Ticker,Name,buy,sell,diff,Branch,Date,Branch_Code
2890,永豐金,146,0,146,群益金鼎-高盛,2023-01-03,9105
6227,茂綸,41,0,41,群益金鼎-高盛,2023-01-03,9105
00641R,富邦日本反1,38,0,38,群益金鼎-高盛,2023-01-03,9105
2023,燁輝,31,0,31,群益金鼎-高盛,2023-01-03,9105
3481,群創,31,3,28,群益金鼎-高盛,2023-01-03,9105
00670L,富邦NASDAQ正2,25,0,25,群益金鼎-高盛,2023-01-03,9105
00646,元大S＆P500,20,0,20,群益金鼎-高盛,2023-01-03,9105
4960,誠美材,20,0,20,群益金鼎-高盛,2023-01-03,9105
2444,兆勁,21,4,17,群益金鼎-高盛,2023-01-03,9105
6111,大宇資,26,10,16,群益金鼎-高盛,2023-01-03,9105
2603,長榮,28,14,14,群益金鼎-高盛,2023-01-03,9105
00632R,元大台灣50反1,16,2,14,群益金鼎-高盛,2023-01-03,9105
3528,安馳,14,0,14,群益金鼎-高盛,2023-01-03,9105
1605,華新,54,41,13,群益金鼎-高盛,2023-01-03,9105
8222,寶一,14,1,13,群益金鼎-高盛,2023-01-03,9105
2892,第一金,15,4,11,群益金鼎-高盛,2023-01-03,9105
3682,亞太電,11,0,11,群益金鼎-高盛,2023-01-03,9105
4114,健喬,20,9,11,群益金鼎-高盛,2023-01-03,9105
00885,富邦越南,10,0,10,群益金鼎-高盛,2023-01-03,9105
00655L,國泰中國A50正2,20,10,10,群益金鼎-高盛,2023-01-03,9105
2388,威盛,12,2,10,群益金鼎-高盛,2023-01-03,9105
3032,偉訓,10,0,10,群益金鼎-高盛,2023-01-03,9105
1701,中化,25,17,8,群益金鼎-高盛,2023-01-03,9105
8027,鈦昇,8,0,8,群益金鼎-高盛,2023-01-03,9105
00633L,富邦上証正2,7,0,7,群益金鼎-高盛,2023-01-03,9105
4157,太景*-KY,10,3,7,群益金鼎-高盛,2023-01-03,9105
2317,鴻海,11,5,6,群益金鼎-高盛,2023-01-03,9105
00679B,元大美債20年,5,0,5,群益金鼎-高盛,2023-01-03,9105
2409,友達,29,24,5,群益金鼎-高盛,2023-01-03,9105
2634,漢翔,6,1,5,群益金鼎-高盛,2023-01-03,9105
2812,台中銀,5,0,5,群益金鼎-高盛,2023-01-03,9105
3444,利機,5,0,5,群益金鼎-高盛,2023-01-03,9105
5465,富驊,5,0,5,群益金鼎-高盛,2023-01-03,9105
6285,啟��,6,1,5,群益金鼎-高盛,2023-01-03,9105
6578,達邦蛋白,5,0,5,群益金鼎-高盛,2023-01-03,9105
4716,大立,4,0,4,群益金鼎-高盛,2023-01-03,9105
2884,玉山金,4,0,4,群益金鼎-高盛,2023-01-03,9105
6531,愛普*,7,3,4,群益金鼎-高盛,2023-01-03,9105
8996,高力,44,41,3,群益金鼎-高盛,2023-01-03,9105
1101,台泥,3,0,3,群益金鼎-高盛,2023-01-03,9105
1909,榮成,3,0,3,群益金鼎-高盛,2023-01-03,9105
2338,光罩,3,0,3,群益金鼎-高盛,2023-01-03,9105
3163,波若威,4,1,3,群益金鼎-高盛,2023-01-03,9105
3705,永信,4,1,3,群益金鼎-高盛,2023-01-03,9105
4919,新唐,3,0,3,群益金鼎-高盛,2023-01-03,9105
6788,華景電,3,0,3,群益金鼎-高盛,2023-01-03,9105
9904,寶成,3,0,3,群益金鼎-高盛,2023-01-03,9105
1519,華城,13,11,2,群益金鼎-高盛,2023-01-03,9105
00878,國泰永續高股息,2,0,2,群益金鼎-高盛,2023-01-03,9105
00753L,中信中國50正2,2,0,2,群益金鼎-高盛,2023-01-03,9105
6248,沛波,193,0,193,群益金鼎-高盛,2023-01-04,9105
00637L,元大滬深300正2,86,14,72,群益金鼎-高盛,2023-01-04,9105
00647L,元大S＆P500正2,40,0,40,群益金鼎-高盛,2023-01-04,9105
2482,連宇,40,0,40,群益金鼎-高盛,2023-01-04,9105
3032,偉訓,40,0,40,群益金鼎-高盛,2023-01-04,9105
2637,慧洋-KY,34,7,27,群益金鼎-高盛,2023-01-04,9105
00878,國泰永續高股息,24,0,24,群益金鼎-高盛,2023-01-04,9105
00641R,富邦日本反1,21,0,21,群益金鼎-高盛,2023-01-04,9105
6227,茂綸,20,0,20,群益金鼎-高盛,2023-01-04,9105
3665,貿聯-KY,18,0,18,群益金鼎-高盛,2023-01-04,9105
2498,宏達電,68,52,16,群益金鼎-高盛,2023-01-04,9105
2884,玉山金,16,0,16,群益金鼎-高盛,2023-01-04,9105
00715L,期街口布蘭特正2,15,0,15,群益金鼎-高盛,2023-01-04,9105
3209,全科,15,0,15,群益金鼎-高盛,2023-01-04,9105
00893,國泰智能電動車,12,0,12,群益金鼎-高盛,2023-01-04,9105
5608,四維航,12,1,11,群益金鼎-高盛,2023-01-04,9105
2609,陽明,13,2,11,群益金鼎-高盛,2023-01-04,9105
2338,光罩,10,0,10,群益金鼎-高盛,2023-01-04,9105
4960,誠美材,10,0,10,群益金鼎-高盛,2023-01-04,9105
8050,廣積,11,1,10,群益金鼎-高盛,2023-01-04,9105
9103,美德醫療-DR,10,0,10,群益金鼎-高盛,2023-01-04,9105
1513,中興電,133,124,9,群益金鼎-高盛,2023-01-04,9105
2317,鴻海,11,3,8,群益金鼎-高盛,2023-01-04,9105
2425,承啟,7,0,7,群益金鼎-高盛,2023-01-04,9105
1718,中纖,7,0,7,群益金鼎-高盛,2023-01-04,9105
3508,位速,7,0,7,群益金鼎-高盛,2023-01-04,9105
6118,建達,13,6,7,群益金鼎-高盛,2023-01-04,9105
4167,松瑞藥,10,4,6,群益金鼎-高盛,2023-01-04,9105
0056,元大高股息,6,0,6,群益金鼎-高盛,2023-01-04,9105
1529,樂事綠能,7,1,6,群益金鼎-高盛,2023-01-04,9105
1609,大亞,12,6,6,群益金鼎-高盛,2023-01-04,9105
3047,訊舟,7,1,6,群益金鼎-高盛,2023-01-04,9105
00679B,元大美債20年,5,0,5,群益金鼎-高盛,2023-01-04,9105
00673R,期元大S＆P原油反1,10,5,5,群益金鼎-高盛,2023-01-04,9105
00670L,富邦NASDAQ正2,5,0,5,群益金鼎-高盛,2023-01-04,9105
1909,榮成,9,4,5,群益金鼎-高盛,2023-01-04,9105
2617,台航,5,0,5,群益金鼎-高盛,2023-01-04,9105
3027,盛達,16,12,4,群益金鼎-高盛,2023-01-04,9105
3504,揚明光,4,0,4,群益金鼎-高盛,2023-01-04,9105
4768,晶呈科技,7,3,4,群益金鼎-高盛,2023-01-04,9105
8401,白紗科,4,0,4,群益金鼎-高盛,2023-01-04,9105
6679,鈺太,5,2,3,群益金鼎-高盛,2023-01-04,9105
00665L,富邦�琤肭磪囓�2,3,0,3,群益金鼎-高盛,2023-01-04,9105
00651R,復華香港反1,3,0,3,群益金鼎-高盛,2023-01-04,9105
1522,堤維西,6,3,3,群益金鼎-高盛,2023-01-04,9105
2316,楠梓電,3,0,3,群益金鼎-高盛,2023-01-04,9105
2392,正崴,3,0,3,群益金鼎-高盛,2023-01-04,9105
2618,長榮航,7,4,3,群益金鼎-高盛,2023-01-04,9105
2929,淘帝-KY,4,1,3,群益金鼎-高盛,2023-01-04,9105
3454,晶睿,5,2,3,群益金鼎-高盛,2023-01-04,9105
1815,富喬,30,0,30,群益金鼎-高盛,2023-01-05,9105
0056,元大高股息,30,1,29,群益金鼎-高盛,2023-01-05,9105
5009,榮剛,30,3,27,群益金鼎-高盛,2023-01-05,9105
6248,沛波,27,0,27,群益金鼎-高盛,2023-01-05,9105
00715L,期街口布蘭特正2,26,1,25,群益金鼎-高盛,2023-01-05,9105
1909,榮成,23,2,21,群益金鼎-高盛,2023-01-05,9105
00753L,中信中國50正2,85,65,20,群益金鼎-高盛,2023-01-05,9105
2534,宏盛,20,0,20,群益金鼎-高盛,2023-01-05,9105
1504,東元,18,0,18,群益金鼎-高盛,2023-01-05,9105
6233,旺玖,11,0,11,群益金鼎-高盛,2023-01-05,9105
8050,廣積,19,8,11,群益金鼎-高盛,2023-01-05,9105
1701,中化,12,2,10,群益金鼎-高盛,2023-01-05,9105
1447,力鵬,10,0,10,群益金鼎-高盛,2023-01-05,9105
2489,瑞軒,10,0,10,群益金鼎-高盛,2023-01-05,9105
1506,正道,10,0,10,群益金鼎-高盛,2023-01-05,9105
8069,元太,11,1,10,群益金鼎-高盛,2023-01-05,9105
6180,橘子,20,11,9,群益金鼎-高盛,2023-01-05,9105
2618,長榮航,9,1,8,群益金鼎-高盛,2023-01-05,9105
4114,健喬,84,76,8,群益金鼎-高盛,2023-01-05,9105
3027,盛達,12,5,7,群益金鼎-高盛,2023-01-05,9105
3479,安勤,40,33,7,群益金鼎-高盛,2023-01-05,9105
3693,營邦,18,11,7,群益金鼎-高盛,2023-01-05,9105
2317,鴻海,13,6,7,群益金鼎-高盛,2023-01-05,9105
00772B,中信高評級公司債,7,1,6,群益金鼎-高盛,2023-01-05,9105
1417,嘉裕,6,0,6,群益金鼎-高盛,2023-01-05,9105
00679B,元大美債20年,6,0,6,群益金鼎-高盛,2023-01-05,9105
2313,華通,7,1,6,群益金鼎-高盛,2023-01-05,9105
3083,網龍,9,3,6,群益金鼎-高盛,2023-01-05,9105
3380,明泰,6,0,6,群益金鼎-高盛,2023-01-05,9105
8027,鈦昇,6,0,6,群益金鼎-高盛,2023-01-05,9105
8420,明揚,6,0,6,群益金鼎-高盛,2023-01-05,9105
00881,國泰台灣5G+,5,0,5,群益金鼎-高盛,2023-01-05,9105
1216,統一,5,0,5,群益金鼎-高盛,2023-01-05,9105
1444,力麗,6,1,5,群益金鼎-高盛,2023-01-05,9105
1522,堤維西,5,0,5,群益金鼎-高盛,2023-01-05,9105
1584,精剛,8,3,5,群益金鼎-高盛,2023-01-05,9105
2481,強茂,5,0,5,群益金鼎-高盛,2023-01-05,9105
2801,彰銀,5,0,5,群益金鼎-高盛,2023-01-05,9105
3149,正達,5,0,5,群益金鼎-高盛,2023-01-05,9105
5469,瀚宇博,5,0,5,群益金鼎-高盛,2023-01-05,9105
6129,普誠,5,0,5,群益金鼎-高盛,2023-01-05,9105
6533,晶心科,6,1,5,群益金鼎-高盛,2023-01-05,9105
00633L,富邦上証正2,5,0,5,群益金鼎-高盛,2023-01-05,9105
6118,建達,8,4,4,群益金鼎-高盛,2023-01-05,9105
2867,三商壽,9,5,4,群益金鼎-高盛,2023-01-05,9105
00632R,元大台灣50反1,116,112,4,群益金鼎-高盛,2023-01-05,9105
1215,卜蜂,4,0,4,群益金鼎-高盛,2023-01-05,9105
3508,位速,4,0,4,群益金鼎-高盛,2023-01-05,9105
2230,泰茂,6,2,4,群益金鼎-高盛,2023-01-05,9105
00720B,元大投資級公司債,3,0,3,群益金鼎-高盛,2023-01-05,9105
00632R,元大台灣50反1,319,0,319,群益金鼎-高盛,2023-01-06,9105
1709,和益,50,0,50,群益金鼎-高盛,2023-01-06,9105
2498,宏達電,44,11,33,群益金鼎-高盛,2023-01-06,9105
1314,中石化,19,0,19,群益金鼎-高盛,2023-01-06,9105
2603,長榮,24,7,17,群益金鼎-高盛,2023-01-06,9105
00893,國泰智能電動車,16,0,16,群益金鼎-高盛,2023-01-06,9105
6248,沛波,16,0,16,群益金鼎-高盛,2023-01-06,9105
2313,華通,13,1,12,群益金鼎-高盛,2023-01-06,9105
6227,茂綸,12,0,12,群益金鼎-高盛,2023-01-06,9105
2409,友達,24,12,12,群益金鼎-高盛,2023-01-06,9105
3037,欣興,18,6,12,群益金鼎-高盛,2023-01-06,9105
2330,台積電,11,0,11,群益金鼎-高盛,2023-01-06,9105
00720B,元大投資級公司債,11,0,11,群益金鼎-高盛,2023-01-06,9105
1467,南緯,10,0,10,群益金鼎-高盛,2023-01-06,9105
1236,宏亞,10,0,10,群益金鼎-高盛,2023-01-06,9105
1752,南光,50,40,10,群益金鼎-高盛,2023-01-06,9105
3515,華擎,13,4,9,群益金鼎-高盛,2023-01-06,9105
00892,富邦台灣半導體,8,0,8,群益金鼎-高盛,2023-01-06,9105
6197,佳必琪,8,0,8,群益金鼎-高盛,2023-01-06,9105
00665L,富邦�琤肭磪囓�2,7,0,7,群益金鼎-高盛,2023-01-06,9105
2731,雄獅,7,0,7,群益金鼎-高盛,2023-01-06,9105
6109,亞元,7,0,7,群益金鼎-高盛,2023-01-06,9105
2208,台船,6,0,6,群益金鼎-高盛,2023-01-06,9105
2317,鴻海,8,2,6,群益金鼎-高盛,2023-01-06,9105
2609,陽明,8,2,6,群益金鼎-高盛,2023-01-06,9105
3083,網龍,7,1,6,群益金鼎-高盛,2023-01-06,9105
00679B,元大美債20年,5,0,5,群益金鼎-高盛,2023-01-06,9105
00655L,國泰中國A50正2,5,0,5,群益金鼎-高盛,2023-01-06,9105
2614,東森,5,0,5,群益金鼎-高盛,2023-01-06,9105
2809,京城銀,5,0,5,群益金鼎-高盛,2023-01-06,9105
3014,聯陽,5,0,5,群益金鼎-高盛,2023-01-06,9105
3059,華晶科,5,0,5,群益金鼎-高盛,2023-01-06,9105
3592,瑞鼎,6,1,5,群益金鼎-高盛,2023-01-06,9105
6176,瑞儀,6,1,5,群益金鼎-高盛,2023-01-06,9105
9958,世紀鋼,5,0,5,群益金鼎-高盛,2023-01-06,9105
1513,中興電,18,14,4,群益金鼎-高盛,2023-01-06,9105
1101,台泥,4,0,4,群益金鼎-高盛,2023-01-06,9105
00651R,復華香港反1,4,0,4,群益金鼎-高盛,2023-01-06,9105
1605,華新,38,34,4,群益金鼎-高盛,2023-01-06,9105
3713,新晶投控,4,0,4,群益金鼎-高盛,2023-01-06,9105
1701,中化,12,8,4,群益金鼎-高盛,2023-01-06,9105
3704,合勤控,8,5,3,群益金鼎-高盛,2023-01-06,9105
00885,富邦越南,3,0,3,群益金鼎-高盛,2023-01-06,9105
00738U,期元大道瓊白銀,3,0,3,群益金鼎-高盛,2023-01-06,9105
2023,燁輝,3,0,3,群益金鼎-高盛,2023-01-06,9105
2605,新興,3,0,3,群益金鼎-高盛,2023-01-06,9105
3594,磐儀,3,0,3,群益金鼎-高盛,2023-01-06,9105
4931,新盛力,3,0,3,群益金鼎-高盛,2023-01-06,9105
8215,明基材,3,0,3,群益金鼎-高盛,2023-01-06,9105
9955,佳龍,4,1,3,群益金鼎-高盛,2023-01-06,9105
2002,中鋼,122,36,86,群益金鼎-高盛,2023-01-09,9105
6227,茂綸,76,0,76,群益金鼎-高盛,2023-01-09,9105
2313,華通,74,4,70,群益金鼎-高盛,2023-01-09,9105
00632R,元大台灣50反1,84,19,65,群益金鼎-高盛,2023-01-09,9105
5465,富驊,60,0,60,群益金鼎-高盛,2023-01-09,9105
1605,華新,80,48,32,群益金鼎-高盛,2023-01-09,9105
2014,中鴻,38,6,32,群益金鼎-高盛,2023-01-09,9105
00670L,富邦NASDAQ正2,29,0,29,群益金鼎-高盛,2023-01-09,9105
6139,亞翔,20,4,16,群益金鼎-高盛,2023-01-09,9105
00655L,國泰中國A50正2,15,0,15,群益金鼎-高盛,2023-01-09,9105
1529,樂事綠能,15,3,12,群益金鼎-高盛,2023-01-09,9105
3545,敦泰,11,0,11,群益金鼎-高盛,2023-01-09,9105
4114,健喬,124,113,11,群益金鼎-高盛,2023-01-09,9105
2007,燁興,10,0,10,群益金鼎-高盛,2023-01-09,9105
2344,華邦電,10,0,10,群益金鼎-高盛,2023-01-09,9105
2349,錸德,10,0,10,群益金鼎-高盛,2023-01-09,9105
2419,仲琦,24,14,10,群益金鼎-高盛,2023-01-09,9105
6672,騰輝電子-KY,10,0,10,群益金鼎-高盛,2023-01-09,9105
8076,伍豐,10,0,10,群益金鼎-高盛,2023-01-09,9105
3481,群創,14,5,9,群益金鼎-高盛,2023-01-09,9105
1708,東鹼,8,0,8,群益金鼎-高盛,2023-01-09,9105
4979,華星光,8,0,8,群益金鼎-高盛,2023-01-09,9105
6770,力積電,12,4,8,群益金鼎-高盛,2023-01-09,9105
8069,元太,19,11,8,群益金鼎-高盛,2023-01-09,9105
4971,IET-KY,7,0,7,群益金鼎-高盛,2023-01-09,9105
1236,宏亞,6,0,6,群益金鼎-高盛,2023-01-09,9105
4128,中天,6,0,6,群益金鼎-高盛,2023-01-09,9105
2867,三商壽,5,0,5,群益金鼎-高盛,2023-01-09,9105
1342,八貫,5,0,5,群益金鼎-高盛,2023-01-09,9105
1732,毛寶,5,0,5,群益金鼎-高盛,2023-01-09,9105
2461,光群雷,5,0,5,群益金鼎-高盛,2023-01-09,9105
2618,長榮航,10,5,5,群益金鼎-高盛,2023-01-09,9105
3535,晶彩科,6,1,5,群益金鼎-高盛,2023-01-09,9105
6150,撼訊,7,2,5,群益金鼎-高盛,2023-01-09,9105
6248,沛波,5,0,5,群益金鼎-高盛,2023-01-09,9105
8086,宏捷科,5,0,5,群益金鼎-高盛,2023-01-09,9105
3081,聯亞,5,0,5,群益金鼎-高盛,2023-01-09,9105
6176,瑞儀,4,0,4,群益金鼎-高盛,2023-01-09,9105
00679B,元大美債20年,4,0,4,群益金鼎-高盛,2023-01-09,9105
2028,威致,4,0,4,群益金鼎-高盛,2023-01-09,9105
5347,世界,5,1,4,群益金鼎-高盛,2023-01-09,9105
5371,中光電,4,0,4,群益金鼎-高盛,2023-01-09,9105
6274,台燿,7,3,4,群益金鼎-高盛,2023-01-09,9105
9103,美德醫療-DR,4,0,4,群益金鼎-高盛,2023-01-09,9105
1609,大亞,4,0,4,群益金鼎-高盛,2023-01-09,9105
1786,科妍,3,0,3,群益金鼎-高盛,2023-01-09,9105
4968,立積,5,2,3,群益金鼎-高盛,2023-01-09,9105
00892,富邦台灣半導體,5,2,3,群益金鼎-高盛,2023-01-09,9105
00651R,復華香港反1,3,0,3,群益金鼎-高盛,2023-01-09,9105
2206,三陽工業,3,0,3,群益金鼎-高盛,2023-01-09,9105
2883,凱基金,200,4,196,群益金鼎-高盛,2023-01-10,9105
2882,國泰金,101,3,98,群益金鼎-高盛,2023-01-10,9105
6248,沛波,59,0,59,群益金鼎-高盛,2023-01-10,9105
2609,陽明,31,14,17,群益金鼎-高盛,2023-01-10,9105
6227,茂綸,15,0,15,群益金鼎-高盛,2023-01-10,9105
6271,同欣電,15,0,15,群益金鼎-高盛,2023-01-10,9105
2313,華通,11,0,11,群益金鼎-高盛,2023-01-10,9105
2421,建準,12,1,11,群益金鼎-高盛,2023-01-10,9105
2618,長榮航,11,0,11,群益金鼎-高盛,2023-01-10,9105
3577,泓格,11,0,11,群益金鼎-高盛,2023-01-10,9105
00720B,元大投資級公司債,10,0,10,群益金鼎-高盛,2023-01-10,9105
3224,三顧,10,0,10,群益金鼎-高盛,2023-01-10,9105
6550,北極星藥業-KY,9,0,9,群益金鼎-高盛,2023-01-10,9105
00633L,富邦上証正2,12,4,8,群益金鼎-高盛,2023-01-10,9105
00878,國泰永續高股息,10,2,8,群益金鼎-高盛,2023-01-10,9105
6129,普誠,7,0,7,群益金鼎-高盛,2023-01-10,9105
00715L,期街口布蘭特正2,6,0,6,群益金鼎-高盛,2023-01-10,9105
2603,長榮,7,1,6,群益金鼎-高盛,2023-01-10,9105
6176,瑞儀,6,0,6,群益金鼎-高盛,2023-01-10,9105
6770,力積電,6,0,6,群益金鼎-高盛,2023-01-10,9105
2002,中鋼,6,0,6,群益金鼎-高盛,2023-01-10,9105
3481,群創,6,0,6,群益金鼎-高盛,2023-01-10,9105
0056,元大高股息,6,1,5,群益金鼎-高盛,2023-01-10,9105
00891,中信關鍵半導體,5,0,5,群益金鼎-高盛,2023-01-10,9105
1904,正隆,5,0,5,群益金鼎-高盛,2023-01-10,9105
2069,運錩,5,0,5,群益金鼎-高盛,2023-01-10,9105
2353,宏��,5,0,5,群益金鼎-高盛,2023-01-10,9105
3706,神達,5,0,5,群益金鼎-高盛,2023-01-10,9105
4102,永日,5,0,5,群益金鼎-高盛,2023-01-10,9105
4168,醣聯,5,0,5,群益金鼎-高盛,2023-01-10,9105
5465,富驊,5,0,5,群益金鼎-高盛,2023-01-10,9105
4114,健喬,14,10,4,群益金鼎-高盛,2023-01-10,9105
1236,宏亞,4,0,4,群益金鼎-高盛,2023-01-10,9105
1815,富喬,4,0,4,群益金鼎-高盛,2023-01-10,9105
2028,威致,5,1,4,群益金鼎-高盛,2023-01-10,9105
4924,欣厚-KY,4,0,4,群益金鼎-高盛,2023-01-10,9105
6139,亞翔,4,0,4,群益金鼎-高盛,2023-01-10,9105
6741,91APP*-KY,8,4,4,群益金鼎-高盛,2023-01-10,9105
8358,金居,36,32,4,群益金鼎-高盛,2023-01-10,9105
5608,四維航,5,1,4,群益金鼎-高盛,2023-01-10,9105
5324,士開,3,0,3,群益金鼎-高盛,2023-01-10,9105
1708,東鹼,3,0,3,群益金鼎-高盛,2023-01-10,9105
1736,喬山,6,3,3,群益金鼎-高盛,2023-01-10,9105
2312,金寶,3,0,3,群益金鼎-高盛,2023-01-10,9105
2610,華航,5,2,3,群益金鼎-高盛,2023-01-10,9105
2634,漢翔,3,0,3,群益金鼎-高盛,2023-01-10,9105
4126,太醫,3,0,3,群益金鼎-高盛,2023-01-10,9105
4746,台耀,3,0,3,群益金鼎-高盛,2023-01-10,9105
4919,新唐,8,5,3,群益金鼎-高盛,2023-01-10,9105
4974,亞泰,6,3,3,群益金鼎-高盛,2023-01-10,9105
2897,王道銀行,240,12,228,群益金鼎-高盛,2023-01-11,9105
5465,富驊,103,3,100,群益金鼎-高盛,2023-01-11,9105
3664,安瑞-KY,94,0,94,群益金鼎-高盛,2023-01-11,9105
2444,兆勁,70,0,70,群益金鼎-高盛,2023-01-11,9105
2890,永豐金,70,0,70,群益金鼎-高盛,2023-01-11,9105
2482,連宇,48,3,45,群益金鼎-高盛,2023-01-11,9105
2537,聯上發,40,0,40,群益金鼎-高盛,2023-01-11,9105
6248,沛波,22,0,22,群益金鼎-高盛,2023-01-11,9105
2618,長榮航,30,8,22,群益金鼎-高盛,2023-01-11,9105
00633L,富邦上証正2,20,0,20,群益金鼎-高盛,2023-01-11,9105
8050,廣積,22,6,16,群益金鼎-高盛,2023-01-11,9105
3704,合勤控,38,23,15,群益金鼎-高盛,2023-01-11,9105
3628,盈正,14,0,14,群益金鼎-高盛,2023-01-11,9105
4979,華星光,45,32,13,群益金鼎-高盛,2023-01-11,9105
3528,安馳,12,0,12,群益金鼎-高盛,2023-01-11,9105
00878,國泰永續高股息,12,1,11,群益金鼎-高盛,2023-01-11,9105
4950,牧東,10,0,10,群益金鼎-高盛,2023-01-11,9105
6182,合晶,13,3,10,群益金鼎-高盛,2023-01-11,9105
2002,中鋼,13,4,9,群益金鼎-高盛,2023-01-11,9105
2328,廣宇,8,0,8,群益金鼎-高盛,2023-01-11,9105
4924,欣厚-KY,8,0,8,群益金鼎-高盛,2023-01-11,9105
4167,松瑞藥,8,1,7,群益金鼎-高盛,2023-01-11,9105
6806,森崴能源,8,1,7,群益金鼎-高盛,2023-01-11,9105
1514,亞力,7,1,6,群益金鼎-高盛,2023-01-11,9105
4974,亞泰,12,6,6,群益金鼎-高盛,2023-01-11,9105
2867,三商壽,5,0,5,群益金鼎-高盛,2023-01-11,9105
2495,普安,5,0,5,群益金鼎-高盛,2023-01-11,9105
3032,偉訓,5,0,5,群益金鼎-高盛,2023-01-11,9105
3490,單井,5,0,5,群益金鼎-高盛,2023-01-11,9105
6111,大宇資,6,1,5,群益金鼎-高盛,2023-01-11,9105
6443,元晶,10,5,5,群益金鼎-高盛,2023-01-11,9105
9802,鈺齊-KY,5,0,5,群益金鼎-高盛,2023-01-11,9105
00679B,元大美債20年,4,0,4,群益金鼎-高盛,2023-01-11,9105
1305,華夏,11,7,4,群益金鼎-高盛,2023-01-11,9105
1513,中興電,12,8,4,群益金鼎-高盛,2023-01-11,9105
2013,中鋼構,4,0,4,群益金鼎-高盛,2023-01-11,9105
2402,毅嘉,4,0,4,群益金鼎-高盛,2023-01-11,9105
2609,陽明,11,7,4,群益金鼎-高盛,2023-01-11,9105
2731,雄獅,7,3,4,群益金鼎-高盛,2023-01-11,9105
4915,致伸,4,0,4,群益金鼎-高盛,2023-01-11,9105
3594,磐儀,11,7,4,群益金鼎-高盛,2023-01-11,9105
2915,潤泰全,4,0,4,群益金鼎-高盛,2023-01-11,9105
1701,中化,10,7,3,群益金鼎-高盛,2023-01-11,9105
1102,亞泥,3,0,3,群益金鼎-高盛,2023-01-11,9105
2855,統一證,3,0,3,群益金鼎-高盛,2023-01-11,9105
2888,新光金,3,0,3,群益金鼎-高盛,2023-01-11,9105
3443,創意,8,5,3,群益金鼎-高盛,2023-01-11,9105
3691,碩禾,3,0,3,群益金鼎-高盛,2023-01-11,9105
5608,四維航,3,0,3,群益金鼎-高盛,2023-01-11,9105
6175,立敦,3,0,3,群益金鼎-高盛,2023-01-11,9105
00632R,元大台灣50反1,211,0,211,群益金鼎-高盛,2023-01-12,9105
00637L,元大滬深300正2,324,230,94,群益金鼎-高盛,2023-01-12,9105
2609,陽明,51,7,44,群益金鼎-高盛,2023-01-12,9105
5465,富驊,41,0,41,群益金鼎-高盛,2023-01-12,9105
6227,茂綸,53,17,36,群益金鼎-高盛,2023-01-12,9105
00670L,富邦NASDAQ正2,35,0,35,群益金鼎-高盛,2023-01-12,9105
00882,中信中國高股息,29,0,29,群益金鼎-高盛,2023-01-12,9105
00878,國泰永續高股息,28,0,28,群益金鼎-高盛,2023-01-12,9105
2498,宏達電,51,30,21,群益金鼎-高盛,2023-01-12,9105
6248,沛波,21,0,21,群益金鼎-高盛,2023-01-12,9105
00715L,期街口布蘭特正2,22,2,20,群益金鼎-高盛,2023-01-12,9105
2482,連宇,20,0,20,群益金鼎-高盛,2023-01-12,9105
2534,宏盛,20,0,20,群益金鼎-高盛,2023-01-12,9105
2748,雲品,20,3,17,群益金鼎-高盛,2023-01-12,9105
00633L,富邦上証正2,15,0,15,群益金鼎-高盛,2023-01-12,9105
2412,中華電,14,0,14,群益金鼎-高盛,2023-01-12,9105
8027,鈦昇,12,0,12,群益金鼎-高盛,2023-01-12,9105
9103,美德醫療-DR,11,0,11,群益金鼎-高盛,2023-01-12,9105
2610,華航,10,0,10,群益金鼎-高盛,2023-01-12,9105
00680L,元大美債20正2,10,0,10,群益金鼎-高盛,2023-01-12,9105
2892,第一金,8,0,8,群益金鼎-高盛,2023-01-12,9105
3628,盈正,8,0,8,群益金鼎-高盛,2023-01-12,9105
2633,台灣高鐵,7,0,7,群益金鼎-高盛,2023-01-12,9105
3037,欣興,8,1,7,群益金鼎-高盛,2023-01-12,9105
3594,磐儀,7,0,7,群益金鼎-高盛,2023-01-12,9105
4743,合一,8,1,7,群益金鼎-高盛,2023-01-12,9105
1612,宏泰,6,0,6,群益金鼎-高盛,2023-01-12,9105
4536,拓凱,6,0,6,群益金鼎-高盛,2023-01-12,9105
9945,潤泰新,6,0,6,群益金鼎-高盛,2023-01-12,9105
6245,立端,25,20,5,群益金鼎-高盛,2023-01-12,9105
2891,中信金,5,0,5,群益金鼎-高盛,2023-01-12,9105
1313,聯成,9,4,5,群益金鼎-高盛,2023-01-12,9105
00738U,期元大道瓊白銀,5,0,5,群益金鼎-高盛,2023-01-12,9105
1336,台翰,5,0,5,群益金鼎-高盛,2023-01-12,9105
1605,華新,81,76,5,群益金鼎-高盛,2023-01-12,9105
2201,裕隆,6,1,5,群益金鼎-高盛,2023-01-12,9105
2313,華通,6,1,5,群益金鼎-高盛,2023-01-12,9105
2367,燿華,7,2,5,群益金鼎-高盛,2023-01-12,9105
2444,兆勁,16,11,5,群益金鼎-高盛,2023-01-12,9105
2515,中工,5,0,5,群益金鼎-高盛,2023-01-12,9105
2915,潤泰全,5,0,5,群益金鼎-高盛,2023-01-12,9105
3605,宏致,5,0,5,群益金鼎-高盛,2023-01-12,9105
4974,亞泰,7,2,5,群益金鼎-高盛,2023-01-12,9105
6829,千附精密,5,0,5,群益金鼎-高盛,2023-01-12,9105
8050,廣積,13,8,5,群益金鼎-高盛,2023-01-12,9105
9919,康那香,5,0,5,群益金鼎-高盛,2023-01-12,9105
2468,華經,22,17,5,群益金鼎-高盛,2023-01-12,9105
2421,建準,4,0,4,群益金鼎-高盛,2023-01-12,9105
3032,偉訓,4,0,4,群益金鼎-高盛,2023-01-12,9105
6190,萬泰科,4,0,4,群益金鼎-高盛,2023-01-12,9105
8033,雷虎,65,0,65,群益金鼎-高盛,2023-01-13,9105
5465,富驊,32,0,32,群益金鼎-高盛,2023-01-13,9105
00632R,元大台灣50反1,67,36,31,群益金鼎-高盛,2023-01-13,9105
9103,美德醫療-DR,31,1,30,群益金鼎-高盛,2023-01-13,9105
00720B,元大投資級公司債,21,0,21,群益金鼎-高盛,2023-01-13,9105
2498,宏達電,32,12,20,群益金鼎-高盛,2023-01-13,9105
2534,宏盛,20,0,20,群益金鼎-高盛,2023-01-13,9105
3545,敦泰,21,1,20,群益金鼎-高盛,2023-01-13,9105
5483,中美晶,20,1,19,群益金鼎-高盛,2023-01-13,9105
00633L,富邦上証正2,18,0,18,群益金鼎-高盛,2023-01-13,9105
3209,全科,20,2,18,群益金鼎-高盛,2023-01-13,9105
2342,茂矽,17,0,17,群益金鼎-高盛,2023-01-13,9105
00646,元大S＆P500,15,0,15,群益金鼎-高盛,2023-01-13,9105
3528,安馳,15,0,15,群益金鼎-高盛,2023-01-13,9105
2609,陽明,17,4,13,群益金鼎-高盛,2023-01-13,9105
00713,元大台灣高息低波,11,0,11,群益金鼎-高盛,2023-01-13,9105
00885,富邦越南,10,0,10,群益金鼎-高盛,2023-01-13,9105
00680L,元大美債20正2,10,0,10,群益金鼎-高盛,2023-01-13,9105
3714,富采,12,2,10,群益金鼎-高盛,2023-01-13,9105
2405,輔信,8,0,8,群益金鼎-高盛,2023-01-13,9105
9919,康那香,8,1,7,群益金鼎-高盛,2023-01-13,9105
4906,正文,6,0,6,群益金鼎-高盛,2023-01-13,9105
2607,榮運,6,0,6,群益金鼎-高盛,2023-01-13,9105
00673R,期元大S＆P原油反1,6,0,6,群益金鼎-高盛,2023-01-13,9105
1612,宏泰,6,0,6,群益金鼎-高盛,2023-01-13,9105
2892,第一金,6,0,6,群益金鼎-高盛,2023-01-13,9105
3013,晟銘電,6,0,6,群益金鼎-高盛,2023-01-13,9105
4114,健喬,10,4,6,群益金鼎-高盛,2023-01-13,9105
1325,恆大,5,0,5,群益金鼎-高盛,2023-01-13,9105
00665L,富邦�琤肭磪囓�2,5,0,5,群益金鼎-高盛,2023-01-13,9105
1909,榮成,5,0,5,群益金鼎-高盛,2023-01-13,9105
2337,旺宏,5,0,5,群益金鼎-高盛,2023-01-13,9105
2495,普安,5,0,5,群益金鼎-高盛,2023-01-13,9105
4123,晟德,5,0,5,群益金鼎-高盛,2023-01-13,9105
6111,大宇資,9,4,5,群益金鼎-高盛,2023-01-13,9105
6829,千附精密,5,0,5,群益金鼎-高盛,2023-01-13,9105
8050,廣積,8,3,5,群益金鼎-高盛,2023-01-13,9105
00669R,國泰美國道瓊反1,4,0,4,群益金鼎-高盛,2023-01-13,9105
1560,中砂,7,3,4,群益金鼎-高盛,2023-01-13,9105
2883,凱基金,7,3,4,群益金鼎-高盛,2023-01-13,9105
3576,聯合再生,4,0,4,群益金鼎-高盛,2023-01-13,9105
3704,合勤控,5,1,4,群益金鼎-高盛,2023-01-13,9105
6788,華景電,8,4,4,群益金鼎-高盛,2023-01-13,9105
00712,復華富時不動產,3,0,3,群益金鼎-高盛,2023-01-13,9105
00679B,元大美債20年,10,7,3,群益金鼎-高盛,2023-01-13,9105
2032,新鋼,3,0,3,群益金鼎-高盛,2023-01-13,9105
2421,建準,3,0,3,群益金鼎-高盛,2023-01-13,9105
3624,光頡,6,3,3,群益金鼎-高盛,2023-01-13,9105
3673,TPK-KY,3,0,3,群益金鼎-高盛,2023-01-13,9105
3707,漢磊,3,0,3,群益金鼎-高盛,2023-01-13,9105
2883,凱基金,201,4,197,群益金鼎-高盛,2023-01-16,9105
2461,光群雷,150,0,150,群益金鼎-高盛,2023-01-16,9105
6770,力積電,65,8,57,群益金鼎-高盛,2023-01-16,9105
6257,矽格,50,0,50,群益金鼎-高盛,2023-01-16,9105
00633L,富邦上証正2,37,2,35,群益金鼎-高盛,2023-01-16,9105
2324,仁寶,30,0,30,群益金鼎-高盛,2023-01-16,9105
2317,鴻海,29,3,26,群益金鼎-高盛,2023-01-16,9105
2534,宏盛,20,0,20,群益金鼎-高盛,2023-01-16,9105
3528,安馳,20,0,20,群益金鼎-高盛,2023-01-16,9105
00632R,元大台灣50反1,21,2,19,群益金鼎-高盛,2023-01-16,9105
2444,兆勁,20,1,19,群益金鼎-高盛,2023-01-16,9105
3624,光頡,15,0,15,群益金鼎-高盛,2023-01-16,9105
2014,中鴻,20,7,13,群益金鼎-高盛,2023-01-16,9105
00680L,元大美債20正2,10,0,10,群益金鼎-高盛,2023-01-16,9105
8105,凌巨,10,0,10,群益金鼎-高盛,2023-01-16,9105
00712,復華富時不動產,8,0,8,群益金鼎-高盛,2023-01-16,9105
2607,榮運,8,0,8,群益金鼎-高盛,2023-01-16,9105
2702,華園,6,0,6,群益金鼎-高盛,2023-01-16,9105
6248,沛波,6,0,6,群益金鼎-高盛,2023-01-16,9105
2610,華航,11,6,5,群益金鼎-高盛,2023-01-16,9105
00646,元大S＆P500,5,0,5,群益金鼎-高盛,2023-01-16,9105
00665L,富邦�琤肭磪囓�2,5,0,5,群益金鼎-高盛,2023-01-16,9105
1504,東元,5,0,5,群益金鼎-高盛,2023-01-16,9105
2062,橋椿,5,0,5,群益金鼎-高盛,2023-01-16,9105
2208,台船,5,0,5,群益金鼎-高盛,2023-01-16,9105
2436,偉詮電,5,0,5,群益金鼎-高盛,2023-01-16,9105
2845,遠東銀,12,7,5,群益金鼎-高盛,2023-01-16,9105
2405,輔信,4,0,4,群益金鼎-高盛,2023-01-16,9105
00772B,中信高評級公司債,4,0,4,群益金鼎-高盛,2023-01-16,9105
1536,和大,5,1,4,群益金鼎-高盛,2023-01-16,9105
2009,第一銅,5,1,4,群益金鼎-高盛,2023-01-16,9105
3521,鴻翊,5,1,4,群益金鼎-高盛,2023-01-16,9105
2603,長榮,6,2,4,群益金鼎-高盛,2023-01-16,9105
1514,亞力,5,1,4,群益金鼎-高盛,2023-01-16,9105
4739,康普,4,0,4,群益金鼎-高盛,2023-01-16,9105
00882,中信中國高股息,5,2,3,群益金鼎-高盛,2023-01-16,9105
1709,和益,3,0,3,群益金鼎-高盛,2023-01-16,9105
1909,榮成,3,0,3,群益金鼎-高盛,2023-01-16,9105
2731,雄獅,3,0,3,群益金鼎-高盛,2023-01-16,9105
3628,盈正,3,0,3,群益金鼎-高盛,2023-01-16,9105
3675,德微,10,7,3,群益金鼎-高盛,2023-01-16,9105
4114,健喬,13,10,3,群益金鼎-高盛,2023-01-16,9105
6155,鈞寶,6,3,3,群益金鼎-高盛,2023-01-16,9105
6274,台燿,10,7,3,群益金鼎-高盛,2023-01-16,9105
3714,富采,2,0,2,群益金鼎-高盛,2023-01-16,9105
00701,國泰股利精選30,2,0,2,群益金鼎-高盛,2023-01-16,9105
00881,國泰台灣5G+,2,0,2,群益金鼎-高盛,2023-01-16,9105
00669R,國泰美國道瓊反1,2,0,2,群益金鼎-高盛,2023-01-16,9105
1795,美時,4,2,2,群益金鼎-高盛,2023-01-16,9105
2313,華通,3,1,2,群益金鼎-高盛,2023-01-16,9105
2534,宏盛,60,0,60,群益金鼎-高盛,2023-01-17,9105
6558,興能高,15,0,15,群益金鼎-高盛,2023-01-17,9105
00632R,元大台灣50反1,18,4,14,群益金鼎-高盛,2023-01-17,9105
9919,康那香,14,0,14,群益金鼎-高盛,2023-01-17,9105
2610,華航,21,9,12,群益金鼎-高盛,2023-01-17,9105
1319,東陽,12,0,12,群益金鼎-高盛,2023-01-17,9105
2834,臺企銀,11,0,11,群益金鼎-高盛,2023-01-17,9105
3682,亞太電,10,0,10,群益金鼎-高盛,2023-01-17,9105
00664R,國泰臺灣加權反1,10,0,10,群益金鼎-高盛,2023-01-17,9105
1201,味全,10,0,10,群益金鼎-高盛,2023-01-17,9105
6111,大宇資,10,0,10,群益金鼎-高盛,2023-01-17,9105
6245,立端,11,1,10,群益金鼎-高盛,2023-01-17,9105
2884,玉山金,9,0,9,群益金鼎-高盛,2023-01-17,9105
3624,光頡,10,1,9,群益金鼎-高盛,2023-01-17,9105
4114,健喬,20,11,9,群益金鼎-高盛,2023-01-17,9105
1101,台泥,10,2,8,群益金鼎-高盛,2023-01-17,9105
1708,東鹼,8,0,8,群益金鼎-高盛,2023-01-17,9105
2618,長榮航,9,1,8,群益金鼎-高盛,2023-01-17,9105
00882,中信中國高股息,11,3,8,群益金鼎-高盛,2023-01-17,9105
4128,中天,10,2,8,群益金鼎-高盛,2023-01-17,9105
2028,威致,8,0,8,群益金鼎-高盛,2023-01-17,9105
2317,鴻海,7,0,7,群益金鼎-高盛,2023-01-17,9105
00665L,富邦�琤肭磪囓�2,7,0,7,群益金鼎-高盛,2023-01-17,9105
1529,樂事綠能,11,4,7,群益金鼎-高盛,2023-01-17,9105
2014,中鴻,25,18,7,群益金鼎-高盛,2023-01-17,9105
2888,新光金,12,5,7,群益金鼎-高盛,2023-01-17,9105
3594,磐儀,7,0,7,群益金鼎-高盛,2023-01-17,9105
00650L,復華香港正2,6,0,6,群益金鼎-高盛,2023-01-17,9105
2405,輔信,6,0,6,群益金鼎-高盛,2023-01-17,9105
3209,全科,6,0,6,群益金鼎-高盛,2023-01-17,9105
4120,友華,6,0,6,群益金鼎-高盛,2023-01-17,9105
6789,采鈺,6,1,5,群益金鼎-高盛,2023-01-17,9105
1314,中石化,5,0,5,群益金鼎-高盛,2023-01-17,9105
1612,宏泰,5,0,5,群益金鼎-高盛,2023-01-17,9105
6531,愛普*,7,2,5,群益金鼎-高盛,2023-01-17,9105
6770,力積電,12,7,5,群益金鼎-高盛,2023-01-17,9105
6829,千附精密,5,0,5,群益金鼎-高盛,2023-01-17,9105
1514,亞力,5,0,5,群益金鼎-高盛,2023-01-17,9105
1605,華新,10,5,5,群益金鼎-高盛,2023-01-17,9105
8069,元太,13,9,4,群益金鼎-高盛,2023-01-17,9105
00679B,元大美債20年,4,0,4,群益金鼎-高盛,2023-01-17,9105
00878,國泰永續高股息,8,4,4,群益金鼎-高盛,2023-01-17,9105
2409,友達,8,4,4,群益金鼎-高盛,2023-01-17,9105
2412,中華電,4,0,4,群益金鼎-高盛,2023-01-17,9105
3032,偉訓,4,0,4,群益金鼎-高盛,2023-01-17,9105
3059,華晶科,4,0,4,群益金鼎-高盛,2023-01-17,9105
3673,TPK-KY,4,0,4,群益金鼎-高盛,2023-01-17,9105
4763,材料-KY,15,11,4,群益金鼎-高盛,2023-01-17,9105
5493,三聯,4,0,4,群益金鼎-高盛,2023-01-17,9105
8050,廣積,4,0,4,群益金鼎-高盛,2023-01-17,9105
00632R,元大台灣50反1,207,53,154,群益金鼎-高盛,2023-01-30,9105
2534,宏盛,74,0,74,群益金鼎-高盛,2023-01-30,9105
3528,安馳,65,0,65,群益金鼎-高盛,2023-01-30,9105
00671R,富邦NASDAQ反1,50,0,50,群益金鼎-高盛,2023-01-30,9105
2014,中鴻,50,1,49,群益金鼎-高盛,2023-01-30,9105
6026,福邦證,35,0,35,群益金鼎-高盛,2023-01-30,9105
2317,鴻海,30,3,27,群益金鼎-高盛,2023-01-30,9105
2609,陽明,53,29,24,群益金鼎-高盛,2023-01-30,9105
2537,聯上發,20,0,20,群益金鼎-高盛,2023-01-30,9105
00720B,元大投資級公司債,17,0,17,群益金鼎-高盛,2023-01-30,9105
00683L,期元大美元指正2,15,0,15,群益金鼎-高盛,2023-01-30,9105
00891,中信關鍵半導體,12,0,12,群益金鼎-高盛,2023-01-30,9105
00751B,元大AAA至A公司債,12,0,12,群益金鼎-高盛,2023-01-30,9105
1513,中興電,22,12,10,群益金鼎-高盛,2023-01-30,9105
4924,欣厚-KY,10,0,10,群益金鼎-高盛,2023-01-30,9105
6005,群益證,10,0,10,群益金鼎-高盛,2023-01-30,9105
2206,三陽工業,10,1,9,群益金鼎-高盛,2023-01-30,9105
3032,偉訓,9,0,9,群益金鼎-高盛,2023-01-30,9105
2634,漢翔,8,0,8,群益金鼎-高盛,2023-01-30,9105
3535,晶彩科,8,0,8,群益金鼎-高盛,2023-01-30,9105
1305,華夏,9,2,7,群益金鼎-高盛,2023-01-30,9105
2388,威盛,10,3,7,群益金鼎-高盛,2023-01-30,9105
1609,大亞,6,0,6,群益金鼎-高盛,2023-01-30,9105
8996,高力,34,28,6,群益金鼎-高盛,2023-01-30,9105
6443,元晶,7,1,6,群益金鼎-高盛,2023-01-30,9105
2886,兆豐金,5,0,5,群益金鼎-高盛,2023-01-30,9105
8069,元太,48,43,5,群益金鼎-高盛,2023-01-30,9105
00651R,復華香港反1,5,0,5,群益金鼎-高盛,2023-01-30,9105
1529,樂事綠能,5,0,5,群益金鼎-高盛,2023-01-30,9105
1612,宏泰,9,4,5,群益金鼎-高盛,2023-01-30,9105
2062,橋椿,5,0,5,群益金鼎-高盛,2023-01-30,9105
3441,聯一光,5,0,5,群益金鼎-高盛,2023-01-30,9105
5014,建錩,5,0,5,群益金鼎-高盛,2023-01-30,9105
6708,天擎,5,0,5,群益金鼎-高盛,2023-01-30,9105
3693,營邦,8,3,5,群益金鼎-高盛,2023-01-30,9105
00674R,期元大S＆P黃金反1,4,0,4,群益金鼎-高盛,2023-01-30,9105
00895,富邦未來車,10,6,4,群益金鼎-高盛,2023-01-30,9105
1701,中化,4,0,4,群益金鼎-高盛,2023-01-30,9105
2313,華通,10,6,4,群益金鼎-高盛,2023-01-30,9105
2489,瑞軒,4,0,4,群益金鼎-高盛,2023-01-30,9105
3628,盈正,4,0,4,群益金鼎-高盛,2023-01-30,9105
3713,新晶投控,4,0,4,群益金鼎-高盛,2023-01-30,9105
8261,富鼎,6,2,4,群益金鼎-高盛,2023-01-30,9105
00885,富邦越南,5,2,3,群益金鼎-高盛,2023-01-30,9105
2012,春雨,3,0,3,群益金鼎-高盛,2023-01-30,9105
3419,譁裕,5,2,3,群益金鼎-高盛,2023-01-30,9105
4114,健喬,4,1,3,群益金鼎-高盛,2023-01-30,9105
4916,事欣科,3,0,3,群益金鼎-高盛,2023-01-30,9105
4974,亞泰,3,0,3,群益金鼎-高盛,2023-01-30,9105
4977,眾達-KY,3,0,3,群益金鼎-高盛,2023-01-30,9105
2890,永豐金,71,3,68,群益金鼎-高盛,2023-01-31,9105
2371,大同,60,0,60,群益金鼎-高盛,2023-01-31,9105
00905,FT臺灣Smart,40,0,40,群益金鼎-高盛,2023-01-31,9105
2892,第一金,28,0,28,群益金鼎-高盛,2023-01-31,9105
2882,國泰金,30,4,26,群益金鼎-高盛,2023-01-31,9105
00633L,富邦上証正2,65,44,21,群益金鼎-高盛,2023-01-31,9105
2353,宏��,20,0,20,群益金鼎-高盛,2023-01-31,9105
2534,宏盛,20,0,20,群益金鼎-高盛,2023-01-31,9105
00679B,元大美債20年,18,0,18,群益金鼎-高盛,2023-01-31,9105
00655L,國泰中國A50正2,23,5,18,群益金鼎-高盛,2023-01-31,9105
3032,偉訓,18,0,18,群益金鼎-高盛,2023-01-31,9105
2330,台積電,18,3,15,群益金鼎-高盛,2023-01-31,9105
1584,精剛,28,13,15,群益金鼎-高盛,2023-01-31,9105
00878,國泰永續高股息,16,2,14,群益金鼎-高盛,2023-01-31,9105
2317,鴻海,27,14,13,群益金鼎-高盛,2023-01-31,9105
3707,漢磊,11,0,11,群益金鼎-高盛,2023-01-31,9105
2408,南亞科,12,1,11,群益金鼎-高盛,2023-01-31,9105
00713,元大台灣高息低波,21,11,10,群益金鼎-高盛,2023-01-31,9105
2880,華南金,10,0,10,群益金鼎-高盛,2023-01-31,9105
2911,麗嬰房,10,0,10,群益金鼎-高盛,2023-01-31,9105
3419,譁裕,10,0,10,群益金鼎-高盛,2023-01-31,9105
4121,優盛,10,0,10,群益金鼎-高盛,2023-01-31,9105
2801,彰銀,10,0,10,群益金鼎-高盛,2023-01-31,9105
1102,亞泥,9,0,9,群益金鼎-高盛,2023-01-31,9105
3545,敦泰,11,2,9,群益金鼎-高盛,2023-01-31,9105
4979,華星光,35,26,9,群益金鼎-高盛,2023-01-31,9105
5880,合庫金,8,0,8,群益金鼎-高盛,2023-01-31,9105
00882,中信中國高股息,8,0,8,群益金鼎-高盛,2023-01-31,9105
2358,廷鑫,12,4,8,群益金鼎-高盛,2023-01-31,9105
3528,安馳,8,0,8,群益金鼎-高盛,2023-01-31,9105
5388,中磊,8,0,8,群益金鼎-高盛,2023-01-31,9105
6245,立端,10,2,8,群益金鼎-高盛,2023-01-31,9105
0056,元大高股息,9,2,7,群益金鼎-高盛,2023-01-31,9105
00720B,元大投資級公司債,7,0,7,群益金鼎-高盛,2023-01-31,9105
2313,華通,11,4,7,群益金鼎-高盛,2023-01-31,9105
2888,新光金,7,0,7,群益金鼎-高盛,2023-01-31,9105
6477,安集,10,3,7,群益金鼎-高盛,2023-01-31,9105
3293,鈊象,10,3,7,群益金鼎-高盛,2023-01-31,9105
00772B,中信高評級公司債,6,0,6,群益金鼎-高盛,2023-01-31,9105
1519,華城,22,16,6,群益金鼎-高盛,2023-01-31,9105
2465,麗臺,11,5,6,群益金鼎-高盛,2023-01-31,9105
3017,奇鋐,8,2,6,群益金鼎-高盛,2023-01-31,9105
3628,盈正,6,0,6,群益金鼎-高盛,2023-01-31,9105
4961,天鈺,6,0,6,群益金鼎-高盛,2023-01-31,9105
5351,鈺創,10,4,6,群益金鼎-高盛,2023-01-31,9105
6175,立敦,6,0,6,群益金鼎-高盛,2023-01-31,9105
1103,嘉泥,5,0,5,群益金鼎-高盛,2023-01-31,9105
00751B,元大AAA至A公司債,5,0,5,群益金鼎-高盛,2023-01-31,9105
2374,佳能,5,0,5,群益金鼎-高盛,2023-01-31,9105
3521,鴻翊,5,0,5,群益金鼎-高盛,2023-01-31,9105
00632R,元大台灣50反1,106,0,106,群益金鼎-高盛,2023-02-01,9105
2890,永豐金,55,0,55,群益金鼎-高盛,2023-02-01,9105
2014,中鴻,55,1,54,群益金鼎-高盛,2023-02-01,9105
6244,茂迪,34,0,34,群益金鼎-高盛,2023-02-01,9105
2317,鴻海,32,2,30,群益金鼎-高盛,2023-02-01,9105
3552,同致,30,0,30,群益金鼎-高盛,2023-02-01,9105
4114,健喬,40,10,30,群益金鼎-高盛,2023-02-01,9105
00882,中信中國高股息,25,0,25,群益金鼎-高盛,2023-02-01,9105
6118,建達,21,1,20,群益金鼎-高盛,2023-02-01,9105
00900,富邦特選高股息30,20,1,19,群益金鼎-高盛,2023-02-01,9105
2880,華南金,20,3,17,群益金鼎-高盛,2023-02-01,9105
6282,康舒,147,131,16,群益金鼎-高盛,2023-02-01,9105
1313,聯成,19,4,15,群益金鼎-高盛,2023-02-01,9105
6129,普誠,15,0,15,群益金鼎-高盛,2023-02-01,9105
2618,長榮航,31,17,14,群益金鼎-高盛,2023-02-01,9105
4974,亞泰,19,6,13,群益金鼎-高盛,2023-02-01,9105
2409,友達,11,0,11,群益金鼎-高盛,2023-02-01,9105
5392,能率,10,0,10,群益金鼎-高盛,2023-02-01,9105
1219,福壽,10,0,10,群益金鼎-高盛,2023-02-01,9105
00728,第一金工業30,10,0,10,群益金鼎-高盛,2023-02-01,9105
1711,永光,12,2,10,群益金鼎-高盛,2023-02-01,9105
2009,第一銅,35,25,10,群益金鼎-高盛,2023-02-01,9105
2427,三商電,10,0,10,群益金鼎-高盛,2023-02-01,9105
3362,先進光,10,0,10,群益金鼎-高盛,2023-02-01,9105
4142,國光生,10,0,10,群益金鼎-高盛,2023-02-01,9105
1708,東鹼,10,1,9,群益金鼎-高盛,2023-02-01,9105
5258,虹堡,41,32,9,群益金鼎-高盛,2023-02-01,9105
5483,中美晶,10,1,9,群益金鼎-高盛,2023-02-01,9105
00715L,期街口布蘭特正2,8,0,8,群益金鼎-高盛,2023-02-01,9105
4906,正文,8,0,8,群益金鼎-高盛,2023-02-01,9105
8050,廣積,14,6,8,群益金鼎-高盛,2023-02-01,9105
3027,盛達,8,1,7,群益金鼎-高盛,2023-02-01,9105
2891,中信金,12,6,6,群益金鼎-高盛,2023-02-01,9105
1519,華城,10,4,6,群益金鼎-高盛,2023-02-01,9105
1584,精剛,22,16,6,群益金鼎-高盛,2023-02-01,9105
3380,明泰,6,0,6,群益金鼎-高盛,2023-02-01,9105
9907,統一實,6,0,6,群益金鼎-高盛,2023-02-01,9105
00895,富邦未來車,5,0,5,群益金鼎-高盛,2023-02-01,9105
1905,華紙,5,0,5,群益金鼎-高盛,2023-02-01,9105
2609,陽明,13,8,5,群益金鼎-高盛,2023-02-01,9105
3231,緯創,8,3,5,群益金鼎-高盛,2023-02-01,9105
00633L,富邦上証正2,4,0,4,群益金鼎-高盛,2023-02-01,9105
00878,國泰永續高股息,8,4,4,群益金鼎-高盛,2023-02-01,9105
1734,杏輝,7,3,4,群益金鼎-高盛,2023-02-01,9105
1785,光洋科,4,0,4,群益金鼎-高盛,2023-02-01,9105
2412,中華電,4,0,4,群益金鼎-高盛,2023-02-01,9105
2457,飛宏,14,10,4,群益金鼎-高盛,2023-02-01,9105
2906,高林,4,0,4,群益金鼎-高盛,2023-02-01,9105
3628,盈正,4,0,4,群益金鼎-高盛,2023-02-01,9105
3704,合勤控,20,16,4,群益金鼎-高盛,2023-02-01,9105
2883,凱基金,101,1,100,群益金鼎-高盛,2023-02-02,9105
2369,菱生,100,1,99,群益金鼎-高盛,2023-02-02,9105
2890,永豐金,80,0,80,群益金鼎-高盛,2023-02-02,9105
2610,華航,85,8,77,群益金鼎-高盛,2023-02-02,9105
2897,王道銀行,70,3,67,群益金鼎-高盛,2023-02-02,9105
2634,漢翔,61,0,61,群益金鼎-高盛,2023-02-02,9105
00878,國泰永續高股息,64,6,58,群益金鼎-高盛,2023-02-02,9105
2884,玉山金,61,5,56,群益金鼎-高盛,2023-02-02,9105
00671R,富邦NASDAQ反1,50,0,50,群益金鼎-高盛,2023-02-02,9105
2342,茂矽,50,0,50,群益金鼎-高盛,2023-02-02,9105
3528,安馳,50,0,50,群益金鼎-高盛,2023-02-02,9105
6111,大宇資,36,0,36,群益金鼎-高盛,2023-02-02,9105
8940,新天地,22,0,22,群益金鼎-高盛,2023-02-02,9105
4130,健亞,20,0,20,群益金鼎-高盛,2023-02-02,9105
00900,富邦特選高股息30,40,20,20,群益金鼎-高盛,2023-02-02,9105
4707,磐亞,20,0,20,群益金鼎-高盛,2023-02-02,9105
3481,群創,21,2,19,群益金鼎-高盛,2023-02-02,9105
2317,鴻海,20,2,18,群益金鼎-高盛,2023-02-02,9105
3032,偉訓,18,0,18,群益金鼎-高盛,2023-02-02,9105
2408,南亞科,20,2,18,群益金鼎-高盛,2023-02-02,9105
2482,連宇,37,20,17,群益金鼎-高盛,2023-02-02,9105
1227,佳格,16,0,16,群益金鼎-高盛,2023-02-02,9105
2201,裕隆,25,10,15,群益金鼎-高盛,2023-02-02,9105
2344,華邦電,27,13,14,群益金鼎-高盛,2023-02-02,9105
5371,中光電,17,3,14,群益金鼎-高盛,2023-02-02,9105
3704,合勤控,23,10,13,群益金鼎-高盛,2023-02-02,9105
6770,力積電,17,5,12,群益金鼎-高盛,2023-02-02,9105
00891,中信關鍵半導體,11,0,11,群益金鼎-高盛,2023-02-02,9105
2353,宏��,20,10,10,群益金鼎-高盛,2023-02-02,9105
2468,華經,20,10,10,群益金鼎-高盛,2023-02-02,9105
2880,華南金,10,0,10,群益金鼎-高盛,2023-02-02,9105
6538,倉和,10,0,10,群益金鼎-高盛,2023-02-02,9105
9962,有益,8,0,8,群益金鼎-高盛,2023-02-02,9105
1611,中電,7,0,7,群益金鼎-高盛,2023-02-02,9105
2731,雄獅,7,0,7,群益金鼎-高盛,2023-02-02,9105
1736,喬山,6,0,6,群益金鼎-高盛,2023-02-02,9105
2323,中環,7,1,6,群益金鼎-高盛,2023-02-02,9105
3594,磐儀,6,0,6,群益金鼎-高盛,2023-02-02,9105
5263,智崴,6,0,6,群益金鼎-高盛,2023-02-02,9105
2412,中華電,6,0,6,群益金鼎-高盛,2023-02-02,9105
00655L,國泰中國A50正2,5,0,5,群益金鼎-高盛,2023-02-02,9105
1305,華夏,7,2,5,群益金鼎-高盛,2023-02-02,9105
1905,華紙,5,0,5,群益金鼎-高盛,2023-02-02,9105
2009,第一銅,6,1,5,群益金鼎-高盛,2023-02-02,9105
3035,智原,19,14,5,群益金鼎-高盛,2023-02-02,9105
6139,亞翔,5,0,5,群益金鼎-高盛,2023-02-02,9105
2887,台新金,5,0,5,群益金鼎-高盛,2023-02-02,9105
1609,大亞,19,15,4,群益金鼎-高盛,2023-02-02,9105
1325,恆大,4,0,4,群益金鼎-高盛,2023-02-02,9105
1701,中化,8,4,4,群益金鼎-高盛,2023-02-02,9105
2892,第一金,200,0,200,群益金鼎-高盛,2023-02-03,9105
00632R,元大台灣50反1,148,4,144,群益金鼎-高盛,2023-02-03,9105
2641,正德,125,0,125,群益金鼎-高盛,2023-02-03,9105
2888,新光金,56,3,53,群益金鼎-高盛,2023-02-03,9105
00878,國泰永續高股息,56,5,51,群益金鼎-高盛,2023-02-03,9105
00680L,元大美債20正2,40,0,40,群益金鼎-高盛,2023-02-03,9105
1809,中釉,41,1,40,群益金鼎-高盛,2023-02-03,9105
6441,廣錠,28,0,28,群益金鼎-高盛,2023-02-03,9105
2498,宏達電,104,79,25,群益金鼎-高盛,2023-02-03,9105
2882,國泰金,23,1,22,群益金鼎-高盛,2023-02-03,9105
00753L,中信中國50正2,22,0,22,群益金鼎-高盛,2023-02-03,9105
00715L,期街口布蘭特正2,20,0,20,群益金鼎-高盛,2023-02-03,9105
5227,立凱-KY,20,0,20,群益金鼎-高盛,2023-02-03,9105
6005,群益證,20,0,20,群益金鼎-高盛,2023-02-03,9105
4402,郡都開發,19,0,19,群益金鼎-高盛,2023-02-03,9105
2880,華南金,18,0,18,群益金鼎-高盛,2023-02-03,9105
6457,紘康,14,0,14,群益金鼎-高盛,2023-02-03,9105
1513,中興電,13,0,13,群益金鼎-高盛,2023-02-03,9105
2002,中鋼,13,1,12,群益金鼎-高盛,2023-02-03,9105
2349,錸德,13,1,12,群益金鼎-高盛,2023-02-03,9105
2812,台中銀,12,0,12,群益金鼎-高盛,2023-02-03,9105
6129,普誠,12,1,11,群益金鼎-高盛,2023-02-03,9105
6443,元晶,13,2,11,群益金鼎-高盛,2023-02-03,9105
00642U,期元大S＆P石油,11,0,11,群益金鼎-高盛,2023-02-03,9105
2889,國票金,11,0,11,群益金鼎-高盛,2023-02-03,9105
6190,萬泰科,12,1,11,群益金鼎-高盛,2023-02-03,9105
2353,宏��,10,0,10,群益金鼎-高盛,2023-02-03,9105
8033,雷虎,10,0,10,群益金鼎-高盛,2023-02-03,9105
1905,華紙,10,0,10,群益金鼎-高盛,2023-02-03,9105
5483,中美晶,10,0,10,群益金鼎-高盛,2023-02-03,9105
6470,宇智,10,0,10,群益金鼎-高盛,2023-02-03,9105
6538,倉和,10,0,10,群益金鼎-高盛,2023-02-03,9105
6576,逸達,10,0,10,群益金鼎-高盛,2023-02-03,9105
0056,元大高股息,12,2,10,群益金鼎-高盛,2023-02-03,9105
2610,華航,11,2,9,群益金鼎-高盛,2023-02-03,9105
4744,皇將,9,0,9,群益金鼎-高盛,2023-02-03,9105
1101,台泥,9,1,8,群益金鼎-高盛,2023-02-03,9105
3037,欣興,15,7,8,群益金鼎-高盛,2023-02-03,9105
5009,榮剛,9,2,7,群益金鼎-高盛,2023-02-03,9105
2457,飛宏,7,0,7,群益金鼎-高盛,2023-02-03,9105
2809,京城銀,7,0,7,群益金鼎-高盛,2023-02-03,9105
3693,營邦,17,10,7,群益金鼎-高盛,2023-02-03,9105
6462,神盾,7,0,7,群益金鼎-高盛,2023-02-03,9105
2911,麗嬰房,6,0,6,群益金鼎-高盛,2023-02-03,9105
3047,訊舟,6,0,6,群益金鼎-高盛,2023-02-03,9105
00882,中信中國高股息,6,0,6,群益金鼎-高盛,2023-02-03,9105
1611,中電,6,0,6,群益金鼎-高盛,2023-02-03,9105
2412,中華電,6,0,6,群益金鼎-高盛,2023-02-03,9105
4114,健喬,10,4,6,群益金鼎-高盛,2023-02-03,9105
4133,亞諾法,6,0,6,群益金鼎-高盛,2023-02-03,9105
00878,國泰永續高股息,86,0,86,群益金鼎-高盛,2023-02-06,9105
2641,正德,75,2,73,群益金鼎-高盛,2023-02-06,9105
1783,和康生,71,12,59,群益金鼎-高盛,2023-02-06,9105
2369,菱生,50,0,50,群益金鼎-高盛,2023-02-06,9105
00670L,富邦NASDAQ正2,39,0,39,群益金鼎-高盛,2023-02-06,9105
2002,中鋼,36,5,31,群益金鼎-高盛,2023-02-06,9105
1219,福壽,30,0,30,群益金鼎-高盛,2023-02-06,9105
2482,連宇,44,20,24,群益金鼎-高盛,2023-02-06,9105
00753L,中信中國50正2,44,20,24,群益金鼎-高盛,2023-02-06,9105
00679B,元大美債20年,21,0,21,群益金鼎-高盛,2023-02-06,9105
2388,威盛,23,3,20,群益金鼎-高盛,2023-02-06,9105
2498,宏達電,59,41,18,群益金鼎-高盛,2023-02-06,9105
2603,長榮,19,2,17,群益金鼎-高盛,2023-02-06,9105
00637L,元大滬深300正2,425,409,16,群益金鼎-高盛,2023-02-06,9105
5009,榮剛,16,1,15,群益金鼎-高盛,2023-02-06,9105
2330,台積電,16,1,15,群益金鼎-高盛,2023-02-06,9105
1524,耿鼎,27,14,13,群益金鼎-高盛,2023-02-06,9105
00642U,期元大S＆P石油,13,0,13,群益金鼎-高盛,2023-02-06,9105
3037,欣興,16,4,12,群益金鼎-高盛,2023-02-06,9105
2317,鴻海,27,15,12,群益金鼎-高盛,2023-02-06,9105
2409,友達,23,12,11,群益金鼎-高盛,2023-02-06,9105
00720B,元大投資級公司債,11,0,11,群益金鼎-高盛,2023-02-06,9105
8476,台境*,11,0,11,群益金鼎-高盛,2023-02-06,9105
5905,南仁湖,10,0,10,群益金鼎-高盛,2023-02-06,9105
6129,普誠,10,0,10,群益金鼎-高盛,2023-02-06,9105
1701,中化,32,22,10,群益金鼎-高盛,2023-02-06,9105
1718,中纖,10,0,10,群益金鼎-高盛,2023-02-06,9105
1781,合世,10,0,10,群益金鼎-高盛,2023-02-06,9105
1605,華新,19,9,10,群益金鼎-高盛,2023-02-06,9105
00715L,期街口布蘭特正2,9,0,9,群益金鼎-高盛,2023-02-06,9105
2368,金像電,14,5,9,群益金鼎-高盛,2023-02-06,9105
1319,東陽,10,1,9,群益金鼎-高盛,2023-02-06,9105
2013,中鋼構,8,0,8,群益金鼎-高盛,2023-02-06,9105
2303,聯電,58,50,8,群益金鼎-高盛,2023-02-06,9105
00673R,期元大S＆P原油反1,10,3,7,群益金鼎-高盛,2023-02-06,9105
00665L,富邦�琤肭磪囓�2,7,0,7,群益金鼎-高盛,2023-02-06,9105
1905,華紙,7,0,7,群益金鼎-高盛,2023-02-06,9105
4114,健喬,14,7,7,群益金鼎-高盛,2023-02-06,9105
00738U,期元大道瓊白銀,6,0,6,群益金鼎-高盛,2023-02-06,9105
8940,新天地,6,0,6,群益金鼎-高盛,2023-02-06,9105
1609,大亞,13,7,6,群益金鼎-高盛,2023-02-06,9105
00882,中信中國高股息,5,0,5,群益金鼎-高盛,2023-02-06,9105
4746,台耀,9,4,5,群益金鼎-高盛,2023-02-06,9105
1909,榮成,5,0,5,群益金鼎-高盛,2023-02-06,9105
2349,錸德,5,0,5,群益金鼎-高盛,2023-02-06,9105
2614,東森,5,0,5,群益金鼎-高盛,2023-02-06,9105
2617,台航,5,0,5,群益金鼎-高盛,2023-02-06,9105
2891,中信金,10,5,5,群益金鼎-高盛,2023-02-06,9105
3032,偉訓,5,0,5,群益金鼎-高盛,2023-02-06,9105
5353,台林,5,0,5,群益金鼎-高盛,2023-02-06,9105
2890,永豐金,635,10,625,群益金鼎-高盛,2023-02-07,9105
00878,國泰永續高股息,84,0,84,群益金鼎-高盛,2023-02-07,9105
2498,宏達電,64,8,56,群益金鼎-高盛,2023-02-07,9105
2834,臺企銀,48,0,48,群益金鼎-高盛,2023-02-07,9105
2409,友達,54,26,28,群益金鼎-高盛,2023-02-07,9105
6285,啟��,22,0,22,群益金鼎-高盛,2023-02-07,9105
1605,華新,40,19,21,群益金鼎-高盛,2023-02-07,9105
1217,愛之味,20,0,20,群益金鼎-高盛,2023-02-07,9105
00664R,國泰臺灣加權反1,20,0,20,群益金鼎-高盛,2023-02-07,9105
2891,中信金,23,3,20,群益金鼎-高盛,2023-02-07,9105
6441,廣錠,31,14,17,群益金鼎-高盛,2023-02-07,9105
2317,鴻海,19,4,15,群益金鼎-高盛,2023-02-07,9105
4974,亞泰,11,0,11,群益金鼎-高盛,2023-02-07,9105
0056,元大高股息,10,0,10,群益金鼎-高盛,2023-02-07,9105
6589,台康生技,12,3,9,群益金鼎-高盛,2023-02-07,9105
3588,通嘉,22,14,8,群益金鼎-高盛,2023-02-07,9105
5905,南仁湖,10,2,8,群益金鼎-高盛,2023-02-07,9105
6205,詮欣,9,1,8,群益金鼎-高盛,2023-02-07,9105
6770,力積電,8,0,8,群益金鼎-高盛,2023-02-07,9105
2610,華航,14,7,7,群益金鼎-高盛,2023-02-07,9105
00715L,期街口布蘭特正2,10,3,7,群益金鼎-高盛,2023-02-07,9105
2609,陽明,7,0,7,群益金鼎-高盛,2023-02-07,9105
3528,安馳,7,0,7,群益金鼎-高盛,2023-02-07,9105
2887,台新金,6,0,6,群益金鼎-高盛,2023-02-07,9105
2330,台積電,9,3,6,群益金鼎-高盛,2023-02-07,9105
2354,鴻準,8,2,6,群益金鼎-高盛,2023-02-07,9105
2014,中鴻,14,8,6,群益金鼎-高盛,2023-02-07,9105
2313,華通,6,0,6,群益金鼎-高盛,2023-02-07,9105
2633,台灣高鐵,6,0,6,群益金鼎-高盛,2023-02-07,9105
2731,雄獅,7,1,6,群益金鼎-高盛,2023-02-07,9105
4931,新盛力,6,0,6,群益金鼎-高盛,2023-02-07,9105
5704,老爺知,10,4,6,群益金鼎-高盛,2023-02-07,9105
2867,三商壽,5,0,5,群益金鼎-高盛,2023-02-07,9105
00680L,元大美債20正2,5,0,5,群益金鼎-高盛,2023-02-07,9105
00882,中信中國高股息,5,0,5,群益金鼎-高盛,2023-02-07,9105
00637L,元大滬深300正2,132,127,5,群益金鼎-高盛,2023-02-07,9105
00674R,期元大S＆P黃金反1,5,0,5,群益金鼎-高盛,2023-02-07,9105
2062,橋椿,5,0,5,群益金鼎-高盛,2023-02-07,9105
2719,燦星旅,5,0,5,群益金鼎-高盛,2023-02-07,9105
3032,偉訓,5,0,5,群益金鼎-高盛,2023-02-07,9105
3205,佰研,5,0,5,群益金鼎-高盛,2023-02-07,9105
3207,耀勝,9,4,5,群益金鼎-高盛,2023-02-07,9105
4161,聿新科,5,0,5,群益金鼎-高盛,2023-02-07,9105
5410,國眾,5,0,5,群益金鼎-高盛,2023-02-07,9105
9103,美德醫療-DR,5,0,5,群益金鼎-高盛,2023-02-07,9105
00665L,富邦�琤肭磪囓�2,4,0,4,群益金鼎-高盛,2023-02-07,9105
2419,仲琦,5,1,4,群益金鼎-高盛,2023-02-07,9105
8476,台境*,4,0,4,群益金鼎-高盛,2023-02-07,9105
1752,南光,13,10,3,群益金鼎-高盛,2023-02-07,9105
4721,美琪瑪,6,3,3,群益金鼎-高盛,2023-02-07,9105
2880,華南金,150,0,150,群益金鼎-高盛,2023-02-08,9105
2890,永豐金,132,0,132,群益金鼎-高盛,2023-02-08,9105
6227,茂綸,56,0,56,群益金鼎-高盛,2023-02-08,9105
8105,凌巨,40,3,37,群益金鼎-高盛,2023-02-08,9105
2358,廷鑫,22,0,22,群益金鼎-高盛,2023-02-08,9105
1605,華新,37,16,21,群益金鼎-高盛,2023-02-08,9105
2537,聯上發,20,0,20,群益金鼎-高盛,2023-02-08,9105
2897,王道銀行,20,0,20,群益金鼎-高盛,2023-02-08,9105
00679B,元大美債20年,18,0,18,群益金鼎-高盛,2023-02-08,9105
2834,臺企銀,16,0,16,群益金鼎-高盛,2023-02-08,9105
2317,鴻海,16,1,15,群益金鼎-高盛,2023-02-08,9105
00632R,元大台灣50反1,17,2,15,群益金鼎-高盛,2023-02-08,9105
2363,矽統,15,0,15,群益金鼎-高盛,2023-02-08,9105
6190,萬泰科,15,0,15,群益金鼎-高盛,2023-02-08,9105
2312,金寶,10,0,10,群益金鼎-高盛,2023-02-08,9105
2349,錸德,10,0,10,群益金鼎-高盛,2023-02-08,9105
00655L,國泰中國A50正2,10,0,10,群益金鼎-高盛,2023-02-08,9105
1506,正道,10,0,10,群益金鼎-高盛,2023-02-08,9105
3062,建漢,11,1,10,群益金鼎-高盛,2023-02-08,9105
3535,晶彩科,10,0,10,群益金鼎-高盛,2023-02-08,9105
6026,福邦證,10,0,10,群益金鼎-高盛,2023-02-08,9105
2485,兆赫,10,0,10,群益金鼎-高盛,2023-02-08,9105
2013,中鋼構,9,0,9,群益金鼎-高盛,2023-02-08,9105
2457,飛宏,12,3,9,群益金鼎-高盛,2023-02-08,9105
3520,華盈,10,1,9,群益金鼎-高盛,2023-02-08,9105
4906,正文,8,0,8,群益金鼎-高盛,2023-02-08,9105
5465,富驊,8,0,8,群益金鼎-高盛,2023-02-08,9105
2368,金像電,8,1,7,群益金鼎-高盛,2023-02-08,9105
00637L,元大滬深300正2,7,0,7,群益金鼎-高盛,2023-02-08,9105
3479,安勤,26,19,7,群益金鼎-高盛,2023-02-08,9105
3594,磐儀,9,2,7,群益金鼎-高盛,2023-02-08,9105
4974,亞泰,7,0,7,群益金鼎-高盛,2023-02-08,9105
00673R,期元大S＆P原油反1,6,0,6,群益金鼎-高盛,2023-02-08,9105
3623,富晶通,6,0,6,群益金鼎-高盛,2023-02-08,9105
4979,華星光,23,17,6,群益金鼎-高盛,2023-02-08,9105
8054,安國,10,4,6,群益金鼎-高盛,2023-02-08,9105
2867,三商壽,5,0,5,群益金鼎-高盛,2023-02-08,9105
1312,國喬,5,0,5,群益金鼎-高盛,2023-02-08,9105
00665L,富邦�琤肭磪囓�2,5,0,5,群益金鼎-高盛,2023-02-08,9105
1783,和康生,11,6,5,群益金鼎-高盛,2023-02-08,9105
1810,和成,5,0,5,群益金鼎-高盛,2023-02-08,9105
2484,希華,5,0,5,群益金鼎-高盛,2023-02-08,9105
2618,長榮航,10,5,5,群益金鼎-高盛,2023-02-08,9105
3293,鈊象,7,2,5,群益金鼎-高盛,2023-02-08,9105
3713,新晶投控,5,0,5,群益金鼎-高盛,2023-02-08,9105
6104,創惟,9,4,5,群益金鼎-高盛,2023-02-08,9105
2888,新光金,5,0,5,群益金鼎-高盛,2023-02-08,9105
4128,中天,21,16,5,群益金鼎-高盛,2023-02-08,9105
2884,玉山金,5,1,4,群益金鼎-高盛,2023-02-08,9105
3046,建��,15,11,4,群益金鼎-高盛,2023-02-08,9105
2883,凱基金,382,0,382,群益金鼎-高盛,2023-02-09,9105
3508,位速,60,0,60,群益金鼎-高盛,2023-02-09,9105
9907,統一實,40,0,40,群益金鼎-高盛,2023-02-09,9105
3708,上緯投控,31,0,31,群益金鼎-高盛,2023-02-09,9105
2888,新光金,30,0,30,群益金鼎-高盛,2023-02-09,9105
00878,國泰永續高股息,26,0,26,群益金鼎-高盛,2023-02-09,9105
6227,茂綸,37,13,24,群益金鼎-高盛,2023-02-09,9105
6441,廣錠,42,18,24,群益金鼎-高盛,2023-02-09,9105
2882,國泰金,21,1,20,群益金鼎-高盛,2023-02-09,9105
2413,環科,23,3,20,群益金鼎-高盛,2023-02-09,9105
2537,聯上發,20,0,20,群益金鼎-高盛,2023-02-09,9105
8476,台境*,20,0,20,群益金鼎-高盛,2023-02-09,9105
1609,大亞,26,7,19,群益金鼎-高盛,2023-02-09,9105
6531,愛普*,35,17,18,群益金鼎-高盛,2023-02-09,9105
2405,輔信,18,0,18,群益金鼎-高盛,2023-02-09,9105
6282,康舒,42,25,17,群益金鼎-高盛,2023-02-09,9105
2492,華新科,23,7,16,群益金鼎-高盛,2023-02-09,9105
2610,華航,16,0,16,群益金鼎-高盛,2023-02-09,9105
2349,錸德,15,0,15,群益金鼎-高盛,2023-02-09,9105
3162,精確,15,1,14,群益金鼎-高盛,2023-02-09,9105
3032,偉訓,13,0,13,群益金鼎-高盛,2023-02-09,9105
00720B,元大投資級公司債,11,0,11,群益金鼎-高盛,2023-02-09,9105
0056,元大高股息,10,0,10,群益金鼎-高盛,2023-02-09,9105
2409,友達,23,13,10,群益金鼎-高盛,2023-02-09,9105
00715L,期街口布蘭特正2,21,11,10,群益金鼎-高盛,2023-02-09,9105
1718,中纖,10,0,10,群益金鼎-高盛,2023-02-09,9105
3209,全科,25,15,10,群益金鼎-高盛,2023-02-09,9105
6547,高端疫苗,11,1,10,群益金鼎-高盛,2023-02-09,9105
2344,華邦電,13,4,9,群益金鼎-高盛,2023-02-09,9105
00665L,富邦�琤肭磪囓�2,9,0,9,群益金鼎-高盛,2023-02-09,9105
3047,訊舟,12,3,9,群益金鼎-高盛,2023-02-09,9105
6245,立端,14,5,9,群益金鼎-高盛,2023-02-09,9105
3704,合勤控,11,2,9,群益金鼎-高盛,2023-02-09,9105
00673R,期元大S＆P原油反1,8,0,8,群益金鼎-高盛,2023-02-09,9105
1783,和康生,19,11,8,群益金鼎-高盛,2023-02-09,9105
2880,華南金,8,0,8,群益金鼎-高盛,2023-02-09,9105
3710,連展投控,11,3,8,群益金鼎-高盛,2023-02-09,9105
2401,凌陽,12,5,7,群益金鼎-高盛,2023-02-09,9105
00633L,富邦上証正2,10,3,7,群益金鼎-高盛,2023-02-09,9105
4931,新盛力,16,10,6,群益金鼎-高盛,2023-02-09,9105
1409,新纖,5,0,5,群益金鼎-高盛,2023-02-09,9105
00780B,國泰A級金融債,5,0,5,群益金鼎-高盛,2023-02-09,9105
2363,矽統,5,0,5,群益金鼎-高盛,2023-02-09,9105
2916,滿心,5,0,5,群益金鼎-高盛,2023-02-09,9105
3042,晶技,5,0,5,群益金鼎-高盛,2023-02-09,9105
3045,台灣大,5,0,5,群益金鼎-高盛,2023-02-09,9105
4924,欣厚-KY,5,0,5,群益金鼎-高盛,2023-02-09,9105
5309,系統電,9,4,5,群益金鼎-高盛,2023-02-09,9105
6233,旺玖,5,0,5,群益金鼎-高盛,2023-02-09,9105
6202,盛群,5,0,5,群益金鼎-高盛,2023-02-09,9105
2610,華航,271,5,266,群益金鼎-高盛,2023-02-10,9105
00632R,元大台灣50反1,210,0,210,群益金鼎-高盛,2023-02-10,9105
00878,國泰永續高股息,66,1,65,群益金鼎-高盛,2023-02-10,9105
8111,立��,61,0,61,群益金鼎-高盛,2023-02-10,9105
2609,陽明,62,2,60,群益金鼎-高盛,2023-02-10,9105
5465,富驊,60,0,60,群益金鼎-高盛,2023-02-10,9105
2883,凱基金,51,0,51,群益金鼎-高盛,2023-02-10,9105
2498,宏達電,74,36,38,群益金鼎-高盛,2023-02-10,9105
6531,愛普*,37,3,34,群益金鼎-高盛,2023-02-10,9105
2890,永豐金,35,2,33,群益金鼎-高盛,2023-02-10,9105
9103,美德醫療-DR,30,0,30,群益金鼎-高盛,2023-02-10,9105
2812,台中銀,31,2,29,群益金鼎-高盛,2023-02-10,9105
6266,泰詠,54,26,28,群益金鼎-高盛,2023-02-10,9105
1216,統一,23,0,23,群益金鼎-高盛,2023-02-10,9105
3162,精確,24,1,23,群益金鼎-高盛,2023-02-10,9105
2409,友達,22,0,22,群益金鼎-高盛,2023-02-10,9105
4707,磐亞,20,0,20,群益金鼎-高盛,2023-02-10,9105
2618,長榮航,18,0,18,群益金鼎-高盛,2023-02-10,9105
2603,長榮,24,6,18,群益金鼎-高盛,2023-02-10,9105
0056,元大高股息,20,3,17,群益金鼎-高盛,2023-02-10,9105
3209,全科,21,5,16,群益金鼎-高盛,2023-02-10,9105
6227,茂綸,15,0,15,群益金鼎-高盛,2023-02-10,9105
8227,巨有科技,33,18,15,群益金鼎-高盛,2023-02-10,9105
6116,彩晶,12,0,12,群益金鼎-高盛,2023-02-10,9105
6719,力智,15,3,12,群益金鼎-高盛,2023-02-10,9105
1810,和成,25,14,11,群益金鼎-高盛,2023-02-10,9105
2633,台灣高鐵,11,0,11,群益金鼎-高盛,2023-02-10,9105
2368,金像電,14,3,11,群益金鼎-高盛,2023-02-10,9105
1605,華新,18,7,11,群益金鼎-高盛,2023-02-10,9105
00674R,期元大S＆P黃金反1,10,0,10,群益金鼎-高盛,2023-02-10,9105
1528,恩德,10,0,10,群益金鼎-高盛,2023-02-10,9105
2349,錸德,10,0,10,群益金鼎-高盛,2023-02-10,9105
2413,環科,10,0,10,群益金鼎-高盛,2023-02-10,9105
2457,飛宏,10,0,10,群益金鼎-高盛,2023-02-10,9105
2606,裕民,11,1,10,群益金鼎-高盛,2023-02-10,9105
2897,王道銀行,10,0,10,群益金鼎-高盛,2023-02-10,9105
3710,連展投控,10,0,10,群益金鼎-高盛,2023-02-10,9105
6153,嘉聯益,10,0,10,群益金鼎-高盛,2023-02-10,9105
8476,台境*,10,0,10,群益金鼎-高盛,2023-02-10,9105
00637L,元大滬深300正2,8,0,8,群益金鼎-高盛,2023-02-10,9105
2388,威盛,10,2,8,群益金鼎-高盛,2023-02-10,9105
6190,萬泰科,8,0,8,群益金鼎-高盛,2023-02-10,9105
6770,力積電,10,2,8,群益金鼎-高盛,2023-02-10,9105
00679B,元大美債20年,7,0,7,群益金鼎-高盛,2023-02-10,9105
4128,中天,7,0,7,群益金鼎-高盛,2023-02-10,9105
6443,元晶,7,0,7,群益金鼎-高盛,2023-02-10,9105
6205,詮欣,10,3,7,群益金鼎-高盛,2023-02-10,9105
00753L,中信中國50正2,6,0,6,群益金鼎-高盛,2023-02-10,9105
2029,盛餘,6,0,6,群益金鼎-高盛,2023-02-10,9105
5263,智崴,6,0,6,群益金鼎-高盛,2023-02-10,9105
2610,華航,290,13,277,群益金鼎-高盛,2023-02-13,9105
6227,茂綸,169,1,168,群益金鼎-高盛,2023-02-13,9105
00878,國泰永續高股息,107,1,106,群益金鼎-高盛,2023-02-13,9105
2897,王道銀行,100,0,100,群益金鼎-高盛,2023-02-13,9105
1709,和益,71,0,71,群益金鼎-高盛,2023-02-13,9105
2409,友達,74,5,69,群益金鼎-高盛,2023-02-13,9105
2208,台船,70,16,54,群益金鼎-高盛,2023-02-13,9105
2002,中鋼,64,18,46,群益金鼎-高盛,2023-02-13,9105
00679B,元大美債20年,29,0,29,群益金鼎-高盛,2023-02-13,9105
2603,長榮,34,6,28,群益金鼎-高盛,2023-02-13,9105
2206,三陽工業,60,32,28,群益金鼎-高盛,2023-02-13,9105
6531,愛普*,34,9,25,群益金鼎-高盛,2023-02-13,9105
3710,連展投控,20,0,20,群益金鼎-高盛,2023-02-13,9105
8111,立��,20,0,20,群益金鼎-高盛,2023-02-13,9105
8033,雷虎,20,1,19,群益金鼎-高盛,2023-02-13,9105
3011,今皓,15,0,15,群益金鼎-高盛,2023-02-13,9105
6282,康舒,15,2,13,群益金鼎-高盛,2023-02-13,9105
00900,富邦特選高股息30,14,1,13,群益金鼎-高盛,2023-02-13,9105
5009,榮剛,13,1,12,群益金鼎-高盛,2023-02-13,9105
2349,錸德,10,0,10,群益金鼎-高盛,2023-02-13,9105
3013,晟銘電,14,4,10,群益金鼎-高盛,2023-02-13,9105
8940,新天地,10,0,10,群益金鼎-高盛,2023-02-13,9105
6547,高端疫苗,12,3,9,群益金鼎-高盛,2023-02-13,9105
2367,燿華,9,0,9,群益金鼎-高盛,2023-02-13,9105
3162,精確,9,0,9,群益金鼎-高盛,2023-02-13,9105
6443,元晶,9,0,9,群益金鼎-高盛,2023-02-13,9105
2065,世豐,9,0,9,群益金鼎-高盛,2023-02-13,9105
6233,旺玖,8,0,8,群益金鼎-高盛,2023-02-13,9105
6770,力積電,8,0,8,群益金鼎-高盛,2023-02-13,9105
2317,鴻海,19,12,7,群益金鼎-高盛,2023-02-13,9105
2634,漢翔,25,18,7,群益金鼎-高盛,2023-02-13,9105
3481,群創,16,9,7,群益金鼎-高盛,2023-02-13,9105
6865,偉康科技,7,0,7,群益金鼎-高盛,2023-02-13,9105
3059,華晶科,8,1,7,群益金鼎-高盛,2023-02-13,9105
3537,堡達,6,0,6,群益金鼎-高盛,2023-02-13,9105
1342,八貫,16,10,6,群益金鼎-高盛,2023-02-13,9105
2729,瓦城,7,1,6,群益金鼎-高盛,2023-02-13,9105
6235,華孚,31,25,6,群益金鼎-高盛,2023-02-13,9105
2498,宏達電,6,1,5,群益金鼎-高盛,2023-02-13,9105
3128,昇銳,9,4,5,群益金鼎-高盛,2023-02-13,9105
2374,佳能,5,0,5,群益金鼎-高盛,2023-02-13,9105
3037,欣興,5,0,5,群益金鼎-高盛,2023-02-13,9105
3205,佰研,5,0,5,群益金鼎-高盛,2023-02-13,9105
1612,宏泰,5,0,5,群益金鼎-高盛,2023-02-13,9105
1722,台肥,5,0,5,群益金鼎-高盛,2023-02-13,9105
2023,燁輝,6,1,5,群益金鼎-高盛,2023-02-13,9105
8409,商之器,5,0,5,群益金鼎-高盛,2023-02-13,9105
8222,寶一,46,41,5,群益金鼎-高盛,2023-02-13,9105
2880,華南金,4,0,4,群益金鼎-高盛,2023-02-13,9105
2201,裕隆,12,8,4,群益金鼎-高盛,2023-02-13,9105
00632R,元大台灣50反1,131,7,124,群益金鼎-高盛,2023-02-14,9105
00637L,元大滬深300正2,213,111,102,群益金鼎-高盛,2023-02-14,9105
3543,州巧,73,1,72,群益金鼎-高盛,2023-02-14,9105
00878,國泰永續高股息,46,0,46,群益金鼎-高盛,2023-02-14,9105
2537,聯上發,40,0,40,群益金鼎-高盛,2023-02-14,9105
2495,普安,21,0,21,群益金鼎-高盛,2023-02-14,9105
4114,健喬,43,23,20,群益金鼎-高盛,2023-02-14,9105
00673R,期元大S＆P原油反1,19,0,19,群益金鼎-高盛,2023-02-14,9105
9925,新保,20,5,15,群益金鼎-高盛,2023-02-14,9105
3624,光頡,15,1,14,群益金鼎-高盛,2023-02-14,9105
4167,松瑞藥,18,5,13,群益金鼎-高盛,2023-02-14,9105
6517,保勝光學,14,1,13,群益金鼎-高盛,2023-02-14,9105
5608,四維航,11,0,11,群益金鼎-高盛,2023-02-14,9105
3293,鈊象,12,1,11,群益金鼎-高盛,2023-02-14,9105
00679B,元大美債20年,10,0,10,群益金鼎-高盛,2023-02-14,9105
4906,正文,10,0,10,群益金鼎-高盛,2023-02-14,9105
2349,錸德,10,0,10,群益金鼎-高盛,2023-02-14,9105
2498,宏達電,27,17,10,群益金鼎-高盛,2023-02-14,9105
6492,生華科,10,0,10,群益金鼎-高盛,2023-02-14,9105
8111,立��,10,0,10,群益金鼎-高盛,2023-02-14,9105
6175,立敦,9,0,9,群益金鼎-高盛,2023-02-14,9105
6796,晉弘,10,1,9,群益金鼎-高盛,2023-02-14,9105
2312,金寶,8,0,8,群益金鼎-高盛,2023-02-14,9105
1605,華新,10,3,7,群益金鼎-高盛,2023-02-14,9105
2201,裕隆,11,4,7,群益金鼎-高盛,2023-02-14,9105
00885,富邦越南,6,0,6,群益金鼎-高盛,2023-02-14,9105
2332,友訊,13,7,6,群益金鼎-高盛,2023-02-14,9105
3479,安勤,24,18,6,群益金鼎-高盛,2023-02-14,9105
6541,泰福-KY,7,1,6,群益金鼎-高盛,2023-02-14,9105
3037,欣興,8,2,6,群益金鼎-高盛,2023-02-14,9105
8069,元太,15,10,5,群益金鼎-高盛,2023-02-14,9105
1227,佳格,5,0,5,群益金鼎-高盛,2023-02-14,9105
00655L,國泰中國A50正2,5,0,5,群益金鼎-高盛,2023-02-14,9105
00669R,國泰美國道瓊反1,5,0,5,群益金鼎-高盛,2023-02-14,9105
2206,三陽工業,5,0,5,群益金鼎-高盛,2023-02-14,9105
3093,港建*,5,0,5,群益金鼎-高盛,2023-02-14,9105
4164,承業醫,20,15,5,群益金鼎-高盛,2023-02-14,9105
0056,元大高股息,5,1,4,群益金鼎-高盛,2023-02-14,9105
6116,彩晶,9,5,4,群益金鼎-高盛,2023-02-14,9105
00665L,富邦�琤肭磪囓�2,4,0,4,群益金鼎-高盛,2023-02-14,9105
1591,駿吉-KY,4,0,4,群益金鼎-高盛,2023-02-14,9105
2027,大成鋼,4,0,4,群益金鼎-高盛,2023-02-14,9105
2351,順德,11,7,4,群益金鼎-高盛,2023-02-14,9105
2484,希華,4,0,4,群益金鼎-高盛,2023-02-14,9105
3661,世芯-KY,5,1,4,群益金鼎-高盛,2023-02-14,9105
2317,鴻海,6,2,4,群益金鼎-高盛,2023-02-14,9105
1584,精剛,5,2,3,群益金鼎-高盛,2023-02-14,9105
6147,頎邦,3,0,3,群益金鼎-高盛,2023-02-14,9105
1609,大亞,3,0,3,群益金鼎-高盛,2023-02-14,9105
2314,台揚,4,1,3,群益金鼎-高盛,2023-02-14,9105
2890,永豐金,150,10,140,群益金鼎-高盛,2023-02-15,9105
2885,元大金,101,0,101,群益金鼎-高盛,2023-02-15,9105
00878,國泰永續高股息,87,0,87,群益金鼎-高盛,2023-02-15,9105
00637L,元大滬深300正2,176,92,84,群益金鼎-高盛,2023-02-15,9105
2610,華航,84,1,83,群益金鼎-高盛,2023-02-15,9105
4915,致伸,50,1,49,群益金鼎-高盛,2023-02-15,9105
2330,台積電,51,14,37,群益金鼎-高盛,2023-02-15,9105
6531,愛普*,42,10,32,群益金鼎-高盛,2023-02-15,9105
2444,兆勁,30,0,30,群益金鼎-高盛,2023-02-15,9105
6180,橘子,29,7,22,群益金鼎-高盛,2023-02-15,9105
6227,茂綸,21,0,21,群益金鼎-高盛,2023-02-15,9105
2537,聯上發,20,0,20,群益金鼎-高盛,2023-02-15,9105
2349,錸德,30,10,20,群益金鼎-高盛,2023-02-15,9105
2882,國泰金,20,1,19,群益金鼎-高盛,2023-02-15,9105
5371,中光電,21,2,19,群益金鼎-高盛,2023-02-15,9105
00673R,期元大S＆P原油反1,17,0,17,群益金鼎-高盛,2023-02-15,9105
2065,世豐,18,1,17,群益金鼎-高盛,2023-02-15,9105
3528,安馳,15,0,15,群益金鼎-高盛,2023-02-15,9105
1514,亞力,25,13,12,群益金鼎-高盛,2023-02-15,9105
1227,佳格,11,0,11,群益金鼎-高盛,2023-02-15,9105
1519,華城,22,11,11,群益金鼎-高盛,2023-02-15,9105
3209,全科,17,6,11,群益金鼎-高盛,2023-02-15,9105
6443,元晶,10,0,10,群益金鼎-高盛,2023-02-15,9105
6116,彩晶,19,9,10,群益金鼎-高盛,2023-02-15,9105
2388,威盛,14,4,10,群益金鼎-高盛,2023-02-15,9105
2495,普安,10,0,10,群益金鼎-高盛,2023-02-15,9105
2845,遠東銀,10,0,10,群益金鼎-高盛,2023-02-15,9105
2897,王道銀行,10,0,10,群益金鼎-高盛,2023-02-15,9105
2405,輔信,9,0,9,群益金鼎-高盛,2023-02-15,9105
3207,耀勝,19,10,9,群益金鼎-高盛,2023-02-15,9105
1709,和益,8,0,8,群益金鼎-高盛,2023-02-15,9105
2014,中鴻,7,0,7,群益金鼎-高盛,2023-02-15,9105
0050,元大台灣50,22,16,6,群益金鼎-高盛,2023-02-15,9105
2482,連宇,7,1,6,群益金鼎-高盛,2023-02-15,9105
6235,華孚,19,13,6,群益金鼎-高盛,2023-02-15,9105
00680L,元大美債20正2,6,0,6,群益金鼎-高盛,2023-02-15,9105
2027,大成鋼,8,2,6,群益金鼎-高盛,2023-02-15,9105
2906,高林,6,0,6,群益金鼎-高盛,2023-02-15,9105
3535,晶彩科,6,0,6,群益金鼎-高盛,2023-02-15,9105
3707,漢磊,6,0,6,群益金鼎-高盛,2023-02-15,9105
4974,亞泰,6,0,6,群益金鼎-高盛,2023-02-15,9105
9945,潤泰新,6,0,6,群益金鼎-高盛,2023-02-15,9105
2354,鴻準,5,0,5,群益金鼎-高盛,2023-02-15,9105
2614,東森,5,0,5,群益金鼎-高盛,2023-02-15,9105
2702,華園,5,0,5,群益金鼎-高盛,2023-02-15,9105
3011,今皓,5,0,5,群益金鼎-高盛,2023-02-15,9105
5425,台半,12,7,5,群益金鼎-高盛,2023-02-15,9105
2754,亞洲藏壽司,21,16,5,群益金鼎-高盛,2023-02-15,9105
00665L,富邦�琤肭磪囓�2,4,0,4,群益金鼎-高盛,2023-02-15,9105
00687B,國泰20年美債,4,0,4,群益金鼎-高盛,2023-02-15,9105
00878,國泰永續高股息,154,17,137,群益金鼎-高盛,2023-02-16,9105
3528,安馳,51,3,48,群益金鼎-高盛,2023-02-16,9105
00679B,元大美債20年,31,0,31,群益金鼎-高盛,2023-02-16,9105
8234,新漢,31,6,25,群益金鼎-高盛,2023-02-16,9105
00715L,期街口布蘭特正2,20,0,20,群益金鼎-高盛,2023-02-16,9105
3710,連展投控,23,3,20,群益金鼎-高盛,2023-02-16,9105
1784,訊聯,20,1,19,群益金鼎-高盛,2023-02-16,9105
00900,富邦特選高股息30,32,14,18,群益金鼎-高盛,2023-02-16,9105
1503,士電,28,13,15,群益金鼎-高盛,2023-02-16,9105
2637,慧洋-KY,13,0,13,群益金鼎-高盛,2023-02-16,9105
1513,中興電,50,38,12,群益金鼎-高盛,2023-02-16,9105
3504,揚明光,15,3,12,群益金鼎-高盛,2023-02-16,9105
6205,詮欣,21,9,12,群益金鼎-高盛,2023-02-16,9105
6227,茂綸,12,0,12,群益金鼎-高盛,2023-02-16,9105
1611,中電,11,0,11,群益金鼎-高盛,2023-02-16,9105
2887,台新金,10,0,10,群益金鼎-高盛,2023-02-16,9105
00655L,國泰中國A50正2,15,5,10,群益金鼎-高盛,2023-02-16,9105
2031,新光鋼,10,0,10,群益金鼎-高盛,2023-02-16,9105
2897,王道銀行,10,0,10,群益金鼎-高盛,2023-02-16,9105
4164,承業醫,10,0,10,群益金鼎-高盛,2023-02-16,9105
8940,新天地,10,0,10,群益金鼎-高盛,2023-02-16,9105
00665L,富邦�琤肭磪囓�2,9,0,9,群益金鼎-高盛,2023-02-16,9105
1529,樂事綠能,9,0,9,群益金鼎-高盛,2023-02-16,9105
1709,和益,9,0,9,群益金鼎-高盛,2023-02-16,9105
3034,聯詠,9,0,9,群益金鼎-高盛,2023-02-16,9105
2731,雄獅,39,30,9,群益金鼎-高盛,2023-02-16,9105
1416,廣豐,9,1,8,群益金鼎-高盛,2023-02-16,9105
2471,資通,13,5,8,群益金鼎-高盛,2023-02-16,9105
6139,亞翔,8,0,8,群益金鼎-高盛,2023-02-16,9105
00683L,期元大美元指正2,6,0,6,群益金鼎-高盛,2023-02-16,9105
3592,瑞鼎,7,1,6,群益金鼎-高盛,2023-02-16,9105
3675,德微,11,5,6,群益金鼎-高盛,2023-02-16,9105
2867,三商壽,6,0,6,群益金鼎-高盛,2023-02-16,9105
2330,台積電,20,14,6,群益金鼎-高盛,2023-02-16,9105
00753L,中信中國50正2,5,0,5,群益金鼎-高盛,2023-02-16,9105
1517,利奇,5,0,5,群益金鼎-高盛,2023-02-16,9105
2323,中環,5,0,5,群益金鼎-高盛,2023-02-16,9105
2328,廣宇,5,0,5,群益金鼎-高盛,2023-02-16,9105
2834,臺企銀,5,0,5,群益金鼎-高盛,2023-02-16,9105
6548,長科*,5,0,5,群益金鼎-高盛,2023-02-16,9105
6690,安�硌穈T,5,0,5,群益金鼎-高盛,2023-02-16,9105
2303,聯電,13,8,5,群益金鼎-高盛,2023-02-16,9105
1437,勤益控,4,0,4,群益金鼎-高盛,2023-02-16,9105
1519,華城,10,6,4,群益金鼎-高盛,2023-02-16,9105
2313,華通,11,7,4,群益金鼎-高盛,2023-02-16,9105
2461,光群雷,4,0,4,群益金鼎-高盛,2023-02-16,9105
5351,鈺創,4,0,4,群益金鼎-高盛,2023-02-16,9105
8289,泰藝,4,0,4,群益金鼎-高盛,2023-02-16,9105
8358,金居,13,9,4,群益金鼎-高盛,2023-02-16,9105
1417,嘉裕,3,0,3,群益金鼎-高盛,2023-02-16,9105
2610,華航,532,59,473,群益金鼎-高盛,2023-02-17,9105
00637L,元大滬深300正2,236,149,87,群益金鼎-高盛,2023-02-17,9105
3037,欣興,84,3,81,群益金鼎-高盛,2023-02-17,9105
00900,富邦特選高股息30,66,1,65,群益金鼎-高盛,2023-02-17,9105
6227,茂綸,42,0,42,群益金鼎-高盛,2023-02-17,9105
3024,憶聲,28,0,28,群益金鼎-高盛,2023-02-17,9105
3528,安馳,33,8,25,群益金鼎-高盛,2023-02-17,9105
00679B,元大美債20年,23,0,23,群益金鼎-高盛,2023-02-17,9105
2332,友訊,23,0,23,群益金鼎-高盛,2023-02-17,9105
3419,譁裕,20,0,20,群益金鼎-高盛,2023-02-17,9105
5701,劍湖山,20,0,20,群益金鼎-高盛,2023-02-17,9105
6271,同欣電,16,0,16,群益金鼎-高盛,2023-02-17,9105
2812,台中銀,16,0,16,群益金鼎-高盛,2023-02-17,9105
00751B,元大AAA至A公司債,15,0,15,群益金鼎-高盛,2023-02-17,9105
00632R,元大台灣50反1,15,1,14,群益金鼎-高盛,2023-02-17,9105
2706,第一店,14,0,14,群益金鼎-高盛,2023-02-17,9105
6443,元晶,18,4,14,群益金鼎-高盛,2023-02-17,9105
8222,寶一,40,26,14,群益金鼎-高盛,2023-02-17,9105
1504,東元,13,0,13,群益金鼎-高盛,2023-02-17,9105
00670L,富邦NASDAQ正2,12,0,12,群益金鼎-高盛,2023-02-17,9105
1103,嘉泥,14,2,12,群益金鼎-高盛,2023-02-17,9105
3209,全科,12,0,12,群益金鼎-高盛,2023-02-17,9105
1319,東陽,13,2,11,群益金鼎-高盛,2023-02-17,9105
1236,宏亞,10,0,10,群益金鼎-高盛,2023-02-17,9105
3027,盛達,14,4,10,群益金鼎-高盛,2023-02-17,9105
3624,光頡,10,0,10,群益金鼎-高盛,2023-02-17,9105
6005,群益證,10,0,10,群益金鼎-高盛,2023-02-17,9105
6207,雷科,10,0,10,群益金鼎-高盛,2023-02-17,9105
6265,方土昶,10,0,10,群益金鼎-高盛,2023-02-17,9105
6547,高端疫苗,11,1,10,群益金鼎-高盛,2023-02-17,9105
00753L,中信中國50正2,9,0,9,群益金鼎-高盛,2023-02-17,9105
1444,力麗,10,1,9,群益金鼎-高盛,2023-02-17,9105
2027,大成鋼,9,0,9,群益金鼎-高盛,2023-02-17,9105
3128,昇銳,19,10,9,群益金鼎-高盛,2023-02-17,9105
1506,正道,8,0,8,群益金鼎-高盛,2023-02-17,9105
1522,堤維西,8,1,7,群益金鼎-高盛,2023-02-17,9105
2376,技嘉,10,4,6,群益金鼎-高盛,2023-02-17,9105
3711,日月光投控,6,0,6,群益金鼎-高盛,2023-02-17,9105
4979,華星光,13,7,6,群益金鼎-高盛,2023-02-17,9105
5328,華容,6,0,6,群益金鼎-高盛,2023-02-17,9105
6603,富強鑫,6,0,6,群益金鼎-高盛,2023-02-17,9105
1584,精剛,17,12,5,群益金鼎-高盛,2023-02-17,9105
2022,聚亨,5,0,5,群益金鼎-高盛,2023-02-17,9105
2329,華泰,6,1,5,群益金鼎-高盛,2023-02-17,9105
2358,廷鑫,5,0,5,群益金鼎-高盛,2023-02-17,9105
2453,凌群,5,0,5,群益金鼎-高盛,2023-02-17,9105
2888,新光金,5,0,5,群益金鼎-高盛,2023-02-17,9105
3252,海灣,5,0,5,群益金鼎-高盛,2023-02-17,9105
6541,泰福-KY,5,0,5,群益金鼎-高盛,2023-02-17,9105
8930,青鋼,5,0,5,群益金鼎-高盛,2023-02-17,9105
2610,華航,294,79,215,群益金鼎-高盛,2023-02-20,9105
4529,淳紳,93,0,93,群益金鼎-高盛,2023-02-20,9105
6116,彩晶,87,12,75,群益金鼎-高盛,2023-02-20,9105
3481,群創,86,31,55,群益金鼎-高盛,2023-02-20,9105
3528,安馳,59,12,47,群益金鼎-高盛,2023-02-20,9105
2701,萬企,30,0,30,群益金鼎-高盛,2023-02-20,9105
2882,國泰金,33,5,28,群益金鼎-高盛,2023-02-20,9105
2705,六福,45,25,20,群益金鼎-高盛,2023-02-20,9105
6227,茂綸,20,0,20,群益金鼎-高盛,2023-02-20,9105
6239,力成,20,0,20,群益金鼎-高盛,2023-02-20,9105
2897,王道銀行,16,0,16,群益金鼎-高盛,2023-02-20,9105
5512,力麒,23,7,16,群益金鼎-高盛,2023-02-20,9105
5704,老爺知,28,12,16,群益金鼎-高盛,2023-02-20,9105
2834,臺企銀,22,6,16,群益金鼎-高盛,2023-02-20,9105
5469,瀚宇博,15,0,15,群益金鼎-高盛,2023-02-20,9105
3049,精金,17,4,13,群益金鼎-高盛,2023-02-20,9105
2323,中環,12,0,12,群益金鼎-高盛,2023-02-20,9105
4123,晟德,12,0,12,群益金鼎-高盛,2023-02-20,9105
6188,廣明,12,0,12,群益金鼎-高盛,2023-02-20,9105
8358,金居,13,1,12,群益金鼎-高盛,2023-02-20,9105
6517,保勝光學,13,1,12,群益金鼎-高盛,2023-02-20,9105
6207,雷科,11,0,11,群益金鼎-高盛,2023-02-20,9105
1560,中砂,10,0,10,群益金鼎-高盛,2023-02-20,9105
2369,菱生,10,0,10,群益金鼎-高盛,2023-02-20,9105
2489,瑞軒,10,0,10,群益金鼎-高盛,2023-02-20,9105
3702,大聯大,10,0,10,群益金鼎-高盛,2023-02-20,9105
8234,新漢,10,0,10,群益金鼎-高盛,2023-02-20,9105
1342,八貫,14,5,9,群益金鼎-高盛,2023-02-20,9105
2471,資通,14,5,9,群益金鼎-高盛,2023-02-20,9105
2748,雲品,24,15,9,群益金鼎-高盛,2023-02-20,9105
1437,勤益控,8,0,8,群益金鼎-高盛,2023-02-20,9105
3224,三顧,10,2,8,群益金鼎-高盛,2023-02-20,9105
4979,華星光,29,21,8,群益金鼎-高盛,2023-02-20,9105
6139,亞翔,8,0,8,群益金鼎-高盛,2023-02-20,9105
1513,中興電,27,19,8,群益金鼎-高盛,2023-02-20,9105
4977,眾達-KY,11,4,7,群益金鼎-高盛,2023-02-20,9105
1455,集盛,7,0,7,群益金鼎-高盛,2023-02-20,9105
6561,是方,7,0,7,群益金鼎-高盛,2023-02-20,9105
2731,雄獅,17,11,6,群益金鼎-高盛,2023-02-20,9105
6245,立端,27,21,6,群益金鼎-高盛,2023-02-20,9105
2706,第一店,6,0,6,群益金鼎-高盛,2023-02-20,9105
2316,楠梓電,7,1,6,群益金鼎-高盛,2023-02-20,9105
1514,亞力,11,5,6,群益金鼎-高盛,2023-02-20,9105
00679B,元大美債20年,5,0,5,群益金鼎-高盛,2023-02-20,9105
00902,中信電池及儲能,5,0,5,群益金鼎-高盛,2023-02-20,9105
00753L,中信中國50正2,5,0,5,群益金鼎-高盛,2023-02-20,9105
1227,佳格,5,0,5,群益金鼎-高盛,2023-02-20,9105
1304,台聚,5,0,5,群益金鼎-高盛,2023-02-20,9105
0056,元大高股息,6,1,5,群益金鼎-高盛,2023-02-20,9105
1526,日馳,5,0,5,群益金鼎-高盛,2023-02-20,9105
2609,陽明,471,22,449,群益金鼎-高盛,2023-02-21,9105
2610,華航,285,24,261,群益金鼎-高盛,2023-02-21,9105
2890,永豐金,165,0,165,群益金鼎-高盛,2023-02-21,9105
2603,長榮,184,41,143,群益金鼎-高盛,2023-02-21,9105
3528,安馳,99,0,99,群益金鼎-高盛,2023-02-21,9105
2444,兆勁,81,1,80,群益金鼎-高盛,2023-02-21,9105
3481,群創,56,11,45,群益金鼎-高盛,2023-02-21,9105
6548,長科*,30,0,30,群益金鼎-高盛,2023-02-21,9105
6227,茂綸,25,0,25,群益金鼎-高盛,2023-02-21,9105
00878,國泰永續高股息,23,0,23,群益金鼎-高盛,2023-02-21,9105
2349,錸德,20,0,20,群益金鼎-高盛,2023-02-21,9105
2457,飛宏,69,49,20,群益金鼎-高盛,2023-02-21,9105
2534,宏盛,20,0,20,群益金鼎-高盛,2023-02-21,9105
8222,寶一,39,19,20,群益金鼎-高盛,2023-02-21,9105
2618,長榮航,27,8,19,群益金鼎-高盛,2023-02-21,9105
1709,和益,18,0,18,群益金鼎-高盛,2023-02-21,9105
00650L,復華香港正2,30,15,15,群益金鼎-高盛,2023-02-21,9105
6457,紘康,14,0,14,群益金鼎-高盛,2023-02-21,9105
1605,華新,24,11,13,群益金鼎-高盛,2023-02-21,9105
1455,集盛,13,0,13,群益金鼎-高盛,2023-02-21,9105
00715L,期街口布蘭特正2,13,0,13,群益金鼎-高盛,2023-02-21,9105
2367,燿華,13,0,13,群益金鼎-高盛,2023-02-21,9105
6770,力積電,14,1,13,群益金鼎-高盛,2023-02-21,9105
2867,三商壽,12,0,12,群益金鼎-高盛,2023-02-21,9105
2027,大成鋼,12,0,12,群益金鼎-高盛,2023-02-21,9105
2897,王道銀行,12,0,12,群益金鼎-高盛,2023-02-21,9105
2634,漢翔,14,2,12,群益金鼎-高盛,2023-02-21,9105
00772B,中信高評級公司債,11,0,11,群益金鼎-高盛,2023-02-21,9105
2884,玉山金,43,32,11,群益金鼎-高盛,2023-02-21,9105
00753L,中信中國50正2,10,0,10,群益金鼎-高盛,2023-02-21,9105
1227,佳格,10,0,10,群益金鼎-高盛,2023-02-21,9105
2836,高雄銀,10,0,10,群益金鼎-高盛,2023-02-21,9105
3224,三顧,10,0,10,群益金鼎-高盛,2023-02-21,9105
6026,福邦證,10,0,10,群益金鼎-高盛,2023-02-21,9105
00725B,國泰投資級公司債,9,0,9,群益金鼎-高盛,2023-02-21,9105
3078,僑威,11,2,9,群益金鼎-高盛,2023-02-21,9105
2485,兆赫,8,0,8,群益金鼎-高盛,2023-02-21,9105
3032,偉訓,8,0,8,群益金鼎-高盛,2023-02-21,9105
6207,雷科,8,0,8,群益金鼎-高盛,2023-02-21,9105
6603,富強鑫,8,0,8,群益金鼎-高盛,2023-02-21,9105
8163,達方,8,0,8,群益金鼎-高盛,2023-02-21,9105
4931,新盛力,28,20,8,群益金鼎-高盛,2023-02-21,9105
2834,臺企銀,10,3,7,群益金鼎-高盛,2023-02-21,9105
3594,磐儀,33,26,7,群益金鼎-高盛,2023-02-21,9105
8084,巨虹,9,2,7,群益金鼎-高盛,2023-02-21,9105
3693,營邦,14,7,7,群益金鼎-高盛,2023-02-21,9105
00637L,元大滬深300正2,77,71,6,群益金鼎-高盛,2023-02-21,9105
2009,第一銅,6,0,6,群益金鼎-高盛,2023-02-21,9105
2313,華通,7,1,6,群益金鼎-高盛,2023-02-21,9105
3152,璟德,6,0,6,群益金鼎-高盛,2023-02-21,9105
00632R,元大台灣50反1,200,12,188,群益金鼎-高盛,2023-02-22,9105
3049,精金,116,3,113,群益金鼎-高盛,2023-02-22,9105
00637L,元大滬深300正2,86,30,56,群益金鼎-高盛,2023-02-22,9105
2498,宏達電,62,8,54,群益金鼎-高盛,2023-02-22,9105
2705,六福,65,11,54,群益金鼎-高盛,2023-02-22,9105
3037,欣興,51,5,46,群益金鼎-高盛,2023-02-22,9105
3032,偉訓,44,0,44,群益金鼎-高盛,2023-02-22,9105
00878,國泰永續高股息,82,41,41,群益金鼎-高盛,2023-02-22,9105
2883,凱基金,34,2,32,群益金鼎-高盛,2023-02-22,9105
2897,王道銀行,28,0,28,群益金鼎-高盛,2023-02-22,9105
00720B,元大投資級公司債,27,0,27,群益金鼎-高盛,2023-02-22,9105
0056,元大高股息,22,2,20,群益金鼎-高盛,2023-02-22,9105
00753L,中信中國50正2,41,22,19,群益金鼎-高盛,2023-02-22,9105
2634,漢翔,19,0,19,群益金鼎-高盛,2023-02-22,9105
3481,群創,39,23,16,群益金鼎-高盛,2023-02-22,9105
2903,遠百,16,0,16,群益金鼎-高盛,2023-02-22,9105
6227,茂綸,36,20,16,群益金鼎-高盛,2023-02-22,9105
9925,新保,15,0,15,群益金鼎-高盛,2023-02-22,9105
2388,威盛,26,12,14,群益金鼎-高盛,2023-02-22,9105
3455,由田,14,0,14,群益金鼎-高盛,2023-02-22,9105
2887,台新金,15,2,13,群益金鼎-高盛,2023-02-22,9105
2303,聯電,21,9,12,群益金鼎-高盛,2023-02-22,9105
2457,飛宏,17,5,12,群益金鼎-高盛,2023-02-22,9105
1506,正道,11,0,11,群益金鼎-高盛,2023-02-22,9105
6288,聯嘉,12,1,11,群益金鼎-高盛,2023-02-22,9105
2867,三商壽,10,0,10,群益金鼎-高盛,2023-02-22,9105
3528,安馳,10,0,10,群益金鼎-高盛,2023-02-22,9105
6207,雷科,10,0,10,群益金鼎-高盛,2023-02-22,9105
8473,山林水,10,0,10,群益金鼎-高盛,2023-02-22,9105
3035,智原,26,17,9,群益金鼎-高盛,2023-02-22,9105
5701,劍湖山,10,1,9,群益金鼎-高盛,2023-02-22,9105
9942,茂順,9,0,9,群益金鼎-高盛,2023-02-22,9105
00692,富邦公司治理,8,0,8,群益金鼎-高盛,2023-02-22,9105
2014,中鴻,10,2,8,群益金鼎-高盛,2023-02-22,9105
2344,華邦電,9,1,8,群益金鼎-高盛,2023-02-22,9105
2880,華南金,8,0,8,群益金鼎-高盛,2023-02-22,9105
5905,南仁湖,8,0,8,群益金鼎-高盛,2023-02-22,9105
0050,元大台灣50,7,0,7,群益金鼎-高盛,2023-02-22,9105
3034,聯詠,7,0,7,群益金鼎-高盛,2023-02-22,9105
00772B,中信高評級公司債,7,0,7,群益金鼎-高盛,2023-02-22,9105
3169,亞信,8,1,7,群益金鼎-高盛,2023-02-22,9105
6180,橘子,7,0,7,群益金鼎-高盛,2023-02-22,9105
6234,高僑,8,1,7,群益金鼎-高盛,2023-02-22,9105
00751B,元大AAA至A公司債,7,0,7,群益金鼎-高盛,2023-02-22,9105
1342,八貫,13,7,6,群益金鼎-高盛,2023-02-22,9105
2108,南帝,11,5,6,群益金鼎-高盛,2023-02-22,9105
3380,明泰,7,1,6,群益金鼎-高盛,2023-02-22,9105
6770,力積電,6,0,6,群益金鼎-高盛,2023-02-22,9105
00882,中信中國高股息,6,0,6,群益金鼎-高盛,2023-02-22,9105
00773B,中信優先金融債,5,0,5,群益金鼎-高盛,2023-02-22,9105
6770,力積電,52,2,50,群益金鼎-高盛,2023-02-23,9105
3481,群創,46,1,45,群益金鼎-高盛,2023-02-23,9105
9904,寶成,33,0,33,群益金鼎-高盛,2023-02-23,9105
00715L,期街口布蘭特正2,26,0,26,群益金鼎-高盛,2023-02-23,9105
2801,彰銀,25,0,25,群益金鼎-高盛,2023-02-23,9105
00637L,元大滬深300正2,179,155,24,群益金鼎-高盛,2023-02-23,9105
8068,全達,20,0,20,群益金鼎-高盛,2023-02-23,9105
8930,青鋼,20,0,20,群益金鼎-高盛,2023-02-23,9105
3594,磐儀,20,4,16,群益金鼎-高盛,2023-02-23,9105
6245,立端,19,4,15,群益金鼎-高盛,2023-02-23,9105
00753L,中信中國50正2,15,0,15,群益金鼎-高盛,2023-02-23,9105
4133,亞諾法,15,0,15,群益金鼎-高盛,2023-02-23,9105
00720B,元大投資級公司債,13,0,13,群益金鼎-高盛,2023-02-23,9105
2883,凱基金,13,0,13,群益金鼎-高盛,2023-02-23,9105
6207,雷科,13,0,13,群益金鼎-高盛,2023-02-23,9105
2610,華航,26,14,12,群益金鼎-高盛,2023-02-23,9105
6806,森崴能源,11,0,11,群益金鼎-高盛,2023-02-23,9105
8033,雷虎,13,2,11,群益金鼎-高盛,2023-02-23,9105
2208,台船,19,8,11,群益金鼎-高盛,2023-02-23,9105
8069,元太,15,5,10,群益金鼎-高盛,2023-02-23,9105
2409,友達,20,10,10,群益金鼎-高盛,2023-02-23,9105
2719,燦星旅,10,0,10,群益金鼎-高盛,2023-02-23,9105
2809,京城銀,10,0,10,群益金鼎-高盛,2023-02-23,9105
2890,永豐金,20,10,10,群益金鼎-高盛,2023-02-23,9105
2903,遠百,11,1,10,群益金鼎-高盛,2023-02-23,9105
5315,光聯,10,0,10,群益金鼎-高盛,2023-02-23,9105
3293,鈊象,9,0,9,群益金鼎-高盛,2023-02-23,9105
5371,中光電,9,0,9,群益金鼎-高盛,2023-02-23,9105
6116,彩晶,17,8,9,群益金鼎-高盛,2023-02-23,9105
2836,高雄銀,8,0,8,群益金鼎-高盛,2023-02-23,9105
6234,高僑,8,0,8,群益金鼎-高盛,2023-02-23,9105
2243,宏旭-KY,7,0,7,群益金鼎-高盛,2023-02-23,9105
2601,益航,16,9,7,群益金鼎-高盛,2023-02-23,9105
4545,銘鈺,7,0,7,群益金鼎-高盛,2023-02-23,9105
8473,山林水,7,0,7,群益金鼎-高盛,2023-02-23,9105
8936,國統,45,38,7,群益金鼎-高盛,2023-02-23,9105
3027,盛達,14,7,7,群益金鼎-高盛,2023-02-23,9105
00665L,富邦�琤肭磪囓�2,6,0,6,群益金鼎-高盛,2023-02-23,9105
2108,南帝,10,4,6,群益金鼎-高盛,2023-02-23,9105
2329,華泰,6,0,6,群益金鼎-高盛,2023-02-23,9105
2405,輔信,6,0,6,群益金鼎-高盛,2023-02-23,9105
3441,聯一光,6,0,6,群益金鼎-高盛,2023-02-23,9105
2618,長榮航,11,5,6,群益金鼎-高盛,2023-02-23,9105
1529,樂事綠能,5,0,5,群益金鼎-高盛,2023-02-23,9105
1219,福壽,5,0,5,群益金鼎-高盛,2023-02-23,9105
1305,華夏,5,0,5,群益金鼎-高盛,2023-02-23,9105
00882,中信中國高股息,5,0,5,群益金鼎-高盛,2023-02-23,9105
1409,新纖,5,0,5,群益金鼎-高盛,2023-02-23,9105
1907,永豐餘,5,0,5,群益金鼎-高盛,2023-02-23,9105
2206,三陽工業,5,0,5,群益金鼎-高盛,2023-02-23,9105
2890,永豐金,173,1,172,群益金鼎-高盛,2023-02-24,9105
00637L,元大滬深300正2,264,170,94,群益金鼎-高盛,2023-02-24,9105
3037,欣興,66,4,62,群益金鼎-高盛,2023-02-24,9105
6227,茂綸,56,0,56,群益金鼎-高盛,2023-02-24,9105
3528,安馳,48,0,48,群益金鼎-高盛,2023-02-24,9105
2498,宏達電,61,16,45,群益金鼎-高盛,2023-02-24,9105
2867,三商壽,30,2,28,群益金鼎-高盛,2023-02-24,9105
6257,矽格,30,3,27,群益金鼎-高盛,2023-02-24,9105
2606,裕民,75,49,26,群益金鼎-高盛,2023-02-24,9105
3515,華擎,26,5,21,群益金鼎-高盛,2023-02-24,9105
00900,富邦特選高股息30,17,2,15,群益金鼎-高盛,2023-02-24,9105
4147,中裕,16,1,15,群益金鼎-高盛,2023-02-24,9105
2601,益航,46,33,13,群益金鼎-高盛,2023-02-24,9105
4906,正文,13,0,13,群益金鼎-高盛,2023-02-24,9105
1444,力麗,17,5,12,群益金鼎-高盛,2023-02-24,9105
3673,TPK-KY,13,1,12,群益金鼎-高盛,2023-02-24,9105
4960,誠美材,12,0,12,群益金鼎-高盛,2023-02-24,9105
2634,漢翔,17,6,11,群益金鼎-高盛,2023-02-24,9105
6207,雷科,11,0,11,群益金鼎-高盛,2023-02-24,9105
6443,元晶,12,1,11,群益金鼎-高盛,2023-02-24,9105
2009,第一銅,10,0,10,群益金鼎-高盛,2023-02-24,9105
2485,兆赫,10,0,10,群益金鼎-高盛,2023-02-24,9105
8358,金居,11,1,10,群益金鼎-高盛,2023-02-24,9105
2495,普安,10,0,10,群益金鼎-高盛,2023-02-24,9105
6150,撼訊,11,1,10,群益金鼎-高盛,2023-02-24,9105
8930,青鋼,10,0,10,群益金鼎-高盛,2023-02-24,9105
00882,中信中國高股息,9,0,9,群益金鼎-高盛,2023-02-24,9105
4953,緯軟,9,0,9,群益金鼎-高盛,2023-02-24,9105
6233,旺玖,9,0,9,群益金鼎-高盛,2023-02-24,9105
6248,沛波,10,1,9,群益金鼎-高盛,2023-02-24,9105
6690,安�硌穈T,12,3,9,群益金鼎-高盛,2023-02-24,9105
8069,元太,27,18,9,群益金鼎-高盛,2023-02-24,9105
3049,精金,8,0,8,群益金鼎-高盛,2023-02-24,9105
6531,愛普*,21,13,8,群益金鼎-高盛,2023-02-24,9105
2618,長榮航,7,0,7,群益金鼎-高盛,2023-02-24,9105
2317,鴻海,7,0,7,群益金鼎-高盛,2023-02-24,9105
3027,盛達,9,2,7,群益金鼎-高盛,2023-02-24,9105
3041,揚智,7,0,7,群益金鼎-高盛,2023-02-24,9105
5351,鈺創,15,8,7,群益金鼎-高盛,2023-02-24,9105
8033,雷虎,11,5,6,群益金鼎-高盛,2023-02-24,9105
1605,華新,7,1,6,群益金鼎-高盛,2023-02-24,9105
2337,旺宏,6,0,6,群益金鼎-高盛,2023-02-24,9105
2611,志信,7,1,6,群益金鼎-高盛,2023-02-24,9105
3152,璟德,6,0,6,群益金鼎-高盛,2023-02-24,9105
4924,欣厚-KY,6,0,6,群益金鼎-高盛,2023-02-24,9105
5258,虹堡,32,26,6,群益金鼎-高盛,2023-02-24,9105
5512,力麒,15,9,6,群益金鼎-高盛,2023-02-24,9105
8234,新漢,6,0,6,群益金鼎-高盛,2023-02-24,9105
9942,茂順,6,0,6,群益金鼎-高盛,2023-02-24,9105
2436,偉詮電,6,0,6,群益金鼎-高盛,2023-02-24,9105
2890,永豐金,225,0,225,群益金鼎-高盛,2023-03-01,9105
2601,益航,106,18,88,群益金鼎-高盛,2023-03-01,9105
00878,國泰永續高股息,77,0,77,群益金鼎-高盛,2023-03-01,9105
8111,立��,60,1,59,群益金鼎-高盛,2023-03-01,9105
2388,威盛,65,17,48,群益金鼎-高盛,2023-03-01,9105
2002,中鋼,43,0,43,群益金鼎-高盛,2023-03-01,9105
1605,華新,45,5,40,群益金鼎-高盛,2023-03-01,9105
2504,國產,40,0,40,群益金鼎-高盛,2023-03-01,9105
0056,元大高股息,33,0,33,群益金鼎-高盛,2023-03-01,9105
2884,玉山金,31,1,30,群益金鼎-高盛,2023-03-01,9105
1101,台泥,35,8,27,群益金鼎-高盛,2023-03-01,9105
5009,榮剛,23,0,23,群益金鼎-高盛,2023-03-01,9105
6116,彩晶,30,7,23,群益金鼎-高盛,2023-03-01,9105
2885,元大金,24,2,22,群益金鼎-高盛,2023-03-01,9105
2702,華園,21,0,21,群益金鼎-高盛,2023-03-01,9105
2330,台積電,21,3,18,群益金鼎-高盛,2023-03-01,9105
3006,晶豪科,16,0,16,群益金鼎-高盛,2023-03-01,9105
6547,高端疫苗,16,2,14,群益金鼎-高盛,2023-03-01,9105
00673R,期元大S＆P原油反1,14,0,14,群益金鼎-高盛,2023-03-01,9105
6168,宏齊,12,0,12,群益金鼎-高盛,2023-03-01,9105
2882,國泰金,12,1,11,群益金鼎-高盛,2023-03-01,9105
6770,力積電,11,0,11,群益金鼎-高盛,2023-03-01,9105
2606,裕民,19,9,10,群益金鼎-高盛,2023-03-01,9105
1504,東元,15,5,10,群益金鼎-高盛,2023-03-01,9105
2349,錸德,10,0,10,群益金鼎-高盛,2023-03-01,9105
2614,東森,10,0,10,群益金鼎-高盛,2023-03-01,9105
5315,光聯,10,0,10,群益金鼎-高盛,2023-03-01,9105
6153,嘉聯益,10,0,10,群益金鼎-高盛,2023-03-01,9105
8403,盛弘,10,0,10,群益金鼎-高盛,2023-03-01,9105
9950,萬國通,10,0,10,群益金鼎-高盛,2023-03-01,9105
3038,全台,10,0,10,群益金鼎-高盛,2023-03-01,9105
5464,霖宏,19,9,10,群益金鼎-高盛,2023-03-01,9105
00679B,元大美債20年,10,1,9,群益金鼎-高盛,2023-03-01,9105
1210,大成,17,8,9,群益金鼎-高盛,2023-03-01,9105
2641,正德,10,1,9,群益金鼎-高盛,2023-03-01,9105
3005,神基,11,2,9,群益金鼎-高盛,2023-03-01,9105
6147,頎邦,10,1,9,群益金鼎-高盛,2023-03-01,9105
2023,燁輝,9,0,9,群益金鼎-高盛,2023-03-01,9105
2617,台航,10,2,8,群益金鼎-高盛,2023-03-01,9105
2419,仲琦,11,3,8,群益金鼎-高盛,2023-03-01,9105
00692,富邦公司治理,8,0,8,群益金鼎-高盛,2023-03-01,9105
6118,建達,7,0,7,群益金鼎-高盛,2023-03-01,9105
2881,富邦金,7,0,7,群益金鼎-高盛,2023-03-01,9105
2344,華邦電,8,1,7,群益金鼎-高盛,2023-03-01,9105
2014,中鴻,11,4,7,群益金鼎-高盛,2023-03-01,9105
2609,陽明,25,18,7,群益金鼎-高盛,2023-03-01,9105
2243,宏旭-KY,6,0,6,群益金鼎-高盛,2023-03-01,9105
3419,譁裕,6,0,6,群益金鼎-高盛,2023-03-01,9105
6457,紘康,6,0,6,群益金鼎-高盛,2023-03-01,9105
6541,泰福-KY,8,2,6,群益金鼎-高盛,2023-03-01,9105
2890,永豐金,171,0,171,群益金鼎-高盛,2023-03-02,9105
2409,友達,133,0,133,群益金鼎-高盛,2023-03-02,9105
00637L,元大滬深300正2,224,132,92,群益金鼎-高盛,2023-03-02,9105
2344,華邦電,104,58,46,群益金鼎-高盛,2023-03-02,9105
1605,華新,75,32,43,群益金鼎-高盛,2023-03-02,9105
2834,臺企銀,40,0,40,群益金鼎-高盛,2023-03-02,9105
00878,國泰永續高股息,45,5,40,群益金鼎-高盛,2023-03-02,9105
2388,威盛,54,21,33,群益金鼎-高盛,2023-03-02,9105
6282,康舒,38,10,28,群益金鼎-高盛,2023-03-02,9105
3481,群創,37,12,25,群益金鼎-高盛,2023-03-02,9105
2886,兆豐金,23,1,22,群益金鼎-高盛,2023-03-02,9105
3528,安馳,25,5,20,群益金鼎-高盛,2023-03-02,9105
5465,富驊,20,0,20,群益金鼎-高盛,2023-03-02,9105
2892,第一金,20,1,19,群益金鼎-高盛,2023-03-02,9105
00679B,元大美債20年,17,0,17,群益金鼎-高盛,2023-03-02,9105
9942,茂順,15,0,15,群益金鼎-高盛,2023-03-02,9105
2883,凱基金,15,1,14,群益金鼎-高盛,2023-03-02,9105
2891,中信金,13,0,13,群益金鼎-高盛,2023-03-02,9105
0056,元大高股息,10,0,10,群益金鼎-高盛,2023-03-02,9105
1219,福壽,10,0,10,群益金鼎-高盛,2023-03-02,9105
2353,宏��,10,0,10,群益金鼎-高盛,2023-03-02,9105
3032,偉訓,10,0,10,群益金鼎-高盛,2023-03-02,9105
3048,益登,10,0,10,群益金鼎-高盛,2023-03-02,9105
3141,晶宏,11,1,10,群益金鼎-高盛,2023-03-02,9105
5351,鈺創,24,16,8,群益金鼎-高盛,2023-03-02,9105
1101,台泥,10,2,8,群益金鼎-高盛,2023-03-02,9105
8940,新天地,10,3,7,群益金鼎-高盛,2023-03-02,9105
2303,聯電,8,1,7,群益金鼎-高盛,2023-03-02,9105
00665L,富邦�琤肭磪囓�2,7,0,7,群益金鼎-高盛,2023-03-02,9105
2405,輔信,7,0,7,群益金鼎-高盛,2023-03-02,9105
2611,志信,7,0,7,群益金鼎-高盛,2023-03-02,9105
3346,麗清,8,1,7,群益金鼎-高盛,2023-03-02,9105
2340,台亞,8,1,7,群益金鼎-高盛,2023-03-02,9105
8367,建新國際,6,0,6,群益金鼎-高盛,2023-03-02,9105
2023,燁輝,6,0,6,群益金鼎-高盛,2023-03-02,9105
2421,建準,6,0,6,群益金鼎-高盛,2023-03-02,9105
2884,玉山金,6,0,6,群益金鼎-高盛,2023-03-02,9105
5009,榮剛,6,0,6,群益金鼎-高盛,2023-03-02,9105
6531,愛普*,11,5,6,群益金鼎-高盛,2023-03-02,9105
8234,新漢,6,0,6,群益金鼎-高盛,2023-03-02,9105
00715L,期街口布蘭特正2,16,10,6,群益金鼎-高盛,2023-03-02,9105
00772B,中信高評級公司債,5,0,5,群益金鼎-高盛,2023-03-02,9105
3705,永信,5,0,5,群益金鼎-高盛,2023-03-02,9105
00738U,期元大道瓊白銀,5,0,5,群益金鼎-高盛,2023-03-02,9105
2208,台船,5,0,5,群益金鼎-高盛,2023-03-02,9105
2851,中再保,5,0,5,群益金鼎-高盛,2023-03-02,9105
3030,德律,5,0,5,群益金鼎-高盛,2023-03-02,9105
3047,訊舟,5,0,5,群益金鼎-高盛,2023-03-02,9105
3491,昇達科,5,0,5,群益金鼎-高盛,2023-03-02,9105
5512,力麒,9,4,5,群益金鼎-高盛,2023-03-02,9105
3481,群創,219,51,168,群益金鼎-高盛,2023-03-03,9105
00637L,元大滬深300正2,276,217,59,群益金鼎-高盛,2023-03-03,9105
2388,威盛,76,25,51,群益金鼎-高盛,2023-03-03,9105
0056,元大高股息,50,3,47,群益金鼎-高盛,2023-03-03,9105
2890,永豐金,42,3,39,群益金鼎-高盛,2023-03-03,9105
1605,華新,56,25,31,群益金鼎-高盛,2023-03-03,9105
2363,矽統,30,1,29,群益金鼎-高盛,2023-03-03,9105
2498,宏達電,49,20,29,群益金鼎-高盛,2023-03-03,9105
3016,嘉晶,21,0,21,群益金鼎-高盛,2023-03-03,9105
6697,東捷資訊,20,0,20,群益金鼎-高盛,2023-03-03,9105
8110,華東,20,0,20,群益金鼎-高盛,2023-03-03,9105
8111,立��,20,0,20,群益金鼎-高盛,2023-03-03,9105
4130,健亞,20,2,18,群益金鼎-高盛,2023-03-03,9105
6139,亞翔,19,2,17,群益金鼎-高盛,2023-03-03,9105
2641,正德,18,2,16,群益金鼎-高盛,2023-03-03,9105
0050,元大台灣50,13,1,12,群益金鼎-高盛,2023-03-03,9105
00679B,元大美債20年,12,0,12,群益金鼎-高盛,2023-03-03,9105
00632R,元大台灣50反1,11,0,11,群益金鼎-高盛,2023-03-03,9105
2329,華泰,11,0,11,群益金鼎-高盛,2023-03-03,9105
2471,資通,11,0,11,群益金鼎-高盛,2023-03-03,9105
2606,裕民,13,2,11,群益金鼎-高盛,2023-03-03,9105
8043,蜜望實,11,0,11,群益金鼎-高盛,2023-03-03,9105
2637,慧洋-KY,18,7,11,群益金鼎-高盛,2023-03-03,9105
00878,國泰永續高股息,11,1,10,群益金鼎-高盛,2023-03-03,9105
5009,榮剛,12,2,10,群益金鼎-高盛,2023-03-03,9105
6005,群益證,10,0,10,群益金鼎-高盛,2023-03-03,9105
6147,頎邦,10,0,10,群益金鼎-高盛,2023-03-03,9105
6603,富強鑫,10,0,10,群益金鼎-高盛,2023-03-03,9105
5465,富驊,10,1,9,群益金鼎-高盛,2023-03-03,9105
6806,森崴能源,9,0,9,群益金鼎-高盛,2023-03-03,9105
6235,華孚,54,47,7,群益金鼎-高盛,2023-03-03,9105
2427,三商電,7,0,7,群益金鼎-高盛,2023-03-03,9105
6690,安�硌穈T,8,1,7,群益金鼎-高盛,2023-03-03,9105
2444,兆勁,6,0,6,群益金鼎-高盛,2023-03-03,9105
4924,欣厚-KY,6,0,6,群益金鼎-高盛,2023-03-03,9105
5315,光聯,6,0,6,群益金鼎-高盛,2023-03-03,9105
6227,茂綸,6,0,6,群益金鼎-高盛,2023-03-03,9105
00713,元大台灣高息低波,5,0,5,群益金鼎-高盛,2023-03-03,9105
4175,杏一,5,0,5,群益金鼎-高盛,2023-03-03,9105
2603,長榮,7,2,5,群益金鼎-高盛,2023-03-03,9105
2867,三商壽,5,0,5,群益金鼎-高盛,2023-03-03,9105
1229,聯華,5,0,5,群益金鼎-高盛,2023-03-03,9105
00673R,期元大S＆P原油反1,5,0,5,群益金鼎-高盛,2023-03-03,9105
1560,中砂,5,0,5,群益金鼎-高盛,2023-03-03,9105
2206,三陽工業,5,0,5,群益金鼎-高盛,2023-03-03,9105
2601,益航,6,1,5,群益金鼎-高盛,2023-03-03,9105
3264,欣銓,5,0,5,群益金鼎-高盛,2023-03-03,9105
3707,漢磊,7,2,5,群益金鼎-高盛,2023-03-03,9105
4426,利勤,5,0,5,群益金鼎-高盛,2023-03-03,9105
4746,台耀,5,0,5,群益金鼎-高盛,2023-03-03,9105
5905,南仁湖,107,1,106,群益金鼎-高盛,2023-03-06,9105
3528,安馳,78,3,75,群益金鼎-高盛,2023-03-06,9105
2002,中鋼,63,0,63,群益金鼎-高盛,2023-03-06,9105
2329,華泰,56,0,56,群益金鼎-高盛,2023-03-06,9105
2634,漢翔,61,7,54,群益金鼎-高盛,2023-03-06,9105
6227,茂綸,50,0,50,群益金鼎-高盛,2023-03-06,9105
00632R,元大台灣50反1,66,17,49,群益金鼎-高盛,2023-03-06,9105
00679B,元大美債20年,50,2,48,群益金鼎-高盛,2023-03-06,9105
8358,金居,41,1,40,群益金鼎-高盛,2023-03-06,9105
3432,台端,38,0,38,群益金鼎-高盛,2023-03-06,9105
00673R,期元大S＆P原油反1,46,10,36,群益金鼎-高盛,2023-03-06,9105
2206,三陽工業,34,5,29,群益金鼎-高盛,2023-03-06,9105
1101,台泥,28,2,26,群益金鼎-高盛,2023-03-06,9105
2444,兆勁,23,1,22,群益金鼎-高盛,2023-03-06,9105
9942,茂順,22,1,21,群益金鼎-高盛,2023-03-06,9105
2489,瑞軒,20,0,20,群益金鼎-高盛,2023-03-06,9105
1308,亞聚,20,0,20,群益金鼎-高盛,2023-03-06,9105
2344,華邦電,31,13,18,群益金鼎-高盛,2023-03-06,9105
5608,四維航,22,5,17,群益金鼎-高盛,2023-03-06,9105
6191,精成科,17,1,16,群益金鼎-高盛,2023-03-06,9105
00631L,元大台灣50正2,15,0,15,群益金鼎-高盛,2023-03-06,9105
2453,凌群,15,0,15,群益金鼎-高盛,2023-03-06,9105
6277,宏正,15,0,15,群益金鼎-高盛,2023-03-06,9105
00665L,富邦�琤肭磪囓�2,12,0,12,群益金鼎-高盛,2023-03-06,9105
3705,永信,12,0,12,群益金鼎-高盛,2023-03-06,9105
6443,元晶,16,4,12,群益金鼎-高盛,2023-03-06,9105
8930,青鋼,15,3,12,群益金鼎-高盛,2023-03-06,9105
4915,致伸,13,2,11,群益金鼎-高盛,2023-03-06,9105
3093,港建*,11,0,11,群益金鼎-高盛,2023-03-06,9105
6274,台燿,11,0,11,群益金鼎-高盛,2023-03-06,9105
8112,至上,15,5,10,群益金鼎-高盛,2023-03-06,9105
2332,友訊,10,0,10,群益金鼎-高盛,2023-03-06,9105
4123,晟德,10,0,10,群益金鼎-高盛,2023-03-06,9105
4534,慶騰,10,0,10,群益金鼎-高盛,2023-03-06,9105
5227,立凱-KY,10,0,10,群益金鼎-高盛,2023-03-06,9105
5464,霖宏,12,2,10,群益金鼎-高盛,2023-03-06,9105
5512,力麒,16,6,10,群益金鼎-高盛,2023-03-06,9105
1722,台肥,8,0,8,群益金鼎-高盛,2023-03-06,9105
3372,典範,9,1,8,群益金鼎-高盛,2023-03-06,9105
2330,台積電,12,4,8,群益金鼎-高盛,2023-03-06,9105
1708,東鹼,13,6,7,群益金鼎-高盛,2023-03-06,9105
1762,中化生,15,8,7,群益金鼎-高盛,2023-03-06,9105
2305,全友,7,0,7,群益金鼎-高盛,2023-03-06,9105
3682,亞太電,7,0,7,群益金鼎-高盛,2023-03-06,9105
6168,宏齊,7,0,7,群益金鼎-高盛,2023-03-06,9105
2637,慧洋-KY,14,8,6,群益金鼎-高盛,2023-03-06,9105
1909,榮成,6,0,6,群益金鼎-高盛,2023-03-06,9105
2313,華通,6,0,6,群益金鼎-高盛,2023-03-06,9105
2611,志信,6,0,6,群益金鼎-高盛,2023-03-06,9105
2745,五福,7,1,6,群益金鼎-高盛,2023-03-06,9105
00878,國泰永續高股息,100,20,80,群益金鼎-高盛,2023-03-07,9105
00637L,元大滬深300正2,444,399,45,群益金鼎-高盛,2023-03-07,9105
2890,永豐金,41,0,41,群益金鼎-高盛,2023-03-07,9105
2897,王道銀行,40,0,40,群益金鼎-高盛,2023-03-07,9105
9919,康那香,40,0,40,群益金鼎-高盛,2023-03-07,9105
00673R,期元大S＆P原油反1,34,0,34,群益金鼎-高盛,2023-03-07,9105
8096,擎亞,25,0,25,群益金鼎-高盛,2023-03-07,9105
1524,耿鼎,22,1,21,群益金鼎-高盛,2023-03-07,9105
3537,堡達,20,0,20,群益金鼎-高盛,2023-03-07,9105
6026,福邦證,20,0,20,群益金鼎-高盛,2023-03-07,9105
6191,精成科,20,0,20,群益金鼎-高盛,2023-03-07,9105
9902,台火,20,0,20,群益金鼎-高盛,2023-03-07,9105
1540,喬福,20,1,19,群益金鼎-高盛,2023-03-07,9105
0056,元大高股息,15,1,14,群益金鼎-高盛,2023-03-07,9105
2337,旺宏,14,0,14,群益金鼎-高盛,2023-03-07,9105
2344,華邦電,38,24,14,群益金鼎-高盛,2023-03-07,9105
8033,雷虎,14,0,14,群益金鼎-高盛,2023-03-07,9105
8072,陞泰,14,0,14,群益金鼎-高盛,2023-03-07,9105
00712,復華富時不動產,13,0,13,群益金鼎-高盛,2023-03-07,9105
2618,長榮航,14,1,13,群益金鼎-高盛,2023-03-07,9105
3032,偉訓,13,0,13,群益金鼎-高盛,2023-03-07,9105
2484,希華,12,0,12,群益金鼎-高盛,2023-03-07,9105
3093,港建*,14,2,12,群益金鼎-高盛,2023-03-07,9105
1609,大亞,25,14,11,群益金鼎-高盛,2023-03-07,9105
4722,國精化,11,0,11,群益金鼎-高盛,2023-03-07,9105
5512,力麒,12,1,11,群益金鼎-高盛,2023-03-07,9105
8222,寶一,13,2,11,群益金鼎-高盛,2023-03-07,9105
00882,中信中國高股息,11,0,11,群益金鼎-高盛,2023-03-07,9105
00892,富邦台灣半導體,10,0,10,群益金鼎-高盛,2023-03-07,9105
00633L,富邦上証正2,10,0,10,群益金鼎-高盛,2023-03-07,9105
2349,錸德,10,0,10,群益金鼎-高盛,2023-03-07,9105
4924,欣厚-KY,10,0,10,群益金鼎-高盛,2023-03-07,9105
5452,佶優,12,2,10,群益金鼎-高盛,2023-03-07,9105
6182,合晶,11,1,10,群益金鼎-高盛,2023-03-07,9105
6248,沛波,10,0,10,群益金鼎-高盛,2023-03-07,9105
6265,方土昶,10,0,10,群益金鼎-高盛,2023-03-07,9105
2812,台中銀,20,11,9,群益金鼎-高盛,2023-03-07,9105
5425,台半,39,30,9,群益金鼎-高盛,2023-03-07,9105
6168,宏齊,9,0,9,群益金鼎-高盛,2023-03-07,9105
6190,萬泰科,9,0,9,群益金鼎-高盛,2023-03-07,9105
3481,群創,13,6,7,群益金鼎-高盛,2023-03-07,9105
3528,安馳,7,0,7,群益金鼎-高盛,2023-03-07,9105
6188,廣明,9,2,7,群益金鼎-高盛,2023-03-07,9105
6573,虹揚-KY,9,2,7,群益金鼎-高盛,2023-03-07,9105
2002,中鋼,7,1,6,群益金鼎-高盛,2023-03-07,9105
3005,神基,9,3,6,群益金鼎-高盛,2023-03-07,9105
2201,裕隆,6,0,6,群益金鼎-高盛,2023-03-07,9105
3058,立德,6,0,6,群益金鼎-高盛,2023-03-07,9105
4953,緯軟,11,5,6,群益金鼎-高盛,2023-03-07,9105
6690,安�硌穈T,6,0,6,群益金鼎-高盛,2023-03-07,9105
2890,永豐金,101,0,101,群益金鼎-高盛,2023-03-08,9105
00878,國泰永續高股息,82,8,74,群益金鼎-高盛,2023-03-08,9105
2634,漢翔,143,84,59,群益金鼎-高盛,2023-03-08,9105
00713,元大台灣高息低波,40,0,40,群益金鼎-高盛,2023-03-08,9105
3093,港建*,41,7,34,群益金鼎-高盛,2023-03-08,9105
00720B,元大投資級公司債,30,0,30,群益金鼎-高盛,2023-03-08,9105
5009,榮剛,85,56,29,群益金鼎-高盛,2023-03-08,9105
1709,和益,31,3,28,群益金鼎-高盛,2023-03-08,9105
00633L,富邦上証正2,27,0,27,群益金鼎-高盛,2023-03-08,9105
2344,華邦電,25,2,23,群益金鼎-高盛,2023-03-08,9105
2352,佳世達,21,1,20,群益金鼎-高盛,2023-03-08,9105
4931,新盛力,20,0,20,群益金鼎-高盛,2023-03-08,9105
9902,台火,20,0,20,群益金鼎-高盛,2023-03-08,9105
00753L,中信中國50正2,19,0,19,群益金鼎-高盛,2023-03-08,9105
3441,聯一光,28,9,19,群益金鼎-高盛,2023-03-08,9105
1513,中興電,30,12,18,群益金鼎-高盛,2023-03-08,9105
1605,華新,48,32,16,群益金鼎-高盛,2023-03-08,9105
00708L,期元大S＆P黃金正2,13,0,13,群益金鼎-高盛,2023-03-08,9105
00882,中信中國高股息,13,0,13,群益金鼎-高盛,2023-03-08,9105
3046,建��,33,20,13,群益金鼎-高盛,2023-03-08,9105
1409,新纖,12,0,12,群益金鼎-高盛,2023-03-08,9105
3047,訊舟,15,3,12,群益金鼎-高盛,2023-03-08,9105
3138,耀登,15,4,11,群益金鼎-高盛,2023-03-08,9105
3528,安馳,11,0,11,群益金鼎-高盛,2023-03-08,9105
1101,台泥,10,0,10,群益金鼎-高盛,2023-03-08,9105
1612,宏泰,10,0,10,群益金鼎-高盛,2023-03-08,9105
2008,高興昌,10,0,10,群益金鼎-高盛,2023-03-08,9105
2727,王品,10,0,10,群益金鼎-高盛,2023-03-08,9105
6026,福邦證,10,0,10,群益金鼎-高盛,2023-03-08,9105
6116,彩晶,11,1,10,群益金鼎-高盛,2023-03-08,9105
7402,邑錡,10,0,10,群益金鼎-高盛,2023-03-08,9105
2606,裕民,11,2,9,群益金鼎-高盛,2023-03-08,9105
1532,勤美,8,0,8,群益金鼎-高盛,2023-03-08,9105
2444,兆勁,8,0,8,群益金鼎-高盛,2023-03-08,9105
4541,晟田,12,4,8,群益金鼎-高盛,2023-03-08,9105
6284,佳邦,9,1,8,群益金鼎-高盛,2023-03-08,9105
2605,新興,8,1,7,群益金鼎-高盛,2023-03-08,9105
1815,富喬,7,0,7,群益金鼎-高盛,2023-03-08,9105
2104,國際中橡,7,0,7,群益金鼎-高盛,2023-03-08,9105
2891,中信金,7,0,7,群益金鼎-高盛,2023-03-08,9105
8477,創業家,7,0,7,群益金鼎-高盛,2023-03-08,9105
9933,中鼎,6,0,6,群益金鼎-高盛,2023-03-08,9105
1319,東陽,9,3,6,群益金鼎-高盛,2023-03-08,9105
2208,台船,6,0,6,群益金鼎-高盛,2023-03-08,9105
2363,矽統,6,0,6,群益金鼎-高盛,2023-03-08,9105
2615,萬海,6,0,6,群益金鼎-高盛,2023-03-08,9105
4915,致伸,7,1,6,群益金鼎-高盛,2023-03-08,9105
8072,陞泰,6,0,6,群益金鼎-高盛,2023-03-08,9105
0056,元大高股息,9,3,6,群益金鼎-高盛,2023-03-08,9105
3481,群創,14,9,5,群益金鼎-高盛,2023-03-08,9105
2891,中信金,127,0,127,群益金鼎-高盛,2023-03-09,9105
2641,正德,128,5,123,群益金鼎-高盛,2023-03-09,9105
2537,聯上發,120,0,120,群益金鼎-高盛,2023-03-09,9105
00632R,元大台灣50反1,100,1,99,群益金鼎-高盛,2023-03-09,9105
00673R,期元大S＆P原油反1,101,6,95,群益金鼎-高盛,2023-03-09,9105
00637L,元大滬深300正2,473,395,78,群益金鼎-高盛,2023-03-09,9105
2409,友達,76,0,76,群益金鼎-高盛,2023-03-09,9105
2363,矽統,60,0,60,群益金鼎-高盛,2023-03-09,9105
00713,元大台灣高息低波,55,0,55,群益金鼎-高盛,2023-03-09,9105
5009,榮剛,70,15,55,群益金鼎-高盛,2023-03-09,9105
00665L,富邦�琤肭磪囓�2,52,0,52,群益金鼎-高盛,2023-03-09,9105
00923,群益台ESG低碳50,63,24,39,群益金鼎-高盛,2023-03-09,9105
8358,金居,37,0,37,群益金鼎-高盛,2023-03-09,9105
6227,茂綸,35,1,34,群益金鼎-高盛,2023-03-09,9105
2406,國碩,27,0,27,群益金鼎-高盛,2023-03-09,9105
00878,國泰永續高股息,26,0,26,群益金鼎-高盛,2023-03-09,9105
00882,中信中國高股息,21,0,21,群益金鼎-高盛,2023-03-09,9105
1219,福壽,21,0,21,群益金鼎-高盛,2023-03-09,9105
2417,圓剛,20,0,20,群益金鼎-高盛,2023-03-09,9105
2344,華邦電,25,5,20,群益金鼎-高盛,2023-03-09,9105
1609,大亞,18,1,17,群益金鼎-高盛,2023-03-09,9105
1514,亞力,18,2,16,群益金鼎-高盛,2023-03-09,9105
1227,佳格,20,5,15,群益金鼎-高盛,2023-03-09,9105
2356,英業達,15,0,15,群益金鼎-高盛,2023-03-09,9105
0056,元大高股息,14,0,14,群益金鼎-高盛,2023-03-09,9105
2618,長榮航,23,9,14,群益金鼎-高盛,2023-03-09,9105
3046,建��,23,9,14,群益金鼎-高盛,2023-03-09,9105
6233,旺玖,15,1,14,群益金鼎-高盛,2023-03-09,9105
6443,元晶,20,7,13,群益金鼎-高盛,2023-03-09,9105
2482,連宇,37,24,13,群益金鼎-高盛,2023-03-09,9105
4950,牧東,12,0,12,群益金鼎-高盛,2023-03-09,9105
6182,合晶,12,0,12,群益金鼎-高盛,2023-03-09,9105
2880,華南金,11,0,11,群益金鼎-高盛,2023-03-09,9105
2317,鴻海,13,2,11,群益金鼎-高盛,2023-03-09,9105
3209,全科,14,3,11,群益金鼎-高盛,2023-03-09,9105
1709,和益,11,0,11,群益金鼎-高盛,2023-03-09,9105
6235,華孚,22,11,11,群益金鼎-高盛,2023-03-09,9105
8940,新天地,10,0,10,群益金鼎-高盛,2023-03-09,9105
2504,國產,10,0,10,群益金鼎-高盛,2023-03-09,9105
2630,亞航,10,0,10,群益金鼎-高盛,2023-03-09,9105
2812,台中銀,10,0,10,群益金鼎-高盛,2023-03-09,9105
2892,第一金,10,0,10,群益金鼎-高盛,2023-03-09,9105
5211,蒙恬,21,11,10,群益金鼎-高盛,2023-03-09,9105
6532,瑞耘,10,0,10,群益金鼎-高盛,2023-03-09,9105
9942,茂順,10,0,10,群益金鼎-高盛,2023-03-09,9105
00715L,期街口布蘭特正2,9,0,9,群益金鼎-高盛,2023-03-09,9105
2230,泰茂,11,2,9,群益金鼎-高盛,2023-03-09,9105
2637,慧洋-KY,9,0,9,群益金鼎-高盛,2023-03-09,9105
6139,亞翔,9,0,9,群益金鼎-高盛,2023-03-09,9105
6160,欣技,9,0,9,群益金鼎-高盛,2023-03-09,9105
00632R,元大台灣50反1,245,68,177,群益金鼎-高盛,2023-03-10,9105
2537,聯上發,132,0,132,群益金鼎-高盛,2023-03-10,9105
2641,正德,104,5,99,群益金鼎-高盛,2023-03-10,9105
00664R,國泰臺灣加權反1,115,21,94,群益金鼎-高盛,2023-03-10,9105
2610,華航,142,49,93,群益金鼎-高盛,2023-03-10,9105
3528,安馳,92,0,92,群益金鼎-高盛,2023-03-10,9105
00878,國泰永續高股息,68,0,68,群益金鼎-高盛,2023-03-10,9105
2888,新光金,65,0,65,群益金鼎-高盛,2023-03-10,9105
2618,長榮航,56,4,52,群益金鼎-高盛,2023-03-10,9105
00713,元大台灣高息低波,51,3,48,群益金鼎-高盛,2023-03-10,9105
00923,群益台ESG低碳50,44,1,43,群益金鼎-高盛,2023-03-10,9105
2702,華園,44,1,43,群益金鼎-高盛,2023-03-10,9105
2498,宏達電,49,16,33,群益金鼎-高盛,2023-03-10,9105
6248,沛波,71,41,30,群益金鼎-高盛,2023-03-10,9105
2883,凱基金,38,9,29,群益金鼎-高盛,2023-03-10,9105
1709,和益,28,0,28,群益金鼎-高盛,2023-03-10,9105
9919,康那香,26,0,26,群益金鼎-高盛,2023-03-10,9105
2887,台新金,24,1,23,群益金鼎-高盛,2023-03-10,9105
6770,力積電,22,1,21,群益金鼎-高盛,2023-03-10,9105
2023,燁輝,21,0,21,群益金鼎-高盛,2023-03-10,9105
3380,明泰,23,3,20,群益金鼎-高盛,2023-03-10,9105
8069,元太,20,2,18,群益金鼎-高盛,2023-03-10,9105
2344,華邦電,24,6,18,群益金鼎-高盛,2023-03-10,9105
6227,茂綸,18,0,18,群益金鼎-高盛,2023-03-10,9105
2409,友達,21,4,17,群益金鼎-高盛,2023-03-10,9105
1605,華新,43,27,16,群益金鼎-高盛,2023-03-10,9105
2891,中信金,16,0,16,群益金鼎-高盛,2023-03-10,9105
00753L,中信中國50正2,50,34,16,群益金鼎-高盛,2023-03-10,9105
1503,士電,16,0,16,群益金鼎-高盛,2023-03-10,9105
2845,遠東銀,16,0,16,群益金鼎-高盛,2023-03-10,9105
1609,大亞,14,0,14,群益金鼎-高盛,2023-03-10,9105
00712,復華富時不動產,13,0,13,群益金鼎-高盛,2023-03-10,9105
2201,裕隆,35,23,12,群益金鼎-高盛,2023-03-10,9105
3037,欣興,21,9,12,群益金鼎-高盛,2023-03-10,9105
1319,東陽,15,3,12,群益金鼎-高盛,2023-03-10,9105
4536,拓凱,12,0,12,群益金鼎-高盛,2023-03-10,9105
1717,長興,11,0,11,群益金鼎-高盛,2023-03-10,9105
00905,FT臺灣Smart,11,0,11,群益金鼎-高盛,2023-03-10,9105
1718,中纖,11,0,11,群益金鼎-高盛,2023-03-10,9105
6233,旺玖,11,0,11,群益金鼎-高盛,2023-03-10,9105
0056,元大高股息,13,3,10,群益金鼎-高盛,2023-03-10,9105
2031,新光鋼,10,0,10,群益金鼎-高盛,2023-03-10,9105
2601,益航,11,1,10,群益金鼎-高盛,2023-03-10,9105
2605,新興,14,4,10,群益金鼎-高盛,2023-03-10,9105
4974,亞泰,10,0,10,群益金鼎-高盛,2023-03-10,9105
5880,合庫金,10,0,10,群益金鼎-高盛,2023-03-10,9105
6153,嘉聯益,10,0,10,群益金鼎-高盛,2023-03-10,9105
6443,元晶,16,7,9,群益金鼎-高盛,2023-03-10,9105
3293,鈊象,10,1,9,群益金鼎-高盛,2023-03-10,9105
3535,晶彩科,9,0,9,群益金鼎-高盛,2023-03-10,9105
2537,聯上發,230,0,230,群益金鼎-高盛,2023-03-13,9105
00878,國泰永續高股息,146,13,133,群益金鼎-高盛,2023-03-13,9105
2402,毅嘉,137,19,118,群益金鼎-高盛,2023-03-13,9105
5608,四維航,118,1,117,群益金鼎-高盛,2023-03-13,9105
00664R,國泰臺灣加權反1,188,110,78,群益金鼎-高盛,2023-03-13,9105
2634,漢翔,98,21,77,群益金鼎-高盛,2023-03-13,9105
1584,精剛,53,1,52,群益金鼎-高盛,2023-03-13,9105
2349,錸德,60,20,40,群益金鼎-高盛,2023-03-13,9105
2890,永豐金,80,45,35,群益金鼎-高盛,2023-03-13,9105
1319,東陽,44,9,35,群益金鼎-高盛,2023-03-13,9105
00713,元大台灣高息低波,23,1,22,群益金鼎-高盛,2023-03-13,9105
2609,陽明,92,71,21,群益金鼎-高盛,2023-03-13,9105
5701,劍湖山,20,0,20,群益金鼎-高盛,2023-03-13,9105
2481,強茂,20,1,19,群益金鼎-高盛,2023-03-13,9105
9902,台火,20,2,18,群益金鼎-高盛,2023-03-13,9105
6153,嘉聯益,16,0,16,群益金鼎-高盛,2023-03-13,9105
0056,元大高股息,26,13,13,群益金鼎-高盛,2023-03-13,9105
3046,建��,31,18,13,群益金鼎-高盛,2023-03-13,9105
6235,華孚,36,24,12,群益金鼎-高盛,2023-03-13,9105
2014,中鴻,12,0,12,群益金鼎-高盛,2023-03-13,9105
5227,立凱-KY,15,3,12,群益金鼎-高盛,2023-03-13,9105
2884,玉山金,12,1,11,群益金鼎-高盛,2023-03-13,9105
2618,長榮航,11,0,11,群益金鼎-高盛,2023-03-13,9105
3712,永崴投控,17,6,11,群益金鼎-高盛,2023-03-13,9105
2867,三商壽,11,0,11,群益金鼎-高盛,2023-03-13,9105
00712,復華富時不動產,10,0,10,群益金鼎-高盛,2023-03-13,9105
00715L,期街口布蘭特正2,10,0,10,群益金鼎-高盛,2023-03-13,9105
1416,廣豐,10,0,10,群益金鼎-高盛,2023-03-13,9105
2206,三陽工業,10,0,10,群益金鼎-高盛,2023-03-13,9105
2834,臺企銀,15,5,10,群益金鼎-高盛,2023-03-13,9105
3494,誠研,10,0,10,群益金鼎-高盛,2023-03-13,9105
4906,正文,10,0,10,群益金鼎-高盛,2023-03-13,9105
5328,華容,10,0,10,群益金鼎-高盛,2023-03-13,9105
6205,詮欣,11,1,10,群益金鼎-高盛,2023-03-13,9105
8936,國統,17,7,10,群益金鼎-高盛,2023-03-13,9105
3013,晟銘電,10,0,10,群益金鼎-高盛,2023-03-13,9105
8033,雷虎,11,2,9,群益金鼎-高盛,2023-03-13,9105
2023,燁輝,9,0,9,群益金鼎-高盛,2023-03-13,9105
2409,友達,21,12,9,群益金鼎-高盛,2023-03-13,9105
4916,事欣科,9,0,9,群益金鼎-高盛,2023-03-13,9105
2388,威盛,69,61,8,群益金鼎-高盛,2023-03-13,9105
1503,士電,8,0,8,群益金鼎-高盛,2023-03-13,9105
2495,普安,17,9,8,群益金鼎-高盛,2023-03-13,9105
00772B,中信高評級公司債,7,0,7,群益金鼎-高盛,2023-03-13,9105
00773B,中信優先金融債,7,0,7,群益金鼎-高盛,2023-03-13,9105
3048,益登,8,1,7,群益金鼎-高盛,2023-03-13,9105
9907,統一實,7,0,7,群益金鼎-高盛,2023-03-13,9105
6770,力積電,8,1,7,群益金鼎-高盛,2023-03-13,9105
3481,群創,13,7,6,群益金鼎-高盛,2023-03-13,9105
2881,富邦金,6,0,6,群益金鼎-高盛,2023-03-13,9105
2605,新興,118,2,116,群益金鼎-高盛,2023-03-14,9105
5880,合庫金,110,1,109,群益金鼎-高盛,2023-03-14,9105
00632R,元大台灣50反1,171,65,106,群益金鼎-高盛,2023-03-14,9105
00664R,國泰臺灣加權反1,145,40,105,群益金鼎-高盛,2023-03-14,9105
6770,力積電,152,50,102,群益金鼎-高盛,2023-03-14,9105
1709,和益,102,11,91,群益金鼎-高盛,2023-03-14,9105
2537,聯上發,90,0,90,群益金鼎-高盛,2023-03-14,9105
00878,國泰永續高股息,77,17,60,群益金鼎-高盛,2023-03-14,9105
00680L,元大美債20正2,60,1,59,群益金鼎-高盛,2023-03-14,9105
2891,中信金,51,3,48,群益金鼎-高盛,2023-03-14,9105
2303,聯電,50,6,44,群益金鼎-高盛,2023-03-14,9105
2409,友達,42,0,42,群益金鼎-高盛,2023-03-14,9105
2885,元大金,46,10,36,群益金鼎-高盛,2023-03-14,9105
00715L,期街口布蘭特正2,36,0,36,群益金鼎-高盛,2023-03-14,9105
00633L,富邦上証正2,33,0,33,群益金鼎-高盛,2023-03-14,9105
2610,華航,40,10,30,群益金鼎-高盛,2023-03-14,9105
2402,毅嘉,30,0,30,群益金鼎-高盛,2023-03-14,9105
0056,元大高股息,28,0,28,群益金鼎-高盛,2023-03-14,9105
6531,愛普*,30,5,25,群益金鼎-高盛,2023-03-14,9105
2495,普安,50,25,25,群益金鼎-高盛,2023-03-14,9105
2883,凱基金,32,7,25,群益金鼎-高盛,2023-03-14,9105
2890,永豐金,43,20,23,群益金鼎-高盛,2023-03-14,9105
4916,事欣科,22,1,21,群益金鼎-高盛,2023-03-14,9105
2609,陽明,38,17,21,群益金鼎-高盛,2023-03-14,9105
6227,茂綸,20,0,20,群益金鼎-高盛,2023-03-14,9105
1605,華新,24,6,18,群益金鼎-高盛,2023-03-14,9105
1569,濱川,26,11,15,群益金鼎-高盛,2023-03-14,9105
00751B,元大AAA至A公司債,13,0,13,群益金鼎-高盛,2023-03-14,9105
00665L,富邦�琤肭磪囓�2,12,0,12,群益金鼎-高盛,2023-03-14,9105
2002,中鋼,13,2,11,群益金鼎-高盛,2023-03-14,9105
1314,中石化,10,0,10,群益金鼎-高盛,2023-03-14,9105
4958,臻鼎-KY,11,1,10,群益金鼎-高盛,2023-03-14,9105
5351,鈺創,10,0,10,群益金鼎-高盛,2023-03-14,9105
3714,富采,10,0,10,群益金鼎-高盛,2023-03-14,9105
2618,長榮航,17,7,10,群益金鼎-高盛,2023-03-14,9105
2328,廣宇,10,0,10,群益金鼎-高盛,2023-03-14,9105
2349,錸德,10,0,10,群益金鼎-高盛,2023-03-14,9105
5469,瀚宇博,10,0,10,群益金鼎-高盛,2023-03-14,9105
9902,台火,10,0,10,群益金鼎-高盛,2023-03-14,9105
3178,公準,16,6,10,群益金鼎-高盛,2023-03-14,9105
00637L,元大滬深300正2,171,162,9,群益金鼎-高盛,2023-03-14,9105
1609,大亞,11,2,9,群益金鼎-高盛,2023-03-14,9105
00923,群益台ESG低碳50,9,0,9,群益金鼎-高盛,2023-03-14,9105
1513,中興電,34,26,8,群益金鼎-高盛,2023-03-14,9105
00642U,期元大S＆P石油,8,0,8,群益金鼎-高盛,2023-03-14,9105
00712,復華富時不動產,8,0,8,群益金鼎-高盛,2023-03-14,9105
2615,萬海,10,2,8,群益金鼎-高盛,2023-03-14,9105
1101,台泥,8,0,8,群益金鼎-高盛,2023-03-14,9105
1909,榮成,8,0,8,群益金鼎-高盛,2023-03-14,9105
2329,華泰,8,0,8,群益金鼎-高盛,2023-03-14,9105
00632R,元大台灣50反1,160,3,157,群益金鼎-高盛,2023-03-15,9105
2891,中信金,71,0,71,群益金鼎-高盛,2023-03-15,9105
2890,永豐金,67,0,67,群益金鼎-高盛,2023-03-15,9105
2409,友達,58,2,56,群益金鼎-高盛,2023-03-15,9105
00878,國泰永續高股息,56,1,55,群益金鼎-高盛,2023-03-15,9105
2537,聯上發,50,0,50,群益金鼎-高盛,2023-03-15,9105
00715L,期街口布蘭特正2,42,0,42,群益金鼎-高盛,2023-03-15,9105
2615,萬海,40,3,37,群益金鼎-高盛,2023-03-15,9105
2609,陽明,37,5,32,群益金鼎-高盛,2023-03-15,9105
2402,毅嘉,31,2,29,群益金鼎-高盛,2023-03-15,9105
8027,鈦昇,29,0,29,群益金鼎-高盛,2023-03-15,9105
00669R,國泰美國道瓊反1,25,0,25,群益金鼎-高盛,2023-03-15,9105
9958,世紀鋼,25,0,25,群益金鼎-高盛,2023-03-15,9105
2603,長榮,73,50,23,群益金鼎-高盛,2023-03-15,9105
6248,沛波,21,0,21,群益金鼎-高盛,2023-03-15,9105
3046,建��,20,2,18,群益金鼎-高盛,2023-03-15,9105
00713,元大台灣高息低波,18,1,17,群益金鼎-高盛,2023-03-15,9105
2329,華泰,17,0,17,群益金鼎-高盛,2023-03-15,9105
1718,中纖,15,0,15,群益金鼎-高盛,2023-03-15,9105
2049,上銀,15,0,15,群益金鼎-高盛,2023-03-15,9105
00637L,元大滬深300正2,18,5,13,群益金鼎-高盛,2023-03-15,9105
3236,千如,14,1,13,群益金鼎-高盛,2023-03-15,9105
3465,進泰電子,13,0,13,群益金鼎-高盛,2023-03-15,9105
00712,復華富時不動產,11,0,11,群益金鼎-高盛,2023-03-15,9105
2834,臺企銀,12,1,11,群益金鼎-高盛,2023-03-15,9105
6550,北極星藥業-KY,11,0,11,群益金鼎-高盛,2023-03-15,9105
2702,華園,52,42,10,群益金鼎-高盛,2023-03-15,9105
00888,永豐台灣ESG,10,0,10,群益金鼎-高盛,2023-03-15,9105
1815,富喬,10,0,10,群益金鼎-高盛,2023-03-15,9105
2601,益航,11,1,10,群益金鼎-高盛,2023-03-15,9105
5328,華容,10,0,10,群益金鼎-高盛,2023-03-15,9105
5443,均豪,10,0,10,群益金鼎-高盛,2023-03-15,9105
6243,迅杰,15,5,10,群益金鼎-高盛,2023-03-15,9105
2884,玉山金,9,0,9,群益金鼎-高盛,2023-03-15,9105
2883,凱基金,8,0,8,群益金鼎-高盛,2023-03-15,9105
1514,亞力,10,2,8,群益金鼎-高盛,2023-03-15,9105
2313,華通,12,4,8,群益金鼎-高盛,2023-03-15,9105
2495,普安,8,0,8,群益金鼎-高盛,2023-03-15,9105
6235,華孚,20,12,8,群益金鼎-高盛,2023-03-15,9105
2002,中鋼,7,0,7,群益金鼎-高盛,2023-03-15,9105
00642U,期元大S＆P石油,7,0,7,群益金鼎-高盛,2023-03-15,9105
2359,所羅門,16,9,7,群益金鼎-高盛,2023-03-15,9105
3138,耀登,8,1,7,群益金鼎-高盛,2023-03-15,9105
3624,光頡,10,3,7,群益金鼎-高盛,2023-03-15,9105
8074,鉅橡,7,0,7,群益金鼎-高盛,2023-03-15,9105
1717,長興,6,0,6,群益金鼎-高盛,2023-03-15,9105
2614,東森,6,0,6,群益金鼎-高盛,2023-03-15,9105
00756B,群益投等新興公債,6,0,6,群益金鼎-高盛,2023-03-15,9105
2317,鴻海,7,1,6,群益金鼎-高盛,2023-03-15,9105
2539,櫻花建,6,0,6,群益金鼎-高盛,2023-03-15,9105
8105,凌巨,450,0,450,群益金鼎-高盛,2023-03-16,9105
2537,聯上發,250,0,250,群益金鼎-高盛,2023-03-16,9105
5880,合庫金,110,0,110,群益金鼎-高盛,2023-03-16,9105
00878,國泰永續高股息,79,16,63,群益金鼎-高盛,2023-03-16,9105
00664R,國泰臺灣加權反1,130,70,60,群益金鼎-高盛,2023-03-16,9105
2610,華航,54,2,52,群益金鼎-高盛,2023-03-16,9105
5465,富驊,58,12,46,群益金鼎-高盛,2023-03-16,9105
3056,富華新,45,0,45,群益金鼎-高盛,2023-03-16,9105
2402,毅嘉,97,55,42,群益金鼎-高盛,2023-03-16,9105
2539,櫻花建,42,0,42,群益金鼎-高盛,2023-03-16,9105
00642U,期元大S＆P石油,41,0,41,群益金鼎-高盛,2023-03-16,9105
2891,中信金,39,0,39,群益金鼎-高盛,2023-03-16,9105
2337,旺宏,32,0,32,群益金鼎-高盛,2023-03-16,9105
2027,大成鋼,44,12,32,群益金鼎-高盛,2023-03-16,9105
00633L,富邦上証正2,40,10,30,群益金鼎-高盛,2023-03-16,9105
00632R,元大台灣50反1,110,80,30,群益金鼎-高盛,2023-03-16,9105
2014,中鴻,32,3,29,群益金鼎-高盛,2023-03-16,9105
2615,萬海,39,12,27,群益金鼎-高盛,2023-03-16,9105
020020,元大台股領航N,25,0,25,群益金鼎-高盛,2023-03-16,9105
2603,長榮,59,38,21,群益金鼎-高盛,2023-03-16,9105
5009,榮剛,23,1,22,群益金鼎-高盛,2023-03-16,9105
6223,旺矽,20,0,20,群益金鼎-高盛,2023-03-16,9105
6227,茂綸,23,3,20,群益金鼎-高盛,2023-03-16,9105
5603,陸海,18,0,18,群益金鼎-高盛,2023-03-16,9105
2889,國票金,18,0,18,群益金鼎-高盛,2023-03-16,9105
2887,台新金,24,8,16,群益金鼎-高盛,2023-03-16,9105
00631L,元大台灣50正2,15,0,15,群益金鼎-高盛,2023-03-16,9105
2609,陽明,27,13,14,群益金鼎-高盛,2023-03-16,9105
4722,國精化,14,0,14,群益金鼎-高盛,2023-03-16,9105
2881,富邦金,12,0,12,群益金鼎-高盛,2023-03-16,9105
00713,元大台灣高息低波,20,8,12,群益金鼎-高盛,2023-03-16,9105
2880,華南金,11,0,11,群益金鼎-高盛,2023-03-16,9105
2108,南帝,12,1,11,群益金鼎-高盛,2023-03-16,9105
1314,中石化,10,0,10,群益金鼎-高盛,2023-03-16,9105
00679B,元大美債20年,14,4,10,群益金鼎-高盛,2023-03-16,9105
1712,興農,10,0,10,群益金鼎-高盛,2023-03-16,9105
2031,新光鋼,10,0,10,群益金鼎-高盛,2023-03-16,9105
2368,金像電,10,0,10,群益金鼎-高盛,2023-03-16,9105
2439,美律,10,0,10,群益金鼎-高盛,2023-03-16,9105
6116,彩晶,30,20,10,群益金鼎-高盛,2023-03-16,9105
8050,廣積,11,1,10,群益金鼎-高盛,2023-03-16,9105
9902,台火,10,0,10,群益金鼎-高盛,2023-03-16,9105
2303,聯電,25,16,9,群益金鼎-高盛,2023-03-16,9105
00712,復華富時不動產,9,0,9,群益金鼎-高盛,2023-03-16,9105
00637L,元大滬深300正2,136,127,9,群益金鼎-高盛,2023-03-16,9105
2885,元大金,10,1,9,群益金鼎-高盛,2023-03-16,9105
2867,三商壽,9,0,9,群益金鼎-高盛,2023-03-16,9105
2884,玉山金,11,3,8,群益金鼎-高盛,2023-03-16,9105
2890,永豐金,10,2,8,群益金鼎-高盛,2023-03-16,9105
3236,千如,8,0,8,群益金鼎-高盛,2023-03-16,9105
2891,中信金,65,2,63,群益金鼎-高盛,2023-03-17,9105
2402,毅嘉,61,6,55,群益金鼎-高盛,2023-03-17,9105
2834,臺企銀,61,9,52,群益金鼎-高盛,2023-03-17,9105
00632R,元大台灣50反1,30,0,30,群益金鼎-高盛,2023-03-17,9105
0056,元大高股息,30,6,24,群益金鼎-高盛,2023-03-17,9105
00664R,國泰臺灣加權反1,20,0,20,群益金鼎-高盛,2023-03-17,9105
2349,錸德,20,0,20,群益金鼎-高盛,2023-03-17,9105
8027,鈦昇,20,0,20,群益金鼎-高盛,2023-03-17,9105
3056,富華新,26,9,17,群益金鼎-高盛,2023-03-17,9105
00885,富邦越南,14,0,14,群益金鼎-高盛,2023-03-17,9105
5603,陸海,13,0,13,群益金鼎-高盛,2023-03-17,9105
1504,東元,14,1,13,群益金鼎-高盛,2023-03-17,9105
2883,凱基金,12,0,12,群益金鼎-高盛,2023-03-17,9105
6443,元晶,42,31,11,群益金鼎-高盛,2023-03-17,9105
1503,士電,10,0,10,群益金鼎-高盛,2023-03-17,9105
2880,華南金,10,0,10,群益金鼎-高盛,2023-03-17,9105
8358,金居,12,3,9,群益金鼎-高盛,2023-03-17,9105
2409,友達,16,8,8,群益金鼎-高盛,2023-03-17,9105
2027,大成鋼,8,0,8,群益金鼎-高盛,2023-03-17,9105
2367,燿華,13,5,8,群益金鼎-高盛,2023-03-17,9105
2812,台中銀,9,1,8,群益金鼎-高盛,2023-03-17,9105
2399,映泰,8,1,7,群益金鼎-高盛,2023-03-17,9105
2888,新光金,7,0,7,群益金鼎-高盛,2023-03-17,9105
3013,晟銘電,10,3,7,群益金鼎-高盛,2023-03-17,9105
00713,元大台灣高息低波,6,0,6,群益金鼎-高盛,2023-03-17,9105
3062,建漢,6,0,6,群益金鼎-高盛,2023-03-17,9105
00720B,元大投資級公司債,6,0,6,群益金鼎-高盛,2023-03-17,9105
2610,華航,11,5,6,群益金鼎-高盛,2023-03-17,9105
2892,第一金,6,0,6,群益金鼎-高盛,2023-03-17,9105
5483,中美晶,8,2,6,群益金鼎-高盛,2023-03-17,9105
9942,茂順,12,6,6,群益金鼎-高盛,2023-03-17,9105
2867,三商壽,5,0,5,群益金鼎-高盛,2023-03-17,9105
2520,冠德,5,0,5,群益金鼎-高盛,2023-03-17,9105
2605,新興,5,0,5,群益金鼎-高盛,2023-03-17,9105
2881,富邦金,5,0,5,群益金鼎-高盛,2023-03-17,9105
2897,王道銀行,10,5,5,群益金鼎-高盛,2023-03-17,9105
3362,先進光,6,1,5,群益金鼎-高盛,2023-03-17,9105
3504,揚明光,5,0,5,群益金鼎-高盛,2023-03-17,9105
3605,宏致,5,0,5,群益金鼎-高盛,2023-03-17,9105
4934,太極,5,0,5,群益金鼎-高盛,2023-03-17,9105
4976,佳凌,9,4,5,群益金鼎-高盛,2023-03-17,9105
6690,安�硌穈T,5,0,5,群益金鼎-高盛,2023-03-17,9105
8050,廣積,5,0,5,群益金鼎-高盛,2023-03-17,9105
00679B,元大美債20年,11,7,4,群益金鼎-高盛,2023-03-17,9105
2406,國碩,4,0,4,群益金鼎-高盛,2023-03-17,9105
00715L,期街口布蘭特正2,9,5,4,群益金鼎-高盛,2023-03-17,9105
1611,中電,5,1,4,群益金鼎-高盛,2023-03-17,9105
2471,資通,44,40,4,群益金鼎-高盛,2023-03-17,9105
2731,雄獅,10,6,4,群益金鼎-高盛,2023-03-17,9105
5258,虹堡,9,5,4,群益金鼎-高盛,2023-03-17,9105
2890,永豐金,156,32,124,群益金鼎-高盛,2023-03-20,9105
5880,合庫金,106,0,106,群益金鼎-高盛,2023-03-20,9105
2609,陽明,89,14,75,群益金鼎-高盛,2023-03-20,9105
2834,臺企銀,50,1,49,群益金鼎-高盛,2023-03-20,9105
00713,元大台灣高息低波,44,0,44,群益金鼎-高盛,2023-03-20,9105
00633L,富邦上証正2,35,0,35,群益金鼎-高盛,2023-03-20,9105
00664R,國泰臺灣加權反1,60,30,30,群益金鼎-高盛,2023-03-20,9105
6248,沛波,29,0,29,群益金鼎-高盛,2023-03-20,9105
2388,威盛,65,36,29,群益金鼎-高盛,2023-03-20,9105
2449,京元電子,49,21,28,群益金鼎-高盛,2023-03-20,9105
00650L,復華香港正2,22,0,22,群益金鼎-高盛,2023-03-20,9105
6163,華電網,25,3,22,群益金鼎-高盛,2023-03-20,9105
2049,上銀,21,0,21,群益金鼎-高盛,2023-03-20,9105
00632R,元大台灣50反1,70,49,21,群益金鼎-高盛,2023-03-20,9105
00715L,期街口布蘭特正2,20,0,20,群益金鼎-高盛,2023-03-20,9105
3083,網龍,20,1,19,群益金鼎-高盛,2023-03-20,9105
2303,聯電,38,20,18,群益金鼎-高盛,2023-03-20,9105
2867,三商壽,20,2,18,群益金鼎-高盛,2023-03-20,9105
00642U,期元大S＆P石油,17,0,17,群益金鼎-高盛,2023-03-20,9105
3624,光頡,36,19,17,群益金鼎-高盛,2023-03-20,9105
2402,毅嘉,16,0,16,群益金鼎-高盛,2023-03-20,9105
3528,安馳,15,1,14,群益金鼎-高盛,2023-03-20,9105
2882,國泰金,19,6,13,群益金鼎-高盛,2023-03-20,9105
2027,大成鋼,21,8,13,群益金鼎-高盛,2023-03-20,9105
5488,松普,13,0,13,群益金鼎-高盛,2023-03-20,9105
3481,群創,14,2,12,群益金鼎-高盛,2023-03-20,9105
00679B,元大美債20年,15,3,12,群益金鼎-高盛,2023-03-20,9105
2881,富邦金,14,2,12,群益金鼎-高盛,2023-03-20,9105
6116,彩晶,11,0,11,群益金鼎-高盛,2023-03-20,9105
8261,富鼎,11,0,11,群益金鼎-高盛,2023-03-20,9105
00753L,中信中國50正2,10,0,10,群益金鼎-高盛,2023-03-20,9105
00673R,期元大S＆P原油反1,10,0,10,群益金鼎-高盛,2023-03-20,9105
00680L,元大美債20正2,10,0,10,群益金鼎-高盛,2023-03-20,9105
1467,南緯,10,0,10,群益金鼎-高盛,2023-03-20,9105
1503,士電,10,0,10,群益金鼎-高盛,2023-03-20,9105
2645,長榮航太,10,0,10,群益金鼎-高盛,2023-03-20,9105
6005,群益證,10,0,10,群益金鼎-高盛,2023-03-20,9105
6148,驊宏資,10,0,10,群益金鼎-高盛,2023-03-20,9105
6176,瑞儀,10,0,10,群益金鼎-高盛,2023-03-20,9105
2399,映泰,9,0,9,群益金鼎-高盛,2023-03-20,9105
2888,新光金,8,1,7,群益金鼎-高盛,2023-03-20,9105
00637L,元大滬深300正2,446,439,7,群益金鼎-高盛,2023-03-20,9105
1437,勤益控,6,0,6,群益金鼎-高盛,2023-03-20,9105
1605,華新,7,1,6,群益金鼎-高盛,2023-03-20,9105
5410,國眾,11,5,6,群益金鼎-高盛,2023-03-20,9105
5512,力麒,16,10,6,群益金鼎-高盛,2023-03-20,9105
1519,華城,8,2,6,群益金鼎-高盛,2023-03-20,9105
3046,建��,27,22,5,群益金鼎-高盛,2023-03-20,9105
3293,鈊象,5,0,5,群益金鼎-高盛,2023-03-20,9105
1701,中化,5,0,5,群益金鼎-高盛,2023-03-20,9105
8105,凌巨,79,2,77,群益金鼎-高盛,2023-03-21,9105
1584,精剛,91,15,76,群益金鼎-高盛,2023-03-21,9105
3706,神達,50,0,50,群益金鼎-高盛,2023-03-21,9105
00687B,國泰20年美債,50,0,50,群益金鼎-高盛,2023-03-21,9105
2419,仲琦,50,0,50,群益金鼎-高盛,2023-03-21,9105
6288,聯嘉,47,0,47,群益金鼎-高盛,2023-03-21,9105
3312,弘憶股,50,5,45,群益金鼎-高盛,2023-03-21,9105
00648R,元大S＆P500反1,38,0,38,群益金鼎-高盛,2023-03-21,9105
2888,新光金,30,0,30,群益金鼎-高盛,2023-03-21,9105
6282,康舒,30,1,29,群益金鼎-高盛,2023-03-21,9105
2317,鴻海,33,8,25,群益金鼎-高盛,2023-03-21,9105
2303,聯電,45,20,25,群益金鼎-高盛,2023-03-21,9105
2427,三商電,35,11,24,群益金鼎-高盛,2023-03-21,9105
00878,國泰永續高股息,21,0,21,群益金鼎-高盛,2023-03-21,9105
3046,建��,47,26,21,群益金鼎-高盛,2023-03-21,9105
00751B,元大AAA至A公司債,20,0,20,群益金鼎-高盛,2023-03-21,9105
1444,力麗,20,0,20,群益金鼎-高盛,2023-03-21,9105
00664R,國泰臺灣加權反1,18,0,18,群益金鼎-高盛,2023-03-21,9105
2890,永豐金,88,70,18,群益金鼎-高盛,2023-03-21,9105
4722,國精化,18,0,18,群益金鼎-高盛,2023-03-21,9105
1312,國喬,15,0,15,群益金鼎-高盛,2023-03-21,9105
2492,華新科,15,0,15,群益金鼎-高盛,2023-03-21,9105
2834,臺企銀,40,25,15,群益金鼎-高盛,2023-03-21,9105
6163,華電網,22,7,15,群益金鼎-高盛,2023-03-21,9105
6770,力積電,15,1,14,群益金鼎-高盛,2023-03-21,9105
3093,港建*,14,1,13,群益金鼎-高盛,2023-03-21,9105
6120,達運,16,3,13,群益金鼎-高盛,2023-03-21,9105
3094,聯傑,19,7,12,群益金鼎-高盛,2023-03-21,9105
00665L,富邦�琤肭磪囓�2,11,0,11,群益金鼎-高盛,2023-03-21,9105
5443,均豪,10,0,10,群益金鼎-高盛,2023-03-21,9105
00632R,元大台灣50反1,10,0,10,群益金鼎-高盛,2023-03-21,9105
2609,陽明,11,1,10,群益金鼎-高盛,2023-03-21,9105
2880,華南金,10,0,10,群益金鼎-高盛,2023-03-21,9105
4924,欣厚-KY,10,0,10,群益金鼎-高盛,2023-03-21,9105
2413,環科,11,2,9,群益金鼎-高盛,2023-03-21,9105
2615,萬海,11,2,9,群益金鼎-高盛,2023-03-21,9105
2882,國泰金,10,1,9,群益金鼎-高盛,2023-03-21,9105
6133,金橋,10,1,9,群益金鼎-高盛,2023-03-21,9105
2897,王道銀行,10,2,8,群益金鼎-高盛,2023-03-21,9105
6161,捷波,8,0,8,群益金鼎-高盛,2023-03-21,9105
6223,旺矽,16,8,8,群益金鼎-高盛,2023-03-21,9105
3465,進泰電子,7,0,7,群益金鼎-高盛,2023-03-21,9105
3508,位速,7,0,7,群益金鼎-高盛,2023-03-21,9105
4979,華星光,12,5,7,群益金鼎-高盛,2023-03-21,9105
1605,華新,19,13,6,群益金鼎-高盛,2023-03-21,9105
00633L,富邦上証正2,10,4,6,群益金鼎-高盛,2023-03-21,9105
2392,正崴,6,0,6,群益金鼎-高盛,2023-03-21,9105
2471,資通,65,59,6,群益金鼎-高盛,2023-03-21,9105
6753,龍德造船,6,0,6,群益金鼎-高盛,2023-03-21,9105
3481,群創,23,18,5,群益金鼎-高盛,2023-03-21,9105
00637L,元大滬深300正2,205,66,139,群益金鼎-高盛,2023-03-22,9105
00632R,元大台灣50反1,223,105,118,群益金鼎-高盛,2023-03-22,9105
8105,凌巨,75,0,75,群益金鼎-高盛,2023-03-22,9105
3664,安瑞-KY,52,0,52,群益金鼎-高盛,2023-03-22,9105
1514,亞力,46,1,45,群益金鼎-高盛,2023-03-22,9105
2880,華南金,43,0,43,群益金鼎-高盛,2023-03-22,9105
00664R,國泰臺灣加權反1,43,10,33,群益金鼎-高盛,2023-03-22,9105
1584,精剛,30,0,30,群益金鼎-高盛,2023-03-22,9105
6129,普誠,25,0,25,群益金鼎-高盛,2023-03-22,9105
2888,新光金,23,0,23,群益金鼎-高盛,2023-03-22,9105
00648R,元大S＆P500反1,21,0,21,群益金鼎-高盛,2023-03-22,9105
3094,聯傑,23,2,21,群益金鼎-高盛,2023-03-22,9105
3545,敦泰,22,5,17,群益金鼎-高盛,2023-03-22,9105
1513,中興電,20,5,15,群益金鼎-高盛,2023-03-22,9105
5009,榮剛,15,1,14,群益金鼎-高盛,2023-03-22,9105
6443,元晶,39,25,14,群益金鼎-高盛,2023-03-22,9105
2634,漢翔,14,1,13,群益金鼎-高盛,2023-03-22,9105
1304,台聚,10,0,10,群益金鼎-高盛,2023-03-22,9105
2023,燁輝,10,0,10,群益金鼎-高盛,2023-03-22,9105
2359,所羅門,11,1,10,群益金鼎-高盛,2023-03-22,9105
6125,廣運,12,2,10,群益金鼎-高盛,2023-03-22,9105
6148,驊宏資,22,12,10,群益金鼎-高盛,2023-03-22,9105
6266,泰詠,23,13,10,群益金鼎-高盛,2023-03-22,9105
1101,台泥,10,1,9,群益金鼎-高盛,2023-03-22,9105
2388,威盛,23,14,9,群益金鼎-高盛,2023-03-22,9105
6248,沛波,9,0,9,群益金鼎-高盛,2023-03-22,9105
1524,耿鼎,27,18,9,群益金鼎-高盛,2023-03-22,9105
00687B,國泰20年美債,8,0,8,群益金鼎-高盛,2023-03-22,9105
1504,東元,40,32,8,群益金鼎-高盛,2023-03-22,9105
2605,新興,27,19,8,群益金鼎-高盛,2023-03-22,9105
6109,亞元,14,6,8,群益金鼎-高盛,2023-03-22,9105
4526,東台,8,1,7,群益金鼎-高盛,2023-03-22,9105
5484,慧友,7,0,7,群益金鼎-高盛,2023-03-22,9105
2495,普安,11,5,6,群益金鼎-高盛,2023-03-22,9105
3149,正達,6,0,6,群益金鼎-高盛,2023-03-22,9105
6163,華電網,13,7,6,群益金鼎-高盛,2023-03-22,9105
6235,華孚,11,5,6,群益金鼎-高盛,2023-03-22,9105
1432,大魯閣,5,0,5,群益金鼎-高盛,2023-03-22,9105
2062,橋椿,5,0,5,群益金鼎-高盛,2023-03-22,9105
3221,台嘉碩,5,0,5,群益金鼎-高盛,2023-03-22,9105
6230,尼得科超眾,5,0,5,群益金鼎-高盛,2023-03-22,9105
6509,聚和,5,0,5,群益金鼎-高盛,2023-03-22,9105
6695,芯鼎,5,0,5,群益金鼎-高盛,2023-03-22,9105
8415,大國鋼,5,0,5,群益金鼎-高盛,2023-03-22,9105
9933,中鼎,5,0,5,群益金鼎-高盛,2023-03-22,9105
2606,裕民,5,0,5,群益金鼎-高盛,2023-03-22,9105
2002,中鋼,4,0,4,群益金鼎-高盛,2023-03-22,9105
1605,華新,29,25,4,群益金鼎-高盛,2023-03-22,9105
2329,華泰,4,0,4,群益金鼎-高盛,2023-03-22,9105
2337,旺宏,5,1,4,群益金鼎-高盛,2023-03-22,9105
00632R,元大台灣50反1,593,510,83,群益金鼎-高盛,2023-03-23,9105
00664R,國泰臺灣加權反1,51,5,46,群益金鼎-高盛,2023-03-23,9105
1605,華新,59,24,35,群益金鼎-高盛,2023-03-23,9105
2049,上銀,26,0,26,群益金鼎-高盛,2023-03-23,9105
2388,威盛,28,3,25,群益金鼎-高盛,2023-03-23,9105
3221,台嘉碩,25,0,25,群益金鼎-高盛,2023-03-23,9105
2402,毅嘉,96,73,23,群益金鼎-高盛,2023-03-23,9105
1219,福壽,20,0,20,群益金鼎-高盛,2023-03-23,9105
6835,圓裕,20,0,20,群益金鼎-高盛,2023-03-23,9105
2303,聯電,60,40,20,群益金鼎-高盛,2023-03-23,9105
00683L,期元大美元指正2,16,0,16,群益金鼎-高盛,2023-03-23,9105
3481,群創,29,13,16,群益金鼎-高盛,2023-03-23,9105
3592,瑞鼎,14,0,14,群益金鼎-高盛,2023-03-23,9105
5465,富驊,17,3,14,群益金鼎-高盛,2023-03-23,9105
2471,資通,15,2,13,群益金鼎-高盛,2023-03-23,9105
3545,敦泰,12,1,11,群益金鼎-高盛,2023-03-23,9105
3652,精聯,44,33,11,群益金鼎-高盛,2023-03-23,9105
2537,聯上發,10,0,10,群益金鼎-高盛,2023-03-23,9105
3081,聯亞,14,4,10,群益金鼎-高盛,2023-03-23,9105
1402,遠東新,10,0,10,群益金鼎-高盛,2023-03-23,9105
1409,新纖,10,0,10,群益金鼎-高盛,2023-03-23,9105
1444,力麗,10,0,10,群益金鼎-高盛,2023-03-23,9105
4526,東台,10,0,10,群益金鼎-高盛,2023-03-23,9105
5009,榮剛,12,2,10,群益金鼎-高盛,2023-03-23,9105
5522,遠雄,10,0,10,群益金鼎-高盛,2023-03-23,9105
6265,方土昶,10,0,10,群益金鼎-高盛,2023-03-23,9105
6477,安集,10,0,10,群益金鼎-高盛,2023-03-23,9105
2890,永豐金,42,33,9,群益金鼎-高盛,2023-03-23,9105
3289,宜特,18,9,9,群益金鼎-高盛,2023-03-23,9105
3094,聯傑,16,7,9,群益金鼎-高盛,2023-03-23,9105
5425,台半,19,11,8,群益金鼎-高盛,2023-03-23,9105
00687B,國泰20年美債,7,0,7,群益金鼎-高盛,2023-03-23,9105
2103,台橡,7,0,7,群益金鼎-高盛,2023-03-23,9105
4934,太極,7,0,7,群益金鼎-高盛,2023-03-23,9105
3715,定穎投控,7,0,7,群益金鼎-高盛,2023-03-23,9105
8222,寶一,15,9,6,群益金鼎-高盛,2023-03-23,9105
5211,蒙恬,6,0,6,群益金鼎-高盛,2023-03-23,9105
00673R,期元大S＆P原油反1,6,0,6,群益金鼎-高盛,2023-03-23,9105
2731,雄獅,10,4,6,群益金鼎-高盛,2023-03-23,9105
3013,晟銘電,11,5,6,群益金鼎-高盛,2023-03-23,9105
3499,環天科,39,33,6,群益金鼎-高盛,2023-03-23,9105
4127,天良,6,0,6,群益金鼎-高盛,2023-03-23,9105
2834,臺企銀,6,1,5,群益金鼎-高盛,2023-03-23,9105
2617,台航,5,0,5,群益金鼎-高盛,2023-03-23,9105
2903,遠百,5,0,5,群益金鼎-高盛,2023-03-23,9105
3576,聯合再生,10,5,5,群益金鼎-高盛,2023-03-23,9105
4976,佳凌,22,17,5,群益金鼎-高盛,2023-03-23,9105
5443,均豪,5,0,5,群益金鼎-高盛,2023-03-23,9105
5525,順天,5,0,5,群益金鼎-高盛,2023-03-23,9105
8112,至上,5,0,5,群益金鼎-高盛,2023-03-23,9105
2888,新光金,254,4,250,群益金鼎-高盛,2023-03-24,9105
00637L,元大滬深300正2,399,221,178,群益金鼎-高盛,2023-03-24,9105
5009,榮剛,71,1,70,群益金鼎-高盛,2023-03-24,9105
2402,毅嘉,156,93,63,群益金鼎-高盛,2023-03-24,9105
00679B,元大美債20年,57,0,57,群益金鼎-高盛,2023-03-24,9105
5465,富驊,61,9,52,群益金鼎-高盛,2023-03-24,9105
6288,聯嘉,48,5,43,群益金鼎-高盛,2023-03-24,9105
2105,正新,38,6,32,群益金鼎-高盛,2023-03-24,9105
2603,長榮,33,3,30,群益金鼎-高盛,2023-03-24,9105
2023,燁輝,30,0,30,群益金鼎-高盛,2023-03-24,9105
4960,誠美材,25,0,25,群益金鼎-高盛,2023-03-24,9105
2886,兆豐金,25,0,25,群益金鼎-高盛,2023-03-24,9105
6227,茂綸,26,1,25,群益金鼎-高盛,2023-03-24,9105
2883,凱基金,23,1,22,群益金鼎-高盛,2023-03-24,9105
3499,環天科,66,44,22,群益金鼎-高盛,2023-03-24,9105
2303,聯電,45,24,21,群益金鼎-高盛,2023-03-24,9105
3705,永信,20,0,20,群益金鼎-高盛,2023-03-24,9105
2328,廣宇,20,2,18,群益金鼎-高盛,2023-03-24,9105
2495,普安,17,0,17,群益金鼎-高盛,2023-03-24,9105
3094,聯傑,19,2,17,群益金鼎-高盛,2023-03-24,9105
2618,長榮航,15,0,15,群益金鼎-高盛,2023-03-24,9105
00632R,元大台灣50反1,341,327,14,群益金鼎-高盛,2023-03-24,9105
2845,遠東銀,14,0,14,群益金鼎-高盛,2023-03-24,9105
2316,楠梓電,13,0,13,群益金鼎-高盛,2023-03-24,9105
00655L,國泰中國A50正2,10,0,10,群益金鼎-高盛,2023-03-24,9105
2317,鴻海,29,19,10,群益金鼎-高盛,2023-03-24,9105
4526,東台,10,0,10,群益金鼎-高盛,2023-03-24,9105
4916,事欣科,13,3,10,群益金鼎-高盛,2023-03-24,9105
00713,元大台灣高息低波,9,0,9,群益金鼎-高盛,2023-03-24,9105
00687B,國泰20年美債,9,0,9,群益金鼎-高盛,2023-03-24,9105
2342,茂矽,19,10,9,群益金鼎-高盛,2023-03-24,9105
3005,神基,20,11,9,群益金鼎-高盛,2023-03-24,9105
4580,捷流閥業,9,0,9,群益金鼎-高盛,2023-03-24,9105
6120,達運,9,0,9,群益金鼎-高盛,2023-03-24,9105
2404,漢唐,9,0,9,群益金鼎-高盛,2023-03-24,9105
6469,大樹,8,0,8,群益金鼎-高盛,2023-03-24,9105
00888,永豐台灣ESG,6,0,6,群益金鼎-高盛,2023-03-24,9105
00753L,中信中國50正2,16,10,6,群益金鼎-高盛,2023-03-24,9105
2606,裕民,6,0,6,群益金鼎-高盛,2023-03-24,9105
2637,慧洋-KY,9,3,6,群益金鼎-高盛,2023-03-24,9105
3285,微端,6,0,6,群益金鼎-高盛,2023-03-24,9105
3322,建舜電,8,2,6,群益金鼎-高盛,2023-03-24,9105
00712,復華富時不動產,5,0,5,群益金鼎-高盛,2023-03-24,9105
3591,艾笛森,6,1,5,群益金鼎-高盛,2023-03-24,9105
5284,jpp-KY,8,3,5,群益金鼎-高盛,2023-03-24,9105
5443,均豪,5,0,5,群益金鼎-高盛,2023-03-24,9105
8050,廣積,5,0,5,群益金鼎-高盛,2023-03-24,9105
8112,至上,5,0,5,群益金鼎-高盛,2023-03-24,9105
8936,國統,6,1,5,群益金鼎-高盛,2023-03-24,9105
2027,大成鋼,6,1,5,群益金鼎-高盛,2023-03-24,9105
00648R,元大S＆P500反1,136,0,136,群益金鼎-高盛,2023-03-27,9105
5608,四維航,123,0,123,群益金鼎-高盛,2023-03-27,9105
1504,東元,139,22,117,群益金鼎-高盛,2023-03-27,9105
2836,高雄銀,100,0,100,群益金鼎-高盛,2023-03-27,9105
3360,尚立,100,0,100,群益金鼎-高盛,2023-03-27,9105
2890,永豐金,111,52,59,群益金鼎-高盛,2023-03-27,9105
2349,錸德,47,0,47,群益金鼎-高盛,2023-03-27,9105
1522,堤維西,41,1,40,群益金鼎-高盛,2023-03-27,9105
3346,麗清,40,0,40,群益金鼎-高盛,2023-03-27,9105
2634,漢翔,51,12,39,群益金鼎-高盛,2023-03-27,9105
3056,富華新,35,3,32,群益金鼎-高盛,2023-03-27,9105
2615,萬海,30,0,30,群益金鼎-高盛,2023-03-27,9105
8222,寶一,49,22,27,群益金鼎-高盛,2023-03-27,9105
00882,中信中國高股息,21,0,21,群益金鼎-高盛,2023-03-27,9105
1605,華新,26,5,21,群益金鼎-高盛,2023-03-27,9105
1609,大亞,45,25,20,群益金鼎-高盛,2023-03-27,9105
5289,宜鼎,22,2,20,群益金鼎-高盛,2023-03-27,9105
2461,光群雷,25,6,19,群益金鼎-高盛,2023-03-27,9105
2606,裕民,19,0,19,群益金鼎-高盛,2023-03-27,9105
2882,國泰金,23,4,19,群益金鼎-高盛,2023-03-27,9105
3714,富采,51,33,18,群益金鼎-高盛,2023-03-27,9105
00665L,富邦�琤肭磪囓�2,23,5,18,群益金鼎-高盛,2023-03-27,9105
00637L,元大滬深300正2,450,433,17,群益金鼎-高盛,2023-03-27,9105
2601,益航,18,1,17,群益金鼎-高盛,2023-03-27,9105
00715L,期街口布蘭特正2,15,0,15,群益金鼎-高盛,2023-03-27,9105
00633L,富邦上証正2,13,0,13,群益金鼎-高盛,2023-03-27,9105
2413,環科,14,1,13,群益金鼎-高盛,2023-03-27,9105
2340,台亞,42,31,11,群益金鼎-高盛,2023-03-27,9105
3013,晟銘電,12,1,11,群益金鼎-高盛,2023-03-27,9105
2603,長榮,17,7,10,群益金鼎-高盛,2023-03-27,9105
1312,國喬,10,0,10,群益金鼎-高盛,2023-03-27,9105
00655L,國泰中國A50正2,10,0,10,群益金鼎-高盛,2023-03-27,9105
2324,仁寶,10,0,10,群益金鼎-高盛,2023-03-27,9105
2371,大同,10,0,10,群益金鼎-高盛,2023-03-27,9105
6026,福邦證,10,0,10,群益金鼎-高盛,2023-03-27,9105
6163,華電網,21,11,10,群益金鼎-高盛,2023-03-27,9105
6129,普誠,10,1,9,群益金鼎-高盛,2023-03-27,9105
1568,倉佑,10,1,9,群益金鼎-高盛,2023-03-27,9105
00687B,國泰20年美債,8,0,8,群益金鼎-高盛,2023-03-27,9105
1709,和益,8,0,8,群益金鼎-高盛,2023-03-27,9105
6266,泰詠,8,0,8,群益金鼎-高盛,2023-03-27,9105
6113,亞矽,7,0,7,群益金鼎-高盛,2023-03-27,9105
6228,全譜,7,0,7,群益金鼎-高盛,2023-03-27,9105
8289,泰藝,9,2,7,群益金鼎-高盛,2023-03-27,9105
2834,臺企銀,7,1,6,群益金鼎-高盛,2023-03-27,9105
2006,東和鋼鐵,6,0,6,群益金鼎-高盛,2023-03-27,9105
00922,國泰台灣領袖50,6,0,6,群益金鼎-高盛,2023-03-27,9105
00772B,中信高評級公司債,6,0,6,群益金鼎-高盛,2023-03-27,9105
1584,精剛,18,12,6,群益金鼎-高盛,2023-03-27,9105
1802,台玻,6,0,6,群益金鼎-高盛,2023-03-27,9105
2537,聯上發,200,0,200,群益金鼎-高盛,2023-03-28,9105
2402,毅嘉,93,29,64,群益金鼎-高盛,2023-03-28,9105
00679B,元大美債20年,54,1,53,群益金鼎-高盛,2023-03-28,9105
1815,富喬,50,0,50,群益金鼎-高盛,2023-03-28,9105
3049,精金,32,0,32,群益金鼎-高盛,2023-03-28,9105
3499,環天科,33,4,29,群益金鼎-高盛,2023-03-28,9105
00687B,國泰20年美債,28,0,28,群益金鼎-高盛,2023-03-28,9105
6227,茂綸,27,0,27,群益金鼎-高盛,2023-03-28,9105
2867,三商壽,20,0,20,群益金鼎-高盛,2023-03-28,9105
2603,長榮,20,1,19,群益金鼎-高盛,2023-03-28,9105
2388,威盛,31,13,18,群益金鼎-高盛,2023-03-28,9105
9942,茂順,17,1,16,群益金鼎-高盛,2023-03-28,9105
1101,台泥,19,3,16,群益金鼎-高盛,2023-03-28,9105
3224,三顧,20,5,15,群益金鼎-高盛,2023-03-28,9105
3432,台端,15,0,15,群益金鼎-高盛,2023-03-28,9105
4532,瑞智,15,0,15,群益金鼎-高盛,2023-03-28,9105
2303,聯電,22,8,14,群益金鼎-高盛,2023-03-28,9105
1809,中釉,15,1,14,群益金鼎-高盛,2023-03-28,9105
6770,力積電,14,0,14,群益金鼎-高盛,2023-03-28,9105
8201,無敵,14,1,13,群益金鼎-高盛,2023-03-28,9105
00673R,期元大S＆P原油反1,12,0,12,群益金鼎-高盛,2023-03-28,9105
2349,錸德,11,0,11,群益金鼎-高盛,2023-03-28,9105
3189,景碩,12,1,11,群益金鼎-高盛,2023-03-28,9105
4541,晟田,11,0,11,群益金鼎-高盛,2023-03-28,9105
8289,泰藝,13,2,11,群益金鼎-高盛,2023-03-28,9105
6275,元山,10,0,10,群益金鼎-高盛,2023-03-28,9105
8215,明基材,10,0,10,群益金鼎-高盛,2023-03-28,9105
00676R,富邦臺灣加權反1,10,0,10,群益金鼎-高盛,2023-03-28,9105
2065,世豐,10,0,10,群益金鼎-高盛,2023-03-28,9105
2344,華邦電,10,0,10,群益金鼎-高盛,2023-03-28,9105
2385,群光,10,0,10,群益金鼎-高盛,2023-03-28,9105
3591,艾笛森,10,0,10,群益金鼎-高盛,2023-03-28,9105
3605,宏致,10,0,10,群益金鼎-高盛,2023-03-28,9105
6139,亞翔,10,0,10,群益金鼎-高盛,2023-03-28,9105
2545,皇翔,9,0,9,群益金鼎-高盛,2023-03-28,9105
3025,星通,38,29,9,群益金鼎-高盛,2023-03-28,9105
3037,欣興,13,4,9,群益金鼎-高盛,2023-03-28,9105
2634,漢翔,11,3,8,群益金鼎-高盛,2023-03-28,9105
2637,慧洋-KY,8,0,8,群益金鼎-高盛,2023-03-28,9105
6122,擎邦,23,15,8,群益金鼎-高盛,2023-03-28,9105
2609,陽明,8,1,7,群益金鼎-高盛,2023-03-28,9105
2337,旺宏,7,0,7,群益金鼎-高盛,2023-03-28,9105
3047,訊舟,10,3,7,群益金鼎-高盛,2023-03-28,9105
2208,台船,12,5,7,群益金鼎-高盛,2023-03-28,9105
6129,普誠,12,5,7,群益金鼎-高盛,2023-03-28,9105
2449,京元電子,6,0,6,群益金鼎-高盛,2023-03-28,9105
2702,華園,6,0,6,群益金鼎-高盛,2023-03-28,9105
3035,智原,12,6,6,群益金鼎-高盛,2023-03-28,9105
4162,智擎,7,1,6,群益金鼎-高盛,2023-03-28,9105
6244,茂迪,18,12,6,群益金鼎-高盛,2023-03-28,9105
00632R,元大台灣50反1,170,40,130,群益金鼎-高盛,2023-03-29,9105
6227,茂綸,65,1,64,群益金鼎-高盛,2023-03-29,9105
2371,大同,68,10,58,群益金鼎-高盛,2023-03-29,9105
1605,華新,59,9,50,群益金鼎-高盛,2023-03-29,9105
1319,東陽,52,6,46,群益金鼎-高盛,2023-03-29,9105
00922,國泰台灣領袖50,33,0,33,群益金鼎-高盛,2023-03-29,9105
2329,華泰,33,7,26,群益金鼎-高盛,2023-03-29,9105
00664R,國泰臺灣加權反1,40,15,25,群益金鼎-高盛,2023-03-29,9105
2303,聯電,24,0,24,群益金鼎-高盛,2023-03-29,9105
6116,彩晶,37,16,21,群益金鼎-高盛,2023-03-29,9105
1784,訊聯,20,0,20,群益金鼎-高盛,2023-03-29,9105
6282,康舒,20,0,20,群益金鼎-高盛,2023-03-29,9105
00882,中信中國高股息,15,0,15,群益金鼎-高盛,2023-03-29,9105
4128,中天,15,0,15,群益金鼎-高盛,2023-03-29,9105
2609,陽明,18,6,12,群益金鼎-高盛,2023-03-29,9105
2867,三商壽,27,15,12,群益金鼎-高盛,2023-03-29,9105
1529,樂事綠能,12,0,12,群益金鼎-高盛,2023-03-29,9105
00679B,元大美債20年,12,1,11,群益金鼎-高盛,2023-03-29,9105
00637L,元大滬深300正2,249,238,11,群益金鼎-高盛,2023-03-29,9105
00885,富邦越南,11,0,11,群益金鼎-高盛,2023-03-29,9105
6235,華孚,72,62,10,群益金鼎-高盛,2023-03-29,9105
2201,裕隆,11,1,10,群益金鼎-高盛,2023-03-29,9105
3545,敦泰,10,0,10,群益金鼎-高盛,2023-03-29,9105
4906,正文,10,0,10,群益金鼎-高盛,2023-03-29,9105
6026,福邦證,10,0,10,群益金鼎-高盛,2023-03-29,9105
3715,定穎投控,64,54,10,群益金鼎-高盛,2023-03-29,9105
3037,欣興,12,3,9,群益金鼎-高盛,2023-03-29,9105
2014,中鴻,11,2,9,群益金鼎-高盛,2023-03-29,9105
2495,普安,11,2,9,群益金鼎-高盛,2023-03-29,9105
2402,毅嘉,28,19,9,群益金鼎-高盛,2023-03-29,9105
00878,國泰永續高股息,18,10,8,群益金鼎-高盛,2023-03-29,9105
1503,士電,10,2,8,群益金鼎-高盛,2023-03-29,9105
3447,展達,8,0,8,群益金鼎-高盛,2023-03-29,9105
6788,華景電,8,0,8,群益金鼎-高盛,2023-03-29,9105
00687B,國泰20年美債,7,0,7,群益金鼎-高盛,2023-03-29,9105
6770,力積電,7,0,7,群益金鼎-高盛,2023-03-29,9105
3035,智原,8,2,6,群益金鼎-高盛,2023-03-29,9105
2886,兆豐金,6,0,6,群益金鼎-高盛,2023-03-29,9105
3043,科風,6,0,6,群益金鼎-高盛,2023-03-29,9105
3481,群創,22,16,6,群益金鼎-高盛,2023-03-29,9105
4532,瑞智,6,0,6,群益金鼎-高盛,2023-03-29,9105
4536,拓凱,7,1,6,群益金鼎-高盛,2023-03-29,9105
6133,金橋,7,1,6,群益金鼎-高盛,2023-03-29,9105
8222,寶一,11,5,6,群益金鼎-高盛,2023-03-29,9105
1584,精剛,8,2,6,群益金鼎-高盛,2023-03-29,9105
2606,裕民,5,0,5,群益金鼎-高盛,2023-03-29,9105
00655L,國泰中國A50正2,16,11,5,群益金鼎-高盛,2023-03-29,9105
2069,運錩,5,0,5,群益金鼎-高盛,2023-03-29,9105
2356,英業達,5,0,5,群益金鼎-高盛,2023-03-29,9105
2515,中工,5,0,5,群益金鼎-高盛,2023-03-29,9105
2890,永豐金,101,0,101,群益金鼎-高盛,2023-03-30,9105
8409,商之器,50,0,50,群益金鼎-高盛,2023-03-30,9105
00648R,元大S＆P500反1,30,0,30,群益金鼎-高盛,2023-03-30,9105
2382,廣達,36,6,30,群益金鼎-高盛,2023-03-30,9105
5009,榮剛,25,0,25,群益金鼎-高盛,2023-03-30,9105
2610,華航,22,0,22,群益金鼎-高盛,2023-03-30,9105
2615,萬海,22,0,22,群益金鼎-高盛,2023-03-30,9105
8928,鉅明,22,0,22,群益金鼎-高盛,2023-03-30,9105
2371,大同,20,0,20,群益金鼎-高盛,2023-03-30,9105
8110,華東,20,0,20,群益金鼎-高盛,2023-03-30,9105
2344,華邦電,37,18,19,群益金鼎-高盛,2023-03-30,9105
6770,力積電,21,2,19,群益金鼎-高盛,2023-03-30,9105
2302,麗正,18,4,14,群益金鼎-高盛,2023-03-30,9105
6227,茂綸,14,0,14,群益金鼎-高盛,2023-03-30,9105
3714,富采,13,0,13,群益金鼎-高盛,2023-03-30,9105
1314,中石化,12,0,12,群益金鼎-高盛,2023-03-30,9105
3715,定穎投控,16,5,11,群益金鼎-高盛,2023-03-30,9105
2049,上銀,10,0,10,群益金鼎-高盛,2023-03-30,9105
5603,陸海,10,0,10,群益金鼎-高盛,2023-03-30,9105
6026,福邦證,10,0,10,群益金鼎-高盛,2023-03-30,9105
8201,無敵,10,0,10,群益金鼎-高盛,2023-03-30,9105
00679B,元大美債20年,9,0,9,群益金鼎-高盛,2023-03-30,9105
2882,國泰金,8,0,8,群益金鼎-高盛,2023-03-30,9105
1618,合機,18,11,7,群益金鼎-高盛,2023-03-30,9105
2888,新光金,10,3,7,群益金鼎-高盛,2023-03-30,9105
2603,長榮,7,1,6,群益金鼎-高盛,2023-03-30,9105
2883,凱基金,6,0,6,群益金鼎-高盛,2023-03-30,9105
00655L,國泰中國A50正2,6,0,6,群益金鼎-高盛,2023-03-30,9105
2342,茂矽,10,4,6,群益金鼎-高盛,2023-03-30,9105
2634,漢翔,7,1,6,群益金鼎-高盛,2023-03-30,9105
3703,欣陸,6,0,6,群益金鼎-高盛,2023-03-30,9105
00715L,期街口布蘭特正2,5,0,5,群益金鼎-高盛,2023-03-30,9105
2515,中工,5,0,5,群益金鼎-高盛,2023-03-30,9105
1514,亞力,5,0,5,群益金鼎-高盛,2023-03-30,9105
2427,三商電,5,0,5,群益金鼎-高盛,2023-03-30,9105
2461,光群雷,5,0,5,群益金鼎-高盛,2023-03-30,9105
2891,中信金,5,0,5,群益金鼎-高盛,2023-03-30,9105
3354,律勝,5,0,5,群益金鼎-高盛,2023-03-30,9105
3628,盈正,5,0,5,群益金鼎-高盛,2023-03-30,9105
5475,德宏,5,0,5,群益金鼎-高盛,2023-03-30,9105
9905,大華,5,0,5,群益金鼎-高盛,2023-03-30,9105
2748,雲品,5,0,5,群益金鼎-高盛,2023-03-30,9105
2618,長榮航,4,0,4,群益金鼎-高盛,2023-03-30,9105
1760,寶齡富錦,6,2,4,群益金鼎-高盛,2023-03-30,9105
2359,所羅門,15,11,4,群益金鼎-高盛,2023-03-30,9105
2393,億光,6,2,4,群益金鼎-高盛,2023-03-30,9105
2406,國碩,7,3,4,群益金鼎-高盛,2023-03-30,9105
2702,華園,4,0,4,群益金鼎-高盛,2023-03-30,9105
3189,景碩,5,1,4,群益金鼎-高盛,2023-03-30,9105
3591,艾笛森,4,0,4,群益金鼎-高盛,2023-03-30,9105
00637L,元大滬深300正2,264,176,88,群益金鼎-高盛,2023-03-31,9105
2609,陽明,60,30,30,群益金鼎-高盛,2023-03-31,9105
020020,元大台股領航N,25,0,25,群益金鼎-高盛,2023-03-31,9105
2405,輔信,25,0,25,群益金鼎-高盛,2023-03-31,9105
8110,華東,21,1,20,群益金鼎-高盛,2023-03-31,9105
1504,東元,20,2,18,群益金鼎-高盛,2023-03-31,9105
1709,和益,17,0,17,群益金鼎-高盛,2023-03-31,9105
5258,虹堡,18,3,15,群益金鼎-高盛,2023-03-31,9105
6278,台表科,17,2,15,群益金鼎-高盛,2023-03-31,9105
8028,昇陽半導體,25,10,15,群益金鼎-高盛,2023-03-31,9105
5289,宜鼎,19,6,13,群益金鼎-高盛,2023-03-31,9105
1314,中石化,13,0,13,群益金鼎-高盛,2023-03-31,9105
2105,正新,13,0,13,群益金鼎-高盛,2023-03-31,9105
3056,富華新,17,4,13,群益金鼎-高盛,2023-03-31,9105
8358,金居,12,0,12,群益金鼎-高盛,2023-03-31,9105
00679B,元大美債20年,11,0,11,群益金鼎-高盛,2023-03-31,9105
2498,宏達電,11,1,10,群益金鼎-高盛,2023-03-31,9105
2321,東訊,10,0,10,群益金鼎-高盛,2023-03-31,9105
3078,僑威,15,5,10,群益金鼎-高盛,2023-03-31,9105
3522,御嵿,10,0,10,群益金鼎-高盛,2023-03-31,9105
3528,安馳,10,0,10,群益金鼎-高盛,2023-03-31,9105
5701,劍湖山,10,0,10,群益金鼎-高盛,2023-03-31,9105
6026,福邦證,10,0,10,群益金鼎-高盛,2023-03-31,9105
6206,飛捷,10,0,10,群益金鼎-高盛,2023-03-31,9105
8996,高力,9,0,9,群益金鼎-高盛,2023-03-31,9105
6470,宇智,18,9,9,群益金鼎-高盛,2023-03-31,9105
1609,大亞,14,6,8,群益金鼎-高盛,2023-03-31,9105
2409,友達,10,2,8,群益金鼎-高盛,2023-03-31,9105
2883,凱基金,12,4,8,群益金鼎-高盛,2023-03-31,9105
3322,建舜電,8,0,8,群益金鼎-高盛,2023-03-31,9105
6182,合晶,9,1,8,群益金鼎-高盛,2023-03-31,9105
8440,綠電,8,0,8,群益金鼎-高盛,2023-03-31,9105
2104,國際中橡,7,0,7,群益金鼎-高盛,2023-03-31,9105
3083,網龍,7,0,7,群益金鼎-高盛,2023-03-31,9105
6227,茂綸,25,18,7,群益金鼎-高盛,2023-03-31,9105
1760,寶齡富錦,13,7,6,群益金鼎-高盛,2023-03-31,9105
8227,巨有科技,9,3,6,群益金鼎-高盛,2023-03-31,9105
2457,飛宏,21,15,6,群益金鼎-高盛,2023-03-31,9105
00632R,元大台灣50反1,333,327,6,群益金鼎-高盛,2023-03-31,9105
00669R,國泰美國道瓊反1,6,0,6,群益金鼎-高盛,2023-03-31,9105
3005,神基,6,0,6,群益金鼎-高盛,2023-03-31,9105
3711,日月光投控,10,4,6,群益金鼎-高盛,2023-03-31,9105
6416,瑞祺電通,6,0,6,群益金鼎-高盛,2023-03-31,9105
00882,中信中國高股息,6,0,6,群益金鼎-高盛,2023-03-31,9105
6733,博晟生醫,5,0,5,群益金鼎-高盛,2023-03-31,9105
6829,千附精密,5,0,5,群益金鼎-高盛,2023-03-31,9105
00673R,期元大S＆P原油反1,5,0,5,群益金鼎-高盛,2023-03-31,9105
00648R,元大S＆P500反1,5,0,5,群益金鼎-高盛,2023-03-31,9105
1584,精剛,5,0,5,群益金鼎-高盛,2023-03-31,9105
2007,燁興,5,0,5,群益金鼎-高盛,2023-03-31,9105
00637L,元大滬深300正2,205,1,204,群益金鼎-高盛,2023-04-06,9105
00673R,期元大S＆P原油反1,74,0,74,群益金鼎-高盛,2023-04-06,9105
3056,富華新,65,16,49,群益金鼎-高盛,2023-04-06,9105
00878,國泰永續高股息,36,0,36,群益金鼎-高盛,2023-04-06,9105
2890,永豐金,36,0,36,群益金鼎-高盛,2023-04-06,9105
2023,燁輝,31,0,31,群益金鼎-高盛,2023-04-06,9105
6133,金橋,24,0,24,群益金鼎-高盛,2023-04-06,9105
6248,沛波,49,25,24,群益金鼎-高盛,2023-04-06,9105
2609,陽明,36,13,23,群益金鼎-高盛,2023-04-06,9105
2891,中信金,23,0,23,群益金鼎-高盛,2023-04-06,9105
00632R,元大台灣50反1,122,100,22,群益金鼎-高盛,2023-04-06,9105
6275,元山,20,0,20,群益金鼎-高盛,2023-04-06,9105
6223,旺矽,20,1,19,群益金鼎-高盛,2023-04-06,9105
2065,世豐,19,3,16,群益金鼎-高盛,2023-04-06,9105
3715,定穎投控,21,5,16,群益金鼎-高盛,2023-04-06,9105
2603,長榮,16,0,16,群益金鼎-高盛,2023-04-06,9105
2344,華邦電,21,7,14,群益金鼎-高盛,2023-04-06,9105
6770,力積電,15,1,14,群益金鼎-高盛,2023-04-06,9105
6142,友勁,13,0,13,群益金鼎-高盛,2023-04-06,9105
2337,旺宏,12,0,12,群益金鼎-高盛,2023-04-06,9105
2884,玉山金,12,0,12,群益金鼎-高盛,2023-04-06,9105
3260,威剛,14,3,11,群益金鼎-高盛,2023-04-06,9105
2317,鴻海,12,2,10,群益金鼎-高盛,2023-04-06,9105
8069,元太,14,4,10,群益金鼎-高盛,2023-04-06,9105
00676R,富邦臺灣加權反1,10,0,10,群益金鼎-高盛,2023-04-06,9105
1815,富喬,10,0,10,群益金鼎-高盛,2023-04-06,9105
5603,陸海,10,0,10,群益金鼎-高盛,2023-04-06,9105
00713,元大台灣高息低波,19,10,9,群益金鼎-高盛,2023-04-06,9105
6285,啟��,9,0,9,群益金鼎-高盛,2023-04-06,9105
9958,世紀鋼,11,2,9,群益金鼎-高盛,2023-04-06,9105
3293,鈊象,8,0,8,群益金鼎-高盛,2023-04-06,9105
00893,國泰智能電動車,10,2,8,群益金鼎-高盛,2023-04-06,9105
00751B,元大AAA至A公司債,8,0,8,群益金鼎-高盛,2023-04-06,9105
2454,聯發科,7,0,7,群益金鼎-高盛,2023-04-06,9105
1752,南光,7,0,7,群益金鼎-高盛,2023-04-06,9105
6129,普誠,7,0,7,群益金鼎-高盛,2023-04-06,9105
6148,驊宏資,8,1,7,群益金鼎-高盛,2023-04-06,9105
8383,千附,9,2,7,群益金鼎-高盛,2023-04-06,9105
2845,遠東銀,6,0,6,群益金鼎-高盛,2023-04-06,9105
4147,中裕,7,1,6,群益金鼎-高盛,2023-04-06,9105
4974,亞泰,9,3,6,群益金鼎-高盛,2023-04-06,9105
2402,毅嘉,20,14,6,群益金鼎-高盛,2023-04-06,9105
3231,緯創,13,8,5,群益金鼎-高盛,2023-04-06,9105
1219,福壽,5,0,5,群益金鼎-高盛,2023-04-06,9105
0056,元大高股息,5,0,5,群益金鼎-高盛,2023-04-06,9105
00764B,群益25年美債,5,0,5,群益金鼎-高盛,2023-04-06,9105
1560,中砂,6,1,5,群益金鼎-高盛,2023-04-06,9105
1909,榮成,5,0,5,群益金鼎-高盛,2023-04-06,9105
2027,大成鋼,5,0,5,群益金鼎-高盛,2023-04-06,9105
2610,華航,5,0,5,群益金鼎-高盛,2023-04-06,9105
3032,偉訓,58,10,48,群益金鼎-高盛,2023-04-07,9105
6227,茂綸,38,1,37,群益金鼎-高盛,2023-04-07,9105
2484,希華,32,1,31,群益金鼎-高盛,2023-04-07,9105
6188,廣明,43,13,30,群益金鼎-高盛,2023-04-07,9105
00878,國泰永續高股息,39,11,28,群益金鼎-高盛,2023-04-07,9105
2065,世豐,25,1,24,群益金鼎-高盛,2023-04-07,9105
4804,大略-KY,22,0,22,群益金鼎-高盛,2023-04-07,9105
1513,中興電,33,12,21,群益金鼎-高盛,2023-04-07,9105
2349,錸德,20,0,20,群益金鼎-高盛,2023-04-07,9105
6248,沛波,20,0,20,群益金鼎-高盛,2023-04-07,9105
2498,宏達電,36,17,19,群益金鼎-高盛,2023-04-07,9105
6026,福邦證,20,1,19,群益金鼎-高盛,2023-04-07,9105
3520,華盈,28,10,18,群益金鼎-高盛,2023-04-07,9105
5465,富驊,15,0,15,群益金鼎-高盛,2023-04-07,9105
2867,三商壽,24,10,14,群益金鼎-高盛,2023-04-07,9105
1218,泰山,13,0,13,群益金鼎-高盛,2023-04-07,9105
2471,資通,46,33,13,群益金鼎-高盛,2023-04-07,9105
2890,永豐金,15,2,13,群益金鼎-高盛,2023-04-07,9105
7402,邑錡,14,1,13,群益金鼎-高盛,2023-04-07,9105
00712,復華富時不動產,12,0,12,群益金鼎-高盛,2023-04-07,9105
1514,亞力,24,12,12,群益金鼎-高盛,2023-04-07,9105
5452,佶優,12,0,12,群益金鼎-高盛,2023-04-07,9105
6129,普誠,11,0,11,群益金鼎-高盛,2023-04-07,9105
00885,富邦越南,11,0,11,群益金鼎-高盛,2023-04-07,9105
2645,長榮航太,11,0,11,群益金鼎-高盛,2023-04-07,9105
0056,元大高股息,10,0,10,群益金鼎-高盛,2023-04-07,9105
3682,亞太電,10,0,10,群益金鼎-高盛,2023-04-07,9105
1417,嘉裕,10,0,10,群益金鼎-高盛,2023-04-07,9105
1529,樂事綠能,12,2,10,群益金鼎-高盛,2023-04-07,9105
1701,中化,10,0,10,群益金鼎-高盛,2023-04-07,9105
5871,中租-KY,11,1,10,群益金鼎-高盛,2023-04-07,9105
1605,華新,44,35,9,群益金鼎-高盛,2023-04-07,9105
8928,鉅明,9,0,9,群益金鼎-高盛,2023-04-07,9105
1709,和益,11,3,8,群益金鼎-高盛,2023-04-07,9105
4130,健亞,8,0,8,群益金鼎-高盛,2023-04-07,9105
6461,益得,9,1,8,群益金鼎-高盛,2023-04-07,9105
6278,台表科,11,3,8,群益金鼎-高盛,2023-04-07,9105
3447,展達,7,0,7,群益金鼎-高盛,2023-04-07,9105
8150,南茂,7,0,7,群益金鼎-高盛,2023-04-07,9105
8277,商丞,7,0,7,群益金鼎-高盛,2023-04-07,9105
3481,群創,9,3,6,群益金鼎-高盛,2023-04-07,9105
8069,元太,7,1,6,群益金鼎-高盛,2023-04-07,9105
1609,大亞,13,7,6,群益金鼎-高盛,2023-04-07,9105
2421,建準,6,0,6,群益金鼎-高盛,2023-04-07,9105
2606,裕民,11,5,6,群益金鼎-高盛,2023-04-07,9105
2617,台航,7,1,6,群益金鼎-高盛,2023-04-07,9105
6109,亞元,6,0,6,群益金鼎-高盛,2023-04-07,9105
6288,聯嘉,7,1,6,群益金鼎-高盛,2023-04-07,9105
3231,緯創,12,6,6,群益金鼎-高盛,2023-04-07,9105
4973,廣穎,5,0,5,群益金鼎-高盛,2023-04-07,9105
00632R,元大台灣50反1,105,0,105,群益金鼎-高盛,2023-04-10,9105
00708L,期元大S＆P黃金正2,100,0,100,群益金鼎-高盛,2023-04-10,9105
2890,永豐金,100,0,100,群益金鼎-高盛,2023-04-10,9105
2349,錸德,54,7,47,群益金鼎-高盛,2023-04-10,9105
2382,廣達,56,13,43,群益金鼎-高盛,2023-04-10,9105
2208,台船,56,16,40,群益金鼎-高盛,2023-04-10,9105
2489,瑞軒,20,0,20,群益金鼎-高盛,2023-04-10,9105
00673R,期元大S＆P原油反1,40,20,20,群益金鼎-高盛,2023-04-10,9105
5701,劍湖山,20,0,20,群益金鼎-高盛,2023-04-10,9105
1524,耿鼎,20,1,19,群益金鼎-高盛,2023-04-10,9105
2609,陽明,22,7,15,群益金鼎-高盛,2023-04-10,9105
2897,王道銀行,15,0,15,群益金鼎-高盛,2023-04-10,9105
4968,立積,33,21,12,群益金鼎-高盛,2023-04-10,9105
2330,台積電,11,1,10,群益金鼎-高盛,2023-04-10,9105
6163,華電網,18,7,11,群益金鼎-高盛,2023-04-10,9105
00679B,元大美債20年,10,0,10,群益金鼎-高盛,2023-04-10,9105
6026,福邦證,10,0,10,群益金鼎-高盛,2023-04-10,9105
6248,沛波,10,0,10,群益金鼎-高盛,2023-04-10,9105
8358,金居,10,0,10,群益金鼎-高盛,2023-04-10,9105
00878,國泰永續高股息,12,5,7,群益金鼎-高盛,2023-04-10,9105
1605,華新,13,6,7,群益金鼎-高盛,2023-04-10,9105
2637,慧洋-KY,8,1,7,群益金鼎-高盛,2023-04-10,9105
4114,健喬,8,1,7,群益金鼎-高盛,2023-04-10,9105
6190,萬泰科,7,0,7,群益金鼎-高盛,2023-04-10,9105
00664R,國泰臺灣加權反1,6,0,6,群益金鼎-高盛,2023-04-10,9105
1795,美時,7,1,6,群益金鼎-高盛,2023-04-10,9105
1810,和成,6,0,6,群益金鼎-高盛,2023-04-10,9105
5263,智崴,6,0,6,群益金鼎-高盛,2023-04-10,9105
6548,長科*,6,0,6,群益金鼎-高盛,2023-04-10,9105
9942,茂順,11,5,6,群益金鼎-高盛,2023-04-10,9105
2498,宏達電,31,25,6,群益金鼎-高盛,2023-04-10,9105
3711,日月光投控,5,0,5,群益金鼎-高盛,2023-04-10,9105
3520,華盈,14,9,5,群益金鼎-高盛,2023-04-10,9105
0056,元大高股息,5,0,5,群益金鼎-高盛,2023-04-10,9105
1760,寶齡富錦,5,0,5,群益金鼎-高盛,2023-04-10,9105
1904,正隆,5,0,5,群益金鼎-高盛,2023-04-10,9105
2338,光罩,5,0,5,群益金鼎-高盛,2023-04-10,9105
2355,敬鵬,5,0,5,群益金鼎-高盛,2023-04-10,9105
3035,智原,12,7,5,群益金鼎-高盛,2023-04-10,9105
3169,亞信,5,0,5,群益金鼎-高盛,2023-04-10,9105
3321,同泰,5,0,5,群益金鼎-高盛,2023-04-10,9105
3522,御嵿,5,0,5,群益金鼎-高盛,2023-04-10,9105
3663,鑫科,5,0,5,群益金鼎-高盛,2023-04-10,9105
6470,宇智,5,0,5,群益金鼎-高盛,2023-04-10,9105
8299,群聯,5,0,5,群益金鼎-高盛,2023-04-10,9105
1519,華城,23,19,4,群益金鼎-高盛,2023-04-10,9105
4953,緯軟,6,2,4,群益金鼎-高盛,2023-04-10,9105
2002,中鋼,4,0,4,群益金鼎-高盛,2023-04-10,9105
00712,復華富時不動產,4,0,4,群益金鼎-高盛,2023-04-10,9105
1560,中砂,4,0,4,群益金鼎-高盛,2023-04-10,9105
00637L,元大滬深300正2,372,250,122,群益金鼎-高盛,2023-04-11,9105
2890,永豐金,125,5,120,群益金鼎-高盛,2023-04-11,9105
2867,三商壽,34,1,33,群益金鼎-高盛,2023-04-11,9105
00882,中信中國高股息,34,4,30,群益金鼎-高盛,2023-04-11,9105
2317,鴻海,26,0,26,群益金鼎-高盛,2023-04-11,9105
8050,廣積,33,7,26,群益金鼎-高盛,2023-04-11,9105
00673R,期元大S＆P原油反1,23,0,23,群益金鼎-高盛,2023-04-11,9105
8277,商丞,19,0,19,群益金鼎-高盛,2023-04-11,9105
9942,茂順,19,0,19,群益金鼎-高盛,2023-04-11,9105
2303,聯電,17,1,16,群益金鼎-高盛,2023-04-11,9105
2208,台船,21,5,16,群益金鼎-高盛,2023-04-11,9105
2065,世豐,15,0,15,群益金鼎-高盛,2023-04-11,9105
6134,萬旭,15,0,15,群益金鼎-高盛,2023-04-11,9105
6770,力積電,16,1,15,群益金鼎-高盛,2023-04-11,9105
8926,台汽電,15,0,15,群益金鼎-高盛,2023-04-11,9105
00712,復華富時不動產,14,0,14,群益金鼎-高盛,2023-04-11,9105
2027,大成鋼,15,1,14,群益金鼎-高盛,2023-04-11,9105
00679B,元大美債20年,13,0,13,群益金鼎-高盛,2023-04-11,9105
6122,擎邦,13,0,13,群益金鼎-高盛,2023-04-11,9105
2349,錸德,20,9,11,群益金鼎-高盛,2023-04-11,9105
2402,毅嘉,21,10,11,群益金鼎-高盛,2023-04-11,9105
1219,福壽,10,0,10,群益金鼎-高盛,2023-04-11,9105
2897,王道銀行,10,0,10,群益金鼎-高盛,2023-04-11,9105
3693,營邦,10,0,10,群益金鼎-高盛,2023-04-11,9105
3704,合勤控,10,0,10,群益金鼎-高盛,2023-04-11,9105
3706,神達,10,1,9,群益金鼎-高盛,2023-04-11,9105
3078,僑威,10,2,8,群益金鼎-高盛,2023-04-11,9105
6227,茂綸,8,0,8,群益金鼎-高盛,2023-04-11,9105
1503,士電,13,5,8,群益金鼎-高盛,2023-04-11,9105
1605,華新,42,35,7,群益金鼎-高盛,2023-04-11,9105
006208,富邦台50,7,0,7,群益金鼎-高盛,2023-04-11,9105
2033,佳大,7,0,7,群益金鼎-高盛,2023-04-11,9105
2453,凌群,7,0,7,群益金鼎-高盛,2023-04-11,9105
2457,飛宏,8,2,6,群益金鼎-高盛,2023-04-11,9105
6244,茂迪,7,1,6,群益金鼎-高盛,2023-04-11,9105
2374,佳能,5,0,5,群益金鼎-高盛,2023-04-11,9105
3027,盛達,5,0,5,群益金鼎-高盛,2023-04-11,9105
3535,晶彩科,5,0,5,群益金鼎-高盛,2023-04-11,9105
3663,鑫科,5,0,5,群益金鼎-高盛,2023-04-11,9105
6138,茂達,5,0,5,群益金鼎-高盛,2023-04-11,9105
5483,中美晶,4,0,4,群益金鼎-高盛,2023-04-11,9105
1438,三地開發,4,0,4,群益金鼎-高盛,2023-04-11,9105
2329,華泰,5,1,4,群益金鼎-高盛,2023-04-11,9105
2881,富邦金,4,0,4,群益金鼎-高盛,2023-04-11,9105
3441,聯一光,5,1,4,群益金鼎-高盛,2023-04-11,9105
3465,進泰電子,4,0,4,群益金鼎-高盛,2023-04-11,9105
3545,敦泰,18,14,4,群益金鼎-高盛,2023-04-11,9105
4545,銘鈺,4,0,4,群益金鼎-高盛,2023-04-11,9105
4977,眾達-KY,5,1,4,群益金鼎-高盛,2023-04-11,9105
6548,長科*,7,3,4,群益金鼎-高盛,2023-04-11,9105
2547,日勝生,105,0,105,群益金鼎-高盛,2023-04-12,9105
00632R,元大台灣50反1,119,70,49,群益金鼎-高盛,2023-04-12,9105
2889,國票金,39,0,39,群益金鼎-高盛,2023-04-12,9105
6244,茂迪,46,11,35,群益金鼎-高盛,2023-04-12,9105
1605,華新,129,97,32,群益金鼎-高盛,2023-04-12,9105
2065,世豐,29,0,29,群益金鼎-高盛,2023-04-12,9105
2014,中鴻,30,3,27,群益金鼎-高盛,2023-04-12,9105
2363,矽統,32,8,24,群益金鼎-高盛,2023-04-12,9105
00673R,期元大S＆P原油反1,23,0,23,群益金鼎-高盛,2023-04-12,9105
2344,華邦電,26,4,22,群益金鼎-高盛,2023-04-12,9105
2834,臺企銀,21,0,21,群益金鼎-高盛,2023-04-12,9105
2890,永豐金,21,0,21,群益金鼎-高盛,2023-04-12,9105
00637L,元大滬深300正2,20,0,20,群益金鼎-高盛,2023-04-12,9105
2443,昶虹,20,0,20,群益金鼎-高盛,2023-04-12,9105
8289,泰藝,17,0,17,群益金鼎-高盛,2023-04-12,9105
2367,燿華,19,3,16,群益金鼎-高盛,2023-04-12,9105
4164,承業醫,15,0,15,群益金鼎-高盛,2023-04-12,9105
1513,中興電,47,35,12,群益金鼎-高盛,2023-04-12,9105
6223,旺矽,19,7,12,群益金鼎-高盛,2023-04-12,9105
2303,聯電,20,8,12,群益金鼎-高盛,2023-04-12,9105
5351,鈺創,15,3,12,群益金鼎-高盛,2023-04-12,9105
00679B,元大美債20年,11,0,11,群益金鼎-高盛,2023-04-12,9105
5328,華容,12,1,11,群益金鼎-高盛,2023-04-12,9105
1904,正隆,11,0,11,群益金鼎-高盛,2023-04-12,9105
1308,亞聚,10,0,10,群益金鼎-高盛,2023-04-12,9105
00753L,中信中國50正2,10,0,10,群益金鼎-高盛,2023-04-12,9105
2302,麗正,10,0,10,群益金鼎-高盛,2023-04-12,9105
2501,國建,10,0,10,群益金鼎-高盛,2023-04-12,9105
4139,馬光-KY,10,0,10,群益金鼎-高盛,2023-04-12,9105
4550,長佳,10,0,10,群益金鼎-高盛,2023-04-12,9105
6282,康舒,11,1,10,群益金鼎-高盛,2023-04-12,9105
8201,無敵,10,0,10,群益金鼎-高盛,2023-04-12,9105
6129,普誠,9,0,9,群益金鼎-高盛,2023-04-12,9105
00712,復華富時不動產,9,0,9,群益金鼎-高盛,2023-04-12,9105
2495,普安,10,1,9,群益金鼎-高盛,2023-04-12,9105
4979,華星光,12,3,9,群益金鼎-高盛,2023-04-12,9105
2402,毅嘉,18,10,8,群益金鼎-高盛,2023-04-12,9105
9945,潤泰新,7,0,7,群益金鼎-高盛,2023-04-12,9105
1519,華城,9,2,7,群益金鼎-高盛,2023-04-12,9105
3707,漢磊,9,3,6,群益金鼎-高盛,2023-04-12,9105
00905,FT臺灣Smart,6,0,6,群益金鼎-高盛,2023-04-12,9105
1611,中電,8,2,6,群益金鼎-高盛,2023-04-12,9105
2471,資通,6,0,6,群益金鼎-高盛,2023-04-12,9105
2618,長榮航,6,0,6,群益金鼎-高盛,2023-04-12,9105
8033,雷虎,6,0,6,群益金鼎-高盛,2023-04-12,9105
8477,創業家,6,0,6,群益金鼎-高盛,2023-04-12,9105
9942,茂順,6,0,6,群益金鼎-高盛,2023-04-12,9105
2492,華新科,15,9,6,群益金鼎-高盛,2023-04-12,9105
2542,興富發,5,0,5,群益金鼎-高盛,2023-04-12,9105
3209,全科,5,0,5,群益金鼎-高盛,2023-04-12,9105
2002,中鋼,116,35,81,群益金鼎-高盛,2023-04-13,9105
3528,安馳,69,4,65,群益金鼎-高盛,2023-04-13,9105
2634,漢翔,67,25,42,群益金鼎-高盛,2023-04-13,9105
00878,國泰永續高股息,42,5,37,群益金鼎-高盛,2023-04-13,9105
2890,永豐金,35,0,35,群益金鼎-高盛,2023-04-13,9105
8358,金居,35,1,34,群益金鼎-高盛,2023-04-13,9105
1609,大亞,60,26,34,群益金鼎-高盛,2023-04-13,9105
3711,日月光投控,32,1,31,群益金鼎-高盛,2023-04-13,9105
1535,中宇,27,0,27,群益金鼎-高盛,2023-04-13,9105
3576,聯合再生,31,7,24,群益金鼎-高盛,2023-04-13,9105
2867,三商壽,41,18,23,群益金鼎-高盛,2023-04-13,9105
5465,富驊,23,2,21,群益金鼎-高盛,2023-04-13,9105
2030,彰源,20,0,20,群益金鼎-高盛,2023-04-13,9105
3694,海華,20,0,20,群益金鼎-高盛,2023-04-13,9105
00679B,元大美債20年,19,0,19,群益金鼎-高盛,2023-04-13,9105
6127,九豪,22,3,19,群益金鼎-高盛,2023-04-13,9105
2897,王道銀行,20,2,18,群益金鼎-高盛,2023-04-13,9105
00673R,期元大S＆P原油反1,16,0,16,群益金鼎-高盛,2023-04-13,9105
1503,士電,46,30,16,群益金鼎-高盛,2023-04-13,9105
1513,中興電,25,11,14,群益金鼎-高盛,2023-04-13,9105
0056,元大高股息,15,1,14,群益金鼎-高盛,2023-04-13,9105
3047,訊舟,13,0,13,群益金鼎-高盛,2023-04-13,9105
5328,華容,13,0,13,群益金鼎-高盛,2023-04-13,9105
6125,廣運,18,5,13,群益金鼎-高盛,2023-04-13,9105
2481,強茂,12,0,12,群益金鼎-高盛,2023-04-13,9105
1314,中石化,13,1,12,群益金鼎-高盛,2023-04-13,9105
2329,華泰,18,6,12,群益金鼎-高盛,2023-04-13,9105
6770,力積電,12,0,12,群益金鼎-高盛,2023-04-13,9105
2605,新興,13,3,10,群益金鼎-高盛,2023-04-13,9105
3178,公準,11,1,10,群益金鼎-高盛,2023-04-13,9105
4113,聯上,10,0,10,群益金鼎-高盛,2023-04-13,9105
8105,凌巨,10,0,10,群益金鼎-高盛,2023-04-13,9105
3037,欣興,10,1,9,群益金鼎-高盛,2023-04-13,9105
1701,中化,10,1,9,群益金鼎-高盛,2023-04-13,9105
2610,華航,29,20,9,群益金鼎-高盛,2023-04-13,9105
8926,台汽電,10,1,9,群益金鼎-高盛,2023-04-13,9105
00712,復華富時不動產,8,0,8,群益金鼎-高盛,2023-04-13,9105
00751B,元大AAA至A公司債,8,0,8,群益金鼎-高盛,2023-04-13,9105
1722,台肥,8,0,8,群益金鼎-高盛,2023-04-13,9105
2007,燁興,8,0,8,群益金鼎-高盛,2023-04-13,9105
2453,凌群,8,0,8,群益金鼎-高盛,2023-04-13,9105
2606,裕民,11,3,8,群益金鼎-高盛,2023-04-13,9105
2886,兆豐金,8,0,8,群益金鼎-高盛,2023-04-13,9105
8033,雷虎,10,2,8,群益金鼎-高盛,2023-04-13,9105
6163,華電網,77,69,8,群益金鼎-高盛,2023-04-13,9105
3236,千如,8,1,7,群益金鼎-高盛,2023-04-13,9105
6531,愛普*,7,0,7,群益金鼎-高盛,2023-04-13,9105
9962,有益,8,1,7,群益金鼎-高盛,2023-04-13,9105
00923,群益台ESG低碳50,7,0,7,群益金鼎-高盛,2023-04-13,9105
5512,力麒,10,4,6,群益金鼎-高盛,2023-04-13,9105
2634,漢翔,221,119,102,群益金鼎-高盛,2023-04-14,9105
6167,久正,102,2,100,群益金鼎-高盛,2023-04-14,9105
2897,王道銀行,100,15,85,群益金鼎-高盛,2023-04-14,9105
3528,安馳,77,0,77,群益金鼎-高盛,2023-04-14,9105
2382,廣達,76,2,74,群益金鼎-高盛,2023-04-14,9105
2409,友達,76,16,60,群益金鼎-高盛,2023-04-14,9105
2208,台船,98,50,48,群益金鼎-高盛,2023-04-14,9105
2603,長榮,57,14,43,群益金鼎-高盛,2023-04-14,9105
00679B,元大美債20年,41,0,41,群益金鼎-高盛,2023-04-14,9105
1605,華新,77,38,39,群益金鼎-高盛,2023-04-14,9105
00632R,元大台灣50反1,235,202,33,群益金鼎-高盛,2023-04-14,9105
2349,錸德,31,0,31,群益金鼎-高盛,2023-04-14,9105
00888,永豐台灣ESG,30,0,30,群益金鼎-高盛,2023-04-14,9105
6026,福邦證,30,0,30,群益金鼎-高盛,2023-04-14,9105
3058,立德,25,0,25,群益金鼎-高盛,2023-04-14,9105
00664R,國泰臺灣加權反1,27,3,24,群益金鼎-高盛,2023-04-14,9105
00637L,元大滬深300正2,20,0,20,群益金鼎-高盛,2023-04-14,9105
00683L,期元大美元指正2,20,0,20,群益金鼎-高盛,2023-04-14,9105
2030,彰源,20,0,20,群益金鼎-高盛,2023-04-14,9105
2890,永豐金,20,0,20,群益金鼎-高盛,2023-04-14,9105
6248,沛波,32,12,20,群益金鼎-高盛,2023-04-14,9105
6244,茂迪,25,7,18,群益金鼎-高盛,2023-04-14,9105
1529,樂事綠能,38,20,18,群益金鼎-高盛,2023-04-14,9105
6120,達運,21,3,18,群益金鼎-高盛,2023-04-14,9105
2731,雄獅,21,9,12,群益金鼎-高盛,2023-04-14,9105
5355,佳總,20,8,12,群益金鼎-高盛,2023-04-14,9105
9942,茂順,13,1,12,群益金鼎-高盛,2023-04-14,9105
9958,世紀鋼,12,0,12,群益金鼎-高盛,2023-04-14,9105
3481,群創,24,13,11,群益金鼎-高盛,2023-04-14,9105
3322,建舜電,12,1,11,群益金鼎-高盛,2023-04-14,9105
3694,海華,11,0,11,群益金鼎-高盛,2023-04-14,9105
1504,東元,26,16,10,群益金鼎-高盛,2023-04-14,9105
3323,加百裕,10,0,10,群益金鼎-高盛,2023-04-14,9105
5511,德昌,10,0,10,群益金鼎-高盛,2023-04-14,9105
6139,亞翔,12,2,10,群益金鼎-高盛,2023-04-14,9105
8016,矽創,10,0,10,群益金鼎-高盛,2023-04-14,9105
8027,鈦昇,10,0,10,群益金鼎-高盛,2023-04-14,9105
8936,國統,18,8,10,群益金鼎-高盛,2023-04-14,9105
1513,中興電,14,5,9,群益金鼎-高盛,2023-04-14,9105
1701,中化,10,1,9,群益金鼎-高盛,2023-04-14,9105
2014,中鴻,10,1,9,群益金鼎-高盛,2023-04-14,9105
2371,大同,29,20,9,群益金鼎-高盛,2023-04-14,9105
5328,華容,11,2,9,群益金鼎-高盛,2023-04-14,9105
6227,茂綸,9,0,9,群益金鼎-高盛,2023-04-14,9105
3591,艾笛森,11,2,9,群益金鼎-高盛,2023-04-14,9105
00674R,期元大S＆P黃金反1,8,0,8,群益金鼎-高盛,2023-04-14,9105
3013,晟銘電,16,8,8,群益金鼎-高盛,2023-04-14,9105
5465,富驊,8,0,8,群益金鼎-高盛,2023-04-14,9105
2302,麗正,10,3,7,群益金鼎-高盛,2023-04-14,9105
2331,精英,18,11,7,群益金鼎-高盛,2023-04-14,9105
00888,永豐台灣ESG,80,0,80,群益金鼎-高盛,2023-04-17,9105
6234,高僑,59,0,59,群益金鼎-高盛,2023-04-17,9105
3047,訊舟,55,0,55,群益金鼎-高盛,2023-04-17,9105
00679B,元大美債20年,53,0,53,群益金鼎-高盛,2023-04-17,9105
6167,久正,50,5,45,群益金鼎-高盛,2023-04-17,9105
2634,漢翔,110,77,33,群益金鼎-高盛,2023-04-17,9105
6142,友勁,31,1,30,群益金鼎-高盛,2023-04-17,9105
1605,華新,54,30,24,群益金鼎-高盛,2023-04-17,9105
2382,廣達,22,0,22,群益金鼎-高盛,2023-04-17,9105
1809,中釉,23,1,22,群益金鼎-高盛,2023-04-17,9105
1609,大亞,20,0,20,群益金鼎-高盛,2023-04-17,9105
2208,台船,59,39,20,群益金鼎-高盛,2023-04-17,9105
3481,群創,19,0,19,群益金鼎-高盛,2023-04-17,9105
2897,王道銀行,35,16,19,群益金鼎-高盛,2023-04-17,9105
3528,安馳,21,2,19,群益金鼎-高盛,2023-04-17,9105
5009,榮剛,99,81,18,群益金鼎-高盛,2023-04-17,9105
6547,高端疫苗,22,4,18,群益金鼎-高盛,2023-04-17,9105
3231,緯創,21,7,14,群益金鼎-高盛,2023-04-17,9105
6235,華孚,120,106,14,群益金鼎-高盛,2023-04-17,9105
3029,零壹,22,9,13,群益金鼎-高盛,2023-04-17,9105
0056,元大高股息,12,0,12,群益金鼎-高盛,2023-04-17,9105
2890,永豐金,12,0,12,群益金鼎-高盛,2023-04-17,9105
00712,復華富時不動產,11,0,11,群益金鼎-高盛,2023-04-17,9105
2002,中鋼,11,0,11,群益金鼎-高盛,2023-04-17,9105
2443,昶虹,13,2,11,群益金鼎-高盛,2023-04-17,9105
2609,陽明,16,6,10,群益金鼎-高盛,2023-04-17,9105
1732,毛寶,10,0,10,群益金鼎-高盛,2023-04-17,9105
2501,國建,10,0,10,群益金鼎-高盛,2023-04-17,9105
2886,兆豐金,10,0,10,群益金鼎-高盛,2023-04-17,9105
2906,高林,10,0,10,群益金鼎-高盛,2023-04-17,9105
3652,精聯,20,10,10,群益金鼎-高盛,2023-04-17,9105
4916,事欣科,28,18,10,群益金鼎-高盛,2023-04-17,9105
6140,訊達,10,0,10,群益金鼎-高盛,2023-04-17,9105
1806,冠軍,10,0,10,群益金鼎-高盛,2023-04-17,9105
5211,蒙恬,10,0,10,群益金鼎-高盛,2023-04-17,9105
2610,華航,14,5,9,群益金鼎-高盛,2023-04-17,9105
2359,所羅門,29,20,9,群益金鼎-高盛,2023-04-17,9105
3027,盛達,9,0,9,群益金鼎-高盛,2023-04-17,9105
3694,海華,9,0,9,群益金鼎-高盛,2023-04-17,9105
6248,沛波,9,0,9,群益金鼎-高盛,2023-04-17,9105
2482,連宇,9,0,9,群益金鼎-高盛,2023-04-17,9105
2308,台達電,10,2,8,群益金鼎-高盛,2023-04-17,9105
3520,華盈,13,5,8,群益金鼎-高盛,2023-04-17,9105
2402,毅嘉,13,6,7,群益金鼎-高盛,2023-04-17,9105
3372,典範,9,2,7,群益金鼎-高盛,2023-04-17,9105
00673R,期元大S＆P原油反1,6,0,6,群益金鼎-高盛,2023-04-17,9105
2368,金像電,14,8,6,群益金鼎-高盛,2023-04-17,9105
4995,晶達,6,0,6,群益金鼎-高盛,2023-04-17,9105
6278,台表科,7,1,6,群益金鼎-高盛,2023-04-17,9105
8121,越峰,8,2,6,群益金鼎-高盛,2023-04-17,9105
6248,沛波,127,3,124,群益金鼎-高盛,2023-04-18,9105
00888,永豐台灣ESG,112,0,112,群益金鼎-高盛,2023-04-18,9105
00632R,元大台灣50反1,100,0,100,群益金鼎-高盛,2023-04-18,9105
6167,久正,80,0,80,群益金鼎-高盛,2023-04-18,9105
00679B,元大美債20年,70,0,70,群益金鼎-高盛,2023-04-18,9105
3528,安馳,55,4,51,群益金鼎-高盛,2023-04-18,9105
00687B,國泰20年美債,32,0,32,群益金鼎-高盛,2023-04-18,9105
2890,永豐金,32,1,31,群益金鼎-高盛,2023-04-18,9105
00673R,期元大S＆P原油反1,30,0,30,群益金鼎-高盛,2023-04-18,9105
00715L,期街口布蘭特正2,29,0,29,群益金鼎-高盛,2023-04-18,9105
1101,台泥,25,0,25,群益金鼎-高盛,2023-04-18,9105
5258,虹堡,25,0,25,群益金鼎-高盛,2023-04-18,9105
6160,欣技,29,7,22,群益金鼎-高盛,2023-04-18,9105
3046,建��,33,12,21,群益金鼎-高盛,2023-04-18,9105
3712,永崴投控,31,10,21,群益金鼎-高盛,2023-04-18,9105
1584,精剛,71,51,20,群益金鼎-高盛,2023-04-18,9105
2501,國建,20,0,20,群益金鼎-高盛,2023-04-18,9105
00878,國泰永續高股息,22,2,20,群益金鼎-高盛,2023-04-18,9105
3202,樺晟,17,0,17,群益金鼎-高盛,2023-04-18,9105
8926,台汽電,20,3,17,群益金鼎-高盛,2023-04-18,9105
2208,台船,28,12,16,群益金鼎-高盛,2023-04-18,9105
1444,力麗,56,42,14,群益金鼎-高盛,2023-04-18,9105
0056,元大高股息,14,0,14,群益金鼎-高盛,2023-04-18,9105
5209,新鼎,27,14,13,群益金鼎-高盛,2023-04-18,9105
1734,杏輝,14,2,12,群益金鼎-高盛,2023-04-18,9105
2618,長榮航,12,0,12,群益金鼎-高盛,2023-04-18,9105
2427,三商電,21,10,11,群益金鼎-高盛,2023-04-18,9105
3708,上緯投控,16,5,11,群益金鼎-高盛,2023-04-18,9105
8033,雷虎,42,31,11,群益金鼎-高盛,2023-04-18,9105
6282,康舒,34,24,10,群益金鼎-高盛,2023-04-18,9105
00641R,富邦日本反1,10,0,10,群益金鼎-高盛,2023-04-18,9105
1611,中電,10,0,10,群益金鼎-高盛,2023-04-18,9105
2515,中工,20,10,10,群益金鼎-高盛,2023-04-18,9105
2731,雄獅,13,3,10,群益金鼎-高盛,2023-04-18,9105
4113,聯上,10,0,10,群益金鼎-高盛,2023-04-18,9105
1529,樂事綠能,18,9,9,群益金鼎-高盛,2023-04-18,9105
2009,第一銅,10,1,9,群益金鼎-高盛,2023-04-18,9105
2637,慧洋-KY,10,1,9,群益金鼎-高盛,2023-04-18,9105
6235,華孚,55,46,9,群益金鼎-高盛,2023-04-18,9105
00720B,元大投資級公司債,8,0,8,群益金鼎-高盛,2023-04-18,9105
1513,中興電,12,4,8,群益金鼎-高盛,2023-04-18,9105
00923,群益台ESG低碳50,8,0,8,群益金鼎-高盛,2023-04-18,9105
1789,神隆,9,1,8,群益金鼎-高盛,2023-04-18,9105
2337,旺宏,8,0,8,群益金鼎-高盛,2023-04-18,9105
6741,91APP*-KY,9,1,8,群益金鼎-高盛,2023-04-18,9105
8038,長園科,9,1,8,群益金鼎-高盛,2023-04-18,9105
8440,綠電,10,2,8,群益金鼎-高盛,2023-04-18,9105
2454,聯發科,8,1,7,群益金鼎-高盛,2023-04-18,9105
2812,台中銀,10,3,7,群益金鼎-高盛,2023-04-18,9105
3694,海華,7,0,7,群益金鼎-高盛,2023-04-18,9105
2888,新光金,162,0,162,群益金鼎-高盛,2023-04-19,9105
2890,永豐金,80,7,73,群益金鼎-高盛,2023-04-19,9105
00888,永豐台灣ESG,72,2,70,群益金鼎-高盛,2023-04-19,9105
00637L,元大滬深300正2,281,221,60,群益金鼎-高盛,2023-04-19,9105
1605,華新,58,14,44,群益金鼎-高盛,2023-04-19,9105
1444,力麗,41,0,41,群益金鼎-高盛,2023-04-19,9105
1460,宏遠,40,0,40,群益金鼎-高盛,2023-04-19,9105
2208,台船,36,1,35,群益金鼎-高盛,2023-04-19,9105
00679B,元大美債20年,31,0,31,群益金鼎-高盛,2023-04-19,9105
1227,佳格,27,0,27,群益金鼎-高盛,2023-04-19,9105
2884,玉山金,27,2,25,群益金鼎-高盛,2023-04-19,9105
2457,飛宏,96,73,23,群益金鼎-高盛,2023-04-19,9105
2409,友達,27,5,22,群益金鼎-高盛,2023-04-19,9105
2897,王道銀行,24,2,22,群益金鼎-高盛,2023-04-19,9105
00680L,元大美債20正2,21,0,21,群益金鼎-高盛,2023-04-19,9105
2501,國建,20,0,20,群益金鼎-高盛,2023-04-19,9105
2887,台新金,20,0,20,群益金鼎-高盛,2023-04-19,9105
2002,中鋼,21,2,19,群益金鼎-高盛,2023-04-19,9105
6167,久正,21,3,18,群益金鼎-高盛,2023-04-19,9105
3576,聯合再生,30,13,17,群益金鼎-高盛,2023-04-19,9105
1312,國喬,16,0,16,群益金鼎-高盛,2023-04-19,9105
00648R,元大S＆P500反1,15,0,15,群益金鼎-高盛,2023-04-19,9105
1802,台玻,15,1,14,群益金鼎-高盛,2023-04-19,9105
1701,中化,16,3,13,群益金鼎-高盛,2023-04-19,9105
6234,高僑,14,2,12,群益金鼎-高盛,2023-04-19,9105
6125,廣運,14,3,11,群益金鼎-高盛,2023-04-19,9105
2330,台積電,11,0,11,群益金鼎-高盛,2023-04-19,9105
2834,臺企銀,11,0,11,群益金鼎-高盛,2023-04-19,9105
1218,泰山,11,0,11,群益金鼎-高盛,2023-04-19,9105
1611,中電,11,0,11,群益金鼎-高盛,2023-04-19,9105
3025,星通,13,2,11,群益金鼎-高盛,2023-04-19,9105
5880,合庫金,11,0,11,群益金鼎-高盛,2023-04-19,9105
1308,亞聚,10,0,10,群益金鼎-高盛,2023-04-19,9105
1219,福壽,10,0,10,群益金鼎-高盛,2023-04-19,9105
1326,台化,10,0,10,群益金鼎-高盛,2023-04-19,9105
2610,華航,14,4,10,群益金鼎-高盛,2023-04-19,9105
8210,勤誠,14,4,10,群益金鼎-高盛,2023-04-19,9105
4541,晟田,21,12,9,群益金鼎-高盛,2023-04-19,9105
6220,岳豐,10,1,9,群益金鼎-高盛,2023-04-19,9105
8289,泰藝,8,0,8,群益金鼎-高盛,2023-04-19,9105
2427,三商電,10,2,8,群益金鼎-高盛,2023-04-19,9105
4716,大立,7,0,7,群益金鼎-高盛,2023-04-19,9105
1337,再生-KY,7,0,7,群益金鼎-高盛,2023-04-19,9105
1529,樂事綠能,51,44,7,群益金鼎-高盛,2023-04-19,9105
2349,錸德,7,0,7,群益金鼎-高盛,2023-04-19,9105
6182,合晶,8,1,7,群益金鼎-高盛,2023-04-19,9105
6227,茂綸,7,0,7,群益金鼎-高盛,2023-04-19,9105
1584,精剛,32,25,7,群益金鼎-高盛,2023-04-19,9105
2615,萬海,7,1,6,群益金鼎-高盛,2023-04-19,9105
2645,長榮航太,8,2,6,群益金鼎-高盛,2023-04-19,9105
00888,永豐台灣ESG,140,2,138,群益金鼎-高盛,2023-04-20,9105
3528,安馳,68,0,68,群益金鼎-高盛,2023-04-20,9105
6248,沛波,64,1,63,群益金鼎-高盛,2023-04-20,9105
3032,偉訓,61,23,38,群益金鼎-高盛,2023-04-20,9105
2897,王道銀行,35,2,33,群益金鼎-高盛,2023-04-20,9105
3205,佰研,38,8,30,群益金鼎-高盛,2023-04-20,9105
6026,福邦證,30,0,30,群益金鼎-高盛,2023-04-20,9105
00878,國泰永續高股息,29,0,29,群益金鼎-高盛,2023-04-20,9105
5465,富驊,29,3,26,群益金鼎-高盛,2023-04-20,9105
00671R,富邦NASDAQ反1,25,0,25,群益金鼎-高盛,2023-04-20,9105
3715,定穎投控,30,5,25,群益金鼎-高盛,2023-04-20,9105
4974,亞泰,21,0,21,群益金鼎-高盛,2023-04-20,9105
9942,茂順,22,1,21,群益金鼎-高盛,2023-04-20,9105
2603,長榮,35,14,21,群益金鼎-高盛,2023-04-20,9105
2489,瑞軒,20,0,20,群益金鼎-高盛,2023-04-20,9105
5301,寶得利,20,0,20,群益金鼎-高盛,2023-04-20,9105
6265,方土昶,20,0,20,群益金鼎-高盛,2023-04-20,9105
2890,永豐金,23,4,19,群益金鼎-高盛,2023-04-20,9105
3047,訊舟,80,62,18,群益金鼎-高盛,2023-04-20,9105
2049,上銀,17,0,17,群益金鼎-高盛,2023-04-20,9105
2484,希華,19,3,16,群益金鼎-高盛,2023-04-20,9105
6190,萬泰科,16,0,16,群益金鼎-高盛,2023-04-20,9105
2610,華航,16,0,16,群益金鼎-高盛,2023-04-20,9105
2027,大成鋼,16,1,15,群益金鼎-高盛,2023-04-20,9105
6282,康舒,126,111,15,群益金鼎-高盛,2023-04-20,9105
2409,友達,25,11,14,群益金鼎-高盛,2023-04-20,9105
6770,力積電,14,0,14,群益金鼎-高盛,2023-04-20,9105
6443,元晶,22,9,13,群益金鼎-高盛,2023-04-20,9105
1802,台玻,16,3,13,群益金鼎-高盛,2023-04-20,9105
3673,TPK-KY,14,1,13,群益金鼎-高盛,2023-04-20,9105
8222,寶一,23,11,12,群益金鼎-高盛,2023-04-20,9105
2009,第一銅,16,4,12,群益金鼎-高盛,2023-04-20,9105
4128,中天,14,2,12,群益金鼎-高盛,2023-04-20,9105
6167,久正,12,0,12,群益金鼎-高盛,2023-04-20,9105
1535,中宇,11,0,11,群益金鼎-高盛,2023-04-20,9105
2023,燁輝,10,0,10,群益金鼎-高盛,2023-04-20,9105
2498,宏達電,11,1,10,群益金鼎-高盛,2023-04-20,9105
1513,中興電,15,5,10,群益金鼎-高盛,2023-04-20,9105
3013,晟銘電,10,0,10,群益金鼎-高盛,2023-04-20,9105
2501,國建,10,0,10,群益金鼎-高盛,2023-04-20,9105
3188,鑫龍騰,10,0,10,群益金鼎-高盛,2023-04-20,9105
4102,永日,10,0,10,群益金鼎-高盛,2023-04-20,9105
2618,長榮航,13,3,10,群益金鼎-高盛,2023-04-20,9105
00648R,元大S＆P500反1,9,0,9,群益金鼎-高盛,2023-04-20,9105
1438,三地開發,9,0,9,群益金鼎-高盛,2023-04-20,9105
4906,正文,9,0,9,群益金鼎-高盛,2023-04-20,9105
8033,雷虎,13,4,9,群益金鼎-高盛,2023-04-20,9105
6719,力智,9,1,8,群益金鼎-高盛,2023-04-20,9105
8940,新天地,10,2,8,群益金鼎-高盛,2023-04-20,9105
2349,錸德,8,0,8,群益金鼎-高盛,2023-04-20,9105
00637L,元大滬深300正2,150,0,150,群益金鼎-高盛,2023-04-21,9105
2002,中鋼,70,0,70,群益金鼎-高盛,2023-04-21,9105
3032,偉訓,111,75,36,群益金鼎-高盛,2023-04-21,9105
6248,沛波,57,23,34,群益金鼎-高盛,2023-04-21,9105
00632R,元大台灣50反1,98,68,30,群益金鼎-高盛,2023-04-21,9105
8111,立��,30,0,30,群益金鼎-高盛,2023-04-21,9105
6167,久正,29,0,29,群益金鼎-高盛,2023-04-21,9105
1907,永豐餘,58,31,27,群益金鼎-高盛,2023-04-21,9105
6227,茂綸,34,8,26,群益金鼎-高盛,2023-04-21,9105
2349,錸德,25,3,22,群益金鼎-高盛,2023-04-21,9105
2515,中工,23,1,22,群益金鼎-高盛,2023-04-21,9105
2023,燁輝,21,0,21,群益金鼎-高盛,2023-04-21,9105
5880,合庫金,20,0,20,群益金鼎-高盛,2023-04-21,9105
2897,王道銀行,20,0,20,群益金鼎-高盛,2023-04-21,9105
1711,永光,33,13,20,群益金鼎-高盛,2023-04-21,9105
2409,友達,34,14,20,群益金鼎-高盛,2023-04-21,9105
2884,玉山金,22,3,19,群益金鼎-高盛,2023-04-21,9105
1605,華新,50,32,18,群益金鼎-高盛,2023-04-21,9105
2009,第一銅,18,0,18,群益金鼎-高盛,2023-04-21,9105
2702,華園,18,0,18,群益金鼎-高盛,2023-04-21,9105
00715L,期街口布蘭特正2,17,0,17,群益金鼎-高盛,2023-04-21,9105
6443,元晶,21,4,17,群益金鼎-高盛,2023-04-21,9105
3711,日月光投控,16,0,16,群益金鼎-高盛,2023-04-21,9105
3528,安馳,16,0,16,群益金鼎-高盛,2023-04-21,9105
00671R,富邦NASDAQ反1,15,0,15,群益金鼎-高盛,2023-04-21,9105
6163,華電網,62,47,15,群益金鼎-高盛,2023-04-21,9105
1227,佳格,15,1,14,群益金鼎-高盛,2023-04-21,9105
6120,達運,25,11,14,群益金鼎-高盛,2023-04-21,9105
2303,聯電,19,8,11,群益金鼎-高盛,2023-04-21,9105
3624,光頡,12,1,11,群益金鼎-高盛,2023-04-21,9105
8050,廣積,11,0,11,群益金鼎-高盛,2023-04-21,9105
2206,三陽工業,22,11,11,群益金鼎-高盛,2023-04-21,9105
3293,鈊象,13,3,10,群益金鼎-高盛,2023-04-21,9105
1810,和成,11,1,10,群益金鼎-高盛,2023-04-21,9105
2501,國建,10,0,10,群益金鼎-高盛,2023-04-21,9105
2609,陽明,10,0,10,群益金鼎-高盛,2023-04-21,9105
5371,中光電,10,0,10,群益金鼎-高盛,2023-04-21,9105
5465,富驊,16,6,10,群益金鼎-高盛,2023-04-21,9105
6589,台康生技,12,2,10,群益金鼎-高盛,2023-04-21,9105
2727,王品,10,0,10,群益金鼎-高盛,2023-04-21,9105
1710,東聯,16,7,9,群益金鼎-高盛,2023-04-21,9105
2065,世豐,9,0,9,群益金鼎-高盛,2023-04-21,9105
2615,萬海,9,0,9,群益金鼎-高盛,2023-04-21,9105
6593,台灣銘板,9,0,9,群益金鼎-高盛,2023-04-21,9105
2027,大成鋼,8,0,8,群益金鼎-高盛,2023-04-21,9105
2603,長榮,11,4,7,群益金鼎-高盛,2023-04-21,9105
3035,智原,7,0,7,群益金鼎-高盛,2023-04-21,9105
3206,志豐,7,0,7,群益金鼎-高盛,2023-04-21,9105
3715,定穎投控,7,0,7,群益金鼎-高盛,2023-04-21,9105
6129,普誠,7,0,7,群益金鼎-高盛,2023-04-21,9105
1905,華紙,88,13,75,群益金鼎-高盛,2023-04-24,9105
3032,偉訓,163,91,72,群益金鼎-高盛,2023-04-24,9105
2888,新光金,37,0,37,群益金鼎-高盛,2023-04-24,9105
00633L,富邦上証正2,30,0,30,群益金鼎-高盛,2023-04-24,9105
6234,高僑,26,1,25,群益金鼎-高盛,2023-04-24,9105
1815,富喬,20,0,20,群益金鼎-高盛,2023-04-24,9105
2313,華通,20,0,20,群益金鼎-高盛,2023-04-24,9105
6142,友勁,30,10,20,群益金鼎-高盛,2023-04-24,9105
2618,長榮航,20,0,20,群益金鼎-高盛,2023-04-24,9105
2423,固緯,17,0,17,群益金鼎-高盛,2023-04-24,9105
2634,漢翔,45,31,14,群益金鼎-高盛,2023-04-24,9105
00637L,元大滬深300正2,14,0,14,群益金鼎-高盛,2023-04-24,9105
2913,農林,114,100,14,群益金鼎-高盛,2023-04-24,9105
4960,誠美材,15,2,13,群益金鼎-高盛,2023-04-24,9105
3465,進泰電子,13,0,13,群益金鼎-高盛,2023-04-24,9105
3029,零壹,15,4,11,群益金鼎-高盛,2023-04-24,9105
2329,華泰,12,1,11,群益金鼎-高盛,2023-04-24,9105
9958,世紀鋼,11,0,11,群益金鼎-高盛,2023-04-24,9105
6120,達運,10,0,10,群益金鼎-高盛,2023-04-24,9105
2897,王道銀行,10,0,10,群益金鼎-高盛,2023-04-24,9105
00888,永豐台灣ESG,10,0,10,群益金鼎-高盛,2023-04-24,9105
00664R,國泰臺灣加權反1,10,0,10,群益金鼎-高盛,2023-04-24,9105
00882,中信中國高股息,10,0,10,群益金鼎-高盛,2023-04-24,9105
1609,大亞,11,1,10,群益金鼎-高盛,2023-04-24,9105
2880,華南金,10,0,10,群益金鼎-高盛,2023-04-24,9105
1312,國喬,10,1,9,群益金鼎-高盛,2023-04-24,9105
00753L,中信中國50正2,9,0,9,群益金鼎-高盛,2023-04-24,9105
2206,三陽工業,10,1,9,群益金鼎-高盛,2023-04-24,9105
3528,安馳,9,0,9,群益金鼎-高盛,2023-04-24,9105
6116,彩晶,9,0,9,群益金鼎-高盛,2023-04-24,9105
1513,中興電,16,8,8,群益金鼎-高盛,2023-04-24,9105
1904,正隆,30,23,7,群益金鼎-高盛,2023-04-24,9105
5905,南仁湖,7,0,7,群益金鼎-高盛,2023-04-24,9105
2492,華新科,6,0,6,群益金鼎-高盛,2023-04-24,9105
00902,中信電池及儲能,6,0,6,群益金鼎-高盛,2023-04-24,9105
3033,威健,6,0,6,群益金鼎-高盛,2023-04-24,9105
5425,台半,8,2,6,群益金鼎-高盛,2023-04-24,9105
2495,普安,6,0,6,群益金鼎-高盛,2023-04-24,9105
3047,訊舟,10,4,6,群益金鼎-高盛,2023-04-24,9105
6443,元晶,12,6,6,群益金鼎-高盛,2023-04-24,9105
8046,南電,10,4,6,群益金鼎-高盛,2023-04-24,9105
8261,富鼎,6,0,6,群益金鼎-高盛,2023-04-24,9105
1101,台泥,40,34,6,群益金鼎-高盛,2023-04-24,9105
3663,鑫科,5,0,5,群益金鼎-高盛,2023-04-24,9105
00655L,國泰中國A50正2,5,0,5,群益金鼎-高盛,2023-04-24,9105
00751B,元大AAA至A公司債,5,0,5,群益金鼎-高盛,2023-04-24,9105
00715L,期街口布蘭特正2,5,0,5,群益金鼎-高盛,2023-04-24,9105
1760,寶齡富錦,13,8,5,群益金鼎-高盛,2023-04-24,9105
1810,和成,5,0,5,群益金鼎-高盛,2023-04-24,9105
2324,仁寶,5,0,5,群益金鼎-高盛,2023-04-24,9105
8105,凌巨,300,0,300,群益金鼎-高盛,2023-04-25,9105
00637L,元大滬深300正2,100,0,100,群益金鼎-高盛,2023-04-25,9105
00753L,中信中國50正2,67,0,67,群益金鼎-高盛,2023-04-25,9105
6167,久正,59,0,59,群益金鼎-高盛,2023-04-25,9105
2337,旺宏,57,6,51,群益金鼎-高盛,2023-04-25,9105
1905,華紙,63,18,45,群益金鼎-高盛,2023-04-25,9105
6248,沛波,39,0,39,群益金鼎-高盛,2023-04-25,9105
3528,安馳,36,0,36,群益金鼎-高盛,2023-04-25,9105
1314,中石化,33,1,32,群益金鼎-高盛,2023-04-25,9105
00680L,元大美債20正2,30,0,30,群益金鼎-高盛,2023-04-25,9105
2702,華園,27,2,25,群益金鼎-高盛,2023-04-25,9105
2023,燁輝,22,0,22,群益金鼎-高盛,2023-04-25,9105
2313,華通,21,1,20,群益金鼎-高盛,2023-04-25,9105
3231,緯創,20,0,20,群益金鼎-高盛,2023-04-25,9105
00923,群益台ESG低碳50,20,0,20,群益金鼎-高盛,2023-04-25,9105
00648R,元大S＆P500反1,18,0,18,群益金鼎-高盛,2023-04-25,9105
2609,陽明,19,2,17,群益金鼎-高盛,2023-04-25,9105
6558,興能高,17,0,17,群益金鼎-高盛,2023-04-25,9105
2634,漢翔,173,157,16,群益金鼎-高盛,2023-04-25,9105
1326,台化,15,0,15,群益金鼎-高盛,2023-04-25,9105
1514,亞力,14,0,14,群益金鼎-高盛,2023-04-25,9105
2330,台積電,16,3,13,群益金鼎-高盛,2023-04-25,9105
3205,佰研,13,0,13,群益金鼎-高盛,2023-04-25,9105
00882,中信中國高股息,13,0,13,群益金鼎-高盛,2023-04-25,9105
8050,廣積,14,1,13,群益金鼎-高盛,2023-04-25,9105
00633L,富邦上証正2,14,2,12,群益金鼎-高盛,2023-04-25,9105
3031,佰鴻,12,0,12,群益金鼎-高盛,2023-04-25,9105
6129,普誠,12,0,12,群益金鼎-高盛,2023-04-25,9105
0050,元大台灣50,11,0,11,群益金鼎-高盛,2023-04-25,9105
00665L,富邦�琤肭磪囓�2,34,23,11,群益金鼎-高盛,2023-04-25,9105
2515,中工,13,2,11,群益金鼎-高盛,2023-04-25,9105
3047,訊舟,11,0,11,群益金鼎-高盛,2023-04-25,9105
5009,榮剛,82,71,11,群益金鼎-高盛,2023-04-25,9105
1721,三晃,35,24,11,群益金鼎-高盛,2023-04-25,9105
2603,長榮,11,0,11,群益金鼎-高盛,2023-04-25,9105
1503,士電,20,10,10,群益金鼎-高盛,2023-04-25,9105
1201,味全,10,0,10,群益金鼎-高盛,2023-04-25,9105
1440,南紡,10,0,10,群益金鼎-高盛,2023-04-25,9105
1569,濱川,10,0,10,群益金鼎-高盛,2023-04-25,9105
1717,長興,11,1,10,群益金鼎-高盛,2023-04-25,9105
2328,廣宇,10,0,10,群益金鼎-高盛,2023-04-25,9105
2349,錸德,100,90,10,群益金鼎-高盛,2023-04-25,9105
2887,台新金,10,0,10,群益金鼎-高盛,2023-04-25,9105
3037,欣興,11,1,10,群益金鼎-高盛,2023-04-25,9105
6116,彩晶,12,2,10,群益金鼎-高盛,2023-04-25,9105
6153,嘉聯益,10,0,10,群益金鼎-高盛,2023-04-25,9105
2645,長榮航太,12,2,10,群益金鼎-高盛,2023-04-25,9105
6282,康舒,56,47,9,群益金鼎-高盛,2023-04-25,9105
5465,富驊,11,2,9,群益金鼎-高盛,2023-04-25,9105
1471,首利,9,0,9,群益金鼎-高盛,2023-04-25,9105
1904,正隆,157,5,152,群益金鼎-高盛,2023-04-26,9105
2495,普安,82,21,61,群益金鼎-高盛,2023-04-26,9105
3032,偉訓,68,30,38,群益金鼎-高盛,2023-04-26,9105
2023,燁輝,50,16,34,群益金鼎-高盛,2023-04-26,9105
5465,富驊,73,44,29,群益金鼎-高盛,2023-04-26,9105
00632R,元大台灣50反1,30,3,27,群益金鼎-高盛,2023-04-26,9105
2634,漢翔,145,121,24,群益金鼎-高盛,2023-04-26,9105
0056,元大高股息,27,5,22,群益金鼎-高盛,2023-04-26,9105
2208,台船,22,0,22,群益金鼎-高盛,2023-04-26,9105
2330,台積電,28,6,22,群益金鼎-高盛,2023-04-26,9105
2317,鴻海,29,8,21,群益金鼎-高盛,2023-04-26,9105
6227,茂綸,20,0,20,群益金鼎-高盛,2023-04-26,9105
1907,永豐餘,52,35,17,群益金鼎-高盛,2023-04-26,9105
00664R,國泰臺灣加權反1,15,0,15,群益金鼎-高盛,2023-04-26,9105
00683L,期元大美元指正2,15,0,15,群益金鼎-高盛,2023-04-26,9105
1444,力麗,15,0,15,群益金鼎-高盛,2023-04-26,9105
2471,資通,48,34,14,群益金鼎-高盛,2023-04-26,9105
2702,華園,14,0,14,群益金鼎-高盛,2023-04-26,9105
3528,安馳,14,0,14,群益金鼎-高盛,2023-04-26,9105
00893,國泰智能電動車,13,0,13,群益金鼎-高盛,2023-04-26,9105
2065,世豐,13,0,13,群益金鼎-高盛,2023-04-26,9105
3577,泓格,12,0,12,群益金鼎-高盛,2023-04-26,9105
3294,英濟,10,0,10,群益金鼎-高盛,2023-04-26,9105
6163,華電網,10,0,10,群益金鼎-高盛,2023-04-26,9105
8069,元太,10,0,10,群益金鼎-高盛,2023-04-26,9105
1229,聯華,10,0,10,群益金鼎-高盛,2023-04-26,9105
1313,聯成,10,0,10,群益金鼎-高盛,2023-04-26,9105
00715L,期街口布蘭特正2,12,2,10,群益金鼎-高盛,2023-04-26,9105
00641R,富邦日本反1,10,0,10,群益金鼎-高盛,2023-04-26,9105
2617,台航,10,0,10,群益金鼎-高盛,2023-04-26,9105
3013,晟銘電,10,0,10,群益金鼎-高盛,2023-04-26,9105
6770,力積電,9,0,9,群益金鼎-高盛,2023-04-26,9105
6142,友勁,14,5,9,群益金鼎-高盛,2023-04-26,9105
6531,愛普*,9,0,9,群益金鼎-高盛,2023-04-26,9105
00633L,富邦上証正2,10,2,8,群益金鼎-高盛,2023-04-26,9105
00923,群益台ESG低碳50,8,0,8,群益金鼎-高盛,2023-04-26,9105
2303,聯電,17,9,8,群益金鼎-高盛,2023-04-26,9105
3711,日月光投控,7,0,7,群益金鼎-高盛,2023-04-26,9105
2913,農林,7,0,7,群益金鼎-高盛,2023-04-26,9105
3029,零壹,7,0,7,群益金鼎-高盛,2023-04-26,9105
8261,富鼎,7,0,7,群益金鼎-高盛,2023-04-26,9105
2308,台達電,6,0,6,群益金鼎-高盛,2023-04-26,9105
2482,連宇,11,5,6,群益金鼎-高盛,2023-04-26,9105
1312,國喬,10,4,6,群益金鼎-高盛,2023-04-26,9105
1776,展宇,6,0,6,群益金鼎-高盛,2023-04-26,9105
2352,佳世達,6,0,6,群益金鼎-高盛,2023-04-26,9105
3062,建漢,6,0,6,群益金鼎-高盛,2023-04-26,9105
00924,復華S＆P500成長,5,0,5,群益金鼎-高盛,2023-04-26,9105
1535,中宇,5,0,5,群益金鼎-高盛,2023-04-26,9105
2329,華泰,5,0,5,群益金鼎-高盛,2023-04-26,9105
2065,世豐,65,2,63,群益金鼎-高盛,2023-04-27,9105
00632R,元大台灣50反1,50,0,50,群益金鼎-高盛,2023-04-27,9105
2344,華邦電,37,10,27,群益金鼎-高盛,2023-04-27,9105
2867,三商壽,30,5,25,群益金鼎-高盛,2023-04-27,9105
3528,安馳,25,0,25,群益金鼎-高盛,2023-04-27,9105
2634,漢翔,174,152,22,群益金鼎-高盛,2023-04-27,9105
2610,華航,21,0,21,群益金鼎-高盛,2023-04-27,9105
4979,華星光,23,3,20,群益金鼎-高盛,2023-04-27,9105
5301,寶得利,20,0,20,群益金鼎-高盛,2023-04-27,9105
6122,擎邦,20,0,20,群益金鼎-高盛,2023-04-27,9105
00753L,中信中國50正2,19,0,19,群益金鼎-高盛,2023-04-27,9105
00715L,期街口布蘭特正2,18,0,18,群益金鼎-高盛,2023-04-27,9105
1314,中石化,22,4,18,群益金鼎-高盛,2023-04-27,9105
6116,彩晶,23,5,18,群益金鼎-高盛,2023-04-27,9105
2423,固緯,17,0,17,群益金鼎-高盛,2023-04-27,9105
00642U,期元大S＆P石油,16,0,16,群益金鼎-高盛,2023-04-27,9105
2208,台船,23,8,15,群益金鼎-高盛,2023-04-27,9105
5608,四維航,15,0,15,群益金鼎-高盛,2023-04-27,9105
6244,茂迪,27,12,15,群益金鼎-高盛,2023-04-27,9105
1709,和益,15,3,12,群益金鼎-高盛,2023-04-27,9105
8110,華東,14,2,12,群益金鼎-高盛,2023-04-27,9105
2002,中鋼,16,5,11,群益金鼎-高盛,2023-04-27,9105
1605,華新,25,14,11,群益金鼎-高盛,2023-04-27,9105
2427,三商電,10,0,10,群益金鼎-高盛,2023-04-27,9105
2489,瑞軒,11,1,10,群益金鼎-高盛,2023-04-27,9105
2501,國建,10,0,10,群益金鼎-高盛,2023-04-27,9105
4908,前鼎,10,0,10,群益金鼎-高盛,2023-04-27,9105
5289,宜鼎,10,0,10,群益金鼎-高盛,2023-04-27,9105
8093,保銳,10,0,10,群益金鼎-高盛,2023-04-27,9105
8996,高力,11,1,10,群益金鼎-高盛,2023-04-27,9105
1310,台苯,10,1,9,群益金鼎-高盛,2023-04-27,9105
1101,台泥,9,0,9,群益金鼎-高盛,2023-04-27,9105
1710,東聯,53,44,9,群益金鼎-高盛,2023-04-27,9105
00712,復華富時不動產,7,0,7,群益金鼎-高盛,2023-04-27,9105
6770,力積電,6,0,6,群益金鼎-高盛,2023-04-27,9105
00720B,元大投資級公司債,6,0,6,群益金鼎-高盛,2023-04-27,9105
2031,新光鋼,6,0,6,群益金鼎-高盛,2023-04-27,9105
2884,玉山金,6,0,6,群益金鼎-高盛,2023-04-27,9105
6167,久正,6,0,6,群益金鼎-高盛,2023-04-27,9105
8081,致新,6,0,6,群益金鼎-高盛,2023-04-27,9105
8215,明基材,8,2,6,群益金鼎-高盛,2023-04-27,9105
1714,和桐,5,0,5,群益金鼎-高盛,2023-04-27,9105
5347,世界,5,0,5,群益金鼎-高盛,2023-04-27,9105
00673R,期元大S＆P原油反1,10,5,5,群益金鼎-高盛,2023-04-27,9105
00900,富邦特選高股息30,10,5,5,群益金鼎-高盛,2023-04-27,9105
1721,三晃,60,55,5,群益金鼎-高盛,2023-04-27,9105
1789,神隆,5,0,5,群益金鼎-高盛,2023-04-27,9105
2641,正德,5,0,5,群益金鼎-高盛,2023-04-27,9105
3149,正達,5,0,5,群益金鼎-高盛,2023-04-27,9105
3518,柏騰,5,0,5,群益金鼎-高盛,2023-04-27,9105
2883,凱基金,500,6,494,群益金鼎-高盛,2023-04-28,9105
6116,彩晶,152,12,140,群益金鼎-高盛,2023-04-28,9105
2882,國泰金,100,12,88,群益金鼎-高盛,2023-04-28,9105
2409,友達,96,25,71,群益金鼎-高盛,2023-04-28,9105
2618,長榮航,63,5,58,群益金鼎-高盛,2023-04-28,9105
2402,毅嘉,114,60,54,群益金鼎-高盛,2023-04-28,9105
6770,力積電,41,3,38,群益金鼎-高盛,2023-04-28,9105
3363,上詮,120,83,37,群益金鼎-高盛,2023-04-28,9105
4108,懷特,31,0,31,群益金鼎-高盛,2023-04-28,9105
3481,群創,42,15,27,群益金鼎-高盛,2023-04-28,9105
2880,華南金,27,5,22,群益金鼎-高盛,2023-04-28,9105
2337,旺宏,20,0,20,群益金鼎-高盛,2023-04-28,9105
4916,事欣科,28,8,20,群益金鼎-高盛,2023-04-28,9105
00648R,元大S＆P500反1,23,5,18,群益金鼎-高盛,2023-04-28,9105
2049,上銀,15,0,15,群益金鼎-高盛,2023-04-28,9105
2014,中鴻,13,0,13,群益金鼎-高盛,2023-04-28,9105
3231,緯創,26,14,12,群益金鼎-高盛,2023-04-28,9105
00892,富邦台灣半導體,11,0,11,群益金鼎-高盛,2023-04-28,9105
1229,聯華,10,0,10,群益金鼎-高盛,2023-04-28,9105
2634,漢翔,153,143,10,群益金鼎-高盛,2023-04-28,9105
2905,三商,10,0,10,群益金鼎-高盛,2023-04-28,9105
3057,喬鼎,10,0,10,群益金鼎-高盛,2023-04-28,9105
3501,維熹,10,0,10,群益金鼎-高盛,2023-04-28,9105
6593,台灣銘板,10,0,10,群益金鼎-高盛,2023-04-28,9105
8358,金居,10,0,10,群益金鼎-高盛,2023-04-28,9105
00679B,元大美債20年,9,0,9,群益金鼎-高盛,2023-04-28,9105
3202,樺晟,9,0,9,群益金鼎-高盛,2023-04-28,9105
00669R,國泰美國道瓊反1,8,0,8,群益金鼎-高盛,2023-04-28,9105
3465,進泰電子,8,0,8,群益金鼎-高盛,2023-04-28,9105
8110,華東,12,4,8,群益金鼎-高盛,2023-04-28,9105
3704,合勤控,13,6,7,群益金鼎-高盛,2023-04-28,9105
3715,定穎投控,10,3,7,群益金鼎-高盛,2023-04-28,9105
00720B,元大投資級公司債,6,0,6,群益金鼎-高盛,2023-04-28,9105
1409,新纖,6,0,6,群益金鼎-高盛,2023-04-28,9105
1608,華榮,6,0,6,群益金鼎-高盛,2023-04-28,9105
1809,中釉,10,4,6,群益金鼎-高盛,2023-04-28,9105
3046,建��,11,5,6,群益金鼎-高盛,2023-04-28,9105
3402,漢科,6,0,6,群益金鼎-高盛,2023-04-28,9105
3058,立德,6,0,6,群益金鼎-高盛,2023-04-28,9105
8088,品安,8,3,5,群益金鼎-高盛,2023-04-28,9105
5258,虹堡,5,0,5,群益金鼎-高盛,2023-04-28,9105
00664R,國泰臺灣加權反1,5,0,5,群益金鼎-高盛,2023-04-28,9105
00751B,元大AAA至A公司債,5,0,5,群益金鼎-高盛,2023-04-28,9105
00725B,國泰投資級公司債,5,0,5,群益金鼎-高盛,2023-04-28,9105
1731,美吾華,5,0,5,群益金鼎-高盛,2023-04-28,9105
1909,榮成,5,0,5,群益金鼎-高盛,2023-04-28,9105
2324,仁寶,5,0,5,群益金鼎-高盛,2023-04-28,9105
2501,國建,5,0,5,群益金鼎-高盛,2023-04-28,9105
2897,王道銀行,10,5,5,群益金鼎-高盛,2023-04-28,9105
3294,英濟,5,0,5,群益金鼎-高盛,2023-04-28,9105
6234,高僑,117,11,106,群益金鼎-高盛,2023-05-02,9105
2897,王道銀行,50,0,50,群益金鼎-高盛,2023-05-02,9105
2618,長榮航,49,2,47,群益金鼎-高盛,2023-05-02,9105
2801,彰銀,40,0,40,群益金鼎-高盛,2023-05-02,9105
2409,友達,35,2,33,群益金鼎-高盛,2023-05-02,9105
1460,宏遠,50,20,30,群益金鼎-高盛,2023-05-02,9105
8121,越峰,28,1,27,群益金鼎-高盛,2023-05-02,9105
1605,華新,39,15,24,群益金鼎-高盛,2023-05-02,9105
2352,佳世達,24,1,23,群益金鼎-高盛,2023-05-02,9105
2344,華邦電,25,3,22,群益金鼎-高盛,2023-05-02,9105
4581,光隆精密-KY,22,0,22,群益金鼎-高盛,2023-05-02,9105
6111,大宇資,47,25,22,群益金鼎-高盛,2023-05-02,9105
00720B,元大投資級公司債,21,0,21,群益金鼎-高盛,2023-05-02,9105
1529,樂事綠能,20,1,19,群益金鼎-高盛,2023-05-02,9105
1608,華榮,19,0,19,群益金鼎-高盛,2023-05-02,9105
2603,長榮,19,1,18,群益金鼎-高盛,2023-05-02,9105
6770,力積電,26,10,16,群益金鼎-高盛,2023-05-02,9105
00679B,元大美債20年,14,0,14,群益金鼎-高盛,2023-05-02,9105
3363,上詮,37,23,14,群益金鼎-高盛,2023-05-02,9105
1809,中釉,16,3,13,群益金鼎-高盛,2023-05-02,9105
3481,群創,52,39,13,群益金鼎-高盛,2023-05-02,9105
6142,友勁,13,0,13,群益金鼎-高盛,2023-05-02,9105
2880,華南金,15,2,13,群益金鼎-高盛,2023-05-02,9105
00712,復華富時不動產,12,0,12,群益金鼎-高盛,2023-05-02,9105
00687B,國泰20年美債,12,0,12,群益金鼎-高盛,2023-05-02,9105
1711,永光,12,0,12,群益金鼎-高盛,2023-05-02,9105
2482,連宇,27,15,12,群益金鼎-高盛,2023-05-02,9105
6288,聯嘉,16,4,12,群益金鼎-高盛,2023-05-02,9105
1514,亞力,25,13,12,群益金鼎-高盛,2023-05-02,9105
00751B,元大AAA至A公司債,11,0,11,群益金鼎-高盛,2023-05-02,9105
2867,三商壽,10,0,10,群益金鼎-高盛,2023-05-02,9105
2913,農林,10,0,10,群益金鼎-高盛,2023-05-02,9105
4541,晟田,17,7,10,群益金鼎-高盛,2023-05-02,9105
5211,蒙恬,10,0,10,群益金鼎-高盛,2023-05-02,9105
6176,瑞儀,10,0,10,群益金鼎-高盛,2023-05-02,9105
3712,永崴投控,16,7,9,群益金鼎-高盛,2023-05-02,9105
00773B,中信優先金融債,8,0,8,群益金鼎-高盛,2023-05-02,9105
00669R,國泰美國道瓊反1,8,0,8,群益金鼎-高盛,2023-05-02,9105
1536,和大,8,0,8,群益金鼎-高盛,2023-05-02,9105
3294,英濟,7,0,7,群益金鼎-高盛,2023-05-02,9105
4130,健亞,15,8,7,群益金鼎-高盛,2023-05-02,9105
1701,中化,8,2,6,群益金鼎-高盛,2023-05-02,9105
2495,普安,9,3,6,群益金鼎-高盛,2023-05-02,9105
2834,臺企銀,10,4,6,群益金鼎-高盛,2023-05-02,9105
3664,安瑞-KY,6,0,6,群益金鼎-高盛,2023-05-02,9105
3711,日月光投控,6,0,6,群益金鼎-高盛,2023-05-02,9105
8403,盛弘,9,3,6,群益金鼎-高盛,2023-05-02,9105
2022,聚亨,5,0,5,群益金鼎-高盛,2023-05-02,9105
00924,復華S＆P500成長,5,0,5,群益金鼎-高盛,2023-05-02,9105
00753L,中信中國50正2,5,0,5,群益金鼎-高盛,2023-05-02,9105
2888,新光金,214,7,207,群益金鼎-高盛,2023-05-03,9105
1101,台泥,119,6,113,群益金鼎-高盛,2023-05-03,9105
2913,農林,109,6,103,群益金鼎-高盛,2023-05-03,9105
00753L,中信中國50正2,77,0,77,群益金鼎-高盛,2023-05-03,9105
00637L,元大滬深300正2,104,30,74,群益金鼎-高盛,2023-05-03,9105
2409,友達,60,3,57,群益金鼎-高盛,2023-05-03,9105
00878,國泰永續高股息,60,4,56,群益金鼎-高盛,2023-05-03,9105
6142,友勁,49,0,49,群益金鼎-高盛,2023-05-03,9105
5465,富驊,48,0,48,群益金鼎-高盛,2023-05-03,9105
3481,群創,47,1,46,群益金鼎-高盛,2023-05-03,9105
2630,亞航,39,0,39,群益金鼎-高盛,2023-05-03,9105
2603,長榮,39,0,39,群益金鼎-高盛,2023-05-03,9105
3032,偉訓,30,1,29,群益金鼎-高盛,2023-05-03,9105
00712,復華富時不動產,27,0,27,群益金鼎-高盛,2023-05-03,9105
6248,沛波,26,0,26,群益金鼎-高盛,2023-05-03,9105
1905,華紙,61,37,24,群益金鼎-高盛,2023-05-03,9105
8222,寶一,44,24,20,群益金鼎-高盛,2023-05-03,9105
6152,百一,20,0,20,群益金鼎-高盛,2023-05-03,9105
00642U,期元大S＆P石油,17,0,17,群益金鼎-高盛,2023-05-03,9105
3441,聯一光,17,0,17,群益金鼎-高盛,2023-05-03,9105
2609,陽明,16,0,16,群益金鼎-高盛,2023-05-03,9105
00650L,復華香港正2,16,0,16,群益金鼎-高盛,2023-05-03,9105
4306,炎洲,15,0,15,群益金鼎-高盛,2023-05-03,9105
9930,中聯資源,14,0,14,群益金鼎-高盛,2023-05-03,9105
6770,力積電,20,7,13,群益金鼎-高盛,2023-05-03,9105
2337,旺宏,13,2,11,群益金鼎-高盛,2023-05-03,9105
2471,資通,14,3,11,群益金鼎-高盛,2023-05-03,9105
2867,三商壽,13,3,10,群益金鼎-高盛,2023-05-03,9105
1217,愛之味,10,0,10,群益金鼎-高盛,2023-05-03,9105
1762,中化生,10,0,10,群益金鼎-高盛,2023-05-03,9105
2349,錸德,10,0,10,群益金鼎-高盛,2023-05-03,9105
2485,兆赫,10,0,10,群益金鼎-高盛,2023-05-03,9105
3624,光頡,12,2,10,群益金鼎-高盛,2023-05-03,9105
3664,安瑞-KY,10,0,10,群益金鼎-高盛,2023-05-03,9105
8027,鈦昇,10,0,10,群益金鼎-高盛,2023-05-03,9105
1519,華城,39,30,9,群益金鼎-高盛,2023-05-03,9105
1305,華夏,10,1,9,群益金鼎-高盛,2023-05-03,9105
1720,生達,10,1,9,群益金鼎-高盛,2023-05-03,9105
2344,華邦電,9,1,8,群益金鼎-高盛,2023-05-03,9105
3479,安勤,10,2,8,群益金鼎-高盛,2023-05-03,9105
6167,久正,21,13,8,群益金鼎-高盛,2023-05-03,9105
00683L,期元大美元指正2,7,0,7,群益金鼎-高盛,2023-05-03,9105
2002,中鋼,8,1,7,群益金鼎-高盛,2023-05-03,9105
2845,遠東銀,7,0,7,群益金鼎-高盛,2023-05-03,9105
6116,彩晶,7,0,7,群益金鼎-高盛,2023-05-03,9105
6209,今國光,7,0,7,群益金鼎-高盛,2023-05-03,9105
6234,高僑,14,7,7,群益金鼎-高盛,2023-05-03,9105
4746,台耀,21,14,7,群益金鼎-高盛,2023-05-03,9105
3005,神基,6,0,6,群益金鼎-高盛,2023-05-03,9105
1528,恩德,6,0,6,群益金鼎-高盛,2023-05-03,9105
2888,新光金,100,1,99,群益金鼎-高盛,2023-05-04,9105
2913,農林,100,12,88,群益金鼎-高盛,2023-05-04,9105
00753L,中信中國50正2,76,11,65,群益金鼎-高盛,2023-05-04,9105
1217,愛之味,40,0,40,群益金鼎-高盛,2023-05-04,9105
00715L,期街口布蘭特正2,25,0,25,群益金鼎-高盛,2023-05-04,9105
2504,國產,25,0,25,群益金鼎-高盛,2023-05-04,9105
6234,高僑,33,12,21,群益金鼎-高盛,2023-05-04,9105
00712,復華富時不動產,22,2,20,群益金鼎-高盛,2023-05-04,9105
3363,上詮,27,8,19,群益金鼎-高盛,2023-05-04,9105
6111,大宇資,73,54,19,群益金鼎-高盛,2023-05-04,9105
1907,永豐餘,29,12,17,群益金鼎-高盛,2023-05-04,9105
6209,今國光,18,1,17,群益金鼎-高盛,2023-05-04,9105
3372,典範,16,0,16,群益金鼎-高盛,2023-05-04,9105
5465,富驊,19,4,15,群益金鼎-高盛,2023-05-04,9105
6248,沛波,26,11,15,群益金鼎-高盛,2023-05-04,9105
00878,國泰永續高股息,35,21,14,群益金鼎-高盛,2023-05-04,9105
2402,毅嘉,17,4,13,群益金鼎-高盛,2023-05-04,9105
3325,旭品,12,0,12,群益金鼎-高盛,2023-05-04,9105
3005,神基,13,2,11,群益金鼎-高盛,2023-05-04,9105
1605,華新,22,11,11,群益金鼎-高盛,2023-05-04,9105
1608,華榮,16,5,11,群益金鼎-高盛,2023-05-04,9105
6477,安集,11,0,11,群益金鼎-高盛,2023-05-04,9105
1711,永光,10,0,10,群益金鼎-高盛,2023-05-04,9105
2867,三商壽,10,0,10,群益金鼎-高盛,2023-05-04,9105
9919,康那香,10,0,10,群益金鼎-高盛,2023-05-04,9105
00632R,元大台灣50反1,10,1,9,群益金鼎-高盛,2023-05-04,9105
00679B,元大美債20年,10,1,9,群益金鼎-高盛,2023-05-04,9105
1717,長興,10,1,9,群益金鼎-高盛,2023-05-04,9105
4147,中裕,9,0,9,群益金鼎-高盛,2023-05-04,9105
2002,中鋼,8,0,8,群益金鼎-高盛,2023-05-04,9105
1734,杏輝,8,0,8,群益金鼎-高盛,2023-05-04,9105
3046,建��,9,1,8,群益金鼎-高盛,2023-05-04,9105
4541,晟田,22,14,8,群益金鼎-高盛,2023-05-04,9105
5469,瀚宇博,8,0,8,群益金鼎-高盛,2023-05-04,9105
4746,台耀,9,2,7,群益金鼎-高盛,2023-05-04,9105
1310,台苯,7,0,7,群益金鼎-高盛,2023-05-04,9105
2206,三陽工業,13,6,7,群益金鼎-高盛,2023-05-04,9105
2367,燿華,7,0,7,群益金鼎-高盛,2023-05-04,9105
2387,精元,10,3,7,群益金鼎-高盛,2023-05-04,9105
2480,敦陽科,7,1,6,群益金鼎-高盛,2023-05-04,9105
2618,長榮航,6,0,6,群益金鼎-高盛,2023-05-04,9105
2882,國泰金,10,4,6,群益金鼎-高盛,2023-05-04,9105
6129,普誠,6,0,6,群益金鼎-高盛,2023-05-04,9105
8069,元太,7,1,6,群益金鼎-高盛,2023-05-04,9105
4915,致伸,5,0,5,群益金鼎-高盛,2023-05-04,9105
2230,泰茂,10,5,5,群益金鼎-高盛,2023-05-04,9105
2329,華泰,6,1,5,群益金鼎-高盛,2023-05-04,9105
3090,日電貿,5,0,5,群益金鼎-高盛,2023-05-04,9105
3231,緯創,25,20,5,群益金鼎-高盛,2023-05-04,9105
4306,炎洲,5,0,5,群益金鼎-高盛,2023-05-04,9105
1905,華紙,125,8,117,群益金鼎-高盛,2023-05-05,9105
2065,世豐,110,0,110,群益金鼎-高盛,2023-05-05,9105
00878,國泰永續高股息,88,1,87,群益金鼎-高盛,2023-05-05,9105
2317,鴻海,51,1,50,群益金鼎-高盛,2023-05-05,9105
3078,僑威,48,1,47,群益金鼎-高盛,2023-05-05,9105
3528,安馳,44,0,44,群益金鼎-高盛,2023-05-05,9105
00637L,元大滬深300正2,141,101,40,群益金鼎-高盛,2023-05-05,9105
00712,復華富時不動產,43,4,39,群益金鼎-高盛,2023-05-05,9105
00674R,期元大S＆P黃金反1,30,0,30,群益金鼎-高盛,2023-05-05,9105
6248,沛波,32,10,22,群益金鼎-高盛,2023-05-05,9105
2609,陽明,28,8,20,群益金鼎-高盛,2023-05-05,9105
00919,群益台灣精選高息,20,0,20,群益金鼎-高盛,2023-05-05,9105
1529,樂事綠能,41,21,20,群益金鼎-高盛,2023-05-05,9105
4173,久裕,36,16,20,群益金鼎-高盛,2023-05-05,9105
5321,美而快,36,17,19,群益金鼎-高盛,2023-05-05,9105
6120,達運,18,0,18,群益金鼎-高盛,2023-05-05,9105
00679B,元大美債20年,17,0,17,群益金鼎-高盛,2023-05-05,9105
2002,中鋼,22,5,17,群益金鼎-高盛,2023-05-05,9105
4114,健喬,19,5,14,群益金鼎-高盛,2023-05-05,9105
1795,美時,18,4,14,群益金鼎-高盛,2023-05-05,9105
8403,盛弘,17,4,13,群益金鼎-高盛,2023-05-05,9105
1701,中化,12,0,12,群益金鼎-高盛,2023-05-05,9105
2630,亞航,12,0,12,群益金鼎-高盛,2023-05-05,9105
3624,光頡,12,0,12,群益金鼎-高盛,2023-05-05,9105
6129,普誠,15,3,12,群益金鼎-高盛,2023-05-05,9105
2206,三陽工業,27,16,11,群益金鼎-高盛,2023-05-05,9105
3693,營邦,28,18,10,群益金鼎-高盛,2023-05-05,9105
5381,合正,10,0,10,群益金鼎-高盛,2023-05-05,9105
6741,91APP*-KY,14,4,10,群益金鼎-高盛,2023-05-05,9105
8928,鉅明,9,0,9,群益金鼎-高盛,2023-05-05,9105
4121,優盛,20,12,8,群益金鼎-高盛,2023-05-05,9105
00715L,期街口布蘭特正2,33,25,8,群益金鼎-高盛,2023-05-05,9105
00751B,元大AAA至A公司債,7,0,7,群益金鼎-高盛,2023-05-05,9105
2352,佳世達,7,0,7,群益金鼎-高盛,2023-05-05,9105
2344,華邦電,7,0,7,群益金鼎-高盛,2023-05-05,9105
6244,茂迪,11,4,7,群益金鼎-高盛,2023-05-05,9105
2460,建通,6,0,6,群益金鼎-高盛,2023-05-05,9105
9958,世紀鋼,6,0,6,群益金鼎-高盛,2023-05-05,9105
2353,宏��,6,0,6,群益金鼎-高盛,2023-05-05,9105
2482,連宇,9,3,6,群益金鼎-高盛,2023-05-05,9105
2637,慧洋-KY,6,0,6,群益金鼎-高盛,2023-05-05,9105
3032,偉訓,10,4,6,群益金鼎-高盛,2023-05-05,9105
8215,明基材,6,0,6,群益金鼎-高盛,2023-05-05,9105
6770,力積電,5,0,5,群益金鼎-高盛,2023-05-05,9105
1305,華夏,5,0,5,群益金鼎-高盛,2023-05-05,9105
00924,復華S＆P500成長,5,0,5,群益金鼎-高盛,2023-05-05,9105
00724B,群益投資級金融債,5,0,5,群益金鼎-高盛,2023-05-05,9105
1785,光洋科,11,6,5,群益金鼎-高盛,2023-05-05,9105
2211,長榮鋼,5,0,5,群益金鼎-高盛,2023-05-05,9105
2634,漢翔,43,38,5,群益金鼎-高盛,2023-05-05,9105
00632R,元大台灣50反1,130,10,120,群益金鼎-高盛,2023-05-08,9105
6248,沛波,111,6,105,群益金鼎-高盛,2023-05-08,9105
1101,台泥,60,10,50,群益金鼎-高盛,2023-05-08,9105
3056,富華新,50,0,50,群益金鼎-高盛,2023-05-08,9105
2317,鴻海,50,13,37,群益金鼎-高盛,2023-05-08,9105
1218,泰山,41,4,37,群益金鼎-高盛,2023-05-08,9105
3528,安馳,35,1,34,群益金鼎-高盛,2023-05-08,9105
00712,復華富時不動產,32,0,32,群益金鼎-高盛,2023-05-08,9105
6116,彩晶,32,2,30,群益金鼎-高盛,2023-05-08,9105
6016,康和證,28,0,28,群益金鼎-高盛,2023-05-08,9105
00878,國泰永續高股息,26,0,26,群益金鼎-高盛,2023-05-08,9105
2482,連宇,40,16,24,群益金鼎-高盛,2023-05-08,9105
3545,敦泰,25,3,22,群益金鼎-高盛,2023-05-08,9105
6770,力積電,20,0,20,群益金鼎-高盛,2023-05-08,9105
1217,愛之味,20,0,20,群益金鼎-高盛,2023-05-08,9105
00648R,元大S＆P500反1,20,0,20,群益金鼎-高盛,2023-05-08,9105
8027,鈦昇,19,0,19,群益金鼎-高盛,2023-05-08,9105
3481,群創,17,2,15,群益金鼎-高盛,2023-05-08,9105
1605,華新,71,57,14,群益金鼎-高盛,2023-05-08,9105
2609,陽明,21,8,13,群益金鼎-高盛,2023-05-08,9105
8271,宇瞻,13,0,13,群益金鼎-高盛,2023-05-08,9105
2603,長榮,13,1,12,群益金鼎-高盛,2023-05-08,9105
1609,大亞,29,17,12,群益金鼎-高盛,2023-05-08,9105
1783,和康生,16,5,11,群益金鼎-高盛,2023-05-08,9105
2338,光罩,11,0,11,群益金鼎-高盛,2023-05-08,9105
9955,佳龍,17,7,10,群益金鼎-高盛,2023-05-08,9105
1319,東陽,11,1,10,群益金鼎-高盛,2023-05-08,9105
1785,光洋科,10,0,10,群益金鼎-高盛,2023-05-08,9105
6026,福邦證,10,0,10,群益金鼎-高盛,2023-05-08,9105
6169,昱泉,10,0,10,群益金鼎-高盛,2023-05-08,9105
2002,中鋼,11,2,9,群益金鼎-高盛,2023-05-08,9105
1304,台聚,8,0,8,群益金鼎-高盛,2023-05-08,9105
4974,亞泰,8,0,8,群益金鼎-高盛,2023-05-08,9105
6191,精成科,8,0,8,群益金鼎-高盛,2023-05-08,9105
6443,元晶,8,0,8,群益金鼎-高盛,2023-05-08,9105
9958,世紀鋼,10,2,8,群益金鼎-高盛,2023-05-08,9105
4960,誠美材,7,0,7,群益金鼎-高盛,2023-05-08,9105
00673R,期元大S＆P原油反1,14,7,7,群益金鼎-高盛,2023-05-08,9105
2436,偉詮電,7,0,7,群益金鼎-高盛,2023-05-08,9105
2617,台航,7,0,7,群益金鼎-高盛,2023-05-08,9105
2634,漢翔,44,37,7,群益金鼎-高盛,2023-05-08,9105
6125,廣運,11,4,7,群益金鼎-高盛,2023-05-08,9105
00891,中信關鍵半導體,6,0,6,群益金鼎-高盛,2023-05-08,9105
1514,亞力,15,9,6,群益金鼎-高盛,2023-05-08,9105
2891,中信金,6,0,6,群益金鼎-高盛,2023-05-08,9105
6209,今國光,9,3,6,群益金鼎-高盛,2023-05-08,9105
8033,雷虎,24,18,6,群益金鼎-高盛,2023-05-08,9105
8928,鉅明,6,0,6,群益金鼎-高盛,2023-05-08,9105
6185,幃翔,5,0,5,群益金鼎-高盛,2023-05-08,9105
00669R,國泰美國道瓊反1,5,0,5,群益金鼎-高盛,2023-05-08,9105
1101,台泥,194,1,193,群益金鼎-高盛,2023-05-09,9105
2634,漢翔,160,24,136,群益金鼎-高盛,2023-05-09,9105
2913,農林,105,4,101,群益金鼎-高盛,2023-05-09,9105
2887,台新金,97,8,89,群益金鼎-高盛,2023-05-09,9105
3528,安馳,76,0,76,群益金鼎-高盛,2023-05-09,9105
6142,友勁,34,0,34,群益金鼎-高盛,2023-05-09,9105
00795B,中信美國公債20年,31,0,31,群益金鼎-高盛,2023-05-09,9105
00679B,元大美債20年,28,0,28,群益金鼎-高盛,2023-05-09,9105
00712,復華富時不動產,28,0,28,群益金鼎-高盛,2023-05-09,9105
6248,沛波,73,45,28,群益金鼎-高盛,2023-05-09,9105
00687B,國泰20年美債,25,0,25,群益金鼎-高盛,2023-05-09,9105
2371,大同,25,0,25,群益金鼎-高盛,2023-05-09,9105
2609,陽明,28,4,24,群益金鼎-高盛,2023-05-09,9105
1513,中興電,41,18,23,群益金鼎-高盛,2023-05-09,9105
6770,力積電,23,0,23,群益金鼎-高盛,2023-05-09,9105
3481,群創,26,4,22,群益金鼎-高盛,2023-05-09,9105
1711,永光,20,0,20,群益金鼎-高盛,2023-05-09,9105
8099,大世科,25,5,20,群益金鼎-高盛,2023-05-09,9105
2485,兆赫,18,0,18,群益金鼎-高盛,2023-05-09,9105
00720B,元大投資級公司債,17,0,17,群益金鼎-高盛,2023-05-09,9105
6275,元山,17,1,16,群益金鼎-高盛,2023-05-09,9105
8928,鉅明,15,0,15,群益金鼎-高盛,2023-05-09,9105
8289,泰藝,14,0,14,群益金鼎-高盛,2023-05-09,9105
00772B,中信高評級公司債,12,0,12,群益金鼎-高盛,2023-05-09,9105
00751B,元大AAA至A公司債,12,0,12,群益金鼎-高盛,2023-05-09,9105
1795,美時,16,5,11,群益金鼎-高盛,2023-05-09,9105
8936,國統,13,2,11,群益金鼎-高盛,2023-05-09,9105
1316,上曜,10,0,10,群益金鼎-高盛,2023-05-09,9105
00724B,群益投資級金融債,10,0,10,群益金鼎-高盛,2023-05-09,9105
2905,三商,10,0,10,群益金鼎-高盛,2023-05-09,9105
2937,集雅社,10,0,10,群益金鼎-高盛,2023-05-09,9105
3094,聯傑,10,0,10,群益金鼎-高盛,2023-05-09,9105
5864,致和證,19,9,10,群益金鼎-高盛,2023-05-09,9105
6026,福邦證,10,0,10,群益金鼎-高盛,2023-05-09,9105
9902,台火,10,0,10,群益金鼎-高盛,2023-05-09,9105
6163,華電網,18,9,9,群益金鼎-高盛,2023-05-09,9105
8027,鈦昇,10,1,9,群益金鼎-高盛,2023-05-09,9105
1519,華城,29,20,9,群益金鼎-高盛,2023-05-09,9105
2027,大成鋼,16,8,8,群益金鼎-高盛,2023-05-09,9105
5211,蒙恬,7,0,7,群益金鼎-高盛,2023-05-09,9105
1605,華新,17,10,7,群益金鼎-高盛,2023-05-09,9105
3693,營邦,8,1,7,群益金鼎-高盛,2023-05-09,9105
6190,萬泰科,7,0,7,群益金鼎-高盛,2023-05-09,9105
6612,奈米醫材,10,3,7,群益金鼎-高盛,2023-05-09,9105
1708,東鹼,6,0,6,群益金鼎-高盛,2023-05-09,9105
00923,群益台ESG低碳50,6,0,6,群益金鼎-高盛,2023-05-09,9105
2890,永豐金,6,0,6,群益金鼎-高盛,2023-05-09,9105
4114,健喬,10,4,6,群益金鼎-高盛,2023-05-09,9105
6112,邁達特,37,31,6,群益金鼎-高盛,2023-05-09,9105
9942,茂順,6,0,6,群益金鼎-高盛,2023-05-09,9105
2618,長榮航,302,11,291,群益金鼎-高盛,2023-05-10,9105
00637L,元大滬深300正2,372,286,86,群益金鼎-高盛,2023-05-10,9105
3013,晟銘電,43,0,43,群益金鼎-高盛,2023-05-10,9105
2405,輔信,35,0,35,群益金鼎-高盛,2023-05-10,9105
5439,高技,37,2,35,群益金鼎-高盛,2023-05-10,9105
2409,友達,40,14,26,群益金鼎-高盛,2023-05-10,9105
00753L,中信中國50正2,21,0,21,群益金鼎-高盛,2023-05-10,9105
6770,力積電,18,0,18,群益金鼎-高盛,2023-05-10,9105
00712,復華富時不動產,16,0,16,群益金鼎-高盛,2023-05-10,9105
00878,國泰永續高股息,15,2,13,群益金鼎-高盛,2023-05-10,9105
3231,緯創,18,5,13,群益金鼎-高盛,2023-05-10,9105
00687B,國泰20年美債,13,0,13,群益金鼎-高盛,2023-05-10,9105
00715L,期街口布蘭特正2,15,3,12,群益金鼎-高盛,2023-05-10,9105
8222,寶一,15,3,12,群益金鼎-高盛,2023-05-10,9105
2352,佳世達,14,4,10,群益金鼎-高盛,2023-05-10,9105
2617,台航,10,0,10,群益金鼎-高盛,2023-05-10,9105
2903,遠百,10,0,10,群益金鼎-高盛,2023-05-10,9105
4108,懷特,10,0,10,群益金鼎-高盛,2023-05-10,9105
6282,康舒,13,3,10,群益金鼎-高盛,2023-05-10,9105
6274,台燿,10,1,9,群益金鼎-高盛,2023-05-10,9105
5498,凱崴,9,0,9,群益金鼎-高盛,2023-05-10,9105
6276,安鈦克,18,9,9,群益金鼎-高盛,2023-05-10,9105
1314,中石化,8,0,8,群益金鼎-高盛,2023-05-10,9105
1101,台泥,8,1,7,群益金鼎-高盛,2023-05-10,9105
2303,聯電,7,1,6,群益金鼎-高盛,2023-05-10,9105
1909,榮成,6,0,6,群益金鼎-高盛,2023-05-10,9105
2049,上銀,6,0,6,群益金鼎-高盛,2023-05-10,9105
2890,永豐金,6,0,6,群益金鼎-高盛,2023-05-10,9105
6531,愛普*,7,1,6,群益金鼎-高盛,2023-05-10,9105
9933,中鼎,6,0,6,群益金鼎-高盛,2023-05-10,9105
0056,元大高股息,5,0,5,群益金鼎-高盛,2023-05-10,9105
00679B,元大美債20年,5,0,5,群益金鼎-高盛,2023-05-10,9105
1229,聯華,5,0,5,群益金鼎-高盛,2023-05-10,9105
1506,正道,5,0,5,群益金鼎-高盛,2023-05-10,9105
2201,裕隆,5,0,5,群益金鼎-高盛,2023-05-10,9105
2867,三商壽,5,0,5,群益金鼎-高盛,2023-05-10,9105
3032,偉訓,11,6,5,群益金鼎-高盛,2023-05-10,9105
3577,泓格,5,0,5,群益金鼎-高盛,2023-05-10,9105
3591,艾笛森,5,0,5,群益金鼎-高盛,2023-05-10,9105
3694,海華,5,0,5,群益金鼎-高盛,2023-05-10,9105
4744,皇將,16,11,5,群益金鼎-高盛,2023-05-10,9105
4916,事欣科,6,1,5,群益金鼎-高盛,2023-05-10,9105
5484,慧友,5,0,5,群益金鼎-高盛,2023-05-10,9105
6285,啟��,5,0,5,群益金鼎-高盛,2023-05-10,9105
6235,華孚,9,5,4,群益金鼎-高盛,2023-05-10,9105
2329,華泰,4,0,4,群益金鼎-高盛,2023-05-10,9105
2748,雲品,8,4,4,群益金鼎-高盛,2023-05-10,9105
3202,樺晟,6,2,4,群益金鼎-高盛,2023-05-10,9105
3576,聯合再生,4,0,4,群益金鼎-高盛,2023-05-10,9105
3605,宏致,4,0,4,群益金鼎-高盛,2023-05-10,9105
1409,新纖,301,1,300,群益金鼎-高盛,2023-05-11,9105
2504,國產,203,0,203,群益金鼎-高盛,2023-05-11,9105
6227,茂綸,167,5,162,群益金鼎-高盛,2023-05-11,9105
3483,力致,104,0,104,群益金鼎-高盛,2023-05-11,9105
6248,沛波,72,0,72,群益金鼎-高盛,2023-05-11,9105
6116,彩晶,74,4,70,群益金鼎-高盛,2023-05-11,9105
1101,台泥,62,0,62,群益金鼎-高盛,2023-05-11,9105
2634,漢翔,185,127,58,群益金鼎-高盛,2023-05-11,9105
2618,長榮航,54,3,51,群益金鼎-高盛,2023-05-11,9105
2317,鴻海,53,2,51,群益金鼎-高盛,2023-05-11,9105
2867,三商壽,30,0,30,群益金鼎-高盛,2023-05-11,9105
00878,國泰永續高股息,30,1,29,群益金鼎-高盛,2023-05-11,9105
3481,群創,32,5,27,群益金鼎-高盛,2023-05-11,9105
5381,合正,22,0,22,群益金鼎-高盛,2023-05-11,9105
00637L,元大滬深300正2,53,32,21,群益金鼎-高盛,2023-05-11,9105
2348,海悅,20,0,20,群益金鼎-高盛,2023-05-11,9105
2610,華航,22,2,20,群益金鼎-高盛,2023-05-11,9105
00680L,元大美債20正2,19,0,19,群益金鼎-高盛,2023-05-11,9105
9907,統一實,20,2,18,群益金鼎-高盛,2023-05-11,9105
00715L,期街口布蘭特正2,25,7,18,群益金鼎-高盛,2023-05-11,9105
2329,華泰,18,0,18,群益金鼎-高盛,2023-05-11,9105
1717,長興,17,0,17,群益金鼎-高盛,2023-05-11,9105
1337,再生-KY,16,0,16,群益金鼎-高盛,2023-05-11,9105
1752,南光,16,0,16,群益金鼎-高盛,2023-05-11,9105
2409,友達,20,4,16,群益金鼎-高盛,2023-05-11,9105
2485,兆赫,15,0,15,群益金鼎-高盛,2023-05-11,9105
2481,強茂,15,0,15,群益金鼎-高盛,2023-05-11,9105
00919,群益台灣精選高息,14,0,14,群益金鼎-高盛,2023-05-11,9105
2630,亞航,19,5,14,群益金鼎-高盛,2023-05-11,9105
6285,啟��,14,0,14,群益金鼎-高盛,2023-05-11,9105
2812,台中銀,12,0,12,群益金鼎-高盛,2023-05-11,9105
5009,榮剛,12,0,12,群益金鼎-高盛,2023-05-11,9105
2905,三商,12,0,12,群益金鼎-高盛,2023-05-11,9105
3363,上詮,13,3,10,群益金鼎-高盛,2023-05-11,9105
9902,台火,10,0,10,群益金鼎-高盛,2023-05-11,9105
00688L,國泰20年美債正2,10,0,10,群益金鼎-高盛,2023-05-11,9105
1217,愛之味,10,0,10,群益金鼎-高盛,2023-05-11,9105
2489,瑞軒,12,2,10,群益金鼎-高盛,2023-05-11,9105
2801,彰銀,10,0,10,群益金鼎-高盛,2023-05-11,9105
3202,樺晟,12,2,10,群益金鼎-高盛,2023-05-11,9105
5608,四維航,10,0,10,群益金鼎-高盛,2023-05-11,9105
4919,新唐,10,1,9,群益金鼎-高盛,2023-05-11,9105
1227,佳格,9,0,9,群益金鼎-高盛,2023-05-11,9105
3031,佰鴻,8,0,8,群益金鼎-高盛,2023-05-11,9105
6191,精成科,17,9,8,群益金鼎-高盛,2023-05-11,9105
9105,泰金寶-DR,8,0,8,群益金鼎-高盛,2023-05-11,9105
2492,華新科,9,2,7,群益金鼎-高盛,2023-05-11,9105
4306,炎洲,7,0,7,群益金鼎-高盛,2023-05-11,9105
4503,金雨,53,46,7,群益金鼎-高盛,2023-05-11,9105
1506,正道,6,0,6,群益金鼎-高盛,2023-05-11,9105
2888,新光金,188,0,188,群益金鼎-高盛,2023-05-12,9105
2485,兆赫,67,10,57,群益金鼎-高盛,2023-05-12,9105
5381,合正,33,0,33,群益金鼎-高盛,2023-05-12,9105
2834,臺企銀,31,1,30,群益金鼎-高盛,2023-05-12,9105
00882,中信中國高股息,27,0,27,群益金鼎-高盛,2023-05-12,9105
2317,鴻海,38,13,25,群益金鼎-高盛,2023-05-12,9105
6116,彩晶,26,3,23,群益金鼎-高盛,2023-05-12,9105
6477,安集,21,0,21,群益金鼎-高盛,2023-05-12,9105
2890,永豐金,22,1,21,群益金鼎-高盛,2023-05-12,9105
2303,聯電,24,5,19,群益金鼎-高盛,2023-05-12,9105
1591,駿吉-KY,19,0,19,群益金鼎-高盛,2023-05-12,9105
9919,康那香,20,1,19,群益金鼎-高盛,2023-05-12,9105
1409,新纖,15,0,15,群益金鼎-高盛,2023-05-12,9105
2409,友達,22,7,15,群益金鼎-高盛,2023-05-12,9105
2867,三商壽,15,0,15,群益金鼎-高盛,2023-05-12,9105
00878,國泰永續高股息,17,4,13,群益金鼎-高盛,2023-05-12,9105
1101,台泥,14,1,13,群益金鼎-高盛,2023-05-12,9105
1529,樂事綠能,13,1,12,群益金鼎-高盛,2023-05-12,9105
3481,群創,17,5,12,群益金鼎-高盛,2023-05-12,9105
1503,士電,17,5,12,群益金鼎-高盛,2023-05-12,9105
00637L,元大滬深300正2,204,193,11,群益金鼎-高盛,2023-05-12,9105
1609,大亞,21,10,11,群益金鼎-高盛,2023-05-12,9105
2014,中鴻,12,1,11,群益金鼎-高盛,2023-05-12,9105
2027,大成鋼,11,0,11,群益金鼎-高盛,2023-05-12,9105
1444,力麗,10,0,10,群益金鼎-高盛,2023-05-12,9105
6770,力積電,10,0,10,群益金鼎-高盛,2023-05-12,9105
00923,群益台ESG低碳50,10,0,10,群益金鼎-高盛,2023-05-12,9105
00919,群益台灣精選高息,10,0,10,群益金鼎-高盛,2023-05-12,9105
1219,福壽,10,0,10,群益金鼎-高盛,2023-05-12,9105
2453,凌群,10,0,10,群益金鼎-高盛,2023-05-12,9105
4581,光隆精密-KY,10,0,10,群益金鼎-高盛,2023-05-12,9105
2607,榮運,10,1,9,群益金鼎-高盛,2023-05-12,9105
3037,欣興,11,2,9,群益金鼎-高盛,2023-05-12,9105
1337,再生-KY,10,1,9,群益金鼎-高盛,2023-05-12,9105
1815,富喬,10,2,8,群益金鼎-高盛,2023-05-12,9105
6112,邁達特,56,48,8,群益金鼎-高盛,2023-05-12,9105
8410,森田,9,1,8,群益金鼎-高盛,2023-05-12,9105
1513,中興電,11,5,6,群益金鼎-高盛,2023-05-12,9105
1608,華榮,11,5,6,群益金鼎-高盛,2023-05-12,9105
2002,中鋼,6,0,6,群益金鼎-高盛,2023-05-12,9105
5355,佳總,7,1,6,群益金鼎-高盛,2023-05-12,9105
6550,北極星藥業-KY,6,0,6,群益金鼎-高盛,2023-05-12,9105
1229,聯華,5,0,5,群益金鼎-高盛,2023-05-12,9105
1227,佳格,5,0,5,群益金鼎-高盛,2023-05-12,9105
1783,和康生,6,1,5,群益金鼎-高盛,2023-05-12,9105
4303,信立,5,0,5,群益金鼎-高盛,2023-05-12,9105
4908,前鼎,5,0,5,群益金鼎-高盛,2023-05-12,9105
4979,華星光,12,7,5,群益金鼎-高盛,2023-05-12,9105
6218,豪勉,7,2,5,群益金鼎-高盛,2023-05-12,9105
6276,安鈦克,6,1,5,群益金鼎-高盛,2023-05-12,9105
2002,中鋼,52,1,51,群益金鼎-高盛,2023-05-15,9105
6122,擎邦,60,9,51,群益金鼎-高盛,2023-05-15,9105
6234,高僑,43,2,41,群益金鼎-高盛,2023-05-15,9105
00882,中信中國高股息,40,0,40,群益金鼎-高盛,2023-05-15,9105
2303,聯電,39,0,39,群益金鼎-高盛,2023-05-15,9105
2485,兆赫,25,0,25,群益金鼎-高盛,2023-05-15,9105
00633L,富邦上証正2,20,0,20,群益金鼎-高盛,2023-05-15,9105
00715L,期街口布蘭特正2,17,0,17,群益金鼎-高盛,2023-05-15,9105
4533,協易機,17,0,17,群益金鼎-高盛,2023-05-15,9105
6217,中探針,16,0,16,群益金鼎-高盛,2023-05-15,9105
3037,欣興,14,0,14,群益金鼎-高盛,2023-05-15,9105
2457,飛宏,18,5,13,群益金鼎-高盛,2023-05-15,9105
5905,南仁湖,13,0,13,群益金鼎-高盛,2023-05-15,9105
2515,中工,12,0,12,群益金鼎-高盛,2023-05-15,9105
00631L,元大台灣50正2,11,0,11,群益金鼎-高盛,2023-05-15,9105
5324,士開,11,0,11,群益金鼎-高盛,2023-05-15,9105
3046,建��,17,7,10,群益金鼎-高盛,2023-05-15,9105
6227,茂綸,10,0,10,群益金鼎-高盛,2023-05-15,9105
00878,國泰永續高股息,36,27,9,群益金鼎-高盛,2023-05-15,9105
1101,台泥,9,0,9,群益金鼎-高盛,2023-05-15,9105
6216,居易,9,0,9,群益金鼎-高盛,2023-05-15,9105
8038,長園科,8,0,8,群益金鼎-高盛,2023-05-15,9105
2344,華邦電,51,43,8,群益金鼎-高盛,2023-05-15,9105
6531,愛普*,8,0,8,群益金鼎-高盛,2023-05-15,9105
4123,晟德,8,1,7,群益金鼎-高盛,2023-05-15,9105
2115,六暉-KY,7,0,7,群益金鼎-高盛,2023-05-15,9105
2453,凌群,7,0,7,群益金鼎-高盛,2023-05-15,9105
6116,彩晶,11,4,7,群益金鼎-高盛,2023-05-15,9105
00795B,中信美國公債20年,6,0,6,群益金鼎-高盛,2023-05-15,9105
1809,中釉,6,0,6,群益金鼎-高盛,2023-05-15,9105
2880,華南金,7,1,6,群益金鼎-高盛,2023-05-15,9105
3005,神基,6,0,6,群益金鼎-高盛,2023-05-15,9105
3535,晶彩科,6,0,6,群益金鼎-高盛,2023-05-15,9105
8081,致新,6,0,6,群益金鼎-高盛,2023-05-15,9105
1504,東元,58,52,6,群益金鼎-高盛,2023-05-15,9105
3231,緯創,60,54,6,群益金鼎-高盛,2023-05-15,9105
3078,僑威,24,19,5,群益金鼎-高盛,2023-05-15,9105
00642U,期元大S＆P石油,5,0,5,群益金鼎-高盛,2023-05-15,9105
00673R,期元大S＆P原油反1,10,5,5,群益金鼎-高盛,2023-05-15,9105
00724B,群益投資級金融債,5,0,5,群益金鼎-高盛,2023-05-15,9105
2031,新光鋼,5,0,5,群益金鼎-高盛,2023-05-15,9105
2482,連宇,7,2,5,群益金鼎-高盛,2023-05-15,9105
6285,啟��,5,0,5,群益金鼎-高盛,2023-05-15,9105
9929,秋雨,5,0,5,群益金鼎-高盛,2023-05-15,9105
00725B,國泰投資級公司債,4,0,4,群益金鼎-高盛,2023-05-15,9105
00773B,中信優先金融債,4,0,4,群益金鼎-高盛,2023-05-15,9105
1904,正隆,4,0,4,群益金鼎-高盛,2023-05-15,9105
2392,正崴,4,0,4,群益金鼎-高盛,2023-05-15,9105
3481,群創,7,3,4,群益金鼎-高盛,2023-05-15,9105
4116,明基醫,4,0,4,群益金鼎-高盛,2023-05-15,9105
00632R,元大台灣50反1,121,0,121,群益金鼎-高盛,2023-05-16,9105
00637L,元大滬深300正2,99,65,34,群益金鼎-高盛,2023-05-16,9105
2485,兆赫,30,0,30,群益金鼎-高盛,2023-05-16,9105
00795B,中信美國公債20年,23,0,23,群益金鼎-高盛,2023-05-16,9105
2890,永豐金,20,0,20,群益金鼎-高盛,2023-05-16,9105
3231,緯創,38,19,19,群益金鼎-高盛,2023-05-16,9105
2409,友達,36,18,18,群益金鼎-高盛,2023-05-16,9105
6558,興能高,18,0,18,群益金鼎-高盛,2023-05-16,9105
4123,晟德,25,11,14,群益金鼎-高盛,2023-05-16,9105
00679B,元大美債20年,14,0,14,群益金鼎-高盛,2023-05-16,9105
00720B,元大投資級公司債,13,0,13,群益金鼎-高盛,2023-05-16,9105
1528,恩德,13,0,13,群益金鼎-高盛,2023-05-16,9105
8088,品安,16,3,13,群益金鼎-高盛,2023-05-16,9105
00687B,國泰20年美債,13,0,13,群益金鼎-高盛,2023-05-16,9105
00830,國泰費城半導體,11,0,11,群益金鼎-高盛,2023-05-16,9105
2405,輔信,10,0,10,群益金鼎-高盛,2023-05-16,9105
5864,致和證,10,0,10,群益金鼎-高盛,2023-05-16,9105
2014,中鴻,10,1,9,群益金鼎-高盛,2023-05-16,9105
5706,鳳凰,10,1,9,群益金鼎-高盛,2023-05-16,9105
2615,萬海,8,0,8,群益金鼎-高盛,2023-05-16,9105
2330,台積電,15,7,8,群益金鼎-高盛,2023-05-16,9105
6214,精誠,7,0,7,群益金鼎-高盛,2023-05-16,9105
2834,臺企銀,8,1,7,群益金鼎-高盛,2023-05-16,9105
3540,曜越,19,13,6,群益金鼎-高盛,2023-05-16,9105
3596,智易,9,3,6,群益金鼎-高盛,2023-05-16,9105
6535,順藥,6,0,6,群益金鼎-高盛,2023-05-16,9105
6548,長科*,6,0,6,群益金鼎-高盛,2023-05-16,9105
8426,紅木-KY,8,2,6,群益金鼎-高盛,2023-05-16,9105
2317,鴻海,5,0,5,群益金鼎-高盛,2023-05-16,9105
2331,精英,5,0,5,群益金鼎-高盛,2023-05-16,9105
2867,三商壽,5,0,5,群益金鼎-高盛,2023-05-16,9105
5328,華容,6,1,5,群益金鼎-高盛,2023-05-16,9105
5381,合正,5,0,5,群益金鼎-高盛,2023-05-16,9105
5701,劍湖山,5,0,5,群益金鼎-高盛,2023-05-16,9105
8076,伍豐,53,48,5,群益金鼎-高盛,2023-05-16,9105
2891,中信金,14,9,5,群益金鼎-高盛,2023-05-16,9105
2603,長榮,5,1,4,群益金鼎-高盛,2023-05-16,9105
2609,陽明,6,2,4,群益金鼎-高盛,2023-05-16,9105
8112,至上,5,1,4,群益金鼎-高盛,2023-05-16,9105
5871,中租-KY,4,0,4,群益金鼎-高盛,2023-05-16,9105
00724B,群益投資級金融債,4,0,4,群益金鼎-高盛,2023-05-16,9105
00631L,元大台灣50正2,4,0,4,群益金鼎-高盛,2023-05-16,9105
2313,華通,4,0,4,群益金鼎-高盛,2023-05-16,9105
2323,中環,16,12,4,群益金鼎-高盛,2023-05-16,9105
2337,旺宏,5,1,4,群益金鼎-高盛,2023-05-16,9105
2353,宏��,4,0,4,群益金鼎-高盛,2023-05-16,9105
4707,磐亞,4,0,4,群益金鼎-高盛,2023-05-16,9105
5484,慧友,4,0,4,群益金鼎-高盛,2023-05-16,9105
1504,東元,37,34,3,群益金鼎-高盛,2023-05-16,9105
00675L,富邦臺灣加權正2,13,10,3,群益金鼎-高盛,2023-05-16,9105
00632R,元大台灣50反1,307,0,307,群益金鼎-高盛,2023-05-17,9105
00882,中信中國高股息,90,0,90,群益金鼎-高盛,2023-05-17,9105
00679B,元大美債20年,53,0,53,群益金鼎-高盛,2023-05-17,9105
00878,國泰永續高股息,69,17,52,群益金鼎-高盛,2023-05-17,9105
1101,台泥,40,1,39,群益金鼎-高盛,2023-05-17,9105
2405,輔信,20,0,20,群益金鼎-高盛,2023-05-17,9105
5371,中光電,20,2,18,群益金鼎-高盛,2023-05-17,9105
2610,華航,22,6,16,群益金鼎-高盛,2023-05-17,9105
2617,台航,15,0,15,群益金鼎-高盛,2023-05-17,9105
6216,居易,14,0,14,群益金鼎-高盛,2023-05-17,9105
00923,群益台ESG低碳50,30,17,13,群益金鼎-高盛,2023-05-17,9105
00687B,國泰20年美債,13,0,13,群益金鼎-高盛,2023-05-17,9105
2603,長榮,12,0,12,群益金鼎-高盛,2023-05-17,9105
3033,威健,12,0,12,群益金鼎-高盛,2023-05-17,9105
2634,漢翔,24,13,11,群益金鼎-高盛,2023-05-17,9105
2441,超豐,10,0,10,群益金鼎-高盛,2023-05-17,9105
4581,光隆精密-KY,10,0,10,群益金鼎-高盛,2023-05-17,9105
5483,中美晶,10,0,10,群益金鼎-高盛,2023-05-17,9105
8048,德勝,13,4,9,群益金鼎-高盛,2023-05-17,9105
2105,正新,9,1,8,群益金鼎-高盛,2023-05-17,9105
3432,台端,8,0,8,群益金鼎-高盛,2023-05-17,9105
3704,合勤控,8,0,8,群益金鼎-高盛,2023-05-17,9105
6535,順藥,8,0,8,群益金鼎-高盛,2023-05-17,9105
3481,群創,10,3,7,群益金鼎-高盛,2023-05-17,9105
1612,宏泰,8,1,7,群益金鼎-高盛,2023-05-17,9105
3231,緯創,20,13,7,群益金鼎-高盛,2023-05-17,9105
2367,燿華,6,0,6,群益金鼎-高盛,2023-05-17,9105
3005,神基,8,2,6,群益金鼎-高盛,2023-05-17,9105
5381,合正,6,0,6,群益金鼎-高盛,2023-05-17,9105
8383,千附,6,0,6,群益金鼎-高盛,2023-05-17,9105
2615,萬海,6,0,6,群益金鼎-高盛,2023-05-17,9105
1416,廣豐,6,1,5,群益金鼎-高盛,2023-05-17,9105
00751B,元大AAA至A公司債,5,0,5,群益金鼎-高盛,2023-05-17,9105
00772B,中信高評級公司債,5,0,5,群益金鼎-高盛,2023-05-17,9105
1802,台玻,7,2,5,群益金鼎-高盛,2023-05-17,9105
2027,大成鋼,5,0,5,群益金鼎-高盛,2023-05-17,9105
2618,長榮航,7,2,5,群益金鼎-高盛,2023-05-17,9105
3026,禾伸堂,5,0,5,群益金鼎-高盛,2023-05-17,9105
3558,神準,5,0,5,群益金鼎-高盛,2023-05-17,9105
3693,營邦,5,0,5,群益金鼎-高盛,2023-05-17,9105
4908,前鼎,5,0,5,群益金鼎-高盛,2023-05-17,9105
6118,建達,5,0,5,群益金鼎-高盛,2023-05-17,9105
6558,興能高,5,0,5,群益金鼎-高盛,2023-05-17,9105
6245,立端,5,0,5,群益金鼎-高盛,2023-05-17,9105
4541,晟田,20,15,5,群益金鼎-高盛,2023-05-17,9105
2393,億光,6,2,4,群益金鼎-高盛,2023-05-17,9105
00712,復華富時不動產,4,0,4,群益金鼎-高盛,2023-05-17,9105
00633L,富邦上証正2,4,0,4,群益金鼎-高盛,2023-05-17,9105
00675L,富邦臺灣加權正2,4,0,4,群益金鼎-高盛,2023-05-17,9105
2736,富野,8,4,4,群益金鼎-高盛,2023-05-17,9105
8105,凌巨,200,0,200,群益金鼎-高盛,2023-05-18,9105
2887,台新金,70,5,65,群益金鼎-高盛,2023-05-18,9105
00637L,元大滬深300正2,71,11,60,群益金鼎-高盛,2023-05-18,9105
00882,中信中國高股息,50,0,50,群益金鼎-高盛,2023-05-18,9105
00664R,國泰臺灣加權反1,44,3,41,群益金鼎-高盛,2023-05-18,9105
3042,晶技,40,0,40,群益金鼎-高盛,2023-05-18,9105
1319,東陽,38,0,38,群益金鼎-高盛,2023-05-18,9105
1609,大亞,40,9,31,群益金鼎-高盛,2023-05-18,9105
2867,三商壽,27,0,27,群益金鼎-高盛,2023-05-18,9105
2630,亞航,39,17,22,群益金鼎-高盛,2023-05-18,9105
00679B,元大美債20年,20,0,20,群益金鼎-高盛,2023-05-18,9105
2504,國產,20,0,20,群益金鼎-高盛,2023-05-18,9105
00633L,富邦上証正2,20,4,16,群益金鼎-高盛,2023-05-18,9105
1810,和成,17,1,16,群益金鼎-高盛,2023-05-18,9105
1905,華紙,14,1,13,群益金鼎-高盛,2023-05-18,9105
2409,友達,14,2,12,群益金鼎-高盛,2023-05-18,9105
5328,華容,16,4,12,群益金鼎-高盛,2023-05-18,9105
00687B,國泰20年美債,11,0,11,群益金鼎-高盛,2023-05-18,9105
2402,毅嘉,16,5,11,群益金鼎-高盛,2023-05-18,9105
2421,建準,15,4,11,群益金鼎-高盛,2023-05-18,9105
00648R,元大S＆P500反1,10,0,10,群益金鼎-高盛,2023-05-18,9105
00669R,國泰美國道瓊反1,10,0,10,群益金鼎-高盛,2023-05-18,9105
2903,遠百,10,0,10,群益金鼎-高盛,2023-05-18,9105
3026,禾伸堂,10,0,10,群益金鼎-高盛,2023-05-18,9105
6216,居易,10,0,10,群益金鼎-高盛,2023-05-18,9105
9907,統一實,10,0,10,群益金鼎-高盛,2023-05-18,9105
3673,TPK-KY,17,8,9,群益金鼎-高盛,2023-05-18,9105
1101,台泥,11,3,8,群益金鼎-高盛,2023-05-18,9105
00795B,中信美國公債20年,8,0,8,群益金鼎-高盛,2023-05-18,9105
2634,漢翔,29,21,8,群益金鼎-高盛,2023-05-18,9105
3094,聯傑,8,0,8,群益金鼎-高盛,2023-05-18,9105
6753,龍德造船,10,2,8,群益金鼎-高盛,2023-05-18,9105
1416,廣豐,7,0,7,群益金鼎-高盛,2023-05-18,9105
8446,華研,9,2,7,群益金鼎-高盛,2023-05-18,9105
00673R,期元大S＆P原油反1,6,0,6,群益金鼎-高盛,2023-05-18,9105
00690,兆豐藍籌30,6,0,6,群益金鼎-高盛,2023-05-18,9105
2331,精英,8,2,6,群益金鼎-高盛,2023-05-18,9105
2820,華票,6,0,6,群益金鼎-高盛,2023-05-18,9105
8069,元太,12,6,6,群益金鼎-高盛,2023-05-18,9105
2609,陽明,9,4,5,群益金鼎-高盛,2023-05-18,9105
00773B,中信優先金融債,5,0,5,群益金鼎-高盛,2023-05-18,9105
2881,富邦金,6,1,5,群益金鼎-高盛,2023-05-18,9105
3558,神準,8,3,5,群益金鼎-高盛,2023-05-18,9105
2243,宏旭-KY,5,0,5,群益金鼎-高盛,2023-05-18,9105
2323,中環,11,6,5,群益金鼎-高盛,2023-05-18,9105
2603,長榮,7,2,5,群益金鼎-高盛,2023-05-18,9105
3308,聯德,5,0,5,群益金鼎-高盛,2023-05-18,9105
3504,揚明光,5,0,5,群益金鼎-高盛,2023-05-18,9105
3615,安可,5,0,5,群益金鼎-高盛,2023-05-18,9105
4142,國光生,5,0,5,群益金鼎-高盛,2023-05-18,9105
2887,台新金,500,12,488,群益金鼎-高盛,2023-05-19,9105
2302,麗正,101,0,101,群益金鼎-高盛,2023-05-19,9105
2313,華通,77,2,75,群益金鼎-高盛,2023-05-19,9105
2897,王道銀行,50,0,50,群益金鼎-高盛,2023-05-19,9105
5483,中美晶,47,0,47,群益金鼎-高盛,2023-05-19,9105
00632R,元大台灣50反1,47,4,43,群益金鼎-高盛,2023-05-19,9105
00795B,中信美國公債20年,35,0,35,群益金鼎-高盛,2023-05-19,9105
00753L,中信中國50正2,30,0,30,群益金鼎-高盛,2023-05-19,9105
00687B,國泰20年美債,30,0,30,群益金鼎-高盛,2023-05-19,9105
00882,中信中國高股息,25,0,25,群益金鼎-高盛,2023-05-19,9105
00633L,富邦上証正2,28,4,24,群益金鼎-高盛,2023-05-19,9105
3356,奇偶,23,0,23,群益金鼎-高盛,2023-05-19,9105
6112,邁達特,31,9,22,群益金鼎-高盛,2023-05-19,9105
00679B,元大美債20年,20,0,20,群益金鼎-高盛,2023-05-19,9105
5009,榮剛,24,4,20,群益金鼎-高盛,2023-05-19,9105
2457,飛宏,20,0,20,群益金鼎-高盛,2023-05-19,9105
8099,大世科,20,0,20,群益金鼎-高盛,2023-05-19,9105
1525,江申,16,0,16,群益金鼎-高盛,2023-05-19,9105
3058,立德,16,1,15,群益金鼎-高盛,2023-05-19,9105
2014,中鴻,15,0,15,群益金鼎-高盛,2023-05-19,9105
1314,中石化,13,0,13,群益金鼎-高盛,2023-05-19,9105
2801,彰銀,13,0,13,群益金鼎-高盛,2023-05-19,9105
2317,鴻海,14,1,13,群益金鼎-高盛,2023-05-19,9105
2002,中鋼,11,0,11,群益金鼎-高盛,2023-05-19,9105
3081,聯亞,12,1,11,群益金鼎-高盛,2023-05-19,9105
1809,中釉,10,0,10,群益金鼎-高盛,2023-05-19,9105
4119,旭富,10,0,10,群益金鼎-高盛,2023-05-19,9105
1219,福壽,10,0,10,群益金鼎-高盛,2023-05-19,9105
1416,廣豐,10,0,10,群益金鼎-高盛,2023-05-19,9105
3607,谷崧,10,0,10,群益金鼎-高盛,2023-05-19,9105
5864,致和證,10,0,10,群益金鼎-高盛,2023-05-19,9105
6116,彩晶,10,0,10,群益金鼎-高盛,2023-05-19,9105
6169,昱泉,10,0,10,群益金鼎-高盛,2023-05-19,9105
1727,中華化,13,3,10,群益金鼎-高盛,2023-05-19,9105
00648R,元大S＆P500反1,9,0,9,群益金鼎-高盛,2023-05-19,9105
2208,台船,9,0,9,群益金鼎-高盛,2023-05-19,9105
6216,居易,9,0,9,群益金鼎-高盛,2023-05-19,9105
2332,友訊,9,0,9,群益金鼎-高盛,2023-05-19,9105
1735,日勝化,8,0,8,群益金鼎-高盛,2023-05-19,9105
9942,茂順,9,1,8,群益金鼎-高盛,2023-05-19,9105
2303,聯電,14,6,8,群益金鼎-高盛,2023-05-19,9105
1529,樂事綠能,8,1,7,群益金鼎-高盛,2023-05-19,9105
1605,華新,9,2,7,群益金鼎-高盛,2023-05-19,9105
8088,品安,7,0,7,群益金鼎-高盛,2023-05-19,9105
00724B,群益投資級金融債,6,0,6,群益金鼎-高盛,2023-05-19,9105
2399,映泰,8,2,6,群益金鼎-高盛,2023-05-19,9105
2421,建準,18,12,6,群益金鼎-高盛,2023-05-19,9105
3055,蔚華科,6,0,6,群益金鼎-高盛,2023-05-19,9105
3202,樺晟,7,1,6,群益金鼎-高盛,2023-05-19,9105
00720B,元大投資級公司債,5,0,5,群益金鼎-高盛,2023-05-19,9105
2208,台船,263,116,147,群益金鼎-高盛,2023-05-22,9105
2618,長榮航,156,67,89,群益金鼎-高盛,2023-05-22,9105
00687B,國泰20年美債,66,0,66,群益金鼎-高盛,2023-05-22,9105
2303,聯電,61,2,59,群益金鼎-高盛,2023-05-22,9105
00671R,富邦NASDAQ反1,50,0,50,群益金鼎-高盛,2023-05-22,9105
00679B,元大美債20年,48,2,46,群益金鼎-高盛,2023-05-22,9105
00712,復華富時不動產,42,6,36,群益金鼎-高盛,2023-05-22,9105
2867,三商壽,35,2,33,群益金鼎-高盛,2023-05-22,9105
3202,樺晟,28,2,26,群益金鼎-高盛,2023-05-22,9105
2438,翔耀,25,0,25,群益金鼎-高盛,2023-05-22,9105
2323,中環,23,1,22,群益金鼎-高盛,2023-05-22,9105
00751B,元大AAA至A公司債,20,0,20,群益金鼎-高盛,2023-05-22,9105
2801,彰銀,20,0,20,群益金鼎-高盛,2023-05-22,9105
00632R,元大台灣50反1,22,3,19,群益金鼎-高盛,2023-05-22,9105
5531,鄉林,14,0,14,群益金鼎-高盛,2023-05-22,9105
3037,欣興,41,28,13,群益金鼎-高盛,2023-05-22,9105
6558,興能高,13,0,13,群益金鼎-高盛,2023-05-22,9105
1591,駿吉-KY,12,0,12,群益金鼎-高盛,2023-05-22,9105
1504,東元,24,13,11,群益金鼎-高盛,2023-05-22,9105
1506,正道,10,0,10,群益金鼎-高盛,2023-05-22,9105
3178,公準,13,3,10,群益金鼎-高盛,2023-05-22,9105
3379,彬台,10,0,10,群益金鼎-高盛,2023-05-22,9105
3419,譁裕,10,0,10,群益金鼎-高盛,2023-05-22,9105
3607,谷崧,10,0,10,群益金鼎-高盛,2023-05-22,9105
6122,擎邦,10,0,10,群益金鼎-高盛,2023-05-22,9105
3236,千如,10,1,9,群益金鼎-高盛,2023-05-22,9105
6111,大宇資,9,0,9,群益金鼎-高盛,2023-05-22,9105
1101,台泥,10,2,8,群益金鼎-高盛,2023-05-22,9105
1783,和康生,10,2,8,群益金鼎-高盛,2023-05-22,9105
00720B,元大投資級公司債,7,0,7,群益金鼎-高盛,2023-05-22,9105
2332,友訊,9,2,7,群益金鼎-高盛,2023-05-22,9105
2368,金像電,17,10,7,群益金鼎-高盛,2023-05-22,9105
1519,華城,26,19,7,群益金鼎-高盛,2023-05-22,9105
1605,華新,9,3,6,群益金鼎-高盛,2023-05-22,9105
00715L,期街口布蘭特正2,6,0,6,群益金鼎-高盛,2023-05-22,9105
2313,華通,6,0,6,群益金鼎-高盛,2023-05-22,9105
2548,華固,6,0,6,群益金鼎-高盛,2023-05-22,9105
4173,久裕,44,38,6,群益金鼎-高盛,2023-05-22,9105
6160,欣技,6,0,6,群益金鼎-高盛,2023-05-22,9105
6535,順藥,6,0,6,群益金鼎-高盛,2023-05-22,9105
00772B,中信高評級公司債,5,0,5,群益金鼎-高盛,2023-05-22,9105
0056,元大高股息,11,5,6,群益金鼎-高盛,2023-05-22,9105
3035,智原,7,2,5,群益金鼎-高盛,2023-05-22,9105
00795B,中信美國公債20年,5,0,5,群益金鼎-高盛,2023-05-22,9105
00882,中信中國高股息,5,0,5,群益金鼎-高盛,2023-05-22,9105
00642U,期元大S＆P石油,5,0,5,群益金鼎-高盛,2023-05-22,9105
4114,健喬,8,3,5,群益金鼎-高盛,2023-05-22,9105
5608,四維航,5,0,5,群益金鼎-高盛,2023-05-22,9105
6584,南俊國際,5,0,5,群益金鼎-高盛,2023-05-22,9105
8112,至上,5,0,5,群益金鼎-高盛,2023-05-22,9105
00795B,中信美國公債20年,113,0,113,群益金鼎-高盛,2023-05-23,9105
2885,元大金,97,0,97,群益金鼎-高盛,2023-05-23,9105
00687B,國泰20年美債,45,0,45,群益金鼎-高盛,2023-05-23,9105
00637L,元大滬深300正2,45,1,44,群益金鼎-高盛,2023-05-23,9105
00882,中信中國高股息,25,0,25,群益金鼎-高盛,2023-05-23,9105
2065,世豐,24,0,24,群益金鼎-高盛,2023-05-23,9105
2610,華航,40,17,23,群益金鼎-高盛,2023-05-23,9105
00923,群益台ESG低碳50,38,16,22,群益金鼎-高盛,2023-05-23,9105
3673,TPK-KY,22,1,21,群益金鼎-高盛,2023-05-23,9105
00878,國泰永續高股息,25,5,20,群益金鼎-高盛,2023-05-23,9105
2867,三商壽,20,0,20,群益金鼎-高盛,2023-05-23,9105
2903,遠百,20,0,20,群益金鼎-高盛,2023-05-23,9105
6248,沛波,20,0,20,群益金鼎-高盛,2023-05-23,9105
8358,金居,32,12,20,群益金鼎-高盛,2023-05-23,9105
1905,華紙,45,26,19,群益金鼎-高盛,2023-05-23,9105
2618,長榮航,54,35,19,群益金鼎-高盛,2023-05-23,9105
6288,聯嘉,31,12,19,群益金鼎-高盛,2023-05-23,9105
1513,中興電,43,28,15,群益金鼎-高盛,2023-05-23,9105
6806,森崴能源,14,0,14,群益金鼎-高盛,2023-05-23,9105
1528,恩德,18,5,13,群益金鼎-高盛,2023-05-23,9105
00688L,國泰20年美債正2,12,0,12,群益金鼎-高盛,2023-05-23,9105
3481,群創,14,2,12,群益金鼎-高盛,2023-05-23,9105
4541,晟田,31,20,11,群益金鼎-高盛,2023-05-23,9105
5371,中光電,13,2,11,群益金鼎-高盛,2023-05-23,9105
2603,長榮,11,0,11,群益金鼎-高盛,2023-05-23,9105
2344,華邦電,40,30,10,群益金鼎-高盛,2023-05-23,9105
3094,聯傑,10,0,10,群益金鼎-高盛,2023-05-23,9105
4581,光隆精密-KY,10,0,10,群益金鼎-高盛,2023-05-23,9105
4939,亞電,10,0,10,群益金鼎-高盛,2023-05-23,9105
6535,順藥,11,1,10,群益金鼎-高盛,2023-05-23,9105
00632R,元大台灣50反1,12,3,9,群益金鼎-高盛,2023-05-23,9105
3308,聯德,11,2,9,群益金鼎-高盛,2023-05-23,9105
2412,中華電,8,0,8,群益金鼎-高盛,2023-05-23,9105
2637,慧洋-KY,8,0,8,群益金鼎-高盛,2023-05-23,9105
3016,嘉晶,8,0,8,群益金鼎-高盛,2023-05-23,9105
3706,神達,11,3,8,群益金鼎-高盛,2023-05-23,9105
00725B,國泰投資級公司債,7,0,7,群益金鼎-高盛,2023-05-23,9105
1810,和成,10,3,7,群益金鼎-高盛,2023-05-23,9105
2409,友達,7,0,7,群益金鼎-高盛,2023-05-23,9105
3005,神基,9,2,7,群益金鼎-高盛,2023-05-23,9105
3704,合勤控,7,0,7,群益金鼎-高盛,2023-05-23,9105
2313,華通,14,8,6,群益金鼎-高盛,2023-05-23,9105
2634,漢翔,23,17,6,群益金鼎-高盛,2023-05-23,9105
3038,全台,6,0,6,群益金鼎-高盛,2023-05-23,9105
9942,茂順,6,0,6,群益金鼎-高盛,2023-05-23,9105
2368,金像電,24,19,5,群益金鼎-高盛,2023-05-23,9105
2014,中鴻,5,0,5,群益金鼎-高盛,2023-05-23,9105
2474,可成,5,0,5,群益金鼎-高盛,2023-05-23,9105
2605,新興,5,0,5,群益金鼎-高盛,2023-05-23,9105
3583,辛耘,6,1,5,群益金鼎-高盛,2023-05-23,9105
00882,中信中國高股息,59,0,59,群益金鼎-高盛,2023-05-24,9105
00679B,元大美債20年,52,0,52,群益金鼎-高盛,2023-05-24,9105
00712,復華富時不動產,41,0,41,群益金鼎-高盛,2023-05-24,9105
1101,台泥,31,0,31,群益金鼎-高盛,2023-05-24,9105
00637L,元大滬深300正2,31,1,30,群益金鼎-高盛,2023-05-24,9105
2065,世豐,25,0,25,群益金鼎-高盛,2023-05-24,9105
00753L,中信中國50正2,25,1,24,群益金鼎-高盛,2023-05-24,9105
00633L,富邦上証正2,24,0,24,群益金鼎-高盛,2023-05-24,9105
1609,大亞,22,2,20,群益金鼎-高盛,2023-05-24,9105
2634,漢翔,42,25,17,群益金鼎-高盛,2023-05-24,9105
00922,國泰台灣領袖50,15,0,15,群益金鼎-高盛,2023-05-24,9105
4744,皇將,25,11,14,群益金鼎-高盛,2023-05-24,9105
8046,南電,14,0,14,群益金鼎-高盛,2023-05-24,9105
2834,臺企銀,13,0,13,群益金鼎-高盛,2023-05-24,9105
8099,大世科,22,9,13,群益金鼎-高盛,2023-05-24,9105
3178,公準,18,7,11,群益金鼎-高盛,2023-05-24,9105
00772B,中信高評級公司債,10,0,10,群益金鼎-高盛,2023-05-24,9105
2412,中華電,10,0,10,群益金鼎-高盛,2023-05-24,9105
2427,三商電,10,0,10,群益金鼎-高盛,2023-05-24,9105
3312,弘憶股,10,0,10,群益金鼎-高盛,2023-05-24,9105
6244,茂迪,10,0,10,群益金鼎-高盛,2023-05-24,9105
6462,神盾,10,0,10,群益金鼎-高盛,2023-05-24,9105
1727,中華化,12,2,10,群益金鼎-高盛,2023-05-24,9105
8940,新天地,10,1,9,群益金鼎-高盛,2023-05-24,9105
1810,和成,19,10,9,群益金鼎-高盛,2023-05-24,9105
2705,六福,11,2,9,群益金鼎-高盛,2023-05-24,9105
3094,聯傑,10,1,9,群益金鼎-高盛,2023-05-24,9105
5706,鳳凰,10,1,9,群益金鼎-高盛,2023-05-24,9105
3711,日月光投控,8,0,8,群益金鼎-高盛,2023-05-24,9105
5009,榮剛,15,8,7,群益金鼎-高盛,2023-05-24,9105
3661,世芯-KY,7,0,7,群益金鼎-高盛,2023-05-24,9105
3078,僑威,15,8,7,群益金鼎-高盛,2023-05-24,9105
4706,大恭,7,0,7,群益金鼎-高盛,2023-05-24,9105
1513,中興電,8,2,6,群益金鼎-高盛,2023-05-24,9105
1809,中釉,7,1,6,群益金鼎-高盛,2023-05-24,9105
3014,聯陽,8,2,6,群益金鼎-高盛,2023-05-24,9105
6209,今國光,6,0,6,群益金鼎-高盛,2023-05-24,9105
6266,泰詠,9,3,6,群益金鼎-高盛,2023-05-24,9105
8016,矽創,6,0,6,群益金鼎-高盛,2023-05-24,9105
5512,力麒,14,9,5,群益金鼎-高盛,2023-05-24,9105
8096,擎亞,5,0,5,群益金鼎-高盛,2023-05-24,9105
00751B,元大AAA至A公司債,5,0,5,群益金鼎-高盛,2023-05-24,9105
2637,慧洋-KY,5,0,5,群益金鼎-高盛,2023-05-24,9105
3205,佰研,9,4,5,群益金鼎-高盛,2023-05-24,9105
6190,萬泰科,11,6,5,群益金鼎-高盛,2023-05-24,9105
6285,啟��,5,0,5,群益金鼎-高盛,2023-05-24,9105
3596,智易,6,1,5,群益金鼎-高盛,2023-05-24,9105
6469,大樹,4,0,4,群益金鼎-高盛,2023-05-24,9105
00687B,國泰20年美債,4,0,4,群益金鼎-高盛,2023-05-24,9105
00673R,期元大S＆P原油反1,5,1,4,群益金鼎-高盛,2023-05-24,9105
2845,遠東銀,300,0,300,群益金鼎-高盛,2023-05-25,9105
2332,友訊,112,2,110,群益金鼎-高盛,2023-05-25,9105
2897,王道銀行,100,0,100,群益金鼎-高盛,2023-05-25,9105
2618,長榮航,163,65,98,群益金鼎-高盛,2023-05-25,9105
2888,新光金,100,4,96,群益金鼎-高盛,2023-05-25,9105
00712,復華富時不動產,75,0,75,群益金鼎-高盛,2023-05-25,9105
00882,中信中國高股息,62,0,62,群益金鼎-高盛,2023-05-25,9105
00632R,元大台灣50反1,52,4,48,群益金鼎-高盛,2023-05-25,9105
6234,高僑,42,0,42,群益金鼎-高盛,2023-05-25,9105
00637L,元大滬深300正2,58,16,42,群益金鼎-高盛,2023-05-25,9105
3356,奇偶,42,1,41,群益金鼎-高盛,2023-05-25,9105
2065,世豐,40,0,40,群益金鼎-高盛,2023-05-25,9105
00633L,富邦上証正2,37,0,37,群益金鼎-高盛,2023-05-25,9105
2402,毅嘉,35,0,35,群益金鼎-高盛,2023-05-25,9105
2702,華園,40,10,30,群益金鼎-高盛,2023-05-25,9105
6164,華興,33,3,30,群益金鼎-高盛,2023-05-25,9105
00664R,國泰臺灣加權反1,29,1,28,群益金鼎-高盛,2023-05-25,9105
2882,國泰金,27,0,27,群益金鼎-高盛,2023-05-25,9105
1101,台泥,33,9,24,群益金鼎-高盛,2023-05-25,9105
2867,三商壽,30,7,23,群益金鼎-高盛,2023-05-25,9105
5301,寶得利,20,0,20,群益金鼎-高盛,2023-05-25,9105
2371,大同,49,30,19,群益金鼎-高盛,2023-05-25,9105
2002,中鋼,21,3,18,群益金鼎-高盛,2023-05-25,9105
00878,國泰永續高股息,20,5,15,群益金鼎-高盛,2023-05-25,9105
1603,華電,15,0,15,群益金鼎-高盛,2023-05-25,9105
2911,麗嬰房,13,0,13,群益金鼎-高盛,2023-05-25,9105
00665L,富邦�琤肭磪囓�2,12,0,12,群益金鼎-高盛,2023-05-25,9105
3481,群創,12,0,12,群益金鼎-高盛,2023-05-25,9105
2890,永豐金,11,0,11,群益金鼎-高盛,2023-05-25,9105
3704,合勤控,12,1,11,群益金鼎-高盛,2023-05-25,9105
6190,萬泰科,15,4,11,群益金鼎-高盛,2023-05-25,9105
2609,陽明,12,1,11,群益金鼎-高盛,2023-05-25,9105
3041,揚智,10,0,10,群益金鼎-高盛,2023-05-25,9105
00642U,期元大S＆P石油,10,0,10,群益金鼎-高盛,2023-05-25,9105
2331,精英,18,8,10,群益金鼎-高盛,2023-05-25,9105
3686,達能,10,0,10,群益金鼎-高盛,2023-05-25,9105
4939,亞電,10,0,10,群益金鼎-高盛,2023-05-25,9105
6248,沛波,10,0,10,群益金鼎-高盛,2023-05-25,9105
2603,長榮,13,3,10,群益金鼎-高盛,2023-05-25,9105
8926,台汽電,10,1,9,群益金鼎-高盛,2023-05-25,9105
2485,兆赫,8,0,8,群益金鼎-高盛,2023-05-25,9105
00679B,元大美債20年,8,0,8,群益金鼎-高盛,2023-05-25,9105
6282,康舒,9,1,8,群益金鼎-高盛,2023-05-25,9105
3413,京鼎,7,0,7,群益金鼎-高盛,2023-05-25,9105
00687B,國泰20年美債,7,0,7,群益金鼎-高盛,2023-05-25,9105
1514,亞力,7,0,7,群益金鼎-高盛,2023-05-25,9105
5864,致和證,7,0,7,群益金鼎-高盛,2023-05-25,9105
6266,泰詠,7,0,7,群益金鼎-高盛,2023-05-25,9105
1605,華新,7,1,6,群益金鼎-高盛,2023-05-25,9105
2908,特力,6,0,6,群益金鼎-高盛,2023-05-25,9105
2845,遠東銀,135,0,135,群益金鼎-高盛,2023-05-26,9105
2888,新光金,103,4,99,群益金鼎-高盛,2023-05-26,9105
2702,華園,69,3,66,群益金鼎-高盛,2023-05-26,9105
2323,中環,116,58,58,群益金鼎-高盛,2023-05-26,9105
5483,中美晶,51,0,51,群益金鼎-高盛,2023-05-26,9105
00888,永豐台灣ESG,60,10,50,群益金鼎-高盛,2023-05-26,9105
00712,復華富時不動產,49,0,49,群益金鼎-高盛,2023-05-26,9105
3356,奇偶,46,0,46,群益金鼎-高盛,2023-05-26,9105
1712,興農,40,0,40,群益金鼎-高盛,2023-05-26,9105
5310,天剛,40,0,40,群益金鼎-高盛,2023-05-26,9105
2412,中華電,40,5,35,群益金鼎-高盛,2023-05-26,9105
6214,精誠,31,0,31,群益金鼎-高盛,2023-05-26,9105
2630,亞航,35,5,30,群益金鼎-高盛,2023-05-26,9105
2409,友達,29,2,27,群益金鼎-高盛,2023-05-26,9105
1609,大亞,27,1,26,群益金鼎-高盛,2023-05-26,9105
2485,兆赫,26,0,26,群益金鼎-高盛,2023-05-26,9105
00633L,富邦上証正2,26,2,24,群益金鼎-高盛,2023-05-26,9105
3078,僑威,34,10,24,群益金鼎-高盛,2023-05-26,9105
00665L,富邦�琤肭磪囓�2,21,0,21,群益金鼎-高盛,2023-05-26,9105
00687B,國泰20年美債,20,0,20,群益金鼎-高盛,2023-05-26,9105
2065,世豐,20,0,20,群益金鼎-高盛,2023-05-26,9105
3481,群創,22,2,20,群益金鼎-高盛,2023-05-26,9105
8403,盛弘,20,0,20,群益金鼎-高盛,2023-05-26,9105
3673,TPK-KY,17,0,17,群益金鼎-高盛,2023-05-26,9105
3231,緯創,129,112,17,群益金鼎-高盛,2023-05-26,9105
2349,錸德,17,1,16,群益金鼎-高盛,2023-05-26,9105
00924,復華S＆P500成長,15,0,15,群益金鼎-高盛,2023-05-26,9105
3205,佰研,15,1,14,群益金鼎-高盛,2023-05-26,9105
00715L,期街口布蘭特正2,13,0,13,群益金鼎-高盛,2023-05-26,9105
1514,亞力,18,5,13,群益金鼎-高盛,2023-05-26,9105
2211,長榮鋼,13,0,13,群益金鼎-高盛,2023-05-26,9105
2634,漢翔,46,33,13,群益金鼎-高盛,2023-05-26,9105
00720B,元大投資級公司債,12,0,12,群益金鼎-高盛,2023-05-26,9105
1711,永光,12,0,12,群益金鼎-高盛,2023-05-26,9105
4543,萬在,15,4,11,群益金鼎-高盛,2023-05-26,9105
9942,茂順,11,0,11,群益金鼎-高盛,2023-05-26,9105
2605,新興,12,2,10,群益金鼎-高盛,2023-05-26,9105
1304,台聚,10,0,10,群益金鼎-高盛,2023-05-26,9105
00881,國泰台灣5G+,10,0,10,群益金鼎-高盛,2023-05-26,9105
1735,日勝化,10,0,10,群益金鼎-高盛,2023-05-26,9105
2601,益航,10,0,10,群益金鼎-高盛,2023-05-26,9105
6026,福邦證,10,0,10,群益金鼎-高盛,2023-05-26,9105
6477,安集,10,0,10,群益金鼎-高盛,2023-05-26,9105
2356,英業達,12,2,10,群益金鼎-高盛,2023-05-26,9105
6470,宇智,9,0,9,群益金鼎-高盛,2023-05-26,9105
8099,大世科,9,1,8,群益金鼎-高盛,2023-05-26,9105
4564,元翎,16,8,8,群益金鼎-高盛,2023-05-26,9105
00882,中信中國高股息,8,0,8,群益金鼎-高盛,2023-05-26,9105
2352,佳世達,12,4,8,群益金鼎-高盛,2023-05-26,9105
00679B,元大美債20年,10,3,7,群益金鼎-高盛,2023-05-26,9105
3711,日月光投控,137,0,137,群益金鼎-高盛,2023-05-29,9105
3481,群創,75,7,68,群益金鼎-高盛,2023-05-29,9105
00637L,元大滬深300正2,622,561,61,群益金鼎-高盛,2023-05-29,9105
1608,華榮,49,6,43,群益金鼎-高盛,2023-05-29,9105
5351,鈺創,36,2,34,群益金鼎-高盛,2023-05-29,9105
2412,中華電,33,1,32,群益金鼎-高盛,2023-05-29,9105
00631L,元大台灣50正2,27,0,27,群益金鼎-高盛,2023-05-29,9105
2002,中鋼,23,1,22,群益金鼎-高盛,2023-05-29,9105
2444,兆勁,20,0,20,群益金鼎-高盛,2023-05-29,9105
2369,菱生,20,0,20,群益金鼎-高盛,2023-05-29,9105
2374,佳能,20,0,20,群益金鼎-高盛,2023-05-29,9105
2705,六福,20,1,19,群益金鼎-高盛,2023-05-29,9105
00712,復華富時不動產,17,0,17,群益金鼎-高盛,2023-05-29,9105
00655L,國泰中國A50正2,25,10,15,群益金鼎-高盛,2023-05-29,9105
00633L,富邦上証正2,13,0,13,群益金鼎-高盛,2023-05-29,9105
2368,金像電,15,3,12,群益金鼎-高盛,2023-05-29,9105
8996,高力,18,6,12,群益金鼎-高盛,2023-05-29,9105
2065,世豐,11,0,11,群益金鼎-高盛,2023-05-29,9105
00665L,富邦�琤肭磪囓�2,81,70,11,群益金鼎-高盛,2023-05-29,9105
00795B,中信美國公債20年,11,0,11,群益金鼎-高盛,2023-05-29,9105
00720B,元大投資級公司債,10,0,10,群益金鼎-高盛,2023-05-29,9105
4939,亞電,10,0,10,群益金鼎-高盛,2023-05-29,9105
00648R,元大S＆P500反1,10,0,10,群益金鼎-高盛,2023-05-29,9105
2491,吉祥全,10,0,10,群益金鼎-高盛,2023-05-29,9105
2888,新光金,13,3,10,群益金鼎-高盛,2023-05-29,9105
6558,興能高,10,0,10,群益金鼎-高盛,2023-05-29,9105
8043,蜜望實,13,3,10,群益金鼎-高盛,2023-05-29,9105
1519,華城,40,31,9,群益金鼎-高盛,2023-05-29,9105
00679B,元大美債20年,10,1,9,群益金鼎-高盛,2023-05-29,9105
1605,華新,16,7,9,群益金鼎-高盛,2023-05-29,9105
6190,萬泰科,12,4,8,群益金鼎-高盛,2023-05-29,9105
3202,樺晟,8,0,8,群益金鼎-高盛,2023-05-29,9105
3265,台星科,25,17,8,群益金鼎-高盛,2023-05-29,9105
6290,良維,8,0,8,群益金鼎-高盛,2023-05-29,9105
9942,茂順,8,0,8,群益金鼎-高盛,2023-05-29,9105
2382,廣達,8,0,8,群益金鼎-高盛,2023-05-29,9105
3236,千如,7,0,7,群益金鼎-高盛,2023-05-29,9105
6116,彩晶,13,6,7,群益金鼎-高盛,2023-05-29,9105
1810,和成,6,0,6,群益金鼎-高盛,2023-05-29,9105
3094,聯傑,10,4,6,群益金鼎-高盛,2023-05-29,9105
4744,皇將,6,0,6,群益金鼎-高盛,2023-05-29,9105
4770,上品,7,1,6,群益金鼎-高盛,2023-05-29,9105
5289,宜鼎,10,5,5,群益金鼎-高盛,2023-05-29,9105
1101,台泥,6,1,5,群益金鼎-高盛,2023-05-29,9105
5603,陸海,5,0,5,群益金鼎-高盛,2023-05-29,9105
1218,泰山,5,0,5,群益金鼎-高盛,2023-05-29,9105
00753L,中信中國50正2,5,0,5,群益金鼎-高盛,2023-05-29,9105
2425,承啟,8,3,5,群益金鼎-高盛,2023-05-29,9105
2801,彰銀,20,15,5,群益金鼎-高盛,2023-05-29,9105
3558,神準,7,2,5,群益金鼎-高盛,2023-05-29,9105
6214,精誠,77,0,77,群益金鼎-高盛,2023-05-30,9105
2610,華航,86,38,48,群益金鼎-高盛,2023-05-30,9105
3363,上詮,53,9,44,群益金鼎-高盛,2023-05-30,9105
8105,凌巨,41,0,41,群益金鼎-高盛,2023-05-30,9105
00664R,國泰臺灣加權反1,105,65,40,群益金鼎-高盛,2023-05-30,9105
2399,映泰,42,10,32,群益金鼎-高盛,2023-05-30,9105
6271,同欣電,31,0,31,群益金鼎-高盛,2023-05-30,9105
6285,啟��,34,3,31,群益金鼎-高盛,2023-05-30,9105
2065,世豐,32,3,29,群益金鼎-高盛,2023-05-30,9105
2352,佳世達,30,3,27,群益金鼎-高盛,2023-05-30,9105
00878,國泰永續高股息,29,5,24,群益金鼎-高盛,2023-05-30,9105
3481,群創,54,30,24,群益金鼎-高盛,2023-05-30,9105
00632R,元大台灣50反1,31,9,22,群益金鼎-高盛,2023-05-30,9105
6443,元晶,22,2,20,群益金鼎-高盛,2023-05-30,9105
3576,聯合再生,20,0,20,群益金鼎-高盛,2023-05-30,9105
00715L,期街口布蘭特正2,20,0,20,群益金鼎-高盛,2023-05-30,9105
2504,國產,20,0,20,群益金鼎-高盛,2023-05-30,9105
2402,毅嘉,17,0,17,群益金鼎-高盛,2023-05-30,9105
00712,復華富時不動產,17,0,17,群益金鼎-高盛,2023-05-30,9105
1608,華榮,17,0,17,群益金鼎-高盛,2023-05-30,9105
4927,泰鼎-KY,21,6,15,群益金鼎-高盛,2023-05-30,9105
6167,久正,15,0,15,群益金鼎-高盛,2023-05-30,9105
5009,榮剛,14,0,14,群益金鼎-高盛,2023-05-30,9105
00633L,富邦上証正2,14,0,14,群益金鼎-高盛,2023-05-30,9105
0056,元大高股息,16,2,14,群益金鼎-高盛,2023-05-30,9105
2702,華園,13,0,13,群益金鼎-高盛,2023-05-30,9105
8059,凱碩,23,10,13,群益金鼎-高盛,2023-05-30,9105
00882,中信中國高股息,12,0,12,群益金鼎-高盛,2023-05-30,9105
3078,僑威,27,15,12,群益金鼎-高盛,2023-05-30,9105
00680L,元大美債20正2,12,0,12,群益金鼎-高盛,2023-05-30,9105
9907,統一實,13,1,12,群益金鼎-高盛,2023-05-30,9105
2324,仁寶,11,0,11,群益金鼎-高盛,2023-05-30,9105
2356,英業達,43,32,11,群益金鼎-高盛,2023-05-30,9105
2834,臺企銀,13,2,11,群益金鼎-高盛,2023-05-30,9105
3231,緯創,64,54,10,群益金鼎-高盛,2023-05-30,9105
00753L,中信中國50正2,10,0,10,群益金鼎-高盛,2023-05-30,9105
1217,愛之味,10,0,10,群益金鼎-高盛,2023-05-30,9105
2313,華通,11,1,10,群益金鼎-高盛,2023-05-30,9105
4533,協易機,10,0,10,群益金鼎-高盛,2023-05-30,9105
3704,合勤控,15,6,9,群益金鼎-高盛,2023-05-30,9105
3518,柏騰,12,3,9,群益金鼎-高盛,2023-05-30,9105
2385,群光,10,2,8,群益金鼎-高盛,2023-05-30,9105
1809,中釉,8,0,8,群益金鼎-高盛,2023-05-30,9105
3708,上緯投控,8,0,8,群益金鼎-高盛,2023-05-30,9105
5498,凱崴,8,0,8,群益金鼎-高盛,2023-05-30,9105
6235,華孚,33,25,8,群益金鼎-高盛,2023-05-30,9105
3540,曜越,8,1,7,群益金鼎-高盛,2023-05-30,9105
4130,健亞,7,0,7,群益金鼎-高盛,2023-05-30,9105
5465,富驊,9,2,7,群益金鼎-高盛,2023-05-30,9105
8011,台通,22,16,6,群益金鼎-高盛,2023-05-30,9105
2892,第一金,200,0,200,群益金鼎-高盛,2023-05-31,9105
1587,吉茂,50,0,50,群益金鼎-高盛,2023-05-31,9105
2537,聯上發,50,0,50,群益金鼎-高盛,2023-05-31,9105
2356,英業達,39,5,34,群益金鼎-高盛,2023-05-31,9105
00715L,期街口布蘭特正2,31,0,31,群益金鼎-高盛,2023-05-31,9105
2457,飛宏,64,33,31,群益金鼎-高盛,2023-05-31,9105
1471,首利,30,1,29,群益金鼎-高盛,2023-05-31,9105
2739,寒舍,29,0,29,群益金鼎-高盛,2023-05-31,9105
0056,元大高股息,28,1,27,群益金鼎-高盛,2023-05-31,9105
2344,華邦電,28,2,26,群益金鼎-高盛,2023-05-31,9105
3363,上詮,28,3,25,群益金鼎-高盛,2023-05-31,9105
3032,偉訓,27,4,23,群益金鼎-高盛,2023-05-31,9105
00882,中信中國高股息,26,5,21,群益金鼎-高盛,2023-05-31,9105
2887,台新金,22,1,21,群益金鼎-高盛,2023-05-31,9105
3372,典範,22,2,20,群益金鼎-高盛,2023-05-31,9105
5483,中美晶,20,0,20,群益金鼎-高盛,2023-05-31,9105
00642U,期元大S＆P石油,17,0,17,群益金鼎-高盛,2023-05-31,9105
3231,緯創,35,19,16,群益金鼎-高盛,2023-05-31,9105
00655L,國泰中國A50正2,15,0,15,群益金鼎-高盛,2023-05-31,9105
00633L,富邦上証正2,12,0,12,群益金鼎-高盛,2023-05-31,9105
8011,台通,16,4,12,群益金鼎-高盛,2023-05-31,9105
1609,大亞,11,0,11,群益金鼎-高盛,2023-05-31,9105
3094,聯傑,11,0,11,群益金鼎-高盛,2023-05-31,9105
00753L,中信中國50正2,65,55,10,群益金鼎-高盛,2023-05-31,9105
00720B,元大投資級公司債,10,0,10,群益金鼎-高盛,2023-05-31,9105
00679B,元大美債20年,13,3,10,群益金鼎-高盛,2023-05-31,9105
00650L,復華香港正2,60,50,10,群益金鼎-高盛,2023-05-31,9105
2108,南帝,10,0,10,群益金鼎-高盛,2023-05-31,9105
2801,彰銀,10,0,10,群益金鼎-高盛,2023-05-31,9105
3686,達能,10,0,10,群益金鼎-高盛,2023-05-31,9105
4939,亞電,10,0,10,群益金鼎-高盛,2023-05-31,9105
5443,均豪,10,0,10,群益金鼎-高盛,2023-05-31,9105
9941,裕融,8,0,8,群益金鼎-高盛,2023-05-31,9105
2603,長榮,10,2,8,群益金鼎-高盛,2023-05-31,9105
2349,錸德,41,34,7,群益金鼎-高盛,2023-05-31,9105
2606,裕民,10,3,7,群益金鼎-高盛,2023-05-31,9105
5289,宜鼎,12,5,7,群益金鼎-高盛,2023-05-31,9105
6139,亞翔,7,0,7,群益金鼎-高盛,2023-05-31,9105
2388,威盛,16,10,6,群益金鼎-高盛,2023-05-31,9105
2630,亞航,13,7,6,群益金鼎-高盛,2023-05-31,9105
2886,兆豐金,6,0,6,群益金鼎-高盛,2023-05-31,9105
3376,新日興,6,0,6,群益金鼎-高盛,2023-05-31,9105
3622,洋華,6,0,6,群益金鼎-高盛,2023-05-31,9105
2867,三商壽,5,0,5,群益金鼎-高盛,2023-05-31,9105
5603,陸海,5,0,5,群益金鼎-高盛,2023-05-31,9105
2609,陽明,6,1,5,群益金鼎-高盛,2023-05-31,9105
00919,群益台灣精選高息,5,0,5,群益金鼎-高盛,2023-05-31,9105
2065,世豐,5,0,5,群益金鼎-高盛,2023-05-31,9105
2312,金寶,5,0,5,群益金鼎-高盛,2023-05-31,9105
2845,遠東銀,5,0,5,群益金鼎-高盛,2023-05-31,9105
8105,凌巨,102,2,100,群益金鼎-高盛,2023-06-01,9105
1905,華紙,117,18,99,群益金鼎-高盛,2023-06-01,9105
00715L,期街口布蘭特正2,51,0,51,群益金鼎-高盛,2023-06-01,9105
3013,晟銘電,101,62,39,群益金鼎-高盛,2023-06-01,9105
6770,力積電,38,0,38,群益金鼎-高盛,2023-06-01,9105
9942,茂順,51,14,37,群益金鼎-高盛,2023-06-01,9105
00882,中信中國高股息,34,0,34,群益金鼎-高盛,2023-06-01,9105
3706,神達,55,23,32,群益金鼎-高盛,2023-06-01,9105
00650L,復華香港正2,135,105,30,群益金鼎-高盛,2023-06-01,9105
00642U,期元大S＆P石油,25,0,25,群益金鼎-高盛,2023-06-01,9105
2412,中華電,25,0,25,群益金鼎-高盛,2023-06-01,9105
2892,第一金,23,0,23,群益金鼎-高盛,2023-06-01,9105
2453,凌群,22,0,22,群益金鼎-高盛,2023-06-01,9105
00753L,中信中國50正2,20,0,20,群益金鼎-高盛,2023-06-01,9105
2543,皇昌,20,0,20,群益金鼎-高盛,2023-06-01,9105
1445,大宇,20,1,19,群益金鼎-高盛,2023-06-01,9105
2634,漢翔,40,21,19,群益金鼎-高盛,2023-06-01,9105
00632R,元大台灣50反1,22,5,17,群益金鼎-高盛,2023-06-01,9105
2630,亞航,43,26,17,群益金鼎-高盛,2023-06-01,9105
2888,新光金,22,5,17,群益金鼎-高盛,2023-06-01,9105
1310,台苯,16,0,16,群益金鼎-高盛,2023-06-01,9105
1809,中釉,16,0,16,群益金鼎-高盛,2023-06-01,9105
2382,廣達,16,0,16,群益金鼎-高盛,2023-06-01,9105
2706,第一店,26,11,15,群益金鼎-高盛,2023-06-01,9105
2882,國泰金,17,2,15,群益金鼎-高盛,2023-06-01,9105
5483,中美晶,15,0,15,群益金鼎-高盛,2023-06-01,9105
2065,世豐,14,0,14,群益金鼎-高盛,2023-06-01,9105
3363,上詮,41,28,13,群益金鼎-高盛,2023-06-01,9105
8021,尖點,13,0,13,群益金鼎-高盛,2023-06-01,9105
1101,台泥,13,0,13,群益金鼎-高盛,2023-06-01,9105
1907,永豐餘,18,6,12,群益金鼎-高盛,2023-06-01,9105
2331,精英,21,9,12,群益金鼎-高盛,2023-06-01,9105
6188,廣明,24,13,11,群益金鼎-高盛,2023-06-01,9105
2515,中工,89,78,11,群益金鼎-高盛,2023-06-01,9105
2913,農林,13,2,11,群益金鼎-高盛,2023-06-01,9105
2303,聯電,21,11,10,群益金鼎-高盛,2023-06-01,9105
3260,威剛,14,4,10,群益金鼎-高盛,2023-06-01,9105
00664R,國泰臺灣加權反1,10,0,10,群益金鼎-高盛,2023-06-01,9105
00637L,元大滬深300正2,12,2,10,群益金鼎-高盛,2023-06-01,9105
1587,吉茂,10,0,10,群益金鼎-高盛,2023-06-01,9105
2356,英業達,13,3,10,群益金鼎-高盛,2023-06-01,9105
2851,中再保,10,0,10,群益金鼎-高盛,2023-06-01,9105
2867,三商壽,10,0,10,群益金鼎-高盛,2023-06-01,9105
3016,嘉晶,10,0,10,群益金鼎-高盛,2023-06-01,9105
4168,醣聯,10,0,10,群益金鼎-高盛,2023-06-01,9105
5381,合正,10,0,10,群益金鼎-高盛,2023-06-01,9105
6257,矽格,10,0,10,群益金鼎-高盛,2023-06-01,9105
1734,杏輝,15,5,10,群益金鼎-高盛,2023-06-01,9105
2402,毅嘉,10,2,8,群益金鼎-高盛,2023-06-01,9105
2460,建通,8,0,8,群益金鼎-高盛,2023-06-01,9105
00919,群益台灣精選高息,144,9,135,群益金鼎-高盛,2023-06-02,9105
1905,華紙,145,41,104,群益金鼎-高盛,2023-06-02,9105
00671R,富邦NASDAQ反1,90,0,90,群益金鼎-高盛,2023-06-02,9105
2618,長榮航,127,39,88,群益金鼎-高盛,2023-06-02,9105
00665L,富邦�琤肭磪囓�2,31,0,31,群益金鼎-高盛,2023-06-02,9105
00632R,元大台灣50反1,244,215,29,群益金鼎-高盛,2023-06-02,9105
2603,長榮,25,0,25,群益金鼎-高盛,2023-06-02,9105
2065,世豐,24,0,24,群益金鼎-高盛,2023-06-02,9105
1513,中興電,38,15,23,群益金鼎-高盛,2023-06-02,9105
00852L,國泰美國道瓊正2,20,0,20,群益金鼎-高盛,2023-06-02,9105
3419,譁裕,20,0,20,群益金鼎-高盛,2023-06-02,9105
4532,瑞智,20,0,20,群益金鼎-高盛,2023-06-02,9105
8201,無敵,39,19,20,群益金鼎-高盛,2023-06-02,9105
00679B,元大美債20年,20,3,17,群益金鼎-高盛,2023-06-02,9105
2105,正新,18,3,15,群益金鼎-高盛,2023-06-02,9105
6169,昱泉,15,0,15,群益金鼎-高盛,2023-06-02,9105
2630,亞航,22,8,14,群益金鼎-高盛,2023-06-02,9105
6122,擎邦,13,0,13,群益金鼎-高盛,2023-06-02,9105
8011,台通,12,0,12,群益金鼎-高盛,2023-06-02,9105
6218,豪勉,17,6,11,群益金鼎-高盛,2023-06-02,9105
8440,綠電,15,4,11,群益金鼎-高盛,2023-06-02,9105
2702,華園,10,0,10,群益金鼎-高盛,2023-06-02,9105
3306,鼎天,13,3,10,群益金鼎-高盛,2023-06-02,9105
3508,位速,10,0,10,群益金鼎-高盛,2023-06-02,9105
4142,國光生,10,0,10,群益金鼎-高盛,2023-06-02,9105
4939,亞電,10,0,10,群益金鼎-高盛,2023-06-02,9105
5347,世界,11,1,10,群益金鼎-高盛,2023-06-02,9105
6026,福邦證,10,0,10,群益金鼎-高盛,2023-06-02,9105
6191,精成科,10,0,10,群益金鼎-高盛,2023-06-02,9105
8099,大世科,10,0,10,群益金鼎-高盛,2023-06-02,9105
1319,東陽,10,1,9,群益金鼎-高盛,2023-06-02,9105
2834,臺企銀,9,0,9,群益金鼎-高盛,2023-06-02,9105
2913,農林,10,1,9,群益金鼎-高盛,2023-06-02,9105
8383,千附,10,1,9,群益金鼎-高盛,2023-06-02,9105
2323,中環,64,56,8,群益金鼎-高盛,2023-06-02,9105
1584,精剛,12,5,7,群益金鼎-高盛,2023-06-02,9105
00882,中信中國高股息,7,0,7,群益金鼎-高盛,2023-06-02,9105
1618,合機,7,0,7,群益金鼎-高盛,2023-06-02,9105
1734,杏輝,7,0,7,群益金鼎-高盛,2023-06-02,9105
2610,華航,29,22,7,群益金鼎-高盛,2023-06-02,9105
2801,彰銀,7,0,7,群益金鼎-高盛,2023-06-02,9105
2425,承啟,14,8,6,群益金鼎-高盛,2023-06-02,9105
2444,兆勁,6,0,6,群益金鼎-高盛,2023-06-02,9105
3005,神基,7,1,6,群益金鼎-高盛,2023-06-02,9105
3046,建��,8,2,6,群益金鼎-高盛,2023-06-02,9105
5328,華容,11,5,6,群益金鼎-高盛,2023-06-02,9105
6112,邁達特,23,17,6,群益金鼎-高盛,2023-06-02,9105
6558,興能高,6,0,6,群益金鼎-高盛,2023-06-02,9105
4961,天鈺,5,0,5,群益金鼎-高盛,2023-06-02,9105
00712,復華富時不動產,5,0,5,群益金鼎-高盛,2023-06-02,9105
2618,長榮航,106,34,72,群益金鼎-高盛,2023-06-05,9105
6026,福邦證,60,0,60,群益金鼎-高盛,2023-06-05,9105
00712,復華富時不動產,53,0,53,群益金鼎-高盛,2023-06-05,9105
00679B,元大美債20年,46,2,44,群益金鼎-高盛,2023-06-05,9105
2065,世豐,37,0,37,群益金鼎-高盛,2023-06-05,9105
2610,華航,56,20,36,群益金鼎-高盛,2023-06-05,9105
00675L,富邦臺灣加權正2,35,0,35,群益金鼎-高盛,2023-06-05,9105
6198,瑞築,30,0,30,群益金鼎-高盛,2023-06-05,9105
2349,錸德,55,28,27,群益金鼎-高盛,2023-06-05,9105
00632R,元大台灣50反1,45,20,25,群益金鼎-高盛,2023-06-05,9105
2485,兆赫,21,0,21,群益金鼎-高盛,2023-06-05,9105
5488,松普,20,0,20,群益金鼎-高盛,2023-06-05,9105
00637L,元大滬深300正2,29,10,19,群益金鼎-高盛,2023-06-05,9105
00669R,國泰美國道瓊反1,19,0,19,群益金鼎-高盛,2023-06-05,9105
2483,百容,18,0,18,群益金鼎-高盛,2023-06-05,9105
2603,長榮,24,7,17,群益金鼎-高盛,2023-06-05,9105
00882,中信中國高股息,16,0,16,群益金鼎-高盛,2023-06-05,9105
1795,美時,20,4,16,群益金鼎-高盛,2023-06-05,9105
3363,上詮,30,14,16,群益金鼎-高盛,2023-06-05,9105
2324,仁寶,17,1,16,群益金鼎-高盛,2023-06-05,9105
3322,建舜電,15,0,15,群益金鼎-高盛,2023-06-05,9105
2812,台中銀,15,2,13,群益金鼎-高盛,2023-06-05,9105
6282,康舒,88,75,13,群益金鼎-高盛,2023-06-05,9105
00878,國泰永續高股息,18,5,13,群益金鼎-高盛,2023-06-05,9105
2515,中工,31,19,12,群益金鼎-高盛,2023-06-05,9105
2353,宏��,18,6,12,群益金鼎-高盛,2023-06-05,9105
00795B,中信美國公債20年,11,0,11,群益金鼎-高盛,2023-06-05,9105
00673R,期元大S＆P原油反1,11,0,11,群益金鼎-高盛,2023-06-05,9105
00648R,元大S＆P500反1,10,0,10,群益金鼎-高盛,2023-06-05,9105
00852L,國泰美國道瓊正2,10,0,10,群益金鼎-高盛,2023-06-05,9105
1219,福壽,10,0,10,群益金鼎-高盛,2023-06-05,9105
2369,菱生,10,0,10,群益金鼎-高盛,2023-06-05,9105
2542,興富發,10,0,10,群益金鼎-高盛,2023-06-05,9105
2801,彰銀,10,0,10,群益金鼎-高盛,2023-06-05,9105
2855,統一證,10,0,10,群益金鼎-高盛,2023-06-05,9105
4108,懷特,10,0,10,群益金鼎-高盛,2023-06-05,9105
4746,台耀,10,0,10,群益金鼎-高盛,2023-06-05,9105
8011,台通,10,0,10,群益金鼎-高盛,2023-06-05,9105
6185,幃翔,11,1,10,群益金鼎-高盛,2023-06-05,9105
1229,聯華,10,1,9,群益金鼎-高盛,2023-06-05,9105
00919,群益台灣精選高息,9,0,9,群益金鼎-高盛,2023-06-05,9105
1905,華紙,18,9,9,群益金鼎-高盛,2023-06-05,9105
2303,聯電,10,1,9,群益金鼎-高盛,2023-06-05,9105
2426,鼎元,10,1,9,群益金鼎-高盛,2023-06-05,9105
5220,萬達光電,9,0,9,群益金鼎-高盛,2023-06-05,9105
6209,今國光,9,0,9,群益金鼎-高盛,2023-06-05,9105
6288,聯嘉,11,3,8,群益金鼎-高盛,2023-06-05,9105
6112,邁達特,15,7,8,群益金鼎-高盛,2023-06-05,9105
00915,凱基優選高股息30,8,0,8,群益金鼎-高盛,2023-06-05,9105
1810,和成,21,13,8,群益金鼎-高盛,2023-06-05,9105
2027,大成鋼,63,2,61,群益金鼎-高盛,2023-06-06,9105
4526,東台,40,0,40,群益金鼎-高盛,2023-06-06,9105
00919,群益台灣精選高息,36,0,36,群益金鼎-高盛,2023-06-06,9105
5386,青雲,37,2,35,群益金鼎-高盛,2023-06-06,9105
00679B,元大美債20年,41,8,33,群益金鼎-高盛,2023-06-06,9105
2888,新光金,37,7,30,群益金鼎-高盛,2023-06-06,9105
6116,彩晶,36,12,24,群益金鼎-高盛,2023-06-06,9105
6194,育富,23,0,23,群益金鼎-高盛,2023-06-06,9105
2489,瑞軒,21,0,21,群益金鼎-高盛,2023-06-06,9105
1104,環泥,21,0,21,群益金鼎-高盛,2023-06-06,9105
1432,大魯閣,20,0,20,群益金鼎-高盛,2023-06-06,9105
8358,金居,27,7,20,群益金鼎-高盛,2023-06-06,9105
00632R,元大台灣50反1,19,0,19,群益金鼎-高盛,2023-06-06,9105
00712,復華富時不動產,18,0,18,群益金鼎-高盛,2023-06-06,9105
1905,華紙,23,7,16,群益金鼎-高盛,2023-06-06,9105
1528,恩德,20,4,16,群益金鼎-高盛,2023-06-06,9105
3481,群創,50,34,16,群益金鼎-高盛,2023-06-06,9105
00878,國泰永續高股息,29,16,13,群益金鼎-高盛,2023-06-06,9105
3550,聯穎,12,0,12,群益金鼎-高盛,2023-06-06,9105
3577,泓格,15,3,12,群益金鼎-高盛,2023-06-06,9105
5465,富驊,31,19,12,群益金鼎-高盛,2023-06-06,9105
2206,三陽工業,33,21,12,群益金鼎-高盛,2023-06-06,9105
2065,世豐,11,0,11,群益金鼎-高盛,2023-06-06,9105
4121,優盛,14,3,11,群益金鼎-高盛,2023-06-06,9105
6167,久正,13,2,11,群益金鼎-高盛,2023-06-06,9105
00673R,期元大S＆P原油反1,10,0,10,群益金鼎-高盛,2023-06-06,9105
00895,富邦未來車,10,0,10,群益金鼎-高盛,2023-06-06,9105
1907,永豐餘,15,5,10,群益金鼎-高盛,2023-06-06,9105
2412,中華電,10,0,10,群益金鼎-高盛,2023-06-06,9105
3031,佰鴻,10,0,10,群益金鼎-高盛,2023-06-06,9105
3105,穩懋,11,1,10,群益金鼎-高盛,2023-06-06,9105
4746,台耀,10,0,10,群益金鼎-高盛,2023-06-06,9105
5381,合正,10,0,10,群益金鼎-高盛,2023-06-06,9105
6122,擎邦,10,0,10,群益金鼎-高盛,2023-06-06,9105
6233,旺玖,10,0,10,群益金鼎-高盛,2023-06-06,9105
6244,茂迪,10,0,10,群益金鼎-高盛,2023-06-06,9105
2388,威盛,44,35,9,群益金鼎-高盛,2023-06-06,9105
2014,中鴻,9,0,9,群益金鼎-高盛,2023-06-06,9105
2461,光群雷,19,10,9,群益金鼎-高盛,2023-06-06,9105
2634,漢翔,19,10,9,群益金鼎-高盛,2023-06-06,9105
6806,森崴能源,10,1,9,群益金鼎-高盛,2023-06-06,9105
2303,聯電,8,0,8,群益金鼎-高盛,2023-06-06,9105
2481,強茂,8,0,8,群益金鼎-高盛,2023-06-06,9105
3169,亞信,8,0,8,群益金鼎-高盛,2023-06-06,9105
3346,麗清,12,4,8,群益金鼎-高盛,2023-06-06,9105
4130,健亞,8,0,8,群益金鼎-高盛,2023-06-06,9105
5531,鄉林,19,11,8,群益金鼎-高盛,2023-06-06,9105
6605,帝寶,8,0,8,群益金鼎-高盛,2023-06-06,9105
4931,新盛力,13,6,7,群益金鼎-高盛,2023-06-06,9105
9917,中保科,7,0,7,群益金鼎-高盛,2023-06-06,9105
8105,凌巨,491,1,490,群益金鼎-高盛,2023-06-07,9105
2618,長榮航,101,18,83,群益金鼎-高盛,2023-06-07,9105
3664,安瑞-KY,53,0,53,群益金鼎-高盛,2023-06-07,9105
2401,凌陽,57,5,52,群益金鼎-高盛,2023-06-07,9105
00632R,元大台灣50反1,271,226,45,群益金鼎-高盛,2023-06-07,9105
2303,聯電,63,19,44,群益金鼎-高盛,2023-06-07,9105
00927,群益半導體收益,44,8,36,群益金鼎-高盛,2023-06-07,9105
2402,毅嘉,37,2,35,群益金鼎-高盛,2023-06-07,9105
5324,士開,30,0,30,群益金鼎-高盛,2023-06-07,9105
2313,華通,25,0,25,群益金鼎-高盛,2023-06-07,9105
00642U,期元大S＆P石油,25,0,25,群益金鼎-高盛,2023-06-07,9105
00919,群益台灣精選高息,23,0,23,群益金鼎-高盛,2023-06-07,9105
00923,群益台ESG低碳50,20,0,20,群益金鼎-高盛,2023-06-07,9105
6112,邁達特,21,1,20,群益金鼎-高盛,2023-06-07,9105
6152,百一,20,0,20,群益金鼎-高盛,2023-06-07,9105
8076,伍豐,21,5,16,群益金鼎-高盛,2023-06-07,9105
00664R,國泰臺灣加權反1,23,8,15,群益金鼎-高盛,2023-06-07,9105
2706,第一店,12,0,12,群益金鼎-高盛,2023-06-07,9105
00637L,元大滬深300正2,22,10,12,群益金鼎-高盛,2023-06-07,9105
00633L,富邦上証正2,13,2,11,群益金鼎-高盛,2023-06-07,9105
3673,TPK-KY,17,6,11,群益金鼎-高盛,2023-06-07,9105
6190,萬泰科,11,0,11,群益金鼎-高盛,2023-06-07,9105
6275,元山,12,1,11,群益金鼎-高盛,2023-06-07,9105
8940,新天地,11,1,10,群益金鼎-高盛,2023-06-07,9105
00885,富邦越南,10,0,10,群益金鼎-高盛,2023-06-07,9105
00882,中信中國高股息,10,0,10,群益金鼎-高盛,2023-06-07,9105
00751B,元大AAA至A公司債,10,0,10,群益金鼎-高盛,2023-06-07,9105
3325,旭品,10,0,10,群益金鼎-高盛,2023-06-07,9105
5328,華容,10,0,10,群益金鼎-高盛,2023-06-07,9105
5701,劍湖山,10,0,10,群益金鼎-高盛,2023-06-07,9105
1504,東元,34,25,9,群益金鼎-高盛,2023-06-07,9105
1905,華紙,14,5,9,群益金鼎-高盛,2023-06-07,9105
2399,映泰,15,6,9,群益金鼎-高盛,2023-06-07,9105
6270,倍微,12,3,9,群益金鼎-高盛,2023-06-07,9105
1464,得力,8,0,8,群益金鼎-高盛,2023-06-07,9105
1514,亞力,25,17,8,群益金鼎-高盛,2023-06-07,9105
6282,康舒,19,11,8,群益金鼎-高盛,2023-06-07,9105
6570,維田,8,0,8,群益金鼎-高盛,2023-06-07,9105
3037,欣興,11,4,7,群益金鼎-高盛,2023-06-07,9105
2443,昶虹,7,0,7,群益金鼎-高盛,2023-06-07,9105
2913,農林,7,0,7,群益金鼎-高盛,2023-06-07,9105
00857B,永豐20年美公債,6,0,6,群益金鼎-高盛,2023-06-07,9105
6218,豪勉,39,33,6,群益金鼎-高盛,2023-06-07,9105
00764B,群益25年美債,6,0,6,群益金鼎-高盛,2023-06-07,9105
1463,強盛新,6,0,6,群益金鼎-高盛,2023-06-07,9105
2049,上銀,6,0,6,群益金鼎-高盛,2023-06-07,9105
2453,凌群,11,5,6,群益金鼎-高盛,2023-06-07,9105
2705,六福,7,1,6,群益金鼎-高盛,2023-06-07,9105
4121,優盛,11,5,6,群益金鼎-高盛,2023-06-07,9105
5227,立凱-KY,6,0,6,群益金鼎-高盛,2023-06-07,9105
8105,凌巨,200,7,193,群益金鼎-高盛,2023-06-08,9105
2891,中信金,100,2,98,群益金鼎-高盛,2023-06-08,9105
9942,茂順,77,0,77,群益金鼎-高盛,2023-06-08,9105
00679B,元大美債20年,67,3,64,群益金鼎-高盛,2023-06-08,9105
00712,復華富時不動產,34,0,34,群益金鼎-高盛,2023-06-08,9105
1605,華新,48,18,30,群益金鼎-高盛,2023-06-08,9105
00919,群益台灣精選高息,29,0,29,群益金鼎-高盛,2023-06-08,9105
6248,沛波,25,0,25,群益金鼎-高盛,2023-06-08,9105
2457,飛宏,34,10,24,群益金鼎-高盛,2023-06-08,9105
2402,毅嘉,27,3,24,群益金鼎-高盛,2023-06-08,9105
6188,廣明,28,5,23,群益金鼎-高盛,2023-06-08,9105
5864,致和證,23,0,23,群益金鼎-高盛,2023-06-08,9105
1609,大亞,115,95,20,群益金鼎-高盛,2023-06-08,9105
00878,國泰永續高股息,19,0,19,群益金鼎-高盛,2023-06-08,9105
2382,廣達,33,15,18,群益金鼎-高盛,2023-06-08,9105
6789,采鈺,19,1,18,群益金鼎-高盛,2023-06-08,9105
2323,中環,25,8,17,群益金鼎-高盛,2023-06-08,9105
5512,力麒,24,7,17,群益金鼎-高盛,2023-06-08,9105
6015,宏遠證,18,2,16,群益金鼎-高盛,2023-06-08,9105
6116,彩晶,15,0,15,群益金鼎-高盛,2023-06-08,9105
2388,威盛,25,10,15,群益金鼎-高盛,2023-06-08,9105
3031,佰鴻,14,0,14,群益金鼎-高盛,2023-06-08,9105
5701,劍湖山,14,0,14,群益金鼎-高盛,2023-06-08,9105
5905,南仁湖,15,1,14,群益金鼎-高盛,2023-06-08,9105
2888,新光金,17,3,14,群益金鼎-高盛,2023-06-08,9105
3037,欣興,26,12,14,群益金鼎-高盛,2023-06-08,9105
2413,環科,13,0,13,群益金鼎-高盛,2023-06-08,9105
2882,國泰金,13,1,12,群益金鼎-高盛,2023-06-08,9105
3528,安馳,12,0,12,群益金鼎-高盛,2023-06-08,9105
1795,美時,13,2,11,群益金鼎-高盛,2023-06-08,9105
4533,協易機,12,2,10,群益金鼎-高盛,2023-06-08,9105
00673R,期元大S＆P原油反1,10,0,10,群益金鼎-高盛,2023-06-08,9105
2630,亞航,10,0,10,群益金鼎-高盛,2023-06-08,9105
3714,富采,10,0,10,群益金鼎-高盛,2023-06-08,9105
6191,精成科,11,1,10,群益金鼎-高盛,2023-06-08,9105
6243,迅杰,12,2,10,群益金鼎-高盛,2023-06-08,9105
8155,博智,9,0,9,群益金鼎-高盛,2023-06-08,9105
00687B,國泰20年美債,9,0,9,群益金鼎-高盛,2023-06-08,9105
3661,世芯-KY,9,0,9,群益金鼎-高盛,2023-06-08,9105
00669R,國泰美國道瓊反1,9,0,9,群益金鼎-高盛,2023-06-08,9105
2344,華邦電,21,12,9,群益金鼎-高盛,2023-06-08,9105
6285,啟��,14,6,8,群益金鼎-高盛,2023-06-08,9105
00633L,富邦上証正2,11,3,8,群益金鼎-高盛,2023-06-08,9105
1444,力麗,8,0,8,群益金鼎-高盛,2023-06-08,9105
1524,耿鼎,25,17,8,群益金鼎-高盛,2023-06-08,9105
1608,華榮,10,2,8,群益金鼎-高盛,2023-06-08,9105
1612,宏泰,21,13,8,群益金鼎-高盛,2023-06-08,9105
3189,景碩,15,8,7,群益金鼎-高盛,2023-06-08,9105
1710,東聯,7,0,7,群益金鼎-高盛,2023-06-08,9105
2338,光罩,13,6,7,群益金鼎-高盛,2023-06-08,9105
8105,凌巨,621,2,619,群益金鼎-高盛,2023-06-09,9105
2610,華航,233,16,217,群益金鼎-高盛,2023-06-09,9105
1815,富喬,215,17,198,群益金鼎-高盛,2023-06-09,9105
00632R,元大台灣50反1,52,2,50,群益金鼎-高盛,2023-06-09,9105
2882,國泰金,48,0,48,群益金鼎-高盛,2023-06-09,9105
00715L,期街口布蘭特正2,44,0,44,群益金鼎-高盛,2023-06-09,9105
00929,復華台灣科技優息,37,0,37,群益金鼎-高盛,2023-06-09,9105
00882,中信中國高股息,35,5,30,群益金鼎-高盛,2023-06-09,9105
2634,漢翔,59,30,29,群益金鼎-高盛,2023-06-09,9105
2630,亞航,33,5,28,群益金鼎-高盛,2023-06-09,9105
00712,復華富時不動產,32,4,28,群益金鼎-高盛,2023-06-09,9105
1608,華榮,30,4,26,群益金鼎-高盛,2023-06-09,9105
1802,台玻,26,0,26,群益金鼎-高盛,2023-06-09,9105
00642U,期元大S＆P石油,21,0,21,群益金鼎-高盛,2023-06-09,9105
1905,華紙,22,3,19,群益金鼎-高盛,2023-06-09,9105
6188,廣明,31,12,19,群益金鼎-高盛,2023-06-09,9105
8234,新漢,14,0,14,群益金鼎-高盛,2023-06-09,9105
2482,連宇,47,34,13,群益金鼎-高盛,2023-06-09,9105
1504,東元,26,14,12,群益金鼎-高盛,2023-06-09,9105
00927,群益半導體收益,12,0,12,群益金鼎-高盛,2023-06-09,9105
2425,承啟,20,8,12,群益金鼎-高盛,2023-06-09,9105
3673,TPK-KY,13,1,12,群益金鼎-高盛,2023-06-09,9105
2498,宏達電,11,0,11,群益金鼎-高盛,2023-06-09,9105
5469,瀚宇博,13,2,11,群益金鼎-高盛,2023-06-09,9105
6233,旺玖,11,0,11,群益金鼎-高盛,2023-06-09,9105
6603,富強鑫,10,0,10,群益金鼎-高盛,2023-06-09,9105
1219,福壽,10,0,10,群益金鼎-高盛,2023-06-09,9105
2031,新光鋼,10,0,10,群益金鼎-高盛,2023-06-09,9105
2812,台中銀,10,0,10,群益金鼎-高盛,2023-06-09,9105
3481,群創,12,2,10,群益金鼎-高盛,2023-06-09,9105
4123,晟德,10,0,10,群益金鼎-高盛,2023-06-09,9105
4939,亞電,10,0,10,群益金鼎-高盛,2023-06-09,9105
5864,致和證,10,0,10,群益金鼎-高盛,2023-06-09,9105
6026,福邦證,10,0,10,群益金鼎-高盛,2023-06-09,9105
6191,精成科,10,1,9,群益金鼎-高盛,2023-06-09,9105
2371,大同,11,2,9,群益金鼎-高盛,2023-06-09,9105
2731,雄獅,27,18,9,群益金鼎-高盛,2023-06-09,9105
2352,佳世達,11,3,8,群益金鼎-高盛,2023-06-09,9105
2702,華園,17,9,8,群益金鼎-高盛,2023-06-09,9105
2323,中環,14,6,8,群益金鼎-高盛,2023-06-09,9105
3013,晟銘電,16,9,7,群益金鼎-高盛,2023-06-09,9105
1612,宏泰,9,2,7,群益金鼎-高盛,2023-06-09,9105
3038,全台,7,0,7,群益金鼎-高盛,2023-06-09,9105
6194,育富,7,0,7,群益金鼎-高盛,2023-06-09,9105
8358,金居,16,9,7,群益金鼎-高盛,2023-06-09,9105
2888,新光金,19,12,7,群益金鼎-高盛,2023-06-09,9105
2706,第一店,13,7,6,群益金鼎-高盛,2023-06-09,9105
1432,大魯閣,6,0,6,群益金鼎-高盛,2023-06-09,9105
00675L,富邦臺灣加權正2,6,0,6,群益金鼎-高盛,2023-06-09,9105
00687B,國泰20年美債,9,3,6,群益金鼎-高盛,2023-06-09,9105
00664R,國泰臺灣加權反1,233,0,233,群益金鼎-高盛,2023-06-12,9105
8105,凌巨,172,0,172,群益金鼎-高盛,2023-06-12,9105
00632R,元大台灣50反1,136,6,130,群益金鼎-高盛,2023-06-12,9105
9942,茂順,109,1,108,群益金鼎-高盛,2023-06-12,9105
2883,凱基金,103,0,103,群益金鼎-高盛,2023-06-12,9105
2537,聯上發,100,0,100,群益金鼎-高盛,2023-06-12,9105
6244,茂迪,81,0,81,群益金鼎-高盛,2023-06-12,9105
2312,金寶,72,2,70,群益金鼎-高盛,2023-06-12,9105
1104,環泥,70,1,69,群益金鼎-高盛,2023-06-12,9105
2882,國泰金,63,3,60,群益金鼎-高盛,2023-06-12,9105
2618,長榮航,65,11,54,群益金鼎-高盛,2023-06-12,9105
2356,英業達,50,3,47,群益金鼎-高盛,2023-06-12,9105
00648R,元大S＆P500反1,45,0,45,群益金鼎-高盛,2023-06-12,9105
8027,鈦昇,41,0,41,群益金鼎-高盛,2023-06-12,9105
00715L,期街口布蘭特正2,62,25,37,群益金鼎-高盛,2023-06-12,9105
00712,復華富時不動產,33,0,33,群益金鼎-高盛,2023-06-12,9105
4533,協易機,35,2,33,群益金鼎-高盛,2023-06-12,9105
00642U,期元大S＆P石油,34,2,32,群益金鼎-高盛,2023-06-12,9105
6139,亞翔,37,6,31,群益金鼎-高盛,2023-06-12,9105
3231,緯創,45,15,30,群益金鼎-高盛,2023-06-12,9105
6770,力積電,30,0,30,群益金鼎-高盛,2023-06-12,9105
2891,中信金,29,0,29,群益金鼎-高盛,2023-06-12,9105
2303,聯電,30,2,28,群益金鼎-高盛,2023-06-12,9105
5328,華容,26,0,26,群益金鼎-高盛,2023-06-12,9105
1609,大亞,30,5,25,群益金鼎-高盛,2023-06-12,9105
8234,新漢,32,7,25,群益金鼎-高盛,2023-06-12,9105
4938,和碩,24,0,24,群益金鼎-高盛,2023-06-12,9105
6248,沛波,24,0,24,群益金鼎-高盛,2023-06-12,9105
2731,雄獅,33,10,23,群益金鼎-高盛,2023-06-12,9105
2337,旺宏,22,0,22,群益金鼎-高盛,2023-06-12,9105
6821,聯寶,21,2,19,群益金鼎-高盛,2023-06-12,9105
3576,聯合再生,19,0,19,群益金鼎-高盛,2023-06-12,9105
00679B,元大美債20年,18,0,18,群益金鼎-高盛,2023-06-12,9105
1905,華紙,19,1,18,群益金鼎-高盛,2023-06-12,9105
1605,華新,26,11,15,群益金鼎-高盛,2023-06-12,9105
1540,喬福,15,0,15,群益金鼎-高盛,2023-06-12,9105
6443,元晶,14,0,14,群益金鼎-高盛,2023-06-12,9105
1762,中化生,23,9,14,群益金鼎-高盛,2023-06-12,9105
3346,麗清,38,24,14,群益金鼎-高盛,2023-06-12,9105
3059,華晶科,13,0,13,群益金鼎-高盛,2023-06-12,9105
3325,旭品,14,2,12,群益金鼎-高盛,2023-06-12,9105
4113,聯上,12,0,12,群益金鼎-高盛,2023-06-12,9105
5009,榮剛,16,4,12,群益金鼎-高盛,2023-06-12,9105
2634,漢翔,18,7,11,群益金鼎-高盛,2023-06-12,9105
2328,廣宇,16,5,11,群益金鼎-高盛,2023-06-12,9105
2504,國產,11,0,11,群益金鼎-高盛,2023-06-12,9105
5439,高技,14,3,11,群益金鼎-高盛,2023-06-12,9105
6188,廣明,20,9,11,群益金鼎-高盛,2023-06-12,9105
8155,博智,11,0,11,群益金鼎-高盛,2023-06-12,9105
1727,中華化,10,0,10,群益金鼎-高盛,2023-06-12,9105
00632R,元大台灣50反1,436,16,420,群益金鼎-高盛,2023-06-13,9105
2882,國泰金,138,1,137,群益金鼎-高盛,2023-06-13,9105
00664R,國泰臺灣加權反1,144,24,120,群益金鼎-高盛,2023-06-13,9105
00715L,期街口布蘭特正2,97,0,97,群益金鼎-高盛,2023-06-13,9105
00637L,元大滬深300正2,192,124,68,群益金鼎-高盛,2023-06-13,9105
2897,王道銀行,50,0,50,群益金鼎-高盛,2023-06-13,9105
00642U,期元大S＆P石油,38,0,38,群益金鼎-高盛,2023-06-13,9105
2888,新光金,53,27,26,群益金鼎-高盛,2023-06-13,9105
1609,大亞,39,17,22,群益金鼎-高盛,2023-06-13,9105
1815,富喬,20,0,20,群益金鼎-高盛,2023-06-13,9105
00648R,元大S＆P500反1,20,0,20,群益金鼎-高盛,2023-06-13,9105
00712,復華富時不動產,20,0,20,群益金鼎-高盛,2023-06-13,9105
00919,群益台灣精選高息,18,0,18,群益金鼎-高盛,2023-06-13,9105
1905,華紙,21,5,16,群益金鼎-高盛,2023-06-13,9105
2633,台灣高鐵,26,10,16,群益金鼎-高盛,2023-06-13,9105
2515,中工,15,0,15,群益金鼎-高盛,2023-06-13,9105
1524,耿鼎,16,2,14,群益金鼎-高盛,2023-06-13,9105
00669R,國泰美國道瓊反1,13,0,13,群益金鼎-高盛,2023-06-13,9105
2312,金寶,13,0,13,群益金鼎-高盛,2023-06-13,9105
2427,三商電,12,0,12,群益金鼎-高盛,2023-06-13,9105
2543,皇昌,12,0,12,群益金鼎-高盛,2023-06-13,9105
3498,陽程,18,6,12,群益金鼎-高盛,2023-06-13,9105
3576,聯合再生,11,0,11,群益金鼎-高盛,2023-06-13,9105
2399,映泰,11,0,11,群益金鼎-高盛,2023-06-13,9105
3615,安可,11,0,11,群益金鼎-高盛,2023-06-13,9105
3708,上緯投控,11,0,11,群益金鼎-高盛,2023-06-13,9105
8088,品安,13,2,11,群益金鼎-高盛,2023-06-13,9105
1471,首利,10,0,10,群益金鼎-高盛,2023-06-13,9105
1762,中化生,13,3,10,群益金鼎-高盛,2023-06-13,9105
2023,燁輝,10,0,10,群益金鼎-高盛,2023-06-13,9105
8215,明基材,10,0,10,群益金鼎-高盛,2023-06-13,9105
9950,萬國通,10,0,10,群益金鼎-高盛,2023-06-13,9105
2402,毅嘉,12,2,10,群益金鼎-高盛,2023-06-13,9105
8050,廣積,18,8,10,群益金鼎-高盛,2023-06-13,9105
6218,豪勉,9,0,9,群益金鼎-高盛,2023-06-13,9105
1513,中興電,13,5,8,群益金鼎-高盛,2023-06-13,9105
2371,大同,9,1,8,群益金鼎-高盛,2023-06-13,9105
6196,帆宣,13,5,8,群益金鼎-高盛,2023-06-13,9105
8234,新漢,10,2,8,群益金鼎-高盛,2023-06-13,9105
6016,康和證,8,0,8,群益金鼎-高盛,2023-06-13,9105
3231,緯創,54,46,8,群益金鼎-高盛,2023-06-13,9105
2002,中鋼,10,2,8,群益金鼎-高盛,2023-06-13,9105
3163,波若威,6,0,6,群益金鼎-高盛,2023-06-13,9105
00753L,中信中國50正2,6,0,6,群益金鼎-高盛,2023-06-13,9105
5309,系統電,6,0,6,群益金鼎-高盛,2023-06-13,9105
5351,鈺創,6,0,6,群益金鼎-高盛,2023-06-13,9105
6282,康舒,10,4,6,群益金鼎-高盛,2023-06-13,9105
8478,東哥遊艇,6,1,5,群益金鼎-高盛,2023-06-13,9105
2031,新光鋼,5,0,5,群益金鼎-高盛,2023-06-13,9105
2388,威盛,8,3,5,群益金鼎-高盛,2023-06-13,9105
2356,英業達,176,94,82,群益金鼎-高盛,2023-06-14,9105
2888,新光金,70,1,69,群益金鼎-高盛,2023-06-14,9105
00664R,國泰臺灣加權反1,78,9,69,群益金鼎-高盛,2023-06-14,9105
3419,譁裕,51,0,51,群益金鼎-高盛,2023-06-14,9105
00712,復華富時不動產,49,1,48,群益金鼎-高盛,2023-06-14,9105
2891,中信金,47,0,47,群益金鼎-高盛,2023-06-14,9105
2402,毅嘉,44,1,43,群益金鼎-高盛,2023-06-14,9105
00648R,元大S＆P500反1,38,0,38,群益金鼎-高盛,2023-06-14,9105
00919,群益台灣精選高息,33,0,33,群益金鼎-高盛,2023-06-14,9105
5328,華容,27,0,27,群益金鼎-高盛,2023-06-14,9105
2312,金寶,30,10,20,群益金鼎-高盛,2023-06-14,9105
2444,兆勁,20,2,18,群益金鼎-高盛,2023-06-14,9105
00637L,元大滬深300正2,108,93,15,群益金鼎-高盛,2023-06-14,9105
1444,力麗,15,0,15,群益金鼎-高盛,2023-06-14,9105
2705,六福,21,7,14,群益金鼎-高盛,2023-06-14,9105
9942,茂順,14,0,14,群益金鼎-高盛,2023-06-14,9105
2349,錸德,13,0,13,群益金鼎-高盛,2023-06-14,9105
2537,聯上發,13,0,13,群益金鼎-高盛,2023-06-14,9105
4155,訊映,13,0,13,群益金鼎-高盛,2023-06-14,9105
3058,立德,13,0,13,群益金鼎-高盛,2023-06-14,9105
1609,大亞,19,7,12,群益金鼎-高盛,2023-06-14,9105
2492,華新科,12,0,12,群益金鼎-高盛,2023-06-14,9105
4906,正文,16,5,11,群益金鼎-高盛,2023-06-14,9105
2369,菱生,11,0,11,群益金鼎-高盛,2023-06-14,9105
00895,富邦未來車,11,0,11,群益金鼎-高盛,2023-06-14,9105
00632R,元大台灣50反1,20,9,11,群益金鼎-高盛,2023-06-14,9105
1907,永豐餘,12,1,11,群益金鼎-高盛,2023-06-14,9105
2633,台灣高鐵,11,0,11,群益金鼎-高盛,2023-06-14,9105
3708,上緯投控,11,0,11,群益金鼎-高盛,2023-06-14,9105
6139,亞翔,35,24,11,群益金鼎-高盛,2023-06-14,9105
6469,大樹,10,0,10,群益金鼎-高盛,2023-06-14,9105
3026,禾伸堂,10,0,10,群益金鼎-高盛,2023-06-14,9105
4532,瑞智,10,0,10,群益金鼎-高盛,2023-06-14,9105
4722,國精化,10,0,10,群益金鼎-高盛,2023-06-14,9105
5443,均豪,16,6,10,群益金鼎-高盛,2023-06-14,9105
6005,群益證,10,0,10,群益金鼎-高盛,2023-06-14,9105
6188,廣明,10,0,10,群益金鼎-高盛,2023-06-14,9105
6125,廣運,13,3,10,群益金鼎-高盛,2023-06-14,9105
2409,友達,12,2,10,群益金鼎-高盛,2023-06-14,9105
1806,冠軍,10,0,10,群益金鼎-高盛,2023-06-14,9105
00687B,國泰20年美債,10,1,9,群益金鼎-高盛,2023-06-14,9105
2484,希華,9,0,9,群益金鼎-高盛,2023-06-14,9105
3704,合勤控,11,2,9,群益金鼎-高盛,2023-06-14,9105
2301,光寶科,10,1,9,群益金鼎-高盛,2023-06-14,9105
2208,台船,9,1,8,群益金鼎-高盛,2023-06-14,9105
6016,康和證,13,5,8,群益金鼎-高盛,2023-06-14,9105
3163,波若威,8,0,8,群益金鼎-高盛,2023-06-14,9105
2399,映泰,13,6,7,群益金鼎-高盛,2023-06-14,9105
5351,鈺創,8,1,7,群益金鼎-高盛,2023-06-14,9105
5425,台半,9,2,7,群益金鼎-高盛,2023-06-14,9105
00919,群益台灣精選高息,178,13,165,群益金鼎-高盛,2023-06-15,9105
2332,友訊,112,3,109,群益金鼎-高盛,2023-06-15,9105
00664R,國泰臺灣加權反1,68,8,60,群益金鼎-高盛,2023-06-15,9105
00632R,元大台灣50反1,83,30,53,群益金鼎-高盛,2023-06-15,9105
2409,友達,50,0,50,群益金鼎-高盛,2023-06-15,9105
00712,復華富時不動產,46,0,46,群益金鼎-高盛,2023-06-15,9105
8050,廣積,45,4,41,群益金鼎-高盛,2023-06-15,9105
3481,群創,47,16,31,群益金鼎-高盛,2023-06-15,9105
8076,伍豐,37,13,24,群益金鼎-高盛,2023-06-15,9105
1101,台泥,24,0,24,群益金鼎-高盛,2023-06-15,9105
8027,鈦昇,20,0,20,群益金鼎-高盛,2023-06-15,9105
00642U,期元大S＆P石油,19,0,19,群益金鼎-高盛,2023-06-15,9105
8420,明揚,20,1,19,群益金鼎-高盛,2023-06-15,9105
2405,輔信,20,2,18,群益金鼎-高盛,2023-06-15,9105
00795B,中信美國公債20年,18,0,18,群益金鼎-高盛,2023-06-15,9105
3032,偉訓,20,3,17,群益金鼎-高盛,2023-06-15,9105
3033,威健,16,0,16,群益金鼎-高盛,2023-06-15,9105
5381,合正,15,0,15,群益金鼎-高盛,2023-06-15,9105
00715L,期街口布蘭特正2,14,0,14,群益金鼎-高盛,2023-06-15,9105
3615,安可,14,0,14,群益金鼎-高盛,2023-06-15,9105
8213,志超,12,0,12,群益金鼎-高盛,2023-06-15,9105
9942,茂順,12,0,12,群益金鼎-高盛,2023-06-15,9105
2834,臺企銀,11,0,11,群益金鼎-高盛,2023-06-15,9105
3059,華晶科,12,2,10,群益金鼎-高盛,2023-06-15,9105
3013,晟銘電,23,13,10,群益金鼎-高盛,2023-06-15,9105
2618,長榮航,327,317,10,群益金鼎-高盛,2023-06-15,9105
00928,中信上櫃ESG30,10,0,10,群益金鼎-高盛,2023-06-15,9105
00648R,元大S＆P500反1,10,0,10,群益金鼎-高盛,2023-06-15,9105
1531,高林股,10,0,10,群益金鼎-高盛,2023-06-15,9105
2498,宏達電,10,0,10,群益金鼎-高盛,2023-06-15,9105
3005,神基,11,1,10,群益金鼎-高盛,2023-06-15,9105
3029,零壹,11,1,10,群益金鼎-高盛,2023-06-15,9105
5211,蒙恬,10,0,10,群益金鼎-高盛,2023-06-15,9105
8054,安國,10,0,10,群益金鼎-高盛,2023-06-15,9105
2353,宏��,10,0,10,群益金鼎-高盛,2023-06-15,9105
2382,廣達,24,15,9,群益金鼎-高盛,2023-06-15,9105
2457,飛宏,9,0,9,群益金鼎-高盛,2023-06-15,9105
3443,創意,10,2,8,群益金鼎-高盛,2023-06-15,9105
00878,國泰永續高股息,22,15,7,群益金鼎-高盛,2023-06-15,9105
1449,佳和,7,0,7,群益金鼎-高盛,2023-06-15,9105
2324,仁寶,9,2,7,群益金鼎-高盛,2023-06-15,9105
2421,建準,16,9,7,群益金鼎-高盛,2023-06-15,9105
2887,台新金,7,0,7,群益金鼎-高盛,2023-06-15,9105
6182,合晶,12,5,7,群益金鼎-高盛,2023-06-15,9105
3293,鈊象,7,0,7,群益金鼎-高盛,2023-06-15,9105
2368,金像電,10,4,6,群益金鼎-高盛,2023-06-15,9105
2607,榮運,6,0,6,群益金鼎-高盛,2023-06-15,9105
3046,建��,11,5,6,群益金鼎-高盛,2023-06-15,9105
5328,華容,6,0,6,群益金鼎-高盛,2023-06-15,9105
9919,康那香,6,0,6,群益金鼎-高盛,2023-06-15,9105
00919,群益台灣精選高息,205,1,204,群益金鼎-高盛,2023-06-16,9105
1815,富喬,156,24,132,群益金鼎-高盛,2023-06-16,9105
2610,華航,345,226,119,群益金鼎-高盛,2023-06-16,9105
2888,新光金,114,0,114,群益金鼎-高盛,2023-06-16,9105
00669R,國泰美國道瓊反1,80,0,80,群益金鼎-高盛,2023-06-16,9105
1307,三芳,50,0,50,群益金鼎-高盛,2023-06-16,9105
1609,大亞,63,20,43,群益金鼎-高盛,2023-06-16,9105
5483,中美晶,40,2,38,群益金鼎-高盛,2023-06-16,9105
6248,沛波,41,5,36,群益金鼎-高盛,2023-06-16,9105
1734,杏輝,32,3,29,群益金鼎-高盛,2023-06-16,9105
00648R,元大S＆P500反1,25,0,25,群益金鼎-高盛,2023-06-16,9105
3673,TPK-KY,25,2,23,群益金鼎-高盛,2023-06-16,9105
5328,華容,24,1,23,群益金鼎-高盛,2023-06-16,9105
1464,得力,22,0,22,群益金鼎-高盛,2023-06-16,9105
9942,茂順,20,0,20,群益金鼎-高盛,2023-06-16,9105
2038,海光,20,1,19,群益金鼎-高盛,2023-06-16,9105
6116,彩晶,29,12,17,群益金鼎-高盛,2023-06-16,9105
8092,建暐,17,0,17,群益金鼎-高盛,2023-06-16,9105
3706,神達,46,29,17,群益金鼎-高盛,2023-06-16,9105
3481,群創,36,21,15,群益金鼎-高盛,2023-06-16,9105
1503,士電,18,3,15,群益金鼎-高盛,2023-06-16,9105
1603,華電,15,1,14,群益金鼎-高盛,2023-06-16,9105
9907,統一實,13,0,13,群益金鼎-高盛,2023-06-16,9105
2349,錸德,30,17,13,群益金鼎-高盛,2023-06-16,9105
2371,大同,82,69,13,群益金鼎-高盛,2023-06-16,9105
8076,伍豐,25,12,13,群益金鼎-高盛,2023-06-16,9105
2481,強茂,12,0,12,群益金鼎-高盛,2023-06-16,9105
1514,亞力,26,14,12,群益金鼎-高盛,2023-06-16,9105
1605,華新,69,57,12,群益金鼎-高盛,2023-06-16,9105
1529,樂事綠能,29,18,11,群益金鼎-高盛,2023-06-16,9105
2312,金寶,26,15,11,群益金鼎-高盛,2023-06-16,9105
2356,英業達,44,33,11,群益金鼎-高盛,2023-06-16,9105
00673R,期元大S＆P原油反1,10,0,10,群益金鼎-高盛,2023-06-16,9105
2023,燁輝,10,0,10,群益金鼎-高盛,2023-06-16,9105
2329,華泰,14,4,10,群益金鼎-高盛,2023-06-16,9105
2427,三商電,14,4,10,群益金鼎-高盛,2023-06-16,9105
2542,興富發,10,0,10,群益金鼎-高盛,2023-06-16,9105
3019,亞光,10,0,10,群益金鼎-高盛,2023-06-16,9105
3021,鴻名,10,0,10,群益金鼎-高盛,2023-06-16,9105
6121,新普,10,0,10,群益金鼎-高盛,2023-06-16,9105
6179,亞通,10,0,10,群益金鼎-高盛,2023-06-16,9105
1611,中電,16,6,10,群益金鼎-高盛,2023-06-16,9105
2301,光寶科,12,3,9,群益金鼎-高盛,2023-06-16,9105
1522,堤維西,22,13,9,群益金鼎-高盛,2023-06-16,9105
3325,旭品,10,1,9,群益金鼎-高盛,2023-06-16,9105
6188,廣明,10,1,9,群益金鼎-高盛,2023-06-16,9105
1809,中釉,10,2,8,群益金鼎-高盛,2023-06-16,9105
2731,雄獅,9,1,8,群益金鼎-高盛,2023-06-16,9105
6016,康和證,8,0,8,群益金鼎-高盛,2023-06-16,9105
1907,永豐餘,9,2,7,群益金鼎-高盛,2023-06-16,9105
00712,復華富時不動產,112,1,111,群益金鼎-高盛,2023-06-19,9105
1314,中石化,116,40,76,群益金鼎-高盛,2023-06-19,9105
3024,憶聲,67,0,67,群益金鼎-高盛,2023-06-19,9105
2610,華航,224,170,54,群益金鼎-高盛,2023-06-19,9105
8277,商丞,58,7,51,群益金鼎-高盛,2023-06-19,9105
1907,永豐餘,50,3,47,群益金鼎-高盛,2023-06-19,9105
3706,神達,36,5,31,群益金鼎-高盛,2023-06-19,9105
5426,振發,30,0,30,群益金鼎-高盛,2023-06-19,9105
00878,國泰永續高股息,48,20,28,群益金鼎-高盛,2023-06-19,9105
2382,廣達,36,9,27,群益金鼎-高盛,2023-06-19,9105
5258,虹堡,30,3,27,群益金鼎-高盛,2023-06-19,9105
00919,群益台灣精選高息,27,6,21,群益金鼎-高盛,2023-06-19,9105
2449,京元電子,19,0,19,群益金鼎-高盛,2023-06-19,9105
5328,華容,17,0,17,群益金鼎-高盛,2023-06-19,9105
8092,建暐,17,0,17,群益金鼎-高盛,2023-06-19,9105
3059,華晶科,16,0,16,群益金鼎-高盛,2023-06-19,9105
00893,國泰智能電動車,18,2,16,群益金鼎-高盛,2023-06-19,9105
2618,長榮航,73,58,15,群益金鼎-高盛,2023-06-19,9105
4406,新昕纖,15,0,15,群益金鼎-高盛,2023-06-19,9105
2883,凱基金,13,0,13,群益金鼎-高盛,2023-06-19,9105
2630,亞航,26,13,13,群益金鼎-高盛,2023-06-19,9105
2801,彰銀,14,1,13,群益金鼎-高盛,2023-06-19,9105
8110,華東,16,3,13,群益金鼎-高盛,2023-06-19,9105
2014,中鴻,15,3,12,群益金鼎-高盛,2023-06-19,9105
2443,昶虹,12,0,12,群益金鼎-高盛,2023-06-19,9105
2504,國產,12,0,12,群益金鼎-高盛,2023-06-19,9105
3021,鴻名,13,1,12,群益金鼎-高盛,2023-06-19,9105
5483,中美晶,12,0,12,群益金鼎-高盛,2023-06-19,9105
3494,誠研,11,0,11,群益金鼎-高盛,2023-06-19,9105
3231,緯創,75,65,10,群益金鼎-高盛,2023-06-19,9105
0056,元大高股息,10,0,10,群益金鼎-高盛,2023-06-19,9105
2705,六福,15,5,10,群益金鼎-高盛,2023-06-19,9105
2809,京城銀,10,0,10,群益金鼎-高盛,2023-06-19,9105
2905,三商,10,0,10,群益金鼎-高盛,2023-06-19,9105
4930,燦星網,10,0,10,群益金鼎-高盛,2023-06-19,9105
5701,劍湖山,10,0,10,群益金鼎-高盛,2023-06-19,9105
6558,興能高,10,0,10,群益金鼎-高盛,2023-06-19,9105
2324,仁寶,17,8,9,群益金鼎-高盛,2023-06-19,9105
2609,陽明,19,10,9,群益金鼎-高盛,2023-06-19,9105
1471,首利,18,9,9,群益金鼎-高盛,2023-06-19,9105
2344,華邦電,9,0,9,群益金鼎-高盛,2023-06-19,9105
6148,驊宏資,31,22,9,群益金鼎-高盛,2023-06-19,9105
3711,日月光投控,8,0,8,群益金鼎-高盛,2023-06-19,9105
6443,元晶,10,2,8,群益金鼎-高盛,2023-06-19,9105
2603,長榮,9,2,7,群益金鼎-高盛,2023-06-19,9105
6116,彩晶,53,46,7,群益金鼎-高盛,2023-06-19,9105
1528,恩德,20,13,7,群益金鼎-高盛,2023-06-19,9105
00637L,元大滬深300正2,152,146,6,群益金鼎-高盛,2023-06-19,9105
00679B,元大美債20年,6,0,6,群益金鼎-高盛,2023-06-19,9105
1815,富喬,13,7,6,群益金鼎-高盛,2023-06-19,9105
2610,華航,290,53,237,群益金鼎-高盛,2023-06-20,9105
00648R,元大S＆P500反1,85,0,85,群益金鼎-高盛,2023-06-20,9105
00637L,元大滬深300正2,95,27,68,群益金鼎-高盛,2023-06-20,9105
00712,復華富時不動產,66,10,56,群益金鼎-高盛,2023-06-20,9105
2323,中環,92,47,45,群益金鼎-高盛,2023-06-20,9105
6282,康舒,40,0,40,群益金鼎-高盛,2023-06-20,9105
1815,富喬,36,2,34,群益金鼎-高盛,2023-06-20,9105
2405,輔信,35,3,32,群益金鼎-高盛,2023-06-20,9105
1605,華新,33,1,32,群益金鼎-高盛,2023-06-20,9105
8928,鉅明,31,0,31,群益金鼎-高盛,2023-06-20,9105
5328,華容,26,0,26,群益金鼎-高盛,2023-06-20,9105
8277,商丞,30,5,25,群益金鼎-高盛,2023-06-20,9105
00641R,富邦日本反1,20,0,20,群益金鼎-高盛,2023-06-20,9105
2453,凌群,25,8,17,群益金鼎-高盛,2023-06-20,9105
6874,倍力,17,0,17,群益金鼎-高盛,2023-06-20,9105
2027,大成鋼,17,1,16,群益金鼎-高盛,2023-06-20,9105
2449,京元電子,15,1,14,群益金鼎-高盛,2023-06-20,9105
9942,茂順,14,0,14,群益金鼎-高盛,2023-06-20,9105
1528,恩德,140,127,13,群益金鼎-高盛,2023-06-20,9105
2312,金寶,20,7,13,群益金鼎-高盛,2023-06-20,9105
2801,彰銀,12,0,12,群益金鼎-高盛,2023-06-20,9105
3071,協禧,17,5,12,群益金鼎-高盛,2023-06-20,9105
2409,友達,27,15,12,群益金鼎-高盛,2023-06-20,9105
00927,群益半導體收益,22,11,11,群益金鼎-高盛,2023-06-20,9105
2337,旺宏,14,3,11,群益金鼎-高盛,2023-06-20,9105
2382,廣達,18,8,10,群益金鼎-高盛,2023-06-20,9105
1314,中石化,10,0,10,群益金鼎-高盛,2023-06-20,9105
2349,錸德,10,0,10,群益金鼎-高盛,2023-06-20,9105
3019,亞光,10,0,10,群益金鼎-高盛,2023-06-20,9105
3646,艾恩特,10,0,10,群益金鼎-高盛,2023-06-20,9105
5371,中光電,11,1,10,群益金鼎-高盛,2023-06-20,9105
6164,華興,10,0,10,群益金鼎-高盛,2023-06-20,9105
2314,台揚,9,0,9,群益金鼎-高盛,2023-06-20,9105
3706,神達,15,6,9,群益金鼎-高盛,2023-06-20,9105
6265,方土昶,12,3,9,群益金鼎-高盛,2023-06-20,9105
4108,懷特,10,1,9,群益金鼎-高盛,2023-06-20,9105
2504,國產,8,0,8,群益金鼎-高盛,2023-06-20,9105
00900,富邦特選高股息30,10,2,8,群益金鼎-高盛,2023-06-20,9105
5703,亞都,9,1,8,群益金鼎-高盛,2023-06-20,9105
8358,金居,9,1,8,群益金鼎-高盛,2023-06-20,9105
2454,聯發科,8,1,7,群益金鼎-高盛,2023-06-20,9105
2609,陽明,9,3,6,群益金鼎-高盛,2023-06-20,9105
00673R,期元大S＆P原油反1,6,0,6,群益金鼎-高盛,2023-06-20,9105
2028,威致,6,0,6,群益金鼎-高盛,2023-06-20,9105
3038,全台,6,0,6,群益金鼎-高盛,2023-06-20,9105
4744,皇將,9,3,6,群益金鼎-高盛,2023-06-20,9105
1515,力山,5,0,5,群益金鼎-高盛,2023-06-20,9105
1517,利奇,5,0,5,群益金鼎-高盛,2023-06-20,9105
2104,國際中橡,6,1,5,群益金鼎-高盛,2023-06-20,9105
2331,精英,6,1,5,群益金鼎-高盛,2023-06-20,9105
2610,華航,388,91,297,群益金鼎-高盛,2023-06-21,9105
2356,英業達,105,12,93,群益金鼎-高盛,2023-06-21,9105
2618,長榮航,84,10,74,群益金鼎-高盛,2023-06-21,9105
6214,精誠,40,0,40,群益金鼎-高盛,2023-06-21,9105
2634,漢翔,67,30,37,群益金鼎-高盛,2023-06-21,9105
00650L,復華香港正2,36,0,36,群益金鼎-高盛,2023-06-21,9105
2609,陽明,36,2,34,群益金鼎-高盛,2023-06-21,9105
2812,台中銀,30,1,29,群益金鼎-高盛,2023-06-21,9105
9942,茂順,27,0,27,群益金鼎-高盛,2023-06-21,9105
6770,力積電,40,13,27,群益金鼎-高盛,2023-06-21,9105
1522,堤維西,26,2,24,群益金鼎-高盛,2023-06-21,9105
2891,中信金,60,38,22,群益金鼎-高盛,2023-06-21,9105
1802,台玻,20,0,20,群益金鼎-高盛,2023-06-21,9105
2867,三商壽,21,3,18,群益金鼎-高盛,2023-06-21,9105
2603,長榮,25,10,15,群益金鼎-高盛,2023-06-21,9105
2031,新光鋼,15,1,14,群益金鼎-高盛,2023-06-21,9105
1605,華新,19,5,14,群益金鼎-高盛,2023-06-21,9105
2427,三商電,22,10,12,群益金鼎-高盛,2023-06-21,9105
00665L,富邦�琤肭磪囓�2,12,0,12,群益金鼎-高盛,2023-06-21,9105
8093,保銳,12,0,12,群益金鼎-高盛,2023-06-21,9105
00919,群益台灣精選高息,11,0,11,群益金鼎-高盛,2023-06-21,9105
00720B,元大投資級公司債,11,0,11,群益金鼎-高盛,2023-06-21,9105
2211,長榮鋼,11,0,11,群益金鼎-高盛,2023-06-21,9105
2359,所羅門,15,4,11,群益金鼎-高盛,2023-06-21,9105
6248,沛波,14,3,11,群益金鼎-高盛,2023-06-21,9105
2425,承啟,11,1,10,群益金鼎-高盛,2023-06-21,9105
2501,國建,10,0,10,群益金鼎-高盛,2023-06-21,9105
6174,安��,10,0,10,群益金鼎-高盛,2023-06-21,9105
8076,伍豐,11,1,10,群益金鼎-高盛,2023-06-21,9105
9917,中保科,10,0,10,群益金鼎-高盛,2023-06-21,9105
9925,新保,10,0,10,群益金鼎-高盛,2023-06-21,9105
6217,中探針,12,3,9,群益金鼎-高盛,2023-06-21,9105
2371,大同,45,37,8,群益金鼎-高盛,2023-06-21,9105
00708L,期元大S＆P黃金正2,7,0,7,群益金鼎-高盛,2023-06-21,9105
3564,其陽,9,2,7,群益金鼎-高盛,2023-06-21,9105
6670,復盛應用,7,0,7,群益金鼎-高盛,2023-06-21,9105
3481,群創,85,78,7,群益金鼎-高盛,2023-06-21,9105
00753L,中信中國50正2,6,0,6,群益金鼎-高盛,2023-06-21,9105
00713,元大台灣高息低波,7,1,6,群益金鼎-高盛,2023-06-21,9105
00738U,期元大道瓊白銀,6,0,6,群益金鼎-高盛,2023-06-21,9105
2913,農林,6,0,6,群益金鼎-高盛,2023-06-21,9105
3205,佰研,6,0,6,群益金鼎-高盛,2023-06-21,9105
3380,明泰,6,0,6,群益金鼎-高盛,2023-06-21,9105
2614,東森,6,0,6,群益金鼎-高盛,2023-06-21,9105
2201,裕隆,5,0,5,群益金鼎-高盛,2023-06-21,9105
1795,美時,5,0,5,群益金鼎-高盛,2023-06-21,9105
3011,今皓,5,0,5,群益金鼎-高盛,2023-06-21,9105
3042,晶技,5,0,5,群益金鼎-高盛,2023-06-21,9105
3055,蔚華科,6,1,5,群益金鼎-高盛,2023-06-21,9105
3071,協禧,5,0,5,群益金鼎-高盛,2023-06-21,9105
2610,華航,345,39,306,群益金鼎-高盛,2023-06-26,9105
1605,華新,143,6,137,群益金鼎-高盛,2023-06-26,9105
2302,麗正,100,0,100,群益金鼎-高盛,2023-06-26,9105
2891,中信金,100,1,99,群益金鼎-高盛,2023-06-26,9105
1471,首利,97,2,95,群益金鼎-高盛,2023-06-26,9105
2313,華通,74,4,70,群益金鼎-高盛,2023-06-26,9105
2702,華園,80,12,68,群益金鼎-高盛,2023-06-26,9105
00712,復華富時不動產,62,0,62,群益金鼎-高盛,2023-06-26,9105
3325,旭品,55,1,54,群益金鼎-高盛,2023-06-26,9105
00642U,期元大S＆P石油,30,0,30,群益金鼎-高盛,2023-06-26,9105
00650L,復華香港正2,35,6,29,群益金鼎-高盛,2023-06-26,9105
2323,中環,56,29,27,群益金鼎-高盛,2023-06-26,9105
3032,偉訓,26,4,22,群益金鼎-高盛,2023-06-26,9105
2911,麗嬰房,21,0,21,群益金鼎-高盛,2023-06-26,9105
00633L,富邦上証正2,20,0,20,群益金鼎-高盛,2023-06-26,9105
00751B,元大AAA至A公司債,20,0,20,群益金鼎-高盛,2023-06-26,9105
1815,富喬,20,0,20,群益金鼎-高盛,2023-06-26,9105
3019,亞光,20,0,20,群益金鼎-高盛,2023-06-26,9105
6733,博晟生醫,20,0,20,群益金鼎-高盛,2023-06-26,9105
6282,康舒,20,0,20,群益金鼎-高盛,2023-06-26,9105
3056,富華新,18,0,18,群益金鼎-高盛,2023-06-26,9105
2382,廣達,24,7,17,群益金鼎-高盛,2023-06-26,9105
2887,台新金,20,4,16,群益金鼎-高盛,2023-06-26,9105
2618,長榮航,36,20,16,群益金鼎-高盛,2023-06-26,9105
1560,中砂,16,1,15,群益金鼎-高盛,2023-06-26,9105
2401,凌陽,19,4,15,群益金鼎-高盛,2023-06-26,9105
3711,日月光投控,14,0,14,群益金鼎-高盛,2023-06-26,9105
3037,欣興,15,2,13,群益金鼎-高盛,2023-06-26,9105
2344,華邦電,20,7,13,群益金鼎-高盛,2023-06-26,9105
8928,鉅明,13,0,13,群益金鼎-高盛,2023-06-26,9105
00715L,期街口布蘭特正2,12,0,12,群益金鼎-高盛,2023-06-26,9105
6244,茂迪,13,1,12,群益金鼎-高盛,2023-06-26,9105
00922,國泰台灣領袖50,11,0,11,群益金鼎-高盛,2023-06-26,9105
2888,新光金,13,2,11,群益金鼎-高盛,2023-06-26,9105
8027,鈦昇,11,0,11,群益金鼎-高盛,2023-06-26,9105
00882,中信中國高股息,10,0,10,群益金鼎-高盛,2023-06-26,9105
4564,元翎,13,3,10,群益金鼎-高盛,2023-06-26,9105
5289,宜鼎,9,0,9,群益金鼎-高盛,2023-06-26,9105
3078,僑威,12,4,8,群益金鼎-高盛,2023-06-26,9105
1785,光洋科,8,0,8,群益金鼎-高盛,2023-06-26,9105
2312,金寶,8,0,8,群益金鼎-高盛,2023-06-26,9105
2845,遠東銀,9,1,8,群益金鼎-高盛,2023-06-26,9105
5328,華容,8,0,8,群益金鼎-高盛,2023-06-26,9105
5478,智冠,9,1,8,群益金鼎-高盛,2023-06-26,9105
6120,達運,14,7,7,群益金鼎-高盛,2023-06-26,9105
3715,定穎投控,11,4,7,群益金鼎-高盛,2023-06-26,9105
00885,富邦越南,7,0,7,群益金鼎-高盛,2023-06-26,9105
1504,東元,9,3,6,群益金鼎-高盛,2023-06-26,9105
3059,華晶科,6,0,6,群益金鼎-高盛,2023-06-26,9105
0056,元大高股息,12,6,6,群益金鼎-高盛,2023-06-26,9105
2610,華航,156,24,132,群益金鼎-高盛,2023-06-27,9105
6116,彩晶,126,5,121,群益金鼎-高盛,2023-06-27,9105
2303,聯電,137,18,119,群益金鼎-高盛,2023-06-27,9105
1301,台塑,111,2,109,群益金鼎-高盛,2023-06-27,9105
2845,遠東銀,100,0,100,群益金鼎-高盛,2023-06-27,9105
2618,長榮航,173,79,94,群益金鼎-高盛,2023-06-27,9105
4113,聯上,110,20,90,群益金鼎-高盛,2023-06-27,9105
2913,農林,88,1,87,群益金鼎-高盛,2023-06-27,9105
1605,華新,92,33,59,群益金鼎-高盛,2023-06-27,9105
2888,新光金,58,14,44,群益金鼎-高盛,2023-06-27,9105
2892,第一金,42,1,41,群益金鼎-高盛,2023-06-27,9105
00632R,元大台灣50反1,30,0,30,群益金鼎-高盛,2023-06-27,9105
2409,友達,38,8,30,群益金鼎-高盛,2023-06-27,9105
2702,華園,29,0,29,群益金鼎-高盛,2023-06-27,9105
2356,英業達,28,3,25,群益金鼎-高盛,2023-06-27,9105
2344,華邦電,25,2,23,群益金鼎-高盛,2023-06-27,9105
1609,大亞,28,6,22,群益金鼎-高盛,2023-06-27,9105
2449,京元電子,30,9,21,群益金鼎-高盛,2023-06-27,9105
2630,亞航,23,2,21,群益金鼎-高盛,2023-06-27,9105
1905,華紙,27,8,19,群益金鼎-高盛,2023-06-27,9105
00675L,富邦臺灣加權正2,19,0,19,群益金鼎-高盛,2023-06-27,9105
2891,中信金,27,8,19,群益金鼎-高盛,2023-06-27,9105
2331,精英,18,0,18,群益金鼎-高盛,2023-06-27,9105
3706,神達,23,6,17,群益金鼎-高盛,2023-06-27,9105
00919,群益台灣精選高息,16,0,16,群益金鼎-高盛,2023-06-27,9105
3231,緯創,63,47,16,群益金鼎-高盛,2023-06-27,9105
1513,中興電,38,23,15,群益金鼎-高盛,2023-06-27,9105
3016,嘉晶,15,0,15,群益金鼎-高盛,2023-06-27,9105
5328,華容,14,0,14,群益金鼎-高盛,2023-06-27,9105
1907,永豐餘,15,3,12,群益金鼎-高盛,2023-06-27,9105
4106,雃博,21,9,12,群益金鼎-高盛,2023-06-27,9105
6167,久正,12,0,12,群益金鼎-高盛,2023-06-27,9105
4107,邦特,11,0,11,群益金鼎-高盛,2023-06-27,9105
2317,鴻海,14,3,11,群益金鼎-高盛,2023-06-27,9105
3032,偉訓,13,2,11,群益金鼎-高盛,2023-06-27,9105
3178,公準,14,3,11,群益金鼎-高盛,2023-06-27,9105
00927,群益半導體收益,10,0,10,群益金鼎-高盛,2023-06-27,9105
00712,復華富時不動產,10,0,10,群益金鼎-高盛,2023-06-27,9105
1319,東陽,10,0,10,群益金鼎-高盛,2023-06-27,9105
2324,仁寶,10,0,10,群益金鼎-高盛,2023-06-27,9105
2340,台亞,27,17,10,群益金鼎-高盛,2023-06-27,9105
2427,三商電,28,18,10,群益金鼎-高盛,2023-06-27,9105
2633,台灣高鐵,10,0,10,群益金鼎-高盛,2023-06-27,9105
3019,亞光,10,0,10,群益金鼎-高盛,2023-06-27,9105
3380,明泰,10,0,10,群益金鼎-高盛,2023-06-27,9105
4510,高鋒,11,1,10,群益金鼎-高盛,2023-06-27,9105
2485,兆赫,10,0,10,群益金鼎-高盛,2023-06-27,9105
4147,中裕,12,3,9,群益金鼎-高盛,2023-06-27,9105
1529,樂事綠能,11,2,9,群益金鼎-高盛,2023-06-27,9105
2421,建準,14,5,9,群益金鼎-高盛,2023-06-27,9105
2609,陽明,418,3,415,群益金鼎-高盛,2023-06-28,9105
4113,聯上,340,0,340,群益金鼎-高盛,2023-06-28,9105
1301,台塑,211,0,211,群益金鼎-高盛,2023-06-28,9105
00712,復華富時不動產,100,6,94,群益金鼎-高盛,2023-06-28,9105
1605,華新,99,32,67,群益金鼎-高盛,2023-06-28,9105
2323,中環,71,8,63,群益金鼎-高盛,2023-06-28,9105
00885,富邦越南,52,1,51,群益金鼎-高盛,2023-06-28,9105
00715L,期街口布蘭特正2,44,0,44,群益金鼎-高盛,2023-06-28,9105
00642U,期元大S＆P石油,40,0,40,群益金鼎-高盛,2023-06-28,9105
1467,南緯,42,2,40,群益金鼎-高盛,2023-06-28,9105
6276,安鈦克,39,8,31,群益金鼎-高盛,2023-06-28,9105
2409,友達,31,3,28,群益金鼎-高盛,2023-06-28,9105
00648R,元大S＆P500反1,25,0,25,群益金鼎-高盛,2023-06-28,9105
3481,群創,26,2,24,群益金鼎-高盛,2023-06-28,9105
3706,神達,27,7,20,群益金鼎-高盛,2023-06-28,9105
1464,得力,16,0,16,群益金鼎-高盛,2023-06-28,9105
00679B,元大美債20年,15,1,14,群益金鼎-高盛,2023-06-28,9105
2734,易飛網,15,1,14,群益金鼎-高盛,2023-06-28,9105
2603,長榮,25,13,12,群益金鼎-高盛,2023-06-28,9105
3363,上詮,14,2,12,群益金鼎-高盛,2023-06-28,9105
1101,台泥,13,1,12,群益金鼎-高盛,2023-06-28,9105
2705,六福,13,2,11,群益金鼎-高盛,2023-06-28,9105
6770,力積電,11,0,11,群益金鼎-高盛,2023-06-28,9105
4510,高鋒,11,0,11,群益金鼎-高盛,2023-06-28,9105
1802,台玻,11,0,11,群益金鼎-高盛,2023-06-28,9105
2634,漢翔,66,55,11,群益金鼎-高盛,2023-06-28,9105
3380,明泰,27,16,11,群益金鼎-高盛,2023-06-28,9105
6116,彩晶,11,0,11,群益金鼎-高盛,2023-06-28,9105
3078,僑威,19,9,10,群益金鼎-高盛,2023-06-28,9105
00929,復華台灣科技優息,10,0,10,群益金鼎-高盛,2023-06-28,9105
00772B,中信高評級公司債,12,2,10,群益金鼎-高盛,2023-06-28,9105
2467,志聖,10,0,10,群益金鼎-高盛,2023-06-28,9105
2883B,凱基金乙特,10,0,10,群益金鼎-高盛,2023-06-28,9105
6188,廣明,15,5,10,群益金鼎-高盛,2023-06-28,9105
8059,凱碩,10,0,10,群益金鼎-高盛,2023-06-28,9105
6282,康舒,14,5,9,群益金鼎-高盛,2023-06-28,9105
2610,華航,56,47,9,群益金鼎-高盛,2023-06-28,9105
8072,陞泰,9,0,9,群益金鼎-高盛,2023-06-28,9105
2427,三商電,13,5,8,群益金鼎-高盛,2023-06-28,9105
5258,虹堡,8,0,8,群益金鼎-高盛,2023-06-28,9105
2329,華泰,10,3,7,群益金鼎-高盛,2023-06-28,9105
4916,事欣科,10,3,7,群益金鼎-高盛,2023-06-28,9105
3293,鈊象,7,0,7,群益金鼎-高盛,2023-06-28,9105
5381,合正,7,0,7,群益金鼎-高盛,2023-06-28,9105
1522,堤維西,14,8,6,群益金鼎-高盛,2023-06-28,9105
2332,友訊,11,5,6,群益金鼎-高盛,2023-06-28,9105
2812,台中銀,6,0,6,群益金鼎-高盛,2023-06-28,9105
2883,凱基金,6,0,6,群益金鼎-高盛,2023-06-28,9105
3622,洋華,6,0,6,群益金鼎-高盛,2023-06-28,9105
5328,華容,6,0,6,群益金鼎-高盛,2023-06-28,9105
2303,聯電,122,2,120,群益金鼎-高盛,2023-06-29,9105
4113,聯上,72,0,72,群益金鼎-高盛,2023-06-29,9105
1301,台塑,65,0,65,群益金鼎-高盛,2023-06-29,9105
00664R,國泰臺灣加權反1,80,25,55,群益金鼎-高盛,2023-06-29,9105
2609,陽明,55,3,52,群益金鼎-高盛,2023-06-29,9105
4414,如興,46,12,34,群益金鼎-高盛,2023-06-29,9105
00632R,元大台灣50反1,58,25,33,群益金鼎-高盛,2023-06-29,9105
1471,首利,30,2,28,群益金鼎-高盛,2023-06-29,9105
2419,仲琦,53,26,27,群益金鼎-高盛,2023-06-29,9105
00922,國泰台灣領袖50,25,0,25,群益金鼎-高盛,2023-06-29,9105
2618,長榮航,78,54,24,群益金鼎-高盛,2023-06-29,9105
6589,台康生技,20,0,20,群益金鼎-高盛,2023-06-29,9105
1528,恩德,19,0,19,群益金鼎-高盛,2023-06-29,9105
1605,華新,19,3,16,群益金鼎-高盛,2023-06-29,9105
3363,上詮,19,4,15,群益金鼎-高盛,2023-06-29,9105
2002,中鋼,14,0,14,群益金鼎-高盛,2023-06-29,9105
2892,第一金,13,0,13,群益金鼎-高盛,2023-06-29,9105
3706,神達,17,4,13,群益金鼎-高盛,2023-06-29,9105
9907,統一實,13,0,13,群益金鼎-高盛,2023-06-29,9105
2412,中華電,12,0,12,群益金鼎-高盛,2023-06-29,9105
1717,長興,11,0,11,群益金鼎-高盛,2023-06-29,9105
2211,長榮鋼,11,0,11,群益金鼎-高盛,2023-06-29,9105
2353,宏��,11,0,11,群益金鼎-高盛,2023-06-29,9105
2409,友達,53,42,11,群益金鼎-高盛,2023-06-29,9105
8085,福華,12,1,11,群益金鼎-高盛,2023-06-29,9105
00633L,富邦上証正2,10,0,10,群益金鼎-高盛,2023-06-29,9105
1464,得力,10,0,10,群益金鼎-高盛,2023-06-29,9105
1701,中化,11,1,10,群益金鼎-高盛,2023-06-29,9105
2633,台灣高鐵,10,0,10,群益金鼎-高盛,2023-06-29,9105
2888,新光金,20,10,10,群益金鼎-高盛,2023-06-29,9105
6155,鈞寶,11,1,10,群益金鼎-高盛,2023-06-29,9105
6179,亞通,10,0,10,群益金鼎-高盛,2023-06-29,9105
6266,泰詠,10,0,10,群益金鼎-高盛,2023-06-29,9105
8222,寶一,12,2,10,群益金鼎-高盛,2023-06-29,9105
00919,群益台灣精選高息,10,0,10,群益金鼎-高盛,2023-06-29,9105
2615,萬海,9,0,9,群益金鼎-高盛,2023-06-29,9105
2007,燁興,9,0,9,群益金鼎-高盛,2023-06-29,9105
00679B,元大美債20年,10,2,8,群益金鼎-高盛,2023-06-29,9105
5465,富驊,11,3,8,群益金鼎-高盛,2023-06-29,9105
4155,訊映,10,2,8,群益金鼎-高盛,2023-06-29,9105
8034,榮群,7,0,7,群益金鼎-高盛,2023-06-29,9105
6770,力積電,7,0,7,群益金鼎-高盛,2023-06-29,9105
00772B,中信高評級公司債,7,0,7,群益金鼎-高盛,2023-06-29,9105
1522,堤維西,7,0,7,群益金鼎-高盛,2023-06-29,9105
2913,農林,8,1,7,群益金鼎-高盛,2023-06-29,9105
5452,佶優,7,0,7,群益金鼎-高盛,2023-06-29,9105
2614,東森,6,0,6,群益金鼎-高盛,2023-06-29,9105
3013,晟銘電,8,2,6,群益金鼎-高盛,2023-06-29,9105
3038,全台,7,1,6,群益金鼎-高盛,2023-06-29,9105
3703,欣陸,6,0,6,群益金鼎-高盛,2023-06-29,9105
3045,台灣大,164,0,164,群益金鼎-高盛,2023-06-30,9105
2412,中華電,161,0,161,群益金鼎-高盛,2023-06-30,9105
3711,日月光投控,137,2,135,群益金鼎-高盛,2023-06-30,9105
00669R,國泰美國道瓊反1,75,0,75,群益金鼎-高盛,2023-06-30,9105
2344,華邦電,70,4,66,群益金鼎-高盛,2023-06-30,9105
6116,彩晶,41,3,38,群益金鼎-高盛,2023-06-30,9105
2888,新光金,50,15,35,群益金鼎-高盛,2023-06-30,9105
4168,醣聯,34,3,31,群益金鼎-高盛,2023-06-30,9105
6167,久正,30,0,30,群益金鼎-高盛,2023-06-30,9105
9942,茂順,22,0,22,群益金鼎-高盛,2023-06-30,9105
3050,鈺德,21,0,21,群益金鼎-高盛,2023-06-30,9105
2890,永豐金,22,2,20,群益金鼎-高盛,2023-06-30,9105
1815,富喬,20,0,20,群益金鼎-高盛,2023-06-30,9105
6589,台康生技,20,0,20,群益金鼎-高盛,2023-06-30,9105
2702,華園,20,2,18,群益金鼎-高盛,2023-06-30,9105
1904,正隆,16,0,16,群益金鼎-高盛,2023-06-30,9105
8426,紅木-KY,15,0,15,群益金鼎-高盛,2023-06-30,9105
2208,台船,14,0,14,群益金鼎-高盛,2023-06-30,9105
8085,福華,14,0,14,群益金鼎-高盛,2023-06-30,9105
1605,華新,31,17,14,群益金鼎-高盛,2023-06-30,9105
2332,友訊,13,0,13,群益金鼎-高盛,2023-06-30,9105
2618,長榮航,33,20,13,群益金鼎-高盛,2023-06-30,9105
3481,群創,15,3,12,群益金鼎-高盛,2023-06-30,9105
1717,長興,12,0,12,群益金鼎-高盛,2023-06-30,9105
2451,創見,11,0,11,群益金鼎-高盛,2023-06-30,9105
1528,恩德,31,21,10,群益金鼎-高盛,2023-06-30,9105
1604,聲寶,10,0,10,群益金鼎-高盛,2023-06-30,9105
2014,中鴻,10,0,10,群益金鼎-高盛,2023-06-30,9105
2892,第一金,10,0,10,群益金鼎-高盛,2023-06-30,9105
5483,中美晶,10,0,10,群益金鼎-高盛,2023-06-30,9105
6016,康和證,10,0,10,群益金鼎-高盛,2023-06-30,9105
6191,精成科,11,1,10,群益金鼎-高盛,2023-06-30,9105
00679B,元大美債20年,12,3,9,群益金鼎-高盛,2023-06-30,9105
3071,協禧,11,2,9,群益金鼎-高盛,2023-06-30,9105
5388,中磊,14,5,9,群益金鼎-高盛,2023-06-30,9105
6830,汎銓,9,0,9,群益金鼎-高盛,2023-06-30,9105
2401,凌陽,13,5,8,群益金鼎-高盛,2023-06-30,9105
3260,威剛,18,10,8,群益金鼎-高盛,2023-06-30,9105
3707,漢磊,8,0,8,群益金鼎-高盛,2023-06-30,9105
4106,雃博,13,5,8,群益金鼎-高盛,2023-06-30,9105
6111,大宇資,8,0,8,群益金鼎-高盛,2023-06-30,9105
6147,頎邦,8,0,8,群益金鼎-高盛,2023-06-30,9105
1905,華紙,10,3,7,群益金鼎-高盛,2023-06-30,9105
2303,聯電,11,4,7,群益金鼎-高盛,2023-06-30,9105
2356,英業達,9,2,7,群益金鼎-高盛,2023-06-30,9105
6161,捷波,8,1,7,群益金鼎-高盛,2023-06-30,9105
2354,鴻準,6,0,6,群益金鼎-高盛,2023-06-30,9105
4770,上品,6,0,6,群益金鼎-高盛,2023-06-30,9105
1301,台塑,5,0,5,群益金鼎-高盛,2023-06-30,9105
00772B,中信高評級公司債,5,0,5,群益金鼎-高盛,2023-06-30,9105
1528,恩德,203,51,152,群益金鼎-高盛,2023-07-03,9105
2637,慧洋-KY,132,0,132,群益金鼎-高盛,2023-07-03,9105
00919,群益台灣精選高息,103,0,103,群益金鼎-高盛,2023-07-03,9105
4113,聯上,69,0,69,群益金鼎-高盛,2023-07-03,9105
4414,如興,60,0,60,群益金鼎-高盛,2023-07-03,9105
4157,太景*-KY,54,0,54,群益金鼎-高盛,2023-07-03,9105
2409,友達,63,10,53,群益金鼎-高盛,2023-07-03,9105
2897,王道銀行,50,1,49,群益金鼎-高盛,2023-07-03,9105
2618,長榮航,98,56,42,群益金鼎-高盛,2023-07-03,9105
00637L,元大滬深300正2,164,127,37,群益金鼎-高盛,2023-07-03,9105
6148,驊宏資,36,6,30,群益金鼎-高盛,2023-07-03,9105
2888,新光金,28,0,28,群益金鼎-高盛,2023-07-03,9105
6190,萬泰科,29,1,28,群益金鼎-高盛,2023-07-03,9105
00712,復華富時不動產,25,0,25,群益金鼎-高盛,2023-07-03,9105
00632R,元大台灣50反1,25,0,25,群益金鼎-高盛,2023-07-03,9105
2206,三陽工業,30,5,25,群益金鼎-高盛,2023-07-03,9105
00648R,元大S＆P500反1,23,0,23,群益金鼎-高盛,2023-07-03,9105
1531,高林股,21,0,21,群益金鼎-高盛,2023-07-03,9105
3045,台灣大,21,0,21,群益金鼎-高盛,2023-07-03,9105
2883,凱基金,21,0,21,群益金鼎-高盛,2023-07-03,9105
2393,億光,17,0,17,群益金鼎-高盛,2023-07-03,9105
1560,中砂,16,0,16,群益金鼎-高盛,2023-07-03,9105
2412,中華電,16,1,15,群益金鼎-高盛,2023-07-03,9105
00895,富邦未來車,15,0,15,群益金鼎-高盛,2023-07-03,9105
2867,三商壽,20,5,15,群益金鼎-高盛,2023-07-03,9105
1101,台泥,17,3,14,群益金鼎-高盛,2023-07-03,9105
2331,精英,25,11,14,群益金鼎-高盛,2023-07-03,9105
3481,群創,22,8,14,群益金鼎-高盛,2023-07-03,9105
8059,凱碩,14,0,14,群益金鼎-高盛,2023-07-03,9105
2211,長榮鋼,13,0,13,群益金鼎-高盛,2023-07-03,9105
2303,聯電,13,0,13,群益金鼎-高盛,2023-07-03,9105
3078,僑威,74,62,12,群益金鼎-高盛,2023-07-03,9105
5258,虹堡,20,8,12,群益金鼎-高盛,2023-07-03,9105
5483,中美晶,12,0,12,群益金鼎-高盛,2023-07-03,9105
6271,同欣電,11,0,11,群益金鼎-高盛,2023-07-03,9105
9945,潤泰新,11,0,11,群益金鼎-高盛,2023-07-03,9105
1303,南亞,10,0,10,群益金鼎-高盛,2023-07-03,9105
3202,樺晟,10,0,10,群益金鼎-高盛,2023-07-03,9105
6770,力積電,13,3,10,群益金鼎-高盛,2023-07-03,9105
00892,富邦台灣半導體,10,0,10,群益金鼎-高盛,2023-07-03,9105
5381,合正,10,0,10,群益金鼎-高盛,2023-07-03,9105
5701,劍湖山,10,0,10,群益金鼎-高盛,2023-07-03,9105
6169,昱泉,10,0,10,群益金鼎-高盛,2023-07-03,9105
3483,力致,17,9,8,群益金鼎-高盛,2023-07-03,9105
3499,環天科,8,0,8,群益金鼎-高盛,2023-07-03,9105
6005,群益證,8,0,8,群益金鼎-高盛,2023-07-03,9105
8926,台汽電,9,1,8,群益金鼎-高盛,2023-07-03,9105
3046,建��,18,11,7,群益金鼎-高盛,2023-07-03,9105
4164,承業醫,7,0,7,群益金鼎-高盛,2023-07-03,9105
6016,康和證,14,7,7,群益金鼎-高盛,2023-07-03,9105
2888,新光金,106,20,86,群益金鼎-高盛,2023-07-04,9105
1802,台玻,53,0,53,群益金鼎-高盛,2023-07-04,9105
6282,康舒,87,40,47,群益金鼎-高盛,2023-07-04,9105
2883,凱基金,48,7,41,群益金鼎-高盛,2023-07-04,9105
2609,陽明,80,42,38,群益金鼎-高盛,2023-07-04,9105
2324,仁寶,31,3,28,群益金鼎-高盛,2023-07-04,9105
8110,華東,28,6,22,群益金鼎-高盛,2023-07-04,9105
2911,麗嬰房,20,0,20,群益金鼎-高盛,2023-07-04,9105
2515,中工,21,1,20,群益金鼎-高盛,2023-07-04,9105
2702,華園,16,0,16,群益金鼎-高盛,2023-07-04,9105
2425,承啟,16,1,15,群益金鼎-高盛,2023-07-04,9105
9958,世紀鋼,16,1,15,群益金鼎-高盛,2023-07-04,9105
2449,京元電子,24,9,15,群益金鼎-高盛,2023-07-04,9105
1303,南亞,14,0,14,群益金鼎-高盛,2023-07-04,9105
2486,一詮,17,3,14,群益金鼎-高盛,2023-07-04,9105
6451,訊芯-KY,49,35,14,群益金鼎-高盛,2023-07-04,9105
00637L,元大滬深300正2,105,92,13,群益金鼎-高盛,2023-07-04,9105
2002,中鋼,13,0,13,群益金鼎-高盛,2023-07-04,9105
00927,群益半導體收益,12,0,12,群益金鼎-高盛,2023-07-04,9105
2610,華航,60,49,11,群益金鼎-高盛,2023-07-04,9105
00712,復華富時不動產,11,0,11,群益金鼎-高盛,2023-07-04,9105
3372,典範,18,7,11,群益金鼎-高盛,2023-07-04,9105
6016,康和證,11,0,11,群益金鼎-高盛,2023-07-04,9105
2356,英業達,79,68,11,群益金鼎-高盛,2023-07-04,9105
2349,錸德,10,0,10,群益金鼎-高盛,2023-07-04,9105
2388,威盛,12,2,10,群益金鼎-高盛,2023-07-04,9105
2468,華經,10,0,10,群益金鼎-高盛,2023-07-04,9105
3518,柏騰,10,0,10,群益金鼎-高盛,2023-07-04,9105
5483,中美晶,10,0,10,群益金鼎-高盛,2023-07-04,9105
6198,瑞築,10,0,10,群益金鼎-高盛,2023-07-04,9105
6535,順藥,10,0,10,群益金鼎-高盛,2023-07-04,9105
8426,紅木-KY,10,0,10,群益金鼎-高盛,2023-07-04,9105
1795,美時,10,0,10,群益金鼎-高盛,2023-07-04,9105
1104,環泥,9,0,9,群益金鼎-高盛,2023-07-04,9105
3515,華擎,11,2,9,群益金鼎-高盛,2023-07-04,9105
5465,富驊,14,5,9,群益金鼎-高盛,2023-07-04,9105
6712,長聖,10,1,9,群益金鼎-高盛,2023-07-04,9105
8050,廣積,17,8,9,群益金鼎-高盛,2023-07-04,9105
8059,凱碩,9,0,9,群益金鼎-高盛,2023-07-04,9105
4915,致伸,8,0,8,群益金鼎-高盛,2023-07-04,9105
4938,和碩,8,0,8,群益金鼎-高盛,2023-07-04,9105
2399,映泰,21,13,8,群益金鼎-高盛,2023-07-04,9105
4906,正文,13,5,8,群益金鼎-高盛,2023-07-04,9105
4967,十銓,9,1,8,群益金鼎-高盛,2023-07-04,9105
8092,建暐,8,0,8,群益金鼎-高盛,2023-07-04,9105
2313,華通,11,3,8,群益金鼎-高盛,2023-07-04,9105
2353,宏��,7,0,7,群益金鼎-高盛,2023-07-04,9105
2618,長榮航,22,15,7,群益金鼎-高盛,2023-07-04,9105
00900,富邦特選高股息30,7,0,7,群益金鼎-高盛,2023-07-04,9105
2359,所羅門,7,0,7,群益金鼎-高盛,2023-07-04,9105
3481,群創,114,12,102,群益金鼎-高盛,2023-07-05,9105
2356,英業達,91,6,85,群益金鼎-高盛,2023-07-05,9105
00637L,元大滬深300正2,165,104,61,群益金鼎-高盛,2023-07-05,9105
2883,凱基金,59,0,59,群益金鼎-高盛,2023-07-05,9105
2618,長榮航,128,85,43,群益金鼎-高盛,2023-07-05,9105
2313,華通,35,11,24,群益金鼎-高盛,2023-07-05,9105
2369,菱生,37,13,24,群益金鼎-高盛,2023-07-05,9105
2427,三商電,35,12,23,群益金鼎-高盛,2023-07-05,9105
1314,中石化,23,0,23,群益金鼎-高盛,2023-07-05,9105
1101,台泥,22,0,22,群益金鼎-高盛,2023-07-05,9105
2889,國票金,20,0,20,群益金鼎-高盛,2023-07-05,9105
3591,艾笛森,25,5,20,群益金鼎-高盛,2023-07-05,9105
3705,永信,20,0,20,群益金鼎-高盛,2023-07-05,9105
1608,華榮,19,0,19,群益金鼎-高盛,2023-07-05,9105
2515,中工,18,0,18,群益金鼎-高盛,2023-07-05,9105
3564,其陽,20,3,17,群益金鼎-高盛,2023-07-05,9105
00929,復華台灣科技優息,16,0,16,群益金鼎-高盛,2023-07-05,9105
6207,雷科,16,0,16,群益金鼎-高盛,2023-07-05,9105
2331,精英,16,1,15,群益金鼎-高盛,2023-07-05,9105
8107,大億金茂,15,0,15,群益金鼎-高盛,2023-07-05,9105
1522,堤維西,20,6,14,群益金鼎-高盛,2023-07-05,9105
2383,台光電,13,0,13,群益金鼎-高盛,2023-07-05,9105
1584,精剛,20,7,13,群益金鼎-高盛,2023-07-05,9105
2736,富野,14,2,12,群益金鼎-高盛,2023-07-05,9105
1907,永豐餘,12,1,11,群益金鼎-高盛,2023-07-05,9105
2727,王品,11,0,11,群益金鼎-高盛,2023-07-05,9105
6112,邁達特,19,9,10,群益金鼎-高盛,2023-07-05,9105
1216,統一,10,0,10,群益金鼎-高盛,2023-07-05,9105
00642U,期元大S＆P石油,15,5,10,群益金鼎-高盛,2023-07-05,9105
1595,川寶,10,0,10,群益金鼎-高盛,2023-07-05,9105
2601,益航,10,0,10,群益金鼎-高盛,2023-07-05,9105
3094,聯傑,10,0,10,群益金鼎-高盛,2023-07-05,9105
6535,順藥,10,0,10,群益金鼎-高盛,2023-07-05,9105
6558,興能高,10,0,10,群益金鼎-高盛,2023-07-05,9105
8358,金居,13,3,10,群益金鼎-高盛,2023-07-05,9105
2363,矽統,10,1,9,群益金鼎-高盛,2023-07-05,9105
1513,中興電,12,3,9,群益金鼎-高盛,2023-07-05,9105
1709,和益,10,1,9,群益金鼎-高盛,2023-07-05,9105
8092,建暐,9,0,9,群益金鼎-高盛,2023-07-05,9105
4207,環泰,9,0,9,群益金鼎-高盛,2023-07-05,9105
1609,大亞,42,34,8,群益金鼎-高盛,2023-07-05,9105
2359,所羅門,8,0,8,群益金鼎-高盛,2023-07-05,9105
5258,虹堡,8,0,8,群益金鼎-高盛,2023-07-05,9105
6152,百一,10,2,8,群益金鼎-高盛,2023-07-05,9105
8027,鈦昇,8,0,8,群益金鼎-高盛,2023-07-05,9105
8034,榮群,8,0,8,群益金鼎-高盛,2023-07-05,9105
2449,京元電子,9,1,8,群益金鼎-高盛,2023-07-05,9105
8050,廣積,12,5,7,群益金鼎-高盛,2023-07-05,9105
3037,欣興,12,5,7,群益金鼎-高盛,2023-07-05,9105
1504,東元,7,0,7,群益金鼎-高盛,2023-07-05,9105
2890,永豐金,250,0,250,群益金鼎-高盛,2023-07-06,9105
2002,中鋼,125,3,122,群益金鼎-高盛,2023-07-06,9105
3481,群創,67,14,53,群益金鼎-高盛,2023-07-06,9105
00850,元大臺灣ESG永續,50,0,50,群益金鼎-高盛,2023-07-06,9105
5864,致和證,40,0,40,群益金鼎-高盛,2023-07-06,9105
2618,長榮航,78,41,37,群益金鼎-高盛,2023-07-06,9105
00882,中信中國高股息,33,0,33,群益金鼎-高盛,2023-07-06,9105
6248,沛波,40,7,33,群益金鼎-高盛,2023-07-06,9105
6443,元晶,34,1,33,群益金鼎-高盛,2023-07-06,9105
00922,國泰台灣領袖50,32,0,32,群益金鼎-高盛,2023-07-06,9105
4121,優盛,36,4,32,群益金鼎-高盛,2023-07-06,9105
2880,華南金,30,0,30,群益金鼎-高盛,2023-07-06,9105
00650L,復華香港正2,73,46,27,群益金鼎-高盛,2023-07-06,9105
1101,台泥,26,0,26,群益金鼎-高盛,2023-07-06,9105
2883,凱基金,48,24,24,群益金鼎-高盛,2023-07-06,9105
6139,亞翔,25,1,24,群益金鼎-高盛,2023-07-06,9105
2208,台船,22,1,21,群益金鼎-高盛,2023-07-06,9105
1909,榮成,20,0,20,群益金鼎-高盛,2023-07-06,9105
2607,榮運,20,0,20,群益金鼎-高盛,2023-07-06,9105
2382,廣達,26,6,20,群益金鼎-高盛,2023-07-06,9105
3231,緯創,45,26,19,群益金鼎-高盛,2023-07-06,9105
3037,欣興,22,4,18,群益金鼎-高盛,2023-07-06,9105
5880,合庫金,18,0,18,群益金鼎-高盛,2023-07-06,9105
2702,華園,18,0,18,群益金鼎-高盛,2023-07-06,9105
4414,如興,39,21,18,群益金鼎-高盛,2023-07-06,9105
1806,冠軍,17,0,17,群益金鼎-高盛,2023-07-06,9105
2330,台積電,19,3,16,群益金鼎-高盛,2023-07-06,9105
6442,光聖,16,0,16,群益金鼎-高盛,2023-07-06,9105
00673R,期元大S＆P原油反1,15,0,15,群益金鼎-高盛,2023-07-06,9105
2891,中信金,15,0,15,群益金鼎-高盛,2023-07-06,9105
2905,三商,15,0,15,群益金鼎-高盛,2023-07-06,9105
1584,精剛,14,0,14,群益金鼎-高盛,2023-07-06,9105
2402,毅嘉,16,2,14,群益金鼎-高盛,2023-07-06,9105
6770,力積電,13,0,13,群益金鼎-高盛,2023-07-06,9105
2609,陽明,58,46,12,群益金鼎-高盛,2023-07-06,9105
2867,三商壽,11,0,11,群益金鼎-高盛,2023-07-06,9105
2376,技嘉,15,4,11,群益金鼎-高盛,2023-07-06,9105
00665L,富邦�琤肭磪囓�2,11,0,11,群益金鼎-高盛,2023-07-06,9105
4130,健亞,11,0,11,群益金鼎-高盛,2023-07-06,9105
3508,位速,10,0,10,群益金鼎-高盛,2023-07-06,9105
00892,富邦台灣半導體,10,0,10,群益金鼎-高盛,2023-07-06,9105
1795,美時,13,3,10,群益金鼎-高盛,2023-07-06,9105
2457,飛宏,13,3,10,群益金鼎-高盛,2023-07-06,9105
2888,新光金,10,0,10,群益金鼎-高盛,2023-07-06,9105
5465,富驊,10,0,10,群益金鼎-高盛,2023-07-06,9105
6274,台燿,10,0,10,群益金鼎-高盛,2023-07-06,9105
2371,大同,15,5,10,群益金鼎-高盛,2023-07-06,9105
2356,英業達,29,20,9,群益金鼎-高盛,2023-07-06,9105
6207,雷科,9,0,9,群益金鼎-高盛,2023-07-06,9105
00679B,元大美債20年,9,0,9,群益金鼎-高盛,2023-07-06,9105
2890,永豐金,154,0,154,群益金鼎-高盛,2023-07-07,9105
2324,仁寶,152,6,146,群益金鼎-高盛,2023-07-07,9105
2537,聯上發,100,0,100,群益金鼎-高盛,2023-07-07,9105
2845,遠東銀,95,0,95,群益金鼎-高盛,2023-07-07,9105
8093,保銳,49,0,49,群益金鼎-高盛,2023-07-07,9105
0056,元大高股息,51,6,45,群益金鼎-高盛,2023-07-07,9105
2834,臺企銀,44,0,44,群益金鼎-高盛,2023-07-07,9105
6116,彩晶,41,1,40,群益金鼎-高盛,2023-07-07,9105
1815,富喬,35,0,35,群益金鼎-高盛,2023-07-07,9105
00878,國泰永續高股息,31,3,28,群益金鼎-高盛,2023-07-07,9105
00665L,富邦�琤肭磪囓�2,27,0,27,群益金鼎-高盛,2023-07-07,9105
2356,英業達,41,14,27,群益金鼎-高盛,2023-07-07,9105
2883,凱基金,28,2,26,群益金鼎-高盛,2023-07-07,9105
2344,華邦電,23,0,23,群益金鼎-高盛,2023-07-07,9105
2892,第一金,22,0,22,群益金鼎-高盛,2023-07-07,9105
9942,茂順,23,1,22,群益金鼎-高盛,2023-07-07,9105
2002,中鋼,21,0,21,群益金鼎-高盛,2023-07-07,9105
020022,元大電動車N,20,0,20,群益金鼎-高盛,2023-07-07,9105
2023,燁輝,22,2,20,群益金鼎-高盛,2023-07-07,9105
9925,新保,20,0,20,群益金鼎-高盛,2023-07-07,9105
6282,康舒,68,49,19,群益金鼎-高盛,2023-07-07,9105
3303,岱稜,19,0,19,群益金鼎-高盛,2023-07-07,9105
00929,復華台灣科技優息,18,0,18,群益金鼎-高盛,2023-07-07,9105
2409,友達,21,3,18,群益金鼎-高盛,2023-07-07,9105
3481,群創,20,2,18,群益金鼎-高盛,2023-07-07,9105
00679B,元大美債20年,17,0,17,群益金鼎-高盛,2023-07-07,9105
00650L,復華香港正2,47,30,17,群益金鼎-高盛,2023-07-07,9105
2603,長榮,28,12,16,群益金鼎-高盛,2023-07-07,9105
2401,凌陽,16,1,15,群益金鼎-高盛,2023-07-07,9105
3060,銘異,15,0,15,群益金鼎-高盛,2023-07-07,9105
9907,統一實,15,0,15,群益金鼎-高盛,2023-07-07,9105
1809,中釉,22,8,14,群益金鼎-高盛,2023-07-07,9105
6443,元晶,15,1,14,群益金鼎-高盛,2023-07-07,9105
3033,威健,18,4,14,群益金鼎-高盛,2023-07-07,9105
5347,世界,13,0,13,群益金鼎-高盛,2023-07-07,9105
3706,神達,14,1,13,群益金鼎-高盛,2023-07-07,9105
6570,維田,13,0,13,群益金鼎-高盛,2023-07-07,9105
8034,榮群,13,0,13,群益金鼎-高盛,2023-07-07,9105
3363,上詮,45,33,12,群益金鼎-高盛,2023-07-07,9105
2359,所羅門,20,8,12,群益金鼎-高盛,2023-07-07,9105
3673,TPK-KY,14,2,12,群益金鼎-高盛,2023-07-07,9105
3715,定穎投控,14,2,12,群益金鼎-高盛,2023-07-07,9105
00722B,群益投資級電信債,12,0,12,群益金鼎-高盛,2023-07-07,9105
1795,美時,12,0,12,群益金鼎-高盛,2023-07-07,9105
00687B,國泰20年美債,11,0,11,群益金鼎-高盛,2023-07-07,9105
1314,中石化,11,0,11,群益金鼎-高盛,2023-07-07,9105
2888,新光金,11,0,11,群益金鼎-高盛,2023-07-07,9105
4130,健亞,11,0,11,群益金鼎-高盛,2023-07-07,9105
8271,宇瞻,11,0,11,群益金鼎-高盛,2023-07-07,9105
2454,聯發科,10,0,10,群益金鼎-高盛,2023-07-07,9105
2883,凱基金,493,49,444,群益金鼎-高盛,2023-07-10,9105
4907,富宇,150,0,150,群益金鼎-高盛,2023-07-10,9105
00929,復華台灣科技優息,121,10,111,群益金鼎-高盛,2023-07-10,9105
5864,致和證,91,0,91,群益金鼎-高盛,2023-07-10,9105
00632R,元大台灣50反1,65,11,54,群益金鼎-高盛,2023-07-10,9105
2023,燁輝,50,0,50,群益金鼎-高盛,2023-07-10,9105
2897,王道銀行,50,0,50,群益金鼎-高盛,2023-07-10,9105
2419,仲琦,76,46,30,群益金鼎-高盛,2023-07-10,9105
00679B,元大美債20年,27,0,27,群益金鼎-高盛,2023-07-10,9105
9917,中保科,25,0,25,群益金鼎-高盛,2023-07-10,9105
00919,群益台灣精選高息,23,0,23,群益金鼎-高盛,2023-07-10,9105
00664R,國泰臺灣加權反1,53,30,23,群益金鼎-高盛,2023-07-10,9105
00673R,期元大S＆P原油反1,22,0,22,群益金鼎-高盛,2023-07-10,9105
2412,中華電,22,0,22,群益金鼎-高盛,2023-07-10,9105
6442,光聖,21,0,21,群益金鼎-高盛,2023-07-10,9105
00922,國泰台灣領袖50,20,0,20,群益金鼎-高盛,2023-07-10,9105
3049,精金,20,0,20,群益金鼎-高盛,2023-07-10,9105
00687B,國泰20年美債,18,0,18,群益金鼎-高盛,2023-07-10,9105
1471,首利,31,13,18,群益金鼎-高盛,2023-07-10,9105
2880,華南金,18,0,18,群益金鼎-高盛,2023-07-10,9105
4414,如興,17,0,17,群益金鼎-高盛,2023-07-10,9105
4950,牧東,17,0,17,群益金鼎-高盛,2023-07-10,9105
4532,瑞智,45,29,16,群益金鼎-高盛,2023-07-10,9105
2801,彰銀,15,0,15,群益金鼎-高盛,2023-07-10,9105
6188,廣明,18,3,15,群益金鼎-高盛,2023-07-10,9105
3346,麗清,16,2,14,群益金鼎-高盛,2023-07-10,9105
2889,國票金,13,0,13,群益金鼎-高盛,2023-07-10,9105
3305,昇貿,20,7,13,群益金鼎-高盛,2023-07-10,9105
1101,台泥,17,5,12,群益金鼎-高盛,2023-07-10,9105
6015,宏遠證,11,0,11,群益金鼎-高盛,2023-07-10,9105
3313,斐成,11,0,11,群益金鼎-高盛,2023-07-10,9105
2356,英業達,21,11,10,群益金鼎-高盛,2023-07-10,9105
3706,神達,11,2,9,群益金鼎-高盛,2023-07-10,9105
2634,漢翔,10,1,9,群益金鼎-高盛,2023-07-10,9105
2303,聯電,8,0,8,群益金鼎-高盛,2023-07-10,9105
6770,力積電,9,1,8,群益金鼎-高盛,2023-07-10,9105
1609,大亞,16,8,8,群益金鼎-高盛,2023-07-10,9105
2402,毅嘉,11,3,8,群益金鼎-高盛,2023-07-10,9105
2867,三商壽,8,0,8,群益金鼎-高盛,2023-07-10,9105
6016,康和證,23,15,8,群益金鼎-高盛,2023-07-10,9105
6625,必應,8,0,8,群益金鼎-高盛,2023-07-10,9105
8034,榮群,8,0,8,群益金鼎-高盛,2023-07-10,9105
2454,聯發科,7,0,7,群益金鼎-高盛,2023-07-10,9105
1614,三洋電,8,1,7,群益金鼎-高盛,2023-07-10,9105
3321,同泰,7,0,7,群益金鼎-高盛,2023-07-10,9105
8289,泰藝,7,0,7,群益金鼎-高盛,2023-07-10,9105
3013,晟銘電,6,0,6,群益金鼎-高盛,2023-07-10,9105
2482,連宇,6,0,6,群益金鼎-高盛,2023-07-10,9105
2382,廣達,10,4,6,群益金鼎-高盛,2023-07-10,9105
2892,第一金,6,0,6,群益金鼎-高盛,2023-07-10,9105
2312,金寶,112,10,102,群益金鼎-高盛,2023-07-11,9105
9907,統一實,52,0,52,群益金鼎-高盛,2023-07-11,9105
4113,聯上,38,0,38,群益金鼎-高盛,2023-07-11,9105
2515,中工,32,0,32,群益金鼎-高盛,2023-07-11,9105
6442,光聖,31,0,31,群益金鼎-高盛,2023-07-11,9105
3025,星通,62,32,30,群益金鼎-高盛,2023-07-11,9105
3363,上詮,51,21,30,群益金鼎-高盛,2023-07-11,9105
6282,康舒,41,12,29,群益金鼎-高盛,2023-07-11,9105
9958,世紀鋼,27,0,27,群益金鼎-高盛,2023-07-11,9105
2323,中環,86,59,27,群益金鼎-高盛,2023-07-11,9105
3673,TPK-KY,18,0,18,群益金鼎-高盛,2023-07-11,9105
3041,揚智,20,2,18,群益金鼎-高盛,2023-07-11,9105
1101,台泥,17,0,17,群益金鼎-高盛,2023-07-11,9105
00715L,期街口布蘭特正2,15,0,15,群益金鼎-高盛,2023-07-11,9105
2383,台光電,18,3,15,群益金鼎-高盛,2023-07-11,9105
8426,紅木-KY,15,0,15,群益金鼎-高盛,2023-07-11,9105
00929,復華台灣科技優息,13,0,13,群益金鼎-高盛,2023-07-11,9105
2705,六福,14,1,13,群益金鼎-高盛,2023-07-11,9105
4510,高鋒,13,0,13,群益金鼎-高盛,2023-07-11,9105
00919,群益台灣精選高息,26,13,13,群益金鼎-高盛,2023-07-11,9105
1795,美時,12,0,12,群益金鼎-高盛,2023-07-11,9105
2537,聯上發,12,0,12,群益金鼎-高盛,2023-07-11,9105
3038,全台,12,0,12,群益金鼎-高盛,2023-07-11,9105
5864,致和證,11,0,11,群益金鼎-高盛,2023-07-11,9105
1605,華新,20,10,10,群益金鼎-高盛,2023-07-11,9105
2427,三商電,13,3,10,群益金鼎-高盛,2023-07-11,9105
00892,富邦台灣半導體,10,0,10,群益金鼎-高盛,2023-07-11,9105
00640L,富邦日本正2,10,0,10,群益金鼎-高盛,2023-07-11,9105
1514,亞力,35,25,10,群益金鼎-高盛,2023-07-11,9105
2028,威致,10,0,10,群益金鼎-高盛,2023-07-11,9105
2601,益航,10,0,10,群益金鼎-高盛,2023-07-11,9105
6535,順藥,10,0,10,群益金鼎-高盛,2023-07-11,9105
9962,有益,10,0,10,群益金鼎-高盛,2023-07-11,9105
3016,嘉晶,26,17,9,群益金鼎-高盛,2023-07-11,9105
1459,聯發,9,0,9,群益金鼎-高盛,2023-07-11,9105
2603,長榮,14,6,8,群益金鼎-高盛,2023-07-11,9105
1618,合機,17,9,8,群益金鼎-高盛,2023-07-11,9105
3704,合勤控,11,3,8,群益金鼎-高盛,2023-07-11,9105
6120,達運,73,65,8,群益金鼎-高盛,2023-07-11,9105
6223,旺矽,10,2,8,群益金鼎-高盛,2023-07-11,9105
2363,矽統,7,0,7,群益金鼎-高盛,2023-07-11,9105
2468,華經,7,0,7,群益金鼎-高盛,2023-07-11,9105
00673R,期元大S＆P原油反1,7,0,7,群益金鼎-高盛,2023-07-11,9105
2331,精英,7,0,7,群益金鼎-高盛,2023-07-11,9105
2457,飛宏,9,2,7,群益金鼎-高盛,2023-07-11,9105
3711,日月光投控,8,1,7,群益金鼎-高盛,2023-07-11,9105
5388,中磊,12,5,7,群益金鼎-高盛,2023-07-11,9105
5425,台半,19,12,7,群益金鼎-高盛,2023-07-11,9105
1301,台塑,7,1,6,群益金鼎-高盛,2023-07-11,9105
6789,采鈺,7,1,6,群益金鼎-高盛,2023-07-11,9105
2537,聯上發,150,0,150,群益金鼎-高盛,2023-07-12,9105
9925,新保,96,0,96,群益金鼎-高盛,2023-07-12,9105
00637L,元大滬深300正2,265,179,86,群益金鼎-高盛,2023-07-12,9105
2329,華泰,70,4,66,群益金鼎-高盛,2023-07-12,9105
6223,旺矽,53,2,51,群益金鼎-高盛,2023-07-12,9105
2206,三陽工業,56,5,51,群益金鼎-高盛,2023-07-12,9105
4113,聯上,50,0,50,群益金鼎-高盛,2023-07-12,9105
1815,富喬,46,0,46,群益金鼎-高盛,2023-07-12,9105
2606,裕民,33,0,33,群益金鼎-高盛,2023-07-12,9105
6282,康舒,32,4,28,群益金鼎-高盛,2023-07-12,9105
00669R,國泰美國道瓊反1,25,0,25,群益金鼎-高盛,2023-07-12,9105
1471,首利,26,1,25,群益金鼎-高盛,2023-07-12,9105
2014,中鴻,25,0,25,群益金鼎-高盛,2023-07-12,9105
2427,三商電,31,6,25,群益金鼎-高盛,2023-07-12,9105
00929,復華台灣科技優息,24,0,24,群益金鼎-高盛,2023-07-12,9105
2603,長榮,31,10,21,群益金鼎-高盛,2023-07-12,9105
2323,中環,23,2,21,群益金鼎-高盛,2023-07-12,9105
1314,中石化,20,0,20,群益金鼎-高盛,2023-07-12,9105
1514,亞力,30,10,20,群益金鼎-高盛,2023-07-12,9105
2617,台航,20,0,20,群益金鼎-高盛,2023-07-12,9105
4414,如興,20,0,20,群益金鼎-高盛,2023-07-12,9105
5864,致和證,20,0,20,群益金鼎-高盛,2023-07-12,9105
6167,久正,20,0,20,群益金鼎-高盛,2023-07-12,9105
9917,中保科,20,0,20,群益金鼎-高盛,2023-07-12,9105
00650L,復華香港正2,20,1,19,群益金鼎-高盛,2023-07-12,9105
6770,力積電,25,7,18,群益金鼎-高盛,2023-07-12,9105
1304,台聚,18,0,18,群益金鼎-高盛,2023-07-12,9105
2303,聯電,20,3,17,群益金鼎-高盛,2023-07-12,9105
00673R,期元大S＆P原油反1,16,0,16,群益金鼎-高盛,2023-07-12,9105
00679B,元大美債20年,26,10,16,群益金鼎-高盛,2023-07-12,9105
2481,強茂,37,21,16,群益金鼎-高盛,2023-07-12,9105
2402,毅嘉,16,1,15,群益金鼎-高盛,2023-07-12,9105
2468,華經,15,1,14,群益金鼎-高盛,2023-07-12,9105
2356,英業達,102,88,14,群益金鼎-高盛,2023-07-12,9105
2497,怡利電,16,3,13,群益金鼎-高盛,2023-07-12,9105
6129,普誠,12,0,12,群益金鼎-高盛,2023-07-12,9105
2399,映泰,19,8,11,群益金鼎-高盛,2023-07-12,9105
3202,樺晟,11,0,11,群益金鼎-高盛,2023-07-12,9105
2313,華通,10,0,10,群益金鼎-高盛,2023-07-12,9105
2371,大同,17,7,10,群益金鼎-高盛,2023-07-12,9105
1229,聯華,10,0,10,群益金鼎-高盛,2023-07-12,9105
1342,八貫,10,0,10,群益金鼎-高盛,2023-07-12,9105
1737,臺鹽,10,0,10,群益金鼎-高盛,2023-07-12,9105
2023,燁輝,10,0,10,群益金鼎-高盛,2023-07-12,9105
6233,旺玖,10,0,10,群益金鼎-高盛,2023-07-12,9105
6443,元晶,10,0,10,群益金鼎-高盛,2023-07-12,9105
8150,南茂,10,0,10,群益金鼎-高盛,2023-07-12,9105
3596,智易,10,1,9,群益金鼎-高盛,2023-07-12,9105
4306,炎洲,9,0,9,群益金鼎-高盛,2023-07-12,9105
2702,華園,8,0,8,群益金鼎-高盛,2023-07-12,9105
2481,強茂,113,9,104,群益金鼎-高盛,2023-07-13,9105
5864,致和證,88,0,88,群益金鼎-高盛,2023-07-13,9105
2618,長榮航,105,29,76,群益金鼎-高盛,2023-07-13,9105
00632R,元大台灣50反1,75,5,70,群益金鼎-高盛,2023-07-13,9105
3231,緯創,195,147,48,群益金鼎-高盛,2023-07-13,9105
00664R,國泰臺灣加權反1,50,5,45,群益金鼎-高盛,2023-07-13,9105
2409,友達,36,2,34,群益金鼎-高盛,2023-07-13,9105
3189,景碩,36,5,31,群益金鼎-高盛,2023-07-13,9105
2603,長榮,59,28,31,群益金鼎-高盛,2023-07-13,9105
1471,首利,30,1,29,群益金鼎-高盛,2023-07-13,9105
2329,華泰,52,23,29,群益金鼎-高盛,2023-07-13,9105
00673R,期元大S＆P原油反1,28,1,27,群益金鼎-高盛,2023-07-13,9105
00929,復華台灣科技優息,25,0,25,群益金鼎-高盛,2023-07-13,9105
5871,中租-KY,22,0,22,群益金鼎-高盛,2023-07-13,9105
2867,三商壽,22,0,22,群益金鼎-高盛,2023-07-13,9105
6443,元晶,25,3,22,群益金鼎-高盛,2023-07-13,9105
3062,建漢,21,0,21,群益金鼎-高盛,2023-07-13,9105
3374,精材,21,0,21,群益金鼎-高盛,2023-07-13,9105
2801,彰銀,20,0,20,群益金鼎-高盛,2023-07-13,9105
2449,京元電子,22,3,19,群益金鼎-高盛,2023-07-13,9105
5607,遠雄港,21,3,18,群益金鼎-高盛,2023-07-13,9105
1609,大亞,33,15,18,群益金鼎-高盛,2023-07-13,9105
2211,長榮鋼,16,0,16,群益金鼎-高盛,2023-07-13,9105
00892,富邦台灣半導體,16,0,16,群益金鼎-高盛,2023-07-13,9105
2891,中信金,20,5,15,群益金鼎-高盛,2023-07-13,9105
5009,榮剛,15,0,15,群益金鼎-高盛,2023-07-13,9105
1795,美時,14,0,14,群益金鼎-高盛,2023-07-13,9105
00930,永豐ESG低碳高息,14,0,14,群益金鼎-高盛,2023-07-13,9105
2303,聯電,15,1,14,群益金鼎-高盛,2023-07-13,9105
2482,連宇,14,0,14,群益金鼎-高盛,2023-07-13,9105
3596,智易,15,1,14,群益金鼎-高盛,2023-07-13,9105
9958,世紀鋼,15,2,13,群益金鼎-高盛,2023-07-13,9105
1514,亞力,12,0,12,群益金鼎-高盛,2023-07-13,9105
2301,光寶科,29,17,12,群益金鼎-高盛,2023-07-13,9105
3576,聯合再生,12,0,12,群益金鼎-高盛,2023-07-13,9105
1815,富喬,11,0,11,群益金鼎-高盛,2023-07-13,9105
5443,均豪,11,0,11,群益金鼎-高盛,2023-07-13,9105
1305,華夏,11,0,11,群益金鼎-高盛,2023-07-13,9105
2812,台中銀,10,0,10,群益金鼎-高盛,2023-07-13,9105
00722B,群益投資級電信債,10,0,10,群益金鼎-高盛,2023-07-13,9105
1737,臺鹽,10,0,10,群益金鼎-高盛,2023-07-13,9105
2323,中環,30,20,10,群益金鼎-高盛,2023-07-13,9105
3013,晟銘電,11,1,10,群益金鼎-高盛,2023-07-13,9105
4414,如興,10,0,10,群益金鼎-高盛,2023-07-13,9105
6245,立端,16,6,10,群益金鼎-高盛,2023-07-13,9105
6282,康舒,49,39,10,群益金鼎-高盛,2023-07-13,9105
8155,博智,16,6,10,群益金鼎-高盛,2023-07-13,9105
8403,盛弘,10,0,10,群益金鼎-高盛,2023-07-13,9105
6278,台表科,9,0,9,群益金鼎-高盛,2023-07-13,9105
1444,力麗,10,1,9,群益金鼎-高盛,2023-07-13,9105
8105,凌巨,320,2,318,群益金鼎-高盛,2023-07-14,9105
2610,華航,342,131,211,群益金鼎-高盛,2023-07-14,9105
2834,臺企銀,200,1,199,群益金鼎-高盛,2023-07-14,9105
2618,長榮航,198,22,176,群益金鼎-高盛,2023-07-14,9105
2312,金寶,106,4,102,群益金鼎-高盛,2023-07-14,9105
2329,華泰,125,27,98,群益金鼎-高盛,2023-07-14,9105
9925,新保,98,0,98,群益金鼎-高盛,2023-07-14,9105
1618,合機,84,21,63,群益金鼎-高盛,2023-07-14,9105
8021,尖點,51,2,49,群益金鼎-高盛,2023-07-14,9105
3049,精金,34,0,34,群益金鼎-高盛,2023-07-14,9105
00929,復華台灣科技優息,31,0,31,群益金鼎-高盛,2023-07-14,9105
00671R,富邦NASDAQ反1,30,0,30,群益金鼎-高盛,2023-07-14,9105
2302,麗正,30,0,30,群益金鼎-高盛,2023-07-14,9105
3231,緯創,37,7,30,群益金鼎-高盛,2023-07-14,9105
1444,力麗,30,1,29,群益金鼎-高盛,2023-07-14,9105
9917,中保科,28,0,28,群益金鼎-高盛,2023-07-14,9105
00637L,元大滬深300正2,56,29,27,群益金鼎-高盛,2023-07-14,9105
00679B,元大美債20年,25,0,25,群益金鼎-高盛,2023-07-14,9105
2301,光寶科,39,16,23,群益金鼎-高盛,2023-07-14,9105
00895,富邦未來車,20,0,20,群益金鼎-高盛,2023-07-14,9105
1108,幸福,20,0,20,群益金鼎-高盛,2023-07-14,9105
2801,彰銀,20,0,20,群益金鼎-高盛,2023-07-14,9105
4533,協易機,30,10,20,群益金鼎-高盛,2023-07-14,9105
5258,虹堡,70,51,19,群益金鼎-高盛,2023-07-14,9105
00673R,期元大S＆P原油反1,18,0,18,群益金鼎-高盛,2023-07-14,9105
2603,長榮,29,11,18,群益金鼎-高盛,2023-07-14,9105
4414,如興,17,0,17,群益金鼎-高盛,2023-07-14,9105
2009,第一銅,15,1,14,群益金鼎-高盛,2023-07-14,9105
2371,大同,59,46,13,群益金鼎-高盛,2023-07-14,9105
2421,建準,33,21,12,群益金鼎-高盛,2023-07-14,9105
2409,友達,22,10,12,群益金鼎-高盛,2023-07-14,9105
2382,廣達,50,39,11,群益金鼎-高盛,2023-07-14,9105
6111,大宇資,21,10,11,群益金鼎-高盛,2023-07-14,9105
00885,富邦越南,10,0,10,群益金鼎-高盛,2023-07-14,9105
00930,永豐ESG低碳高息,10,0,10,群益金鼎-高盛,2023-07-14,9105
00687B,國泰20年美債,10,0,10,群益金鼎-高盛,2023-07-14,9105
00655L,國泰中國A50正2,10,0,10,群益金鼎-高盛,2023-07-14,9105
1217,愛之味,10,0,10,群益金鼎-高盛,2023-07-14,9105
1532,勤美,10,0,10,群益金鼎-高盛,2023-07-14,9105
2412,中華電,13,3,10,群益金鼎-高盛,2023-07-14,9105
2542,興富發,10,0,10,群益金鼎-高盛,2023-07-14,9105
2617,台航,10,0,10,群益金鼎-高盛,2023-07-14,9105
2303,聯電,24,14,10,群益金鼎-高盛,2023-07-14,9105
00712,復華富時不動產,11,2,9,群益金鼎-高盛,2023-07-14,9105
1229,聯華,10,1,9,群益金鼎-高盛,2023-07-14,9105
1815,富喬,12,3,9,群益金鼎-高盛,2023-07-14,9105
6248,沛波,10,1,9,群益金鼎-高盛,2023-07-14,9105
00892,富邦台灣半導體,13,5,8,群益金鼎-高盛,2023-07-14,9105
2206,三陽工業,9,1,8,群益金鼎-高盛,2023-07-14,9105
3149,正達,10,2,8,群益金鼎-高盛,2023-07-14,9105
1101,台泥,210,3,207,群益金鼎-高盛,2023-07-17,9105
9925,新保,119,0,119,群益金鼎-高盛,2023-07-17,9105
00929,復華台灣科技優息,77,0,77,群益金鼎-高盛,2023-07-17,9105
9942,茂順,76,0,76,群益金鼎-高盛,2023-07-17,9105
00637L,元大滬深300正2,115,55,60,群益金鼎-高盛,2023-07-17,9105
1305,華夏,50,0,50,群益金鼎-高盛,2023-07-17,9105
8021,尖點,50,4,46,群益金鼎-高盛,2023-07-17,9105
2312,金寶,46,6,40,群益金鼎-高盛,2023-07-17,9105
6179,亞通,37,0,37,群益金鼎-高盛,2023-07-17,9105
3037,欣興,41,6,35,群益金鼎-高盛,2023-07-17,9105
2537,聯上發,33,0,33,群益金鼎-高盛,2023-07-17,9105
8076,伍豐,30,0,30,群益金鼎-高盛,2023-07-17,9105
0056,元大高股息,43,13,30,群益金鼎-高盛,2023-07-17,9105
1584,精剛,31,2,29,群益金鼎-高盛,2023-07-17,9105
6733,博晟生醫,30,1,29,群益金鼎-高盛,2023-07-17,9105
2352,佳世達,34,11,23,群益金鼎-高盛,2023-07-17,9105
2206,三陽工業,25,4,21,群益金鼎-高盛,2023-07-17,9105
2603,長榮,28,7,21,群益金鼎-高盛,2023-07-17,9105
1531,高林股,20,0,20,群益金鼎-高盛,2023-07-17,9105
9917,中保科,20,0,20,群益金鼎-高盛,2023-07-17,9105
3607,谷崧,20,0,20,群益金鼎-高盛,2023-07-17,9105
2467,志聖,20,1,19,群益金鼎-高盛,2023-07-17,9105
6841,長佳智能,19,0,19,群益金鼎-高盛,2023-07-17,9105
6770,力積電,20,3,17,群益金鼎-高盛,2023-07-17,9105
3380,明泰,30,14,16,群益金鼎-高盛,2023-07-17,9105
6122,擎邦,16,0,16,群益金鼎-高盛,2023-07-17,9105
00919,群益台灣精選高息,16,0,16,群益金鼎-高盛,2023-07-17,9105
5465,富驊,16,2,14,群益金鼎-高盛,2023-07-17,9105
00888,永豐台灣ESG,13,0,13,群益金鼎-高盛,2023-07-17,9105
2371,大同,33,21,12,群益金鼎-高盛,2023-07-17,9105
9958,世紀鋼,18,6,12,群益金鼎-高盛,2023-07-17,9105
8155,博智,12,0,12,群益金鼎-高盛,2023-07-17,9105
00930,永豐ESG低碳高息,11,0,11,群益金鼎-高盛,2023-07-17,9105
2022,聚亨,11,0,11,群益金鼎-高盛,2023-07-17,9105
2359,所羅門,46,35,11,群益金鼎-高盛,2023-07-17,9105
2609,陽明,45,35,10,群益金鼎-高盛,2023-07-17,9105
00642U,期元大S＆P石油,10,0,10,群益金鼎-高盛,2023-07-17,9105
020022,元大電動車N,10,0,10,群益金鼎-高盛,2023-07-17,9105
1229,聯華,10,0,10,群益金鼎-高盛,2023-07-17,9105
2023,燁輝,10,0,10,群益金鼎-高盛,2023-07-17,9105
2838,聯邦銀,10,0,10,群益金鼎-高盛,2023-07-17,9105
3094,聯傑,11,1,10,群益金鼎-高盛,2023-07-17,9105
3323,加百裕,10,0,10,群益金鼎-高盛,2023-07-17,9105
3710,連展投控,12,2,10,群益金鼎-高盛,2023-07-17,9105
4414,如興,10,0,10,群益金鼎-高盛,2023-07-17,9105
8110,華東,10,0,10,群益金鼎-高盛,2023-07-17,9105
2303,聯電,20,10,10,群益金鼎-高盛,2023-07-17,9105
1217,愛之味,10,0,10,群益金鼎-高盛,2023-07-17,9105
2301,光寶科,35,25,10,群益金鼎-高盛,2023-07-17,9105
1504,東元,18,9,9,群益金鼎-高盛,2023-07-17,9105
6282,康舒,161,56,105,群益金鼎-高盛,2023-07-18,9105
2537,聯上發,100,0,100,群益金鼎-高盛,2023-07-18,9105
2845,遠東銀,80,0,80,群益金鼎-高盛,2023-07-18,9105
2324,仁寶,106,33,73,群益金鼎-高盛,2023-07-18,9105
6248,沛波,62,0,62,群益金鼎-高盛,2023-07-18,9105
3078,僑威,70,10,60,群益金鼎-高盛,2023-07-18,9105
9942,茂順,59,0,59,群益金鼎-高盛,2023-07-18,9105
2888,新光金,53,2,51,群益金鼎-高盛,2023-07-18,9105
1815,富喬,50,0,50,群益金鼎-高盛,2023-07-18,9105
6841,長佳智能,55,6,49,群益金鼎-高盛,2023-07-18,9105
3518,柏騰,43,1,42,群益金鼎-高盛,2023-07-18,9105
6179,亞通,40,3,37,群益金鼎-高盛,2023-07-18,9105
2412,中華電,31,0,31,群益金鼎-高盛,2023-07-18,9105
3047,訊舟,30,0,30,群益金鼎-高盛,2023-07-18,9105
6188,廣明,57,28,29,群益金鼎-高盛,2023-07-18,9105
5258,虹堡,33,4,29,群益金鼎-高盛,2023-07-18,9105
2890,永豐金,41,15,26,群益金鼎-高盛,2023-07-18,9105
1514,亞力,35,10,25,群益金鼎-高盛,2023-07-18,9105
5608,四維航,25,0,25,群益金鼎-高盛,2023-07-18,9105
00882,中信中國高股息,23,0,23,群益金鼎-高盛,2023-07-18,9105
2374,佳能,23,0,23,群益金鼎-高盛,2023-07-18,9105
9925,新保,22,0,22,群益金鼎-高盛,2023-07-18,9105
1605,華新,22,0,22,群益金鼎-高盛,2023-07-18,9105
2353,宏��,103,83,20,群益金鼎-高盛,2023-07-18,9105
00687B,國泰20年美債,20,0,20,群益金鼎-高盛,2023-07-18,9105
1313,聯成,27,7,20,群益金鼎-高盛,2023-07-18,9105
2365,昆盈,20,0,20,群益金鼎-高盛,2023-07-18,9105
2641,正德,20,0,20,群益金鼎-高盛,2023-07-18,9105
00878,國泰永續高股息,63,44,19,群益金鼎-高盛,2023-07-18,9105
2427,三商電,21,2,19,群益金鼎-高盛,2023-07-18,9105
3032,偉訓,22,3,19,群益金鼎-高盛,2023-07-18,9105
3380,明泰,24,5,19,群益金鼎-高盛,2023-07-18,9105
0056,元大高股息,54,35,19,群益金鼎-高盛,2023-07-18,9105
2402,毅嘉,25,7,18,群益金鼎-高盛,2023-07-18,9105
8059,凱碩,23,5,18,群益金鼎-高盛,2023-07-18,9105
2409,友達,19,2,17,群益金鼎-高盛,2023-07-18,9105
2328,廣宇,34,18,16,群益金鼎-高盛,2023-07-18,9105
2884,玉山金,16,0,16,群益金鼎-高盛,2023-07-18,9105
020022,元大電動車N,15,0,15,群益金鼎-高盛,2023-07-18,9105
4532,瑞智,15,2,13,群益金鼎-高盛,2023-07-18,9105
2337,旺宏,14,1,13,群益金鼎-高盛,2023-07-18,9105
00888,永豐台灣ESG,12,0,12,群益金鼎-高盛,2023-07-18,9105
00665L,富邦�琤肭磪囓�2,12,0,12,群益金鼎-高盛,2023-07-18,9105
2610,華航,34,22,12,群益金鼎-高盛,2023-07-18,9105
1905,華紙,13,2,11,群益金鼎-高盛,2023-07-18,9105
6167,久正,11,0,11,群益金鼎-高盛,2023-07-18,9105
8092,建暐,11,0,11,群益金鼎-高盛,2023-07-18,9105
5309,系統電,10,0,10,群益金鼎-高盛,2023-07-18,9105
3013,晟銘電,10,0,10,群益金鼎-高盛,2023-07-18,9105
2399,映泰,34,24,10,群益金鼎-高盛,2023-07-18,9105
2887,台新金,290,1,289,群益金鼎-高盛,2023-07-19,9105
2801,彰銀,200,1,199,群益金鼎-高盛,2023-07-19,9105
2324,仁寶,178,36,142,群益金鼎-高盛,2023-07-19,9105
2888,新光金,73,19,54,群益金鼎-高盛,2023-07-19,9105
2023,燁輝,51,0,51,群益金鼎-高盛,2023-07-19,9105
1304,台聚,50,0,50,群益金鼎-高盛,2023-07-19,9105
2208,台船,51,1,50,群益金鼎-高盛,2023-07-19,9105
00637L,元大滬深300正2,75,30,45,群益金鼎-高盛,2023-07-19,9105
1605,華新,46,3,43,群益金鼎-高盛,2023-07-19,9105
00878,國泰永續高股息,90,50,40,群益金鼎-高盛,2023-07-19,9105
00669R,國泰美國道瓊反1,36,0,36,群益金鼎-高盛,2023-07-19,9105
2303,聯電,37,2,35,群益金鼎-高盛,2023-07-19,9105
2890,永豐金,31,0,31,群益金鼎-高盛,2023-07-19,9105
8201,無敵,30,0,30,群益金鼎-高盛,2023-07-19,9105
00712,復華富時不動產,30,8,22,群益金鼎-高盛,2023-07-19,9105
9942,茂順,20,0,20,群益金鼎-高盛,2023-07-19,9105
3432,台端,25,6,19,群益金鼎-高盛,2023-07-19,9105
6114,久威,20,1,19,群益金鼎-高盛,2023-07-19,9105
2317,鴻海,23,5,18,群益金鼎-高盛,2023-07-19,9105
2867,三商壽,16,0,16,群益金鼎-高盛,2023-07-19,9105
2359,所羅門,17,1,16,群益金鼎-高盛,2023-07-19,9105
1319,東陽,15,0,15,群益金鼎-高盛,2023-07-19,9105
6235,華孚,21,7,14,群益金鼎-高盛,2023-07-19,9105
2481,強茂,15,1,14,群益金鼎-高盛,2023-07-19,9105
6116,彩晶,18,4,14,群益金鼎-高盛,2023-07-19,9105
2461,光群雷,16,3,13,群益金鼎-高盛,2023-07-19,9105
4744,皇將,14,1,13,群益金鼎-高盛,2023-07-19,9105
6207,雷科,13,0,13,群益金鼎-高盛,2023-07-19,9105
00882,中信中國高股息,12,0,12,群益金鼎-高盛,2023-07-19,9105
2610,華航,47,35,12,群益金鼎-高盛,2023-07-19,9105
00929,復華台灣科技優息,11,0,11,群益金鼎-高盛,2023-07-19,9105
9105,泰金寶-DR,10,0,10,群益金鼎-高盛,2023-07-19,9105
1101,台泥,16,6,10,群益金鼎-高盛,2023-07-19,9105
00852L,國泰美國道瓊正2,10,0,10,群益金鼎-高盛,2023-07-19,9105
00895,富邦未來車,20,10,10,群益金鼎-高盛,2023-07-19,9105
2038,海光,10,0,10,群益金鼎-高盛,2023-07-19,9105
2338,光罩,10,0,10,群益金鼎-高盛,2023-07-19,9105
2349,錸德,10,0,10,群益金鼎-高盛,2023-07-19,9105
5701,劍湖山,10,0,10,群益金鼎-高盛,2023-07-19,9105
8092,建暐,10,0,10,群益金鼎-高盛,2023-07-19,9105
2485,兆赫,10,0,10,群益金鼎-高盛,2023-07-19,9105
3706,神達,101,92,9,群益金鼎-高盛,2023-07-19,9105
2362,藍天,11,2,9,群益金鼎-高盛,2023-07-19,9105
1789,神隆,16,7,9,群益金鼎-高盛,2023-07-19,9105
3055,蔚華科,9,0,9,群益金鼎-高盛,2023-07-19,9105
3711,日月光投控,9,0,9,群益金鼎-高盛,2023-07-19,9105
2323,中環,9,1,8,群益金鼎-高盛,2023-07-19,9105
2482,連宇,8,0,8,群益金鼎-高盛,2023-07-19,9105
3033,威健,7,0,7,群益金鼎-高盛,2023-07-19,9105
2363,矽統,7,0,7,群益金鼎-高盛,2023-07-19,9105
1102,亞泥,354,3,351,群益金鼎-高盛,2023-07-20,9105
9942,茂順,54,0,54,群益金鼎-高盛,2023-07-20,9105
6116,彩晶,52,0,52,群益金鼎-高盛,2023-07-20,9105
9925,新保,48,0,48,群益金鼎-高盛,2023-07-20,9105
6770,力積電,51,6,45,群益金鼎-高盛,2023-07-20,9105
00929,復華台灣科技優息,39,0,39,群益金鼎-高盛,2023-07-20,9105
2303,聯電,62,26,36,群益金鼎-高盛,2023-07-20,9105
00650L,復華香港正2,54,22,32,群益金鼎-高盛,2023-07-20,9105
1810,和成,30,0,30,群益金鼎-高盛,2023-07-20,9105
2002,中鋼,53,23,30,群益金鼎-高盛,2023-07-20,9105
2301,光寶科,40,10,30,群益金鼎-高盛,2023-07-20,9105
00664R,國泰臺灣加權反1,28,2,26,群益金鼎-高盛,2023-07-20,9105
00632R,元大台灣50反1,23,0,23,群益金鼎-高盛,2023-07-20,9105
2329,華泰,40,17,23,群益金鼎-高盛,2023-07-20,9105
5864,致和證,20,0,20,群益金鼎-高盛,2023-07-20,9105
2206,三陽工業,20,4,16,群益金鼎-高盛,2023-07-20,9105
3037,欣興,24,9,15,群益金鼎-高盛,2023-07-20,9105
2331,精英,16,2,14,群益金鼎-高盛,2023-07-20,9105
8215,明基材,15,1,14,群益金鼎-高盛,2023-07-20,9105
3231,緯創,20,7,13,群益金鼎-高盛,2023-07-20,9105
3059,華晶科,13,0,13,群益金鼎-高盛,2023-07-20,9105
5351,鈺創,14,1,13,群益金鼎-高盛,2023-07-20,9105
6530,創威,17,4,13,群益金鼎-高盛,2023-07-20,9105
1101,台泥,13,1,12,群益金鼎-高盛,2023-07-20,9105
2022,聚亨,12,0,12,群益金鼎-高盛,2023-07-20,9105
2312,金寶,35,23,12,群益金鼎-高盛,2023-07-20,9105
1522,堤維西,12,1,11,群益金鼎-高盛,2023-07-20,9105
1789,神隆,11,0,11,群益金鼎-高盛,2023-07-20,9105
1805,寶徠,11,0,11,群益金鼎-高盛,2023-07-20,9105
2630,亞航,26,15,11,群益金鼎-高盛,2023-07-20,9105
3032,偉訓,17,6,11,群益金鼎-高盛,2023-07-20,9105
6443,元晶,11,0,11,群益金鼎-高盛,2023-07-20,9105
6531,愛普*,12,1,11,群益金鼎-高盛,2023-07-20,9105
3013,晟銘電,12,1,11,群益金鼎-高盛,2023-07-20,9105
00655L,國泰中國A50正2,10,0,10,群益金鼎-高盛,2023-07-20,9105
00669R,國泰美國道瓊反1,10,0,10,群益金鼎-高盛,2023-07-20,9105
2461,光群雷,18,8,10,群益金鼎-高盛,2023-07-20,9105
3481,群創,22,13,9,群益金鼎-高盛,2023-07-20,9105
2867,三商壽,10,1,9,群益金鼎-高盛,2023-07-20,9105
2405,輔信,15,6,9,群益金鼎-高盛,2023-07-20,9105
4155,訊映,9,0,9,群益金鼎-高盛,2023-07-20,9105
6282,康舒,44,35,9,群益金鼎-高盛,2023-07-20,9105
2337,旺宏,8,0,8,群益金鼎-高盛,2023-07-20,9105
2449,京元電子,11,3,8,群益金鼎-高盛,2023-07-20,9105
3432,台端,8,0,8,群益金鼎-高盛,2023-07-20,9105
6016,康和證,10,2,8,群益金鼎-高盛,2023-07-20,9105
2211,長榮鋼,10,3,7,群益金鼎-高盛,2023-07-20,9105
4106,雃博,7,0,7,群益金鼎-高盛,2023-07-20,9105
4123,晟德,48,41,7,群益金鼎-高盛,2023-07-20,9105
8933,愛地雅,7,1,6,群益金鼎-高盛,2023-07-20,9105
8105,凌巨,200,0,200,群益金鼎-高盛,2023-07-21,9105
2332,友訊,80,0,80,群益金鼎-高盛,2023-07-21,9105
1471,首利,73,0,73,群益金鼎-高盛,2023-07-21,9105
00669R,國泰美國道瓊反1,65,0,65,群益金鼎-高盛,2023-07-21,9105
1531,高林股,60,0,60,群益金鼎-高盛,2023-07-21,9105
2618,長榮航,70,24,46,群益金鼎-高盛,2023-07-21,9105
1326,台化,40,0,40,群益金鼎-高盛,2023-07-21,9105
1815,富喬,40,0,40,群益金鼎-高盛,2023-07-21,9105
1513,中興電,74,40,34,群益金鼎-高盛,2023-07-21,9105
8933,愛地雅,31,0,31,群益金鼎-高盛,2023-07-21,9105
1439,雋揚,31,0,31,群益金鼎-高盛,2023-07-21,9105
2330,台積電,31,4,27,群益金鼎-高盛,2023-07-21,9105
3357,臺慶科,25,0,25,群益金鼎-高盛,2023-07-21,9105
2609,陽明,40,16,24,群益金鼎-高盛,2023-07-21,9105
9925,新保,22,0,22,群益金鼎-高盛,2023-07-21,9105
2303,聯電,29,7,22,群益金鼎-高盛,2023-07-21,9105
2329,華泰,31,11,20,群益金鼎-高盛,2023-07-21,9105
6861,睿生光電,20,0,20,群益金鼎-高盛,2023-07-21,9105
00893,國泰智能電動車,20,2,18,群益金鼎-高盛,2023-07-21,9105
3013,晟銘電,32,16,16,群益金鼎-高盛,2023-07-21,9105
1708,東鹼,55,42,13,群益金鼎-高盛,2023-07-21,9105
2421,建準,36,23,13,群益金鼎-高盛,2023-07-21,9105
2634,漢翔,17,4,13,群益金鼎-高盛,2023-07-21,9105
2705,六福,20,7,13,群益金鼎-高盛,2023-07-21,9105
6116,彩晶,20,7,13,群益金鼎-高盛,2023-07-21,9105
00712,復華富時不動產,12,0,12,群益金鼎-高盛,2023-07-21,9105
00927,群益半導體收益,22,10,12,群益金鼎-高盛,2023-07-21,9105
2014,中鴻,13,1,12,群益金鼎-高盛,2023-07-21,9105
2515,中工,12,0,12,群益金鼎-高盛,2023-07-21,9105
6112,邁達特,29,17,12,群益金鼎-高盛,2023-07-21,9105
2356,英業達,42,30,12,群益金鼎-高盛,2023-07-21,9105
2324,仁寶,20,9,11,群益金鼎-高盛,2023-07-21,9105
6158,禾昌,12,1,11,群益金鼎-高盛,2023-07-21,9105
00928,中信上櫃ESG30,10,0,10,群益金鼎-高盛,2023-07-21,9105
2630,亞航,25,15,10,群益金鼎-高盛,2023-07-21,9105
2801,彰銀,10,0,10,群益金鼎-高盛,2023-07-21,9105
3033,威健,10,0,10,群益金鼎-高盛,2023-07-21,9105
3581,博磊,10,2,8,群益金鼎-高盛,2023-07-21,9105
4123,晟德,11,3,8,群益金鼎-高盛,2023-07-21,9105
6179,亞通,8,0,8,群益金鼎-高盛,2023-07-21,9105
2382,廣達,89,81,8,群益金鼎-高盛,2023-07-21,9105
1102,亞泥,7,0,7,群益金鼎-高盛,2023-07-21,9105
3037,欣興,10,3,7,群益金鼎-高盛,2023-07-21,9105
00675L,富邦臺灣加權正2,7,0,7,群益金鼎-高盛,2023-07-21,9105
2337,旺宏,7,0,7,群益金鼎-高盛,2023-07-21,9105
5009,榮剛,7,0,7,群益金鼎-高盛,2023-07-21,9105
2317,鴻海,6,0,6,群益金鼎-高盛,2023-07-21,9105
3289,宜特,7,1,6,群益金鼎-高盛,2023-07-21,9105
1805,寶徠,6,0,6,群益金鼎-高盛,2023-07-21,9105
2354,鴻準,6,0,6,群益金鼎-高盛,2023-07-21,9105
2891,中信金,200,0,200,群益金鼎-高盛,2023-07-24,9105
6005,群益證,150,0,150,群益金鼎-高盛,2023-07-24,9105
2537,聯上發,96,0,96,群益金鼎-高盛,2023-07-24,9105
1721,三晃,55,0,55,群益金鼎-高盛,2023-07-24,9105
3078,僑威,55,2,53,群益金鼎-高盛,2023-07-24,9105
9942,茂順,49,0,49,群益金鼎-高盛,2023-07-24,9105
00929,復華台灣科技優息,42,0,42,群益金鼎-高盛,2023-07-24,9105
2356,英業達,70,31,39,群益金鼎-高盛,2023-07-24,9105
8234,新漢,61,31,30,群益金鼎-高盛,2023-07-24,9105
00927,群益半導體收益,30,0,30,群益金鼎-高盛,2023-07-24,9105
2618,長榮航,34,5,29,群益金鼎-高盛,2023-07-24,9105
1805,寶徠,27,0,27,群益金鼎-高盛,2023-07-24,9105
1210,大成,23,0,23,群益金鼎-高盛,2023-07-24,9105
4938,和碩,25,3,22,群益金鼎-高盛,2023-07-24,9105
00715L,期街口布蘭特正2,30,9,21,群益金鼎-高盛,2023-07-24,9105
2027,大成鋼,21,0,21,群益金鼎-高盛,2023-07-24,9105
6841,長佳智能,24,3,21,群益金鼎-高盛,2023-07-24,9105
2801,彰銀,20,0,20,群益金鼎-高盛,2023-07-24,9105
6282,康舒,19,1,18,群益金鼎-高盛,2023-07-24,9105
1102,亞泥,17,0,17,群益金鼎-高盛,2023-07-24,9105
1609,大亞,49,32,17,群益金鼎-高盛,2023-07-24,9105
2324,仁寶,22,7,15,群益金鼎-高盛,2023-07-24,9105
2419,仲琦,25,10,15,群益金鼎-高盛,2023-07-24,9105
2323,中環,15,1,14,群益金鼎-高盛,2023-07-24,9105
3305,昇貿,20,9,11,群益金鼎-高盛,2023-07-24,9105
4533,協易機,11,0,11,群益金鼎-高盛,2023-07-24,9105
1504,東元,32,21,11,群益金鼎-高盛,2023-07-24,9105
2353,宏��,27,16,11,群益金鼎-高盛,2023-07-24,9105
2887,台新金,11,0,11,群益金鼎-高盛,2023-07-24,9105
6116,彩晶,13,2,11,群益金鼎-高盛,2023-07-24,9105
8034,榮群,11,0,11,群益金鼎-高盛,2023-07-24,9105
2609,陽明,17,7,10,群益金鼎-高盛,2023-07-24,9105
1229,聯華,10,0,10,群益金鼎-高盛,2023-07-24,9105
00632R,元大台灣50反1,10,0,10,群益金鼎-高盛,2023-07-24,9105
1439,雋揚,10,0,10,群益金鼎-高盛,2023-07-24,9105
2399,映泰,10,0,10,群益金鼎-高盛,2023-07-24,9105
3530,晶相光,10,0,10,群益金鼎-高盛,2023-07-24,9105
5381,合正,10,0,10,群益金鼎-高盛,2023-07-24,9105
6209,今國光,10,0,10,群益金鼎-高盛,2023-07-24,9105
6861,睿生光電,10,0,10,群益金鼎-高盛,2023-07-24,9105
1514,亞力,11,2,9,群益金鼎-高盛,2023-07-24,9105
6770,力積電,18,10,8,群益金鼎-高盛,2023-07-24,9105
4927,泰鼎-KY,8,0,8,群益金鼎-高盛,2023-07-24,9105
6188,廣明,23,16,7,群益金鼎-高盛,2023-07-24,9105
5425,台半,7,0,7,群益金鼎-高盛,2023-07-24,9105
5469,瀚宇博,15,8,7,群益金鼎-高盛,2023-07-24,9105
6451,訊芯-KY,7,0,7,群益金鼎-高盛,2023-07-24,9105
6708,天擎,7,0,7,群益金鼎-高盛,2023-07-24,9105
8087,麗升能源,7,0,7,群益金鼎-高盛,2023-07-24,9105
1513,中興電,11,5,6,群益金鼎-高盛,2023-07-24,9105
1301,台塑,82,0,82,群益金鼎-高盛,2023-07-25,9105
00878,國泰永續高股息,115,47,68,群益金鼎-高盛,2023-07-25,9105
3232,昱捷,51,0,51,群益金鼎-高盛,2023-07-25,9105
9925,新保,46,0,46,群益金鼎-高盛,2023-07-25,9105
2371,大同,39,9,30,群益金鼎-高盛,2023-07-25,9105
00673R,期元大S＆P原油反1,34,5,29,群益金鼎-高盛,2023-07-25,9105
2356,英業達,36,12,24,群益金鼎-高盛,2023-07-25,9105
2609,陽明,21,0,21,群益金鼎-高盛,2023-07-25,9105
1805,寶徠,17,0,17,群益金鼎-高盛,2023-07-25,9105
3055,蔚華科,15,0,15,群益金鼎-高盛,2023-07-25,9105
6125,廣運,37,23,14,群益金鼎-高盛,2023-07-25,9105
1905,華紙,34,21,13,群益金鼎-高盛,2023-07-25,9105
8110,華東,13,0,13,群益金鼎-高盛,2023-07-25,9105
3227,原相,18,7,11,群益金鼎-高盛,2023-07-25,9105
8028,昇陽半導體,11,0,11,群益金鼎-高盛,2023-07-25,9105
9958,世紀鋼,12,1,11,群益金鼎-高盛,2023-07-25,9105
6282,康舒,62,52,10,群益金鼎-高盛,2023-07-25,9105
00632R,元大台灣50反1,10,0,10,群益金鼎-高盛,2023-07-25,9105
1229,聯華,10,0,10,群益金鼎-高盛,2023-07-25,9105
2352,佳世達,60,50,10,群益金鼎-高盛,2023-07-25,9105
2881,富邦金,10,0,10,群益金鼎-高盛,2023-07-25,9105
3025,星通,14,4,10,群益金鼎-高盛,2023-07-25,9105
3567,逸昌,10,0,10,群益金鼎-高盛,2023-07-25,9105
9904,寶成,10,0,10,群益金鼎-高盛,2023-07-25,9105
6116,彩晶,13,4,9,群益金鼎-高盛,2023-07-25,9105
6126,信音,9,0,9,群益金鼎-高盛,2023-07-25,9105
1609,大亞,24,16,8,群益金鼎-高盛,2023-07-25,9105
2453,凌群,14,6,8,群益金鼎-高盛,2023-07-25,9105
6155,鈞寶,8,0,8,群益金鼎-高盛,2023-07-25,9105
00631L,元大台灣50正2,7,0,7,群益金鼎-高盛,2023-07-25,9105
4414,如興,7,0,7,群益金鼎-高盛,2023-07-25,9105
8996,高力,10,3,7,群益金鼎-高盛,2023-07-25,9105
2354,鴻準,38,32,6,群益金鼎-高盛,2023-07-25,9105
1439,雋揚,6,0,6,群益金鼎-高盛,2023-07-25,9105
6449,鈺邦,8,2,6,群益金鼎-高盛,2023-07-25,9105
3037,欣興,53,48,5,群益金鼎-高盛,2023-07-25,9105
3013,晟銘電,24,19,5,群益金鼎-高盛,2023-07-25,9105
1227,佳格,5,0,5,群益金鼎-高盛,2023-07-25,9105
2316,楠梓電,8,3,5,群益金鼎-高盛,2023-07-25,9105
2402,毅嘉,8,3,5,群益金鼎-高盛,2023-07-25,9105
2468,華經,10,5,5,群益金鼎-高盛,2023-07-25,9105
5426,振發,6,1,5,群益金鼎-高盛,2023-07-25,9105
5443,均豪,13,8,5,群益金鼎-高盛,2023-07-25,9105
6264,富裔,5,0,5,群益金鼎-高盛,2023-07-25,9105
2002,中鋼,8,3,5,群益金鼎-高盛,2023-07-25,9105
2363,矽統,5,1,4,群益金鼎-高盛,2023-07-25,9105
5474,聰泰,6,2,4,群益金鼎-高盛,2023-07-25,9105
1517,利奇,4,0,4,群益金鼎-高盛,2023-07-25,9105
1781,合世,4,0,4,群益金鼎-高盛,2023-07-25,9105
2392,正崴,4,0,4,群益金鼎-高盛,2023-07-25,9105
6005,群益證,163,5,158,群益金鼎-高盛,2023-07-26,9105
5483,中美晶,70,2,68,群益金鼎-高盛,2023-07-26,9105
00929,復華台灣科技優息,54,7,47,群益金鼎-高盛,2023-07-26,9105
4168,醣聯,45,4,41,群益金鼎-高盛,2023-07-26,9105
6282,康舒,66,26,40,群益金鼎-高盛,2023-07-26,9105
00878,國泰永續高股息,43,4,39,群益金鼎-高盛,2023-07-26,9105
3078,僑威,40,5,35,群益金鼎-高盛,2023-07-26,9105
2515,中工,30,0,30,群益金鼎-高盛,2023-07-26,9105
2371,大同,35,6,29,群益金鼎-高盛,2023-07-26,9105
5258,虹堡,26,3,23,群益金鼎-高盛,2023-07-26,9105
2376,技嘉,28,6,22,群益金鼎-高盛,2023-07-26,9105
6016,康和證,20,0,20,群益金鼎-高盛,2023-07-26,9105
6139,亞翔,24,4,20,群益金鼎-高盛,2023-07-26,9105
8928,鉅明,20,0,20,群益金鼎-高盛,2023-07-26,9105
3481,群創,38,18,20,群益金鼎-高盛,2023-07-26,9105
2359,所羅門,55,36,19,群益金鼎-高盛,2023-07-26,9105
8358,金居,73,54,19,群益金鼎-高盛,2023-07-26,9105
4533,協易機,28,11,17,群益金鼎-高盛,2023-07-26,9105
8093,保銳,16,0,16,群益金鼎-高盛,2023-07-26,9105
2887,台新金,17,2,15,群益金鼎-高盛,2023-07-26,9105
1504,東元,100,85,15,群益金鼎-高盛,2023-07-26,9105
1439,雋揚,14,0,14,群益金鼎-高盛,2023-07-26,9105
3711,日月光投控,28,15,13,群益金鼎-高盛,2023-07-26,9105
00730,富邦臺灣優質高息,12,0,12,群益金鼎-高盛,2023-07-26,9105
2344,華邦電,15,3,12,群益金鼎-高盛,2023-07-26,9105
3287,廣寰科,12,0,12,群益金鼎-高盛,2023-07-26,9105
3583,辛耘,18,7,11,群益金鼎-高盛,2023-07-26,9105
1522,堤維西,11,0,11,群益金鼎-高盛,2023-07-26,9105
2610,華航,16,5,11,群益金鼎-高盛,2023-07-26,9105
2356,英業達,19,8,11,群益金鼎-高盛,2023-07-26,9105
2482,連宇,11,0,11,群益金鼎-高盛,2023-07-26,9105
2417,圓剛,10,0,10,群益金鼎-高盛,2023-07-26,9105
00923,群益台ESG低碳50,10,0,10,群益金鼎-高盛,2023-07-26,9105
1444,力麗,10,0,10,群益金鼎-高盛,2023-07-26,9105
1514,亞力,12,2,10,群益金鼎-高盛,2023-07-26,9105
2489,瑞軒,10,0,10,群益金鼎-高盛,2023-07-26,9105
2633,台灣高鐵,10,0,10,群益金鼎-高盛,2023-07-26,9105
2897,王道銀行,10,0,10,群益金鼎-高盛,2023-07-26,9105
5340,建榮,10,0,10,群益金鼎-高盛,2023-07-26,9105
00673R,期元大S＆P原油反1,14,5,9,群益金鼎-高盛,2023-07-26,9105
2913,農林,9,0,9,群益金鼎-高盛,2023-07-26,9105
5386,青雲,11,2,9,群益金鼎-高盛,2023-07-26,9105
8234,新漢,16,7,9,群益金鼎-高盛,2023-07-26,9105
3029,零壹,26,17,9,群益金鼎-高盛,2023-07-26,9105
00927,群益半導體收益,8,0,8,群益金鼎-高盛,2023-07-26,9105
3516,亞帝歐,8,0,8,群益金鼎-高盛,2023-07-26,9105
4907,富宇,8,0,8,群益金鼎-高盛,2023-07-26,9105
4923,力士,8,0,8,群益金鼎-高盛,2023-07-26,9105
1805,寶徠,7,0,7,群益金鼎-高盛,2023-07-26,9105
3227,原相,10,3,7,群益金鼎-高盛,2023-07-26,9105
6005,群益證,300,2,298,群益金鼎-高盛,2023-07-27,9105
1101,台泥,156,1,155,群益金鼎-高盛,2023-07-27,9105
3481,群創,187,116,71,群益金鼎-高盛,2023-07-27,9105
8933,愛地雅,50,0,50,群益金鼎-高盛,2023-07-27,9105
3706,神達,36,3,33,群益金鼎-高盛,2023-07-27,9105
2618,長榮航,76,43,33,群益金鼎-高盛,2023-07-27,9105
6266,泰詠,32,0,32,群益金鼎-高盛,2023-07-27,9105
6152,百一,30,0,30,群益金鼎-高盛,2023-07-27,9105
00878,國泰永續高股息,39,11,28,群益金鼎-高盛,2023-07-27,9105
2002,中鋼,22,0,22,群益金鼎-高盛,2023-07-27,9105
1439,雋揚,20,0,20,群益金鼎-高盛,2023-07-27,9105
2801,彰銀,23,3,20,群益金鼎-高盛,2023-07-27,9105
3232,昱捷,20,0,20,群益金鼎-高盛,2023-07-27,9105
5607,遠雄港,20,0,20,群益金鼎-高盛,2023-07-27,9105
9925,新保,20,0,20,群益金鼎-高盛,2023-07-27,9105
1217,愛之味,20,1,19,群益金鼎-高盛,2023-07-27,9105
4907,富宇,18,0,18,群益金鼎-高盛,2023-07-27,9105
1612,宏泰,16,0,16,群益金鼎-高盛,2023-07-27,9105
6161,捷波,16,1,15,群益金鼎-高盛,2023-07-27,9105
2812,台中銀,14,0,14,群益金鼎-高盛,2023-07-27,9105
2461,光群雷,13,0,13,群益金鼎-高盛,2023-07-27,9105
2340,台亞,14,2,12,群益金鼎-高盛,2023-07-27,9105
2317,鴻海,15,3,12,群益金鼎-高盛,2023-07-27,9105
3049,精金,13,1,12,群益金鼎-高盛,2023-07-27,9105
5465,富驊,13,1,12,群益金鼎-高盛,2023-07-27,9105
8048,德勝,14,2,12,群益金鼎-高盛,2023-07-27,9105
2371,大同,12,2,10,群益金鼎-高盛,2023-07-27,9105
00673R,期元大S＆P原油反1,10,0,10,群益金鼎-高盛,2023-07-27,9105
1310,台苯,10,0,10,群益金鼎-高盛,2023-07-27,9105
1809,中釉,20,10,10,群益金鼎-高盛,2023-07-27,9105
2891,中信金,11,1,10,群益金鼎-高盛,2023-07-27,9105
3122,笙泉,10,0,10,群益金鼎-高盛,2023-07-27,9105
3413,京鼎,10,0,10,群益金鼎-高盛,2023-07-27,9105
5328,華容,10,0,10,群益金鼎-高盛,2023-07-27,9105
6122,擎邦,10,0,10,群益金鼎-高盛,2023-07-27,9105
6509,聚和,10,0,10,群益金鼎-高盛,2023-07-27,9105
3037,欣興,17,8,9,群益金鼎-高盛,2023-07-27,9105
6203,海韻電,14,6,8,群益金鼎-高盛,2023-07-27,9105
1504,東元,17,10,7,群益金鼎-高盛,2023-07-27,9105
2498,宏達電,8,1,7,群益金鼎-高盛,2023-07-27,9105
4989,榮科,8,1,7,群益金鼎-高盛,2023-07-27,9105
1618,合機,8,1,7,群益金鼎-高盛,2023-07-27,9105
9949,琉園,7,1,6,群益金鼎-高盛,2023-07-27,9105
00632R,元大台灣50反1,25,19,6,群益金鼎-高盛,2023-07-27,9105
1313,聯成,16,10,6,群益金鼎-高盛,2023-07-27,9105
2105,正新,6,0,6,群益金鼎-高盛,2023-07-27,9105
2201,裕隆,7,1,6,群益金鼎-高盛,2023-07-27,9105
8358,金居,51,45,6,群益金鼎-高盛,2023-07-27,9105
2301,光寶科,68,62,6,群益金鼎-高盛,2023-07-27,9105
00772B,中信高評級公司債,5,0,5,群益金鼎-高盛,2023-07-27,9105
2888,新光金,172,10,162,群益金鼎-高盛,2023-07-28,9105
2897,王道銀行,100,0,100,群益金鼎-高盛,2023-07-28,9105
1802,台玻,252,176,76,群益金鼎-高盛,2023-07-28,9105
2002,中鋼,46,1,45,群益金鼎-高盛,2023-07-28,9105
6207,雷科,33,0,33,群益金鼎-高盛,2023-07-28,9105
3033,威健,31,0,31,群益金鼎-高盛,2023-07-28,9105
6218,豪勉,36,5,31,群益金鼎-高盛,2023-07-28,9105
00679B,元大美債20年,30,0,30,群益金鼎-高盛,2023-07-28,9105
1444,力麗,30,0,30,群益金鼎-高盛,2023-07-28,9105
1905,華紙,148,121,27,群益金鼎-高盛,2023-07-28,9105
3231,緯創,124,101,23,群益金鼎-高盛,2023-07-28,9105
1907,永豐餘,35,13,22,群益金鼎-高盛,2023-07-28,9105
3356,奇偶,21,0,21,群益金鼎-高盛,2023-07-28,9105
2027,大成鋼,38,18,20,群益金鼎-高盛,2023-07-28,9105
2536,宏普,20,0,20,群益金鼎-高盛,2023-07-28,9105
6117,迎廣,19,0,19,群益金鼎-高盛,2023-07-28,9105
5258,虹堡,31,13,18,群益金鼎-高盛,2023-07-28,9105
2344,華邦電,33,16,17,群益金鼎-高盛,2023-07-28,9105
4123,晟德,17,0,17,群益金鼎-高盛,2023-07-28,9105
00632R,元大台灣50反1,20,5,15,群益金鼎-高盛,2023-07-28,9105
2337,旺宏,16,2,14,群益金鼎-高盛,2023-07-28,9105
2369,菱生,22,8,14,群益金鼎-高盛,2023-07-28,9105
2376,技嘉,33,20,13,群益金鼎-高盛,2023-07-28,9105
2801,彰銀,12,0,12,群益金鼎-高盛,2023-07-28,9105
00687B,國泰20年美債,11,0,11,群益金鼎-高盛,2023-07-28,9105
2610,華航,30,19,11,群益金鼎-高盛,2023-07-28,9105
6016,康和證,11,0,11,群益金鼎-高盛,2023-07-28,9105
6190,萬泰科,24,13,11,群益金鼎-高盛,2023-07-28,9105
2401,凌陽,10,0,10,群益金鼎-高盛,2023-07-28,9105
2892,第一金,12,2,10,群益金鼎-高盛,2023-07-28,9105
5301,寶得利,10,0,10,群益金鼎-高盛,2023-07-28,9105
5443,均豪,30,20,10,群益金鼎-高盛,2023-07-28,9105
8028,昇陽半導體,13,3,10,群益金鼎-高盛,2023-07-28,9105
2382,廣達,26,17,9,群益金鼎-高盛,2023-07-28,9105
6282,康舒,26,17,9,群益金鼎-高盛,2023-07-28,9105
2414,精技,8,0,8,群益金鼎-高盛,2023-07-28,9105
2471,資通,10,2,8,群益金鼎-高盛,2023-07-28,9105
2705,六福,8,0,8,群益金鼎-高盛,2023-07-28,9105
3339,泰谷,8,0,8,群益金鼎-高盛,2023-07-28,9105
00680L,元大美債20正2,7,0,7,群益金鼎-高盛,2023-07-28,9105
00712,復華富時不動產,7,0,7,群益金鼎-高盛,2023-07-28,9105
1303,南亞,7,0,7,群益金鼎-高盛,2023-07-28,9105
1710,東聯,7,0,7,群益金鼎-高盛,2023-07-28,9105
2468,華經,20,13,7,群益金鼎-高盛,2023-07-28,9105
2324,仁寶,22,15,7,群益金鼎-高盛,2023-07-28,9105
2231,為升,6,0,6,群益金鼎-高盛,2023-07-28,9105
1301,台塑,6,0,6,群益金鼎-高盛,2023-07-28,9105
2882,國泰金,12,6,6,群益金鼎-高盛,2023-07-28,9105
3515,華擎,6,0,6,群益金鼎-高盛,2023-07-28,9105
8255,朋程,6,0,6,群益金鼎-高盛,2023-07-28,9105
2481,強茂,101,4,97,群益金鼎-高盛,2023-07-31,9105
2313,華通,78,2,76,群益金鼎-高盛,2023-07-31,9105
2002,中鋼,68,2,66,群益金鼎-高盛,2023-07-31,9105
00929,復華台灣科技優息,76,11,65,群益金鼎-高盛,2023-07-31,9105
00878,國泰永續高股息,162,101,61,群益金鼎-高盛,2023-07-31,9105
2888,新光金,112,58,54,群益金鼎-高盛,2023-07-31,9105
2536,宏普,44,0,44,群益金鼎-高盛,2023-07-31,9105
2409,友達,44,6,38,群益金鼎-高盛,2023-07-31,9105
4919,新唐,45,8,37,群益金鼎-高盛,2023-07-31,9105
2610,華航,36,7,29,群益金鼎-高盛,2023-07-31,9105
4113,聯上,47,22,25,群益金鼎-高盛,2023-07-31,9105
1905,華紙,80,56,24,群益金鼎-高盛,2023-07-31,9105
2603,長榮,31,9,22,群益金鼎-高盛,2023-07-31,9105
2382,廣達,37,16,21,群益金鼎-高盛,2023-07-31,9105
2867,三商壽,21,2,19,群益金鼎-高盛,2023-07-31,9105
1531,高林股,18,0,18,群益金鼎-高盛,2023-07-31,9105
1584,精剛,17,0,17,群益金鼎-高盛,2023-07-31,9105
2352,佳世達,19,2,17,群益金鼎-高盛,2023-07-31,9105
6156,松上,24,7,17,群益金鼎-高盛,2023-07-31,9105
2301,光寶科,54,37,17,群益金鼎-高盛,2023-07-31,9105
3231,緯創,131,114,17,群益金鼎-高盛,2023-07-31,9105
5009,榮剛,16,0,16,群益金鼎-高盛,2023-07-31,9105
2324,仁寶,16,0,16,群益金鼎-高盛,2023-07-31,9105
2027,大成鋼,18,3,15,群益金鼎-高盛,2023-07-31,9105
2402,毅嘉,28,14,14,群益金鼎-高盛,2023-07-31,9105
2887,台新金,14,0,14,群益金鼎-高盛,2023-07-31,9105
2892,第一金,15,1,14,群益金鼎-高盛,2023-07-31,9105
00632R,元大台灣50反1,17,4,13,群益金鼎-高盛,2023-07-31,9105
2356,英業達,45,33,12,群益金鼎-高盛,2023-07-31,9105
00900,富邦特選高股息30,12,0,12,群益金鼎-高盛,2023-07-31,9105
5386,青雲,14,2,12,群益金鼎-高盛,2023-07-31,9105
3272,東碩,12,1,11,群益金鼎-高盛,2023-07-31,9105
00679B,元大美債20年,11,0,11,群益金鼎-高盛,2023-07-31,9105
1305,華夏,12,2,10,群益金鼎-高盛,2023-07-31,9105
2882,國泰金,12,2,10,群益金鼎-高盛,2023-07-31,9105
3541,西柏,10,0,10,群益金鼎-高盛,2023-07-31,9105
4148,全宇生技-KY,10,0,10,群益金鼎-高盛,2023-07-31,9105
8403,盛弘,10,0,10,群益金鼎-高盛,2023-07-31,9105
2883,凱基金,9,0,9,群益金鼎-高盛,2023-07-31,9105
3056,富華新,9,0,9,群益金鼎-高盛,2023-07-31,9105
5340,建榮,13,4,9,群益金鼎-高盛,2023-07-31,9105
1314,中石化,10,1,9,群益金鼎-高盛,2023-07-31,9105
1301,台塑,10,2,8,群益金鼎-高盛,2023-07-31,9105
6446,藥華藥,10,2,8,群益金鼎-高盛,2023-07-31,9105
6218,豪勉,9,1,8,群益金鼎-高盛,2023-07-31,9105
2609,陽明,32,24,8,群益金鼎-高盛,2023-07-31,9105
6285,啟��,13,5,8,群益金鼎-高盛,2023-07-31,9105
2353,宏��,10,3,7,群益金鼎-高盛,2023-07-31,9105
2426,鼎元,7,0,7,群益金鼎-高盛,2023-07-31,9105
2634,漢翔,16,9,7,群益金鼎-高盛,2023-07-31,9105
9942,茂順,251,0,251,群益金鼎-高盛,2023-08-01,9105
00665L,富邦�琤肭磪囓�2,46,0,46,群益金鼎-高盛,2023-08-01,9105
00923,群益台ESG低碳50,41,0,41,群益金鼎-高盛,2023-08-01,9105
2002,中鋼,38,0,38,群益金鼎-高盛,2023-08-01,9105
1605,華新,42,7,35,群益金鼎-高盛,2023-08-01,9105
2301,光寶科,51,17,34,群益金鼎-高盛,2023-08-01,9105
6140,訊達,32,0,32,群益金鼎-高盛,2023-08-01,9105
00673R,期元大S＆P原油反1,27,0,27,群益金鼎-高盛,2023-08-01,9105
00929,復華台灣科技優息,27,0,27,群益金鼎-高盛,2023-08-01,9105
2468,華經,27,5,22,群益金鼎-高盛,2023-08-01,9105
2312,金寶,34,13,21,群益金鼎-高盛,2023-08-01,9105
2363,矽統,28,7,21,群益金鼎-高盛,2023-08-01,9105
1815,富喬,25,5,20,群益金鼎-高盛,2023-08-01,9105
2014,中鴻,20,2,18,群益金鼎-高盛,2023-08-01,9105
2881,富邦金,21,4,17,群益金鼎-高盛,2023-08-01,9105
3583,辛耘,24,7,17,群益金鼎-高盛,2023-08-01,9105
3033,威健,16,0,16,群益金鼎-高盛,2023-08-01,9105
2027,大成鋼,21,5,16,群益金鼎-高盛,2023-08-01,9105
2801,彰銀,15,0,15,群益金鼎-高盛,2023-08-01,9105
00878,國泰永續高股息,47,33,14,群益金鼎-高盛,2023-08-01,9105
3013,晟銘電,13,0,13,群益金鼎-高盛,2023-08-01,9105
2359,所羅門,13,0,13,群益金鼎-高盛,2023-08-01,9105
3044,健鼎,18,6,12,群益金鼎-高盛,2023-08-01,9105
6282,康舒,48,37,11,群益金鼎-高盛,2023-08-01,9105
3057,喬鼎,10,0,10,群益金鼎-高盛,2023-08-01,9105
00795B,中信美國公債20年,10,0,10,群益金鼎-高盛,2023-08-01,9105
2461,光群雷,10,0,10,群益金鼎-高盛,2023-08-01,9105
2498,宏達電,12,2,10,群益金鼎-高盛,2023-08-01,9105
2542,興富發,10,0,10,群益金鼎-高盛,2023-08-01,9105
3032,偉訓,14,4,10,群益金鼎-高盛,2023-08-01,9105
3232,昱捷,10,0,10,群益金鼎-高盛,2023-08-01,9105
3362,先進光,10,0,10,群益金鼎-高盛,2023-08-01,9105
3515,華擎,11,1,10,群益金鼎-高盛,2023-08-01,9105
6156,松上,10,0,10,群益金鼎-高盛,2023-08-01,9105
6509,聚和,10,0,10,群益金鼎-高盛,2023-08-01,9105
9917,中保科,10,0,10,群益金鼎-高盛,2023-08-01,9105
1802,台玻,17,8,9,群益金鼎-高盛,2023-08-01,9105
2324,仁寶,10,1,9,群益金鼎-高盛,2023-08-01,9105
2421,建準,10,1,9,群益金鼎-高盛,2023-08-01,9105
3037,欣興,13,4,9,群益金鼎-高盛,2023-08-01,9105
2897,王道銀行,8,0,8,群益金鼎-高盛,2023-08-01,9105
8390,金益鼎,8,0,8,群益金鼎-高盛,2023-08-01,9105
5009,榮剛,8,1,7,群益金鼎-高盛,2023-08-01,9105
3105,穩懋,7,0,7,群益金鼎-高盛,2023-08-01,9105
3055,蔚華科,9,2,7,群益金鼎-高盛,2023-08-01,9105
2344,華邦電,21,14,7,群益金鼎-高盛,2023-08-01,9105
00900,富邦特選高股息30,9,2,7,群益金鼎-高盛,2023-08-01,9105
2303,聯電,10,3,7,群益金鼎-高盛,2023-08-01,9105
2442,新美齊,8,1,7,群益金鼎-高盛,2023-08-01,9105
3673,TPK-KY,7,0,7,群益金鼎-高盛,2023-08-01,9105
00878,國泰永續高股息,241,20,221,群益金鼎-高盛,2023-08-02,9105
2838,聯邦銀,200,0,200,群益金鼎-高盛,2023-08-02,9105
2363,矽統,128,6,122,群益金鼎-高盛,2023-08-02,9105
00923,群益台ESG低碳50,112,0,112,群益金鼎-高盛,2023-08-02,9105
00927,群益半導體收益,91,6,85,群益金鼎-高盛,2023-08-02,9105
00679B,元大美債20年,151,67,84,群益金鼎-高盛,2023-08-02,9105
00900,富邦特選高股息30,64,0,64,群益金鼎-高盛,2023-08-02,9105
00669R,國泰美國道瓊反1,55,0,55,群益金鼎-高盛,2023-08-02,9105
9942,茂順,52,0,52,群益金鼎-高盛,2023-08-02,9105
1785,光洋科,53,19,34,群益金鼎-高盛,2023-08-02,9105
2382,廣達,68,34,34,群益金鼎-高盛,2023-08-02,9105
2002,中鋼,33,0,33,群益金鼎-高盛,2023-08-02,9105
1612,宏泰,38,6,32,群益金鼎-高盛,2023-08-02,9105
1101,台泥,36,5,31,群益金鼎-高盛,2023-08-02,9105
1314,中石化,39,8,31,群益金鼎-高盛,2023-08-02,9105
2801,彰銀,31,0,31,群益金鼎-高盛,2023-08-02,9105
1815,富喬,30,1,29,群益金鼎-高盛,2023-08-02,9105
00673R,期元大S＆P原油反1,23,0,23,群益金鼎-高盛,2023-08-02,9105
2702,華園,23,0,23,群益金鼎-高盛,2023-08-02,9105
2618,長榮航,23,1,22,群益金鼎-高盛,2023-08-02,9105
2409,友達,45,23,22,群益金鼎-高盛,2023-08-02,9105
2884,玉山金,21,0,21,群益金鼎-高盛,2023-08-02,9105
3711,日月光投控,21,0,21,群益金鼎-高盛,2023-08-02,9105
1905,華紙,37,16,21,群益金鼎-高盛,2023-08-02,9105
00929,復華台灣科技優息,26,6,20,群益金鼎-高盛,2023-08-02,9105
2374,佳能,20,0,20,群益金鼎-高盛,2023-08-02,9105
3033,威健,22,3,19,群益金鼎-高盛,2023-08-02,9105
8358,金居,53,34,19,群益金鼎-高盛,2023-08-02,9105
00715L,期街口布蘭特正2,21,4,17,群益金鼎-高盛,2023-08-02,9105
2349,錸德,20,3,17,群益金鼎-高盛,2023-08-02,9105
2353,宏��,17,0,17,群益金鼎-高盛,2023-08-02,9105
6227,茂綸,16,0,16,群益金鼎-高盛,2023-08-02,9105
6116,彩晶,20,5,15,群益金鼎-高盛,2023-08-02,9105
8440,綠電,15,0,15,群益金鼎-高盛,2023-08-02,9105
3231,緯創,77,62,15,群益金鼎-高盛,2023-08-02,9105
2482,連宇,18,5,13,群益金鼎-高盛,2023-08-02,9105
1229,聯華,13,0,13,群益金鼎-高盛,2023-08-02,9105
2344,華邦電,14,2,12,群益金鼎-高盛,2023-08-02,9105
00687B,國泰20年美債,11,0,11,群益金鼎-高盛,2023-08-02,9105
4121,優盛,11,0,11,群益金鼎-高盛,2023-08-02,9105
6248,沛波,11,0,11,群益金鼎-高盛,2023-08-02,9105
6548,長科*,12,1,11,群益金鼎-高盛,2023-08-02,9105
6770,力積電,10,0,10,群益金鼎-高盛,2023-08-02,9105
3037,欣興,23,13,10,群益金鼎-高盛,2023-08-02,9105
00645,富邦日本,10,0,10,群益金鼎-高盛,2023-08-02,9105
00882,中信中國高股息,10,0,10,群益金鼎-高盛,2023-08-02,9105
2337,旺宏,10,0,10,群益金鼎-高盛,2023-08-02,9105
2352,佳世達,12,2,10,群益金鼎-高盛,2023-08-02,9105
2542,興富發,10,0,10,群益金鼎-高盛,2023-08-02,9105
2610,華航,21,11,10,群益金鼎-高盛,2023-08-02,9105
00687B,國泰20年美債,158,0,158,群益金鼎-高盛,2023-08-04,9105
8105,凌巨,110,2,108,群益金鼎-高盛,2023-08-04,9105
2890,永豐金,80,0,80,群益金鼎-高盛,2023-08-04,9105
00679B,元大美債20年,138,67,71,群益金鼎-高盛,2023-08-04,9105
2913,農林,119,64,55,群益金鼎-高盛,2023-08-04,9105
00929,復華台灣科技優息,51,0,51,群益金鼎-高盛,2023-08-04,9105
00795B,中信美國公債20年,45,0,45,群益金鼎-高盛,2023-08-04,9105
8933,愛地雅,42,0,42,群益金鼎-高盛,2023-08-04,9105
2344,華邦電,42,1,41,群益金鼎-高盛,2023-08-04,9105
2891,中信金,40,0,40,群益金鼎-高盛,2023-08-04,9105
00900,富邦特選高股息30,39,0,39,群益金鼎-高盛,2023-08-04,9105
2801,彰銀,31,0,31,群益金鼎-高盛,2023-08-04,9105
2371,大同,30,1,29,群益金鼎-高盛,2023-08-04,9105
4207,環泰,20,0,20,群益金鼎-高盛,2023-08-04,9105
1531,高林股,18,0,18,群益金鼎-高盛,2023-08-04,9105
2402,毅嘉,27,10,17,群益金鼎-高盛,2023-08-04,9105
00878,國泰永續高股息,85,69,16,群益金鼎-高盛,2023-08-04,9105
2460,建通,16,0,16,群益金鼎-高盛,2023-08-04,9105
2349,錸德,15,0,15,群益金鼎-高盛,2023-08-04,9105
3047,訊舟,15,0,15,群益金鼎-高盛,2023-08-04,9105
3231,緯創,84,70,14,群益金鼎-高盛,2023-08-04,9105
00751B,元大AAA至A公司債,12,0,12,群益金鼎-高盛,2023-08-04,9105
1815,富喬,12,0,12,群益金鼎-高盛,2023-08-04,9105
00923,群益台ESG低碳50,11,0,11,群益金鼎-高盛,2023-08-04,9105
3663,鑫科,17,6,11,群益金鼎-高盛,2023-08-04,9105
8150,南茂,12,1,11,群益金鼎-高盛,2023-08-04,9105
2633,台灣高鐵,10,0,10,群益金鼎-高盛,2023-08-04,9105
1718,中纖,10,0,10,群益金鼎-高盛,2023-08-04,9105
00673R,期元大S＆P原油反1,10,0,10,群益金鼎-高盛,2023-08-04,9105
2353,宏��,12,2,10,群益金鼎-高盛,2023-08-04,9105
2705,六福,10,0,10,群益金鼎-高盛,2023-08-04,9105
2734,易飛網,10,0,10,群益金鼎-高盛,2023-08-04,9105
2884,玉山金,10,0,10,群益金鼎-高盛,2023-08-04,9105
6016,康和證,10,0,10,群益金鼎-高盛,2023-08-04,9105
3661,世芯-KY,10,1,9,群益金鼎-高盛,2023-08-04,9105
1717,長興,9,0,9,群益金鼎-高盛,2023-08-04,9105
2610,華航,14,5,9,群益金鼎-高盛,2023-08-04,9105
3005,神基,8,0,8,群益金鼎-高盛,2023-08-04,9105
2882,國泰金,10,2,8,群益金鼎-高盛,2023-08-04,9105
1612,宏泰,12,5,7,群益金鼎-高盛,2023-08-04,9105
2352,佳世達,10,3,7,群益金鼎-高盛,2023-08-04,9105
1216,統一,6,0,6,群益金鼎-高盛,2023-08-04,9105
2354,鴻準,6,0,6,群益金鼎-高盛,2023-08-04,9105
3583,辛耘,7,1,6,群益金鼎-高盛,2023-08-04,9105
2606,裕民,6,0,6,群益金鼎-高盛,2023-08-04,9105
6190,萬泰科,6,0,6,群益金鼎-高盛,2023-08-04,9105
6125,廣運,10,5,5,群益金鼎-高盛,2023-08-04,9105
1905,華紙,15,10,5,群益金鼎-高盛,2023-08-04,9105
2453,凌群,5,0,5,群益金鼎-高盛,2023-08-04,9105
4746,台耀,5,0,5,群益金鼎-高盛,2023-08-04,9105
2401,凌陽,157,2,155,群益金鼎-高盛,2023-08-07,9105
2409,友達,76,10,66,群益金鼎-高盛,2023-08-07,9105
2913,農林,74,8,66,群益金鼎-高盛,2023-08-07,9105
8105,凌巨,55,2,53,群益金鼎-高盛,2023-08-07,9105
2516,新建,48,0,48,群益金鼎-高盛,2023-08-07,9105
00637L,元大滬深300正2,64,20,44,群益金鼎-高盛,2023-08-07,9105
00772B,中信高評級公司債,41,0,41,群益金鼎-高盛,2023-08-07,9105
00929,復華台灣科技優息,35,1,34,群益金鼎-高盛,2023-08-07,9105
00673R,期元大S＆P原油反1,30,0,30,群益金鼎-高盛,2023-08-07,9105
2801,彰銀,33,9,24,群益金鼎-高盛,2023-08-07,9105
2402,毅嘉,24,1,23,群益金鼎-高盛,2023-08-07,9105
8155,博智,23,1,22,群益金鼎-高盛,2023-08-07,9105
2382,廣達,59,38,21,群益金鼎-高盛,2023-08-07,9105
2301,光寶科,70,51,19,群益金鼎-高盛,2023-08-07,9105
1609,大亞,19,1,18,群益金鼎-高盛,2023-08-07,9105
4126,太醫,18,0,18,群益金鼎-高盛,2023-08-07,9105
00687B,國泰20年美債,26,10,16,群益金鼎-高盛,2023-08-07,9105
5452,佶優,16,2,14,群益金鼎-高盛,2023-08-07,9105
5009,榮剛,18,5,13,群益金鼎-高盛,2023-08-07,9105
6015,宏遠證,13,0,13,群益金鼎-高盛,2023-08-07,9105
2609,陽明,19,8,11,群益金鼎-高盛,2023-08-07,9105
00640L,富邦日本正2,10,0,10,群益金鼎-高盛,2023-08-07,9105
00697B,元大美債7-10,10,0,10,群益金鼎-高盛,2023-08-07,9105
1310,台苯,10,0,10,群益金鼎-高盛,2023-08-07,9105
1471,首利,10,0,10,群益金鼎-高盛,2023-08-07,9105
6282,康舒,38,29,9,群益金鼎-高盛,2023-08-07,9105
3706,神達,30,21,9,群益金鼎-高盛,2023-08-07,9105
3306,鼎天,12,3,9,群益金鼎-高盛,2023-08-07,9105
00751B,元大AAA至A公司債,8,0,8,群益金鼎-高盛,2023-08-07,9105
5871,中租-KY,8,0,8,群益金鼎-高盛,2023-08-07,9105
3017,奇鋐,17,10,7,群益金鼎-高盛,2023-08-07,9105
0056,元大高股息,9,2,7,群益金鼎-高盛,2023-08-07,9105
1314,中石化,10,3,7,群益金鼎-高盛,2023-08-07,9105
2881,富邦金,7,0,7,群益金鼎-高盛,2023-08-07,9105
3047,訊舟,7,0,7,群益金鼎-高盛,2023-08-07,9105
2891,中信金,6,0,6,群益金鼎-高盛,2023-08-07,9105
1584,精剛,8,2,6,群益金鼎-高盛,2023-08-07,9105
00719B,元大美債1-3,6,0,6,群益金鼎-高盛,2023-08-07,9105
1305,華夏,7,1,6,群益金鼎-高盛,2023-08-07,9105
2352,佳世達,12,6,6,群益金鼎-高盛,2023-08-07,9105
3013,晟銘電,9,3,6,群益金鼎-高盛,2023-08-07,9105
3071,協禧,6,0,6,群益金鼎-高盛,2023-08-07,9105
4533,協易機,6,0,6,群益金鼎-高盛,2023-08-07,9105
00878,國泰永續高股息,11,6,5,群益金鼎-高盛,2023-08-07,9105
8046,南電,5,0,5,群益金鼎-高盛,2023-08-07,9105
2317,鴻海,10,5,5,群益金鼎-高盛,2023-08-07,9105
1905,華紙,31,26,5,群益金鼎-高盛,2023-08-07,9105
00688L,國泰20年美債正2,5,0,5,群益金鼎-高盛,2023-08-07,9105
00680L,元大美債20正2,5,0,5,群益金鼎-高盛,2023-08-07,9105
00924,復華S＆P500成長,5,0,5,群益金鼎-高盛,2023-08-07,9105
2303,聯電,33,0,33,群益金鼎-高盛,2023-08-08,9105
00795B,中信美國公債20年,32,0,32,群益金鼎-高盛,2023-08-08,9105
2615,萬海,30,0,30,群益金鼎-高盛,2023-08-08,9105
4121,優盛,30,0,30,群益金鼎-高盛,2023-08-08,9105
2516,新建,27,0,27,群益金鼎-高盛,2023-08-08,9105
00929,復華台灣科技優息,26,0,26,群益金鼎-高盛,2023-08-08,9105
2402,毅嘉,30,4,26,群益金鼎-高盛,2023-08-08,9105
5452,佶優,30,7,23,群益金鼎-高盛,2023-08-08,9105
00772B,中信高評級公司債,26,5,21,群益金鼎-高盛,2023-08-08,9105
00687B,國泰20年美債,21,0,21,群益金鼎-高盛,2023-08-08,9105
5864,致和證,21,0,21,群益金鼎-高盛,2023-08-08,9105
2888,新光金,20,4,16,群益金鼎-高盛,2023-08-08,9105
00673R,期元大S＆P原油反1,15,0,15,群益金鼎-高盛,2023-08-08,9105
00669R,國泰美國道瓊反1,15,0,15,群益金鼎-高盛,2023-08-08,9105
6139,亞翔,20,5,15,群益金鼎-高盛,2023-08-08,9105
9904,寶成,15,0,15,群益金鼎-高盛,2023-08-08,9105
6125,廣運,19,4,15,群益金鼎-高盛,2023-08-08,9105
00923,群益台ESG低碳50,14,0,14,群益金鼎-高盛,2023-08-08,9105
3596,智易,20,6,14,群益金鼎-高盛,2023-08-08,9105
3163,波若威,53,40,13,群益金鼎-高盛,2023-08-08,9105
00931B,統一美債20年,13,0,13,群益金鼎-高盛,2023-08-08,9105
00632R,元大台灣50反1,20,7,13,群益金鼎-高盛,2023-08-08,9105
1815,富喬,15,2,13,群益金鼎-高盛,2023-08-08,9105
4543,萬在,14,1,13,群益金鼎-高盛,2023-08-08,9105
1605,華新,25,12,13,群益金鼎-高盛,2023-08-08,9105
3047,訊舟,11,0,11,群益金鼎-高盛,2023-08-08,9105
0056,元大高股息,12,1,11,群益金鼎-高盛,2023-08-08,9105
2834,臺企銀,10,0,10,群益金鼎-高盛,2023-08-08,9105
1444,力麗,10,0,10,群益金鼎-高盛,2023-08-08,9105
2014,中鴻,15,5,10,群益金鼎-高盛,2023-08-08,9105
2323,中環,11,1,10,群益金鼎-高盛,2023-08-08,9105
2705,六福,10,0,10,群益金鼎-高盛,2023-08-08,9105
3013,晟銘電,15,5,10,群益金鼎-高盛,2023-08-08,9105
4414,如興,10,0,10,群益金鼎-高盛,2023-08-08,9105
5284,jpp-KY,14,4,10,群益金鼎-高盛,2023-08-08,9105
5301,寶得利,10,0,10,群益金鼎-高盛,2023-08-08,9105
6244,茂迪,10,0,10,群益金鼎-高盛,2023-08-08,9105
00679B,元大美債20年,10,1,9,群益金鼎-高盛,2023-08-08,9105
00900,富邦特選高股息30,9,0,9,群益金鼎-高盛,2023-08-08,9105
1609,大亞,10,1,9,群益金鼎-高盛,2023-08-08,9105
2634,漢翔,19,10,9,群益金鼎-高盛,2023-08-08,9105
2734,易飛網,11,2,9,群益金鼎-高盛,2023-08-08,9105
2356,英業達,67,58,9,群益金鼎-高盛,2023-08-08,9105
2702,華園,8,0,8,群益金鼎-高盛,2023-08-08,9105
2884,玉山金,7,0,7,群益金鼎-高盛,2023-08-08,9105
00751B,元大AAA至A公司債,7,0,7,群益金鼎-高盛,2023-08-08,9105
2609,陽明,10,3,7,群益金鼎-高盛,2023-08-08,9105
5410,國眾,7,0,7,群益金鼎-高盛,2023-08-08,9105
6124,業強,7,0,7,群益金鼎-高盛,2023-08-08,9105
2421,建準,9,2,7,群益金鼎-高盛,2023-08-08,9105
2516,新建,1591,12,1579,群益金鼎-高盛,2023-08-09,9105
5880,合庫金,500,2,498,群益金鼎-高盛,2023-08-09,9105
00680L,元大美債20正2,381,0,381,群益金鼎-高盛,2023-08-09,9105
2891,中信金,303,3,300,群益金鼎-高盛,2023-08-09,9105
2890,永豐金,214,100,114,群益金鼎-高盛,2023-08-09,9105
00900,富邦特選高股息30,104,0,104,群益金鼎-高盛,2023-08-09,9105
00878,國泰永續高股息,111,26,85,群益金鼎-高盛,2023-08-09,9105
1815,富喬,81,1,80,群益金鼎-高盛,2023-08-09,9105
00772B,中信高評級公司債,68,5,63,群益金鼎-高盛,2023-08-09,9105
3231,緯創,134,77,57,群益金鼎-高盛,2023-08-09,9105
00929,復華台灣科技優息,56,0,56,群益金鼎-高盛,2023-08-09,9105
2845,遠東銀,50,0,50,群益金鼎-高盛,2023-08-09,9105
2363,矽統,72,32,40,群益金鼎-高盛,2023-08-09,9105
6116,彩晶,39,2,37,群益金鼎-高盛,2023-08-09,9105
3303,岱稜,31,2,29,群益金鼎-高盛,2023-08-09,9105
6274,台燿,33,7,26,群益金鼎-高盛,2023-08-09,9105
2610,華航,97,74,23,群益金鼎-高盛,2023-08-09,9105
5607,遠雄港,20,0,20,群益金鼎-高盛,2023-08-09,9105
00673R,期元大S＆P原油反1,17,0,17,群益金鼎-高盛,2023-08-09,9105
6120,達運,17,0,17,群益金鼎-高盛,2023-08-09,9105
1609,大亞,21,5,16,群益金鼎-高盛,2023-08-09,9105
5258,虹堡,16,0,16,群益金鼎-高盛,2023-08-09,9105
4714,永捷,15,0,15,群益金鼎-高盛,2023-08-09,9105
2882,國泰金,16,1,15,群益金鼎-高盛,2023-08-09,9105
2002,中鋼,12,0,12,群益金鼎-高盛,2023-08-09,9105
00650L,復華香港正2,11,0,11,群益金鼎-高盛,2023-08-09,9105
2014,中鴻,28,17,11,群益金鼎-高盛,2023-08-09,9105
2401,凌陽,10,0,10,群益金鼎-高盛,2023-08-09,9105
9958,世紀鋼,10,0,10,群益金鼎-高盛,2023-08-09,9105
2481,強茂,10,0,10,群益金鼎-高盛,2023-08-09,9105
1444,力麗,10,0,10,群益金鼎-高盛,2023-08-09,9105
1471,首利,16,6,10,群益金鼎-高盛,2023-08-09,9105
1605,華新,11,1,10,群益金鼎-高盛,2023-08-09,9105
2880,華南金,10,0,10,群益金鼎-高盛,2023-08-09,9105
3322,建舜電,10,0,10,群益金鼎-高盛,2023-08-09,9105
3663,鑫科,10,0,10,群益金鼎-高盛,2023-08-09,9105
6470,宇智,10,0,10,群益金鼎-高盛,2023-08-09,9105
1513,中興電,25,15,10,群益金鼎-高盛,2023-08-09,9105
2702,華園,9,0,9,群益金鼎-高盛,2023-08-09,9105
3443,創意,10,1,9,群益金鼎-高盛,2023-08-09,9105
2023,燁輝,14,6,8,群益金鼎-高盛,2023-08-09,9105
2303,聯電,8,0,8,群益金鼎-高盛,2023-08-09,9105
2630,亞航,9,1,8,群益金鼎-高盛,2023-08-09,9105
3492,長盛,8,0,8,群益金鼎-高盛,2023-08-09,9105
00923,群益台ESG低碳50,8,0,8,群益金鼎-高盛,2023-08-09,9105
2388,威盛,19,12,7,群益金鼎-高盛,2023-08-09,9105
2731,雄獅,7,0,7,群益金鼎-高盛,2023-08-09,9105
2801,彰銀,10,3,7,群益金鼎-高盛,2023-08-09,9105
3047,訊舟,7,0,7,群益金鼎-高盛,2023-08-09,9105
6015,宏遠證,7,0,7,群益金鼎-高盛,2023-08-09,9105
2610,華航,318,92,226,群益金鼎-高盛,2023-08-10,9105
5880,合庫金,202,0,202,群益金鼎-高盛,2023-08-10,9105
00671R,富邦NASDAQ反1,200,0,200,群益金鼎-高盛,2023-08-10,9105
8105,凌巨,104,2,102,群益金鼎-高盛,2023-08-10,9105
1815,富喬,93,2,91,群益金鼎-高盛,2023-08-10,9105
00878,國泰永續高股息,91,4,87,群益金鼎-高盛,2023-08-10,9105
2363,矽統,152,66,86,群益金鼎-高盛,2023-08-10,9105
00900,富邦特選高股息30,76,1,75,群益金鼎-高盛,2023-08-10,9105
6116,彩晶,86,13,73,群益金鼎-高盛,2023-08-10,9105
00669R,國泰美國道瓊反1,60,0,60,群益金鼎-高盛,2023-08-10,9105
3711,日月光投控,42,2,40,群益金鼎-高盛,2023-08-10,9105
2023,燁輝,38,2,36,群益金鼎-高盛,2023-08-10,9105
0056,元大高股息,38,3,35,群益金鼎-高盛,2023-08-10,9105
00929,復華台灣科技優息,33,0,33,群益金鼎-高盛,2023-08-10,9105
3481,群創,55,23,32,群益金鼎-高盛,2023-08-10,9105
8933,愛地雅,31,0,31,群益金鼎-高盛,2023-08-10,9105
2897,王道銀行,30,0,30,群益金鼎-高盛,2023-08-10,9105
4113,聯上,25,2,23,群益金鼎-高盛,2023-08-10,9105
2324,仁寶,23,1,22,群益金鼎-高盛,2023-08-10,9105
6214,精誠,21,1,20,群益金鼎-高盛,2023-08-10,9105
00673R,期元大S＆P原油反1,20,0,20,群益金鼎-高盛,2023-08-10,9105
1444,力麗,20,0,20,群益金鼎-高盛,2023-08-10,9105
2349,錸德,20,0,20,群益金鼎-高盛,2023-08-10,9105
2515,中工,19,0,19,群益金鼎-高盛,2023-08-10,9105
3231,緯創,185,166,19,群益金鼎-高盛,2023-08-10,9105
00764B,群益25年美債,18,0,18,群益金鼎-高盛,2023-08-10,9105
1605,華新,32,14,18,群益金鼎-高盛,2023-08-10,9105
1909,榮成,18,0,18,群益金鼎-高盛,2023-08-10,9105
3078,僑威,26,10,16,群益金鼎-高盛,2023-08-10,9105
00715L,期街口布蘭特正2,20,5,15,群益金鼎-高盛,2023-08-10,9105
2880,華南金,15,0,15,群益金鼎-高盛,2023-08-10,9105
2382,廣達,35,21,14,群益金鼎-高盛,2023-08-10,9105
6125,廣運,22,8,14,群益金鼎-高盛,2023-08-10,9105
00795B,中信美國公債20年,14,0,14,群益金鼎-高盛,2023-08-10,9105
2329,華泰,25,11,14,群益金鼎-高盛,2023-08-10,9105
6139,亞翔,15,1,14,群益金鼎-高盛,2023-08-10,9105
2301,光寶科,35,22,13,群益金鼎-高盛,2023-08-10,9105
2882,國泰金,14,1,13,群益金鼎-高盛,2023-08-10,9105
3038,全台,13,0,13,群益金鼎-高盛,2023-08-10,9105
3576,聯合再生,13,0,13,群益金鼎-高盛,2023-08-10,9105
6443,元晶,13,1,12,群益金鼎-高盛,2023-08-10,9105
1905,華紙,20,8,12,群益金鼎-高盛,2023-08-10,9105
2468,華經,15,3,12,群益金鼎-高盛,2023-08-10,9105
2409,友達,26,15,11,群益金鼎-高盛,2023-08-10,9105
2376,技嘉,13,2,11,群益金鼎-高盛,2023-08-10,9105
2458,義隆,11,0,11,群益金鼎-高盛,2023-08-10,9105
3016,嘉晶,11,0,11,群益金鼎-高盛,2023-08-10,9105
3303,岱稜,11,0,11,群益金鼎-高盛,2023-08-10,9105
4414,如興,11,0,11,群益金鼎-高盛,2023-08-10,9105
4533,協易機,23,12,11,群益金鼎-高盛,2023-08-10,9105
5880,合庫金,203,1,202,群益金鼎-高盛,2023-08-11,9105
1905,華紙,135,17,118,群益金鼎-高盛,2023-08-11,9105
00638R,元大滬深300反1,107,0,107,群益金鼎-高盛,2023-08-11,9105
00795B,中信美國公債20年,100,0,100,群益金鼎-高盛,2023-08-11,9105
1815,富喬,90,0,90,群益金鼎-高盛,2023-08-11,9105
2409,友達,77,7,70,群益金鼎-高盛,2023-08-11,9105
3481,群創,75,6,69,群益金鼎-高盛,2023-08-11,9105
1444,力麗,40,0,40,群益金鼎-高盛,2023-08-11,9105
2855,統一證,40,0,40,群益金鼎-高盛,2023-08-11,9105
00687B,國泰20年美債,36,0,36,群益金鼎-高盛,2023-08-11,9105
00900,富邦特選高股息30,36,0,36,群益金鼎-高盛,2023-08-11,9105
2892,第一金,38,2,36,群益金鼎-高盛,2023-08-11,9105
00878,國泰永續高股息,39,4,35,群益金鼎-高盛,2023-08-11,9105
2618,長榮航,71,38,33,群益金鼎-高盛,2023-08-11,9105
1609,大亞,28,2,26,群益金鼎-高盛,2023-08-11,9105
00673R,期元大S＆P原油反1,25,0,25,群益金鼎-高盛,2023-08-11,9105
3303,岱稜,23,0,23,群益金鼎-高盛,2023-08-11,9105
2356,英業達,35,13,22,群益金鼎-高盛,2023-08-11,9105
00931B,統一美債20年,23,1,22,群益金鼎-高盛,2023-08-11,9105
2801,彰銀,22,0,22,群益金鼎-高盛,2023-08-11,9105
2317,鴻海,22,1,21,群益金鼎-高盛,2023-08-11,9105
2441,超豐,20,0,20,群益金鼎-高盛,2023-08-11,9105
2702,華園,20,0,20,群益金鼎-高盛,2023-08-11,9105
2882,國泰金,22,2,20,群益金鼎-高盛,2023-08-11,9105
6116,彩晶,46,30,16,群益金鼎-高盛,2023-08-11,9105
00637L,元大滬深300正2,18,3,15,群益金鼎-高盛,2023-08-11,9105
3044,健鼎,22,8,14,群益金鼎-高盛,2023-08-11,9105
6282,康舒,32,19,13,群益金鼎-高盛,2023-08-11,9105
2609,陽明,15,2,13,群益金鼎-高盛,2023-08-11,9105
2329,華泰,15,3,12,群益金鼎-高盛,2023-08-11,9105
6153,嘉聯益,12,0,12,群益金鼎-高盛,2023-08-11,9105
2886,兆豐金,13,1,12,群益金鼎-高盛,2023-08-11,9105
9929,秋雨,13,2,11,群益金鼎-高盛,2023-08-11,9105
00751B,元大AAA至A公司債,10,0,10,群益金鼎-高盛,2023-08-11,9105
5258,虹堡,10,0,10,群益金鼎-高盛,2023-08-11,9105
00895,富邦未來車,10,0,10,群益金鼎-高盛,2023-08-11,9105
00665L,富邦�琤肭磪囓�2,10,0,10,群益金鼎-高盛,2023-08-11,9105
5607,遠雄港,10,0,10,群益金鼎-高盛,2023-08-11,9105
9930,中聯資源,10,0,10,群益金鼎-高盛,2023-08-11,9105
9962,有益,10,0,10,群益金鼎-高盛,2023-08-11,9105
3483,力致,11,2,9,群益金鼎-高盛,2023-08-11,9105
00929,復華台灣科技優息,10,1,9,群益金鼎-高盛,2023-08-11,9105
1584,精剛,11,2,9,群益金鼎-高盛,2023-08-11,9105
2388,威盛,17,8,9,群益金鼎-高盛,2023-08-11,9105
6274,台燿,12,3,9,群益金鼎-高盛,2023-08-11,9105
8926,台汽電,9,0,9,群益金鼎-高盛,2023-08-11,9105
9919,康那香,8,0,8,群益金鼎-高盛,2023-08-11,9105
6188,廣明,14,7,7,群益金鼎-高盛,2023-08-11,9105
6770,力積電,6,0,6,群益金鼎-高盛,2023-08-11,9105
3293,鈊象,6,0,6,群益金鼎-高盛,2023-08-11,9105
00878,國泰永續高股息,145,31,114,群益金鼎-高盛,2023-08-14,9105
2913,農林,106,0,106,群益金鼎-高盛,2023-08-14,9105
9942,茂順,99,0,99,群益金鼎-高盛,2023-08-14,9105
2887,台新金,91,0,91,群益金鼎-高盛,2023-08-14,9105
00900,富邦特選高股息30,81,0,81,群益金鼎-高盛,2023-08-14,9105
00929,復華台灣科技優息,75,0,75,群益金鼎-高盛,2023-08-14,9105
00634R,富邦上証反1,70,0,70,群益金鼎-高盛,2023-08-14,9105
1815,富喬,70,0,70,群益金鼎-高盛,2023-08-14,9105
2888,新光金,151,100,51,群益金鼎-高盛,2023-08-14,9105
4950,牧東,45,0,45,群益金鼎-高盛,2023-08-14,9105
1312,國喬,44,0,44,群益金鼎-高盛,2023-08-14,9105
2618,長榮航,50,7,43,群益金鼎-高盛,2023-08-14,9105
2890,永豐金,75,33,42,群益金鼎-高盛,2023-08-14,9105
6244,茂迪,40,0,40,群益金鼎-高盛,2023-08-14,9105
3231,緯創,127,90,37,群益金鼎-高盛,2023-08-14,9105
00751B,元大AAA至A公司債,36,0,36,群益金鼎-高盛,2023-08-14,9105
2892,第一金,35,0,35,群益金鼎-高盛,2023-08-14,9105
2610,華航,39,6,33,群益金鼎-高盛,2023-08-14,9105
00673R,期元大S＆P原油反1,51,20,31,群益金鼎-高盛,2023-08-14,9105
00638R,元大滬深300反1,30,0,30,群益金鼎-高盛,2023-08-14,9105
00795B,中信美國公債20年,36,7,29,群益金鼎-高盛,2023-08-14,9105
2851,中再保,32,5,27,群益金鼎-高盛,2023-08-14,9105
9927,泰銘,26,0,26,群益金鼎-高盛,2023-08-14,9105
2883,凱基金,33,9,24,群益金鼎-高盛,2023-08-14,9105
6282,康舒,38,15,23,群益金鼎-高盛,2023-08-14,9105
00650L,復華香港正2,42,20,22,群益金鼎-高盛,2023-08-14,9105
3049,精金,22,0,22,群益金鼎-高盛,2023-08-14,9105
3021,鴻名,21,0,21,群益金鼎-高盛,2023-08-14,9105
0056,元大高股息,26,5,21,群益金鼎-高盛,2023-08-14,9105
6116,彩晶,40,21,19,群益金鼎-高盛,2023-08-14,9105
2702,華園,18,1,17,群益金鼎-高盛,2023-08-14,9105
2344,華邦電,25,10,15,群益金鼎-高盛,2023-08-14,9105
3303,岱稜,14,0,14,群益金鼎-高盛,2023-08-14,9105
5258,虹堡,14,1,13,群益金鼎-高盛,2023-08-14,9105
1513,中興電,12,0,12,群益金鼎-高盛,2023-08-14,9105
9941,裕融,12,0,12,群益金鼎-高盛,2023-08-14,9105
1722,台肥,12,0,12,群益金鼎-高盛,2023-08-14,9105
2388,威盛,18,6,12,群益金鼎-高盛,2023-08-14,9105
2609,陽明,20,8,12,群益金鼎-高盛,2023-08-14,9105
1444,力麗,11,0,11,群益金鼎-高盛,2023-08-14,9105
2886,兆豐金,11,0,11,群益金鼎-高盛,2023-08-14,9105
2023,燁輝,11,0,11,群益金鼎-高盛,2023-08-14,9105
3518,柏騰,11,0,11,群益金鼎-高盛,2023-08-14,9105
1402,遠東新,10,0,10,群益金鼎-高盛,2023-08-14,9105
1532,勤美,10,0,10,群益金鼎-高盛,2023-08-14,9105
2393,億光,10,0,10,群益金鼎-高盛,2023-08-14,9105
2441,超豐,10,0,10,群益金鼎-高盛,2023-08-14,9105
6165,浪凡,10,0,10,群益金鼎-高盛,2023-08-14,9105
9904,寶成,10,0,10,群益金鼎-高盛,2023-08-14,9105
1795,美時,22,12,10,群益金鼎-高盛,2023-08-14,9105
5880,合庫金,303,0,303,群益金鼎-高盛,2023-08-15,9105
2353,宏��,200,9,191,群益金鼎-高盛,2023-08-15,9105
00900,富邦特選高股息30,164,26,138,群益金鼎-高盛,2023-08-15,9105
00929,復華台灣科技優息,125,1,124,群益金鼎-高盛,2023-08-15,9105
2801,彰銀,70,0,70,群益金鼎-高盛,2023-08-15,9105
00923,群益台ESG低碳50,53,0,53,群益金鼎-高盛,2023-08-15,9105
2537,聯上發,50,0,50,群益金鼎-高盛,2023-08-15,9105
2382,廣達,67,18,49,群益金鼎-高盛,2023-08-15,9105
2409,友達,50,3,47,群益金鼎-高盛,2023-08-15,9105
2883,凱基金,46,4,42,群益金鼎-高盛,2023-08-15,9105
2890,永豐金,41,0,41,群益金鼎-高盛,2023-08-15,9105
2317,鴻海,39,0,39,群益金鼎-高盛,2023-08-15,9105
00712,復華富時不動產,39,0,39,群益金鼎-高盛,2023-08-15,9105
2867,三商壽,50,15,35,群益金鼎-高盛,2023-08-15,9105
2027,大成鋼,41,10,31,群益金鼎-高盛,2023-08-15,9105
2897,王道銀行,30,0,30,群益金鼎-高盛,2023-08-15,9105
2609,陽明,23,1,22,群益金鼎-高盛,2023-08-15,9105
6770,力積電,21,0,21,群益金鼎-高盛,2023-08-15,9105
8933,愛地雅,20,0,20,群益金鼎-高盛,2023-08-15,9105
9942,茂順,20,0,20,群益金鼎-高盛,2023-08-15,9105
00751B,元大AAA至A公司債,18,0,18,群益金鼎-高盛,2023-08-15,9105
2891,中信金,25,8,17,群益金鼎-高盛,2023-08-15,9105
9934,成霖,17,0,17,群益金鼎-高盛,2023-08-15,9105
3481,群創,50,34,16,群益金鼎-高盛,2023-08-15,9105
2002,中鋼,17,1,16,群益金鼎-高盛,2023-08-15,9105
00878,國泰永續高股息,35,20,15,群益金鼎-高盛,2023-08-15,9105
1301,台塑,14,0,14,群益金鼎-高盛,2023-08-15,9105
2014,中鴻,19,5,14,群益金鼎-高盛,2023-08-15,9105
1102,亞泥,11,0,11,群益金鼎-高盛,2023-08-15,9105
1504,東元,12,1,11,群益金鼎-高盛,2023-08-15,9105
00638R,元大滬深300反1,10,0,10,群益金鼎-高盛,2023-08-15,9105
00637L,元大滬深300正2,10,0,10,群益金鼎-高盛,2023-08-15,9105
1612,宏泰,10,0,10,群益金鼎-高盛,2023-08-15,9105
2331,精英,10,0,10,群益金鼎-高盛,2023-08-15,9105
3325,旭品,15,5,10,群益金鼎-高盛,2023-08-15,9105
4927,泰鼎-KY,10,0,10,群益金鼎-高盛,2023-08-15,9105
6116,彩晶,11,1,10,群益金鼎-高盛,2023-08-15,9105
9904,寶成,10,0,10,群益金鼎-高盛,2023-08-15,9105
2834,臺企銀,11,1,10,群益金鼎-高盛,2023-08-15,9105
2884,玉山金,11,2,9,群益金鼎-高盛,2023-08-15,9105
3303,岱稜,9,0,9,群益金鼎-高盛,2023-08-15,9105
6165,浪凡,10,1,9,群益金鼎-高盛,2023-08-15,9105
1513,中興電,19,10,9,群益金鼎-高盛,2023-08-15,9105
00687B,國泰20年美債,8,0,8,群益金鼎-高盛,2023-08-15,9105
00795B,中信美國公債20年,8,0,8,群益金鼎-高盛,2023-08-15,9105
1314,中石化,7,0,7,群益金鼎-高盛,2023-08-15,9105
2892,第一金,7,0,7,群益金鼎-高盛,2023-08-15,9105
3021,鴻名,7,0,7,群益金鼎-高盛,2023-08-15,9105
6443,元晶,8,1,7,群益金鼎-高盛,2023-08-15,9105
6664,群翊,7,0,7,群益金鼎-高盛,2023-08-15,9105
5880,合庫金,201,0,201,群益金鼎-高盛,2023-08-16,9105
2537,聯上發,100,0,100,群益金鼎-高盛,2023-08-16,9105
2356,英業達,124,48,76,群益金鼎-高盛,2023-08-16,9105
00929,復華台灣科技優息,68,0,68,群益金鼎-高盛,2023-08-16,9105
2303,聯電,67,3,64,群益金鼎-高盛,2023-08-16,9105
00878,國泰永續高股息,95,33,62,群益金鼎-高盛,2023-08-16,9105
6116,彩晶,61,1,60,群益金鼎-高盛,2023-08-16,9105
00900,富邦特選高股息30,49,2,47,群益金鼎-高盛,2023-08-16,9105
00712,復華富時不動產,46,5,41,群益金鼎-高盛,2023-08-16,9105
2363,矽統,63,28,35,群益金鼎-高盛,2023-08-16,9105
00650L,復華香港正2,54,20,34,群益金鼎-高盛,2023-08-16,9105
00923,群益台ESG低碳50,30,0,30,群益金鼎-高盛,2023-08-16,9105
00751B,元大AAA至A公司債,25,0,25,群益金鼎-高盛,2023-08-16,9105
4746,台耀,22,0,22,群益金鼎-高盛,2023-08-16,9105
9919,康那香,22,0,22,群益金鼎-高盛,2023-08-16,9105
2337,旺宏,21,1,20,群益金鼎-高盛,2023-08-16,9105
1409,新纖,20,0,20,群益金鼎-高盛,2023-08-16,9105
2892,第一金,22,2,20,群益金鼎-高盛,2023-08-16,9105
2609,陽明,25,6,19,群益金鼎-高盛,2023-08-16,9105
8044,網家,18,0,18,群益金鼎-高盛,2023-08-16,9105
2002,中鋼,20,3,17,群益金鼎-高盛,2023-08-16,9105
2329,華泰,39,23,16,群益金鼎-高盛,2023-08-16,9105
2634,漢翔,21,6,15,群益金鼎-高盛,2023-08-16,9105
4909,新復興,21,6,15,群益金鼎-高盛,2023-08-16,9105
2890,永豐金,27,13,14,群益金鼎-高盛,2023-08-16,9105
3325,旭品,23,10,13,群益金鼎-高盛,2023-08-16,9105
00795B,中信美國公債20年,13,0,13,群益金鼎-高盛,2023-08-16,9105
2352,佳世達,12,0,12,群益金鼎-高盛,2023-08-16,9105
2702,華園,12,0,12,群益金鼎-高盛,2023-08-16,9105
1802,台玻,15,3,12,群益金鼎-高盛,2023-08-16,9105
2409,友達,13,1,12,群益金鼎-高盛,2023-08-16,9105
1303,南亞,11,0,11,群益金鼎-高盛,2023-08-16,9105
1717,長興,11,0,11,群益金鼎-高盛,2023-08-16,9105
2314,台揚,11,0,11,群益金鼎-高盛,2023-08-16,9105
2887,台新金,13,2,11,群益金鼎-高盛,2023-08-16,9105
4707,磐亞,11,0,11,群益金鼎-高盛,2023-08-16,9105
8358,金居,26,15,11,群益金鼎-高盛,2023-08-16,9105
2834,臺企銀,11,0,11,群益金鼎-高盛,2023-08-16,9105
2618,長榮航,107,97,10,群益金鼎-高盛,2023-08-16,9105
3356,奇偶,10,0,10,群益金鼎-高盛,2023-08-16,9105
9917,中保科,10,0,10,群益金鼎-高盛,2023-08-16,9105
6770,力積電,12,3,9,群益金鼎-高盛,2023-08-16,9105
1301,台塑,9,0,9,群益金鼎-高盛,2023-08-16,9105
2883,凱基金,11,2,9,群益金鼎-高盛,2023-08-16,9105
6005,群益證,9,0,9,群益金鼎-高盛,2023-08-16,9105
1584,精剛,12,3,9,群益金鼎-高盛,2023-08-16,9105
6282,康舒,9,1,8,群益金鼎-高盛,2023-08-16,9105
2332,友訊,26,18,8,群益金鼎-高盛,2023-08-16,9105
2886,兆豐金,8,0,8,群益金鼎-高盛,2023-08-16,9105
3706,神達,12,5,7,群益金鼎-高盛,2023-08-16,9105
2890,永豐金,120,40,80,群益金鼎-高盛,2023-08-17,9105
5880,合庫金,75,0,75,群益金鼎-高盛,2023-08-17,9105
6770,力積電,54,3,51,群益金鼎-高盛,2023-08-17,9105
00665L,富邦�琤肭磪囓�2,61,10,51,群益金鼎-高盛,2023-08-17,9105
00638R,元大滬深300反1,100,50,50,群益金鼎-高盛,2023-08-17,9105
00751B,元大AAA至A公司債,42,0,42,群益金鼎-高盛,2023-08-17,9105
00687B,國泰20年美債,37,3,34,群益金鼎-高盛,2023-08-17,9105
3231,緯創,158,128,30,群益金鼎-高盛,2023-08-17,9105
2460,建通,30,0,30,群益金鼎-高盛,2023-08-17,9105
00664R,國泰臺灣加權反1,27,0,27,群益金鼎-高盛,2023-08-17,9105
2359,所羅門,30,6,24,群益金鼎-高盛,2023-08-17,9105
2801,彰銀,23,0,23,群益金鼎-高盛,2023-08-17,9105
00931B,統一美債20年,22,0,22,群益金鼎-高盛,2023-08-17,9105
1444,力麗,20,0,20,群益金鼎-高盛,2023-08-17,9105
00878,國泰永續高股息,20,3,17,群益金鼎-高盛,2023-08-17,9105
2883,凱基金,17,1,16,群益金鼎-高盛,2023-08-17,9105
00927,群益半導體收益,15,0,15,群益金鼎-高盛,2023-08-17,9105
5864,致和證,15,0,15,群益金鼎-高盛,2023-08-17,9105
2002,中鋼,16,1,15,群益金鼎-高盛,2023-08-17,9105
8933,愛地雅,14,0,14,群益金鼎-高盛,2023-08-17,9105
2880,華南金,15,1,14,群益金鼎-高盛,2023-08-17,9105
2332,友訊,30,16,14,群益金鼎-高盛,2023-08-17,9105
3303,岱稜,14,0,14,群益金鼎-高盛,2023-08-17,9105
2892,第一金,13,0,13,群益金鼎-高盛,2023-08-17,9105
2303,聯電,15,3,12,群益金鼎-高盛,2023-08-17,9105
9945,潤泰新,12,0,12,群益金鼎-高盛,2023-08-17,9105
00900,富邦特選高股息30,11,0,11,群益金鼎-高盛,2023-08-17,9105
2329,華泰,39,28,11,群益金鼎-高盛,2023-08-17,9105
2543,皇昌,11,0,11,群益金鼎-高盛,2023-08-17,9105
2886,兆豐金,11,0,11,群益金鼎-高盛,2023-08-17,9105
2618,長榮航,26,15,11,群益金鼎-高盛,2023-08-17,9105
2409,友達,11,1,10,群益金鼎-高盛,2023-08-17,9105
00655L,國泰中國A50正2,20,10,10,群益金鼎-高盛,2023-08-17,9105
1584,精剛,12,2,10,群益金鼎-高盛,2023-08-17,9105
4414,如興,10,0,10,群益金鼎-高盛,2023-08-17,9105
6116,彩晶,10,0,10,群益金鼎-高盛,2023-08-17,9105
6282,康舒,36,26,10,群益金鼎-高盛,2023-08-17,9105
6418,詠昇,13,3,10,群益金鼎-高盛,2023-08-17,9105
4746,台耀,24,15,9,群益金鼎-高盛,2023-08-17,9105
2367,燿華,9,0,9,群益金鼎-高盛,2023-08-17,9105
2607,榮運,10,1,9,群益金鼎-高盛,2023-08-17,9105
6125,廣運,16,8,8,群益金鼎-高盛,2023-08-17,9105
6139,亞翔,13,5,8,群益金鼎-高盛,2023-08-17,9105
00929,復華台灣科技優息,16,8,8,群益金鼎-高盛,2023-08-17,9105
6244,茂迪,8,0,8,群益金鼎-高盛,2023-08-17,9105
6443,元晶,8,0,8,群益金鼎-高盛,2023-08-17,9105
9927,泰銘,16,8,8,群益金鼎-高盛,2023-08-17,9105
2888,新光金,7,0,7,群益金鼎-高盛,2023-08-17,9105
00795B,中信美國公債20年,7,0,7,群益金鼎-高盛,2023-08-17,9105
3363,上詮,8,1,7,群益金鼎-高盛,2023-08-17,9105
00638R,元大滬深300反1,200,11,189,群益金鼎-高盛,2023-08-18,9105
3706,神達,78,15,63,群益金鼎-高盛,2023-08-18,9105
9907,統一實,55,0,55,群益金鼎-高盛,2023-08-18,9105
00900,富邦特選高股息30,53,0,53,群益金鼎-高盛,2023-08-18,9105
2324,仁寶,64,14,50,群益金鼎-高盛,2023-08-18,9105
6770,力積電,51,1,50,群益金鼎-高盛,2023-08-18,9105
2382,廣達,60,19,41,群益金鼎-高盛,2023-08-18,9105
2359,所羅門,44,4,40,群益金鼎-高盛,2023-08-18,9105
3231,緯創,175,136,39,群益金鼎-高盛,2023-08-18,9105
1815,富喬,33,0,33,群益金鼎-高盛,2023-08-18,9105
8358,金居,32,1,31,群益金鼎-高盛,2023-08-18,9105
00929,復華台灣科技優息,30,2,28,群益金鼎-高盛,2023-08-18,9105
8933,愛地雅,26,0,26,群益金鼎-高盛,2023-08-18,9105
1101,台泥,31,5,26,群益金鼎-高盛,2023-08-18,9105
3005,神基,20,0,20,群益金鼎-高盛,2023-08-18,9105
2641,正德,19,1,18,群益金鼎-高盛,2023-08-18,9105
6139,亞翔,34,16,18,群益金鼎-高盛,2023-08-18,9105
2363,矽統,121,105,16,群益金鼎-高盛,2023-08-18,9105
00878,國泰永續高股息,16,0,16,群益金鼎-高盛,2023-08-18,9105
00673R,期元大S＆P原油反1,15,0,15,群益金鼎-高盛,2023-08-18,9105
3056,富華新,14,0,14,群益金鼎-高盛,2023-08-18,9105
2449,京元電子,14,0,14,群益金鼎-高盛,2023-08-18,9105
00923,群益台ESG低碳50,13,0,13,群益金鼎-高盛,2023-08-18,9105
3303,岱稜,16,3,13,群益金鼎-高盛,2023-08-18,9105
2388,威盛,13,0,13,群益金鼎-高盛,2023-08-18,9105
2323,中環,18,6,12,群益金鼎-高盛,2023-08-18,9105
2474,可成,12,0,12,群益金鼎-高盛,2023-08-18,9105
3078,僑威,24,12,12,群益金鼎-高盛,2023-08-18,9105
2356,英業達,106,94,12,群益金鼎-高盛,2023-08-18,9105
00712,復華富時不動產,11,0,11,群益金鼎-高盛,2023-08-18,9105
2409,友達,12,2,10,群益金鼎-高盛,2023-08-18,9105
00655L,國泰中國A50正2,10,0,10,群益金鼎-高盛,2023-08-18,9105
1444,力麗,10,0,10,群益金鼎-高盛,2023-08-18,9105
8215,明基材,10,0,10,群益金鼎-高盛,2023-08-18,9105
3035,智原,14,5,9,群益金鼎-高盛,2023-08-18,9105
3042,晶技,11,2,9,群益金鼎-高盛,2023-08-18,9105
3711,日月光投控,10,2,8,群益金鼎-高盛,2023-08-18,9105
2027,大成鋼,9,1,8,群益金鼎-高盛,2023-08-18,9105
2634,漢翔,10,2,8,群益金鼎-高盛,2023-08-18,9105
1319,東陽,18,10,8,群益金鼎-高盛,2023-08-18,9105
2301,光寶科,45,38,7,群益金鼎-高盛,2023-08-18,9105
2204,中華,6,0,6,群益金鼎-高盛,2023-08-18,9105
2421,建準,28,22,6,群益金鼎-高盛,2023-08-18,9105
2880,華南金,6,0,6,群益金鼎-高盛,2023-08-18,9105
3362,先進光,21,15,6,群益金鼎-高盛,2023-08-18,9105
3580,友威科,6,0,6,群益金鼎-高盛,2023-08-18,9105
4533,協易機,16,10,6,群益金鼎-高盛,2023-08-18,9105
0050,元大台灣50,5,0,5,群益金鼎-高盛,2023-08-18,9105
2376,技嘉,13,8,5,群益金鼎-高盛,2023-08-18,9105
2308,台達電,8,3,5,群益金鼎-高盛,2023-08-18,9105
00753L,中信中國50正2,60,0,60,群益金鼎-高盛,2023-08-21,9105
00637L,元大滬深300正2,55,0,55,群益金鼎-高盛,2023-08-21,9105
2324,仁寶,58,13,45,群益金鼎-高盛,2023-08-21,9105
00650L,復華香港正2,79,35,44,群益金鼎-高盛,2023-08-21,9105
2002,中鋼,40,1,39,群益金鼎-高盛,2023-08-21,9105
8933,愛地雅,40,2,38,群益金鼎-高盛,2023-08-21,9105
00665L,富邦�琤肭磪囓�2,36,0,36,群益金鼎-高盛,2023-08-21,9105
5880,合庫金,29,0,29,群益金鼎-高盛,2023-08-21,9105
3303,岱稜,27,0,27,群益金鼎-高盛,2023-08-21,9105
8928,鉅明,22,0,22,群益金鼎-高盛,2023-08-21,9105
00673R,期元大S＆P原油反1,21,0,21,群益金鼎-高盛,2023-08-21,9105
2428,興勤,20,0,20,群益金鼎-高盛,2023-08-21,9105
00931B,統一美債20年,17,0,17,群益金鼎-高盛,2023-08-21,9105
2609,陽明,20,5,15,群益金鼎-高盛,2023-08-21,9105
2605,新興,14,0,14,群益金鼎-高盛,2023-08-21,9105
00795B,中信美國公債20年,13,0,13,群益金鼎-高盛,2023-08-21,9105
3715,定穎投控,19,6,13,群益金鼎-高盛,2023-08-21,9105
2440,太空梭,12,0,12,群益金鼎-高盛,2023-08-21,9105
2312,金寶,12,2,10,群益金鼎-高盛,2023-08-21,9105
2834,臺企銀,10,0,10,群益金鼎-高盛,2023-08-21,9105
5531,鄉林,10,0,10,群益金鼎-高盛,2023-08-21,9105
00687B,國泰20年美債,8,0,8,群益金鼎-高盛,2023-08-21,9105
2637,慧洋-KY,8,0,8,群益金鼎-高盛,2023-08-21,9105
2886,兆豐金,8,0,8,群益金鼎-高盛,2023-08-21,9105
6146,耕興,8,0,8,群益金鼎-高盛,2023-08-21,9105
2356,英業達,86,78,8,群益金鼎-高盛,2023-08-21,9105
00929,復華台灣科技優息,7,0,7,群益金鼎-高盛,2023-08-21,9105
2329,華泰,16,9,7,群益金鼎-高盛,2023-08-21,9105
00751B,元大AAA至A公司債,12,5,7,群益金鼎-高盛,2023-08-21,9105
2606,裕民,10,3,7,群益金鼎-高盛,2023-08-21,9105
3056,富華新,9,2,7,群益金鼎-高盛,2023-08-21,9105
00712,復華富時不動產,7,0,7,群益金鼎-高盛,2023-08-21,9105
2630,亞航,7,0,7,群益金鼎-高盛,2023-08-21,9105
4123,晟德,7,0,7,群益金鼎-高盛,2023-08-21,9105
5608,四維航,9,2,7,群益金鼎-高盛,2023-08-21,9105
8210,勤誠,13,6,7,群益金鼎-高盛,2023-08-21,9105
3044,健鼎,9,2,7,群益金鼎-高盛,2023-08-21,9105
2382,廣達,19,12,7,群益金鼎-高盛,2023-08-21,9105
2617,台航,6,0,6,群益金鼎-高盛,2023-08-21,9105
2618,長榮航,6,0,6,群益金鼎-高盛,2023-08-21,9105
3306,鼎天,11,5,6,群益金鼎-高盛,2023-08-21,9105
2332,友訊,33,27,6,群益金鼎-高盛,2023-08-21,9105
2303,聯電,5,0,5,群益金鼎-高盛,2023-08-21,9105
2474,可成,5,0,5,群益金鼎-高盛,2023-08-21,9105
3032,偉訓,5,0,5,群益金鼎-高盛,2023-08-21,9105
3206,志豐,7,2,5,群益金鼎-高盛,2023-08-21,9105
911868,同方友友-DR,5,0,5,群益金鼎-高盛,2023-08-21,9105
9943,好樂迪,5,0,5,群益金鼎-高盛,2023-08-21,9105
2027,大成鋼,6,2,4,群益金鼎-高盛,2023-08-21,9105
1603,華電,4,0,4,群益金鼎-高盛,2023-08-21,9105
6770,力積電,36,2,34,群益金鼎-高盛,2023-08-22,9105
1471,首利,38,6,32,群益金鼎-高盛,2023-08-22,9105
00751B,元大AAA至A公司債,26,0,26,群益金鼎-高盛,2023-08-22,9105
1527,鑽全,20,0,20,群益金鼎-高盛,2023-08-22,9105
1439,雋揚,19,0,19,群益金鼎-高盛,2023-08-22,9105
5452,佶優,23,4,19,群益金鼎-高盛,2023-08-22,9105
2634,漢翔,19,1,18,群益金鼎-高盛,2023-08-22,9105
6116,彩晶,15,2,13,群益金鼎-高盛,2023-08-22,9105
00878,國泰永續高股息,12,1,11,群益金鼎-高盛,2023-08-22,9105
2337,旺宏,11,0,11,群益金鼎-高盛,2023-08-22,9105
2301,光寶科,48,38,10,群益金鼎-高盛,2023-08-22,9105
2884,玉山金,10,0,10,群益金鼎-高盛,2023-08-22,9105
00929,復華台灣科技優息,14,4,10,群益金鼎-高盛,2023-08-22,9105
00650L,復華香港正2,60,50,10,群益金鼎-高盛,2023-08-22,9105
1815,富喬,10,0,10,群益金鼎-高盛,2023-08-22,9105
2342,茂矽,10,0,10,群益金鼎-高盛,2023-08-22,9105
2515,中工,10,0,10,群益金鼎-高盛,2023-08-22,9105
3303,岱稜,10,0,10,群益金鼎-高盛,2023-08-22,9105
5328,華容,10,0,10,群益金鼎-高盛,2023-08-22,9105
5483,中美晶,10,0,10,群益金鼎-高盛,2023-08-22,9105
5607,遠雄港,10,0,10,群益金鼎-高盛,2023-08-22,9105
9943,好樂迪,10,0,10,群益金鼎-高盛,2023-08-22,9105
2883,凱基金,12,3,9,群益金鼎-高盛,2023-08-22,9105
00665L,富邦�琤肭磪囓�2,9,0,9,群益金鼎-高盛,2023-08-22,9105
1444,力麗,10,1,9,群益金鼎-高盛,2023-08-22,9105
2344,華邦電,9,0,9,群益金鼎-高盛,2023-08-22,9105
2421,建準,16,8,8,群益金鼎-高盛,2023-08-22,9105
2354,鴻準,8,0,8,群益金鼎-高盛,2023-08-22,9105
2355,敬鵬,10,2,8,群益金鼎-高盛,2023-08-22,9105
3591,艾笛森,8,0,8,群益金鼎-高盛,2023-08-22,9105
2312,金寶,10,3,7,群益金鼎-高盛,2023-08-22,9105
2401,凌陽,8,1,7,群益金鼎-高盛,2023-08-22,9105
2886,兆豐金,7,0,7,群益金鼎-高盛,2023-08-22,9105
4939,亞電,7,0,7,群益金鼎-高盛,2023-08-22,9105
6203,海韻電,7,0,7,群益金鼎-高盛,2023-08-22,9105
8928,鉅明,7,0,7,群益金鼎-高盛,2023-08-22,9105
6125,廣運,41,34,7,群益金鼎-高盛,2023-08-22,9105
3013,晟銘電,9,2,7,群益金鼎-高盛,2023-08-22,9105
6207,雷科,6,0,6,群益金鼎-高盛,2023-08-22,9105
3163,波若威,18,12,6,群益金鼎-高盛,2023-08-22,9105
00895,富邦未來車,6,0,6,群益金鼎-高盛,2023-08-22,9105
2353,宏��,10,4,6,群益金鼎-高盛,2023-08-22,9105
4167,松瑞藥,7,1,6,群益金鼎-高盛,2023-08-22,9105
1101,台泥,5,0,5,群益金鼎-高盛,2023-08-22,9105
3583,辛耘,12,7,5,群益金鼎-高盛,2023-08-22,9105
1513,中興電,5,0,5,群益金鼎-高盛,2023-08-22,9105
6472,保瑞,5,0,5,群益金鼎-高盛,2023-08-22,9105
1809,中釉,5,0,5,群益金鼎-高盛,2023-08-22,9105
2027,大成鋼,7,2,5,群益金鼎-高盛,2023-08-22,9105
00900,富邦特選高股息30,5,0,5,群益金鼎-高盛,2023-08-22,9105
1439,雋揚,136,0,136,群益金鼎-高盛,2023-08-23,9105
2355,敬鵬,86,19,67,群益金鼎-高盛,2023-08-23,9105
2890,永豐金,73,20,53,群益金鼎-高盛,2023-08-23,9105
2002,中鋼,46,0,46,群益金鼎-高盛,2023-08-23,9105
8928,鉅明,33,0,33,群益金鼎-高盛,2023-08-23,9105
00673R,期元大S＆P原油反1,26,0,26,群益金鼎-高盛,2023-08-23,9105
2834,臺企銀,20,0,20,群益金鼎-高盛,2023-08-23,9105
3607,谷崧,20,0,20,群益金鼎-高盛,2023-08-23,9105
6248,沛波,20,0,20,群益金鼎-高盛,2023-08-23,9105
4938,和碩,23,3,20,群益金鼎-高盛,2023-08-23,9105
2641,正德,17,0,17,群益金鼎-高盛,2023-08-23,9105
2516,新建,16,0,16,群益金鼎-高盛,2023-08-23,9105
2634,漢翔,40,26,14,群益金鼎-高盛,2023-08-23,9105
2884,玉山金,13,0,13,群益金鼎-高盛,2023-08-23,9105
2329,華泰,18,5,13,群益金鼎-高盛,2023-08-23,9105
6139,亞翔,21,8,13,群益金鼎-高盛,2023-08-23,9105
3308,聯德,19,6,13,群益金鼎-高盛,2023-08-23,9105
1584,精剛,14,2,12,群益金鼎-高盛,2023-08-23,9105
2906,高林,12,0,12,群益金鼎-高盛,2023-08-23,9105
3051,力特,29,17,12,群益金鼎-高盛,2023-08-23,9105
3380,明泰,17,5,12,群益金鼎-高盛,2023-08-23,9105
2891,中信金,13,2,11,群益金鼎-高盛,2023-08-23,9105
2880,華南金,11,0,11,群益金鼎-高盛,2023-08-23,9105
3071,協禧,28,17,11,群益金鼎-高盛,2023-08-23,9105
3044,健鼎,47,36,11,群益金鼎-高盛,2023-08-23,9105
3303,岱稜,10,0,10,群益金鼎-高盛,2023-08-23,9105
4707,磐亞,10,0,10,群益金鼎-高盛,2023-08-23,9105
6116,彩晶,13,3,10,群益金鼎-高盛,2023-08-23,9105
6125,廣運,17,7,10,群益金鼎-高盛,2023-08-23,9105
6198,瑞築,10,0,10,群益金鼎-高盛,2023-08-23,9105
6418,詠昇,10,0,10,群益金鼎-高盛,2023-08-23,9105
8403,盛弘,10,0,10,群益金鼎-高盛,2023-08-23,9105
911868,同方友友-DR,10,0,10,群益金鼎-高盛,2023-08-23,9105
9950,萬國通,10,0,10,群益金鼎-高盛,2023-08-23,9105
6282,康舒,14,4,10,群益金鼎-高盛,2023-08-23,9105
1471,首利,14,5,9,群益金鼎-高盛,2023-08-23,9105
3323,加百裕,9,0,9,群益金鼎-高盛,2023-08-23,9105
3042,晶技,8,0,8,群益金鼎-高盛,2023-08-23,9105
3689,湧德,12,4,8,群益金鼎-高盛,2023-08-23,9105
6168,宏齊,10,2,8,群益金鼎-高盛,2023-08-23,9105
2618,長榮航,12,5,7,群益金鼎-高盛,2023-08-23,9105
6770,力積電,10,3,7,群益金鼎-高盛,2023-08-23,9105
2617,台航,7,0,7,群益金鼎-高盛,2023-08-23,9105
2882,國泰金,7,0,7,群益金鼎-高盛,2023-08-23,9105
3419,譁裕,7,0,7,群益金鼎-高盛,2023-08-23,9105
2376,技嘉,8,2,6,群益金鼎-高盛,2023-08-23,9105
2323,中環,7,1,6,群益金鼎-高盛,2023-08-23,9105
2486,一詮,13,7,6,群益金鼎-高盛,2023-08-23,9105
3363,上詮,41,35,6,群益金鼎-高盛,2023-08-23,9105
3622,洋華,6,0,6,群益金鼎-高盛,2023-08-23,9105
2331,精英,266,64,202,群益金鼎-高盛,2023-08-24,9105
00929,復華台灣科技優息,92,0,92,群益金鼎-高盛,2023-08-24,9105
3231,緯創,184,113,71,群益金鼎-高盛,2023-08-24,9105
8928,鉅明,54,0,54,群益金鼎-高盛,2023-08-24,9105
1815,富喬,50,0,50,群益金鼎-高盛,2023-08-24,9105
9907,統一實,50,0,50,群益金鼎-高盛,2023-08-24,9105
00679B,元大美債20年,43,0,43,群益金鼎-高盛,2023-08-24,9105
1444,力麗,40,0,40,群益金鼎-高盛,2023-08-24,9105
8039,台虹,40,0,40,群益金鼎-高盛,2023-08-24,9105
2609,陽明,33,6,27,群益金鼎-高盛,2023-08-24,9105
00648R,元大S＆P500反1,25,0,25,群益金鼎-高盛,2023-08-24,9105
6282,康舒,45,27,18,群益金鼎-高盛,2023-08-24,9105
00919,群益台灣精選高息,17,3,14,群益金鼎-高盛,2023-08-24,9105
3052,夆典,14,0,14,群益金鼎-高盛,2023-08-24,9105
3163,波若威,20,6,14,群益金鼎-高盛,2023-08-24,9105
2402,毅嘉,14,1,13,群益金鼎-高盛,2023-08-24,9105
2515,中工,13,0,13,群益金鼎-高盛,2023-08-24,9105
3706,神達,20,8,12,群益金鼎-高盛,2023-08-24,9105
2002,中鋼,11,0,11,群益金鼎-高盛,2023-08-24,9105
2440,太空梭,10,0,10,群益金鼎-高盛,2023-08-24,9105
2801,彰銀,10,0,10,群益金鼎-高盛,2023-08-24,9105
4707,磐亞,10,0,10,群益金鼎-高盛,2023-08-24,9105
6244,茂迪,10,0,10,群益金鼎-高盛,2023-08-24,9105
00715L,期街口布蘭特正2,8,0,8,群益金鼎-高盛,2023-08-24,9105
5347,世界,8,0,8,群益金鼎-高盛,2023-08-24,9105
1314,中石化,8,0,8,群益金鼎-高盛,2023-08-24,9105
2399,映泰,16,8,8,群益金鼎-高盛,2023-08-24,9105
3518,柏騰,8,0,8,群益金鼎-高盛,2023-08-24,9105
6125,廣運,18,11,7,群益金鼎-高盛,2023-08-24,9105
1216,統一,7,0,7,群益金鼎-高盛,2023-08-24,9105
1309,台達化,7,0,7,群益金鼎-高盛,2023-08-24,9105
2468,華經,10,3,7,群益金鼎-高盛,2023-08-24,9105
3035,智原,23,16,7,群益金鼎-高盛,2023-08-24,9105
3056,富華新,7,0,7,群益金鼎-高盛,2023-08-24,9105
3078,僑威,10,3,7,群益金鼎-高盛,2023-08-24,9105
4909,新復興,7,0,7,群益金鼎-高盛,2023-08-24,9105
3044,健鼎,36,30,6,群益金鼎-高盛,2023-08-24,9105
6770,力積電,6,0,6,群益金鼎-高盛,2023-08-24,9105
2618,長榮航,10,4,6,群益金鼎-高盛,2023-08-24,9105
2419,仲琦,41,35,6,群益金鼎-高盛,2023-08-24,9105
2884,玉山金,9,3,6,群益金鼎-高盛,2023-08-24,9105
2324,仁寶,22,17,5,群益金鼎-高盛,2023-08-24,9105
2421,建準,31,26,5,群益金鼎-高盛,2023-08-24,9105
00632R,元大台灣50反1,20,15,5,群益金鼎-高盛,2023-08-24,9105
2028,威致,5,0,5,群益金鼎-高盛,2023-08-24,9105
2425,承啟,5,0,5,群益金鼎-高盛,2023-08-24,9105
2882,國泰金,6,1,5,群益金鼎-高盛,2023-08-24,9105
3580,友威科,5,0,5,群益金鼎-高盛,2023-08-24,9105
4542,科嶠,6,1,5,群益金鼎-高盛,2023-08-24,9105
4960,誠美材,7,2,5,群益金鼎-高盛,2023-08-24,9105
5880,合庫金,201,0,201,群益金鼎-高盛,2023-08-25,9105
00878,國泰永續高股息,156,0,156,群益金鼎-高盛,2023-08-25,9105
1471,首利,97,4,93,群益金鼎-高盛,2023-08-25,9105
3231,緯創,141,70,71,群益金鼎-高盛,2023-08-25,9105
2382,廣達,62,7,55,群益金鼎-高盛,2023-08-25,9105
00637L,元大滬深300正2,98,46,52,群益金鼎-高盛,2023-08-25,9105
2303,聯電,40,0,40,群益金鼎-高盛,2023-08-25,9105
2890,永豐金,40,0,40,群益金鼎-高盛,2023-08-25,9105
6168,宏齊,44,7,37,群益金鼎-高盛,2023-08-25,9105
3094,聯傑,69,34,35,群益金鼎-高盛,2023-08-25,9105
00900,富邦特選高股息30,34,0,34,群益金鼎-高盛,2023-08-25,9105
00919,群益台灣精選高息,33,0,33,群益金鼎-高盛,2023-08-25,9105
9925,新保,30,0,30,群益金鼎-高盛,2023-08-25,9105
5452,佶優,30,1,29,群益金鼎-高盛,2023-08-25,9105
2892,第一金,26,0,26,群益金鼎-高盛,2023-08-25,9105
2324,仁寶,28,5,23,群益金鼎-高盛,2023-08-25,9105
5443,均豪,23,0,23,群益金鼎-高盛,2023-08-25,9105
2363,矽統,197,177,20,群益金鼎-高盛,2023-08-25,9105
9907,統一實,20,0,20,群益金鼎-高盛,2023-08-25,9105
0056,元大高股息,20,2,18,群益金鼎-高盛,2023-08-25,9105
00929,復華台灣科技優息,20,3,17,群益金鼎-高盛,2023-08-25,9105
2883,凱基金,17,0,17,群益金鼎-高盛,2023-08-25,9105
3062,建漢,20,3,17,群益金鼎-高盛,2023-08-25,9105
00679B,元大美債20年,15,0,15,群益金鼎-高盛,2023-08-25,9105
4207,環泰,16,2,14,群益金鼎-高盛,2023-08-25,9105
2002,中鋼,15,1,14,群益金鼎-高盛,2023-08-25,9105
3443,創意,14,1,13,群益金鼎-高盛,2023-08-25,9105
2409,友達,16,3,13,群益金鼎-高盛,2023-08-25,9105
6418,詠昇,14,1,13,群益金鼎-高盛,2023-08-25,9105
8928,鉅明,13,0,13,群益金鼎-高盛,2023-08-25,9105
4938,和碩,16,4,12,群益金鼎-高盛,2023-08-25,9105
8033,雷虎,15,3,12,群益金鼎-高盛,2023-08-25,9105
5469,瀚宇博,11,0,11,群益金鼎-高盛,2023-08-25,9105
6248,沛波,11,0,11,群益金鼎-高盛,2023-08-25,9105
00638R,元大滬深300反1,10,0,10,群益金鼎-高盛,2023-08-25,9105
1409,新纖,10,0,10,群益金鼎-高盛,2023-08-25,9105
2109,華豐,10,0,10,群益金鼎-高盛,2023-08-25,9105
2845,遠東銀,10,0,10,群益金鼎-高盛,2023-08-25,9105
3078,僑威,16,6,10,群益金鼎-高盛,2023-08-25,9105
4944,兆遠,10,0,10,群益金鼎-高盛,2023-08-25,9105
2610,華航,19,10,9,群益金鼎-高盛,2023-08-25,9105
4543,萬在,13,4,9,群益金鼎-高盛,2023-08-25,9105
1101,台泥,9,0,9,群益金鼎-高盛,2023-08-25,9105
00712,復華富時不動產,8,0,8,群益金鼎-高盛,2023-08-25,9105
3622,洋華,8,0,8,群益金鼎-高盛,2023-08-25,9105
6274,台燿,9,1,8,群益金鼎-高盛,2023-08-25,9105
8222,寶一,28,20,8,群益金鼎-高盛,2023-08-25,9105
2330,台積電,7,0,7,群益金鼎-高盛,2023-08-25,9105
5706,鳳凰,13,6,7,群益金鼎-高盛,2023-08-25,9105
9942,茂順,8,1,7,群益金鼎-高盛,2023-08-25,9105
00637L,元大滬深300正2,332,121,211,群益金鼎-高盛,2023-08-28,9105
2332,友訊,209,10,199,群益金鼎-高盛,2023-08-28,9105
2891,中信金,104,2,102,群益金鼎-高盛,2023-08-28,9105
00878,國泰永續高股息,84,10,74,群益金鼎-高盛,2023-08-28,9105
2634,漢翔,89,16,73,群益金鼎-高盛,2023-08-28,9105
2449,京元電子,77,25,52,群益金鼎-高盛,2023-08-28,9105
2337,旺宏,51,1,50,群益金鼎-高盛,2023-08-28,9105
6770,力積電,51,1,50,群益金鼎-高盛,2023-08-28,9105
2618,長榮航,52,8,44,群益金鼎-高盛,2023-08-28,9105
9942,茂順,44,0,44,群益金鼎-高盛,2023-08-28,9105
3231,緯創,81,40,41,群益金鼎-高盛,2023-08-28,9105
2323,中環,36,1,35,群益金鼎-高盛,2023-08-28,9105
00919,群益台灣精選高息,32,0,32,群益金鼎-高盛,2023-08-28,9105
3303,岱稜,29,0,29,群益金鼎-高盛,2023-08-28,9105
1815,富喬,25,0,25,群益金鼎-高盛,2023-08-28,9105
3607,谷崧,25,0,25,群益金鼎-高盛,2023-08-28,9105
00929,復華台灣科技優息,28,8,20,群益金鼎-高盛,2023-08-28,9105
1570,力肯,20,0,20,群益金鼎-高盛,2023-08-28,9105
2362,藍天,20,0,20,群益金鼎-高盛,2023-08-28,9105
2402,毅嘉,21,1,20,群益金鼎-高盛,2023-08-28,9105
2474,可成,20,0,20,群益金鼎-高盛,2023-08-28,9105
8049,晶采,20,0,20,群益金鼎-高盛,2023-08-28,9105
9925,新保,20,0,20,群益金鼎-高盛,2023-08-28,9105
2883,凱基金,20,0,20,群益金鼎-高盛,2023-08-28,9105
4543,萬在,20,1,19,群益金鼎-高盛,2023-08-28,9105
5864,致和證,19,0,19,群益金鼎-高盛,2023-08-28,9105
2610,華航,29,12,17,群益金鼎-高盛,2023-08-28,9105
3078,僑威,19,2,17,群益金鼎-高盛,2023-08-28,9105
6207,雷科,16,0,16,群益金鼎-高盛,2023-08-28,9105
1737,臺鹽,28,13,15,群益金鼎-高盛,2023-08-28,9105
4513,福裕,15,0,15,群益金鼎-高盛,2023-08-28,9105
2929,淘帝-KY,14,1,13,群益金鼎-高盛,2023-08-28,9105
2388,威盛,34,22,12,群益金鼎-高盛,2023-08-28,9105
2328,廣宇,11,0,11,群益金鼎-高盛,2023-08-28,9105
6203,海韻電,12,1,11,群益金鼎-高盛,2023-08-28,9105
00673R,期元大S＆P原油反1,10,0,10,群益金鼎-高盛,2023-08-28,9105
00653L,富邦印度正2,10,0,10,群益金鼎-高盛,2023-08-28,9105
2880,華南金,10,0,10,群益金鼎-高盛,2023-08-28,9105
3234,光環,10,0,10,群益金鼎-高盛,2023-08-28,9105
5353,台林,10,0,10,群益金鼎-高盛,2023-08-28,9105
6248,沛波,10,0,10,群益金鼎-高盛,2023-08-28,9105
8403,盛弘,10,0,10,群益金鼎-高盛,2023-08-28,9105
2359,所羅門,18,9,9,群益金鼎-高盛,2023-08-28,9105
1528,恩德,10,1,9,群益金鼎-高盛,2023-08-28,9105
6841,長佳智能,10,1,9,群益金鼎-高盛,2023-08-28,9105
00632R,元大台灣50反1,8,0,8,群益金鼎-高盛,2023-08-28,9105
00648R,元大S＆P500反1,8,0,8,群益金鼎-高盛,2023-08-28,9105
2009,第一銅,8,0,8,群益金鼎-高盛,2023-08-28,9105
3518,柏騰,8,0,8,群益金鼎-高盛,2023-08-28,9105
1513,中興電,8,1,7,群益金鼎-高盛,2023-08-28,9105
2317,鴻海,112,6,106,群益金鼎-高盛,2023-08-29,9105
2363,矽統,271,209,62,群益金鼎-高盛,2023-08-29,9105
2332,友訊,52,4,48,群益金鼎-高盛,2023-08-29,9105
2329,華泰,55,14,41,群益金鼎-高盛,2023-08-29,9105
1409,新纖,40,0,40,群益金鼎-高盛,2023-08-29,9105
00919,群益台灣精選高息,36,0,36,群益金鼎-高盛,2023-08-29,9105
9945,潤泰新,30,0,30,群益金鼎-高盛,2023-08-29,9105
2002,中鋼,25,0,25,群益金鼎-高盛,2023-08-29,9105
2485,兆赫,28,5,23,群益金鼎-高盛,2023-08-29,9105
2331,精英,50,27,23,群益金鼎-高盛,2023-08-29,9105
3231,緯創,42,20,22,群益金鼎-高盛,2023-08-29,9105
9907,統一實,20,0,20,群益金鼎-高盛,2023-08-29,9105
2449,京元電子,47,29,18,群益金鼎-高盛,2023-08-29,9105
1439,雋揚,15,0,15,群益金鼎-高盛,2023-08-29,9105
2630,亞航,21,6,15,群益金鼎-高盛,2023-08-29,9105
2880,華南金,15,0,15,群益金鼎-高盛,2023-08-29,9105
1570,力肯,14,0,14,群益金鼎-高盛,2023-08-29,9105
1612,宏泰,14,1,13,群益金鼎-高盛,2023-08-29,9105
00900,富邦特選高股息30,12,0,12,群益金鼎-高盛,2023-08-29,9105
1737,臺鹽,14,2,12,群益金鼎-高盛,2023-08-29,9105
2374,佳能,11,0,11,群益金鼎-高盛,2023-08-29,9105
6207,雷科,11,0,11,群益金鼎-高盛,2023-08-29,9105
1102,亞泥,10,0,10,群益金鼎-高盛,2023-08-29,9105
2062,橋椿,10,0,10,群益金鼎-高盛,2023-08-29,9105
2428,興勤,10,0,10,群益金鼎-高盛,2023-08-29,9105
2515,中工,10,0,10,群益金鼎-高盛,2023-08-29,9105
3665,貿聯-KY,10,0,10,群益金鼎-高盛,2023-08-29,9105
5880,合庫金,9,0,9,群益金鼎-高盛,2023-08-29,9105
2303,聯電,14,5,9,群益金鼎-高盛,2023-08-29,9105
2891,中信金,9,0,9,群益金鼎-高盛,2023-08-29,9105
3706,神達,10,2,8,群益金鼎-高盛,2023-08-29,9105
2388,威盛,15,8,7,群益金鼎-高盛,2023-08-29,9105
2468,華經,7,0,7,群益金鼎-高盛,2023-08-29,9105
8033,雷虎,10,3,7,群益金鼎-高盛,2023-08-29,9105
00929,復華台灣科技優息,7,1,6,群益金鼎-高盛,2023-08-29,9105
00673R,期元大S＆P原油反1,6,0,6,群益金鼎-高盛,2023-08-29,9105
1514,亞力,6,0,6,群益金鼎-高盛,2023-08-29,9105
2486,一詮,15,9,6,群益金鼎-高盛,2023-08-29,9105
2401,凌陽,6,1,5,群益金鼎-高盛,2023-08-29,9105
1310,台苯,5,0,5,群益金鼎-高盛,2023-08-29,9105
1445,大宇,5,0,5,群益金鼎-高盛,2023-08-29,9105
00923,群益台ESG低碳50,5,0,5,群益金鼎-高盛,2023-08-29,9105
2748,雲品,6,1,5,群益金鼎-高盛,2023-08-29,9105
3623,富晶通,5,0,5,群益金鼎-高盛,2023-08-29,9105
6257,矽格,5,0,5,群益金鼎-高盛,2023-08-29,9105
1786,科妍,6,1,5,群益金鼎-高盛,2023-08-29,9105
2368,金像電,5,1,4,群益金鼎-高盛,2023-08-29,9105
2886,兆豐金,6,2,4,群益金鼎-高盛,2023-08-29,9105
4552,力達-KY,4,0,4,群益金鼎-高盛,2023-08-29,9105
8222,寶一,9,5,4,群益金鼎-高盛,2023-08-29,9105
1409,新纖,80,0,80,群益金鼎-高盛,2023-08-30,9105
00637L,元大滬深300正2,117,63,54,群益金鼎-高盛,2023-08-30,9105
1439,雋揚,44,0,44,群益金鼎-高盛,2023-08-30,9105
2468,華經,47,5,42,群益金鼎-高盛,2023-08-30,9105
6770,力積電,51,12,39,群益金鼎-高盛,2023-08-30,9105
3481,群創,31,1,30,群益金鼎-高盛,2023-08-30,9105
2888,新光金,30,0,30,群益金鼎-高盛,2023-08-30,9105
9925,新保,30,0,30,群益金鼎-高盛,2023-08-30,9105
3325,旭品,33,6,27,群益金鼎-高盛,2023-08-30,9105
2618,長榮航,29,9,20,群益金鼎-高盛,2023-08-30,9105
2897,王道銀行,20,0,20,群益金鼎-高盛,2023-08-30,9105
8358,金居,82,62,20,群益金鼎-高盛,2023-08-30,9105
4906,正文,21,2,19,群益金鼎-高盛,2023-08-30,9105
1471,首利,22,5,17,群益金鼎-高盛,2023-08-30,9105
00673R,期元大S＆P原油反1,16,3,13,群益金鼎-高盛,2023-08-30,9105
6168,宏齊,20,7,13,群益金鼎-高盛,2023-08-30,9105
00900,富邦特選高股息30,13,0,13,群益金鼎-高盛,2023-08-30,9105
2495,普安,12,0,12,群益金鼎-高盛,2023-08-30,9105
3372,典範,17,5,12,群益金鼎-高盛,2023-08-30,9105
2610,華航,28,17,11,群益金鼎-高盛,2023-08-30,9105
2332,友訊,22,11,11,群益金鼎-高盛,2023-08-30,9105
00922,國泰台灣領袖50,10,0,10,群益金鼎-高盛,2023-08-30,9105
2383,台光電,12,2,10,群益金鼎-高盛,2023-08-30,9105
2886,兆豐金,10,0,10,群益金鼎-高盛,2023-08-30,9105
3047,訊舟,10,0,10,群益金鼎-高盛,2023-08-30,9105
3207,耀勝,10,0,10,群益金鼎-高盛,2023-08-30,9105
4167,松瑞藥,10,0,10,群益金鼎-高盛,2023-08-30,9105
4414,如興,10,0,10,群益金鼎-高盛,2023-08-30,9105
8928,鉅明,10,0,10,群益金鼎-高盛,2023-08-30,9105
00730,富邦臺灣優質高息,10,1,9,群益金鼎-高盛,2023-08-30,9105
1907,永豐餘,9,0,9,群益金鼎-高盛,2023-08-30,9105
2349,錸德,9,0,9,群益金鼎-高盛,2023-08-30,9105
2702,華園,8,0,8,群益金鼎-高盛,2023-08-30,9105
2890,永豐金,10,2,8,群益金鼎-高盛,2023-08-30,9105
5864,致和證,8,0,8,群益金鼎-高盛,2023-08-30,9105
5009,榮剛,8,1,7,群益金鼎-高盛,2023-08-30,9105
6139,亞翔,11,4,7,群益金鼎-高盛,2023-08-30,9105
2382,廣達,29,22,7,群益金鼎-高盛,2023-08-30,9105
00878,國泰永續高股息,6,0,6,群益金鼎-高盛,2023-08-30,9105
2324,仁寶,7,1,6,群益金鼎-高盛,2023-08-30,9105
2436,偉詮電,51,45,6,群益金鼎-高盛,2023-08-30,9105
2497,怡利電,6,0,6,群益金鼎-高盛,2023-08-30,9105
3264,欣銓,6,0,6,群益金鼎-高盛,2023-08-30,9105
2882,國泰金,6,0,6,群益金鼎-高盛,2023-08-30,9105
00633L,富邦上証正2,5,0,5,群益金鼎-高盛,2023-08-30,9105
2009,第一銅,5,0,5,群益金鼎-高盛,2023-08-30,9105
2617,台航,5,0,5,群益金鼎-高盛,2023-08-30,9105
3088,艾訊,5,0,5,群益金鼎-高盛,2023-08-30,9105
4746,台耀,10,5,5,群益金鼎-高盛,2023-08-30,9105
6170,統振,5,0,5,群益金鼎-高盛,2023-08-30,9105
2891,中信金,111,10,101,群益金鼎-高盛,2023-08-31,9105
00929,復華台灣科技優息,88,6,82,群益金鼎-高盛,2023-08-31,9105
2890,永豐金,82,0,82,群益金鼎-高盛,2023-08-31,9105
2356,英業達,62,6,56,群益金鼎-高盛,2023-08-31,9105
00878,國泰永續高股息,37,3,34,群益金鼎-高盛,2023-08-31,9105
2324,仁寶,37,4,33,群益金鼎-高盛,2023-08-31,9105
2206,三陽工業,35,7,28,群益金鼎-高盛,2023-08-31,9105
1802,台玻,38,12,26,群益金鼎-高盛,2023-08-31,9105
2883,凱基金,25,1,24,群益金鼎-高盛,2023-08-31,9105
1608,華榮,20,0,20,群益金鼎-高盛,2023-08-31,9105
2002,中鋼,20,1,19,群益金鼎-高盛,2023-08-31,9105
2329,華泰,38,19,19,群益金鼎-高盛,2023-08-31,9105
2610,華航,26,8,18,群益金鼎-高盛,2023-08-31,9105
00648R,元大S＆P500反1,18,0,18,群益金鼎-高盛,2023-08-31,9105
2313,華通,23,6,17,群益金鼎-高盛,2023-08-31,9105
2303,聯電,20,3,17,群益金鼎-高盛,2023-08-31,9105
3303,岱稜,13,0,13,群益金鼎-高盛,2023-08-31,9105
0056,元大高股息,11,0,11,群益金鼎-高盛,2023-08-31,9105
2301,光寶科,14,3,11,群益金鼎-高盛,2023-08-31,9105
3380,明泰,11,0,11,群益金鼎-高盛,2023-08-31,9105
2363,矽統,87,76,11,群益金鼎-高盛,2023-08-31,9105
2468,華經,12,2,10,群益金鼎-高盛,2023-08-31,9105
2888,新光金,10,0,10,群益金鼎-高盛,2023-08-31,9105
6533,晶心科,10,0,10,群益金鼎-高盛,2023-08-31,9105
00888,永豐台灣ESG,9,0,9,群益金鼎-高盛,2023-08-31,9105
3105,穩懋,10,1,9,群益金鼎-高盛,2023-08-31,9105
3689,湧德,9,0,9,群益金鼎-高盛,2023-08-31,9105
3481,群創,14,6,8,群益金鼎-高盛,2023-08-31,9105
6770,力積電,18,10,8,群益金鼎-高盛,2023-08-31,9105
00919,群益台灣精選高息,8,0,8,群益金鼎-高盛,2023-08-31,9105
1605,華新,19,11,8,群益金鼎-高盛,2023-08-31,9105
4933,友輝,20,13,7,群益金鼎-高盛,2023-08-31,9105
8936,國統,7,0,7,群益金鼎-高盛,2023-08-31,9105
5880,合庫金,7,0,7,群益金鼎-高盛,2023-08-31,9105
6125,廣運,13,7,6,群益金鼎-高盛,2023-08-31,9105
1570,力肯,6,0,6,群益金鼎-高盛,2023-08-31,9105
2388,威盛,15,9,6,群益金鼎-高盛,2023-08-31,9105
2606,裕民,6,0,6,群益金鼎-高盛,2023-08-31,9105
2630,亞航,9,3,6,群益金鼎-高盛,2023-08-31,9105
5381,合正,17,11,6,群益金鼎-高盛,2023-08-31,9105
00673R,期元大S＆P原油反1,5,0,5,群益金鼎-高盛,2023-08-31,9105
00924,復華S＆P500成長,5,0,5,群益金鼎-高盛,2023-08-31,9105
1815,富喬,5,0,5,群益金鼎-高盛,2023-08-31,9105
2340,台亞,5,0,5,群益金鼎-高盛,2023-08-31,9105
2359,所羅門,5,0,5,群益金鼎-高盛,2023-08-31,9105
2618,長榮航,19,14,5,群益金鼎-高盛,2023-08-31,9105
2892,第一金,5,0,5,群益金鼎-高盛,2023-08-31,9105
5347,世界,6,1,5,群益金鼎-高盛,2023-08-31,9105
6213,聯茂,15,10,5,群益金鼎-高盛,2023-08-31,9105
1101,台泥,5,0,5,群益金鼎-高盛,2023-08-31,9105
00919,群益台灣精選高息,224,0,224,群益金鼎-高盛,2023-09-01,9105
1101,台泥,145,15,130,群益金鼎-高盛,2023-09-01,9105
3231,緯創,95,33,62,群益金鼎-高盛,2023-09-01,9105
3481,群創,59,0,59,群益金鼎-高盛,2023-09-01,9105
1605,華新,54,1,53,群益金鼎-高盛,2023-09-01,9105
00929,復華台灣科技優息,37,1,36,群益金鼎-高盛,2023-09-01,9105
00673R,期元大S＆P原油反1,31,0,31,群益金鼎-高盛,2023-09-01,9105
2329,華泰,62,32,30,群益金鼎-高盛,2023-09-01,9105
3311,閎暉,32,2,30,群益金鼎-高盛,2023-09-01,9105
00878,國泰永續高股息,25,1,24,群益金鼎-高盛,2023-09-01,9105
6284,佳邦,33,10,23,群益金鼎-高盛,2023-09-01,9105
2331,精英,41,24,17,群益金鼎-高盛,2023-09-01,9105
2382,廣達,27,12,15,群益金鼎-高盛,2023-09-01,9105
1439,雋揚,15,0,15,群益金鼎-高盛,2023-09-01,9105
3078,僑威,17,2,15,群益金鼎-高盛,2023-09-01,9105
2421,建準,15,2,13,群益金鼎-高盛,2023-09-01,9105
2543,皇昌,13,0,13,群益金鼎-高盛,2023-09-01,9105
00632R,元大台灣50反1,20,8,12,群益金鼎-高盛,2023-09-01,9105
1301,台塑,21,9,12,群益金鼎-高盛,2023-09-01,9105
3049,精金,12,0,12,群益金鼎-高盛,2023-09-01,9105
2409,友達,12,1,11,群益金鼎-高盛,2023-09-01,9105
1609,大亞,12,2,10,群益金鼎-高盛,2023-09-01,9105
1907,永豐餘,10,0,10,群益金鼎-高盛,2023-09-01,9105
3024,憶聲,10,0,10,群益金鼎-高盛,2023-09-01,9105
3229,晟鈦,10,0,10,群益金鼎-高盛,2023-09-01,9105
3227,原相,11,2,9,群益金鼎-高盛,2023-09-01,9105
2332,友訊,12,3,9,群益金鼎-高盛,2023-09-01,9105
2383,台光電,10,1,9,群益金鼎-高盛,2023-09-01,9105
00932,兆豐永續高息等權,8,0,8,群益金鼎-高盛,2023-09-01,9105
3021,鴻名,9,1,8,群益金鼎-高盛,2023-09-01,9105
6488,環球晶,9,1,8,群益金鼎-高盛,2023-09-01,9105
8222,寶一,11,3,8,群益金鼎-高盛,2023-09-01,9105
2368,金像電,8,1,7,群益金鼎-高盛,2023-09-01,9105
1513,中興電,12,6,6,群益金鼎-高盛,2023-09-01,9105
00923,群益台ESG低碳50,7,1,6,群益金鼎-高盛,2023-09-01,9105
1319,東陽,9,3,6,群益金鼎-高盛,2023-09-01,9105
1522,堤維西,10,4,6,群益金鼎-高盛,2023-09-01,9105
2301,光寶科,7,1,6,群益金鼎-高盛,2023-09-01,9105
2393,億光,6,0,6,群益金鼎-高盛,2023-09-01,9105
4533,協易機,6,0,6,群益金鼎-高盛,2023-09-01,9105
5234,達興材料,6,0,6,群益金鼎-高盛,2023-09-01,9105
5484,慧友,6,0,6,群益金鼎-高盛,2023-09-01,9105
3056,富華新,6,0,6,群益金鼎-高盛,2023-09-01,9105
2834,臺企銀,6,0,6,群益金鼎-高盛,2023-09-01,9105
2399,映泰,9,4,5,群益金鼎-高盛,2023-09-01,9105
2468,華經,7,2,5,群益金鼎-高盛,2023-09-01,9105
3308,聯德,18,13,5,群益金鼎-高盛,2023-09-01,9105
3325,旭品,6,1,5,群益金鼎-高盛,2023-09-01,9105
4707,磐亞,5,0,5,群益金鼎-高盛,2023-09-01,9105
6170,統振,5,0,5,群益金鼎-高盛,2023-09-01,9105
1301,台塑,70,2,68,群益金鼎-高盛,2023-09-04,9105
9925,新保,55,0,55,群益金鼎-高盛,2023-09-04,9105
3078,僑威,52,4,48,群益金鼎-高盛,2023-09-04,9105
1802,台玻,99,62,37,群益金鼎-高盛,2023-09-04,9105
2363,矽統,66,32,34,群益金鼎-高盛,2023-09-04,9105
5381,合正,47,16,31,群益金鼎-高盛,2023-09-04,9105
8033,雷虎,31,1,30,群益金鼎-高盛,2023-09-04,9105
3311,閎暉,38,9,29,群益金鼎-高盛,2023-09-04,9105
1471,首利,26,3,23,群益金鼎-高盛,2023-09-04,9105
00878,國泰永續高股息,29,6,23,群益金鼎-高盛,2023-09-04,9105
3303,岱稜,21,0,21,群益金鼎-高盛,2023-09-04,9105
00673R,期元大S＆P原油反1,20,0,20,群益金鼎-高盛,2023-09-04,9105
5328,華容,24,5,19,群益金鼎-高盛,2023-09-04,9105
2402,毅嘉,58,42,16,群益金鼎-高盛,2023-09-04,9105
2888,新光金,21,5,16,群益金鼎-高盛,2023-09-04,9105
2834,臺企銀,15,0,15,群益金鼎-高盛,2023-09-04,9105
3325,旭品,16,1,15,群益金鼎-高盛,2023-09-04,9105
6288,聯嘉,15,0,15,群益金鼎-高盛,2023-09-04,9105
5457,宣德,26,11,15,群益金鼎-高盛,2023-09-04,9105
2409,友達,17,3,14,群益金鼎-高盛,2023-09-04,9105
3481,群創,14,0,14,群益金鼎-高盛,2023-09-04,9105
00882,中信中國高股息,13,0,13,群益金鼎-高盛,2023-09-04,9105
3231,緯創,25,12,13,群益金鼎-高盛,2023-09-04,9105
00679B,元大美債20年,12,0,12,群益金鼎-高盛,2023-09-04,9105
8183,精星,12,0,12,群益金鼎-高盛,2023-09-04,9105
3105,穩懋,13,2,11,群益金鼎-高盛,2023-09-04,9105
2371,大同,20,9,11,群益金鼎-高盛,2023-09-04,9105
00857B,永豐20年美公債,10,0,10,群益金鼎-高盛,2023-09-04,9105
3390,旭軟,10,0,10,群益金鼎-高盛,2023-09-04,9105
6244,茂迪,10,0,10,群益金鼎-高盛,2023-09-04,9105
2340,台亞,9,1,8,群益金鼎-高盛,2023-09-04,9105
3706,神達,10,2,8,群益金鼎-高盛,2023-09-04,9105
2618,長榮航,24,16,8,群益金鼎-高盛,2023-09-04,9105
2376,技嘉,12,5,7,群益金鼎-高盛,2023-09-04,9105
1101,台泥,7,0,7,群益金鼎-高盛,2023-09-04,9105
2329,華泰,16,9,7,群益金鼎-高盛,2023-09-04,9105
2332,友訊,14,7,7,群益金鼎-高盛,2023-09-04,9105
2610,華航,9,2,7,群益金鼎-高盛,2023-09-04,9105
2492,華新科,20,14,6,群益金鼎-高盛,2023-09-04,9105
2462,良得電,7,1,6,群益金鼎-高盛,2023-09-04,9105
3207,耀勝,8,2,6,群益金鼎-高盛,2023-09-04,9105
3624,光頡,6,0,6,群益金鼎-高盛,2023-09-04,9105
6139,亞翔,6,0,6,群益金鼎-高盛,2023-09-04,9105
00772B,中信高評級公司債,6,0,6,群益金鼎-高盛,2023-09-04,9105
00915,凱基優選高股息30,5,0,5,群益金鼎-高盛,2023-09-04,9105
00720B,元大投資級公司債,5,0,5,群益金鼎-高盛,2023-09-04,9105
1752,南光,5,0,5,群益金鼎-高盛,2023-09-04,9105
2352,佳世達,8,3,5,群益金鼎-高盛,2023-09-04,9105
2390,云辰,5,0,5,群益金鼎-高盛,2023-09-04,9105
2471,資通,5,0,5,群益金鼎-高盛,2023-09-04,9105
2461,光群雷,102,0,102,群益金鼎-高盛,2023-09-05,9105
00637L,元大滬深300正2,106,13,93,群益金鼎-高盛,2023-09-05,9105
9925,新保,54,0,54,群益金鼎-高盛,2023-09-05,9105
2303,聯電,62,12,50,群益金鼎-高盛,2023-09-05,9105
8033,雷虎,49,0,49,群益金鼎-高盛,2023-09-05,9105
8358,金居,79,31,48,群益金鼎-高盛,2023-09-05,9105
00919,群益台灣精選高息,41,5,36,群益金鼎-高盛,2023-09-05,9105
2206,三陽工業,47,11,36,群益金鼎-高盛,2023-09-05,9105
1609,大亞,35,0,35,群益金鼎-高盛,2023-09-05,9105
5340,建榮,41,11,30,群益金鼎-高盛,2023-09-05,9105
1471,首利,35,10,25,群益金鼎-高盛,2023-09-05,9105
3231,緯創,51,27,24,群益金鼎-高盛,2023-09-05,9105
8277,商丞,23,0,23,群益金鼎-高盛,2023-09-05,9105
1409,新纖,21,0,21,群益金鼎-高盛,2023-09-05,9105
3257,虹冠電,35,14,21,群益金鼎-高盛,2023-09-05,9105
2610,華航,21,0,21,群益金鼎-高盛,2023-09-05,9105
2888,新光金,20,0,20,群益金鼎-高盛,2023-09-05,9105
00915,凱基優選高股息30,15,0,15,群益金鼎-高盛,2023-09-05,9105
2603,長榮,19,4,15,群益金鼎-高盛,2023-09-05,9105
6129,普誠,16,2,14,群益金鼎-高盛,2023-09-05,9105
3149,正達,11,0,11,群益金鼎-高盛,2023-09-05,9105
3363,上詮,21,10,11,群益金鼎-高盛,2023-09-05,9105
2436,偉詮電,27,17,10,群益金鼎-高盛,2023-09-05,9105
1570,力肯,10,0,10,群益金鼎-高盛,2023-09-05,9105
2614,東森,10,0,10,群益金鼎-高盛,2023-09-05,9105
5009,榮剛,10,0,10,群益金鼎-高盛,2023-09-05,9105
6160,欣技,11,1,10,群益金鼎-高盛,2023-09-05,9105
00857B,永豐20年美公債,9,0,9,群益金鼎-高盛,2023-09-05,9105
1301,台塑,10,2,8,群益金鼎-高盛,2023-09-05,9105
2009,第一銅,8,0,8,群益金鼎-高盛,2023-09-05,9105
2880,華南金,8,0,8,群益金鼎-高盛,2023-09-05,9105
3013,晟銘電,13,5,8,群益金鼎-高盛,2023-09-05,9105
5457,宣德,13,5,8,群益金鼎-高盛,2023-09-05,9105
00929,復華台灣科技優息,8,1,7,群益金鼎-高盛,2023-09-05,9105
2359,所羅門,10,3,7,群益金鼎-高盛,2023-09-05,9105
2460,建通,7,0,7,群益金鼎-高盛,2023-09-05,9105
8926,台汽電,6,0,6,群益金鼎-高盛,2023-09-05,9105
2344,華邦電,9,3,6,群益金鼎-高盛,2023-09-05,9105
00900,富邦特選高股息30,7,1,6,群益金鼎-高盛,2023-09-05,9105
5215,科嘉-KY,7,1,6,群益金鼎-高盛,2023-09-05,9105
0050,元大台灣50,5,0,5,群益金鼎-高盛,2023-09-05,9105
6282,康舒,29,24,5,群益金鼎-高盛,2023-09-05,9105
2332,友訊,15,10,5,群益金鼎-高盛,2023-09-05,9105
2387,精元,5,0,5,群益金鼎-高盛,2023-09-05,9105
2801,彰銀,5,0,5,群益金鼎-高盛,2023-09-05,9105
3617,碩天,8,3,5,群益金鼎-高盛,2023-09-05,9105
6517,保勝光學,5,0,5,群益金鼎-高盛,2023-09-05,9105
00878,國泰永續高股息,10,5,5,群益金鼎-高盛,2023-09-05,9105
2881,富邦金,4,0,4,群益金鼎-高盛,2023-09-05,9105
1605,華新,4,0,4,群益金鼎-高盛,2023-09-05,9105
3481,群創,503,52,451,群益金鼎-高盛,2023-09-06,9105
00929,復華台灣科技優息,155,30,125,群益金鼎-高盛,2023-09-06,9105
00882,中信中國高股息,78,0,78,群益金鼎-高盛,2023-09-06,9105
1409,新纖,70,0,70,群益金鼎-高盛,2023-09-06,9105
1471,首利,50,0,50,群益金鼎-高盛,2023-09-06,9105
9907,統一實,50,0,50,群益金鼎-高盛,2023-09-06,9105
2409,友達,103,57,46,群益金鼎-高盛,2023-09-06,9105
00919,群益台灣精選高息,43,5,38,群益金鼎-高盛,2023-09-06,9105
6770,力積電,33,0,33,群益金鼎-高盛,2023-09-06,9105
2457,飛宏,45,17,28,群益金鼎-高盛,2023-09-06,9105
2906,高林,28,1,27,群益金鼎-高盛,2023-09-06,9105
00673R,期元大S＆P原油反1,26,0,26,群益金鼎-高盛,2023-09-06,9105
3706,神達,27,1,26,群益金鼎-高盛,2023-09-06,9105
2308,台達電,25,0,25,群益金鼎-高盛,2023-09-06,9105
2890,永豐金,26,1,25,群益金鼎-高盛,2023-09-06,9105
00915,凱基優選高股息30,27,4,23,群益金鼎-高盛,2023-09-06,9105
2356,英業達,56,35,21,群益金鼎-高盛,2023-09-06,9105
8358,金居,74,54,20,群益金鼎-高盛,2023-09-06,9105
2390,云辰,20,0,20,群益金鼎-高盛,2023-09-06,9105
2888,新光金,22,2,20,群益金鼎-高盛,2023-09-06,9105
5388,中磊,25,5,20,群益金鼎-高盛,2023-09-06,9105
9925,新保,20,0,20,群益金鼎-高盛,2023-09-06,9105
00932,兆豐永續高息等權,17,0,17,群益金鼎-高盛,2023-09-06,9105
00931B,統一美債20年,17,0,17,群益金鼎-高盛,2023-09-06,9105
00900,富邦特選高股息30,16,0,16,群益金鼎-高盛,2023-09-06,9105
2014,中鴻,17,1,16,群益金鼎-高盛,2023-09-06,9105
2702,華園,14,0,14,群益金鼎-高盛,2023-09-06,9105
9942,茂順,14,0,14,群益金鼎-高盛,2023-09-06,9105
1802,台玻,105,92,13,群益金鼎-高盛,2023-09-06,9105
2363,矽統,60,47,13,群益金鼎-高盛,2023-09-06,9105
6165,浪凡,15,2,13,群益金鼎-高盛,2023-09-06,9105
1558,伸興,12,0,12,群益金鼎-高盛,2023-09-06,9105
3508,位速,12,0,12,群益金鼎-高盛,2023-09-06,9105
6282,康舒,38,26,12,群益金鼎-高盛,2023-09-06,9105
2834,臺企銀,11,0,11,群益金鼎-高盛,2023-09-06,9105
00665L,富邦�琤肭磪囓�2,11,0,11,群益金鼎-高盛,2023-09-06,9105
2481,強茂,11,0,11,群益金鼎-高盛,2023-09-06,9105
2618,長榮航,18,8,10,群益金鼎-高盛,2023-09-06,9105
00918,大華優利高填息30,10,0,10,群益金鼎-高盛,2023-09-06,9105
2033,佳大,10,0,10,群益金鼎-高盛,2023-09-06,9105
2329,華泰,11,1,10,群益金鼎-高盛,2023-09-06,9105
3325,旭品,16,6,10,群益金鼎-高盛,2023-09-06,9105
2002,中鋼,9,0,9,群益金鼎-高盛,2023-09-06,9105
2031,新光鋼,9,0,9,群益金鼎-高盛,2023-09-06,9105
2634,漢翔,20,11,9,群益金鼎-高盛,2023-09-06,9105
6488,環球晶,9,0,9,群益金鼎-高盛,2023-09-06,9105
00720B,元大投資級公司債,10,2,8,群益金鼎-高盛,2023-09-06,9105
00751B,元大AAA至A公司債,8,0,8,群益金鼎-高盛,2023-09-06,9105
00923,群益台ESG低碳50,9,1,8,群益金鼎-高盛,2023-09-06,9105
1584,精剛,11,3,8,群益金鼎-高盛,2023-09-06,9105
1815,富喬,142,3,139,群益金鼎-高盛,2023-09-07,9105
6116,彩晶,60,0,60,群益金鼎-高盛,2023-09-07,9105
2358,廷鑫,72,16,56,群益金鼎-高盛,2023-09-07,9105
00915,凱基優選高股息30,47,0,47,群益金鼎-高盛,2023-09-07,9105
5353,台林,52,14,38,群益金鼎-高盛,2023-09-07,9105
3231,緯創,41,11,30,群益金鼎-高盛,2023-09-07,9105
3706,神達,30,0,30,群益金鼎-高盛,2023-09-07,9105
2610,華航,26,0,26,群益金鼎-高盛,2023-09-07,9105
2458,義隆,26,1,25,群益金鼎-高盛,2023-09-07,9105
3078,僑威,30,7,23,群益金鼎-高盛,2023-09-07,9105
2002,中鋼,22,0,22,群益金鼎-高盛,2023-09-07,9105
2401,凌陽,43,22,21,群益金鼎-高盛,2023-09-07,9105
3032,偉訓,23,2,21,群益金鼎-高盛,2023-09-07,9105
00650L,復華香港正2,20,0,20,群益金鼎-高盛,2023-09-07,9105
2324,仁寶,23,3,20,群益金鼎-高盛,2023-09-07,9105
00878,國泰永續高股息,19,1,18,群益金鼎-高盛,2023-09-07,9105
2027,大成鋼,23,5,18,群益金鼎-高盛,2023-09-07,9105
2356,英業達,21,3,18,群益金鼎-高盛,2023-09-07,9105
3443,創意,19,3,16,群益金鼎-高盛,2023-09-07,9105
00932,兆豐永續高息等權,16,0,16,群益金鼎-高盛,2023-09-07,9105
2402,毅嘉,26,10,16,群益金鼎-高盛,2023-09-07,9105
2890,永豐金,15,0,15,群益金鼎-高盛,2023-09-07,9105
00919,群益台灣精選高息,21,7,14,群益金鼎-高盛,2023-09-07,9105
2457,飛宏,15,1,14,群益金鼎-高盛,2023-09-07,9105
2485,兆赫,53,40,13,群益金鼎-高盛,2023-09-07,9105
2880,華南金,12,0,12,群益金鼎-高盛,2023-09-07,9105
6158,禾昌,11,0,11,群益金鼎-高盛,2023-09-07,9105
1522,堤維西,17,6,11,群益金鼎-高盛,2023-09-07,9105
00923,群益台ESG低碳50,10,0,10,群益金鼎-高盛,2023-09-07,9105
00918,大華優利高填息30,10,0,10,群益金鼎-高盛,2023-09-07,9105
1618,合機,11,1,10,群益金鼎-高盛,2023-09-07,9105
2317,鴻海,11,1,10,群益金鼎-高盛,2023-09-07,9105
9942,茂順,10,0,10,群益金鼎-高盛,2023-09-07,9105
3056,富華新,10,1,9,群益金鼎-高盛,2023-09-07,9105
4533,協易機,36,27,9,群益金鼎-高盛,2023-09-07,9105
2436,偉詮電,22,13,9,群益金鼎-高盛,2023-09-07,9105
3013,晟銘電,12,3,9,群益金鼎-高盛,2023-09-07,9105
2383,台光電,8,0,8,群益金鼎-高盛,2023-09-07,9105
3021,鴻名,9,1,8,群益金鼎-高盛,2023-09-07,9105
2891,中信金,8,0,8,群益金鼎-高盛,2023-09-07,9105
2382,廣達,8,1,7,群益金鼎-高盛,2023-09-07,9105
5880,合庫金,7,0,7,群益金鼎-高盛,2023-09-07,9105
4909,新復興,10,3,7,群益金鼎-高盛,2023-09-07,9105
2884,玉山金,6,0,6,群益金鼎-高盛,2023-09-07,9105
00633L,富邦上証正2,6,0,6,群益金鼎-高盛,2023-09-07,9105
00930,永豐ESG低碳高息,6,0,6,群益金鼎-高盛,2023-09-07,9105
1301,台塑,7,1,6,群益金鼎-高盛,2023-09-07,9105
2340,台亞,7,1,6,群益金鼎-高盛,2023-09-07,9105
3311,閎暉,6,0,6,群益金鼎-高盛,2023-09-07,9105
6209,今國光,6,0,6,群益金鼎-高盛,2023-09-07,9105
2890,永豐金,115,40,75,群益金鼎-高盛,2023-09-08,9105
9942,茂順,57,0,57,群益金鼎-高盛,2023-09-08,9105
2317,鴻海,50,1,49,群益金鼎-高盛,2023-09-08,9105
2883,凱基金,31,0,31,群益金鼎-高盛,2023-09-08,9105
2891,中信金,40,10,30,群益金鼎-高盛,2023-09-08,9105
2897,王道銀行,30,0,30,群益金鼎-高盛,2023-09-08,9105
5871,中租-KY,27,1,26,群益金鼎-高盛,2023-09-08,9105
4513,福裕,26,0,26,群益金鼎-高盛,2023-09-08,9105
00650L,復華香港正2,26,0,26,群益金鼎-高盛,2023-09-08,9105
2363,矽統,45,19,26,群益金鼎-高盛,2023-09-08,9105
00919,群益台灣精選高息,54,31,23,群益金鼎-高盛,2023-09-08,9105
00915,凱基優選高股息30,22,0,22,群益金鼎-高盛,2023-09-08,9105
1618,合機,21,0,21,群益金鼎-高盛,2023-09-08,9105
1815,富喬,21,0,21,群益金鼎-高盛,2023-09-08,9105
9907,統一實,20,0,20,群益金鼎-高盛,2023-09-08,9105
2206,三陽工業,18,0,18,群益金鼎-高盛,2023-09-08,9105
8112,至上,24,7,17,群益金鼎-高盛,2023-09-08,9105
3287,廣寰科,20,6,14,群益金鼎-高盛,2023-09-08,9105
1101,台泥,15,1,14,群益金鼎-高盛,2023-09-08,9105
2382,廣達,14,1,13,群益金鼎-高盛,2023-09-08,9105
2330,台積電,15,2,13,群益金鼎-高盛,2023-09-08,9105
9919,康那香,12,0,12,群益金鼎-高盛,2023-09-08,9105
2324,仁寶,15,4,11,群益金鼎-高盛,2023-09-08,9105
2421,建準,17,6,11,群益金鼎-高盛,2023-09-08,9105
3056,富華新,10,0,10,群益金鼎-高盛,2023-09-08,9105
00714,群益道瓊美國地產,10,0,10,群益金鼎-高盛,2023-09-08,9105
2610,華航,10,0,10,群益金鼎-高盛,2023-09-08,9105
2880,華南金,10,0,10,群益金鼎-高盛,2023-09-08,9105
3622,洋華,11,1,10,群益金鼎-高盛,2023-09-08,9105
6523,達爾膚,10,0,10,群益金鼎-高盛,2023-09-08,9105
8070,長華*,10,0,10,群益金鼎-高盛,2023-09-08,9105
1612,宏泰,9,0,9,群益金鼎-高盛,2023-09-08,9105
3021,鴻名,9,0,9,群益金鼎-高盛,2023-09-08,9105
3617,碩天,9,0,9,群益金鼎-高盛,2023-09-08,9105
3680,家登,9,0,9,群益金鼎-高盛,2023-09-08,9105
1444,力麗,10,1,9,群益金鼎-高盛,2023-09-08,9105
1558,伸興,8,0,8,群益金鼎-高盛,2023-09-08,9105
2609,陽明,10,2,8,群益金鼎-高盛,2023-09-08,9105
2485,兆赫,15,7,8,群益金鼎-高盛,2023-09-08,9105
1471,首利,13,5,8,群益金鼎-高盛,2023-09-08,9105
00878,國泰永續高股息,7,0,7,群益金鼎-高盛,2023-09-08,9105
3014,聯陽,10,3,7,群益金鼎-高盛,2023-09-08,9105
2374,佳能,7,0,7,群益金鼎-高盛,2023-09-08,9105
3046,建��,14,7,7,群益金鼎-高盛,2023-09-08,9105
2401,凌陽,7,0,7,群益金鼎-高盛,2023-09-08,9105
0056,元大高股息,7,1,6,群益金鼎-高盛,2023-09-08,9105
00922,國泰台灣領袖50,6,0,6,群益金鼎-高盛,2023-09-08,9105
3025,星通,10,4,6,群益金鼎-高盛,2023-09-08,9105
3306,鼎天,7,1,6,群益金鼎-高盛,2023-09-08,9105
6541,泰福-KY,6,0,6,群益金鼎-高盛,2023-09-08,9105
00919,群益台灣精選高息,59,1,58,群益金鼎-高盛,2023-09-11,9105
00878,國泰永續高股息,99,50,49,群益金鼎-高盛,2023-09-11,9105
00900,富邦特選高股息30,51,4,47,群益金鼎-高盛,2023-09-11,9105
2409,友達,56,10,46,群益金鼎-高盛,2023-09-11,9105
3231,緯創,68,24,44,群益金鼎-高盛,2023-09-11,9105
3481,群創,51,8,43,群益金鼎-高盛,2023-09-11,9105
00915,凱基優選高股息30,42,0,42,群益金鼎-高盛,2023-09-11,9105
2405,輔信,78,39,39,群益金鼎-高盛,2023-09-11,9105
8033,雷虎,51,14,37,群益金鼎-高盛,2023-09-11,9105
0056,元大高股息,35,0,35,群益金鼎-高盛,2023-09-11,9105
2883,凱基金,35,0,35,群益金鼎-高盛,2023-09-11,9105
2634,漢翔,81,47,34,群益金鼎-高盛,2023-09-11,9105
2618,長榮航,61,30,31,群益金鼎-高盛,2023-09-11,9105
1815,富喬,30,0,30,群益金鼎-高盛,2023-09-11,9105
00918,大華優利高填息30,27,0,27,群益金鼎-高盛,2023-09-11,9105
2888,新光金,50,25,25,群益金鼎-高盛,2023-09-11,9105
2317,鴻海,26,1,25,群益金鼎-高盛,2023-09-11,9105
2884,玉山金,25,0,25,群益金鼎-高盛,2023-09-11,9105
2206,三陽工業,23,0,23,群益金鼎-高盛,2023-09-11,9105
3362,先進光,22,0,22,群益金鼎-高盛,2023-09-11,9105
1444,力麗,21,0,21,群益金鼎-高盛,2023-09-11,9105
9907,統一實,20,0,20,群益金鼎-高盛,2023-09-11,9105
1584,精剛,38,22,16,群益金鼎-高盛,2023-09-11,9105
2359,所羅門,14,0,14,群益金鼎-高盛,2023-09-11,9105
6203,海韻電,13,0,13,群益金鼎-高盛,2023-09-11,9105
6274,台燿,14,1,13,群益金鼎-高盛,2023-09-11,9105
6770,力積電,12,0,12,群益金鼎-高盛,2023-09-11,9105
4533,協易機,24,12,12,群益金鼎-高盛,2023-09-11,9105
2388,威盛,19,7,12,群益金鼎-高盛,2023-09-11,9105
6547,高端疫苗,15,3,12,群益金鼎-高盛,2023-09-11,9105
2468,華經,12,1,11,群益金鼎-高盛,2023-09-11,9105
2702,華園,11,0,11,群益金鼎-高盛,2023-09-11,9105
00931B,統一美債20年,10,0,10,群益金鼎-高盛,2023-09-11,9105
1409,新纖,10,0,10,群益金鼎-高盛,2023-09-11,9105
1558,伸興,10,0,10,群益金鼎-高盛,2023-09-11,9105
2880,華南金,10,0,10,群益金鼎-高盛,2023-09-11,9105
3583,辛耘,11,1,10,群益金鼎-高盛,2023-09-11,9105
9942,茂順,10,0,10,群益金鼎-高盛,2023-09-11,9105
2485,兆赫,14,4,10,群益金鼎-高盛,2023-09-11,9105
2610,華航,17,8,9,群益金鼎-高盛,2023-09-11,9105
9958,世紀鋼,12,3,9,群益金鼎-高盛,2023-09-11,9105
8210,勤誠,8,0,8,群益金鼎-高盛,2023-09-11,9105
2002,中鋼,9,1,8,群益金鼎-高盛,2023-09-11,9105
2352,佳世達,8,0,8,群益金鼎-高盛,2023-09-11,9105
3545,敦泰,15,7,8,群益金鼎-高盛,2023-09-11,9105
3623,富晶通,11,3,8,群益金鼎-高盛,2023-09-11,9105
6139,亞翔,10,2,8,群益金鼎-高盛,2023-09-11,9105
00923,群益台ESG低碳50,7,0,7,群益金鼎-高盛,2023-09-11,9105
5347,世界,11,4,7,群益金鼎-高盛,2023-09-11,9105
00633L,富邦上証正2,10,3,7,群益金鼎-高盛,2023-09-11,9105
2002,中鋼,380,0,380,群益金鼎-高盛,2023-09-12,9105
8936,國統,177,0,177,群益金鼎-高盛,2023-09-12,9105
00637L,元大滬深300正2,213,150,63,群益金鼎-高盛,2023-09-12,9105
00878,國泰永續高股息,53,0,53,群益金鼎-高盛,2023-09-12,9105
6770,力積電,34,0,34,群益金鼎-高盛,2023-09-12,9105
00673R,期元大S＆P原油反1,33,0,33,群益金鼎-高盛,2023-09-12,9105
5258,虹堡,42,11,31,群益金鼎-高盛,2023-09-12,9105
3213,茂訊,27,3,24,群益金鼎-高盛,2023-09-12,9105
00929,復華台灣科技優息,24,2,22,群益金鼎-高盛,2023-09-12,9105
2618,長榮航,34,12,22,群益金鼎-高盛,2023-09-12,9105
2634,漢翔,30,10,20,群益金鼎-高盛,2023-09-12,9105
6282,康舒,40,23,17,群益金鼎-高盛,2023-09-12,9105
2376,技嘉,22,6,16,群益金鼎-高盛,2023-09-12,9105
00919,群益台灣精選高息,78,62,16,群益金鼎-高盛,2023-09-12,9105
2405,輔信,54,39,15,群益金鼎-高盛,2023-09-12,9105
1101,台泥,24,10,14,群益金鼎-高盛,2023-09-12,9105
2357,華碩,13,0,13,群益金鼎-高盛,2023-09-12,9105
0056,元大高股息,13,0,13,群益金鼎-高盛,2023-09-12,9105
00915,凱基優選高股息30,13,0,13,群益金鼎-高盛,2023-09-12,9105
3346,麗清,18,5,13,群益金鼎-高盛,2023-09-12,9105
2440,太空梭,12,0,12,群益金鼎-高盛,2023-09-12,9105
3380,明泰,13,1,12,群益金鼎-高盛,2023-09-12,9105
8033,雷虎,12,0,12,群益金鼎-高盛,2023-09-12,9105
2356,英業達,23,11,12,群益金鼎-高盛,2023-09-12,9105
1524,耿鼎,35,24,11,群益金鼎-高盛,2023-09-12,9105
6120,達運,16,5,11,群益金鼎-高盛,2023-09-12,9105
00900,富邦特選高股息30,11,0,11,群益金鼎-高盛,2023-09-12,9105
1471,首利,34,23,11,群益金鼎-高盛,2023-09-12,9105
00882,中信中國高股息,10,0,10,群益金鼎-高盛,2023-09-12,9105
00885,富邦越南,10,0,10,群益金鼎-高盛,2023-09-12,9105
00715L,期街口布蘭特正2,10,0,10,群益金鼎-高盛,2023-09-12,9105
00650L,復華香港正2,30,20,10,群益金鼎-高盛,2023-09-12,9105
2358,廷鑫,10,0,10,群益金鼎-高盛,2023-09-12,9105
2601,益航,10,0,10,群益金鼎-高盛,2023-09-12,9105
2832,台產,10,0,10,群益金鼎-高盛,2023-09-12,9105
6244,茂迪,10,0,10,群益金鼎-高盛,2023-09-12,9105
3545,敦泰,13,4,9,群益金鼎-高盛,2023-09-12,9105
6182,合晶,10,1,9,群益金鼎-高盛,2023-09-12,9105
4915,致伸,22,13,9,群益金鼎-高盛,2023-09-12,9105
6139,亞翔,14,6,8,群益金鼎-高盛,2023-09-12,9105
8155,博智,11,3,8,群益金鼎-高盛,2023-09-12,9105
2485,兆赫,17,9,8,群益金鼎-高盛,2023-09-12,9105
2388,威盛,11,4,7,群益金鼎-高盛,2023-09-12,9105
3035,智原,10,3,7,群益金鼎-高盛,2023-09-12,9105
3588,通嘉,7,0,7,群益金鼎-高盛,2023-09-12,9105
3715,定穎投控,13,6,7,群益金鼎-高盛,2023-09-12,9105
4513,福裕,7,0,7,群益金鼎-高盛,2023-09-12,9105
2374,佳能,6,0,6,群益金鼎-高盛,2023-09-12,9105
2402,毅嘉,16,10,6,群益金鼎-高盛,2023-09-12,9105
3178,公準,9,3,6,群益金鼎-高盛,2023-09-12,9105
2002,中鋼,255,0,255,群益金鼎-高盛,2023-09-13,9105
00929,復華台灣科技優息,72,6,66,群益金鼎-高盛,2023-09-13,9105
1444,力麗,60,1,59,群益金鼎-高盛,2023-09-13,9105
1717,長興,41,0,41,群益金鼎-高盛,2023-09-13,9105
00673R,期元大S＆P原油反1,41,2,39,群益金鼎-高盛,2023-09-13,9105
2303,聯電,38,5,33,群益金鼎-高盛,2023-09-13,9105
2504,國產,32,0,32,群益金鼎-高盛,2023-09-13,9105
00919,群益台灣精選高息,27,0,27,群益金鼎-高盛,2023-09-13,9105
3078,僑威,25,2,23,群益金鼎-高盛,2023-09-13,9105
2886,兆豐金,22,0,22,群益金鼎-高盛,2023-09-13,9105
1618,合機,26,9,17,群益金鼎-高盛,2023-09-13,9105
3231,緯創,28,12,16,群益金鼎-高盛,2023-09-13,9105
2929,淘帝-KY,16,1,15,群益金鼎-高盛,2023-09-13,9105
1809,中釉,14,0,14,群益金鼎-高盛,2023-09-13,9105
6120,達運,18,5,13,群益金鼎-高盛,2023-09-13,9105
8936,國統,12,0,12,群益金鼎-高盛,2023-09-13,9105
2374,佳能,24,12,12,群益金鼎-高盛,2023-09-13,9105
3711,日月光投控,11,0,11,群益金鼎-高盛,2023-09-13,9105
3481,群創,13,2,11,群益金鼎-高盛,2023-09-13,9105
1524,耿鼎,59,49,10,群益金鼎-高盛,2023-09-13,9105
1402,遠東新,10,0,10,群益金鼎-高盛,2023-09-13,9105
1339,昭輝,10,0,10,群益金鼎-高盛,2023-09-13,9105
00715L,期街口布蘭特正2,22,12,10,群益金鼎-高盛,2023-09-13,9105
2425,承啟,10,0,10,群益金鼎-高盛,2023-09-13,9105
2897,王道銀行,10,0,10,群益金鼎-高盛,2023-09-13,9105
3025,星通,11,1,10,群益金鼎-高盛,2023-09-13,9105
00637L,元大滬深300正2,150,142,8,群益金鼎-高盛,2023-09-13,9105
2317,鴻海,8,0,8,群益金鼎-高盛,2023-09-13,9105
2387,精元,11,3,8,群益金鼎-高盛,2023-09-13,9105
6418,詠昇,8,0,8,群益金鼎-高盛,2023-09-13,9105
3090,日電貿,10,2,8,群益金鼎-高盛,2023-09-13,9105
2393,億光,8,1,7,群益金鼎-高盛,2023-09-13,9105
3264,欣銓,7,0,7,群益金鼎-高盛,2023-09-13,9105
3709,鑫聯大投控,7,0,7,群益金鼎-高盛,2023-09-13,9105
6291,沛亨,7,0,7,群益金鼎-高盛,2023-09-13,9105
2369,菱生,7,1,6,群益金鼎-高盛,2023-09-13,9105
2610,華航,14,8,6,群益金鼎-高盛,2023-09-13,9105
00915,凱基優選高股息30,6,0,6,群益金鼎-高盛,2023-09-13,9105
1504,東元,7,1,6,群益金鼎-高盛,2023-09-13,9105
2313,華通,26,20,6,群益金鼎-高盛,2023-09-13,9105
3047,訊舟,8,2,6,群益金鼎-高盛,2023-09-13,9105
5347,世界,7,1,6,群益金鼎-高盛,2023-09-13,9105
6585,鼎基,14,8,6,群益金鼎-高盛,2023-09-13,9105
8940,新天地,6,0,6,群益金鼎-高盛,2023-09-13,9105
1217,愛之味,5,0,5,群益金鼎-高盛,2023-09-13,9105
2353,宏��,5,0,5,群益金鼎-高盛,2023-09-13,9105
2388,威盛,5,0,5,群益金鼎-高盛,2023-09-13,9105
2488,漢平,5,0,5,群益金鼎-高盛,2023-09-13,9105
2633,台灣高鐵,5,0,5,群益金鼎-高盛,2023-09-13,9105
6167,久正,5,0,5,群益金鼎-高盛,2023-09-13,9105
1471,首利,290,0,290,群益金鼎-高盛,2023-09-14,9105
6005,群益證,200,7,193,群益金鼎-高盛,2023-09-14,9105
2002,中鋼,181,17,164,群益金鼎-高盛,2023-09-14,9105
00929,復華台灣科技優息,99,15,84,群益金鼎-高盛,2023-09-14,9105
6770,力積電,71,5,66,群益金鼎-高盛,2023-09-14,9105
2481,強茂,50,5,45,群益金鼎-高盛,2023-09-14,9105
00919,群益台灣精選高息,44,1,43,群益金鼎-高盛,2023-09-14,9105
5465,富驊,50,7,43,群益金鼎-高盛,2023-09-14,9105
1612,宏泰,40,0,40,群益金鼎-高盛,2023-09-14,9105
9934,成霖,25,0,25,群益金鼎-高盛,2023-09-14,9105
2618,長榮航,54,30,24,群益金鼎-高盛,2023-09-14,9105
2601,益航,22,0,22,群益金鼎-高盛,2023-09-14,9105
00673R,期元大S＆P原油反1,20,0,20,群益金鼎-高盛,2023-09-14,9105
2371,大同,25,5,20,群益金鼎-高盛,2023-09-14,9105
2387,精元,20,0,20,群益金鼎-高盛,2023-09-14,9105
2376,技嘉,23,7,16,群益金鼎-高盛,2023-09-14,9105
2485,兆赫,16,2,14,群益金鼎-高盛,2023-09-14,9105
3268,海德威,14,0,14,群益金鼎-高盛,2023-09-14,9105
4976,佳凌,14,0,14,群益金鼎-高盛,2023-09-14,9105
3211,順達,13,0,13,群益金鼎-高盛,2023-09-14,9105
00738U,期元大道瓊白銀,12,0,12,群益金鼎-高盛,2023-09-14,9105
2303,聯電,12,0,12,群益金鼎-高盛,2023-09-14,9105
2489,瑞軒,12,0,12,群益金鼎-高盛,2023-09-14,9105
3317,尼克森,11,0,11,群益金鼎-高盛,2023-09-14,9105
3715,定穎投控,27,16,11,群益金鼎-高盛,2023-09-14,9105
1402,遠東新,10,0,10,群益金鼎-高盛,2023-09-14,9105
00715L,期街口布蘭特正2,10,0,10,群益金鼎-高盛,2023-09-14,9105
00633L,富邦上証正2,10,0,10,群益金鼎-高盛,2023-09-14,9105
1409,新纖,10,0,10,群益金鼎-高盛,2023-09-14,9105
2426,鼎元,10,0,10,群益金鼎-高盛,2023-09-14,9105
3508,位速,10,0,10,群益金鼎-高盛,2023-09-14,9105
8068,全達,10,0,10,群益金鼎-高盛,2023-09-14,9105
2538,基泰,9,0,9,群益金鼎-高盛,2023-09-14,9105
3545,敦泰,11,2,9,群益金鼎-高盛,2023-09-14,9105
6120,達運,17,8,9,群益金鼎-高盛,2023-09-14,9105
00712,復華富時不動產,8,0,8,群益金鼎-高盛,2023-09-14,9105
2329,華泰,9,1,8,群益金鼎-高盛,2023-09-14,9105
3011,今皓,8,0,8,群益金鼎-高盛,2023-09-14,9105
2630,亞航,13,6,7,群益金鼎-高盛,2023-09-14,9105
1439,雋揚,7,0,7,群益金鼎-高盛,2023-09-14,9105
1591,駿吉-KY,7,0,7,群益金鼎-高盛,2023-09-14,9105
2880,華南金,10,3,7,群益金鼎-高盛,2023-09-14,9105
8112,至上,24,18,6,群益金鼎-高盛,2023-09-14,9105
00878,國泰永續高股息,24,18,6,群益金鼎-高盛,2023-09-14,9105
00932,兆豐永續高息等權,6,0,6,群益金鼎-高盛,2023-09-14,9105
1464,得力,6,0,6,群益金鼎-高盛,2023-09-14,9105
2313,華通,12,6,6,群益金鼎-高盛,2023-09-14,9105
1319,東陽,66,60,6,群益金鼎-高盛,2023-09-14,9105
2436,偉詮電,5,0,5,群益金鼎-高盛,2023-09-14,9105
3380,明泰,13,8,5,群益金鼎-高盛,2023-09-14,9105
00929,復華台灣科技優息,267,4,263,群益金鼎-高盛,2023-09-15,9105
6120,達運,60,11,49,群益金鼎-高盛,2023-09-15,9105
2371,大同,58,12,46,群益金鼎-高盛,2023-09-15,9105
2405,輔信,67,29,38,群益金鼎-高盛,2023-09-15,9105
3706,神達,35,0,35,群益金鼎-高盛,2023-09-15,9105
3481,群創,33,2,31,群益金鼎-高盛,2023-09-15,9105
00673R,期元大S＆P原油反1,27,0,27,群益金鼎-高盛,2023-09-15,9105
2702,華園,27,0,27,群益金鼎-高盛,2023-09-15,9105
00637L,元大滬深300正2,190,165,25,群益金鼎-高盛,2023-09-15,9105
2618,長榮航,23,0,23,群益金鼎-高盛,2023-09-15,9105
9942,茂順,22,0,22,群益金鼎-高盛,2023-09-15,9105
2376,技嘉,23,2,21,群益金鼎-高盛,2023-09-15,9105
2486,一詮,40,20,20,群益金鼎-高盛,2023-09-15,9105
1444,力麗,20,0,20,群益金鼎-高盛,2023-09-15,9105
2607,榮運,22,3,19,群益金鼎-高盛,2023-09-15,9105
2634,漢翔,22,3,19,群益金鼎-高盛,2023-09-15,9105
2317,鴻海,19,1,18,群益金鼎-高盛,2023-09-15,9105
4976,佳凌,17,0,17,群益金鼎-高盛,2023-09-15,9105
00918,大華優利高填息30,16,0,16,群益金鼎-高盛,2023-09-15,9105
1717,長興,16,0,16,群益金鼎-高盛,2023-09-15,9105
2883,凱基金,20,5,15,群益金鼎-高盛,2023-09-15,9105
4171,瑞基,15,0,15,群益金鼎-高盛,2023-09-15,9105
2637,慧洋-KY,24,10,14,群益金鼎-高盛,2023-09-15,9105
2461,光群雷,13,0,13,群益金鼎-高盛,2023-09-15,9105
2002,中鋼,14,2,12,群益金鼎-高盛,2023-09-15,9105
2353,宏��,12,0,12,群益金鼎-高盛,2023-09-15,9105
3231,緯創,24,12,12,群益金鼎-高盛,2023-09-15,9105
1314,中石化,12,0,12,群益金鼎-高盛,2023-09-15,9105
8034,榮群,15,4,11,群益金鼎-高盛,2023-09-15,9105
3014,聯陽,16,6,10,群益金鼎-高盛,2023-09-15,9105
6282,康舒,10,0,10,群益金鼎-高盛,2023-09-15,9105
2897,王道銀行,10,0,10,群益金鼎-高盛,2023-09-15,9105
3362,先進光,13,3,10,群益金鼎-高盛,2023-09-15,9105
3592,瑞鼎,17,7,10,群益金鼎-高盛,2023-09-15,9105
6026,福邦證,10,0,10,群益金鼎-高盛,2023-09-15,9105
2884,玉山金,9,0,9,群益金鼎-高盛,2023-09-15,9105
4739,康普,9,0,9,群益金鼎-高盛,2023-09-15,9105
2485,兆赫,10,2,8,群益金鼎-高盛,2023-09-15,9105
00687B,國泰20年美債,7,0,7,群益金鼎-高盛,2023-09-15,9105
00679B,元大美債20年,7,0,7,群益金鼎-高盛,2023-09-15,9105
1101,台泥,7,0,7,群益金鼎-高盛,2023-09-15,9105
2801,彰銀,7,0,7,群益金鼎-高盛,2023-09-15,9105
8092,建暐,7,0,7,群益金鼎-高盛,2023-09-15,9105
8093,保銳,7,0,7,群益金鼎-高盛,2023-09-15,9105
6156,松上,6,0,6,群益金鼎-高盛,2023-09-15,9105
2630,亞航,5,0,5,群益金鼎-高盛,2023-09-15,9105
9941,裕融,5,0,5,群益金鼎-高盛,2023-09-15,9105
00712,復華富時不動產,5,0,5,群益金鼎-高盛,2023-09-15,9105
1802,台玻,7,2,5,群益金鼎-高盛,2023-09-15,9105
2393,億光,5,0,5,群益金鼎-高盛,2023-09-15,9105
00929,復華台灣科技優息,338,2,336,群益金鼎-高盛,2023-09-18,9105
00919,群益台灣精選高息,117,16,101,群益金鼎-高盛,2023-09-18,9105
2890,永豐金,50,0,50,群益金鼎-高盛,2023-09-18,9105
00918,大華優利高填息30,37,0,37,群益金鼎-高盛,2023-09-18,9105
2461,光群雷,32,0,32,群益金鼎-高盛,2023-09-18,9105
00878,國泰永續高股息,31,0,31,群益金鼎-高盛,2023-09-18,9105
00751B,元大AAA至A公司債,30,0,30,群益金鼎-高盛,2023-09-18,9105
8033,雷虎,31,1,30,群益金鼎-高盛,2023-09-18,9105
9925,新保,30,0,30,群益金鼎-高盛,2023-09-18,9105
2330,台積電,26,0,26,群益金鼎-高盛,2023-09-18,9105
2888,新光金,25,0,25,群益金鼎-高盛,2023-09-18,9105
1471,首利,25,0,25,群益金鼎-高盛,2023-09-18,9105
2458,義隆,26,1,25,群益金鼎-高盛,2023-09-18,9105
2382,廣達,24,2,22,群益金鼎-高盛,2023-09-18,9105
00650L,復華香港正2,52,30,22,群益金鼎-高盛,2023-09-18,9105
2002,中鋼,30,9,21,群益金鼎-高盛,2023-09-18,9105
3685,元創精密,20,0,20,群益金鼎-高盛,2023-09-18,9105
3231,緯創,41,21,20,群益金鼎-高盛,2023-09-18,9105
00688L,國泰20年美債正2,18,0,18,群益金鼎-高盛,2023-09-18,9105
5388,中磊,17,0,17,群益金鼎-高盛,2023-09-18,9105
00924,復華S＆P500成長,16,0,16,群益金鼎-高盛,2023-09-18,9105
2355,敬鵬,16,0,16,群益金鼎-高盛,2023-09-18,9105
8222,寶一,19,3,16,群益金鼎-高盛,2023-09-18,9105
3706,神達,15,0,15,群益金鼎-高盛,2023-09-18,9105
00885,富邦越南,15,0,15,群益金鼎-高盛,2023-09-18,9105
00931B,統一美債20年,14,0,14,群益金鼎-高盛,2023-09-18,9105
2303,聯電,16,2,14,群益金鼎-高盛,2023-09-18,9105
3078,僑威,15,1,14,群益金鼎-高盛,2023-09-18,9105
9907,統一實,14,0,14,群益金鼎-高盛,2023-09-18,9105
2883,凱基金,14,0,14,群益金鼎-高盛,2023-09-18,9105
00923,群益台ESG低碳50,13,0,13,群益金鼎-高盛,2023-09-18,9105
4979,華星光,17,5,12,群益金鼎-高盛,2023-09-18,9105
2363,矽統,50,38,12,群益金鼎-高盛,2023-09-18,9105
2891,中信金,17,5,12,群益金鼎-高盛,2023-09-18,9105
3033,威健,12,0,12,群益金鼎-高盛,2023-09-18,9105
6284,佳邦,14,3,11,群益金鼎-高盛,2023-09-18,9105
00687B,國泰20年美債,10,0,10,群益金鼎-高盛,2023-09-18,9105
2354,鴻準,10,0,10,群益金鼎-高盛,2023-09-18,9105
00921,兆豐龍頭等權重,10,0,10,群益金鼎-高盛,2023-09-18,9105
00764B,群益25年美債,10,0,10,群益金鼎-高盛,2023-09-18,9105
00708L,期元大S＆P黃金正2,10,0,10,群益金鼎-高盛,2023-09-18,9105
1444,力麗,10,0,10,群益金鼎-高盛,2023-09-18,9105
2468,華經,10,0,10,群益金鼎-高盛,2023-09-18,9105
2887,台新金,10,0,10,群益金鼎-高盛,2023-09-18,9105
5864,致和證,10,0,10,群益金鼎-高盛,2023-09-18,9105
8049,晶采,10,0,10,群益金鼎-高盛,2023-09-18,9105
3715,定穎投控,33,24,9,群益金鼎-高盛,2023-09-18,9105
2606,裕民,17,8,9,群益金鼎-高盛,2023-09-18,9105
0056,元大高股息,9,0,9,群益金鼎-高盛,2023-09-18,9105
2637,慧洋-KY,8,0,8,群益金鼎-高盛,2023-09-18,9105
00929,復華台灣科技優息,58,0,58,群益金鼎-高盛,2023-09-19,9105
1444,力麗,58,0,58,群益金鼎-高盛,2023-09-19,9105
9925,新保,53,0,53,群益金鼎-高盛,2023-09-19,9105
2313,華通,153,117,36,群益金鼎-高盛,2023-09-19,9105
9907,統一實,36,0,36,群益金鼎-高盛,2023-09-19,9105
00919,群益台灣精選高息,38,3,35,群益金鼎-高盛,2023-09-19,9105
00921,兆豐龍頭等權重,23,0,23,群益金鼎-高盛,2023-09-19,9105
00882,中信中國高股息,18,0,18,群益金鼎-高盛,2023-09-19,9105
2603,長榮,27,9,18,群益金鼎-高盛,2023-09-19,9105
3163,波若威,26,8,18,群益金鼎-高盛,2023-09-19,9105
00673R,期元大S＆P原油反1,15,0,15,群益金鼎-高盛,2023-09-19,9105
00650L,復華香港正2,35,20,15,群益金鼎-高盛,2023-09-19,9105
3033,威健,15,0,15,群益金鼎-高盛,2023-09-19,9105
00878,國泰永續高股息,17,2,15,群益金鼎-高盛,2023-09-19,9105
3231,緯創,25,11,14,群益金鼎-高盛,2023-09-19,9105
2618,長榮航,18,4,14,群益金鼎-高盛,2023-09-19,9105
3058,立德,13,0,13,群益金鼎-高盛,2023-09-19,9105
2363,矽統,84,71,13,群益金鼎-高盛,2023-09-19,9105
6182,合晶,22,10,12,群益金鼎-高盛,2023-09-19,9105
1522,堤維西,50,39,11,群益金鼎-高盛,2023-09-19,9105
3443,創意,12,1,11,群益金鼎-高盛,2023-09-19,9105
3450,聯鈞,32,21,11,群益金鼎-高盛,2023-09-19,9105
2462,良得電,11,0,11,群益金鼎-高盛,2023-09-19,9105
00679B,元大美債20年,10,0,10,群益金鼎-高盛,2023-09-19,9105
2485,兆赫,13,3,10,群益金鼎-高盛,2023-09-19,9105
4123,晟德,10,0,10,群益金鼎-高盛,2023-09-19,9105
4414,如興,10,0,10,群益金鼎-高盛,2023-09-19,9105
2401,凌陽,10,1,9,群益金鼎-高盛,2023-09-19,9105
2303,聯電,9,1,8,群益金鼎-高盛,2023-09-19,9105
2884,玉山金,8,0,8,群益金鼎-高盛,2023-09-19,9105
3049,精金,8,0,8,群益金鼎-高盛,2023-09-19,9105
3711,日月光投控,9,1,8,群益金鼎-高盛,2023-09-19,9105
6108,競國,8,0,8,群益金鼎-高盛,2023-09-19,9105
9929,秋雨,8,0,8,群益金鼎-高盛,2023-09-19,9105
2301,光寶科,10,2,8,群益金鼎-高盛,2023-09-19,9105
00712,復華富時不動產,7,0,7,群益金鼎-高盛,2023-09-19,9105
2324,仁寶,7,0,7,群益金鼎-高盛,2023-09-19,9105
3090,日電貿,7,0,7,群益金鼎-高盛,2023-09-19,9105
3715,定穎投控,59,52,7,群益金鼎-高盛,2023-09-19,9105
2610,華航,9,2,7,群益金鼎-高盛,2023-09-19,9105
2330,台積電,15,9,6,群益金鼎-高盛,2023-09-19,9105
1101,台泥,12,6,6,群益金鼎-高盛,2023-09-19,9105
1609,大亞,6,0,6,群益金鼎-高盛,2023-09-19,9105
2367,燿華,20,14,6,群益金鼎-高盛,2023-09-19,9105
2449,京元電子,23,17,6,群益金鼎-高盛,2023-09-19,9105
4979,華星光,11,5,6,群益金鼎-高盛,2023-09-19,9105
6548,長科*,7,1,6,群益金鼎-高盛,2023-09-19,9105
8033,雷虎,6,0,6,群益金鼎-高盛,2023-09-19,9105
0056,元大高股息,10,5,5,群益金鼎-高盛,2023-09-19,9105
6207,雷科,5,0,5,群益金鼎-高盛,2023-09-19,9105
00882,中信中國高股息,130,0,130,群益金鼎-高盛,2023-09-20,9105
9925,新保,104,2,102,群益金鼎-高盛,2023-09-20,9105
2838,聯邦銀,100,0,100,群益金鼎-高盛,2023-09-20,9105
00900,富邦特選高股息30,51,1,50,群益金鼎-高盛,2023-09-20,9105
00919,群益台灣精選高息,59,11,48,群益金鼎-高盛,2023-09-20,9105
2883,凱基金,52,14,38,群益金鼎-高盛,2023-09-20,9105
3706,神達,55,29,26,群益金鼎-高盛,2023-09-20,9105
1815,富喬,35,10,25,群益金鼎-高盛,2023-09-20,9105
2344,華邦電,26,1,25,群益金鼎-高盛,2023-09-20,9105
00921,兆豐龍頭等權重,20,0,20,群益金鼎-高盛,2023-09-20,9105
1471,首利,19,0,19,群益金鼎-高盛,2023-09-20,9105
2610,華航,21,4,17,群益金鼎-高盛,2023-09-20,9105
1467,南緯,15,0,15,群益金鼎-高盛,2023-09-20,9105
2605,新興,31,17,14,群益金鼎-高盛,2023-09-20,9105
00650L,復華香港正2,13,0,13,群益金鼎-高盛,2023-09-20,9105
6284,佳邦,13,1,12,群益金鼎-高盛,2023-09-20,9105
2330,台積電,17,6,11,群益金鼎-高盛,2023-09-20,9105
00751B,元大AAA至A公司債,11,0,11,群益金鼎-高盛,2023-09-20,9105
0056,元大高股息,16,6,10,群益金鼎-高盛,2023-09-20,9105
00679B,元大美債20年,11,1,10,群益金鼎-高盛,2023-09-20,9105
00637L,元大滬深300正2,19,9,10,群益金鼎-高盛,2023-09-20,9105
00918,大華優利高填息30,10,0,10,群益金鼎-高盛,2023-09-20,9105
2601,益航,10,0,10,群益金鼎-高盛,2023-09-20,9105
2702,華園,10,0,10,群益金鼎-高盛,2023-09-20,9105
2890,永豐金,10,0,10,群益金鼎-高盛,2023-09-20,9105
6282,康舒,11,1,10,群益金鼎-高盛,2023-09-20,9105
2401,凌陽,10,1,9,群益金鼎-高盛,2023-09-20,9105
00673R,期元大S＆P原油反1,21,12,9,群益金鼎-高盛,2023-09-20,9105
2880,華南金,10,1,9,群益金鼎-高盛,2023-09-20,9105
1802,台玻,10,2,8,群益金鼎-高盛,2023-09-20,9105
00877,復華中國5G,7,0,7,群益金鼎-高盛,2023-09-20,9105
2303,聯電,8,1,7,群益金鼎-高盛,2023-09-20,9105
2329,華泰,8,1,7,群益金鼎-高盛,2023-09-20,9105
3014,聯陽,12,5,7,群益金鼎-高盛,2023-09-20,9105
00878,國泰永續高股息,49,42,7,群益金鼎-高盛,2023-09-20,9105
00696B,富邦美債20年,6,0,6,群益金鼎-高盛,2023-09-20,9105
2338,光罩,6,0,6,群益金鼎-高盛,2023-09-20,9105
2383,台光電,7,1,6,群益金鼎-高盛,2023-09-20,9105
2409,友達,8,2,6,群益金鼎-高盛,2023-09-20,9105
2486,一詮,9,3,6,群益金鼎-高盛,2023-09-20,9105
3450,聯鈞,10,4,6,群益金鼎-高盛,2023-09-20,9105
6235,華孚,8,2,6,群益金鼎-高盛,2023-09-20,9105
2002,中鋼,6,0,6,群益金鼎-高盛,2023-09-20,9105
3037,欣興,18,13,5,群益金鼎-高盛,2023-09-20,9105
4979,華星光,23,18,5,群益金鼎-高盛,2023-09-20,9105
1308,亞聚,5,0,5,群益金鼎-高盛,2023-09-20,9105
2354,鴻準,5,0,5,群益金鼎-高盛,2023-09-20,9105
2468,華經,10,5,5,群益金鼎-高盛,2023-09-20,9105
2481,強茂,5,0,5,群益金鼎-高盛,2023-09-20,9105
2538,基泰,5,0,5,群益金鼎-高盛,2023-09-20,9105
5880,合庫金,305,0,305,群益金鼎-高盛,2023-09-21,9105
2890,永豐金,296,1,295,群益金鼎-高盛,2023-09-21,9105
2838,聯邦銀,100,0,100,群益金鼎-高盛,2023-09-21,9105
00923,群益台ESG低碳50,100,0,100,群益金鼎-高盛,2023-09-21,9105
00929,復華台灣科技優息,220,126,94,群益金鼎-高盛,2023-09-21,9105
3078,僑威,79,1,78,群益金鼎-高盛,2023-09-21,9105
5009,榮剛,64,1,63,群益金鼎-高盛,2023-09-21,9105
00919,群益台灣精選高息,64,4,60,群益金鼎-高盛,2023-09-21,9105
2883,凱基金,70,13,57,群益金鼎-高盛,2023-09-21,9105
0056,元大高股息,49,1,48,群益金鼎-高盛,2023-09-21,9105
9925,新保,46,0,46,群益金鼎-高盛,2023-09-21,9105
2002,中鋼,32,0,32,群益金鼎-高盛,2023-09-21,9105
2845,遠東銀,30,0,30,群益金鼎-高盛,2023-09-21,9105
1101,台泥,23,0,23,群益金鼎-高盛,2023-09-21,9105
8033,雷虎,23,0,23,群益金鼎-高盛,2023-09-21,9105
2891,中信金,22,0,22,群益金鼎-高盛,2023-09-21,9105
3049,精金,22,0,22,群益金鼎-高盛,2023-09-21,9105
2374,佳能,20,0,20,群益金鼎-高盛,2023-09-21,9105
2317,鴻海,20,1,19,群益金鼎-高盛,2023-09-21,9105
2388,威盛,28,10,18,群益金鼎-高盛,2023-09-21,9105
1609,大亞,18,0,18,群益金鼎-高盛,2023-09-21,9105
1809,中釉,23,5,18,群益金鼎-高盛,2023-09-21,9105
2367,燿華,43,25,18,群益金鼎-高盛,2023-09-21,9105
6116,彩晶,20,2,18,群益金鼎-高盛,2023-09-21,9105
6284,佳邦,16,1,15,群益金鼎-高盛,2023-09-21,9105
8112,至上,21,7,14,群益金鼎-高盛,2023-09-21,9105
2888,新光金,14,0,14,群益金鼎-高盛,2023-09-21,9105
00918,大華優利高填息30,13,0,13,群益金鼎-高盛,2023-09-21,9105
00665L,富邦�琤肭磪囓�2,12,0,12,群益金鼎-高盛,2023-09-21,9105
00753L,中信中國50正2,11,0,11,群益金鼎-高盛,2023-09-21,9105
9942,茂順,11,0,11,群益金鼎-高盛,2023-09-21,9105
2449,京元電子,25,14,11,群益金鼎-高盛,2023-09-21,9105
6223,旺矽,12,1,11,群益金鼎-高盛,2023-09-21,9105
2834,臺企銀,10,0,10,群益金鼎-高盛,2023-09-21,9105
00713,元大台灣高息低波,13,3,10,群益金鼎-高盛,2023-09-21,9105
9907,統一實,10,0,10,群益金鼎-高盛,2023-09-21,9105
1402,遠東新,10,0,10,群益金鼎-高盛,2023-09-21,9105
2344,華邦電,15,5,10,群益金鼎-高盛,2023-09-21,9105
2412,中華電,10,0,10,群益金鼎-高盛,2023-09-21,9105
2611,志信,10,0,10,群益金鼎-高盛,2023-09-21,9105
0050,元大台灣50,10,0,10,群益金鼎-高盛,2023-09-21,9105
00891,中信關鍵半導體,10,1,9,群益金鼎-高盛,2023-09-21,9105
6168,宏齊,12,3,9,群益金鼎-高盛,2023-09-21,9105
2330,台積電,13,5,8,群益金鼎-高盛,2023-09-21,9105
00687B,國泰20年美債,8,0,8,群益金鼎-高盛,2023-09-21,9105
00637L,元大滬深300正2,28,20,8,群益金鼎-高盛,2023-09-21,9105
2603,長榮,10,2,8,群益金鼎-高盛,2023-09-21,9105
00673R,期元大S＆P原油反1,10,2,8,群益金鼎-高盛,2023-09-21,9105
2401,凌陽,9,2,7,群益金鼎-高盛,2023-09-21,9105
2303,聯電,9,2,7,群益金鼎-高盛,2023-09-21,9105
00931B,統一美債20年,193,0,193,群益金鼎-高盛,2023-09-22,9105
2363,矽統,146,51,95,群益金鼎-高盛,2023-09-22,9105
00655L,國泰中國A50正2,80,0,80,群益金鼎-高盛,2023-09-22,9105
2883,凱基金,66,0,66,群益金鼎-高盛,2023-09-22,9105
3706,神達,52,9,43,群益金鼎-高盛,2023-09-22,9105
00751B,元大AAA至A公司債,37,0,37,群益金鼎-高盛,2023-09-22,9105
00679B,元大美債20年,36,0,36,群益金鼎-高盛,2023-09-22,9105
00919,群益台灣精選高息,39,3,36,群益金鼎-高盛,2023-09-22,9105
3481,群創,47,12,35,群益金鼎-高盛,2023-09-22,9105
3450,聯鈞,52,21,31,群益金鼎-高盛,2023-09-22,9105
5009,榮剛,30,0,30,群益金鼎-高盛,2023-09-22,9105
2002,中鋼,29,1,28,群益金鼎-高盛,2023-09-22,9105
00712,復華富時不動產,24,0,24,群益金鼎-高盛,2023-09-22,9105
2356,英業達,21,1,20,群益金鼎-高盛,2023-09-22,9105
2329,華泰,18,0,18,群益金鼎-高盛,2023-09-22,9105
00687B,國泰20年美債,15,0,15,群益金鼎-高盛,2023-09-22,9105
00680L,元大美債20正2,15,0,15,群益金鼎-高盛,2023-09-22,9105
00688L,國泰20年美債正2,15,0,15,群益金鼎-高盛,2023-09-22,9105
2891,中信金,16,2,14,群益金鼎-高盛,2023-09-22,9105
2317,鴻海,12,0,12,群益金鼎-高盛,2023-09-22,9105
2371,大同,11,0,11,群益金鼎-高盛,2023-09-22,9105
2542,興富發,11,0,11,群益金鼎-高盛,2023-09-22,9105
2543,皇昌,11,0,11,群益金鼎-高盛,2023-09-22,9105
1471,首利,10,0,10,群益金鼎-高盛,2023-09-22,9105
1532,勤美,10,0,10,群益金鼎-高盛,2023-09-22,9105
2014,中鴻,13,3,10,群益金鼎-高盛,2023-09-22,9105
2348,海悅,10,0,10,群益金鼎-高盛,2023-09-22,9105
6116,彩晶,36,26,10,群益金鼎-高盛,2023-09-22,9105
1101,台泥,9,0,9,群益金鼎-高盛,2023-09-22,9105
3036,文曄,14,5,9,群益金鼎-高盛,2023-09-22,9105
3322,建舜電,10,1,9,群益金鼎-高盛,2023-09-22,9105
00885,富邦越南,10,2,8,群益金鼎-高盛,2023-09-22,9105
2367,燿華,18,10,8,群益金鼎-高盛,2023-09-22,9105
2610,華航,15,7,8,群益金鼎-高盛,2023-09-22,9105
2618,長榮航,16,8,8,群益金鼎-高盛,2023-09-22,9105
2330,台積電,10,3,7,群益金鼎-高盛,2023-09-22,9105
1802,台玻,7,0,7,群益金鼎-高盛,2023-09-22,9105
2337,旺宏,7,0,7,群益金鼎-高盛,2023-09-22,9105
2344,華邦電,12,5,7,群益金鼎-高盛,2023-09-22,9105
2358,廷鑫,7,0,7,群益金鼎-高盛,2023-09-22,9105
3666,光耀,7,0,7,群益金鼎-高盛,2023-09-22,9105
8034,榮群,7,0,7,群益金鼎-高盛,2023-09-22,9105
00720B,元大投資級公司債,6,0,6,群益金鼎-高盛,2023-09-22,9105
1815,富喬,6,0,6,群益金鼎-高盛,2023-09-22,9105
2880,華南金,6,0,6,群益金鼎-高盛,2023-09-22,9105
2906,高林,6,0,6,群益金鼎-高盛,2023-09-22,9105
00878,國泰永續高股息,7,1,6,群益金鼎-高盛,2023-09-22,9105
2881,富邦金,5,0,5,群益金鼎-高盛,2023-09-22,9105
00915,凱基優選高股息30,5,0,5,群益金鼎-高盛,2023-09-22,9105
1109,信大,5,0,5,群益金鼎-高盛,2023-09-22,9105
00637L,元大滬深300正2,251,83,168,群益金鼎-高盛,2023-09-25,9105
9925,新保,116,0,116,群益金鼎-高盛,2023-09-25,9105
2838,聯邦銀,50,0,50,群益金鼎-高盛,2023-09-25,9105
9907,統一實,43,0,43,群益金鼎-高盛,2023-09-25,9105
00929,復華台灣科技優息,31,7,24,群益金鼎-高盛,2023-09-25,9105
6451,訊芯-KY,26,3,23,群益金鼎-高盛,2023-09-25,9105
1467,南緯,21,0,21,群益金鼎-高盛,2023-09-25,9105
3049,精金,20,0,20,群益金鼎-高盛,2023-09-25,9105
2543,皇昌,20,1,19,群益金鼎-高盛,2023-09-25,9105
2313,華通,59,41,18,群益金鼎-高盛,2023-09-25,9105
9945,潤泰新,17,0,17,群益金鼎-高盛,2023-09-25,9105
1101,台泥,14,0,14,群益金鼎-高盛,2023-09-25,9105
2618,長榮航,34,20,14,群益金鼎-高盛,2023-09-25,9105
2468,華經,21,9,12,群益金鼎-高盛,2023-09-25,9105
00878,國泰永續高股息,13,1,12,群益金鼎-高盛,2023-09-25,9105
00655L,國泰中國A50正2,15,4,11,群益金鼎-高盛,2023-09-25,9105
1522,堤維西,17,6,11,群益金鼎-高盛,2023-09-25,9105
00679B,元大美債20年,11,0,11,群益金鼎-高盛,2023-09-25,9105
8131,福懋科,10,0,10,群益金鼎-高盛,2023-09-25,9105
1324,地球,10,0,10,群益金鼎-高盛,2023-09-25,9105
00931B,統一美債20年,10,0,10,群益金鼎-高盛,2023-09-25,9105
2316,楠梓電,23,13,10,群益金鼎-高盛,2023-09-25,9105
2440,太空梭,10,0,10,群益金鼎-高盛,2023-09-25,9105
2610,華航,14,4,10,群益金鼎-高盛,2023-09-25,9105
3666,光耀,11,1,10,群益金鼎-高盛,2023-09-25,9105
5302,太欣,10,0,10,群益金鼎-高盛,2023-09-25,9105
6120,達運,10,0,10,群益金鼎-高盛,2023-09-25,9105
5009,榮剛,31,22,9,群益金鼎-高盛,2023-09-25,9105
2436,偉詮電,7,0,7,群益金鼎-高盛,2023-09-25,9105
3450,聯鈞,51,44,7,群益金鼎-高盛,2023-09-25,9105
8289,泰藝,7,0,7,群益金鼎-高盛,2023-09-25,9105
6472,保瑞,6,0,6,群益金鼎-高盛,2023-09-25,9105
6150,撼訊,6,0,6,群益金鼎-高盛,2023-09-25,9105
3308,聯德,6,0,6,群益金鼎-高盛,2023-09-25,9105
3617,碩天,6,0,6,群益金鼎-高盛,2023-09-25,9105
2882,國泰金,6,0,6,群益金鼎-高盛,2023-09-25,9105
2382,廣達,10,5,5,群益金鼎-高盛,2023-09-25,9105
00875,國泰網路資安,5,0,5,群益金鼎-高盛,2023-09-25,9105
1434,福懋,5,0,5,群益金鼎-高盛,2023-09-25,9105
2103,台橡,5,0,5,群益金鼎-高盛,2023-09-25,9105
2617,台航,5,0,5,群益金鼎-高盛,2023-09-25,9105
2542,興富發,4,0,4,群益金鼎-高盛,2023-09-25,9105
1319,東陽,4,0,4,群益金鼎-高盛,2023-09-25,9105
2606,裕民,5,1,4,群益金鼎-高盛,2023-09-25,9105
3149,正達,4,0,4,群益金鼎-高盛,2023-09-25,9105
6176,瑞儀,4,0,4,群益金鼎-高盛,2023-09-25,9105
8271,宇瞻,6,2,4,群益金鼎-高盛,2023-09-25,9105
2355,敬鵬,7,4,3,群益金鼎-高盛,2023-09-25,9105
3037,欣興,4,1,3,群益金鼎-高盛,2023-09-25,9105
4133,亞諾法,3,0,3,群益金鼎-高盛,2023-09-25,9105
3481,群創,129,3,126,群益金鼎-高盛,2023-09-26,9105
5880,合庫金,100,0,100,群益金鼎-高盛,2023-09-26,9105
1815,富喬,139,63,76,群益金鼎-高盛,2023-09-26,9105
2409,友達,62,0,62,群益金鼎-高盛,2023-09-26,9105
00637L,元大滬深300正2,62,2,60,群益金鼎-高盛,2023-09-26,9105
1524,耿鼎,57,11,46,群益金鼎-高盛,2023-09-26,9105
00751B,元大AAA至A公司債,39,0,39,群益金鼎-高盛,2023-09-26,9105
00929,復華台灣科技優息,36,1,35,群益金鼎-高盛,2023-09-26,9105
00919,群益台灣精選高息,38,4,34,群益金鼎-高盛,2023-09-26,9105
00931B,統一美債20年,44,10,34,群益金鼎-高盛,2023-09-26,9105
00650L,復華香港正2,51,30,21,群益金鼎-高盛,2023-09-26,9105
00680L,元大美債20正2,20,0,20,群益金鼎-高盛,2023-09-26,9105
00673R,期元大S＆P原油反1,25,5,20,群益金鼎-高盛,2023-09-26,9105
1101,台泥,25,9,16,群益金鼎-高盛,2023-09-26,9105
1471,首利,16,0,16,群益金鼎-高盛,2023-09-26,9105
00921,兆豐龍頭等權重,16,0,16,群益金鼎-高盛,2023-09-26,9105
00679B,元大美債20年,16,0,16,群益金鼎-高盛,2023-09-26,9105
1608,華榮,16,2,14,群益金鼎-高盛,2023-09-26,9105
1301,台塑,14,1,13,群益金鼎-高盛,2023-09-26,9105
1584,精剛,14,1,13,群益金鼎-高盛,2023-09-26,9105
6204,艾華,14,1,13,群益金鼎-高盛,2023-09-26,9105
2618,長榮航,14,1,13,群益金鼎-高盛,2023-09-26,9105
2330,台積電,14,2,12,群益金鼎-高盛,2023-09-26,9105
5009,榮剛,12,0,12,群益金鼎-高盛,2023-09-26,9105
0056,元大高股息,12,0,12,群益金鼎-高盛,2023-09-26,9105
2427,三商電,11,0,11,群益金鼎-高盛,2023-09-26,9105
00918,大華優利高填息30,10,0,10,群益金鼎-高盛,2023-09-26,9105
1618,合機,10,0,10,群益金鼎-高盛,2023-09-26,9105
2338,光罩,10,0,10,群益金鼎-高盛,2023-09-26,9105
2881,富邦金,10,0,10,群益金鼎-高盛,2023-09-26,9105
00923,群益台ESG低碳50,9,0,9,群益金鼎-高盛,2023-09-26,9105
00885,富邦越南,11,3,8,群益金鼎-高盛,2023-09-26,9105
3014,聯陽,9,1,8,群益金鼎-高盛,2023-09-26,9105
5465,富驊,23,15,8,群益金鼎-高盛,2023-09-26,9105
3231,緯創,13,5,8,群益金鼎-高盛,2023-09-26,9105
2883,凱基金,7,0,7,群益金鼎-高盛,2023-09-26,9105
2344,華邦電,13,6,7,群益金鼎-高盛,2023-09-26,9105
2542,興富發,10,3,7,群益金鼎-高盛,2023-09-26,9105
2236,百達-KY,6,0,6,群益金鼎-高盛,2023-09-26,9105
2485,兆赫,10,4,6,群益金鼎-高盛,2023-09-26,9105
3308,聯德,6,0,6,群益金鼎-高盛,2023-09-26,9105
6122,擎邦,6,0,6,群益金鼎-高盛,2023-09-26,9105
006208,富邦台50,5,0,5,群益金鼎-高盛,2023-09-26,9105
2002,中鋼,7,2,5,群益金鼎-高盛,2023-09-26,9105
00738U,期元大道瓊白銀,5,0,5,群益金鼎-高盛,2023-09-26,9105
2425,承啟,5,0,5,群益金鼎-高盛,2023-09-26,9105
2816,旺旺保,5,0,5,群益金鼎-高盛,2023-09-26,9105
3202,樺晟,5,0,5,群益金鼎-高盛,2023-09-26,9105
3450,聯鈞,19,14,5,群益金鼎-高盛,2023-09-26,9105
4907,富宇,5,0,5,群益金鼎-高盛,2023-09-26,9105
2002,中鋼,123,4,119,群益金鼎-高盛,2023-09-27,9105
2206,三陽工業,42,1,41,群益金鼎-高盛,2023-09-27,9105
00929,復華台灣科技優息,37,5,32,群益金鼎-高盛,2023-09-27,9105
00655L,國泰中國A50正2,46,15,31,群益金鼎-高盛,2023-09-27,9105
2317,鴻海,24,0,24,群益金鼎-高盛,2023-09-27,9105
2880,華南金,16,0,16,群益金鼎-高盛,2023-09-27,9105
00931B,統一美債20年,15,0,15,群益金鼎-高盛,2023-09-27,9105
00882,中信中國高股息,15,0,15,群益金鼎-高盛,2023-09-27,9105
2303,聯電,14,0,14,群益金鼎-高盛,2023-09-27,9105
1444,力麗,15,1,14,群益金鼎-高盛,2023-09-27,9105
2883,凱基金,13,0,13,群益金鼎-高盛,2023-09-27,9105
3363,上詮,16,4,12,群益金鼎-高盛,2023-09-27,9105
9945,潤泰新,12,0,12,群益金鼎-高盛,2023-09-27,9105
1471,首利,12,0,12,群益金鼎-高盛,2023-09-27,9105
2610,華航,12,0,12,群益金鼎-高盛,2023-09-27,9105
00919,群益台灣精選高息,18,8,10,群益金鼎-高盛,2023-09-27,9105
2427,三商電,10,0,10,群益金鼎-高盛,2023-09-27,9105
00712,復華富時不動產,9,0,9,群益金鼎-高盛,2023-09-27,9105
00673R,期元大S＆P原油反1,19,10,9,群益金鼎-高盛,2023-09-27,9105
3188,鑫龍騰,8,0,8,群益金鼎-高盛,2023-09-27,9105
3037,欣興,10,3,7,群益金鼎-高盛,2023-09-27,9105
3545,敦泰,9,2,7,群益金鼎-高盛,2023-09-27,9105
1608,華榮,7,1,6,群益金鼎-高盛,2023-09-27,9105
1612,宏泰,7,1,6,群益金鼎-高盛,2023-09-27,9105
3666,光耀,6,0,6,群益金鼎-高盛,2023-09-27,9105
6108,競國,6,0,6,群益金鼎-高盛,2023-09-27,9105
6231,系微,6,0,6,群益金鼎-高盛,2023-09-27,9105
9907,統一實,6,0,6,群益金鼎-高盛,2023-09-27,9105
3481,群創,9,4,5,群益金鼎-高盛,2023-09-27,9105
3443,創意,5,0,5,群益金鼎-高盛,2023-09-27,9105
1314,中石化,7,2,5,群益金鼎-高盛,2023-09-27,9105
00753L,中信中國50正2,5,0,5,群益金鼎-高盛,2023-09-27,9105
00650L,復華香港正2,55,50,5,群益金鼎-高盛,2023-09-27,9105
2337,旺宏,9,4,5,群益金鼎-高盛,2023-09-27,9105
2441,超豐,5,0,5,群益金鼎-高盛,2023-09-27,9105
2605,新興,16,11,5,群益金鼎-高盛,2023-09-27,9105
2637,慧洋-KY,5,0,5,群益金鼎-高盛,2023-09-27,9105
3088,艾訊,5,0,5,群益金鼎-高盛,2023-09-27,9105
5009,榮剛,7,2,5,群益金鼎-高盛,2023-09-27,9105
6153,嘉聯益,5,0,5,群益金鼎-高盛,2023-09-27,9105
6204,艾華,5,0,5,群益金鼎-高盛,2023-09-27,9105
6418,詠昇,7,2,5,群益金鼎-高盛,2023-09-27,9105
8050,廣積,5,0,5,群益金鼎-高盛,2023-09-27,9105
8420,明揚,12,7,5,群益金鼎-高盛,2023-09-27,9105
6285,啟��,5,1,4,群益金鼎-高盛,2023-09-27,9105
00637L,元大滬深300正2,5,1,4,群益金鼎-高盛,2023-09-27,9105
00715L,期街口布蘭特正2,5,1,4,群益金鼎-高盛,2023-09-27,9105
2392,正崴,4,0,4,群益金鼎-高盛,2023-09-27,9105
2702,華園,4,0,4,群益金鼎-高盛,2023-09-27,9105
3025,星通,4,0,4,群益金鼎-高盛,2023-09-27,9105
2317,鴻海,122,5,117,群益金鼎-高盛,2023-09-28,9105
00929,復華台灣科技優息,112,2,110,群益金鼎-高盛,2023-09-28,9105
00931B,統一美債20年,97,0,97,群益金鼎-高盛,2023-09-28,9105
2002,中鋼,56,12,44,群益金鼎-高盛,2023-09-28,9105
00715L,期街口布蘭特正2,35,1,34,群益金鼎-高盛,2023-09-28,9105
00673R,期元大S＆P原油反1,31,0,31,群益金鼎-高盛,2023-09-28,9105
1444,力麗,30,1,29,群益金鼎-高盛,2023-09-28,9105
2206,三陽工業,31,3,28,群益金鼎-高盛,2023-09-28,9105
1471,首利,37,11,26,群益金鼎-高盛,2023-09-28,9105
2421,建準,24,3,21,群益金鼎-高盛,2023-09-28,9105
3231,緯創,39,19,20,群益金鼎-高盛,2023-09-28,9105
2330,台積電,20,2,18,群益金鼎-高盛,2023-09-28,9105
00688L,國泰20年美債正2,12,0,12,群益金鼎-高盛,2023-09-28,9105
1515,力山,13,1,12,群益金鼎-高盛,2023-09-28,9105
5452,佶優,12,1,11,群益金鼎-高盛,2023-09-28,9105
1524,耿鼎,10,0,10,群益金鼎-高盛,2023-09-28,9105
6188,廣明,11,1,10,群益金鼎-高盛,2023-09-28,9105
6204,艾華,11,1,10,群益金鼎-高盛,2023-09-28,9105
2031,新光鋼,9,0,9,群益金鼎-高盛,2023-09-28,9105
5426,振發,13,4,9,群益金鼎-高盛,2023-09-28,9105
1560,中砂,27,18,9,群益金鼎-高盛,2023-09-28,9105
2516,新建,8,1,7,群益金鼎-高盛,2023-09-28,9105
3163,波若威,9,2,7,群益金鼎-高盛,2023-09-28,9105
1710,東聯,6,0,6,群益金鼎-高盛,2023-09-28,9105
00650L,復華香港正2,36,30,6,群益金鼎-高盛,2023-09-28,9105
3380,明泰,6,0,6,群益金鼎-高盛,2023-09-28,9105
9917,中保科,6,0,6,群益金鼎-高盛,2023-09-28,9105
9958,世紀鋼,8,2,6,群益金鼎-高盛,2023-09-28,9105
00687B,國泰20年美債,5,0,5,群益金鼎-高盛,2023-09-28,9105
3037,欣興,6,1,5,群益金鼎-高盛,2023-09-28,9105
3006,晶豪科,6,1,5,群益金鼎-高盛,2023-09-28,9105
1616,億泰,5,0,5,群益金鼎-高盛,2023-09-28,9105
2606,裕民,5,0,5,群益金鼎-高盛,2023-09-28,9105
4916,事欣科,5,0,5,群益金鼎-高盛,2023-09-28,9105
6282,康舒,6,1,5,群益金鼎-高盛,2023-09-28,9105
9902,台火,5,0,5,群益金鼎-高盛,2023-09-28,9105
2886,兆豐金,5,0,5,群益金鼎-高盛,2023-09-28,9105
2376,技嘉,10,6,4,群益金鼎-高盛,2023-09-28,9105
3034,聯詠,4,0,4,群益金鼎-高盛,2023-09-28,9105
2301,光寶科,5,1,4,群益金鼎-高盛,2023-09-28,9105
2324,仁寶,4,0,4,群益金鼎-高盛,2023-09-28,9105
3105,穩懋,4,0,4,群益金鼎-高盛,2023-09-28,9105
3715,定穎投控,81,77,4,群益金鼎-高盛,2023-09-28,9105
3260,威剛,4,0,4,群益金鼎-高盛,2023-09-28,9105
00720B,元大投資級公司債,3,0,3,群益金鼎-高盛,2023-09-28,9105
00712,復華富時不動產,3,0,3,群益金鼎-高盛,2023-09-28,9105
1584,精剛,5,2,3,群益金鼎-高盛,2023-09-28,9105
1319,東陽,8,5,3,群益金鼎-高盛,2023-09-28,9105
00635U,期元大S＆P黃金,3,0,3,群益金鼎-高盛,2023-09-28,9105
00706L,期元大S＆P日圓正2,3,0,3,群益金鼎-高盛,2023-09-28,9105
2609,陽明,118,33,85,群益金鼎-高盛,2023-10-02,9105
00882,中信中國高股息,55,0,55,群益金鼎-高盛,2023-10-02,9105
2359,所羅門,54,1,53,群益金鼎-高盛,2023-10-02,9105
6770,力積電,50,0,50,群益金鼎-高盛,2023-10-02,9105
1444,力麗,45,0,45,群益金鼎-高盛,2023-10-02,9105
2329,華泰,87,62,25,群益金鼎-高盛,2023-10-02,9105
5439,高技,45,20,25,群益金鼎-高盛,2023-10-02,9105
2002,中鋼,35,12,23,群益金鼎-高盛,2023-10-02,9105
2313,華通,55,39,16,群益金鼎-高盛,2023-10-02,9105
3049,精金,16,0,16,群益金鼎-高盛,2023-10-02,9105
2402,毅嘉,15,0,15,群益金鼎-高盛,2023-10-02,9105
9951,皇田,15,0,15,群益金鼎-高盛,2023-10-02,9105
2417,圓剛,15,0,15,群益金鼎-高盛,2023-10-02,9105
6485,點序,30,18,12,群益金鼎-高盛,2023-10-02,9105
6438,迅得,11,0,11,群益金鼎-高盛,2023-10-02,9105
2324,仁寶,10,0,10,群益金鼎-高盛,2023-10-02,9105
2867,三商壽,10,0,10,群益金鼎-高盛,2023-10-02,9105
9950,萬國通,10,0,10,群益金鼎-高盛,2023-10-02,9105
2356,英業達,25,16,9,群益金鼎-高盛,2023-10-02,9105
2618,長榮航,11,2,9,群益金鼎-高盛,2023-10-02,9105
2834,臺企銀,9,0,9,群益金鼎-高盛,2023-10-02,9105
2603,長榮,11,2,9,群益金鼎-高盛,2023-10-02,9105
2888,新光金,10,1,9,群益金鼎-高盛,2023-10-02,9105
2886,兆豐金,9,1,8,群益金鼎-高盛,2023-10-02,9105
1307,三芳,8,0,8,群益金鼎-高盛,2023-10-02,9105
2457,飛宏,8,0,8,群益金鼎-高盛,2023-10-02,9105
2206,三陽工業,10,3,7,群益金鼎-高盛,2023-10-02,9105
6150,撼訊,8,1,7,群益金鼎-高盛,2023-10-02,9105
2637,慧洋-KY,7,0,7,群益金鼎-高盛,2023-10-02,9105
6414,樺漢,7,0,7,群益金鼎-高盛,2023-10-02,9105
8088,品安,11,4,7,群益金鼎-高盛,2023-10-02,9105
3317,尼克森,6,0,6,群益金鼎-高盛,2023-10-02,9105
00738U,期元大道瓊白銀,6,0,6,群益金鼎-高盛,2023-10-02,9105
1808,潤隆,6,0,6,群益金鼎-高盛,2023-10-02,9105
2105,正新,6,0,6,群益金鼎-高盛,2023-10-02,9105
2337,旺宏,9,3,6,群益金鼎-高盛,2023-10-02,9105
3036,文曄,12,6,6,群益金鼎-高盛,2023-10-02,9105
3325,旭品,9,3,6,群益金鼎-高盛,2023-10-02,9105
4564,元翎,6,0,6,群益金鼎-高盛,2023-10-02,9105
6204,艾華,6,0,6,群益金鼎-高盛,2023-10-02,9105
6446,藥華藥,6,0,6,群益金鼎-高盛,2023-10-02,9105
3706,神達,11,5,6,群益金鼎-高盛,2023-10-02,9105
1301,台塑,6,0,6,群益金鼎-高盛,2023-10-02,9105
2887,台新金,5,0,5,群益金鼎-高盛,2023-10-02,9105
1605,華新,7,2,5,群益金鼎-高盛,2023-10-02,9105
2027,大成鋼,5,0,5,群益金鼎-高盛,2023-10-02,9105
00664R,國泰臺灣加權反1,5,0,5,群益金鼎-高盛,2023-10-02,9105
1905,華紙,5,0,5,群益金鼎-高盛,2023-10-02,9105
2354,鴻準,5,0,5,群益金鼎-高盛,2023-10-02,9105
2355,敬鵬,10,5,5,群益金鼎-高盛,2023-10-02,9105
2888,新光金,68,0,68,群益金鼎-高盛,2023-10-03,9105
00931B,統一美債20年,80,20,60,群益金鼎-高盛,2023-10-03,9105
2409,友達,101,55,46,群益金鼎-高盛,2023-10-03,9105
2313,華通,60,16,44,群益金鼎-高盛,2023-10-03,9105
00919,群益台灣精選高息,49,6,43,群益金鼎-高盛,2023-10-03,9105
00878,國泰永續高股息,31,0,31,群益金鼎-高盛,2023-10-03,9105
00650L,復華香港正2,60,30,30,群益金鼎-高盛,2023-10-03,9105
3231,緯創,40,10,30,群益金鼎-高盛,2023-10-03,9105
2327,國巨,30,2,28,群益金鼎-高盛,2023-10-03,9105
00882,中信中國高股息,22,0,22,群益金鼎-高盛,2023-10-03,9105
2618,長榮航,32,10,22,群益金鼎-高盛,2023-10-03,9105
2356,英業達,37,15,22,群益金鼎-高盛,2023-10-03,9105
00633L,富邦上証正2,20,0,20,群益金鼎-高盛,2023-10-03,9105
00688L,國泰20年美債正2,20,0,20,群益金鼎-高盛,2023-10-03,9105
00680L,元大美債20正2,15,0,15,群益金鼎-高盛,2023-10-03,9105
3548,兆利,23,10,13,群益金鼎-高盛,2023-10-03,9105
1101,台泥,14,1,13,群益金鼎-高盛,2023-10-03,9105
6156,松上,13,0,13,群益金鼎-高盛,2023-10-03,9105
2603,長榮,13,1,12,群益金鼎-高盛,2023-10-03,9105
2634,漢翔,27,16,11,群益金鼎-高盛,2023-10-03,9105
3081,聯亞,28,17,11,群益金鼎-高盛,2023-10-03,9105
3325,旭品,57,46,11,群益金鼎-高盛,2023-10-03,9105
2882,國泰金,10,0,10,群益金鼎-高盛,2023-10-03,9105
1808,潤隆,10,0,10,群益金鼎-高盛,2023-10-03,9105
6120,達運,14,4,10,群益金鼎-高盛,2023-10-03,9105
0056,元大高股息,12,2,10,群益金鼎-高盛,2023-10-03,9105
2323,中環,10,1,9,群益金鼎-高盛,2023-10-03,9105
2367,燿華,11,2,9,群益金鼎-高盛,2023-10-03,9105
9946,三發地產,9,0,9,群益金鼎-高盛,2023-10-03,9105
1513,中興電,11,2,9,群益金鼎-高盛,2023-10-03,9105
00679B,元大美債20年,8,0,8,群益金鼎-高盛,2023-10-03,9105
2851,中再保,8,0,8,群益金鼎-高盛,2023-10-03,9105
2891,中信金,8,0,8,群益金鼎-高盛,2023-10-03,9105
3630,新鉅科,8,0,8,群益金鼎-高盛,2023-10-03,9105
2417,圓剛,16,8,8,群益金鼎-高盛,2023-10-03,9105
2382,廣達,12,5,7,群益金鼎-高盛,2023-10-03,9105
3013,晟銘電,30,23,7,群益金鼎-高盛,2023-10-03,9105
6282,康舒,8,1,7,群益金鼎-高盛,2023-10-03,9105
2392,正崴,7,0,7,群益金鼎-高盛,2023-10-03,9105
2027,大成鋼,7,0,7,群益金鼎-高盛,2023-10-03,9105
00720B,元大投資級公司債,6,0,6,群益金鼎-高盛,2023-10-03,9105
00715L,期街口布蘭特正2,6,0,6,群益金鼎-高盛,2023-10-03,9105
00738U,期元大道瓊白銀,6,0,6,群益金鼎-高盛,2023-10-03,9105
00905,FT臺灣Smart,6,0,6,群益金鼎-高盛,2023-10-03,9105
2014,中鴻,6,0,6,群益金鼎-高盛,2023-10-03,9105
2359,所羅門,6,0,6,群益金鼎-高盛,2023-10-03,9105
3545,敦泰,6,0,6,群益金鼎-高盛,2023-10-03,9105
4543,萬在,9,3,6,群益金鼎-高盛,2023-10-03,9105
2301,光寶科,6,1,5,群益金鼎-高盛,2023-10-03,9105
00645,富邦日本,5,0,5,群益金鼎-高盛,2023-10-03,9105
00931B,統一美債20年,162,14,148,群益金鼎-高盛,2023-10-04,9105
5880,合庫金,107,0,107,群益金鼎-高盛,2023-10-04,9105
2890,永豐金,102,0,102,群益金鼎-高盛,2023-10-04,9105
1802,台玻,54,1,53,群益金鼎-高盛,2023-10-04,9105
3481,群創,63,13,50,群益金鼎-高盛,2023-10-04,9105
2022,聚亨,50,0,50,群益金鼎-高盛,2023-10-04,9105
8112,至上,44,1,43,群益金鼎-高盛,2023-10-04,9105
2317,鴻海,39,0,39,群益金鼎-高盛,2023-10-04,9105
00680L,元大美債20正2,39,0,39,群益金鼎-高盛,2023-10-04,9105
2888,新光金,36,0,36,群益金鼎-高盛,2023-10-04,9105
2002,中鋼,44,11,33,群益金鼎-高盛,2023-10-04,9105
2461,光群雷,30,0,30,群益金鼎-高盛,2023-10-04,9105
2356,英業達,32,2,30,群益金鼎-高盛,2023-10-04,9105
00688L,國泰20年美債正2,29,0,29,群益金鼎-高盛,2023-10-04,9105
00929,復華台灣科技優息,31,3,28,群益金鼎-高盛,2023-10-04,9105
2409,友達,29,2,27,群益金鼎-高盛,2023-10-04,9105
2634,漢翔,27,0,27,群益金鼎-高盛,2023-10-04,9105
00922,國泰台灣領袖50,24,0,24,群益金鼎-高盛,2023-10-04,9105
6139,亞翔,26,2,24,群益金鼎-高盛,2023-10-04,9105
2392,正崴,21,0,21,群益金鼎-高盛,2023-10-04,9105
2880,華南金,20,0,20,群益金鼎-高盛,2023-10-04,9105
00673R,期元大S＆P原油反1,20,0,20,群益金鼎-高盛,2023-10-04,9105
3005,神基,22,2,20,群益金鼎-高盛,2023-10-04,9105
00712,復華富時不動產,22,2,20,群益金鼎-高盛,2023-10-04,9105
2891,中信金,21,2,19,群益金鼎-高盛,2023-10-04,9105
2892,第一金,18,0,18,群益金鼎-高盛,2023-10-04,9105
00679B,元大美債20年,19,2,17,群益金鼎-高盛,2023-10-04,9105
00919,群益台灣精選高息,18,2,16,群益金鼎-高盛,2023-10-04,9105
1584,精剛,14,1,13,群益金鼎-高盛,2023-10-04,9105
2883,凱基金,13,0,13,群益金鼎-高盛,2023-10-04,9105
0056,元大高股息,13,1,12,群益金鼎-高盛,2023-10-04,9105
8011,台通,12,0,12,群益金鼎-高盛,2023-10-04,9105
2618,長榮航,13,2,11,群益金鼎-高盛,2023-10-04,9105
2027,大成鋼,12,1,11,群益金鼎-高盛,2023-10-04,9105
3231,緯創,25,15,10,群益金鼎-高盛,2023-10-04,9105
1216,統一,10,0,10,群益金鼎-高盛,2023-10-04,9105
00927,群益半導體收益,10,0,10,群益金鼎-高盛,2023-10-04,9105
00650L,復華香港正2,50,40,10,群益金鼎-高盛,2023-10-04,9105
00640L,富邦日本正2,10,0,10,群益金鼎-高盛,2023-10-04,9105
2412,中華電,10,0,10,群益金鼎-高盛,2023-10-04,9105
2427,三商電,17,7,10,群益金鼎-高盛,2023-10-04,9105
2601,益航,10,0,10,群益金鼎-高盛,2023-10-04,9105
3033,威健,10,0,10,群益金鼎-高盛,2023-10-04,9105
3362,先進光,10,0,10,群益金鼎-高盛,2023-10-04,9105
3664,安瑞-KY,10,0,10,群益金鼎-高盛,2023-10-04,9105
8147,正淩,10,0,10,群益金鼎-高盛,2023-10-04,9105
00878,國泰永續高股息,14,4,10,群益金鼎-高盛,2023-10-04,9105
6770,力積電,11,1,10,群益金鼎-高盛,2023-10-04,9105
2337,旺宏,9,0,9,群益金鼎-高盛,2023-10-04,9105
6451,訊芯-KY,14,5,9,群益金鼎-高盛,2023-10-04,9105
2353,宏��,57,4,53,群益金鼎-高盛,2023-10-05,9105
2409,友達,53,2,51,群益金鼎-高盛,2023-10-05,9105
2317,鴻海,50,13,37,群益金鼎-高盛,2023-10-05,9105
00712,復華富時不動產,35,3,32,群益金鼎-高盛,2023-10-05,9105
3231,緯創,38,17,21,群益金鼎-高盛,2023-10-05,9105
2801,彰銀,20,0,20,群益金鼎-高盛,2023-10-05,9105
2880,華南金,20,0,20,群益金鼎-高盛,2023-10-05,9105
1444,力麗,20,0,20,群益金鼎-高盛,2023-10-05,9105
00922,國泰台灣領袖50,19,1,18,群益金鼎-高盛,2023-10-05,9105
3669,圓展,19,3,16,群益金鼎-高盛,2023-10-05,9105
3032,偉訓,19,4,15,群益金鼎-高盛,2023-10-05,9105
2882,國泰金,13,0,13,群益金鼎-高盛,2023-10-05,9105
2538,基泰,25,12,13,群益金鼎-高盛,2023-10-05,9105
00715L,期街口布蘭特正2,12,0,12,群益金鼎-高盛,2023-10-05,9105
2834,臺企銀,11,0,11,群益金鼎-高盛,2023-10-05,9105
3481,群創,13,2,11,群益金鼎-高盛,2023-10-05,9105
1815,富喬,18,7,11,群益金鼎-高盛,2023-10-05,9105
2349,錸德,10,0,10,群益金鼎-高盛,2023-10-05,9105
2605,新興,30,20,10,群益金鼎-高盛,2023-10-05,9105
2634,漢翔,25,15,10,群益金鼎-高盛,2023-10-05,9105
2883B,凱基金乙特,10,0,10,群益金鼎-高盛,2023-10-05,9105
4908,前鼎,27,17,10,群益金鼎-高盛,2023-10-05,9105
5483,中美晶,11,1,10,群益金鼎-高盛,2023-10-05,9105
9105,泰金寶-DR,10,0,10,群益金鼎-高盛,2023-10-05,9105
6120,達運,13,4,9,群益金鼎-高盛,2023-10-05,9105
5272,笙科,11,2,9,群益金鼎-高盛,2023-10-05,9105
6128,上福,11,2,9,群益金鼎-高盛,2023-10-05,9105
2542,興富發,7,0,7,群益金鼎-高盛,2023-10-05,9105
3059,華晶科,9,2,7,群益金鼎-高盛,2023-10-05,9105
8027,鈦昇,7,0,7,群益金鼎-高盛,2023-10-05,9105
8112,至上,8,1,7,群益金鼎-高盛,2023-10-05,9105
00637L,元大滬深300正2,6,0,6,群益金鼎-高盛,2023-10-05,9105
2022,聚亨,8,2,6,群益金鼎-高盛,2023-10-05,9105
4744,皇將,15,9,6,群益金鼎-高盛,2023-10-05,9105
5344,立衛,8,2,6,群益金鼎-高盛,2023-10-05,9105
8093,保銳,10,4,6,群益金鼎-高盛,2023-10-05,9105
8271,宇瞻,9,3,6,群益金鼎-高盛,2023-10-05,9105
00902,中信電池及儲能,6,0,6,群益金鼎-高盛,2023-10-05,9105
00882,中信中國高股息,5,0,5,群益金鼎-高盛,2023-10-05,9105
00679B,元大美債20年,6,1,5,群益金鼎-高盛,2023-10-05,9105
8926,台汽電,5,0,5,群益金鼎-高盛,2023-10-05,9105
2323,中環,5,0,5,群益金鼎-高盛,2023-10-05,9105
2382,廣達,10,5,5,群益金鼎-高盛,2023-10-05,9105
3211,順達,5,0,5,群益金鼎-高盛,2023-10-05,9105
4707,磐亞,5,0,5,群益金鼎-高盛,2023-10-05,9105
5381,合正,5,0,5,群益金鼎-高盛,2023-10-05,9105
5880,合庫金,5,0,5,群益金鼎-高盛,2023-10-05,9105
6182,合晶,6,1,5,群益金鼎-高盛,2023-10-05,9105
9919,康那香,5,0,5,群益金鼎-高盛,2023-10-05,9105
2884,玉山金,5,0,5,群益金鼎-高盛,2023-10-05,9105
9105,泰金寶-DR,402,0,402,群益金鼎-高盛,2023-10-06,9105
00931B,統一美債20年,106,0,106,群益金鼎-高盛,2023-10-06,9105
2409,友達,61,0,61,群益金鼎-高盛,2023-10-06,9105
00918,大華優利高填息30,60,0,60,群益金鼎-高盛,2023-10-06,9105
2618,長榮航,42,3,39,群益金鼎-高盛,2023-10-06,9105
8011,台通,37,0,37,群益金鼎-高盛,2023-10-06,9105
2206,三陽工業,32,0,32,群益金鼎-高盛,2023-10-06,9105
00908,富邦入息REITs+,30,0,30,群益金鼎-高盛,2023-10-06,9105
3666,光耀,30,0,30,群益金鼎-高盛,2023-10-06,9105
00929,復華台灣科技優息,22,0,22,群益金鼎-高盛,2023-10-06,9105
6288,聯嘉,26,5,21,群益金鼎-高盛,2023-10-06,9105
3481,群創,23,2,21,群益金鼎-高盛,2023-10-06,9105
2897,王道銀行,20,0,20,群益金鼎-高盛,2023-10-06,9105
4714,永捷,20,0,20,群益金鼎-高盛,2023-10-06,9105
5392,能率,21,1,20,群益金鼎-高盛,2023-10-06,9105
2002,中鋼,18,0,18,群益金鼎-高盛,2023-10-06,9105
6156,松上,18,0,18,群益金鼎-高盛,2023-10-06,9105
2344,華邦電,28,11,17,群益金鼎-高盛,2023-10-06,9105
6128,上福,18,2,16,群益金鼎-高盛,2023-10-06,9105
00655L,國泰中國A50正2,30,15,15,群益金鼎-高盛,2023-10-06,9105
6274,台燿,30,15,15,群益金鼎-高盛,2023-10-06,9105
1522,堤維西,18,4,14,群益金鼎-高盛,2023-10-06,9105
2442,新美齊,13,0,13,群益金鼎-高盛,2023-10-06,9105
2359,所羅門,14,1,13,群益金鼎-高盛,2023-10-06,9105
00712,復華富時不動產,17,5,12,群益金鼎-高盛,2023-10-06,9105
3105,穩懋,12,0,12,群益金鼎-高盛,2023-10-06,9105
3325,旭品,45,33,12,群益金鼎-高盛,2023-10-06,9105
9950,萬國通,17,5,12,群益金鼎-高盛,2023-10-06,9105
00919,群益台灣精選高息,11,0,11,群益金鼎-高盛,2023-10-06,9105
1815,富喬,20,9,11,群益金鼎-高盛,2023-10-06,9105
00632R,元大台灣50反1,11,0,11,群益金鼎-高盛,2023-10-06,9105
6122,擎邦,29,18,11,群益金鼎-高盛,2023-10-06,9105
6451,訊芯-KY,16,5,11,群益金鼎-高盛,2023-10-06,9105
2312,金寶,10,0,10,群益金鼎-高盛,2023-10-06,9105
2883,凱基金,10,0,10,群益金鼎-高盛,2023-10-06,9105
8942,森鉅,10,0,10,群益金鼎-高盛,2023-10-06,9105
1444,力麗,10,0,10,群益金鼎-高盛,2023-10-06,9105
2880,華南金,10,1,9,群益金鼎-高盛,2023-10-06,9105
2329,華泰,46,37,9,群益金鼎-高盛,2023-10-06,9105
3081,聯亞,14,5,9,群益金鼎-高盛,2023-10-06,9105
2610,華航,20,12,8,群益金鼎-高盛,2023-10-06,9105
2883B,凱基金乙特,8,0,8,群益金鼎-高盛,2023-10-06,9105
4147,中裕,8,0,8,群益金鼎-高盛,2023-10-06,9105
5469,瀚宇博,8,0,8,群益金鼎-高盛,2023-10-06,9105
8088,品安,10,3,7,群益金鼎-高盛,2023-10-06,9105
1609,大亞,14,8,6,群益金鼎-高盛,2023-10-06,9105
1710,東聯,6,0,6,群益金鼎-高盛,2023-10-06,9105
2468,華經,24,18,6,群益金鼎-高盛,2023-10-06,9105
2637,慧洋-KY,20,14,6,群益金鼎-高盛,2023-10-06,9105
6531,愛普*,6,0,6,群益金鼎-高盛,2023-10-06,9105
2891,中信金,170,13,157,群益金鼎-高盛,2023-10-11,9105
2609,陽明,112,2,110,群益金鼎-高盛,2023-10-11,9105
00679B,元大美債20年,81,0,81,群益金鼎-高盛,2023-10-11,9105
2618,長榮航,134,55,79,群益金鼎-高盛,2023-10-11,9105
3231,緯創,102,36,66,群益金鼎-高盛,2023-10-11,9105
2208,台船,51,2,49,群益金鼎-高盛,2023-10-11,9105
1584,精剛,37,4,33,群益金鼎-高盛,2023-10-11,9105
2630,亞航,39,6,33,群益金鼎-高盛,2023-10-11,9105
3567,逸昌,33,0,33,群益金鼎-高盛,2023-10-11,9105
1101,台泥,32,0,32,群益金鼎-高盛,2023-10-11,9105
00673R,期元大S＆P原油反1,30,0,30,群益金鼎-高盛,2023-10-11,9105
3090,日電貿,30,0,30,群益金鼎-高盛,2023-10-11,9105
2421,建準,29,6,23,群益金鼎-高盛,2023-10-11,9105
2206,三陽工業,22,0,22,群益金鼎-高盛,2023-10-11,9105
1815,富喬,27,6,21,群益金鼎-高盛,2023-10-11,9105
1444,力麗,20,0,20,群益金鼎-高盛,2023-10-11,9105
2382,廣達,22,3,19,群益金鼎-高盛,2023-10-11,9105
2402,毅嘉,21,4,17,群益金鼎-高盛,2023-10-11,9105
00929,復華台灣科技優息,19,3,16,群益金鼎-高盛,2023-10-11,9105
3669,圓展,19,3,16,群益金鼎-高盛,2023-10-11,9105
00642U,期元大S＆P石油,20,6,14,群益金鼎-高盛,2023-10-11,9105
6530,創威,28,14,14,群益金鼎-高盛,2023-10-11,9105
6284,佳邦,15,1,14,群益金鼎-高盛,2023-10-11,9105
2603,長榮,19,5,14,群益金鼎-高盛,2023-10-11,9105
8112,至上,14,1,13,群益金鼎-高盛,2023-10-11,9105
2516,新建,12,1,11,群益金鼎-高盛,2023-10-11,9105
8222,寶一,20,9,11,群益金鼎-高盛,2023-10-11,9105
1609,大亞,11,0,11,群益金鼎-高盛,2023-10-11,9105
00919,群益台灣精選高息,20,9,11,群益金鼎-高盛,2023-10-11,9105
2390,云辰,11,1,10,群益金鼎-高盛,2023-10-11,9105
2880,華南金,10,0,10,群益金鼎-高盛,2023-10-11,9105
3234,光環,11,1,10,群益金鼎-高盛,2023-10-11,9105
5392,能率,10,0,10,群益金鼎-高盛,2023-10-11,9105
3481,群創,11,2,9,群益金鼎-高盛,2023-10-11,9105
00655L,國泰中國A50正2,29,20,9,群益金鼎-高盛,2023-10-11,9105
3715,定穎投控,45,36,9,群益金鼎-高盛,2023-10-11,9105
2337,旺宏,13,5,8,群益金鼎-高盛,2023-10-11,9105
2031,新光鋼,8,0,8,群益金鼎-高盛,2023-10-11,9105
2376,技嘉,15,8,7,群益金鼎-高盛,2023-10-11,9105
4533,協易機,7,0,7,群益金鼎-高盛,2023-10-11,9105
1723,中碳,10,3,7,群益金鼎-高盛,2023-10-11,9105
1907,永豐餘,7,0,7,群益金鼎-高盛,2023-10-11,9105
6207,雷科,6,0,6,群益金鼎-高盛,2023-10-11,9105
3032,偉訓,10,4,6,群益金鼎-高盛,2023-10-11,9105
4908,前鼎,6,0,6,群益金鼎-高盛,2023-10-11,9105
6150,撼訊,8,2,6,群益金鼎-高盛,2023-10-11,9105
6125,廣運,6,0,6,群益金鼎-高盛,2023-10-11,9105
1722,台肥,11,6,5,群益金鼎-高盛,2023-10-11,9105
00712,復華富時不動產,5,0,5,群益金鼎-高盛,2023-10-11,9105
2355,敬鵬,6,1,5,群益金鼎-高盛,2023-10-11,9105
9105,泰金寶-DR,200,0,200,群益金鼎-高盛,2023-10-12,9105
00637L,元大滬深300正2,275,195,80,群益金鼎-高盛,2023-10-12,9105
00720B,元大投資級公司債,61,0,61,群益金鼎-高盛,2023-10-12,9105
1444,力麗,50,0,50,群益金鼎-高盛,2023-10-12,9105
8068,全達,32,0,32,群益金鼎-高盛,2023-10-12,9105
00929,復華台灣科技優息,42,12,30,群益金鼎-高盛,2023-10-12,9105
1101,台泥,28,0,28,群益金鼎-高盛,2023-10-12,9105
2329,華泰,53,33,20,群益金鼎-高盛,2023-10-12,9105
2465,麗臺,21,1,20,群益金鼎-高盛,2023-10-12,9105
3078,僑威,31,12,19,群益金鼎-高盛,2023-10-12,9105
1815,富喬,19,1,18,群益金鼎-高盛,2023-10-12,9105
2363,矽統,115,99,16,群益金鼎-高盛,2023-10-12,9105
2337,旺宏,21,6,15,群益金鼎-高盛,2023-10-12,9105
1605,華新,16,2,14,群益金鼎-高盛,2023-10-12,9105
3313,斐成,13,0,13,群益金鼎-高盛,2023-10-12,9105
6204,艾華,12,0,12,群益金鼎-高盛,2023-10-12,9105
2374,佳能,11,0,11,群益金鼎-高盛,2023-10-12,9105
3346,麗清,11,0,11,群益金鼎-高盛,2023-10-12,9105
00655L,國泰中國A50正2,10,0,10,群益金鼎-高盛,2023-10-12,9105
00714,群益道瓊美國地產,10,0,10,群益金鼎-高盛,2023-10-12,9105
00882,中信中國高股息,10,0,10,群益金鼎-高盛,2023-10-12,9105
1609,大亞,10,0,10,群益金鼎-高盛,2023-10-12,9105
4909,新復興,10,0,10,群益金鼎-高盛,2023-10-12,9105
3706,神達,27,17,10,群益金鼎-高盛,2023-10-12,9105
2303,聯電,15,6,9,群益金鼎-高盛,2023-10-12,9105
1472,三洋實業,9,0,9,群益金鼎-高盛,2023-10-12,9105
2882,國泰金,9,1,8,群益金鼎-高盛,2023-10-12,9105
3025,星通,11,3,8,群益金鼎-高盛,2023-10-12,9105
6216,居易,10,2,8,群益金鼎-高盛,2023-10-12,9105
2891,中信金,15,8,7,群益金鼎-高盛,2023-10-12,9105
1802,台玻,7,0,7,群益金鼎-高盛,2023-10-12,9105
2634,漢翔,7,0,7,群益金鼎-高盛,2023-10-12,9105
6122,擎邦,10,3,7,群益金鼎-高盛,2023-10-12,9105
2353,宏��,7,0,7,群益金鼎-高盛,2023-10-12,9105
2022,聚亨,6,0,6,群益金鼎-高盛,2023-10-12,9105
2029,盛餘,6,0,6,群益金鼎-高盛,2023-10-12,9105
2468,華經,8,2,6,群益金鼎-高盛,2023-10-12,9105
00893,國泰智能電動車,5,0,5,群益金鼎-高盛,2023-10-12,9105
3006,晶豪科,12,7,5,群益金鼎-高盛,2023-10-12,9105
00715L,期街口布蘭特正2,10,5,5,群益金鼎-高盛,2023-10-12,9105
00706L,期元大S＆P日圓正2,5,0,5,群益金鼎-高盛,2023-10-12,9105
2359,所羅門,7,2,5,群益金鼎-高盛,2023-10-12,9105
2440,太空梭,5,0,5,群益金鼎-高盛,2023-10-12,9105
2606,裕民,6,1,5,群益金鼎-高盛,2023-10-12,9105
2633,台灣高鐵,6,1,5,群益金鼎-高盛,2023-10-12,9105
2838,聯邦銀,5,0,5,群益金鼎-高盛,2023-10-12,9105
4714,永捷,7,2,5,群益金鼎-高盛,2023-10-12,9105
6213,聯茂,7,2,5,群益金鼎-高盛,2023-10-12,9105
6274,台燿,8,3,5,群益金鼎-高盛,2023-10-12,9105
6530,創威,8,3,5,群益金鼎-高盛,2023-10-12,9105
00929,復華台灣科技優息,134,5,129,群益金鼎-高盛,2023-10-13,9105
2609,陽明,97,4,93,群益金鼎-高盛,2023-10-13,9105
6451,訊芯-KY,53,3,50,群益金鼎-高盛,2023-10-13,9105
00919,群益台灣精選高息,46,0,46,群益金鼎-高盛,2023-10-13,9105
9950,萬國通,52,6,46,群益金鼎-高盛,2023-10-13,9105
00878,國泰永續高股息,38,1,37,群益金鼎-高盛,2023-10-13,9105
2618,長榮航,31,4,27,群益金鼎-高盛,2023-10-13,9105
8011,台通,23,0,23,群益金鼎-高盛,2023-10-13,9105
2382,廣達,23,2,21,群益金鼎-高盛,2023-10-13,9105
1444,力麗,20,0,20,群益金鼎-高盛,2023-10-13,9105
3231,緯創,37,19,18,群益金鼎-高盛,2023-10-13,9105
00632R,元大台灣50反1,20,2,18,群益金鼎-高盛,2023-10-13,9105
2882,國泰金,17,0,17,群益金鼎-高盛,2023-10-13,9105
2888,新光金,15,0,15,群益金鼎-高盛,2023-10-13,9105
8033,雷虎,14,0,14,群益金鼎-高盛,2023-10-13,9105
2426,鼎元,13,0,13,群益金鼎-高盛,2023-10-13,9105
3484,崧騰,13,0,13,群益金鼎-高盛,2023-10-13,9105
2327,國巨,12,0,12,群益金鼎-高盛,2023-10-13,9105
8358,金居,14,2,12,群益金鼎-高盛,2023-10-13,9105
2353,宏��,11,0,11,群益金鼎-高盛,2023-10-13,9105
00655L,國泰中國A50正2,26,15,11,群益金鼎-高盛,2023-10-13,9105
00679B,元大美債20年,11,0,11,群益金鼎-高盛,2023-10-13,9105
6472,保瑞,10,0,10,群益金鼎-高盛,2023-10-13,9105
2316,楠梓電,10,0,10,群益金鼎-高盛,2023-10-13,9105
1524,耿鼎,14,5,9,群益金鼎-高盛,2023-10-13,9105
00650L,復華香港正2,9,0,9,群益金鼎-高盛,2023-10-13,9105
3078,僑威,30,22,8,群益金鼎-高盛,2023-10-13,9105
9928,中視,8,0,8,群益金鼎-高盛,2023-10-13,9105
2376,技嘉,9,2,7,群益金鼎-高盛,2023-10-13,9105
3715,定穎投控,33,26,7,群益金鼎-高盛,2023-10-13,9105
00931B,統一美債20年,7,0,7,群益金鼎-高盛,2023-10-13,9105
2881,富邦金,7,0,7,群益金鼎-高盛,2023-10-13,9105
00637L,元大滬深300正2,8,1,7,群益金鼎-高盛,2023-10-13,9105
1722,台肥,7,0,7,群益金鼎-高盛,2023-10-13,9105
2401,凌陽,10,3,7,群益金鼎-高盛,2023-10-13,9105
3060,銘異,7,0,7,群益金鼎-高盛,2023-10-13,9105
6188,廣明,7,1,6,群益金鼎-高盛,2023-10-13,9105
8112,至上,6,0,6,群益金鼎-高盛,2023-10-13,9105
9945,潤泰新,6,0,6,群益金鼎-高盛,2023-10-13,9105
00772B,中信高評級公司債,5,0,5,群益金鼎-高盛,2023-10-13,9105
1319,東陽,9,4,5,群益金鼎-高盛,2023-10-13,9105
1609,大亞,5,0,5,群益金鼎-高盛,2023-10-13,9105
1806,冠軍,5,0,5,群益金鼎-高盛,2023-10-13,9105
2002,中鋼,8,3,5,群益金鼎-高盛,2023-10-13,9105
2402,毅嘉,7,2,5,群益金鼎-高盛,2023-10-13,9105
2734,易飛網,5,0,5,群益金鼎-高盛,2023-10-13,9105
3234,光環,5,0,5,群益金鼎-高盛,2023-10-13,9105
8942,森鉅,5,0,5,群益金鼎-高盛,2023-10-13,9105
2301,光寶科,20,16,4,群益金鼎-高盛,2023-10-13,9105
2421,建準,6,2,4,群益金鼎-高盛,2023-10-13,9105
00637L,元大滬深300正2,113,0,113,群益金鼎-高盛,2023-10-16,9105
2618,長榮航,145,38,107,群益金鼎-高盛,2023-10-16,9105
0056,元大高股息,79,17,62,群益金鼎-高盛,2023-10-16,9105
00919,群益台灣精選高息,53,1,52,群益金鼎-高盛,2023-10-16,9105
2609,陽明,52,1,51,群益金鼎-高盛,2023-10-16,9105
00878,國泰永續高股息,49,3,46,群益金鼎-高盛,2023-10-16,9105
2344,華邦電,44,4,40,群益金鼎-高盛,2023-10-16,9105
2515,中工,46,6,40,群益金鼎-高盛,2023-10-16,9105
00679B,元大美債20年,32,0,32,群益金鼎-高盛,2023-10-16,9105
00673R,期元大S＆P原油反1,31,0,31,群益金鼎-高盛,2023-10-16,9105
2705,六福,30,0,30,群益金鼎-高盛,2023-10-16,9105
2610,華航,49,23,26,群益金鼎-高盛,2023-10-16,9105
6220,岳豐,25,0,25,群益金鼎-高盛,2023-10-16,9105
5465,富驊,19,0,19,群益金鼎-高盛,2023-10-16,9105
2409,友達,20,2,18,群益金鼎-高盛,2023-10-16,9105
00922,國泰台灣領袖50,16,0,16,群益金鼎-高盛,2023-10-16,9105
2337,旺宏,16,0,16,群益金鼎-高盛,2023-10-16,9105
1314,中石化,71,56,15,群益金鼎-高盛,2023-10-16,9105
6223,旺矽,13,0,13,群益金鼎-高盛,2023-10-16,9105
00655L,國泰中國A50正2,25,15,10,群益金鼎-高盛,2023-10-16,9105
1444,力麗,10,0,10,群益金鼎-高盛,2023-10-16,9105
5258,虹堡,10,0,10,群益金鼎-高盛,2023-10-16,9105
2812,台中銀,10,0,10,群益金鼎-高盛,2023-10-16,9105
4744,皇將,11,1,10,群益金鼎-高盛,2023-10-16,9105
2201,裕隆,30,20,10,群益金鼎-高盛,2023-10-16,9105
2371,大同,10,0,10,群益金鼎-高盛,2023-10-16,9105
3025,星通,20,11,9,群益金鼎-高盛,2023-10-16,9105
3706,神達,9,0,9,群益金鼎-高盛,2023-10-16,9105
3231,緯創,12,3,9,群益金鼎-高盛,2023-10-16,9105
6189,豐藝,10,1,9,群益金鼎-高盛,2023-10-16,9105
2206,三陽工業,8,0,8,群益金鼎-高盛,2023-10-16,9105
8906,花王,7,0,7,群益金鼎-高盛,2023-10-16,9105
2364,倫飛,7,0,7,群益金鼎-高盛,2023-10-16,9105
2338,光罩,24,17,7,群益金鼎-高盛,2023-10-16,9105
6231,系微,9,3,6,群益金鼎-高盛,2023-10-16,9105
2324,仁寶,7,1,6,群益金鼎-高盛,2023-10-16,9105
00931B,統一美債20年,6,1,5,群益金鼎-高盛,2023-10-16,9105
2382,廣達,9,4,5,群益金鼎-高盛,2023-10-16,9105
00773B,中信優先金融債,5,0,5,群益金鼎-高盛,2023-10-16,9105
00772B,中信高評級公司債,5,0,5,群益金鼎-高盛,2023-10-16,9105
3362,先進光,5,0,5,群益金鼎-高盛,2023-10-16,9105
4989,榮科,5,0,5,群益金鼎-高盛,2023-10-16,9105
6139,亞翔,9,4,5,群益金鼎-高盛,2023-10-16,9105
6204,艾華,6,1,5,群益金鼎-高盛,2023-10-16,9105
8024,佑華,5,0,5,群益金鼎-高盛,2023-10-16,9105
8358,金居,5,0,5,群益金鼎-高盛,2023-10-16,9105
1605,華新,7,2,5,群益金鼎-高盛,2023-10-16,9105
5410,國眾,5,0,5,群益金鼎-高盛,2023-10-16,9105
6005,群益證,5,0,5,群益金鼎-高盛,2023-10-16,9105
2834,臺企銀,6,1,5,群益金鼎-高盛,2023-10-16,9105
2618,長榮航,132,25,107,群益金鼎-高盛,2023-10-17,9105
1714,和桐,100,0,100,群益金鼎-高盛,2023-10-17,9105
0056,元大高股息,84,4,80,群益金鼎-高盛,2023-10-17,9105
2891,中信金,52,0,52,群益金鼎-高盛,2023-10-17,9105
6770,力積電,56,13,43,群益金鼎-高盛,2023-10-17,9105
2610,華航,41,8,33,群益金鼎-高盛,2023-10-17,9105
3231,緯創,52,23,29,群益金鼎-高盛,2023-10-17,9105
2705,六福,30,1,29,群益金鼎-高盛,2023-10-17,9105
1815,富喬,34,10,24,群益金鼎-高盛,2023-10-17,9105
8996,高力,25,3,22,群益金鼎-高盛,2023-10-17,9105
8054,安國,31,10,21,群益金鼎-高盛,2023-10-17,9105
2883,凱基金,22,2,20,群益金鼎-高盛,2023-10-17,9105
3078,僑威,42,22,20,群益金鼎-高盛,2023-10-17,9105
00929,復華台灣科技優息,19,0,19,群益金鼎-高盛,2023-10-17,9105
3481,群創,23,6,17,群益金鼎-高盛,2023-10-17,9105
1723,中碳,16,0,16,群益金鼎-高盛,2023-10-17,9105
3049,精金,16,0,16,群益金鼎-高盛,2023-10-17,9105
6499,益安,14,0,14,群益金鼎-高盛,2023-10-17,9105
2421,建準,13,0,13,群益金鼎-高盛,2023-10-17,9105
1609,大亞,13,0,13,群益金鼎-高盛,2023-10-17,9105
1713,國化,13,0,13,群益金鼎-高盛,2023-10-17,9105
00650L,復華香港正2,11,0,11,群益金鼎-高盛,2023-10-17,9105
2369,菱生,11,0,11,群益金鼎-高盛,2023-10-17,9105
00922,國泰台灣領袖50,10,0,10,群益金鼎-高盛,2023-10-17,9105
2539,櫻花建,10,0,10,群益金鼎-高盛,2023-10-17,9105
6274,台燿,14,4,10,群益金鼎-高盛,2023-10-17,9105
2834,臺企銀,10,0,10,群益金鼎-高盛,2023-10-17,9105
00878,國泰永續高股息,9,0,9,群益金鼎-高盛,2023-10-17,9105
8050,廣積,10,1,9,群益金鼎-高盛,2023-10-17,9105
1101,台泥,10,2,8,群益金鼎-高盛,2023-10-17,9105
4960,誠美材,13,5,8,群益金鼎-高盛,2023-10-17,9105
00931B,統一美債20年,8,0,8,群益金鼎-高盛,2023-10-17,9105
00673R,期元大S＆P原油反1,10,2,8,群益金鼎-高盛,2023-10-17,9105
4714,永捷,8,0,8,群益金鼎-高盛,2023-10-17,9105
6168,宏齊,23,15,8,群益金鼎-高盛,2023-10-17,9105
6213,聯茂,10,2,8,群益金鼎-高盛,2023-10-17,9105
1504,東元,7,0,7,群益金鼎-高盛,2023-10-17,9105
2382,廣達,10,3,7,群益金鼎-高盛,2023-10-17,9105
2442,新美齊,7,0,7,群益金鼎-高盛,2023-10-17,9105
2882,國泰金,7,0,7,群益金鼎-高盛,2023-10-17,9105
5324,士開,6,0,6,群益金鼎-高盛,2023-10-17,9105
00919,群益台灣精選高息,6,0,6,群益金鼎-高盛,2023-10-17,9105
1712,興農,6,0,6,群益金鼎-高盛,2023-10-17,9105
2428,興勤,6,0,6,群益金鼎-高盛,2023-10-17,9105
3176,基亞,6,0,6,群益金鼎-高盛,2023-10-17,9105
3189,景碩,6,0,6,群益金鼎-高盛,2023-10-17,9105
3311,閎暉,9,3,6,群益金鼎-高盛,2023-10-17,9105
6547,高端疫苗,6,0,6,群益金鼎-高盛,2023-10-17,9105
9925,新保,6,0,6,群益金鼎-高盛,2023-10-17,9105
2201,裕隆,19,14,5,群益金鼎-高盛,2023-10-17,9105
00878,國泰永續高股息,101,1,100,群益金鼎-高盛,2023-10-18,9105
0056,元大高股息,103,5,98,群益金鼎-高盛,2023-10-18,9105
1815,富喬,81,7,74,群益金鼎-高盛,2023-10-18,9105
00919,群益台灣精選高息,74,4,70,群益金鼎-高盛,2023-10-18,9105
1444,力麗,51,0,51,群益金鼎-高盛,2023-10-18,9105
00929,復華台灣科技優息,54,15,39,群益金鼎-高盛,2023-10-18,9105
00751B,元大AAA至A公司債,30,0,30,群益金鼎-高盛,2023-10-18,9105
00720B,元大投資級公司債,29,0,29,群益金鼎-高盛,2023-10-18,9105
00673R,期元大S＆P原油反1,27,0,27,群益金鼎-高盛,2023-10-18,9105
9942,茂順,25,0,25,群益金鼎-高盛,2023-10-18,9105
5465,富驊,24,0,24,群益金鼎-高盛,2023-10-18,9105
3481,群創,35,13,22,群益金鼎-高盛,2023-10-18,9105
3094,聯傑,30,8,22,群益金鼎-高盛,2023-10-18,9105
00922,國泰台灣領袖50,21,0,21,群益金鼎-高盛,2023-10-18,9105
2374,佳能,20,0,20,群益金鼎-高盛,2023-10-18,9105
3356,奇偶,20,0,20,群益金鼎-高盛,2023-10-18,9105
00900,富邦特選高股息30,19,0,19,群益金鼎-高盛,2023-10-18,9105
1101,台泥,23,5,18,群益金鼎-高盛,2023-10-18,9105
2637,慧洋-KY,17,0,17,群益金鼎-高盛,2023-10-18,9105
2344,華邦電,17,1,16,群益金鼎-高盛,2023-10-18,9105
00712,復華富時不動產,17,2,15,群益金鼎-高盛,2023-10-18,9105
6168,宏齊,49,34,15,群益金鼎-高盛,2023-10-18,9105
2618,長榮航,53,38,15,群益金鼎-高盛,2023-10-18,9105
3078,僑威,16,2,14,群益金鼎-高盛,2023-10-18,9105
2388,威盛,36,22,14,群益金鼎-高盛,2023-10-18,9105
1102,亞泥,13,0,13,群益金鼎-高盛,2023-10-18,9105
2812,台中銀,13,0,13,群益金鼎-高盛,2023-10-18,9105
1471,首利,16,3,13,群益金鼎-高盛,2023-10-18,9105
3033,威健,12,0,12,群益金鼎-高盛,2023-10-18,9105
3049,精金,12,0,12,群益金鼎-高盛,2023-10-18,9105
2316,楠梓電,11,0,11,群益金鼎-高盛,2023-10-18,9105
4533,協易機,11,0,11,群益金鼎-高盛,2023-10-18,9105
6274,台燿,14,4,10,群益金鼎-高盛,2023-10-18,9105
1608,華榮,10,0,10,群益金鼎-高盛,2023-10-18,9105
2313,華通,31,21,10,群益金鼎-高盛,2023-10-18,9105
2359,所羅門,10,0,10,群益金鼎-高盛,2023-10-18,9105
2369,菱生,10,0,10,群益金鼎-高盛,2023-10-18,9105
8358,金居,10,0,10,群益金鼎-高盛,2023-10-18,9105
00679B,元大美債20年,9,0,9,群益金鼎-高盛,2023-10-18,9105
5439,高技,10,1,9,群益金鼎-高盛,2023-10-18,9105
6005,群益證,9,0,9,群益金鼎-高盛,2023-10-18,9105
1304,台聚,10,2,8,群益金鼎-高盛,2023-10-18,9105
00687B,國泰20年美債,7,0,7,群益金鼎-高盛,2023-10-18,9105
5009,榮剛,12,5,7,群益金鼎-高盛,2023-10-18,9105
6015,宏遠證,7,0,7,群益金鼎-高盛,2023-10-18,9105
8155,博智,10,3,7,群益金鼎-高盛,2023-10-18,9105
3231,緯創,52,45,7,群益金鼎-高盛,2023-10-18,9105
3013,晟銘電,6,0,6,群益金鼎-高盛,2023-10-18,9105
1752,南光,6,0,6,群益金鼎-高盛,2023-10-18,9105
2392,正崴,6,0,6,群益金鼎-高盛,2023-10-18,9105
2317,鴻海,210,0,210,群益金鼎-高盛,2023-10-19,9105
2834,臺企銀,103,0,103,群益金鼎-高盛,2023-10-19,9105
0056,元大高股息,75,0,75,群益金鼎-高盛,2023-10-19,9105
00933B,國泰10Y+金融債,108,40,68,群益金鼎-高盛,2023-10-19,9105
1314,中石化,69,11,58,群益金鼎-高盛,2023-10-19,9105
00722B,群益投資級電信債,44,0,44,群益金鼎-高盛,2023-10-19,9105
00637L,元大滬深300正2,37,0,37,群益金鼎-高盛,2023-10-19,9105
1101,台泥,35,3,32,群益金鼎-高盛,2023-10-19,9105
2332,友訊,30,0,30,群益金鼎-高盛,2023-10-19,9105
00751B,元大AAA至A公司債,27,0,27,群益金鼎-高盛,2023-10-19,9105
5355,佳總,23,0,23,群益金鼎-高盛,2023-10-19,9105
00882,中信中國高股息,22,0,22,群益金鼎-高盛,2023-10-19,9105
00673R,期元大S＆P原油反1,20,0,20,群益金鼎-高盛,2023-10-19,9105
1718,中纖,20,0,20,群益金鼎-高盛,2023-10-19,9105
2609,陽明,21,1,20,群益金鼎-高盛,2023-10-19,9105
6116,彩晶,23,6,17,群益金鼎-高盛,2023-10-19,9105
00665L,富邦�琤肭磪囓�2,15,0,15,群益金鼎-高盛,2023-10-19,9105
2392,正崴,15,0,15,群益金鼎-高盛,2023-10-19,9105
3049,精金,15,0,15,群益金鼎-高盛,2023-10-19,9105
00680L,元大美債20正2,15,0,15,群益金鼎-高盛,2023-10-19,9105
6244,茂迪,13,0,13,群益金鼎-高盛,2023-10-19,9105
00712,復華富時不動產,12,0,12,群益金鼎-高盛,2023-10-19,9105
3276,宇環,12,0,12,群益金鼎-高盛,2023-10-19,9105
3481,群創,12,0,12,群益金鼎-高盛,2023-10-19,9105
6168,宏齊,12,0,12,群益金鼎-高盛,2023-10-19,9105
00720B,元大投資級公司債,12,0,12,群益金鼎-高盛,2023-10-19,9105
00900,富邦特選高股息30,11,0,11,群益金鼎-高盛,2023-10-19,9105
8050,廣積,11,0,11,群益金鼎-高盛,2023-10-19,9105
00929,復華台灣科技優息,10,0,10,群益金鼎-高盛,2023-10-19,9105
00786B,元大10年IG銀行債,10,0,10,群益金鼎-高盛,2023-10-19,9105
1711,永光,10,0,10,群益金鼎-高盛,2023-10-19,9105
2607,榮運,10,0,10,群益金鼎-高盛,2023-10-19,9105
3088,艾訊,10,0,10,群益金鼎-高盛,2023-10-19,9105
9942,茂順,10,0,10,群益金鼎-高盛,2023-10-19,9105
00679B,元大美債20年,10,1,9,群益金鼎-高盛,2023-10-19,9105
2880,華南金,9,0,9,群益金鼎-高盛,2023-10-19,9105
3055,蔚華科,9,0,9,群益金鼎-高盛,2023-10-19,9105
1809,中釉,8,0,8,群益金鼎-高盛,2023-10-19,9105
2014,中鴻,8,0,8,群益金鼎-高盛,2023-10-19,9105
3032,偉訓,8,0,8,群益金鼎-高盛,2023-10-19,9105
3205,佰研,8,0,8,群益金鼎-高盛,2023-10-19,9105
5302,太欣,7,0,7,群益金鼎-高盛,2023-10-19,9105
00687B,國泰20年美債,6,0,6,群益金鼎-高盛,2023-10-19,9105
9945,潤泰新,6,0,6,群益金鼎-高盛,2023-10-19,9105
6770,力積電,6,0,6,群益金鼎-高盛,2023-10-19,9105
00633L,富邦上証正2,21,15,6,群益金鼎-高盛,2023-10-19,9105
00650L,復華香港正2,36,30,6,群益金鼎-高盛,2023-10-19,9105
1319,東陽,15,9,6,群益金鼎-高盛,2023-10-19,9105
2305,全友,6,0,6,群益金鼎-高盛,2023-10-19,9105
2888,新光金,6,0,6,群益金鼎-高盛,2023-10-19,9105
00933B,國泰10Y+金融債,102,1,101,群益金鼎-高盛,2023-10-20,9105
5880,合庫金,100,0,100,群益金鼎-高盛,2023-10-20,9105
00878,國泰永續高股息,77,0,77,群益金鼎-高盛,2023-10-20,9105
3037,欣興,62,1,61,群益金鼎-高盛,2023-10-20,9105
5009,榮剛,55,3,52,群益金鼎-高盛,2023-10-20,9105
00922,國泰台灣領袖50,51,0,51,群益金鼎-高盛,2023-10-20,9105
00720B,元大投資級公司債,44,0,44,群益金鼎-高盛,2023-10-20,9105
2634,漢翔,45,1,44,群益金鼎-高盛,2023-10-20,9105
0056,元大高股息,48,5,43,群益金鼎-高盛,2023-10-20,9105
00712,復華富時不動產,42,0,42,群益金鼎-高盛,2023-10-20,9105
2890,永豐金,42,0,42,群益金鼎-高盛,2023-10-20,9105
3481,群創,57,16,41,群益金鼎-高盛,2023-10-20,9105
2002,中鋼,42,3,39,群益金鼎-高盛,2023-10-20,9105
2888,新光金,58,22,36,群益金鼎-高盛,2023-10-20,9105
00673R,期元大S＆P原油反1,30,0,30,群益金鼎-高盛,2023-10-20,9105
00680L,元大美債20正2,30,1,29,群益金鼎-高盛,2023-10-20,9105
00687B,國泰20年美債,27,0,27,群益金鼎-高盛,2023-10-20,9105
2461,光群雷,20,0,20,群益金鼎-高盛,2023-10-20,9105
2313,華通,36,17,19,群益金鼎-高盛,2023-10-20,9105
2329,華泰,21,2,19,群益金鼎-高盛,2023-10-20,9105
9925,新保,14,0,14,群益金鼎-高盛,2023-10-20,9105
1319,東陽,21,7,14,群益金鼎-高盛,2023-10-20,9105
00679B,元大美債20年,13,0,13,群益金鼎-高盛,2023-10-20,9105
3122,笙泉,19,8,11,群益金鼎-高盛,2023-10-20,9105
2014,中鴻,11,0,11,群益金鼎-高盛,2023-10-20,9105
2392,正崴,11,0,11,群益金鼎-高盛,2023-10-20,9105
2363,矽統,22,11,11,群益金鼎-高盛,2023-10-20,9105
1608,華榮,10,0,10,群益金鼎-高盛,2023-10-20,9105
00722B,群益投資級電信債,10,0,10,群益金鼎-高盛,2023-10-20,9105
2359,所羅門,10,0,10,群益金鼎-高盛,2023-10-20,9105
2887,台新金,10,0,10,群益金鼎-高盛,2023-10-20,9105
8033,雷虎,10,0,10,群益金鼎-高盛,2023-10-20,9105
9942,茂順,10,0,10,群益金鼎-高盛,2023-10-20,9105
2204,中華,10,1,9,群益金鼎-高盛,2023-10-20,9105
2382,廣達,30,21,9,群益金鼎-高盛,2023-10-20,9105
1605,華新,10,1,9,群益金鼎-高盛,2023-10-20,9105
1101,台泥,9,0,9,群益金鼎-高盛,2023-10-20,9105
2354,鴻準,10,2,8,群益金鼎-高盛,2023-10-20,9105
6235,華孚,13,5,8,群益金鼎-高盛,2023-10-20,9105
2834,臺企銀,8,0,8,群益金鼎-高盛,2023-10-20,9105
3163,波若威,8,0,8,群益金鼎-高盛,2023-10-20,9105
2515,中工,10,3,7,群益金鼎-高盛,2023-10-20,9105
00650L,復華香港正2,30,23,7,群益金鼎-高盛,2023-10-20,9105
9955,佳龍,11,4,7,群益金鼎-高盛,2023-10-20,9105
2610,華航,12,6,6,群益金鼎-高盛,2023-10-20,9105
00751B,元大AAA至A公司債,6,0,6,群益金鼎-高盛,2023-10-20,9105
2886,兆豐金,6,0,6,群益金鼎-高盛,2023-10-20,9105
3443,創意,7,1,6,群益金鼎-高盛,2023-10-20,9105
1503,士電,8,2,6,群益金鼎-高盛,2023-10-20,9105
00919,群益台灣精選高息,10,5,5,群益金鼎-高盛,2023-10-20,9105
00929,復華台灣科技優息,113,4,109,群益金鼎-高盛,2023-10-23,9105
00679B,元大美債20年,84,0,84,群益金鼎-高盛,2023-10-23,9105
5381,合正,41,0,41,群益金鼎-高盛,2023-10-23,9105
00919,群益台灣精選高息,43,2,41,群益金鼎-高盛,2023-10-23,9105
00931B,統一美債20年,35,0,35,群益金鼎-高盛,2023-10-23,9105
00712,復華富時不動產,30,0,30,群益金鼎-高盛,2023-10-23,9105
00878,國泰永續高股息,24,2,22,群益金鼎-高盛,2023-10-23,9105
2408,南亞科,21,0,21,群益金鼎-高盛,2023-10-23,9105
5272,笙科,20,0,20,群益金鼎-高盛,2023-10-23,9105
0056,元大高股息,22,2,20,群益金鼎-高盛,2023-10-23,9105
1101,台泥,16,0,16,群益金鼎-高盛,2023-10-23,9105
2402,毅嘉,25,9,16,群益金鼎-高盛,2023-10-23,9105
3176,基亞,16,0,16,群益金鼎-高盛,2023-10-23,9105
1905,華紙,14,0,14,群益金鼎-高盛,2023-10-23,9105
2369,菱生,17,3,14,群益金鼎-高盛,2023-10-23,9105
00922,國泰台灣領袖50,13,0,13,群益金鼎-高盛,2023-10-23,9105
2401,凌陽,23,10,13,群益金鼎-高盛,2023-10-23,9105
2382,廣達,16,4,12,群益金鼎-高盛,2023-10-23,9105
5355,佳總,20,8,12,群益金鼎-高盛,2023-10-23,9105
2352,佳世達,12,0,12,群益金鼎-高盛,2023-10-23,9105
2305,全友,14,3,11,群益金鼎-高盛,2023-10-23,9105
00722B,群益投資級電信債,10,0,10,群益金鼎-高盛,2023-10-23,9105
1457,宜進,10,0,10,群益金鼎-高盛,2023-10-23,9105
2313,華通,13,3,10,群益金鼎-高盛,2023-10-23,9105
2501,國建,10,0,10,群益金鼎-高盛,2023-10-23,9105
3704,合勤控,10,0,10,群益金鼎-高盛,2023-10-23,9105
6168,宏齊,34,24,10,群益金鼎-高盛,2023-10-23,9105
2498,宏達電,11,1,10,群益金鼎-高盛,2023-10-23,9105
2374,佳能,10,0,10,群益金鼎-高盛,2023-10-23,9105
3443,創意,10,1,9,群益金鼎-高盛,2023-10-23,9105
8150,南茂,15,7,8,群益金鼎-高盛,2023-10-23,9105
00687B,國泰20年美債,7,0,7,群益金鼎-高盛,2023-10-23,9105
00923,群益台ESG低碳50,10,3,7,群益金鼎-高盛,2023-10-23,9105
2834,臺企銀,7,0,7,群益金鼎-高盛,2023-10-23,9105
5215,科嘉-KY,13,6,7,群益金鼎-高盛,2023-10-23,9105
5465,富驊,7,0,7,群益金鼎-高盛,2023-10-23,9105
2605,新興,16,9,7,群益金鼎-高盛,2023-10-23,9105
2303,聯電,7,1,6,群益金鼎-高盛,2023-10-23,9105
5328,華容,6,0,6,群益金鼎-高盛,2023-10-23,9105
1102,亞泥,5,0,5,群益金鼎-高盛,2023-10-23,9105
2481,強茂,10,5,5,群益金鼎-高盛,2023-10-23,9105
2882,國泰金,9,4,5,群益金鼎-高盛,2023-10-23,9105
3017,奇鋐,9,4,5,群益金鼎-高盛,2023-10-23,9105
3711,日月光投控,5,0,5,群益金鼎-高盛,2023-10-23,9105
8024,佑華,11,6,5,群益金鼎-高盛,2023-10-23,9105
0050,元大台灣50,5,1,4,群益金鼎-高盛,2023-10-23,9105
2330,台積電,5,1,4,群益金鼎-高盛,2023-10-23,9105
2302,麗正,4,0,4,群益金鼎-高盛,2023-10-23,9105
3032,偉訓,4,0,4,群益金鼎-高盛,2023-10-23,9105
3363,上詮,23,19,4,群益金鼎-高盛,2023-10-23,9105
2409,友達,193,2,191,群益金鼎-高盛,2023-10-24,9105
00882,中信中國高股息,30,0,30,群益金鼎-高盛,2023-10-24,9105
2313,華通,28,0,28,群益金鼎-高盛,2023-10-24,9105
00712,復華富時不動產,27,0,27,群益金鼎-高盛,2023-10-24,9105
3024,憶聲,26,0,26,群益金鼎-高盛,2023-10-24,9105
2317,鴻海,65,40,25,群益金鼎-高盛,2023-10-24,9105
2303,聯電,32,9,23,群益金鼎-高盛,2023-10-24,9105
2408,南亞科,22,0,22,群益金鼎-高盛,2023-10-24,9105
00929,復華台灣科技優息,23,1,22,群益金鼎-高盛,2023-10-24,9105
2002,中鋼,24,5,19,群益金鼎-高盛,2023-10-24,9105
3037,欣興,26,9,17,群益金鼎-高盛,2023-10-24,9105
0056,元大高股息,14,0,14,群益金鼎-高盛,2023-10-24,9105
2883,凱基金,13,0,13,群益金鼎-高盛,2023-10-24,9105
00687B,國泰20年美債,13,1,12,群益金鼎-高盛,2023-10-24,9105
1472,三洋實業,50,38,12,群益金鼎-高盛,2023-10-24,9105
00931B,統一美債20年,11,0,11,群益金鼎-高盛,2023-10-24,9105
00650L,復華香港正2,45,34,11,群益金鼎-高盛,2023-10-24,9105
00878,國泰永續高股息,11,0,11,群益金鼎-高盛,2023-10-24,9105
00665L,富邦�琤肭磪囓�2,10,0,10,群益金鼎-高盛,2023-10-24,9105
2324,仁寶,10,0,10,群益金鼎-高盛,2023-10-24,9105
2354,鴻準,10,0,10,群益金鼎-高盛,2023-10-24,9105
2425,承啟,10,0,10,群益金鼎-高盛,2023-10-24,9105
4162,智擎,23,14,9,群益金鼎-高盛,2023-10-24,9105
2882,國泰金,12,3,9,群益金鼎-高盛,2023-10-24,9105
6216,居易,12,3,9,群益金鼎-高盛,2023-10-24,9105
6443,元晶,18,9,9,群益金鼎-高盛,2023-10-24,9105
9105,泰金寶-DR,10,1,9,群益金鼎-高盛,2023-10-24,9105
00919,群益台灣精選高息,12,3,9,群益金鼎-高盛,2023-10-24,9105
6120,達運,21,13,8,群益金鼎-高盛,2023-10-24,9105
0050,元大台灣50,9,1,8,群益金鼎-高盛,2023-10-24,9105
2462,良得電,8,0,8,群益金鼎-高盛,2023-10-24,9105
3051,力特,13,5,8,群益金鼎-高盛,2023-10-24,9105
3704,合勤控,12,4,8,群益金鼎-高盛,2023-10-24,9105
00715L,期街口布蘭特正2,8,0,8,群益金鼎-高盛,2023-10-24,9105
00637L,元大滬深300正2,24,17,7,群益金鼎-高盛,2023-10-24,9105
2457,飛宏,7,0,7,群益金鼎-高盛,2023-10-24,9105
6168,宏齊,24,17,7,群益金鼎-高盛,2023-10-24,9105
6470,宇智,7,0,7,群益金鼎-高盛,2023-10-24,9105
3715,定穎投控,51,45,6,群益金鼎-高盛,2023-10-24,9105
4960,誠美材,16,10,6,群益金鼎-高盛,2023-10-24,9105
1402,遠東新,5,0,5,群益金鼎-高盛,2023-10-24,9105
1603,華電,6,1,5,群益金鼎-高盛,2023-10-24,9105
4746,台耀,9,4,5,群益金鼎-高盛,2023-10-24,9105
5272,笙科,5,0,5,群益金鼎-高盛,2023-10-24,9105
6176,瑞儀,6,1,5,群益金鼎-高盛,2023-10-24,9105
2201,裕隆,5,0,5,群益金鼎-高盛,2023-10-24,9105
2382,廣達,7,2,5,群益金鼎-高盛,2023-10-24,9105
2886,兆豐金,4,0,4,群益金鼎-高盛,2023-10-24,9105
00900,富邦特選高股息30,5,1,4,群益金鼎-高盛,2023-10-24,9105
1319,東陽,28,24,4,群益金鼎-高盛,2023-10-24,9105
2891,中信金,100,2,98,群益金鼎-高盛,2023-10-25,9105
2002,中鋼,115,18,97,群益金鼎-高盛,2023-10-25,9105
3481,群創,103,15,88,群益金鼎-高盛,2023-10-25,9105
9925,新保,60,0,60,群益金鼎-高盛,2023-10-25,9105
00712,復華富時不動產,59,0,59,群益金鼎-高盛,2023-10-25,9105
00882,中信中國高股息,42,1,41,群益金鼎-高盛,2023-10-25,9105
2883,凱基金,31,0,31,群益金鼎-高盛,2023-10-25,9105
2344,華邦電,30,4,26,群益金鼎-高盛,2023-10-25,9105
00902,中信電池及儲能,25,0,25,群益金鼎-高盛,2023-10-25,9105
2457,飛宏,34,9,25,群益金鼎-高盛,2023-10-25,9105
2888,新光金,22,0,22,群益金鼎-高盛,2023-10-25,9105
6695,芯鼎,24,3,21,群益金鼎-高盛,2023-10-25,9105
2618,長榮航,21,1,20,群益金鼎-高盛,2023-10-25,9105
1522,堤維西,20,3,17,群益金鼎-高盛,2023-10-25,9105
3094,聯傑,23,6,17,群益金鼎-高盛,2023-10-25,9105
1524,耿鼎,96,79,17,群益金鼎-高盛,2023-10-25,9105
6122,擎邦,16,0,16,群益金鼎-高盛,2023-10-25,9105
6284,佳邦,17,2,15,群益金鼎-高盛,2023-10-25,9105
5531,鄉林,15,0,15,群益金鼎-高盛,2023-10-25,9105
5905,南仁湖,12,0,12,群益金鼎-高盛,2023-10-25,9105
00715L,期街口布蘭特正2,11,0,11,群益金鼎-高盛,2023-10-25,9105
00919,群益台灣精選高息,10,0,10,群益金鼎-高盛,2023-10-25,9105
1449,佳和,10,0,10,群益金鼎-高盛,2023-10-25,9105
2481,強茂,10,0,10,群益金鼎-高盛,2023-10-25,9105
2489,瑞軒,10,0,10,群益金鼎-高盛,2023-10-25,9105
2607,榮運,10,0,10,群益金鼎-高盛,2023-10-25,9105
2705,六福,10,0,10,群益金鼎-高盛,2023-10-25,9105
3276,宇環,10,0,10,群益金鼎-高盛,2023-10-25,9105
3231,緯創,21,12,9,群益金鼎-高盛,2023-10-25,9105
2371,大同,10,1,9,群益金鼎-高盛,2023-10-25,9105
2538,基泰,10,1,9,群益金鼎-高盛,2023-10-25,9105
2317,鴻海,11,2,9,群益金鼎-高盛,2023-10-25,9105
6243,迅杰,10,1,9,群益金鼎-高盛,2023-10-25,9105
4944,兆遠,14,5,9,群益金鼎-高盛,2023-10-25,9105
1618,合機,28,20,8,群益金鼎-高盛,2023-10-25,9105
5426,振發,8,0,8,群益金鼎-高盛,2023-10-25,9105
8044,網家,7,0,7,群益金鼎-高盛,2023-10-25,9105
1301,台塑,6,0,6,群益金鼎-高盛,2023-10-25,9105
6194,育富,6,0,6,群益金鼎-高盛,2023-10-25,9105
8040,九暘,8,2,6,群益金鼎-高盛,2023-10-25,9105
8088,品安,6,0,6,群益金鼎-高盛,2023-10-25,9105
00878,國泰永續高股息,7,1,6,群益金鼎-高盛,2023-10-25,9105
2421,建準,6,1,5,群益金鼎-高盛,2023-10-25,9105
00642U,期元大S＆P石油,5,0,5,群益金鼎-高盛,2023-10-25,9105
00933B,國泰10Y+金融債,5,0,5,群益金鼎-高盛,2023-10-25,9105
2331,精英,5,0,5,群益金鼎-高盛,2023-10-25,9105
3006,晶豪科,6,1,5,群益金鼎-高盛,2023-10-25,9105
3234,光環,5,0,5,群益金鼎-高盛,2023-10-25,9105
5351,鈺創,5,0,5,群益金鼎-高盛,2023-10-25,9105
6197,佳必琪,16,11,5,群益金鼎-高盛,2023-10-25,9105
6770,力積電,105,0,105,群益金鼎-高盛,2023-10-26,9105
00929,復華台灣科技優息,132,29,103,群益金鼎-高盛,2023-10-26,9105
5880,合庫金,102,0,102,群益金鼎-高盛,2023-10-26,9105
2303,聯電,81,1,80,群益金鼎-高盛,2023-10-26,9105
00919,群益台灣精選高息,63,1,62,群益金鼎-高盛,2023-10-26,9105
0056,元大高股息,59,1,58,群益金鼎-高盛,2023-10-26,9105
00878,國泰永續高股息,57,0,57,群益金鼎-高盛,2023-10-26,9105
1310,台苯,50,0,50,群益金鼎-高盛,2023-10-26,9105
2883,凱基金,62,22,40,群益金鼎-高盛,2023-10-26,9105
2356,英業達,44,10,34,群益金鼎-高盛,2023-10-26,9105
2630,亞航,38,7,31,群益金鼎-高盛,2023-10-26,9105
2405,輔信,27,2,25,群益金鼎-高盛,2023-10-26,9105
2344,華邦電,29,5,24,群益金鼎-高盛,2023-10-26,9105
2890,永豐金,21,0,21,群益金鼎-高盛,2023-10-26,9105
1524,耿鼎,154,133,21,群益金鼎-高盛,2023-10-26,9105
00673R,期元大S＆P原油反1,20,0,20,群益金鼎-高盛,2023-10-26,9105
2408,南亞科,20,0,20,群益金鼎-高盛,2023-10-26,9105
2317,鴻海,21,2,19,群益金鼎-高盛,2023-10-26,9105
6117,迎廣,46,27,19,群益金鼎-高盛,2023-10-26,9105
00927,群益半導體收益,17,0,17,群益金鼎-高盛,2023-10-26,9105
2515,中工,17,0,17,群益金鼎-高盛,2023-10-26,9105
0050,元大台灣50,18,1,17,群益金鼎-高盛,2023-10-26,9105
6684,安格,19,3,16,群益金鼎-高盛,2023-10-26,9105
2002,中鋼,16,2,14,群益金鼎-高盛,2023-10-26,9105
2834,臺企銀,14,0,14,群益金鼎-高盛,2023-10-26,9105
00712,復華富時不動產,14,0,14,群益金鼎-高盛,2023-10-26,9105
2884,玉山金,11,0,11,群益金鼎-高盛,2023-10-26,9105
4147,中裕,11,0,11,群益金鼎-高盛,2023-10-26,9105
00882,中信中國高股息,10,0,10,群益金鼎-高盛,2023-10-26,9105
2328,廣宇,10,0,10,群益金鼎-高盛,2023-10-26,9105
3704,合勤控,34,24,10,群益金鼎-高盛,2023-10-26,9105
00687B,國泰20年美債,9,0,9,群益金鼎-高盛,2023-10-26,9105
2337,旺宏,11,2,9,群益金鼎-高盛,2023-10-26,9105
2330,台積電,9,0,9,群益金鼎-高盛,2023-10-26,9105
6168,宏齊,13,4,9,群益金鼎-高盛,2023-10-26,9105
1721,三晃,73,64,9,群益金鼎-高盛,2023-10-26,9105
2382,廣達,14,6,8,群益金鼎-高盛,2023-10-26,9105
1605,華新,16,8,8,群益金鼎-高盛,2023-10-26,9105
2891,中信金,12,4,8,群益金鼎-高盛,2023-10-26,9105
2401,凌陽,9,1,8,群益金鼎-高盛,2023-10-26,9105
3481,群創,13,5,8,群益金鼎-高盛,2023-10-26,9105
9925,新保,7,0,7,群益金鼎-高盛,2023-10-26,9105
3339,泰谷,7,0,7,群益金鼎-高盛,2023-10-26,9105
3037,欣興,14,8,6,群益金鼎-高盛,2023-10-26,9105
1609,大亞,6,0,6,群益金鼎-高盛,2023-10-26,9105
1713,國化,6,0,6,群益金鼎-高盛,2023-10-26,9105
2383,台光電,10,4,6,群益金鼎-高盛,2023-10-26,9105
6276,安鈦克,10,4,6,群益金鼎-高盛,2023-10-26,9105
00923,群益台ESG低碳50,5,0,5,群益金鼎-高盛,2023-10-26,9105
9921,巨大,5,0,5,群益金鼎-高盛,2023-10-26,9105
00929,復華台灣科技優息,47,3,44,群益金鼎-高盛,2023-10-27,9105
2002,中鋼,30,0,30,群益金鼎-高盛,2023-10-27,9105
00720B,元大投資級公司債,30,1,29,群益金鼎-高盛,2023-10-27,9105
2610,華航,40,17,23,群益金鼎-高盛,2023-10-27,9105
6116,彩晶,22,0,22,群益金鼎-高盛,2023-10-27,9105
6770,力積電,21,0,21,群益金鼎-高盛,2023-10-27,9105
3290,東浦,67,48,19,群益金鼎-高盛,2023-10-27,9105
00712,復華富時不動產,35,20,15,群益金鼎-高盛,2023-10-27,9105
2337,旺宏,18,3,15,群益金鼎-高盛,2023-10-27,9105
3059,華晶科,15,1,14,群益金鼎-高盛,2023-10-27,9105
2317,鴻海,14,0,14,群益金鼎-高盛,2023-10-27,9105
6274,台燿,14,1,13,群益金鼎-高盛,2023-10-27,9105
2303,聯電,18,7,11,群益金鼎-高盛,2023-10-27,9105
2368,金像電,12,1,11,群益金鼎-高盛,2023-10-27,9105
00653L,富邦印度正2,10,0,10,群益金鼎-高盛,2023-10-27,9105
2313,華通,11,1,10,群益金鼎-高盛,2023-10-27,9105
2538,基泰,10,0,10,群益金鼎-高盛,2023-10-27,9105
2614,東森,10,0,10,群益金鼎-高盛,2023-10-27,9105
6456,GIS-KY,10,0,10,群益金鼎-高盛,2023-10-27,9105
2883,凱基金,10,1,9,群益金鼎-高盛,2023-10-27,9105
3622,洋華,9,0,9,群益金鼎-高盛,2023-10-27,9105
2449,京元電子,25,17,8,群益金鼎-高盛,2023-10-27,9105
3163,波若威,9,1,8,群益金鼎-高盛,2023-10-27,9105
3715,定穎投控,35,27,8,群益金鼎-高盛,2023-10-27,9105
4908,前鼎,15,7,8,群益金鼎-高盛,2023-10-27,9105
1721,三晃,17,10,7,群益金鼎-高盛,2023-10-27,9105
1524,耿鼎,57,51,6,群益金鼎-高盛,2023-10-27,9105
3234,光環,6,0,6,群益金鼎-高盛,2023-10-27,9105
5426,振發,18,12,6,群益金鼎-高盛,2023-10-27,9105
8033,雷虎,6,0,6,群益金鼎-高盛,2023-10-27,9105
8358,金居,7,1,6,群益金鼎-高盛,2023-10-27,9105
9105,泰金寶-DR,6,0,6,群益金鼎-高盛,2023-10-27,9105
2382,廣達,7,2,5,群益金鼎-高盛,2023-10-27,9105
1402,遠東新,5,0,5,群益金鼎-高盛,2023-10-27,9105
2340,台亞,5,0,5,群益金鼎-高盛,2023-10-27,9105
2409,友達,5,0,5,群益金鼎-高盛,2023-10-27,9105
3363,上詮,7,2,5,群益金鼎-高盛,2023-10-27,9105
5272,笙科,15,10,5,群益金鼎-高盛,2023-10-27,9105
6179,亞通,5,0,5,群益金鼎-高盛,2023-10-27,9105
1216,統一,4,0,4,群益金鼎-高盛,2023-10-27,9105
1301,台塑,4,0,4,群益金鼎-高盛,2023-10-27,9105
00931B,統一美債20年,4,0,4,群益金鼎-高盛,2023-10-27,9105
2352,佳世達,5,1,4,群益金鼎-高盛,2023-10-27,9105
3094,聯傑,19,15,4,群益金鼎-高盛,2023-10-27,9105
3207,耀勝,5,1,4,群益金鼎-高盛,2023-10-27,9105
5009,榮剛,4,0,4,群益金鼎-高盛,2023-10-27,9105
2330,台積電,4,0,4,群益金鼎-高盛,2023-10-27,9105
1517,利奇,3,0,3,群益金鼎-高盛,2023-10-27,9105
2454,聯發科,3,0,3,群益金鼎-高盛,2023-10-27,9105
3189,景碩,3,0,3,群益金鼎-高盛,2023-10-27,9105
2888,新光金,164,0,164,群益金鼎-高盛,2023-10-30,9105
2065,世豐,123,2,121,群益金鼎-高盛,2023-10-30,9105
2890,永豐金,118,30,88,群益金鼎-高盛,2023-10-30,9105
00637L,元大滬深300正2,345,300,45,群益金鼎-高盛,2023-10-30,9105
2610,華航,43,0,43,群益金鼎-高盛,2023-10-30,9105
2485,兆赫,84,42,42,群益金鼎-高盛,2023-10-30,9105
2317,鴻海,76,35,41,群益金鼎-高盛,2023-10-30,9105
2618,長榮航,36,2,34,群益金鼎-高盛,2023-10-30,9105
2867,三商壽,30,0,30,群益金鼎-高盛,2023-10-30,9105
2883,凱基金,31,5,26,群益金鼎-高盛,2023-10-30,9105
00878,國泰永續高股息,24,3,21,群益金鼎-高盛,2023-10-30,9105
6492,生華科,24,4,20,群益金鼎-高盛,2023-10-30,9105
2891,中信金,17,0,17,群益金鼎-高盛,2023-10-30,9105
1760,寶齡富錦,21,5,16,群益金鼎-高盛,2023-10-30,9105
5465,富驊,18,2,16,群益金鼎-高盛,2023-10-30,9105
2417,圓剛,15,0,15,群益金鼎-高盛,2023-10-30,9105
00929,復華台灣科技優息,23,10,13,群益金鼎-高盛,2023-10-30,9105
2390,云辰,56,45,11,群益金鼎-高盛,2023-10-30,9105
6244,茂迪,11,0,11,群益金鼎-高盛,2023-10-30,9105
6456,GIS-KY,10,0,10,群益金鼎-高盛,2023-10-30,9105
5871,中租-KY,10,0,10,群益金鼎-高盛,2023-10-30,9105
3362,先進光,10,0,10,群益金鼎-高盛,2023-10-30,9105
9105,泰金寶-DR,10,0,10,群益金鼎-高盛,2023-10-30,9105
3523,迎輝,9,0,9,群益金鼎-高盛,2023-10-30,9105
00679B,元大美債20年,18,10,8,群益金鼎-高盛,2023-10-30,9105
00687B,國泰20年美債,7,0,7,群益金鼎-高盛,2023-10-30,9105
00715L,期街口布蘭特正2,6,0,6,群益金鼎-高盛,2023-10-30,9105
1210,大成,6,0,6,群益金鼎-高盛,2023-10-30,9105
1720,生達,5,0,5,群益金鼎-高盛,2023-10-30,9105
2543,皇昌,5,0,5,群益金鼎-高盛,2023-10-30,9105
2882,國泰金,6,1,5,群益金鼎-高盛,2023-10-30,9105
6139,亞翔,7,2,5,群益金鼎-高盛,2023-10-30,9105
6237,驊訊,7,2,5,群益金鼎-高盛,2023-10-30,9105
2637,慧洋-KY,5,0,5,群益金鼎-高盛,2023-10-30,9105
2228,劍麟,4,0,4,群益金鼎-高盛,2023-10-30,9105
6117,迎廣,26,22,4,群益金鼎-高盛,2023-10-30,9105
2504,國產,4,0,4,群益金鼎-高盛,2023-10-30,9105
1524,耿鼎,4,0,4,群益金鼎-高盛,2023-10-30,9105
2340,台亞,4,0,4,群益金鼎-高盛,2023-10-30,9105
2421,建準,5,1,4,群益金鼎-高盛,2023-10-30,9105
3013,晟銘電,4,0,4,群益金鼎-高盛,2023-10-30,9105
3045,台灣大,4,0,4,群益金鼎-高盛,2023-10-30,9105
5355,佳總,4,0,4,群益金鼎-高盛,2023-10-30,9105
5515,建國,4,0,4,群益金鼎-高盛,2023-10-30,9105
6841,長佳智能,5,1,4,群益金鼎-高盛,2023-10-30,9105
0050,元大台灣50,3,0,3,群益金鼎-高盛,2023-10-30,9105
2337,旺宏,4,1,3,群益金鼎-高盛,2023-10-30,9105
2303,聯電,4,1,3,群益金鼎-高盛,2023-10-30,9105
00712,復華富時不動產,3,0,3,群益金鼎-高盛,2023-10-30,9105
00751B,元大AAA至A公司債,3,0,3,群益金鼎-高盛,2023-10-30,9105
2065,世豐,96,0,96,群益金鼎-高盛,2023-10-31,9105
0056,元大高股息,63,0,63,群益金鼎-高盛,2023-10-31,9105
2609,陽明,50,1,49,群益金鼎-高盛,2023-10-31,9105
00932,兆豐永續高息等權,20,0,20,群益金鼎-高盛,2023-10-31,9105
9942,茂順,20,0,20,群益金鼎-高盛,2023-10-31,9105
00878,國泰永續高股息,21,2,19,群益金鼎-高盛,2023-10-31,9105
2382,廣達,22,4,18,群益金鼎-高盛,2023-10-31,9105
2317,鴻海,28,11,17,群益金鼎-高盛,2023-10-31,9105
5465,富驊,16,0,16,群益金鼎-高盛,2023-10-31,9105
00637L,元大滬深300正2,101,86,15,群益金鼎-高盛,2023-10-31,9105
1314,中石化,14,1,13,群益金鼎-高盛,2023-10-31,9105
2344,華邦電,18,5,13,群益金鼎-高盛,2023-10-31,9105
4102,永日,13,0,13,群益金鼎-高盛,2023-10-31,9105
2301,光寶科,14,2,12,群益金鼎-高盛,2023-10-31,9105
3032,偉訓,14,2,12,群益金鼎-高盛,2023-10-31,9105
3094,聯傑,22,10,12,群益金鼎-高盛,2023-10-31,9105
3019,亞光,11,0,11,群益金鼎-高盛,2023-10-31,9105
3078,僑威,11,1,10,群益金鼎-高盛,2023-10-31,9105
2340,台亞,10,0,10,群益金鼎-高盛,2023-10-31,9105
00919,群益台灣精選高息,12,2,10,群益金鼎-高盛,2023-10-31,9105
3276,宇環,10,0,10,群益金鼎-高盛,2023-10-31,9105
6166,凌華,10,0,10,群益金鼎-高盛,2023-10-31,9105
6219,富旺,10,0,10,群益金鼎-高盛,2023-10-31,9105
2402,毅嘉,12,3,9,群益金鼎-高盛,2023-10-31,9105
6271,同欣電,11,2,9,群益金鼎-高盛,2023-10-31,9105
1605,華新,9,0,9,群益金鼎-高盛,2023-10-31,9105
9105,泰金寶-DR,9,0,9,群益金鼎-高盛,2023-10-31,9105
1463,強盛新,8,0,8,群益金鼎-高盛,2023-10-31,9105
2883,凱基金,10,2,8,群益金鼎-高盛,2023-10-31,9105
3325,旭品,10,2,8,群益金鼎-高盛,2023-10-31,9105
3035,智原,22,14,8,群益金鼎-高盛,2023-10-31,9105
6235,華孚,12,5,7,群益金鼎-高盛,2023-10-31,9105
6274,台燿,15,8,7,群益金鼎-高盛,2023-10-31,9105
3231,緯創,31,24,7,群益金鼎-高盛,2023-10-31,9105
2406,國碩,30,23,7,群益金鼎-高盛,2023-10-31,9105
6204,艾華,12,5,7,群益金鼎-高盛,2023-10-31,9105
00795B,中信美國公債20年,6,0,6,群益金鼎-高盛,2023-10-31,9105
8040,九暘,38,32,6,群益金鼎-高盛,2023-10-31,9105
8054,安國,30,24,6,群益金鼎-高盛,2023-10-31,9105
2303,聯電,7,1,6,群益金鼎-高盛,2023-10-31,9105
00687B,國泰20年美債,5,0,5,群益金鼎-高盛,2023-10-31,9105
2208,台船,6,1,5,群益金鼎-高盛,2023-10-31,9105
00923,群益台ESG低碳50,5,0,5,群益金鼎-高盛,2023-10-31,9105
00900,富邦特選高股息30,5,0,5,群益金鼎-高盛,2023-10-31,9105
2108,南帝,5,0,5,群益金鼎-高盛,2023-10-31,9105
2337,旺宏,5,0,5,群益金鼎-高盛,2023-10-31,9105
2353,宏��,5,0,5,群益金鼎-高盛,2023-10-31,9105
2428,興勤,5,0,5,群益金鼎-高盛,2023-10-31,9105
2436,偉詮電,5,0,5,群益金鼎-高盛,2023-10-31,9105
3011,今皓,5,0,5,群益金鼎-高盛,2023-10-31,9105
00929,復華台灣科技優息,128,10,118,群益金鼎-高盛,2023-11-01,9105
1605,華新,119,1,118,群益金鼎-高盛,2023-11-01,9105
00632R,元大台灣50反1,100,2,98,群益金鼎-高盛,2023-11-01,9105
2891,中信金,101,10,91,群益金鼎-高盛,2023-11-01,9105
00878,國泰永續高股息,89,5,84,群益金鼎-高盛,2023-11-01,9105
00934,中信成長高股息,41,1,40,群益金鼎-高盛,2023-11-01,9105
0056,元大高股息,32,1,31,群益金鼎-高盛,2023-11-01,9105
2065,世豐,26,0,26,群益金鼎-高盛,2023-11-01,9105
6111,大宇資,20,0,20,群益金鼎-高盛,2023-11-01,9105
00679B,元大美債20年,19,0,19,群益金鼎-高盛,2023-11-01,9105
8033,雷虎,18,1,17,群益金鼎-高盛,2023-11-01,9105
8050,廣積,15,0,15,群益金鼎-高盛,2023-11-01,9105
2883,凱基金,13,0,13,群益金鼎-高盛,2023-11-01,9105
00715L,期街口布蘭特正2,12,1,11,群益金鼎-高盛,2023-11-01,9105
2367,燿華,11,0,11,群益金鼎-高盛,2023-11-01,9105
3033,威健,10,0,10,群益金鼎-高盛,2023-11-01,9105
2062,橋椿,10,0,10,群益金鼎-高盛,2023-11-01,9105
2359,所羅門,10,0,10,群益金鼎-高盛,2023-11-01,9105
2409,友達,22,12,10,群益金鼎-高盛,2023-11-01,9105
2449,京元電子,10,0,10,群益金鼎-高盛,2023-11-01,9105
4108,懷特,10,0,10,群益金鼎-高盛,2023-11-01,9105
5340,建榮,10,0,10,群益金鼎-高盛,2023-11-01,9105
6116,彩晶,10,0,10,群益金鼎-高盛,2023-11-01,9105
00888,永豐台灣ESG,10,0,10,群益金鼎-高盛,2023-11-01,9105
6191,精成科,27,18,9,群益金鼎-高盛,2023-11-01,9105
2382,廣達,30,21,9,群益金鼎-高盛,2023-11-01,9105
3338,泰碩,44,35,9,群益金鼎-高盛,2023-11-01,9105
1519,華城,18,10,8,群益金鼎-高盛,2023-11-01,9105
2313,華通,12,4,8,群益金鼎-高盛,2023-11-01,9105
3576,聯合再生,25,17,8,群益金鼎-高盛,2023-11-01,9105
9958,世紀鋼,11,3,8,群益金鼎-高盛,2023-11-01,9105
4915,致伸,8,1,7,群益金鼎-高盛,2023-11-01,9105
6139,亞翔,10,3,7,群益金鼎-高盛,2023-11-01,9105
1514,亞力,8,2,6,群益金鼎-高盛,2023-11-01,9105
6552,易華電,6,0,6,群益金鼎-高盛,2023-11-01,9105
3037,欣興,6,1,5,群益金鼎-高盛,2023-11-01,9105
1471,首利,5,0,5,群益金鼎-高盛,2023-11-01,9105
1905,華紙,5,0,5,群益金鼎-高盛,2023-11-01,9105
2425,承啟,5,0,5,群益金鼎-高盛,2023-11-01,9105
3176,基亞,5,0,5,群益金鼎-高盛,2023-11-01,9105
3189,景碩,6,1,5,群益金鼎-高盛,2023-11-01,9105
3592,瑞鼎,5,0,5,群益金鼎-高盛,2023-11-01,9105
5324,士開,5,0,5,群益金鼎-高盛,2023-11-01,9105
5508,永信建,5,0,5,群益金鼎-高盛,2023-11-01,9105
00919,群益台灣精選高息,7,3,4,群益金鼎-高盛,2023-11-01,9105
00922,國泰台灣領袖50,4,0,4,群益金鼎-高盛,2023-11-01,9105
00738U,期元大道瓊白銀,4,0,4,群益金鼎-高盛,2023-11-01,9105
2002,中鋼,5,1,4,群益金鼎-高盛,2023-11-01,9105
2241,艾姆勒,4,0,4,群益金鼎-高盛,2023-11-01,9105
2886,兆豐金,4,0,4,群益金鼎-高盛,2023-11-01,9105
1584,精剛,52,2,50,群益金鼎-高盛,2023-11-02,9105
2867,三商壽,50,0,50,群益金鼎-高盛,2023-11-02,9105
5009,榮剛,50,0,50,群益金鼎-高盛,2023-11-02,9105
00632R,元大台灣50反1,34,0,34,群益金鼎-高盛,2023-11-02,9105
6603,富強鑫,30,0,30,群益金鼎-高盛,2023-11-02,9105
4908,前鼎,33,5,28,群益金鼎-高盛,2023-11-02,9105
00637L,元大滬深300正2,135,109,26,群益金鼎-高盛,2023-11-02,9105
5426,振發,21,0,21,群益金鼎-高盛,2023-11-02,9105
3362,先進光,20,0,20,群益金鼎-高盛,2023-11-02,9105
6168,宏齊,23,3,20,群益金鼎-高盛,2023-11-02,9105
2883,凱基金,19,0,19,群益金鼎-高盛,2023-11-02,9105
2329,華泰,20,3,17,群益金鼎-高盛,2023-11-02,9105
6593,台灣銘板,15,0,15,群益金鼎-高盛,2023-11-02,9105
3051,力特,16,2,14,群益金鼎-高盛,2023-11-02,9105
3672,康聯訊,13,0,13,群益金鼎-高盛,2023-11-02,9105
6712,長聖,12,0,12,群益金鼎-高盛,2023-11-02,9105
1268,漢來美食,10,0,10,群益金鼎-高盛,2023-11-02,9105
2855,統一證,10,0,10,群益金鼎-高盛,2023-11-02,9105
3380,明泰,20,10,10,群益金鼎-高盛,2023-11-02,9105
3706,神達,14,4,10,群益金鼎-高盛,2023-11-02,9105
5864,致和證,10,0,10,群益金鼎-高盛,2023-11-02,9105
6026,福邦證,10,0,10,群益金鼎-高盛,2023-11-02,9105
6116,彩晶,15,5,10,群益金鼎-高盛,2023-11-02,9105
3443,創意,10,0,10,群益金鼎-高盛,2023-11-02,9105
2382,廣達,27,20,7,群益金鼎-高盛,2023-11-02,9105
8432,東生華,7,1,6,群益金鼎-高盛,2023-11-02,9105
00878,國泰永續高股息,5,0,5,群益金鼎-高盛,2023-11-02,9105
1609,大亞,5,0,5,群益金鼎-高盛,2023-11-02,9105
2417,圓剛,5,0,5,群益金鼎-高盛,2023-11-02,9105
2425,承啟,5,0,5,群益金鼎-高盛,2023-11-02,9105
2618,長榮航,18,13,5,群益金鼎-高盛,2023-11-02,9105
3056,富華新,5,0,5,群益金鼎-高盛,2023-11-02,9105
3205,佰研,5,0,5,群益金鼎-高盛,2023-11-02,9105
5210,寶碩,5,0,5,群益金鼎-高盛,2023-11-02,9105
8110,華東,10,5,5,群益金鼎-高盛,2023-11-02,9105
2317,鴻海,6,2,4,群益金鼎-高盛,2023-11-02,9105
1301,台塑,4,0,4,群益金鼎-高盛,2023-11-02,9105
1464,得力,4,0,4,群益金鼎-高盛,2023-11-02,9105
1795,美時,9,5,4,群益金鼎-高盛,2023-11-02,9105
2406,國碩,4,0,4,群益金鼎-高盛,2023-11-02,9105
2542,興富發,4,0,4,群益金鼎-高盛,2023-11-02,9105
4432,銘旺實,4,0,4,群益金鼎-高盛,2023-11-02,9105
6530,創威,4,0,4,群益金鼎-高盛,2023-11-02,9105
3548,兆利,13,9,4,群益金鼎-高盛,2023-11-02,9105
2399,映泰,6,3,3,群益金鼎-高盛,2023-11-02,9105
00888,永豐台灣ESG,3,0,3,群益金鼎-高盛,2023-11-02,9105
00712,復華富時不動產,3,0,3,群益金鼎-高盛,2023-11-02,9105
1721,三晃,3,0,3,群益金鼎-高盛,2023-11-02,9105
1785,光洋科,3,0,3,群益金鼎-高盛,2023-11-02,9105
2606,裕民,5,2,3,群益金鼎-高盛,2023-11-02,9105
00637L,元大滬深300正2,417,281,136,群益金鼎-高盛,2023-11-03,9105
2867,三商壽,100,0,100,群益金鼎-高盛,2023-11-03,9105
00679B,元大美債20年,83,2,81,群益金鼎-高盛,2023-11-03,9105
00882,中信中國高股息,80,0,80,群益金鼎-高盛,2023-11-03,9105
00929,復華台灣科技優息,40,1,39,群益金鼎-高盛,2023-11-03,9105
2363,矽統,76,48,28,群益金鼎-高盛,2023-11-03,9105
5381,合正,25,0,25,群益金鼎-高盛,2023-11-03,9105
3481,群創,40,15,25,群益金鼎-高盛,2023-11-03,9105
2009,第一銅,24,0,24,群益金鼎-高盛,2023-11-03,9105
8150,南茂,24,0,24,群益金鼎-高盛,2023-11-03,9105
2329,華泰,27,8,19,群益金鼎-高盛,2023-11-03,9105
3094,聯傑,22,3,19,群益金鼎-高盛,2023-11-03,9105
2317,鴻海,26,10,16,群益金鼎-高盛,2023-11-03,9105
00688L,國泰20年美債正2,14,0,14,群益金鼎-高盛,2023-11-03,9105
00680L,元大美債20正2,11,0,11,群益金鼎-高盛,2023-11-03,9105
2402,毅嘉,12,1,11,群益金鼎-高盛,2023-11-03,9105
2460,建通,11,0,11,群益金鼎-高盛,2023-11-03,9105
00720B,元大投資級公司債,11,1,10,群益金鼎-高盛,2023-11-03,9105
00934,中信成長高股息,10,0,10,群益金鼎-高盛,2023-11-03,9105
2538,基泰,10,0,10,群益金鼎-高盛,2023-11-03,9105
2855,統一證,10,0,10,群益金鼎-高盛,2023-11-03,9105
5426,振發,10,0,10,群益金鼎-高盛,2023-11-03,9105
5864,致和證,10,0,10,群益金鼎-高盛,2023-11-03,9105
6026,福邦證,10,0,10,群益金鼎-高盛,2023-11-03,9105
8926,台汽電,10,0,10,群益金鼎-高盛,2023-11-03,9105
3406,玉晶光,10,1,9,群益金鼎-高盛,2023-11-03,9105
3443,創意,11,2,9,群益金鼎-高盛,2023-11-03,9105
2338,光罩,9,1,8,群益金鼎-高盛,2023-11-03,9105
4919,新唐,9,1,8,群益金鼎-高盛,2023-11-03,9105
8093,保銳,7,0,7,群益金鼎-高盛,2023-11-03,9105
1795,美時,6,0,6,群益金鼎-高盛,2023-11-03,9105
1809,中釉,6,0,6,群益金鼎-高盛,2023-11-03,9105
2344,華邦電,11,5,6,群益金鼎-高盛,2023-11-03,9105
2399,映泰,6,0,6,群益金鼎-高盛,2023-11-03,9105
3515,華擎,6,0,6,群益金鼎-高盛,2023-11-03,9105
3576,聯合再生,10,4,6,群益金鼎-高盛,2023-11-03,9105
5475,德宏,6,0,6,群益金鼎-高盛,2023-11-03,9105
6202,盛群,6,0,6,群益金鼎-高盛,2023-11-03,9105
6443,元晶,10,5,5,群益金鼎-高盛,2023-11-03,9105
00673R,期元大S＆P原油反1,5,0,5,群益金鼎-高盛,2023-11-03,9105
2401,凌陽,5,0,5,群益金鼎-高盛,2023-11-03,9105
4563,百德,5,0,5,群益金鼎-高盛,2023-11-03,9105
5457,宣德,5,0,5,群益金鼎-高盛,2023-11-03,9105
6288,聯嘉,5,0,5,群益金鼎-高盛,2023-11-03,9105
6274,台燿,6,2,4,群益金鼎-高盛,2023-11-03,9105
2376,技嘉,11,7,4,群益金鼎-高盛,2023-11-03,9105
3041,揚智,4,0,4,群益金鼎-高盛,2023-11-03,9105
00712,復華富時不動產,13,9,4,群益金鼎-高盛,2023-11-03,9105
1789,神隆,4,0,4,群益金鼎-高盛,2023-11-03,9105
2063,世鎧,4,0,4,群益金鼎-高盛,2023-11-03,9105
00882,中信中國高股息,123,0,123,群益金鼎-高盛,2023-11-06,9105
2883,凱基金,122,39,83,群益金鼎-高盛,2023-11-06,9105
00665L,富邦�琤肭磪囓�2,200,125,75,群益金鼎-高盛,2023-11-06,9105
00902,中信電池及儲能,100,30,70,群益金鼎-高盛,2023-11-06,9105
00900,富邦特選高股息30,46,0,46,群益金鼎-高盛,2023-11-06,9105
3260,威剛,47,7,40,群益金鼎-高盛,2023-11-06,9105
1101,台泥,31,0,31,群益金鼎-高盛,2023-11-06,9105
00637L,元大滬深300正2,130,99,31,群益金鼎-高盛,2023-11-06,9105
2855,統一證,30,0,30,群益金鼎-高盛,2023-11-06,9105
2603,長榮,29,0,29,群益金鼎-高盛,2023-11-06,9105
3481,群創,26,5,21,群益金鼎-高盛,2023-11-06,9105
00712,復華富時不動產,21,1,20,群益金鼎-高盛,2023-11-06,9105
5426,振發,20,0,20,群益金鼎-高盛,2023-11-06,9105
6026,福邦證,20,0,20,群益金鼎-高盛,2023-11-06,9105
2408,南亞科,21,2,19,群益金鼎-高盛,2023-11-06,9105
8109,博大,18,0,18,群益金鼎-高盛,2023-11-06,9105
2610,華航,20,2,18,群益金鼎-高盛,2023-11-06,9105
2618,長榮航,17,2,15,群益金鼎-高盛,2023-11-06,9105
00715L,期街口布蘭特正2,15,0,15,群益金鼎-高盛,2023-11-06,9105
2356,英業達,22,7,15,群益金鼎-高盛,2023-11-06,9105
2882,國泰金,12,0,12,群益金鼎-高盛,2023-11-06,9105
6127,九豪,12,0,12,群益金鼎-高盛,2023-11-06,9105
1802,台玻,11,0,11,群益金鼎-高盛,2023-11-06,9105
1721,三晃,17,7,10,群益金鼎-高盛,2023-11-06,9105
2033,佳大,10,0,10,群益金鼎-高盛,2023-11-06,9105
2484,希華,10,0,10,群益金鼎-高盛,2023-11-06,9105
2538,基泰,10,0,10,群益金鼎-高盛,2023-11-06,9105
3013,晟銘電,14,4,10,群益金鼎-高盛,2023-11-06,9105
3532,台勝科,10,0,10,群益金鼎-高盛,2023-11-06,9105
5864,致和證,10,0,10,群益金鼎-高盛,2023-11-06,9105
5871,中租-KY,10,0,10,群益金鼎-高盛,2023-11-06,9105
00679B,元大美債20年,12,2,10,群益金鼎-高盛,2023-11-06,9105
6770,力積電,16,6,10,群益金鼎-高盛,2023-11-06,9105
3231,緯創,13,4,9,群益金鼎-高盛,2023-11-06,9105
4967,十銓,33,24,9,群益金鼎-高盛,2023-11-06,9105
00632R,元大台灣50反1,9,0,9,群益金鼎-高盛,2023-11-06,9105
00893,國泰智能電動車,8,0,8,群益金鼎-高盛,2023-11-06,9105
2388,威盛,43,35,8,群益金鼎-高盛,2023-11-06,9105
00878,國泰永續高股息,10,2,8,群益金鼎-高盛,2023-11-06,9105
00664R,國泰臺灣加權反1,7,0,7,群益金鼎-高盛,2023-11-06,9105
3531,先益,7,0,7,群益金鼎-高盛,2023-11-06,9105
2498,宏達電,13,6,7,群益金鼎-高盛,2023-11-06,9105
2457,飛宏,14,8,6,群益金鼎-高盛,2023-11-06,9105
3706,神達,14,8,6,群益金鼎-高盛,2023-11-06,9105
8432,東生華,6,0,6,群益金鼎-高盛,2023-11-06,9105
6257,矽格,6,0,6,群益金鼎-高盛,2023-11-06,9105
3682,亞太電,5,0,5,群益金鼎-高盛,2023-11-06,9105
1609,大亞,6,1,5,群益金鼎-高盛,2023-11-06,9105
00673R,期元大S＆P原油反1,5,0,5,群益金鼎-高盛,2023-11-06,9105
1308,亞聚,5,0,5,群益金鼎-高盛,2023-11-06,9105
5880,合庫金,100,0,100,群益金鼎-高盛,2023-11-07,9105
6116,彩晶,60,0,60,群益金鼎-高盛,2023-11-07,9105
3189,景碩,42,0,42,群益金鼎-高盛,2023-11-07,9105
00637L,元大滬深300正2,44,5,39,群益金鼎-高盛,2023-11-07,9105
2890,永豐金,30,0,30,群益金鼎-高盛,2023-11-07,9105
3481,群創,30,3,27,群益金鼎-高盛,2023-11-07,9105
6284,佳邦,38,14,24,群益金鼎-高盛,2023-11-07,9105
00885,富邦越南,20,0,20,群益金鼎-高盛,2023-11-07,9105
3591,艾笛森,20,0,20,群益金鼎-高盛,2023-11-07,9105
00929,復華台灣科技優息,21,2,19,群益金鼎-高盛,2023-11-07,9105
2363,矽統,40,22,18,群益金鼎-高盛,2023-11-07,9105
1584,精剛,17,0,17,群益金鼎-高盛,2023-11-07,9105
2618,長榮航,21,4,17,群益金鼎-高盛,2023-11-07,9105
3260,威剛,22,6,16,群益金鼎-高盛,2023-11-07,9105
2409,友達,25,13,12,群益金鼎-高盛,2023-11-07,9105
2542,興富發,11,0,11,群益金鼎-高盛,2023-11-07,9105
3701,大眾控,13,2,11,群益金鼎-高盛,2023-11-07,9105
8110,華東,14,3,11,群益金鼎-高盛,2023-11-07,9105
00715L,期街口布蘭特正2,15,5,10,群益金鼎-高盛,2023-11-07,9105
1409,新纖,10,0,10,群益金鼎-高盛,2023-11-07,9105
1471,首利,10,0,10,群益金鼎-高盛,2023-11-07,9105
2402,毅嘉,10,0,10,群益金鼎-高盛,2023-11-07,9105
1326,台化,10,1,9,群益金鼎-高盛,2023-11-07,9105
2867,三商壽,9,0,9,群益金鼎-高盛,2023-11-07,9105
00679B,元大美債20年,8,0,8,群益金鼎-高盛,2023-11-07,9105
2065,世豐,8,0,8,群益金鼎-高盛,2023-11-07,9105
6257,矽格,16,8,8,群益金鼎-高盛,2023-11-07,9105
1785,光洋科,7,0,7,群益金鼎-高盛,2023-11-07,9105
2355,敬鵬,7,0,7,群益金鼎-高盛,2023-11-07,9105
3443,創意,8,1,7,群益金鼎-高盛,2023-11-07,9105
6788,華景電,7,0,7,群益金鼎-高盛,2023-11-07,9105
2002,中鋼,17,11,6,群益金鼎-高盛,2023-11-07,9105
2329,華泰,12,6,6,群益金鼎-高盛,2023-11-07,9105
2374,佳能,6,0,6,群益金鼎-高盛,2023-11-07,9105
4946,辣椒,6,0,6,群益金鼎-高盛,2023-11-07,9105
2317,鴻海,6,1,5,群益金鼎-高盛,2023-11-07,9105
4915,致伸,5,0,5,群益金鼎-高盛,2023-11-07,9105
00687B,國泰20年美債,5,0,5,群益金鼎-高盛,2023-11-07,9105
1305,華夏,5,0,5,群益金鼎-高盛,2023-11-07,9105
2352,佳世達,6,1,5,群益金鼎-高盛,2023-11-07,9105
2605,新興,5,0,5,群益金鼎-高盛,2023-11-07,9105
3664,安瑞-KY,5,0,5,群益金鼎-高盛,2023-11-07,9105
4909,新復興,5,0,5,群益金鼎-高盛,2023-11-07,9105
5483,中美晶,5,0,5,群益金鼎-高盛,2023-11-07,9105
5519,隆大,10,5,5,群益金鼎-高盛,2023-11-07,9105
8068,全達,4,0,4,群益金鼎-高盛,2023-11-07,9105
00632R,元大台灣50反1,4,0,4,群益金鼎-高盛,2023-11-07,9105
5348,正能量智能,4,0,4,群益金鼎-高盛,2023-11-07,9105
2486,一詮,7,4,3,群益金鼎-高盛,2023-11-07,9105
8358,金居,3,0,3,群益金鼎-高盛,2023-11-07,9105
2634,漢翔,86,16,70,群益金鼎-高盛,2023-11-08,9105
3260,威剛,63,1,62,群益金鼎-高盛,2023-11-08,9105
1815,富喬,43,13,30,群益金鼎-高盛,2023-11-08,9105
00936,台新永續高息中小,31,1,30,群益金鼎-高盛,2023-11-08,9105
6443,元晶,30,0,30,群益金鼎-高盛,2023-11-08,9105
9950,萬國通,23,0,23,群益金鼎-高盛,2023-11-08,9105
2382,廣達,40,18,22,群益金鼎-高盛,2023-11-08,9105
2460,建通,21,0,21,群益金鼎-高盛,2023-11-08,9105
00680L,元大美債20正2,20,0,20,群益金鼎-高盛,2023-11-08,9105
2206,三陽工業,23,3,20,群益金鼎-高盛,2023-11-08,9105
5426,振發,21,1,20,群益金鼎-高盛,2023-11-08,9105
3013,晟銘電,38,21,17,群益金鼎-高盛,2023-11-08,9105
1605,華新,18,2,16,群益金鼎-高盛,2023-11-08,9105
2618,長榮航,17,1,16,群益金鼎-高盛,2023-11-08,9105
1409,新纖,15,0,15,群益金鼎-高盛,2023-11-08,9105
6526,達發,15,0,15,群益金鼎-高盛,2023-11-08,9105
2014,中鴻,16,2,14,群益金鼎-高盛,2023-11-08,9105
3060,銘異,14,0,14,群益金鼎-高盛,2023-11-08,9105
2065,世豐,13,0,13,群益金鼎-高盛,2023-11-08,9105
8034,榮群,17,4,13,群益金鼎-高盛,2023-11-08,9105
3706,神達,20,7,13,群益金鼎-高盛,2023-11-08,9105
3217,優群,18,6,12,群益金鼎-高盛,2023-11-08,9105
6245,立端,13,1,12,群益金鼎-高盛,2023-11-08,9105
2002,中鋼,11,0,11,群益金鼎-高盛,2023-11-08,9105
6492,生華科,11,0,11,群益金鼎-高盛,2023-11-08,9105
2363,矽統,31,21,10,群益金鼎-高盛,2023-11-08,9105
00715L,期街口布蘭特正2,10,0,10,群益金鼎-高盛,2023-11-08,9105
2409,友達,10,0,10,群益金鼎-高盛,2023-11-08,9105
2484,希華,11,1,10,群益金鼎-高盛,2023-11-08,9105
3594,磐儀,10,0,10,群益金鼎-高盛,2023-11-08,9105
5519,隆大,21,11,10,群益金鼎-高盛,2023-11-08,9105
9907,統一實,10,0,10,群益金鼎-高盛,2023-11-08,9105
5347,世界,9,0,9,群益金鼎-高盛,2023-11-08,9105
00931B,統一美債20年,10,1,9,群益金鼎-高盛,2023-11-08,9105
4953,緯軟,9,0,9,群益金鼎-高盛,2023-11-08,9105
3376,新日興,13,5,8,群益金鼎-高盛,2023-11-08,9105
6488,環球晶,8,0,8,群益金鼎-高盛,2023-11-08,9105
1789,神隆,7,0,7,群益金鼎-高盛,2023-11-08,9105
2009,第一銅,7,0,7,群益金鼎-高盛,2023-11-08,9105
3545,敦泰,8,1,7,群益金鼎-高盛,2023-11-08,9105
1568,倉佑,17,11,6,群益金鼎-高盛,2023-11-08,9105
00679B,元大美債20年,6,0,6,群益金鼎-高盛,2023-11-08,9105
00687B,國泰20年美債,8,2,6,群益金鼎-高盛,2023-11-08,9105
00642U,期元大S＆P石油,6,0,6,群益金鼎-高盛,2023-11-08,9105
2885,元大金,6,0,6,群益金鼎-高盛,2023-11-08,9105
4123,晟德,6,0,6,群益金鼎-高盛,2023-11-08,9105
4979,華星光,6,0,6,群益金鼎-高盛,2023-11-08,9105
6237,驊訊,6,0,6,群益金鼎-高盛,2023-11-08,9105
3041,揚智,5,0,5,群益金鼎-高盛,2023-11-08,9105
2027,大成鋼,5,0,5,群益金鼎-高盛,2023-11-08,9105
1714,和桐,119,0,119,群益金鼎-高盛,2023-11-09,9105
1815,富喬,83,10,73,群益金鼎-高盛,2023-11-09,9105
00715L,期街口布蘭特正2,70,17,53,群益金鼎-高盛,2023-11-09,9105
2353,宏��,50,0,50,群益金鼎-高盛,2023-11-09,9105
6116,彩晶,42,0,42,群益金鼎-高盛,2023-11-09,9105
3260,威剛,41,0,41,群益金鼎-高盛,2023-11-09,9105
2363,矽統,67,27,40,群益金鼎-高盛,2023-11-09,9105
2498,宏達電,33,0,33,群益金鼎-高盛,2023-11-09,9105
2634,漢翔,36,3,33,群益金鼎-高盛,2023-11-09,9105
2329,華泰,64,38,26,群益金鼎-高盛,2023-11-09,9105
6603,富強鑫,24,0,24,群益金鼎-高盛,2023-11-09,9105
00936,台新永續高息中小,22,1,21,群益金鼎-高盛,2023-11-09,9105
2888,新光金,20,0,20,群益金鼎-高盛,2023-11-09,9105
9942,茂順,21,1,20,群益金鼎-高盛,2023-11-09,9105
8070,長華*,17,0,17,群益金鼎-高盛,2023-11-09,9105
2610,華航,31,15,16,群益金鼎-高盛,2023-11-09,9105
5465,富驊,16,0,16,群益金鼎-高盛,2023-11-09,9105
8093,保銳,16,1,15,群益金鼎-高盛,2023-11-09,9105
3034,聯詠,14,1,13,群益金鼎-高盛,2023-11-09,9105
3481,群創,22,10,12,群益金鼎-高盛,2023-11-09,9105
8034,榮群,20,9,11,群益金鼎-高盛,2023-11-09,9105
2460,建通,10,0,10,群益金鼎-高盛,2023-11-09,9105
4967,十銓,14,4,10,群益金鼎-高盛,2023-11-09,9105
00896,中信綠能及電動車,10,0,10,群益金鼎-高盛,2023-11-09,9105
2492,華新科,11,1,10,群益金鼎-高盛,2023-11-09,9105
2515,中工,10,0,10,群益金鼎-高盛,2023-11-09,9105
3356,奇偶,10,0,10,群益金鼎-高盛,2023-11-09,9105
6526,達發,10,0,10,群益金鼎-高盛,2023-11-09,9105
2382,廣達,11,2,9,群益金鼎-高盛,2023-11-09,9105
00751B,元大AAA至A公司債,9,0,9,群益金鼎-高盛,2023-11-09,9105
3531,先益,9,0,9,群益金鼎-高盛,2023-11-09,9105
5347,世界,8,0,8,群益金鼎-高盛,2023-11-09,9105
00642U,期元大S＆P石油,8,0,8,群益金鼎-高盛,2023-11-09,9105
2605,新興,8,0,8,群益金鼎-高盛,2023-11-09,9105
5469,瀚宇博,8,0,8,群益金鼎-高盛,2023-11-09,9105
8088,品安,7,0,7,群益金鼎-高盛,2023-11-09,9105
6191,精成科,7,1,6,群益金鼎-高盛,2023-11-09,9105
8112,至上,6,0,6,群益金鼎-高盛,2023-11-09,9105
1324,地球,7,1,6,群益金鼎-高盛,2023-11-09,9105
2402,毅嘉,6,0,6,群益金鼎-高盛,2023-11-09,9105
3363,上詮,16,10,6,群益金鼎-高盛,2023-11-09,9105
1568,倉佑,12,7,5,群益金鼎-高盛,2023-11-09,9105
1301,台塑,6,1,5,群益金鼎-高盛,2023-11-09,9105
00878,國泰永續高股息,5,0,5,群益金鼎-高盛,2023-11-09,9105
3027,盛達,5,0,5,群益金鼎-高盛,2023-11-09,9105
5289,宜鼎,5,0,5,群益金鼎-高盛,2023-11-09,9105
6015,宏遠證,5,0,5,群益金鼎-高盛,2023-11-09,9105
6257,矽格,5,0,5,群益金鼎-高盛,2023-11-09,9105
2454,聯發科,4,0,4,群益金鼎-高盛,2023-11-09,9105
00706L,期元大S＆P日圓正2,4,0,4,群益金鼎-高盛,2023-11-09,9105
6016,康和證,100,0,100,群益金鼎-高盛,2023-11-10,9105
00637L,元大滬深300正2,138,99,39,群益金鼎-高盛,2023-11-10,9105
6526,達發,31,0,31,群益金鼎-高盛,2023-11-10,9105
2630,亞航,30,0,30,群益金鼎-高盛,2023-11-10,9105
2889,國票金,30,2,28,群益金鼎-高盛,2023-11-10,9105
00679B,元大美債20年,25,0,25,群益金鼎-高盛,2023-11-10,9105
2618,長榮航,28,6,22,群益金鼎-高盛,2023-11-10,9105
4967,十銓,43,22,21,群益金鼎-高盛,2023-11-10,9105
00931B,統一美債20年,41,21,20,群益金鼎-高盛,2023-11-10,9105
00665L,富邦�琤肭磪囓�2,20,0,20,群益金鼎-高盛,2023-11-10,9105
00933B,國泰10Y+金融債,20,1,19,群益金鼎-高盛,2023-11-10,9105
3231,緯創,46,27,19,群益金鼎-高盛,2023-11-10,9105
3481,群創,25,10,15,群益金鼎-高盛,2023-11-10,9105
1301,台塑,15,0,15,群益金鼎-高盛,2023-11-10,9105
6116,彩晶,15,0,15,群益金鼎-高盛,2023-11-10,9105
00878,國泰永續高股息,14,1,13,群益金鼎-高盛,2023-11-10,9105
2329,華泰,41,28,13,群益金鼎-高盛,2023-11-10,9105
2409,友達,13,0,13,群益金鼎-高盛,2023-11-10,9105
2610,華航,21,8,13,群益金鼎-高盛,2023-11-10,9105
2303,聯電,12,0,12,群益金鼎-高盛,2023-11-10,9105
1815,富喬,13,1,12,群益金鼎-高盛,2023-11-10,9105
5289,宜鼎,12,0,12,群益金鼎-高盛,2023-11-10,9105
5521,工信,11,0,11,群益金鼎-高盛,2023-11-10,9105
6207,雷科,11,0,11,群益金鼎-高盛,2023-11-10,9105
2615,萬海,12,1,11,群益金鼎-高盛,2023-11-10,9105
1717,長興,10,0,10,群益金鼎-高盛,2023-11-10,9105
2458,義隆,10,0,10,群益金鼎-高盛,2023-11-10,9105
4147,中裕,10,0,10,群益金鼎-高盛,2023-11-10,9105
00919,群益台灣精選高息,9,1,8,群益金鼎-高盛,2023-11-10,9105
00687B,國泰20年美債,9,1,8,群益金鼎-高盛,2023-11-10,9105
2065,世豐,8,0,8,群益金鼎-高盛,2023-11-10,9105
00751B,元大AAA至A公司債,8,0,8,群益金鼎-高盛,2023-11-10,9105
2606,裕民,7,0,7,群益金鼎-高盛,2023-11-10,9105
1612,宏泰,7,0,7,群益金鼎-高盛,2023-11-10,9105
1710,東聯,7,0,7,群益金鼎-高盛,2023-11-10,9105
6472,保瑞,8,2,6,群益金鼎-高盛,2023-11-10,9105
2486,一詮,9,3,6,群益金鼎-高盛,2023-11-10,9105
2340,台亞,6,0,6,群益金鼎-高盛,2023-11-10,9105
2402,毅嘉,11,5,6,群益金鼎-高盛,2023-11-10,9105
2605,新興,6,0,6,群益金鼎-高盛,2023-11-10,9105
3545,敦泰,6,0,6,群益金鼎-高盛,2023-11-10,9105
9905,大華,6,0,6,群益金鼎-高盛,2023-11-10,9105
4743,合一,16,11,5,群益金鼎-高盛,2023-11-10,9105
2352,佳世達,9,4,5,群益金鼎-高盛,2023-11-10,9105
6271,同欣電,5,0,5,群益金鼎-高盛,2023-11-10,9105
6446,藥華藥,11,6,5,群益金鼎-高盛,2023-11-10,9105
1409,新纖,5,0,5,群益金鼎-高盛,2023-11-10,9105
2634,漢翔,8,3,5,群益金鼎-高盛,2023-11-10,9105
3027,盛達,5,0,5,群益金鼎-高盛,2023-11-10,9105
3207,耀勝,5,0,5,群益金鼎-高盛,2023-11-10,9105
00931B,統一美債20年,316,0,316,群益金鼎-高盛,2023-11-13,9105
8473,山林水,204,0,204,群益金鼎-高盛,2023-11-13,9105
1584,精剛,91,0,91,群益金鼎-高盛,2023-11-13,9105
00637L,元大滬深300正2,155,88,67,群益金鼎-高盛,2023-11-13,9105
2610,華航,54,1,53,群益金鼎-高盛,2023-11-13,9105
6526,達發,53,0,53,群益金鼎-高盛,2023-11-13,9105
2002,中鋼,51,0,51,群益金鼎-高盛,2023-11-13,9105
1402,遠東新,50,5,45,群益金鼎-高盛,2023-11-13,9105
2618,長榮航,60,17,43,群益金鼎-高盛,2023-11-13,9105
2382,廣達,48,12,36,群益金鼎-高盛,2023-11-13,9105
00679B,元大美債20年,27,0,27,群益金鼎-高盛,2023-11-13,9105
6284,佳邦,28,2,26,群益金鼎-高盛,2023-11-13,9105
00933B,國泰10Y+金融債,24,1,23,群益金鼎-高盛,2023-11-13,9105
6116,彩晶,23,1,22,群益金鼎-高盛,2023-11-13,9105
1522,堤維西,18,3,15,群益金鼎-高盛,2023-11-13,9105
00632R,元大台灣50反1,16,2,14,群益金鼎-高盛,2023-11-13,9105
3481,群創,15,2,13,群益金鼎-高盛,2023-11-13,9105
3094,聯傑,15,3,12,群益金鼎-高盛,2023-11-13,9105
1605,華新,12,2,10,群益金鼎-高盛,2023-11-13,9105
3046,建��,10,0,10,群益金鼎-高盛,2023-11-13,9105
1409,新纖,10,0,10,群益金鼎-高盛,2023-11-13,9105
2855,統一證,10,0,10,群益金鼎-高盛,2023-11-13,9105
2883,凱基金,31,21,10,群益金鼎-高盛,2023-11-13,9105
6470,宇智,10,0,10,群益金鼎-高盛,2023-11-13,9105
9905,大華,10,0,10,群益金鼎-高盛,2023-11-13,9105
2402,毅嘉,17,8,9,群益金鼎-高盛,2023-11-13,9105
3363,上詮,14,5,9,群益金鼎-高盛,2023-11-13,9105
00929,復華台灣科技優息,10,1,9,群益金鼎-高盛,2023-11-13,9105
3706,神達,16,8,8,群益金鼎-高盛,2023-11-13,9105
8046,南電,8,0,8,群益金鼎-高盛,2023-11-13,9105
8110,華東,9,1,8,群益金鼎-高盛,2023-11-13,9105
5386,青雲,7,0,7,群益金鼎-高盛,2023-11-13,9105
2301,光寶科,8,2,6,群益金鼎-高盛,2023-11-13,9105
2369,菱生,9,3,6,群益金鼎-高盛,2023-11-13,9105
6203,海韻電,6,0,6,群益金鼎-高盛,2023-11-13,9105
2892,第一金,6,0,6,群益金鼎-高盛,2023-11-13,9105
3078,僑威,6,1,5,群益金鼎-高盛,2023-11-13,9105
00936,台新永續高息中小,5,0,5,群益金鼎-高盛,2023-11-13,9105
00751B,元大AAA至A公司債,5,0,5,群益金鼎-高盛,2023-11-13,9105
00648R,元大S＆P500反1,5,0,5,群益金鼎-高盛,2023-11-13,9105
1514,亞力,5,0,5,群益金鼎-高盛,2023-11-13,9105
1609,大亞,5,0,5,群益金鼎-高盛,2023-11-13,9105
1789,神隆,5,0,5,群益金鼎-高盛,2023-11-13,9105
2338,光罩,5,0,5,群益金鼎-高盛,2023-11-13,9105
2387,精元,9,4,5,群益金鼎-高盛,2023-11-13,9105
3362,先進光,5,0,5,群益金鼎-高盛,2023-11-13,9105
4123,晟德,5,0,5,群益金鼎-高盛,2023-11-13,9105
4746,台耀,5,0,5,群益金鼎-高盛,2023-11-13,9105
8150,南茂,5,0,5,群益金鼎-高盛,2023-11-13,9105
6122,擎邦,38,33,5,群益金鼎-高盛,2023-11-13,9105
6116,彩晶,62,2,60,群益金鼎-高盛,2023-11-14,9105
3078,僑威,58,5,53,群益金鼎-高盛,2023-11-14,9105
4950,牧東,43,0,43,群益金鼎-高盛,2023-11-14,9105
6603,富強鑫,36,0,36,群益金鼎-高盛,2023-11-14,9105
1584,精剛,30,0,30,群益金鼎-高盛,2023-11-14,9105
2705,六福,27,0,27,群益金鼎-高盛,2023-11-14,9105
9925,新保,27,0,27,群益金鼎-高盛,2023-11-14,9105
2634,漢翔,21,0,21,群益金鼎-高盛,2023-11-14,9105
00888,永豐台灣ESG,20,0,20,群益金鼎-高盛,2023-11-14,9105
00688L,國泰20年美債正2,19,0,19,群益金鼎-高盛,2023-11-14,9105
00929,復華台灣科技優息,18,0,18,群益金鼎-高盛,2023-11-14,9105
2609,陽明,28,10,18,群益金鼎-高盛,2023-11-14,9105
2206,三陽工業,18,1,17,群益金鼎-高盛,2023-11-14,9105
2329,華泰,38,22,16,群益金鼎-高盛,2023-11-14,9105
2002,中鋼,22,7,15,群益金鼎-高盛,2023-11-14,9105
00878,國泰永續高股息,39,23,16,群益金鼎-高盛,2023-11-14,9105
8473,山林水,15,0,15,群益金鼎-高盛,2023-11-14,9105
2303,聯電,14,2,12,群益金鼎-高盛,2023-11-14,9105
00900,富邦特選高股息30,12,0,12,群益金鼎-高盛,2023-11-14,9105
00680L,元大美債20正2,11,0,11,群益金鼎-高盛,2023-11-14,9105
1216,統一,10,0,10,群益金鼎-高盛,2023-11-14,9105
6117,迎廣,14,4,10,群益金鼎-高盛,2023-11-14,9105
6168,宏齊,14,4,10,群益金鼎-高盛,2023-11-14,9105
3006,晶豪科,15,6,9,群益金鼎-高盛,2023-11-14,9105
2313,華通,15,6,9,群益金鼎-高盛,2023-11-14,9105
2887,台新金,9,0,9,群益金鼎-高盛,2023-11-14,9105
3122,笙泉,11,2,9,群益金鼎-高盛,2023-11-14,9105
5452,佶優,10,1,9,群益金鼎-高盛,2023-11-14,9105
3231,緯創,24,16,8,群益金鼎-高盛,2023-11-14,9105
00673R,期元大S＆P原油反1,8,0,8,群益金鼎-高盛,2023-11-14,9105
1101,台泥,8,0,8,群益金鼎-高盛,2023-11-14,9105
3406,玉晶光,8,0,8,群益金鼎-高盛,2023-11-14,9105
6451,訊芯-KY,14,6,8,群益金鼎-高盛,2023-11-14,9105
6703,軒郁,8,0,8,群益金鼎-高盛,2023-11-14,9105
4906,正文,7,0,7,群益金鼎-高盛,2023-11-14,9105
00935,野村臺灣新科技50,7,0,7,群益金鼎-高盛,2023-11-14,9105
2605,新興,7,0,7,群益金鼎-高盛,2023-11-14,9105
2606,裕民,7,0,7,群益金鼎-高盛,2023-11-14,9105
3577,泓格,7,0,7,群益金鼎-高盛,2023-11-14,9105
5324,士開,7,0,7,群益金鼎-高盛,2023-11-14,9105
6182,合晶,7,0,7,群益金鼎-高盛,2023-11-14,9105
6203,海韻電,7,0,7,群益金鼎-高盛,2023-11-14,9105
2485,兆赫,11,4,7,群益金鼎-高盛,2023-11-14,9105
2888,新光金,31,25,6,群益金鼎-高盛,2023-11-14,9105
3306,鼎天,18,12,6,群益金鼎-高盛,2023-11-14,9105
6509,聚和,6,0,6,群益金鼎-高盛,2023-11-14,9105
8011,台通,8,3,5,群益金鼎-高盛,2023-11-14,9105
6282,康舒,5,0,5,群益金鼎-高盛,2023-11-14,9105
2230,泰茂,5,0,5,群益金鼎-高盛,2023-11-14,9105
8068,全達,5,0,5,群益金鼎-高盛,2023-11-14,9105
3260,威剛,204,1,203,群益金鼎-高盛,2023-11-15,9105
00933B,國泰10Y+金融債,60,0,60,群益金鼎-高盛,2023-11-15,9105
1524,耿鼎,120,63,57,群益金鼎-高盛,2023-11-15,9105
9925,新保,45,0,45,群益金鼎-高盛,2023-11-15,9105
1815,富喬,36,3,33,群益金鼎-高盛,2023-11-15,9105
00878,國泰永續高股息,61,34,27,群益金鼎-高盛,2023-11-15,9105
6284,佳邦,30,5,25,群益金鼎-高盛,2023-11-15,9105
2382,廣達,40,16,24,群益金鼎-高盛,2023-11-15,9105
1409,新纖,30,8,22,群益金鼎-高盛,2023-11-15,9105
6168,宏齊,28,6,22,群益金鼎-高盛,2023-11-15,9105
00679B,元大美債20年,25,3,22,群益金鼎-高盛,2023-11-15,9105
3027,盛達,20,0,20,群益金鼎-高盛,2023-11-15,9105
4950,牧東,19,0,19,群益金鼎-高盛,2023-11-15,9105
3615,安可,17,0,17,群益金鼎-高盛,2023-11-15,9105
00680L,元大美債20正2,16,0,16,群益金鼎-高盛,2023-11-15,9105
6187,萬潤,19,4,15,群益金鼎-高盛,2023-11-15,9105
2392,正崴,14,0,14,群益金鼎-高盛,2023-11-15,9105
2402,毅嘉,20,6,14,群益金鼎-高盛,2023-11-15,9105
00669R,國泰美國道瓊反1,12,0,12,群益金鼎-高盛,2023-11-15,9105
2630,亞航,16,4,12,群益金鼎-高盛,2023-11-15,9105
8473,山林水,22,10,12,群益金鼎-高盛,2023-11-15,9105
2890,永豐金,23,11,12,群益金鼎-高盛,2023-11-15,9105
00688L,國泰20年美債正2,11,0,11,群益金鼎-高盛,2023-11-15,9105
00632R,元大台灣50反1,15,4,11,群益金鼎-高盛,2023-11-15,9105
6770,力積電,13,2,11,群益金鼎-高盛,2023-11-15,9105
9945,潤泰新,14,3,11,群益金鼎-高盛,2023-11-15,9105
00712,復華富時不動產,22,12,10,群益金鼎-高盛,2023-11-15,9105
00720B,元大投資級公司債,11,1,10,群益金鼎-高盛,2023-11-15,9105
9958,世紀鋼,10,0,10,群益金鼎-高盛,2023-11-15,9105
6204,艾華,9,0,9,群益金鼎-高盛,2023-11-15,9105
2323,中環,20,11,9,群益金鼎-高盛,2023-11-15,9105
2353,宏��,9,0,9,群益金鼎-高盛,2023-11-15,9105
3317,尼克森,9,0,9,群益金鼎-高盛,2023-11-15,9105
5519,隆大,10,1,9,群益金鼎-高盛,2023-11-15,9105
6237,驊訊,11,2,9,群益金鼎-高盛,2023-11-15,9105
2882,國泰金,9,1,8,群益金鼎-高盛,2023-11-15,9105
00715L,期街口布蘭特正2,6,0,6,群益金鼎-高盛,2023-11-15,9105
2201,裕隆,7,1,6,群益金鼎-高盛,2023-11-15,9105
2605,新興,6,0,6,群益金鼎-高盛,2023-11-15,9105
3163,波若威,10,4,6,群益金鼎-高盛,2023-11-15,9105
3706,神達,7,2,5,群益金鼎-高盛,2023-11-15,9105
1449,佳和,5,0,5,群益金鼎-高盛,2023-11-15,9105
1618,合機,16,11,5,群益金鼎-高盛,2023-11-15,9105
3362,先進光,20,15,5,群益金鼎-高盛,2023-11-15,9105
4121,優盛,5,0,5,群益金鼎-高盛,2023-11-15,9105
8234,新漢,6,1,5,群益金鼎-高盛,2023-11-15,9105
3036,文曄,6,2,4,群益金鼎-高盛,2023-11-15,9105
2338,光罩,5,1,4,群益金鼎-高盛,2023-11-15,9105
2453,凌群,4,0,4,群益金鼎-高盛,2023-11-15,9105
2610,華航,15,11,4,群益金鼎-高盛,2023-11-15,9105
2610,華航,290,33,257,群益金鼎-高盛,2023-11-16,9105
00933B,國泰10Y+金融債,105,2,103,群益金鼎-高盛,2023-11-16,9105
9925,新保,74,0,74,群益金鼎-高盛,2023-11-16,9105
8473,山林水,66,1,65,群益金鼎-高盛,2023-11-16,9105
1721,三晃,58,3,55,群益金鼎-高盛,2023-11-16,9105
6156,松上,53,1,52,群益金鼎-高盛,2023-11-16,9105
3260,威剛,51,0,51,群益金鼎-高盛,2023-11-16,9105
00637L,元大滬深300正2,208,161,47,群益金鼎-高盛,2023-11-16,9105
1605,華新,42,1,41,群益金鼎-高盛,2023-11-16,9105
2356,英業達,42,1,41,群益金鼎-高盛,2023-11-16,9105
00679B,元大美債20年,30,0,30,群益金鼎-高盛,2023-11-16,9105
2329,華泰,163,147,16,群益金鼎-高盛,2023-11-16,9105
00931B,統一美債20年,20,5,15,群益金鼎-高盛,2023-11-16,9105
2417,圓剛,53,39,14,群益金鼎-高盛,2023-11-16,9105
00632R,元大台灣50反1,14,1,13,群益金鼎-高盛,2023-11-16,9105
2313,華通,14,1,13,群益金鼎-高盛,2023-11-16,9105
5258,虹堡,16,4,12,群益金鼎-高盛,2023-11-16,9105
2458,義隆,12,1,11,群益金鼎-高盛,2023-11-16,9105
6139,亞翔,13,2,11,群益金鼎-高盛,2023-11-16,9105
6806,森崴能源,13,2,11,群益金鼎-高盛,2023-11-16,9105
6603,富強鑫,10,0,10,群益金鼎-高盛,2023-11-16,9105
5521,工信,10,0,10,群益金鼎-高盛,2023-11-16,9105
6284,佳邦,11,1,10,群益金鼎-高盛,2023-11-16,9105
00751B,元大AAA至A公司債,9,0,9,群益金鼎-高盛,2023-11-16,9105
2352,佳世達,9,1,8,群益金鼎-高盛,2023-11-16,9105
5512,力麒,8,0,8,群益金鼎-高盛,2023-11-16,9105
5706,鳳凰,10,3,7,群益金鼎-高盛,2023-11-16,9105
00687B,國泰20年美債,7,0,7,群益金鼎-高盛,2023-11-16,9105
3438,類比科,7,0,7,群益金鼎-高盛,2023-11-16,9105
6695,芯鼎,11,4,7,群益金鼎-高盛,2023-11-16,9105
2425,承啟,6,0,6,群益金鼎-高盛,2023-11-16,9105
2606,裕民,11,5,6,群益金鼎-高盛,2023-11-16,9105
3694,海華,8,2,6,群益金鼎-高盛,2023-11-16,9105
6201,亞弘電,6,0,6,群益金鼎-高盛,2023-11-16,9105
6456,GIS-KY,11,5,6,群益金鼎-高盛,2023-11-16,9105
2454,聯發科,5,0,5,群益金鼎-高盛,2023-11-16,9105
3311,閎暉,5,0,5,群益金鼎-高盛,2023-11-16,9105
00712,復華富時不動產,8,3,5,群益金鼎-高盛,2023-11-16,9105
00720B,元大投資級公司債,5,0,5,群益金鼎-高盛,2023-11-16,9105
00919,群益台灣精選高息,7,2,5,群益金鼎-高盛,2023-11-16,9105
2303,聯電,10,5,5,群益金鼎-高盛,2023-11-16,9105
3305,昇貿,7,2,5,群益金鼎-高盛,2023-11-16,9105
3518,柏騰,7,2,5,群益金鼎-高盛,2023-11-16,9105
6104,創惟,5,0,5,群益金鼎-高盛,2023-11-16,9105
3017,奇鋐,7,3,4,群益金鼎-高盛,2023-11-16,9105
1713,國化,4,0,4,群益金鼎-高盛,2023-11-16,9105
2324,仁寶,4,0,4,群益金鼎-高盛,2023-11-16,9105
2338,光罩,4,0,4,群益金鼎-高盛,2023-11-16,9105
2369,菱生,13,9,4,群益金鼎-高盛,2023-11-16,9105
3094,聯傑,5,1,4,群益金鼎-高盛,2023-11-16,9105
3312,弘憶股,150,0,150,群益金鼎-高盛,2023-11-17,9105
3260,威剛,75,3,72,群益金鼎-高盛,2023-11-17,9105
00715L,期街口布蘭特正2,71,0,71,群益金鼎-高盛,2023-11-17,9105
00632R,元大台灣50反1,61,1,60,群益金鼎-高盛,2023-11-17,9105
2344,華邦電,80,21,59,群益金鼎-高盛,2023-11-17,9105
2027,大成鋼,53,0,53,群益金鼎-高盛,2023-11-17,9105
8473,山林水,53,0,53,群益金鼎-高盛,2023-11-17,9105
2337,旺宏,50,0,50,群益金鼎-高盛,2023-11-17,9105
6770,力積電,52,3,49,群益金鼎-高盛,2023-11-17,9105
1102,亞泥,50,2,48,群益金鼎-高盛,2023-11-17,9105
00637L,元大滬深300正2,109,66,43,群益金鼎-高盛,2023-11-17,9105
1815,富喬,49,6,43,群益金鼎-高盛,2023-11-17,9105
2317,鴻海,58,17,41,群益金鼎-高盛,2023-11-17,9105
00633L,富邦上証正2,33,0,33,群益金鼎-高盛,2023-11-17,9105
8928,鉅明,33,0,33,群益金鼎-高盛,2023-11-17,9105
3041,揚智,170,138,32,群益金鼎-高盛,2023-11-17,9105
8068,全達,32,2,30,群益金鼎-高盛,2023-11-17,9105
00931B,統一美債20年,28,1,27,群益金鼎-高盛,2023-11-17,9105
2515,中工,20,0,20,群益金鼎-高盛,2023-11-17,9105
3706,神達,27,7,20,群益金鼎-高盛,2023-11-17,9105
1785,光洋科,20,1,19,群益金鼎-高盛,2023-11-17,9105
3545,敦泰,27,8,19,群益金鼎-高盛,2023-11-17,9105
9907,統一實,18,0,18,群益金鼎-高盛,2023-11-17,9105
00680L,元大美債20正2,15,2,13,群益金鼎-高盛,2023-11-17,9105
2405,輔信,17,5,12,群益金鼎-高盛,2023-11-17,9105
6203,海韻電,12,0,12,群益金鼎-高盛,2023-11-17,9105
2607,榮運,11,0,11,群益金鼎-高盛,2023-11-17,9105
8033,雷虎,11,0,11,群益金鼎-高盛,2023-11-17,9105
1471,首利,10,0,10,群益金鼎-高盛,2023-11-17,9105
1584,精剛,11,1,10,群益金鼎-高盛,2023-11-17,9105
3588,通嘉,13,3,10,群益金鼎-高盛,2023-11-17,9105
5465,富驊,10,0,10,群益金鼎-高盛,2023-11-17,9105
6005,群益證,10,0,10,群益金鼎-高盛,2023-11-17,9105
00885,富邦越南,10,0,10,群益金鼎-高盛,2023-11-17,9105
2355,敬鵬,25,15,10,群益金鼎-高盛,2023-11-17,9105
2493,揚博,9,0,9,群益金鼎-高盛,2023-11-17,9105
4906,正文,9,0,9,群益金鼎-高盛,2023-11-17,9105
4746,台耀,11,3,8,群益金鼎-高盛,2023-11-17,9105
00712,復華富時不動產,7,0,7,群益金鼎-高盛,2023-11-17,9105
3163,波若威,19,12,7,群益金鼎-高盛,2023-11-17,9105
3122,笙泉,18,11,7,群益金鼎-高盛,2023-11-17,9105
6125,廣運,16,9,7,群益金鼎-高盛,2023-11-17,9105
2303,聯電,53,47,6,群益金鼎-高盛,2023-11-17,9105
3217,優群,12,5,7,群益金鼎-高盛,2023-11-17,9105
00679B,元大美債20年,6,0,6,群益金鼎-高盛,2023-11-17,9105
2065,世豐,6,0,6,群益金鼎-高盛,2023-11-17,9105
6118,建達,7,1,6,群益金鼎-高盛,2023-11-17,9105
3265,台星科,8,2,6,群益金鼎-高盛,2023-11-17,9105
00878,國泰永續高股息,6,1,5,群益金鼎-高盛,2023-11-17,9105
2314,台揚,5,0,5,群益金鼎-高盛,2023-11-17,9105
00931B,統一美債20年,408,1,407,群益金鼎-高盛,2023-11-20,9105
8473,山林水,76,0,76,群益金鼎-高盛,2023-11-20,9105
00929,復華台灣科技優息,74,22,52,群益金鼎-高盛,2023-11-20,9105
2618,長榮航,45,11,34,群益金鼎-高盛,2023-11-20,9105
5521,工信,30,2,28,群益金鼎-高盛,2023-11-20,9105
2890,永豐金,41,20,21,群益金鼎-高盛,2023-11-20,9105
6282,康舒,20,0,20,群益金鼎-高盛,2023-11-20,9105
2409,友達,25,6,19,群益金鼎-高盛,2023-11-20,9105
6271,同欣電,21,2,19,群益金鼎-高盛,2023-11-20,9105
2329,華泰,19,2,17,群益金鼎-高盛,2023-11-20,9105
3268,海德威,16,0,16,群益金鼎-高盛,2023-11-20,9105
1907,永豐餘,15,0,15,群益金鼎-高盛,2023-11-20,9105
6418,詠昇,17,2,15,群益金鼎-高盛,2023-11-20,9105
2458,義隆,16,1,15,群益金鼎-高盛,2023-11-20,9105
2230,泰茂,15,1,14,群益金鼎-高盛,2023-11-20,9105
2702,華園,14,0,14,群益金鼎-高盛,2023-11-20,9105
6806,森崴能源,14,0,14,群益金鼎-高盛,2023-11-20,9105
00679B,元大美債20年,13,0,13,群益金鼎-高盛,2023-11-20,9105
2344,華邦電,22,9,13,群益金鼎-高盛,2023-11-20,9105
9925,新保,13,0,13,群益金鼎-高盛,2023-11-20,9105
00900,富邦特選高股息30,12,0,12,群益金鼎-高盛,2023-11-20,9105
00712,復華富時不動產,11,0,11,群益金鼎-高盛,2023-11-20,9105
6695,芯鼎,26,15,11,群益金鼎-高盛,2023-11-20,9105
2002,中鋼,11,0,11,群益金鼎-高盛,2023-11-20,9105
2301,光寶科,10,0,10,群益金鼎-高盛,2023-11-20,9105
1733,五鼎,10,0,10,群益金鼎-高盛,2023-11-20,9105
2443,昶虹,10,0,10,群益金鼎-高盛,2023-11-20,9105
3362,先進光,10,0,10,群益金鼎-高盛,2023-11-20,9105
3441,聯一光,12,2,10,群益金鼎-高盛,2023-11-20,9105
2498,宏達電,12,2,10,群益金鼎-高盛,2023-11-20,9105
00633L,富邦上証正2,30,21,9,群益金鼎-高盛,2023-11-20,9105
6901,鑽石投資,10,1,9,群益金鼎-高盛,2023-11-20,9105
3587,閎康,8,0,8,群益金鼎-高盛,2023-11-20,9105
00885,富邦越南,18,10,8,群益金鼎-高盛,2023-11-20,9105
2337,旺宏,10,2,8,群益金鼎-高盛,2023-11-20,9105
2338,光罩,10,2,8,群益金鼎-高盛,2023-11-20,9105
2453,凌群,8,0,8,群益金鼎-高盛,2023-11-20,9105
3325,旭品,8,0,8,群益金鼎-高盛,2023-11-20,9105
3379,彬台,8,0,8,群益金鼎-高盛,2023-11-20,9105
4906,正文,8,0,8,群益金鼎-高盛,2023-11-20,9105
2380,虹光,8,0,8,群益金鼎-高盛,2023-11-20,9105
2731,雄獅,9,2,7,群益金鼎-高盛,2023-11-20,9105
3450,聯鈞,9,2,7,群益金鼎-高盛,2023-11-20,9105
2449,京元電子,7,0,7,群益金鼎-高盛,2023-11-20,9105
3376,新日興,7,1,6,群益金鼎-高盛,2023-11-20,9105
1314,中石化,6,0,6,群益金鼎-高盛,2023-11-20,9105
00687B,國泰20年美債,6,0,6,群益金鼎-高盛,2023-11-20,9105
00669R,國泰美國道瓊反1,6,0,6,群益金鼎-高盛,2023-11-20,9105
2114,鑫永銓,6,0,6,群益金鼎-高盛,2023-11-20,9105
8093,保銳,6,0,6,群益金鼎-高盛,2023-11-20,9105
00632R,元大台灣50反1,202,5,197,群益金鼎-高盛,2023-11-21,9105
00680L,元大美債20正2,120,10,110,群益金鼎-高盛,2023-11-21,9105
2609,陽明,100,1,99,群益金鼎-高盛,2023-11-21,9105
00671R,富邦NASDAQ反1,80,0,80,群益金鼎-高盛,2023-11-21,9105
4109,加捷生醫,70,0,70,群益金鼎-高盛,2023-11-21,9105
6275,元山,65,0,65,群益金鼎-高盛,2023-11-21,9105
6271,同欣電,42,1,41,群益金鼎-高盛,2023-11-21,9105
2493,揚博,41,0,41,群益金鼎-高盛,2023-11-21,9105
2618,長榮航,42,7,35,群益金鼎-高盛,2023-11-21,9105
2363,矽統,51,16,35,群益金鼎-高盛,2023-11-21,9105
3149,正達,39,7,32,群益金鼎-高盛,2023-11-21,9105
3231,緯創,42,18,24,群益金鼎-高盛,2023-11-21,9105
2408,南亞科,20,0,20,群益金鼎-高盛,2023-11-21,9105
6603,富強鑫,20,0,20,群益金鼎-高盛,2023-11-21,9105
2344,華邦電,25,6,19,群益金鼎-高盛,2023-11-21,9105
3036,文曄,15,0,15,群益金鼎-高盛,2023-11-21,9105
2417,圓剛,16,2,14,群益金鼎-高盛,2023-11-21,9105
9925,新保,14,0,14,群益金鼎-高盛,2023-11-21,9105
3059,華晶科,19,6,13,群益金鼎-高盛,2023-11-21,9105
2542,興富發,13,0,13,群益金鼎-高盛,2023-11-21,9105
4906,正文,15,2,13,群益金鼎-高盛,2023-11-21,9105
2314,台揚,12,0,12,群益金鼎-高盛,2023-11-21,9105
2484,希華,12,0,12,群益金鼎-高盛,2023-11-21,9105
2489,瑞軒,12,0,12,群益金鼎-高盛,2023-11-21,9105
3483,力致,25,13,12,群益金鼎-高盛,2023-11-21,9105
3715,定穎投控,24,12,12,群益金鼎-高盛,2023-11-21,9105
8054,安國,24,12,12,群益金鼎-高盛,2023-11-21,9105
2603,長榮,12,1,11,群益金鼎-高盛,2023-11-21,9105
3062,建漢,25,14,11,群益金鼎-高盛,2023-11-21,9105
6233,旺玖,21,10,11,群益金鼎-高盛,2023-11-21,9105
8473,山林水,12,1,11,群益金鼎-高盛,2023-11-21,9105
5210,寶碩,12,1,11,群益金鼎-高盛,2023-11-21,9105
00882,中信中國高股息,10,0,10,群益金鼎-高盛,2023-11-21,9105
00669R,國泰美國道瓊反1,10,0,10,群益金鼎-高盛,2023-11-21,9105
3211,順達,10,0,10,群益金鼎-高盛,2023-11-21,9105
4924,欣厚-KY,10,0,10,群益金鼎-高盛,2023-11-21,9105
6185,幃翔,10,0,10,群益金鼎-高盛,2023-11-21,9105
3025,星通,19,9,10,群益金鼎-高盛,2023-11-21,9105
6770,力積電,11,2,9,群益金鼎-高盛,2023-11-21,9105
2303,聯電,18,9,9,群益金鼎-高盛,2023-11-21,9105
2427,三商電,9,0,9,群益金鼎-高盛,2023-11-21,9105
5465,富驊,31,22,9,群益金鼎-高盛,2023-11-21,9105
6488,環球晶,9,0,9,群益金鼎-高盛,2023-11-21,9105
5289,宜鼎,8,0,8,群益金鼎-高盛,2023-11-21,9105
00673R,期元大S＆P原油反1,8,0,8,群益金鼎-高盛,2023-11-21,9105
1795,美時,11,3,8,群益金鼎-高盛,2023-11-21,9105
3450,聯鈞,12,4,8,群益金鼎-高盛,2023-11-21,9105
8011,台通,8,0,8,群益金鼎-高盛,2023-11-21,9105
2337,旺宏,7,0,7,群益金鼎-高盛,2023-11-21,9105
3363,上詮,19,12,7,群益金鼎-高盛,2023-11-21,9105
4109,加捷生醫,196,0,196,群益金鼎-高盛,2023-11-22,9105
2027,大成鋼,152,1,151,群益金鼎-高盛,2023-11-22,9105
2353,宏��,130,0,130,群益金鼎-高盛,2023-11-22,9105
00882,中信中國高股息,100,0,100,群益金鼎-高盛,2023-11-22,9105
00637L,元大滬深300正2,189,117,72,群益金鼎-高盛,2023-11-22,9105
00671R,富邦NASDAQ反1,70,0,70,群益金鼎-高盛,2023-11-22,9105
3231,緯創,50,8,42,群益金鼎-高盛,2023-11-22,9105
3260,威剛,40,0,40,群益金鼎-高盛,2023-11-22,9105
9925,新保,40,0,40,群益金鼎-高盛,2023-11-22,9105
2356,英業達,50,16,34,群益金鼎-高盛,2023-11-22,9105
2515,中工,31,1,30,群益金鼎-高盛,2023-11-22,9105
4967,十銓,37,9,28,群益金鼎-高盛,2023-11-22,9105
5351,鈺創,32,12,20,群益金鼎-高盛,2023-11-22,9105
6417,韋僑,18,0,18,群益金鼎-高盛,2023-11-22,9105
2002,中鋼,36,19,17,群益金鼎-高盛,2023-11-22,9105
00919,群益台灣精選高息,17,0,17,群益金鼎-高盛,2023-11-22,9105
2313,華通,34,17,17,群益金鼎-高盛,2023-11-22,9105
2382,廣達,24,8,16,群益金鼎-高盛,2023-11-22,9105
2614,東森,16,1,15,群益金鼎-高盛,2023-11-22,9105
3149,正達,14,0,14,群益金鼎-高盛,2023-11-22,9105
00905,FT臺灣Smart,18,5,13,群益金鼎-高盛,2023-11-22,9105
2364,倫飛,14,1,13,群益金鼎-高盛,2023-11-22,9105
00878,國泰永續高股息,12,0,12,群益金鼎-高盛,2023-11-22,9105
2516,新建,11,0,11,群益金鼎-高盛,2023-11-22,9105
2376,技嘉,13,3,10,群益金鼎-高盛,2023-11-22,9105
2301,光寶科,11,1,10,群益金鼎-高盛,2023-11-22,9105
1733,五鼎,10,0,10,群益金鼎-高盛,2023-11-22,9105
2889,國票金,10,0,10,群益金鼎-高盛,2023-11-22,9105
3325,旭品,36,26,10,群益金鼎-高盛,2023-11-22,9105
5443,均豪,13,3,10,群益金鼎-高盛,2023-11-22,9105
6271,同欣電,11,1,10,群益金鼎-高盛,2023-11-22,9105
2409,友達,21,12,9,群益金鼎-高盛,2023-11-22,9105
2603,長榮,9,0,9,群益金鼎-高盛,2023-11-22,9105
1584,精剛,10,2,8,群益金鼎-高盛,2023-11-22,9105
3623,富晶通,13,5,8,群益金鼎-高盛,2023-11-22,9105
5426,振發,8,0,8,群益金鼎-高盛,2023-11-22,9105
6129,普誠,20,12,8,群益金鼎-高盛,2023-11-22,9105
6719,力智,12,4,8,群益金鼎-高盛,2023-11-22,9105
2380,虹光,7,0,7,群益金鼎-高盛,2023-11-22,9105
00673R,期元大S＆P原油反1,6,0,6,群益金鼎-高盛,2023-11-22,9105
1449,佳和,6,0,6,群益金鼎-高盛,2023-11-22,9105
1616,億泰,11,5,6,群益金鼎-高盛,2023-11-22,9105
3051,力特,7,1,6,群益金鼎-高盛,2023-11-22,9105
3443,創意,10,4,6,群益金鼎-高盛,2023-11-22,9105
2610,華航,25,20,5,群益金鼎-高盛,2023-11-22,9105
5225,東科-KY,9,4,5,群益金鼎-高盛,2023-11-22,9105
1609,大亞,6,1,5,群益金鼎-高盛,2023-11-22,9105
2393,億光,5,0,5,群益金鼎-高盛,2023-11-22,9105
2412,中華電,5,0,5,群益金鼎-高盛,2023-11-22,9105
4915,致伸,5,0,5,群益金鼎-高盛,2023-11-22,9105
2027,大成鋼,150,0,150,群益金鼎-高盛,2023-11-23,9105
2017,官田鋼,101,0,101,群益金鼎-高盛,2023-11-23,9105
1314,中石化,100,0,100,群益金鼎-高盛,2023-11-23,9105
00715L,期街口布蘭特正2,64,0,64,群益金鼎-高盛,2023-11-23,9105
1301,台塑,51,1,50,群益金鼎-高盛,2023-11-23,9105
00671R,富邦NASDAQ反1,50,0,50,群益金鼎-高盛,2023-11-23,9105
6770,力積電,52,2,50,群益金鼎-高盛,2023-11-23,9105
2504,國產,50,2,48,群益金鼎-高盛,2023-11-23,9105
00637L,元大滬深300正2,61,30,31,群益金鼎-高盛,2023-11-23,9105
00885,富邦越南,30,0,30,群益金鼎-高盛,2023-11-23,9105
1616,億泰,40,10,30,群益金鼎-高盛,2023-11-23,9105
2344,華邦電,36,8,28,群益金鼎-高盛,2023-11-23,9105
6233,旺玖,26,1,25,群益金鼎-高盛,2023-11-23,9105
2376,技嘉,26,3,23,群益金鼎-高盛,2023-11-23,9105
6282,康舒,66,48,18,群益金鼎-高盛,2023-11-23,9105
6684,安格,50,34,16,群益金鼎-高盛,2023-11-23,9105
00680L,元大美債20正2,15,0,15,群益金鼎-高盛,2023-11-23,9105
2313,華通,23,8,15,群益金鼎-高盛,2023-11-23,9105
3483,力致,16,2,14,群益金鼎-高盛,2023-11-23,9105
6275,元山,15,1,14,群益金鼎-高盛,2023-11-23,9105
3231,緯創,20,7,13,群益金鼎-高盛,2023-11-23,9105
2363,矽統,47,34,13,群益金鼎-高盛,2023-11-23,9105
4908,前鼎,34,21,13,群益金鼎-高盛,2023-11-23,9105
00929,復華台灣科技優息,19,7,12,群益金鼎-高盛,2023-11-23,9105
4909,新復興,12,0,12,群益金鼎-高盛,2023-11-23,9105
6104,創惟,16,5,11,群益金鼎-高盛,2023-11-23,9105
00878,國泰永續高股息,24,13,11,群益金鼎-高盛,2023-11-23,9105
6271,同欣電,11,0,11,群益金鼎-高盛,2023-11-23,9105
2607,榮運,11,0,11,群益金鼎-高盛,2023-11-23,9105
4402,郡都開發,11,0,11,群益金鼎-高盛,2023-11-23,9105
4542,科嶠,13,2,11,群益金鼎-高盛,2023-11-23,9105
6152,百一,10,0,10,群益金鼎-高盛,2023-11-23,9105
8222,寶一,10,0,10,群益金鼎-高盛,2023-11-23,9105
6558,興能高,10,0,10,群益金鼎-高盛,2023-11-23,9105
3122,笙泉,35,25,10,群益金鼎-高盛,2023-11-23,9105
4906,正文,11,2,9,群益金鼎-高盛,2023-11-23,9105
2356,英業達,20,11,9,群益金鼎-高盛,2023-11-23,9105
2603,長榮,10,1,9,群益金鼎-高盛,2023-11-23,9105
3013,晟銘電,17,8,9,群益金鼎-高盛,2023-11-23,9105
6284,佳邦,30,21,9,群益金鼎-高盛,2023-11-23,9105
6243,迅杰,16,7,9,群益金鼎-高盛,2023-11-23,9105
00919,群益台灣精選高息,12,4,8,群益金鼎-高盛,2023-11-23,9105
00712,復華富時不動產,8,0,8,群益金鼎-高盛,2023-11-23,9105
2610,華航,72,64,8,群益金鼎-高盛,2023-11-23,9105
6547,高端疫苗,10,2,8,群益金鼎-高盛,2023-11-23,9105
00633L,富邦上証正2,7,0,7,群益金鼎-高盛,2023-11-23,9105
1809,中釉,7,0,7,群益金鼎-高盛,2023-11-23,9105
2701,萬企,7,0,7,群益金鼎-高盛,2023-11-23,9105
2476,鉅祥,10,3,7,群益金鼎-高盛,2023-11-23,9105
8358,金居,11,5,6,群益金鼎-高盛,2023-11-23,9105
00637L,元大滬深300正2,282,152,130,群益金鼎-高盛,2023-11-24,9105
2618,長榮航,138,18,120,群益金鼎-高盛,2023-11-24,9105
6770,力積電,97,0,97,群益金鼎-高盛,2023-11-24,9105
2515,中工,34,0,34,群益金鼎-高盛,2023-11-24,9105
6176,瑞儀,24,3,21,群益金鼎-高盛,2023-11-24,9105
5210,寶碩,24,3,21,群益金鼎-高盛,2023-11-24,9105
00751B,元大AAA至A公司債,20,0,20,群益金鼎-高盛,2023-11-24,9105
2206,三陽工業,20,0,20,群益金鼎-高盛,2023-11-24,9105
2303,聯電,28,8,20,群益金鼎-高盛,2023-11-24,9105
8473,山林水,18,0,18,群益金鼎-高盛,2023-11-24,9105
9925,新保,18,0,18,群益金鼎-高盛,2023-11-24,9105
1584,精剛,26,9,17,群益金鼎-高盛,2023-11-24,9105
2888,新光金,28,11,17,群益金鼎-高盛,2023-11-24,9105
6194,育富,14,0,14,群益金鼎-高盛,2023-11-24,9105
6237,驊訊,15,1,14,群益金鼎-高盛,2023-11-24,9105
00679B,元大美債20年,11,0,11,群益金鼎-高盛,2023-11-24,9105
2002,中鋼,20,9,11,群益金鼎-高盛,2023-11-24,9105
4908,前鼎,12,1,11,群益金鼎-高盛,2023-11-24,9105
4967,十銓,11,0,11,群益金鼎-高盛,2023-11-24,9105
00720B,元大投資級公司債,10,0,10,群益金鼎-高盛,2023-11-24,9105
00633L,富邦上証正2,10,0,10,群益金鼎-高盛,2023-11-24,9105
2610,華航,20,10,10,群益金鼎-高盛,2023-11-24,9105
4167,松瑞藥,10,0,10,群益金鼎-高盛,2023-11-24,9105
6168,宏齊,14,4,10,群益金鼎-高盛,2023-11-24,9105
8068,全達,11,1,10,群益金鼎-高盛,2023-11-24,9105
5483,中美晶,10,0,10,群益金鼎-高盛,2023-11-24,9105
2329,華泰,12,3,9,群益金鼎-高盛,2023-11-24,9105
2356,英業達,9,0,9,群益金鼎-高盛,2023-11-24,9105
3025,星通,13,4,9,群益金鼎-高盛,2023-11-24,9105
5009,榮剛,9,0,9,群益金鼎-高盛,2023-11-24,9105
00687B,國泰20年美債,8,0,8,群益金鼎-高盛,2023-11-24,9105
5351,鈺創,97,89,8,群益金鼎-高盛,2023-11-24,9105
6233,旺玖,8,0,8,群益金鼎-高盛,2023-11-24,9105
6442,光聖,8,0,8,群益金鼎-高盛,2023-11-24,9105
3260,威剛,12,5,7,群益金鼎-高盛,2023-11-24,9105
2369,菱生,12,5,7,群益金鼎-高盛,2023-11-24,9105
2645,長榮航太,7,1,6,群益金鼎-高盛,2023-11-24,9105
3078,僑威,7,1,6,群益金鼎-高盛,2023-11-24,9105
4541,晟田,7,1,6,群益金鼎-高盛,2023-11-24,9105
6125,廣運,10,4,6,群益金鼎-高盛,2023-11-24,9105
6235,華孚,12,6,6,群益金鼎-高盛,2023-11-24,9105
6274,台燿,6,1,5,群益金鼎-高盛,2023-11-24,9105
6508,惠光,5,0,5,群益金鼎-高盛,2023-11-24,9105
2382,廣達,6,1,5,群益金鼎-高盛,2023-11-24,9105
2498,宏達電,6,1,5,群益金鼎-高盛,2023-11-24,9105
00900,富邦特選高股息30,5,0,5,群益金鼎-高盛,2023-11-24,9105
1449,佳和,5,0,5,群益金鼎-高盛,2023-11-24,9105
1504,東元,7,2,5,群益金鼎-高盛,2023-11-24,9105
2375,凱美,7,2,5,群益金鼎-高盛,2023-11-24,9105
2641,正德,5,0,5,群益金鼎-高盛,2023-11-24,9105
2353,宏��,115,0,115,群益金鼎-高盛,2023-11-27,9105
5880,合庫金,203,100,103,群益金鼎-高盛,2023-11-27,9105
3576,聯合再生,100,2,98,群益金鼎-高盛,2023-11-27,9105
00632R,元大台灣50反1,101,8,93,群益金鼎-高盛,2023-11-27,9105
1815,富喬,96,7,89,群益金鼎-高盛,2023-11-27,9105
2890,永豐金,64,1,63,群益金鼎-高盛,2023-11-27,9105
00715L,期街口布蘭特正2,55,0,55,群益金鼎-高盛,2023-11-27,9105
3260,威剛,47,5,42,群益金鼎-高盛,2023-11-27,9105
2206,三陽工業,43,4,39,群益金鼎-高盛,2023-11-27,9105
9925,新保,39,0,39,群益金鼎-高盛,2023-11-27,9105
5258,虹堡,44,10,34,群益金鼎-高盛,2023-11-27,9105
5465,富驊,24,0,24,群益金鼎-高盛,2023-11-27,9105
00935,野村臺灣新科技50,24,0,24,群益金鼎-高盛,2023-11-27,9105
00633L,富邦上証正2,57,35,22,群益金鼎-高盛,2023-11-27,9105
3481,群創,26,4,22,群益金鼎-高盛,2023-11-27,9105
00927,群益半導體收益,20,0,20,群益金鼎-高盛,2023-11-27,9105
8473,山林水,19,0,19,群益金鼎-高盛,2023-11-27,9105
2405,輔信,17,0,17,群益金鼎-高盛,2023-11-27,9105
2313,華通,96,79,17,群益金鼎-高盛,2023-11-27,9105
00878,國泰永續高股息,18,3,15,群益金鼎-高盛,2023-11-27,9105
00929,復華台灣科技優息,28,13,15,群益金鼎-高盛,2023-11-27,9105
5009,榮剛,15,0,15,群益金鼎-高盛,2023-11-27,9105
00679B,元大美債20年,14,0,14,群益金鼎-高盛,2023-11-27,9105
9958,世紀鋼,13,0,13,群益金鼎-高盛,2023-11-27,9105
3231,緯創,22,9,13,群益金鼎-高盛,2023-11-27,9105
2303,聯電,12,0,12,群益金鼎-高盛,2023-11-27,9105
2637,慧洋-KY,16,4,12,群益金鼎-高盛,2023-11-27,9105
00650L,復華香港正2,11,0,11,群益金鼎-高盛,2023-11-27,9105
2329,華泰,31,20,11,群益金鼎-高盛,2023-11-27,9105
2610,華航,21,10,11,群益金鼎-高盛,2023-11-27,9105
1733,五鼎,10,0,10,群益金鼎-高盛,2023-11-27,9105
2332,友訊,10,0,10,群益金鼎-高盛,2023-11-27,9105
3454,晶睿,10,0,10,群益金鼎-高盛,2023-11-27,9105
3567,逸昌,10,0,10,群益金鼎-高盛,2023-11-27,9105
5347,世界,18,9,9,群益金鼎-高盛,2023-11-27,9105
00665L,富邦�琤肭磪囓�2,8,0,8,群益金鼎-高盛,2023-11-27,9105
1762,中化生,9,1,8,群益金鼎-高盛,2023-11-27,9105
2356,英業達,8,0,8,群益金鼎-高盛,2023-11-27,9105
6201,亞弘電,8,0,8,群益金鼎-高盛,2023-11-27,9105
00931B,統一美債20年,7,0,7,群益金鼎-高盛,2023-11-27,9105
2618,長榮航,7,0,7,群益金鼎-高盛,2023-11-27,9105
2457,飛宏,22,15,7,群益金鼎-高盛,2023-11-27,9105
00919,群益台灣精選高息,9,2,7,群益金鼎-高盛,2023-11-27,9105
2382,廣達,14,7,7,群益金鼎-高盛,2023-11-27,9105
00687B,國泰20年美債,6,0,6,群益金鼎-高盛,2023-11-27,9105
2630,亞航,11,5,6,群益金鼎-高盛,2023-11-27,9105
00751B,元大AAA至A公司債,6,0,6,群益金鼎-高盛,2023-11-27,9105
3047,訊舟,8,2,6,群益金鼎-高盛,2023-11-27,9105
3363,上詮,16,10,6,群益金鼎-高盛,2023-11-27,9105
4157,太景*-KY,6,0,6,群益金鼎-高盛,2023-11-27,9105
5347,世界,99,15,84,群益金鼎-高盛,2023-11-28,9105
2027,大成鋼,50,0,50,群益金鼎-高盛,2023-11-28,9105
6770,力積電,51,1,50,群益金鼎-高盛,2023-11-28,9105
2606,裕民,73,31,42,群益金鼎-高盛,2023-11-28,9105
00927,群益半導體收益,40,0,40,群益金鼎-高盛,2023-11-28,9105
2014,中鴻,41,2,39,群益金鼎-高盛,2023-11-28,9105
00935,野村臺灣新科技50,40,2,38,群益金鼎-高盛,2023-11-28,9105
00673R,期元大S＆P原油反1,31,0,31,群益金鼎-高盛,2023-11-28,9105
2702,華園,78,48,30,群益金鼎-高盛,2023-11-28,9105
00680L,元大美債20正2,31,1,30,群益金鼎-高盛,2023-11-28,9105
2351,順德,30,1,29,群益金鼎-高盛,2023-11-28,9105
2303,聯電,22,0,22,群益金鼎-高盛,2023-11-28,9105
3260,威剛,24,2,22,群益金鼎-高盛,2023-11-28,9105
1752,南光,21,0,21,群益金鼎-高盛,2023-11-28,9105
00637L,元大滬深300正2,113,93,20,群益金鼎-高盛,2023-11-28,9105
5351,鈺創,58,39,19,群益金鼎-高盛,2023-11-28,9105
6237,驊訊,25,6,19,群益金鼎-高盛,2023-11-28,9105
1101,台泥,21,4,17,群益金鼎-高盛,2023-11-28,9105
2615,萬海,18,1,17,群益金鼎-高盛,2023-11-28,9105
1102,亞泥,19,4,15,群益金鼎-高盛,2023-11-28,9105
4114,健喬,79,65,14,群益金鼎-高盛,2023-11-28,9105
3231,緯創,16,3,13,群益金鼎-高盛,2023-11-28,9105
2401,凌陽,30,18,12,群益金鼎-高盛,2023-11-28,9105
2537,聯上發,12,0,12,群益金鼎-高盛,2023-11-28,9105
2367,燿華,17,7,10,群益金鼎-高盛,2023-11-28,9105
4973,廣穎,10,0,10,群益金鼎-高盛,2023-11-28,9105
1701,中化,10,0,10,群益金鼎-高盛,2023-11-28,9105
2607,榮運,10,1,9,群益金鼎-高盛,2023-11-28,9105
3163,波若威,13,4,9,群益金鼎-高盛,2023-11-28,9105
9103,美德醫療-DR,10,1,9,群益金鼎-高盛,2023-11-28,9105
00669R,國泰美國道瓊反1,8,0,8,群益金鼎-高盛,2023-11-28,9105
4714,永捷,11,3,8,群益金鼎-高盛,2023-11-28,9105
2383,台光電,8,1,7,群益金鼎-高盛,2023-11-28,9105
00633L,富邦上証正2,27,20,7,群益金鼎-高盛,2023-11-28,9105
3694,海華,7,0,7,群益金鼎-高盛,2023-11-28,9105
2353,宏��,7,1,6,群益金鼎-高盛,2023-11-28,9105
6201,亞弘電,6,0,6,群益金鼎-高盛,2023-11-28,9105
1815,富喬,5,0,5,群益金鼎-高盛,2023-11-28,9105
2613,中櫃,5,0,5,群益金鼎-高盛,2023-11-28,9105
2820,華票,5,0,5,群益金鼎-高盛,2023-11-28,9105
5432,新門,5,0,5,群益金鼎-高盛,2023-11-28,9105
2458,義隆,5,0,5,群益金鼎-高盛,2023-11-28,9105
3037,欣興,7,2,5,群益金鼎-高盛,2023-11-28,9105
00919,群益台灣精選高息,5,0,5,群益金鼎-高盛,2023-11-28,9105
1314,中石化,5,1,4,群益金鼎-高盛,2023-11-28,9105
00878,國泰永續高股息,4,0,4,群益金鼎-高盛,2023-11-28,9105
2369,菱生,4,0,4,群益金鼎-高盛,2023-11-28,9105
2724,藝舍-KY,4,0,4,群益金鼎-高盛,2023-11-28,9105
3059,華晶科,4,0,4,群益金鼎-高盛,2023-11-28,9105
3704,合勤控,4,0,4,群益金鼎-高盛,2023-11-28,9105
3481,群創,263,0,263,群益金鼎-高盛,2023-11-29,9105
00680L,元大美債20正2,136,16,120,群益金鼎-高盛,2023-11-29,9105
2027,大成鋼,102,0,102,群益金鼎-高盛,2023-11-29,9105
3576,聯合再生,100,0,100,群益金鼎-高盛,2023-11-29,9105
00665L,富邦�琤肭磪囓�2,72,0,72,群益金鼎-高盛,2023-11-29,9105
2890,永豐金,60,0,60,群益金鼎-高盛,2023-11-29,9105
00637L,元大滬深300正2,124,68,56,群益金鼎-高盛,2023-11-29,9105
2351,順德,41,0,41,群益金鼎-高盛,2023-11-29,9105
4952,凌通,31,0,31,群益金鼎-高盛,2023-11-29,9105
3454,晶睿,30,0,30,群益金鼎-高盛,2023-11-29,9105
2065,世豐,33,8,25,群益金鼎-高盛,2023-11-29,9105
00650L,復華香港正2,102,80,22,群益金鼎-高盛,2023-11-29,9105
4956,光鋐,28,6,22,群益金鼎-高盛,2023-11-29,9105
2515,中工,20,0,20,群益金鼎-高盛,2023-11-29,9105
2605,新興,24,4,20,群益金鼎-高盛,2023-11-29,9105
6116,彩晶,20,0,20,群益金鼎-高盛,2023-11-29,9105
00915,凱基優選高股息30,18,0,18,群益金鼎-高盛,2023-11-29,9105
00931B,統一美債20年,18,0,18,群益金鼎-高盛,2023-11-29,9105
1101,台泥,15,1,14,群益金鼎-高盛,2023-11-29,9105
2383,台光電,17,4,13,群益金鼎-高盛,2023-11-29,9105
00673R,期元大S＆P原油反1,32,20,12,群益金鼎-高盛,2023-11-29,9105
1785,光洋科,12,0,12,群益金鼎-高盛,2023-11-29,9105
00919,群益台灣精選高息,21,9,12,群益金鼎-高盛,2023-11-29,9105
2603,長榮,11,0,11,群益金鼎-高盛,2023-11-29,9105
00632R,元大台灣50反1,14,3,11,群益金鼎-高盛,2023-11-29,9105
6161,捷波,13,2,11,群益金鼎-高盛,2023-11-29,9105
9925,新保,11,0,11,群益金鼎-高盛,2023-11-29,9105
00902,中信電池及儲能,10,0,10,群益金鼎-高盛,2023-11-29,9105
2369,菱生,31,21,10,群益金鼎-高盛,2023-11-29,9105
2634,漢翔,10,0,10,群益金鼎-高盛,2023-11-29,9105
3094,聯傑,13,3,10,群益金鼎-高盛,2023-11-29,9105
6173,信昌電,16,6,10,群益金鼎-高盛,2023-11-29,9105
9802,鈺齊-KY,10,0,10,群益金鼎-高盛,2023-11-29,9105
2618,長榮航,16,7,9,群益金鼎-高盛,2023-11-29,9105
1514,亞力,18,9,9,群益金鼎-高盛,2023-11-29,9105
3701,大眾控,10,2,8,群益金鼎-高盛,2023-11-29,9105
2313,華通,72,65,7,群益金鼎-高盛,2023-11-29,9105
2610,華航,7,0,7,群益金鼎-高盛,2023-11-29,9105
5258,虹堡,10,3,7,群益金鼎-高盛,2023-11-29,9105
5272,笙科,8,1,7,群益金鼎-高盛,2023-11-29,9105
00933B,國泰10Y+金融債,6,0,6,群益金鼎-高盛,2023-11-29,9105
2353,宏��,7,1,6,群益金鼎-高盛,2023-11-29,9105
3545,敦泰,19,13,6,群益金鼎-高盛,2023-11-29,9105
6530,創威,11,5,6,群益金鼎-高盛,2023-11-29,9105
6695,芯鼎,10,4,6,群益金鼎-高盛,2023-11-29,9105
8473,山林水,6,0,6,群益金鼎-高盛,2023-11-29,9105
2606,裕民,6,1,5,群益金鼎-高盛,2023-11-29,9105
4967,十銓,5,0,5,群益金鼎-高盛,2023-11-29,9105
00922,國泰台灣領袖50,5,0,5,群益金鼎-高盛,2023-11-29,9105
00720B,元大投資級公司債,5,0,5,群益金鼎-高盛,2023-11-29,9105
3231,緯創,52,1,51,群益金鼎-高盛,2023-11-30,9105
2351,順德,50,0,50,群益金鼎-高盛,2023-11-30,9105
00934,中信成長高股息,41,2,39,群益金鼎-高盛,2023-11-30,9105
2883,凱基金,54,15,39,群益金鼎-高盛,2023-11-30,9105
00919,群益台灣精選高息,26,0,26,群益金鼎-高盛,2023-11-30,9105
2369,菱生,43,22,21,群益金鼎-高盛,2023-11-30,9105
2607,榮運,20,0,20,群益金鼎-高盛,2023-11-30,9105
2611,志信,20,0,20,群益金鼎-高盛,2023-11-30,9105
9925,新保,20,0,20,群益金鼎-高盛,2023-11-30,9105
00915,凱基優選高股息30,19,0,19,群益金鼎-高盛,2023-11-30,9105
2377,微星,20,1,19,群益金鼎-高盛,2023-11-30,9105
3122,笙泉,24,6,18,群益金鼎-高盛,2023-11-30,9105
00680L,元大美債20正2,17,0,17,群益金鼎-高盛,2023-11-30,9105
00650L,復華香港正2,76,60,16,群益金鼎-高盛,2023-11-30,9105
2313,華通,29,13,16,群益金鼎-高盛,2023-11-30,9105
6248,沛波,16,0,16,群益金鼎-高盛,2023-11-30,9105
1313,聯成,15,0,15,群益金鼎-高盛,2023-11-30,9105
6139,亞翔,15,1,14,群益金鼎-高盛,2023-11-30,9105
4952,凌通,12,0,12,群益金鼎-高盛,2023-11-30,9105
5272,笙科,22,10,12,群益金鼎-高盛,2023-11-30,9105
6284,佳邦,13,1,12,群益金鼎-高盛,2023-11-30,9105
8112,至上,28,17,11,群益金鼎-高盛,2023-11-30,9105
8068,全達,13,2,11,群益金鼎-高盛,2023-11-30,9105
00936,台新永續高息中小,10,0,10,群益金鼎-高盛,2023-11-30,9105
00688L,國泰20年美債正2,10,0,10,群益金鼎-高盛,2023-11-30,9105
4766,南寶,10,0,10,群益金鼎-高盛,2023-11-30,9105
6182,合晶,11,1,10,群益金鼎-高盛,2023-11-30,9105
9802,鈺齊-KY,10,0,10,群益金鼎-高盛,2023-11-30,9105
1784,訊聯,10,1,9,群益金鼎-高盛,2023-11-30,9105
3481,群創,9,0,9,群益金鼎-高盛,2023-11-30,9105
2352,佳世達,12,3,9,群益金鼎-高盛,2023-11-30,9105
1605,華新,9,1,8,群益金鼎-高盛,2023-11-30,9105
1701,中化,8,0,8,群益金鼎-高盛,2023-11-30,9105
8054,安國,28,20,8,群益金鼎-高盛,2023-11-30,9105
5521,工信,10,2,8,群益金鼎-高盛,2023-11-30,9105
2330,台積電,7,0,7,群益金鼎-高盛,2023-11-30,9105
1723,中碳,7,0,7,群益金鼎-高盛,2023-11-30,9105
2353,宏��,7,0,7,群益金鼎-高盛,2023-11-30,9105
3311,閎暉,8,1,7,群益金鼎-高盛,2023-11-30,9105
4721,美琪瑪,10,3,7,群益金鼎-高盛,2023-11-30,9105
00679B,元大美債20年,7,0,7,群益金鼎-高盛,2023-11-30,9105
1101,台泥,15,8,7,群益金鼎-高盛,2023-11-30,9105
2356,英業達,14,8,6,群益金鼎-高盛,2023-11-30,9105
2332,友訊,7,1,6,群益金鼎-高盛,2023-11-30,9105
2405,輔信,6,0,6,群益金鼎-高盛,2023-11-30,9105
2618,長榮航,9,3,6,群益金鼎-高盛,2023-11-30,9105
2724,藝舍-KY,6,0,6,群益金鼎-高盛,2023-11-30,9105
2838,聯邦銀,6,0,6,群益金鼎-高盛,2023-11-30,9105
4142,國光生,6,0,6,群益金鼎-高盛,2023-11-30,9105
4979,華星光,8,2,6,群益金鼎-高盛,2023-11-30,9105
00680L,元大美債20正2,202,1,201,群益金鼎-高盛,2023-12-01,9105
5880,合庫金,200,0,200,群益金鼎-高盛,2023-12-01,9105
9105,泰金寶-DR,200,0,200,群益金鼎-高盛,2023-12-01,9105
2883,凱基金,135,0,135,群益金鼎-高盛,2023-12-01,9105
2317,鴻海,110,1,109,群益金鼎-高盛,2023-12-01,9105
2324,仁寶,108,0,108,群益金鼎-高盛,2023-12-01,9105
00919,群益台灣精選高息,116,14,102,群益金鼎-高盛,2023-12-01,9105
00931B,統一美債20年,105,4,101,群益金鼎-高盛,2023-12-01,9105
2002,中鋼,104,6,98,群益金鼎-高盛,2023-12-01,9105
2017,官田鋼,71,0,71,群益金鼎-高盛,2023-12-01,9105
00715L,期街口布蘭特正2,60,0,60,群益金鼎-高盛,2023-12-01,9105
8150,南茂,55,0,55,群益金鼎-高盛,2023-12-01,9105
9945,潤泰新,50,0,50,群益金鼎-高盛,2023-12-01,9105
5328,華容,77,28,49,群益金鼎-高盛,2023-12-01,9105
2303,聯電,56,8,48,群益金鼎-高盛,2023-12-01,9105
9925,新保,42,0,42,群益金鼎-高盛,2023-12-01,9105
2890,永豐金,42,0,42,群益金鼎-高盛,2023-12-01,9105
3374,精材,41,0,41,群益金鼎-高盛,2023-12-01,9105
3041,揚智,47,11,36,群益金鼎-高盛,2023-12-01,9105
4109,加捷生醫,37,1,36,群益金鼎-高盛,2023-12-01,9105
5347,世界,32,0,32,群益金鼎-高盛,2023-12-01,9105
2344,華邦電,38,7,31,群益金鼎-高盛,2023-12-01,9105
00929,復華台灣科技優息,38,9,29,群益金鼎-高盛,2023-12-01,9105
3437,榮創,29,0,29,群益金鼎-高盛,2023-12-01,9105
00633L,富邦上証正2,48,20,28,群益金鼎-高盛,2023-12-01,9105
2618,長榮航,57,29,28,群益金鼎-高盛,2023-12-01,9105
00637L,元大滬深300正2,169,142,27,群益金鼎-高盛,2023-12-01,9105
00720B,元大投資級公司債,26,0,26,群益金鼎-高盛,2023-12-01,9105
1101,台泥,21,0,21,群益金鼎-高盛,2023-12-01,9105
2351,順德,21,0,21,群益金鼎-高盛,2023-12-01,9105
5521,工信,20,0,20,群益金鼎-高盛,2023-12-01,9105
2611,志信,21,1,20,群益金鼎-高盛,2023-12-01,9105
2637,慧洋-KY,21,1,20,群益金鼎-高盛,2023-12-01,9105
2356,英業達,25,6,19,群益金鼎-高盛,2023-12-01,9105
8473,山林水,19,0,19,群益金鼎-高盛,2023-12-01,9105
5258,虹堡,22,4,18,群益金鼎-高盛,2023-12-01,9105
00795B,中信美國公債20年,18,0,18,群益金鼎-高盛,2023-12-01,9105
6789,采鈺,19,2,17,群益金鼎-高盛,2023-12-01,9105
3479,安勤,18,1,17,群益金鼎-高盛,2023-12-01,9105
2367,燿華,34,18,16,群益金鼎-高盛,2023-12-01,9105
00679B,元大美債20年,15,0,15,群益金鼎-高盛,2023-12-01,9105
00650L,復華香港正2,75,60,15,群益金鼎-高盛,2023-12-01,9105
4967,十銓,16,2,14,群益金鼎-高盛,2023-12-01,9105
2376,技嘉,21,7,14,群益金鼎-高盛,2023-12-01,9105
5351,鈺創,27,13,14,群益金鼎-高盛,2023-12-01,9105
00632R,元大台灣50反1,12,0,12,群益金鼎-高盛,2023-12-01,9105
6470,宇智,12,0,12,群益金鼎-高盛,2023-12-01,9105
00669R,國泰美國道瓊反1,10,0,10,群益金鼎-高盛,2023-12-01,9105
1616,億泰,10,0,10,群益金鼎-高盛,2023-12-01,9105
3317,尼克森,10,0,10,群益金鼎-高盛,2023-12-01,9105
00680L,元大美債20正2,240,15,225,群益金鼎-高盛,2023-12-04,9105
3481,群創,180,23,157,群益金鼎-高盛,2023-12-04,9105
3576,聯合再生,101,0,101,群益金鼎-高盛,2023-12-04,9105
00715L,期街口布蘭特正2,79,0,79,群益金鼎-高盛,2023-12-04,9105
1617,榮星,50,0,50,群益金鼎-高盛,2023-12-04,9105
3013,晟銘電,99,50,49,群益金鼎-高盛,2023-12-04,9105
3231,緯創,43,8,35,群益金鼎-高盛,2023-12-04,9105
2883,凱基金,42,12,30,群益金鼎-高盛,2023-12-04,9105
5706,鳳凰,30,0,30,群益金鼎-高盛,2023-12-04,9105
2630,亞航,32,2,30,群益金鼎-高盛,2023-12-04,9105
2493,揚博,29,0,29,群益金鼎-高盛,2023-12-04,9105
2363,矽統,36,10,26,群益金鼎-高盛,2023-12-04,9105
9925,新保,26,0,26,群益金鼎-高盛,2023-12-04,9105
1781,合世,20,0,20,群益金鼎-高盛,2023-12-04,9105
3455,由田,30,10,20,群益金鼎-高盛,2023-12-04,9105
5512,力麒,20,0,20,群益金鼎-高盛,2023-12-04,9105
6248,沛波,20,0,20,群益金鼎-高盛,2023-12-04,9105
2867,三商壽,20,2,18,群益金鼎-高盛,2023-12-04,9105
6120,達運,16,0,16,群益金鼎-高盛,2023-12-04,9105
6691,洋基工程,16,0,16,群益金鼎-高盛,2023-12-04,9105
00915,凱基優選高股息30,15,0,15,群益金鼎-高盛,2023-12-04,9105
2017,官田鋼,15,0,15,群益金鼎-高盛,2023-12-04,9105
3706,神達,16,1,15,群益金鼎-高盛,2023-12-04,9105
1504,東元,16,2,14,群益金鼎-高盛,2023-12-04,9105
1809,中釉,17,3,14,群益金鼎-高盛,2023-12-04,9105
2313,華通,33,19,14,群益金鼎-高盛,2023-12-04,9105
00918,大華優利高填息30,13,0,13,群益金鼎-高盛,2023-12-04,9105
4939,亞電,13,0,13,群益金鼎-高盛,2023-12-04,9105
2388,威盛,14,2,12,群益金鼎-高盛,2023-12-04,9105
4109,加捷生醫,11,0,11,群益金鼎-高盛,2023-12-04,9105
2108,南帝,11,0,11,群益金鼎-高盛,2023-12-04,9105
3465,進泰電子,11,0,11,群益金鼎-高盛,2023-12-04,9105
5258,虹堡,11,0,11,群益金鼎-高盛,2023-12-04,9105
1101,台泥,10,0,10,群益金鼎-高盛,2023-12-04,9105
2707,晶華,10,0,10,群益金鼎-高盛,2023-12-04,9105
00632R,元大台灣50反1,11,1,10,群益金鼎-高盛,2023-12-04,9105
00669R,國泰美國道瓊反1,10,0,10,群益金鼎-高盛,2023-12-04,9105
00930,永豐ESG低碳高息,10,0,10,群益金鼎-高盛,2023-12-04,9105
1785,光洋科,11,1,10,群益金鼎-高盛,2023-12-04,9105
3567,逸昌,10,0,10,群益金鼎-高盛,2023-12-04,9105
4722,國精化,10,0,10,群益金鼎-高盛,2023-12-04,9105
4923,力士,10,0,10,群益金鼎-高盛,2023-12-04,9105
00929,復華台灣科技優息,10,1,9,群益金鼎-高盛,2023-12-04,9105
4952,凌通,16,7,9,群益金鼎-高盛,2023-12-04,9105
00687B,國泰20年美債,9,1,8,群益金鼎-高盛,2023-12-04,9105
2516,新建,14,6,8,群益金鼎-高盛,2023-12-04,9105
6233,旺玖,23,15,8,群益金鼎-高盛,2023-12-04,9105
00679B,元大美債20年,7,0,7,群益金鼎-高盛,2023-12-04,9105
3483,力致,7,0,7,群益金鼎-高盛,2023-12-04,9105
2352,佳世達,8,1,7,群益金鼎-高盛,2023-12-04,9105
00935,野村臺灣新科技50,203,0,203,群益金鼎-高盛,2023-12-05,9105
1781,合世,64,3,61,群益金鼎-高盛,2023-12-05,9105
00882,中信中國高股息,59,0,59,群益金鼎-高盛,2023-12-05,9105
2332,友訊,55,3,52,群益金鼎-高盛,2023-12-05,9105
3231,緯創,51,6,45,群益金鼎-高盛,2023-12-05,9105
2601,益航,53,11,42,群益金鼎-高盛,2023-12-05,9105
5347,世界,42,2,40,群益金鼎-高盛,2023-12-05,9105
1815,富喬,41,1,40,群益金鼎-高盛,2023-12-05,9105
3481,群創,139,99,40,群益金鼎-高盛,2023-12-05,9105
5521,工信,35,1,34,群益金鼎-高盛,2023-12-05,9105
5608,四維航,81,50,31,群益金鼎-高盛,2023-12-05,9105
3362,先進光,25,0,25,群益金鼎-高盛,2023-12-05,9105
00633L,富邦上証正2,23,0,23,群益金鼎-高盛,2023-12-05,9105
1609,大亞,23,0,23,群益金鼎-高盛,2023-12-05,9105
1504,東元,25,3,22,群益金鼎-高盛,2023-12-05,9105
6598,ABC-KY,20,0,20,群益金鼎-高盛,2023-12-05,9105
8473,山林水,20,0,20,群益金鼎-高盛,2023-12-05,9105
2206,三陽工業,22,3,19,群益金鼎-高盛,2023-12-05,9105
2641,正德,29,11,18,群益金鼎-高盛,2023-12-05,9105
3050,鈺德,18,1,17,群益金鼎-高盛,2023-12-05,9105
2891,中信金,16,0,16,群益金鼎-高盛,2023-12-05,9105
1605,華新,16,1,15,群益金鼎-高盛,2023-12-05,9105
00919,群益台灣精選高息,20,5,15,群益金鼎-高盛,2023-12-05,9105
2606,裕民,118,104,14,群益金鼎-高盛,2023-12-05,9105
2883,凱基金,13,0,13,群益金鼎-高盛,2023-12-05,9105
3024,憶聲,13,0,13,群益金鼎-高盛,2023-12-05,9105
2634,漢翔,13,1,12,群益金鼎-高盛,2023-12-05,9105
6531,愛普*,11,0,11,群益金鼎-高盛,2023-12-05,9105
00687B,國泰20年美債,14,3,11,群益金鼎-高盛,2023-12-05,9105
2888,新光金,11,0,11,群益金鼎-高盛,2023-12-05,9105
4171,瑞基,11,0,11,群益金鼎-高盛,2023-12-05,9105
5706,鳳凰,10,0,10,群益金鼎-高盛,2023-12-05,9105
6223,旺矽,11,1,10,群益金鼎-高盛,2023-12-05,9105
00680L,元大美債20正2,10,0,10,群益金鼎-高盛,2023-12-05,9105
00795B,中信美國公債20年,10,0,10,群益金鼎-高盛,2023-12-05,9105
1108,幸福,10,0,10,群益金鼎-高盛,2023-12-05,9105
1717,長興,10,0,10,群益金鼎-高盛,2023-12-05,9105
2303,聯電,10,0,10,群益金鼎-高盛,2023-12-05,9105
8112,至上,10,0,10,群益金鼎-高盛,2023-12-05,9105
00637L,元大滬深300正2,284,275,9,群益金鼎-高盛,2023-12-05,9105
3062,建漢,10,1,9,群益金鼎-高盛,2023-12-05,9105
00738U,期元大道瓊白銀,9,0,9,群益金鼎-高盛,2023-12-05,9105
2017,官田鋼,10,1,9,群益金鼎-高盛,2023-12-05,9105
00679B,元大美債20年,13,4,9,群益金鼎-高盛,2023-12-05,9105
00933B,國泰10Y+金融債,9,0,9,群益金鼎-高盛,2023-12-05,9105
00885,富邦越南,8,0,8,群益金鼎-高盛,2023-12-05,9105
2009,第一銅,8,0,8,群益金鼎-高盛,2023-12-05,9105
2352,佳世達,9,1,8,群益金鼎-高盛,2023-12-05,9105
2367,燿華,79,71,8,群益金鼎-高盛,2023-12-05,9105
2489,瑞軒,10,2,8,群益金鼎-高盛,2023-12-05,9105
00933B,國泰10Y+金融債,120,0,120,群益金鼎-高盛,2023-12-06,9105
00937B,群益ESG投等債20,232,153,79,群益金鼎-高盛,2023-12-06,9105
00715L,期街口布蘭特正2,51,0,51,群益金鼎-高盛,2023-12-06,9105
00637L,元大滬深300正2,49,3,46,群益金鼎-高盛,2023-12-06,9105
00882,中信中國高股息,50,10,40,群益金鼎-高盛,2023-12-06,9105
00927,群益半導體收益,40,0,40,群益金鼎-高盛,2023-12-06,9105
00935,野村臺灣新科技50,40,0,40,群益金鼎-高盛,2023-12-06,9105
2611,志信,44,5,39,群益金鼎-高盛,2023-12-06,9105
00687B,國泰20年美債,38,0,38,群益金鼎-高盛,2023-12-06,9105
00900,富邦特選高股息30,37,0,37,群益金鼎-高盛,2023-12-06,9105
3363,上詮,42,11,31,群益金鼎-高盛,2023-12-06,9105
2349,錸德,31,1,30,群益金鼎-高盛,2023-12-06,9105
3406,玉晶光,30,0,30,群益金鼎-高盛,2023-12-06,9105
00665L,富邦�琤肭磪囓�2,29,0,29,群益金鼎-高盛,2023-12-06,9105
3029,零壹,28,2,26,群益金鼎-高盛,2023-12-06,9105
00688L,國泰20年美債正2,25,0,25,群益金鼎-高盛,2023-12-06,9105
6245,立端,24,0,24,群益金鼎-高盛,2023-12-06,9105
6684,安格,28,5,23,群益金鼎-高盛,2023-12-06,9105
1701,中化,18,0,18,群益金鼎-高盛,2023-12-06,9105
2605,新興,36,19,17,群益金鼎-高盛,2023-12-06,9105
00931B,統一美債20年,17,0,17,群益金鼎-高盛,2023-12-06,9105
3362,先進光,15,0,15,群益金鼎-高盛,2023-12-06,9105
4432,銘旺實,14,0,14,群益金鼎-高盛,2023-12-06,9105
3715,定穎投控,19,6,13,群益金鼎-高盛,2023-12-06,9105
4977,眾達-KY,12,0,12,群益金鼎-高盛,2023-12-06,9105
00633L,富邦上証正2,49,38,11,群益金鼎-高盛,2023-12-06,9105
2330,台積電,14,3,11,群益金鼎-高盛,2023-12-06,9105
00918,大華優利高填息30,11,0,11,群益金鼎-高盛,2023-12-06,9105
1582,信錦,21,10,11,群益金鼎-高盛,2023-12-06,9105
1717,長興,11,0,11,群益金鼎-高盛,2023-12-06,9105
3051,力特,14,3,11,群益金鼎-高盛,2023-12-06,9105
2542,興富發,13,2,11,群益金鼎-高盛,2023-12-06,9105
00919,群益台灣精選高息,12,1,11,群益金鼎-高盛,2023-12-06,9105
6531,愛普*,12,2,10,群益金鼎-高盛,2023-12-06,9105
2727,王品,10,0,10,群益金鼎-高盛,2023-12-06,9105
5706,鳳凰,10,0,10,群益金鼎-高盛,2023-12-06,9105
6142,友勁,10,0,10,群益金鼎-高盛,2023-12-06,9105
00885,富邦越南,9,0,9,群益金鼎-高盛,2023-12-06,9105
3576,聯合再生,9,0,9,群益金鼎-高盛,2023-12-06,9105
6248,沛波,9,0,9,群益金鼎-高盛,2023-12-06,9105
8112,至上,10,2,8,群益金鼎-高盛,2023-12-06,9105
2498,宏達電,9,1,8,群益金鼎-高盛,2023-12-06,9105
00680L,元大美債20正2,8,0,8,群益金鼎-高盛,2023-12-06,9105
00696B,富邦美債20年,10,2,8,群益金鼎-高盛,2023-12-06,9105
8011,台通,8,0,8,群益金鼎-高盛,2023-12-06,9105
00751B,元大AAA至A公司債,23,16,7,群益金鼎-高盛,2023-12-06,9105
1504,東元,16,9,7,群益金鼎-高盛,2023-12-06,9105
4953,緯軟,15,8,7,群益金鼎-高盛,2023-12-06,9105
2002,中鋼,7,0,7,群益金鼎-高盛,2023-12-06,9105
2338,光罩,7,0,7,群益金鼎-高盛,2023-12-06,9105
00935,野村臺灣新科技50,300,0,300,群益金鼎-高盛,2023-12-07,9105
00632R,元大台灣50反1,300,1,299,群益金鼎-高盛,2023-12-07,9105
00919,群益台灣精選高息,76,1,75,群益金鼎-高盛,2023-12-07,9105
2890,永豐金,47,0,47,群益金鼎-高盛,2023-12-07,9105
2605,新興,57,12,45,群益金鼎-高盛,2023-12-07,9105
00937B,群益ESG投等債20,61,24,37,群益金鼎-高盛,2023-12-07,9105
2377,微星,32,0,32,群益金鼎-高盛,2023-12-07,9105
3362,先進光,28,0,28,群益金鼎-高盛,2023-12-07,9105
00680L,元大美債20正2,24,1,23,群益金鼎-高盛,2023-12-07,9105
2344,華邦電,23,0,23,群益金鼎-高盛,2023-12-07,9105
4432,銘旺實,21,0,21,群益金鼎-高盛,2023-12-07,9105
00918,大華優利高填息30,20,0,20,群益金鼎-高盛,2023-12-07,9105
1471,首利,20,0,20,群益金鼎-高盛,2023-12-07,9105
2867,三商壽,20,0,20,群益金鼎-高盛,2023-12-07,9105
6116,彩晶,20,0,20,群益金鼎-高盛,2023-12-07,9105
2329,華泰,38,19,19,群益金鼎-高盛,2023-12-07,9105
6531,愛普*,17,0,17,群益金鼎-高盛,2023-12-07,9105
2882,國泰金,22,5,17,群益金鼎-高盛,2023-12-07,9105
00687B,國泰20年美債,32,16,16,群益金鼎-高盛,2023-12-07,9105
2349,錸德,16,0,16,群益金鼎-高盛,2023-12-07,9105
3374,精材,17,1,16,群益金鼎-高盛,2023-12-07,9105
3013,晟銘電,47,32,15,群益金鼎-高盛,2023-12-07,9105
1815,富喬,25,10,15,群益金鼎-高盛,2023-12-07,9105
4561,健椿,54,39,15,群益金鼎-高盛,2023-12-07,9105
8054,安國,38,23,15,群益金鼎-高盛,2023-12-07,9105
00652,富邦印度,12,0,12,群益金鼎-高盛,2023-12-07,9105
1605,華新,20,8,12,群益金鼎-高盛,2023-12-07,9105
5258,虹堡,12,0,12,群益金鼎-高盛,2023-12-07,9105
00633L,富邦上証正2,51,40,11,群益金鼎-高盛,2023-12-07,9105
1522,堤維西,40,29,11,群益金鼎-高盛,2023-12-07,9105
2457,飛宏,11,0,11,群益金鼎-高盛,2023-12-07,9105
2889,國票金,11,0,11,群益金鼎-高盛,2023-12-07,9105
9927,泰銘,11,0,11,群益金鼎-高盛,2023-12-07,9105
6789,采鈺,13,3,10,群益金鼎-高盛,2023-12-07,9105
1503,士電,19,9,10,群益金鼎-高盛,2023-12-07,9105
2610,華航,14,4,10,群益金鼎-高盛,2023-12-07,9105
5519,隆大,10,0,10,群益金鼎-高盛,2023-12-07,9105
6282,康舒,20,10,10,群益金鼎-高盛,2023-12-07,9105
00933B,國泰10Y+金融債,10,0,10,群益金鼎-高盛,2023-12-07,9105
6104,創惟,9,0,9,群益金鼎-高盛,2023-12-07,9105
2102,泰豐,8,0,8,群益金鼎-高盛,2023-12-07,9105
00900,富邦特選高股息30,8,0,8,群益金鼎-高盛,2023-12-07,9105
2367,燿華,10,2,8,群益金鼎-高盛,2023-12-07,9105
2601,益航,10,2,8,群益金鼎-高盛,2023-12-07,9105
3284,太普高,8,0,8,群益金鼎-高盛,2023-12-07,9105
6547,高端疫苗,8,0,8,群益金鼎-高盛,2023-12-07,9105
2317,鴻海,7,0,7,群益金鼎-高盛,2023-12-07,9105
2355,敬鵬,23,16,7,群益金鼎-高盛,2023-12-07,9105
2313,華通,21,14,7,群益金鼎-高盛,2023-12-07,9105
2406,國碩,7,0,7,群益金鼎-高盛,2023-12-07,9105
00931B,統一美債20年,406,10,396,群益金鼎-高盛,2023-12-08,9105
2312,金寶,201,0,201,群益金鼎-高盛,2023-12-08,9105
6005,群益證,200,0,200,群益金鼎-高盛,2023-12-08,9105
2890,永豐金,120,0,120,群益金鼎-高盛,2023-12-08,9105
00680L,元大美債20正2,101,0,101,群益金鼎-高盛,2023-12-08,9105
00919,群益台灣精選高息,84,0,84,群益金鼎-高盛,2023-12-08,9105
00753L,中信中國50正2,135,60,75,群益金鼎-高盛,2023-12-08,9105
2605,新興,90,30,60,群益金鼎-高盛,2023-12-08,9105
3363,上詮,50,4,46,群益金鼎-高盛,2023-12-08,9105
3406,玉晶光,45,0,45,群益金鼎-高盛,2023-12-08,9105
00687B,國泰20年美債,38,0,38,群益金鼎-高盛,2023-12-08,9105
3362,先進光,39,3,36,群益金鼎-高盛,2023-12-08,9105
6116,彩晶,32,0,32,群益金鼎-高盛,2023-12-08,9105
2609,陽明,27,1,26,群益金鼎-高盛,2023-12-08,9105
00937B,群益ESG投等債20,30,7,23,群益金鼎-高盛,2023-12-08,9105
6577,勁豐,33,10,23,群益金鼎-高盛,2023-12-08,9105
1815,富喬,31,10,21,群益金鼎-高盛,2023-12-08,9105
1432,大魯閣,20,0,20,群益金鼎-高盛,2023-12-08,9105
00715L,期街口布蘭特正2,19,0,19,群益金鼎-高盛,2023-12-08,9105
2402,毅嘉,30,11,19,群益金鼎-高盛,2023-12-08,9105
2611,志信,22,3,19,群益金鼎-高盛,2023-12-08,9105
00650L,復華香港正2,20,3,17,群益金鼎-高盛,2023-12-08,9105
3481,群創,19,2,17,群益金鼎-高盛,2023-12-08,9105
3013,晟銘電,21,6,15,群益金鼎-高盛,2023-12-08,9105
1608,華榮,22,8,14,群益金鼎-高盛,2023-12-08,9105
2329,華泰,26,13,13,群益金鼎-高盛,2023-12-08,9105
5521,工信,13,0,13,群益金鼎-高盛,2023-12-08,9105
1568,倉佑,15,3,12,群益金鼎-高盛,2023-12-08,9105
1609,大亞,16,4,12,群益金鼎-高盛,2023-12-08,9105
2014,中鴻,13,2,11,群益金鼎-高盛,2023-12-08,9105
00720B,元大投資級公司債,11,0,11,群益金鼎-高盛,2023-12-08,9105
1612,宏泰,11,0,11,群益金鼎-高盛,2023-12-08,9105
3163,波若威,11,0,11,群益金鼎-高盛,2023-12-08,9105
6233,旺玖,14,3,11,群益金鼎-高盛,2023-12-08,9105
00673R,期元大S＆P原油反1,10,0,10,群益金鼎-高盛,2023-12-08,9105
1504,東元,10,0,10,群益金鼎-高盛,2023-12-08,9105
2017,官田鋼,10,0,10,群益金鼎-高盛,2023-12-08,9105
2515,中工,10,0,10,群益金鼎-高盛,2023-12-08,9105
2707,晶華,10,0,10,群益金鼎-高盛,2023-12-08,9105
2727,王品,10,0,10,群益金鼎-高盛,2023-12-08,9105
2888,新光金,10,0,10,群益金鼎-高盛,2023-12-08,9105
4121,優盛,10,0,10,群益金鼎-高盛,2023-12-08,9105
6443,元晶,10,0,10,群益金鼎-高盛,2023-12-08,9105
2413,環科,9,0,9,群益金鼎-高盛,2023-12-08,9105
4906,正文,9,1,8,群益金鼎-高盛,2023-12-08,9105
2303,聯電,9,1,8,群益金鼎-高盛,2023-12-08,9105
00633L,富邦上証正2,40,32,8,群益金鼎-高盛,2023-12-08,9105
2882,國泰金,8,0,8,群益金鼎-高盛,2023-12-08,9105
4167,松瑞藥,9,1,8,群益金鼎-高盛,2023-12-08,9105
6237,驊訊,16,8,8,群益金鼎-高盛,2023-12-08,9105
00632R,元大台灣50反1,260,0,260,群益金鼎-高盛,2023-12-11,9105
2882,國泰金,119,0,119,群益金鼎-高盛,2023-12-11,9105
00680L,元大美債20正2,121,2,119,群益金鼎-高盛,2023-12-11,9105
00919,群益台灣精選高息,102,0,102,群益金鼎-高盛,2023-12-11,9105
3576,聯合再生,100,0,100,群益金鼎-高盛,2023-12-11,9105
2027,大成鋼,92,0,92,群益金鼎-高盛,2023-12-11,9105
8096,擎亞,70,0,70,群益金鼎-高盛,2023-12-11,9105
3362,先進光,63,0,63,群益金鼎-高盛,2023-12-11,9105
2002,中鋼,51,0,51,群益金鼎-高盛,2023-12-11,9105
00706L,期元大S＆P日圓正2,53,3,50,群益金鼎-高盛,2023-12-11,9105
00715L,期街口布蘭特正2,40,0,40,群益金鼎-高盛,2023-12-11,9105
00688L,國泰20年美債正2,38,0,38,群益金鼎-高盛,2023-12-11,9105
5351,鈺創,56,25,31,群益金鼎-高盛,2023-12-11,9105
6116,彩晶,31,1,30,群益金鼎-高盛,2023-12-11,9105
00687B,國泰20年美債,29,0,29,群益金鼎-高盛,2023-12-11,9105
3078,僑威,33,4,29,群益金鼎-高盛,2023-12-11,9105
2605,新興,39,13,26,群益金鼎-高盛,2023-12-11,9105
00712,復華富時不動產,25,0,25,群益金鼎-高盛,2023-12-11,9105
5465,富驊,28,7,21,群益金鼎-高盛,2023-12-11,9105
00674R,期元大S＆P黃金反1,20,0,20,群益金鼎-高盛,2023-12-11,9105
1460,宏遠,20,0,20,群益金鼎-高盛,2023-12-11,9105
2303,聯電,20,0,20,群益金鼎-高盛,2023-12-11,9105
8358,金居,20,0,20,群益金鼎-高盛,2023-12-11,9105
8086,宏捷科,20,1,19,群益金鼎-高盛,2023-12-11,9105
2369,菱生,17,1,16,群益金鼎-高盛,2023-12-11,9105
2402,毅嘉,33,17,16,群益金鼎-高盛,2023-12-11,9105
3059,華晶科,17,2,15,群益金鼎-高盛,2023-12-11,9105
2376,技嘉,21,7,14,群益金鼎-高盛,2023-12-11,9105
6282,康舒,14,0,14,群益金鼎-高盛,2023-12-11,9105
00665L,富邦�琤肭磪囓�2,12,0,12,群益金鼎-高盛,2023-12-11,9105
1713,國化,12,0,12,群益金鼎-高盛,2023-12-11,9105
2417,圓剛,14,2,12,群益金鼎-高盛,2023-12-11,9105
3438,類比科,16,5,11,群益金鼎-高盛,2023-12-11,9105
00929,復華台灣科技優息,17,6,11,群益金鼎-高盛,2023-12-11,9105
00633L,富邦上証正2,11,0,11,群益金鼎-高盛,2023-12-11,9105
3094,聯傑,13,2,11,群益金鼎-高盛,2023-12-11,9105
6104,創惟,11,0,11,群益金鼎-高盛,2023-12-11,9105
00673R,期元大S＆P原油反1,10,0,10,群益金鼎-高盛,2023-12-11,9105
00891,中信關鍵半導體,10,0,10,群益金鼎-高盛,2023-12-11,9105
1417,嘉裕,10,0,10,群益金鼎-高盛,2023-12-11,9105
2888,新光金,10,0,10,群益金鼎-高盛,2023-12-11,9105
3005,神基,10,0,10,群益金鼎-高盛,2023-12-11,9105
4915,致伸,10,0,10,群益金鼎-高盛,2023-12-11,9105
5258,虹堡,12,3,9,群益金鼎-高盛,2023-12-11,9105
00738U,期元大道瓊白銀,8,0,8,群益金鼎-高盛,2023-12-11,9105
3311,閎暉,8,0,8,群益金鼎-高盛,2023-12-11,9105
00937B,群益ESG投等債20,25,17,8,群益金鼎-高盛,2023-12-11,9105
00878,國泰永續高股息,8,0,8,群益金鼎-高盛,2023-12-11,9105
1616,億泰,7,0,7,群益金鼎-高盛,2023-12-11,9105
00751B,元大AAA至A公司債,7,0,7,群益金鼎-高盛,2023-12-11,9105
00919,群益台灣精選高息,168,4,164,群益金鼎-高盛,2023-12-12,9105
00637L,元大滬深300正2,101,1,100,群益金鼎-高盛,2023-12-12,9105
5009,榮剛,92,1,91,群益金鼎-高盛,2023-12-12,9105
1102,亞泥,80,1,79,群益金鼎-高盛,2023-12-12,9105
00882,中信中國高股息,51,0,51,群益金鼎-高盛,2023-12-12,9105
3362,先進光,44,0,44,群益金鼎-高盛,2023-12-12,9105
8027,鈦昇,43,0,43,群益金鼎-高盛,2023-12-12,9105
5521,工信,98,57,41,群益金鼎-高盛,2023-12-12,9105
00937B,群益ESG投等債20,51,12,39,群益金鼎-高盛,2023-12-12,9105
00878,國泰永續高股息,39,14,25,群益金鼎-高盛,2023-12-12,9105
3438,類比科,28,4,24,群益金鼎-高盛,2023-12-12,9105
2377,微星,21,0,21,群益金鼎-高盛,2023-12-12,9105
00918,大華優利高填息30,20,0,20,群益金鼎-高盛,2023-12-12,9105
00885,富邦越南,20,0,20,群益金鼎-高盛,2023-12-12,9105
4432,銘旺實,20,0,20,群益金鼎-高盛,2023-12-12,9105
6116,彩晶,22,2,20,群益金鼎-高盛,2023-12-12,9105
8068,全達,25,5,20,群益金鼎-高盛,2023-12-12,9105
3481,群創,24,5,19,群益金鼎-高盛,2023-12-12,9105
00753L,中信中國50正2,18,0,18,群益金鼎-高盛,2023-12-12,9105
2363,矽統,42,24,18,群益金鼎-高盛,2023-12-12,9105
3443,創意,19,1,18,群益金鼎-高盛,2023-12-12,9105
2610,華航,19,1,18,群益金鼎-高盛,2023-12-12,9105
2702,華園,18,2,16,群益金鼎-高盛,2023-12-12,9105
00680L,元大美債20正2,14,0,14,群益金鼎-高盛,2023-12-12,9105
00929,復華台灣科技優息,22,9,13,群益金鼎-高盛,2023-12-12,9105
2108,南帝,13,0,13,群益金鼎-高盛,2023-12-12,9105
6668,中揚光,17,4,13,群益金鼎-高盛,2023-12-12,9105
0056,元大高股息,13,0,13,群益金鼎-高盛,2023-12-12,9105
1815,富喬,14,2,12,群益金鼎-高盛,2023-12-12,9105
3032,偉訓,12,0,12,群益金鼎-高盛,2023-12-12,9105
3231,緯創,13,2,11,群益金鼎-高盛,2023-12-12,9105
1319,東陽,12,1,11,群益金鼎-高盛,2023-12-12,9105
2323,中環,11,0,11,群益金鼎-高盛,2023-12-12,9105
2409,友達,13,2,11,群益金鼎-高盛,2023-12-12,9105
2883,凱基金,19,8,11,群益金鼎-高盛,2023-12-12,9105
4967,十銓,28,17,11,群益金鼎-高盛,2023-12-12,9105
2867,三商壽,12,1,11,群益金鼎-高盛,2023-12-12,9105
1605,華新,25,14,11,群益金鼎-高盛,2023-12-12,9105
6285,啟��,35,24,11,群益金鼎-高盛,2023-12-12,9105
2606,裕民,11,1,10,群益金鼎-高盛,2023-12-12,9105
00665L,富邦�琤肭磪囓�2,10,0,10,群益金鼎-高盛,2023-12-12,9105
1108,幸福,10,0,10,群益金鼎-高盛,2023-12-12,9105
1219,福壽,10,0,10,群益金鼎-高盛,2023-12-12,9105
2443,昶虹,10,0,10,群益金鼎-高盛,2023-12-12,9105
2516,新建,11,1,10,群益金鼎-高盛,2023-12-12,9105
2618,長榮航,14,4,10,群益金鼎-高盛,2023-12-12,9105
3712,永崴投控,22,12,10,群益金鼎-高盛,2023-12-12,9105
9929,秋雨,10,0,10,群益金鼎-高盛,2023-12-12,9105
6015,宏遠證,10,0,10,群益金鼎-高盛,2023-12-12,9105
00687B,國泰20年美債,9,0,9,群益金鼎-高盛,2023-12-12,9105
00933B,國泰10Y+金融債,310,0,310,群益金鼎-高盛,2023-12-13,9105
00919,群益台灣精選高息,104,23,81,群益金鼎-高盛,2023-12-13,9105
00715L,期街口布蘭特正2,67,3,64,群益金鼎-高盛,2023-12-13,9105
3362,先進光,43,2,41,群益金鼎-高盛,2023-12-13,9105
2002,中鋼,36,0,36,群益金鼎-高盛,2023-12-13,9105
2609,陽明,31,2,29,群益金鼎-高盛,2023-12-13,9105
3706,神達,42,17,25,群益金鼎-高盛,2023-12-13,9105
00918,大華優利高填息30,24,0,24,群益金鼎-高盛,2023-12-13,9105
1785,光洋科,23,1,22,群益金鼎-高盛,2023-12-13,9105
1609,大亞,22,1,21,群益金鼎-高盛,2023-12-13,9105
5388,中磊,27,6,21,群益金鼎-高盛,2023-12-13,9105
2377,微星,20,0,20,群益金鼎-高盛,2023-12-13,9105
00688L,國泰20年美債正2,20,0,20,群益金鼎-高盛,2023-12-13,9105
00712,復華富時不動產,17,0,17,群益金鼎-高盛,2023-12-13,9105
9925,新保,15,0,15,群益金鼎-高盛,2023-12-13,9105
1584,精剛,66,52,14,群益金鼎-高盛,2023-12-13,9105
6104,創惟,13,1,12,群益金鼎-高盛,2023-12-13,9105
2402,毅嘉,25,13,12,群益金鼎-高盛,2023-12-13,9105
00642U,期元大S＆P石油,11,0,11,群益金鼎-高盛,2023-12-13,9105
6282,康舒,15,4,11,群益金鼎-高盛,2023-12-13,9105
5285,界霖,11,0,11,群益金鼎-高盛,2023-12-13,9105
6531,愛普*,12,1,11,群益金鼎-高盛,2023-12-13,9105
00669R,國泰美國道瓊反1,10,0,10,群益金鼎-高盛,2023-12-13,9105
2362,藍天,10,0,10,群益金鼎-高盛,2023-12-13,9105
2417,圓剛,11,1,10,群益金鼎-高盛,2023-12-13,9105
6168,宏齊,10,0,10,群益金鼎-高盛,2023-12-13,9105
6548,長科*,10,0,10,群益金鼎-高盛,2023-12-13,9105
9907,統一實,10,0,10,群益金鼎-高盛,2023-12-13,9105
2382,廣達,10,1,9,群益金鼎-高盛,2023-12-13,9105
2882,國泰金,12,3,9,群益金鼎-高盛,2023-12-13,9105
00687B,國泰20年美債,11,2,9,群益金鼎-高盛,2023-12-13,9105
3051,力特,14,6,8,群益金鼎-高盛,2023-12-13,9105
6139,亞翔,13,5,8,群益金鼎-高盛,2023-12-13,9105
5426,振發,12,5,7,群益金鼎-高盛,2023-12-13,9105
00936,台新永續高息中小,7,0,7,群益金鼎-高盛,2023-12-13,9105
2457,飛宏,9,2,7,群益金鼎-高盛,2023-12-13,9105
1513,中興電,10,4,6,群益金鼎-高盛,2023-12-13,9105
3131,弘塑,6,0,6,群益金鼎-高盛,2023-12-13,9105
6150,撼訊,7,1,6,群益金鼎-高盛,2023-12-13,9105
6916,華凌,6,0,6,群益金鼎-高盛,2023-12-13,9105
5210,寶碩,6,0,6,群益金鼎-高盛,2023-12-13,9105
3715,定穎投控,11,6,5,群益金鼎-高盛,2023-12-13,9105
3019,亞光,10,5,5,群益金鼎-高盛,2023-12-13,9105
1718,中纖,5,0,5,群益金鼎-高盛,2023-12-13,9105
00637L,元大滬深300正2,228,223,5,群益金鼎-高盛,2023-12-13,9105
00665L,富邦�琤肭磪囓�2,5,0,5,群益金鼎-高盛,2023-12-13,9105
2030,彰源,5,0,5,群益金鼎-高盛,2023-12-13,9105
2383,台光電,5,0,5,群益金鼎-高盛,2023-12-13,9105
2460,建通,5,0,5,群益金鼎-高盛,2023-12-13,9105
2537,聯上發,5,0,5,群益金鼎-高盛,2023-12-13,9105
00680L,元大美債20正2,273,6,267,群益金鼎-高盛,2023-12-14,9105
00632R,元大台灣50反1,127,6,121,群益金鼎-高盛,2023-12-14,9105
6271,同欣電,91,1,90,群益金鼎-高盛,2023-12-14,9105
2349,錸德,69,0,69,群益金鼎-高盛,2023-12-14,9105
2365,昆盈,68,15,53,群益金鼎-高盛,2023-12-14,9105
6668,中揚光,37,5,32,群益金鼎-高盛,2023-12-14,9105
1806,冠軍,30,0,30,群益金鼎-高盛,2023-12-14,9105
2851,中再保,30,0,30,群益金鼎-高盛,2023-12-14,9105
5426,振發,48,18,30,群益金鼎-高盛,2023-12-14,9105
3481,群創,30,3,27,群益金鼎-高盛,2023-12-14,9105
00936,台新永續高息中小,27,0,27,群益金鼎-高盛,2023-12-14,9105
00688L,國泰20年美債正2,31,5,26,群益金鼎-高盛,2023-12-14,9105
00665L,富邦�琤肭磪囓�2,24,0,24,群益金鼎-高盛,2023-12-14,9105
00720B,元大投資級公司債,23,0,23,群益金鼎-高盛,2023-12-14,9105
00753L,中信中國50正2,23,0,23,群益金鼎-高盛,2023-12-14,9105
3362,先進光,33,10,23,群益金鼎-高盛,2023-12-14,9105
2377,微星,21,0,21,群益金鼎-高盛,2023-12-14,9105
00637L,元大滬深300正2,21,3,18,群益金鼎-高盛,2023-12-14,9105
1524,耿鼎,22,4,18,群益金鼎-高盛,2023-12-14,9105
2324,仁寶,23,5,18,群益金鼎-高盛,2023-12-14,9105
3094,聯傑,24,6,18,群益金鼎-高盛,2023-12-14,9105
3231,緯創,35,19,16,群益金鼎-高盛,2023-12-14,9105
4908,前鼎,15,1,14,群益金鼎-高盛,2023-12-14,9105
2892,第一金,17,3,14,群益金鼎-高盛,2023-12-14,9105
2344,華邦電,48,35,13,群益金鼎-高盛,2023-12-14,9105
2412,中華電,20,7,13,群益金鼎-高盛,2023-12-14,9105
00669R,國泰美國道瓊反1,12,0,12,群益金鼎-高盛,2023-12-14,9105
1809,中釉,12,0,12,群益金鼎-高盛,2023-12-14,9105
1609,大亞,12,1,11,群益金鼎-高盛,2023-12-14,9105
2516,新建,12,1,11,群益金鼎-高盛,2023-12-14,9105
5328,華容,13,2,11,群益金鼎-高盛,2023-12-14,9105
6209,今國光,18,7,11,群益金鼎-高盛,2023-12-14,9105
2002,中鋼,15,4,11,群益金鼎-高盛,2023-12-14,9105
00929,復華台灣科技優息,33,23,10,群益金鼎-高盛,2023-12-14,9105
2609,陽明,13,3,10,群益金鼎-高盛,2023-12-14,9105
00751B,元大AAA至A公司債,10,0,10,群益金鼎-高盛,2023-12-14,9105
3605,宏致,10,0,10,群益金鼎-高盛,2023-12-14,9105
4432,銘旺實,10,0,10,群益金鼎-高盛,2023-12-14,9105
4529,淳紳,10,0,10,群益金鼎-高盛,2023-12-14,9105
6108,競國,10,0,10,群益金鼎-高盛,2023-12-14,9105
3372,典範,13,4,9,群益金鼎-高盛,2023-12-14,9105
00923,群益台ESG低碳50,11,2,9,群益金鼎-高盛,2023-12-14,9105
1802,台玻,10,1,9,群益金鼎-高盛,2023-12-14,9105
6231,系微,14,5,9,群益金鼎-高盛,2023-12-14,9105
00673R,期元大S＆P原油反1,8,0,8,群益金鼎-高盛,2023-12-14,9105
2017,官田鋼,8,0,8,群益金鼎-高盛,2023-12-14,9105
2352,佳世達,13,5,8,群益金鼎-高盛,2023-12-14,9105
5871,中租-KY,9,1,8,群益金鼎-高盛,2023-12-14,9105
6204,艾華,10,2,8,群益金鼎-高盛,2023-12-14,9105
8996,高力,9,2,7,群益金鼎-高盛,2023-12-14,9105
00918,大華優利高填息30,335,0,335,群益金鼎-高盛,2023-12-15,9105
3231,緯創,162,1,161,群益金鼎-高盛,2023-12-15,9105
1815,富喬,160,0,160,群益金鼎-高盛,2023-12-15,9105
1584,精剛,146,27,119,群益金鼎-高盛,2023-12-15,9105
00919,群益台灣精選高息,189,80,109,群益金鼎-高盛,2023-12-15,9105
00671R,富邦NASDAQ反1,100,0,100,群益金鼎-高盛,2023-12-15,9105
2883,凱基金,100,21,79,群益金鼎-高盛,2023-12-15,9105
00687B,國泰20年美債,69,2,67,群益金鼎-高盛,2023-12-15,9105
2363,矽統,169,111,58,群益金鼎-高盛,2023-12-15,9105
2356,英業達,183,133,50,群益金鼎-高盛,2023-12-15,9105
00679B,元大美債20年,49,7,42,群益金鼎-高盛,2023-12-15,9105
2034,允強,42,1,41,群益金鼎-高盛,2023-12-15,9105
8046,南電,41,0,41,群益金鼎-高盛,2023-12-15,9105
00885,富邦越南,42,5,37,群益金鼎-高盛,2023-12-15,9105
2017,官田鋼,41,4,37,群益金鼎-高盛,2023-12-15,9105
6269,台郡,33,0,33,群益金鼎-高盛,2023-12-15,9105
00662,富邦NASDAQ,32,0,32,群益金鼎-高盛,2023-12-15,9105
2888,新光金,80,52,28,群益金鼎-高盛,2023-12-15,9105
2890,永豐金,26,0,26,群益金鼎-高盛,2023-12-15,9105
00720B,元大投資級公司債,29,4,25,群益金鼎-高盛,2023-12-15,9105
00882,中信中國高股息,24,0,24,群益金鼎-高盛,2023-12-15,9105
2065,世豐,30,7,23,群益金鼎-高盛,2023-12-15,9105
3362,先進光,21,0,21,群益金鼎-高盛,2023-12-15,9105
4541,晟田,20,0,20,群益金鼎-高盛,2023-12-15,9105
9955,佳龍,20,0,20,群益金鼎-高盛,2023-12-15,9105
2402,毅嘉,20,1,19,群益金鼎-高盛,2023-12-15,9105
00673R,期元大S＆P原油反1,17,0,17,群益金鼎-高盛,2023-12-15,9105
2516,新建,18,1,17,群益金鼎-高盛,2023-12-15,9105
5608,四維航,17,0,17,群益金鼎-高盛,2023-12-15,9105
1612,宏泰,26,10,16,群益金鼎-高盛,2023-12-15,9105
2401,凌陽,14,1,13,群益金鼎-高盛,2023-12-15,9105
5515,建國,13,0,13,群益金鼎-高盛,2023-12-15,9105
6005,群益證,15,2,13,群益金鼎-高盛,2023-12-15,9105
00878,國泰永續高股息,29,17,12,群益金鼎-高盛,2023-12-15,9105
2705,六福,11,0,11,群益金鼎-高盛,2023-12-15,9105
5258,虹堡,12,1,11,群益金鼎-高盛,2023-12-15,9105
00933B,國泰10Y+金融債,10,0,10,群益金鼎-高盛,2023-12-15,9105
00637L,元大滬深300正2,10,0,10,群益金鼎-高盛,2023-12-15,9105
00753L,中信中國50正2,10,0,10,群益金鼎-高盛,2023-12-15,9105
00688L,國泰20年美債正2,10,0,10,群益金鼎-高盛,2023-12-15,9105
2365,昆盈,12,2,10,群益金鼎-高盛,2023-12-15,9105
3207,耀勝,10,0,10,群益金鼎-高盛,2023-12-15,9105
4142,國光生,10,0,10,群益金鼎-高盛,2023-12-15,9105
6509,聚和,10,0,10,群益金鼎-高盛,2023-12-15,9105
8403,盛弘,10,0,10,群益金鼎-高盛,2023-12-15,9105
2201,裕隆,9,0,9,群益金鼎-高盛,2023-12-15,9105
1312,國喬,9,0,9,群益金鼎-高盛,2023-12-15,9105
2027,大成鋼,24,15,9,群益金鼎-高盛,2023-12-15,9105
2425,承啟,33,24,9,群益金鼎-高盛,2023-12-15,9105
3013,晟銘電,13,4,9,群益金鼎-高盛,2023-12-15,9105
00937B,群益ESG投等債20,274,50,224,群益金鼎-高盛,2023-12-18,9105
00712,復華富時不動產,208,15,193,群益金鼎-高盛,2023-12-18,9105
00918,大華優利高填息30,173,11,162,群益金鼎-高盛,2023-12-18,9105
00919,群益台灣精選高息,92,4,88,群益金鼎-高盛,2023-12-18,9105
1815,富喬,80,0,80,群益金鼎-高盛,2023-12-18,9105
2206,三陽工業,57,0,57,群益金鼎-高盛,2023-12-18,9105
2356,英業達,76,34,42,群益金鼎-高盛,2023-12-18,9105
2890,永豐金,80,40,40,群益金鼎-高盛,2023-12-18,9105
2618,長榮航,53,14,39,群益金鼎-高盛,2023-12-18,9105
6271,同欣電,47,10,37,群益金鼎-高盛,2023-12-18,9105
2888,新光金,37,1,36,群益金鼎-高盛,2023-12-18,9105
1718,中纖,37,5,32,群益金鼎-高盛,2023-12-18,9105
2401,凌陽,31,2,29,群益金鼎-高盛,2023-12-18,9105
3149,正達,28,0,28,群益金鼎-高盛,2023-12-18,9105
3047,訊舟,36,11,25,群益金鼎-高盛,2023-12-18,9105
2023,燁輝,121,98,23,群益金鼎-高盛,2023-12-18,9105
2344,華邦電,52,31,21,群益金鼎-高盛,2023-12-18,9105
3362,先進光,21,0,21,群益金鼎-高盛,2023-12-18,9105
3005,神基,21,3,18,群益金鼎-高盛,2023-12-18,9105
6248,沛波,16,0,16,群益金鼎-高盛,2023-12-18,9105
2609,陽明,149,134,15,群益金鼎-高盛,2023-12-18,9105
2605,新興,40,26,14,群益金鼎-高盛,2023-12-18,9105
2601,益航,15,1,14,群益金鼎-高盛,2023-12-18,9105
00675L,富邦臺灣加權正2,13,0,13,群益金鼎-高盛,2023-12-18,9105
3623,富晶通,12,0,12,群益金鼎-高盛,2023-12-18,9105
2449,京元電子,13,2,11,群益金鼎-高盛,2023-12-18,9105
2834,臺企銀,11,0,11,群益金鼎-高盛,2023-12-18,9105
2542,興富發,11,0,11,群益金鼎-高盛,2023-12-18,9105
6414,樺漢,10,0,10,群益金鼎-高盛,2023-12-18,9105
00665L,富邦�琤肭磪囓�2,10,0,10,群益金鼎-高盛,2023-12-18,9105
3038,全台,10,0,10,群益金鼎-高盛,2023-12-18,9105
5452,佶優,10,0,10,群益金鼎-高盛,2023-12-18,9105
6770,力積電,10,0,10,群益金鼎-高盛,2023-12-18,9105
8404,百和興業-KY,10,0,10,群益金鼎-高盛,2023-12-18,9105
2204,中華,10,1,9,群益金鼎-高盛,2023-12-18,9105
1605,華新,14,6,8,群益金鼎-高盛,2023-12-18,9105
3311,閎暉,8,0,8,群益金鼎-高盛,2023-12-18,9105
6176,瑞儀,8,0,8,群益金鼎-高盛,2023-12-18,9105
6182,合晶,8,1,7,群益金鼎-高盛,2023-12-18,9105
2412,中華電,7,0,7,群益金鼎-高盛,2023-12-18,9105
2033,佳大,9,2,7,群益金鼎-高盛,2023-12-18,9105
2548,華固,7,0,7,群益金鼎-高盛,2023-12-18,9105
00934,中信成長高股息,7,1,6,群益金鼎-高盛,2023-12-18,9105
00936,台新永續高息中小,6,0,6,群益金鼎-高盛,2023-12-18,9105
2427,三商電,6,0,6,群益金鼎-高盛,2023-12-18,9105
2610,華航,16,10,6,群益金鼎-高盛,2023-12-18,9105
1609,大亞,5,0,5,群益金鼎-高盛,2023-12-18,9105
2365,昆盈,17,12,5,群益金鼎-高盛,2023-12-18,9105
2383,台光電,5,0,5,群益金鼎-高盛,2023-12-18,9105
1309,台達化,5,0,5,群益金鼎-高盛,2023-12-18,9105
1815,富喬,136,10,126,群益金鼎-高盛,2023-12-19,9105
00919,群益台灣精選高息,120,19,101,群益金鼎-高盛,2023-12-19,9105
6456,GIS-KY,100,0,100,群益金鼎-高盛,2023-12-19,9105
00632R,元大台灣50反1,100,10,90,群益金鼎-高盛,2023-12-19,9105
00674R,期元大S＆P黃金反1,80,0,80,群益金鼎-高盛,2023-12-19,9105
00918,大華優利高填息30,67,0,67,群益金鼎-高盛,2023-12-19,9105
2883,凱基金,50,1,49,群益金鼎-高盛,2023-12-19,9105
00937B,群益ESG投等債20,43,5,38,群益金鼎-高盛,2023-12-19,9105
00885,富邦越南,30,0,30,群益金鼎-高盛,2023-12-19,9105
2356,英業達,57,29,28,群益金鼎-高盛,2023-12-19,9105
00706L,期元大S＆P日圓正2,26,0,26,群益金鼎-高盛,2023-12-19,9105
2882,國泰金,25,0,25,群益金鼎-高盛,2023-12-19,9105
2449,京元電子,30,6,24,群益金鼎-高盛,2023-12-19,9105
2609,陽明,254,231,23,群益金鼎-高盛,2023-12-19,9105
00712,復華富時不動產,24,2,22,群益金鼎-高盛,2023-12-19,9105
00751B,元大AAA至A公司債,22,1,21,群益金鼎-高盛,2023-12-19,9105
00642U,期元大S＆P石油,25,5,20,群益金鼎-高盛,2023-12-19,9105
00688L,國泰20年美債正2,19,0,19,群益金鼎-高盛,2023-12-19,9105
1514,亞力,29,10,19,群益金鼎-高盛,2023-12-19,9105
00680L,元大美債20正2,15,0,15,群益金鼎-高盛,2023-12-19,9105
2888,新光金,15,0,15,群益金鼎-高盛,2023-12-19,9105
8112,至上,18,4,14,群益金鼎-高盛,2023-12-19,9105
2409,友達,14,0,14,群益金鼎-高盛,2023-12-19,9105
3362,先進光,20,6,14,群益金鼎-高盛,2023-12-19,9105
00687B,國泰20年美債,14,1,13,群益金鼎-高盛,2023-12-19,9105
2607,榮運,21,8,13,群益金鼎-高盛,2023-12-19,9105
2208,台船,12,0,12,群益金鼎-高盛,2023-12-19,9105
1717,長興,12,0,12,群益金鼎-高盛,2023-12-19,9105
2401,凌陽,12,0,12,群益金鼎-高盛,2023-12-19,9105
2038,海光,16,4,12,群益金鼎-高盛,2023-12-19,9105
1513,中興電,13,2,11,群益金鼎-高盛,2023-12-19,9105
00665L,富邦�琤肭磪囓�2,10,0,10,群益金鼎-高盛,2023-12-19,9105
00637L,元大滬深300正2,115,105,10,群益金鼎-高盛,2023-12-19,9105
00795B,中信美國公債20年,10,0,10,群益金鼎-高盛,2023-12-19,9105
2349,錸德,10,0,10,群益金鼎-高盛,2023-12-19,9105
2457,飛宏,10,0,10,群益金鼎-高盛,2023-12-19,9105
3202,樺晟,10,0,10,群益金鼎-高盛,2023-12-19,9105
3406,玉晶光,15,5,10,群益金鼎-高盛,2023-12-19,9105
6191,精成科,11,1,10,群益金鼎-高盛,2023-12-19,9105
6248,沛波,21,11,10,群益金鼎-高盛,2023-12-19,9105
6609,瀧澤科,10,0,10,群益金鼎-高盛,2023-12-19,9105
8046,南電,11,1,10,群益金鼎-高盛,2023-12-19,9105
5880,合庫金,10,0,10,群益金鼎-高盛,2023-12-19,9105
6233,旺玖,9,0,9,群益金鼎-高盛,2023-12-19,9105
2007,燁興,21,13,8,群益金鼎-高盛,2023-12-19,9105
2906,高林,8,0,8,群益金鼎-高盛,2023-12-19,9105
3264,欣銓,9,1,8,群益金鼎-高盛,2023-12-19,9105
9919,康那香,8,0,8,群益金鼎-高盛,2023-12-19,9105
2355,敬鵬,10,3,7,群益金鼎-高盛,2023-12-19,9105
00696B,富邦美債20年,7,0,7,群益金鼎-高盛,2023-12-19,9105
00919,群益台灣精選高息,65,10,55,群益金鼎-高盛,2023-12-20,9105
2353,宏��,206,168,38,群益金鼎-高盛,2023-12-20,9105
2610,華航,40,7,33,群益金鼎-高盛,2023-12-20,9105
00937B,群益ESG投等債20,27,2,25,群益金鼎-高盛,2023-12-20,9105
00929,復華台灣科技優息,26,3,23,群益金鼎-高盛,2023-12-20,9105
00687B,國泰20年美債,23,0,23,群益金鼎-高盛,2023-12-20,9105
3706,神達,26,3,23,群益金鼎-高盛,2023-12-20,9105
2891,中信金,27,5,22,群益金鼎-高盛,2023-12-20,9105
00918,大華優利高填息30,21,3,18,群益金鼎-高盛,2023-12-20,9105
6443,元晶,29,11,18,群益金鼎-高盛,2023-12-20,9105
5521,工信,27,10,17,群益金鼎-高盛,2023-12-20,9105
2356,英業達,155,138,17,群益金鼎-高盛,2023-12-20,9105
1584,精剛,33,17,16,群益金鼎-高盛,2023-12-20,9105
00679B,元大美債20年,16,1,15,群益金鼎-高盛,2023-12-20,9105
2505,國揚,13,0,13,群益金鼎-高盛,2023-12-20,9105
2883,凱基金,12,0,12,群益金鼎-高盛,2023-12-20,9105
2377,微星,13,2,11,群益金鼎-高盛,2023-12-20,9105
2913,農林,11,0,11,群益金鼎-高盛,2023-12-20,9105
4402,郡都開發,11,0,11,群益金鼎-高盛,2023-12-20,9105
2371,大同,12,1,11,群益金鼎-高盛,2023-12-20,9105
00915,凱基優選高股息30,10,0,10,群益金鼎-高盛,2023-12-20,9105
00673R,期元大S＆P原油反1,10,0,10,群益金鼎-高盛,2023-12-20,9105
2062,橋椿,10,0,10,群益金鼎-高盛,2023-12-20,9105
2542,興富發,10,0,10,群益金鼎-高盛,2023-12-20,9105
6156,松上,10,0,10,群益金鼎-高盛,2023-12-20,9105
6116,彩晶,14,5,9,群益金鼎-高盛,2023-12-20,9105
2801,彰銀,9,0,9,群益金鼎-高盛,2023-12-20,9105
2027,大成鋼,13,4,9,群益金鼎-高盛,2023-12-20,9105
8112,至上,10,1,9,群益金鼎-高盛,2023-12-20,9105
00922,國泰台灣領袖50,8,0,8,群益金鼎-高盛,2023-12-20,9105
00680L,元大美債20正2,12,4,8,群益金鼎-高盛,2023-12-20,9105
3035,智原,15,7,8,群益金鼎-高盛,2023-12-20,9105
4440,宜新實業,8,0,8,群益金鼎-高盛,2023-12-20,9105
6271,同欣電,10,2,8,群益金鼎-高盛,2023-12-20,9105
2880,華南金,7,0,7,群益金鼎-高盛,2023-12-20,9105
00720B,元大投資級公司債,7,0,7,群益金鼎-高盛,2023-12-20,9105
2393,億光,7,0,7,群益金鼎-高盛,2023-12-20,9105
2881,富邦金,7,0,7,群益金鼎-高盛,2023-12-20,9105
6147,頎邦,9,2,7,群益金鼎-高盛,2023-12-20,9105
6233,旺玖,7,0,7,群益金鼎-高盛,2023-12-20,9105
1319,東陽,8,2,6,群益金鼎-高盛,2023-12-20,9105
1815,富喬,6,0,6,群益金鼎-高盛,2023-12-20,9105
00900,富邦特選高股息30,10,4,6,群益金鼎-高盛,2023-12-20,9105
2382,廣達,17,11,6,群益金鼎-高盛,2023-12-20,9105
0056,元大高股息,13,7,6,群益金鼎-高盛,2023-12-20,9105
6609,瀧澤科,5,0,5,群益金鼎-高盛,2023-12-20,9105
6770,力積電,5,0,5,群益金鼎-高盛,2023-12-20,9105
3037,欣興,5,0,5,群益金鼎-高盛,2023-12-20,9105
00637L,元大滬深300正2,16,11,5,群益金鼎-高盛,2023-12-20,9105
1314,中石化,5,0,5,群益金鼎-高盛,2023-12-20,9105
9105,泰金寶-DR,316,15,301,群益金鼎-高盛,2023-12-21,9105
00664R,國泰臺灣加權反1,153,0,153,群益金鼎-高盛,2023-12-21,9105
00900,富邦特選高股息30,130,0,130,群益金鼎-高盛,2023-12-21,9105
2890,永豐金,100,0,100,群益金鼎-高盛,2023-12-21,9105
00935,野村臺灣新科技50,100,0,100,群益金鼎-高盛,2023-12-21,9105
00632R,元大台灣50反1,73,2,71,群益金鼎-高盛,2023-12-21,9105
00929,復華台灣科技優息,58,0,58,群益金鼎-高盛,2023-12-21,9105
2606,裕民,57,2,55,群益金鼎-高盛,2023-12-21,9105
00919,群益台灣精選高息,53,0,53,群益金鼎-高盛,2023-12-21,9105
2888,新光金,50,0,50,群益金鼎-高盛,2023-12-21,9105
5426,振發,28,1,27,群益金鼎-高盛,2023-12-21,9105
00679B,元大美債20年,25,0,25,群益金鼎-高盛,2023-12-21,9105
3362,先進光,21,1,20,群益金鼎-高盛,2023-12-21,9105
8011,台通,20,0,20,群益金鼎-高盛,2023-12-21,9105
8112,至上,15,0,15,群益金鼎-高盛,2023-12-21,9105
2428,興勤,15,0,15,群益金鼎-高盛,2023-12-21,9105
00934,中信成長高股息,14,0,14,群益金鼎-高盛,2023-12-21,9105
00665L,富邦�琤肭磪囓�2,24,10,14,群益金鼎-高盛,2023-12-21,9105
00712,復華富時不動產,12,0,12,群益金鼎-高盛,2023-12-21,9105
2636,台驊控股,22,10,12,群益金鼎-高盛,2023-12-21,9105
6104,創惟,12,0,12,群益金鼎-高盛,2023-12-21,9105
9958,世紀鋼,12,0,12,群益金鼎-高盛,2023-12-21,9105
00680L,元大美債20正2,12,1,11,群益金鼎-高盛,2023-12-21,9105
2801,彰銀,10,0,10,群益金鼎-高盛,2023-12-21,9105
00915,凱基優選高股息30,10,0,10,群益金鼎-高盛,2023-12-21,9105
00918,大華優利高填息30,10,0,10,群益金鼎-高盛,2023-12-21,9105
00795B,中信美國公債20年,10,0,10,群益金鼎-高盛,2023-12-21,9105
1460,宏遠,10,0,10,群益金鼎-高盛,2023-12-21,9105
1504,東元,11,1,10,群益金鼎-高盛,2023-12-21,9105
1808,潤隆,10,0,10,群益金鼎-高盛,2023-12-21,9105
6462,神盾,12,2,10,群益金鼎-高盛,2023-12-21,9105
6531,愛普*,10,0,10,群益金鼎-高盛,2023-12-21,9105
2363,矽統,10,1,9,群益金鼎-高盛,2023-12-21,9105
6129,普誠,14,5,9,群益金鼎-高盛,2023-12-21,9105
6231,系微,8,0,8,群益金鼎-高盛,2023-12-21,9105
8473,山林水,8,0,8,群益金鼎-高盛,2023-12-21,9105
00688L,國泰20年美債正2,10,3,7,群益金鼎-高盛,2023-12-21,9105
1101,台泥,7,0,7,群益金鼎-高盛,2023-12-21,9105
1732,毛寶,102,95,7,群益金鼎-高盛,2023-12-21,9105
2401,凌陽,8,1,7,群益金鼎-高盛,2023-12-21,9105
2516,新建,11,4,7,群益金鼎-高盛,2023-12-21,9105
4746,台耀,9,2,7,群益金鼎-高盛,2023-12-21,9105
2330,台積電,9,2,7,群益金鼎-高盛,2023-12-21,9105
2641,正德,6,0,6,群益金鼎-高盛,2023-12-21,9105
3264,欣銓,6,0,6,群益金鼎-高盛,2023-12-21,9105
00652,富邦印度,6,0,6,群益金鼎-高盛,2023-12-21,9105
2007,燁興,14,8,6,群益金鼎-高盛,2023-12-21,9105
4167,松瑞藥,13,7,6,群益金鼎-高盛,2023-12-21,9105
2382,廣達,18,13,5,群益金鼎-高盛,2023-12-21,9105
2542,興富發,6,1,5,群益金鼎-高盛,2023-12-21,9105
00680L,元大美債20正2,141,0,141,群益金鼎-高盛,2023-12-22,9105
00929,復華台灣科技優息,60,3,57,群益金鼎-高盛,2023-12-22,9105
3481,群創,118,64,54,群益金鼎-高盛,2023-12-22,9105
1339,昭輝,50,0,50,群益金鼎-高盛,2023-12-22,9105
2705,六福,44,0,44,群益金鼎-高盛,2023-12-22,9105
00918,大華優利高填息30,32,1,31,群益金鼎-高盛,2023-12-22,9105
00687B,國泰20年美債,37,7,30,群益金鼎-高盛,2023-12-22,9105
00919,群益台灣精選高息,34,6,28,群益金鼎-高盛,2023-12-22,9105
00679B,元大美債20年,29,2,27,群益金鼎-高盛,2023-12-22,9105
5426,振發,28,2,26,群益金鼎-高盛,2023-12-22,9105
00665L,富邦�琤肭磪囓�2,24,0,24,群益金鼎-高盛,2023-12-22,9105
9917,中保科,23,0,23,群益金鼎-高盛,2023-12-22,9105
1314,中石化,42,20,22,群益金鼎-高盛,2023-12-22,9105
2441,超豐,20,0,20,群益金鼎-高盛,2023-12-22,9105
2882,國泰金,22,2,20,群益金鼎-高盛,2023-12-22,9105
2014,中鴻,23,4,19,群益金鼎-高盛,2023-12-22,9105
8050,廣積,16,0,16,群益金鼎-高盛,2023-12-22,9105
00632R,元大台灣50反1,15,0,15,群益金鼎-高盛,2023-12-22,9105
00891,中信關鍵半導體,15,0,15,群益金鼎-高盛,2023-12-22,9105
9904,寶成,13,0,13,群益金鼎-高盛,2023-12-22,9105
2382,廣達,15,3,12,群益金鼎-高盛,2023-12-22,9105
2610,華航,30,18,12,群益金鼎-高盛,2023-12-22,9105
8046,南電,11,0,11,群益金鼎-高盛,2023-12-22,9105
2324,仁寶,28,17,11,群益金鼎-高盛,2023-12-22,9105
00795B,中信美國公債20年,10,0,10,群益金鼎-高盛,2023-12-22,9105
2049,上銀,10,0,10,群益金鼎-高盛,2023-12-22,9105
6248,沛波,10,0,10,群益金鼎-高盛,2023-12-22,9105
3231,緯創,11,1,10,群益金鼎-高盛,2023-12-22,9105
2344,華邦電,65,55,10,群益金鼎-高盛,2023-12-22,9105
2515,中工,15,6,9,群益金鼎-高盛,2023-12-22,9105
2637,慧洋-KY,11,2,9,群益金鼎-高盛,2023-12-22,9105
2880,華南金,9,0,9,群益金鼎-高盛,2023-12-22,9105
3264,欣銓,10,1,9,群益金鼎-高盛,2023-12-22,9105
3325,旭品,13,4,9,群益金鼎-高盛,2023-12-22,9105
6530,創威,8,0,8,群益金鼎-高盛,2023-12-22,9105
7402,邑錡,9,1,8,群益金鼎-高盛,2023-12-22,9105
8059,凱碩,8,0,8,群益金鼎-高盛,2023-12-22,9105
00673R,期元大S＆P原油反1,8,0,8,群益金鼎-高盛,2023-12-22,9105
3059,華晶科,7,0,7,群益金鼎-高盛,2023-12-22,9105
3540,曜越,8,1,7,群益金鼎-高盛,2023-12-22,9105
00720B,元大投資級公司債,8,2,6,群益金鼎-高盛,2023-12-22,9105
2062,橋椿,6,0,6,群益金鼎-高盛,2023-12-22,9105
2331,精英,21,15,6,群益金鼎-高盛,2023-12-22,9105
3419,譁裕,6,0,6,群益金鼎-高盛,2023-12-22,9105
4906,正文,7,1,6,群益金鼎-高盛,2023-12-22,9105
4973,廣穎,9,3,6,群益金鼎-高盛,2023-12-22,9105
6609,瀧澤科,6,0,6,群益金鼎-高盛,2023-12-22,9105
1308,亞聚,5,0,5,群益金鼎-高盛,2023-12-22,9105
2376,技嘉,8,3,5,群益金鼎-高盛,2023-12-22,9105
2465,麗臺,5,0,5,群益金鼎-高盛,2023-12-22,9105
2409,友達,157,3,154,群益金鼎-高盛,2023-12-25,9105
2353,宏��,172,83,89,群益金鼎-高盛,2023-12-25,9105
00637L,元大滬深300正2,147,69,78,群益金鼎-高盛,2023-12-25,9105
1326,台化,45,0,45,群益金鼎-高盛,2023-12-25,9105
3362,先進光,40,0,40,群益金鼎-高盛,2023-12-25,9105
6456,GIS-KY,40,0,40,群益金鼎-高盛,2023-12-25,9105
00919,群益台灣精選高息,58,24,34,群益金鼎-高盛,2023-12-25,9105
2028,威致,30,0,30,群益金鼎-高盛,2023-12-25,9105
00929,復華台灣科技優息,29,1,28,群益金鼎-高盛,2023-12-25,9105
1314,中石化,26,1,25,群益金鼎-高盛,2023-12-25,9105
2027,大成鋼,25,2,23,群益金鼎-高盛,2023-12-25,9105
6271,同欣電,22,0,22,群益金鼎-高盛,2023-12-25,9105
00937B,群益ESG投等債20,28,7,21,群益金鼎-高盛,2023-12-25,9105
00680L,元大美債20正2,21,0,21,群益金鼎-高盛,2023-12-25,9105
3047,訊舟,27,6,21,群益金鼎-高盛,2023-12-25,9105
2702,華園,16,0,16,群益金鼎-高盛,2023-12-25,9105
3694,海華,17,2,15,群益金鼎-高盛,2023-12-25,9105
00632R,元大台灣50反1,15,0,15,群益金鼎-高盛,2023-12-25,9105
2324,仁寶,90,76,14,群益金鼎-高盛,2023-12-25,9105
2610,華航,67,54,13,群益金鼎-高盛,2023-12-25,9105
2615,萬海,19,6,13,群益金鼎-高盛,2023-12-25,9105
2498,宏達電,34,21,13,群益金鼎-高盛,2023-12-25,9105
1717,長興,11,0,11,群益金鼎-高盛,2023-12-25,9105
2329,華泰,12,1,11,群益金鼎-高盛,2023-12-25,9105
1213,大飲,10,0,10,群益金鼎-高盛,2023-12-25,9105
00688L,國泰20年美債正2,10,0,10,群益金鼎-高盛,2023-12-25,9105
00665L,富邦�琤肭磪囓�2,10,0,10,群益金鼎-高盛,2023-12-25,9105
1701,中化,10,0,10,群益金鼎-高盛,2023-12-25,9105
2108,南帝,10,0,10,群益金鼎-高盛,2023-12-25,9105
2617,台航,10,0,10,群益金鼎-高盛,2023-12-25,9105
2801,彰銀,10,0,10,群益金鼎-高盛,2023-12-25,9105
6223,旺矽,15,5,10,群益金鼎-高盛,2023-12-25,9105
2421,建準,16,6,10,群益金鼎-高盛,2023-12-25,9105
1815,富喬,10,1,9,群益金鼎-高盛,2023-12-25,9105
00679B,元大美債20年,8,0,8,群益金鼎-高盛,2023-12-25,9105
2014,中鴻,26,18,8,群益金鼎-高盛,2023-12-25,9105
2405,輔信,22,14,8,群益金鼎-高盛,2023-12-25,9105
2880,華南金,8,0,8,群益金鼎-高盛,2023-12-25,9105
2344,華邦電,9,2,7,群益金鼎-高盛,2023-12-25,9105
00753L,中信中國50正2,6,0,6,群益金鼎-高盛,2023-12-25,9105
2007,燁興,7,1,6,群益金鼎-高盛,2023-12-25,9105
3024,憶聲,9,3,6,群益金鼎-高盛,2023-12-25,9105
3059,華晶科,6,0,6,群益金鼎-高盛,2023-12-25,9105
5210,寶碩,6,0,6,群益金鼎-高盛,2023-12-25,9105
8088,品安,28,22,6,群益金鼎-高盛,2023-12-25,9105
1514,亞力,19,13,6,群益金鼎-高盛,2023-12-25,9105
1795,美時,5,0,5,群益金鼎-高盛,2023-12-25,9105
4763,材料-KY,5,0,5,群益金鼎-高盛,2023-12-25,9105
1218,泰山,5,0,5,群益金鼎-高盛,2023-12-25,9105
1471,首利,5,0,5,群益金鼎-高盛,2023-12-25,9105
2609,陽明,176,111,65,群益金鼎-高盛,2023-12-26,9105
5009,榮剛,51,0,51,群益金鼎-高盛,2023-12-26,9105
3362,先進光,45,0,45,群益金鼎-高盛,2023-12-26,9105
00680L,元大美債20正2,43,0,43,群益金鼎-高盛,2023-12-26,9105
2344,華邦電,54,12,42,群益金鼎-高盛,2023-12-26,9105
1584,精剛,35,4,31,群益金鼎-高盛,2023-12-26,9105
00937B,群益ESG投等債20,25,0,25,群益金鼎-高盛,2023-12-26,9105
2610,華航,39,16,23,群益金鼎-高盛,2023-12-26,9105
3041,揚智,22,8,14,群益金鼎-高盛,2023-12-26,9105
00687B,國泰20年美債,13,0,13,群益金鼎-高盛,2023-12-26,9105
6609,瀧澤科,12,0,12,群益金鼎-高盛,2023-12-26,9105
00632R,元大台灣50反1,12,0,12,群益金鼎-高盛,2023-12-26,9105
4908,前鼎,12,0,12,群益金鼎-高盛,2023-12-26,9105
2834,臺企銀,12,1,11,群益金鼎-高盛,2023-12-26,9105
00688L,國泰20年美債正2,11,0,11,群益金鼎-高盛,2023-12-26,9105
00720B,元大投資級公司債,11,0,11,群益金鼎-高盛,2023-12-26,9105
3714,富采,11,0,11,群益金鼎-高盛,2023-12-26,9105
00786B,元大10年IG銀行債,10,0,10,群益金鼎-高盛,2023-12-26,9105
00669R,國泰美國道瓊反1,10,0,10,群益金鼎-高盛,2023-12-26,9105
2009,第一銅,10,0,10,群益金鼎-高盛,2023-12-26,9105
2388,威盛,21,11,10,群益金鼎-高盛,2023-12-26,9105
2601,益航,10,0,10,群益金鼎-高盛,2023-12-26,9105
2851,中再保,10,0,10,群益金鼎-高盛,2023-12-26,9105
5272,笙科,12,2,10,群益金鼎-高盛,2023-12-26,9105
2353,宏��,59,49,10,群益金鼎-高盛,2023-12-26,9105
3305,昇貿,10,1,9,群益金鼎-高盛,2023-12-26,9105
2062,橋椿,8,0,8,群益金鼎-高盛,2023-12-26,9105
3178,公準,14,6,8,群益金鼎-高盛,2023-12-26,9105
8040,九暘,11,3,8,群益金鼎-高盛,2023-12-26,9105
2356,英業達,44,37,7,群益金鼎-高盛,2023-12-26,9105
2308,台達電,7,0,7,群益金鼎-高盛,2023-12-26,9105
3006,晶豪科,33,26,7,群益金鼎-高盛,2023-12-26,9105
3047,訊舟,10,3,7,群益金鼎-高盛,2023-12-26,9105
6120,達運,7,0,7,群益金鼎-高盛,2023-12-26,9105
2421,建準,12,5,7,群益金鼎-高盛,2023-12-26,9105
2618,長榮航,9,3,6,群益金鼎-高盛,2023-12-26,9105
2702,華園,6,0,6,群益金鼎-高盛,2023-12-26,9105
2867,三商壽,6,0,6,群益金鼎-高盛,2023-12-26,9105
8086,宏捷科,6,0,6,群益金鼎-高盛,2023-12-26,9105
8110,華東,10,4,6,群益金鼎-高盛,2023-12-26,9105
2382,廣達,6,0,6,群益金鼎-高盛,2023-12-26,9105
1514,亞力,16,11,5,群益金鼎-高盛,2023-12-26,9105
00932,兆豐永續高息等權,5,0,5,群益金鼎-高盛,2023-12-26,9105
2027,大成鋼,7,2,5,群益金鼎-高盛,2023-12-26,9105
2605,新興,6,1,5,群益金鼎-高盛,2023-12-26,9105
3532,台勝科,6,1,5,群益金鼎-高盛,2023-12-26,9105
6509,聚和,5,0,5,群益金鼎-高盛,2023-12-26,9105
00919,群益台灣精選高息,11,6,5,群益金鼎-高盛,2023-12-26,9105
2014,中鴻,8,4,4,群益金鼎-高盛,2023-12-26,9105
3264,欣銓,4,0,4,群益金鼎-高盛,2023-12-26,9105
2353,宏��,409,126,283,群益金鼎-高盛,2023-12-27,9105
00632R,元大台灣50反1,126,7,119,群益金鼎-高盛,2023-12-27,9105
00935,野村臺灣新科技50,100,0,100,群益金鼎-高盛,2023-12-27,9105
00937B,群益ESG投等債20,100,0,100,群益金鼎-高盛,2023-12-27,9105
00927,群益半導體收益,100,2,98,群益金鼎-高盛,2023-12-27,9105
2324,仁寶,153,80,73,群益金鼎-高盛,2023-12-27,9105
3576,聯合再生,50,0,50,群益金鼎-高盛,2023-12-27,9105
6668,中揚光,42,2,40,群益金鼎-高盛,2023-12-27,9105
3231,緯創,48,10,38,群益金鼎-高盛,2023-12-27,9105
2337,旺宏,51,16,35,群益金鼎-高盛,2023-12-27,9105
00652,富邦印度,32,1,31,群益金鼎-高盛,2023-12-27,9105
00650L,復華香港正2,28,0,28,群益金鼎-高盛,2023-12-27,9105
00665L,富邦�琤肭磪囓�2,25,0,25,群益金鼎-高盛,2023-12-27,9105
2618,長榮航,28,6,22,群益金鼎-高盛,2023-12-27,9105
1609,大亞,21,0,21,群益金鼎-高盛,2023-12-27,9105
3024,憶聲,21,0,21,群益金鼎-高盛,2023-12-27,9105
5521,工信,25,4,21,群益金鼎-高盛,2023-12-27,9105
4526,東台,20,0,20,群益金鼎-高盛,2023-12-27,9105
2027,大成鋼,22,3,19,群益金鼎-高盛,2023-12-27,9105
5355,佳總,19,1,18,群益金鼎-高盛,2023-12-27,9105
2014,中鴻,26,8,18,群益金鼎-高盛,2023-12-27,9105
6667,信紘科,26,9,17,群益金鼎-高盛,2023-12-27,9105
00642U,期元大S＆P石油,20,4,16,群益金鼎-高盛,2023-12-27,9105
2329,華泰,18,2,16,群益金鼎-高盛,2023-12-27,9105
2374,佳能,16,1,15,群益金鼎-高盛,2023-12-27,9105
6603,富強鑫,15,0,15,群益金鼎-高盛,2023-12-27,9105
00933B,國泰10Y+金融債,12,0,12,群益金鼎-高盛,2023-12-27,9105
6488,環球晶,12,0,12,群益金鼎-高盛,2023-12-27,9105
00673R,期元大S＆P原油反1,12,0,12,群益金鼎-高盛,2023-12-27,9105
2636,台驊控股,15,3,12,群益金鼎-高盛,2023-12-27,9105
2308,台達電,10,0,10,群益金鼎-高盛,2023-12-27,9105
2537,聯上發,10,0,10,群益金鼎-高盛,2023-12-27,9105
3005,神基,10,0,10,群益金鼎-高盛,2023-12-27,9105
3049,精金,10,0,10,群益金鼎-高盛,2023-12-27,9105
8358,金居,10,0,10,群益金鼎-高盛,2023-12-27,9105
2362,藍天,10,1,9,群益金鼎-高盛,2023-12-27,9105
4960,誠美材,12,3,9,群益金鼎-高盛,2023-12-27,9105
6129,普誠,27,18,9,群益金鼎-高盛,2023-12-27,9105
2492,華新科,11,2,9,群益金鼎-高盛,2023-12-27,9105
2405,輔信,73,65,8,群益金鼎-高盛,2023-12-27,9105
4571,鈞興-KY,7,0,7,群益金鼎-高盛,2023-12-27,9105
2331,精英,24,17,7,群益金鼎-高盛,2023-12-27,9105
2481,強茂,7,1,6,群益金鼎-高盛,2023-12-27,9105
3149,正達,6,0,6,群益金鼎-高盛,2023-12-27,9105
4933,友輝,6,0,6,群益金鼎-高盛,2023-12-27,9105
910322,康師傅-DR,5,0,5,群益金鼎-高盛,2023-12-27,9105
00931B,統一美債20年,5,0,5,群益金鼎-高盛,2023-12-27,9105
00676R,富邦臺灣加權反1,5,0,5,群益金鼎-高盛,2023-12-27,9105
3518,柏騰,5,0,5,群益金鼎-高盛,2023-12-27,9105
3605,宏致,5,0,5,群益金鼎-高盛,2023-12-27,9105
2883,凱基金,256,3,253,群益金鼎-高盛,2023-12-28,9105
2353,宏��,268,78,190,群益金鼎-高盛,2023-12-28,9105
00680L,元大美債20正2,101,0,101,群益金鼎-高盛,2023-12-28,9105
3024,憶聲,98,5,93,群益金鼎-高盛,2023-12-28,9105
00937B,群益ESG投等債20,90,0,90,群益金鼎-高盛,2023-12-28,9105
00708L,期元大S＆P黃金正2,50,0,50,群益金鼎-高盛,2023-12-28,9105
8112,至上,43,0,43,群益金鼎-高盛,2023-12-28,9105
2888,新光金,49,13,36,群益金鼎-高盛,2023-12-28,9105
00929,復華台灣科技優息,34,3,31,群益金鼎-高盛,2023-12-28,9105
00918,大華優利高填息30,30,0,30,群益金鼎-高盛,2023-12-28,9105
2409,友達,31,4,27,群益金鼎-高盛,2023-12-28,9105
00679B,元大美債20年,24,0,24,群益金鼎-高盛,2023-12-28,9105
00919,群益台灣精選高息,42,18,24,群益金鼎-高盛,2023-12-28,9105
1229,聯華,22,0,22,群益金鼎-高盛,2023-12-28,9105
2890,永豐金,21,1,20,群益金鼎-高盛,2023-12-28,9105
2405,輔信,24,7,17,群益金鼎-高盛,2023-12-28,9105
5351,鈺創,25,9,16,群益金鼎-高盛,2023-12-28,9105
5258,虹堡,15,1,14,群益金鼎-高盛,2023-12-28,9105
2365,昆盈,32,19,13,群益金鼎-高盛,2023-12-28,9105
1101,台泥,14,2,12,群益金鼎-高盛,2023-12-28,9105
00650L,復華香港正2,80,68,12,群益金鼎-高盛,2023-12-28,9105
2603,長榮,14,2,12,群益金鼎-高盛,2023-12-28,9105
6462,神盾,16,5,11,群益金鼎-高盛,2023-12-28,9105
4909,新復興,11,0,11,群益金鼎-高盛,2023-12-28,9105
1513,中興電,16,5,11,群益金鼎-高盛,2023-12-28,9105
3049,精金,10,0,10,群益金鼎-高盛,2023-12-28,9105
4414,如興,10,0,10,群益金鼎-高盛,2023-12-28,9105
6026,福邦證,10,0,10,群益金鼎-高盛,2023-12-28,9105
9950,萬國通,10,0,10,群益金鼎-高盛,2023-12-28,9105
00751B,元大AAA至A公司債,9,0,9,群益金鼎-高盛,2023-12-28,9105
4933,友輝,11,2,9,群益金鼎-高盛,2023-12-28,9105
1514,亞力,34,25,9,群益金鼎-高盛,2023-12-28,9105
2609,陽明,20,11,9,群益金鼎-高盛,2023-12-28,9105
3006,晶豪科,25,17,8,群益金鼎-高盛,2023-12-28,9105
00637L,元大滬深300正2,120,112,8,群益金鼎-高盛,2023-12-28,9105
00900,富邦特選高股息30,8,0,8,群益金鼎-高盛,2023-12-28,9105
1219,福壽,8,0,8,群益金鼎-高盛,2023-12-28,9105
3265,台星科,8,0,8,群益金鼎-高盛,2023-12-28,9105
6695,芯鼎,10,2,8,群益金鼎-高盛,2023-12-28,9105
6715,嘉基,8,0,8,群益金鼎-高盛,2023-12-28,9105
8096,擎亞,57,49,8,群益金鼎-高盛,2023-12-28,9105
1232,大統益,7,0,7,群益金鼎-高盛,2023-12-28,9105
3363,上詮,7,0,7,群益金鼎-高盛,2023-12-28,9105
5521,工信,12,5,7,群益金鼎-高盛,2023-12-28,9105
3622,洋華,6,0,6,群益金鼎-高盛,2023-12-28,9105
00885,富邦越南,6,0,6,群益金鼎-高盛,2023-12-28,9105
1319,東陽,6,0,6,群益金鼎-高盛,2023-12-28,9105
2369,菱生,6,0,6,群益金鼎-高盛,2023-12-28,9105
3338,泰碩,9,3,6,群益金鼎-高盛,2023-12-28,9105
2107,厚生,7,1,6,群益金鼎-高盛,2023-12-28,9105
00937B,群益ESG投等債20,307,0,307,群益金鼎-高盛,2023-12-29,9105
2353,宏��,210,127,83,群益金鼎-高盛,2023-12-29,9105
00900,富邦特選高股息30,60,1,59,群益金鼎-高盛,2023-12-29,9105
2308,台達電,60,1,59,群益金鼎-高盛,2023-12-29,9105
2609,陽明,65,10,55,群益金鼎-高盛,2023-12-29,9105
5426,振發,77,30,47,群益金鼎-高盛,2023-12-29,9105
00637L,元大滬深300正2,59,14,45,群益金鼎-高盛,2023-12-29,9105
3362,先進光,45,0,45,群益金鼎-高盛,2023-12-29,9105
00650L,復華香港正2,45,5,40,群益金鼎-高盛,2023-12-29,9105
2393,億光,42,3,39,群益金鼎-高盛,2023-12-29,9105
1609,大亞,35,0,35,群益金鼎-高盛,2023-12-29,9105
3006,晶豪科,63,29,34,群益金鼎-高盛,2023-12-29,9105
2913,農林,29,0,29,群益金鼎-高盛,2023-12-29,9105
5351,鈺創,31,3,28,群益金鼎-高盛,2023-12-29,9105
00919,群益台灣精選高息,27,1,26,群益金鼎-高盛,2023-12-29,9105
00929,復華台灣科技優息,29,3,26,群益金鼎-高盛,2023-12-29,9105
00642U,期元大S＆P石油,25,0,25,群益金鼎-高盛,2023-12-29,9105
00679B,元大美債20年,21,0,21,群益金鼎-高盛,2023-12-29,9105
6668,中揚光,53,32,21,群益金鼎-高盛,2023-12-29,9105
00680L,元大美債20正2,20,0,20,群益金鼎-高盛,2023-12-29,9105
2515,中工,21,1,20,群益金鼎-高盛,2023-12-29,9105
4967,十銓,55,35,20,群益金鼎-高盛,2023-12-29,9105
1514,亞力,55,39,16,群益金鼎-高盛,2023-12-29,9105
00687B,國泰20年美債,15,0,15,群益金鼎-高盛,2023-12-29,9105
6188,廣明,16,1,15,群益金鼎-高盛,2023-12-29,9105
00878,國泰永續高股息,49,36,13,群益金鼎-高盛,2023-12-29,9105
00633L,富邦上証正2,12,0,12,群益金鼎-高盛,2023-12-29,9105
1326,台化,12,0,12,群益金鼎-高盛,2023-12-29,9105
2228,劍麟,11,0,11,群益金鼎-高盛,2023-12-29,9105
2312,金寶,10,0,10,群益金鼎-高盛,2023-12-29,9105
2363,矽統,10,0,10,群益金鼎-高盛,2023-12-29,9105
5452,佶優,10,0,10,群益金鼎-高盛,2023-12-29,9105
6667,信紘科,27,18,9,群益金鼎-高盛,2023-12-29,9105
2607,榮運,10,1,9,群益金鼎-高盛,2023-12-29,9105
2889,國票金,10,1,9,群益金鼎-高盛,2023-12-29,9105
2344,華邦電,51,43,8,群益金鼎-高盛,2023-12-29,9105
00935,野村臺灣新科技50,8,0,8,群益金鼎-高盛,2023-12-29,9105
00738U,期元大道瓊白銀,8,0,8,群益金鼎-高盛,2023-12-29,9105
1616,億泰,10,2,8,群益金鼎-高盛,2023-12-29,9105
6113,亞矽,35,27,8,群益金鼎-高盛,2023-12-29,9105
2486,一詮,19,12,7,群益金鼎-高盛,2023-12-29,9105
6488,環球晶,7,0,7,群益金鼎-高盛,2023-12-29,9105
00753L,中信中國50正2,6,0,6,群益金鼎-高盛,2023-12-29,9105
2031,新光鋼,6,0,6,群益金鼎-高盛,2023-12-29,9105
3059,華晶科,10,4,6,群益金鼎-高盛,2023-12-29,9105
6202,盛群,12,6,6,群益金鼎-高盛,2023-12-29,9105
8059,凱碩,6,0,6,群益金鼎-高盛,2023-12-29,9105
1519,華城,34,29,5,群益金鼎-高盛,2023-12-29,9105
3548,兆利,6,1,5,群益金鼎-高盛,2023-12-29,9105
1436,華友聯,5,0,5,群益金鼎-高盛,2023-12-29,9105
00937B,群益ESG投等債20,342,0,342,群益金鼎-高盛,2024-01-02,9105
2891,中信金,288,0,288,群益金鼎-高盛,2024-01-02,9105
2890,永豐金,197,0,197,群益金鼎-高盛,2024-01-02,9105
00720B,元大投資級公司債,184,0,184,群益金鼎-高盛,2024-01-02,9105
00637L,元大滬深300正2,146,0,146,群益金鼎-高盛,2024-01-02,9105
2353,宏��,175,43,132,群益金鼎-高盛,2024-01-02,9105
2881,富邦金,123,0,123,群益金鼎-高盛,2024-01-02,9105
00935,野村臺灣新科技50,104,1,103,群益金鼎-高盛,2024-01-02,9105
00929,復華台灣科技優息,63,0,63,群益金鼎-高盛,2024-01-02,9105
00919,群益台灣精選高息,50,0,50,群益金鼎-高盛,2024-01-02,9105
3231,緯創,54,23,31,群益金鼎-高盛,2024-01-02,9105
2409,友達,49,18,31,群益金鼎-高盛,2024-01-02,9105
1210,大成,30,0,30,群益金鼎-高盛,2024-01-02,9105
6189,豐藝,28,0,28,群益金鼎-高盛,2024-01-02,9105
2356,英業達,32,7,25,群益金鼎-高盛,2024-01-02,9105
1444,力麗,20,0,20,群益金鼎-高盛,2024-01-02,9105
00878,國泰永續高股息,20,0,20,群益金鼎-高盛,2024-01-02,9105
00689R,國泰20年美債反1,20,0,20,群益金鼎-高盛,2024-01-02,9105
2020,美亞,20,0,20,群益金鼎-高盛,2024-01-02,9105
00753L,中信中國50正2,17,0,17,群益金鼎-高盛,2024-01-02,9105
5426,振發,25,10,15,群益金鼎-高盛,2024-01-02,9105
3706,神達,26,12,14,群益金鼎-高盛,2024-01-02,9105
00687B,國泰20年美債,13,0,13,群益金鼎-高盛,2024-01-02,9105
6770,力積電,13,0,13,群益金鼎-高盛,2024-01-02,9105
2392,正崴,12,0,12,群益金鼎-高盛,2024-01-02,9105
2606,裕民,12,0,12,群益金鼎-高盛,2024-01-02,9105
00679B,元大美債20年,13,2,11,群益金鼎-高盛,2024-01-02,9105
3481,群創,16,5,11,群益金鼎-高盛,2024-01-02,9105
2736,富野,23,12,11,群益金鼎-高盛,2024-01-02,9105
00712,復華富時不動產,10,0,10,群益金鼎-高盛,2024-01-02,9105
2308,台達電,10,0,10,群益金鼎-高盛,2024-01-02,9105
00918,大華優利高填息30,10,0,10,群益金鼎-高盛,2024-01-02,9105
1471,首利,10,0,10,群益金鼎-高盛,2024-01-02,9105
2457,飛宏,12,2,10,群益金鼎-高盛,2024-01-02,9105
2601,益航,10,0,10,群益金鼎-高盛,2024-01-02,9105
4142,國光生,10,0,10,群益金鼎-高盛,2024-01-02,9105
5452,佶優,19,9,10,群益金鼎-高盛,2024-01-02,9105
2382,廣達,9,0,9,群益金鼎-高盛,2024-01-02,9105
0056,元大高股息,9,0,9,群益金鼎-高盛,2024-01-02,9105
8096,擎亞,16,7,9,群益金鼎-高盛,2024-01-02,9105
3321,同泰,10,1,9,群益金鼎-高盛,2024-01-02,9105
2009,第一銅,8,0,8,群益金鼎-高盛,2024-01-02,9105
2314,台揚,8,0,8,群益金鼎-高盛,2024-01-02,9105
9945,潤泰新,11,3,8,群益金鼎-高盛,2024-01-02,9105
1504,東元,9,2,7,群益金鼎-高盛,2024-01-02,9105
2454,聯發科,8,1,7,群益金鼎-高盛,2024-01-02,9105
00900,富邦特選高股息30,23,16,7,群益金鼎-高盛,2024-01-02,9105
2014,中鴻,16,9,7,群益金鼎-高盛,2024-01-02,9105
8299,群聯,7,0,7,群益金鼎-高盛,2024-01-02,9105
3443,創意,7,1,6,群益金鼎-高盛,2024-01-02,9105
00900,富邦特選高股息30,388,9,379,群益金鼎-高盛,2024-01-03,9105
5880,合庫金,201,0,201,群益金鼎-高盛,2024-01-03,9105
00929,復華台灣科技優息,145,1,144,群益金鼎-高盛,2024-01-03,9105
2353,宏��,137,25,112,群益金鼎-高盛,2024-01-03,9105
00935,野村臺灣新科技50,102,0,102,群益金鼎-高盛,2024-01-03,9105
2890,永豐金,100,1,99,群益金鼎-高盛,2024-01-03,9105
00919,群益台灣精選高息,85,1,84,群益金鼎-高盛,2024-01-03,9105
00878,國泰永續高股息,67,6,61,群益金鼎-高盛,2024-01-03,9105
3576,聯合再生,50,0,50,群益金鼎-高盛,2024-01-03,9105
1301,台塑,47,1,46,群益金鼎-高盛,2024-01-03,9105
00687B,國泰20年美債,46,0,46,群益金鼎-高盛,2024-01-03,9105
0056,元大高股息,58,13,45,群益金鼎-高盛,2024-01-03,9105
00637L,元大滬深300正2,45,8,37,群益金鼎-高盛,2024-01-03,9105
2356,英業達,39,4,35,群益金鼎-高盛,2024-01-03,9105
6835,圓裕,44,12,32,群益金鼎-高盛,2024-01-03,9105
2303,聯電,32,4,28,群益金鼎-高盛,2024-01-03,9105
2913,農林,28,0,28,群益金鼎-高盛,2024-01-03,9105
00642U,期元大S＆P石油,25,0,25,群益金鼎-高盛,2024-01-03,9105
3362,先進光,25,1,24,群益金鼎-高盛,2024-01-03,9105
00753L,中信中國50正2,20,0,20,群益金鼎-高盛,2024-01-03,9105
2330,台積電,19,0,19,群益金鼎-高盛,2024-01-03,9105
2882,國泰金,18,0,18,群益金鼎-高盛,2024-01-03,9105
2065,世豐,20,2,18,群益金鼎-高盛,2024-01-03,9105
8299,群聯,17,0,17,群益金鼎-高盛,2024-01-03,9105
2352,佳世達,21,5,16,群益金鼎-高盛,2024-01-03,9105
00715L,期街口布蘭特正2,16,0,16,群益金鼎-高盛,2024-01-03,9105
00918,大華優利高填息30,15,0,15,群益金鼎-高盛,2024-01-03,9105
3711,日月光投控,16,2,14,群益金鼎-高盛,2024-01-03,9105
2454,聯發科,16,2,14,群益金鼎-高盛,2024-01-03,9105
5426,振發,50,37,13,群益金鼎-高盛,2024-01-03,9105
2331,精英,19,6,13,群益金鼎-高盛,2024-01-03,9105
5521,工信,15,3,12,群益金鼎-高盛,2024-01-03,9105
4906,正文,12,0,12,群益金鼎-高盛,2024-01-03,9105
5258,虹堡,12,0,12,群益金鼎-高盛,2024-01-03,9105
6667,信紘科,19,7,12,群益金鼎-高盛,2024-01-03,9105
3443,創意,10,0,10,群益金鼎-高盛,2024-01-03,9105
00904,新光臺灣半導體30,10,0,10,群益金鼎-高盛,2024-01-03,9105
1210,大成,10,0,10,群益金鼎-高盛,2024-01-03,9105
1439,雋揚,10,0,10,群益金鼎-高盛,2024-01-03,9105
3045,台灣大,10,0,10,群益金鼎-高盛,2024-01-03,9105
5533,皇鼎,10,0,10,群益金鼎-高盛,2024-01-03,9105
2014,中鴻,10,0,10,群益金鼎-高盛,2024-01-03,9105
00679B,元大美債20年,9,0,9,群益金鼎-高盛,2024-01-03,9105
2615,萬海,19,10,9,群益金鼎-高盛,2024-01-03,9105
2724,藝舍-KY,9,0,9,群益金鼎-高盛,2024-01-03,9105
00757,統一FANG+,8,0,8,群益金鼎-高盛,2024-01-03,9105
2702,華園,12,4,8,群益金鼎-高盛,2024-01-03,9105
5210,寶碩,8,0,8,群益金鼎-高盛,2024-01-03,9105
8086,宏捷科,11,3,8,群益金鼎-高盛,2024-01-03,9105
6163,華電網,10,2,8,群益金鼎-高盛,2024-01-03,9105
00937B,群益ESG投等債20,236,13,223,群益金鼎-高盛,2024-01-04,9105
3576,聯合再生,100,0,100,群益金鼎-高盛,2024-01-04,9105
2353,宏��,146,53,93,群益金鼎-高盛,2024-01-04,9105
9103,美德醫療-DR,102,17,85,群益金鼎-高盛,2024-01-04,9105
00637L,元大滬深300正2,85,4,81,群益金鼎-高盛,2024-01-04,9105
00929,復華台灣科技優息,69,3,66,群益金鼎-高盛,2024-01-04,9105
00927,群益半導體收益,51,0,51,群益金鼎-高盛,2024-01-04,9105
2890,永豐金,40,0,40,群益金鼎-高盛,2024-01-04,9105
6116,彩晶,40,0,40,群益金鼎-高盛,2024-01-04,9105
00919,群益台灣精選高息,38,1,37,群益金鼎-高盛,2024-01-04,9105
2065,世豐,34,0,34,群益金鼎-高盛,2024-01-04,9105
6117,迎廣,58,27,31,群益金鼎-高盛,2024-01-04,9105
3438,類比科,28,2,26,群益金鼎-高盛,2024-01-04,9105
00878,國泰永續高股息,21,0,21,群益金鼎-高盛,2024-01-04,9105
3362,先進光,21,0,21,群益金鼎-高盛,2024-01-04,9105
2324,仁寶,41,20,21,群益金鼎-高盛,2024-01-04,9105
5351,鈺創,22,2,20,群益金鼎-高盛,2024-01-04,9105
1905,華紙,20,0,20,群益金鼎-高盛,2024-01-04,9105
00725B,國泰投資級公司債,15,0,15,群益金鼎-高盛,2024-01-04,9105
2362,藍天,19,4,15,群益金鼎-高盛,2024-01-04,9105
9919,康那香,48,33,15,群益金鼎-高盛,2024-01-04,9105
00712,復華富時不動產,13,0,13,群益金鼎-高盛,2024-01-04,9105
2450,神腦,13,0,13,群益金鼎-高盛,2024-01-04,9105
5328,華容,13,0,13,群益金鼎-高盛,2024-01-04,9105
00673R,期元大S＆P原油反1,12,0,12,群益金鼎-高盛,2024-01-04,9105
3033,威健,12,0,12,群益金鼎-高盛,2024-01-04,9105
2618,長榮航,73,61,12,群益金鼎-高盛,2024-01-04,9105
2357,華碩,11,0,11,群益金鼎-高盛,2024-01-04,9105
1444,力麗,11,0,11,群益金鼎-高盛,2024-01-04,9105
6152,百一,11,0,11,群益金鼎-高盛,2024-01-04,9105
5521,工信,11,1,10,群益金鼎-高盛,2024-01-04,9105
00918,大華優利高填息30,10,0,10,群益金鼎-高盛,2024-01-04,9105
00720B,元大投資級公司債,10,0,10,群益金鼎-高盛,2024-01-04,9105
1210,大成,10,0,10,群益金鼎-高盛,2024-01-04,9105
2027,大成鋼,10,0,10,群益金鼎-高盛,2024-01-04,9105
4961,天鈺,10,0,10,群益金鼎-高盛,2024-01-04,9105
5009,榮剛,9,0,9,群益金鼎-高盛,2024-01-04,9105
00933B,國泰10Y+金融債,8,0,8,群益金鼎-高盛,2024-01-04,9105
8096,擎亞,37,29,8,群益金鼎-高盛,2024-01-04,9105
2413,環科,7,0,7,群益金鼎-高盛,2024-01-04,9105
2486,一詮,31,24,7,群益金鼎-高盛,2024-01-04,9105
3264,欣銓,7,0,7,群益金鼎-高盛,2024-01-04,9105
4906,正文,11,4,7,群益金鼎-高盛,2024-01-04,9105
6226,光鼎,7,0,7,群益金鼎-高盛,2024-01-04,9105
3037,欣興,7,0,7,群益金鼎-高盛,2024-01-04,9105
1229,聯華,6,0,6,群益金鼎-高盛,2024-01-04,9105
2702,華園,6,0,6,群益金鼎-高盛,2024-01-04,9105
4171,瑞基,6,0,6,群益金鼎-高盛,2024-01-04,9105
5426,振發,48,43,5,群益金鼎-高盛,2024-01-04,9105
2421,建準,5,0,5,群益金鼎-高盛,2024-01-04,9105
2312,金寶,335,2,333,群益金鼎-高盛,2024-01-05,9105
2353,宏��,150,51,99,群益金鼎-高盛,2024-01-05,9105
00929,復華台灣科技優息,97,1,96,群益金鼎-高盛,2024-01-05,9105
00927,群益半導體收益,79,0,79,群益金鼎-高盛,2024-01-05,9105
2101,南港,38,0,38,群益金鼎-高盛,2024-01-05,9105
2206,三陽工業,35,0,35,群益金鼎-高盛,2024-01-05,9105
00706L,期元大S＆P日圓正2,31,0,31,群益金鼎-高盛,2024-01-05,9105
2356,英業達,53,23,30,群益金鼎-高盛,2024-01-05,9105
2888,新光金,30,0,30,群益金鼎-高盛,2024-01-05,9105
2362,藍天,67,40,27,群益金鼎-高盛,2024-01-05,9105
00919,群益台灣精選高息,25,1,24,群益金鼎-高盛,2024-01-05,9105
2867,三商壽,23,0,23,群益金鼎-高盛,2024-01-05,9105
00687B,國泰20年美債,21,0,21,群益金鼎-高盛,2024-01-05,9105
00751B,元大AAA至A公司債,21,0,21,群益金鼎-高盛,2024-01-05,9105
00757,統一FANG+,21,0,21,群益金鼎-高盛,2024-01-05,9105
00904,新光臺灣半導體30,20,0,20,群益金鼎-高盛,2024-01-05,9105
8068,全達,21,1,20,群益金鼎-高盛,2024-01-05,9105
00679B,元大美債20年,20,1,19,群益金鼎-高盛,2024-01-05,9105
00937B,群益ESG投等債20,16,0,16,群益金鼎-高盛,2024-01-05,9105
6462,神盾,25,10,15,群益金鼎-高盛,2024-01-05,9105
2329,華泰,13,1,12,群益金鼎-高盛,2024-01-05,9105
3390,旭軟,23,11,12,群益金鼎-高盛,2024-01-05,9105
2392,正崴,12,0,12,群益金鼎-高盛,2024-01-05,9105
8011,台通,50,38,12,群益金鼎-高盛,2024-01-05,9105
00878,國泰永續高股息,16,5,11,群益金鼎-高盛,2024-01-05,9105
00680L,元大美債20正2,23,12,11,群益金鼎-高盛,2024-01-05,9105
1326,台化,11,0,11,群益金鼎-高盛,2024-01-05,9105
5426,振發,51,40,11,群益金鼎-高盛,2024-01-05,9105
2609,陽明,75,64,11,群益金鼎-高盛,2024-01-05,9105
00934,中信成長高股息,10,0,10,群益金鼎-高盛,2024-01-05,9105
00918,大華優利高填息30,10,0,10,群益金鼎-高盛,2024-01-05,9105
00688L,國泰20年美債正2,10,0,10,群益金鼎-高盛,2024-01-05,9105
1584,精剛,13,3,10,群益金鼎-高盛,2024-01-05,9105
1815,富喬,10,0,10,群益金鼎-高盛,2024-01-05,9105
3002,歐格,10,0,10,群益金鼎-高盛,2024-01-05,9105
5864,致和證,10,0,10,群益金鼎-高盛,2024-01-05,9105
6141,柏承,10,0,10,群益金鼎-高盛,2024-01-05,9105
6168,宏齊,10,0,10,群益金鼎-高盛,2024-01-05,9105
6169,昱泉,10,0,10,群益金鼎-高盛,2024-01-05,9105
8936,國統,10,0,10,群益金鼎-高盛,2024-01-05,9105
3363,上詮,10,0,10,群益金鼎-高盛,2024-01-05,9105
3051,力特,10,1,9,群益金鼎-高盛,2024-01-05,9105
8112,至上,9,0,9,群益金鼎-高盛,2024-01-05,9105
0056,元大高股息,8,0,8,群益金鼎-高盛,2024-01-05,9105
00720B,元大投資級公司債,10,2,8,群益金鼎-高盛,2024-01-05,9105
3260,威剛,12,6,6,群益金鼎-高盛,2024-01-05,9105
3707,漢磊,6,0,6,群益金鼎-高盛,2024-01-05,9105
8467,波力-KY,8,2,6,群益金鼎-高盛,2024-01-05,9105
2317,鴻海,6,1,5,群益金鼎-高盛,2024-01-05,9105
2344,華邦電,7,2,5,群益金鼎-高盛,2024-01-05,9105
1815,富喬,193,0,193,群益金鼎-高盛,2024-01-08,9105
00680L,元大美債20正2,168,0,168,群益金鼎-高盛,2024-01-08,9105
2353,宏��,157,50,107,群益金鼎-高盛,2024-01-08,9105
00929,復華台灣科技優息,100,0,100,群益金鼎-高盛,2024-01-08,9105
00927,群益半導體收益,76,0,76,群益金鼎-高盛,2024-01-08,9105
2890,永豐金,120,80,40,群益金鼎-高盛,2024-01-08,9105
00753L,中信中國50正2,31,1,30,群益金鼎-高盛,2024-01-08,9105
2888,新光金,30,0,30,群益金鼎-高盛,2024-01-08,9105
8034,榮群,31,3,28,群益金鼎-高盛,2024-01-08,9105
00688L,國泰20年美債正2,25,0,25,群益金鼎-高盛,2024-01-08,9105
00679B,元大美債20年,22,2,20,群益金鼎-高盛,2024-01-08,9105
1722,台肥,20,0,20,群益金鼎-高盛,2024-01-08,9105
1439,雋揚,19,0,19,群益金鼎-高盛,2024-01-08,9105
3260,威剛,22,3,19,群益金鼎-高盛,2024-01-08,9105
2388,威盛,26,9,17,群益金鼎-高盛,2024-01-08,9105
00633L,富邦上証正2,17,0,17,群益金鼎-高盛,2024-01-08,9105
00751B,元大AAA至A公司債,14,0,14,群益金鼎-高盛,2024-01-08,9105
6116,彩晶,65,51,14,群益金鼎-高盛,2024-01-08,9105
8176,智捷,13,0,13,群益金鼎-高盛,2024-01-08,9105
2891,中信金,15,4,11,群益金鼎-高盛,2024-01-08,9105
4707,磐亞,11,0,11,群益金鼎-高盛,2024-01-08,9105
00687B,國泰20年美債,11,0,11,群益金鼎-高盛,2024-01-08,9105
00937B,群益ESG投等債20,11,0,11,群益金鼎-高盛,2024-01-08,9105
00919,群益台灣精選高息,12,2,10,群益金鼎-高盛,2024-01-08,9105
2382,廣達,11,1,10,群益金鼎-高盛,2024-01-08,9105
2344,華邦電,11,1,10,群益金鼎-高盛,2024-01-08,9105
6770,力積電,20,10,10,群益金鼎-高盛,2024-01-08,9105
00720B,元大投資級公司債,10,0,10,群益金鼎-高盛,2024-01-08,9105
2328,廣宇,10,0,10,群益金鼎-高盛,2024-01-08,9105
2537,聯上發,10,0,10,群益金鼎-高盛,2024-01-08,9105
4952,凌通,11,1,10,群益金鼎-高盛,2024-01-08,9105
5530,龍巖,10,0,10,群益金鼎-高盛,2024-01-08,9105
6026,福邦證,10,0,10,群益金鼎-高盛,2024-01-08,9105
6168,宏齊,11,1,10,群益金鼎-高盛,2024-01-08,9105
3017,奇鋐,8,0,8,群益金鼎-高盛,2024-01-08,9105
4432,銘旺實,8,0,8,群益金鼎-高盛,2024-01-08,9105
6672,騰輝電子-KY,8,0,8,群益金鼎-高盛,2024-01-08,9105
00770,國泰北美科技,7,0,7,群益金鼎-高盛,2024-01-08,9105
1605,華新,7,0,7,群益金鼎-高盛,2024-01-08,9105
1616,億泰,7,0,7,群益金鼎-高盛,2024-01-08,9105
3162,精確,7,0,7,群益金鼎-高盛,2024-01-08,9105
3588,通嘉,86,79,7,群益金鼎-高盛,2024-01-08,9105
00882,中信中國高股息,6,0,6,群益金鼎-高盛,2024-01-08,9105
3714,富采,7,1,6,群益金鼎-高盛,2024-01-08,9105
3481,群創,51,45,6,群益金鼎-高盛,2024-01-08,9105
1304,台聚,5,0,5,群益金鼎-高盛,2024-01-08,9105
6257,矽格,5,0,5,群益金鼎-高盛,2024-01-08,9105
2509,全坤建,5,0,5,群益金鼎-高盛,2024-01-08,9105
00933B,國泰10Y+金融債,6,1,5,群益金鼎-高盛,2024-01-08,9105
00931B,統一美債20年,6,1,5,群益金鼎-高盛,2024-01-08,9105
5880,合庫金,200,9,191,群益金鼎-高盛,2024-01-09,9105
00900,富邦特選高股息30,124,13,111,群益金鼎-高盛,2024-01-09,9105
2324,仁寶,104,5,99,群益金鼎-高盛,2024-01-09,9105
00919,群益台灣精選高息,86,0,86,群益金鼎-高盛,2024-01-09,9105
2609,陽明,102,25,77,群益金鼎-高盛,2024-01-09,9105
2890,永豐金,75,0,75,群益金鼎-高盛,2024-01-09,9105
00648R,元大S＆P500反1,66,0,66,群益金鼎-高盛,2024-01-09,9105
2363,矽統,72,16,56,群益金鼎-高盛,2024-01-09,9105
2888,新光金,51,0,51,群益金鼎-高盛,2024-01-09,9105
3576,聯合再生,50,0,50,群益金鼎-高盛,2024-01-09,9105
3231,緯創,63,26,37,群益金鼎-高盛,2024-01-09,9105
00927,群益半導體收益,35,0,35,群益金鼎-高盛,2024-01-09,9105
00720B,元大投資級公司債,32,1,31,群益金鼎-高盛,2024-01-09,9105
2883,凱基金,27,0,27,群益金鼎-高盛,2024-01-09,9105
00929,復華台灣科技優息,34,10,24,群益金鼎-高盛,2024-01-09,9105
1609,大亞,22,0,22,群益金鼎-高盛,2024-01-09,9105
00680L,元大美債20正2,21,0,21,群益金鼎-高盛,2024-01-09,9105
2615,萬海,23,2,21,群益金鼎-高盛,2024-01-09,9105
00715L,期街口布蘭特正2,19,0,19,群益金鼎-高盛,2024-01-09,9105
2353,宏��,54,35,19,群益金鼎-高盛,2024-01-09,9105
2356,英業達,44,28,16,群益金鼎-高盛,2024-01-09,9105
2388,威盛,28,12,16,群益金鼎-高盛,2024-01-09,9105
3260,威剛,17,1,16,群益金鼎-高盛,2024-01-09,9105
2317,鴻海,15,0,15,群益金鼎-高盛,2024-01-09,9105
1304,台聚,15,0,15,群益金鼎-高盛,2024-01-09,9105
1605,華新,16,2,14,群益金鼎-高盛,2024-01-09,9105
2308,台達電,13,0,13,群益金鼎-高盛,2024-01-09,9105
6182,合晶,11,0,11,群益金鼎-高盛,2024-01-09,9105
1532,勤美,10,0,10,群益金鼎-高盛,2024-01-09,9105
2352,佳世達,18,8,10,群益金鼎-高盛,2024-01-09,9105
2504,國產,10,0,10,群益金鼎-高盛,2024-01-09,9105
3665,貿聯-KY,10,0,10,群益金鼎-高盛,2024-01-09,9105
00706L,期元大S＆P日圓正2,9,0,9,群益金鼎-高盛,2024-01-09,9105
2537,聯上發,9,0,9,群益金鼎-高盛,2024-01-09,9105
2617,台航,10,1,9,群益金鼎-高盛,2024-01-09,9105
3024,憶聲,10,1,9,群益金鼎-高盛,2024-01-09,9105
3346,麗清,12,3,9,群益金鼎-高盛,2024-01-09,9105
2882,國泰金,8,0,8,群益金鼎-高盛,2024-01-09,9105
1319,東陽,9,1,8,群益金鼎-高盛,2024-01-09,9105
2481,強茂,8,0,8,群益金鼎-高盛,2024-01-09,9105
3051,力特,8,0,8,群益金鼎-高盛,2024-01-09,9105
3296,勝德,8,0,8,群益金鼎-高盛,2024-01-09,9105
3349,寶德,8,0,8,群益金鼎-高盛,2024-01-09,9105
00937B,群益ESG投等債20,8,0,8,群益金鼎-高盛,2024-01-09,9105
5533,皇鼎,7,0,7,群益金鼎-高盛,2024-01-09,9105
00882,中信中國高股息,7,0,7,群益金鼎-高盛,2024-01-09,9105
00935,野村臺灣新科技50,7,0,7,群益金鼎-高盛,2024-01-09,9105
3047,訊舟,9,2,7,群益金鼎-高盛,2024-01-09,9105
6129,普誠,7,0,7,群益金鼎-高盛,2024-01-09,9105
2002,中鋼,15,9,6,群益金鼎-高盛,2024-01-09,9105
2883,凱基金,502,1,501,群益金鼎-高盛,2024-01-10,9105
2891,中信金,280,100,180,群益金鼎-高盛,2024-01-10,9105
00919,群益台灣精選高息,139,25,114,群益金鼎-高盛,2024-01-10,9105
2881,富邦金,81,0,81,群益金鼎-高盛,2024-01-10,9105
2609,陽明,115,53,62,群益金鼎-高盛,2024-01-10,9105
1609,大亞,60,3,57,群益金鼎-高盛,2024-01-10,9105
2356,英業達,57,6,51,群益金鼎-高盛,2024-01-10,9105
3231,緯創,70,27,43,群益金鼎-高盛,2024-01-10,9105
3362,先進光,36,0,36,群益金鼎-高盛,2024-01-10,9105
2371,大同,77,44,33,群益金鼎-高盛,2024-01-10,9105
6248,沛波,30,0,30,群益金鼎-高盛,2024-01-10,9105
00679B,元大美債20年,27,0,27,群益金鼎-高盛,2024-01-10,9105
2498,宏達電,39,12,27,群益金鼎-高盛,2024-01-10,9105
9907,統一實,21,0,21,群益金鼎-高盛,2024-01-10,9105
00720B,元大投資級公司債,20,1,19,群益金鼎-高盛,2024-01-10,9105
2618,長榮航,20,2,18,群益金鼎-高盛,2024-01-10,9105
4909,新復興,29,13,16,群益金鼎-高盛,2024-01-10,9105
1471,首利,16,0,16,群益金鼎-高盛,2024-01-10,9105
2317,鴻海,17,2,15,群益金鼎-高盛,2024-01-10,9105
00927,群益半導體收益,15,0,15,群益金鼎-高盛,2024-01-10,9105
2537,聯上發,15,0,15,群益金鼎-高盛,2024-01-10,9105
00878,國泰永續高股息,18,4,14,群益金鼎-高盛,2024-01-10,9105
2887,台新金,13,0,13,群益金鼎-高盛,2024-01-10,9105
00680L,元大美債20正2,15,3,12,群益金鼎-高盛,2024-01-10,9105
00637L,元大滬深300正2,11,0,11,群益金鼎-高盛,2024-01-10,9105
00632R,元大台灣50反1,11,0,11,群益金鼎-高盛,2024-01-10,9105
3178,公準,12,1,11,群益金鼎-高盛,2024-01-10,9105
8112,至上,11,0,11,群益金鼎-高盛,2024-01-10,9105
2108,南帝,10,0,10,群益金鼎-高盛,2024-01-10,9105
2338,光罩,10,1,9,群益金鼎-高盛,2024-01-10,9105
6770,力積電,10,2,8,群益金鼎-高盛,2024-01-10,9105
3311,閎暉,8,0,8,群益金鼎-高盛,2024-01-10,9105
6163,華電網,15,7,8,群益金鼎-高盛,2024-01-10,9105
6227,茂綸,8,0,8,群益金鼎-高盛,2024-01-10,9105
00937B,群益ESG投等債20,57,50,7,群益金鼎-高盛,2024-01-10,9105
2301,光寶科,9,2,7,群益金鼎-高盛,2024-01-10,9105
6609,瀧澤科,7,0,7,群益金鼎-高盛,2024-01-10,9105
1301,台塑,13,6,7,群益金鼎-高盛,2024-01-10,9105
2312,金寶,9,2,7,群益金鼎-高盛,2024-01-10,9105
1101,台泥,8,2,6,群益金鼎-高盛,2024-01-10,9105
9941,裕融,6,0,6,群益金鼎-高盛,2024-01-10,9105
1304,台聚,6,0,6,群益金鼎-高盛,2024-01-10,9105
00923,群益台ESG低碳50,6,0,6,群益金鼎-高盛,2024-01-10,9105
6231,系微,6,0,6,群益金鼎-高盛,2024-01-10,9105
6284,佳邦,6,0,6,群益金鼎-高盛,2024-01-10,9105
2329,華泰,21,15,6,群益金鼎-高盛,2024-01-10,9105
910322,康師傅-DR,6,0,6,群益金鼎-高盛,2024-01-10,9105
1312,國喬,5,0,5,群益金鼎-高盛,2024-01-10,9105
00662,富邦NASDAQ,5,0,5,群益金鼎-高盛,2024-01-10,9105
00652,富邦印度,5,0,5,群益金鼎-高盛,2024-01-10,9105
00637L,元大滬深300正2,140,0,140,群益金鼎-高盛,2024-01-11,9105
4529,淳紳,80,0,80,群益金鼎-高盛,2024-01-11,9105
00650L,復華香港正2,50,0,50,群益金鼎-高盛,2024-01-11,9105
1444,力麗,40,0,40,群益金鼎-高盛,2024-01-11,9105
2888,新光金,50,13,37,群益金鼎-高盛,2024-01-11,9105
00919,群益台灣精選高息,34,0,34,群益金鼎-高盛,2024-01-11,9105
00680L,元大美債20正2,32,0,32,群益金鼎-高盛,2024-01-11,9105
2724,藝舍-KY,23,0,23,群益金鼎-高盛,2024-01-11,9105
5009,榮剛,26,3,23,群益金鼎-高盛,2024-01-11,9105
00930,永豐ESG低碳高息,21,0,21,群益金鼎-高盛,2024-01-11,9105
2601,益航,20,0,20,群益金鼎-高盛,2024-01-11,9105
00929,復華台灣科技優息,19,0,19,群益金鼎-高盛,2024-01-11,9105
6695,芯鼎,91,72,19,群益金鼎-高盛,2024-01-11,9105
2706,第一店,16,0,16,群益金鼎-高盛,2024-01-11,9105
2618,長榮航,26,10,16,群益金鼎-高盛,2024-01-11,9105
1471,首利,20,5,15,群益金鼎-高盛,2024-01-11,9105
2303,聯電,13,0,13,群益金鼎-高盛,2024-01-11,9105
2023,燁輝,13,0,13,群益金鼎-高盛,2024-01-11,9105
4956,光鋐,65,53,12,群益金鼎-高盛,2024-01-11,9105
6116,彩晶,17,5,12,群益金鼎-高盛,2024-01-11,9105
00648R,元大S＆P500反1,11,0,11,群益金鼎-高盛,2024-01-11,9105
2344,華邦電,12,1,11,群益金鼎-高盛,2024-01-11,9105
3031,佰鴻,11,0,11,群益金鼎-高盛,2024-01-11,9105
6120,達運,54,43,11,群益金鼎-高盛,2024-01-11,9105
1326,台化,10,0,10,群益金鼎-高盛,2024-01-11,9105
00720B,元大投資級公司債,10,0,10,群益金鼎-高盛,2024-01-11,9105
3149,正達,10,0,10,群益金鼎-高盛,2024-01-11,9105
5425,台半,10,0,10,群益金鼎-高盛,2024-01-11,9105
5530,龍巖,10,0,10,群益金鼎-高盛,2024-01-11,9105
6225,天瀚,10,0,10,群益金鼎-高盛,2024-01-11,9105
6231,系微,10,0,10,群益金鼎-高盛,2024-01-11,9105
5880,合庫金,9,0,9,群益金鼎-高盛,2024-01-11,9105
1301,台塑,11,2,9,群益金鼎-高盛,2024-01-11,9105
5351,鈺創,17,8,9,群益金鼎-高盛,2024-01-11,9105
3287,廣寰科,24,16,8,群益金鼎-高盛,2024-01-11,9105
3543,州巧,8,0,8,群益金鼎-高盛,2024-01-11,9105
5355,佳總,10,2,8,群益金鼎-高盛,2024-01-11,9105
2449,京元電子,7,0,7,群益金鼎-高盛,2024-01-11,9105
3481,群創,20,13,7,群益金鼎-高盛,2024-01-11,9105
00878,國泰永續高股息,6,0,6,群益金鼎-高盛,2024-01-11,9105
3354,律勝,6,0,6,群益金鼎-高盛,2024-01-11,9105
3715,定穎投控,6,0,6,群益金鼎-高盛,2024-01-11,9105
6117,迎廣,12,6,6,群益金鼎-高盛,2024-01-11,9105
6163,華電網,8,2,6,群益金鼎-高盛,2024-01-11,9105
00706L,期元大S＆P日圓正2,5,0,5,群益金鼎-高盛,2024-01-11,9105
00688L,國泰20年美債正2,5,0,5,群益金鼎-高盛,2024-01-11,9105
1402,遠東新,5,0,5,群益金鼎-高盛,2024-01-11,9105
2312,金寶,5,0,5,群益金鼎-高盛,2024-01-11,9105
6125,廣運,7,2,5,群益金鼎-高盛,2024-01-11,9105
6168,宏齊,10,5,5,群益金鼎-高盛,2024-01-11,9105
2883,凱基金,1000,26,974,群益金鼎-高盛,2024-01-12,9105
00929,復華台灣科技優息,334,7,327,群益金鼎-高盛,2024-01-12,9105
2890,永豐金,76,1,75,群益金鼎-高盛,2024-01-12,9105
00919,群益台灣精選高息,69,0,69,群益金鼎-高盛,2024-01-12,9105
00937B,群益ESG投等債20,47,0,47,群益金鼎-高盛,2024-01-12,9105
2208,台船,151,105,46,群益金鼎-高盛,2024-01-12,9105
2724,藝舍-KY,39,0,39,群益金鼎-高盛,2024-01-12,9105
1815,富喬,38,3,35,群益金鼎-高盛,2024-01-12,9105
1444,力麗,30,0,30,群益金鼎-高盛,2024-01-12,9105
2888,新光金,30,0,30,群益金鼎-高盛,2024-01-12,9105
5258,虹堡,32,3,29,群益金鼎-高盛,2024-01-12,9105
00680L,元大美債20正2,28,0,28,群益金鼎-高盛,2024-01-12,9105
00706L,期元大S＆P日圓正2,25,0,25,群益金鼎-高盛,2024-01-12,9105
2401,凌陽,20,0,20,群益金鼎-高盛,2024-01-12,9105
00673R,期元大S＆P原油反1,20,0,20,群益金鼎-高盛,2024-01-12,9105
00650L,復華香港正2,20,0,20,群益金鼎-高盛,2024-01-12,9105
1810,和成,20,0,20,群益金鼎-高盛,2024-01-12,9105
2449,京元電子,18,3,15,群益金鼎-高盛,2024-01-12,9105
2324,仁寶,19,4,15,群益金鼎-高盛,2024-01-12,9105
0056,元大高股息,14,0,14,群益金鼎-高盛,2024-01-12,9105
1301,台塑,17,3,14,群益金鼎-高盛,2024-01-12,9105
2481,強茂,14,0,14,群益金鼎-高盛,2024-01-12,9105
8176,智捷,14,0,14,群益金鼎-高盛,2024-01-12,9105
2882,國泰金,13,0,13,群益金鼎-高盛,2024-01-12,9105
3260,威剛,14,1,13,群益金鼎-高盛,2024-01-12,9105
00930,永豐ESG低碳高息,12,0,12,群益金鼎-高盛,2024-01-12,9105
00927,群益半導體收益,22,10,12,群益金鼎-高盛,2024-01-12,9105
3036,文曄,22,10,12,群益金鼎-高盛,2024-01-12,9105
3066,李洲,19,8,11,群益金鼎-高盛,2024-01-12,9105
1451,年興,10,0,10,群益金鼎-高盛,2024-01-12,9105
1717,長興,10,0,10,群益金鼎-高盛,2024-01-12,9105
2610,華航,14,4,10,群益金鼎-高盛,2024-01-12,9105
8092,建暐,10,0,10,群益金鼎-高盛,2024-01-12,9105
3047,訊舟,9,0,9,群益金鼎-高盛,2024-01-12,9105
2408,南亞科,8,0,8,群益金鼎-高盛,2024-01-12,9105
1528,恩德,23,15,8,群益金鼎-高盛,2024-01-12,9105
8227,巨有科技,10,2,8,群益金鼎-高盛,2024-01-12,9105
00878,國泰永續高股息,7,0,7,群益金鼎-高盛,2024-01-12,9105
1439,雋揚,7,0,7,群益金鼎-高盛,2024-01-12,9105
1795,美時,8,1,7,群益金鼎-高盛,2024-01-12,9105
00687B,國泰20年美債,6,0,6,群益金鼎-高盛,2024-01-12,9105
2498,宏達電,7,1,6,群益金鼎-高盛,2024-01-12,9105
3006,晶豪科,6,0,6,群益金鼎-高盛,2024-01-12,9105
6243,迅杰,14,8,6,群益金鼎-高盛,2024-01-12,9105
6265,方土昶,6,0,6,群益金鼎-高盛,2024-01-12,9105
2881,富邦金,5,0,5,群益金鼎-高盛,2024-01-12,9105
3481,群創,7,2,5,群益金鼎-高盛,2024-01-12,9105
00637L,元大滬深300正2,5,0,5,群益金鼎-高盛,2024-01-12,9105
00770,國泰北美科技,5,0,5,群益金鼎-高盛,2024-01-12,9105
00936,台新永續高息中小,5,0,5,群益金鼎-高盛,2024-01-12,9105
00937B,群益ESG投等債20,344,1,343,群益金鼎-高盛,2024-01-15,9105
5880,合庫金,200,0,200,群益金鼎-高盛,2024-01-15,9105
00720B,元大投資級公司債,157,0,157,群益金鼎-高盛,2024-01-15,9105
2890,永豐金,80,0,80,群益金鼎-高盛,2024-01-15,9105
1210,大成,50,0,50,群益金鼎-高盛,2024-01-15,9105
00929,復華台灣科技優息,41,4,37,群益金鼎-高盛,2024-01-15,9105
2353,宏��,52,17,35,群益金鼎-高盛,2024-01-15,9105
2356,英業達,42,12,30,群益金鼎-高盛,2024-01-15,9105
2324,仁寶,35,5,30,群益金鼎-高盛,2024-01-15,9105
6152,百一,30,0,30,群益金鼎-高盛,2024-01-15,9105
3231,緯創,74,44,30,群益金鼎-高盛,2024-01-15,9105
3066,李洲,32,3,29,群益金鼎-高盛,2024-01-15,9105
8222,寶一,37,14,23,群益金鼎-高盛,2024-01-15,9105
3694,海華,23,1,22,群益金鼎-高盛,2024-01-15,9105
00650L,復華香港正2,90,70,20,群益金鼎-高盛,2024-01-15,9105
5426,振發,57,37,20,群益金鼎-高盛,2024-01-15,9105
2547,日勝生,19,0,19,群益金鼎-高盛,2024-01-15,9105
2618,長榮航,30,12,18,群益金鼎-高盛,2024-01-15,9105
2724,藝舍-KY,17,0,17,群益金鼎-高盛,2024-01-15,9105
00680L,元大美債20正2,15,0,15,群益金鼎-高盛,2024-01-15,9105
006208,富邦台50,15,0,15,群益金鼎-高盛,2024-01-15,9105
6588,東典光電,13,0,13,群益金鼎-高盛,2024-01-15,9105
2882,國泰金,13,1,12,群益金鼎-高盛,2024-01-15,9105
0056,元大高股息,12,0,12,群益金鼎-高盛,2024-01-15,9105
2382,廣達,11,0,11,群益金鼎-高盛,2024-01-15,9105
1309,台達化,10,0,10,群益金鼎-高盛,2024-01-15,9105
2634,漢翔,27,17,10,群益金鼎-高盛,2024-01-15,9105
3027,盛達,10,0,10,群益金鼎-高盛,2024-01-15,9105
4121,優盛,10,0,10,群益金鼎-高盛,2024-01-15,9105
6026,福邦證,10,0,10,群益金鼎-高盛,2024-01-15,9105
6443,元晶,16,6,10,群益金鼎-高盛,2024-01-15,9105
00881,國泰台灣5G+,10,1,9,群益金鼎-高盛,2024-01-15,9105
1326,台化,10,1,9,群益金鼎-高盛,2024-01-15,9105
00936,台新永續高息中小,9,0,9,群益金鼎-高盛,2024-01-15,9105
00918,大華優利高填息30,10,1,9,群益金鼎-高盛,2024-01-15,9105
3521,鴻翊,8,0,8,群益金鼎-高盛,2024-01-15,9105
5521,工信,10,2,8,群益金鼎-高盛,2024-01-15,9105
00664R,國泰臺灣加權反1,7,0,7,群益金鼎-高盛,2024-01-15,9105
1416,廣豐,6,0,6,群益金鼎-高盛,2024-01-15,9105
00919,群益台灣精選高息,19,13,6,群益金鼎-高盛,2024-01-15,9105
2702,華園,6,0,6,群益金鼎-高盛,2024-01-15,9105
2801,彰銀,6,0,6,群益金鼎-高盛,2024-01-15,9105
6806,森崴能源,10,4,6,群益金鼎-高盛,2024-01-15,9105
4746,台耀,6,0,6,群益金鼎-高盛,2024-01-15,9105
2329,華泰,7,2,5,群益金鼎-高盛,2024-01-15,9105
1217,愛之味,5,0,5,群益金鼎-高盛,2024-01-15,9105
00902,中信電池及儲能,10,5,5,群益金鼎-高盛,2024-01-15,9105
1439,雋揚,5,0,5,群益金鼎-高盛,2024-01-15,9105
2027,大成鋼,5,0,5,群益金鼎-高盛,2024-01-15,9105
2392,正崴,5,0,5,群益金鼎-高盛,2024-01-15,9105
5880,合庫金,205,3,202,群益金鼎-高盛,2024-01-16,9105
00900,富邦特選高股息30,169,4,165,群益金鼎-高盛,2024-01-16,9105
1314,中石化,127,0,127,群益金鼎-高盛,2024-01-16,9105
3231,緯創,123,12,111,群益金鼎-高盛,2024-01-16,9105
0056,元大高股息,56,0,56,群益金鼎-高盛,2024-01-16,9105
2888,新光金,61,8,53,群益金鼎-高盛,2024-01-16,9105
2610,華航,62,13,49,群益金鼎-高盛,2024-01-16,9105
2724,藝舍-KY,46,0,46,群益金鼎-高盛,2024-01-16,9105
2312,金寶,40,0,40,群益金鼎-高盛,2024-01-16,9105
00878,國泰永續高股息,33,0,33,群益金鼎-高盛,2024-01-16,9105
2880,華南金,32,0,32,群益金鼎-高盛,2024-01-16,9105
6735,美達科技,31,0,31,群益金鼎-高盛,2024-01-16,9105
00679B,元大美債20年,31,1,30,群益金鼎-高盛,2024-01-16,9105
00929,復華台灣科技優息,28,1,27,群益金鼎-高盛,2024-01-16,9105
00881,國泰台灣5G+,24,1,23,群益金鼎-高盛,2024-01-16,9105
2702,華園,21,0,21,群益金鼎-高盛,2024-01-16,9105
1326,台化,21,1,20,群益金鼎-高盛,2024-01-16,9105
00919,群益台灣精選高息,21,1,20,群益金鼎-高盛,2024-01-16,9105
00927,群益半導體收益,19,0,19,群益金鼎-高盛,2024-01-16,9105
1815,富喬,20,1,19,群益金鼎-高盛,2024-01-16,9105
2405,輔信,35,17,18,群益金鼎-高盛,2024-01-16,9105
2609,陽明,44,27,17,群益金鼎-高盛,2024-01-16,9105
3149,正達,33,16,17,群益金鼎-高盛,2024-01-16,9105
5426,振發,37,20,17,群益金鼎-高盛,2024-01-16,9105
8096,擎亞,73,56,17,群益金鼎-高盛,2024-01-16,9105
00918,大華優利高填息30,16,0,16,群益金鼎-高盛,2024-01-16,9105
2356,英業達,28,12,16,群益金鼎-高盛,2024-01-16,9105
6505,台塑化,16,0,16,群益金鼎-高盛,2024-01-16,9105
2890,永豐金,81,65,16,群益金鼎-高盛,2024-01-16,9105
3363,上詮,23,8,15,群益金鼎-高盛,2024-01-16,9105
9945,潤泰新,19,4,15,群益金鼎-高盛,2024-01-16,9105
00933B,國泰10Y+金融債,12,0,12,群益金鼎-高盛,2024-01-16,9105
1313,聯成,12,0,12,群益金鼎-高盛,2024-01-16,9105
2449,京元電子,14,2,12,群益金鼎-高盛,2024-01-16,9105
6243,迅杰,55,43,12,群益金鼎-高盛,2024-01-16,9105
2329,華泰,61,49,12,群益金鼎-高盛,2024-01-16,9105
2515,中工,12,1,11,群益金鼎-高盛,2024-01-16,9105
2633,台灣高鐵,11,0,11,群益金鼎-高盛,2024-01-16,9105
2801,彰銀,11,0,11,群益金鼎-高盛,2024-01-16,9105
3033,威健,20,10,10,群益金鼎-高盛,2024-01-16,9105
2882,國泰金,11,1,10,群益金鼎-高盛,2024-01-16,9105
2002,中鋼,10,0,10,群益金鼎-高盛,2024-01-16,9105
00733,富邦臺灣中小,10,0,10,群益金鼎-高盛,2024-01-16,9105
00688L,國泰20年美債正2,10,0,10,群益金鼎-高盛,2024-01-16,9105
2601,益航,10,0,10,群益金鼎-高盛,2024-01-16,9105
4133,亞諾法,10,0,10,群益金鼎-高盛,2024-01-16,9105
4541,晟田,10,0,10,群益金鼎-高盛,2024-01-16,9105
4967,十銓,13,3,10,群益金鼎-高盛,2024-01-16,9105
00930,永豐ESG低碳高息,10,0,10,群益金鼎-高盛,2024-01-16,9105
2603,長榮,19,9,10,群益金鼎-高盛,2024-01-16,9105
2883,凱基金,255,0,255,群益金鼎-高盛,2024-01-17,9105
00929,復華台灣科技優息,246,1,245,群益金鼎-高盛,2024-01-17,9105
3231,緯創,123,14,109,群益金鼎-高盛,2024-01-17,9105
00919,群益台灣精選高息,107,0,107,群益金鼎-高盛,2024-01-17,9105
2888,新光金,65,0,65,群益金鼎-高盛,2024-01-17,9105
0056,元大高股息,64,1,63,群益金鼎-高盛,2024-01-17,9105
2890,永豐金,57,0,57,群益金鼎-高盛,2024-01-17,9105
0050,元大台灣50,55,0,55,群益金鼎-高盛,2024-01-17,9105
2303,聯電,56,1,55,群益金鼎-高盛,2024-01-17,9105
00878,國泰永續高股息,47,0,47,群益金鼎-高盛,2024-01-17,9105
2344,華邦電,51,7,44,群益金鼎-高盛,2024-01-17,9105
00900,富邦特選高股息30,56,15,41,群益金鼎-高盛,2024-01-17,9105
00679B,元大美債20年,40,0,40,群益金鼎-高盛,2024-01-17,9105
00680L,元大美債20正2,47,10,37,群益金鼎-高盛,2024-01-17,9105
00904,新光臺灣半導體30,35,0,35,群益金鼎-高盛,2024-01-17,9105
2880,華南金,31,1,30,群益金鼎-高盛,2024-01-17,9105
2208,台船,30,0,30,群益金鼎-高盛,2024-01-17,9105
00641R,富邦日本反1,30,0,30,群益金鼎-高盛,2024-01-17,9105
2610,華航,52,23,29,群益金鼎-高盛,2024-01-17,9105
2609,陽明,92,64,28,群益金鼎-高盛,2024-01-17,9105
00671R,富邦NASDAQ反1,25,0,25,群益金鼎-高盛,2024-01-17,9105
00687B,國泰20年美債,24,0,24,群益金鼎-高盛,2024-01-17,9105
1815,富喬,23,1,22,群益金鼎-高盛,2024-01-17,9105
3443,創意,20,0,20,群益金鼎-高盛,2024-01-17,9105
3038,全台,20,0,20,群益金鼎-高盛,2024-01-17,9105
2329,華泰,40,22,18,群益金鼎-高盛,2024-01-17,9105
2887,台新金,21,3,18,群益金鼎-高盛,2024-01-17,9105
6243,迅杰,66,49,17,群益金鼎-高盛,2024-01-17,9105
2337,旺宏,17,0,17,群益金鼎-高盛,2024-01-17,9105
4960,誠美材,23,7,16,群益金鼎-高盛,2024-01-17,9105
2023,燁輝,20,4,16,群益金鼎-高盛,2024-01-17,9105
2882,國泰金,16,0,16,群益金鼎-高盛,2024-01-17,9105
00882,中信中國高股息,15,0,15,群益金鼎-高盛,2024-01-17,9105
1303,南亞,17,1,16,群益金鼎-高盛,2024-01-17,9105
6770,力積電,15,0,15,群益金鼎-高盛,2024-01-17,9105
1605,華新,15,0,15,群益金鼎-高盛,2024-01-17,9105
2323,中環,15,0,15,群益金鼎-高盛,2024-01-17,9105
2412,中華電,15,1,14,群益金鼎-高盛,2024-01-17,9105
2421,建準,12,0,12,群益金鼎-高盛,2024-01-17,9105
4956,光鋐,20,8,12,群益金鼎-高盛,2024-01-17,9105
2377,微星,12,0,12,群益金鼎-高盛,2024-01-17,9105
5871,中租-KY,11,0,11,群益金鼎-高盛,2024-01-17,9105
00706L,期元大S＆P日圓正2,18,7,11,群益金鼎-高盛,2024-01-17,9105
8096,擎亞,53,42,11,群益金鼎-高盛,2024-01-17,9105
1304,台聚,10,0,10,群益金鼎-高盛,2024-01-17,9105
00918,大華優利高填息30,10,0,10,群益金鼎-高盛,2024-01-17,9105
9941,裕融,10,0,10,群益金鼎-高盛,2024-01-17,9105
1609,大亞,14,4,10,群益金鼎-高盛,2024-01-17,9105
00930,永豐ESG低碳高息,10,0,10,群益金鼎-高盛,2024-01-17,9105
2891,中信金,15,5,10,群益金鼎-高盛,2024-01-17,9105
8112,至上,62,3,59,群益金鼎-高盛,2024-01-18,9105
9925,新保,56,0,56,群益金鼎-高盛,2024-01-18,9105
3231,緯創,60,7,53,群益金鼎-高盛,2024-01-18,9105
2615,萬海,43,1,42,群益金鼎-高盛,2024-01-18,9105
00919,群益台灣精選高息,37,5,32,群益金鼎-高盛,2024-01-18,9105
00900,富邦特選高股息30,190,158,32,群益金鼎-高盛,2024-01-18,9105
00878,國泰永續高股息,30,0,30,群益金鼎-高盛,2024-01-18,9105
00679B,元大美債20年,25,0,25,群益金鼎-高盛,2024-01-18,9105
0056,元大高股息,25,2,23,群益金鼎-高盛,2024-01-18,9105
1301,台塑,24,2,22,群益金鼎-高盛,2024-01-18,9105
4915,致伸,20,0,20,群益金鼎-高盛,2024-01-18,9105
0050,元大台灣50,19,0,19,群益金鼎-高盛,2024-01-18,9105
2609,陽明,47,29,18,群益金鼎-高盛,2024-01-18,9105
2303,聯電,23,6,17,群益金鼎-高盛,2024-01-18,9105
00918,大華優利高填息30,17,0,17,群益金鼎-高盛,2024-01-18,9105
00665L,富邦�琤肭磪囓�2,17,0,17,群益金鼎-高盛,2024-01-18,9105
2882,國泰金,15,0,15,群益金鼎-高盛,2024-01-18,9105
4960,誠美材,23,8,15,群益金鼎-高盛,2024-01-18,9105
00687B,國泰20年美債,14,0,14,群益金鼎-高盛,2024-01-18,9105
6668,中揚光,20,6,14,群益金鼎-高盛,2024-01-18,9105
2356,英業達,26,13,13,群益金鼎-高盛,2024-01-18,9105
00688L,國泰20年美債正2,13,0,13,群益金鼎-高盛,2024-01-18,9105
2362,藍天,17,5,12,群益金鼎-高盛,2024-01-18,9105
00713,元大台灣高息低波,14,2,12,群益金鼎-高盛,2024-01-18,9105
2382,廣達,12,1,11,群益金鼎-高盛,2024-01-18,9105
6125,廣運,11,0,11,群益金鼎-高盛,2024-01-18,9105
4979,華星光,13,2,11,群益金鼎-高盛,2024-01-18,9105
6155,鈞寶,17,6,11,群益金鼎-高盛,2024-01-18,9105
9928,中視,11,0,11,群益金鼎-高盛,2024-01-18,9105
1303,南亞,10,0,10,群益金鼎-高盛,2024-01-18,9105
00931B,統一美債20年,10,0,10,群益金鼎-高盛,2024-01-18,9105
00706L,期元大S＆P日圓正2,10,0,10,群益金鼎-高盛,2024-01-18,9105
2363,矽統,15,5,10,群益金鼎-高盛,2024-01-18,9105
2887,台新金,11,1,10,群益金鼎-高盛,2024-01-18,9105
3268,海德威,10,0,10,群益金鼎-高盛,2024-01-18,9105
6588,東典光電,10,0,10,群益金鼎-高盛,2024-01-18,9105
2886,兆豐金,11,1,10,群益金鼎-高盛,2024-01-18,9105
00650L,復華香港正2,159,150,9,群益金鼎-高盛,2024-01-18,9105
1101,台泥,10,1,9,群益金鼎-高盛,2024-01-18,9105
2352,佳世達,14,5,9,群益金鼎-高盛,2024-01-18,9105
2485,兆赫,10,1,9,群益金鼎-高盛,2024-01-18,9105
2504,國產,9,0,9,群益金鼎-高盛,2024-01-18,9105
2880,華南金,9,0,9,群益金鼎-高盛,2024-01-18,9105
1560,中砂,8,0,8,群益金鼎-高盛,2024-01-18,9105
2603,長榮,11,3,8,群益金鼎-高盛,2024-01-18,9105
2421,建準,14,6,8,群益金鼎-高盛,2024-01-18,9105
3050,鈺德,8,0,8,群益金鼎-高盛,2024-01-18,9105
2357,華碩,9,1,8,群益金鼎-高盛,2024-01-18,9105
1519,華城,8,1,7,群益金鼎-高盛,2024-01-18,9105
2401,凌陽,8,1,7,群益金鼎-高盛,2024-01-18,9105
00937B,群益ESG投等債20,416,3,413,群益金鼎-高盛,2024-01-19,9105
00637L,元大滬深300正2,256,138,118,群益金鼎-高盛,2024-01-19,9105
00687B,國泰20年美債,102,0,102,群益金鼎-高盛,2024-01-19,9105
00680L,元大美債20正2,81,0,81,群益金鼎-高盛,2024-01-19,9105
2618,長榮航,78,6,72,群益金鼎-高盛,2024-01-19,9105
00900,富邦特選高股息30,70,3,67,群益金鼎-高盛,2024-01-19,9105
00679B,元大美債20年,56,0,56,群益金鼎-高盛,2024-01-19,9105
6120,達運,45,1,44,群益金鼎-高盛,2024-01-19,9105
00892,富邦台灣半導體,30,0,30,群益金鼎-高盛,2024-01-19,9105
3002,歐格,30,0,30,群益金鼎-高盛,2024-01-19,9105
00753L,中信中國50正2,128,100,28,群益金鼎-高盛,2024-01-19,9105
00720B,元大投資級公司債,26,0,26,群益金鼎-高盛,2024-01-19,9105
2409,友達,37,13,24,群益金鼎-高盛,2024-01-19,9105
3149,正達,23,0,23,群益金鼎-高盛,2024-01-19,9105
6443,元晶,23,0,23,群益金鼎-高盛,2024-01-19,9105
5521,工信,23,1,22,群益金鼎-高盛,2024-01-19,9105
2609,陽明,27,6,21,群益金鼎-高盛,2024-01-19,9105
00733,富邦臺灣中小,21,0,21,群益金鼎-高盛,2024-01-19,9105
2023,燁輝,20,0,20,群益金鼎-高盛,2024-01-19,9105
2312,金寶,20,0,20,群益金鼎-高盛,2024-01-19,9105
00929,復華台灣科技優息,19,0,19,群益金鼎-高盛,2024-01-19,9105
2344,華邦電,21,2,19,群益金鼎-高盛,2024-01-19,9105
2882,國泰金,21,5,16,群益金鼎-高盛,2024-01-19,9105
3055,蔚華科,20,4,16,群益金鼎-高盛,2024-01-19,9105
6770,力積電,15,0,15,群益金鼎-高盛,2024-01-19,9105
6026,福邦證,15,0,15,群益金鼎-高盛,2024-01-19,9105
00673R,期元大S＆P原油反1,14,0,14,群益金鼎-高盛,2024-01-19,9105
3363,上詮,15,1,14,群益金鼎-高盛,2024-01-19,9105
3163,波若威,14,0,14,群益金鼎-高盛,2024-01-19,9105
3706,神達,37,25,12,群益金鼎-高盛,2024-01-19,9105
6244,茂迪,11,0,11,群益金鼎-高盛,2024-01-19,9105
2886,兆豐金,11,0,11,群益金鼎-高盛,2024-01-19,9105
00706L,期元大S＆P日圓正2,10,0,10,群益金鼎-高盛,2024-01-19,9105
00688L,國泰20年美債正2,10,0,10,群益金鼎-高盛,2024-01-19,9105
2374,佳能,10,0,10,群益金鼎-高盛,2024-01-19,9105
6240,松崗,10,0,10,群益金鼎-高盛,2024-01-19,9105
9950,萬國通,10,0,10,群益金鼎-高盛,2024-01-19,9105
00930,永豐ESG低碳高息,10,0,10,群益金鼎-高盛,2024-01-19,9105
00882,中信中國高股息,9,0,9,群益金鼎-高盛,2024-01-19,9105
3443,創意,9,1,8,群益金鼎-高盛,2024-01-19,9105
1301,台塑,8,0,8,群益金鼎-高盛,2024-01-19,9105
2537,聯上發,8,0,8,群益金鼎-高盛,2024-01-19,9105
2880,華南金,12,4,8,群益金鼎-高盛,2024-01-19,9105
3489,森寶,8,0,8,群益金鼎-高盛,2024-01-19,9105
5880,合庫金,9,1,8,群益金鼎-高盛,2024-01-19,9105
00795B,中信美國公債20年,8,0,8,群益金鼎-高盛,2024-01-19,9105
00933B,國泰10Y+金融債,19,12,7,群益金鼎-高盛,2024-01-19,9105
00751B,元大AAA至A公司債,9,3,6,群益金鼎-高盛,2024-01-19,9105
00931B,統一美債20年,6,0,6,群益金鼎-高盛,2024-01-19,9105
00904,新光臺灣半導體30,6,0,6,群益金鼎-高盛,2024-01-19,9105
9105,泰金寶-DR,300,0,300,群益金鼎-高盛,2024-01-22,9105
2883,凱基金,202,0,202,群益金鼎-高盛,2024-01-22,9105
00935,野村臺灣新科技50,115,3,112,群益金鼎-高盛,2024-01-22,9105
2002,中鋼,101,0,101,群益金鼎-高盛,2024-01-22,9105
00680L,元大美債20正2,80,0,80,群益金鼎-高盛,2024-01-22,9105
2867,三商壽,37,0,37,群益金鼎-高盛,2024-01-22,9105
00679B,元大美債20年,36,0,36,群益金鼎-高盛,2024-01-22,9105
1326,台化,35,1,34,群益金鼎-高盛,2024-01-22,9105
2618,長榮航,32,0,32,群益金鼎-高盛,2024-01-22,9105
00929,復華台灣科技優息,26,1,25,群益金鼎-高盛,2024-01-22,9105
00931B,統一美債20年,24,0,24,群益金鼎-高盛,2024-01-22,9105
00891,中信關鍵半導體,20,0,20,群益金鼎-高盛,2024-01-22,9105
00924,復華S＆P500成長,20,0,20,群益金鼎-高盛,2024-01-22,9105
00632R,元大台灣50反1,29,9,20,群益金鼎-高盛,2024-01-22,9105
2601,益航,20,0,20,群益金鼎-高盛,2024-01-22,9105
1314,中石化,21,2,19,群益金鼎-高盛,2024-01-22,9105
2409,友達,27,8,19,群益金鼎-高盛,2024-01-22,9105
2324,仁寶,46,28,18,群益金鼎-高盛,2024-01-22,9105
00770,國泰北美科技,15,0,15,群益金鼎-高盛,2024-01-22,9105
6134,萬旭,17,2,15,群益金鼎-高盛,2024-01-22,9105
6588,東典光電,13,0,13,群益金鼎-高盛,2024-01-22,9105
00665L,富邦�琤肭磪囓�2,13,0,13,群益金鼎-高盛,2024-01-22,9105
6509,聚和,13,0,13,群益金鼎-高盛,2024-01-22,9105
2308,台達電,12,1,11,群益金鼎-高盛,2024-01-22,9105
6668,中揚光,12,1,11,群益金鼎-高盛,2024-01-22,9105
1528,恩德,10,0,10,群益金鼎-高盛,2024-01-22,9105
00642U,期元大S＆P石油,10,0,10,群益金鼎-高盛,2024-01-22,9105
2369,菱生,18,8,10,群益金鼎-高盛,2024-01-22,9105
2801,彰銀,10,0,10,群益金鼎-高盛,2024-01-22,9105
3362,先進光,10,0,10,群益金鼎-高盛,2024-01-22,9105
5521,工信,10,0,10,群益金鼎-高盛,2024-01-22,9105
6147,頎邦,10,0,10,群益金鼎-高盛,2024-01-22,9105
6244,茂迪,10,0,10,群益金鼎-高盛,2024-01-22,9105
00923,群益台ESG低碳50,10,0,10,群益金鼎-高盛,2024-01-22,9105
6120,達運,9,0,9,群益金鼎-高盛,2024-01-22,9105
3033,威健,9,0,9,群益金鼎-高盛,2024-01-22,9105
2329,華泰,58,50,8,群益金鼎-高盛,2024-01-22,9105
2610,華航,23,14,9,群益金鼎-高盛,2024-01-22,9105
6239,力成,11,3,8,群益金鼎-高盛,2024-01-22,9105
5426,振發,46,38,8,群益金鼎-高盛,2024-01-22,9105
3363,上詮,8,1,7,群益金鼎-高盛,2024-01-22,9105
5488,松普,12,5,7,群益金鼎-高盛,2024-01-22,9105
00648R,元大S＆P500反1,7,0,7,群益金鼎-高盛,2024-01-22,9105
2882,國泰金,10,3,7,群益金鼎-高盛,2024-01-22,9105
4735,豪展,7,0,7,群益金鼎-高盛,2024-01-22,9105
2892,第一金,6,0,6,群益金鼎-高盛,2024-01-22,9105
4906,正文,6,0,6,群益金鼎-高盛,2024-01-22,9105
4915,致伸,6,0,6,群益金鼎-高盛,2024-01-22,9105
6218,豪勉,6,0,6,群益金鼎-高盛,2024-01-22,9105
5432,新門,5,0,5,群益金鼎-高盛,2024-01-22,9105
00929,復華台灣科技優息,121,16,105,群益金鼎-高盛,2024-01-23,9105
3706,神達,69,26,43,群益金鼎-高盛,2024-01-23,9105
2461,光群雷,37,0,37,群益金鼎-高盛,2024-01-23,9105
2504,國產,21,0,21,群益金鼎-高盛,2024-01-23,9105
3419,譁裕,20,0,20,群益金鼎-高盛,2024-01-23,9105
00679B,元大美債20年,19,1,18,群益金鼎-高盛,2024-01-23,9105
00673R,期元大S＆P原油反1,17,0,17,群益金鼎-高盛,2024-01-23,9105
6116,彩晶,23,6,17,群益金鼎-高盛,2024-01-23,9105
1569,濱川,16,0,16,群益金鼎-高盛,2024-01-23,9105
8473,山林水,15,0,15,群益金鼎-高盛,2024-01-23,9105
2609,陽明,20,6,14,群益金鼎-高盛,2024-01-23,9105
3380,明泰,18,4,14,群益金鼎-高盛,2024-01-23,9105
00633L,富邦上証正2,14,2,12,群益金鼎-高盛,2024-01-23,9105
00669R,國泰美國道瓊反1,12,0,12,群益金鼎-高盛,2024-01-23,9105
8070,長華*,14,3,11,群益金鼎-高盛,2024-01-23,9105
2377,微星,11,0,11,群益金鼎-高盛,2024-01-23,9105
3264,欣銓,11,1,10,群益金鼎-高盛,2024-01-23,9105
4414,如興,10,0,10,群益金鼎-高盛,2024-01-23,9105
3041,揚智,10,1,9,群益金鼎-高盛,2024-01-23,9105
8054,安國,16,7,9,群益金鼎-高盛,2024-01-23,9105
2329,華泰,18,9,9,群益金鼎-高盛,2024-01-23,9105
2208,台船,11,3,8,群益金鼎-高盛,2024-01-23,9105
1439,雋揚,8,0,8,群益金鼎-高盛,2024-01-23,9105
3296,勝德,8,0,8,群益金鼎-高盛,2024-01-23,9105
3311,閎暉,8,0,8,群益金鼎-高盛,2024-01-23,9105
3715,定穎投控,10,2,8,群益金鼎-高盛,2024-01-23,9105
2458,義隆,7,0,7,群益金鼎-高盛,2024-01-23,9105
1471,首利,8,1,7,群益金鼎-高盛,2024-01-23,9105
6695,芯鼎,28,21,7,群益金鼎-高盛,2024-01-23,9105
6188,廣明,8,1,7,群益金鼎-高盛,2024-01-23,9105
8926,台汽電,6,0,6,群益金鼎-高盛,2024-01-23,9105
2316,楠梓電,7,1,6,群益金鼎-高盛,2024-01-23,9105
2486,一詮,8,2,6,群益金鼎-高盛,2024-01-23,9105
2887,台新金,6,0,6,群益金鼎-高盛,2024-01-23,9105
5328,華容,6,0,6,群益金鼎-高盛,2024-01-23,9105
6120,達運,16,10,6,群益金鼎-高盛,2024-01-23,9105
9950,萬國通,6,0,6,群益金鼎-高盛,2024-01-23,9105
1326,台化,9,4,5,群益金鼎-高盛,2024-01-23,9105
2454,聯發科,6,1,5,群益金鼎-高盛,2024-01-23,9105
00712,復華富時不動產,5,0,5,群益金鼎-高盛,2024-01-23,9105
2323,中環,7,2,5,群益金鼎-高盛,2024-01-23,9105
3059,華晶科,10,5,5,群益金鼎-高盛,2024-01-23,9105
3443,創意,7,2,5,群益金鼎-高盛,2024-01-23,9105
3694,海華,17,12,5,群益金鼎-高盛,2024-01-23,9105
6147,頎邦,7,2,5,群益金鼎-高盛,2024-01-23,9105
6712,長聖,5,0,5,群益金鼎-高盛,2024-01-23,9105
6770,力積電,5,0,5,群益金鼎-高盛,2024-01-23,9105
8201,無敵,5,0,5,群益金鼎-高盛,2024-01-23,9105
6124,業強,9,4,5,群益金鼎-高盛,2024-01-23,9105
2460,建通,6,1,5,群益金鼎-高盛,2024-01-23,9105
9105,泰金寶-DR,707,0,707,群益金鼎-高盛,2024-01-24,9105
2891,中信金,264,0,264,群益金鼎-高盛,2024-01-24,9105
00637L,元大滬深300正2,571,376,195,群益金鼎-高盛,2024-01-24,9105
2353,宏��,78,36,42,群益金鼎-高盛,2024-01-24,9105
00915,凱基優選高股息30,40,0,40,群益金鼎-高盛,2024-01-24,9105
3060,銘異,40,0,40,群益金鼎-高盛,2024-01-24,9105
1314,中石化,27,0,27,群益金鼎-高盛,2024-01-24,9105
00632R,元大台灣50反1,29,4,25,群益金鼎-高盛,2024-01-24,9105
6237,驊訊,119,94,25,群益金鼎-高盛,2024-01-24,9105
5443,均豪,28,4,24,群益金鼎-高盛,2024-01-24,9105
00937B,群益ESG投等債20,23,0,23,群益金鼎-高盛,2024-01-24,9105
00679B,元大美債20年,24,2,22,群益金鼎-高盛,2024-01-24,9105
00680L,元大美債20正2,20,0,20,群益金鼎-高盛,2024-01-24,9105
00687B,國泰20年美債,19,0,19,群益金鼎-高盛,2024-01-24,9105
3712,永崴投控,20,1,19,群益金鼎-高盛,2024-01-24,9105
2356,英業達,70,51,19,群益金鼎-高盛,2024-01-24,9105
6770,力積電,20,2,18,群益金鼎-高盛,2024-01-24,9105
00733,富邦臺灣中小,16,0,16,群益金鼎-高盛,2024-01-24,9105
2324,仁寶,19,3,16,群益金鼎-高盛,2024-01-24,9105
00931B,統一美債20年,15,1,14,群益金鼎-高盛,2024-01-24,9105
2002,中鋼,13,0,13,群益金鼎-高盛,2024-01-24,9105
8936,國統,15,2,13,群益金鼎-高盛,2024-01-24,9105
3545,敦泰,16,4,12,群益金鼎-高盛,2024-01-24,9105
3231,緯創,23,11,12,群益金鼎-高盛,2024-01-24,9105
00633L,富邦上証正2,12,0,12,群益金鼎-高盛,2024-01-24,9105
2498,宏達電,11,0,11,群益金鼎-高盛,2024-01-24,9105
2329,華泰,18,8,10,群益金鼎-高盛,2024-01-24,9105
2303,聯電,13,3,10,群益金鼎-高盛,2024-01-24,9105
3046,建��,10,0,10,群益金鼎-高盛,2024-01-24,9105
3346,麗清,10,0,10,群益金鼎-高盛,2024-01-24,9105
00795B,中信美國公債20年,10,0,10,群益金鼎-高盛,2024-01-24,9105
00919,群益台灣精選高息,10,1,9,群益金鼎-高盛,2024-01-24,9105
1439,雋揚,9,0,9,群益金鼎-高盛,2024-01-24,9105
2419,仲琦,10,1,9,群益金鼎-高盛,2024-01-24,9105
2887,台新金,10,1,9,群益金鼎-高盛,2024-01-24,9105
5302,太欣,9,0,9,群益金鼎-高盛,2024-01-24,9105
3443,創意,11,2,9,群益金鼎-高盛,2024-01-24,9105
1326,台化,10,3,7,群益金鼎-高盛,2024-01-24,9105
2633,台灣高鐵,7,0,7,群益金鼎-高盛,2024-01-24,9105
2884,玉山金,7,0,7,群益金鼎-高盛,2024-01-24,9105
8034,榮群,9,2,7,群益金鼎-高盛,2024-01-24,9105
8105,凌巨,12,5,7,群益金鼎-高盛,2024-01-24,9105
4938,和碩,10,4,6,群益金鼎-高盛,2024-01-24,9105
3037,欣興,7,1,6,群益金鼎-高盛,2024-01-24,9105
00753L,中信中國50正2,11,5,6,群益金鼎-高盛,2024-01-24,9105
3543,州巧,7,1,6,群益金鼎-高盛,2024-01-24,9105
00933B,國泰10Y+金融債,5,0,5,群益金鼎-高盛,2024-01-24,9105
00676R,富邦臺灣加權反1,5,0,5,群益金鼎-高盛,2024-01-24,9105
1514,亞力,5,0,5,群益金鼎-高盛,2024-01-24,9105
3131,弘塑,6,1,5,群益金鼎-高盛,2024-01-24,9105
00937B,群益ESG投等債20,346,60,286,群益金鼎-高盛,2024-01-25,9105
00687B,國泰20年美債,108,0,108,群益金鼎-高盛,2024-01-25,9105
00679B,元大美債20年,73,0,73,群益金鼎-高盛,2024-01-25,9105
00733,富邦臺灣中小,55,0,55,群益金鼎-高盛,2024-01-25,9105
00680L,元大美債20正2,53,0,53,群益金鼎-高盛,2024-01-25,9105
2344,華邦電,46,5,41,群益金鼎-高盛,2024-01-25,9105
00933B,國泰10Y+金融債,40,0,40,群益金鼎-高盛,2024-01-25,9105
2834,臺企銀,31,0,31,群益金鼎-高盛,2024-01-25,9105
00712,復華富時不動產,30,0,30,群益金鼎-高盛,2024-01-25,9105
2618,長榮航,28,0,28,群益金鼎-高盛,2024-01-25,9105
8096,擎亞,106,82,24,群益金鼎-高盛,2024-01-25,9105
2356,英業達,79,55,24,群益金鼎-高盛,2024-01-25,9105
2365,昆盈,31,9,22,群益金鼎-高盛,2024-01-25,9105
00751B,元大AAA至A公司債,20,0,20,群益金鼎-高盛,2024-01-25,9105
2461,光群雷,20,0,20,群益金鼎-高盛,2024-01-25,9105
2498,宏達電,20,2,18,群益金鼎-高盛,2024-01-25,9105
2382,廣達,30,13,17,群益金鼎-高盛,2024-01-25,9105
5488,松普,17,0,17,群益金鼎-高盛,2024-01-25,9105
00673R,期元大S＆P原油反1,16,0,16,群益金鼎-高盛,2024-01-25,9105
2022,聚亨,16,0,16,群益金鼎-高盛,2024-01-25,9105
3231,緯創,70,56,14,群益金鼎-高盛,2024-01-25,9105
2484,希華,13,0,13,群益金鼎-高盛,2024-01-25,9105
3520,華盈,19,6,13,群益金鼎-高盛,2024-01-25,9105
8105,凌巨,16,4,12,群益金鼎-高盛,2024-01-25,9105
2465,麗臺,11,0,11,群益金鼎-高盛,2024-01-25,9105
00645,富邦日本,10,0,10,群益金鼎-高盛,2024-01-25,9105
1809,中釉,20,10,10,群益金鼎-高盛,2024-01-25,9105
3052,夆典,10,0,10,群益金鼎-高盛,2024-01-25,9105
4526,東台,11,1,10,群益金鼎-高盛,2024-01-25,9105
2355,敬鵬,15,6,9,群益金鼎-高盛,2024-01-25,9105
2363,矽統,9,0,9,群益金鼎-高盛,2024-01-25,9105
2884,玉山金,9,0,9,群益金鼎-高盛,2024-01-25,9105
2324,仁寶,19,11,8,群益金鼎-高盛,2024-01-25,9105
3044,健鼎,8,0,8,群益金鼎-高盛,2024-01-25,9105
4402,郡都開發,8,0,8,群益金鼎-高盛,2024-01-25,9105
5425,台半,8,0,8,群益金鼎-高盛,2024-01-25,9105
6237,驊訊,10,2,8,群益金鼎-高盛,2024-01-25,9105
2609,陽明,9,1,8,群益金鼎-高盛,2024-01-25,9105
2890,永豐金,7,0,7,群益金鼎-高盛,2024-01-25,9105
6120,達運,7,0,7,群益金鼎-高盛,2024-01-25,9105
00753L,中信中國50正2,86,80,6,群益金鼎-高盛,2024-01-25,9105
3149,正達,6,0,6,群益金鼎-高盛,2024-01-25,9105
2062,橋椿,5,0,5,群益金鼎-高盛,2024-01-25,9105
2201,裕隆,5,0,5,群益金鼎-高盛,2024-01-25,9105
2634,漢翔,5,0,5,群益金鼎-高盛,2024-01-25,9105
3162,精確,5,0,5,群益金鼎-高盛,2024-01-25,9105
4513,福裕,5,0,5,群益金鼎-高盛,2024-01-25,9105
6164,華興,5,0,5,群益金鼎-高盛,2024-01-25,9105
6226,光鼎,5,0,5,群益金鼎-高盛,2024-01-25,9105
6416,瑞祺電通,11,6,5,群益金鼎-高盛,2024-01-25,9105
9105,泰金寶-DR,530,3,527,群益金鼎-高盛,2024-01-26,9105
00665L,富邦�琤肭磪囓�2,115,15,100,群益金鼎-高盛,2024-01-26,9105
00687B,國泰20年美債,72,0,72,群益金鼎-高盛,2024-01-26,9105
2324,仁寶,77,8,69,群益金鼎-高盛,2024-01-26,9105
00900,富邦特選高股息30,62,0,62,群益金鼎-高盛,2024-01-26,9105
2303,聯電,101,44,57,群益金鼎-高盛,2024-01-26,9105
00733,富邦臺灣中小,43,0,43,群益金鼎-高盛,2024-01-26,9105
00878,國泰永續高股息,45,12,33,群益金鼎-高盛,2024-01-26,9105
00937B,群益ESG投等債20,32,0,32,群益金鼎-高盛,2024-01-26,9105
3339,泰谷,32,0,32,群益金鼎-高盛,2024-01-26,9105
1439,雋揚,30,0,30,群益金鼎-高盛,2024-01-26,9105
00680L,元大美債20正2,29,0,29,群益金鼎-高盛,2024-01-26,9105
3312,弘憶股,30,1,29,群益金鼎-高盛,2024-01-26,9105
2618,長榮航,26,2,24,群益金鼎-高盛,2024-01-26,9105
00929,復華台灣科技優息,22,0,22,群益金鼎-高盛,2024-01-26,9105
3230,錦明,22,0,22,群益金鼎-高盛,2024-01-26,9105
2382,廣達,21,0,21,群益金鼎-高盛,2024-01-26,9105
00648R,元大S＆P500反1,18,0,18,群益金鼎-高盛,2024-01-26,9105
2329,華泰,23,7,16,群益金鼎-高盛,2024-01-26,9105
3047,訊舟,17,2,15,群益金鼎-高盛,2024-01-26,9105
6196,帆宣,16,1,15,群益金鼎-高盛,2024-01-26,9105
00931B,統一美債20年,16,2,14,群益金鼎-高盛,2024-01-26,9105
3360,尚立,14,2,12,群益金鼎-高盛,2024-01-26,9105
00632R,元大台灣50反1,12,0,12,群益金鼎-高盛,2024-01-26,9105
6185,幃翔,12,0,12,群益金鼎-高盛,2024-01-26,9105
00753L,中信中國50正2,11,0,11,群益金鼎-高盛,2024-01-26,9105
2356,英業達,22,11,11,群益金鼎-高盛,2024-01-26,9105
5521,工信,21,10,11,群益金鼎-高盛,2024-01-26,9105
6276,安鈦克,14,3,11,群益金鼎-高盛,2024-01-26,9105
3149,正達,10,0,10,群益金鼎-高盛,2024-01-26,9105
3188,鑫龍騰,10,0,10,群益金鼎-高盛,2024-01-26,9105
6237,驊訊,12,2,10,群益金鼎-高盛,2024-01-26,9105
6270,倍微,30,20,10,群益金鼎-高盛,2024-01-26,9105
3037,欣興,9,0,9,群益金鼎-高盛,2024-01-26,9105
00919,群益台灣精選高息,15,6,9,群益金鼎-高盛,2024-01-26,9105
3024,憶聲,9,0,9,群益金鼎-高盛,2024-01-26,9105
6116,彩晶,10,1,9,群益金鼎-高盛,2024-01-26,9105
00650L,復華香港正2,58,50,8,群益金鼎-高盛,2024-01-26,9105
1540,喬福,8,0,8,群益金鼎-高盛,2024-01-26,9105
2022,聚亨,8,0,8,群益金鼎-高盛,2024-01-26,9105
3138,耀登,9,1,8,群益金鼎-高盛,2024-01-26,9105
00927,群益半導體收益,7,0,7,群益金鼎-高盛,2024-01-26,9105
2002,中鋼,7,0,7,群益金鼎-高盛,2024-01-26,9105
2014,中鴻,10,3,7,群益金鼎-高盛,2024-01-26,9105
00673R,期元大S＆P原油反1,8,2,6,群益金鼎-高盛,2024-01-26,9105
1713,國化,6,0,6,群益金鼎-高盛,2024-01-26,9105
2201,裕隆,7,1,6,群益金鼎-高盛,2024-01-26,9105
4979,華星光,15,9,6,群益金鼎-高盛,2024-01-26,9105
5432,新門,7,1,6,群益金鼎-高盛,2024-01-26,9105
8059,凱碩,13,7,6,群益金鼎-高盛,2024-01-26,9105
00937B,群益ESG投等債20,138,0,138,群益金鼎-高盛,2024-01-29,9105
2543,皇昌,100,3,97,群益金鼎-高盛,2024-01-29,9105
00632R,元大台灣50反1,55,10,45,群益金鼎-高盛,2024-01-29,9105
00687B,國泰20年美債,43,0,43,群益金鼎-高盛,2024-01-29,9105
2303,聯電,39,0,39,群益金鼎-高盛,2024-01-29,9105
3047,訊舟,43,11,32,群益金鼎-高盛,2024-01-29,9105
2356,英業達,54,24,30,群益金鼎-高盛,2024-01-29,9105
4938,和碩,30,2,28,群益金鼎-高盛,2024-01-29,9105
3481,群創,22,9,13,群益金鼎-高盛,2024-01-29,9105
00673R,期元大S＆P原油反1,13,0,13,群益金鼎-高盛,2024-01-29,9105
2337,旺宏,13,0,13,群益金鼎-高盛,2024-01-29,9105
1809,中釉,21,8,13,群益金鼎-高盛,2024-01-29,9105
2355,敬鵬,17,5,12,群益金鼎-高盛,2024-01-29,9105
2458,義隆,12,0,12,群益金鼎-高盛,2024-01-29,9105
2610,華航,12,0,12,群益金鼎-高盛,2024-01-29,9105
5443,均豪,13,1,12,群益金鼎-高盛,2024-01-29,9105
2913,農林,10,0,10,群益金鼎-高盛,2024-01-29,9105
00931B,統一美債20年,10,0,10,群益金鼎-高盛,2024-01-29,9105
3706,神達,12,2,10,群益金鼎-高盛,2024-01-29,9105
6026,福邦證,10,0,10,群益金鼎-高盛,2024-01-29,9105
8085,福華,15,5,10,群益金鼎-高盛,2024-01-29,9105
9958,世紀鋼,10,1,9,群益金鼎-高盛,2024-01-29,9105
4402,郡都開發,8,0,8,群益金鼎-高盛,2024-01-29,9105
00706L,期元大S＆P日圓正2,7,0,7,群益金鼎-高盛,2024-01-29,9105
00929,復華台灣科技優息,8,1,7,群益金鼎-高盛,2024-01-29,9105
4188,安克,7,0,7,群益金鼎-高盛,2024-01-29,9105
3576,聯合再生,6,0,6,群益金鼎-高盛,2024-01-29,9105
2609,陽明,8,2,6,群益金鼎-高盛,2024-01-29,9105
1418,東華,6,0,6,群益金鼎-高盛,2024-01-29,9105
2369,菱生,8,2,6,群益金鼎-高盛,2024-01-29,9105
6120,達運,8,2,6,群益金鼎-高盛,2024-01-29,9105
8227,巨有科技,11,5,6,群益金鼎-高盛,2024-01-29,9105
3138,耀登,9,4,5,群益金鼎-高盛,2024-01-29,9105
2208,台船,5,0,5,群益金鼎-高盛,2024-01-29,9105
9941,裕融,5,0,5,群益金鼎-高盛,2024-01-29,9105
5351,鈺創,5,0,5,群益金鼎-高盛,2024-01-29,9105
00935,野村臺灣新科技50,5,0,5,群益金鼎-高盛,2024-01-29,9105
1101,台泥,5,0,5,群益金鼎-高盛,2024-01-29,9105
1432,大魯閣,5,0,5,群益金鼎-高盛,2024-01-29,9105
3211,順達,5,0,5,群益金鼎-高盛,2024-01-29,9105
3518,柏騰,5,0,5,群益金鼎-高盛,2024-01-29,9105
8059,凱碩,9,4,5,群益金鼎-高盛,2024-01-29,9105
00919,群益台灣精選高息,6,1,5,群益金鼎-高盛,2024-01-29,9105
3360,尚立,55,50,5,群益金鼎-高盛,2024-01-29,9105
00679B,元大美債20年,4,0,4,群益金鼎-高盛,2024-01-29,9105
6770,力積電,4,0,4,群益金鼎-高盛,2024-01-29,9105
00712,復華富時不動產,4,0,4,群益金鼎-高盛,2024-01-29,9105
2020,美亞,4,0,4,群益金鼎-高盛,2024-01-29,9105
2402,毅嘉,8,4,4,群益金鼎-高盛,2024-01-29,9105
3434,哲固,14,10,4,群益金鼎-高盛,2024-01-29,9105
9105,泰金寶-DR,338,0,338,群益金鼎-高盛,2024-01-30,9105
00937B,群益ESG投等債20,68,5,63,群益金鼎-高盛,2024-01-30,9105
2329,華泰,47,9,38,群益金鼎-高盛,2024-01-30,9105
2303,聯電,35,0,35,群益金鼎-高盛,2024-01-30,9105
00933B,國泰10Y+金融債,27,0,27,群益金鼎-高盛,2024-01-30,9105
2618,長榮航,33,7,26,群益金鼎-高盛,2024-01-30,9105
00753L,中信中國50正2,125,100,25,群益金鼎-高盛,2024-01-30,9105
00929,復華台灣科技優息,25,1,24,群益金鼎-高盛,2024-01-30,9105
00680L,元大美債20正2,22,0,22,群益金鼎-高盛,2024-01-30,9105
00665L,富邦�琤肭磪囓�2,20,0,20,群益金鼎-高盛,2024-01-30,9105
4105,東洋,20,0,20,群益金鼎-高盛,2024-01-30,9105
9945,潤泰新,17,0,17,群益金鼎-高盛,2024-01-30,9105
00935,野村臺灣新科技50,23,7,16,群益金鼎-高盛,2024-01-30,9105
3481,群創,63,47,16,群益金鼎-高盛,2024-01-30,9105
5347,世界,16,1,15,群益金鼎-高盛,2024-01-30,9105
00648R,元大S＆P500反1,15,0,15,群益金鼎-高盛,2024-01-30,9105
3038,全台,17,2,15,群益金鼎-高盛,2024-01-30,9105
4303,信立,14,0,14,群益金鼎-高盛,2024-01-30,9105
1101,台泥,12,0,12,群益金鼎-高盛,2024-01-30,9105
4743,合一,12,0,12,群益金鼎-高盛,2024-01-30,9105
2324,仁寶,13,1,12,群益金鼎-高盛,2024-01-30,9105
2882,國泰金,17,6,11,群益金鼎-高盛,2024-01-30,9105
6217,中探針,11,0,11,群益金鼎-高盛,2024-01-30,9105
00907,永豐優息存股,10,0,10,群益金鼎-高盛,2024-01-30,9105
1584,精剛,10,0,10,群益金鼎-高盛,2024-01-30,9105
2323,中環,10,0,10,群益金鼎-高盛,2024-01-30,9105
3296,勝德,10,0,10,群益金鼎-高盛,2024-01-30,9105
6275,元山,10,0,10,群益金鼎-高盛,2024-01-30,9105
1439,雋揚,9,0,9,群益金鼎-高盛,2024-01-30,9105
4432,銘旺實,9,0,9,群益金鼎-高盛,2024-01-30,9105
8033,雷虎,9,0,9,群益金鼎-高盛,2024-01-30,9105
2369,菱生,25,17,8,群益金鼎-高盛,2024-01-30,9105
2409,友達,32,24,8,群益金鼎-高盛,2024-01-30,9105
4760,勤凱,8,0,8,群益金鼎-高盛,2024-01-30,9105
6494,九齊,9,1,8,群益金鼎-高盛,2024-01-30,9105
4543,萬在,13,6,7,群益金鼎-高盛,2024-01-30,9105
6770,力積電,9,2,7,群益金鼎-高盛,2024-01-30,9105
2498,宏達電,7,0,7,群益金鼎-高盛,2024-01-30,9105
2610,華航,7,0,7,群益金鼎-高盛,2024-01-30,9105
4960,誠美材,18,11,7,群益金鼎-高盛,2024-01-30,9105
6515,穎崴,7,0,7,群益金鼎-高盛,2024-01-30,9105
5871,中租-KY,6,0,6,群益金鼎-高盛,2024-01-30,9105
4939,亞電,6,0,6,群益金鼎-高盛,2024-01-30,9105
5426,振發,19,13,6,群益金鼎-高盛,2024-01-30,9105
3034,聯詠,5,0,5,群益金鼎-高盛,2024-01-30,9105
00632R,元大台灣50反1,5,0,5,群益金鼎-高盛,2024-01-30,9105
1905,華紙,5,0,5,群益金鼎-高盛,2024-01-30,9105
2014,中鴻,6,1,5,群益金鼎-高盛,2024-01-30,9105
2337,旺宏,5,0,5,群益金鼎-高盛,2024-01-30,9105
2344,華邦電,12,7,5,群益金鼎-高盛,2024-01-30,9105
00900,富邦特選高股息30,161,1,160,群益金鼎-高盛,2024-01-31,9105
00882,中信中國高股息,103,0,103,群益金鼎-高盛,2024-01-31,9105
00733,富邦臺灣中小,73,0,73,群益金鼎-高盛,2024-01-31,9105
8027,鈦昇,73,3,70,群益金鼎-高盛,2024-01-31,9105
3481,群創,83,14,69,群益金鼎-高盛,2024-01-31,9105
00919,群益台灣精選高息,61,0,61,群益金鼎-高盛,2024-01-31,9105
2356,英業達,55,3,52,群益金鼎-高盛,2024-01-31,9105
1316,上曜,45,1,44,群益金鼎-高盛,2024-01-31,9105
1337,再生-KY,40,0,40,群益金鼎-高盛,2024-01-31,9105
00937B,群益ESG投等債20,48,10,38,群益金鼎-高盛,2024-01-31,9105
2618,長榮航,36,4,32,群益金鼎-高盛,2024-01-31,9105
00669R,國泰美國道瓊反1,30,0,30,群益金鼎-高盛,2024-01-31,9105
2609,陽明,35,5,30,群益金鼎-高盛,2024-01-31,9105
5529,鉅陞,30,0,30,群益金鼎-高盛,2024-01-31,9105
9105,泰金寶-DR,29,0,29,群益金鼎-高盛,2024-01-31,9105
1439,雋揚,28,0,28,群益金鼎-高盛,2024-01-31,9105
2303,聯電,25,1,24,群益金鼎-高盛,2024-01-31,9105
2308,台達電,24,0,24,群益金鼎-高盛,2024-01-31,9105
2023,燁輝,20,0,20,群益金鼎-高盛,2024-01-31,9105
2330,台積電,22,2,20,群益金鼎-高盛,2024-01-31,9105
3231,緯創,29,12,17,群益金鼎-高盛,2024-01-31,9105
2867,三商壽,17,0,17,群益金鼎-高盛,2024-01-31,9105
2353,宏��,28,14,14,群益金鼎-高盛,2024-01-31,9105
00687B,國泰20年美債,19,6,13,群益金鼎-高盛,2024-01-31,9105
5474,聰泰,13,1,12,群益金鼎-高盛,2024-01-31,9105
00720B,元大投資級公司債,11,0,11,群益金鼎-高盛,2024-01-31,9105
2542,興富發,10,0,10,群益金鼎-高盛,2024-01-31,9105
2888,新光金,10,0,10,群益金鼎-高盛,2024-01-31,9105
6153,嘉聯益,10,0,10,群益金鼎-高盛,2024-01-31,9105
2610,華航,10,1,9,群益金鼎-高盛,2024-01-31,9105
3312,弘憶股,10,1,9,群益金鼎-高盛,2024-01-31,9105
4188,安克,9,0,9,群益金鼎-高盛,2024-01-31,9105
1560,中砂,11,3,8,群益金鼎-高盛,2024-01-31,9105
2382,廣達,9,1,8,群益金鼎-高盛,2024-01-31,9105
3122,笙泉,9,1,8,群益金鼎-高盛,2024-01-31,9105
3284,太普高,8,0,8,群益金鼎-高盛,2024-01-31,9105
6229,研通,12,4,8,群益金鼎-高盛,2024-01-31,9105
6509,聚和,8,0,8,群益金鼎-高盛,2024-01-31,9105
2324,仁寶,9,2,7,群益金鼎-高盛,2024-01-31,9105
3694,海華,27,21,6,群益金鼎-高盛,2024-01-31,9105
6770,力積電,6,0,6,群益金鼎-高盛,2024-01-31,9105
00633L,富邦上証正2,12,6,6,群益金鼎-高盛,2024-01-31,9105
2344,華邦電,8,2,6,群益金鼎-高盛,2024-01-31,9105
8089,康全電訊,9,3,6,群益金鼎-高盛,2024-01-31,9105
3576,聯合再生,5,0,5,群益金鼎-高盛,2024-01-31,9105
5871,中租-KY,5,0,5,群益金鼎-高盛,2024-01-31,9105
00935,野村臺灣新科技50,5,0,5,群益金鼎-高盛,2024-01-31,9105
5478,智冠,5,0,5,群益金鼎-高盛,2024-01-31,9105
6116,彩晶,7,2,5,群益金鼎-高盛,2024-01-31,9105
6198,瑞築,5,0,5,群益金鼎-高盛,2024-01-31,9105
6116,彩晶,167,6,161,群益金鼎-高盛,2024-02-01,9105
8011,台通,119,1,118,群益金鼎-高盛,2024-02-01,9105
00919,群益台灣精選高息,152,46,106,群益金鼎-高盛,2024-02-01,9105
00929,復華台灣科技優息,104,5,99,群益金鼎-高盛,2024-02-01,9105
2356,英業達,92,28,64,群益金鼎-高盛,2024-02-01,9105
9907,統一實,64,0,64,群益金鼎-高盛,2024-02-01,9105
00937B,群益ESG投等債20,74,31,43,群益金鼎-高盛,2024-02-01,9105
2409,友達,56,14,42,群益金鼎-高盛,2024-02-01,9105
00900,富邦特選高股息30,40,1,39,群益金鼎-高盛,2024-02-01,9105
1337,再生-KY,30,0,30,群益金鼎-高盛,2024-02-01,9105
1701,中化,30,0,30,群益金鼎-高盛,2024-02-01,9105
9105,泰金寶-DR,30,0,30,群益金鼎-高盛,2024-02-01,9105
00915,凱基優選高股息30,21,0,21,群益金鼎-高盛,2024-02-01,9105
2364,倫飛,21,0,21,群益金鼎-高盛,2024-02-01,9105
5529,鉅陞,21,0,21,群益金鼎-高盛,2024-02-01,9105
00664R,國泰臺灣加權反1,20,0,20,群益金鼎-高盛,2024-02-01,9105
2382,廣達,19,2,17,群益金鼎-高盛,2024-02-01,9105
2845,遠東銀,16,0,16,群益金鼎-高盛,2024-02-01,9105
6179,亞通,16,2,14,群益金鼎-高盛,2024-02-01,9105
1513,中興電,21,8,13,群益金鼎-高盛,2024-02-01,9105
8111,立��,15,2,13,群益金鼎-高盛,2024-02-01,9105
2330,台積電,13,0,13,群益金鼎-高盛,2024-02-01,9105
00918,大華優利高填息30,12,0,12,群益金鼎-高盛,2024-02-01,9105
6668,中揚光,13,1,12,群益金鼎-高盛,2024-02-01,9105
1439,雋揚,11,0,11,群益金鼎-高盛,2024-02-01,9105
2812,台中銀,29,18,11,群益金鼎-高盛,2024-02-01,9105
5009,榮剛,12,1,11,群益金鼎-高盛,2024-02-01,9105
5351,鈺創,12,2,10,群益金鼎-高盛,2024-02-01,9105
3339,泰谷,10,0,10,群益金鼎-高盛,2024-02-01,9105
4303,信立,10,0,10,群益金鼎-高盛,2024-02-01,9105
6667,信紘科,16,6,10,群益金鼎-高盛,2024-02-01,9105
2484,希華,10,1,9,群益金鼎-高盛,2024-02-01,9105
3545,敦泰,10,1,9,群益金鼎-高盛,2024-02-01,9105
6531,愛普*,10,1,9,群益金鼎-高盛,2024-02-01,9105
2353,宏��,25,16,9,群益金鼎-高盛,2024-02-01,9105
1618,合機,12,4,8,群益金鼎-高盛,2024-02-01,9105
6152,百一,8,0,8,群益金鼎-高盛,2024-02-01,9105
3437,榮創,10,3,7,群益金鼎-高盛,2024-02-01,9105
6229,研通,25,18,7,群益金鼎-高盛,2024-02-01,9105
6768,志強-KY,7,0,7,群益金鼎-高盛,2024-02-01,9105
00712,復華富時不動產,7,0,7,群益金鼎-高盛,2024-02-01,9105
3162,精確,6,0,6,群益金鼎-高盛,2024-02-01,9105
8027,鈦昇,6,0,6,群益金鼎-高盛,2024-02-01,9105
8059,凱碩,8,2,6,群益金鼎-高盛,2024-02-01,9105
8933,愛地雅,5,0,5,群益金鼎-高盛,2024-02-01,9105
2836,高雄銀,5,0,5,群益金鼎-高盛,2024-02-01,9105
1560,中砂,5,0,5,群益金鼎-高盛,2024-02-01,9105
00680L,元大美債20正2,5,0,5,群益金鼎-高盛,2024-02-01,9105
00632R,元大台灣50反1,5,0,5,群益金鼎-高盛,2024-02-01,9105
1316,上曜,5,0,5,群益金鼎-高盛,2024-02-01,9105
00919,群益台灣精選高息,129,3,126,群益金鼎-高盛,2024-02-02,9105
00882,中信中國高股息,106,0,106,群益金鼎-高盛,2024-02-02,9105
2329,華泰,61,13,48,群益金鼎-高盛,2024-02-02,9105
9907,統一實,36,0,36,群益金鼎-高盛,2024-02-02,9105
00648R,元大S＆P500反1,35,0,35,群益金鼎-高盛,2024-02-02,9105
2303,聯電,35,1,34,群益金鼎-高盛,2024-02-02,9105
5529,鉅陞,28,0,28,群益金鼎-高盛,2024-02-02,9105
00669R,國泰美國道瓊反1,25,0,25,群益金鼎-高盛,2024-02-02,9105
00680L,元大美債20正2,35,10,25,群益金鼎-高盛,2024-02-02,9105
2431,聯昌,25,0,25,群益金鼎-高盛,2024-02-02,9105
00712,復華富時不動產,24,0,24,群益金鼎-高盛,2024-02-02,9105
00900,富邦特選高股息30,22,1,21,群益金鼎-高盛,2024-02-02,9105
00878,國泰永續高股息,26,5,21,群益金鼎-高盛,2024-02-02,9105
00720B,元大投資級公司債,20,1,19,群益金鼎-高盛,2024-02-02,9105
00637L,元大滬深300正2,43,24,19,群益金鼎-高盛,2024-02-02,9105
1513,中興電,40,21,19,群益金鼎-高盛,2024-02-02,9105
2369,菱生,18,0,18,群益金鼎-高盛,2024-02-02,9105
2618,長榮航,28,11,17,群益金鼎-高盛,2024-02-02,9105
00665L,富邦�琤肭磪囓�2,120,103,17,群益金鼎-高盛,2024-02-02,9105
2002,中鋼,16,0,16,群益金鼎-高盛,2024-02-02,9105
8176,智捷,16,0,16,群益金鼎-高盛,2024-02-02,9105
00931B,統一美債20年,18,3,15,群益金鼎-高盛,2024-02-02,9105
1316,上曜,15,0,15,群益金鼎-高盛,2024-02-02,9105
00937B,群益ESG投等債20,27,13,14,群益金鼎-高盛,2024-02-02,9105
3032,偉訓,17,3,14,群益金鼎-高盛,2024-02-02,9105
3615,安可,44,31,13,群益金鼎-高盛,2024-02-02,9105
5403,中菲,13,0,13,群益金鼎-高盛,2024-02-02,9105
00715L,期街口布蘭特正2,12,0,12,群益金鼎-高盛,2024-02-02,9105
2884,玉山金,12,0,12,群益金鼎-高盛,2024-02-02,9105
2603,長榮,12,0,12,群益金鼎-高盛,2024-02-02,9105
2504,國產,11,0,11,群益金鼎-高盛,2024-02-02,9105
3711,日月光投控,13,2,11,群益金鼎-高盛,2024-02-02,9105
1514,亞力,19,8,11,群益金鼎-高盛,2024-02-02,9105
3294,英濟,11,1,10,群益金鼎-高盛,2024-02-02,9105
2636,台驊控股,12,2,10,群益金鼎-高盛,2024-02-02,9105
00753L,中信中國50正2,10,0,10,群益金鼎-高盛,2024-02-02,9105
3339,泰谷,10,0,10,群益金鼎-高盛,2024-02-02,9105
3712,永崴投控,10,0,10,群益金鼎-高盛,2024-02-02,9105
5328,華容,10,0,10,群益金鼎-高盛,2024-02-02,9105
4906,正文,18,9,9,群益金鼎-高盛,2024-02-02,9105
8089,康全電訊,17,8,9,群益金鼎-高盛,2024-02-02,9105
2353,宏��,28,20,8,群益金鼎-高盛,2024-02-02,9105
6147,頎邦,8,0,8,群益金鼎-高盛,2024-02-02,9105
00915,凱基優選高股息30,11,3,8,群益金鼎-高盛,2024-02-02,9105
3122,笙泉,10,2,8,群益金鼎-高盛,2024-02-02,9105
5347,世界,13,5,8,群益金鼎-高盛,2024-02-02,9105
5351,鈺創,10,3,7,群益金鼎-高盛,2024-02-02,9105
2393,億光,6,0,6,群益金鼎-高盛,2024-02-02,9105
00933B,國泰10Y+金融債,6,0,6,群益金鼎-高盛,2024-02-02,9105
2027,大成鋼,6,0,6,群益金鼎-高盛,2024-02-02,9105
00900,富邦特選高股息30,129,6,123,群益金鼎-高盛,2024-02-05,9105
00671R,富邦NASDAQ反1,100,0,100,群益金鼎-高盛,2024-02-05,9105
1785,光洋科,100,0,100,群益金鼎-高盛,2024-02-05,9105
00882,中信中國高股息,90,0,90,群益金鼎-高盛,2024-02-05,9105
00687B,國泰20年美債,87,0,87,群益金鼎-高盛,2024-02-05,9105
00929,復華台灣科技優息,82,1,81,群益金鼎-高盛,2024-02-05,9105
00632R,元大台灣50反1,101,25,76,群益金鼎-高盛,2024-02-05,9105
00937B,群益ESG投等債20,68,2,66,群益金鼎-高盛,2024-02-05,9105
00919,群益台灣精選高息,64,2,62,群益金鼎-高盛,2024-02-05,9105
2002,中鋼,68,10,58,群益金鼎-高盛,2024-02-05,9105
2609,陽明,52,4,48,群益金鼎-高盛,2024-02-05,9105
2208,台船,45,0,45,群益金鼎-高盛,2024-02-05,9105
1337,再生-KY,40,0,40,群益金鼎-高盛,2024-02-05,9105
3047,訊舟,41,1,40,群益金鼎-高盛,2024-02-05,9105
2618,長榮航,82,44,38,群益金鼎-高盛,2024-02-05,9105
2890,永豐金,141,110,31,群益金鼎-高盛,2024-02-05,9105
00679B,元大美債20年,30,0,30,群益金鼎-高盛,2024-02-05,9105
3050,鈺德,30,0,30,群益金鼎-高盛,2024-02-05,9105
00712,復華富時不動產,28,0,28,群益金鼎-高盛,2024-02-05,9105
5529,鉅陞,27,0,27,群益金鼎-高盛,2024-02-05,9105
2303,聯電,25,0,25,群益金鼎-高盛,2024-02-05,9105
3481,群創,32,8,24,群益金鼎-高盛,2024-02-05,9105
2913,農林,20,0,20,群益金鼎-高盛,2024-02-05,9105
00830,國泰費城半導體,20,0,20,群益金鼎-高盛,2024-02-05,9105
1815,富喬,20,0,20,群益金鼎-高盛,2024-02-05,9105
6026,福邦證,20,0,20,群益金鼎-高盛,2024-02-05,9105
00751B,元大AAA至A公司債,19,0,19,群益金鼎-高盛,2024-02-05,9105
2454,聯發科,15,0,15,群益金鼎-高盛,2024-02-05,9105
2887,台新金,15,0,15,群益金鼎-高盛,2024-02-05,9105
5011,久陽,15,0,15,群益金鼎-高盛,2024-02-05,9105
2884,玉山金,13,0,13,群益金鼎-高盛,2024-02-05,9105
4714,永捷,39,26,13,群益金鼎-高盛,2024-02-05,9105
1528,恩德,25,13,12,群益金鼎-高盛,2024-02-05,9105
2353,宏��,41,29,12,群益金鼎-高盛,2024-02-05,9105
2610,華航,12,0,12,群益金鼎-高盛,2024-02-05,9105
3025,星通,13,1,12,群益金鼎-高盛,2024-02-05,9105
3296,勝德,12,0,12,群益金鼎-高盛,2024-02-05,9105
2812,台中銀,21,10,11,群益金鼎-高盛,2024-02-05,9105
3450,聯鈞,11,0,11,群益金鼎-高盛,2024-02-05,9105
1718,中纖,11,0,11,群益金鼎-高盛,2024-02-05,9105
00878,國泰永續高股息,14,3,11,群益金鼎-高盛,2024-02-05,9105
9904,寶成,10,0,10,群益金鼎-高盛,2024-02-05,9105
9942,茂順,10,0,10,群益金鼎-高盛,2024-02-05,9105
4133,亞諾法,10,0,10,群益金鼎-高盛,2024-02-05,9105
1701,中化,10,0,10,群益金鼎-高盛,2024-02-05,9105
00738U,期元大道瓊白銀,10,0,10,群益金鼎-高盛,2024-02-05,9105
2022,聚亨,10,0,10,群益金鼎-高盛,2024-02-05,9105
2371,大同,12,2,10,群益金鼎-高盛,2024-02-05,9105
1303,南亞,10,1,9,群益金鼎-高盛,2024-02-05,9105
2882,國泰金,13,4,9,群益金鼎-高盛,2024-02-05,9105
00632R,元大台灣50反1,398,16,382,群益金鼎-高盛,2024-02-15,9105
00937B,群益ESG投等債20,282,0,282,群益金鼎-高盛,2024-02-15,9105
2890,永豐金,280,13,267,群益金鼎-高盛,2024-02-15,9105
00687B,國泰20年美債,246,0,246,群益金鼎-高盛,2024-02-15,9105
2006,東和鋼鐵,100,0,100,群益金鼎-高盛,2024-02-15,9105
00671R,富邦NASDAQ反1,100,0,100,群益金鼎-高盛,2024-02-15,9105
2618,長榮航,71,5,66,群益金鼎-高盛,2024-02-15,9105
00795B,中信美國公債20年,61,0,61,群益金鼎-高盛,2024-02-15,9105
00751B,元大AAA至A公司債,58,0,58,群益金鼎-高盛,2024-02-15,9105
3481,群創,93,35,58,群益金鼎-高盛,2024-02-15,9105
00673R,期元大S＆P原油反1,58,0,58,群益金鼎-高盛,2024-02-15,9105
00664R,國泰臺灣加權反1,67,11,56,群益金鼎-高盛,2024-02-15,9105
2353,宏��,68,13,55,群益金鼎-高盛,2024-02-15,9105
2888,新光金,55,0,55,群益金鼎-高盛,2024-02-15,9105
00680L,元大美債20正2,45,1,44,群益金鼎-高盛,2024-02-15,9105
00933B,國泰10Y+金融債,62,18,44,群益金鼎-高盛,2024-02-15,9105
2515,中工,43,1,42,群益金鼎-高盛,2024-02-15,9105
6770,力積電,41,0,41,群益金鼎-高盛,2024-02-15,9105
00911,兆豐洲際半導體,40,0,40,群益金鼎-高盛,2024-02-15,9105
00900,富邦特選高股息30,50,12,38,群益金鼎-高盛,2024-02-15,9105
6015,宏遠證,42,6,36,群益金鼎-高盛,2024-02-15,9105
00712,復華富時不動產,30,0,30,群益金鼎-高盛,2024-02-15,9105
00706L,期元大S＆P日圓正2,24,0,24,群益金鼎-高盛,2024-02-15,9105
2610,華航,24,0,24,群益金鼎-高盛,2024-02-15,9105
2439,美律,22,0,22,群益金鼎-高盛,2024-02-15,9105
3694,海華,20,0,20,群益金鼎-高盛,2024-02-15,9105
6026,福邦證,20,0,20,群益金鼎-高盛,2024-02-15,9105
00757,統一FANG+,17,0,17,群益金鼎-高盛,2024-02-15,9105
00679B,元大美債20年,28,13,15,群益金鼎-高盛,2024-02-15,9105
00688L,國泰20年美債正2,15,0,15,群益金鼎-高盛,2024-02-15,9105
5011,久陽,15,0,15,群益金鼎-高盛,2024-02-15,9105
2344,華邦電,16,2,14,群益金鼎-高盛,2024-02-15,9105
00720B,元大投資級公司債,13,0,13,群益金鼎-高盛,2024-02-15,9105
2486,一詮,13,0,13,群益金鼎-高盛,2024-02-15,9105
5871,中租-KY,13,0,13,群益金鼎-高盛,2024-02-15,9105
6120,達運,13,1,12,群益金鼎-高盛,2024-02-15,9105
1795,美時,11,0,11,群益金鼎-高盛,2024-02-15,9105
00934,中信成長高股息,11,0,11,群益金鼎-高盛,2024-02-15,9105
6265,方土昶,19,8,11,群益金鼎-高盛,2024-02-15,9105
3294,英濟,14,3,11,群益金鼎-高盛,2024-02-15,9105
8210,勤誠,12,2,10,群益金鼎-高盛,2024-02-15,9105
006205,富邦上証,10,0,10,群益金鼎-高盛,2024-02-15,9105
00896,中信綠能及電動車,10,0,10,群益金鼎-高盛,2024-02-15,9105
3535,晶彩科,10,0,10,群益金鼎-高盛,2024-02-15,9105
6282,康舒,21,11,10,群益金鼎-高盛,2024-02-15,9105
2388,威盛,15,5,10,群益金鼎-高盛,2024-02-15,9105
1560,中砂,10,0,10,群益金鼎-高盛,2024-02-15,9105
5210,寶碩,10,0,10,群益金鼎-高盛,2024-02-15,9105
00919,群益台灣精選高息,16,7,9,群益金鼎-高盛,2024-02-15,9105
1101,台泥,9,0,9,群益金鼎-高盛,2024-02-15,9105
2324,仁寶,234,24,210,群益金鼎-高盛,2024-02-16,9105
00641R,富邦日本反1,200,0,200,群益金鼎-高盛,2024-02-16,9105
3047,訊舟,141,15,126,群益金鼎-高盛,2024-02-16,9105
00795B,中信美國公債20年,124,0,124,群益金鼎-高盛,2024-02-16,9105
00632R,元大台灣50反1,108,9,99,群益金鼎-高盛,2024-02-16,9105
00687B,國泰20年美債,89,0,89,群益金鼎-高盛,2024-02-16,9105
2892,第一金,65,0,65,群益金鼎-高盛,2024-02-16,9105
6125,廣運,71,12,59,群益金鼎-高盛,2024-02-16,9105
2605,新興,53,4,49,群益金鼎-高盛,2024-02-16,9105
00900,富邦特選高股息30,73,34,39,群益金鼎-高盛,2024-02-16,9105
2630,亞航,35,0,35,群益金鼎-高盛,2024-02-16,9105
00680L,元大美債20正2,33,0,33,群益金鼎-高盛,2024-02-16,9105
1101,台泥,31,0,31,群益金鼎-高盛,2024-02-16,9105
00673R,期元大S＆P原油反1,31,0,31,群益金鼎-高盛,2024-02-16,9105
8111,立��,30,0,30,群益金鼎-高盛,2024-02-16,9105
2363,矽統,44,16,28,群益金鼎-高盛,2024-02-16,9105
3264,欣銓,29,2,27,群益金鼎-高盛,2024-02-16,9105
2515,中工,26,0,26,群益金鼎-高盛,2024-02-16,9105
00933B,國泰10Y+金融債,25,1,24,群益金鼎-高盛,2024-02-16,9105
00929,復華台灣科技優息,35,13,22,群益金鼎-高盛,2024-02-16,9105
1326,台化,20,0,20,群益金鼎-高盛,2024-02-16,9105
1718,中纖,20,0,20,群益金鼎-高盛,2024-02-16,9105
2376,技嘉,27,7,20,群益金鼎-高盛,2024-02-16,9105
2303,聯電,19,0,19,群益金鼎-高盛,2024-02-16,9105
6770,力積電,14,1,13,群益金鼎-高盛,2024-02-16,9105
2888,新光金,13,0,13,群益金鼎-高盛,2024-02-16,9105
00712,復華富時不動產,13,0,13,群益金鼎-高盛,2024-02-16,9105
2867,三商壽,13,0,13,群益金鼎-高盛,2024-02-16,9105
2365,昆盈,57,44,13,群益金鼎-高盛,2024-02-16,9105
3231,緯創,27,15,12,群益金鼎-高盛,2024-02-16,9105
2356,英業達,59,47,12,群益金鼎-高盛,2024-02-16,9105
6188,廣明,12,0,12,群益金鼎-高盛,2024-02-16,9105
3021,鴻名,11,0,11,群益金鼎-高盛,2024-02-16,9105
3114,好德,11,0,11,群益金鼎-高盛,2024-02-16,9105
4714,永捷,21,10,11,群益金鼎-高盛,2024-02-16,9105
00937B,群益ESG投等債20,11,0,11,群益金鼎-高盛,2024-02-16,9105
00665L,富邦�琤肭磪囓�2,10,0,10,群益金鼎-高盛,2024-02-16,9105
3580,友威科,10,0,10,群益金鼎-高盛,2024-02-16,9105
4533,協易機,10,0,10,群益金鼎-高盛,2024-02-16,9105
5529,鉅陞,10,0,10,群益金鼎-高盛,2024-02-16,9105
9904,寶成,10,0,10,群益金鼎-高盛,2024-02-16,9105
2609,陽明,25,16,9,群益金鼎-高盛,2024-02-16,9105
1522,堤維西,10,1,9,群益金鼎-高盛,2024-02-16,9105
2201,裕隆,9,0,9,群益金鼎-高盛,2024-02-16,9105
2702,華園,9,0,9,群益金鼎-高盛,2024-02-16,9105
3011,今皓,9,0,9,群益金鼎-高盛,2024-02-16,9105
6204,艾華,10,1,9,群益金鼎-高盛,2024-02-16,9105
3706,神達,11,3,8,群益金鼎-高盛,2024-02-16,9105
2618,長榮航,19,11,8,群益金鼎-高盛,2024-02-16,9105
00757,統一FANG+,8,0,8,群益金鼎-高盛,2024-02-16,9105
00637L,元大滬深300正2,168,66,102,群益金鼎-高盛,2024-02-19,9105
00937B,群益ESG投等債20,118,30,88,群益金鼎-高盛,2024-02-19,9105
00933B,國泰10Y+金融債,62,0,62,群益金鼎-高盛,2024-02-19,9105
00919,群益台灣精選高息,72,12,60,群益金鼎-高盛,2024-02-19,9105
3231,緯創,67,13,54,群益金鼎-高盛,2024-02-19,9105
2630,亞航,43,0,43,群益金鼎-高盛,2024-02-19,9105
6117,迎廣,43,6,37,群益金鼎-高盛,2024-02-19,9105
2330,台積電,29,0,29,群益金鼎-高盛,2024-02-19,9105
00753L,中信中國50正2,26,0,26,群益金鼎-高盛,2024-02-19,9105
3437,榮創,45,19,26,群益金鼎-高盛,2024-02-19,9105
5426,振發,40,15,25,群益金鼎-高盛,2024-02-19,9105
2356,英業達,52,28,24,群益金鼎-高盛,2024-02-19,9105
2329,華泰,93,69,24,群益金鼎-高盛,2024-02-19,9105
3041,揚智,50,26,24,群益金鼎-高盛,2024-02-19,9105
3576,聯合再生,21,0,21,群益金鼎-高盛,2024-02-19,9105
1718,中纖,20,0,20,群益金鼎-高盛,2024-02-19,9105
00733,富邦臺灣中小,20,0,20,群益金鼎-高盛,2024-02-19,9105
2025,千興,20,1,19,群益金鼎-高盛,2024-02-19,9105
5512,力麒,18,0,18,群益金鼎-高盛,2024-02-19,9105
00795B,中信美國公債20年,16,0,16,群益金鼎-高盛,2024-02-19,9105
4714,永捷,29,14,15,群益金鼎-高盛,2024-02-19,9105
00679B,元大美債20年,15,0,15,群益金鼎-高盛,2024-02-19,9105
2369,菱生,66,52,14,群益金鼎-高盛,2024-02-19,9105
6142,友勁,14,0,14,群益金鼎-高盛,2024-02-19,9105
2353,宏��,37,23,14,群益金鼎-高盛,2024-02-19,9105
6284,佳邦,15,2,13,群益金鼎-高盛,2024-02-19,9105
00673R,期元大S＆P原油反1,12,0,12,群益金鼎-高盛,2024-02-19,9105
6288,聯嘉,14,2,12,群益金鼎-高盛,2024-02-19,9105
6245,立端,11,0,11,群益金鼎-高盛,2024-02-19,9105
1785,光洋科,12,1,11,群益金鼎-高盛,2024-02-19,9105
8111,立��,11,0,11,群益金鼎-高盛,2024-02-19,9105
6257,矽格,11,0,11,群益金鼎-高盛,2024-02-19,9105
2867,三商壽,11,0,11,群益金鼎-高盛,2024-02-19,9105
00650L,復華香港正2,20,10,10,群益金鼎-高盛,2024-02-19,9105
2882,國泰金,15,5,10,群益金鼎-高盛,2024-02-19,9105
3284,太普高,10,0,10,群益金鼎-高盛,2024-02-19,9105
6233,旺玖,10,0,10,群益金鼎-高盛,2024-02-19,9105
4906,正文,11,2,9,群益金鼎-高盛,2024-02-19,9105
2317,鴻海,17,8,9,群益金鼎-高盛,2024-02-19,9105
1444,力麗,10,1,9,群益金鼎-高盛,2024-02-19,9105
5529,鉅陞,9,0,9,群益金鼎-高盛,2024-02-19,9105
8096,擎亞,26,17,9,群益金鼎-高盛,2024-02-19,9105
6213,聯茂,12,3,9,群益金鼎-高盛,2024-02-19,9105
8046,南電,8,0,8,群益金鼎-高盛,2024-02-19,9105
2355,敬鵬,29,21,8,群益金鼎-高盛,2024-02-19,9105
2607,榮運,8,0,8,群益金鼎-高盛,2024-02-19,9105
3704,合勤控,9,1,8,群益金鼎-高盛,2024-02-19,9105
6116,彩晶,10,2,8,群益金鼎-高盛,2024-02-19,9105
2388,威盛,8,0,8,群益金鼎-高盛,2024-02-19,9105
2489,瑞軒,30,23,7,群益金鼎-高盛,2024-02-19,9105
00673R,期元大S＆P原油反1,310,0,310,群益金鼎-高盛,2024-02-20,9105
00733,富邦臺灣中小,56,0,56,群益金鼎-高盛,2024-02-20,9105
3312,弘憶股,81,25,56,群益金鼎-高盛,2024-02-20,9105
00632R,元大台灣50反1,52,2,50,群益金鼎-高盛,2024-02-20,9105
1806,冠軍,49,4,45,群益金鼎-高盛,2024-02-20,9105
00679B,元大美債20年,47,6,41,群益金鼎-高盛,2024-02-20,9105
2498,宏達電,42,3,39,群益金鼎-高盛,2024-02-20,9105
2356,英業達,47,8,39,群益金鼎-高盛,2024-02-20,9105
2367,燿華,33,1,32,群益金鼎-高盛,2024-02-20,9105
5011,久陽,32,2,30,群益金鼎-高盛,2024-02-20,9105
2025,千興,25,1,24,群益金鼎-高盛,2024-02-20,9105
6126,信音,24,3,21,群益金鼎-高盛,2024-02-20,9105
00888,永豐台灣ESG,20,0,20,群益金鼎-高盛,2024-02-20,9105
6684,安格,50,30,20,群益金鼎-高盛,2024-02-20,9105
00680L,元大美債20正2,28,9,19,群益金鼎-高盛,2024-02-20,9105
8926,台汽電,22,3,19,群益金鼎-高盛,2024-02-20,9105
3231,緯創,27,8,19,群益金鼎-高盛,2024-02-20,9105
2344,華邦電,18,0,18,群益金鼎-高盛,2024-02-20,9105
2401,凌陽,23,5,18,群益金鼎-高盛,2024-02-20,9105
3706,神達,23,5,18,群益金鼎-高盛,2024-02-20,9105
3041,揚智,82,64,18,群益金鼎-高盛,2024-02-20,9105
00933B,國泰10Y+金融債,17,0,17,群益金鼎-高盛,2024-02-20,9105
00688L,國泰20年美債正2,17,0,17,群益金鼎-高盛,2024-02-20,9105
3438,類比科,16,0,16,群益金鼎-高盛,2024-02-20,9105
5009,榮剛,15,0,15,群益金鼎-高盛,2024-02-20,9105
6265,方土昶,15,0,15,群益金鼎-高盛,2024-02-20,9105
2332,友訊,30,16,14,群益金鼎-高盛,2024-02-20,9105
2369,菱生,35,21,14,群益金鼎-高盛,2024-02-20,9105
00937B,群益ESG投等債20,13,0,13,群益金鼎-高盛,2024-02-20,9105
6669,緯穎,12,0,12,群益金鼎-高盛,2024-02-20,9105
2605,新興,14,2,12,群益金鼎-高盛,2024-02-20,9105
2014,中鴻,11,0,11,群益金鼎-高盛,2024-02-20,9105
4123,晟德,11,0,11,群益金鼎-高盛,2024-02-20,9105
00878,國泰永續高股息,14,3,11,群益金鼎-高盛,2024-02-20,9105
6207,雷科,11,1,10,群益金鼎-高盛,2024-02-20,9105
6282,康舒,21,11,10,群益金鼎-高盛,2024-02-20,9105
1785,光洋科,10,0,10,群益金鼎-高盛,2024-02-20,9105
2420,新巨,10,0,10,群益金鼎-高盛,2024-02-20,9105
2462,良得電,10,0,10,群益金鼎-高盛,2024-02-20,9105
2851,中再保,10,0,10,群益金鼎-高盛,2024-02-20,9105
2883,凱基金,10,0,10,群益金鼎-高盛,2024-02-20,9105
2897,王道銀行,10,0,10,群益金鼎-高盛,2024-02-20,9105
6127,九豪,10,0,10,群益金鼎-高盛,2024-02-20,9105
6233,旺玖,24,14,10,群益金鼎-高盛,2024-02-20,9105
6276,安鈦克,10,0,10,群益金鼎-高盛,2024-02-20,9105
8047,星雲,10,0,10,群益金鼎-高盛,2024-02-20,9105
8110,華東,23,13,10,群益金鼎-高盛,2024-02-20,9105
1722,台肥,9,0,9,群益金鼎-高盛,2024-02-20,9105
5355,佳總,10,2,8,群益金鼎-高盛,2024-02-20,9105
6548,長科*,8,0,8,群益金鼎-高盛,2024-02-20,9105
2303,聯電,95,1,94,群益金鼎-高盛,2024-02-21,9105
3047,訊舟,169,80,89,群益金鼎-高盛,2024-02-21,9105
2890,永豐金,80,0,80,群益金鼎-高盛,2024-02-21,9105
00933B,國泰10Y+金融債,54,0,54,群益金鼎-高盛,2024-02-21,9105
3380,明泰,63,12,51,群益金鼎-高盛,2024-02-21,9105
9904,寶成,50,0,50,群益金鼎-高盛,2024-02-21,9105
00937B,群益ESG投等債20,52,6,46,群益金鼎-高盛,2024-02-21,9105
00795B,中信美國公債20年,43,0,43,群益金鼎-高盛,2024-02-21,9105
3231,緯創,41,8,33,群益金鼎-高盛,2024-02-21,9105
00679B,元大美債20年,32,0,32,群益金鼎-高盛,2024-02-21,9105
2609,陽明,29,1,28,群益金鼎-高盛,2024-02-21,9105
00712,復華富時不動產,27,0,27,群益金鼎-高盛,2024-02-21,9105
2515,中工,27,0,27,群益金鼎-高盛,2024-02-21,9105
00878,國泰永續高股息,32,6,26,群益金鼎-高盛,2024-02-21,9105
2402,毅嘉,25,0,25,群益金鼎-高盛,2024-02-21,9105
3034,聯詠,27,3,24,群益金鼎-高盛,2024-02-21,9105
00720B,元大投資級公司債,20,0,20,群益金鼎-高盛,2024-02-21,9105
5347,世界,20,0,20,群益金鼎-高盛,2024-02-21,9105
3481,群創,28,9,19,群益金鼎-高盛,2024-02-21,9105
5009,榮剛,20,1,19,群益金鼎-高盛,2024-02-21,9105
6248,沛波,20,5,15,群益金鼎-高盛,2024-02-21,9105
5529,鉅陞,15,1,14,群益金鼎-高盛,2024-02-21,9105
6117,迎廣,15,1,14,群益金鼎-高盛,2024-02-21,9105
6204,艾華,16,2,14,群益金鼎-高盛,2024-02-21,9105
00687B,國泰20年美債,19,5,14,群益金鼎-高盛,2024-02-21,9105
6125,廣運,18,6,12,群益金鼎-高盛,2024-02-21,9105
2301,光寶科,12,0,12,群益金鼎-高盛,2024-02-21,9105
00680L,元大美債20正2,11,0,11,群益金鼎-高盛,2024-02-21,9105
2465,麗臺,11,0,11,群益金鼎-高盛,2024-02-21,9105
2484,希華,13,3,10,群益金鼎-高盛,2024-02-21,9105
3706,神達,12,2,10,群益金鼎-高盛,2024-02-21,9105
4305,世坤,10,0,10,群益金鼎-高盛,2024-02-21,9105
6667,信紘科,15,5,10,群益金鼎-高盛,2024-02-21,9105
8111,立��,10,0,10,群益金鼎-高盛,2024-02-21,9105
8358,金居,10,0,10,群益金鼎-高盛,2024-02-21,9105
3035,智原,15,5,10,群益金鼎-高盛,2024-02-21,9105
3702,大聯大,9,0,9,群益金鼎-高盛,2024-02-21,9105
3661,世芯-KY,9,0,9,群益金鼎-高盛,2024-02-21,9105
00633L,富邦上証正2,16,7,9,群益金鼎-高盛,2024-02-21,9105
3025,星通,51,42,9,群益金鼎-高盛,2024-02-21,9105
3715,定穎投控,10,1,9,群益金鼎-高盛,2024-02-21,9105
2014,中鴻,8,0,8,群益金鼎-高盛,2024-02-21,9105
2884,玉山金,8,0,8,群益金鼎-高盛,2024-02-21,9105
3005,神基,21,13,8,群益金鼎-高盛,2024-02-21,9105
8085,福華,8,0,8,群益金鼎-高盛,2024-02-21,9105
8926,台汽電,10,2,8,群益金鼎-高盛,2024-02-21,9105
2356,英業達,11,3,8,群益金鼎-高盛,2024-02-21,9105
2065,世豐,7,0,7,群益金鼎-高盛,2024-02-21,9105
3607,谷崧,8,1,7,群益金鼎-高盛,2024-02-21,9105
8182,加高,9,2,7,群益金鼎-高盛,2024-02-21,9105
2356,英業達,94,22,72,群益金鼎-高盛,2024-02-22,9105
2498,宏達電,51,1,50,群益金鼎-高盛,2024-02-22,9105
2504,國產,50,0,50,群益金鼎-高盛,2024-02-22,9105
00795B,中信美國公債20年,45,0,45,群益金鼎-高盛,2024-02-22,9105
00680L,元大美債20正2,30,0,30,群益金鼎-高盛,2024-02-22,9105
00632R,元大台灣50反1,40,10,30,群益金鼎-高盛,2024-02-22,9105
00937B,群益ESG投等債20,30,0,30,群益金鼎-高盛,2024-02-22,9105
00652,富邦印度,25,0,25,群益金鼎-高盛,2024-02-22,9105
5403,中菲,22,0,22,群益金鼎-高盛,2024-02-22,9105
2489,瑞軒,36,17,19,群益金鼎-高盛,2024-02-22,9105
2369,菱生,38,19,19,群益金鼎-高盛,2024-02-22,9105
1618,合機,25,7,18,群益金鼎-高盛,2024-02-22,9105
1503,士電,28,11,17,群益金鼎-高盛,2024-02-22,9105
6282,康舒,20,4,16,群益金鼎-高盛,2024-02-22,9105
3481,群創,16,2,14,群益金鼎-高盛,2024-02-22,9105
2208,台船,18,4,14,群益金鼎-高盛,2024-02-22,9105
2367,燿華,38,24,14,群益金鼎-高盛,2024-02-22,9105
6142,友勁,20,6,14,群益金鼎-高盛,2024-02-22,9105
6509,聚和,14,0,14,群益金鼎-高盛,2024-02-22,9105
3231,緯創,34,20,14,群益金鼎-高盛,2024-02-22,9105
00687B,國泰20年美債,13,0,13,群益金鼎-高盛,2024-02-22,9105
6126,信音,29,16,13,群益金鼎-高盛,2024-02-22,9105
00720B,元大投資級公司債,12,0,12,群益金鼎-高盛,2024-02-22,9105
4906,正文,13,1,12,群益金鼎-高盛,2024-02-22,9105
4908,前鼎,27,15,12,群益金鼎-高盛,2024-02-22,9105
3047,訊舟,16,4,12,群益金鼎-高盛,2024-02-22,9105
2329,華泰,148,136,12,群益金鼎-高盛,2024-02-22,9105
1795,美時,11,0,11,群益金鼎-高盛,2024-02-22,9105
1802,台玻,11,0,11,群益金鼎-高盛,2024-02-22,9105
2542,興富發,11,0,11,群益金鼎-高盛,2024-02-22,9105
3260,威剛,12,1,11,群益金鼎-高盛,2024-02-22,9105
6667,信紘科,23,12,11,群益金鼎-高盛,2024-02-22,9105
00882,中信中國高股息,16,6,10,群益金鼎-高盛,2024-02-22,9105
2376,技嘉,14,4,10,群益金鼎-高盛,2024-02-22,9105
2458,義隆,11,1,10,群益金鼎-高盛,2024-02-22,9105
00936,台新永續高息中小,10,0,10,群益金鼎-高盛,2024-02-22,9105
00891,中信關鍵半導體,10,0,10,群益金鼎-高盛,2024-02-22,9105
1219,福壽,10,0,10,群益金鼎-高盛,2024-02-22,9105
2014,中鴻,10,0,10,群益金鼎-高盛,2024-02-22,9105
2545,皇翔,10,0,10,群益金鼎-高盛,2024-02-22,9105
3094,聯傑,10,0,10,群益金鼎-高盛,2024-02-22,9105
5498,凱崴,10,0,10,群益金鼎-高盛,2024-02-22,9105
3017,奇鋐,11,1,10,群益金鼎-高盛,2024-02-22,9105
3706,神達,10,1,9,群益金鼎-高盛,2024-02-22,9105
6168,宏齊,15,6,9,群益金鼎-高盛,2024-02-22,9105
8064,東捷,17,8,9,群益金鼎-高盛,2024-02-22,9105
3689,湧德,13,4,9,群益金鼎-高盛,2024-02-22,9105
3035,智原,18,10,8,群益金鼎-高盛,2024-02-22,9105
00639,富邦深100,8,0,8,群益金鼎-高盛,2024-02-22,9105
1722,台肥,8,0,8,群益金鼎-高盛,2024-02-22,9105
00632R,元大台灣50反1,332,12,320,群益金鼎-高盛,2024-02-23,9105
00937B,群益ESG投等債20,186,1,185,群益金鼎-高盛,2024-02-23,9105
3041,揚智,158,11,147,群益金鼎-高盛,2024-02-23,9105
00929,復華台灣科技優息,115,10,105,群益金鼎-高盛,2024-02-23,9105
2543,皇昌,101,0,101,群益金鼎-高盛,2024-02-23,9105
2504,國產,60,0,60,群益金鼎-高盛,2024-02-23,9105
00720B,元大投資級公司債,44,0,44,群益金鼎-高盛,2024-02-23,9105
2405,輔信,66,28,38,群益金鼎-高盛,2024-02-23,9105
00919,群益台灣精選高息,68,33,35,群益金鼎-高盛,2024-02-23,9105
3380,明泰,35,1,34,群益金鼎-高盛,2024-02-23,9105
2801,彰銀,30,0,30,群益金鼎-高盛,2024-02-23,9105
00687B,國泰20年美債,29,0,29,群益金鼎-高盛,2024-02-23,9105
2303,聯電,28,1,27,群益金鼎-高盛,2024-02-23,9105
5465,富驊,25,0,25,群益金鼎-高盛,2024-02-23,9105
5880,合庫金,22,0,22,群益金鼎-高盛,2024-02-23,9105
00795B,中信美國公債20年,21,0,21,群益金鼎-高盛,2024-02-23,9105
2353,宏��,26,5,21,群益金鼎-高盛,2024-02-23,9105
00665L,富邦�琤肭磪囓�2,20,0,20,群益金鼎-高盛,2024-02-23,9105
00679B,元大美債20年,19,0,19,群益金鼎-高盛,2024-02-23,9105
1342,八貫,21,2,19,群益金鼎-高盛,2024-02-23,9105
2618,長榮航,19,2,17,群益金鼎-高盛,2024-02-23,9105
2371,大同,21,5,16,群益金鼎-高盛,2024-02-23,9105
2498,宏達電,17,1,16,群益金鼎-高盛,2024-02-23,9105
00680L,元大美債20正2,14,0,14,群益金鼎-高盛,2024-02-23,9105
2615,萬海,19,5,14,群益金鼎-高盛,2024-02-23,9105
6127,九豪,19,5,14,群益金鼎-高盛,2024-02-23,9105
3044,健鼎,15,2,13,群益金鼎-高盛,2024-02-23,9105
00770,國泰北美科技,20,7,13,群益金鼎-高盛,2024-02-23,9105
00915,凱基優選高股息30,14,1,13,群益金鼎-高盛,2024-02-23,9105
1337,再生-KY,13,0,13,群益金鼎-高盛,2024-02-23,9105
3231,緯創,42,29,13,群益金鼎-高盛,2024-02-23,9105
2884,玉山金,13,0,13,群益金鼎-高盛,2024-02-23,9105
00918,大華優利高填息30,11,0,11,群益金鼎-高盛,2024-02-23,9105
6189,豐藝,19,9,10,群益金鼎-高盛,2024-02-23,9105
6191,精成科,11,1,10,群益金鼎-高盛,2024-02-23,9105
2313,華通,26,16,10,群益金鼎-高盛,2024-02-23,9105
5011,久陽,10,1,9,群益金鼎-高盛,2024-02-23,9105
5425,台半,9,0,9,群益金鼎-高盛,2024-02-23,9105
6806,森崴能源,10,1,9,群益金鼎-高盛,2024-02-23,9105
1316,上曜,40,31,9,群益金鼎-高盛,2024-02-23,9105
3715,定穎投控,12,3,9,群益金鼎-高盛,2024-02-23,9105
2630,亞航,9,0,9,群益金鼎-高盛,2024-02-23,9105
6285,啟��,10,2,8,群益金鼎-高盛,2024-02-23,9105
00706L,期元大S＆P日圓正2,8,0,8,群益金鼎-高盛,2024-02-23,9105
1319,東陽,10,2,8,群益金鼎-高盛,2024-02-23,9105
3548,兆利,8,0,8,群益金鼎-高盛,2024-02-23,9105
2002,中鋼,8,0,8,群益金鼎-高盛,2024-02-23,9105
2610,華航,10,2,8,群益金鼎-高盛,2024-02-23,9105
2421,建準,14,7,7,群益金鼎-高盛,2024-02-23,9105
3711,日月光投控,11,4,7,群益金鼎-高盛,2024-02-23,9105
00933B,國泰10Y+金融債,263,26,237,群益金鼎-高盛,2024-02-26,9105
00937B,群益ESG投等債20,125,12,113,群益金鼎-高盛,2024-02-26,9105
00878,國泰永續高股息,108,1,107,群益金鼎-高盛,2024-02-26,9105
00929,復華台灣科技優息,83,16,67,群益金鼎-高盛,2024-02-26,9105
2504,國產,66,0,66,群益金鼎-高盛,2024-02-26,9105
2888,新光金,53,0,53,群益金鼎-高盛,2024-02-26,9105
00935,野村臺灣新科技50,52,2,50,群益金鼎-高盛,2024-02-26,9105
00632R,元大台灣50反1,42,0,42,群益金鼎-高盛,2024-02-26,9105
00733,富邦臺灣中小,40,0,40,群益金鼎-高盛,2024-02-26,9105
2892,第一金,38,0,38,群益金鼎-高盛,2024-02-26,9105
00795B,中信美國公債20年,30,0,30,群益金鼎-高盛,2024-02-26,9105
6016,康和證,30,0,30,群益金鼎-高盛,2024-02-26,9105
6684,安格,37,7,30,群益金鼎-高盛,2024-02-26,9105
00918,大華優利高填息30,29,0,29,群益金鼎-高盛,2024-02-26,9105
2302,麗正,28,0,28,群益金鼎-高盛,2024-02-26,9105
1310,台苯,30,3,27,群益金鼎-高盛,2024-02-26,9105
2882,國泰金,27,0,27,群益金鼎-高盛,2024-02-26,9105
2356,英業達,43,19,24,群益金鼎-高盛,2024-02-26,9105
00687B,國泰20年美債,24,4,20,群益金鼎-高盛,2024-02-26,9105
00665L,富邦�琤肭磪囓�2,20,0,20,群益金鼎-高盛,2024-02-26,9105
1529,樂事綠能,23,3,20,群益金鼎-高盛,2024-02-26,9105
2303,聯電,18,0,18,群益金鼎-高盛,2024-02-26,9105
2609,陽明,31,15,16,群益金鼎-高盛,2024-02-26,9105
3515,華擎,14,0,14,群益金鼎-高盛,2024-02-26,9105
3035,智原,13,0,13,群益金鼎-高盛,2024-02-26,9105
00650L,復華香港正2,13,0,13,群益金鼎-高盛,2024-02-26,9105
6281,全國電,13,0,13,群益金鼎-高盛,2024-02-26,9105
2344,華邦電,14,3,11,群益金鼎-高盛,2024-02-26,9105
00927,群益半導體收益,10,0,10,群益金鼎-高盛,2024-02-26,9105
00764B,群益25年美債,10,0,10,群益金鼎-高盛,2024-02-26,9105
1711,永光,10,0,10,群益金鼎-高盛,2024-02-26,9105
1815,富喬,21,11,10,群益金鼎-高盛,2024-02-26,9105
2369,菱生,23,13,10,群益金鼎-高盛,2024-02-26,9105
2884,玉山金,10,0,10,群益金鼎-高盛,2024-02-26,9105
5512,力麒,15,5,10,群益金鼎-高盛,2024-02-26,9105
8105,凌巨,10,0,10,群益金鼎-高盛,2024-02-26,9105
00680L,元大美債20正2,19,10,9,群益金鼎-高盛,2024-02-26,9105
1714,和桐,10,1,9,群益金鼎-高盛,2024-02-26,9105
3545,敦泰,10,1,9,群益金鼎-高盛,2024-02-26,9105
4526,東台,13,5,8,群益金鼎-高盛,2024-02-26,9105
3264,欣銓,8,0,8,群益金鼎-高盛,2024-02-26,9105
3504,揚明光,8,0,8,群益金鼎-高盛,2024-02-26,9105
9904,寶成,8,0,8,群益金鼎-高盛,2024-02-26,9105
6275,元山,9,2,7,群益金鼎-高盛,2024-02-26,9105
6667,信紘科,13,6,7,群益金鼎-高盛,2024-02-26,9105
3055,蔚華科,12,6,6,群益金鼎-高盛,2024-02-26,9105
6770,力積電,6,0,6,群益金鼎-高盛,2024-02-26,9105
2351,順德,6,0,6,群益金鼎-高盛,2024-02-26,9105
2449,京元電子,7,1,6,群益金鼎-高盛,2024-02-26,9105
3450,聯鈞,17,11,6,群益金鼎-高盛,2024-02-26,9105
00878,國泰永續高股息,88,5,83,群益金鼎-高盛,2024-02-27,9105
2329,華泰,95,15,80,群益金鼎-高盛,2024-02-27,9105
1316,上曜,129,50,79,群益金鼎-高盛,2024-02-27,9105
4529,淳紳,75,0,75,群益金鼎-高盛,2024-02-27,9105
2353,宏��,68,3,65,群益金鼎-高盛,2024-02-27,9105
00929,復華台灣科技優息,67,6,61,群益金鼎-高盛,2024-02-27,9105
00937B,群益ESG投等債20,59,0,59,群益金鼎-高盛,2024-02-27,9105
00935,野村臺灣新科技50,51,3,48,群益金鼎-高盛,2024-02-27,9105
00919,群益台灣精選高息,109,63,46,群益金鼎-高盛,2024-02-27,9105
1609,大亞,40,0,40,群益金鼎-高盛,2024-02-27,9105
2801,彰銀,30,0,30,群益金鼎-高盛,2024-02-27,9105
4977,眾達-KY,33,3,30,群益金鼎-高盛,2024-02-27,9105
00933B,國泰10Y+金融債,29,1,28,群益金鼎-高盛,2024-02-27,9105
6016,康和證,30,2,28,群益金鼎-高盛,2024-02-27,9105
3037,欣興,37,10,27,群益金鼎-高盛,2024-02-27,9105
2023,燁輝,25,0,25,群益金鼎-高盛,2024-02-27,9105
00733,富邦臺灣中小,60,37,23,群益金鼎-高盛,2024-02-27,9105
1524,耿鼎,49,29,20,群益金鼎-高盛,2024-02-27,9105
2065,世豐,21,1,20,群益金鼎-高盛,2024-02-27,9105
1514,亞力,57,38,19,群益金鼎-高盛,2024-02-27,9105
00918,大華優利高填息30,29,11,18,群益金鼎-高盛,2024-02-27,9105
00687B,國泰20年美債,23,5,18,群益金鼎-高盛,2024-02-27,9105
2887,台新金,17,0,17,群益金鼎-高盛,2024-02-27,9105
6668,中揚光,29,12,17,群益金鼎-高盛,2024-02-27,9105
2382,廣達,19,2,17,群益金鼎-高盛,2024-02-27,9105
00665L,富邦�琤肭磪囓�2,16,0,16,群益金鼎-高盛,2024-02-27,9105
2301,光寶科,20,4,16,群益金鼎-高盛,2024-02-27,9105
1101,台泥,20,5,15,群益金鼎-高盛,2024-02-27,9105
2888,新光金,15,0,15,群益金鼎-高盛,2024-02-27,9105
00679B,元大美債20年,18,4,14,群益金鼎-高盛,2024-02-27,9105
6443,元晶,12,0,12,群益金鼎-高盛,2024-02-27,9105
3005,神基,34,22,12,群益金鼎-高盛,2024-02-27,9105
1721,三晃,38,27,11,群益金鼎-高盛,2024-02-27,9105
2609,陽明,16,5,11,群益金鼎-高盛,2024-02-27,9105
4960,誠美材,22,11,11,群益金鼎-高盛,2024-02-27,9105
2313,華通,47,37,10,群益金鼎-高盛,2024-02-27,9105
3227,原相,15,5,10,群益金鼎-高盛,2024-02-27,9105
00923,群益台ESG低碳50,10,0,10,群益金鼎-高盛,2024-02-27,9105
1337,再生-KY,10,0,10,群益金鼎-高盛,2024-02-27,9105
1449,佳和,10,0,10,群益金鼎-高盛,2024-02-27,9105
2022,聚亨,10,0,10,群益金鼎-高盛,2024-02-27,9105
2615,萬海,10,0,10,群益金鼎-高盛,2024-02-27,9105
4413,飛寶企業,10,0,10,群益金鼎-高盛,2024-02-27,9105
2421,建準,11,2,9,群益金鼎-高盛,2024-02-27,9105
00891,中信關鍵半導體,10,2,8,群益金鼎-高盛,2024-02-27,9105
2405,輔信,44,36,8,群益金鼎-高盛,2024-02-27,9105
6282,康舒,8,0,8,群益金鼎-高盛,2024-02-27,9105
2913,農林,8,0,8,群益金鼎-高盛,2024-02-27,9105
3163,波若威,27,19,8,群益金鼎-高盛,2024-02-27,9105
3712,永崴投控,14,6,8,群益金鼎-高盛,2024-02-27,9105
00673R,期元大S＆P原油反1,330,0,330,群益金鼎-高盛,2024-02-29,9105
00937B,群益ESG投等債20,157,2,155,群益金鼎-高盛,2024-02-29,9105
00878,國泰永續高股息,104,10,94,群益金鼎-高盛,2024-02-29,9105
2888,新光金,53,0,53,群益金鼎-高盛,2024-02-29,9105
2330,台積電,55,3,52,群益金鼎-高盛,2024-02-29,9105
6116,彩晶,55,4,51,群益金鼎-高盛,2024-02-29,9105
2329,華泰,60,13,47,群益金鼎-高盛,2024-02-29,9105
2611,志信,44,0,44,群益金鼎-高盛,2024-02-29,9105
00680L,元大美債20正2,37,0,37,群益金鼎-高盛,2024-02-29,9105
00633L,富邦上証正2,36,2,34,群益金鼎-高盛,2024-02-29,9105
2609,陽明,53,24,29,群益金鼎-高盛,2024-02-29,9105
00687B,國泰20年美債,27,0,27,群益金鼎-高盛,2024-02-29,9105
3047,訊舟,21,0,21,群益金鼎-高盛,2024-02-29,9105
5512,力麒,24,4,20,群益金鼎-高盛,2024-02-29,9105
1560,中砂,21,1,20,群益金鼎-高盛,2024-02-29,9105
4927,泰鼎-KY,20,0,20,群益金鼎-高盛,2024-02-29,9105
2303,聯電,27,9,18,群益金鼎-高盛,2024-02-29,9105
2331,精英,18,0,18,群益金鼎-高盛,2024-02-29,9105
00931B,統一美債20年,16,0,16,群益金鼎-高盛,2024-02-29,9105
6282,康舒,22,7,15,群益金鼎-高盛,2024-02-29,9105
5488,松普,19,5,14,群益金鼎-高盛,2024-02-29,9105
5425,台半,19,6,13,群益金鼎-高盛,2024-02-29,9105
3372,典範,13,1,12,群益金鼎-高盛,2024-02-29,9105
6465,威潤,12,0,12,群益金鼎-高盛,2024-02-29,9105
3231,緯創,20,9,11,群益金鼎-高盛,2024-02-29,9105
2412,中華電,11,0,11,群益金鼎-高盛,2024-02-29,9105
3325,旭品,13,2,11,群益金鼎-高盛,2024-02-29,9105
3438,類比科,11,1,10,群益金鼎-高盛,2024-02-29,9105
00712,復華富時不動產,10,0,10,群益金鼎-高盛,2024-02-29,9105
00706L,期元大S＆P日圓正2,10,0,10,群益金鼎-高盛,2024-02-29,9105
00665L,富邦�琤肭磪囓�2,10,0,10,群益金鼎-高盛,2024-02-29,9105
2705,六福,10,0,10,群益金鼎-高盛,2024-02-29,9105
2838,聯邦銀,10,0,10,群益金鼎-高盛,2024-02-29,9105
4303,信立,12,2,10,群益金鼎-高盛,2024-02-29,9105
4556,旭然,12,2,10,群益金鼎-高盛,2024-02-29,9105
6216,居易,10,0,10,群益金鼎-高盛,2024-02-29,9105
6509,聚和,10,0,10,群益金鼎-高盛,2024-02-29,9105
2324,仁寶,31,22,9,群益金鼎-高盛,2024-02-29,9105
3481,群創,10,2,8,群益金鼎-高盛,2024-02-29,9105
00632R,元大台灣50反1,22,14,8,群益金鼎-高盛,2024-02-29,9105
1710,東聯,8,0,8,群益金鼎-高盛,2024-02-29,9105
2420,新巨,8,0,8,群益金鼎-高盛,2024-02-29,9105
00885,富邦越南,10,3,7,群益金鼎-高盛,2024-02-29,9105
2301,光寶科,8,1,7,群益金鼎-高盛,2024-02-29,9105
2428,興勤,7,0,7,群益金鼎-高盛,2024-02-29,9105
5608,四維航,10,3,7,群益金鼎-高盛,2024-02-29,9105
2605,新興,25,19,6,群益金鼎-高盛,2024-02-29,9105
3050,鈺德,9,3,6,群益金鼎-高盛,2024-02-29,9105
4906,正文,6,0,6,群益金鼎-高盛,2024-02-29,9105
5009,榮剛,6,0,6,群益金鼎-高盛,2024-02-29,9105
00679B,元大美債20年,290,0,290,群益金鼎-高盛,2024-03-01,9105
00918,大華優利高填息30,291,40,251,群益金鼎-高盛,2024-03-01,9105
00919,群益台灣精選高息,229,2,227,群益金鼎-高盛,2024-03-01,9105
1712,興農,100,0,100,群益金鼎-高盛,2024-03-01,9105
2890,永豐金,80,0,80,群益金鼎-高盛,2024-03-01,9105
00937B,群益ESG投等債20,59,0,59,群益金鼎-高盛,2024-03-01,9105
00751B,元大AAA至A公司債,40,0,40,群益金鼎-高盛,2024-03-01,9105
6016,康和證,33,0,33,群益金鼎-高盛,2024-03-01,9105
3339,泰谷,28,0,28,群益金鼎-高盛,2024-03-01,9105
00665L,富邦�琤肭磪囓�2,24,0,24,群益金鼎-高盛,2024-03-01,9105
00753L,中信中國50正2,21,0,21,群益金鼎-高盛,2024-03-01,9105
4402,郡都開發,21,0,21,群益金鼎-高盛,2024-03-01,9105
3702,大聯大,23,3,20,群益金鼎-高盛,2024-03-01,9105
1201,味全,20,0,20,群益金鼎-高盛,2024-03-01,9105
2405,輔信,21,1,20,群益金鼎-高盛,2024-03-01,9105
3002,歐格,20,0,20,群益金鼎-高盛,2024-03-01,9105
3663,鑫科,20,1,19,群益金鼎-高盛,2024-03-01,9105
3036,文曄,22,4,18,群益金鼎-高盛,2024-03-01,9105
6770,力積電,17,0,17,群益金鼎-高盛,2024-03-01,9105
2486,一詮,22,5,17,群益金鼎-高盛,2024-03-01,9105
4162,智擎,15,0,15,群益金鼎-高盛,2024-03-01,9105
4977,眾達-KY,15,0,15,群益金鼎-高盛,2024-03-01,9105
2476,鉅祥,13,0,13,群益金鼎-高盛,2024-03-01,9105
3013,晟銘電,16,3,13,群益金鼎-高盛,2024-03-01,9105
1316,上曜,36,24,12,群益金鼎-高盛,2024-03-01,9105
3577,泓格,12,0,12,群益金鼎-高盛,2024-03-01,9105
6257,矽格,13,2,11,群益金鼎-高盛,2024-03-01,9105
1815,富喬,32,21,11,群益金鼎-高盛,2024-03-01,9105
3706,神達,13,2,11,群益金鼎-高盛,2024-03-01,9105
00680L,元大美債20正2,11,0,11,群益金鼎-高盛,2024-03-01,9105
2383,台光電,15,5,10,群益金鼎-高盛,2024-03-01,9105
00712,復華富時不動產,10,0,10,群益金鼎-高盛,2024-03-01,9105
3059,華晶科,10,0,10,群益金鼎-高盛,2024-03-01,9105
3071,協禧,13,3,10,群益金鼎-高盛,2024-03-01,9105
4173,久裕,10,0,10,群益金鼎-高盛,2024-03-01,9105
8034,榮群,10,0,10,群益金鼎-高盛,2024-03-01,9105
3041,揚智,12,2,10,群益金鼎-高盛,2024-03-01,9105
1618,合機,13,4,9,群益金鼎-高盛,2024-03-01,9105
3035,智原,11,2,9,群益金鼎-高盛,2024-03-01,9105
6579,研揚,8,0,8,群益金鼎-高盛,2024-03-01,9105
2611,志信,8,0,8,群益金鼎-高盛,2024-03-01,9105
6451,訊芯-KY,8,0,8,群益金鼎-高盛,2024-03-01,9105
2353,宏��,8,1,7,群益金鼎-高盛,2024-03-01,9105
4906,正文,7,0,7,群益金鼎-高盛,2024-03-01,9105
2002,中鋼,10,4,6,群益金鼎-高盛,2024-03-01,9105
1101,台泥,6,0,6,群益金鼎-高盛,2024-03-01,9105
2313,華通,7,1,6,群益金鼎-高盛,2024-03-01,9105
3714,富采,6,0,6,群益金鼎-高盛,2024-03-01,9105
0056,元大高股息,7,1,6,群益金鼎-高盛,2024-03-01,9105
00933B,國泰10Y+金融債,6,0,6,群益金鼎-高盛,2024-03-01,9105
5880,合庫金,300,0,300,群益金鼎-高盛,2024-03-04,9105
6116,彩晶,163,10,153,群益金鼎-高盛,2024-03-04,9105
00679B,元大美債20年,146,5,141,群益金鼎-高盛,2024-03-04,9105
2892,第一金,100,0,100,群益金鼎-高盛,2024-03-04,9105
2890,永豐金,80,0,80,群益金鼎-高盛,2024-03-04,9105
2014,中鴻,51,5,46,群益金鼎-高盛,2024-03-04,9105
00632R,元大台灣50反1,77,32,45,群益金鼎-高盛,2024-03-04,9105
00900,富邦特選高股息30,42,1,41,群益金鼎-高盛,2024-03-04,9105
00919,群益台灣精選高息,77,42,35,群益金鼎-高盛,2024-03-04,9105
00733,富邦臺灣中小,34,0,34,群益金鼎-高盛,2024-03-04,9105
1219,福壽,30,0,30,群益金鼎-高盛,2024-03-04,9105
2323,中環,30,2,28,群益金鼎-高盛,2024-03-04,9105
2327,國巨,27,1,26,群益金鼎-高盛,2024-03-04,9105
1609,大亞,37,11,26,群益金鼎-高盛,2024-03-04,9105
00937B,群益ESG投等債20,25,0,25,群益金鼎-高盛,2024-03-04,9105
1316,上曜,31,8,23,群益金鼎-高盛,2024-03-04,9105
1802,台玻,18,0,18,群益金鼎-高盛,2024-03-04,9105
5426,振發,25,8,17,群益金鼎-高盛,2024-03-04,9105
6016,康和證,17,0,17,群益金鼎-高盛,2024-03-04,9105
1905,華紙,18,1,17,群益金鼎-高盛,2024-03-04,9105
1514,亞力,48,31,17,群益金鼎-高盛,2024-03-04,9105
1560,中砂,30,14,16,群益金鼎-高盛,2024-03-04,9105
3715,定穎投控,16,0,16,群益金鼎-高盛,2024-03-04,9105
1569,濱川,14,0,14,群益金鼎-高盛,2024-03-04,9105
2421,建準,17,4,13,群益金鼎-高盛,2024-03-04,9105
2609,陽明,22,9,13,群益金鼎-高盛,2024-03-04,9105
00680L,元大美債20正2,13,0,13,群益金鼎-高盛,2024-03-04,9105
6125,廣運,45,32,13,群益金鼎-高盛,2024-03-04,9105
6127,九豪,15,3,12,群益金鼎-高盛,2024-03-04,9105
8401,白紗科,12,0,12,群益金鼎-高盛,2024-03-04,9105
2618,長榮航,11,0,11,群益金鼎-高盛,2024-03-04,9105
2332,友訊,23,12,11,群益金鼎-高盛,2024-03-04,9105
6143,振曜,12,1,11,群益金鼎-高盛,2024-03-04,9105
6248,沛波,11,0,11,群益金鼎-高盛,2024-03-04,9105
5905,南仁湖,10,0,10,群益金鼎-高盛,2024-03-04,9105
1444,力麗,10,0,10,群益金鼎-高盛,2024-03-04,9105
00933B,國泰10Y+金融債,10,0,10,群益金鼎-高盛,2024-03-04,9105
2206,三陽工業,24,14,10,群益金鼎-高盛,2024-03-04,9105
2302,麗正,10,0,10,群益金鼎-高盛,2024-03-04,9105
2316,楠梓電,10,0,10,群益金鼎-高盛,2024-03-04,9105
3188,鑫龍騰,10,0,10,群益金鼎-高盛,2024-03-04,9105
3380,明泰,14,4,10,群益金鼎-高盛,2024-03-04,9105
9904,寶成,10,0,10,群益金鼎-高盛,2024-03-04,9105
3209,全科,10,0,10,群益金鼎-高盛,2024-03-04,9105
2888,新光金,10,0,10,群益金鼎-高盛,2024-03-04,9105
6505,台塑化,9,0,9,群益金鼎-高盛,2024-03-04,9105
00935,野村臺灣新科技50,9,0,9,群益金鼎-高盛,2024-03-04,9105
1584,精剛,12,3,9,群益金鼎-高盛,2024-03-04,9105
2464,盟立,11,2,9,群益金鼎-高盛,2024-03-04,9105
3450,聯鈞,35,26,9,群益金鼎-高盛,2024-03-04,9105
00919,群益台灣精選高息,202,27,175,群益金鼎-高盛,2024-03-05,9105
00937B,群益ESG投等債20,165,17,148,群益金鼎-高盛,2024-03-05,9105
00929,復華台灣科技優息,145,78,67,群益金鼎-高盛,2024-03-05,9105
2330,台積電,76,12,64,群益金鼎-高盛,2024-03-05,9105
5905,南仁湖,60,0,60,群益金鼎-高盛,2024-03-05,9105
6016,康和證,55,0,55,群益金鼎-高盛,2024-03-05,9105
00632R,元大台灣50反1,49,12,37,群益金鼎-高盛,2024-03-05,9105
00665L,富邦�琤肭磪囓�2,25,0,25,群益金鼎-高盛,2024-03-05,9105
3481,群創,26,3,23,群益金鼎-高盛,2024-03-05,9105
8054,安國,28,7,21,群益金鼎-高盛,2024-03-05,9105
2303,聯電,21,1,20,群益金鼎-高盛,2024-03-05,9105
5011,久陽,20,0,20,群益金鼎-高盛,2024-03-05,9105
6116,彩晶,21,1,20,群益金鼎-高盛,2024-03-05,9105
00751B,元大AAA至A公司債,19,0,19,群益金鼎-高盛,2024-03-05,9105
00915,凱基優選高股息30,18,0,18,群益金鼎-高盛,2024-03-05,9105
6163,華電網,24,7,17,群益金鼎-高盛,2024-03-05,9105
00664R,國泰臺灣加權反1,29,13,16,群益金鼎-高盛,2024-03-05,9105
00918,大華優利高填息30,15,0,15,群益金鼎-高盛,2024-03-05,9105
2324,仁寶,20,5,15,群益金鼎-高盛,2024-03-05,9105
2543,皇昌,16,1,15,群益金鼎-高盛,2024-03-05,9105
2460,建通,19,5,14,群益金鼎-高盛,2024-03-05,9105
8227,巨有科技,15,1,14,群益金鼎-高盛,2024-03-05,9105
1102,亞泥,20,6,14,群益金鼎-高盛,2024-03-05,9105
5426,振發,19,6,13,群益金鼎-高盛,2024-03-05,9105
9905,大華,13,0,13,群益金鼎-高盛,2024-03-05,9105
2065,世豐,12,0,12,群益金鼎-高盛,2024-03-05,9105
3055,蔚華科,23,11,12,群益金鼎-高盛,2024-03-05,9105
3289,宜特,19,7,12,群益金鼎-高盛,2024-03-05,9105
00687B,國泰20年美債,13,2,11,群益金鼎-高盛,2024-03-05,9105
2889,國票金,11,0,11,群益金鼎-高盛,2024-03-05,9105
4743,合一,11,0,11,群益金鼎-高盛,2024-03-05,9105
4162,智擎,10,0,10,群益金鼎-高盛,2024-03-05,9105
3257,虹冠電,10,0,10,群益金鼎-高盛,2024-03-05,9105
00648R,元大S＆P500反1,10,0,10,群益金鼎-高盛,2024-03-05,9105
00753L,中信中國50正2,90,80,10,群益金鼎-高盛,2024-03-05,9105
2329,華泰,16,6,10,群益金鼎-高盛,2024-03-05,9105
3105,穩懋,10,0,10,群益金鼎-高盛,2024-03-05,9105
4303,信立,10,0,10,群益金鼎-高盛,2024-03-05,9105
4927,泰鼎-KY,10,0,10,群益金鼎-高盛,2024-03-05,9105
4956,光鋐,14,4,10,群益金鼎-高盛,2024-03-05,9105
6115,鎰勝,10,0,10,群益金鼎-高盛,2024-03-05,9105
6153,嘉聯益,10,0,10,群益金鼎-高盛,2024-03-05,9105
2340,台亞,12,3,9,群益金鼎-高盛,2024-03-05,9105
1337,再生-KY,10,1,9,群益金鼎-高盛,2024-03-05,9105
2022,聚亨,9,0,9,群益金鼎-高盛,2024-03-05,9105
3694,海華,16,7,9,群益金鼎-高盛,2024-03-05,9105
3325,旭品,19,11,8,群益金鼎-高盛,2024-03-05,9105
3088,艾訊,7,0,7,群益金鼎-高盛,2024-03-05,9105
3266,昇陽,7,0,7,群益金鼎-高盛,2024-03-05,9105
4942,嘉彰,7,0,7,群益金鼎-高盛,2024-03-05,9105
00632R,元大台灣50反1,477,13,464,群益金鼎-高盛,2024-03-06,9105
00671R,富邦NASDAQ反1,204,0,204,群益金鼎-高盛,2024-03-06,9105
5880,合庫金,200,0,200,群益金鼎-高盛,2024-03-06,9105
3481,群創,130,1,129,群益金鼎-高盛,2024-03-06,9105
00919,群益台灣精選高息,120,48,72,群益金鼎-高盛,2024-03-06,9105
3694,海華,63,6,57,群益金鼎-高盛,2024-03-06,9105
5905,南仁湖,50,0,50,群益金鼎-高盛,2024-03-06,9105
2409,友達,45,3,42,群益金鼎-高盛,2024-03-06,9105
00937B,群益ESG投等債20,42,0,42,群益金鼎-高盛,2024-03-06,9105
00915,凱基優選高股息30,34,0,34,群益金鼎-高盛,2024-03-06,9105
3664,安瑞-KY,34,0,34,群益金鼎-高盛,2024-03-06,9105
2615,萬海,26,1,25,群益金鼎-高盛,2024-03-06,9105
3035,智原,26,2,24,群益金鼎-高盛,2024-03-06,9105
3339,泰谷,24,0,24,群益金鼎-高盛,2024-03-06,9105
9933,中鼎,23,0,23,群益金鼎-高盛,2024-03-06,9105
00688L,國泰20年美債正2,20,0,20,群益金鼎-高盛,2024-03-06,9105
2038,海光,20,0,20,群益金鼎-高盛,2024-03-06,9105
2630,亞航,20,0,20,群益金鼎-高盛,2024-03-06,9105
00885,富邦越南,20,1,19,群益金鼎-高盛,2024-03-06,9105
5251,天鉞電,18,0,18,群益金鼎-高盛,2024-03-06,9105
3231,緯創,20,3,17,群益金鼎-高盛,2024-03-06,9105
8054,安國,31,14,17,群益金鼎-高盛,2024-03-06,9105
1101,台泥,17,1,16,群益金鼎-高盛,2024-03-06,9105
1444,力麗,18,3,15,群益金鼎-高盛,2024-03-06,9105
6141,柏承,15,0,15,群益金鼎-高盛,2024-03-06,9105
2609,陽明,12,0,12,群益金鼎-高盛,2024-03-06,9105
6120,達運,17,5,12,群益金鼎-高盛,2024-03-06,9105
2408,南亞科,11,0,11,群益金鼎-高盛,2024-03-06,9105
2543,皇昌,23,12,11,群益金鼎-高盛,2024-03-06,9105
2845,遠東銀,18,8,10,群益金鼎-高盛,2024-03-06,9105
00720B,元大投資級公司債,10,0,10,群益金鼎-高盛,2024-03-06,9105
2880,華南金,10,0,10,群益金鼎-高盛,2024-03-06,9105
2406,國碩,10,0,10,群益金鼎-高盛,2024-03-06,9105
00712,復華富時不動產,10,0,10,群益金鼎-高盛,2024-03-06,9105
1337,再生-KY,10,0,10,群益金鼎-高盛,2024-03-06,9105
1449,佳和,10,0,10,群益金鼎-高盛,2024-03-06,9105
6654,天正國際,10,0,10,群益金鼎-高盛,2024-03-06,9105
8034,榮群,17,8,9,群益金鼎-高盛,2024-03-06,9105
2498,宏達電,13,4,9,群益金鼎-高盛,2024-03-06,9105
2405,輔信,21,12,9,群益金鼎-高盛,2024-03-06,9105
2458,義隆,10,1,9,群益金鼎-高盛,2024-03-06,9105
5871,中租-KY,8,0,8,群益金鼎-高盛,2024-03-06,9105
6531,愛普*,8,0,8,群益金鼎-高盛,2024-03-06,9105
5426,振發,46,38,8,群益金鼎-高盛,2024-03-06,9105
5272,笙科,11,3,8,群益金鼎-高盛,2024-03-06,9105
1608,華榮,9,1,8,群益金鼎-高盛,2024-03-06,9105
3025,星通,9,1,8,群益金鼎-高盛,2024-03-06,9105
3356,奇偶,8,0,8,群益金鼎-高盛,2024-03-06,9105
3450,聯鈞,34,26,8,群益金鼎-高盛,2024-03-06,9105
3515,華擎,10,2,8,群益金鼎-高盛,2024-03-06,9105
1616,億泰,231,1,230,群益金鼎-高盛,2024-03-07,9105
00671R,富邦NASDAQ反1,100,0,100,群益金鼎-高盛,2024-03-07,9105
00937B,群益ESG投等債20,86,0,86,群益金鼎-高盛,2024-03-07,9105
5905,南仁湖,80,0,80,群益金鼎-高盛,2024-03-07,9105
00923,群益台ESG低碳50,67,0,67,群益金鼎-高盛,2024-03-07,9105
6016,康和證,65,0,65,群益金鼎-高盛,2024-03-07,9105
8926,台汽電,68,5,63,群益金鼎-高盛,2024-03-07,9105
3481,群創,75,14,61,群益金鼎-高盛,2024-03-07,9105
00904,新光臺灣半導體30,60,0,60,群益金鼎-高盛,2024-03-07,9105
2890,永豐金,60,1,59,群益金鼎-高盛,2024-03-07,9105
00733,富邦臺灣中小,52,0,52,群益金鼎-高盛,2024-03-07,9105
2330,台積電,60,13,47,群益金鼎-高盛,2024-03-07,9105
1815,富喬,160,115,45,群益金鼎-高盛,2024-03-07,9105
2882,國泰金,48,5,43,群益金鼎-高盛,2024-03-07,9105
00919,群益台灣精選高息,128,88,40,群益金鼎-高盛,2024-03-07,9105
00712,復華富時不動產,40,1,39,群益金鼎-高盛,2024-03-07,9105
3041,揚智,37,5,32,群益金鼎-高盛,2024-03-07,9105
2022,聚亨,30,0,30,群益金鼎-高盛,2024-03-07,9105
2889,國票金,31,1,30,群益金鼎-高盛,2024-03-07,9105
3694,海華,30,1,29,群益金鼎-高盛,2024-03-07,9105
2313,華通,59,32,27,群益金鼎-高盛,2024-03-07,9105
3231,緯創,40,17,23,群益金鼎-高盛,2024-03-07,9105
00921,兆豐龍頭等權重,21,0,21,群益金鼎-高盛,2024-03-07,9105
9902,台火,21,0,21,群益金鼎-高盛,2024-03-07,9105
1314,中石化,23,3,20,群益金鼎-高盛,2024-03-07,9105
8401,白紗科,20,0,20,群益金鼎-高盛,2024-03-07,9105
5521,工信,25,6,19,群益金鼎-高盛,2024-03-07,9105
00673R,期元大S＆P原油反1,19,0,19,群益金鼎-高盛,2024-03-07,9105
5258,虹堡,19,0,19,群益金鼎-高盛,2024-03-07,9105
6274,台燿,35,16,19,群益金鼎-高盛,2024-03-07,9105
5291,邑昇,18,0,18,群益金鼎-高盛,2024-03-07,9105
5465,富驊,25,8,17,群益金鼎-高盛,2024-03-07,9105
00915,凱基優選高股息30,17,0,17,群益金鼎-高盛,2024-03-07,9105
9905,大華,17,0,17,群益金鼎-高盛,2024-03-07,9105
2421,建準,22,7,15,群益金鼎-高盛,2024-03-07,9105
3037,欣興,16,1,15,群益金鼎-高盛,2024-03-07,9105
6015,宏遠證,15,0,15,群益金鼎-高盛,2024-03-07,9105
4306,炎洲,20,7,13,群益金鼎-高盛,2024-03-07,9105
5452,佶優,28,15,13,群益金鼎-高盛,2024-03-07,9105
4543,萬在,14,3,11,群益金鼎-高盛,2024-03-07,9105
1304,台聚,10,0,10,群益金鼎-高盛,2024-03-07,9105
00912,中信臺灣智慧50,10,0,10,群益金鼎-高盛,2024-03-07,9105
1449,佳和,10,0,10,群益金鼎-高盛,2024-03-07,9105
2851,中再保,10,0,10,群益金鼎-高盛,2024-03-07,9105
3624,光頡,10,0,10,群益金鼎-高盛,2024-03-07,9105
3006,晶豪科,9,0,9,群益金鼎-高盛,2024-03-07,9105
2323,中環,10,1,9,群益金鼎-高盛,2024-03-07,9105
2486,一詮,29,20,9,群益金鼎-高盛,2024-03-07,9105
6248,沛波,10,1,9,群益金鼎-高盛,2024-03-07,9105
1319,東陽,9,0,9,群益金鼎-高盛,2024-03-07,9105
00632R,元大台灣50反1,191,69,122,群益金鼎-高盛,2024-03-08,9105
2855,統一證,212,111,101,群益金鼎-高盛,2024-03-08,9105
5905,南仁湖,90,0,90,群益金鼎-高盛,2024-03-08,9105
00919,群益台灣精選高息,216,137,79,群益金鼎-高盛,2024-03-08,9105
00733,富邦臺灣中小,68,1,67,群益金鼎-高盛,2024-03-08,9105
6016,康和證,72,7,65,群益金鼎-高盛,2024-03-08,9105
6116,彩晶,63,7,56,群益金鼎-高盛,2024-03-08,9105
2605,新興,59,7,52,群益金鼎-高盛,2024-03-08,9105
2890,永豐金,52,4,48,群益金鼎-高盛,2024-03-08,9105
9105,泰金寶-DR,45,0,45,群益金鼎-高盛,2024-03-08,9105
9925,新保,43,1,42,群益金鼎-高盛,2024-03-08,9105
5880,合庫金,31,0,31,群益金鼎-高盛,2024-03-08,9105
2330,台積電,83,53,30,群益金鼎-高盛,2024-03-08,9105
2883,凱基金,38,11,27,群益金鼎-高盛,2024-03-08,9105
00915,凱基優選高股息30,26,0,26,群益金鼎-高盛,2024-03-08,9105
3481,群創,27,3,24,群益金鼎-高盛,2024-03-08,9105
1455,集盛,27,3,24,群益金鼎-高盛,2024-03-08,9105
1815,富喬,74,52,22,群益金鼎-高盛,2024-03-08,9105
1609,大亞,23,1,22,群益金鼎-高盛,2024-03-08,9105
8027,鈦昇,23,2,21,群益金鼎-高盛,2024-03-08,9105
00688L,國泰20年美債正2,20,0,20,群益金鼎-高盛,2024-03-08,9105
1449,佳和,20,0,20,群益金鼎-高盛,2024-03-08,9105
2022,聚亨,20,0,20,群益金鼎-高盛,2024-03-08,9105
2449,京元電子,42,24,18,群益金鼎-高盛,2024-03-08,9105
00937B,群益ESG投等債20,73,55,18,群益金鼎-高盛,2024-03-08,9105
1514,亞力,22,4,18,群益金鼎-高盛,2024-03-08,9105
2324,仁寶,24,8,16,群益金鼎-高盛,2024-03-08,9105
2313,華通,34,18,16,群益金鼎-高盛,2024-03-08,9105
6204,艾華,17,1,16,群益金鼎-高盛,2024-03-08,9105
2609,陽明,31,15,16,群益金鼎-高盛,2024-03-08,9105
9941,裕融,19,4,15,群益金鼎-高盛,2024-03-08,9105
3231,緯創,32,17,15,群益金鼎-高盛,2024-03-08,9105
2409,友達,15,0,15,群益金鼎-高盛,2024-03-08,9105
5258,虹堡,14,0,14,群益金鼎-高盛,2024-03-08,9105
3325,旭品,29,16,13,群益金鼎-高盛,2024-03-08,9105
6248,沛波,20,8,12,群益金鼎-高盛,2024-03-08,9105
8105,凌巨,14,2,12,群益金鼎-高盛,2024-03-08,9105
3260,威剛,11,0,11,群益金鼎-高盛,2024-03-08,9105
6282,康舒,13,2,11,群益金鼎-高盛,2024-03-08,9105
3047,訊舟,11,0,11,群益金鼎-高盛,2024-03-08,9105
8034,榮群,11,0,11,群益金鼎-高盛,2024-03-08,9105
8011,台通,16,5,11,群益金鼎-高盛,2024-03-08,9105
2460,建通,10,0,10,群益金鼎-高盛,2024-03-08,9105
00896,中信綠能及電動車,10,0,10,群益金鼎-高盛,2024-03-08,9105
00912,中信臺灣智慧50,10,0,10,群益金鼎-高盛,2024-03-08,9105
2331,精英,10,0,10,群益金鼎-高盛,2024-03-08,9105
2630,亞航,10,0,10,群益金鼎-高盛,2024-03-08,9105
2820,華票,10,0,10,群益金鼎-高盛,2024-03-08,9105
3014,聯陽,12,2,10,群益金鼎-高盛,2024-03-08,9105
3105,穩懋,10,0,10,群益金鼎-高盛,2024-03-08,9105
5880,合庫金,225,0,225,群益金鼎-高盛,2024-03-11,9105
00665L,富邦�琤肭磪囓�2,200,55,145,群益金鼎-高盛,2024-03-11,9105
00919,群益台灣精選高息,100,40,60,群益金鼎-高盛,2024-03-11,9105
1316,上曜,66,13,53,群益金鼎-高盛,2024-03-11,9105
2890,永豐金,49,0,49,群益金鼎-高盛,2024-03-11,9105
2308,台達電,42,0,42,群益金鼎-高盛,2024-03-11,9105
4127,天良,40,0,40,群益金鼎-高盛,2024-03-11,9105
2330,台積電,42,8,34,群益金鼎-高盛,2024-03-11,9105
1301,台塑,32,1,31,群益金鼎-高盛,2024-03-11,9105
2897,王道銀行,30,0,30,群益金鼎-高盛,2024-03-11,9105
00679B,元大美債20年,25,0,25,群益金鼎-高盛,2024-03-11,9105
00937B,群益ESG投等債20,21,0,21,群益金鼎-高盛,2024-03-11,9105
1444,力麗,20,0,20,群益金鼎-高盛,2024-03-11,9105
00674R,期元大S＆P黃金反1,20,0,20,群益金鼎-高盛,2024-03-11,9105
2413,環科,20,0,20,群益金鼎-高盛,2024-03-11,9105
2610,華航,20,0,20,群益金鼎-高盛,2024-03-11,9105
2382,廣達,55,36,19,群益金鼎-高盛,2024-03-11,9105
2303,聯電,43,26,17,群益金鼎-高盛,2024-03-11,9105
3021,鴻名,17,0,17,群益金鼎-高盛,2024-03-11,9105
2208,台船,15,0,15,群益金鼎-高盛,2024-03-11,9105
3706,神達,57,42,15,群益金鼎-高盛,2024-03-11,9105
2603,長榮,19,5,14,群益金鼎-高盛,2024-03-11,9105
1101,台泥,14,0,14,群益金鼎-高盛,2024-03-11,9105
3294,英濟,23,9,14,群益金鼎-高盛,2024-03-11,9105
1445,大宇,14,0,14,群益金鼎-高盛,2024-03-11,9105
2611,志信,19,5,14,群益金鼎-高盛,2024-03-11,9105
3577,泓格,13,0,13,群益金鼎-高盛,2024-03-11,9105
00715L,期街口布蘭特正2,12,0,12,群益金鼎-高盛,2024-03-11,9105
6443,元晶,12,0,12,群益金鼎-高盛,2024-03-11,9105
1785,光洋科,11,0,11,群益金鼎-高盛,2024-03-11,9105
00900,富邦特選高股息30,11,0,11,群益金鼎-高盛,2024-03-11,9105
3051,力特,13,2,11,群益金鼎-高盛,2024-03-11,9105
2883,凱基金,33,22,11,群益金鼎-高盛,2024-03-11,9105
2618,長榮航,16,6,10,群益金鼎-高盛,2024-03-11,9105
00680L,元大美債20正2,10,0,10,群益金鼎-高盛,2024-03-11,9105
00720B,元大投資級公司債,10,0,10,群益金鼎-高盛,2024-03-11,9105
1220,台榮,10,0,10,群益金鼎-高盛,2024-03-11,9105
1449,佳和,10,0,10,群益金鼎-高盛,2024-03-11,9105
2022,聚亨,10,0,10,群益金鼎-高盛,2024-03-11,9105
2367,燿華,31,21,10,群益金鼎-高盛,2024-03-11,9105
6188,廣明,10,0,10,群益金鼎-高盛,2024-03-11,9105
6532,瑞耘,10,0,10,群益金鼎-高盛,2024-03-11,9105
8034,榮群,15,5,10,群益金鼎-高盛,2024-03-11,9105
00633L,富邦上証正2,12,3,9,群益金鼎-高盛,2024-03-11,9105
3518,柏騰,9,0,9,群益金鼎-高盛,2024-03-11,9105
5515,建國,13,4,9,群益金鼎-高盛,2024-03-11,9105
5609,中菲行,8,0,8,群益金鼎-高盛,2024-03-11,9105
2881,富邦金,8,0,8,群益金鼎-高盛,2024-03-11,9105
1314,中石化,8,1,7,群益金鼎-高盛,2024-03-11,9105
3622,洋華,7,0,7,群益金鼎-高盛,2024-03-11,9105
2836,高雄銀,200,0,200,群益金鼎-高盛,2024-03-12,9105
2509,全坤建,118,0,118,群益金鼎-高盛,2024-03-12,9105
2890,永豐金,80,0,80,群益金鼎-高盛,2024-03-12,9105
6016,康和證,50,0,50,群益金鼎-高盛,2024-03-12,9105
00881,國泰台灣5G+,50,2,48,群益金鼎-高盛,2024-03-12,9105
00687B,國泰20年美債,36,0,36,群益金鼎-高盛,2024-03-12,9105
2353,宏��,36,9,27,群益金鼎-高盛,2024-03-12,9105
00680L,元大美債20正2,25,0,25,群益金鼎-高盛,2024-03-12,9105
00885,富邦越南,21,0,21,群益金鼎-高盛,2024-03-12,9105
00639,富邦深100,20,0,20,群益金鼎-高盛,2024-03-12,9105
00674R,期元大S＆P黃金反1,20,0,20,群益金鼎-高盛,2024-03-12,9105
00725B,國泰投資級公司債,20,0,20,群益金鼎-高盛,2024-03-12,9105
00916,國泰全球品牌50,20,0,20,群益金鼎-高盛,2024-03-12,9105
00923,群益台ESG低碳50,20,0,20,群益金鼎-高盛,2024-03-12,9105
4414,如興,20,0,20,群益金鼎-高盛,2024-03-12,9105
5508,永信建,21,1,20,群益金鼎-高盛,2024-03-12,9105
2889,國票金,19,0,19,群益金鼎-高盛,2024-03-12,9105
2308,台達電,21,2,19,群益金鼎-高盛,2024-03-12,9105
6248,沛波,23,6,17,群益金鼎-高盛,2024-03-12,9105
2611,志信,25,8,17,群益金鼎-高盛,2024-03-12,9105
3060,銘異,20,5,15,群益金鼎-高盛,2024-03-12,9105
3052,夆典,14,0,14,群益金鼎-高盛,2024-03-12,9105
6667,信紘科,28,14,14,群益金鼎-高盛,2024-03-12,9105
3231,緯創,34,20,14,群益金鼎-高盛,2024-03-12,9105
2413,環科,13,0,13,群益金鼎-高盛,2024-03-12,9105
2891,中信金,14,3,11,群益金鼎-高盛,2024-03-12,9105
8936,國統,17,6,11,群益金鼎-高盛,2024-03-12,9105
00720B,元大投資級公司債,10,0,10,群益金鼎-高盛,2024-03-12,9105
2367,燿華,40,30,10,群益金鼎-高盛,2024-03-12,9105
00933B,國泰10Y+金融債,12,2,10,群益金鼎-高盛,2024-03-12,9105
1449,佳和,10,0,10,群益金鼎-高盛,2024-03-12,9105
1522,堤維西,20,10,10,群益金鼎-高盛,2024-03-12,9105
2022,聚亨,10,0,10,群益金鼎-高盛,2024-03-12,9105
5452,佶優,10,0,10,群益金鼎-高盛,2024-03-12,9105
5864,致和證,10,0,10,群益金鼎-高盛,2024-03-12,9105
2883,凱基金,16,6,10,群益金鼎-高盛,2024-03-12,9105
00918,大華優利高填息30,24,15,9,群益金鼎-高盛,2024-03-12,9105
5272,笙科,10,1,9,群益金鼎-高盛,2024-03-12,9105
2383,台光電,9,0,9,群益金鼎-高盛,2024-03-12,9105
2409,友達,11,3,8,群益金鼎-高盛,2024-03-12,9105
3481,群創,23,15,8,群益金鼎-高盛,2024-03-12,9105
3021,鴻名,8,0,8,群益金鼎-高盛,2024-03-12,9105
3036,文曄,7,0,7,群益金鼎-高盛,2024-03-12,9105
2892,第一金,7,0,7,群益金鼎-高盛,2024-03-12,9105
3236,千如,7,0,7,群益金鼎-高盛,2024-03-12,9105
3711,日月光投控,8,1,7,群益金鼎-高盛,2024-03-12,9105
3050,鈺德,7,0,7,群益金鼎-高盛,2024-03-12,9105
00679B,元大美債20年,21,15,6,群益金鼎-高盛,2024-03-12,9105
3294,英濟,20,14,6,群益金鼎-高盛,2024-03-12,9105
1584,精剛,6,0,6,群益金鼎-高盛,2024-03-12,9105
1301,台塑,233,18,215,群益金鼎-高盛,2024-03-13,9105
00919,群益台灣精選高息,199,41,158,群益金鼎-高盛,2024-03-13,9105
00632R,元大台灣50反1,117,22,95,群益金鼎-高盛,2024-03-13,9105
00679B,元大美債20年,69,1,68,群益金鼎-高盛,2024-03-13,9105
6026,福邦證,91,24,67,群益金鼎-高盛,2024-03-13,9105
2611,志信,70,3,67,群益金鼎-高盛,2024-03-13,9105
2883,凱基金,68,13,55,群益金鼎-高盛,2024-03-13,9105
00671R,富邦NASDAQ反1,50,0,50,群益金鼎-高盛,2024-03-13,9105
5498,凱崴,72,27,45,群益金鼎-高盛,2024-03-13,9105
00918,大華優利高填息30,42,2,40,群益金鼎-高盛,2024-03-13,9105
2509,全坤建,38,0,38,群益金鼎-高盛,2024-03-13,9105
1513,中興電,97,65,32,群益金鼎-高盛,2024-03-13,9105
3231,緯創,57,26,31,群益金鼎-高盛,2024-03-13,9105
1444,力麗,30,0,30,群益金鼎-高盛,2024-03-13,9105
6016,康和證,60,30,30,群益金鼎-高盛,2024-03-13,9105
00687B,國泰20年美債,34,9,25,群益金鼎-高盛,2024-03-13,9105
2610,華航,25,0,25,群益金鼎-高盛,2024-03-13,9105
2022,聚亨,21,0,21,群益金鼎-高盛,2024-03-13,9105
2383,台光電,20,0,20,群益金鼎-高盛,2024-03-13,9105
1416,廣豐,20,0,20,群益金鼎-高盛,2024-03-13,9105
2344,華邦電,21,1,20,群益金鼎-高盛,2024-03-13,9105
2376,技嘉,19,0,19,群益金鼎-高盛,2024-03-13,9105
00680L,元大美債20正2,27,9,18,群益金鼎-高盛,2024-03-13,9105
2301,光寶科,20,3,17,群益金鼎-高盛,2024-03-13,9105
2408,南亞科,16,0,16,群益金鼎-高盛,2024-03-13,9105
2465,麗臺,16,1,15,群益金鼎-高盛,2024-03-13,9105
6161,捷波,15,0,15,群益金鼎-高盛,2024-03-13,9105
2002,中鋼,14,0,14,群益金鼎-高盛,2024-03-13,9105
3583,辛耘,19,5,14,群益金鼎-高盛,2024-03-13,9105
9945,潤泰新,14,0,14,群益金鼎-高盛,2024-03-13,9105
3481,群創,15,2,13,群益金鼎-高盛,2024-03-13,9105
1815,富喬,13,0,13,群益金鼎-高盛,2024-03-13,9105
00637L,元大滬深300正2,16,3,13,群益金鼎-高盛,2024-03-13,9105
6182,合晶,18,5,13,群益金鼎-高盛,2024-03-13,9105
6667,信紘科,20,7,13,群益金鼎-高盛,2024-03-13,9105
2458,義隆,12,0,12,群益金鼎-高盛,2024-03-13,9105
2481,強茂,12,0,12,群益金鼎-高盛,2024-03-13,9105
5251,天鉞電,12,0,12,群益金鼎-高盛,2024-03-13,9105
6275,元山,32,20,12,群益金鼎-高盛,2024-03-13,9105
6278,台表科,26,14,12,群益金鼎-高盛,2024-03-13,9105
3060,銘異,26,15,11,群益金鼎-高盛,2024-03-13,9105
00927,群益半導體收益,13,2,11,群益金鼎-高盛,2024-03-13,9105
2515,中工,11,0,11,群益金鼎-高盛,2024-03-13,9105
5386,青雲,12,1,11,群益金鼎-高盛,2024-03-13,9105
00751B,元大AAA至A公司債,11,0,11,群益金鼎-高盛,2024-03-13,9105
6274,台燿,19,8,11,群益金鼎-高盛,2024-03-13,9105
6532,瑞耘,10,0,10,群益金鼎-高盛,2024-03-13,9105
00681R,元大美債20反1,10,0,10,群益金鼎-高盛,2024-03-13,9105
1584,精剛,10,0,10,群益金鼎-高盛,2024-03-13,9105
1616,億泰,14,4,10,群益金鼎-高盛,2024-03-13,9105
00687B,國泰20年美債,214,0,214,群益金鼎-高盛,2024-03-14,9105
3062,建漢,161,0,161,群益金鼎-高盛,2024-03-14,9105
00918,大華優利高填息30,157,0,157,群益金鼎-高盛,2024-03-14,9105
00929,復華台灣科技優息,144,18,126,群益金鼎-高盛,2024-03-14,9105
2618,長榮航,116,4,112,群益金鼎-高盛,2024-03-14,9105
1301,台塑,88,0,88,群益金鼎-高盛,2024-03-14,9105
00733,富邦臺灣中小,81,0,81,群益金鼎-高盛,2024-03-14,9105
1316,上曜,89,22,67,群益金鼎-高盛,2024-03-14,9105
00900,富邦特選高股息30,80,22,58,群益金鼎-高盛,2024-03-14,9105
00915,凱基優選高股息30,53,0,53,群益金鼎-高盛,2024-03-14,9105
6016,康和證,43,0,43,群益金鼎-高盛,2024-03-14,9105
00712,復華富時不動產,40,0,40,群益金鼎-高盛,2024-03-14,9105
00650L,復華香港正2,50,10,40,群益金鼎-高盛,2024-03-14,9105
1219,福壽,36,0,36,群益金鼎-高盛,2024-03-14,9105
8027,鈦昇,40,6,34,群益金鼎-高盛,2024-03-14,9105
2356,英業達,51,22,29,群益金鼎-高盛,2024-03-14,9105
2885,元大金,29,2,27,群益金鼎-高盛,2024-03-14,9105
2354,鴻準,38,13,25,群益金鼎-高盛,2024-03-14,9105
00671R,富邦NASDAQ反1,23,0,23,群益金鼎-高盛,2024-03-14,9105
00681R,元大美債20反1,20,0,20,群益金鼎-高盛,2024-03-14,9105
9945,潤泰新,20,0,20,群益金鼎-高盛,2024-03-14,9105
3005,神基,31,11,20,群益金鼎-高盛,2024-03-14,9105
00680L,元大美債20正2,15,0,15,群益金鼎-高盛,2024-03-14,9105
2352,佳世達,13,0,13,群益金鼎-高盛,2024-03-14,9105
1101,台泥,12,0,12,群益金鼎-高盛,2024-03-14,9105
00673R,期元大S＆P原油反1,12,0,12,群益金鼎-高盛,2024-03-14,9105
1473,台南,12,0,12,群益金鼎-高盛,2024-03-14,9105
2009,第一銅,14,2,12,群益金鼎-高盛,2024-03-14,9105
3021,鴻名,12,0,12,群益金鼎-高盛,2024-03-14,9105
1409,新纖,11,0,11,群益金鼎-高盛,2024-03-14,9105
1612,宏泰,12,1,11,群益金鼎-高盛,2024-03-14,9105
2881,富邦金,17,6,11,群益金鼎-高盛,2024-03-14,9105
2369,菱生,12,1,11,群益金鼎-高盛,2024-03-14,9105
1513,中興電,26,15,11,群益金鼎-高盛,2024-03-14,9105
00665L,富邦�琤肭磪囓�2,10,0,10,群益金鼎-高盛,2024-03-14,9105
1815,富喬,13,3,10,群益金鼎-高盛,2024-03-14,9105
2413,環科,10,0,10,群益金鼎-高盛,2024-03-14,9105
2884,玉山金,10,0,10,群益金鼎-高盛,2024-03-14,9105
3052,夆典,10,0,10,群益金鼎-高盛,2024-03-14,9105
3580,友威科,10,0,10,群益金鼎-高盛,2024-03-14,9105
6248,沛波,10,0,10,群益金鼎-高盛,2024-03-14,9105
6770,力積電,10,0,10,群益金鼎-高盛,2024-03-14,9105
2609,陽明,10,1,9,群益金鼎-高盛,2024-03-14,9105
2382,廣達,10,1,9,群益金鼎-高盛,2024-03-14,9105
2408,南亞科,11,2,9,群益金鼎-高盛,2024-03-14,9105
3356,奇偶,12,3,9,群益金鼎-高盛,2024-03-14,9105
8050,廣積,9,0,9,群益金鼎-高盛,2024-03-14,9105
8011,台通,11,3,8,群益金鼎-高盛,2024-03-14,9105
2324,仁寶,12,4,8,群益金鼎-高盛,2024-03-14,9105
2610,華航,9,1,8,群益金鼎-高盛,2024-03-14,9105
00919,群益台灣精選高息,431,41,390,群益金鼎-高盛,2024-03-15,9105
00918,大華優利高填息30,394,10,384,群益金鼎-高盛,2024-03-15,9105
5880,合庫金,201,0,201,群益金鼎-高盛,2024-03-15,9105
2330,台積電,142,7,135,群益金鼎-高盛,2024-03-15,9105
00933B,國泰10Y+金融債,126,12,114,群益金鼎-高盛,2024-03-15,9105
00751B,元大AAA至A公司債,72,0,72,群益金鼎-高盛,2024-03-15,9105
00671R,富邦NASDAQ反1,70,0,70,群益金鼎-高盛,2024-03-15,9105
2509,全坤建,60,0,60,群益金鼎-高盛,2024-03-15,9105
00680L,元大美債20正2,56,0,56,群益金鼎-高盛,2024-03-15,9105
9103,美德醫療-DR,40,0,40,群益金鼎-高盛,2024-03-15,9105
00687B,國泰20年美債,37,0,37,群益金鼎-高盛,2024-03-15,9105
8926,台汽電,36,0,36,群益金鼎-高盛,2024-03-15,9105
1616,億泰,35,1,34,群益金鼎-高盛,2024-03-15,9105
00712,復華富時不動產,32,0,32,群益金鼎-高盛,2024-03-15,9105
2618,長榮航,53,21,32,群益金鼎-高盛,2024-03-15,9105
2409,友達,33,5,28,群益金鼎-高盛,2024-03-15,9105
2603,長榮,40,13,27,群益金鼎-高盛,2024-03-15,9105
00937B,群益ESG投等債20,56,33,23,群益金鼎-高盛,2024-03-15,9105
00650L,復華香港正2,70,50,20,群益金鼎-高盛,2024-03-15,9105
6016,康和證,50,31,19,群益金鼎-高盛,2024-03-15,9105
2609,陽明,53,34,19,群益金鼎-高盛,2024-03-15,9105
2890,永豐金,20,2,18,群益金鼎-高盛,2024-03-15,9105
2353,宏��,22,5,17,群益金鼎-高盛,2024-03-15,9105
4714,永捷,42,25,17,群益金鼎-高盛,2024-03-15,9105
3052,夆典,16,1,15,群益金鼎-高盛,2024-03-15,9105
00941,中信上游半導體,35,20,15,群益金鼎-高盛,2024-03-15,9105
1612,宏泰,14,0,14,群益金鼎-高盛,2024-03-15,9105
3294,英濟,17,3,14,群益金鼎-高盛,2024-03-15,9105
3438,類比科,28,14,14,群益金鼎-高盛,2024-03-15,9105
8105,凌巨,14,0,14,群益金鼎-高盛,2024-03-15,9105
2887,台新金,14,1,13,群益金鼎-高盛,2024-03-15,9105
8027,鈦昇,15,2,13,群益金鼎-高盛,2024-03-15,9105
1609,大亞,36,24,12,群益金鼎-高盛,2024-03-15,9105
2891,中信金,14,2,12,群益金鼎-高盛,2024-03-15,9105
3005,神基,15,3,12,群益金鼎-高盛,2024-03-15,9105
2022,聚亨,22,11,11,群益金鼎-高盛,2024-03-15,9105
6163,華電網,11,0,11,群益金鼎-高盛,2024-03-15,9105
2845,遠東銀,10,0,10,群益金鼎-高盛,2024-03-15,9105
1532,勤美,10,0,10,群益金鼎-高盛,2024-03-15,9105
3044,健鼎,10,0,10,群益金鼎-高盛,2024-03-15,9105
2329,華泰,12,2,10,群益金鼎-高盛,2024-03-15,9105
3580,友威科,10,0,10,群益金鼎-高盛,2024-03-15,9105
5434,崇越,10,0,10,群益金鼎-高盛,2024-03-15,9105
6147,頎邦,10,0,10,群益金鼎-高盛,2024-03-15,9105
2002,中鋼,10,0,10,群益金鼎-高盛,2024-03-15,9105
2883,凱基金,23,14,9,群益金鼎-高盛,2024-03-15,9105
2615,萬海,9,0,9,群益金鼎-高盛,2024-03-15,9105
1471,首利,10,1,9,群益金鼎-高盛,2024-03-15,9105
2484,希華,9,0,9,群益金鼎-高盛,2024-03-15,9105
6005,群益證,9,0,9,群益金鼎-高盛,2024-03-15,9105
2609,陽明,718,10,708,群益金鼎-高盛,2024-03-18,9105
00918,大華優利高填息30,122,0,122,群益金鼎-高盛,2024-03-18,9105
00712,復華富時不動產,60,0,60,群益金鼎-高盛,2024-03-18,9105
2618,長榮航,54,0,54,群益金鼎-高盛,2024-03-18,9105
2611,志信,70,20,50,群益金鼎-高盛,2024-03-18,9105
2303,聯電,52,8,44,群益金鼎-高盛,2024-03-18,9105
2382,廣達,49,8,41,群益金鼎-高盛,2024-03-18,9105
1444,力麗,39,1,38,群益金鼎-高盛,2024-03-18,9105
00933B,國泰10Y+金融債,36,2,34,群益金鼎-高盛,2024-03-18,9105
2408,南亞科,35,2,33,群益金鼎-高盛,2024-03-18,9105
00941,中信上游半導體,28,0,28,群益金鼎-高盛,2024-03-18,9105
1301,台塑,22,0,22,群益金鼎-高盛,2024-03-18,9105
6248,沛波,32,11,21,群益金鼎-高盛,2024-03-18,9105
2353,宏��,22,2,20,群益金鼎-高盛,2024-03-18,9105
2509,全坤建,20,0,20,群益金鼎-高盛,2024-03-18,9105
6265,方土昶,20,0,20,群益金鼎-高盛,2024-03-18,9105
00915,凱基優選高股息30,19,0,19,群益金鼎-高盛,2024-03-18,9105
2349,錸德,19,0,19,群益金鼎-高盛,2024-03-18,9105
00935,野村臺灣新科技50,20,2,18,群益金鼎-高盛,2024-03-18,9105
00679B,元大美債20年,20,3,17,群益金鼎-高盛,2024-03-18,9105
2884,玉山金,16,0,16,群益金鼎-高盛,2024-03-18,9105
00680L,元大美債20正2,16,0,16,群益金鼎-高盛,2024-03-18,9105
00753L,中信中國50正2,16,0,16,群益金鼎-高盛,2024-03-18,9105
1473,台南,16,0,16,群益金鼎-高盛,2024-03-18,9105
00687B,國泰20年美債,16,1,15,群益金鼎-高盛,2024-03-18,9105
6127,九豪,15,0,15,群益金鼎-高盛,2024-03-18,9105
6684,安格,18,3,15,群益金鼎-高盛,2024-03-18,9105
9950,萬國通,15,0,15,群益金鼎-高盛,2024-03-18,9105
00673R,期元大S＆P原油反1,14,0,14,群益金鼎-高盛,2024-03-18,9105
5425,台半,14,0,14,群益金鼎-高盛,2024-03-18,9105
3005,神基,13,0,13,群益金鼎-高盛,2024-03-18,9105
1795,美時,11,0,11,群益金鼎-高盛,2024-03-18,9105
6288,聯嘉,10,0,10,群益金鼎-高盛,2024-03-18,9105
00911,兆豐洲際半導體,10,0,10,群益金鼎-高盛,2024-03-18,9105
00706L,期元大S＆P日圓正2,10,0,10,群益金鼎-高盛,2024-03-18,9105
00671R,富邦NASDAQ反1,10,0,10,群益金鼎-高盛,2024-03-18,9105
2010,春源,10,0,10,群益金鼎-高盛,2024-03-18,9105
9904,寶成,10,0,10,群益金鼎-高盛,2024-03-18,9105
9945,潤泰新,10,0,10,群益金鼎-高盛,2024-03-18,9105
2006,東和鋼鐵,10,1,9,群益金鼎-高盛,2024-03-18,9105
2883,凱基金,10,1,9,群益金鼎-高盛,2024-03-18,9105
2329,華泰,62,53,9,群益金鼎-高盛,2024-03-18,9105
2449,京元電子,18,10,8,群益金鼎-高盛,2024-03-18,9105
2897,王道銀行,8,0,8,群益金鼎-高盛,2024-03-18,9105
2357,華碩,10,2,8,群益金鼎-高盛,2024-03-18,9105
00937B,群益ESG投等債20,7,0,7,群益金鼎-高盛,2024-03-18,9105
6284,佳邦,7,0,7,群益金鼎-高盛,2024-03-18,9105
2409,友達,7,0,7,群益金鼎-高盛,2024-03-18,9105
2471,資通,9,2,7,群益金鼎-高盛,2024-03-18,9105
3052,夆典,7,0,7,群益金鼎-高盛,2024-03-18,9105
00664R,國泰臺灣加權反1,530,60,470,群益金鼎-高盛,2024-03-19,9105
00648R,元大S＆P500反1,176,0,176,群益金鼎-高盛,2024-03-19,9105
00919,群益台灣精選高息,205,43,162,群益金鼎-高盛,2024-03-19,9105
00929,復華台灣科技優息,108,23,85,群益金鼎-高盛,2024-03-19,9105
2888,新光金,68,0,68,群益金鼎-高盛,2024-03-19,9105
2890,永豐金,62,1,61,群益金鼎-高盛,2024-03-19,9105
1314,中石化,53,0,53,群益金鼎-高盛,2024-03-19,9105
1444,力麗,50,0,50,群益金鼎-高盛,2024-03-19,9105
1504,東元,58,8,50,群益金鼎-高盛,2024-03-19,9105
00632R,元大台灣50反1,90,45,45,群益金鼎-高盛,2024-03-19,9105
2330,台積電,41,1,40,群益金鼎-高盛,2024-03-19,9105
6269,台郡,42,2,40,群益金鼎-高盛,2024-03-19,9105
2382,廣達,48,10,38,群益金鼎-高盛,2024-03-19,9105
4938,和碩,50,16,34,群益金鼎-高盛,2024-03-19,9105
2889,國票金,33,0,33,群益金鼎-高盛,2024-03-19,9105
00679B,元大美債20年,30,2,28,群益金鼎-高盛,2024-03-19,9105
00941,中信上游半導體,22,0,22,群益金鼎-高盛,2024-03-19,9105
2010,春源,20,0,20,群益金鼎-高盛,2024-03-19,9105
6505,台塑化,20,0,20,群益金鼎-高盛,2024-03-19,9105
00733,富邦臺灣中小,20,1,19,群益金鼎-高盛,2024-03-19,9105
8064,東捷,23,4,19,群益金鼎-高盛,2024-03-19,9105
2353,宏��,20,1,19,群益金鼎-高盛,2024-03-19,9105
00751B,元大AAA至A公司債,18,0,18,群益金鼎-高盛,2024-03-19,9105
8213,志超,17,0,17,群益金鼎-高盛,2024-03-19,9105
00830,國泰費城半導體,15,0,15,群益金鼎-高盛,2024-03-19,9105
6805,富世達,15,0,15,群益金鼎-高盛,2024-03-19,9105
00688L,國泰20年美債正2,15,0,15,群益金鼎-高盛,2024-03-19,9105
9904,寶成,20,6,14,群益金鼎-高盛,2024-03-19,9105
6016,康和證,13,0,13,群益金鼎-高盛,2024-03-19,9105
2464,盟立,20,7,13,群益金鼎-高盛,2024-03-19,9105
3663,鑫科,12,0,12,群益金鼎-高盛,2024-03-19,9105
1101,台泥,11,0,11,群益金鼎-高盛,2024-03-19,9105
1815,富喬,11,0,11,群益金鼎-高盛,2024-03-19,9105
5443,均豪,16,5,11,群益金鼎-高盛,2024-03-19,9105
2611,志信,30,19,11,群益金鼎-高盛,2024-03-19,9105
2458,義隆,10,0,10,群益金鼎-高盛,2024-03-19,9105
1316,上曜,15,5,10,群益金鼎-高盛,2024-03-19,9105
1457,宜進,10,0,10,群益金鼎-高盛,2024-03-19,9105
1532,勤美,10,0,10,群益金鼎-高盛,2024-03-19,9105
1612,宏泰,10,0,10,群益金鼎-高盛,2024-03-19,9105
1809,中釉,16,6,10,群益金鼎-高盛,2024-03-19,9105
3481,群創,10,0,10,群益金鼎-高盛,2024-03-19,9105
3694,海華,10,0,10,群益金鼎-高盛,2024-03-19,9105
4513,福裕,10,0,10,群益金鼎-高盛,2024-03-19,9105
6419,京晨科,10,0,10,群益金鼎-高盛,2024-03-19,9105
6443,元晶,11,1,10,群益金鼎-高盛,2024-03-19,9105
2834,臺企銀,29,19,10,群益金鼎-高盛,2024-03-19,9105
2327,國巨,10,1,9,群益金鼎-高盛,2024-03-19,9105
3324,雙鴻,10,1,9,群益金鼎-高盛,2024-03-19,9105
1473,台南,9,0,9,群益金鼎-高盛,2024-03-19,9105
3481,群創,435,1,434,群益金鼎-高盛,2024-03-20,9105
5880,合庫金,201,0,201,群益金鼎-高盛,2024-03-20,9105
00919,群益台灣精選高息,490,293,197,群益金鼎-高盛,2024-03-20,9105
2889,國票金,110,0,110,群益金鼎-高盛,2024-03-20,9105
2354,鴻準,126,49,77,群益金鼎-高盛,2024-03-20,9105
1444,力麗,62,0,62,群益金鼎-高盛,2024-03-20,9105
00900,富邦特選高股息30,108,48,60,群益金鼎-高盛,2024-03-20,9105
2890,永豐金,60,0,60,群益金鼎-高盛,2024-03-20,9105
2302,麗正,50,0,50,群益金鼎-高盛,2024-03-20,9105
00733,富邦臺灣中小,46,0,46,群益金鼎-高盛,2024-03-20,9105
9103,美德醫療-DR,40,0,40,群益金鼎-高盛,2024-03-20,9105
6770,力積電,39,0,39,群益金鼎-高盛,2024-03-20,9105
2382,廣達,38,4,34,群益金鼎-高盛,2024-03-20,9105
2834,臺企銀,35,1,34,群益金鼎-高盛,2024-03-20,9105
2618,長榮航,32,0,32,群益金鼎-高盛,2024-03-20,9105
00764B,群益25年美債,30,0,30,群益金鼎-高盛,2024-03-20,9105
2367,燿華,55,25,30,群益金鼎-高盛,2024-03-20,9105
2356,英業達,31,1,30,群益金鼎-高盛,2024-03-20,9105
2014,中鴻,29,0,29,群益金鼎-高盛,2024-03-20,9105
00680L,元大美債20正2,29,1,28,群益金鼎-高盛,2024-03-20,9105
2303,聯電,52,25,27,群益金鼎-高盛,2024-03-20,9105
00679B,元大美債20年,27,1,26,群益金鼎-高盛,2024-03-20,9105
00720B,元大投資級公司債,26,0,26,群益金鼎-高盛,2024-03-20,9105
00795B,中信美國公債20年,35,10,25,群益金鼎-高盛,2024-03-20,9105
9907,統一實,25,0,25,群益金鼎-高盛,2024-03-20,9105
6278,台表科,23,1,22,群益金鼎-高盛,2024-03-20,9105
1101,台泥,29,8,21,群益金鼎-高盛,2024-03-20,9105
00751B,元大AAA至A公司債,21,0,21,群益金鼎-高盛,2024-03-20,9105
5371,中光電,22,1,21,群益金鼎-高盛,2024-03-20,9105
2891,中信金,20,0,20,群益金鼎-高盛,2024-03-20,9105
8111,立��,20,0,20,群益金鼎-高盛,2024-03-20,9105
00715L,期街口布蘭特正2,20,2,18,群益金鼎-高盛,2024-03-20,9105
00941,中信上游半導體,20,2,18,群益金鼎-高盛,2024-03-20,9105
2374,佳能,28,11,17,群益金鼎-高盛,2024-03-20,9105
5201,凱衛,14,0,14,群益金鼎-高盛,2024-03-20,9105
4938,和碩,50,37,13,群益金鼎-高盛,2024-03-20,9105
2002,中鋼,17,5,12,群益金鼎-高盛,2024-03-20,9105
2312,金寶,13,1,12,群益金鼎-高盛,2024-03-20,9105
2329,華泰,17,5,12,群益金鼎-高盛,2024-03-20,9105
2883,凱基金,23,11,12,群益金鼎-高盛,2024-03-20,9105
2603,長榮,27,17,10,群益金鼎-高盛,2024-03-20,9105
1326,台化,11,1,10,群益金鼎-高盛,2024-03-20,9105
00930,永豐ESG低碳高息,10,0,10,群益金鼎-高盛,2024-03-20,9105
00688L,國泰20年美債正2,10,0,10,群益金鼎-高盛,2024-03-20,9105
2010,春源,10,0,10,群益金鼎-高盛,2024-03-20,9105
2069,運錩,10,0,10,群益金鼎-高盛,2024-03-20,9105
3047,訊舟,10,0,10,群益金鼎-高盛,2024-03-20,9105
3122,笙泉,10,0,10,群益金鼎-高盛,2024-03-20,9105
2887,台新金,10,0,10,群益金鼎-高盛,2024-03-20,9105
2317,鴻海,43,33,10,群益金鼎-高盛,2024-03-20,9105
00937B,群益ESG投等債20,210,1,209,群益金鼎-高盛,2024-03-21,9105
00764B,群益25年美債,238,38,200,群益金鼎-高盛,2024-03-21,9105
00919,群益台灣精選高息,201,16,185,群益金鼎-高盛,2024-03-21,9105
1439,雋揚,135,0,135,群益金鼎-高盛,2024-03-21,9105
2889,國票金,131,0,131,群益金鼎-高盛,2024-03-21,9105
00632R,元大台灣50反1,129,26,103,群益金鼎-高盛,2024-03-21,9105
00712,復華富時不動產,80,0,80,群益金鼎-高盛,2024-03-21,9105
2374,佳能,77,6,71,群益金鼎-高盛,2024-03-21,9105
2002,中鋼,66,6,60,群益金鼎-高盛,2024-03-21,9105
00679B,元大美債20年,44,0,44,群益金鼎-高盛,2024-03-21,9105
2367,燿華,131,90,41,群益金鼎-高盛,2024-03-21,9105
00900,富邦特選高股息30,41,5,36,群益金鼎-高盛,2024-03-21,9105
00720B,元大投資級公司債,35,0,35,群益金鼎-高盛,2024-03-21,9105
1337,再生-KY,30,0,30,群益金鼎-高盛,2024-03-21,9105
2303,聯電,35,9,26,群益金鼎-高盛,2024-03-21,9105
00915,凱基優選高股息30,24,0,24,群益金鼎-高盛,2024-03-21,9105
00680L,元大美債20正2,24,2,22,群益金鼎-高盛,2024-03-21,9105
2405,輔信,37,16,21,群益金鼎-高盛,2024-03-21,9105
3005,神基,43,22,21,群益金鼎-高盛,2024-03-21,9105
00671R,富邦NASDAQ反1,20,0,20,群益金鼎-高盛,2024-03-21,9105
2362,藍天,20,1,19,群益金鼎-高盛,2024-03-21,9105
00941,中信上游半導體,21,2,19,群益金鼎-高盛,2024-03-21,9105
3322,建舜電,21,2,19,群益金鼎-高盛,2024-03-21,9105
5515,建國,20,3,17,群益金鼎-高盛,2024-03-21,9105
5483,中美晶,21,6,15,群益金鼎-高盛,2024-03-21,9105
8105,凌巨,18,3,15,群益金鼎-高盛,2024-03-21,9105
00751B,元大AAA至A公司債,14,0,14,群益金鼎-高盛,2024-03-21,9105
8096,擎亞,115,101,14,群益金鼎-高盛,2024-03-21,9105
6244,茂迪,18,5,13,群益金鼎-高盛,2024-03-21,9105
8034,榮群,13,0,13,群益金鼎-高盛,2024-03-21,9105
3033,威健,13,1,12,群益金鼎-高盛,2024-03-21,9105
1785,光洋科,21,9,12,群益金鼎-高盛,2024-03-21,9105
2354,鴻準,22,11,11,群益金鼎-高盛,2024-03-21,9105
1718,中纖,10,0,10,群益金鼎-高盛,2024-03-21,9105
00652,富邦印度,10,0,10,群益金鼎-高盛,2024-03-21,9105
00772B,中信高評級公司債,10,0,10,群益金鼎-高盛,2024-03-21,9105
2312,金寶,10,0,10,群益金鼎-高盛,2024-03-21,9105
3062,建漢,10,0,10,群益金鼎-高盛,2024-03-21,9105
9907,統一實,20,10,10,群益金鼎-高盛,2024-03-21,9105
3231,緯創,21,12,9,群益金鼎-高盛,2024-03-21,9105
8473,山林水,10,1,9,群益金鼎-高盛,2024-03-21,9105
3702,大聯大,8,0,8,群益金鼎-高盛,2024-03-21,9105
2449,京元電子,11,3,8,群益金鼎-高盛,2024-03-21,9105
2464,盟立,10,2,8,群益金鼎-高盛,2024-03-21,9105
00930,永豐ESG低碳高息,7,0,7,群益金鼎-高盛,2024-03-21,9105
2206,三陽工業,8,1,7,群益金鼎-高盛,2024-03-21,9105
2880,華南金,8,1,7,群益金鼎-高盛,2024-03-21,9105
3296,勝德,10,3,7,群益金鼎-高盛,2024-03-21,9105
4768,晶呈科技,8,1,7,群益金鼎-高盛,2024-03-21,9105
2329,華泰,27,21,6,群益金鼎-高盛,2024-03-21,9105
00900,富邦特選高股息30,416,10,406,群益金鼎-高盛,2024-03-22,9105
2542,興富發,191,0,191,群益金鼎-高盛,2024-03-22,9105
00764B,群益25年美債,130,30,100,群益金鼎-高盛,2024-03-22,9105
00679B,元大美債20年,98,6,92,群益金鼎-高盛,2024-03-22,9105
5202,力新,92,0,92,群益金鼎-高盛,2024-03-22,9105
00918,大華優利高填息30,92,2,90,群益金鼎-高盛,2024-03-22,9105
1301,台塑,73,8,65,群益金鼎-高盛,2024-03-22,9105
2376,技嘉,73,10,63,群益金鼎-高盛,2024-03-22,9105
2303,聯電,65,4,61,群益金鼎-高盛,2024-03-22,9105
2354,鴻準,71,15,56,群益金鼎-高盛,2024-03-22,9105
00664R,國泰臺灣加權反1,55,2,53,群益金鼎-高盛,2024-03-22,9105
2006,東和鋼鐵,52,0,52,群益金鼎-高盛,2024-03-22,9105
2883,凱基金,52,1,51,群益金鼎-高盛,2024-03-22,9105
6443,元晶,81,33,48,群益金鼎-高盛,2024-03-22,9105
9945,潤泰新,45,0,45,群益金鼎-高盛,2024-03-22,9105
6248,沛波,44,1,43,群益金鼎-高盛,2024-03-22,9105
00891,中信關鍵半導體,37,0,37,群益金鼎-高盛,2024-03-22,9105
00650L,復華香港正2,33,0,33,群益金鼎-高盛,2024-03-22,9105
6257,矽格,34,1,33,群益金鼎-高盛,2024-03-22,9105
00939,統一台灣高息動能,59,29,30,群益金鼎-高盛,2024-03-22,9105
00712,復華富時不動產,30,0,30,群益金鼎-高盛,2024-03-22,9105
2515,中工,30,0,30,群益金鼎-高盛,2024-03-22,9105
00669R,國泰美國道瓊反1,25,0,25,群益金鼎-高盛,2024-03-22,9105
2374,佳能,31,7,24,群益金鼎-高盛,2024-03-22,9105
00632R,元大台灣50反1,25,3,22,群益金鼎-高盛,2024-03-22,9105
2888,新光金,22,0,22,群益金鼎-高盛,2024-03-22,9105
3706,神達,49,27,22,群益金鼎-高盛,2024-03-22,9105
3188,鑫龍騰,22,1,21,群益金鼎-高盛,2024-03-22,9105
00680L,元大美債20正2,20,0,20,群益金鼎-高盛,2024-03-22,9105
1434,福懋,20,0,20,群益金鼎-高盛,2024-03-22,9105
1532,勤美,20,0,20,群益金鼎-高盛,2024-03-22,9105
8096,擎亞,95,75,20,群益金鼎-高盛,2024-03-22,9105
8111,立��,25,5,20,群益金鼎-高盛,2024-03-22,9105
8040,九暘,15,0,15,群益金鼎-高盛,2024-03-22,9105
8271,宇瞻,23,8,15,群益金鼎-高盛,2024-03-22,9105
1718,中纖,13,0,13,群益金鼎-高盛,2024-03-22,9105
2323,中環,25,13,12,群益金鼎-高盛,2024-03-22,9105
3380,明泰,12,0,12,群益金鼎-高盛,2024-03-22,9105
8034,榮群,15,3,12,群益金鼎-高盛,2024-03-22,9105
9105,泰金寶-DR,12,0,12,群益金鼎-高盛,2024-03-22,9105
1101,台泥,17,6,11,群益金鼎-高盛,2024-03-22,9105
00941,中信上游半導體,11,0,11,群益金鼎-高盛,2024-03-22,9105
1314,中石化,11,0,11,群益金鼎-高盛,2024-03-22,9105
4303,信立,21,10,11,群益金鼎-高盛,2024-03-22,9105
5483,中美晶,12,1,11,群益金鼎-高盛,2024-03-22,9105
00934,中信成長高股息,10,0,10,群益金鼎-高盛,2024-03-22,9105
1615,大山,10,0,10,群益金鼎-高盛,2024-03-22,9105
2402,毅嘉,10,0,10,群益金鼎-高盛,2024-03-22,9105
2427,三商電,10,0,10,群益金鼎-高盛,2024-03-22,9105
4960,誠美材,11,1,10,群益金鼎-高盛,2024-03-22,9105
00937B,群益ESG投等債20,174,0,174,群益金鼎-高盛,2024-03-25,9105
2801,彰銀,120,0,120,群益金鼎-高盛,2024-03-25,9105
2880,華南金,107,0,107,群益金鼎-高盛,2024-03-25,9105
2371,大同,106,8,98,群益金鼎-高盛,2024-03-25,9105
2353,宏��,114,21,93,群益金鼎-高盛,2024-03-25,9105
2618,長榮航,89,3,86,群益金鼎-高盛,2024-03-25,9105
2356,英業達,126,51,75,群益金鼎-高盛,2024-03-25,9105
5202,力新,72,0,72,群益金鼎-高盛,2024-03-25,9105
8096,擎亞,84,23,61,群益金鼎-高盛,2024-03-25,9105
00720B,元大投資級公司債,60,0,60,群益金鼎-高盛,2024-03-25,9105
00719B,元大美債1-3,51,0,51,群益金鼎-高盛,2024-03-25,9105
2509,全坤建,44,0,44,群益金鼎-高盛,2024-03-25,9105
1439,雋揚,37,0,37,群益金鼎-高盛,2024-03-25,9105
00919,群益台灣精選高息,76,40,36,群益金鼎-高盛,2024-03-25,9105
1529,樂事綠能,32,1,31,群益金鼎-高盛,2024-03-25,9105
00939,統一台灣高息動能,61,30,31,群益金鼎-高盛,2024-03-25,9105
00918,大華優利高填息30,40,15,25,群益金鼎-高盛,2024-03-25,9105
3025,星通,20,0,20,群益金鼎-高盛,2024-03-25,9105
2354,鴻準,45,25,20,群益金鼎-高盛,2024-03-25,9105
6117,迎廣,21,1,20,群益金鼎-高盛,2024-03-25,9105
5426,振發,29,11,18,群益金鼎-高盛,2024-03-25,9105
1609,大亞,188,171,17,群益金鼎-高盛,2024-03-25,9105
00687B,國泰20年美債,16,0,16,群益金鼎-高盛,2024-03-25,9105
2542,興富發,15,0,15,群益金鼎-高盛,2024-03-25,9105
00665L,富邦�琤肭磪囓�2,15,0,15,群益金鼎-高盛,2024-03-25,9105
1815,富喬,18,3,15,群益金鼎-高盛,2024-03-25,9105
6257,矽格,15,1,14,群益金鼎-高盛,2024-03-25,9105
3706,神達,15,2,13,群益金鼎-高盛,2024-03-25,9105
1457,宜進,13,0,13,群益金鼎-高盛,2024-03-25,9105
2401,凌陽,13,0,13,群益金鼎-高盛,2024-03-25,9105
8111,立��,17,5,12,群益金鼎-高盛,2024-03-25,9105
2881,富邦金,12,0,12,群益金鼎-高盛,2024-03-25,9105
2303,聯電,33,22,11,群益金鼎-高盛,2024-03-25,9105
1612,宏泰,15,4,11,群益金鼎-高盛,2024-03-25,9105
2633,台灣高鐵,21,10,11,群益金鼎-高盛,2024-03-25,9105
4533,協易機,12,1,11,群益金鼎-高盛,2024-03-25,9105
00891,中信關鍵半導體,15,5,10,群益金鼎-高盛,2024-03-25,9105
2528,皇普,10,0,10,群益金鼎-高盛,2024-03-25,9105
3058,立德,11,1,10,群益金鼎-高盛,2024-03-25,9105
00933B,國泰10Y+金融債,10,0,10,群益金鼎-高盛,2024-03-25,9105
3005,神基,12,3,9,群益金鼎-高盛,2024-03-25,9105
5490,同亨,9,0,9,群益金鼎-高盛,2024-03-25,9105
2301,光寶科,10,1,9,群益金鼎-高盛,2024-03-25,9105
5381,合正,11,2,9,群益金鼎-高盛,2024-03-25,9105
6215,和椿,10,1,9,群益金鼎-高盛,2024-03-25,9105
2365,昆盈,8,0,8,群益金鼎-高盛,2024-03-25,9105
1522,堤維西,10,2,8,群益金鼎-高盛,2024-03-25,9105
3450,聯鈞,11,3,8,群益金鼎-高盛,2024-03-25,9105
6020,大展證,8,0,8,群益金鼎-高盛,2024-03-25,9105
1519,華城,8,0,8,群益金鼎-高盛,2024-03-25,9105
5202,力新,190,1,189,群益金鼎-高盛,2024-03-26,9105
00939,統一台灣高息動能,122,16,106,群益金鼎-高盛,2024-03-26,9105
00933B,國泰10Y+金融債,102,10,92,群益金鼎-高盛,2024-03-26,9105
3481,群創,84,4,80,群益金鼎-高盛,2024-03-26,9105
2356,英業達,112,49,63,群益金鼎-高盛,2024-03-26,9105
00919,群益台灣精選高息,127,67,60,群益金鼎-高盛,2024-03-26,9105
2408,南亞科,58,9,49,群益金鼎-高盛,2024-03-26,9105
00937B,群益ESG投等債20,52,10,42,群益金鼎-高盛,2024-03-26,9105
00720B,元大投資級公司債,41,0,41,群益金鼎-高盛,2024-03-26,9105
00733,富邦臺灣中小,40,0,40,群益金鼎-高盛,2024-03-26,9105
2409,友達,43,4,39,群益金鼎-高盛,2024-03-26,9105
2303,聯電,40,7,33,群益金鼎-高盛,2024-03-26,9105
00664R,國泰臺灣加權反1,40,8,32,群益金鼎-高盛,2024-03-26,9105
4127,天良,29,0,29,群益金鼎-高盛,2024-03-26,9105
2618,長榮航,37,10,27,群益金鼎-高盛,2024-03-26,9105
1504,東元,32,6,26,群益金鼎-高盛,2024-03-26,9105
2402,毅嘉,26,0,26,群益金鼎-高盛,2024-03-26,9105
00680L,元大美債20正2,22,0,22,群益金鼎-高盛,2024-03-26,9105
2354,鴻準,22,0,22,群益金鼎-高盛,2024-03-26,9105
8064,東捷,22,0,22,群益金鼎-高盛,2024-03-26,9105
3231,緯創,32,11,21,群益金鼎-高盛,2024-03-26,9105
00665L,富邦�琤肭磪囓�2,20,0,20,群益金鼎-高盛,2024-03-26,9105
2388,威盛,71,53,18,群益金鼎-高盛,2024-03-26,9105
3312,弘憶股,38,22,16,群益金鼎-高盛,2024-03-26,9105
00632R,元大台灣50反1,46,30,16,群益金鼎-高盛,2024-03-26,9105
1618,合機,61,45,16,群益金鼎-高盛,2024-03-26,9105
00753L,中信中國50正2,15,0,15,群益金鼎-高盛,2024-03-26,9105
00679B,元大美債20年,14,0,14,群益金鼎-高盛,2024-03-26,9105
2515,中工,25,12,13,群益金鼎-高盛,2024-03-26,9105
2308,台達電,12,0,12,群益金鼎-高盛,2024-03-26,9105
1303,南亞,15,3,12,群益金鼎-高盛,2024-03-26,9105
1612,宏泰,35,23,12,群益金鼎-高盛,2024-03-26,9105
3047,訊舟,12,0,12,群益金鼎-高盛,2024-03-26,9105
6667,信紘科,18,6,12,群益金鼎-高盛,2024-03-26,9105
2367,燿華,27,15,12,群益金鼎-高盛,2024-03-26,9105
6770,力積電,12,1,11,群益金鼎-高盛,2024-03-26,9105
6125,廣運,28,17,11,群益金鼎-高盛,2024-03-26,9105
1616,億泰,11,0,11,群益金鼎-高盛,2024-03-26,9105
2542,興富發,11,0,11,群益金鼎-高盛,2024-03-26,9105
3062,建漢,21,10,11,群益金鼎-高盛,2024-03-26,9105
00688L,國泰20年美債正2,10,0,10,群益金鼎-高盛,2024-03-26,9105
00930,永豐ESG低碳高息,10,0,10,群益金鼎-高盛,2024-03-26,9105
2892,第一金,10,0,10,群益金鼎-高盛,2024-03-26,9105
3051,力特,10,0,10,群益金鼎-高盛,2024-03-26,9105
5493,三聯,10,0,10,群益金鼎-高盛,2024-03-26,9105
9942,茂順,10,0,10,群益金鼎-高盛,2024-03-26,9105
1721,三晃,10,0,10,群益金鼎-高盛,2024-03-26,9105
1532,勤美,10,0,10,群益金鼎-高盛,2024-03-26,9105
2362,藍天,11,1,10,群益金鼎-高盛,2024-03-26,9105
5371,中光電,10,1,9,群益金鼎-高盛,2024-03-26,9105
2515,中工,506,21,485,群益金鼎-高盛,2024-03-27,9105
00929,復華台灣科技優息,221,13,208,群益金鼎-高盛,2024-03-27,9105
00919,群益台灣精選高息,378,231,147,群益金鼎-高盛,2024-03-27,9105
00720B,元大投資級公司債,118,0,118,群益金鼎-高盛,2024-03-27,9105
2371,大同,146,54,92,群益金鼎-高盛,2024-03-27,9105
3481,群創,114,25,89,群益金鼎-高盛,2024-03-27,9105
2408,南亞科,66,2,64,群益金鼎-高盛,2024-03-27,9105
00933B,國泰10Y+金融債,50,0,50,群益金鼎-高盛,2024-03-27,9105
2509,全坤建,49,0,49,群益金鼎-高盛,2024-03-27,9105
5202,力新,30,0,30,群益金鼎-高盛,2024-03-27,9105
00939,統一台灣高息動能,59,33,26,群益金鼎-高盛,2024-03-27,9105
00941,中信上游半導體,23,1,22,群益金鼎-高盛,2024-03-27,9105
2303,聯電,25,3,22,群益金鼎-高盛,2024-03-27,9105
2392,正崴,24,3,21,群益金鼎-高盛,2024-03-27,9105
2402,毅嘉,20,0,20,群益金鼎-高盛,2024-03-27,9105
5880,合庫金,20,0,20,群益金鼎-高盛,2024-03-27,9105
2337,旺宏,20,0,20,群益金鼎-高盛,2024-03-27,9105
1608,華榮,72,52,20,群益金鼎-高盛,2024-03-27,9105
1609,大亞,36,16,20,群益金鼎-高盛,2024-03-27,9105
00937B,群益ESG投等債20,18,0,18,群益金鼎-高盛,2024-03-27,9105
1513,中興電,23,8,15,群益金鼎-高盛,2024-03-27,9105
00679B,元大美債20年,15,0,15,群益金鼎-高盛,2024-03-27,9105
2103,台橡,15,0,15,群益金鼎-高盛,2024-03-27,9105
5243,乙盛-KY,18,4,14,群益金鼎-高盛,2024-03-27,9105
2301,光寶科,16,3,13,群益金鼎-高盛,2024-03-27,9105
5201,凱衛,12,0,12,群益金鼎-高盛,2024-03-27,9105
00712,復華富時不動產,11,0,11,群益金鼎-高盛,2024-03-27,9105
3231,緯創,13,3,10,群益金鼎-高盛,2024-03-27,9105
1809,中釉,12,2,10,群益金鼎-高盛,2024-03-27,9105
2065,世豐,10,0,10,群益金鼎-高盛,2024-03-27,9105
8404,百和興業-KY,10,0,10,群益金鼎-高盛,2024-03-27,9105
1316,上曜,28,19,9,群益金鼎-高盛,2024-03-27,9105
1808,潤隆,14,5,9,群益金鼎-高盛,2024-03-27,9105
4120,友華,10,1,9,群益金鼎-高盛,2024-03-27,9105
2344,華邦電,8,0,8,群益金鼎-高盛,2024-03-27,9105
6121,新普,7,0,7,群益金鼎-高盛,2024-03-27,9105
5483,中美晶,8,1,7,群益金鼎-高盛,2024-03-27,9105
2882,國泰金,7,0,7,群益金鼎-高盛,2024-03-27,9105
8111,立��,7,0,7,群益金鼎-高盛,2024-03-27,9105
4588,玖鼎電力,8,1,7,群益金鼎-高盛,2024-03-27,9105
1786,科妍,9,2,7,群益金鼎-高盛,2024-03-27,9105
3083,網龍,9,3,6,群益金鼎-高盛,2024-03-27,9105
2363,矽統,6,0,6,群益金鼎-高盛,2024-03-27,9105
00936,台新永續高息中小,6,0,6,群益金鼎-高盛,2024-03-27,9105
1416,廣豐,6,0,6,群益金鼎-高盛,2024-03-27,9105
3455,由田,6,0,6,群益金鼎-高盛,2024-03-27,9105
912000,晨訊科-DR,6,0,6,群益金鼎-高盛,2024-03-27,9105
4526,東台,25,19,6,群益金鼎-高盛,2024-03-27,9105
1514,亞力,12,7,5,群益金鼎-高盛,2024-03-27,9105
2308,台達電,11,6,5,群益金鼎-高盛,2024-03-27,9105
5202,力新,313,1,312,群益金鼎-高盛,2024-03-28,9105
00937B,群益ESG投等債20,115,20,95,群益金鼎-高盛,2024-03-28,9105
2890,永豐金,60,0,60,群益金鼎-高盛,2024-03-28,9105
3481,群創,63,6,57,群益金鼎-高盛,2024-03-28,9105
2371,大同,103,48,55,群益金鼎-高盛,2024-03-28,9105
2880,華南金,50,0,50,群益金鼎-高盛,2024-03-28,9105
2883,凱基金,41,3,38,群益金鼎-高盛,2024-03-28,9105
4938,和碩,34,2,32,群益金鼎-高盛,2024-03-28,9105
2913,農林,21,0,21,群益金鼎-高盛,2024-03-28,9105
2882,國泰金,29,10,19,群益金鼎-高盛,2024-03-28,9105
8054,安國,22,3,19,群益金鼎-高盛,2024-03-28,9105
2308,台達電,25,7,18,群益金鼎-高盛,2024-03-28,9105
2301,光寶科,18,1,17,群益金鼎-高盛,2024-03-28,9105
3041,揚智,20,3,17,群益金鼎-高盛,2024-03-28,9105
5515,建國,35,18,17,群益金鼎-高盛,2024-03-28,9105
6248,沛波,27,11,16,群益金鼎-高盛,2024-03-28,9105
9105,泰金寶-DR,15,0,15,群益金鼎-高盛,2024-03-28,9105
00680L,元大美債20正2,20,6,14,群益金鼎-高盛,2024-03-28,9105
2834,臺企銀,16,2,14,群益金鼎-高盛,2024-03-28,9105
1609,大亞,26,12,14,群益金鼎-高盛,2024-03-28,9105
1584,精剛,14,1,13,群益金鼎-高盛,2024-03-28,9105
00679B,元大美債20年,15,3,12,群益金鼎-高盛,2024-03-28,9105
00712,復華富時不動產,12,0,12,群益金鼎-高盛,2024-03-28,9105
6770,力積電,13,0,13,群益金鼎-高盛,2024-03-28,9105
2367,燿華,39,27,12,群益金鼎-高盛,2024-03-28,9105
2353,宏��,15,3,12,群益金鼎-高盛,2024-03-28,9105
4303,信立,17,5,12,群益金鼎-高盛,2024-03-28,9105
2323,中環,11,0,11,群益金鼎-高盛,2024-03-28,9105
1789,神隆,11,0,11,群益金鼎-高盛,2024-03-28,9105
2359,所羅門,16,5,11,群益金鼎-高盛,2024-03-28,9105
4714,永捷,22,12,10,群益金鼎-高盛,2024-03-28,9105
00715L,期街口布蘭特正2,10,0,10,群益金鼎-高盛,2024-03-28,9105
00671R,富邦NASDAQ反1,10,0,10,群益金鼎-高盛,2024-03-28,9105
2891,中信金,19,9,10,群益金鼎-高盛,2024-03-28,9105
3686,達能,11,1,10,群益金鼎-高盛,2024-03-28,9105
3701,大眾控,12,2,10,群益金鼎-高盛,2024-03-28,9105
5381,合正,11,1,10,群益金鼎-高盛,2024-03-28,9105
6456,GIS-KY,13,3,10,群益金鼎-高盛,2024-03-28,9105
6488,環球晶,10,0,10,群益金鼎-高盛,2024-03-28,9105
2356,英業達,26,18,8,群益金鼎-高盛,2024-03-28,9105
2460,建通,8,0,8,群益金鼎-高盛,2024-03-28,9105
2611,志信,8,0,8,群益金鼎-高盛,2024-03-28,9105
2888,新光金,8,0,8,群益金鼎-高盛,2024-03-28,9105
4120,友華,8,0,8,群益金鼎-高盛,2024-03-28,9105
2406,國碩,8,0,8,群益金鼎-高盛,2024-03-28,9105
3005,神基,10,2,8,群益金鼎-高盛,2024-03-28,9105
1217,愛之味,7,0,7,群益金鼎-高盛,2024-03-28,9105
2609,陽明,9,2,7,群益金鼎-高盛,2024-03-28,9105
6180,橘子,7,0,7,群益金鼎-高盛,2024-03-28,9105
6584,南俊國際,8,1,7,群益金鼎-高盛,2024-03-28,9105
2317,鴻海,600,49,551,群益金鼎-高盛,2024-03-29,9105
00637L,元大滬深300正2,186,30,156,群益金鼎-高盛,2024-03-29,9105
2509,全坤建,119,0,119,群益金鼎-高盛,2024-03-29,9105
1609,大亞,95,23,72,群益金鼎-高盛,2024-03-29,9105
2354,鴻準,69,12,57,群益金鼎-高盛,2024-03-29,9105
3481,群創,60,11,49,群益金鼎-高盛,2024-03-29,9105
00939,統一台灣高息動能,46,1,45,群益金鼎-高盛,2024-03-29,9105
2465,麗臺,28,3,25,群益金鼎-高盛,2024-03-29,9105
2890,永豐金,22,0,22,群益金鼎-高盛,2024-03-29,9105
6248,沛波,20,0,20,群益金鼎-高盛,2024-03-29,9105
2301,光寶科,19,2,17,群益金鼎-高盛,2024-03-29,9105
2888,新光金,13,0,13,群益金鼎-高盛,2024-03-29,9105
2308,台達電,16,4,12,群益金鼎-高盛,2024-03-29,9105
00687B,國泰20年美債,11,0,11,群益金鼎-高盛,2024-03-29,9105
2324,仁寶,16,5,11,群益金鼎-高盛,2024-03-29,9105
5351,鈺創,14,3,11,群益金鼎-高盛,2024-03-29,9105
6244,茂迪,12,1,11,群益金鼎-高盛,2024-03-29,9105
00715L,期街口布蘭特正2,10,0,10,群益金鼎-高盛,2024-03-29,9105
1473,台南,10,0,10,群益金鼎-高盛,2024-03-29,9105
2316,楠梓電,12,2,10,群益金鼎-高盛,2024-03-29,9105
3666,光耀,11,1,10,群益金鼎-高盛,2024-03-29,9105
4120,友華,10,0,10,群益金鼎-高盛,2024-03-29,9105
4973,廣穎,10,0,10,群益金鼎-高盛,2024-03-29,9105
5426,振發,15,5,10,群益金鼎-高盛,2024-03-29,9105
6189,豐藝,10,0,10,群益金鼎-高盛,2024-03-29,9105
6550,北極星藥業-KY,10,0,10,群益金鼎-高盛,2024-03-29,9105
1201,味全,10,0,10,群益金鼎-高盛,2024-03-29,9105
2887,台新金,10,1,9,群益金鼎-高盛,2024-03-29,9105
3189,景碩,9,0,9,群益金鼎-高盛,2024-03-29,9105
2376,技嘉,15,6,9,群益金鼎-高盛,2024-03-29,9105
6462,神盾,14,6,8,群益金鼎-高盛,2024-03-29,9105
2352,佳世達,11,3,8,群益金鼎-高盛,2024-03-29,9105
2328,廣宇,16,8,8,群益金鼎-高盛,2024-03-29,9105
9925,新保,8,0,8,群益金鼎-高盛,2024-03-29,9105
00918,大華優利高填息30,7,0,7,群益金鼎-高盛,2024-03-29,9105
1785,光洋科,11,4,7,群益金鼎-高盛,2024-03-29,9105
6275,元山,7,0,7,群益金鼎-高盛,2024-03-29,9105
6126,信音,7,0,7,群益金鼎-高盛,2024-03-29,9105
00674R,期元大S＆P黃金反1,6,0,6,群益金鼎-高盛,2024-03-29,9105
2367,燿華,60,54,6,群益金鼎-高盛,2024-03-29,9105
3294,英濟,25,19,6,群益金鼎-高盛,2024-03-29,9105
6257,矽格,11,5,6,群益金鼎-高盛,2024-03-29,9105
6443,元晶,16,10,6,群益金鼎-高盛,2024-03-29,9105
8034,榮群,6,0,6,群益金鼎-高盛,2024-03-29,9105
1464,得力,5,0,5,群益金鼎-高盛,2024-03-29,9105
00679B,元大美債20年,11,6,5,群益金鼎-高盛,2024-03-29,9105
2417,圓剛,8,3,5,群益金鼎-高盛,2024-03-29,9105
00632R,元大台灣50反1,25,20,5,群益金鼎-高盛,2024-03-29,9105
00706L,期元大S＆P日圓正2,5,0,5,群益金鼎-高盛,2024-03-29,9105
1591,駿吉-KY,5,0,5,群益金鼎-高盛,2024-03-29,9105
00937B,群益ESG投等債20,176,1,175,群益金鼎-高盛,2024-04-01,9105
00919,群益台灣精選高息,116,52,64,群益金鼎-高盛,2024-04-01,9105
00740B,富邦全球投等債,52,0,52,群益金鼎-高盛,2024-04-01,9105
6176,瑞儀,51,0,51,群益金鼎-高盛,2024-04-01,9105
4123,晟德,40,0,40,群益金鼎-高盛,2024-04-01,9105
3231,緯創,48,10,38,群益金鼎-高盛,2024-04-01,9105
2603,長榮,33,0,33,群益金鼎-高盛,2024-04-01,9105
1815,富喬,46,14,32,群益金鼎-高盛,2024-04-01,9105
2891,中信金,31,1,30,群益金鼎-高盛,2024-04-01,9105
00632R,元大台灣50反1,31,6,25,群益金鼎-高盛,2024-04-01,9105
8096,擎亞,22,0,22,群益金鼎-高盛,2024-04-01,9105
9950,萬國通,20,0,20,群益金鼎-高盛,2024-04-01,9105
00939,統一台灣高息動能,24,5,19,群益金鼎-高盛,2024-04-01,9105
3711,日月光投控,17,1,16,群益金鼎-高盛,2024-04-01,9105
3481,群創,18,2,16,群益金鼎-高盛,2024-04-01,9105
2356,英業達,68,53,15,群益金鼎-高盛,2024-04-01,9105
8111,立��,15,0,15,群益金鼎-高盛,2024-04-01,9105
2308,台達電,13,1,12,群益金鼎-高盛,2024-04-01,9105
2352,佳世達,14,2,12,群益金鼎-高盛,2024-04-01,9105
2329,華泰,16,5,11,群益金鼎-高盛,2024-04-01,9105
3059,華晶科,13,2,11,群益金鼎-高盛,2024-04-01,9105
2886,兆豐金,11,1,10,群益金鼎-高盛,2024-04-01,9105
3498,陽程,13,3,10,群益金鼎-高盛,2024-04-01,9105
2002,中鋼,11,1,10,群益金鼎-高盛,2024-04-01,9105
00941,中信上游半導體,10,0,10,群益金鼎-高盛,2024-04-01,9105
2354,鴻準,18,8,10,群益金鼎-高盛,2024-04-01,9105
2429,銘旺科,10,0,10,群益金鼎-高盛,2024-04-01,9105
2520,冠德,10,0,10,群益金鼎-高盛,2024-04-01,9105
3325,旭品,10,0,10,群益金鼎-高盛,2024-04-01,9105
4114,健喬,10,0,10,群益金鼎-高盛,2024-04-01,9105
5425,台半,10,0,10,群益金鼎-高盛,2024-04-01,9105
00929,復華台灣科技優息,33,23,10,群益金鼎-高盛,2024-04-01,9105
5324,士開,10,0,10,群益金鼎-高盛,2024-04-01,9105
00687B,國泰20年美債,10,1,9,群益金鼎-高盛,2024-04-01,9105
5529,鉅陞,9,0,9,群益金鼎-高盛,2024-04-01,9105
2383,台光電,8,0,8,群益金鼎-高盛,2024-04-01,9105
1504,東元,11,3,8,群益金鼎-高盛,2024-04-01,9105
2801,彰銀,10,2,8,群益金鼎-高盛,2024-04-01,9105
3044,健鼎,8,0,8,群益金鼎-高盛,2024-04-01,9105
5347,世界,19,11,8,群益金鼎-高盛,2024-04-01,9105
00692,富邦公司治理,9,2,7,群益金鼎-高盛,2024-04-01,9105
3666,光耀,12,5,7,群益金鼎-高盛,2024-04-01,9105
00720B,元大投資級公司債,7,0,7,群益金鼎-高盛,2024-04-01,9105
4526,東台,7,1,6,群益金鼎-高盛,2024-04-01,9105
00674R,期元大S＆P黃金反1,6,0,6,群益金鼎-高盛,2024-04-01,9105
1455,集盛,6,0,6,群益金鼎-高盛,2024-04-01,9105
2301,光寶科,7,1,6,群益金鼎-高盛,2024-04-01,9105
3294,英濟,6,0,6,群益金鼎-高盛,2024-04-01,9105
4714,永捷,6,0,6,群益金鼎-高盛,2024-04-01,9105
00931B,統一美債20年,5,0,5,群益金鼎-高盛,2024-04-01,9105
00764B,群益25年美債,400,0,400,群益金鼎-高盛,2024-04-02,9105
00637L,元大滬深300正2,157,5,152,群益金鼎-高盛,2024-04-02,9105
00940,元大台灣價值高息,175,24,151,群益金鼎-高盛,2024-04-02,9105
00687B,國泰20年美債,127,1,126,群益金鼎-高盛,2024-04-02,9105
2301,光寶科,109,7,102,群益金鼎-高盛,2024-04-02,9105
00919,群益台灣精選高息,91,4,87,群益金鼎-高盛,2024-04-02,9105
2515,中工,117,33,84,群益金鼎-高盛,2024-04-02,9105
00632R,元大台灣50反1,80,14,66,群益金鼎-高盛,2024-04-02,9105
00720B,元大投資級公司債,64,0,64,群益金鼎-高盛,2024-04-02,9105
00679B,元大美債20年,56,2,54,群益金鼎-高盛,2024-04-02,9105
00929,復華台灣科技優息,102,48,54,群益金鼎-高盛,2024-04-02,9105
00712,復華富時不動產,52,0,52,群益金鼎-高盛,2024-04-02,9105
00740B,富邦全球投等債,102,52,50,群益金鼎-高盛,2024-04-02,9105
00680L,元大美債20正2,39,0,39,群益金鼎-高盛,2024-04-02,9105
5529,鉅陞,33,0,33,群益金鼎-高盛,2024-04-02,9105
00937B,群益ESG投等債20,24,0,24,群益金鼎-高盛,2024-04-02,9105
1905,華紙,23,0,23,群益金鼎-高盛,2024-04-02,9105
6770,力積電,21,0,21,群益金鼎-高盛,2024-04-02,9105
00930,永豐ESG低碳高息,20,0,20,群益金鼎-高盛,2024-04-02,9105
2492,華新科,21,3,18,群益金鼎-高盛,2024-04-02,9105
1609,大亞,28,10,18,群益金鼎-高盛,2024-04-02,9105
2882,國泰金,18,1,17,群益金鼎-高盛,2024-04-02,9105
2344,華邦電,20,3,17,群益金鼎-高盛,2024-04-02,9105
2408,南亞科,31,14,17,群益金鼎-高盛,2024-04-02,9105
00673R,期元大S＆P原油反1,16,0,16,群益金鼎-高盛,2024-04-02,9105
3231,緯創,45,30,15,群益金鼎-高盛,2024-04-02,9105
2354,鴻準,21,7,14,群益金鼎-高盛,2024-04-02,9105
1314,中石化,15,1,14,群益金鼎-高盛,2024-04-02,9105
2356,英業達,27,13,14,群益金鼎-高盛,2024-04-02,9105
2834,臺企銀,20,7,13,群益金鼎-高盛,2024-04-02,9105
00939,統一台灣高息動能,12,0,12,群益金鼎-高盛,2024-04-02,9105
00751B,元大AAA至A公司債,12,0,12,群益金鼎-高盛,2024-04-02,9105
2889,國票金,12,0,12,群益金鼎-高盛,2024-04-02,9105
3363,上詮,21,9,12,群益金鼎-高盛,2024-04-02,9105
00650L,復華香港正2,69,58,11,群益金鼎-高盛,2024-04-02,9105
2417,圓剛,16,5,11,群益金鼎-高盛,2024-04-02,9105
8415,大國鋼,11,0,11,群益金鼎-高盛,2024-04-02,9105
00706L,期元大S＆P日圓正2,10,0,10,群益金鼎-高盛,2024-04-02,9105
00936,台新永續高息中小,10,0,10,群益金鼎-高盛,2024-04-02,9105
1460,宏遠,10,0,10,群益金鼎-高盛,2024-04-02,9105
2617,台航,10,0,10,群益金鼎-高盛,2024-04-02,9105
4927,泰鼎-KY,10,0,10,群益金鼎-高盛,2024-04-02,9105
6206,飛捷,10,0,10,群益金鼎-高盛,2024-04-02,9105
00931B,統一美債20年,9,0,9,群益金鼎-高盛,2024-04-02,9105
3339,泰谷,9,0,9,群益金鼎-高盛,2024-04-02,9105
6284,佳邦,9,0,9,群益金鼎-高盛,2024-04-02,9105
3706,神達,9,1,8,群益金鼎-高盛,2024-04-02,9105
00941,中信上游半導體,9,1,8,群益金鼎-高盛,2024-04-02,9105
00933B,國泰10Y+金融債,8,0,8,群益金鼎-高盛,2024-04-02,9105
3013,晟銘電,10,3,7,群益金鼎-高盛,2024-04-02,9105
00740B,富邦全球投等債,352,102,250,群益金鼎-高盛,2024-04-03,9105
00929,復華台灣科技優息,182,1,181,群益金鼎-高盛,2024-04-03,9105
2890,永豐金,166,0,166,群益金鼎-高盛,2024-04-03,9105
00937B,群益ESG投等債20,152,0,152,群益金鼎-高盛,2024-04-03,9105
00919,群益台灣精選高息,127,46,81,群益金鼎-高盛,2024-04-03,9105
2515,中工,180,99,81,群益金鼎-高盛,2024-04-03,9105
00679B,元大美債20年,64,0,64,群益金鼎-高盛,2024-04-03,9105
00680L,元大美債20正2,63,0,63,群益金鼎-高盛,2024-04-03,9105
2409,友達,60,0,60,群益金鼎-高盛,2024-04-03,9105
00720B,元大投資級公司債,57,0,57,群益金鼎-高盛,2024-04-03,9105
00927,群益半導體收益,57,0,57,群益金鼎-高盛,2024-04-03,9105
00687B,國泰20年美債,35,0,35,群益金鼎-高盛,2024-04-03,9105
2303,聯電,30,3,27,群益金鼎-高盛,2024-04-03,9105
2812,台中銀,25,0,25,群益金鼎-高盛,2024-04-03,9105
6120,達運,40,16,24,群益金鼎-高盛,2024-04-03,9105
00941,中信上游半導體,23,0,23,群益金鼎-高盛,2024-04-03,9105
2354,鴻準,26,4,22,群益金鼎-高盛,2024-04-03,9105
2889,國票金,22,0,22,群益金鼎-高盛,2024-04-03,9105
1314,中石化,31,10,21,群益金鼎-高盛,2024-04-03,9105
1709,和益,20,0,20,群益金鼎-高盛,2024-04-03,9105
5521,工信,20,0,20,群益金鼎-高盛,2024-04-03,9105
00733,富邦臺灣中小,17,0,17,群益金鼎-高盛,2024-04-03,9105
5443,均豪,48,32,16,群益金鼎-高盛,2024-04-03,9105
00712,復華富時不動產,15,0,15,群益金鼎-高盛,2024-04-03,9105
2382,廣達,26,11,15,群益金鼎-高盛,2024-04-03,9105
00688L,國泰20年美債正2,15,0,15,群益金鼎-高盛,2024-04-03,9105
2301,光寶科,28,13,15,群益金鼎-高盛,2024-04-03,9105
8110,華東,18,4,14,群益金鼎-高盛,2024-04-03,9105
2634,漢翔,13,0,13,群益金鼎-高盛,2024-04-03,9105
2317,鴻海,20,7,13,群益金鼎-高盛,2024-04-03,9105
1815,富喬,12,0,12,群益金鼎-高盛,2024-04-03,9105
2316,楠梓電,24,12,12,群益金鼎-高盛,2024-04-03,9105
4908,前鼎,13,1,12,群益金鼎-高盛,2024-04-03,9105
5201,凱衛,12,0,12,群益金鼎-高盛,2024-04-03,9105
5426,振發,16,4,12,群益金鼎-高盛,2024-04-03,9105
6230,尼得科超眾,14,2,12,群益金鼎-高盛,2024-04-03,9105
8088,品安,20,8,12,群益金鼎-高盛,2024-04-03,9105
2402,毅嘉,15,4,11,群益金鼎-高盛,2024-04-03,9105
2881,富邦金,12,1,11,群益金鼎-高盛,2024-04-03,9105
3002,歐格,11,0,11,群益金鼎-高盛,2024-04-03,9105
3163,波若威,11,0,11,群益金鼎-高盛,2024-04-03,9105
3666,光耀,15,4,11,群益金鼎-高盛,2024-04-03,9105
8054,安國,57,46,11,群益金鼎-高盛,2024-04-03,9105
8163,達方,11,0,11,群益金鼎-高盛,2024-04-03,9105
2520,冠德,11,0,11,群益金鼎-高盛,2024-04-03,9105
00763U,期街口道瓊銅,10,0,10,群益金鼎-高盛,2024-04-03,9105
2348,海悅,11,1,10,群益金鼎-高盛,2024-04-03,9105
2388,威盛,11,1,10,群益金鼎-高盛,2024-04-03,9105
2429,銘旺科,10,0,10,群益金鼎-高盛,2024-04-03,9105
2884,玉山金,12,2,10,群益金鼎-高盛,2024-04-03,9105
00937B,群益ESG投等債20,321,0,321,群益金鼎-高盛,2024-04-08,9105
00940,元大台灣價值高息,311,15,296,群益金鼎-高盛,2024-04-08,9105
00919,群益台灣精選高息,185,0,185,群益金鼎-高盛,2024-04-08,9105
00929,復華台灣科技優息,112,1,111,群益金鼎-高盛,2024-04-08,9105
00679B,元大美債20年,107,20,87,群益金鼎-高盛,2024-04-08,9105
2888,新光金,58,0,58,群益金鼎-高盛,2024-04-08,9105
00632R,元大台灣50反1,58,3,55,群益金鼎-高盛,2024-04-08,9105
2002,中鋼,57,17,40,群益金鼎-高盛,2024-04-08,9105
00680L,元大美債20正2,39,0,39,群益金鼎-高盛,2024-04-08,9105
2374,佳能,40,8,32,群益金鼎-高盛,2024-04-08,9105
1609,大亞,46,14,32,群益金鼎-高盛,2024-04-08,9105
2356,英業達,41,11,30,群益金鼎-高盛,2024-04-08,9105
00693U,期街口S＆P黃豆,30,0,30,群益金鼎-高盛,2024-04-08,9105
2506,太設,30,0,30,群益金鼎-高盛,2024-04-08,9105
2816,旺旺保,30,0,30,群益金鼎-高盛,2024-04-08,9105
6443,元晶,31,1,30,群益金鼎-高盛,2024-04-08,9105
2017,官田鋼,30,0,30,群益金鼎-高盛,2024-04-08,9105
5202,力新,26,0,26,群益金鼎-高盛,2024-04-08,9105
0056,元大高股息,22,0,22,群益金鼎-高盛,2024-04-08,9105
2480,敦陽科,20,0,20,群益金鼎-高盛,2024-04-08,9105
00720B,元大投資級公司債,19,0,19,群益金鼎-高盛,2024-04-08,9105
2393,億光,18,0,18,群益金鼎-高盛,2024-04-08,9105
2382,廣達,21,4,17,群益金鼎-高盛,2024-04-08,9105
00939,統一台灣高息動能,16,0,16,群益金鼎-高盛,2024-04-08,9105
2610,華航,17,1,16,群益金鼎-高盛,2024-04-08,9105
1471,首利,15,0,15,群益金鼎-高盛,2024-04-08,9105
2547,日勝生,15,0,15,群益金鼎-高盛,2024-04-08,9105
5452,佶優,15,0,15,群益金鼎-高盛,2024-04-08,9105
2504,國產,15,1,14,群益金鼎-高盛,2024-04-08,9105
3059,華晶科,23,9,14,群益金鼎-高盛,2024-04-08,9105
00900,富邦特選高股息30,13,0,13,群益金鼎-高盛,2024-04-08,9105
6770,力積電,18,4,14,群益金鼎-高盛,2024-04-08,9105
1785,光洋科,13,0,13,群益金鼎-高盛,2024-04-08,9105
2461,光群雷,15,2,13,群益金鼎-高盛,2024-04-08,9105
2022,聚亨,12,0,12,群益金鼎-高盛,2024-04-08,9105
2329,華泰,13,1,12,群益金鼎-高盛,2024-04-08,9105
4714,永捷,14,2,12,群益金鼎-高盛,2024-04-08,9105
00688L,國泰20年美債正2,11,0,11,群益金鼎-高盛,2024-04-08,9105
2359,所羅門,16,5,11,群益金鼎-高盛,2024-04-08,9105
00687B,國泰20年美債,39,28,11,群益金鼎-高盛,2024-04-08,9105
1440,南紡,10,0,10,群益金鼎-高盛,2024-04-08,9105
1815,富喬,10,0,10,群益金鼎-高盛,2024-04-08,9105
00665L,富邦�琤肭磪囓�2,10,0,10,群益金鼎-高盛,2024-04-08,9105
2303,聯電,14,4,10,群益金鼎-高盛,2024-04-08,9105
2331,精英,10,0,10,群益金鼎-高盛,2024-04-08,9105
8064,東捷,16,6,10,群益金鼎-高盛,2024-04-08,9105
6257,矽格,9,0,9,群益金鼎-高盛,2024-04-08,9105
1528,恩德,10,1,9,群益金鼎-高盛,2024-04-08,9105
2007,燁興,10,1,9,群益金鼎-高盛,2024-04-08,9105
2884,玉山金,9,0,9,群益金鼎-高盛,2024-04-08,9105
3481,群創,144,44,100,群益金鼎-高盛,2024-04-09,9105
00937B,群益ESG投等債20,85,0,85,群益金鼎-高盛,2024-04-09,9105
3231,緯創,91,7,84,群益金鼎-高盛,2024-04-09,9105
00632R,元大台灣50反1,89,16,73,群益金鼎-高盛,2024-04-09,9105
5009,榮剛,60,0,60,群益金鼎-高盛,2024-04-09,9105
00733,富邦臺灣中小,48,0,48,群益金鼎-高盛,2024-04-09,9105
2374,佳能,49,7,42,群益金鼎-高盛,2024-04-09,9105
5309,系統電,40,0,40,群益金鼎-高盛,2024-04-09,9105
2308,台達電,35,0,35,群益金鼎-高盛,2024-04-09,9105
2834,臺企銀,52,20,32,群益金鼎-高盛,2024-04-09,9105
6120,達運,52,27,25,群益金鼎-高盛,2024-04-09,9105
00940,元大台灣價值高息,31,6,25,群益金鼎-高盛,2024-04-09,9105
8034,榮群,27,2,25,群益金鼎-高盛,2024-04-09,9105
2065,世豐,22,0,22,群益金鼎-高盛,2024-04-09,9105
3706,神達,21,1,20,群益金鼎-高盛,2024-04-09,9105
1440,南紡,31,11,20,群益金鼎-高盛,2024-04-09,9105
3006,晶豪科,20,0,20,群益金鼎-高盛,2024-04-09,9105
6016,康和證,20,0,20,群益金鼎-高盛,2024-04-09,9105
2317,鴻海,35,15,20,群益金鼎-高盛,2024-04-09,9105
00939,統一台灣高息動能,30,11,19,群益金鼎-高盛,2024-04-09,9105
3294,英濟,38,19,19,群益金鼎-高盛,2024-04-09,9105
1439,雋揚,15,0,15,群益金鼎-高盛,2024-04-09,9105
6206,飛捷,15,0,15,群益金鼎-高盛,2024-04-09,9105
4543,萬在,28,14,14,群益金鼎-高盛,2024-04-09,9105
8027,鈦昇,13,0,13,群益金鼎-高盛,2024-04-09,9105
00941,中信上游半導體,12,0,12,群益金鼎-高盛,2024-04-09,9105
3163,波若威,12,0,12,群益金鼎-高盛,2024-04-09,9105
5434,崇越,12,0,12,群益金鼎-高盛,2024-04-09,9105
5529,鉅陞,12,0,12,群益金鼎-高盛,2024-04-09,9105
6005,群益證,13,1,12,群益金鼎-高盛,2024-04-09,9105
1618,合機,21,10,11,群益金鼎-高盛,2024-04-09,9105
2328,廣宇,11,0,11,群益金鼎-高盛,2024-04-09,9105
1303,南亞,11,1,10,群益金鼎-高盛,2024-04-09,9105
2033,佳大,12,2,10,群益金鼎-高盛,2024-04-09,9105
2344,華邦電,10,0,10,群益金鼎-高盛,2024-04-09,9105
2516,新建,11,1,10,群益金鼎-高盛,2024-04-09,9105
2545,皇翔,10,0,10,群益金鼎-高盛,2024-04-09,9105
2855,統一證,10,0,10,群益金鼎-高盛,2024-04-09,9105
4707,磐亞,10,0,10,群益金鼎-高盛,2024-04-09,9105
9105,泰金寶-DR,10,0,10,群益金鼎-高盛,2024-04-09,9105
5515,建國,9,0,9,群益金鼎-高盛,2024-04-09,9105
6021,美好證,9,0,9,群益金鼎-高盛,2024-04-09,9105
6213,聯茂,12,3,9,群益金鼎-高盛,2024-04-09,9105
912000,晨訊科-DR,9,0,9,群益金鼎-高盛,2024-04-09,9105
3015,全漢,11,3,8,群益金鼎-高盛,2024-04-09,9105
2371,大同,98,90,8,群益金鼎-高盛,2024-04-09,9105
00674R,期元大S＆P黃金反1,8,0,8,群益金鼎-高盛,2024-04-09,9105
2451,創見,10,2,8,群益金鼎-高盛,2024-04-09,9105
6188,廣明,17,9,8,群益金鼎-高盛,2024-04-09,9105
2010,春源,13,5,8,群益金鼎-高盛,2024-04-09,9105
2883,凱基金,503,10,493,群益金鼎-高盛,2024-04-10,9105
6016,康和證,315,20,295,群益金鼎-高盛,2024-04-10,9105
2882,國泰金,207,4,203,群益金鼎-高盛,2024-04-10,9105
00937B,群益ESG投等債20,150,1,149,群益金鼎-高盛,2024-04-10,9105
2890,永豐金,100,0,100,群益金鼎-高盛,2024-04-10,9105
1584,精剛,52,1,51,群益金鼎-高盛,2024-04-10,9105
2354,鴻準,67,17,50,群益金鼎-高盛,2024-04-10,9105
6770,力積電,53,12,41,群益金鼎-高盛,2024-04-10,9105
00940,元大台灣價值高息,33,0,33,群益金鼎-高盛,2024-04-10,9105
00637L,元大滬深300正2,33,0,33,群益金鼎-高盛,2024-04-10,9105
2382,廣達,34,1,33,群益金鼎-高盛,2024-04-10,9105
00918,大華優利高填息30,30,0,30,群益金鼎-高盛,2024-04-10,9105
9105,泰金寶-DR,30,0,30,群益金鼎-高盛,2024-04-10,9105
1439,雋揚,28,0,28,群益金鼎-高盛,2024-04-10,9105
2888,新光金,67,40,27,群益金鼎-高盛,2024-04-10,9105
3231,緯創,44,18,26,群益金鼎-高盛,2024-04-10,9105
2007,燁興,26,1,25,群益金鼎-高盛,2024-04-10,9105
1473,台南,22,0,22,群益金鼎-高盛,2024-04-10,9105
3706,神達,23,2,21,群益金鼎-高盛,2024-04-10,9105
4533,協易機,26,9,17,群益金鼎-高盛,2024-04-10,9105
2376,技嘉,19,3,16,群益金鼎-高盛,2024-04-10,9105
3481,群創,18,2,16,群益金鼎-高盛,2024-04-10,9105
2308,台達電,17,2,15,群益金鼎-高盛,2024-04-10,9105
2405,輔信,16,1,15,群益金鼎-高盛,2024-04-10,9105
2834,臺企銀,28,13,15,群益金鼎-高盛,2024-04-10,9105
2887,台新金,17,2,15,群益金鼎-高盛,2024-04-10,9105
00733,富邦臺灣中小,71,57,14,群益金鼎-高盛,2024-04-10,9105
2324,仁寶,22,8,14,群益金鼎-高盛,2024-04-10,9105
8033,雷虎,13,0,13,群益金鼎-高盛,2024-04-10,9105
2383,台光電,15,3,12,群益金鼎-高盛,2024-04-10,9105
2537,聯上發,17,5,12,群益金鼎-高盛,2024-04-10,9105
8054,安國,16,4,12,群益金鼎-高盛,2024-04-10,9105
00882,中信中國高股息,11,0,11,群益金鼎-高盛,2024-04-10,9105
4714,永捷,11,0,11,群益金鼎-高盛,2024-04-10,9105
6667,信紘科,11,1,10,群益金鼎-高盛,2024-04-10,9105
1503,士電,27,18,9,群益金鼎-高盛,2024-04-10,9105
2356,英業達,31,22,9,群益金鼎-高盛,2024-04-10,9105
3287,廣寰科,17,8,9,群益金鼎-高盛,2024-04-10,9105
5347,世界,10,1,9,群益金鼎-高盛,2024-04-10,9105
2618,長榮航,14,5,9,群益金鼎-高盛,2024-04-10,9105
00632R,元大台灣50反1,17,9,8,群益金鼎-高盛,2024-04-10,9105
2025,千興,8,0,8,群益金鼎-高盛,2024-04-10,9105
3707,漢磊,18,10,8,群益金鼎-高盛,2024-04-10,9105
4550,長佳,8,0,8,群益金鼎-高盛,2024-04-10,9105
3189,景碩,7,0,7,群益金鼎-高盛,2024-04-10,9105
3356,奇偶,8,1,7,群益金鼎-高盛,2024-04-10,9105
4543,萬在,8,1,7,群益金鼎-高盛,2024-04-10,9105
8046,南電,7,0,7,群益金鼎-高盛,2024-04-10,9105
8096,擎亞,37,30,7,群益金鼎-高盛,2024-04-10,9105
2330,台積電,7,0,7,群益金鼎-高盛,2024-04-10,9105
3481,群創,537,6,531,群益金鼎-高盛,2024-04-11,9105
00679B,元大美債20年,132,15,117,群益金鼎-高盛,2024-04-11,9105
00937B,群益ESG投等債20,107,30,77,群益金鼎-高盛,2024-04-11,9105
2882,國泰金,71,1,70,群益金鼎-高盛,2024-04-11,9105
1314,中石化,66,0,66,群益金鼎-高盛,2024-04-11,9105
00900,富邦特選高股息30,65,1,64,群益金鼎-高盛,2024-04-11,9105
2834,臺企銀,54,0,54,群益金鼎-高盛,2024-04-11,9105
00680L,元大美債20正2,48,0,48,群益金鼎-高盛,2024-04-11,9105
00929,復華台灣科技優息,43,0,43,群益金鼎-高盛,2024-04-11,9105
00878,國泰永續高股息,38,0,38,群益金鼎-高盛,2024-04-11,9105
2365,昆盈,38,2,36,群益金鼎-高盛,2024-04-11,9105
00687B,國泰20年美債,39,4,35,群益金鼎-高盛,2024-04-11,9105
6116,彩晶,31,0,31,群益金鼎-高盛,2024-04-11,9105
9904,寶成,28,0,28,群益金鼎-高盛,2024-04-11,9105
1457,宜進,27,0,27,群益金鼎-高盛,2024-04-11,9105
1522,堤維西,31,4,27,群益金鼎-高盛,2024-04-11,9105
00940,元大台灣價值高息,26,0,26,群益金鼎-高盛,2024-04-11,9105
2356,英業達,28,4,24,群益金鼎-高盛,2024-04-11,9105
00927,群益半導體收益,22,0,22,群益金鼎-高盛,2024-04-11,9105
0056,元大高股息,22,0,22,群益金鼎-高盛,2024-04-11,9105
2634,漢翔,28,6,22,群益金鼎-高盛,2024-04-11,9105
00688L,國泰20年美債正2,21,0,21,群益金鼎-高盛,2024-04-11,9105
2367,燿華,23,2,21,群益金鼎-高盛,2024-04-11,9105
00733,富邦臺灣中小,44,26,18,群益金鼎-高盛,2024-04-11,9105
00919,群益台灣精選高息,16,0,16,群益金鼎-高盛,2024-04-11,9105
2409,友達,38,22,16,群益金鼎-高盛,2024-04-11,9105
3060,銘異,30,14,16,群益金鼎-高盛,2024-04-11,9105
6715,嘉基,15,0,15,群益金鼎-高盛,2024-04-11,9105
2329,華泰,28,14,14,群益金鼎-高盛,2024-04-11,9105
2303,聯電,21,7,14,群益金鼎-高盛,2024-04-11,9105
4526,東台,19,5,14,群益金鼎-高盛,2024-04-11,9105
2605,新興,21,7,14,群益金鼎-高盛,2024-04-11,9105
2881,富邦金,13,0,13,群益金鼎-高盛,2024-04-11,9105
4533,協易機,25,12,13,群益金鼎-高盛,2024-04-11,9105
2002,中鋼,15,2,13,群益金鼎-高盛,2024-04-11,9105
2371,大同,50,37,13,群益金鼎-高盛,2024-04-11,9105
2388,威盛,13,0,13,群益金鼎-高盛,2024-04-11,9105
2308,台達電,12,0,12,群益金鼎-高盛,2024-04-11,9105
00637L,元大滬深300正2,12,0,12,群益金鼎-高盛,2024-04-11,9105
2405,輔信,16,4,12,群益金鼎-高盛,2024-04-11,9105
5443,均豪,25,13,12,群益金鼎-高盛,2024-04-11,9105
6248,沛波,40,28,12,群益金鼎-高盛,2024-04-11,9105
2421,建準,11,0,11,群益金鼎-高盛,2024-04-11,9105
2349,錸德,11,0,11,群益金鼎-高盛,2024-04-11,9105
5258,虹堡,11,0,11,群益金鼎-高盛,2024-04-11,9105
00706L,期元大S＆P日圓正2,10,0,10,群益金鼎-高盛,2024-04-11,9105
00751B,元大AAA至A公司債,10,0,10,群益金鼎-高盛,2024-04-11,9105
00918,大華優利高填息30,10,0,10,群益金鼎-高盛,2024-04-11,9105
2887,台新金,10,0,10,群益金鼎-高盛,2024-04-11,9105
4916,事欣科,10,0,10,群益金鼎-高盛,2024-04-11,9105
00929,復華台灣科技優息,440,5,435,群益金鼎-高盛,2024-04-12,9105
2365,昆盈,171,4,167,群益金鼎-高盛,2024-04-12,9105
2887,台新金,124,4,120,群益金鼎-高盛,2024-04-12,9105
00680L,元大美債20正2,113,0,113,群益金鼎-高盛,2024-04-12,9105
00937B,群益ESG投等債20,121,35,86,群益金鼎-高盛,2024-04-12,9105
2371,大同,130,45,85,群益金鼎-高盛,2024-04-12,9105
2834,臺企銀,70,0,70,群益金鼎-高盛,2024-04-12,9105
00687B,國泰20年美債,64,0,64,群益金鼎-高盛,2024-04-12,9105
00688L,國泰20年美債正2,55,2,53,群益金鼎-高盛,2024-04-12,9105
9103,美德醫療-DR,50,0,50,群益金鼎-高盛,2024-04-12,9105
00720B,元大投資級公司債,46,0,46,群益金鼎-高盛,2024-04-12,9105
2618,長榮航,48,3,45,群益金鼎-高盛,2024-04-12,9105
2736,富野,48,10,38,群益金鼎-高盛,2024-04-12,9105
2353,宏��,49,15,34,群益金鼎-高盛,2024-04-12,9105
3189,景碩,32,0,32,群益金鼎-高盛,2024-04-12,9105
1314,中石化,31,0,31,群益金鼎-高盛,2024-04-12,9105
00751B,元大AAA至A公司債,30,0,30,群益金鼎-高盛,2024-04-12,9105
5009,榮剛,31,4,27,群益金鼎-高盛,2024-04-12,9105
00740B,富邦全球投等債,53,27,26,群益金鼎-高盛,2024-04-12,9105
2382,廣達,26,1,25,群益金鼎-高盛,2024-04-12,9105
0056,元大高股息,25,1,24,群益金鼎-高盛,2024-04-12,9105
2344,華邦電,24,1,23,群益金鼎-高盛,2024-04-12,9105
00679B,元大美債20年,20,0,20,群益金鼎-高盛,2024-04-12,9105
2409,友達,17,0,17,群益金鼎-高盛,2024-04-12,9105
2610,華航,15,0,15,群益金鼎-高盛,2024-04-12,9105
2888,新光金,15,0,15,群益金鼎-高盛,2024-04-12,9105
2308,台達電,14,0,14,群益金鼎-高盛,2024-04-12,9105
00933B,國泰10Y+金融債,13,0,13,群益金鼎-高盛,2024-04-12,9105
4905,台聯電,13,0,13,群益金鼎-高盛,2024-04-12,9105
1101,台泥,13,1,12,群益金鼎-高盛,2024-04-12,9105
5324,士開,12,0,12,群益金鼎-高盛,2024-04-12,9105
00632R,元大台灣50反1,12,1,11,群益金鼎-高盛,2024-04-12,9105
1717,長興,11,0,11,群益金鼎-高盛,2024-04-12,9105
3027,盛達,11,0,11,群益金鼎-高盛,2024-04-12,9105
00878,國泰永續高股息,22,11,11,群益金鼎-高盛,2024-04-12,9105
00907,永豐優息存股,10,0,10,群益金鼎-高盛,2024-04-12,9105
8040,九暘,10,0,10,群益金鼎-高盛,2024-04-12,9105
3356,奇偶,13,3,10,群益金鼎-高盛,2024-04-12,9105
3060,銘異,13,3,10,群益金鼎-高盛,2024-04-12,9105
1471,首利,9,0,9,群益金鼎-高盛,2024-04-12,9105
2009,第一銅,27,18,9,群益金鼎-高盛,2024-04-12,9105
2014,中鴻,12,3,9,群益金鼎-高盛,2024-04-12,9105
2486,一詮,13,4,9,群益金鼎-高盛,2024-04-12,9105
2354,鴻準,10,2,8,群益金鼎-高盛,2024-04-12,9105
1503,士電,23,15,8,群益金鼎-高盛,2024-04-12,9105
2363,矽統,80,71,9,群益金鼎-高盛,2024-04-12,9105
2855,統一證,9,1,8,群益金鼎-高盛,2024-04-12,9105
3105,穩懋,8,0,8,群益金鼎-高盛,2024-04-12,9105
4303,信立,11,3,8,群益金鼎-高盛,2024-04-12,9105
5251,天鉞電,15,7,8,群益金鼎-高盛,2024-04-12,9105
00929,復華台灣科技優息,355,2,353,群益金鼎-高盛,2024-04-15,9105
00927,群益半導體收益,280,15,265,群益金鼎-高盛,2024-04-15,9105
00712,復華富時不動產,103,0,103,群益金鼎-高盛,2024-04-15,9105
00937B,群益ESG投等債20,108,6,102,群益金鼎-高盛,2024-04-15,9105
00635U,期元大S＆P黃金,100,0,100,群益金鼎-高盛,2024-04-15,9105
2630,亞航,108,25,83,群益金鼎-高盛,2024-04-15,9105
00940,元大台灣價值高息,81,0,81,群益金鼎-高盛,2024-04-15,9105
00720B,元大投資級公司債,64,0,64,群益金鼎-高盛,2024-04-15,9105
2371,大同,157,106,51,群益金鼎-高盛,2024-04-15,9105
2867,三商壽,97,46,51,群益金鼎-高盛,2024-04-15,9105
2317,鴻海,54,4,50,群益金鼎-高盛,2024-04-15,9105
00733,富邦臺灣中小,39,2,37,群益金鼎-高盛,2024-04-15,9105
4526,東台,38,7,31,群益金鼎-高盛,2024-04-15,9105
2405,輔信,40,12,28,群益金鼎-高盛,2024-04-15,9105
00919,群益台灣精選高息,27,0,27,群益金鼎-高盛,2024-04-15,9105
1612,宏泰,50,24,26,群益金鼎-高盛,2024-04-15,9105
1815,富喬,30,5,25,群益金鼎-高盛,2024-04-15,9105
6206,飛捷,25,0,25,群益金鼎-高盛,2024-04-15,9105
2344,華邦電,31,6,25,群益金鼎-高盛,2024-04-15,9105
2888,新光金,21,0,21,群益金鼎-高盛,2024-04-15,9105
2883,凱基金,20,0,20,群益金鼎-高盛,2024-04-15,9105
2025,千興,21,1,20,群益金鼎-高盛,2024-04-15,9105
00878,國泰永續高股息,25,7,18,群益金鼎-高盛,2024-04-15,9105
1504,東元,25,7,18,群益金鼎-高盛,2024-04-15,9105
1513,中興電,58,41,17,群益金鼎-高盛,2024-04-15,9105
00715L,期街口布蘭特正2,16,0,16,群益金鼎-高盛,2024-04-15,9105
1618,合機,27,12,15,群益金鼎-高盛,2024-04-15,9105
6213,聯茂,16,2,14,群益金鼎-高盛,2024-04-15,9105
2603,長榮,20,6,14,群益金鼎-高盛,2024-04-15,9105
2836,高雄銀,13,0,13,群益金鼎-高盛,2024-04-15,9105
2382,廣達,14,1,13,群益金鼎-高盛,2024-04-15,9105
2002,中鋼,12,0,12,群益金鼎-高盛,2024-04-15,9105
2881,富邦金,12,0,12,群益金鼎-高盛,2024-04-15,9105
00900,富邦特選高股息30,14,2,12,群益金鼎-高盛,2024-04-15,9105
0056,元大高股息,12,0,12,群益金鼎-高盛,2024-04-15,9105
9105,泰金寶-DR,11,0,11,群益金鼎-高盛,2024-04-15,9105
2303,聯電,24,14,10,群益金鼎-高盛,2024-04-15,9105
00935,野村臺灣新科技50,10,0,10,群益金鼎-高盛,2024-04-15,9105
2383,台光電,10,0,10,群益金鼎-高盛,2024-04-15,9105
1210,大成,10,0,10,群益金鼎-高盛,2024-04-15,9105
1229,聯華,10,0,10,群益金鼎-高盛,2024-04-15,9105
3227,原相,10,0,10,群益金鼎-高盛,2024-04-15,9105
3413,京鼎,10,0,10,群益金鼎-高盛,2024-04-15,9105
3691,碩禾,11,1,10,群益金鼎-高盛,2024-04-15,9105
3706,神達,13,3,10,群益金鼎-高盛,2024-04-15,9105
6271,同欣電,10,0,10,群益金鼎-高盛,2024-04-15,9105
6629,泰金-KY,10,0,10,群益金鼎-高盛,2024-04-15,9105
5425,台半,11,2,9,群益金鼎-高盛,2024-04-15,9105
6284,佳邦,10,1,9,群益金鼎-高盛,2024-04-15,9105
2884,玉山金,8,0,8,群益金鼎-高盛,2024-04-15,9105
2890,永豐金,361,20,341,群益金鼎-高盛,2024-04-16,9105
5880,合庫金,304,0,304,群益金鼎-高盛,2024-04-16,9105
00929,復華台灣科技優息,269,9,260,群益金鼎-高盛,2024-04-16,9105
00919,群益台灣精選高息,199,33,166,群益金鼎-高盛,2024-04-16,9105
00937B,群益ESG投等債20,149,0,149,群益金鼎-高盛,2024-04-16,9105
2609,陽明,125,4,121,群益金鼎-高盛,2024-04-16,9105
00940,元大台灣價值高息,229,116,113,群益金鼎-高盛,2024-04-16,9105
2834,臺企銀,109,4,105,群益金鼎-高盛,2024-04-16,9105
00927,群益半導體收益,104,0,104,群益金鼎-高盛,2024-04-16,9105
00878,國泰永續高股息,90,10,80,群益金鼎-高盛,2024-04-16,9105
3490,單井,84,7,77,群益金鼎-高盛,2024-04-16,9105
2303,聯電,84,10,74,群益金鼎-高盛,2024-04-16,9105
2340,台亞,75,2,73,群益金鼎-高盛,2024-04-16,9105
3231,緯創,81,11,70,群益金鼎-高盛,2024-04-16,9105
2882,國泰金,74,6,68,群益金鼎-高盛,2024-04-16,9105
00680L,元大美債20正2,51,0,51,群益金鼎-高盛,2024-04-16,9105
9105,泰金寶-DR,50,0,50,群益金鼎-高盛,2024-04-16,9105
1815,富喬,48,1,47,群益金鼎-高盛,2024-04-16,9105
00733,富邦臺灣中小,47,1,46,群益金鼎-高盛,2024-04-16,9105
00688L,國泰20年美債正2,50,5,45,群益金鼎-高盛,2024-04-16,9105
2344,華邦電,55,11,44,群益金鼎-高盛,2024-04-16,9105
2618,長榮航,42,3,39,群益金鼎-高盛,2024-04-16,9105
2330,台積電,45,8,37,群益金鼎-高盛,2024-04-16,9105
6116,彩晶,37,0,37,群益金鼎-高盛,2024-04-16,9105
1605,華新,43,7,36,群益金鼎-高盛,2024-04-16,9105
2888,新光金,39,3,36,群益金鼎-高盛,2024-04-16,9105
0056,元大高股息,54,21,33,群益金鼎-高盛,2024-04-16,9105
8096,擎亞,53,23,30,群益金鼎-高盛,2024-04-16,9105
00687B,國泰20年美債,27,0,27,群益金鼎-高盛,2024-04-16,9105
2002,中鋼,52,27,25,群益金鼎-高盛,2024-04-16,9105
2891,中信金,25,2,23,群益金鼎-高盛,2024-04-16,9105
2382,廣達,26,3,23,群益金鼎-高盛,2024-04-16,9105
2883,凱基金,45,22,23,群益金鼎-高盛,2024-04-16,9105
6667,信紘科,22,0,22,群益金鼎-高盛,2024-04-16,9105
00751B,元大AAA至A公司債,22,0,22,群益金鼎-高盛,2024-04-16,9105
2101,南港,22,0,22,群益金鼎-高盛,2024-04-16,9105
2501,國建,21,0,21,群益金鼎-高盛,2024-04-16,9105
3481,群創,41,20,21,群益金鼎-高盛,2024-04-16,9105
2913,農林,20,0,20,群益金鼎-高盛,2024-04-16,9105
2356,英業達,22,3,19,群益金鼎-高盛,2024-04-16,9105
00679B,元大美債20年,18,0,18,群益金鼎-高盛,2024-04-16,9105
3033,威健,18,0,18,群益金鼎-高盛,2024-04-16,9105
6248,沛波,40,22,18,群益金鼎-高盛,2024-04-16,9105
1609,大亞,75,58,17,群益金鼎-高盛,2024-04-16,9105
2408,南亞科,17,0,17,群益金鼎-高盛,2024-04-16,9105
5009,榮剛,21,5,16,群益金鼎-高盛,2024-04-16,9105
00918,大華優利高填息30,15,0,15,群益金鼎-高盛,2024-04-16,9105
00941,中信上游半導體,16,1,15,群益金鼎-高盛,2024-04-16,9105
1584,精剛,25,10,15,群益金鼎-高盛,2024-04-16,9105
2887,台新金,14,0,14,群益金鼎-高盛,2024-04-16,9105
00940,元大台灣價值高息,362,221,141,群益金鼎-高盛,2024-04-17,9105
00637L,元大滬深300正2,135,35,100,群益金鼎-高盛,2024-04-17,9105
00635U,期元大S＆P黃金,100,0,100,群益金鼎-高盛,2024-04-17,9105
2836,高雄銀,100,0,100,群益金鼎-高盛,2024-04-17,9105
00927,群益半導體收益,112,20,92,群益金鼎-高盛,2024-04-17,9105
2356,英業達,91,3,88,群益金鼎-高盛,2024-04-17,9105
5512,力麒,85,0,85,群益金鼎-高盛,2024-04-17,9105
2101,南港,66,0,66,群益金鼎-高盛,2024-04-17,9105
00687B,國泰20年美債,65,5,60,群益金鼎-高盛,2024-04-17,9105
1314,中石化,72,12,60,群益金鼎-高盛,2024-04-17,9105
00937B,群益ESG投等債20,60,3,57,群益金鼎-高盛,2024-04-17,9105
2002,中鋼,48,0,48,群益金鼎-高盛,2024-04-17,9105
3037,欣興,41,0,41,群益金鼎-高盛,2024-04-17,9105
6770,力積電,39,2,37,群益金鼎-高盛,2024-04-17,9105
2618,長榮航,37,2,35,群益金鼎-高盛,2024-04-17,9105
00751B,元大AAA至A公司債,34,0,34,群益金鼎-高盛,2024-04-17,9105
2371,大同,107,75,32,群益金鼎-高盛,2024-04-17,9105
2537,聯上發,31,1,30,群益金鼎-高盛,2024-04-17,9105
8111,立��,33,3,30,群益金鼎-高盛,2024-04-17,9105
00680L,元大美債20正2,27,0,27,群益金鼎-高盛,2024-04-17,9105
2834,臺企銀,22,1,21,群益金鼎-高盛,2024-04-17,9105
2211,長榮鋼,21,0,21,群益金鼎-高盛,2024-04-17,9105
2547,日勝生,20,0,20,群益金鼎-高盛,2024-04-17,9105
00679B,元大美債20年,29,10,19,群益金鼎-高盛,2024-04-17,9105
00720B,元大投資級公司債,18,0,18,群益金鼎-高盛,2024-04-17,9105
2303,聯電,18,0,18,群益金鼎-高盛,2024-04-17,9105
2867,三商壽,33,14,19,群益金鼎-高盛,2024-04-17,9105
00939,統一台灣高息動能,18,0,18,群益金鼎-高盛,2024-04-17,9105
8096,擎亞,26,13,13,群益金鼎-高盛,2024-04-17,9105
6005,群益證,13,0,13,群益金鼎-高盛,2024-04-17,9105
2393,億光,15,3,12,群益金鼎-高盛,2024-04-17,9105
4402,郡都開發,12,0,12,群益金鼎-高盛,2024-04-17,9105
5386,青雲,13,1,12,群益金鼎-高盛,2024-04-17,9105
2454,聯發科,12,0,12,群益金鼎-高盛,2024-04-17,9105
2449,京元電子,11,0,11,群益金鼎-高盛,2024-04-17,9105
2609,陽明,15,4,11,群益金鼎-高盛,2024-04-17,9105
00650L,復華香港正2,50,40,10,群益金鼎-高盛,2024-04-17,9105
3044,健鼎,11,1,10,群益金鼎-高盛,2024-04-17,9105
6257,矽格,19,9,10,群益金鼎-高盛,2024-04-17,9105
2023,燁輝,10,0,10,群益金鼎-高盛,2024-04-17,9105
1905,華紙,10,0,10,群益金鼎-高盛,2024-04-17,9105
6125,廣運,15,6,9,群益金鼎-高盛,2024-04-17,9105
2880,華南金,12,4,8,群益金鼎-高盛,2024-04-17,9105
3017,奇鋐,13,5,8,群益金鼎-高盛,2024-04-17,9105
1560,中砂,8,0,8,群益金鼎-高盛,2024-04-17,9105
6120,達運,8,0,8,群益金鼎-高盛,2024-04-17,9105
9925,新保,8,0,8,群益金鼎-高盛,2024-04-17,9105
2897,王道銀行,7,0,7,群益金鼎-高盛,2024-04-17,9105
2603,長榮,11,4,7,群益金鼎-高盛,2024-04-17,9105
2388,威盛,11,4,7,群益金鼎-高盛,2024-04-17,9105
6163,華電網,81,0,81,群益金鼎-高盛,2024-04-18,9105
00927,群益半導體收益,85,5,80,群益金鼎-高盛,2024-04-18,9105
1605,華新,130,57,73,群益金鼎-高盛,2024-04-18,9105
00929,復華台灣科技優息,93,40,53,群益金鼎-高盛,2024-04-18,9105
1535,中宇,80,31,49,群益金鼎-高盛,2024-04-18,9105
00687B,國泰20年美債,34,0,34,群益金鼎-高盛,2024-04-18,9105
6770,力積電,35,1,34,群益金鼎-高盛,2024-04-18,9105
2329,華泰,36,4,32,群益金鼎-高盛,2024-04-18,9105
1604,聲寶,30,0,30,群益金鼎-高盛,2024-04-18,9105
5309,系統電,30,0,30,群益金鼎-高盛,2024-04-18,9105
4533,協易機,31,3,28,群益金鼎-高盛,2024-04-18,9105
00740B,富邦全球投等債,33,7,26,群益金鼎-高盛,2024-04-18,9105
00937B,群益ESG投等債20,26,0,26,群益金鼎-高盛,2024-04-18,9105
6125,廣運,32,10,22,群益金鼎-高盛,2024-04-18,9105
00919,群益台灣精選高息,24,3,21,群益金鼎-高盛,2024-04-18,9105
1709,和益,21,0,21,群益金鼎-高盛,2024-04-18,9105
6806,森崴能源,21,0,21,群益金鼎-高盛,2024-04-18,9105
00632R,元大台灣50反1,20,0,20,群益金鼎-高盛,2024-04-18,9105
4142,國光生,20,0,20,群益金鼎-高盛,2024-04-18,9105
2615,萬海,22,3,19,群益金鼎-高盛,2024-04-18,9105
00680L,元大美債20正2,19,0,19,群益金鼎-高盛,2024-04-18,9105
1101,台泥,21,3,18,群益金鼎-高盛,2024-04-18,9105
00715L,期街口布蘭特正2,16,0,16,群益金鼎-高盛,2024-04-18,9105
5410,國眾,16,0,16,群益金鼎-高盛,2024-04-18,9105
8064,東捷,16,0,16,群益金鼎-高盛,2024-04-18,9105
2834,臺企銀,25,10,15,群益金鼎-高盛,2024-04-18,9105
00665L,富邦�琤肭磪囓�2,15,0,15,群益金鼎-高盛,2024-04-18,9105
3711,日月光投控,14,0,14,群益金鼎-高盛,2024-04-18,9105
00720B,元大投資級公司債,13,0,13,群益金鼎-高盛,2024-04-18,9105
2010,春源,13,0,13,群益金鼎-高盛,2024-04-18,9105
8927,北基,14,1,13,群益金鼎-高盛,2024-04-18,9105
00733,富邦臺灣中小,12,0,12,群益金鼎-高盛,2024-04-18,9105
9955,佳龍,13,2,11,群益金鼎-高盛,2024-04-18,9105
3015,全漢,11,1,10,群益金鼎-高盛,2024-04-18,9105
1229,聯華,10,0,10,群益金鼎-高盛,2024-04-18,9105
1514,亞力,14,4,10,群益金鼎-高盛,2024-04-18,9105
00942B,台新美A公司債20+,10,0,10,群益金鼎-高盛,2024-04-18,9105
00763U,期街口道瓊銅,10,0,10,群益金鼎-高盛,2024-04-18,9105
2331,精英,10,0,10,群益金鼎-高盛,2024-04-18,9105
2890,永豐金,10,0,10,群益金鼎-高盛,2024-04-18,9105
6219,富旺,10,1,9,群益金鼎-高盛,2024-04-18,9105
2610,華航,22,13,9,群益金鼎-高盛,2024-04-18,9105
2353,宏��,14,5,9,群益金鼎-高盛,2024-04-18,9105
2609,陽明,10,1,9,群益金鼎-高盛,2024-04-18,9105
2889,國票金,11,2,9,群益金鼎-高盛,2024-04-18,9105
3188,鑫龍騰,9,0,9,群益金鼎-高盛,2024-04-18,9105
3622,洋華,19,10,9,群益金鼎-高盛,2024-04-18,9105
5457,宣德,9,0,9,群益金鼎-高盛,2024-04-18,9105
9925,新保,9,0,9,群益金鼎-高盛,2024-04-18,9105
9933,中鼎,14,5,9,群益金鼎-高盛,2024-04-18,9105
00929,復華台灣科技優息,944,11,933,群益金鼎-高盛,2024-04-19,9105
2890,永豐金,379,0,379,群益金鼎-高盛,2024-04-19,9105
5880,合庫金,212,0,212,群益金鼎-高盛,2024-04-19,9105
2515,中工,180,22,158,群益金鼎-高盛,2024-04-19,9105
00937B,群益ESG投等債20,131,0,131,群益金鼎-高盛,2024-04-19,9105
2427,三商電,112,9,103,群益金鼎-高盛,2024-04-19,9105
2330,台積電,118,16,102,群益金鼎-高盛,2024-04-19,9105
00940,元大台灣價值高息,174,80,94,群益金鼎-高盛,2024-04-19,9105
00712,復華富時不動產,91,1,90,群益金鼎-高盛,2024-04-19,9105
00637L,元大滬深300正2,156,69,87,群益金鼎-高盛,2024-04-19,9105
00687B,國泰20年美債,92,15,77,群益金鼎-高盛,2024-04-19,9105
0056,元大高股息,77,0,77,群益金鼎-高盛,2024-04-19,9105
3481,群創,79,5,74,群益金鼎-高盛,2024-04-19,9105
00878,國泰永續高股息,71,3,68,群益金鼎-高盛,2024-04-19,9105
00927,群益半導體收益,65,0,65,群益金鼎-高盛,2024-04-19,9105
2303,聯電,66,4,62,群益金鼎-高盛,2024-04-19,9105
3033,威健,170,114,56,群益金鼎-高盛,2024-04-19,9105
5512,力麒,111,56,55,群益金鼎-高盛,2024-04-19,9105
8926,台汽電,51,4,47,群益金鼎-高盛,2024-04-19,9105
4956,光鋐,48,2,46,群益金鼎-高盛,2024-04-19,9105
2882,國泰金,45,0,45,群益金鼎-高盛,2024-04-19,9105
6116,彩晶,43,0,43,群益金鼎-高盛,2024-04-19,9105
6443,元晶,60,17,43,群益金鼎-高盛,2024-04-19,9105
3231,緯創,44,5,39,群益金鼎-高盛,2024-04-19,9105
1326,台化,34,1,33,群益金鼎-高盛,2024-04-19,9105
2834,臺企銀,34,3,31,群益金鼎-高盛,2024-04-19,9105
00733,富邦臺灣中小,44,15,29,群益金鼎-高盛,2024-04-19,9105
2401,凌陽,26,0,26,群益金鼎-高盛,2024-04-19,9105
1504,東元,44,19,25,群益金鼎-高盛,2024-04-19,9105
00935,野村臺灣新科技50,21,0,21,群益金鼎-高盛,2024-04-19,9105
3605,宏致,26,5,21,群益金鼎-高盛,2024-04-19,9105
2356,英業達,36,15,21,群益金鼎-高盛,2024-04-19,9105
2601,益航,21,0,21,群益金鼎-高盛,2024-04-19,9105
2610,華航,38,17,21,群益金鼎-高盛,2024-04-19,9105
00933B,國泰10Y+金融債,20,0,20,群益金鼎-高盛,2024-04-19,9105
6163,華電網,20,0,20,群益金鼎-高盛,2024-04-19,9105
6282,康舒,19,0,19,群益金鼎-高盛,2024-04-19,9105
1603,華電,24,6,18,群益金鼎-高盛,2024-04-19,9105
4526,東台,28,10,18,群益金鼎-高盛,2024-04-19,9105
8046,南電,18,1,17,群益金鼎-高盛,2024-04-19,9105
2888,新光金,17,0,17,群益金鼎-高盛,2024-04-19,9105
5521,工信,28,11,17,群益金鼎-高盛,2024-04-19,9105
2002,中鋼,16,0,16,群益金鼎-高盛,2024-04-19,9105
6125,廣運,30,14,16,群益金鼎-高盛,2024-04-19,9105
2393,億光,14,0,14,群益金鼎-高盛,2024-04-19,9105
00680L,元大美債20正2,15,2,13,群益金鼎-高盛,2024-04-19,9105
6230,尼得科超眾,15,2,13,群益金鼎-高盛,2024-04-19,9105
2408,南亞科,14,1,13,群益金鼎-高盛,2024-04-19,9105
1605,華新,81,68,13,群益金鼎-高盛,2024-04-19,9105
2038,海光,17,5,12,群益金鼎-高盛,2024-04-19,9105
00929,復華台灣科技優息,611,32,579,群益金鼎-高盛,2024-04-22,9105
1402,遠東新,250,2,248,群益金鼎-高盛,2024-04-22,9105
00940,元大台灣價值高息,145,2,143,群益金鼎-高盛,2024-04-22,9105
00939,統一台灣高息動能,100,0,100,群益金鼎-高盛,2024-04-22,9105
2427,三商電,113,18,95,群益金鼎-高盛,2024-04-22,9105
2303,聯電,82,4,78,群益金鼎-高盛,2024-04-22,9105
2515,中工,119,65,54,群益金鼎-高盛,2024-04-22,9105
5202,力新,51,0,51,群益金鼎-高盛,2024-04-22,9105
2330,台積電,43,8,35,群益金鼎-高盛,2024-04-22,9105
2611,志信,33,4,29,群益金鼎-高盛,2024-04-22,9105
4956,光鋐,83,55,28,群益金鼎-高盛,2024-04-22,9105
2356,英業達,28,2,26,群益金鼎-高盛,2024-04-22,9105
6125,廣運,35,13,22,群益金鼎-高盛,2024-04-22,9105
6188,廣明,22,0,22,群益金鼎-高盛,2024-04-22,9105
2382,廣達,34,13,21,群益金鼎-高盛,2024-04-22,9105
3231,緯創,54,34,20,群益金鼎-高盛,2024-04-22,9105
2354,鴻準,30,10,20,群益金鼎-高盛,2024-04-22,9105
1611,中電,19,0,19,群益金鼎-高盛,2024-04-22,9105
3015,全漢,22,3,19,群益金鼎-高盛,2024-04-22,9105
00937B,群益ESG投等債20,34,16,18,群益金鼎-高盛,2024-04-22,9105
2537,聯上發,25,8,17,群益金鼎-高盛,2024-04-22,9105
00687B,國泰20年美債,17,1,16,群益金鼎-高盛,2024-04-22,9105
00680L,元大美債20正2,16,0,16,群益金鼎-高盛,2024-04-22,9105
0056,元大高股息,18,3,15,群益金鼎-高盛,2024-04-22,9105
8936,國統,18,3,15,群益金鼎-高盛,2024-04-22,9105
00642U,期元大S＆P石油,15,0,15,群益金鼎-高盛,2024-04-22,9105
2371,大同,178,164,14,群益金鼎-高盛,2024-04-22,9105
00919,群益台灣精選高息,66,53,13,群益金鼎-高盛,2024-04-22,9105
6770,力積電,14,2,12,群益金鼎-高盛,2024-04-22,9105
6443,元晶,16,4,12,群益金鼎-高盛,2024-04-22,9105
9933,中鼎,12,0,12,群益金鼎-高盛,2024-04-22,9105
2867,三商壽,11,0,11,群益金鼎-高盛,2024-04-22,9105
5515,建國,22,11,11,群益金鼎-高盛,2024-04-22,9105
2363,矽統,11,0,11,群益金鼎-高盛,2024-04-22,9105
00715L,期街口布蘭特正2,11,1,10,群益金鼎-高盛,2024-04-22,9105
3290,東浦,10,0,10,群益金鼎-高盛,2024-04-22,9105
3388,崇越電,10,0,10,群益金鼎-高盛,2024-04-22,9105
5607,遠雄港,10,0,10,群益金鼎-高盛,2024-04-22,9105
2329,華泰,12,3,9,群益金鼎-高盛,2024-04-22,9105
5521,工信,13,4,9,群益金鼎-高盛,2024-04-22,9105
6213,聯茂,12,3,9,群益金鼎-高盛,2024-04-22,9105
8027,鈦昇,9,0,9,群益金鼎-高盛,2024-04-22,9105
8064,東捷,18,9,9,群益金鼎-高盛,2024-04-22,9105
6005,群益證,18,10,8,群益金鼎-高盛,2024-04-22,9105
1815,富喬,8,0,8,群益金鼎-高盛,2024-04-22,9105
9942,茂順,10,2,8,群益金鼎-高盛,2024-04-22,9105
2062,橋椿,8,0,8,群益金鼎-高盛,2024-04-22,9105
3577,泓格,8,0,8,群益金鼎-高盛,2024-04-22,9105
3689,湧德,7,0,7,群益金鼎-高盛,2024-04-22,9105
1442,名軒,9,2,7,群益金鼎-高盛,2024-04-22,9105
1440,南紡,490,6,484,群益金鼎-高盛,2024-04-23,9105
00929,復華台灣科技優息,109,4,105,群益金鼎-高盛,2024-04-23,9105
1609,大亞,187,87,100,群益金鼎-高盛,2024-04-23,9105
00687B,國泰20年美債,99,0,99,群益金鼎-高盛,2024-04-23,9105
2303,聯電,60,0,60,群益金鼎-高盛,2024-04-23,9105
9934,成霖,50,0,50,群益金鼎-高盛,2024-04-23,9105
3706,神達,50,1,49,群益金鼎-高盛,2024-04-23,9105
1905,華紙,33,1,32,群益金鼎-高盛,2024-04-23,9105
5515,建國,31,2,29,群益金鼎-高盛,2024-04-23,9105
2836,高雄銀,22,0,22,群益金鼎-高盛,2024-04-23,9105
00940,元大台灣價值高息,20,0,20,群益金鼎-高盛,2024-04-23,9105
00939,統一台灣高息動能,19,3,16,群益金鼎-高盛,2024-04-23,9105
6177,達麗,13,1,12,群益金鼎-高盛,2024-04-23,9105
8069,元太,14,3,11,群益金鼎-高盛,2024-04-23,9105
2367,燿華,12,1,11,群益金鼎-高盛,2024-04-23,9105
3312,弘憶股,11,0,11,群益金鼎-高盛,2024-04-23,9105
1504,東元,16,5,11,群益金鼎-高盛,2024-04-23,9105
2062,橋椿,16,5,11,群益金鼎-高盛,2024-04-23,9105
5483,中美晶,10,0,10,群益金鼎-高盛,2024-04-23,9105
00632R,元大台灣50反1,10,0,10,群益金鼎-高盛,2024-04-23,9105
2834,臺企銀,30,20,10,群益金鼎-高盛,2024-04-23,9105
3026,禾伸堂,10,0,10,群益金鼎-高盛,2024-04-23,9105
2442,新美齊,11,1,10,群益金鼎-高盛,2024-04-23,9105
5512,力麒,17,8,9,群益金鼎-高盛,2024-04-23,9105
6668,中揚光,13,4,9,群益金鼎-高盛,2024-04-23,9105
00919,群益台灣精選高息,15,6,9,群益金鼎-高盛,2024-04-23,9105
0056,元大高股息,7,0,7,群益金鼎-高盛,2024-04-23,9105
00738U,期元大道瓊白銀,7,0,7,群益金鼎-高盛,2024-04-23,9105
2451,創見,7,0,7,群益金鼎-高盛,2024-04-23,9105
6282,康舒,9,2,7,群益金鼎-高盛,2024-04-23,9105
2308,台達電,10,4,6,群益金鼎-高盛,2024-04-23,9105
00637L,元大滬深300正2,115,109,6,群益金鼎-高盛,2024-04-23,9105
2348,海悅,6,0,6,群益金鼎-高盛,2024-04-23,9105
8936,國統,24,18,6,群益金鼎-高盛,2024-04-23,9105
8033,雷虎,5,0,5,群益金鼎-高盛,2024-04-23,9105
00909,國泰數位支付服務,5,0,5,群益金鼎-高盛,2024-04-23,9105
4958,臻鼎-KY,5,0,5,群益金鼎-高盛,2024-04-23,9105
00936,台新永續高息中小,5,0,5,群益金鼎-高盛,2024-04-23,9105
00680L,元大美債20正2,5,0,5,群益金鼎-高盛,2024-04-23,9105
00893,國泰智能電動車,5,0,5,群益金鼎-高盛,2024-04-23,9105
1603,華電,11,6,5,群益金鼎-高盛,2024-04-23,9105
1611,中電,17,12,5,群益金鼎-高盛,2024-04-23,9105
2520,冠德,6,1,5,群益金鼎-高盛,2024-04-23,9105
2743,山富,7,2,5,群益金鼎-高盛,2024-04-23,9105
3005,神基,5,0,5,群益金鼎-高盛,2024-04-23,9105
3037,欣興,5,0,5,群益金鼎-高盛,2024-04-23,9105
3577,泓格,5,0,5,群益金鼎-高盛,2024-04-23,9105
4513,福裕,5,0,5,群益金鼎-高盛,2024-04-23,9105
4968,立積,5,0,5,群益金鼎-高盛,2024-04-23,9105
5009,榮剛,20,15,5,群益金鼎-高盛,2024-04-23,9105
9105,泰金寶-DR,400,0,400,群益金鼎-高盛,2024-04-24,9105
2515,中工,105,6,99,群益金鼎-高盛,2024-04-24,9105
00885,富邦越南,80,0,80,群益金鼎-高盛,2024-04-24,9105
3294,英濟,71,5,66,群益金鼎-高盛,2024-04-24,9105
2890,永豐金,47,0,47,群益金鼎-高盛,2024-04-24,9105
2371,大同,110,64,46,群益金鼎-高盛,2024-04-24,9105
00632R,元大台灣50反1,31,0,31,群益金鼎-高盛,2024-04-24,9105
8150,南茂,30,0,30,群益金鼎-高盛,2024-04-24,9105
3481,群創,30,0,30,群益金鼎-高盛,2024-04-24,9105
00740B,富邦全球投等債,33,7,26,群益金鼎-高盛,2024-04-24,9105
3059,華晶科,26,1,25,群益金鼎-高盛,2024-04-24,9105
2308,台達電,22,0,22,群益金鼎-高盛,2024-04-24,9105
00687B,國泰20年美債,21,0,21,群益金鼎-高盛,2024-04-24,9105
2352,佳世達,20,0,20,群益金鼎-高盛,2024-04-24,9105
9958,世紀鋼,20,0,20,群益金鼎-高盛,2024-04-24,9105
1439,雋揚,19,0,19,群益金鼎-高盛,2024-04-24,9105
2886,兆豐金,18,0,18,群益金鼎-高盛,2024-04-24,9105
8064,東捷,23,5,18,群益金鼎-高盛,2024-04-24,9105
3703,欣陸,26,9,17,群益金鼎-高盛,2024-04-24,9105
1314,中石化,20,4,16,群益金鼎-高盛,2024-04-24,9105
6125,廣運,98,82,16,群益金鼎-高盛,2024-04-24,9105
2374,佳能,53,37,16,群益金鼎-高盛,2024-04-24,9105
6550,北極星藥業-KY,16,0,16,群益金鼎-高盛,2024-04-24,9105
1609,大亞,142,130,12,群益金鼎-高盛,2024-04-24,9105
4746,台耀,12,0,12,群益金鼎-高盛,2024-04-24,9105
00927,群益半導體收益,21,10,11,群益金鼎-高盛,2024-04-24,9105
1612,宏泰,29,19,10,群益金鼎-高盛,2024-04-24,9105
1784,訊聯,10,0,10,群益金鼎-高盛,2024-04-24,9105
2038,海光,10,0,10,群益金鼎-高盛,2024-04-24,9105
2834,臺企銀,20,10,10,群益金鼎-高盛,2024-04-24,9105
2889,國票金,10,0,10,群益金鼎-高盛,2024-04-24,9105
3025,星通,10,0,10,群益金鼎-高盛,2024-04-24,9105
3356,奇偶,10,0,10,群益金鼎-高盛,2024-04-24,9105
6806,森崴能源,11,1,10,群益金鼎-高盛,2024-04-24,9105
8111,立��,10,0,10,群益金鼎-高盛,2024-04-24,9105
1101,台泥,10,0,10,群益金鼎-高盛,2024-04-24,9105
6207,雷科,8,0,8,群益金鼎-高盛,2024-04-24,9105
2367,燿華,10,3,7,群益金鼎-高盛,2024-04-24,9105
1319,東陽,8,1,7,群益金鼎-高盛,2024-04-24,9105
2363,矽統,10,3,7,群益金鼎-高盛,2024-04-24,9105
2432,倚天酷��-創,7,0,7,群益金鼎-高盛,2024-04-24,9105
6288,聯嘉,7,0,7,群益金鼎-高盛,2024-04-24,9105
1618,合機,27,21,6,群益金鼎-高盛,2024-04-24,9105
1464,得力,6,0,6,群益金鼎-高盛,2024-04-24,9105
2329,華泰,10,4,6,群益金鼎-高盛,2024-04-24,9105
3339,泰谷,6,0,6,群益金鼎-高盛,2024-04-24,9105
4951,精拓科,6,0,6,群益金鼎-高盛,2024-04-24,9105
5515,建國,7,1,6,群益金鼎-高盛,2024-04-24,9105
8070,長華*,7,1,6,群益金鼎-高盛,2024-04-24,9105
2501,國建,16,10,6,群益金鼎-高盛,2024-04-24,9105
00937B,群益ESG投等債20,99,0,99,群益金鼎-高盛,2024-04-25,9105
2515,中工,84,23,61,群益金鼎-高盛,2024-04-25,9105
00927,群益半導體收益,34,0,34,群益金鼎-高盛,2024-04-25,9105
2317,鴻海,43,10,33,群益金鼎-高盛,2024-04-25,9105
00665L,富邦�琤肭磪囓�2,30,0,30,群益金鼎-高盛,2024-04-25,9105
6285,啟��,30,0,30,群益金鼎-高盛,2024-04-25,9105
00929,復華台灣科技優息,61,32,29,群益金鼎-高盛,2024-04-25,9105
6770,力積電,26,0,26,群益金鼎-高盛,2024-04-25,9105
6573,虹揚-KY,27,1,26,群益金鼎-高盛,2024-04-25,9105
3030,德律,25,0,25,群益金鼎-高盛,2024-04-25,9105
5512,力麒,26,1,25,群益金鼎-高盛,2024-04-25,9105
00679B,元大美債20年,25,0,25,群益金鼎-高盛,2024-04-25,9105
00680L,元大美債20正2,23,0,23,群益金鼎-高盛,2024-04-25,9105
3338,泰碩,26,3,23,群益金鼎-高盛,2024-04-25,9105
3231,緯創,22,1,21,群益金鼎-高盛,2024-04-25,9105
00687B,國泰20年美債,21,0,21,群益金鼎-高盛,2024-04-25,9105
1808,潤隆,20,0,20,群益金鼎-高盛,2024-04-25,9105
00940,元大台灣價值高息,27,8,19,群益金鼎-高盛,2024-04-25,9105
2344,華邦電,17,1,16,群益金鼎-高盛,2024-04-25,9105
2886,兆豐金,15,0,15,群益金鼎-高盛,2024-04-25,9105
1473,台南,15,0,15,群益金鼎-高盛,2024-04-25,9105
2330,台積電,16,1,15,群益金鼎-高盛,2024-04-25,9105
1101,台泥,14,0,14,群益金鼎-高盛,2024-04-25,9105
2323,中環,14,1,13,群益金鼎-高盛,2024-04-25,9105
6005,群益證,15,3,12,群益金鼎-高盛,2024-04-25,9105
5515,建國,12,0,12,群益金鼎-高盛,2024-04-25,9105
00878,國泰永續高股息,13,3,10,群益金鼎-高盛,2024-04-25,9105
2371,大同,93,83,10,群益金鼎-高盛,2024-04-25,9105
5483,中美晶,11,1,10,群益金鼎-高盛,2024-04-25,9105
00688L,國泰20年美債正2,10,0,10,群益金鼎-高盛,2024-04-25,9105
1471,首利,10,0,10,群益金鼎-高盛,2024-04-25,9105
2023,燁輝,10,0,10,群益金鼎-高盛,2024-04-25,9105
2904,匯僑,10,0,10,群益金鼎-高盛,2024-04-25,9105
5364,力麗店,10,0,10,群益金鼎-高盛,2024-04-25,9105
2618,長榮航,94,84,10,群益金鼎-高盛,2024-04-25,9105
2883,凱基金,10,1,9,群益金鼎-高盛,2024-04-25,9105
4768,晶呈科技,9,0,9,群益金鼎-高盛,2024-04-25,9105
6414,樺漢,10,1,9,群益金鼎-高盛,2024-04-25,9105
8064,東捷,10,1,9,群益金鼎-高盛,2024-04-25,9105
2408,南亞科,11,3,8,群益金鼎-高盛,2024-04-25,9105
1616,億泰,8,0,8,群益金鼎-高盛,2024-04-25,9105
3481,群創,15,7,8,群益金鼎-高盛,2024-04-25,9105
0056,元大高股息,7,0,7,群益金鼎-高盛,2024-04-25,9105
2504,國產,38,31,7,群益金鼎-高盛,2024-04-25,9105
4526,東台,8,1,7,群益金鼎-高盛,2024-04-25,9105
2208,台船,8,2,6,群益金鼎-高盛,2024-04-25,9105
1439,雋揚,6,0,6,群益金鼎-高盛,2024-04-25,9105
2367,燿華,7,1,6,群益金鼎-高盛,2024-04-25,9105
3715,定穎投控,17,11,6,群益金鼎-高盛,2024-04-25,9105
4401,東隆興,6,0,6,群益金鼎-高盛,2024-04-25,9105
2609,陽明,264,118,146,群益金鼎-高盛,2024-04-26,9105
1440,南紡,145,10,135,群益金鼎-高盛,2024-04-26,9105
2834,臺企銀,115,3,112,群益金鼎-高盛,2024-04-26,9105
00937B,群益ESG投等債20,70,1,69,群益金鼎-高盛,2024-04-26,9105
2882,國泰金,50,0,50,群益金鼎-高盛,2024-04-26,9105
2610,華航,144,99,45,群益金鼎-高盛,2024-04-26,9105
3013,晟銘電,62,20,42,群益金鼎-高盛,2024-04-26,9105
00687B,國泰20年美債,121,81,40,群益金鼎-高盛,2024-04-26,9105
1301,台塑,36,0,36,群益金鼎-高盛,2024-04-26,9105
00632R,元大台灣50反1,34,0,34,群益金鼎-高盛,2024-04-26,9105
2889,國票金,33,0,33,群益金鼎-高盛,2024-04-26,9105
2409,友達,45,16,29,群益金鼎-高盛,2024-04-26,9105
5515,建國,24,0,24,群益金鼎-高盛,2024-04-26,9105
2897,王道銀行,21,0,21,群益金鼎-高盛,2024-04-26,9105
3030,德律,31,11,20,群益金鼎-高盛,2024-04-26,9105
6125,廣運,64,44,20,群益金鼎-高盛,2024-04-26,9105
3015,全漢,22,5,17,群益金鼎-高盛,2024-04-26,9105
3294,英濟,15,0,15,群益金鼎-高盛,2024-04-26,9105
2612,中航,15,0,15,群益金鼎-高盛,2024-04-26,9105
5493,三聯,17,2,15,群益金鼎-高盛,2024-04-26,9105
2359,所羅門,60,46,14,群益金鼎-高盛,2024-04-26,9105
1314,中石化,17,4,13,群益金鼎-高盛,2024-04-26,9105
2374,佳能,17,4,13,群益金鼎-高盛,2024-04-26,9105
2371,大同,74,62,12,群益金鼎-高盛,2024-04-26,9105
1474,弘裕,12,0,12,群益金鼎-高盛,2024-04-26,9105
2388,威盛,16,4,12,群益金鼎-高盛,2024-04-26,9105
00679B,元大美債20年,11,0,11,群益金鼎-高盛,2024-04-26,9105
3711,日月光投控,13,2,11,群益金鼎-高盛,2024-04-26,9105
1316,上曜,11,0,11,群益金鼎-高盛,2024-04-26,9105
6573,虹揚-KY,11,0,11,群益金鼎-高盛,2024-04-26,9105
3231,緯創,14,3,11,群益金鼎-高盛,2024-04-26,9105
1605,華新,10,0,10,群益金鼎-高盛,2024-04-26,9105
00940,元大台灣價值高息,10,0,10,群益金鼎-高盛,2024-04-26,9105
00933B,國泰10Y+金融債,10,0,10,群益金鼎-高盛,2024-04-26,9105
00646,元大S＆P500,10,0,10,群益金鼎-高盛,2024-04-26,9105
00891,中信關鍵半導體,10,0,10,群益金鼎-高盛,2024-04-26,9105
1618,合機,18,8,10,群益金鼎-高盛,2024-04-26,9105
1540,喬福,9,0,9,群益金鼎-高盛,2024-04-26,9105
2010,春源,9,0,9,群益金鼎-高盛,2024-04-26,9105
2331,精英,9,0,9,群益金鼎-高盛,2024-04-26,9105
5251,天鉞電,15,6,9,群益金鼎-高盛,2024-04-26,9105
8210,勤誠,14,5,9,群益金鼎-高盛,2024-04-26,9105
1609,大亞,46,38,8,群益金鼎-高盛,2024-04-26,9105
2317,鴻海,22,14,8,群益金鼎-高盛,2024-04-26,9105
1409,新纖,7,0,7,群益金鼎-高盛,2024-04-26,9105
2705,六福,7,0,7,群益金鼎-高盛,2024-04-26,9105
3689,湧德,7,0,7,群益金鼎-高盛,2024-04-26,9105
8415,大國鋼,7,0,7,群益金鼎-高盛,2024-04-26,9105
2353,宏��,14,8,6,群益金鼎-高盛,2024-04-26,9105
1101,台泥,6,0,6,群益金鼎-高盛,2024-04-26,9105
3703,欣陸,846,9,837,群益金鼎-高盛,2024-04-29,9105
2836,高雄銀,205,10,195,群益金鼎-高盛,2024-04-29,9105
00929,復華台灣科技優息,126,36,90,群益金鼎-高盛,2024-04-29,9105
00937B,群益ESG投等債20,80,2,78,群益金鼎-高盛,2024-04-29,9105
6125,廣運,90,14,76,群益金鼎-高盛,2024-04-29,9105
2363,矽統,107,33,74,群益金鼎-高盛,2024-04-29,9105
3234,光環,72,5,67,群益金鼎-高盛,2024-04-29,9105
00632R,元大台灣50反1,46,0,46,群益金鼎-高盛,2024-04-29,9105
2323,中環,82,43,39,群益金鼎-高盛,2024-04-29,9105
2356,英業達,42,5,37,群益金鼎-高盛,2024-04-29,9105
6197,佳必琪,37,1,36,群益金鼎-高盛,2024-04-29,9105
5871,中租-KY,30,3,27,群益金鼎-高盛,2024-04-29,9105
2607,榮運,26,0,26,群益金鼎-高盛,2024-04-29,9105
2610,華航,35,10,25,群益金鼎-高盛,2024-04-29,9105
5531,鄉林,30,5,25,群益金鼎-高盛,2024-04-29,9105
2891,中信金,111,86,25,群益金鼎-高盛,2024-04-29,9105
00882,中信中國高股息,25,1,24,群益金鼎-高盛,2024-04-29,9105
2402,毅嘉,20,0,20,群益金鼎-高盛,2024-04-29,9105
6188,廣明,23,3,20,群益金鼎-高盛,2024-04-29,9105
1718,中纖,20,0,20,群益金鼎-高盛,2024-04-29,9105
2889,國票金,20,3,17,群益金鼎-高盛,2024-04-29,9105
6005,群益證,23,7,16,群益金鼎-高盛,2024-04-29,9105
3005,神基,14,0,14,群益金鼎-高盛,2024-04-29,9105
2547,日勝生,14,1,13,群益金鼎-高盛,2024-04-29,9105
2515,中工,36,23,13,群益金鼎-高盛,2024-04-29,9105
8027,鈦昇,12,0,12,群益金鼎-高盛,2024-04-29,9105
2367,燿華,17,5,12,群益金鼎-高盛,2024-04-29,9105
5230,雷笛克光學,17,6,11,群益金鼎-高盛,2024-04-29,9105
2449,京元電子,16,6,10,群益金鼎-高盛,2024-04-29,9105
00680L,元大美債20正2,10,0,10,群益金鼎-高盛,2024-04-29,9105
2061,風青,14,4,10,群益金鼎-高盛,2024-04-29,9105
2301,光寶科,10,0,10,群益金鼎-高盛,2024-04-29,9105
2538,基泰,10,0,10,群益金鼎-高盛,2024-04-29,9105
2327,國巨,13,3,10,群益金鼎-高盛,2024-04-29,9105
1582,信錦,10,1,9,群益金鼎-高盛,2024-04-29,9105
2506,太設,10,1,9,群益金鼎-高盛,2024-04-29,9105
6215,和椿,18,9,9,群益金鼎-高盛,2024-04-29,9105
2359,所羅門,22,14,8,群益金鼎-高盛,2024-04-29,9105
2615,萬海,23,15,8,群益金鼎-高盛,2024-04-29,9105
1419,新紡,8,0,8,群益金鼎-高盛,2024-04-29,9105
2883,凱基金,13,5,8,群益金鼎-高盛,2024-04-29,9105
00706L,期元大S＆P日圓正2,7,0,7,群益金鼎-高盛,2024-04-29,9105
00633L,富邦上証正2,7,0,7,群益金鼎-高盛,2024-04-29,9105
1504,東元,7,0,7,群益金鼎-高盛,2024-04-29,9105
8064,東捷,45,38,7,群益金鼎-高盛,2024-04-29,9105
1457,宜進,10,4,6,群益金鼎-高盛,2024-04-29,9105
2206,三陽工業,28,22,6,群益金鼎-高盛,2024-04-29,9105
2511,太子,6,0,6,群益金鼎-高盛,2024-04-29,9105
2504,國產,16,10,6,群益金鼎-高盛,2024-04-29,9105
8942,森鉅,5,0,5,群益金鼎-高盛,2024-04-29,9105
3703,欣陸,164,3,161,群益金鼎-高盛,2024-04-30,9105
00929,復華台灣科技優息,143,4,139,群益金鼎-高盛,2024-04-30,9105
1536,和大,63,9,54,群益金鼎-高盛,2024-04-30,9105
6125,廣運,70,16,54,群益金鼎-高盛,2024-04-30,9105
2022,聚亨,50,0,50,群益金鼎-高盛,2024-04-30,9105
2887,台新金,54,11,43,群益金鼎-高盛,2024-04-30,9105
3481,群創,57,15,42,群益金鼎-高盛,2024-04-30,9105
00637L,元大滬深300正2,39,0,39,群益金鼎-高盛,2024-04-30,9105
2501,國建,41,9,32,群益金鼎-高盛,2024-04-30,9105
1314,中石化,79,48,31,群益金鼎-高盛,2024-04-30,9105
2888,新光金,50,22,28,群益金鼎-高盛,2024-04-30,9105
3033,威健,41,21,20,群益金鼎-高盛,2024-04-30,9105
00919,群益台灣精選高息,19,0,19,群益金鼎-高盛,2024-04-30,9105
2065,世豐,20,1,19,群益金鼎-高盛,2024-04-30,9105
6770,力積電,18,0,18,群益金鼎-高盛,2024-04-30,9105
1304,台聚,17,0,17,群益金鼎-高盛,2024-04-30,9105
1605,華新,21,5,16,群益金鼎-高盛,2024-04-30,9105
2605,新興,18,3,15,群益金鼎-高盛,2024-04-30,9105
8088,品安,17,3,14,群益金鼎-高盛,2024-04-30,9105
2363,矽統,54,40,14,群益金鼎-高盛,2024-04-30,9105
00733,富邦臺灣中小,28,15,13,群益金鼎-高盛,2024-04-30,9105
2401,凌陽,20,7,13,群益金鼎-高盛,2024-04-30,9105
1471,首利,13,0,13,群益金鼎-高盛,2024-04-30,9105
1587,吉茂,16,3,13,群益金鼎-高盛,2024-04-30,9105
2317,鴻海,20,7,13,群益金鼎-高盛,2024-04-30,9105
1101,台泥,14,2,12,群益金鼎-高盛,2024-04-30,9105
1316,上曜,29,17,12,群益金鼎-高盛,2024-04-30,9105
1582,信錦,20,8,12,群益金鼎-高盛,2024-04-30,9105
2457,飛宏,12,0,12,群益金鼎-高盛,2024-04-30,9105
1439,雋揚,11,0,11,群益金鼎-高盛,2024-04-30,9105
2327,國巨,11,0,11,群益金鼎-高盛,2024-04-30,9105
2537,聯上發,11,0,11,群益金鼎-高盛,2024-04-30,9105
3402,漢科,11,0,11,群益金鼎-高盛,2024-04-30,9105
3455,由田,10,0,10,群益金鼎-高盛,2024-04-30,9105
00885,富邦越南,10,0,10,群益金鼎-高盛,2024-04-30,9105
2883,凱基金,23,13,10,群益金鼎-高盛,2024-04-30,9105
5364,力麗店,10,0,10,群益金鼎-高盛,2024-04-30,9105
1413,宏洲,9,1,8,群益金鼎-高盛,2024-04-30,9105
3532,台勝科,11,3,8,群益金鼎-高盛,2024-04-30,9105
6235,華孚,9,1,8,群益金鼎-高盛,2024-04-30,9105
2884,玉山金,7,0,7,群益金鼎-高盛,2024-04-30,9105
00763U,期街口道瓊銅,7,0,7,群益金鼎-高盛,2024-04-30,9105
00712,復華富時不動產,7,0,7,群益金鼎-高盛,2024-04-30,9105
2432,倚天酷��-創,7,0,7,群益金鼎-高盛,2024-04-30,9105
2497,怡利電,7,0,7,群益金鼎-高盛,2024-04-30,9105
2606,裕民,28,21,7,群益金鼎-高盛,2024-04-30,9105
5511,德昌,7,0,7,群益金鼎-高盛,2024-04-30,9105
5515,建國,9,2,7,群益金鼎-高盛,2024-04-30,9105
00878,國泰永續高股息,8,2,6,群益金鼎-高盛,2024-04-30,9105
2449,京元電子,9,3,6,群益金鼎-高盛,2024-04-30,9105
00878,國泰永續高股息,230,22,208,群益金鼎-高盛,2024-05-02,9105
2515,中工,230,40,190,群益金鼎-高盛,2024-05-02,9105
6125,廣運,127,24,103,群益金鼎-高盛,2024-05-02,9105
00795B,中信美國公債20年,62,0,62,群益金鼎-高盛,2024-05-02,9105
2611,志信,95,43,52,群益金鼎-高盛,2024-05-02,9105
00937B,群益ESG投等債20,48,0,48,群益金鼎-高盛,2024-05-02,9105
2913,農林,55,9,46,群益金鼎-高盛,2024-05-02,9105
3481,群創,41,0,41,群益金鼎-高盛,2024-05-02,9105
00929,復華台灣科技優息,56,17,39,群益金鼎-高盛,2024-05-02,9105
2371,大同,83,46,37,群益金鼎-高盛,2024-05-02,9105
2401,凌陽,37,1,36,群益金鼎-高盛,2024-05-02,9105
3234,光環,35,1,34,群益金鼎-高盛,2024-05-02,9105
2891,中信金,33,0,33,群益金鼎-高盛,2024-05-02,9105
2363,矽統,43,13,30,群益金鼎-高盛,2024-05-02,9105
2867,三商壽,30,0,30,群益金鼎-高盛,2024-05-02,9105
8064,東捷,32,8,24,群益金鼎-高盛,2024-05-02,9105
3294,英濟,23,0,23,群益金鼎-高盛,2024-05-02,9105
1440,南紡,25,2,23,群益金鼎-高盛,2024-05-02,9105
2501,國建,94,72,22,群益金鼎-高盛,2024-05-02,9105
2547,日勝生,21,0,21,群益金鼎-高盛,2024-05-02,9105
2330,台積電,21,1,20,群益金鼎-高盛,2024-05-02,9105
00680L,元大美債20正2,20,0,20,群益金鼎-高盛,2024-05-02,9105
2022,聚亨,20,0,20,群益金鼎-高盛,2024-05-02,9105
4147,中裕,20,0,20,群益金鼎-高盛,2024-05-02,9105
6235,華孚,20,1,19,群益金鼎-高盛,2024-05-02,9105
5469,瀚宇博,18,0,18,群益金鼎-高盛,2024-05-02,9105
5871,中租-KY,17,0,17,群益金鼎-高盛,2024-05-02,9105
00715L,期街口布蘭特正2,17,0,17,群益金鼎-高盛,2024-05-02,9105
2511,太子,20,4,16,群益金鼎-高盛,2024-05-02,9105
4526,東台,21,6,15,群益金鼎-高盛,2024-05-02,9105
00642U,期元大S＆P石油,15,0,15,群益金鼎-高盛,2024-05-02,9105
1808,潤隆,16,1,15,群益金鼎-高盛,2024-05-02,9105
2303,聯電,18,5,13,群益金鼎-高盛,2024-05-02,9105
2801,彰銀,13,0,13,群益金鼎-高盛,2024-05-02,9105
2609,陽明,50,37,13,群益金鼎-高盛,2024-05-02,9105
00940,元大台灣價值高息,15,3,12,群益金鼎-高盛,2024-05-02,9105
1504,東元,24,13,11,群益金鼎-高盛,2024-05-02,9105
2323,中環,20,9,11,群益金鼎-高盛,2024-05-02,9105
2462,良得電,11,0,11,群益金鼎-高盛,2024-05-02,9105
8234,新漢,15,4,11,群益金鼎-高盛,2024-05-02,9105
9105,泰金寶-DR,11,0,11,群益金鼎-高盛,2024-05-02,9105
00936,台新永續高息中小,10,0,10,群益金鼎-高盛,2024-05-02,9105
2065,世豐,10,0,10,群益金鼎-高盛,2024-05-02,9105
1605,華新,10,1,9,群益金鼎-高盛,2024-05-02,9105
2101,南港,9,0,9,群益金鼎-高盛,2024-05-02,9105
3024,憶聲,9,1,8,群益金鼎-高盛,2024-05-02,9105
3707,漢磊,12,4,8,群益金鼎-高盛,2024-05-02,9105
2317,鴻海,11,4,7,群益金鼎-高盛,2024-05-02,9105
00933B,國泰10Y+金融債,7,0,7,群益金鼎-高盛,2024-05-02,9105
1609,大亞,16,9,7,群益金鼎-高盛,2024-05-02,9105
6125,廣運,145,16,129,群益金鼎-高盛,2024-05-03,9105
2353,宏��,65,3,62,群益金鼎-高盛,2024-05-03,9105
00878,國泰永續高股息,60,3,57,群益金鼎-高盛,2024-05-03,9105
00937B,群益ESG投等債20,60,5,55,群益金鼎-高盛,2024-05-03,9105
2022,聚亨,50,0,50,群益金鼎-高盛,2024-05-03,9105
8099,大世科,38,0,38,群益金鼎-高盛,2024-05-03,9105
2609,陽明,48,15,33,群益金鼎-高盛,2024-05-03,9105
1316,上曜,58,30,28,群益金鼎-高盛,2024-05-03,9105
6171,大城地產,28,0,28,群益金鼎-高盛,2024-05-03,9105
00940,元大台灣價值高息,36,8,28,群益金鼎-高盛,2024-05-03,9105
3231,緯創,27,3,24,群益金鼎-高盛,2024-05-03,9105
2884,玉山金,30,7,23,群益金鼎-高盛,2024-05-03,9105
5009,榮剛,24,1,23,群益金鼎-高盛,2024-05-03,9105
00932,兆豐永續高息等權,20,0,20,群益金鼎-高盛,2024-05-03,9105
6248,沛波,20,0,20,群益金鼎-高盛,2024-05-03,9105
1439,雋揚,19,0,19,群益金鼎-高盛,2024-05-03,9105
3402,漢科,27,10,17,群益金鼎-高盛,2024-05-03,9105
8928,鉅明,17,0,17,群益金鼎-高盛,2024-05-03,9105
4714,永捷,63,46,17,群益金鼎-高盛,2024-05-03,9105
2537,聯上發,22,8,14,群益金鼎-高盛,2024-05-03,9105
5512,力麒,15,2,13,群益金鼎-高盛,2024-05-03,9105
6278,台表科,13,0,13,群益金鼎-高盛,2024-05-03,9105
8234,新漢,16,3,13,群益金鼎-高盛,2024-05-03,9105
2610,華航,20,8,12,群益金鼎-高盛,2024-05-03,9105
6005,群益證,18,6,12,群益金鼎-高盛,2024-05-03,9105
00891,中信關鍵半導體,11,0,11,群益金鼎-高盛,2024-05-03,9105
3545,敦泰,10,0,10,群益金鼎-高盛,2024-05-03,9105
2388,威盛,15,5,10,群益金鼎-高盛,2024-05-03,9105
00690,兆豐藍籌30,10,0,10,群益金鼎-高盛,2024-05-03,9105
2402,毅嘉,10,0,10,群益金鼎-高盛,2024-05-03,9105
2834,臺企銀,25,15,10,群益金鼎-高盛,2024-05-03,9105
3122,笙泉,16,6,10,群益金鼎-高盛,2024-05-03,9105
6015,宏遠證,10,0,10,群益金鼎-高盛,2024-05-03,9105
8121,越峰,10,0,10,群益金鼎-高盛,2024-05-03,9105
1514,亞力,9,0,9,群益金鼎-高盛,2024-05-03,9105
5410,國眾,9,0,9,群益金鼎-高盛,2024-05-03,9105
2511,太子,11,2,9,群益金鼎-高盛,2024-05-03,9105
9945,潤泰新,31,23,8,群益金鼎-高盛,2024-05-03,9105
4157,太景*-KY,8,0,8,群益金鼎-高盛,2024-05-03,9105
1522,堤維西,8,0,8,群益金鼎-高盛,2024-05-03,9105
2603,長榮,14,6,8,群益金鼎-高盛,2024-05-03,9105
2634,漢翔,9,1,8,群益金鼎-高盛,2024-05-03,9105
2887,台新金,12,4,8,群益金鼎-高盛,2024-05-03,9105
2506,太設,7,0,7,群益金鼎-高盛,2024-05-03,9105
8455,大拓-KY,7,0,7,群益金鼎-高盛,2024-05-03,9105
3033,威健,7,0,7,群益金鼎-高盛,2024-05-03,9105
3712,永崴投控,6,0,6,群益金鼎-高盛,2024-05-03,9105
3037,欣興,6,0,6,群益金鼎-高盛,2024-05-03,9105
1808,潤隆,6,0,6,群益金鼎-高盛,2024-05-03,9105
2344,華邦電,7,1,6,群益金鼎-高盛,2024-05-03,9105
2888,新光金,421,61,360,群益金鼎-高盛,2024-05-06,9105
00680L,元大美債20正2,221,0,221,群益金鼎-高盛,2024-05-06,9105
2634,漢翔,110,3,107,群益金鼎-高盛,2024-05-06,9105
2881,富邦金,102,1,101,群益金鼎-高盛,2024-05-06,9105
00632R,元大台灣50反1,53,4,49,群益金鼎-高盛,2024-05-06,9105
2834,臺企銀,51,2,49,群益金鼎-高盛,2024-05-06,9105
2883,凱基金,54,7,47,群益金鼎-高盛,2024-05-06,9105
00637L,元大滬深300正2,110,67,43,群益金鼎-高盛,2024-05-06,9105
6015,宏遠證,40,0,40,群益金鼎-高盛,2024-05-06,9105
00929,復華台灣科技優息,41,5,36,群益金鼎-高盛,2024-05-06,9105
2537,聯上發,41,5,36,群益金鼎-高盛,2024-05-06,9105
3356,奇偶,33,2,31,群益金鼎-高盛,2024-05-06,9105
1316,上曜,55,30,25,群益金鼎-高盛,2024-05-06,9105
2065,世豐,24,0,24,群益金鼎-高盛,2024-05-06,9105
6173,信昌電,31,8,23,群益金鼎-高盛,2024-05-06,9105
00937B,群益ESG投等債20,22,0,22,群益金鼎-高盛,2024-05-06,9105
2449,京元電子,31,10,21,群益金鼎-高盛,2024-05-06,9105
6806,森崴能源,22,3,19,群益金鼎-高盛,2024-05-06,9105
3030,德律,27,9,18,群益金鼎-高盛,2024-05-06,9105
8064,東捷,23,5,18,群益金鼎-高盛,2024-05-06,9105
2603,長榮,16,0,16,群益金鼎-高盛,2024-05-06,9105
1718,中纖,15,0,15,群益金鼎-高盛,2024-05-06,9105
1701,中化,14,0,14,群益金鼎-高盛,2024-05-06,9105
2458,義隆,14,0,14,群益金鼎-高盛,2024-05-06,9105
6177,達麗,18,4,14,群益金鼎-高盛,2024-05-06,9105
2409,友達,12,0,12,群益金鼎-高盛,2024-05-06,9105
2022,聚亨,10,0,10,群益金鼎-高盛,2024-05-06,9105
2359,所羅門,13,3,10,群益金鼎-高盛,2024-05-06,9105
2836,高雄銀,10,0,10,群益金鼎-高盛,2024-05-06,9105
4909,新復興,10,0,10,群益金鼎-高盛,2024-05-06,9105
5371,中光電,14,4,10,群益金鼎-高盛,2024-05-06,9105
2308,台達電,9,0,9,群益金鼎-高盛,2024-05-06,9105
1513,中興電,10,1,9,群益金鼎-高盛,2024-05-06,9105
1413,宏洲,9,0,9,群益金鼎-高盛,2024-05-06,9105
5531,鄉林,11,2,9,群益金鼎-高盛,2024-05-06,9105
6125,廣運,13,4,9,群益金鼎-高盛,2024-05-06,9105
2363,矽統,17,9,8,群益金鼎-高盛,2024-05-06,9105
2367,燿華,55,47,8,群益金鼎-高盛,2024-05-06,9105
2468,華經,8,0,8,群益金鼎-高盛,2024-05-06,9105
6180,橘子,8,0,8,群益金鼎-高盛,2024-05-06,9105
6292,迅德,8,0,8,群益金鼎-高盛,2024-05-06,9105
8928,鉅明,8,0,8,群益金鼎-高盛,2024-05-06,9105
2114,鑫永銓,7,0,7,群益金鼎-高盛,2024-05-06,9105
2303,聯電,26,19,7,群益金鼎-高盛,2024-05-06,9105
2323,中環,8,1,7,群益金鼎-高盛,2024-05-06,9105
2538,基泰,7,0,7,群益金鼎-高盛,2024-05-06,9105
4402,郡都開發,7,0,7,群益金鼎-高盛,2024-05-06,9105
4714,永捷,7,0,7,群益金鼎-高盛,2024-05-06,9105
2352,佳世達,10,3,7,群益金鼎-高盛,2024-05-06,9105
1453,大將,7,0,7,群益金鼎-高盛,2024-05-06,9105
6770,力積電,127,2,125,群益金鼎-高盛,2024-05-07,9105
2634,漢翔,106,1,105,群益金鼎-高盛,2024-05-07,9105
2371,大同,68,2,66,群益金鼎-高盛,2024-05-07,9105
2834,臺企銀,62,0,62,群益金鼎-高盛,2024-05-07,9105
2498,宏達電,53,1,52,群益金鼎-高盛,2024-05-07,9105
1444,力麗,50,0,50,群益金鼎-高盛,2024-05-07,9105
2337,旺宏,50,0,50,群益金鼎-高盛,2024-05-07,9105
2515,中工,42,1,41,群益金鼎-高盛,2024-05-07,9105
2537,聯上發,46,6,40,群益金鼎-高盛,2024-05-07,9105
2317,鴻海,73,35,38,群益金鼎-高盛,2024-05-07,9105
9945,潤泰新,43,5,38,群益金鼎-高盛,2024-05-07,9105
00929,復華台灣科技優息,155,124,31,群益金鼎-高盛,2024-05-07,9105
00632R,元大台灣50反1,35,5,30,群益金鼎-高盛,2024-05-07,9105
8473,山林水,30,0,30,群益金鼎-高盛,2024-05-07,9105
1439,雋揚,29,0,29,群益金鼎-高盛,2024-05-07,9105
00878,國泰永續高股息,34,7,27,群益金鼎-高盛,2024-05-07,9105
1605,華新,23,0,23,群益金鼎-高盛,2024-05-07,9105
5512,力麒,20,0,20,群益金鼎-高盛,2024-05-07,9105
6116,彩晶,20,0,20,群益金鼎-高盛,2024-05-07,9105
1609,大亞,54,35,19,群益金鼎-高盛,2024-05-07,9105
6282,康舒,15,0,15,群益金鼎-高盛,2024-05-07,9105
8111,立��,15,0,15,群益金鼎-高盛,2024-05-07,9105
3356,奇偶,17,5,12,群益金鼎-高盛,2024-05-07,9105
6125,廣運,19,7,12,群益金鼎-高盛,2024-05-07,9105
2913,農林,12,0,12,群益金鼎-高盛,2024-05-07,9105
2065,世豐,12,0,12,群益金鼎-高盛,2024-05-07,9105
2388,威盛,12,0,12,群益金鼎-高盛,2024-05-07,9105
00690,兆豐藍籌30,11,0,11,群益金鼎-高盛,2024-05-07,9105
1618,合機,15,4,11,群益金鼎-高盛,2024-05-07,9105
2324,仁寶,11,0,11,群益金鼎-高盛,2024-05-07,9105
00882,中信中國高股息,10,0,10,群益金鼎-高盛,2024-05-07,9105
2547,日勝生,10,0,10,群益金鼎-高盛,2024-05-07,9105
2705,六福,10,0,10,群益金鼎-高盛,2024-05-07,9105
9933,中鼎,10,0,10,群益金鼎-高盛,2024-05-07,9105
3081,聯亞,10,0,10,群益金鼎-高盛,2024-05-07,9105
00932,兆豐永續高息等權,10,0,10,群益金鼎-高盛,2024-05-07,9105
1457,宜進,10,0,10,群益金鼎-高盛,2024-05-07,9105
1815,富喬,13,3,10,群益金鼎-高盛,2024-05-07,9105
2062,橋椿,10,0,10,群益金鼎-高盛,2024-05-07,9105
2511,太子,10,0,10,群益金鼎-高盛,2024-05-07,9105
2601,益航,10,0,10,群益金鼎-高盛,2024-05-07,9105
2611,志信,10,0,10,群益金鼎-高盛,2024-05-07,9105
6248,沛波,10,0,10,群益金鼎-高盛,2024-05-07,9105
8411,福貞-KY,10,0,10,群益金鼎-高盛,2024-05-07,9105
3035,智原,10,1,9,群益金鼎-高盛,2024-05-07,9105
00753L,中信中國50正2,10,1,9,群益金鼎-高盛,2024-05-07,9105
2022,聚亨,10,1,9,群益金鼎-高盛,2024-05-07,9105
2415,錩新,9,0,9,群益金鼎-高盛,2024-05-07,9105
2606,裕民,51,42,9,群益金鼎-高盛,2024-05-07,9105
3188,鑫龍騰,9,0,9,群益金鼎-高盛,2024-05-07,9105
2820,華票,210,0,210,群益金鼎-高盛,2024-05-08,9105
00637L,元大滬深300正2,57,18,39,群益金鼎-高盛,2024-05-08,9105
4967,十銓,36,5,31,群益金鼎-高盛,2024-05-08,9105
5515,建國,34,5,29,群益金鼎-高盛,2024-05-08,9105
00632R,元大台灣50反1,34,6,28,群益金鼎-高盛,2024-05-08,9105
00929,復華台灣科技優息,155,127,28,群益金鼎-高盛,2024-05-08,9105
2065,世豐,26,0,26,群益金鼎-高盛,2024-05-08,9105
1440,南紡,25,0,25,群益金鼎-高盛,2024-05-08,9105
6005,群益證,24,1,23,群益金鼎-高盛,2024-05-08,9105
8096,擎亞,40,19,21,群益金鼎-高盛,2024-05-08,9105
2543,皇昌,21,1,20,群益金鼎-高盛,2024-05-08,9105
3706,神達,20,0,20,群益金鼎-高盛,2024-05-08,9105
2363,矽統,34,14,20,群益金鼎-高盛,2024-05-08,9105
00940,元大台灣價值高息,21,2,19,群益金鼎-高盛,2024-05-08,9105
2881,富邦金,21,2,19,群益金鼎-高盛,2024-05-08,9105
2382,廣達,18,2,16,群益金鼎-高盛,2024-05-08,9105
3481,群創,17,1,16,群益金鼎-高盛,2024-05-08,9105
1314,中石化,19,4,15,群益金鼎-高盛,2024-05-08,9105
3450,聯鈞,30,15,15,群益金鼎-高盛,2024-05-08,9105
3027,盛達,15,0,15,群益金鼎-高盛,2024-05-08,9105
3231,緯創,25,10,15,群益金鼎-高盛,2024-05-08,9105
3592,瑞鼎,14,0,14,群益金鼎-高盛,2024-05-08,9105
8277,商丞,16,2,14,群益金鼎-高盛,2024-05-08,9105
1612,宏泰,30,17,13,群益金鼎-高盛,2024-05-08,9105
00878,國泰永續高股息,21,8,13,群益金鼎-高盛,2024-05-08,9105
3356,奇偶,13,0,13,群益金鼎-高盛,2024-05-08,9105
00945B,凱基美國非投等債,12,0,12,群益金鼎-高盛,2024-05-08,9105
1617,榮星,11,0,11,群益金鼎-高盛,2024-05-08,9105
3036,文曄,11,0,11,群益金鼎-高盛,2024-05-08,9105
1101,台泥,13,3,10,群益金鼎-高盛,2024-05-08,9105
1905,華紙,12,2,10,群益金鼎-高盛,2024-05-08,9105
2611,志信,21,11,10,群益金鼎-高盛,2024-05-08,9105
1721,三晃,11,1,10,群益金鼎-高盛,2024-05-08,9105
2465,麗臺,11,1,10,群益金鼎-高盛,2024-05-08,9105
3712,永崴投控,10,0,10,群益金鼎-高盛,2024-05-08,9105
5011,久陽,10,0,10,群益金鼎-高盛,2024-05-08,9105
5351,鈺創,10,0,10,群益金鼎-高盛,2024-05-08,9105
6443,元晶,10,0,10,群益金鼎-高盛,2024-05-08,9105
6834,天二科技,12,2,10,群益金鼎-高盛,2024-05-08,9105
8358,金居,10,0,10,群益金鼎-高盛,2024-05-08,9105
00733,富邦臺灣中小,26,17,9,群益金鼎-高盛,2024-05-08,9105
5880,合庫金,9,0,9,群益金鼎-高盛,2024-05-08,9105
2547,日勝生,11,2,9,群益金鼎-高盛,2024-05-08,9105
2603,長榮,9,0,9,群益金鼎-高盛,2024-05-08,9105
1514,亞力,20,11,9,群益金鼎-高盛,2024-05-08,9105
3306,鼎天,12,4,8,群益金鼎-高盛,2024-05-08,9105
2002,中鋼,8,0,8,群益金鼎-高盛,2024-05-08,9105
3033,威健,12,4,8,群益金鼎-高盛,2024-05-08,9105
6282,康舒,9,1,8,群益金鼎-高盛,2024-05-08,9105
1439,雋揚,8,0,8,群益金鼎-高盛,2024-05-08,9105
00665L,富邦�琤肭磪囓�2,248,0,248,群益金鼎-高盛,2024-05-09,9105
00937B,群益ESG投等債20,112,5,107,群益金鼎-高盛,2024-05-09,9105
2486,一詮,71,19,52,群益金鼎-高盛,2024-05-09,9105
2618,長榮航,59,14,45,群益金鼎-高盛,2024-05-09,9105
00632R,元大台灣50反1,45,3,42,群益金鼎-高盛,2024-05-09,9105
2886,兆豐金,42,0,42,群益金鼎-高盛,2024-05-09,9105
1536,和大,37,0,37,群益金鼎-高盛,2024-05-09,9105
00713,元大台灣高息低波,25,0,25,群益金鼎-高盛,2024-05-09,9105
00944,野村趨勢動能高息,35,10,25,群益金鼎-高盛,2024-05-09,9105
6443,元晶,25,1,24,群益金鼎-高盛,2024-05-09,9105
3033,威健,24,1,23,群益金鼎-高盛,2024-05-09,9105
2065,世豐,21,0,21,群益金鼎-高盛,2024-05-09,9105
3481,群創,23,2,21,群益金鼎-高盛,2024-05-09,9105
2427,三商電,24,4,20,群益金鼎-高盛,2024-05-09,9105
3260,威剛,23,3,20,群益金鼎-高盛,2024-05-09,9105
4513,福裕,20,0,20,群益金鼎-高盛,2024-05-09,9105
2371,大同,136,117,19,群益金鼎-高盛,2024-05-09,9105
2884,玉山金,18,0,18,群益金鼎-高盛,2024-05-09,9105
5871,中租-KY,20,2,18,群益金鼎-高盛,2024-05-09,9105
00940,元大台灣價值高息,19,2,17,群益金鼎-高盛,2024-05-09,9105
8112,至上,18,2,16,群益金鼎-高盛,2024-05-09,9105
1587,吉茂,20,4,16,群益金鼎-高盛,2024-05-09,9105
2359,所羅門,30,15,15,群益金鼎-高盛,2024-05-09,9105
3296,勝德,14,0,14,群益金鼎-高盛,2024-05-09,9105
4960,誠美材,18,4,14,群益金鼎-高盛,2024-05-09,9105
8064,東捷,14,0,14,群益金鼎-高盛,2024-05-09,9105
2610,華航,17,4,13,群益金鼎-高盛,2024-05-09,9105
2399,映泰,13,0,13,群益金鼎-高盛,2024-05-09,9105
00882,中信中國高股息,13,0,13,群益金鼎-高盛,2024-05-09,9105
2027,大成鋼,12,0,12,群益金鼎-高盛,2024-05-09,9105
6197,佳必琪,19,7,12,群益金鼎-高盛,2024-05-09,9105
2888,新光金,108,96,12,群益金鼎-高盛,2024-05-09,9105
2408,南亞科,12,1,11,群益金鼎-高盛,2024-05-09,9105
00932,兆豐永續高息等權,11,0,11,群益金鼎-高盛,2024-05-09,9105
00772B,中信高評級公司債,11,0,11,群益金鼎-高盛,2024-05-09,9105
1316,上曜,21,10,11,群益金鼎-高盛,2024-05-09,9105
2022,聚亨,10,0,10,群益金鼎-高盛,2024-05-09,9105
2208,台船,10,0,10,群益金鼎-高盛,2024-05-09,9105
1605,華新,13,3,10,群益金鼎-高盛,2024-05-09,9105
00637L,元大滬深300正2,125,115,10,群益金鼎-高盛,2024-05-09,9105
3512,皇龍,10,0,10,群益金鼎-高盛,2024-05-09,9105
5201,凱衛,10,0,10,群益金鼎-高盛,2024-05-09,9105
9944,新麗,10,0,10,群益金鼎-高盛,2024-05-09,9105
2498,宏達電,10,0,10,群益金鼎-高盛,2024-05-09,9105
6770,力積電,11,2,9,群益金鼎-高盛,2024-05-09,9105
6592,和潤企業,8,0,8,群益金鼎-高盛,2024-05-09,9105
1608,華榮,51,43,8,群益金鼎-高盛,2024-05-09,9105
3036,文曄,11,3,8,群益金鼎-高盛,2024-05-09,9105
5439,高技,9,1,8,群益金鼎-高盛,2024-05-09,9105
2352,佳世達,14,6,8,群益金鼎-高盛,2024-05-09,9105
00929,復華台灣科技優息,295,0,295,群益金鼎-高盛,2024-05-10,9105
00632R,元大台灣50反1,102,12,90,群益金鼎-高盛,2024-05-10,9105
00946,群益科技高息成長,174,100,74,群益金鼎-高盛,2024-05-10,9105
2883,凱基金,84,20,64,群益金鼎-高盛,2024-05-10,9105
00687B,國泰20年美債,65,2,63,群益金鼎-高盛,2024-05-10,9105
8112,至上,52,2,50,群益金鼎-高盛,2024-05-10,9105
2101,南港,30,0,30,群益金鼎-高盛,2024-05-10,9105
2537,聯上發,35,5,30,群益金鼎-高盛,2024-05-10,9105
3706,神達,24,2,22,群益金鼎-高盛,2024-05-10,9105
00931B,統一美債20年,20,0,20,群益金鼎-高盛,2024-05-10,9105
8033,雷虎,21,1,20,群益金鼎-高盛,2024-05-10,9105
6116,彩晶,26,8,18,群益金鼎-高盛,2024-05-10,9105
2367,燿華,36,18,18,群益金鼎-高盛,2024-05-10,9105
6257,矽格,20,4,16,群益金鼎-高盛,2024-05-10,9105
6284,佳邦,17,1,16,群益金鼎-高盛,2024-05-10,9105
1314,中石化,40,25,15,群益金鼎-高盛,2024-05-10,9105
5210,寶碩,15,0,15,群益金鼎-高盛,2024-05-10,9105
2313,華通,20,6,14,群益金鼎-高盛,2024-05-10,9105
2359,所羅門,33,20,13,群益金鼎-高盛,2024-05-10,9105
3049,精金,12,0,12,群益金鼎-高盛,2024-05-10,9105
00932,兆豐永續高息等權,10,0,10,群益金鼎-高盛,2024-05-10,9105
00915,凱基優選高股息30,10,0,10,群益金鼎-高盛,2024-05-10,9105
00909,國泰數位支付服務,10,0,10,群益金鼎-高盛,2024-05-10,9105
00715L,期街口布蘭特正2,10,0,10,群益金鼎-高盛,2024-05-10,9105
0056,元大高股息,11,1,10,群益金鼎-高盛,2024-05-10,9105
00676R,富邦臺灣加權反1,10,0,10,群益金鼎-高盛,2024-05-10,9105
2478,大毅,10,0,10,群益金鼎-高盛,2024-05-10,9105
1229,聯華,9,0,9,群益金鼎-高盛,2024-05-10,9105
5871,中租-KY,11,3,8,群益金鼎-高盛,2024-05-10,9105
3356,奇偶,29,21,8,群益金鼎-高盛,2024-05-10,9105
2308,台達電,8,0,8,群益金鼎-高盛,2024-05-10,9105
1463,強盛新,8,0,8,群益金鼎-高盛,2024-05-10,9105
2014,中鴻,30,22,8,群益金鼎-高盛,2024-05-10,9105
2065,世豐,8,0,8,群益金鼎-高盛,2024-05-10,9105
2612,中航,11,3,8,群益金鼎-高盛,2024-05-10,9105
3033,威健,7,0,7,群益金鼎-高盛,2024-05-10,9105
3715,定穎投控,7,0,7,群益金鼎-高盛,2024-05-10,9105
5009,榮剛,12,5,7,群益金鼎-高盛,2024-05-10,9105
5493,三聯,7,0,7,群益金鼎-高盛,2024-05-10,9105
6443,元晶,14,7,7,群益金鼎-高盛,2024-05-10,9105
2606,裕民,21,15,6,群益金鼎-高盛,2024-05-10,9105
2421,建準,12,6,6,群益金鼎-高盛,2024-05-10,9105
3021,鴻名,6,0,6,群益金鼎-高盛,2024-05-10,9105
3583,辛耘,8,2,6,群益金鼎-高盛,2024-05-10,9105
5201,凱衛,6,0,6,群益金鼎-高盛,2024-05-10,9105
3308,聯德,5,0,5,群益金鼎-高盛,2024-05-10,9105
00680L,元大美債20正2,55,50,5,群益金鼎-高盛,2024-05-10,9105
00690,兆豐藍籌30,5,0,5,群益金鼎-高盛,2024-05-10,9105
00753L,中信中國50正2,6,1,5,群益金鼎-高盛,2024-05-10,9105
2104,國際中橡,5,0,5,群益金鼎-高盛,2024-05-10,9105
00929,復華台灣科技優息,153,35,118,群益金鼎-高盛,2024-05-13,9105
00937B,群益ESG投等債20,93,2,91,群益金鼎-高盛,2024-05-13,9105
2891,中信金,85,1,84,群益金鼎-高盛,2024-05-13,9105
2537,聯上發,88,22,66,群益金鼎-高盛,2024-05-13,9105
3231,緯創,57,9,48,群益金鼎-高盛,2024-05-13,9105
00946,群益科技高息成長,144,101,43,群益金鼎-高盛,2024-05-13,9105
2065,世豐,43,0,43,群益金鼎-高盛,2024-05-13,9105
00919,群益台灣精選高息,55,13,42,群益金鼎-高盛,2024-05-13,9105
2618,長榮航,66,31,35,群益金鼎-高盛,2024-05-13,9105
3059,華晶科,32,0,32,群益金鼎-高盛,2024-05-13,9105
00795B,中信美國公債20年,29,0,29,群益金鼎-高盛,2024-05-13,9105
3303,岱稜,25,1,24,群益金鼎-高盛,2024-05-13,9105
5871,中租-KY,25,3,22,群益金鼎-高盛,2024-05-13,9105
1524,耿鼎,38,17,21,群益金鼎-高盛,2024-05-13,9105
2641,正德,40,20,20,群益金鼎-高盛,2024-05-13,9105
2241,艾姆勒,36,18,18,群益金鼎-高盛,2024-05-13,9105
1709,和益,17,0,17,群益金鼎-高盛,2024-05-13,9105
4562,穎漢,26,10,16,群益金鼎-高盛,2024-05-13,9105
1718,中纖,15,0,15,群益金鼎-高盛,2024-05-13,9105
2303,聯電,21,6,15,群益金鼎-高盛,2024-05-13,9105
2501,國建,50,35,15,群益金鼎-高盛,2024-05-13,9105
5388,中磊,15,0,15,群益金鼎-高盛,2024-05-13,9105
2367,燿華,60,46,14,群益金鼎-高盛,2024-05-13,9105
00878,國泰永續高股息,13,0,13,群益金鼎-高盛,2024-05-13,9105
2061,風青,21,8,13,群益金鼎-高盛,2024-05-13,9105
2402,毅嘉,11,0,11,群益金鼎-高盛,2024-05-13,9105
00915,凱基優選高股息30,11,0,11,群益金鼎-高盛,2024-05-13,9105
3321,同泰,11,0,11,群益金鼎-高盛,2024-05-13,9105
1563,巧新,10,0,10,群益金鼎-高盛,2024-05-13,9105
2607,榮運,12,2,10,群益金鼎-高盛,2024-05-13,9105
2645,長榮航太,10,0,10,群益金鼎-高盛,2024-05-13,9105
2606,裕民,30,20,10,群益金鼎-高盛,2024-05-13,9105
2317,鴻海,20,10,10,群益金鼎-高盛,2024-05-13,9105
9945,潤泰新,17,8,9,群益金鼎-高盛,2024-05-13,9105
00939,統一台灣高息動能,11,2,9,群益金鼎-高盛,2024-05-13,9105
2836,高雄銀,9,0,9,群益金鼎-高盛,2024-05-13,9105
6207,雷科,10,2,8,群益金鼎-高盛,2024-05-13,9105
3583,辛耘,10,2,8,群益金鼎-高盛,2024-05-13,9105
2356,英業達,13,5,8,群益金鼎-高盛,2024-05-13,9105
00679B,元大美債20年,7,0,7,群益金鼎-高盛,2024-05-13,9105
00772B,中信高評級公司債,7,0,7,群益金鼎-高盛,2024-05-13,9105
2486,一詮,17,10,7,群益金鼎-高盛,2024-05-13,9105
3515,華擎,7,0,7,群益金鼎-高盛,2024-05-13,9105
3535,晶彩科,7,1,6,群益金鼎-高盛,2024-05-13,9105
2374,佳能,16,10,6,群益金鼎-高盛,2024-05-13,9105
2338,光罩,8,2,6,群益金鼎-高盛,2024-05-13,9105
2399,映泰,6,0,6,群益金鼎-高盛,2024-05-13,9105
3230,錦明,8,2,6,群益金鼎-高盛,2024-05-13,9105
4961,天鈺,7,1,6,群益金鼎-高盛,2024-05-13,9105
00632R,元大台灣50反1,88,83,5,群益金鼎-高盛,2024-05-13,9105
00933B,國泰10Y+金融債,261,3,258,群益金鼎-高盛,2024-05-14,9105
2891,中信金,270,82,188,群益金鼎-高盛,2024-05-14,9105
00929,復華台灣科技優息,187,40,147,群益金鼎-高盛,2024-05-14,9105
2363,矽統,143,45,98,群益金鼎-高盛,2024-05-14,9105
00632R,元大台灣50反1,80,18,62,群益金鼎-高盛,2024-05-14,9105
2890,永豐金,57,0,57,群益金鼎-高盛,2024-05-14,9105
2615,萬海,226,199,27,群益金鼎-高盛,2024-05-14,9105
2834,臺企銀,23,0,23,群益金鼎-高盛,2024-05-14,9105
1522,堤維西,47,25,22,群益金鼎-高盛,2024-05-14,9105
1718,中纖,22,1,21,群益金鼎-高盛,2024-05-14,9105
1337,再生-KY,20,0,20,群益金鼎-高盛,2024-05-14,9105
5512,力麒,20,0,20,群益金鼎-高盛,2024-05-14,9105
2371,大同,71,51,20,群益金鼎-高盛,2024-05-14,9105
00937B,群益ESG投等債20,19,0,19,群益金鼎-高盛,2024-05-14,9105
00713,元大台灣高息低波,18,0,18,群益金鼎-高盛,2024-05-14,9105
00878,國泰永續高股息,34,17,17,群益金鼎-高盛,2024-05-14,9105
3231,緯創,17,0,17,群益金鼎-高盛,2024-05-14,9105
2883,凱基金,20,4,16,群益金鼎-高盛,2024-05-14,9105
3049,精金,15,0,15,群益金鼎-高盛,2024-05-14,9105
1524,耿鼎,15,1,14,群益金鼎-高盛,2024-05-14,9105
00940,元大台灣價值高息,32,20,12,群益金鼎-高盛,2024-05-14,9105
1312,國喬,11,0,11,群益金鼎-高盛,2024-05-14,9105
8096,擎亞,16,5,11,群益金鼎-高盛,2024-05-14,9105
4167,松瑞藥,11,0,11,群益金鼎-高盛,2024-05-14,9105
6116,彩晶,11,0,11,群益金鼎-高盛,2024-05-14,9105
9912,偉聯,11,0,11,群益金鼎-高盛,2024-05-14,9105
2618,長榮航,30,19,11,群益金鼎-高盛,2024-05-14,9105
2390,云辰,10,0,10,群益金鼎-高盛,2024-05-14,9105
8299,群聯,10,1,9,群益金鼎-高盛,2024-05-14,9105
2065,世豐,9,0,9,群益金鼎-高盛,2024-05-14,9105
6235,華孚,9,0,9,群益金鼎-高盛,2024-05-14,9105
00919,群益台灣精選高息,13,4,9,群益金鼎-高盛,2024-05-14,9105
1608,華榮,14,6,8,群益金鼎-高盛,2024-05-14,9105
2547,日勝生,8,0,8,群益金鼎-高盛,2024-05-14,9105
4746,台耀,8,0,8,群益金鼎-高盛,2024-05-14,9105
5515,建國,8,0,8,群益金鼎-高盛,2024-05-14,9105
2317,鴻海,17,9,8,群益金鼎-高盛,2024-05-14,9105
3706,神達,14,7,7,群益金鼎-高盛,2024-05-14,9105
3005,神基,13,6,7,群益金鼎-高盛,2024-05-14,9105
2313,華通,7,0,7,群益金鼎-高盛,2024-05-14,9105
3062,建漢,12,5,7,群益金鼎-高盛,2024-05-14,9105
1609,大亞,13,7,6,群益金鼎-高盛,2024-05-14,9105
1313,聯成,6,0,6,群益金鼎-高盛,2024-05-14,9105
4536,拓凱,7,1,6,群益金鼎-高盛,2024-05-14,9105
1611,中電,5,0,5,群益金鼎-高盛,2024-05-14,9105
3703,欣陸,7,2,5,群益金鼎-高盛,2024-05-14,9105
2329,華泰,6,1,5,群益金鼎-高盛,2024-05-14,9105
6807,峰源-KY,6,1,5,群益金鼎-高盛,2024-05-14,9105
1905,華紙,5,0,5,群益金鼎-高盛,2024-05-14,9105
2836,高雄銀,5,0,5,群益金鼎-高盛,2024-05-14,9105
00933B,國泰10Y+金融債,252,0,252,群益金鼎-高盛,2024-05-15,9105
9949,琉園,150,0,150,群益金鼎-高盛,2024-05-15,9105
00937B,群益ESG投等債20,108,0,108,群益金鼎-高盛,2024-05-15,9105
00929,復華台灣科技優息,137,51,86,群益金鼎-高盛,2024-05-15,9105
00632R,元大台灣50反1,150,79,71,群益金鼎-高盛,2024-05-15,9105
2356,英業達,89,27,62,群益金鼎-高盛,2024-05-15,9105
2836,高雄銀,58,0,58,群益金鼎-高盛,2024-05-15,9105
00919,群益台灣精選高息,50,1,49,群益金鼎-高盛,2024-05-15,9105
00680L,元大美債20正2,39,0,39,群益金鼎-高盛,2024-05-15,9105
9944,新麗,30,0,30,群益金鼎-高盛,2024-05-15,9105
2017,官田鋼,30,5,25,群益金鼎-高盛,2024-05-15,9105
3356,奇偶,37,13,24,群益金鼎-高盛,2024-05-15,9105
2406,國碩,23,5,18,群益金鼎-高盛,2024-05-15,9105
2618,長榮航,23,7,16,群益金鼎-高盛,2024-05-15,9105
8027,鈦昇,15,0,15,群益金鼎-高盛,2024-05-15,9105
3706,神達,26,12,14,群益金鼎-高盛,2024-05-15,9105
6443,元晶,45,31,14,群益金鼎-高盛,2024-05-15,9105
00940,元大台灣價值高息,13,0,13,群益金鼎-高盛,2024-05-15,9105
2323,中環,23,10,13,群益金鼎-高盛,2024-05-15,9105
6125,廣運,16,4,12,群益金鼎-高盛,2024-05-15,9105
2605,新興,31,19,12,群益金鼎-高盛,2024-05-15,9105
00715L,期街口布蘭特正2,10,0,10,群益金鼎-高盛,2024-05-15,9105
1316,上曜,10,0,10,群益金鼎-高盛,2024-05-15,9105
2402,毅嘉,10,0,10,群益金鼎-高盛,2024-05-15,9105
2855,統一證,10,0,10,群益金鼎-高盛,2024-05-15,9105
3481,群創,40,30,10,群益金鼎-高盛,2024-05-15,9105
5864,致和證,10,0,10,群益金鼎-高盛,2024-05-15,9105
6026,福邦證,10,0,10,群益金鼎-高盛,2024-05-15,9105
6246,臺龍,10,0,10,群益金鼎-高盛,2024-05-15,9105
6282,康舒,10,0,10,群益金鼎-高盛,2024-05-15,9105
7402,邑錡,12,2,10,群益金鼎-高盛,2024-05-15,9105
2371,大同,12,3,9,群益金鼎-高盛,2024-05-15,9105
00936,台新永續高息中小,9,0,9,群益金鼎-高盛,2024-05-15,9105
00932,兆豐永續高息等權,9,0,9,群益金鼎-高盛,2024-05-15,9105
1442,名軒,10,1,9,群益金鼎-高盛,2024-05-15,9105
1529,樂事綠能,10,1,9,群益金鼎-高盛,2024-05-15,9105
2324,仁寶,12,3,9,群益金鼎-高盛,2024-05-15,9105
4543,萬在,11,2,9,群益金鼎-高盛,2024-05-15,9105
2359,所羅門,14,5,9,群益金鼎-高盛,2024-05-15,9105
1711,永光,8,0,8,群益金鼎-高盛,2024-05-15,9105
3044,健鼎,8,0,8,群益金鼎-高盛,2024-05-15,9105
5493,三聯,8,0,8,群益金鼎-高盛,2024-05-15,9105
00915,凱基優選高股息30,8,0,8,群益金鼎-高盛,2024-05-15,9105
2603,長榮,25,18,7,群益金鼎-高盛,2024-05-15,9105
1522,堤維西,29,22,7,群益金鼎-高盛,2024-05-15,9105
8163,達方,7,0,7,群益金鼎-高盛,2024-05-15,9105
2492,華新科,7,1,6,群益金鼎-高盛,2024-05-15,9105
6414,樺漢,9,3,6,群益金鼎-高盛,2024-05-15,9105
1504,東元,6,0,6,群益金鼎-高盛,2024-05-15,9105
2405,輔信,35,29,6,群益金鼎-高盛,2024-05-15,9105
00937B,群益ESG投等債20,290,61,229,群益金鼎-高盛,2024-05-16,9105
00680L,元大美債20正2,81,5,76,群益金鼎-高盛,2024-05-16,9105
00940,元大台灣價值高息,72,10,62,群益金鼎-高盛,2024-05-16,9105
2408,南亞科,54,4,50,群益金鼎-高盛,2024-05-16,9105
2382,廣達,74,30,44,群益金鼎-高盛,2024-05-16,9105
2356,英業達,53,16,37,群益金鼎-高盛,2024-05-16,9105
2301,光寶科,33,1,32,群益金鼎-高盛,2024-05-16,9105
00942B,台新美A公司債20+,30,0,30,群益金鼎-高盛,2024-05-16,9105
5469,瀚宇博,27,1,26,群益金鼎-高盛,2024-05-16,9105
6265,方土昶,30,4,26,群益金鼎-高盛,2024-05-16,9105
8299,群聯,25,1,24,群益金鼎-高盛,2024-05-16,9105
2354,鴻準,34,10,24,群益金鼎-高盛,2024-05-16,9105
9944,新麗,20,0,20,群益金鼎-高盛,2024-05-16,9105
3033,威健,20,5,15,群益金鼎-高盛,2024-05-16,9105
3231,緯創,29,14,15,群益金鼎-高盛,2024-05-16,9105
2329,華泰,20,6,14,群益金鼎-高盛,2024-05-16,9105
5351,鈺創,17,3,14,群益金鼎-高盛,2024-05-16,9105
3005,神基,12,0,12,群益金鼎-高盛,2024-05-16,9105
4561,健椿,13,1,12,群益金鼎-高盛,2024-05-16,9105
8071,能率網通,12,0,12,群益金鼎-高盛,2024-05-16,9105
8358,金居,26,15,11,群益金鼎-高盛,2024-05-16,9105
2371,大同,12,1,11,群益金鼎-高盛,2024-05-16,9105
1608,華榮,23,12,11,群益金鼎-高盛,2024-05-16,9105
00878,國泰永續高股息,15,4,11,群益金鼎-高盛,2024-05-16,9105
3227,原相,12,2,10,群益金鼎-高盛,2024-05-16,9105
1314,中石化,15,6,9,群益金鼎-高盛,2024-05-16,9105
2365,昆盈,69,60,9,群益金鼎-高盛,2024-05-16,9105
3017,奇鋐,9,0,9,群益金鼎-高盛,2024-05-16,9105
1609,大亞,8,0,8,群益金鼎-高盛,2024-05-16,9105
00712,復華富時不動產,11,3,8,群益金鼎-高盛,2024-05-16,9105
00669R,國泰美國道瓊反1,8,0,8,群益金鼎-高盛,2024-05-16,9105
3356,奇偶,10,2,8,群益金鼎-高盛,2024-05-16,9105
1711,永光,7,0,7,群益金鼎-高盛,2024-05-16,9105
2429,銘旺科,7,0,7,群益金鼎-高盛,2024-05-16,9105
8111,立��,13,6,7,群益金鼎-高盛,2024-05-16,9105
1316,上曜,6,0,6,群益金鼎-高盛,2024-05-16,9105
1442,名軒,8,2,6,群益金鼎-高盛,2024-05-16,9105
3287,廣寰科,6,0,6,群益金鼎-高盛,2024-05-16,9105
6152,百一,6,0,6,群益金鼎-高盛,2024-05-16,9105
8070,長華*,6,0,6,群益金鼎-高盛,2024-05-16,9105
3605,宏致,11,5,6,群益金鼎-高盛,2024-05-16,9105
2204,中華,5,0,5,群益金鼎-高盛,2024-05-16,9105
1229,聯華,5,0,5,群益金鼎-高盛,2024-05-16,9105
2312,金寶,8,3,5,群益金鼎-高盛,2024-05-16,9105
1455,集盛,5,0,5,群益金鼎-高盛,2024-05-16,9105
2337,旺宏,5,0,5,群益金鼎-高盛,2024-05-16,9105
2880,華南金,7,2,5,群益金鼎-高盛,2024-05-16,9105
3276,宇環,5,0,5,群益金鼎-高盛,2024-05-16,9105
3702,大聯大,5,0,5,群益金鼎-高盛,2024-05-16,9105
3712,永崴投控,5,0,5,群益金鼎-高盛,2024-05-16,9105
00929,復華台灣科技優息,622,3,619,群益金鼎-高盛,2024-05-17,9105
00940,元大台灣價值高息,116,0,116,群益金鼎-高盛,2024-05-17,9105
00919,群益台灣精選高息,69,10,59,群益金鼎-高盛,2024-05-17,9105
2408,南亞科,58,0,58,群益金鼎-高盛,2024-05-17,9105
2363,矽統,106,56,50,群益金鼎-高盛,2024-05-17,9105
1718,中纖,50,0,50,群益金鼎-高盛,2024-05-17,9105
2330,台積電,54,9,45,群益金鼎-高盛,2024-05-17,9105
00665L,富邦�琤肭磪囓�2,40,0,40,群益金鼎-高盛,2024-05-17,9105
00637L,元大滬深300正2,76,37,39,群益金鼎-高盛,2024-05-17,9105
2867,三商壽,55,18,37,群益金鼎-高盛,2024-05-17,9105
5392,能率,60,25,35,群益金鼎-高盛,2024-05-17,9105
2349,錸德,41,10,31,群益金鼎-高盛,2024-05-17,9105
2515,中工,38,7,31,群益金鼎-高盛,2024-05-17,9105
2911,麗嬰房,30,0,30,群益金鼎-高盛,2024-05-17,9105
2312,金寶,43,13,30,群益金鼎-高盛,2024-05-17,9105
1402,遠東新,30,1,29,群益金鼎-高盛,2024-05-17,9105
00878,國泰永續高股息,31,4,27,群益金鼎-高盛,2024-05-17,9105
00946,群益科技高息成長,198,171,27,群益金鼎-高盛,2024-05-17,9105
2017,官田鋼,25,0,25,群益金鼎-高盛,2024-05-17,9105
00733,富邦臺灣中小,20,0,20,群益金鼎-高盛,2024-05-17,9105
00944,野村趨勢動能高息,20,0,20,群益金鼎-高盛,2024-05-17,9105
3312,弘憶股,73,55,18,群益金鼎-高盛,2024-05-17,9105
2367,燿華,72,55,17,群益金鼎-高盛,2024-05-17,9105
2618,長榮航,59,42,17,群益金鼎-高盛,2024-05-17,9105
4114,健喬,15,0,15,群益金鼎-高盛,2024-05-17,9105
2323,中環,20,6,14,群益金鼎-高盛,2024-05-17,9105
4949,有成精密,13,0,13,群益金鼎-高盛,2024-05-17,9105
2317,鴻海,17,5,12,群益金鼎-高盛,2024-05-17,9105
4952,凌通,14,2,12,群益金鼎-高盛,2024-05-17,9105
2417,圓剛,18,6,12,群益金鼎-高盛,2024-05-17,9105
3059,華晶科,19,7,12,群益金鼎-高盛,2024-05-17,9105
1304,台聚,10,0,10,群益金鼎-高盛,2024-05-17,9105
1460,宏遠,10,0,10,群益金鼎-高盛,2024-05-17,9105
1522,堤維西,11,1,10,群益金鼎-高盛,2024-05-17,9105
4960,誠美材,10,0,10,群益金鼎-高盛,2024-05-17,9105
6016,康和證,10,0,10,群益金鼎-高盛,2024-05-17,9105
3356,奇偶,13,3,10,群益金鼎-高盛,2024-05-17,9105
2362,藍天,12,3,9,群益金鼎-高盛,2024-05-17,9105
2547,日勝生,18,9,9,群益金鼎-高盛,2024-05-17,9105
3363,上詮,14,5,9,群益金鼎-高盛,2024-05-17,9105
9934,成霖,10,1,9,群益金鼎-高盛,2024-05-17,9105
6592,和潤企業,9,0,9,群益金鼎-高盛,2024-05-17,9105
3060,銘異,49,41,8,群益金鼎-高盛,2024-05-17,9105
1517,利奇,10,3,7,群益金鼎-高盛,2024-05-17,9105
2356,英業達,16,9,7,群益金鼎-高盛,2024-05-17,9105
2903,遠百,7,0,7,群益金鼎-高盛,2024-05-17,9105
8299,群聯,6,0,6,群益金鼎-高盛,2024-05-17,9105
00673R,期元大S＆P原油反1,6,0,6,群益金鼎-高盛,2024-05-17,9105
2474,可成,6,0,6,群益金鼎-高盛,2024-05-17,9105
2606,裕民,7,1,6,群益金鼎-高盛,2024-05-17,9105
00929,復華台灣科技優息,891,330,561,群益金鼎-高盛,2024-05-20,9105
9949,琉園,200,0,200,群益金鼎-高盛,2024-05-20,9105
2515,中工,55,0,55,群益金鼎-高盛,2024-05-20,9105
00764B,群益25年美債,52,10,42,群益金鼎-高盛,2024-05-20,9105
00915,凱基優選高股息30,40,0,40,群益金鼎-高盛,2024-05-20,9105
2867,三商壽,48,10,38,群益金鼎-高盛,2024-05-20,9105
00937B,群益ESG投等債20,35,0,35,群益金鼎-高盛,2024-05-20,9105
6265,方土昶,33,0,33,群益金鼎-高盛,2024-05-20,9105
5009,榮剛,38,6,32,群益金鼎-高盛,2024-05-20,9105
2352,佳世達,30,2,28,群益金鼎-高盛,2024-05-20,9105
2065,世豐,27,0,27,群益金鼎-高盛,2024-05-20,9105
3360,尚立,29,3,26,群益金鼎-高盛,2024-05-20,9105
00679B,元大美債20年,23,0,23,群益金鼎-高盛,2024-05-20,9105
4720,德淵,20,0,20,群益金鼎-高盛,2024-05-20,9105
5356,協益,20,0,20,群益金鼎-高盛,2024-05-20,9105
3689,湧德,21,2,19,群益金鼎-高盛,2024-05-20,9105
2330,台積電,39,21,18,群益金鼎-高盛,2024-05-20,9105
8033,雷虎,19,1,18,群益金鼎-高盛,2024-05-20,9105
2317,鴻海,22,5,17,群益金鼎-高盛,2024-05-20,9105
1618,合機,22,7,15,群益金鼎-高盛,2024-05-20,9105
1609,大亞,21,7,14,群益金鼎-高盛,2024-05-20,9105
3231,緯創,12,0,12,群益金鼎-高盛,2024-05-20,9105
2382,廣達,11,0,11,群益金鼎-高盛,2024-05-20,9105
2363,矽統,96,85,11,群益金鼎-高盛,2024-05-20,9105
1103,嘉泥,10,0,10,群益金鼎-高盛,2024-05-20,9105
2329,華泰,10,0,10,群益金鼎-高盛,2024-05-20,9105
3017,奇鋐,11,1,10,群益金鼎-高盛,2024-05-20,9105
6271,同欣電,10,0,10,群益金鼎-高盛,2024-05-20,9105
912000,晨訊科-DR,10,0,10,群益金鼎-高盛,2024-05-20,9105
2340,台亞,9,0,9,群益金鼎-高盛,2024-05-20,9105
2017,官田鋼,10,1,9,群益金鼎-高盛,2024-05-20,9105
2359,所羅門,52,43,9,群益金鼎-高盛,2024-05-20,9105
3490,單井,16,7,9,群益金鼎-高盛,2024-05-20,9105
1711,永光,8,0,8,群益金鼎-高盛,2024-05-20,9105
2442,新美齊,35,28,7,群益金鼎-高盛,2024-05-20,9105
3450,聯鈞,24,17,7,群益金鼎-高盛,2024-05-20,9105
2467,志聖,8,1,7,群益金鼎-高盛,2024-05-20,9105
2014,中鴻,29,22,7,群益金鼎-高盛,2024-05-20,9105
3324,雙鴻,8,1,7,群益金鼎-高盛,2024-05-20,9105
5355,佳總,7,0,7,群益金鼎-高盛,2024-05-20,9105
8028,昇陽半導體,8,1,7,群益金鼎-高盛,2024-05-20,9105
3294,英濟,12,5,7,群益金鼎-高盛,2024-05-20,9105
2371,大同,30,24,6,群益金鼎-高盛,2024-05-20,9105
2355,敬鵬,6,0,6,群益金鼎-高盛,2024-05-20,9105
5351,鈺創,7,1,6,群益金鼎-高盛,2024-05-20,9105
6443,元晶,16,10,6,群益金鼎-高盛,2024-05-20,9105
8942,森鉅,6,0,6,群益金鼎-高盛,2024-05-20,9105
4533,協易機,11,6,5,群益金鼎-高盛,2024-05-20,9105
1611,中電,5,0,5,群益金鼎-高盛,2024-05-20,9105
3715,定穎投控,5,0,5,群益金鼎-高盛,2024-05-20,9105
00929,復華台灣科技優息,212,0,212,群益金鼎-高盛,2024-05-21,9105
00665L,富邦�琤肭磪囓�2,110,0,110,群益金鼎-高盛,2024-05-21,9105
6770,力積電,102,2,100,群益金鼎-高盛,2024-05-21,9105
2027,大成鋼,108,14,94,群益金鼎-高盛,2024-05-21,9105
00937B,群益ESG投等債20,72,0,72,群益金鼎-高盛,2024-05-21,9105
2065,世豐,56,0,56,群益金鼎-高盛,2024-05-21,9105
3312,弘憶股,39,6,33,群益金鼎-高盛,2024-05-21,9105
2610,華航,55,23,32,群益金鼎-高盛,2024-05-21,9105
3360,尚立,31,5,26,群益金鼎-高盛,2024-05-21,9105
2481,強茂,24,0,24,群益金鼎-高盛,2024-05-21,9105
4562,穎漢,24,0,24,群益金鼎-高盛,2024-05-21,9105
2312,金寶,29,6,23,群益金鼎-高盛,2024-05-21,9105
2241,艾姆勒,35,13,22,群益金鼎-高盛,2024-05-21,9105
2890,永豐金,31,10,21,群益金鼎-高盛,2024-05-21,9105
2506,太設,20,0,20,群益金鼎-高盛,2024-05-21,9105
2317,鴻海,21,2,19,群益金鼎-高盛,2024-05-21,9105
2618,長榮航,47,28,19,群益金鼎-高盛,2024-05-21,9105
8064,東捷,20,3,17,群益金鼎-高盛,2024-05-21,9105
01010T,京城樂富R1,16,0,16,群益金鼎-高盛,2024-05-21,9105
00632R,元大台灣50反1,36,20,16,群益金鼎-高盛,2024-05-21,9105
2329,華泰,21,5,16,群益金鼎-高盛,2024-05-21,9105
3033,威健,24,8,16,群益金鼎-高盛,2024-05-21,9105
2458,義隆,15,0,15,群益金鼎-高盛,2024-05-21,9105
2888,新光金,15,0,15,群益金鼎-高盛,2024-05-21,9105
2467,志聖,17,3,14,群益金鼎-高盛,2024-05-21,9105
3059,華晶科,24,10,14,群益金鼎-高盛,2024-05-21,9105
00878,國泰永續高股息,13,0,13,群益金鼎-高盛,2024-05-21,9105
1784,訊聯,13,0,13,群益金鼎-高盛,2024-05-21,9105
6116,彩晶,13,1,12,群益金鼎-高盛,2024-05-21,9105
2605,新興,17,6,11,群益金鼎-高盛,2024-05-21,9105
6265,方土昶,11,0,11,群益金鼎-高盛,2024-05-21,9105
00733,富邦臺灣中小,25,15,10,群益金鼎-高盛,2024-05-21,9105
3188,鑫龍騰,13,3,10,群益金鼎-高盛,2024-05-21,9105
3313,斐成,11,1,10,群益金鼎-高盛,2024-05-21,9105
3564,其陽,19,9,10,群益金鼎-高盛,2024-05-21,9105
9912,偉聯,10,0,10,群益金鼎-高盛,2024-05-21,9105
9944,新麗,10,0,10,群益金鼎-高盛,2024-05-21,9105
2834,臺企銀,10,1,9,群益金鼎-高盛,2024-05-21,9105
00713,元大台灣高息低波,9,0,9,群益金鼎-高盛,2024-05-21,9105
2353,宏��,21,12,9,群益金鼎-高盛,2024-05-21,9105
3357,臺慶科,9,0,9,群益金鼎-高盛,2024-05-21,9105
3686,達能,9,0,9,群益金鼎-高盛,2024-05-21,9105
3703,欣陸,9,0,9,群益金鼎-高盛,2024-05-21,9105
6538,倉和,9,0,9,群益金鼎-高盛,2024-05-21,9105
00679B,元大美債20年,9,0,9,群益金鼎-高盛,2024-05-21,9105
2409,友達,8,0,8,群益金鼎-高盛,2024-05-21,9105
4906,正文,8,0,8,群益金鼎-高盛,2024-05-21,9105
2382,廣達,9,1,8,群益金鼎-高盛,2024-05-21,9105
2002,中鋼,7,0,7,群益金鼎-高盛,2024-05-21,9105
8033,雷虎,7,0,7,群益金鼎-高盛,2024-05-21,9105
3481,群創,466,43,423,群益金鼎-高盛,2024-05-22,9105
2409,友達,244,16,228,群益金鼎-高盛,2024-05-22,9105
9949,琉園,205,0,205,群益金鼎-高盛,2024-05-22,9105
2504,國產,147,0,147,群益金鼎-高盛,2024-05-22,9105
00632R,元大台灣50反1,140,12,128,群益金鼎-高盛,2024-05-22,9105
3013,晟銘電,107,52,55,群益金鼎-高盛,2024-05-22,9105
00937B,群益ESG投等債20,50,1,49,群益金鼎-高盛,2024-05-22,9105
00915,凱基優選高股息30,35,0,35,群益金鼎-高盛,2024-05-22,9105
1905,華紙,21,0,21,群益金鼎-高盛,2024-05-22,9105
2442,新美齊,21,1,20,群益金鼎-高盛,2024-05-22,9105
2317,鴻海,30,14,16,群益金鼎-高盛,2024-05-22,9105
4533,協易機,24,8,16,群益金鼎-高盛,2024-05-22,9105
1784,訊聯,16,0,16,群益金鼎-高盛,2024-05-22,9105
2365,昆盈,24,8,16,群益金鼎-高盛,2024-05-22,9105
1752,南光,26,11,15,群益金鼎-高盛,2024-05-22,9105
2545,皇翔,15,0,15,群益金鼎-高盛,2024-05-22,9105
5443,均豪,17,2,15,群益金鼎-高盛,2024-05-22,9105
3024,憶聲,20,6,14,群益金鼎-高盛,2024-05-22,9105
8070,長華*,14,0,14,群益金鼎-高盛,2024-05-22,9105
2065,世豐,13,0,13,群益金鼎-高盛,2024-05-22,9105
6125,廣運,47,34,13,群益金鼎-高盛,2024-05-22,9105
3060,銘異,29,17,12,群益金鼎-高盛,2024-05-22,9105
00905,FT臺灣Smart,12,0,12,群益金鼎-高盛,2024-05-22,9105
3059,華晶科,16,4,12,群益金鼎-高盛,2024-05-22,9105
5426,振發,19,7,12,群益金鼎-高盛,2024-05-22,9105
2402,毅嘉,13,2,11,群益金鼎-高盛,2024-05-22,9105
3231,緯創,23,12,11,群益金鼎-高盛,2024-05-22,9105
9955,佳龍,24,14,10,群益金鼎-高盛,2024-05-22,9105
1304,台聚,10,0,10,群益金鼎-高盛,2024-05-22,9105
1444,力麗,10,0,10,群益金鼎-高盛,2024-05-22,9105
2489,瑞軒,19,9,10,群益金鼎-高盛,2024-05-22,9105
5864,致和證,10,0,10,群益金鼎-高盛,2024-05-22,9105
6443,元晶,10,0,10,群益金鼎-高盛,2024-05-22,9105
00665L,富邦�琤肭磪囓�2,10,0,10,群益金鼎-高盛,2024-05-22,9105
6206,飛捷,12,3,9,群益金鼎-高盛,2024-05-22,9105
2354,鴻準,14,5,9,群益金鼎-高盛,2024-05-22,9105
3047,訊舟,25,16,9,群益金鼎-高盛,2024-05-22,9105
6509,聚和,8,0,8,群益金鼎-高盛,2024-05-22,9105
2002,中鋼,10,2,8,群益金鼎-高盛,2024-05-22,9105
2014,中鴻,9,1,8,群益金鼎-高盛,2024-05-22,9105
2884,玉山金,8,0,8,群益金鼎-高盛,2024-05-22,9105
6104,創惟,8,0,8,群益金鼎-高盛,2024-05-22,9105
1605,華新,10,3,7,群益金鼎-高盛,2024-05-22,9105
2890,永豐金,8,1,7,群益金鼎-高盛,2024-05-22,9105
2603,長榮,10,3,7,群益金鼎-高盛,2024-05-22,9105
1409,新纖,7,0,7,群益金鼎-高盛,2024-05-22,9105
1301,台塑,8,1,7,群益金鼎-高盛,2024-05-22,9105
2062,橋椿,7,0,7,群益金鼎-高盛,2024-05-22,9105
2889,國票金,7,0,7,群益金鼎-高盛,2024-05-22,9105
1303,南亞,6,0,6,群益金鼎-高盛,2024-05-22,9105
3537,堡達,120,2,118,群益金鼎-高盛,2024-05-23,9105
00937B,群益ESG投等債20,68,11,57,群益金鼎-高盛,2024-05-23,9105
2537,聯上發,68,14,54,群益金鼎-高盛,2024-05-23,9105
4513,福裕,46,0,46,群益金鼎-高盛,2024-05-23,9105
00637L,元大滬深300正2,40,1,39,群益金鼎-高盛,2024-05-23,9105
00632R,元大台灣50反1,30,0,30,群益金鼎-高盛,2024-05-23,9105
1444,力麗,30,0,30,群益金鼎-高盛,2024-05-23,9105
3024,憶聲,30,0,30,群益金鼎-高盛,2024-05-23,9105
5498,凱崴,53,23,30,群益金鼎-高盛,2024-05-23,9105
6197,佳必琪,38,8,30,群益金鼎-高盛,2024-05-23,9105
2065,世豐,28,0,28,群益金鼎-高盛,2024-05-23,9105
3490,單井,28,0,28,群益金鼎-高盛,2024-05-23,9105
4906,正文,31,3,28,群益金鼎-高盛,2024-05-23,9105
2101,南港,32,5,27,群益金鼎-高盛,2024-05-23,9105
2353,宏��,68,43,25,群益金鼎-高盛,2024-05-23,9105
2618,長榮航,86,62,24,群益金鼎-高盛,2024-05-23,9105
2324,仁寶,74,50,24,群益金鼎-高盛,2024-05-23,9105
2609,陽明,29,6,23,群益金鼎-高盛,2024-05-23,9105
00919,群益台灣精選高息,26,3,23,群益金鼎-高盛,2024-05-23,9105
2002,中鋼,22,1,21,群益金鼎-高盛,2024-05-23,9105
00733,富邦臺灣中小,35,15,20,群益金鼎-高盛,2024-05-23,9105
00650L,復華香港正2,70,50,20,群益金鼎-高盛,2024-05-23,9105
2515,中工,24,4,20,群益金鼎-高盛,2024-05-23,9105
5521,工信,20,1,19,群益金鼎-高盛,2024-05-23,9105
00715L,期街口布蘭特正2,19,0,19,群益金鼎-高盛,2024-05-23,9105
8064,東捷,21,2,19,群益金鼎-高盛,2024-05-23,9105
2356,英業達,16,0,16,群益金鼎-高盛,2024-05-23,9105
00679B,元大美債20年,25,10,15,群益金鼎-高盛,2024-05-23,9105
2376,技嘉,15,1,14,群益金鼎-高盛,2024-05-23,9105
1316,上曜,13,0,13,群益金鼎-高盛,2024-05-23,9105
1905,華紙,12,0,12,群益金鼎-高盛,2024-05-23,9105
1605,華新,14,3,11,群益金鼎-高盛,2024-05-23,9105
4903,聯光通,12,1,11,群益金鼎-高盛,2024-05-23,9105
6209,今國光,24,13,11,群益金鼎-高盛,2024-05-23,9105
4532,瑞智,13,2,11,群益金鼎-高盛,2024-05-23,9105
1313,聯成,10,0,10,群益金鼎-高盛,2024-05-23,9105
6147,頎邦,10,0,10,群益金鼎-高盛,2024-05-23,9105
2465,麗臺,14,4,10,群益金鼎-高盛,2024-05-23,9105
6170,統振,10,0,10,群益金鼎-高盛,2024-05-23,9105
912000,晨訊科-DR,10,0,10,群益金鼎-高盛,2024-05-23,9105
2834,臺企銀,9,0,9,群益金鼎-高盛,2024-05-23,9105
3312,弘憶股,19,10,9,群益金鼎-高盛,2024-05-23,9105
5371,中光電,26,17,9,群益金鼎-高盛,2024-05-23,9105
2883,凱基金,11,3,8,群益金鼎-高盛,2024-05-23,9105
2880,華南金,10,2,8,群益金鼎-高盛,2024-05-23,9105
2440,太空梭,8,0,8,群益金鼎-高盛,2024-05-23,9105
4976,佳凌,14,6,8,群益金鼎-高盛,2024-05-23,9105
6265,方土昶,8,0,8,群益金鼎-高盛,2024-05-23,9105
2476,鉅祥,8,1,7,群益金鼎-高盛,2024-05-23,9105
2483,百容,14,7,7,群益金鼎-高盛,2024-05-23,9105
5880,合庫金,203,0,203,群益金鼎-高盛,2024-05-24,9105
9949,琉園,202,0,202,群益金鼎-高盛,2024-05-24,9105
00937B,群益ESG投等債20,153,0,153,群益金鼎-高盛,2024-05-24,9105
00665L,富邦�琤肭磪囓�2,111,0,111,群益金鼎-高盛,2024-05-24,9105
00632R,元大台灣50反1,51,0,51,群益金鼎-高盛,2024-05-24,9105
9910,豐泰,50,0,50,群益金鼎-高盛,2024-05-24,9105
2363,矽統,84,42,42,群益金鼎-高盛,2024-05-24,9105
2022,聚亨,40,0,40,群益金鼎-高盛,2024-05-24,9105
2891,中信金,37,1,36,群益金鼎-高盛,2024-05-24,9105
2440,太空梭,30,1,29,群益金鼎-高盛,2024-05-24,9105
2002,中鋼,30,4,26,群益金鼎-高盛,2024-05-24,9105
2892,第一金,25,0,25,群益金鼎-高盛,2024-05-24,9105
00929,復華台灣科技優息,24,3,21,群益金鼎-高盛,2024-05-24,9105
9919,康那香,20,0,20,群益金鼎-高盛,2024-05-24,9105
1516,川飛,25,6,19,群益金鼎-高盛,2024-05-24,9105
2371,大同,39,22,17,群益金鼎-高盛,2024-05-24,9105
8093,保銳,17,0,17,群益金鼎-高盛,2024-05-24,9105
00712,復華富時不動產,16,0,16,群益金鼎-高盛,2024-05-24,9105
2065,世豐,16,0,16,群益金鼎-高盛,2024-05-24,9105
1514,亞力,18,3,15,群益金鼎-高盛,2024-05-24,9105
2025,千興,20,5,15,群益金鼎-高盛,2024-05-24,9105
2027,大成鋼,14,0,14,群益金鼎-高盛,2024-05-24,9105
2501,國建,15,1,14,群益金鼎-高盛,2024-05-24,9105
00933B,國泰10Y+金融債,22,8,14,群益金鼎-高盛,2024-05-24,9105
2883,凱基金,13,0,13,群益金鼎-高盛,2024-05-24,9105
00713,元大台灣高息低波,13,0,13,群益金鼎-高盛,2024-05-24,9105
3356,奇偶,21,8,13,群益金鼎-高盛,2024-05-24,9105
3481,群創,17,4,13,群益金鼎-高盛,2024-05-24,9105
6234,高僑,12,0,12,群益金鼎-高盛,2024-05-24,9105
2399,映泰,12,0,12,群益金鼎-高盛,2024-05-24,9105
2406,國碩,15,3,12,群益金鼎-高盛,2024-05-24,9105
6147,頎邦,12,0,12,群益金鼎-高盛,2024-05-24,9105
2618,長榮航,19,8,11,群益金鼎-高盛,2024-05-24,9105
00679B,元大美債20年,10,0,10,群益金鼎-高盛,2024-05-24,9105
3038,全台,10,0,10,群益金鼎-高盛,2024-05-24,9105
1309,台達化,10,0,10,群益金鼎-高盛,2024-05-24,9105
2498,宏達電,10,0,10,群益金鼎-高盛,2024-05-24,9105
00882,中信中國高股息,12,2,10,群益金鼎-高盛,2024-05-24,9105
1337,再生-KY,10,0,10,群益金鼎-高盛,2024-05-24,9105
1611,中電,10,0,10,群益金鼎-高盛,2024-05-24,9105
2014,中鴻,14,4,10,群益金鼎-高盛,2024-05-24,9105
2354,鴻準,19,9,10,群益金鼎-高盛,2024-05-24,9105
2421,建準,15,5,10,群益金鼎-高盛,2024-05-24,9105
00733,富邦臺灣中小,20,11,9,群益金鼎-高盛,2024-05-24,9105
2349,錸德,9,0,9,群益金鼎-高盛,2024-05-24,9105
1301,台塑,9,1,8,群益金鼎-高盛,2024-05-24,9105
1815,富喬,40,32,8,群益金鼎-高盛,2024-05-24,9105
00878,國泰永續高股息,8,0,8,群益金鼎-高盛,2024-05-24,9105
5876,上海商銀,7,0,7,群益金鼎-高盛,2024-05-24,9105
8213,志超,7,0,7,群益金鼎-高盛,2024-05-24,9105
00937B,群益ESG投等債20,172,0,172,群益金鼎-高盛,2024-05-27,9105
9105,泰金寶-DR,134,16,118,群益金鼎-高盛,2024-05-27,9105
2353,宏��,135,40,95,群益金鼎-高盛,2024-05-27,9105
3481,群創,97,15,82,群益金鼎-高盛,2024-05-27,9105
00632R,元大台灣50反1,129,48,81,群益金鼎-高盛,2024-05-27,9105
2409,友達,72,4,68,群益金鼎-高盛,2024-05-27,9105
3013,晟銘電,86,24,62,群益金鼎-高盛,2024-05-27,9105
2330,台積電,54,3,51,群益金鼎-高盛,2024-05-27,9105
3231,緯創,62,14,48,群益金鼎-高盛,2024-05-27,9105
2610,華航,56,10,46,群益金鼎-高盛,2024-05-27,9105
2363,矽統,126,88,38,群益金鼎-高盛,2024-05-27,9105
1314,中石化,31,4,27,群益金鼎-高盛,2024-05-27,9105
1316,上曜,22,0,22,群益金鼎-高盛,2024-05-27,9105
2009,第一銅,21,1,20,群益金鼎-高盛,2024-05-27,9105
2515,中工,20,0,20,群益金鼎-高盛,2024-05-27,9105
3234,光環,22,2,20,群益金鼎-高盛,2024-05-27,9105
3033,威健,30,10,20,群益金鼎-高盛,2024-05-27,9105
3591,艾笛森,16,0,16,群益金鼎-高盛,2024-05-27,9105
5880,合庫金,15,0,15,群益金鼎-高盛,2024-05-27,9105
4949,有成精密,14,0,14,群益金鼎-高盛,2024-05-27,9105
00935,野村臺灣新科技50,13,0,13,群益金鼎-高盛,2024-05-27,9105
2420,新巨,13,0,13,群益金鼎-高盛,2024-05-27,9105
5498,凱崴,20,7,13,群益金鼎-高盛,2024-05-27,9105
6209,今國光,13,1,12,群益金鼎-高盛,2024-05-27,9105
00900,富邦特選高股息30,11,0,11,群益金鼎-高盛,2024-05-27,9105
2412,中華電,11,0,11,群益金鼎-高盛,2024-05-27,9105
3706,神達,16,5,11,群益金鼎-高盛,2024-05-27,9105
8105,凌巨,11,0,11,群益金鼎-高盛,2024-05-27,9105
00712,復華富時不動產,10,0,10,群益金鼎-高盛,2024-05-27,9105
6719,力智,11,1,10,群益金鼎-高盛,2024-05-27,9105
00673R,期元大S＆P原油反1,10,0,10,群益金鼎-高盛,2024-05-27,9105
2241,艾姆勒,13,3,10,群益金鼎-高盛,2024-05-27,9105
2425,承啟,10,0,10,群益金鼎-高盛,2024-05-27,9105
5475,德宏,10,0,10,群益金鼎-高盛,2024-05-27,9105
6120,達運,16,6,10,群益金鼎-高盛,2024-05-27,9105
2329,華泰,11,1,10,群益金鼎-高盛,2024-05-27,9105
1809,中釉,12,3,9,群益金鼎-高盛,2024-05-27,9105
3583,辛耘,9,0,9,群益金鼎-高盛,2024-05-27,9105
2344,華邦電,13,4,9,群益金鼎-高盛,2024-05-27,9105
1514,亞力,8,0,8,群益金鼎-高盛,2024-05-27,9105
2331,精英,8,0,8,群益金鼎-高盛,2024-05-27,9105
4903,聯光通,8,0,8,群益金鼎-高盛,2024-05-27,9105
6235,華孚,8,0,8,群益金鼎-高盛,2024-05-27,9105
2392,正崴,20,12,8,群益金鼎-高盛,2024-05-27,9105
2303,聯電,33,25,8,群益金鼎-高盛,2024-05-27,9105
2359,所羅門,9,2,7,群益金鼎-高盛,2024-05-27,9105
2417,圓剛,13,6,7,群益金鼎-高盛,2024-05-27,9105
3673,TPK-KY,7,0,7,群益金鼎-高盛,2024-05-27,9105
4306,炎洲,7,0,7,群益金鼎-高盛,2024-05-27,9105
5469,瀚宇博,10,3,7,群益金鼎-高盛,2024-05-27,9105
2464,盟立,95,20,75,群益金鼎-高盛,2024-05-28,9105
2330,台積電,58,3,55,群益金鼎-高盛,2024-05-28,9105
2506,太設,50,0,50,群益金鼎-高盛,2024-05-28,9105
2891,中信金,43,2,41,群益金鼎-高盛,2024-05-28,9105
00940,元大台灣價值高息,39,2,37,群益金鼎-高盛,2024-05-28,9105
2409,友達,41,5,36,群益金鼎-高盛,2024-05-28,9105
4903,聯光通,36,1,35,群益金鼎-高盛,2024-05-28,9105
00937B,群益ESG投等債20,36,2,34,群益金鼎-高盛,2024-05-28,9105
1718,中纖,37,5,32,群益金鼎-高盛,2024-05-28,9105
2017,官田鋼,30,0,30,群益金鼎-高盛,2024-05-28,9105
1316,上曜,30,2,28,群益金鼎-高盛,2024-05-28,9105
2609,陽明,47,19,28,群益金鼎-高盛,2024-05-28,9105
1815,富喬,58,34,24,群益金鼎-高盛,2024-05-28,9105
2065,世豐,26,5,21,群益金鼎-高盛,2024-05-28,9105
2354,鴻準,96,80,16,群益金鼎-高盛,2024-05-28,9105
3706,神達,24,8,16,群益金鼎-高盛,2024-05-28,9105
2611,志信,17,1,16,群益金鼎-高盛,2024-05-28,9105
00679B,元大美債20年,15,0,15,群益金鼎-高盛,2024-05-28,9105
2501,國建,20,5,15,群益金鼎-高盛,2024-05-28,9105
2324,仁寶,16,1,15,群益金鼎-高盛,2024-05-28,9105
3372,典範,30,15,15,群益金鼎-高盛,2024-05-28,9105
6244,茂迪,15,0,15,群益金鼎-高盛,2024-05-28,9105
2615,萬海,24,11,13,群益金鼎-高盛,2024-05-28,9105
8021,尖點,13,0,13,群益金鼎-高盛,2024-05-28,9105
8096,擎亞,17,4,13,群益金鼎-高盛,2024-05-28,9105
2301,光寶科,20,8,12,群益金鼎-高盛,2024-05-28,9105
2317,鴻海,18,6,12,群益金鼎-高盛,2024-05-28,9105
1513,中興電,20,8,12,群益金鼎-高盛,2024-05-28,9105
00637L,元大滬深300正2,12,0,12,群益金鼎-高盛,2024-05-28,9105
5512,力麒,13,1,12,群益金鼎-高盛,2024-05-28,9105
6147,頎邦,12,1,11,群益金鼎-高盛,2024-05-28,9105
00946,群益科技高息成長,10,0,10,群益金鼎-高盛,2024-05-28,9105
2610,華航,53,43,10,群益金鼎-高盛,2024-05-28,9105
5498,凱崴,15,6,9,群益金鼎-高盛,2024-05-28,9105
6209,今國光,9,0,9,群益金鼎-高盛,2024-05-28,9105
8064,東捷,40,31,9,群益金鼎-高盛,2024-05-28,9105
6188,廣明,36,28,8,群益金鼎-高盛,2024-05-28,9105
1303,南亞,10,2,8,群益金鼎-高盛,2024-05-28,9105
2371,大同,10,2,8,群益金鼎-高盛,2024-05-28,9105
2440,太空梭,8,0,8,群益金鼎-高盛,2024-05-28,9105
5371,中光電,15,7,8,群益金鼎-高盛,2024-05-28,9105
6005,群益證,8,0,8,群益金鼎-高盛,2024-05-28,9105
2419,仲琦,10,2,8,群益金鼎-高盛,2024-05-28,9105
8112,至上,13,5,8,群益金鼎-高盛,2024-05-28,9105
2383,台光電,7,0,7,群益金鼎-高盛,2024-05-28,9105
00712,復華富時不動產,7,0,7,群益金鼎-高盛,2024-05-28,9105
3031,佰鴻,7,0,7,群益金鼎-高盛,2024-05-28,9105
4503,金雨,9,2,7,群益金鼎-高盛,2024-05-28,9105
8271,宇瞻,7,0,7,群益金鼎-高盛,2024-05-28,9105
2603,長榮,15,9,6,群益金鼎-高盛,2024-05-28,9105
5880,合庫金,507,0,507,群益金鼎-高盛,2024-05-29,9105
3380,明泰,147,45,102,群益金鼎-高盛,2024-05-29,9105
00937B,群益ESG投等債20,154,55,99,群益金鼎-高盛,2024-05-29,9105
00679B,元大美債20年,90,1,89,群益金鼎-高盛,2024-05-29,9105
6550,北極星藥業-KY,63,0,63,群益金鼎-高盛,2024-05-29,9105
00929,復華台灣科技優息,56,1,55,群益金鼎-高盛,2024-05-29,9105
2515,中工,54,8,46,群益金鼎-高盛,2024-05-29,9105
2365,昆盈,39,6,33,群益金鼎-高盛,2024-05-29,9105
2317,鴻海,39,7,32,群益金鼎-高盛,2024-05-29,9105
2892,第一金,26,0,26,群益金鼎-高盛,2024-05-29,9105
00940,元大台灣價值高息,28,2,26,群益金鼎-高盛,2024-05-29,9105
2017,官田鋼,25,0,25,群益金鼎-高盛,2024-05-29,9105
2401,凌陽,65,40,25,群益金鼎-高盛,2024-05-29,9105
2891,中信金,34,10,24,群益金鼎-高盛,2024-05-29,9105
3231,緯創,24,1,23,群益金鼎-高盛,2024-05-29,9105
2419,仲琦,24,3,21,群益金鼎-高盛,2024-05-29,9105
2605,新興,126,105,21,群益金鼎-高盛,2024-05-29,9105
00919,群益台灣精選高息,23,3,20,群益金鼎-高盛,2024-05-29,9105
00753L,中信中國50正2,20,0,20,群益金鼎-高盛,2024-05-29,9105
2482,連宇,20,0,20,群益金鼎-高盛,2024-05-29,9105
2889,國票金,30,10,20,群益金鼎-高盛,2024-05-29,9105
2353,宏��,47,27,20,群益金鼎-高盛,2024-05-29,9105
2618,長榮航,30,11,19,群益金鼎-高盛,2024-05-29,9105
3321,同泰,18,0,18,群益金鼎-高盛,2024-05-29,9105
2409,友達,21,4,17,群益金鼎-高盛,2024-05-29,9105
2610,華航,34,17,17,群益金鼎-高盛,2024-05-29,9105
2887,台新金,17,0,17,群益金鼎-高盛,2024-05-29,9105
6227,茂綸,21,5,16,群益金鼎-高盛,2024-05-29,9105
2330,台積電,18,2,16,群益金鼎-高盛,2024-05-29,9105
2369,菱生,22,7,15,群益金鼎-高盛,2024-05-29,9105
3591,艾笛森,15,0,15,群益金鼎-高盛,2024-05-29,9105
6005,群益證,15,0,15,群益金鼎-高盛,2024-05-29,9105
2883,凱基金,17,3,14,群益金鼎-高盛,2024-05-29,9105
2880,華南金,14,0,14,群益金鼎-高盛,2024-05-29,9105
00946,群益科技高息成長,30,16,14,群益金鼎-高盛,2024-05-29,9105
2367,燿華,43,29,14,群益金鼎-高盛,2024-05-29,9105
3356,奇偶,24,11,13,群益金鼎-高盛,2024-05-29,9105
00680L,元大美債20正2,13,0,13,群益金鼎-高盛,2024-05-29,9105
2601,益航,12,0,12,群益金鼎-高盛,2024-05-29,9105
6120,達運,12,0,12,群益金鼎-高盛,2024-05-29,9105
00918,大華優利高填息30,15,4,11,群益金鼎-高盛,2024-05-29,9105
00632R,元大台灣50反1,11,0,11,群益金鼎-高盛,2024-05-29,9105
00650L,復華香港正2,11,0,11,群益金鼎-高盛,2024-05-29,9105
1503,士電,11,0,11,群益金鼎-高盛,2024-05-29,9105
6284,佳邦,12,1,11,群益金鼎-高盛,2024-05-29,9105
00915,凱基優選高股息30,10,0,10,群益金鼎-高盛,2024-05-29,9105
2352,佳世達,21,11,10,群益金鼎-高盛,2024-05-29,9105
2543,皇昌,12,2,10,群益金鼎-高盛,2024-05-29,9105
4198,欣大健康,10,0,10,群益金鼎-高盛,2024-05-29,9105
6695,芯鼎,10,0,10,群益金鼎-高盛,2024-05-29,9105
5880,合庫金,216,1,215,群益金鼎-高盛,2024-05-30,9105
6269,台郡,138,0,138,群益金鼎-高盛,2024-05-30,9105
2002,中鋼,98,0,98,群益金鼎-高盛,2024-05-30,9105
00929,復華台灣科技優息,145,60,85,群益金鼎-高盛,2024-05-30,9105
00937B,群益ESG投等債20,97,20,77,群益金鼎-高盛,2024-05-30,9105
2408,南亞科,72,0,72,群益金鼎-高盛,2024-05-30,9105
00915,凱基優選高股息30,54,0,54,群益金鼎-高盛,2024-05-30,9105
1609,大亞,54,1,53,群益金鼎-高盛,2024-05-30,9105
6290,良維,56,3,53,群益金鼎-高盛,2024-05-30,9105
00679B,元大美債20年,52,0,52,群益金鼎-高盛,2024-05-30,9105
9910,豐泰,50,0,50,群益金鼎-高盛,2024-05-30,9105
00733,富邦臺灣中小,87,41,46,群益金鼎-高盛,2024-05-30,9105
00946,群益科技高息成長,71,27,44,群益金鼎-高盛,2024-05-30,9105
2324,仁寶,64,25,39,群益金鼎-高盛,2024-05-30,9105
3049,精金,38,0,38,群益金鼎-高盛,2024-05-30,9105
00753L,中信中國50正2,35,0,35,群益金鼎-高盛,2024-05-30,9105
2610,華航,47,12,35,群益金鼎-高盛,2024-05-30,9105
6270,倍微,31,1,30,群益金鼎-高盛,2024-05-30,9105
5258,虹堡,26,0,26,群益金鼎-高盛,2024-05-30,9105
2501,國建,24,0,24,群益金鼎-高盛,2024-05-30,9105
0056,元大高股息,22,0,22,群益金鼎-高盛,2024-05-30,9105
00878,國泰永續高股息,22,0,22,群益金鼎-高盛,2024-05-30,9105
00919,群益台灣精選高息,21,1,20,群益金鼎-高盛,2024-05-30,9105
00882,中信中國高股息,30,10,20,群益金鼎-高盛,2024-05-30,9105
6244,茂迪,20,0,20,群益金鼎-高盛,2024-05-30,9105
2330,台積電,30,10,20,群益金鼎-高盛,2024-05-30,9105
4967,十銓,29,10,19,群益金鼎-高盛,2024-05-30,9105
2489,瑞軒,49,30,19,群益金鼎-高盛,2024-05-30,9105
1815,富喬,89,73,16,群益金鼎-高盛,2024-05-30,9105
4526,東台,16,1,15,群益金鼎-高盛,2024-05-30,9105
00939,統一台灣高息動能,15,1,14,群益金鼎-高盛,2024-05-30,9105
2065,世豐,13,0,13,群益金鼎-高盛,2024-05-30,9105
3321,同泰,24,11,13,群益金鼎-高盛,2024-05-30,9105
6209,今國光,53,40,13,群益金鼎-高盛,2024-05-30,9105
2891,中信金,26,14,12,群益金鼎-高盛,2024-05-30,9105
00637L,元大滬深300正2,223,211,12,群益金鼎-高盛,2024-05-30,9105
3706,神達,15,3,12,群益金鼎-高盛,2024-05-30,9105
4534,慶騰,12,0,12,群益金鼎-高盛,2024-05-30,9105
4906,正文,18,6,12,群益金鼎-高盛,2024-05-30,9105
4562,穎漢,28,16,12,群益金鼎-高盛,2024-05-30,9105
2615,萬海,19,8,11,群益金鼎-高盛,2024-05-30,9105
2359,所羅門,13,2,11,群益金鼎-高盛,2024-05-30,9105
2352,佳世達,13,2,11,群益金鼎-高盛,2024-05-30,9105
4714,永捷,11,0,11,群益金鼎-高盛,2024-05-30,9105
6005,群益證,13,2,11,群益金鼎-高盛,2024-05-30,9105
8928,鉅明,11,0,11,群益金鼎-高盛,2024-05-30,9105
2301,光寶科,15,4,11,群益金鼎-高盛,2024-05-30,9105
2382,廣達,11,1,10,群益金鼎-高盛,2024-05-30,9105
2354,鴻準,27,17,10,群益金鼎-高盛,2024-05-30,9105
6698,旭暉應材,10,0,10,群益金鼎-高盛,2024-05-30,9105
00929,復華台灣科技優息,150,2,148,群益金鼎-高盛,2024-05-31,9105
2609,陽明,148,73,75,群益金鼎-高盛,2024-05-31,9105
00712,復華富時不動產,70,0,70,群益金鼎-高盛,2024-05-31,9105
00946,群益科技高息成長,80,20,60,群益金鼎-高盛,2024-05-31,9105
9945,潤泰新,51,1,50,群益金鼎-高盛,2024-05-31,9105
6125,廣運,62,16,46,群益金鼎-高盛,2024-05-31,9105
00878,國泰永續高股息,45,0,45,群益金鼎-高盛,2024-05-31,9105
2317,鴻海,52,10,42,群益金鼎-高盛,2024-05-31,9105
3049,精金,33,0,33,群益金鼎-高盛,2024-05-31,9105
6290,良維,50,17,33,群益金鼎-高盛,2024-05-31,9105
2409,友達,30,0,30,群益金鼎-高盛,2024-05-31,9105
9907,統一實,30,0,30,群益金鼎-高盛,2024-05-31,9105
2353,宏��,49,20,29,群益金鼎-高盛,2024-05-31,9105
1217,愛之味,30,3,27,群益金鼎-高盛,2024-05-31,9105
2867,三商壽,33,7,26,群益金鼎-高盛,2024-05-31,9105
3231,緯創,33,7,26,群益金鼎-高盛,2024-05-31,9105
4903,聯光通,25,0,25,群益金鼎-高盛,2024-05-31,9105
2328,廣宇,34,10,24,群益金鼎-高盛,2024-05-31,9105
2330,台積電,27,3,24,群益金鼎-高盛,2024-05-31,9105
2002,中鋼,23,0,23,群益金鼎-高盛,2024-05-31,9105
00637L,元大滬深300正2,233,212,21,群益金鼎-高盛,2024-05-31,9105
1809,中釉,20,0,20,群益金鼎-高盛,2024-05-31,9105
2009,第一銅,31,11,20,群益金鼎-高盛,2024-05-31,9105
00940,元大台灣價值高息,19,0,19,群益金鼎-高盛,2024-05-31,9105
8064,東捷,19,0,19,群益金鼎-高盛,2024-05-31,9105
3033,威健,20,2,18,群益金鼎-高盛,2024-05-31,9105
8183,精星,24,7,17,群益金鼎-高盛,2024-05-31,9105
2382,廣達,22,5,17,群益金鼎-高盛,2024-05-31,9105
2329,華泰,16,0,16,群益金鼎-高盛,2024-05-31,9105
3537,堡達,15,0,15,群益金鼎-高盛,2024-05-31,9105
1536,和大,14,0,14,群益金鼎-高盛,2024-05-31,9105
1815,富喬,32,18,14,群益金鼎-高盛,2024-05-31,9105
2301,光寶科,18,5,13,群益金鼎-高盛,2024-05-31,9105
2615,萬海,17,4,13,群益金鼎-高盛,2024-05-31,9105
2504,國產,13,0,13,群益金鼎-高盛,2024-05-31,9105
3321,同泰,35,22,13,群益金鼎-高盛,2024-05-31,9105
3687,歐買尬,16,3,13,群益金鼎-高盛,2024-05-31,9105
2489,瑞軒,23,11,12,群益金鼎-高盛,2024-05-31,9105
2454,聯發科,12,1,11,群益金鼎-高盛,2024-05-31,9105
1326,台化,11,0,11,群益金鼎-高盛,2024-05-31,9105
2882,國泰金,13,2,11,群益金鼎-高盛,2024-05-31,9105
1605,華新,11,0,11,群益金鼎-高盛,2024-05-31,9105
3035,智原,18,7,11,群益金鼎-高盛,2024-05-31,9105
3122,笙泉,29,19,10,群益金鼎-高盛,2024-05-31,9105
1101,台泥,9,0,9,群益金鼎-高盛,2024-05-31,9105
00939,統一台灣高息動能,11,2,9,群益金鼎-高盛,2024-05-31,9105
1587,吉茂,8,0,8,群益金鼎-高盛,2024-05-31,9105
3059,華晶科,22,14,8,群益金鼎-高盛,2024-05-31,9105
8112,至上,10,3,7,群益金鼎-高盛,2024-05-31,9105
2476,鉅祥,7,0,7,群益金鼎-高盛,2024-05-31,9105
00946,群益科技高息成長,152,52,100,群益金鼎-高盛,2024-06-03,9105
2354,鴻準,105,24,81,群益金鼎-高盛,2024-06-03,9105
2610,華航,60,1,59,群益金鼎-高盛,2024-06-03,9105
00919,群益台灣精選高息,59,5,54,群益金鼎-高盛,2024-06-03,9105
2489,瑞軒,63,12,51,群益金鼎-高盛,2024-06-03,9105
00937B,群益ESG投等債20,52,9,43,群益金鼎-高盛,2024-06-03,9105
6265,方土昶,39,0,39,群益金鼎-高盛,2024-06-03,9105
4562,穎漢,45,11,34,群益金鼎-高盛,2024-06-03,9105
00715L,期街口布蘭特正2,37,7,30,群益金鼎-高盛,2024-06-03,9105
1718,中纖,30,1,29,群益金鼎-高盛,2024-06-03,9105
6163,華電網,30,3,27,群益金鼎-高盛,2024-06-03,9105
1460,宏遠,25,0,25,群益金鼎-高盛,2024-06-03,9105
2380,虹光,25,0,25,群益金鼎-高盛,2024-06-03,9105
4533,協易機,61,40,21,群益金鼎-高盛,2024-06-03,9105
2312,金寶,19,1,18,群益金鼎-高盛,2024-06-03,9105
2317,鴻海,28,10,18,群益金鼎-高盛,2024-06-03,9105
00679B,元大美債20年,22,6,16,群益金鼎-高盛,2024-06-03,9105
6270,倍微,23,8,15,群益金鼎-高盛,2024-06-03,9105
2363,矽統,19,4,15,群益金鼎-高盛,2024-06-03,9105
2611,志信,15,0,15,群益金鼎-高盛,2024-06-03,9105
2481,強茂,14,0,14,群益金鼎-高盛,2024-06-03,9105
2867,三商壽,14,0,14,群益金鼎-高盛,2024-06-03,9105
2002,中鋼,14,0,14,群益金鼎-高盛,2024-06-03,9105
00918,大華優利高填息30,13,0,13,群益金鼎-高盛,2024-06-03,9105
5371,中光電,15,3,12,群益金鼎-高盛,2024-06-03,9105
1720,生達,12,0,12,群益金鼎-高盛,2024-06-03,9105
00665L,富邦�琤肭磪囓�2,15,4,11,群益金鼎-高盛,2024-06-03,9105
1303,南亞,15,4,11,群益金鼎-高盛,2024-06-03,9105
2412,中華電,12,1,11,群益金鼎-高盛,2024-06-03,9105
3049,精金,11,0,11,群益金鼎-高盛,2024-06-03,9105
6239,力成,12,1,11,群益金鼎-高盛,2024-06-03,9105
2601,益航,20,10,10,群益金鼎-高盛,2024-06-03,9105
3047,訊舟,22,12,10,群益金鼎-高盛,2024-06-03,9105
3710,連展投控,10,0,10,群益金鼎-高盛,2024-06-03,9105
4155,訊映,20,10,10,群益金鼎-高盛,2024-06-03,9105
5469,瀚宇博,11,1,10,群益金鼎-高盛,2024-06-03,9105
6127,九豪,10,0,10,群益金鼎-高盛,2024-06-03,9105
00637L,元大滬深300正2,358,349,9,群益金鼎-高盛,2024-06-03,9105
2028,威致,9,0,9,群益金鼎-高盛,2024-06-03,9105
3260,威剛,18,9,9,群益金鼎-高盛,2024-06-03,9105
6117,迎廣,15,6,9,群益金鼎-高盛,2024-06-03,9105
2880,華南金,8,0,8,群益金鼎-高盛,2024-06-03,9105
3229,晟鈦,9,1,8,群益金鼎-高盛,2024-06-03,9105
3231,緯創,26,18,8,群益金鼎-高盛,2024-06-03,9105
5519,隆大,14,6,8,群益金鼎-高盛,2024-06-03,9105
6005,群益證,9,1,8,群益金鼎-高盛,2024-06-03,9105
8374,羅昇,8,0,8,群益金鼎-高盛,2024-06-03,9105
00719B,元大美債1-3,7,0,7,群益金鼎-高盛,2024-06-03,9105
2241,艾姆勒,8,1,7,群益金鼎-高盛,2024-06-03,9105
2328,廣宇,12,5,7,群益金鼎-高盛,2024-06-03,9105
00929,復華台灣科技優息,413,2,411,群益金鼎-高盛,2024-06-04,9105
00946,群益科技高息成長,288,138,150,群益金鼎-高盛,2024-06-04,9105
00919,群益台灣精選高息,143,2,141,群益金鼎-高盛,2024-06-04,9105
2363,矽統,124,13,111,群益金鼎-高盛,2024-06-04,9105
3481,群創,109,4,105,群益金鼎-高盛,2024-06-04,9105
00715L,期街口布蘭特正2,104,1,103,群益金鼎-高盛,2024-06-04,9105
00937B,群益ESG投等債20,101,29,72,群益金鼎-高盛,2024-06-04,9105
00940,元大台灣價值高息,62,0,62,群益金鼎-高盛,2024-06-04,9105
5340,建榮,62,0,62,群益金鼎-高盛,2024-06-04,9105
2537,聯上發,67,18,49,群益金鼎-高盛,2024-06-04,9105
2888,新光金,108,66,42,群益金鼎-高盛,2024-06-04,9105
4903,聯光通,41,2,39,群益金鼎-高盛,2024-06-04,9105
6125,廣運,103,64,39,群益金鼎-高盛,2024-06-04,9105
2344,華邦電,35,2,33,群益金鼎-高盛,2024-06-04,9105
6116,彩晶,30,0,30,群益金鼎-高盛,2024-06-04,9105
2324,仁寶,44,14,30,群益金鼎-高盛,2024-06-04,9105
2353,宏��,36,8,28,群益金鼎-高盛,2024-06-04,9105
2312,金寶,70,46,24,群益金鼎-高盛,2024-06-04,9105
00936,台新永續高息中小,24,0,24,群益金鼎-高盛,2024-06-04,9105
2610,華航,25,1,24,群益金鼎-高盛,2024-06-04,9105
00713,元大台灣高息低波,23,0,23,群益金鼎-高盛,2024-06-04,9105
3260,威剛,24,1,23,群益金鼎-高盛,2024-06-04,9105
2317,鴻海,30,8,22,群益金鼎-高盛,2024-06-04,9105
1612,宏泰,24,2,22,群益金鼎-高盛,2024-06-04,9105
2354,鴻準,24,4,20,群益金鼎-高盛,2024-06-04,9105
00680L,元大美債20正2,20,0,20,群益金鼎-高盛,2024-06-04,9105
3049,精金,20,0,20,群益金鼎-高盛,2024-06-04,9105
5258,虹堡,20,0,20,群益金鼎-高盛,2024-06-04,9105
00687B,國泰20年美債,58,39,19,群益金鼎-高盛,2024-06-04,9105
00878,國泰永續高股息,23,5,18,群益金鼎-高盛,2024-06-04,9105
2449,京元電子,20,3,17,群益金鼎-高盛,2024-06-04,9105
2609,陽明,56,39,17,群益金鼎-高盛,2024-06-04,9105
2891,中信金,69,52,17,群益金鼎-高盛,2024-06-04,9105
6462,神盾,20,3,17,群益金鼎-高盛,2024-06-04,9105
2465,麗臺,24,8,16,群益金鼎-高盛,2024-06-04,9105
4303,信立,15,0,15,群益金鼎-高盛,2024-06-04,9105
6188,廣明,22,8,14,群益金鼎-高盛,2024-06-04,9105
1802,台玻,25,11,14,群益金鼎-高盛,2024-06-04,9105
8027,鈦昇,17,3,14,群益金鼎-高盛,2024-06-04,9105
4562,穎漢,22,9,13,群益金鼎-高盛,2024-06-04,9105
00642U,期元大S＆P石油,15,2,13,群益金鼎-高盛,2024-06-04,9105
3339,泰谷,13,0,13,群益金鼎-高盛,2024-06-04,9105
6698,旭暉應材,13,0,13,群益金鼎-高盛,2024-06-04,9105
0056,元大高股息,12,0,12,群益金鼎-高盛,2024-06-04,9105
4526,東台,30,18,12,群益金鼎-高盛,2024-06-04,9105
1815,富喬,74,62,12,群益金鼎-高盛,2024-06-04,9105
4160,訊聯基因,12,0,12,群益金鼎-高盛,2024-06-04,9105
1314,中石化,11,0,11,群益金鼎-高盛,2024-06-04,9105
2357,華碩,11,0,11,群益金鼎-高盛,2024-06-04,9105
2886,兆豐金,11,0,11,群益金鼎-高盛,2024-06-04,9105
00929,復華台灣科技優息,504,260,244,群益金鼎-高盛,2024-06-05,9105
00715L,期街口布蘭特正2,102,0,102,群益金鼎-高盛,2024-06-05,9105
00936,台新永續高息中小,148,80,68,群益金鼎-高盛,2024-06-05,9105
2537,聯上發,61,2,59,群益金鼎-高盛,2024-06-05,9105
6125,廣運,75,18,57,群益金鼎-高盛,2024-06-05,9105
2515,中工,54,0,54,群益金鼎-高盛,2024-06-05,9105
2324,仁寶,47,2,45,群益金鼎-高盛,2024-06-05,9105
2022,聚亨,42,0,42,群益金鼎-高盛,2024-06-05,9105
00878,國泰永續高股息,45,6,39,群益金鼎-高盛,2024-06-05,9105
00637L,元大滬深300正2,266,228,38,群益金鼎-高盛,2024-06-05,9105
2610,華航,42,6,36,群益金鼎-高盛,2024-06-05,9105
1802,台玻,33,3,30,群益金鼎-高盛,2024-06-05,9105
4939,亞電,30,0,30,群益金鼎-高盛,2024-06-05,9105
3372,典範,35,6,29,群益金鼎-高盛,2024-06-05,9105
6270,倍微,48,20,28,群益金鼎-高盛,2024-06-05,9105
2353,宏��,31,3,28,群益金鼎-高盛,2024-06-05,9105
6116,彩晶,24,1,23,群益金鼎-高盛,2024-06-05,9105
2303,聯電,23,0,23,群益金鼎-高盛,2024-06-05,9105
5340,建榮,57,35,22,群益金鼎-高盛,2024-06-05,9105
00653L,富邦印度正2,30,10,20,群益金鼎-高盛,2024-06-05,9105
2065,世豐,20,2,18,群益金鼎-高盛,2024-06-05,9105
2344,華邦電,20,3,17,群益金鼎-高盛,2024-06-05,9105
3706,神達,58,42,16,群益金鼎-高盛,2024-06-05,9105
2606,裕民,27,11,16,群益金鼎-高盛,2024-06-05,9105
3048,益登,21,7,14,群益金鼎-高盛,2024-06-05,9105
2101,南港,14,0,14,群益金鼎-高盛,2024-06-05,9105
2002,中鋼,15,1,14,群益金鼎-高盛,2024-06-05,9105
2486,一詮,28,15,13,群益金鼎-高盛,2024-06-05,9105
00939,統一台灣高息動能,15,3,12,群益金鼎-高盛,2024-06-05,9105
2851,中再保,12,0,12,群益金鼎-高盛,2024-06-05,9105
3230,錦明,11,0,11,群益金鼎-高盛,2024-06-05,9105
4128,中天,12,1,11,群益金鼎-高盛,2024-06-05,9105
2889,國票金,10,0,10,群益金鼎-高盛,2024-06-05,9105
3013,晟銘電,21,11,10,群益金鼎-高盛,2024-06-05,9105
3231,緯創,11,1,10,群益金鼎-高盛,2024-06-05,9105
4746,台耀,10,0,10,群益金鼎-高盛,2024-06-05,9105
4976,佳凌,10,0,10,群益金鼎-高盛,2024-06-05,9105
9950,萬國通,15,5,10,群益金鼎-高盛,2024-06-05,9105
1301,台塑,12,3,9,群益金鼎-高盛,2024-06-05,9105
6005,群益證,12,3,9,群益金鼎-高盛,2024-06-05,9105
6257,矽格,9,0,9,群益金鼎-高盛,2024-06-05,9105
1504,東元,11,2,9,群益金鼎-高盛,2024-06-05,9105
2417,圓剛,14,6,8,群益金鼎-高盛,2024-06-05,9105
5706,鳳凰,9,1,8,群益金鼎-高盛,2024-06-05,9105
2356,英業達,8,0,8,群益金鼎-高盛,2024-06-05,9105
1303,南亞,9,2,7,群益金鼎-高盛,2024-06-05,9105
1455,集盛,12,5,7,群益金鼎-高盛,2024-06-05,9105
2641,正德,8,1,7,群益金鼎-高盛,2024-06-05,9105
2834,臺企銀,7,0,7,群益金鼎-高盛,2024-06-05,9105
3062,建漢,11,4,7,群益金鼎-高盛,2024-06-05,9105
00929,復華台灣科技優息,346,205,141,群益金鼎-高盛,2024-06-06,9105
2464,盟立,90,3,87,群益金鼎-高盛,2024-06-06,9105
00632R,元大台灣50反1,83,9,74,群益金鼎-高盛,2024-06-06,9105
00680L,元大美債20正2,55,0,55,群益金鼎-高盛,2024-06-06,9105
0056,元大高股息,51,1,50,群益金鼎-高盛,2024-06-06,9105
00936,台新永續高息中小,49,0,49,群益金鼎-高盛,2024-06-06,9105
4716,大立,50,1,49,群益金鼎-高盛,2024-06-06,9105
00919,群益台灣精選高息,65,19,46,群益金鼎-高盛,2024-06-06,9105
2022,聚亨,44,1,43,群益金鼎-高盛,2024-06-06,9105
00733,富邦臺灣中小,56,15,41,群益金鼎-高盛,2024-06-06,9105
2065,世豐,33,0,33,群益金鼎-高盛,2024-06-06,9105
3049,精金,22,0,22,群益金鼎-高盛,2024-06-06,9105
5608,四維航,34,13,21,群益金鼎-高盛,2024-06-06,9105
3356,奇偶,24,3,21,群益金鼎-高盛,2024-06-06,9105
6016,康和證,20,0,20,群益金鼎-高盛,2024-06-06,9105
6026,福邦證,20,0,20,群益金鼎-高盛,2024-06-06,9105
9910,豐泰,20,0,20,群益金鼎-高盛,2024-06-06,9105
2354,鴻準,33,14,19,群益金鼎-高盛,2024-06-06,9105
2367,燿華,43,26,17,群益金鼎-高盛,2024-06-06,9105
3230,錦明,17,0,17,群益金鼎-高盛,2024-06-06,9105
2515,中工,20,3,17,群益金鼎-高盛,2024-06-06,9105
00918,大華優利高填息30,15,0,15,群益金鼎-高盛,2024-06-06,9105
1815,富喬,103,89,14,群益金鼎-高盛,2024-06-06,9105
4526,東台,20,7,13,群益金鼎-高盛,2024-06-06,9105
2038,海光,13,0,13,群益金鼎-高盛,2024-06-06,9105
2349,錸德,23,10,13,群益金鼎-高盛,2024-06-06,9105
6163,華電網,18,5,13,群益金鼎-高盛,2024-06-06,9105
00687B,國泰20年美債,18,5,13,群益金鼎-高盛,2024-06-06,9105
3005,神基,13,0,13,群益金鼎-高盛,2024-06-06,9105
6125,廣運,24,13,11,群益金鼎-高盛,2024-06-06,9105
4303,信立,12,1,11,群益金鼎-高盛,2024-06-06,9105
4306,炎洲,11,0,11,群益金鼎-高盛,2024-06-06,9105
6770,力積電,10,0,10,群益金鼎-高盛,2024-06-06,9105
2353,宏��,11,1,10,群益金鼎-高盛,2024-06-06,9105
2453,凌群,10,0,10,群益金鼎-高盛,2024-06-06,9105
3025,星通,11,1,10,群益金鼎-高盛,2024-06-06,9105
3213,茂訊,10,0,10,群益金鼎-高盛,2024-06-06,9105
3224,三顧,10,0,10,群益金鼎-高盛,2024-06-06,9105
4551,智伸科,10,0,10,群益金鼎-高盛,2024-06-06,9105
2356,英業達,10,1,9,群益金鼎-高盛,2024-06-06,9105
2417,圓剛,12,3,9,群益金鼎-高盛,2024-06-06,9105
2605,新興,47,38,9,群益金鼎-高盛,2024-06-06,9105
2374,佳能,11,2,9,群益金鼎-高盛,2024-06-06,9105
3062,建漢,10,1,9,群益金鼎-高盛,2024-06-06,9105
4155,訊映,11,2,9,群益金鼎-高盛,2024-06-06,9105
3059,華晶科,8,0,8,群益金鼎-高盛,2024-06-06,9105
8064,東捷,8,0,8,群益金鼎-高盛,2024-06-06,9105
2905,三商,10,3,7,群益金鼎-高盛,2024-06-06,9105
5347,世界,11,4,7,群益金鼎-高盛,2024-06-06,9105
00650L,復華香港正2,6,0,6,群益金鼎-高盛,2024-06-06,9105
9105,泰金寶-DR,312,55,257,群益金鼎-高盛,2024-06-07,9105
00929,復華台灣科技優息,144,21,123,群益金鼎-高盛,2024-06-07,9105
00946,群益科技高息成長,147,98,49,群益金鼎-高盛,2024-06-07,9105
1806,冠軍,50,1,49,群益金鼎-高盛,2024-06-07,9105
00713,元大台灣高息低波,45,0,45,群益金鼎-高盛,2024-06-07,9105
3231,緯創,56,12,44,群益金鼎-高盛,2024-06-07,9105
00936,台新永續高息中小,46,3,43,群益金鼎-高盛,2024-06-07,9105
00918,大華優利高填息30,39,0,39,群益金鼎-高盛,2024-06-07,9105
2353,宏��,40,3,37,群益金鼎-高盛,2024-06-07,9105
2312,金寶,43,6,37,群益金鼎-高盛,2024-06-07,9105
4562,穎漢,36,5,31,群益金鼎-高盛,2024-06-07,9105
2065,世豐,34,3,31,群益金鼎-高盛,2024-06-07,9105
2498,宏達電,32,4,28,群益金鼎-高盛,2024-06-07,9105
2070,精湛,29,5,24,群益金鼎-高盛,2024-06-07,9105
2382,廣達,29,5,24,群益金鼎-高盛,2024-06-07,9105
00679B,元大美債20年,25,2,23,群益金鼎-高盛,2024-06-07,9105
3030,德律,32,10,22,群益金鼎-高盛,2024-06-07,9105
1301,台塑,27,6,21,群益金鼎-高盛,2024-06-07,9105
00753L,中信中國50正2,20,0,20,群益金鼎-高盛,2024-06-07,9105
5340,建榮,30,11,19,群益金鼎-高盛,2024-06-07,9105
2880,華南金,21,3,18,群益金鼎-高盛,2024-06-07,9105
00637L,元大滬深300正2,381,363,18,群益金鼎-高盛,2024-06-07,9105
2409,友達,20,3,17,群益金鼎-高盛,2024-06-07,9105
2489,瑞軒,22,6,16,群益金鼎-高盛,2024-06-07,9105
2421,建準,17,2,15,群益金鼎-高盛,2024-06-07,9105
3481,群創,29,16,13,群益金鼎-高盛,2024-06-07,9105
3706,神達,13,0,13,群益金鼎-高盛,2024-06-07,9105
2615,萬海,56,44,12,群益金鼎-高盛,2024-06-07,9105
1504,東元,16,4,12,群益金鼎-高盛,2024-06-07,9105
3715,定穎投控,12,0,12,群益金鼎-高盛,2024-06-07,9105
2356,英業達,13,2,11,群益金鼎-高盛,2024-06-07,9105
2501,國建,30,19,11,群益金鼎-高盛,2024-06-07,9105
8033,雷虎,11,0,11,群益金鼎-高盛,2024-06-07,9105
2002,中鋼,19,8,11,群益金鼎-高盛,2024-06-07,9105
2243,宏旭-KY,10,0,10,群益金鼎-高盛,2024-06-07,9105
3665,貿聯-KY,10,0,10,群益金鼎-高盛,2024-06-07,9105
6143,振曜,13,4,9,群益金鼎-高盛,2024-06-07,9105
5203,訊連,10,1,9,群益金鼎-高盛,2024-06-07,9105
8112,至上,11,3,8,群益金鼎-高盛,2024-06-07,9105
2313,華通,31,23,8,群益金鼎-高盛,2024-06-07,9105
00673R,期元大S＆P原油反1,8,0,8,群益金鼎-高盛,2024-06-07,9105
2464,盟立,10,2,8,群益金鼎-高盛,2024-06-07,9105
2329,華泰,13,5,8,群益金鼎-高盛,2024-06-07,9105
2371,大同,31,24,7,群益金鼎-高盛,2024-06-07,9105
2637,慧洋-KY,11,4,7,群益金鼎-高盛,2024-06-07,9105
2867,三商壽,37,30,7,群益金鼎-高盛,2024-06-07,9105
4714,永捷,9,2,7,群益金鼎-高盛,2024-06-07,9105
8086,宏捷科,7,0,7,群益金鼎-高盛,2024-06-07,9105
1609,大亞,13,7,6,群益金鼎-高盛,2024-06-07,9105
00919,群益台灣精選高息,18,12,6,群益金鼎-高盛,2024-06-07,9105
00929,復華台灣科技優息,1098,70,1028,群益金鼎-高盛,2024-06-11,9105
00764B,群益25年美債,218,0,218,群益金鼎-高盛,2024-06-11,9105
00937B,群益ESG投等債20,240,25,215,群益金鼎-高盛,2024-06-11,9105
9945,潤泰新,117,1,116,群益金鼎-高盛,2024-06-11,9105
2609,陽明,179,100,79,群益金鼎-高盛,2024-06-11,9105
2888,新光金,62,0,62,群益金鼎-高盛,2024-06-11,9105
2002,中鋼,54,0,54,群益金鼎-高盛,2024-06-11,9105
2515,中工,46,0,46,群益金鼎-高盛,2024-06-11,9105
00936,台新永續高息中小,39,0,39,群益金鼎-高盛,2024-06-11,9105
00878,國泰永續高股息,34,1,33,群益金鼎-高盛,2024-06-11,9105
00687B,國泰20年美債,30,0,30,群益金鼎-高盛,2024-06-11,9105
2022,聚亨,30,0,30,群益金鼎-高盛,2024-06-11,9105
2891,中信金,46,16,30,群益金鼎-高盛,2024-06-11,9105
00919,群益台灣精選高息,42,13,29,群益金鼎-高盛,2024-06-11,9105
00665L,富邦�琤肭磪囓�2,29,0,29,群益金鼎-高盛,2024-06-11,9105
1815,富喬,62,34,28,群益金鼎-高盛,2024-06-11,9105
2812,台中銀,25,0,25,群益金鼎-高盛,2024-06-11,9105
3706,神達,24,1,23,群益金鼎-高盛,2024-06-11,9105
2344,華邦電,23,0,23,群益金鼎-高盛,2024-06-11,9105
00918,大華優利高填息30,21,0,21,群益金鼎-高盛,2024-06-11,9105
3481,群創,42,21,21,群益金鼎-高盛,2024-06-11,9105
00753L,中信中國50正2,20,0,20,群益金鼎-高盛,2024-06-11,9105
1301,台塑,22,2,20,群益金鼎-高盛,2024-06-11,9105
2498,宏達電,30,10,20,群益金鼎-高盛,2024-06-11,9105
4513,福裕,19,0,19,群益金鼎-高盛,2024-06-11,9105
3049,精金,19,0,19,群益金鼎-高盛,2024-06-11,9105
2449,京元電子,21,3,18,群益金鼎-高盛,2024-06-11,9105
4303,信立,23,6,17,群益金鼎-高盛,2024-06-11,9105
2636,台驊控股,16,0,16,群益金鼎-高盛,2024-06-11,9105
6290,良維,19,3,16,群益金鼎-高盛,2024-06-11,9105
1608,華榮,28,13,15,群益金鼎-高盛,2024-06-11,9105
1513,中興電,23,9,14,群益金鼎-高盛,2024-06-11,9105
0056,元大高股息,14,0,14,群益金鼎-高盛,2024-06-11,9105
3231,緯創,31,17,14,群益金鼎-高盛,2024-06-11,9105
00939,統一台灣高息動能,21,8,13,群益金鼎-高盛,2024-06-11,9105
9946,三發地產,22,9,13,群益金鼎-高盛,2024-06-11,9105
2603,長榮,30,18,12,群益金鼎-高盛,2024-06-11,9105
2243,宏旭-KY,12,0,12,群益金鼎-高盛,2024-06-11,9105
2834,臺企銀,12,0,12,群益金鼎-高盛,2024-06-11,9105
00688L,國泰20年美債正2,11,0,11,群益金鼎-高盛,2024-06-11,9105
1536,和大,11,0,11,群益金鼎-高盛,2024-06-11,9105
6188,廣明,11,0,11,群益金鼎-高盛,2024-06-11,9105
1522,堤維西,23,13,10,群益金鼎-高盛,2024-06-11,9105
3276,宇環,10,0,10,群益金鼎-高盛,2024-06-11,9105
3498,陽程,10,0,10,群益金鼎-高盛,2024-06-11,9105
9103,美德醫療-DR,10,0,10,群益金鼎-高盛,2024-06-11,9105
2356,英業達,14,5,9,群益金鼎-高盛,2024-06-11,9105
3230,錦明,9,0,9,群益金鼎-高盛,2024-06-11,9105
8054,安國,10,1,9,群益金鼎-高盛,2024-06-11,9105
2501,國建,15,6,9,群益金鼎-高盛,2024-06-11,9105
2324,仁寶,214,3,211,群益金鼎-高盛,2024-06-12,9105
00673R,期元大S＆P原油反1,150,0,150,群益金鼎-高盛,2024-06-12,9105
3706,神達,104,0,104,群益金鼎-高盛,2024-06-12,9105
6770,力積電,105,2,103,群益金鼎-高盛,2024-06-12,9105
2882,國泰金,100,0,100,群益金鼎-高盛,2024-06-12,9105
2022,聚亨,40,0,40,群益金鼎-高盛,2024-06-12,9105
9105,泰金寶-DR,50,11,39,群益金鼎-高盛,2024-06-12,9105
9945,潤泰新,40,2,38,群益金鼎-高盛,2024-06-12,9105
2303,聯電,38,0,38,群益金鼎-高盛,2024-06-12,9105
00948B,中信優息投資級債,31,0,31,群益金鼎-高盛,2024-06-12,9105
2891,中信金,30,0,30,群益金鼎-高盛,2024-06-12,9105
00933B,國泰10Y+金融債,26,0,26,群益金鼎-高盛,2024-06-12,9105
2356,英業達,27,2,25,群益金鼎-高盛,2024-06-12,9105
3231,緯創,43,19,24,群益金鼎-高盛,2024-06-12,9105
2460,建通,22,0,22,群益金鼎-高盛,2024-06-12,9105
00733,富邦臺灣中小,52,32,20,群益金鼎-高盛,2024-06-12,9105
2601,益航,20,0,20,群益金鼎-高盛,2024-06-12,9105
00918,大華優利高填息30,18,0,18,群益金鼎-高盛,2024-06-12,9105
2617,台航,20,2,18,群益金鼎-高盛,2024-06-12,9105
1447,力鵬,15,0,15,群益金鼎-高盛,2024-06-12,9105
3481,群創,25,10,15,群益金鼎-高盛,2024-06-12,9105
2515,中工,15,1,14,群益金鼎-高盛,2024-06-12,9105
4513,福裕,14,0,14,群益金鼎-高盛,2024-06-12,9105
8096,擎亞,31,17,14,群益金鼎-高盛,2024-06-12,9105
1609,大亞,14,1,13,群益金鼎-高盛,2024-06-12,9105
00632R,元大台灣50反1,20,7,13,群益金鼎-高盛,2024-06-12,9105
2401,凌陽,16,3,13,群益金鼎-高盛,2024-06-12,9105
2520,冠德,14,1,13,群益金鼎-高盛,2024-06-12,9105
2867,三商壽,15,2,13,群益金鼎-高盛,2024-06-12,9105
3047,訊舟,61,48,13,群益金鼎-高盛,2024-06-12,9105
5531,鄉林,13,0,13,群益金鼎-高盛,2024-06-12,9105
6290,良維,16,3,13,群益金鼎-高盛,2024-06-12,9105
00679B,元大美債20年,15,2,13,群益金鼎-高盛,2024-06-12,9105
2606,裕民,16,4,12,群益金鼎-高盛,2024-06-12,9105
00947,台新臺灣IC設計,12,0,12,群益金鼎-高盛,2024-06-12,9105
4113,聯上,12,0,12,群益金鼎-高盛,2024-06-12,9105
9103,美德醫療-DR,41,29,12,群益金鼎-高盛,2024-06-12,9105
2883,凱基金,34,23,11,群益金鼎-高盛,2024-06-12,9105
3013,晟銘電,12,1,11,群益金鼎-高盛,2024-06-12,9105
3535,晶彩科,11,0,11,群益金鼎-高盛,2024-06-12,9105
9904,寶成,10,0,10,群益金鼎-高盛,2024-06-12,9105
00631L,元大台灣50正2,10,0,10,群益金鼎-高盛,2024-06-12,9105
2458,義隆,10,0,10,群益金鼎-高盛,2024-06-12,9105
3712,永崴投控,10,0,10,群益金鼎-高盛,2024-06-12,9105
4541,晟田,10,0,10,群益金鼎-高盛,2024-06-12,9105
6156,松上,10,0,10,群益金鼎-高盛,2024-06-12,9105
6215,和椿,16,6,10,群益金鼎-高盛,2024-06-12,9105
3048,益登,11,1,10,群益金鼎-高盛,2024-06-12,9105
2385,群光,10,1,9,群益金鼎-高盛,2024-06-12,9105
00939,統一台灣高息動能,11,2,9,群益金鼎-高盛,2024-06-12,9105
00933B,國泰10Y+金融債,105,16,89,群益金鼎-高盛,2024-06-13,9105
00878,國泰永續高股息,101,24,77,群益金鼎-高盛,2024-06-13,9105
2363,矽統,79,33,46,群益金鼎-高盛,2024-06-13,9105
2609,陽明,174,133,41,群益金鼎-高盛,2024-06-13,9105
3652,精聯,36,6,30,群益金鼎-高盛,2024-06-13,9105
2498,宏達電,33,4,29,群益金鼎-高盛,2024-06-13,9105
2312,金寶,35,6,29,群益金鼎-高盛,2024-06-13,9105
1815,富喬,49,23,26,群益金鼎-高盛,2024-06-13,9105
00937B,群益ESG投等債20,40,14,26,群益金鼎-高盛,2024-06-13,9105
2002,中鋼,26,1,25,群益金鼎-高盛,2024-06-13,9105
2317,鴻海,47,22,25,群益金鼎-高盛,2024-06-13,9105
9105,泰金寶-DR,40,16,24,群益金鼎-高盛,2024-06-13,9105
6216,居易,25,2,23,群益金鼎-高盛,2024-06-13,9105
1314,中石化,22,0,22,群益金鼎-高盛,2024-06-13,9105
1301,台塑,23,2,21,群益金鼎-高盛,2024-06-13,9105
5465,富驊,20,0,20,群益金鼎-高盛,2024-06-13,9105
2464,盟立,32,14,18,群益金鼎-高盛,2024-06-13,9105
2515,中工,19,3,16,群益金鼎-高盛,2024-06-13,9105
1605,華新,16,1,15,群益金鼎-高盛,2024-06-13,9105
00948B,中信優息投資級債,15,0,15,群益金鼎-高盛,2024-06-13,9105
6152,百一,16,1,15,群益金鼎-高盛,2024-06-13,9105
8928,鉅明,14,0,14,群益金鼎-高盛,2024-06-13,9105
1522,堤維西,15,2,13,群益金鼎-高盛,2024-06-13,9105
5371,中光電,16,4,12,群益金鼎-高盛,2024-06-13,9105
6117,迎廣,11,0,11,群益金鼎-高盛,2024-06-13,9105
00676R,富邦臺灣加權反1,10,0,10,群益金鼎-高盛,2024-06-13,9105
2855,統一證,10,0,10,群益金鼎-高盛,2024-06-13,9105
3593,力銘,10,0,10,群益金鼎-高盛,2024-06-13,9105
6265,方土昶,23,13,10,群益金鼎-高盛,2024-06-13,9105
2359,所羅門,35,26,9,群益金鼎-高盛,2024-06-13,9105
5381,合正,11,2,9,群益金鼎-高盛,2024-06-13,9105
5443,均豪,10,1,9,群益金鼎-高盛,2024-06-13,9105
912000,晨訊科-DR,9,0,9,群益金鼎-高盛,2024-06-13,9105
00631L,元大台灣50正2,17,9,8,群益金鼎-高盛,2024-06-13,9105
2062,橋椿,8,0,8,群益金鼎-高盛,2024-06-13,9105
6125,廣運,15,7,8,群益金鼎-高盛,2024-06-13,9105
8027,鈦昇,8,0,8,群益金鼎-高盛,2024-06-13,9105
6290,良維,21,13,8,群益金鼎-高盛,2024-06-13,9105
1513,中興電,13,6,7,群益金鼎-高盛,2024-06-13,9105
8110,華東,9,2,7,群益金鼎-高盛,2024-06-13,9105
1313,聯成,7,0,7,群益金鼎-高盛,2024-06-13,9105
2027,大成鋼,7,0,7,群益金鼎-高盛,2024-06-13,9105
2105,正新,7,0,7,群益金鼎-高盛,2024-06-13,9105
3028,增你強,7,0,7,群益金鼎-高盛,2024-06-13,9105
8933,愛地雅,6,0,6,群益金鼎-高盛,2024-06-13,9105
6188,廣明,6,0,6,群益金鼎-高盛,2024-06-13,9105
00713,元大台灣高息低波,6,0,6,群益金鼎-高盛,2024-06-13,9105
00918,大華優利高填息30,6,0,6,群益金鼎-高盛,2024-06-13,9105
00830,國泰費城半導體,6,0,6,群益金鼎-高盛,2024-06-13,9105
6227,茂綸,6,0,6,群益金鼎-高盛,2024-06-13,9105
00929,復華台灣科技優息,454,82,372,群益金鼎-高盛,2024-06-14,9105
00946,群益科技高息成長,205,42,163,群益金鼎-高盛,2024-06-14,9105
00937B,群益ESG投等債20,163,10,153,群益金鼎-高盛,2024-06-14,9105
2371,大同,185,102,83,群益金鼎-高盛,2024-06-14,9105
00919,群益台灣精選高息,84,13,71,群益金鼎-高盛,2024-06-14,9105
1444,力麗,40,0,40,群益金鼎-高盛,2024-06-14,9105
00948B,中信優息投資級債,32,0,32,群益金鼎-高盛,2024-06-14,9105
6117,迎廣,29,1,28,群益金鼎-高盛,2024-06-14,9105
1609,大亞,100,73,27,群益金鼎-高盛,2024-06-14,9105
00645,富邦日本,26,0,26,群益金鼎-高盛,2024-06-14,9105
00933B,國泰10Y+金融債,26,0,26,群益金鼎-高盛,2024-06-14,9105
8064,東捷,26,1,25,群益金鼎-高盛,2024-06-14,9105
2356,英業達,26,2,24,群益金鼎-高盛,2024-06-14,9105
1439,雋揚,23,0,23,群益金鼎-高盛,2024-06-14,9105
5340,建榮,47,24,23,群益金鼎-高盛,2024-06-14,9105
1337,再生-KY,20,0,20,群益金鼎-高盛,2024-06-14,9105
3652,精聯,26,6,20,群益金鼎-高盛,2024-06-14,9105
6285,啟��,18,0,18,群益金鼎-高盛,2024-06-14,9105
3687,歐買尬,16,0,16,群益金鼎-高盛,2024-06-14,9105
00936,台新永續高息中小,20,5,15,群益金鼎-高盛,2024-06-14,9105
2816,旺旺保,15,0,15,群益金鼎-高盛,2024-06-14,9105
1612,宏泰,21,6,15,群益金鼎-高盛,2024-06-14,9105
2367,燿華,32,18,14,群益金鼎-高盛,2024-06-14,9105
2353,宏��,17,3,14,群益金鼎-高盛,2024-06-14,9105
1608,華榮,40,27,13,群益金鼎-高盛,2024-06-14,9105
3048,益登,60,48,12,群益金鼎-高盛,2024-06-14,9105
6290,良維,13,1,12,群益金鼎-高盛,2024-06-14,9105
1316,上曜,21,10,11,群益金鼎-高盛,2024-06-14,9105
3024,憶聲,11,0,11,群益金鼎-高盛,2024-06-14,9105
3163,波若威,12,1,11,群益金鼎-高盛,2024-06-14,9105
2449,京元電子,17,7,10,群益金鼎-高盛,2024-06-14,9105
8234,新漢,10,0,10,群益金鼎-高盛,2024-06-14,9105
00757,統一FANG+,10,0,10,群益金鼎-高盛,2024-06-14,9105
2022,聚亨,10,0,10,群益金鼎-高盛,2024-06-14,9105
2601,益航,10,0,10,群益金鼎-高盛,2024-06-14,9105
2392,正崴,34,24,10,群益金鼎-高盛,2024-06-14,9105
2611,志信,14,5,9,群益金鼎-高盛,2024-06-14,9105
2049,上銀,8,0,8,群益金鼎-高盛,2024-06-14,9105
2329,華泰,15,7,8,群益金鼎-高盛,2024-06-14,9105
2344,華邦電,14,6,8,群益金鼎-高盛,2024-06-14,9105
6152,百一,9,1,8,群益金鼎-高盛,2024-06-14,9105
6187,萬潤,8,0,8,群益金鼎-高盛,2024-06-14,9105
2330,台積電,17,9,8,群益金鼎-高盛,2024-06-14,9105
2537,聯上發,22,15,7,群益金鼎-高盛,2024-06-14,9105
8150,南茂,8,1,7,群益金鼎-高盛,2024-06-14,9105
2427,三商電,11,4,7,群益金鼎-高盛,2024-06-14,9105
5512,力麒,6,0,6,群益金鼎-高盛,2024-06-14,9105
1529,樂事綠能,8,2,6,群益金鼎-高盛,2024-06-14,9105
2014,中鴻,6,0,6,群益金鼎-高盛,2024-06-14,9105
6024,群益期,6,0,6,群益金鼎-高盛,2024-06-14,9105
00632R,元大台灣50反1,325,14,311,群益金鼎-高盛,2024-06-17,9105
00907,永豐優息存股,240,0,240,群益金鼎-高盛,2024-06-17,9105
00929,復華台灣科技優息,330,124,206,群益金鼎-高盛,2024-06-17,9105
00664R,國泰臺灣加權反1,104,0,104,群益金鼎-高盛,2024-06-17,9105
00937B,群益ESG投等債20,114,27,87,群益金鼎-高盛,2024-06-17,9105
2888,新光金,50,4,46,群益金鼎-高盛,2024-06-17,9105
00918,大華優利高填息30,44,1,43,群益金鼎-高盛,2024-06-17,9105
9945,潤泰新,42,0,42,群益金鼎-高盛,2024-06-17,9105
1723,中碳,40,0,40,群益金鼎-高盛,2024-06-17,9105
9904,寶成,35,0,35,群益金鼎-高盛,2024-06-17,9105
2303,聯電,53,19,34,群益金鼎-高盛,2024-06-17,9105
5464,霖宏,32,0,32,群益金鼎-高盛,2024-06-17,9105
2101,南港,31,0,31,群益金鼎-高盛,2024-06-17,9105
2501,國建,30,3,27,群益金鼎-高盛,2024-06-17,9105
2002,中鋼,34,8,26,群益金鼎-高盛,2024-06-17,9105
1416,廣豐,24,0,24,群益金鼎-高盛,2024-06-17,9105
3105,穩懋,23,0,23,群益金鼎-高盛,2024-06-17,9105
2485,兆赫,20,0,20,群益金鼎-高盛,2024-06-17,9105
3038,全台,20,0,20,群益金鼎-高盛,2024-06-17,9105
5512,力麒,20,0,20,群益金鼎-高盛,2024-06-17,9105
6160,欣技,20,0,20,群益金鼎-高盛,2024-06-17,9105
1815,富喬,30,11,19,群益金鼎-高盛,2024-06-17,9105
2615,萬海,74,56,18,群益金鼎-高盛,2024-06-17,9105
1605,華新,17,0,17,群益金鼎-高盛,2024-06-17,9105
1618,合機,50,33,17,群益金鼎-高盛,2024-06-17,9105
6505,台塑化,19,2,17,群益金鼎-高盛,2024-06-17,9105
2367,燿華,17,1,16,群益金鼎-高盛,2024-06-17,9105
00919,群益台灣精選高息,19,4,15,群益金鼎-高盛,2024-06-17,9105
1314,中石化,21,6,15,群益金鼎-高盛,2024-06-17,9105
5426,振發,18,3,15,群益金鼎-高盛,2024-06-17,9105
2891,中信金,18,4,14,群益金鼎-高盛,2024-06-17,9105
00948B,中信優息投資級債,15,2,13,群益金鼎-高盛,2024-06-17,9105
6462,神盾,13,0,13,群益金鼎-高盛,2024-06-17,9105
2537,聯上發,23,11,12,群益金鼎-高盛,2024-06-17,9105
6269,台郡,12,0,12,群益金鼎-高盛,2024-06-17,9105
4726,永昕,13,2,11,群益金鼎-高盛,2024-06-17,9105
4903,聯光通,11,0,11,群益金鼎-高盛,2024-06-17,9105
6538,倉和,11,0,11,群益金鼎-高盛,2024-06-17,9105
1409,新纖,10,0,10,群益金鼎-高盛,2024-06-17,9105
2201,裕隆,10,0,10,群益金鼎-高盛,2024-06-17,9105
2547,日勝生,10,0,10,群益金鼎-高盛,2024-06-17,9105
2645,長榮航太,10,0,10,群益金鼎-高盛,2024-06-17,9105
3056,富華新,10,0,10,群益金鼎-高盛,2024-06-17,9105
3035,智原,17,8,9,群益金鼎-高盛,2024-06-17,9105
2363,矽統,21,12,9,群益金鼎-高盛,2024-06-17,9105
2515,中工,9,0,9,群益金鼎-高盛,2024-06-17,9105
5340,建榮,19,10,9,群益金鼎-高盛,2024-06-17,9105
6290,良維,13,4,9,群益金鼎-高盛,2024-06-17,9105
6789,采鈺,12,4,8,群益金鼎-高盛,2024-06-17,9105
2317,鴻海,32,24,8,群益金鼎-高盛,2024-06-17,9105
00929,復華台灣科技優息,368,108,260,群益金鼎-高盛,2024-06-18,9105
00673R,期元大S＆P原油反1,194,0,194,群益金鼎-高盛,2024-06-18,9105
00918,大華優利高填息30,130,9,121,群益金鼎-高盛,2024-06-18,9105
2353,宏��,54,4,50,群益金鼎-高盛,2024-06-18,9105
5258,虹堡,50,0,50,群益金鼎-高盛,2024-06-18,9105
00733,富邦臺灣中小,62,15,47,群益金鼎-高盛,2024-06-18,9105
00664R,國泰臺灣加權反1,72,26,46,群益金鼎-高盛,2024-06-18,9105
9105,泰金寶-DR,44,0,44,群益金鼎-高盛,2024-06-18,9105
2371,大同,192,155,37,群益金鼎-高盛,2024-06-18,9105
2409,友達,35,0,35,群益金鼎-高盛,2024-06-18,9105
00936,台新永續高息中小,48,18,30,群益金鼎-高盛,2024-06-18,9105
5340,建榮,99,71,28,群益金鼎-高盛,2024-06-18,9105
00940,元大台灣價值高息,51,23,28,群益金鼎-高盛,2024-06-18,9105
00712,復華富時不動產,25,0,25,群益金鼎-高盛,2024-06-18,9105
00753L,中信中國50正2,20,0,20,群益金鼎-高盛,2024-06-18,9105
00933B,國泰10Y+金融債,20,0,20,群益金鼎-高盛,2024-06-18,9105
00948B,中信優息投資級債,20,0,20,群益金鼎-高盛,2024-06-18,9105
3492,長盛,20,0,20,群益金鼎-高盛,2024-06-18,9105
1314,中石化,20,1,19,群益金鼎-高盛,2024-06-18,9105
2355,敬鵬,22,4,18,群益金鼎-高盛,2024-06-18,9105
3105,穩懋,22,4,18,群益金鼎-高盛,2024-06-18,9105
8107,大億金茂,18,0,18,群益金鼎-高盛,2024-06-18,9105
4976,佳凌,17,1,16,群益金鼎-高盛,2024-06-18,9105
6202,盛群,16,0,16,群益金鼎-高盛,2024-06-18,9105
2363,矽統,19,4,15,群益金鼎-高盛,2024-06-18,9105
00853B,統一美債10年Aa-,15,0,15,群益金鼎-高盛,2024-06-18,9105
4566,時碩工業,43,29,14,群益金鼎-高盛,2024-06-18,9105
5443,均豪,34,21,13,群益金鼎-高盛,2024-06-18,9105
1587,吉茂,16,3,13,群益金鼎-高盛,2024-06-18,9105
4174,浩鼎,12,0,12,群益金鼎-高盛,2024-06-18,9105
00631L,元大台灣50正2,11,0,11,群益金鼎-高盛,2024-06-18,9105
8936,國統,11,0,11,群益金鼎-高盛,2024-06-18,9105
3481,群創,20,10,10,群益金鼎-高盛,2024-06-18,9105
6505,台塑化,10,0,10,群益金鼎-高盛,2024-06-18,9105
1784,訊聯,10,0,10,群益金鼎-高盛,2024-06-18,9105
5474,聰泰,10,0,10,群益金鼎-高盛,2024-06-18,9105
6180,橘子,10,0,10,群益金鼎-高盛,2024-06-18,9105
6548,長科*,11,1,10,群益金鼎-高盛,2024-06-18,9105
0056,元大高股息,10,0,10,群益金鼎-高盛,2024-06-18,9105
8069,元太,10,1,9,群益金鼎-高盛,2024-06-18,9105
8054,安國,11,2,9,群益金鼎-高盛,2024-06-18,9105
00895,富邦未來車,10,1,9,群益金鼎-高盛,2024-06-18,9105
1514,亞力,27,19,8,群益金鼎-高盛,2024-06-18,9105
2025,千興,8,0,8,群益金鼎-高盛,2024-06-18,9105
2065,世豐,8,0,8,群益金鼎-高盛,2024-06-18,9105
6538,倉和,8,0,8,群益金鼎-高盛,2024-06-18,9105
2101,南港,9,2,7,群益金鼎-高盛,2024-06-18,9105
1101,台泥,10,3,7,群益金鼎-高盛,2024-06-18,9105
00915,凱基優選高股息30,7,0,7,群益金鼎-高盛,2024-06-18,9105
6187,萬潤,9,2,7,群益金鼎-高盛,2024-06-18,9105
00929,復華台灣科技優息,1167,63,1104,群益金鼎-高盛,2024-06-19,9105
8936,國統,304,3,301,群益金鼎-高盛,2024-06-19,9105
00632R,元大台灣50反1,233,22,211,群益金鼎-高盛,2024-06-19,9105
00664R,國泰臺灣加權反1,124,22,102,群益金鼎-高盛,2024-06-19,9105
3038,全台,91,0,91,群益金鼎-高盛,2024-06-19,9105
00713,元大台灣高息低波,67,0,67,群益金鼎-高盛,2024-06-19,9105
00936,台新永續高息中小,44,1,43,群益金鼎-高盛,2024-06-19,9105
00937B,群益ESG投等債20,44,12,32,群益金鼎-高盛,2024-06-19,9105
6443,元晶,30,0,30,群益金鼎-高盛,2024-06-19,9105
00687B,國泰20年美債,29,1,28,群益金鼎-高盛,2024-06-19,9105
8011,台通,28,2,26,群益金鼎-高盛,2024-06-19,9105
3105,穩懋,35,11,24,群益金鼎-高盛,2024-06-19,9105
2353,宏��,28,7,21,群益金鼎-高盛,2024-06-19,9105
8050,廣積,21,0,21,群益金鼎-高盛,2024-06-19,9105
2405,輔信,20,0,20,群益金鼎-高盛,2024-06-19,9105
2836,高雄銀,20,0,20,群益金鼎-高盛,2024-06-19,9105
5512,力麒,19,0,19,群益金鼎-高盛,2024-06-19,9105
3062,建漢,30,15,15,群益金鼎-高盛,2024-06-19,9105
2615,萬海,44,29,15,群益金鼎-高盛,2024-06-19,9105
5474,聰泰,15,0,15,群益金鼎-高盛,2024-06-19,9105
00891,中信關鍵半導體,13,0,13,群益金鼎-高盛,2024-06-19,9105
3455,由田,14,1,13,群益金鼎-高盛,2024-06-19,9105
6706,惠特,16,4,12,群益金鼎-高盛,2024-06-19,9105
2344,華邦電,14,2,12,群益金鼎-高盛,2024-06-19,9105
3013,晟銘電,24,12,12,群益金鼎-高盛,2024-06-19,9105
00947,台新臺灣IC設計,12,0,12,群益金鼎-高盛,2024-06-19,9105
00933B,國泰10Y+金融債,16,5,11,群益金鼎-高盛,2024-06-19,9105
6770,力積電,17,6,11,群益金鼎-高盛,2024-06-19,9105
1609,大亞,15,4,11,群益金鼎-高盛,2024-06-19,9105
1815,富喬,23,12,11,群益金鼎-高盛,2024-06-19,9105
00948B,中信優息投資級債,10,0,10,群益金鼎-高盛,2024-06-19,9105
2421,建準,18,8,10,群益金鼎-高盛,2024-06-19,9105
6442,光聖,10,0,10,群益金鼎-高盛,2024-06-19,9105
2365,昆盈,55,46,9,群益金鼎-高盛,2024-06-19,9105
1503,士電,13,4,9,群益金鼎-高盛,2024-06-19,9105
3033,威健,10,1,9,群益金鼎-高盛,2024-06-19,9105
2605,新興,11,3,8,群益金鼎-高盛,2024-06-19,9105
2243,宏旭-KY,8,0,8,群益金鼎-高盛,2024-06-19,9105
3149,正達,8,0,8,群益金鼎-高盛,2024-06-19,9105
4903,聯光通,9,1,8,群益金鼎-高盛,2024-06-19,9105
6279,胡連,8,0,8,群益金鼎-高盛,2024-06-19,9105
6457,紘康,8,0,8,群益金鼎-高盛,2024-06-19,9105
6190,萬泰科,14,6,8,群益金鼎-高盛,2024-06-19,9105
4967,十銓,13,6,7,群益金鼎-高盛,2024-06-19,9105
5426,振發,7,0,7,群益金鼎-高盛,2024-06-19,9105
00673R,期元大S＆P原油反1,7,0,7,群益金鼎-高盛,2024-06-19,9105
2101,南港,7,0,7,群益金鼎-高盛,2024-06-19,9105
2481,強茂,8,1,7,群益金鼎-高盛,2024-06-19,9105
3673,TPK-KY,8,1,7,群益金鼎-高盛,2024-06-19,9105
6173,信昌電,7,0,7,群益金鼎-高盛,2024-06-19,9105
1785,光洋科,137,32,105,群益金鼎-高盛,2024-06-20,9105
00946,群益科技高息成長,126,44,82,群益金鼎-高盛,2024-06-20,9105
2498,宏達電,76,4,72,群益金鼎-高盛,2024-06-20,9105
00936,台新永續高息中小,65,0,65,群益金鼎-高盛,2024-06-20,9105
00937B,群益ESG投等債20,68,3,65,群益金鼎-高盛,2024-06-20,9105
8277,商丞,65,3,62,群益金鼎-高盛,2024-06-20,9105
00664R,國泰臺灣加權反1,75,24,51,群益金鼎-高盛,2024-06-20,9105
6170,統振,50,0,50,群益金鼎-高盛,2024-06-20,9105
2312,金寶,51,7,44,群益金鼎-高盛,2024-06-20,9105
2330,台積電,52,10,42,群益金鼎-高盛,2024-06-20,9105
3231,緯創,62,26,36,群益金鼎-高盛,2024-06-20,9105
4306,炎洲,35,0,35,群益金鼎-高盛,2024-06-20,9105
5353,台林,33,0,33,群益金鼎-高盛,2024-06-20,9105
00948B,中信優息投資級債,30,0,30,群益金鼎-高盛,2024-06-20,9105
0056,元大高股息,32,2,30,群益金鼎-高盛,2024-06-20,9105
2353,宏��,32,4,28,群益金鼎-高盛,2024-06-20,9105
2208,台船,30,2,28,群益金鼎-高盛,2024-06-20,9105
1522,堤維西,23,0,23,群益金鼎-高盛,2024-06-20,9105
1609,大亞,32,11,21,群益金鼎-高盛,2024-06-20,9105
8039,台虹,21,0,21,群益金鼎-高盛,2024-06-20,9105
00679B,元大美債20年,24,4,20,群益金鼎-高盛,2024-06-20,9105
2618,長榮航,19,3,16,群益金鼎-高盛,2024-06-20,9105
3105,穩懋,21,7,14,群益金鼎-高盛,2024-06-20,9105
3078,僑威,15,2,13,群益金鼎-高盛,2024-06-20,9105
1608,華榮,25,13,12,群益金鼎-高盛,2024-06-20,9105
6005,群益證,12,0,12,群益金鼎-高盛,2024-06-20,9105
2537,聯上發,18,7,11,群益金鼎-高盛,2024-06-20,9105
00632R,元大台灣50反1,33,22,11,群益金鼎-高盛,2024-06-20,9105
3005,神基,12,1,11,群益金鼎-高盛,2024-06-20,9105
00764B,群益25年美債,10,0,10,群益金鼎-高盛,2024-06-20,9105
00753L,中信中國50正2,10,0,10,群益金鼎-高盛,2024-06-20,9105
00665L,富邦�琤肭磪囓�2,10,0,10,群益金鼎-高盛,2024-06-20,9105
3712,永崴投控,10,0,10,群益金鼎-高盛,2024-06-20,9105
4114,健喬,10,0,10,群益金鼎-高盛,2024-06-20,9105
6246,臺龍,10,0,10,群益金鼎-高盛,2024-06-20,9105
8105,凌巨,18,8,10,群益金鼎-高盛,2024-06-20,9105
9904,寶成,10,0,10,群益金鼎-高盛,2024-06-20,9105
5464,霖宏,10,0,10,群益金鼎-高盛,2024-06-20,9105
2352,佳世達,10,0,10,群益金鼎-高盛,2024-06-20,9105
2317,鴻海,71,62,9,群益金鼎-高盛,2024-06-20,9105
00882,中信中國高股息,11,2,9,群益金鼎-高盛,2024-06-20,9105
3645,達邁,9,0,9,群益金鼎-高盛,2024-06-20,9105
0050,元大台灣50,9,1,8,群益金鼎-高盛,2024-06-20,9105
00687B,國泰20年美債,64,56,8,群益金鼎-高盛,2024-06-20,9105
6207,雷科,15,7,8,群益金鼎-高盛,2024-06-20,9105
00680L,元大美債20正2,10,3,7,群益金鼎-高盛,2024-06-20,9105
1815,富喬,33,26,7,群益金鼎-高盛,2024-06-20,9105
2065,世豐,7,0,7,群益金鼎-高盛,2024-06-20,9105
2367,燿華,9,2,7,群益金鼎-高盛,2024-06-20,9105
2613,中櫃,9,2,7,群益金鼎-高盛,2024-06-20,9105
00937B,群益ESG投等債20,211,0,211,群益金鼎-高盛,2024-06-21,9105
00946,群益科技高息成長,187,58,129,群益金鼎-高盛,2024-06-21,9105
2542,興富發,99,0,99,群益金鼎-高盛,2024-06-21,9105
1309,台達化,105,12,93,群益金鼎-高盛,2024-06-21,9105
00948B,中信優息投資級債,59,0,59,群益金鼎-高盛,2024-06-21,9105
2317,鴻海,65,7,58,群益金鼎-高盛,2024-06-21,9105
6282,康舒,55,1,54,群益金鼎-高盛,2024-06-21,9105
1301,台塑,63,10,53,群益金鼎-高盛,2024-06-21,9105
00664R,國泰臺灣加權反1,57,7,50,群益金鼎-高盛,2024-06-21,9105
00936,台新永續高息中小,51,4,47,群益金鼎-高盛,2024-06-21,9105
00940,元大台灣價值高息,48,1,47,群益金鼎-高盛,2024-06-21,9105
4562,穎漢,57,16,41,群益金鼎-高盛,2024-06-21,9105
00687B,國泰20年美債,39,0,39,群益金鼎-高盛,2024-06-21,9105
00878,國泰永續高股息,39,5,34,群益金鼎-高盛,2024-06-21,9105
6116,彩晶,30,0,30,群益金鼎-高盛,2024-06-21,9105
8050,廣積,30,0,30,群益金鼎-高盛,2024-06-21,9105
3652,精聯,25,0,25,群益金鼎-高盛,2024-06-21,9105
00881,國泰台灣5G+,22,0,22,群益金鼎-高盛,2024-06-21,9105
2412,中華電,21,0,21,群益金鼎-高盛,2024-06-21,9105
00712,復華富時不動產,20,0,20,群益金鼎-高盛,2024-06-21,9105
00753L,中信中國50正2,20,0,20,群益金鼎-高盛,2024-06-21,9105
3105,穩懋,23,3,20,群益金鼎-高盛,2024-06-21,9105
2324,仁寶,20,1,19,群益金鼎-高盛,2024-06-21,9105
4513,福裕,18,0,18,群益金鼎-高盛,2024-06-21,9105
2329,華泰,28,10,18,群益金鼎-高盛,2024-06-21,9105
9105,泰金寶-DR,25,8,17,群益金鼎-高盛,2024-06-21,9105
2547,日勝生,17,0,17,群益金鼎-高盛,2024-06-21,9105
3450,聯鈞,60,44,16,群益金鼎-高盛,2024-06-21,9105
5474,聰泰,16,0,16,群益金鼎-高盛,2024-06-21,9105
2609,陽明,60,44,16,群益金鼎-高盛,2024-06-21,9105
3715,定穎投控,15,0,15,群益金鼎-高盛,2024-06-21,9105
00685L,群益臺灣加權正2,13,0,13,群益金鼎-高盛,2024-06-21,9105
2481,強茂,13,0,13,群益金鼎-高盛,2024-06-21,9105
00669R,國泰美國道瓊反1,12,0,12,群益金鼎-高盛,2024-06-21,9105
0056,元大高股息,11,0,11,群益金鼎-高盛,2024-06-21,9105
1532,勤美,11,0,11,群益金鼎-高盛,2024-06-21,9105
2101,南港,12,1,11,群益金鼎-高盛,2024-06-21,9105
8071,能率網通,11,0,11,群益金鼎-高盛,2024-06-21,9105
00751B,元大AAA至A公司債,12,2,10,群益金鼎-高盛,2024-06-21,9105
00923,群益台ESG低碳50,10,0,10,群益金鼎-高盛,2024-06-21,9105
2301,光寶科,11,1,10,群益金鼎-高盛,2024-06-21,9105
2363,矽統,13,3,10,群益金鼎-高盛,2024-06-21,9105
4111,濟生,10,0,10,群益金鼎-高盛,2024-06-21,9105
8011,台通,15,5,10,群益金鼎-高盛,2024-06-21,9105
2330,台積電,11,2,9,群益金鼎-高盛,2024-06-21,9105
6163,華電網,10,1,9,群益金鼎-高盛,2024-06-21,9105
00713,元大台灣高息低波,8,0,8,群益金鼎-高盛,2024-06-21,9105
2641,正德,8,0,8,群益金鼎-高盛,2024-06-21,9105
00933B,國泰10Y+金融債,11,3,8,群益金鼎-高盛,2024-06-21,9105
8096,擎亞,39,31,8,群益金鼎-高盛,2024-06-21,9105
2516,新建,3482,0,3482,群益金鼎-高盛,2024-06-24,9105
3481,群創,443,186,257,群益金鼎-高盛,2024-06-24,9105
00933B,國泰10Y+金融債,228,3,225,群益金鼎-高盛,2024-06-24,9105
00669R,國泰美國道瓊反1,160,0,160,群益金鼎-高盛,2024-06-24,9105
00937B,群益ESG投等債20,126,0,126,群益金鼎-高盛,2024-06-24,9105
2330,台積電,92,13,79,群益金鼎-高盛,2024-06-24,9105
00946,群益科技高息成長,168,107,61,群益金鼎-高盛,2024-06-24,9105
2409,友達,65,8,57,群益金鼎-高盛,2024-06-24,9105
2369,菱生,65,11,54,群益金鼎-高盛,2024-06-24,9105
6282,康舒,52,0,52,群益金鼎-高盛,2024-06-24,9105
00664R,國泰臺灣加權反1,50,0,50,群益金鼎-高盛,2024-06-24,9105
1909,榮成,50,0,50,群益金鼎-高盛,2024-06-24,9105
3419,譁裕,50,0,50,群益金鼎-高盛,2024-06-24,9105
1101,台泥,51,4,47,群益金鼎-高盛,2024-06-24,9105
00940,元大台灣價值高息,47,1,46,群益金鼎-高盛,2024-06-24,9105
00936,台新永續高息中小,43,0,43,群益金鼎-高盛,2024-06-24,9105
00948B,中信優息投資級債,40,0,40,群益金鼎-高盛,2024-06-24,9105
0056,元大高股息,34,0,34,群益金鼎-高盛,2024-06-24,9105
4956,光鋐,39,9,30,群益金鼎-高盛,2024-06-24,9105
2419,仲琦,49,21,28,群益金鼎-高盛,2024-06-24,9105
2401,凌陽,27,0,27,群益金鼎-高盛,2024-06-24,9105
00907,永豐優息存股,25,0,25,群益金鼎-高盛,2024-06-24,9105
1409,新纖,28,3,25,群益金鼎-高盛,2024-06-24,9105
00753L,中信中國50正2,21,0,21,群益金鼎-高盛,2024-06-24,9105
00687B,國泰20年美債,21,0,21,群益金鼎-高盛,2024-06-24,9105
6248,沛波,21,0,21,群益金鼎-高盛,2024-06-24,9105
3014,聯陽,20,0,20,群益金鼎-高盛,2024-06-24,9105
3623,富晶通,20,0,20,群益金鼎-高盛,2024-06-24,9105
4306,炎洲,20,0,20,群益金鼎-高盛,2024-06-24,9105
5529,鉅陞,18,0,18,群益金鼎-高盛,2024-06-24,9105
00939,統一台灣高息動能,18,1,17,群益金鼎-高盛,2024-06-24,9105
2408,南亞科,17,0,17,群益金鼎-高盛,2024-06-24,9105
2340,台亞,17,1,16,群益金鼎-高盛,2024-06-24,9105
4120,友華,16,0,16,群益金鼎-高盛,2024-06-24,9105
3062,建漢,59,43,16,群益金鼎-高盛,2024-06-24,9105
6290,良維,16,0,16,群益金鼎-高盛,2024-06-24,9105
9949,琉園,16,0,16,群益金鼎-高盛,2024-06-24,9105
2458,義隆,15,0,15,群益金鼎-高盛,2024-06-24,9105
3105,穩懋,13,0,13,群益金鼎-高盛,2024-06-24,9105
3036,文曄,15,2,13,群益金鼎-高盛,2024-06-24,9105
00927,群益半導體收益,15,3,12,群益金鼎-高盛,2024-06-24,9105
4967,十銓,12,0,12,群益金鼎-高盛,2024-06-24,9105
00895,富邦未來車,14,2,12,群益金鼎-高盛,2024-06-24,9105
2542,興富發,32,20,12,群益金鼎-高盛,2024-06-24,9105
6526,達發,11,0,11,群益金鼎-高盛,2024-06-24,9105
00692,富邦公司治理,13,2,11,群益金鼎-高盛,2024-06-24,9105
2065,世豐,11,0,11,群益金鼎-高盛,2024-06-24,9105
2379,瑞昱,11,0,11,群益金鼎-高盛,2024-06-24,9105
2515,中工,11,0,11,群益金鼎-高盛,2024-06-24,9105
5481,新華,11,0,11,群益金鼎-高盛,2024-06-24,9105
2516,新建,2052,2,2050,群益金鼎-高盛,2024-06-25,9105
00929,復華台灣科技優息,528,316,212,群益金鼎-高盛,2024-06-25,9105
00919,群益台灣精選高息,133,12,121,群益金鼎-高盛,2024-06-25,9105
4168,醣聯,50,0,50,群益金鼎-高盛,2024-06-25,9105
00936,台新永續高息中小,56,7,49,群益金鼎-高盛,2024-06-25,9105
2369,菱生,41,1,40,群益金鼎-高盛,2024-06-25,9105
2303,聯電,36,3,33,群益金鼎-高盛,2024-06-25,9105
2376,技嘉,33,3,30,群益金鼎-高盛,2024-06-25,9105
2611,志信,31,4,27,群益金鼎-高盛,2024-06-25,9105
00687B,國泰20年美債,31,6,25,群益金鼎-高盛,2024-06-25,9105
2834,臺企銀,24,3,21,群益金鼎-高盛,2024-06-25,9105
3038,全台,20,0,20,群益金鼎-高盛,2024-06-25,9105
2002,中鋼,20,0,20,群益金鼎-高盛,2024-06-25,9105
00930,永豐ESG低碳高息,20,0,20,群益金鼎-高盛,2024-06-25,9105
2455,全新,21,1,20,群益金鼎-高盛,2024-06-25,9105
1815,富喬,51,32,19,群益金鼎-高盛,2024-06-25,9105
2317,鴻海,40,22,18,群益金鼎-高盛,2024-06-25,9105
00878,國泰永續高股息,16,0,16,群益金鼎-高盛,2024-06-25,9105
3663,鑫科,49,34,15,群益金鼎-高盛,2024-06-25,9105
2363,矽統,18,3,15,群益金鼎-高盛,2024-06-25,9105
2406,國碩,20,5,15,群益金鼎-高盛,2024-06-25,9105
6290,良維,15,0,15,群益金鼎-高盛,2024-06-25,9105
3037,欣興,17,2,15,群益金鼎-高盛,2024-06-25,9105
2618,長榮航,14,1,13,群益金鼎-高盛,2024-06-25,9105
4726,永昕,13,0,13,群益金鼎-高盛,2024-06-25,9105
5529,鉅陞,13,0,13,群益金鼎-高盛,2024-06-25,9105
00940,元大台灣價值高息,48,35,13,群益金鼎-高盛,2024-06-25,9105
00713,元大台灣高息低波,12,0,12,群益金鼎-高盛,2024-06-25,9105
6695,芯鼎,30,18,12,群益金鼎-高盛,2024-06-25,9105
2025,千興,20,8,12,群益金鼎-高盛,2024-06-25,9105
2409,友達,12,0,12,群益金鼎-高盛,2024-06-25,9105
2801,彰銀,12,0,12,群益金鼎-高盛,2024-06-25,9105
3035,智原,16,4,12,群益金鼎-高盛,2024-06-25,9105
00830,國泰費城半導體,11,0,11,群益金鼎-高盛,2024-06-25,9105
1522,堤維西,13,2,11,群益金鼎-高盛,2024-06-25,9105
8374,羅昇,20,9,11,群益金鼎-高盛,2024-06-25,9105
00881,國泰台灣5G+,11,0,11,群益金鼎-高盛,2024-06-25,9105
3062,建漢,51,40,11,群益金鼎-高盛,2024-06-25,9105
1303,南亞,10,0,10,群益金鼎-高盛,2024-06-25,9105
1434,福懋,10,0,10,群益金鼎-高盛,2024-06-25,9105
2038,海光,10,0,10,群益金鼎-高盛,2024-06-25,9105
2355,敬鵬,10,0,10,群益金鼎-高盛,2024-06-25,9105
4127,天良,10,0,10,群益金鼎-高盛,2024-06-25,9105
9105,泰金寶-DR,17,7,10,群益金鼎-高盛,2024-06-25,9105
2903,遠百,10,0,10,群益金鼎-高盛,2024-06-25,9105
00715L,期街口布蘭特正2,10,1,9,群益金鼎-高盛,2024-06-25,9105
2009,第一銅,10,1,9,群益金鼎-高盛,2024-06-25,9105
3305,昇貿,14,5,9,群益金鼎-高盛,2024-06-25,9105
4120,友華,10,1,9,群益金鼎-高盛,2024-06-25,9105
6182,合晶,9,0,9,群益金鼎-高盛,2024-06-25,9105
2887,台新金,200,0,200,群益金鼎-高盛,2024-06-26,9105
00936,台新永續高息中小,76,0,76,群益金鼎-高盛,2024-06-26,9105
1785,光洋科,88,27,61,群益金鼎-高盛,2024-06-26,9105
3481,群創,88,30,58,群益金鼎-高盛,2024-06-26,9105
6117,迎廣,60,15,45,群益金鼎-高盛,2024-06-26,9105
1326,台化,36,1,35,群益金鼎-高盛,2024-06-26,9105
5529,鉅陞,35,0,35,群益金鼎-高盛,2024-06-26,9105
2409,友達,33,6,27,群益金鼎-高盛,2024-06-26,9105
4168,醣聯,23,0,23,群益金鼎-高盛,2024-06-26,9105
0056,元大高股息,20,0,20,群益金鼎-高盛,2024-06-26,9105
3231,緯創,22,2,20,群益金鼎-高盛,2024-06-26,9105
00937B,群益ESG投等債20,28,10,18,群益金鼎-高盛,2024-06-26,9105
00687B,國泰20年美債,18,0,18,群益金鼎-高盛,2024-06-26,9105
00948B,中信優息投資級債,21,3,18,群益金鼎-高盛,2024-06-26,9105
2356,英業達,21,4,17,群益金鼎-高盛,2024-06-26,9105
2353,宏��,21,4,17,群益金鼎-高盛,2024-06-26,9105
2537,聯上發,28,11,17,群益金鼎-高盛,2024-06-26,9105
2344,華邦電,29,13,16,群益金鼎-高盛,2024-06-26,9105
1514,亞力,32,17,15,群益金鼎-高盛,2024-06-26,9105
1449,佳和,15,0,15,群益金鼎-高盛,2024-06-26,9105
2374,佳能,31,16,15,群益金鼎-高盛,2024-06-26,9105
2107,厚生,14,0,14,群益金鼎-高盛,2024-06-26,9105
6207,雷科,18,4,14,群益金鼎-高盛,2024-06-26,9105
4123,晟德,13,0,13,群益金鼎-高盛,2024-06-26,9105
9105,泰金寶-DR,23,10,13,群益金鼎-高盛,2024-06-26,9105
1503,士電,16,4,12,群益金鼎-高盛,2024-06-26,9105
4526,東台,28,16,12,群益金鼎-高盛,2024-06-26,9105
5452,佶優,17,5,12,群益金鼎-高盛,2024-06-26,9105
2609,陽明,26,15,11,群益金鼎-高盛,2024-06-26,9105
1303,南亞,11,1,10,群益金鼎-高盛,2024-06-26,9105
1532,勤美,10,0,10,群益金鼎-高盛,2024-06-26,9105
2014,中鴻,10,0,10,群益金鼎-高盛,2024-06-26,9105
2355,敬鵬,10,0,10,群益金鼎-高盛,2024-06-26,9105
2369,菱生,10,0,10,群益金鼎-高盛,2024-06-26,9105
3026,禾伸堂,10,0,10,群益金鼎-高盛,2024-06-26,9105
5483,中美晶,10,0,10,群益金鼎-高盛,2024-06-26,9105
5490,同亨,10,0,10,群益金鼎-高盛,2024-06-26,9105
6026,福邦證,10,0,10,群益金鼎-高盛,2024-06-26,9105
6216,居易,10,0,10,群益金鼎-高盛,2024-06-26,9105
6217,中探針,17,7,10,群益金鼎-高盛,2024-06-26,9105
6233,旺玖,11,1,10,群益金鼎-高盛,2024-06-26,9105
1718,中纖,10,0,10,群益金鼎-高盛,2024-06-26,9105
2208,台船,9,0,9,群益金鼎-高盛,2024-06-26,9105
1522,堤維西,10,1,9,群益金鼎-高盛,2024-06-26,9105
1609,大亞,28,19,9,群益金鼎-高盛,2024-06-26,9105
00632R,元大台灣50反1,8,0,8,群益金鼎-高盛,2024-06-26,9105
2516,新建,8,0,8,群益金鼎-高盛,2024-06-26,9105
2547,日勝生,8,0,8,群益金鼎-高盛,2024-06-26,9105
5607,遠雄港,8,0,8,群益金鼎-高盛,2024-06-26,9105
8096,擎亞,19,11,8,群益金鼎-高盛,2024-06-26,9105
00929,復華台灣科技優息,353,5,348,群益金鼎-高盛,2024-06-27,9105
00933B,國泰10Y+金融債,124,0,124,群益金鼎-高盛,2024-06-27,9105
00937B,群益ESG投等債20,97,15,82,群益金鼎-高盛,2024-06-27,9105
3047,訊舟,116,49,67,群益金鼎-高盛,2024-06-27,9105
00936,台新永續高息中小,61,0,61,群益金鼎-高盛,2024-06-27,9105
00830,國泰費城半導體,53,0,53,群益金鼎-高盛,2024-06-27,9105
00687B,國泰20年美債,40,0,40,群益金鼎-高盛,2024-06-27,9105
3712,永崴投控,42,7,35,群益金鼎-高盛,2024-06-27,9105
00948B,中信優息投資級債,32,0,32,群益金鼎-高盛,2024-06-27,9105
1337,再生-KY,30,0,30,群益金鼎-高盛,2024-06-27,9105
3666,光耀,43,13,30,群益金鼎-高盛,2024-06-27,9105
9105,泰金寶-DR,37,7,30,群益金鼎-高盛,2024-06-27,9105
2330,台積電,29,1,28,群益金鼎-高盛,2024-06-27,9105
00878,國泰永續高股息,28,0,28,群益金鼎-高盛,2024-06-27,9105
00679B,元大美債20年,26,0,26,群益金鼎-高盛,2024-06-27,9105
2303,聯電,27,2,25,群益金鼎-高盛,2024-06-27,9105
2618,長榮航,59,34,25,群益金鼎-高盛,2024-06-27,9105
2883,凱基金,31,7,24,群益金鼎-高盛,2024-06-27,9105
2317,鴻海,33,10,23,群益金鼎-高盛,2024-06-27,9105
00733,富邦臺灣中小,39,19,20,群益金鼎-高盛,2024-06-27,9105
2356,英業達,41,23,18,群益金鼎-高盛,2024-06-27,9105
00919,群益台灣精選高息,21,3,18,群益金鼎-高盛,2024-06-27,9105
2368,金像電,19,2,17,群益金鼎-高盛,2024-06-27,9105
2537,聯上發,23,6,17,群益金鼎-高盛,2024-06-27,9105
8110,華東,29,12,17,群益金鼎-高盛,2024-06-27,9105
1795,美時,17,2,15,群益金鼎-高盛,2024-06-27,9105
00900,富邦特選高股息30,15,0,15,群益金鼎-高盛,2024-06-27,9105
6248,沛波,15,0,15,群益金鼎-高盛,2024-06-27,9105
2481,強茂,14,0,14,群益金鼎-高盛,2024-06-27,9105
912000,晨訊科-DR,14,0,14,群益金鼎-高盛,2024-06-27,9105
1301,台塑,34,21,13,群益金鼎-高盛,2024-06-27,9105
6538,倉和,13,0,13,群益金鼎-高盛,2024-06-27,9105
8011,台通,16,3,13,群益金鼎-高盛,2024-06-27,9105
2353,宏��,25,12,13,群益金鼎-高盛,2024-06-27,9105
2515,中工,17,5,12,群益金鼎-高盛,2024-06-27,9105
6505,台塑化,13,1,12,群益金鼎-高盛,2024-06-27,9105
4168,醣聯,12,0,12,群益金鼎-高盛,2024-06-27,9105
9904,寶成,12,0,12,群益金鼎-高盛,2024-06-27,9105
00918,大華優利高填息30,14,3,11,群益金鼎-高盛,2024-06-27,9105
2065,世豐,11,0,11,群益金鼎-高盛,2024-06-27,9105
2344,華邦電,16,5,11,群益金鼎-高盛,2024-06-27,9105
6560,欣普羅,11,0,11,群益金鼎-高盛,2024-06-27,9105
00753L,中信中國50正2,10,0,10,群益金鼎-高盛,2024-06-27,9105
00688L,國泰20年美債正2,10,0,10,群益金鼎-高盛,2024-06-27,9105
00650L,復華香港正2,90,80,10,群益金鼎-高盛,2024-06-27,9105
1504,東元,10,0,10,群益金鼎-高盛,2024-06-27,9105
2453,凌群,10,0,10,群益金鼎-高盛,2024-06-27,9105
4707,磐亞,10,0,10,群益金鼎-高盛,2024-06-27,9105
6152,百一,13,3,10,群益金鼎-高盛,2024-06-27,9105
6290,良維,10,0,10,群益金鼎-高盛,2024-06-27,9105
9105,泰金寶-DR,144,29,115,群益金鼎-高盛,2024-06-28,9105
00712,復華富時不動產,114,0,114,群益金鼎-高盛,2024-06-28,9105
00632R,元大台灣50反1,103,2,101,群益金鼎-高盛,2024-06-28,9105
2337,旺宏,75,0,75,群益金鼎-高盛,2024-06-28,9105
00937B,群益ESG投等債20,65,3,62,群益金鼎-高盛,2024-06-28,9105
00948B,中信優息投資級債,41,0,41,群益金鼎-高盛,2024-06-28,9105
1301,台塑,42,3,39,群益金鼎-高盛,2024-06-28,9105
00936,台新永續高息中小,37,0,37,群益金鼎-高盛,2024-06-28,9105
2301,光寶科,35,0,35,群益金鼎-高盛,2024-06-28,9105
2913,農林,32,0,32,群益金鼎-高盛,2024-06-28,9105
4726,永昕,34,5,29,群益金鼎-高盛,2024-06-28,9105
3481,群創,37,9,28,群益金鼎-高盛,2024-06-28,9105
3576,聯合再生,97,74,23,群益金鼎-高盛,2024-06-28,9105
00919,群益台灣精選高息,43,20,23,群益金鼎-高盛,2024-06-28,9105
3483,力致,27,5,22,群益金鼎-高盛,2024-06-28,9105
00687B,國泰20年美債,22,0,22,群益金鼎-高盛,2024-06-28,9105
8046,南電,21,0,21,群益金鼎-高盛,2024-06-28,9105
00905,FT臺灣Smart,20,0,20,群益金鼎-高盛,2024-06-28,9105
3498,陽程,25,7,18,群益金鼎-高盛,2024-06-28,9105
6117,迎廣,17,1,16,群益金鼎-高盛,2024-06-28,9105
2515,中工,15,0,15,群益金鼎-高盛,2024-06-28,9105
8085,福華,15,0,15,群益金鼎-高盛,2024-06-28,9105
2368,金像電,15,0,15,群益金鼎-高盛,2024-06-28,9105
00673R,期元大S＆P原油反1,14,0,14,群益金鼎-高盛,2024-06-28,9105
2834,臺企銀,17,3,14,群益金鼎-高盛,2024-06-28,9105
2417,圓剛,18,4,14,群益金鼎-高盛,2024-06-28,9105
2354,鴻準,22,9,13,群益金鼎-高盛,2024-06-28,9105
5426,振發,14,2,12,群益金鼎-高盛,2024-06-28,9105
8076,伍豐,12,0,12,群益金鼎-高盛,2024-06-28,9105
2455,全新,14,3,11,群益金鼎-高盛,2024-06-28,9105
2516,新建,11,0,11,群益金鼎-高盛,2024-06-28,9105
2542,興富發,11,0,11,群益金鼎-高盛,2024-06-28,9105
2888,新光金,12,1,11,群益金鼎-高盛,2024-06-28,9105
1611,中電,13,2,11,群益金鼎-高盛,2024-06-28,9105
1316,上曜,10,0,10,群益金鼎-高盛,2024-06-28,9105
2107,厚生,10,0,10,群益金鼎-高盛,2024-06-28,9105
3026,禾伸堂,10,0,10,群益金鼎-高盛,2024-06-28,9105
6152,百一,14,4,10,群益金鼎-高盛,2024-06-28,9105
5425,台半,10,0,10,群益金鼎-高盛,2024-06-28,9105
00679B,元大美債20年,30,21,9,群益金鼎-高盛,2024-06-28,9105
2420,新巨,9,0,9,群益金鼎-高盛,2024-06-28,9105
4168,醣聯,31,22,9,群益金鼎-高盛,2024-06-28,9105
5469,瀚宇博,8,0,8,群益金鼎-高盛,2024-06-28,9105
2317,鴻海,26,19,7,群益金鼎-高盛,2024-06-28,9105
2610,華航,10,2,8,群益金鼎-高盛,2024-06-28,9105
2002,中鋼,12,5,7,群益金鼎-高盛,2024-06-28,9105
5371,中光電,9,2,7,群益金鼎-高盛,2024-06-28,9105
1449,佳和,7,0,7,群益金鼎-高盛,2024-06-28,9105
1463,強盛新,7,0,7,群益金鼎-高盛,2024-06-28,9105
3050,鈺德,17,10,7,群益金鼎-高盛,2024-06-28,9105
2887,台新金,300,0,300,群益金鼎-高盛,2024-07-01,9105
00937B,群益ESG投等債20,318,20,298,群益金鼎-高盛,2024-07-01,9105
00764B,群益25年美債,303,12,291,群益金鼎-高盛,2024-07-01,9105
00933B,國泰10Y+金融債,163,0,163,群益金鼎-高盛,2024-07-01,9105
00679B,元大美債20年,86,0,86,群益金鼎-高盛,2024-07-01,9105
1440,南紡,82,0,82,群益金鼎-高盛,2024-07-01,9105
00687B,國泰20年美債,53,2,51,群益金鼎-高盛,2024-07-01,9105
2618,長榮航,90,41,49,群益金鼎-高盛,2024-07-01,9105
2368,金像電,51,8,43,群益金鼎-高盛,2024-07-01,9105
00918,大華優利高填息30,45,3,42,群益金鼎-高盛,2024-07-01,9105
2516,新建,40,0,40,群益金鼎-高盛,2024-07-01,9105
00948B,中信優息投資級債,37,0,37,群益金鼎-高盛,2024-07-01,9105
2313,華通,60,24,36,群益金鼎-高盛,2024-07-01,9105
6164,華興,30,0,30,群益金鼎-高盛,2024-07-01,9105
00934,中信成長高股息,30,0,30,群益金鼎-高盛,2024-07-01,9105
6134,萬旭,44,15,29,群益金鼎-高盛,2024-07-01,9105
1301,台塑,29,1,28,群益金鼎-高盛,2024-07-01,9105
3231,緯創,30,2,28,群益金鼎-高盛,2024-07-01,9105
1609,大亞,26,3,23,群益金鼎-高盛,2024-07-01,9105
00942B,台新美A公司債20+,20,0,20,群益金鼎-高盛,2024-07-01,9105
6152,百一,20,0,20,群益金鼎-高盛,2024-07-01,9105
6282,康舒,20,0,20,群益金鼎-高盛,2024-07-01,9105
8046,南電,20,0,20,群益金鼎-高盛,2024-07-01,9105
6922,宸曜,20,0,20,群益金鼎-高盛,2024-07-01,9105
2867,三商壽,20,1,19,群益金鼎-高盛,2024-07-01,9105
8050,廣積,20,1,19,群益金鼎-高盛,2024-07-01,9105
2836,高雄銀,20,2,18,群益金鼎-高盛,2024-07-01,9105
2634,漢翔,20,2,18,群益金鼎-高盛,2024-07-01,9105
00725B,國泰投資級公司債,23,6,17,群益金鼎-高盛,2024-07-01,9105
1514,亞力,20,4,16,群益金鼎-高盛,2024-07-01,9105
5009,榮剛,17,1,16,群益金鼎-高盛,2024-07-01,9105
3605,宏致,16,0,16,群益金鼎-高盛,2024-07-01,9105
2453,凌群,15,0,15,群益金鼎-高盛,2024-07-01,9105
2891,中信金,16,2,14,群益金鼎-高盛,2024-07-01,9105
00680L,元大美債20正2,14,0,14,群益金鼎-高盛,2024-07-01,9105
2606,裕民,16,2,14,群益金鼎-高盛,2024-07-01,9105
2609,陽明,34,20,14,群益金鼎-高盛,2024-07-01,9105
2365,昆盈,95,81,14,群益金鼎-高盛,2024-07-01,9105
2344,華邦電,14,1,13,群益金鼎-高盛,2024-07-01,9105
2363,矽統,13,0,13,群益金鼎-高盛,2024-07-01,9105
3356,奇偶,14,1,13,群益金鼎-高盛,2024-07-01,9105
6560,欣普羅,13,0,13,群益金鼎-高盛,2024-07-01,9105
2352,佳世達,14,2,12,群益金鼎-高盛,2024-07-01,9105
2065,世豐,12,0,12,群益金鼎-高盛,2024-07-01,9105
4903,聯光通,11,0,11,群益金鼎-高盛,2024-07-01,9105
8085,福華,15,4,11,群益金鼎-高盛,2024-07-01,9105
00753L,中信中國50正2,10,0,10,群益金鼎-高盛,2024-07-01,9105
00795B,中信美國公債20年,10,0,10,群益金鼎-高盛,2024-07-01,9105
00712,復華富時不動產,10,0,10,群益金鼎-高盛,2024-07-01,9105
00637L,元大滬深300正2,10,0,10,群益金鼎-高盛,2024-07-01,9105
00934,中信成長高股息,374,25,349,群益金鼎-高盛,2024-07-02,9105
00929,復華台灣科技優息,360,165,195,群益金鼎-高盛,2024-07-02,9105
2303,聯電,168,8,160,群益金鼎-高盛,2024-07-02,9105
00946,群益科技高息成長,160,26,134,群益金鼎-高盛,2024-07-02,9105
00679B,元大美債20年,128,1,127,群益金鼎-高盛,2024-07-02,9105
2317,鴻海,128,12,116,群益金鼎-高盛,2024-07-02,9105
2337,旺宏,105,6,99,群益金鼎-高盛,2024-07-02,9105
3231,緯創,98,4,94,群益金鼎-高盛,2024-07-02,9105
2027,大成鋼,91,1,90,群益金鼎-高盛,2024-07-02,9105
2618,長榮航,124,35,89,群益金鼎-高盛,2024-07-02,9105
00919,群益台灣精選高息,95,24,71,群益金鼎-高盛,2024-07-02,9105
3481,群創,92,28,64,群益金鼎-高盛,2024-07-02,9105
00688L,國泰20年美債正2,52,0,52,群益金鼎-高盛,2024-07-02,9105
00687B,國泰20年美債,42,1,41,群益金鼎-高盛,2024-07-02,9105
00942B,台新美A公司債20+,34,0,34,群益金鼎-高盛,2024-07-02,9105
3038,全台,33,0,33,群益金鼎-高盛,2024-07-02,9105
2324,仁寶,30,2,28,群益金鼎-高盛,2024-07-02,9105
6015,宏遠證,27,0,27,群益金鼎-高盛,2024-07-02,9105
2615,萬海,36,15,21,群益金鼎-高盛,2024-07-02,9105
00927,群益半導體收益,20,0,20,群益金鼎-高盛,2024-07-02,9105
1789,神隆,20,0,20,群益金鼎-高盛,2024-07-02,9105
3711,日月光投控,21,1,20,群益金鼎-高盛,2024-07-02,9105
6290,良維,20,1,19,群益金鼎-高盛,2024-07-02,9105
2495,普安,33,14,19,群益金鼎-高盛,2024-07-02,9105
4726,永昕,18,0,18,群益金鼎-高盛,2024-07-02,9105
00948B,中信優息投資級債,16,0,16,群益金鼎-高盛,2024-07-02,9105
1609,大亞,17,2,15,群益金鼎-高盛,2024-07-02,9105
8059,凱碩,15,0,15,群益金鼎-高盛,2024-07-02,9105
2816,旺旺保,14,0,14,群益金鼎-高盛,2024-07-02,9105
3105,穩懋,14,0,14,群益金鼎-高盛,2024-07-02,9105
3702,大聯大,14,0,14,群益金鼎-高盛,2024-07-02,9105
6285,啟��,16,2,14,群益金鼎-高盛,2024-07-02,9105
5498,凱崴,13,0,13,群益金鼎-高盛,2024-07-02,9105
00936,台新永續高息中小,22,10,12,群益金鼎-高盛,2024-07-02,9105
6207,雷科,16,4,12,群益金鼎-高盛,2024-07-02,9105
2702,華園,12,0,12,群益金鼎-高盛,2024-07-02,9105
3686,達能,14,2,12,群益金鼎-高盛,2024-07-02,9105
8050,廣積,14,2,12,群益金鼎-高盛,2024-07-02,9105
2365,昆盈,93,81,12,群益金鼎-高盛,2024-07-02,9105
6477,安集,19,8,11,群益金鼎-高盛,2024-07-02,9105
2547,日勝生,11,0,11,群益金鼎-高盛,2024-07-02,9105
8933,愛地雅,11,0,11,群益金鼎-高盛,2024-07-02,9105
00751B,元大AAA至A公司債,10,0,10,群益金鼎-高盛,2024-07-02,9105
3059,華晶科,16,6,10,群益金鼎-高盛,2024-07-02,9105
3035,智原,27,17,10,群益金鼎-高盛,2024-07-02,9105
1217,愛之味,10,0,10,群益金鼎-高盛,2024-07-02,9105
1337,再生-KY,10,0,10,群益金鼎-高盛,2024-07-02,9105
1815,富喬,10,0,10,群益金鼎-高盛,2024-07-02,9105
2369,菱生,10,0,10,群益金鼎-高盛,2024-07-02,9105
2482,連宇,10,0,10,群益金鼎-高盛,2024-07-02,9105
3045,台灣大,281,6,275,群益金鼎-高盛,2024-07-03,9105
1785,光洋科,125,27,98,群益金鼎-高盛,2024-07-03,9105
00934,中信成長高股息,73,6,67,群益金鼎-高盛,2024-07-03,9105
00919,群益台灣精選高息,41,1,40,群益金鼎-高盛,2024-07-03,9105
00937B,群益ESG投等債20,39,0,39,群益金鼎-高盛,2024-07-03,9105
9105,泰金寶-DR,64,31,33,群益金鼎-高盛,2024-07-03,9105
2368,金像電,34,2,32,群益金鼎-高盛,2024-07-03,9105
00725B,國泰投資級公司債,47,16,31,群益金鼎-高盛,2024-07-03,9105
1434,福懋,30,0,30,群益金鼎-高盛,2024-07-03,9105
00679B,元大美債20年,30,0,30,群益金鼎-高盛,2024-07-03,9105
00949,復華日本龍頭,23,0,23,群益金鼎-高盛,2024-07-03,9105
4161,聿新科,22,0,22,群益金鼎-高盛,2024-07-03,9105
3059,華晶科,22,1,21,群益金鼎-高盛,2024-07-03,9105
3163,波若威,23,2,21,群益金鼎-高盛,2024-07-03,9105
4123,晟德,21,0,21,群益金鼎-高盛,2024-07-03,9105
2359,所羅門,43,22,21,群益金鼎-高盛,2024-07-03,9105
6841,長佳智能,21,1,20,群益金鼎-高盛,2024-07-03,9105
2401,凌陽,20,0,20,群益金鼎-高盛,2024-07-03,9105
2867,三商壽,23,3,20,群益金鼎-高盛,2024-07-03,9105
2031,新光鋼,20,1,19,群益金鼎-高盛,2024-07-03,9105
00927,群益半導體收益,18,0,18,群益金鼎-高盛,2024-07-03,9105
6134,萬旭,18,0,18,群益金鼎-高盛,2024-07-03,9105
1536,和大,25,8,17,群益金鼎-高盛,2024-07-03,9105
2371,大同,17,0,17,群益金鼎-高盛,2024-07-03,9105
2002,中鋼,25,9,16,群益金鼎-高盛,2024-07-03,9105
00680L,元大美債20正2,16,0,16,群益金鼎-高盛,2024-07-03,9105
1504,東元,16,0,16,群益金鼎-高盛,2024-07-03,9105
4716,大立,16,0,16,群益金鼎-高盛,2024-07-03,9105
9904,寶成,21,5,16,群益金鼎-高盛,2024-07-03,9105
3704,合勤控,15,0,15,群益金鼎-高盛,2024-07-03,9105
1514,亞力,19,5,14,群益金鼎-高盛,2024-07-03,9105
2405,輔信,17,5,12,群益金鼎-高盛,2024-07-03,9105
00632R,元大台灣50反1,12,0,12,群益金鼎-高盛,2024-07-03,9105
8928,鉅明,12,0,12,群益金鼎-高盛,2024-07-03,9105
4906,正文,30,18,12,群益金鼎-高盛,2024-07-03,9105
2702,華園,11,0,11,群益金鼎-高盛,2024-07-03,9105
2836,高雄銀,10,0,10,群益金鼎-高盛,2024-07-03,9105
2515,中工,10,0,10,群益金鼎-高盛,2024-07-03,9105
3615,安可,21,11,10,群益金鼎-高盛,2024-07-03,9105
6288,聯嘉,10,0,10,群益金鼎-高盛,2024-07-03,9105
6637,醫影,10,0,10,群益金鼎-高盛,2024-07-03,9105
00936,台新永續高息中小,11,1,10,群益金鼎-高盛,2024-07-03,9105
2332,友訊,37,28,9,群益金鼎-高盛,2024-07-03,9105
5392,能率,9,0,9,群益金鼎-高盛,2024-07-03,9105
5469,瀚宇博,9,0,9,群益金鼎-高盛,2024-07-03,9105
6116,彩晶,10,1,9,群益金鼎-高盛,2024-07-03,9105
1527,鑽全,8,0,8,群益金鼎-高盛,2024-07-03,9105
1605,華新,8,0,8,群益金鼎-高盛,2024-07-03,9105
2377,微星,10,2,8,群益金鼎-高盛,2024-07-03,9105
3047,訊舟,91,83,8,群益金鼎-高盛,2024-07-03,9105
2412,中華電,176,0,176,群益金鼎-高盛,2024-07-04,9105
2888,新光金,200,34,166,群益金鼎-高盛,2024-07-04,9105
2516,新建,90,0,90,群益金鼎-高盛,2024-07-04,9105
00632R,元大台灣50反1,79,21,58,群益金鼎-高盛,2024-07-04,9105
3047,訊舟,169,115,54,群益金鼎-高盛,2024-07-04,9105
6005,群益證,46,0,46,群益金鼎-高盛,2024-07-04,9105
00929,復華台灣科技優息,48,2,46,群益金鼎-高盛,2024-07-04,9105
3591,艾笛森,33,3,30,群益金鼎-高盛,2024-07-04,9105
3189,景碩,29,0,29,群益金鼎-高盛,2024-07-04,9105
00937B,群益ESG投等債20,32,4,28,群益金鼎-高盛,2024-07-04,9105
3483,力致,28,1,27,群益金鼎-高盛,2024-07-04,9105
2867,三商壽,37,11,26,群益金鼎-高盛,2024-07-04,9105
2367,燿華,30,5,25,群益金鼎-高盛,2024-07-04,9105
1815,富喬,24,0,24,群益金鼎-高盛,2024-07-04,9105
00919,群益台灣精選高息,29,8,21,群益金鼎-高盛,2024-07-04,9105
2353,宏��,24,3,21,群益金鼎-高盛,2024-07-04,9105
2363,矽統,29,8,21,群益金鼎-高盛,2024-07-04,9105
3323,加百裕,20,0,20,群益金鼎-高盛,2024-07-04,9105
5529,鉅陞,19,0,19,群益金鼎-高盛,2024-07-04,9105
3374,精材,27,8,19,群益金鼎-高盛,2024-07-04,9105
9904,寶成,16,0,16,群益金鼎-高盛,2024-07-04,9105
2618,長榮航,33,18,15,群益金鼎-高盛,2024-07-04,9105
6213,聯茂,15,1,14,群益金鼎-高盛,2024-07-04,9105
00664R,國泰臺灣加權反1,35,22,13,群益金鼎-高盛,2024-07-04,9105
2609,陽明,20,8,12,群益金鼎-高盛,2024-07-04,9105
1795,美時,13,1,12,群益金鼎-高盛,2024-07-04,9105
1536,和大,42,30,12,群益金鼎-高盛,2024-07-04,9105
1597,直得,11,0,11,群益金鼎-高盛,2024-07-04,9105
1618,合機,27,16,11,群益金鼎-高盛,2024-07-04,9105
4105,東洋,11,0,11,群益金鼎-高盛,2024-07-04,9105
8928,鉅明,11,0,11,群益金鼎-高盛,2024-07-04,9105
2368,金像電,11,0,11,群益金鼎-高盛,2024-07-04,9105
2454,聯發科,12,2,10,群益金鼎-高盛,2024-07-04,9105
00936,台新永續高息中小,10,0,10,群益金鼎-高盛,2024-07-04,9105
00915,凱基優選高股息30,10,0,10,群益金鼎-高盛,2024-07-04,9105
00665L,富邦�琤肭磪囓�2,10,0,10,群益金鼎-高盛,2024-07-04,9105
2610,華航,31,21,10,群益金鼎-高盛,2024-07-04,9105
3390,旭軟,10,0,10,群益金鼎-高盛,2024-07-04,9105
3623,富晶通,13,3,10,群益金鼎-高盛,2024-07-04,9105
8085,福華,10,0,10,群益金鼎-高盛,2024-07-04,9105
6265,方土昶,9,0,9,群益金鼎-高盛,2024-07-04,9105
5443,均豪,50,41,9,群益金鼎-高盛,2024-07-04,9105
6116,彩晶,12,3,9,群益金鼎-高盛,2024-07-04,9105
6477,安集,9,0,9,群益金鼎-高盛,2024-07-04,9105
6806,森崴能源,10,1,9,群益金鼎-高盛,2024-07-04,9105
2834,臺企銀,11,2,9,群益金鼎-高盛,2024-07-04,9105
2344,華邦電,8,0,8,群益金鼎-高盛,2024-07-04,9105
4120,友華,8,0,8,群益金鼎-高盛,2024-07-04,9105
4123,晟德,11,3,8,群益金鼎-高盛,2024-07-04,9105
4972,湯石照明,8,0,8,群益金鼎-高盛,2024-07-04,9105
2887,台新金,202,0,202,群益金鼎-高盛,2024-07-05,9105
6207,雷科,170,10,160,群益金鼎-高盛,2024-07-05,9105
2888,新光金,150,0,150,群益金鼎-高盛,2024-07-05,9105
2354,鴻準,115,11,104,群益金鼎-高盛,2024-07-05,9105
2332,友訊,102,0,102,群益金鼎-高盛,2024-07-05,9105
00712,復華富時不動產,107,10,97,群益金鼎-高盛,2024-07-05,9105
00725B,國泰投資級公司債,109,43,66,群益金鼎-高盛,2024-07-05,9105
00934,中信成長高股息,39,0,39,群益金鼎-高盛,2024-07-05,9105
6117,迎廣,44,7,37,群益金鼎-高盛,2024-07-05,9105
00927,群益半導體收益,35,0,35,群益金鼎-高盛,2024-07-05,9105
00637L,元大滬深300正2,37,4,33,群益金鼎-高盛,2024-07-05,9105
2455,全新,33,2,31,群益金鼎-高盛,2024-07-05,9105
2301,光寶科,29,0,29,群益金鼎-高盛,2024-07-05,9105
2323,中環,44,16,28,群益金鼎-高盛,2024-07-05,9105
1611,中電,27,0,27,群益金鼎-高盛,2024-07-05,9105
2515,中工,27,0,27,群益金鼎-高盛,2024-07-05,9105
2317,鴻海,43,17,26,群益金鼎-高盛,2024-07-05,9105
5392,能率,27,1,26,群益金鼎-高盛,2024-07-05,9105
2440,太空梭,30,5,25,群益金鼎-高盛,2024-07-05,9105
2352,佳世達,25,1,24,群益金鼎-高盛,2024-07-05,9105
2356,英業達,46,23,23,群益金鼎-高盛,2024-07-05,9105
1314,中石化,21,0,21,群益金鼎-高盛,2024-07-05,9105
2911,麗嬰房,24,4,20,群益金鼎-高盛,2024-07-05,9105
3617,碩天,20,0,20,群益金鼎-高盛,2024-07-05,9105
2498,宏達電,20,1,19,群益金鼎-高盛,2024-07-05,9105
3518,柏騰,23,7,16,群益金鼎-高盛,2024-07-05,9105
00713,元大台灣高息低波,15,0,15,群益金鼎-高盛,2024-07-05,9105
2353,宏��,16,1,15,群益金鼎-高盛,2024-07-05,9105
2363,矽統,88,73,15,群益金鼎-高盛,2024-07-05,9105
2637,慧洋-KY,15,0,15,群益金鼎-高盛,2024-07-05,9105
4120,友華,15,0,15,群益金鼎-高盛,2024-07-05,9105
6155,鈞寶,15,0,15,群益金鼎-高盛,2024-07-05,9105
2393,億光,16,2,14,群益金鼎-高盛,2024-07-05,9105
3313,斐成,21,7,14,群益金鼎-高盛,2024-07-05,9105
1504,東元,13,0,13,群益金鼎-高盛,2024-07-05,9105
2355,敬鵬,18,5,13,群益金鼎-高盛,2024-07-05,9105
6290,良維,15,2,13,群益金鼎-高盛,2024-07-05,9105
00679B,元大美債20年,12,0,12,群益金鼎-高盛,2024-07-05,9105
1783,和康生,12,0,12,群益金鼎-高盛,2024-07-05,9105
2834,臺企銀,12,0,12,群益金鼎-高盛,2024-07-05,9105
3591,艾笛森,12,0,12,群益金鼎-高盛,2024-07-05,9105
5529,鉅陞,12,0,12,群益金鼎-高盛,2024-07-05,9105
6189,豐藝,13,2,11,群益金鼎-高盛,2024-07-05,9105
2408,南亞科,19,8,11,群益金鼎-高盛,2024-07-05,9105
9914,美利達,11,0,11,群益金鼎-高盛,2024-07-05,9105
4974,亞泰,11,0,11,群益金鼎-高盛,2024-07-05,9105
00751B,元大AAA至A公司債,10,0,10,群益金鼎-高盛,2024-07-05,9105
2454,聯發科,10,0,10,群益金鼎-高盛,2024-07-05,9105
00688L,國泰20年美債正2,10,0,10,群益金鼎-高盛,2024-07-05,9105
2344,華邦電,10,0,10,群益金鼎-高盛,2024-07-05,9105
2887,台新金,502,6,496,群益金鼎-高盛,2024-07-08,9105
00725B,國泰投資級公司債,401,85,316,群益金鼎-高盛,2024-07-08,9105
00946,群益科技高息成長,230,0,230,群益金鼎-高盛,2024-07-08,9105
2888,新光金,111,16,95,群益金鼎-高盛,2024-07-08,9105
4720,德淵,91,0,91,群益金鼎-高盛,2024-07-08,9105
3062,建漢,78,19,59,群益金鼎-高盛,2024-07-08,9105
00929,復華台灣科技優息,61,10,51,群益金鼎-高盛,2024-07-08,9105
00632R,元大台灣50反1,113,66,47,群益金鼎-高盛,2024-07-08,9105
00934,中信成長高股息,42,0,42,群益金鼎-高盛,2024-07-08,9105
6117,迎廣,42,0,42,群益金鼎-高盛,2024-07-08,9105
2489,瑞軒,42,5,37,群益金鼎-高盛,2024-07-08,9105
3481,群創,51,17,34,群益金鼎-高盛,2024-07-08,9105
2485,兆赫,33,2,31,群益金鼎-高盛,2024-07-08,9105
1460,宏遠,30,0,30,群益金鼎-高盛,2024-07-08,9105
2392,正崴,41,14,27,群益金鼎-高盛,2024-07-08,9105
8277,商丞,31,4,27,群益金鼎-高盛,2024-07-08,9105
6116,彩晶,30,4,26,群益金鼎-高盛,2024-07-08,9105
4906,正文,34,8,26,群益金鼎-高盛,2024-07-08,9105
1316,上曜,30,5,25,群益金鼎-高盛,2024-07-08,9105
8050,廣積,25,0,25,群益金鼎-高盛,2024-07-08,9105
2618,長榮航,24,1,23,群益金鼎-高盛,2024-07-08,9105
2337,旺宏,27,4,23,群益金鼎-高盛,2024-07-08,9105
1785,光洋科,75,52,23,群益金鼎-高盛,2024-07-08,9105
1409,新纖,28,5,23,群益金鼎-高盛,2024-07-08,9105
00918,大華優利高填息30,22,0,22,群益金鼎-高盛,2024-07-08,9105
0056,元大高股息,23,2,21,群益金鼎-高盛,2024-07-08,9105
2481,強茂,22,1,21,群益金鼎-高盛,2024-07-08,9105
8085,福華,21,0,21,群益金鼎-高盛,2024-07-08,9105
00924,復華S＆P500成長,20,0,20,群益金鼎-高盛,2024-07-08,9105
1514,亞力,28,9,19,群益金鼎-高盛,2024-07-08,9105
2369,菱生,19,0,19,群益金鼎-高盛,2024-07-08,9105
2605,新興,24,5,19,群益金鼎-高盛,2024-07-08,9105
2610,華航,34,16,18,群益金鼎-高盛,2024-07-08,9105
5443,均豪,36,18,18,群益金鼎-高盛,2024-07-08,9105
6152,百一,23,6,17,群益金鼎-高盛,2024-07-08,9105
2352,佳世達,20,4,16,群益金鼎-高盛,2024-07-08,9105
2330,台積電,25,9,16,群益金鼎-高盛,2024-07-08,9105
2883,凱基金,16,0,16,群益金鼎-高盛,2024-07-08,9105
2359,所羅門,16,0,16,群益金鼎-高盛,2024-07-08,9105
912000,晨訊科-DR,15,0,15,群益金鼎-高盛,2024-07-08,9105
2201,裕隆,14,0,14,群益金鼎-高盛,2024-07-08,9105
3715,定穎投控,15,1,14,群益金鼎-高盛,2024-07-08,9105
3050,鈺德,16,2,14,群益金鼎-高盛,2024-07-08,9105
2421,建準,13,1,12,群益金鼎-高盛,2024-07-08,9105
4545,銘鈺,12,0,12,群益金鼎-高盛,2024-07-08,9105
1503,士電,13,2,11,群益金鼎-高盛,2024-07-08,9105
2603,長榮,20,8,12,群益金鼎-高盛,2024-07-08,9105
2028,威致,11,0,11,群益金鼎-高盛,2024-07-08,9105
6026,福邦證,11,0,11,群益金鼎-高盛,2024-07-08,9105
00712,復華富時不動產,11,1,10,群益金鼎-高盛,2024-07-08,9105
3481,群創,340,8,332,群益金鼎-高盛,2024-07-09,9105
2834,臺企銀,261,10,251,群益金鼎-高盛,2024-07-09,9105
00632R,元大台灣50反1,246,47,199,群益金鼎-高盛,2024-07-09,9105
00664R,國泰臺灣加權反1,116,16,100,群益金鼎-高盛,2024-07-09,9105
2516,新建,99,0,99,群益金鼎-高盛,2024-07-09,9105
2887,台新金,100,2,98,群益金鼎-高盛,2024-07-09,9105
2312,金寶,246,172,74,群益金鼎-高盛,2024-07-09,9105
2405,輔信,92,21,71,群益金鼎-高盛,2024-07-09,9105
00934,中信成長高股息,70,1,69,群益金鼎-高盛,2024-07-09,9105
00936,台新永續高息中小,66,10,56,群益金鼎-高盛,2024-07-09,9105
00929,復華台灣科技優息,80,40,40,群益金鼎-高盛,2024-07-09,9105
2867,三商壽,55,20,35,群益金鼎-高盛,2024-07-09,9105
2618,長榮航,36,3,33,群益金鼎-高盛,2024-07-09,9105
8111,立��,39,8,31,群益金鼎-高盛,2024-07-09,9105
00740B,富邦全球投等債,30,0,30,群益金鼎-高盛,2024-07-09,9105
6841,長佳智能,29,1,28,群益金鼎-高盛,2024-07-09,9105
2610,華航,37,10,27,群益金鼎-高盛,2024-07-09,9105
00945B,凱基美國非投等債,26,0,26,群益金鼎-高盛,2024-07-09,9105
00918,大華優利高填息30,25,0,25,群益金鼎-高盛,2024-07-09,9105
2633,台灣高鐵,25,0,25,群益金鼎-高盛,2024-07-09,9105
4120,友華,25,1,24,群益金鼎-高盛,2024-07-09,9105
6116,彩晶,23,0,23,群益金鼎-高盛,2024-07-09,9105
2317,鴻海,53,31,22,群益金鼎-高盛,2024-07-09,9105
2455,全新,20,0,20,群益金鼎-高盛,2024-07-09,9105
4174,浩鼎,20,0,20,群益金鼎-高盛,2024-07-09,9105
5529,鉅陞,20,0,20,群益金鼎-高盛,2024-07-09,9105
1101,台泥,33,13,20,群益金鼎-高盛,2024-07-09,9105
2609,陽明,34,16,18,群益金鼎-高盛,2024-07-09,9105
3712,永崴投控,18,1,17,群益金鼎-高盛,2024-07-09,9105
8271,宇瞻,20,3,17,群益金鼎-高盛,2024-07-09,9105
8926,台汽電,21,4,17,群益金鼎-高盛,2024-07-09,9105
2369,菱生,16,0,16,群益金鼎-高盛,2024-07-09,9105
00688L,國泰20年美債正2,16,2,14,群益金鼎-高盛,2024-07-09,9105
00915,凱基優選高股息30,14,0,14,群益金鼎-高盛,2024-07-09,9105
00927,群益半導體收益,13,1,12,群益金鼎-高盛,2024-07-09,9105
2353,宏��,27,15,12,群益金鼎-高盛,2024-07-09,9105
3033,威健,12,0,12,群益金鼎-高盛,2024-07-09,9105
1709,和益,11,0,11,群益金鼎-高盛,2024-07-09,9105
1815,富喬,12,1,11,群益金鼎-高盛,2024-07-09,9105
6265,方土昶,11,0,11,群益金鼎-高盛,2024-07-09,9105
6218,豪勉,16,5,11,群益金鼎-高盛,2024-07-09,9105
2356,英業達,13,2,11,群益金鼎-高盛,2024-07-09,9105
2603,長榮,15,5,10,群益金鼎-高盛,2024-07-09,9105
00753L,中信中國50正2,10,0,10,群益金鼎-高盛,2024-07-09,9105
2328,廣宇,12,2,10,群益金鼎-高盛,2024-07-09,9105
2388,威盛,11,1,10,群益金鼎-高盛,2024-07-09,9105
2547,日勝生,10,0,10,群益金鼎-高盛,2024-07-09,9105
2601,益航,10,0,10,群益金鼎-高盛,2024-07-09,9105
3056,富華新,10,0,10,群益金鼎-高盛,2024-07-09,9105
3710,連展投控,10,0,10,群益金鼎-高盛,2024-07-09,9105
00725B,國泰投資級公司債,241,20,221,群益金鼎-高盛,2024-07-10,9105
2888,新光金,260,153,107,群益金鼎-高盛,2024-07-10,9105
00881,國泰台灣5G+,112,5,107,群益金鼎-高盛,2024-07-10,9105
00929,復華台灣科技優息,109,34,75,群益金鼎-高盛,2024-07-10,9105
3047,訊舟,134,72,62,群益金鼎-高盛,2024-07-10,9105
1785,光洋科,102,46,56,群益金鼎-高盛,2024-07-10,9105
6282,康舒,50,1,49,群益金鼎-高盛,2024-07-10,9105
2867,三商壽,65,19,46,群益金鼎-高盛,2024-07-10,9105
00936,台新永續高息中小,54,8,46,群益金鼎-高盛,2024-07-10,9105
2303,聯電,83,47,36,群益金鼎-高盛,2024-07-10,9105
2367,燿華,49,15,34,群益金鼎-高盛,2024-07-10,9105
2883,凱基金,46,14,32,群益金鼎-高盛,2024-07-10,9105
00664R,國泰臺灣加權反1,33,2,31,群益金鼎-高盛,2024-07-10,9105
2365,昆盈,52,21,31,群益金鼎-高盛,2024-07-10,9105
2641,正德,30,0,30,群益金鼎-高盛,2024-07-10,9105
2002,中鋼,28,2,26,群益金鼎-高盛,2024-07-10,9105
1616,億泰,35,9,26,群益金鼎-高盛,2024-07-10,9105
3594,磐儀,25,1,24,群益金鼎-高盛,2024-07-10,9105
9105,泰金寶-DR,32,8,24,群益金鼎-高盛,2024-07-10,9105
2412,中華電,23,0,23,群益金鼎-高盛,2024-07-10,9105
1536,和大,31,9,22,群益金鼎-高盛,2024-07-10,9105
2101,南港,21,0,21,群益金鼎-高盛,2024-07-10,9105
5426,振發,28,7,21,群益金鼎-高盛,2024-07-10,9105
1308,亞聚,20,0,20,群益金鼎-高盛,2024-07-10,9105
3013,晟銘電,33,14,19,群益金鼎-高盛,2024-07-10,9105
1439,雋揚,19,0,19,群益金鼎-高盛,2024-07-10,9105
4960,誠美材,18,0,18,群益金鼎-高盛,2024-07-10,9105
2834,臺企銀,17,0,17,群益金鼎-高盛,2024-07-10,9105
3481,群創,22,5,17,群益金鼎-高盛,2024-07-10,9105
8358,金居,22,5,17,群益金鼎-高盛,2024-07-10,9105
1540,喬福,17,1,16,群益金鼎-高盛,2024-07-10,9105
2634,漢翔,16,1,15,群益金鼎-高盛,2024-07-10,9105
8105,凌巨,15,0,15,群益金鼎-高盛,2024-07-10,9105
2392,正崴,84,70,14,群益金鼎-高盛,2024-07-10,9105
00706L,期元大S＆P日圓正2,14,0,14,群益金鼎-高盛,2024-07-10,9105
3498,陽程,22,8,14,群益金鼎-高盛,2024-07-10,9105
00919,群益台灣精選高息,15,2,13,群益金鼎-高盛,2024-07-10,9105
8446,華研,13,0,13,群益金鼎-高盛,2024-07-10,9105
00946,群益科技高息成長,12,0,12,群益金鼎-高盛,2024-07-10,9105
1409,新纖,12,0,12,群益金鼎-高盛,2024-07-10,9105
2405,輔信,27,15,12,群益金鼎-高盛,2024-07-10,9105
4976,佳凌,16,4,12,群益金鼎-高盛,2024-07-10,9105
2464,盟立,61,50,11,群益金鼎-高盛,2024-07-10,9105
2344,華邦電,17,6,11,群益金鼎-高盛,2024-07-10,9105
2836,高雄銀,18,7,11,群益金鼎-高盛,2024-07-10,9105
6265,方土昶,15,4,11,群益金鼎-高盛,2024-07-10,9105
3034,聯詠,10,0,10,群益金鼎-高盛,2024-07-10,9105
00891,中信關鍵半導體,10,0,10,群益金鼎-高盛,2024-07-10,9105
00715L,期街口布蘭特正2,10,0,10,群益金鼎-高盛,2024-07-10,9105
1723,中碳,11,1,10,群益金鼎-高盛,2024-07-10,9105
00632R,元大台灣50反1,353,46,307,群益金鼎-高盛,2024-07-11,9105
00946,群益科技高息成長,105,0,105,群益金鼎-高盛,2024-07-11,9105
2887,台新金,123,29,94,群益金鼎-高盛,2024-07-11,9105
2303,聯電,91,4,87,群益金鼎-高盛,2024-07-11,9105
00927,群益半導體收益,79,0,79,群益金鼎-高盛,2024-07-11,9105
2301,光寶科,81,1,80,群益金鼎-高盛,2024-07-11,9105
00937B,群益ESG投等債20,79,11,68,群益金鼎-高盛,2024-07-11,9105
2312,金寶,107,40,67,群益金鼎-高盛,2024-07-11,9105
2516,新建,303,237,66,群益金鼎-高盛,2024-07-11,9105
6134,萬旭,64,1,63,群益金鼎-高盛,2024-07-11,9105
1444,力麗,60,0,60,群益金鼎-高盛,2024-07-11,9105
9105,泰金寶-DR,88,40,48,群益金鼎-高盛,2024-07-11,9105
00936,台新永續高息中小,43,3,40,群益金鼎-高盛,2024-07-11,9105
2867,三商壽,69,29,40,群益金鼎-高盛,2024-07-11,9105
00934,中信成長高股息,47,8,39,群益金鼎-高盛,2024-07-11,9105
2464,盟立,83,44,39,群益金鼎-高盛,2024-07-11,9105
00679B,元大美債20年,47,11,36,群益金鼎-高盛,2024-07-11,9105
2609,陽明,38,5,33,群益金鼎-高盛,2024-07-11,9105
00687B,國泰20年美債,31,1,30,群益金鼎-高盛,2024-07-11,9105
2412,中華電,30,0,30,群益金鼎-高盛,2024-07-11,9105
5515,建國,30,0,30,群益金鼎-高盛,2024-07-11,9105
9945,潤泰新,31,1,30,群益金鼎-高盛,2024-07-11,9105
2891,中信金,33,6,27,群益金鼎-高盛,2024-07-11,9105
2477,美隆電,24,0,24,群益金鼎-高盛,2024-07-11,9105
2610,華航,23,2,21,群益金鼎-高盛,2024-07-11,9105
2002,中鋼,25,4,21,群益金鼎-高盛,2024-07-11,9105
3230,錦明,20,0,20,群益金鼎-高盛,2024-07-11,9105
6788,華景電,19,0,19,群益金鼎-高盛,2024-07-11,9105
2327,國巨,21,2,19,群益金鼎-高盛,2024-07-11,9105
00713,元大台灣高息低波,19,0,19,群益金鼎-高盛,2024-07-11,9105
4526,東台,19,0,19,群益金鼎-高盛,2024-07-11,9105
1795,美時,24,6,18,群益金鼎-高盛,2024-07-11,9105
2537,聯上發,59,42,17,群益金鼎-高盛,2024-07-11,9105
3060,銘異,16,0,16,群益金鼎-高盛,2024-07-11,9105
1609,大亞,50,34,16,群益金鼎-高盛,2024-07-11,9105
2354,鴻準,18,3,15,群益金鼎-高盛,2024-07-11,9105
3006,晶豪科,15,0,15,群益金鼎-高盛,2024-07-11,9105
2316,楠梓電,15,0,15,群益金鼎-高盛,2024-07-11,9105
3481,群創,32,18,14,群益金鼎-高盛,2024-07-11,9105
1723,中碳,13,0,13,群益金鼎-高盛,2024-07-11,9105
2014,中鴻,14,1,13,群益金鼎-高盛,2024-07-11,9105
2884,玉山金,12,0,12,群益金鼎-高盛,2024-07-11,9105
3202,樺晟,12,0,12,群益金鼎-高盛,2024-07-11,9105
2458,義隆,11,0,11,群益金鼎-高盛,2024-07-11,9105
2834,臺企銀,11,0,11,群益金鼎-高盛,2024-07-11,9105
8086,宏捷科,13,2,11,群益金鼎-高盛,2024-07-11,9105
8928,鉅明,11,0,11,群益金鼎-高盛,2024-07-11,9105
2383,台光電,11,0,11,群益金鼎-高盛,2024-07-11,9105
00733,富邦臺灣中小,18,8,10,群益金鼎-高盛,2024-07-11,9105
1762,中化生,10,0,10,群益金鼎-高盛,2024-07-11,9105
2516,新建,367,0,367,群益金鼎-高盛,2024-07-12,9105
00725B,國泰投資級公司債,316,16,300,群益金鼎-高盛,2024-07-12,9105
2887,台新金,210,0,210,群益金鼎-高盛,2024-07-12,9105
00929,復華台灣科技優息,223,58,165,群益金鼎-高盛,2024-07-12,9105
9945,潤泰新,127,7,120,群益金鼎-高盛,2024-07-12,9105
00949,復華日本龍頭,121,4,117,群益金鼎-高盛,2024-07-12,9105
2337,旺宏,107,5,102,群益金鼎-高盛,2024-07-12,9105
00934,中信成長高股息,127,35,92,群益金鼎-高盛,2024-07-12,9105
00891,中信關鍵半導體,90,0,90,群益金鼎-高盛,2024-07-12,9105
00927,群益半導體收益,90,0,90,群益金鼎-高盛,2024-07-12,9105
2317,鴻海,84,6,78,群益金鼎-高盛,2024-07-12,9105
2303,聯電,74,0,74,群益金鼎-高盛,2024-07-12,9105
2002,中鋼,71,2,69,群益金鼎-高盛,2024-07-12,9105
00919,群益台灣精選高息,86,17,69,群益金鼎-高盛,2024-07-12,9105
00881,國泰台灣5G+,68,2,66,群益金鼎-高盛,2024-07-12,9105
00935,野村臺灣新科技50,60,0,60,群益金鼎-高盛,2024-07-12,9105
00895,富邦未來車,61,2,59,群益金鼎-高盛,2024-07-12,9105
1785,光洋科,71,24,47,群益金鼎-高盛,2024-07-12,9105
3033,威健,51,5,46,群益金鼎-高盛,2024-07-12,9105
1721,三晃,42,2,40,群益金鼎-高盛,2024-07-12,9105
00878,國泰永續高股息,44,8,36,群益金鼎-高盛,2024-07-12,9105
00892,富邦台灣半導體,35,0,35,群益金鼎-高盛,2024-07-12,9105
2312,金寶,144,110,34,群益金鼎-高盛,2024-07-12,9105
2609,陽明,31,0,31,群益金鼎-高盛,2024-07-12,9105
4714,永捷,38,7,31,群益金鼎-高盛,2024-07-12,9105
2731,雄獅,31,0,31,群益金鼎-高盛,2024-07-12,9105
00940,元大台灣價值高息,60,33,27,群益金鼎-高盛,2024-07-12,9105
00719B,元大美債1-3,27,0,27,群益金鼎-高盛,2024-07-12,9105
2301,光寶科,24,1,23,群益金鼎-高盛,2024-07-12,9105
00947,台新臺灣IC設計,21,0,21,群益金鼎-高盛,2024-07-12,9105
3711,日月光投控,23,2,21,群益金鼎-高盛,2024-07-12,9105
00688L,國泰20年美債正2,21,0,21,群益金鼎-高盛,2024-07-12,9105
2408,南亞科,21,0,21,群益金鼎-高盛,2024-07-12,9105
1316,上曜,34,14,20,群益金鼎-高盛,2024-07-12,9105
8110,華東,21,2,19,群益金鼎-高盛,2024-07-12,9105
2330,台積電,21,2,19,群益金鼎-高盛,2024-07-12,9105
2455,全新,17,2,15,群益金鼎-高盛,2024-07-12,9105
00690,兆豐藍籌30,15,0,15,群益金鼎-高盛,2024-07-12,9105
6274,台燿,16,1,15,群益金鼎-高盛,2024-07-12,9105
6182,合晶,20,5,15,群益金鼎-高盛,2024-07-12,9105
9904,寶成,15,0,15,群益金鼎-高盛,2024-07-12,9105
2537,聯上發,27,12,15,群益金鼎-高盛,2024-07-12,9105
8021,尖點,14,0,14,群益金鼎-高盛,2024-07-12,9105
00795B,中信美國公債20年,15,1,14,群益金鼎-高盛,2024-07-12,9105
2363,矽統,16,2,14,群益金鼎-高盛,2024-07-12,9105
6116,彩晶,20,6,14,群益金鼎-高盛,2024-07-12,9105
2313,華通,23,10,13,群益金鼎-高盛,2024-07-12,9105
3073,天方能源,13,0,13,群益金鼎-高盛,2024-07-12,9105
2380,虹光,12,0,12,群益金鼎-高盛,2024-07-12,9105
3047,訊舟,29,17,12,群益金鼎-高盛,2024-07-12,9105
2887,台新金,600,0,600,群益金鼎-高盛,2024-07-15,9105
5880,合庫金,220,2,218,群益金鼎-高盛,2024-07-15,9105
00929,復華台灣科技優息,95,0,95,群益金鼎-高盛,2024-07-15,9105
2889,國票金,78,4,74,群益金鼎-高盛,2024-07-15,9105
00680L,元大美債20正2,55,0,55,群益金鼎-高盛,2024-07-15,9105
2489,瑞軒,123,70,53,群益金鼎-高盛,2024-07-15,9105
00679B,元大美債20年,68,21,47,群益金鼎-高盛,2024-07-15,9105
1312,國喬,42,0,42,群益金鼎-高盛,2024-07-15,9105
2891,中信金,37,0,37,群益金鼎-高盛,2024-07-15,9105
2344,華邦電,35,0,35,群益金鼎-高盛,2024-07-15,9105
2356,英業達,82,48,34,群益金鼎-高盛,2024-07-15,9105
1609,大亞,91,60,31,群益金鼎-高盛,2024-07-15,9105
2498,宏達電,32,1,31,群益金鼎-高盛,2024-07-15,9105
4157,太景*-KY,31,0,31,群益金鼎-高盛,2024-07-15,9105
00665L,富邦�琤肭磪囓�2,30,0,30,群益金鼎-高盛,2024-07-15,9105
00740B,富邦全球投等債,29,0,29,群益金鼎-高盛,2024-07-15,9105
00936,台新永續高息中小,28,0,28,群益金鼎-高盛,2024-07-15,9105
1785,光洋科,36,9,27,群益金鼎-高盛,2024-07-15,9105
2399,映泰,55,30,25,群益金鼎-高盛,2024-07-15,9105
00712,復華富時不動產,26,2,24,群益金鼎-高盛,2024-07-15,9105
00688L,國泰20年美債正2,25,1,24,群益金鼎-高盛,2024-07-15,9105
00927,群益半導體收益,23,0,23,群益金鼎-高盛,2024-07-15,9105
6142,友勁,22,1,21,群益金鼎-高盛,2024-07-15,9105
2888,新光金,70,50,20,群益金鼎-高盛,2024-07-15,9105
6005,群益證,20,1,19,群益金鼎-高盛,2024-07-15,9105
2365,昆盈,97,79,18,群益金鼎-高盛,2024-07-15,9105
3037,欣興,20,2,18,群益金鼎-高盛,2024-07-15,9105
3033,威健,17,0,17,群益金鼎-高盛,2024-07-15,9105
8021,尖點,18,1,17,群益金鼎-高盛,2024-07-15,9105
2317,鴻海,26,10,16,群益金鼎-高盛,2024-07-15,9105
2516,新建,16,0,16,群益金鼎-高盛,2024-07-15,9105
2886,兆豐金,15,0,15,群益金鼎-高盛,2024-07-15,9105
4714,永捷,15,0,15,群益金鼎-高盛,2024-07-15,9105
4903,聯光通,15,0,15,群益金鼎-高盛,2024-07-15,9105
2409,友達,16,2,14,群益金鼎-高盛,2024-07-15,9105
2610,華航,30,16,14,群益金鼎-高盛,2024-07-15,9105
00919,群益台灣精選高息,14,1,13,群益金鼎-高盛,2024-07-15,9105
2867,三商壽,18,5,13,群益金鼎-高盛,2024-07-15,9105
2495,普安,19,7,12,群益金鼎-高盛,2024-07-15,9105
00948B,中信優息投資級債,12,0,12,群益金鼎-高盛,2024-07-15,9105
1617,榮星,12,0,12,群益金鼎-高盛,2024-07-15,9105
3056,富華新,12,0,12,群益金鼎-高盛,2024-07-15,9105
9105,泰金寶-DR,30,18,12,群益金鼎-高盛,2024-07-15,9105
6264,富裔,11,0,11,群益金鼎-高盛,2024-07-15,9105
8011,台通,11,0,11,群益金鼎-高盛,2024-07-15,9105
2408,南亞科,10,0,10,群益金鼎-高盛,2024-07-15,9105
00632R,元大台灣50反1,11,1,10,群益金鼎-高盛,2024-07-15,9105
00795B,中信美國公債20年,10,0,10,群益金鼎-高盛,2024-07-15,9105
1460,宏遠,10,0,10,群益金鼎-高盛,2024-07-15,9105
1597,直得,28,18,10,群益金鼎-高盛,2024-07-15,9105
00632R,元大台灣50反1,401,20,381,群益金鼎-高盛,2024-07-16,9105
2312,金寶,180,57,123,群益金鼎-高盛,2024-07-16,9105
2301,光寶科,114,1,113,群益金鼎-高盛,2024-07-16,9105
00937B,群益ESG投等債20,106,3,103,群益金鼎-高盛,2024-07-16,9105
00919,群益台灣精選高息,102,0,102,群益金鼎-高盛,2024-07-16,9105
2891,中信金,101,13,88,群益金鼎-高盛,2024-07-16,9105
2537,聯上發,81,28,53,群益金鼎-高盛,2024-07-16,9105
00680L,元大美債20正2,52,0,52,群益金鼎-高盛,2024-07-16,9105
1316,上曜,103,54,49,群益金鼎-高盛,2024-07-16,9105
6005,群益證,42,3,39,群益金鼎-高盛,2024-07-16,9105
2889,國票金,36,0,36,群益金鼎-高盛,2024-07-16,9105
1529,樂事綠能,37,2,35,群益金鼎-高盛,2024-07-16,9105
2464,盟立,86,55,31,群益金鼎-高盛,2024-07-16,9105
2477,美隆電,38,7,31,群益金鼎-高盛,2024-07-16,9105
3454,晶睿,30,0,30,群益金鼎-高盛,2024-07-16,9105
0056,元大高股息,26,0,26,群益金鼎-高盛,2024-07-16,9105
2610,華航,26,2,24,群益金鼎-高盛,2024-07-16,9105
3033,威健,23,0,23,群益金鼎-高盛,2024-07-16,9105
1608,華榮,45,23,22,群益金鼎-高盛,2024-07-16,9105
5534,長虹,22,0,22,群益金鼎-高盛,2024-07-16,9105
00929,復華台灣科技優息,26,4,22,群益金鼎-高盛,2024-07-16,9105
2002,中鋼,21,0,21,群益金鼎-高盛,2024-07-16,9105
00753L,中信中國50正2,20,0,20,群益金鼎-高盛,2024-07-16,9105
1213,大飲,20,0,20,群益金鼎-高盛,2024-07-16,9105
2883,凱基金,20,0,20,群益金鼎-高盛,2024-07-16,9105
1609,大亞,36,17,19,群益金鼎-高盛,2024-07-16,9105
2243,宏旭-KY,44,26,18,群益金鼎-高盛,2024-07-16,9105
2354,鴻準,20,2,18,群益金鼎-高盛,2024-07-16,9105
2303,聯電,20,3,17,群益金鼎-高盛,2024-07-16,9105
1785,光洋科,78,63,15,群益金鼎-高盛,2024-07-16,9105
2905,三商,15,0,15,群益金鼎-高盛,2024-07-16,9105
2317,鴻海,30,17,13,群益金鼎-高盛,2024-07-16,9105
1439,雋揚,13,0,13,群益金鼎-高盛,2024-07-16,9105
1513,中興電,21,8,13,群益金鼎-高盛,2024-07-16,9105
2516,新建,16,4,12,群益金鼎-高盛,2024-07-16,9105
3236,千如,12,0,12,群益金鼎-高盛,2024-07-16,9105
5443,均豪,47,35,12,群益金鼎-高盛,2024-07-16,9105
6770,力積電,11,0,11,群益金鼎-高盛,2024-07-16,9105
00665L,富邦�琤肭磪囓�2,10,0,10,群益金鼎-高盛,2024-07-16,9105
00935,野村臺灣新科技50,10,0,10,群益金鼎-高盛,2024-07-16,9105
2880,華南金,10,0,10,群益金鼎-高盛,2024-07-16,9105
3050,鈺德,14,4,10,群益金鼎-高盛,2024-07-16,9105
3623,富晶通,10,0,10,群益金鼎-高盛,2024-07-16,9105
5272,笙科,10,0,10,群益金鼎-高盛,2024-07-16,9105
6244,茂迪,10,0,10,群益金鼎-高盛,2024-07-16,9105
6270,倍微,12,2,10,群益金鼎-高盛,2024-07-16,9105
9921,巨大,10,0,10,群益金鼎-高盛,2024-07-16,9105
2356,英業達,23,13,10,群益金鼎-高盛,2024-07-16,9105
1301,台塑,9,0,9,群益金鼎-高盛,2024-07-16,9105
8011,台通,82,73,9,群益金鼎-高盛,2024-07-16,9105
2516,新建,238,10,228,群益金鼎-高盛,2024-07-17,9105
00929,復華台灣科技優息,214,5,209,群益金鼎-高盛,2024-07-17,9105
2301,光寶科,74,0,74,群益金鼎-高盛,2024-07-17,9105
00719B,元大美債1-3,70,0,70,群益金鼎-高盛,2024-07-17,9105
2028,威致,60,0,60,群益金鼎-高盛,2024-07-17,9105
2618,長榮航,69,11,58,群益金鼎-高盛,2024-07-17,9105
3596,智易,50,0,50,群益金鼎-高盛,2024-07-17,9105
6182,合晶,50,0,50,群益金鼎-高盛,2024-07-17,9105
2501,國建,49,1,48,群益金鼎-高盛,2024-07-17,9105
00937B,群益ESG投等債20,51,5,46,群益金鼎-高盛,2024-07-17,9105
00688L,國泰20年美債正2,56,10,46,群益金鼎-高盛,2024-07-17,9105
6770,力積電,82,37,45,群益金鼎-高盛,2024-07-17,9105
2605,新興,34,3,31,群益金鼎-高盛,2024-07-17,9105
00665L,富邦�琤肭磪囓�2,30,0,30,群益金鼎-高盛,2024-07-17,9105
6179,亞通,30,0,30,群益金鼎-高盛,2024-07-17,9105
00680L,元大美債20正2,30,1,29,群益金鼎-高盛,2024-07-17,9105
2506,太設,29,0,29,群益金鼎-高盛,2024-07-17,9105
1806,冠軍,27,0,27,群益金鼎-高盛,2024-07-17,9105
00919,群益台灣精選高息,36,10,26,群益金鼎-高盛,2024-07-17,9105
2330,台積電,26,0,26,群益金鼎-高盛,2024-07-17,9105
2889,國票金,25,0,25,群益金鼎-高盛,2024-07-17,9105
4168,醣聯,25,0,25,群益金鼎-高盛,2024-07-17,9105
2481,強茂,24,0,24,群益金鼎-高盛,2024-07-17,9105
1568,倉佑,27,4,23,群益金鼎-高盛,2024-07-17,9105
2409,友達,31,8,23,群益金鼎-高盛,2024-07-17,9105
2352,佳世達,22,0,22,群益金鼎-高盛,2024-07-17,9105
4906,正文,51,29,22,群益金鼎-高盛,2024-07-17,9105
0056,元大高股息,21,0,21,群益金鼎-高盛,2024-07-17,9105
3231,緯創,23,3,20,群益金鼎-高盛,2024-07-17,9105
00733,富邦臺灣中小,20,0,20,群益金鼎-高盛,2024-07-17,9105
1409,新纖,31,11,20,群益金鼎-高盛,2024-07-17,9105
8042,金山電,20,0,20,群益金鼎-高盛,2024-07-17,9105
2431,聯昌,25,6,19,群益金鼎-高盛,2024-07-17,9105
2376,技嘉,18,0,18,群益金鼎-高盛,2024-07-17,9105
2453,凌群,15,0,15,群益金鼎-高盛,2024-07-17,9105
3290,東浦,14,0,14,群益金鼎-高盛,2024-07-17,9105
2382,廣達,15,1,14,群益金鼎-高盛,2024-07-17,9105
1402,遠東新,12,0,12,群益金鼎-高盛,2024-07-17,9105
2412,中華電,12,0,12,群益金鼎-高盛,2024-07-17,9105
2324,仁寶,11,0,11,群益金鼎-高盛,2024-07-17,9105
2455,全新,12,1,11,群益金鼎-高盛,2024-07-17,9105
6168,宏齊,11,0,11,群益金鼎-高盛,2024-07-17,9105
00753L,中信中國50正2,130,120,10,群益金鼎-高盛,2024-07-17,9105
00650L,復華香港正2,15,5,10,群益金鼎-高盛,2024-07-17,9105
00933B,國泰10Y+金融債,10,0,10,群益金鼎-高盛,2024-07-17,9105
1584,精剛,10,0,10,群益金鼎-高盛,2024-07-17,9105
2801,彰銀,10,0,10,群益金鼎-高盛,2024-07-17,9105
3260,威剛,10,0,10,群益金鼎-高盛,2024-07-17,9105
5515,建國,13,3,10,群益金鼎-高盛,2024-07-17,9105
6693,廣閎科,10,0,10,群益金鼎-高盛,2024-07-17,9105
00937B,群益ESG投等債20,233,3,230,群益金鼎-高盛,2024-07-18,9105
00919,群益台灣精選高息,86,2,84,群益金鼎-高盛,2024-07-18,9105
2312,金寶,110,29,81,群益金鼎-高盛,2024-07-18,9105
5202,力新,64,0,64,群益金鼎-高盛,2024-07-18,9105
0056,元大高股息,56,2,54,群益金鼎-高盛,2024-07-18,9105
3596,智易,50,0,50,群益金鼎-高盛,2024-07-18,9105
00929,復華台灣科技優息,121,76,45,群益金鼎-高盛,2024-07-18,9105
2330,台積電,45,4,41,群益金鼎-高盛,2024-07-18,9105
00878,國泰永續高股息,41,1,40,群益金鼎-高盛,2024-07-18,9105
2537,聯上發,184,146,38,群益金鼎-高盛,2024-07-18,9105
00881,國泰台灣5G+,38,0,38,群益金鼎-高盛,2024-07-18,9105
2356,英業達,43,11,32,群益金鼎-高盛,2024-07-18,9105
2455,全新,30,0,30,群益金鼎-高盛,2024-07-18,9105
6770,力積電,49,20,29,群益金鼎-高盛,2024-07-18,9105
2317,鴻海,38,9,29,群益金鼎-高盛,2024-07-18,9105
00930,永豐ESG低碳高息,28,0,28,群益金鼎-高盛,2024-07-18,9105
1810,和成,35,10,25,群益金鼎-高盛,2024-07-18,9105
1815,富喬,22,0,22,群益金鼎-高盛,2024-07-18,9105
00936,台新永續高息中小,21,0,21,群益金鼎-高盛,2024-07-18,9105
2812,台中銀,21,1,20,群益金鼎-高盛,2024-07-18,9105
00918,大華優利高填息30,20,0,20,群益金鼎-高盛,2024-07-18,9105
2891,中信金,21,2,19,群益金鼎-高盛,2024-07-18,9105
00927,群益半導體收益,22,5,17,群益金鼎-高盛,2024-07-18,9105
2327,國巨,16,0,16,群益金鼎-高盛,2024-07-18,9105
2367,燿華,16,0,16,群益金鼎-高盛,2024-07-18,9105
00934,中信成長高股息,15,1,14,群益金鼎-高盛,2024-07-18,9105
2354,鴻準,13,0,13,群益金鼎-高盛,2024-07-18,9105
2520,冠德,16,3,13,群益金鼎-高盛,2024-07-18,9105
00940,元大台灣價值高息,53,41,12,群益金鼎-高盛,2024-07-18,9105
5871,中租-KY,12,0,12,群益金鼎-高盛,2024-07-18,9105
6179,亞通,12,0,12,群益金鼎-高盛,2024-07-18,9105
2453,凌群,11,0,11,群益金鼎-高盛,2024-07-18,9105
3290,東浦,21,10,11,群益金鼎-高盛,2024-07-18,9105
3380,明泰,41,30,11,群益金鼎-高盛,2024-07-18,9105
00946,群益科技高息成長,20,10,10,群益金鼎-高盛,2024-07-18,9105
1503,士電,11,1,10,群益金鼎-高盛,2024-07-18,9105
00673R,期元大S＆P原油反1,10,0,10,群益金鼎-高盛,2024-07-18,9105
00665L,富邦�琤肭磪囓�2,10,0,10,群益金鼎-高盛,2024-07-18,9105
00650L,復華香港正2,20,10,10,群益金鼎-高盛,2024-07-18,9105
00690,兆豐藍籌30,10,0,10,群益金鼎-高盛,2024-07-18,9105
00719B,元大美債1-3,10,0,10,群益金鼎-高盛,2024-07-18,9105
00945B,凱基美國非投等債,10,0,10,群益金鼎-高盛,2024-07-18,9105
2363,矽統,10,0,10,群益金鼎-高盛,2024-07-18,9105
2905,三商,10,0,10,群益金鼎-高盛,2024-07-18,9105
8467,波力-KY,11,1,10,群益金鼎-高盛,2024-07-18,9105
1540,喬福,18,8,10,群益金鼎-高盛,2024-07-18,9105
2509,全坤建,10,0,10,群益金鼎-高盛,2024-07-18,9105
3037,欣興,28,18,10,群益金鼎-高盛,2024-07-18,9105
2382,廣達,14,4,10,群益金鼎-高盛,2024-07-18,9105
2337,旺宏,10,1,9,群益金鼎-高盛,2024-07-18,9105
2887,台新金,300,0,300,群益金鼎-高盛,2024-07-19,9105
2537,聯上發,328,97,231,群益金鼎-高盛,2024-07-19,9105
00937B,群益ESG投等債20,183,50,133,群益金鼎-高盛,2024-07-19,9105
2834,臺企銀,120,10,110,群益金鼎-高盛,2024-07-19,9105
2888,新光金,112,16,96,群益金鼎-高盛,2024-07-19,9105
00919,群益台灣精選高息,101,7,94,群益金鼎-高盛,2024-07-19,9105
2881,富邦金,82,4,78,群益金鼎-高盛,2024-07-19,9105
00929,復華台灣科技優息,78,7,71,群益金鼎-高盛,2024-07-19,9105
1609,大亞,105,39,66,群益金鼎-高盛,2024-07-19,9105
8046,南電,62,0,62,群益金鼎-高盛,2024-07-19,9105
5512,力麒,125,66,59,群益金鼎-高盛,2024-07-19,9105
0056,元大高股息,55,3,52,群益金鼎-高盛,2024-07-19,9105
00878,國泰永續高股息,50,5,45,群益金鼎-高盛,2024-07-19,9105
00665L,富邦�琤肭磪囓�2,45,0,45,群益金鼎-高盛,2024-07-19,9105
6477,安集,48,3,45,群益金鼎-高盛,2024-07-19,9105
4960,誠美材,32,0,32,群益金鼎-高盛,2024-07-19,9105
00637L,元大滬深300正2,126,94,32,群益金鼎-高盛,2024-07-19,9105
2330,台積電,83,52,31,群益金鼎-高盛,2024-07-19,9105
5202,力新,29,0,29,群益金鼎-高盛,2024-07-19,9105
1608,華榮,41,12,29,群益金鼎-高盛,2024-07-19,9105
1447,力鵬,30,3,27,群益金鼎-高盛,2024-07-19,9105
2349,錸德,25,0,25,群益金鼎-高盛,2024-07-19,9105
4903,聯光通,23,0,23,群益金鼎-高盛,2024-07-19,9105
00881,國泰台灣5G+,21,0,21,群益金鼎-高盛,2024-07-19,9105
2367,燿華,24,3,21,群益金鼎-高盛,2024-07-19,9105
5309,系統電,35,14,21,群益金鼎-高盛,2024-07-19,9105
3231,緯創,24,4,20,群益金鼎-高盛,2024-07-19,9105
00753L,中信中國50正2,20,0,20,群益金鼎-高盛,2024-07-19,9105
00895,富邦未來車,20,0,20,群益金鼎-高盛,2024-07-19,9105
1702,南僑,20,0,20,群益金鼎-高盛,2024-07-19,9105
6179,亞通,20,0,20,群益金鼎-高盛,2024-07-19,9105
00936,台新永續高息中小,19,0,19,群益金鼎-高盛,2024-07-19,9105
2498,宏達電,21,2,19,群益金鼎-高盛,2024-07-19,9105
1444,力麗,28,9,19,群益金鼎-高盛,2024-07-19,9105
2392,正崴,22,3,19,群益金鼎-高盛,2024-07-19,9105
2501,國建,19,0,19,群益金鼎-高盛,2024-07-19,9105
2634,漢翔,21,2,19,群益金鼎-高盛,2024-07-19,9105
2891,中信金,18,0,18,群益金鼎-高盛,2024-07-19,9105
6257,矽格,21,3,18,群益金鼎-高盛,2024-07-19,9105
2812,台中銀,16,0,16,群益金鼎-高盛,2024-07-19,9105
00935,野村臺灣新科技50,15,0,15,群益金鼎-高盛,2024-07-19,9105
3037,欣興,22,7,15,群益金鼎-高盛,2024-07-19,9105
2303,聯電,16,1,15,群益金鼎-高盛,2024-07-19,9105
2801,彰銀,15,0,15,群益金鼎-高盛,2024-07-19,9105
6235,華孚,15,0,15,群益金鼎-高盛,2024-07-19,9105
00940,元大台灣價值高息,22,8,14,群益金鼎-高盛,2024-07-19,9105
2354,鴻準,14,0,14,群益金鼎-高盛,2024-07-19,9105
2439,美律,14,0,14,群益金鼎-高盛,2024-07-19,9105
5388,中磊,14,0,14,群益金鼎-高盛,2024-07-19,9105
2344,華邦電,22,9,13,群益金鼎-高盛,2024-07-19,9105
8936,國統,424,1,423,群益金鼎-高盛,2024-07-22,9105
00936,台新永續高息中小,331,0,331,群益金鼎-高盛,2024-07-22,9105
00929,復華台灣科技優息,133,0,133,群益金鼎-高盛,2024-07-22,9105
2887,台新金,100,19,81,群益金鼎-高盛,2024-07-22,9105
2867,三商壽,84,5,79,群益金鼎-高盛,2024-07-22,9105
2888,新光金,95,18,77,群益金鼎-高盛,2024-07-22,9105
3481,群創,97,21,76,群益金鼎-高盛,2024-07-22,9105
6244,茂迪,70,0,70,群益金鼎-高盛,2024-07-22,9105
00946,群益科技高息成長,74,6,68,群益金鼎-高盛,2024-07-22,9105
00878,國泰永續高股息,82,17,65,群益金鼎-高盛,2024-07-22,9105
2881,富邦金,55,1,54,群益金鼎-高盛,2024-07-22,9105
2303,聯電,43,1,42,群益金鼎-高盛,2024-07-22,9105
00688L,國泰20年美債正2,90,50,40,群益金鼎-高盛,2024-07-22,9105
00937B,群益ESG投等債20,66,27,39,群益金鼎-高盛,2024-07-22,9105
0056,元大高股息,44,5,39,群益金鼎-高盛,2024-07-22,9105
00712,復華富時不動產,36,2,34,群益金鼎-高盛,2024-07-22,9105
00680L,元大美債20正2,33,0,33,群益金鼎-高盛,2024-07-22,9105
4960,誠美材,32,0,32,群益金鼎-高盛,2024-07-22,9105
2014,中鴻,29,0,29,群益金鼎-高盛,2024-07-22,9105
1609,大亞,51,23,28,群益金鼎-高盛,2024-07-22,9105
6116,彩晶,33,5,28,群益金鼎-高盛,2024-07-22,9105
2610,華航,40,13,27,群益金鼎-高盛,2024-07-22,9105
9105,泰金寶-DR,24,0,24,群益金鼎-高盛,2024-07-22,9105
00934,中信成長高股息,24,0,24,群益金鼎-高盛,2024-07-22,9105
1308,亞聚,21,0,21,群益金鼎-高盛,2024-07-22,9105
2498,宏達電,20,0,20,群益金鼎-高盛,2024-07-22,9105
00918,大華優利高填息30,20,0,20,群益金鼎-高盛,2024-07-22,9105
00900,富邦特選高股息30,29,10,19,群益金鼎-高盛,2024-07-22,9105
00881,國泰台灣5G+,20,2,18,群益金鼎-高盛,2024-07-22,9105
2501,國建,15,0,15,群益金鼎-高盛,2024-07-22,9105
2356,英業達,19,4,15,群益金鼎-高盛,2024-07-22,9105
00940,元大台灣價值高息,36,22,14,群益金鼎-高盛,2024-07-22,9105
2352,佳世達,14,0,14,群益金鼎-高盛,2024-07-22,9105
2537,聯上發,16,2,14,群益金鼎-高盛,2024-07-22,9105
2603,長榮,25,12,13,群益金鼎-高盛,2024-07-22,9105
00679B,元大美債20年,40,27,13,群益金鼎-高盛,2024-07-22,9105
2408,南亞科,13,0,13,群益金鼎-高盛,2024-07-22,9105
2382,廣達,16,3,13,群益金鼎-高盛,2024-07-22,9105
00905,FT臺灣Smart,13,0,13,群益金鼎-高盛,2024-07-22,9105
00735,國泰臺韓科技,13,0,13,群益金鼎-高盛,2024-07-22,9105
00690,兆豐藍籌30,13,0,13,群益金鼎-高盛,2024-07-22,9105
00947,台新臺灣IC設計,13,0,13,群益金鼎-高盛,2024-07-22,9105
2070,精湛,17,4,13,群益金鼎-高盛,2024-07-22,9105
3056,富華新,13,0,13,群益金鼎-高盛,2024-07-22,9105
6139,亞翔,14,2,12,群益金鼎-高盛,2024-07-22,9105
2344,華邦電,14,2,12,群益金鼎-高盛,2024-07-22,9105
00706L,期元大S＆P日圓正2,12,0,12,群益金鼎-高盛,2024-07-22,9105
2065,世豐,15,3,12,群益金鼎-高盛,2024-07-22,9105
2449,京元電子,27,15,12,群益金鼎-高盛,2024-07-22,9105
8438,昶昕,12,0,12,群益金鼎-高盛,2024-07-22,9105
3481,群創,829,422,407,群益金鼎-高盛,2024-07-23,9105
2888,新光金,333,15,318,群益金鼎-高盛,2024-07-23,9105
00632R,元大台灣50反1,172,10,162,群益金鼎-高盛,2024-07-23,9105
2337,旺宏,150,0,150,群益金鼎-高盛,2024-07-23,9105
00937B,群益ESG投等債20,137,0,137,群益金鼎-高盛,2024-07-23,9105
00935,野村臺灣新科技50,130,0,130,群益金鼎-高盛,2024-07-23,9105
1440,南紡,100,0,100,群益金鼎-高盛,2024-07-23,9105
1701,中化,100,0,100,群益金鼎-高盛,2024-07-23,9105
00929,復華台灣科技優息,70,1,69,群益金鼎-高盛,2024-07-23,9105
2537,聯上發,127,61,66,群益金鼎-高盛,2024-07-23,9105
2208,台船,44,0,44,群益金鼎-高盛,2024-07-23,9105
00679B,元大美債20年,41,0,41,群益金鼎-高盛,2024-07-23,9105
6116,彩晶,41,1,40,群益金鼎-高盛,2024-07-23,9105
00688L,國泰20年美債正2,30,0,30,群益金鼎-高盛,2024-07-23,9105
2609,陽明,32,8,24,群益金鼎-高盛,2024-07-23,9105
2515,中工,25,3,22,群益金鼎-高盛,2024-07-23,9105
2408,南亞科,31,9,22,群益金鼎-高盛,2024-07-23,9105
2867,三商壽,21,0,21,群益金鼎-高盛,2024-07-23,9105
2897,王道銀行,20,0,20,群益金鼎-高盛,2024-07-23,9105
3163,波若威,36,16,20,群益金鼎-高盛,2024-07-23,9105
2449,京元電子,22,3,19,群益金鼎-高盛,2024-07-23,9105
2312,金寶,41,22,19,群益金鼎-高盛,2024-07-23,9105
2506,太設,24,5,19,群益金鼎-高盛,2024-07-23,9105
2002,中鋼,29,11,18,群益金鼎-高盛,2024-07-23,9105
2891,中信金,16,0,16,群益金鼎-高盛,2024-07-23,9105
1784,訊聯,17,2,15,群益金鼎-高盛,2024-07-23,9105
3663,鑫科,38,24,14,群益金鼎-高盛,2024-07-23,9105
5519,隆大,16,2,14,群益金鼎-高盛,2024-07-23,9105
3189,景碩,13,0,13,群益金鼎-高盛,2024-07-23,9105
2365,昆盈,25,12,13,群益金鼎-高盛,2024-07-23,9105
2834,臺企銀,14,2,12,群益金鼎-高盛,2024-07-23,9105
4526,東台,18,6,12,群益金鼎-高盛,2024-07-23,9105
3580,友威科,65,54,11,群益金鼎-高盛,2024-07-23,9105
6901,鑽石投資,11,0,11,群益金鼎-高盛,2024-07-23,9105
8440,綠電,29,18,11,群益金鼎-高盛,2024-07-23,9105
1460,宏遠,10,0,10,群益金鼎-高盛,2024-07-23,9105
2889,國票金,10,0,10,群益金鼎-高盛,2024-07-23,9105
1503,士電,10,0,10,群益金鼎-高盛,2024-07-23,9105
6488,環球晶,9,0,9,群益金鼎-高盛,2024-07-23,9105
1314,中石化,19,10,9,群益金鼎-高盛,2024-07-23,9105
2353,宏��,12,3,9,群益金鼎-高盛,2024-07-23,9105
1609,大亞,22,14,8,群益金鼎-高盛,2024-07-23,9105
00795B,中信美國公債20年,8,0,8,群益金鼎-高盛,2024-07-23,9105
00946,群益科技高息成長,8,0,8,群益金鼎-高盛,2024-07-23,9105
1815,富喬,10,2,8,群益金鼎-高盛,2024-07-23,9105
2812,台中銀,31,24,7,群益金鼎-高盛,2024-07-23,9105
6770,力積電,9,2,7,群益金鼎-高盛,2024-07-23,9105
00690,兆豐藍籌30,7,0,7,群益金鼎-高盛,2024-07-23,9105
4903,聯光通,7,0,7,群益金鼎-高盛,2024-07-23,9105
6125,廣運,8,1,7,群益金鼎-高盛,2024-07-23,9105
2845,遠東銀,210,0,210,群益金鼎-高盛,2024-07-26,9105
5880,合庫金,201,0,201,群益金鼎-高盛,2024-07-26,9105
2887,台新金,102,1,101,群益金鼎-高盛,2024-07-26,9105
00878,國泰永續高股息,93,0,93,群益金鼎-高盛,2024-07-26,9105
2349,錸德,78,0,78,群益金鼎-高盛,2024-07-26,9105
00937B,群益ESG投等債20,78,4,74,群益金鼎-高盛,2024-07-26,9105
3711,日月光投控,69,2,67,群益金鼎-高盛,2024-07-26,9105
4720,德淵,59,0,59,群益金鼎-高盛,2024-07-26,9105
00919,群益台灣精選高息,67,10,57,群益金鼎-高盛,2024-07-26,9105
0056,元大高股息,53,4,49,群益金鼎-高盛,2024-07-26,9105
00940,元大台灣價值高息,46,0,46,群益金鼎-高盛,2024-07-26,9105
00929,復華台灣科技優息,63,20,43,群益金鼎-高盛,2024-07-26,9105
00934,中信成長高股息,47,6,41,群益金鼎-高盛,2024-07-26,9105
2330,台積電,48,7,41,群益金鼎-高盛,2024-07-26,9105
1540,喬福,46,16,30,群益金鼎-高盛,2024-07-26,9105
9103,美德醫療-DR,31,1,30,群益金鼎-高盛,2024-07-26,9105
00706L,期元大S＆P日圓正2,27,0,27,群益金鼎-高盛,2024-07-26,9105
00665L,富邦�琤肭磪囓�2,36,10,26,群益金鼎-高盛,2024-07-26,9105
00951,台新日本半導體,25,1,24,群益金鼎-高盛,2024-07-26,9105
00712,復華富時不動產,23,0,23,群益金鼎-高盛,2024-07-26,9105
2303,聯電,25,3,22,群益金鼎-高盛,2024-07-26,9105
00713,元大台灣高息低波,21,0,21,群益金鼎-高盛,2024-07-26,9105
2317,鴻海,39,18,21,群益金鼎-高盛,2024-07-26,9105
2867,三商壽,20,0,20,群益金鼎-高盛,2024-07-26,9105
8374,羅昇,19,0,19,群益金鼎-高盛,2024-07-26,9105
2206,三陽工業,21,2,19,群益金鼎-高盛,2024-07-26,9105
6215,和椿,25,6,19,群益金鼎-高盛,2024-07-26,9105
2382,廣達,22,4,18,群益金鼎-高盛,2024-07-26,9105
00637L,元大滬深300正2,223,205,18,群益金鼎-高盛,2024-07-26,9105
2884,玉山金,20,3,17,群益金鼎-高盛,2024-07-26,9105
00923,群益台ESG低碳50,17,0,17,群益金鼎-高盛,2024-07-26,9105
2897,王道銀行,16,0,16,群益金鼎-高盛,2024-07-26,9105
2344,華邦電,18,3,15,群益金鼎-高盛,2024-07-26,9105
2506,太設,15,0,15,群益金鼎-高盛,2024-07-26,9105
2834,臺企銀,28,13,15,群益金鼎-高盛,2024-07-26,9105
2356,英業達,16,1,15,群益金鼎-高盛,2024-07-26,9105
2408,南亞科,19,5,14,群益金鼎-高盛,2024-07-26,9105
3033,威健,16,2,14,群益金鼎-高盛,2024-07-26,9105
9105,泰金寶-DR,14,0,14,群益金鼎-高盛,2024-07-26,9105
0050,元大台灣50,13,0,13,群益金鼎-高盛,2024-07-26,9105
00753L,中信中國50正2,112,100,12,群益金鼎-高盛,2024-07-26,9105
00679B,元大美債20年,34,22,12,群益金鼎-高盛,2024-07-26,9105
2352,佳世達,18,6,12,群益金鼎-高盛,2024-07-26,9105
00687B,國泰20年美債,11,0,11,群益金鼎-高盛,2024-07-26,9105
2481,強茂,11,0,11,群益金鼎-高盛,2024-07-26,9105
00640L,富邦日本正2,10,0,10,群益金鼎-高盛,2024-07-26,9105
00942B,台新美A公司債20+,10,0,10,群益金鼎-高盛,2024-07-26,9105
1587,吉茂,10,0,10,群益金鼎-高盛,2024-07-26,9105
2401,凌陽,11,1,10,群益金鼎-高盛,2024-07-26,9105
3163,波若威,27,17,10,群益金鼎-高盛,2024-07-26,9105
3481,群創,294,18,276,群益金鼎-高盛,2024-07-29,9105
00929,復華台灣科技優息,178,0,178,群益金鼎-高盛,2024-07-29,9105
3013,晟銘電,81,0,81,群益金鼎-高盛,2024-07-29,9105
2409,友達,64,4,60,群益金鼎-高盛,2024-07-29,9105
2455,全新,50,0,50,群益金鼎-高盛,2024-07-29,9105
3711,日月光投控,39,1,38,群益金鼎-高盛,2024-07-29,9105
2206,三陽工業,37,1,36,群益金鼎-高盛,2024-07-29,9105
3050,鈺德,39,8,31,群益金鼎-高盛,2024-07-29,9105
0056,元大高股息,31,0,31,群益金鼎-高盛,2024-07-29,9105
00937B,群益ESG投等債20,41,11,30,群益金鼎-高盛,2024-07-29,9105
2401,凌陽,31,2,29,群益金鼎-高盛,2024-07-29,9105
00918,大華優利高填息30,26,0,26,群益金鼎-高盛,2024-07-29,9105
2365,昆盈,91,66,25,群益金鼎-高盛,2024-07-29,9105
4933,友輝,28,3,25,群益金鼎-高盛,2024-07-29,9105
6116,彩晶,22,0,22,群益金鼎-高盛,2024-07-29,9105
00642U,期元大S＆P石油,21,0,21,群益金鼎-高盛,2024-07-29,9105
2634,漢翔,20,0,20,群益金鼎-高盛,2024-07-29,9105
9103,美德醫療-DR,20,0,20,群益金鼎-高盛,2024-07-29,9105
2501,國建,21,2,19,群益金鼎-高盛,2024-07-29,9105
2317,鴻海,34,15,19,群益金鼎-高盛,2024-07-29,9105
2913,農林,17,1,16,群益金鼎-高盛,2024-07-29,9105
00939,統一台灣高息動能,15,0,15,群益金鼎-高盛,2024-07-29,9105
6282,康舒,15,0,15,群益金鼎-高盛,2024-07-29,9105
2884,玉山金,16,2,14,群益金鼎-高盛,2024-07-29,9105
2408,南亞科,14,0,14,群益金鼎-高盛,2024-07-29,9105
2399,映泰,19,5,14,群益金鼎-高盛,2024-07-29,9105
3231,緯創,14,1,13,群益金鼎-高盛,2024-07-29,9105
2402,毅嘉,13,0,13,群益金鼎-高盛,2024-07-29,9105
00878,國泰永續高股息,36,23,13,群益金鼎-高盛,2024-07-29,9105
00706L,期元大S＆P日圓正2,12,0,12,群益金鼎-高盛,2024-07-29,9105
2388,威盛,13,1,12,群益金鼎-高盛,2024-07-29,9105
8054,安國,29,18,11,群益金鼎-高盛,2024-07-29,9105
00688L,國泰20年美債正2,10,0,10,群益金鼎-高盛,2024-07-29,9105
00733,富邦臺灣中小,10,0,10,群益金鼎-高盛,2024-07-29,9105
2353,宏��,10,0,10,群益金鼎-高盛,2024-07-29,9105
2536,宏普,10,0,10,群益金鼎-高盛,2024-07-29,9105
5351,鈺創,10,0,10,群益金鼎-高盛,2024-07-29,9105
8046,南電,9,0,9,群益金鼎-高盛,2024-07-29,9105
2439,美律,16,7,9,群益金鼎-高盛,2024-07-29,9105
6257,矽格,9,0,9,群益金鼎-高盛,2024-07-29,9105
5392,能率,12,4,8,群益金鼎-高盛,2024-07-29,9105
3167,大量,15,7,8,群益金鼎-高盛,2024-07-29,9105
00669R,國泰美國道瓊反1,8,0,8,群益金鼎-高盛,2024-07-29,9105
3047,訊舟,10,2,8,群益金鼎-高盛,2024-07-29,9105
00713,元大台灣高息低波,7,0,7,群益金鼎-高盛,2024-07-29,9105
1514,亞力,17,10,7,群益金鼎-高盛,2024-07-29,9105
9105,泰金寶-DR,9,2,7,群益金鼎-高盛,2024-07-29,9105
00715L,期街口布蘭特正2,87,80,7,群益金鼎-高盛,2024-07-29,9105
1314,中石化,21,14,7,群益金鼎-高盛,2024-07-29,9105
2520,冠德,11,4,7,群益金鼎-高盛,2024-07-29,9105
00715L,期街口布蘭特正2,186,0,186,群益金鼎-高盛,2024-07-30,9105
00940,元大台灣價值高息,82,17,65,群益金鼎-高盛,2024-07-30,9105
6182,合晶,52,2,50,群益金鼎-高盛,2024-07-30,9105
2301,光寶科,49,4,45,群益金鼎-高盛,2024-07-30,9105
00878,國泰永續高股息,48,3,45,群益金鼎-高盛,2024-07-30,9105
00937B,群益ESG投等債20,42,2,40,群益金鼎-高盛,2024-07-30,9105
2356,英業達,38,3,35,群益金鼎-高盛,2024-07-30,9105
00919,群益台灣精選高息,35,0,35,群益金鼎-高盛,2024-07-30,9105
1806,冠軍,35,7,28,群益金鼎-高盛,2024-07-30,9105
00946,群益科技高息成長,29,2,27,群益金鼎-高盛,2024-07-30,9105
00665L,富邦�琤肭磪囓�2,25,0,25,群益金鼎-高盛,2024-07-30,9105
3047,訊舟,49,24,25,群益金鼎-高盛,2024-07-30,9105
2834,臺企銀,25,0,25,群益金鼎-高盛,2024-07-30,9105
1316,上曜,31,10,21,群益金鼎-高盛,2024-07-30,9105
2317,鴻海,32,11,21,群益金鼎-高盛,2024-07-30,9105
00933B,國泰10Y+金融債,20,0,20,群益金鼎-高盛,2024-07-30,9105
6244,茂迪,20,0,20,群益金鼎-高盛,2024-07-30,9105
2891,中信金,22,2,20,群益金鼎-高盛,2024-07-30,9105
1314,中石化,23,4,19,群益金鼎-高盛,2024-07-30,9105
2515,中工,28,10,18,群益金鼎-高盛,2024-07-30,9105
3481,群創,46,28,18,群益金鼎-高盛,2024-07-30,9105
00679B,元大美債20年,18,2,16,群益金鼎-高盛,2024-07-30,9105
1723,中碳,15,0,15,群益金鼎-高盛,2024-07-30,9105
0056,元大高股息,15,0,15,群益金鼎-高盛,2024-07-30,9105
1503,士電,14,0,14,群益金鼎-高盛,2024-07-30,9105
2337,旺宏,20,6,14,群益金鼎-高盛,2024-07-30,9105
2409,友達,23,9,14,群益金鼎-高盛,2024-07-30,9105
4526,東台,19,5,14,群益金鼎-高盛,2024-07-30,9105
00687B,國泰20年美債,13,0,13,群益金鼎-高盛,2024-07-30,9105
3312,弘憶股,23,10,13,群益金鼎-高盛,2024-07-30,9105
00713,元大台灣高息低波,12,0,12,群益金鼎-高盛,2024-07-30,9105
1529,樂事綠能,13,1,12,群益金鼎-高盛,2024-07-30,9105
2633,台灣高鐵,12,0,12,群益金鼎-高盛,2024-07-30,9105
8104,錸寶,15,3,12,群益金鼎-高盛,2024-07-30,9105
00927,群益半導體收益,11,0,11,群益金鼎-高盛,2024-07-30,9105
3006,晶豪科,12,1,11,群益金鼎-高盛,2024-07-30,9105
3163,波若威,24,13,11,群益金鼎-高盛,2024-07-30,9105
2344,華邦電,12,1,11,群益金鼎-高盛,2024-07-30,9105
3663,鑫科,60,49,11,群益金鼎-高盛,2024-07-30,9105
00915,凱基優選高股息30,10,0,10,群益金鼎-高盛,2024-07-30,9105
00688L,國泰20年美債正2,10,0,10,群益金鼎-高盛,2024-07-30,9105
2537,聯上發,75,65,10,群益金鼎-高盛,2024-07-30,9105
4952,凌通,10,0,10,群益金鼎-高盛,2024-07-30,9105
5351,鈺創,11,1,10,群益金鼎-高盛,2024-07-30,9105
5525,順天,10,0,10,群益金鼎-高盛,2024-07-30,9105
6603,富強鑫,10,0,10,群益金鼎-高盛,2024-07-30,9105
6139,亞翔,11,1,10,群益金鼎-高盛,2024-07-30,9105
00939,統一台灣高息動能,9,0,9,群益金鼎-高盛,2024-07-30,9105
2889,國票金,9,1,8,群益金鼎-高盛,2024-07-30,9105
5309,系統電,16,8,8,群益金鼎-高盛,2024-07-30,9105
2884,玉山金,201,1,200,群益金鼎-高盛,2024-07-31,9105
00929,復華台灣科技優息,58,0,58,群益金鼎-高盛,2024-07-31,9105
3047,訊舟,128,82,46,群益金鼎-高盛,2024-07-31,9105
5512,力麒,67,31,36,群益金鼎-高盛,2024-07-31,9105
5443,均豪,87,53,34,群益金鼎-高盛,2024-07-31,9105
2204,中華,30,0,30,群益金鼎-高盛,2024-07-31,9105
00927,群益半導體收益,29,0,29,群益金鼎-高盛,2024-07-31,9105
3481,群創,49,22,27,群益金鼎-高盛,2024-07-31,9105
2409,友達,26,1,25,群益金鼎-高盛,2024-07-31,9105
1723,中碳,24,0,24,群益金鼎-高盛,2024-07-31,9105
00679B,元大美債20年,26,3,23,群益金鼎-高盛,2024-07-31,9105
1316,上曜,27,5,22,群益金鼎-高盛,2024-07-31,9105
8201,無敵,19,1,18,群益金鼎-高盛,2024-07-31,9105
1785,光洋科,24,9,15,群益金鼎-高盛,2024-07-31,9105
1802,台玻,15,0,15,群益金鼎-高盛,2024-07-31,9105
00712,復華富時不動產,15,1,14,群益金鼎-高盛,2024-07-31,9105
0056,元大高股息,16,3,13,群益金鼎-高盛,2024-07-31,9105
2356,英業達,13,1,12,群益金鼎-高盛,2024-07-31,9105
2610,華航,12,0,12,群益金鼎-高盛,2024-07-31,9105
5309,系統電,19,7,12,群益金鼎-高盛,2024-07-31,9105
00940,元大台灣價值高息,25,13,12,群益金鼎-高盛,2024-07-31,9105
00688L,國泰20年美債正2,11,0,11,群益金鼎-高盛,2024-07-31,9105
5519,隆大,14,3,11,群益金鼎-高盛,2024-07-31,9105
00878,國泰永續高股息,11,0,11,群益金鼎-高盛,2024-07-31,9105
2106,建大,10,0,10,群益金鼎-高盛,2024-07-31,9105
00690,兆豐藍籌30,10,0,10,群益金鼎-高盛,2024-07-31,9105
2458,義隆,10,0,10,群益金鼎-高盛,2024-07-31,9105
2834,臺企銀,17,7,10,群益金鼎-高盛,2024-07-31,9105
3498,陽程,10,0,10,群益金鼎-高盛,2024-07-31,9105
5525,順天,10,0,10,群益金鼎-高盛,2024-07-31,9105
9919,康那香,10,0,10,群益金鼎-高盛,2024-07-31,9105
2402,毅嘉,10,1,9,群益金鼎-高盛,2024-07-31,9105
2442,新美齊,13,4,9,群益金鼎-高盛,2024-07-31,9105
4303,信立,15,6,9,群益金鼎-高盛,2024-07-31,9105
6127,九豪,9,0,9,群益金鼎-高盛,2024-07-31,9105
00893,國泰智能電動車,8,0,8,群益金鼎-高盛,2024-07-31,9105
2349,錸德,41,33,8,群益金鼎-高盛,2024-07-31,9105
8021,尖點,8,0,8,群益金鼎-高盛,2024-07-31,9105
5206,坤悅,7,0,7,群益金鼎-高盛,2024-07-31,9105
6770,力積電,7,0,7,群益金鼎-高盛,2024-07-31,9105
1101,台泥,6,0,6,群益金鼎-高盛,2024-07-31,9105
1513,中興電,6,0,6,群益金鼎-高盛,2024-07-31,9105
00669R,國泰美國道瓊反1,6,0,6,群益金鼎-高盛,2024-07-31,9105
2362,藍天,8,2,6,群益金鼎-高盛,2024-07-31,9105
3711,日月光投控,7,1,6,群益金鼎-高盛,2024-07-31,9105
3105,穩懋,9,3,6,群益金鼎-高盛,2024-07-31,9105
2867,三商壽,25,20,5,群益金鼎-高盛,2024-07-31,9105
2303,聯電,5,0,5,群益金鼎-高盛,2024-07-31,9105
00700,富邦�琤肭磪�,5,0,5,群益金鼎-高盛,2024-07-31,9105
00652,富邦印度,5,0,5,群益金鼎-高盛,2024-07-31,9105
2867,三商壽,58,1,57,群益金鼎-高盛,2024-08-01,9105
3047,訊舟,237,184,53,群益金鼎-高盛,2024-08-01,9105
00937B,群益ESG投等債20,45,2,43,群益金鼎-高盛,2024-08-01,9105
3591,艾笛森,38,0,38,群益金鼎-高盛,2024-08-01,9105
00719B,元大美債1-3,33,0,33,群益金鼎-高盛,2024-08-01,9105
00923,群益台ESG低碳50,30,0,30,群益金鼎-高盛,2024-08-01,9105
2834,臺企銀,33,8,25,群益金鼎-高盛,2024-08-01,9105
2888,新光金,35,12,23,群益金鼎-高盛,2024-08-01,9105
00919,群益台灣精選高息,24,4,20,群益金鼎-高盛,2024-08-01,9105
3211,順達,20,0,20,群益金鼎-高盛,2024-08-01,9105
00642U,期元大S＆P石油,20,0,20,群益金鼎-高盛,2024-08-01,9105
00640L,富邦日本正2,20,0,20,群益金鼎-高盛,2024-08-01,9105
4155,訊映,20,0,20,群益金鼎-高盛,2024-08-01,9105
2515,中工,54,35,19,群益金鼎-高盛,2024-08-01,9105
3576,聯合再生,22,5,17,群益金鼎-高盛,2024-08-01,9105
00637L,元大滬深300正2,55,39,16,群益金鼎-高盛,2024-08-01,9105
2382,廣達,22,6,16,群益金鼎-高盛,2024-08-01,9105
3188,鑫龍騰,35,20,15,群益金鼎-高盛,2024-08-01,9105
8011,台通,15,0,15,群益金鼎-高盛,2024-08-01,9105
2489,瑞軒,26,11,15,群益金鼎-高盛,2024-08-01,9105
00934,中信成長高股息,14,0,14,群益金鼎-高盛,2024-08-01,9105
8054,安國,34,20,14,群益金鼎-高盛,2024-08-01,9105
5443,均豪,26,13,13,群益金鼎-高盛,2024-08-01,9105
2409,友達,13,0,13,群益金鼎-高盛,2024-08-01,9105
2537,聯上發,56,43,13,群益金鼎-高盛,2024-08-01,9105
2545,皇翔,14,1,13,群益金鼎-高盛,2024-08-01,9105
2542,興富發,18,6,12,群益金鼎-高盛,2024-08-01,9105
00688L,國泰20年美債正2,11,0,11,群益金鼎-高盛,2024-08-01,9105
00949,復華日本龍頭,11,0,11,群益金鼎-高盛,2024-08-01,9105
00951,台新日本半導體,11,0,11,群益金鼎-高盛,2024-08-01,9105
2543,皇昌,11,0,11,群益金鼎-高盛,2024-08-01,9105
00680L,元大美債20正2,11,1,10,群益金鼎-高盛,2024-08-01,9105
00652,富邦印度,10,0,10,群益金鼎-高盛,2024-08-01,9105
2365,昆盈,14,4,10,群益金鼎-高盛,2024-08-01,9105
2374,佳能,17,7,10,群益金鼎-高盛,2024-08-01,9105
2402,毅嘉,11,1,10,群益金鼎-高盛,2024-08-01,9105
2530,華建,10,0,10,群益金鼎-高盛,2024-08-01,9105
2611,志信,10,0,10,群益金鼎-高盛,2024-08-01,9105
2881,富邦金,10,0,10,群益金鼎-高盛,2024-08-01,9105
6147,頎邦,10,0,10,群益金鼎-高盛,2024-08-01,9105
8201,無敵,10,0,10,群益金鼎-高盛,2024-08-01,9105
2349,錸德,61,52,9,群益金鼎-高盛,2024-08-01,9105
4526,東台,24,15,9,群益金鼎-高盛,2024-08-01,9105
8358,金居,10,1,9,群益金鼎-高盛,2024-08-01,9105
2337,旺宏,62,54,8,群益金鼎-高盛,2024-08-01,9105
00669R,國泰美國道瓊反1,8,0,8,群益金鼎-高盛,2024-08-01,9105
2801,彰銀,10,2,8,群益金鼎-高盛,2024-08-01,9105
2882,國泰金,9,1,8,群益金鼎-高盛,2024-08-01,9105
9902,台火,23,15,8,群益金鼎-高盛,2024-08-01,9105
2383,台光電,7,0,7,群益金鼎-高盛,2024-08-01,9105
00929,復華台灣科技優息,366,11,355,群益金鼎-高盛,2024-08-02,9105
00878,國泰永續高股息,115,2,113,群益金鼎-高盛,2024-08-02,9105
00940,元大台灣價值高息,119,23,96,群益金鼎-高盛,2024-08-02,9105
1303,南亞,95,3,92,群益金鼎-高盛,2024-08-02,9105
00919,群益台灣精選高息,87,1,86,群益金鼎-高盛,2024-08-02,9105
2317,鴻海,93,10,83,群益金鼎-高盛,2024-08-02,9105
00932,兆豐永續高息等權,69,0,69,群益金鼎-高盛,2024-08-02,9105
2330,台積電,77,9,68,群益金鼎-高盛,2024-08-02,9105
2834,臺企銀,63,1,62,群益金鼎-高盛,2024-08-02,9105
5202,力新,57,0,57,群益金鼎-高盛,2024-08-02,9105
3047,訊舟,162,111,51,群益金鼎-高盛,2024-08-02,9105
5531,鄉林,50,0,50,群益金鼎-高盛,2024-08-02,9105
00934,中信成長高股息,40,0,40,群益金鼎-高盛,2024-08-02,9105
2501,國建,40,1,39,群益金鼎-高盛,2024-08-02,9105
00679B,元大美債20年,43,5,38,群益金鼎-高盛,2024-08-02,9105
2408,南亞科,34,0,34,群益金鼎-高盛,2024-08-02,9105
6257,矽格,33,0,33,群益金鼎-高盛,2024-08-02,9105
3481,群創,47,16,31,群益金鼎-高盛,2024-08-02,9105
8028,昇陽半導體,48,18,30,群益金鼎-高盛,2024-08-02,9105
5512,力麒,50,22,28,群益金鼎-高盛,2024-08-02,9105
3037,欣興,35,9,26,群益金鼎-高盛,2024-08-02,9105
2382,廣達,30,4,26,群益金鼎-高盛,2024-08-02,9105
2349,錸德,47,21,26,群益金鼎-高盛,2024-08-02,9105
00665L,富邦�琤肭磪囓�2,25,0,25,群益金鼎-高盛,2024-08-02,9105
2303,聯電,27,3,24,群益金鼎-高盛,2024-08-02,9105
1723,中碳,24,1,23,群益金鼎-高盛,2024-08-02,9105
2537,聯上發,35,12,23,群益金鼎-高盛,2024-08-02,9105
2365,昆盈,146,123,23,群益金鼎-高盛,2024-08-02,9105
1314,中石化,26,4,22,群益金鼎-高盛,2024-08-02,9105
3163,波若威,22,1,21,群益金鼎-高盛,2024-08-02,9105
8054,安國,55,34,21,群益金鼎-高盛,2024-08-02,9105
00946,群益科技高息成長,25,5,20,群益金鼎-高盛,2024-08-02,9105
2022,聚亨,20,0,20,群益金鼎-高盛,2024-08-02,9105
3122,笙泉,20,0,20,群益金鼎-高盛,2024-08-02,9105
4303,信立,30,10,20,群益金鼎-高盛,2024-08-02,9105
2891,中信金,21,1,20,群益金鼎-高盛,2024-08-02,9105
2014,中鴻,19,0,19,群益金鼎-高盛,2024-08-02,9105
00927,群益半導體收益,26,7,19,群益金鼎-高盛,2024-08-02,9105
00949,復華日本龍頭,69,52,17,群益金鼎-高盛,2024-08-02,9105
00881,國泰台灣5G+,26,9,17,群益金鼎-高盛,2024-08-02,9105
2449,京元電子,17,1,16,群益金鼎-高盛,2024-08-02,9105
00904,新光臺灣半導體30,15,0,15,群益金鼎-高盛,2024-08-02,9105
3711,日月光投控,19,4,15,群益金鼎-高盛,2024-08-02,9105
8046,南電,14,2,12,群益金鼎-高盛,2024-08-02,9105
2610,華航,12,0,12,群益金鼎-高盛,2024-08-02,9105
6244,茂迪,12,0,12,群益金鼎-高盛,2024-08-02,9105
0056,元大高股息,22,11,11,群益金鼎-高盛,2024-08-02,9105
00795B,中信美國公債20年,12,0,12,群益金鼎-高盛,2024-08-02,9105
8021,尖點,11,0,11,群益金鼎-高盛,2024-08-02,9105
2388,威盛,11,0,11,群益金鼎-高盛,2024-08-02,9105
00929,復華台灣科技優息,368,22,346,群益金鼎-高盛,2024-08-05,9105
2337,旺宏,238,16,222,群益金鼎-高盛,2024-08-05,9105
2887,台新金,218,3,215,群益金鼎-高盛,2024-08-05,9105
5880,合庫金,210,13,197,群益金鼎-高盛,2024-08-05,9105
00715L,期街口布蘭特正2,191,0,191,群益金鼎-高盛,2024-08-05,9105
00940,元大台灣價值高息,194,12,182,群益金鼎-高盛,2024-08-05,9105
00919,群益台灣精選高息,206,30,176,群益金鼎-高盛,2024-08-05,9105
00878,國泰永續高股息,182,19,163,群益金鼎-高盛,2024-08-05,9105
2022,聚亨,100,0,100,群益金鼎-高盛,2024-08-05,9105
00679B,元大美債20年,108,38,70,群益金鼎-高盛,2024-08-05,9105
2317,鴻海,95,26,69,群益金鼎-高盛,2024-08-05,9105
2515,中工,59,9,50,群益金鼎-高盛,2024-08-05,9105
1314,中石化,51,5,46,群益金鼎-高盛,2024-08-05,9105
006208,富邦台50,44,0,44,群益金鼎-高盛,2024-08-05,9105
2609,陽明,70,27,43,群益金鼎-高盛,2024-08-05,9105
2897,王道銀行,42,0,42,群益金鼎-高盛,2024-08-05,9105
2408,南亞科,41,1,40,群益金鼎-高盛,2024-08-05,9105
2301,光寶科,44,4,40,群益金鼎-高盛,2024-08-05,9105
2489,瑞軒,49,10,39,群益金鼎-高盛,2024-08-05,9105
2330,台積電,40,4,36,群益金鼎-高盛,2024-08-05,9105
00637L,元大滬深300正2,34,0,34,群益金鼎-高盛,2024-08-05,9105
2801,彰銀,34,0,34,群益金鼎-高盛,2024-08-05,9105
0056,元大高股息,42,9,33,群益金鼎-高盛,2024-08-05,9105
00665L,富邦�琤肭磪囓�2,31,0,31,群益金鼎-高盛,2024-08-05,9105
00946,群益科技高息成長,30,0,30,群益金鼎-高盛,2024-08-05,9105
2401,凌陽,40,10,30,群益金鼎-高盛,2024-08-05,9105
8021,尖點,26,0,26,群益金鼎-高盛,2024-08-05,9105
8050,廣積,25,0,25,群益金鼎-高盛,2024-08-05,9105
6770,力積電,55,30,25,群益金鼎-高盛,2024-08-05,9105
2409,友達,27,6,21,群益金鼎-高盛,2024-08-05,9105
1313,聯成,20,0,20,群益金鼎-高盛,2024-08-05,9105
3062,建漢,20,0,20,群益金鼎-高盛,2024-08-05,9105
8927,北基,20,0,20,群益金鼎-高盛,2024-08-05,9105
9904,寶成,20,0,20,群益金鼎-高盛,2024-08-05,9105
2537,聯上發,21,2,19,群益金鼎-高盛,2024-08-05,9105
2834,臺企銀,42,23,19,群益金鼎-高盛,2024-08-05,9105
2601,益航,20,2,18,群益金鼎-高盛,2024-08-05,9105
1712,興農,17,0,17,群益金鼎-高盛,2024-08-05,9105
2417,圓剛,20,4,16,群益金鼎-高盛,2024-08-05,9105
2516,新建,28,12,16,群益金鼎-高盛,2024-08-05,9105
2382,廣達,26,10,16,群益金鼎-高盛,2024-08-05,9105
2002,中鋼,64,49,15,群益金鼎-高盛,2024-08-05,9105
00923,群益台ESG低碳50,15,0,15,群益金鼎-高盛,2024-08-05,9105
00918,大華優利高填息30,15,0,15,群益金鼎-高盛,2024-08-05,9105
2610,華航,25,10,15,群益金鼎-高盛,2024-08-05,9105
00892,富邦台灣半導體,14,0,14,群益金鼎-高盛,2024-08-05,9105
5202,力新,15,1,14,群益金鼎-高盛,2024-08-05,9105
5905,南仁湖,13,0,13,群益金鼎-高盛,2024-08-05,9105
3035,智原,14,1,13,群益金鼎-高盛,2024-08-05,9105
2368,金像電,15,2,13,群益金鼎-高盛,2024-08-05,9105
00936,台新永續高息中小,222,0,222,群益金鼎-高盛,2024-08-06,9105
00929,復華台灣科技優息,175,9,166,群益金鼎-高盛,2024-08-06,9105
00940,元大台灣價值高息,259,102,157,群益金鼎-高盛,2024-08-06,9105
2537,聯上發,112,10,102,群益金鼎-高盛,2024-08-06,9105
00878,國泰永續高股息,115,22,93,群益金鼎-高盛,2024-08-06,9105
5498,凱崴,68,0,68,群益金鼎-高盛,2024-08-06,9105
00919,群益台灣精選高息,135,67,68,群益金鼎-高盛,2024-08-06,9105
00948B,中信優息投資級債,57,0,57,群益金鼎-高盛,2024-08-06,9105
00632R,元大台灣50反1,64,25,39,群益金鼎-高盛,2024-08-06,9105
5258,虹堡,40,3,37,群益金鼎-高盛,2024-08-06,9105
3303,岱稜,36,2,34,群益金鼎-高盛,2024-08-06,9105
2834,臺企銀,43,9,34,群益金鼎-高盛,2024-08-06,9105
00637L,元大滬深300正2,32,0,32,群益金鼎-高盛,2024-08-06,9105
2867,三商壽,30,0,30,群益金鼎-高盛,2024-08-06,9105
00675L,富邦臺灣加權正2,22,2,20,群益金鼎-高盛,2024-08-06,9105
00753L,中信中國50正2,20,0,20,群益金鼎-高盛,2024-08-06,9105
5905,南仁湖,20,0,20,群益金鼎-高盛,2024-08-06,9105
2801,彰銀,21,2,19,群益金鼎-高盛,2024-08-06,9105
2365,昆盈,49,32,17,群益金鼎-高盛,2024-08-06,9105
2515,中工,29,12,17,群益金鼎-高盛,2024-08-06,9105
00720B,元大投資級公司債,26,10,16,群益金鼎-高盛,2024-08-06,9105
3024,憶聲,16,0,16,群益金鼎-高盛,2024-08-06,9105
2542,興富發,14,0,14,群益金鼎-高盛,2024-08-06,9105
9904,寶成,14,0,14,群益金鼎-高盛,2024-08-06,9105
2845,遠東銀,14,0,14,群益金鼎-高盛,2024-08-06,9105
0056,元大高股息,21,8,13,群益金鼎-高盛,2024-08-06,9105
2887,台新金,18,5,13,群益金鼎-高盛,2024-08-06,9105
4303,信立,15,2,13,群益金鼎-高盛,2024-08-06,9105
2356,英業達,17,4,13,群益金鼎-高盛,2024-08-06,9105
2409,友達,22,10,12,群益金鼎-高盛,2024-08-06,9105
6163,華電網,14,2,12,群益金鼎-高盛,2024-08-06,9105
8096,擎亞,14,2,12,群益金鼎-高盛,2024-08-06,9105
2337,旺宏,18,7,11,群益金鼎-高盛,2024-08-06,9105
00706L,期元大S＆P日圓正2,17,6,11,群益金鼎-高盛,2024-08-06,9105
6244,茂迪,12,1,11,群益金鼎-高盛,2024-08-06,9105
6116,彩晶,11,1,10,群益金鼎-高盛,2024-08-06,9105
2353,宏��,22,12,10,群益金鼎-高盛,2024-08-06,9105
2369,菱生,10,0,10,群益金鼎-高盛,2024-08-06,9105
00904,新光臺灣半導體30,10,0,10,群益金鼎-高盛,2024-08-06,9105
00942B,台新美A公司債20+,10,0,10,群益金鼎-高盛,2024-08-06,9105
2388,威盛,10,0,10,群益金鼎-高盛,2024-08-06,9105
2441,超豐,10,0,10,群益金鼎-高盛,2024-08-06,9105
3380,明泰,10,0,10,群益金鼎-高盛,2024-08-06,9105
5469,瀚宇博,10,0,10,群益金鼎-高盛,2024-08-06,9105
2402,毅嘉,10,1,9,群益金鼎-高盛,2024-08-06,9105
2702,華園,10,1,9,群益金鼎-高盛,2024-08-06,9105
00881,國泰台灣5G+,10,1,9,群益金鼎-高盛,2024-08-06,9105
2420,新巨,10,1,9,群益金鼎-高盛,2024-08-06,9105
2883,凱基金,11,2,9,群益金鼎-高盛,2024-08-06,9105
3189,景碩,11,2,9,群益金鼎-高盛,2024-08-06,9105
2409,友達,263,8,255,群益金鼎-高盛,2024-08-07,9105
00929,復華台灣科技優息,110,9,101,群益金鼎-高盛,2024-08-07,9105
2834,臺企銀,108,33,75,群益金鼎-高盛,2024-08-07,9105
00679B,元大美債20年,76,3,73,群益金鼎-高盛,2024-08-07,9105
3576,聯合再生,50,5,45,群益金鼎-高盛,2024-08-07,9105
00878,國泰永續高股息,40,0,40,群益金鼎-高盛,2024-08-07,9105
2317,鴻海,82,46,36,群益金鼎-高盛,2024-08-07,9105
00940,元大台灣價值高息,59,24,35,群益金鼎-高盛,2024-08-07,9105
2349,錸德,37,5,32,群益金鼎-高盛,2024-08-07,9105
2382,廣達,42,17,25,群益金鼎-高盛,2024-08-07,9105
6770,力積電,35,10,25,群益金鼎-高盛,2024-08-07,9105
2888,新光金,36,13,23,群益金鼎-高盛,2024-08-07,9105
00712,復華富時不動產,22,0,22,群益金鼎-高盛,2024-08-07,9105
6257,矽格,22,0,22,群益金鼎-高盛,2024-08-07,9105
2913,農林,21,0,21,群益金鼎-高盛,2024-08-07,9105
00650L,復華香港正2,20,0,20,群益金鼎-高盛,2024-08-07,9105
00933B,國泰10Y+金融債,20,0,20,群益金鼎-高盛,2024-08-07,9105
5531,鄉林,20,0,20,群益金鼎-高盛,2024-08-07,9105
3711,日月光投控,23,5,18,群益金鼎-高盛,2024-08-07,9105
8054,安國,66,48,18,群益金鼎-高盛,2024-08-07,9105
8043,蜜望實,16,0,16,群益金鼎-高盛,2024-08-07,9105
00900,富邦特選高股息30,14,0,14,群益金鼎-高盛,2024-08-07,9105
1540,喬福,148,135,13,群益金鼎-高盛,2024-08-07,9105
5201,凱衛,13,0,13,群益金鼎-高盛,2024-08-07,9105
9105,泰金寶-DR,12,0,12,群益金鼎-高盛,2024-08-07,9105
2880,華南金,12,1,11,群益金鼎-高盛,2024-08-07,9105
00751B,元大AAA至A公司債,11,0,11,群益金鼎-高盛,2024-08-07,9105
1314,中石化,30,19,11,群益金鼎-高盛,2024-08-07,9105
2884,玉山金,11,0,11,群益金鼎-高盛,2024-08-07,9105
2408,南亞科,12,1,11,群益金鼎-高盛,2024-08-07,9105
6152,百一,11,0,11,群益金鼎-高盛,2024-08-07,9105
2356,英業達,15,4,11,群益金鼎-高盛,2024-08-07,9105
00919,群益台灣精選高息,31,21,10,群益金鼎-高盛,2024-08-07,9105
5880,合庫金,10,0,10,群益金鼎-高盛,2024-08-07,9105
1785,光洋科,42,32,10,群益金鼎-高盛,2024-08-07,9105
2329,華泰,35,25,10,群益金鼎-高盛,2024-08-07,9105
00888,永豐台灣ESG,10,0,10,群益金鼎-高盛,2024-08-07,9105
00942B,台新美A公司債20+,10,0,10,群益金鼎-高盛,2024-08-07,9105
00947,台新臺灣IC設計,10,0,10,群益金鼎-高盛,2024-08-07,9105
00948B,中信優息投資級債,10,0,10,群益金鼎-高盛,2024-08-07,9105
1784,訊聯,10,0,10,群益金鼎-高盛,2024-08-07,9105
2441,超豐,10,0,10,群益金鼎-高盛,2024-08-07,9105
3056,富華新,10,0,10,群益金鼎-高盛,2024-08-07,9105
2542,興富發,9,0,9,群益金鼎-高盛,2024-08-07,9105
2867,三商壽,30,21,9,群益金鼎-高盛,2024-08-07,9105
00687B,國泰20年美債,22,14,8,群益金鼎-高盛,2024-08-07,9105
3034,聯詠,8,0,8,群益金鼎-高盛,2024-08-07,9105
2301,光寶科,14,6,8,群益金鼎-高盛,2024-08-07,9105
00670L,富邦NASDAQ正2,8,0,8,群益金鼎-高盛,2024-08-07,9105
00787B,元大10年IG醫療債,8,0,8,群益金鼎-高盛,2024-08-07,9105
00929,復華台灣科技優息,192,19,173,群益金鼎-高盛,2024-08-08,9105
00937B,群益ESG投等債20,107,1,106,群益金鼎-高盛,2024-08-08,9105
2834,臺企銀,79,8,71,群益金鼎-高盛,2024-08-08,9105
00878,國泰永續高股息,54,5,49,群益金鼎-高盛,2024-08-08,9105
2464,盟立,52,9,43,群益金鼎-高盛,2024-08-08,9105
2453,凌群,41,0,41,群益金鼎-高盛,2024-08-08,9105
00642U,期元大S＆P石油,40,0,40,群益金鼎-高盛,2024-08-08,9105
00947,台新臺灣IC設計,40,0,40,群益金鼎-高盛,2024-08-08,9105
00940,元大台灣價值高息,37,5,32,群益金鼎-高盛,2024-08-08,9105
00933B,國泰10Y+金融債,30,2,28,群益金鼎-高盛,2024-08-08,9105
2317,鴻海,56,28,28,群益金鼎-高盛,2024-08-08,9105
2515,中工,32,4,28,群益金鼎-高盛,2024-08-08,9105
5443,均豪,22,1,21,群益金鼎-高盛,2024-08-08,9105
2886,兆豐金,22,2,20,群益金鼎-高盛,2024-08-08,9105
00911,兆豐洲際半導體,20,0,20,群益金鼎-高盛,2024-08-08,9105
00948B,中信優息投資級債,20,0,20,群益金鼎-高盛,2024-08-08,9105
00935,野村臺灣新科技50,17,0,17,群益金鼎-高盛,2024-08-08,9105
00720B,元大投資級公司債,15,0,15,群益金鼎-高盛,2024-08-08,9105
00687B,國泰20年美債,15,1,14,群益金鼎-高盛,2024-08-08,9105
4510,高鋒,61,47,14,群益金鼎-高盛,2024-08-08,9105
2382,廣達,19,6,13,群益金鼎-高盛,2024-08-08,9105
9945,潤泰新,14,1,13,群益金鼎-高盛,2024-08-08,9105
3230,錦明,12,0,12,群益金鼎-高盛,2024-08-08,9105
3689,湧德,13,2,11,群益金鼎-高盛,2024-08-08,9105
2489,瑞軒,21,10,11,群益金鼎-高盛,2024-08-08,9105
2002,中鋼,11,1,10,群益金鼎-高盛,2024-08-08,9105
4919,新唐,11,1,10,群益金鼎-高盛,2024-08-08,9105
00673R,期元大S＆P原油反1,10,0,10,群益金鼎-高盛,2024-08-08,9105
1213,大飲,10,0,10,群益金鼎-高盛,2024-08-08,9105
4123,晟德,10,0,10,群益金鼎-高盛,2024-08-08,9105
5876,上海商銀,10,0,10,群益金鼎-高盛,2024-08-08,9105
6101,寬魚國際,10,0,10,群益金鼎-高盛,2024-08-08,9105
6215,和椿,38,28,10,群益金鼎-高盛,2024-08-08,9105
1301,台塑,25,16,9,群益金鼎-高盛,2024-08-08,9105
00680L,元大美債20正2,20,11,9,群益金鼎-高盛,2024-08-08,9105
3047,訊舟,44,35,9,群益金鼎-高盛,2024-08-08,9105
3312,弘憶股,9,1,8,群益金鼎-高盛,2024-08-08,9105
00795B,中信美國公債20年,8,0,8,群益金鼎-高盛,2024-08-08,9105
00893,國泰智能電動車,8,0,8,群益金鼎-高盛,2024-08-08,9105
3581,博磊,8,0,8,群益金鼎-高盛,2024-08-08,9105
0056,元大高股息,15,8,7,群益金鼎-高盛,2024-08-08,9105
2892,第一金,9,2,7,群益金鼎-高盛,2024-08-08,9105
6603,富強鑫,15,8,7,群益金鼎-高盛,2024-08-08,9105
8064,東捷,11,4,7,群益金鼎-高盛,2024-08-08,9105
2330,台積電,12,5,7,群益金鼎-高盛,2024-08-08,9105
00738U,期元大道瓊白銀,6,0,6,群益金鼎-高盛,2024-08-08,9105
00934,中信成長高股息,6,0,6,群益金鼎-高盛,2024-08-08,9105
1718,中纖,7,1,6,群益金鼎-高盛,2024-08-08,9105
4303,信立,6,0,6,群益金鼎-高盛,2024-08-08,9105
2855,統一證,6,0,6,群益金鼎-高盛,2024-08-08,9105
2337,旺宏,163,9,154,群益金鼎-高盛,2024-08-09,9105
2884,玉山金,150,2,148,群益金鼎-高盛,2024-08-09,9105
1440,南紡,101,0,101,群益金鼎-高盛,2024-08-09,9105
2365,昆盈,159,62,97,群益金鼎-高盛,2024-08-09,9105
00795B,中信美國公債20年,86,0,86,群益金鼎-高盛,2024-08-09,9105
00679B,元大美債20年,50,0,50,群益金鼎-高盛,2024-08-09,9105
2353,宏��,49,4,45,群益金鼎-高盛,2024-08-09,9105
2349,錸德,48,18,30,群益金鼎-高盛,2024-08-09,9105
00680L,元大美債20正2,35,5,30,群益金鼎-高盛,2024-08-09,9105
00940,元大台灣價值高息,28,4,24,群益金鼎-高盛,2024-08-09,9105
00933B,國泰10Y+金融債,25,2,23,群益金鼎-高盛,2024-08-09,9105
00687B,國泰20年美債,22,1,21,群益金鼎-高盛,2024-08-09,9105
2301,光寶科,23,2,21,群益金鼎-高盛,2024-08-09,9105
3715,定穎投控,37,17,20,群益金鼎-高盛,2024-08-09,9105
8071,能率網通,28,8,20,群益金鼎-高盛,2024-08-09,9105
3044,健鼎,15,1,14,群益金鼎-高盛,2024-08-09,9105
6127,九豪,12,0,12,群益金鼎-高盛,2024-08-09,9105
1608,華榮,15,5,10,群益金鼎-高盛,2024-08-09,9105
1711,永光,10,0,10,群益金鼎-高盛,2024-08-09,9105
2401,凌陽,10,0,10,群益金鼎-高盛,2024-08-09,9105
3230,錦明,22,12,10,群益金鼎-高盛,2024-08-09,9105
3363,上詮,21,11,10,群益金鼎-高盛,2024-08-09,9105
6245,立端,10,0,10,群益金鼎-高盛,2024-08-09,9105
006208,富邦台50,10,0,10,群益金鼎-高盛,2024-08-09,9105
00720B,元大投資級公司債,9,0,9,群益金鼎-高盛,2024-08-09,9105
2382,廣達,23,14,9,群益金鼎-高盛,2024-08-09,9105
3450,聯鈞,20,11,9,群益金鼎-高盛,2024-08-09,9105
00949,復華日本龍頭,9,0,9,群益金鼎-高盛,2024-08-09,9105
8028,昇陽半導體,14,5,9,群益金鼎-高盛,2024-08-09,9105
2062,橋椿,14,5,9,群益金鼎-高盛,2024-08-09,9105
8054,安國,36,28,8,群益金鼎-高盛,2024-08-09,9105
2362,藍天,13,5,8,群益金鼎-高盛,2024-08-09,9105
3010,華立,11,3,8,群益金鼎-高盛,2024-08-09,9105
4545,銘鈺,8,0,8,群益金鼎-高盛,2024-08-09,9105
2357,華碩,9,1,8,群益金鼎-高盛,2024-08-09,9105
00632R,元大台灣50反1,7,0,7,群益金鼎-高盛,2024-08-09,9105
1522,堤維西,11,4,7,群益金鼎-高盛,2024-08-09,9105
2520,冠德,10,3,7,群益金鼎-高盛,2024-08-09,9105
00918,大華優利高填息30,6,0,6,群益金鼎-高盛,2024-08-09,9105
4806,桂田文創,6,0,6,群益金鼎-高盛,2024-08-09,9105
2363,矽統,8,3,5,群益金鼎-高盛,2024-08-09,9105
00673R,期元大S＆P原油反1,5,0,5,群益金鼎-高盛,2024-08-09,9105
1909,榮成,5,0,5,群益金鼎-高盛,2024-08-09,9105
5512,力麒,5,0,5,群益金鼎-高盛,2024-08-09,9105
2371,大同,5,1,4,群益金鼎-高盛,2024-08-09,9105
0056,元大高股息,5,1,4,群益金鼎-高盛,2024-08-09,9105
00878,國泰永續高股息,14,10,4,群益金鼎-高盛,2024-08-09,9105
00669R,國泰美國道瓊反1,4,0,4,群益金鼎-高盛,2024-08-09,9105
00948B,中信優息投資級債,5,1,4,群益金鼎-高盛,2024-08-09,9105
1536,和大,5,1,4,群益金鼎-高盛,2024-08-09,9105
3481,群創,293,43,250,群益金鼎-高盛,2024-08-12,9105
00680L,元大美債20正2,100,0,100,群益金鼎-高盛,2024-08-12,9105
2888,新光金,83,23,60,群益金鼎-高盛,2024-08-12,9105
1303,南亞,63,5,58,群益金鼎-高盛,2024-08-12,9105
2609,陽明,97,44,53,群益金鼎-高盛,2024-08-12,9105
2409,友達,55,2,53,群益金鼎-高盛,2024-08-12,9105
2883,凱基金,53,0,53,群益金鼎-高盛,2024-08-12,9105
00795B,中信美國公債20年,40,0,40,群益金鼎-高盛,2024-08-12,9105
00900,富邦特選高股息30,39,0,39,群益金鼎-高盛,2024-08-12,9105
2884,玉山金,41,2,39,群益金鼎-高盛,2024-08-12,9105
00632R,元大台灣50反1,38,0,38,群益金鼎-高盛,2024-08-12,9105
3047,訊舟,51,15,36,群益金鼎-高盛,2024-08-12,9105
00688L,國泰20年美債正2,35,0,35,群益金鼎-高盛,2024-08-12,9105
00673R,期元大S＆P原油反1,28,0,28,群益金鼎-高盛,2024-08-12,9105
1513,中興電,34,6,28,群益金鼎-高盛,2024-08-12,9105
2605,新興,23,1,22,群益金鼎-高盛,2024-08-12,9105
00888,永豐台灣ESG,20,0,20,群益金鼎-高盛,2024-08-12,9105
2465,麗臺,20,0,20,群益金鼎-高盛,2024-08-12,9105
6215,和椿,32,13,19,群益金鼎-高盛,2024-08-12,9105
6257,矽格,26,7,19,群益金鼎-高盛,2024-08-12,9105
0056,元大高股息,20,1,19,群益金鼎-高盛,2024-08-12,9105
9946,三發地產,20,2,18,群益金鼎-高盛,2024-08-12,9105
8071,能率網通,18,1,17,群益金鼎-高盛,2024-08-12,9105
2891,中信金,18,1,17,群益金鼎-高盛,2024-08-12,9105
8150,南茂,16,0,16,群益金鼎-高盛,2024-08-12,9105
2312,金寶,52,37,15,群益金鼎-高盛,2024-08-12,9105
1618,合機,16,2,14,群益金鼎-高盛,2024-08-12,9105
2365,昆盈,66,53,13,群益金鼎-高盛,2024-08-12,9105
6265,方土昶,12,0,12,群益金鼎-高盛,2024-08-12,9105
2356,英業達,13,1,12,群益金鼎-高盛,2024-08-12,9105
2515,中工,11,0,11,群益金鼎-高盛,2024-08-12,9105
6125,廣運,11,0,11,群益金鼎-高盛,2024-08-12,9105
00882,中信中國高股息,10,0,10,群益金鼎-高盛,2024-08-12,9105
00947,台新臺灣IC設計,10,0,10,群益金鼎-高盛,2024-08-12,9105
1413,宏洲,10,0,10,群益金鼎-高盛,2024-08-12,9105
2527,宏璟,11,1,10,群益金鼎-高盛,2024-08-12,9105
4933,友輝,10,0,10,群益金鼎-高盛,2024-08-12,9105
00878,國泰永續高股息,12,2,10,群益金鼎-高盛,2024-08-12,9105
3535,晶彩科,9,0,9,群益金鼎-高盛,2024-08-12,9105
2537,聯上發,38,29,9,群益金鼎-高盛,2024-08-12,9105
1785,光洋科,21,12,9,群益金鼎-高盛,2024-08-12,9105
1540,喬福,9,0,9,群益金鼎-高盛,2024-08-12,9105
3260,威剛,15,6,9,群益金鼎-高盛,2024-08-12,9105
4903,聯光通,9,0,9,群益金鼎-高盛,2024-08-12,9105
3188,鑫龍騰,13,4,9,群益金鼎-高盛,2024-08-12,9105
2610,華航,11,3,8,群益金鼎-高盛,2024-08-12,9105
00949,復華日本龍頭,9,1,8,群益金鼎-高盛,2024-08-12,9105
2801,彰銀,10,2,8,群益金鼎-高盛,2024-08-12,9105
1808,潤隆,8,0,8,群益金鼎-高盛,2024-08-12,9105
2882,國泰金,9,1,8,群益金鼎-高盛,2024-08-12,9105
2208,台船,248,76,172,群益金鼎-高盛,2024-08-13,9105
00670L,富邦NASDAQ正2,127,0,127,群益金鼎-高盛,2024-08-13,9105
2880,華南金,74,10,64,群益金鼎-高盛,2024-08-13,9105
1303,南亞,41,0,41,群益金鼎-高盛,2024-08-13,9105
00918,大華優利高填息30,30,0,30,群益金鼎-高盛,2024-08-13,9105
6152,百一,30,0,30,群益金鼎-高盛,2024-08-13,9105
2888,新光金,41,12,29,群益金鼎-高盛,2024-08-13,9105
6505,台塑化,22,1,21,群益金鼎-高盛,2024-08-13,9105
4540,全球傳動,40,21,19,群益金鼎-高盛,2024-08-13,9105
6269,台郡,18,0,18,群益金鼎-高盛,2024-08-13,9105
2610,華航,18,0,18,群益金鼎-高盛,2024-08-13,9105
3163,波若威,20,2,18,群益金鼎-高盛,2024-08-13,9105
2886,兆豐金,18,0,18,群益金鼎-高盛,2024-08-13,9105
00680L,元大美債20正2,45,30,15,群益金鼎-高盛,2024-08-13,9105
3231,緯創,26,12,14,群益金鼎-高盛,2024-08-13,9105
3663,鑫科,52,38,14,群益金鼎-高盛,2024-08-13,9105
00673R,期元大S＆P原油反1,13,0,13,群益金鼎-高盛,2024-08-13,9105
00632R,元大台灣50反1,13,0,13,群益金鼎-高盛,2024-08-13,9105
2349,錸德,14,1,13,群益金鼎-高盛,2024-08-13,9105
6265,方土昶,15,2,13,群益金鼎-高盛,2024-08-13,9105
00878,國泰永續高股息,12,0,12,群益金鼎-高盛,2024-08-13,9105
00900,富邦特選高股息30,12,0,12,群益金鼎-高盛,2024-08-13,9105
1513,中興電,24,14,10,群益金鼎-高盛,2024-08-13,9105
00713,元大台灣高息低波,10,0,10,群益金鼎-高盛,2024-08-13,9105
00637L,元大滬深300正2,10,0,10,群益金鼎-高盛,2024-08-13,9105
00642U,期元大S＆P石油,10,0,10,群益金鼎-高盛,2024-08-13,9105
1584,精剛,14,4,10,群益金鼎-高盛,2024-08-13,9105
2489,瑞軒,11,1,10,群益金鼎-高盛,2024-08-13,9105
2867,三商壽,35,25,10,群益金鼎-高盛,2024-08-13,9105
3501,維熹,10,0,10,群益金鼎-高盛,2024-08-13,9105
6177,達麗,11,1,10,群益金鼎-高盛,2024-08-13,9105
2363,矽統,9,0,9,群益金鼎-高盛,2024-08-13,9105
1815,富喬,9,1,8,群益金鼎-高盛,2024-08-13,9105
2892,第一金,8,0,8,群益金鼎-高盛,2024-08-13,9105
4714,永捷,8,0,8,群益金鼎-高盛,2024-08-13,9105
6116,彩晶,11,3,8,群益金鼎-高盛,2024-08-13,9105
00919,群益台灣精選高息,9,1,8,群益金鼎-高盛,2024-08-13,9105
4566,時碩工業,23,16,7,群益金鼎-高盛,2024-08-13,9105
2371,大同,7,0,7,群益金鼎-高盛,2024-08-13,9105
8039,台虹,7,0,7,群益金鼎-高盛,2024-08-13,9105
1536,和大,9,2,7,群益金鼎-高盛,2024-08-13,9105
1540,喬福,6,0,6,群益金鼎-高盛,2024-08-13,9105
00772B,中信高評級公司債,6,0,6,群益金鼎-高盛,2024-08-13,9105
00675L,富邦臺灣加權正2,6,0,6,群益金鼎-高盛,2024-08-13,9105
2020,美亞,6,0,6,群益金鼎-高盛,2024-08-13,9105
2062,橋椿,6,0,6,群益金鼎-高盛,2024-08-13,9105
5905,南仁湖,6,0,6,群益金鼎-高盛,2024-08-13,9105
8105,凌巨,6,0,6,群益金鼎-高盛,2024-08-13,9105
2615,萬海,55,49,6,群益金鼎-高盛,2024-08-13,9105
2317,鴻海,32,27,5,群益金鼎-高盛,2024-08-13,9105
1440,南紡,270,0,270,群益金鼎-高盛,2024-08-14,9105
6108,競國,272,5,267,群益金鼎-高盛,2024-08-14,9105
5880,合庫金,202,21,181,群益金鼎-高盛,2024-08-14,9105
00688L,國泰20年美債正2,181,0,181,群益金鼎-高盛,2024-08-14,9105
00664R,國泰臺灣加權反1,72,0,72,群益金鼎-高盛,2024-08-14,9105
2845,遠東銀,40,0,40,群益金鼎-高盛,2024-08-14,9105
4513,福裕,64,24,40,群益金鼎-高盛,2024-08-14,9105
2002,中鋼,59,22,37,群益金鼎-高盛,2024-08-14,9105
00947,台新臺灣IC設計,30,0,30,群益金鼎-高盛,2024-08-14,9105
2511,太子,30,0,30,群益金鼎-高盛,2024-08-14,9105
00900,富邦特選高股息30,35,6,29,群益金鼎-高盛,2024-08-14,9105
00937B,群益ESG投等債20,55,33,22,群益金鼎-高盛,2024-08-14,9105
2365,昆盈,93,71,22,群益金鼎-高盛,2024-08-14,9105
6114,久威,21,0,21,群益金鼎-高盛,2024-08-14,9105
1101,台泥,20,0,20,群益金鼎-高盛,2024-08-14,9105
2615,萬海,27,8,19,群益金鼎-高盛,2024-08-14,9105
8096,擎亞,53,36,17,群益金鼎-高盛,2024-08-14,9105
2880,華南金,17,1,16,群益金鼎-高盛,2024-08-14,9105
8028,昇陽半導體,31,15,16,群益金鼎-高盛,2024-08-14,9105
8054,安國,27,11,16,群益金鼎-高盛,2024-08-14,9105
2337,旺宏,20,5,15,群益金鼎-高盛,2024-08-14,9105
1815,富喬,15,0,15,群益金鼎-高盛,2024-08-14,9105
00687B,國泰20年美債,35,21,14,群益金鼎-高盛,2024-08-14,9105
00795B,中信美國公債20年,14,0,14,群益金鼎-高盛,2024-08-14,9105
2359,所羅門,33,20,13,群益金鼎-高盛,2024-08-14,9105
4564,元翎,17,6,11,群益金鼎-高盛,2024-08-14,9105
2330,台積電,17,7,10,群益金鼎-高盛,2024-08-14,9105
00669R,國泰美國道瓊反1,10,0,10,群益金鼎-高盛,2024-08-14,9105
00680L,元大美債20正2,10,0,10,群益金鼎-高盛,2024-08-14,9105
00751B,元大AAA至A公司債,10,0,10,群益金鼎-高盛,2024-08-14,9105
00939,統一台灣高息動能,10,0,10,群益金鼎-高盛,2024-08-14,9105
1104,環泥,10,0,10,群益金鼎-高盛,2024-08-14,9105
1413,宏洲,10,0,10,群益金鼎-高盛,2024-08-14,9105
2702,華園,18,8,10,群益金鼎-高盛,2024-08-14,9105
3498,陽程,20,10,10,群益金鼎-高盛,2024-08-14,9105
4555,氣立,11,1,10,群益金鼎-高盛,2024-08-14,9105
6244,茂迪,10,0,10,群益金鼎-高盛,2024-08-14,9105
6443,元晶,11,1,10,群益金鼎-高盛,2024-08-14,9105
6596,寬宏藝術,10,0,10,群益金鼎-高盛,2024-08-14,9105
4303,信立,9,0,9,群益金鼎-高盛,2024-08-14,9105
2408,南亞科,9,1,8,群益金鼎-高盛,2024-08-14,9105
2801,彰銀,8,0,8,群益金鼎-高盛,2024-08-14,9105
2867,三商壽,11,3,8,群益金鼎-高盛,2024-08-14,9105
1584,精剛,20,13,7,群益金鼎-高盛,2024-08-14,9105
4155,訊映,7,0,7,群益金鼎-高盛,2024-08-14,9105
1708,東鹼,16,9,7,群益金鼎-高盛,2024-08-14,9105
1609,大亞,6,0,6,群益金鼎-高盛,2024-08-14,9105
2489,瑞軒,8,2,6,群益金鼎-高盛,2024-08-14,9105
2506,太設,6,0,6,群益金鼎-高盛,2024-08-14,9105
3593,力銘,6,0,6,群益金鼎-高盛,2024-08-14,9105
00687B,國泰20年美債,132,0,132,群益金鼎-高盛,2024-08-15,9105
00680L,元大美債20正2,85,1,84,群益金鼎-高盛,2024-08-15,9105
00712,復華富時不動產,63,1,62,群益金鼎-高盛,2024-08-15,9105
4562,穎漢,107,55,52,群益金鼎-高盛,2024-08-15,9105
4564,元翎,51,0,51,群益金鼎-高盛,2024-08-15,9105
1785,光洋科,44,7,37,群益金鼎-高盛,2024-08-15,9105
1532,勤美,30,0,30,群益金鼎-高盛,2024-08-15,9105
00632R,元大台灣50反1,24,0,24,群益金鼎-高盛,2024-08-15,9105
2002,中鋼,26,2,24,群益金鼎-高盛,2024-08-15,9105
00948B,中信優息投資級債,22,0,22,群益金鼎-高盛,2024-08-15,9105
00881,國泰台灣5G+,21,0,21,群益金鼎-高盛,2024-08-15,9105
2489,瑞軒,58,38,20,群益金鼎-高盛,2024-08-15,9105
2012,春雨,19,0,19,群益金鼎-高盛,2024-08-15,9105
2317,鴻海,35,17,18,群益金鼎-高盛,2024-08-15,9105
2376,技嘉,32,14,18,群益金鼎-高盛,2024-08-15,9105
6265,方土昶,17,0,17,群益金鼎-高盛,2024-08-15,9105
2867,三商壽,71,54,17,群益金鼎-高盛,2024-08-15,9105
3056,富華新,16,0,16,群益金鼎-高盛,2024-08-15,9105
00907,永豐優息存股,15,0,15,群益金鼎-高盛,2024-08-15,9105
1806,冠軍,14,0,14,群益金鼎-高盛,2024-08-15,9105
2883,凱基金,20,6,14,群益金鼎-高盛,2024-08-15,9105
1101,台泥,14,0,14,群益金鼎-高盛,2024-08-15,9105
00669R,國泰美國道瓊反1,12,0,12,群益金鼎-高盛,2024-08-15,9105
4540,全球傳動,49,38,11,群益金鼎-高盛,2024-08-15,9105
00918,大華優利高填息30,10,0,10,群益金鼎-高盛,2024-08-15,9105
8064,東捷,15,5,10,群益金鼎-高盛,2024-08-15,9105
2352,佳世達,11,1,10,群益金鼎-高盛,2024-08-15,9105
00940,元大台灣價值高息,10,0,10,群益金鼎-高盛,2024-08-15,9105
2371,大同,11,1,10,群益金鼎-高盛,2024-08-15,9105
4746,台耀,10,0,10,群益金鼎-高盛,2024-08-15,9105
6147,頎邦,10,0,10,群益金鼎-高盛,2024-08-15,9105
2801,彰銀,10,0,10,群益金鼎-高盛,2024-08-15,9105
5202,力新,55,46,9,群益金鼎-高盛,2024-08-15,9105
2382,廣達,15,6,9,群益金鼎-高盛,2024-08-15,9105
6177,達麗,10,1,9,群益金鼎-高盛,2024-08-15,9105
3013,晟銘電,17,9,8,群益金鼎-高盛,2024-08-15,9105
00665L,富邦�琤肭磪囓�2,8,0,8,群益金鼎-高盛,2024-08-15,9105
2886,兆豐金,8,0,8,群益金鼎-高盛,2024-08-15,9105
3011,今皓,8,0,8,群益金鼎-高盛,2024-08-15,9105
3047,訊舟,37,29,8,群益金鼎-高盛,2024-08-15,9105
4532,瑞智,10,2,8,群益金鼎-高盛,2024-08-15,9105
5364,力麗店,8,0,8,群益金鼎-高盛,2024-08-15,9105
00795B,中信美國公債20年,7,0,7,群益金鼎-高盛,2024-08-15,9105
00900,富邦特選高股息30,15,8,7,群益金鼎-高盛,2024-08-15,9105
2885,元大金,7,0,7,群益金鼎-高盛,2024-08-15,9105
3518,柏騰,11,4,7,群益金鼎-高盛,2024-08-15,9105
3303,岱稜,23,16,7,群益金鼎-高盛,2024-08-15,9105
2349,錸德,14,8,6,群益金鼎-高盛,2024-08-15,9105
6188,廣明,6,0,6,群益金鼎-高盛,2024-08-15,9105
1506,正道,6,0,6,群益金鼎-高盛,2024-08-15,9105
00632R,元大台灣50反1,139,20,119,群益金鼎-高盛,2024-08-16,9105
00937B,群益ESG投等債20,85,5,80,群益金鼎-高盛,2024-08-16,9105
00687B,國泰20年美債,58,2,56,群益金鼎-高盛,2024-08-16,9105
00900,富邦特選高股息30,41,0,41,群益金鼎-高盛,2024-08-16,9105
00664R,國泰臺灣加權反1,31,0,31,群益金鼎-高盛,2024-08-16,9105
00881,國泰台灣5G+,20,0,20,群益金鼎-高盛,2024-08-16,9105
1444,力麗,20,0,20,群益金鼎-高盛,2024-08-16,9105
2369,菱生,20,0,20,群益金鼎-高盛,2024-08-16,9105
2062,橋椿,35,16,19,群益金鼎-高盛,2024-08-16,9105
4526,東台,28,9,19,群益金鼎-高盛,2024-08-16,9105
8054,安國,38,20,18,群益金鼎-高盛,2024-08-16,9105
2002,中鋼,23,7,16,群益金鼎-高盛,2024-08-16,9105
00669R,國泰美國道瓊反1,16,0,16,群益金鼎-高盛,2024-08-16,9105
00878,國泰永續高股息,53,38,15,群益金鼎-高盛,2024-08-16,9105
00712,復華富時不動產,15,0,15,群益金鼎-高盛,2024-08-16,9105
2208,台船,14,0,14,群益金鼎-高盛,2024-08-16,9105
3712,永崴投控,16,2,14,群益金鼎-高盛,2024-08-16,9105
3312,弘憶股,18,4,14,群益金鼎-高盛,2024-08-16,9105
00679B,元大美債20年,33,20,13,群益金鼎-高盛,2024-08-16,9105
2347,聯強,13,0,13,群益金鼎-高盛,2024-08-16,9105
3498,陽程,17,4,13,群益金鼎-高盛,2024-08-16,9105
00795B,中信美國公債20年,16,4,12,群益金鼎-高盛,2024-08-16,9105
00675L,富邦臺灣加權正2,13,1,12,群益金鼎-高盛,2024-08-16,9105
3715,定穎投控,12,0,12,群益金鼎-高盛,2024-08-16,9105
3706,神達,17,6,11,群益金鼎-高盛,2024-08-16,9105
8096,擎亞,84,73,11,群益金鼎-高盛,2024-08-16,9105
2515,中工,14,4,10,群益金鼎-高盛,2024-08-16,9105
3202,樺晟,10,0,10,群益金鼎-高盛,2024-08-16,9105
8464,億豐,10,0,10,群益金鼎-高盛,2024-08-16,9105
2323,中環,27,18,9,群益金鼎-高盛,2024-08-16,9105
6532,瑞耘,12,3,9,群益金鼎-高盛,2024-08-16,9105
8299,群聯,10,2,8,群益金鼎-高盛,2024-08-16,9105
3062,建漢,15,7,8,群益金鼎-高盛,2024-08-16,9105
2888,新光金,10,3,7,群益金鼎-高盛,2024-08-16,9105
2020,美亞,7,0,7,群益金鼎-高盛,2024-08-16,9105
3324,雙鴻,10,3,7,群益金鼎-高盛,2024-08-16,9105
4906,正文,7,1,6,群益金鼎-高盛,2024-08-16,9105
1737,臺鹽,6,0,6,群益金鼎-高盛,2024-08-16,9105
1806,冠軍,6,0,6,群益金鼎-高盛,2024-08-16,9105
2312,金寶,29,23,6,群益金鼎-高盛,2024-08-16,9105
2324,仁寶,6,0,6,群益金鼎-高盛,2024-08-16,9105
2524,京城,8,2,6,群益金鼎-高盛,2024-08-16,9105
3090,日電貿,6,0,6,群益金鼎-高盛,2024-08-16,9105
4571,鈞興-KY,6,0,6,群益金鼎-高盛,2024-08-16,9105
6603,富強鑫,6,0,6,群益金鼎-高盛,2024-08-16,9105
3535,晶彩科,20,14,6,群益金鼎-高盛,2024-08-16,9105
6505,台塑化,7,2,5,群益金鼎-高盛,2024-08-16,9105
00637L,元大滬深300正2,7,2,5,群益金鼎-高盛,2024-08-16,9105
2362,藍天,6,1,5,群益金鼎-高盛,2024-08-16,9105
5371,中光電,12,7,5,群益金鼎-高盛,2024-08-16,9105
00937B,群益ESG投等債20,75,19,56,群益金鼎-高盛,2024-08-19,9105
00915,凱基優選高股息30,52,1,51,群益金鼎-高盛,2024-08-19,9105
00907,永豐優息存股,30,0,30,群益金鼎-高盛,2024-08-19,9105
00942B,台新美A公司債20+,30,0,30,群益金鼎-高盛,2024-08-19,9105
1532,勤美,25,0,25,群益金鼎-高盛,2024-08-19,9105
00795B,中信美國公債20年,25,0,25,群益金鼎-高盛,2024-08-19,9105
2867,三商壽,22,0,22,群益金鼎-高盛,2024-08-19,9105
00664R,國泰臺灣加權反1,20,0,20,群益金鼎-高盛,2024-08-19,9105
2317,鴻海,37,17,20,群益金鼎-高盛,2024-08-19,9105
00687B,國泰20年美債,21,2,19,群益金鼎-高盛,2024-08-19,9105
4564,元翎,18,0,18,群益金鼎-高盛,2024-08-19,9105
5484,慧友,15,0,15,群益金鼎-高盛,2024-08-19,9105
2888,新光金,64,49,15,群益金鼎-高盛,2024-08-19,9105
00669R,國泰美國道瓊反1,14,0,14,群益金鼎-高盛,2024-08-19,9105
1409,新纖,14,0,14,群益金鼎-高盛,2024-08-19,9105
1611,中電,14,0,14,群益金鼎-高盛,2024-08-19,9105
2354,鴻準,27,13,14,群益金鼎-高盛,2024-08-19,9105
9904,寶成,12,0,12,群益金鼎-高盛,2024-08-19,9105
4513,福裕,12,0,12,群益金鼎-高盛,2024-08-19,9105
8096,擎亞,34,22,12,群益金鼎-高盛,2024-08-19,9105
2359,所羅門,54,42,12,群益金鼎-高盛,2024-08-19,9105
1785,光洋科,22,11,11,群益金鼎-高盛,2024-08-19,9105
1712,興農,11,0,11,群益金鼎-高盛,2024-08-19,9105
2344,華邦電,23,12,11,群益金鼎-高盛,2024-08-19,9105
2605,新興,11,0,11,群益金鼎-高盛,2024-08-19,9105
00881,國泰台灣5G+,10,0,10,群益金鼎-高盛,2024-08-19,9105
00945B,凱基美國非投等債,10,0,10,群益金鼎-高盛,2024-08-19,9105
00882,中信中國高股息,10,0,10,群益金鼎-高盛,2024-08-19,9105
00712,復華富時不動產,10,0,10,群益金鼎-高盛,2024-08-19,9105
6629,泰金-KY,10,0,10,群益金鼎-高盛,2024-08-19,9105
6698,旭暉應材,10,0,10,群益金鼎-高盛,2024-08-19,9105
2489,瑞軒,34,24,10,群益金鼎-高盛,2024-08-19,9105
2002,中鋼,12,3,9,群益金鼎-高盛,2024-08-19,9105
2834,臺企銀,10,1,9,群益金鼎-高盛,2024-08-19,9105
6806,森崴能源,9,0,9,群益金鼎-高盛,2024-08-19,9105
00675L,富邦臺灣加權正2,9,0,9,群益金鼎-高盛,2024-08-19,9105
0050,元大台灣50,9,1,8,群益金鼎-高盛,2024-08-19,9105
00665L,富邦�琤肭磪囓�2,8,0,8,群益金鼎-高盛,2024-08-19,9105
2062,橋椿,31,23,8,群益金鼎-高盛,2024-08-19,9105
3363,上詮,9,1,8,群益金鼎-高盛,2024-08-19,9105
3037,欣興,9,1,8,群益金鼎-高盛,2024-08-19,9105
2399,映泰,7,0,7,群益金鼎-高盛,2024-08-19,9105
6658,聯策,7,0,7,群益金鼎-高盛,2024-08-19,9105
2405,輔信,9,2,7,群益金鼎-高盛,2024-08-19,9105
2885,元大金,6,0,6,群益金鼎-高盛,2024-08-19,9105
3693,營邦,6,0,6,群益金鼎-高盛,2024-08-19,9105
5880,合庫金,6,1,5,群益金鼎-高盛,2024-08-19,9105
2376,技嘉,7,2,5,群益金鼎-高盛,2024-08-19,9105
00900,富邦特選高股息30,5,0,5,群益金鼎-高盛,2024-08-19,9105
2891,中信金,5,0,5,群益金鼎-高盛,2024-08-19,9105
1314,中石化,64,0,64,群益金鼎-高盛,2024-08-20,9105
2356,英業達,54,3,51,群益金鼎-高盛,2024-08-20,9105
00882,中信中國高股息,60,10,50,群益金鼎-高盛,2024-08-20,9105
1785,光洋科,74,30,44,群益金鼎-高盛,2024-08-20,9105
00679B,元大美債20年,36,0,36,群益金鼎-高盛,2024-08-20,9105
00937B,群益ESG投等債20,36,2,34,群益金鼎-高盛,2024-08-20,9105
00715L,期街口布蘭特正2,33,0,33,群益金鼎-高盛,2024-08-20,9105
8028,昇陽半導體,59,27,32,群益金鼎-高盛,2024-08-20,9105
1104,環泥,31,0,31,群益金鼎-高盛,2024-08-20,9105
1444,力麗,30,0,30,群益金鼎-高盛,2024-08-20,9105
8071,能率網通,31,6,25,群益金鼎-高盛,2024-08-20,9105
00907,永豐優息存股,24,0,24,群益金鼎-高盛,2024-08-20,9105
6156,松上,31,9,22,群益金鼎-高盛,2024-08-20,9105
00687B,國泰20年美債,22,1,21,群益金鼎-高盛,2024-08-20,9105
2520,冠德,21,0,21,群益金鼎-高盛,2024-08-20,9105
3047,訊舟,61,40,21,群益金鼎-高盛,2024-08-20,9105
00632R,元大台灣50反1,20,0,20,群益金鼎-高盛,2024-08-20,9105
00942B,台新美A公司債20+,20,0,20,群益金鼎-高盛,2024-08-20,9105
2867,三商壽,21,1,20,群益金鼎-高盛,2024-08-20,9105
3073,天方能源,20,0,20,群益金鼎-高盛,2024-08-20,9105
00795B,中信美國公債20年,18,0,18,群益金鼎-高盛,2024-08-20,9105
00669R,國泰美國道瓊反1,18,0,18,群益金鼎-高盛,2024-08-20,9105
8039,台虹,19,2,17,群益金鼎-高盛,2024-08-20,9105
5202,力新,23,6,17,群益金鼎-高盛,2024-08-20,9105
2323,中環,21,6,15,群益金鼎-高盛,2024-08-20,9105
912000,晨訊科-DR,15,0,15,群益金鼎-高盛,2024-08-20,9105
2357,華碩,15,1,14,群益金鼎-高盛,2024-08-20,9105
1584,精剛,48,34,14,群益金鼎-高盛,2024-08-20,9105
2537,聯上發,22,9,13,群益金鼎-高盛,2024-08-20,9105
2401,凌陽,14,2,12,群益金鼎-高盛,2024-08-20,9105
4513,福裕,14,2,12,群益金鼎-高盛,2024-08-20,9105
8096,擎亞,34,22,12,群益金鼎-高盛,2024-08-20,9105
6125,廣運,14,2,12,群益金鼎-高盛,2024-08-20,9105
4540,全球傳動,16,5,11,群益金鼎-高盛,2024-08-20,9105
4167,松瑞藥,11,0,11,群益金鼎-高盛,2024-08-20,9105
00919,群益台灣精選高息,69,59,10,群益金鼎-高盛,2024-08-20,9105
1303,南亞,11,0,11,群益金鼎-高盛,2024-08-20,9105
4108,懷特,10,0,10,群益金鼎-高盛,2024-08-20,9105
2014,中鴻,10,0,10,群益金鼎-高盛,2024-08-20,9105
2417,圓剛,14,4,10,群益金鼎-高盛,2024-08-20,9105
3094,聯傑,10,0,10,群益金鼎-高盛,2024-08-20,9105
3339,泰谷,21,11,10,群益金鼎-高盛,2024-08-20,9105
4526,東台,10,0,10,群益金鼎-高盛,2024-08-20,9105
5452,佶優,14,4,10,群益金鼎-高盛,2024-08-20,9105
5469,瀚宇博,10,0,10,群益金鼎-高盛,2024-08-20,9105
2317,鴻海,36,27,9,群益金鼎-高盛,2024-08-20,9105
1301,台塑,31,22,9,群益金鼎-高盛,2024-08-20,9105
3312,弘憶股,26,17,9,群益金鼎-高盛,2024-08-20,9105
00665L,富邦�琤肭磪囓�2,9,0,9,群益金鼎-高盛,2024-08-20,9105
00878,國泰永續高股息,16,7,9,群益金鼎-高盛,2024-08-20,9105
00665L,富邦�琤肭磪囓�2,235,20,215,群益金鼎-高盛,2024-08-21,9105
3050,鈺德,161,4,157,群益金鼎-高盛,2024-08-21,9105
2891,中信金,85,4,81,群益金鼎-高盛,2024-08-21,9105
2867,三商壽,130,70,60,群益金鼎-高盛,2024-08-21,9105
1104,環泥,60,0,60,群益金鼎-高盛,2024-08-21,9105
00929,復華台灣科技優息,53,0,53,群益金鼎-高盛,2024-08-21,9105
9105,泰金寶-DR,56,4,52,群益金鼎-高盛,2024-08-21,9105
00632R,元大台灣50反1,40,0,40,群益金鼎-高盛,2024-08-21,9105
00940,元大台灣價值高息,37,0,37,群益金鼎-高盛,2024-08-21,9105
00687B,國泰20年美債,49,13,36,群益金鼎-高盛,2024-08-21,9105
00715L,期街口布蘭特正2,31,0,31,群益金鼎-高盛,2024-08-21,9105
1785,光洋科,37,6,31,群益金鼎-高盛,2024-08-21,9105
00919,群益台灣精選高息,29,1,28,群益金鼎-高盛,2024-08-21,9105
4903,聯光通,21,0,21,群益金鼎-高盛,2024-08-21,9105
6770,力積電,21,0,21,群益金鼎-高盛,2024-08-21,9105
2702,華園,18,0,18,群益金鼎-高盛,2024-08-21,9105
2317,鴻海,21,3,18,群益金鼎-高盛,2024-08-21,9105
4168,醣聯,15,0,15,群益金鼎-高盛,2024-08-21,9105
8071,能率網通,15,0,15,群益金鼎-高盛,2024-08-21,9105
4540,全球傳動,18,6,12,群益金鼎-高盛,2024-08-21,9105
8089,康全電訊,36,24,12,群益金鼎-高盛,2024-08-21,9105
00878,國泰永續高股息,11,0,11,群益金鼎-高盛,2024-08-21,9105
2465,麗臺,11,0,11,群益金鼎-高盛,2024-08-21,9105
5309,系統電,13,2,11,群益金鼎-高盛,2024-08-21,9105
8064,東捷,32,22,10,群益金鼎-高盛,2024-08-21,9105
00882,中信中國高股息,10,0,10,群益金鼎-高盛,2024-08-21,9105
3605,宏致,10,0,10,群益金鼎-高盛,2024-08-21,9105
4532,瑞智,15,5,10,群益金鼎-高盛,2024-08-21,9105
5519,隆大,12,2,10,群益金鼎-高盛,2024-08-21,9105
00731,復華富時高息低波,9,0,9,群益金鼎-高盛,2024-08-21,9105
1802,台玻,9,0,9,群益金鼎-高盛,2024-08-21,9105
6667,信紘科,9,0,9,群益金鼎-高盛,2024-08-21,9105
0056,元大高股息,8,0,8,群益金鼎-高盛,2024-08-21,9105
2359,所羅門,20,12,8,群益金鼎-高盛,2024-08-21,9105
2382,廣達,8,1,7,群益金鼎-高盛,2024-08-21,9105
2002,中鋼,9,2,7,群益金鼎-高盛,2024-08-21,9105
00915,凱基優選高股息30,7,0,7,群益金鼎-高盛,2024-08-21,9105
4729,熒茂,10,3,7,群益金鼎-高盛,2024-08-21,9105
5905,南仁湖,69,62,7,群益金鼎-高盛,2024-08-21,9105
2337,旺宏,6,0,6,群益金鼎-高盛,2024-08-21,9105
3663,鑫科,11,5,6,群益金鼎-高盛,2024-08-21,9105
1470,大統新創,6,0,6,群益金鼎-高盛,2024-08-21,9105
2027,大成鋼,6,0,6,群益金鼎-高盛,2024-08-21,9105
2501,國建,7,1,6,群益金鼎-高盛,2024-08-21,9105
2543,皇昌,11,5,6,群益金鼎-高盛,2024-08-21,9105
6134,萬旭,6,0,6,群益金鼎-高盛,2024-08-21,9105
2344,華邦電,8,3,5,群益金鼎-高盛,2024-08-21,9105
2886,兆豐金,5,0,5,群益金鼎-高盛,2024-08-21,9105
2421,建準,9,4,5,群益金鼎-高盛,2024-08-21,9105
3535,晶彩科,31,26,5,群益金鼎-高盛,2024-08-21,9105
00715L,期街口布蘭特正2,202,20,182,群益金鼎-高盛,2024-08-22,9105
00688L,國泰20年美債正2,130,0,130,群益金鼎-高盛,2024-08-22,9105
9105,泰金寶-DR,130,4,126,群益金鼎-高盛,2024-08-22,9105
2867,三商壽,120,1,119,群益金鼎-高盛,2024-08-22,9105
00680L,元大美債20正2,114,0,114,群益金鼎-高盛,2024-08-22,9105
2883,凱基金,90,0,90,群益金鼎-高盛,2024-08-22,9105
00937B,群益ESG投等債20,71,3,68,群益金鼎-高盛,2024-08-22,9105
00687B,國泰20年美債,63,0,63,群益金鼎-高盛,2024-08-22,9105
00878,國泰永續高股息,62,0,62,群益金鼎-高盛,2024-08-22,9105
00947,台新臺灣IC設計,50,0,50,群益金鼎-高盛,2024-08-22,9105
1532,勤美,40,0,40,群益金鼎-高盛,2024-08-22,9105
2509,全坤建,39,0,39,群益金鼎-高盛,2024-08-22,9105
2317,鴻海,40,5,35,群益金鼎-高盛,2024-08-22,9105
2349,錸德,225,198,27,群益金鼎-高盛,2024-08-22,9105
2890,永豐金,26,0,26,群益金鼎-高盛,2024-08-22,9105
00929,復華台灣科技優息,24,1,23,群益金鼎-高盛,2024-08-22,9105
2891,中信金,24,3,21,群益金鼎-高盛,2024-08-22,9105
2359,所羅門,27,13,14,群益金鼎-高盛,2024-08-22,9105
5519,隆大,12,0,12,群益金鼎-高盛,2024-08-22,9105
1584,精剛,18,7,11,群益金鼎-高盛,2024-08-22,9105
1717,長興,15,4,11,群益金鼎-高盛,2024-08-22,9105
1809,中釉,11,0,11,群益金鼎-高盛,2024-08-22,9105
6147,頎邦,11,0,11,群益金鼎-高盛,2024-08-22,9105
1402,遠東新,10,0,10,群益金鼎-高盛,2024-08-22,9105
00713,元大台灣高息低波,10,0,10,群益金鼎-高盛,2024-08-22,9105
00915,凱基優選高股息30,10,0,10,群益金鼎-高盛,2024-08-22,9105
1314,中石化,10,0,10,群益金鼎-高盛,2024-08-22,9105
3711,日月光投控,17,7,10,群益金鼎-高盛,2024-08-22,9105
4173,久裕,10,0,10,群益金鼎-高盛,2024-08-22,9105
6548,長科*,12,2,10,群益金鼎-高盛,2024-08-22,9105
9914,美利達,10,0,10,群益金鼎-高盛,2024-08-22,9105
2347,聯強,9,0,9,群益金鼎-高盛,2024-08-22,9105
2610,華航,9,0,9,群益金鼎-高盛,2024-08-22,9105
00907,永豐優息存股,8,0,8,群益金鼎-高盛,2024-08-22,9105
3615,安可,8,0,8,群益金鼎-高盛,2024-08-22,9105
6442,光聖,8,1,7,群益金鼎-高盛,2024-08-22,9105
00919,群益台灣精選高息,6,0,6,群益金鼎-高盛,2024-08-22,9105
00679B,元大美債20年,8,2,6,群益金鼎-高盛,2024-08-22,9105
2542,興富發,7,1,6,群益金鼎-高盛,2024-08-22,9105
4714,永捷,24,18,6,群益金鼎-高盛,2024-08-22,9105
8071,能率網通,6,0,6,群益金鼎-高盛,2024-08-22,9105
8081,致新,6,0,6,群益金鼎-高盛,2024-08-22,9105
4906,正文,6,0,6,群益金鼎-高盛,2024-08-22,9105
2537,聯上發,9,4,5,群益金鼎-高盛,2024-08-22,9105
6125,廣運,8,3,5,群益金鼎-高盛,2024-08-22,9105
1519,華城,5,0,5,群益金鼎-高盛,2024-08-22,9105
1737,臺鹽,5,0,5,群益金鼎-高盛,2024-08-22,9105
1815,富喬,5,0,5,群益金鼎-高盛,2024-08-22,9105
2354,鴻準,5,0,5,群益金鼎-高盛,2024-08-22,9105
2365,昆盈,24,19,5,群益金鼎-高盛,2024-08-22,9105
1314,中石化,129,13,116,群益金鼎-高盛,2024-08-23,9105
2891,中信金,73,10,63,群益金鼎-高盛,2024-08-23,9105
2509,全坤建,56,1,55,群益金鼎-高盛,2024-08-23,9105
1402,遠東新,42,2,40,群益金鼎-高盛,2024-08-23,9105
1532,勤美,40,0,40,群益金鼎-高盛,2024-08-23,9105
9105,泰金寶-DR,40,0,40,群益金鼎-高盛,2024-08-23,9105
2208,台船,53,14,39,群益金鼎-高盛,2024-08-23,9105
2489,瑞軒,46,7,39,群益金鼎-高盛,2024-08-23,9105
3297,杭特,35,2,33,群益金鼎-高盛,2024-08-23,9105
4513,福裕,34,5,29,群益金鼎-高盛,2024-08-23,9105
1409,新纖,36,8,28,群益金鼎-高盛,2024-08-23,9105
00687B,國泰20年美債,37,10,27,群益金鼎-高盛,2024-08-23,9105
2834,臺企銀,26,0,26,群益金鼎-高盛,2024-08-23,9105
1711,永光,221,197,24,群益金鼎-高盛,2024-08-23,9105
00937B,群益ESG投等債20,25,2,23,群益金鼎-高盛,2024-08-23,9105
1815,富喬,21,0,21,群益金鼎-高盛,2024-08-23,9105
2317,鴻海,39,18,21,群益金鼎-高盛,2024-08-23,9105
2890,永豐金,20,0,20,群益金鼎-高盛,2024-08-23,9105
3522,御嵿,26,6,20,群益金鼎-高盛,2024-08-23,9105
00940,元大台灣價值高息,20,1,19,群益金鼎-高盛,2024-08-23,9105
00679B,元大美債20年,18,1,17,群益金鼎-高盛,2024-08-23,9105
6770,力積電,18,1,17,群益金鼎-高盛,2024-08-23,9105
00688L,國泰20年美債正2,15,0,15,群益金鼎-高盛,2024-08-23,9105
6667,信紘科,18,4,14,群益金鼎-高盛,2024-08-23,9105
6451,訊芯-KY,15,1,14,群益金鼎-高盛,2024-08-23,9105
00878,國泰永續高股息,15,1,14,群益金鼎-高盛,2024-08-23,9105
1326,台化,13,1,12,群益金鼎-高盛,2024-08-23,9105
2515,中工,12,1,11,群益金鼎-高盛,2024-08-23,9105
00918,大華優利高填息30,10,0,10,群益金鼎-高盛,2024-08-23,9105
00947,台新臺灣IC設計,10,0,10,群益金鼎-高盛,2024-08-23,9105
1727,中華化,16,6,10,群益金鼎-高盛,2024-08-23,9105
2441,超豐,10,0,10,群益金鼎-高盛,2024-08-23,9105
6269,台郡,10,0,10,群益金鼎-高盛,2024-08-23,9105
1303,南亞,11,2,9,群益金鼎-高盛,2024-08-23,9105
00673R,期元大S＆P原油反1,9,0,9,群益金鼎-高盛,2024-08-23,9105
2605,新興,9,0,9,群益金鼎-高盛,2024-08-23,9105
2330,台積電,9,1,8,群益金鼎-高盛,2024-08-23,9105
3663,鑫科,37,29,8,群益金鼎-高盛,2024-08-23,9105
00650L,復華香港正2,110,102,8,群益金鼎-高盛,2024-08-23,9105
00953B,群益優選非投等債,10,2,8,群益金鼎-高盛,2024-08-23,9105
1104,環泥,8,0,8,群益金鼎-高盛,2024-08-23,9105
3605,宏致,8,0,8,群益金鼎-高盛,2024-08-23,9105
3615,安可,16,8,8,群益金鼎-高盛,2024-08-23,9105
00680L,元大美債20正2,7,0,7,群益金鼎-高盛,2024-08-23,9105
00919,群益台灣精選高息,15,8,7,群益金鼎-高盛,2024-08-23,9105
2520,冠德,7,0,7,群益金鼎-高盛,2024-08-23,9105
00927,群益半導體收益,7,0,7,群益金鼎-高盛,2024-08-23,9105
00882,中信中國高股息,7,0,7,群益金鼎-高盛,2024-08-23,9105
6177,達麗,7,0,7,群益金鼎-高盛,2024-08-23,9105
00715L,期街口布蘭特正2,6,0,6,群益金鼎-高盛,2024-08-23,9105
00632R,元大台灣50反1,302,30,272,群益金鼎-高盛,2024-08-26,9105
2888,新光金,358,187,171,群益金鼎-高盛,2024-08-26,9105
00679B,元大美債20年,82,6,76,群益金鼎-高盛,2024-08-26,9105
00687B,國泰20年美債,47,0,47,群益金鼎-高盛,2024-08-26,9105
2891,中信金,56,17,39,群益金鼎-高盛,2024-08-26,9105
00919,群益台灣精選高息,34,0,34,群益金鼎-高盛,2024-08-26,9105
00923,群益台ESG低碳50,33,1,32,群益金鼎-高盛,2024-08-26,9105
3284,太普高,29,0,29,群益金鼎-高盛,2024-08-26,9105
00937B,群益ESG投等債20,50,22,28,群益金鼎-高盛,2024-08-26,9105
00688L,國泰20年美債正2,33,8,25,群益金鼎-高盛,2024-08-26,9105
1570,力肯,25,2,23,群益金鼎-高盛,2024-08-26,9105
00929,復華台灣科技優息,33,11,22,群益金鼎-高盛,2024-08-26,9105
2329,華泰,32,10,22,群益金鼎-高盛,2024-08-26,9105
2105,正新,21,0,21,群益金鼎-高盛,2024-08-26,9105
2409,友達,27,6,21,群益金鼎-高盛,2024-08-26,9105
00669R,國泰美國道瓊反1,16,0,16,群益金鼎-高盛,2024-08-26,9105
1402,遠東新,20,4,16,群益金鼎-高盛,2024-08-26,9105
4303,信立,15,1,14,群益金鼎-高盛,2024-08-26,9105
4513,福裕,39,26,13,群益金鼎-高盛,2024-08-26,9105
2353,宏��,19,7,12,群益金鼎-高盛,2024-08-26,9105
2516,新建,12,0,12,群益金鼎-高盛,2024-08-26,9105
00772B,中信高評級公司債,11,0,11,群益金鼎-高盛,2024-08-26,9105
8084,巨虹,11,0,11,群益金鼎-高盛,2024-08-26,9105
2603,長榮,11,0,11,群益金鼎-高盛,2024-08-26,9105
2609,陽明,26,15,11,群益金鼎-高盛,2024-08-26,9105
00933B,國泰10Y+金融債,11,1,10,群益金鼎-高盛,2024-08-26,9105
00918,大華優利高填息30,10,0,10,群益金鼎-高盛,2024-08-26,9105
00753L,中信中國50正2,10,0,10,群益金鼎-高盛,2024-08-26,9105
00715L,期街口布蘭特正2,10,0,10,群益金鼎-高盛,2024-08-26,9105
00673R,期元大S＆P原油反1,10,0,10,群益金鼎-高盛,2024-08-26,9105
2106,建大,10,0,10,群益金鼎-高盛,2024-08-26,9105
3049,精金,10,0,10,群益金鼎-高盛,2024-08-26,9105
5469,瀚宇博,14,4,10,群益金鼎-高盛,2024-08-26,9105
6167,久正,10,0,10,群益金鼎-高盛,2024-08-26,9105
2303,聯電,10,0,10,群益金鼎-高盛,2024-08-26,9105
00680L,元大美債20正2,10,1,9,群益金鼎-高盛,2024-08-26,9105
6208,日揚,15,6,9,群益金鼎-高盛,2024-08-26,9105
5309,系統電,9,0,9,群益金鼎-高盛,2024-08-26,9105
1519,華城,8,0,8,群益金鼎-高盛,2024-08-26,9105
1536,和大,12,4,8,群益金鼎-高盛,2024-08-26,9105
5386,青雲,8,0,8,群益金鼎-高盛,2024-08-26,9105
1582,信錦,8,1,7,群益金鼎-高盛,2024-08-26,9105
2368,金像電,8,1,7,群益金鼎-高盛,2024-08-26,9105
2537,聯上發,19,12,7,群益金鼎-高盛,2024-08-26,9105
2504,國產,10,3,7,群益金鼎-高盛,2024-08-26,9105
2915,潤泰全,7,1,6,群益金鼎-高盛,2024-08-26,9105
6177,達麗,6,0,6,群益金鼎-高盛,2024-08-26,9105
00900,富邦特選高股息30,6,0,6,群益金鼎-高盛,2024-08-26,9105
2243,宏旭-KY,6,0,6,群益金鼎-高盛,2024-08-26,9105
2349,錸德,8,2,6,群益金鼎-高盛,2024-08-26,9105
00676R,富邦臺灣加權反1,150,0,150,群益金鼎-高盛,2024-08-27,9105
3576,聯合再生,110,0,110,群益金鼎-高盛,2024-08-27,9105
00937B,群益ESG投等債20,62,1,61,群益金鼎-高盛,2024-08-27,9105
2867,三商壽,63,6,57,群益金鼎-高盛,2024-08-27,9105
4562,穎漢,72,21,51,群益金鼎-高盛,2024-08-27,9105
00929,復華台灣科技優息,47,1,46,群益金鼎-高盛,2024-08-27,9105
00687B,國泰20年美債,45,3,42,群益金鼎-高盛,2024-08-27,9105
00688L,國泰20年美債正2,41,0,41,群益金鼎-高盛,2024-08-27,9105
2303,聯電,35,1,34,群益金鼎-高盛,2024-08-27,9105
00632R,元大台灣50反1,50,20,30,群益金鼎-高盛,2024-08-27,9105
3284,太普高,29,0,29,群益金鼎-高盛,2024-08-27,9105
2329,華泰,30,2,28,群益金鼎-高盛,2024-08-27,9105
2615,萬海,40,14,26,群益金鼎-高盛,2024-08-27,9105
00919,群益台灣精選高息,24,0,24,群益金鼎-高盛,2024-08-27,9105
2514,龍邦,23,0,23,群益金鼎-高盛,2024-08-27,9105
1540,喬福,63,40,23,群益金鼎-高盛,2024-08-27,9105
00706L,期元大S＆P日圓正2,16,0,16,群益金鼎-高盛,2024-08-27,9105
2834,臺企銀,16,0,16,群益金鼎-高盛,2024-08-27,9105
3550,聯穎,20,5,15,群益金鼎-高盛,2024-08-27,9105
2603,長榮,14,0,14,群益金鼎-高盛,2024-08-27,9105
2610,華航,13,0,13,群益金鼎-高盛,2024-08-27,9105
1721,三晃,16,3,13,群益金鼎-高盛,2024-08-27,9105
5484,慧友,13,0,13,群益金鼎-高盛,2024-08-27,9105
3481,群創,53,40,13,群益金鼎-高盛,2024-08-27,9105
00673R,期元大S＆P原油反1,12,0,12,群益金鼎-高盛,2024-08-27,9105
3673,TPK-KY,12,0,12,群益金鼎-高盛,2024-08-27,9105
6143,振曜,17,6,11,群益金鼎-高盛,2024-08-27,9105
6451,訊芯-KY,14,3,11,群益金鼎-高盛,2024-08-27,9105
00637L,元大滬深300正2,10,0,10,群益金鼎-高盛,2024-08-27,9105
00712,復華富時不動產,10,0,10,群益金鼎-高盛,2024-08-27,9105
00940,元大台灣價值高息,10,0,10,群益金鼎-高盛,2024-08-27,9105
1809,中釉,10,0,10,群益金鼎-高盛,2024-08-27,9105
3290,東浦,10,0,10,群益金鼎-高盛,2024-08-27,9105
4174,浩鼎,11,1,10,群益金鼎-高盛,2024-08-27,9105
2324,仁寶,10,0,10,群益金鼎-高盛,2024-08-27,9105
2002,中鋼,10,1,9,群益金鼎-高盛,2024-08-27,9105
1527,鑽全,10,1,9,群益金鼎-高盛,2024-08-27,9105
3047,訊舟,20,11,9,群益金鼎-高盛,2024-08-27,9105
3441,聯一光,10,1,9,群益金鼎-高盛,2024-08-27,9105
2609,陽明,23,15,8,群益金鼎-高盛,2024-08-27,9105
2349,錸德,12,4,8,群益金鼎-高盛,2024-08-27,9105
2882,國泰金,7,0,7,群益金鼎-高盛,2024-08-27,9105
3339,泰谷,8,1,7,群益金鼎-高盛,2024-08-27,9105
8105,凌巨,7,0,7,群益金鼎-高盛,2024-08-27,9105
00878,國泰永續高股息,6,0,6,群益金鼎-高盛,2024-08-27,9105
8027,鈦昇,8,2,6,群益金鼎-高盛,2024-08-27,9105
2382,廣達,9,3,6,群益金鼎-高盛,2024-08-27,9105
00669R,國泰美國道瓊反1,6,0,6,群益金鼎-高盛,2024-08-27,9105
3011,今皓,6,0,6,群益金鼎-高盛,2024-08-27,9105
4533,協易機,8,2,6,群益金鼎-高盛,2024-08-27,9105
00687B,國泰20年美債,120,0,120,群益金鼎-高盛,2024-08-28,9105
00940,元大台灣價值高息,100,2,98,群益金鼎-高盛,2024-08-28,9105
00632R,元大台灣50反1,73,0,73,群益金鼎-高盛,2024-08-28,9105
00675L,富邦臺灣加權正2,52,0,52,群益金鼎-高盛,2024-08-28,9105
4714,永捷,50,7,43,群益金鼎-高盛,2024-08-28,9105
2514,龍邦,40,0,40,群益金鼎-高盛,2024-08-28,9105
2891,中信金,41,3,38,群益金鼎-高盛,2024-08-28,9105
9105,泰金寶-DR,25,3,22,群益金鼎-高盛,2024-08-28,9105
4564,元翎,20,0,20,群益金鼎-高盛,2024-08-28,9105
2349,錸德,35,16,19,群益金鼎-高盛,2024-08-28,9105
2367,燿華,30,11,19,群益金鼎-高盛,2024-08-28,9105
3339,泰谷,21,3,18,群益金鼎-高盛,2024-08-28,9105
00919,群益台灣精選高息,16,0,16,群益金鼎-高盛,2024-08-28,9105
3312,弘憶股,22,7,15,群益金鼎-高盛,2024-08-28,9105
2356,英業達,15,0,15,群益金鼎-高盛,2024-08-28,9105
2409,友達,20,5,15,群益金鼎-高盛,2024-08-28,9105
2883B,凱基金乙特,15,0,15,群益金鼎-高盛,2024-08-28,9105
6603,富強鑫,18,3,15,群益金鼎-高盛,2024-08-28,9105
4903,聯光通,14,0,14,群益金鼎-高盛,2024-08-28,9105
3615,安可,19,6,13,群益金鼎-高盛,2024-08-28,9105
00900,富邦特選高股息30,13,0,13,群益金鼎-高盛,2024-08-28,9105
8039,台虹,32,20,12,群益金鼎-高盛,2024-08-28,9105
1104,環泥,12,0,12,群益金鼎-高盛,2024-08-28,9105
2324,仁寶,22,10,12,群益金鼎-高盛,2024-08-28,9105
6116,彩晶,12,0,12,群益金鼎-高盛,2024-08-28,9105
00933B,國泰10Y+金融債,11,0,11,群益金鼎-高盛,2024-08-28,9105
00637L,元大滬深300正2,11,0,11,群益金鼎-高盛,2024-08-28,9105
3047,訊舟,19,8,11,群益金鼎-高盛,2024-08-28,9105
3294,英濟,11,0,11,群益金鼎-高盛,2024-08-28,9105
3522,御嵿,17,6,11,群益金鼎-高盛,2024-08-28,9105
00688L,國泰20年美債正2,10,0,10,群益金鼎-高盛,2024-08-28,9105
2243,宏旭-KY,17,7,10,群益金鼎-高盛,2024-08-28,9105
2845,遠東銀,10,0,10,群益金鼎-高盛,2024-08-28,9105
3284,太普高,10,0,10,群益金鼎-高盛,2024-08-28,9105
6163,華電網,10,0,10,群益金鼎-高盛,2024-08-28,9105
6598,ABC-KY,10,0,10,群益金鼎-高盛,2024-08-28,9105
4561,健椿,15,6,9,群益金鼎-高盛,2024-08-28,9105
00669R,國泰美國道瓊反1,8,0,8,群益金鼎-高盛,2024-08-28,9105
2353,宏��,10,2,8,群益金鼎-高盛,2024-08-28,9105
1301,台塑,17,10,7,群益金鼎-高盛,2024-08-28,9105
1519,華城,7,0,7,群益金鼎-高盛,2024-08-28,9105
2880,華南金,7,0,7,群益金鼎-高盛,2024-08-28,9105
3663,鑫科,15,8,7,群益金鼎-高盛,2024-08-28,9105
1409,新纖,10,4,6,群益金鼎-高盛,2024-08-28,9105
00882,中信中國高股息,6,0,6,群益金鼎-高盛,2024-08-28,9105
3037,欣興,7,1,6,群益金鼎-高盛,2024-08-28,9105
1216,統一,6,0,6,群益金鼎-高盛,2024-08-28,9105
3059,華晶科,9,3,6,群益金鼎-高盛,2024-08-28,9105
3593,力銘,6,0,6,群益金鼎-高盛,2024-08-28,9105
8064,東捷,47,41,6,群益金鼎-高盛,2024-08-28,9105
00687B,國泰20年美債,154,0,154,群益金鼎-高盛,2024-08-29,9105
00935,野村臺灣新科技50,100,0,100,群益金鼎-高盛,2024-08-29,9105
4510,高鋒,167,107,60,群益金鼎-高盛,2024-08-29,9105
2891,中信金,61,10,51,群益金鼎-高盛,2024-08-29,9105
00878,國泰永續高股息,45,0,45,群益金鼎-高盛,2024-08-29,9105
1540,喬福,89,47,42,群益金鼎-高盛,2024-08-29,9105
2514,龍邦,40,0,40,群益金鼎-高盛,2024-08-29,9105
8111,立��,42,2,40,群益金鼎-高盛,2024-08-29,9105
00679B,元大美債20年,39,0,39,群益金鼎-高盛,2024-08-29,9105
00632R,元大台灣50反1,38,1,37,群益金鼎-高盛,2024-08-29,9105
2489,瑞軒,35,1,34,群益金鼎-高盛,2024-08-29,9105
4563,百德,38,5,33,群益金鼎-高盛,2024-08-29,9105
3284,太普高,29,0,29,群益金鼎-高盛,2024-08-29,9105
2426,鼎元,34,8,26,群益金鼎-高盛,2024-08-29,9105
3297,杭特,26,0,26,群益金鼎-高盛,2024-08-29,9105
00923,群益台ESG低碳50,24,0,24,群益金鼎-高盛,2024-08-29,9105
2303,聯電,27,4,23,群益金鼎-高盛,2024-08-29,9105
00919,群益台灣精選高息,24,3,21,群益金鼎-高盛,2024-08-29,9105
3437,榮創,17,0,17,群益金鼎-高盛,2024-08-29,9105
1409,新纖,16,0,16,群益金鼎-高盛,2024-08-29,9105
2605,新興,21,5,16,群益金鼎-高盛,2024-08-29,9105
3047,訊舟,61,45,16,群益金鼎-高盛,2024-08-29,9105
3481,群創,33,17,16,群益金鼎-高盛,2024-08-29,9105
2867,三商壽,20,5,15,群益金鼎-高盛,2024-08-29,9105
1101,台泥,29,15,14,群益金鼎-高盛,2024-08-29,9105
2520,冠德,12,0,12,群益金鼎-高盛,2024-08-29,9105
3491,昇達科,16,4,12,群益金鼎-高盛,2024-08-29,9105
8011,台通,13,1,12,群益金鼎-高盛,2024-08-29,9105
0056,元大高股息,11,0,11,群益金鼎-高盛,2024-08-29,9105
4714,永捷,13,2,11,群益金鼎-高盛,2024-08-29,9105
3081,聯亞,15,4,11,群益金鼎-高盛,2024-08-29,9105
00665L,富邦�琤肭磪囓�2,10,0,10,群益金鼎-高盛,2024-08-29,9105
1312,國喬,10,0,10,群益金鼎-高盛,2024-08-29,9105
4906,正文,10,0,10,群益金鼎-高盛,2024-08-29,9105
00673R,期元大S＆P原油反1,10,0,10,群益金鼎-高盛,2024-08-29,9105
00688L,國泰20年美債正2,10,0,10,群益金鼎-高盛,2024-08-29,9105
00942B,台新美A公司債20+,10,0,10,群益金鼎-高盛,2024-08-29,9105
4142,國光生,10,0,10,群益金鼎-高盛,2024-08-29,9105
4729,熒茂,12,2,10,群益金鼎-高盛,2024-08-29,9105
6548,長科*,11,1,10,群益金鼎-高盛,2024-08-29,9105
2062,橋椿,25,16,9,群益金鼎-高盛,2024-08-29,9105
9105,泰金寶-DR,9,0,9,群益金鼎-高盛,2024-08-29,9105
00929,復華台灣科技優息,10,2,8,群益金鼎-高盛,2024-08-29,9105
2008,高興昌,9,1,8,群益金鼎-高盛,2024-08-29,9105
2365,昆盈,17,9,8,群益金鼎-高盛,2024-08-29,9105
2313,華通,17,9,8,群益金鼎-高盛,2024-08-29,9105
5443,均豪,31,24,7,群益金鼎-高盛,2024-08-29,9105
00936,台新永續高息中小,7,0,7,群益金鼎-高盛,2024-08-29,9105
2540,愛山林,7,0,7,群益金鼎-高盛,2024-08-29,9105
3046,建��,10,3,7,群益金鼎-高盛,2024-08-29,9105
00915,凱基優選高股息30,150,1,149,群益金鼎-高盛,2024-08-30,9105
00687B,國泰20年美債,49,0,49,群益金鼎-高盛,2024-08-30,9105
4564,元翎,41,0,41,群益金鼎-高盛,2024-08-30,9105
3481,群創,57,19,38,群益金鼎-高盛,2024-08-30,9105
4526,東台,132,99,33,群益金鼎-高盛,2024-08-30,9105
00946,群益科技高息成長,33,1,32,群益金鼎-高盛,2024-08-30,9105
00929,復華台灣科技優息,31,0,31,群益金鼎-高盛,2024-08-30,9105
1785,光洋科,68,39,29,群益金鼎-高盛,2024-08-30,9105
3356,奇偶,28,1,27,群益金鼎-高盛,2024-08-30,9105
00936,台新永續高息中小,24,0,24,群益金鼎-高盛,2024-08-30,9105
2887,台新金,23,1,22,群益金鼎-高盛,2024-08-30,9105
2204,中華,21,0,21,群益金鼎-高盛,2024-08-30,9105
1104,環泥,20,0,20,群益金鼎-高盛,2024-08-30,9105
2324,仁寶,20,0,20,群益金鼎-高盛,2024-08-30,9105
3047,訊舟,20,0,20,群益金鼎-高盛,2024-08-30,9105
1514,亞力,18,0,18,群益金鼎-高盛,2024-08-30,9105
6698,旭暉應材,23,5,18,群益金鼎-高盛,2024-08-30,9105
8027,鈦昇,25,8,17,群益金鼎-高盛,2024-08-30,9105
00959B,大華投等美債15Y+,23,7,16,群益金鼎-高盛,2024-08-30,9105
2367,燿華,65,49,16,群益金鼎-高盛,2024-08-30,9105
4510,高鋒,51,35,16,群益金鼎-高盛,2024-08-30,9105
8111,立��,15,0,15,群益金鼎-高盛,2024-08-30,9105
00937B,群益ESG投等債20,25,11,14,群益金鼎-高盛,2024-08-30,9105
8086,宏捷科,24,11,13,群益金鼎-高盛,2024-08-30,9105
2425,承啟,27,14,13,群益金鼎-高盛,2024-08-30,9105
4979,華星光,13,1,12,群益金鼎-高盛,2024-08-30,9105
2382,廣達,14,2,12,群益金鼎-高盛,2024-08-30,9105
00918,大華優利高填息30,12,0,12,群益金鼎-高盛,2024-08-30,9105
2340,台亞,23,12,11,群益金鼎-高盛,2024-08-30,9105
2545,皇翔,11,0,11,群益金鼎-高盛,2024-08-30,9105
4939,亞電,11,0,11,群益金鼎-高盛,2024-08-30,9105
6156,松上,26,15,11,群益金鼎-高盛,2024-08-30,9105
3363,上詮,12,2,10,群益金鼎-高盛,2024-08-30,9105
00907,永豐優息存股,10,0,10,群益金鼎-高盛,2024-08-30,9105
00632R,元大台灣50反1,10,0,10,群益金鼎-高盛,2024-08-30,9105
00942B,台新美A公司債20+,10,0,10,群益金鼎-高盛,2024-08-30,9105
2409,友達,12,2,10,群益金鼎-高盛,2024-08-30,9105
3576,聯合再生,10,0,10,群益金鼎-高盛,2024-08-30,9105
00679B,元大美債20年,10,1,9,群益金鼎-高盛,2024-08-30,9105
00688L,國泰20年美債正2,12,3,9,群益金鼎-高盛,2024-08-30,9105
1609,大亞,10,1,9,群益金鼎-高盛,2024-08-30,9105
2405,輔信,10,1,9,群益金鼎-高盛,2024-08-30,9105
2867,三商壽,10,1,9,群益金鼎-高盛,2024-08-30,9105
5484,慧友,10,1,9,群益金鼎-高盛,2024-08-30,9105
3615,安可,9,0,9,群益金鼎-高盛,2024-08-30,9105
1605,華新,10,2,8,群益金鼎-高盛,2024-08-30,9105
3034,聯詠,8,0,8,群益金鼎-高盛,2024-08-30,9105
4303,信立,15,7,8,群益金鼎-高盛,2024-08-30,9105
5508,永信建,22,14,8,群益金鼎-高盛,2024-08-30,9105
1711,永光,37,30,7,群益金鼎-高盛,2024-08-30,9105
00919,群益台灣精選高息,173,0,173,群益金鼎-高盛,2024-09-02,9105
00937B,群益ESG投等債20,174,32,142,群益金鼎-高盛,2024-09-02,9105
00915,凱基優選高股息30,73,0,73,群益金鼎-高盛,2024-09-02,9105
00936,台新永續高息中小,65,0,65,群益金鼎-高盛,2024-09-02,9105
00637L,元大滬深300正2,63,0,63,群益金鼎-高盛,2024-09-02,9105
00940,元大台灣價值高息,49,1,48,群益金鼎-高盛,2024-09-02,9105
2514,龍邦,40,0,40,群益金鼎-高盛,2024-09-02,9105
4513,福裕,34,0,34,群益金鼎-高盛,2024-09-02,9105
00715L,期街口布蘭特正2,43,10,33,群益金鼎-高盛,2024-09-02,9105
2516,新建,31,0,31,群益金鼎-高盛,2024-09-02,9105
2317,鴻海,33,3,30,群益金鼎-高盛,2024-09-02,9105
00907,永豐優息存股,30,0,30,群益金鼎-高盛,2024-09-02,9105
9925,新保,30,0,30,群益金鼎-高盛,2024-09-02,9105
00680L,元大美債20正2,26,0,26,群益金鼎-高盛,2024-09-02,9105
2312,金寶,23,1,22,群益金鼎-高盛,2024-09-02,9105
00918,大華優利高填息30,21,0,21,群益金鼎-高盛,2024-09-02,9105
2002,中鋼,21,0,21,群益金鼎-高盛,2024-09-02,9105
00665L,富邦�琤肭磪囓�2,20,0,20,群益金鼎-高盛,2024-09-02,9105
00942B,台新美A公司債20+,20,0,20,群益金鼎-高盛,2024-09-02,9105
2867,三商壽,20,0,20,群益金鼎-高盛,2024-09-02,9105
00679B,元大美債20年,20,2,18,群益金鼎-高盛,2024-09-02,9105
2891,中信金,21,4,17,群益金鼎-高盛,2024-09-02,9105
00687B,國泰20年美債,17,1,16,群益金鼎-高盛,2024-09-02,9105
2367,燿華,20,4,16,群益金鼎-高盛,2024-09-02,9105
6134,萬旭,16,0,16,群益金鼎-高盛,2024-09-02,9105
4526,東台,57,41,16,群益金鼎-高盛,2024-09-02,9105
00706L,期元大S＆P日圓正2,15,0,15,群益金鼎-高盛,2024-09-02,9105
00947,台新臺灣IC設計,15,0,15,群益金鼎-高盛,2024-09-02,9105
6213,聯茂,23,9,14,群益金鼎-高盛,2024-09-02,9105
2641,正德,13,0,13,群益金鼎-高盛,2024-09-02,9105
2542,興富發,15,3,12,群益金鼎-高盛,2024-09-02,9105
00882,中信中國高股息,11,0,11,群益金鼎-高盛,2024-09-02,9105
4174,浩鼎,14,3,11,群益金鼎-高盛,2024-09-02,9105
2484,希華,10,0,10,群益金鼎-高盛,2024-09-02,9105
2504,國產,14,4,10,群益金鼎-高盛,2024-09-02,9105
4974,亞泰,11,1,10,群益金鼎-高盛,2024-09-02,9105
6160,欣技,10,0,10,群益金鼎-高盛,2024-09-02,9105
8105,凌巨,23,14,9,群益金鼎-高盛,2024-09-02,9105
3583,辛耘,9,0,9,群益金鼎-高盛,2024-09-02,9105
2615,萬海,12,3,9,群益金鼎-高盛,2024-09-02,9105
3491,昇達科,10,1,9,群益金鼎-高盛,2024-09-02,9105
1303,南亞,9,1,8,群益金鼎-高盛,2024-09-02,9105
00933B,國泰10Y+金融債,8,0,8,群益金鼎-高盛,2024-09-02,9105
2344,華邦電,9,1,8,群益金鼎-高盛,2024-09-02,9105
3715,定穎投控,11,3,8,群益金鼎-高盛,2024-09-02,9105
1326,台化,8,1,7,群益金鼎-高盛,2024-09-02,9105
2313,華通,10,3,7,群益金鼎-高盛,2024-09-02,9105
2376,技嘉,11,4,7,群益金鼎-高盛,2024-09-02,9105
00795B,中信美國公債20年,7,0,7,群益金鼎-高盛,2024-09-02,9105
00720B,元大投資級公司債,7,0,7,群益金鼎-高盛,2024-09-02,9105
00918,大華優利高填息30,143,0,143,群益金鼎-高盛,2024-09-03,9105
00929,復華台灣科技優息,106,0,106,群益金鼎-高盛,2024-09-03,9105
00878,國泰永續高股息,87,0,87,群益金鼎-高盛,2024-09-03,9105
00919,群益台灣精選高息,51,0,51,群益金鼎-高盛,2024-09-03,9105
00632R,元大台灣50反1,50,0,50,群益金鼎-高盛,2024-09-03,9105
2489,瑞軒,50,0,50,群益金鼎-高盛,2024-09-03,9105
00680L,元大美債20正2,48,0,48,群益金鼎-高盛,2024-09-03,9105
1584,精剛,40,0,40,群益金鼎-高盛,2024-09-03,9105
2514,龍邦,40,0,40,群益金鼎-高盛,2024-09-03,9105
00915,凱基優選高股息30,40,1,39,群益金鼎-高盛,2024-09-03,9105
2365,昆盈,75,36,39,群益金鼎-高盛,2024-09-03,9105
2324,仁寶,37,0,37,群益金鼎-高盛,2024-09-03,9105
3481,群創,35,0,35,群益金鼎-高盛,2024-09-03,9105
6152,百一,22,0,22,群益金鼎-高盛,2024-09-03,9105
1101,台泥,21,1,20,群益金鼎-高盛,2024-09-03,9105
2605,新興,20,0,20,群益金鼎-高盛,2024-09-03,9105
3078,僑威,20,0,20,群益金鼎-高盛,2024-09-03,9105
00687B,國泰20年美債,14,0,14,群益金鼎-高盛,2024-09-03,9105
2312,金寶,16,2,14,群益金鼎-高盛,2024-09-03,9105
2408,南亞科,13,0,13,群益金鼎-高盛,2024-09-03,9105
00947,台新臺灣IC設計,13,0,13,群益金鼎-高盛,2024-09-03,9105
3284,太普高,14,1,13,群益金鼎-高盛,2024-09-03,9105
9958,世紀鋼,14,1,13,群益金鼎-高盛,2024-09-03,9105
2520,冠德,12,0,12,群益金鼎-高盛,2024-09-03,9105
8064,東捷,12,1,11,群益金鼎-高盛,2024-09-03,9105
1303,南亞,13,2,11,群益金鼎-高盛,2024-09-03,9105
8096,擎亞,30,19,11,群益金鼎-高盛,2024-09-03,9105
2887,台新金,11,0,11,群益金鼎-高盛,2024-09-03,9105
6213,聯茂,26,15,11,群益金鼎-高盛,2024-09-03,9105
00637L,元大滬深300正2,10,0,10,群益金鼎-高盛,2024-09-03,9105
00751B,元大AAA至A公司債,10,0,10,群益金鼎-高盛,2024-09-03,9105
00706L,期元大S＆P日圓正2,10,0,10,群益金鼎-高盛,2024-09-03,9105
2390,云辰,10,0,10,群益金鼎-高盛,2024-09-03,9105
4555,氣立,14,4,10,群益金鼎-高盛,2024-09-03,9105
8234,新漢,10,0,10,群益金鼎-高盛,2024-09-03,9105
1314,中石化,9,0,9,群益金鼎-高盛,2024-09-03,9105
2241,艾姆勒,11,2,9,群益金鼎-高盛,2024-09-03,9105
4714,永捷,18,9,9,群益金鼎-高盛,2024-09-03,9105
3380,明泰,8,0,8,群益金鼎-高盛,2024-09-03,9105
4513,福裕,17,9,8,群益金鼎-高盛,2024-09-03,9105
6706,惠特,8,0,8,群益金鼎-高盛,2024-09-03,9105
00679B,元大美債20年,12,5,7,群益金鼎-高盛,2024-09-03,9105
1711,永光,10,3,7,群益金鼎-高盛,2024-09-03,9105
2349,錸德,9,2,7,群益金鼎-高盛,2024-09-03,9105
3231,緯創,8,1,7,群益金鼎-高盛,2024-09-03,9105
4161,聿新科,7,0,7,群益金鼎-高盛,2024-09-03,9105
3062,建漢,32,25,7,群益金鼎-高盛,2024-09-03,9105
3030,德律,6,0,6,群益金鼎-高盛,2024-09-03,9105
1326,台化,9,3,6,群益金鼎-高盛,2024-09-03,9105
2344,華邦電,6,0,6,群益金鼎-高盛,2024-09-03,9105
00929,復華台灣科技優息,177,3,174,群益金鼎-高盛,2024-09-04,9105
00919,群益台灣精選高息,213,57,156,群益金鼎-高盛,2024-09-04,9105
00878,國泰永續高股息,111,7,104,群益金鼎-高盛,2024-09-04,9105
00918,大華優利高填息30,88,0,88,群益金鼎-高盛,2024-09-04,9105
3231,緯創,70,3,67,群益金鼎-高盛,2024-09-04,9105
00915,凱基優選高股息30,55,0,55,群益金鼎-高盛,2024-09-04,9105
00945B,凱基美國非投等債,151,100,51,群益金鼎-高盛,2024-09-04,9105
2017,官田鋼,50,0,50,群益金鼎-高盛,2024-09-04,9105
00715L,期街口布蘭特正2,207,159,48,群益金鼎-高盛,2024-09-04,9105
0056,元大高股息,50,3,47,群益金鼎-高盛,2024-09-04,9105
2883,凱基金,47,5,42,群益金鼎-高盛,2024-09-04,9105
3481,群創,55,14,41,群益金鼎-高盛,2024-09-04,9105
2892,第一金,41,0,41,群益金鼎-高盛,2024-09-04,9105
2514,龍邦,40,0,40,群益金鼎-高盛,2024-09-04,9105
3037,欣興,41,6,35,群益金鼎-高盛,2024-09-04,9105
1444,力麗,32,0,32,群益金鼎-高盛,2024-09-04,9105
9925,新保,32,0,32,群益金鼎-高盛,2024-09-04,9105
2330,台積電,36,6,30,群益金鼎-高盛,2024-09-04,9105
5531,鄉林,30,0,30,群益金鼎-高盛,2024-09-04,9105
2887,台新金,28,0,28,群益金鼎-高盛,2024-09-04,9105
2382,廣達,28,1,27,群益金鼎-高盛,2024-09-04,9105
2891,中信金,35,10,25,群益金鼎-高盛,2024-09-04,9105
2605,新興,22,0,22,群益金鼎-高盛,2024-09-04,9105
2303,聯電,39,17,22,群益金鼎-高盛,2024-09-04,9105
3047,訊舟,35,14,21,群益金鼎-高盛,2024-09-04,9105
00665L,富邦�琤肭磪囓�2,30,10,20,群益金鼎-高盛,2024-09-04,9105
00930,永豐ESG低碳高息,20,0,20,群益金鼎-高盛,2024-09-04,9105
2012,春雨,20,0,20,群益金鼎-高盛,2024-09-04,9105
2014,中鴻,21,1,20,群益金鼎-高盛,2024-09-04,9105
0050,元大台灣50,20,1,19,群益金鼎-高盛,2024-09-04,9105
2317,鴻海,43,24,19,群益金鼎-高盛,2024-09-04,9105
00923,群益台ESG低碳50,18,0,18,群益金鼎-高盛,2024-09-04,9105
1608,華榮,17,0,17,群益金鼎-高盛,2024-09-04,9105
6505,台塑化,17,1,16,群益金鼎-高盛,2024-09-04,9105
1101,台泥,16,1,15,群益金鼎-高盛,2024-09-04,9105
00881,國泰台灣5G+,15,0,15,群益金鼎-高盛,2024-09-04,9105
00725B,國泰投資級公司債,25,10,15,群益金鼎-高盛,2024-09-04,9105
00947,台新臺灣IC設計,15,0,15,群益金鼎-高盛,2024-09-04,9105
1303,南亞,18,3,15,群益金鼎-高盛,2024-09-04,9105
2344,華邦電,35,22,13,群益金鼎-高盛,2024-09-04,9105
2610,華航,13,0,13,群益金鼎-高盛,2024-09-04,9105
8027,鈦昇,17,4,13,群益金鼎-高盛,2024-09-04,9105
00642U,期元大S＆P石油,12,0,12,群益金鼎-高盛,2024-09-04,9105
00713,元大台灣高息低波,15,4,11,群益金鼎-高盛,2024-09-04,9105
1409,新纖,11,0,11,群益金鼎-高盛,2024-09-04,9105
2834,臺企銀,21,10,11,群益金鼎-高盛,2024-09-04,9105
2337,旺宏,11,0,11,群益金鼎-高盛,2024-09-04,9105
8076,伍豐,13,2,11,群益金鼎-高盛,2024-09-04,9105
2002,中鋼,23,12,11,群益金鼎-高盛,2024-09-04,9105
2515,中工,10,0,10,群益金鼎-高盛,2024-09-04,9105
00715L,期街口布蘭特正2,269,15,254,群益金鼎-高盛,2024-09-05,9105
00929,復華台灣科技優息,116,2,114,群益金鼎-高盛,2024-09-05,9105
2884,玉山金,100,0,100,群益金鼎-高盛,2024-09-05,9105
6770,力積電,96,1,95,群益金鼎-高盛,2024-09-05,9105
00952,凱基台灣AI50,84,0,84,群益金鼎-高盛,2024-09-05,9105
2516,新建,80,0,80,群益金鼎-高盛,2024-09-05,9105
00632R,元大台灣50反1,85,13,72,群益金鼎-高盛,2024-09-05,9105
1711,永光,63,6,57,群益金鼎-高盛,2024-09-05,9105
00937B,群益ESG投等債20,220,164,56,群益金鼎-高盛,2024-09-05,9105
2514,龍邦,40,0,40,群益金鼎-高盛,2024-09-05,9105
00687B,國泰20年美債,40,4,36,群益金鼎-高盛,2024-09-05,9105
00953B,群益優選非投等債,108,75,33,群益金鼎-高盛,2024-09-05,9105
3481,群創,42,10,32,群益金鼎-高盛,2024-09-05,9105
2312,金寶,31,5,26,群益金鼎-高盛,2024-09-05,9105
2317,鴻海,47,22,25,群益金鼎-高盛,2024-09-05,9105
4563,百德,34,10,24,群益金鼎-高盛,2024-09-05,9105
8105,凌巨,27,4,23,群益金鼎-高盛,2024-09-05,9105
00915,凱基優選高股息30,21,0,21,群益金鼎-高盛,2024-09-05,9105
00665L,富邦�琤肭磪囓�2,20,0,20,群益金鼎-高盛,2024-09-05,9105
2492,華新科,21,1,20,群益金鼎-高盛,2024-09-05,9105
4561,健椿,40,21,19,群益金鼎-高盛,2024-09-05,9105
00946,群益科技高息成長,17,0,17,群益金鼎-高盛,2024-09-05,9105
1303,南亞,22,5,17,群益金鼎-高盛,2024-09-05,9105
4513,福裕,30,13,17,群益金鼎-高盛,2024-09-05,9105
1301,台塑,46,31,15,群益金鼎-高盛,2024-09-05,9105
00940,元大台灣價值高息,22,8,14,群益金鼎-高盛,2024-09-05,9105
2495,普安,24,10,14,群益金鼎-高盛,2024-09-05,9105
0056,元大高股息,13,0,13,群益金鼎-高盛,2024-09-05,9105
00637L,元大滬深300正2,13,0,13,群益金鼎-高盛,2024-09-05,9105
1785,光洋科,29,16,13,群益金鼎-高盛,2024-09-05,9105
2408,南亞科,12,0,12,群益金鼎-高盛,2024-09-05,9105
2338,光罩,12,0,12,群益金鼎-高盛,2024-09-05,9105
2617,台航,11,0,11,群益金鼎-高盛,2024-09-05,9105
3605,宏致,11,0,11,群益金鼎-高盛,2024-09-05,9105
4174,浩鼎,11,0,11,群益金鼎-高盛,2024-09-05,9105
6207,雷科,13,2,11,群益金鼎-高盛,2024-09-05,9105
00919,群益台灣精選高息,60,50,10,群益金鼎-高盛,2024-09-05,9105
2344,華邦電,21,11,10,群益金鼎-高盛,2024-09-05,9105
1717,長興,10,0,10,群益金鼎-高盛,2024-09-05,9105
2228,劍麟,10,0,10,群益金鼎-高盛,2024-09-05,9105
3081,聯亞,10,0,10,群益金鼎-高盛,2024-09-05,9105
4123,晟德,10,0,10,群益金鼎-高盛,2024-09-05,9105
4303,信立,23,13,10,群益金鼎-高盛,2024-09-05,9105
4526,東台,12,2,10,群益金鼎-高盛,2024-09-05,9105
9911,櫻花,10,0,10,群益金鼎-高盛,2024-09-05,9105
1314,中石化,9,0,9,群益金鼎-高盛,2024-09-05,9105
3006,晶豪科,9,0,9,群益金鼎-高盛,2024-09-05,9105
4534,慶騰,11,2,9,群益金鼎-高盛,2024-09-05,9105
2348,海悅,10,1,9,群益金鼎-高盛,2024-09-05,9105
5443,均豪,26,17,9,群益金鼎-高盛,2024-09-05,9105
00687B,國泰20年美債,147,12,135,群益金鼎-高盛,2024-09-06,9105
00631L,元大台灣50正2,57,8,49,群益金鼎-高盛,2024-09-06,9105
3437,榮創,62,17,45,群益金鼎-高盛,2024-09-06,9105
00930,永豐ESG低碳高息,40,0,40,群益金鼎-高盛,2024-09-06,9105
2514,龍邦,40,0,40,群益金鼎-高盛,2024-09-06,9105
00919,群益台灣精選高息,37,0,37,群益金鼎-高盛,2024-09-06,9105
00688L,國泰20年美債正2,35,0,35,群益金鼎-高盛,2024-09-06,9105
00918,大華優利高填息30,36,1,35,群益金鼎-高盛,2024-09-06,9105
2834,臺企銀,33,0,33,群益金鼎-高盛,2024-09-06,9105
6134,萬旭,31,0,31,群益金鼎-高盛,2024-09-06,9105
00943,兆豐電子高息等權,30,0,30,群益金鼎-高盛,2024-09-06,9105
00929,復華台灣科技優息,29,0,29,群益金鼎-高盛,2024-09-06,9105
2368,金像電,24,0,24,群益金鼎-高盛,2024-09-06,9105
4974,亞泰,28,5,23,群益金鼎-高盛,2024-09-06,9105
6770,力積電,28,6,22,群益金鼎-高盛,2024-09-06,9105
00915,凱基優選高股息30,21,0,21,群益金鼎-高盛,2024-09-06,9105
00637L,元大滬深300正2,20,0,20,群益金鼎-高盛,2024-09-06,9105
2537,聯上發,19,1,18,群益金鼎-高盛,2024-09-06,9105
1711,永光,20,5,15,群益金鼎-高盛,2024-09-06,9105
1539,巨庭,32,17,15,群益金鼎-高盛,2024-09-06,9105
2610,華航,15,0,15,群益金鼎-高盛,2024-09-06,9105
00679B,元大美債20年,20,6,14,群益金鼎-高盛,2024-09-06,9105
3066,李洲,24,10,14,群益金鼎-高盛,2024-09-06,9105
4174,浩鼎,14,0,14,群益金鼎-高盛,2024-09-06,9105
4510,高鋒,47,33,14,群益金鼎-高盛,2024-09-06,9105
0056,元大高股息,13,0,13,群益金鼎-高盛,2024-09-06,9105
2367,燿華,13,0,13,群益金鼎-高盛,2024-09-06,9105
6603,富強鑫,14,1,13,群益金鼎-高盛,2024-09-06,9105
1785,光洋科,13,1,12,群益金鼎-高盛,2024-09-06,9105
00632R,元大台灣50反1,64,52,12,群益金鼎-高盛,2024-09-06,9105
00715L,期街口布蘭特正2,12,0,12,群益金鼎-高盛,2024-09-06,9105
9958,世紀鋼,13,1,12,群益金鼎-高盛,2024-09-06,9105
1524,耿鼎,15,3,12,群益金鼎-高盛,2024-09-06,9105
1540,喬福,92,80,12,群益金鼎-高盛,2024-09-06,9105
2017,官田鋼,11,0,11,群益金鼎-高盛,2024-09-06,9105
2002,中鋼,12,0,12,群益金鼎-高盛,2024-09-06,9105
00921,兆豐龍頭等權重,10,0,10,群益金鼎-高盛,2024-09-06,9105
1503,士電,11,1,10,群益金鼎-高盛,2024-09-06,9105
3202,樺晟,10,0,10,群益金鼎-高盛,2024-09-06,9105
3607,谷崧,12,2,10,群益金鼎-高盛,2024-09-06,9105
3689,湧德,10,0,10,群益金鼎-高盛,2024-09-06,9105
8028,昇陽半導體,12,2,10,群益金鼎-高盛,2024-09-06,9105
8249,菱光,12,2,10,群益金鼎-高盛,2024-09-06,9105
3711,日月光投控,9,0,9,群益金鼎-高盛,2024-09-06,9105
1216,統一,10,2,8,群益金鼎-高盛,2024-09-06,9105
1796,金穎生技,8,0,8,群益金鼎-高盛,2024-09-06,9105
2886,兆豐金,8,0,8,群益金鼎-高盛,2024-09-06,9105
4513,福裕,29,21,8,群益金鼎-高盛,2024-09-06,9105
2337,旺宏,7,0,7,群益金鼎-高盛,2024-09-06,9105
2486,一詮,31,24,7,群益金鼎-高盛,2024-09-06,9105
00919,群益台灣精選高息,267,20,247,群益金鼎-高盛,2024-09-09,9105
00937B,群益ESG投等債20,245,91,154,群益金鼎-高盛,2024-09-09,9105
00929,復華台灣科技優息,120,2,118,群益金鼎-高盛,2024-09-09,9105
00687B,國泰20年美債,67,5,62,群益金鼎-高盛,2024-09-09,9105
2516,新建,62,0,62,群益金鼎-高盛,2024-09-09,9105
00878,國泰永續高股息,61,3,58,群益金鼎-高盛,2024-09-09,9105
2610,華航,42,2,40,群益金鼎-高盛,2024-09-09,9105
00715L,期街口布蘭特正2,33,0,33,群益金鼎-高盛,2024-09-09,9105
00940,元大台灣價值高息,35,5,30,群益金鼎-高盛,2024-09-09,9105
9925,新保,26,0,26,群益金鼎-高盛,2024-09-09,9105
00665L,富邦�琤肭磪囓�2,25,0,25,群益金鼎-高盛,2024-09-09,9105
2349,錸德,25,0,25,群益金鼎-高盛,2024-09-09,9105
00675L,富邦臺灣加權正2,33,10,23,群益金鼎-高盛,2024-09-09,9105
4729,熒茂,25,7,18,群益金鼎-高盛,2024-09-09,9105
2885,元大金,24,7,17,群益金鼎-高盛,2024-09-09,9105
2002,中鋼,19,2,17,群益金鼎-高盛,2024-09-09,9105
4956,光鋐,84,69,15,群益金鼎-高盛,2024-09-09,9105
1301,台塑,27,13,14,群益金鼎-高盛,2024-09-09,9105
6505,台塑化,18,4,14,群益金鼎-高盛,2024-09-09,9105
00720B,元大投資級公司債,14,0,14,群益金鼎-高盛,2024-09-09,9105
8927,北基,14,0,14,群益金鼎-高盛,2024-09-09,9105
00637L,元大滬深300正2,13,0,13,群益金鼎-高盛,2024-09-09,9105
2317,鴻海,18,5,13,群益金鼎-高盛,2024-09-09,9105
1608,華榮,13,0,13,群益金鼎-高盛,2024-09-09,9105
0056,元大高股息,13,1,12,群益金鼎-高盛,2024-09-09,9105
1785,光洋科,16,4,12,群益金鼎-高盛,2024-09-09,9105
2537,聯上發,17,5,12,群益金鼎-高盛,2024-09-09,9105
00915,凱基優選高股息30,12,0,12,群益金鼎-高盛,2024-09-09,9105
020039,元大加權N,12,0,12,群益金鼎-高盛,2024-09-09,9105
2382,廣達,13,3,10,群益金鼎-高盛,2024-09-09,9105
1540,喬福,86,76,10,群益金鼎-高盛,2024-09-09,9105
00900,富邦特選高股息30,10,0,10,群益金鼎-高盛,2024-09-09,9105
2337,旺宏,11,1,10,群益金鼎-高盛,2024-09-09,9105
2637,慧洋-KY,11,1,10,群益金鼎-高盛,2024-09-09,9105
2891,中信金,16,6,10,群益金鼎-高盛,2024-09-09,9105
3056,富華新,10,0,10,群益金鼎-高盛,2024-09-09,9105
3202,樺晟,10,0,10,群益金鼎-高盛,2024-09-09,9105
4127,天良,10,0,10,群益金鼎-高盛,2024-09-09,9105
5315,光聯,10,0,10,群益金鼎-高盛,2024-09-09,9105
5398,慕康生醫,10,0,10,群益金鼎-高盛,2024-09-09,9105
6588,東典光電,10,0,10,群益金鼎-高盛,2024-09-09,9105
8431,匯鑽科,10,0,10,群益金鼎-高盛,2024-09-09,9105
5460,同協,11,1,10,群益金鼎-高盛,2024-09-09,9105
2301,光寶科,10,1,9,群益金鼎-高盛,2024-09-09,9105
2330,台積電,10,1,9,群益金鼎-高盛,2024-09-09,9105
3481,群創,9,1,8,群益金鼎-高盛,2024-09-09,9105
00631L,元大台灣50正2,10,2,8,群益金鼎-高盛,2024-09-09,9105
00934,中信成長高股息,8,0,8,群益金鼎-高盛,2024-09-09,9105
00918,大華優利高填息30,13,5,8,群益金鼎-高盛,2024-09-09,9105
3356,奇偶,8,0,8,群益金鼎-高盛,2024-09-09,9105
00929,復華台灣科技優息,206,0,206,群益金鼎-高盛,2024-09-10,9105
00919,群益台灣精選高息,188,2,186,群益金鼎-高盛,2024-09-10,9105
2330,台積電,119,18,101,群益金鼎-高盛,2024-09-10,9105
2891,中信金,100,11,89,群益金鼎-高盛,2024-09-10,9105
00918,大華優利高填息30,80,0,80,群益金鼎-高盛,2024-09-10,9105
00687B,國泰20年美債,72,0,72,群益金鼎-高盛,2024-09-10,9105
00915,凱基優選高股息30,71,0,71,群益金鼎-高盛,2024-09-10,9105
00878,國泰永續高股息,40,0,40,群益金鼎-高盛,2024-09-10,9105
00935,野村臺灣新科技50,25,0,25,群益金鼎-高盛,2024-09-10,9105
2303,聯電,36,12,24,群益金鼎-高盛,2024-09-10,9105
6770,力積電,30,7,23,群益金鼎-高盛,2024-09-10,9105
2382,廣達,23,1,22,群益金鼎-高盛,2024-09-10,9105
00680L,元大美債20正2,20,0,20,群益金鼎-高盛,2024-09-10,9105
3481,群創,27,8,19,群益金鼎-高盛,2024-09-10,9105
4956,光鋐,30,13,17,群益金鼎-高盛,2024-09-10,9105
00940,元大台灣價值高息,18,1,17,群益金鼎-高盛,2024-09-10,9105
5876,上海商銀,16,0,16,群益金鼎-高盛,2024-09-10,9105
3047,訊舟,42,27,15,群益金鼎-高盛,2024-09-10,9105
0056,元大高股息,19,5,14,群益金鼎-高盛,2024-09-10,9105
00685L,群益臺灣加權正2,57,43,14,群益金鼎-高盛,2024-09-10,9105
2201,裕隆,14,0,14,群益金鼎-高盛,2024-09-10,9105
3149,正達,20,6,14,群益金鼎-高盛,2024-09-10,9105
2313,華通,13,1,12,群益金鼎-高盛,2024-09-10,9105
4432,銘旺實,12,0,12,群益金鼎-高盛,2024-09-10,9105
8927,北基,12,0,12,群益金鼎-高盛,2024-09-10,9105
3035,智原,14,3,11,群益金鼎-高盛,2024-09-10,9105
3535,晶彩科,12,1,11,群益金鼎-高盛,2024-09-10,9105
2497,怡利電,28,18,10,群益金鼎-高盛,2024-09-10,9105
4561,健椿,30,20,10,群益金鼎-高盛,2024-09-10,9105
2049,上銀,10,0,10,群益金鼎-高盛,2024-09-10,9105
00715L,期街口布蘭特正2,14,4,10,群益金鼎-高盛,2024-09-10,9105
00673R,期元大S＆P原油反1,10,0,10,群益金鼎-高盛,2024-09-10,9105
1503,士電,10,0,10,群益金鼎-高盛,2024-09-10,9105
6588,東典光電,10,0,10,群益金鼎-高盛,2024-09-10,9105
9904,寶成,10,0,10,群益金鼎-高盛,2024-09-10,9105
6670,復盛應用,11,1,10,群益金鼎-高盛,2024-09-10,9105
2317,鴻海,16,6,10,群益金鼎-高盛,2024-09-10,9105
3017,奇鋐,9,0,9,群益金鼎-高盛,2024-09-10,9105
1513,中興電,10,1,9,群益金鼎-高盛,2024-09-10,9105
00751B,元大AAA至A公司債,10,1,9,群益金鼎-高盛,2024-09-10,9105
1796,金穎生技,8,0,8,群益金鼎-高盛,2024-09-10,9105
3209,全科,10,2,8,群益金鼎-高盛,2024-09-10,9105
2359,所羅門,12,5,7,群益金鼎-高盛,2024-09-10,9105
00930,永豐ESG低碳高息,7,0,7,群益金鼎-高盛,2024-09-10,9105
00881,國泰台灣5G+,7,0,7,群益金鼎-高盛,2024-09-10,9105
2337,旺宏,7,0,7,群益金鼎-高盛,2024-09-10,9105
2464,盟立,11,4,7,群益金鼎-高盛,2024-09-10,9105
2489,瑞軒,16,9,7,群益金鼎-高盛,2024-09-10,9105
3511,矽瑪,8,1,7,群益金鼎-高盛,2024-09-10,9105
4766,南寶,7,0,7,群益金鼎-高盛,2024-09-10,9105
00688L,國泰20年美債正2,125,0,125,群益金鼎-高盛,2024-09-11,9105
6770,力積電,101,2,99,群益金鼎-高盛,2024-09-11,9105
00878,國泰永續高股息,54,0,54,群益金鼎-高盛,2024-09-11,9105
1815,富喬,52,2,50,群益金鼎-高盛,2024-09-11,9105
00687B,國泰20年美債,53,4,49,群益金鼎-高盛,2024-09-11,9105
2883,凱基金,44,0,44,群益金鼎-高盛,2024-09-11,9105
5533,皇鼎,38,0,38,群益金鼎-高盛,2024-09-11,9105
3360,尚立,40,6,34,群益金鼎-高盛,2024-09-11,9105
0056,元大高股息,34,2,32,群益金鼎-高盛,2024-09-11,9105
00945B,凱基美國非投等債,24,1,23,群益金鼎-高盛,2024-09-11,9105
1584,精剛,20,1,19,群益金鼎-高盛,2024-09-11,9105
00946,群益科技高息成長,18,0,18,群益金鼎-高盛,2024-09-11,9105
00929,復華台灣科技優息,31,13,18,群益金鼎-高盛,2024-09-11,9105
00680L,元大美債20正2,60,42,18,群益金鼎-高盛,2024-09-11,9105
00715L,期街口布蘭特正2,37,20,17,群益金鼎-高盛,2024-09-11,9105
2891,中信金,15,3,12,群益金鼎-高盛,2024-09-11,9105
00650L,復華香港正2,111,100,11,群益金鼎-高盛,2024-09-11,9105
00641R,富邦日本反1,10,0,10,群益金鼎-高盛,2024-09-11,9105
2201,裕隆,10,0,10,群益金鼎-高盛,2024-09-11,9105
2323,中環,10,0,10,群益金鼎-高盛,2024-09-11,9105
2762,世界健身-KY,10,0,10,群益金鼎-高盛,2024-09-11,9105
6667,信紘科,11,1,10,群益金鼎-高盛,2024-09-11,9105
2393,億光,10,1,9,群益金鼎-高盛,2024-09-11,9105
00934,中信成長高股息,9,0,9,群益金鼎-高盛,2024-09-11,9105
6863,永道-KY,9,0,9,群益金鼎-高盛,2024-09-11,9105
00918,大華優利高填息30,8,0,8,群益金鼎-高盛,2024-09-11,9105
00948B,中信優息投資級債,10,2,8,群益金鼎-高盛,2024-09-11,9105
2208,台船,8,0,8,群益金鼎-高盛,2024-09-11,9105
3035,智原,9,1,8,群益金鼎-高盛,2024-09-11,9105
3673,TPK-KY,8,0,8,群益金鼎-高盛,2024-09-11,9105
3707,漢磊,10,2,8,群益金鼎-高盛,2024-09-11,9105
3019,亞光,9,1,8,群益金鼎-高盛,2024-09-11,9105
6248,沛波,10,3,7,群益金鼎-高盛,2024-09-11,9105
2070,精湛,10,3,7,群益金鼎-高盛,2024-09-11,9105
2615,萬海,16,9,7,群益金鼎-高盛,2024-09-11,9105
00674R,期元大S＆P黃金反1,7,0,7,群益金鼎-高盛,2024-09-11,9105
00751B,元大AAA至A公司債,11,4,7,群益金鼎-高盛,2024-09-11,9105
00930,永豐ESG低碳高息,7,0,7,群益金鼎-高盛,2024-09-11,9105
1464,得力,7,0,7,群益金鼎-高盛,2024-09-11,9105
5519,隆大,7,0,7,群益金鼎-高盛,2024-09-11,9105
8111,立��,7,0,7,群益金鼎-高盛,2024-09-11,9105
00931B,統一美債20年,9,3,6,群益金鼎-高盛,2024-09-11,9105
2312,金寶,8,2,6,群益金鼎-高盛,2024-09-11,9105
2886,兆豐金,6,0,6,群益金鼎-高盛,2024-09-11,9105
4402,郡都開發,6,0,6,群益金鼎-高盛,2024-09-11,9105
8927,北基,6,0,6,群益金鼎-高盛,2024-09-11,9105
00940,元大台灣價值高息,5,0,5,群益金鼎-高盛,2024-09-11,9105
00764B,群益25年美債,5,0,5,群益金鼎-高盛,2024-09-11,9105
00959B,大華投等美債15Y+,5,0,5,群益金鼎-高盛,2024-09-11,9105
1589,永冠-KY,5,0,5,群益金鼎-高盛,2024-09-11,9105
00715L,期街口布蘭特正2,54,5,49,群益金鼎-高盛,2024-09-12,9105
2891,中信金,36,2,34,群益金鼎-高盛,2024-09-12,9105
00959B,大華投等美債15Y+,31,0,31,群益金鼎-高盛,2024-09-12,9105
00937B,群益ESG投等債20,31,1,30,群益金鼎-高盛,2024-09-12,9105
00637L,元大滬深300正2,20,0,20,群益金鼎-高盛,2024-09-12,9105
3047,訊舟,45,26,19,群益金鼎-高盛,2024-09-12,9105
2449,京元電子,24,7,17,群益金鼎-高盛,2024-09-12,9105
6788,華景電,18,2,16,群益金鼎-高盛,2024-09-12,9105
2867,三商壽,18,3,15,群益金鼎-高盛,2024-09-12,9105
00720B,元大投資級公司債,14,0,14,群益金鼎-高盛,2024-09-12,9105
4153,鈺緯,15,1,14,群益金鼎-高盛,2024-09-12,9105
5519,隆大,13,0,13,群益金鼎-高盛,2024-09-12,9105
00712,復華富時不動產,12,0,12,群益金鼎-高盛,2024-09-12,9105
2002,中鋼,12,0,12,群益金鼎-高盛,2024-09-12,9105
2356,英業達,16,4,12,群益金鼎-高盛,2024-09-12,9105
00706L,期元大S＆P日圓正2,11,0,11,群益金鼎-高盛,2024-09-12,9105
8069,元太,11,0,11,群益金鼎-高盛,2024-09-12,9105
3312,弘憶股,12,2,10,群益金鼎-高盛,2024-09-12,9105
2605,新興,10,0,10,群益金鼎-高盛,2024-09-12,9105
3049,精金,10,0,10,群益金鼎-高盛,2024-09-12,9105
3437,榮創,10,0,10,群益金鼎-高盛,2024-09-12,9105
6405,悅城,15,5,10,群益金鼎-高盛,2024-09-12,9105
2349,錸德,31,22,9,群益金鼎-高盛,2024-09-12,9105
2388,威盛,16,7,9,群益金鼎-高盛,2024-09-12,9105
4303,信立,8,0,8,群益金鼎-高盛,2024-09-12,9105
4510,高鋒,60,52,8,群益金鼎-高盛,2024-09-12,9105
3303,岱稜,32,24,8,群益金鼎-高盛,2024-09-12,9105
2887,台新金,8,0,8,群益金鼎-高盛,2024-09-12,9105
2367,燿華,9,2,7,群益金鼎-高盛,2024-09-12,9105
4540,全球傳動,7,0,7,群益金鼎-高盛,2024-09-12,9105
00915,凱基優選高股息30,6,0,6,群益金鼎-高盛,2024-09-12,9105
3703,欣陸,6,0,6,群益金鼎-高盛,2024-09-12,9105
6114,久威,7,1,6,群益金鼎-高盛,2024-09-12,9105
00665L,富邦�琤肭磪囓�2,5,0,5,群益金鼎-高盛,2024-09-12,9105
1325,恆大,5,0,5,群益金鼎-高盛,2024-09-12,9105
1522,堤維西,5,0,5,群益金鼎-高盛,2024-09-12,9105
2013,中鋼構,5,0,5,群益金鼎-高盛,2024-09-12,9105
2365,昆盈,21,16,5,群益金鼎-高盛,2024-09-12,9105
3294,英濟,5,0,5,群益金鼎-高盛,2024-09-12,9105
3430,奇鈦科,5,0,5,群益金鼎-高盛,2024-09-12,9105
3550,聯穎,5,0,5,群益金鼎-高盛,2024-09-12,9105
4513,福裕,12,7,5,群益金鼎-高盛,2024-09-12,9105
4722,國精化,5,0,5,群益金鼎-高盛,2024-09-12,9105
4935,茂林-KY,6,1,5,群益金鼎-高盛,2024-09-12,9105
6133,金橋,54,49,5,群益金鼎-高盛,2024-09-12,9105
00945B,凱基美國非投等債,4,0,4,群益金鼎-高盛,2024-09-12,9105
6139,亞翔,5,1,4,群益金鼎-高盛,2024-09-12,9105
2337,旺宏,5,1,4,群益金鼎-高盛,2024-09-12,9105
2399,映泰,21,17,4,群益金鼎-高盛,2024-09-12,9105
2489,瑞軒,6,2,4,群益金鼎-高盛,2024-09-12,9105
00919,群益台灣精選高息,108,1,107,群益金鼎-高盛,2024-09-13,9105
00940,元大台灣價值高息,93,30,63,群益金鼎-高盛,2024-09-13,9105
6134,萬旭,39,0,39,群益金鼎-高盛,2024-09-13,9105
00632R,元大台灣50反1,26,3,23,群益金鼎-高盛,2024-09-13,9105
00929,復華台灣科技優息,36,13,23,群益金鼎-高盛,2024-09-13,9105
00918,大華優利高填息30,21,0,21,群益金鼎-高盛,2024-09-13,9105
4563,百德,29,8,21,群益金鼎-高盛,2024-09-13,9105
4510,高鋒,66,46,20,群益金鼎-高盛,2024-09-13,9105
2002,中鋼,18,0,18,群益金鼎-高盛,2024-09-13,9105
3149,正達,19,2,17,群益金鼎-高盛,2024-09-13,9105
00637L,元大滬深300正2,16,0,16,群益金鼎-高盛,2024-09-13,9105
00927,群益半導體收益,16,0,16,群益金鼎-高盛,2024-09-13,9105
1104,環泥,15,0,15,群益金鼎-高盛,2024-09-13,9105
00687B,國泰20年美債,49,35,14,群益金鼎-高盛,2024-09-13,9105
6152,百一,18,4,14,群益金鼎-高盛,2024-09-13,9105
6405,悅城,20,6,14,群益金鼎-高盛,2024-09-13,9105
2867,三商壽,15,1,14,群益金鼎-高盛,2024-09-13,9105
2515,中工,13,0,13,群益金鼎-高盛,2024-09-13,9105
00937B,群益ESG投等債20,15,3,12,群益金鼎-高盛,2024-09-13,9105
3607,谷崧,12,1,11,群益金鼎-高盛,2024-09-13,9105
5529,鉅陞,11,0,11,群益金鼎-高盛,2024-09-13,9105
9925,新保,11,0,11,群益金鼎-高盛,2024-09-13,9105
00878,國泰永續高股息,12,1,11,群益金鼎-高盛,2024-09-13,9105
00948B,中信優息投資級債,10,0,10,群益金鼎-高盛,2024-09-13,9105
2438,翔耀,10,0,10,群益金鼎-高盛,2024-09-13,9105
00688L,國泰20年美債正2,10,1,9,群益金鼎-高盛,2024-09-13,9105
1439,雋揚,9,0,9,群益金鼎-高盛,2024-09-13,9105
4933,友輝,12,3,9,群益金鼎-高盛,2024-09-13,9105
1301,台塑,14,6,8,群益金鼎-高盛,2024-09-13,9105
00669R,國泰美國道瓊反1,8,0,8,群益金鼎-高盛,2024-09-13,9105
1414,東和,6,0,6,群益金鼎-高盛,2024-09-13,9105
1540,喬福,62,56,6,群益金鼎-高盛,2024-09-13,9105
1584,精剛,6,0,6,群益金鼎-高盛,2024-09-13,9105
3430,奇鈦科,6,0,6,群益金鼎-高盛,2024-09-13,9105
4909,新復興,55,49,6,群益金鼎-高盛,2024-09-13,9105
6126,信音,6,0,6,群益金鼎-高盛,2024-09-13,9105
6788,華景電,6,0,6,群益金鼎-高盛,2024-09-13,9105
8070,長華*,13,7,6,群益金鼎-高盛,2024-09-13,9105
2317,鴻海,8,2,6,群益金鼎-高盛,2024-09-13,9105
00943,兆豐電子高息等權,5,0,5,群益金鼎-高盛,2024-09-13,9105
00930,永豐ESG低碳高息,5,0,5,群益金鼎-高盛,2024-09-13,9105
00712,復華富時不動產,5,0,5,群益金鼎-高盛,2024-09-13,9105
1735,日勝化,5,0,5,群益金鼎-高盛,2024-09-13,9105
2731,雄獅,5,0,5,群益金鼎-高盛,2024-09-13,9105
3363,上詮,5,0,5,群益金鼎-高盛,2024-09-13,9105
5236,凌陽創新,5,0,5,群益金鼎-高盛,2024-09-13,9105
5438,東友,5,0,5,群益金鼎-高盛,2024-09-13,9105
5469,瀚宇博,5,0,5,群益金鼎-高盛,2024-09-13,9105
5905,南仁湖,7,2,5,群益金鼎-高盛,2024-09-13,9105
6127,九豪,5,0,5,群益金鼎-高盛,2024-09-13,9105
00665L,富邦�琤肭磪囓�2,170,0,170,群益金鼎-高盛,2024-09-16,9105
00632R,元大台灣50反1,120,0,120,群益金鼎-高盛,2024-09-16,9105
00687B,國泰20年美債,103,0,103,群益金鼎-高盛,2024-09-16,9105
00680L,元大美債20正2,102,0,102,群益金鼎-高盛,2024-09-16,9105
2891,中信金,103,7,96,群益金鼎-高盛,2024-09-16,9105
00937B,群益ESG投等債20,76,10,66,群益金鼎-高盛,2024-09-16,9105
6152,百一,62,7,55,群益金鼎-高盛,2024-09-16,9105
2329,華泰,51,0,51,群益金鼎-高盛,2024-09-16,9105
3481,群創,115,73,42,群益金鼎-高盛,2024-09-16,9105
2431,聯昌,43,1,42,群益金鼎-高盛,2024-09-16,9105
00959B,大華投等美債15Y+,35,0,35,群益金鼎-高盛,2024-09-16,9105
00679B,元大美債20年,34,2,32,群益金鼎-高盛,2024-09-16,9105
3149,正達,49,18,31,群益金鼎-高盛,2024-09-16,9105
00637L,元大滬深300正2,25,0,25,群益金鼎-高盛,2024-09-16,9105
00923,群益台ESG低碳50,18,0,18,群益金鼎-高盛,2024-09-16,9105
1815,富喬,21,3,18,群益金鼎-高盛,2024-09-16,9105
4974,亞泰,24,6,18,群益金鼎-高盛,2024-09-16,9105
00943,兆豐電子高息等權,16,0,16,群益金鼎-高盛,2024-09-16,9105
00706L,期元大S＆P日圓正2,15,0,15,群益金鼎-高盛,2024-09-16,9105
2038,海光,15,0,15,群益金鼎-高盛,2024-09-16,9105
4729,熒茂,23,8,15,群益金鼎-高盛,2024-09-16,9105
2883,凱基金,14,0,14,群益金鼎-高盛,2024-09-16,9105
2062,橋椿,16,2,14,群益金鼎-高盛,2024-09-16,9105
00772B,中信高評級公司債,13,0,13,群益金鼎-高盛,2024-09-16,9105
00712,復華富時不動產,12,0,12,群益金鼎-高盛,2024-09-16,9105
2867,三商壽,20,8,12,群益金鼎-高盛,2024-09-16,9105
6530,創威,27,15,12,群益金鼎-高盛,2024-09-16,9105
5460,同協,16,5,11,群益金鼎-高盛,2024-09-16,9105
1785,光洋科,87,77,10,群益金鼎-高盛,2024-09-16,9105
2376,技嘉,10,0,10,群益金鼎-高盛,2024-09-16,9105
00918,大華優利高填息30,10,0,10,群益金鼎-高盛,2024-09-16,9105
2382,廣達,13,3,10,群益金鼎-高盛,2024-09-16,9105
00688L,國泰20年美債正2,10,0,10,群益金鼎-高盛,2024-09-16,9105
00669R,國泰美國道瓊反1,10,0,10,群益金鼎-高盛,2024-09-16,9105
00786B,元大10年IG銀行債,10,0,10,群益金鼎-高盛,2024-09-16,9105
2426,鼎元,13,3,10,群益金鼎-高盛,2024-09-16,9105
3014,聯陽,10,0,10,群益金鼎-高盛,2024-09-16,9105
3360,尚立,31,21,10,群益金鼎-高盛,2024-09-16,9105
4563,百德,14,4,10,群益金鼎-高盛,2024-09-16,9105
6126,信音,10,0,10,群益金鼎-高盛,2024-09-16,9105
6194,育富,14,4,10,群益金鼎-高盛,2024-09-16,9105
1718,中纖,10,1,9,群益金鼎-高盛,2024-09-16,9105
5438,東友,10,1,9,群益金鼎-高盛,2024-09-16,9105
6257,矽格,9,0,9,群益金鼎-高盛,2024-09-16,9105
2033,佳大,10,2,8,群益金鼎-高盛,2024-09-16,9105
2323,中環,10,2,8,群益金鼎-高盛,2024-09-16,9105
6284,佳邦,8,0,8,群益金鼎-高盛,2024-09-16,9105
00946,群益科技高息成長,8,0,8,群益金鼎-高盛,2024-09-16,9105
3037,欣興,7,0,7,群益金鼎-高盛,2024-09-16,9105
2888,新光金,12,5,7,群益金鼎-高盛,2024-09-16,9105
00958B,永豐ESG銀行債15,300,0,300,群益金鼎-高盛,2024-09-18,9105
00929,復華台灣科技優息,146,0,146,群益金鼎-高盛,2024-09-18,9105
00957B,兆豐US優選投等債,146,0,146,群益金鼎-高盛,2024-09-18,9105
00933B,國泰10Y+金融債,120,12,108,群益金鼎-高盛,2024-09-18,9105
2330,台積電,111,4,107,群益金鼎-高盛,2024-09-18,9105
00937B,群益ESG投等債20,85,19,66,群益金鼎-高盛,2024-09-18,9105
2888,新光金,160,110,50,群益金鼎-高盛,2024-09-18,9105
00687B,國泰20年美債,82,37,45,群益金鼎-高盛,2024-09-18,9105
2317,鴻海,51,6,45,群益金鼎-高盛,2024-09-18,9105
2303,聯電,48,4,44,群益金鼎-高盛,2024-09-18,9105
00952,凱基台灣AI50,40,0,40,群益金鼎-高盛,2024-09-18,9105
3062,建漢,66,28,38,群益金鼎-高盛,2024-09-18,9105
00918,大華優利高填息30,34,0,34,群益金鼎-高盛,2024-09-18,9105
4903,聯光通,46,13,33,群益金鼎-高盛,2024-09-18,9105
00680L,元大美債20正2,25,0,25,群益金鼎-高盛,2024-09-18,9105
00959B,大華投等美債15Y+,25,0,25,群益金鼎-高盛,2024-09-18,9105
2233,宇隆,28,7,21,群益金鼎-高盛,2024-09-18,9105
00940,元大台灣價值高息,25,5,20,群益金鼎-高盛,2024-09-18,9105
3550,聯穎,84,65,19,群益金鼎-高盛,2024-09-18,9105
1439,雋揚,19,0,19,群益金鼎-高盛,2024-09-18,9105
00878,國泰永續高股息,19,0,19,群益金鼎-高盛,2024-09-18,9105
6698,旭暉應材,23,7,16,群益金鼎-高盛,2024-09-18,9105
00637L,元大滬深300正2,15,0,15,群益金鼎-高盛,2024-09-18,9105
00935,野村臺灣新科技50,15,0,15,群益金鼎-高盛,2024-09-18,9105
6788,華景電,15,0,15,群益金鼎-高盛,2024-09-18,9105
8111,立��,18,5,13,群益金鼎-高盛,2024-09-18,9105
2515,中工,25,13,12,群益金鼎-高盛,2024-09-18,9105
00669R,國泰美國道瓊反1,12,0,12,群益金鼎-高盛,2024-09-18,9105
5905,南仁湖,34,22,12,群益金鼎-高盛,2024-09-18,9105
0056,元大高股息,12,0,12,群益金鼎-高盛,2024-09-18,9105
6134,萬旭,18,7,11,群益金鼎-高盛,2024-09-18,9105
00945B,凱基美國非投等債,10,0,10,群益金鼎-高盛,2024-09-18,9105
3715,定穎投控,20,10,10,群益金鼎-高盛,2024-09-18,9105
4123,晟德,10,0,10,群益金鼎-高盛,2024-09-18,9105
00688L,國泰20年美債正2,10,0,10,群益金鼎-高盛,2024-09-18,9105
1522,堤維西,11,1,10,群益金鼎-高盛,2024-09-18,9105
4956,光鋐,10,0,10,群益金鼎-高盛,2024-09-18,9105
6288,聯嘉,10,0,10,群益金鼎-高盛,2024-09-18,9105
8028,昇陽半導體,10,0,10,群益金鼎-高盛,2024-09-18,9105
00713,元大台灣高息低波,10,0,10,群益金鼎-高盛,2024-09-18,9105
00932,兆豐永續高息等權,9,0,9,群益金鼎-高盛,2024-09-18,9105
00931B,統一美債20年,45,36,9,群益金鼎-高盛,2024-09-18,9105
1711,永光,52,43,9,群益金鼎-高盛,2024-09-18,9105
2409,友達,9,0,9,群益金鼎-高盛,2024-09-18,9105
3034,聯詠,9,0,9,群益金鼎-高盛,2024-09-18,9105
8110,華東,10,1,9,群益金鼎-高盛,2024-09-18,9105
00738U,期元大道瓊白銀,8,0,8,群益金鼎-高盛,2024-09-18,9105
1776,展宇,11,3,8,群益金鼎-高盛,2024-09-18,9105
2489,瑞軒,10,2,8,群益金鼎-高盛,2024-09-18,9105
3033,威健,9,1,8,群益金鼎-高盛,2024-09-18,9105
00929,復華台灣科技優息,122,0,122,群益金鼎-高盛,2024-09-19,9105
00687B,國泰20年美債,73,6,67,群益金鼎-高盛,2024-09-19,9105
4562,穎漢,66,10,56,群益金鼎-高盛,2024-09-19,9105
00930,永豐ESG低碳高息,50,0,50,群益金鼎-高盛,2024-09-19,9105
2903,遠百,50,0,50,群益金鼎-高盛,2024-09-19,9105
2509,全坤建,43,0,43,群益金鼎-高盛,2024-09-19,9105
00958B,永豐ESG銀行債15,37,0,37,群益金鼎-高盛,2024-09-19,9105
00900,富邦特選高股息30,39,5,34,群益金鼎-高盛,2024-09-19,9105
00680L,元大美債20正2,37,10,27,群益金鼎-高盛,2024-09-19,9105
6869,雲豹能源,28,2,26,群益金鼎-高盛,2024-09-19,9105
00915,凱基優選高股息30,25,0,25,群益金鼎-高盛,2024-09-19,9105
00715L,期街口布蘭特正2,25,2,23,群益金鼎-高盛,2024-09-19,9105
2025,千興,20,0,20,群益金鼎-高盛,2024-09-19,9105
5488,松普,25,5,20,群益金鼎-高盛,2024-09-19,9105
2303,聯電,23,6,17,群益金鼎-高盛,2024-09-19,9105
5460,同協,27,10,17,群益金鼎-高盛,2024-09-19,9105
8431,匯鑽科,17,0,17,群益金鼎-高盛,2024-09-19,9105
3624,光頡,15,0,15,群益金鼎-高盛,2024-09-19,9105
00669R,國泰美國道瓊反1,14,0,14,群益金鼎-高盛,2024-09-19,9105
00673R,期元大S＆P原油反1,14,0,14,群益金鼎-高盛,2024-09-19,9105
3605,宏致,16,4,12,群益金鼎-高盛,2024-09-19,9105
6163,華電網,13,1,12,群益金鼎-高盛,2024-09-19,9105
4526,東台,12,1,11,群益金鼎-高盛,2024-09-19,9105
2867,三商壽,17,7,10,群益金鼎-高盛,2024-09-19,9105
00948B,中信優息投資級債,10,0,10,群益金鼎-高盛,2024-09-19,9105
2477,美隆電,10,0,10,群益金鼎-高盛,2024-09-19,9105
2884,玉山金,10,0,10,群益金鼎-高盛,2024-09-19,9105
4916,事欣科,10,0,10,群益金鼎-高盛,2024-09-19,9105
4931,新盛力,10,0,10,群益金鼎-高盛,2024-09-19,9105
5864,致和證,10,0,10,群益金鼎-高盛,2024-09-19,9105
9103,美德醫療-DR,10,0,10,群益金鼎-高盛,2024-09-19,9105
2022,聚亨,10,0,10,群益金鼎-高盛,2024-09-19,9105
2374,佳能,13,3,10,群益金鼎-高盛,2024-09-19,9105
00642U,期元大S＆P石油,10,1,9,群益金鼎-高盛,2024-09-19,9105
2399,映泰,82,74,8,群益金鼎-高盛,2024-09-19,9105
8047,星雲,8,0,8,群益金鼎-高盛,2024-09-19,9105
00713,元大台灣高息低波,7,0,7,群益金鼎-高盛,2024-09-19,9105
1309,台達化,9,2,7,群益金鼎-高盛,2024-09-19,9105
2233,宇隆,8,1,7,群益金鼎-高盛,2024-09-19,9105
6517,保勝光學,14,7,7,群益金鼎-高盛,2024-09-19,9105
2027,大成鋼,6,0,6,群益金鼎-高盛,2024-09-19,9105
5438,東友,11,5,6,群益金鼎-高盛,2024-09-19,9105
8039,台虹,9,4,5,群益金鼎-高盛,2024-09-19,9105
00751B,元大AAA至A公司債,5,0,5,群益金鼎-高盛,2024-09-19,9105
00857B,永豐20年美公債,5,0,5,群益金鼎-高盛,2024-09-19,9105
2243,宏旭-KY,25,20,5,群益金鼎-高盛,2024-09-19,9105
2913,農林,5,0,5,群益金鼎-高盛,2024-09-19,9105
3060,銘異,5,0,5,群益金鼎-高盛,2024-09-19,9105
00632R,元大台灣50反1,9,5,4,群益金鼎-高盛,2024-09-19,9105
00945B,凱基美國非投等債,4,0,4,群益金鼎-高盛,2024-09-19,9105
00958B,永豐ESG銀行債15,246,0,246,群益金鼎-高盛,2024-09-20,9105
00764B,群益25年美債,204,0,204,群益金鼎-高盛,2024-09-20,9105
00919,群益台灣精選高息,131,2,129,群益金鼎-高盛,2024-09-20,9105
00929,復華台灣科技優息,56,1,55,群益金鼎-高盛,2024-09-20,9105
4513,福裕,57,11,46,群益金鼎-高盛,2024-09-20,9105
2515,中工,43,0,43,群益金鼎-高盛,2024-09-20,9105
2520,冠德,49,6,43,群益金鼎-高盛,2024-09-20,9105
3481,群創,130,93,37,群益金鼎-高盛,2024-09-20,9105
00632R,元大台灣50反1,34,0,34,群益金鼎-高盛,2024-09-20,9105
2504,國產,30,0,30,群益金鼎-高盛,2024-09-20,9105
4903,聯光通,53,26,27,群益金鼎-高盛,2024-09-20,9105
00915,凱基優選高股息30,26,0,26,群益金鼎-高盛,2024-09-20,9105
2243,宏旭-KY,27,4,23,群益金鼎-高盛,2024-09-20,9105
4306,炎洲,43,21,22,群益金鼎-高盛,2024-09-20,9105
00637L,元大滬深300正2,78,57,21,群益金鼎-高盛,2024-09-20,9105
1721,三晃,23,4,19,群益金鼎-高盛,2024-09-20,9105
00669R,國泰美國道瓊反1,18,0,18,群益金鼎-高盛,2024-09-20,9105
00680L,元大美債20正2,17,0,17,群益金鼎-高盛,2024-09-20,9105
00937B,群益ESG投等債20,67,50,17,群益金鼎-高盛,2024-09-20,9105
00878,國泰永續高股息,22,5,17,群益金鼎-高盛,2024-09-20,9105
00679B,元大美債20年,22,7,15,群益金鼎-高盛,2024-09-20,9105
2545,皇翔,15,0,15,群益金鼎-高盛,2024-09-20,9105
3056,富華新,15,0,15,群益金鼎-高盛,2024-09-20,9105
2303,聯電,15,0,15,群益金鼎-高盛,2024-09-20,9105
1785,光洋科,52,38,14,群益金鼎-高盛,2024-09-20,9105
3303,岱稜,32,18,14,群益金鼎-高盛,2024-09-20,9105
4909,新復興,18,4,14,群益金鼎-高盛,2024-09-20,9105
00900,富邦特選高股息30,13,0,13,群益金鼎-高盛,2024-09-20,9105
4561,健椿,21,8,13,群益金鼎-高盛,2024-09-20,9105
1727,中華化,14,1,13,群益金鼎-高盛,2024-09-20,9105
3550,聯穎,17,5,12,群益金鼎-高盛,2024-09-20,9105
8289,泰藝,12,0,12,群益金鼎-高盛,2024-09-20,9105
2542,興富發,12,0,12,群益金鼎-高盛,2024-09-20,9105
3511,矽瑪,18,7,11,群益金鼎-高盛,2024-09-20,9105
6506,雙邦,11,0,11,群益金鼎-高盛,2024-09-20,9105
2887,台新金,13,3,10,群益金鼎-高盛,2024-09-20,9105
00713,元大台灣高息低波,10,0,10,群益金鼎-高盛,2024-09-20,9105
2501,國建,49,39,10,群益金鼎-高盛,2024-09-20,9105
00895,富邦未來車,10,0,10,群益金鼎-高盛,2024-09-20,9105
4939,亞電,11,1,10,群益金鼎-高盛,2024-09-20,9105
5452,佶優,11,1,10,群益金鼎-高盛,2024-09-20,9105
5533,皇鼎,10,0,10,群益金鼎-高盛,2024-09-20,9105
5876,上海商銀,10,0,10,群益金鼎-高盛,2024-09-20,9105
8071,能率網通,14,4,10,群益金鼎-高盛,2024-09-20,9105
8222,寶一,10,0,10,群益金鼎-高盛,2024-09-20,9105
8421,旭源,10,0,10,群益金鼎-高盛,2024-09-20,9105
1709,和益,23,14,9,群益金鼎-高盛,2024-09-20,9105
00927,群益半導體收益,10,2,8,群益金鼎-高盛,2024-09-20,9105
2883,凱基金,8,0,8,群益金鼎-高盛,2024-09-20,9105
1314,中石化,8,0,8,群益金鼎-高盛,2024-09-20,9105
00919,群益台灣精選高息,333,4,329,群益金鼎-高盛,2024-09-23,9105
00918,大華優利高填息30,91,0,91,群益金鼎-高盛,2024-09-23,9105
00632R,元大台灣50反1,40,0,40,群益金鼎-高盛,2024-09-23,9105
3537,堡達,36,1,35,群益金鼎-高盛,2024-09-23,9105
00952,凱基台灣AI50,30,0,30,群益金鼎-高盛,2024-09-23,9105
2888,新光金,174,146,28,群益金鼎-高盛,2024-09-23,9105
3062,建漢,36,13,23,群益金鼎-高盛,2024-09-23,9105
2504,國產,24,2,22,群益金鼎-高盛,2024-09-23,9105
4714,永捷,23,1,22,群益金鼎-高盛,2024-09-23,9105
8033,雷虎,24,2,22,群益金鼎-高盛,2024-09-23,9105
00915,凱基優選高股息30,21,0,21,群益金鼎-高盛,2024-09-23,9105
2408,南亞科,20,2,18,群益金鼎-高盛,2024-09-23,9105
00687B,國泰20年美債,16,0,16,群益金鼎-高盛,2024-09-23,9105
8421,旭源,16,0,16,群益金鼎-高盛,2024-09-23,9105
1584,精剛,15,0,15,群益金鼎-高盛,2024-09-23,9105
2883B,凱基金乙特,15,0,15,群益金鼎-高盛,2024-09-23,9105
00939,統一台灣高息動能,15,0,15,群益金鼎-高盛,2024-09-23,9105
00738U,期元大道瓊白銀,14,0,14,群益金鼎-高盛,2024-09-23,9105
1709,和益,17,3,14,群益金鼎-高盛,2024-09-23,9105
00929,復華台灣科技優息,30,17,13,群益金鼎-高盛,2024-09-23,9105
6863,永道-KY,13,1,12,群益金鼎-高盛,2024-09-23,9105
00679B,元大美債20年,12,1,11,群益金鼎-高盛,2024-09-23,9105
2615,萬海,13,2,11,群益金鼎-高盛,2024-09-23,9105
1536,和大,11,0,11,群益金鼎-高盛,2024-09-23,9105
0056,元大高股息,11,1,10,群益金鼎-高盛,2024-09-23,9105
6026,福邦證,10,0,10,群益金鼎-高盛,2024-09-23,9105
5011,久陽,10,0,10,群益金鼎-高盛,2024-09-23,9105
3481,群創,11,2,9,群益金鼎-高盛,2024-09-23,9105
1616,億泰,9,0,9,群益金鼎-高盛,2024-09-23,9105
8431,匯鑽科,8,0,8,群益金鼎-高盛,2024-09-23,9105
6177,達麗,8,1,7,群益金鼎-高盛,2024-09-23,9105
2027,大成鋼,7,0,7,群益金鼎-高盛,2024-09-23,9105
00680L,元大美債20正2,12,6,6,群益金鼎-高盛,2024-09-23,9105
00931B,統一美債20年,46,40,6,群益金鼎-高盛,2024-09-23,9105
1409,新纖,6,0,6,群益金鼎-高盛,2024-09-23,9105
2542,興富發,6,0,6,群益金鼎-高盛,2024-09-23,9105
2425,承啟,8,2,6,群益金鼎-高盛,2024-09-23,9105
00670L,富邦NASDAQ正2,6,0,6,群益金鼎-高盛,2024-09-23,9105
5230,雷笛克光學,8,2,6,群益金鼎-高盛,2024-09-23,9105
1711,永光,38,32,6,群益金鼎-高盛,2024-09-23,9105
00635U,期元大S＆P黃金,5,0,5,群益金鼎-高盛,2024-09-23,9105
00712,復華富時不動產,10,5,5,群益金鼎-高盛,2024-09-23,9105
1319,東陽,6,1,5,群益金鼎-高盛,2024-09-23,9105
2520,冠德,6,1,5,群益金鼎-高盛,2024-09-23,9105
3430,奇鈦科,7,2,5,群益金鼎-高盛,2024-09-23,9105
4413,飛寶企業,5,0,5,群益金鼎-高盛,2024-09-23,9105
6667,信紘科,5,0,5,群益金鼎-高盛,2024-09-23,9105
6841,長佳智能,5,0,5,群益金鼎-高盛,2024-09-23,9105
2070,精湛,21,16,5,群益金鼎-高盛,2024-09-23,9105
6869,雲豹能源,5,0,5,群益金鼎-高盛,2024-09-23,9105
00688L,國泰20年美債正2,371,5,366,群益金鼎-高盛,2024-09-24,9105
00632R,元大台灣50反1,201,0,201,群益金鼎-高盛,2024-09-24,9105
00929,復華台灣科技優息,62,0,62,群益金鼎-高盛,2024-09-24,9105
2630,亞航,62,6,56,群益金鼎-高盛,2024-09-24,9105
00953B,群益優選非投等債,53,0,53,群益金鼎-高盛,2024-09-24,9105
00687B,國泰20年美債,47,1,46,群益金鼎-高盛,2024-09-24,9105
00670L,富邦NASDAQ正2,50,5,45,群益金鼎-高盛,2024-09-24,9105
6134,萬旭,56,15,41,群益金鼎-高盛,2024-09-24,9105
2426,鼎元,44,4,40,群益金鼎-高盛,2024-09-24,9105
3049,精金,40,11,29,群益金鼎-高盛,2024-09-24,9105
3537,堡達,24,0,24,群益金鼎-高盛,2024-09-24,9105
6177,達麗,23,0,23,群益金鼎-高盛,2024-09-24,9105
6114,久威,24,1,23,群益金鼎-高盛,2024-09-24,9105
1316,上曜,20,0,20,群益金鼎-高盛,2024-09-24,9105
3066,李洲,33,13,20,群益金鼎-高盛,2024-09-24,9105
4123,晟德,19,0,19,群益金鼎-高盛,2024-09-24,9105
2399,映泰,42,24,18,群益金鼎-高盛,2024-09-24,9105
00679B,元大美債20年,18,0,18,群益金鼎-高盛,2024-09-24,9105
2438,翔耀,17,1,16,群益金鼎-高盛,2024-09-24,9105
2891,中信金,34,19,15,群益金鼎-高盛,2024-09-24,9105
1785,光洋科,25,11,14,群益金鼎-高盛,2024-09-24,9105
00900,富邦特選高股息30,15,1,14,群益金鼎-高盛,2024-09-24,9105
2344,華邦電,13,0,13,群益金鼎-高盛,2024-09-24,9105
00712,復華富時不動產,13,0,13,群益金鼎-高盛,2024-09-24,9105
3605,宏致,26,13,13,群益金鼎-高盛,2024-09-24,9105
4729,熒茂,44,31,13,群益金鼎-高盛,2024-09-24,9105
3511,矽瑪,16,4,12,群益金鼎-高盛,2024-09-24,9105
2421,建準,13,1,12,群益金鼎-高盛,2024-09-24,9105
2330,台積電,17,6,11,群益金鼎-高盛,2024-09-24,9105
6117,迎廣,22,11,11,群益金鼎-高盛,2024-09-24,9105
0056,元大高股息,11,0,11,群益金鼎-高盛,2024-09-24,9105
3149,正達,76,65,11,群益金鼎-高盛,2024-09-24,9105
6152,百一,13,2,11,群益金鼎-高盛,2024-09-24,9105
3481,群創,13,2,11,群益金鼎-高盛,2024-09-24,9105
2388,威盛,13,3,10,群益金鼎-高盛,2024-09-24,9105
2481,強茂,16,6,10,群益金鼎-高盛,2024-09-24,9105
00706L,期元大S＆P日圓正2,10,0,10,群益金鼎-高盛,2024-09-24,9105
00939,統一台灣高息動能,10,0,10,群益金鼎-高盛,2024-09-24,9105
1524,耿鼎,18,8,10,群益金鼎-高盛,2024-09-24,9105
5234,達興材料,12,2,10,群益金鼎-高盛,2024-09-24,9105
5272,笙科,10,0,10,群益金鼎-高盛,2024-09-24,9105
8071,能率網通,10,0,10,群益金鼎-高盛,2024-09-24,9105
8114,振樺電,10,0,10,群益金鼎-高盛,2024-09-24,9105
2303,聯電,21,12,9,群益金鼎-高盛,2024-09-24,9105
2515,中工,12,3,9,群益金鼎-高盛,2024-09-24,9105
3498,陽程,21,12,9,群益金鼎-高盛,2024-09-24,9105
4561,健椿,10,1,9,群益金鼎-高盛,2024-09-24,9105
6517,保勝光學,13,4,9,群益金鼎-高盛,2024-09-24,9105
2356,英業達,9,1,8,群益金鼎-高盛,2024-09-24,9105
2365,昆盈,17,9,8,群益金鼎-高盛,2024-09-24,9105
00632R,元大台灣50反1,101,0,101,群益金鼎-高盛,2024-09-25,9105
2022,聚亨,100,0,100,群益金鼎-高盛,2024-09-25,9105
2344,華邦電,89,2,87,群益金鼎-高盛,2024-09-25,9105
00932,兆豐永續高息等權,65,0,65,群益金鼎-高盛,2024-09-25,9105
3062,建漢,61,17,44,群益金鼎-高盛,2024-09-25,9105
3550,聯穎,107,70,37,群益金鼎-高盛,2024-09-25,9105
4526,東台,35,2,33,群益金鼎-高盛,2024-09-25,9105
4563,百德,42,13,29,群益金鼎-高盛,2024-09-25,9105
2867,三商壽,23,0,23,群益金鼎-高盛,2024-09-25,9105
2233,宇隆,27,5,22,群益金鼎-高盛,2024-09-25,9105
2243,宏旭-KY,24,2,22,群益金鼎-高盛,2024-09-25,9105
00753L,中信中國50正2,20,0,20,群益金鼎-高盛,2024-09-25,9105
6134,萬旭,26,8,18,群益金鼎-高盛,2024-09-25,9105
0056,元大高股息,18,1,17,群益金鼎-高盛,2024-09-25,9105
2883,凱基金,21,4,17,群益金鼎-高盛,2024-09-25,9105
2397,友通,17,0,17,群益金鼎-高盛,2024-09-25,9105
1605,華新,20,4,16,群益金鼎-高盛,2024-09-25,9105
2497,怡利電,31,18,13,群益金鼎-高盛,2024-09-25,9105
00680L,元大美債20正2,10,0,10,群益金鼎-高盛,2024-09-25,9105
00706L,期元大S＆P日圓正2,10,0,10,群益金鼎-高盛,2024-09-25,9105
2014,中鴻,10,0,10,群益金鼎-高盛,2024-09-25,9105
00930,永豐ESG低碳高息,10,1,9,群益金鼎-高盛,2024-09-25,9105
1304,台聚,9,0,9,群益金鼎-高盛,2024-09-25,9105
3537,堡達,33,24,9,群益金鼎-高盛,2024-09-25,9105
2495,普安,18,9,9,群益金鼎-高盛,2024-09-25,9105
00650L,復華香港正2,108,100,8,群益金鼎-高盛,2024-09-25,9105
00960,野村全球航運龍頭,10,2,8,群益金鼎-高盛,2024-09-25,9105
4533,協易機,10,2,8,群益金鼎-高盛,2024-09-25,9105
1447,力鵬,7,0,7,群益金鼎-高盛,2024-09-25,9105
1709,和益,8,1,7,群益金鼎-高盛,2024-09-25,9105
3511,矽瑪,10,3,7,群益金鼎-高盛,2024-09-25,9105
3481,群創,10,3,7,群益金鼎-高盛,2024-09-25,9105
2367,燿華,7,0,7,群益金鼎-高盛,2024-09-25,9105
00904,新光臺灣半導體30,6,0,6,群益金鼎-高盛,2024-09-25,9105
4716,大立,10,4,6,群益金鼎-高盛,2024-09-25,9105
00713,元大台灣高息低波,10,4,6,群益金鼎-高盛,2024-09-25,9105
3714,富采,6,0,6,群益金鼎-高盛,2024-09-25,9105
1808,潤隆,6,1,5,群益金鼎-高盛,2024-09-25,9105
00878,國泰永續高股息,14,9,5,群益金鼎-高盛,2024-09-25,9105
3374,精材,7,2,5,群益金鼎-高盛,2024-09-25,9105
2801,彰銀,5,0,5,群益金鼎-高盛,2024-09-25,9105
00635U,期元大S＆P黃金,5,0,5,群益金鼎-高盛,2024-09-25,9105
1539,巨庭,13,8,5,群益金鼎-高盛,2024-09-25,9105
2420,新巨,5,0,5,群益金鼎-高盛,2024-09-25,9105
2610,華航,6,1,5,群益金鼎-高盛,2024-09-25,9105
2611,志信,5,0,5,群益金鼎-高盛,2024-09-25,9105
3011,今皓,5,0,5,群益金鼎-高盛,2024-09-25,9105
3498,陽程,7,2,5,群益金鼎-高盛,2024-09-25,9105
3622,洋華,17,12,5,群益金鼎-高盛,2024-09-25,9105
5426,振發,6,1,5,群益金鼎-高盛,2024-09-25,9105
00932,兆豐永續高息等權,1497,120,1377,群益金鼎-高盛,2024-09-26,9105
00715L,期街口布蘭特正2,257,15,242,群益金鼎-高盛,2024-09-26,9105
00937B,群益ESG投等債20,160,38,122,群益金鼎-高盛,2024-09-26,9105
00918,大華優利高填息30,110,10,100,群益金鼎-高盛,2024-09-26,9105
00687B,國泰20年美債,76,6,70,群益金鼎-高盛,2024-09-26,9105
2347,聯強,41,0,41,群益金鼎-高盛,2024-09-26,9105
00905,FT臺灣Smart,40,1,39,群益金鼎-高盛,2024-09-26,9105
00688L,國泰20年美債正2,39,0,39,群益金鼎-高盛,2024-09-26,9105
3673,TPK-KY,39,5,34,群益金鼎-高盛,2024-09-26,9105
00632R,元大台灣50反1,31,0,31,群益金鼎-高盛,2024-09-26,9105
1316,上曜,30,0,30,群益金鼎-高盛,2024-09-26,9105
00946,群益科技高息成長,32,3,29,群益金鼎-高盛,2024-09-26,9105
3537,堡達,27,0,27,群益金鼎-高盛,2024-09-26,9105
2356,英業達,29,3,26,群益金鼎-高盛,2024-09-26,9105
2408,南亞科,25,0,25,群益金鼎-高盛,2024-09-26,9105
2312,金寶,21,2,19,群益金鼎-高盛,2024-09-26,9105
3260,威剛,26,7,19,群益金鼎-高盛,2024-09-26,9105
3550,聯穎,50,31,19,群益金鼎-高盛,2024-09-26,9105
00670L,富邦NASDAQ正2,17,0,17,群益金鼎-高盛,2024-09-26,9105
1540,喬福,22,6,16,群益金鼎-高盛,2024-09-26,9105
2371,大同,21,6,15,群益金鼎-高盛,2024-09-26,9105
2613,中櫃,28,14,14,群益金鼎-高盛,2024-09-26,9105
3019,亞光,30,16,14,群益金鼎-高盛,2024-09-26,9105
2481,強茂,12,0,12,群益金鼎-高盛,2024-09-26,9105
2243,宏旭-KY,14,2,12,群益金鼎-高盛,2024-09-26,9105
2537,聯上發,12,1,11,群益金鼎-高盛,2024-09-26,9105
2201,裕隆,11,0,11,群益金鼎-高盛,2024-09-26,9105
00751B,元大AAA至A公司債,10,0,10,群益金鼎-高盛,2024-09-26,9105
2349,錸德,10,0,10,群益金鼎-高盛,2024-09-26,9105
2605,新興,12,2,10,群益金鼎-高盛,2024-09-26,9105
2634,漢翔,10,0,10,群益金鼎-高盛,2024-09-26,9105
8021,尖點,10,0,10,群益金鼎-高盛,2024-09-26,9105
1301,台塑,11,2,9,群益金鼎-高盛,2024-09-26,9105
2344,華邦電,13,4,9,群益金鼎-高盛,2024-09-26,9105
1808,潤隆,12,3,9,群益金鼎-高盛,2024-09-26,9105
6188,廣明,15,7,8,群益金鼎-高盛,2024-09-26,9105
00713,元大台灣高息低波,8,0,8,群益金鼎-高盛,2024-09-26,9105
1524,耿鼎,8,0,8,群益金鼎-高盛,2024-09-26,9105
6104,創惟,21,13,8,群益金鼎-高盛,2024-09-26,9105
00679B,元大美債20年,14,6,8,群益金鼎-高盛,2024-09-26,9105
1584,精剛,9,2,7,群益金鼎-高盛,2024-09-26,9105
1815,富喬,9,2,7,群益金鼎-高盛,2024-09-26,9105
6215,和椿,24,17,7,群益金鼎-高盛,2024-09-26,9105
8068,全達,8,1,7,群益金鼎-高盛,2024-09-26,9105
8374,羅昇,8,1,7,群益金鼎-高盛,2024-09-26,9105
6116,彩晶,6,0,6,群益金鼎-高盛,2024-09-26,9105
2436,偉詮電,18,12,6,群益金鼎-高盛,2024-09-26,9105
6494,九齊,6,0,6,群益金鼎-高盛,2024-09-26,9105
1325,恆大,6,0,6,群益金鼎-高盛,2024-09-26,9105
2208,台船,6,0,6,群益金鼎-高盛,2024-09-26,9105
00932,兆豐永續高息等權,440,0,440,群益金鼎-高盛,2024-09-27,9105
1909,榮成,200,4,196,群益金鼎-高盛,2024-09-27,9105
1904,正隆,102,0,102,群益金鼎-高盛,2024-09-27,9105
1905,華紙,100,7,93,群益金鼎-高盛,2024-09-27,9105
6770,力積電,101,11,90,群益金鼎-高盛,2024-09-27,9105
00632R,元大台灣50反1,71,0,71,群益金鼎-高盛,2024-09-27,9105
00688L,國泰20年美債正2,90,30,60,群益金鼎-高盛,2024-09-27,9105
2888,新光金,55,12,43,群益金鼎-高盛,2024-09-27,9105
00687B,國泰20年美債,41,5,36,群益金鼎-高盛,2024-09-27,9105
8111,立��,61,26,35,群益金鼎-高盛,2024-09-27,9105
00715L,期街口布蘭特正2,39,10,29,群益金鼎-高盛,2024-09-27,9105
8039,台虹,29,2,27,群益金鼎-高盛,2024-09-27,9105
00895,富邦未來車,20,0,20,群益金鼎-高盛,2024-09-27,9105
8069,元太,20,0,20,群益金鼎-高盛,2024-09-27,9105
6104,創惟,33,13,20,群益金鼎-高盛,2024-09-27,9105
3047,訊舟,23,5,18,群益金鼎-高盛,2024-09-27,9105
6114,久威,32,14,18,群益金鼎-高盛,2024-09-27,9105
3363,上詮,16,0,16,群益金鼎-高盛,2024-09-27,9105
6506,雙邦,21,5,16,群益金鼎-高盛,2024-09-27,9105
1808,潤隆,16,1,15,群益金鼎-高盛,2024-09-27,9105
00933B,國泰10Y+金融債,15,1,14,群益金鼎-高盛,2024-09-27,9105
00673R,期元大S＆P原油反1,20,6,14,群益金鼎-高盛,2024-09-27,9105
8432,東生華,14,0,14,群益金鼎-高盛,2024-09-27,9105
3711,日月光投控,19,6,13,群益金鼎-高盛,2024-09-27,9105
2883,凱基金,13,0,13,群益金鼎-高盛,2024-09-27,9105
00931B,統一美債20年,12,0,12,群益金鼎-高盛,2024-09-27,9105
5452,佶優,16,4,12,群益金鼎-高盛,2024-09-27,9105
00960,野村全球航運龍頭,15,4,11,群益金鼎-高盛,2024-09-27,9105
2002,中鋼,57,46,11,群益金鼎-高盛,2024-09-27,9105
2891,中信金,18,7,11,群益金鼎-高盛,2024-09-27,9105
00904,新光臺灣半導體30,10,0,10,群益金鼎-高盛,2024-09-27,9105
00674R,期元大S＆P黃金反1,10,0,10,群益金鼎-高盛,2024-09-27,9105
00907,永豐優息存股,10,0,10,群益金鼎-高盛,2024-09-27,9105
00948B,中信優息投資級債,10,0,10,群益金鼎-高盛,2024-09-27,9105
1314,中石化,13,3,10,群益金鼎-高盛,2024-09-27,9105
2348,海悅,10,0,10,群益金鼎-高盛,2024-09-27,9105
2543,皇昌,14,4,10,群益金鼎-高盛,2024-09-27,9105
4155,訊映,10,0,10,群益金鼎-高盛,2024-09-27,9105
5608,四維航,23,13,10,群益金鼎-高盛,2024-09-27,9105
6233,旺玖,10,0,10,群益金鼎-高盛,2024-09-27,9105
00679B,元大美債20年,9,0,9,群益金鼎-高盛,2024-09-27,9105
00706L,期元大S＆P日圓正2,9,0,9,群益金鼎-高盛,2024-09-27,9105
1569,濱川,10,1,9,群益金鼎-高盛,2024-09-27,9105
2038,海光,11,2,9,群益金鼎-高盛,2024-09-27,9105
2401,凌陽,10,1,9,群益金鼎-高盛,2024-09-27,9105
6405,悅城,25,16,9,群益金鼎-高盛,2024-09-27,9105
2886,兆豐金,9,0,9,群益金鼎-高盛,2024-09-27,9105
00713,元大台灣高息低波,8,0,8,群益金鼎-高盛,2024-09-27,9105
5871,中租-KY,13,5,8,群益金鼎-高盛,2024-09-27,9105
4968,立積,8,0,8,群益金鼎-高盛,2024-09-27,9105
00932,兆豐永續高息等權,1887,0,1887,群益金鼎-高盛,2024-09-30,9105
00929,復華台灣科技優息,126,28,98,群益金鼎-高盛,2024-09-30,9105
00680L,元大美債20正2,91,0,91,群益金鼎-高盛,2024-09-30,9105
00919,群益台灣精選高息,71,10,61,群益金鼎-高盛,2024-09-30,9105
00940,元大台灣價值高息,60,10,50,群益金鼎-高盛,2024-09-30,9105
00878,國泰永續高股息,53,5,48,群益金鼎-高盛,2024-09-30,9105
3189,景碩,44,0,44,群益金鼎-高盛,2024-09-30,9105
2356,英業達,42,0,42,群益金鼎-高盛,2024-09-30,9105
6244,茂迪,40,0,40,群益金鼎-高盛,2024-09-30,9105
2609,陽明,80,41,39,群益金鼎-高盛,2024-09-30,9105
1569,濱川,41,7,34,群益金鼎-高盛,2024-09-30,9105
1815,富喬,32,0,32,群益金鼎-高盛,2024-09-30,9105
6405,悅城,42,11,31,群益金鼎-高盛,2024-09-30,9105
00639,富邦深100,30,0,30,群益金鼎-高盛,2024-09-30,9105
2022,聚亨,121,100,21,群益金鼎-高盛,2024-09-30,9105
00881,國泰台灣5G+,20,1,19,群益金鼎-高盛,2024-09-30,9105
00927,群益半導體收益,19,0,19,群益金鼎-高盛,2024-09-30,9105
00687B,國泰20年美債,18,0,18,群益金鼎-高盛,2024-09-30,9105
2330,台積電,21,4,17,群益金鼎-高盛,2024-09-30,9105
00923,群益台ESG低碳50,17,1,16,群益金鼎-高盛,2024-09-30,9105
4563,百德,16,0,16,群益金鼎-高盛,2024-09-30,9105
1802,台玻,29,14,15,群益金鼎-高盛,2024-09-30,9105
3013,晟銘電,21,6,15,群益金鼎-高盛,2024-09-30,9105
0050,元大台灣50,15,0,15,群益金鼎-高盛,2024-09-30,9105
2891,中信金,14,1,13,群益金鼎-高盛,2024-09-30,9105
2601,益航,12,0,12,群益金鼎-高盛,2024-09-30,9105
3035,智原,13,1,12,群益金鼎-高盛,2024-09-30,9105
6443,元晶,13,1,12,群益金鼎-高盛,2024-09-30,9105
2613,中櫃,18,7,11,群益金鼎-高盛,2024-09-30,9105
8021,尖點,10,0,10,群益金鼎-高盛,2024-09-30,9105
1784,訊聯,11,1,10,群益金鼎-高盛,2024-09-30,9105
4906,正文,10,0,10,群益金鼎-高盛,2024-09-30,9105
4989,榮科,10,0,10,群益金鼎-高盛,2024-09-30,9105
6152,百一,10,0,10,群益金鼎-高盛,2024-09-30,9105
8215,明基材,10,0,10,群益金鼎-高盛,2024-09-30,9105
8096,擎亞,14,6,8,群益金鼎-高盛,2024-09-30,9105
2313,華通,11,3,8,群益金鼎-高盛,2024-09-30,9105
00891,中信關鍵半導體,8,0,8,群益金鼎-高盛,2024-09-30,9105
2303,聯電,10,2,8,群益金鼎-高盛,2024-09-30,9105
4527,方土霖,8,0,8,群益金鼎-高盛,2024-09-30,9105
2615,萬海,28,20,8,群益金鼎-高盛,2024-09-30,9105
1513,中興電,14,7,7,群益金鼎-高盛,2024-09-30,9105
00712,復華富時不動產,7,0,7,群益金鼎-高盛,2024-09-30,9105
1711,永光,13,6,7,群益金鼎-高盛,2024-09-30,9105
5014,建錩,9,2,7,群益金鼎-高盛,2024-09-30,9105
8249,菱光,7,0,7,群益金鼎-高盛,2024-09-30,9105
00934,中信成長高股息,6,0,6,群益金鼎-高盛,2024-09-30,9105
2382,廣達,13,7,6,群益金鼎-高盛,2024-09-30,9105
1536,和大,6,0,6,群益金鼎-高盛,2024-09-30,9105
00930,永豐ESG低碳高息,6,0,6,群益金鼎-高盛,2024-09-30,9105
00932,兆豐永續高息等權,227,0,227,群益金鼎-高盛,2024-10-01,9105
00953B,群益優選非投等債,50,1,49,群益金鼎-高盛,2024-10-01,9105
2449,京元電子,43,1,42,群益金鼎-高盛,2024-10-01,9105
2601,益航,51,10,41,群益金鼎-高盛,2024-10-01,9105
1569,濱川,72,32,40,群益金鼎-高盛,2024-10-01,9105
0056,元大高股息,37,0,37,群益金鼎-高盛,2024-10-01,9105
00637L,元大滬深300正2,131,101,30,群益金鼎-高盛,2024-10-01,9105
2243,宏旭-KY,40,11,29,群益金鼎-高盛,2024-10-01,9105
2347,聯強,25,0,25,群益金鼎-高盛,2024-10-01,9105
00929,復華台灣科技優息,64,41,23,群益金鼎-高盛,2024-10-01,9105
5905,南仁湖,22,0,22,群益金鼎-高盛,2024-10-01,9105
6869,雲豹能源,24,4,20,群益金鼎-高盛,2024-10-01,9105
00919,群益台灣精選高息,19,0,19,群益金鼎-高盛,2024-10-01,9105
1802,台玻,20,1,19,群益金鼎-高盛,2024-10-01,9105
00650L,復華香港正2,18,0,18,群益金鼎-高盛,2024-10-01,9105
6220,岳豐,18,0,18,群益金鼎-高盛,2024-10-01,9105
00687B,國泰20年美債,21,5,16,群益金鼎-高盛,2024-10-01,9105
2382,廣達,16,0,16,群益金鼎-高盛,2024-10-01,9105
6405,悅城,23,11,12,群益金鼎-高盛,2024-10-01,9105
00688L,國泰20年美債正2,11,0,11,群益金鼎-高盛,2024-10-01,9105
1536,和大,11,0,11,群益金鼎-高盛,2024-10-01,9105
8249,菱光,13,2,11,群益金鼎-高盛,2024-10-01,9105
1101,台泥,10,0,10,群益金鼎-高盛,2024-10-01,9105
3702,大聯大,10,0,10,群益金鼎-高盛,2024-10-01,9105
2801,彰銀,10,0,10,群益金鼎-高盛,2024-10-01,9105
3715,定穎投控,38,28,10,群益金鼎-高盛,2024-10-01,9105
5515,建國,10,0,10,群益金鼎-高盛,2024-10-01,9105
4909,新復興,14,5,9,群益金鼎-高盛,2024-10-01,9105
00632R,元大台灣50反1,10,1,9,群益金鼎-高盛,2024-10-01,9105
2342,茂矽,9,0,9,群益金鼎-高盛,2024-10-01,9105
00915,凱基優選高股息30,9,0,9,群益金鼎-高盛,2024-10-01,9105
4513,福裕,9,0,9,群益金鼎-高盛,2024-10-01,9105
00878,國泰永續高股息,11,3,8,群益金鼎-高盛,2024-10-01,9105
3049,精金,8,0,8,群益金鼎-高盛,2024-10-01,9105
00633L,富邦上証正2,11,3,8,群益金鼎-高盛,2024-10-01,9105
2436,偉詮電,12,4,8,群益金鼎-高盛,2024-10-01,9105
5234,達興材料,8,0,8,群益金鼎-高盛,2024-10-01,9105
2009,第一銅,7,0,7,群益金鼎-高盛,2024-10-01,9105
2038,海光,15,8,7,群益金鼎-高盛,2024-10-01,9105
2363,矽統,11,4,7,群益金鼎-高盛,2024-10-01,9105
3013,晟銘電,18,11,7,群益金鼎-高盛,2024-10-01,9105
4561,健椿,17,10,7,群益金鼎-高盛,2024-10-01,9105
2498,宏達電,24,17,7,群益金鼎-高盛,2024-10-01,9105
2317,鴻海,14,8,6,群益金鼎-高盛,2024-10-01,9105
00900,富邦特選高股息30,6,0,6,群益金鼎-高盛,2024-10-01,9105
2359,所羅門,6,0,6,群益金鼎-高盛,2024-10-01,9105
2547,日勝生,6,0,6,群益金鼎-高盛,2024-10-01,9105
2634,漢翔,6,0,6,群益金鼎-高盛,2024-10-01,9105
3047,訊舟,7,1,6,群益金鼎-高盛,2024-10-01,9105
6243,迅杰,6,0,6,群益金鼎-高盛,2024-10-01,9105
2303,聯電,128,5,123,群益金鼎-高盛,2024-10-04,9105
00673R,期元大S＆P原油反1,96,0,96,群益金鼎-高盛,2024-10-04,9105
00919,群益台灣精選高息,72,0,72,群益金鼎-高盛,2024-10-04,9105
0056,元大高股息,59,0,59,群益金鼎-高盛,2024-10-04,9105
00929,復華台灣科技優息,63,11,52,群益金鼎-高盛,2024-10-04,9105
5880,合庫金,52,5,47,群益金鼎-高盛,2024-10-04,9105
00932,兆豐永續高息等權,45,3,42,群益金鼎-高盛,2024-10-04,9105
0061,元大寶滬深,40,0,40,群益金鼎-高盛,2024-10-04,9105
00687B,國泰20年美債,45,5,40,群益金鼎-高盛,2024-10-04,9105
00632R,元大台灣50反1,40,1,39,群益金鼎-高盛,2024-10-04,9105
00679B,元大美債20年,35,4,31,群益金鼎-高盛,2024-10-04,9105
00725B,國泰投資級公司債,30,0,30,群益金鼎-高盛,2024-10-04,9105
00943,兆豐電子高息等權,25,0,25,群益金鼎-高盛,2024-10-04,9105
2368,金像電,25,0,25,群益金鼎-高盛,2024-10-04,9105
2498,宏達電,62,37,25,群益金鼎-高盛,2024-10-04,9105
2603,長榮,29,5,24,群益金鼎-高盛,2024-10-04,9105
2890,永豐金,23,0,23,群益金鼎-高盛,2024-10-04,9105
6151,晉倫,38,16,22,群益金鼎-高盛,2024-10-04,9105
2382,廣達,26,5,21,群益金鼎-高盛,2024-10-04,9105
6248,沛波,22,1,21,群益金鼎-高盛,2024-10-04,9105
1742,台蠟,30,11,19,群益金鼎-高盛,2024-10-04,9105
2610,華航,19,0,19,群益金鼎-高盛,2024-10-04,9105
4561,健椿,19,0,19,群益金鼎-高盛,2024-10-04,9105
2399,映泰,99,81,18,群益金鼎-高盛,2024-10-04,9105
00688L,國泰20年美債正2,17,0,17,群益金鼎-高盛,2024-10-04,9105
3047,訊舟,17,0,17,群益金鼎-高盛,2024-10-04,9105
00878,國泰永續高股息,20,5,15,群益金鼎-高盛,2024-10-04,9105
8927,北基,15,0,15,群益金鼎-高盛,2024-10-04,9105
2609,陽明,40,26,14,群益金鼎-高盛,2024-10-04,9105
00940,元大台灣價值高息,20,6,14,群益金鼎-高盛,2024-10-04,9105
00922,國泰台灣領袖50,14,0,14,群益金鼎-高盛,2024-10-04,9105
2618,長榮航,15,2,13,群益金鼎-高盛,2024-10-04,9105
2637,慧洋-KY,16,4,12,群益金鼎-高盛,2024-10-04,9105
00753L,中信中國50正2,75,63,12,群益金鼎-高盛,2024-10-04,9105
2408,南亞科,11,0,11,群益金鼎-高盛,2024-10-04,9105
00915,凱基優選高股息30,11,0,11,群益金鼎-高盛,2024-10-04,9105
2308,台達電,11,0,11,群益金鼎-高盛,2024-10-04,9105
8096,擎亞,10,0,10,群益金鼎-高盛,2024-10-04,9105
00643,群益深証中小,10,0,10,群益金鼎-高盛,2024-10-04,9105
3006,晶豪科,10,0,10,群益金鼎-高盛,2024-10-04,9105
6492,生華科,10,0,10,群益金鼎-高盛,2024-10-04,9105
8438,昶昕,10,0,10,群益金鼎-高盛,2024-10-04,9105
2834,臺企銀,10,0,10,群益金鼎-高盛,2024-10-04,9105
2615,萬海,13,4,9,群益金鼎-高盛,2024-10-04,9105
2476,鉅祥,9,0,9,群益金鼎-高盛,2024-10-04,9105
3645,達邁,9,0,9,群益金鼎-高盛,2024-10-04,9105
00706L,期元大S＆P日圓正2,8,0,8,群益金鼎-高盛,2024-10-04,9105
1909,榮成,10,2,8,群益金鼎-高盛,2024-10-04,9105
2014,中鴻,13,5,8,群益金鼎-高盛,2024-10-04,9105
2605,新興,17,9,8,群益金鼎-高盛,2024-10-04,9105
00637L,元大滬深300正2,226,53,173,群益金鼎-高盛,2024-10-07,9105
00688L,國泰20年美債正2,127,8,119,群益金鼎-高盛,2024-10-07,9105
00687B,國泰20年美債,114,0,114,群益金鼎-高盛,2024-10-07,9105
2867,三商壽,105,10,95,群益金鼎-高盛,2024-10-07,9105
2312,金寶,65,2,63,群益金鼎-高盛,2024-10-07,9105
2313,華通,42,3,39,群益金鼎-高盛,2024-10-07,9105
2356,英業達,44,12,32,群益金鼎-高盛,2024-10-07,9105
2106,建大,30,0,30,群益金鼎-高盛,2024-10-07,9105
0061,元大寶滬深,28,0,28,群益金鼎-高盛,2024-10-07,9105
2634,漢翔,28,0,28,群益金鼎-高盛,2024-10-07,9105
1326,台化,28,1,27,群益金鼎-高盛,2024-10-07,9105
00639,富邦深100,27,0,27,群益金鼎-高盛,2024-10-07,9105
00706L,期元大S＆P日圓正2,25,0,25,群益金鼎-高盛,2024-10-07,9105
00673R,期元大S＆P原油反1,22,0,22,群益金鼎-高盛,2024-10-07,9105
2477,美隆電,20,0,20,群益金鼎-高盛,2024-10-07,9105
2382,廣達,19,0,19,群益金鼎-高盛,2024-10-07,9105
1301,台塑,19,2,17,群益金鼎-高盛,2024-10-07,9105
3025,星通,53,36,17,群益金鼎-高盛,2024-10-07,9105
2486,一詮,25,8,17,群益金鼎-高盛,2024-10-07,9105
00900,富邦特選高股息30,16,0,16,群益金鼎-高盛,2024-10-07,9105
3481,群創,19,4,15,群益金鼎-高盛,2024-10-07,9105
00895,富邦未來車,15,0,15,群益金鼎-高盛,2024-10-07,9105
00907,永豐優息存股,15,0,15,群益金鼎-高盛,2024-10-07,9105
1717,長興,12,0,12,群益金鼎-高盛,2024-10-07,9105
2495,普安,15,3,12,群益金鼎-高盛,2024-10-07,9105
6151,晉倫,24,12,12,群益金鼎-高盛,2024-10-07,9105
00887,永豐中國科技50大,55,44,11,群益金鼎-高盛,2024-10-07,9105
6279,胡連,12,1,11,群益金鼎-高盛,2024-10-07,9105
2349,錸德,16,6,10,群益金鼎-高盛,2024-10-07,9105
00633L,富邦上証正2,10,0,10,群益金鼎-高盛,2024-10-07,9105
00927,群益半導體收益,10,0,10,群益金鼎-高盛,2024-10-07,9105
2498,宏達電,27,17,10,群益金鼎-高盛,2024-10-07,9105
3003,健和興,10,0,10,群益金鼎-高盛,2024-10-07,9105
3006,晶豪科,10,0,10,群益金鼎-高盛,2024-10-07,9105
3545,敦泰,11,1,10,群益金鼎-高盛,2024-10-07,9105
5351,鈺創,12,3,9,群益金鼎-高盛,2024-10-07,9105
2317,鴻海,28,19,9,群益金鼎-高盛,2024-10-07,9105
2344,華邦電,9,1,8,群益金鼎-高盛,2024-10-07,9105
4950,牧東,8,0,8,群益金鼎-高盛,2024-10-07,9105
2393,億光,8,0,8,群益金鼎-高盛,2024-10-07,9105
2353,宏��,10,3,7,群益金鼎-高盛,2024-10-07,9105
2892,第一金,7,0,7,群益金鼎-高盛,2024-10-07,9105
4523,永彰,7,0,7,群益金鼎-高盛,2024-10-07,9105
2615,萬海,62,56,6,群益金鼎-高盛,2024-10-07,9105
2834,臺企銀,6,0,6,群益金鼎-高盛,2024-10-07,9105
2929,淘帝-KY,34,28,6,群益金鼎-高盛,2024-10-07,9105
6548,長科*,7,1,6,群益金鼎-高盛,2024-10-07,9105
00679B,元大美債20年,5,0,5,群益金鼎-高盛,2024-10-07,9105
1309,台達化,5,0,5,群益金鼎-高盛,2024-10-07,9105
2611,志信,5,0,5,群益金鼎-高盛,2024-10-07,9105
00882,中信中國高股息,1032,627,405,群益金鼎-高盛,2024-10-08,9105
00680L,元大美債20正2,336,0,336,群益金鼎-高盛,2024-10-08,9105
00929,復華台灣科技優息,163,10,153,群益金鼎-高盛,2024-10-08,9105
00934,中信成長高股息,101,0,101,群益金鼎-高盛,2024-10-08,9105
0056,元大高股息,87,0,87,群益金鼎-高盛,2024-10-08,9105
00688L,國泰20年美債正2,85,0,85,群益金鼎-高盛,2024-10-08,9105
00633L,富邦上証正2,122,55,67,群益金鼎-高盛,2024-10-08,9105
3049,精金,128,65,63,群益金鼎-高盛,2024-10-08,9105
00656R,國泰中國A50反1,60,0,60,群益金鼎-高盛,2024-10-08,9105
5880,合庫金,52,0,52,群益金鼎-高盛,2024-10-08,9105
1314,中石化,53,8,45,群益金鼎-高盛,2024-10-08,9105
2313,華通,40,1,39,群益金鼎-高盛,2024-10-08,9105
1569,濱川,45,10,35,群益金鼎-高盛,2024-10-08,9105
2303,聯電,35,3,32,群益金鼎-高盛,2024-10-08,9105
00671R,富邦NASDAQ反1,30,0,30,群益金鼎-高盛,2024-10-08,9105
00937B,群益ESG投等債20,30,0,30,群益金鼎-高盛,2024-10-08,9105
00673R,期元大S＆P原油反1,29,0,29,群益金鼎-高盛,2024-10-08,9105
2426,鼎元,28,3,25,群益金鼎-高盛,2024-10-08,9105
00919,群益台灣精選高息,26,3,23,群益金鼎-高盛,2024-10-08,9105
00940,元大台灣價值高息,22,0,22,群益金鼎-高盛,2024-10-08,9105
1815,富喬,22,2,20,群益金鼎-高盛,2024-10-08,9105
00922,國泰台灣領袖50,21,1,20,群益金鼎-高盛,2024-10-08,9105
00932,兆豐永續高息等權,20,0,20,群益金鼎-高盛,2024-10-08,9105
00687B,國泰20年美債,20,0,20,群益金鼎-高盛,2024-10-08,9105
00887,永豐中國科技50大,136,118,18,群益金鼎-高盛,2024-10-08,9105
00943,兆豐電子高息等權,17,0,17,群益金鼎-高盛,2024-10-08,9105
2601,益航,26,9,17,群益金鼎-高盛,2024-10-08,9105
3360,尚立,17,0,17,群益金鼎-高盛,2024-10-08,9105
6770,力積電,16,0,16,群益金鼎-高盛,2024-10-08,9105
2427,三商電,15,0,15,群益金鼎-高盛,2024-10-08,9105
2615,萬海,23,8,15,群益金鼎-高盛,2024-10-08,9105
2929,淘帝-KY,28,13,15,群益金鼎-高盛,2024-10-08,9105
00679B,元大美債20年,14,0,14,群益金鼎-高盛,2024-10-08,9105
6176,瑞儀,14,0,14,群益金鼎-高盛,2024-10-08,9105
2425,承啟,41,27,14,群益金鼎-高盛,2024-10-08,9105
8104,錸寶,14,0,14,群益金鼎-高盛,2024-10-08,9105
3715,定穎投控,15,2,13,群益金鼎-高盛,2024-10-08,9105
3481,群創,19,6,13,群益金鼎-高盛,2024-10-08,9105
2408,南亞科,11,0,11,群益金鼎-高盛,2024-10-08,9105
3498,陽程,19,8,11,群益金鼎-高盛,2024-10-08,9105
00907,永豐優息存股,10,0,10,群益金鼎-高盛,2024-10-08,9105
2317,鴻海,18,8,10,群益金鼎-高盛,2024-10-08,9105
2886,兆豐金,10,0,10,群益金鼎-高盛,2024-10-08,9105
3014,聯陽,10,0,10,群益金鼎-高盛,2024-10-08,9105
0061,元大寶滬深,12,2,10,群益金鼎-高盛,2024-10-08,9105
1326,台化,10,0,10,群益金鼎-高盛,2024-10-08,9105
2103,台橡,10,0,10,群益金鼎-高盛,2024-10-08,9105
2331,精英,10,0,10,群益金鼎-高盛,2024-10-08,9105
3006,晶豪科,10,0,10,群益金鼎-高盛,2024-10-08,9105
6279,胡連,10,0,10,群益金鼎-高盛,2024-10-08,9105
00637L,元大滬深300正2,616,77,539,群益金鼎-高盛,2024-10-09,9105
2883,凱基金,400,1,399,群益金鼎-高盛,2024-10-09,9105
00725B,國泰投資級公司債,170,0,170,群益金鼎-高盛,2024-10-09,9105
2891,中信金,101,0,101,群益金鼎-高盛,2024-10-09,9105
00882,中信中國高股息,107,30,77,群益金鼎-高盛,2024-10-09,9105
00688L,國泰20年美債正2,70,0,70,群益金鼎-高盛,2024-10-09,9105
00922,國泰台灣領袖50,59,2,57,群益金鼎-高盛,2024-10-09,9105
6108,競國,50,0,50,群益金鼎-高盛,2024-10-09,9105
00687B,國泰20年美債,49,0,49,群益金鼎-高盛,2024-10-09,9105
1815,富喬,48,1,47,群益金鼎-高盛,2024-10-09,9105
00679B,元大美債20年,41,0,41,群益金鼎-高盛,2024-10-09,9105
2618,長榮航,40,0,40,群益金鼎-高盛,2024-10-09,9105
2243,宏旭-KY,35,0,35,群益金鼎-高盛,2024-10-09,9105
00632R,元大台灣50反1,54,20,34,群益金鼎-高盛,2024-10-09,9105
2303,聯電,27,1,26,群益金鼎-高盛,2024-10-09,9105
00939,統一台灣高息動能,27,1,26,群益金鼎-高盛,2024-10-09,9105
00655L,國泰中國A50正2,68,42,26,群益金鼎-高盛,2024-10-09,9105
00937B,群益ESG投等債20,21,0,21,群益金鼎-高盛,2024-10-09,9105
00933B,國泰10Y+金融債,22,2,20,群益金鼎-高盛,2024-10-09,9105
1569,濱川,25,5,20,群益金鼎-高盛,2024-10-09,9105
2027,大成鋼,20,0,20,群益金鼎-高盛,2024-10-09,9105
2816,旺旺保,20,0,20,群益金鼎-高盛,2024-10-09,9105
3499,環天科,20,0,20,群益金鼎-高盛,2024-10-09,9105
00680L,元大美債20正2,28,10,18,群益金鼎-高盛,2024-10-09,9105
3006,晶豪科,17,0,17,群益金鼎-高盛,2024-10-09,9105
6152,百一,17,0,17,群益金鼎-高盛,2024-10-09,9105
3017,奇鋐,16,1,15,群益金鼎-高盛,2024-10-09,9105
2426,鼎元,18,3,15,群益金鼎-高盛,2024-10-09,9105
5443,均豪,22,8,14,群益金鼎-高盛,2024-10-09,9105
3481,群創,24,10,14,群益金鼎-高盛,2024-10-09,9105
1309,台達化,13,0,13,群益金鼎-高盛,2024-10-09,9105
1304,台聚,14,2,12,群益金鼎-高盛,2024-10-09,9105
00712,復華富時不動產,12,0,12,群益金鼎-高盛,2024-10-09,9105
2609,陽明,26,14,12,群益金鼎-高盛,2024-10-09,9105
6187,萬潤,17,6,11,群益金鼎-高盛,2024-10-09,9105
3518,柏騰,11,0,11,群益金鼎-高盛,2024-10-09,9105
2363,矽統,42,31,11,群益金鼎-高盛,2024-10-09,9105
00633L,富邦上証正2,134,123,11,群益金鼎-高盛,2024-10-09,9105
3406,玉晶光,10,0,10,群益金鼎-高盛,2024-10-09,9105
00753L,中信中國50正2,15,5,10,群益金鼎-高盛,2024-10-09,9105
1326,台化,10,1,9,群益金鼎-高盛,2024-10-09,9105
2603,長榮,10,1,9,群益金鼎-高盛,2024-10-09,9105
2208,台船,9,0,9,群益金鼎-高盛,2024-10-09,9105
3025,星通,72,63,9,群益金鼎-高盛,2024-10-09,9105
6257,矽格,13,4,9,群益金鼎-高盛,2024-10-09,9105
8110,華東,10,1,9,群益金鼎-高盛,2024-10-09,9105
2399,映泰,139,130,9,群益金鼎-高盛,2024-10-09,9105
3550,聯穎,82,73,9,群益金鼎-高盛,2024-10-09,9105
8021,尖點,8,0,8,群益金鼎-高盛,2024-10-09,9105
00915,凱基優選高股息30,8,0,8,群益金鼎-高盛,2024-10-09,9105
00937B,群益ESG投等債20,193,0,193,群益金鼎-高盛,2024-10-11,9105
00927,群益半導體收益,200,10,190,群益金鼎-高盛,2024-10-11,9105
2867,三商壽,101,2,99,群益金鼎-高盛,2024-10-11,9105
00905,FT臺灣Smart,52,0,52,群益金鼎-高盛,2024-10-11,9105
00673R,期元大S＆P原油反1,43,0,43,群益金鼎-高盛,2024-10-11,9105
00656R,國泰中國A50反1,40,0,40,群益金鼎-高盛,2024-10-11,9105
1319,東陽,40,0,40,群益金鼎-高盛,2024-10-11,9105
2374,佳能,38,3,35,群益金鼎-高盛,2024-10-11,9105
00679B,元大美債20年,32,0,32,群益金鼎-高盛,2024-10-11,9105
5438,東友,33,3,30,群益金鼎-高盛,2024-10-11,9105
1473,台南,30,0,30,群益金鼎-高盛,2024-10-11,9105
00665L,富邦�琤肭磪囓�2,29,0,29,群益金鼎-高盛,2024-10-11,9105
00929,復華台灣科技優息,45,18,27,群益金鼎-高盛,2024-10-11,9105
00882,中信中國高股息,41,15,26,群益金鼎-高盛,2024-10-11,9105
00680L,元大美債20正2,56,30,26,群益金鼎-高盛,2024-10-11,9105
1815,富喬,26,1,25,群益金鼎-高盛,2024-10-11,9105
2883B,凱基金乙特,25,0,25,群益金鼎-高盛,2024-10-11,9105
3019,亞光,37,15,22,群益金鼎-高盛,2024-10-11,9105
00688L,國泰20年美債正2,21,0,21,群益金鼎-高盛,2024-10-11,9105
2344,華邦電,19,1,18,群益金鼎-高盛,2024-10-11,9105
2905,三商,15,0,15,群益金鼎-高盛,2024-10-11,9105
1439,雋揚,13,0,13,群益金鼎-高盛,2024-10-11,9105
00655L,國泰中國A50正2,46,35,11,群益金鼎-高盛,2024-10-11,9105
00891,中信關鍵半導體,11,0,11,群益金鼎-高盛,2024-10-11,9105
2388,威盛,41,30,11,群益金鼎-高盛,2024-10-11,9105
00907,永豐優息存股,10,0,10,群益金鼎-高盛,2024-10-11,9105
00751B,元大AAA至A公司債,10,0,10,群益金鼎-高盛,2024-10-11,9105
2408,南亞科,16,6,10,群益金鼎-高盛,2024-10-11,9105
00912,中信臺灣智慧50,10,0,10,群益金鼎-高盛,2024-10-11,9105
00730,富邦臺灣優質高息,10,0,10,群益金鼎-高盛,2024-10-11,9105
00957B,兆豐US優選投等債,10,0,10,群益金鼎-高盛,2024-10-11,9105
3202,樺晟,10,0,10,群益金鼎-高盛,2024-10-11,9105
3362,先進光,10,0,10,群益金鼎-高盛,2024-10-11,9105
3430,奇鈦科,18,8,10,群益金鼎-高盛,2024-10-11,9105
3499,環天科,10,0,10,群益金鼎-高盛,2024-10-11,9105
6129,普誠,10,0,10,群益金鼎-高盛,2024-10-11,9105
00639,富邦深100,10,0,10,群益金鼎-高盛,2024-10-11,9105
5443,均豪,19,9,10,群益金鼎-高盛,2024-10-11,9105
3447,展達,14,4,10,群益金鼎-高盛,2024-10-11,9105
00918,大華優利高填息30,10,1,9,群益金鼎-高盛,2024-10-11,9105
6770,力積電,12,3,9,群益金鼎-高盛,2024-10-11,9105
1314,中石化,31,22,9,群益金鼎-高盛,2024-10-11,9105
1721,三晃,11,3,8,群益金鼎-高盛,2024-10-11,9105
1785,光洋科,9,1,8,群益金鼎-高盛,2024-10-11,9105
2208,台船,8,0,8,群益金鼎-高盛,2024-10-11,9105
3591,艾笛森,27,19,8,群益金鼎-高盛,2024-10-11,9105
00915,凱基優選高股息30,7,0,7,群益金鼎-高盛,2024-10-11,9105
00923,群益台ESG低碳50,10,3,7,群益金鼎-高盛,2024-10-11,9105
2520,冠德,10,3,7,群益金鼎-高盛,2024-10-11,9105
2543,皇昌,19,12,7,群益金鼎-高盛,2024-10-11,9105
00680L,元大美債20正2,611,0,611,群益金鼎-高盛,2024-10-14,9105
00887,永豐中國科技50大,370,0,370,群益金鼎-高盛,2024-10-14,9105
00960,野村全球航運龍頭,87,0,87,群益金鼎-高盛,2024-10-14,9105
0056,元大高股息,59,0,59,群益金鼎-高盛,2024-10-14,9105
6770,力積電,53,1,52,群益金鼎-高盛,2024-10-14,9105
1314,中石化,51,2,49,群益金鼎-高盛,2024-10-14,9105
00937B,群益ESG投等債20,38,1,37,群益金鼎-高盛,2024-10-14,9105
00882,中信中國高股息,50,15,35,群益金鼎-高盛,2024-10-14,9105
00687B,國泰20年美債,34,1,33,群益金鼎-高盛,2024-10-14,9105
9105,泰金寶-DR,30,1,29,群益金鼎-高盛,2024-10-14,9105
2312,金寶,80,53,27,群益金鼎-高盛,2024-10-14,9105
00688L,國泰20年美債正2,20,0,20,群益金鼎-高盛,2024-10-14,9105
1473,台南,20,0,20,群益金鼎-高盛,2024-10-14,9105
00713,元大台灣高息低波,18,0,18,群益金鼎-高盛,2024-10-14,9105
6148,驊宏資,29,11,18,群益金鼎-高盛,2024-10-14,9105
2228,劍麟,15,0,15,群益金鼎-高盛,2024-10-14,9105
2883,凱基金,15,0,15,群益金鼎-高盛,2024-10-14,9105
2421,建準,27,13,14,群益金鼎-高盛,2024-10-14,9105
00720B,元大投資級公司債,13,0,13,群益金鼎-高盛,2024-10-14,9105
2426,鼎元,26,13,13,群益金鼎-高盛,2024-10-14,9105
00632R,元大台灣50反1,16,4,12,群益金鼎-高盛,2024-10-14,9105
00907,永豐優息存股,11,0,11,群益金鼎-高盛,2024-10-14,9105
2363,矽統,22,11,11,群益金鼎-高盛,2024-10-14,9105
2376,技嘉,10,0,10,群益金鼎-高盛,2024-10-14,9105
00922,國泰台灣領袖50,10,0,10,群益金鼎-高盛,2024-10-14,9105
2397,友通,10,0,10,群益金鼎-高盛,2024-10-14,9105
2497,怡利電,11,1,10,群益金鼎-高盛,2024-10-14,9105
3499,環天科,10,0,10,群益金鼎-高盛,2024-10-14,9105
2208,台船,9,0,9,群益金鼎-高盛,2024-10-14,9105
8111,立��,140,131,9,群益金鼎-高盛,2024-10-14,9105
00712,復華富時不動產,8,0,8,群益金鼎-高盛,2024-10-14,9105
6187,萬潤,17,9,8,群益金鼎-高盛,2024-10-14,9105
00934,中信成長高股息,10,2,8,群益金鼎-高盛,2024-10-14,9105
3231,緯創,14,7,7,群益金鼎-高盛,2024-10-14,9105
3715,定穎投控,7,0,7,群益金鼎-高盛,2024-10-14,9105
1711,永光,8,1,7,群益金鼎-高盛,2024-10-14,9105
2520,冠德,7,0,7,群益金鼎-高盛,2024-10-14,9105
3025,星通,28,21,7,群益金鼎-高盛,2024-10-14,9105
3481,群創,11,4,7,群益金鼎-高盛,2024-10-14,9105
6271,同欣電,7,0,7,群益金鼎-高盛,2024-10-14,9105
00919,群益台灣精選高息,7,0,7,群益金鼎-高盛,2024-10-14,9105
3710,連展投控,11,5,6,群益金鼎-高盛,2024-10-14,9105
00675L,富邦臺灣加權正2,6,0,6,群益金鼎-高盛,2024-10-14,9105
00753L,中信中國50正2,76,70,6,群益金鼎-高盛,2024-10-14,9105
00912,中信臺灣智慧50,5,0,5,群益金鼎-高盛,2024-10-14,9105
00664R,國泰臺灣加權反1,12,7,5,群益金鼎-高盛,2024-10-14,9105
00958B,永豐ESG銀行債15,5,0,5,群益金鼎-高盛,2024-10-14,9105
2344,華邦電,6,1,5,群益金鼎-高盛,2024-10-14,9105
2636,台驊控股,5,0,5,群益金鼎-高盛,2024-10-14,9105
3090,日電貿,5,0,5,群益金鼎-高盛,2024-10-14,9105
00882,中信中國高股息,242,0,242,群益金鼎-高盛,2024-10-15,9105
00887,永豐中國科技50大,162,2,160,群益金鼎-高盛,2024-10-15,9105
00937B,群益ESG投等債20,114,3,111,群益金鼎-高盛,2024-10-15,9105
00632R,元大台灣50反1,98,13,85,群益金鼎-高盛,2024-10-15,9105
00679B,元大美債20年,67,0,67,群益金鼎-高盛,2024-10-15,9105
2431,聯昌,64,0,64,群益金鼎-高盛,2024-10-15,9105
00712,復華富時不動產,63,0,63,群益金鼎-高盛,2024-10-15,9105
00923,群益台ESG低碳50,50,0,50,群益金鼎-高盛,2024-10-15,9105
6117,迎廣,65,16,49,群益金鼎-高盛,2024-10-15,9105
00940,元大台灣價值高息,40,0,40,群益金鼎-高盛,2024-10-15,9105
00687B,國泰20年美債,169,135,34,群益金鼎-高盛,2024-10-15,9105
00795B,中信美國公債20年,31,0,31,群益金鼎-高盛,2024-10-15,9105
5426,振發,50,20,30,群益金鼎-高盛,2024-10-15,9105
00680L,元大美債20正2,56,30,26,群益金鼎-高盛,2024-10-15,9105
9934,成霖,25,0,25,群益金鼎-高盛,2024-10-15,9105
00715L,期街口布蘭特正2,23,0,23,群益金鼎-高盛,2024-10-15,9105
00922,國泰台灣領袖50,22,0,22,群益金鼎-高盛,2024-10-15,9105
00688L,國泰20年美債正2,22,0,22,群益金鼎-高盛,2024-10-15,9105
00725B,國泰投資級公司債,22,0,22,群益金鼎-高盛,2024-10-15,9105
00753L,中信中國50正2,111,90,21,群益金鼎-高盛,2024-10-15,9105
4526,東台,24,3,21,群益金鼎-高盛,2024-10-15,9105
3025,星通,42,22,20,群益金鼎-高盛,2024-10-15,9105
2363,矽統,38,18,20,群益金鼎-高盛,2024-10-15,9105
4729,熒茂,43,25,18,群益金鼎-高盛,2024-10-15,9105
2365,昆盈,24,7,17,群益金鼎-高盛,2024-10-15,9105
2886,兆豐金,18,2,16,群益金鼎-高盛,2024-10-15,9105
1314,中石化,16,1,15,群益金鼎-高盛,2024-10-15,9105
6156,松上,32,17,15,群益金鼎-高盛,2024-10-15,9105
00639,富邦深100,15,0,15,群益金鼎-高盛,2024-10-15,9105
8240,華宏,15,1,14,群益金鼎-高盛,2024-10-15,9105
00713,元大台灣高息低波,13,0,13,群益金鼎-高盛,2024-10-15,9105
1301,台塑,16,4,12,群益金鼎-高盛,2024-10-15,9105
8028,昇陽半導體,31,19,12,群益金鼎-高盛,2024-10-15,9105
2002,中鋼,11,0,11,群益金鼎-高盛,2024-10-15,9105
3163,波若威,14,3,11,群益金鼎-高盛,2024-10-15,9105
6505,台塑化,10,0,10,群益金鼎-高盛,2024-10-15,9105
00905,FT臺灣Smart,10,0,10,群益金鼎-高盛,2024-10-15,9105
00900,富邦特選高股息30,10,0,10,群益金鼎-高盛,2024-10-15,9105
00633L,富邦上証正2,16,6,10,群益金鼎-高盛,2024-10-15,9105
3447,展達,25,16,9,群益金鼎-高盛,2024-10-15,9105
3715,定穎投控,11,3,8,群益金鼎-高盛,2024-10-15,9105
2354,鴻準,20,12,8,群益金鼎-高盛,2024-10-15,9105
2867,三商壽,10,2,8,群益金鼎-高盛,2024-10-15,9105
3060,銘異,8,0,8,群益金鼎-高盛,2024-10-15,9105
5452,佶優,23,15,8,群益金鼎-高盛,2024-10-15,9105
00665L,富邦�琤肭磪囓�2,7,0,7,群益金鼎-高盛,2024-10-15,9105
3518,柏騰,7,0,7,群益金鼎-高盛,2024-10-15,9105
9928,中視,7,0,7,群益金鼎-高盛,2024-10-15,9105
00637L,元大滬深300正2,15,9,6,群益金鼎-高盛,2024-10-15,9105
2351,順德,6,0,6,群益金鼎-高盛,2024-10-15,9105
2888,新光金,490,0,490,群益金鼎-高盛,2024-10-16,9105
00932,兆豐永續高息等權,121,3,118,群益金鼎-高盛,2024-10-16,9105
00945B,凱基美國非投等債,90,0,90,群益金鼎-高盛,2024-10-16,9105
2103,台橡,78,0,78,群益金鼎-高盛,2024-10-16,9105
00900,富邦特選高股息30,55,0,55,群益金鼎-高盛,2024-10-16,9105
6770,力積電,53,0,53,群益金鼎-高盛,2024-10-16,9105
00687B,國泰20年美債,50,3,47,群益金鼎-高盛,2024-10-16,9105
00680L,元大美債20正2,37,0,37,群益金鼎-高盛,2024-10-16,9105
00679B,元大美債20年,45,8,37,群益金鼎-高盛,2024-10-16,9105
3591,艾笛森,30,0,30,群益金鼎-高盛,2024-10-16,9105
5328,華容,30,0,30,群益金鼎-高盛,2024-10-16,9105
00922,國泰台灣領袖50,25,0,25,群益金鼎-高盛,2024-10-16,9105
5880,合庫金,25,0,25,群益金鼎-高盛,2024-10-16,9105
00688L,國泰20年美債正2,35,12,23,群益金鼎-高盛,2024-10-16,9105
00948B,中信優息投資級債,23,0,23,群益金鼎-高盛,2024-10-16,9105
0056,元大高股息,23,0,23,群益金鼎-高盛,2024-10-16,9105
00753L,中信中國50正2,121,100,21,群益金鼎-高盛,2024-10-16,9105
2347,聯強,20,0,20,群益金鼎-高盛,2024-10-16,9105
6109,亞元,20,0,20,群益金鼎-高盛,2024-10-16,9105
2303,聯電,18,0,18,群益金鼎-高盛,2024-10-16,9105
2317,鴻海,27,10,17,群益金鼎-高盛,2024-10-16,9105
2002,中鋼,21,4,17,群益金鼎-高盛,2024-10-16,9105
2402,毅嘉,17,0,17,群益金鼎-高盛,2024-10-16,9105
2615,萬海,21,5,16,群益金鼎-高盛,2024-10-16,9105
00712,復華富時不動產,15,0,15,群益金鼎-高盛,2024-10-16,9105
00912,中信臺灣智慧50,15,0,15,群益金鼎-高盛,2024-10-16,9105
00935,野村臺灣新科技50,14,0,14,群益金鼎-高盛,2024-10-16,9105
00887,永豐中國科技50大,16,2,14,群益金鼎-高盛,2024-10-16,9105
1439,雋揚,14,0,14,群益金鼎-高盛,2024-10-16,9105
1569,濱川,26,12,14,群益金鼎-高盛,2024-10-16,9105
2886,兆豐金,14,0,14,群益金鼎-高盛,2024-10-16,9105
1815,富喬,22,10,12,群益金鼎-高盛,2024-10-16,9105
00919,群益台灣精選高息,18,6,12,群益金鼎-高盛,2024-10-16,9105
2368,金像電,19,7,12,群益金鼎-高盛,2024-10-16,9105
2393,億光,11,0,11,群益金鼎-高盛,2024-10-16,9105
2017,官田鋼,10,0,10,群益金鼎-高盛,2024-10-16,9105
3017,奇鋐,10,0,10,群益金鼎-高盛,2024-10-16,9105
1608,華榮,10,0,10,群益金鼎-高盛,2024-10-16,9105
3006,晶豪科,10,0,10,群益金鼎-高盛,2024-10-16,9105
6719,力智,10,0,10,群益金鼎-高盛,2024-10-16,9105
8097,常珵,30,20,10,群益金鼎-高盛,2024-10-16,9105
6742,澤米,15,5,10,群益金鼎-高盛,2024-10-16,9105
2349,錸德,13,4,9,群益金鼎-高盛,2024-10-16,9105
6684,安格,14,5,9,群益金鼎-高盛,2024-10-16,9105
4908,前鼎,13,4,9,群益金鼎-高盛,2024-10-16,9105
3450,聯鈞,60,51,9,群益金鼎-高盛,2024-10-16,9105
2891,中信金,11,3,8,群益金鼎-高盛,2024-10-16,9105
2605,新興,8,0,8,群益金鼎-高盛,2024-10-16,9105
2867,三商壽,10,2,8,群益金鼎-高盛,2024-10-16,9105
3339,泰谷,7,0,7,群益金鼎-高盛,2024-10-16,9105
00712,復華富時不動產,101,2,99,群益金鼎-高盛,2024-10-17,9105
00637L,元大滬深300正2,212,114,98,群益金鼎-高盛,2024-10-17,9105
00931B,統一美債20年,51,0,51,群益金鼎-高盛,2024-10-17,9105
00922,國泰台灣領袖50,33,0,33,群益金鼎-高盛,2024-10-17,9105
2421,建準,39,6,33,群益金鼎-高盛,2024-10-17,9105
3591,艾笛森,49,17,32,群益金鼎-高盛,2024-10-17,9105
4563,百德,35,10,25,群益金鼎-高盛,2024-10-17,9105
00900,富邦特選高股息30,24,0,24,群益金鼎-高盛,2024-10-17,9105
00679B,元大美債20年,23,0,23,群益金鼎-高盛,2024-10-17,9105
00948B,中信優息投資級債,22,0,22,群益金鼎-高盛,2024-10-17,9105
2883B,凱基金乙特,20,0,20,群益金鼎-高盛,2024-10-17,9105
5880,合庫金,20,0,20,群益金鼎-高盛,2024-10-17,9105
0056,元大高股息,20,1,19,群益金鼎-高盛,2024-10-17,9105
6937,天虹,20,2,18,群益金鼎-高盛,2024-10-17,9105
2399,映泰,79,63,16,群益金鼎-高盛,2024-10-17,9105
5478,智冠,15,0,15,群益金鼎-高盛,2024-10-17,9105
2609,陽明,35,20,15,群益金鼎-高盛,2024-10-17,9105
00915,凱基優選高股息30,14,0,14,群益金鼎-高盛,2024-10-17,9105
00887,永豐中國科技50大,15,2,13,群益金鼎-高盛,2024-10-17,9105
8105,凌巨,20,7,13,群益金鼎-高盛,2024-10-17,9105
00912,中信臺灣智慧50,12,0,12,群益金鼎-高盛,2024-10-17,9105
6241,易通展,12,0,12,群益金鼎-高盛,2024-10-17,9105
2332,友訊,11,0,11,群益金鼎-高盛,2024-10-17,9105
3060,銘異,13,2,11,群益金鼎-高盛,2024-10-17,9105
6742,澤米,18,7,11,群益金鼎-高盛,2024-10-17,9105
00795B,中信美國公債20年,10,0,10,群益金鼎-高盛,2024-10-17,9105
00665L,富邦�琤肭磪囓�2,10,0,10,群益金鼎-高盛,2024-10-17,9105
2363,矽統,14,4,10,群益金鼎-高盛,2024-10-17,9105
2913,農林,10,0,10,群益金鼎-高盛,2024-10-17,9105
3498,陽程,25,15,10,群益金鼎-高盛,2024-10-17,9105
2498,宏達電,11,2,9,群益金鼎-高盛,2024-10-17,9105
4533,協易機,11,2,9,群益金鼎-高盛,2024-10-17,9105
2482,連宇,10,1,9,群益金鼎-高盛,2024-10-17,9105
2382,廣達,11,3,8,群益金鼎-高盛,2024-10-17,9105
3005,神基,8,0,8,群益金鼎-高盛,2024-10-17,9105
6283,淳安,8,0,8,群益金鼎-高盛,2024-10-17,9105
8039,台虹,8,0,8,群益金鼎-高盛,2024-10-17,9105
9105,泰金寶-DR,21,14,7,群益金鼎-高盛,2024-10-17,9105
4977,眾達-KY,8,1,7,群益金鼎-高盛,2024-10-17,9105
00713,元大台灣高息低波,7,0,7,群益金鼎-高盛,2024-10-17,9105
00687B,國泰20年美債,32,26,6,群益金鼎-高盛,2024-10-17,9105
2376,技嘉,12,5,7,群益金鼎-高盛,2024-10-17,9105
3209,全科,13,7,6,群益金鼎-高盛,2024-10-17,9105
4979,華星光,16,10,6,群益金鼎-高盛,2024-10-17,9105
6220,岳豐,6,0,6,群益金鼎-高盛,2024-10-17,9105
6530,創威,12,6,6,群益金鼎-高盛,2024-10-17,9105
8112,至上,6,0,6,群益金鼎-高盛,2024-10-17,9105
2883,凱基金,17,11,6,群益金鼎-高盛,2024-10-17,9105
6274,台燿,5,0,5,群益金鼎-高盛,2024-10-17,9105
6830,汎銓,8,3,5,群益金鼎-高盛,2024-10-17,9105
00687B,國泰20年美債,105,4,101,群益金鼎-高盛,2024-10-18,9105
00679B,元大美債20年,84,4,80,群益金鼎-高盛,2024-10-18,9105
00712,復華富時不動產,97,20,77,群益金鼎-高盛,2024-10-18,9105
00680L,元大美債20正2,70,0,70,群益金鼎-高盛,2024-10-18,9105
2303,聯電,71,1,70,群益金鼎-高盛,2024-10-18,9105
6234,高僑,66,1,65,群益金鼎-高盛,2024-10-18,9105
00632R,元大台灣50反1,71,8,63,群益金鼎-高盛,2024-10-18,9105
00945B,凱基美國非投等債,50,0,50,群益金鼎-高盛,2024-10-18,9105
00922,國泰台灣領袖50,53,5,48,群益金鼎-高盛,2024-10-18,9105
1815,富喬,32,0,32,群益金鼎-高盛,2024-10-18,9105
2867,三商壽,27,0,27,群益金鼎-高盛,2024-10-18,9105
3406,玉晶光,21,0,21,群益金鼎-高盛,2024-10-18,9105
00887,永豐中國科技50大,36,16,20,群益金鼎-高盛,2024-10-18,9105
2363,矽統,36,16,20,群益金鼎-高盛,2024-10-18,9105
2890,永豐金,20,0,20,群益金鼎-高盛,2024-10-18,9105
3041,揚智,20,0,20,群益金鼎-高盛,2024-10-18,9105
00882,中信中國高股息,20,0,20,群益金鼎-高盛,2024-10-18,9105
2317,鴻海,44,24,20,群益金鼎-高盛,2024-10-18,9105
0056,元大高股息,22,2,20,群益金鼎-高盛,2024-10-18,9105
2449,京元電子,20,2,18,群益金鼎-高盛,2024-10-18,9105
3231,緯創,29,11,18,群益金鼎-高盛,2024-10-18,9105
2886,兆豐金,21,5,16,群益金鼎-高盛,2024-10-18,9105
00948B,中信優息投資級債,16,0,16,群益金鼎-高盛,2024-10-18,9105
00639,富邦深100,15,0,15,群益金鼎-高盛,2024-10-18,9105
2883B,凱基金乙特,15,0,15,群益金鼎-高盛,2024-10-18,9105
3017,奇鋐,14,1,13,群益金鼎-高盛,2024-10-18,9105
4729,熒茂,55,42,13,群益金鼎-高盛,2024-10-18,9105
3615,安可,20,8,12,群益金鼎-高盛,2024-10-18,9105
00957B,兆豐US優選投等債,12,0,12,群益金鼎-高盛,2024-10-18,9105
2388,威盛,12,1,11,群益金鼎-高盛,2024-10-18,9105
2376,技嘉,25,15,10,群益金鼎-高盛,2024-10-18,9105
00720B,元大投資級公司債,11,0,11,群益金鼎-高盛,2024-10-18,9105
2605,新興,12,2,10,群益金鼎-高盛,2024-10-18,9105
1597,直得,13,3,10,群益金鼎-高盛,2024-10-18,9105
2406,國碩,10,0,10,群益金鼎-高盛,2024-10-18,9105
00937B,群益ESG投等債20,40,31,9,群益金鼎-高盛,2024-10-18,9105
00753L,中信中國50正2,9,0,9,群益金鼎-高盛,2024-10-18,9105
00933B,國泰10Y+金融債,11,2,9,群益金鼎-高盛,2024-10-18,9105
5347,世界,9,1,8,群益金鼎-高盛,2024-10-18,9105
6763,綠界科技*,13,5,8,群益金鼎-高盛,2024-10-18,9105
2353,宏��,8,0,8,群益金鼎-高盛,2024-10-18,9105
3031,佰鴻,10,2,8,群益金鼎-高盛,2024-10-18,9105
3062,建漢,53,45,8,群益金鼎-高盛,2024-10-18,9105
6770,力積電,8,0,8,群益金鼎-高盛,2024-10-18,9105
2883,凱基金,15,7,8,群益金鼎-高盛,2024-10-18,9105
00751B,元大AAA至A公司債,7,0,7,群益金鼎-高盛,2024-10-18,9105
00715L,期街口布蘭特正2,13,6,7,群益金鼎-高盛,2024-10-18,9105
1524,耿鼎,7,0,7,群益金鼎-高盛,2024-10-18,9105
3518,柏騰,7,0,7,群益金鼎-高盛,2024-10-18,9105
4542,科嶠,15,8,7,群益金鼎-高盛,2024-10-18,9105
00937B,群益ESG投等債20,200,0,200,群益金鼎-高盛,2024-10-21,9105
00712,復華富時不動產,192,55,137,群益金鼎-高盛,2024-10-21,9105
00948B,中信優息投資級債,121,0,121,群益金鼎-高盛,2024-10-21,9105
00905,FT臺灣Smart,76,2,74,群益金鼎-高盛,2024-10-21,9105
00922,國泰台灣領袖50,50,0,50,群益金鼎-高盛,2024-10-21,9105
00946,群益科技高息成長,30,0,30,群益金鼎-高盛,2024-10-21,9105
2816,旺旺保,30,0,30,群益金鼎-高盛,2024-10-21,9105
2014,中鴻,30,1,29,群益金鼎-高盛,2024-10-21,9105
00665L,富邦�琤肭磪囓�2,25,0,25,群益金鼎-高盛,2024-10-21,9105
6163,華電網,23,0,23,群益金鼎-高盛,2024-10-21,9105
00669R,國泰美國道瓊反1,20,0,20,群益金鼎-高盛,2024-10-21,9105
2347,聯強,20,0,20,群益金鼎-高盛,2024-10-21,9105
3033,威健,20,0,20,群益金鼎-高盛,2024-10-21,9105
3211,順達,20,0,20,群益金鼎-高盛,2024-10-21,9105
00687B,國泰20年美債,20,0,20,群益金鼎-高盛,2024-10-21,9105
00713,元大台灣高息低波,19,0,19,群益金鼎-高盛,2024-10-21,9105
00945B,凱基美國非投等債,19,0,19,群益金鼎-高盛,2024-10-21,9105
2883,凱基金,28,10,18,群益金鼎-高盛,2024-10-21,9105
00715L,期街口布蘭特正2,27,10,17,群益金鼎-高盛,2024-10-21,9105
5880,合庫金,19,3,16,群益金鼎-高盛,2024-10-21,9105
00751B,元大AAA至A公司債,12,0,12,群益金鼎-高盛,2024-10-21,9105
2356,英業達,23,11,12,群益金鼎-高盛,2024-10-21,9105
00635U,期元大S＆P黃金,11,0,11,群益金鼎-高盛,2024-10-21,9105
00940,元大台灣價值高息,11,0,11,群益金鼎-高盛,2024-10-21,9105
3047,訊舟,11,0,11,群益金鼎-高盛,2024-10-21,9105
00795B,中信美國公債20年,10,0,10,群益金鼎-高盛,2024-10-21,9105
00632R,元大台灣50反1,21,11,10,群益金鼎-高盛,2024-10-21,9105
00933B,國泰10Y+金融債,16,6,10,群益金鼎-高盛,2024-10-21,9105
00942B,台新美A公司債20+,10,0,10,群益金鼎-高盛,2024-10-21,9105
1439,雋揚,10,0,10,群益金鼎-高盛,2024-10-21,9105
6658,聯策,22,12,10,群益金鼎-高盛,2024-10-21,9105
3303,岱稜,10,0,10,群益金鼎-高盛,2024-10-21,9105
2884,玉山金,13,3,10,群益金鼎-高盛,2024-10-21,9105
4526,東台,28,18,10,群益金鼎-高盛,2024-10-21,9105
6770,力積電,12,3,9,群益金鼎-高盛,2024-10-21,9105
5443,均豪,11,2,9,群益金鼎-高盛,2024-10-21,9105
6005,群益證,10,1,9,群益金鼎-高盛,2024-10-21,9105
00725B,國泰投資級公司債,9,0,9,群益金鼎-高盛,2024-10-21,9105
2882,國泰金,8,0,8,群益金鼎-高盛,2024-10-21,9105
00673R,期元大S＆P原油反1,8,0,8,群益金鼎-高盛,2024-10-21,9105
2501,國建,8,0,8,群益金鼎-高盛,2024-10-21,9105
8028,昇陽半導體,23,15,8,群益金鼎-高盛,2024-10-21,9105
3430,奇鈦科,13,5,8,群益金鼎-高盛,2024-10-21,9105
1301,台塑,8,1,7,群益金鼎-高盛,2024-10-21,9105
3017,奇鋐,7,0,7,群益金鼎-高盛,2024-10-21,9105
00637L,元大滬深300正2,215,208,7,群益金鼎-高盛,2024-10-21,9105
00633L,富邦上証正2,7,1,6,群益金鼎-高盛,2024-10-21,9105
1721,三晃,9,3,6,群益金鼎-高盛,2024-10-21,9105
8097,常珵,13,7,6,群益金鼎-高盛,2024-10-21,9105
8390,金益鼎,7,1,6,群益金鼎-高盛,2024-10-21,9105
00937B,群益ESG投等債20,386,109,277,群益金鼎-高盛,2024-10-22,9105
00680L,元大美債20正2,188,0,188,群益金鼎-高盛,2024-10-22,9105
2399,映泰,154,31,123,群益金鼎-高盛,2024-10-22,9105
00945B,凱基美國非投等債,100,0,100,群益金鼎-高盛,2024-10-22,9105
00637L,元大滬深300正2,278,188,90,群益金鼎-高盛,2024-10-22,9105
00688L,國泰20年美債正2,109,30,79,群益金鼎-高盛,2024-10-22,9105
00948B,中信優息投資級債,64,0,64,群益金鼎-高盛,2024-10-22,9105
00951,台新日本半導體,50,0,50,群益金鼎-高盛,2024-10-22,9105
00954,中信日本半導體,50,0,50,群益金鼎-高盛,2024-10-22,9105
5880,合庫金,50,0,50,群益金鼎-高盛,2024-10-22,9105
00687B,國泰20年美債,209,160,49,群益金鼎-高盛,2024-10-22,9105
00679B,元大美債20年,52,5,47,群益金鼎-高盛,2024-10-22,9105
00953B,群益優選非投等債,55,15,40,群益金鼎-高盛,2024-10-22,9105
00907,永豐優息存股,34,0,34,群益金鼎-高盛,2024-10-22,9105
2492,華新科,30,0,30,群益金鼎-高盛,2024-10-22,9105
1439,雋揚,25,0,25,群益金鼎-高盛,2024-10-22,9105
3049,精金,45,20,25,群益金鼎-高盛,2024-10-22,9105
00905,FT臺灣Smart,21,0,21,群益金鼎-高盛,2024-10-22,9105
6142,友勁,21,0,21,群益金鼎-高盛,2024-10-22,9105
2363,矽統,29,8,21,群益金鼎-高盛,2024-10-22,9105
2303,聯電,19,0,19,群益金鼎-高盛,2024-10-22,9105
00751B,元大AAA至A公司債,23,7,16,群益金鼎-高盛,2024-10-22,9105
2890,永豐金,15,0,15,群益金鼎-高盛,2024-10-22,9105
3296,勝德,15,0,15,群益金鼎-高盛,2024-10-22,9105
1605,華新,13,0,13,群益金鼎-高盛,2024-10-22,9105
00929,復華台灣科技優息,13,0,13,群益金鼎-高盛,2024-10-22,9105
3011,今皓,23,11,12,群益金鼎-高盛,2024-10-22,9105
00665L,富邦�琤肭磪囓�2,11,0,11,群益金鼎-高盛,2024-10-22,9105
6629,泰金-KY,11,0,11,群益金鼎-高盛,2024-10-22,9105
2330,台積電,12,1,11,群益金鼎-高盛,2024-10-22,9105
00639,富邦深100,10,0,10,群益金鼎-高盛,2024-10-22,9105
00942B,台新美A公司債20+,10,0,10,群益金鼎-高盛,2024-10-22,9105
2516,新建,10,0,10,群益金鼎-高盛,2024-10-22,9105
3149,正達,27,17,10,群益金鼎-高盛,2024-10-22,9105
3591,艾笛森,10,0,10,群益金鼎-高盛,2024-10-22,9105
3551,世禾,11,1,10,群益金鼎-高盛,2024-10-22,9105
2886,兆豐金,10,1,9,群益金鼎-高盛,2024-10-22,9105
3587,閎康,8,0,8,群益金鼎-高盛,2024-10-22,9105
2405,輔信,8,0,8,群益金鼎-高盛,2024-10-22,9105
1307,三芳,9,1,8,群益金鼎-高盛,2024-10-22,9105
2376,技嘉,9,1,8,群益金鼎-高盛,2024-10-22,9105
00946,群益科技高息成長,9,1,8,群益金鼎-高盛,2024-10-22,9105
00712,復華富時不動產,7,0,7,群益金鼎-高盛,2024-10-22,9105
3062,建漢,9,2,7,群益金鼎-高盛,2024-10-22,9105
3581,博磊,12,5,7,群益金鼎-高盛,2024-10-22,9105
6248,沛波,7,0,7,群益金鼎-高盛,2024-10-22,9105
2609,陽明,17,10,7,群益金鼎-高盛,2024-10-22,9105
2605,新興,6,0,6,群益金鼎-高盛,2024-10-22,9105
00940,元大台灣價值高息,13,7,6,群益金鼎-高盛,2024-10-22,9105
1447,力鵬,6,0,6,群益金鼎-高盛,2024-10-22,9105
00959B,大華投等美債15Y+,675,0,675,群益金鼎-高盛,2024-10-23,9105
00688L,國泰20年美債正2,275,36,239,群益金鼎-高盛,2024-10-23,9105
00937B,群益ESG投等債20,110,0,110,群益金鼎-高盛,2024-10-23,9105
00680L,元大美債20正2,89,4,85,群益金鼎-高盛,2024-10-23,9105
2369,菱生,48,13,35,群益金鼎-高盛,2024-10-23,9105
6274,台燿,31,0,31,群益金鼎-高盛,2024-10-23,9105
00932,兆豐永續高息等權,30,0,30,群益金鼎-高盛,2024-10-23,9105
2329,華泰,27,6,21,群益金鼎-高盛,2024-10-23,9105
00948B,中信優息投資級債,20,0,20,群益金鼎-高盛,2024-10-23,9105
9949,琉園,19,0,19,群益金鼎-高盛,2024-10-23,9105
3710,連展投控,20,2,18,群益金鼎-高盛,2024-10-23,9105
2834,臺企銀,17,0,17,群益金鼎-高盛,2024-10-23,9105
2867,三商壽,18,1,17,群益金鼎-高盛,2024-10-23,9105
2303,聯電,17,1,16,群益金鼎-高盛,2024-10-23,9105
006208,富邦台50,17,1,16,群益金鼎-高盛,2024-10-23,9105
2883,凱基金,16,1,15,群益金鼎-高盛,2024-10-23,9105
6234,高僑,77,63,14,群益金鼎-高盛,2024-10-23,9105
3498,陽程,13,0,13,群益金鼎-高盛,2024-10-23,9105
0056,元大高股息,13,0,13,群益金鼎-高盛,2024-10-23,9105
1717,長興,16,4,12,群益金鼎-高盛,2024-10-23,9105
00924,復華S＆P500成長,12,0,12,群益金鼎-高盛,2024-10-23,9105
3296,勝德,12,0,12,群益金鼎-高盛,2024-10-23,9105
2356,英業達,18,6,12,群益金鼎-高盛,2024-10-23,9105
00927,群益半導體收益,11,0,11,群益金鼎-高盛,2024-10-23,9105
00907,永豐優息存股,11,0,11,群益金鼎-高盛,2024-10-23,9105
4979,華星光,13,2,11,群益金鼎-高盛,2024-10-23,9105
8176,智捷,13,2,11,群益金鼎-高盛,2024-10-23,9105
00795B,中信美國公債20年,10,0,10,群益金鼎-高盛,2024-10-23,9105
2886,兆豐金,10,0,10,群益金鼎-高盛,2024-10-23,9105
00912,中信臺灣智慧50,10,0,10,群益金鼎-高盛,2024-10-23,9105
2312,金寶,17,7,10,群益金鼎-高盛,2024-10-23,9105
2388,威盛,10,0,10,群益金鼎-高盛,2024-10-23,9105
3354,律勝,10,0,10,群益金鼎-高盛,2024-10-23,9105
4707,磐亞,10,0,10,群益金鼎-高盛,2024-10-23,9105
5443,均豪,11,1,10,群益金鼎-高盛,2024-10-23,9105
6134,萬旭,17,7,10,群益金鼎-高盛,2024-10-23,9105
3711,日月光投控,10,1,9,群益金鼎-高盛,2024-10-23,9105
00751B,元大AAA至A公司債,9,0,9,群益金鼎-高盛,2024-10-23,9105
1301,台塑,21,12,9,群益金鼎-高盛,2024-10-23,9105
2208,台船,9,0,9,群益金鼎-高盛,2024-10-23,9105
2601,益航,9,0,9,群益金鼎-高盛,2024-10-23,9105
3149,正達,17,8,9,群益金鼎-高盛,2024-10-23,9105
6895,宏碩系統,9,0,9,群益金鼎-高盛,2024-10-23,9105
2399,映泰,47,39,8,群益金鼎-高盛,2024-10-23,9105
2882,國泰金,9,1,8,群益金鼎-高盛,2024-10-23,9105
4526,東台,20,12,8,群益金鼎-高盛,2024-10-23,9105
4569,六方科-KY,8,0,8,群益金鼎-高盛,2024-10-23,9105
2542,興富發,7,0,7,群益金鼎-高盛,2024-10-23,9105
4908,前鼎,18,11,7,群益金鼎-高盛,2024-10-23,9105
2891,中信金,7,0,7,群益金鼎-高盛,2024-10-23,9105
2883,凱基金,900,0,900,群益金鼎-高盛,2024-10-24,9105
1802,台玻,138,9,129,群益金鼎-高盛,2024-10-24,9105
00946,群益科技高息成長,121,1,120,群益金鼎-高盛,2024-10-24,9105
00932,兆豐永續高息等權,100,0,100,群益金鼎-高盛,2024-10-24,9105
00937B,群益ESG投等債20,76,0,76,群益金鼎-高盛,2024-10-24,9105
00687B,國泰20年美債,77,4,73,群益金鼎-高盛,2024-10-24,9105
2399,映泰,103,36,67,群益金鼎-高盛,2024-10-24,9105
3149,正達,75,23,52,群益金鼎-高盛,2024-10-24,9105
0056,元大高股息,42,1,41,群益金鼎-高盛,2024-10-24,9105
00680L,元大美債20正2,35,0,35,群益金鼎-高盛,2024-10-24,9105
1815,富喬,76,45,31,群益金鼎-高盛,2024-10-24,9105
3011,今皓,27,0,27,群益金鼎-高盛,2024-10-24,9105
00878,國泰永續高股息,26,0,26,群益金鼎-高盛,2024-10-24,9105
2303,聯電,33,7,26,群益金鼎-高盛,2024-10-24,9105
2344,華邦電,26,0,26,群益金鼎-高盛,2024-10-24,9105
00927,群益半導體收益,25,0,25,群益金鼎-高盛,2024-10-24,9105
4526,東台,38,13,25,群益金鼎-高盛,2024-10-24,9105
3481,群創,25,1,24,群益金鼎-高盛,2024-10-24,9105
2388,威盛,31,8,23,群益金鼎-高盛,2024-10-24,9105
2329,華泰,23,1,22,群益金鼎-高盛,2024-10-24,9105
3406,玉晶光,20,0,20,群益金鼎-高盛,2024-10-24,9105
2363,矽統,28,10,18,群益金鼎-高盛,2024-10-24,9105
00929,復華台灣科技優息,20,2,18,群益金鼎-高盛,2024-10-24,9105
1597,直得,19,2,17,群益金鼎-高盛,2024-10-24,9105
4919,新唐,17,0,17,群益金鼎-高盛,2024-10-24,9105
00795B,中信美國公債20年,16,0,16,群益金鼎-高盛,2024-10-24,9105
1605,華新,16,0,16,群益金鼎-高盛,2024-10-24,9105
2890,永豐金,20,4,16,群益金鼎-高盛,2024-10-24,9105
3296,勝德,16,0,16,群益金鼎-高盛,2024-10-24,9105
2887,台新金,15,0,15,群益金鼎-高盛,2024-10-24,9105
1528,恩德,45,30,15,群益金鼎-高盛,2024-10-24,9105
3209,全科,22,8,14,群益金鼎-高盛,2024-10-24,9105
8374,羅昇,14,0,14,群益金鼎-高盛,2024-10-24,9105
2882,國泰金,13,0,13,群益金鼎-高盛,2024-10-24,9105
00688L,國泰20年美債正2,45,32,13,群益金鼎-高盛,2024-10-24,9105
6770,力積電,13,1,12,群益金鼎-高盛,2024-10-24,9105
2365,昆盈,36,24,12,群益金鼎-高盛,2024-10-24,9105
3035,智原,11,0,11,群益金鼎-高盛,2024-10-24,9105
8096,擎亞,11,0,11,群益金鼎-高盛,2024-10-24,9105
2382,廣達,12,2,10,群益金鼎-高盛,2024-10-24,9105
8032,光菱,25,15,10,群益金鼎-高盛,2024-10-24,9105
00945B,凱基美國非投等債,10,0,10,群益金鼎-高盛,2024-10-24,9105
2383,台光電,11,1,10,群益金鼎-高盛,2024-10-24,9105
00948B,中信優息投資級債,10,0,10,群益金鼎-高盛,2024-10-24,9105
5483,中美晶,10,0,10,群益金鼎-高盛,2024-10-24,9105
2489,瑞軒,34,25,9,群益金鼎-高盛,2024-10-24,9105
00665L,富邦�琤肭磪囓�2,9,0,9,群益金鼎-高盛,2024-10-24,9105
3535,晶彩科,35,26,9,群益金鼎-高盛,2024-10-24,9105
4938,和碩,10,1,9,群益金鼎-高盛,2024-10-24,9105
6104,創惟,12,3,9,群益金鼎-高盛,2024-10-24,9105
00715L,期街口布蘭特正2,278,0,278,群益金鼎-高盛,2024-10-25,9105
9105,泰金寶-DR,254,1,253,群益金鼎-高盛,2024-10-25,9105
00688L,國泰20年美債正2,106,8,98,群益金鼎-高盛,2024-10-25,9105
00946,群益科技高息成長,98,4,94,群益金鼎-高盛,2024-10-25,9105
2646,星宇航空,122,89,33,群益金鼎-高盛,2024-10-25,9105
2867,三商壽,42,10,32,群益金鼎-高盛,2024-10-25,9105
8028,昇陽半導體,26,1,25,群益金鼎-高盛,2024-10-25,9105
4303,信立,25,1,24,群益金鼎-高盛,2024-10-25,9105
00895,富邦未來車,20,0,20,群益金鼎-高盛,2024-10-25,9105
2888,新光金,20,0,20,群益金鼎-高盛,2024-10-25,9105
6142,友勁,27,7,20,群益金鼎-高盛,2024-10-25,9105
6770,力積電,19,0,19,群益金鼎-高盛,2024-10-25,9105
2515,中工,18,0,18,群益金鼎-高盛,2024-10-25,9105
2303,聯電,22,5,17,群益金鼎-高盛,2024-10-25,9105
2883B,凱基金乙特,16,0,16,群益金鼎-高盛,2024-10-25,9105
1314,中石化,15,0,15,群益金鼎-高盛,2024-10-25,9105
2488,漢平,15,0,15,群益金鼎-高盛,2024-10-25,9105
6658,聯策,15,1,14,群益金鼎-高盛,2024-10-25,9105
00680L,元大美債20正2,13,0,13,群益金鼎-高盛,2024-10-25,9105
1464,得力,13,0,13,群益金鼎-高盛,2024-10-25,9105
00632R,元大台灣50反1,27,15,12,群益金鼎-高盛,2024-10-25,9105
2489,瑞軒,29,18,11,群益金鼎-高盛,2024-10-25,9105
00706L,期元大S＆P日圓正2,11,0,11,群益金鼎-高盛,2024-10-25,9105
00948B,中信優息投資級債,11,0,11,群益金鼎-高盛,2024-10-25,9105
1536,和大,17,6,11,群益金鼎-高盛,2024-10-25,9105
00945B,凱基美國非投等債,11,0,11,群益金鼎-高盛,2024-10-25,9105
2312,金寶,26,16,10,群益金鼎-高盛,2024-10-25,9105
2883,凱基金,12,2,10,群益金鼎-高盛,2024-10-25,9105
00712,復華富時不動產,10,0,10,群益金鼎-高盛,2024-10-25,9105
00918,大華優利高填息30,10,0,10,群益金鼎-高盛,2024-10-25,9105
1432,大魯閣,10,0,10,群益金鼎-高盛,2024-10-25,9105
2014,中鴻,10,0,10,群益金鼎-高盛,2024-10-25,9105
00887,永豐中國科技50大,11,2,9,群益金鼎-高盛,2024-10-25,9105
4919,新唐,42,34,8,群益金鼎-高盛,2024-10-25,9105
00929,復華台灣科技優息,9,1,8,群益金鼎-高盛,2024-10-25,9105
2344,華邦電,8,0,8,群益金鼎-高盛,2024-10-25,9105
2426,鼎元,8,0,8,群益金鼎-高盛,2024-10-25,9105
4530,宏易,8,0,8,群益金鼎-高盛,2024-10-25,9105
4545,銘鈺,31,23,8,群益金鼎-高盛,2024-10-25,9105
5328,華容,8,0,8,群益金鼎-高盛,2024-10-25,9105
3081,聯亞,14,6,8,群益金鼎-高盛,2024-10-25,9105
2464,盟立,11,4,7,群益金鼎-高盛,2024-10-25,9105
00738U,期元大道瓊白銀,7,0,7,群益金鼎-高盛,2024-10-25,9105
2388,威盛,19,12,7,群益金鼎-高盛,2024-10-25,9105
2402,毅嘉,7,0,7,群益金鼎-高盛,2024-10-25,9105
8404,百和興業-KY,7,0,7,群益金鼎-高盛,2024-10-25,9105
6223,旺矽,6,0,6,群益金鼎-高盛,2024-10-25,9105
2609,陽明,18,12,6,群益金鼎-高盛,2024-10-25,9105
1711,永光,6,0,6,群益金鼎-高盛,2024-10-25,9105
3710,連展投控,10,4,6,群益金鼎-高盛,2024-10-25,9105
2888,新光金,307,0,307,群益金鼎-高盛,2024-10-28,9105
00948B,中信優息投資級債,42,0,42,群益金鼎-高盛,2024-10-28,9105
2303,聯電,71,34,37,群益金鼎-高盛,2024-10-28,9105
00930,永豐ESG低碳高息,33,0,33,群益金鼎-高盛,2024-10-28,9105
00937B,群益ESG投等債20,31,0,31,群益金鼎-高盛,2024-10-28,9105
0056,元大高股息,26,0,26,群益金鼎-高盛,2024-10-28,9105
00715L,期街口布蘭特正2,25,0,25,群益金鼎-高盛,2024-10-28,9105
00887,永豐中國科技50大,27,2,25,群益金鼎-高盛,2024-10-28,9105
00679B,元大美債20年,24,1,23,群益金鼎-高盛,2024-10-28,9105
3710,連展投控,21,0,21,群益金鼎-高盛,2024-10-28,9105
00665L,富邦�琤肭磪囓�2,20,0,20,群益金鼎-高盛,2024-10-28,9105
00922,國泰台灣領袖50,20,0,20,群益金鼎-高盛,2024-10-28,9105
00943,兆豐電子高息等權,20,0,20,群益金鼎-高盛,2024-10-28,9105
6835,圓裕,24,4,20,群益金鼎-高盛,2024-10-28,9105
1307,三芳,15,0,15,群益金鼎-高盛,2024-10-28,9105
2615,萬海,29,14,15,群益金鼎-高盛,2024-10-28,9105
3011,今皓,20,5,15,群益金鼎-高盛,2024-10-28,9105
00927,群益半導體收益,14,0,14,群益金鼎-高盛,2024-10-28,9105
2330,台積電,13,1,12,群益金鼎-高盛,2024-10-28,9105
00687B,國泰20年美債,43,31,12,群益金鼎-高盛,2024-10-28,9105
8249,菱光,65,53,12,群益金鼎-高盛,2024-10-28,9105
2365,昆盈,14,3,11,群益金鼎-高盛,2024-10-28,9105
3006,晶豪科,11,0,11,群益金鼎-高盛,2024-10-28,9105
3311,閎暉,17,6,11,群益金鼎-高盛,2024-10-28,9105
3481,群創,17,6,11,群益金鼎-高盛,2024-10-28,9105
6288,聯嘉,44,33,11,群益金鼎-高盛,2024-10-28,9105
3290,東浦,11,1,10,群益金鼎-高盛,2024-10-28,9105
1216,統一,10,0,10,群益金鼎-高盛,2024-10-28,9105
2465,麗臺,10,0,10,群益金鼎-高盛,2024-10-28,9105
2867,三商壽,10,0,10,群益金鼎-高盛,2024-10-28,9105
3296,勝德,13,3,10,群益金鼎-高盛,2024-10-28,9105
3551,世禾,13,3,10,群益金鼎-高盛,2024-10-28,9105
6158,禾昌,10,0,10,群益金鼎-高盛,2024-10-28,9105
8432,東生華,10,0,10,群益金鼎-高盛,2024-10-28,9105
00929,復華台灣科技優息,18,10,8,群益金鼎-高盛,2024-10-28,9105
2302,麗正,29,21,8,群益金鼎-高盛,2024-10-28,9105
5386,青雲,11,3,8,群益金鼎-高盛,2024-10-28,9105
3017,奇鋐,8,0,8,群益金鼎-高盛,2024-10-28,9105
00751B,元大AAA至A公司債,7,0,7,群益金鼎-高盛,2024-10-28,9105
2609,陽明,14,7,7,群益金鼎-高盛,2024-10-28,9105
00706L,期元大S＆P日圓正2,7,0,7,群益金鼎-高盛,2024-10-28,9105
00642U,期元大S＆P石油,7,0,7,群益金鼎-高盛,2024-10-28,9105
5488,松普,18,11,7,群益金鼎-高盛,2024-10-28,9105
3231,緯創,9,3,6,群益金鼎-高盛,2024-10-28,9105
3260,威剛,6,0,6,群益金鼎-高盛,2024-10-28,9105
2477,美隆電,32,26,6,群益金鼎-高盛,2024-10-28,9105
5302,太欣,6,0,6,群益金鼎-高盛,2024-10-28,9105
6213,聯茂,6,0,6,群益金鼎-高盛,2024-10-28,9105
6535,順藥,6,0,6,群益金鼎-高盛,2024-10-28,9105
9105,泰金寶-DR,7,1,6,群益金鼎-高盛,2024-10-28,9105
00932,兆豐永續高息等權,812,0,812,群益金鼎-高盛,2024-10-29,9105
00637L,元大滬深300正2,200,0,200,群益金鼎-高盛,2024-10-29,9105
5880,合庫金,156,0,156,群益金鼎-高盛,2024-10-29,9105
00878,國泰永續高股息,102,0,102,群益金鼎-高盛,2024-10-29,9105
1802,台玻,107,8,99,群益金鼎-高盛,2024-10-29,9105
00919,群益台灣精選高息,127,41,86,群益金鼎-高盛,2024-10-29,9105
0056,元大高股息,63,0,63,群益金鼎-高盛,2024-10-29,9105
4974,亞泰,55,0,55,群益金鼎-高盛,2024-10-29,9105
00715L,期街口布蘭特正2,43,0,43,群益金鼎-高盛,2024-10-29,9105
2646,星宇航空,42,7,35,群益金鼎-高盛,2024-10-29,9105
2303,聯電,41,6,35,群益金鼎-高盛,2024-10-29,9105
00929,復華台灣科技優息,79,51,28,群益金鼎-高盛,2024-10-29,9105
00953B,群益優選非投等債,27,0,27,群益金鼎-高盛,2024-10-29,9105
2883,凱基金,47,20,27,群益金鼎-高盛,2024-10-29,9105
3481,群創,25,1,24,群益金鼎-高盛,2024-10-29,9105
00930,永豐ESG低碳高息,21,0,21,群益金鼎-高盛,2024-10-29,9105
1608,華榮,20,0,20,群益金鼎-高盛,2024-10-29,9105
2208,台船,19,0,19,群益金鼎-高盛,2024-10-29,9105
2388,威盛,21,4,17,群益金鼎-高盛,2024-10-29,9105
2515,中工,16,0,16,群益金鼎-高盛,2024-10-29,9105
2061,風青,16,0,16,群益金鼎-高盛,2024-10-29,9105
00881,國泰台灣5G+,14,0,14,群益金鼎-高盛,2024-10-29,9105
2882,國泰金,14,0,14,群益金鼎-高盛,2024-10-29,9105
6770,力積電,13,0,13,群益金鼎-高盛,2024-10-29,9105
6742,澤米,12,0,12,群益金鼎-高盛,2024-10-29,9105
2834,臺企銀,12,0,12,群益金鼎-高盛,2024-10-29,9105
2330,台積電,16,4,12,群益金鼎-高盛,2024-10-29,9105
1473,台南,11,0,11,群益金鼎-高盛,2024-10-29,9105
00937B,群益ESG投等債20,15,4,11,群益金鼎-高盛,2024-10-29,9105
00961,FT臺灣永續高息,11,0,11,群益金鼎-高盛,2024-10-29,9105
2363,矽統,14,3,11,群益金鼎-高盛,2024-10-29,9105
2408,南亞科,10,0,10,群益金鼎-高盛,2024-10-29,9105
3290,東浦,12,2,10,群益金鼎-高盛,2024-10-29,9105
4526,東台,17,7,10,群益金鼎-高盛,2024-10-29,9105
3711,日月光投控,22,12,10,群益金鼎-高盛,2024-10-29,9105
1213,大飲,10,0,10,群益金鼎-高盛,2024-10-29,9105
3006,晶豪科,10,0,10,群益金鼎-高盛,2024-10-29,9105
4530,宏易,10,0,10,群益金鼎-高盛,2024-10-29,9105
6125,廣運,10,0,10,群益金鼎-高盛,2024-10-29,9105
6156,松上,31,21,10,群益金鼎-高盛,2024-10-29,9105
6133,金橋,78,69,9,群益金鼎-高盛,2024-10-29,9105
3049,精金,9,0,9,群益金鼎-高盛,2024-10-29,9105
00934,中信成長高股息,8,0,8,群益金鼎-高盛,2024-10-29,9105
00905,FT臺灣Smart,9,1,8,群益金鼎-高盛,2024-10-29,9105
3363,上詮,18,10,8,群益金鼎-高盛,2024-10-29,9105
00936,台新永續高息中小,7,0,7,群益金鼎-高盛,2024-10-29,9105
1514,亞力,10,3,7,群益金鼎-高盛,2024-10-29,9105
1605,華新,7,0,7,群益金鼎-高盛,2024-10-29,9105
00675L,富邦臺灣加權正2,9,3,6,群益金鼎-高盛,2024-10-29,9105
2881,富邦金,6,0,6,群益金鼎-高盛,2024-10-29,9105
00929,復華台灣科技優息,82,12,70,群益金鼎-高盛,2024-10-30,9105
3481,群創,76,16,60,群益金鼎-高盛,2024-10-30,9105
00919,群益台灣精選高息,41,2,39,群益金鼎-高盛,2024-10-30,9105
5880,合庫金,34,1,33,群益金鼎-高盛,2024-10-30,9105
0056,元大高股息,30,0,30,群益金鼎-高盛,2024-10-30,9105
2337,旺宏,25,1,24,群益金鼎-高盛,2024-10-30,9105
00712,復華富時不動產,22,0,22,群益金鼎-高盛,2024-10-30,9105
2062,橋椿,21,0,21,群益金鼎-高盛,2024-10-30,9105
6770,力積電,37,17,20,群益金鼎-高盛,2024-10-30,9105
00640L,富邦日本正2,15,0,15,群益金鼎-高盛,2024-10-30,9105
2867,三商壽,13,0,13,群益金鼎-高盛,2024-10-30,9105
3062,建漢,17,4,13,群益金鼎-高盛,2024-10-30,9105
00927,群益半導體收益,13,0,13,群益金鼎-高盛,2024-10-30,9105
3303,岱稜,12,0,12,群益金鼎-高盛,2024-10-30,9105
3518,柏騰,25,13,12,群益金鼎-高盛,2024-10-30,9105
6283,淳安,15,3,12,群益金鼎-高盛,2024-10-30,9105
00878,國泰永續高股息,12,1,11,群益金鼎-高盛,2024-10-30,9105
6234,高僑,10,0,10,群益金鼎-高盛,2024-10-30,9105
00952,凱基台灣AI50,10,0,10,群益金鼎-高盛,2024-10-30,9105
2425,承啟,18,8,10,群益金鼎-高盛,2024-10-30,9105
3232,昱捷,10,0,10,群益金鼎-高盛,2024-10-30,9105
3209,全科,15,5,10,群益金鼎-高盛,2024-10-30,9105
3552,同致,11,1,10,群益金鼎-高盛,2024-10-30,9105
2371,大同,9,0,9,群益金鼎-高盛,2024-10-30,9105
5371,中光電,10,1,9,群益金鼎-高盛,2024-10-30,9105
00922,國泰台灣領袖50,8,0,8,群益金鼎-高盛,2024-10-30,9105
2356,英業達,21,13,8,群益金鼎-高盛,2024-10-30,9105
4113,聯上,8,0,8,群益金鼎-高盛,2024-10-30,9105
6142,友勁,9,1,8,群益金鼎-高盛,2024-10-30,9105
2317,鴻海,14,7,7,群益金鼎-高盛,2024-10-30,9105
00687B,國泰20年美債,24,17,7,群益金鼎-高盛,2024-10-30,9105
3234,光環,7,0,7,群益金鼎-高盛,2024-10-30,9105
8047,星雲,7,0,7,群益金鼎-高盛,2024-10-30,9105
3017,奇鋐,8,1,7,群益金鼎-高盛,2024-10-30,9105
00715L,期街口布蘭特正2,6,0,6,群益金鼎-高盛,2024-10-30,9105
2338,光罩,6,0,6,群益金鼎-高盛,2024-10-30,9105
2431,聯昌,15,9,6,群益金鼎-高盛,2024-10-30,9105
3576,聯合再生,6,0,6,群益金鼎-高盛,2024-10-30,9105
5488,松普,6,0,6,群益金鼎-高盛,2024-10-30,9105
8039,台虹,7,1,6,群益金鼎-高盛,2024-10-30,9105
3037,欣興,18,12,6,群益金鼎-高盛,2024-10-30,9105
1314,中石化,6,1,5,群益金鼎-高盛,2024-10-30,9105
1605,華新,6,1,5,群益金鼎-高盛,2024-10-30,9105
1717,長興,5,0,5,群益金鼎-高盛,2024-10-30,9105
2357,華碩,5,0,5,群益金鼎-高盛,2024-10-30,9105
2884,玉山金,5,0,5,群益金鼎-高盛,2024-10-30,9105
3311,閎暉,7,2,5,群益金鼎-高盛,2024-10-30,9105
4933,友輝,5,0,5,群益金鼎-高盛,2024-10-30,9105
4966,譜瑞-KY,6,1,5,群益金鼎-高盛,2024-10-30,9105
5347,世界,5,0,5,群益金鼎-高盛,2024-10-30,9105
00953B,群益優選非投等債,108,23,85,群益金鼎-高盛,2024-11-01,9105
2317,鴻海,87,10,77,群益金鼎-高盛,2024-11-01,9105
2002,中鋼,56,3,53,群益金鼎-高盛,2024-11-01,9105
2303,聯電,62,10,52,群益金鼎-高盛,2024-11-01,9105
00878,國泰永續高股息,74,28,46,群益金鼎-高盛,2024-11-01,9105
2642,宅配通,44,3,41,群益金鼎-高盛,2024-11-01,9105
2374,佳能,34,0,34,群益金鼎-高盛,2024-11-01,9105
00939,統一台灣高息動能,34,0,34,群益金鼎-高盛,2024-11-01,9105
00680L,元大美債20正2,35,2,33,群益金鼎-高盛,2024-11-01,9105
00960,野村全球航運龍頭,30,0,30,群益金鼎-高盛,2024-11-01,9105
3209,全科,41,12,29,群益金鼎-高盛,2024-11-01,9105
0056,元大高股息,25,1,24,群益金鼎-高盛,2024-11-01,9105
00927,群益半導體收益,23,0,23,群益金鼎-高盛,2024-11-01,9105
00915,凱基優選高股息30,22,0,22,群益金鼎-高盛,2024-11-01,9105
00919,群益台灣精選高息,45,25,20,群益金鼎-高盛,2024-11-01,9105
2816,旺旺保,20,0,20,群益金鼎-高盛,2024-11-01,9105
2330,台積電,19,0,19,群益金鼎-高盛,2024-11-01,9105
2337,旺宏,17,0,17,群益金鼎-高盛,2024-11-01,9105
00948B,中信優息投資級債,17,0,17,群益金鼎-高盛,2024-11-01,9105
3481,群創,18,1,17,群益金鼎-高盛,2024-11-01,9105
00929,復華台灣科技優息,70,54,16,群益金鼎-高盛,2024-11-01,9105
2062,橋椿,15,0,15,群益金鼎-高盛,2024-11-01,9105
6770,力積電,15,1,14,群益金鼎-高盛,2024-11-01,9105
00945B,凱基美國非投等債,14,0,14,群益金鼎-高盛,2024-11-01,9105
00712,復華富時不動產,13,0,13,群益金鼎-高盛,2024-11-01,9105
1528,恩德,25,12,13,群益金鼎-高盛,2024-11-01,9105
00940,元大台灣價值高息,13,0,13,群益金鼎-高盛,2024-11-01,9105
2363,矽統,13,0,13,群益金鼎-高盛,2024-11-01,9105
3490,單井,13,0,13,群益金鼎-高盛,2024-11-01,9105
00946,群益科技高息成長,12,0,12,群益金鼎-高盛,2024-11-01,9105
8043,蜜望實,23,11,12,群益金鼎-高盛,2024-11-01,9105
3047,訊舟,12,1,11,群益金鼎-高盛,2024-11-01,9105
00673R,期元大S＆P原油反1,10,0,10,群益金鼎-高盛,2024-11-01,9105
00665L,富邦�琤肭磪囓�2,10,0,10,群益金鼎-高盛,2024-11-01,9105
00719B,元大美債1-3,10,0,10,群益金鼎-高盛,2024-11-01,9105
1717,長興,10,0,10,群益金鼎-高盛,2024-11-01,9105
2353,宏��,12,2,10,群益金鼎-高盛,2024-11-01,9105
3605,宏致,10,0,10,群益金鼎-高盛,2024-11-01,9105
6216,居易,15,5,10,群益金鼎-高盛,2024-11-01,9105
00912,中信臺灣智慧50,9,0,9,群益金鼎-高盛,2024-11-01,9105
00905,FT臺灣Smart,9,0,9,群益金鼎-高盛,2024-11-01,9105
6257,矽格,9,0,9,群益金鼎-高盛,2024-11-01,9105
2301,光寶科,8,1,7,群益金鼎-高盛,2024-11-01,9105
2884,玉山金,7,0,7,群益金鼎-高盛,2024-11-01,9105
00738U,期元大道瓊白銀,7,0,7,群益金鼎-高盛,2024-11-01,9105
2412,中華電,7,0,7,群益金鼎-高盛,2024-11-01,9105
3455,由田,7,0,7,群益金鼎-高盛,2024-11-01,9105
8358,金居,7,0,7,群益金鼎-高盛,2024-11-01,9105
4532,瑞智,7,0,7,群益金鼎-高盛,2024-11-01,9105
006208,富邦台50,7,0,7,群益金鼎-高盛,2024-11-01,9105
00637L,元大滬深300正2,505,0,505,群益金鼎-高盛,2024-11-04,9105
1314,中石化,301,10,291,群益金鼎-高盛,2024-11-04,9105
00943,兆豐電子高息等權,245,0,245,群益金鼎-高盛,2024-11-04,9105
00930,永豐ESG低碳高息,82,0,82,群益金鼎-高盛,2024-11-04,9105
00919,群益台灣精選高息,59,15,44,群益金鼎-高盛,2024-11-04,9105
6770,力積電,44,2,42,群益金鼎-高盛,2024-11-04,9105
00878,國泰永續高股息,40,0,40,群益金鼎-高盛,2024-11-04,9105
1815,富喬,41,1,40,群益金鼎-高盛,2024-11-04,9105
00937B,群益ESG投等債20,47,7,40,群益金鼎-高盛,2024-11-04,9105
2646,星宇航空,51,12,39,群益金鼎-高盛,2024-11-04,9105
2883,凱基金,41,3,38,群益金鼎-高盛,2024-11-04,9105
2363,矽統,24,0,24,群益金鼎-高盛,2024-11-04,9105
00680L,元大美債20正2,22,0,22,群益金鼎-高盛,2024-11-04,9105
2615,萬海,49,28,21,群益金鼎-高盛,2024-11-04,9105
6133,金橋,37,17,20,群益金鼎-高盛,2024-11-04,9105
2501,國建,20,0,20,群益金鼎-高盛,2024-11-04,9105
00795B,中信美國公債20年,19,0,19,群益金鼎-高盛,2024-11-04,9105
00933B,國泰10Y+金融債,18,0,18,群益金鼎-高盛,2024-11-04,9105
00687B,國泰20年美債,17,0,17,群益金鼎-高盛,2024-11-04,9105
2337,旺宏,16,0,16,群益金鼎-高盛,2024-11-04,9105
00712,復華富時不動產,18,3,15,群益金鼎-高盛,2024-11-04,9105
00751B,元大AAA至A公司債,14,0,14,群益金鼎-高盛,2024-11-04,9105
3605,宏致,14,1,13,群益金鼎-高盛,2024-11-04,9105
00706L,期元大S＆P日圓正2,13,0,13,群益金鼎-高盛,2024-11-04,9105
3006,晶豪科,11,0,11,群益金鼎-高盛,2024-11-04,9105
6187,萬潤,11,0,11,群益金鼎-高盛,2024-11-04,9105
3711,日月光投控,17,7,10,群益金鼎-高盛,2024-11-04,9105
00932,兆豐永續高息等權,10,0,10,群益金鼎-高盛,2024-11-04,9105
2867,三商壽,10,0,10,群益金鼎-高盛,2024-11-04,9105
5603,陸海,10,0,10,群益金鼎-高盛,2024-11-04,9105
2431,聯昌,83,74,9,群益金鼎-高盛,2024-11-04,9105
2609,陽明,48,40,8,群益金鼎-高盛,2024-11-04,9105
3037,欣興,8,1,7,群益金鼎-高盛,2024-11-04,9105
3167,大量,19,12,7,群益金鼎-高盛,2024-11-04,9105
3581,博磊,11,4,7,群益金鼎-高盛,2024-11-04,9105
8249,菱光,53,46,7,群益金鼎-高盛,2024-11-04,9105
1528,恩德,27,20,7,群益金鼎-高盛,2024-11-04,9105
00679B,元大美債20年,6,0,6,群益金鼎-高盛,2024-11-04,9105
00636,國泰中國A50,6,0,6,群益金鼎-高盛,2024-11-04,9105
2328,廣宇,7,1,6,群益金鼎-高盛,2024-11-04,9105
2477,美隆電,9,3,6,群益金鼎-高盛,2024-11-04,9105
4961,天鈺,6,0,6,群益金鼎-高盛,2024-11-04,9105
6134,萬旭,25,19,6,群益金鼎-高盛,2024-11-04,9105
6216,居易,9,3,6,群益金鼎-高盛,2024-11-04,9105
00891,中信關鍵半導體,5,0,5,群益金鼎-高盛,2024-11-04,9105
00725B,國泰投資級公司債,5,0,5,群益金鼎-高盛,2024-11-04,9105
2353,宏��,7,2,5,群益金鼎-高盛,2024-11-04,9105
2388,威盛,13,8,5,群益金鼎-高盛,2024-11-04,9105
3025,星通,5,0,5,群益金鼎-高盛,2024-11-04,9105
3149,正達,6,1,5,群益金鼎-高盛,2024-11-04,9105
00943,兆豐電子高息等權,206,0,206,群益金鼎-高盛,2024-11-05,9105
00933B,國泰10Y+金融債,50,0,50,群益金鼎-高盛,2024-11-05,9105
00680L,元大美債20正2,35,0,35,群益金鼎-高盛,2024-11-05,9105
00632R,元大台灣50反1,43,10,33,群益金鼎-高盛,2024-11-05,9105
2317,鴻海,33,11,22,群益金鼎-高盛,2024-11-05,9105
2834,臺企銀,20,0,20,群益金鼎-高盛,2024-11-05,9105
00930,永豐ESG低碳高息,20,0,20,群益金鼎-高盛,2024-11-05,9105
1337,再生-KY,20,0,20,群益金鼎-高盛,2024-11-05,9105
2303,聯電,36,17,19,群益金鼎-高盛,2024-11-05,9105
2501,國建,19,0,19,群益金鼎-高盛,2024-11-05,9105
3049,精金,28,10,18,群益金鼎-高盛,2024-11-05,9105
6770,力積電,17,0,17,群益金鼎-高盛,2024-11-05,9105
00679B,元大美債20年,18,2,16,群益金鼎-高盛,2024-11-05,9105
00948B,中信優息投資級債,15,0,15,群益金鼎-高盛,2024-11-05,9105
5876,上海商銀,15,0,15,群益金鼎-高盛,2024-11-05,9105
2393,億光,14,0,14,群益金鼎-高盛,2024-11-05,9105
00713,元大台灣高息低波,13,0,13,群益金鼎-高盛,2024-11-05,9105
2883,凱基金,14,1,13,群益金鼎-高盛,2024-11-05,9105
1307,三芳,23,10,13,群益金鼎-高盛,2024-11-05,9105
3711,日月光投控,16,3,13,群益金鼎-高盛,2024-11-05,9105
4903,聯光通,39,27,12,群益金鼎-高盛,2024-11-05,9105
00712,復華富時不動產,11,0,11,群益金鼎-高盛,2024-11-05,9105
2354,鴻準,187,176,11,群益金鼎-高盛,2024-11-05,9105
3605,宏致,10,0,10,群益金鼎-高盛,2024-11-05,9105
4956,光鋐,28,18,10,群益金鼎-高盛,2024-11-05,9105
1473,台南,9,0,9,群益金鼎-高盛,2024-11-05,9105
3706,神達,10,1,9,群益金鼎-高盛,2024-11-05,9105
6854,錼創科技-KY創,8,0,8,群益金鼎-高盛,2024-11-05,9105
2613,中櫃,17,9,8,群益金鼎-高盛,2024-11-05,9105
00937B,群益ESG投等債20,7,0,7,群益金鼎-高盛,2024-11-05,9105
00927,群益半導體收益,7,0,7,群益金鼎-高盛,2024-11-05,9105
2606,裕民,6,0,6,群益金鼎-高盛,2024-11-05,9105
00687B,國泰20年美債,15,9,6,群益金鼎-高盛,2024-11-05,9105
2115,六暉-KY,6,0,6,群益金鼎-高盛,2024-11-05,9105
1101,台泥,9,3,6,群益金鼎-高盛,2024-11-05,9105
00673R,期元大S＆P原油反1,5,0,5,群益金鼎-高盛,2024-11-05,9105
00795B,中信美國公債20年,5,0,5,群益金鼎-高盛,2024-11-05,9105
2332,友訊,5,0,5,群益金鼎-高盛,2024-11-05,9105
2477,美隆電,15,10,5,群益金鼎-高盛,2024-11-05,9105
2617,台航,5,0,5,群益金鼎-高盛,2024-11-05,9105
2637,慧洋-KY,5,0,5,群益金鼎-高盛,2024-11-05,9105
2880,華南金,5,0,5,群益金鼎-高盛,2024-11-05,9105
2929,淘帝-KY,5,0,5,群益金鼎-高盛,2024-11-05,9105
4430,耀億,5,0,5,群益金鼎-高盛,2024-11-05,9105
4513,福裕,5,0,5,群益金鼎-高盛,2024-11-05,9105
4530,宏易,5,0,5,群益金鼎-高盛,2024-11-05,9105
8033,雷虎,5,0,5,群益金鼎-高盛,2024-11-05,9105
8044,網家,5,0,5,群益金鼎-高盛,2024-11-05,9105
8131,福懋科,5,0,5,群益金鼎-高盛,2024-11-05,9105
9950,萬國通,5,0,5,群益金鼎-高盛,2024-11-05,9105
00637L,元大滬深300正2,540,304,236,群益金鼎-高盛,2024-11-06,9105
00680L,元大美債20正2,121,0,121,群益金鼎-高盛,2024-11-06,9105
00679B,元大美債20年,61,5,56,群益金鼎-高盛,2024-11-06,9105
3481,群創,53,2,51,群益金鼎-高盛,2024-11-06,9105
9907,統一實,40,0,40,群益金鼎-高盛,2024-11-06,9105
00687B,國泰20年美債,33,0,33,群益金鼎-高盛,2024-11-06,9105
00674R,期元大S＆P黃金反1,22,0,22,群益金鼎-高盛,2024-11-06,9105
00753L,中信中國50正2,520,499,21,群益金鼎-高盛,2024-11-06,9105
00919,群益台灣精選高息,20,0,20,群益金鼎-高盛,2024-11-06,9105
2884,玉山金,20,0,20,群益金鼎-高盛,2024-11-06,9105
8070,長華*,19,0,19,群益金鼎-高盛,2024-11-06,9105
2609,陽明,52,36,16,群益金鼎-高盛,2024-11-06,9105
00795B,中信美國公債20年,14,0,14,群益金鼎-高盛,2024-11-06,9105
2371,大同,14,2,12,群益金鼎-高盛,2024-11-06,9105
2834,臺企銀,12,0,12,群益金鼎-高盛,2024-11-06,9105
00632R,元大台灣50反1,26,15,11,群益金鼎-高盛,2024-11-06,9105
3441,聯一光,11,0,11,群益金鼎-高盛,2024-11-06,9105
00752,中信中國50,10,0,10,群益金鼎-高盛,2024-11-06,9105
00946,群益科技高息成長,10,0,10,群益金鼎-高盛,2024-11-06,9105
2363,矽統,10,0,10,群益金鼎-高盛,2024-11-06,9105
2399,映泰,10,0,10,群益金鼎-高盛,2024-11-06,9105
5460,同協,10,0,10,群益金鼎-高盛,2024-11-06,9105
00931B,統一美債20年,9,0,9,群益金鼎-高盛,2024-11-06,9105
00881,國泰台灣5G+,13,4,9,群益金鼎-高盛,2024-11-06,9105
2419,仲琦,19,10,9,群益金鼎-高盛,2024-11-06,9105
5907,大洋-KY,9,0,9,群益金鼎-高盛,2024-11-06,9105
00937B,群益ESG投等債20,44,35,9,群益金鼎-高盛,2024-11-06,9105
2303,聯電,10,2,8,群益金鼎-高盛,2024-11-06,9105
2324,仁寶,10,2,8,群益金鼎-高盛,2024-11-06,9105
4526,東台,23,15,8,群益金鼎-高盛,2024-11-06,9105
8110,華東,10,2,8,群益金鼎-高盛,2024-11-06,9105
00915,凱基優選高股息30,7,0,7,群益金鼎-高盛,2024-11-06,9105
00712,復華富時不動產,7,0,7,群益金鼎-高盛,2024-11-06,9105
4562,穎漢,12,5,7,群益金鼎-高盛,2024-11-06,9105
5324,士開,7,0,7,群益金鼎-高盛,2024-11-06,9105
6231,系微,7,0,7,群益金鼎-高盛,2024-11-06,9105
1785,光洋科,10,3,7,群益金鼎-高盛,2024-11-06,9105
8249,菱光,36,29,7,群益金鼎-高盛,2024-11-06,9105
2337,旺宏,7,1,6,群益金鼎-高盛,2024-11-06,9105
00960,野村全球航運龍頭,6,0,6,群益金鼎-高盛,2024-11-06,9105
1569,濱川,30,24,6,群益金鼎-高盛,2024-11-06,9105
2317,鴻海,17,11,6,群益金鼎-高盛,2024-11-06,9105
4956,光鋐,8,2,6,群益金鼎-高盛,2024-11-06,9105
1101,台泥,5,0,5,群益金鼎-高盛,2024-11-06,9105
4729,熒茂,5,0,5,群益金鼎-高盛,2024-11-06,9105
2061,風青,5,0,5,群益金鼎-高盛,2024-11-06,9105
2498,宏達電,5,0,5,群益金鼎-高盛,2024-11-06,9105
3060,銘異,5,0,5,群益金鼎-高盛,2024-11-06,9105
3372,典範,5,0,5,群益金鼎-高盛,2024-11-06,9105
4123,晟德,5,0,5,群益金鼎-高盛,2024-11-06,9105
00688L,國泰20年美債正2,206,3,203,群益金鼎-高盛,2024-11-07,9105
2303,聯電,131,22,109,群益金鼎-高盛,2024-11-07,9105
9105,泰金寶-DR,87,21,66,群益金鼎-高盛,2024-11-07,9105
00795B,中信美國公債20年,62,0,62,群益金鼎-高盛,2024-11-07,9105
00632R,元大台灣50反1,64,13,51,群益金鼎-高盛,2024-11-07,9105
2646,星宇航空,56,7,49,群益金鼎-高盛,2024-11-07,9105
00895,富邦未來車,31,0,31,群益金鼎-高盛,2024-11-07,9105
3047,訊舟,36,10,26,群益金鼎-高盛,2024-11-07,9105
2867,三商壽,27,5,22,群益金鼎-高盛,2024-11-07,9105
00673R,期元大S＆P原油反1,20,0,20,群益金鼎-高盛,2024-11-07,9105
2376,技嘉,31,13,18,群益金鼎-高盛,2024-11-07,9105
0056,元大高股息,18,2,16,群益金鼎-高盛,2024-11-07,9105
6457,紘康,14,0,14,群益金鼎-高盛,2024-11-07,9105
2609,陽明,47,34,13,群益金鼎-高盛,2024-11-07,9105
2062,橋椿,22,9,13,群益金鼎-高盛,2024-11-07,9105
2308,台達電,12,0,12,群益金鼎-高盛,2024-11-07,9105
2615,萬海,29,17,12,群益金鼎-高盛,2024-11-07,9105
00669R,國泰美國道瓊反1,12,0,12,群益金鼎-高盛,2024-11-07,9105
2613,中櫃,14,2,12,群益金鼎-高盛,2024-11-07,9105
3011,今皓,13,1,12,群益金鼎-高盛,2024-11-07,9105
2851,中再保,12,0,12,群益金鼎-高盛,2024-11-07,9105
2344,華邦電,14,3,11,群益金鼎-高盛,2024-11-07,9105
2388,威盛,14,3,11,群益金鼎-高盛,2024-11-07,9105
2913,農林,11,0,11,群益金鼎-高盛,2024-11-07,9105
3231,緯創,22,11,11,群益金鼎-高盛,2024-11-07,9105
5460,同協,11,1,10,群益金鼎-高盛,2024-11-07,9105
1337,再生-KY,10,0,10,群益金鼎-高盛,2024-11-07,9105
2331,精英,10,0,10,群益金鼎-高盛,2024-11-07,9105
00713,元大台灣高息低波,13,3,10,群益金鼎-高盛,2024-11-07,9105
2314,台揚,12,3,9,群益金鼎-高盛,2024-11-07,9105
1609,大亞,9,1,8,群益金鼎-高盛,2024-11-07,9105
8070,長華*,7,0,7,群益金鼎-高盛,2024-11-07,9105
3017,奇鋐,8,1,7,群益金鼎-高盛,2024-11-07,9105
1785,光洋科,7,0,7,群益金鼎-高盛,2024-11-07,9105
2603,長榮,16,9,7,群益金鼎-高盛,2024-11-07,9105
2891,中信金,7,0,7,群益金鼎-高盛,2024-11-07,9105
8039,台虹,6,0,6,群益金鼎-高盛,2024-11-07,9105
6791,虎門科技,6,0,6,群益金鼎-高盛,2024-11-07,9105
8261,富鼎,10,4,6,群益金鼎-高盛,2024-11-07,9105
00958B,永豐ESG銀行債15,5,0,5,群益金鼎-高盛,2024-11-07,9105
1473,台南,5,0,5,群益金鼎-高盛,2024-11-07,9105
2006,東和鋼鐵,5,0,5,群益金鼎-高盛,2024-11-07,9105
2355,敬鵬,5,0,5,群益金鼎-高盛,2024-11-07,9105
2399,映泰,50,45,5,群益金鼎-高盛,2024-11-07,9105
3018,隆銘綠能,5,0,5,群益金鼎-高盛,2024-11-07,9105
3189,景碩,12,7,5,群益金鼎-高盛,2024-11-07,9105
4562,穎漢,12,7,5,群益金鼎-高盛,2024-11-07,9105
6235,華孚,8,3,5,群益金鼎-高盛,2024-11-07,9105
2883,凱基金,7,3,4,群益金鼎-高盛,2024-11-07,9105
2406,國碩,5,1,4,群益金鼎-高盛,2024-11-07,9105
00637L,元大滬深300正2,514,1,513,群益金鼎-高盛,2024-11-08,9105
00753L,中信中國50正2,512,10,502,群益金鼎-高盛,2024-11-08,9105
00795B,中信美國公債20年,414,0,414,群益金鼎-高盛,2024-11-08,9105
00643,群益深証中小,400,0,400,群益金鼎-高盛,2024-11-08,9105
3481,群創,325,11,314,群益金鼎-高盛,2024-11-08,9105
00887,永豐中國科技50大,251,0,251,群益金鼎-高盛,2024-11-08,9105
00632R,元大台灣50反1,61,7,54,群益金鼎-高盛,2024-11-08,9105
00929,復華台灣科技優息,52,0,52,群益金鼎-高盛,2024-11-08,9105
00680L,元大美債20正2,46,0,46,群益金鼎-高盛,2024-11-08,9105
3047,訊舟,50,6,44,群益金鼎-高盛,2024-11-08,9105
2354,鴻準,120,84,36,群益金鼎-高盛,2024-11-08,9105
00665L,富邦�琤肭磪囓�2,30,0,30,群益金鼎-高盛,2024-11-08,9105
5258,虹堡,30,0,30,群益金鼎-高盛,2024-11-08,9105
2027,大成鋼,28,1,27,群益金鼎-高盛,2024-11-08,9105
00934,中信成長高股息,25,0,25,群益金鼎-高盛,2024-11-08,9105
2731,雄獅,25,0,25,群益金鼎-高盛,2024-11-08,9105
6182,合晶,23,2,21,群益金鼎-高盛,2024-11-08,9105
2816,旺旺保,20,0,20,群益金鼎-高盛,2024-11-08,9105
8070,長華*,19,0,19,群益金鼎-高盛,2024-11-08,9105
2303,聯電,32,13,19,群益金鼎-高盛,2024-11-08,9105
3062,建漢,80,63,17,群益金鼎-高盛,2024-11-08,9105
9934,成霖,17,0,17,群益金鼎-高盛,2024-11-08,9105
00943,兆豐電子高息等權,16,0,16,群益金鼎-高盛,2024-11-08,9105
00919,群益台灣精選高息,18,2,16,群益金鼎-高盛,2024-11-08,9105
3013,晟銘電,28,14,14,群益金鼎-高盛,2024-11-08,9105
1531,高林股,24,11,13,群益金鼎-高盛,2024-11-08,9105
4958,臻鼎-KY,16,3,13,群益金鼎-高盛,2024-11-08,9105
6190,萬泰科,13,1,12,群益金鼎-高盛,2024-11-08,9105
00687B,國泰20年美債,23,12,11,群益金鼎-高盛,2024-11-08,9105
2337,旺宏,13,2,11,群益金鼎-高盛,2024-11-08,9105
3060,銘異,21,10,11,群益金鼎-高盛,2024-11-08,9105
8074,鉅橡,11,0,11,群益金鼎-高盛,2024-11-08,9105
00878,國泰永續高股息,11,0,11,群益金鼎-高盛,2024-11-08,9105
00932,兆豐永續高息等權,10,0,10,群益金鼎-高盛,2024-11-08,9105
00952,凱基台灣AI50,10,0,10,群益金鼎-高盛,2024-11-08,9105
2344,華邦電,10,0,10,群益金鼎-高盛,2024-11-08,9105
2367,燿華,10,0,10,群益金鼎-高盛,2024-11-08,9105
2734,易飛網,10,0,10,群益金鼎-高盛,2024-11-08,9105
6550,北極星藥業-KY,10,0,10,群益金鼎-高盛,2024-11-08,9105
3596,智易,10,0,10,群益金鼎-高盛,2024-11-08,9105
6269,台郡,9,0,9,群益金鼎-高盛,2024-11-08,9105
6505,台塑化,10,1,9,群益金鼎-高盛,2024-11-08,9105
2353,宏��,19,10,9,群益金鼎-高盛,2024-11-08,9105
2851,中再保,9,0,9,群益金鼎-高盛,2024-11-08,9105
5876,上海商銀,9,0,9,群益金鼎-高盛,2024-11-08,9105
1216,統一,8,0,8,群益金鼎-高盛,2024-11-08,9105
1307,三芳,15,7,8,群益金鼎-高盛,2024-11-08,9105
2834,臺企銀,10,2,8,群益金鼎-高盛,2024-11-08,9105
3501,維熹,9,1,8,群益金鼎-高盛,2024-11-08,9105
8064,東捷,8,0,8,群益金鼎-高盛,2024-11-08,9105
00753L,中信中國50正2,920,214,706,群益金鼎-高盛,2024-11-11,9105
00637L,元大滬深300正2,502,0,502,群益金鼎-高盛,2024-11-11,9105
00930,永豐ESG低碳高息,210,0,210,群益金鼎-高盛,2024-11-11,9105
00943,兆豐電子高息等權,100,0,100,群益金鼎-高盛,2024-11-11,9105
2881,富邦金,101,2,99,群益金鼎-高盛,2024-11-11,9105
00670L,富邦NASDAQ正2,72,0,72,群益金鼎-高盛,2024-11-11,9105
00795B,中信美國公債20年,70,0,70,群益金鼎-高盛,2024-11-11,9105
3481,群創,100,50,50,群益金鼎-高盛,2024-11-11,9105
00878,國泰永續高股息,49,7,42,群益金鼎-高盛,2024-11-11,9105
00715L,期街口布蘭特正2,42,0,42,群益金鼎-高盛,2024-11-11,9105
2882,國泰金,34,0,34,群益金鼎-高盛,2024-11-11,9105
00915,凱基優選高股息30,32,0,32,群益金鼎-高盛,2024-11-11,9105
1702,南僑,30,0,30,群益金鼎-高盛,2024-11-11,9105
2208,台船,34,9,25,群益金鼎-高盛,2024-11-11,9105
00929,復華台灣科技優息,21,0,21,群益金鼎-高盛,2024-11-11,9105
1337,再生-KY,21,0,21,群益金鼎-高盛,2024-11-11,9105
2324,仁寶,25,4,21,群益金鼎-高盛,2024-11-11,9105
00665L,富邦�琤肭磪囓�2,20,0,20,群益金鼎-高盛,2024-11-11,9105
00680L,元大美債20正2,20,0,20,群益金鼎-高盛,2024-11-11,9105
1605,華新,60,40,20,群益金鼎-高盛,2024-11-11,9105
3231,緯創,22,4,18,群益金鼎-高盛,2024-11-11,9105
1540,喬福,17,0,17,群益金鼎-高盛,2024-11-11,9105
2337,旺宏,17,0,17,群益金鼎-高盛,2024-11-11,9105
00919,群益台灣精選高息,16,0,16,群益金鼎-高盛,2024-11-11,9105
6288,聯嘉,17,1,16,群益金鼎-高盛,2024-11-11,9105
006208,富邦台50,15,1,14,群益金鼎-高盛,2024-11-11,9105
8096,擎亞,19,5,14,群益金鼎-高盛,2024-11-11,9105
9941,裕融,13,0,13,群益金鼎-高盛,2024-11-11,9105
1439,雋揚,13,0,13,群益金鼎-高盛,2024-11-11,9105
9934,成霖,13,0,13,群益金鼎-高盛,2024-11-11,9105
2462,良得電,12,1,11,群益金鼎-高盛,2024-11-11,9105
2834,臺企銀,11,0,11,群益金鼎-高盛,2024-11-11,9105
5438,東友,22,11,11,群益金鼎-高盛,2024-11-11,9105
00712,復華富時不動產,10,0,10,群益金鼎-高盛,2024-11-11,9105
2489,瑞軒,16,6,10,群益金鼎-高盛,2024-11-11,9105
00918,大華優利高填息30,10,0,10,群益金鼎-高盛,2024-11-11,9105
00675L,富邦臺灣加權正2,10,0,10,群益金鼎-高盛,2024-11-11,9105
00932,兆豐永續高息等權,10,0,10,群益金鼎-高盛,2024-11-11,9105
2646,星宇航空,10,0,10,群益金鼎-高盛,2024-11-11,9105
3163,波若威,10,0,10,群益金鼎-高盛,2024-11-11,9105
3605,宏致,11,1,10,群益金鼎-高盛,2024-11-11,9105
4916,事欣科,11,1,10,群益金鼎-高盛,2024-11-11,9105
5426,振發,59,49,10,群益金鼎-高盛,2024-11-11,9105
5443,均豪,11,1,10,群益金鼎-高盛,2024-11-11,9105
6598,ABC-KY,10,0,10,群益金鼎-高盛,2024-11-11,9105
6807,峰源-KY,10,0,10,群益金鼎-高盛,2024-11-11,9105
8277,商丞,10,0,10,群益金鼎-高盛,2024-11-11,9105
9921,巨大,10,0,10,群益金鼎-高盛,2024-11-11,9105
2353,宏��,10,0,10,群益金鼎-高盛,2024-11-11,9105
0056,元大高股息,9,0,9,群益金鼎-高盛,2024-11-11,9105
00943,兆豐電子高息等權,441,0,441,群益金鼎-高盛,2024-11-12,9105
00715L,期街口布蘭特正2,363,0,363,群益金鼎-高盛,2024-11-12,9105
00753L,中信中國50正2,310,0,310,群益金鼎-高盛,2024-11-12,9105
00878,國泰永續高股息,142,0,142,群益金鼎-高盛,2024-11-12,9105
2356,英業達,160,42,118,群益金鼎-高盛,2024-11-12,9105
3712,永崴投控,94,4,90,群益金鼎-高盛,2024-11-12,9105
00665L,富邦�琤肭磪囓�2,78,0,78,群益金鼎-高盛,2024-11-12,9105
3481,群創,58,4,54,群益金鼎-高盛,2024-11-12,9105
2330,台積電,55,4,51,群益金鼎-高盛,2024-11-12,9105
00915,凱基優選高股息30,36,0,36,群益金鼎-高盛,2024-11-12,9105
2883,凱基金,38,6,32,群益金鼎-高盛,2024-11-12,9105
00939,統一台灣高息動能,30,1,29,群益金鼎-高盛,2024-11-12,9105
0056,元大高股息,39,14,25,群益金鼎-高盛,2024-11-12,9105
5864,致和證,25,0,25,群益金鼎-高盛,2024-11-12,9105
2317,鴻海,41,17,24,群益金鼎-高盛,2024-11-12,9105
2615,萬海,47,23,24,群益金鼎-高盛,2024-11-12,9105
5871,中租-KY,26,4,22,群益金鼎-高盛,2024-11-12,9105
2449,京元電子,22,1,21,群益金鼎-高盛,2024-11-12,9105
6182,合晶,19,0,19,群益金鼎-高盛,2024-11-12,9105
00946,群益科技高息成長,16,0,16,群益金鼎-高盛,2024-11-12,9105
2520,冠德,15,0,15,群益金鼎-高盛,2024-11-12,9105
2834,臺企銀,15,0,15,群益金鼎-高盛,2024-11-12,9105
6116,彩晶,14,0,14,群益金鼎-高盛,2024-11-12,9105
2419,仲琦,13,0,13,群益金鼎-高盛,2024-11-12,9105
1314,中石化,13,0,13,群益金鼎-高盛,2024-11-12,9105
6505,台塑化,14,1,13,群益金鼎-高盛,2024-11-12,9105
0050,元大台灣50,12,0,12,群益金鼎-高盛,2024-11-12,9105
2208,台船,23,11,12,群益金鼎-高盛,2024-11-12,9105
2340,台亞,12,0,12,群益金鼎-高盛,2024-11-12,9105
3085,新零售,12,0,12,群益金鼎-高盛,2024-11-12,9105
2609,陽明,36,25,11,群益金鼎-高盛,2024-11-12,9105
00934,中信成長高股息,12,0,12,群益金鼎-高盛,2024-11-12,9105
2603,長榮,13,2,11,群益金鼎-高盛,2024-11-12,9105
2913,農林,10,0,10,群益金鼎-高盛,2024-11-12,9105
00706L,期元大S＆P日圓正2,10,0,10,群益金鼎-高盛,2024-11-12,9105
00961,FT臺灣永續高息,10,0,10,群益金鼎-高盛,2024-11-12,9105
2409,友達,10,0,10,群益金鼎-高盛,2024-11-12,9105
2646,星宇航空,10,0,10,群益金鼎-高盛,2024-11-12,9105
3213,茂訊,10,0,10,群益金鼎-高盛,2024-11-12,9105
3416,融程電,10,0,10,群益金鼎-高盛,2024-11-12,9105
5258,虹堡,10,0,10,群益金鼎-高盛,2024-11-12,9105
8182,加高,10,0,10,群益金鼎-高盛,2024-11-12,9105
2702,華園,9,0,9,群益金鼎-高盛,2024-11-12,9105
8096,擎亞,12,3,9,群益金鼎-高盛,2024-11-12,9105
1101,台泥,11,2,9,群益金鼎-高盛,2024-11-12,9105
2387,精元,9,0,9,群益金鼎-高盛,2024-11-12,9105
3018,隆銘綠能,9,0,9,群益金鼎-高盛,2024-11-12,9105
1301,台塑,24,16,8,群益金鼎-高盛,2024-11-12,9105
00918,大華優利高填息30,8,0,8,群益金鼎-高盛,2024-11-12,9105
2492,華新科,8,0,8,群益金鼎-高盛,2024-11-12,9105
00943,兆豐電子高息等權,110,0,110,群益金鼎-高盛,2024-11-13,9105
5880,合庫金,106,0,106,群益金鼎-高盛,2024-11-13,9105
00795B,中信美國公債20年,91,0,91,群益金鼎-高盛,2024-11-13,9105
00878,國泰永續高股息,61,0,61,群益金鼎-高盛,2024-11-13,9105
1569,濱川,58,7,51,群益金鼎-高盛,2024-11-13,9105
2646,星宇航空,56,5,51,群益金鼎-高盛,2024-11-13,9105
00675L,富邦臺灣加權正2,31,2,29,群益金鼎-高盛,2024-11-13,9105
2888,新光金,30,1,29,群益金鼎-高盛,2024-11-13,9105
6163,華電網,44,16,28,群益金鼎-高盛,2024-11-13,9105
2609,陽明,32,8,24,群益金鼎-高盛,2024-11-13,9105
2882,國泰金,24,0,24,群益金鼎-高盛,2024-11-13,9105
00665L,富邦�琤肭磪囓�2,23,0,23,群益金鼎-高盛,2024-11-13,9105
2208,台船,22,0,22,群益金鼎-高盛,2024-11-13,9105
00679B,元大美債20年,24,3,21,群益金鼎-高盛,2024-11-13,9105
2317,鴻海,25,5,20,群益金鼎-高盛,2024-11-13,9105
2330,台積電,22,3,19,群益金鼎-高盛,2024-11-13,9105
2349,錸德,40,21,19,群益金鼎-高盛,2024-11-13,9105
4571,鈞興-KY,15,0,15,群益金鼎-高盛,2024-11-13,9105
2520,冠德,14,0,14,群益金鼎-高盛,2024-11-13,9105
00751B,元大AAA至A公司債,13,0,13,群益金鼎-高盛,2024-11-13,9105
3481,群創,12,0,12,群益金鼎-高盛,2024-11-13,9105
2353,宏��,13,1,12,群益金鼎-高盛,2024-11-13,9105
00940,元大台灣價值高息,11,0,11,群益金鼎-高盛,2024-11-13,9105
3163,波若威,12,1,11,群益金鼎-高盛,2024-11-13,9105
8404,百和興業-KY,11,0,11,群益金鼎-高盛,2024-11-13,9105
5315,光聯,12,1,11,群益金鼎-高盛,2024-11-13,9105
1717,長興,10,0,10,群益金鼎-高盛,2024-11-13,9105
00753L,中信中國50正2,10,0,10,群益金鼎-高盛,2024-11-13,9105
2331,精英,10,0,10,群益金鼎-高盛,2024-11-13,9105
2458,義隆,10,0,10,群益金鼎-高盛,2024-11-13,9105
3710,連展投控,10,0,10,群益金鼎-高盛,2024-11-13,9105
5009,榮剛,10,0,10,群益金鼎-高盛,2024-11-13,9105
00915,凱基優選高股息30,9,0,9,群益金鼎-高盛,2024-11-13,9105
1449,佳和,29,20,9,群益金鼎-高盛,2024-11-13,9105
2027,大成鋼,11,2,9,群益金鼎-高盛,2024-11-13,9105
2329,華泰,9,0,9,群益金鼎-高盛,2024-11-13,9105
5483,中美晶,9,0,9,群益金鼎-高盛,2024-11-13,9105
1802,台玻,8,0,8,群益金鼎-高盛,2024-11-13,9105
2855,統一證,8,0,8,群益金鼎-高盛,2024-11-13,9105
3712,永崴投控,14,6,8,群益金鼎-高盛,2024-11-13,9105
2489,瑞軒,9,2,7,群益金鼎-高盛,2024-11-13,9105
1314,中石化,12,5,7,群益金鼎-高盛,2024-11-13,9105
1301,台塑,14,7,7,群益金鼎-高盛,2024-11-13,9105
1528,恩德,7,0,7,群益金鼎-高盛,2024-11-13,9105
1605,華新,7,0,7,群益金鼎-高盛,2024-11-13,9105
2615,萬海,18,11,7,群益金鼎-高盛,2024-11-13,9105
2883,凱基金,12,5,7,群益金鼎-高盛,2024-11-13,9105
3017,奇鋐,7,0,7,群益金鼎-高盛,2024-11-13,9105
0056,元大高股息,7,0,7,群益金鼎-高盛,2024-11-13,9105
2449,京元電子,9,3,6,群益金鼎-高盛,2024-11-13,9105
3481,群創,475,5,470,群益金鼎-高盛,2024-11-14,9105
00878,國泰永續高股息,241,1,240,群益金鼎-高盛,2024-11-14,9105
6770,力積電,97,7,90,群益金鼎-高盛,2024-11-14,9105
5864,致和證,75,0,75,群益金鼎-高盛,2024-11-14,9105
5880,合庫金,57,0,57,群益金鼎-高盛,2024-11-14,9105
6116,彩晶,40,0,40,群益金鼎-高盛,2024-11-14,9105
00679B,元大美債20年,34,0,34,群益金鼎-高盛,2024-11-14,9105
00919,群益台灣精選高息,30,0,30,群益金鼎-高盛,2024-11-14,9105
00676R,富邦臺灣加權反1,30,0,30,群益金鼎-高盛,2024-11-14,9105
00671R,富邦NASDAQ反1,30,0,30,群益金鼎-高盛,2024-11-14,9105
8011,台通,35,7,28,群益金鼎-高盛,2024-11-14,9105
00680L,元大美債20正2,22,0,22,群益金鼎-高盛,2024-11-14,9105
2884,玉山金,21,0,21,群益金鼎-高盛,2024-11-14,9105
2303,聯電,22,1,21,群益金鼎-高盛,2024-11-14,9105
0056,元大高股息,21,0,21,群益金鼎-高盛,2024-11-14,9105
9907,統一實,20,0,20,群益金鼎-高盛,2024-11-14,9105
00932,兆豐永續高息等權,20,0,20,群益金鼎-高盛,2024-11-14,9105
2419,仲琦,20,0,20,群益金鼎-高盛,2024-11-14,9105
3628,盈正,27,7,20,群益金鼎-高盛,2024-11-14,9105
00895,富邦未來車,18,0,18,群益金鼎-高盛,2024-11-14,9105
00930,永豐ESG低碳高息,19,1,18,群益金鼎-高盛,2024-11-14,9105
6869,雲豹能源,20,3,17,群益金鼎-高盛,2024-11-14,9105
00927,群益半導體收益,26,10,16,群益金鼎-高盛,2024-11-14,9105
00675L,富邦臺灣加權正2,17,2,15,群益金鼎-高盛,2024-11-14,9105
2340,台亞,15,0,15,群益金鼎-高盛,2024-11-14,9105
3518,柏騰,14,0,14,群益金鼎-高盛,2024-11-14,9105
2317,鴻海,20,7,13,群益金鼎-高盛,2024-11-14,9105
2498,宏達電,12,0,12,群益金鼎-高盛,2024-11-14,9105
2344,華邦電,12,0,12,群益金鼎-高盛,2024-11-14,9105
2408,南亞科,11,0,11,群益金鼎-高盛,2024-11-14,9105
00946,群益科技高息成長,11,0,11,群益金鼎-高盛,2024-11-14,9105
3234,光環,11,0,11,群益金鼎-高盛,2024-11-14,9105
4968,立積,22,11,11,群益金鼎-高盛,2024-11-14,9105
1532,勤美,10,0,10,群益金鼎-高盛,2024-11-14,9105
00713,元大台灣高息低波,10,0,10,群益金鼎-高盛,2024-11-14,9105
1337,再生-KY,10,0,10,群益金鼎-高盛,2024-11-14,9105
2014,中鴻,10,0,10,群益金鼎-高盛,2024-11-14,9105
4722,國精化,10,0,10,群益金鼎-高盛,2024-11-14,9105
5009,榮剛,10,0,10,群益金鼎-高盛,2024-11-14,9105
6282,康舒,11,1,10,群益金鼎-高盛,2024-11-14,9105
8261,富鼎,19,9,10,群益金鼎-高盛,2024-11-14,9105
8476,台境*,10,0,10,群益金鼎-高盛,2024-11-14,9105
2101,南港,9,0,9,群益金鼎-高盛,2024-11-14,9105
2376,技嘉,11,2,9,群益金鼎-高盛,2024-11-14,9105
2481,強茂,9,0,9,群益金鼎-高盛,2024-11-14,9105
3034,聯詠,9,0,9,群益金鼎-高盛,2024-11-14,9105
00937B,群益ESG投等債20,11,2,9,群益金鼎-高盛,2024-11-14,9105
2330,台積電,8,0,8,群益金鼎-高盛,2024-11-14,9105
00731,復華富時高息低波,8,0,8,群益金鼎-高盛,2024-11-14,9105
2329,華泰,8,0,8,群益金鼎-高盛,2024-11-14,9105
00937B,群益ESG投等債20,308,0,308,群益金鼎-高盛,2024-11-15,9105
00878,國泰永續高股息,133,7,126,群益金鼎-高盛,2024-11-15,9105
1439,雋揚,60,0,60,群益金鼎-高盛,2024-11-15,9105
00795B,中信美國公債20年,56,0,56,群益金鼎-高盛,2024-11-15,9105
00895,富邦未來車,41,0,41,群益金鼎-高盛,2024-11-15,9105
3481,群創,61,30,31,群益金鼎-高盛,2024-11-15,9105
00632R,元大台灣50反1,30,0,30,群益金鼎-高盛,2024-11-15,9105
2317,鴻海,35,8,27,群益金鼎-高盛,2024-11-15,9105
2382,廣達,39,13,26,群益金鼎-高盛,2024-11-15,9105
2615,萬海,32,14,18,群益金鼎-高盛,2024-11-15,9105
00957B,兆豐US優選投等債,16,0,16,群益金鼎-高盛,2024-11-15,9105
00900,富邦特選高股息30,13,0,13,群益金鼎-高盛,2024-11-15,9105
6505,台塑化,13,0,13,群益金鼎-高盛,2024-11-15,9105
4174,浩鼎,12,0,12,群益金鼎-高盛,2024-11-15,9105
00932,兆豐永續高息等權,11,0,11,群益金鼎-高盛,2024-11-15,9105
2369,菱生,16,5,11,群益金鼎-高盛,2024-11-15,9105
3615,安可,17,6,11,群益金鼎-高盛,2024-11-15,9105
1718,中纖,10,0,10,群益金鼎-高盛,2024-11-15,9105
2387,精元,16,6,10,群益金鼎-高盛,2024-11-15,9105
3498,陽程,10,0,10,群益金鼎-高盛,2024-11-15,9105
6191,精成科,10,0,10,群益金鼎-高盛,2024-11-15,9105
3013,晟銘電,17,7,10,群益金鼎-高盛,2024-11-15,9105
2002,中鋼,9,0,9,群益金鼎-高盛,2024-11-15,9105
3704,合勤控,10,1,9,群益金鼎-高盛,2024-11-15,9105
3580,友威科,25,17,8,群益金鼎-高盛,2024-11-15,9105
2354,鴻準,127,120,7,群益金鼎-高盛,2024-11-15,9105
4729,熒茂,16,9,7,群益金鼎-高盛,2024-11-15,9105
6405,悅城,7,0,7,群益金鼎-高盛,2024-11-15,9105
3090,日電貿,19,13,6,群益金鼎-高盛,2024-11-15,9105
1337,再生-KY,6,0,6,群益金鼎-高盛,2024-11-15,9105
2641,正德,6,0,6,群益金鼎-高盛,2024-11-15,9105
3011,今皓,10,4,6,群益金鼎-高盛,2024-11-15,9105
4413,飛寶企業,6,0,6,群益金鼎-高盛,2024-11-15,9105
8027,鈦昇,6,0,6,群益金鼎-高盛,2024-11-15,9105
3017,奇鋐,7,2,5,群益金鼎-高盛,2024-11-15,9105
00680L,元大美債20正2,7,2,5,群益金鼎-高盛,2024-11-15,9105
00665L,富邦�琤肭磪囓�2,5,0,5,群益金鼎-高盛,2024-11-15,9105
2431,聯昌,8,3,5,群益金鼎-高盛,2024-11-15,9105
2637,慧洋-KY,5,0,5,群益金鼎-高盛,2024-11-15,9105
3048,益登,6,1,5,群益金鼎-高盛,2024-11-15,9105
3557,嘉威,5,0,5,群益金鼎-高盛,2024-11-15,9105
4977,眾達-KY,6,1,5,群益金鼎-高盛,2024-11-15,9105
5324,士開,5,0,5,群益金鼎-高盛,2024-11-15,9105
5426,振發,13,8,5,群益金鼎-高盛,2024-11-15,9105
6727,亞泰金屬,5,0,5,群益金鼎-高盛,2024-11-15,9105
00712,復華富時不動產,4,0,4,群益金鼎-高盛,2024-11-15,9105
3037,欣興,4,0,4,群益金鼎-高盛,2024-11-15,9105
3231,緯創,10,6,4,群益金鼎-高盛,2024-11-15,9105
6216,居易,4,0,4,群益金鼎-高盛,2024-11-15,9105
00887,永豐中國科技50大,4,0,4,群益金鼎-高盛,2024-11-15,9105
00637L,元大滬深300正2,998,898,100,群益金鼎-高盛,2024-11-18,9105
00943,兆豐電子高息等權,96,0,96,群益金鼎-高盛,2024-11-18,9105
2887,台新金,88,0,88,群益金鼎-高盛,2024-11-18,9105
00878,國泰永續高股息,96,35,61,群益金鼎-高盛,2024-11-18,9105
0056,元大高股息,59,0,59,群益金鼎-高盛,2024-11-18,9105
00670L,富邦NASDAQ正2,54,0,54,群益金鼎-高盛,2024-11-18,9105
00930,永豐ESG低碳高息,54,0,54,群益金鼎-高盛,2024-11-18,9105
2421,建準,61,20,41,群益金鼎-高盛,2024-11-18,9105
3303,岱稜,35,0,35,群益金鼎-高盛,2024-11-18,9105
3481,群創,56,23,33,群益金鼎-高盛,2024-11-18,9105
00895,富邦未來車,32,2,30,群益金鼎-高盛,2024-11-18,9105
2347,聯強,30,0,30,群益金鼎-高盛,2024-11-18,9105
2419,仲琦,25,0,25,群益金鼎-高盛,2024-11-18,9105
00887,永豐中國科技50大,1021,999,22,群益金鼎-高盛,2024-11-18,9105
00715L,期街口布蘭特正2,22,0,22,群益金鼎-高盛,2024-11-18,9105
00915,凱基優選高股息30,21,0,21,群益金鼎-高盛,2024-11-18,9105
00929,復華台灣科技優息,125,104,21,群益金鼎-高盛,2024-11-18,9105
2317,鴻海,27,6,21,群益金鼎-高盛,2024-11-18,9105
1815,富喬,20,0,20,群益金鼎-高盛,2024-11-18,9105
00927,群益半導體收益,20,0,20,群益金鼎-高盛,2024-11-18,9105
9907,統一實,20,0,20,群益金鼎-高盛,2024-11-18,9105
1439,雋揚,19,0,19,群益金鼎-高盛,2024-11-18,9105
2312,金寶,118,101,17,群益金鼎-高盛,2024-11-18,9105
9105,泰金寶-DR,39,22,17,群益金鼎-高盛,2024-11-18,9105
00680L,元大美債20正2,15,0,15,群益金鼎-高盛,2024-11-18,9105
1104,環泥,15,0,15,群益金鼎-高盛,2024-11-18,9105
1569,濱川,21,6,15,群益金鼎-高盛,2024-11-18,9105
2353,宏��,16,2,14,群益金鼎-高盛,2024-11-18,9105
2388,威盛,12,0,12,群益金鼎-高盛,2024-11-18,9105
00733,富邦臺灣中小,12,0,12,群益金鼎-高盛,2024-11-18,9105
1513,中興電,11,0,11,群益金鼎-高盛,2024-11-18,9105
00675L,富邦臺灣加權正2,11,0,11,群益金鼎-高盛,2024-11-18,9105
2061,風青,11,0,11,群益金鼎-高盛,2024-11-18,9105
2354,鴻準,72,62,10,群益金鼎-高盛,2024-11-18,9105
2014,中鴻,10,0,10,群益金鼎-高盛,2024-11-18,9105
3049,精金,10,0,10,群益金鼎-高盛,2024-11-18,9105
3438,類比科,10,0,10,群益金鼎-高盛,2024-11-18,9105
8074,鉅橡,10,0,10,群益金鼎-高盛,2024-11-18,9105
2330,台積電,10,0,10,群益金鼎-高盛,2024-11-18,9105
1709,和益,9,0,9,群益金鼎-高盛,2024-11-18,9105
5309,系統電,62,53,9,群益金鼎-高盛,2024-11-18,9105
1229,聯華,8,0,8,群益金鼎-高盛,2024-11-18,9105
3019,亞光,8,0,8,群益金鼎-高盛,2024-11-18,9105
3035,智原,8,0,8,群益金鼎-高盛,2024-11-18,9105
3338,泰碩,24,16,8,群益金鼎-高盛,2024-11-18,9105
4933,友輝,8,0,8,群益金鼎-高盛,2024-11-18,9105
00713,元大台灣高息低波,7,0,7,群益金鼎-高盛,2024-11-18,9105
3290,東浦,7,0,7,群益金鼎-高盛,2024-11-18,9105
4930,燦星網,7,0,7,群益金鼎-高盛,2024-11-18,9105
8935,邦泰,7,0,7,群益金鼎-高盛,2024-11-18,9105
00643,群益深証中小,200,0,200,群益金鼎-高盛,2024-11-19,9105
00887,永豐中國科技50大,601,503,98,群益金鼎-高盛,2024-11-19,9105
2317,鴻海,53,1,52,群益金鼎-高盛,2024-11-19,9105
3006,晶豪科,28,0,28,群益金鼎-高盛,2024-11-19,9105
00878,國泰永續高股息,41,17,24,群益金鼎-高盛,2024-11-19,9105
2349,錸德,84,62,22,群益金鼎-高盛,2024-11-19,9105
2353,宏��,23,1,22,群益金鼎-高盛,2024-11-19,9105
2547,日勝生,20,0,20,群益金鼎-高盛,2024-11-19,9105
6244,茂迪,20,0,20,群益金鼎-高盛,2024-11-19,9105
2369,菱生,24,6,18,群益金鼎-高盛,2024-11-19,9105
2303,聯電,23,8,15,群益金鼎-高盛,2024-11-19,9105
2890,永豐金,14,0,14,群益金鼎-高盛,2024-11-19,9105
3481,群創,18,4,14,群益金鼎-高盛,2024-11-19,9105
00918,大華優利高填息30,13,0,13,群益金鼎-高盛,2024-11-19,9105
2344,華邦電,12,0,12,群益金鼎-高盛,2024-11-19,9105
00637L,元大滬深300正2,1010,998,12,群益金鼎-高盛,2024-11-19,9105
2363,矽統,12,0,12,群益金鼎-高盛,2024-11-19,9105
1439,雋揚,11,0,11,群益金鼎-高盛,2024-11-19,9105
00673R,期元大S＆P原油反1,10,0,10,群益金鼎-高盛,2024-11-19,9105
4766,南寶,11,1,10,群益金鼎-高盛,2024-11-19,9105
4987,科誠,19,9,10,群益金鼎-高盛,2024-11-19,9105
00674R,期元大S＆P黃金反1,8,0,8,群益金鼎-高盛,2024-11-19,9105
2382,廣達,9,1,8,群益金鼎-高盛,2024-11-19,9105
3231,緯創,19,12,7,群益金鼎-高盛,2024-11-19,9105
3017,奇鋐,9,2,7,群益金鼎-高盛,2024-11-19,9105
2929,淘帝-KY,8,1,7,群益金鼎-高盛,2024-11-19,9105
4113,聯上,7,0,7,群益金鼎-高盛,2024-11-19,9105
6558,興能高,7,0,7,群益金鼎-高盛,2024-11-19,9105
4931,新盛力,7,1,6,群益金鼎-高盛,2024-11-19,9105
00915,凱基優選高股息30,6,0,6,群益金鼎-高盛,2024-11-19,9105
00646,元大S＆P500,6,0,6,群益金鼎-高盛,2024-11-19,9105
5347,世界,7,1,6,群益金鼎-高盛,2024-11-19,9105
5465,富驊,7,1,6,群益金鼎-高盛,2024-11-19,9105
8104,錸寶,23,17,6,群益金鼎-高盛,2024-11-19,9105
2027,大成鋼,11,6,5,群益金鼎-高盛,2024-11-19,9105
00932,兆豐永續高息等權,5,0,5,群益金鼎-高盛,2024-11-19,9105
00680L,元大美債20正2,5,0,5,群益金鼎-高盛,2024-11-19,9105
00946,群益科技高息成長,5,0,5,群益金鼎-高盛,2024-11-19,9105
1449,佳和,5,0,5,群益金鼎-高盛,2024-11-19,9105
1532,勤美,5,0,5,群益金鼎-高盛,2024-11-19,9105
2897,王道銀行,5,0,5,群益金鼎-高盛,2024-11-19,9105
4971,IET-KY,5,0,5,群益金鼎-高盛,2024-11-19,9105
6127,九豪,5,0,5,群益金鼎-高盛,2024-11-19,9105
8027,鈦昇,7,2,5,群益金鼎-高盛,2024-11-19,9105
1301,台塑,4,0,4,群益金鼎-高盛,2024-11-19,9105
00881,國泰台灣5G+,4,0,4,群益金鼎-高盛,2024-11-19,9105
00830,國泰費城半導體,4,0,4,群益金鼎-高盛,2024-11-19,9105
00719B,元大美債1-3,4,0,4,群益金鼎-高盛,2024-11-19,9105
2230,泰茂,4,0,4,群益金鼎-高盛,2024-11-19,9105
2387,精元,5,1,4,群益金鼎-高盛,2024-11-19,9105
00953B,群益優選非投等債,202,0,202,群益金鼎-高盛,2024-11-20,9105
2354,鴻準,83,28,55,群益金鼎-高盛,2024-11-20,9105
00948B,中信優息投資級債,55,0,55,群益金鼎-高盛,2024-11-20,9105
00950B,凱基A級公司債,54,0,54,群益金鼎-高盛,2024-11-20,9105
5371,中光電,30,0,30,群益金鼎-高盛,2024-11-20,9105
00643,群益深証中小,28,0,28,群益金鼎-高盛,2024-11-20,9105
00878,國泰永續高股息,24,0,24,群益金鼎-高盛,2024-11-20,9105
2646,星宇航空,24,0,24,群益金鼎-高盛,2024-11-20,9105
2303,聯電,26,3,23,群益金鼎-高盛,2024-11-20,9105
2356,英業達,26,5,21,群益金鼎-高盛,2024-11-20,9105
1337,再生-KY,20,0,20,群益金鼎-高盛,2024-11-20,9105
2601,益航,20,0,20,群益金鼎-高盛,2024-11-20,9105
2444,兆勁,20,0,20,群益金鼎-高盛,2024-11-20,9105
8011,台通,64,45,19,群益金鼎-高盛,2024-11-20,9105
2349,錸德,65,46,19,群益金鼎-高盛,2024-11-20,9105
3706,神達,136,118,18,群益金鼎-高盛,2024-11-20,9105
3303,岱稜,16,0,16,群益金鼎-高盛,2024-11-20,9105
2330,台積電,14,0,14,群益金鼎-高盛,2024-11-20,9105
1413,宏洲,13,0,13,群益金鼎-高盛,2024-11-20,9105
2312,金寶,43,31,12,群益金鼎-高盛,2024-11-20,9105
2605,新興,10,0,10,群益金鼎-高盛,2024-11-20,9105
3006,晶豪科,10,0,10,群益金鼎-高盛,2024-11-20,9105
2317,鴻海,21,11,10,群益金鼎-高盛,2024-11-20,9105
00706L,期元大S＆P日圓正2,10,0,10,群益金鼎-高盛,2024-11-20,9105
00943,兆豐電子高息等權,10,0,10,群益金鼎-高盛,2024-11-20,9105
4722,國精化,10,0,10,群益金鼎-高盛,2024-11-20,9105
8401,白紗科,10,0,10,群益金鼎-高盛,2024-11-20,9105
3481,群創,10,0,10,群益金鼎-高盛,2024-11-20,9105
2890,永豐金,10,1,9,群益金鼎-高盛,2024-11-20,9105
2929,淘帝-KY,10,1,9,群益金鼎-高盛,2024-11-20,9105
3049,精金,10,1,9,群益金鼎-高盛,2024-11-20,9105
2208,台船,8,0,8,群益金鼎-高盛,2024-11-20,9105
3035,智原,10,2,8,群益金鼎-高盛,2024-11-20,9105
3594,磐儀,28,20,8,群益金鼎-高盛,2024-11-20,9105
2882,國泰金,8,0,8,群益金鼎-高盛,2024-11-20,9105
2392,正崴,15,9,6,群益金鼎-高盛,2024-11-20,9105
2408,南亞科,6,0,6,群益金鼎-高盛,2024-11-20,9105
00719B,元大美債1-3,6,0,6,群益金鼎-高盛,2024-11-20,9105
00675L,富邦臺灣加權正2,7,1,6,群益金鼎-高盛,2024-11-20,9105
00959B,大華投等美債15Y+,6,0,6,群益金鼎-高盛,2024-11-20,9105
2402,毅嘉,11,5,6,群益金鼎-高盛,2024-11-20,9105
3011,今皓,8,2,6,群益金鼎-高盛,2024-11-20,9105
3019,亞光,7,1,6,群益金鼎-高盛,2024-11-20,9105
4729,熒茂,15,9,6,群益金鼎-高盛,2024-11-20,9105
5465,富驊,7,1,6,群益金鼎-高盛,2024-11-20,9105
8097,常珵,9,3,6,群益金鼎-高盛,2024-11-20,9105
1618,合機,13,7,6,群益金鼎-高盛,2024-11-20,9105
0056,元大高股息,6,1,5,群益金鼎-高盛,2024-11-20,9105
00752,中信中國50,5,0,5,群益金鼎-高盛,2024-11-20,9105
1216,統一,5,0,5,群益金鼎-高盛,2024-11-20,9105
00959B,大華投等美債15Y+,105,0,105,群益金鼎-高盛,2024-11-21,9105
5880,合庫金,65,0,65,群益金鼎-高盛,2024-11-21,9105
00878,國泰永續高股息,46,4,42,群益金鼎-高盛,2024-11-21,9105
00937B,群益ESG投等債20,64,24,40,群益金鼎-高盛,2024-11-21,9105
1569,濱川,113,73,40,群益金鼎-高盛,2024-11-21,9105
2474,可成,25,0,25,群益金鼎-高盛,2024-11-21,9105
00895,富邦未來車,25,0,25,群益金鼎-高盛,2024-11-21,9105
2881,富邦金,21,0,21,群益金鼎-高盛,2024-11-21,9105
00670L,富邦NASDAQ正2,20,0,20,群益金鼎-高盛,2024-11-21,9105
2105,正新,25,5,20,群益金鼎-高盛,2024-11-21,9105
6191,精成科,18,2,16,群益金鼎-高盛,2024-11-21,9105
2330,台積電,17,3,14,群益金鼎-高盛,2024-11-21,9105
1784,訊聯,13,0,13,群益金鼎-高盛,2024-11-21,9105
2884,玉山金,13,0,13,群益金鼎-高盛,2024-11-21,9105
00632R,元大台灣50反1,63,51,12,群益金鼎-高盛,2024-11-21,9105
3711,日月光投控,13,1,12,群益金鼎-高盛,2024-11-21,9105
6821,聯寶,12,1,11,群益金鼎-高盛,2024-11-21,9105
2002,中鋼,10,0,10,群益金鼎-高盛,2024-11-21,9105
00930,永豐ESG低碳高息,10,0,10,群益金鼎-高盛,2024-11-21,9105
00950B,凱基A級公司債,10,0,10,群益金鼎-高盛,2024-11-21,9105
6763,綠界科技*,10,0,10,群益金鼎-高盛,2024-11-21,9105
00887,永豐中國科技50大,10,1,9,群益金鼎-高盛,2024-11-21,9105
2405,輔信,9,0,9,群益金鼎-高盛,2024-11-21,9105
2855,統一證,9,0,9,群益金鼎-高盛,2024-11-21,9105
1301,台塑,19,11,8,群益金鼎-高盛,2024-11-21,9105
3017,奇鋐,8,0,8,群益金鼎-高盛,2024-11-21,9105
2303,聯電,9,2,7,群益金鼎-高盛,2024-11-21,9105
0056,元大高股息,6,0,6,群益金鼎-高盛,2024-11-21,9105
2852,第一保,6,0,6,群益金鼎-高盛,2024-11-21,9105
2615,萬海,36,30,6,群益金鼎-高盛,2024-11-21,9105
2317,鴻海,14,8,6,群益金鼎-高盛,2024-11-21,9105
00680L,元大美債20正2,5,0,5,群益金鼎-高盛,2024-11-21,9105
00900,富邦特選高股息30,5,0,5,群益金鼎-高盛,2024-11-21,9105
2027,大成鋼,7,2,5,群益金鼎-高盛,2024-11-21,9105
3402,漢科,5,0,5,群益金鼎-高盛,2024-11-21,9105
3623,富晶通,5,0,5,群益金鼎-高盛,2024-11-21,9105
4722,國精化,5,0,5,群益金鼎-高盛,2024-11-21,9105
4987,科誠,5,0,5,群益金鼎-高盛,2024-11-21,9105
8038,長園科,5,0,5,群益金鼎-高盛,2024-11-21,9105
2467,志聖,5,1,4,群益金鼎-高盛,2024-11-21,9105
2371,大同,16,12,4,群益金鼎-高盛,2024-11-21,9105
00894,中信小資高價30,4,0,4,群益金鼎-高盛,2024-11-21,9105
00675L,富邦臺灣加權正2,4,0,4,群益金鼎-高盛,2024-11-21,9105
00939,統一台灣高息動能,4,0,4,群益金鼎-高盛,2024-11-21,9105
2702,華園,4,0,4,群益金鼎-高盛,2024-11-21,9105
3419,譁裕,4,0,4,群益金鼎-高盛,2024-11-21,9105
2886,兆豐金,4,0,4,群益金鼎-高盛,2024-11-21,9105
00915,凱基優選高股息30,3,0,3,群益金鼎-高盛,2024-11-21,9105
2353,宏��,4,1,3,群益金鼎-高盛,2024-11-21,9105
1618,合機,3,0,3,群益金鼎-高盛,2024-11-21,9105
5309,系統電,201,77,124,群益金鼎-高盛,2024-11-22,9105
00927,群益半導體收益,40,0,40,群益金鼎-高盛,2024-11-22,9105
6770,力積電,29,0,29,群益金鼎-高盛,2024-11-22,9105
2516,新建,26,3,23,群益金鼎-高盛,2024-11-22,9105
9105,泰金寶-DR,79,56,23,群益金鼎-高盛,2024-11-22,9105
5398,慕康生醫,32,11,21,群益金鼎-高盛,2024-11-22,9105
1609,大亞,20,3,17,群益金鼎-高盛,2024-11-22,9105
2891,中信金,16,1,15,群益金鼎-高盛,2024-11-22,9105
3015,全漢,26,11,15,群益金鼎-高盛,2024-11-22,9105
00675L,富邦臺灣加權正2,14,0,14,群益金鼎-高盛,2024-11-22,9105
2515,中工,15,1,14,群益金鼎-高盛,2024-11-22,9105
00878,國泰永續高股息,15,3,12,群益金鼎-高盛,2024-11-22,9105
4977,眾達-KY,17,6,11,群益金鼎-高盛,2024-11-22,9105
00650L,復華香港正2,110,100,10,群益金鼎-高盛,2024-11-22,9105
00684R,期元大美元指反1,10,0,10,群益金鼎-高盛,2024-11-22,9105
2061,風青,10,0,10,群益金鼎-高盛,2024-11-22,9105
3702,大聯大,10,0,10,群益金鼎-高盛,2024-11-22,9105
4510,高鋒,10,0,10,群益金鼎-高盛,2024-11-22,9105
9917,中保科,10,0,10,群益金鼎-高盛,2024-11-22,9105
2317,鴻海,9,1,8,群益金鼎-高盛,2024-11-22,9105
00887,永豐中國科技50大,13,5,8,群益金鼎-高盛,2024-11-22,9105
8163,達方,15,7,8,群益金鼎-高盛,2024-11-22,9105
1815,富喬,42,34,8,群益金鼎-高盛,2024-11-22,9105
2609,陽明,20,13,7,群益金鼎-高盛,2024-11-22,9105
2455,全新,7,0,7,群益金鼎-高盛,2024-11-22,9105
6213,聯茂,8,1,7,群益金鼎-高盛,2024-11-22,9105
2528,皇普,6,0,6,群益金鼎-高盛,2024-11-22,9105
6199,天品,6,0,6,群益金鼎-高盛,2024-11-22,9105
2382,廣達,6,1,5,群益金鼎-高盛,2024-11-22,9105
1301,台塑,24,18,6,群益金鼎-高盛,2024-11-22,9105
00919,群益台灣精選高息,5,0,5,群益金鼎-高盛,2024-11-22,9105
00680L,元大美債20正2,5,0,5,群益金鼎-高盛,2024-11-22,9105
2702,華園,5,0,5,群益金鼎-高盛,2024-11-22,9105
2929,淘帝-KY,5,0,5,群益金鼎-高盛,2024-11-22,9105
3402,漢科,5,0,5,群益金鼎-高盛,2024-11-22,9105
4148,全宇生技-KY,5,0,5,群益金鼎-高盛,2024-11-22,9105
4530,宏易,5,0,5,群益金鼎-高盛,2024-11-22,9105
6282,康舒,6,1,5,群益金鼎-高盛,2024-11-22,9105
6285,啟��,5,0,5,群益金鼎-高盛,2024-11-22,9105
6558,興能高,14,9,5,群益金鼎-高盛,2024-11-22,9105
8039,台虹,5,0,5,群益金鼎-高盛,2024-11-22,9105
2884,玉山金,5,0,5,群益金鼎-高盛,2024-11-22,9105
3062,建漢,12,7,5,群益金鼎-高盛,2024-11-22,9105
00673R,期元大S＆P原油反1,4,0,4,群益金鼎-高盛,2024-11-22,9105
6133,金橋,7,3,4,群益金鼎-高盛,2024-11-22,9105
1309,台達化,4,0,4,群益金鼎-高盛,2024-11-22,9105
1532,勤美,4,0,4,群益金鼎-高盛,2024-11-22,9105
2605,新興,9,5,4,群益金鼎-高盛,2024-11-22,9105
2880,華南金,4,0,4,群益金鼎-高盛,2024-11-22,9105
6151,晉倫,5,1,4,群益金鼎-高盛,2024-11-22,9105
00632R,元大台灣50反1,181,0,181,群益金鼎-高盛,2024-11-25,9105
9105,泰金寶-DR,129,9,120,群益金鼎-高盛,2024-11-25,9105
2887,台新金,100,2,98,群益金鼎-高盛,2024-11-25,9105
2312,金寶,217,168,49,群益金鼎-高盛,2024-11-25,9105
1815,富喬,159,124,35,群益金鼎-高盛,2024-11-25,9105
00633L,富邦上証正2,32,0,32,群益金鼎-高盛,2024-11-25,9105
00895,富邦未來車,29,0,29,群益金鼎-高盛,2024-11-25,9105
00669R,國泰美國道瓊反1,20,0,20,群益金鼎-高盛,2024-11-25,9105
00940,元大台灣價值高息,13,0,13,群益金鼎-高盛,2024-11-25,9105
6770,力積電,10,0,10,群益金鼎-高盛,2024-11-25,9105
3163,波若威,13,3,10,群益金鼎-高盛,2024-11-25,9105
6142,友勁,10,0,10,群益金鼎-高盛,2024-11-25,9105
6271,同欣電,11,1,10,群益金鼎-高盛,2024-11-25,9105
2332,友訊,12,3,9,群益金鼎-高盛,2024-11-25,9105
4303,信立,35,26,9,群益金鼎-高盛,2024-11-25,9105
1101,台泥,11,3,8,群益金鼎-高盛,2024-11-25,9105
00882,中信中國高股息,8,0,8,群益金鼎-高盛,2024-11-25,9105
00930,永豐ESG低碳高息,10,2,8,群益金鼎-高盛,2024-11-25,9105
00919,群益台灣精選高息,8,1,7,群益金鼎-高盛,2024-11-25,9105
3499,環天科,7,0,7,群益金鼎-高盛,2024-11-25,9105
8070,長華*,10,3,7,群益金鼎-高盛,2024-11-25,9105
2371,大同,13,7,6,群益金鼎-高盛,2024-11-25,9105
00635U,期元大S＆P黃金,6,0,6,群益金鼎-高盛,2024-11-25,9105
1808,潤隆,6,0,6,群益金鼎-高盛,2024-11-25,9105
2415,錩新,6,0,6,群益金鼎-高盛,2024-11-25,9105
2444,兆勁,6,0,6,群益金鼎-高盛,2024-11-25,9105
4121,優盛,6,0,6,群益金鼎-高盛,2024-11-25,9105
4562,穎漢,18,12,6,群益金鼎-高盛,2024-11-25,9105
8210,勤誠,7,1,6,群益金鼎-高盛,2024-11-25,9105
2603,長榮,24,19,5,群益金鼎-高盛,2024-11-25,9105
6288,聯嘉,6,1,5,群益金鼎-高盛,2024-11-25,9105
00875,國泰網路資安,5,0,5,群益金鼎-高盛,2024-11-25,9105
2012,春雨,5,0,5,群益金鼎-高盛,2024-11-25,9105
2605,新興,7,2,5,群益金鼎-高盛,2024-11-25,9105
2882,國泰金,5,0,5,群益金鼎-高盛,2024-11-25,9105
5202,力新,5,0,5,群益金鼎-高盛,2024-11-25,9105
6425,易發,5,0,5,群益金鼎-高盛,2024-11-25,9105
2449,京元電子,4,0,4,群益金鼎-高盛,2024-11-25,9105
2357,華碩,4,0,4,群益金鼎-高盛,2024-11-25,9105
5871,中租-KY,6,2,4,群益金鼎-高盛,2024-11-25,9105
1473,台南,4,0,4,群益金鼎-高盛,2024-11-25,9105
2328,廣宇,4,0,4,群益金鼎-高盛,2024-11-25,9105
2528,皇普,4,0,4,群益金鼎-高盛,2024-11-25,9105
2702,華園,4,0,4,群益金鼎-高盛,2024-11-25,9105
2888,新光金,25,21,4,群益金鼎-高盛,2024-11-25,9105
6121,新普,4,0,4,群益金鼎-高盛,2024-11-25,9105
6757,台灣虎航,4,0,4,群益金鼎-高盛,2024-11-25,9105
3167,大量,9,5,4,群益金鼎-高盛,2024-11-25,9105
2883,凱基金,15,11,4,群益金鼎-高盛,2024-11-25,9105
3363,上詮,11,7,4,群益金鼎-高盛,2024-11-25,9105
00950B,凱基A級公司債,441,0,441,群益金鼎-高盛,2024-11-26,9105
00637L,元大滬深300正2,1403,1200,203,群益金鼎-高盛,2024-11-26,9105
2887,台新金,124,1,123,群益金鼎-高盛,2024-11-26,9105
1432,大魯閣,110,0,110,群益金鼎-高盛,2024-11-26,9105
3231,緯創,101,3,98,群益金鼎-高盛,2024-11-26,9105
8044,網家,109,23,86,群益金鼎-高盛,2024-11-26,9105
2317,鴻海,68,3,65,群益金鼎-高盛,2024-11-26,9105
00878,國泰永續高股息,43,3,40,群益金鼎-高盛,2024-11-26,9105
5309,系統電,90,55,35,群益金鼎-高盛,2024-11-26,9105
2867,三商壽,26,0,26,群益金鼎-高盛,2024-11-26,9105
00930,永豐ESG低碳高息,22,0,22,群益金鼎-高盛,2024-11-26,9105
3625,西勝,20,0,20,群益金鼎-高盛,2024-11-26,9105
00715L,期街口布蘭特正2,18,0,18,群益金鼎-高盛,2024-11-26,9105
2498,宏達電,20,3,17,群益金鼎-高盛,2024-11-26,9105
00753L,中信中國50正2,15,0,15,群益金鼎-高盛,2024-11-26,9105
2881,富邦金,26,12,14,群益金鼎-高盛,2024-11-26,9105
8429,金麗-KY,14,0,14,群益金鼎-高盛,2024-11-26,9105
2605,新興,14,1,13,群益金鼎-高盛,2024-11-26,9105
2356,英業達,15,4,11,群益金鼎-高盛,2024-11-26,9105
2489,瑞軒,13,2,11,群益金鼎-高盛,2024-11-26,9105
3617,碩天,11,0,11,群益金鼎-高盛,2024-11-26,9105
5460,同協,10,0,10,群益金鼎-高盛,2024-11-26,9105
1304,台聚,10,0,10,群益金鼎-高盛,2024-11-26,9105
2365,昆盈,32,22,10,群益金鼎-高盛,2024-11-26,9105
2883,凱基金,9,0,9,群益金鼎-高盛,2024-11-26,9105
3323,加百裕,81,72,9,群益金鼎-高盛,2024-11-26,9105
00706L,期元大S＆P日圓正2,8,0,8,群益金鼎-高盛,2024-11-26,9105
1721,三晃,8,0,8,群益金鼎-高盛,2024-11-26,9105
2371,大同,11,3,8,群益金鼎-高盛,2024-11-26,9105
2516,新建,49,41,8,群益金鼎-高盛,2024-11-26,9105
2330,台積電,8,0,8,群益金鼎-高盛,2024-11-26,9105
4979,華星光,19,12,7,群益金鼎-高盛,2024-11-26,9105
3017,奇鋐,7,0,7,群益金鼎-高盛,2024-11-26,9105
4956,光鋐,19,12,7,群益金鼎-高盛,2024-11-26,9105
2615,萬海,24,18,6,群益金鼎-高盛,2024-11-26,9105
1540,喬福,28,22,6,群益金鼎-高盛,2024-11-26,9105
2890,永豐金,6,0,6,群益金鼎-高盛,2024-11-26,9105
3447,展達,10,4,6,群益金鼎-高盛,2024-11-26,9105
6285,啟��,6,0,6,群益金鼎-高盛,2024-11-26,9105
8131,福懋科,6,0,6,群益金鼎-高盛,2024-11-26,9105
2312,金寶,113,107,6,群益金鼎-高盛,2024-11-26,9105
2891,中信金,18,12,6,群益金鼎-高盛,2024-11-26,9105
00690,兆豐藍籌30,5,0,5,群益金鼎-高盛,2024-11-26,9105
00738U,期元大道瓊白銀,5,0,5,群益金鼎-高盛,2024-11-26,9105
1201,味全,5,0,5,群益金鼎-高盛,2024-11-26,9105
1439,雋揚,5,0,5,群益金鼎-高盛,2024-11-26,9105
2349,錸德,51,46,5,群益金鼎-高盛,2024-11-26,9105
3162,精確,7,2,5,群益金鼎-高盛,2024-11-26,9105
3499,環天科,5,0,5,群益金鼎-高盛,2024-11-26,9105
4977,眾達-KY,20,15,5,群益金鼎-高盛,2024-11-26,9105
00919,群益台灣精選高息,140,14,126,群益金鼎-高盛,2024-11-27,9105
1312,國喬,100,0,100,群益金鼎-高盛,2024-11-27,9105
00878,國泰永續高股息,81,2,79,群益金鼎-高盛,2024-11-27,9105
2330,台積電,72,0,72,群益金鼎-高盛,2024-11-27,9105
9917,中保科,62,0,62,群益金鼎-高盛,2024-11-27,9105
00637L,元大滬深300正2,1389,1334,55,群益金鼎-高盛,2024-11-27,9105
00960,野村全球航運龍頭,55,0,55,群益金鼎-高盛,2024-11-27,9105
1432,大魯閣,50,0,50,群益金鼎-高盛,2024-11-27,9105
8044,網家,50,8,42,群益金鼎-高盛,2024-11-27,9105
2883,凱基金,40,0,40,群益金鼎-高盛,2024-11-27,9105
3049,精金,42,2,40,群益金鼎-高盛,2024-11-27,9105
0056,元大高股息,38,0,38,群益金鼎-高盛,2024-11-27,9105
00930,永豐ESG低碳高息,33,0,33,群益金鼎-高盛,2024-11-27,9105
2855,統一證,32,0,32,群益金鼎-高盛,2024-11-27,9105
3231,緯創,32,0,32,群益金鼎-高盛,2024-11-27,9105
2515,中工,30,0,30,群益金鼎-高盛,2024-11-27,9105
5371,中光電,30,0,30,群益金鼎-高盛,2024-11-27,9105
2317,鴻海,36,7,29,群益金鼎-高盛,2024-11-27,9105
2609,陽明,49,21,28,群益金鼎-高盛,2024-11-27,9105
00929,復華台灣科技優息,26,0,26,群益金鼎-高盛,2024-11-27,9105
3481,群創,27,1,26,群益金鼎-高盛,2024-11-27,9105
2303,聯電,26,1,25,群益金鼎-高盛,2024-11-27,9105
2603,長榮,24,2,22,群益金鼎-高盛,2024-11-27,9105
3014,聯陽,22,2,20,群益金鼎-高盛,2024-11-27,9105
2412,中華電,20,0,20,群益金鼎-高盛,2024-11-27,9105
6603,富強鑫,20,0,20,群益金鼎-高盛,2024-11-27,9105
2881,富邦金,19,0,19,群益金鼎-高盛,2024-11-27,9105
6558,興能高,136,117,19,群益金鼎-高盛,2024-11-27,9105
6505,台塑化,17,2,15,群益金鼎-高盛,2024-11-27,9105
00940,元大台灣價值高息,24,10,14,群益金鼎-高盛,2024-11-27,9105
6770,力積電,13,0,13,群益金鼎-高盛,2024-11-27,9105
2002,中鋼,10,0,10,群益金鼎-高盛,2024-11-27,9105
3013,晟銘電,10,0,10,群益金鼎-高盛,2024-11-27,9105
2408,南亞科,10,0,10,群益金鼎-高盛,2024-11-27,9105
2601,益航,10,0,10,群益金鼎-高盛,2024-11-27,9105
6584,南俊國際,10,0,10,群益金鼎-高盛,2024-11-27,9105
00918,大華優利高填息30,10,0,10,群益金鼎-高盛,2024-11-27,9105
2409,友達,9,0,9,群益金鼎-高盛,2024-11-27,9105
3494,誠研,9,0,9,群益金鼎-高盛,2024-11-27,9105
5347,世界,12,3,9,群益金鼎-高盛,2024-11-27,9105
4562,穎漢,69,61,8,群益金鼎-高盛,2024-11-27,9105
1711,永光,8,0,8,群益金鼎-高盛,2024-11-27,9105
2329,華泰,8,0,8,群益金鼎-高盛,2024-11-27,9105
3290,東浦,8,0,8,群益金鼎-高盛,2024-11-27,9105
3711,日月光投控,9,2,7,群益金鼎-高盛,2024-11-27,9105
6116,彩晶,7,0,7,群益金鼎-高盛,2024-11-27,9105
2363,矽統,7,0,7,群益金鼎-高盛,2024-11-27,9105
2605,新興,7,0,7,群益金鼎-高盛,2024-11-27,9105
2887,台新金,7,0,7,群益金鼎-高盛,2024-11-27,9105
3296,勝德,8,1,7,群益金鼎-高盛,2024-11-27,9105
3591,艾笛森,246,12,234,群益金鼎-高盛,2024-11-28,9105
1815,富喬,211,132,79,群益金鼎-高盛,2024-11-28,9105
00905,FT臺灣Smart,70,0,70,群益金鼎-高盛,2024-11-28,9105
00878,國泰永續高股息,82,18,64,群益金鼎-高盛,2024-11-28,9105
3481,群創,70,21,49,群益金鼎-高盛,2024-11-28,9105
00919,群益台灣精選高息,64,15,49,群益金鼎-高盛,2024-11-28,9105
00927,群益半導體收益,43,0,43,群益金鼎-高盛,2024-11-28,9105
4510,高鋒,124,81,43,群益金鼎-高盛,2024-11-28,9105
2312,金寶,120,82,38,群益金鼎-高盛,2024-11-28,9105
2014,中鴻,30,0,30,群益金鼎-高盛,2024-11-28,9105
8044,網家,60,33,27,群益金鼎-高盛,2024-11-28,9105
2474,可成,25,0,25,群益金鼎-高盛,2024-11-28,9105
2303,聯電,22,1,21,群益金鼎-高盛,2024-11-28,9105
3711,日月光投控,20,0,20,群益金鼎-高盛,2024-11-28,9105
1337,再生-KY,20,0,20,群益金鼎-高盛,2024-11-28,9105
9917,中保科,20,0,20,群益金鼎-高盛,2024-11-28,9105
5880,合庫金,18,0,18,群益金鼎-高盛,2024-11-28,9105
00680L,元大美債20正2,20,2,18,群益金鼎-高盛,2024-11-28,9105
2883,凱基金,21,6,15,群益金鼎-高盛,2024-11-28,9105
2615,萬海,25,11,14,群益金鼎-高盛,2024-11-28,9105
00918,大華優利高填息30,14,0,14,群益金鼎-高盛,2024-11-28,9105
2208,台船,11,0,11,群益金鼎-高盛,2024-11-28,9105
2323,中環,11,0,11,群益金鼎-高盛,2024-11-28,9105
2331,精英,11,0,11,群益金鼎-高盛,2024-11-28,9105
2332,友訊,26,15,11,群益金鼎-高盛,2024-11-28,9105
2344,華邦電,11,1,10,群益金鼎-高盛,2024-11-28,9105
1432,大魯閣,10,0,10,群益金鼎-高盛,2024-11-28,9105
5009,榮剛,10,0,10,群益金鼎-高盛,2024-11-28,9105
5460,同協,10,0,10,群益金鼎-高盛,2024-11-28,9105
6117,迎廣,10,0,10,群益金鼎-高盛,2024-11-28,9105
2317,鴻海,25,16,9,群益金鼎-高盛,2024-11-28,9105
6770,力積電,10,0,10,群益金鼎-高盛,2024-11-28,9105
2891,中信金,10,0,10,群益金鼎-高盛,2024-11-28,9105
00929,復華台灣科技優息,14,5,9,群益金鼎-高盛,2024-11-28,9105
5871,中租-KY,10,1,9,群益金鼎-高盛,2024-11-28,9105
6706,惠特,8,0,8,群益金鼎-高盛,2024-11-28,9105
1536,和大,28,20,8,群益金鼎-高盛,2024-11-28,9105
8096,擎亞,8,0,8,群益金鼎-高盛,2024-11-28,9105
2605,新興,7,0,7,群益金鼎-高盛,2024-11-28,9105
2419,仲琦,9,2,7,群益金鼎-高盛,2024-11-28,9105
3526,凡甲,8,1,7,群益金鼎-高盛,2024-11-28,9105
00706L,期元大S＆P日圓正2,11,5,6,群益金鼎-高盛,2024-11-28,9105
1605,華新,6,0,6,群益金鼎-高盛,2024-11-28,9105
3162,精確,11,5,6,群益金鼎-高盛,2024-11-28,9105
3296,勝德,6,0,6,群益金鼎-高盛,2024-11-28,9105
2356,英業達,11,5,6,群益金鼎-高盛,2024-11-28,9105
2393,億光,5,0,5,群益金鼎-高盛,2024-11-28,9105
00675L,富邦臺灣加權正2,5,0,5,群益金鼎-高盛,2024-11-28,9105
2345,智邦,6,1,5,群益金鼎-高盛,2024-11-28,9105
2349,錸德,13,8,5,群益金鼎-高盛,2024-11-28,9105
1310,台苯,100,0,100,群益金鼎-高盛,2024-11-29,9105
2883,凱基金,55,1,54,群益金鼎-高盛,2024-11-29,9105
1312,國喬,50,0,50,群益金鼎-高盛,2024-11-29,9105
9105,泰金寶-DR,46,2,44,群益金鼎-高盛,2024-11-29,9105
00665L,富邦�琤肭磪囓�2,40,0,40,群益金鼎-高盛,2024-11-29,9105
2303,聯電,50,10,40,群益金鼎-高盛,2024-11-29,9105
3380,明泰,29,0,29,群益金鼎-高盛,2024-11-29,9105
00930,永豐ESG低碳高息,25,0,25,群益金鼎-高盛,2024-11-29,9105
6116,彩晶,25,0,25,群益金鼎-高盛,2024-11-29,9105
1301,台塑,24,1,23,群益金鼎-高盛,2024-11-29,9105
8044,網家,29,6,23,群益金鼎-高盛,2024-11-29,9105
2881,富邦金,21,0,21,群益金鼎-高盛,2024-11-29,9105
1720,生達,21,0,21,群益金鼎-高盛,2024-11-29,9105
00915,凱基優選高股息30,16,0,16,群益金鼎-高盛,2024-11-29,9105
2312,金寶,18,5,13,群益金鼎-高盛,2024-11-29,9105
4991,環宇-KY,40,28,12,群益金鼎-高盛,2024-11-29,9105
5880,合庫金,13,1,12,群益金鼎-高盛,2024-11-29,9105
00674R,期元大S＆P黃金反1,11,0,11,群益金鼎-高盛,2024-11-29,9105
00905,FT臺灣Smart,11,0,11,群益金鼎-高盛,2024-11-29,9105
2603,長榮,13,3,10,群益金鼎-高盛,2024-11-29,9105
6505,台塑化,12,2,10,群益金鼎-高盛,2024-11-29,9105
2615,萬海,13,3,10,群益金鼎-高盛,2024-11-29,9105
2388,威盛,10,0,10,群益金鼎-高盛,2024-11-29,9105
3043,科風,24,14,10,群益金鼎-高盛,2024-11-29,9105
4971,IET-KY,24,14,10,群益金鼎-高盛,2024-11-29,9105
6118,建達,10,0,10,群益金鼎-高盛,2024-11-29,9105
2547,日勝生,9,0,9,群益金鼎-高盛,2024-11-29,9105
3447,展達,9,0,9,群益金鼎-高盛,2024-11-29,9105
2891,中信金,9,0,9,群益金鼎-高盛,2024-11-29,9105
2330,台積電,23,15,8,群益金鼎-高盛,2024-11-29,9105
3056,富華新,9,1,8,群益金鼎-高盛,2024-11-29,9105
1326,台化,39,32,7,群益金鼎-高盛,2024-11-29,9105
2208,台船,7,0,7,群益金鼎-高盛,2024-11-29,9105
2455,全新,8,1,7,群益金鼎-高盛,2024-11-29,9105
2486,一詮,6,0,6,群益金鼎-高盛,2024-11-29,9105
2882,國泰金,6,0,6,群益金鼎-高盛,2024-11-29,9105
3511,矽瑪,14,8,6,群益金鼎-高盛,2024-11-29,9105
2884,玉山金,6,0,6,群益金鼎-高盛,2024-11-29,9105
2332,友訊,11,6,5,群益金鼎-高盛,2024-11-29,9105
00940,元大台灣價值高息,5,0,5,群益金鼎-高盛,2024-11-29,9105
00637L,元大滬深300正2,255,250,5,群益金鼎-高盛,2024-11-29,9105
2347,聯強,5,0,5,群益金鼎-高盛,2024-11-29,9105
2601,益航,5,0,5,群益金鼎-高盛,2024-11-29,9105
2812,台中銀,5,0,5,群益金鼎-高盛,2024-11-29,9105
2867,三商壽,5,0,5,群益金鼎-高盛,2024-11-29,9105
2892,第一金,5,0,5,群益金鼎-高盛,2024-11-29,9105
3090,日電貿,14,9,5,群益金鼎-高盛,2024-11-29,9105
4933,友輝,5,0,5,群益金鼎-高盛,2024-11-29,9105
00950B,凱基A級公司債,5,1,4,群益金鼎-高盛,2024-11-29,9105
2002,中鋼,5,0,5,群益金鼎-高盛,2024-11-29,9105
00632R,元大台灣50反1,325,0,325,群益金鼎-高盛,2024-12-02,9105
00637L,元大滬深300正2,1497,1198,299,群益金鼎-高盛,2024-12-02,9105
00918,大華優利高填息30,144,10,134,群益金鼎-高盛,2024-12-02,9105
1815,富喬,133,56,77,群益金鼎-高盛,2024-12-02,9105
3024,憶聲,52,3,49,群益金鼎-高盛,2024-12-02,9105
1432,大魯閣,40,0,40,群益金鼎-高盛,2024-12-02,9105
3211,順達,59,29,30,群益金鼎-高盛,2024-12-02,9105
2516,新建,35,10,25,群益金鼎-高盛,2024-12-02,9105
2312,金寶,52,30,22,群益金鼎-高盛,2024-12-02,9105
3380,明泰,24,2,22,群益金鼎-高盛,2024-12-02,9105
00664R,國泰臺灣加權反1,20,0,20,群益金鼎-高盛,2024-12-02,9105
2897,王道銀行,20,0,20,群益金鼎-高盛,2024-12-02,9105
3231,緯創,16,0,16,群益金鼎-高盛,2024-12-02,9105
2637,慧洋-KY,17,1,16,群益金鼎-高盛,2024-12-02,9105
1605,華新,16,1,15,群益金鼎-高盛,2024-12-02,9105
3481,群創,18,6,12,群益金鼎-高盛,2024-12-02,9105
6117,迎廣,12,1,11,群益金鼎-高盛,2024-12-02,9105
2867,三商壽,11,0,11,群益金鼎-高盛,2024-12-02,9105
00680L,元大美債20正2,11,0,11,群益金鼎-高盛,2024-12-02,9105
2388,威盛,11,0,11,群益金鼎-高盛,2024-12-02,9105
9105,泰金寶-DR,73,62,11,群益金鼎-高盛,2024-12-02,9105
3005,神基,10,0,10,群益金鼎-高盛,2024-12-02,9105
00932,兆豐永續高息等權,10,0,10,群益金鼎-高盛,2024-12-02,9105
00688L,國泰20年美債正2,10,0,10,群益金鼎-高盛,2024-12-02,9105
1795,美時,10,0,10,群益金鼎-高盛,2024-12-02,9105
3013,晟銘電,18,8,10,群益金鼎-高盛,2024-12-02,9105
3163,波若威,11,1,10,群益金鼎-高盛,2024-12-02,9105
3454,晶睿,10,0,10,群益金鼎-高盛,2024-12-02,9105
6191,精成科,10,0,10,群益金鼎-高盛,2024-12-02,9105
1536,和大,43,34,9,群益金鼎-高盛,2024-12-02,9105
1540,喬福,10,2,8,群益金鼎-高盛,2024-12-02,9105
1609,大亞,10,2,8,群益金鼎-高盛,2024-12-02,9105
3577,泓格,8,0,8,群益金鼎-高盛,2024-12-02,9105
6456,GIS-KY,8,0,8,群益金鼎-高盛,2024-12-02,9105
3706,神達,69,61,8,群益金鼎-高盛,2024-12-02,9105
2498,宏達電,10,3,7,群益金鼎-高盛,2024-12-02,9105
2929,淘帝-KY,15,8,7,群益金鼎-高盛,2024-12-02,9105
3029,零壹,14,7,7,群益金鼎-高盛,2024-12-02,9105
2385,群光,7,1,6,群益金鼎-高盛,2024-12-02,9105
2392,正崴,10,4,6,群益金鼎-高盛,2024-12-02,9105
2702,華園,6,0,6,群益金鼎-高盛,2024-12-02,9105
4119,旭富,6,0,6,群益金鼎-高盛,2024-12-02,9105
5309,系統電,55,49,6,群益金鼎-高盛,2024-12-02,9105
2501,國建,6,0,6,群益金鼎-高盛,2024-12-02,9105
2337,旺宏,6,0,6,群益金鼎-高盛,2024-12-02,9105
1301,台塑,6,1,5,群益金鼎-高盛,2024-12-02,9105
1710,東聯,5,0,5,群益金鼎-高盛,2024-12-02,9105
00715L,期街口布蘭特正2,5,0,5,群益金鼎-高盛,2024-12-02,9105
2329,華泰,5,0,5,群益金鼎-高盛,2024-12-02,9105
2419,仲琦,11,6,5,群益金鼎-高盛,2024-12-02,9105
00959B,大華投等美債15Y+,196,0,196,群益金鼎-高盛,2024-12-03,9105
00919,群益台灣精選高息,203,12,191,群益金鼎-高盛,2024-12-03,9105
2303,聯電,170,0,170,群益金鼎-高盛,2024-12-03,9105
00632R,元大台灣50反1,102,0,102,群益金鼎-高盛,2024-12-03,9105
2646,星宇航空,78,12,66,群益金鼎-高盛,2024-12-03,9105
00715L,期街口布蘭特正2,51,0,51,群益金鼎-高盛,2024-12-03,9105
00918,大華優利高填息30,99,52,47,群益金鼎-高盛,2024-12-03,9105
2353,宏��,52,5,47,群益金鼎-高盛,2024-12-03,9105
00940,元大台灣價值高息,51,7,44,群益金鼎-高盛,2024-12-03,9105
2317,鴻海,48,5,43,群益金鼎-高盛,2024-12-03,9105
2605,新興,22,0,22,群益金鼎-高盛,2024-12-03,9105
00642U,期元大S＆P石油,20,0,20,群益金鼎-高盛,2024-12-03,9105
1219,福壽,20,0,20,群益金鼎-高盛,2024-12-03,9105
2867,三商壽,20,0,20,群益金鼎-高盛,2024-12-03,9105
00665L,富邦�琤肭磪囓�2,22,3,19,群益金鼎-高盛,2024-12-03,9105
00687B,國泰20年美債,20,2,18,群益金鼎-高盛,2024-12-03,9105
4173,久裕,16,0,16,群益金鼎-高盛,2024-12-03,9105
2385,群光,14,0,14,群益金鼎-高盛,2024-12-03,9105
4977,眾達-KY,20,7,13,群益金鼎-高盛,2024-12-03,9105
2324,仁寶,13,0,13,群益金鼎-高盛,2024-12-03,9105
2890,永豐金,20,8,12,群益金鼎-高盛,2024-12-03,9105
4938,和碩,11,0,11,群益金鼎-高盛,2024-12-03,9105
2327,國巨,15,4,11,群益金鼎-高盛,2024-12-03,9105
3062,建漢,11,0,11,群益金鼎-高盛,2024-12-03,9105
5907,大洋-KY,11,0,11,群益金鼎-高盛,2024-12-03,9105
3005,神基,10,0,10,群益金鼎-高盛,2024-12-03,9105
6133,金橋,10,0,10,群益金鼎-高盛,2024-12-03,9105
00945B,凱基美國非投等債,10,0,10,群益金鼎-高盛,2024-12-03,9105
2014,中鴻,10,0,10,群益金鼎-高盛,2024-12-03,9105
3014,聯陽,10,0,10,群益金鼎-高盛,2024-12-03,9105
3043,科風,10,0,10,群益金鼎-高盛,2024-12-03,9105
1536,和大,25,15,10,群益金鼎-高盛,2024-12-03,9105
2405,輔信,22,13,9,群益金鼎-高盛,2024-12-03,9105
2615,萬海,28,19,9,群益金鼎-高盛,2024-12-03,9105
4510,高鋒,24,15,9,群益金鼎-高盛,2024-12-03,9105
3211,順達,35,26,9,群益金鼎-高盛,2024-12-03,9105
00915,凱基優選高股息30,8,0,8,群益金鼎-高盛,2024-12-03,9105
4119,旭富,12,4,8,群益金鼎-高盛,2024-12-03,9105
00713,元大台灣高息低波,8,0,8,群益金鼎-高盛,2024-12-03,9105
6962,ITH-KY,8,0,8,群益金鼎-高盛,2024-12-03,9105
8097,常珵,8,0,8,群益金鼎-高盛,2024-12-03,9105
3625,西勝,7,0,7,群益金鼎-高盛,2024-12-03,9105
2027,大成鋼,7,0,7,群益金鼎-高盛,2024-12-03,9105
2888,新光金,7,0,7,群益金鼎-高盛,2024-12-03,9105
00675L,富邦臺灣加權正2,6,0,6,群益金鼎-高盛,2024-12-03,9105
3714,富采,8,2,6,群益金鼎-高盛,2024-12-03,9105
4991,環宇-KY,29,23,6,群益金鼎-高盛,2024-12-03,9105
6269,台郡,6,0,6,群益金鼎-高盛,2024-12-03,9105
6763,綠界科技*,6,0,6,群益金鼎-高盛,2024-12-03,9105
6895,宏碩系統,6,0,6,群益金鼎-高盛,2024-12-03,9105
2887,台新金,111,0,111,群益金鼎-高盛,2024-12-04,9105
00940,元大台灣價值高息,100,0,100,群益金鼎-高盛,2024-12-04,9105
00919,群益台灣精選高息,77,6,71,群益金鼎-高盛,2024-12-04,9105
00953B,群益優選非投等債,59,0,59,群益金鼎-高盛,2024-12-04,9105
00687B,國泰20年美債,46,6,40,群益金鼎-高盛,2024-12-04,9105
00918,大華優利高填息30,39,0,39,群益金鼎-高盛,2024-12-04,9105
00679B,元大美債20年,36,2,34,群益金鼎-高盛,2024-12-04,9105
5328,華容,36,5,31,群益金鼎-高盛,2024-12-04,9105
00673R,期元大S＆P原油反1,30,0,30,群益金鼎-高盛,2024-12-04,9105
4173,久裕,29,0,29,群益金鼎-高盛,2024-12-04,9105
2405,輔信,27,1,26,群益金鼎-高盛,2024-12-04,9105
2486,一詮,28,2,26,群益金鼎-高盛,2024-12-04,9105
1301,台塑,44,21,23,群益金鼎-高盛,2024-12-04,9105
5439,高技,31,9,22,群益金鼎-高盛,2024-12-04,9105
2347,聯強,20,0,20,群益金鼎-高盛,2024-12-04,9105
4971,IET-KY,26,9,17,群益金鼎-高盛,2024-12-04,9105
2303,聯電,18,3,15,群益金鼎-高盛,2024-12-04,9105
1536,和大,13,0,13,群益金鼎-高盛,2024-12-04,9105
6558,興能高,59,46,13,群益金鼎-高盛,2024-12-04,9105
00937B,群益ESG投等債20,16,4,12,群益金鼎-高盛,2024-12-04,9105
3323,加百裕,74,62,12,群益金鼎-高盛,2024-12-04,9105
2353,宏��,11,0,11,群益金鼎-高盛,2024-12-04,9105
6134,萬旭,22,12,10,群益金鼎-高盛,2024-12-04,9105
1723,中碳,10,0,10,群益金鼎-高盛,2024-12-04,9105
1802,台玻,12,2,10,群益金鼎-高盛,2024-12-04,9105
3005,神基,10,0,10,群益金鼎-高盛,2024-12-04,9105
3162,精確,10,0,10,群益金鼎-高盛,2024-12-04,9105
6116,彩晶,10,0,10,群益金鼎-高盛,2024-12-04,9105
6506,雙邦,10,0,10,群益金鼎-高盛,2024-12-04,9105
3706,神達,61,51,10,群益金鼎-高盛,2024-12-04,9105
2867,三商壽,10,1,9,群益金鼎-高盛,2024-12-04,9105
2472,立隆電,16,7,9,群益金鼎-高盛,2024-12-04,9105
00713,元大台灣高息低波,9,0,9,群益金鼎-高盛,2024-12-04,9105
3189,景碩,25,16,9,群益金鼎-高盛,2024-12-04,9105
6719,力智,10,1,9,群益金鼎-高盛,2024-12-04,9105
2610,華航,45,36,9,群益金鼎-高盛,2024-12-04,9105
00720B,元大投資級公司債,8,0,8,群益金鼎-高盛,2024-12-04,9105
8104,錸寶,23,15,8,群益金鼎-高盛,2024-12-04,9105
3290,東浦,7,0,7,群益金鼎-高盛,2024-12-04,9105
00751B,元大AAA至A公司債,6,0,6,群益金鼎-高盛,2024-12-04,9105
2457,飛宏,6,0,6,群益金鼎-高盛,2024-12-04,9105
2605,新興,6,0,6,群益金鼎-高盛,2024-12-04,9105
3090,日電貿,8,2,6,群益金鼎-高盛,2024-12-04,9105
3376,新日興,9,3,6,群益金鼎-高盛,2024-12-04,9105
3013,晟銘電,5,0,5,群益金鼎-高盛,2024-12-04,9105
00757,統一FANG+,5,0,5,群益金鼎-高盛,2024-12-04,9105
1795,美時,5,0,5,群益金鼎-高盛,2024-12-04,9105
1809,中釉,5,0,5,群益金鼎-高盛,2024-12-04,9105
2413,環科,6,1,5,群益金鼎-高盛,2024-12-04,9105
2547,日勝生,5,0,5,群益金鼎-高盛,2024-12-04,9105
00753L,中信中國50正2,1300,0,1300,群益金鼎-高盛,2024-12-05,9105
00637L,元大滬深300正2,1996,1198,798,群益金鼎-高盛,2024-12-05,9105
00687B,國泰20年美債,175,1,174,群益金鼎-高盛,2024-12-05,9105
00715L,期街口布蘭特正2,70,0,70,群益金鼎-高盛,2024-12-05,9105
00665L,富邦�琤肭磪囓�2,68,0,68,群益金鼎-高盛,2024-12-05,9105
1301,台塑,64,0,64,群益金鼎-高盛,2024-12-05,9105
2303,聯電,24,0,24,群益金鼎-高盛,2024-12-05,9105
00909,國泰數位支付服務,38,17,21,群益金鼎-高盛,2024-12-05,9105
1513,中興電,21,0,21,群益金鼎-高盛,2024-12-05,9105
6168,宏齊,20,0,20,群益金鼎-高盛,2024-12-05,9105
1815,富喬,79,60,19,群益金鼎-高盛,2024-12-05,9105
2515,中工,18,0,18,群益金鼎-高盛,2024-12-05,9105
1314,中石化,17,0,17,群益金鼎-高盛,2024-12-05,9105
2317,鴻海,19,3,16,群益金鼎-高盛,2024-12-05,9105
3481,群創,21,5,16,群益金鼎-高盛,2024-12-05,9105
8042,金山電,36,20,16,群益金鼎-高盛,2024-12-05,9105
2374,佳能,15,0,15,群益金鼎-高盛,2024-12-05,9105
2312,金寶,19,4,15,群益金鼎-高盛,2024-12-05,9105
00713,元大台灣高息低波,14,0,14,群益金鼎-高盛,2024-12-05,9105
2337,旺宏,15,1,14,群益金鼎-高盛,2024-12-05,9105
4510,高鋒,21,8,13,群益金鼎-高盛,2024-12-05,9105
2388,威盛,12,0,12,群益金鼎-高盛,2024-12-05,9105
6411,晶焱,12,0,12,群益金鼎-高盛,2024-12-05,9105
3455,由田,11,0,11,群益金鼎-高盛,2024-12-05,9105
8070,長華*,12,1,11,群益金鼎-高盛,2024-12-05,9105
1605,華新,10,0,10,群益金鼎-高盛,2024-12-05,9105
00642U,期元大S＆P石油,10,0,10,群益金鼎-高盛,2024-12-05,9105
2855,統一證,10,0,10,群益金鼎-高盛,2024-12-05,9105
2890,永豐金,10,0,10,群益金鼎-高盛,2024-12-05,9105
3362,先進光,10,0,10,群益金鼎-高盛,2024-12-05,9105
5457,宣德,14,4,10,群益金鼎-高盛,2024-12-05,9105
6257,矽格,13,3,10,群益金鼎-高盛,2024-12-05,9105
2371,大同,19,10,9,群益金鼎-高盛,2024-12-05,9105
2601,益航,10,1,9,群益金鼎-高盛,2024-12-05,9105
1303,南亞,34,24,10,群益金鼎-高盛,2024-12-05,9105
3511,矽瑪,19,10,9,群益金鼎-高盛,2024-12-05,9105
5871,中租-KY,10,1,9,群益金鼎-高盛,2024-12-05,9105
4729,熒茂,14,6,8,群益金鼎-高盛,2024-12-05,9105
6104,創惟,19,11,8,群益金鼎-高盛,2024-12-05,9105
2474,可成,8,0,8,群益金鼎-高盛,2024-12-05,9105
2204,中華,8,0,8,群益金鼎-高盛,2024-12-05,9105
2516,新建,8,0,8,群益金鼎-高盛,2024-12-05,9105
3548,兆利,9,1,8,群益金鼎-高盛,2024-12-05,9105
3211,順達,44,37,7,群益金鼎-高盛,2024-12-05,9105
2392,正崴,21,14,7,群益金鼎-高盛,2024-12-05,9105
2413,環科,7,0,7,群益金鼎-高盛,2024-12-05,9105
5907,大洋-KY,10,3,7,群益金鼎-高盛,2024-12-05,9105
2330,台積電,16,9,7,群益金鼎-高盛,2024-12-05,9105
3706,神達,33,27,6,群益金鼎-高盛,2024-12-05,9105
2615,萬海,24,18,6,群益金鼎-高盛,2024-12-05,9105
1815,富喬,163,51,112,群益金鼎-高盛,2024-12-06,9105
1326,台化,56,0,56,群益金鼎-高盛,2024-12-06,9105
1301,台塑,74,22,52,群益金鼎-高盛,2024-12-06,9105
9917,中保科,50,0,50,群益金鼎-高盛,2024-12-06,9105
4956,光鋐,48,7,41,群益金鼎-高盛,2024-12-06,9105
2312,金寶,36,5,31,群益金鼎-高盛,2024-12-06,9105
2354,鴻準,110,84,26,群益金鼎-高盛,2024-12-06,9105
9942,茂順,21,0,21,群益金鼎-高盛,2024-12-06,9105
4971,IET-KY,21,1,20,群益金鼎-高盛,2024-12-06,9105
00715L,期街口布蘭特正2,19,0,19,群益金鼎-高盛,2024-12-06,9105
6962,ITH-KY,19,1,18,群益金鼎-高盛,2024-12-06,9105
00882,中信中國高股息,16,0,16,群益金鼎-高盛,2024-12-06,9105
8429,金麗-KY,16,0,16,群益金鼎-高盛,2024-12-06,9105
2317,鴻海,18,3,15,群益金鼎-高盛,2024-12-06,9105
6895,宏碩系統,15,0,15,群益金鼎-高盛,2024-12-06,9105
9904,寶成,15,0,15,群益金鼎-高盛,2024-12-06,9105
2464,盟立,19,5,14,群益金鼎-高盛,2024-12-06,9105
5905,南仁湖,14,1,13,群益金鼎-高盛,2024-12-06,9105
00909,國泰數位支付服務,13,1,12,群益金鼎-高盛,2024-12-06,9105
00713,元大台灣高息低波,13,1,12,群益金鼎-高盛,2024-12-06,9105
3162,精確,12,0,12,群益金鼎-高盛,2024-12-06,9105
2405,輔信,39,28,11,群益金鼎-高盛,2024-12-06,9105
1314,中石化,20,9,11,群益金鼎-高盛,2024-12-06,9105
2353,宏��,11,0,11,群益金鼎-高盛,2024-12-06,9105
1802,台玻,10,0,10,群益金鼎-高盛,2024-12-06,9105
2385,群光,10,0,10,群益金鼎-高盛,2024-12-06,9105
3066,李洲,10,0,10,群益金鼎-高盛,2024-12-06,9105
3694,海華,11,2,9,群益金鼎-高盛,2024-12-06,9105
00915,凱基優選高股息30,8,0,8,群益金鼎-高盛,2024-12-06,9105
1605,華新,15,7,8,群益金鼎-高盛,2024-12-06,9105
2014,中鴻,10,2,8,群益金鼎-高盛,2024-12-06,9105
2303,聯電,10,2,8,群益金鼎-高盛,2024-12-06,9105
2337,旺宏,33,25,8,群益金鼎-高盛,2024-12-06,9105
2834,臺企銀,10,2,8,群益金鼎-高盛,2024-12-06,9105
3591,艾笛森,15,7,8,群益金鼎-高盛,2024-12-06,9105
6151,晉倫,9,1,8,群益金鼎-高盛,2024-12-06,9105
3303,岱稜,7,0,7,群益金鼎-高盛,2024-12-06,9105
6257,矽格,8,1,7,群益金鼎-高盛,2024-12-06,9105
00953B,群益優選非投等債,6,0,6,群益金鼎-高盛,2024-12-06,9105
3003,健和興,7,1,6,群益金鼎-高盛,2024-12-06,9105
6873,泓德能源,7,1,6,群益金鼎-高盛,2024-12-06,9105
00918,大華優利高填息30,13,7,6,群益金鼎-高盛,2024-12-06,9105
00924,復華S＆P500成長,5,0,5,群益金鼎-高盛,2024-12-06,9105
1402,遠東新,5,0,5,群益金鼎-高盛,2024-12-06,9105
1524,耿鼎,7,2,5,群益金鼎-高盛,2024-12-06,9105
2002,中鋼,5,0,5,群益金鼎-高盛,2024-12-06,9105
2006,東和鋼鐵,5,0,5,群益金鼎-高盛,2024-12-06,9105
2376,技嘉,5,0,5,群益金鼎-高盛,2024-12-06,9105
2845,遠東銀,5,0,5,群益金鼎-高盛,2024-12-06,9105
3623,富晶通,5,0,5,群益金鼎-高盛,2024-12-06,9105
00715L,期街口布蘭特正2,317,12,305,群益金鼎-高盛,2024-12-09,9105
00919,群益台灣精選高息,262,35,227,群益金鼎-高盛,2024-12-09,9105
00713,元大台灣高息低波,66,0,66,群益金鼎-高盛,2024-12-09,9105
00957B,兆豐US優選投等債,50,0,50,群益金鼎-高盛,2024-12-09,9105
4933,友輝,52,3,49,群益金鼎-高盛,2024-12-09,9105
00665L,富邦�琤肭磪囓�2,32,0,32,群益金鼎-高盛,2024-12-09,9105
2330,台積電,28,3,25,群益金鼎-高盛,2024-12-09,9105
8429,金麗-KY,25,0,25,群益金鼎-高盛,2024-12-09,9105
00915,凱基優選高股息30,23,0,23,群益金鼎-高盛,2024-12-09,9105
2399,映泰,74,51,23,群益金鼎-高盛,2024-12-09,9105
3706,神達,85,64,21,群益金鼎-高盛,2024-12-09,9105
2449,京元電子,22,2,20,群益金鼎-高盛,2024-12-09,9105
5907,大洋-KY,20,0,20,群益金鼎-高盛,2024-12-09,9105
2324,仁寶,71,51,20,群益金鼎-高盛,2024-12-09,9105
2354,鴻準,51,32,19,群益金鼎-高盛,2024-12-09,9105
2615,萬海,51,33,18,群益金鼎-高盛,2024-12-09,9105
00929,復華台灣科技優息,21,6,15,群益金鼎-高盛,2024-12-09,9105
6770,力積電,15,0,15,群益金鼎-高盛,2024-12-09,9105
00960,野村全球航運龍頭,15,0,15,群益金鼎-高盛,2024-12-09,9105
3162,精確,16,1,15,群益金鼎-高盛,2024-12-09,9105
3607,谷崧,37,22,15,群益金鼎-高盛,2024-12-09,9105
2929,淘帝-KY,10,0,10,群益金鼎-高盛,2024-12-09,9105
3338,泰碩,10,0,10,群益金鼎-高盛,2024-12-09,9105
6962,ITH-KY,12,2,10,群益金鼎-高盛,2024-12-09,9105
2317,鴻海,23,14,9,群益金鼎-高盛,2024-12-09,9105
4977,眾達-KY,63,54,9,群益金鼎-高盛,2024-12-09,9105
2329,華泰,9,0,9,群益金鼎-高盛,2024-12-09,9105
2516,新建,11,2,9,群益金鼎-高盛,2024-12-09,9105
3056,富華新,10,1,9,群益金鼎-高盛,2024-12-09,9105
8150,南茂,10,1,9,群益金鼎-高盛,2024-12-09,9105
00946,群益科技高息成長,10,2,8,群益金鼎-高盛,2024-12-09,9105
1802,台玻,8,0,8,群益金鼎-高盛,2024-12-09,9105
2337,旺宏,11,3,8,群益金鼎-高盛,2024-12-09,9105
6112,邁達特,37,29,8,群益金鼎-高盛,2024-12-09,9105
3597,映興,8,0,8,群益金鼎-高盛,2024-12-09,9105
2405,輔信,12,5,7,群益金鼎-高盛,2024-12-09,9105
3588,通嘉,7,0,7,群益金鼎-高盛,2024-12-09,9105
9105,泰金寶-DR,7,0,7,群益金鼎-高盛,2024-12-09,9105
4931,新盛力,19,13,6,群益金鼎-高盛,2024-12-09,9105
3032,偉訓,20,14,6,群益金鼎-高盛,2024-12-09,9105
2409,友達,9,3,6,群益金鼎-高盛,2024-12-09,9105
8261,富鼎,9,3,6,群益金鼎-高盛,2024-12-09,9105
8432,東生華,6,0,6,群益金鼎-高盛,2024-12-09,9105
00687B,國泰20年美債,15,10,5,群益金鼎-高盛,2024-12-09,9105
00757,統一FANG+,5,0,5,群益金鼎-高盛,2024-12-09,9105
00958B,永豐ESG銀行債15,5,0,5,群益金鼎-高盛,2024-12-09,9105
1463,強盛新,5,0,5,群益金鼎-高盛,2024-12-09,9105
2406,國碩,5,0,5,群益金鼎-高盛,2024-12-09,9105
2436,偉詮電,20,15,5,群益金鼎-高盛,2024-12-09,9105
3057,喬鼎,5,0,5,群益金鼎-高盛,2024-12-09,9105
2883,凱基金,216,7,209,群益金鼎-高盛,2024-12-10,9105
3706,神達,164,68,96,群益金鼎-高盛,2024-12-10,9105
5202,力新,125,35,90,群益金鼎-高盛,2024-12-10,9105
2354,鴻準,55,18,37,群益金鼎-高盛,2024-12-10,9105
2609,陽明,43,14,29,群益金鼎-高盛,2024-12-10,9105
2615,萬海,29,1,28,群益金鼎-高盛,2024-12-10,9105
2474,可成,21,1,20,群益金鼎-高盛,2024-12-10,9105
2012,春雨,20,0,20,群益金鼎-高盛,2024-12-10,9105
1802,台玻,23,4,19,群益金鼎-高盛,2024-12-10,9105
00919,群益台灣精選高息,18,1,17,群益金鼎-高盛,2024-12-10,9105
1815,富喬,161,145,16,群益金鼎-高盛,2024-12-10,9105
1595,川寶,48,34,14,群益金鼎-高盛,2024-12-10,9105
5443,均豪,14,0,14,群益金鼎-高盛,2024-12-10,9105
2887,台新金,13,0,13,群益金鼎-高盛,2024-12-10,9105
2317,鴻海,30,17,13,群益金鼎-高盛,2024-12-10,9105
3231,緯創,12,0,12,群益金鼎-高盛,2024-12-10,9105
4979,華星光,31,20,11,群益金鼎-高盛,2024-12-10,9105
00929,復華台灣科技優息,33,22,11,群益金鼎-高盛,2024-12-10,9105
1524,耿鼎,12,1,11,群益金鼎-高盛,2024-12-10,9105
2702,華園,10,0,10,群益金鼎-高盛,2024-12-10,9105
6863,永道-KY,12,2,10,群益金鼎-高盛,2024-12-10,9105
2462,良得電,10,0,10,群益金鼎-高盛,2024-12-10,9105
1449,佳和,26,16,10,群益金鼎-高盛,2024-12-10,9105
1796,金穎生技,10,0,10,群益金鼎-高盛,2024-12-10,9105
2492,華新科,11,1,10,群益金鼎-高盛,2024-12-10,9105
4991,環宇-KY,10,0,10,群益金鼎-高盛,2024-12-10,9105
8081,致新,10,0,10,群益金鼎-高盛,2024-12-10,9105
9934,成霖,10,0,10,群益金鼎-高盛,2024-12-10,9105
2884,玉山金,9,0,9,群益金鼎-高盛,2024-12-10,9105
2388,威盛,19,10,9,群益金鼎-高盛,2024-12-10,9105
2476,鉅祥,9,0,9,群益金鼎-高盛,2024-12-10,9105
1785,光洋科,50,42,8,群益金鼎-高盛,2024-12-10,9105
3675,德微,8,0,8,群益金鼎-高盛,2024-12-10,9105
00706L,期元大S＆P日圓正2,7,0,7,群益金鼎-高盛,2024-12-10,9105
2613,中櫃,7,0,7,群益金鼎-高盛,2024-12-10,9105
4967,十銓,8,1,7,群益金鼎-高盛,2024-12-10,9105
8097,常珵,13,6,7,群益金鼎-高盛,2024-12-10,9105
2353,宏��,8,2,6,群益金鼎-高盛,2024-12-10,9105
00945B,凱基美國非投等債,6,0,6,群益金鼎-高盛,2024-12-10,9105
1521,大億,6,0,6,群益金鼎-高盛,2024-12-10,9105
1784,訊聯,6,0,6,群益金鼎-高盛,2024-12-10,9105
2855,統一證,6,0,6,群益金鼎-高盛,2024-12-10,9105
6470,宇智,21,15,6,群益金鼎-高盛,2024-12-10,9105
8429,金麗-KY,6,0,6,群益金鼎-高盛,2024-12-10,9105
2382,廣達,11,5,6,群益金鼎-高盛,2024-12-10,9105
2603,長榮,7,2,5,群益金鼎-高盛,2024-12-10,9105
2376,技嘉,5,0,5,群益金鼎-高盛,2024-12-10,9105
9944,新麗,5,0,5,群益金鼎-高盛,2024-12-10,9105
2611,志信,5,0,5,群益金鼎-高盛,2024-12-10,9105
8069,元太,5,0,5,群益金鼎-高盛,2024-12-10,9105
00945B,凱基美國非投等債,200,0,200,群益金鼎-高盛,2024-12-11,9105
00919,群益台灣精選高息,119,0,119,群益金鼎-高盛,2024-12-11,9105
6770,力積電,92,1,91,群益金鼎-高盛,2024-12-11,9105
1326,台化,51,1,50,群益金鼎-高盛,2024-12-11,9105
2317,鴻海,64,14,50,群益金鼎-高盛,2024-12-11,9105
00915,凱基優選高股息30,37,0,37,群益金鼎-高盛,2024-12-11,9105
3032,偉訓,65,28,37,群益金鼎-高盛,2024-12-11,9105
00687B,國泰20年美債,33,0,33,群益金鼎-高盛,2024-12-11,9105
00939,統一台灣高息動能,27,1,26,群益金鼎-高盛,2024-12-11,9105
00633L,富邦上証正2,21,0,21,群益金鼎-高盛,2024-12-11,9105
3045,台灣大,20,0,20,群益金鼎-高盛,2024-12-11,9105
2609,陽明,31,13,18,群益金鼎-高盛,2024-12-11,9105
00937B,群益ESG投等債20,56,40,16,群益金鼎-高盛,2024-12-11,9105
00918,大華優利高填息30,16,0,16,群益金鼎-高盛,2024-12-11,9105
00929,復華台灣科技優息,15,0,15,群益金鼎-高盛,2024-12-11,9105
00637L,元大滬深300正2,15,0,15,群益金鼎-高盛,2024-12-11,9105
2855,統一證,14,0,14,群益金鼎-高盛,2024-12-11,9105
2331,精英,13,0,13,群益金鼎-高盛,2024-12-11,9105
2382,廣達,12,0,12,群益金鼎-高盛,2024-12-11,9105
00679B,元大美債20年,12,0,12,群益金鼎-高盛,2024-12-11,9105
9950,萬國通,12,0,12,群益金鼎-高盛,2024-12-11,9105
00930,永豐ESG低碳高息,11,0,11,群益金鼎-高盛,2024-12-11,9105
00878,國泰永續高股息,12,2,10,群益金鼎-高盛,2024-12-11,9105
2344,華邦電,40,30,10,群益金鼎-高盛,2024-12-11,9105
2485,兆赫,10,0,10,群益金鼎-高盛,2024-12-11,9105
2330,台積電,12,2,10,群益金鼎-高盛,2024-12-11,9105
00713,元大台灣高息低波,10,0,10,群益金鼎-高盛,2024-12-11,9105
00680L,元大美債20正2,10,0,10,群益金鼎-高盛,2024-12-11,9105
1784,訊聯,10,0,10,群益金鼎-高盛,2024-12-11,9105
1796,金穎生技,10,0,10,群益金鼎-高盛,2024-12-11,9105
3628,盈正,10,0,10,群益金鼎-高盛,2024-12-11,9105
5328,華容,23,13,10,群益金鼎-高盛,2024-12-11,9105
6015,宏遠證,10,0,10,群益金鼎-高盛,2024-12-11,9105
6163,華電網,10,0,10,群益金鼎-高盛,2024-12-11,9105
6282,康舒,10,0,10,群益金鼎-高盛,2024-12-11,9105
6877,鏵友益,13,4,9,群益金鼎-高盛,2024-12-11,9105
2388,威盛,10,1,9,群益金鼎-高盛,2024-12-11,9105
1301,台塑,10,1,9,群益金鼎-高盛,2024-12-11,9105
4162,智擎,8,0,8,群益金鼎-高盛,2024-12-11,9105
6156,松上,8,0,8,群益金鼎-高盛,2024-12-11,9105
2027,大成鋼,8,1,7,群益金鼎-高盛,2024-12-11,9105
2329,華泰,7,0,7,群益金鼎-高盛,2024-12-11,9105
2618,長榮航,9,2,7,群益金鼎-高盛,2024-12-11,9105
3231,緯創,6,0,6,群益金鼎-高盛,2024-12-11,9105
2605,新興,6,0,6,群益金鼎-高盛,2024-12-11,9105
00674R,期元大S＆P黃金反1,6,0,6,群益金鼎-高盛,2024-12-11,9105
2312,金寶,32,26,6,群益金鼎-高盛,2024-12-11,9105
3014,聯陽,7,1,6,群益金鼎-高盛,2024-12-11,9105
8111,立��,14,8,6,群益金鼎-高盛,2024-12-11,9105
0056,元大高股息,6,0,6,群益金鼎-高盛,2024-12-11,9105
00687B,國泰20年美債,269,6,263,群益金鼎-高盛,2024-12-12,9105
00959B,大華投等美債15Y+,60,0,60,群益金鼎-高盛,2024-12-12,9105
00940,元大台灣價值高息,101,50,51,群益金鼎-高盛,2024-12-12,9105
1310,台苯,50,0,50,群益金鼎-高盛,2024-12-12,9105
1312,國喬,50,2,48,群益金鼎-高盛,2024-12-12,9105
00673R,期元大S＆P原油反1,35,0,35,群益金鼎-高盛,2024-12-12,9105
00960,野村全球航運龍頭,30,0,30,群益金鼎-高盛,2024-12-12,9105
2347,聯強,30,0,30,群益金鼎-高盛,2024-12-12,9105
2633,台灣高鐵,30,0,30,群益金鼎-高盛,2024-12-12,9105
8069,元太,28,0,28,群益金鼎-高盛,2024-12-12,9105
3041,揚智,34,10,24,群益金鼎-高盛,2024-12-12,9105
2014,中鴻,22,0,22,群益金鼎-高盛,2024-12-12,9105
2303,聯電,26,4,22,群益金鼎-高盛,2024-12-12,9105
00953B,群益優選非投等債,21,0,21,群益金鼎-高盛,2024-12-12,9105
00679B,元大美債20年,17,1,16,群益金鼎-高盛,2024-12-12,9105
2317,鴻海,58,42,16,群益金鼎-高盛,2024-12-12,9105
2929,淘帝-KY,15,0,15,群益金鼎-高盛,2024-12-12,9105
9904,寶成,14,0,14,群益金鼎-高盛,2024-12-12,9105
4729,熒茂,15,2,13,群益金鼎-高盛,2024-12-12,9105
3029,零壹,76,63,13,群益金鼎-高盛,2024-12-12,9105
5258,虹堡,12,0,12,群益金鼎-高盛,2024-12-12,9105
1301,台塑,47,35,12,群益金鼎-高盛,2024-12-12,9105
2609,陽明,21,10,11,群益金鼎-高盛,2024-12-12,9105
8111,立��,18,7,11,群益金鼎-高盛,2024-12-12,9105
00915,凱基優選高股息30,10,0,10,群益金鼎-高盛,2024-12-12,9105
00753L,中信中國50正2,11,1,10,群益金鼎-高盛,2024-12-12,9105
1597,直得,24,14,10,群益金鼎-高盛,2024-12-12,9105
1802,台玻,12,2,10,群益金鼎-高盛,2024-12-12,9105
2312,金寶,34,24,10,群益金鼎-高盛,2024-12-12,9105
6141,柏承,10,0,10,群益金鼎-高盛,2024-12-12,9105
3013,晟銘電,13,4,9,群益金鼎-高盛,2024-12-12,9105
8081,致新,9,0,9,群益金鼎-高盛,2024-12-12,9105
00919,群益台灣精選高息,9,1,8,群益金鼎-高盛,2024-12-12,9105
2618,長榮航,9,1,8,群益金鼎-高盛,2024-12-12,9105
00688L,國泰20年美債正2,10,2,8,群益金鼎-高盛,2024-12-12,9105
2515,中工,11,3,8,群益金鼎-高盛,2024-12-12,9105
3709,鑫聯大投控,9,1,8,群益金鼎-高盛,2024-12-12,9105
6191,精成科,8,0,8,群益金鼎-高盛,2024-12-12,9105
6214,精誠,11,3,8,群益金鼎-高盛,2024-12-12,9105
6505,台塑化,8,1,7,群益金鼎-高盛,2024-12-12,9105
1582,信錦,7,0,7,群益金鼎-高盛,2024-12-12,9105
2363,矽統,7,0,7,群益金鼎-高盛,2024-12-12,9105
3062,建漢,18,11,7,群益金鼎-高盛,2024-12-12,9105
6451,訊芯-KY,36,29,7,群益金鼎-高盛,2024-12-12,9105
2354,鴻準,10,4,6,群益金鼎-高盛,2024-12-12,9105
2002,中鋼,7,1,6,群益金鼎-高盛,2024-12-12,9105
2328,廣宇,44,38,6,群益金鼎-高盛,2024-12-12,9105
6203,海韻電,6,0,6,群益金鼎-高盛,2024-12-12,9105
6591,動力-KY,6,0,6,群益金鼎-高盛,2024-12-12,9105
2374,佳能,25,19,6,群益金鼎-高盛,2024-12-12,9105
3481,群創,236,2,234,群益金鼎-高盛,2024-12-13,9105
2883,凱基金,159,9,150,群益金鼎-高盛,2024-12-13,9105
2106,建大,104,0,104,群益金鼎-高盛,2024-12-13,9105
00687B,國泰20年美債,75,0,75,群益金鼎-高盛,2024-12-13,9105
00959B,大華投等美債15Y+,68,0,68,群益金鼎-高盛,2024-12-13,9105
00905,FT臺灣Smart,60,1,59,群益金鼎-高盛,2024-12-13,9105
5880,合庫金,54,0,54,群益金鼎-高盛,2024-12-13,9105
00930,永豐ESG低碳高息,50,0,50,群益金鼎-高盛,2024-12-13,9105
00927,群益半導體收益,50,0,50,群益金鼎-高盛,2024-12-13,9105
3081,聯亞,68,26,42,群益金鼎-高盛,2024-12-13,9105
4173,久裕,40,0,40,群益金鼎-高盛,2024-12-13,9105
6671,三能-KY,33,0,33,群益金鼎-高盛,2024-12-13,9105
2353,宏��,33,0,33,群益金鼎-高盛,2024-12-13,9105
00918,大華優利高填息30,32,0,32,群益金鼎-高盛,2024-12-13,9105
3056,富華新,28,0,28,群益金鼎-高盛,2024-12-13,9105
00919,群益台灣精選高息,31,4,27,群益金鼎-高盛,2024-12-13,9105
2344,華邦電,30,5,25,群益金鼎-高盛,2024-12-13,9105
00679B,元大美債20年,23,0,23,群益金鼎-高盛,2024-12-13,9105
2313,華通,66,44,22,群益金鼎-高盛,2024-12-13,9105
4561,健椿,29,7,22,群益金鼎-高盛,2024-12-13,9105
00753L,中信中國50正2,20,0,20,群益金鼎-高盛,2024-12-13,9105
1337,再生-KY,20,0,20,群益金鼎-高盛,2024-12-13,9105
6770,力積電,21,3,18,群益金鼎-高盛,2024-12-13,9105
00665L,富邦�琤肭磪囓�2,18,0,18,群益金鼎-高盛,2024-12-13,9105
00633L,富邦上証正2,23,5,18,群益金鼎-高盛,2024-12-13,9105
6603,富強鑫,18,0,18,群益金鼎-高盛,2024-12-13,9105
2002,中鋼,18,0,18,群益金鼎-高盛,2024-12-13,9105
2317,鴻海,30,13,17,群益金鼎-高盛,2024-12-13,9105
00929,復華台灣科技優息,15,0,15,群益金鼎-高盛,2024-12-13,9105
4979,華星光,24,9,15,群益金鼎-高盛,2024-12-13,9105
3548,兆利,13,0,13,群益金鼎-高盛,2024-12-13,9105
00915,凱基優選高股息30,13,0,13,群益金鼎-高盛,2024-12-13,9105
2359,所羅門,21,8,13,群益金鼎-高盛,2024-12-13,9105
3231,緯創,15,2,13,群益金鼎-高盛,2024-12-13,9105
0056,元大高股息,13,0,13,群益金鼎-高盛,2024-12-13,9105
00937B,群益ESG投等債20,12,0,12,群益金鼎-高盛,2024-12-13,9105
2408,南亞科,17,4,13,群益金鼎-高盛,2024-12-13,9105
2702,華園,12,0,12,群益金鼎-高盛,2024-12-13,9105
2340,台亞,12,0,12,群益金鼎-高盛,2024-12-13,9105
2929,淘帝-KY,12,0,12,群益金鼎-高盛,2024-12-13,9105
3706,神達,44,32,12,群益金鼎-高盛,2024-12-13,9105
1815,富喬,46,34,12,群益金鼎-高盛,2024-12-13,9105
1785,光洋科,18,6,12,群益金鼎-高盛,2024-12-13,9105
1473,台南,11,0,11,群益金鼎-高盛,2024-12-13,9105
2303,聯電,25,15,10,群益金鼎-高盛,2024-12-13,9105
2867,三商壽,10,0,10,群益金鼎-高盛,2024-12-13,9105
3710,連展投控,10,0,10,群益金鼎-高盛,2024-12-13,9105
4908,前鼎,10,1,9,群益金鼎-高盛,2024-12-13,9105
4933,友輝,10,1,9,群益金鼎-高盛,2024-12-13,9105
00878,國泰永續高股息,8,0,8,群益金鼎-高盛,2024-12-13,9105
00878,國泰永續高股息,164,0,164,群益金鼎-高盛,2024-12-16,9105
00937B,群益ESG投等債20,161,0,161,群益金鼎-高盛,2024-12-16,9105
00957B,兆豐US優選投等債,100,0,100,群益金鼎-高盛,2024-12-16,9105
00687B,國泰20年美債,75,0,75,群益金鼎-高盛,2024-12-16,9105
00919,群益台灣精選高息,73,10,63,群益金鼎-高盛,2024-12-16,9105
2609,陽明,66,14,52,群益金鼎-高盛,2024-12-16,9105
2363,矽統,51,12,39,群益金鼎-高盛,2024-12-16,9105
3694,海華,35,0,35,群益金鼎-高盛,2024-12-16,9105
6104,創惟,30,0,30,群益金鼎-高盛,2024-12-16,9105
00680L,元大美債20正2,24,0,24,群益金鼎-高盛,2024-12-16,9105
00688L,國泰20年美債正2,24,0,24,群益金鼎-高盛,2024-12-16,9105
00918,大華優利高填息30,23,0,23,群益金鼎-高盛,2024-12-16,9105
0056,元大高股息,25,2,23,群益金鼎-高盛,2024-12-16,9105
2002,中鋼,24,1,23,群益金鼎-高盛,2024-12-16,9105
1337,再生-KY,20,0,20,群益金鼎-高盛,2024-12-16,9105
2382,廣達,26,8,18,群益金鼎-高盛,2024-12-16,9105
2486,一詮,18,0,18,群益金鼎-高盛,2024-12-16,9105
3231,緯創,19,1,18,群益金鼎-高盛,2024-12-16,9105
5439,高技,64,49,15,群益金鼎-高盛,2024-12-16,9105
2520,冠德,13,0,13,群益金鼎-高盛,2024-12-16,9105
2385,群光,12,0,12,群益金鼎-高盛,2024-12-16,9105
2312,金寶,16,4,12,群益金鼎-高盛,2024-12-16,9105
3323,加百裕,11,0,11,群益金鼎-高盛,2024-12-16,9105
2886,兆豐金,11,0,11,群益金鼎-高盛,2024-12-16,9105
1304,台聚,10,0,10,群益金鼎-高盛,2024-12-16,9105
2340,台亞,10,0,10,群益金鼎-高盛,2024-12-16,9105
2816,旺旺保,10,0,10,群益金鼎-高盛,2024-12-16,9105
4974,亞泰,17,7,10,群益金鼎-高盛,2024-12-16,9105
9934,成霖,10,0,10,群益金鼎-高盛,2024-12-16,9105
4162,智擎,9,0,9,群益金鼎-高盛,2024-12-16,9105
5328,華容,9,0,9,群益金鼎-高盛,2024-12-16,9105
00915,凱基優選高股息30,8,0,8,群益金鼎-高盛,2024-12-16,9105
2449,京元電子,9,1,8,群益金鼎-高盛,2024-12-16,9105
9105,泰金寶-DR,12,4,8,群益金鼎-高盛,2024-12-16,9105
1815,富喬,21,13,8,群益金鼎-高盛,2024-12-16,9105
1314,中石化,7,0,7,群益金鼎-高盛,2024-12-16,9105
6770,力積電,8,1,7,群益金鼎-高盛,2024-12-16,9105
00673R,期元大S＆P原油反1,7,0,7,群益金鼎-高盛,2024-12-16,9105
2905,三商,7,0,7,群益金鼎-高盛,2024-12-16,9105
4933,友輝,12,5,7,群益金鼎-高盛,2024-12-16,9105
6176,瑞儀,7,0,7,群益金鼎-高盛,2024-12-16,9105
00679B,元大美債20年,6,0,6,群益金鼎-高盛,2024-12-16,9105
2301,光寶科,9,3,6,群益金鼎-高盛,2024-12-16,9105
2464,盟立,18,12,6,群益金鼎-高盛,2024-12-16,9105
5438,東友,10,4,6,群益金鼎-高盛,2024-12-16,9105
3260,威剛,6,0,6,群益金鼎-高盛,2024-12-16,9105
2031,新光鋼,6,0,6,群益金鼎-高盛,2024-12-16,9105
3284,太普高,6,0,6,群益金鼎-高盛,2024-12-16,9105
3706,神達,47,41,6,群益金鼎-高盛,2024-12-16,9105
3211,順達,10,5,5,群益金鼎-高盛,2024-12-16,9105
3481,群創,398,3,395,群益金鼎-高盛,2024-12-17,9105
9105,泰金寶-DR,339,54,285,群益金鼎-高盛,2024-12-17,9105
00918,大華優利高填息30,91,0,91,群益金鼎-高盛,2024-12-17,9105
00712,復華富時不動產,77,0,77,群益金鼎-高盛,2024-12-17,9105
2067,嘉鋼,34,0,34,群益金鼎-高盛,2024-12-17,9105
2514,龍邦,30,0,30,群益金鼎-高盛,2024-12-17,9105
00915,凱基優選高股息30,27,0,27,群益金鼎-高盛,2024-12-17,9105
3296,勝德,36,11,25,群益金鼎-高盛,2024-12-17,9105
2408,南亞科,63,42,21,群益金鼎-高盛,2024-12-17,9105
00706L,期元大S＆P日圓正2,17,0,17,群益金鼎-高盛,2024-12-17,9105
00679B,元大美債20年,16,1,15,群益金鼎-高盛,2024-12-17,9105
3594,磐儀,16,1,15,群益金鼎-高盛,2024-12-17,9105
0056,元大高股息,15,1,14,群益金鼎-高盛,2024-12-17,9105
2886,兆豐金,13,0,13,群益金鼎-高盛,2024-12-17,9105
5536,聖暉*,13,0,13,群益金鼎-高盛,2024-12-17,9105
00687B,國泰20年美債,13,0,13,群益金鼎-高盛,2024-12-17,9105
1605,華新,11,0,11,群益金鼎-高盛,2024-12-17,9105
2468,華經,19,8,11,群益金鼎-高盛,2024-12-17,9105
3711,日月光投控,16,5,11,群益金鼎-高盛,2024-12-17,9105
6215,和椿,25,14,11,群益金鼎-高盛,2024-12-17,9105
1301,台塑,16,6,10,群益金鼎-高盛,2024-12-17,9105
00933B,國泰10Y+金融債,10,0,10,群益金鼎-高盛,2024-12-17,9105
00650L,復華香港正2,10,0,10,群益金鼎-高盛,2024-12-17,9105
00680L,元大美債20正2,10,0,10,群益金鼎-高盛,2024-12-17,9105
00960,野村全球航運龍頭,10,0,10,群益金鼎-高盛,2024-12-17,9105
2324,仁寶,10,0,10,群益金鼎-高盛,2024-12-17,9105
3045,台灣大,10,0,10,群益金鼎-高盛,2024-12-17,9105
2834,臺企銀,18,8,10,群益金鼎-高盛,2024-12-17,9105
2615,萬海,22,12,10,群益金鼎-高盛,2024-12-17,9105
2610,華航,17,7,10,群益金鼎-高盛,2024-12-17,9105
00937B,群益ESG投等債20,9,0,9,群益金鼎-高盛,2024-12-17,9105
2409,友達,9,0,9,群益金鼎-高盛,2024-12-17,9105
4526,東台,10,1,9,群益金鼎-高盛,2024-12-17,9105
2449,京元電子,9,1,8,群益金鼎-高盛,2024-12-17,9105
3162,精確,8,0,8,群益金鼎-高盛,2024-12-17,9105
4562,穎漢,14,6,8,群益金鼎-高盛,2024-12-17,9105
2609,陽明,27,19,8,群益金鼎-高盛,2024-12-17,9105
00751B,元大AAA至A公司債,7,0,7,群益金鼎-高盛,2024-12-17,9105
00795B,中信美國公債20年,7,0,7,群益金鼎-高盛,2024-12-17,9105
2501,國建,7,0,7,群益金鼎-高盛,2024-12-17,9105
4414,如興,7,0,7,群益金鼎-高盛,2024-12-17,9105
6176,瑞儀,10,3,7,群益金鼎-高盛,2024-12-17,9105
6770,力積電,10,4,6,群益金鼎-高盛,2024-12-17,9105
2314,台揚,6,0,6,群益金鼎-高盛,2024-12-17,9105
2392,正崴,13,7,6,群益金鼎-高盛,2024-12-17,9105
2520,冠德,6,0,6,群益金鼎-高盛,2024-12-17,9105
2880,華南金,6,0,6,群益金鼎-高盛,2024-12-17,9105
2049,上銀,6,1,5,群益金鼎-高盛,2024-12-17,9105
1304,台聚,5,0,5,群益金鼎-高盛,2024-12-17,9105
00953B,群益優選非投等債,5,0,5,群益金鼎-高盛,2024-12-17,9105
00950B,凱基A級公司債,202,0,202,群益金鼎-高盛,2024-12-18,9105
00919,群益台灣精選高息,118,68,50,群益金鼎-高盛,2024-12-18,9105
00960,野村全球航運龍頭,31,0,31,群益金鼎-高盛,2024-12-18,9105
6108,競國,31,0,31,群益金鼎-高盛,2024-12-18,9105
9105,泰金寶-DR,66,43,23,群益金鼎-高盛,2024-12-18,9105
2702,華園,21,0,21,群益金鼎-高盛,2024-12-18,9105
00665L,富邦�琤肭磪囓�2,20,0,20,群益金鼎-高盛,2024-12-18,9105
2067,嘉鋼,20,0,20,群益金鼎-高盛,2024-12-18,9105
4540,全球傳動,92,73,19,群益金鼎-高盛,2024-12-18,9105
2317,鴻海,23,6,17,群益金鼎-高盛,2024-12-18,9105
00918,大華優利高填息30,13,0,13,群益金鼎-高盛,2024-12-18,9105
2464,盟立,24,11,13,群益金鼎-高盛,2024-12-18,9105
00632R,元大台灣50反1,15,3,12,群益金鼎-高盛,2024-12-18,9105
00937B,群益ESG投等債20,26,15,11,群益金鼎-高盛,2024-12-18,9105
00680L,元大美債20正2,10,0,10,群益金鼎-高盛,2024-12-18,9105
00706L,期元大S＆P日圓正2,10,0,10,群益金鼎-高盛,2024-12-18,9105
00946,群益科技高息成長,10,0,10,群益金鼎-高盛,2024-12-18,9105
1219,福壽,10,0,10,群益金鼎-高盛,2024-12-18,9105
3231,緯創,10,0,10,群益金鼎-高盛,2024-12-18,9105
2388,威盛,12,3,9,群益金鼎-高盛,2024-12-18,9105
2610,華航,10,1,9,群益金鼎-高盛,2024-12-18,9105
3481,群創,10,1,9,群益金鼎-高盛,2024-12-18,9105
5203,訊連,9,0,9,群益金鼎-高盛,2024-12-18,9105
2002,中鋼,8,0,8,群益金鼎-高盛,2024-12-18,9105
2515,中工,11,3,8,群益金鼎-高盛,2024-12-18,9105
3252,海灣,8,0,8,群益金鼎-高盛,2024-12-18,9105
1597,直得,23,16,7,群益金鼎-高盛,2024-12-18,9105
2615,萬海,14,7,7,群益金鼎-高盛,2024-12-18,9105
3029,零壹,45,38,7,群益金鼎-高盛,2024-12-18,9105
4931,新盛力,30,23,7,群益金鼎-高盛,2024-12-18,9105
5483,中美晶,7,0,7,群益金鼎-高盛,2024-12-18,9105
6596,寬宏藝術,7,0,7,群益金鼎-高盛,2024-12-18,9105
00712,復華富時不動產,13,6,7,群益金鼎-高盛,2024-12-18,9105
2603,長榮,6,0,6,群益金鼎-高盛,2024-12-18,9105
00708L,期元大S＆P黃金正2,6,0,6,群益金鼎-高盛,2024-12-18,9105
00715L,期街口布蘭特正2,6,0,6,群益金鼎-高盛,2024-12-18,9105
2880,華南金,6,0,6,群益金鼎-高盛,2024-12-18,9105
4121,優盛,6,0,6,群益金鼎-高盛,2024-12-18,9105
4306,炎洲,6,0,6,群益金鼎-高盛,2024-12-18,9105
5371,中光電,8,2,6,群益金鼎-高盛,2024-12-18,9105
5706,鳳凰,10,4,6,群益金鼎-高盛,2024-12-18,9105
00713,元大台灣高息低波,6,0,6,群益金鼎-高盛,2024-12-18,9105
2886,兆豐金,5,0,5,群益金鼎-高盛,2024-12-18,9105
2884,玉山金,5,0,5,群益金鼎-高盛,2024-12-18,9105
00965,元大航太防衛科技,5,0,5,群益金鼎-高盛,2024-12-18,9105
2062,橋椿,12,7,5,群益金鼎-高盛,2024-12-18,9105
9941,裕融,5,0,5,群益金鼎-高盛,2024-12-18,9105
8042,金山電,5,0,5,群益金鼎-高盛,2024-12-18,9105
1316,上曜,4,0,4,群益金鼎-高盛,2024-12-18,9105
2312,金寶,17,13,4,群益金鼎-高盛,2024-12-18,9105
00937B,群益ESG投等債20,439,19,420,群益金鼎-高盛,2024-12-19,9105
00918,大華優利高填息30,136,0,136,群益金鼎-高盛,2024-12-19,9105
2887,台新金,103,0,103,群益金鼎-高盛,2024-12-19,9105
6116,彩晶,82,0,82,群益金鼎-高盛,2024-12-19,9105
5880,合庫金,60,0,60,群益金鼎-高盛,2024-12-19,9105
00688L,國泰20年美債正2,114,55,59,群益金鼎-高盛,2024-12-19,9105
00715L,期街口布蘭特正2,45,0,45,群益金鼎-高盛,2024-12-19,9105
00680L,元大美債20正2,39,0,39,群益金鼎-高盛,2024-12-19,9105
3041,揚智,29,3,26,群益金鼎-高盛,2024-12-19,9105
00712,復華富時不動產,27,3,24,群益金鼎-高盛,2024-12-19,9105
2834,臺企銀,21,0,21,群益金鼎-高盛,2024-12-19,9105
2317,鴻海,25,4,21,群益金鼎-高盛,2024-12-19,9105
00720B,元大投資級公司債,21,1,20,群益金鼎-高盛,2024-12-19,9105
2867,三商壽,20,0,20,群益金鼎-高盛,2024-12-19,9105
00878,國泰永續高股息,22,3,19,群益金鼎-高盛,2024-12-19,9105
00959B,大華投等美債15Y+,20,2,18,群益金鼎-高盛,2024-12-19,9105
00795B,中信美國公債20年,18,0,18,群益金鼎-高盛,2024-12-19,9105
3481,群創,31,13,18,群益金鼎-高盛,2024-12-19,9105
2408,南亞科,168,151,17,群益金鼎-高盛,2024-12-19,9105
2353,宏��,15,0,15,群益金鼎-高盛,2024-12-19,9105
2880,華南金,13,0,13,群益金鼎-高盛,2024-12-19,9105
2897,王道銀行,12,0,12,群益金鼎-高盛,2024-12-19,9105
2303,聯電,18,6,12,群益金鼎-高盛,2024-12-19,9105
2392,正崴,21,9,12,群益金鼎-高盛,2024-12-19,9105
2515,中工,12,0,12,群益金鼎-高盛,2024-12-19,9105
3217,優群,12,0,12,群益金鼎-高盛,2024-12-19,9105
2812,台中銀,11,0,11,群益金鼎-高盛,2024-12-19,9105
00670L,富邦NASDAQ正2,10,0,10,群益金鼎-高盛,2024-12-19,9105
006208,富邦台50,10,0,10,群益金鼎-高盛,2024-12-19,9105
2702,華園,10,0,10,群益金鼎-高盛,2024-12-19,9105
5425,台半,10,0,10,群益金鼎-高盛,2024-12-19,9105
0056,元大高股息,9,0,9,群益金鼎-高盛,2024-12-19,9105
00915,凱基優選高股息30,8,0,8,群益金鼎-高盛,2024-12-19,9105
00953B,群益優選非投等債,8,0,8,群益金鼎-高盛,2024-12-19,9105
2845,遠東銀,8,0,8,群益金鼎-高盛,2024-12-19,9105
2421,建準,9,1,8,群益金鼎-高盛,2024-12-19,9105
2484,希華,8,0,8,群益金鼎-高盛,2024-12-19,9105
2892,第一金,8,0,8,群益金鼎-高盛,2024-12-19,9105
5244,弘凱,18,10,8,群益金鼎-高盛,2024-12-19,9105
2882,國泰金,8,0,8,群益金鼎-高盛,2024-12-19,9105
1301,台塑,19,12,7,群益金鼎-高盛,2024-12-19,9105
1815,富喬,29,22,7,群益金鼎-高盛,2024-12-19,9105
2547,日勝生,13,6,7,群益金鼎-高盛,2024-12-19,9105
5706,鳳凰,7,0,7,群益金鼎-高盛,2024-12-19,9105
6706,惠特,7,0,7,群益金鼎-高盛,2024-12-19,9105
00930,永豐ESG低碳高息,6,0,6,群益金鼎-高盛,2024-12-19,9105
1605,華新,21,15,6,群益金鼎-高盛,2024-12-19,9105
8429,金麗-KY,6,0,6,群益金鼎-高盛,2024-12-19,9105
4540,全球傳動,6,0,6,群益金鼎-高盛,2024-12-19,9105
2101,南港,6,0,6,群益金鼎-高盛,2024-12-19,9105
