Ticker,Name,buy,sell,diff,Branch,Date,Branch_Code
6443,元晶,147,31,116,群益金鼎-開元,2023-01-03,9134
2371,大同,100,0,100,群益金鼎-開元,2023-01-03,9134
2007,燁興,75,5,70,群益金鼎-開元,2023-01-03,9134
6477,安集,53,0,53,群益金鼎-開元,2023-01-03,9134
1605,華新,101,58,43,群益金鼎-開元,2023-01-03,9134
1305,華夏,32,0,32,群益金鼎-開元,2023-01-03,9134
2892,第一金,31,0,31,群益金鼎-開元,2023-01-03,9134
2515,中工,30,0,30,群益金鼎-開元,2023-01-03,9134
00882,中信中國高股息,30,0,30,群益金鼎-開元,2023-01-03,9134
2890,永豐金,87,60,27,群益金鼎-開元,2023-01-03,9134
3703,欣陸,20,0,20,群益金鼎-開元,2023-01-03,9134
5011,久陽,20,0,20,群益金鼎-開元,2023-01-03,9134
1307,三芳,20,0,20,群益金鼎-開元,2023-01-03,9134
1342,八貫,24,4,20,群益金鼎-開元,2023-01-03,9134
1718,中纖,15,0,15,群益金鼎-開元,2023-01-03,9134
00878,國泰永續高股息,15,1,14,群益金鼎-開元,2023-01-03,9134
0056,元大高股息,14,0,14,群益金鼎-開元,2023-01-03,9134
00637L,元大滬深300正2,55,41,14,群益金鼎-開元,2023-01-03,9134
00893,國泰智能電動車,13,0,13,群益金鼎-開元,2023-01-03,9134
6005,群益證,12,0,12,群益金鼎-開元,2023-01-03,9134
8222,寶一,17,5,12,群益金鼎-開元,2023-01-03,9134
1701,中化,17,5,12,群益金鼎-開元,2023-01-03,9134
1444,力麗,10,0,10,群益金鼎-開元,2023-01-03,9134
6016,康和證,10,0,10,群益金鼎-開元,2023-01-03,9134
3036,文曄,10,0,10,群益金鼎-開元,2023-01-03,9134
6290,良維,10,0,10,群益金鼎-開元,2023-01-03,9134
3687,歐買尬,10,1,9,群益金鼎-開元,2023-01-03,9134
5706,鳳凰,9,0,9,群益金鼎-開元,2023-01-03,9134
6234,高僑,9,0,9,群益金鼎-開元,2023-01-03,9134
6118,建達,14,6,8,群益金鼎-開元,2023-01-03,9134
1720,生達,10,2,8,群益金鼎-開元,2023-01-03,9134
1312,國喬,8,0,8,群益金鼎-開元,2023-01-03,9134
1319,東陽,8,1,7,群益金鼎-開元,2023-01-03,9134
6533,晶心科,9,2,7,群益金鼎-開元,2023-01-03,9134
2891,中信金,47,40,7,群益金鼎-開元,2023-01-03,9134
2610,華航,9,3,6,群益金鼎-開元,2023-01-03,9134
2401,凌陽,5,0,5,群益金鼎-開元,2023-01-03,9134
3162,精確,5,0,5,群益金鼎-開元,2023-01-03,9134
3322,建舜電,5,0,5,群益金鼎-開元,2023-01-03,9134
8033,雷虎,5,0,5,群益金鼎-開元,2023-01-03,9134
2498,宏達電,52,47,5,群益金鼎-開元,2023-01-03,9134
2323,中環,5,0,5,群益金鼎-開元,2023-01-03,9134
9928,中視,5,0,5,群益金鼎-開元,2023-01-03,9134
8415,大國鋼,5,0,5,群益金鼎-開元,2023-01-03,9134
8390,金益鼎,5,0,5,群益金鼎-開元,2023-01-03,9134
2885,元大金,4,0,4,群益金鼎-開元,2023-01-03,9134
00679B,元大美債20年,4,0,4,群益金鼎-開元,2023-01-03,9134
3705,永信,4,0,4,群益金鼎-開元,2023-01-03,9134
4111,濟生,4,0,4,群益金鼎-開元,2023-01-03,9134
6147,頎邦,5,1,4,群益金鼎-開元,2023-01-03,9134
8110,華東,100,0,100,群益金鼎-開元,2023-01-04,9134
2637,慧洋-KY,62,3,59,群益金鼎-開元,2023-01-04,9134
2614,東森,66,14,52,群益金鼎-開元,2023-01-04,9134
2609,陽明,46,6,40,群益金鼎-開元,2023-01-04,9134
2603,長榮,39,1,38,群益金鼎-開元,2023-01-04,9134
6282,康舒,35,4,31,群益金鼎-開元,2023-01-04,9134
2007,燁興,37,6,31,群益金鼎-開元,2023-01-04,9134
00683L,期元大美元指正2,30,0,30,群益金鼎-開元,2023-01-04,9134
4162,智擎,41,18,23,群益金鼎-開元,2023-01-04,9134
2388,威盛,40,20,20,群益金鼎-開元,2023-01-04,9134
8234,新漢,32,17,15,群益金鼎-開元,2023-01-04,9134
00893,國泰智能電動車,13,0,13,群益金鼎-開元,2023-01-04,9134
2634,漢翔,23,10,13,群益金鼎-開元,2023-01-04,9134
2465,麗臺,14,2,12,群益金鼎-開元,2023-01-04,9134
0050,元大台灣50,12,1,11,群益金鼎-開元,2023-01-04,9134
4116,明基醫,11,0,11,群益金鼎-開元,2023-01-04,9134
3037,欣興,18,8,10,群益金鼎-開元,2023-01-04,9134
6153,嘉聯益,10,0,10,群益金鼎-開元,2023-01-04,9134
2705,六福,10,0,10,群益金鼎-開元,2023-01-04,9134
6104,創惟,18,8,10,群益金鼎-開元,2023-01-04,9134
6217,中探針,10,0,10,群益金鼎-開元,2023-01-04,9134
6026,福邦證,10,0,10,群益金鼎-開元,2023-01-04,9134
4931,新盛力,9,0,9,群益金鼎-開元,2023-01-04,9134
2498,宏達電,21,12,9,群益金鼎-開元,2023-01-04,9134
3189,景碩,11,2,9,群益金鼎-開元,2023-01-04,9134
3576,聯合再生,10,2,8,群益金鼎-開元,2023-01-04,9134
3545,敦泰,11,3,8,群益金鼎-開元,2023-01-04,9134
3083,網龍,8,0,8,群益金鼎-開元,2023-01-04,9134
2915,潤泰全,8,0,8,群益金鼎-開元,2023-01-04,9134
1752,南光,19,11,8,群益金鼎-開元,2023-01-04,9134
4746,台耀,10,2,8,群益金鼎-開元,2023-01-04,9134
5013,強新,7,0,7,群益金鼎-開元,2023-01-04,9134
2884,玉山金,7,0,7,群益金鼎-開元,2023-01-04,9134
6456,GIS-KY,7,1,6,群益金鼎-開元,2023-01-04,9134
1762,中化生,6,0,6,群益金鼎-開元,2023-01-04,9134
1720,生達,7,1,6,群益金鼎-開元,2023-01-04,9134
2023,燁輝,10,4,6,群益金鼎-開元,2023-01-04,9134
00878,國泰永續高股息,5,0,5,群益金鼎-開元,2023-01-04,9134
6111,大宇資,6,1,5,群益金鼎-開元,2023-01-04,9134
1608,華榮,14,9,5,群益金鼎-開元,2023-01-04,9134
2867,三商壽,5,0,5,群益金鼎-開元,2023-01-04,9134
3128,昇銳,5,0,5,群益金鼎-開元,2023-01-04,9134
2347,聯強,5,0,5,群益金鼎-開元,2023-01-04,9134
00632R,元大台灣50反1,5,0,5,群益金鼎-開元,2023-01-04,9134
1722,台肥,5,0,5,群益金鼎-開元,2023-01-04,9134
3033,威健,5,0,5,群益金鼎-開元,2023-01-04,9134
6603,富強鑫,5,0,5,群益金鼎-開元,2023-01-04,9134
4906,正文,5,0,5,群益金鼎-開元,2023-01-04,9134
2615,萬海,6,2,4,群益金鼎-開元,2023-01-04,9134
6806,森崴能源,16,12,4,群益金鼎-開元,2023-01-04,9134
4960,誠美材,123,12,111,群益金鼎-開元,2023-01-05,9134
2455,全新,72,0,72,群益金鼎-開元,2023-01-05,9134
8033,雷虎,59,12,47,群益金鼎-開元,2023-01-05,9134
1513,中興電,39,7,32,群益金鼎-開元,2023-01-05,9134
00715L,期街口布蘭特正2,30,0,30,群益金鼎-開元,2023-01-05,9134
8050,廣積,33,11,22,群益金鼎-開元,2023-01-05,9134
6223,旺矽,21,0,21,群益金鼎-開元,2023-01-05,9134
2618,長榮航,21,3,18,群益金鼎-開元,2023-01-05,9134
6446,藥華藥,17,0,17,群益金鼎-開元,2023-01-05,9134
8358,金居,29,15,14,群益金鼎-開元,2023-01-05,9134
4116,明基醫,13,0,13,群益金鼎-開元,2023-01-05,9134
2317,鴻海,15,2,13,群益金鼎-開元,2023-01-05,9134
00893,國泰智能電動車,12,0,12,群益金鼎-開元,2023-01-05,9134
3494,誠研,12,0,12,群益金鼎-開元,2023-01-05,9134
2615,萬海,13,1,12,群益金鼎-開元,2023-01-05,9134
1319,東陽,12,0,12,群益金鼎-開元,2023-01-05,9134
2313,華通,11,0,11,群益金鼎-開元,2023-01-05,9134
8926,台汽電,10,0,10,群益金鼎-開元,2023-01-05,9134
5258,虹堡,10,0,10,群益金鼎-開元,2023-01-05,9134
2368,金像電,10,1,9,群益金鼎-開元,2023-01-05,9134
6235,華孚,8,0,8,群益金鼎-開元,2023-01-05,9134
1467,南緯,20,12,8,群益金鼎-開元,2023-01-05,9134
5014,建錩,8,0,8,群益金鼎-開元,2023-01-05,9134
2610,華航,13,6,7,群益金鼎-開元,2023-01-05,9134
8069,元太,8,2,6,群益金鼎-開元,2023-01-05,9134
4133,亞諾法,6,0,6,群益金鼎-開元,2023-01-05,9134
2030,彰源,10,4,6,群益金鼎-開元,2023-01-05,9134
3027,盛達,9,3,6,群益金鼎-開元,2023-01-05,9134
3013,晟銘電,40,34,6,群益金鼎-開元,2023-01-05,9134
00632R,元大台灣50反1,16,10,6,群益金鼎-開元,2023-01-05,9134
8215,明基材,5,0,5,群益金鼎-開元,2023-01-05,9134
6485,點序,5,0,5,群益金鼎-開元,2023-01-05,9134
1604,聲寶,5,0,5,群益金鼎-開元,2023-01-05,9134
3047,訊舟,5,0,5,群益金鼎-開元,2023-01-05,9134
6568,宏觀,9,4,5,群益金鼎-開元,2023-01-05,9134
3466,德晉,5,0,5,群益金鼎-開元,2023-01-05,9134
6279,胡連,5,0,5,群益金鼎-開元,2023-01-05,9134
1409,新纖,7,2,5,群益金鼎-開元,2023-01-05,9134
3162,精確,6,1,5,群益金鼎-開元,2023-01-05,9134
4979,華星光,12,7,5,群益金鼎-開元,2023-01-05,9134
2028,威致,6,1,5,群益金鼎-開元,2023-01-05,9134
2497,怡利電,5,0,5,群益金鼎-開元,2023-01-05,9134
8415,大國鋼,5,0,5,群益金鼎-開元,2023-01-05,9134
8046,南電,6,2,4,群益金鼎-開元,2023-01-05,9134
00751B,元大AAA至A公司債,4,0,4,群益金鼎-開元,2023-01-05,9134
2359,所羅門,4,0,4,群益金鼎-開元,2023-01-05,9134
2009,第一銅,4,0,4,群益金鼎-開元,2023-01-05,9134
00881,國泰台灣5G+,6,2,4,群益金鼎-開元,2023-01-05,9134
6579,研揚,4,0,4,群益金鼎-開元,2023-01-05,9134
3624,光頡,4,0,4,群益金鼎-開元,2023-01-05,9134
3494,誠研,51,0,51,群益金鼎-開元,2023-01-06,9134
5471,松翰,40,0,40,群益金鼎-開元,2023-01-06,9134
3022,威強電,37,2,35,群益金鼎-開元,2023-01-06,9134
3704,合勤控,35,14,21,群益金鼎-開元,2023-01-06,9134
1795,美時,43,23,20,群益金鼎-開元,2023-01-06,9134
00683L,期元大美元指正2,30,10,20,群益金鼎-開元,2023-01-06,9134
6477,安集,20,1,19,群益金鼎-開元,2023-01-06,9134
8390,金益鼎,43,24,19,群益金鼎-開元,2023-01-06,9134
00632R,元大台灣50反1,15,0,15,群益金鼎-開元,2023-01-06,9134
6533,晶心科,22,8,14,群益金鼎-開元,2023-01-06,9134
6183,關貿,25,11,14,群益金鼎-開元,2023-01-06,9134
5905,南仁湖,24,11,13,群益金鼎-開元,2023-01-06,9134
1514,亞力,12,0,12,群益金鼎-開元,2023-01-06,9134
2637,慧洋-KY,13,2,11,群益金鼎-開元,2023-01-06,9134
6282,康舒,12,1,11,群益金鼎-開元,2023-01-06,9134
2317,鴻海,11,1,10,群益金鼎-開元,2023-01-06,9134
3576,聯合再生,11,1,10,群益金鼎-開元,2023-01-06,9134
2889,國票金,11,1,10,群益金鼎-開元,2023-01-06,9134
8222,寶一,9,0,9,群益金鼎-開元,2023-01-06,9134
2609,陽明,16,7,9,群益金鼎-開元,2023-01-06,9134
1519,華城,12,4,8,群益金鼎-開元,2023-01-06,9134
1909,榮成,10,2,8,群益金鼎-開元,2023-01-06,9134
2388,威盛,33,26,7,群益金鼎-開元,2023-01-06,9134
1720,生達,7,0,7,群益金鼎-開元,2023-01-06,9134
6290,良維,10,3,7,群益金鼎-開元,2023-01-06,9134
3047,訊舟,7,0,7,群益金鼎-開元,2023-01-06,9134
4931,新盛力,10,4,6,群益金鼎-開元,2023-01-06,9134
2023,燁輝,10,4,6,群益金鼎-開元,2023-01-06,9134
0056,元大高股息,6,0,6,群益金鼎-開元,2023-01-06,9134
1464,得力,6,0,6,群益金鼎-開元,2023-01-06,9134
1410,南染,6,0,6,群益金鼎-開元,2023-01-06,9134
2929,淘帝-KY,8,2,6,群益金鼎-開元,2023-01-06,9134
1752,南光,19,13,6,群益金鼎-開元,2023-01-06,9134
4114,健喬,23,18,5,群益金鼎-開元,2023-01-06,9134
1101,台泥,5,0,5,群益金鼎-開元,2023-01-06,9134
2886,兆豐金,5,0,5,群益金鼎-開元,2023-01-06,9134
00679B,元大美債20年,5,0,5,群益金鼎-開元,2023-01-06,9134
00701,國泰股利精選30,5,0,5,群益金鼎-開元,2023-01-06,9134
3466,德晉,10,5,5,群益金鼎-開元,2023-01-06,9134
8091,翔名,5,0,5,群益金鼎-開元,2023-01-06,9134
5321,美而快,9,4,5,群益金鼎-開元,2023-01-06,9134
2906,高林,5,0,5,群益金鼎-開元,2023-01-06,9134
2406,國碩,5,0,5,群益金鼎-開元,2023-01-06,9134
3687,歐買尬,5,0,5,群益金鼎-開元,2023-01-06,9134
1701,中化,42,37,5,群益金鼎-開元,2023-01-06,9134
6118,建達,11,6,5,群益金鼎-開元,2023-01-06,9134
1102,亞泥,5,0,5,群益金鼎-開元,2023-01-06,9134
1314,中石化,5,0,5,群益金鼎-開元,2023-01-06,9134
1609,大亞,5,0,5,群益金鼎-開元,2023-01-06,9134
00881,國泰台灣5G+,4,0,4,群益金鼎-開元,2023-01-06,9134
00632R,元大台灣50反1,93,5,88,群益金鼎-開元,2023-01-09,9134
2614,東森,61,0,61,群益金鼎-開元,2023-01-09,9134
3481,群創,40,10,30,群益金鼎-開元,2023-01-09,9134
8171,天宇,29,2,27,群益金鼎-開元,2023-01-09,9134
8050,廣積,31,9,22,群益金鼎-開元,2023-01-09,9134
1467,南緯,20,0,20,群益金鼎-開元,2023-01-09,9134
1516,川飛,20,0,20,群益金鼎-開元,2023-01-09,9134
6016,康和證,20,0,20,群益金鼎-開元,2023-01-09,9134
5475,德宏,19,3,16,群益金鼎-開元,2023-01-09,9134
1605,華新,80,64,16,群益金鼎-開元,2023-01-09,9134
9933,中鼎,16,0,16,群益金鼎-開元,2023-01-09,9134
2603,長榮,17,4,13,群益金鼎-開元,2023-01-09,9134
2867,三商壽,13,0,13,群益金鼎-開元,2023-01-09,9134
1709,和益,12,0,12,群益金鼎-開元,2023-01-09,9134
6176,瑞儀,11,0,11,群益金鼎-開元,2023-01-09,9134
3680,家登,11,0,11,群益金鼎-開元,2023-01-09,9134
4167,松瑞藥,32,21,11,群益金鼎-開元,2023-01-09,9134
6446,藥華藥,10,0,10,群益金鼎-開元,2023-01-09,9134
6443,元晶,30,20,10,群益金鼎-開元,2023-01-09,9134
2419,仲琦,32,22,10,群益金鼎-開元,2023-01-09,9134
2486,一詮,12,2,10,群益金鼎-開元,2023-01-09,9134
3047,訊舟,11,1,10,群益金鼎-開元,2023-01-09,9134
8069,元太,19,9,10,群益金鼎-開元,2023-01-09,9134
6118,建達,42,33,9,群益金鼎-開元,2023-01-09,9134
6477,安集,10,1,9,群益金鼎-開元,2023-01-09,9134
1519,華城,11,2,9,群益金鼎-開元,2023-01-09,9134
4417,金洲,8,0,8,群益金鼎-開元,2023-01-09,9134
4934,太極,8,0,8,群益金鼎-開元,2023-01-09,9134
2906,高林,7,0,7,群益金鼎-開元,2023-01-09,9134
6218,豪勉,6,0,6,群益金鼎-開元,2023-01-09,9134
2615,萬海,20,14,6,群益金鼎-開元,2023-01-09,9134
2609,陽明,18,12,6,群益金鼎-開元,2023-01-09,9134
4102,永日,21,15,6,群益金鼎-開元,2023-01-09,9134
2441,超豐,6,0,6,群益金鼎-開元,2023-01-09,9134
4133,亞諾法,6,0,6,群益金鼎-開元,2023-01-09,9134
5014,建錩,6,0,6,群益金鼎-開元,2023-01-09,9134
6472,保瑞,9,3,6,群益金鼎-開元,2023-01-09,9134
8476,台境*,6,0,6,群益金鼎-開元,2023-01-09,9134
5609,中菲行,5,0,5,群益金鼎-開元,2023-01-09,9134
1752,南光,7,2,5,群益金鼎-開元,2023-01-09,9134
3268,海德威,5,0,5,群益金鼎-開元,2023-01-09,9134
4106,雃博,5,0,5,群益金鼎-開元,2023-01-09,9134
5351,鈺創,5,0,5,群益金鼎-開元,2023-01-09,9134
2718,全心投控,5,0,5,群益金鼎-開元,2023-01-09,9134
2358,廷鑫,5,0,5,群益金鼎-開元,2023-01-09,9134
4961,天鈺,9,4,5,群益金鼎-開元,2023-01-09,9134
1219,福壽,5,0,5,群益金鼎-開元,2023-01-09,9134
8463,潤泰材,5,0,5,群益金鼎-開元,2023-01-09,9134
00900,富邦特選高股息30,4,0,4,群益金鼎-開元,2023-01-09,9134
3665,貿聯-KY,5,1,4,群益金鼎-開元,2023-01-09,9134
1795,美時,60,0,60,群益金鼎-開元,2023-01-10,9134
3163,波若威,45,6,39,群益金鼎-開元,2023-01-10,9134
1701,中化,23,0,23,群益金鼎-開元,2023-01-10,9134
1467,南緯,22,0,22,群益金鼎-開元,2023-01-10,9134
2413,環科,22,1,21,群益金鼎-開元,2023-01-10,9134
2614,東森,20,0,20,群益金鼎-開元,2023-01-10,9134
1708,東鹼,20,0,20,群益金鼎-開元,2023-01-10,9134
00751B,元大AAA至A公司債,15,0,15,群益金鼎-開元,2023-01-10,9134
3322,建舜電,15,0,15,群益金鼎-開元,2023-01-10,9134
2023,燁輝,22,7,15,群益金鼎-開元,2023-01-10,9134
1444,力麗,25,11,14,群益金鼎-開元,2023-01-10,9134
00632R,元大台灣50反1,19,5,14,群益金鼎-開元,2023-01-10,9134
00893,國泰智能電動車,15,2,13,群益金鼎-開元,2023-01-10,9134
1514,亞力,13,0,13,群益金鼎-開元,2023-01-10,9134
2201,裕隆,28,16,12,群益金鼎-開元,2023-01-10,9134
6477,安集,10,0,10,群益金鼎-開元,2023-01-10,9134
1709,和益,10,0,10,群益金鼎-開元,2023-01-10,9134
1584,精剛,10,0,10,群益金鼎-開元,2023-01-10,9134
3576,聯合再生,11,2,9,群益金鼎-開元,2023-01-10,9134
1453,大將,9,0,9,群益金鼎-開元,2023-01-10,9134
2609,陽明,8,1,7,群益金鼎-開元,2023-01-10,9134
8105,凌巨,38,31,7,群益金鼎-開元,2023-01-10,9134
8289,泰藝,9,2,7,群益金鼎-開元,2023-01-10,9134
2906,高林,6,0,6,群益金鼎-開元,2023-01-10,9134
6443,元晶,33,27,6,群益金鼎-開元,2023-01-10,9134
5014,建錩,6,0,6,群益金鼎-開元,2023-01-10,9134
00878,國泰永續高股息,6,1,5,群益金鼎-開元,2023-01-10,9134
2915,潤泰全,5,0,5,群益金鼎-開元,2023-01-10,9134
1312,國喬,5,0,5,群益金鼎-開元,2023-01-10,9134
3209,全科,6,1,5,群益金鼎-開元,2023-01-10,9134
6223,旺矽,7,2,5,群益金鼎-開元,2023-01-10,9134
2883,凱基金,8,3,5,群益金鼎-開元,2023-01-10,9134
6124,業強,5,0,5,群益金鼎-開元,2023-01-10,9134
4960,誠美材,7,2,5,群益金鼎-開元,2023-01-10,9134
1609,大亞,5,0,5,群益金鼎-開元,2023-01-10,9134
1524,耿鼎,5,1,4,群益金鼎-開元,2023-01-10,9134
1789,神隆,4,0,4,群益金鼎-開元,2023-01-10,9134
6282,康舒,4,0,4,群益金鼎-開元,2023-01-10,9134
3454,晶睿,12,8,4,群益金鼎-開元,2023-01-10,9134
3004,豐達科,6,2,4,群益金鼎-開元,2023-01-10,9134
3022,威強電,5,1,4,群益金鼎-開元,2023-01-10,9134
3027,盛達,5,1,4,群益金鼎-開元,2023-01-10,9134
6472,保瑞,10,6,4,群益金鼎-開元,2023-01-10,9134
8476,台境*,4,0,4,群益金鼎-開元,2023-01-10,9134
6415,矽力*-KY,4,1,3,群益金鼎-開元,2023-01-10,9134
3705,永信,3,0,3,群益金鼎-開元,2023-01-10,9134
3706,神達,3,0,3,群益金鼎-開元,2023-01-10,9134
1762,中化生,3,0,3,群益金鼎-開元,2023-01-10,9134
2017,官田鋼,3,0,3,群益金鼎-開元,2023-01-10,9134
6550,北極星藥業-KY,5,2,3,群益金鼎-開元,2023-01-10,9134
2313,華通,51,7,44,群益金鼎-開元,2023-01-11,9134
3704,合勤控,45,4,41,群益金鼎-開元,2023-01-11,9134
6016,康和證,40,0,40,群益金鼎-開元,2023-01-11,9134
2614,東森,143,110,33,群益金鼎-開元,2023-01-11,9134
2520,冠德,25,0,25,群益金鼎-開元,2023-01-11,9134
2897,王道銀行,24,1,23,群益金鼎-開元,2023-01-11,9134
2324,仁寶,22,2,20,群益金鼎-開元,2023-01-11,9134
2892,第一金,20,1,19,群益金鼎-開元,2023-01-11,9134
2009,第一銅,20,2,18,群益金鼎-開元,2023-01-11,9134
1609,大亞,21,3,18,群益金鼎-開元,2023-01-11,9134
3293,鈊象,17,0,17,群益金鼎-開元,2023-01-11,9134
3178,公準,15,0,15,群益金鼎-開元,2023-01-11,9134
4417,金洲,15,0,15,群益金鼎-開元,2023-01-11,9134
3038,全台,14,0,14,群益金鼎-開元,2023-01-11,9134
2007,燁興,22,8,14,群益金鼎-開元,2023-01-11,9134
8433,弘帆,11,0,11,群益金鼎-開元,2023-01-11,9134
00683L,期元大美元指正2,10,0,10,群益金鼎-開元,2023-01-11,9134
6015,宏遠證,10,0,10,群益金鼎-開元,2023-01-11,9134
5704,老爺知,10,0,10,群益金鼎-開元,2023-01-11,9134
5351,鈺創,16,6,10,群益金鼎-開元,2023-01-11,9134
6182,合晶,18,8,10,群益金鼎-開元,2023-01-11,9134
8234,新漢,20,10,10,群益金鼎-開元,2023-01-11,9134
6472,保瑞,16,8,8,群益金鼎-開元,2023-01-11,9134
5864,致和證,8,0,8,群益金鼎-開元,2023-01-11,9134
3661,世芯-KY,6,0,6,群益金鼎-開元,2023-01-11,9134
4747,強生,7,1,6,群益金鼎-開元,2023-01-11,9134
4572,駐龍,6,0,6,群益金鼎-開元,2023-01-11,9134
2302,麗正,6,0,6,群益金鼎-開元,2023-01-11,9134
2615,萬海,6,0,6,群益金鼎-開元,2023-01-11,9134
3048,益登,6,0,6,群益金鼎-開元,2023-01-11,9134
2359,所羅門,6,0,6,群益金鼎-開元,2023-01-11,9134
1605,華新,25,19,6,群益金鼎-開元,2023-01-11,9134
6175,立敦,5,0,5,群益金鼎-開元,2023-01-11,9134
2363,矽統,5,0,5,群益金鼎-開元,2023-01-11,9134
4999,鑫禾,5,0,5,群益金鼎-開元,2023-01-11,9134
3163,波若威,10,5,5,群益金鼎-開元,2023-01-11,9134
1528,恩德,5,0,5,群益金鼎-開元,2023-01-11,9134
4979,華星光,16,11,5,群益金鼎-開元,2023-01-11,9134
00715L,期街口布蘭特正2,5,0,5,群益金鼎-開元,2023-01-11,9134
4164,承業醫,5,0,5,群益金鼎-開元,2023-01-11,9134
2618,長榮航,17,12,5,群益金鼎-開元,2023-01-11,9134
5321,美而快,6,1,5,群益金鼎-開元,2023-01-11,9134
4162,智擎,5,1,4,群益金鼎-開元,2023-01-11,9134
8097,常珵,7,3,4,群益金鼎-開元,2023-01-11,9134
3083,網龍,4,0,4,群益金鼎-開元,2023-01-11,9134
8046,南電,5,1,4,群益金鼎-開元,2023-01-11,9134
3374,精材,6,2,4,群益金鼎-開元,2023-01-11,9134
2338,光罩,9,5,4,群益金鼎-開元,2023-01-11,9134
00885,富邦越南,4,0,4,群益金鼎-開元,2023-01-11,9134
8440,綠電,4,0,4,群益金鼎-開元,2023-01-11,9134
2603,長榮,77,12,65,群益金鼎-開元,2023-01-12,9134
3704,合勤控,67,15,52,群益金鼎-開元,2023-01-12,9134
1795,美時,52,6,46,群益金鼎-開元,2023-01-12,9134
6712,長聖,42,0,42,群益金鼎-開元,2023-01-12,9134
4743,合一,45,4,41,群益金鼎-開元,2023-01-12,9134
2358,廷鑫,52,15,37,群益金鼎-開元,2023-01-12,9134
2889,國票金,34,1,33,群益金鼎-開元,2023-01-12,9134
2609,陽明,33,1,32,群益金鼎-開元,2023-01-12,9134
00878,國泰永續高股息,36,5,31,群益金鼎-開元,2023-01-12,9134
00882,中信中國高股息,27,0,27,群益金鼎-開元,2023-01-12,9134
2867,三商壽,21,0,21,群益金鼎-開元,2023-01-12,9134
1312,國喬,20,0,20,群益金鼎-開元,2023-01-12,9134
2641,正德,20,0,20,群益金鼎-開元,2023-01-12,9134
2880,華南金,23,4,19,群益金鼎-開元,2023-01-12,9134
5009,榮剛,18,2,16,群益金鼎-開元,2023-01-12,9134
3494,誠研,16,0,16,群益金鼎-開元,2023-01-12,9134
6533,晶心科,17,3,14,群益金鼎-開元,2023-01-12,9134
4904,遠傳,11,0,11,群益金鼎-開元,2023-01-12,9134
00905,FT臺灣Smart,11,0,11,群益金鼎-開元,2023-01-12,9134
5222,全訊,12,1,11,群益金鼎-開元,2023-01-12,9134
2402,毅嘉,11,0,11,群益金鼎-開元,2023-01-12,9134
8028,昇陽半導體,11,0,11,群益金鼎-開元,2023-01-12,9134
6015,宏遠證,10,0,10,群益金鼎-開元,2023-01-12,9134
00632R,元大台灣50反1,10,0,10,群益金鼎-開元,2023-01-12,9134
1709,和益,10,0,10,群益金鼎-開元,2023-01-12,9134
2845,遠東銀,10,0,10,群益金鼎-開元,2023-01-12,9134
8249,菱光,10,0,10,群益金鼎-開元,2023-01-12,9134
2610,華航,20,11,9,群益金鼎-開元,2023-01-12,9134
4960,誠美材,10,1,9,群益金鼎-開元,2023-01-12,9134
3481,群創,11,2,9,群益金鼎-開元,2023-01-12,9134
6124,業強,14,6,8,群益金鼎-開元,2023-01-12,9134
6111,大宇資,8,0,8,群益金鼎-開元,2023-01-12,9134
5483,中美晶,9,1,8,群益金鼎-開元,2023-01-12,9134
3048,益登,10,2,8,群益金鼎-開元,2023-01-12,9134
1467,南緯,10,2,8,群益金鼎-開元,2023-01-12,9134
6770,力積電,9,1,8,群益金鼎-開元,2023-01-12,9134
1410,南染,7,0,7,群益金鼎-開元,2023-01-12,9134
5321,美而快,8,2,6,群益金鼎-開元,2023-01-12,9134
00919,群益台灣精選高息,6,0,6,群益金鼎-開元,2023-01-12,9134
2812,台中銀,6,0,6,群益金鼎-開元,2023-01-12,9134
3576,聯合再生,6,0,6,群益金鼎-開元,2023-01-12,9134
3207,耀勝,6,0,6,群益金鼎-開元,2023-01-12,9134
5905,南仁湖,7,1,6,群益金鼎-開元,2023-01-12,9134
2324,仁寶,6,0,6,群益金鼎-開元,2023-01-12,9134
1229,聯華,5,0,5,群益金鼎-開元,2023-01-12,9134
9962,有益,5,0,5,群益金鼎-開元,2023-01-12,9134
0056,元大高股息,10,5,5,群益金鼎-開元,2023-01-12,9134
1701,中化,6,1,5,群益金鼎-開元,2023-01-12,9134
2614,東森,8,3,5,群益金鼎-開元,2023-01-12,9134
2457,飛宏,5,0,5,群益金鼎-開元,2023-01-12,9134
3704,合勤控,63,6,57,群益金鼎-開元,2023-01-13,9134
2889,國票金,51,11,40,群益金鼎-開元,2023-01-13,9134
2206,三陽工業,50,17,33,群益金鼎-開元,2023-01-13,9134
6026,福邦證,30,0,30,群益金鼎-開元,2023-01-13,9134
2609,陽明,28,4,24,群益金鼎-開元,2023-01-13,9134
2313,華通,25,2,23,群益金鼎-開元,2023-01-13,9134
00632R,元大台灣50反1,26,5,21,群益金鼎-開元,2023-01-13,9134
3494,誠研,20,0,20,群益金鼎-開元,2023-01-13,9134
3048,益登,15,0,15,群益金鼎-開元,2023-01-13,9134
8933,愛地雅,16,1,15,群益金鼎-開元,2023-01-13,9134
1609,大亞,12,0,12,群益金鼎-開元,2023-01-13,9134
3209,全科,11,0,11,群益金鼎-開元,2023-01-13,9134
2312,金寶,11,0,11,群益金鼎-開元,2023-01-13,9134
2317,鴻海,15,5,10,群益金鼎-開元,2023-01-13,9134
1528,恩德,10,0,10,群益金鼎-開元,2023-01-13,9134
6217,中探針,10,0,10,群益金鼎-開元,2023-01-13,9134
2906,高林,10,0,10,群益金鼎-開元,2023-01-13,9134
0055,元大MSCI金融,10,0,10,群益金鼎-開元,2023-01-13,9134
6015,宏遠證,10,0,10,群益金鼎-開元,2023-01-13,9134
00878,國泰永續高股息,10,0,10,群益金鼎-開元,2023-01-13,9134
2885,元大金,10,1,9,群益金鼎-開元,2023-01-13,9134
5263,智崴,17,9,8,群益金鼎-開元,2023-01-13,9134
3374,精材,13,6,7,群益金鼎-開元,2023-01-13,9134
2419,仲琦,7,0,7,群益金鼎-開元,2023-01-13,9134
3356,奇偶,7,0,7,群益金鼎-開元,2023-01-13,9134
4102,永日,13,6,7,群益金鼎-開元,2023-01-13,9134
4919,新唐,7,1,6,群益金鼎-開元,2023-01-13,9134
1313,聯成,8,2,6,群益金鼎-開元,2023-01-13,9134
6788,華景電,9,3,6,群益金鼎-開元,2023-01-13,9134
5347,世界,21,15,6,群益金鼎-開元,2023-01-13,9134
2009,第一銅,9,4,5,群益金鼎-開元,2023-01-13,9134
1605,華新,49,44,5,群益金鼎-開元,2023-01-13,9134
2365,昆盈,5,0,5,群益金鼎-開元,2023-01-13,9134
2884,玉山金,5,0,5,群益金鼎-開元,2023-01-13,9134
6147,頎邦,5,0,5,群益金鼎-開元,2023-01-13,9134
3576,聯合再生,5,0,5,群益金鼎-開元,2023-01-13,9134
1307,三芳,5,0,5,群益金鼎-開元,2023-01-13,9134
2520,冠德,5,0,5,群益金鼎-開元,2023-01-13,9134
4960,誠美材,5,0,5,群益金鼎-開元,2023-01-13,9134
1809,中釉,5,0,5,群益金鼎-開元,2023-01-13,9134
00720B,元大投資級公司債,5,0,5,群益金鼎-開元,2023-01-13,9134
1608,華榮,7,2,5,群益金鼎-開元,2023-01-13,9134
6609,瀧澤科,5,0,5,群益金鼎-開元,2023-01-13,9134
00919,群益台灣精選高息,5,0,5,群益金鼎-開元,2023-01-13,9134
4747,強生,6,1,5,群益金鼎-開元,2023-01-13,9134
5706,鳳凰,5,0,5,群益金鼎-開元,2023-01-13,9134
00770,國泰北美科技,5,0,5,群益金鼎-開元,2023-01-13,9134
5388,中磊,5,0,5,群益金鼎-開元,2023-01-13,9134
6274,台燿,5,0,5,群益金鼎-開元,2023-01-13,9134
00692,富邦公司治理,4,0,4,群益金鼎-開元,2023-01-13,9134
00632R,元大台灣50反1,165,0,165,群益金鼎-開元,2023-01-16,9134
5284,jpp-KY,133,31,102,群益金鼎-開元,2023-01-16,9134
6015,宏遠證,74,0,74,群益金鼎-開元,2023-01-16,9134
3479,安勤,51,3,48,群益金鼎-開元,2023-01-16,9134
2609,陽明,37,7,30,群益金鼎-開元,2023-01-16,9134
00882,中信中國高股息,26,5,21,群益金鼎-開元,2023-01-16,9134
3048,益登,20,0,20,群益金鼎-開元,2023-01-16,9134
6026,福邦證,20,0,20,群益金鼎-開元,2023-01-16,9134
00669R,國泰美國道瓊反1,20,0,20,群益金鼎-開元,2023-01-16,9134
4536,拓凱,20,0,20,群益金鼎-開元,2023-01-16,9134
00891,中信關鍵半導體,20,0,20,群益金鼎-開元,2023-01-16,9134
3494,誠研,20,1,19,群益金鼎-開元,2023-01-16,9134
4763,材料-KY,30,11,19,群益金鼎-開元,2023-01-16,9134
2317,鴻海,22,4,18,群益金鼎-開元,2023-01-16,9134
3704,合勤控,20,5,15,群益金鼎-開元,2023-01-16,9134
8933,愛地雅,22,7,15,群益金鼎-開元,2023-01-16,9134
2468,華經,15,2,13,群益金鼎-開元,2023-01-16,9134
1609,大亞,10,0,10,群益金鼎-開元,2023-01-16,9134
00770,國泰北美科技,12,2,10,群益金鼎-開元,2023-01-16,9134
6670,復盛應用,10,0,10,群益金鼎-開元,2023-01-16,9134
4908,前鼎,10,0,10,群益金鼎-開元,2023-01-16,9134
6443,元晶,12,3,9,群益金鼎-開元,2023-01-16,9134
2884,玉山金,10,1,9,群益金鼎-開元,2023-01-16,9134
00751B,元大AAA至A公司債,8,0,8,群益金鼎-開元,2023-01-16,9134
6477,安集,8,0,8,群益金鼎-開元,2023-01-16,9134
1319,東陽,9,1,8,群益金鼎-開元,2023-01-16,9134
2610,華航,9,1,8,群益金鼎-開元,2023-01-16,9134
2603,長榮,9,1,8,群益金鼎-開元,2023-01-16,9134
2338,光罩,10,3,7,群益金鼎-開元,2023-01-16,9134
1522,堤維西,7,0,7,群益金鼎-開元,2023-01-16,9134
00673R,期元大S＆P原油反1,7,0,7,群益金鼎-開元,2023-01-16,9134
1439,雋揚,7,0,7,群益金鼎-開元,2023-01-16,9134
5608,四維航,7,1,6,群益金鼎-開元,2023-01-16,9134
2637,慧洋-KY,6,0,6,群益金鼎-開元,2023-01-16,9134
8358,金居,16,10,6,群益金鼎-開元,2023-01-16,9134
00878,國泰永續高股息,8,3,5,群益金鼎-開元,2023-01-16,9134
00671R,富邦NASDAQ反1,5,0,5,群益金鼎-開元,2023-01-16,9134
4123,晟德,5,0,5,群益金鼎-開元,2023-01-16,9134
1308,亞聚,5,0,5,群益金鼎-開元,2023-01-16,9134
2342,茂矽,5,0,5,群益金鼎-開元,2023-01-16,9134
5309,系統電,5,0,5,群益金鼎-開元,2023-01-16,9134
4960,誠美材,5,0,5,群益金鼎-開元,2023-01-16,9134
6188,廣明,5,0,5,群益金鼎-開元,2023-01-16,9134
6770,力積電,8,3,5,群益金鼎-開元,2023-01-16,9134
1605,華新,30,26,4,群益金鼎-開元,2023-01-16,9134
2034,允強,5,1,4,群益金鼎-開元,2023-01-16,9134
8234,新漢,5,1,4,群益金鼎-開元,2023-01-16,9134
2465,麗臺,16,12,4,群益金鼎-開元,2023-01-16,9134
1467,南緯,4,0,4,群益金鼎-開元,2023-01-16,9134
6213,聯茂,4,0,4,群益金鼎-開元,2023-01-16,9134
4114,健喬,56,4,52,群益金鼎-開元,2023-01-17,9134
8069,元太,39,13,26,群益金鼎-開元,2023-01-17,9134
4979,華星光,27,2,25,群益金鼎-開元,2023-01-17,9134
00878,國泰永續高股息,34,10,24,群益金鼎-開元,2023-01-17,9134
8046,南電,21,0,21,群益金鼎-開元,2023-01-17,9134
2884,玉山金,21,0,21,群益金鼎-開元,2023-01-17,9134
6477,安集,22,1,21,群益金鼎-開元,2023-01-17,9134
2886,兆豐金,21,1,20,群益金鼎-開元,2023-01-17,9134
8390,金益鼎,20,0,20,群益金鼎-開元,2023-01-17,9134
00632R,元大台灣50反1,29,10,19,群益金鼎-開元,2023-01-17,9134
9933,中鼎,15,0,15,群益金鼎-開元,2023-01-17,9134
00679B,元大美債20年,13,0,13,群益金鼎-開元,2023-01-17,9134
2317,鴻海,13,0,13,群益金鼎-開元,2023-01-17,9134
2204,中華,12,0,12,群益金鼎-開元,2023-01-17,9134
0050,元大台灣50,12,0,12,群益金鼎-開元,2023-01-17,9134
6807,峰源-KY,11,0,11,群益金鼎-開元,2023-01-17,9134
2880,華南金,12,1,11,群益金鼎-開元,2023-01-17,9134
2891,中信金,13,2,11,群益金鼎-開元,2023-01-17,9134
2323,中環,10,0,10,群益金鼎-開元,2023-01-17,9134
3714,富采,10,0,10,群益金鼎-開元,2023-01-17,9134
2313,華通,10,0,10,群益金鼎-開元,2023-01-17,9134
5864,致和證,10,0,10,群益金鼎-開元,2023-01-17,9134
4931,新盛力,10,0,10,群益金鼎-開元,2023-01-17,9134
5469,瀚宇博,10,1,9,群益金鼎-開元,2023-01-17,9134
6443,元晶,12,4,8,群益金鼎-開元,2023-01-17,9134
1909,榮成,10,3,7,群益金鼎-開元,2023-01-17,9134
3687,歐買尬,8,2,6,群益金鼎-開元,2023-01-17,9134
3047,訊舟,6,0,6,群益金鼎-開元,2023-01-17,9134
5258,虹堡,6,0,6,群益金鼎-開元,2023-01-17,9134
2610,華航,14,8,6,群益金鼎-開元,2023-01-17,9134
5471,松翰,5,0,5,群益金鼎-開元,2023-01-17,9134
2342,茂矽,5,0,5,群益金鼎-開元,2023-01-17,9134
6689,伊雲谷,6,1,5,群益金鼎-開元,2023-01-17,9134
6153,嘉聯益,5,0,5,群益金鼎-開元,2023-01-17,9134
8415,大國鋼,5,0,5,群益金鼎-開元,2023-01-17,9134
2883,凱基金,6,1,5,群益金鼎-開元,2023-01-17,9134
00770,國泰北美科技,6,1,5,群益金鼎-開元,2023-01-17,9134
3037,欣興,16,12,4,群益金鼎-開元,2023-01-17,9134
5475,德宏,4,0,4,群益金鼎-開元,2023-01-17,9134
1560,中砂,12,8,4,群益金鼎-開元,2023-01-17,9134
3520,華盈,4,0,4,群益金鼎-開元,2023-01-17,9134
2324,仁寶,6,2,4,群益金鼎-開元,2023-01-17,9134
2358,廷鑫,5,1,4,群益金鼎-開元,2023-01-17,9134
9962,有益,4,0,4,群益金鼎-開元,2023-01-17,9134
2465,麗臺,15,12,3,群益金鼎-開元,2023-01-17,9134
6535,順藥,3,0,3,群益金鼎-開元,2023-01-17,9134
6155,鈞寶,3,0,3,群益金鼎-開元,2023-01-17,9134
5530,龍巖,3,0,3,群益金鼎-開元,2023-01-17,9134
6829,千附精密,3,0,3,群益金鼎-開元,2023-01-17,9134
4171,瑞基,3,0,3,群益金鼎-開元,2023-01-17,9134
00882,中信中國高股息,86,1,85,群益金鼎-開元,2023-01-30,9134
2371,大同,82,0,82,群益金鼎-開元,2023-01-30,9134
2867,三商壽,60,0,60,群益金鼎-開元,2023-01-30,9134
1795,美時,75,23,52,群益金鼎-開元,2023-01-30,9134
9105,泰金寶-DR,40,0,40,群益金鼎-開元,2023-01-30,9134
6139,亞翔,33,1,32,群益金鼎-開元,2023-01-30,9134
00878,國泰永續高股息,66,45,21,群益金鼎-開元,2023-01-30,9134
00633L,富邦上証正2,20,0,20,群益金鼎-開元,2023-01-30,9134
2317,鴻海,26,10,16,群益金鼎-開元,2023-01-30,9134
6245,立端,13,0,13,群益金鼎-開元,2023-01-30,9134
00671R,富邦NASDAQ反1,11,0,11,群益金鼎-開元,2023-01-30,9134
6187,萬潤,13,2,11,群益金鼎-開元,2023-01-30,9134
6155,鈞寶,11,0,11,群益金鼎-開元,2023-01-30,9134
1314,中石化,20,10,10,群益金鼎-開元,2023-01-30,9134
2615,萬海,14,4,10,群益金鼎-開元,2023-01-30,9134
00637L,元大滬深300正2,11,1,10,群益金鼎-開元,2023-01-30,9134
8234,新漢,10,0,10,群益金鼎-開元,2023-01-30,9134
2851,中再保,10,0,10,群益金鼎-開元,2023-01-30,9134
6732,昇佳電子,10,0,10,群益金鼎-開元,2023-01-30,9134
4164,承業醫,10,0,10,群益金鼎-開元,2023-01-30,9134
2497,怡利電,10,0,10,群益金鼎-開元,2023-01-30,9134
6026,福邦證,10,0,10,群益金鼎-開元,2023-01-30,9134
00737,國泰AI+Robo,10,0,10,群益金鼎-開元,2023-01-30,9134
1519,華城,10,1,9,群益金鼎-開元,2023-01-30,9134
8349,�矬�,12,3,9,群益金鼎-開元,2023-01-30,9134
1514,亞力,18,9,9,群益金鼎-開元,2023-01-30,9134
1513,中興電,13,5,8,群益金鼎-開元,2023-01-30,9134
2028,威致,10,2,8,群益金鼎-開元,2023-01-30,9134
9802,鈺齊-KY,7,0,7,群益金鼎-開元,2023-01-30,9134
1709,和益,7,0,7,群益金鼎-開元,2023-01-30,9134
8933,愛地雅,12,5,7,群益金鼎-開元,2023-01-30,9134
5905,南仁湖,9,2,7,群益金鼎-開元,2023-01-30,9134
5009,榮剛,8,2,6,群益金鼎-開元,2023-01-30,9134
4105,東洋,6,0,6,群益金鼎-開元,2023-01-30,9134
6188,廣明,6,0,6,群益金鼎-開元,2023-01-30,9134
1802,台玻,11,5,6,群益金鼎-開元,2023-01-30,9134
6205,詮欣,6,0,6,群益金鼎-開元,2023-01-30,9134
2603,長榮,7,2,5,群益金鼎-開元,2023-01-30,9134
2383,台光電,5,0,5,群益金鼎-開元,2023-01-30,9134
2349,錸德,5,0,5,群益金鼎-開元,2023-01-30,9134
1512,瑞利,5,0,5,群益金鼎-開元,2023-01-30,9134
6122,擎邦,5,0,5,群益金鼎-開元,2023-01-30,9134
2637,慧洋-KY,6,1,5,群益金鼎-開元,2023-01-30,9134
9960,邁達康,5,0,5,群益金鼎-開元,2023-01-30,9134
8996,高力,12,7,5,群益金鼎-開元,2023-01-30,9134
5309,系統電,10,5,5,群益金鼎-開元,2023-01-30,9134
3016,嘉晶,7,2,5,群益金鼎-開元,2023-01-30,9134
2731,雄獅,6,1,5,群益金鼎-開元,2023-01-30,9134
3033,威健,5,0,5,群益金鼎-開元,2023-01-30,9134
6531,愛普*,5,0,5,群益金鼎-開元,2023-01-30,9134
00905,FT臺灣Smart,110,33,77,群益金鼎-開元,2023-01-31,9134
2892,第一金,39,0,39,群益金鼎-開元,2023-01-31,9134
00878,國泰永續高股息,54,20,34,群益金鼎-開元,2023-01-31,9134
2906,高林,30,0,30,群益金鼎-開元,2023-01-31,9134
1605,華新,114,89,25,群益金鼎-開元,2023-01-31,9134
9105,泰金寶-DR,21,0,21,群益金鼎-開元,2023-01-31,9134
6275,元山,20,0,20,群益金鼎-開元,2023-01-31,9134
2104,國際中橡,20,0,20,群益金鼎-開元,2023-01-31,9134
5347,世界,23,3,20,群益金鼎-開元,2023-01-31,9134
2330,台積電,29,10,19,群益金鼎-開元,2023-01-31,9134
4114,健喬,21,2,19,群益金鼎-開元,2023-01-31,9134
6143,振曜,17,0,17,群益金鼎-開元,2023-01-31,9134
0056,元大高股息,17,0,17,群益金鼎-開元,2023-01-31,9134
2323,中環,15,0,15,群益金鼎-開元,2023-01-31,9134
2880,華南金,14,0,14,群益金鼎-開元,2023-01-31,9134
2883,凱基金,21,7,14,群益金鼎-開元,2023-01-31,9134
00882,中信中國高股息,13,0,13,群益金鼎-開元,2023-01-31,9134
6807,峰源-KY,13,0,13,群益金鼎-開元,2023-01-31,9134
3380,明泰,12,0,12,群益金鼎-開元,2023-01-31,9134
00885,富邦越南,11,0,11,群益金鼎-開元,2023-01-31,9134
1101,台泥,16,5,11,群益金鼎-開元,2023-01-31,9134
8069,元太,34,24,10,群益金鼎-開元,2023-01-31,9134
3317,尼克森,10,0,10,群益金鼎-開元,2023-01-31,9134
2030,彰源,10,0,10,群益金鼎-開元,2023-01-31,9134
2033,佳大,10,0,10,群益金鼎-開元,2023-01-31,9134
2349,錸德,15,5,10,群益金鼎-開元,2023-01-31,9134
3413,京鼎,10,0,10,群益金鼎-開元,2023-01-31,9134
00671R,富邦NASDAQ反1,10,0,10,群益金鼎-開元,2023-01-31,9134
6188,廣明,10,0,10,群益金鼎-開元,2023-01-31,9134
1464,得力,10,0,10,群益金鼎-開元,2023-01-31,9134
2436,偉詮電,10,0,10,群益金鼎-開元,2023-01-31,9134
0050,元大台灣50,10,1,9,群益金鼎-開元,2023-01-31,9134
2208,台船,11,2,9,群益金鼎-開元,2023-01-31,9134
1809,中釉,15,6,9,群益金鼎-開元,2023-01-31,9134
5009,榮剛,10,1,9,群益金鼎-開元,2023-01-31,9134
2376,技嘉,10,1,9,群益金鼎-開元,2023-01-31,9134
4979,華星光,9,1,8,群益金鼎-開元,2023-01-31,9134
8261,富鼎,10,2,8,群益金鼎-開元,2023-01-31,9134
2610,華航,16,8,8,群益金鼎-開元,2023-01-31,9134
4961,天鈺,12,4,8,群益金鼎-開元,2023-01-31,9134
00720B,元大投資級公司債,8,0,8,群益金鼎-開元,2023-01-31,9134
2007,燁興,8,1,7,群益金鼎-開元,2023-01-31,9134
6235,華孚,9,2,7,群益金鼎-開元,2023-01-31,9134
4105,東洋,6,0,6,群益金鼎-開元,2023-01-31,9134
5871,中租-KY,6,0,6,群益金鼎-開元,2023-01-31,9134
00679B,元大美債20年,5,0,5,群益金鼎-開元,2023-01-31,9134
3037,欣興,9,4,5,群益金鼎-開元,2023-01-31,9134
2887,台新金,6,1,5,群益金鼎-開元,2023-01-31,9134
3017,奇鋐,5,0,5,群益金鼎-開元,2023-01-31,9134
2886,兆豐金,5,0,5,群益金鼎-開元,2023-01-31,9134
2883,凱基金,323,2,321,群益金鼎-開元,2023-02-01,9134
4931,新盛力,210,21,189,群益金鼎-開元,2023-02-01,9134
6770,力積電,105,33,72,群益金鼎-開元,2023-02-01,9134
4114,健喬,52,3,49,群益金鼎-開元,2023-02-01,9134
3305,昇貿,52,14,38,群益金鼎-開元,2023-02-01,9134
8429,金麗-KY,34,0,34,群益金鼎-開元,2023-02-01,9134
4164,承業醫,36,8,28,群益金鼎-開元,2023-02-01,9134
6122,擎邦,27,0,27,群益金鼎-開元,2023-02-01,9134
2009,第一銅,42,17,25,群益金鼎-開元,2023-02-01,9134
2891,中信金,23,1,22,群益金鼎-開元,2023-02-01,9134
00878,國泰永續高股息,22,1,21,群益金鼎-開元,2023-02-01,9134
8050,廣積,35,14,21,群益金鼎-開元,2023-02-01,9134
2317,鴻海,20,2,18,群益金鼎-開元,2023-02-01,9134
4974,亞泰,18,1,17,群益金鼎-開元,2023-02-01,9134
6550,北極星藥業-KY,22,6,16,群益金鼎-開元,2023-02-01,9134
00905,FT臺灣Smart,14,0,14,群益金鼎-開元,2023-02-01,9134
1464,得力,10,0,10,群益金鼎-開元,2023-02-01,9134
1512,瑞利,10,0,10,群益金鼎-開元,2023-02-01,9134
3494,誠研,20,10,10,群益金鼎-開元,2023-02-01,9134
6275,元山,10,0,10,群益金鼎-開元,2023-02-01,9134
6133,金橋,10,1,9,群益金鼎-開元,2023-02-01,9134
6788,華景電,10,1,9,群益金鼎-開元,2023-02-01,9134
2888,新光金,9,1,8,群益金鼎-開元,2023-02-01,9134
1340,勝悅-KY,8,0,8,群益金鼎-開元,2023-02-01,9134
4155,訊映,13,5,8,群益金鼎-開元,2023-02-01,9134
2609,陽明,11,3,8,群益金鼎-開元,2023-02-01,9134
2409,友達,8,1,7,群益金鼎-開元,2023-02-01,9134
2834,臺企銀,7,0,7,群益金鼎-開元,2023-02-01,9134
1539,巨庭,7,0,7,群益金鼎-開元,2023-02-01,9134
3046,建��,7,0,7,群益金鼎-開元,2023-02-01,9134
2881,富邦金,6,0,6,群益金鼎-開元,2023-02-01,9134
2465,麗臺,9,3,6,群益金鼎-開元,2023-02-01,9134
4961,天鈺,8,2,6,群益金鼎-開元,2023-02-01,9134
2401,凌陽,6,0,6,群益金鼎-開元,2023-02-01,9134
2412,中華電,6,0,6,群益金鼎-開元,2023-02-01,9134
6441,廣錠,6,0,6,群益金鼎-開元,2023-02-01,9134
00633L,富邦上証正2,6,0,6,群益金鼎-開元,2023-02-01,9134
6443,元晶,17,11,6,群益金鼎-開元,2023-02-01,9134
6104,創惟,15,9,6,群益金鼎-開元,2023-02-01,9134
6505,台塑化,6,1,5,群益金鼎-開元,2023-02-01,9134
00882,中信中國高股息,5,0,5,群益金鼎-開元,2023-02-01,9134
1513,中興電,11,6,5,群益金鼎-開元,2023-02-01,9134
4743,合一,8,3,5,群益金鼎-開元,2023-02-01,9134
0056,元大高股息,5,0,5,群益金鼎-開元,2023-02-01,9134
1519,華城,12,7,5,群益金鼎-開元,2023-02-01,9134
3017,奇鋐,5,0,5,群益金鼎-開元,2023-02-01,9134
2353,宏��,5,0,5,群益金鼎-開元,2023-02-01,9134
2014,中鴻,18,13,5,群益金鼎-開元,2023-02-01,9134
1319,東陽,5,0,5,群益金鼎-開元,2023-02-01,9134
2892,第一金,6,1,5,群益金鼎-開元,2023-02-01,9134
6550,北極星藥業-KY,184,4,180,群益金鼎-開元,2023-02-02,9134
2867,三商壽,112,22,90,群益金鼎-開元,2023-02-02,9134
5371,中光電,91,4,87,群益金鼎-開元,2023-02-02,9134
2444,兆勁,77,1,76,群益金鼎-開元,2023-02-02,9134
4931,新盛力,82,6,76,群益金鼎-開元,2023-02-02,9134
2614,東森,57,2,55,群益金鼎-開元,2023-02-02,9134
00885,富邦越南,49,0,49,群益金鼎-開元,2023-02-02,9134
00632R,元大台灣50反1,47,0,47,群益金鼎-開元,2023-02-02,9134
4114,健喬,54,8,46,群益金鼎-開元,2023-02-02,9134
2888,新光金,46,0,46,群益金鼎-開元,2023-02-02,9134
9933,中鼎,32,0,32,群益金鼎-開元,2023-02-02,9134
3481,群創,46,16,30,群益金鼎-開元,2023-02-02,9134
00882,中信中國高股息,29,0,29,群益金鼎-開元,2023-02-02,9134
2465,麗臺,37,8,29,群益金鼎-開元,2023-02-02,9134
6477,安集,27,0,27,群益金鼎-開元,2023-02-02,9134
8390,金益鼎,25,0,25,群益金鼎-開元,2023-02-02,9134
2891,中信金,25,1,24,群益金鼎-開元,2023-02-02,9134
2883,凱基金,24,1,23,群益金鼎-開元,2023-02-02,9134
8046,南電,26,4,22,群益金鼎-開元,2023-02-02,9134
8121,越峰,20,0,20,群益金鼎-開元,2023-02-02,9134
6275,元山,20,0,20,群益金鼎-開元,2023-02-02,9134
00676R,富邦臺灣加權反1,20,0,20,群益金鼎-開元,2023-02-02,9134
6122,擎邦,20,0,20,群益金鼎-開元,2023-02-02,9134
2342,茂矽,24,5,19,群益金鼎-開元,2023-02-02,9134
6215,和椿,18,0,18,群益金鼎-開元,2023-02-02,9134
1417,嘉裕,24,6,18,群益金鼎-開元,2023-02-02,9134
2884,玉山金,16,0,16,群益金鼎-開元,2023-02-02,9134
2201,裕隆,32,15,17,群益金鼎-開元,2023-02-02,9134
2618,長榮航,32,16,16,群益金鼎-開元,2023-02-02,9134
6245,立端,19,3,16,群益金鼎-開元,2023-02-02,9134
2027,大成鋼,17,2,15,群益金鼎-開元,2023-02-02,9134
00715L,期街口布蘭特正2,15,0,15,群益金鼎-開元,2023-02-02,9134
2492,華新科,24,10,14,群益金鼎-開元,2023-02-02,9134
00679B,元大美債20年,14,0,14,群益金鼎-開元,2023-02-02,9134
2014,中鴻,20,6,14,群益金鼎-開元,2023-02-02,9134
3380,明泰,14,0,14,群益金鼎-開元,2023-02-02,9134
2413,環科,18,5,13,群益金鼎-開元,2023-02-02,9134
6443,元晶,36,23,13,群益金鼎-開元,2023-02-02,9134
2317,鴻海,18,6,12,群益金鼎-開元,2023-02-02,9134
2610,華航,42,30,12,群益金鼎-開元,2023-02-02,9134
8478,東哥遊艇,17,6,11,群益金鼎-開元,2023-02-02,9134
2417,圓剛,11,0,11,群益金鼎-開元,2023-02-02,9134
4543,萬在,10,0,10,群益金鼎-開元,2023-02-02,9134
1539,巨庭,10,0,10,群益金鼎-開元,2023-02-02,9134
1732,毛寶,10,0,10,群益金鼎-開元,2023-02-02,9134
2611,志信,10,0,10,群益金鼎-開元,2023-02-02,9134
00688L,國泰20年美債正2,10,0,10,群益金鼎-開元,2023-02-02,9134
1709,和益,10,0,10,群益金鼎-開元,2023-02-02,9134
1524,耿鼎,12,2,10,群益金鼎-開元,2023-02-02,9134
2801,彰銀,10,0,10,群益金鼎-開元,2023-02-02,9134
2867,三商壽,141,20,121,群益金鼎-開元,2023-02-03,9134
00671R,富邦NASDAQ反1,105,10,95,群益金鼎-開元,2023-02-03,9134
2317,鴻海,80,2,78,群益金鼎-開元,2023-02-03,9134
2888,新光金,53,0,53,群益金鼎-開元,2023-02-03,9134
00882,中信中國高股息,62,10,52,群益金鼎-開元,2023-02-03,9134
2498,宏達電,79,28,51,群益金鼎-開元,2023-02-03,9134
6689,伊雲谷,50,0,50,群益金鼎-開元,2023-02-03,9134
1314,中石化,40,3,37,群益金鼎-開元,2023-02-03,9134
8050,廣積,52,19,33,群益金鼎-開元,2023-02-03,9134
00715L,期街口布蘭特正2,32,0,32,群益金鼎-開元,2023-02-03,9134
00878,國泰永續高股息,30,2,28,群益金鼎-開元,2023-02-03,9134
1584,精剛,33,5,28,群益金鼎-開元,2023-02-03,9134
6548,長科*,30,4,26,群益金鼎-開元,2023-02-03,9134
3036,文曄,26,0,26,群益金鼎-開元,2023-02-03,9134
6589,台康生技,27,2,25,群益金鼎-開元,2023-02-03,9134
8429,金麗-KY,22,0,22,群益金鼎-開元,2023-02-03,9134
8478,東哥遊艇,26,5,21,群益金鼎-開元,2023-02-03,9134
2886,兆豐金,21,0,21,群益金鼎-開元,2023-02-03,9134
5351,鈺創,138,118,20,群益金鼎-開元,2023-02-03,9134
1312,國喬,20,0,20,群益金鼎-開元,2023-02-03,9134
2028,威致,20,0,20,群益金鼎-開元,2023-02-03,9134
5009,榮剛,18,0,18,群益金鼎-開元,2023-02-03,9134
4114,健喬,20,2,18,群益金鼎-開元,2023-02-03,9134
5608,四維航,20,3,17,群益金鼎-開元,2023-02-03,9134
6443,元晶,26,10,16,群益金鼎-開元,2023-02-03,9134
00885,富邦越南,16,0,16,群益金鼎-開元,2023-02-03,9134
2891,中信金,17,2,15,群益金鼎-開元,2023-02-03,9134
1904,正隆,15,0,15,群益金鼎-開元,2023-02-03,9134
3322,建舜電,25,10,15,群益金鼎-開元,2023-02-03,9134
1305,華夏,14,0,14,群益金鼎-開元,2023-02-03,9134
3380,明泰,13,0,13,群益金鼎-開元,2023-02-03,9134
3205,佰研,16,3,13,群益金鼎-開元,2023-02-03,9134
2834,臺企銀,18,5,13,群益金鼎-開元,2023-02-03,9134
0056,元大高股息,11,0,11,群益金鼎-開元,2023-02-03,9134
5258,虹堡,13,2,11,群益金鼎-開元,2023-02-03,9134
8114,振樺電,11,0,11,群益金鼎-開元,2023-02-03,9134
8033,雷虎,11,1,10,群益金鼎-開元,2023-02-03,9134
2535,達欣工,10,0,10,群益金鼎-開元,2023-02-03,9134
2329,華泰,11,1,10,群益金鼎-開元,2023-02-03,9134
4908,前鼎,10,0,10,群益金鼎-開元,2023-02-03,9134
6197,佳必琪,10,0,10,群益金鼎-開元,2023-02-03,9134
2809,京城銀,10,0,10,群益金鼎-開元,2023-02-03,9134
00688L,國泰20年美債正2,10,0,10,群益金鼎-開元,2023-02-03,9134
6005,群益證,10,0,10,群益金鼎-開元,2023-02-03,9134
2882,國泰金,14,4,10,群益金鼎-開元,2023-02-03,9134
6126,信音,10,0,10,群益金鼎-開元,2023-02-03,9134
6175,立敦,11,1,10,群益金鼎-開元,2023-02-03,9134
8054,安國,10,0,10,群益金鼎-開元,2023-02-03,9134
2002,中鋼,11,2,9,群益金鼎-開元,2023-02-03,9134
4961,天鈺,15,6,9,群益金鼎-開元,2023-02-03,9134
00882,中信中國高股息,120,0,120,群益金鼎-開元,2023-02-06,9134
9105,泰金寶-DR,112,0,112,群益金鼎-開元,2023-02-06,9134
2614,東森,92,0,92,群益金鼎-開元,2023-02-06,9134
3481,群創,101,12,89,群益金鼎-開元,2023-02-06,9134
00715L,期街口布蘭特正2,49,0,49,群益金鼎-開元,2023-02-06,9134
4931,新盛力,56,8,48,群益金鼎-開元,2023-02-06,9134
6443,元晶,55,12,43,群益金鼎-開元,2023-02-06,9134
2609,陽明,43,7,36,群益金鼎-開元,2023-02-06,9134
2883,凱基金,33,2,31,群益金鼎-開元,2023-02-06,9134
2337,旺宏,29,0,29,群益金鼎-開元,2023-02-06,9134
3714,富采,26,0,26,群益金鼎-開元,2023-02-06,9134
3494,誠研,25,2,23,群益金鼎-開元,2023-02-06,9134
1609,大亞,21,0,21,群益金鼎-開元,2023-02-06,9134
2888,新光金,20,0,20,群益金鼎-開元,2023-02-06,9134
00885,富邦越南,20,0,20,群益金鼎-開元,2023-02-06,9134
6275,元山,20,0,20,群益金鼎-開元,2023-02-06,9134
8046,南電,26,6,20,群益金鼎-開元,2023-02-06,9134
6235,華孚,21,5,16,群益金鼎-開元,2023-02-06,9134
2610,華航,33,17,16,群益金鼎-開元,2023-02-06,9134
2312,金寶,15,0,15,群益金鼎-開元,2023-02-06,9134
8926,台汽電,15,0,15,群益金鼎-開元,2023-02-06,9134
00900,富邦特選高股息30,14,0,14,群益金鼎-開元,2023-02-06,9134
2330,台積電,14,3,11,群益金鼎-開元,2023-02-06,9134
6122,擎邦,11,0,11,群益金鼎-開元,2023-02-06,9134
2603,長榮,18,8,10,群益金鼎-開元,2023-02-06,9134
4908,前鼎,10,0,10,群益金鼎-開元,2023-02-06,9134
3704,合勤控,10,0,10,群益金鼎-開元,2023-02-06,9134
4155,訊映,10,0,10,群益金鼎-開元,2023-02-06,9134
2313,華通,10,0,10,群益金鼎-開元,2023-02-06,9134
1709,和益,10,0,10,群益金鼎-開元,2023-02-06,9134
00688L,國泰20年美債正2,10,0,10,群益金鼎-開元,2023-02-06,9134
00671R,富邦NASDAQ反1,10,0,10,群益金鼎-開元,2023-02-06,9134
6770,力積電,22,12,10,群益金鼎-開元,2023-02-06,9134
2615,萬海,13,4,9,群益金鼎-開元,2023-02-06,9134
1605,華新,38,29,9,群益金鼎-開元,2023-02-06,9134
1101,台泥,12,3,9,群益金鼎-開元,2023-02-06,9134
2344,華邦電,10,1,9,群益金鼎-開元,2023-02-06,9134
6139,亞翔,9,0,9,群益金鼎-開元,2023-02-06,9134
00679B,元大美債20年,8,0,8,群益金鼎-開元,2023-02-06,9134
3189,景碩,8,0,8,群益金鼎-開元,2023-02-06,9134
1514,亞力,8,0,8,群益金鼎-開元,2023-02-06,9134
8289,泰藝,8,0,8,群益金鼎-開元,2023-02-06,9134
3013,晟銘電,10,2,8,群益金鼎-開元,2023-02-06,9134
9955,佳龍,8,0,8,群益金鼎-開元,2023-02-06,9134
2891,中信金,17,10,7,群益金鼎-開元,2023-02-06,9134
2388,威盛,8,1,7,群益金鼎-開元,2023-02-06,9134
2030,彰源,7,0,7,群益金鼎-開元,2023-02-06,9134
8091,翔名,7,0,7,群益金鼎-開元,2023-02-06,9134
6143,振曜,7,0,7,群益金鼎-開元,2023-02-06,9134
6477,安集,7,0,7,群益金鼎-開元,2023-02-06,9134
2603,長榮,172,3,169,群益金鼎-開元,2023-02-07,9134
3481,群創,105,23,82,群益金鼎-開元,2023-02-07,9134
2317,鴻海,78,13,65,群益金鼎-開元,2023-02-07,9134
9105,泰金寶-DR,56,0,56,群益金鼎-開元,2023-02-07,9134
2332,友訊,50,0,50,群益金鼎-開元,2023-02-07,9134
4155,訊映,35,0,35,群益金鼎-開元,2023-02-07,9134
2614,東森,34,0,34,群益金鼎-開元,2023-02-07,9134
00882,中信中國高股息,32,0,32,群益金鼎-開元,2023-02-07,9134
00878,國泰永續高股息,30,0,30,群益金鼎-開元,2023-02-07,9134
2887,台新金,25,0,25,群益金鼎-開元,2023-02-07,9134
2891,中信金,22,1,21,群益金鼎-開元,2023-02-07,9134
2888,新光金,20,0,20,群益金鼎-開元,2023-02-07,9134
4908,前鼎,20,0,20,群益金鼎-開元,2023-02-07,9134
4931,新盛力,34,16,18,群益金鼎-開元,2023-02-07,9134
2609,陽明,17,0,17,群益金鼎-開元,2023-02-07,9134
1752,南光,26,10,16,群益金鼎-開元,2023-02-07,9134
2313,華通,15,0,15,群益金鼎-開元,2023-02-07,9134
8478,東哥遊艇,46,32,14,群益金鼎-開元,2023-02-07,9134
1760,寶齡富錦,14,1,13,群益金鼎-開元,2023-02-07,9134
0056,元大高股息,15,3,12,群益金鼎-開元,2023-02-07,9134
2880,華南金,12,1,11,群益金鼎-開元,2023-02-07,9134
00900,富邦特選高股息30,11,0,11,群益金鼎-開元,2023-02-07,9134
3047,訊舟,11,0,11,群益金鼎-開元,2023-02-07,9134
6116,彩晶,16,5,11,群益金鼎-開元,2023-02-07,9134
3322,建舜電,11,0,11,群益金鼎-開元,2023-02-07,9134
00688L,國泰20年美債正2,10,0,10,群益金鼎-開元,2023-02-07,9134
5222,全訊,10,0,10,群益金鼎-開元,2023-02-07,9134
6589,台康生技,11,1,10,群益金鼎-開元,2023-02-07,9134
1733,五鼎,11,1,10,群益金鼎-開元,2023-02-07,9134
8038,長園科,10,0,10,群益金鼎-開元,2023-02-07,9134
2344,華邦電,16,6,10,群益金鼎-開元,2023-02-07,9134
3310,佳穎,10,0,10,群益金鼎-開元,2023-02-07,9134
8028,昇陽半導體,10,0,10,群益金鼎-開元,2023-02-07,9134
00919,群益台灣精選高息,10,0,10,群益金鼎-開元,2023-02-07,9134
2883,凱基金,9,0,9,群益金鼎-開元,2023-02-07,9134
2889,國票金,9,0,9,群益金鼎-開元,2023-02-07,9134
2324,仁寶,10,2,8,群益金鼎-開元,2023-02-07,9134
6235,華孚,21,14,7,群益金鼎-開元,2023-02-07,9134
6138,茂達,7,0,7,群益金鼎-開元,2023-02-07,9134
6120,達運,7,0,7,群益金鼎-開元,2023-02-07,9134
2330,台積電,11,4,7,群益金鼎-開元,2023-02-07,9134
2034,允強,12,6,6,群益金鼎-開元,2023-02-07,9134
6531,愛普*,8,2,6,群益金鼎-開元,2023-02-07,9134
2105,正新,6,0,6,群益金鼎-開元,2023-02-07,9134
1101,台泥,6,0,6,群益金鼎-開元,2023-02-07,9134
3587,閎康,10,4,6,群益金鼎-開元,2023-02-07,9134
2454,聯發科,5,0,5,群益金鼎-開元,2023-02-07,9134
2352,佳世達,5,0,5,群益金鼎-開元,2023-02-07,9134
00751B,元大AAA至A公司債,5,0,5,群益金鼎-開元,2023-02-07,9134
00669R,國泰美國道瓊反1,5,0,5,群益金鼎-開元,2023-02-07,9134
00632R,元大台灣50反1,97,0,97,群益金鼎-開元,2023-02-08,9134
6235,華孚,164,73,91,群益金鼎-開元,2023-02-08,9134
6712,長聖,63,3,60,群益金鼎-開元,2023-02-08,9134
6770,力積電,75,18,57,群益金鼎-開元,2023-02-08,9134
8171,天宇,57,7,50,群益金鼎-開元,2023-02-08,9134
2614,東森,71,32,39,群益金鼎-開元,2023-02-08,9134
2201,裕隆,42,4,38,群益金鼎-開元,2023-02-08,9134
1605,華新,41,8,33,群益金鼎-開元,2023-02-08,9134
6116,彩晶,35,3,32,群益金鼎-開元,2023-02-08,9134
2890,永豐金,31,0,31,群益金鼎-開元,2023-02-08,9134
9105,泰金寶-DR,30,0,30,群益金鼎-開元,2023-02-08,9134
1319,東陽,29,1,28,群益金鼎-開元,2023-02-08,9134
00895,富邦未來車,30,3,27,群益金鼎-開元,2023-02-08,9134
2883,凱基金,27,2,25,群益金鼎-開元,2023-02-08,9134
2888,新光金,21,1,20,群益金鼎-開元,2023-02-08,9134
00882,中信中國高股息,25,7,18,群益金鼎-開元,2023-02-08,9134
00893,國泰智能電動車,31,13,18,群益金鼎-開元,2023-02-08,9134
2034,允強,16,1,15,群益金鼎-開元,2023-02-08,9134
00878,國泰永續高股息,15,0,15,群益金鼎-開元,2023-02-08,9134
2014,中鴻,18,3,15,群益金鼎-開元,2023-02-08,9134
00902,中信電池及儲能,15,0,15,群益金鼎-開元,2023-02-08,9134
3305,昇貿,15,0,15,群益金鼎-開元,2023-02-08,9134
1409,新纖,30,15,15,群益金鼎-開元,2023-02-08,9134
4164,承業醫,13,0,13,群益金鼎-開元,2023-02-08,9134
2609,陽明,14,1,13,群益金鼎-開元,2023-02-08,9134
8255,朋程,13,0,13,群益金鼎-開元,2023-02-08,9134
3701,大眾控,12,0,12,群益金鼎-開元,2023-02-08,9134
6668,中揚光,12,0,12,群益金鼎-開元,2023-02-08,9134
3013,晟銘電,11,0,11,群益金鼎-開元,2023-02-08,9134
8429,金麗-KY,10,0,10,群益金鼎-開元,2023-02-08,9134
2425,承啟,14,4,10,群益金鼎-開元,2023-02-08,9134
00688L,國泰20年美債正2,10,0,10,群益金鼎-開元,2023-02-08,9134
3047,訊舟,10,0,10,群益金鼎-開元,2023-02-08,9134
1444,力麗,10,0,10,群益金鼎-開元,2023-02-08,9134
2009,第一銅,22,13,9,群益金鼎-開元,2023-02-08,9134
3231,緯創,10,1,9,群益金鼎-開元,2023-02-08,9134
9945,潤泰新,9,0,9,群益金鼎-開元,2023-02-08,9134
4763,材料-KY,10,2,8,群益金鼎-開元,2023-02-08,9134
6732,昇佳電子,9,1,8,群益金鼎-開元,2023-02-08,9134
3587,閎康,8,0,8,群益金鼎-開元,2023-02-08,9134
6111,大宇資,9,1,8,群益金鼎-開元,2023-02-08,9134
3484,崧騰,8,0,8,群益金鼎-開元,2023-02-08,9134
6589,台康生技,13,5,8,群益金鼎-開元,2023-02-08,9134
8046,南電,7,0,7,群益金鼎-開元,2023-02-08,9134
2884,玉山金,7,0,7,群益金鼎-開元,2023-02-08,9134
2472,立隆電,9,2,7,群益金鼎-開元,2023-02-08,9134
2465,麗臺,9,2,7,群益金鼎-開元,2023-02-08,9134
4102,永日,12,5,7,群益金鼎-開元,2023-02-08,9134
4961,天鈺,11,4,7,群益金鼎-開元,2023-02-08,9134
2498,宏達電,76,69,7,群益金鼎-開元,2023-02-08,9134
00878,國泰永續高股息,156,0,156,群益金鼎-開元,2023-02-09,9134
1314,中石化,144,15,129,群益金鼎-開元,2023-02-09,9134
2614,東森,92,0,92,群益金鼎-開元,2023-02-09,9134
6446,藥華藥,81,1,80,群益金鼎-開元,2023-02-09,9134
1732,毛寶,60,0,60,群益金鼎-開元,2023-02-09,9134
8050,廣積,60,0,60,群益金鼎-開元,2023-02-09,9134
2344,華邦電,64,6,58,群益金鼎-開元,2023-02-09,9134
3481,群創,85,41,44,群益金鼎-開元,2023-02-09,9134
2845,遠東銀,42,0,42,群益金鼎-開元,2023-02-09,9134
6235,華孚,97,58,39,群益金鼎-開元,2023-02-09,9134
2603,長榮,36,1,35,群益金鼎-開元,2023-02-09,9134
3303,岱稜,33,0,33,群益金鼎-開元,2023-02-09,9134
2520,冠德,28,0,28,群益金鼎-開元,2023-02-09,9134
2888,新光金,31,5,26,群益金鼎-開元,2023-02-09,9134
2498,宏達電,37,12,25,群益金鼎-開元,2023-02-09,9134
5222,全訊,25,0,25,群益金鼎-開元,2023-02-09,9134
9105,泰金寶-DR,23,0,23,群益金鼎-開元,2023-02-09,9134
2883,凱基金,29,7,22,群益金鼎-開元,2023-02-09,9134
00679B,元大美債20年,21,0,21,群益金鼎-開元,2023-02-09,9134
1444,力麗,20,0,20,群益金鼎-開元,2023-02-09,9134
3520,華盈,18,1,17,群益金鼎-開元,2023-02-09,9134
4162,智擎,19,3,16,群益金鼎-開元,2023-02-09,9134
6578,達邦蛋白,13,0,13,群益金鼎-開元,2023-02-09,9134
5309,系統電,26,13,13,群益金鼎-開元,2023-02-09,9134
6441,廣錠,14,2,12,群益金鼎-開元,2023-02-09,9134
2453,凌群,12,0,12,群益金鼎-開元,2023-02-09,9134
8390,金益鼎,11,0,11,群益金鼎-開元,2023-02-09,9134
3033,威健,10,0,10,群益金鼎-開元,2023-02-09,9134
8429,金麗-KY,10,0,10,群益金鼎-開元,2023-02-09,9134
00680L,元大美債20正2,10,0,10,群益金鼎-開元,2023-02-09,9134
2881,富邦金,10,0,10,群益金鼎-開元,2023-02-09,9134
6005,群益證,10,0,10,群益金鼎-開元,2023-02-09,9134
2610,華航,20,10,10,群益金鼎-開元,2023-02-09,9134
3189,景碩,10,0,10,群益金鼎-開元,2023-02-09,9134
00688L,國泰20年美債正2,10,0,10,群益金鼎-開元,2023-02-09,9134
1783,和康生,15,5,10,群益金鼎-開元,2023-02-09,9134
2607,榮運,10,0,10,群益金鼎-開元,2023-02-09,9134
2352,佳世達,11,1,10,群益金鼎-開元,2023-02-09,9134
6284,佳邦,10,0,10,群益金鼎-開元,2023-02-09,9134
2492,華新科,12,3,9,群益金鼎-開元,2023-02-09,9134
4960,誠美材,11,3,8,群益金鼎-開元,2023-02-09,9134
3710,連展投控,8,0,8,群益金鼎-開元,2023-02-09,9134
3046,建��,12,4,8,群益金鼎-開元,2023-02-09,9134
00885,富邦越南,7,0,7,群益金鼎-開元,2023-02-09,9134
00753L,中信中國50正2,10,3,7,群益金鼎-開元,2023-02-09,9134
6531,愛普*,9,3,6,群益金鼎-開元,2023-02-09,9134
3027,盛達,6,0,6,群益金鼎-開元,2023-02-09,9134
2867,三商壽,10,4,6,群益金鼎-開元,2023-02-09,9134
3047,訊舟,8,2,6,群益金鼎-開元,2023-02-09,9134
8358,金居,6,0,6,群益金鼎-開元,2023-02-09,9134
6712,長聖,135,46,89,群益金鼎-開元,2023-02-10,9134
4533,協易機,51,0,51,群益金鼎-開元,2023-02-10,9134
00878,國泰永續高股息,48,0,48,群益金鼎-開元,2023-02-10,9134
2614,東森,45,0,45,群益金鼎-開元,2023-02-10,9134
4906,正文,40,0,40,群益金鼎-開元,2023-02-10,9134
2618,長榮航,60,21,39,群益金鼎-開元,2023-02-10,9134
1605,華新,91,54,37,群益金鼎-開元,2023-02-10,9134
2603,長榮,43,7,36,群益金鼎-開元,2023-02-10,9134
2888,新光金,33,0,33,群益金鼎-開元,2023-02-10,9134
2883,凱基金,40,14,26,群益金鼎-開元,2023-02-10,9134
3231,緯創,31,7,24,群益金鼎-開元,2023-02-10,9134
3047,訊舟,23,0,23,群益金鼎-開元,2023-02-10,9134
2884,玉山金,26,4,22,群益金鼎-開元,2023-02-10,9134
2887,台新金,35,13,22,群益金鼎-開元,2023-02-10,9134
2610,華航,22,1,21,群益金鼎-開元,2023-02-10,9134
4908,前鼎,20,0,20,群益金鼎-開元,2023-02-10,9134
8933,愛地雅,20,0,20,群益金鼎-開元,2023-02-10,9134
2201,裕隆,20,2,18,群益金鼎-開元,2023-02-10,9134
00893,國泰智能電動車,20,2,18,群益金鼎-開元,2023-02-10,9134
4155,訊映,18,0,18,群益金鼎-開元,2023-02-10,9134
00895,富邦未來車,20,2,18,群益金鼎-開元,2023-02-10,9134
6443,元晶,25,7,18,群益金鼎-開元,2023-02-10,9134
1524,耿鼎,20,2,18,群益金鼎-開元,2023-02-10,9134
9933,中鼎,18,0,18,群益金鼎-開元,2023-02-10,9134
8390,金益鼎,21,5,16,群益金鼎-開元,2023-02-10,9134
6005,群益證,16,0,16,群益金鼎-開元,2023-02-10,9134
1513,中興電,20,4,16,群益金鼎-開元,2023-02-10,9134
2634,漢翔,48,33,15,群益金鼎-開元,2023-02-10,9134
6578,達邦蛋白,15,0,15,群益金鼎-開元,2023-02-10,9134
6116,彩晶,17,2,15,群益金鼎-開元,2023-02-10,9134
00715L,期街口布蘭特正2,20,5,15,群益金鼎-開元,2023-02-10,9134
2609,陽明,23,9,14,群益金鼎-開元,2023-02-10,9134
3710,連展投控,14,0,14,群益金鼎-開元,2023-02-10,9134
6235,華孚,373,359,14,群益金鼎-開元,2023-02-10,9134
1409,新纖,21,8,13,群益金鼎-開元,2023-02-10,9134
3141,晶宏,13,0,13,群益金鼎-開元,2023-02-10,9134
2367,燿華,13,0,13,群益金鼎-開元,2023-02-10,9134
3033,威健,20,7,13,群益金鼎-開元,2023-02-10,9134
2515,中工,17,4,13,群益金鼎-開元,2023-02-10,9134
1210,大成,14,2,12,群益金鼎-開元,2023-02-10,9134
00679B,元大美債20年,12,0,12,群益金鼎-開元,2023-02-10,9134
2344,華邦電,16,4,12,群益金鼎-開元,2023-02-10,9134
0056,元大高股息,12,1,11,群益金鼎-開元,2023-02-10,9134
3289,宜特,21,10,11,群益金鼎-開元,2023-02-10,9134
6270,倍微,11,0,11,群益金鼎-開元,2023-02-10,9134
6274,台燿,12,1,11,群益金鼎-開元,2023-02-10,9134
1783,和康生,20,10,10,群益金鼎-開元,2023-02-10,9134
6015,宏遠證,10,0,10,群益金鼎-開元,2023-02-10,9134
1718,中纖,10,0,10,群益金鼎-開元,2023-02-10,9134
6152,百一,10,0,10,群益金鼎-開元,2023-02-10,9134
6282,康舒,58,3,55,群益金鼎-開元,2023-02-13,9134
1783,和康生,65,12,53,群益金鼎-開元,2023-02-13,9134
6712,長聖,35,0,35,群益金鼎-開元,2023-02-13,9134
00878,國泰永續高股息,37,2,35,群益金鼎-開元,2023-02-13,9134
4533,協易機,35,1,34,群益金鼎-開元,2023-02-13,9134
8046,南電,50,23,27,群益金鼎-開元,2023-02-13,9134
00673R,期元大S＆P原油反1,25,0,25,群益金鼎-開元,2023-02-13,9134
2344,華邦電,26,1,25,群益金鼎-開元,2023-02-13,9134
2409,友達,29,5,24,群益金鼎-開元,2023-02-13,9134
2033,佳大,24,1,23,群益金鼎-開元,2023-02-13,9134
0056,元大高股息,22,0,22,群益金鼎-開元,2023-02-13,9134
6578,達邦蛋白,20,0,20,群益金鼎-開元,2023-02-13,9134
2852,第一保,20,0,20,群益金鼎-開元,2023-02-13,9134
2609,陽明,26,7,19,群益金鼎-開元,2023-02-13,9134
2061,風青,19,0,19,群益金鼎-開元,2023-02-13,9134
4931,新盛力,20,3,17,群益金鼎-開元,2023-02-13,9134
00780B,國泰A級金融債,16,0,16,群益金鼎-開元,2023-02-13,9134
1104,環泥,16,0,16,群益金鼎-開元,2023-02-13,9134
8429,金麗-KY,16,0,16,群益金鼎-開元,2023-02-13,9134
2520,冠德,15,0,15,群益金鼎-開元,2023-02-13,9134
4979,華星光,16,2,14,群益金鼎-開元,2023-02-13,9134
1305,華夏,15,1,14,群益金鼎-開元,2023-02-13,9134
6770,力積電,15,1,14,群益金鼎-開元,2023-02-13,9134
1701,中化,14,2,12,群益金鼎-開元,2023-02-13,9134
00712,復華富時不動產,12,0,12,群益金鼎-開元,2023-02-13,9134
00679B,元大美債20年,11,0,11,群益金鼎-開元,2023-02-13,9134
9945,潤泰新,23,12,11,群益金鼎-開元,2023-02-13,9134
3013,晟銘電,16,5,11,群益金鼎-開元,2023-02-13,9134
1708,東鹼,11,0,11,群益金鼎-開元,2023-02-13,9134
8033,雷虎,18,7,11,群益金鼎-開元,2023-02-13,9134
5309,系統電,16,6,10,群益金鼎-開元,2023-02-13,9134
8054,安國,10,0,10,群益金鼎-開元,2023-02-13,9134
6589,台康生技,10,0,10,群益金鼎-開元,2023-02-13,9134
3380,明泰,10,0,10,群益金鼎-開元,2023-02-13,9134
2444,兆勁,10,0,10,群益金鼎-開元,2023-02-13,9134
2002,中鋼,10,0,10,群益金鼎-開元,2023-02-13,9134
3289,宜特,17,8,9,群益金鼎-開元,2023-02-13,9134
6446,藥華藥,10,1,9,群益金鼎-開元,2023-02-13,9134
6182,合晶,10,1,9,群益金鼎-開元,2023-02-13,9134
2832,台產,9,0,9,群益金鼎-開元,2023-02-13,9134
8222,寶一,19,10,9,群益金鼎-開元,2023-02-13,9134
2009,第一銅,9,0,9,群益金鼎-開元,2023-02-13,9134
00751B,元大AAA至A公司債,9,0,9,群益金鼎-開元,2023-02-13,9134
2618,長榮航,27,19,8,群益金鼎-開元,2023-02-13,9134
2425,承啟,8,0,8,群益金鼎-開元,2023-02-13,9134
2465,麗臺,8,0,8,群益金鼎-開元,2023-02-13,9134
2358,廷鑫,9,1,8,群益金鼎-開元,2023-02-13,9134
8390,金益鼎,8,0,8,群益金鼎-開元,2023-02-13,9134
1473,台南,7,0,7,群益金鼎-開元,2023-02-13,9134
4417,金洲,7,0,7,群益金鼎-開元,2023-02-13,9134
00878,國泰永續高股息,91,13,78,群益金鼎-開元,2023-02-14,9134
00671R,富邦NASDAQ反1,60,0,60,群益金鼎-開元,2023-02-14,9134
6282,康舒,52,9,43,群益金鼎-開元,2023-02-14,9134
00673R,期元大S＆P原油反1,40,0,40,群益金鼎-開元,2023-02-14,9134
8429,金麗-KY,36,1,35,群益金鼎-開元,2023-02-14,9134
8249,菱光,35,0,35,群益金鼎-開元,2023-02-14,9134
1522,堤維西,30,2,28,群益金鼎-開元,2023-02-14,9134
5905,南仁湖,26,1,25,群益金鼎-開元,2023-02-14,9134
3494,誠研,25,1,24,群益金鼎-開元,2023-02-14,9134
00632R,元大台灣50反1,23,0,23,群益金鼎-開元,2023-02-14,9134
5009,榮剛,20,2,18,群益金鼎-開元,2023-02-14,9134
8050,廣積,19,2,17,群益金鼎-開元,2023-02-14,9134
2344,華邦電,21,5,16,群益金鼎-開元,2023-02-14,9134
00679B,元大美債20年,14,0,14,群益金鼎-開元,2023-02-14,9134
00637L,元大滬深300正2,15,1,14,群益金鼎-開元,2023-02-14,9134
6589,台康生技,13,0,13,群益金鼎-開元,2023-02-14,9134
6142,友勁,12,0,12,群益金鼎-開元,2023-02-14,9134
3094,聯傑,12,0,12,群益金鼎-開元,2023-02-14,9134
1605,華新,49,38,11,群益金鼎-開元,2023-02-14,9134
2867,三商壽,11,0,11,群益金鼎-開元,2023-02-14,9134
5284,jpp-KY,14,3,11,群益金鼎-開元,2023-02-14,9134
6116,彩晶,13,2,11,群益金鼎-開元,2023-02-14,9134
3207,耀勝,14,3,11,群益金鼎-開元,2023-02-14,9134
3305,昇貿,11,0,11,群益金鼎-開元,2023-02-14,9134
3380,明泰,10,0,10,群益金鼎-開元,2023-02-14,9134
1453,大將,10,0,10,群益金鼎-開元,2023-02-14,9134
00885,富邦越南,10,0,10,群益金鼎-開元,2023-02-14,9134
2520,冠德,10,0,10,群益金鼎-開元,2023-02-14,9134
6443,元晶,11,1,10,群益金鼎-開元,2023-02-14,9134
2887,台新金,10,1,9,群益金鼎-開元,2023-02-14,9134
6266,泰詠,10,1,9,群益金鼎-開元,2023-02-14,9134
9105,泰金寶-DR,9,0,9,群益金鼎-開元,2023-02-14,9134
8227,巨有科技,10,2,8,群益金鼎-開元,2023-02-14,9134
2468,華經,12,5,7,群益金鼎-開元,2023-02-14,9134
6288,聯嘉,7,0,7,群益金鼎-開元,2023-02-14,9134
9802,鈺齊-KY,6,0,6,群益金鼎-開元,2023-02-14,9134
9945,潤泰新,6,0,6,群益金鼎-開元,2023-02-14,9134
6118,建達,9,3,6,群益金鼎-開元,2023-02-14,9134
3189,景碩,7,1,6,群益金鼎-開元,2023-02-14,9134
00761B,國泰A級公司債,6,0,6,群益金鼎-開元,2023-02-14,9134
2885,元大金,6,0,6,群益金鼎-開元,2023-02-14,9134
4164,承業醫,6,0,6,群益金鼎-開元,2023-02-14,9134
3289,宜特,6,1,5,群益金鼎-開元,2023-02-14,9134
2206,三陽工業,5,0,5,群益金鼎-開元,2023-02-14,9134
00751B,元大AAA至A公司債,5,0,5,群益金鼎-開元,2023-02-14,9134
6153,嘉聯益,5,0,5,群益金鼎-開元,2023-02-14,9134
2903,遠百,5,0,5,群益金鼎-開元,2023-02-14,9134
2061,風青,5,0,5,群益金鼎-開元,2023-02-14,9134
00725B,國泰投資級公司債,5,0,5,群益金鼎-開元,2023-02-14,9134
8289,泰藝,5,0,5,群益金鼎-開元,2023-02-14,9134
2610,華航,160,36,124,群益金鼎-開元,2023-02-15,9134
00902,中信電池及儲能,108,0,108,群益金鼎-開元,2023-02-15,9134
2317,鴻海,119,12,107,群益金鼎-開元,2023-02-15,9134
00680L,元大美債20正2,76,0,76,群益金鼎-開元,2023-02-15,9134
6282,康舒,56,3,53,群益金鼎-開元,2023-02-15,9134
2618,長榮航,58,7,51,群益金鼎-開元,2023-02-15,9134
00878,國泰永續高股息,106,61,45,群益金鼎-開元,2023-02-15,9134
8249,菱光,40,0,40,群益金鼎-開元,2023-02-15,9134
2409,友達,48,15,33,群益金鼎-開元,2023-02-15,9134
00895,富邦未來車,31,1,30,群益金鼎-開元,2023-02-15,9134
3707,漢磊,34,6,28,群益金鼎-開元,2023-02-15,9134
8429,金麗-KY,25,0,25,群益金鼎-開元,2023-02-15,9134
2330,台積電,25,3,22,群益金鼎-開元,2023-02-15,9134
2883,凱基金,23,1,22,群益金鼎-開元,2023-02-15,9134
2405,輔信,21,0,21,群益金鼎-開元,2023-02-15,9134
1524,耿鼎,21,2,19,群益金鼎-開元,2023-02-15,9134
2337,旺宏,20,1,19,群益金鼎-開元,2023-02-15,9134
4931,新盛力,36,18,18,群益金鼎-開元,2023-02-15,9134
0050,元大台灣50,18,1,17,群益金鼎-開元,2023-02-15,9134
3466,德晉,17,0,17,群益金鼎-開元,2023-02-15,9134
2332,友訊,17,0,17,群益金鼎-開元,2023-02-15,9134
9907,統一實,16,0,16,群益金鼎-開元,2023-02-15,9134
1586,和勤,16,0,16,群益金鼎-開元,2023-02-15,9134
8222,寶一,23,7,16,群益金鼎-開元,2023-02-15,9134
00673R,期元大S＆P原油反1,15,0,15,群益金鼎-開元,2023-02-15,9134
00688L,國泰20年美債正2,15,0,15,群益金鼎-開元,2023-02-15,9134
1519,華城,22,7,15,群益金鼎-開元,2023-02-15,9134
3710,連展投控,17,3,14,群益金鼎-開元,2023-02-15,9134
2609,陽明,19,5,14,群益金鼎-開元,2023-02-15,9134
2302,麗正,13,0,13,群益金鼎-開元,2023-02-15,9134
9945,潤泰新,12,0,12,群益金鼎-開元,2023-02-15,9134
2834,臺企銀,12,1,11,群益金鼎-開元,2023-02-15,9134
6139,亞翔,12,1,11,群益金鼎-開元,2023-02-15,9134
1217,愛之味,11,0,11,群益金鼎-開元,2023-02-15,9134
2014,中鴻,12,1,11,群益金鼎-開元,2023-02-15,9134
2498,宏達電,60,50,10,群益金鼎-開元,2023-02-15,9134
6112,邁達特,15,5,10,群益金鼎-開元,2023-02-15,9134
8105,凌巨,10,0,10,群益金鼎-開元,2023-02-15,9134
3494,誠研,10,0,10,群益金鼎-開元,2023-02-15,9134
2017,官田鋼,10,0,10,群益金鼎-開元,2023-02-15,9134
2535,達欣工,10,0,10,群益金鼎-開元,2023-02-15,9134
5284,jpp-KY,32,22,10,群益金鼎-開元,2023-02-15,9134
9958,世紀鋼,10,0,10,群益金鼎-開元,2023-02-15,9134
2454,聯發科,9,0,9,群益金鼎-開元,2023-02-15,9134
3207,耀勝,28,19,9,群益金鼎-開元,2023-02-15,9134
2486,一詮,17,8,9,群益金鼎-開元,2023-02-15,9134
2371,大同,9,0,9,群益金鼎-開元,2023-02-15,9134
2880,華南金,8,0,8,群益金鼎-開元,2023-02-15,9134
6104,創惟,16,8,8,群益金鼎-開元,2023-02-15,9134
2009,第一銅,8,0,8,群益金鼎-開元,2023-02-15,9134
6712,長聖,179,10,169,群益金鼎-開元,2023-02-16,9134
6235,華孚,121,62,59,群益金鼎-開元,2023-02-16,9134
6285,啟��,51,1,50,群益金鼎-開元,2023-02-16,9134
2888,新光金,47,0,47,群益金鼎-開元,2023-02-16,9134
2603,長榮,38,4,34,群益金鼎-開元,2023-02-16,9134
00632R,元大台灣50反1,36,8,28,群益金鼎-開元,2023-02-16,9134
3062,建漢,27,2,25,群益金鼎-開元,2023-02-16,9134
6139,亞翔,27,4,23,群益金鼎-開元,2023-02-16,9134
6015,宏遠證,20,0,20,群益金鼎-開元,2023-02-16,9134
00882,中信中國高股息,20,0,20,群益金鼎-開元,2023-02-16,9134
3494,誠研,25,5,20,群益金鼎-開元,2023-02-16,9134
00893,國泰智能電動車,57,38,19,群益金鼎-開元,2023-02-16,9134
00878,國泰永續高股息,30,12,18,群益金鼎-開元,2023-02-16,9134
9907,統一實,17,0,17,群益金鼎-開元,2023-02-16,9134
2707,晶華,17,1,16,群益金鼎-開元,2023-02-16,9134
9933,中鼎,15,0,15,群益金鼎-開元,2023-02-16,9134
00679B,元大美債20年,15,0,15,群益金鼎-開元,2023-02-16,9134
00720B,元大投資級公司債,15,0,15,群益金鼎-開元,2023-02-16,9134
9105,泰金寶-DR,14,0,14,群益金鼎-開元,2023-02-16,9134
3027,盛達,26,12,14,群益金鼎-開元,2023-02-16,9134
6188,廣明,15,2,13,群益金鼎-開元,2023-02-16,9134
2201,裕隆,31,19,12,群益金鼎-開元,2023-02-16,9134
00688L,國泰20年美債正2,12,0,12,群益金鼎-開元,2023-02-16,9134
1503,士電,13,2,11,群益金鼎-開元,2023-02-16,9134
3596,智易,11,0,11,群益金鼎-開元,2023-02-16,9134
1609,大亞,41,30,11,群益金鼎-開元,2023-02-16,9134
8936,國統,16,5,11,群益金鼎-開元,2023-02-16,9134
8429,金麗-KY,12,2,10,群益金鼎-開元,2023-02-16,9134
00885,富邦越南,11,1,10,群益金鼎-開元,2023-02-16,9134
6217,中探針,10,0,10,群益金鼎-開元,2023-02-16,9134
1440,南紡,10,0,10,群益金鼎-開元,2023-02-16,9134
1340,勝悅-KY,10,0,10,群益金鼎-開元,2023-02-16,9134
2302,麗正,10,1,9,群益金鼎-開元,2023-02-16,9134
4306,炎洲,14,5,9,群益金鼎-開元,2023-02-16,9134
6118,建達,9,0,9,群益金鼎-開元,2023-02-16,9134
6005,群益證,9,0,9,群益金鼎-開元,2023-02-16,9134
1519,華城,11,3,8,群益金鼎-開元,2023-02-16,9134
2206,三陽工業,10,3,7,群益金鼎-開元,2023-02-16,9134
2034,允強,10,3,7,群益金鼎-開元,2023-02-16,9134
2369,菱生,9,2,7,群益金鼎-開元,2023-02-16,9134
1305,華夏,7,0,7,群益金鼎-開元,2023-02-16,9134
2812,台中銀,7,0,7,群益金鼎-開元,2023-02-16,9134
2882,國泰金,7,1,6,群益金鼎-開元,2023-02-16,9134
1513,中興電,21,15,6,群益金鼎-開元,2023-02-16,9134
1101,台泥,8,2,6,群益金鼎-開元,2023-02-16,9134
3707,漢磊,7,1,6,群益金鼎-開元,2023-02-16,9134
3221,台嘉碩,6,0,6,群益金鼎-開元,2023-02-16,9134
5905,南仁湖,9,3,6,群益金鼎-開元,2023-02-16,9134
3128,昇銳,6,0,6,群益金鼎-開元,2023-02-16,9134
6143,振曜,7,1,6,群益金鼎-開元,2023-02-16,9134
2618,長榮航,182,17,165,群益金鼎-開元,2023-02-17,9134
2317,鴻海,103,10,93,群益金鼎-開元,2023-02-17,9134
6712,長聖,97,7,90,群益金鼎-開元,2023-02-17,9134
00893,國泰智能電動車,70,1,69,群益金鼎-開元,2023-02-17,9134
2884,玉山金,73,15,58,群益金鼎-開元,2023-02-17,9134
8050,廣積,48,7,41,群益金鼎-開元,2023-02-17,9134
3380,明泰,40,0,40,群益金鼎-開元,2023-02-17,9134
2867,三商壽,37,0,37,群益金鼎-開元,2023-02-17,9134
5222,全訊,30,0,30,群益金鼎-開元,2023-02-17,9134
00878,國泰永續高股息,26,4,22,群益金鼎-開元,2023-02-17,9134
6139,亞翔,26,5,21,群益金鼎-開元,2023-02-17,9134
6578,達邦蛋白,20,0,20,群益金鼎-開元,2023-02-17,9134
2002,中鋼,20,2,18,群益金鼎-開元,2023-02-17,9134
00688L,國泰20年美債正2,17,0,17,群益金鼎-開元,2023-02-17,9134
5351,鈺創,23,6,17,群益金鼎-開元,2023-02-17,9134
4960,誠美材,28,13,15,群益金鼎-開元,2023-02-17,9134
2610,華航,45,31,14,群益金鼎-開元,2023-02-17,9134
2417,圓剛,14,0,14,群益金鼎-開元,2023-02-17,9134
2609,陽明,18,4,14,群益金鼎-開元,2023-02-17,9134
6122,擎邦,25,12,13,群益金鼎-開元,2023-02-17,9134
1584,精剛,14,1,13,群益金鼎-開元,2023-02-17,9134
6443,元晶,20,7,13,群益金鼎-開元,2023-02-17,9134
00679B,元大美債20年,12,0,12,群益金鼎-開元,2023-02-17,9134
3209,全科,12,0,12,群益金鼎-開元,2023-02-17,9134
6275,元山,11,0,11,群益金鼎-開元,2023-02-17,9134
9945,潤泰新,10,0,10,群益金鼎-開元,2023-02-17,9134
2890,永豐金,10,0,10,群益金鼎-開元,2023-02-17,9134
1340,勝悅-KY,10,0,10,群益金鼎-開元,2023-02-17,9134
2066,世德,13,3,10,群益金鼎-開元,2023-02-17,9134
00653L,富邦印度正2,10,0,10,群益金鼎-開元,2023-02-17,9134
00900,富邦特選高股息30,10,0,10,群益金鼎-開元,2023-02-17,9134
911608,明輝-DR,10,0,10,群益金鼎-開元,2023-02-17,9134
2886,兆豐金,10,0,10,群益金鼎-開元,2023-02-17,9134
00637L,元大滬深300正2,10,0,10,群益金鼎-開元,2023-02-17,9134
00882,中信中國高股息,13,4,9,群益金鼎-開元,2023-02-17,9134
1540,喬福,9,0,9,群益金鼎-開元,2023-02-17,9134
00885,富邦越南,11,2,9,群益金鼎-開元,2023-02-17,9134
4979,華星光,12,3,9,群益金鼎-開元,2023-02-17,9134
1784,訊聯,21,12,9,群益金鼎-開元,2023-02-17,9134
00751B,元大AAA至A公司債,8,0,8,群益金鼎-開元,2023-02-17,9134
4168,醣聯,11,3,8,群益金鼎-開元,2023-02-17,9134
2401,凌陽,9,1,8,群益金鼎-開元,2023-02-17,9134
2484,希華,10,2,8,群益金鼎-開元,2023-02-17,9134
3552,同致,9,1,8,群益金鼎-開元,2023-02-17,9134
3711,日月光投控,9,1,8,群益金鼎-開元,2023-02-17,9134
2330,台積電,10,2,8,群益金鼎-開元,2023-02-17,9134
5009,榮剛,31,23,8,群益金鼎-開元,2023-02-17,9134
00772B,中信高評級公司債,7,0,7,群益金鼎-開元,2023-02-17,9134
0056,元大高股息,12,5,7,群益金鼎-開元,2023-02-17,9134
2027,大成鋼,7,0,7,群益金鼎-開元,2023-02-17,9134
8110,華東,195,0,195,群益金鼎-開元,2023-02-20,9134
4904,遠傳,50,0,50,群益金鼎-開元,2023-02-20,9134
2883,凱基金,51,2,49,群益金鼎-開元,2023-02-20,9134
1732,毛寶,34,0,34,群益金鼎-開元,2023-02-20,9134
6139,亞翔,30,0,30,群益金鼎-開元,2023-02-20,9134
2614,東森,60,30,30,群益金鼎-開元,2023-02-20,9134
2867,三商壽,30,0,30,群益金鼎-開元,2023-02-20,9134
3062,建漢,34,4,30,群益金鼎-開元,2023-02-20,9134
2705,六福,27,0,27,群益金鼎-開元,2023-02-20,9134
2884,玉山金,27,2,25,群益金鼎-開元,2023-02-20,9134
00637L,元大滬深300正2,22,0,22,群益金鼎-開元,2023-02-20,9134
3346,麗清,31,9,22,群益金鼎-開元,2023-02-20,9134
2417,圓剛,20,0,20,群益金鼎-開元,2023-02-20,9134
1503,士電,25,8,17,群益金鼎-開元,2023-02-20,9134
2349,錸德,20,4,16,群益金鼎-開元,2023-02-20,9134
3048,益登,20,4,16,群益金鼎-開元,2023-02-20,9134
00632R,元大台灣50反1,16,1,15,群益金鼎-開元,2023-02-20,9134
2401,凌陽,15,1,14,群益金鼎-開元,2023-02-20,9134
1785,光洋科,16,3,13,群益金鼎-開元,2023-02-20,9134
8936,國統,14,2,12,群益金鼎-開元,2023-02-20,9134
3540,曜越,12,1,11,群益金鼎-開元,2023-02-20,9134
4503,金雨,13,2,11,群益金鼎-開元,2023-02-20,9134
5905,南仁湖,11,0,11,群益金鼎-開元,2023-02-20,9134
00715L,期街口布蘭特正2,10,0,10,群益金鼎-開元,2023-02-20,9134
1784,訊聯,21,11,10,群益金鼎-開元,2023-02-20,9134
6182,合晶,11,1,10,群益金鼎-開元,2023-02-20,9134
1417,嘉裕,10,0,10,群益金鼎-開元,2023-02-20,9134
5328,華容,10,0,10,群益金鼎-開元,2023-02-20,9134
2017,官田鋼,10,0,10,群益金鼎-開元,2023-02-20,9134
2108,南帝,10,0,10,群益金鼎-開元,2023-02-20,9134
3494,誠研,10,0,10,群益金鼎-開元,2023-02-20,9134
2027,大成鋼,13,4,9,群益金鼎-開元,2023-02-20,9134
8429,金麗-KY,10,1,9,群益金鼎-開元,2023-02-20,9134
6183,關貿,7,0,7,群益金鼎-開元,2023-02-20,9134
1519,華城,23,16,7,群益金鼎-開元,2023-02-20,9134
2465,麗臺,7,0,7,群益金鼎-開元,2023-02-20,9134
1540,喬福,7,0,7,群益金鼎-開元,2023-02-20,9134
8021,尖點,7,0,7,群益金鼎-開元,2023-02-20,9134
3374,精材,7,0,7,群益金鼎-開元,2023-02-20,9134
2489,瑞軒,12,5,7,群益金鼎-開元,2023-02-20,9134
2641,正德,6,0,6,群益金鼎-開元,2023-02-20,9134
6215,和椿,6,0,6,群益金鼎-開元,2023-02-20,9134
3032,偉訓,6,0,6,群益金鼎-開元,2023-02-20,9134
8043,蜜望實,6,0,6,群益金鼎-開元,2023-02-20,9134
1535,中宇,6,0,6,群益金鼎-開元,2023-02-20,9134
4919,新唐,8,2,6,群益金鼎-開元,2023-02-20,9134
1416,廣豐,5,0,5,群益金鼎-開元,2023-02-20,9134
6719,力智,5,0,5,群益金鼎-開元,2023-02-20,9134
4974,亞泰,6,1,5,群益金鼎-開元,2023-02-20,9134
00893,國泰智能電動車,5,0,5,群益金鼎-開元,2023-02-20,9134
2867,三商壽,135,55,80,群益金鼎-開元,2023-02-21,9134
2618,長榮航,174,110,64,群益金鼎-開元,2023-02-21,9134
2614,東森,60,0,60,群益金鼎-開元,2023-02-21,9134
3042,晶技,50,2,48,群益金鼎-開元,2023-02-21,9134
2610,華航,149,110,39,群益金鼎-開元,2023-02-21,9134
2457,飛宏,83,51,32,群益金鼎-開元,2023-02-21,9134
00878,國泰永續高股息,30,0,30,群益金鼎-開元,2023-02-21,9134
8222,寶一,31,3,28,群益金鼎-開元,2023-02-21,9134
2884,玉山金,45,18,27,群益金鼎-開元,2023-02-21,9134
5225,東科-KY,33,10,23,群益金鼎-開元,2023-02-21,9134
8429,金麗-KY,22,0,22,群益金鼎-開元,2023-02-21,9134
1108,幸福,21,0,21,群益金鼎-開元,2023-02-21,9134
3289,宜特,22,1,21,群益金鼎-開元,2023-02-21,9134
5258,虹堡,31,11,20,群益金鼎-開元,2023-02-21,9134
1305,華夏,20,0,20,群益金鼎-開元,2023-02-21,9134
1417,嘉裕,50,30,20,群益金鼎-開元,2023-02-21,9134
8105,凌巨,21,3,18,群益金鼎-開元,2023-02-21,9134
2883,凱基金,17,0,17,群益金鼎-開元,2023-02-21,9134
8936,國統,78,61,17,群益金鼎-開元,2023-02-21,9134
4958,臻鼎-KY,15,0,15,群益金鼎-開元,2023-02-21,9134
8433,弘帆,14,0,14,群益金鼎-開元,2023-02-21,9134
1513,中興電,34,21,13,群益金鼎-開元,2023-02-21,9134
5009,榮剛,17,4,13,群益金鼎-開元,2023-02-21,9134
1101,台泥,12,1,11,群益金鼎-開元,2023-02-21,9134
3321,同泰,12,1,11,群益金鼎-開元,2023-02-21,9134
00900,富邦特選高股息30,11,0,11,群益金鼎-開元,2023-02-21,9134
5210,寶碩,11,0,11,群益金鼎-開元,2023-02-21,9134
4102,永日,13,2,11,群益金鼎-開元,2023-02-21,9134
6139,亞翔,11,0,11,群益金鼎-開元,2023-02-21,9134
2882,國泰金,10,0,10,群益金鼎-開元,2023-02-21,9134
2379,瑞昱,11,1,10,群益金鼎-開元,2023-02-21,9134
2832,台產,10,0,10,群益金鼎-開元,2023-02-21,9134
3380,明泰,10,0,10,群益金鼎-開元,2023-02-21,9134
2812,台中銀,10,0,10,群益金鼎-開元,2023-02-21,9134
2634,漢翔,31,21,10,群益金鼎-開元,2023-02-21,9134
6167,久正,10,0,10,群益金鼎-開元,2023-02-21,9134
6288,聯嘉,12,3,9,群益金鼎-開元,2023-02-21,9134
8091,翔名,10,1,9,群益金鼎-開元,2023-02-21,9134
1611,中電,10,1,9,群益金鼎-開元,2023-02-21,9134
6015,宏遠證,10,1,9,群益金鼎-開元,2023-02-21,9134
8028,昇陽半導體,10,1,9,群益金鼎-開元,2023-02-21,9134
9941,裕融,9,0,9,群益金鼎-開元,2023-02-21,9134
2834,臺企銀,12,3,9,群益金鼎-開元,2023-02-21,9134
6585,鼎基,8,0,8,群益金鼎-開元,2023-02-21,9134
6642,富致,11,3,8,群益金鼎-開元,2023-02-21,9134
8358,金居,9,1,8,群益金鼎-開元,2023-02-21,9134
2601,益航,15,8,7,群益金鼎-開元,2023-02-21,9134
00753L,中信中國50正2,7,0,7,群益金鼎-開元,2023-02-21,9134
9962,有益,13,6,7,群益金鼎-開元,2023-02-21,9134
3128,昇銳,9,2,7,群益金鼎-開元,2023-02-21,9134
2609,陽明,149,45,104,群益金鼎-開元,2023-02-22,9134
1522,堤維西,74,3,71,群益金鼎-開元,2023-02-22,9134
5222,全訊,63,4,59,群益金鼎-開元,2023-02-22,9134
2834,臺企銀,86,27,59,群益金鼎-開元,2023-02-22,9134
6116,彩晶,40,0,40,群益金鼎-開元,2023-02-22,9134
8390,金益鼎,44,10,34,群益金鼎-開元,2023-02-22,9134
1609,大亞,36,3,33,群益金鼎-開元,2023-02-22,9134
2888,新光金,32,0,32,群益金鼎-開元,2023-02-22,9134
00878,國泰永續高股息,36,5,31,群益金鼎-開元,2023-02-22,9134
1417,嘉裕,32,2,30,群益金鼎-開元,2023-02-22,9134
6550,北極星藥業-KY,28,0,28,群益金鼎-開元,2023-02-22,9134
8429,金麗-KY,26,0,26,群益金鼎-開元,2023-02-22,9134
6598,ABC-KY,25,0,25,群益金鼎-開元,2023-02-22,9134
6139,亞翔,24,0,24,群益金鼎-開元,2023-02-22,9134
2882,國泰金,24,3,21,群益金鼎-開元,2023-02-22,9134
4979,華星光,23,2,21,群益金鼎-開元,2023-02-22,9134
8016,矽創,22,1,21,群益金鼎-開元,2023-02-22,9134
9904,寶成,20,0,20,群益金鼎-開元,2023-02-22,9134
6689,伊雲谷,20,0,20,群益金鼎-開元,2023-02-22,9134
3035,智原,20,2,18,群益金鼎-開元,2023-02-22,9134
2618,長榮航,25,7,18,群益金鼎-開元,2023-02-22,9134
1108,幸福,18,0,18,群益金鼎-開元,2023-02-22,9134
3481,群創,39,23,16,群益金鼎-開元,2023-02-22,9134
2344,華邦電,22,6,16,群益金鼎-開元,2023-02-22,9134
0056,元大高股息,16,0,16,群益金鼎-開元,2023-02-22,9134
1305,華夏,30,14,16,群益金鼎-開元,2023-02-22,9134
6215,和椿,16,0,16,群益金鼎-開元,2023-02-22,9134
2705,六福,34,19,15,群益金鼎-開元,2023-02-22,9134
3454,晶睿,16,2,14,群益金鼎-開元,2023-02-22,9134
1326,台化,14,0,14,群益金鼎-開元,2023-02-22,9134
1514,亞力,130,117,13,群益金鼎-開元,2023-02-22,9134
2498,宏達電,56,43,13,群益金鼎-開元,2023-02-22,9134
6282,康舒,50,37,13,群益金鼎-開元,2023-02-22,9134
8150,南茂,14,2,12,群益金鼎-開元,2023-02-22,9134
2303,聯電,17,5,12,群益金鼎-開元,2023-02-22,9134
3037,欣興,17,5,12,群益金鼎-開元,2023-02-22,9134
2409,友達,13,2,11,群益金鼎-開元,2023-02-22,9134
2312,金寶,11,0,11,群益金鼎-開元,2023-02-22,9134
8105,凌巨,11,0,11,群益金鼎-開元,2023-02-22,9134
2330,台積電,13,3,10,群益金鼎-開元,2023-02-22,9134
00712,復華富時不動產,10,0,10,群益金鼎-開元,2023-02-22,9134
6288,聯嘉,12,2,10,群益金鼎-開元,2023-02-22,9134
3048,益登,10,0,10,群益金鼎-開元,2023-02-22,9134
2809,京城銀,10,0,10,群益金鼎-開元,2023-02-22,9134
9958,世紀鋼,10,0,10,群益金鼎-開元,2023-02-22,9134
9928,中視,10,0,10,群益金鼎-開元,2023-02-22,9134
1909,榮成,10,0,10,群益金鼎-開元,2023-02-22,9134
9945,潤泰新,10,0,10,群益金鼎-開元,2023-02-22,9134
00885,富邦越南,10,0,10,群益金鼎-開元,2023-02-22,9134
6505,台塑化,10,0,10,群益金鼎-開元,2023-02-22,9134
5905,南仁湖,216,14,202,群益金鼎-開元,2023-02-23,9134
5243,乙盛-KY,204,3,201,群益金鼎-開元,2023-02-23,9134
00715L,期街口布蘭特正2,168,0,168,群益金鼎-開元,2023-02-23,9134
00885,富邦越南,66,0,66,群益金鼎-開元,2023-02-23,9134
6139,亞翔,52,0,52,群益金鼎-開元,2023-02-23,9134
3303,岱稜,52,0,52,群益金鼎-開元,2023-02-23,9134
00632R,元大台灣50反1,49,3,46,群益金鼎-開元,2023-02-23,9134
6541,泰福-KY,42,0,42,群益金鼎-開元,2023-02-23,9134
5512,力麒,38,14,24,群益金鼎-開元,2023-02-23,9134
2610,華航,28,4,24,群益金鼎-開元,2023-02-23,9134
00772B,中信高評級公司債,23,0,23,群益金鼎-開元,2023-02-23,9134
00720B,元大投資級公司債,23,0,23,群益金鼎-開元,2023-02-23,9134
1514,亞力,28,6,22,群益金鼎-開元,2023-02-23,9134
1717,長興,23,2,21,群益金鼎-開元,2023-02-23,9134
2379,瑞昱,22,1,21,群益金鼎-開元,2023-02-23,9134
2882,國泰金,20,0,20,群益金鼎-開元,2023-02-23,9134
1783,和康生,21,1,20,群益金鼎-開元,2023-02-23,9134
3162,精確,24,5,19,群益金鼎-開元,2023-02-23,9134
00882,中信中國高股息,19,1,18,群益金鼎-開元,2023-02-23,9134
2617,台航,21,3,18,群益金鼎-開元,2023-02-23,9134
1609,大亞,29,11,18,群益金鼎-開元,2023-02-23,9134
00637L,元大滬深300正2,17,0,17,群益金鼎-開元,2023-02-23,9134
2409,友達,16,0,16,群益金鼎-開元,2023-02-23,9134
2888,新光金,15,0,15,群益金鼎-開元,2023-02-23,9134
3380,明泰,20,5,15,群益金鼎-開元,2023-02-23,9134
6147,頎邦,15,1,14,群益金鼎-開元,2023-02-23,9134
9962,有益,13,0,13,群益金鼎-開元,2023-02-23,9134
8936,國統,29,17,12,群益金鼎-開元,2023-02-23,9134
1504,東元,14,2,12,群益金鼎-開元,2023-02-23,9134
3346,麗清,12,0,12,群益金鼎-開元,2023-02-23,9134
3289,宜特,12,0,12,群益金鼎-開元,2023-02-23,9134
2457,飛宏,24,12,12,群益金鼎-開元,2023-02-23,9134
5871,中租-KY,12,0,12,群益金鼎-開元,2023-02-23,9134
1108,幸福,14,3,11,群益金鼎-開元,2023-02-23,9134
3264,欣銓,12,1,11,群益金鼎-開元,2023-02-23,9134
6770,力積電,11,0,11,群益金鼎-開元,2023-02-23,9134
2312,金寶,10,0,10,群益金鼎-開元,2023-02-23,9134
6129,普誠,11,1,10,群益金鼎-開元,2023-02-23,9134
1440,南紡,10,0,10,群益金鼎-開元,2023-02-23,9134
3673,TPK-KY,13,3,10,群益金鼎-開元,2023-02-23,9134
6168,宏齊,10,0,10,群益金鼎-開元,2023-02-23,9134
6548,長科*,10,0,10,群益金鼎-開元,2023-02-23,9134
9103,美德醫療-DR,10,0,10,群益金鼎-開元,2023-02-23,9134
4714,永捷,10,0,10,群益金鼎-開元,2023-02-23,9134
8429,金麗-KY,13,4,9,群益金鼎-開元,2023-02-23,9134
2618,長榮航,12,3,9,群益金鼎-開元,2023-02-23,9134
8358,金居,11,2,9,群益金鼎-開元,2023-02-23,9134
4564,元翎,8,0,8,群益金鼎-開元,2023-02-23,9134
5353,台林,8,0,8,群益金鼎-開元,2023-02-23,9134
8050,廣積,19,11,8,群益金鼎-開元,2023-02-23,9134
00752,中信中國50,70,0,70,群益金鼎-開元,2023-02-24,9134
6118,建達,71,4,67,群益金鼎-開元,2023-02-24,9134
2498,宏達電,99,50,49,群益金鼎-開元,2023-02-24,9134
6026,福邦證,45,0,45,群益金鼎-開元,2023-02-24,9134
00637L,元大滬深300正2,31,0,31,群益金鼎-開元,2023-02-24,9134
00878,國泰永續高股息,32,1,31,群益金鼎-開元,2023-02-24,9134
2601,益航,41,11,30,群益金鼎-開元,2023-02-24,9134
00882,中信中國高股息,27,0,27,群益金鼎-開元,2023-02-24,9134
2317,鴻海,27,1,26,群益金鼎-開元,2023-02-24,9134
5351,鈺創,24,1,23,群益金鼎-開元,2023-02-24,9134
3673,TPK-KY,23,0,23,群益金鼎-開元,2023-02-24,9134
2302,麗正,22,0,22,群益金鼎-開元,2023-02-24,9134
3380,明泰,26,5,21,群益金鼎-開元,2023-02-24,9134
1524,耿鼎,23,3,20,群益金鼎-開元,2023-02-24,9134
1417,嘉裕,20,0,20,群益金鼎-開元,2023-02-24,9134
8429,金麗-KY,22,2,20,群益金鼎-開元,2023-02-24,9134
2344,華邦電,20,0,20,群益金鼎-開元,2023-02-24,9134
3037,欣興,24,4,20,群益金鼎-開元,2023-02-24,9134
8016,矽創,20,1,19,群益金鼎-開元,2023-02-24,9134
3036,文曄,20,1,19,群益金鼎-開元,2023-02-24,9134
1514,亞力,25,7,18,群益金鼎-開元,2023-02-24,9134
2206,三陽工業,20,2,18,群益金鼎-開元,2023-02-24,9134
2641,正德,31,14,17,群益金鼎-開元,2023-02-24,9134
1522,堤維西,16,1,15,群益金鼎-開元,2023-02-24,9134
2420,新巨,15,0,15,群益金鼎-開元,2023-02-24,9134
2880,華南金,15,0,15,群益金鼎-開元,2023-02-24,9134
5512,力麒,58,44,14,群益金鼎-開元,2023-02-24,9134
2425,承啟,17,3,14,群益金鼎-開元,2023-02-24,9134
2303,聯電,22,8,14,群益金鼎-開元,2023-02-24,9134
3624,光頡,13,0,13,群益金鼎-開元,2023-02-24,9134
5871,中租-KY,14,1,13,群益金鼎-開元,2023-02-24,9134
3163,波若威,15,3,12,群益金鼎-開元,2023-02-24,9134
3088,艾訊,17,5,12,群益金鼎-開元,2023-02-24,9134
5703,亞都,11,0,11,群益金鼎-開元,2023-02-24,9134
3047,訊舟,11,0,11,群益金鼎-開元,2023-02-24,9134
2618,長榮航,14,3,11,群益金鼎-開元,2023-02-24,9134
2208,台船,13,3,10,群益金鼎-開元,2023-02-24,9134
5864,致和證,10,0,10,群益金鼎-開元,2023-02-24,9134
3455,由田,10,0,10,群益金鼎-開元,2023-02-24,9134
00895,富邦未來車,10,0,10,群益金鼎-開元,2023-02-24,9134
2633,台灣高鐵,10,0,10,群益金鼎-開元,2023-02-24,9134
1734,杏輝,10,0,10,群益金鼎-開元,2023-02-24,9134
8926,台汽電,10,0,10,群益金鼎-開元,2023-02-24,9134
6139,亞翔,10,0,10,群益金鼎-開元,2023-02-24,9134
2484,希華,10,1,9,群益金鼎-開元,2023-02-24,9134
5450,南良,9,0,9,群益金鼎-開元,2023-02-24,9134
4931,新盛力,10,1,9,群益金鼎-開元,2023-02-24,9134
2884,玉山金,8,0,8,群益金鼎-開元,2023-02-24,9134
6477,安集,10,2,8,群益金鼎-開元,2023-02-24,9134
2611,志信,79,71,8,群益金鼎-開元,2023-02-24,9134
00878,國泰永續高股息,72,0,72,群益金鼎-開元,2023-03-01,9134
1605,華新,79,19,60,群益金鼎-開元,2023-03-01,9134
6118,建達,66,15,51,群益金鼎-開元,2023-03-01,9134
3481,群創,76,26,50,群益金鼎-開元,2023-03-01,9134
2206,三陽工業,50,5,45,群益金鼎-開元,2023-03-01,9134
2002,中鋼,50,5,45,群益金鼎-開元,2023-03-01,9134
00882,中信中國高股息,59,21,38,群益金鼎-開元,2023-03-01,9134
2413,環科,50,16,34,群益金鼎-開元,2023-03-01,9134
2882,國泰金,33,0,33,群益金鼎-開元,2023-03-01,9134
2884,玉山金,34,2,32,群益金鼎-開元,2023-03-01,9134
6282,康舒,53,21,32,群益金鼎-開元,2023-03-01,9134
2014,中鴻,32,2,30,群益金鼎-開元,2023-03-01,9134
1514,亞力,35,8,27,群益金鼎-開元,2023-03-01,9134
00632R,元大台灣50反1,27,0,27,群益金鼎-開元,2023-03-01,9134
00895,富邦未來車,21,0,21,群益金鼎-開元,2023-03-01,9134
2614,東森,20,0,20,群益金鼎-開元,2023-03-01,9134
2637,慧洋-KY,25,6,19,群益金鼎-開元,2023-03-01,9134
9945,潤泰新,23,6,17,群益金鼎-開元,2023-03-01,9134
8936,國統,28,11,17,群益金鼎-開元,2023-03-01,9134
6770,力積電,19,3,16,群益金鼎-開元,2023-03-01,9134
1301,台塑,15,0,15,群益金鼎-開元,2023-03-01,9134
5263,智崴,15,0,15,群益金鼎-開元,2023-03-01,9134
2388,威盛,33,18,15,群益金鼎-開元,2023-03-01,9134
1101,台泥,28,14,14,群益金鼎-開元,2023-03-01,9134
1440,南紡,13,0,13,群益金鼎-開元,2023-03-01,9134
3652,精聯,15,2,13,群益金鼎-開元,2023-03-01,9134
2332,友訊,20,7,13,群益金鼎-開元,2023-03-01,9134
00893,國泰智能電動車,13,0,13,群益金鼎-開元,2023-03-01,9134
2888,新光金,13,0,13,群益金鼎-開元,2023-03-01,9134
2408,南亞科,13,0,13,群益金鼎-開元,2023-03-01,9134
5608,四維航,20,8,12,群益金鼎-開元,2023-03-01,9134
2809,京城銀,12,0,12,群益金鼎-開元,2023-03-01,9134
2359,所羅門,14,2,12,群益金鼎-開元,2023-03-01,9134
3062,建漢,13,2,11,群益金鼎-開元,2023-03-01,9134
6139,亞翔,10,0,10,群益金鼎-開元,2023-03-01,9134
3025,星通,10,0,10,群益金鼎-開元,2023-03-01,9134
3494,誠研,10,0,10,群益金鼎-開元,2023-03-01,9134
8040,九暘,10,0,10,群益金鼎-開元,2023-03-01,9134
00673R,期元大S＆P原油反1,10,0,10,群益金鼎-開元,2023-03-01,9134
6128,上福,10,0,10,群益金鼎-開元,2023-03-01,9134
1608,華榮,10,0,10,群益金鼎-開元,2023-03-01,9134
2520,冠德,10,0,10,群益金鼎-開元,2023-03-01,9134
2601,益航,20,10,10,群益金鼎-開元,2023-03-01,9134
2484,希華,10,0,10,群益金鼎-開元,2023-03-01,9134
2892,第一金,9,0,9,群益金鼎-開元,2023-03-01,9134
2618,長榮航,9,0,9,群益金鼎-開元,2023-03-01,9134
6776,展�眥篕�,11,2,9,群益金鼎-開元,2023-03-01,9134
2023,燁輝,10,1,9,群益金鼎-開元,2023-03-01,9134
2497,怡利電,10,1,9,群益金鼎-開元,2023-03-01,9134
2344,華邦電,14,5,9,群益金鼎-開元,2023-03-01,9134
00878,國泰永續高股息,108,6,102,群益金鼎-開元,2023-03-02,9134
6282,康舒,45,3,42,群益金鼎-開元,2023-03-02,9134
5607,遠雄港,41,0,41,群益金鼎-開元,2023-03-02,9134
2618,長榮航,34,0,34,群益金鼎-開元,2023-03-02,9134
2884,玉山金,34,1,33,群益金鼎-開元,2023-03-02,9134
9945,潤泰新,34,2,32,群益金鼎-開元,2023-03-02,9134
6770,力積電,33,5,28,群益金鼎-開元,2023-03-02,9134
1605,華新,61,39,22,群益金鼎-開元,2023-03-02,9134
4938,和碩,21,0,21,群益金鼎-開元,2023-03-02,9134
6443,元晶,32,11,21,群益金鼎-開元,2023-03-02,9134
2413,環科,20,0,20,群益金鼎-開元,2023-03-02,9134
2888,新光金,31,11,20,群益金鼎-開元,2023-03-02,9134
2605,新興,23,4,19,群益金鼎-開元,2023-03-02,9134
3481,群創,48,31,17,群益金鼎-開元,2023-03-02,9134
2359,所羅門,27,10,17,群益金鼎-開元,2023-03-02,9134
1522,堤維西,18,2,16,群益金鼎-開元,2023-03-02,9134
2614,東森,15,0,15,群益金鼎-開元,2023-03-02,9134
00720B,元大投資級公司債,14,0,14,群益金鼎-開元,2023-03-02,9134
2886,兆豐金,14,1,13,群益金鼎-開元,2023-03-02,9134
2457,飛宏,13,0,13,群益金鼎-開元,2023-03-02,9134
2906,高林,13,0,13,群益金鼎-開元,2023-03-02,9134
6116,彩晶,13,0,13,群益金鼎-開元,2023-03-02,9134
2379,瑞昱,12,1,11,群益金鼎-開元,2023-03-02,9134
2402,毅嘉,21,10,11,群益金鼎-開元,2023-03-02,9134
2892,第一金,11,0,11,群益金鼎-開元,2023-03-02,9134
5475,德宏,11,0,11,群益金鼎-開元,2023-03-02,9134
2885,元大金,11,0,11,群益金鼎-開元,2023-03-02,9134
8222,寶一,15,4,11,群益金鼎-開元,2023-03-02,9134
2392,正崴,10,0,10,群益金鼎-開元,2023-03-02,9134
4168,醣聯,10,0,10,群益金鼎-開元,2023-03-02,9134
00885,富邦越南,10,0,10,群益金鼎-開元,2023-03-02,9134
6122,擎邦,30,20,10,群益金鼎-開元,2023-03-02,9134
1536,和大,11,1,10,群益金鼎-開元,2023-03-02,9134
2883,凱基金,25,16,9,群益金鼎-開元,2023-03-02,9134
2601,益航,51,42,9,群益金鼎-開元,2023-03-02,9134
2303,聯電,18,10,8,群益金鼎-開元,2023-03-02,9134
3094,聯傑,8,0,8,群益金鼎-開元,2023-03-02,9134
6609,瀧澤科,8,0,8,群益金鼎-開元,2023-03-02,9134
4541,晟田,12,4,8,群益金鼎-開元,2023-03-02,9134
1101,台泥,11,4,7,群益金鼎-開元,2023-03-02,9134
1440,南紡,7,0,7,群益金鼎-開元,2023-03-02,9134
3019,亞光,7,0,7,群益金鼎-開元,2023-03-02,9134
00772B,中信高評級公司債,7,0,7,群益金鼎-開元,2023-03-02,9134
6118,建達,7,0,7,群益金鼎-開元,2023-03-02,9134
5236,凌陽創新,8,1,7,群益金鼎-開元,2023-03-02,9134
00688L,國泰20年美債正2,7,0,7,群益金鼎-開元,2023-03-02,9134
8289,泰藝,14,7,7,群益金鼎-開元,2023-03-02,9134
2201,裕隆,16,10,6,群益金鼎-開元,2023-03-02,9134
1503,士電,14,8,6,群益金鼎-開元,2023-03-02,9134
2722,夏都,7,1,6,群益金鼎-開元,2023-03-02,9134
4931,新盛力,114,12,102,群益金鼎-開元,2023-03-03,9134
00632R,元大台灣50反1,86,0,86,群益金鼎-開元,2023-03-03,9134
1514,亞力,61,4,57,群益金鼎-開元,2023-03-03,9134
2605,新興,43,6,37,群益金鼎-開元,2023-03-03,9134
8046,南電,38,12,26,群益金鼎-開元,2023-03-03,9134
1522,堤維西,26,1,25,群益金鼎-開元,2023-03-03,9134
2601,益航,52,28,24,群益金鼎-開元,2023-03-03,9134
2498,宏達電,72,50,22,群益金鼎-開元,2023-03-03,9134
2614,東森,20,0,20,群益金鼎-開元,2023-03-03,9134
8928,鉅明,16,0,16,群益金鼎-開元,2023-03-03,9134
1524,耿鼎,21,5,16,群益金鼎-開元,2023-03-03,9134
1605,華新,32,16,16,群益金鼎-開元,2023-03-03,9134
2887,台新金,16,0,16,群益金鼎-開元,2023-03-03,9134
2002,中鋼,16,1,15,群益金鼎-開元,2023-03-03,9134
2882,國泰金,15,0,15,群益金鼎-開元,2023-03-03,9134
0055,元大MSCI金融,14,0,14,群益金鼎-開元,2023-03-03,9134
3630,新鉅科,13,0,13,群益金鼎-開元,2023-03-03,9134
2419,仲琦,24,11,13,群益金鼎-開元,2023-03-03,9134
8940,新天地,12,1,11,群益金鼎-開元,2023-03-03,9134
00637L,元大滬深300正2,11,0,11,群益金鼎-開元,2023-03-03,9134
00720B,元大投資級公司債,11,0,11,群益金鼎-開元,2023-03-03,9134
1101,台泥,16,6,10,群益金鼎-開元,2023-03-03,9134
3297,杭特,10,0,10,群益金鼎-開元,2023-03-03,9134
6160,欣技,10,0,10,群益金鼎-開元,2023-03-03,9134
1701,中化,10,1,9,群益金鼎-開元,2023-03-03,9134
6776,展�眥篕�,9,0,9,群益金鼎-開元,2023-03-03,9134
2504,國產,9,0,9,群益金鼎-開元,2023-03-03,9134
2886,兆豐金,8,0,8,群益金鼎-開元,2023-03-03,9134
6235,華孚,20,12,8,群益金鼎-開元,2023-03-03,9134
3176,基亞,8,0,8,群益金鼎-開元,2023-03-03,9134
2888,新光金,8,0,8,群益金鼎-開元,2023-03-03,9134
3024,憶聲,8,0,8,群益金鼎-開元,2023-03-03,9134
8222,寶一,9,1,8,群益金鼎-開元,2023-03-03,9134
6170,統振,9,1,8,群益金鼎-開元,2023-03-03,9134
3707,漢磊,12,4,8,群益金鼎-開元,2023-03-03,9134
2884,玉山金,7,0,7,群益金鼎-開元,2023-03-03,9134
6531,愛普*,19,12,7,群益金鼎-開元,2023-03-03,9134
6283,淳安,7,0,7,群益金鼎-開元,2023-03-03,9134
00712,復華富時不動產,7,0,7,群益金鼎-開元,2023-03-03,9134
2883,凱基金,10,3,7,群益金鼎-開元,2023-03-03,9134
8234,新漢,9,2,7,群益金鼎-開元,2023-03-03,9134
6288,聯嘉,6,0,6,群益金鼎-開元,2023-03-03,9134
2201,裕隆,6,0,6,群益金鼎-開元,2023-03-03,9134
3661,世芯-KY,7,1,6,群益金鼎-開元,2023-03-03,9134
8112,至上,9,3,6,群益金鼎-開元,2023-03-03,9134
3202,樺晟,6,0,6,群益金鼎-開元,2023-03-03,9134
2890,永豐金,7,1,6,群益金鼎-開元,2023-03-03,9134
2606,裕民,6,0,6,群益金鼎-開元,2023-03-03,9134
8213,志超,6,0,6,群益金鼎-開元,2023-03-03,9134
4549,桓達,6,0,6,群益金鼎-開元,2023-03-03,9134
2610,華航,152,3,149,群益金鼎-開元,2023-03-06,9134
00637L,元大滬深300正2,96,0,96,群益金鼎-開元,2023-03-06,9134
2417,圓剛,78,0,78,群益金鼎-開元,2023-03-06,9134
00752,中信中國50,70,0,70,群益金鼎-開元,2023-03-06,9134
3494,誠研,68,0,68,群益金鼎-開元,2023-03-06,9134
2317,鴻海,63,9,54,群益金鼎-開元,2023-03-06,9134
6548,長科*,50,1,49,群益金鼎-開元,2023-03-06,9134
2888,新光金,41,0,41,群益金鼎-開元,2023-03-06,9134
6147,頎邦,62,21,41,群益金鼎-開元,2023-03-06,9134
2851,中再保,40,0,40,群益金鼎-開元,2023-03-06,9134
2413,環科,36,1,35,群益金鼎-開元,2023-03-06,9134
2641,正德,42,12,30,群益金鼎-開元,2023-03-06,9134
2358,廷鑫,33,5,28,群益金鼎-開元,2023-03-06,9134
6207,雷科,30,4,26,群益金鼎-開元,2023-03-06,9134
4543,萬在,25,0,25,群益金鼎-開元,2023-03-06,9134
00673R,期元大S＆P原油反1,20,0,20,群益金鼎-開元,2023-03-06,9134
3030,德律,20,0,20,群益金鼎-開元,2023-03-06,9134
8936,國統,20,1,19,群益金鼎-開元,2023-03-06,9134
2884,玉山金,19,0,19,群益金鼎-開元,2023-03-06,9134
9907,統一實,19,3,16,群益金鼎-開元,2023-03-06,9134
3035,智原,18,3,15,群益金鼎-開元,2023-03-06,9134
1708,東鹼,17,2,15,群益金鼎-開元,2023-03-06,9134
4915,致伸,13,0,13,群益金鼎-開元,2023-03-06,9134
2015,豐興,13,0,13,群益金鼎-開元,2023-03-06,9134
00878,國泰永續高股息,14,3,11,群益金鼎-開元,2023-03-06,9134
3162,精確,13,2,11,群益金鼎-開元,2023-03-06,9134
6411,晶焱,11,0,11,群益金鼎-開元,2023-03-06,9134
9945,潤泰新,20,10,10,群益金鼎-開元,2023-03-06,9134
2606,裕民,15,5,10,群益金鼎-開元,2023-03-06,9134
4916,事欣科,10,0,10,群益金鼎-開元,2023-03-06,9134
1783,和康生,17,7,10,群益金鼎-開元,2023-03-06,9134
2812,台中銀,10,0,10,群益金鼎-開元,2023-03-06,9134
3264,欣銓,12,2,10,群益金鼎-開元,2023-03-06,9134
3704,合勤控,10,0,10,群益金鼎-開元,2023-03-06,9134
1609,大亞,11,1,10,群益金鼎-開元,2023-03-06,9134
2025,千興,10,0,10,群益金鼎-開元,2023-03-06,9134
6015,宏遠證,10,0,10,群益金鼎-開元,2023-03-06,9134
6160,欣技,20,10,10,群益金鼎-開元,2023-03-06,9134
2441,超豐,11,2,9,群益金鼎-開元,2023-03-06,9134
2453,凌群,12,3,9,群益金鼎-開元,2023-03-06,9134
4549,桓達,9,0,9,群益金鼎-開元,2023-03-06,9134
6697,東捷資訊,10,1,9,群益金鼎-開元,2023-03-06,9134
2834,臺企銀,9,0,9,群益金鼎-開元,2023-03-06,9134
1503,士電,12,4,8,群益金鼎-開元,2023-03-06,9134
5536,聖暉*,7,0,7,群益金鼎-開元,2023-03-06,9134
2313,華通,7,0,7,群益金鼎-開元,2023-03-06,9134
2609,陽明,21,15,6,群益金鼎-開元,2023-03-06,9134
2607,榮運,6,0,6,群益金鼎-開元,2023-03-06,9134
3236,千如,6,0,6,群益金鼎-開元,2023-03-06,9134
4130,健亞,6,0,6,群益金鼎-開元,2023-03-06,9134
4541,晟田,102,28,74,群益金鼎-開元,2023-03-07,9134
3481,群創,75,11,64,群益金鼎-開元,2023-03-07,9134
1710,東聯,41,5,36,群益金鼎-開元,2023-03-07,9134
6282,康舒,57,22,35,群益金鼎-開元,2023-03-07,9134
6548,長科*,37,5,32,群益金鼎-開元,2023-03-07,9134
8046,南電,31,0,31,群益金鼎-開元,2023-03-07,9134
2885,元大金,40,10,30,群益金鼎-開元,2023-03-07,9134
2888,新光金,33,5,28,群益金鼎-開元,2023-03-07,9134
00893,國泰智能電動車,27,0,27,群益金鼎-開元,2023-03-07,9134
1303,南亞,30,5,25,群益金鼎-開元,2023-03-07,9134
6443,元晶,38,13,25,群益金鼎-開元,2023-03-07,9134
4549,桓達,23,0,23,群益金鼎-開元,2023-03-07,9134
00673R,期元大S＆P原油反1,23,0,23,群益金鼎-開元,2023-03-07,9134
6139,亞翔,23,2,21,群益金鼎-開元,2023-03-07,9134
1524,耿鼎,42,22,20,群益金鼎-開元,2023-03-07,9134
2356,英業達,20,0,20,群益金鼎-開元,2023-03-07,9134
00632R,元大台灣50反1,18,0,18,群益金鼎-開元,2023-03-07,9134
00637L,元大滬深300正2,18,0,18,群益金鼎-開元,2023-03-07,9134
2402,毅嘉,20,2,18,群益金鼎-開元,2023-03-07,9134
3037,欣興,17,0,17,群益金鼎-開元,2023-03-07,9134
2330,台積電,25,9,16,群益金鼎-開元,2023-03-07,9134
2609,陽明,24,9,15,群益金鼎-開元,2023-03-07,9134
2601,益航,91,76,15,群益金鼎-開元,2023-03-07,9134
1909,榮成,15,0,15,群益金鼎-開元,2023-03-07,9134
6234,高僑,15,1,14,群益金鼎-開元,2023-03-07,9134
6532,瑞耘,14,1,13,群益金鼎-開元,2023-03-07,9134
3494,誠研,26,13,13,群益金鼎-開元,2023-03-07,9134
1708,東鹼,12,0,12,群益金鼎-開元,2023-03-07,9134
8176,智捷,12,1,11,群益金鼎-開元,2023-03-07,9134
2884,玉山金,11,1,10,群益金鼎-開元,2023-03-07,9134
2303,聯電,13,3,10,群益金鼎-開元,2023-03-07,9134
5285,界霖,10,0,10,群益金鼎-開元,2023-03-07,9134
8096,擎亞,14,4,10,群益金鼎-開元,2023-03-07,9134
2324,仁寶,10,0,10,群益金鼎-開元,2023-03-07,9134
2534,宏盛,10,0,10,群益金鼎-開元,2023-03-07,9134
6120,達運,10,0,10,群益金鼎-開元,2023-03-07,9134
6233,旺玖,10,0,10,群益金鼎-開元,2023-03-07,9134
2449,京元電子,13,4,9,群益金鼎-開元,2023-03-07,9134
2338,光罩,9,0,9,群益金鼎-開元,2023-03-07,9134
1309,台達化,9,0,9,群益金鼎-開元,2023-03-07,9134
2359,所羅門,19,10,9,群益金鼎-開元,2023-03-07,9134
2424,隴華,9,0,9,群益金鼎-開元,2023-03-07,9134
2413,環科,12,3,9,群益金鼎-開元,2023-03-07,9134
2441,超豐,11,2,9,群益金鼎-開元,2023-03-07,9134
3684,榮昌,12,3,9,群益金鼎-開元,2023-03-07,9134
5388,中磊,15,7,8,群益金鼎-開元,2023-03-07,9134
2337,旺宏,12,4,8,群益金鼎-開元,2023-03-07,9134
6183,關貿,31,23,8,群益金鼎-開元,2023-03-07,9134
2486,一詮,27,19,8,群益金鼎-開元,2023-03-07,9134
2201,裕隆,9,2,7,群益金鼎-開元,2023-03-07,9134
2440,太空梭,302,0,302,群益金鼎-開元,2023-03-08,9134
00637L,元大滬深300正2,194,0,194,群益金鼎-開元,2023-03-08,9134
2834,臺企銀,157,0,157,群益金鼎-開元,2023-03-08,9134
8924,大田,204,70,134,群益金鼎-開元,2023-03-08,9134
3673,TPK-KY,73,0,73,群益金鼎-開元,2023-03-08,9134
00878,國泰永續高股息,72,1,71,群益金鼎-開元,2023-03-08,9134
2888,新光金,96,30,66,群益金鼎-開元,2023-03-08,9134
2883,凱基金,81,24,57,群益金鼎-開元,2023-03-08,9134
5484,慧友,54,0,54,群益金鼎-開元,2023-03-08,9134
1708,東鹼,52,1,51,群益金鼎-開元,2023-03-08,9134
00923,群益台ESG低碳50,102,59,43,群益金鼎-開元,2023-03-08,9134
9933,中鼎,51,10,41,群益金鼎-開元,2023-03-08,9134
2420,新巨,40,0,40,群益金鼎-開元,2023-03-08,9134
4130,健亞,50,10,40,群益金鼎-開元,2023-03-08,9134
00885,富邦越南,36,0,36,群益金鼎-開元,2023-03-08,9134
1605,華新,56,28,28,群益金鼎-開元,2023-03-08,9134
6118,建達,33,6,27,群益金鼎-開元,2023-03-08,9134
3289,宜特,64,37,27,群益金鼎-開元,2023-03-08,9134
5465,富驊,26,0,26,群益金鼎-開元,2023-03-08,9134
00715L,期街口布蘭特正2,24,0,24,群益金鼎-開元,2023-03-08,9134
2344,華邦電,54,30,24,群益金鼎-開元,2023-03-08,9134
2884,玉山金,23,0,23,群益金鼎-開元,2023-03-08,9134
00679B,元大美債20年,22,0,22,群益金鼎-開元,2023-03-08,9134
2891,中信金,21,0,21,群益金鼎-開元,2023-03-08,9134
2349,錸德,20,0,20,群益金鼎-開元,2023-03-08,9134
3479,安勤,25,5,20,群益金鼎-開元,2023-03-08,9134
00891,中信關鍵半導體,20,0,20,群益金鼎-開元,2023-03-08,9134
8261,富鼎,20,0,20,群益金鼎-開元,2023-03-08,9134
2305,全友,19,0,19,群益金鼎-開元,2023-03-08,9134
1513,中興電,38,21,17,群益金鼎-開元,2023-03-08,9134
2454,聯發科,19,3,16,群益金鼎-開元,2023-03-08,9134
2401,凌陽,20,5,15,群益金鼎-開元,2023-03-08,9134
3714,富采,18,3,15,群益金鼎-開元,2023-03-08,9134
2618,長榮航,16,1,15,群益金鼎-開元,2023-03-08,9134
6116,彩晶,16,1,15,群益金鼎-開元,2023-03-08,9134
3481,群創,21,7,14,群益金鼎-開元,2023-03-08,9134
1711,永光,14,0,14,群益金鼎-開元,2023-03-08,9134
5328,華容,14,0,14,群益金鼎-開元,2023-03-08,9134
4114,健喬,18,4,14,群益金鼎-開元,2023-03-08,9134
00882,中信中國高股息,13,0,13,群益金鼎-開元,2023-03-08,9134
1802,台玻,13,0,13,群益金鼎-開元,2023-03-08,9134
3362,先進光,20,8,12,群益金鼎-開元,2023-03-08,9134
2882,國泰金,12,0,12,群益金鼎-開元,2023-03-08,9134
00753L,中信中國50正2,12,0,12,群益金鼎-開元,2023-03-08,9134
1434,福懋,12,0,12,群益金鼎-開元,2023-03-08,9134
2535,達欣工,22,10,12,群益金鼎-開元,2023-03-08,9134
2363,矽統,12,1,11,群益金鼎-開元,2023-03-08,9134
5009,榮剛,18,7,11,群益金鼎-開元,2023-03-08,9134
5410,國眾,13,2,11,群益金鼎-開元,2023-03-08,9134
8107,大億金茂,11,0,11,群益金鼎-開元,2023-03-08,9134
2883,凱基金,158,30,128,群益金鼎-開元,2023-03-09,9134
1540,喬福,125,0,125,群益金鼎-開元,2023-03-09,9134
4931,新盛力,120,1,119,群益金鼎-開元,2023-03-09,9134
2457,飛宏,139,34,105,群益金鼎-開元,2023-03-09,9134
3481,群創,134,50,84,群益金鼎-開元,2023-03-09,9134
6282,康舒,79,8,71,群益金鼎-開元,2023-03-09,9134
9105,泰金寶-DR,74,5,69,群益金鼎-開元,2023-03-09,9134
3290,東浦,74,6,68,群益金鼎-開元,2023-03-09,9134
2891,中信金,65,1,64,群益金鼎-開元,2023-03-09,9134
2888,新光金,60,0,60,群益金鼎-開元,2023-03-09,9134
2610,華航,81,23,58,群益金鼎-開元,2023-03-09,9134
8050,廣積,85,30,55,群益金鼎-開元,2023-03-09,9134
9933,中鼎,42,0,42,群益金鼎-開元,2023-03-09,9134
00878,國泰永續高股息,41,0,41,群益金鼎-開元,2023-03-09,9134
00679B,元大美債20年,39,0,39,群益金鼎-開元,2023-03-09,9134
6443,元晶,75,38,37,群益金鼎-開元,2023-03-09,9134
8429,金麗-KY,31,0,31,群益金鼎-開元,2023-03-09,9134
2486,一詮,36,6,30,群益金鼎-開元,2023-03-09,9134
2855,統一證,30,0,30,群益金鼎-開元,2023-03-09,9134
00637L,元大滬深300正2,29,0,29,群益金鼎-開元,2023-03-09,9134
00715L,期街口布蘭特正2,53,30,23,群益金鼎-開元,2023-03-09,9134
4114,健喬,25,3,22,群益金鼎-開元,2023-03-09,9134
6223,旺矽,22,1,21,群益金鼎-開元,2023-03-09,9134
1473,台南,21,0,21,群益金鼎-開元,2023-03-09,9134
6244,茂迪,21,1,20,群益金鼎-開元,2023-03-09,9134
1340,勝悅-KY,20,0,20,群益金鼎-開元,2023-03-09,9134
2344,華邦電,48,28,20,群益金鼎-開元,2023-03-09,9134
2317,鴻海,23,3,20,群益金鼎-開元,2023-03-09,9134
1219,福壽,20,1,19,群益金鼎-開元,2023-03-09,9134
8105,凌巨,20,1,19,群益金鼎-開元,2023-03-09,9134
8933,愛地雅,20,1,19,群益金鼎-開元,2023-03-09,9134
2605,新興,19,1,18,群益金鼎-開元,2023-03-09,9134
2356,英業達,22,4,18,群益金鼎-開元,2023-03-09,9134
3466,德晉,25,7,18,群益金鼎-開元,2023-03-09,9134
1314,中石化,20,2,18,群益金鼎-開元,2023-03-09,9134
1711,永光,17,0,17,群益金鼎-開元,2023-03-09,9134
8440,綠電,17,0,17,群益金鼎-開元,2023-03-09,9134
1907,永豐餘,20,4,16,群益金鼎-開元,2023-03-09,9134
6776,展�眥篕�,15,0,15,群益金鼎-開元,2023-03-09,9134
2409,友達,15,0,15,群益金鼎-開元,2023-03-09,9134
3059,華晶科,17,2,15,群益金鼎-開元,2023-03-09,9134
2601,益航,55,40,15,群益金鼎-開元,2023-03-09,9134
3047,訊舟,15,1,14,群益金鼎-開元,2023-03-09,9134
3652,精聯,14,0,14,群益金鼎-開元,2023-03-09,9134
9907,統一實,27,13,14,群益金鼎-開元,2023-03-09,9134
0056,元大高股息,23,10,13,群益金鼎-開元,2023-03-09,9134
1584,精剛,15,3,12,群益金鼎-開元,2023-03-09,9134
6112,邁達特,13,1,12,群益金鼎-開元,2023-03-09,9134
2481,強茂,12,0,12,群益金鼎-開元,2023-03-09,9134
1301,台塑,12,0,12,群益金鼎-開元,2023-03-09,9134
00878,國泰永續高股息,238,0,238,群益金鼎-開元,2023-03-10,9134
00637L,元大滬深300正2,129,0,129,群益金鼎-開元,2023-03-10,9134
4543,萬在,124,0,124,群益金鼎-開元,2023-03-10,9134
2609,陽明,218,109,109,群益金鼎-開元,2023-03-10,9134
00715L,期街口布蘭特正2,111,20,91,群益金鼎-開元,2023-03-10,9134
1540,喬福,88,0,88,群益金鼎-開元,2023-03-10,9134
2883,凱基金,89,2,87,群益金鼎-開元,2023-03-10,9134
00752,中信中國50,80,0,80,群益金鼎-開元,2023-03-10,9134
2884,玉山金,73,1,72,群益金鼎-開元,2023-03-10,9134
2618,長榮航,70,13,57,群益金鼎-開元,2023-03-10,9134
9933,中鼎,57,0,57,群益金鼎-開元,2023-03-10,9134
2641,正德,69,15,54,群益金鼎-開元,2023-03-10,9134
8222,寶一,65,14,51,群益金鼎-開元,2023-03-10,9134
00923,群益台ESG低碳50,50,1,49,群益金鼎-開元,2023-03-10,9134
8433,弘帆,95,47,48,群益金鼎-開元,2023-03-10,9134
4931,新盛力,46,0,46,群益金鼎-開元,2023-03-10,9134
4960,誠美材,43,0,43,群益金鼎-開元,2023-03-10,9134
2855,統一證,35,0,35,群益金鼎-開元,2023-03-10,9134
0056,元大高股息,35,1,34,群益金鼎-開元,2023-03-10,9134
9907,統一實,31,0,31,群益金鼎-開元,2023-03-10,9134
8429,金麗-KY,31,0,31,群益金鼎-開元,2023-03-10,9134
6116,彩晶,31,1,30,群益金鼎-開元,2023-03-10,9134
6139,亞翔,33,3,30,群益金鼎-開元,2023-03-10,9134
6282,康舒,41,12,29,群益金鼎-開元,2023-03-10,9134
1806,冠軍,34,5,29,群益金鼎-開元,2023-03-10,9134
1609,大亞,28,0,28,群益金鼎-開元,2023-03-10,9134
1473,台南,27,0,27,群益金鼎-開元,2023-03-10,9134
00679B,元大美債20年,25,0,25,群益金鼎-開元,2023-03-10,9134
3049,精金,25,1,24,群益金鼎-開元,2023-03-10,9134
2834,臺企銀,23,0,23,群益金鼎-開元,2023-03-10,9134
8105,凌巨,22,0,22,群益金鼎-開元,2023-03-10,9134
2867,三商壽,22,0,22,群益金鼎-開元,2023-03-10,9134
3494,誠研,23,1,22,群益金鼎-開元,2023-03-10,9134
2633,台灣高鐵,23,1,22,群益金鼎-開元,2023-03-10,9134
5222,全訊,21,0,21,群益金鼎-開元,2023-03-10,9134
6026,福邦證,20,0,20,群益金鼎-開元,2023-03-10,9134
6770,力積電,25,6,19,群益金鼎-開元,2023-03-10,9134
2882,國泰金,21,2,19,群益金鼎-開元,2023-03-10,9134
3481,群創,39,22,17,群益金鼎-開元,2023-03-10,9134
2449,京元電子,21,5,16,群益金鼎-開元,2023-03-10,9134
2331,精英,26,10,16,群益金鼎-開元,2023-03-10,9134
2498,宏達電,21,5,16,群益金鼎-開元,2023-03-10,9134
2891,中信金,17,2,15,群益金鼎-開元,2023-03-10,9134
2002,中鋼,15,0,15,群益金鼎-開元,2023-03-10,9134
2887,台新金,16,1,15,群益金鼎-開元,2023-03-10,9134
4707,磐亞,15,0,15,群益金鼎-開元,2023-03-10,9134
2892,第一金,15,1,14,群益金鼎-開元,2023-03-10,9134
4417,金洲,14,0,14,群益金鼎-開元,2023-03-10,9134
00882,中信中國高股息,16,2,14,群益金鼎-開元,2023-03-10,9134
8069,元太,26,13,13,群益金鼎-開元,2023-03-10,9134
00632R,元大台灣50反1,173,6,167,群益金鼎-開元,2023-03-13,9134
00878,國泰永續高股息,124,9,115,群益金鼎-開元,2023-03-13,9134
8289,泰藝,92,0,92,群益金鼎-開元,2023-03-13,9134
8429,金麗-KY,52,0,52,群益金鼎-開元,2023-03-13,9134
9933,中鼎,46,0,46,群益金鼎-開元,2023-03-13,9134
8390,金益鼎,50,6,44,群益金鼎-開元,2023-03-13,9134
2402,毅嘉,42,1,41,群益金鼎-開元,2023-03-13,9134
1524,耿鼎,47,9,38,群益金鼎-開元,2023-03-13,9134
2887,台新金,36,0,36,群益金鼎-開元,2023-03-13,9134
1708,東鹼,34,0,34,群益金鼎-開元,2023-03-13,9134
3494,誠研,34,0,34,群益金鼎-開元,2023-03-13,9134
2892,第一金,35,2,33,群益金鼎-開元,2023-03-13,9134
2331,精英,37,5,32,群益金鼎-開元,2023-03-13,9134
2884,玉山金,32,1,31,群益金鼎-開元,2023-03-13,9134
6026,福邦證,30,0,30,群益金鼎-開元,2023-03-13,9134
4543,萬在,30,1,29,群益金鼎-開元,2023-03-13,9134
3162,精確,30,2,28,群益金鼎-開元,2023-03-13,9134
2888,新光金,48,21,27,群益金鼎-開元,2023-03-13,9134
00713,元大台灣高息低波,27,1,26,群益金鼎-開元,2023-03-13,9134
6234,高僑,24,0,24,群益金鼎-開元,2023-03-13,9134
3234,光環,22,0,22,群益金鼎-開元,2023-03-13,9134
1605,華新,28,7,21,群益金鼎-開元,2023-03-13,9134
6015,宏遠證,20,0,20,群益金鼎-開元,2023-03-13,9134
6016,康和證,20,0,20,群益金鼎-開元,2023-03-13,9134
2641,正德,20,5,15,群益金鼎-開元,2023-03-13,9134
1101,台泥,14,0,14,群益金鼎-開元,2023-03-13,9134
2609,陽明,70,56,14,群益金鼎-開元,2023-03-13,9134
3703,欣陸,20,6,14,群益金鼎-開元,2023-03-13,9134
2891,中信金,14,0,14,群益金鼎-開元,2023-03-13,9134
2881,富邦金,14,0,14,群益金鼎-開元,2023-03-13,9134
2601,益航,16,2,14,群益金鼎-開元,2023-03-13,9134
2812,台中銀,21,8,13,群益金鼎-開元,2023-03-13,9134
3624,光頡,33,20,13,群益金鼎-開元,2023-03-13,9134
6118,建達,13,0,13,群益金鼎-開元,2023-03-13,9134
8933,愛地雅,15,3,12,群益金鼎-開元,2023-03-13,9134
3491,昇達科,14,3,11,群益金鼎-開元,2023-03-13,9134
1609,大亞,13,2,11,群益金鼎-開元,2023-03-13,9134
2450,神腦,11,0,11,群益金鼎-開元,2023-03-13,9134
1229,聯華,10,0,10,群益金鼎-開元,2023-03-13,9134
2305,全友,10,0,10,群益金鼎-開元,2023-03-13,9134
00897,富邦基因免疫生技,10,0,10,群益金鼎-開元,2023-03-13,9134
3596,智易,10,0,10,群益金鼎-開元,2023-03-13,9134
6142,友勁,10,0,10,群益金鼎-開元,2023-03-13,9134
9105,泰金寶-DR,10,0,10,群益金鼎-開元,2023-03-13,9134
00712,復華富時不動產,16,7,9,群益金鼎-開元,2023-03-13,9134
00882,中信中國高股息,9,0,9,群益金鼎-開元,2023-03-13,9134
2444,兆勁,9,0,9,群益金鼎-開元,2023-03-13,9134
6188,廣明,10,1,9,群益金鼎-開元,2023-03-13,9134
6282,康舒,43,34,9,群益金鼎-開元,2023-03-13,9134
2886,兆豐金,10,1,9,群益金鼎-開元,2023-03-13,9134
00637L,元大滬深300正2,111,5,106,群益金鼎-開元,2023-03-14,9134
00923,群益台ESG低碳50,81,0,81,群益金鼎-開元,2023-03-14,9134
2618,長榮航,79,1,78,群益金鼎-開元,2023-03-14,9134
2515,中工,68,2,66,群益金鼎-開元,2023-03-14,9134
2609,陽明,113,48,65,群益金鼎-開元,2023-03-14,9134
9933,中鼎,56,0,56,群益金鼎-開元,2023-03-14,9134
1909,榮成,52,0,52,群益金鼎-開元,2023-03-14,9134
1569,濱川,50,0,50,群益金鼎-開元,2023-03-14,9134
2883,凱基金,51,1,50,群益金鼎-開元,2023-03-14,9134
00715L,期街口布蘭特正2,56,10,46,群益金鼎-開元,2023-03-14,9134
2615,萬海,78,37,41,群益金鼎-開元,2023-03-14,9134
3466,德晉,47,10,37,群益金鼎-開元,2023-03-14,9134
2303,聯電,57,21,36,群益金鼎-開元,2023-03-14,9134
1522,堤維西,41,5,36,群益金鼎-開元,2023-03-14,9134
6443,元晶,60,26,34,群益金鼎-開元,2023-03-14,9134
2887,台新金,32,0,32,群益金鼎-開元,2023-03-14,9134
2891,中信金,32,1,31,群益金鼎-開元,2023-03-14,9134
2027,大成鋼,57,26,31,群益金鼎-開元,2023-03-14,9134
6142,友勁,30,0,30,群益金鼎-開元,2023-03-14,9134
2427,三商電,68,39,29,群益金鼎-開元,2023-03-14,9134
9945,潤泰新,26,0,26,群益金鼎-開元,2023-03-14,9134
3481,群創,43,20,23,群益金鼎-開元,2023-03-14,9134
6015,宏遠證,21,0,21,群益金鼎-開元,2023-03-14,9134
8050,廣積,34,13,21,群益金鼎-開元,2023-03-14,9134
2614,東森,21,0,21,群益金鼎-開元,2023-03-14,9134
5434,崇越,21,0,21,群益金鼎-開元,2023-03-14,9134
2605,新興,23,3,20,群益金鼎-開元,2023-03-14,9134
2855,統一證,20,0,20,群益金鼎-開元,2023-03-14,9134
9907,統一實,22,3,19,群益金鼎-開元,2023-03-14,9134
00712,復華富時不動產,19,0,19,群益金鼎-開元,2023-03-14,9134
2892,第一金,18,0,18,群益金鼎-開元,2023-03-14,9134
2834,臺企銀,18,0,18,群益金鼎-開元,2023-03-14,9134
2409,友達,23,7,16,群益金鼎-開元,2023-03-14,9134
2421,建準,16,0,16,群益金鼎-開元,2023-03-14,9134
2881,富邦金,14,0,14,群益金鼎-開元,2023-03-14,9134
00878,國泰永續高股息,191,178,13,群益金鼎-開元,2023-03-14,9134
00902,中信電池及儲能,13,0,13,群益金鼎-開元,2023-03-14,9134
2880,華南金,13,0,13,群益金鼎-開元,2023-03-14,9134
0056,元大高股息,14,2,12,群益金鼎-開元,2023-03-14,9134
00642U,期元大S＆P石油,12,0,12,群益金鼎-開元,2023-03-14,9134
6770,力積電,15,3,12,群益金鼎-開元,2023-03-14,9134
2897,王道銀行,22,10,12,群益金鼎-開元,2023-03-14,9134
2495,普安,11,0,11,群益金鼎-開元,2023-03-14,9134
2882,國泰金,10,0,10,群益金鼎-開元,2023-03-14,9134
1101,台泥,11,1,10,群益金鼎-開元,2023-03-14,9134
3037,欣興,12,2,10,群益金鼎-開元,2023-03-14,9134
8429,金麗-KY,10,0,10,群益金鼎-開元,2023-03-14,9134
2313,華通,10,0,10,群益金鼎-開元,2023-03-14,9134
2852,第一保,10,0,10,群益金鼎-開元,2023-03-14,9134
4536,拓凱,10,0,10,群益金鼎-開元,2023-03-14,9134
00715L,期街口布蘭特正2,129,11,118,群益金鼎-開元,2023-03-15,9134
2888,新光金,106,16,90,群益金鼎-開元,2023-03-15,9134
2883,凱基金,71,3,68,群益金鼎-開元,2023-03-15,9134
2614,東森,81,23,58,群益金鼎-開元,2023-03-15,9134
9933,中鼎,47,0,47,群益金鼎-開元,2023-03-15,9134
2603,長榮,271,226,45,群益金鼎-開元,2023-03-15,9134
00679B,元大美債20年,45,0,45,群益金鼎-開元,2023-03-15,9134
2880,華南金,43,0,43,群益金鼎-開元,2023-03-15,9134
1504,東元,46,8,38,群益金鼎-開元,2023-03-15,9134
1503,士電,33,1,32,群益金鼎-開元,2023-03-15,9134
6015,宏遠證,31,0,31,群益金鼎-開元,2023-03-15,9134
00878,國泰永續高股息,32,3,29,群益金鼎-開元,2023-03-15,9134
2641,正德,30,3,27,群益金鼎-開元,2023-03-15,9134
3466,德晉,30,5,25,群益金鼎-開元,2023-03-15,9134
1101,台泥,27,3,24,群益金鼎-開元,2023-03-15,9134
2331,精英,40,16,24,群益金鼎-開元,2023-03-15,9134
00637L,元大滬深300正2,30,6,24,群益金鼎-開元,2023-03-15,9134
2457,飛宏,50,27,23,群益金鼎-開元,2023-03-15,9134
2033,佳大,23,0,23,群益金鼎-開元,2023-03-15,9134
5011,久陽,23,0,23,群益金鼎-開元,2023-03-15,9134
00751B,元大AAA至A公司債,21,0,21,群益金鼎-開元,2023-03-15,9134
2027,大成鋼,152,131,21,群益金鼎-開元,2023-03-15,9134
8390,金益鼎,20,0,20,群益金鼎-開元,2023-03-15,9134
3682,亞太電,20,0,20,群益金鼎-開元,2023-03-15,9134
2891,中信金,19,2,17,群益金鼎-開元,2023-03-15,9134
2313,華通,22,5,17,群益金鼎-開元,2023-03-15,9134
5905,南仁湖,19,2,17,群益金鼎-開元,2023-03-15,9134
2609,陽明,51,35,16,群益金鼎-開元,2023-03-15,9134
2884,玉山金,15,0,15,群益金鼎-開元,2023-03-15,9134
3209,全科,19,5,14,群益金鼎-開元,2023-03-15,9134
00720B,元大投資級公司債,14,0,14,群益金鼎-開元,2023-03-15,9134
3062,建漢,15,1,14,群益金鼎-開元,2023-03-15,9134
2892,第一金,13,0,13,群益金鼎-開元,2023-03-15,9134
2312,金寶,12,0,12,群益金鼎-開元,2023-03-15,9134
4157,太景*-KY,12,0,12,群益金鼎-開元,2023-03-15,9134
00642U,期元大S＆P石油,12,0,12,群益金鼎-開元,2023-03-15,9134
2618,長榮航,34,22,12,群益金鼎-開元,2023-03-15,9134
2486,一詮,12,1,11,群益金鼎-開元,2023-03-15,9134
4114,健喬,11,0,11,群益金鼎-開元,2023-03-15,9134
4743,合一,11,0,11,群益金鼎-開元,2023-03-15,9134
2413,環科,15,4,11,群益金鼎-開元,2023-03-15,9134
00680L,元大美債20正2,10,0,10,群益金鼎-開元,2023-03-15,9134
4989,榮科,10,0,10,群益金鼎-開元,2023-03-15,9134
8429,金麗-KY,10,0,10,群益金鼎-開元,2023-03-15,9134
3652,精聯,10,0,10,群益金鼎-開元,2023-03-15,9134
2855,統一證,10,0,10,群益金鼎-開元,2023-03-15,9134
2481,強茂,10,0,10,群益金鼎-開元,2023-03-15,9134
5522,遠雄,9,0,9,群益金鼎-開元,2023-03-15,9134
2367,燿華,10,1,9,群益金鼎-開元,2023-03-15,9134
8107,大億金茂,9,0,9,群益金鼎-開元,2023-03-15,9134
2834,臺企銀,519,31,488,群益金鼎-開元,2023-03-16,9134
1314,中石化,200,4,196,群益金鼎-開元,2023-03-16,9134
00715L,期街口布蘭特正2,182,0,182,群益金鼎-開元,2023-03-16,9134
00878,國泰永續高股息,162,2,160,群益金鼎-開元,2023-03-16,9134
4743,合一,107,4,103,群益金鼎-開元,2023-03-16,9134
2603,長榮,109,14,95,群益金鼎-開元,2023-03-16,9134
6217,中探針,51,0,51,群益金鼎-開元,2023-03-16,9134
9933,中鼎,58,10,48,群益金鼎-開元,2023-03-16,9134
2027,大成鋼,51,7,44,群益金鼎-開元,2023-03-16,9134
2609,陽明,63,22,41,群益金鼎-開元,2023-03-16,9134
3162,精確,40,2,38,群益金鼎-開元,2023-03-16,9134
2812,台中銀,37,0,37,群益金鼎-開元,2023-03-16,9134
2884,玉山金,52,17,35,群益金鼎-開元,2023-03-16,9134
2891,中信金,42,9,33,群益金鼎-開元,2023-03-16,9134
5222,全訊,32,2,30,群益金鼎-開元,2023-03-16,9134
3056,富華新,43,16,27,群益金鼎-開元,2023-03-16,9134
00713,元大台灣高息低波,26,0,26,群益金鼎-開元,2023-03-16,9134
6163,華電網,28,2,26,群益金鼎-開元,2023-03-16,9134
1605,華新,32,7,25,群益金鼎-開元,2023-03-16,9134
1711,永光,24,0,24,群益金鼎-開元,2023-03-16,9134
2382,廣達,30,7,23,群益金鼎-開元,2023-03-16,9134
3494,誠研,30,9,21,群益金鼎-開元,2023-03-16,9134
8150,南茂,22,1,21,群益金鼎-開元,2023-03-16,9134
00683L,期元大美元指正2,20,0,20,群益金鼎-開元,2023-03-16,9134
6689,伊雲谷,20,1,19,群益金鼎-開元,2023-03-16,9134
00637L,元大滬深300正2,24,6,18,群益金鼎-開元,2023-03-16,9134
1524,耿鼎,23,5,18,群益金鼎-開元,2023-03-16,9134
1444,力麗,20,2,18,群益金鼎-開元,2023-03-16,9134
1504,東元,23,6,17,群益金鼎-開元,2023-03-16,9134
2615,萬海,19,3,16,群益金鼎-開元,2023-03-16,9134
2498,宏達電,16,0,16,群益金鼎-開元,2023-03-16,9134
2618,長榮航,20,4,16,群益金鼎-開元,2023-03-16,9134
3703,欣陸,16,0,16,群益金鼎-開元,2023-03-16,9134
2882,國泰金,27,13,14,群益金鼎-開元,2023-03-16,9134
2108,南帝,15,1,14,群益金鼎-開元,2023-03-16,9134
6016,康和證,14,0,14,群益金鼎-開元,2023-03-16,9134
5011,久陽,14,0,14,群益金鼎-開元,2023-03-16,9134
2303,聯電,54,41,13,群益金鼎-開元,2023-03-16,9134
2313,華通,17,4,13,群益金鼎-開元,2023-03-16,9134
2610,華航,15,2,13,群益金鼎-開元,2023-03-16,9134
8349,�矬�,12,1,11,群益金鼎-開元,2023-03-16,9134
6015,宏遠證,11,0,11,群益金鼎-開元,2023-03-16,9134
8289,泰藝,13,2,11,群益金鼎-開元,2023-03-16,9134
5905,南仁湖,14,3,11,群益金鼎-開元,2023-03-16,9134
1101,台泥,10,0,10,群益金鼎-開元,2023-03-16,9134
2881,富邦金,12,2,10,群益金鼎-開元,2023-03-16,9134
1536,和大,10,0,10,群益金鼎-開元,2023-03-16,9134
3380,明泰,10,0,10,群益金鼎-開元,2023-03-16,9134
2312,金寶,10,0,10,群益金鼎-開元,2023-03-16,9134
4533,協易機,10,0,10,群益金鼎-開元,2023-03-16,9134
00632R,元大台灣50反1,94,5,89,群益金鼎-開元,2023-03-17,9134
2891,中信金,56,0,56,群益金鼎-開元,2023-03-17,9134
1440,南紡,50,0,50,群益金鼎-開元,2023-03-17,9134
00715L,期街口布蘭特正2,58,11,47,群益金鼎-開元,2023-03-17,9134
2455,全新,62,15,47,群益金鼎-開元,2023-03-17,9134
00637L,元大滬深300正2,48,1,47,群益金鼎-開元,2023-03-17,9134
9933,中鼎,42,0,42,群益金鼎-開元,2023-03-17,9134
2888,新光金,42,1,41,群益金鼎-開元,2023-03-17,9134
00772B,中信高評級公司債,30,0,30,群益金鼎-開元,2023-03-17,9134
2882,國泰金,30,0,30,群益金鼎-開元,2023-03-17,9134
2409,友達,32,6,26,群益金鼎-開元,2023-03-17,9134
5483,中美晶,29,3,26,群益金鼎-開元,2023-03-17,9134
8121,越峰,25,0,25,群益金鼎-開元,2023-03-17,9134
2834,臺企銀,38,14,24,群益金鼎-開元,2023-03-17,9134
00885,富邦越南,24,0,24,群益金鼎-開元,2023-03-17,9134
6282,康舒,35,12,23,群益金鼎-開元,2023-03-17,9134
2641,正德,23,2,21,群益金鼎-開元,2023-03-17,9134
2344,華邦電,21,0,21,群益金鼎-開元,2023-03-17,9134
2884,玉山金,21,0,21,群益金鼎-開元,2023-03-17,9134
2380,虹光,20,0,20,群益金鼎-開元,2023-03-17,9134
4190,佐登-KY,20,0,20,群益金鼎-開元,2023-03-17,9134
2748,雲品,20,1,19,群益金鼎-開元,2023-03-17,9134
1402,遠東新,18,0,18,群益金鼎-開元,2023-03-17,9134
00878,國泰永續高股息,17,1,16,群益金鼎-開元,2023-03-17,9134
6133,金橋,21,6,15,群益金鼎-開元,2023-03-17,9134
2338,光罩,14,1,13,群益金鼎-開元,2023-03-17,9134
2801,彰銀,13,0,13,群益金鼎-開元,2023-03-17,9134
3058,立德,15,2,13,群益金鼎-開元,2023-03-17,9134
8390,金益鼎,23,10,13,群益金鼎-開元,2023-03-17,9134
2349,錸德,11,0,11,群益金鼎-開元,2023-03-17,9134
6182,合晶,20,9,11,群益金鼎-開元,2023-03-17,9134
5512,力麒,10,0,10,群益金鼎-開元,2023-03-17,9134
6116,彩晶,10,0,10,群益金鼎-開元,2023-03-17,9134
2929,淘帝-KY,10,0,10,群益金鼎-開元,2023-03-17,9134
3078,僑威,11,1,10,群益金鼎-開元,2023-03-17,9134
00720B,元大投資級公司債,10,0,10,群益金鼎-開元,2023-03-17,9134
1410,南染,10,0,10,群益金鼎-開元,2023-03-17,9134
1529,樂事綠能,10,0,10,群益金鼎-開元,2023-03-17,9134
2359,所羅門,12,2,10,群益金鼎-開元,2023-03-17,9134
2399,映泰,11,1,10,群益金鼎-開元,2023-03-17,9134
2618,長榮航,11,2,9,群益金鼎-開元,2023-03-17,9134
2867,三商壽,9,1,8,群益金鼎-開元,2023-03-17,9134
6271,同欣電,8,0,8,群益金鼎-開元,2023-03-17,9134
2371,大同,8,0,8,群益金鼎-開元,2023-03-17,9134
6005,群益證,10,2,8,群益金鼎-開元,2023-03-17,9134
2390,云辰,8,0,8,群益金鼎-開元,2023-03-17,9134
6235,華孚,14,6,8,群益金鼎-開元,2023-03-17,9134
6129,普誠,8,0,8,群益金鼎-開元,2023-03-17,9134
6163,華電網,11,4,7,群益金鼎-開元,2023-03-17,9134
2206,三陽工業,8,1,7,群益金鼎-開元,2023-03-17,9134
00680L,元大美債20正2,100,0,100,群益金鼎-開元,2023-03-20,9134
1605,華新,77,18,59,群益金鼎-開元,2023-03-20,9134
3035,智原,57,2,55,群益金鼎-開元,2023-03-20,9134
2610,華航,50,1,49,群益金鼎-開元,2023-03-20,9134
00637L,元大滬深300正2,66,19,47,群益金鼎-開元,2023-03-20,9134
00878,國泰永續高股息,42,2,40,群益金鼎-開元,2023-03-20,9134
9945,潤泰新,45,9,36,群益金鼎-開元,2023-03-20,9134
3025,星通,30,0,30,群益金鼎-開元,2023-03-20,9134
00902,中信電池及儲能,22,0,22,群益金鼎-開元,2023-03-20,9134
2342,茂矽,21,4,17,群益金鼎-開元,2023-03-20,9134
2801,彰銀,15,0,15,群益金鼎-開元,2023-03-20,9134
3494,誠研,15,0,15,群益金鼎-開元,2023-03-20,9134
2834,臺企銀,31,17,14,群益金鼎-開元,2023-03-20,9134
2455,全新,24,12,12,群益金鼎-開元,2023-03-20,9134
1708,東鹼,12,0,12,群益金鼎-開元,2023-03-20,9134
1609,大亞,14,2,12,群益金鼎-開元,2023-03-20,9134
5484,慧友,12,0,12,群益金鼎-開元,2023-03-20,9134
2845,遠東銀,12,0,12,群益金鼎-開元,2023-03-20,9134
5009,榮剛,13,2,11,群益金鼎-開元,2023-03-20,9134
5483,中美晶,12,1,11,群益金鼎-開元,2023-03-20,9134
2890,永豐金,28,18,10,群益金鼎-開元,2023-03-20,9134
00674R,期元大S＆P黃金反1,10,0,10,群益金鼎-開元,2023-03-20,9134
1301,台塑,10,0,10,群益金鼎-開元,2023-03-20,9134
2897,王道銀行,10,0,10,群益金鼎-開元,2023-03-20,9134
8070,長華*,10,0,10,群益金鼎-開元,2023-03-20,9134
6180,橘子,10,0,10,群益金鼎-開元,2023-03-20,9134
2614,東森,10,0,10,群益金鼎-開元,2023-03-20,9134
8429,金麗-KY,10,0,10,群益金鼎-開元,2023-03-20,9134
2882,國泰金,13,3,10,群益金鼎-開元,2023-03-20,9134
3576,聯合再生,13,4,9,群益金鼎-開元,2023-03-20,9134
8390,金益鼎,15,6,9,群益金鼎-開元,2023-03-20,9134
00885,富邦越南,9,0,9,群益金鼎-開元,2023-03-20,9134
8358,金居,11,2,9,群益金鼎-開元,2023-03-20,9134
2881,富邦金,8,0,8,群益金鼎-開元,2023-03-20,9134
3032,偉訓,8,0,8,群益金鼎-開元,2023-03-20,9134
2609,陽明,23,15,8,群益金鼎-開元,2023-03-20,9134
3011,今皓,8,0,8,群益金鼎-開元,2023-03-20,9134
2891,中信金,8,1,7,群益金鼎-開元,2023-03-20,9134
4979,華星光,7,0,7,群益金鼎-開元,2023-03-20,9134
2618,長榮航,7,0,7,群益金鼎-開元,2023-03-20,9134
2471,資通,21,14,7,群益金鼎-開元,2023-03-20,9134
00642U,期元大S＆P石油,7,0,7,群益金鼎-開元,2023-03-20,9134
4960,誠美材,6,0,6,群益金鼎-開元,2023-03-20,9134
6624,萬年清,6,0,6,群益金鼎-開元,2023-03-20,9134
4977,眾達-KY,8,2,6,群益金鼎-開元,2023-03-20,9134
3402,漢科,5,0,5,群益金鼎-開元,2023-03-20,9134
2601,益航,13,8,5,群益金鼎-開元,2023-03-20,9134
00683L,期元大美元指正2,5,0,5,群益金鼎-開元,2023-03-20,9134
2538,基泰,5,0,5,群益金鼎-開元,2023-03-20,9134
3322,建舜電,5,0,5,群益金鼎-開元,2023-03-20,9134
8070,長華*,124,0,124,群益金鼎-開元,2023-03-21,9134
5484,慧友,53,0,53,群益金鼎-開元,2023-03-21,9134
4157,太景*-KY,52,10,42,群益金鼎-開元,2023-03-21,9134
1708,東鹼,41,2,39,群益金鼎-開元,2023-03-21,9134
8150,南茂,30,1,29,群益金鼎-開元,2023-03-21,9134
3058,立德,30,1,29,群益金鼎-開元,2023-03-21,9134
00885,富邦越南,27,0,27,群益金鼎-開元,2023-03-21,9134
2609,陽明,36,10,26,群益金鼎-開元,2023-03-21,9134
00680L,元大美債20正2,25,0,25,群益金鼎-開元,2023-03-21,9134
2614,東森,23,0,23,群益金鼎-開元,2023-03-21,9134
3419,譁裕,23,0,23,群益金鼎-開元,2023-03-21,9134
2449,京元電子,20,2,18,群益金鼎-開元,2023-03-21,9134
1513,中興電,24,7,17,群益金鼎-開元,2023-03-21,9134
6134,萬旭,15,0,15,群益金鼎-開元,2023-03-21,9134
2201,裕隆,16,2,14,群益金鼎-開元,2023-03-21,9134
6163,華電網,17,5,12,群益金鼎-開元,2023-03-21,9134
6188,廣明,17,6,11,群益金鼎-開元,2023-03-21,9134
4164,承業醫,17,6,11,群益金鼎-開元,2023-03-21,9134
2388,威盛,21,11,10,群益金鼎-開元,2023-03-21,9134
3494,誠研,10,0,10,群益金鼎-開元,2023-03-21,9134
3691,碩禾,10,0,10,群益金鼎-開元,2023-03-21,9134
6274,台燿,10,0,10,群益金鼎-開元,2023-03-21,9134
2342,茂矽,16,6,10,群益金鼎-開元,2023-03-21,9134
2484,希華,12,2,10,群益金鼎-開元,2023-03-21,9134
6216,居易,9,0,9,群益金鼎-開元,2023-03-21,9134
1402,遠東新,9,0,9,群益金鼎-開元,2023-03-21,9134
0056,元大高股息,10,2,8,群益金鼎-開元,2023-03-21,9134
5608,四維航,10,2,8,群益金鼎-開元,2023-03-21,9134
8033,雷虎,13,5,8,群益金鼎-開元,2023-03-21,9134
2881,富邦金,8,0,8,群益金鼎-開元,2023-03-21,9134
2441,超豐,10,3,7,群益金鼎-開元,2023-03-21,9134
3038,全台,7,0,7,群益金鼎-開元,2023-03-21,9134
1584,精剛,17,10,7,群益金鼎-開元,2023-03-21,9134
2888,新光金,10,3,7,群益金鼎-開元,2023-03-21,9134
2406,國碩,9,2,7,群益金鼎-開元,2023-03-21,9134
2108,南帝,7,0,7,群益金鼎-開元,2023-03-21,9134
2603,長榮,11,5,6,群益金鼎-開元,2023-03-21,9134
4960,誠美材,29,23,6,群益金鼎-開元,2023-03-21,9134
3265,台星科,6,0,6,群益金鼎-開元,2023-03-21,9134
2413,環科,8,2,6,群益金鼎-開元,2023-03-21,9134
5905,南仁湖,6,0,6,群益金鼎-開元,2023-03-21,9134
6191,精成科,9,3,6,群益金鼎-開元,2023-03-21,9134
6695,芯鼎,6,0,6,群益金鼎-開元,2023-03-21,9134
2883,凱基金,7,1,6,群益金鼎-開元,2023-03-21,9134
8097,常珵,8,2,6,群益金鼎-開元,2023-03-21,9134
8440,綠電,9,3,6,群益金鼎-開元,2023-03-21,9134
1603,華電,11,6,5,群益金鼎-開元,2023-03-21,9134
4958,臻鼎-KY,5,0,5,群益金鼎-開元,2023-03-21,9134
2482,連宇,16,11,5,群益金鼎-開元,2023-03-21,9134
6231,系微,12,7,5,群益金鼎-開元,2023-03-21,9134
2515,中工,201,0,201,群益金鼎-開元,2023-03-22,9134
00680L,元大美債20正2,55,0,55,群益金鼎-開元,2023-03-22,9134
8050,廣積,52,15,37,群益金鼎-開元,2023-03-22,9134
2457,飛宏,57,21,36,群益金鼎-開元,2023-03-22,9134
3715,定穎投控,38,3,35,群益金鼎-開元,2023-03-22,9134
8070,長華*,33,0,33,群益金鼎-開元,2023-03-22,9134
00632R,元大台灣50反1,31,0,31,群益金鼎-開元,2023-03-22,9134
8429,金麗-KY,30,0,30,群益金鼎-開元,2023-03-22,9134
3049,精金,30,0,30,群益金鼎-開元,2023-03-22,9134
2481,強茂,33,9,24,群益金鼎-開元,2023-03-22,9134
6683,雍智科技,21,0,21,群益金鼎-開元,2023-03-22,9134
8112,至上,21,0,21,群益金鼎-開元,2023-03-22,9134
3047,訊舟,22,1,21,群益金鼎-開元,2023-03-22,9134
5450,南良,22,4,18,群益金鼎-開元,2023-03-22,9134
3481,群創,53,36,17,群益金鼎-開元,2023-03-22,9134
2633,台灣高鐵,16,0,16,群益金鼎-開元,2023-03-22,9134
6120,達運,19,3,16,群益金鼎-開元,2023-03-22,9134
2427,三商電,17,1,16,群益金鼎-開元,2023-03-22,9134
9933,中鼎,16,0,16,群益金鼎-開元,2023-03-22,9134
2332,友訊,15,0,15,群益金鼎-開元,2023-03-22,9134
8440,綠電,28,13,15,群益金鼎-開元,2023-03-22,9134
5315,光聯,16,1,15,群益金鼎-開元,2023-03-22,9134
3665,貿聯-KY,15,1,14,群益金鼎-開元,2023-03-22,9134
3058,立德,18,4,14,群益金鼎-開元,2023-03-22,9134
1584,精剛,27,13,14,群益金鼎-開元,2023-03-22,9134
00679B,元大美債20年,13,0,13,群益金鼎-開元,2023-03-22,9134
2388,威盛,28,15,13,群益金鼎-開元,2023-03-22,9134
2027,大成鋼,13,0,13,群益金鼎-開元,2023-03-22,9134
6443,元晶,59,46,13,群益金鼎-開元,2023-03-22,9134
00713,元大台灣高息低波,13,1,12,群益金鼎-開元,2023-03-22,9134
3548,兆利,13,1,12,群益金鼎-開元,2023-03-22,9134
3059,華晶科,13,1,12,群益金鼎-開元,2023-03-22,9134
2605,新興,12,1,11,群益金鼎-開元,2023-03-22,9134
2363,矽統,11,0,11,群益金鼎-開元,2023-03-22,9134
6116,彩晶,10,0,10,群益金鼎-開元,2023-03-22,9134
6026,福邦證,10,0,10,群益金鼎-開元,2023-03-22,9134
2614,東森,10,0,10,群益金鼎-開元,2023-03-22,9134
2380,虹光,10,0,10,群益金鼎-開元,2023-03-22,9134
3704,合勤控,10,0,10,群益金鼎-開元,2023-03-22,9134
6111,大宇資,10,0,10,群益金鼎-開元,2023-03-22,9134
2317,鴻海,10,0,10,群益金鼎-開元,2023-03-22,9134
6163,華電網,24,15,9,群益金鼎-開元,2023-03-22,9134
6733,博晟生醫,11,2,9,群益金鼎-開元,2023-03-22,9134
00923,群益台ESG低碳50,9,0,9,群益金鼎-開元,2023-03-22,9134
1605,華新,18,10,8,群益金鼎-開元,2023-03-22,9134
1708,東鹼,8,0,8,群益金鼎-開元,2023-03-22,9134
00885,富邦越南,7,0,7,群益金鼎-開元,2023-03-22,9134
2421,建準,8,1,7,群益金鼎-開元,2023-03-22,9134
2630,亞航,7,0,7,群益金鼎-開元,2023-03-22,9134
4768,晶呈科技,6,0,6,群益金鼎-開元,2023-03-22,9134
00632R,元大台灣50反1,258,0,258,群益金鼎-開元,2023-03-23,9134
4164,承業醫,109,28,81,群益金鼎-開元,2023-03-23,9134
2425,承啟,73,0,73,群益金鼎-開元,2023-03-23,9134
2482,連宇,63,6,57,群益金鼎-開元,2023-03-23,9134
3481,群創,50,10,40,群益金鼎-開元,2023-03-23,9134
5011,久陽,40,2,38,群益金鼎-開元,2023-03-23,9134
9110,越南控-DR,34,0,34,群益金鼎-開元,2023-03-23,9134
00679B,元大美債20年,31,0,31,群益金鼎-開元,2023-03-23,9134
1432,大魯閣,30,0,30,群益金鼎-開元,2023-03-23,9134
6244,茂迪,46,16,30,群益金鼎-開元,2023-03-23,9134
2637,慧洋-KY,29,2,27,群益金鼎-開元,2023-03-23,9134
8936,國統,32,5,27,群益金鼎-開元,2023-03-23,9134
00715L,期街口布蘭特正2,41,15,26,群益金鼎-開元,2023-03-23,9134
00680L,元大美債20正2,20,0,20,群益金鼎-開元,2023-03-23,9134
3703,欣陸,20,0,20,群益金鼎-開元,2023-03-23,9134
2615,萬海,20,2,18,群益金鼎-開元,2023-03-23,9134
8050,廣積,27,9,18,群益金鼎-開元,2023-03-23,9134
00878,國泰永續高股息,24,6,18,群益金鼎-開元,2023-03-23,9134
3025,星通,21,5,16,群益金鼎-開元,2023-03-23,9134
5465,富驊,16,0,16,群益金鼎-開元,2023-03-23,9134
00712,復華富時不動產,15,0,15,群益金鼎-開元,2023-03-23,9134
2409,友達,16,2,14,群益金鼎-開元,2023-03-23,9134
2313,華通,14,0,14,群益金鼎-開元,2023-03-23,9134
2002,中鋼,19,6,13,群益金鼎-開元,2023-03-23,9134
8097,常珵,15,2,13,群益金鼎-開元,2023-03-23,9134
2427,三商電,15,2,13,群益金鼎-開元,2023-03-23,9134
2618,長榮航,12,0,12,群益金鼎-開元,2023-03-23,9134
1522,堤維西,16,4,12,群益金鼎-開元,2023-03-23,9134
5522,遠雄,12,0,12,群益金鼎-開元,2023-03-23,9134
2449,京元電子,14,3,11,群益金鼎-開元,2023-03-23,9134
5608,四維航,16,5,11,群益金鼎-開元,2023-03-23,9134
5512,力麒,12,2,10,群益金鼎-開元,2023-03-23,9134
1708,東鹼,10,0,10,群益金鼎-開元,2023-03-23,9134
2645,長榮航太,10,0,10,群益金鼎-開元,2023-03-23,9134
6180,橘子,10,0,10,群益金鼎-開元,2023-03-23,9134
2605,新興,10,0,10,群益金鼎-開元,2023-03-23,9134
00688L,國泰20年美債正2,10,0,10,群益金鼎-開元,2023-03-23,9134
6266,泰詠,12,2,10,群益金鼎-開元,2023-03-23,9134
8011,台通,10,0,10,群益金鼎-開元,2023-03-23,9134
4536,拓凱,9,0,9,群益金鼎-開元,2023-03-23,9134
00919,群益台灣精選高息,9,0,9,群益金鼎-開元,2023-03-23,9134
6167,久正,9,0,9,群益金鼎-開元,2023-03-23,9134
5410,國眾,9,0,9,群益金鼎-開元,2023-03-23,9134
8038,長園科,9,0,9,群益金鼎-開元,2023-03-23,9134
3532,台勝科,12,3,9,群益金鼎-開元,2023-03-23,9134
3432,台端,11,3,8,群益金鼎-開元,2023-03-23,9134
5484,慧友,7,0,7,群益金鼎-開元,2023-03-23,9134
6776,展�眥篕�,14,7,7,群益金鼎-開元,2023-03-23,9134
2338,光罩,9,2,7,群益金鼎-開元,2023-03-23,9134
2929,淘帝-KY,10,3,7,群益金鼎-開元,2023-03-23,9134
3013,晟銘電,165,5,160,群益金鼎-開元,2023-03-24,9134
3231,緯創,138,50,88,群益金鼎-開元,2023-03-24,9134
3548,兆利,75,0,75,群益金鼎-開元,2023-03-24,9134
8222,寶一,58,6,52,群益金鼎-開元,2023-03-24,9134
2482,連宇,51,4,47,群益金鼎-開元,2023-03-24,9134
6182,合晶,50,9,41,群益金鼎-開元,2023-03-24,9134
1219,福壽,40,0,40,群益金鼎-開元,2023-03-24,9134
1708,東鹼,43,4,39,群益金鼎-開元,2023-03-24,9134
6226,光鼎,37,0,37,群益金鼎-開元,2023-03-24,9134
5011,久陽,35,0,35,群益金鼎-開元,2023-03-24,9134
2891,中信金,34,0,34,群益金鼎-開元,2023-03-24,9134
8033,雷虎,34,1,33,群益金鼎-開元,2023-03-24,9134
00673R,期元大S＆P原油反1,27,0,27,群益金鼎-開元,2023-03-24,9134
3481,群創,32,8,24,群益金鼎-開元,2023-03-24,9134
6788,華景電,27,3,24,群益金鼎-開元,2023-03-24,9134
2812,台中銀,23,0,23,群益金鼎-開元,2023-03-24,9134
5608,四維航,23,1,22,群益金鼎-開元,2023-03-24,9134
4736,泰博,20,0,20,群益金鼎-開元,2023-03-24,9134
8097,常珵,20,0,20,群益金鼎-開元,2023-03-24,9134
2748,雲品,29,10,19,群益金鼎-開元,2023-03-24,9134
6209,今國光,20,1,19,群益金鼎-開元,2023-03-24,9134
8926,台汽電,17,1,16,群益金鼎-開元,2023-03-24,9134
4541,晟田,18,3,15,群益金鼎-開元,2023-03-24,9134
2014,中鴻,15,0,15,群益金鼎-開元,2023-03-24,9134
2106,建大,18,3,15,群益金鼎-開元,2023-03-24,9134
3499,環天科,16,2,14,群益金鼎-開元,2023-03-24,9134
3466,德晉,13,0,13,群益金鼎-開元,2023-03-24,9134
2337,旺宏,20,7,13,群益金鼎-開元,2023-03-24,9134
1907,永豐餘,13,0,13,群益金鼎-開元,2023-03-24,9134
2705,六福,13,0,13,群益金鼎-開元,2023-03-24,9134
00637L,元大滬深300正2,12,0,12,群益金鼎-開元,2023-03-24,9134
2471,資通,17,5,12,群益金鼎-開元,2023-03-24,9134
6122,擎邦,15,3,12,群益金鼎-開元,2023-03-24,9134
2929,淘帝-KY,12,0,12,群益金鼎-開元,2023-03-24,9134
2883,凱基金,12,0,12,群益金鼎-開元,2023-03-24,9134
2375,凱美,11,0,11,群益金鼎-開元,2023-03-24,9134
9933,中鼎,16,5,11,群益金鼎-開元,2023-03-24,9134
2302,麗正,13,2,11,群益金鼎-開元,2023-03-24,9134
1701,中化,10,0,10,群益金鼎-開元,2023-03-24,9134
2426,鼎元,10,0,10,群益金鼎-開元,2023-03-24,9134
2809,京城銀,10,0,10,群益金鼎-開元,2023-03-24,9134
6548,長科*,19,9,10,群益金鼎-開元,2023-03-24,9134
3494,誠研,10,0,10,群益金鼎-開元,2023-03-24,9134
4956,光鋐,10,0,10,群益金鼎-開元,2023-03-24,9134
2324,仁寶,10,0,10,群益金鼎-開元,2023-03-24,9134
8429,金麗-KY,10,0,10,群益金鼎-開元,2023-03-24,9134
3059,華晶科,9,0,9,群益金鼎-開元,2023-03-24,9134
3058,立德,10,2,8,群益金鼎-開元,2023-03-24,9134
6140,訊達,8,0,8,群益金鼎-開元,2023-03-24,9134
2002,中鋼,8,0,8,群益金鼎-開元,2023-03-24,9134
1605,華新,107,13,94,群益金鼎-開元,2023-03-27,9134
00637L,元大滬深300正2,76,0,76,群益金鼎-開元,2023-03-27,9134
2421,建準,66,0,66,群益金鼎-開元,2023-03-27,9134
4162,智擎,51,1,50,群益金鼎-開元,2023-03-27,9134
6244,茂迪,55,9,46,群益金鼎-開元,2023-03-27,9134
4743,合一,42,0,42,群益金鼎-開元,2023-03-27,9134
2353,宏��,40,0,40,群益金鼎-開元,2023-03-27,9134
2392,正崴,35,0,35,群益金鼎-開元,2023-03-27,9134
1504,東元,43,17,26,群益金鼎-開元,2023-03-27,9134
1101,台泥,46,21,25,群益金鼎-開元,2023-03-27,9134
00882,中信中國高股息,23,0,23,群益金鼎-開元,2023-03-27,9134
6288,聯嘉,38,15,23,群益金鼎-開元,2023-03-27,9134
3059,華晶科,22,0,22,群益金鼎-開元,2023-03-27,9134
1609,大亞,41,21,20,群益金鼎-開元,2023-03-27,9134
2834,臺企銀,20,1,19,群益金鼎-開元,2023-03-27,9134
6443,元晶,37,18,19,群益金鼎-開元,2023-03-27,9134
6806,森崴能源,26,8,18,群益金鼎-開元,2023-03-27,9134
4960,誠美材,40,23,17,群益金鼎-開元,2023-03-27,9134
2014,中鴻,17,0,17,群益金鼎-開元,2023-03-27,9134
00673R,期元大S＆P原油反1,17,0,17,群益金鼎-開元,2023-03-27,9134
9933,中鼎,16,0,16,群益金鼎-開元,2023-03-27,9134
3035,智原,20,4,16,群益金鼎-開元,2023-03-27,9134
1304,台聚,15,0,15,群益金鼎-開元,2023-03-27,9134
1319,東陽,15,0,15,群益金鼎-開元,2023-03-27,9134
3548,兆利,16,1,15,群益金鼎-開元,2023-03-27,9134
00922,國泰台灣領袖50,14,0,14,群益金鼎-開元,2023-03-27,9134
00679B,元大美債20年,13,0,13,群益金鼎-開元,2023-03-27,9134
8201,無敵,13,0,13,群益金鼎-開元,2023-03-27,9134
3714,富采,19,6,13,群益金鼎-開元,2023-03-27,9134
6712,長聖,12,0,12,群益金鼎-開元,2023-03-27,9134
3163,波若威,12,0,12,群益金鼎-開元,2023-03-27,9134
00878,國泰永續高股息,39,28,11,群益金鼎-開元,2023-03-27,9134
2371,大同,13,2,11,群益金鼎-開元,2023-03-27,9134
00885,富邦越南,12,1,11,群益金鼎-開元,2023-03-27,9134
3430,奇鈦科,10,0,10,群益金鼎-開元,2023-03-27,9134
6223,旺矽,11,1,10,群益金鼎-開元,2023-03-27,9134
2852,第一保,10,0,10,群益金鼎-開元,2023-03-27,9134
6670,復盛應用,10,0,10,群益金鼎-開元,2023-03-27,9134
2408,南亞科,10,0,10,群益金鼎-開元,2023-03-27,9134
3017,奇鋐,30,21,9,群益金鼎-開元,2023-03-27,9134
5475,德宏,10,1,9,群益金鼎-開元,2023-03-27,9134
00753L,中信中國50正2,9,0,9,群益金鼎-開元,2023-03-27,9134
6770,力積電,10,1,9,群益金鼎-開元,2023-03-27,9134
2882,國泰金,10,1,9,群益金鼎-開元,2023-03-27,9134
00720B,元大投資級公司債,9,0,9,群益金鼎-開元,2023-03-27,9134
2105,正新,12,4,8,群益金鼎-開元,2023-03-27,9134
00715L,期街口布蘭特正2,8,0,8,群益金鼎-開元,2023-03-27,9134
5203,訊連,10,2,8,群益金鼎-開元,2023-03-27,9134
2515,中工,7,0,7,群益金鼎-開元,2023-03-27,9134
6282,康舒,13,6,7,群益金鼎-開元,2023-03-27,9134
4979,華星光,164,10,154,群益金鼎-開元,2023-03-28,9134
4743,合一,81,0,81,群益金鼎-開元,2023-03-28,9134
4164,承業醫,59,4,55,群益金鼎-開元,2023-03-28,9134
4162,智擎,50,0,50,群益金鼎-開元,2023-03-28,9134
6788,華景電,44,0,44,群益金鼎-開元,2023-03-28,9134
00878,國泰永續高股息,37,0,37,群益金鼎-開元,2023-03-28,9134
00720B,元大投資級公司債,35,0,35,群益金鼎-開元,2023-03-28,9134
3162,精確,36,1,35,群益金鼎-開元,2023-03-28,9134
6807,峰源-KY,32,0,32,群益金鼎-開元,2023-03-28,9134
6122,擎邦,32,3,29,群益金鼎-開元,2023-03-28,9134
6282,康舒,31,2,29,群益金鼎-開元,2023-03-28,9134
8105,凌巨,28,1,27,群益金鼎-開元,2023-03-28,9134
00679B,元大美債20年,24,0,24,群益金鼎-開元,2023-03-28,9134
2419,仲琦,25,1,24,群益金鼎-開元,2023-03-28,9134
5222,全訊,26,2,24,群益金鼎-開元,2023-03-28,9134
1101,台泥,25,3,22,群益金鼎-開元,2023-03-28,9134
5011,久陽,23,3,20,群益金鼎-開元,2023-03-28,9134
6139,亞翔,20,0,20,群益金鼎-開元,2023-03-28,9134
3047,訊舟,24,4,20,群益金鼎-開元,2023-03-28,9134
6235,華孚,23,3,20,群益金鼎-開元,2023-03-28,9134
00882,中信中國高股息,21,3,18,群益金鼎-開元,2023-03-28,9134
1584,精剛,27,9,18,群益金鼎-開元,2023-03-28,9134
8046,南電,22,5,17,群益金鼎-開元,2023-03-28,9134
0056,元大高股息,17,0,17,群益金鼎-開元,2023-03-28,9134
2303,聯電,25,9,16,群益金鼎-開元,2023-03-28,9134
5704,老爺知,16,0,16,群益金鼎-開元,2023-03-28,9134
3455,由田,15,1,14,群益金鼎-開元,2023-03-28,9134
3038,全台,17,3,14,群益金鼎-開元,2023-03-28,9134
3362,先進光,17,4,13,群益金鼎-開元,2023-03-28,9134
2340,台亞,18,5,13,群益金鼎-開元,2023-03-28,9134
2453,凌群,17,4,13,群益金鼎-開元,2023-03-28,9134
6776,展�眥篕�,14,2,12,群益金鼎-開元,2023-03-28,9134
2408,南亞科,12,0,12,群益金鼎-開元,2023-03-28,9134
2208,台船,12,0,12,群益金鼎-開元,2023-03-28,9134
3481,群創,34,22,12,群益金鼎-開元,2023-03-28,9134
3673,TPK-KY,12,0,12,群益金鼎-開元,2023-03-28,9134
4541,晟田,12,0,12,群益金鼎-開元,2023-03-28,9134
5488,松普,12,0,12,群益金鼎-開元,2023-03-28,9134
6770,力積電,11,0,11,群益金鼎-開元,2023-03-28,9134
6753,龍德造船,12,1,11,群益金鼎-開元,2023-03-28,9134
2338,光罩,16,6,10,群益金鼎-開元,2023-03-28,9134
6288,聯嘉,26,16,10,群益金鼎-開元,2023-03-28,9134
2353,宏��,10,1,9,群益金鼎-開元,2023-03-28,9134
2317,鴻海,12,3,9,群益金鼎-開元,2023-03-28,9134
2356,英業達,14,5,9,群益金鼎-開元,2023-03-28,9134
2891,中信金,11,2,9,群益金鼎-開元,2023-03-28,9134
1609,大亞,16,7,9,群益金鼎-開元,2023-03-28,9134
3322,建舜電,11,2,9,群益金鼎-開元,2023-03-28,9134
3011,今皓,8,0,8,群益金鼎-開元,2023-03-28,9134
2748,雲品,8,0,8,群益金鼎-開元,2023-03-28,9134
2867,三商壽,106,0,106,群益金鼎-開元,2023-03-29,9134
5475,德宏,72,6,66,群益金鼎-開元,2023-03-29,9134
4164,承業醫,64,5,59,群益金鼎-開元,2023-03-29,9134
2455,全新,67,13,54,群益金鼎-開元,2023-03-29,9134
2353,宏��,45,3,42,群益金鼎-開元,2023-03-29,9134
9945,潤泰新,43,4,39,群益金鼎-開元,2023-03-29,9134
5425,台半,41,3,38,群益金鼎-開元,2023-03-29,9134
2379,瑞昱,39,1,38,群益金鼎-開元,2023-03-29,9134
2897,王道銀行,30,0,30,群益金鼎-開元,2023-03-29,9134
9933,中鼎,28,0,28,群益金鼎-開元,2023-03-29,9134
2303,聯電,57,30,27,群益金鼎-開元,2023-03-29,9134
3715,定穎投控,53,26,27,群益金鼎-開元,2023-03-29,9134
2342,茂矽,53,28,25,群益金鼎-開元,2023-03-29,9134
00720B,元大投資級公司債,20,0,20,群益金鼎-開元,2023-03-29,9134
00922,國泰台灣領袖50,20,0,20,群益金鼎-開元,2023-03-29,9134
3047,訊舟,20,1,19,群益金鼎-開元,2023-03-29,9134
00637L,元大滬深300正2,32,13,19,群益金鼎-開元,2023-03-29,9134
2392,正崴,19,0,19,群益金鼎-開元,2023-03-29,9134
6182,合晶,18,0,18,群益金鼎-開元,2023-03-29,9134
2610,華航,27,9,18,群益金鼎-開元,2023-03-29,9134
3466,德晉,17,0,17,群益金鼎-開元,2023-03-29,9134
00679B,元大美債20年,18,1,17,群益金鼎-開元,2023-03-29,9134
1304,台聚,16,0,16,群益金鼎-開元,2023-03-29,9134
4973,廣穎,15,0,15,群益金鼎-開元,2023-03-29,9134
2105,正新,15,0,15,群益金鼎-開元,2023-03-29,9134
3432,台端,16,1,15,群益金鼎-開元,2023-03-29,9134
3024,憶聲,15,0,15,群益金鼎-開元,2023-03-29,9134
2609,陽明,19,4,15,群益金鼎-開元,2023-03-29,9134
3380,明泰,14,0,14,群益金鼎-開元,2023-03-29,9134
1504,東元,37,23,14,群益金鼎-開元,2023-03-29,9134
00673R,期元大S＆P原油反1,13,0,13,群益金鼎-開元,2023-03-29,9134
2705,六福,12,0,12,群益金鼎-開元,2023-03-29,9134
6140,訊達,12,0,12,群益金鼎-開元,2023-03-29,9134
2645,長榮航太,13,2,11,群益金鼎-開元,2023-03-29,9134
3025,星通,24,13,11,群益金鼎-開元,2023-03-29,9134
2330,台積電,11,1,10,群益金鼎-開元,2023-03-29,9134
5864,致和證,10,0,10,群益金鼎-開元,2023-03-29,9134
2739,寒舍,10,0,10,群益金鼎-開元,2023-03-29,9134
6282,康舒,15,5,10,群益金鼎-開元,2023-03-29,9134
1312,國喬,10,0,10,群益金鼎-開元,2023-03-29,9134
4532,瑞智,10,0,10,群益金鼎-開元,2023-03-29,9134
2498,宏達電,15,5,10,群益金鼎-開元,2023-03-29,9134
00773B,中信優先金融債,10,0,10,群益金鼎-開元,2023-03-29,9134
3036,文曄,10,0,10,群益金鼎-開元,2023-03-29,9134
6134,萬旭,10,0,10,群益金鼎-開元,2023-03-29,9134
1464,得力,10,0,10,群益金鼎-開元,2023-03-29,9134
6443,元晶,21,11,10,群益金鼎-開元,2023-03-29,9134
00632R,元大台灣50反1,10,0,10,群益金鼎-開元,2023-03-29,9134
6446,藥華藥,10,0,10,群益金鼎-開元,2023-03-29,9134
3260,威剛,8,0,8,群益金鼎-開元,2023-03-29,9134
6015,宏遠證,91,1,90,群益金鼎-開元,2023-03-30,9134
3224,三顧,33,0,33,群益金鼎-開元,2023-03-30,9134
2883,凱基金,28,0,28,群益金鼎-開元,2023-03-30,9134
2929,淘帝-KY,31,6,25,群益金鼎-開元,2023-03-30,9134
2618,長榮航,37,13,24,群益金鼎-開元,2023-03-30,9134
5388,中磊,33,11,22,群益金鼎-開元,2023-03-30,9134
2066,世德,22,0,22,群益金鼎-開元,2023-03-30,9134
00632R,元大台灣50反1,21,0,21,群益金鼎-開元,2023-03-30,9134
00679B,元大美債20年,20,0,20,群益金鼎-開元,2023-03-30,9134
4979,華星光,33,14,19,群益金鼎-開元,2023-03-30,9134
3682,亞太電,20,2,18,群益金鼎-開元,2023-03-30,9134
6226,光鼎,18,1,17,群益金鼎-開元,2023-03-30,9134
4977,眾達-KY,22,8,14,群益金鼎-開元,2023-03-30,9134
3022,威強電,30,16,14,群益金鼎-開元,2023-03-30,9134
00882,中信中國高股息,14,0,14,群益金鼎-開元,2023-03-30,9134
2609,陽明,16,2,14,群益金鼎-開元,2023-03-30,9134
2889,國票金,18,5,13,群益金鼎-開元,2023-03-30,9134
6122,擎邦,15,2,13,群益金鼎-開元,2023-03-30,9134
00637L,元大滬深300正2,14,1,13,群益金鼎-開元,2023-03-30,9134
2107,厚生,12,0,12,群益金鼎-開元,2023-03-30,9134
3715,定穎投控,13,1,12,群益金鼎-開元,2023-03-30,9134
8131,福懋科,12,0,12,群益金鼎-開元,2023-03-30,9134
2404,漢唐,11,0,11,群益金鼎-開元,2023-03-30,9134
2891,中信金,17,6,11,群益金鼎-開元,2023-03-30,9134
1708,東鹼,11,0,11,群益金鼎-開元,2023-03-30,9134
2409,友達,17,6,11,群益金鼎-開元,2023-03-30,9134
6116,彩晶,10,0,10,群益金鼎-開元,2023-03-30,9134
2504,國產,10,0,10,群益金鼎-開元,2023-03-30,9134
00688L,國泰20年美債正2,10,0,10,群益金鼎-開元,2023-03-30,9134
2392,正崴,10,0,10,群益金鼎-開元,2023-03-30,9134
2855,統一證,10,0,10,群益金鼎-開元,2023-03-30,9134
00680L,元大美債20正2,10,0,10,群益金鼎-開元,2023-03-30,9134
6446,藥華藥,10,0,10,群益金鼎-開元,2023-03-30,9134
3494,誠研,10,0,10,群益金鼎-開元,2023-03-30,9134
8429,金麗-KY,13,3,10,群益金鼎-開元,2023-03-30,9134
1605,華新,26,17,9,群益金鼎-開元,2023-03-30,9134
2601,益航,12,3,9,群益金鼎-開元,2023-03-30,9134
6414,樺漢,10,1,9,群益金鼎-開元,2023-03-30,9134
6134,萬旭,8,0,8,群益金鼎-開元,2023-03-30,9134
1760,寶齡富錦,9,1,8,群益金鼎-開元,2023-03-30,9134
3231,緯創,56,48,8,群益金鼎-開元,2023-03-30,9134
6807,峰源-KY,8,0,8,群益金鼎-開元,2023-03-30,9134
3479,安勤,11,3,8,群益金鼎-開元,2023-03-30,9134
3481,群創,22,15,7,群益金鼎-開元,2023-03-30,9134
8086,宏捷科,19,12,7,群益金鼎-開元,2023-03-30,9134
2358,廷鑫,7,0,7,群益金鼎-開元,2023-03-30,9134
3518,柏騰,7,0,7,群益金鼎-開元,2023-03-30,9134
5469,瀚宇博,7,0,7,群益金鼎-開元,2023-03-30,9134
2867,三商壽,8,1,7,群益金鼎-開元,2023-03-30,9134
5425,台半,6,0,6,群益金鼎-開元,2023-03-30,9134
1314,中石化,220,0,220,群益金鼎-開元,2023-03-31,9134
00632R,元大台灣50反1,55,0,55,群益金鼎-開元,2023-03-31,9134
5484,慧友,49,0,49,群益金鼎-開元,2023-03-31,9134
00679B,元大美債20年,40,0,40,群益金鼎-開元,2023-03-31,9134
3548,兆利,34,0,34,群益金鼎-開元,2023-03-31,9134
2812,台中銀,31,0,31,群益金鼎-開元,2023-03-31,9134
6015,宏遠證,30,0,30,群益金鼎-開元,2023-03-31,9134
6282,康舒,31,3,28,群益金鼎-開元,2023-03-31,9134
3494,誠研,25,0,25,群益金鼎-開元,2023-03-31,9134
1504,東元,26,3,23,群益金鼎-開元,2023-03-31,9134
3088,艾訊,23,0,23,群益金鼎-開元,2023-03-31,9134
2929,淘帝-KY,20,0,20,群益金鼎-開元,2023-03-31,9134
3025,星通,30,10,20,群益金鼎-開元,2023-03-31,9134
2892,第一金,20,0,20,群益金鼎-開元,2023-03-31,9134
6163,華電網,32,13,19,群益金鼎-開元,2023-03-31,9134
1605,華新,65,46,19,群益金鼎-開元,2023-03-31,9134
3038,全台,32,15,17,群益金鼎-開元,2023-03-31,9134
2424,隴華,14,0,14,群益金鼎-開元,2023-03-31,9134
6122,擎邦,15,1,14,群益金鼎-開元,2023-03-31,9134
2338,光罩,12,0,12,群益金鼎-開元,2023-03-31,9134
4977,眾達-KY,12,0,12,群益金鼎-開元,2023-03-31,9134
3162,精確,16,4,12,群益金鼎-開元,2023-03-31,9134
2409,友達,17,5,12,群益金鼎-開元,2023-03-31,9134
1522,堤維西,12,0,12,群益金鼎-開元,2023-03-31,9134
6285,啟��,15,4,11,群益金鼎-開元,2023-03-31,9134
00673R,期元大S＆P原油反1,11,0,11,群益金鼎-開元,2023-03-31,9134
2609,陽明,17,6,11,群益金鼎-開元,2023-03-31,9134
00882,中信中國高股息,21,10,11,群益金鼎-開元,2023-03-31,9134
3058,立德,10,0,10,群益金鼎-開元,2023-03-31,9134
2845,遠東銀,10,0,10,群益金鼎-開元,2023-03-31,9134
6120,達運,10,0,10,群益金鼎-開元,2023-03-31,9134
2887,台新金,11,1,10,群益金鼎-開元,2023-03-31,9134
9927,泰銘,10,0,10,群益金鼎-開元,2023-03-31,9134
1316,上曜,10,0,10,群益金鼎-開元,2023-03-31,9134
6227,茂綸,10,0,10,群益金鼎-開元,2023-03-31,9134
3532,台勝科,9,1,8,群益金鼎-開元,2023-03-31,9134
1752,南光,8,0,8,群益金鼎-開元,2023-03-31,9134
2302,麗正,15,7,8,群益金鼎-開元,2023-03-31,9134
8086,宏捷科,7,0,7,群益金鼎-開元,2023-03-31,9134
5243,乙盛-KY,19,12,7,群益金鼎-開元,2023-03-31,9134
8070,長華*,118,111,7,群益金鼎-開元,2023-03-31,9134
1905,華紙,8,1,7,群益金鼎-開元,2023-03-31,9134
6548,長科*,19,12,7,群益金鼎-開元,2023-03-31,9134
1513,中興電,7,1,6,群益金鼎-開元,2023-03-31,9134
5315,光聯,6,0,6,群益金鼎-開元,2023-03-31,9134
6712,長聖,15,9,6,群益金鼎-開元,2023-03-31,9134
3265,台星科,6,0,6,群益金鼎-開元,2023-03-31,9134
8097,常珵,7,1,6,群益金鼎-開元,2023-03-31,9134
2867,三商壽,6,0,6,群益金鼎-開元,2023-03-31,9134
2002,中鋼,6,1,5,群益金鼎-開元,2023-03-31,9134
1618,合機,82,15,67,群益金鼎-開元,2023-04-06,9134
8926,台汽電,53,5,48,群益金鼎-開元,2023-04-06,9134
00673R,期元大S＆P原油反1,49,3,46,群益金鼎-開元,2023-04-06,9134
6182,合晶,51,8,43,群益金鼎-開元,2023-04-06,9134
6807,峰源-KY,38,0,38,群益金鼎-開元,2023-04-06,9134
6015,宏遠證,35,0,35,群益金鼎-開元,2023-04-06,9134
8069,元太,34,0,34,群益金鼎-開元,2023-04-06,9134
2344,華邦電,49,17,32,群益金鼎-開元,2023-04-06,9134
1605,華新,49,20,29,群益金鼎-開元,2023-04-06,9134
00637L,元大滬深300正2,29,0,29,群益金鼎-開元,2023-04-06,9134
1101,台泥,25,0,25,群益金鼎-開元,2023-04-06,9134
1312,國喬,54,30,24,群益金鼎-開元,2023-04-06,9134
00893,國泰智能電動車,22,1,21,群益金鼎-開元,2023-04-06,9134
00902,中信電池及儲能,21,0,21,群益金鼎-開元,2023-04-06,9134
6194,育富,21,0,21,群益金鼎-開元,2023-04-06,9134
2883,凱基金,21,0,21,群益金鼎-開元,2023-04-06,9134
4532,瑞智,20,0,20,群益金鼎-開元,2023-04-06,9134
2906,高林,20,0,20,群益金鼎-開元,2023-04-06,9134
2615,萬海,21,1,20,群益金鼎-開元,2023-04-06,9134
6548,長科*,24,4,20,群益金鼎-開元,2023-04-06,9134
00885,富邦越南,52,34,18,群益金鼎-開元,2023-04-06,9134
00882,中信中國高股息,19,1,18,群益金鼎-開元,2023-04-06,9134
2748,雲品,24,8,16,群益金鼎-開元,2023-04-06,9134
3715,定穎投控,27,12,15,群益金鼎-開元,2023-04-06,9134
4979,華星光,26,12,14,群益金鼎-開元,2023-04-06,9134
2402,毅嘉,15,1,14,群益金鼎-開元,2023-04-06,9134
5309,系統電,18,4,14,群益金鼎-開元,2023-04-06,9134
2890,永豐金,14,1,13,群益金鼎-開元,2023-04-06,9134
2027,大成鋼,13,1,12,群益金鼎-開元,2023-04-06,9134
2002,中鋼,14,2,12,群益金鼎-開元,2023-04-06,9134
2609,陽明,19,8,11,群益金鼎-開元,2023-04-06,9134
6122,擎邦,13,2,11,群益金鼎-開元,2023-04-06,9134
1319,東陽,31,20,11,群益金鼎-開元,2023-04-06,9134
8046,南電,11,0,11,群益金鼎-開元,2023-04-06,9134
1316,上曜,10,0,10,群益金鼎-開元,2023-04-06,9134
4973,廣穎,10,0,10,群益金鼎-開元,2023-04-06,9134
1809,中釉,10,0,10,群益金鼎-開元,2023-04-06,9134
00923,群益台ESG低碳50,10,0,10,群益金鼎-開元,2023-04-06,9134
6578,達邦蛋白,10,0,10,群益金鼎-開元,2023-04-06,9134
5450,南良,10,0,10,群益金鼎-開元,2023-04-06,9134
5465,富驊,26,16,10,群益金鼎-開元,2023-04-06,9134
6188,廣明,10,0,10,群益金鼎-開元,2023-04-06,9134
2454,聯發科,9,0,9,群益金鼎-開元,2023-04-06,9134
0056,元大高股息,10,1,9,群益金鼎-開元,2023-04-06,9134
6719,力智,9,0,9,群益金鼎-開元,2023-04-06,9134
2891,中信金,15,6,9,群益金鼎-開元,2023-04-06,9134
2484,希華,20,11,9,群益金鼎-開元,2023-04-06,9134
00665L,富邦�琤肭磪囓�2,9,0,9,群益金鼎-開元,2023-04-06,9134
4168,醣聯,10,1,9,群益金鼎-開元,2023-04-06,9134
6285,啟��,9,1,8,群益金鼎-開元,2023-04-06,9134
8383,千附,104,6,98,群益金鼎-開元,2023-04-07,9134
0056,元大高股息,70,1,69,群益金鼎-開元,2023-04-07,9134
1618,合機,68,0,68,群益金鼎-開元,2023-04-07,9134
00720B,元大投資級公司債,58,0,58,群益金鼎-開元,2023-04-07,9134
2867,三商壽,47,2,45,群益金鼎-開元,2023-04-07,9134
1504,東元,58,26,32,群益金鼎-開元,2023-04-07,9134
00673R,期元大S＆P原油反1,31,0,31,群益金鼎-開元,2023-04-07,9134
00713,元大台灣高息低波,31,2,29,群益金鼎-開元,2023-04-07,9134
00885,富邦越南,25,5,20,群益金鼎-開元,2023-04-07,9134
2609,陽明,86,67,19,群益金鼎-開元,2023-04-07,9134
8050,廣積,30,11,19,群益金鼎-開元,2023-04-07,9134
5351,鈺創,22,4,18,群益金鼎-開元,2023-04-07,9134
8926,台汽電,27,11,16,群益金鼎-開元,2023-04-07,9134
3038,全台,24,9,15,群益金鼎-開元,2023-04-07,9134
00772B,中信高評級公司債,17,2,15,群益金鼎-開元,2023-04-07,9134
2855,統一證,15,0,15,群益金鼎-開元,2023-04-07,9134
2201,裕隆,35,20,15,群益金鼎-開元,2023-04-07,9134
00898,國泰基因免疫革命,20,6,14,群益金鼎-開元,2023-04-07,9134
4164,承業醫,16,3,13,群益金鼎-開元,2023-04-07,9134
2354,鴻準,13,0,13,群益金鼎-開元,2023-04-07,9134
5905,南仁湖,14,1,13,群益金鼎-開元,2023-04-07,9134
5309,系統電,16,3,13,群益金鼎-開元,2023-04-07,9134
6226,光鼎,12,0,12,群益金鼎-開元,2023-04-07,9134
2317,鴻海,13,1,12,群益金鼎-開元,2023-04-07,9134
6753,龍德造船,12,1,11,群益金鼎-開元,2023-04-07,9134
2834,臺企銀,12,1,11,群益金鼎-開元,2023-04-07,9134
3046,建��,11,0,11,群益金鼎-開元,2023-04-07,9134
4973,廣穎,11,0,11,群益金鼎-開元,2023-04-07,9134
3711,日月光投控,13,2,11,群益金鼎-開元,2023-04-07,9134
6806,森崴能源,10,0,10,群益金鼎-開元,2023-04-07,9134
6015,宏遠證,10,0,10,群益金鼎-開元,2023-04-07,9134
2929,淘帝-KY,10,0,10,群益金鼎-開元,2023-04-07,9134
1460,宏遠,10,0,10,群益金鼎-開元,2023-04-07,9134
2535,達欣工,10,0,10,群益金鼎-開元,2023-04-07,9134
1708,東鹼,10,0,10,群益金鼎-開元,2023-04-07,9134
1316,上曜,10,0,10,群益金鼎-開元,2023-04-07,9134
4532,瑞智,10,0,10,群益金鼎-開元,2023-04-07,9134
00680L,元大美債20正2,15,5,10,群益金鼎-開元,2023-04-07,9134
6446,藥華藥,10,0,10,群益金鼎-開元,2023-04-07,9134
3189,景碩,12,2,10,群益金鼎-開元,2023-04-07,9134
5353,台林,10,0,10,群益金鼎-開元,2023-04-07,9134
8091,翔名,9,0,9,群益金鼎-開元,2023-04-07,9134
6508,惠光,9,0,9,群益金鼎-開元,2023-04-07,9134
3211,順達,10,1,9,群益金鼎-開元,2023-04-07,9134
3264,欣銓,10,1,9,群益金鼎-開元,2023-04-07,9134
2890,永豐金,8,0,8,群益金鼎-開元,2023-04-07,9134
6788,華景電,10,2,8,群益金鼎-開元,2023-04-07,9134
3362,先進光,8,0,8,群益金鼎-開元,2023-04-07,9134
8084,巨虹,8,0,8,群益金鼎-開元,2023-04-07,9134
3260,威剛,27,19,8,群益金鼎-開元,2023-04-07,9134
00632R,元大台灣50反1,200,0,200,群益金鼎-開元,2023-04-10,9134
00637L,元大滬深300正2,114,2,112,群益金鼎-開元,2023-04-10,9134
4164,承業醫,93,2,91,群益金鼎-開元,2023-04-10,9134
00673R,期元大S＆P原油反1,71,2,69,群益金鼎-開元,2023-04-10,9134
6015,宏遠證,60,0,60,群益金鼎-開元,2023-04-10,9134
2603,長榮,64,5,59,群益金鼎-開元,2023-04-10,9134
2104,國際中橡,50,0,50,群益金鼎-開元,2023-04-10,9134
6712,長聖,34,0,34,群益金鼎-開元,2023-04-10,9134
00720B,元大投資級公司債,33,0,33,群益金鼎-開元,2023-04-10,9134
00878,國泰永續高股息,34,2,32,群益金鼎-開元,2023-04-10,9134
8046,南電,24,1,23,群益金鼎-開元,2023-04-10,9134
1314,中石化,27,4,23,群益金鼎-開元,2023-04-10,9134
00772B,中信高評級公司債,26,4,22,群益金鼎-開元,2023-04-10,9134
2705,六福,22,0,22,群益金鼎-開元,2023-04-10,9134
6807,峰源-KY,22,0,22,群益金鼎-開元,2023-04-10,9134
5258,虹堡,21,0,21,群益金鼎-開元,2023-04-10,9134
6477,安集,22,1,21,群益金鼎-開元,2023-04-10,9134
00679B,元大美債20年,21,1,20,群益金鼎-開元,2023-04-10,9134
2614,東森,20,0,20,群益金鼎-開元,2023-04-10,9134
1316,上曜,20,0,20,群益金鼎-開元,2023-04-10,9134
3047,訊舟,20,0,20,群益金鼎-開元,2023-04-10,9134
6446,藥華藥,20,0,20,群益金鼎-開元,2023-04-10,9134
6188,廣明,19,0,19,群益金鼎-開元,2023-04-10,9134
6285,啟��,26,8,18,群益金鼎-開元,2023-04-10,9134
2408,南亞科,14,0,14,群益金鼎-開元,2023-04-10,9134
3664,安瑞-KY,13,0,13,群益金鼎-開元,2023-04-10,9134
2867,三商壽,12,1,11,群益金鼎-開元,2023-04-10,9134
2303,聯電,15,4,11,群益金鼎-開元,2023-04-10,9134
3479,安勤,12,1,11,群益金鼎-開元,2023-04-10,9134
2388,威盛,17,6,11,群益金鼎-開元,2023-04-10,9134
1605,華新,35,25,10,群益金鼎-開元,2023-04-10,9134
4930,燦星網,10,0,10,群益金鼎-開元,2023-04-10,9134
8926,台汽電,25,15,10,群益金鼎-開元,2023-04-10,9134
3481,群創,10,0,10,群益金鼎-開元,2023-04-10,9134
8476,台境*,10,0,10,群益金鼎-開元,2023-04-10,9134
9907,統一實,10,0,10,群益金鼎-開元,2023-04-10,9134
1305,華夏,10,0,10,群益金鼎-開元,2023-04-10,9134
2495,普安,10,0,10,群益金鼎-開元,2023-04-10,9134
1795,美時,10,1,9,群益金鼎-開元,2023-04-10,9134
4130,健亞,9,0,9,群益金鼎-開元,2023-04-10,9134
4142,國光生,9,0,9,群益金鼎-開元,2023-04-10,9134
3447,展達,9,1,8,群益金鼎-開元,2023-04-10,9134
6156,松上,8,0,8,群益金鼎-開元,2023-04-10,9134
2313,華通,7,0,7,群益金鼎-開元,2023-04-10,9134
2344,華邦電,27,20,7,群益金鼎-開元,2023-04-10,9134
3004,豐達科,7,0,7,群益金鼎-開元,2023-04-10,9134
2392,正崴,8,1,7,群益金鼎-開元,2023-04-10,9134
2883,凱基金,7,0,7,群益金鼎-開元,2023-04-10,9134
1304,台聚,7,0,7,群益金鼎-開元,2023-04-10,9134
3019,亞光,6,0,6,群益金鼎-開元,2023-04-10,9134
2812,台中銀,60,0,60,群益金鼎-開元,2023-04-11,9134
00725B,國泰投資級公司債,50,0,50,群益金鼎-開元,2023-04-11,9134
6712,長聖,48,2,46,群益金鼎-開元,2023-04-11,9134
8222,寶一,67,29,38,群益金鼎-開元,2023-04-11,9134
2413,環科,39,6,33,群益金鼎-開元,2023-04-11,9134
2457,飛宏,35,4,31,群益金鼎-開元,2023-04-11,9134
6015,宏遠證,30,0,30,群益金鼎-開元,2023-04-11,9134
00673R,期元大S＆P原油反1,30,0,30,群益金鼎-開元,2023-04-11,9134
00878,國泰永續高股息,65,40,25,群益金鼎-開元,2023-04-11,9134
2424,隴華,25,0,25,群益金鼎-開元,2023-04-11,9134
1614,三洋電,25,0,25,群益金鼎-開元,2023-04-11,9134
2528,皇普,21,0,21,群益金鼎-開元,2023-04-11,9134
2313,華通,20,0,20,群益金鼎-開元,2023-04-11,9134
1560,中砂,20,0,20,群益金鼎-開元,2023-04-11,9134
1316,上曜,20,0,20,群益金鼎-開元,2023-04-11,9134
00885,富邦越南,20,0,20,群益金鼎-開元,2023-04-11,9134
8926,台汽電,20,0,20,群益金鼎-開元,2023-04-11,9134
2881,富邦金,19,1,18,群益金鼎-開元,2023-04-11,9134
8050,廣積,46,29,17,群益金鼎-開元,2023-04-11,9134
9962,有益,23,6,17,群益金鼎-開元,2023-04-11,9134
5222,全訊,24,8,16,群益金鼎-開元,2023-04-11,9134
2206,三陽工業,36,20,16,群益金鼎-開元,2023-04-11,9134
3479,安勤,18,3,15,群益金鼎-開元,2023-04-11,9134
1319,東陽,21,6,15,群益金鼎-開元,2023-04-11,9134
5864,致和證,20,5,15,群益金鼎-開元,2023-04-11,9134
8440,綠電,18,4,14,群益金鼎-開元,2023-04-11,9134
2882,國泰金,15,1,14,群益金鼎-開元,2023-04-11,9134
2317,鴻海,13,0,13,群益金鼎-開元,2023-04-11,9134
8358,金居,13,0,13,群益金鼎-開元,2023-04-11,9134
3047,訊舟,15,2,13,群益金鼎-開元,2023-04-11,9134
8429,金麗-KY,13,0,13,群益金鼎-開元,2023-04-11,9134
2303,聯電,12,0,12,群益金鼎-開元,2023-04-11,9134
6570,維田,12,0,12,群益金鼎-開元,2023-04-11,9134
1586,和勤,11,0,11,群益金鼎-開元,2023-04-11,9134
8054,安國,11,0,11,群益金鼎-開元,2023-04-11,9134
1504,東元,20,9,11,群益金鼎-開元,2023-04-11,9134
00902,中信電池及儲能,12,1,11,群益金鼎-開元,2023-04-11,9134
6235,華孚,17,6,11,群益金鼎-開元,2023-04-11,9134
6148,驊宏資,21,10,11,群益金鼎-開元,2023-04-11,9134
6446,藥華藥,10,0,10,群益金鼎-開元,2023-04-11,9134
8038,長園科,10,0,10,群益金鼎-開元,2023-04-11,9134
2497,怡利電,11,1,10,群益金鼎-開元,2023-04-11,9134
2867,三商壽,52,42,10,群益金鼎-開元,2023-04-11,9134
8401,白紗科,10,0,10,群益金鼎-開元,2023-04-11,9134
3049,精金,10,0,10,群益金鼎-開元,2023-04-11,9134
00632R,元大台灣50反1,10,0,10,群益金鼎-開元,2023-04-11,9134
6861,睿生光電,10,0,10,群益金鼎-開元,2023-04-11,9134
2705,六福,10,0,10,群益金鼎-開元,2023-04-11,9134
8110,華東,13,3,10,群益金鼎-開元,2023-04-11,9134
6807,峰源-KY,10,0,10,群益金鼎-開元,2023-04-11,9134
1440,南紡,210,7,203,群益金鼎-開元,2023-04-12,9134
00720B,元大投資級公司債,146,0,146,群益金鼎-開元,2023-04-12,9134
3466,德晉,84,11,73,群益金鼎-開元,2023-04-12,9134
6167,久正,67,0,67,群益金鼎-開元,2023-04-12,9134
6026,福邦證,40,0,40,群益金鼎-開元,2023-04-12,9134
1614,三洋電,36,0,36,群益金鼎-開元,2023-04-12,9134
6806,森崴能源,45,11,34,群益金鼎-開元,2023-04-12,9134
2455,全新,34,1,33,群益金鼎-開元,2023-04-12,9134
2344,華邦電,36,4,32,群益金鼎-開元,2023-04-12,9134
6841,長佳智能,33,2,31,群益金鼎-開元,2023-04-12,9134
00673R,期元大S＆P原油反1,33,2,31,群益金鼎-開元,2023-04-12,9134
5328,華容,34,6,28,群益金鼎-開元,2023-04-12,9134
6248,沛波,26,1,25,群益金鼎-開元,2023-04-12,9134
8429,金麗-KY,25,0,25,群益金鼎-開元,2023-04-12,9134
6015,宏遠證,21,0,21,群益金鼎-開元,2023-04-12,9134
6234,高僑,21,1,20,群益金鼎-開元,2023-04-12,9134
3162,精確,59,39,20,群益金鼎-開元,2023-04-12,9134
1321,大洋,20,0,20,群益金鼎-開元,2023-04-12,9134
6133,金橋,25,6,19,群益金鼎-開元,2023-04-12,9134
3520,華盈,17,1,16,群益金鼎-開元,2023-04-12,9134
6163,華電網,20,4,16,群益金鼎-開元,2023-04-12,9134
8390,金益鼎,25,10,15,群益金鼎-開元,2023-04-12,9134
9110,越南控-DR,15,0,15,群益金鼎-開元,2023-04-12,9134
2614,東森,15,0,15,群益金鼎-開元,2023-04-12,9134
3037,欣興,13,0,13,群益金鼎-開元,2023-04-12,9134
2542,興富發,15,2,13,群益金鼎-開元,2023-04-12,9134
1806,冠軍,13,1,12,群益金鼎-開元,2023-04-12,9134
6290,良維,12,0,12,群益金鼎-開元,2023-04-12,9134
6538,倉和,15,3,12,群益金鼎-開元,2023-04-12,9134
6578,達邦蛋白,12,0,12,群益金鼎-開元,2023-04-12,9134
3006,晶豪科,32,21,11,群益金鼎-開元,2023-04-12,9134
6666,羅麗芬-KY,16,5,11,群益金鼎-開元,2023-04-12,9134
2313,華通,16,5,11,群益金鼎-開元,2023-04-12,9134
00676R,富邦臺灣加權反1,10,0,10,群益金鼎-開元,2023-04-12,9134
1316,上曜,10,0,10,群益金鼎-開元,2023-04-12,9134
6788,華景電,10,0,10,群益金鼎-開元,2023-04-12,9134
2023,燁輝,10,0,10,群益金鼎-開元,2023-04-12,9134
1810,和成,12,2,10,群益金鼎-開元,2023-04-12,9134
2308,台達電,10,1,9,群益金鼎-開元,2023-04-12,9134
2498,宏達電,11,2,9,群益金鼎-開元,2023-04-12,9134
5234,達興材料,12,3,9,群益金鼎-開元,2023-04-12,9134
6695,芯鼎,9,0,9,群益金鼎-開元,2023-04-12,9134
4168,醣聯,9,0,9,群益金鼎-開元,2023-04-12,9134
8463,潤泰材,9,0,9,群益金鼎-開元,2023-04-12,9134
6223,旺矽,14,6,8,群益金鼎-開元,2023-04-12,9134
2634,漢翔,39,31,8,群益金鼎-開元,2023-04-12,9134
2424,隴華,8,0,8,群益金鼎-開元,2023-04-12,9134
1219,福壽,8,0,8,群益金鼎-開元,2023-04-12,9134
8155,博智,11,3,8,群益金鼎-開元,2023-04-12,9134
6112,邁達特,8,0,8,群益金鼎-開元,2023-04-12,9134
6016,康和證,161,0,161,群益金鼎-開元,2023-04-13,9134
00720B,元大投資級公司債,123,0,123,群益金鼎-開元,2023-04-13,9134
1709,和益,100,2,98,群益金鼎-開元,2023-04-13,9134
8046,南電,74,6,68,群益金鼎-開元,2023-04-13,9134
1321,大洋,55,0,55,群益金鼎-開元,2023-04-13,9134
00679B,元大美債20年,44,0,44,群益金鼎-開元,2023-04-13,9134
5011,久陽,43,0,43,群益金鼎-開元,2023-04-13,9134
00673R,期元大S＆P原油反1,42,0,42,群益金鼎-開元,2023-04-13,9134
1440,南紡,48,7,41,群益金鼎-開元,2023-04-13,9134
1513,中興電,59,19,40,群益金鼎-開元,2023-04-13,9134
6015,宏遠證,27,0,27,群益金鼎-開元,2023-04-13,9134
3711,日月光投控,44,18,26,群益金鼎-開元,2023-04-13,9134
1310,台苯,28,2,26,群益金鼎-開元,2023-04-13,9134
2455,全新,25,1,24,群益金鼎-開元,2023-04-13,9134
3622,洋華,24,0,24,群益金鼎-開元,2023-04-13,9134
2201,裕隆,30,6,24,群益金鼎-開元,2023-04-13,9134
1504,東元,33,9,24,群益金鼎-開元,2023-04-13,9134
6282,康舒,35,12,23,群益金鼎-開元,2023-04-13,9134
6156,松上,23,2,21,群益金鼎-開元,2023-04-13,9134
3006,晶豪科,23,2,21,群益金鼎-開元,2023-04-13,9134
2753,八方雲集,21,0,21,群益金鼎-開元,2023-04-13,9134
3051,力特,20,0,20,群益金鼎-開元,2023-04-13,9134
6523,達爾膚,20,0,20,群益金鼎-開元,2023-04-13,9134
6841,長佳智能,20,0,20,群益金鼎-開元,2023-04-13,9134
1806,冠軍,19,0,19,群益金鼎-開元,2023-04-13,9134
2313,華通,25,6,19,群益金鼎-開元,2023-04-13,9134
5009,榮剛,28,11,17,群益金鼎-開元,2023-04-13,9134
1618,合機,24,7,17,群益金鼎-開元,2023-04-13,9134
00795B,中信美國公債20年,15,0,15,群益金鼎-開元,2023-04-13,9134
9945,潤泰新,17,2,15,群益金鼎-開元,2023-04-13,9134
1906,寶隆,15,0,15,群益金鼎-開元,2023-04-13,9134
3056,富華新,14,0,14,群益金鼎-開元,2023-04-13,9134
8927,北基,13,0,13,群益金鼎-開元,2023-04-13,9134
3624,光頡,16,3,13,群益金鼎-開元,2023-04-13,9134
3260,威剛,12,0,12,群益金鼎-開元,2023-04-13,9134
5465,富驊,17,6,11,群益金鼎-開元,2023-04-13,9134
2330,台積電,11,0,11,群益金鼎-開元,2023-04-13,9134
2492,華新科,14,3,11,群益金鼎-開元,2023-04-13,9134
4967,十銓,12,1,11,群益金鼎-開元,2023-04-13,9134
1614,三洋電,11,0,11,群益金鼎-開元,2023-04-13,9134
2883,凱基金,10,0,10,群益金鼎-開元,2023-04-13,9134
3027,盛達,11,1,10,群益金鼎-開元,2023-04-13,9134
8429,金麗-KY,10,0,10,群益金鼎-開元,2023-04-13,9134
1316,上曜,10,0,10,群益金鼎-開元,2023-04-13,9134
2634,漢翔,27,17,10,群益金鼎-開元,2023-04-13,9134
3416,融程電,10,0,10,群益金鼎-開元,2023-04-13,9134
1319,東陽,10,0,10,群益金鼎-開元,2023-04-13,9134
6026,福邦證,10,0,10,群益金鼎-開元,2023-04-13,9134
00761B,國泰A級公司債,10,0,10,群益金鼎-開元,2023-04-13,9134
2367,燿華,11,1,10,群益金鼎-開元,2023-04-13,9134
00632R,元大台灣50反1,1289,25,1264,群益金鼎-開元,2023-04-14,9134
2812,台中銀,101,1,100,群益金鼎-開元,2023-04-14,9134
2201,裕隆,53,2,51,群益金鼎-開元,2023-04-14,9134
1709,和益,50,0,50,群益金鼎-開元,2023-04-14,9134
2208,台船,59,15,44,群益金鼎-開元,2023-04-14,9134
1529,樂事綠能,50,6,44,群益金鼎-開元,2023-04-14,9134
6446,藥華藥,42,1,41,群益金鼎-開元,2023-04-14,9134
6015,宏遠證,40,0,40,群益金鼎-開元,2023-04-14,9134
3062,建漢,33,3,30,群益金鼎-開元,2023-04-14,9134
4536,拓凱,34,6,28,群益金鼎-開元,2023-04-14,9134
6116,彩晶,30,2,28,群益金鼎-開元,2023-04-14,9134
00919,群益台灣精選高息,25,0,25,群益金鼎-開元,2023-04-14,9134
6234,高僑,31,6,25,群益金鼎-開元,2023-04-14,9134
00712,復華富時不動產,24,0,24,群益金鼎-開元,2023-04-14,9134
2344,華邦電,22,0,22,群益金鼎-開元,2023-04-14,9134
2421,建準,20,0,20,群益金鼎-開元,2023-04-14,9134
00679B,元大美債20年,22,3,19,群益金鼎-開元,2023-04-14,9134
8383,千附,23,5,18,群益金鼎-開元,2023-04-14,9134
4956,光鋐,16,0,16,群益金鼎-開元,2023-04-14,9134
2883,凱基金,20,5,15,群益金鼎-開元,2023-04-14,9134
00885,富邦越南,15,0,15,群益金鼎-開元,2023-04-14,9134
2312,金寶,13,0,13,群益金鼎-開元,2023-04-14,9134
00673R,期元大S＆P原油反1,13,0,13,群益金鼎-開元,2023-04-14,9134
2382,廣達,13,1,12,群益金鼎-開元,2023-04-14,9134
6217,中探針,12,0,12,群益金鼎-開元,2023-04-14,9134
2390,云辰,12,0,12,群益金鼎-開元,2023-04-14,9134
4147,中裕,12,0,12,群益金鼎-開元,2023-04-14,9134
00795B,中信美國公債20年,12,0,12,群益金鼎-開元,2023-04-14,9134
1560,中砂,11,0,11,群益金鼎-開元,2023-04-14,9134
6118,建達,12,1,11,群益金鼎-開元,2023-04-14,9134
2424,隴華,11,0,11,群益金鼎-開元,2023-04-14,9134
1308,亞聚,11,0,11,群益金鼎-開元,2023-04-14,9134
4979,華星光,87,76,11,群益金鼎-開元,2023-04-14,9134
2303,聯電,11,1,10,群益金鼎-開元,2023-04-14,9134
00676R,富邦臺灣加權反1,10,0,10,群益金鼎-開元,2023-04-14,9134
2358,廷鑫,10,0,10,群益金鼎-開元,2023-04-14,9134
00674R,期元大S＆P黃金反1,10,0,10,群益金鼎-開元,2023-04-14,9134
1460,宏遠,10,0,10,群益金鼎-開元,2023-04-14,9134
2342,茂矽,10,0,10,群益金鼎-開元,2023-04-14,9134
5864,致和證,10,0,10,群益金鼎-開元,2023-04-14,9134
4510,高鋒,10,0,10,群益金鼎-開元,2023-04-14,9134
8933,愛地雅,10,0,10,群益金鼎-開元,2023-04-14,9134
6129,普誠,20,10,10,群益金鼎-開元,2023-04-14,9134
6285,啟��,36,27,9,群益金鼎-開元,2023-04-14,9134
6477,安集,18,9,9,群益金鼎-開元,2023-04-14,9134
00898,國泰基因免疫革命,10,1,9,群益金鼎-開元,2023-04-14,9134
5258,虹堡,13,4,9,群益金鼎-開元,2023-04-14,9134
8086,宏捷科,12,3,9,群益金鼎-開元,2023-04-14,9134
6789,采鈺,13,4,9,群益金鼎-開元,2023-04-14,9134
2515,中工,22,13,9,群益金鼎-開元,2023-04-14,9134
2208,台船,144,47,97,群益金鼎-開元,2023-04-17,9134
1710,東聯,68,1,67,群益金鼎-開元,2023-04-17,9134
2634,漢翔,88,35,53,群益金鼎-開元,2023-04-17,9134
2392,正崴,54,2,52,群益金鼎-開元,2023-04-17,9134
5011,久陽,43,0,43,群益金鼎-開元,2023-04-17,9134
2618,長榮航,38,3,35,群益金鼎-開元,2023-04-17,9134
3466,德晉,35,3,32,群益金鼎-開元,2023-04-17,9134
3622,洋華,31,0,31,群益金鼎-開元,2023-04-17,9134
00673R,期元大S＆P原油反1,30,0,30,群益金鼎-開元,2023-04-17,9134
1314,中石化,60,30,30,群益金鼎-開元,2023-04-17,9134
0056,元大高股息,38,9,29,群益金鼎-開元,2023-04-17,9134
00679B,元大美債20年,27,0,27,群益金鼎-開元,2023-04-17,9134
2342,茂矽,34,7,27,群益金鼎-開元,2023-04-17,9134
5371,中光電,36,9,27,群益金鼎-開元,2023-04-17,9134
8091,翔名,24,2,22,群益金鼎-開元,2023-04-17,9134
1802,台玻,20,0,20,群益金鼎-開元,2023-04-17,9134
2849,安泰銀,19,0,19,群益金鼎-開元,2023-04-17,9134
1806,冠軍,20,2,18,群益金鼎-開元,2023-04-17,9134
2382,廣達,23,5,18,群益金鼎-開元,2023-04-17,9134
2601,益航,20,3,17,群益金鼎-開元,2023-04-17,9134
00878,國泰永續高股息,28,14,14,群益金鼎-開元,2023-04-17,9134
2066,世德,14,0,14,群益金鼎-開元,2023-04-17,9134
6770,力積電,20,6,14,群益金鼎-開元,2023-04-17,9134
2023,燁輝,15,1,14,群益金鼎-開元,2023-04-17,9134
00772B,中信高評級公司債,13,0,13,群益金鼎-開元,2023-04-17,9134
8046,南電,14,1,13,群益金鼎-開元,2023-04-17,9134
6185,幃翔,14,1,13,群益金鼎-開元,2023-04-17,9134
006208,富邦台50,13,0,13,群益金鼎-開元,2023-04-17,9134
2413,環科,32,19,13,群益金鼎-開元,2023-04-17,9134
9933,中鼎,12,0,12,群益金鼎-開元,2023-04-17,9134
00830,國泰費城半導體,12,0,12,群益金鼎-開元,2023-04-17,9134
00671R,富邦NASDAQ反1,12,0,12,群益金鼎-開元,2023-04-17,9134
6180,橘子,12,0,12,群益金鼎-開元,2023-04-17,9134
8476,台境*,12,0,12,群益金鼎-開元,2023-04-17,9134
00688L,國泰20年美債正2,12,0,12,群益金鼎-開元,2023-04-17,9134
2913,農林,12,0,12,群益金鼎-開元,2023-04-17,9134
2906,高林,12,0,12,群益金鼎-開元,2023-04-17,9134
2324,仁寶,12,0,12,群益金鼎-開元,2023-04-17,9134
2312,金寶,25,14,11,群益金鼎-開元,2023-04-17,9134
6112,邁達特,14,3,11,群益金鼎-開元,2023-04-17,9134
1308,亞聚,11,0,11,群益金鼎-開元,2023-04-17,9134
6122,擎邦,19,8,11,群益金鼎-開元,2023-04-17,9134
2206,三陽工業,16,5,11,群益金鼎-開元,2023-04-17,9134
2431,聯昌,10,0,10,群益金鼎-開元,2023-04-17,9134
3025,星通,72,62,10,群益金鼎-開元,2023-04-17,9134
00676R,富邦臺灣加權反1,10,0,10,群益金鼎-開元,2023-04-17,9134
3060,銘異,10,0,10,群益金鼎-開元,2023-04-17,9134
4157,太景*-KY,10,0,10,群益金鼎-開元,2023-04-17,9134
3305,昇貿,21,11,10,群益金鼎-開元,2023-04-17,9134
6190,萬泰科,12,3,9,群益金鼎-開元,2023-04-17,9134
1714,和桐,904,3,901,群益金鼎-開元,2023-04-18,9134
2867,三商壽,86,2,84,群益金鼎-開元,2023-04-18,9134
6167,久正,89,31,58,群益金鼎-開元,2023-04-18,9134
6182,合晶,52,2,50,群益金鼎-開元,2023-04-18,9134
2392,正崴,47,0,47,群益金鼎-開元,2023-04-18,9134
6807,峰源-KY,41,0,41,群益金鼎-開元,2023-04-18,9134
5222,全訊,42,2,40,群益金鼎-開元,2023-04-18,9134
00680L,元大美債20正2,37,0,37,群益金鼎-開元,2023-04-18,9134
0056,元大高股息,37,3,34,群益金鼎-開元,2023-04-18,9134
8033,雷虎,47,17,30,群益金鼎-開元,2023-04-18,9134
2312,金寶,30,0,30,群益金鼎-開元,2023-04-18,9134
1802,台玻,30,0,30,群益金鼎-開元,2023-04-18,9134
2332,友訊,32,2,30,群益金鼎-開元,2023-04-18,9134
1584,精剛,34,7,27,群益金鼎-開元,2023-04-18,9134
00679B,元大美債20年,26,1,25,群益金鼎-開元,2023-04-18,9134
2305,全友,25,0,25,群益金鼎-開元,2023-04-18,9134
00673R,期元大S＆P原油反1,24,0,24,群益金鼎-開元,2023-04-18,9134
4536,拓凱,21,0,21,群益金鼎-開元,2023-04-18,9134
2363,矽統,21,1,20,群益金鼎-開元,2023-04-18,9134
1524,耿鼎,20,0,20,群益金鼎-開元,2023-04-18,9134
4967,十銓,24,5,19,群益金鼎-開元,2023-04-18,9134
4114,健喬,32,14,18,群益金鼎-開元,2023-04-18,9134
3479,安勤,16,0,16,群益金鼎-開元,2023-04-18,9134
2421,建準,21,5,16,群益金鼎-開元,2023-04-18,9134
9945,潤泰新,15,0,15,群益金鼎-開元,2023-04-18,9134
2302,麗正,16,1,15,群益金鼎-開元,2023-04-18,9134
4707,磐亞,15,0,15,群益金鼎-開元,2023-04-18,9134
9110,越南控-DR,25,10,15,群益金鼎-開元,2023-04-18,9134
2812,台中銀,19,6,13,群益金鼎-開元,2023-04-18,9134
4976,佳凌,16,3,13,群益金鼎-開元,2023-04-18,9134
2313,華通,15,2,13,群益金鼎-開元,2023-04-18,9134
3419,譁裕,14,2,12,群益金鼎-開元,2023-04-18,9134
1321,大洋,12,0,12,群益金鼎-開元,2023-04-18,9134
8050,廣積,20,8,12,群益金鼎-開元,2023-04-18,9134
1504,東元,25,13,12,群益金鼎-開元,2023-04-18,9134
1101,台泥,26,15,11,群益金鼎-開元,2023-04-18,9134
3202,樺晟,17,6,11,群益金鼎-開元,2023-04-18,9134
1708,東鹼,11,0,11,群益金鼎-開元,2023-04-18,9134
3322,建舜電,33,22,11,群益金鼎-開元,2023-04-18,9134
2637,慧洋-KY,11,0,11,群益金鼎-開元,2023-04-18,9134
4106,雃博,11,0,11,群益金鼎-開元,2023-04-18,9134
4541,晟田,12,2,10,群益金鼎-開元,2023-04-18,9134
2520,冠德,10,0,10,群益金鼎-開元,2023-04-18,9134
2614,東森,10,0,10,群益金鼎-開元,2023-04-18,9134
1806,冠軍,10,0,10,群益金鼎-開元,2023-04-18,9134
4157,太景*-KY,10,0,10,群益金鼎-開元,2023-04-18,9134
2342,茂矽,17,7,10,群益金鼎-開元,2023-04-18,9134
8383,千附,12,2,10,群益金鼎-開元,2023-04-18,9134
6548,長科*,10,0,10,群益金鼎-開元,2023-04-18,9134
00751B,元大AAA至A公司債,9,0,9,群益金鼎-開元,2023-04-18,9134
2515,中工,209,82,127,群益金鼎-開元,2023-04-19,9134
5009,榮剛,101,1,100,群益金鼎-開元,2023-04-19,9134
6016,康和證,90,0,90,群益金鼎-開元,2023-04-19,9134
6015,宏遠證,80,0,80,群益金鼎-開元,2023-04-19,9134
5243,乙盛-KY,84,12,72,群益金鼎-開元,2023-04-19,9134
2206,三陽工業,60,5,55,群益金鼎-開元,2023-04-19,9134
3673,TPK-KY,44,8,36,群益金鼎-開元,2023-04-19,9134
6807,峰源-KY,30,0,30,群益金鼎-開元,2023-04-19,9134
1513,中興電,46,18,28,群益金鼎-開元,2023-04-19,9134
1810,和成,38,12,26,群益金鼎-開元,2023-04-19,9134
2356,英業達,30,6,24,群益金鼎-開元,2023-04-19,9134
00720B,元大投資級公司債,22,0,22,群益金鼎-開元,2023-04-19,9134
2380,虹光,23,2,21,群益金鼎-開元,2023-04-19,9134
3704,合勤控,24,4,20,群益金鼎-開元,2023-04-19,9134
6446,藥華藥,20,0,20,群益金鼎-開元,2023-04-19,9134
5371,中光電,25,5,20,群益金鼎-開元,2023-04-19,9134
3703,欣陸,20,0,20,群益金鼎-開元,2023-04-19,9134
4207,環泰,20,0,20,群益金鼎-開元,2023-04-19,9134
6770,力積電,21,1,20,群益金鼎-開元,2023-04-19,9134
2009,第一銅,26,7,19,群益金鼎-開元,2023-04-19,9134
1108,幸福,19,0,19,群益金鼎-開元,2023-04-19,9134
2406,國碩,21,2,19,群益金鼎-開元,2023-04-19,9134
4906,正文,20,2,18,群益金鼎-開元,2023-04-19,9134
2867,三商壽,22,5,17,群益金鼎-開元,2023-04-19,9134
2498,宏達電,18,2,16,群益金鼎-開元,2023-04-19,9134
2330,台積電,16,0,16,群益金鼎-開元,2023-04-19,9134
2402,毅嘉,23,7,16,群益金鼎-開元,2023-04-19,9134
00673R,期元大S＆P原油反1,20,5,15,群益金鼎-開元,2023-04-19,9134
00712,復華富時不動產,15,0,15,群益金鼎-開元,2023-04-19,9134
6139,亞翔,15,1,14,群益金鼎-開元,2023-04-19,9134
0056,元大高股息,16,2,14,群益金鼎-開元,2023-04-19,9134
3058,立德,21,8,13,群益金鼎-開元,2023-04-19,9134
2481,強茂,12,0,12,群益金鼎-開元,2023-04-19,9134
1321,大洋,12,0,12,群益金鼎-開元,2023-04-19,9134
00878,國泰永續高股息,23,11,12,群益金鼎-開元,2023-04-19,9134
2329,華泰,11,0,11,群益金鼎-開元,2023-04-19,9134
3094,聯傑,12,1,11,群益金鼎-開元,2023-04-19,9134
4915,致伸,16,5,11,群益金鼎-開元,2023-04-19,9134
2027,大成鋼,11,0,11,群益金鼎-開元,2023-04-19,9134
3520,華盈,26,15,11,群益金鼎-開元,2023-04-19,9134
5608,四維航,11,0,11,群益金鼎-開元,2023-04-19,9134
1233,天仁,11,0,11,群益金鼎-開元,2023-04-19,9134
3071,協禧,12,2,10,群益金鼎-開元,2023-04-19,9134
5864,致和證,10,0,10,群益金鼎-開元,2023-04-19,9134
6470,宇智,13,3,10,群益金鼎-開元,2023-04-19,9134
4967,十銓,11,1,10,群益金鼎-開元,2023-04-19,9134
1409,新纖,10,0,10,群益金鼎-開元,2023-04-19,9134
2002,中鋼,11,1,10,群益金鼎-開元,2023-04-19,9134
6153,嘉聯益,10,0,10,群益金鼎-開元,2023-04-19,9134
2313,華通,10,0,10,群益金鼎-開元,2023-04-19,9134
8091,翔名,129,2,127,群益金鼎-開元,2023-04-20,9134
1522,堤維西,120,3,117,群益金鼎-開元,2023-04-20,9134
6841,長佳智能,73,4,69,群益金鼎-開元,2023-04-20,9134
2324,仁寶,69,2,67,群益金鼎-開元,2023-04-20,9134
1909,榮成,60,7,53,群益金鼎-開元,2023-04-20,9134
4162,智擎,54,2,52,群益金鼎-開元,2023-04-20,9134
6015,宏遠證,50,0,50,群益金鼎-開元,2023-04-20,9134
2614,東森,50,2,48,群益金鼎-開元,2023-04-20,9134
4979,華星光,50,5,45,群益金鼎-開元,2023-04-20,9134
2457,飛宏,58,15,43,群益金鼎-開元,2023-04-20,9134
6016,康和證,35,0,35,群益金鼎-開元,2023-04-20,9134
6443,元晶,40,6,34,群益金鼎-開元,2023-04-20,9134
2371,大同,33,0,33,群益金鼎-開元,2023-04-20,9134
1701,中化,34,2,32,群益金鼎-開元,2023-04-20,9134
6446,藥華藥,31,1,30,群益金鼎-開元,2023-04-20,9134
1319,東陽,30,1,29,群益金鼎-開元,2023-04-20,9134
2342,茂矽,49,20,29,群益金鼎-開元,2023-04-20,9134
2481,強茂,27,1,26,群益金鼎-開元,2023-04-20,9134
6182,合晶,28,2,26,群益金鼎-開元,2023-04-20,9134
2891,中信金,26,1,25,群益金鼎-開元,2023-04-20,9134
1314,中石化,27,4,23,群益金鼎-開元,2023-04-20,9134
5222,全訊,24,1,23,群益金鼎-開元,2023-04-20,9134
1108,幸福,23,0,23,群益金鼎-開元,2023-04-20,9134
5864,致和證,25,2,23,群益金鼎-開元,2023-04-20,9134
2345,智邦,21,0,21,群益金鼎-開元,2023-04-20,9134
2884,玉山金,21,0,21,群益金鼎-開元,2023-04-20,9134
2515,中工,261,240,21,群益金鼎-開元,2023-04-20,9134
0056,元大高股息,20,0,20,群益金鼎-開元,2023-04-20,9134
8926,台汽電,21,1,20,群益金鼎-開元,2023-04-20,9134
1806,冠軍,21,1,20,群益金鼎-開元,2023-04-20,9134
6807,峰源-KY,20,0,20,群益金鼎-開元,2023-04-20,9134
5434,崇越,20,0,20,群益金鼎-開元,2023-04-20,9134
6770,力積電,21,2,19,群益金鼎-開元,2023-04-20,9134
3380,明泰,20,2,18,群益金鼎-開元,2023-04-20,9134
3576,聯合再生,32,14,18,群益金鼎-開元,2023-04-20,9134
3078,僑威,23,6,17,群益金鼎-開元,2023-04-20,9134
6290,良維,17,1,16,群益金鼎-開元,2023-04-20,9134
2201,裕隆,23,7,16,群益金鼎-開元,2023-04-20,9134
1802,台玻,18,2,16,群益金鼎-開元,2023-04-20,9134
3715,定穎投控,19,3,16,群益金鼎-開元,2023-04-20,9134
1219,福壽,15,0,15,群益金鼎-開元,2023-04-20,9134
6235,華孚,23,8,15,群益金鼎-開元,2023-04-20,9134
2303,聯電,31,17,14,群益金鼎-開元,2023-04-20,9134
9945,潤泰新,15,1,14,群益金鼎-開元,2023-04-20,9134
2352,佳世達,14,0,14,群益金鼎-開元,2023-04-20,9134
3094,聯傑,16,3,13,群益金鼎-開元,2023-04-20,9134
1471,首利,14,1,13,群益金鼎-開元,2023-04-20,9134
1605,華新,19,6,13,群益金鼎-開元,2023-04-20,9134
6288,聯嘉,15,3,12,群益金鼎-開元,2023-04-20,9134
1783,和康生,13,1,12,群益金鼎-開元,2023-04-20,9134
2515,中工,415,185,230,群益金鼎-開元,2023-04-21,9134
1522,堤維西,166,3,163,群益金鼎-開元,2023-04-21,9134
6015,宏遠證,91,0,91,群益金鼎-開元,2023-04-21,9134
6446,藥華藥,72,0,72,群益金鼎-開元,2023-04-21,9134
00878,國泰永續高股息,46,0,46,群益金鼎-開元,2023-04-21,9134
8927,北基,41,0,41,群益金鼎-開元,2023-04-21,9134
8091,翔名,57,16,41,群益金鼎-開元,2023-04-21,9134
1909,榮成,51,11,40,群益金鼎-開元,2023-04-21,9134
3704,合勤控,40,3,37,群益金鼎-開元,2023-04-21,9134
00720B,元大投資級公司債,32,0,32,群益金鼎-開元,2023-04-21,9134
1321,大洋,30,0,30,群益金鼎-開元,2023-04-21,9134
2609,陽明,32,3,29,群益金鼎-開元,2023-04-21,9134
3711,日月光投控,31,6,25,群益金鼎-開元,2023-04-21,9134
8222,寶一,53,28,25,群益金鼎-開元,2023-04-21,9134
2884,玉山金,24,1,23,群益金鼎-開元,2023-04-21,9134
2027,大成鋼,26,3,23,群益金鼎-開元,2023-04-21,9134
6841,長佳智能,23,0,23,群益金鼎-開元,2023-04-21,9134
1611,中電,38,15,23,群益金鼎-開元,2023-04-21,9134
2867,三商壽,28,6,22,群益金鼎-開元,2023-04-21,9134
6152,百一,22,0,22,群益金鼎-開元,2023-04-21,9134
3481,群創,35,13,22,群益金鼎-開元,2023-04-21,9134
6163,華電網,45,24,21,群益金鼎-開元,2023-04-21,9134
6122,擎邦,21,0,21,群益金鼎-開元,2023-04-21,9134
2897,王道銀行,21,2,19,群益金鼎-開元,2023-04-21,9134
6016,康和證,18,0,18,群益金鼎-開元,2023-04-21,9134
2421,建準,19,1,18,群益金鼎-開元,2023-04-21,9134
1319,東陽,18,0,18,群益金鼎-開元,2023-04-21,9134
2615,萬海,17,0,17,群益金鼎-開元,2023-04-21,9134
8086,宏捷科,17,0,17,群益金鼎-開元,2023-04-21,9134
2401,凌陽,17,0,17,群益金鼎-開元,2023-04-21,9134
1785,光洋科,17,0,17,群益金鼎-開元,2023-04-21,9134
6139,亞翔,30,13,17,群益金鼎-開元,2023-04-21,9134
2929,淘帝-KY,17,0,17,群益金鼎-開元,2023-04-21,9134
00885,富邦越南,16,0,16,群益金鼎-開元,2023-04-21,9134
5222,全訊,26,10,16,群益金鼎-開元,2023-04-21,9134
2409,友達,22,6,16,群益金鼎-開元,2023-04-21,9134
4114,健喬,24,11,13,群益金鼎-開元,2023-04-21,9134
1471,首利,13,0,13,群益金鼎-開元,2023-04-21,9134
6770,力積電,18,5,13,群益金鼎-開元,2023-04-21,9134
4190,佐登-KY,12,0,12,群益金鼎-開元,2023-04-21,9134
4916,事欣科,12,0,12,群益金鼎-開元,2023-04-21,9134
4417,金洲,12,0,12,群益金鼎-開元,2023-04-21,9134
2344,華邦電,13,1,12,群益金鼎-開元,2023-04-21,9134
2206,三陽工業,41,29,12,群益金鼎-開元,2023-04-21,9134
00713,元大台灣高息低波,11,0,11,群益金鼎-開元,2023-04-21,9134
0056,元大高股息,16,5,11,群益金鼎-開元,2023-04-21,9134
00772B,中信高評級公司債,11,0,11,群益金鼎-開元,2023-04-21,9134
1216,統一,11,0,11,群益金鼎-開元,2023-04-21,9134
3363,上詮,14,3,11,群益金鼎-開元,2023-04-21,9134
6550,北極星藥業-KY,13,2,11,群益金鼎-開元,2023-04-21,9134
2201,裕隆,59,1,58,群益金鼎-開元,2023-04-24,9134
2515,中工,166,110,56,群益金鼎-開元,2023-04-24,9134
1714,和桐,52,0,52,群益金鼎-開元,2023-04-24,9134
1611,中電,54,3,51,群益金鼎-開元,2023-04-24,9134
1905,華紙,72,27,45,群益金鼎-開元,2023-04-24,9134
6015,宏遠證,34,0,34,群益金鼎-開元,2023-04-24,9134
4162,智擎,33,0,33,群益金鼎-開元,2023-04-24,9134
2313,華通,32,1,31,群益金鼎-開元,2023-04-24,9134
00893,國泰智能電動車,42,12,30,群益金鼎-開元,2023-04-24,9134
00637L,元大滬深300正2,28,0,28,群益金鼎-開元,2023-04-24,9134
6806,森崴能源,34,7,27,群益金鼎-開元,2023-04-24,9134
1514,亞力,24,1,23,群益金鼎-開元,2023-04-24,9134
2867,三商壽,22,0,22,群益金鼎-開元,2023-04-24,9134
2913,農林,45,24,21,群益金鼎-開元,2023-04-24,9134
00715L,期街口布蘭特正2,20,0,20,群益金鼎-開元,2023-04-24,9134
2392,正崴,18,0,18,群益金鼎-開元,2023-04-24,9134
00902,中信電池及儲能,16,0,16,群益金鼎-開元,2023-04-24,9134
1444,力麗,15,0,15,群益金鼎-開元,2023-04-24,9134
2066,世德,15,0,15,群益金鼎-開元,2023-04-24,9134
2014,中鴻,14,0,14,群益金鼎-開元,2023-04-24,9134
1711,永光,29,15,14,群益金鼎-開元,2023-04-24,9134
2353,宏��,14,1,13,群益金鼎-開元,2023-04-24,9134
2312,金寶,14,2,12,群益金鼎-開元,2023-04-24,9134
6446,藥華藥,11,0,11,群益金鼎-開元,2023-04-24,9134
6163,華電網,11,0,11,群益金鼎-開元,2023-04-24,9134
1810,和成,14,3,11,群益金鼎-開元,2023-04-24,9134
00885,富邦越南,11,0,11,群益金鼎-開元,2023-04-24,9134
1802,台玻,10,0,10,群益金鼎-開元,2023-04-24,9134
6753,龍德造船,10,0,10,群益金鼎-開元,2023-04-24,9134
5302,太欣,10,0,10,群益金鼎-開元,2023-04-24,9134
2501,國建,10,0,10,群益金鼎-開元,2023-04-24,9134
2495,普安,9,0,9,群益金鼎-開元,2023-04-24,9134
2887,台新金,11,2,9,群益金鼎-開元,2023-04-24,9134
3071,協禧,13,4,9,群益金鼎-開元,2023-04-24,9134
2303,聯電,25,17,8,群益金鼎-開元,2023-04-24,9134
2317,鴻海,10,2,8,群益金鼎-開元,2023-04-24,9134
2352,佳世達,8,0,8,群益金鼎-開元,2023-04-24,9134
6148,驊宏資,12,4,8,群益金鼎-開元,2023-04-24,9134
2208,台船,9,2,7,群益金鼎-開元,2023-04-24,9134
1605,華新,10,3,7,群益金鼎-開元,2023-04-24,9134
00679B,元大美債20年,6,0,6,群益金鼎-開元,2023-04-24,9134
1101,台泥,45,39,6,群益金鼎-開元,2023-04-24,9134
6218,豪勉,9,3,6,群益金鼎-開元,2023-04-24,9134
2211,長榮鋼,6,0,6,群益金鼎-開元,2023-04-24,9134
2379,瑞昱,6,0,6,群益金鼎-開元,2023-04-24,9134
2885,元大金,6,0,6,群益金鼎-開元,2023-04-24,9134
1321,大洋,6,0,6,群益金鼎-開元,2023-04-24,9134
4142,國光生,6,0,6,群益金鼎-開元,2023-04-24,9134
3056,富華新,6,0,6,群益金鼎-開元,2023-04-24,9134
2603,長榮,17,11,6,群益金鼎-開元,2023-04-24,9134
3481,群創,313,19,294,群益金鼎-開元,2023-04-25,9134
6015,宏遠證,152,0,152,群益金鼎-開元,2023-04-25,9134
2371,大同,141,20,121,群益金鼎-開元,2023-04-25,9134
2883,凱基金,104,1,103,群益金鼎-開元,2023-04-25,9134
6770,力積電,78,2,76,群益金鼎-開元,2023-04-25,9134
00878,國泰永續高股息,84,13,71,群益金鼎-開元,2023-04-25,9134
2515,中工,150,80,70,群益金鼎-開元,2023-04-25,9134
1905,華紙,75,23,52,群益金鼎-開元,2023-04-25,9134
6016,康和證,50,0,50,群益金鼎-開元,2023-04-25,9134
2634,漢翔,132,94,38,群益金鼎-開元,2023-04-25,9134
6806,森崴能源,48,12,36,群益金鼎-開元,2023-04-25,9134
6446,藥華藥,31,0,31,群益金鼎-開元,2023-04-25,9134
5434,崇越,31,0,31,群益金鼎-開元,2023-04-25,9134
2363,矽統,30,0,30,群益金鼎-開元,2023-04-25,9134
6167,久正,37,8,29,群益金鼎-開元,2023-04-25,9134
2344,華邦電,25,0,25,群益金鼎-開元,2023-04-25,9134
00637L,元大滬深300正2,22,0,22,群益金鼎-開元,2023-04-25,9134
00923,群益台ESG低碳50,28,8,20,群益金鼎-開元,2023-04-25,9134
00902,中信電池及儲能,24,4,20,群益金鼎-開元,2023-04-25,9134
2027,大成鋼,20,0,20,群益金鼎-開元,2023-04-25,9134
8429,金麗-KY,20,0,20,群益金鼎-開元,2023-04-25,9134
2409,友達,24,5,19,群益金鼎-開元,2023-04-25,9134
2637,慧洋-KY,18,0,18,群益金鼎-開元,2023-04-25,9134
4162,智擎,18,0,18,群益金鼎-開元,2023-04-25,9134
2302,麗正,22,5,17,群益金鼎-開元,2023-04-25,9134
3624,光頡,17,0,17,群益金鼎-開元,2023-04-25,9134
2399,映泰,17,0,17,群益金鼎-開元,2023-04-25,9134
1101,台泥,31,16,15,群益金鼎-開元,2023-04-25,9134
2913,農林,21,7,14,群益金鼎-開元,2023-04-25,9134
2342,茂矽,19,5,14,群益金鼎-開元,2023-04-25,9134
6548,長科*,14,0,14,群益金鼎-開元,2023-04-25,9134
2457,飛宏,42,29,13,群益金鼎-開元,2023-04-25,9134
0056,元大高股息,33,20,13,群益金鼎-開元,2023-04-25,9134
1714,和桐,17,4,13,群益金鼎-開元,2023-04-25,9134
3362,先進光,12,0,12,群益金鼎-開元,2023-04-25,9134
1605,華新,36,25,11,群益金鼎-開元,2023-04-25,9134
3622,洋華,11,0,11,群益金鼎-開元,2023-04-25,9134
2929,淘帝-KY,11,0,11,群益金鼎-開元,2023-04-25,9134
1444,力麗,11,0,11,群益金鼎-開元,2023-04-25,9134
00885,富邦越南,11,0,11,群益金鼎-開元,2023-04-25,9134
00900,富邦特選高股息30,11,0,11,群益金鼎-開元,2023-04-25,9134
9945,潤泰新,18,7,11,群益金鼎-開元,2023-04-25,9134
1708,東鹼,11,0,11,群益金鼎-開元,2023-04-25,9134
3033,威健,10,0,10,群益金鼎-開元,2023-04-25,9134
1806,冠軍,10,0,10,群益金鼎-開元,2023-04-25,9134
1522,堤維西,11,1,10,群益金鼎-開元,2023-04-25,9134
4119,旭富,10,0,10,群益金鼎-開元,2023-04-25,9134
3576,聯合再生,10,0,10,群益金鼎-開元,2023-04-25,9134
1519,華城,16,7,9,群益金鼎-開元,2023-04-25,9134
5880,合庫金,9,0,9,群益金鼎-開元,2023-04-25,9134
2002,中鋼,189,3,186,群益金鼎-開元,2023-04-26,9134
00632R,元大台灣50反1,202,69,133,群益金鼎-開元,2023-04-26,9134
00878,國泰永續高股息,77,8,69,群益金鼎-開元,2023-04-26,9134
6015,宏遠證,58,0,58,群益金鼎-開元,2023-04-26,9134
6770,力積電,42,0,42,群益金鼎-開元,2023-04-26,9134
8091,翔名,40,1,39,群益金鼎-開元,2023-04-26,9134
1310,台苯,56,30,26,群益金鼎-開元,2023-04-26,9134
6625,必應,24,0,24,群益金鼎-開元,2023-04-26,9134
2609,陽明,31,8,23,群益金鼎-開元,2023-04-26,9134
4979,華星光,24,3,21,群益金鼎-開元,2023-04-26,9134
0056,元大高股息,23,4,19,群益金鼎-開元,2023-04-26,9134
3265,台星科,19,0,19,群益金鼎-開元,2023-04-26,9134
1784,訊聯,21,4,17,群益金鼎-開元,2023-04-26,9134
1321,大洋,17,0,17,群益金鼎-開元,2023-04-26,9134
1519,華城,26,9,17,群益金鼎-開元,2023-04-26,9134
00885,富邦越南,16,0,16,群益金鼎-開元,2023-04-26,9134
2489,瑞軒,15,0,15,群益金鼎-開元,2023-04-26,9134
2201,裕隆,18,3,15,群益金鼎-開元,2023-04-26,9134
6218,豪勉,14,0,14,群益金鼎-開元,2023-04-26,9134
1611,中電,14,0,14,群益金鼎-開元,2023-04-26,9134
1319,東陽,16,3,13,群益金鼎-開元,2023-04-26,9134
00902,中信電池及儲能,12,0,12,群益金鼎-開元,2023-04-26,9134
2618,長榮航,17,5,12,群益金鼎-開元,2023-04-26,9134
6138,茂達,12,1,11,群益金鼎-開元,2023-04-26,9134
00715L,期街口布蘭特正2,11,0,11,群益金鼎-開元,2023-04-26,9134
1536,和大,11,0,11,群益金鼎-開元,2023-04-26,9134
1717,長興,11,0,11,群益金鼎-開元,2023-04-26,9134
1504,東元,15,4,11,群益金鼎-開元,2023-04-26,9134
3481,群創,20,9,11,群益金鼎-開元,2023-04-26,9134
8390,金益鼎,11,0,11,群益金鼎-開元,2023-04-26,9134
1109,信大,10,0,10,群益金鼎-開元,2023-04-26,9134
2342,茂矽,14,4,10,群益金鼎-開元,2023-04-26,9134
6109,亞元,10,0,10,群益金鼎-開元,2023-04-26,9134
1714,和桐,10,0,10,群益金鼎-開元,2023-04-26,9134
6841,長佳智能,10,0,10,群益金鼎-開元,2023-04-26,9134
2369,菱生,9,0,9,群益金鼎-開元,2023-04-26,9134
6104,創惟,13,4,9,群益金鼎-開元,2023-04-26,9134
3466,德晉,11,2,9,群益金鼎-開元,2023-04-26,9134
2883,凱基金,12,4,8,群益金鼎-開元,2023-04-26,9134
4123,晟德,8,0,8,群益金鼎-開元,2023-04-26,9134
2610,華航,10,2,8,群益金鼎-開元,2023-04-26,9134
2603,長榮,14,6,8,群益金鼎-開元,2023-04-26,9134
2388,威盛,8,1,7,群益金鼎-開元,2023-04-26,9134
4119,旭富,7,0,7,群益金鼎-開元,2023-04-26,9134
1342,八貫,7,0,7,群益金鼎-開元,2023-04-26,9134
2528,皇普,7,0,7,群益金鼎-開元,2023-04-26,9134
6235,華孚,21,14,7,群益金鼎-開元,2023-04-26,9134
3711,日月光投控,6,0,6,群益金鼎-開元,2023-04-26,9134
00881,國泰台灣5G+,6,0,6,群益金鼎-開元,2023-04-26,9134
2344,華邦電,7,1,6,群益金鼎-開元,2023-04-26,9134
00632R,元大台灣50反1,155,12,143,群益金鼎-開元,2023-04-27,9134
00715L,期街口布蘭特正2,97,0,97,群益金鼎-開元,2023-04-27,9134
4123,晟德,84,22,62,群益金鼎-開元,2023-04-27,9134
1709,和益,57,19,38,群益金鼎-開元,2023-04-27,9134
2618,長榮航,50,21,29,群益金鼎-開元,2023-04-27,9134
00923,群益台ESG低碳50,29,1,28,群益金鼎-開元,2023-04-27,9134
2849,安泰銀,25,0,25,群益金鼎-開元,2023-04-27,9134
1721,三晃,31,6,25,群益金鼎-開元,2023-04-27,9134
1905,華紙,85,61,24,群益金鼎-開元,2023-04-27,9134
3380,明泰,28,5,23,群益金鼎-開元,2023-04-27,9134
1321,大洋,22,0,22,群益金鼎-開元,2023-04-27,9134
2489,瑞軒,21,1,20,群益金鼎-開元,2023-04-27,9134
1310,台苯,21,2,19,群益金鼎-開元,2023-04-27,9134
8027,鈦昇,18,0,18,群益金鼎-開元,2023-04-27,9134
4979,華星光,19,2,17,群益金鼎-開元,2023-04-27,9134
00712,復華富時不動產,17,0,17,群益金鼎-開元,2023-04-27,9134
4536,拓凱,16,0,16,群益金鼎-開元,2023-04-27,9134
2515,中工,46,30,16,群益金鼎-開元,2023-04-27,9134
6770,力積電,17,1,16,群益金鼎-開元,2023-04-27,9134
00665L,富邦�琤肭磪囓�2,15,0,15,群益金鼎-開元,2023-04-27,9134
3038,全台,14,0,14,群益金鼎-開元,2023-04-27,9134
1710,東聯,33,19,14,群益金鼎-開元,2023-04-27,9134
6163,華電網,15,1,14,群益金鼎-開元,2023-04-27,9134
2603,長榮,14,1,13,群益金鼎-開元,2023-04-27,9134
2303,聯電,18,5,13,群益金鼎-開元,2023-04-27,9134
2330,台積電,15,3,12,群益金鼎-開元,2023-04-27,9134
2609,陽明,23,11,12,群益金鼎-開元,2023-04-27,9134
3071,協禧,15,3,12,群益金鼎-開元,2023-04-27,9134
6806,森崴能源,15,3,12,群益金鼎-開元,2023-04-27,9134
2002,中鋼,19,8,11,群益金鼎-開元,2023-04-27,9134
1611,中電,13,2,11,群益金鼎-開元,2023-04-27,9134
8050,廣積,18,7,11,群益金鼎-開元,2023-04-27,9134
8927,北基,10,0,10,群益金鼎-開元,2023-04-27,9134
2615,萬海,10,0,10,群益金鼎-開元,2023-04-27,9134
6841,長佳智能,10,0,10,群益金鼎-開元,2023-04-27,9134
3704,合勤控,10,0,10,群益金鼎-開元,2023-04-27,9134
2906,高林,10,0,10,群益金鼎-開元,2023-04-27,9134
3481,群創,34,25,9,群益金鼎-開元,2023-04-27,9134
1711,永光,27,18,9,群益金鼎-開元,2023-04-27,9134
6167,久正,19,10,9,群益金鼎-開元,2023-04-27,9134
5425,台半,10,2,8,群益金鼎-開元,2023-04-27,9134
2610,華航,24,16,8,群益金鼎-開元,2023-04-27,9134
2352,佳世達,8,0,8,群益金鼎-開元,2023-04-27,9134
1712,興農,8,0,8,群益金鼎-開元,2023-04-27,9134
2201,裕隆,13,5,8,群益金鼎-開元,2023-04-27,9134
6015,宏遠證,8,0,8,群益金鼎-開元,2023-04-27,9134
6244,茂迪,10,2,8,群益金鼎-開元,2023-04-27,9134
2884,玉山金,10,2,8,群益金鼎-開元,2023-04-27,9134
4770,上品,8,1,7,群益金鼎-開元,2023-04-27,9134
00924,復華S＆P500成長,7,0,7,群益金鼎-開元,2023-04-27,9134
2409,友達,173,5,168,群益金鼎-開元,2023-04-28,9134
1809,中釉,110,2,108,群益金鼎-開元,2023-04-28,9134
6282,康舒,109,43,66,群益金鼎-開元,2023-04-28,9134
2880,華南金,79,18,61,群益金鼎-開元,2023-04-28,9134
8215,明基材,51,0,51,群益金鼎-開元,2023-04-28,9134
3481,群創,65,16,49,群益金鼎-開元,2023-04-28,9134
2820,華票,45,0,45,群益金鼎-開元,2023-04-28,9134
3025,星通,44,4,40,群益金鼎-開元,2023-04-28,9134
3005,神基,40,0,40,群益金鼎-開元,2023-04-28,9134
00688L,國泰20年美債正2,40,0,40,群益金鼎-開元,2023-04-28,9134
6015,宏遠證,30,1,29,群益金鼎-開元,2023-04-28,9134
00680L,元大美債20正2,21,1,20,群益金鼎-開元,2023-04-28,9134
2885,元大金,20,1,19,群益金鼎-開元,2023-04-28,9134
1711,永光,25,6,19,群益金鼎-開元,2023-04-28,9134
00632R,元大台灣50反1,21,4,17,群益金鼎-開元,2023-04-28,9134
2890,永豐金,28,11,17,群益金鼎-開元,2023-04-28,9134
6218,豪勉,35,20,15,群益金鼎-開元,2023-04-28,9134
3704,合勤控,15,0,15,群益金鼎-開元,2023-04-28,9134
1605,華新,61,46,15,群益金鼎-開元,2023-04-28,9134
2618,長榮航,35,20,15,群益金鼎-開元,2023-04-28,9134
2002,中鋼,14,0,14,群益金鼎-開元,2023-04-28,9134
6116,彩晶,44,30,14,群益金鼎-開元,2023-04-28,9134
5211,蒙恬,20,6,14,群益金鼎-開元,2023-04-28,9134
8222,寶一,24,12,12,群益金鼎-開元,2023-04-28,9134
3466,德晉,11,0,11,群益金鼎-開元,2023-04-28,9134
3049,精金,11,0,11,群益金鼎-開元,2023-04-28,9134
3265,台星科,12,2,10,群益金鼎-開元,2023-04-28,9134
8429,金麗-KY,10,0,10,群益金鼎-開元,2023-04-28,9134
1701,中化,20,10,10,群益金鼎-開元,2023-04-28,9134
2836,高雄銀,10,0,10,群益金鼎-開元,2023-04-28,9134
4207,環泰,10,0,10,群益金鼎-開元,2023-04-28,9134
4961,天鈺,12,2,10,群益金鼎-開元,2023-04-28,9134
1618,合機,10,0,10,群益金鼎-開元,2023-04-28,9134
1810,和成,13,3,10,群益金鼎-開元,2023-04-28,9134
2812,台中銀,10,1,9,群益金鼎-開元,2023-04-28,9134
4979,華星光,10,1,9,群益金鼎-開元,2023-04-28,9134
1101,台泥,11,3,8,群益金鼎-開元,2023-04-28,9134
2609,陽明,18,10,8,群益金鼎-開元,2023-04-28,9134
3176,基亞,8,0,8,群益金鼎-開元,2023-04-28,9134
00679B,元大美債20年,7,0,7,群益金鼎-開元,2023-04-28,9134
2347,聯強,7,0,7,群益金鼎-開元,2023-04-28,9134
4919,新唐,7,0,7,群益金鼎-開元,2023-04-28,9134
5234,達興材料,6,0,6,群益金鼎-開元,2023-04-28,9134
2208,台船,11,5,6,群益金鼎-開元,2023-04-28,9134
00924,復華S＆P500成長,6,0,6,群益金鼎-開元,2023-04-28,9134
2301,光寶科,12,6,6,群益金鼎-開元,2023-04-28,9134
5425,台半,7,1,6,群益金鼎-開元,2023-04-28,9134
2368,金像電,6,0,6,群益金鼎-開元,2023-04-28,9134
00891,中信關鍵半導體,5,0,5,群益金鼎-開元,2023-04-28,9134
2867,三商壽,10,5,5,群益金鼎-開元,2023-04-28,9134
00680L,元大美債20正2,67,1,66,群益金鼎-開元,2023-05-02,9134
00882,中信中國高股息,60,10,50,群益金鼎-開元,2023-05-02,9134
3231,緯創,65,25,40,群益金鼎-開元,2023-05-02,9134
2022,聚亨,35,1,34,群益金鼎-開元,2023-05-02,9134
4127,天良,34,0,34,群益金鼎-開元,2023-05-02,9134
2609,陽明,39,7,32,群益金鼎-開元,2023-05-02,9134
1795,美時,36,4,32,群益金鼎-開元,2023-05-02,9134
3062,建漢,30,0,30,群益金鼎-開元,2023-05-02,9134
2027,大成鋼,30,0,30,群益金鼎-開元,2023-05-02,9134
2495,普安,26,1,25,群益金鼎-開元,2023-05-02,9134
2634,漢翔,73,49,24,群益金鼎-開元,2023-05-02,9134
2884,玉山金,23,0,23,群益金鼎-開元,2023-05-02,9134
00679B,元大美債20年,23,0,23,群益金鼎-開元,2023-05-02,9134
00688L,國泰20年美債正2,22,0,22,群益金鼎-開元,2023-05-02,9134
1907,永豐餘,22,0,22,群益金鼎-開元,2023-05-02,9134
3664,安瑞-KY,21,0,21,群益金鼎-開元,2023-05-02,9134
6231,系微,21,0,21,群益金鼎-開元,2023-05-02,9134
00696B,富邦美債20年,20,0,20,群益金鼎-開元,2023-05-02,9134
3207,耀勝,20,1,19,群益金鼎-開元,2023-05-02,9134
2482,連宇,24,6,18,群益金鼎-開元,2023-05-02,9134
1802,台玻,18,1,17,群益金鼎-開元,2023-05-02,9134
1471,首利,16,0,16,群益金鼎-開元,2023-05-02,9134
2820,華票,15,0,15,群益金鼎-開元,2023-05-02,9134
2312,金寶,15,0,15,群益金鼎-開元,2023-05-02,9134
00632R,元大台灣50反1,20,5,15,群益金鼎-開元,2023-05-02,9134
1618,合機,15,1,14,群益金鼎-開元,2023-05-02,9134
1809,中釉,14,0,14,群益金鼎-開元,2023-05-02,9134
2630,亞航,16,3,13,群益金鼎-開元,2023-05-02,9134
2208,台船,18,5,13,群益金鼎-開元,2023-05-02,9134
3715,定穎投控,13,0,13,群益金鼎-開元,2023-05-02,9134
1717,長興,16,4,12,群益金鼎-開元,2023-05-02,9134
2302,麗正,12,0,12,群益金鼎-開元,2023-05-02,9134
5309,系統電,13,1,12,群益金鼎-開元,2023-05-02,9134
6242,立康,11,0,11,群益金鼎-開元,2023-05-02,9134
00720B,元大投資級公司債,12,1,11,群益金鼎-開元,2023-05-02,9134
8069,元太,23,12,11,群益金鼎-開元,2023-05-02,9134
2603,長榮,11,1,10,群益金鼎-開元,2023-05-02,9134
00665L,富邦�琤肭磪囓�2,12,2,10,群益金鼎-開元,2023-05-02,9134
1524,耿鼎,10,0,10,群益金鼎-開元,2023-05-02,9134
6016,康和證,10,0,10,群益金鼎-開元,2023-05-02,9134
1528,恩德,10,0,10,群益金鼎-開元,2023-05-02,9134
1536,和大,10,0,10,群益金鼎-開元,2023-05-02,9134
2413,環科,17,7,10,群益金鼎-開元,2023-05-02,9134
6112,邁達特,12,2,10,群益金鼎-開元,2023-05-02,9134
2705,六福,10,1,9,群益金鼎-開元,2023-05-02,9134
3038,全台,9,0,9,群益金鼎-開元,2023-05-02,9134
2867,三商壽,9,0,9,群益金鼎-開元,2023-05-02,9134
6477,安集,46,37,9,群益金鼎-開元,2023-05-02,9134
2530,華建,8,0,8,群益金鼎-開元,2023-05-02,9134
3594,磐儀,11,3,8,群益金鼎-開元,2023-05-02,9134
00715L,期街口布蘭特正2,98,0,98,群益金鼎-開元,2023-05-03,9134
00665L,富邦�琤肭磪囓�2,85,0,85,群益金鼎-開元,2023-05-03,9134
2417,圓剛,79,0,79,群益金鼎-開元,2023-05-03,9134
4979,華星光,89,19,70,群益金鼎-開元,2023-05-03,9134
00878,國泰永續高股息,79,13,66,群益金鼎-開元,2023-05-03,9134
1717,長興,64,0,64,群益金鼎-開元,2023-05-03,9134
8091,翔名,63,2,61,群益金鼎-開元,2023-05-03,9134
00637L,元大滬深300正2,55,1,54,群益金鼎-開元,2023-05-03,9134
00712,復華富時不動產,51,2,49,群益金鼎-開元,2023-05-03,9134
2603,長榮,43,1,42,群益金鼎-開元,2023-05-03,9134
1711,永光,35,8,27,群益金鼎-開元,2023-05-03,9134
6282,康舒,84,58,26,群益金鼎-開元,2023-05-03,9134
2867,三商壽,29,4,25,群益金鼎-開元,2023-05-03,9134
2515,中工,175,151,24,群益金鼎-開元,2023-05-03,9134
1513,中興電,42,20,22,群益金鼎-開元,2023-05-03,9134
3419,譁裕,29,8,21,群益金鼎-開元,2023-05-03,9134
2633,台灣高鐵,21,0,21,群益金鼎-開元,2023-05-03,9134
00751B,元大AAA至A公司債,20,0,20,群益金鼎-開元,2023-05-03,9134
6589,台康生技,21,1,20,群益金鼎-開元,2023-05-03,9134
00720B,元大投資級公司債,20,0,20,群益金鼎-開元,2023-05-03,9134
6015,宏遠證,20,0,20,群益金鼎-開元,2023-05-03,9134
1314,中石化,40,20,20,群益金鼎-開元,2023-05-03,9134
6806,森崴能源,29,9,20,群益金鼎-開元,2023-05-03,9134
3231,緯創,23,4,19,群益金鼎-開元,2023-05-03,9134
6224,聚鼎,18,0,18,群益金鼎-開元,2023-05-03,9134
2820,華票,15,0,15,群益金鼎-開元,2023-05-03,9134
1519,華城,19,5,14,群益金鼎-開元,2023-05-03,9134
2913,農林,29,15,14,群益金鼎-開元,2023-05-03,9134
4541,晟田,26,12,14,群益金鼎-開元,2023-05-03,9134
8927,北基,13,0,13,群益金鼎-開元,2023-05-03,9134
8076,伍豐,13,0,13,群益金鼎-開元,2023-05-03,9134
4168,醣聯,13,0,13,群益金鼎-開元,2023-05-03,9134
2331,精英,20,8,12,群益金鼎-開元,2023-05-03,9134
2812,台中銀,12,0,12,群益金鼎-開元,2023-05-03,9134
6120,達運,12,0,12,群益金鼎-開元,2023-05-03,9134
6835,圓裕,11,0,11,群益金鼎-開元,2023-05-03,9134
2890,永豐金,12,1,11,群益金鼎-開元,2023-05-03,9134
00679B,元大美債20年,10,0,10,群益金鼎-開元,2023-05-03,9134
3006,晶豪科,12,2,10,群益金鼎-開元,2023-05-03,9134
3466,德晉,10,0,10,群益金鼎-開元,2023-05-03,9134
1514,亞力,12,2,10,群益金鼎-開元,2023-05-03,9134
5534,長虹,10,0,10,群益金鼎-開元,2023-05-03,9134
2387,精元,10,0,10,群益金鼎-開元,2023-05-03,9134
6218,豪勉,10,0,10,群益金鼎-開元,2023-05-03,9134
2634,漢翔,62,53,9,群益金鼎-開元,2023-05-03,9134
2002,中鋼,11,2,9,群益金鼎-開元,2023-05-03,9134
3481,群創,49,40,9,群益金鼎-開元,2023-05-03,9134
2498,宏達電,11,2,9,群益金鼎-開元,2023-05-03,9134
2342,茂矽,9,0,9,群益金鼎-開元,2023-05-03,9134
1310,台苯,10,1,9,群益金鼎-開元,2023-05-03,9134
00893,國泰智能電動車,100,0,100,群益金鼎-開元,2023-05-04,9134
00715L,期街口布蘭特正2,80,6,74,群益金鼎-開元,2023-05-04,9134
00878,國泰永續高股息,48,2,46,群益金鼎-開元,2023-05-04,9134
2489,瑞軒,44,3,41,群益金鼎-開元,2023-05-04,9134
8091,翔名,43,3,40,群益金鼎-開元,2023-05-04,9134
2201,裕隆,54,27,27,群益金鼎-開元,2023-05-04,9134
2867,三商壽,23,0,23,群益金鼎-開元,2023-05-04,9134
3419,譁裕,32,10,22,群益金鼎-開元,2023-05-04,9134
1529,樂事綠能,21,0,21,群益金鼎-開元,2023-05-04,9134
2913,農林,22,1,21,群益金鼎-開元,2023-05-04,9134
2421,建準,24,4,20,群益金鼎-開元,2023-05-04,9134
6015,宏遠證,20,0,20,群益金鼎-開元,2023-05-04,9134
00642U,期元大S＆P石油,19,0,19,群益金鼎-開元,2023-05-04,9134
3176,基亞,16,0,16,群益金鼎-開元,2023-05-04,9134
1314,中石化,26,10,16,群益金鼎-開元,2023-05-04,9134
2206,三陽工業,34,18,16,群益金鼎-開元,2023-05-04,9134
2002,中鋼,18,2,16,群益金鼎-開元,2023-05-04,9134
8222,寶一,18,3,15,群益金鼎-開元,2023-05-04,9134
00679B,元大美債20年,15,1,14,群益金鼎-開元,2023-05-04,9134
6235,華孚,16,2,14,群益金鼎-開元,2023-05-04,9134
4946,辣椒,13,0,13,群益金鼎-開元,2023-05-04,9134
2457,飛宏,29,17,12,群益金鼎-開元,2023-05-04,9134
3322,建舜電,12,0,12,群益金鼎-開元,2023-05-04,9134
8050,廣積,11,0,11,群益金鼎-開元,2023-05-04,9134
2495,普安,13,3,10,群益金鼎-開元,2023-05-04,9134
2834,臺企銀,10,0,10,群益金鼎-開元,2023-05-04,9134
4510,高鋒,10,0,10,群益金鼎-開元,2023-05-04,9134
2610,華航,11,1,10,群益金鼎-開元,2023-05-04,9134
00712,復華富時不動產,10,0,10,群益金鼎-開元,2023-05-04,9134
2739,寒舍,10,1,9,群益金鼎-開元,2023-05-04,9134
2208,台船,10,1,9,群益金鼎-開元,2023-05-04,9134
6120,達運,8,0,8,群益金鼎-開元,2023-05-04,9134
1586,和勤,18,10,8,群益金鼎-開元,2023-05-04,9134
1210,大成,12,4,8,群益金鼎-開元,2023-05-04,9134
2409,友達,7,0,7,群益金鼎-開元,2023-05-04,9134
1337,再生-KY,7,0,7,群益金鼎-開元,2023-05-04,9134
6283,淳安,7,0,7,群益金鼎-開元,2023-05-04,9134
2402,毅嘉,9,2,7,群益金鼎-開元,2023-05-04,9134
2105,正新,11,4,7,群益金鼎-開元,2023-05-04,9134
1717,長興,9,2,7,群益金鼎-開元,2023-05-04,9134
00885,富邦越南,7,0,7,群益金鼎-開元,2023-05-04,9134
6733,博晟生醫,8,1,7,群益金鼎-開元,2023-05-04,9134
1710,東聯,11,4,7,群益金鼎-開元,2023-05-04,9134
4923,力士,7,0,7,群益金鼎-開元,2023-05-04,9134
1101,台泥,16,9,7,群益金鼎-開元,2023-05-04,9134
5371,中光電,8,2,6,群益金鼎-開元,2023-05-04,9134
8478,東哥遊艇,13,7,6,群益金鼎-開元,2023-05-04,9134
3093,港建*,6,0,6,群益金鼎-開元,2023-05-04,9134
3687,歐買尬,7,1,6,群益金鼎-開元,2023-05-04,9134
1312,國喬,5,0,5,群益金鼎-開元,2023-05-04,9134
2022,聚亨,256,1,255,群益金鼎-開元,2023-05-05,9134
00715L,期街口布蘭特正2,84,1,83,群益金鼎-開元,2023-05-05,9134
2353,宏��,66,3,63,群益金鼎-開元,2023-05-05,9134
6016,康和證,55,0,55,群益金鼎-開元,2023-05-05,9134
00878,國泰永續高股息,56,1,55,群益金鼎-開元,2023-05-05,9134
8091,翔名,51,0,51,群益金鼎-開元,2023-05-05,9134
6811,宏�硌穈T,40,1,39,群益金鼎-開元,2023-05-05,9134
3380,明泰,34,0,34,群益金鼎-開元,2023-05-05,9134
4164,承業醫,35,5,30,群益金鼎-開元,2023-05-05,9134
2027,大成鋼,30,0,30,群益金鼎-開元,2023-05-05,9134
3594,磐儀,23,0,23,群益金鼎-開元,2023-05-05,9134
2358,廷鑫,22,0,22,群益金鼎-開元,2023-05-05,9134
3322,建舜電,21,0,21,群益金鼎-開元,2023-05-05,9134
8112,至上,21,1,20,群益金鼎-開元,2023-05-05,9134
3052,夆典,20,0,20,群益金鼎-開元,2023-05-05,9134
2344,華邦電,28,8,20,群益金鼎-開元,2023-05-05,9134
2414,精技,20,0,20,群益金鼎-開元,2023-05-05,9134
3038,全台,23,3,20,群益金鼎-開元,2023-05-05,9134
1314,中石化,30,11,19,群益金鼎-開元,2023-05-05,9134
5009,榮剛,20,1,19,群益金鼎-開元,2023-05-05,9134
1229,聯華,17,0,17,群益金鼎-開元,2023-05-05,9134
1524,耿鼎,17,0,17,群益金鼎-開元,2023-05-05,9134
4977,眾達-KY,18,1,17,群益金鼎-開元,2023-05-05,9134
1529,樂事綠能,18,2,16,群益金鼎-開元,2023-05-05,9134
6244,茂迪,19,4,15,群益金鼎-開元,2023-05-05,9134
2630,亞航,18,3,15,群益金鼎-開元,2023-05-05,9134
00679B,元大美債20年,14,0,14,群益金鼎-開元,2023-05-05,9134
1609,大亞,69,55,14,群益金鼎-開元,2023-05-05,9134
2342,茂矽,13,1,12,群益金鼎-開元,2023-05-05,9134
2392,正崴,12,0,12,群益金鼎-開元,2023-05-05,9134
3339,泰谷,12,0,12,群益金鼎-開元,2023-05-05,9134
4946,辣椒,11,0,11,群益金鼎-開元,2023-05-05,9134
1504,東元,13,2,11,群益金鼎-開元,2023-05-05,9134
5309,系統電,12,1,11,群益金鼎-開元,2023-05-05,9134
6015,宏遠證,11,0,11,群益金鼎-開元,2023-05-05,9134
2637,慧洋-KY,10,0,10,群益金鼎-開元,2023-05-05,9134
8409,商之器,10,0,10,群益金鼎-開元,2023-05-05,9134
4114,健喬,12,2,10,群益金鼎-開元,2023-05-05,9134
4707,磐亞,10,0,10,群益金鼎-開元,2023-05-05,9134
1708,東鹼,10,0,10,群益金鼎-開元,2023-05-05,9134
00632R,元大台灣50反1,10,0,10,群益金鼎-開元,2023-05-05,9134
00696B,富邦美債20年,10,0,10,群益金鼎-開元,2023-05-05,9134
2880,華南金,10,0,10,群益金鼎-開元,2023-05-05,9134
9945,潤泰新,10,0,10,群益金鼎-開元,2023-05-05,9134
8215,明基材,9,0,9,群益金鼎-開元,2023-05-05,9134
2495,普安,10,1,9,群益金鼎-開元,2023-05-05,9134
3058,立德,9,0,9,群益金鼎-開元,2023-05-05,9134
3029,零壹,26,17,9,群益金鼎-開元,2023-05-05,9134
2352,佳世達,16,8,8,群益金鼎-開元,2023-05-05,9134
4123,晟德,7,0,7,群益金鼎-開元,2023-05-05,9134
1319,東陽,82,3,79,群益金鼎-開元,2023-05-08,9134
9933,中鼎,77,1,76,群益金鼎-開元,2023-05-08,9134
2883,凱基金,125,55,70,群益金鼎-開元,2023-05-08,9134
2834,臺企銀,60,3,57,群益金鼎-開元,2023-05-08,9134
6806,森崴能源,55,3,52,群益金鼎-開元,2023-05-08,9134
2634,漢翔,92,41,51,群益金鼎-開元,2023-05-08,9134
1605,華新,89,46,43,群益金鼎-開元,2023-05-08,9134
00632R,元大台灣50反1,36,0,36,群益金鼎-開元,2023-05-08,9134
6770,力積電,42,7,35,群益金鼎-開元,2023-05-08,9134
6841,長佳智能,30,0,30,群益金鼎-開元,2023-05-08,9134
3013,晟銘電,35,8,27,群益金鼎-開元,2023-05-08,9134
8215,明基材,26,3,23,群益金鼎-開元,2023-05-08,9134
00715L,期街口布蘭特正2,40,18,22,群益金鼎-開元,2023-05-08,9134
3051,力特,22,0,22,群益金鼎-開元,2023-05-08,9134
6443,元晶,35,14,21,群益金鼎-開元,2023-05-08,9134
5222,全訊,25,4,21,群益金鼎-開元,2023-05-08,9134
1906,寶隆,20,0,20,群益金鼎-開元,2023-05-08,9134
6015,宏遠證,20,0,20,群益金鼎-開元,2023-05-08,9134
2409,友達,26,7,19,群益金鼎-開元,2023-05-08,9134
2457,飛宏,53,36,17,群益金鼎-開元,2023-05-08,9134
1514,亞力,17,0,17,群益金鼎-開元,2023-05-08,9134
6244,茂迪,16,0,16,群益金鼎-開元,2023-05-08,9134
3048,益登,15,0,15,群益金鼎-開元,2023-05-08,9134
9962,有益,14,0,14,群益金鼎-開元,2023-05-08,9134
3038,全台,14,0,14,群益金鼎-開元,2023-05-08,9134
9955,佳龍,13,0,13,群益金鼎-開元,2023-05-08,9134
3231,緯創,19,7,12,群益金鼎-開元,2023-05-08,9134
2014,中鴻,12,0,12,群益金鼎-開元,2023-05-08,9134
2867,三商壽,12,0,12,群益金鼎-開元,2023-05-08,9134
2331,精英,13,1,12,群益金鼎-開元,2023-05-08,9134
2890,永豐金,11,0,11,群益金鼎-開元,2023-05-08,9134
6026,福邦證,11,0,11,群益金鼎-開元,2023-05-08,9134
2913,農林,13,2,11,群益金鼎-開元,2023-05-08,9134
1776,展宇,11,0,11,群益金鼎-開元,2023-05-08,9134
2845,遠東銀,10,0,10,群益金鼎-開元,2023-05-08,9134
2889,國票金,10,0,10,群益金鼎-開元,2023-05-08,9134
8076,伍豐,11,1,10,群益金鼎-開元,2023-05-08,9134
4979,華星光,17,7,10,群益金鼎-開元,2023-05-08,9134
00676R,富邦臺灣加權反1,10,0,10,群益金鼎-開元,2023-05-08,9134
2414,精技,10,0,10,群益金鼎-開元,2023-05-08,9134
00680L,元大美債20正2,10,0,10,群益金鼎-開元,2023-05-08,9134
4147,中裕,10,0,10,群益金鼎-開元,2023-05-08,9134
1316,上曜,10,0,10,群益金鼎-開元,2023-05-08,9134
00671R,富邦NASDAQ反1,10,0,10,群益金鼎-開元,2023-05-08,9134
6173,信昌電,9,0,9,群益金鼎-開元,2023-05-08,9134
8069,元太,20,12,8,群益金鼎-開元,2023-05-08,9134
6223,旺矽,9,1,8,群益金鼎-開元,2023-05-08,9134
3704,合勤控,8,0,8,群益金鼎-開元,2023-05-08,9134
1709,和益,8,0,8,群益金鼎-開元,2023-05-08,9134
2342,茂矽,8,0,8,群益金鼎-開元,2023-05-08,9134
6016,康和證,163,0,163,群益金鼎-開元,2023-05-09,9134
00680L,元大美債20正2,120,0,120,群益金鼎-開元,2023-05-09,9134
1905,華紙,87,21,66,群益金鼎-開元,2023-05-09,9134
1513,中興電,85,25,60,群益金鼎-開元,2023-05-09,9134
2421,建準,78,19,59,群益金鼎-開元,2023-05-09,9134
6015,宏遠證,57,0,57,群益金鼎-開元,2023-05-09,9134
00882,中信中國高股息,50,2,48,群益金鼎-開元,2023-05-09,9134
3715,定穎投控,53,8,45,群益金鼎-開元,2023-05-09,9134
2353,宏��,41,0,41,群益金鼎-開元,2023-05-09,9134
6244,茂迪,41,6,35,群益金鼎-開元,2023-05-09,9134
00687B,國泰20年美債,33,0,33,群益金鼎-開元,2023-05-09,9134
9933,中鼎,29,0,29,群益金鼎-開元,2023-05-09,9134
9919,康那香,29,0,29,群益金鼎-開元,2023-05-09,9134
6443,元晶,40,11,29,群益金鼎-開元,2023-05-09,9134
1319,東陽,27,0,27,群益金鼎-開元,2023-05-09,9134
5222,全訊,26,0,26,群益金鼎-開元,2023-05-09,9134
1609,大亞,56,31,25,群益金鼎-開元,2023-05-09,9134
6275,元山,22,0,22,群益金鼎-開元,2023-05-09,9134
4707,磐亞,22,0,22,群益金鼎-開元,2023-05-09,9134
00688L,國泰20年美債正2,22,0,22,群益金鼎-開元,2023-05-09,9134
2834,臺企銀,21,0,21,群益金鼎-開元,2023-05-09,9134
00632R,元大台灣50反1,20,0,20,群益金鼎-開元,2023-05-09,9134
00878,國泰永續高股息,19,0,19,群益金鼎-開元,2023-05-09,9134
1101,台泥,20,1,19,群益金鼎-開元,2023-05-09,9134
2022,聚亨,20,2,18,群益金鼎-開元,2023-05-09,9134
3624,光頡,15,0,15,群益金鼎-開元,2023-05-09,9134
3710,連展投控,20,5,15,群益金鼎-開元,2023-05-09,9134
2344,華邦電,19,4,15,群益金鼎-開元,2023-05-09,9134
3466,德晉,15,0,15,群益金鼎-開元,2023-05-09,9134
2812,台中銀,14,0,14,群益金鼎-開元,2023-05-09,9134
2618,長榮航,15,1,14,群益金鼎-開元,2023-05-09,9134
4108,懷特,13,0,13,群益金鼎-開元,2023-05-09,9134
00772B,中信高評級公司債,12,0,12,群益金鼎-開元,2023-05-09,9134
6806,森崴能源,14,3,11,群益金鼎-開元,2023-05-09,9134
3545,敦泰,11,0,11,群益金鼎-開元,2023-05-09,9134
1437,勤益控,11,0,11,群益金鼎-開元,2023-05-09,9134
1519,華城,26,15,11,群益金鼎-開元,2023-05-09,9134
8289,泰藝,11,0,11,群益金鼎-開元,2023-05-09,9134
2201,裕隆,12,1,11,群益金鼎-開元,2023-05-09,9134
00751B,元大AAA至A公司債,10,0,10,群益金鼎-開元,2023-05-09,9134
3034,聯詠,10,0,10,群益金鼎-開元,2023-05-09,9134
3048,益登,10,0,10,群益金鼎-開元,2023-05-09,9134
8085,福華,10,0,10,群益金鼎-開元,2023-05-09,9134
6841,長佳智能,10,0,10,群益金鼎-開元,2023-05-09,9134
00885,富邦越南,10,0,10,群益金鼎-開元,2023-05-09,9134
00912,中信臺灣智慧50,10,0,10,群益金鼎-開元,2023-05-09,9134
00676R,富邦臺灣加權反1,10,0,10,群益金鼎-開元,2023-05-09,9134
6167,久正,40,30,10,群益金鼎-開元,2023-05-09,9134
8390,金益鼎,10,0,10,群益金鼎-開元,2023-05-09,9134
1504,東元,14,4,10,群益金鼎-開元,2023-05-09,9134
5880,合庫金,155,0,155,群益金鼎-開元,2023-05-10,9134
8091,翔名,135,10,125,群益金鼎-開元,2023-05-10,9134
3013,晟銘電,145,43,102,群益金鼎-開元,2023-05-10,9134
00680L,元大美債20正2,91,0,91,群益金鼎-開元,2023-05-10,9134
6015,宏遠證,71,0,71,群益金鼎-開元,2023-05-10,9134
00878,國泰永續高股息,55,2,53,群益金鼎-開元,2023-05-10,9134
00637L,元大滬深300正2,52,0,52,群益金鼎-開元,2023-05-10,9134
9933,中鼎,50,0,50,群益金鼎-開元,2023-05-10,9134
1711,永光,50,0,50,群益金鼎-開元,2023-05-10,9134
1605,華新,61,16,45,群益金鼎-開元,2023-05-10,9134
1609,大亞,102,63,39,群益金鼎-開元,2023-05-10,9134
00687B,國泰20年美債,32,0,32,群益金鼎-開元,2023-05-10,9134
3704,合勤控,30,0,30,群益金鼎-開元,2023-05-10,9134
2618,長榮航,74,47,27,群益金鼎-開元,2023-05-10,9134
00720B,元大投資級公司債,26,0,26,群益金鼎-開元,2023-05-10,9134
3231,緯創,31,9,22,群益金鼎-開元,2023-05-10,9134
2303,聯電,21,0,21,群益金鼎-開元,2023-05-10,9134
1721,三晃,20,0,20,群益金鼎-開元,2023-05-10,9134
2892,第一金,18,0,18,群益金鼎-開元,2023-05-10,9134
1905,華紙,26,9,17,群益金鼎-開元,2023-05-10,9134
1584,精剛,25,9,16,群益金鼎-開元,2023-05-10,9134
6546,正基,16,0,16,群益金鼎-開元,2023-05-10,9134
4979,華星光,40,24,16,群益金鼎-開元,2023-05-10,9134
5607,遠雄港,15,0,15,群益金鼎-開元,2023-05-10,9134
00923,群益台ESG低碳50,14,0,14,群益金鼎-開元,2023-05-10,9134
2605,新興,46,33,13,群益金鼎-開元,2023-05-10,9134
1219,福壽,13,0,13,群益金鼎-開元,2023-05-10,9134
2409,友達,13,0,13,群益金鼎-開元,2023-05-10,9134
3481,群創,13,1,12,群益金鼎-開元,2023-05-10,9134
3715,定穎投控,26,14,12,群益金鼎-開元,2023-05-10,9134
00673R,期元大S＆P原油反1,11,0,11,群益金鼎-開元,2023-05-10,9134
6243,迅杰,11,0,11,群益金鼎-開元,2023-05-10,9134
00665L,富邦�琤肭磪囓�2,11,0,11,群益金鼎-開元,2023-05-10,9134
6806,森崴能源,23,12,11,群益金鼎-開元,2023-05-10,9134
00912,中信臺灣智慧50,10,0,10,群益金鼎-開元,2023-05-10,9134
2801,彰銀,11,1,10,群益金鼎-開元,2023-05-10,9134
1460,宏遠,10,0,10,群益金鼎-開元,2023-05-10,9134
6016,康和證,10,0,10,群益金鼎-開元,2023-05-10,9134
8050,廣積,15,5,10,群益金鼎-開元,2023-05-10,9134
6026,福邦證,10,0,10,群益金鼎-開元,2023-05-10,9134
2608,嘉里大榮,10,0,10,群益金鼎-開元,2023-05-10,9134
6829,千附精密,10,0,10,群益金鼎-開元,2023-05-10,9134
2913,農林,10,0,10,群益金鼎-開元,2023-05-10,9134
3071,協禧,13,3,10,群益金鼎-開元,2023-05-10,9134
6585,鼎基,10,0,10,群益金鼎-開元,2023-05-10,9134
1580,新麥,11,1,10,群益金鼎-開元,2023-05-10,9134
6235,華孚,16,6,10,群益金鼎-開元,2023-05-10,9134
1312,國喬,10,1,9,群益金鼎-開元,2023-05-10,9134
6733,博晟生醫,10,2,8,群益金鼎-開元,2023-05-10,9134
3093,港建*,8,0,8,群益金鼎-開元,2023-05-10,9134
3013,晟銘電,100,5,95,群益金鼎-開元,2023-05-11,9134
6016,康和證,80,0,80,群益金鼎-開元,2023-05-11,9134
8091,翔名,72,1,71,群益金鼎-開元,2023-05-11,9134
2426,鼎元,65,0,65,群益金鼎-開元,2023-05-11,9134
5531,鄉林,114,51,63,群益金鼎-開元,2023-05-11,9134
1609,大亞,97,34,63,群益金鼎-開元,2023-05-11,9134
9907,統一實,62,0,62,群益金鼎-開元,2023-05-11,9134
6015,宏遠證,60,0,60,群益金鼎-開元,2023-05-11,9134
00679B,元大美債20年,67,10,57,群益金鼎-開元,2023-05-11,9134
2461,光群雷,50,0,50,群益金鼎-開元,2023-05-11,9134
6220,岳豐,50,0,50,群益金鼎-開元,2023-05-11,9134
2515,中工,112,63,49,群益金鼎-開元,2023-05-11,9134
2929,淘帝-KY,39,3,36,群益金鼎-開元,2023-05-11,9134
3322,建舜電,35,2,33,群益金鼎-開元,2023-05-11,9134
5607,遠雄港,30,0,30,群益金鼎-開元,2023-05-11,9134
6788,華景電,27,0,27,群益金鼎-開元,2023-05-11,9134
5222,全訊,25,0,25,群益金鼎-開元,2023-05-11,9134
2630,亞航,69,44,25,群益金鼎-開元,2023-05-11,9134
2367,燿華,25,0,25,群益金鼎-開元,2023-05-11,9134
3162,精確,25,0,25,群益金鼎-開元,2023-05-11,9134
3207,耀勝,25,0,25,群益金鼎-開元,2023-05-11,9134
1319,東陽,31,7,24,群益金鼎-開元,2023-05-11,9134
1447,力鵬,24,0,24,群益金鼎-開元,2023-05-11,9134
4967,十銓,25,2,23,群益金鼎-開元,2023-05-11,9134
4979,華星光,23,1,22,群益金鼎-開元,2023-05-11,9134
2421,建準,21,0,21,群益金鼎-開元,2023-05-11,9134
9110,越南控-DR,20,0,20,群益金鼎-開元,2023-05-11,9134
2399,映泰,20,0,20,群益金鼎-開元,2023-05-11,9134
00673R,期元大S＆P原油反1,20,0,20,群益金鼎-開元,2023-05-11,9134
2615,萬海,21,1,20,群益金鼎-開元,2023-05-11,9134
6126,信音,51,31,20,群益金鼎-開元,2023-05-11,9134
9933,中鼎,20,0,20,群益金鼎-開元,2023-05-11,9134
1321,大洋,19,0,19,群益金鼎-開元,2023-05-11,9134
3624,光頡,17,0,17,群益金鼎-開元,2023-05-11,9134
1101,台泥,15,1,14,群益金鼎-開元,2023-05-11,9134
00878,國泰永續高股息,35,21,14,群益金鼎-開元,2023-05-11,9134
00900,富邦特選高股息30,15,1,14,群益金鼎-開元,2023-05-11,9134
6806,森崴能源,21,8,13,群益金鼎-開元,2023-05-11,9134
6741,91APP*-KY,14,1,13,群益金鼎-開元,2023-05-11,9134
6182,合晶,12,0,12,群益金鼎-開元,2023-05-11,9134
1522,堤維西,12,0,12,群益金鼎-開元,2023-05-11,9134
3202,樺晟,17,5,12,群益金鼎-開元,2023-05-11,9134
5009,榮剛,19,8,11,群益金鼎-開元,2023-05-11,9134
6285,啟��,38,26,12,群益金鼎-開元,2023-05-11,9134
00687B,國泰20年美債,11,0,11,群益金鼎-開元,2023-05-11,9134
2022,聚亨,11,0,11,群益金鼎-開元,2023-05-11,9134
1760,寶齡富錦,10,0,10,群益金鼎-開元,2023-05-11,9134
2610,華航,23,13,10,群益金鼎-開元,2023-05-11,9134
6218,豪勉,21,11,10,群益金鼎-開元,2023-05-11,9134
8096,擎亞,10,0,10,群益金鼎-開元,2023-05-11,9134
3481,群創,217,3,214,群益金鼎-開元,2023-05-12,9134
8076,伍豐,91,1,90,群益金鼎-開元,2023-05-12,9134
00671R,富邦NASDAQ反1,72,10,62,群益金鼎-開元,2023-05-12,9134
00878,國泰永續高股息,64,4,60,群益金鼎-開元,2023-05-12,9134
2317,鴻海,71,21,50,群益金鼎-開元,2023-05-12,9134
5356,協益,50,0,50,群益金鼎-開元,2023-05-12,9134
1905,華紙,97,54,43,群益金鼎-開元,2023-05-12,9134
4714,永捷,40,0,40,群益金鼎-開元,2023-05-12,9134
2426,鼎元,40,0,40,群益金鼎-開元,2023-05-12,9134
2344,華邦電,37,0,37,群益金鼎-開元,2023-05-12,9134
2022,聚亨,30,0,30,群益金鼎-開元,2023-05-12,9134
6016,康和證,30,0,30,群益金鼎-開元,2023-05-12,9134
2888,新光金,30,4,26,群益金鼎-開元,2023-05-12,9134
00637L,元大滬深300正2,26,0,26,群益金鼎-開元,2023-05-12,9134
00715L,期街口布蘭特正2,26,1,25,群益金鼎-開元,2023-05-12,9134
6015,宏遠證,22,0,22,群益金鼎-開元,2023-05-12,9134
4162,智擎,21,0,21,群益金鼎-開元,2023-05-12,9134
8038,長園科,21,1,20,群益金鼎-開元,2023-05-12,9134
3034,聯詠,20,0,20,群益金鼎-開元,2023-05-12,9134
4503,金雨,22,3,19,群益金鼎-開元,2023-05-12,9134
6235,華孚,104,87,17,群益金鼎-開元,2023-05-12,9134
9958,世紀鋼,16,0,16,群益金鼎-開元,2023-05-12,9134
2482,連宇,22,6,16,群益金鼎-開元,2023-05-12,9134
2891,中信金,21,5,16,群益金鼎-開元,2023-05-12,9134
1101,台泥,16,1,15,群益金鼎-開元,2023-05-12,9134
8927,北基,25,10,15,群益金鼎-開元,2023-05-12,9134
2546,根基,15,0,15,群益金鼎-開元,2023-05-12,9134
00885,富邦越南,17,2,15,群益金鼎-開元,2023-05-12,9134
8112,至上,15,0,15,群益金鼎-開元,2023-05-12,9134
9945,潤泰新,14,0,14,群益金鼎-開元,2023-05-12,9134
6733,博晟生醫,14,0,14,群益金鼎-開元,2023-05-12,9134
00882,中信中國高股息,13,0,13,群益金鼎-開元,2023-05-12,9134
2409,友達,13,0,13,群益金鼎-開元,2023-05-12,9134
2331,精英,23,10,13,群益金鼎-開元,2023-05-12,9134
6244,茂迪,13,0,13,群益金鼎-開元,2023-05-12,9134
1268,漢來美食,15,3,12,群益金鼎-開元,2023-05-12,9134
6282,康舒,13,1,12,群益金鼎-開元,2023-05-12,9134
2303,聯電,15,4,11,群益金鼎-開元,2023-05-12,9134
6167,久正,11,0,11,群益金鼎-開元,2023-05-12,9134
2618,長榮航,17,7,10,群益金鼎-開元,2023-05-12,9134
2066,世德,10,0,10,群益金鼎-開元,2023-05-12,9134
6120,達運,10,0,10,群益金鼎-開元,2023-05-12,9134
6248,沛波,10,0,10,群益金鼎-開元,2023-05-12,9134
3576,聯合再生,10,1,9,群益金鼎-開元,2023-05-12,9134
8222,寶一,69,60,9,群益金鼎-開元,2023-05-12,9134
1608,華榮,13,4,9,群益金鼎-開元,2023-05-12,9134
1609,大亞,29,21,8,群益金鼎-開元,2023-05-12,9134
3078,僑威,28,20,8,群益金鼎-開元,2023-05-12,9134
6005,群益證,8,0,8,群益金鼎-開元,2023-05-12,9134
4123,晟德,10,2,8,群益金鼎-開元,2023-05-12,9134
00878,國泰永續高股息,158,101,57,群益金鼎-開元,2023-05-15,9134
2317,鴻海,54,4,50,群益金鼎-開元,2023-05-15,9134
6235,華孚,46,3,43,群益金鼎-開元,2023-05-15,9134
00680L,元大美債20正2,40,0,40,群益金鼎-開元,2023-05-15,9134
3029,零壹,87,54,33,群益金鼎-開元,2023-05-15,9134
2892,第一金,30,0,30,群益金鼎-開元,2023-05-15,9134
5356,協益,30,0,30,群益金鼎-開元,2023-05-15,9134
6122,擎邦,60,32,28,群益金鼎-開元,2023-05-15,9134
2915,潤泰全,23,0,23,群益金鼎-開元,2023-05-15,9134
00637L,元大滬深300正2,25,2,23,群益金鼎-開元,2023-05-15,9134
5227,立凱-KY,22,0,22,群益金鼎-開元,2023-05-15,9134
2356,英業達,23,2,21,群益金鼎-開元,2023-05-15,9134
1319,東陽,20,0,20,群益金鼎-開元,2023-05-15,9134
1444,力麗,20,0,20,群益金鼎-開元,2023-05-15,9134
2303,聯電,22,3,19,群益金鼎-開元,2023-05-15,9134
3594,磐儀,30,12,18,群益金鼎-開元,2023-05-15,9134
2371,大同,43,26,17,群益金鼎-開元,2023-05-15,9134
1101,台泥,17,1,16,群益金鼎-開元,2023-05-15,9134
5864,致和證,14,0,14,群益金鼎-開元,2023-05-15,9134
3624,光頡,14,0,14,群益金鼎-開元,2023-05-15,9134
2457,飛宏,25,12,13,群益金鼎-開元,2023-05-15,9134
2867,三商壽,13,1,12,群益金鼎-開元,2023-05-15,9134
5258,虹堡,14,2,12,群益金鼎-開元,2023-05-15,9134
2421,建準,12,0,12,群益金鼎-開元,2023-05-15,9134
1268,漢來美食,12,1,11,群益金鼎-開元,2023-05-15,9134
6139,亞翔,67,56,11,群益金鼎-開元,2023-05-15,9134
6005,群益證,11,0,11,群益金鼎-開元,2023-05-15,9134
6244,茂迪,12,1,11,群益金鼎-開元,2023-05-15,9134
3481,群創,21,10,11,群益金鼎-開元,2023-05-15,9134
00679B,元大美債20年,11,1,10,群益金鼎-開元,2023-05-15,9134
2344,華邦電,12,2,10,群益金鼎-開元,2023-05-15,9134
1733,五鼎,10,0,10,群益金鼎-開元,2023-05-15,9134
2374,佳能,10,0,10,群益金鼎-開元,2023-05-15,9134
6125,廣運,11,1,10,群益金鼎-開元,2023-05-15,9134
1305,華夏,10,0,10,群益金鼎-開元,2023-05-15,9134
3034,聯詠,11,2,9,群益金鼎-開元,2023-05-15,9134
1708,東鹼,13,4,9,群益金鼎-開元,2023-05-15,9134
00687B,國泰20年美債,8,0,8,群益金鼎-開元,2023-05-15,9134
2546,根基,8,0,8,群益金鼎-開元,2023-05-15,9134
6806,森崴能源,9,2,7,群益金鼎-開元,2023-05-15,9134
2353,宏��,7,0,7,群益金鼎-開元,2023-05-15,9134
00632R,元大台灣50反1,10,3,7,群益金鼎-開元,2023-05-15,9134
5439,高技,7,0,7,群益金鼎-開元,2023-05-15,9134
6548,長科*,7,0,7,群益金鼎-開元,2023-05-15,9134
6112,邁達特,11,4,7,群益金鼎-開元,2023-05-15,9134
3231,緯創,32,25,7,群益金鼎-開元,2023-05-15,9134
00882,中信中國高股息,6,0,6,群益金鼎-開元,2023-05-15,9134
3048,益登,6,0,6,群益金鼎-開元,2023-05-15,9134
6218,豪勉,5,0,5,群益金鼎-開元,2023-05-15,9134
2402,毅嘉,5,0,5,群益金鼎-開元,2023-05-15,9134
8924,大田,200,0,200,群益金鼎-開元,2023-05-16,9134
00632R,元大台灣50反1,152,20,132,群益金鼎-開元,2023-05-16,9134
00878,國泰永續高股息,132,19,113,群益金鼎-開元,2023-05-16,9134
00680L,元大美債20正2,103,0,103,群益金鼎-開元,2023-05-16,9134
00923,群益台ESG低碳50,100,0,100,群益金鼎-開元,2023-05-16,9134
2323,中環,83,8,75,群益金鼎-開元,2023-05-16,9134
6005,群益證,50,0,50,群益金鼎-開元,2023-05-16,9134
2834,臺企銀,40,0,40,群益金鼎-開元,2023-05-16,9134
1321,大洋,30,0,30,群益金鼎-開元,2023-05-16,9134
00720B,元大投資級公司債,26,0,26,群益金鼎-開元,2023-05-16,9134
1504,東元,32,9,23,群益金鼎-開元,2023-05-16,9134
2867,三商壽,24,2,22,群益金鼎-開元,2023-05-16,9134
00772B,中信高評級公司債,21,0,21,群益金鼎-開元,2023-05-16,9134
5531,鄉林,37,16,21,群益金鼎-開元,2023-05-16,9134
5356,協益,20,1,19,群益金鼎-開元,2023-05-16,9134
2313,華通,23,5,18,群益金鼎-開元,2023-05-16,9134
5258,虹堡,24,7,17,群益金鼎-開元,2023-05-16,9134
2609,陽明,18,4,14,群益金鼎-開元,2023-05-16,9134
6596,寬宏藝術,14,0,14,群益金鼎-開元,2023-05-16,9134
5534,長虹,13,0,13,群益金鼎-開元,2023-05-16,9134
3260,威剛,24,12,12,群益金鼎-開元,2023-05-16,9134
2630,亞航,13,1,12,群益金鼎-開元,2023-05-16,9134
2465,麗臺,12,0,12,群益金鼎-開元,2023-05-16,9134
2546,根基,12,0,12,群益金鼎-開元,2023-05-16,9134
1319,東陽,21,10,11,群益金鼎-開元,2023-05-16,9134
5328,華容,11,0,11,群益金鼎-開元,2023-05-16,9134
00853B,統一美債10年Aa-,10,0,10,群益金鼎-開元,2023-05-16,9134
3207,耀勝,11,1,10,群益金鼎-開元,2023-05-16,9134
2605,新興,10,0,10,群益金鼎-開元,2023-05-16,9134
3058,立德,10,0,10,群益金鼎-開元,2023-05-16,9134
4432,銘旺實,10,0,10,群益金鼎-開元,2023-05-16,9134
9933,中鼎,10,0,10,群益金鼎-開元,2023-05-16,9134
1513,中興電,24,14,10,群益金鼎-開元,2023-05-16,9134
3711,日月光投控,10,1,9,群益金鼎-開元,2023-05-16,9134
1611,中電,10,1,9,群益金鼎-開元,2023-05-16,9134
4930,燦星網,9,1,8,群益金鼎-開元,2023-05-16,9134
4123,晟德,8,0,8,群益金鼎-開元,2023-05-16,9134
9907,統一實,9,1,8,群益金鼎-開元,2023-05-16,9134
6806,森崴能源,7,0,7,群益金鼎-開元,2023-05-16,9134
4581,光隆精密-KY,13,6,7,群益金鼎-開元,2023-05-16,9134
6160,欣技,12,5,7,群益金鼎-開元,2023-05-16,9134
00679B,元大美債20年,7,0,7,群益金鼎-開元,2023-05-16,9134
1337,再生-KY,7,1,6,群益金鼎-開元,2023-05-16,9134
2603,長榮,10,4,6,群益金鼎-開元,2023-05-16,9134
00751B,元大AAA至A公司債,5,0,5,群益金鼎-開元,2023-05-16,9134
00715L,期街口布蘭特正2,11,6,5,群益金鼎-開元,2023-05-16,9134
5324,士開,5,0,5,群益金鼎-開元,2023-05-16,9134
00688L,國泰20年美債正2,5,0,5,群益金鼎-開元,2023-05-16,9134
2471,資通,6,1,5,群益金鼎-開元,2023-05-16,9134
6197,佳必琪,5,0,5,群益金鼎-開元,2023-05-16,9134
00632R,元大台灣50反1,158,0,158,群益金鼎-開元,2023-05-17,9134
6005,群益證,150,0,150,群益金鼎-開元,2023-05-17,9134
00680L,元大美債20正2,92,0,92,群益金鼎-開元,2023-05-17,9134
00637L,元大滬深300正2,67,0,67,群益金鼎-開元,2023-05-17,9134
00713,元大台灣高息低波,31,4,27,群益金鼎-開元,2023-05-17,9134
00720B,元大投資級公司債,23,0,23,群益金鼎-開元,2023-05-17,9134
5243,乙盛-KY,22,0,22,群益金鼎-開元,2023-05-17,9134
2634,漢翔,70,49,21,群益金鼎-開元,2023-05-17,9134
6266,泰詠,21,0,21,群益金鼎-開元,2023-05-17,9134
2317,鴻海,21,1,20,群益金鼎-開元,2023-05-17,9134
2313,華通,20,0,20,群益金鼎-開元,2023-05-17,9134
1524,耿鼎,20,0,20,群益金鼎-開元,2023-05-17,9134
6285,啟��,20,2,18,群益金鼎-開元,2023-05-17,9134
00688L,國泰20年美債正2,18,0,18,群益金鼎-開元,2023-05-17,9134
1219,福壽,20,3,17,群益金鼎-開元,2023-05-17,9134
00712,復華富時不動產,17,0,17,群益金鼎-開元,2023-05-17,9134
8011,台通,18,2,16,群益金鼎-開元,2023-05-17,9134
00687B,國泰20年美債,15,0,15,群益金鼎-開元,2023-05-17,9134
1444,力麗,20,5,15,群益金鼎-開元,2023-05-17,9134
00673R,期元大S＆P原油反1,15,0,15,群益金鼎-開元,2023-05-17,9134
2201,裕隆,28,13,15,群益金鼎-開元,2023-05-17,9134
3005,神基,15,1,14,群益金鼎-開元,2023-05-17,9134
8222,寶一,22,9,13,群益金鼎-開元,2023-05-17,9134
3265,台星科,13,1,12,群益金鼎-開元,2023-05-17,9134
3038,全台,12,0,12,群益金鼎-開元,2023-05-17,9134
00715L,期街口布蘭特正2,12,0,12,群益金鼎-開元,2023-05-17,9134
2390,云辰,12,0,12,群益金鼎-開元,2023-05-17,9134
8433,弘帆,12,0,12,群益金鼎-開元,2023-05-17,9134
2489,瑞軒,11,0,11,群益金鼎-開元,2023-05-17,9134
1721,三晃,13,3,10,群益金鼎-開元,2023-05-17,9134
00676R,富邦臺灣加權反1,10,0,10,群益金鼎-開元,2023-05-17,9134
1337,再生-KY,11,1,10,群益金鼎-開元,2023-05-17,9134
5531,鄉林,26,16,10,群益金鼎-開元,2023-05-17,9134
2303,聯電,25,15,10,群益金鼎-開元,2023-05-17,9134
2355,敬鵬,10,0,10,群益金鼎-開元,2023-05-17,9134
3520,華盈,10,0,10,群益金鼎-開元,2023-05-17,9134
6194,育富,10,0,10,群益金鼎-開元,2023-05-17,9134
3025,星通,11,1,10,群益金鼎-開元,2023-05-17,9134
9928,中視,10,0,10,群益金鼎-開元,2023-05-17,9134
2890,永豐金,10,0,10,群益金鼎-開元,2023-05-17,9134
2885,元大金,10,1,9,群益金鼎-開元,2023-05-17,9134
00679B,元大美債20年,9,0,9,群益金鼎-開元,2023-05-17,9134
4402,郡都開發,8,0,8,群益金鼎-開元,2023-05-17,9134
5706,鳳凰,26,18,8,群益金鼎-開元,2023-05-17,9134
9933,中鼎,8,0,8,群益金鼎-開元,2023-05-17,9134
1519,華城,11,4,7,群益金鼎-開元,2023-05-17,9134
3034,聯詠,8,1,7,群益金鼎-開元,2023-05-17,9134
9919,康那香,16,9,7,群益金鼎-開元,2023-05-17,9134
00882,中信中國高股息,7,0,7,群益金鼎-開元,2023-05-17,9134
6218,豪勉,23,16,7,群益金鼎-開元,2023-05-17,9134
8076,伍豐,75,11,64,群益金鼎-開元,2023-05-18,9134
00632R,元大台灣50反1,53,0,53,群益金鼎-開元,2023-05-18,9134
2323,中環,66,18,48,群益金鼎-開元,2023-05-18,9134
8936,國統,35,0,35,群益金鼎-開元,2023-05-18,9134
3322,建舜電,50,15,35,群益金鼎-開元,2023-05-18,9134
00680L,元大美債20正2,33,0,33,群益金鼎-開元,2023-05-18,9134
2414,精技,30,0,30,群益金鼎-開元,2023-05-18,9134
00676R,富邦臺灣加權反1,30,0,30,群益金鼎-開元,2023-05-18,9134
00637L,元大滬深300正2,23,0,23,群益金鼎-開元,2023-05-18,9134
00688L,國泰20年美債正2,23,0,23,群益金鼎-開元,2023-05-18,9134
5531,鄉林,22,0,22,群益金鼎-開元,2023-05-18,9134
2630,亞航,23,1,22,群益金鼎-開元,2023-05-18,9134
3052,夆典,20,0,20,群益金鼎-開元,2023-05-18,9134
1905,華紙,41,22,19,群益金鼎-開元,2023-05-18,9134
6163,華電網,19,0,19,群益金鼎-開元,2023-05-18,9134
9945,潤泰新,20,1,19,群益金鼎-開元,2023-05-18,9134
8011,台通,41,26,15,群益金鼎-開元,2023-05-18,9134
1618,合機,15,0,15,群益金鼎-開元,2023-05-18,9134
3380,明泰,15,0,15,群益金鼎-開元,2023-05-18,9134
1321,大洋,14,0,14,群益金鼎-開元,2023-05-18,9134
3078,僑威,24,11,13,群益金鼎-開元,2023-05-18,9134
2546,根基,13,0,13,群益金鼎-開元,2023-05-18,9134
1319,東陽,18,5,13,群益金鼎-開元,2023-05-18,9134
1904,正隆,12,0,12,群益金鼎-開元,2023-05-18,9134
5864,致和證,12,0,12,群益金鼎-開元,2023-05-18,9134
3622,洋華,12,0,12,群益金鼎-開元,2023-05-18,9134
9955,佳龍,11,0,11,群益金鼎-開元,2023-05-18,9134
3491,昇達科,14,3,11,群益金鼎-開元,2023-05-18,9134
1101,台泥,10,0,10,群益金鼎-開元,2023-05-18,9134
2855,統一證,10,0,10,群益金鼎-開元,2023-05-18,9134
6015,宏遠證,10,0,10,群益金鼎-開元,2023-05-18,9134
8429,金麗-KY,10,1,9,群益金鼎-開元,2023-05-18,9134
6806,森崴能源,14,6,8,群益金鼎-開元,2023-05-18,9134
6122,擎邦,27,19,8,群益金鼎-開元,2023-05-18,9134
3038,全台,21,13,8,群益金鼎-開元,2023-05-18,9134
3022,威強電,10,2,8,群益金鼎-開元,2023-05-18,9134
2634,漢翔,17,10,7,群益金鼎-開元,2023-05-18,9134
6126,信音,9,2,7,群益金鼎-開元,2023-05-18,9134
00720B,元大投資級公司債,7,0,7,群益金鼎-開元,2023-05-18,9134
8046,南電,6,0,6,群益金鼎-開元,2023-05-18,9134
6285,啟��,11,5,6,群益金鼎-開元,2023-05-18,9134
1529,樂事綠能,9,3,6,群益金鼎-開元,2023-05-18,9134
2880,華南金,6,0,6,群益金鼎-開元,2023-05-18,9134
6112,邁達特,16,10,6,群益金鼎-開元,2023-05-18,9134
3663,鑫科,6,0,6,群益金鼎-開元,2023-05-18,9134
2206,三陽工業,16,10,6,群益金鼎-開元,2023-05-18,9134
5227,立凱-KY,10,4,6,群益金鼎-開元,2023-05-18,9134
1709,和益,6,0,6,群益金鼎-開元,2023-05-18,9134
2363,矽統,6,0,6,群益金鼎-開元,2023-05-18,9134
6509,聚和,6,0,6,群益金鼎-開元,2023-05-18,9134
2515,中工,120,0,120,群益金鼎-開元,2023-05-19,9134
6005,群益證,100,2,98,群益金鼎-開元,2023-05-19,9134
00632R,元大台灣50反1,92,5,87,群益金鼎-開元,2023-05-19,9134
00680L,元大美債20正2,74,0,74,群益金鼎-開元,2023-05-19,9134
00637L,元大滬深300正2,68,2,66,群益金鼎-開元,2023-05-19,9134
6191,精成科,64,0,64,群益金鼎-開元,2023-05-19,9134
3078,僑威,83,32,51,群益金鼎-開元,2023-05-19,9134
2022,聚亨,50,0,50,群益金鼎-開元,2023-05-19,9134
1605,華新,58,15,43,群益金鼎-開元,2023-05-19,9134
3380,明泰,45,2,43,群益金鼎-開元,2023-05-19,9134
2736,富野,46,5,41,群益金鼎-開元,2023-05-19,9134
8936,國統,35,0,35,群益金鼎-開元,2023-05-19,9134
2399,映泰,31,0,31,群益金鼎-開元,2023-05-19,9134
3149,正達,30,5,25,群益金鼎-開元,2023-05-19,9134
00688L,國泰20年美債正2,23,0,23,群益金鼎-開元,2023-05-19,9134
3576,聯合再生,23,0,23,群益金鼎-開元,2023-05-19,9134
1504,東元,47,24,23,群益金鼎-開元,2023-05-19,9134
5328,華容,28,7,21,群益金鼎-開元,2023-05-19,9134
2206,三陽工業,25,5,20,群益金鼎-開元,2023-05-19,9134
6284,佳邦,20,0,20,群益金鼎-開元,2023-05-19,9134
00676R,富邦臺灣加權反1,20,0,20,群益金鼎-開元,2023-05-19,9134
1618,合機,25,6,19,群益金鼎-開元,2023-05-19,9134
1906,寶隆,17,0,17,群益金鼎-開元,2023-05-19,9134
2546,根基,17,0,17,群益金鼎-開元,2023-05-19,9134
3339,泰谷,16,0,16,群益金鼎-開元,2023-05-19,9134
2542,興富發,15,0,15,群益金鼎-開元,2023-05-19,9134
2748,雲品,21,6,15,群益金鼎-開元,2023-05-19,9134
00720B,元大投資級公司債,14,0,14,群益金鼎-開元,2023-05-19,9134
1514,亞力,17,3,14,群益金鼎-開元,2023-05-19,9134
4931,新盛力,18,4,14,群益金鼎-開元,2023-05-19,9134
1904,正隆,16,4,12,群益金鼎-開元,2023-05-19,9134
2609,陽明,12,0,12,群益金鼎-開元,2023-05-19,9134
3058,立德,18,6,12,群益金鼎-開元,2023-05-19,9134
2610,華航,52,41,11,群益金鼎-開元,2023-05-19,9134
00882,中信中國高股息,11,0,11,群益金鼎-開元,2023-05-19,9134
00712,復華富時不動產,11,0,11,群益金鼎-開元,2023-05-19,9134
6015,宏遠證,13,2,11,群益金鼎-開元,2023-05-19,9134
8222,寶一,46,35,11,群益金鼎-開元,2023-05-19,9134
2342,茂矽,11,0,11,群益金鼎-開元,2023-05-19,9134
2468,華經,11,1,10,群益金鼎-開元,2023-05-19,9134
8088,品安,10,0,10,群益金鼎-開元,2023-05-19,9134
00674R,期元大S＆P黃金反1,10,0,10,群益金鼎-開元,2023-05-19,9134
00900,富邦特選高股息30,20,11,9,群益金鼎-開元,2023-05-19,9134
2457,飛宏,17,8,9,群益金鼎-開元,2023-05-19,9134
2482,連宇,10,1,9,群益金鼎-開元,2023-05-19,9134
3322,建舜電,9,0,9,群益金鼎-開元,2023-05-19,9134
5309,系統電,9,0,9,群益金鼎-開元,2023-05-19,9134
00665L,富邦�琤肭磪囓�2,9,0,9,群益金鼎-開元,2023-05-19,9134
6245,立端,37,28,9,群益金鼎-開元,2023-05-19,9134
1762,中化生,12,3,9,群益金鼎-開元,2023-05-19,9134
2303,聯電,73,0,73,群益金鼎-開元,2023-05-22,9134
2618,長榮航,122,75,47,群益金鼎-開元,2023-05-22,9134
2887,台新金,45,1,44,群益金鼎-開元,2023-05-22,9134
00679B,元大美債20年,43,0,43,群益金鼎-開元,2023-05-22,9134
00680L,元大美債20正2,40,0,40,群益金鼎-開元,2023-05-22,9134
3712,永崴投控,36,4,32,群益金鼎-開元,2023-05-22,9134
00878,國泰永續高股息,28,0,28,群益金鼎-開元,2023-05-22,9134
6191,精成科,26,1,25,群益金鼎-開元,2023-05-22,9134
8076,伍豐,29,5,24,群益金鼎-開元,2023-05-22,9134
1605,華新,36,13,23,群益金鼎-開元,2023-05-22,9134
00687B,國泰20年美債,22,0,22,群益金鼎-開元,2023-05-22,9134
6167,久正,22,0,22,群益金鼎-開元,2023-05-22,9134
00632R,元大台灣50反1,22,0,22,群益金鼎-開元,2023-05-22,9134
00715L,期街口布蘭特正2,21,0,21,群益金鼎-開元,2023-05-22,9134
00882,中信中國高股息,19,0,19,群益金鼎-開元,2023-05-22,9134
8050,廣積,20,2,18,群益金鼎-開元,2023-05-22,9134
2331,精英,33,16,17,群益金鼎-開元,2023-05-22,9134
2368,金像電,23,7,16,群益金鼎-開元,2023-05-22,9134
00751B,元大AAA至A公司債,16,0,16,群益金鼎-開元,2023-05-22,9134
9919,康那香,54,39,15,群益金鼎-開元,2023-05-22,9134
9945,潤泰新,15,1,14,群益金鼎-開元,2023-05-22,9134
6517,保勝光學,16,2,14,群益金鼎-開元,2023-05-22,9134
2442,新美齊,14,1,13,群益金鼎-開元,2023-05-22,9134
0056,元大高股息,15,2,13,群益金鼎-開元,2023-05-22,9134
2892,第一金,13,0,13,群益金鼎-開元,2023-05-22,9134
2427,三商電,25,13,12,群益金鼎-開元,2023-05-22,9134
4906,正文,12,1,11,群益金鼎-開元,2023-05-22,9134
5351,鈺創,10,0,10,群益金鼎-開元,2023-05-22,9134
3346,麗清,10,0,10,群益金鼎-開元,2023-05-22,9134
1314,中石化,10,0,10,群益金鼎-開元,2023-05-22,9134
00673R,期元大S＆P原油反1,10,0,10,群益金鼎-開元,2023-05-22,9134
1447,力鵬,10,0,10,群益金鼎-開元,2023-05-22,9134
2489,瑞軒,10,0,10,群益金鼎-開元,2023-05-22,9134
3029,零壹,11,1,10,群益金鼎-開元,2023-05-22,9134
6269,台郡,10,0,10,群益金鼎-開元,2023-05-22,9134
00724B,群益投資級金融債,10,0,10,群益金鼎-開元,2023-05-22,9134
3703,欣陸,10,0,10,群益金鼎-開元,2023-05-22,9134
5309,系統電,10,0,10,群益金鼎-開元,2023-05-22,9134
8927,北基,9,0,9,群益金鼎-開元,2023-05-22,9134
3362,先進光,15,6,9,群益金鼎-開元,2023-05-22,9134
3231,緯創,10,2,8,群益金鼎-開元,2023-05-22,9134
1904,正隆,8,0,8,群益金鼎-開元,2023-05-22,9134
4967,十銓,8,0,8,群益金鼎-開元,2023-05-22,9134
2546,根基,8,0,8,群益金鼎-開元,2023-05-22,9134
1528,恩德,10,2,8,群益金鼎-開元,2023-05-22,9134
3706,神達,9,1,8,群益金鼎-開元,2023-05-22,9134
2313,華通,7,0,7,群益金鼎-開元,2023-05-22,9134
6223,旺矽,15,9,6,群益金鼎-開元,2023-05-22,9134
6548,長科*,6,0,6,群益金鼎-開元,2023-05-22,9134
3322,建舜電,6,0,6,群益金鼎-開元,2023-05-22,9134
3481,群創,207,11,196,群益金鼎-開元,2023-05-23,9134
2882,國泰金,102,15,87,群益金鼎-開元,2023-05-23,9134
2515,中工,140,62,78,群益金鼎-開元,2023-05-23,9134
00687B,國泰20年美債,45,0,45,群益金鼎-開元,2023-05-23,9134
2618,長榮航,86,41,45,群益金鼎-開元,2023-05-23,9134
00737,國泰AI+Robo,40,0,40,群益金鼎-開元,2023-05-23,9134
00882,中信中國高股息,40,0,40,群益金鼎-開元,2023-05-23,9134
1528,恩德,40,2,38,群益金鼎-開元,2023-05-23,9134
00637L,元大滬深300正2,45,10,35,群益金鼎-開元,2023-05-23,9134
2409,友達,32,2,30,群益金鼎-開元,2023-05-23,9134
00762,元大全球AI,30,0,30,群益金鼎-開元,2023-05-23,9134
3715,定穎投控,39,13,26,群益金鼎-開元,2023-05-23,9134
1605,華新,25,0,25,群益金鼎-開元,2023-05-23,9134
6191,精成科,27,2,25,群益金鼎-開元,2023-05-23,9134
5531,鄉林,54,31,23,群益金鼎-開元,2023-05-23,9134
6288,聯嘉,25,3,22,群益金鼎-開元,2023-05-23,9134
4906,正文,22,0,22,群益金鼎-開元,2023-05-23,9134
6485,點序,21,0,21,群益金鼎-開元,2023-05-23,9134
9945,潤泰新,18,0,18,群益金鼎-開元,2023-05-23,9134
1905,華紙,36,19,17,群益金鼎-開元,2023-05-23,9134
8916,光隆,15,0,15,群益金鼎-開元,2023-05-23,9134
00688L,國泰20年美債正2,15,0,15,群益金鼎-開元,2023-05-23,9134
3231,緯創,18,4,14,群益金鼎-開元,2023-05-23,9134
6226,光鼎,15,1,14,群益金鼎-開元,2023-05-23,9134
00881,國泰台灣5G+,13,0,13,群益金鼎-開元,2023-05-23,9134
6441,廣錠,16,3,13,群益金鼎-開元,2023-05-23,9134
00751B,元大AAA至A公司債,12,0,12,群益金鼎-開元,2023-05-23,9134
00772B,中信高評級公司債,11,0,11,群益金鼎-開元,2023-05-23,9134
00696B,富邦美債20年,11,0,11,群益金鼎-開元,2023-05-23,9134
3205,佰研,14,4,10,群益金鼎-開元,2023-05-23,9134
1326,台化,10,0,10,群益金鼎-開元,2023-05-23,9134
00676R,富邦臺灣加權反1,10,0,10,群益金鼎-開元,2023-05-23,9134
8076,伍豐,15,5,10,群益金鼎-開元,2023-05-23,9134
3356,奇偶,10,0,10,群益金鼎-開元,2023-05-23,9134
2105,正新,10,0,10,群益金鼎-開元,2023-05-23,9134
2504,國產,10,0,10,群益金鼎-開元,2023-05-23,9134
9110,越南控-DR,10,0,10,群益金鼎-開元,2023-05-23,9134
5880,合庫金,10,0,10,群益金鼎-開元,2023-05-23,9134
2748,雲品,39,30,9,群益金鼎-開元,2023-05-23,9134
2913,農林,20,11,9,群益金鼎-開元,2023-05-23,9134
2392,正崴,10,1,9,群益金鼎-開元,2023-05-23,9134
1460,宏遠,11,3,8,群益金鼎-開元,2023-05-23,9134
8936,國統,8,0,8,群益金鼎-開元,2023-05-23,9134
2442,新美齊,24,16,8,群益金鼎-開元,2023-05-23,9134
2546,根基,7,0,7,群益金鼎-開元,2023-05-23,9134
1219,福壽,13,6,7,群益金鼎-開元,2023-05-23,9134
3047,訊舟,7,0,7,群益金鼎-開元,2023-05-23,9134
1802,台玻,7,0,7,群益金鼎-開元,2023-05-23,9134
2704,國賓,7,0,7,群益金鼎-開元,2023-05-23,9134
3373,熱映,7,0,7,群益金鼎-開元,2023-05-23,9134
00688L,國泰20年美債正2,93,0,93,群益金鼎-開元,2023-05-24,9134
00882,中信中國高股息,69,0,69,群益金鼎-開元,2023-05-24,9134
00637L,元大滬深300正2,48,0,48,群益金鼎-開元,2023-05-24,9134
5009,榮剛,35,2,33,群益金鼎-開元,2023-05-24,9134
00720B,元大投資級公司債,30,0,30,群益金鼎-開元,2023-05-24,9134
1321,大洋,26,0,26,群益金鼎-開元,2023-05-24,9134
00673R,期元大S＆P原油反1,25,0,25,群益金鼎-開元,2023-05-24,9134
2457,飛宏,138,114,24,群益金鼎-開元,2023-05-24,9134
4977,眾達-KY,23,0,23,群益金鼎-開元,2023-05-24,9134
2731,雄獅,23,1,22,群益金鼎-開元,2023-05-24,9134
2881,富邦金,21,2,19,群益金鼎-開元,2023-05-24,9134
2442,新美齊,22,3,19,群益金鼎-開元,2023-05-24,9134
6164,華興,20,2,18,群益金鼎-開元,2023-05-24,9134
3481,群創,19,1,18,群益金鼎-開元,2023-05-24,9134
1711,永光,20,3,17,群益金鼎-開元,2023-05-24,9134
2610,華航,37,20,17,群益金鼎-開元,2023-05-24,9134
2208,台船,20,3,17,群益金鼎-開元,2023-05-24,9134
00665L,富邦�琤肭磪囓�2,16,0,16,群益金鼎-開元,2023-05-24,9134
00687B,國泰20年美債,16,0,16,群益金鼎-開元,2023-05-24,9134
2906,高林,15,0,15,群益金鼎-開元,2023-05-24,9134
1529,樂事綠能,16,3,13,群益金鼎-開元,2023-05-24,9134
2892,第一金,12,1,11,群益金鼎-開元,2023-05-24,9134
00878,國泰永續高股息,19,8,11,群益金鼎-開元,2023-05-24,9134
2883,凱基金,27,16,11,群益金鼎-開元,2023-05-24,9134
00751B,元大AAA至A公司債,11,0,11,群益金鼎-開元,2023-05-24,9134
3704,合勤控,12,1,11,群益金鼎-開元,2023-05-24,9134
8409,商之器,11,0,11,群益金鼎-開元,2023-05-24,9134
00712,復華富時不動產,11,0,11,群益金鼎-開元,2023-05-24,9134
8936,國統,10,0,10,群益金鼎-開元,2023-05-24,9134
5315,光聯,10,0,10,群益金鼎-開元,2023-05-24,9134
00724B,群益投資級金融債,10,0,10,群益金鼎-開元,2023-05-24,9134
00888,永豐台灣ESG,10,0,10,群益金鼎-開元,2023-05-24,9134
2201,裕隆,18,8,10,群益金鼎-開元,2023-05-24,9134
6126,信音,9,0,9,群益金鼎-開元,2023-05-24,9134
2399,映泰,27,19,8,群益金鼎-開元,2023-05-24,9134
8121,越峰,8,0,8,群益金鼎-開元,2023-05-24,9134
2634,漢翔,45,37,8,群益金鼎-開元,2023-05-24,9134
2454,聯發科,8,1,7,群益金鼎-開元,2023-05-24,9134
6570,維田,7,0,7,群益金鼎-開元,2023-05-24,9134
3122,笙泉,7,0,7,群益金鼎-開元,2023-05-24,9134
1337,再生-KY,7,0,7,群益金鼎-開元,2023-05-24,9134
2476,鉅祥,7,0,7,群益金鼎-開元,2023-05-24,9134
2427,三商電,7,0,7,群益金鼎-開元,2023-05-24,9134
4906,正文,7,0,7,群益金鼎-開元,2023-05-24,9134
3011,今皓,6,0,6,群益金鼎-開元,2023-05-24,9134
00713,元大台灣高息低波,6,0,6,群益金鼎-開元,2023-05-24,9134
4746,台耀,9,3,6,群益金鼎-開元,2023-05-24,9134
2352,佳世達,6,0,6,群益金鼎-開元,2023-05-24,9134
5243,乙盛-KY,7,1,6,群益金鼎-開元,2023-05-24,9134
2328,廣宇,5,0,5,群益金鼎-開元,2023-05-24,9134
00632R,元大台灣50反1,170,38,132,群益金鼎-開元,2023-05-25,9134
00882,中信中國高股息,122,0,122,群益金鼎-開元,2023-05-25,9134
00637L,元大滬深300正2,65,0,65,群益金鼎-開元,2023-05-25,9134
6015,宏遠證,35,0,35,群益金鼎-開元,2023-05-25,9134
3715,定穎投控,37,2,35,群益金鼎-開元,2023-05-25,9134
3481,群創,65,30,35,群益金鼎-開元,2023-05-25,9134
1319,東陽,35,5,30,群益金鼎-開元,2023-05-25,9134
00665L,富邦�琤肭磪囓�2,29,5,24,群益金鼎-開元,2023-05-25,9134
5222,全訊,25,1,24,群益金鼎-開元,2023-05-25,9134
2707,晶華,20,0,20,群益金鼎-開元,2023-05-25,9134
00680L,元大美債20正2,20,0,20,群益金鼎-開元,2023-05-25,9134
1762,中化生,20,1,19,群益金鼎-開元,2023-05-25,9134
3189,景碩,26,7,19,群益金鼎-開元,2023-05-25,9134
3522,御嵿,20,1,19,群益金鼎-開元,2023-05-25,9134
2705,六福,19,1,18,群益金鼎-開元,2023-05-25,9134
2399,映泰,35,17,18,群益金鼎-開元,2023-05-25,9134
6806,森崴能源,17,0,17,群益金鼎-開元,2023-05-25,9134
00753L,中信中國50正2,16,0,16,群益金鼎-開元,2023-05-25,9134
4164,承業醫,16,0,16,群益金鼎-開元,2023-05-25,9134
5531,鄉林,53,37,16,群益金鼎-開元,2023-05-25,9134
00712,復華富時不動產,15,0,15,群益金鼎-開元,2023-05-25,9134
3576,聯合再生,16,1,15,群益金鼎-開元,2023-05-25,9134
2609,陽明,15,1,14,群益金鼎-開元,2023-05-25,9134
00772B,中信高評級公司債,13,0,13,群益金鼎-開元,2023-05-25,9134
2402,毅嘉,16,3,13,群益金鼎-開元,2023-05-25,9134
3071,協禧,24,11,13,群益金鼎-開元,2023-05-25,9134
8050,廣積,20,7,13,群益金鼎-開元,2023-05-25,9134
1609,大亞,20,7,13,群益金鼎-開元,2023-05-25,9134
2603,長榮,15,3,12,群益金鼎-開元,2023-05-25,9134
3265,台星科,26,14,12,群益金鼎-開元,2023-05-25,9134
2371,大同,13,1,12,群益金鼎-開元,2023-05-25,9134
1605,華新,13,1,12,群益金鼎-開元,2023-05-25,9134
2349,錸德,17,5,12,群益金鼎-開元,2023-05-25,9134
3178,公準,11,0,11,群益金鼎-開元,2023-05-25,9134
3217,優群,11,0,11,群益金鼎-開元,2023-05-25,9134
1589,永冠-KY,11,0,11,群益金鼎-開元,2023-05-25,9134
2317,鴻海,12,1,11,群益金鼎-開元,2023-05-25,9134
3029,零壹,15,4,11,群益金鼎-開元,2023-05-25,9134
2748,雲品,12,2,10,群益金鼎-開元,2023-05-25,9134
4108,懷特,10,0,10,群益金鼎-開元,2023-05-25,9134
1568,倉佑,10,0,10,群益金鼎-開元,2023-05-25,9134
1528,恩德,10,0,10,群益金鼎-開元,2023-05-25,9134
5607,遠雄港,10,0,10,群益金鼎-開元,2023-05-25,9134
8940,新天地,17,7,10,群益金鼎-開元,2023-05-25,9134
2634,漢翔,40,31,9,群益金鼎-開元,2023-05-25,9134
1440,南紡,9,0,9,群益金鼎-開元,2023-05-25,9134
2637,慧洋-KY,10,1,9,群益金鼎-開元,2023-05-25,9134
1795,美時,11,2,9,群益金鼎-開元,2023-05-25,9134
4906,正文,9,0,9,群益金鼎-開元,2023-05-25,9134
8936,國統,9,0,9,群益金鼎-開元,2023-05-25,9134
2883,凱基金,242,0,242,群益金鼎-開元,2023-05-26,9134
00892,富邦台灣半導體,143,0,143,群益金鼎-開元,2023-05-26,9134
00891,中信關鍵半導體,142,0,142,群益金鼎-開元,2023-05-26,9134
1714,和桐,70,0,70,群益金鼎-開元,2023-05-26,9134
2323,中環,86,23,63,群益金鼎-開元,2023-05-26,9134
6446,藥華藥,63,2,61,群益金鼎-開元,2023-05-26,9134
5222,全訊,46,0,46,群益金鼎-開元,2023-05-26,9134
00637L,元大滬深300正2,36,0,36,群益金鼎-開元,2023-05-26,9134
2377,微星,39,9,30,群益金鼎-開元,2023-05-26,9134
6176,瑞儀,31,1,30,群益金鼎-開元,2023-05-26,9134
00712,復華富時不動產,29,0,29,群益金鼎-開元,2023-05-26,9134
6015,宏遠證,30,1,29,群益金鼎-開元,2023-05-26,9134
2929,淘帝-KY,28,2,26,群益金鼎-開元,2023-05-26,9134
6126,信音,25,0,25,群益金鼎-開元,2023-05-26,9134
3322,建舜電,22,0,22,群益金鼎-開元,2023-05-26,9134
2707,晶華,20,0,20,群益金鼎-開元,2023-05-26,9134
2329,華泰,20,0,20,群益金鼎-開元,2023-05-26,9134
1460,宏遠,24,4,20,群益金鼎-開元,2023-05-26,9134
8176,智捷,20,0,20,群益金鼎-開元,2023-05-26,9134
6139,亞翔,20,1,19,群益金鼎-開元,2023-05-26,9134
00679B,元大美債20年,18,0,18,群益金鼎-開元,2023-05-26,9134
00720B,元大投資級公司債,17,0,17,群益金鼎-開元,2023-05-26,9134
2382,廣達,24,7,17,群益金鼎-開元,2023-05-26,9134
4164,承業醫,16,0,16,群益金鼎-開元,2023-05-26,9134
6191,精成科,16,0,16,群益金鼎-開元,2023-05-26,9134
1440,南紡,17,1,16,群益金鼎-開元,2023-05-26,9134
2890,永豐金,15,0,15,群益金鼎-開元,2023-05-26,9134
2301,光寶科,16,1,15,群益金鼎-開元,2023-05-26,9134
00688L,國泰20年美債正2,15,0,15,群益金鼎-開元,2023-05-26,9134
5531,鄉林,47,33,14,群益金鼎-開元,2023-05-26,9134
1319,東陽,13,0,13,群益金鼎-開元,2023-05-26,9134
2705,六福,16,3,13,群益金鼎-開元,2023-05-26,9134
3594,磐儀,14,1,13,群益金鼎-開元,2023-05-26,9134
2342,茂矽,13,0,13,群益金鼎-開元,2023-05-26,9134
8059,凱碩,13,0,13,群益金鼎-開元,2023-05-26,9134
8011,台通,13,0,13,群益金鼎-開元,2023-05-26,9134
2457,飛宏,20,7,13,群益金鼎-開元,2023-05-26,9134
00882,中信中國高股息,15,3,12,群益金鼎-開元,2023-05-26,9134
3715,定穎投控,15,3,12,群益金鼎-開元,2023-05-26,9134
2701,萬企,15,3,12,群益金鼎-開元,2023-05-26,9134
8927,北基,12,0,12,群益金鼎-開元,2023-05-26,9134
1464,得力,12,0,12,群益金鼎-開元,2023-05-26,9134
2637,慧洋-KY,11,0,11,群益金鼎-開元,2023-05-26,9134
2731,雄獅,11,0,11,群益金鼎-開元,2023-05-26,9134
2002,中鋼,12,1,11,群益金鼎-開元,2023-05-26,9134
2368,金像電,14,3,11,群益金鼎-開元,2023-05-26,9134
6122,擎邦,15,4,11,群益金鼎-開元,2023-05-26,9134
00680L,元大美債20正2,10,0,10,群益金鼎-開元,2023-05-26,9134
00902,中信電池及儲能,10,0,10,群益金鼎-開元,2023-05-26,9134
3217,優群,10,0,10,群益金鼎-開元,2023-05-26,9134
2618,長榮航,692,107,585,群益金鼎-開元,2023-05-29,9134
1608,華榮,39,9,30,群益金鼎-開元,2023-05-29,9134
00891,中信關鍵半導體,30,1,29,群益金鼎-開元,2023-05-29,9134
00892,富邦台灣半導體,25,0,25,群益金鼎-開元,2023-05-29,9134
1504,東元,28,4,24,群益金鼎-開元,2023-05-29,9134
3231,緯創,60,37,23,群益金鼎-開元,2023-05-29,9134
00882,中信中國高股息,24,1,23,群益金鼎-開元,2023-05-29,9134
9919,康那香,40,18,22,群益金鼎-開元,2023-05-29,9134
2431,聯昌,20,0,20,群益金鼎-開元,2023-05-29,9134
2883,凱基金,22,2,20,群益金鼎-開元,2023-05-29,9134
1809,中釉,20,0,20,群益金鼎-開元,2023-05-29,9134
00637L,元大滬深300正2,23,3,20,群益金鼎-開元,2023-05-29,9134
00712,復華富時不動產,20,0,20,群益金鼎-開元,2023-05-29,9134
2489,瑞軒,20,1,19,群益金鼎-開元,2023-05-29,9134
2913,農林,25,6,19,群益金鼎-開元,2023-05-29,9134
1314,中石化,20,2,18,群益金鼎-開元,2023-05-29,9134
1513,中興電,27,10,17,群益金鼎-開元,2023-05-29,9134
3037,欣興,27,11,16,群益金鼎-開元,2023-05-29,9134
9945,潤泰新,16,0,16,群益金鼎-開元,2023-05-29,9134
2331,精英,23,7,16,群益金鼎-開元,2023-05-29,9134
2425,承啟,24,10,14,群益金鼎-開元,2023-05-29,9134
2342,茂矽,21,7,14,群益金鼎-開元,2023-05-29,9134
2637,慧洋-KY,23,9,14,群益金鼎-開元,2023-05-29,9134
3706,神達,21,8,13,群益金鼎-開元,2023-05-29,9134
8046,南電,15,2,13,群益金鼎-開元,2023-05-29,9134
8409,商之器,13,0,13,群益金鼎-開元,2023-05-29,9134
2399,映泰,15,3,12,群益金鼎-開元,2023-05-29,9134
0056,元大高股息,27,15,12,群益金鼎-開元,2023-05-29,9134
3583,辛耘,12,0,12,群益金鼎-開元,2023-05-29,9134
00690,兆豐藍籌30,12,0,12,群益金鼎-開元,2023-05-29,9134
2330,台積電,16,4,12,群益金鼎-開元,2023-05-29,9134
2305,全友,11,0,11,群益金鼎-開元,2023-05-29,9134
00885,富邦越南,11,0,11,群益金鼎-開元,2023-05-29,9134
5880,合庫金,11,0,11,群益金鼎-開元,2023-05-29,9134
1720,生達,11,0,11,群益金鼎-開元,2023-05-29,9134
3325,旭品,10,0,10,群益金鼎-開元,2023-05-29,9134
4927,泰鼎-KY,10,0,10,群益金鼎-開元,2023-05-29,9134
00902,中信電池及儲能,10,0,10,群益金鼎-開元,2023-05-29,9134
8121,越峰,11,1,10,群益金鼎-開元,2023-05-29,9134
2382,廣達,11,1,10,群益金鼎-開元,2023-05-29,9134
2606,裕民,10,0,10,群益金鼎-開元,2023-05-29,9134
2491,吉祥全,10,0,10,群益金鼎-開元,2023-05-29,9134
2633,台灣高鐵,10,0,10,群益金鼎-開元,2023-05-29,9134
2707,晶華,10,0,10,群益金鼎-開元,2023-05-29,9134
00665L,富邦�琤肭磪囓�2,10,0,10,群益金鼎-開元,2023-05-29,9134
6438,迅得,11,1,10,群益金鼎-開元,2023-05-29,9134
1312,國喬,10,0,10,群益金鼎-開元,2023-05-29,9134
8249,菱光,10,0,10,群益金鼎-開元,2023-05-29,9134
3017,奇鋐,13,4,9,群益金鼎-開元,2023-05-29,9134
2376,技嘉,14,5,9,群益金鼎-開元,2023-05-29,9134
00632R,元大台灣50反1,575,0,575,群益金鼎-開元,2023-05-30,9134
00637L,元大滬深300正2,230,0,230,群益金鼎-開元,2023-05-30,9134
5706,鳳凰,222,74,148,群益金鼎-開元,2023-05-30,9134
0056,元大高股息,212,64,148,群益金鼎-開元,2023-05-30,9134
2206,三陽工業,116,5,111,群益金鼎-開元,2023-05-30,9134
00882,中信中國高股息,77,0,77,群益金鼎-開元,2023-05-30,9134
00688L,國泰20年美債正2,85,17,68,群益金鼎-開元,2023-05-30,9134
2399,映泰,83,15,68,群益金鼎-開元,2023-05-30,9134
3481,群創,73,28,45,群益金鼎-開元,2023-05-30,9134
2610,華航,112,68,44,群益金鼎-開元,2023-05-30,9134
6015,宏遠證,40,0,40,群益金鼎-開元,2023-05-30,9134
5356,協益,35,0,35,群益金鼎-開元,2023-05-30,9134
2371,大同,46,12,34,群益金鼎-開元,2023-05-30,9134
3558,神準,37,4,33,群益金鼎-開元,2023-05-30,9134
2373,震旦行,30,0,30,群益金鼎-開元,2023-05-30,9134
3466,德晉,26,0,26,群益金鼎-開元,2023-05-30,9134
4130,健亞,24,0,24,群益金鼎-開元,2023-05-30,9134
1605,華新,65,41,24,群益金鼎-開元,2023-05-30,9134
2457,飛宏,32,11,21,群益金鼎-開元,2023-05-30,9134
1460,宏遠,21,0,21,群益金鼎-開元,2023-05-30,9134
2834,臺企銀,20,0,20,群益金鼎-開元,2023-05-30,9134
6215,和椿,21,1,20,群益金鼎-開元,2023-05-30,9134
2883,凱基金,20,0,20,群益金鼎-開元,2023-05-30,9134
6708,天擎,20,0,20,群益金鼎-開元,2023-05-30,9134
6488,環球晶,20,0,20,群益金鼎-開元,2023-05-30,9134
2332,友訊,21,3,18,群益金鼎-開元,2023-05-30,9134
5864,致和證,17,0,17,群益金鼎-開元,2023-05-30,9134
2606,裕民,18,1,17,群益金鼎-開元,2023-05-30,9134
00680L,元大美債20正2,18,1,17,群益金鼎-開元,2023-05-30,9134
6282,康舒,17,4,13,群益金鼎-開元,2023-05-30,9134
2421,建準,28,15,13,群益金鼎-開元,2023-05-30,9134
4164,承業醫,14,2,12,群益金鼎-開元,2023-05-30,9134
9933,中鼎,12,0,12,群益金鼎-開元,2023-05-30,9134
00679B,元大美債20年,15,4,11,群益金鼎-開元,2023-05-30,9134
2002,中鋼,12,1,11,群益金鼎-開元,2023-05-30,9134
3094,聯傑,16,5,11,群益金鼎-開元,2023-05-30,9134
2323,中環,11,0,11,群益金鼎-開元,2023-05-30,9134
3324,雙鴻,10,0,10,群益金鼎-開元,2023-05-30,9134
2548,華固,10,0,10,群益金鼎-開元,2023-05-30,9134
3380,明泰,10,0,10,群益金鼎-開元,2023-05-30,9134
2888,新光金,12,2,10,群益金鼎-開元,2023-05-30,9134
8249,菱光,10,0,10,群益金鼎-開元,2023-05-30,9134
00715L,期街口布蘭特正2,10,0,10,群益金鼎-開元,2023-05-30,9134
6244,茂迪,11,1,10,群益金鼎-開元,2023-05-30,9134
1762,中化生,10,0,10,群益金鼎-開元,2023-05-30,9134
2491,吉祥全,10,0,10,群益金鼎-開元,2023-05-30,9134
8349,�矬�,9,0,9,群益金鼎-開元,2023-05-30,9134
9907,統一實,10,1,9,群益金鼎-開元,2023-05-30,9134
3576,聯合再生,8,0,8,群益金鼎-開元,2023-05-30,9134
2442,新美齊,8,0,8,群益金鼎-開元,2023-05-30,9134
00715L,期街口布蘭特正2,128,0,128,群益金鼎-開元,2023-05-31,9134
2206,三陽工業,139,28,111,群益金鼎-開元,2023-05-31,9134
9919,康那香,130,30,100,群益金鼎-開元,2023-05-31,9134
2332,友訊,75,0,75,群益金鼎-開元,2023-05-31,9134
2890,永豐金,60,0,60,群益金鼎-開元,2023-05-31,9134
00882,中信中國高股息,57,7,50,群益金鼎-開元,2023-05-31,9134
2706,第一店,50,0,50,群益金鼎-開元,2023-05-31,9134
2105,正新,50,0,50,群益金鼎-開元,2023-05-31,9134
5356,協益,50,0,50,群益金鼎-開元,2023-05-31,9134
6015,宏遠證,40,0,40,群益金鼎-開元,2023-05-31,9134
3706,神達,49,10,39,群益金鼎-開元,2023-05-31,9134
3594,磐儀,32,3,29,群益金鼎-開元,2023-05-31,9134
00878,國泰永續高股息,29,2,27,群益金鼎-開元,2023-05-31,9134
2354,鴻準,20,0,20,群益金鼎-開元,2023-05-31,9134
1605,華新,20,0,20,群益金鼎-開元,2023-05-31,9134
3231,緯創,26,8,18,群益金鼎-開元,2023-05-31,9134
2382,廣達,28,10,18,群益金鼎-開元,2023-05-31,9134
5498,凱崴,20,2,18,群益金鼎-開元,2023-05-31,9134
00637L,元大滬深300正2,18,0,18,群益金鼎-開元,2023-05-31,9134
2609,陽明,19,2,17,群益金鼎-開元,2023-05-31,9134
00633L,富邦上証正2,16,0,16,群益金鼎-開元,2023-05-31,9134
9933,中鼎,17,1,16,群益金鼎-開元,2023-05-31,9134
2820,華票,15,0,15,群益金鼎-開元,2023-05-31,9134
2312,金寶,15,0,15,群益金鼎-開元,2023-05-31,9134
3265,台星科,21,6,15,群益金鼎-開元,2023-05-31,9134
3515,華擎,16,2,14,群益金鼎-開元,2023-05-31,9134
2201,裕隆,17,4,13,群益金鼎-開元,2023-05-31,9134
8927,北基,13,0,13,群益金鼎-開元,2023-05-31,9134
1504,東元,19,6,13,群益金鼎-開元,2023-05-31,9134
1210,大成,12,0,12,群益金鼎-開元,2023-05-31,9134
6223,旺矽,13,1,12,群益金鼎-開元,2023-05-31,9134
2313,華通,12,0,12,群益金鼎-開元,2023-05-31,9134
3293,鈊象,11,0,11,群益金鼎-開元,2023-05-31,9134
2834,臺企銀,11,0,11,群益金鼎-開元,2023-05-31,9134
8110,華東,11,0,11,群益金鼎-開元,2023-05-31,9134
00902,中信電池及儲能,11,0,11,群益金鼎-開元,2023-05-31,9134
00900,富邦特選高股息30,10,0,10,群益金鼎-開元,2023-05-31,9134
1513,中興電,14,4,10,群益金鼎-開元,2023-05-31,9134
5876,上海商銀,14,4,10,群益金鼎-開元,2023-05-31,9134
1789,神隆,10,0,10,群益金鼎-開元,2023-05-31,9134
3041,揚智,10,0,10,群益金鼎-開元,2023-05-31,9134
00751B,元大AAA至A公司債,10,0,10,群益金鼎-開元,2023-05-31,9134
6233,旺玖,10,0,10,群益金鼎-開元,2023-05-31,9134
6767,台微醫,10,0,10,群益金鼎-開元,2023-05-31,9134
8176,智捷,10,0,10,群益金鼎-開元,2023-05-31,9134
2449,京元電子,9,0,9,群益金鼎-開元,2023-05-31,9134
5302,太欣,10,1,9,群益金鼎-開元,2023-05-31,9134
6218,豪勉,9,0,9,群益金鼎-開元,2023-05-31,9134
3047,訊舟,10,2,8,群益金鼎-開元,2023-05-31,9134
5512,力麒,14,6,8,群益金鼎-開元,2023-05-31,9134
2323,中環,177,37,140,群益金鼎-開元,2023-06-01,9134
2515,中工,209,75,134,群益金鼎-開元,2023-06-01,9134
6282,康舒,122,30,92,群益金鼎-開元,2023-06-01,9134
2706,第一店,90,6,84,群益金鼎-開元,2023-06-01,9134
00715L,期街口布蘭特正2,92,10,82,群益金鼎-開元,2023-06-01,9134
2303,聯電,59,2,57,群益金鼎-開元,2023-06-01,9134
00882,中信中國高股息,47,8,39,群益金鼎-開元,2023-06-01,9134
3546,宇峻,42,4,38,群益金鼎-開元,2023-06-01,9134
2352,佳世達,49,11,38,群益金鼎-開元,2023-06-01,9134
2892,第一金,38,1,37,群益金鼎-開元,2023-06-01,9134
2881,富邦金,31,0,31,群益金鼎-開元,2023-06-01,9134
5356,協益,30,0,30,群益金鼎-開元,2023-06-01,9134
2312,金寶,46,16,30,群益金鼎-開元,2023-06-01,9134
2363,矽統,35,10,25,群益金鼎-開元,2023-06-01,9134
3362,先進光,36,15,21,群益金鼎-開元,2023-06-01,9134
1904,正隆,23,5,18,群益金鼎-開元,2023-06-01,9134
6125,廣運,17,1,16,群益金鼎-開元,2023-06-01,9134
5531,鄉林,40,24,16,群益金鼎-開元,2023-06-01,9134
6126,信音,20,5,15,群益金鼎-開元,2023-06-01,9134
00919,群益台灣精選高息,13,0,13,群益金鼎-開元,2023-06-01,9134
3260,威剛,14,2,12,群益金鼎-開元,2023-06-01,9134
2888,新光金,12,0,12,群益金鼎-開元,2023-06-01,9134
2606,裕民,12,0,12,群益金鼎-開元,2023-06-01,9134
2482,連宇,21,9,12,群益金鼎-開元,2023-06-01,9134
1608,華榮,12,1,11,群益金鼎-開元,2023-06-01,9134
2206,三陽工業,28,17,11,群益金鼎-開元,2023-06-01,9134
3059,華晶科,18,7,11,群益金鼎-開元,2023-06-01,9134
1303,南亞,11,0,11,群益金鼎-開元,2023-06-01,9134
4916,事欣科,17,6,11,群益金鼎-開元,2023-06-01,9134
2305,全友,10,0,10,群益金鼎-開元,2023-06-01,9134
6241,易通展,10,0,10,群益金鼎-開元,2023-06-01,9134
9945,潤泰新,10,0,10,群益金鼎-開元,2023-06-01,9134
2211,長榮鋼,10,0,10,群益金鼎-開元,2023-06-01,9134
9955,佳龍,10,0,10,群益金鼎-開元,2023-06-01,9134
3162,精確,11,1,10,群益金鼎-開元,2023-06-01,9134
2884,玉山金,11,1,10,群益金鼎-開元,2023-06-01,9134
1101,台泥,10,0,10,群益金鼎-開元,2023-06-01,9134
00753L,中信中國50正2,10,0,10,群益金鼎-開元,2023-06-01,9134
2409,友達,10,0,10,群益金鼎-開元,2023-06-01,9134
2371,大同,16,7,9,群益金鼎-開元,2023-06-01,9134
2739,寒舍,10,1,9,群益金鼎-開元,2023-06-01,9134
5013,強新,9,0,9,群益金鼎-開元,2023-06-01,9134
00650L,復華香港正2,9,0,9,群益金鼎-開元,2023-06-01,9134
2356,英業達,15,6,9,群益金鼎-開元,2023-06-01,9134
3022,威強電,27,18,9,群益金鼎-開元,2023-06-01,9134
2609,陽明,10,1,9,群益金鼎-開元,2023-06-01,9134
1752,南光,9,0,9,群益金鼎-開元,2023-06-01,9134
3706,神達,42,33,9,群益金鼎-開元,2023-06-01,9134
5243,乙盛-KY,10,2,8,群益金鼎-開元,2023-06-01,9134
1701,中化,8,0,8,群益金鼎-開元,2023-06-01,9134
2610,華航,177,16,161,群益金鼎-開元,2023-06-02,9134
2618,長榮航,186,67,119,群益金鼎-開元,2023-06-02,9134
9919,康那香,110,12,98,群益金鼎-開元,2023-06-02,9134
00919,群益台灣精選高息,75,5,70,群益金鼎-開元,2023-06-02,9134
00632R,元大台灣50反1,67,0,67,群益金鼎-開元,2023-06-02,9134
5356,協益,50,0,50,群益金鼎-開元,2023-06-02,9134
2489,瑞軒,70,31,39,群益金鼎-開元,2023-06-02,9134
00892,富邦台灣半導體,50,12,38,群益金鼎-開元,2023-06-02,9134
3704,合勤控,43,8,35,群益金鼎-開元,2023-06-02,9134
3231,緯創,96,67,29,群益金鼎-開元,2023-06-02,9134
2305,全友,26,0,26,群益金鼎-開元,2023-06-02,9134
6139,亞翔,27,1,26,群益金鼎-開元,2023-06-02,9134
6126,信音,25,0,25,群益金鼎-開元,2023-06-02,9134
4564,元翎,29,5,24,群益金鼎-開元,2023-06-02,9134
6182,合晶,26,2,24,群益金鼎-開元,2023-06-02,9134
3715,定穎投控,24,1,23,群益金鼎-開元,2023-06-02,9134
8088,品安,21,0,21,群益金鼎-開元,2023-06-02,9134
2867,三商壽,21,0,21,群益金鼎-開元,2023-06-02,9134
6215,和椿,20,0,20,群益金鼎-開元,2023-06-02,9134
4994,傳奇,20,0,20,群益金鼎-開元,2023-06-02,9134
2356,英業達,29,10,19,群益金鼎-開元,2023-06-02,9134
00715L,期街口布蘭特正2,80,61,19,群益金鼎-開元,2023-06-02,9134
00882,中信中國高股息,18,0,18,群益金鼎-開元,2023-06-02,9134
1806,冠軍,20,2,18,群益金鼎-開元,2023-06-02,9134
2468,華經,17,0,17,群益金鼎-開元,2023-06-02,9134
4915,致伸,17,0,17,群益金鼎-開元,2023-06-02,9134
2377,微星,17,1,16,群益金鼎-開元,2023-06-02,9134
00713,元大台灣高息低波,16,1,15,群益金鼎-開元,2023-06-02,9134
2363,矽統,15,0,15,群益金鼎-開元,2023-06-02,9134
6016,康和證,13,0,13,群益金鼎-開元,2023-06-02,9134
2208,台船,14,1,13,群益金鼎-開元,2023-06-02,9134
1615,大山,12,0,12,群益金鼎-開元,2023-06-02,9134
2206,三陽工業,30,18,12,群益金鼎-開元,2023-06-02,9134
2313,華通,13,1,12,群益金鼎-開元,2023-06-02,9134
6274,台燿,17,5,12,群益金鼎-開元,2023-06-02,9134
8234,新漢,13,1,12,群益金鼎-開元,2023-06-02,9134
3265,台星科,16,5,11,群益金鼎-開元,2023-06-02,9134
2371,大同,16,5,11,群益金鼎-開元,2023-06-02,9134
3548,兆利,11,0,11,群益金鼎-開元,2023-06-02,9134
6269,台郡,11,0,11,群益金鼎-開元,2023-06-02,9134
4979,華星光,66,55,11,群益金鼎-開元,2023-06-02,9134
6180,橘子,11,1,10,群益金鼎-開元,2023-06-02,9134
2809,京城銀,10,0,10,群益金鼎-開元,2023-06-02,9134
1711,永光,10,0,10,群益金鼎-開元,2023-06-02,9134
8940,新天地,10,0,10,群益金鼎-開元,2023-06-02,9134
2501,國建,10,0,10,群益金鼎-開元,2023-06-02,9134
2645,長榮航太,14,4,10,群益金鼎-開元,2023-06-02,9134
8936,國統,13,3,10,群益金鼎-開元,2023-06-02,9134
00676R,富邦臺灣加權反1,10,0,10,群益金鼎-開元,2023-06-02,9134
3114,好德,10,0,10,群益金鼎-開元,2023-06-02,9134
2353,宏��,95,3,92,群益金鼎-開元,2023-06-05,9134
5356,協益,70,0,70,群益金鼎-開元,2023-06-05,9134
00919,群益台灣精選高息,63,0,63,群益金鼎-開元,2023-06-05,9134
6282,康舒,94,36,58,群益金鼎-開元,2023-06-05,9134
2489,瑞軒,70,13,57,群益金鼎-開元,2023-06-05,9134
00679B,元大美債20年,55,0,55,群益金鼎-開元,2023-06-05,9134
2618,長榮航,84,36,48,群益金鼎-開元,2023-06-05,9134
2867,三商壽,50,2,48,群益金鼎-開元,2023-06-05,9134
2312,金寶,40,2,38,群益金鼎-開元,2023-06-05,9134
9945,潤泰新,54,17,37,群益金鼎-開元,2023-06-05,9134
00687B,國泰20年美債,33,0,33,群益金鼎-開元,2023-06-05,9134
00923,群益台ESG低碳50,79,50,29,群益金鼎-開元,2023-06-05,9134
00712,復華富時不動產,38,11,27,群益金鼎-開元,2023-06-05,9134
1312,國喬,26,1,25,群益金鼎-開元,2023-06-05,9134
2609,陽明,23,0,23,群益金鼎-開元,2023-06-05,9134
1815,富喬,24,1,23,群益金鼎-開元,2023-06-05,9134
1514,亞力,51,30,21,群益金鼎-開元,2023-06-05,9134
8936,國統,21,0,21,群益金鼎-開元,2023-06-05,9134
1714,和桐,21,0,21,群益金鼎-開元,2023-06-05,9134
9908,大台北,21,0,21,群益金鼎-開元,2023-06-05,9134
3546,宇峻,22,2,20,群益金鼎-開元,2023-06-05,9134
9919,康那香,28,8,20,群益金鼎-開元,2023-06-05,9134
00639,富邦深100,20,0,20,群益金鼎-開元,2023-06-05,9134
1303,南亞,20,1,19,群益金鼎-開元,2023-06-05,9134
00720B,元大投資級公司債,21,2,19,群益金鼎-開元,2023-06-05,9134
6005,群益證,21,2,19,群益金鼎-開元,2023-06-05,9134
2371,大同,27,8,19,群益金鼎-開元,2023-06-05,9134
2884,玉山金,20,1,19,群益金鼎-開元,2023-06-05,9134
6187,萬潤,34,15,19,群益金鼎-開元,2023-06-05,9134
2303,聯電,18,0,18,群益金鼎-開元,2023-06-05,9134
2313,華通,20,2,18,群益金鼎-開元,2023-06-05,9134
1268,漢來美食,16,0,16,群益金鼎-開元,2023-06-05,9134
3532,台勝科,17,3,14,群益金鼎-開元,2023-06-05,9134
2885,元大金,20,6,14,群益金鼎-開元,2023-06-05,9134
00680L,元大美債20正2,14,0,14,群益金鼎-開元,2023-06-05,9134
2349,錸德,16,2,14,群益金鼎-開元,2023-06-05,9134
8440,綠電,18,5,13,群益金鼎-開元,2023-06-05,9134
3707,漢磊,15,2,13,群益金鼎-開元,2023-06-05,9134
1609,大亞,57,44,13,群益金鼎-開元,2023-06-05,9134
4533,協易機,12,0,12,群益金鼎-開元,2023-06-05,9134
2424,隴華,12,0,12,群益金鼎-開元,2023-06-05,9134
6143,振曜,16,4,12,群益金鼎-開元,2023-06-05,9134
2645,長榮航太,11,0,11,群益金鼎-開元,2023-06-05,9134
00636,國泰中國A50,10,0,10,群益金鼎-開元,2023-06-05,9134
2528,皇普,10,0,10,群益金鼎-開元,2023-06-05,9134
2809,京城銀,10,0,10,群益金鼎-開元,2023-06-05,9134
9955,佳龍,10,0,10,群益金鼎-開元,2023-06-05,9134
1417,嘉裕,10,0,10,群益金鼎-開元,2023-06-05,9134
4977,眾達-KY,12,2,10,群益金鼎-開元,2023-06-05,9134
3594,磐儀,12,2,10,群益金鼎-開元,2023-06-05,9134
00632R,元大台灣50反1,476,0,476,群益金鼎-開元,2023-06-06,9134
2399,映泰,102,19,83,群益金鼎-開元,2023-06-06,9134
6005,群益證,80,2,78,群益金鼎-開元,2023-06-06,9134
1319,東陽,76,5,71,群益金鼎-開元,2023-06-06,9134
6125,廣運,69,3,66,群益金鼎-開元,2023-06-06,9134
1528,恩德,56,0,56,群益金鼎-開元,2023-06-06,9134
6116,彩晶,86,39,47,群益金鼎-開元,2023-06-06,9134
6026,福邦證,43,0,43,群益金鼎-開元,2023-06-06,9134
00919,群益台灣精選高息,36,0,36,群益金鼎-開元,2023-06-06,9134
5864,致和證,55,19,36,群益金鼎-開元,2023-06-06,9134
2371,大同,25,3,22,群益金鼎-開元,2023-06-06,9134
00720B,元大投資級公司債,22,0,22,群益金鼎-開元,2023-06-06,9134
6446,藥華藥,33,12,21,群益金鼎-開元,2023-06-06,9134
5356,協益,20,0,20,群益金鼎-開元,2023-06-06,9134
6187,萬潤,33,14,19,群益金鼎-開元,2023-06-06,9134
2402,毅嘉,75,56,19,群益金鼎-開元,2023-06-06,9134
00679B,元大美債20年,18,0,18,群益金鼎-開元,2023-06-06,9134
8088,品安,24,8,16,群益金鼎-開元,2023-06-06,9134
2498,宏達電,35,20,15,群益金鼎-開元,2023-06-06,9134
3047,訊舟,18,3,15,群益金鼎-開元,2023-06-06,9134
3707,漢磊,14,0,14,群益金鼎-開元,2023-06-06,9134
2303,聯電,13,0,13,群益金鼎-開元,2023-06-06,9134
4906,正文,23,10,13,群益金鼎-開元,2023-06-06,9134
1905,華紙,57,44,13,群益金鼎-開元,2023-06-06,9134
3078,僑威,38,25,13,群益金鼎-開元,2023-06-06,9134
4541,晟田,14,1,13,群益金鼎-開元,2023-06-06,9134
00713,元大台灣高息低波,12,0,12,群益金鼎-開元,2023-06-06,9134
6111,大宇資,16,4,12,群益金鼎-開元,2023-06-06,9134
5388,中磊,13,1,12,群益金鼎-開元,2023-06-06,9134
4533,協易機,15,4,11,群益金鼎-開元,2023-06-06,9134
2888,新光金,32,21,11,群益金鼎-開元,2023-06-06,9134
8222,寶一,32,22,10,群益金鼎-開元,2023-06-06,9134
2812,台中銀,10,0,10,群益金鼎-開元,2023-06-06,9134
3293,鈊象,10,0,10,群益金鼎-開元,2023-06-06,9134
4126,太醫,10,0,10,群益金鼎-開元,2023-06-06,9134
2482,連宇,11,1,10,群益金鼎-開元,2023-06-06,9134
2929,淘帝-KY,10,0,10,群益金鼎-開元,2023-06-06,9134
00891,中信關鍵半導體,10,0,10,群益金鼎-開元,2023-06-06,9134
8255,朋程,12,2,10,群益金鼎-開元,2023-06-06,9134
1809,中釉,10,0,10,群益金鼎-開元,2023-06-06,9134
4931,新盛力,15,6,9,群益金鼎-開元,2023-06-06,9134
6161,捷波,9,0,9,群益金鼎-開元,2023-06-06,9134
1308,亞聚,9,0,9,群益金鼎-開元,2023-06-06,9134
3362,先進光,12,3,9,群益金鼎-開元,2023-06-06,9134
2461,光群雷,10,1,9,群益金鼎-開元,2023-06-06,9134
1314,中石化,31,23,8,群益金鼎-開元,2023-06-06,9134
2913,農林,11,3,8,群益金鼎-開元,2023-06-06,9134
6112,邁達特,8,1,7,群益金鼎-開元,2023-06-06,9134
2425,承啟,56,49,7,群益金鼎-開元,2023-06-06,9134
00712,復華富時不動產,7,0,7,群益金鼎-開元,2023-06-06,9134
2610,華航,237,26,211,群益金鼎-開元,2023-06-07,9134
2618,長榮航,145,16,129,群益金鼎-開元,2023-06-07,9134
6187,萬潤,98,62,36,群益金鼎-開元,2023-06-07,9134
4123,晟德,43,10,33,群益金鼎-開元,2023-06-07,9134
1319,東陽,32,0,32,群益金鼎-開元,2023-06-07,9134
5009,榮剛,27,3,24,群益金鼎-開元,2023-06-07,9134
5531,鄉林,75,52,23,群益金鼎-開元,2023-06-07,9134
2457,飛宏,31,8,23,群益金鼎-開元,2023-06-07,9134
4564,元翎,27,5,22,群益金鼎-開元,2023-06-07,9134
2515,中工,112,90,22,群益金鼎-開元,2023-06-07,9134
00919,群益台灣精選高息,21,1,20,群益金鼎-開元,2023-06-07,9134
00676R,富邦臺灣加權反1,20,0,20,群益金鼎-開元,2023-06-07,9134
2731,雄獅,37,17,20,群益金鼎-開元,2023-06-07,9134
2888,新光金,44,25,19,群益金鼎-開元,2023-06-07,9134
1528,恩德,23,4,19,群益金鼎-開元,2023-06-07,9134
4503,金雨,20,2,18,群益金鼎-開元,2023-06-07,9134
1806,冠軍,20,2,18,群益金鼎-開元,2023-06-07,9134
1321,大洋,16,0,16,群益金鼎-開元,2023-06-07,9134
2489,瑞軒,17,2,15,群益金鼎-開元,2023-06-07,9134
3704,合勤控,13,0,13,群益金鼎-開元,2023-06-07,9134
00927,群益半導體收益,203,190,13,群益金鼎-開元,2023-06-07,9134
4953,緯軟,13,1,12,群益金鼎-開元,2023-06-07,9134
2353,宏��,16,4,12,群益金鼎-開元,2023-06-07,9134
2504,國產,14,2,12,群益金鼎-開元,2023-06-07,9134
9110,越南控-DR,12,0,12,群益金鼎-開元,2023-06-07,9134
00923,群益台ESG低碳50,16,5,11,群益金鼎-開元,2023-06-07,9134
6234,高僑,10,0,10,群益金鼎-開元,2023-06-07,9134
1905,華紙,21,11,10,群益金鼎-開元,2023-06-07,9134
3576,聯合再生,10,0,10,群益金鼎-開元,2023-06-07,9134
00639,富邦深100,10,0,10,群益金鼎-開元,2023-06-07,9134
5356,協益,10,0,10,群益金鼎-開元,2023-06-07,9134
2356,英業達,14,4,10,群益金鼎-開元,2023-06-07,9134
6118,建達,11,1,10,群益金鼎-開元,2023-06-07,9134
3231,緯創,31,21,10,群益金鼎-開元,2023-06-07,9134
4938,和碩,11,1,10,群益金鼎-開元,2023-06-07,9134
6116,彩晶,10,1,9,群益金鼎-開元,2023-06-07,9134
5013,強新,9,0,9,群益金鼎-開元,2023-06-07,9134
2634,漢翔,13,4,9,群益金鼎-開元,2023-06-07,9134
8222,寶一,19,10,9,群益金鼎-開元,2023-06-07,9134
3232,昱捷,10,2,8,群益金鼎-開元,2023-06-07,9134
6719,力智,8,0,8,群益金鼎-開元,2023-06-07,9134
00885,富邦越南,9,1,8,群益金鼎-開元,2023-06-07,9134
4160,訊聯基因,8,0,8,群益金鼎-開元,2023-06-07,9134
1802,台玻,8,0,8,群益金鼎-開元,2023-06-07,9134
3673,TPK-KY,7,0,7,群益金鼎-開元,2023-06-07,9134
9945,潤泰新,7,0,7,群益金鼎-開元,2023-06-07,9134
3211,順達,7,0,7,群益金鼎-開元,2023-06-07,9134
2468,華經,8,1,7,群益金鼎-開元,2023-06-07,9134
2915,潤泰全,8,1,7,群益金鼎-開元,2023-06-07,9134
4190,佐登-KY,8,1,7,群益金鼎-開元,2023-06-07,9134
2409,友達,210,14,196,群益金鼎-開元,2023-06-08,9134
3037,欣興,124,9,115,群益金鼎-開元,2023-06-08,9134
9919,康那香,111,10,101,群益金鼎-開元,2023-06-08,9134
6282,康舒,99,6,93,群益金鼎-開元,2023-06-08,9134
2332,友訊,83,3,80,群益金鼎-開元,2023-06-08,9134
00919,群益台灣精選高息,70,1,69,群益金鼎-開元,2023-06-08,9134
1340,勝悅-KY,51,0,51,群益金鼎-開元,2023-06-08,9134
2892,第一金,50,0,50,群益金鼎-開元,2023-06-08,9134
3481,群創,54,5,49,群益金鼎-開元,2023-06-08,9134
5531,鄉林,48,4,44,群益金鼎-開元,2023-06-08,9134
00720B,元大投資級公司債,31,0,31,群益金鼎-開元,2023-06-08,9134
5356,協益,30,0,30,群益金鼎-開元,2023-06-08,9134
4564,元翎,30,0,30,群益金鼎-開元,2023-06-08,9134
6139,亞翔,92,63,29,群益金鼎-開元,2023-06-08,9134
5302,太欣,30,1,29,群益金鼎-開元,2023-06-08,9134
00680L,元大美債20正2,28,0,28,群益金鼎-開元,2023-06-08,9134
1504,東元,27,2,25,群益金鼎-開元,2023-06-08,9134
3260,威剛,25,0,25,群益金鼎-開元,2023-06-08,9134
00772B,中信高評級公司債,24,0,24,群益金鼎-開元,2023-06-08,9134
5864,致和證,24,0,24,群益金鼎-開元,2023-06-08,9134
8222,寶一,89,66,23,群益金鼎-開元,2023-06-08,9134
1444,力麗,22,0,22,群益金鼎-開元,2023-06-08,9134
2382,廣達,28,6,22,群益金鼎-開元,2023-06-08,9134
00882,中信中國高股息,21,0,21,群益金鼎-開元,2023-06-08,9134
2344,華邦電,25,5,20,群益金鼎-開元,2023-06-08,9134
00688L,國泰20年美債正2,20,0,20,群益金鼎-開元,2023-06-08,9134
00632R,元大台灣50反1,20,0,20,群益金鼎-開元,2023-06-08,9134
2618,長榮航,50,30,20,群益金鼎-開元,2023-06-08,9134
3189,景碩,22,2,20,群益金鼎-開元,2023-06-08,9134
2601,益航,29,10,19,群益金鼎-開元,2023-06-08,9134
2701,萬企,18,0,18,群益金鼎-開元,2023-06-08,9134
00679B,元大美債20年,18,0,18,群益金鼎-開元,2023-06-08,9134
00713,元大台灣高息低波,18,1,17,群益金鼎-開元,2023-06-08,9134
1605,華新,24,7,17,群益金鼎-開元,2023-06-08,9134
4960,誠美材,22,5,17,群益金鼎-開元,2023-06-08,9134
00927,群益半導體收益,31,15,16,群益金鼎-開元,2023-06-08,9134
3047,訊舟,15,0,15,群益金鼎-開元,2023-06-08,9134
8011,台通,24,9,15,群益金鼎-開元,2023-06-08,9134
3576,聯合再生,17,3,14,群益金鼎-開元,2023-06-08,9134
00922,國泰台灣領袖50,14,0,14,群益金鼎-開元,2023-06-08,9134
3713,新晶投控,14,0,14,群益金鼎-開元,2023-06-08,9134
6290,良維,14,0,14,群益金鼎-開元,2023-06-08,9134
2634,漢翔,28,15,13,群益金鼎-開元,2023-06-08,9134
4164,承業醫,21,8,13,群益金鼎-開元,2023-06-08,9134
4770,上品,14,1,13,群益金鼎-開元,2023-06-08,9134
2424,隴華,14,1,13,群益金鼎-開元,2023-06-08,9134
2399,映泰,13,2,11,群益金鼎-開元,2023-06-08,9134
6233,旺玖,11,0,11,群益金鼎-開元,2023-06-08,9134
6198,瑞築,11,0,11,群益金鼎-開元,2023-06-08,9134
00696B,富邦美債20年,11,0,11,群益金鼎-開元,2023-06-08,9134
2206,三陽工業,272,10,262,群益金鼎-開元,2023-06-09,9134
6005,群益證,201,0,201,群益金鼎-開元,2023-06-09,9134
00715L,期街口布蘭特正2,91,20,71,群益金鼎-開元,2023-06-09,9134
6026,福邦證,56,1,55,群益金鼎-開元,2023-06-09,9134
2104,國際中橡,50,0,50,群益金鼎-開元,2023-06-09,9134
2731,雄獅,32,1,31,群益金鼎-開元,2023-06-09,9134
2497,怡利電,32,1,31,群益金鼎-開元,2023-06-09,9134
3481,群創,57,28,29,群益金鼎-開元,2023-06-09,9134
3380,明泰,22,0,22,群益金鼎-開元,2023-06-09,9134
1321,大洋,21,0,21,群益金鼎-開元,2023-06-09,9134
1444,力麗,20,0,20,群益金鼎-開元,2023-06-09,9134
5531,鄉林,55,35,20,群益金鼎-開元,2023-06-09,9134
3704,合勤控,20,0,20,群益金鼎-開元,2023-06-09,9134
9943,好樂迪,20,0,20,群益金鼎-開元,2023-06-09,9134
1609,大亞,65,46,19,群益金鼎-開元,2023-06-09,9134
8155,博智,19,0,19,群益金鼎-開元,2023-06-09,9134
5475,德宏,23,5,18,群益金鼎-開元,2023-06-09,9134
2885,元大金,19,1,18,群益金鼎-開元,2023-06-09,9134
9958,世紀鋼,18,1,17,群益金鼎-開元,2023-06-09,9134
1710,東聯,24,7,17,群益金鼎-開元,2023-06-09,9134
2399,映泰,22,6,16,群益金鼎-開元,2023-06-09,9134
2542,興富發,15,0,15,群益金鼎-開元,2023-06-09,9134
1533,車王電,19,4,15,群益金鼎-開元,2023-06-09,9134
1608,華榮,20,6,14,群益金鼎-開元,2023-06-09,9134
2421,建準,20,6,14,群益金鼎-開元,2023-06-09,9134
6016,康和證,14,0,14,群益金鼎-開元,2023-06-09,9134
5243,乙盛-KY,34,20,14,群益金鼎-開元,2023-06-09,9134
00919,群益台灣精選高息,17,4,13,群益金鼎-開元,2023-06-09,9134
3234,光環,13,0,13,群益金鼎-開元,2023-06-09,9134
3713,新晶投控,13,0,13,群益金鼎-開元,2023-06-09,9134
2913,農林,16,3,13,群益金鼎-開元,2023-06-09,9134
2882,國泰金,15,2,13,群益金鼎-開元,2023-06-09,9134
1709,和益,15,3,12,群益金鼎-開元,2023-06-09,9134
2009,第一銅,12,0,12,群益金鼎-開元,2023-06-09,9134
3265,台星科,16,5,11,群益金鼎-開元,2023-06-09,9134
1513,中興電,19,9,10,群益金鼎-開元,2023-06-09,9134
1612,宏泰,11,1,10,群益金鼎-開元,2023-06-09,9134
2801,彰銀,10,0,10,群益金鼎-開元,2023-06-09,9134
1314,中石化,12,2,10,群益金鼎-開元,2023-06-09,9134
4754,國碳科,10,0,10,群益金鼎-開元,2023-06-09,9134
1217,愛之味,20,10,10,群益金鼎-開元,2023-06-09,9134
8085,福華,11,1,10,群益金鼎-開元,2023-06-09,9134
5488,松普,10,0,10,群益金鼎-開元,2023-06-09,9134
6194,育富,10,0,10,群益金鼎-開元,2023-06-09,9134
8076,伍豐,10,0,10,群益金鼎-開元,2023-06-09,9134
6523,達爾膚,10,0,10,群益金鼎-開元,2023-06-09,9134
9105,泰金寶-DR,10,0,10,群益金鼎-開元,2023-06-09,9134
3231,緯創,53,43,10,群益金鼎-開元,2023-06-09,9134
2323,中環,14,5,9,群益金鼎-開元,2023-06-09,9134
4919,新唐,9,0,9,群益金鼎-開元,2023-06-09,9134
00715L,期街口布蘭特正2,186,60,126,群益金鼎-開元,2023-06-12,9134
8936,國統,105,1,104,群益金鼎-開元,2023-06-12,9134
2206,三陽工業,103,12,91,群益金鼎-開元,2023-06-12,9134
1522,堤維西,81,11,70,群益金鼎-開元,2023-06-12,9134
2705,六福,64,0,64,群益金鼎-開元,2023-06-12,9134
3218,大學光,60,0,60,群益金鼎-開元,2023-06-12,9134
3231,緯創,80,26,54,群益金鼎-開元,2023-06-12,9134
2888,新光金,182,130,52,群益金鼎-開元,2023-06-12,9134
2929,淘帝-KY,51,1,50,群益金鼎-開元,2023-06-12,9134
3481,群創,56,7,49,群益金鼎-開元,2023-06-12,9134
1710,東聯,51,2,49,群益金鼎-開元,2023-06-12,9134
00919,群益台灣精選高息,50,1,49,群益金鼎-開元,2023-06-12,9134
00929,復華台灣科技優息,47,0,47,群益金鼎-開元,2023-06-12,9134
2107,厚生,31,0,31,群益金鼎-開元,2023-06-12,9134
5243,乙盛-KY,30,0,30,群益金鼎-開元,2023-06-12,9134
5439,高技,40,10,30,群益金鼎-開元,2023-06-12,9134
3374,精材,40,10,30,群益金鼎-開元,2023-06-12,9134
5356,協益,30,0,30,群益金鼎-開元,2023-06-12,9134
00878,國泰永續高股息,41,11,30,群益金鼎-開元,2023-06-12,9134
2332,友訊,39,10,29,群益金鼎-開元,2023-06-12,9134
2377,微星,27,1,26,群益金鼎-開元,2023-06-12,9134
6143,振曜,25,1,24,群益金鼎-開元,2023-06-12,9134
2882,國泰金,26,2,24,群益金鼎-開元,2023-06-12,9134
2302,麗正,24,0,24,群益金鼎-開元,2023-06-12,9134
2609,陽明,35,13,22,群益金鼎-開元,2023-06-12,9134
2457,飛宏,26,5,21,群益金鼎-開元,2023-06-12,9134
1215,卜蜂,20,0,20,群益金鼎-開元,2023-06-12,9134
9933,中鼎,20,0,20,群益金鼎-開元,2023-06-12,9134
1217,愛之味,20,0,20,群益金鼎-開元,2023-06-12,9134
2884,玉山金,20,2,18,群益金鼎-開元,2023-06-12,9134
1319,東陽,20,3,17,群益金鼎-開元,2023-06-12,9134
9110,越南控-DR,16,0,16,群益金鼎-開元,2023-06-12,9134
6168,宏齊,16,0,16,群益金鼎-開元,2023-06-12,9134
2706,第一店,15,0,15,群益金鼎-開元,2023-06-12,9134
9924,福興,14,0,14,群益金鼎-開元,2023-06-12,9134
3027,盛達,21,7,14,群益金鼎-開元,2023-06-12,9134
1815,富喬,14,0,14,群益金鼎-開元,2023-06-12,9134
2748,雲品,14,0,14,群益金鼎-開元,2023-06-12,9134
6126,信音,30,16,14,群益金鼎-開元,2023-06-12,9134
5425,台半,22,10,12,群益金鼎-開元,2023-06-12,9134
9908,大台北,12,0,12,群益金鼎-開元,2023-06-12,9134
5864,致和證,12,0,12,群益金鼎-開元,2023-06-12,9134
5465,富驊,23,11,12,群益金鼎-開元,2023-06-12,9134
2356,英業達,20,8,12,群益金鼎-開元,2023-06-12,9134
3043,科風,11,0,11,群益金鼎-開元,2023-06-12,9134
9945,潤泰新,11,0,11,群益金鼎-開元,2023-06-12,9134
2382,廣達,24,13,11,群益金鼎-開元,2023-06-12,9134
2363,矽統,11,1,10,群益金鼎-開元,2023-06-12,9134
6116,彩晶,10,0,10,群益金鼎-開元,2023-06-12,9134
00676R,富邦臺灣加權反1,10,0,10,群益金鼎-開元,2023-06-12,9134
00715L,期街口布蘭特正2,158,0,158,群益金鼎-開元,2023-06-13,9134
2888,新光金,145,52,93,群益金鼎-開元,2023-06-13,9134
00632R,元大台灣50反1,89,20,69,群益金鼎-開元,2023-06-13,9134
1605,華新,57,1,56,群益金鼎-開元,2023-06-13,9134
00919,群益台灣精選高息,58,7,51,群益金鼎-開元,2023-06-13,9134
9919,康那香,50,0,50,群益金鼎-開元,2023-06-13,9134
2880,華南金,50,0,50,群益金鼎-開元,2023-06-13,9134
2884,玉山金,50,2,48,群益金鼎-開元,2023-06-13,9134
2515,中工,117,75,42,群益金鼎-開元,2023-06-13,9134
9933,中鼎,42,0,42,群益金鼎-開元,2023-06-13,9134
4510,高鋒,40,0,40,群益金鼎-開元,2023-06-13,9134
5426,振發,31,0,31,群益金鼎-開元,2023-06-13,9134
2883,凱基金,31,0,31,群益金鼎-開元,2023-06-13,9134
6194,育富,30,0,30,群益金鼎-開元,2023-06-13,9134
3289,宜特,35,5,30,群益金鼎-開元,2023-06-13,9134
2881,富邦金,30,1,29,群益金鼎-開元,2023-06-13,9134
2890,永豐金,32,7,25,群益金鼎-開元,2023-06-13,9134
4533,協易機,82,57,25,群益金鼎-開元,2023-06-13,9134
00671R,富邦NASDAQ反1,25,0,25,群益金鼎-開元,2023-06-13,9134
9924,福興,25,2,23,群益金鼎-開元,2023-06-13,9134
8050,廣積,35,13,22,群益金鼎-開元,2023-06-13,9134
1711,永光,22,1,21,群益金鼎-開元,2023-06-13,9134
00676R,富邦臺灣加權反1,20,0,20,群益金鼎-開元,2023-06-13,9134
00688L,國泰20年美債正2,20,0,20,群益金鼎-開元,2023-06-13,9134
00680L,元大美債20正2,20,0,20,群益金鼎-開元,2023-06-13,9134
5706,鳳凰,23,3,20,群益金鼎-開元,2023-06-13,9134
00895,富邦未來車,20,1,19,群益金鼎-開元,2023-06-13,9134
3013,晟銘電,18,0,18,群益金鼎-開元,2023-06-13,9134
2609,陽明,38,20,18,群益金鼎-開元,2023-06-13,9134
2353,宏��,27,11,16,群益金鼎-開元,2023-06-13,9134
1609,大亞,35,20,15,群益金鼎-開元,2023-06-13,9134
00927,群益半導體收益,27,12,15,群益金鼎-開元,2023-06-13,9134
5356,協益,15,0,15,群益金鼎-開元,2023-06-13,9134
2497,怡利電,14,0,14,群益金鼎-開元,2023-06-13,9134
2364,倫飛,13,0,13,群益金鼎-開元,2023-06-13,9134
2349,錸德,13,0,13,群益金鼎-開元,2023-06-13,9134
4915,致伸,13,0,13,群益金鼎-開元,2023-06-13,9134
2457,飛宏,36,24,12,群益金鼎-開元,2023-06-13,9134
5871,中租-KY,14,2,12,群益金鼎-開元,2023-06-13,9134
6188,廣明,12,1,11,群益金鼎-開元,2023-06-13,9134
3356,奇偶,14,3,11,群益金鼎-開元,2023-06-13,9134
8936,國統,11,0,11,群益金鼎-開元,2023-06-13,9134
6125,廣運,31,20,11,群益金鼎-開元,2023-06-13,9134
3481,群創,14,3,11,群益金鼎-開元,2023-06-13,9134
3306,鼎天,10,0,10,群益金鼎-開元,2023-06-13,9134
3041,揚智,10,0,10,群益金鼎-開元,2023-06-13,9134
8064,東捷,10,0,10,群益金鼎-開元,2023-06-13,9134
2820,華票,10,0,10,群益金鼎-開元,2023-06-13,9134
2409,友達,15,5,10,群益金鼎-開元,2023-06-13,9134
8213,志超,10,0,10,群益金鼎-開元,2023-06-13,9134
2888,新光金,265,34,231,群益金鼎-開元,2023-06-14,9134
00637L,元大滬深300正2,101,45,56,群益金鼎-開元,2023-06-14,9134
6125,廣運,66,14,52,群益金鼎-開元,2023-06-14,9134
1609,大亞,89,41,48,群益金鼎-開元,2023-06-14,9134
3356,奇偶,60,16,44,群益金鼎-開元,2023-06-14,9134
2515,中工,63,20,43,群益金鼎-開元,2023-06-14,9134
00919,群益台灣精選高息,42,0,42,群益金鼎-開元,2023-06-14,9134
5434,崇越,40,0,40,群益金鼎-開元,2023-06-14,9134
3038,全台,40,1,39,群益金鼎-開元,2023-06-14,9134
4967,十銓,39,3,36,群益金鼎-開元,2023-06-14,9134
2356,英業達,117,81,36,群益金鼎-開元,2023-06-14,9134
5356,協益,34,0,34,群益金鼎-開元,2023-06-14,9134
2382,廣達,27,2,25,群益金鼎-開元,2023-06-14,9134
2363,矽統,27,5,22,群益金鼎-開元,2023-06-14,9134
2906,高林,20,0,20,群益金鼎-開元,2023-06-14,9134
4190,佐登-KY,24,4,20,群益金鼎-開元,2023-06-14,9134
3576,聯合再生,21,1,20,群益金鼎-開元,2023-06-14,9134
3032,偉訓,16,1,15,群益金鼎-開元,2023-06-14,9134
00632R,元大台灣50反1,15,0,15,群益金鼎-開元,2023-06-14,9134
3033,威健,29,14,15,群益金鼎-開元,2023-06-14,9134
5009,榮剛,15,0,15,群益金鼎-開元,2023-06-14,9134
3260,威剛,29,15,14,群益金鼎-開元,2023-06-14,9134
00927,群益半導體收益,17,3,14,群益金鼎-開元,2023-06-14,9134
4755,三福化,16,2,14,群益金鼎-開元,2023-06-14,9134
00679B,元大美債20年,13,0,13,群益金鼎-開元,2023-06-14,9134
4994,傳奇,13,0,13,群益金鼎-開元,2023-06-14,9134
6026,福邦證,15,2,13,群益金鼎-開元,2023-06-14,9134
6282,康舒,23,10,13,群益金鼎-開元,2023-06-14,9134
3454,晶睿,19,6,13,群益金鼎-開元,2023-06-14,9134
00902,中信電池及儲能,12,0,12,群益金鼎-開元,2023-06-14,9134
1605,華新,12,0,12,群益金鼎-開元,2023-06-14,9134
3094,聯傑,12,0,12,群益金鼎-開元,2023-06-14,9134
4510,高鋒,28,17,11,群益金鼎-開元,2023-06-14,9134
3466,德晉,11,0,11,群益金鼎-開元,2023-06-14,9134
2206,三陽工業,15,4,11,群益金鼎-開元,2023-06-14,9134
6143,振曜,11,0,11,群益金鼎-開元,2023-06-14,9134
2482,連宇,47,36,11,群益金鼎-開元,2023-06-14,9134
3707,漢磊,15,4,11,群益金鼎-開元,2023-06-14,9134
2645,長榮航太,10,0,10,群益金鼎-開元,2023-06-14,9134
2337,旺宏,12,2,10,群益金鼎-開元,2023-06-14,9134
8086,宏捷科,12,2,10,群益金鼎-開元,2023-06-14,9134
2615,萬海,12,2,10,群益金鼎-開元,2023-06-14,9134
00676R,富邦臺灣加權反1,10,0,10,群益金鼎-開元,2023-06-14,9134
8076,伍豐,26,16,10,群益金鼎-開元,2023-06-14,9134
1449,佳和,10,0,10,群益金鼎-開元,2023-06-14,9134
00905,FT臺灣Smart,10,0,10,群益金鼎-開元,2023-06-14,9134
00885,富邦越南,13,3,10,群益金鼎-開元,2023-06-14,9134
00680L,元大美債20正2,10,0,10,群益金鼎-開元,2023-06-14,9134
2427,三商電,10,0,10,群益金鼎-開元,2023-06-14,9134
6165,浪凡,11,1,10,群益金鼎-開元,2023-06-14,9134
3013,晟銘電,96,29,67,群益金鼎-開元,2023-06-15,9134
00919,群益台灣精選高息,79,15,64,群益金鼎-開元,2023-06-15,9134
00632R,元大台灣50反1,63,0,63,群益金鼎-開元,2023-06-15,9134
2880,華南金,52,0,52,群益金鼎-開元,2023-06-15,9134
00715L,期街口布蘭特正2,45,0,45,群益金鼎-開元,2023-06-15,9134
2892,第一金,65,22,43,群益金鼎-開元,2023-06-15,9134
9919,康那香,95,53,42,群益金鼎-開元,2023-06-15,9134
2888,新光金,72,35,37,群益金鼎-開元,2023-06-15,9134
1815,富喬,50,13,37,群益金鼎-開元,2023-06-15,9134
2417,圓剛,34,0,34,群益金鼎-開元,2023-06-15,9134
2356,英業達,73,41,32,群益金鼎-開元,2023-06-15,9134
2347,聯強,30,2,28,群益金鼎-開元,2023-06-15,9134
2883,凱基金,24,0,24,群益金鼎-開元,2023-06-15,9134
5356,協益,40,16,24,群益金鼎-開元,2023-06-15,9134
00923,群益台ESG低碳50,32,11,21,群益金鼎-開元,2023-06-15,9134
2419,仲琦,20,0,20,群益金鼎-開元,2023-06-15,9134
1609,大亞,45,26,19,群益金鼎-開元,2023-06-15,9134
00878,國泰永續高股息,68,49,19,群益金鼎-開元,2023-06-15,9134
2332,友訊,18,1,17,群益金鼎-開元,2023-06-15,9134
8076,伍豐,36,20,16,群益金鼎-開元,2023-06-15,9134
1560,中砂,22,7,15,群益金鼎-開元,2023-06-15,9134
6112,邁達特,34,19,15,群益金鼎-開元,2023-06-15,9134
3260,威剛,17,3,14,群益金鼎-開元,2023-06-15,9134
2748,雲品,15,1,14,群益金鼎-開元,2023-06-15,9134
3346,麗清,14,0,14,群益金鼎-開元,2023-06-15,9134
00706L,期元大S＆P日圓正2,13,0,13,群益金鼎-開元,2023-06-15,9134
8011,台通,13,0,13,群益金鼎-開元,2023-06-15,9134
3715,定穎投控,12,1,11,群益金鼎-開元,2023-06-15,9134
2014,中鴻,11,0,11,群益金鼎-開元,2023-06-15,9134
4770,上品,14,3,11,群益金鼎-開元,2023-06-15,9134
3289,宜特,11,0,11,群益金鼎-開元,2023-06-15,9134
2881,富邦金,10,0,10,群益金鼎-開元,2023-06-15,9134
1104,環泥,11,1,10,群益金鼎-開元,2023-06-15,9134
4157,太景*-KY,10,0,10,群益金鼎-開元,2023-06-15,9134
1810,和成,10,0,10,群益金鼎-開元,2023-06-15,9134
2820,華票,10,0,10,群益金鼎-開元,2023-06-15,9134
2449,京元電子,10,0,10,群益金鼎-開元,2023-06-15,9134
2883B,凱基金乙特,10,0,10,群益金鼎-開元,2023-06-15,9134
2739,寒舍,15,5,10,群益金鼎-開元,2023-06-15,9134
00671R,富邦NASDAQ反1,10,0,10,群益金鼎-開元,2023-06-15,9134
4533,協易機,13,3,10,群益金鼎-開元,2023-06-15,9134
1905,華紙,13,4,9,群益金鼎-開元,2023-06-15,9134
6143,振曜,35,26,9,群益金鼎-開元,2023-06-15,9134
1528,恩德,20,11,9,群益金鼎-開元,2023-06-15,9134
1795,美時,10,1,9,群益金鼎-開元,2023-06-15,9134
00892,富邦台灣半導體,10,1,9,群益金鼎-開元,2023-06-15,9134
5225,東科-KY,9,0,9,群益金鼎-開元,2023-06-15,9134
3308,聯德,13,4,9,群益金鼎-開元,2023-06-15,9134
4973,廣穎,10,1,9,群益金鼎-開元,2023-06-15,9134
3265,台星科,40,32,8,群益金鼎-開元,2023-06-15,9134
2323,中環,455,105,350,群益金鼎-開元,2023-06-16,9134
2610,華航,300,63,237,群益金鼎-開元,2023-06-16,9134
00919,群益台灣精選高息,128,6,122,群益金鼎-開元,2023-06-16,9134
6116,彩晶,110,1,109,群益金鼎-開元,2023-06-16,9134
6188,廣明,101,2,99,群益金鼎-開元,2023-06-16,9134
00632R,元大台灣50反1,94,0,94,群益金鼎-開元,2023-06-16,9134
4510,高鋒,95,8,87,群益金鼎-開元,2023-06-16,9134
00720B,元大投資級公司債,75,0,75,群益金鼎-開元,2023-06-16,9134
2618,長榮航,167,98,69,群益金鼎-開元,2023-06-16,9134
2405,輔信,75,6,69,群益金鼎-開元,2023-06-16,9134
2206,三陽工業,62,23,39,群益金鼎-開元,2023-06-16,9134
2461,光群雷,38,0,38,群益金鼎-開元,2023-06-16,9134
2324,仁寶,45,7,38,群益金鼎-開元,2023-06-16,9134
4123,晟德,37,1,36,群益金鼎-開元,2023-06-16,9134
3706,神達,63,28,35,群益金鼎-開元,2023-06-16,9134
1710,東聯,40,7,33,群益金鼎-開元,2023-06-16,9134
6282,康舒,38,6,32,群益金鼎-開元,2023-06-16,9134
2303,聯電,49,17,32,群益金鼎-開元,2023-06-16,9134
1806,冠軍,50,20,30,群益金鼎-開元,2023-06-16,9134
2515,中工,91,62,29,群益金鼎-開元,2023-06-16,9134
2356,英業達,72,44,28,群益金鼎-開元,2023-06-16,9134
3380,明泰,62,36,26,群益金鼎-開元,2023-06-16,9134
8112,至上,25,0,25,群益金鼎-開元,2023-06-16,9134
2906,高林,25,0,25,群益金鼎-開元,2023-06-16,9134
5425,台半,28,3,25,群益金鼎-開元,2023-06-16,9134
3481,群創,72,49,23,群益金鼎-開元,2023-06-16,9134
9933,中鼎,22,0,22,群益金鼎-開元,2023-06-16,9134
2302,麗正,22,0,22,群益金鼎-開元,2023-06-16,9134
2801,彰銀,21,0,21,群益金鼎-開元,2023-06-16,9134
3055,蔚華科,23,3,20,群益金鼎-開元,2023-06-16,9134
1609,大亞,106,87,19,群益金鼎-開元,2023-06-16,9134
6546,正基,38,20,18,群益金鼎-開元,2023-06-16,9134
1503,士電,25,7,18,群益金鼎-開元,2023-06-16,9134
00912,中信臺灣智慧50,15,0,15,群益金鼎-開元,2023-06-16,9134
2382,廣達,25,10,15,群益金鼎-開元,2023-06-16,9134
4755,三福化,16,2,14,群益金鼎-開元,2023-06-16,9134
6266,泰詠,14,1,13,群益金鼎-開元,2023-06-16,9134
1815,富喬,27,14,13,群益金鼎-開元,2023-06-16,9134
6125,廣運,22,10,12,群益金鼎-開元,2023-06-16,9134
2845,遠東銀,12,0,12,群益金鼎-開元,2023-06-16,9134
2633,台灣高鐵,12,0,12,群益金鼎-開元,2023-06-16,9134
1605,華新,66,54,12,群益金鼎-開元,2023-06-16,9134
2359,所羅門,30,19,11,群益金鼎-開元,2023-06-16,9134
3038,全台,14,3,11,群益金鼎-開元,2023-06-16,9134
2913,農林,13,2,11,群益金鼎-開元,2023-06-16,9134
3346,麗清,14,4,10,群益金鼎-開元,2023-06-16,9134
1460,宏遠,10,0,10,群益金鼎-開元,2023-06-16,9134
00753L,中信中國50正2,10,0,10,群益金鼎-開元,2023-06-16,9134
2352,佳世達,12,2,10,群益金鼎-開元,2023-06-16,9134
2009,第一銅,10,0,10,群益金鼎-開元,2023-06-16,9134
2618,長榮航,793,62,731,群益金鼎-開元,2023-06-19,9134
2634,漢翔,133,47,86,群益金鼎-開元,2023-06-19,9134
2104,國際中橡,79,19,60,群益金鼎-開元,2023-06-19,9134
6120,達運,73,17,56,群益金鼎-開元,2023-06-19,9134
2883,凱基金,46,0,46,群益金鼎-開元,2023-06-19,9134
4967,十銓,89,50,39,群益金鼎-開元,2023-06-19,9134
1802,台玻,37,0,37,群益金鼎-開元,2023-06-19,9134
00712,復華富時不動產,37,0,37,群益金鼎-開元,2023-06-19,9134
1605,華新,39,6,33,群益金鼎-開元,2023-06-19,9134
2329,華泰,33,0,33,群益金鼎-開元,2023-06-19,9134
00882,中信中國高股息,36,5,31,群益金鼎-開元,2023-06-19,9134
0056,元大高股息,57,29,28,群益金鼎-開元,2023-06-19,9134
3466,德晉,26,0,26,群益金鼎-開元,2023-06-19,9134
2353,宏��,27,1,26,群益金鼎-開元,2023-06-19,9134
2105,正新,30,5,25,群益金鼎-開元,2023-06-19,9134
3564,其陽,25,1,24,群益金鼎-開元,2023-06-19,9134
1504,東元,32,10,22,群益金鼎-開元,2023-06-19,9134
1319,東陽,22,0,22,群益金鼎-開元,2023-06-19,9134
8050,廣積,21,0,21,群益金鼎-開元,2023-06-19,9134
2801,彰銀,21,1,20,群益金鼎-開元,2023-06-19,9134
2439,美律,20,1,19,群益金鼎-開元,2023-06-19,9134
6016,康和證,20,2,18,群益金鼎-開元,2023-06-19,9134
00706L,期元大S＆P日圓正2,18,0,18,群益金鼎-開元,2023-06-19,9134
2405,輔信,21,4,17,群益金鼎-開元,2023-06-19,9134
5706,鳳凰,19,3,16,群益金鼎-開元,2023-06-19,9134
4747,強生,15,0,15,群益金鼎-開元,2023-06-19,9134
8936,國統,16,2,14,群益金鼎-開元,2023-06-19,9134
2705,六福,16,2,14,群益金鼎-開元,2023-06-19,9134
6266,泰詠,15,3,12,群益金鼎-開元,2023-06-19,9134
2537,聯上發,12,0,12,群益金鼎-開元,2023-06-19,9134
9958,世紀鋼,16,5,11,群益金鼎-開元,2023-06-19,9134
6245,立端,11,0,11,群益金鼎-開元,2023-06-19,9134
2332,友訊,12,1,11,群益金鼎-開元,2023-06-19,9134
2913,農林,11,1,10,群益金鼎-開元,2023-06-19,9134
3092,鴻碩,10,0,10,群益金鼎-開元,2023-06-19,9134
2528,皇普,10,0,10,群益金鼎-開元,2023-06-19,9134
6282,康舒,11,2,9,群益金鼎-開元,2023-06-19,9134
2349,錸德,9,0,9,群益金鼎-開元,2023-06-19,9134
3711,日月光投控,9,0,9,群益金鼎-開元,2023-06-19,9134
2312,金寶,26,17,9,群益金鼎-開元,2023-06-19,9134
2362,藍天,9,0,9,群益金鼎-開元,2023-06-19,9134
2014,中鴻,17,9,8,群益金鼎-開元,2023-06-19,9134
4121,優盛,8,0,8,群益金鼎-開元,2023-06-19,9134
1907,永豐餘,9,1,8,群益金鼎-開元,2023-06-19,9134
1526,日馳,8,0,8,群益金鼎-開元,2023-06-19,9134
4543,萬在,8,0,8,群益金鼎-開元,2023-06-19,9134
1611,中電,7,0,7,群益金鼎-開元,2023-06-19,9134
00892,富邦台灣半導體,10,3,7,群益金鼎-開元,2023-06-19,9134
1101,台泥,9,2,7,群益金鼎-開元,2023-06-19,9134
00637L,元大滬深300正2,9,2,7,群益金鼎-開元,2023-06-19,9134
2883,凱基金,203,3,200,群益金鼎-開元,2023-06-20,9134
2515,中工,120,60,60,群益金鼎-開元,2023-06-20,9134
8222,寶一,66,7,59,群益金鼎-開元,2023-06-20,9134
1605,華新,64,18,46,群益金鼎-開元,2023-06-20,9134
2884,玉山金,40,3,37,群益金鼎-開元,2023-06-20,9134
8088,品安,32,0,32,群益金鼎-開元,2023-06-20,9134
5222,全訊,30,1,29,群益金鼎-開元,2023-06-20,9134
1471,首利,30,2,28,群益金鼎-開元,2023-06-20,9134
9933,中鼎,26,0,26,群益金鼎-開元,2023-06-20,9134
2382,廣達,32,7,25,群益金鼎-開元,2023-06-20,9134
00712,復華富時不動產,23,0,23,群益金鼎-開元,2023-06-20,9134
2329,華泰,23,0,23,群益金鼎-開元,2023-06-20,9134
3380,明泰,23,1,22,群益金鼎-開元,2023-06-20,9134
6446,藥華藥,22,1,21,群益金鼎-開元,2023-06-20,9134
2312,金寶,22,2,20,群益金鼎-開元,2023-06-20,9134
2363,矽統,20,0,20,群益金鼎-開元,2023-06-20,9134
2618,長榮航,76,57,19,群益金鼎-開元,2023-06-20,9134
3264,欣銓,20,4,16,群益金鼎-開元,2023-06-20,9134
1752,南光,16,0,16,群益金鼎-開元,2023-06-20,9134
00687B,國泰20年美債,18,2,16,群益金鼎-開元,2023-06-20,9134
8046,南電,16,0,16,群益金鼎-開元,2023-06-20,9134
3265,台星科,16,0,16,群益金鼎-開元,2023-06-20,9134
00878,國泰永續高股息,20,5,15,群益金鼎-開元,2023-06-20,9134
00919,群益台灣精選高息,15,1,14,群益金鼎-開元,2023-06-20,9134
3545,敦泰,14,0,14,群益金鼎-開元,2023-06-20,9134
8086,宏捷科,14,0,14,群益金鼎-開元,2023-06-20,9134
2409,友達,28,15,13,群益金鼎-開元,2023-06-20,9134
5512,力麒,14,1,13,群益金鼎-開元,2023-06-20,9134
8936,國統,20,7,13,群益金鼎-開元,2023-06-20,9134
3078,僑威,21,9,12,群益金鼎-開元,2023-06-20,9134
2401,凌陽,17,5,12,群益金鼎-開元,2023-06-20,9134
5007,三星,12,0,12,群益金鼎-開元,2023-06-20,9134
3526,凡甲,12,0,12,群益金鼎-開元,2023-06-20,9134
2504,國產,12,0,12,群益金鼎-開元,2023-06-20,9134
6443,元晶,16,4,12,群益金鼎-開元,2023-06-20,9134
00706L,期元大S＆P日圓正2,11,0,11,群益金鼎-開元,2023-06-20,9134
3252,海灣,18,7,11,群益金鼎-開元,2023-06-20,9134
4977,眾達-KY,12,1,11,群益金鼎-開元,2023-06-20,9134
2454,聯發科,17,6,11,群益金鼎-開元,2023-06-20,9134
4958,臻鼎-KY,10,0,10,群益金鼎-開元,2023-06-20,9134
1802,台玻,20,10,10,群益金鼎-開元,2023-06-20,9134
4123,晟德,10,0,10,群益金鼎-開元,2023-06-20,9134
1710,東聯,10,0,10,群益金鼎-開元,2023-06-20,9134
3047,訊舟,10,0,10,群益金鼎-開元,2023-06-20,9134
2105,正新,10,0,10,群益金鼎-開元,2023-06-20,9134
6244,茂迪,104,94,10,群益金鼎-開元,2023-06-20,9134
2027,大成鋼,10,0,10,群益金鼎-開元,2023-06-20,9134
5258,虹堡,15,6,9,群益金鼎-開元,2023-06-20,9134
3260,威剛,13,4,9,群益金鼎-開元,2023-06-20,9134
3715,定穎投控,11,2,9,群益金鼎-開元,2023-06-20,9134
9919,康那香,96,0,96,群益金鼎-開元,2023-06-21,9134
3049,精金,86,9,77,群益金鼎-開元,2023-06-21,9134
5512,力麒,50,1,49,群益金鼎-開元,2023-06-21,9134
2393,億光,49,0,49,群益金鼎-開元,2023-06-21,9134
4967,十銓,56,8,48,群益金鼎-開元,2023-06-21,9134
2609,陽明,42,3,39,群益金鼎-開元,2023-06-21,9134
1471,首利,40,2,38,群益金鼎-開元,2023-06-21,9134
5425,台半,38,10,28,群益金鼎-開元,2023-06-21,9134
1504,東元,26,2,24,群益金鼎-開元,2023-06-21,9134
3325,旭品,30,6,24,群益金鼎-開元,2023-06-21,9134
4994,傳奇,22,0,22,群益金鼎-開元,2023-06-21,9134
2371,大同,38,16,22,群益金鼎-開元,2023-06-21,9134
2485,兆赫,22,0,22,群益金鼎-開元,2023-06-21,9134
5531,鄉林,41,20,21,群益金鼎-開元,2023-06-21,9134
5469,瀚宇博,21,1,20,群益金鼎-開元,2023-06-21,9134
2303,聯電,22,3,19,群益金鼎-開元,2023-06-21,9134
3217,優群,24,5,19,群益金鼎-開元,2023-06-21,9134
5871,中租-KY,17,0,17,群益金鼎-開元,2023-06-21,9134
3526,凡甲,17,0,17,群益金鼎-開元,2023-06-21,9134
00919,群益台灣精選高息,18,2,16,群益金鼎-開元,2023-06-21,9134
2356,英業達,37,22,15,群益金鼎-開元,2023-06-21,9134
6126,信音,14,0,14,群益金鼎-開元,2023-06-21,9134
00665L,富邦�琤肭磪囓�2,14,0,14,群益金鼎-開元,2023-06-21,9134
1795,美時,28,15,13,群益金鼎-開元,2023-06-21,9134
2606,裕民,13,0,13,群益金鼎-開元,2023-06-21,9134
2324,仁寶,14,1,13,群益金鼎-開元,2023-06-21,9134
6214,精誠,18,6,12,群益金鼎-開元,2023-06-21,9134
6235,華孚,11,0,11,群益金鼎-開元,2023-06-21,9134
2355,敬鵬,12,1,11,群益金鼎-開元,2023-06-21,9134
2497,怡利電,11,0,11,群益金鼎-開元,2023-06-21,9134
6170,統振,11,0,11,群益金鼎-開元,2023-06-21,9134
3202,樺晟,11,0,11,群益金鼎-開元,2023-06-21,9134
4977,眾達-KY,13,2,11,群益金鼎-開元,2023-06-21,9134
2881,富邦金,10,0,10,群益金鼎-開元,2023-06-21,9134
3706,神達,27,17,10,群益金鼎-開元,2023-06-21,9134
2413,環科,13,3,10,群益金鼎-開元,2023-06-21,9134
2615,萬海,10,0,10,群益金鼎-開元,2023-06-21,9134
1464,得力,10,0,10,群益金鼎-開元,2023-06-21,9134
9945,潤泰新,13,3,10,群益金鼎-開元,2023-06-21,9134
8039,台虹,10,0,10,群益金鼎-開元,2023-06-21,9134
4538,大詠城,10,0,10,群益金鼎-開元,2023-06-21,9134
4960,誠美材,10,0,10,群益金鼎-開元,2023-06-21,9134
3037,欣興,14,4,10,群益金鼎-開元,2023-06-21,9134
2885,元大金,10,0,10,群益金鼎-開元,2023-06-21,9134
2201,裕隆,9,0,9,群益金鼎-開元,2023-06-21,9134
3093,港建*,9,0,9,群益金鼎-開元,2023-06-21,9134
6120,達運,44,35,9,群益金鼎-開元,2023-06-21,9134
2705,六福,54,45,9,群益金鼎-開元,2023-06-21,9134
3056,富華新,9,0,9,群益金鼎-開元,2023-06-21,9134
4915,致伸,13,5,8,群益金鼎-開元,2023-06-21,9134
2801,彰銀,122,11,111,群益金鼎-開元,2023-06-26,9134
2027,大成鋼,101,0,101,群益金鼎-開元,2023-06-26,9134
9912,偉聯,98,1,97,群益金鼎-開元,2023-06-26,9134
1709,和益,80,0,80,群益金鼎-開元,2023-06-26,9134
9919,康那香,88,13,75,群益金鼎-開元,2023-06-26,9134
3231,緯創,96,41,55,群益金鼎-開元,2023-06-26,9134
2880,華南金,50,0,50,群益金鼎-開元,2023-06-26,9134
2382,廣達,48,7,41,群益金鼎-開元,2023-06-26,9134
6116,彩晶,69,30,39,群益金鼎-開元,2023-06-26,9134
3481,群創,106,69,37,群益金鼎-開元,2023-06-26,9134
1402,遠東新,39,3,36,群益金鼎-開元,2023-06-26,9134
6282,康舒,36,3,33,群益金鼎-開元,2023-06-26,9134
8936,國統,141,109,32,群益金鼎-開元,2023-06-26,9134
2610,華航,63,33,30,群益金鼎-開元,2023-06-26,9134
2888,新光金,27,0,27,群益金鼎-開元,2023-06-26,9134
2409,友達,56,32,24,群益金鼎-開元,2023-06-26,9134
00637L,元大滬深300正2,24,0,24,群益金鼎-開元,2023-06-26,9134
6235,華孚,27,3,24,群益金鼎-開元,2023-06-26,9134
1504,東元,40,16,24,群益金鼎-開元,2023-06-26,9134
2609,陽明,27,4,23,群益金鼎-開元,2023-06-26,9134
2883,凱基金,25,3,22,群益金鼎-開元,2023-06-26,9134
2303,聯電,51,29,22,群益金鼎-開元,2023-06-26,9134
2618,長榮航,46,24,22,群益金鼎-開元,2023-06-26,9134
5302,太欣,20,0,20,群益金鼎-開元,2023-06-26,9134
00882,中信中國高股息,19,0,19,群益金鼎-開元,2023-06-26,9134
2344,華邦電,18,0,18,群益金鼎-開元,2023-06-26,9134
00715L,期街口布蘭特正2,20,2,18,群益金鼎-開元,2023-06-26,9134
2457,飛宏,21,4,17,群益金鼎-開元,2023-06-26,9134
2014,中鴻,19,4,15,群益金鼎-開元,2023-06-26,9134
00706L,期元大S＆P日圓正2,15,0,15,群益金鼎-開元,2023-06-26,9134
3092,鴻碩,15,0,15,群益金鼎-開元,2023-06-26,9134
3234,光環,15,0,15,群益金鼎-開元,2023-06-26,9134
1319,東陽,21,6,15,群益金鼎-開元,2023-06-26,9134
2312,金寶,21,7,14,群益金鼎-開元,2023-06-26,9134
2453,凌群,14,0,14,群益金鼎-開元,2023-06-26,9134
3483,力致,16,2,14,群益金鼎-開元,2023-06-26,9134
3715,定穎投控,15,2,13,群益金鼎-開元,2023-06-26,9134
00893,國泰智能電動車,16,3,13,群益金鼎-開元,2023-06-26,9134
3056,富華新,13,1,12,群益金鼎-開元,2023-06-26,9134
2482,連宇,15,3,12,群益金鼎-開元,2023-06-26,9134
00885,富邦越南,16,4,12,群益金鼎-開元,2023-06-26,9134
1905,華紙,24,13,11,群益金鼎-開元,2023-06-26,9134
7402,邑錡,13,2,11,群益金鼎-開元,2023-06-26,9134
2356,英業達,23,13,10,群益金鼎-開元,2023-06-26,9134
1528,恩德,23,13,10,群益金鼎-開元,2023-06-26,9134
6125,廣運,39,29,10,群益金鼎-開元,2023-06-26,9134
00687B,國泰20年美債,10,0,10,群益金鼎-開元,2023-06-26,9134
3006,晶豪科,10,0,10,群益金鼎-開元,2023-06-26,9134
00671R,富邦NASDAQ反1,10,0,10,群益金鼎-開元,2023-06-26,9134
2929,淘帝-KY,10,0,10,群益金鼎-開元,2023-06-26,9134
2618,長榮航,719,72,647,群益金鼎-開元,2023-06-27,9134
3481,群創,391,23,368,群益金鼎-開元,2023-06-27,9134
2344,華邦電,229,0,229,群益金鼎-開元,2023-06-27,9134
6282,康舒,110,2,108,群益金鼎-開元,2023-06-27,9134
2409,友達,83,1,82,群益金鼎-開元,2023-06-27,9134
6188,廣明,106,36,70,群益金鼎-開元,2023-06-27,9134
2883,凱基金,56,0,56,群益金鼎-開元,2023-06-27,9134
5222,全訊,95,42,53,群益金鼎-開元,2023-06-27,9134
5351,鈺創,51,0,51,群益金鼎-開元,2023-06-27,9134
00878,國泰永續高股息,67,17,50,群益金鼎-開元,2023-06-27,9134
6191,精成科,50,2,48,群益金鼎-開元,2023-06-27,9134
9950,萬國通,53,11,42,群益金鼎-開元,2023-06-27,9134
2892,第一金,40,0,40,群益金鼎-開元,2023-06-27,9134
5521,工信,42,4,38,群益金鼎-開元,2023-06-27,9134
2371,大同,67,31,36,群益金鼎-開元,2023-06-27,9134
3706,神達,35,2,33,群益金鼎-開元,2023-06-27,9134
2356,英業達,38,5,33,群益金鼎-開元,2023-06-27,9134
2303,聯電,58,26,32,群益金鼎-開元,2023-06-27,9134
5356,協益,30,0,30,群益金鼎-開元,2023-06-27,9134
6112,邁達特,32,2,30,群益金鼎-開元,2023-06-27,9134
1504,東元,37,7,30,群益金鼎-開元,2023-06-27,9134
6005,群益證,28,0,28,群益金鼎-開元,2023-06-27,9134
00706L,期元大S＆P日圓正2,27,0,27,群益金鼎-開元,2023-06-27,9134
2340,台亞,36,12,24,群益金鼎-開元,2023-06-27,9134
4967,十銓,31,7,24,群益金鼎-開元,2023-06-27,9134
6235,華孚,26,4,22,群益金鼎-開元,2023-06-27,9134
1605,華新,27,5,22,群益金鼎-開元,2023-06-27,9134
1319,東陽,21,0,21,群益金鼎-開元,2023-06-27,9134
3047,訊舟,21,0,21,群益金鼎-開元,2023-06-27,9134
1441,大東,20,0,20,群益金鼎-開元,2023-06-27,9134
3264,欣銓,28,10,18,群益金鼎-開元,2023-06-27,9134
2317,鴻海,27,10,17,群益金鼎-開元,2023-06-27,9134
5465,富驊,16,0,16,群益金鼎-開元,2023-06-27,9134
4538,大詠城,36,21,15,群益金鼎-開元,2023-06-27,9134
6015,宏遠證,15,0,15,群益金鼎-開元,2023-06-27,9134
3083,網龍,25,10,15,群益金鼎-開元,2023-06-27,9134
2609,陽明,23,8,15,群益金鼎-開元,2023-06-27,9134
00929,復華台灣科技優息,14,0,14,群益金鼎-開元,2023-06-27,9134
9110,越南控-DR,14,0,14,群益金鼎-開元,2023-06-27,9134
2427,三商電,27,13,14,群益金鼎-開元,2023-06-27,9134
1907,永豐餘,17,3,14,群益金鼎-開元,2023-06-27,9134
2332,友訊,15,2,13,群益金鼎-開元,2023-06-27,9134
2353,宏��,12,0,12,群益金鼎-開元,2023-06-27,9134
3265,台星科,23,11,12,群益金鼎-開元,2023-06-27,9134
2382,廣達,20,8,12,群益金鼎-開元,2023-06-27,9134
1905,華紙,13,1,12,群益金鼎-開元,2023-06-27,9134
2504,國產,10,0,10,群益金鼎-開元,2023-06-27,9134
1727,中華化,10,0,10,群益金鼎-開元,2023-06-27,9134
2884,玉山金,10,0,10,群益金鼎-開元,2023-06-27,9134
00927,群益半導體收益,20,10,10,群益金鼎-開元,2023-06-27,9134
00715L,期街口布蘭特正2,268,12,256,群益金鼎-開元,2023-06-28,9134
2409,友達,142,0,142,群益金鼎-開元,2023-06-28,9134
1711,永光,139,2,137,群益金鼎-開元,2023-06-28,9134
3481,群創,109,0,109,群益金鼎-開元,2023-06-28,9134
2888,新光金,106,10,96,群益金鼎-開元,2023-06-28,9134
4960,誠美材,55,0,55,群益金鼎-開元,2023-06-28,9134
6546,正基,53,2,51,群益金鼎-開元,2023-06-28,9134
6116,彩晶,43,0,43,群益金鼎-開元,2023-06-28,9134
8222,寶一,41,2,39,群益金鼎-開元,2023-06-28,9134
2634,漢翔,79,40,39,群益金鼎-開元,2023-06-28,9134
1605,華新,58,20,38,群益金鼎-開元,2023-06-28,9134
1785,光洋科,33,3,30,群益金鼎-開元,2023-06-28,9134
00673R,期元大S＆P原油反1,30,0,30,群益金鼎-開元,2023-06-28,9134
5356,協益,30,0,30,群益金鼎-開元,2023-06-28,9134
1313,聯成,26,0,26,群益金鼎-開元,2023-06-28,9134
2010,春源,27,1,26,群益金鼎-開元,2023-06-28,9134
2537,聯上發,25,0,25,群益金鼎-開元,2023-06-28,9134
1467,南緯,23,1,22,群益金鼎-開元,2023-06-28,9134
1609,大亞,21,1,20,群益金鼎-開元,2023-06-28,9134
3454,晶睿,20,0,20,群益金鼎-開元,2023-06-28,9134
2618,長榮航,141,121,20,群益金鼎-開元,2023-06-28,9134
3706,神達,20,1,19,群益金鼎-開元,2023-06-28,9134
2610,華航,34,16,18,群益金鼎-開元,2023-06-28,9134
00878,國泰永續高股息,16,0,16,群益金鼎-開元,2023-06-28,9134
00706L,期元大S＆P日圓正2,15,0,15,群益金鼎-開元,2023-06-28,9134
2014,中鴻,15,0,15,群益金鼎-開元,2023-06-28,9134
5302,太欣,15,0,15,群益金鼎-開元,2023-06-28,9134
1434,福懋,15,0,15,群益金鼎-開元,2023-06-28,9134
9908,大台北,15,0,15,群益金鼎-開元,2023-06-28,9134
1303,南亞,14,0,14,群益金鼎-開元,2023-06-28,9134
1444,力麗,31,17,14,群益金鼎-開元,2023-06-28,9134
9958,世紀鋼,15,1,14,群益金鼎-開元,2023-06-28,9134
9919,康那香,29,16,13,群益金鼎-開元,2023-06-28,9134
2801,彰銀,13,1,12,群益金鼎-開元,2023-06-28,9134
3078,僑威,13,1,12,群益金鼎-開元,2023-06-28,9134
2354,鴻準,12,0,12,群益金鼎-開元,2023-06-28,9134
00900,富邦特選高股息30,14,2,12,群益金鼎-開元,2023-06-28,9134
5425,台半,14,2,12,群益金鼎-開元,2023-06-28,9134
1795,美時,14,3,11,群益金鼎-開元,2023-06-28,9134
1229,聯華,15,4,11,群益金鼎-開元,2023-06-28,9134
1528,恩德,17,6,11,群益金鼎-開元,2023-06-28,9134
6282,康舒,12,1,11,群益金鼎-開元,2023-06-28,9134
4916,事欣科,32,22,10,群益金鼎-開元,2023-06-28,9134
6548,長科*,10,0,10,群益金鼎-開元,2023-06-28,9134
1402,遠東新,10,0,10,群益金鼎-開元,2023-06-28,9134
3105,穩懋,10,0,10,群益金鼎-開元,2023-06-28,9134
1101,台泥,18,9,9,群益金鼎-開元,2023-06-28,9134
1504,東元,11,2,9,群益金鼎-開元,2023-06-28,9134
5876,上海商銀,9,0,9,群益金鼎-開元,2023-06-28,9134
6142,友勁,9,0,9,群益金鼎-開元,2023-06-28,9134
2609,陽明,244,3,241,群益金鼎-開元,2023-06-29,9134
2618,長榮航,150,16,134,群益金鼎-開元,2023-06-29,9134
00882,中信中國高股息,102,0,102,群益金鼎-開元,2023-06-29,9134
5531,鄉林,81,0,81,群益金鼎-開元,2023-06-29,9134
8064,東捷,57,0,57,群益金鼎-開元,2023-06-29,9134
2303,聯電,41,1,40,群益金鼎-開元,2023-06-29,9134
4967,十銓,152,115,37,群益金鼎-開元,2023-06-29,9134
5356,協益,35,0,35,群益金鼎-開元,2023-06-29,9134
1605,華新,45,11,34,群益金鼎-開元,2023-06-29,9134
1727,中華化,34,0,34,群益金鼎-開元,2023-06-29,9134
3289,宜特,36,2,34,群益金鼎-開元,2023-06-29,9134
00922,國泰台灣領袖50,30,0,30,群益金鼎-開元,2023-06-29,9134
4526,東台,27,1,26,群益金鼎-開元,2023-06-29,9134
00706L,期元大S＆P日圓正2,25,0,25,群益金鼎-開元,2023-06-29,9134
2353,宏��,23,1,22,群益金鼎-開元,2023-06-29,9134
2888,新光金,22,0,22,群益金鼎-開元,2023-06-29,9134
2506,太設,20,0,20,群益金鼎-開元,2023-06-29,9134
6776,展�眥篕�,20,0,20,群益金鼎-開元,2023-06-29,9134
8048,德勝,20,0,20,群益金鼎-開元,2023-06-29,9134
6180,橘子,18,0,18,群益金鼎-開元,2023-06-29,9134
8289,泰藝,18,0,18,群益金鼎-開元,2023-06-29,9134
2548,華固,18,0,18,群益金鼎-開元,2023-06-29,9134
3481,群創,27,9,18,群益金鼎-開元,2023-06-29,9134
1447,力鵬,20,3,17,群益金鼎-開元,2023-06-29,9134
2412,中華電,16,0,16,群益金鼎-開元,2023-06-29,9134
3511,矽瑪,15,0,15,群益金鼎-開元,2023-06-29,9134
5328,華容,14,0,14,群益金鼎-開元,2023-06-29,9134
6282,康舒,15,1,14,群益金鼎-開元,2023-06-29,9134
5243,乙盛-KY,14,0,14,群益金鼎-開元,2023-06-29,9134
00665L,富邦�琤肭磪囓�2,13,0,13,群益金鼎-開元,2023-06-29,9134
4746,台耀,19,6,13,群益金鼎-開元,2023-06-29,9134
1504,東元,14,2,12,群益金鼎-開元,2023-06-29,9134
4979,華星光,34,22,12,群益金鼎-開元,2023-06-29,9134
00919,群益台灣精選高息,11,0,11,群益金鼎-開元,2023-06-29,9134
1711,永光,12,1,11,群益金鼎-開元,2023-06-29,9134
3322,建舜電,11,0,11,群益金鼎-開元,2023-06-29,9134
1301,台塑,11,0,11,群益金鼎-開元,2023-06-29,9134
6470,宇智,48,38,10,群益金鼎-開元,2023-06-29,9134
1217,愛之味,10,0,10,群益金鼎-開元,2023-06-29,9134
1584,精剛,11,1,10,群益金鼎-開元,2023-06-29,9134
1319,東陽,10,0,10,群益金鼎-開元,2023-06-29,9134
1909,榮成,10,0,10,群益金鼎-開元,2023-06-29,9134
1611,中電,10,1,9,群益金鼎-開元,2023-06-29,9134
6589,台康生技,10,1,9,群益金鼎-開元,2023-06-29,9134
4123,晟德,9,1,8,群益金鼎-開元,2023-06-29,9134
2349,錸德,10,2,8,群益金鼎-開元,2023-06-29,9134
8150,南茂,9,1,8,群益金鼎-開元,2023-06-29,9134
2610,華航,18,11,7,群益金鼎-開元,2023-06-29,9134
4908,前鼎,8,1,7,群益金鼎-開元,2023-06-29,9134
3005,神基,10,3,7,群益金鼎-開元,2023-06-29,9134
2618,長榮航,267,131,136,群益金鼎-開元,2023-06-30,9134
6126,信音,110,2,108,群益金鼎-開元,2023-06-30,9134
3025,星通,82,3,79,群益金鼎-開元,2023-06-30,9134
3034,聯詠,58,1,57,群益金鼎-開元,2023-06-30,9134
2409,友達,45,0,45,群益金鼎-開元,2023-06-30,9134
1605,華新,83,39,44,群益金鼎-開元,2023-06-30,9134
2883,凱基金,37,0,37,群益金鼎-開元,2023-06-30,9134
2105,正新,37,0,37,群益金鼎-開元,2023-06-30,9134
5222,全訊,34,0,34,群益金鼎-開元,2023-06-30,9134
2344,華邦電,34,3,31,群益金鼎-開元,2023-06-30,9134
2303,聯電,32,1,31,群益金鼎-開元,2023-06-30,9134
6806,森崴能源,51,22,29,群益金鼎-開元,2023-06-30,9134
2906,高林,25,0,25,群益金鼎-開元,2023-06-30,9134
00927,群益半導體收益,25,1,24,群益金鼎-開元,2023-06-30,9134
5475,德宏,23,0,23,群益金鼎-開元,2023-06-30,9134
1727,中華化,23,0,23,群益金鼎-開元,2023-06-30,9134
00688L,國泰20年美債正2,22,0,22,群益金鼎-開元,2023-06-30,9134
2603,長榮,77,55,22,群益金鼎-開元,2023-06-30,9134
1785,光洋科,21,0,21,群益金鼎-開元,2023-06-30,9134
00687B,國泰20年美債,21,0,21,群益金鼎-開元,2023-06-30,9134
3259,鑫創,21,0,21,群益金鼎-開元,2023-06-30,9134
8222,寶一,21,0,21,群益金鼎-開元,2023-06-30,9134
1591,駿吉-KY,20,0,20,群益金鼎-開元,2023-06-30,9134
8110,華東,20,0,20,群益金鼎-開元,2023-06-30,9134
5356,協益,30,11,19,群益金鼎-開元,2023-06-30,9134
3202,樺晟,18,2,16,群益金鼎-開元,2023-06-30,9134
6235,華孚,16,1,15,群益金鼎-開元,2023-06-30,9134
2641,正德,15,0,15,群益金鼎-開元,2023-06-30,9134
00680L,元大美債20正2,14,0,14,群益金鼎-開元,2023-06-30,9134
3078,僑威,17,3,14,群益金鼎-開元,2023-06-30,9134
2615,萬海,15,2,13,群益金鼎-開元,2023-06-30,9134
6116,彩晶,23,10,13,群益金鼎-開元,2023-06-30,9134
3356,奇偶,34,21,13,群益金鼎-開元,2023-06-30,9134
2462,良得電,18,6,12,群益金鼎-開元,2023-06-30,9134
2317,鴻海,16,4,12,群益金鼎-開元,2023-06-30,9134
2412,中華電,15,4,11,群益金鼎-開元,2023-06-30,9134
2888,新光金,21,10,11,群益金鼎-開元,2023-06-30,9134
5315,光聯,11,0,11,群益金鼎-開元,2023-06-30,9134
2609,陽明,82,71,11,群益金鼎-開元,2023-06-30,9134
1519,華城,14,4,10,群益金鼎-開元,2023-06-30,9134
00696B,富邦美債20年,10,0,10,群益金鼎-開元,2023-06-30,9134
2467,志聖,10,0,10,群益金鼎-開元,2023-06-30,9134
2402,毅嘉,13,3,10,群益金鼎-開元,2023-06-30,9134
2801,彰銀,10,0,10,群益金鼎-開元,2023-06-30,9134
2353,宏��,10,1,9,群益金鼎-開元,2023-06-30,9134
2201,裕隆,12,3,9,群益金鼎-開元,2023-06-30,9134
1609,大亞,23,14,9,群益金鼎-開元,2023-06-30,9134
2408,南亞科,8,0,8,群益金鼎-開元,2023-06-30,9134
1513,中興電,19,11,8,群益金鼎-開元,2023-06-30,9134
2338,光罩,12,4,8,群益金鼎-開元,2023-06-30,9134
00632R,元大台灣50反1,345,0,345,群益金鼎-開元,2023-07-03,9134
8936,國統,147,0,147,群益金鼎-開元,2023-07-03,9134
00882,中信中國高股息,108,5,103,群益金鼎-開元,2023-07-03,9134
1217,愛之味,86,1,85,群益金鼎-開元,2023-07-03,9134
2449,京元電子,61,15,46,群益金鼎-開元,2023-07-03,9134
5531,鄉林,45,0,45,群益金鼎-開元,2023-07-03,9134
8064,東捷,45,0,45,群益金鼎-開元,2023-07-03,9134
2303,聯電,49,6,43,群益金鼎-開元,2023-07-03,9134
6446,藥華藥,40,0,40,群益金鼎-開元,2023-07-03,9134
8110,華東,40,3,37,群益金鼎-開元,2023-07-03,9134
3481,群創,39,2,37,群益金鼎-開元,2023-07-03,9134
5607,遠雄港,36,0,36,群益金鼎-開元,2023-07-03,9134
1321,大洋,30,0,30,群益金鼎-開元,2023-07-03,9134
6139,亞翔,30,0,30,群益金鼎-開元,2023-07-03,9134
9958,世紀鋼,32,2,30,群益金鼎-開元,2023-07-03,9134
2618,長榮航,41,15,26,群益金鼎-開元,2023-07-03,9134
3363,上詮,23,0,23,群益金鼎-開元,2023-07-03,9134
1605,華新,46,25,21,群益金鼎-開元,2023-07-03,9134
3390,旭軟,20,0,20,群益金鼎-開元,2023-07-03,9134
3014,聯陽,20,0,20,群益金鼎-開元,2023-07-03,9134
6118,建達,19,0,19,群益金鼎-開元,2023-07-03,9134
1220,台榮,20,1,19,群益金鼎-開元,2023-07-03,9134
6235,華孚,21,3,18,群益金鼎-開元,2023-07-03,9134
00673R,期元大S＆P原油反1,18,0,18,群益金鼎-開元,2023-07-03,9134
4510,高鋒,22,5,17,群益金鼎-開元,2023-07-03,9134
6485,點序,15,0,15,群益金鼎-開元,2023-07-03,9134
4994,傳奇,25,11,14,群益金鼎-開元,2023-07-03,9134
9933,中鼎,14,0,14,群益金鼎-開元,2023-07-03,9134
9802,鈺齊-KY,13,0,13,群益金鼎-開元,2023-07-03,9134
4532,瑞智,16,3,13,群益金鼎-開元,2023-07-03,9134
2356,英業達,44,32,12,群益金鼎-開元,2023-07-03,9134
2312,金寶,12,0,12,群益金鼎-開元,2023-07-03,9134
2371,大同,40,28,12,群益金鼎-開元,2023-07-03,9134
8277,商丞,12,0,12,群益金鼎-開元,2023-07-03,9134
1528,恩德,38,26,12,群益金鼎-開元,2023-07-03,9134
4417,金洲,11,0,11,群益金鼎-開元,2023-07-03,9134
4114,健喬,11,0,11,群益金鼎-開元,2023-07-03,9134
2402,毅嘉,16,5,11,群益金鼎-開元,2023-07-03,9134
3038,全台,13,2,11,群益金鼎-開元,2023-07-03,9134
2929,淘帝-KY,10,0,10,群益金鼎-開元,2023-07-03,9134
00706L,期元大S＆P日圓正2,10,0,10,群益金鼎-開元,2023-07-03,9134
5706,鳳凰,10,0,10,群益金鼎-開元,2023-07-03,9134
1531,高林股,10,0,10,群益金鼎-開元,2023-07-03,9134
00671R,富邦NASDAQ反1,10,0,10,群益金鼎-開元,2023-07-03,9134
00730,富邦臺灣優質高息,10,0,10,群益金鼎-開元,2023-07-03,9134
1464,得力,10,0,10,群益金鼎-開元,2023-07-03,9134
2365,昆盈,10,0,10,群益金鼎-開元,2023-07-03,9134
6244,茂迪,10,0,10,群益金鼎-開元,2023-07-03,9134
2617,台航,12,2,10,群益金鼎-開元,2023-07-03,9134
6470,宇智,26,16,10,群益金鼎-開元,2023-07-03,9134
2883,凱基金,140,5,135,群益金鼎-開元,2023-07-04,9134
2618,長榮航,156,56,100,群益金鼎-開元,2023-07-04,9134
1905,華紙,112,22,90,群益金鼎-開元,2023-07-04,9134
2609,陽明,127,79,48,群益金鼎-開元,2023-07-04,9134
2417,圓剛,47,1,46,群益金鼎-開元,2023-07-04,9134
1584,精剛,73,31,42,群益金鼎-開元,2023-07-04,9134
2399,映泰,51,12,39,群益金鼎-開元,2023-07-04,9134
6806,森崴能源,68,31,37,群益金鼎-開元,2023-07-04,9134
2906,高林,46,10,36,群益金鼎-開元,2023-07-04,9134
2444,兆勁,28,0,28,群益金鼎-開元,2023-07-04,9134
00927,群益半導體收益,27,2,25,群益金鼎-開元,2023-07-04,9134
1795,美時,26,3,23,群益金鼎-開元,2023-07-04,9134
6188,廣明,37,15,22,群益金鼎-開元,2023-07-04,9134
2317,鴻海,45,24,21,群益金鼎-開元,2023-07-04,9134
8936,國統,43,23,20,群益金鼎-開元,2023-07-04,9134
00632R,元大台灣50反1,40,20,20,群益金鼎-開元,2023-07-04,9134
1464,得力,20,0,20,群益金鼎-開元,2023-07-04,9134
2884,玉山金,21,2,19,群益金鼎-開元,2023-07-04,9134
6235,華孚,19,0,19,群益金鼎-開元,2023-07-04,9134
4906,正文,19,1,18,群益金鼎-開元,2023-07-04,9134
2888,新光金,19,2,17,群益金鼎-開元,2023-07-04,9134
6166,凌華,18,1,17,群益金鼎-開元,2023-07-04,9134
2888A,新光金甲特,16,0,16,群益金鼎-開元,2023-07-04,9134
3014,聯陽,17,1,16,群益金鼎-開元,2023-07-04,9134
2421,建準,85,70,15,群益金鼎-開元,2023-07-04,9134
2449,京元電子,17,2,15,群益金鼎-開元,2023-07-04,9134
3704,合勤控,25,11,14,群益金鼎-開元,2023-07-04,9134
2887,台新金,14,0,14,群益金鼎-開元,2023-07-04,9134
2027,大成鋼,14,0,14,群益金鼎-開元,2023-07-04,9134
6125,廣運,16,2,14,群益金鼎-開元,2023-07-04,9134
3071,協禧,17,4,13,群益金鼎-開元,2023-07-04,9134
5465,富驊,14,1,13,群益金鼎-開元,2023-07-04,9134
2344,華邦電,13,1,12,群益金鼎-開元,2023-07-04,9134
3362,先進光,12,0,12,群益金鼎-開元,2023-07-04,9134
3564,其陽,12,0,12,群益金鼎-開元,2023-07-04,9134
1603,華電,12,0,12,群益金鼎-開元,2023-07-04,9134
2739,寒舍,12,0,12,群益金鼎-開元,2023-07-04,9134
4915,致伸,11,0,11,群益金鼎-開元,2023-07-04,9134
9933,中鼎,11,0,11,群益金鼎-開元,2023-07-04,9134
2324,仁寶,13,2,11,群益金鼎-開元,2023-07-04,9134
2929,淘帝-KY,11,0,11,群益金鼎-開元,2023-07-04,9134
8049,晶采,11,0,11,群益金鼎-開元,2023-07-04,9134
1605,華新,13,2,11,群益金鼎-開元,2023-07-04,9134
2489,瑞軒,11,0,11,群益金鼎-開元,2023-07-04,9134
6122,擎邦,18,8,10,群益金鼎-開元,2023-07-04,9134
3511,矽瑪,10,0,10,群益金鼎-開元,2023-07-04,9134
2501,國建,10,0,10,群益金鼎-開元,2023-07-04,9134
2701,萬企,10,0,10,群益金鼎-開元,2023-07-04,9134
8110,華東,10,0,10,群益金鼎-開元,2023-07-04,9134
8210,勤誠,14,4,10,群益金鼎-開元,2023-07-04,9134
2609,陽明,240,62,178,群益金鼎-開元,2023-07-05,9134
6443,元晶,84,0,84,群益金鼎-開元,2023-07-05,9134
1609,大亞,90,13,77,群益金鼎-開元,2023-07-05,9134
2317,鴻海,102,27,75,群益金鼎-開元,2023-07-05,9134
2402,毅嘉,98,35,63,群益金鼎-開元,2023-07-05,9134
2867,三商壽,62,0,62,群益金鼎-開元,2023-07-05,9134
00929,復華台灣科技優息,66,5,61,群益金鼎-開元,2023-07-05,9134
0056,元大高股息,67,20,47,群益金鼎-開元,2023-07-05,9134
2890,永豐金,50,4,46,群益金鼎-開元,2023-07-05,9134
3712,永崴投控,45,0,45,群益金鼎-開元,2023-07-05,9134
1584,精剛,51,7,44,群益金鼎-開元,2023-07-05,9134
4904,遠傳,44,2,42,群益金鼎-開元,2023-07-05,9134
1218,泰山,41,0,41,群益金鼎-開元,2023-07-05,9134
6126,信音,50,10,40,群益金鼎-開元,2023-07-05,9134
2883,凱基金,44,5,39,群益金鼎-開元,2023-07-05,9134
2356,英業達,45,8,37,群益金鼎-開元,2023-07-05,9134
2303,聯電,35,0,35,群益金鼎-開元,2023-07-05,9134
00632R,元大台灣50反1,45,11,34,群益金鼎-開元,2023-07-05,9134
8110,華東,31,0,31,群益金鼎-開元,2023-07-05,9134
6244,茂迪,42,11,31,群益金鼎-開元,2023-07-05,9134
2428,興勤,30,0,30,群益金鼎-開元,2023-07-05,9134
1611,中電,37,10,27,群益金鼎-開元,2023-07-05,9134
9933,中鼎,24,0,24,群益金鼎-開元,2023-07-05,9134
6133,金橋,24,1,23,群益金鼎-開元,2023-07-05,9134
00927,群益半導體收益,22,0,22,群益金鼎-開元,2023-07-05,9134
8064,東捷,22,0,22,群益金鼎-開元,2023-07-05,9134
00673R,期元大S＆P原油反1,22,0,22,群益金鼎-開元,2023-07-05,9134
1513,中興電,21,1,20,群益金鼎-開元,2023-07-05,9134
3231,緯創,43,24,19,群益金鼎-開元,2023-07-05,9134
2743,山富,25,6,19,群益金鼎-開元,2023-07-05,9134
5009,榮剛,35,17,18,群益金鼎-開元,2023-07-05,9134
2399,映泰,21,4,17,群益金鼎-開元,2023-07-05,9134
1809,中釉,17,0,17,群益金鼎-開元,2023-07-05,9134
6217,中探針,26,9,17,群益金鼎-開元,2023-07-05,9134
2820,華票,15,0,15,群益金鼎-開元,2023-07-05,9134
3481,群創,25,11,14,群益金鼎-開元,2023-07-05,9134
3706,神達,25,11,14,群益金鼎-開元,2023-07-05,9134
1522,堤維西,18,6,12,群益金鼎-開元,2023-07-05,9134
1303,南亞,12,0,12,群益金鼎-開元,2023-07-05,9134
00665L,富邦�琤肭磪囓�2,12,0,12,群益金鼎-開元,2023-07-05,9134
3036,文曄,14,2,12,群益金鼎-開元,2023-07-05,9134
1301,台塑,11,0,11,群益金鼎-開元,2023-07-05,9134
4908,前鼎,12,1,11,群益金鼎-開元,2023-07-05,9134
2066,世德,11,0,11,群益金鼎-開元,2023-07-05,9134
1605,華新,22,11,11,群益金鼎-開元,2023-07-05,9134
8038,長園科,11,0,11,群益金鼎-開元,2023-07-05,9134
2892,第一金,10,0,10,群益金鼎-開元,2023-07-05,9134
2206,三陽工業,12,2,10,群益金鼎-開元,2023-07-05,9134
1464,得力,10,0,10,群益金鼎-開元,2023-07-05,9134
3450,聯鈞,10,0,10,群益金鼎-開元,2023-07-05,9134
2331,精英,158,10,148,群益金鼎-開元,2023-07-06,9134
2392,正崴,116,10,106,群益金鼎-開元,2023-07-06,9134
1909,榮成,105,6,99,群益金鼎-開元,2023-07-06,9134
4414,如興,101,3,98,群益金鼎-開元,2023-07-06,9134
8064,東捷,60,0,60,群益金鼎-開元,2023-07-06,9134
2845,遠東銀,50,0,50,群益金鼎-開元,2023-07-06,9134
1218,泰山,50,1,49,群益金鼎-開元,2023-07-06,9134
8215,明基材,95,46,49,群益金鼎-開元,2023-07-06,9134
5356,協益,45,0,45,群益金鼎-開元,2023-07-06,9134
00929,復華台灣科技優息,45,0,45,群益金鼎-開元,2023-07-06,9134
6126,信音,51,8,43,群益金鼎-開元,2023-07-06,9134
1471,首利,43,2,41,群益金鼎-開元,2023-07-06,9134
2892,第一金,41,1,40,群益金鼎-開元,2023-07-06,9134
00680L,元大美債20正2,39,0,39,群益金鼎-開元,2023-07-06,9134
2317,鴻海,61,23,38,群益金鼎-開元,2023-07-06,9134
00878,國泰永續高股息,57,21,36,群益金鼎-開元,2023-07-06,9134
00706L,期元大S＆P日圓正2,34,0,34,群益金鼎-開元,2023-07-06,9134
3231,緯創,90,57,33,群益金鼎-開元,2023-07-06,9134
1795,美時,33,3,30,群益金鼎-開元,2023-07-06,9134
2883,凱基金,39,11,28,群益金鼎-開元,2023-07-06,9134
9945,潤泰新,28,0,28,群益金鼎-開元,2023-07-06,9134
9958,世紀鋼,56,28,28,群益金鼎-開元,2023-07-06,9134
2002,中鋼,27,0,27,群益金鼎-開元,2023-07-06,9134
2330,台積電,28,2,26,群益金鼎-開元,2023-07-06,9134
2323,中環,31,8,23,群益金鼎-開元,2023-07-06,9134
6188,廣明,26,4,22,群益金鼎-開元,2023-07-06,9134
0056,元大高股息,55,33,22,群益金鼎-開元,2023-07-06,9134
1101,台泥,26,5,21,群益金鼎-開元,2023-07-06,9134
00882,中信中國高股息,21,0,21,群益金鼎-開元,2023-07-06,9134
9940,信義,21,0,21,群益金鼎-開元,2023-07-06,9134
6806,森崴能源,26,5,21,群益金鼎-開元,2023-07-06,9134
4973,廣穎,20,0,20,群益金鼎-開元,2023-07-06,9134
1446,宏和,20,0,20,群益金鼎-開元,2023-07-06,9134
4934,太極,22,3,19,群益金鼎-開元,2023-07-06,9134
9907,統一實,22,3,19,群益金鼎-開元,2023-07-06,9134
3576,聯合再生,18,0,18,群益金鼎-開元,2023-07-06,9134
2888,新光金,18,0,18,群益金鼎-開元,2023-07-06,9134
2618,長榮航,107,89,18,群益金鼎-開元,2023-07-06,9134
00688L,國泰20年美債正2,17,0,17,群益金鼎-開元,2023-07-06,9134
8069,元太,20,3,17,群益金鼎-開元,2023-07-06,9134
5864,致和證,17,0,17,群益金鼎-開元,2023-07-06,9134
3025,星通,17,0,17,群益金鼎-開元,2023-07-06,9134
00679B,元大美債20年,17,0,17,群益金鼎-開元,2023-07-06,9134
6142,友勁,17,1,16,群益金鼎-開元,2023-07-06,9134
3346,麗清,19,3,16,群益金鼎-開元,2023-07-06,9134
2801,彰銀,16,0,16,群益金鼎-開元,2023-07-06,9134
2421,建準,18,2,16,群益金鼎-開元,2023-07-06,9134
2743,山富,16,1,15,群益金鼎-開元,2023-07-06,9134
6111,大宇資,27,13,14,群益金鼎-開元,2023-07-06,9134
4994,傳奇,15,1,14,群益金鼎-開元,2023-07-06,9134
00632R,元大台灣50反1,623,7,616,群益金鼎-開元,2023-07-07,9134
3037,欣興,106,0,106,群益金鼎-開元,2023-07-07,9134
4414,如興,100,0,100,群益金鼎-開元,2023-07-07,9134
1522,堤維西,100,0,100,群益金鼎-開元,2023-07-07,9134
2618,長榮航,101,9,92,群益金鼎-開元,2023-07-07,9134
9940,信義,65,0,65,群益金鼎-開元,2023-07-07,9134
00679B,元大美債20年,67,4,63,群益金鼎-開元,2023-07-07,9134
2105,正新,62,2,60,群益金鼎-開元,2023-07-07,9134
2312,金寶,67,10,57,群益金鼎-開元,2023-07-07,9134
00929,復華台灣科技優息,52,0,52,群益金鼎-開元,2023-07-07,9134
8096,擎亞,50,0,50,群益金鼎-開元,2023-07-07,9134
3703,欣陸,40,0,40,群益金鼎-開元,2023-07-07,9134
00680L,元大美債20正2,37,0,37,群益金鼎-開元,2023-07-07,9134
2906,高林,35,0,35,群益金鼎-開元,2023-07-07,9134
00673R,期元大S＆P原油反1,35,0,35,群益金鼎-開元,2023-07-07,9134
1314,中石化,35,0,35,群益金鼎-開元,2023-07-07,9134
2340,台亞,92,59,33,群益金鼎-開元,2023-07-07,9134
6116,彩晶,33,0,33,群益金鼎-開元,2023-07-07,9134
00688L,國泰20年美債正2,32,0,32,群益金鼎-開元,2023-07-07,9134
5531,鄉林,31,0,31,群益金鼎-開元,2023-07-07,9134
9933,中鼎,31,0,31,群益金鼎-開元,2023-07-07,9134
00927,群益半導體收益,29,0,29,群益金鼎-開元,2023-07-07,9134
4744,皇將,32,3,29,群益金鼎-開元,2023-07-07,9134
2883,凱基金,30,2,28,群益金鼎-開元,2023-07-07,9134
1218,泰山,25,0,25,群益金鼎-開元,2023-07-07,9134
2344,華邦電,24,1,23,群益金鼎-開元,2023-07-07,9134
00878,國泰永續高股息,28,6,22,群益金鼎-開元,2023-07-07,9134
4523,永彰,23,1,22,群益金鼎-開元,2023-07-07,9134
2353,宏��,22,1,21,群益金鼎-開元,2023-07-07,9134
6182,合晶,24,3,21,群益金鼎-開元,2023-07-07,9134
3218,大學光,20,0,20,群益金鼎-開元,2023-07-07,9134
8358,金居,27,7,20,群益金鼎-開元,2023-07-07,9134
2409,友達,20,0,20,群益金鼎-開元,2023-07-07,9134
2313,華通,25,5,20,群益金鼎-開元,2023-07-07,9134
2609,陽明,26,7,19,群益金鼎-開元,2023-07-07,9134
2331,精英,20,2,18,群益金鼎-開元,2023-07-07,9134
2489,瑞軒,21,4,17,群益金鼎-開元,2023-07-07,9134
8048,德勝,30,13,17,群益金鼎-開元,2023-07-07,9134
4526,東台,17,1,16,群益金鼎-開元,2023-07-07,9134
2887,台新金,15,0,15,群益金鼎-開元,2023-07-07,9134
3034,聯詠,15,0,15,群益金鼎-開元,2023-07-07,9134
00922,國泰台灣領袖50,15,0,15,群益金鼎-開元,2023-07-07,9134
4906,正文,17,2,15,群益金鼎-開元,2023-07-07,9134
2356,英業達,44,29,15,群益金鼎-開元,2023-07-07,9134
3454,晶睿,17,2,15,群益金鼎-開元,2023-07-07,9134
9802,鈺齊-KY,19,4,15,群益金鼎-開元,2023-07-07,9134
6806,森崴能源,20,5,15,群益金鼎-開元,2023-07-07,9134
2066,世德,13,0,13,群益金鼎-開元,2023-07-07,9134
1101,台泥,20,8,12,群益金鼎-開元,2023-07-07,9134
2882,國泰金,12,0,12,群益金鼎-開元,2023-07-07,9134
2409,友達,129,7,122,群益金鼎-開元,2023-07-10,9134
00882,中信中國高股息,104,0,104,群益金鼎-開元,2023-07-10,9134
5864,致和證,94,2,92,群益金鼎-開元,2023-07-10,9134
6026,福邦證,90,0,90,群益金鼎-開元,2023-07-10,9134
5356,協益,40,0,40,群益金鼎-開元,2023-07-10,9134
00680L,元大美債20正2,36,0,36,群益金鼎-開元,2023-07-10,9134
2609,陽明,47,12,35,群益金鼎-開元,2023-07-10,9134
00679B,元大美債20年,32,1,31,群益金鼎-開元,2023-07-10,9134
2883,凱基金,53,22,31,群益金鼎-開元,2023-07-10,9134
00673R,期元大S＆P原油反1,26,0,26,群益金鼎-開元,2023-07-10,9134
3481,群創,59,34,25,群益金鼎-開元,2023-07-10,9134
3034,聯詠,26,3,23,群益金鼎-開元,2023-07-10,9134
6235,華孚,64,42,22,群益金鼎-開元,2023-07-10,9134
3218,大學光,20,0,20,群益金鼎-開元,2023-07-10,9134
2444,兆勁,20,0,20,群益金鼎-開元,2023-07-10,9134
2439,美律,20,0,20,群益金鼎-開元,2023-07-10,9134
1809,中釉,26,7,19,群益金鼎-開元,2023-07-10,9134
4532,瑞智,28,9,19,群益金鼎-開元,2023-07-10,9134
2884,玉山金,23,5,18,群益金鼎-開元,2023-07-10,9134
1101,台泥,21,3,18,群益金鼎-開元,2023-07-10,9134
2313,華通,26,9,17,群益金鼎-開元,2023-07-10,9134
4168,醣聯,16,0,16,群益金鼎-開元,2023-07-10,9134
00878,國泰永續高股息,18,2,16,群益金鼎-開元,2023-07-10,9134
1905,華紙,21,6,15,群益金鼎-開元,2023-07-10,9134
1605,華新,24,9,15,群益金鼎-開元,2023-07-10,9134
6116,彩晶,15,0,15,群益金鼎-開元,2023-07-10,9134
6005,群益證,15,0,15,群益金鼎-開元,2023-07-10,9134
1301,台塑,14,0,14,群益金鼎-開元,2023-07-10,9134
2317,鴻海,14,0,14,群益金鼎-開元,2023-07-10,9134
6282,康舒,47,33,14,群益金鼎-開元,2023-07-10,9134
9955,佳龍,14,0,14,群益金鼎-開元,2023-07-10,9134
00688L,國泰20年美債正2,13,0,13,群益金鼎-開元,2023-07-10,9134
3576,聯合再生,18,6,12,群益金鼎-開元,2023-07-10,9134
8050,廣積,43,31,12,群益金鼎-開元,2023-07-10,9134
3265,台星科,12,1,11,群益金鼎-開元,2023-07-10,9134
2637,慧洋-KY,11,0,11,群益金鼎-開元,2023-07-10,9134
3018,隆銘綠能,11,0,11,群益金鼎-開元,2023-07-10,9134
00861,元大全球未來通訊,11,0,11,群益金鼎-開元,2023-07-10,9134
4142,國光生,11,0,11,群益金鼎-開元,2023-07-10,9134
2889,國票金,11,0,11,群益金鼎-開元,2023-07-10,9134
3711,日月光投控,10,0,10,群益金鼎-開元,2023-07-10,9134
1907,永豐餘,10,0,10,群益金鼎-開元,2023-07-10,9134
1708,東鹼,14,4,10,群益金鼎-開元,2023-07-10,9134
3706,神達,11,1,10,群益金鼎-開元,2023-07-10,9134
3363,上詮,13,3,10,群益金鼎-開元,2023-07-10,9134
1417,嘉裕,10,0,10,群益金鼎-開元,2023-07-10,9134
2906,高林,10,0,10,群益金鼎-開元,2023-07-10,9134
2436,偉詮電,17,7,10,群益金鼎-開元,2023-07-10,9134
4944,兆遠,10,0,10,群益金鼎-開元,2023-07-10,9134
2105,正新,94,84,10,群益金鼎-開元,2023-07-10,9134
3034,聯詠,143,0,143,群益金鼎-開元,2023-07-11,9134
2618,長榮航,188,57,131,群益金鼎-開元,2023-07-11,9134
2392,正崴,45,0,45,群益金鼎-開元,2023-07-11,9134
2883,凱基金,43,1,42,群益金鼎-開元,2023-07-11,9134
6026,福邦證,40,0,40,群益金鼎-開元,2023-07-11,9134
3218,大學光,40,0,40,群益金鼎-開元,2023-07-11,9134
2444,兆勁,45,8,37,群益金鼎-開元,2023-07-11,9134
2906,高林,30,0,30,群益金鼎-開元,2023-07-11,9134
1101,台泥,37,10,27,群益金鼎-開元,2023-07-11,9134
9958,世紀鋼,24,0,24,群益金鼎-開元,2023-07-11,9134
2609,陽明,47,24,23,群益金鼎-開元,2023-07-11,9134
6126,信音,38,16,22,群益金鼎-開元,2023-07-11,9134
2317,鴻海,22,1,21,群益金鼎-開元,2023-07-11,9134
2363,矽統,20,0,20,群益金鼎-開元,2023-07-11,9134
6649,台生材,19,0,19,群益金鼎-開元,2023-07-11,9134
00673R,期元大S＆P原油反1,15,0,15,群益金鼎-開元,2023-07-11,9134
4916,事欣科,19,4,15,群益金鼎-開元,2023-07-11,9134
2468,華經,14,0,14,群益金鼎-開元,2023-07-11,9134
2482,連宇,16,2,14,群益金鼎-開元,2023-07-11,9134
00679B,元大美債20年,14,0,14,群益金鼎-開元,2023-07-11,9134
4532,瑞智,29,15,14,群益金鼎-開元,2023-07-11,9134
1618,合機,18,5,13,群益金鼎-開元,2023-07-11,9134
4934,太極,37,24,13,群益金鼎-開元,2023-07-11,9134
2340,台亞,32,20,12,群益金鼎-開元,2023-07-11,9134
2485,兆赫,12,0,12,群益金鼎-開元,2023-07-11,9134
6188,廣明,16,5,11,群益金鼎-開元,2023-07-11,9134
3003,健和興,11,0,11,群益金鼎-開元,2023-07-11,9134
3362,先進光,25,14,11,群益金鼎-開元,2023-07-11,9134
1536,和大,11,0,11,群益金鼎-開元,2023-07-11,9134
6197,佳必琪,10,0,10,群益金鼎-開元,2023-07-11,9134
2107,厚生,10,0,10,群益金鼎-開元,2023-07-11,9134
1451,年興,10,0,10,群益金鼎-開元,2023-07-11,9134
3494,誠研,10,0,10,群益金鼎-開元,2023-07-11,9134
1762,中化生,11,1,10,群益金鼎-開元,2023-07-11,9134
2542,興富發,10,0,10,群益金鼎-開元,2023-07-11,9134
3702,大聯大,10,0,10,群益金鼎-開元,2023-07-11,9134
6133,金橋,10,0,10,群益金鼎-開元,2023-07-11,9134
4720,德淵,10,0,10,群益金鼎-開元,2023-07-11,9134
9929,秋雨,10,0,10,群益金鼎-開元,2023-07-11,9134
2329,華泰,15,5,10,群益金鼎-開元,2023-07-11,9134
6235,華孚,23,13,10,群益金鼎-開元,2023-07-11,9134
3016,嘉晶,14,5,9,群益金鼎-開元,2023-07-11,9134
2881,富邦金,11,2,9,群益金鼎-開元,2023-07-11,9134
6005,群益證,10,1,9,群益金鼎-開元,2023-07-11,9134
00927,群益半導體收益,23,14,9,群益金鼎-開元,2023-07-11,9134
6719,力智,9,0,9,群益金鼎-開元,2023-07-11,9134
1504,東元,26,18,8,群益金鼎-開元,2023-07-11,9134
2342,茂矽,17,9,8,群益金鼎-開元,2023-07-11,9134
00762,元大全球AI,12,4,8,群益金鼎-開元,2023-07-11,9134
6426,統新,9,1,8,群益金鼎-開元,2023-07-11,9134
00720B,元大投資級公司債,117,0,117,群益金鼎-開元,2023-07-12,9134
2369,菱生,136,51,85,群益金鼎-開元,2023-07-12,9134
00673R,期元大S＆P原油反1,61,0,61,群益金鼎-開元,2023-07-12,9134
3481,群創,70,14,56,群益金鼎-開元,2023-07-12,9134
2888,新光金,53,9,44,群益金鼎-開元,2023-07-12,9134
5864,致和證,42,0,42,群益金鼎-開元,2023-07-12,9134
2610,華航,72,31,41,群益金鼎-開元,2023-07-12,9134
5356,協益,40,0,40,群益金鼎-開元,2023-07-12,9134
6026,福邦證,39,0,39,群益金鼎-開元,2023-07-12,9134
2014,中鴻,38,0,38,群益金鼎-開元,2023-07-12,9134
2363,矽統,31,0,31,群益金鼎-開元,2023-07-12,9134
3034,聯詠,30,0,30,群益金鼎-開元,2023-07-12,9134
2303,聯電,36,6,30,群益金鼎-開元,2023-07-12,9134
2609,陽明,45,15,30,群益金鼎-開元,2023-07-12,9134
3596,智易,30,1,29,群益金鼎-開元,2023-07-12,9134
8261,富鼎,31,2,29,群益金鼎-開元,2023-07-12,9134
6282,康舒,43,15,28,群益金鼎-開元,2023-07-12,9134
2603,長榮,33,6,27,群益金鼎-開元,2023-07-12,9134
00929,復華台灣科技優息,27,0,27,群益金鼎-開元,2023-07-12,9134
2618,長榮航,66,39,27,群益金鼎-開元,2023-07-12,9134
00905,FT臺灣Smart,23,0,23,群益金鼎-開元,2023-07-12,9134
6015,宏遠證,22,0,22,群益金鼎-開元,2023-07-12,9134
2352,佳世達,38,19,19,群益金鼎-開元,2023-07-12,9134
8048,德勝,23,4,19,群益金鼎-開元,2023-07-12,9134
9933,中鼎,17,0,17,群益金鼎-開元,2023-07-12,9134
6470,宇智,19,3,16,群益金鼎-開元,2023-07-12,9134
2301,光寶科,35,19,16,群益金鼎-開元,2023-07-12,9134
2481,強茂,21,5,16,群益金鼎-開元,2023-07-12,9134
00885,富邦越南,15,0,15,群益金鼎-開元,2023-07-12,9134
4527,方土霖,16,1,15,群益金鼎-開元,2023-07-12,9134
2340,台亞,20,5,15,群益金鼎-開元,2023-07-12,9134
2323,中環,34,20,14,群益金鼎-開元,2023-07-12,9134
8064,東捷,13,0,13,群益金鼎-開元,2023-07-12,9134
3032,偉訓,17,5,12,群益金鼎-開元,2023-07-12,9134
6523,達爾膚,12,0,12,群益金鼎-開元,2023-07-12,9134
00679B,元大美債20年,12,0,12,群益金鼎-開元,2023-07-12,9134
2455,全新,12,0,12,群益金鼎-開元,2023-07-12,9134
4532,瑞智,56,45,11,群益金鼎-開元,2023-07-12,9134
3289,宜特,16,5,11,群益金鼎-開元,2023-07-12,9134
4934,太極,18,7,11,群益金鼎-開元,2023-07-12,9134
2929,淘帝-KY,13,2,11,群益金鼎-開元,2023-07-12,9134
2409,友達,14,3,11,群益金鼎-開元,2023-07-12,9134
6116,彩晶,10,0,10,群益金鼎-開元,2023-07-12,9134
2312,金寶,13,3,10,群益金鼎-開元,2023-07-12,9134
2401,凌陽,11,1,10,群益金鼎-開元,2023-07-12,9134
3047,訊舟,10,0,10,群益金鼎-開元,2023-07-12,9134
00861,元大全球未來通訊,10,0,10,群益金鼎-開元,2023-07-12,9134
1471,首利,10,1,9,群益金鼎-開元,2023-07-12,9134
2332,友訊,10,1,9,群益金鼎-開元,2023-07-12,9134
00665L,富邦�琤肭磪囓�2,13,4,9,群益金鼎-開元,2023-07-12,9134
00632R,元大台灣50反1,690,73,617,群益金鼎-開元,2023-07-13,9134
5864,致和證,245,17,228,群益金鼎-開元,2023-07-13,9134
2409,友達,217,14,203,群益金鼎-開元,2023-07-13,9134
2610,華航,229,104,125,群益金鼎-開元,2023-07-13,9134
00673R,期元大S＆P原油反1,96,0,96,群益金鼎-開元,2023-07-13,9134
2618,長榮航,297,212,85,群益金鼎-開元,2023-07-13,9134
1711,永光,79,0,79,群益金鼎-開元,2023-07-13,9134
2105,正新,70,2,68,群益金鼎-開元,2023-07-13,9134
6806,森崴能源,55,1,54,群益金鼎-開元,2023-07-13,9134
8936,國統,125,72,53,群益金鼎-開元,2023-07-13,9134
2337,旺宏,52,0,52,群益金鼎-開元,2023-07-13,9134
5425,台半,51,0,51,群益金鼎-開元,2023-07-13,9134
2820,華票,41,0,41,群益金鼎-開元,2023-07-13,9134
2867,三商壽,40,0,40,群益金鼎-開元,2023-07-13,9134
6446,藥華藥,30,0,30,群益金鼎-開元,2023-07-13,9134
2883,凱基金,34,6,28,群益金鼎-開元,2023-07-13,9134
2324,仁寶,40,16,24,群益金鼎-開元,2023-07-13,9134
2303,聯電,23,1,22,群益金鼎-開元,2023-07-13,9134
2331,精英,33,11,22,群益金鼎-開元,2023-07-13,9134
2401,凌陽,22,0,22,群益金鼎-開元,2023-07-13,9134
2363,矽統,22,1,21,群益金鼎-開元,2023-07-13,9134
9962,有益,20,0,20,群益金鼎-開元,2023-07-13,9134
5222,全訊,20,0,20,群益金鼎-開元,2023-07-13,9134
4526,東台,20,0,20,群益金鼎-開元,2023-07-13,9134
00679B,元大美債20年,20,1,19,群益金鼎-開元,2023-07-13,9134
1605,華新,25,8,17,群益金鼎-開元,2023-07-13,9134
2399,映泰,35,19,16,群益金鼎-開元,2023-07-13,9134
1907,永豐餘,16,0,16,群益金鼎-開元,2023-07-13,9134
6126,信音,44,28,16,群益金鼎-開元,2023-07-13,9134
6282,康舒,23,7,16,群益金鼎-開元,2023-07-13,9134
2332,友訊,17,2,15,群益金鼎-開元,2023-07-13,9134
3231,緯創,50,35,15,群益金鼎-開元,2023-07-13,9134
2359,所羅門,22,8,14,群益金鼎-開元,2023-07-13,9134
2481,強茂,17,4,13,群益金鼎-開元,2023-07-13,9134
8215,明基材,15,2,13,群益金鼎-開元,2023-07-13,9134
6026,福邦證,18,5,13,群益金鼎-開元,2023-07-13,9134
1609,大亞,48,36,12,群益金鼎-開元,2023-07-13,9134
5011,久陽,12,0,12,群益金鼎-開元,2023-07-13,9134
3036,文曄,17,5,12,群益金鼎-開元,2023-07-13,9134
2329,華泰,24,12,12,群益金鼎-開元,2023-07-13,9134
3038,全台,12,0,12,群益金鼎-開元,2023-07-13,9134
2609,陽明,60,49,11,群益金鼎-開元,2023-07-13,9134
3666,光耀,11,0,11,群益金鼎-開元,2023-07-13,9134
6213,聯茂,20,9,11,群益金鼎-開元,2023-07-13,9134
2349,錸德,11,0,11,群益金鼎-開元,2023-07-13,9134
1536,和大,11,0,11,群益金鼎-開元,2023-07-13,9134
1718,中纖,11,0,11,群益金鼎-開元,2023-07-13,9134
4167,松瑞藥,10,0,10,群益金鼎-開元,2023-07-13,9134
4938,和碩,22,12,10,群益金鼎-開元,2023-07-13,9134
6016,康和證,15,5,10,群益金鼎-開元,2023-07-13,9134
00720B,元大投資級公司債,144,0,144,群益金鼎-開元,2023-07-14,9134
00642U,期元大S＆P石油,123,2,121,群益金鼎-開元,2023-07-14,9134
2201,裕隆,135,62,73,群益金鼎-開元,2023-07-14,9134
5864,致和證,77,13,64,群益金鼎-開元,2023-07-14,9134
3594,磐儀,63,2,61,群益金鼎-開元,2023-07-14,9134
1609,大亞,66,10,56,群益金鼎-開元,2023-07-14,9134
2104,國際中橡,52,0,52,群益金鼎-開元,2023-07-14,9134
2867,三商壽,44,0,44,群益金鼎-開元,2023-07-14,9134
6026,福邦證,42,0,42,群益金鼎-開元,2023-07-14,9134
2542,興富發,35,0,35,群益金鼎-開元,2023-07-14,9134
2382,廣達,65,33,32,群益金鼎-開元,2023-07-14,9134
00679B,元大美債20年,33,2,31,群益金鼎-開元,2023-07-14,9134
2405,輔信,30,0,30,群益金鼎-開元,2023-07-14,9134
8050,廣積,68,39,29,群益金鼎-開元,2023-07-14,9134
00882,中信中國高股息,29,1,28,群益金鼎-開元,2023-07-14,9134
1795,美時,30,2,28,群益金鼎-開元,2023-07-14,9134
00673R,期元大S＆P原油反1,27,0,27,群益金鼎-開元,2023-07-14,9134
2462,良得電,25,0,25,群益金鼎-開元,2023-07-14,9134
3596,智易,30,8,22,群益金鼎-開元,2023-07-14,9134
1471,首利,29,8,21,群益金鼎-開元,2023-07-14,9134
2617,台航,20,0,20,群益金鼎-開元,2023-07-14,9134
2027,大成鋼,20,0,20,群益金鼎-開元,2023-07-14,9134
2906,高林,20,0,20,群益金鼎-開元,2023-07-14,9134
8064,東捷,20,0,20,群益金鼎-開元,2023-07-14,9134
1789,神隆,20,2,18,群益金鼎-開元,2023-07-14,9134
2630,亞航,17,0,17,群益金鼎-開元,2023-07-14,9134
5356,協益,16,0,16,群益金鼎-開元,2023-07-14,9134
2812,台中銀,15,0,15,群益金鼎-開元,2023-07-14,9134
00671R,富邦NASDAQ反1,15,0,15,群益金鼎-開元,2023-07-14,9134
8027,鈦昇,15,0,15,群益金鼎-開元,2023-07-14,9134
6005,群益證,15,0,15,群益金鼎-開元,2023-07-14,9134
4533,協易機,47,32,15,群益金鼎-開元,2023-07-14,9134
2308,台達電,16,2,14,群益金鼎-開元,2023-07-14,9134
2363,矽統,13,0,13,群益金鼎-開元,2023-07-14,9134
1210,大成,15,2,13,群益金鼎-開元,2023-07-14,9134
4563,百德,13,0,13,群益金鼎-開元,2023-07-14,9134
9802,鈺齊-KY,13,0,13,群益金鼎-開元,2023-07-14,9134
2402,毅嘉,14,1,13,群益金鼎-開元,2023-07-14,9134
8358,金居,18,6,12,群益金鼎-開元,2023-07-14,9134
6443,元晶,13,1,12,群益金鼎-開元,2023-07-14,9134
6111,大宇資,14,2,12,群益金鼎-開元,2023-07-14,9134
6161,捷波,10,0,10,群益金鼎-開元,2023-07-14,9134
00929,復華台灣科技優息,10,0,10,群益金鼎-開元,2023-07-14,9134
6163,華電網,10,0,10,群益金鼎-開元,2023-07-14,9134
1101,台泥,11,1,10,群益金鼎-開元,2023-07-14,9134
4904,遠傳,15,5,10,群益金鼎-開元,2023-07-14,9134
6116,彩晶,10,0,10,群益金鼎-開元,2023-07-14,9134
00676R,富邦臺灣加權反1,10,0,10,群益金鼎-開元,2023-07-14,9134
3666,光耀,10,0,10,群益金鼎-開元,2023-07-14,9134
5706,鳳凰,30,20,10,群益金鼎-開元,2023-07-14,9134
8936,國統,136,5,131,群益金鼎-開元,2023-07-17,9134
5531,鄉林,81,0,81,群益金鼎-開元,2023-07-17,9134
2542,興富發,63,0,63,群益金鼎-開元,2023-07-17,9134
00929,復華台灣科技優息,61,0,61,群益金鼎-開元,2023-07-17,9134
5864,致和證,52,0,52,群益金鼎-開元,2023-07-17,9134
2359,所羅門,56,7,49,群益金鼎-開元,2023-07-17,9134
3583,辛耘,95,47,48,群益金鼎-開元,2023-07-17,9134
2885,元大金,50,3,47,群益金鼎-開元,2023-07-17,9134
2618,長榮航,79,34,45,群益金鼎-開元,2023-07-17,9134
2610,華航,87,47,40,群益金鼎-開元,2023-07-17,9134
00923,群益台ESG低碳50,41,2,39,群益金鼎-開元,2023-07-17,9134
3231,緯創,35,5,30,群益金鼎-開元,2023-07-17,9134
1806,冠軍,30,0,30,群益金鼎-開元,2023-07-17,9134
00882,中信中國高股息,29,0,29,群益金鼎-開元,2023-07-17,9134
00670L,富邦NASDAQ正2,29,0,29,群益金鼎-開元,2023-07-17,9134
8048,德勝,29,0,29,群益金鼎-開元,2023-07-17,9134
6285,啟��,42,14,28,群益金鼎-開元,2023-07-17,9134
2405,輔信,27,0,27,群益金鼎-開元,2023-07-17,9134
1101,台泥,39,12,27,群益金鼎-開元,2023-07-17,9134
3706,神達,26,1,25,群益金鼎-開元,2023-07-17,9134
6126,信音,25,2,23,群益金鼎-開元,2023-07-17,9134
2360,致茂,23,0,23,群益金鼎-開元,2023-07-17,9134
2356,英業達,31,9,22,群益金鼎-開元,2023-07-17,9134
2883,凱基金,26,5,21,群益金鼎-開元,2023-07-17,9134
8064,東捷,20,0,20,群益金鼎-開元,2023-07-17,9134
3380,明泰,23,3,20,群益金鼎-開元,2023-07-17,9134
00927,群益半導體收益,30,11,19,群益金鼎-開元,2023-07-17,9134
2371,大同,45,26,19,群益金鼎-開元,2023-07-17,9134
1402,遠東新,17,0,17,群益金鼎-開元,2023-07-17,9134
2332,友訊,20,3,17,群益金鼎-開元,2023-07-17,9134
2344,華邦電,28,12,16,群益金鼎-開元,2023-07-17,9134
1560,中砂,18,2,16,群益金鼎-開元,2023-07-17,9134
3025,星通,27,11,16,群益金鼎-開元,2023-07-17,9134
2201,裕隆,52,36,16,群益金鼎-開元,2023-07-17,9134
8046,南電,26,10,16,群益金鼎-開元,2023-07-17,9134
2609,陽明,27,12,15,群益金鼎-開元,2023-07-17,9134
2211,長榮鋼,21,6,15,群益金鼎-開元,2023-07-17,9134
2314,台揚,16,1,15,群益金鼎-開元,2023-07-17,9134
6470,宇智,67,54,13,群益金鼎-開元,2023-07-17,9134
6179,亞通,35,23,12,群益金鼎-開元,2023-07-17,9134
3011,今皓,12,0,12,群益金鼎-開元,2023-07-17,9134
3032,偉訓,17,6,11,群益金鼎-開元,2023-07-17,9134
8103,瀚荃,11,0,11,群益金鼎-開元,2023-07-17,9134
3205,佰研,92,81,11,群益金鼎-開元,2023-07-17,9134
2421,建準,22,11,11,群益金鼎-開元,2023-07-17,9134
2454,聯發科,10,0,10,群益金鼎-開元,2023-07-17,9134
00639,富邦深100,10,0,10,群益金鼎-開元,2023-07-17,9134
00679B,元大美債20年,13,3,10,群益金鼎-開元,2023-07-17,9134
2031,新光鋼,10,0,10,群益金鼎-開元,2023-07-17,9134
3537,堡達,10,0,10,群益金鼎-開元,2023-07-17,9134
2515,中工,343,1,342,群益金鼎-開元,2023-07-18,9134
1440,南紡,154,2,152,群益金鼎-開元,2023-07-18,9134
2324,仁寶,194,54,140,群益金鼎-開元,2023-07-18,9134
5608,四維航,124,8,116,群益金鼎-開元,2023-07-18,9134
2618,長榮航,157,76,81,群益金鼎-開元,2023-07-18,9134
4726,永昕,119,42,77,群益金鼎-開元,2023-07-18,9134
2888,新光金,89,23,66,群益金鼎-開元,2023-07-18,9134
6026,福邦證,66,0,66,群益金鼎-開元,2023-07-18,9134
2883,凱基金,69,4,65,群益金鼎-開元,2023-07-18,9134
00929,復華台灣科技優息,67,5,62,群益金鼎-開元,2023-07-18,9134
2705,六福,59,1,58,群益金鼎-開元,2023-07-18,9134
5222,全訊,59,8,51,群益金鼎-開元,2023-07-18,9134
4938,和碩,66,16,50,群益金鼎-開元,2023-07-18,9134
8936,國統,61,11,50,群益金鼎-開元,2023-07-18,9134
2542,興富發,49,0,49,群益金鼎-開元,2023-07-18,9134
1605,華新,47,2,45,群益金鼎-開元,2023-07-18,9134
6197,佳必琪,61,17,44,群益金鼎-開元,2023-07-18,9134
2312,金寶,115,73,42,群益金鼎-開元,2023-07-18,9134
2302,麗正,40,0,40,群益金鼎-開元,2023-07-18,9134
4526,東台,35,0,35,群益金鼎-開元,2023-07-18,9134
5864,致和證,35,0,35,群益金鼎-開元,2023-07-18,9134
00882,中信中國高股息,42,10,32,群益金鼎-開元,2023-07-18,9134
5607,遠雄港,30,0,30,群益金鼎-開元,2023-07-18,9134
3703,欣陸,30,0,30,群益金鼎-開元,2023-07-18,9134
2885,元大金,30,0,30,群益金鼎-開元,2023-07-18,9134
3707,漢磊,30,1,29,群益金鼎-開元,2023-07-18,9134
2363,矽統,28,2,26,群益金鼎-開元,2023-07-18,9134
1514,亞力,47,21,26,群益金鼎-開元,2023-07-18,9134
9919,康那香,46,20,26,群益金鼎-開元,2023-07-18,9134
0056,元大高股息,31,6,25,群益金鼎-開元,2023-07-18,9134
1101,台泥,24,1,23,群益金鼎-開元,2023-07-18,9134
6806,森崴能源,22,2,20,群益金鼎-開元,2023-07-18,9134
2439,美律,20,0,20,群益金鼎-開元,2023-07-18,9134
2425,承啟,23,3,20,群益金鼎-開元,2023-07-18,9134
2449,京元電子,35,15,20,群益金鼎-開元,2023-07-18,9134
2409,友達,27,8,19,群益金鼎-開元,2023-07-18,9134
6282,康舒,81,62,19,群益金鼎-開元,2023-07-18,9134
3706,神達,138,120,18,群益金鼎-開元,2023-07-18,9134
2301,光寶科,57,39,18,群益金鼎-開元,2023-07-18,9134
8050,廣積,57,39,18,群益金鼎-開元,2023-07-18,9134
3078,僑威,50,32,18,群益金鼎-開元,2023-07-18,9134
1905,華紙,19,3,16,群益金鼎-開元,2023-07-18,9134
8104,錸寶,16,0,16,群益金鼎-開元,2023-07-18,9134
2485,兆赫,17,1,16,群益金鼎-開元,2023-07-18,9134
3163,波若威,23,7,16,群益金鼎-開元,2023-07-18,9134
5531,鄉林,21,6,15,群益金鼎-開元,2023-07-18,9134
00679B,元大美債20年,15,0,15,群益金鼎-開元,2023-07-18,9134
1504,東元,41,27,14,群益金鼎-開元,2023-07-18,9134
4916,事欣科,14,1,13,群益金鼎-開元,2023-07-18,9134
2401,凌陽,13,0,13,群益金鼎-開元,2023-07-18,9134
3046,建��,100,0,100,群益金鼎-開元,2023-07-19,9134
2867,三商壽,76,0,76,群益金鼎-開元,2023-07-19,9134
2313,華通,217,143,74,群益金鼎-開元,2023-07-19,9134
2353,宏��,123,53,70,群益金鼎-開元,2023-07-19,9134
00929,復華台灣科技優息,58,0,58,群益金鼎-開元,2023-07-19,9134
2201,裕隆,62,12,50,群益金鼎-開元,2023-07-19,9134
00712,復華富時不動產,63,14,49,群益金鼎-開元,2023-07-19,9134
2542,興富發,43,0,43,群益金鼎-開元,2023-07-19,9134
2329,華泰,49,12,37,群益金鼎-開元,2023-07-19,9134
2515,中工,37,0,37,群益金鼎-開元,2023-07-19,9134
3141,晶宏,38,1,37,群益金鼎-開元,2023-07-19,9134
3051,力特,35,0,35,群益金鼎-開元,2023-07-19,9134
3481,群創,51,19,32,群益金鼎-開元,2023-07-19,9134
6176,瑞儀,31,0,31,群益金鼎-開元,2023-07-19,9134
2104,國際中橡,30,0,30,群益金鼎-開元,2023-07-19,9134
2888,新光金,28,0,28,群益金鼎-開元,2023-07-19,9134
2324,仁寶,68,42,26,群益金鼎-開元,2023-07-19,9134
00882,中信中國高股息,25,0,25,群益金鼎-開元,2023-07-19,9134
3703,欣陸,23,0,23,群益金鼎-開元,2023-07-19,9134
0056,元大高股息,50,28,22,群益金鼎-開元,2023-07-19,9134
2323,中環,92,71,21,群益金鼎-開元,2023-07-19,9134
6026,福邦證,20,0,20,群益金鼎-開元,2023-07-19,9134
8011,台通,20,0,20,群益金鼎-開元,2023-07-19,9134
3706,神達,112,93,19,群益金鼎-開元,2023-07-19,9134
4967,十銓,20,1,19,群益金鼎-開元,2023-07-19,9134
3149,正達,21,2,19,群益金鼎-開元,2023-07-19,9134
2887,台新金,18,0,18,群益金鼎-開元,2023-07-19,9134
2303,聯電,29,12,17,群益金鼎-開元,2023-07-19,9134
2881,富邦金,18,2,16,群益金鼎-開元,2023-07-19,9134
2610,華航,342,328,14,群益金鼎-開元,2023-07-19,9134
1605,華新,26,12,14,群益金鼎-開元,2023-07-19,9134
3661,世芯-KY,15,1,14,群益金鼎-開元,2023-07-19,9134
2890,永豐金,14,1,13,群益金鼎-開元,2023-07-19,9134
3189,景碩,16,3,13,群益金鼎-開元,2023-07-19,9134
3704,合勤控,15,2,13,群益金鼎-開元,2023-07-19,9134
6161,捷波,19,7,12,群益金鼎-開元,2023-07-19,9134
8415,大國鋼,12,0,12,群益金鼎-開元,2023-07-19,9134
4526,東台,11,0,11,群益金鼎-開元,2023-07-19,9134
1319,東陽,11,0,11,群益金鼎-開元,2023-07-19,9134
4123,晟德,31,20,11,群益金鼎-開元,2023-07-19,9134
3044,健鼎,13,3,10,群益金鼎-開元,2023-07-19,9134
00930,永豐ESG低碳高息,10,0,10,群益金鼎-開元,2023-07-19,9134
4173,久裕,10,0,10,群益金鼎-開元,2023-07-19,9134
00671R,富邦NASDAQ反1,10,0,10,群益金鼎-開元,2023-07-19,9134
1314,中石化,10,0,10,群益金鼎-開元,2023-07-19,9134
2929,淘帝-KY,10,0,10,群益金鼎-開元,2023-07-19,9134
1712,興農,10,0,10,群益金鼎-開元,2023-07-19,9134
1806,冠軍,10,0,10,群益金鼎-開元,2023-07-19,9134
5469,瀚宇博,16,6,10,群益金鼎-開元,2023-07-19,9134
1722,台肥,10,0,10,群益金鼎-開元,2023-07-19,9134
00929,復華台灣科技優息,294,0,294,群益金鼎-開元,2023-07-20,9134
2610,華航,154,49,105,群益金鼎-開元,2023-07-20,9134
2618,長榮航,166,71,95,群益金鼎-開元,2023-07-20,9134
2303,聯電,74,6,68,群益金鼎-開元,2023-07-20,9134
9105,泰金寶-DR,50,0,50,群益金鼎-開元,2023-07-20,9134
3025,星通,49,7,42,群益金鼎-開元,2023-07-20,9134
4743,合一,40,0,40,群益金鼎-開元,2023-07-20,9134
4960,誠美材,35,0,35,群益金鼎-開元,2023-07-20,9134
6104,創惟,36,2,34,群益金鼎-開元,2023-07-20,9134
3149,正達,32,1,31,群益金鼎-開元,2023-07-20,9134
2504,國產,30,0,30,群益金鼎-開元,2023-07-20,9134
4938,和碩,47,18,29,群益金鼎-開元,2023-07-20,9134
3037,欣興,42,15,27,群益金鼎-開元,2023-07-20,9134
2706,第一店,25,0,25,群益金鼎-開元,2023-07-20,9134
1440,南紡,25,1,24,群益金鼎-開元,2023-07-20,9134
5356,協益,20,0,20,群益金鼎-開元,2023-07-20,9134
1795,美時,21,2,19,群益金鼎-開元,2023-07-20,9134
00712,復華富時不動產,18,0,18,群益金鼎-開元,2023-07-20,9134
1102,亞泥,18,0,18,群益金鼎-開元,2023-07-20,9134
2103,台橡,17,0,17,群益金鼎-開元,2023-07-20,9134
3289,宜特,25,9,16,群益金鼎-開元,2023-07-20,9134
2313,華通,28,12,16,群益金鼎-開元,2023-07-20,9134
4123,晟德,48,32,16,群益金鼎-開元,2023-07-20,9134
6290,良維,29,13,16,群益金鼎-開元,2023-07-20,9134
3481,群創,29,14,15,群益金鼎-開元,2023-07-20,9134
8048,德勝,22,7,15,群益金鼎-開元,2023-07-20,9134
00882,中信中國高股息,14,0,14,群益金鼎-開元,2023-07-20,9134
8071,能率網通,15,1,14,群益金鼎-開元,2023-07-20,9134
2883,凱基金,16,3,13,群益金鼎-開元,2023-07-20,9134
00923,群益台ESG低碳50,13,0,13,群益金鼎-開元,2023-07-20,9134
1815,富喬,16,4,12,群益金鼎-開元,2023-07-20,9134
1304,台聚,11,0,11,群益金鼎-開元,2023-07-20,9134
2722,夏都,11,0,11,群益金鼎-開元,2023-07-20,9134
4503,金雨,12,1,11,群益金鼎-開元,2023-07-20,9134
1736,喬山,11,0,11,群益金鼎-開元,2023-07-20,9134
2344,華邦電,11,0,11,群益金鼎-開元,2023-07-20,9134
6841,長佳智能,13,2,11,群益金鼎-開元,2023-07-20,9134
3227,原相,12,1,11,群益金鼎-開元,2023-07-20,9134
2317,鴻海,14,3,11,群益金鼎-開元,2023-07-20,9134
00927,群益半導體收益,12,2,10,群益金鼎-開元,2023-07-20,9134
3163,波若威,14,4,10,群益金鼎-開元,2023-07-20,9134
2906,高林,15,5,10,群益金鼎-開元,2023-07-20,9134
2457,飛宏,18,8,10,群益金鼎-開元,2023-07-20,9134
3714,富采,14,4,10,群益金鼎-開元,2023-07-20,9134
1810,和成,10,0,10,群益金鼎-開元,2023-07-20,9134
1326,台化,10,0,10,群益金鼎-開元,2023-07-20,9134
6026,福邦證,10,0,10,群益金鼎-開元,2023-07-20,9134
2206,三陽工業,20,11,9,群益金鼎-開元,2023-07-20,9134
00679B,元大美債20年,10,1,9,群益金鼎-開元,2023-07-20,9134
2405,輔信,27,18,9,群益金鼎-開元,2023-07-20,9134
2618,長榮航,152,10,142,群益金鼎-開元,2023-07-21,9134
6235,華孚,69,1,68,群益金鼎-開元,2023-07-21,9134
2883,凱基金,64,1,63,群益金鼎-開元,2023-07-21,9134
6449,鈺邦,54,3,51,群益金鼎-開元,2023-07-21,9134
3481,群創,57,13,44,群益金鼎-開元,2023-07-21,9134
00679B,元大美債20年,41,0,41,群益金鼎-開元,2023-07-21,9134
6026,福邦證,40,0,40,群益金鼎-開元,2023-07-21,9134
2515,中工,80,40,40,群益金鼎-開元,2023-07-21,9134
2356,英業達,53,15,38,群益金鼎-開元,2023-07-21,9134
1217,愛之味,50,14,36,群益金鼎-開元,2023-07-21,9134
2323,中環,61,26,35,群益金鼎-開元,2023-07-21,9134
2330,台積電,35,1,34,群益金鼎-開元,2023-07-21,9134
00929,復華台灣科技優息,34,0,34,群益金鼎-開元,2023-07-21,9134
1605,華新,39,7,32,群益金鼎-開元,2023-07-21,9134
1513,中興電,114,81,33,群益金鼎-開元,2023-07-21,9134
5222,全訊,35,3,32,群益金鼎-開元,2023-07-21,9134
2303,聯電,47,16,31,群益金鼎-開元,2023-07-21,9134
2344,華邦電,38,7,31,群益金鼎-開元,2023-07-21,9134
1101,台泥,31,1,30,群益金鼎-開元,2023-07-21,9134
2324,仁寶,34,4,30,群益金鼎-開元,2023-07-21,9134
00720B,元大投資級公司債,29,0,29,群益金鼎-開元,2023-07-21,9134
3227,原相,31,4,27,群益金鼎-開元,2023-07-21,9134
6446,藥華藥,28,2,26,群益金鼎-開元,2023-07-21,9134
6188,廣明,40,14,26,群益金鼎-開元,2023-07-21,9134
1609,大亞,60,35,25,群益金鼎-開元,2023-07-21,9134
2425,承啟,48,24,24,群益金鼎-開元,2023-07-21,9134
00927,群益半導體收益,27,6,21,群益金鼎-開元,2023-07-21,9134
3706,神達,31,11,20,群益金鼎-開元,2023-07-21,9134
4967,十銓,19,1,18,群益金鼎-開元,2023-07-21,9134
5531,鄉林,18,0,18,群益金鼎-開元,2023-07-21,9134
4123,晟德,30,13,17,群益金鼎-開元,2023-07-21,9134
9919,康那香,16,0,16,群益金鼎-開元,2023-07-21,9134
2364,倫飛,16,0,16,群益金鼎-開元,2023-07-21,9134
6112,邁達特,27,11,16,群益金鼎-開元,2023-07-21,9134
3149,正達,15,0,15,群益金鼎-開元,2023-07-21,9134
1722,台肥,21,6,15,群益金鼎-開元,2023-07-21,9134
2352,佳世達,29,14,15,群益金鼎-開元,2023-07-21,9134
6443,元晶,14,0,14,群益金鼎-開元,2023-07-21,9134
00895,富邦未來車,14,0,14,群益金鼎-開元,2023-07-21,9134
3583,辛耘,19,5,14,群益金鼎-開元,2023-07-21,9134
4744,皇將,16,2,14,群益金鼎-開元,2023-07-21,9134
1102,亞泥,14,0,14,群益金鼎-開元,2023-07-21,9134
3380,明泰,13,0,13,群益金鼎-開元,2023-07-21,9134
6111,大宇資,16,3,13,群益金鼎-開元,2023-07-21,9134
3346,麗清,13,1,12,群益金鼎-開元,2023-07-21,9134
9945,潤泰新,12,0,12,群益金鼎-開元,2023-07-21,9134
2705,六福,22,10,12,群益金鼎-開元,2023-07-21,9134
3037,欣興,19,7,12,群益金鼎-開元,2023-07-21,9134
5475,德宏,24,13,11,群益金鼎-開元,2023-07-21,9134
00878,國泰永續高股息,99,88,11,群益金鼎-開元,2023-07-21,9134
6026,福邦證,81,0,81,群益金鼎-開元,2023-07-24,9134
3338,泰碩,83,25,58,群益金鼎-開元,2023-07-24,9134
8926,台汽電,49,3,46,群益金鼎-開元,2023-07-24,9134
1522,堤維西,45,0,45,群益金鼎-開元,2023-07-24,9134
5222,全訊,46,2,44,群益金鼎-開元,2023-07-24,9134
6446,藥華藥,46,3,43,群益金鼎-開元,2023-07-24,9134
9919,康那香,76,35,41,群益金鼎-開元,2023-07-24,9134
5469,瀚宇博,42,2,40,群益金鼎-開元,2023-07-24,9134
2867,三商壽,40,1,39,群益金鼎-開元,2023-07-24,9134
2887,台新金,39,2,37,群益金鼎-開元,2023-07-24,9134
8429,金麗-KY,35,0,35,群益金鼎-開元,2023-07-24,9134
1504,東元,38,5,33,群益金鼎-開元,2023-07-24,9134
2324,仁寶,43,12,31,群益金鼎-開元,2023-07-24,9134
6275,元山,33,2,31,群益金鼎-開元,2023-07-24,9134
00706L,期元大S＆P日圓正2,30,0,30,群益金鼎-開元,2023-07-24,9134
2409,友達,43,13,30,群益金鼎-開元,2023-07-24,9134
6449,鈺邦,28,0,28,群益金鼎-開元,2023-07-24,9134
2323,中環,31,5,26,群益金鼎-開元,2023-07-24,9134
2327,國巨,25,1,24,群益金鼎-開元,2023-07-24,9134
1609,大亞,32,8,24,群益金鼎-開元,2023-07-24,9134
6282,康舒,29,5,24,群益金鼎-開元,2023-07-24,9134
00679B,元大美債20年,22,0,22,群益金鼎-開元,2023-07-24,9134
00919,群益台灣精選高息,21,0,21,群益金鼎-開元,2023-07-24,9134
2618,長榮航,31,10,21,群益金鼎-開元,2023-07-24,9134
4533,協易機,24,3,21,群益金鼎-開元,2023-07-24,9134
1907,永豐餘,21,0,21,群益金鼎-開元,2023-07-24,9134
6139,亞翔,24,3,21,群益金鼎-開元,2023-07-24,9134
2705,六福,20,0,20,群益金鼎-開元,2023-07-24,9134
6796,晉弘,21,2,19,群益金鼎-開元,2023-07-24,9134
2344,華邦電,20,1,19,群益金鼎-開元,2023-07-24,9134
00712,復華富時不動產,19,1,18,群益金鼎-開元,2023-07-24,9134
2027,大成鋼,28,10,18,群益金鼎-開元,2023-07-24,9134
00929,復華台灣科技優息,17,0,17,群益金鼎-開元,2023-07-24,9134
2906,高林,25,10,15,群益金鼎-開元,2023-07-24,9134
6125,廣運,29,15,14,群益金鼎-開元,2023-07-24,9134
6523,達爾膚,14,0,14,群益金鼎-開元,2023-07-24,9134
2356,英業達,56,43,13,群益金鼎-開元,2023-07-24,9134
6112,邁達特,15,2,13,群益金鼎-開元,2023-07-24,9134
2637,慧洋-KY,13,0,13,群益金鼎-開元,2023-07-24,9134
1605,華新,29,16,13,群益金鼎-開元,2023-07-24,9134
3703,欣陸,17,4,13,群益金鼎-開元,2023-07-24,9134
6140,訊達,13,0,13,群益金鼎-開元,2023-07-24,9134
1402,遠東新,16,3,13,群益金鼎-開元,2023-07-24,9134
2453,凌群,13,0,13,群益金鼎-開元,2023-07-24,9134
2303,聯電,33,20,13,群益金鼎-開元,2023-07-24,9134
2609,陽明,23,11,12,群益金鼎-開元,2023-07-24,9134
6179,亞通,12,0,12,群益金鼎-開元,2023-07-24,9134
1434,福懋,11,0,11,群益金鼎-開元,2023-07-24,9134
2492,華新科,11,0,11,群益金鼎-開元,2023-07-24,9134
2820,華票,11,0,11,群益金鼎-開元,2023-07-24,9134
00632R,元大台灣50反1,305,135,170,群益金鼎-開元,2023-07-25,9134
2313,華通,75,8,67,群益金鼎-開元,2023-07-25,9134
8213,志超,62,5,57,群益金鼎-開元,2023-07-25,9134
00673R,期元大S＆P原油反1,53,0,53,群益金鼎-開元,2023-07-25,9134
2515,中工,106,58,48,群益金鼎-開元,2023-07-25,9134
9933,中鼎,44,0,44,群益金鼎-開元,2023-07-25,9134
00712,復華富時不動產,35,0,35,群益金鼎-開元,2023-07-25,9134
3481,群創,41,7,34,群益金鼎-開元,2023-07-25,9134
8028,昇陽半導體,30,0,30,群益金鼎-開元,2023-07-25,9134
2211,長榮鋼,35,5,30,群益金鼎-開元,2023-07-25,9134
00679B,元大美債20年,27,0,27,群益金鼎-開元,2023-07-25,9134
3231,緯創,33,7,26,群益金鼎-開元,2023-07-25,9134
2409,友達,27,5,22,群益金鼎-開元,2023-07-25,9134
00929,復華台灣科技優息,23,1,22,群益金鼎-開元,2023-07-25,9134
6147,頎邦,22,0,22,群益金鼎-開元,2023-07-25,9134
2312,金寶,44,23,21,群益金鼎-開元,2023-07-25,9134
6449,鈺邦,39,18,21,群益金鼎-開元,2023-07-25,9134
8926,台汽電,20,4,16,群益金鼎-開元,2023-07-25,9134
5425,台半,20,5,15,群益金鼎-開元,2023-07-25,9134
00882,中信中國高股息,25,10,15,群益金鼎-開元,2023-07-25,9134
2457,飛宏,14,0,14,群益金鼎-開元,2023-07-25,9134
8409,商之器,14,0,14,群益金鼎-開元,2023-07-25,9134
6125,廣運,15,3,12,群益金鼎-開元,2023-07-25,9134
3044,健鼎,15,3,12,群益金鼎-開元,2023-07-25,9134
2542,興富發,12,0,12,群益金鼎-開元,2023-07-25,9134
00751B,元大AAA至A公司債,13,2,11,群益金鼎-開元,2023-07-25,9134
6026,福邦證,11,0,11,群益金鼎-開元,2023-07-25,9134
3324,雙鴻,18,8,10,群益金鼎-開元,2023-07-25,9134
1528,恩德,10,0,10,群益金鼎-開元,2023-07-25,9134
1464,得力,10,0,10,群益金鼎-開元,2023-07-25,9134
3703,欣陸,10,0,10,群益金鼎-開元,2023-07-25,9134
4207,環泰,10,0,10,群益金鼎-開元,2023-07-25,9134
00706L,期元大S＆P日圓正2,10,0,10,群益金鼎-開元,2023-07-25,9134
2880,華南金,10,0,10,群益金鼎-開元,2023-07-25,9134
5452,佶優,19,9,10,群益金鼎-開元,2023-07-25,9134
2363,矽統,10,0,10,群益金鼎-開元,2023-07-25,9134
1795,美時,12,2,10,群益金鼎-開元,2023-07-25,9134
2603,長榮,13,4,9,群益金鼎-開元,2023-07-25,9134
2316,楠梓電,10,1,9,群益金鼎-開元,2023-07-25,9134
6124,業強,11,2,9,群益金鼎-開元,2023-07-25,9134
2882,國泰金,10,1,9,群益金鼎-開元,2023-07-25,9134
3234,光環,9,0,9,群益金鼎-開元,2023-07-25,9134
2906,高林,21,12,9,群益金鼎-開元,2023-07-25,9134
8390,金益鼎,9,0,9,群益金鼎-開元,2023-07-25,9134
6111,大宇資,11,3,8,群益金鼎-開元,2023-07-25,9134
6166,凌華,8,0,8,群益金鼎-開元,2023-07-25,9134
2486,一詮,10,2,8,群益金鼎-開元,2023-07-25,9134
2610,華航,15,7,8,群益金鼎-開元,2023-07-25,9134
3088,艾訊,10,2,8,群益金鼎-開元,2023-07-25,9134
00927,群益半導體收益,13,5,8,群益金鼎-開元,2023-07-25,9134
2801,彰銀,425,5,420,群益金鼎-開元,2023-07-26,9134
2884,玉山金,148,5,143,群益金鼎-開元,2023-07-26,9134
2892,第一金,88,0,88,群益金鼎-開元,2023-07-26,9134
3481,群創,74,12,62,群益金鼎-開元,2023-07-26,9134
2329,華泰,100,48,52,群益金鼎-開元,2023-07-26,9134
2427,三商電,43,0,43,群益金鼎-開元,2023-07-26,9134
1504,東元,89,47,42,群益金鼎-開元,2023-07-26,9134
5222,全訊,44,4,40,群益金鼎-開元,2023-07-26,9134
2401,凌陽,32,0,32,群益金鼎-開元,2023-07-26,9134
00927,群益半導體收益,34,3,31,群益金鼎-開元,2023-07-26,9134
00929,復華台灣科技優息,34,3,31,群益金鼎-開元,2023-07-26,9134
6116,彩晶,31,3,28,群益金鼎-開元,2023-07-26,9134
2303,聯電,28,2,26,群益金鼎-開元,2023-07-26,9134
3306,鼎天,30,4,26,群益金鼎-開元,2023-07-26,9134
2027,大成鋼,53,27,26,群益金鼎-開元,2023-07-26,9134
1459,聯發,25,0,25,群益金鼎-開元,2023-07-26,9134
2340,台亞,49,24,25,群益金鼎-開元,2023-07-26,9134
3532,台勝科,25,0,25,群益金鼎-開元,2023-07-26,9134
2515,中工,74,50,24,群益金鼎-開元,2023-07-26,9134
2897,王道銀行,24,0,24,群益金鼎-開元,2023-07-26,9134
6449,鈺邦,24,0,24,群益金鼎-開元,2023-07-26,9134
00673R,期元大S＆P原油反1,23,0,23,群益金鼎-開元,2023-07-26,9134
1618,合機,32,10,22,群益金鼎-開元,2023-07-26,9134
00679B,元大美債20年,22,0,22,群益金鼎-開元,2023-07-26,9134
6446,藥華藥,22,1,21,群益金鼎-開元,2023-07-26,9134
00712,復華富時不動產,20,0,20,群益金鼎-開元,2023-07-26,9134
6179,亞通,20,2,18,群益金鼎-開元,2023-07-26,9134
1609,大亞,23,7,16,群益金鼎-開元,2023-07-26,9134
6112,邁達特,37,22,15,群益金鼎-開元,2023-07-26,9134
2317,鴻海,23,9,14,群益金鼎-開元,2023-07-26,9134
00923,群益台ESG低碳50,19,5,14,群益金鼎-開元,2023-07-26,9134
9933,中鼎,14,0,14,群益金鼎-開元,2023-07-26,9134
6188,廣明,69,55,14,群益金鼎-開元,2023-07-26,9134
8213,志超,18,4,14,群益金鼎-開元,2023-07-26,9134
8390,金益鼎,15,1,14,群益金鼎-開元,2023-07-26,9134
3227,原相,42,30,12,群益金鼎-開元,2023-07-26,9134
2206,三陽工業,14,2,12,群益金鼎-開元,2023-07-26,9134
3078,僑威,21,9,12,群益金鼎-開元,2023-07-26,9134
8201,無敵,12,0,12,群益金鼎-開元,2023-07-26,9134
2425,承啟,26,15,11,群益金鼎-開元,2023-07-26,9134
2002,中鋼,13,2,11,群益金鼎-開元,2023-07-26,9134
00882,中信中國高股息,11,0,11,群益金鼎-開元,2023-07-26,9134
4523,永彰,12,1,11,群益金鼎-開元,2023-07-26,9134
5009,榮剛,11,0,11,群益金鼎-開元,2023-07-26,9134
2382,廣達,33,22,11,群益金鼎-開元,2023-07-26,9134
5871,中租-KY,11,1,10,群益金鼎-開元,2023-07-26,9134
5483,中美晶,11,1,10,群益金鼎-開元,2023-07-26,9134
00633L,富邦上証正2,11,1,10,群益金鼎-開元,2023-07-26,9134
3033,威健,10,0,10,群益金鼎-開元,2023-07-26,9134
4207,環泰,10,0,10,群益金鼎-開元,2023-07-26,9134
00764B,群益25年美債,125,0,125,群益金鼎-開元,2023-07-27,9134
2883,凱基金,152,50,102,群益金鼎-開元,2023-07-27,9134
1313,聯成,72,11,61,群益金鼎-開元,2023-07-27,9134
2867,三商壽,60,3,57,群益金鼎-開元,2023-07-27,9134
1815,富喬,62,11,51,群益金鼎-開元,2023-07-27,9134
3231,緯創,50,3,47,群益金鼎-開元,2023-07-27,9134
3038,全台,55,12,43,群益金鼎-開元,2023-07-27,9134
2906,高林,40,0,40,群益金鼎-開元,2023-07-27,9134
8926,台汽電,37,3,34,群益金鼎-開元,2023-07-27,9134
00885,富邦越南,35,3,32,群益金鼎-開元,2023-07-27,9134
1101,台泥,31,0,31,群益金鼎-開元,2023-07-27,9134
00680L,元大美債20正2,27,0,27,群益金鼎-開元,2023-07-27,9134
3029,零壹,29,2,27,群益金鼎-開元,2023-07-27,9134
8255,朋程,27,1,26,群益金鼎-開元,2023-07-27,9134
00688L,國泰20年美債正2,25,0,25,群益金鼎-開元,2023-07-27,9134
2002,中鋼,24,1,23,群益金鼎-開元,2023-07-27,9134
9919,康那香,54,31,23,群益金鼎-開元,2023-07-27,9134
6449,鈺邦,22,1,21,群益金鼎-開元,2023-07-27,9134
5474,聰泰,21,1,20,群益金鼎-開元,2023-07-27,9134
6188,廣明,69,50,19,群益金鼎-開元,2023-07-27,9134
3289,宜特,20,1,19,群益金鼎-開元,2023-07-27,9134
00902,中信電池及儲能,21,3,18,群益金鼎-開元,2023-07-27,9134
2405,輔信,34,17,17,群益金鼎-開元,2023-07-27,9134
2353,宏��,25,8,17,群益金鼎-開元,2023-07-27,9134
3114,好德,16,0,16,群益金鼎-開元,2023-07-27,9134
2382,廣達,42,27,15,群益金鼎-開元,2023-07-27,9134
3264,欣銓,14,0,14,群益金鼎-開元,2023-07-27,9134
1722,台肥,13,0,13,群益金鼎-開元,2023-07-27,9134
1504,東元,29,16,13,群益金鼎-開元,2023-07-27,9134
00679B,元大美債20年,12,0,12,群益金鼎-開元,2023-07-27,9134
3450,聯鈞,11,0,11,群益金鼎-開元,2023-07-27,9134
3666,光耀,14,3,11,群益金鼎-開元,2023-07-27,9134
1612,宏泰,13,2,11,群益金鼎-開元,2023-07-27,9134
1459,聯發,10,0,10,群益金鼎-開元,2023-07-27,9134
8429,金麗-KY,10,0,10,群益金鼎-開元,2023-07-27,9134
1560,中砂,18,8,10,群益金鼎-開元,2023-07-27,9134
2812,台中銀,10,0,10,群益金鼎-開元,2023-07-27,9134
3071,協禧,12,2,10,群益金鼎-開元,2023-07-27,9134
2419,仲琦,27,17,10,群益金鼎-開元,2023-07-27,9134
6196,帆宣,14,4,10,群益金鼎-開元,2023-07-27,9134
5302,太欣,10,0,10,群益金鼎-開元,2023-07-27,9134
9110,越南控-DR,10,0,10,群益金鼎-開元,2023-07-27,9134
2887,台新金,11,1,10,群益金鼎-開元,2023-07-27,9134
4543,萬在,11,1,10,群益金鼎-開元,2023-07-27,9134
2884,玉山金,10,0,10,群益金鼎-開元,2023-07-27,9134
3706,神達,11,2,9,群益金鼎-開元,2023-07-27,9134
6235,華孚,17,8,9,群益金鼎-開元,2023-07-27,9134
5351,鈺創,24,15,9,群益金鼎-開元,2023-07-27,9134
3704,合勤控,8,0,8,群益金鼎-開元,2023-07-27,9134
3227,原相,9,1,8,群益金鼎-開元,2023-07-27,9134
2883,凱基金,233,7,226,群益金鼎-開元,2023-07-28,9134
6016,康和證,231,56,175,群益金鼎-開元,2023-07-28,9134
1313,聯成,143,0,143,群益金鼎-開元,2023-07-28,9134
2867,三商壽,56,0,56,群益金鼎-開元,2023-07-28,9134
2880,華南金,51,0,51,群益金鼎-開元,2023-07-28,9134
00679B,元大美債20年,48,0,48,群益金鼎-開元,2023-07-28,9134
6446,藥華藥,40,0,40,群益金鼎-開元,2023-07-28,9134
2705,六福,40,0,40,群益金鼎-開元,2023-07-28,9134
2317,鴻海,41,1,40,群益金鼎-開元,2023-07-28,9134
2323,中環,51,14,37,群益金鼎-開元,2023-07-28,9134
8936,國統,36,1,35,群益金鼎-開元,2023-07-28,9134
2401,凌陽,34,0,34,群益金鼎-開元,2023-07-28,9134
6285,啟��,31,0,31,群益金鼎-開元,2023-07-28,9134
1795,美時,30,1,29,群益金鼎-開元,2023-07-28,9134
6026,福邦證,29,0,29,群益金鼎-開元,2023-07-28,9134
00751B,元大AAA至A公司債,27,0,27,群益金鼎-開元,2023-07-28,9134
4526,東台,27,0,27,群益金鼎-開元,2023-07-28,9134
2104,國際中橡,30,4,26,群益金鼎-開元,2023-07-28,9134
2888,新光金,25,0,25,群益金鼎-開元,2023-07-28,9134
8046,南電,26,1,25,群益金鼎-開元,2023-07-28,9134
6449,鈺邦,24,0,24,群益金鼎-開元,2023-07-28,9134
6117,迎廣,21,0,21,群益金鼎-開元,2023-07-28,9134
1459,聯發,20,0,20,群益金鼎-開元,2023-07-28,9134
6182,合晶,20,0,20,群益金鼎-開元,2023-07-28,9134
00680L,元大美債20正2,19,0,19,群益金鼎-開元,2023-07-28,9134
2610,華航,23,4,19,群益金鼎-開元,2023-07-28,9134
3231,緯創,83,64,19,群益金鼎-開元,2023-07-28,9134
1905,華紙,69,51,18,群益金鼎-開元,2023-07-28,9134
2303,聯電,41,24,17,群益金鼎-開元,2023-07-28,9134
2027,大成鋼,27,11,16,群益金鼎-開元,2023-07-28,9134
8926,台汽電,19,3,16,群益金鼎-開元,2023-07-28,9134
1903,士紙,16,0,16,群益金鼎-開元,2023-07-28,9134
1802,台玻,29,15,14,群益金鼎-開元,2023-07-28,9134
8050,廣積,34,21,13,群益金鼎-開元,2023-07-28,9134
2344,華邦電,48,35,13,群益金鼎-開元,2023-07-28,9134
8358,金居,55,42,13,群益金鼎-開元,2023-07-28,9134
8409,商之器,13,0,13,群益金鼎-開元,2023-07-28,9134
00688L,國泰20年美債正2,13,0,13,群益金鼎-開元,2023-07-28,9134
00712,復華富時不動產,14,2,12,群益金鼎-開元,2023-07-28,9134
3013,晟銘電,22,10,12,群益金鼎-開元,2023-07-28,9134
1218,泰山,12,0,12,群益金鼎-開元,2023-07-28,9134
00720B,元大投資級公司債,11,0,11,群益金鼎-開元,2023-07-28,9134
9933,中鼎,11,0,11,群益金鼎-開元,2023-07-28,9134
4989,榮科,14,3,11,群益金鼎-開元,2023-07-28,9134
2457,飛宏,11,0,11,群益金鼎-開元,2023-07-28,9134
2405,輔信,20,9,11,群益金鼎-開元,2023-07-28,9134
2929,淘帝-KY,11,0,11,群益金鼎-開元,2023-07-28,9134
2399,映泰,11,0,11,群益金鼎-開元,2023-07-28,9134
2812,台中銀,14,3,11,群益金鼎-開元,2023-07-28,9134
6282,康舒,39,29,10,群益金鼎-開元,2023-07-28,9134
2883,凱基金,315,3,312,群益金鼎-開元,2023-07-31,9134
2515,中工,131,0,131,群益金鼎-開元,2023-07-31,9134
00878,國泰永續高股息,152,95,57,群益金鼎-開元,2023-07-31,9134
00919,群益台灣精選高息,53,1,52,群益金鼎-開元,2023-07-31,9134
2409,友達,44,0,44,群益金鼎-開元,2023-07-31,9134
3231,緯創,60,17,43,群益金鼎-開元,2023-07-31,9134
4160,訊聯基因,40,0,40,群益金鼎-開元,2023-07-31,9134
2002,中鋼,46,7,39,群益金鼎-開元,2023-07-31,9134
2027,大成鋼,36,2,34,群益金鼎-開元,2023-07-31,9134
00680L,元大美債20正2,32,0,32,群益金鼎-開元,2023-07-31,9134
2382,廣達,72,41,31,群益金鼎-開元,2023-07-31,9134
1217,愛之味,31,3,28,群益金鼎-開元,2023-07-31,9134
2888,新光金,118,91,27,群益金鼎-開元,2023-07-31,9134
2301,光寶科,56,30,26,群益金鼎-開元,2023-07-31,9134
1806,冠軍,25,0,25,群益金鼎-開元,2023-07-31,9134
2892,第一金,30,5,25,群益金鼎-開元,2023-07-31,9134
6016,康和證,42,20,22,群益金鼎-開元,2023-07-31,9134
00679B,元大美債20年,22,0,22,群益金鼎-開元,2023-07-31,9134
3034,聯詠,22,0,22,群益金鼎-開元,2023-07-31,9134
3481,群創,33,12,21,群益金鼎-開元,2023-07-31,9134
3049,精金,20,0,20,群益金鼎-開元,2023-07-31,9134
3013,晟銘電,19,0,19,群益金鼎-開元,2023-07-31,9134
8936,國統,20,1,19,群益金鼎-開元,2023-07-31,9134
2354,鴻準,18,0,18,群益金鼎-開元,2023-07-31,9134
1527,鑽全,18,0,18,群益金鼎-開元,2023-07-31,9134
2618,長榮航,85,68,17,群益金鼎-開元,2023-07-31,9134
3037,欣興,24,7,17,群益金鼎-開元,2023-07-31,9134
00706L,期元大S＆P日圓正2,17,0,17,群益金鼎-開元,2023-07-31,9134
3264,欣銓,22,5,17,群益金鼎-開元,2023-07-31,9134
2303,聯電,42,26,16,群益金鼎-開元,2023-07-31,9134
6026,福邦證,15,0,15,群益金鼎-開元,2023-07-31,9134
8358,金居,23,8,15,群益金鼎-開元,2023-07-31,9134
6148,驊宏資,18,3,15,群益金鼎-開元,2023-07-31,9134
2329,華泰,85,70,15,群益金鼎-開元,2023-07-31,9134
2455,全新,19,5,14,群益金鼎-開元,2023-07-31,9134
6188,廣明,23,9,14,群益金鼎-開元,2023-07-31,9134
1605,華新,25,12,13,群益金鼎-開元,2023-07-31,9134
2313,華通,16,3,13,群益金鼎-開元,2023-07-31,9134
2332,友訊,13,0,13,群益金鼎-開元,2023-07-31,9134
6269,台郡,13,0,13,群益金鼎-開元,2023-07-31,9134
0056,元大高股息,46,33,13,群益金鼎-開元,2023-07-31,9134
1504,東元,15,2,13,群益金鼎-開元,2023-07-31,9134
00929,復華台灣科技優息,14,1,13,群益金鼎-開元,2023-07-31,9134
2637,慧洋-KY,12,0,12,群益金鼎-開元,2023-07-31,9134
6285,啟��,25,13,12,群益金鼎-開元,2023-07-31,9134
6190,萬泰科,14,2,12,群益金鼎-開元,2023-07-31,9134
4142,國光生,12,0,12,群益金鼎-開元,2023-07-31,9134
6446,藥華藥,12,1,11,群益金鼎-開元,2023-07-31,9134
2748,雲品,16,5,11,群益金鼎-開元,2023-07-31,9134
2489,瑞軒,11,0,11,群益金鼎-開元,2023-07-31,9134
2515,中工,128,2,126,群益金鼎-開元,2023-08-01,9134
6005,群益證,100,8,92,群益金鼎-開元,2023-08-01,9134
00882,中信中國高股息,84,7,77,群益金鼎-開元,2023-08-01,9134
2888,新光金,69,9,60,群益金鼎-開元,2023-08-01,9134
2913,農林,87,43,44,群益金鼎-開元,2023-08-01,9134
00919,群益台灣精選高息,42,0,42,群益金鼎-開元,2023-08-01,9134
00878,國泰永續高股息,114,73,41,群益金鼎-開元,2023-08-01,9134
2356,英業達,47,7,40,群益金鼎-開元,2023-08-01,9134
6204,艾華,27,0,27,群益金鼎-開元,2023-08-01,9134
8076,伍豐,25,2,23,群益金鼎-開元,2023-08-01,9134
2105,正新,21,0,21,群益金鼎-開元,2023-08-01,9134
5880,合庫金,21,1,20,群益金鼎-開元,2023-08-01,9134
1802,台玻,32,13,19,群益金鼎-開元,2023-08-01,9134
3583,辛耘,28,10,18,群益金鼎-開元,2023-08-01,9134
8027,鈦昇,46,28,18,群益金鼎-開元,2023-08-01,9134
1584,精剛,19,1,18,群益金鼎-開元,2023-08-01,9134
2313,華通,17,0,17,群益金鼎-開元,2023-08-01,9134
3081,聯亞,16,0,16,群益金鼎-開元,2023-08-01,9134
00679B,元大美債20年,15,0,15,群益金鼎-開元,2023-08-01,9134
8390,金益鼎,21,6,15,群益金鼎-開元,2023-08-01,9134
00703,台新MSCI中國,15,0,15,群益金鼎-開元,2023-08-01,9134
3287,廣寰科,15,0,15,群益金鼎-開元,2023-08-01,9134
3703,欣陸,14,0,14,群益金鼎-開元,2023-08-01,9134
3217,優群,17,3,14,群益金鼎-開元,2023-08-01,9134
6016,康和證,14,0,14,群益金鼎-開元,2023-08-01,9134
00929,復華台灣科技優息,22,9,13,群益金鼎-開元,2023-08-01,9134
2891,中信金,13,0,13,群益金鼎-開元,2023-08-01,9134
2329,華泰,30,18,12,群益金鼎-開元,2023-08-01,9134
2312,金寶,30,18,12,群益金鼎-開元,2023-08-01,9134
2485,兆赫,23,11,12,群益金鼎-開元,2023-08-01,9134
5388,中磊,15,3,12,群益金鼎-開元,2023-08-01,9134
4979,華星光,20,9,11,群益金鼎-開元,2023-08-01,9134
2401,凌陽,22,11,11,群益金鼎-開元,2023-08-01,9134
2801,彰銀,12,1,11,群益金鼎-開元,2023-08-01,9134
6188,廣明,19,8,11,群益金鼎-開元,2023-08-01,9134
1718,中纖,10,0,10,群益金鼎-開元,2023-08-01,9134
2812,台中銀,10,0,10,群益金鼎-開元,2023-08-01,9134
8038,長園科,13,3,10,群益金鼎-開元,2023-08-01,9134
00900,富邦特選高股息30,12,3,9,群益金鼎-開元,2023-08-01,9134
2324,仁寶,10,1,9,群益金鼎-開元,2023-08-01,9134
2301,光寶科,26,17,9,群益金鼎-開元,2023-08-01,9134
00923,群益台ESG低碳50,9,0,9,群益金鼎-開元,2023-08-01,9134
8358,金居,17,8,9,群益金鼎-開元,2023-08-01,9134
3105,穩懋,11,3,8,群益金鼎-開元,2023-08-01,9134
6274,台燿,12,4,8,群益金鼎-開元,2023-08-01,9134
2354,鴻準,8,0,8,群益金鼎-開元,2023-08-01,9134
6214,精誠,12,4,8,群益金鼎-開元,2023-08-01,9134
3499,環天科,7,0,7,群益金鼎-開元,2023-08-01,9134
9933,中鼎,7,0,7,群益金鼎-開元,2023-08-01,9134
2353,宏��,7,0,7,群益金鼎-開元,2023-08-01,9134
00632R,元大台灣50反1,1315,5,1310,群益金鼎-開元,2023-08-02,9134
00878,國泰永續高股息,285,38,247,群益金鼎-開元,2023-08-02,9134
2801,彰銀,134,1,133,群益金鼎-開元,2023-08-02,9134
00715L,期街口布蘭特正2,101,1,100,群益金鼎-開元,2023-08-02,9134
2014,中鴻,109,17,92,群益金鼎-開元,2023-08-02,9134
00923,群益台ESG低碳50,95,8,87,群益金鼎-開元,2023-08-02,9134
5284,jpp-KY,80,0,80,群益金鼎-開元,2023-08-02,9134
5864,致和證,80,0,80,群益金鼎-開元,2023-08-02,9134
2883,凱基金,80,3,77,群益金鼎-開元,2023-08-02,9134
6026,福邦證,68,0,68,群益金鼎-開元,2023-08-02,9134
00929,復華台灣科技優息,62,3,59,群益金鼎-開元,2023-08-02,9134
00900,富邦特選高股息30,59,5,54,群益金鼎-開元,2023-08-02,9134
5356,協益,50,0,50,群益金鼎-開元,2023-08-02,9134
3046,建��,50,0,50,群益金鼎-開元,2023-08-02,9134
2515,中工,51,2,49,群益金鼎-開元,2023-08-02,9134
00919,群益台灣精選高息,47,0,47,群益金鼎-開元,2023-08-02,9134
00885,富邦越南,49,5,44,群益金鼎-開元,2023-08-02,9134
00680L,元大美債20正2,43,0,43,群益金鼎-開元,2023-08-02,9134
00679B,元大美債20年,41,0,41,群益金鼎-開元,2023-08-02,9134
3231,緯創,74,35,39,群益金鼎-開元,2023-08-02,9134
5531,鄉林,38,0,38,群益金鼎-開元,2023-08-02,9134
3163,波若威,50,14,36,群益金鼎-開元,2023-08-02,9134
3037,欣興,37,2,35,群益金鼎-開元,2023-08-02,9134
6282,康舒,93,61,32,群益金鼎-開元,2023-08-02,9134
6126,信音,35,6,29,群益金鼎-開元,2023-08-02,9134
2312,金寶,29,2,27,群益金鼎-開元,2023-08-02,9134
2888,新光金,29,2,27,群益金鼎-開元,2023-08-02,9134
6285,啟��,42,15,27,群益金鼎-開元,2023-08-02,9134
2354,鴻準,26,0,26,群益金鼎-開元,2023-08-02,9134
00712,復華富時不動產,25,0,25,群益金鼎-開元,2023-08-02,9134
1504,東元,26,1,25,群益金鼎-開元,2023-08-02,9134
5880,合庫金,23,0,23,群益金鼎-開元,2023-08-02,9134
8076,伍豐,22,0,22,群益金鼎-開元,2023-08-02,9134
2104,國際中橡,41,19,22,群益金鼎-開元,2023-08-02,9134
3481,群創,42,21,21,群益金鼎-開元,2023-08-02,9134
2301,光寶科,36,15,21,群益金鼎-開元,2023-08-02,9134
5328,華容,22,1,21,群益金鼎-開元,2023-08-02,9134
2028,威致,23,3,20,群益金鼎-開元,2023-08-02,9134
1217,愛之味,20,0,20,群益金鼎-開元,2023-08-02,9134
5371,中光電,19,0,19,群益金鼎-開元,2023-08-02,9134
2405,輔信,29,10,19,群益金鼎-開元,2023-08-02,9134
2748,雲品,20,2,18,群益金鼎-開元,2023-08-02,9134
2402,毅嘉,36,18,18,群益金鼎-開元,2023-08-02,9134
6016,康和證,18,0,18,群益金鼎-開元,2023-08-02,9134
2002,中鋼,20,3,17,群益金鼎-開元,2023-08-02,9134
00706L,期元大S＆P日圓正2,17,0,17,群益金鼎-開元,2023-08-02,9134
3260,威剛,16,0,16,群益金鼎-開元,2023-08-02,9134
8927,北基,16,0,16,群益金鼎-開元,2023-08-02,9134
2886,兆豐金,18,2,16,群益金鼎-開元,2023-08-02,9134
2882,國泰金,15,0,15,群益金鼎-開元,2023-08-02,9134
2409,友達,139,9,130,群益金鼎-開元,2023-08-04,9134
2344,華邦電,101,6,95,群益金鼎-開元,2023-08-04,9134
00679B,元大美債20年,82,0,82,群益金鼎-開元,2023-08-04,9134
6116,彩晶,71,6,65,群益金鼎-開元,2023-08-04,9134
00680L,元大美債20正2,64,0,64,群益金鼎-開元,2023-08-04,9134
1605,華新,77,14,63,群益金鼎-開元,2023-08-04,9134
00923,群益台ESG低碳50,68,5,63,群益金鼎-開元,2023-08-04,9134
2891,中信金,58,0,58,群益金鼎-開元,2023-08-04,9134
6235,華孚,58,5,53,群益金鼎-開元,2023-08-04,9134
2845,遠東銀,45,0,45,群益金鼎-開元,2023-08-04,9134
00633L,富邦上証正2,51,6,45,群益金鼎-開元,2023-08-04,9134
00637L,元大滬深300正2,206,161,45,群益金鼎-開元,2023-08-04,9134
1216,統一,44,0,44,群益金鼎-開元,2023-08-04,9134
1609,大亞,63,22,41,群益金鼎-開元,2023-08-04,9134
8942,森鉅,42,2,40,群益金鼎-開元,2023-08-04,9134
00688L,國泰20年美債正2,35,0,35,群益金鼎-開元,2023-08-04,9134
2913,農林,62,29,33,群益金鼎-開元,2023-08-04,9134
00900,富邦特選高股息30,33,0,33,群益金鼎-開元,2023-08-04,9134
00687B,國泰20年美債,30,0,30,群益金鼎-開元,2023-08-04,9134
8429,金麗-KY,30,0,30,群益金鼎-開元,2023-08-04,9134
2356,英業達,61,34,27,群益金鼎-開元,2023-08-04,9134
4746,台耀,29,4,25,群益金鼎-開元,2023-08-04,9134
00919,群益台灣精選高息,22,0,22,群益金鼎-開元,2023-08-04,9134
5328,華容,24,3,21,群益金鼎-開元,2023-08-04,9134
2104,國際中橡,21,0,21,群益金鼎-開元,2023-08-04,9134
2338,光罩,20,0,20,群益金鼎-開元,2023-08-04,9134
1616,億泰,23,3,20,群益金鼎-開元,2023-08-04,9134
00929,復華台灣科技優息,20,1,19,群益金鼎-開元,2023-08-04,9134
3013,晟銘電,22,4,18,群益金鼎-開元,2023-08-04,9134
2883,凱基金,21,4,17,群益金鼎-開元,2023-08-04,9134
00927,群益半導體收益,16,0,16,群益金鼎-開元,2023-08-04,9134
1710,東聯,16,0,16,群益金鼎-開元,2023-08-04,9134
2882,國泰金,16,0,16,群益金鼎-開元,2023-08-04,9134
2498,宏達電,19,4,15,群益金鼎-開元,2023-08-04,9134
1519,華城,16,1,15,群益金鼎-開元,2023-08-04,9134
2884,玉山金,15,0,15,群益金鼎-開元,2023-08-04,9134
2801,彰銀,16,1,15,群益金鼎-開元,2023-08-04,9134
6112,邁達特,17,3,14,群益金鼎-開元,2023-08-04,9134
6204,艾華,14,0,14,群益金鼎-開元,2023-08-04,9134
00720B,元大投資級公司債,13,0,13,群益金鼎-開元,2023-08-04,9134
3706,神達,119,106,13,群益金鼎-開元,2023-08-04,9134
00772B,中信高評級公司債,12,0,12,群益金鼎-開元,2023-08-04,9134
2353,宏��,31,19,12,群益金鼎-開元,2023-08-04,9134
2462,良得電,11,0,11,群益金鼎-開元,2023-08-04,9134
6770,力積電,12,1,11,群益金鼎-開元,2023-08-04,9134
2481,強茂,11,1,10,群益金鼎-開元,2023-08-04,9134
2007,燁興,10,0,10,群益金鼎-開元,2023-08-04,9134
00676R,富邦臺灣加權反1,10,0,10,群益金鼎-開元,2023-08-04,9134
2618,長榮航,11,1,10,群益金鼎-開元,2023-08-04,9134
1718,中纖,10,0,10,群益金鼎-開元,2023-08-04,9134
00632R,元大台灣50反1,284,0,284,群益金鼎-開元,2023-08-07,9134
00929,復華台灣科技優息,230,11,219,群益金鼎-開元,2023-08-07,9134
2891,中信金,84,0,84,群益金鼎-開元,2023-08-07,9134
8027,鈦昇,59,13,46,群益金鼎-開元,2023-08-07,9134
6015,宏遠證,46,1,45,群益金鼎-開元,2023-08-07,9134
4563,百德,38,1,37,群益金鼎-開元,2023-08-07,9134
00900,富邦特選高股息30,29,2,27,群益金鼎-開元,2023-08-07,9134
2383,台光電,46,24,22,群益金鼎-開元,2023-08-07,9134
6446,藥華藥,20,0,20,群益金鼎-開元,2023-08-07,9134
6026,福邦證,20,0,20,群益金鼎-開元,2023-08-07,9134
2883B,凱基金乙特,20,0,20,群益金鼎-開元,2023-08-07,9134
5356,協益,20,0,20,群益金鼎-開元,2023-08-07,9134
1609,大亞,22,3,19,群益金鼎-開元,2023-08-07,9134
8049,晶采,20,1,19,群益金鼎-開元,2023-08-07,9134
1905,華紙,315,298,17,群益金鼎-開元,2023-08-07,9134
1313,聯成,16,0,16,群益金鼎-開元,2023-08-07,9134
1616,億泰,16,0,16,群益金鼎-開元,2023-08-07,9134
2409,友達,26,10,16,群益金鼎-開元,2023-08-07,9134
2317,鴻海,26,12,14,群益金鼎-開元,2023-08-07,9134
3029,零壹,17,3,14,群益金鼎-開元,2023-08-07,9134
2303,聯電,17,3,14,群益金鼎-開元,2023-08-07,9134
2609,陽明,14,1,13,群益金鼎-開元,2023-08-07,9134
00679B,元大美債20年,13,0,13,群益金鼎-開元,2023-08-07,9134
2027,大成鋼,14,2,12,群益金鼎-開元,2023-08-07,9134
6179,亞通,12,0,12,群益金鼎-開元,2023-08-07,9134
6139,亞翔,15,3,12,群益金鼎-開元,2023-08-07,9134
00751B,元大AAA至A公司債,11,0,11,群益金鼎-開元,2023-08-07,9134
3023,信邦,10,0,10,群益金鼎-開元,2023-08-07,9134
2408,南亞科,10,0,10,群益金鼎-開元,2023-08-07,9134
2104,國際中橡,10,0,10,群益金鼎-開元,2023-08-07,9134
2892,第一金,10,0,10,群益金鼎-開元,2023-08-07,9134
2462,良得電,10,0,10,群益金鼎-開元,2023-08-07,9134
2440,太空梭,10,0,10,群益金鼎-開元,2023-08-07,9134
2489,瑞軒,15,5,10,群益金鼎-開元,2023-08-07,9134
3689,湧德,11,2,9,群益金鼎-開元,2023-08-07,9134
1504,東元,10,1,9,群益金鼎-開元,2023-08-07,9134
3715,定穎投控,8,0,8,群益金鼎-開元,2023-08-07,9134
3205,佰研,10,2,8,群益金鼎-開元,2023-08-07,9134
1319,東陽,10,2,8,群益金鼎-開元,2023-08-07,9134
9933,中鼎,8,0,8,群益金鼎-開元,2023-08-07,9134
9955,佳龍,9,1,8,群益金鼎-開元,2023-08-07,9134
3661,世芯-KY,8,0,8,群益金鼎-開元,2023-08-07,9134
2301,光寶科,67,60,7,群益金鼎-開元,2023-08-07,9134
3625,西勝,8,1,7,群益金鼎-開元,2023-08-07,9134
1904,正隆,8,1,7,群益金鼎-開元,2023-08-07,9134
2399,映泰,7,0,7,群益金鼎-開元,2023-08-07,9134
00673R,期元大S＆P原油反1,10,3,7,群益金鼎-開元,2023-08-07,9134
2883,凱基金,8,1,7,群益金鼎-開元,2023-08-07,9134
2353,宏��,22,15,7,群益金鼎-開元,2023-08-07,9134
5009,榮剛,10,4,6,群益金鼎-開元,2023-08-07,9134
5864,致和證,264,2,262,群益金鼎-開元,2023-08-08,9134
00900,富邦特選高股息30,155,0,155,群益金鼎-開元,2023-08-08,9134
1609,大亞,68,10,58,群益金鼎-開元,2023-08-08,9134
2834,臺企銀,43,0,43,群益金鼎-開元,2023-08-08,9134
2801,彰銀,41,0,41,群益金鼎-開元,2023-08-08,9134
00633L,富邦上証正2,40,0,40,群益金鼎-開元,2023-08-08,9134
2880,華南金,40,0,40,群益金鼎-開元,2023-08-08,9134
2356,英業達,97,57,40,群益金鼎-開元,2023-08-08,9134
2890,永豐金,41,3,38,群益金鼎-開元,2023-08-08,9134
00923,群益台ESG低碳50,36,2,34,群益金鼎-開元,2023-08-08,9134
2344,華邦電,33,0,33,群益金鼎-開元,2023-08-08,9134
2883,凱基金,32,1,31,群益金鼎-開元,2023-08-08,9134
1711,永光,30,0,30,群益金鼎-開元,2023-08-08,9134
00878,國泰永續高股息,42,14,28,群益金鼎-開元,2023-08-08,9134
00931B,統一美債20年,35,8,27,群益金鼎-開元,2023-08-08,9134
00927,群益半導體收益,28,5,23,群益金鼎-開元,2023-08-08,9134
2906,高林,22,0,22,群益金鼎-開元,2023-08-08,9134
2312,金寶,21,0,21,群益金鼎-開元,2023-08-08,9134
5452,佶優,28,8,20,群益金鼎-開元,2023-08-08,9134
5356,協益,20,0,20,群益金鼎-開元,2023-08-08,9134
4960,誠美材,20,1,19,群益金鼎-開元,2023-08-08,9134
6139,亞翔,19,0,19,群益金鼎-開元,2023-08-08,9134
3025,星通,19,1,18,群益金鼎-開元,2023-08-08,9134
9933,中鼎,18,0,18,群益金鼎-開元,2023-08-08,9134
00650L,復華香港正2,18,0,18,群益金鼎-開元,2023-08-08,9134
2382,廣達,37,20,17,群益金鼎-開元,2023-08-08,9134
2206,三陽工業,29,12,17,群益金鼎-開元,2023-08-08,9134
2301,光寶科,44,29,15,群益金鼎-開元,2023-08-08,9134
2409,友達,18,3,15,群益金鼎-開元,2023-08-08,9134
4977,眾達-KY,15,0,15,群益金鼎-開元,2023-08-08,9134
9110,越南控-DR,15,0,15,群益金鼎-開元,2023-08-08,9134
0056,元大高股息,14,0,14,群益金鼎-開元,2023-08-08,9134
6285,啟��,31,19,12,群益金鼎-開元,2023-08-08,9134
2630,亞航,16,4,12,群益金鼎-開元,2023-08-08,9134
6187,萬潤,12,1,11,群益金鼎-開元,2023-08-08,9134
6274,台燿,30,19,11,群益金鼎-開元,2023-08-08,9134
2516,新建,16,5,11,群益金鼎-開元,2023-08-08,9134
2891,中信金,15,5,10,群益金鼎-開元,2023-08-08,9134
8027,鈦昇,18,8,10,群益金鼎-開元,2023-08-08,9134
1216,統一,13,3,10,群益金鼎-開元,2023-08-08,9134
1459,聯發,10,0,10,群益金鼎-開元,2023-08-08,9134
2426,鼎元,10,0,10,群益金鼎-開元,2023-08-08,9134
2929,淘帝-KY,10,0,10,群益金鼎-開元,2023-08-08,9134
00706L,期元大S＆P日圓正2,10,0,10,群益金鼎-開元,2023-08-08,9134
8028,昇陽半導體,10,0,10,群益金鼎-開元,2023-08-08,9134
6613,朋億*,15,5,10,群益金鼎-開元,2023-08-08,9134
9105,泰金寶-DR,10,0,10,群益金鼎-開元,2023-08-08,9134
4157,太景*-KY,10,0,10,群益金鼎-開元,2023-08-08,9134
1519,華城,11,1,10,群益金鼎-開元,2023-08-08,9134
3231,緯創,92,83,9,群益金鼎-開元,2023-08-08,9134
2402,毅嘉,486,95,391,群益金鼎-開元,2023-08-09,9134
1605,華新,101,0,101,群益金鼎-開元,2023-08-09,9134
00900,富邦特選高股息30,80,2,78,群益金鼎-開元,2023-08-09,9134
2535,達欣工,55,0,55,群益金鼎-開元,2023-08-09,9134
00929,復華台灣科技優息,51,1,50,群益金鼎-開元,2023-08-09,9134
00715L,期街口布蘭特正2,50,9,41,群益金鼎-開元,2023-08-09,9134
5864,致和證,41,1,40,群益金鼎-開元,2023-08-09,9134
3034,聯詠,32,2,30,群益金鼎-開元,2023-08-09,9134
2374,佳能,30,1,29,群益金鼎-開元,2023-08-09,9134
00927,群益半導體收益,36,8,28,群益金鼎-開元,2023-08-09,9134
2344,華邦電,28,0,28,群益金鼎-開元,2023-08-09,9134
2356,英業達,67,39,28,群益金鼎-開元,2023-08-09,9134
00878,國泰永續高股息,47,19,28,群益金鼎-開元,2023-08-09,9134
3051,力特,23,0,23,群益金鼎-開元,2023-08-09,9134
2820,華票,22,0,22,群益金鼎-開元,2023-08-09,9134
00632R,元大台灣50反1,21,0,21,群益金鼎-開元,2023-08-09,9134
6282,康舒,33,13,20,群益金鼎-開元,2023-08-09,9134
1109,信大,20,0,20,群益金鼎-開元,2023-08-09,9134
4168,醣聯,20,0,20,群益金鼎-開元,2023-08-09,9134
2405,輔信,22,5,17,群益金鼎-開元,2023-08-09,9134
3703,欣陸,16,0,16,群益金鼎-開元,2023-08-09,9134
1210,大成,23,7,16,群益金鼎-開元,2023-08-09,9134
9950,萬國通,15,0,15,群益金鼎-開元,2023-08-09,9134
8027,鈦昇,17,4,13,群益金鼎-開元,2023-08-09,9134
2206,三陽工業,29,16,13,群益金鼎-開元,2023-08-09,9134
5356,協益,13,0,13,群益金鼎-開元,2023-08-09,9134
2382,廣達,35,23,12,群益金鼎-開元,2023-08-09,9134
3581,博磊,13,1,12,群益金鼎-開元,2023-08-09,9134
9933,中鼎,12,0,12,群益金鼎-開元,2023-08-09,9134
00882,中信中國高股息,12,0,12,群益金鼎-開元,2023-08-09,9134
2316,楠梓電,12,1,11,群益金鼎-開元,2023-08-09,9134
3013,晟銘電,13,2,11,群益金鼎-開元,2023-08-09,9134
2481,強茂,12,1,11,群益金鼎-開元,2023-08-09,9134
2882,國泰金,10,0,10,群益金鼎-開元,2023-08-09,9134
3494,誠研,10,0,10,群益金鼎-開元,2023-08-09,9134
4960,誠美材,10,0,10,群益金鼎-開元,2023-08-09,9134
3466,德晉,10,0,10,群益金鼎-開元,2023-08-09,9134
8429,金麗-KY,10,0,10,群益金鼎-開元,2023-08-09,9134
5009,榮剛,10,0,10,群益金鼎-開元,2023-08-09,9134
2303,聯電,9,0,9,群益金鼎-開元,2023-08-09,9134
2009,第一銅,10,1,9,群益金鼎-開元,2023-08-09,9134
3322,建舜電,10,1,9,群益金鼎-開元,2023-08-09,9134
2891,中信金,7,0,7,群益金鼎-開元,2023-08-09,9134
2890,永豐金,23,16,7,群益金鼎-開元,2023-08-09,9134
2801,彰銀,7,0,7,群益金鼎-開元,2023-08-09,9134
6182,合晶,7,0,7,群益金鼎-開元,2023-08-09,9134
1504,東元,11,4,7,群益金鼎-開元,2023-08-09,9134
5519,隆大,7,0,7,群益金鼎-開元,2023-08-09,9134
6585,鼎基,7,0,7,群益金鼎-開元,2023-08-09,9134
2409,友達,14,7,7,群益金鼎-開元,2023-08-09,9134
00929,復華台灣科技優息,141,1,140,群益金鼎-開元,2023-08-10,9134
00900,富邦特選高股息30,82,0,82,群益金鼎-開元,2023-08-10,9134
6235,華孚,212,132,80,群益金鼎-開元,2023-08-10,9134
1217,愛之味,81,1,80,群益金鼎-開元,2023-08-10,9134
00878,國泰永續高股息,88,32,56,群益金鼎-開元,2023-08-10,9134
8105,凌巨,55,5,50,群益金鼎-開元,2023-08-10,9134
1609,大亞,49,2,47,群益金鼎-開元,2023-08-10,9134
2312,金寶,40,1,39,群益金鼎-開元,2023-08-10,9134
2618,長榮航,81,44,37,群益金鼎-開元,2023-08-10,9134
1605,華新,47,11,36,群益金鼎-開元,2023-08-10,9134
2362,藍天,36,1,35,群益金鼎-開元,2023-08-10,9134
5864,致和證,37,3,34,群益金鼎-開元,2023-08-10,9134
6116,彩晶,39,6,33,群益金鼎-開元,2023-08-10,9134
5531,鄉林,40,11,29,群益金鼎-開元,2023-08-10,9134
8249,菱光,27,0,27,群益金鼎-開元,2023-08-10,9134
2382,廣達,43,16,27,群益金鼎-開元,2023-08-10,9134
9933,中鼎,26,0,26,群益金鼎-開元,2023-08-10,9134
6016,康和證,26,0,26,群益金鼎-開元,2023-08-10,9134
3017,奇鋐,28,3,25,群益金鼎-開元,2023-08-10,9134
00923,群益台ESG低碳50,22,0,22,群益金鼎-開元,2023-08-10,9134
2820,華票,22,0,22,群益金鼎-開元,2023-08-10,9134
6129,普誠,22,1,21,群益金鼎-開元,2023-08-10,9134
2705,六福,27,7,20,群益金鼎-開元,2023-08-10,9134
5488,松普,20,0,20,群益金鼎-開元,2023-08-10,9134
2535,達欣工,20,0,20,群益金鼎-開元,2023-08-10,9134
9950,萬國通,20,0,20,群益金鼎-開元,2023-08-10,9134
3005,神基,20,0,20,群益金鼎-開元,2023-08-10,9134
1795,美時,25,6,19,群益金鼎-開元,2023-08-10,9134
00706L,期元大S＆P日圓正2,18,0,18,群益金鼎-開元,2023-08-10,9134
2401,凌陽,19,1,18,群益金鼎-開元,2023-08-10,9134
6282,康舒,33,15,18,群益金鼎-開元,2023-08-10,9134
2344,華邦電,17,0,17,群益金鼎-開元,2023-08-10,9134
2913,農林,27,10,17,群益金鼎-開元,2023-08-10,9134
2886,兆豐金,18,1,17,群益金鼎-開元,2023-08-10,9134
2399,映泰,16,0,16,群益金鼎-開元,2023-08-10,9134
5009,榮剛,30,15,15,群益金鼎-開元,2023-08-10,9134
00922,國泰台灣領袖50,15,0,15,群益金鼎-開元,2023-08-10,9134
2610,華航,73,58,15,群益金鼎-開元,2023-08-10,9134
0056,元大高股息,35,22,13,群益金鼎-開元,2023-08-10,9134
3032,偉訓,18,5,13,群益金鼎-開元,2023-08-10,9134
2891,中信金,15,2,13,群益金鼎-開元,2023-08-10,9134
2356,英業達,56,44,12,群益金鼎-開元,2023-08-10,9134
1904,正隆,13,1,12,群益金鼎-開元,2023-08-10,9134
2516,新建,14,2,12,群益金鼎-開元,2023-08-10,9134
4523,永彰,13,1,12,群益金鼎-開元,2023-08-10,9134
5392,能率,12,0,12,群益金鼎-開元,2023-08-10,9134
8926,台汽電,11,0,11,群益金鼎-開元,2023-08-10,9134
3483,力致,18,7,11,群益金鼎-開元,2023-08-10,9134
9945,潤泰新,11,0,11,群益金鼎-開元,2023-08-10,9134
1514,亞力,11,0,11,群益金鼎-開元,2023-08-10,9134
2832,台產,135,0,135,群益金鼎-開元,2023-08-11,9134
6235,華孚,138,13,125,群益金鼎-開元,2023-08-11,9134
00900,富邦特選高股息30,97,2,95,群益金鼎-開元,2023-08-11,9134
1609,大亞,100,14,86,群益金鼎-開元,2023-08-11,9134
2618,長榮航,75,30,45,群益金鼎-開元,2023-08-11,9134
2884,玉山金,43,1,42,群益金鼎-開元,2023-08-11,9134
2892,第一金,49,9,40,群益金鼎-開元,2023-08-11,9134
3231,緯創,85,52,33,群益金鼎-開元,2023-08-11,9134
2851,中再保,32,1,31,群益金鼎-開元,2023-08-11,9134
3306,鼎天,45,15,30,群益金鼎-開元,2023-08-11,9134
6770,力積電,31,1,30,群益金鼎-開元,2023-08-11,9134
00931B,統一美債20年,41,12,29,群益金鼎-開元,2023-08-11,9134
5607,遠雄港,27,0,27,群益金鼎-開元,2023-08-11,9134
8926,台汽電,30,4,26,群益金鼎-開元,2023-08-11,9134
2303,聯電,29,3,26,群益金鼎-開元,2023-08-11,9134
2329,華泰,27,1,26,群益金鼎-開元,2023-08-11,9134
3322,建舜電,24,0,24,群益金鼎-開元,2023-08-11,9134
2888,新光金,31,7,24,群益金鼎-開元,2023-08-11,9134
00929,復華台灣科技優息,23,1,22,群益金鼎-開元,2023-08-11,9134
00720B,元大投資級公司債,22,0,22,群益金鼎-開元,2023-08-11,9134
2392,正崴,21,0,21,群益金鼎-開元,2023-08-11,9134
6446,藥華藥,22,1,21,群益金鼎-開元,2023-08-11,9134
2002,中鋼,22,1,21,群益金鼎-開元,2023-08-11,9134
6005,群益證,20,0,20,群益金鼎-開元,2023-08-11,9134
3163,波若威,26,6,20,群益金鼎-開元,2023-08-11,9134
00885,富邦越南,26,6,20,群益金鼎-開元,2023-08-11,9134
2317,鴻海,20,2,18,群益金鼎-開元,2023-08-11,9134
2891,中信金,17,0,17,群益金鼎-開元,2023-08-11,9134
2883,凱基金,16,0,16,群益金鼎-開元,2023-08-11,9134
2323,中環,20,4,16,群益金鼎-開元,2023-08-11,9134
00923,群益台ESG低碳50,20,4,16,群益金鼎-開元,2023-08-11,9134
8249,菱光,15,0,15,群益金鼎-開元,2023-08-11,9134
9950,萬國通,15,0,15,群益金鼎-開元,2023-08-11,9134
5356,協益,15,0,15,群益金鼎-開元,2023-08-11,9134
2027,大成鋼,14,0,14,群益金鼎-開元,2023-08-11,9134
4168,醣聯,13,0,13,群益金鼎-開元,2023-08-11,9134
1471,首利,15,2,13,群益金鼎-開元,2023-08-11,9134
2104,國際中橡,12,0,12,群益金鼎-開元,2023-08-11,9134
00751B,元大AAA至A公司債,22,10,12,群益金鼎-開元,2023-08-11,9134
6016,康和證,12,0,12,群益金鼎-開元,2023-08-11,9134
1527,鑽全,12,0,12,群益金鼎-開元,2023-08-11,9134
8942,森鉅,12,1,11,群益金鼎-開元,2023-08-11,9134
00706L,期元大S＆P日圓正2,11,0,11,群益金鼎-開元,2023-08-11,9134
1313,聯成,12,1,11,群益金鼎-開元,2023-08-11,9134
2637,慧洋-KY,11,0,11,群益金鼎-開元,2023-08-11,9134
00680L,元大美債20正2,10,0,10,群益金鼎-開元,2023-08-11,9134
5864,致和證,10,0,10,群益金鼎-開元,2023-08-11,9134
2355,敬鵬,11,1,10,群益金鼎-開元,2023-08-11,9134
1714,和桐,10,0,10,群益金鼎-開元,2023-08-11,9134
8097,常珵,10,0,10,群益金鼎-開元,2023-08-11,9134
00929,復華台灣科技優息,131,0,131,群益金鼎-開元,2023-08-14,9134
2883,凱基金,127,11,116,群益金鼎-開元,2023-08-14,9134
00641R,富邦日本反1,107,0,107,群益金鼎-開元,2023-08-14,9134
1802,台玻,101,0,101,群益金鼎-開元,2023-08-14,9134
00923,群益台ESG低碳50,80,1,79,群益金鼎-開元,2023-08-14,9134
00878,國泰永續高股息,78,3,75,群益金鼎-開元,2023-08-14,9134
1795,美時,65,7,58,群益金鼎-開元,2023-08-14,9134
6005,群益證,56,0,56,群益金鼎-開元,2023-08-14,9134
2892,第一金,75,20,55,群益金鼎-開元,2023-08-14,9134
2888,新光金,75,22,53,群益金鼎-開元,2023-08-14,9134
00900,富邦特選高股息30,51,0,51,群益金鼎-開元,2023-08-14,9134
3056,富華新,40,0,40,群益金鼎-開元,2023-08-14,9134
9919,康那香,91,54,37,群益金鼎-開元,2023-08-14,9134
2891,中信金,50,17,33,群益金鼎-開元,2023-08-14,9134
1217,愛之味,60,28,32,群益金鼎-開元,2023-08-14,9134
9933,中鼎,32,0,32,群益金鼎-開元,2023-08-14,9134
5356,協益,30,0,30,群益金鼎-開元,2023-08-14,9134
8926,台汽電,31,2,29,群益金鼎-開元,2023-08-14,9134
9945,潤泰新,28,0,28,群益金鼎-開元,2023-08-14,9134
2344,華邦電,30,2,28,群益金鼎-開元,2023-08-14,9134
1312,國喬,26,0,26,群益金鼎-開元,2023-08-14,9134
1109,信大,23,0,23,群益金鼎-開元,2023-08-14,9134
5222,全訊,28,6,22,群益金鼎-開元,2023-08-14,9134
00922,國泰台灣領袖50,22,0,22,群益金鼎-開元,2023-08-14,9134
2401,凌陽,22,0,22,群益金鼎-開元,2023-08-14,9134
6112,邁達特,26,4,22,群益金鼎-開元,2023-08-14,9134
2929,淘帝-KY,24,4,20,群益金鼎-開元,2023-08-14,9134
2453,凌群,21,1,20,群益金鼎-開元,2023-08-14,9134
8446,華研,21,1,20,群益金鼎-開元,2023-08-14,9134
2356,英業達,71,51,20,群益金鼎-開元,2023-08-14,9134
2313,華通,23,4,19,群益金鼎-開元,2023-08-14,9134
6185,幃翔,20,1,19,群益金鼎-開元,2023-08-14,9134
2027,大成鋼,21,4,17,群益金鼎-開元,2023-08-14,9134
4114,健喬,23,7,16,群益金鼎-開元,2023-08-14,9134
1513,中興電,24,8,16,群益金鼎-開元,2023-08-14,9134
2609,陽明,20,5,15,群益金鼎-開元,2023-08-14,9134
5871,中租-KY,15,0,15,群益金鼎-開元,2023-08-14,9134
1210,大成,15,1,14,群益金鼎-開元,2023-08-14,9134
2201,裕隆,13,0,13,群益金鼎-開元,2023-08-14,9134
2323,中環,13,0,13,群益金鼎-開元,2023-08-14,9134
6125,廣運,21,8,13,群益金鼎-開元,2023-08-14,9134
1313,聯成,14,1,13,群益金鼎-開元,2023-08-14,9134
2886,兆豐金,13,1,12,群益金鼎-開元,2023-08-14,9134
1409,新纖,12,0,12,群益金鼎-開元,2023-08-14,9134
00931B,統一美債20年,12,0,12,群益金鼎-開元,2023-08-14,9134
00902,中信電池及儲能,11,0,11,群益金鼎-開元,2023-08-14,9134
2353,宏��,21,10,11,群益金鼎-開元,2023-08-14,9134
2329,華泰,14,4,10,群益金鼎-開元,2023-08-14,9134
1527,鑽全,10,0,10,群益金鼎-開元,2023-08-14,9134
9904,寶成,11,1,10,群益金鼎-開元,2023-08-14,9134
00900,富邦特選高股息30,123,5,118,群益金鼎-開元,2023-08-15,9134
2892,第一金,115,0,115,群益金鼎-開元,2023-08-15,9134
2027,大成鋼,110,2,108,群益金鼎-開元,2023-08-15,9134
00923,群益台ESG低碳50,103,20,83,群益金鼎-開元,2023-08-15,9134
2329,華泰,59,9,50,群益金鼎-開元,2023-08-15,9134
2883,凱基金,69,22,47,群益金鼎-開元,2023-08-15,9134
8926,台汽電,42,1,41,群益金鼎-開元,2023-08-15,9134
2363,矽統,102,62,40,群益金鼎-開元,2023-08-15,9134
5356,協益,30,0,30,群益金鼎-開元,2023-08-15,9134
6016,康和證,56,27,29,群益金鼎-開元,2023-08-15,9134
9110,越南控-DR,25,0,25,群益金鼎-開元,2023-08-15,9134
00641R,富邦日本反1,23,0,23,群益金鼎-開元,2023-08-15,9134
2317,鴻海,23,0,23,群益金鼎-開元,2023-08-15,9134
2002,中鋼,31,10,21,群益金鼎-開元,2023-08-15,9134
1217,愛之味,33,12,21,群益金鼎-開元,2023-08-15,9134
00931B,統一美債20年,24,3,21,群益金鼎-開元,2023-08-15,9134
3078,僑威,41,21,20,群益金鼎-開元,2023-08-15,9134
5371,中光電,18,0,18,群益金鼎-開元,2023-08-15,9134
00637L,元大滬深300正2,18,0,18,群益金鼎-開元,2023-08-15,9134
2880,華南金,19,2,17,群益金鼎-開元,2023-08-15,9134
00706L,期元大S＆P日圓正2,17,0,17,群益金鼎-開元,2023-08-15,9134
6188,廣明,20,5,15,群益金鼎-開元,2023-08-15,9134
2104,國際中橡,14,0,14,群益金鼎-開元,2023-08-15,9134
2884,玉山金,17,3,14,群益金鼎-開元,2023-08-15,9134
6235,華孚,23,10,13,群益金鼎-開元,2023-08-15,9134
00687B,國泰20年美債,13,0,13,群益金鼎-開元,2023-08-15,9134
5880,合庫金,12,0,12,群益金鼎-開元,2023-08-15,9134
1717,長興,12,1,11,群益金鼎-開元,2023-08-15,9134
00882,中信中國高股息,11,0,11,群益金鼎-開元,2023-08-15,9134
6187,萬潤,11,0,11,群益金鼎-開元,2023-08-15,9134
2705,六福,10,0,10,群益金鼎-開元,2023-08-15,9134
2906,高林,10,0,10,群益金鼎-開元,2023-08-15,9134
2107,厚生,10,0,10,群益金鼎-開元,2023-08-15,9134
2359,所羅門,12,2,10,群益金鼎-開元,2023-08-15,9134
1313,聯成,10,0,10,群益金鼎-開元,2023-08-15,9134
2313,華通,10,0,10,群益金鼎-開元,2023-08-15,9134
3051,力特,10,1,9,群益金鼎-開元,2023-08-15,9134
1303,南亞,8,0,8,群益金鼎-開元,2023-08-15,9134
00795B,中信美國公債20年,8,0,8,群益金鼎-開元,2023-08-15,9134
5439,高技,9,2,7,群益金鼎-開元,2023-08-15,9134
2886,兆豐金,7,0,7,群益金鼎-開元,2023-08-15,9134
1504,東元,10,3,7,群益金鼎-開元,2023-08-15,9134
2467,志聖,7,0,7,群益金鼎-開元,2023-08-15,9134
2014,中鴻,7,0,7,群益金鼎-開元,2023-08-15,9134
2801,彰銀,6,0,6,群益金鼎-開元,2023-08-15,9134
5871,中租-KY,9,3,6,群益金鼎-開元,2023-08-15,9134
3029,零壹,6,0,6,群益金鼎-開元,2023-08-15,9134
8446,華研,17,11,6,群益金鼎-開元,2023-08-15,9134
5315,光聯,6,0,6,群益金鼎-開元,2023-08-15,9134
9958,世紀鋼,6,0,6,群益金鼎-開元,2023-08-15,9134
2409,友達,221,0,221,群益金鼎-開元,2023-08-16,9134
00929,復華台灣科技優息,84,0,84,群益金鼎-開元,2023-08-16,9134
00878,國泰永續高股息,64,5,59,群益金鼎-開元,2023-08-16,9134
2705,六福,66,10,56,群益金鼎-開元,2023-08-16,9134
00923,群益台ESG低碳50,49,0,49,群益金鼎-開元,2023-08-16,9134
00913,兆豐台灣晶圓製造,45,0,45,群益金鼎-開元,2023-08-16,9134
6235,華孚,182,140,42,群益金鼎-開元,2023-08-16,9134
2303,聯電,90,49,41,群益金鼎-開元,2023-08-16,9134
3706,神達,41,4,37,群益金鼎-開元,2023-08-16,9134
2344,華邦電,43,7,36,群益金鼎-開元,2023-08-16,9134
00712,復華富時不動產,36,1,35,群益金鼎-開元,2023-08-16,9134
8926,台汽電,31,0,31,群益金鼎-開元,2023-08-16,9134
2609,陽明,32,4,28,群益金鼎-開元,2023-08-16,9134
1301,台塑,24,0,24,群益金鼎-開元,2023-08-16,9134
00900,富邦特選高股息30,25,1,24,群益金鼎-開元,2023-08-16,9134
2886,兆豐金,28,5,23,群益金鼎-開元,2023-08-16,9134
00882,中信中國高股息,23,0,23,群益金鼎-開元,2023-08-16,9134
1802,台玻,27,5,22,群益金鼎-開元,2023-08-16,9134
6116,彩晶,18,0,18,群益金鼎-開元,2023-08-16,9134
2323,中環,73,56,17,群益金鼎-開元,2023-08-16,9134
00888,永豐台灣ESG,18,2,16,群益金鼎-開元,2023-08-16,9134
8446,華研,15,0,15,群益金鼎-開元,2023-08-16,9134
8027,鈦昇,19,4,15,群益金鼎-開元,2023-08-16,9134
9933,中鼎,15,0,15,群益金鼎-開元,2023-08-16,9134
2892,第一金,17,2,15,群益金鼎-開元,2023-08-16,9134
6282,康舒,23,9,14,群益金鼎-開元,2023-08-16,9134
2027,大成鋼,16,3,13,群益金鼎-開元,2023-08-16,9134
2881,富邦金,13,0,13,群益金鼎-開元,2023-08-16,9134
2812,台中銀,13,0,13,群益金鼎-開元,2023-08-16,9134
00687B,國泰20年美債,13,0,13,群益金鼎-開元,2023-08-16,9134
3483,力致,28,15,13,群益金鼎-開元,2023-08-16,9134
2014,中鴻,13,0,13,群益金鼎-開元,2023-08-16,9134
4563,百德,17,4,13,群益金鼎-開元,2023-08-16,9134
00772B,中信高評級公司債,13,0,13,群益金鼎-開元,2023-08-16,9134
6139,亞翔,16,3,13,群益金鼎-開元,2023-08-16,9134
2337,旺宏,13,0,13,群益金鼎-開元,2023-08-16,9134
1605,華新,42,30,12,群益金鼎-開元,2023-08-16,9134
2002,中鋼,13,2,11,群益金鼎-開元,2023-08-16,9134
2890,永豐金,13,2,11,群益金鼎-開元,2023-08-16,9134
2885,元大金,11,0,11,群益金鼎-開元,2023-08-16,9134
2897,王道銀行,11,0,11,群益金鼎-開元,2023-08-16,9134
8927,北基,11,0,11,群益金鼎-開元,2023-08-16,9134
8930,青鋼,13,2,11,群益金鼎-開元,2023-08-16,9134
8433,弘帆,11,0,11,群益金鼎-開元,2023-08-16,9134
0050,元大台灣50,10,0,10,群益金鼎-開元,2023-08-16,9134
2880,華南金,10,0,10,群益金鼎-開元,2023-08-16,9134
2836,高雄銀,10,0,10,群益金鼎-開元,2023-08-16,9134
6177,達麗,10,0,10,群益金鼎-開元,2023-08-16,9134
3066,李洲,10,0,10,群益金鼎-開元,2023-08-16,9134
0055,元大MSCI金融,10,0,10,群益金鼎-開元,2023-08-16,9134
00929,復華台灣科技優息,120,0,120,群益金鼎-開元,2023-08-17,9134
1711,永光,100,0,100,群益金鼎-開元,2023-08-17,9134
2105,正新,89,0,89,群益金鼎-開元,2023-08-17,9134
2880,華南金,54,0,54,群益金鼎-開元,2023-08-17,9134
3231,緯創,127,78,49,群益金鼎-開元,2023-08-17,9134
2382,廣達,67,31,36,群益金鼎-開元,2023-08-17,9134
2338,光罩,36,1,35,群益金鼎-開元,2023-08-17,9134
2883,凱基金,36,1,35,群益金鼎-開元,2023-08-17,9134
2313,華通,39,5,34,群益金鼎-開元,2023-08-17,9134
5880,合庫金,32,0,32,群益金鼎-開元,2023-08-17,9134
00923,群益台ESG低碳50,32,0,32,群益金鼎-開元,2023-08-17,9134
00913,兆豐台灣晶圓製造,31,0,31,群益金鼎-開元,2023-08-17,9134
2303,聯電,40,9,31,群益金鼎-開元,2023-08-17,9134
1784,訊聯,29,0,29,群益金鼎-開元,2023-08-17,9134
8926,台汽電,25,0,25,群益金鼎-開元,2023-08-17,9134
1802,台玻,23,1,22,群益金鼎-開元,2023-08-17,9134
1301,台塑,22,1,21,群益金鼎-開元,2023-08-17,9134
9945,潤泰新,22,2,20,群益金鼎-開元,2023-08-17,9134
5356,協益,20,0,20,群益金鼎-開元,2023-08-17,9134
2409,友達,22,3,19,群益金鼎-開元,2023-08-17,9134
00712,復華富時不動產,18,0,18,群益金鼎-開元,2023-08-17,9134
5371,中光電,20,2,18,群益金鼎-開元,2023-08-17,9134
2891,中信金,23,5,18,群益金鼎-開元,2023-08-17,9134
00720B,元大投資級公司債,17,0,17,群益金鼎-開元,2023-08-17,9134
00772B,中信高評級公司債,17,0,17,群益金鼎-開元,2023-08-17,9134
2618,長榮航,21,4,17,群益金鼎-開元,2023-08-17,9134
2886,兆豐金,19,3,16,群益金鼎-開元,2023-08-17,9134
3483,力致,20,4,16,群益金鼎-開元,2023-08-17,9134
00679B,元大美債20年,16,0,16,群益金鼎-開元,2023-08-17,9134
2885,元大金,15,0,15,群益金鼎-開元,2023-08-17,9134
1459,聯發,15,0,15,群益金鼎-開元,2023-08-17,9134
2324,仁寶,89,74,15,群益金鼎-開元,2023-08-17,9134
1609,大亞,29,14,15,群益金鼎-開元,2023-08-17,9134
3105,穩懋,19,5,14,群益金鼎-開元,2023-08-17,9134
00885,富邦越南,15,1,14,群益金鼎-開元,2023-08-17,9134
00931B,統一美債20年,45,31,14,群益金鼎-開元,2023-08-17,9134
2371,大同,15,2,13,群益金鼎-開元,2023-08-17,9134
2892,第一金,13,1,12,群益金鼎-開元,2023-08-17,9134
5388,中磊,14,2,12,群益金鼎-開元,2023-08-17,9134
00680L,元大美債20正2,12,0,12,群益金鼎-開元,2023-08-17,9134
2392,正崴,15,3,12,群益金鼎-開元,2023-08-17,9134
00927,群益半導體收益,11,0,11,群益金鼎-開元,2023-08-17,9134
2332,友訊,21,10,11,群益金鼎-開元,2023-08-17,9134
8390,金益鼎,12,1,11,群益金鼎-開元,2023-08-17,9134
6125,廣運,24,13,11,群益金鼎-開元,2023-08-17,9134
2913,農林,13,2,11,群益金鼎-開元,2023-08-17,9134
00900,富邦特選高股息30,11,0,11,群益金鼎-開元,2023-08-17,9134
6531,愛普*,13,2,11,群益金鼎-開元,2023-08-17,9134
00755B,群益投資級公用債,10,0,10,群益金鼎-開元,2023-08-17,9134
00688L,國泰20年美債正2,10,0,10,群益金鼎-開元,2023-08-17,9134
2618,長榮航,81,5,76,群益金鼎-開元,2023-08-18,9134
00878,國泰永續高股息,68,0,68,群益金鼎-開元,2023-08-18,9134
00929,復華台灣科技優息,57,0,57,群益金鼎-開元,2023-08-18,9134
2887,台新金,54,0,54,群益金鼎-開元,2023-08-18,9134
1714,和桐,51,0,51,群益金鼎-開元,2023-08-18,9134
3231,緯創,96,45,51,群益金鼎-開元,2023-08-18,9134
6235,華孚,71,24,47,群益金鼎-開元,2023-08-18,9134
00795B,中信美國公債20年,45,0,45,群益金鼎-開元,2023-08-18,9134
2356,英業達,85,43,42,群益金鼎-開元,2023-08-18,9134
2363,矽統,125,83,42,群益金鼎-開元,2023-08-18,9134
5864,致和證,70,28,42,群益金鼎-開元,2023-08-18,9134
2324,仁寶,80,40,40,群益金鼎-開元,2023-08-18,9134
1504,東元,41,7,34,群益金鼎-開元,2023-08-18,9134
9103,美德醫療-DR,30,0,30,群益金鼎-開元,2023-08-18,9134
4157,太景*-KY,27,0,27,群益金鼎-開元,2023-08-18,9134
00923,群益台ESG低碳50,24,0,24,群益金鼎-開元,2023-08-18,9134
9802,鈺齊-KY,23,0,23,群益金鼎-開元,2023-08-18,9134
5706,鳳凰,23,1,22,群益金鼎-開元,2023-08-18,9134
2906,高林,71,50,21,群益金鼎-開元,2023-08-18,9134
2331,精英,33,12,21,群益金鼎-開元,2023-08-18,9134
1446,宏和,21,0,21,群益金鼎-開元,2023-08-18,9134
4108,懷特,20,0,20,群益金鼎-開元,2023-08-18,9134
5426,振發,20,0,20,群益金鼎-開元,2023-08-18,9134
2891,中信金,19,0,19,群益金鼎-開元,2023-08-18,9134
00900,富邦特選高股息30,18,0,18,群益金鼎-開元,2023-08-18,9134
2355,敬鵬,18,0,18,群益金鼎-開元,2023-08-18,9134
00882,中信中國高股息,17,0,17,群益金鼎-開元,2023-08-18,9134
1217,愛之味,17,0,17,群益金鼎-開元,2023-08-18,9134
2332,友訊,29,13,16,群益金鼎-開元,2023-08-18,9134
00720B,元大投資級公司債,16,0,16,群益金鼎-開元,2023-08-18,9134
2382,廣達,42,27,15,群益金鼎-開元,2023-08-18,9134
4563,百德,18,3,15,群益金鼎-開元,2023-08-18,9134
2615,萬海,16,3,13,群益金鼎-開元,2023-08-18,9134
1101,台泥,13,0,13,群益金鼎-開元,2023-08-18,9134
8050,廣積,18,5,13,群益金鼎-開元,2023-08-18,9134
2425,承啟,19,6,13,群益金鼎-開元,2023-08-18,9134
3025,星通,16,3,13,群益金鼎-開元,2023-08-18,9134
00751B,元大AAA至A公司債,13,0,13,群益金鼎-開元,2023-08-18,9134
8926,台汽電,13,0,13,群益金鼎-開元,2023-08-18,9134
3706,神達,30,17,13,群益金鼎-開元,2023-08-18,9134
1815,富喬,12,0,12,群益金鼎-開元,2023-08-18,9134
0056,元大高股息,13,1,12,群益金鼎-開元,2023-08-18,9134
6282,康舒,17,5,12,群益金鼎-開元,2023-08-18,9134
2353,宏��,30,19,11,群益金鼎-開元,2023-08-18,9134
6841,長佳智能,11,0,11,群益金鼎-開元,2023-08-18,9134
2409,友達,27,17,10,群益金鼎-開元,2023-08-18,9134
00772B,中信高評級公司債,10,0,10,群益金鼎-開元,2023-08-18,9134
2449,京元電子,12,2,10,群益金鼎-開元,2023-08-18,9134
00885,富邦越南,20,10,10,群益金鼎-開元,2023-08-18,9134
3693,營邦,15,6,9,群益金鼎-開元,2023-08-18,9134
00929,復華台灣科技優息,252,1,251,群益金鼎-開元,2023-08-21,9134
1714,和桐,180,0,180,群益金鼎-開元,2023-08-21,9134
00712,復華富時不動產,50,0,50,群益金鼎-開元,2023-08-21,9134
2303,聯電,34,3,31,群益金鼎-開元,2023-08-21,9134
8070,長華*,29,0,29,群益金鼎-開元,2023-08-21,9134
00885,富邦越南,28,3,25,群益金鼎-開元,2023-08-21,9134
2610,華航,24,2,22,群益金鼎-開元,2023-08-21,9134
2609,陽明,24,2,22,群益金鼎-開元,2023-08-21,9134
5864,致和證,53,31,22,群益金鼎-開元,2023-08-21,9134
00720B,元大投資級公司債,60,40,20,群益金鼎-開元,2023-08-21,9134
6163,華電網,20,0,20,群益金鼎-開元,2023-08-21,9134
2419,仲琦,30,10,20,群益金鼎-開元,2023-08-21,9134
6613,朋億*,20,0,20,群益金鼎-開元,2023-08-21,9134
00919,群益台灣精選高息,17,0,17,群益金鼎-開元,2023-08-21,9134
1471,首利,21,7,14,群益金鼎-開元,2023-08-21,9134
00665L,富邦�琤肭磪囓�2,24,10,14,群益金鼎-開元,2023-08-21,9134
3056,富華新,15,1,14,群益金鼎-開元,2023-08-21,9134
00882,中信中國高股息,13,0,13,群益金鼎-開元,2023-08-21,9134
1504,東元,15,2,13,群益金鼎-開元,2023-08-21,9134
2324,仁寶,33,20,13,群益金鼎-開元,2023-08-21,9134
3306,鼎天,18,5,13,群益金鼎-開元,2023-08-21,9134
2606,裕民,18,6,12,群益金鼎-開元,2023-08-21,9134
9950,萬國通,14,2,12,群益金鼎-開元,2023-08-21,9134
3711,日月光投控,11,0,11,群益金鼎-開元,2023-08-21,9134
6139,亞翔,14,3,11,群益金鼎-開元,2023-08-21,9134
3234,光環,11,0,11,群益金鼎-開元,2023-08-21,9134
1304,台聚,10,0,10,群益金鼎-開元,2023-08-21,9134
5880,合庫金,10,0,10,群益金鼎-開元,2023-08-21,9134
3689,湧德,18,8,10,群益金鼎-開元,2023-08-21,9134
2354,鴻準,10,0,10,群益金鼎-開元,2023-08-21,9134
1815,富喬,10,1,9,群益金鼎-開元,2023-08-21,9134
8222,寶一,8,0,8,群益金鼎-開元,2023-08-21,9134
2107,厚生,8,0,8,群益金鼎-開元,2023-08-21,9134
3013,晟銘電,13,5,8,群益金鼎-開元,2023-08-21,9134
4168,醣聯,8,0,8,群益金鼎-開元,2023-08-21,9134
1301,台塑,9,1,8,群益金鼎-開元,2023-08-21,9134
00679B,元大美債20年,8,0,8,群益金鼎-開元,2023-08-21,9134
3231,緯創,40,32,8,群益金鼎-開元,2023-08-21,9134
6770,力積電,9,2,7,群益金鼎-開元,2023-08-21,9134
2457,飛宏,12,5,7,群益金鼎-開元,2023-08-21,9134
00772B,中信高評級公司債,7,0,7,群益金鼎-開元,2023-08-21,9134
00931B,統一美債20年,10,3,7,群益金鼎-開元,2023-08-21,9134
3176,基亞,7,0,7,群益金鼎-開元,2023-08-21,9134
8069,元太,12,5,7,群益金鼎-開元,2023-08-21,9134
6190,萬泰科,7,0,7,群益金鼎-開元,2023-08-21,9134
2027,大成鋼,8,1,7,群益金鼎-開元,2023-08-21,9134
2382,廣達,27,21,6,群益金鼎-開元,2023-08-21,9134
8926,台汽電,6,0,6,群益金鼎-開元,2023-08-21,9134
00751B,元大AAA至A公司債,6,0,6,群益金鼎-開元,2023-08-21,9134
00688L,國泰20年美債正2,6,0,6,群益金鼎-開元,2023-08-21,9134
2324,仁寶,179,54,125,群益金鼎-開元,2023-08-22,9134
00715L,期街口布蘭特正2,100,0,100,群益金鼎-開元,2023-08-22,9134
2363,矽統,86,43,43,群益金鼎-開元,2023-08-22,9134
3689,湧德,38,1,37,群益金鼎-開元,2023-08-22,9134
2409,友達,35,0,35,群益金鼎-開元,2023-08-22,9134
1605,華新,32,5,27,群益金鼎-開元,2023-08-22,9134
2401,凌陽,131,104,27,群益金鼎-開元,2023-08-22,9134
2303,聯電,26,2,24,群益金鼎-開元,2023-08-22,9134
6116,彩晶,22,0,22,群益金鼎-開元,2023-08-22,9134
00679B,元大美債20年,22,0,22,群益金鼎-開元,2023-08-22,9134
2886,兆豐金,19,0,19,群益金鼎-開元,2023-08-22,9134
2891,中信金,23,5,18,群益金鼎-開元,2023-08-22,9134
3706,神達,20,2,18,群益金鼎-開元,2023-08-22,9134
2332,友訊,25,8,17,群益金鼎-開元,2023-08-22,9134
3042,晶技,20,4,16,群益金鼎-開元,2023-08-22,9134
2105,正新,48,32,16,群益金鼎-開元,2023-08-22,9134
5356,協益,16,0,16,群益金鼎-開元,2023-08-22,9134
4906,正文,17,2,15,群益金鼎-開元,2023-08-22,9134
9110,越南控-DR,15,0,15,群益金鼎-開元,2023-08-22,9134
9933,中鼎,13,0,13,群益金鼎-開元,2023-08-22,9134
00720B,元大投資級公司債,12,0,12,群益金鼎-開元,2023-08-22,9134
2353,宏��,23,11,12,群益金鼎-開元,2023-08-22,9134
5531,鄉林,31,20,11,群益金鼎-開元,2023-08-22,9134
8027,鈦昇,18,7,11,群益金鼎-開元,2023-08-22,9134
6179,亞通,11,0,11,群益金鼎-開元,2023-08-22,9134
00637L,元大滬深300正2,21,10,11,群益金鼎-開元,2023-08-22,9134
8358,金居,15,4,11,群益金鼎-開元,2023-08-22,9134
2421,建準,23,12,11,群益金鼎-開元,2023-08-22,9134
00923,群益台ESG低碳50,11,1,10,群益金鼎-開元,2023-08-22,9134
5009,榮剛,10,0,10,群益金鼎-開元,2023-08-22,9134
00922,國泰台灣領袖50,10,0,10,群益金鼎-開元,2023-08-22,9134
6625,必應,17,7,10,群益金鼎-開元,2023-08-22,9134
1612,宏泰,10,0,10,群益金鼎-開元,2023-08-22,9134
2929,淘帝-KY,10,0,10,群益金鼎-開元,2023-08-22,9134
3703,欣陸,10,0,10,群益金鼎-開元,2023-08-22,9134
6244,茂迪,11,1,10,群益金鼎-開元,2023-08-22,9134
00724B,群益投資級金融債,10,0,10,群益金鼎-開元,2023-08-22,9134
8926,台汽電,10,0,10,群益金鼎-開元,2023-08-22,9134
2388,威盛,12,2,10,群益金鼎-開元,2023-08-22,9134
2356,英業達,53,43,10,群益金鼎-開元,2023-08-22,9134
6603,富強鑫,10,0,10,群益金鼎-開元,2023-08-22,9134
2002,中鋼,10,1,9,群益金鼎-開元,2023-08-22,9134
5222,全訊,9,0,9,群益金鼎-開元,2023-08-22,9134
2344,華邦電,13,4,9,群益金鼎-開元,2023-08-22,9134
6770,力積電,10,1,9,群益金鼎-開元,2023-08-22,9134
3032,偉訓,9,1,8,群益金鼎-開元,2023-08-22,9134
00772B,中信高評級公司債,8,0,8,群益金鼎-開元,2023-08-22,9134
2634,漢翔,8,0,8,群益金鼎-開元,2023-08-22,9134
3494,誠研,8,0,8,群益金鼎-開元,2023-08-22,9134
00931B,統一美債20年,12,4,8,群益金鼎-開元,2023-08-22,9134
2618,長榮航,119,19,100,群益金鼎-開元,2023-08-23,9134
00882,中信中國高股息,33,0,33,群益金鼎-開元,2023-08-23,9134
00641R,富邦日本反1,30,0,30,群益金鼎-開元,2023-08-23,9134
4533,協易機,31,1,30,群益金鼎-開元,2023-08-23,9134
4109,加捷生醫,25,0,25,群益金鼎-開元,2023-08-23,9134
9919,康那香,32,9,23,群益金鼎-開元,2023-08-23,9134
3163,波若威,26,4,22,群益金鼎-開元,2023-08-23,9134
1304,台聚,22,0,22,群益金鼎-開元,2023-08-23,9134
2882,國泰金,21,0,21,群益金鼎-開元,2023-08-23,9134
2002,中鋼,20,0,20,群益金鼎-開元,2023-08-23,9134
1464,得力,19,0,19,群益金鼎-開元,2023-08-23,9134
2867,三商壽,20,1,19,群益金鼎-開元,2023-08-23,9134
3673,TPK-KY,20,2,18,群益金鼎-開元,2023-08-23,9134
00687B,國泰20年美債,17,0,17,群益金鼎-開元,2023-08-23,9134
2610,華航,23,6,17,群益金鼎-開元,2023-08-23,9134
1301,台塑,18,1,17,群益金鼎-開元,2023-08-23,9134
2883,凱基金,16,1,15,群益金鼎-開元,2023-08-23,9134
9933,中鼎,15,0,15,群益金鼎-開元,2023-08-23,9134
00712,復華富時不動產,15,0,15,群益金鼎-開元,2023-08-23,9134
3051,力特,23,8,15,群益金鼎-開元,2023-08-23,9134
5871,中租-KY,14,0,14,群益金鼎-開元,2023-08-23,9134
3715,定穎投控,46,33,13,群益金鼎-開元,2023-08-23,9134
2387,精元,13,0,13,群益金鼎-開元,2023-08-23,9134
6282,康舒,18,6,12,群益金鼎-開元,2023-08-23,9134
1312,國喬,12,0,12,群益金鼎-開元,2023-08-23,9134
2324,仁寶,26,14,12,群益金鼎-開元,2023-08-23,9134
00751B,元大AAA至A公司債,12,0,12,群益金鼎-開元,2023-08-23,9134
3704,合勤控,12,0,12,群益金鼎-開元,2023-08-23,9134
6167,久正,23,12,11,群益金鼎-開元,2023-08-23,9134
6139,亞翔,16,6,10,群益金鼎-開元,2023-08-23,9134
4944,兆遠,10,0,10,群益金鼎-開元,2023-08-23,9134
8926,台汽電,10,0,10,群益金鼎-開元,2023-08-23,9134
2007,燁興,10,0,10,群益金鼎-開元,2023-08-23,9134
3494,誠研,10,0,10,群益金鼎-開元,2023-08-23,9134
3025,星通,10,0,10,群益金鼎-開元,2023-08-23,9134
5388,中磊,12,3,9,群益金鼎-開元,2023-08-23,9134
2303,聯電,16,7,9,群益金鼎-開元,2023-08-23,9134
2812,台中銀,22,13,9,群益金鼎-開元,2023-08-23,9134
2887,台新金,9,0,9,群益金鼎-開元,2023-08-23,9134
1905,華紙,8,0,8,群益金鼎-開元,2023-08-23,9134
1316,上曜,10,2,8,群益金鼎-開元,2023-08-23,9134
6550,北極星藥業-KY,8,0,8,群益金鼎-開元,2023-08-23,9134
6218,豪勉,7,0,7,群益金鼎-開元,2023-08-23,9134
2913,農林,7,0,7,群益金鼎-開元,2023-08-23,9134
2890,永豐金,7,0,7,群益金鼎-開元,2023-08-23,9134
2332,友訊,43,37,6,群益金鼎-開元,2023-08-23,9134
2371,大同,6,0,6,群益金鼎-開元,2023-08-23,9134
2606,裕民,6,0,6,群益金鼎-開元,2023-08-23,9134
2383,台光電,8,3,5,群益金鼎-開元,2023-08-23,9134
2301,光寶科,26,21,5,群益金鼎-開元,2023-08-23,9134
1714,和桐,317,0,317,群益金鼎-開元,2023-08-24,9134
2515,中工,60,0,60,群益金鼎-開元,2023-08-24,9134
3231,緯創,139,90,49,群益金鼎-開元,2023-08-24,9134
9950,萬國通,51,5,46,群益金鼎-開元,2023-08-24,9134
3051,力特,52,20,32,群益金鼎-開元,2023-08-24,9134
3706,神達,60,31,29,群益金鼎-開元,2023-08-24,9134
2313,華通,30,2,28,群益金鼎-開元,2023-08-24,9134
3013,晟銘電,35,8,27,群益金鼎-開元,2023-08-24,9134
00715L,期街口布蘭特正2,30,3,27,群益金鼎-開元,2023-08-24,9134
3380,明泰,35,8,27,群益金鼎-開元,2023-08-24,9134
1736,喬山,28,1,27,群益金鼎-開元,2023-08-24,9134
2609,陽明,33,7,26,群益金鼎-開元,2023-08-24,9134
00929,復華台灣科技優息,29,4,25,群益金鼎-開元,2023-08-24,9134
00673R,期元大S＆P原油反1,30,5,25,群益金鼎-開元,2023-08-24,9134
2618,長榮航,28,3,25,群益金鼎-開元,2023-08-24,9134
020033,統一�琤肮黕篾,24,0,24,群益金鼎-開元,2023-08-24,9134
9802,鈺齊-KY,23,0,23,群益金鼎-開元,2023-08-24,9134
2883,凱基金,23,1,22,群益金鼎-開元,2023-08-24,9134
3322,建舜電,21,0,21,群益金鼎-開元,2023-08-24,9134
2887,台新金,20,0,20,群益金鼎-開元,2023-08-24,9134
6128,上福,20,0,20,群益金鼎-開元,2023-08-24,9134
4109,加捷生醫,20,0,20,群益金鼎-開元,2023-08-24,9134
2329,華泰,35,15,20,群益金鼎-開元,2023-08-24,9134
8105,凌巨,18,0,18,群益金鼎-開元,2023-08-24,9134
1513,中興電,32,14,18,群益金鼎-開元,2023-08-24,9134
3056,富華新,17,0,17,群益金鼎-開元,2023-08-24,9134
00632R,元大台灣50反1,17,0,17,群益金鼎-開元,2023-08-24,9134
4157,太景*-KY,15,0,15,群益金鼎-開元,2023-08-24,9134
6426,統新,15,0,15,群益金鼎-開元,2023-08-24,9134
4967,十銓,60,45,15,群益金鼎-開元,2023-08-24,9134
6205,詮欣,15,1,14,群益金鼎-開元,2023-08-24,9134
2610,華航,44,30,14,群益金鼎-開元,2023-08-24,9134
9933,中鼎,13,0,13,群益金鼎-開元,2023-08-24,9134
5452,佶優,13,1,12,群益金鼎-開元,2023-08-24,9134
2457,飛宏,20,8,12,群益金鼎-開元,2023-08-24,9134
1709,和益,11,0,11,群益金鼎-開元,2023-08-24,9134
2367,燿華,15,4,11,群益金鼎-開元,2023-08-24,9134
1460,宏遠,10,0,10,群益金鼎-開元,2023-08-24,9134
00900,富邦特選高股息30,16,6,10,群益金鼎-開元,2023-08-24,9134
6112,邁達特,10,0,10,群益金鼎-開元,2023-08-24,9134
3483,力致,10,1,9,群益金鼎-開元,2023-08-24,9134
9919,康那香,27,18,9,群益金鼎-開元,2023-08-24,9134
2419,仲琦,20,11,9,群益金鼎-開元,2023-08-24,9134
6188,廣明,9,1,8,群益金鼎-開元,2023-08-24,9134
2888,新光金,22,14,8,群益金鼎-開元,2023-08-24,9134
6282,康舒,20,12,8,群益金鼎-開元,2023-08-24,9134
1584,精剛,11,4,7,群益金鼎-開元,2023-08-24,9134
2421,建準,19,12,7,群益金鼎-開元,2023-08-24,9134
2851,中再保,7,0,7,群益金鼎-開元,2023-08-24,9134
6412,群電,7,0,7,群益金鼎-開元,2023-08-24,9134
00919,群益台灣精選高息,145,5,140,群益金鼎-開元,2023-08-25,9134
1714,和桐,136,0,136,群益金鼎-開元,2023-08-25,9134
3231,緯創,132,30,102,群益金鼎-開元,2023-08-25,9134
2374,佳能,100,0,100,群益金鼎-開元,2023-08-25,9134
00878,國泰永續高股息,84,0,84,群益金鼎-開元,2023-08-25,9134
2883,凱基金,58,2,56,群益金鼎-開元,2023-08-25,9134
3051,力特,55,2,53,群益金鼎-開元,2023-08-25,9134
1605,華新,75,31,44,群益金鼎-開元,2023-08-25,9134
2356,英業達,59,27,32,群益金鼎-開元,2023-08-25,9134
2460,建通,34,3,31,群益金鼎-開元,2023-08-25,9134
2382,廣達,49,20,29,群益金鼎-開元,2023-08-25,9134
2634,漢翔,36,9,27,群益金鼎-開元,2023-08-25,9134
2353,宏��,38,13,25,群益金鼎-開元,2023-08-25,9134
8926,台汽電,25,0,25,群益金鼎-開元,2023-08-25,9134
1516,川飛,23,0,23,群益金鼎-開元,2023-08-25,9134
8027,鈦昇,40,18,22,群益金鼎-開元,2023-08-25,9134
2367,燿華,20,0,20,群益金鼎-開元,2023-08-25,9134
2706,第一店,20,0,20,群益金鼎-開元,2023-08-25,9134
5356,協益,20,0,20,群益金鼎-開元,2023-08-25,9134
3607,谷崧,20,0,20,群益金鼎-開元,2023-08-25,9134
2014,中鴻,20,0,20,群益金鼎-開元,2023-08-25,9134
4960,誠美材,20,0,20,群益金鼎-開元,2023-08-25,9134
2610,華航,24,7,17,群益金鼎-開元,2023-08-25,9134
2303,聯電,23,7,16,群益金鼎-開元,2023-08-25,9134
2330,台積電,16,0,16,群益金鼎-開元,2023-08-25,9134
8940,新天地,20,6,14,群益金鼎-開元,2023-08-25,9134
2743,山富,48,35,13,群益金鼎-開元,2023-08-25,9134
2399,映泰,13,1,12,群益金鼎-開元,2023-08-25,9134
5371,中光電,12,0,12,群益金鼎-開元,2023-08-25,9134
3715,定穎投控,23,11,12,群益金鼎-開元,2023-08-25,9134
2618,長榮航,26,14,12,群益金鼎-開元,2023-08-25,9134
00923,群益台ESG低碳50,19,8,11,群益金鼎-開元,2023-08-25,9134
2363,矽統,62,51,11,群益金鼎-開元,2023-08-25,9134
2409,友達,11,0,11,群益金鼎-開元,2023-08-25,9134
3037,欣興,14,3,11,群益金鼎-開元,2023-08-25,9134
3706,神達,19,9,10,群益金鼎-開元,2023-08-25,9134
1514,亞力,10,0,10,群益金鼎-開元,2023-08-25,9134
2515,中工,10,0,10,群益金鼎-開元,2023-08-25,9134
2852,第一保,9,0,9,群益金鼎-開元,2023-08-25,9134
4543,萬在,12,3,9,群益金鼎-開元,2023-08-25,9134
2332,友訊,29,21,8,群益金鼎-開元,2023-08-25,9134
00929,復華台灣科技優息,8,0,8,群益金鼎-開元,2023-08-25,9134
3558,神準,9,2,7,群益金鼎-開元,2023-08-25,9134
2884,玉山金,7,0,7,群益金鼎-開元,2023-08-25,9134
00900,富邦特選高股息30,6,0,6,群益金鼎-開元,2023-08-25,9134
3163,波若威,8,2,6,群益金鼎-開元,2023-08-25,9134
1503,士電,6,0,6,群益金鼎-開元,2023-08-25,9134
9933,中鼎,6,0,6,群益金鼎-開元,2023-08-25,9134
00902,中信電池及儲能,6,0,6,群益金鼎-開元,2023-08-25,9134
2421,建準,14,8,6,群益金鼎-開元,2023-08-25,9134
00929,復華台灣科技優息,196,0,196,群益金鼎-開元,2023-08-28,9134
2634,漢翔,130,25,105,群益金鼎-開元,2023-08-28,9134
5864,致和證,87,14,73,群益金鼎-開元,2023-08-28,9134
2374,佳能,66,0,66,群益金鼎-開元,2023-08-28,9134
2633,台灣高鐵,52,0,52,群益金鼎-開元,2023-08-28,9134
2105,正新,50,0,50,群益金鼎-開元,2023-08-28,9134
2883,凱基金,61,18,43,群益金鼎-開元,2023-08-28,9134
2485,兆赫,51,9,42,群益金鼎-開元,2023-08-28,9134
00878,國泰永續高股息,43,1,42,群益金鼎-開元,2023-08-28,9134
9919,康那香,26,2,24,群益金鼎-開元,2023-08-28,9134
2812,台中銀,25,1,24,群益金鼎-開元,2023-08-28,9134
2743,山富,18,1,17,群益金鼎-開元,2023-08-28,9134
2382,廣達,28,11,17,群益金鼎-開元,2023-08-28,9134
4563,百德,17,1,16,群益金鼎-開元,2023-08-28,9134
2002,中鋼,17,1,16,群益金鼎-開元,2023-08-28,9134
3231,緯創,65,49,16,群益金鼎-開元,2023-08-28,9134
1217,愛之味,15,0,15,群益金鼎-開元,2023-08-28,9134
2630,亞航,19,4,15,群益金鼎-開元,2023-08-28,9134
1609,大亞,26,11,15,群益金鼎-開元,2023-08-28,9134
1402,遠東新,13,0,13,群益金鼎-開元,2023-08-28,9134
2323,中環,12,0,12,群益金鼎-開元,2023-08-28,9134
2419,仲琦,15,3,12,群益金鼎-開元,2023-08-28,9134
1709,和益,11,0,11,群益金鼎-開元,2023-08-28,9134
2409,友達,12,1,11,群益金鼎-開元,2023-08-28,9134
2331,精英,28,17,11,群益金鼎-開元,2023-08-28,9134
1904,正隆,11,0,11,群益金鼎-開元,2023-08-28,9134
2887,台新金,13,3,10,群益金鼎-開元,2023-08-28,9134
6104,創惟,22,12,10,群益金鼎-開元,2023-08-28,9134
9933,中鼎,10,0,10,群益金鼎-開元,2023-08-28,9134
1219,福壽,10,0,10,群益金鼎-開元,2023-08-28,9134
1314,中石化,10,0,10,群益金鼎-開元,2023-08-28,9134
4960,誠美材,13,3,10,群益金鼎-開元,2023-08-28,9134
8429,金麗-KY,10,0,10,群益金鼎-開元,2023-08-28,9134
0056,元大高股息,10,0,10,群益金鼎-開元,2023-08-28,9134
4906,正文,26,17,9,群益金鼎-開元,2023-08-28,9134
00772B,中信高評級公司債,9,0,9,群益金鼎-開元,2023-08-28,9134
2301,光寶科,11,3,8,群益金鼎-開元,2023-08-28,9134
8390,金益鼎,8,0,8,群益金鼎-開元,2023-08-28,9134
1584,精剛,15,7,8,群益金鼎-開元,2023-08-28,9134
2484,希華,8,0,8,群益金鼎-開元,2023-08-28,9134
2402,毅嘉,14,7,7,群益金鼎-開元,2023-08-28,9134
1101,台泥,7,0,7,群益金鼎-開元,2023-08-28,9134
2208,台船,7,0,7,群益金鼎-開元,2023-08-28,9134
3044,健鼎,9,2,7,群益金鼎-開元,2023-08-28,9134
2201,裕隆,8,1,7,群益金鼎-開元,2023-08-28,9134
8926,台汽電,7,0,7,群益金鼎-開元,2023-08-28,9134
2352,佳世達,7,0,7,群益金鼎-開元,2023-08-28,9134
3032,偉訓,7,1,6,群益金鼎-開元,2023-08-28,9134
2736,富野,6,0,6,群益金鼎-開元,2023-08-28,9134
3380,明泰,13,7,6,群益金鼎-開元,2023-08-28,9134
2883,凱基金,104,2,102,群益金鼎-開元,2023-08-29,9134
2303,聯電,52,18,34,群益金鼎-開元,2023-08-29,9134
4109,加捷生醫,25,0,25,群益金鼎-開元,2023-08-29,9134
00900,富邦特選高股息30,24,1,23,群益金鼎-開元,2023-08-29,9134
2002,中鋼,22,1,21,群益金鼎-開元,2023-08-29,9134
00929,復華台灣科技優息,17,0,17,群益金鼎-開元,2023-08-29,9134
2329,華泰,23,7,16,群益金鼎-開元,2023-08-29,9134
1473,台南,16,0,16,群益金鼎-開元,2023-08-29,9134
00679B,元大美債20年,15,0,15,群益金鼎-開元,2023-08-29,9134
4960,誠美材,15,0,15,群益金鼎-開元,2023-08-29,9134
2387,精元,20,5,15,群益金鼎-開元,2023-08-29,9134
3583,辛耘,20,6,14,群益金鼎-開元,2023-08-29,9134
3231,緯創,58,44,14,群益金鼎-開元,2023-08-29,9134
2317,鴻海,22,9,13,群益金鼎-開元,2023-08-29,9134
00885,富邦越南,12,0,12,群益金鼎-開元,2023-08-29,9134
9933,中鼎,12,0,12,群益金鼎-開元,2023-08-29,9134
3021,鴻名,18,7,11,群益金鼎-開元,2023-08-29,9134
00882,中信中國高股息,11,0,11,群益金鼎-開元,2023-08-29,9134
9105,泰金寶-DR,10,0,10,群益金鼎-開元,2023-08-29,9134
6116,彩晶,10,0,10,群益金鼎-開元,2023-08-29,9134
2332,友訊,11,1,10,群益金鼎-開元,2023-08-29,9134
2323,中環,12,3,9,群益金鼎-開元,2023-08-29,9134
3163,波若威,13,4,9,群益金鼎-開元,2023-08-29,9134
2834,臺企銀,10,1,9,群益金鼎-開元,2023-08-29,9134
6443,元晶,160,151,9,群益金鼎-開元,2023-08-29,9134
2440,太空梭,9,1,8,群益金鼎-開元,2023-08-29,9134
9950,萬國通,7,0,7,群益金鼎-開元,2023-08-29,9134
2880,華南金,7,0,7,群益金鼎-開元,2023-08-29,9134
6756,威鋒電子,7,0,7,群益金鼎-開元,2023-08-29,9134
3706,神達,9,2,7,群益金鼎-開元,2023-08-29,9134
1514,亞力,7,0,7,群益金鼎-開元,2023-08-29,9134
3264,欣銓,7,0,7,群益金鼎-開元,2023-08-29,9134
8222,寶一,11,4,7,群益金鼎-開元,2023-08-29,9134
5871,中租-KY,6,0,6,群益金鼎-開元,2023-08-29,9134
3528,安馳,6,0,6,群益金鼎-開元,2023-08-29,9134
3311,閎暉,6,0,6,群益金鼎-開元,2023-08-29,9134
3704,合勤控,6,0,6,群益金鼎-開元,2023-08-29,9134
2312,金寶,7,1,6,群益金鼎-開元,2023-08-29,9134
6418,詠昇,14,8,6,群益金鼎-開元,2023-08-29,9134
3548,兆利,6,0,6,群益金鼎-開元,2023-08-29,9134
2610,華航,13,8,5,群益金鼎-開元,2023-08-29,9134
2027,大成鋼,5,0,5,群益金鼎-開元,2023-08-29,9134
3518,柏騰,5,0,5,群益金鼎-開元,2023-08-29,9134
00632R,元大台灣50反1,5,0,5,群益金鼎-開元,2023-08-29,9134
2362,藍天,5,0,5,群益金鼎-開元,2023-08-29,9134
3044,健鼎,7,2,5,群益金鼎-開元,2023-08-29,9134
1436,華友聯,4,0,4,群益金鼎-開元,2023-08-29,9134
6282,康舒,4,0,4,群益金鼎-開元,2023-08-29,9134
00902,中信電池及儲能,4,0,4,群益金鼎-開元,2023-08-29,9134
5351,鈺創,5,1,4,群益金鼎-開元,2023-08-29,9134
1714,和桐,242,0,242,群益金鼎-開元,2023-08-30,9134
2002,中鋼,101,0,101,群益金鼎-開元,2023-08-30,9134
00637L,元大滬深300正2,44,0,44,群益金鼎-開元,2023-08-30,9134
5381,合正,34,1,33,群益金鼎-開元,2023-08-30,9134
5009,榮剛,23,0,23,群益金鼎-開元,2023-08-30,9134
2371,大同,26,3,23,群益金鼎-開元,2023-08-30,9134
6147,頎邦,24,1,23,群益金鼎-開元,2023-08-30,9134
5222,全訊,20,0,20,群益金鼎-開元,2023-08-30,9134
3025,星通,20,0,20,群益金鼎-開元,2023-08-30,9134
6126,信音,23,4,19,群益金鼎-開元,2023-08-30,9134
2610,華航,22,3,19,群益金鼎-開元,2023-08-30,9134
1217,愛之味,17,0,17,群益金鼎-開元,2023-08-30,9134
3689,湧德,19,4,15,群益金鼎-開元,2023-08-30,9134
00919,群益台灣精選高息,14,0,14,群益金鼎-開元,2023-08-30,9134
3481,群創,27,13,14,群益金鼎-開元,2023-08-30,9134
2014,中鴻,14,1,13,群益金鼎-開元,2023-08-30,9134
3011,今皓,12,1,11,群益金鼎-開元,2023-08-30,9134
8050,廣積,11,0,11,群益金鼎-開元,2023-08-30,9134
3587,閎康,12,1,11,群益金鼎-開元,2023-08-30,9134
3380,明泰,16,5,11,群益金鼎-開元,2023-08-30,9134
5880,合庫金,11,0,11,群益金鼎-開元,2023-08-30,9134
2618,長榮航,23,13,10,群益金鼎-開元,2023-08-30,9134
3052,夆典,10,0,10,群益金鼎-開元,2023-08-30,9134
4916,事欣科,10,0,10,群益金鼎-開元,2023-08-30,9134
3494,誠研,10,0,10,群益金鼎-開元,2023-08-30,9134
00900,富邦特選高股息30,22,12,10,群益金鼎-開元,2023-08-30,9134
2743,山富,10,0,10,群益金鼎-開元,2023-08-30,9134
2913,農林,10,0,10,群益金鼎-開元,2023-08-30,9134
4532,瑞智,12,2,10,群益金鼎-開元,2023-08-30,9134
5315,光聯,10,0,10,群益金鼎-開元,2023-08-30,9134
2468,華經,9,0,9,群益金鼎-開元,2023-08-30,9134
2891,中信金,9,0,9,群益金鼎-開元,2023-08-30,9134
8255,朋程,10,1,9,群益金鼎-開元,2023-08-30,9134
2884,玉山金,12,4,8,群益金鼎-開元,2023-08-30,9134
3617,碩天,8,0,8,群益金鼎-開元,2023-08-30,9134
3710,連展投控,10,2,8,群益金鼎-開元,2023-08-30,9134
3014,聯陽,10,2,8,群益金鼎-開元,2023-08-30,9134
2540,愛山林,8,0,8,群益金鼎-開元,2023-08-30,9134
4142,國光生,13,5,8,群益金鼎-開元,2023-08-30,9134
2402,毅嘉,53,45,8,群益金鼎-開元,2023-08-30,9134
2301,光寶科,18,11,7,群益金鼎-開元,2023-08-30,9134
5392,能率,7,0,7,群益金鼎-開元,2023-08-30,9134
2645,長榮航太,7,0,7,群益金鼎-開元,2023-08-30,9134
1516,川飛,7,0,7,群益金鼎-開元,2023-08-30,9134
3094,聯傑,7,0,7,群益金鼎-開元,2023-08-30,9134
5607,遠雄港,7,0,7,群益金鼎-開元,2023-08-30,9134
2349,錸德,6,0,6,群益金鼎-開元,2023-08-30,9134
2881,富邦金,10,4,6,群益金鼎-開元,2023-08-30,9134
6188,廣明,8,2,6,群益金鼎-開元,2023-08-30,9134
3715,定穎投控,22,17,5,群益金鼎-開元,2023-08-30,9134
2883,凱基金,84,8,76,群益金鼎-開元,2023-08-31,9134
2618,長榮航,74,6,68,群益金鼎-開元,2023-08-31,9134
6126,信音,65,10,55,群益金鼎-開元,2023-08-31,9134
2392,正崴,44,2,42,群益金鼎-開元,2023-08-31,9134
6005,群益證,40,0,40,群益金鼎-開元,2023-08-31,9134
00637L,元大滬深300正2,37,0,37,群益金鼎-開元,2023-08-31,9134
1217,愛之味,37,0,37,群益金鼎-開元,2023-08-31,9134
2353,宏��,34,0,34,群益金鼎-開元,2023-08-31,9134
2913,農林,29,0,29,群益金鼎-開元,2023-08-31,9134
5880,合庫金,29,1,28,群益金鼎-開元,2023-08-31,9134
00919,群益台灣精選高息,30,3,27,群益金鼎-開元,2023-08-31,9134
6147,頎邦,28,2,26,群益金鼎-開元,2023-08-31,9134
8222,寶一,46,20,26,群益金鼎-開元,2023-08-31,9134
2409,友達,30,10,20,群益金鼎-開元,2023-08-31,9134
1417,嘉裕,20,0,20,群益金鼎-開元,2023-08-31,9134
4967,十銓,46,29,17,群益金鼎-開元,2023-08-31,9134
2891,中信金,17,0,17,群益金鼎-開元,2023-08-31,9134
3481,群創,17,2,15,群益金鼎-開元,2023-08-31,9134
2332,友訊,14,1,13,群益金鼎-開元,2023-08-31,9134
2886,兆豐金,13,0,13,群益金鼎-開元,2023-08-31,9134
2867,三商壽,20,7,13,群益金鼎-開元,2023-08-31,9134
2834,臺企銀,15,2,13,群益金鼎-開元,2023-08-31,9134
2892,第一金,13,1,12,群益金鼎-開元,2023-08-31,9134
2890,永豐金,12,0,12,群益金鼎-開元,2023-08-31,9134
2801,彰銀,14,2,12,群益金鼎-開元,2023-08-31,9134
1308,亞聚,11,0,11,群益金鼎-開元,2023-08-31,9134
6125,廣運,11,0,11,群益金鼎-開元,2023-08-31,9134
6796,晉弘,13,2,11,群益金鼎-開元,2023-08-31,9134
3706,神達,22,12,10,群益金鼎-開元,2023-08-31,9134
2105,正新,16,6,10,群益金鼎-開元,2023-08-31,9134
1101,台泥,10,0,10,群益金鼎-開元,2023-08-31,9134
5371,中光電,12,3,9,群益金鼎-開元,2023-08-31,9134
8277,商丞,10,1,9,群益金鼎-開元,2023-08-31,9134
2002,中鋼,8,0,8,群益金鼎-開元,2023-08-31,9134
2337,旺宏,22,14,8,群益金鼎-開元,2023-08-31,9134
2887,台新金,7,0,7,群益金鼎-開元,2023-08-31,9134
2884,玉山金,7,0,7,群益金鼎-開元,2023-08-31,9134
6282,康舒,7,0,7,群益金鼎-開元,2023-08-31,9134
2331,精英,15,8,7,群益金鼎-開元,2023-08-31,9134
2355,敬鵬,13,6,7,群益金鼎-開元,2023-08-31,9134
4147,中裕,10,3,7,群益金鼎-開元,2023-08-31,9134
2436,偉詮電,12,5,7,群益金鼎-開元,2023-08-31,9134
3583,辛耘,6,0,6,群益金鼎-開元,2023-08-31,9134
3062,建漢,6,0,6,群益金鼎-開元,2023-08-31,9134
3689,湧德,6,0,6,群益金鼎-開元,2023-08-31,9134
8027,鈦昇,8,2,6,群益金鼎-開元,2023-08-31,9134
00679B,元大美債20年,6,0,6,群益金鼎-開元,2023-08-31,9134
00929,復華台灣科技優息,7,1,6,群益金鼎-開元,2023-08-31,9134
1529,樂事綠能,6,0,6,群益金鼎-開元,2023-08-31,9134
9904,寶成,5,0,5,群益金鼎-開元,2023-08-31,9134
5864,致和證,261,8,253,群益金鼎-開元,2023-09-01,9134
6446,藥華藥,100,0,100,群益金鼎-開元,2023-09-01,9134
00919,群益台灣精選高息,98,6,92,群益金鼎-開元,2023-09-01,9134
2363,矽統,139,84,55,群益金鼎-開元,2023-09-01,9134
2374,佳能,51,0,51,群益金鼎-開元,2023-09-01,9134
2883,凱基金,40,1,39,群益金鼎-開元,2023-09-01,9134
2836,高雄銀,38,0,38,群益金鼎-開元,2023-09-01,9134
00932,兆豐永續高息等權,28,0,28,群益金鼎-開元,2023-09-01,9134
00929,復華台灣科技優息,43,15,28,群益金鼎-開元,2023-09-01,9134
4746,台耀,53,28,25,群益金鼎-開元,2023-09-01,9134
2867,三商壽,26,1,25,群益金鼎-開元,2023-09-01,9134
2913,農林,24,0,24,群益金鼎-開元,2023-09-01,9134
00878,國泰永續高股息,37,14,23,群益金鼎-開元,2023-09-01,9134
2387,精元,32,10,22,群益金鼎-開元,2023-09-01,9134
2485,兆赫,57,36,21,群益金鼎-開元,2023-09-01,9134
2812,台中銀,18,0,18,群益金鼎-開元,2023-09-01,9134
2392,正崴,17,0,17,群益金鼎-開元,2023-09-01,9134
1101,台泥,21,4,17,群益金鼎-開元,2023-09-01,9134
2881,富邦金,17,0,17,群益金鼎-開元,2023-09-01,9134
2402,毅嘉,169,153,16,群益金鼎-開元,2023-09-01,9134
2457,飛宏,15,0,15,群益金鼎-開元,2023-09-01,9134
9919,康那香,27,12,15,群益金鼎-開元,2023-09-01,9134
3272,東碩,15,0,15,群益金鼎-開元,2023-09-01,9134
6547,高端疫苗,30,16,14,群益金鼎-開元,2023-09-01,9134
8088,品安,14,1,13,群益金鼎-開元,2023-09-01,9134
2340,台亞,32,19,13,群益金鼎-開元,2023-09-01,9134
2356,英業達,22,10,12,群益金鼎-開元,2023-09-01,9134
2630,亞航,12,0,12,群益金鼎-開元,2023-09-01,9134
2323,中環,12,0,12,群益金鼎-開元,2023-09-01,9134
6126,信音,19,8,11,群益金鼎-開元,2023-09-01,9134
2610,華航,23,12,11,群益金鼎-開元,2023-09-01,9134
1722,台肥,11,0,11,群益金鼎-開元,2023-09-01,9134
6285,啟��,11,1,10,群益金鼎-開元,2023-09-01,9134
2892,第一金,10,0,10,群益金鼎-開元,2023-09-01,9134
1514,亞力,10,0,10,群益金鼎-開元,2023-09-01,9134
00665L,富邦�琤肭磪囓�2,10,0,10,群益金鼎-開元,2023-09-01,9134
6235,華孚,18,8,10,群益金鼎-開元,2023-09-01,9134
2887,台新金,10,0,10,群益金鼎-開元,2023-09-01,9134
2358,廷鑫,10,0,10,群益金鼎-開元,2023-09-01,9134
2891,中信金,10,0,10,群益金鼎-開元,2023-09-01,9134
1473,台南,10,0,10,群益金鼎-開元,2023-09-01,9134
4109,加捷生醫,10,0,10,群益金鼎-開元,2023-09-01,9134
6188,廣明,11,1,10,群益金鼎-開元,2023-09-01,9134
4977,眾達-KY,10,1,9,群益金鼎-開元,2023-09-01,9134
3308,聯德,20,11,9,群益金鼎-開元,2023-09-01,9134
2645,長榮航太,12,3,9,群益金鼎-開元,2023-09-01,9134
1524,耿鼎,11,2,9,群益金鼎-開元,2023-09-01,9134
2368,金像電,14,5,9,群益金鼎-開元,2023-09-01,9134
1471,首利,16,7,9,群益金鼎-開元,2023-09-01,9134
2382,廣達,35,27,8,群益金鼎-開元,2023-09-01,9134
2836,高雄銀,164,0,164,群益金鼎-開元,2023-09-04,9134
2374,佳能,79,2,77,群益金鼎-開元,2023-09-04,9134
00919,群益台灣精選高息,77,3,74,群益金鼎-開元,2023-09-04,9134
1802,台玻,90,24,66,群益金鼎-開元,2023-09-04,9134
2107,厚生,50,0,50,群益金鼎-開元,2023-09-04,9134
2618,長榮航,55,6,49,群益金鼎-開元,2023-09-04,9134
2371,大同,54,5,49,群益金鼎-開元,2023-09-04,9134
3231,緯創,69,21,48,群益金鼎-開元,2023-09-04,9134
8222,寶一,47,1,46,群益金鼎-開元,2023-09-04,9134
5864,致和證,69,33,36,群益金鼎-開元,2023-09-04,9134
1504,東元,34,1,33,群益金鼎-開元,2023-09-04,9134
00679B,元大美債20年,32,0,32,群益金鼎-開元,2023-09-04,9134
2323,中環,36,8,28,群益金鼎-開元,2023-09-04,9134
00931B,統一美債20年,65,40,25,群益金鼎-開元,2023-09-04,9134
2027,大成鋼,23,1,22,群益金鼎-開元,2023-09-04,9134
2103,台橡,22,0,22,群益金鼎-開元,2023-09-04,9134
1326,台化,20,0,20,群益金鼎-開元,2023-09-04,9134
4155,訊映,20,0,20,群益金鼎-開元,2023-09-04,9134
2607,榮運,20,0,20,群益金鼎-開元,2023-09-04,9134
00632R,元大台灣50反1,20,0,20,群益金鼎-開元,2023-09-04,9134
2331,精英,27,7,20,群益金鼎-開元,2023-09-04,9134
2340,台亞,16,0,16,群益金鼎-開元,2023-09-04,9134
6112,邁達特,17,1,16,群益金鼎-開元,2023-09-04,9134
1217,愛之味,15,0,15,群益金鼎-開元,2023-09-04,9134
2409,友達,28,14,14,群益金鼎-開元,2023-09-04,9134
1313,聯成,15,1,14,群益金鼎-開元,2023-09-04,9134
1471,首利,16,2,14,群益金鼎-開元,2023-09-04,9134
5608,四維航,14,1,13,群益金鼎-開元,2023-09-04,9134
00751B,元大AAA至A公司債,13,0,13,群益金鼎-開元,2023-09-04,9134
4976,佳凌,13,0,13,群益金鼎-開元,2023-09-04,9134
6282,康舒,20,8,12,群益金鼎-開元,2023-09-04,9134
00720B,元大投資級公司債,12,0,12,群益金鼎-開元,2023-09-04,9134
2324,仁寶,15,4,11,群益金鼎-開元,2023-09-04,9134
5381,合正,18,8,10,群益金鼎-開元,2023-09-04,9134
00772B,中信高評級公司債,10,0,10,群益金鼎-開元,2023-09-04,9134
2542,興富發,10,0,10,群益金鼎-開元,2023-09-04,9134
2449,京元電子,13,4,9,群益金鼎-開元,2023-09-04,9134
2615,萬海,23,14,9,群益金鼎-開元,2023-09-04,9134
2885,元大金,9,0,9,群益金鼎-開元,2023-09-04,9134
3021,鴻名,11,2,9,群益金鼎-開元,2023-09-04,9134
5425,台半,9,0,9,群益金鼎-開元,2023-09-04,9134
3290,東浦,13,5,8,群益金鼎-開元,2023-09-04,9134
3588,通嘉,26,18,8,群益金鼎-開元,2023-09-04,9134
8088,品安,13,5,8,群益金鼎-開元,2023-09-04,9134
5328,華容,14,6,8,群益金鼎-開元,2023-09-04,9134
0056,元大高股息,10,3,7,群益金鼎-開元,2023-09-04,9134
2369,菱生,9,2,7,群益金鼎-開元,2023-09-04,9134
2312,金寶,18,11,7,群益金鼎-開元,2023-09-04,9134
2206,三陽工業,19,12,7,群益金鼎-開元,2023-09-04,9134
1216,統一,6,0,6,群益金鼎-開元,2023-09-04,9134
00929,復華台灣科技優息,85,14,71,群益金鼎-開元,2023-09-05,9134
1605,華新,62,0,62,群益金鼎-開元,2023-09-05,9134
2402,毅嘉,79,28,51,群益金鼎-開元,2023-09-05,9134
2883,凱基金,52,1,51,群益金鼎-開元,2023-09-05,9134
2618,長榮航,55,7,48,群益金鼎-開元,2023-09-05,9134
2516,新建,35,0,35,群益金鼎-開元,2023-09-05,9134
5864,致和證,30,0,30,群益金鼎-開元,2023-09-05,9134
2392,正崴,28,0,28,群益金鼎-開元,2023-09-05,9134
1101,台泥,25,0,25,群益金鼎-開元,2023-09-05,9134
3231,緯創,46,21,25,群益金鼎-開元,2023-09-05,9134
2363,矽統,79,55,24,群益金鼎-開元,2023-09-05,9134
00919,群益台灣精選高息,26,2,24,群益金鼎-開元,2023-09-05,9134
3163,波若威,22,0,22,群益金鼎-開元,2023-09-05,9134
2107,厚生,20,0,20,群益金鼎-開元,2023-09-05,9134
2436,偉詮電,37,17,20,群益金鼎-開元,2023-09-05,9134
2801,彰銀,19,0,19,群益金鼎-開元,2023-09-05,9134
00632R,元大台灣50反1,17,0,17,群益金鼎-開元,2023-09-05,9134
1305,華夏,15,0,15,群益金鼎-開元,2023-09-05,9134
8249,菱光,15,0,15,群益金鼎-開元,2023-09-05,9134
6126,信音,20,6,14,群益金鼎-開元,2023-09-05,9134
1616,億泰,13,0,13,群益金鼎-開元,2023-09-05,9134
5009,榮剛,13,1,12,群益金鼎-開元,2023-09-05,9134
3257,虹冠電,15,3,12,群益金鼎-開元,2023-09-05,9134
6284,佳邦,12,0,12,群益金鼎-開元,2023-09-05,9134
2852,第一保,12,0,12,群益金鼎-開元,2023-09-05,9134
2836,高雄銀,22,10,12,群益金鼎-開元,2023-09-05,9134
2356,英業達,24,12,12,群益金鼎-開元,2023-09-05,9134
2884,玉山金,12,0,12,群益金鼎-開元,2023-09-05,9134
00637L,元大滬深300正2,11,0,11,群益金鼎-開元,2023-09-05,9134
4904,遠傳,10,0,10,群益金鼎-開元,2023-09-05,9134
6160,欣技,10,0,10,群益金鼎-開元,2023-09-05,9134
5356,協益,10,0,10,群益金鼎-開元,2023-09-05,9134
5876,上海商銀,10,0,10,群益金鼎-開元,2023-09-05,9134
2380,虹光,10,0,10,群益金鼎-開元,2023-09-05,9134
2883B,凱基金乙特,10,0,10,群益金鼎-開元,2023-09-05,9134
00878,國泰永續高股息,12,2,10,群益金鼎-開元,2023-09-05,9134
2834,臺企銀,10,0,10,群益金鼎-開元,2023-09-05,9134
9929,秋雨,10,0,10,群益金鼎-開元,2023-09-05,9134
6449,鈺邦,15,6,9,群益金鼎-開元,2023-09-05,9134
5457,宣德,15,7,8,群益金鼎-開元,2023-09-05,9134
5351,鈺創,9,1,8,群益金鼎-開元,2023-09-05,9134
2633,台灣高鐵,9,1,8,群益金鼎-開元,2023-09-05,9134
4994,傳奇,8,0,8,群益金鼎-開元,2023-09-05,9134
1584,精剛,8,0,8,群益金鼎-開元,2023-09-05,9134
2888,新光金,10,2,8,群益金鼎-開元,2023-09-05,9134
5469,瀚宇博,18,10,8,群益金鼎-開元,2023-09-05,9134
2540,愛山林,7,0,7,群益金鼎-開元,2023-09-05,9134
2885,元大金,7,0,7,群益金鼎-開元,2023-09-05,9134
5236,凌陽創新,7,0,7,群益金鼎-開元,2023-09-05,9134
6531,愛普*,20,13,7,群益金鼎-開元,2023-09-05,9134
00929,復華台灣科技優息,140,13,127,群益金鼎-開元,2023-09-06,9134
5864,致和證,83,1,82,群益金鼎-開元,2023-09-06,9134
3481,群創,77,6,71,群益金鼎-開元,2023-09-06,9134
2884,玉山金,63,0,63,群益金鼎-開元,2023-09-06,9134
2906,高林,57,0,57,群益金鼎-開元,2023-09-06,9134
1217,愛之味,53,0,53,群益金鼎-開元,2023-09-06,9134
3042,晶技,68,17,51,群益金鼎-開元,2023-09-06,9134
2836,高雄銀,47,0,47,群益金鼎-開元,2023-09-06,9134
2834,臺企銀,31,0,31,群益金鼎-開元,2023-09-06,9134
2107,厚生,30,0,30,群益金鼎-開元,2023-09-06,9134
1101,台泥,30,2,28,群益金鼎-開元,2023-09-06,9134
2535,達欣工,25,0,25,群益金鼎-開元,2023-09-06,9134
3508,位速,25,0,25,群益金鼎-開元,2023-09-06,9134
3189,景碩,25,1,24,群益金鼎-開元,2023-09-06,9134
2002,中鋼,25,2,23,群益金鼎-開元,2023-09-06,9134
2883,凱基金,24,2,22,群益金鼎-開元,2023-09-06,9134
2331,精英,24,4,20,群益金鼎-開元,2023-09-06,9134
9944,新麗,20,0,20,群益金鼎-開元,2023-09-06,9134
2891,中信金,19,0,19,群益金鼎-開元,2023-09-06,9134
1471,首利,17,1,16,群益金鼎-開元,2023-09-06,9134
2419,仲琦,16,1,15,群益金鼎-開元,2023-09-06,9134
00931B,統一美債20年,40,25,15,群益金鼎-開元,2023-09-06,9134
6603,富強鑫,15,0,15,群益金鼎-開元,2023-09-06,9134
2645,長榮航太,15,1,14,群益金鼎-開元,2023-09-06,9134
00923,群益台ESG低碳50,19,6,13,群益金鼎-開元,2023-09-06,9134
00878,國泰永續高股息,17,4,13,群益金鼎-開元,2023-09-06,9134
1514,亞力,13,0,13,群益金鼎-開元,2023-09-06,9134
3047,訊舟,13,0,13,群益金鼎-開元,2023-09-06,9134
1504,東元,13,1,12,群益金鼎-開元,2023-09-06,9134
00900,富邦特選高股息30,14,2,12,群益金鼎-開元,2023-09-06,9134
2449,京元電子,20,9,11,群益金鼎-開元,2023-09-06,9134
5876,上海商銀,11,0,11,群益金鼎-開元,2023-09-06,9134
2409,友達,64,53,11,群益金鼎-開元,2023-09-06,9134
6158,禾昌,13,2,11,群益金鼎-開元,2023-09-06,9134
6284,佳邦,10,0,10,群益金鼎-開元,2023-09-06,9134
6446,藥華藥,13,3,10,群益金鼎-開元,2023-09-06,9134
6205,詮欣,10,0,10,群益金鼎-開元,2023-09-06,9134
2390,云辰,12,2,10,群益金鼎-開元,2023-09-06,9134
3306,鼎天,10,0,10,群益金鼎-開元,2023-09-06,9134
2358,廷鑫,12,2,10,群益金鼎-開元,2023-09-06,9134
00738U,期元大道瓊白銀,10,0,10,群益金鼎-開元,2023-09-06,9134
00706L,期元大S＆P日圓正2,10,0,10,群益金鼎-開元,2023-09-06,9134
4994,傳奇,11,1,10,群益金鼎-開元,2023-09-06,9134
00679B,元大美債20年,9,0,9,群益金鼎-開元,2023-09-06,9134
3308,聯德,14,5,9,群益金鼎-開元,2023-09-06,9134
2387,精元,11,2,9,群益金鼎-開元,2023-09-06,9134
1532,勤美,8,0,8,群益金鼎-開元,2023-09-06,9134
3483,力致,9,1,8,群益金鼎-開元,2023-09-06,9134
5285,界霖,9,1,8,群益金鼎-開元,2023-09-06,9134
6207,雷科,8,0,8,群益金鼎-開元,2023-09-06,9134
00929,復華台灣科技優息,180,29,151,群益金鼎-開元,2023-09-07,9134
4533,協易機,87,18,69,群益金鼎-開元,2023-09-07,9134
1217,愛之味,48,0,48,群益金鼎-開元,2023-09-07,9134
5302,太欣,42,0,42,群益金鼎-開元,2023-09-07,9134
2409,友達,56,16,40,群益金鼎-開元,2023-09-07,9134
00923,群益台ESG低碳50,40,1,39,群益金鼎-開元,2023-09-07,9134
3306,鼎天,32,0,32,群益金鼎-開元,2023-09-07,9134
00900,富邦特選高股息30,35,3,32,群益金鼎-開元,2023-09-07,9134
2457,飛宏,31,0,31,群益金鼎-開元,2023-09-07,9134
00738U,期元大道瓊白銀,31,0,31,群益金鼎-開元,2023-09-07,9134
2374,佳能,30,0,30,群益金鼎-開元,2023-09-07,9134
4931,新盛力,30,0,30,群益金鼎-開元,2023-09-07,9134
2906,高林,30,0,30,群益金鼎-開元,2023-09-07,9134
4915,致伸,34,5,29,群益金鼎-開元,2023-09-07,9134
3231,緯創,31,3,28,群益金鼎-開元,2023-09-07,9134
00637L,元大滬深300正2,25,0,25,群益金鼎-開元,2023-09-07,9134
3481,群創,44,19,25,群益金鼎-開元,2023-09-07,9134
5225,東科-KY,23,1,22,群益金鼎-開元,2023-09-07,9134
00919,群益台灣精選高息,21,0,21,群益金鼎-開元,2023-09-07,9134
2358,廷鑫,35,15,20,群益金鼎-開元,2023-09-07,9134
9944,新麗,20,0,20,群益金鼎-開元,2023-09-07,9134
6446,藥華藥,20,0,20,群益金鼎-開元,2023-09-07,9134
8147,正淩,20,1,19,群益金鼎-開元,2023-09-07,9134
2884,玉山金,23,4,19,群益金鼎-開元,2023-09-07,9134
00878,國泰永續高股息,24,7,17,群益金鼎-開元,2023-09-07,9134
2324,仁寶,16,0,16,群益金鼎-開元,2023-09-07,9134
5864,致和證,16,0,16,群益金鼎-開元,2023-09-07,9134
2356,英業達,22,6,16,群益金鼎-開元,2023-09-07,9134
2312,金寶,15,0,15,群益金鼎-開元,2023-09-07,9134
00931B,統一美債20年,15,0,15,群益金鼎-開元,2023-09-07,9134
2535,達欣工,15,1,14,群益金鼎-開元,2023-09-07,9134
2891,中信金,13,0,13,群益金鼎-開元,2023-09-07,9134
6203,海韻電,15,2,13,群益金鼎-開元,2023-09-07,9134
1802,台玻,14,1,13,群益金鼎-開元,2023-09-07,9134
2382,廣達,16,3,13,群益金鼎-開元,2023-09-07,9134
00882,中信中國高股息,12,0,12,群益金鼎-開元,2023-09-07,9134
1301,台塑,12,0,12,群益金鼎-開元,2023-09-07,9134
2355,敬鵬,20,8,12,群益金鼎-開元,2023-09-07,9134
9933,中鼎,12,0,12,群益金鼎-開元,2023-09-07,9134
3078,僑威,19,8,11,群益金鼎-開元,2023-09-07,9134
4906,正文,12,1,11,群益金鼎-開元,2023-09-07,9134
8027,鈦昇,12,1,11,群益金鼎-開元,2023-09-07,9134
00915,凱基優選高股息30,11,0,11,群益金鼎-開元,2023-09-07,9134
6188,廣明,14,3,11,群益金鼎-開元,2023-09-07,9134
6285,啟��,205,194,11,群益金鼎-開元,2023-09-07,9134
3042,晶技,14,4,10,群益金鼎-開元,2023-09-07,9134
5347,世界,10,0,10,群益金鼎-開元,2023-09-07,9134
2317,鴻海,10,0,10,群益金鼎-開元,2023-09-07,9134
3704,合勤控,11,1,10,群益金鼎-開元,2023-09-07,9134
5871,中租-KY,9,0,9,群益金鼎-開元,2023-09-07,9134
00919,群益台灣精選高息,93,4,89,群益金鼎-開元,2023-09-08,9134
6015,宏遠證,81,0,81,群益金鼎-開元,2023-09-08,9134
00929,復華台灣科技優息,74,5,69,群益金鼎-開元,2023-09-08,9134
2374,佳能,60,0,60,群益金鼎-開元,2023-09-08,9134
1217,愛之味,50,0,50,群益金鼎-開元,2023-09-08,9134
5864,致和證,54,7,47,群益金鼎-開元,2023-09-08,9134
2504,國產,41,1,40,群益金鼎-開元,2023-09-08,9134
2836,高雄銀,40,0,40,群益金鼎-開元,2023-09-08,9134
3162,精確,40,0,40,群益金鼎-開元,2023-09-08,9134
2457,飛宏,36,2,34,群益金鼎-開元,2023-09-08,9134
2486,一詮,33,2,31,群益金鼎-開元,2023-09-08,9134
00637L,元大滬深300正2,30,0,30,群益金鼎-開元,2023-09-08,9134
2002,中鋼,24,0,24,群益金鼎-開元,2023-09-08,9134
2887,台新金,21,0,21,群益金鼎-開元,2023-09-08,9134
00915,凱基優選高股息30,21,0,21,群益金鼎-開元,2023-09-08,9134
5222,全訊,21,0,21,群益金鼎-開元,2023-09-08,9134
2820,華票,20,0,20,群益金鼎-開元,2023-09-08,9134
1471,首利,27,7,20,群益金鼎-開元,2023-09-08,9134
2913,農林,20,1,19,群益金鼎-開元,2023-09-08,9134
00931B,統一美債20年,17,0,17,群益金鼎-開元,2023-09-08,9134
2344,華邦電,15,0,15,群益金鼎-開元,2023-09-08,9134
6269,台郡,15,0,15,群益金鼎-開元,2023-09-08,9134
2618,長榮航,19,5,14,群益金鼎-開元,2023-09-08,9134
2390,云辰,14,0,14,群益金鼎-開元,2023-09-08,9134
5285,界霖,13,0,13,群益金鼎-開元,2023-09-08,9134
9944,新麗,13,0,13,群益金鼎-開元,2023-09-08,9134
1609,大亞,13,0,13,群益金鼎-開元,2023-09-08,9134
2891,中信金,12,0,12,群益金鼎-開元,2023-09-08,9134
3046,建��,43,31,12,群益金鼎-開元,2023-09-08,9134
2312,金寶,23,12,11,群益金鼎-開元,2023-09-08,9134
3257,虹冠電,11,0,11,群益金鼎-開元,2023-09-08,9134
6432,今展科,11,0,11,群益金鼎-開元,2023-09-08,9134
00679B,元大美債20年,10,0,10,群益金鼎-開元,2023-09-08,9134
1304,台聚,10,0,10,群益金鼎-開元,2023-09-08,9134
1312,國喬,10,0,10,群益金鼎-開元,2023-09-08,9134
5347,世界,10,0,10,群益金鼎-開元,2023-09-08,9134
2838,聯邦銀,10,0,10,群益金鼎-開元,2023-09-08,9134
2485,兆赫,18,9,9,群益金鼎-開元,2023-09-08,9134
2367,燿華,10,1,9,群益金鼎-開元,2023-09-08,9134
2020,美亞,9,0,9,群益金鼎-開元,2023-09-08,9134
00665L,富邦�琤肭磪囓�2,9,0,9,群益金鼎-開元,2023-09-08,9134
3265,台星科,10,1,9,群益金鼎-開元,2023-09-08,9134
00878,國泰永續高股息,19,11,8,群益金鼎-開元,2023-09-08,9134
8050,廣積,20,12,8,群益金鼎-開元,2023-09-08,9134
9945,潤泰新,9,1,8,群益金鼎-開元,2023-09-08,9134
3558,神準,9,1,8,群益金鼎-開元,2023-09-08,9134
6126,信音,8,0,8,群益金鼎-開元,2023-09-08,9134
8927,北基,8,0,8,群益金鼎-開元,2023-09-08,9134
2892,第一金,10,2,8,群益金鼎-開元,2023-09-08,9134
1101,台泥,11,4,7,群益金鼎-開元,2023-09-08,9134
6282,康舒,414,18,396,群益金鼎-開元,2023-09-11,9134
2891,中信金,200,3,197,群益金鼎-開元,2023-09-11,9134
00878,國泰永續高股息,120,13,107,群益金鼎-開元,2023-09-11,9134
00919,群益台灣精選高息,95,5,90,群益金鼎-開元,2023-09-11,9134
2618,長榮航,94,5,89,群益金鼎-開元,2023-09-11,9134
00929,復華台灣科技優息,83,9,74,群益金鼎-開元,2023-09-11,9134
00915,凱基優選高股息30,61,0,61,群益金鼎-開元,2023-09-11,9134
9105,泰金寶-DR,60,0,60,群益金鼎-開元,2023-09-11,9134
5864,致和證,48,4,44,群益金鼎-開元,2023-09-11,9134
6015,宏遠證,38,0,38,群益金鼎-開元,2023-09-11,9134
00932,兆豐永續高息等權,30,0,30,群益金鼎-開元,2023-09-11,9134
3548,兆利,29,0,29,群益金鼎-開元,2023-09-11,9134
00713,元大台灣高息低波,26,0,26,群益金鼎-開元,2023-09-11,9134
6770,力積電,26,0,26,群益金鼎-開元,2023-09-11,9134
3715,定穎投控,44,23,21,群益金鼎-開元,2023-09-11,9134
2402,毅嘉,24,3,21,群益金鼎-開元,2023-09-11,9134
2458,義隆,66,46,20,群益金鼎-開元,2023-09-11,9134
1312,國喬,20,0,20,群益金鼎-開元,2023-09-11,9134
1802,台玻,23,3,20,群益金鼎-開元,2023-09-11,9134
4306,炎洲,22,3,19,群益金鼎-開元,2023-09-11,9134
1609,大亞,18,0,18,群益金鼎-開元,2023-09-11,9134
2332,友訊,19,1,18,群益金鼎-開元,2023-09-11,9134
2352,佳世達,18,2,16,群益金鼎-開元,2023-09-11,9134
00931B,統一美債20年,15,0,15,群益金鼎-開元,2023-09-11,9134
6449,鈺邦,15,0,15,群益金鼎-開元,2023-09-11,9134
2457,飛宏,16,2,14,群益金鼎-開元,2023-09-11,9134
2356,英業達,17,4,13,群益金鼎-開元,2023-09-11,9134
00772B,中信高評級公司債,13,0,13,群益金鼎-開元,2023-09-11,9134
2888,新光金,13,0,13,群益金鼎-開元,2023-09-11,9134
2353,宏��,21,9,12,群益金鼎-開元,2023-09-11,9134
2374,佳能,33,21,12,群益金鼎-開元,2023-09-11,9134
4543,萬在,12,0,12,群益金鼎-開元,2023-09-11,9134
00923,群益台ESG低碳50,22,10,12,群益金鼎-開元,2023-09-11,9134
00712,復華富時不動產,11,0,11,群益金鼎-開元,2023-09-11,9134
2392,正崴,11,0,11,群益金鼎-開元,2023-09-11,9134
2401,凌陽,11,0,11,群益金鼎-開元,2023-09-11,9134
8088,品安,10,0,10,群益金鼎-開元,2023-09-11,9134
8942,森鉅,11,1,10,群益金鼎-開元,2023-09-11,9134
2317,鴻海,10,0,10,群益金鼎-開元,2023-09-11,9134
2453,凌群,10,0,10,群益金鼎-開元,2023-09-11,9134
1514,亞力,10,0,10,群益金鼎-開元,2023-09-11,9134
3494,誠研,10,0,10,群益金鼎-開元,2023-09-11,9134
8112,至上,14,4,10,群益金鼎-開元,2023-09-11,9134
3479,安勤,11,1,10,群益金鼎-開元,2023-09-11,9134
2409,友達,16,6,10,群益金鼎-開元,2023-09-11,9134
1313,聯成,10,0,10,群益金鼎-開元,2023-09-11,9134
5371,中光電,11,1,10,群益金鼎-開元,2023-09-11,9134
3323,加百裕,10,0,10,群益金鼎-開元,2023-09-11,9134
9944,新麗,9,0,9,群益金鼎-開元,2023-09-11,9134
6547,高端疫苗,13,5,8,群益金鼎-開元,2023-09-11,9134
2374,佳能,58,1,57,群益金鼎-開元,2023-09-12,9134
00929,復華台灣科技優息,55,2,53,群益金鼎-開元,2023-09-12,9134
00878,國泰永續高股息,57,11,46,群益金鼎-開元,2023-09-12,9134
00907,永豐優息存股,40,1,39,群益金鼎-開元,2023-09-12,9134
00919,群益台灣精選高息,49,11,38,群益金鼎-開元,2023-09-12,9134
6126,信音,30,0,30,群益金鼎-開元,2023-09-12,9134
3548,兆利,29,0,29,群益金鼎-開元,2023-09-12,9134
1471,首利,32,4,28,群益金鼎-開元,2023-09-12,9134
3078,僑威,38,12,26,群益金鼎-開元,2023-09-12,9134
3466,德晉,25,0,25,群益金鼎-開元,2023-09-12,9134
2645,長榮航太,27,2,25,群益金鼎-開元,2023-09-12,9134
2379,瑞昱,21,0,21,群益金鼎-開元,2023-09-12,9134
1314,中石化,25,4,21,群益金鼎-開元,2023-09-12,9134
2867,三商壽,20,0,20,群益金鼎-開元,2023-09-12,9134
8069,元太,22,2,20,群益金鼎-開元,2023-09-12,9134
2323,中環,27,7,20,群益金鼎-開元,2023-09-12,9134
3494,誠研,20,0,20,群益金鼎-開元,2023-09-12,9134
00931B,統一美債20年,20,0,20,群益金鼎-開元,2023-09-12,9134
2883B,凱基金乙特,20,0,20,群益金鼎-開元,2023-09-12,9134
2801,彰銀,20,1,19,群益金鼎-開元,2023-09-12,9134
2601,益航,23,5,18,群益金鼎-開元,2023-09-12,9134
1609,大亞,18,1,17,群益金鼎-開元,2023-09-12,9134
2313,華通,33,17,16,群益金鼎-開元,2023-09-12,9134
9919,康那香,15,0,15,群益金鼎-開元,2023-09-12,9134
2883,凱基金,15,0,15,群益金鼎-開元,2023-09-12,9134
2906,高林,14,0,14,群益金鼎-開元,2023-09-12,9134
00637L,元大滬深300正2,13,0,13,群益金鼎-開元,2023-09-12,9134
2402,毅嘉,13,0,13,群益金鼎-開元,2023-09-12,9134
2913,農林,12,0,12,群益金鼎-開元,2023-09-12,9134
1618,合機,25,13,12,群益金鼎-開元,2023-09-12,9134
5864,致和證,11,0,11,群益金鼎-開元,2023-09-12,9134
3380,明泰,15,4,11,群益金鼎-開元,2023-09-12,9134
6116,彩晶,11,0,11,群益金鼎-開元,2023-09-12,9134
1324,地球,10,0,10,群益金鼎-開元,2023-09-12,9134
2007,燁興,10,0,10,群益金鼎-開元,2023-09-12,9134
00881,國泰台灣5G+,10,0,10,群益金鼎-開元,2023-09-12,9134
8027,鈦昇,10,0,10,群益金鼎-開元,2023-09-12,9134
3231,緯創,15,6,9,群益金鼎-開元,2023-09-12,9134
3317,尼克森,10,1,9,群益金鼎-開元,2023-09-12,9134
1216,統一,9,0,9,群益金鼎-開元,2023-09-12,9134
3588,通嘉,10,1,9,群益金鼎-開元,2023-09-12,9134
2349,錸德,8,0,8,群益金鼎-開元,2023-09-12,9134
2419,仲琦,12,4,8,群益金鼎-開元,2023-09-12,9134
2485,兆赫,13,5,8,群益金鼎-開元,2023-09-12,9134
2915,潤泰全,7,0,7,群益金鼎-開元,2023-09-12,9134
1710,東聯,8,1,7,群益金鼎-開元,2023-09-12,9134
5353,台林,10,3,7,群益金鼎-開元,2023-09-12,9134
2382,廣達,19,13,6,群益金鼎-開元,2023-09-12,9134
8112,至上,11,4,7,群益金鼎-開元,2023-09-12,9134
2633,台灣高鐵,6,0,6,群益金鼎-開元,2023-09-12,9134
00919,群益台灣精選高息,226,0,226,群益金鼎-開元,2023-09-13,9134
3231,緯創,121,3,118,群益金鼎-開元,2023-09-13,9134
00878,國泰永續高股息,56,2,54,群益金鼎-開元,2023-09-13,9134
00676R,富邦臺灣加權反1,50,0,50,群益金鼎-開元,2023-09-13,9134
00632R,元大台灣50反1,40,0,40,群益金鼎-開元,2023-09-13,9134
2409,友達,38,0,38,群益金鼎-開元,2023-09-13,9134
2105,正新,41,8,33,群益金鼎-開元,2023-09-13,9134
6446,藥華藥,50,20,30,群益金鼎-開元,2023-09-13,9134
2743,山富,30,0,30,群益金鼎-開元,2023-09-13,9134
1605,華新,31,1,30,群益金鼎-開元,2023-09-13,9134
8261,富鼎,25,0,25,群益金鼎-開元,2023-09-13,9134
4739,康普,29,5,24,群益金鼎-開元,2023-09-13,9134
00929,復華台灣科技優息,73,50,23,群益金鼎-開元,2023-09-13,9134
6125,廣運,24,2,22,群益金鼎-開元,2023-09-13,9134
1609,大亞,30,8,22,群益金鼎-開元,2023-09-13,9134
3711,日月光投控,22,0,22,群益金鼎-開元,2023-09-13,9134
2002,中鋼,21,0,21,群益金鼎-開元,2023-09-13,9134
00915,凱基優選高股息30,21,0,21,群益金鼎-開元,2023-09-13,9134
6288,聯嘉,21,1,20,群益金鼎-開元,2023-09-13,9134
1737,臺鹽,20,0,20,群益金鼎-開元,2023-09-13,9134
1101,台泥,20,0,20,群益金鼎-開元,2023-09-13,9134
2634,漢翔,31,12,19,群益金鼎-開元,2023-09-13,9134
1524,耿鼎,38,22,16,群益金鼎-開元,2023-09-13,9134
4906,正文,19,3,16,群益金鼎-開元,2023-09-13,9134
00931B,統一美債20年,16,0,16,群益金鼎-開元,2023-09-13,9134
2312,金寶,21,5,16,群益金鼎-開元,2023-09-13,9134
1514,亞力,15,0,15,群益金鼎-開元,2023-09-13,9134
6625,必應,15,0,15,群益金鼎-開元,2023-09-13,9134
00637L,元大滬深300正2,15,0,15,群益金鼎-開元,2023-09-13,9134
2313,華通,16,1,15,群益金鼎-開元,2023-09-13,9134
2618,長榮航,16,2,14,群益金鼎-開元,2023-09-13,9134
5425,台半,14,0,14,群益金鼎-開元,2023-09-13,9134
00923,群益台ESG低碳50,14,0,14,群益金鼎-開元,2023-09-13,9134
3704,合勤控,17,4,13,群益金鼎-開元,2023-09-13,9134
3346,麗清,31,19,12,群益金鼎-開元,2023-09-13,9134
2449,京元電子,12,0,12,群益金鼎-開元,2023-09-13,9134
2355,敬鵬,12,1,11,群益金鼎-開元,2023-09-13,9134
5381,合正,13,2,11,群益金鼎-開元,2023-09-13,9134
5222,全訊,16,5,11,群益金鼎-開元,2023-09-13,9134
2913,農林,11,1,10,群益金鼎-開元,2023-09-13,9134
1460,宏遠,10,0,10,群益金鼎-開元,2023-09-13,9134
3494,誠研,10,0,10,群益金鼎-開元,2023-09-13,9134
2883B,凱基金乙特,10,0,10,群益金鼎-開元,2023-09-13,9134
6282,康舒,14,4,10,群益金鼎-開元,2023-09-13,9134
1326,台化,10,1,9,群益金鼎-開元,2023-09-13,9134
3380,明泰,10,1,9,群益金鼎-開元,2023-09-13,9134
2330,台積電,8,0,8,群益金鼎-開元,2023-09-13,9134
00645,富邦日本,13,5,8,群益金鼎-開元,2023-09-13,9134
1307,三芳,8,0,8,群益金鼎-開元,2023-09-13,9134
4977,眾達-KY,11,3,8,群益金鼎-開元,2023-09-13,9134
8930,青鋼,60,0,60,群益金鼎-開元,2023-09-14,9134
2020,美亞,62,13,49,群益金鼎-開元,2023-09-14,9134
5321,美而快,48,0,48,群益金鼎-開元,2023-09-14,9134
2633,台灣高鐵,50,3,47,群益金鼎-開元,2023-09-14,9134
2634,漢翔,54,8,46,群益金鼎-開元,2023-09-14,9134
2535,達欣工,45,0,45,群益金鼎-開元,2023-09-14,9134
00900,富邦特選高股息30,78,33,45,群益金鼎-開元,2023-09-14,9134
00676R,富邦臺灣加權反1,40,0,40,群益金鼎-開元,2023-09-14,9134
2618,長榮航,43,7,36,群益金鼎-開元,2023-09-14,9134
2610,華航,35,4,31,群益金鼎-開元,2023-09-14,9134
3548,兆利,29,1,28,群益金鼎-開元,2023-09-14,9134
2313,華通,27,2,25,群益金鼎-開元,2023-09-14,9134
3038,全台,25,0,25,群益金鼎-開元,2023-09-14,9134
3623,富晶通,20,0,20,群益金鼎-開元,2023-09-14,9134
5488,松普,20,0,20,群益金鼎-開元,2023-09-14,9134
3596,智易,19,0,19,群益金鼎-開元,2023-09-14,9134
2641,正德,20,1,19,群益金鼎-開元,2023-09-14,9134
5381,合正,29,10,19,群益金鼎-開元,2023-09-14,9134
2323,中環,20,2,18,群益金鼎-開元,2023-09-14,9134
00919,群益台灣精選高息,38,20,18,群益金鼎-開元,2023-09-14,9134
2457,飛宏,15,0,15,群益金鼎-開元,2023-09-14,9134
9938,百和,15,1,14,群益金鼎-開元,2023-09-14,9134
5009,榮剛,13,0,13,群益金鼎-開元,2023-09-14,9134
3094,聯傑,14,1,13,群益金鼎-開元,2023-09-14,9134
1319,東陽,27,16,11,群益金鼎-開元,2023-09-14,9134
6125,廣運,14,3,11,群益金鼎-開元,2023-09-14,9134
6275,元山,11,0,11,群益金鼎-開元,2023-09-14,9134
3264,欣銓,11,0,11,群益金鼎-開元,2023-09-14,9134
3228,金麗科,10,0,10,群益金鼎-開元,2023-09-14,9134
9105,泰金寶-DR,10,0,10,群益金鼎-開元,2023-09-14,9134
1568,倉佑,21,11,10,群益金鼎-開元,2023-09-14,9134
1312,國喬,10,0,10,群益金鼎-開元,2023-09-14,9134
8429,金麗-KY,10,0,10,群益金鼎-開元,2023-09-14,9134
4120,友華,10,0,10,群益金鼎-開元,2023-09-14,9134
2630,亞航,75,65,10,群益金鼎-開元,2023-09-14,9134
2903,遠百,9,0,9,群益金鼎-開元,2023-09-14,9134
8027,鈦昇,10,1,9,群益金鼎-開元,2023-09-14,9134
2427,三商電,9,0,9,群益金鼎-開元,2023-09-14,9134
4916,事欣科,10,1,9,群益金鼎-開元,2023-09-14,9134
2402,毅嘉,10,1,9,群益金鼎-開元,2023-09-14,9134
2890,永豐金,8,0,8,群益金鼎-開元,2023-09-14,9134
2105,正新,10,2,8,群益金鼎-開元,2023-09-14,9134
00665L,富邦�琤肭磪囓�2,7,0,7,群益金鼎-開元,2023-09-14,9134
3338,泰碩,8,1,7,群益金鼎-開元,2023-09-14,9134
5425,台半,7,0,7,群益金鼎-開元,2023-09-14,9134
00931B,統一美債20年,37,30,7,群益金鼎-開元,2023-09-14,9134
00902,中信電池及儲能,6,0,6,群益金鼎-開元,2023-09-14,9134
1304,台聚,6,0,6,群益金鼎-開元,2023-09-14,9134
3308,聯德,6,0,6,群益金鼎-開元,2023-09-14,9134
3322,建舜電,8,2,6,群益金鼎-開元,2023-09-14,9134
00715L,期街口布蘭特正2,502,2,500,群益金鼎-開元,2023-09-15,9134
6285,啟��,200,1,199,群益金鼎-開元,2023-09-15,9134
3163,波若威,215,56,159,群益金鼎-開元,2023-09-15,9134
00929,復華台灣科技優息,136,4,132,群益金鼎-開元,2023-09-15,9134
00919,群益台灣精選高息,113,13,100,群益金鼎-開元,2023-09-15,9134
2409,友達,103,21,82,群益金鼎-開元,2023-09-15,9134
2641,正德,48,3,45,群益金鼎-開元,2023-09-15,9134
2812,台中銀,33,0,33,群益金鼎-開元,2023-09-15,9134
00915,凱基優選高股息30,31,0,31,群益金鼎-開元,2023-09-15,9134
3707,漢磊,30,0,30,群益金鼎-開元,2023-09-15,9134
3548,兆利,29,0,29,群益金鼎-開元,2023-09-15,9134
6275,元山,38,13,25,群益金鼎-開元,2023-09-15,9134
2486,一詮,42,17,25,群益金鼎-開元,2023-09-15,9134
5864,致和證,36,11,25,群益金鼎-開元,2023-09-15,9134
1217,愛之味,24,0,24,群益金鼎-開元,2023-09-15,9134
6126,信音,21,0,21,群益金鼎-開元,2023-09-15,9134
8227,巨有科技,20,0,20,群益金鼎-開元,2023-09-15,9134
1305,華夏,21,1,20,群益金鼎-開元,2023-09-15,9134
2605,新興,46,27,19,群益金鼎-開元,2023-09-15,9134
8068,全達,21,2,19,群益金鼎-開元,2023-09-15,9134
3596,智易,19,1,18,群益金鼎-開元,2023-09-15,9134
2634,漢翔,23,9,14,群益金鼎-開元,2023-09-15,9134
1524,耿鼎,16,2,14,群益金鼎-開元,2023-09-15,9134
2014,中鴻,13,0,13,群益金鼎-開元,2023-09-15,9134
3363,上詮,25,12,13,群益金鼎-開元,2023-09-15,9134
2542,興富發,12,0,12,群益金鼎-開元,2023-09-15,9134
00931B,統一美債20年,12,0,12,群益金鼎-開元,2023-09-15,9134
2535,達欣工,11,0,11,群益金鼎-開元,2023-09-15,9134
1802,台玻,11,1,10,群益金鼎-開元,2023-09-15,9134
4306,炎洲,12,2,10,群益金鼎-開元,2023-09-15,9134
6603,富強鑫,10,0,10,群益金鼎-開元,2023-09-15,9134
2838,聯邦銀,10,0,10,群益金鼎-開元,2023-09-15,9134
2002,中鋼,11,2,9,群益金鼎-開元,2023-09-15,9134
5880,合庫金,9,0,9,群益金鼎-開元,2023-09-15,9134
2405,輔信,11,2,9,群益金鼎-開元,2023-09-15,9134
00637L,元大滬深300正2,17,8,9,群益金鼎-開元,2023-09-15,9134
2887,台新金,25,17,8,群益金鼎-開元,2023-09-15,9134
8050,廣積,10,2,8,群益金鼎-開元,2023-09-15,9134
2645,長榮航太,8,0,8,群益金鼎-開元,2023-09-15,9134
00918,大華優利高填息30,8,0,8,群益金鼎-開元,2023-09-15,9134
4977,眾達-KY,16,8,8,群益金鼎-開元,2023-09-15,9134
3673,TPK-KY,8,0,8,群益金鼎-開元,2023-09-15,9134
3013,晟銘電,14,7,7,群益金鼎-開元,2023-09-15,9134
2867,三商壽,6,0,6,群益金鼎-開元,2023-09-15,9134
2891,中信金,10,4,6,群益金鼎-開元,2023-09-15,9134
5351,鈺創,6,0,6,群益金鼎-開元,2023-09-15,9134
1304,台聚,6,0,6,群益金鼎-開元,2023-09-15,9134
00673R,期元大S＆P原油反1,5,0,5,群益金鼎-開元,2023-09-15,9134
2329,華泰,8,3,5,群益金鼎-開元,2023-09-15,9134
00882,中信中國高股息,5,0,5,群益金鼎-開元,2023-09-15,9134
00919,群益台灣精選高息,183,6,177,群益金鼎-開元,2023-09-18,9134
3037,欣興,112,4,108,群益金鼎-開元,2023-09-18,9134
00929,復華台灣科技優息,108,20,88,群益金鼎-開元,2023-09-18,9134
3231,緯創,83,16,67,群益金鼎-開元,2023-09-18,9134
2354,鴻準,61,0,61,群益金鼎-開元,2023-09-18,9134
00720B,元大投資級公司債,49,0,49,群益金鼎-開元,2023-09-18,9134
5864,致和證,45,2,43,群益金鼎-開元,2023-09-18,9134
3685,元創精密,41,0,41,群益金鼎-開元,2023-09-18,9134
2838,聯邦銀,60,20,40,群益金鼎-開元,2023-09-18,9134
5321,美而快,36,0,36,群益金鼎-開元,2023-09-18,9134
2353,宏��,35,0,35,群益金鼎-開元,2023-09-18,9134
1101,台泥,36,1,35,群益金鼎-開元,2023-09-18,9134
1308,亞聚,30,0,30,群益金鼎-開元,2023-09-18,9134
00931B,統一美債20年,29,0,29,群益金鼎-開元,2023-09-18,9134
2392,正崴,23,0,23,群益金鼎-開元,2023-09-18,9134
2606,裕民,24,2,22,群益金鼎-開元,2023-09-18,9134
00923,群益台ESG低碳50,21,0,21,群益金鼎-開元,2023-09-18,9134
1504,東元,21,0,21,群益金鼎-開元,2023-09-18,9134
00687B,國泰20年美債,20,0,20,群益金鼎-開元,2023-09-18,9134
00688L,國泰20年美債正2,20,0,20,群益金鼎-開元,2023-09-18,9134
2330,台積電,20,4,16,群益金鼎-開元,2023-09-18,9134
2888,新光金,20,5,15,群益金鼎-開元,2023-09-18,9134
8054,安國,18,3,15,群益金鼎-開元,2023-09-18,9134
6664,群翊,15,0,15,群益金鼎-開元,2023-09-18,9134
6173,信昌電,15,1,14,群益金鼎-開元,2023-09-18,9134
2332,友訊,14,0,14,群益金鼎-開元,2023-09-18,9134
2382,廣達,16,3,13,群益金鼎-開元,2023-09-18,9134
3260,威剛,16,3,13,群益金鼎-開元,2023-09-18,9134
1474,弘裕,13,0,13,群益金鼎-開元,2023-09-18,9134
2002,中鋼,13,1,12,群益金鼎-開元,2023-09-18,9134
2618,長榮航,13,1,12,群益金鼎-開元,2023-09-18,9134
3548,兆利,21,9,12,群益金鼎-開元,2023-09-18,9134
00751B,元大AAA至A公司債,12,0,12,群益金鼎-開元,2023-09-18,9134
8467,波力-KY,12,0,12,群益金鼎-開元,2023-09-18,9134
00878,國泰永續高股息,32,21,11,群益金鼎-開元,2023-09-18,9134
00713,元大台灣高息低波,10,0,10,群益金鼎-開元,2023-09-18,9134
1305,華夏,11,1,10,群益金鼎-開元,2023-09-18,9134
00665L,富邦�琤肭磪囓�2,10,0,10,群益金鼎-開元,2023-09-18,9134
2323,中環,10,0,10,群益金鼎-開元,2023-09-18,9134
1312,國喬,10,0,10,群益金鼎-開元,2023-09-18,9134
2535,達欣工,10,0,10,群益金鼎-開元,2023-09-18,9134
00900,富邦特選高股息30,11,1,10,群益金鼎-開元,2023-09-18,9134
2362,藍天,10,0,10,群益金鼎-開元,2023-09-18,9134
3581,博磊,10,0,10,群益金鼎-開元,2023-09-18,9134
2301,光寶科,11,2,9,群益金鼎-開元,2023-09-18,9134
2402,毅嘉,11,2,9,群益金鼎-開元,2023-09-18,9134
00772B,中信高評級公司債,9,0,9,群益金鼎-開元,2023-09-18,9134
6426,統新,10,1,9,群益金鼎-開元,2023-09-18,9134
6282,康舒,15,6,9,群益金鼎-開元,2023-09-18,9134
8201,無敵,8,0,8,群益金鼎-開元,2023-09-18,9134
6901,鑽石投資,528,2,526,群益金鼎-開元,2023-09-19,9134
2027,大成鋼,100,4,96,群益金鼎-開元,2023-09-19,9134
6446,藥華藥,82,0,82,群益金鼎-開元,2023-09-19,9134
00929,復華台灣科技優息,78,3,75,群益金鼎-開元,2023-09-19,9134
2618,長榮航,71,3,68,群益金鼎-開元,2023-09-19,9134
00919,群益台灣精選高息,68,2,66,群益金鼎-開元,2023-09-19,9134
2105,正新,53,4,49,群益金鼎-開元,2023-09-19,9134
00878,國泰永續高股息,69,23,46,群益金鼎-開元,2023-09-19,9134
1609,大亞,46,0,46,群益金鼎-開元,2023-09-19,9134
2104,國際中橡,41,0,41,群益金鼎-開元,2023-09-19,9134
5864,致和證,43,5,38,群益金鼎-開元,2023-09-19,9134
00927,群益半導體收益,33,0,33,群益金鼎-開元,2023-09-19,9134
3531,先益,31,1,30,群益金鼎-開元,2023-09-19,9134
2363,矽統,106,79,27,群益金鼎-開元,2023-09-19,9134
2390,云辰,24,0,24,群益金鼎-開元,2023-09-19,9134
2417,圓剛,24,0,24,群益金鼎-開元,2023-09-19,9134
2633,台灣高鐵,21,0,21,群益金鼎-開元,2023-09-19,9134
2906,高林,21,0,21,群益金鼎-開元,2023-09-19,9134
2606,裕民,21,1,20,群益金鼎-開元,2023-09-19,9134
2340,台亞,21,2,19,群益金鼎-開元,2023-09-19,9134
5222,全訊,22,5,17,群益金鼎-開元,2023-09-19,9134
4142,國光生,16,0,16,群益金鼎-開元,2023-09-19,9134
2634,漢翔,34,18,16,群益金鼎-開元,2023-09-19,9134
00882,中信中國高股息,15,0,15,群益金鼎-開元,2023-09-19,9134
1471,首利,18,3,15,群益金鼎-開元,2023-09-19,9134
3706,神達,21,7,14,群益金鼎-開元,2023-09-19,9134
2017,官田鋼,15,2,13,群益金鼎-開元,2023-09-19,9134
2462,良得電,14,1,13,群益金鼎-開元,2023-09-19,9134
1210,大成,12,0,12,群益金鼎-開元,2023-09-19,9134
00921,兆豐龍頭等權重,12,0,12,群益金鼎-開元,2023-09-19,9134
1515,力山,11,0,11,群益金鼎-開元,2023-09-19,9134
2399,映泰,11,0,11,群益金鼎-開元,2023-09-19,9134
00900,富邦特選高股息30,11,0,11,群益金鼎-開元,2023-09-19,9134
2382,廣達,20,9,11,群益金鼎-開元,2023-09-19,9134
2353,宏��,12,2,10,群益金鼎-開元,2023-09-19,9134
2414,精技,10,0,10,群益金鼎-開元,2023-09-19,9134
6015,宏遠證,10,0,10,群益金鼎-開元,2023-09-19,9134
3494,誠研,10,0,10,群益金鼎-開元,2023-09-19,9134
8429,金麗-KY,10,0,10,群益金鼎-開元,2023-09-19,9134
2331,精英,12,2,10,群益金鼎-開元,2023-09-19,9134
00923,群益台ESG低碳50,10,0,10,群益金鼎-開元,2023-09-19,9134
2425,承啟,13,3,10,群益金鼎-開元,2023-09-19,9134
4944,兆遠,12,2,10,群益金鼎-開元,2023-09-19,9134
9110,越南控-DR,10,0,10,群益金鼎-開元,2023-09-19,9134
5309,系統電,10,0,10,群益金鼎-開元,2023-09-19,9134
6111,大宇資,10,0,10,群益金鼎-開元,2023-09-19,9134
1435,中福,9,0,9,群益金鼎-開元,2023-09-19,9134
2371,大同,16,7,9,群益金鼎-開元,2023-09-19,9134
2392,正崴,10,1,9,群益金鼎-開元,2023-09-19,9134
5347,世界,17,8,9,群益金鼎-開元,2023-09-19,9134
1445,大宇,233,0,233,群益金鼎-開元,2023-09-20,9134
00929,復華台灣科技優息,216,75,141,群益金鼎-開元,2023-09-20,9134
00919,群益台灣精選高息,62,0,62,群益金鼎-開元,2023-09-20,9134
6446,藥華藥,60,1,59,群益金鼎-開元,2023-09-20,9134
2332,友訊,45,6,39,群益金鼎-開元,2023-09-20,9134
2002,中鋼,36,1,35,群益金鼎-開元,2023-09-20,9134
2105,正新,39,4,35,群益金鼎-開元,2023-09-20,9134
5864,致和證,30,0,30,群益金鼎-開元,2023-09-20,9134
5880,合庫金,29,0,29,群益金鼎-開元,2023-09-20,9134
3481,群創,24,3,21,群益金鼎-開元,2023-09-20,9134
2323,中環,21,0,21,群益金鼎-開元,2023-09-20,9134
6901,鑽石投資,25,4,21,群益金鼎-開元,2023-09-20,9134
00921,兆豐龍頭等權重,20,0,20,群益金鼎-開元,2023-09-20,9134
4908,前鼎,33,14,19,群益金鼎-開元,2023-09-20,9134
6015,宏遠證,20,1,19,群益金鼎-開元,2023-09-20,9134
2887,台新金,19,0,19,群益金鼎-開元,2023-09-20,9134
3715,定穎投控,57,40,17,群益金鼎-開元,2023-09-20,9134
2392,正崴,20,3,17,群益金鼎-開元,2023-09-20,9134
3631,晟楠,17,0,17,群益金鼎-開元,2023-09-20,9134
1101,台泥,22,6,16,群益金鼎-開元,2023-09-20,9134
2618,長榮航,26,11,15,群益金鼎-開元,2023-09-20,9134
00927,群益半導體收益,14,0,14,群益金鼎-開元,2023-09-20,9134
6191,精成科,14,0,14,群益金鼎-開元,2023-09-20,9134
2317,鴻海,16,2,14,群益金鼎-開元,2023-09-20,9134
2363,矽統,148,135,13,群益金鼎-開元,2023-09-20,9134
00923,群益台ESG低碳50,13,0,13,群益金鼎-開元,2023-09-20,9134
2634,漢翔,14,1,13,群益金鼎-開元,2023-09-20,9134
3037,欣興,14,2,12,群益金鼎-開元,2023-09-20,9134
00902,中信電池及儲能,12,0,12,群益金鼎-開元,2023-09-20,9134
1471,首利,20,8,12,群益金鼎-開元,2023-09-20,9134
2641,正德,27,15,12,群益金鼎-開元,2023-09-20,9134
1324,地球,12,0,12,群益金鼎-開元,2023-09-20,9134
2462,良得電,27,15,12,群益金鼎-開元,2023-09-20,9134
8213,志超,11,0,11,群益金鼎-開元,2023-09-20,9134
2633,台灣高鐵,11,0,11,群益金鼎-開元,2023-09-20,9134
3264,欣銓,22,11,11,群益金鼎-開元,2023-09-20,9134
1304,台聚,11,0,11,群益金鼎-開元,2023-09-20,9134
2409,友達,11,0,11,群益金鼎-開元,2023-09-20,9134
3441,聯一光,10,0,10,群益金鼎-開元,2023-09-20,9134
2312,金寶,12,2,10,群益金鼎-開元,2023-09-20,9134
1474,弘裕,10,0,10,群益金鼎-開元,2023-09-20,9134
2379,瑞昱,12,3,9,群益金鼎-開元,2023-09-20,9134
2402,毅嘉,22,13,9,群益金鼎-開元,2023-09-20,9134
2388,威盛,18,9,9,群益金鼎-開元,2023-09-20,9134
00931B,統一美債20年,9,0,9,群益金鼎-開元,2023-09-20,9134
9950,萬國通,13,4,9,群益金鼎-開元,2023-09-20,9134
2340,台亞,12,4,8,群益金鼎-開元,2023-09-20,9134
3265,台星科,21,13,8,群益金鼎-開元,2023-09-20,9134
2201,裕隆,10,2,8,群益金鼎-開元,2023-09-20,9134
2915,潤泰全,7,0,7,群益金鼎-開元,2023-09-20,9134
00671R,富邦NASDAQ反1,600,0,600,群益金鼎-開元,2023-09-21,9134
6282,康舒,593,3,590,群益金鼎-開元,2023-09-21,9134
2891,中信金,119,3,116,群益金鼎-開元,2023-09-21,9134
00919,群益台灣精選高息,115,5,110,群益金鼎-開元,2023-09-21,9134
00929,復華台灣科技優息,110,1,109,群益金鼎-開元,2023-09-21,9134
1504,東元,108,6,102,群益金鼎-開元,2023-09-21,9134
1711,永光,100,1,99,群益金鼎-開元,2023-09-21,9134
2883,凱基金,68,6,62,群益金鼎-開元,2023-09-21,9134
5864,致和證,57,0,57,群益金鼎-開元,2023-09-21,9134
1101,台泥,48,0,48,群益金鼎-開元,2023-09-21,9134
00923,群益台ESG低碳50,38,0,38,群益金鼎-開元,2023-09-21,9134
1307,三芳,38,0,38,群益金鼎-開元,2023-09-21,9134
00931B,統一美債20年,45,10,35,群益金鼎-開元,2023-09-21,9134
00632R,元大台灣50反1,50,20,30,群益金鼎-開元,2023-09-21,9134
6015,宏遠證,30,0,30,群益金鼎-開元,2023-09-21,9134
5321,美而快,29,0,29,群益金鼎-開元,2023-09-21,9134
2002,中鋼,28,0,28,群益金鼎-開元,2023-09-21,9134
2888,新光金,27,0,27,群益金鼎-開元,2023-09-21,9134
2834,臺企銀,26,0,26,群益金鼎-開元,2023-09-21,9134
2906,高林,25,0,25,群益金鼎-開元,2023-09-21,9134
3231,緯創,47,24,23,群益金鼎-開元,2023-09-21,9134
2323,中環,25,2,23,群益金鼎-開元,2023-09-21,9134
00637L,元大滬深300正2,22,0,22,群益金鼎-開元,2023-09-21,9134
8064,東捷,20,0,20,群益金鼎-開元,2023-09-21,9134
4529,淳紳,20,0,20,群益金鼎-開元,2023-09-21,9134
1304,台聚,20,0,20,群益金鼎-開元,2023-09-21,9134
2887,台新金,19,0,19,群益金鼎-開元,2023-09-21,9134
2330,台積電,21,2,19,群益金鼎-開元,2023-09-21,9134
5880,合庫金,17,0,17,群益金鼎-開元,2023-09-21,9134
1609,大亞,18,1,17,群益金鼎-開元,2023-09-21,9134
1216,統一,16,0,16,群益金鼎-開元,2023-09-21,9134
0056,元大高股息,16,0,16,群益金鼎-開元,2023-09-21,9134
00680L,元大美債20正2,16,0,16,群益金鼎-開元,2023-09-21,9134
2610,華航,16,2,14,群益金鼎-開元,2023-09-21,9134
4142,國光生,15,1,14,群益金鼎-開元,2023-09-21,9134
00900,富邦特選高股息30,15,1,14,群益金鼎-開元,2023-09-21,9134
2367,燿華,30,17,13,群益金鼎-開元,2023-09-21,9134
2605,新興,18,5,13,群益金鼎-開元,2023-09-21,9134
1802,台玻,13,0,13,群益金鼎-開元,2023-09-21,9134
2634,漢翔,17,4,13,群益金鼎-開元,2023-09-21,9134
00881,國泰台灣5G+,12,0,12,群益金鼎-開元,2023-09-21,9134
2317,鴻海,17,6,11,群益金鼎-開元,2023-09-21,9134
8050,廣積,11,0,11,群益金鼎-開元,2023-09-21,9134
3035,智原,16,5,11,群益金鼎-開元,2023-09-21,9134
2603,長榮,50,40,10,群益金鼎-開元,2023-09-21,9134
6285,啟��,11,1,10,群益金鼎-開元,2023-09-21,9134
00688L,國泰20年美債正2,10,0,10,群益金鼎-開元,2023-09-21,9134
2392,正崴,10,0,10,群益金鼎-開元,2023-09-21,9134
2880,華南金,10,0,10,群益金鼎-開元,2023-09-21,9134
1326,台化,11,1,10,群益金鼎-開元,2023-09-21,9134
00931B,統一美債20年,150,10,140,群益金鼎-開元,2023-09-22,9134
3548,兆利,90,28,62,群益金鼎-開元,2023-09-22,9134
3037,欣興,62,3,59,群益金鼎-開元,2023-09-22,9134
2401,凌陽,48,0,48,群益金鼎-開元,2023-09-22,9134
00919,群益台灣精選高息,41,0,41,群益金鼎-開元,2023-09-22,9134
00929,復華台灣科技優息,50,15,35,群益金鼎-開元,2023-09-22,9134
00712,復華富時不動產,33,0,33,群益金鼎-開元,2023-09-22,9134
2618,長榮航,78,47,31,群益金鼎-開元,2023-09-22,9134
00720B,元大投資級公司債,31,0,31,群益金鼎-開元,2023-09-22,9134
2891,中信金,28,1,27,群益金鼎-開元,2023-09-22,9134
5425,台半,27,0,27,群益金鼎-開元,2023-09-22,9134
2834,臺企銀,25,0,25,群益金鼎-開元,2023-09-22,9134
6122,擎邦,25,0,25,群益金鼎-開元,2023-09-22,9134
0056,元大高股息,23,0,23,群益金鼎-開元,2023-09-22,9134
00680L,元大美債20正2,21,0,21,群益金鼎-開元,2023-09-22,9134
2883,凱基金,21,1,20,群益金鼎-開元,2023-09-22,9134
00772B,中信高評級公司債,23,3,20,群益金鼎-開元,2023-09-22,9134
00687B,國泰20年美債,19,0,19,群益金鼎-開元,2023-09-22,9134
00885,富邦越南,19,0,19,群益金鼎-開元,2023-09-22,9134
6116,彩晶,20,1,19,群益金鼎-開元,2023-09-22,9134
3231,緯創,42,23,19,群益金鼎-開元,2023-09-22,9134
9103,美德醫療-DR,18,0,18,群益金鼎-開元,2023-09-22,9134
00900,富邦特選高股息30,27,10,17,群益金鼎-開元,2023-09-22,9134
2330,台積電,19,3,16,群益金鼎-開元,2023-09-22,9134
2736,富野,30,14,16,群益金鼎-開元,2023-09-22,9134
2313,華通,22,8,14,群益金鼎-開元,2023-09-22,9134
1101,台泥,19,5,14,群益金鼎-開元,2023-09-22,9134
00679B,元大美債20年,13,0,13,群益金鼎-開元,2023-09-22,9134
6285,啟��,16,3,13,群益金鼎-開元,2023-09-22,9134
1324,地球,12,1,11,群益金鼎-開元,2023-09-22,9134
6446,藥華藥,14,3,11,群益金鼎-開元,2023-09-22,9134
3576,聯合再生,10,0,10,群益金鼎-開元,2023-09-22,9134
6026,福邦證,10,0,10,群益金鼎-開元,2023-09-22,9134
2913,農林,10,0,10,群益金鼎-開元,2023-09-22,9134
2069,運錩,10,0,10,群益金鼎-開元,2023-09-22,9134
2104,國際中橡,10,0,10,群益金鼎-開元,2023-09-22,9134
00724B,群益投資級金融債,10,0,10,群益金鼎-開元,2023-09-22,9134
2107,厚生,10,0,10,群益金鼎-開元,2023-09-22,9134
2906,高林,10,0,10,群益金鼎-開元,2023-09-22,9134
1444,力麗,16,6,10,群益金鼎-開元,2023-09-22,9134
2603,長榮,10,0,10,群益金鼎-開元,2023-09-22,9134
00795B,中信美國公債20年,10,0,10,群益金鼎-開元,2023-09-22,9134
2542,興富發,10,1,9,群益金鼎-開元,2023-09-22,9134
1809,中釉,10,1,9,群益金鼎-開元,2023-09-22,9134
3092,鴻碩,10,2,8,群益金鼎-開元,2023-09-22,9134
00673R,期元大S＆P原油反1,8,0,8,群益金鼎-開元,2023-09-22,9134
6282,康舒,8,0,8,群益金鼎-開元,2023-09-22,9134
2424,隴華,8,0,8,群益金鼎-開元,2023-09-22,9134
9933,中鼎,8,0,8,群益金鼎-開元,2023-09-22,9134
6191,精成科,11,3,8,群益金鼎-開元,2023-09-22,9134
9945,潤泰新,81,0,81,群益金鼎-開元,2023-09-25,9134
3548,兆利,118,43,75,群益金鼎-開元,2023-09-25,9134
3163,波若威,60,2,58,群益金鼎-開元,2023-09-25,9134
00648R,元大S＆P500反1,57,0,57,群益金鼎-開元,2023-09-25,9134
2104,國際中橡,55,0,55,群益金鼎-開元,2023-09-25,9134
2542,興富發,52,1,51,群益金鼎-開元,2023-09-25,9134
8150,南茂,45,0,45,群益金鼎-開元,2023-09-25,9134
2618,長榮航,56,11,45,群益金鼎-開元,2023-09-25,9134
00929,復華台灣科技優息,47,17,30,群益金鼎-開元,2023-09-25,9134
2313,華通,37,8,29,群益金鼎-開元,2023-09-25,9134
00632R,元大台灣50反1,24,0,24,群益金鼎-開元,2023-09-25,9134
2468,華經,41,18,23,群益金鼎-開元,2023-09-25,9134
2883,凱基金,25,3,22,群益金鼎-開元,2023-09-25,9134
3036,文曄,17,0,17,群益金鼎-開元,2023-09-25,9134
1809,中釉,16,1,15,群益金鼎-開元,2023-09-25,9134
9110,越南控-DR,15,0,15,群益金鼎-開元,2023-09-25,9134
3615,安可,16,2,14,群益金鼎-開元,2023-09-25,9134
2363,矽統,167,153,14,群益金鼎-開元,2023-09-25,9134
1471,首利,15,2,13,群益金鼎-開元,2023-09-25,9134
2891,中信金,12,1,11,群益金鼎-開元,2023-09-25,9134
00888,永豐台灣ESG,10,0,10,群益金鼎-開元,2023-09-25,9134
8085,福華,10,0,10,群益金鼎-開元,2023-09-25,9134
1307,三芳,10,0,10,群益金鼎-開元,2023-09-25,9134
4979,華星光,14,4,10,群益金鼎-開元,2023-09-25,9134
4942,嘉彰,10,0,10,群益金鼎-開元,2023-09-25,9134
1304,台聚,10,0,10,群益金鼎-開元,2023-09-25,9134
2417,圓剛,10,1,9,群益金鼎-開元,2023-09-25,9134
00795B,中信美國公債20年,10,1,9,群益金鼎-開元,2023-09-25,9134
1560,中砂,12,3,9,群益金鼎-開元,2023-09-25,9134
1101,台泥,22,13,9,群益金鼎-開元,2023-09-25,9134
2880,華南金,8,0,8,群益金鼎-開元,2023-09-25,9134
2601,益航,10,2,8,群益金鼎-開元,2023-09-25,9134
2489,瑞軒,8,0,8,群益金鼎-開元,2023-09-25,9134
8027,鈦昇,8,1,7,群益金鼎-開元,2023-09-25,9134
00645,富邦日本,7,0,7,群益金鼎-開元,2023-09-25,9134
2492,華新科,8,1,7,群益金鼎-開元,2023-09-25,9134
2889,國票金,7,0,7,群益金鼎-開元,2023-09-25,9134
2317,鴻海,6,0,6,群益金鼎-開元,2023-09-25,9134
2801,彰銀,6,0,6,群益金鼎-開元,2023-09-25,9134
3622,洋華,6,0,6,群益金鼎-開元,2023-09-25,9134
4919,新唐,6,0,6,群益金鼎-開元,2023-09-25,9134
2356,英業達,15,9,6,群益金鼎-開元,2023-09-25,9134
3339,泰谷,6,0,6,群益金鼎-開元,2023-09-25,9134
2609,陽明,10,4,6,群益金鼎-開元,2023-09-25,9134
9933,中鼎,7,1,6,群益金鼎-開元,2023-09-25,9134
2330,台積電,6,1,5,群益金鼎-開元,2023-09-25,9134
2355,敬鵬,7,2,5,群益金鼎-開元,2023-09-25,9134
3379,彬台,5,0,5,群益金鼎-開元,2023-09-25,9134
2457,飛宏,7,2,5,群益金鼎-開元,2023-09-25,9134
8046,南電,5,0,5,群益金鼎-開元,2023-09-25,9134
9945,潤泰新,155,0,155,群益金鼎-開元,2023-09-26,9134
2368,金像電,108,3,105,群益金鼎-開元,2023-09-26,9134
00648R,元大S＆P500反1,93,0,93,群益金鼎-開元,2023-09-26,9134
00680L,元大美債20正2,73,0,73,群益金鼎-開元,2023-09-26,9134
00929,復華台灣科技優息,66,5,61,群益金鼎-開元,2023-09-26,9134
00923,群益台ESG低碳50,55,0,55,群益金鼎-開元,2023-09-26,9134
5864,致和證,50,5,45,群益金鼎-開元,2023-09-26,9134
00931B,統一美債20年,43,0,43,群益金鼎-開元,2023-09-26,9134
2303,聯電,33,2,31,群益金鼎-開元,2023-09-26,9134
2801,彰銀,30,0,30,群益金鼎-開元,2023-09-26,9134
00885,富邦越南,31,1,30,群益金鼎-開元,2023-09-26,9134
00878,國泰永續高股息,32,2,30,群益金鼎-開元,2023-09-26,9134
2634,漢翔,28,2,26,群益金鼎-開元,2023-09-26,9134
3481,群創,23,0,23,群益金鼎-開元,2023-09-26,9134
00679B,元大美債20年,22,0,22,群益金鼎-開元,2023-09-26,9134
4157,太景*-KY,22,0,22,群益金鼎-開元,2023-09-26,9134
00772B,中信高評級公司債,22,1,21,群益金鼎-開元,2023-09-26,9134
00712,復華富時不動產,20,0,20,群益金鼎-開元,2023-09-26,9134
1522,堤維西,134,114,20,群益金鼎-開元,2023-09-26,9134
00919,群益台灣精選高息,25,5,20,群益金鼎-開元,2023-09-26,9134
6446,藥華藥,20,0,20,群益金鼎-開元,2023-09-26,9134
2390,云辰,24,7,17,群益金鼎-開元,2023-09-26,9134
1101,台泥,17,0,17,群益金鼎-開元,2023-09-26,9134
2409,友達,17,0,17,群益金鼎-開元,2023-09-26,9134
00632R,元大台灣50反1,50,34,16,群益金鼎-開元,2023-09-26,9134
1307,三芳,15,0,15,群益金鼎-開元,2023-09-26,9134
9105,泰金寶-DR,15,0,15,群益金鼎-開元,2023-09-26,9134
2104,國際中橡,15,0,15,群益金鼎-開元,2023-09-26,9134
00665L,富邦�琤肭磪囓�2,15,0,15,群益金鼎-開元,2023-09-26,9134
6282,康舒,14,0,14,群益金鼎-開元,2023-09-26,9134
3711,日月光投控,14,1,13,群益金鼎-開元,2023-09-26,9134
9933,中鼎,13,0,13,群益金鼎-開元,2023-09-26,9134
00888,永豐台灣ESG,13,0,13,群益金鼎-開元,2023-09-26,9134
2330,台積電,14,1,13,群益金鼎-開元,2023-09-26,9134
2317,鴻海,12,0,12,群益金鼎-開元,2023-09-26,9134
00927,群益半導體收益,12,0,12,群益金鼎-開元,2023-09-26,9134
2888,新光金,12,0,12,群益金鼎-開元,2023-09-26,9134
00905,FT臺灣Smart,12,0,12,群益金鼎-開元,2023-09-26,9134
5452,佶優,13,1,12,群益金鼎-開元,2023-09-26,9134
3035,智原,23,11,12,群益金鼎-開元,2023-09-26,9134
00637L,元大滬深300正2,11,0,11,群益金鼎-開元,2023-09-26,9134
5880,合庫金,11,0,11,群益金鼎-開元,2023-09-26,9134
2892,第一金,11,0,11,群益金鼎-開元,2023-09-26,9134
2881,富邦金,10,0,10,群益金鼎-開元,2023-09-26,9134
00857B,永豐20年美公債,10,0,10,群益金鼎-開元,2023-09-26,9134
1402,遠東新,10,0,10,群益金鼎-開元,2023-09-26,9134
2107,厚生,10,0,10,群益金鼎-開元,2023-09-26,9134
2329,華泰,15,5,10,群益金鼎-開元,2023-09-26,9134
1608,華榮,12,2,10,群益金鼎-開元,2023-09-26,9134
5321,美而快,13,3,10,群益金鼎-開元,2023-09-26,9134
2606,裕民,106,36,70,群益金鼎-開元,2023-09-27,9134
00929,復華台灣科技優息,66,11,55,群益金鼎-開元,2023-09-27,9134
8222,寶一,50,0,50,群益金鼎-開元,2023-09-27,9134
3706,神達,36,1,35,群益金鼎-開元,2023-09-27,9134
2002,中鋼,38,4,34,群益金鼎-開元,2023-09-27,9134
5347,世界,31,0,31,群益金鼎-開元,2023-09-27,9134
00712,復華富時不動產,30,0,30,群益金鼎-開元,2023-09-27,9134
2834,臺企銀,30,0,30,群益金鼎-開元,2023-09-27,9134
2107,厚生,29,0,29,群益金鼎-開元,2023-09-27,9134
2891,中信金,28,0,28,群益金鼎-開元,2023-09-27,9134
3548,兆利,50,23,27,群益金鼎-開元,2023-09-27,9134
6477,安集,20,0,20,群益金鼎-開元,2023-09-27,9134
6625,必應,20,0,20,群益金鼎-開元,2023-09-27,9134
00637L,元大滬深300正2,26,7,19,群益金鼎-開元,2023-09-27,9134
00878,國泰永續高股息,15,0,15,群益金鼎-開元,2023-09-27,9134
2634,漢翔,16,1,15,群益金鼎-開元,2023-09-27,9134
1605,華新,18,3,15,群益金鼎-開元,2023-09-27,9134
6116,彩晶,15,0,15,群益金鼎-開元,2023-09-27,9134
6235,華孚,42,27,15,群益金鼎-開元,2023-09-27,9134
1301,台塑,13,0,13,群益金鼎-開元,2023-09-27,9134
00720B,元大投資級公司債,13,0,13,群益金鼎-開元,2023-09-27,9134
3615,安可,21,8,13,群益金鼎-開元,2023-09-27,9134
5864,致和證,19,6,13,群益金鼎-開元,2023-09-27,9134
2354,鴻準,12,0,12,群益金鼎-開元,2023-09-27,9134
4157,太景*-KY,12,0,12,群益金鼎-開元,2023-09-27,9134
2317,鴻海,11,0,11,群益金鼎-開元,2023-09-27,9134
1524,耿鼎,14,3,11,群益金鼎-開元,2023-09-27,9134
9933,中鼎,16,5,11,群益金鼎-開元,2023-09-27,9134
1101,台泥,12,2,10,群益金鼎-開元,2023-09-27,9134
1618,合機,20,10,10,群益金鼎-開元,2023-09-27,9134
00673R,期元大S＆P原油反1,10,0,10,群益金鼎-開元,2023-09-27,9134
00919,群益台灣精選高息,14,5,9,群益金鼎-開元,2023-09-27,9134
3013,晟銘電,11,2,9,群益金鼎-開元,2023-09-27,9134
2610,華航,14,6,8,群益金鼎-開元,2023-09-27,9134
1584,精剛,12,4,8,群益金鼎-開元,2023-09-27,9134
00885,富邦越南,7,0,7,群益金鼎-開元,2023-09-27,9134
00931B,統一美債20年,7,0,7,群益金鼎-開元,2023-09-27,9134
2392,正崴,7,0,7,群益金鼎-開元,2023-09-27,9134
4529,淳紳,7,0,7,群益金鼎-開元,2023-09-27,9134
6530,創威,6,0,6,群益金鼎-開元,2023-09-27,9134
00907,永豐優息存股,6,0,6,群益金鼎-開元,2023-09-27,9134
6806,森崴能源,9,3,6,群益金鼎-開元,2023-09-27,9134
2303,聯電,5,0,5,群益金鼎-開元,2023-09-27,9134
00713,元大台灣高息低波,5,0,5,群益金鼎-開元,2023-09-27,9134
1612,宏泰,7,2,5,群益金鼎-開元,2023-09-27,9134
4906,正文,10,5,5,群益金鼎-開元,2023-09-27,9134
1339,昭輝,6,1,5,群益金鼎-開元,2023-09-27,9134
2801,彰銀,5,0,5,群益金鼎-開元,2023-09-27,9134
3631,晟楠,5,0,5,群益金鼎-開元,2023-09-27,9134
1718,中纖,5,0,5,群益金鼎-開元,2023-09-27,9134
6235,華孚,130,77,53,群益金鼎-開元,2023-09-28,9134
00931B,統一美債20年,52,0,52,群益金鼎-開元,2023-09-28,9134
00665L,富邦�琤肭磪囓�2,51,0,51,群益金鼎-開元,2023-09-28,9134
2353,宏��,38,1,37,群益金鼎-開元,2023-09-28,9134
2363,矽統,160,124,36,群益金鼎-開元,2023-09-28,9134
2002,中鋼,39,4,35,群益金鼎-開元,2023-09-28,9134
2107,厚生,25,0,25,群益金鼎-開元,2023-09-28,9134
9933,中鼎,24,0,24,群益金鼎-開元,2023-09-28,9134
2356,英業達,26,2,24,群益金鼎-開元,2023-09-28,9134
3231,緯創,53,31,22,群益金鼎-開元,2023-09-28,9134
6126,信音,22,2,20,群益金鼎-開元,2023-09-28,9134
00632R,元大台灣50反1,35,15,20,群益金鼎-開元,2023-09-28,9134
2017,官田鋼,21,3,18,群益金鼎-開元,2023-09-28,9134
2382,廣達,40,24,16,群益金鼎-開元,2023-09-28,9134
1307,三芳,15,0,15,群益金鼎-開元,2023-09-28,9134
2317,鴻海,16,2,14,群益金鼎-開元,2023-09-28,9134
00720B,元大投資級公司債,14,0,14,群益金鼎-開元,2023-09-28,9134
2401,凌陽,15,1,14,群益金鼎-開元,2023-09-28,9134
1471,首利,19,5,14,群益金鼎-開元,2023-09-28,9134
00929,復華台灣科技優息,13,0,13,群益金鼎-開元,2023-09-28,9134
6418,詠昇,17,5,12,群益金鼎-開元,2023-09-28,9134
1101,台泥,12,0,12,群益金鼎-開元,2023-09-28,9134
1319,東陽,13,1,12,群益金鼎-開元,2023-09-28,9134
2104,國際中橡,12,0,12,群益金鼎-開元,2023-09-28,9134
00919,群益台灣精選高息,32,20,12,群益金鼎-開元,2023-09-28,9134
00795B,中信美國公債20年,12,0,12,群益金鼎-開元,2023-09-28,9134
00679B,元大美債20年,12,0,12,群益金鼎-開元,2023-09-28,9134
2344,華邦電,11,0,11,群益金鼎-開元,2023-09-28,9134
4157,太景*-KY,11,0,11,群益金鼎-開元,2023-09-28,9134
3694,海華,11,0,11,群益金鼎-開元,2023-09-28,9134
2883,凱基金,13,2,11,群益金鼎-開元,2023-09-28,9134
2409,友達,11,1,10,群益金鼎-開元,2023-09-28,9134
2329,華泰,22,12,10,群益金鼎-開元,2023-09-28,9134
1216,統一,10,0,10,群益金鼎-開元,2023-09-28,9134
6603,富強鑫,10,0,10,群益金鼎-開元,2023-09-28,9134
1218,泰山,10,0,10,群益金鼎-開元,2023-09-28,9134
2834,臺企銀,10,0,10,群益金鼎-開元,2023-09-28,9134
2515,中工,10,0,10,群益金鼎-開元,2023-09-28,9134
2408,南亞科,15,5,10,群益金鼎-開元,2023-09-28,9134
2365,昆盈,10,0,10,群益金鼎-開元,2023-09-28,9134
9105,泰金寶-DR,10,0,10,群益金鼎-開元,2023-09-28,9134
00637L,元大滬深300正2,11,1,10,群益金鼎-開元,2023-09-28,9134
2618,長榮航,14,5,9,群益金鼎-開元,2023-09-28,9134
00712,復華富時不動產,9,0,9,群益金鼎-開元,2023-09-28,9134
1326,台化,9,0,9,群益金鼎-開元,2023-09-28,9134
00772B,中信高評級公司債,8,0,8,群益金鼎-開元,2023-09-28,9134
6405,悅城,8,0,8,群益金鼎-開元,2023-09-28,9134
2301,光寶科,12,4,8,群益金鼎-開元,2023-09-28,9134
8150,南茂,8,0,8,群益金鼎-開元,2023-09-28,9134
3035,智原,21,13,8,群益金鼎-開元,2023-09-28,9134
2382,廣達,189,76,113,群益金鼎-開元,2023-10-02,9134
2618,長榮航,109,3,106,群益金鼎-開元,2023-10-02,9134
2880,華南金,52,0,52,群益金鼎-開元,2023-10-02,9134
3548,兆利,71,20,51,群益金鼎-開元,2023-10-02,9134
00929,復華台灣科技優息,37,6,31,群益金鼎-開元,2023-10-02,9134
00931B,統一美債20年,38,10,28,群益金鼎-開元,2023-10-02,9134
2363,矽統,248,221,27,群益金鼎-開元,2023-10-02,9134
2338,光罩,24,0,24,群益金鼎-開元,2023-10-02,9134
1618,合機,78,54,24,群益金鼎-開元,2023-10-02,9134
2409,友達,24,1,23,群益金鼎-開元,2023-10-02,9134
3122,笙泉,23,2,21,群益金鼎-開元,2023-10-02,9134
2002,中鋼,21,0,21,群益金鼎-開元,2023-10-02,9134
6438,迅得,20,0,20,群益金鼎-開元,2023-10-02,9134
2025,千興,20,0,20,群益金鼎-開元,2023-10-02,9134
3257,虹冠電,18,0,18,群益金鼎-開元,2023-10-02,9134
6015,宏遠證,17,0,17,群益金鼎-開元,2023-10-02,9134
3494,誠研,14,0,14,群益金鼎-開元,2023-10-02,9134
1304,台聚,14,0,14,群益金鼎-開元,2023-10-02,9134
5465,富驊,23,10,13,群益金鼎-開元,2023-10-02,9134
5371,中光電,13,1,12,群益金鼎-開元,2023-10-02,9134
2206,三陽工業,12,0,12,群益金鼎-開元,2023-10-02,9134
6464,台數科,12,0,12,群益金鼎-開元,2023-10-02,9134
2468,華經,22,11,11,群益金鼎-開元,2023-10-02,9134
00795B,中信美國公債20年,11,0,11,群益金鼎-開元,2023-10-02,9134
3715,定穎投控,37,26,11,群益金鼎-開元,2023-10-02,9134
2344,華邦電,10,0,10,群益金鼎-開元,2023-10-02,9134
9105,泰金寶-DR,10,0,10,群益金鼎-開元,2023-10-02,9134
2885,元大金,10,0,10,群益金鼎-開元,2023-10-02,9134
9928,中視,8,0,8,群益金鼎-開元,2023-10-02,9134
1519,華城,10,2,8,群益金鼎-開元,2023-10-02,9134
2606,裕民,13,5,8,群益金鼎-開元,2023-10-02,9134
2329,華泰,32,24,8,群益金鼎-開元,2023-10-02,9134
00772B,中信高評級公司債,8,0,8,群益金鼎-開元,2023-10-02,9134
00899,FT潔淨能源,8,0,8,群益金鼎-開元,2023-10-02,9134
6182,合晶,10,2,8,群益金鼎-開元,2023-10-02,9134
00679B,元大美債20年,8,1,7,群益金鼎-開元,2023-10-02,9134
2324,仁寶,11,4,7,群益金鼎-開元,2023-10-02,9134
2915,潤泰全,7,0,7,群益金鼎-開元,2023-10-02,9134
2883,凱基金,7,0,7,群益金鼎-開元,2023-10-02,9134
2368,金像電,12,6,6,群益金鼎-開元,2023-10-02,9134
1301,台塑,6,0,6,群益金鼎-開元,2023-10-02,9134
2208,台船,8,2,6,群益金鼎-開元,2023-10-02,9134
1307,三芳,6,0,6,群益金鼎-開元,2023-10-02,9134
2483,百容,6,0,6,群益金鼎-開元,2023-10-02,9134
2601,益航,9,3,6,群益金鼎-開元,2023-10-02,9134
2633,台灣高鐵,9,3,6,群益金鼎-開元,2023-10-02,9134
2358,廷鑫,6,0,6,群益金鼎-開元,2023-10-02,9134
9933,中鼎,12,6,6,群益金鼎-開元,2023-10-02,9134
3363,上詮,13,7,6,群益金鼎-開元,2023-10-02,9134
1609,大亞,35,30,5,群益金鼎-開元,2023-10-02,9134
4164,承業醫,111,0,111,群益金鼎-開元,2023-10-03,9134
1815,富喬,152,45,107,群益金鼎-開元,2023-10-03,9134
2409,友達,402,302,100,群益金鼎-開元,2023-10-03,9134
9945,潤泰新,60,5,55,群益金鼎-開元,2023-10-03,9134
1605,華新,48,0,48,群益金鼎-開元,2023-10-03,9134
00637L,元大滬深300正2,48,0,48,群益金鼎-開元,2023-10-03,9134
8112,至上,91,43,48,群益金鼎-開元,2023-10-03,9134
2002,中鋼,39,1,38,群益金鼎-開元,2023-10-03,9134
3305,昇貿,37,1,36,群益金鼎-開元,2023-10-03,9134
1609,大亞,38,4,34,群益金鼎-開元,2023-10-03,9134
2107,厚生,32,0,32,群益金鼎-開元,2023-10-03,9134
00712,復華富時不動產,31,0,31,群益金鼎-開元,2023-10-03,9134
8227,巨有科技,32,3,29,群益金鼎-開元,2023-10-03,9134
00929,復華台灣科技優息,38,10,28,群益金鼎-開元,2023-10-03,9134
2313,華通,40,12,28,群益金鼎-開元,2023-10-03,9134
2356,英業達,35,8,27,群益金鼎-開元,2023-10-03,9134
00922,國泰台灣領袖50,26,0,26,群益金鼎-開元,2023-10-03,9134
3450,聯鈞,77,51,26,群益金鼎-開元,2023-10-03,9134
3231,緯創,56,30,26,群益金鼎-開元,2023-10-03,9134
1905,華紙,25,0,25,群益金鼎-開元,2023-10-03,9134
00882,中信中國高股息,25,0,25,群益金鼎-開元,2023-10-03,9134
2883,凱基金,23,2,21,群益金鼎-開元,2023-10-03,9134
00715L,期街口布蘭特正2,20,0,20,群益金鼎-開元,2023-10-03,9134
3494,誠研,19,0,19,群益金鼎-開元,2023-10-03,9134
3481,群創,24,5,19,群益金鼎-開元,2023-10-03,9134
2324,仁寶,21,3,18,群益金鼎-開元,2023-10-03,9134
2888,新光金,17,0,17,群益金鼎-開元,2023-10-03,9134
3548,兆利,40,24,16,群益金鼎-開元,2023-10-03,9134
0056,元大高股息,40,24,16,群益金鼎-開元,2023-10-03,9134
00931B,統一美債20年,15,0,15,群益金鼎-開元,2023-10-03,9134
2355,敬鵬,18,4,14,群益金鼎-開元,2023-10-03,9134
00720B,元大投資級公司債,14,0,14,群益金鼎-開元,2023-10-03,9134
3035,智原,17,3,14,群益金鼎-開元,2023-10-03,9134
8927,北基,13,0,13,群益金鼎-開元,2023-10-03,9134
9938,百和,13,0,13,群益金鼎-開元,2023-10-03,9134
00885,富邦越南,13,0,13,群益金鼎-開元,2023-10-03,9134
2382,廣達,17,5,12,群益金鼎-開元,2023-10-03,9134
00772B,中信高評級公司債,12,0,12,群益金鼎-開元,2023-10-03,9134
5321,美而快,12,0,12,群益金鼎-開元,2023-10-03,9134
9933,中鼎,12,0,12,群益金鼎-開元,2023-10-03,9134
2891,中信金,11,0,11,群益金鼎-開元,2023-10-03,9134
2025,千興,11,0,11,群益金鼎-開元,2023-10-03,9134
6446,藥華藥,12,1,11,群益金鼎-開元,2023-10-03,9134
2882,國泰金,10,0,10,群益金鼎-開元,2023-10-03,9134
00919,群益台灣精選高息,12,2,10,群益金鼎-開元,2023-10-03,9134
3706,神達,11,1,10,群益金鼎-開元,2023-10-03,9134
00688L,國泰20年美債正2,10,0,10,群益金鼎-開元,2023-10-03,9134
9105,泰金寶-DR,10,0,10,群益金鼎-開元,2023-10-03,9134
5302,太欣,10,0,10,群益金鼎-開元,2023-10-03,9134
2605,新興,10,0,10,群益金鼎-開元,2023-10-03,9134
00712,復華富時不動產,83,0,83,群益金鼎-開元,2023-10-04,9134
4164,承業醫,78,0,78,群益金鼎-開元,2023-10-04,9134
00929,復華台灣科技優息,89,16,73,群益金鼎-開元,2023-10-04,9134
00720B,元大投資級公司債,61,0,61,群益金鼎-開元,2023-10-04,9134
2303,聯電,59,3,56,群益金鼎-開元,2023-10-04,9134
00931B,統一美債20年,85,30,55,群益金鼎-開元,2023-10-04,9134
2201,裕隆,52,0,52,群益金鼎-開元,2023-10-04,9134
00632R,元大台灣50反1,55,11,44,群益金鼎-開元,2023-10-04,9134
0056,元大高股息,46,4,42,群益金鼎-開元,2023-10-04,9134
1216,統一,36,0,36,群益金鼎-開元,2023-10-04,9134
2801,彰銀,35,0,35,群益金鼎-開元,2023-10-04,9134
2504,國產,35,0,35,群益金鼎-開元,2023-10-04,9134
00919,群益台灣精選高息,34,1,33,群益金鼎-開元,2023-10-04,9134
2107,厚生,30,0,30,群益金鼎-開元,2023-10-04,9134
00679B,元大美債20年,28,2,26,群益金鼎-開元,2023-10-04,9134
6446,藥華藥,25,0,25,群益金鼎-開元,2023-10-04,9134
9933,中鼎,38,13,25,群益金鼎-開元,2023-10-04,9134
2353,宏��,31,6,25,群益金鼎-開元,2023-10-04,9134
5381,合正,25,0,25,群益金鼎-開元,2023-10-04,9134
2317,鴻海,25,0,25,群益金鼎-開元,2023-10-04,9134
9945,潤泰新,22,0,22,群益金鼎-開元,2023-10-04,9134
1605,華新,21,0,21,群益金鼎-開元,2023-10-04,9134
6015,宏遠證,21,0,21,群益金鼎-開元,2023-10-04,9134
3548,兆利,23,2,21,群益金鼎-開元,2023-10-04,9134
3094,聯傑,21,0,21,群益金鼎-開元,2023-10-04,9134
00772B,中信高評級公司債,22,1,21,群益金鼎-開元,2023-10-04,9134
8222,寶一,20,0,20,群益金鼎-開元,2023-10-04,9134
8249,菱光,20,0,20,群益金鼎-開元,2023-10-04,9134
3231,緯創,28,9,19,群益金鼎-開元,2023-10-04,9134
2884,玉山金,30,11,19,群益金鼎-開元,2023-10-04,9134
1720,生達,18,0,18,群益金鼎-開元,2023-10-04,9134
8936,國統,22,4,18,群益金鼎-開元,2023-10-04,9134
6505,台塑化,17,0,17,群益金鼎-開元,2023-10-04,9134
9802,鈺齊-KY,16,0,16,群益金鼎-開元,2023-10-04,9134
00687B,國泰20年美債,15,0,15,群益金鼎-開元,2023-10-04,9134
2887,台新金,14,0,14,群益金鼎-開元,2023-10-04,9134
00878,國泰永續高股息,18,4,14,群益金鼎-開元,2023-10-04,9134
5880,合庫金,13,0,13,群益金鼎-開元,2023-10-04,9134
2409,友達,25,12,13,群益金鼎-開元,2023-10-04,9134
2610,華航,22,9,13,群益金鼎-開元,2023-10-04,9134
1210,大成,13,1,12,群益金鼎-開元,2023-10-04,9134
1304,台聚,12,0,12,群益金鼎-開元,2023-10-04,9134
6116,彩晶,12,0,12,群益金鼎-開元,2023-10-04,9134
3171,炎洲流通,12,0,12,群益金鼎-開元,2023-10-04,9134
00680L,元大美債20正2,12,0,12,群益金鼎-開元,2023-10-04,9134
2883,凱基金,12,1,11,群益金鼎-開元,2023-10-04,9134
8112,至上,11,0,11,群益金鼎-開元,2023-10-04,9134
1718,中纖,11,0,11,群益金鼎-開元,2023-10-04,9134
5258,虹堡,11,0,11,群益金鼎-開元,2023-10-04,9134
1402,遠東新,10,0,10,群益金鼎-開元,2023-10-04,9134
4164,承業醫,187,0,187,群益金鼎-開元,2023-10-05,9134
2538,基泰,240,139,101,群益金鼎-開元,2023-10-05,9134
2883,凱基金,62,1,61,群益金鼎-開元,2023-10-05,9134
2618,長榮航,95,38,57,群益金鼎-開元,2023-10-05,9134
2892,第一金,54,3,51,群益金鼎-開元,2023-10-05,9134
6288,聯嘉,155,125,30,群益金鼎-開元,2023-10-05,9134
2002,中鋼,43,13,30,群益金鼎-開元,2023-10-05,9134
2027,大成鋼,26,0,26,群益金鼎-開元,2023-10-05,9134
6603,富強鑫,25,0,25,群益金鼎-開元,2023-10-05,9134
2705,六福,20,0,20,群益金鼎-開元,2023-10-05,9134
8033,雷虎,20,0,20,群益金鼎-開元,2023-10-05,9134
8064,東捷,20,0,20,群益金鼎-開元,2023-10-05,9134
6531,愛普*,31,11,20,群益金鼎-開元,2023-10-05,9134
2031,新光鋼,17,0,17,群益金鼎-開元,2023-10-05,9134
00923,群益台ESG低碳50,20,3,17,群益金鼎-開元,2023-10-05,9134
2324,仁寶,19,2,17,群益金鼎-開元,2023-10-05,9134
9919,康那香,37,20,17,群益金鼎-開元,2023-10-05,9134
8926,台汽電,16,0,16,群益金鼎-開元,2023-10-05,9134
00715L,期街口布蘭特正2,17,1,16,群益金鼎-開元,2023-10-05,9134
0056,元大高股息,26,10,16,群益金鼎-開元,2023-10-05,9134
6438,迅得,15,1,14,群益金鼎-開元,2023-10-05,9134
00882,中信中國高股息,12,0,12,群益金鼎-開元,2023-10-05,9134
1326,台化,12,0,12,群益金鼎-開元,2023-10-05,9134
3380,明泰,12,0,12,群益金鼎-開元,2023-10-05,9134
9933,中鼎,16,4,12,群益金鼎-開元,2023-10-05,9134
2014,中鴻,14,3,11,群益金鼎-開元,2023-10-05,9134
2201,裕隆,13,2,11,群益金鼎-開元,2023-10-05,9134
2421,建準,15,4,11,群益金鼎-開元,2023-10-05,9134
3032,偉訓,20,9,11,群益金鼎-開元,2023-10-05,9134
1522,堤維西,24,13,11,群益金鼎-開元,2023-10-05,9134
6126,信音,11,0,11,群益金鼎-開元,2023-10-05,9134
2891,中信金,13,2,11,群益金鼎-開元,2023-10-05,9134
2834,臺企銀,11,1,10,群益金鼎-開元,2023-10-05,9134
2331,精英,10,0,10,群益金鼎-開元,2023-10-05,9134
8222,寶一,20,10,10,群益金鼎-開元,2023-10-05,9134
00680L,元大美債20正2,10,0,10,群益金鼎-開元,2023-10-05,9134
2392,正崴,10,0,10,群益金鼎-開元,2023-10-05,9134
6116,彩晶,10,1,9,群益金鼎-開元,2023-10-05,9134
8446,華研,9,0,9,群益金鼎-開元,2023-10-05,9134
2605,新興,10,1,9,群益金鼎-開元,2023-10-05,9134
2884,玉山金,8,0,8,群益金鼎-開元,2023-10-05,9134
3231,緯創,28,20,8,群益金鼎-開元,2023-10-05,9134
5381,合正,17,9,8,群益金鼎-開元,2023-10-05,9134
8271,宇瞻,7,0,7,群益金鼎-開元,2023-10-05,9134
6205,詮欣,8,1,7,群益金鼎-開元,2023-10-05,9134
00919,群益台灣精選高息,6,0,6,群益金鼎-開元,2023-10-05,9134
3044,健鼎,8,2,6,群益金鼎-開元,2023-10-05,9134
6142,友勁,6,0,6,群益金鼎-開元,2023-10-05,9134
4958,臻鼎-KY,6,0,6,群益金鼎-開元,2023-10-05,9134
8068,全達,6,0,6,群益金鼎-開元,2023-10-05,9134
4164,承業醫,151,0,151,群益金鼎-開元,2023-10-06,9134
00929,復華台灣科技優息,89,21,68,群益金鼎-開元,2023-10-06,9134
1216,統一,60,0,60,群益金鼎-開元,2023-10-06,9134
9105,泰金寶-DR,57,0,57,群益金鼎-開元,2023-10-06,9134
00676R,富邦臺灣加權反1,50,0,50,群益金鼎-開元,2023-10-06,9134
2409,友達,45,0,45,群益金鼎-開元,2023-10-06,9134
6191,精成科,52,7,45,群益金鼎-開元,2023-10-06,9134
2442,新美齊,28,0,28,群益金鼎-開元,2023-10-06,9134
2390,云辰,36,14,22,群益金鼎-開元,2023-10-06,9134
00720B,元大投資級公司債,22,0,22,群益金鼎-開元,2023-10-06,9134
00708L,期元大S＆P黃金正2,20,0,20,群益金鼎-開元,2023-10-06,9134
8222,寶一,20,0,20,群益金鼎-開元,2023-10-06,9134
2535,達欣工,20,0,20,群益金鼎-開元,2023-10-06,9134
2468,華經,38,18,20,群益金鼎-開元,2023-10-06,9134
2618,長榮航,38,19,19,群益金鼎-開元,2023-10-06,9134
9933,中鼎,16,0,16,群益金鼎-開元,2023-10-06,9134
2329,華泰,30,15,15,群益金鼎-開元,2023-10-06,9134
2888,新光金,15,0,15,群益金鼎-開元,2023-10-06,9134
6204,艾華,15,0,15,群益金鼎-開元,2023-10-06,9134
4942,嘉彰,14,0,14,群益金鼎-開元,2023-10-06,9134
4967,十銓,15,2,13,群益金鼎-開元,2023-10-06,9134
6556,勝品,12,0,12,群益金鼎-開元,2023-10-06,9134
3380,明泰,12,0,12,群益金鼎-開元,2023-10-06,9134
6126,信音,26,14,12,群益金鼎-開元,2023-10-06,9134
2486,一詮,35,24,11,群益金鼎-開元,2023-10-06,9134
8064,東捷,11,0,11,群益金鼎-開元,2023-10-06,9134
2609,陽明,19,8,11,群益金鼎-開元,2023-10-06,9134
8429,金麗-KY,10,0,10,群益金鼎-開元,2023-10-06,9134
2415,錩新,12,2,10,群益金鼎-開元,2023-10-06,9134
1101,台泥,10,0,10,群益金鼎-開元,2023-10-06,9134
9110,越南控-DR,10,0,10,群益金鼎-開元,2023-10-06,9134
3011,今皓,10,0,10,群益金鼎-開元,2023-10-06,9134
2451,創見,10,0,10,群益金鼎-開元,2023-10-06,9134
00888,永豐台灣ESG,10,0,10,群益金鼎-開元,2023-10-06,9134
00715L,期街口布蘭特正2,11,1,10,群益金鼎-開元,2023-10-06,9134
5302,太欣,10,0,10,群益金鼎-開元,2023-10-06,9134
8069,元太,21,11,10,群益金鼎-開元,2023-10-06,9134
6274,台燿,21,12,9,群益金鼎-開元,2023-10-06,9134
8093,保銳,9,0,9,群益金鼎-開元,2023-10-06,9134
2301,光寶科,13,5,8,群益金鼎-開元,2023-10-06,9134
5272,笙科,9,1,8,群益金鼎-開元,2023-10-06,9134
2324,仁寶,9,1,8,群益金鼎-開元,2023-10-06,9134
6282,康舒,9,1,8,群益金鼎-開元,2023-10-06,9134
00679B,元大美債20年,8,0,8,群益金鼎-開元,2023-10-06,9134
3051,力特,12,4,8,群益金鼎-開元,2023-10-06,9134
00919,群益台灣精選高息,8,0,8,群益金鼎-開元,2023-10-06,9134
1471,首利,23,15,8,群益金鼎-開元,2023-10-06,9134
3029,零壹,8,1,7,群益金鼎-開元,2023-10-06,9134
2367,燿華,10,3,7,群益金鼎-開元,2023-10-06,9134
3483,力致,15,8,7,群益金鼎-開元,2023-10-06,9134
4164,承業醫,90,0,90,群益金鼎-開元,2023-10-11,9134
5864,致和證,82,0,82,群益金鼎-開元,2023-10-11,9134
3231,緯創,136,58,78,群益金鼎-開元,2023-10-11,9134
8936,國統,70,1,69,群益金鼎-開元,2023-10-11,9134
2025,千興,50,0,50,群益金鼎-開元,2023-10-11,9134
3706,神達,34,1,33,群益金鼎-開元,2023-10-11,9134
4744,皇將,33,7,26,群益金鼎-開元,2023-10-11,9134
3715,定穎投控,43,19,24,群益金鼎-開元,2023-10-11,9134
2609,陽明,28,5,23,群益金鼎-開元,2023-10-11,9134
9933,中鼎,25,4,21,群益金鼎-開元,2023-10-11,9134
2356,英業達,24,4,20,群益金鼎-開元,2023-10-11,9134
6150,撼訊,41,21,20,群益金鼎-開元,2023-10-11,9134
9105,泰金寶-DR,29,10,19,群益金鼎-開元,2023-10-11,9134
00919,群益台灣精選高息,21,2,19,群益金鼎-開元,2023-10-11,9134
2603,長榮,20,1,19,群益金鼎-開元,2023-10-11,9134
6126,信音,17,0,17,群益金鼎-開元,2023-10-11,9134
3035,智原,19,3,16,群益金鼎-開元,2023-10-11,9134
2392,正崴,16,0,16,群益金鼎-開元,2023-10-11,9134
6530,創威,23,8,15,群益金鼎-開元,2023-10-11,9134
3013,晟銘電,50,35,15,群益金鼎-開元,2023-10-11,9134
00632R,元大台灣50反1,15,0,15,群益金鼎-開元,2023-10-11,9134
1326,台化,14,0,14,群益金鼎-開元,2023-10-11,9134
6449,鈺邦,14,0,14,群益金鼎-開元,2023-10-11,9134
2399,映泰,14,1,13,群益金鼎-開元,2023-10-11,9134
2323,中環,12,0,12,群益金鼎-開元,2023-10-11,9134
1218,泰山,12,0,12,群益金鼎-開元,2023-10-11,9134
1609,大亞,16,5,11,群益金鼎-開元,2023-10-11,9134
4162,智擎,19,8,11,群益金鼎-開元,2023-10-11,9134
2401,凌陽,11,0,11,群益金鼎-開元,2023-10-11,9134
2355,敬鵬,15,4,11,群益金鼎-開元,2023-10-11,9134
00712,復華富時不動產,10,0,10,群益金鼎-開元,2023-10-11,9134
4714,永捷,37,27,10,群益金鼎-開元,2023-10-11,9134
4960,誠美材,10,0,10,群益金鼎-開元,2023-10-11,9134
4503,金雨,11,1,10,群益金鼎-開元,2023-10-11,9134
6282,康舒,10,0,10,群益金鼎-開元,2023-10-11,9134
6603,富強鑫,10,0,10,群益金鼎-開元,2023-10-11,9134
3032,偉訓,13,4,9,群益金鼎-開元,2023-10-11,9134
6116,彩晶,10,1,9,群益金鼎-開元,2023-10-11,9134
1752,南光,9,0,9,群益金鼎-開元,2023-10-11,9134
1612,宏泰,8,0,8,群益金鼎-開元,2023-10-11,9134
2409,友達,16,8,8,群益金鼎-開元,2023-10-11,9134
8040,九暘,8,0,8,群益金鼎-開元,2023-10-11,9134
3346,麗清,8,0,8,群益金鼎-開元,2023-10-11,9134
00679B,元大美債20年,9,1,8,群益金鼎-開元,2023-10-11,9134
2354,鴻準,10,2,8,群益金鼎-開元,2023-10-11,9134
6179,亞通,11,3,8,群益金鼎-開元,2023-10-11,9134
2382,廣達,34,27,7,群益金鼎-開元,2023-10-11,9134
3615,安可,7,0,7,群益金鼎-開元,2023-10-11,9134
2605,新興,17,10,7,群益金鼎-開元,2023-10-11,9134
3567,逸昌,13,6,7,群益金鼎-開元,2023-10-11,9134
00632R,元大台灣50反1,120,5,115,群益金鼎-開元,2023-10-12,9134
1233,天仁,40,0,40,群益金鼎-開元,2023-10-12,9134
3013,晟銘電,59,25,34,群益金鼎-開元,2023-10-12,9134
2323,中環,51,17,34,群益金鼎-開元,2023-10-12,9134
3548,兆利,32,7,25,群益金鼎-開元,2023-10-12,9134
00712,復華富時不動產,22,0,22,群益金鼎-開元,2023-10-12,9134
2468,華經,21,0,21,群益金鼎-開元,2023-10-12,9134
2107,厚生,21,0,21,群益金鼎-開元,2023-10-12,9134
2855,統一證,20,0,20,群益金鼎-開元,2023-10-12,9134
2363,矽統,111,93,18,群益金鼎-開元,2023-10-12,9134
4563,百德,18,0,18,群益金鼎-開元,2023-10-12,9134
1609,大亞,18,0,18,群益金鼎-開元,2023-10-12,9134
2002,中鋼,17,0,17,群益金鼎-開元,2023-10-12,9134
2618,長榮航,32,16,16,群益金鼎-開元,2023-10-12,9134
2352,佳世達,15,0,15,群益金鼎-開元,2023-10-12,9134
00720B,元大投資級公司債,15,0,15,群益金鼎-開元,2023-10-12,9134
6245,立端,14,0,14,群益金鼎-開元,2023-10-12,9134
4942,嘉彰,13,0,13,群益金鼎-開元,2023-10-12,9134
2349,錸德,15,4,11,群益金鼎-開元,2023-10-12,9134
5351,鈺創,11,0,11,群益金鼎-開元,2023-10-12,9134
3617,碩天,11,0,11,群益金鼎-開元,2023-10-12,9134
1304,台聚,10,0,10,群益金鼎-開元,2023-10-12,9134
8040,九暘,10,0,10,群益金鼎-開元,2023-10-12,9134
2884,玉山金,20,10,10,群益金鼎-開元,2023-10-12,9134
2610,華航,10,1,9,群益金鼎-開元,2023-10-12,9134
3122,笙泉,33,24,9,群益金鼎-開元,2023-10-12,9134
2355,敬鵬,10,1,9,群益金鼎-開元,2023-10-12,9134
3709,鑫聯大投控,8,0,8,群益金鼎-開元,2023-10-12,9134
3202,樺晟,9,1,8,群益金鼎-開元,2023-10-12,9134
1504,東元,10,2,8,群益金鼎-開元,2023-10-12,9134
4977,眾達-KY,10,2,8,群益金鼎-開元,2023-10-12,9134
00757,統一FANG+,8,0,8,群益金鼎-開元,2023-10-12,9134
2888,新光金,7,0,7,群益金鼎-開元,2023-10-12,9134
6126,信音,6,0,6,群益金鼎-開元,2023-10-12,9134
8176,智捷,8,2,6,群益金鼎-開元,2023-10-12,9134
3325,旭品,10,4,6,群益金鼎-開元,2023-10-12,9134
00631L,元大台灣50正2,8,2,6,群益金鼎-開元,2023-10-12,9134
2408,南亞科,16,10,6,群益金鼎-開元,2023-10-12,9134
5272,笙科,10,4,6,群益金鼎-開元,2023-10-12,9134
00929,復華台灣科技優息,14,9,5,群益金鼎-開元,2023-10-12,9134
00919,群益台灣精選高息,5,0,5,群益金鼎-開元,2023-10-12,9134
4108,懷特,5,0,5,群益金鼎-開元,2023-10-12,9134
2208,台船,5,0,5,群益金鼎-開元,2023-10-12,9134
2337,旺宏,5,0,5,群益金鼎-開元,2023-10-12,9134
3036,文曄,6,1,5,群益金鼎-開元,2023-10-12,9134
6111,大宇資,5,0,5,群益金鼎-開元,2023-10-12,9134
8926,台汽電,5,0,5,群益金鼎-開元,2023-10-12,9134
6449,鈺邦,5,0,5,群益金鼎-開元,2023-10-12,9134
2883,凱基金,21,17,4,群益金鼎-開元,2023-10-12,9134
1522,堤維西,8,4,4,群益金鼎-開元,2023-10-12,9134
6235,華孚,159,11,148,群益金鼎-開元,2023-10-13,9134
6290,良維,120,0,120,群益金鼎-開元,2023-10-13,9134
00680L,元大美債20正2,69,0,69,群益金鼎-開元,2023-10-13,9134
3231,緯創,95,26,69,群益金鼎-開元,2023-10-13,9134
0056,元大高股息,62,2,60,群益金鼎-開元,2023-10-13,9134
2883,凱基金,51,5,46,群益金鼎-開元,2023-10-13,9134
3062,建漢,51,9,42,群益金鼎-開元,2023-10-13,9134
4164,承業醫,40,0,40,群益金鼎-開元,2023-10-13,9134
00878,國泰永續高股息,43,5,38,群益金鼎-開元,2023-10-13,9134
00637L,元大滬深300正2,38,0,38,群益金鼎-開元,2023-10-13,9134
2834,臺企銀,35,0,35,群益金鼎-開元,2023-10-13,9134
4960,誠美材,35,3,32,群益金鼎-開元,2023-10-13,9134
00931B,統一美債20年,29,2,27,群益金鼎-開元,2023-10-13,9134
2301,光寶科,29,6,23,群益金鼎-開元,2023-10-13,9134
00708L,期元大S＆P黃金正2,22,0,22,群益金鼎-開元,2023-10-13,9134
8936,國統,26,6,20,群益金鼎-開元,2023-10-13,9134
6015,宏遠證,20,0,20,群益金鼎-開元,2023-10-13,9134
2538,基泰,30,10,20,群益金鼎-開元,2023-10-13,9134
3494,誠研,17,0,17,群益金鼎-開元,2023-10-13,9134
2353,宏��,19,3,16,群益金鼎-開元,2023-10-13,9134
2618,長榮航,17,1,16,群益金鼎-開元,2023-10-13,9134
3078,僑威,27,12,15,群益金鼎-開元,2023-10-13,9134
2609,陽明,13,1,12,群益金鼎-開元,2023-10-13,9134
9933,中鼎,12,0,12,群益金鼎-開元,2023-10-13,9134
6530,創威,12,1,11,群益金鼎-開元,2023-10-13,9134
2323,中環,16,5,11,群益金鼎-開元,2023-10-13,9134
4105,東洋,12,1,11,群益金鼎-開元,2023-10-13,9134
2380,虹光,11,0,11,群益金鼎-開元,2023-10-13,9134
6239,力成,12,2,10,群益金鼎-開元,2023-10-13,9134
3481,群創,25,15,10,群益金鼎-開元,2023-10-13,9134
1303,南亞,10,0,10,群益金鼎-開元,2023-10-13,9134
8429,金麗-KY,10,0,10,群益金鼎-開元,2023-10-13,9134
3038,全台,10,0,10,群益金鼎-開元,2023-10-13,9134
00687B,國泰20年美債,10,0,10,群益金鼎-開元,2023-10-13,9134
8088,品安,10,0,10,群益金鼎-開元,2023-10-13,9134
2603,長榮,10,0,10,群益金鼎-開元,2023-10-13,9134
00753L,中信中國50正2,10,0,10,群益金鼎-開元,2023-10-13,9134
6215,和椿,10,0,10,群益金鼎-開元,2023-10-13,9134
4714,永捷,10,0,10,群益金鼎-開元,2023-10-13,9134
4942,嘉彰,10,0,10,群益金鼎-開元,2023-10-13,9134
2338,光罩,9,0,9,群益金鼎-開元,2023-10-13,9134
00929,復華台灣科技優息,10,2,8,群益金鼎-開元,2023-10-13,9134
2887,台新金,8,0,8,群益金鼎-開元,2023-10-13,9134
2324,仁寶,15,7,8,群益金鼎-開元,2023-10-13,9134
2402,毅嘉,7,0,7,群益金鼎-開元,2023-10-13,9134
3545,敦泰,7,0,7,群益金鼎-開元,2023-10-13,9134
2382,廣達,52,46,6,群益金鼎-開元,2023-10-13,9134
9945,潤泰新,6,0,6,群益金鼎-開元,2023-10-13,9134
00915,凱基優選高股息30,6,0,6,群益金鼎-開元,2023-10-13,9134
8068,全達,7,1,6,群益金鼎-開元,2023-10-13,9134
3548,兆利,146,2,144,群益金鼎-開元,2023-10-16,9134
2402,毅嘉,80,0,80,群益金鼎-開元,2023-10-16,9134
1605,華新,76,23,53,群益金鼎-開元,2023-10-16,9134
2344,華邦電,50,10,40,群益金鼎-開元,2023-10-16,9134
2425,承啟,49,12,37,群益金鼎-開元,2023-10-16,9134
1609,大亞,37,0,37,群益金鼎-開元,2023-10-16,9134
2515,中工,142,106,36,群益金鼎-開元,2023-10-16,9134
0056,元大高股息,35,0,35,群益金鼎-開元,2023-10-16,9134
00929,復華台灣科技優息,35,1,34,群益金鼎-開元,2023-10-16,9134
2323,中環,31,0,31,群益金鼎-開元,2023-10-16,9134
00715L,期街口布蘭特正2,31,0,31,群益金鼎-開元,2023-10-16,9134
00680L,元大美債20正2,30,0,30,群益金鼎-開元,2023-10-16,9134
2356,英業達,31,3,28,群益金鼎-開元,2023-10-16,9134
6806,森崴能源,25,0,25,群益金鼎-開元,2023-10-16,9134
2705,六福,20,0,20,群益金鼎-開元,2023-10-16,9134
3706,神達,21,3,18,群益金鼎-開元,2023-10-16,9134
00919,群益台灣精選高息,18,0,18,群益金鼎-開元,2023-10-16,9134
5009,榮剛,16,0,16,群益金鼎-開元,2023-10-16,9134
3494,誠研,16,0,16,群益金鼎-開元,2023-10-16,9134
6770,力積電,19,4,15,群益金鼎-開元,2023-10-16,9134
5531,鄉林,18,3,15,群益金鼎-開元,2023-10-16,9134
2363,矽統,156,141,15,群益金鼎-開元,2023-10-16,9134
00665L,富邦�琤肭磪囓�2,14,0,14,群益金鼎-開元,2023-10-16,9134
6116,彩晶,20,7,13,群益金鼎-開元,2023-10-16,9134
2354,鴻準,12,0,12,群益金鼎-開元,2023-10-16,9134
4960,誠美材,23,11,12,群益金鼎-開元,2023-10-16,9134
00753L,中信中國50正2,12,0,12,群益金鼎-開元,2023-10-16,9134
00637L,元大滬深300正2,12,0,12,群益金鼎-開元,2023-10-16,9134
00922,國泰台灣領袖50,12,0,12,群益金鼎-開元,2023-10-16,9134
4908,前鼎,26,14,12,群益金鼎-開元,2023-10-16,9134
3032,偉訓,11,1,10,群益金鼎-開元,2023-10-16,9134
4164,承業醫,10,0,10,群益金鼎-開元,2023-10-16,9134
6449,鈺邦,9,0,9,群益金鼎-開元,2023-10-16,9134
2340,台亞,9,0,9,群益金鼎-開元,2023-10-16,9134
6792,詠業,9,0,9,群益金鼎-開元,2023-10-16,9134
00687B,國泰20年美債,9,0,9,群益金鼎-開元,2023-10-16,9134
8050,廣積,10,2,8,群益金鼎-開元,2023-10-16,9134
2324,仁寶,9,2,7,群益金鼎-開元,2023-10-16,9134
1301,台塑,7,0,7,群益金鼎-開元,2023-10-16,9134
1560,中砂,7,0,7,群益金鼎-開元,2023-10-16,9134
2453,凌群,9,2,7,群益金鼎-開元,2023-10-16,9134
6239,力成,7,0,7,群益金鼎-開元,2023-10-16,9134
2330,台積電,14,7,7,群益金鼎-開元,2023-10-16,9134
3122,笙泉,9,2,7,群益金鼎-開元,2023-10-16,9134
1303,南亞,6,0,6,群益金鼎-開元,2023-10-16,9134
2206,三陽工業,6,0,6,群益金鼎-開元,2023-10-16,9134
1525,江申,16,10,6,群益金鼎-開元,2023-10-16,9134
5425,台半,8,2,6,群益金鼎-開元,2023-10-16,9134
3231,緯創,33,27,6,群益金鼎-開元,2023-10-16,9134
1314,中石化,18,12,6,群益金鼎-開元,2023-10-16,9134
0056,元大高股息,67,7,60,群益金鼎-開元,2023-10-17,9134
6290,良維,55,4,51,群益金鼎-開元,2023-10-17,9134
1504,東元,50,1,49,群益金鼎-開元,2023-10-17,9134
00878,國泰永續高股息,46,1,45,群益金鼎-開元,2023-10-17,9134
00720B,元大投資級公司債,41,0,41,群益金鼎-開元,2023-10-17,9134
3231,緯創,85,48,37,群益金鼎-開元,2023-10-17,9134
1815,富喬,37,0,37,群益金鼎-開元,2023-10-17,9134
3715,定穎投控,47,10,37,群益金鼎-開元,2023-10-17,9134
2610,華航,37,2,35,群益金鼎-開元,2023-10-17,9134
9945,潤泰新,35,2,33,群益金鼎-開元,2023-10-17,9134
2323,中環,34,1,33,群益金鼎-開元,2023-10-17,9134
1524,耿鼎,31,1,30,群益金鼎-開元,2023-10-17,9134
1609,大亞,26,0,26,群益金鼎-開元,2023-10-17,9134
5864,致和證,24,0,24,群益金鼎-開元,2023-10-17,9134
4164,承業醫,20,0,20,群益金鼎-開元,2023-10-17,9134
6548,長科*,20,0,20,群益金鼎-開元,2023-10-17,9134
2834,臺企銀,20,0,20,群益金鼎-開元,2023-10-17,9134
2332,友訊,20,1,19,群益金鼎-開元,2023-10-17,9134
2313,華通,29,10,19,群益金鼎-開元,2023-10-17,9134
3305,昇貿,41,23,18,群益金鼎-開元,2023-10-17,9134
2402,毅嘉,32,16,16,群益金鼎-開元,2023-10-17,9134
2201,裕隆,16,0,16,群益金鼎-開元,2023-10-17,9134
6806,森崴能源,17,2,15,群益金鼎-開元,2023-10-17,9134
6116,彩晶,15,0,15,群益金鼎-開元,2023-10-17,9134
00632R,元大台灣50反1,30,15,15,群益金鼎-開元,2023-10-17,9134
2329,華泰,19,5,14,群益金鼎-開元,2023-10-17,9134
2369,菱生,48,35,13,群益金鼎-開元,2023-10-17,9134
3363,上詮,25,12,13,群益金鼎-開元,2023-10-17,9134
2618,長榮航,17,5,12,群益金鼎-開元,2023-10-17,9134
6530,創威,16,4,12,群益金鼎-開元,2023-10-17,9134
2353,宏��,13,1,12,群益金鼎-開元,2023-10-17,9134
00687B,國泰20年美債,12,0,12,群益金鼎-開元,2023-10-17,9134
8176,智捷,13,1,12,群益金鼎-開元,2023-10-17,9134
8927,北基,12,0,12,群益金鼎-開元,2023-10-17,9134
8054,安國,20,9,11,群益金鼎-開元,2023-10-17,9134
2352,佳世達,11,0,11,群益金鼎-開元,2023-10-17,9134
9105,泰金寶-DR,11,0,11,群益金鼎-開元,2023-10-17,9134
8112,至上,10,0,10,群益金鼎-開元,2023-10-17,9134
1809,中釉,10,0,10,群益金鼎-開元,2023-10-17,9134
2349,錸德,10,0,10,群益金鼎-開元,2023-10-17,9134
00751B,元大AAA至A公司債,9,0,9,群益金鼎-開元,2023-10-17,9134
4744,皇將,9,0,9,群益金鼎-開元,2023-10-17,9134
00891,中信關鍵半導體,10,2,8,群益金鼎-開元,2023-10-17,9134
2609,陽明,10,2,8,群益金鼎-開元,2023-10-17,9134
2489,瑞軒,8,0,8,群益金鼎-開元,2023-10-17,9134
00679B,元大美債20年,10,2,8,群益金鼎-開元,2023-10-17,9134
00931B,統一美債20年,17,10,7,群益金鼎-開元,2023-10-17,9134
3264,欣銓,7,0,7,群益金鼎-開元,2023-10-17,9134
00927,群益半導體收益,7,0,7,群益金鼎-開元,2023-10-17,9134
8069,元太,7,0,7,群益金鼎-開元,2023-10-17,9134
00878,國泰永續高股息,154,9,145,群益金鼎-開元,2023-10-18,9134
00929,復華台灣科技優息,138,11,127,群益金鼎-開元,2023-10-18,9134
0056,元大高股息,125,5,120,群益金鼎-開元,2023-10-18,9134
3048,益登,100,0,100,群益金鼎-開元,2023-10-18,9134
2538,基泰,100,0,100,群益金鼎-開元,2023-10-18,9134
1815,富喬,120,28,92,群益金鼎-開元,2023-10-18,9134
6290,良維,81,0,81,群益金鼎-開元,2023-10-18,9134
5864,致和證,70,0,70,群益金鼎-開元,2023-10-18,9134
6015,宏遠證,55,0,55,群益金鼎-開元,2023-10-18,9134
3094,聯傑,49,3,46,群益金鼎-開元,2023-10-18,9134
00922,國泰台灣領袖50,46,0,46,群益金鼎-開元,2023-10-18,9134
9945,潤泰新,41,0,41,群益金鼎-開元,2023-10-18,9134
00919,群益台灣精選高息,41,0,41,群益金鼎-開元,2023-10-18,9134
4960,誠美材,31,0,31,群益金鼎-開元,2023-10-18,9134
9933,中鼎,29,0,29,群益金鼎-開元,2023-10-18,9134
1304,台聚,30,2,28,群益金鼎-開元,2023-10-18,9134
1101,台泥,26,0,26,群益金鼎-開元,2023-10-18,9134
00751B,元大AAA至A公司債,21,0,21,群益金鼎-開元,2023-10-18,9134
00720B,元大投資級公司債,21,0,21,群益金鼎-開元,2023-10-18,9134
2352,佳世達,23,2,21,群益金鼎-開元,2023-10-18,9134
3706,神達,20,0,20,群益金鼎-開元,2023-10-18,9134
9919,康那香,20,0,20,群益金鼎-開元,2023-10-18,9134
3234,光環,20,0,20,群益金鼎-開元,2023-10-18,9134
2610,華航,24,5,19,群益金鼎-開元,2023-10-18,9134
2002,中鋼,20,1,19,群益金鼎-開元,2023-10-18,9134
3346,麗清,19,1,18,群益金鼎-開元,2023-10-18,9134
00881,國泰台灣5G+,17,0,17,群益金鼎-開元,2023-10-18,9134
2498,宏達電,18,2,16,群益金鼎-開元,2023-10-18,9134
6126,信音,16,0,16,群益金鼎-開元,2023-10-18,9134
6168,宏齊,53,38,15,群益金鼎-開元,2023-10-18,9134
1524,耿鼎,20,5,15,群益金鼎-開元,2023-10-18,9134
6274,台燿,19,4,15,群益金鼎-開元,2023-10-18,9134
3260,威剛,32,17,15,群益金鼎-開元,2023-10-18,9134
2618,長榮航,23,9,14,群益金鼎-開元,2023-10-18,9134
00931B,統一美債20年,14,0,14,群益金鼎-開元,2023-10-18,9134
2906,高林,14,0,14,群益金鼎-開元,2023-10-18,9134
3481,群創,16,3,13,群益金鼎-開元,2023-10-18,9134
8054,安國,22,9,13,群益金鼎-開元,2023-10-18,9134
6770,力積電,15,2,13,群益金鼎-開元,2023-10-18,9134
6603,富強鑫,13,0,13,群益金鼎-開元,2023-10-18,9134
4536,拓凱,12,0,12,群益金鼎-開元,2023-10-18,9134
3276,宇環,12,1,11,群益金鼎-開元,2023-10-18,9134
2313,華通,33,22,11,群益金鼎-開元,2023-10-18,9134
9950,萬國通,11,1,10,群益金鼎-開元,2023-10-18,9134
4164,承業醫,10,0,10,群益金鼎-開元,2023-10-18,9134
2888,新光金,10,0,10,群益金鼎-開元,2023-10-18,9134
3035,智原,17,7,10,群益金鼎-開元,2023-10-18,9134
1455,集盛,10,0,10,群益金鼎-開元,2023-10-18,9134
6202,盛群,10,0,10,群益金鼎-開元,2023-10-18,9134
2344,華邦電,10,0,10,群益金鼎-開元,2023-10-18,9134
00632R,元大台灣50反1,100,25,75,群益金鼎-開元,2023-10-19,9134
00933B,國泰10Y+金融債,83,9,74,群益金鼎-開元,2023-10-19,9134
0056,元大高股息,73,0,73,群益金鼎-開元,2023-10-19,9134
00637L,元大滬深300正2,72,1,71,群益金鼎-開元,2023-10-19,9134
00687B,國泰20年美債,60,0,60,群益金鼎-開元,2023-10-19,9134
00893,國泰智能電動車,55,0,55,群益金鼎-開元,2023-10-19,9134
00878,國泰永續高股息,46,3,43,群益金鼎-開元,2023-10-19,9134
4164,承業醫,40,0,40,群益金鼎-開元,2023-10-19,9134
3715,定穎投控,92,53,39,群益金鼎-開元,2023-10-19,9134
2402,毅嘉,37,0,37,群益金鼎-開元,2023-10-19,9134
3276,宇環,37,4,33,群益金鼎-開元,2023-10-19,9134
2606,裕民,28,0,28,群益金鼎-開元,2023-10-19,9134
3231,緯創,73,46,27,群益金鼎-開元,2023-10-19,9134
00885,富邦越南,27,0,27,群益金鼎-開元,2023-10-19,9134
1324,地球,62,37,25,群益金鼎-開元,2023-10-19,9134
9945,潤泰新,24,0,24,群益金鼎-開元,2023-10-19,9134
2353,宏��,24,1,23,群益金鼎-開元,2023-10-19,9134
5381,合正,22,0,22,群益金鼎-開元,2023-10-19,9134
00882,中信中國高股息,21,0,21,群益金鼎-開元,2023-10-19,9134
3617,碩天,20,0,20,群益金鼎-開元,2023-10-19,9134
3672,康聯訊,20,0,20,群益金鼎-開元,2023-10-19,9134
2002,中鋼,26,7,19,群益金鼎-開元,2023-10-19,9134
2328,廣宇,18,0,18,群益金鼎-開元,2023-10-19,9134
2409,友達,17,0,17,群益金鼎-開元,2023-10-19,9134
00679B,元大美債20年,20,3,17,群益金鼎-開元,2023-10-19,9134
1504,東元,18,2,16,群益金鼎-開元,2023-10-19,9134
00665L,富邦�琤肭磪囓�2,45,30,15,群益金鼎-開元,2023-10-19,9134
00929,復華台灣科技優息,15,0,15,群益金鼎-開元,2023-10-19,9134
2344,華邦電,16,2,14,群益金鼎-開元,2023-10-19,9134
4536,拓凱,14,0,14,群益金鼎-開元,2023-10-19,9134
1609,大亞,15,1,14,群益金鼎-開元,2023-10-19,9134
00795B,中信美國公債20年,14,0,14,群益金鼎-開元,2023-10-19,9134
2317,鴻海,13,0,13,群益金鼎-開元,2023-10-19,9134
00931B,統一美債20年,23,10,13,群益金鼎-開元,2023-10-19,9134
1304,台聚,13,0,13,群益金鼎-開元,2023-10-19,9134
6148,驊宏資,14,2,12,群益金鼎-開元,2023-10-19,9134
4401,東隆興,10,0,10,群益金鼎-開元,2023-10-19,9134
8064,東捷,10,0,10,群益金鼎-開元,2023-10-19,9134
1444,力麗,30,20,10,群益金鼎-開元,2023-10-19,9134
1802,台玻,12,2,10,群益金鼎-開元,2023-10-19,9134
4938,和碩,10,0,10,群益金鼎-開元,2023-10-19,9134
3011,今皓,10,0,10,群益金鼎-開元,2023-10-19,9134
00772B,中信高評級公司債,9,0,9,群益金鼎-開元,2023-10-19,9134
00753L,中信中國50正2,8,0,8,群益金鼎-開元,2023-10-19,9134
6530,創威,40,32,8,群益金鼎-開元,2023-10-19,9134
00751B,元大AAA至A公司債,8,0,8,群益金鼎-開元,2023-10-19,9134
1514,亞力,8,1,7,群益金鼎-開元,2023-10-19,9134
2609,陽明,15,8,7,群益金鼎-開元,2023-10-19,9134
00712,復華富時不動產,7,0,7,群益金鼎-開元,2023-10-19,9134
6223,旺矽,7,0,7,群益金鼎-開元,2023-10-19,9134
5864,致和證,78,0,78,群益金鼎-開元,2023-10-20,9134
00712,復華富時不動產,71,0,71,群益金鼎-開元,2023-10-20,9134
2374,佳能,65,0,65,群益金鼎-開元,2023-10-20,9134
1781,合世,50,0,50,群益金鼎-開元,2023-10-20,9134
00929,復華台灣科技優息,50,1,49,群益金鼎-開元,2023-10-20,9134
2883,凱基金,51,4,47,群益金鼎-開元,2023-10-20,9134
1216,統一,43,1,42,群益金鼎-開元,2023-10-20,9134
6290,良維,44,2,42,群益金鼎-開元,2023-10-20,9134
0056,元大高股息,36,1,35,群益金鼎-開元,2023-10-20,9134
2610,華航,41,8,33,群益金鼎-開元,2023-10-20,9134
2820,華票,32,0,32,群益金鼎-開元,2023-10-20,9134
00878,國泰永續高股息,35,7,28,群益金鼎-開元,2023-10-20,9134
2891,中信金,28,0,28,群益金鼎-開元,2023-10-20,9134
2390,云辰,32,4,28,群益金鼎-開元,2023-10-20,9134
2634,漢翔,26,1,25,群益金鼎-開元,2023-10-20,9134
00720B,元大投資級公司債,25,0,25,群益金鼎-開元,2023-10-20,9134
2402,毅嘉,21,0,21,群益金鼎-開元,2023-10-20,9134
00882,中信中國高股息,20,0,20,群益金鼎-開元,2023-10-20,9134
9945,潤泰新,20,0,20,群益金鼎-開元,2023-10-20,9134
2353,宏��,31,13,18,群益金鼎-開元,2023-10-20,9134
1609,大亞,27,10,17,群益金鼎-開元,2023-10-20,9134
00931B,統一美債20年,17,0,17,群益金鼎-開元,2023-10-20,9134
8433,弘帆,17,0,17,群益金鼎-開元,2023-10-20,9134
2409,友達,21,5,16,群益金鼎-開元,2023-10-20,9134
1785,光洋科,30,14,16,群益金鼎-開元,2023-10-20,9134
5371,中光電,15,0,15,群益金鼎-開元,2023-10-20,9134
1101,台泥,14,0,14,群益金鼎-開元,2023-10-20,9134
00919,群益台灣精選高息,14,0,14,群益金鼎-開元,2023-10-20,9134
2002,中鋼,21,7,14,群益金鼎-開元,2023-10-20,9134
1446,宏和,14,0,14,群益金鼎-開元,2023-10-20,9134
2344,華邦電,14,0,14,群益金鼎-開元,2023-10-20,9134
6770,力積電,20,7,13,群益金鼎-開元,2023-10-20,9134
3276,宇環,16,3,13,群益金鼎-開元,2023-10-20,9134
3025,星通,163,150,13,群益金鼎-開元,2023-10-20,9134
2637,慧洋-KY,13,0,13,群益金鼎-開元,2023-10-20,9134
9950,萬國通,43,31,12,群益金鼎-開元,2023-10-20,9134
2105,正新,12,0,12,群益金鼎-開元,2023-10-20,9134
2886,兆豐金,12,0,12,群益金鼎-開元,2023-10-20,9134
1605,華新,12,0,12,群益金鼎-開元,2023-10-20,9134
1337,再生-KY,13,1,12,群益金鼎-開元,2023-10-20,9134
6477,安集,13,1,12,群益金鼎-開元,2023-10-20,9134
2399,映泰,12,0,12,群益金鼎-開元,2023-10-20,9134
8176,智捷,12,0,12,群益金鼎-開元,2023-10-20,9134
2882,國泰金,11,0,11,群益金鼎-開元,2023-10-20,9134
2929,淘帝-KY,11,0,11,群益金鼎-開元,2023-10-20,9134
3694,海華,14,3,11,群益金鼎-開元,2023-10-20,9134
3689,湧德,11,0,11,群益金鼎-開元,2023-10-20,9134
5272,笙科,13,2,11,群益金鼎-開元,2023-10-20,9134
2312,金寶,11,0,11,群益金鼎-開元,2023-10-20,9134
4960,誠美材,10,0,10,群益金鼎-開元,2023-10-20,9134
3051,力特,75,6,69,群益金鼎-開元,2023-10-23,9134
1316,上曜,45,0,45,群益金鼎-開元,2023-10-23,9134
2409,友達,45,1,44,群益金鼎-開元,2023-10-23,9134
00878,國泰永續高股息,47,4,43,群益金鼎-開元,2023-10-23,9134
2317,鴻海,50,12,38,群益金鼎-開元,2023-10-23,9134
3041,揚智,36,3,33,群益金鼎-開元,2023-10-23,9134
5531,鄉林,63,30,33,群益金鼎-開元,2023-10-23,9134
2637,慧洋-KY,29,0,29,群益金鼎-開元,2023-10-23,9134
6290,良維,39,11,28,群益金鼎-開元,2023-10-23,9134
2891,中信金,27,0,27,群益金鼎-開元,2023-10-23,9134
00712,復華富時不動產,25,0,25,群益金鼎-開元,2023-10-23,9134
00919,群益台灣精選高息,34,10,24,群益金鼎-開元,2023-10-23,9134
2610,華航,21,1,20,群益金鼎-開元,2023-10-23,9134
2330,台積電,16,0,16,群益金鼎-開元,2023-10-23,9134
00929,復華台灣科技優息,15,0,15,群益金鼎-開元,2023-10-23,9134
00931B,統一美債20年,14,0,14,群益金鼎-開元,2023-10-23,9134
2107,厚生,14,0,14,群益金鼎-開元,2023-10-23,9134
4938,和碩,14,0,14,群益金鼎-開元,2023-10-23,9134
2002,中鋼,13,0,13,群益金鼎-開元,2023-10-23,9134
5009,榮剛,13,1,12,群益金鼎-開元,2023-10-23,9134
1233,天仁,12,0,12,群益金鼎-開元,2023-10-23,9134
8150,南茂,18,7,11,群益金鼎-開元,2023-10-23,9134
2834,臺企銀,11,0,11,群益金鼎-開元,2023-10-23,9134
3032,偉訓,13,2,11,群益金鼎-開元,2023-10-23,9134
4743,合一,15,5,10,群益金鼎-開元,2023-10-23,9134
00751B,元大AAA至A公司債,10,0,10,群益金鼎-開元,2023-10-23,9134
2515,中工,30,20,10,群益金鼎-開元,2023-10-23,9134
0056,元大高股息,10,0,10,群益金鼎-開元,2023-10-23,9134
3231,緯創,35,26,9,群益金鼎-開元,2023-10-23,9134
2230,泰茂,9,0,9,群益金鼎-開元,2023-10-23,9134
6182,合晶,10,1,9,群益金鼎-開元,2023-10-23,9134
2449,京元電子,10,1,9,群益金鼎-開元,2023-10-23,9134
6477,安集,8,0,8,群益金鼎-開元,2023-10-23,9134
6015,宏遠證,8,0,8,群益金鼎-開元,2023-10-23,9134
8110,華東,11,4,7,群益金鼎-開元,2023-10-23,9134
00687B,國泰20年美債,7,0,7,群益金鼎-開元,2023-10-23,9134
1568,倉佑,26,19,7,群益金鼎-開元,2023-10-23,9134
6282,康舒,7,0,7,群益金鼎-開元,2023-10-23,9134
2885,元大金,7,0,7,群益金鼎-開元,2023-10-23,9134
3105,穩懋,6,0,6,群益金鼎-開元,2023-10-23,9134
3033,威健,6,0,6,群益金鼎-開元,2023-10-23,9134
2356,英業達,7,1,6,群益金鼎-開元,2023-10-23,9134
6114,久威,7,1,6,群益金鼎-開元,2023-10-23,9134
00900,富邦特選高股息30,6,0,6,群益金鼎-開元,2023-10-23,9134
6245,立端,5,0,5,群益金鼎-開元,2023-10-23,9134
2305,全友,42,37,5,群益金鼎-開元,2023-10-23,9134
5521,工信,5,0,5,群益金鼎-開元,2023-10-23,9134
00680L,元大美債20正2,5,0,5,群益金鼎-開元,2023-10-23,9134
00637L,元大滬深300正2,5,0,5,群益金鼎-開元,2023-10-23,9134
6148,驊宏資,5,0,5,群益金鼎-開元,2023-10-23,9134
00632R,元大台灣50反1,80,10,70,群益金鼎-開元,2023-10-24,9134
2317,鴻海,71,16,55,群益金鼎-開元,2023-10-24,9134
00712,復華富時不動產,53,0,53,群益金鼎-開元,2023-10-24,9134
8110,華東,58,9,49,群益金鼎-開元,2023-10-24,9134
3481,群創,48,1,47,群益金鼎-開元,2023-10-24,9134
2002,中鋼,38,0,38,群益金鼎-開元,2023-10-24,9134
2369,菱生,115,79,36,群益金鼎-開元,2023-10-24,9134
2371,大同,34,0,34,群益金鼎-開元,2023-10-24,9134
2201,裕隆,30,0,30,群益金鼎-開元,2023-10-24,9134
8936,國統,50,22,28,群益金鼎-開元,2023-10-24,9134
2834,臺企銀,27,0,27,群益金鼎-開元,2023-10-24,9134
00687B,國泰20年美債,27,0,27,群益金鼎-開元,2023-10-24,9134
00919,群益台灣精選高息,32,6,26,群益金鼎-開元,2023-10-24,9134
1721,三晃,28,2,26,群益金鼎-開元,2023-10-24,9134
5348,正能量智能,25,0,25,群益金鼎-開元,2023-10-24,9134
00929,復華台灣科技優息,33,8,25,群益金鼎-開元,2023-10-24,9134
2409,友達,22,0,22,群益金鼎-開元,2023-10-24,9134
2331,精英,21,0,21,群益金鼎-開元,2023-10-24,9134
9950,萬國通,20,0,20,群益金鼎-開元,2023-10-24,9134
1303,南亞,20,0,20,群益金鼎-開元,2023-10-24,9134
2374,佳能,20,0,20,群益金鼎-開元,2023-10-24,9134
00878,國泰永續高股息,28,10,18,群益金鼎-開元,2023-10-24,9134
3715,定穎投控,73,57,16,群益金鼎-開元,2023-10-24,9134
6142,友勁,15,0,15,群益金鼎-開元,2023-10-24,9134
3710,連展投控,15,0,15,群益金鼎-開元,2023-10-24,9134
9105,泰金寶-DR,15,0,15,群益金鼎-開元,2023-10-24,9134
6156,松上,13,0,13,群益金鼎-開元,2023-10-24,9134
1101,台泥,14,1,13,群益金鼎-開元,2023-10-24,9134
6026,福邦證,12,0,12,群益金鼎-開元,2023-10-24,9134
2390,云辰,26,15,11,群益金鼎-開元,2023-10-24,9134
2421,建準,12,1,11,群益金鼎-開元,2023-10-24,9134
3372,典範,22,11,11,群益金鼎-開元,2023-10-24,9134
4401,東隆興,19,8,11,群益金鼎-開元,2023-10-24,9134
3163,波若威,14,3,11,群益金鼎-開元,2023-10-24,9134
3035,智原,19,8,11,群益金鼎-開元,2023-10-24,9134
5880,合庫金,10,0,10,群益金鼎-開元,2023-10-24,9134
5009,榮剛,10,0,10,群益金鼎-開元,2023-10-24,9134
5864,致和證,10,0,10,群益金鼎-開元,2023-10-24,9134
3268,海德威,11,1,10,群益金鼎-開元,2023-10-24,9134
1605,華新,10,0,10,群益金鼎-開元,2023-10-24,9134
1909,榮成,9,0,9,群益金鼎-開元,2023-10-24,9134
2883,凱基金,47,39,8,群益金鼎-開元,2023-10-24,9134
3037,欣興,10,2,8,群益金鼎-開元,2023-10-24,9134
1319,東陽,8,0,8,群益金鼎-開元,2023-10-24,9134
00933B,國泰10Y+金融債,8,0,8,群益金鼎-開元,2023-10-24,9134
8176,智捷,11,3,8,群益金鼎-開元,2023-10-24,9134
1301,台塑,7,0,7,群益金鼎-開元,2023-10-24,9134
2891,中信金,7,0,7,群益金鼎-開元,2023-10-24,9134
2603,長榮,7,0,7,群益金鼎-開元,2023-10-24,9134
2887,台新金,6,0,6,群益金鼎-開元,2023-10-24,9134
8433,弘帆,78,0,78,群益金鼎-開元,2023-10-25,9134
2892,第一金,61,0,61,群益金鼎-開元,2023-10-25,9134
6142,友勁,40,0,40,群益金鼎-開元,2023-10-25,9134
4960,誠美材,41,5,36,群益金鼎-開元,2023-10-25,9134
2313,華通,42,13,29,群益金鼎-開元,2023-10-25,9134
3013,晟銘電,45,18,27,群益金鼎-開元,2023-10-25,9134
5203,訊連,25,0,25,群益金鼎-開元,2023-10-25,9134
00632R,元大台灣50反1,25,0,25,群益金鼎-開元,2023-10-25,9134
3276,宇環,23,2,21,群益金鼎-開元,2023-10-25,9134
00673R,期元大S＆P原油反1,18,0,18,群益金鼎-開元,2023-10-25,9134
2337,旺宏,16,0,16,群益金鼎-開元,2023-10-25,9134
00905,FT臺灣Smart,16,0,16,群益金鼎-開元,2023-10-25,9134
1727,中華化,20,4,16,群益金鼎-開元,2023-10-25,9134
1504,東元,15,0,15,群益金鼎-開元,2023-10-25,9134
2317,鴻海,18,4,14,群益金鼎-開元,2023-10-25,9134
2637,慧洋-KY,14,0,14,群益金鼎-開元,2023-10-25,9134
00712,復華富時不動產,14,0,14,群益金鼎-開元,2023-10-25,9134
6290,良維,15,2,13,群益金鼎-開元,2023-10-25,9134
2376,技嘉,19,7,12,群益金鼎-開元,2023-10-25,9134
2609,陽明,14,2,12,群益金鼎-開元,2023-10-25,9134
4162,智擎,14,2,12,群益金鼎-開元,2023-10-25,9134
5302,太欣,12,0,12,群益金鼎-開元,2023-10-25,9134
6182,合晶,12,1,11,群益金鼎-開元,2023-10-25,9134
3481,群創,15,4,11,群益金鼎-開元,2023-10-25,9134
3035,智原,17,6,11,群益金鼎-開元,2023-10-25,9134
2607,榮運,11,0,11,群益金鼎-開元,2023-10-25,9134
5009,榮剛,10,0,10,群益金鼎-開元,2023-10-25,9134
1711,永光,10,0,10,群益金鼎-開元,2023-10-25,9134
6168,宏齊,12,2,10,群益金鼎-開元,2023-10-25,9134
3011,今皓,10,0,10,群益金鼎-開元,2023-10-25,9134
2461,光群雷,10,0,10,群益金鼎-開元,2023-10-25,9134
3058,立德,10,0,10,群益金鼎-開元,2023-10-25,9134
1101,台泥,10,0,10,群益金鼎-開元,2023-10-25,9134
3051,力特,12,2,10,群益金鼎-開元,2023-10-25,9134
2344,華邦電,14,5,9,群益金鼎-開元,2023-10-25,9134
6284,佳邦,10,2,8,群益金鼎-開元,2023-10-25,9134
2324,仁寶,8,1,7,群益金鼎-開元,2023-10-25,9134
2427,三商電,72,65,7,群益金鼎-開元,2023-10-25,9134
2915,潤泰全,7,0,7,群益金鼎-開元,2023-10-25,9134
1514,亞力,10,3,7,群益金鼎-開元,2023-10-25,9134
00687B,國泰20年美債,7,1,6,群益金鼎-開元,2023-10-25,9134
2516,新建,6,0,6,群益金鼎-開元,2023-10-25,9134
00679B,元大美債20年,8,2,6,群益金鼎-開元,2023-10-25,9134
2329,華泰,6,0,6,群益金鼎-開元,2023-10-25,9134
3048,益登,6,0,6,群益金鼎-開元,2023-10-25,9134
2610,華航,7,1,6,群益金鼎-開元,2023-10-25,9134
2834,臺企銀,6,0,6,群益金鼎-開元,2023-10-25,9134
3231,緯創,34,28,6,群益金鼎-開元,2023-10-25,9134
1795,美時,11,5,6,群益金鼎-開元,2023-10-25,9134
00929,復華台灣科技優息,7,2,5,群益金鼎-開元,2023-10-25,9134
2891,中信金,164,53,111,群益金鼎-開元,2023-10-26,9134
5347,世界,94,1,93,群益金鼎-開元,2023-10-26,9134
6133,金橋,85,7,78,群益金鼎-開元,2023-10-26,9134
00929,復華台灣科技優息,95,21,74,群益金鼎-開元,2023-10-26,9134
3481,群創,66,0,66,群益金鼎-開元,2023-10-26,9134
2303,聯電,72,18,54,群益金鼎-開元,2023-10-26,9134
2883,凱基金,50,6,44,群益金鼎-開元,2023-10-26,9134
00687B,國泰20年美債,43,0,43,群益金鼎-開元,2023-10-26,9134
00878,國泰永續高股息,40,1,39,群益金鼎-開元,2023-10-26,9134
00885,富邦越南,39,0,39,群益金鼎-開元,2023-10-26,9134
2417,圓剛,39,0,39,群益金鼎-開元,2023-10-26,9134
1605,華新,38,1,37,群益金鼎-開元,2023-10-26,9134
00712,復華富時不動產,34,0,34,群益金鼎-開元,2023-10-26,9134
9938,百和,33,0,33,群益金鼎-開元,2023-10-26,9134
2390,云辰,60,27,33,群益金鼎-開元,2023-10-26,9134
00927,群益半導體收益,28,0,28,群益金鼎-開元,2023-10-26,9134
00919,群益台灣精選高息,33,5,28,群益金鼎-開元,2023-10-26,9134
00931B,統一美債20年,26,0,26,群益金鼎-開元,2023-10-26,9134
00680L,元大美債20正2,25,0,25,群益金鼎-開元,2023-10-26,9134
00933B,國泰10Y+金融債,24,0,24,群益金鼎-開元,2023-10-26,9134
0056,元大高股息,33,10,23,群益金鼎-開元,2023-10-26,9134
5531,鄉林,24,1,23,群益金鼎-開元,2023-10-26,9134
3105,穩懋,22,0,22,群益金鼎-開元,2023-10-26,9134
3032,偉訓,20,0,20,群益金鼎-開元,2023-10-26,9134
00900,富邦特選高股息30,17,0,17,群益金鼎-開元,2023-10-26,9134
5371,中光電,25,8,17,群益金鼎-開元,2023-10-26,9134
2618,長榮航,20,3,17,群益金鼎-開元,2023-10-26,9134
2305,全友,18,1,17,群益金鼎-開元,2023-10-26,9134
6290,良維,40,23,17,群益金鼎-開元,2023-10-26,9134
2344,華邦電,28,11,17,群益金鼎-開元,2023-10-26,9134
0050,元大台灣50,16,0,16,群益金鼎-開元,2023-10-26,9134
00665L,富邦�琤肭磪囓�2,15,0,15,群益金鼎-開元,2023-10-26,9134
2330,台積電,16,2,14,群益金鼎-開元,2023-10-26,9134
8358,金居,19,5,14,群益金鼎-開元,2023-10-26,9134
00893,國泰智能電動車,14,0,14,群益金鼎-開元,2023-10-26,9134
9945,潤泰新,13,0,13,群益金鼎-開元,2023-10-26,9134
2317,鴻海,22,10,12,群益金鼎-開元,2023-10-26,9134
2337,旺宏,12,0,12,群益金鼎-開元,2023-10-26,9134
3406,玉晶光,11,0,11,群益金鼎-開元,2023-10-26,9134
2816,旺旺保,15,4,11,群益金鼎-開元,2023-10-26,9134
3055,蔚華科,14,3,11,群益金鼎-開元,2023-10-26,9134
3013,晟銘電,13,2,11,群益金鼎-開元,2023-10-26,9134
6116,彩晶,11,0,11,群益金鼎-開元,2023-10-26,9134
2412,中華電,11,0,11,群益金鼎-開元,2023-10-26,9134
6274,台燿,18,7,11,群益金鼎-開元,2023-10-26,9134
1568,倉佑,22,11,11,群益金鼎-開元,2023-10-26,9134
3689,湧德,10,0,10,群益金鼎-開元,2023-10-26,9134
8433,弘帆,10,0,10,群益金鼎-開元,2023-10-26,9134
1304,台聚,10,0,10,群益金鼎-開元,2023-10-26,9134
2405,輔信,20,10,10,群益金鼎-開元,2023-10-26,9134
00929,復華台灣科技優息,59,3,56,群益金鼎-開元,2023-10-27,9134
1316,上曜,55,0,55,群益金鼎-開元,2023-10-27,9134
00664R,國泰臺灣加權反1,50,0,50,群益金鼎-開元,2023-10-27,9134
8936,國統,32,1,31,群益金鼎-開元,2023-10-27,9134
00688L,國泰20年美債正2,30,0,30,群益金鼎-開元,2023-10-27,9134
00687B,國泰20年美債,27,0,27,群益金鼎-開元,2023-10-27,9134
6139,亞翔,31,5,26,群益金鼎-開元,2023-10-27,9134
3276,宇環,56,31,25,群益金鼎-開元,2023-10-27,9134
00632R,元大台灣50反1,25,0,25,群益金鼎-開元,2023-10-27,9134
9105,泰金寶-DR,23,0,23,群益金鼎-開元,2023-10-27,9134
00712,復華富時不動產,21,0,21,群益金鼎-開元,2023-10-27,9134
00885,富邦越南,20,2,18,群益金鼎-開元,2023-10-27,9134
3715,定穎投控,83,67,16,群益金鼎-開元,2023-10-27,9134
2317,鴻海,20,5,15,群益金鼎-開元,2023-10-27,9134
8024,佑華,15,0,15,群益金鼎-開元,2023-10-27,9134
8927,北基,15,0,15,群益金鼎-開元,2023-10-27,9134
4529,淳紳,15,1,14,群益金鼎-開元,2023-10-27,9134
00679B,元大美債20年,15,2,13,群益金鼎-開元,2023-10-27,9134
2107,厚生,13,0,13,群益金鼎-開元,2023-10-27,9134
8227,巨有科技,12,0,12,群益金鼎-開元,2023-10-27,9134
00919,群益台灣精選高息,12,0,12,群益金鼎-開元,2023-10-27,9134
2329,華泰,118,107,11,群益金鼎-開元,2023-10-27,9134
6026,福邦證,11,0,11,群益金鼎-開元,2023-10-27,9134
3078,僑威,23,13,10,群益金鼎-開元,2023-10-27,9134
6126,信音,10,0,10,群益金鼎-開元,2023-10-27,9134
5864,致和證,10,0,10,群益金鼎-開元,2023-10-27,9134
8085,福華,10,0,10,群益金鼎-開元,2023-10-27,9134
6015,宏遠證,10,0,10,群益金鼎-開元,2023-10-27,9134
8064,東捷,10,0,10,群益金鼎-開元,2023-10-27,9134
4306,炎洲,11,2,9,群益金鼎-開元,2023-10-27,9134
2417,圓剛,10,1,9,群益金鼎-開元,2023-10-27,9134
1303,南亞,8,0,8,群益金鼎-開元,2023-10-27,9134
4956,光鋐,8,0,8,群益金鼎-開元,2023-10-27,9134
2337,旺宏,8,0,8,群益金鼎-開元,2023-10-27,9134
8050,廣積,8,0,8,群益金鼎-開元,2023-10-27,9134
2892,第一金,8,0,8,群益金鼎-開元,2023-10-27,9134
2408,南亞科,7,0,7,群益金鼎-開元,2023-10-27,9134
5493,三聯,7,0,7,群益金鼎-開元,2023-10-27,9134
8110,華東,17,10,7,群益金鼎-開元,2023-10-27,9134
2344,華邦電,12,5,7,群益金鼎-開元,2023-10-27,9134
2303,聯電,10,4,6,群益金鼎-開元,2023-10-27,9134
5222,全訊,8,2,6,群益金鼎-開元,2023-10-27,9134
3290,東浦,6,0,6,群益金鼎-開元,2023-10-27,9134
2305,全友,10,4,6,群益金鼎-開元,2023-10-27,9134
5460,同協,6,0,6,群益金鼎-開元,2023-10-27,9134
2882,國泰金,5,0,5,群益金鼎-開元,2023-10-27,9134
1326,台化,5,0,5,群益金鼎-開元,2023-10-27,9134
6510,精測,5,0,5,群益金鼎-開元,2023-10-27,9134
6116,彩晶,5,0,5,群益金鼎-開元,2023-10-27,9134
2201,裕隆,5,0,5,群益金鼎-開元,2023-10-27,9134
2485,兆赫,142,29,113,群益金鼎-開元,2023-10-30,9134
2891,中信金,104,0,104,群益金鼎-開元,2023-10-30,9134
2880,華南金,75,0,75,群益金鼎-開元,2023-10-30,9134
00676R,富邦臺灣加權反1,50,0,50,群益金鼎-開元,2023-10-30,9134
2317,鴻海,79,38,41,群益金鼎-開元,2023-10-30,9134
2390,云辰,49,11,38,群益金鼎-開元,2023-10-30,9134
00712,復華富時不動產,37,0,37,群益金鼎-開元,2023-10-30,9134
2535,達欣工,29,0,29,群益金鼎-開元,2023-10-30,9134
006208,富邦台50,25,0,25,群益金鼎-開元,2023-10-30,9134
8110,華東,26,1,25,群益金鼎-開元,2023-10-30,9134
5880,合庫金,21,1,20,群益金鼎-開元,2023-10-30,9134
2618,長榮航,21,1,20,群益金鼎-開元,2023-10-30,9134
00687B,國泰20年美債,17,0,17,群益金鼎-開元,2023-10-30,9134
1609,大亞,22,6,16,群益金鼎-開元,2023-10-30,9134
2363,矽統,15,1,14,群益金鼎-開元,2023-10-30,9134
2884,玉山金,13,0,13,群益金鼎-開元,2023-10-30,9134
8112,至上,14,1,13,群益金鼎-開元,2023-10-30,9134
1721,三晃,15,2,13,群益金鼎-開元,2023-10-30,9134
2887,台新金,12,1,11,群益金鼎-開元,2023-10-30,9134
9938,百和,11,0,11,群益金鼎-開元,2023-10-30,9134
3122,笙泉,12,1,11,群益金鼎-開元,2023-10-30,9134
6244,茂迪,12,1,11,群益金鼎-開元,2023-10-30,9134
4960,誠美材,50,40,10,群益金鼎-開元,2023-10-30,9134
2637,慧洋-KY,10,0,10,群益金鼎-開元,2023-10-30,9134
2451,創見,10,0,10,群益金鼎-開元,2023-10-30,9134
6548,長科*,10,0,10,群益金鼎-開元,2023-10-30,9134
2458,義隆,13,3,10,群益金鼎-開元,2023-10-30,9134
6015,宏遠證,10,0,10,群益金鼎-開元,2023-10-30,9134
00665L,富邦�琤肭磪囓�2,10,0,10,群益金鼎-開元,2023-10-30,9134
6168,宏齊,20,10,10,群益金鼎-開元,2023-10-30,9134
2353,宏��,10,1,9,群益金鼎-開元,2023-10-30,9134
6290,良維,9,0,9,群益金鼎-開元,2023-10-30,9134
3645,達邁,10,1,9,群益金鼎-開元,2023-10-30,9134
4162,智擎,14,5,9,群益金鼎-開元,2023-10-30,9134
3025,星通,10,1,9,群益金鼎-開元,2023-10-30,9134
2344,華邦電,21,13,8,群益金鼎-開元,2023-10-30,9134
8927,北基,8,0,8,群益金鼎-開元,2023-10-30,9134
3231,緯創,46,38,8,群益金鼎-開元,2023-10-30,9134
00919,群益台灣精選高息,8,1,7,群益金鼎-開元,2023-10-30,9134
2888,新光金,7,0,7,群益金鼎-開元,2023-10-30,9134
2369,菱生,20,14,6,群益金鼎-開元,2023-10-30,9134
2885,元大金,6,0,6,群益金鼎-開元,2023-10-30,9134
2303,聯電,8,2,6,群益金鼎-開元,2023-10-30,9134
6150,撼訊,6,0,6,群益金鼎-開元,2023-10-30,9134
3078,僑威,19,13,6,群益金鼎-開元,2023-10-30,9134
1303,南亞,5,0,5,群益金鼎-開元,2023-10-30,9134
2330,台積電,6,1,5,群益金鼎-開元,2023-10-30,9134
4942,嘉彰,5,0,5,群益金鼎-開元,2023-10-30,9134
2457,飛宏,15,10,5,群益金鼎-開元,2023-10-30,9134
3705,永信,5,0,5,群益金鼎-開元,2023-10-30,9134
00664R,國泰臺灣加權反1,100,0,100,群益金鼎-開元,2023-10-31,9134
3704,合勤控,84,14,70,群益金鼎-開元,2023-10-31,9134
2417,圓剛,71,6,65,群益金鼎-開元,2023-10-31,9134
00878,國泰永續高股息,68,10,58,群益金鼎-開元,2023-10-31,9134
6290,良維,135,81,54,群益金鼎-開元,2023-10-31,9134
6188,廣明,57,4,53,群益金鼎-開元,2023-10-31,9134
1504,東元,51,0,51,群益金鼎-開元,2023-10-31,9134
2344,華邦電,51,10,41,群益金鼎-開元,2023-10-31,9134
1609,大亞,43,5,38,群益金鼎-開元,2023-10-31,9134
5864,致和證,37,0,37,群益金鼎-開元,2023-10-31,9134
2535,達欣工,37,0,37,群益金鼎-開元,2023-10-31,9134
1605,華新,38,2,36,群益金鼎-開元,2023-10-31,9134
6015,宏遠證,36,0,36,群益金鼎-開元,2023-10-31,9134
3715,定穎投控,54,20,34,群益金鼎-開元,2023-10-31,9134
2324,仁寶,36,2,34,群益金鼎-開元,2023-10-31,9134
2303,聯電,41,8,33,群益金鼎-開元,2023-10-31,9134
1316,上曜,31,0,31,群益金鼎-開元,2023-10-31,9134
2913,農林,31,0,31,群益金鼎-開元,2023-10-31,9134
00637L,元大滬深300正2,31,0,31,群益金鼎-開元,2023-10-31,9134
00673R,期元大S＆P原油反1,50,20,30,群益金鼎-開元,2023-10-31,9134
3231,緯創,67,38,29,群益金鼎-開元,2023-10-31,9134
2816,旺旺保,29,3,26,群益金鼎-開元,2023-10-31,9134
00712,復華富時不動產,24,0,24,群益金鼎-開元,2023-10-31,9134
3576,聯合再生,39,16,23,群益金鼎-開元,2023-10-31,9134
9802,鈺齊-KY,21,0,21,群益金鼎-開元,2023-10-31,9134
2354,鴻準,21,0,21,群益金鼎-開元,2023-10-31,9134
8358,金居,21,0,21,群益金鼎-開元,2023-10-31,9134
4529,淳紳,20,0,20,群益金鼎-開元,2023-10-31,9134
8112,至上,20,0,20,群益金鼎-開元,2023-10-31,9134
00919,群益台灣精選高息,29,9,20,群益金鼎-開元,2023-10-31,9134
2363,矽統,27,8,19,群益金鼎-開元,2023-10-31,9134
0056,元大高股息,26,8,18,群益金鼎-開元,2023-10-31,9134
4960,誠美材,20,2,18,群益金鼎-開元,2023-10-31,9134
6443,元晶,22,5,17,群益金鼎-開元,2023-10-31,9134
2364,倫飛,16,0,16,群益金鼎-開元,2023-10-31,9134
3548,兆利,18,2,16,群益金鼎-開元,2023-10-31,9134
2367,燿華,23,8,15,群益金鼎-開元,2023-10-31,9134
00715L,期街口布蘭特正2,21,7,14,群益金鼎-開元,2023-10-31,9134
00927,群益半導體收益,15,1,14,群益金鼎-開元,2023-10-31,9134
3441,聯一光,13,0,13,群益金鼎-開元,2023-10-31,9134
9933,中鼎,12,0,12,群益金鼎-開元,2023-10-31,9134
6770,力積電,15,3,12,群益金鼎-開元,2023-10-31,9134
00893,國泰智能電動車,12,0,12,群益金鼎-開元,2023-10-31,9134
5272,笙科,26,15,11,群益金鼎-開元,2023-10-31,9134
2301,光寶科,28,17,11,群益金鼎-開元,2023-10-31,9134
2337,旺宏,11,0,11,群益金鼎-開元,2023-10-31,9134
3016,嘉晶,10,0,10,群益金鼎-開元,2023-10-31,9134
6274,台燿,15,5,10,群益金鼎-開元,2023-10-31,9134
2230,泰茂,10,0,10,群益金鼎-開元,2023-10-31,9134
3588,通嘉,10,0,10,群益金鼎-開元,2023-10-31,9134
6290,良維,116,5,111,群益金鼎-開元,2023-11-01,9134
2492,華新科,62,15,47,群益金鼎-開元,2023-11-01,9134
4960,誠美材,42,0,42,群益金鼎-開元,2023-11-01,9134
2485,兆赫,35,1,34,群益金鼎-開元,2023-11-01,9134
00929,復華台灣科技優息,32,0,32,群益金鼎-開元,2023-11-01,9134
00934,中信成長高股息,32,0,32,群益金鼎-開元,2023-11-01,9134
00715L,期街口布蘭特正2,32,1,31,群益金鼎-開元,2023-11-01,9134
2462,良得電,30,0,30,群益金鼎-開元,2023-11-01,9134
2618,長榮航,116,87,29,群益金鼎-開元,2023-11-01,9134
2834,臺企銀,32,3,29,群益金鼎-開元,2023-11-01,9134
6182,合晶,30,1,29,群益金鼎-開元,2023-11-01,9134
00878,國泰永續高股息,29,3,26,群益金鼎-開元,2023-11-01,9134
00712,復華富時不動產,24,0,24,群益金鼎-開元,2023-11-01,9134
1609,大亞,32,11,21,群益金鼎-開元,2023-11-01,9134
9919,康那香,30,10,20,群益金鼎-開元,2023-11-01,9134
3094,聯傑,25,6,19,群益金鼎-開元,2023-11-01,9134
00931B,統一美債20年,17,0,17,群益金鼎-開元,2023-11-01,9134
2609,陽明,24,7,17,群益金鼎-開元,2023-11-01,9134
00633L,富邦上証正2,17,0,17,群益金鼎-開元,2023-11-01,9134
2369,菱生,16,0,16,群益金鼎-開元,2023-11-01,9134
2457,飛宏,26,11,15,群益金鼎-開元,2023-11-01,9134
6492,生華科,16,1,15,群益金鼎-開元,2023-11-01,9134
3176,基亞,15,0,15,群益金鼎-開元,2023-11-01,9134
2313,華通,14,0,14,群益金鼎-開元,2023-11-01,9134
00687B,國泰20年美債,13,0,13,群益金鼎-開元,2023-11-01,9134
6443,元晶,12,0,12,群益金鼎-開元,2023-11-01,9134
2913,農林,10,0,10,群益金鼎-開元,2023-11-01,9134
00655L,國泰中國A50正2,10,0,10,群益金鼎-開元,2023-11-01,9134
6191,精成科,37,27,10,群益金鼎-開元,2023-11-01,9134
00753L,中信中國50正2,10,0,10,群益金鼎-開元,2023-11-01,9134
00720B,元大投資級公司債,10,0,10,群益金鼎-開元,2023-11-01,9134
6168,宏齊,11,1,10,群益金鼎-開元,2023-11-01,9134
2801,彰銀,10,0,10,群益金鼎-開元,2023-11-01,9134
00885,富邦越南,9,0,9,群益金鼎-開元,2023-11-01,9134
1326,台化,9,0,9,群益金鼎-開元,2023-11-01,9134
00919,群益台灣精選高息,10,1,9,群益金鼎-開元,2023-11-01,9134
3545,敦泰,12,3,9,群益金鼎-開元,2023-11-01,9134
6274,台燿,13,4,9,群益金鼎-開元,2023-11-01,9134
2406,國碩,8,0,8,群益金鼎-開元,2023-11-01,9134
3709,鑫聯大投控,14,6,8,群益金鼎-開元,2023-11-01,9134
6139,亞翔,12,4,8,群益金鼎-開元,2023-11-01,9134
2906,高林,7,0,7,群益金鼎-開元,2023-11-01,9134
6244,茂迪,7,0,7,群益金鼎-開元,2023-11-01,9134
8240,華宏,7,0,7,群益金鼎-開元,2023-11-01,9134
3706,神達,8,1,7,群益金鼎-開元,2023-11-01,9134
5309,系統電,8,1,7,群益金鼎-開元,2023-11-01,9134
6770,力積電,11,4,7,群益金鼎-開元,2023-11-01,9134
2317,鴻海,12,6,6,群益金鼎-開元,2023-11-01,9134
3231,緯創,36,30,6,群益金鼎-開元,2023-11-01,9134
6530,創威,6,0,6,群益金鼎-開元,2023-11-01,9134
00931B,統一美債20年,109,5,104,群益金鼎-開元,2023-11-02,9134
00676R,富邦臺灣加權反1,50,0,50,群益金鼎-開元,2023-11-02,9134
5351,鈺創,35,0,35,群益金鼎-開元,2023-11-02,9134
3704,合勤控,50,16,34,群益金鼎-開元,2023-11-02,9134
2329,華泰,43,14,29,群益金鼎-開元,2023-11-02,9134
2883,凱基金,32,7,25,群益金鼎-開元,2023-11-02,9134
6625,必應,23,0,23,群益金鼎-開元,2023-11-02,9134
00632R,元大台灣50反1,30,8,22,群益金鼎-開元,2023-11-02,9134
2889,國票金,21,0,21,群益金鼎-開元,2023-11-02,9134
2634,漢翔,22,2,20,群益金鼎-開元,2023-11-02,9134
2408,南亞科,20,0,20,群益金鼎-開元,2023-11-02,9134
6806,森崴能源,20,2,18,群益金鼎-開元,2023-11-02,9134
00631L,元大台灣50正2,18,3,15,群益金鼎-開元,2023-11-02,9134
2461,光群雷,16,1,15,群益金鼎-開元,2023-11-02,9134
2609,陽明,15,2,13,群益金鼎-開元,2023-11-02,9134
1905,華紙,12,0,12,群益金鼎-開元,2023-11-02,9134
2349,錸德,11,0,11,群益金鼎-開元,2023-11-02,9134
3041,揚智,11,1,10,群益金鼎-開元,2023-11-02,9134
1524,耿鼎,15,5,10,群益金鼎-開元,2023-11-02,9134
2614,東森,10,0,10,群益金鼎-開元,2023-11-02,9134
2913,農林,10,0,10,群益金鼎-開元,2023-11-02,9134
6603,富強鑫,10,0,10,群益金鼎-開元,2023-11-02,9134
6233,旺玖,15,6,9,群益金鼎-開元,2023-11-02,9134
2618,長榮航,23,14,9,群益金鼎-開元,2023-11-02,9134
4542,科嶠,10,2,8,群益金鼎-開元,2023-11-02,9134
3044,健鼎,8,0,8,群益金鼎-開元,2023-11-02,9134
2356,英業達,20,12,8,群益金鼎-開元,2023-11-02,9134
6116,彩晶,8,0,8,群益金鼎-開元,2023-11-02,9134
2867,三商壽,7,0,7,群益金鼎-開元,2023-11-02,9134
2542,興富發,6,0,6,群益金鼎-開元,2023-11-02,9134
3268,海德威,6,0,6,群益金鼎-開元,2023-11-02,9134
3260,威剛,11,5,6,群益金鼎-開元,2023-11-02,9134
9938,百和,5,0,5,群益金鼎-開元,2023-11-02,9134
1609,大亞,6,1,5,群益金鼎-開元,2023-11-02,9134
00934,中信成長高股息,6,1,5,群益金鼎-開元,2023-11-02,9134
1102,亞泥,5,0,5,群益金鼎-開元,2023-11-02,9134
8390,金益鼎,5,0,5,群益金鼎-開元,2023-11-02,9134
3380,明泰,10,5,5,群益金鼎-開元,2023-11-02,9134
00713,元大台灣高息低波,5,0,5,群益金鼎-開元,2023-11-02,9134
1464,得力,5,0,5,群益金鼎-開元,2023-11-02,9134
6605,帝寶,5,0,5,群益金鼎-開元,2023-11-02,9134
3324,雙鴻,4,0,4,群益金鼎-開元,2023-11-02,9134
1519,華城,7,3,4,群益金鼎-開元,2023-11-02,9134
00885,富邦越南,5,1,4,群益金鼎-開元,2023-11-02,9134
3623,富晶通,6,2,4,群益金鼎-開元,2023-11-02,9134
5222,全訊,5,1,4,群益金鼎-開元,2023-11-02,9134
5324,士開,4,0,4,群益金鼎-開元,2023-11-02,9134
3526,凡甲,4,0,4,群益金鼎-開元,2023-11-02,9134
6235,華孚,11,8,3,群益金鼎-開元,2023-11-02,9134
3163,波若威,7,4,3,群益金鼎-開元,2023-11-02,9134
2905,三商,101,0,101,群益金鼎-開元,2023-11-03,9134
2369,菱生,62,16,46,群益金鼎-開元,2023-11-03,9134
2363,矽統,187,153,34,群益金鼎-開元,2023-11-03,9134
00929,復華台灣科技優息,63,29,34,群益金鼎-開元,2023-11-03,9134
3231,緯創,42,13,29,群益金鼎-開元,2023-11-03,9134
5348,正能量智能,25,1,24,群益金鼎-開元,2023-11-03,9134
5531,鄉林,30,9,21,群益金鼎-開元,2023-11-03,9134
2485,兆赫,20,0,20,群益金鼎-開元,2023-11-03,9134
00902,中信電池及儲能,20,1,19,群益金鼎-開元,2023-11-03,9134
3094,聯傑,31,13,18,群益金鼎-開元,2023-11-03,9134
2390,云辰,101,83,18,群益金鼎-開元,2023-11-03,9134
8150,南茂,18,0,18,群益金鼎-開元,2023-11-03,9134
00632R,元大台灣50反1,17,0,17,群益金鼎-開元,2023-11-03,9134
00878,國泰永續高股息,38,22,16,群益金鼎-開元,2023-11-03,9134
6233,旺玖,16,0,16,群益金鼎-開元,2023-11-03,9134
2353,宏��,19,3,16,群益金鼎-開元,2023-11-03,9134
8110,華東,16,2,14,群益金鼎-開元,2023-11-03,9134
3545,敦泰,17,3,14,群益金鼎-開元,2023-11-03,9134
6237,驊訊,23,10,13,群益金鼎-開元,2023-11-03,9134
1326,台化,15,2,13,群益金鼎-開元,2023-11-03,9134
4167,松瑞藥,16,3,13,群益金鼎-開元,2023-11-03,9134
1104,環泥,12,0,12,群益金鼎-開元,2023-11-03,9134
2427,三商電,13,1,12,群益金鼎-開元,2023-11-03,9134
00720B,元大投資級公司債,12,0,12,群益金鼎-開元,2023-11-03,9134
2401,凌陽,12,0,12,群益金鼎-開元,2023-11-03,9134
6285,啟��,14,2,12,群益金鼎-開元,2023-11-03,9134
2458,義隆,47,35,12,群益金鼎-開元,2023-11-03,9134
3689,湧德,11,0,11,群益金鼎-開元,2023-11-03,9134
2417,圓剛,21,10,11,群益金鼎-開元,2023-11-03,9134
1471,首利,10,0,10,群益金鼎-開元,2023-11-03,9134
6548,長科*,10,0,10,群益金鼎-開元,2023-11-03,9134
1464,得力,10,0,10,群益金鼎-開元,2023-11-03,9134
6214,精誠,10,0,10,群益金鼎-開元,2023-11-03,9134
8064,東捷,10,0,10,群益金鼎-開元,2023-11-03,9134
2743,山富,10,0,10,群益金鼎-開元,2023-11-03,9134
6126,信音,10,0,10,群益金鼎-開元,2023-11-03,9134
3035,智原,25,15,10,群益金鼎-開元,2023-11-03,9134
1905,華紙,11,2,9,群益金鼎-開元,2023-11-03,9134
6213,聯茂,10,1,9,群益金鼎-開元,2023-11-03,9134
6292,迅德,9,0,9,群益金鼎-開元,2023-11-03,9134
1909,榮成,10,1,9,群益金鼎-開元,2023-11-03,9134
2392,正崴,10,1,9,群益金鼎-開元,2023-11-03,9134
4417,金洲,9,0,9,群益金鼎-開元,2023-11-03,9134
5880,合庫金,10,1,9,群益金鼎-開元,2023-11-03,9134
00679B,元大美債20年,12,4,8,群益金鼎-開元,2023-11-03,9134
5521,工信,11,3,8,群益金鼎-開元,2023-11-03,9134
8431,匯鑽科,8,0,8,群益金鼎-開元,2023-11-03,9134
2382,廣達,17,10,7,群益金鼎-開元,2023-11-03,9134
6274,台燿,9,2,7,群益金鼎-開元,2023-11-03,9134
6290,良維,9,2,7,群益金鼎-開元,2023-11-03,9134
00632R,元大台灣50反1,65,0,65,群益金鼎-開元,2023-11-06,9134
2425,承啟,54,0,54,群益金鼎-開元,2023-11-06,9134
6015,宏遠證,40,0,40,群益金鼎-開元,2023-11-06,9134
8110,華東,34,0,34,群益金鼎-開元,2023-11-06,9134
2461,光群雷,33,1,32,群益金鼎-開元,2023-11-06,9134
2610,華航,36,5,31,群益金鼎-開元,2023-11-06,9134
2417,圓剛,35,6,29,群益金鼎-開元,2023-11-06,9134
1584,精剛,30,3,27,群益金鼎-開元,2023-11-06,9134
2618,長榮航,71,45,26,群益金鼎-開元,2023-11-06,9134
2313,華通,28,2,26,群益金鼎-開元,2023-11-06,9134
2603,長榮,24,1,23,群益金鼎-開元,2023-11-06,9134
2486,一詮,25,2,23,群益金鼎-開元,2023-11-06,9134
00637L,元大滬深300正2,22,0,22,群益金鼎-開元,2023-11-06,9134
3051,力特,22,0,22,群益金鼎-開元,2023-11-06,9134
2390,云辰,63,42,21,群益金鼎-開元,2023-11-06,9134
2834,臺企銀,21,1,20,群益金鼎-開元,2023-11-06,9134
8150,南茂,21,1,20,群益金鼎-開元,2023-11-06,9134
2332,友訊,20,0,20,群益金鼎-開元,2023-11-06,9134
00715L,期街口布蘭特正2,17,0,17,群益金鼎-開元,2023-11-06,9134
1445,大宇,17,0,17,群益金鼎-開元,2023-11-06,9134
2363,矽統,136,119,17,群益金鼎-開元,2023-11-06,9134
2609,陽明,27,11,16,群益金鼎-開元,2023-11-06,9134
2408,南亞科,16,1,15,群益金鼎-開元,2023-11-06,9134
6126,信音,15,0,15,群益金鼎-開元,2023-11-06,9134
1524,耿鼎,29,14,15,群益金鼎-開元,2023-11-06,9134
6143,振曜,14,0,14,群益金鼎-開元,2023-11-06,9134
8069,元太,14,0,14,群益金鼎-開元,2023-11-06,9134
2913,農林,13,0,13,群益金鼎-開元,2023-11-06,9134
3376,新日興,15,3,12,群益金鼎-開元,2023-11-06,9134
2388,威盛,53,41,12,群益金鼎-開元,2023-11-06,9134
00933B,國泰10Y+金融債,30,19,11,群益金鼎-開元,2023-11-06,9134
5432,新門,11,0,11,群益金鼎-開元,2023-11-06,9134
4960,誠美材,11,0,11,群益金鼎-開元,2023-11-06,9134
2515,中工,10,0,10,群益金鼎-開元,2023-11-06,9134
4942,嘉彰,10,0,10,群益金鼎-開元,2023-11-06,9134
2374,佳能,10,0,10,群益金鼎-開元,2023-11-06,9134
00931B,統一美債20年,30,20,10,群益金鼎-開元,2023-11-06,9134
2851,中再保,10,0,10,群益金鼎-開元,2023-11-06,9134
2888,新光金,11,1,10,群益金鼎-開元,2023-11-06,9134
2312,金寶,10,0,10,群益金鼎-開元,2023-11-06,9134
6213,聯茂,20,10,10,群益金鼎-開元,2023-11-06,9134
2107,厚生,10,0,10,群益金鼎-開元,2023-11-06,9134
1324,地球,10,0,10,群益金鼎-開元,2023-11-06,9134
00902,中信電池及儲能,31,22,9,群益金鼎-開元,2023-11-06,9134
1519,華城,14,5,9,群益金鼎-開元,2023-11-06,9134
3322,建舜電,15,6,9,群益金鼎-開元,2023-11-06,9134
2329,華泰,12,3,9,群益金鼎-開元,2023-11-06,9134
1471,首利,11,3,8,群益金鼎-開元,2023-11-06,9134
2630,亞航,8,0,8,群益金鼎-開元,2023-11-06,9134
3055,蔚華科,8,0,8,群益金鼎-開元,2023-11-06,9134
3703,欣陸,50,4,46,群益金鼎-開元,2023-11-07,9134
00902,中信電池及儲能,34,0,34,群益金鼎-開元,2023-11-07,9134
2610,華航,31,2,29,群益金鼎-開元,2023-11-07,9134
00712,復華富時不動產,29,0,29,群益金鼎-開元,2023-11-07,9134
2317,鴻海,29,4,25,群益金鼎-開元,2023-11-07,9134
2388,威盛,36,13,23,群益金鼎-開元,2023-11-07,9134
2634,漢翔,24,2,22,群益金鼎-開元,2023-11-07,9134
2606,裕民,22,0,22,群益金鼎-開元,2023-11-07,9134
5880,合庫金,21,0,21,群益金鼎-開元,2023-11-07,9134
00864B,中信美國公債0-1,20,0,20,群益金鼎-開元,2023-11-07,9134
2409,友達,29,10,19,群益金鼎-開元,2023-11-07,9134
00933B,國泰10Y+金融債,30,11,19,群益金鼎-開元,2023-11-07,9134
6015,宏遠證,18,0,18,群益金鼎-開元,2023-11-07,9134
00715L,期街口布蘭特正2,17,0,17,群益金鼎-開元,2023-11-07,9134
2883,凱基金,17,1,16,群益金鼎-開元,2023-11-07,9134
2002,中鋼,17,2,15,群益金鼎-開元,2023-11-07,9134
9802,鈺齊-KY,15,0,15,群益金鼎-開元,2023-11-07,9134
4167,松瑞藥,60,47,13,群益金鼎-開元,2023-11-07,9134
6274,台燿,15,3,12,群益金鼎-開元,2023-11-07,9134
3022,威強電,12,1,11,群益金鼎-開元,2023-11-07,9134
1217,愛之味,11,0,11,群益金鼎-開元,2023-11-07,9134
3380,明泰,10,0,10,群益金鼎-開元,2023-11-07,9134
1524,耿鼎,11,1,10,群益金鼎-開元,2023-11-07,9134
1445,大宇,10,0,10,群益金鼎-開元,2023-11-07,9134
4960,誠美材,10,0,10,群益金鼎-開元,2023-11-07,9134
8085,福華,10,0,10,群益金鼎-開元,2023-11-07,9134
4304,勝昱,10,0,10,群益金鼎-開元,2023-11-07,9134
4968,立積,10,0,10,群益金鼎-開元,2023-11-07,9134
2722,夏都,10,0,10,群益金鼎-開元,2023-11-07,9134
2025,千興,10,0,10,群益金鼎-開元,2023-11-07,9134
00893,國泰智能電動車,10,1,9,群益金鼎-開元,2023-11-07,9134
2363,矽統,27,19,8,群益金鼎-開元,2023-11-07,9134
6233,旺玖,8,0,8,群益金鼎-開元,2023-11-07,9134
3176,基亞,18,10,8,群益金鼎-開元,2023-11-07,9134
2453,凌群,14,6,8,群益金鼎-開元,2023-11-07,9134
1789,神隆,8,0,8,群益金鼎-開元,2023-11-07,9134
3623,富晶通,18,11,7,群益金鼎-開元,2023-11-07,9134
2355,敬鵬,8,1,7,群益金鼎-開元,2023-11-07,9134
6122,擎邦,13,6,7,群益金鼎-開元,2023-11-07,9134
2492,華新科,10,3,7,群益金鼎-開元,2023-11-07,9134
00679B,元大美債20年,7,0,7,群益金鼎-開元,2023-11-07,9134
2891,中信金,7,0,7,群益金鼎-開元,2023-11-07,9134
1101,台泥,7,0,7,群益金鼎-開元,2023-11-07,9134
3567,逸昌,6,0,6,群益金鼎-開元,2023-11-07,9134
1609,大亞,6,0,6,群益金鼎-開元,2023-11-07,9134
2371,大同,6,0,6,群益金鼎-開元,2023-11-07,9134
2324,仁寶,6,0,6,群益金鼎-開元,2023-11-07,9134
2618,長榮航,46,40,6,群益金鼎-開元,2023-11-07,9134
3011,今皓,6,0,6,群益金鼎-開元,2023-11-07,9134
3374,精材,6,0,6,群益金鼎-開元,2023-11-07,9134
00632R,元大台灣50反1,105,0,105,群益金鼎-開元,2023-11-08,9134
2834,臺企銀,67,6,61,群益金鼎-開元,2023-11-08,9134
2363,矽統,109,57,52,群益金鼎-開元,2023-11-08,9134
8150,南茂,44,2,42,群益金鼎-開元,2023-11-08,9134
2461,光群雷,41,0,41,群益金鼎-開元,2023-11-08,9134
00715L,期街口布蘭特正2,37,1,36,群益金鼎-開元,2023-11-08,9134
6015,宏遠證,36,0,36,群益金鼎-開元,2023-11-08,9134
1605,華新,30,0,30,群益金鼎-開元,2023-11-08,9134
4513,福裕,30,0,30,群益金鼎-開元,2023-11-08,9134
1609,大亞,30,1,29,群益金鼎-開元,2023-11-08,9134
3024,憶聲,27,0,27,群益金鼎-開元,2023-11-08,9134
1815,富喬,42,16,26,群益金鼎-開元,2023-11-08,9134
6182,合晶,25,0,25,群益金鼎-開元,2023-11-08,9134
00687B,國泰20年美債,24,0,24,群益金鼎-開元,2023-11-08,9134
2515,中工,35,11,24,群益金鼎-開元,2023-11-08,9134
9105,泰金寶-DR,24,0,24,群益金鼎-開元,2023-11-08,9134
8436,大江,21,0,21,群益金鼎-開元,2023-11-08,9134
00936,台新永續高息中小,21,0,21,群益金鼎-開元,2023-11-08,9134
00673R,期元大S＆P原油反1,20,0,20,群益金鼎-開元,2023-11-08,9134
2329,華泰,106,89,17,群益金鼎-開元,2023-11-08,9134
2816,旺旺保,16,0,16,群益金鼎-開元,2023-11-08,9134
1240,茂生農經,16,0,16,群益金鼎-開元,2023-11-08,9134
1471,首利,17,2,15,群益金鼎-開元,2023-11-08,9134
8112,至上,15,0,15,群益金鼎-開元,2023-11-08,9134
4960,誠美材,15,0,15,群益金鼎-開元,2023-11-08,9134
00919,群益台灣精選高息,18,3,15,群益金鼎-開元,2023-11-08,9134
00929,復華台灣科技優息,40,25,15,群益金鼎-開元,2023-11-08,9134
4744,皇將,13,0,13,群益金鼎-開元,2023-11-08,9134
6243,迅杰,15,2,13,群益金鼎-開元,2023-11-08,9134
4167,松瑞藥,26,14,12,群益金鼎-開元,2023-11-08,9134
5521,工信,12,0,12,群益金鼎-開元,2023-11-08,9134
1504,東元,13,1,12,群益金鼎-開元,2023-11-08,9134
1513,中興電,11,0,11,群益金鼎-開元,2023-11-08,9134
6901,鑽石投資,13,2,11,群益金鼎-開元,2023-11-08,9134
2645,長榮航太,11,0,11,群益金鼎-開元,2023-11-08,9134
6290,良維,10,0,10,群益金鼎-開元,2023-11-08,9134
2603,長榮,10,0,10,群益金鼎-開元,2023-11-08,9134
00642U,期元大S＆P石油,10,0,10,群益金鼎-開元,2023-11-08,9134
1568,倉佑,11,1,10,群益金鼎-開元,2023-11-08,9134
3041,揚智,10,0,10,群益金鼎-開元,2023-11-08,9134
9950,萬國通,10,0,10,群益金鼎-開元,2023-11-08,9134
1210,大成,11,2,9,群益金鼎-開元,2023-11-08,9134
2303,聯電,11,3,8,群益金鼎-開元,2023-11-08,9134
00878,國泰永續高股息,26,18,8,群益金鼎-開元,2023-11-08,9134
1326,台化,8,0,8,群益金鼎-開元,2023-11-08,9134
00645,富邦日本,9,1,8,群益金鼎-開元,2023-11-08,9134
4108,懷特,8,0,8,群益金鼎-開元,2023-11-08,9134
3276,宇環,8,0,8,群益金鼎-開元,2023-11-08,9134
2485,兆赫,8,0,8,群益金鼎-開元,2023-11-08,9134
5272,笙科,14,6,8,群益金鼎-開元,2023-11-08,9134
00931B,統一美債20年,212,1,211,群益金鼎-開元,2023-11-09,9134
2344,華邦電,206,0,206,群益金鼎-開元,2023-11-09,9134
00687B,國泰20年美債,87,12,75,群益金鼎-開元,2023-11-09,9134
8936,國統,58,3,55,群益金鼎-開元,2023-11-09,9134
4532,瑞智,50,0,50,群益金鼎-開元,2023-11-09,9134
6015,宏遠證,39,0,39,群益金鼎-開元,2023-11-09,9134
00679B,元大美債20年,39,2,37,群益金鼎-開元,2023-11-09,9134
1307,三芳,36,0,36,群益金鼎-開元,2023-11-09,9134
1324,地球,27,0,27,群益金鼎-開元,2023-11-09,9134
2618,長榮航,67,40,27,群益金鼎-開元,2023-11-09,9134
1314,中石化,30,3,27,群益金鼎-開元,2023-11-09,9134
4960,誠美材,25,0,25,群益金鼎-開元,2023-11-09,9134
00929,復華台灣科技優息,34,9,25,群益金鼎-開元,2023-11-09,9134
2329,華泰,71,47,24,群益金鼎-開元,2023-11-09,9134
3622,洋華,25,4,21,群益金鼎-開元,2023-11-09,9134
00715L,期街口布蘭特正2,21,0,21,群益金鼎-開元,2023-11-09,9134
1522,堤維西,21,0,21,群益金鼎-開元,2023-11-09,9134
1609,大亞,38,18,20,群益金鼎-開元,2023-11-09,9134
00902,中信電池及儲能,20,0,20,群益金鼎-開元,2023-11-09,9134
2486,一詮,23,4,19,群益金鼎-開元,2023-11-09,9134
2313,華通,31,12,19,群益金鼎-開元,2023-11-09,9134
6282,康舒,18,0,18,群益金鼎-開元,2023-11-09,9134
6625,必應,17,0,17,群益金鼎-開元,2023-11-09,9134
3715,定穎投控,23,7,16,群益金鼎-開元,2023-11-09,9134
2390,云辰,16,0,16,群益金鼎-開元,2023-11-09,9134
00936,台新永續高息中小,15,0,15,群益金鼎-開元,2023-11-09,9134
8150,南茂,15,1,14,群益金鼎-開元,2023-11-09,9134
3227,原相,16,3,13,群益金鼎-開元,2023-11-09,9134
5531,鄉林,12,0,12,群益金鼎-開元,2023-11-09,9134
6156,松上,18,6,12,群益金鼎-開元,2023-11-09,9134
2634,漢翔,14,2,12,群益金鼎-開元,2023-11-09,9134
6213,聯茂,12,1,11,群益金鼎-開元,2023-11-09,9134
9938,百和,11,0,11,群益金鼎-開元,2023-11-09,9134
00753L,中信中國50正2,10,0,10,群益金鼎-開元,2023-11-09,9134
00688L,國泰20年美債正2,10,0,10,群益金鼎-開元,2023-11-09,9134
1304,台聚,10,0,10,群益金鼎-開元,2023-11-09,9134
00642U,期元大S＆P石油,10,0,10,群益金鼎-開元,2023-11-09,9134
9946,三發地產,10,0,10,群益金鼎-開元,2023-11-09,9134
6578,達邦蛋白,10,0,10,群益金鼎-開元,2023-11-09,9134
6244,茂迪,10,0,10,群益金鼎-開元,2023-11-09,9134
1110,東泥,9,0,9,群益金鼎-開元,2023-11-09,9134
00898,國泰基因免疫革命,7,0,7,群益金鼎-開元,2023-11-09,9134
6114,久威,8,1,7,群益金鼎-開元,2023-11-09,9134
3260,威剛,9,2,7,群益金鼎-開元,2023-11-09,9134
4168,醣聯,8,2,6,群益金鼎-開元,2023-11-09,9134
4714,永捷,6,0,6,群益金鼎-開元,2023-11-09,9134
00927,群益半導體收益,6,0,6,群益金鼎-開元,2023-11-09,9134
3356,奇偶,6,0,6,群益金鼎-開元,2023-11-09,9134
2388,威盛,9,3,6,群益金鼎-開元,2023-11-09,9134
5347,世界,7,1,6,群益金鼎-開元,2023-11-09,9134
00632R,元大台灣50反1,130,1,129,群益金鼎-開元,2023-11-10,9134
3617,碩天,60,0,60,群益金鼎-開元,2023-11-10,9134
00679B,元大美債20年,60,0,60,群益金鼎-開元,2023-11-10,9134
2852,第一保,53,0,53,群益金鼎-開元,2023-11-10,9134
3231,緯創,93,49,44,群益金鼎-開元,2023-11-10,9134
00933B,國泰10Y+金融債,44,1,43,群益金鼎-開元,2023-11-10,9134
00929,復華台灣科技優息,43,3,40,群益金鼎-開元,2023-11-10,9134
6016,康和證,33,0,33,群益金鼎-開元,2023-11-10,9134
1201,味全,33,0,33,群益金鼎-開元,2023-11-10,9134
2883,凱基金,32,1,31,群益金鼎-開元,2023-11-10,9134
2464,盟立,27,0,27,群益金鼎-開元,2023-11-10,9134
2449,京元電子,29,3,26,群益金鼎-開元,2023-11-10,9134
1210,大成,28,4,24,群益金鼎-開元,2023-11-10,9134
2353,宏��,25,2,23,群益金鼎-開元,2023-11-10,9134
2486,一詮,22,0,22,群益金鼎-開元,2023-11-10,9134
2834,臺企銀,22,0,22,群益金鼎-開元,2023-11-10,9134
1240,茂生農經,20,0,20,群益金鼎-開元,2023-11-10,9134
4168,醣聯,17,0,17,群益金鼎-開元,2023-11-10,9134
9802,鈺齊-KY,17,0,17,群益金鼎-開元,2023-11-10,9134
00931B,統一美債20年,16,0,16,群益金鼎-開元,2023-11-10,9134
2504,國產,15,0,15,群益金鼎-開元,2023-11-10,9134
2816,旺旺保,15,0,15,群益金鼎-開元,2023-11-10,9134
00712,復華富時不動產,14,0,14,群益金鼎-開元,2023-11-10,9134
3356,奇偶,14,0,14,群益金鼎-開元,2023-11-10,9134
2409,友達,13,1,12,群益金鼎-開元,2023-11-10,9134
00936,台新永續高息中小,12,0,12,群益金鼎-開元,2023-11-10,9134
00878,國泰永續高股息,12,1,11,群益金鼎-開元,2023-11-10,9134
6156,松上,25,14,11,群益金鼎-開元,2023-11-10,9134
5880,合庫金,11,0,11,群益金鼎-開元,2023-11-10,9134
00882,中信中國高股息,10,0,10,群益金鼎-開元,2023-11-10,9134
00919,群益台灣精選高息,12,2,10,群益金鼎-開元,2023-11-10,9134
00902,中信電池及儲能,10,0,10,群益金鼎-開元,2023-11-10,9134
5871,中租-KY,10,0,10,群益金鼎-開元,2023-11-10,9134
00664R,國泰臺灣加權反1,10,0,10,群益金鼎-開元,2023-11-10,9134
00753L,中信中國50正2,10,0,10,群益金鼎-開元,2023-11-10,9134
5864,致和證,10,0,10,群益金鼎-開元,2023-11-10,9134
5222,全訊,11,1,10,群益金鼎-開元,2023-11-10,9134
00688L,國泰20年美債正2,10,0,10,群益金鼎-開元,2023-11-10,9134
1309,台達化,10,0,10,群益金鼎-開元,2023-11-10,9134
9919,康那香,11,1,10,群益金鼎-開元,2023-11-10,9134
00665L,富邦�琤肭磪囓�2,10,0,10,群益金鼎-開元,2023-11-10,9134
9946,三發地產,10,0,10,群益金鼎-開元,2023-11-10,9134
1324,地球,10,0,10,群益金鼎-開元,2023-11-10,9134
2382,廣達,19,9,10,群益金鼎-開元,2023-11-10,9134
3406,玉晶光,9,0,9,群益金鼎-開元,2023-11-10,9134
1110,東泥,9,0,9,群益金鼎-開元,2023-11-10,9134
4743,合一,43,35,8,群益金鼎-開元,2023-11-10,9134
8034,榮群,18,10,8,群益金鼎-開元,2023-11-10,9134
2615,萬海,7,0,7,群益金鼎-開元,2023-11-10,9134
4533,協易機,12,5,7,群益金鼎-開元,2023-11-10,9134
8936,國統,151,1,150,群益金鼎-開元,2023-11-13,9134
6901,鑽石投資,113,3,110,群益金鼎-開元,2023-11-13,9134
3703,欣陸,61,0,61,群益金鼎-開元,2023-11-13,9134
00929,復華台灣科技優息,62,7,55,群益金鼎-開元,2023-11-13,9134
6139,亞翔,55,3,52,群益金鼎-開元,2023-11-13,9134
6806,森崴能源,51,0,51,群益金鼎-開元,2023-11-13,9134
00903,富邦元宇宙,40,0,40,群益金鼎-開元,2023-11-13,9134
2329,華泰,46,11,35,群益金鼎-開元,2023-11-13,9134
00878,國泰永續高股息,39,7,32,群益金鼎-開元,2023-11-13,9134
2371,大同,22,0,22,群益金鼎-開元,2023-11-13,9134
2408,南亞科,21,0,21,群益金鼎-開元,2023-11-13,9134
2382,廣達,39,18,21,群益金鼎-開元,2023-11-13,9134
5864,致和證,21,0,21,群益金鼎-開元,2023-11-13,9134
2489,瑞軒,20,0,20,群益金鼎-開元,2023-11-13,9134
1316,上曜,20,0,20,群益金鼎-開元,2023-11-13,9134
6770,力積電,23,4,19,群益金鼎-開元,2023-11-13,9134
1795,美時,21,3,18,群益金鼎-開元,2023-11-13,9134
4960,誠美材,15,0,15,群益金鼎-開元,2023-11-13,9134
3266,昇陽,15,0,15,群益金鼎-開元,2023-11-13,9134
00679B,元大美債20年,15,2,13,群益金鼎-開元,2023-11-13,9134
5011,久陽,15,2,13,群益金鼎-開元,2023-11-13,9134
2353,宏��,13,2,11,群益金鼎-開元,2023-11-13,9134
2376,技嘉,12,2,10,群益金鼎-開元,2023-11-13,9134
5230,雷笛克光學,10,0,10,群益金鼎-開元,2023-11-13,9134
1240,茂生農經,10,0,10,群益金鼎-開元,2023-11-13,9134
6016,康和證,10,0,10,群益金鼎-開元,2023-11-13,9134
2618,長榮航,83,73,10,群益金鼎-開元,2023-11-13,9134
6282,康舒,10,0,10,群益金鼎-開元,2023-11-13,9134
2883,凱基金,12,2,10,群益金鼎-開元,2023-11-13,9134
6443,元晶,10,1,9,群益金鼎-開元,2023-11-13,9134
2317,鴻海,10,2,8,群益金鼎-開元,2023-11-13,9134
2206,三陽工業,9,1,8,群益金鼎-開元,2023-11-13,9134
3013,晟銘電,8,0,8,群益金鼎-開元,2023-11-13,9134
2609,陽明,7,0,7,群益金鼎-開元,2023-11-13,9134
5381,合正,11,4,7,群益金鼎-開元,2023-11-13,9134
9950,萬國通,10,3,7,群益金鼎-開元,2023-11-13,9134
3105,穩懋,7,1,6,群益金鼎-開元,2023-11-13,9134
2369,菱生,10,4,6,群益金鼎-開元,2023-11-13,9134
6182,合晶,6,0,6,群益金鼎-開元,2023-11-13,9134
4417,金洲,6,0,6,群益金鼎-開元,2023-11-13,9134
1210,大成,7,1,6,群益金鼎-開元,2023-11-13,9134
8927,北基,9,3,6,群益金鼎-開元,2023-11-13,9134
00637L,元大滬深300正2,6,0,6,群益金鼎-開元,2023-11-13,9134
8069,元太,7,1,6,群益金鼎-開元,2023-11-13,9134
9919,康那香,12,6,6,群益金鼎-開元,2023-11-13,9134
00690,兆豐藍籌30,5,0,5,群益金鼎-開元,2023-11-13,9134
2323,中環,6,1,5,群益金鼎-開元,2023-11-13,9134
2104,國際中橡,5,0,5,群益金鼎-開元,2023-11-13,9134
2610,華航,8,3,5,群益金鼎-開元,2023-11-13,9134
6229,研通,10,5,5,群益金鼎-開元,2023-11-13,9134
2344,華邦電,110,24,86,群益金鼎-開元,2023-11-14,9134
6446,藥華藥,31,1,30,群益金鼎-開元,2023-11-14,9134
2834,臺企銀,30,0,30,群益金鼎-開元,2023-11-14,9134
1609,大亞,23,0,23,群益金鼎-開元,2023-11-14,9134
1515,力山,35,14,21,群益金鼎-開元,2023-11-14,9134
2630,亞航,23,4,19,群益金鼎-開元,2023-11-14,9134
00632R,元大台灣50反1,16,0,16,群益金鼎-開元,2023-11-14,9134
9802,鈺齊-KY,16,0,16,群益金鼎-開元,2023-11-14,9134
00633L,富邦上証正2,15,0,15,群益金鼎-開元,2023-11-14,9134
2364,倫飛,31,16,15,群益金鼎-開元,2023-11-14,9134
3231,緯創,57,43,14,群益金鼎-開元,2023-11-14,9134
00655L,國泰中國A50正2,13,0,13,群益金鼎-開元,2023-11-14,9134
2313,華通,27,14,13,群益金鼎-開元,2023-11-14,9134
00673R,期元大S＆P原油反1,12,0,12,群益金鼎-開元,2023-11-14,9134
2609,陽明,12,1,11,群益金鼎-開元,2023-11-14,9134
8112,至上,12,1,11,群益金鼎-開元,2023-11-14,9134
1471,首利,11,0,11,群益金鼎-開元,2023-11-14,9134
6116,彩晶,15,5,10,群益金鼎-開元,2023-11-14,9134
4768,晶呈科技,10,0,10,群益金鼎-開元,2023-11-14,9134
4529,淳紳,10,0,10,群益金鼎-開元,2023-11-14,9134
4714,永捷,10,0,10,群益金鼎-開元,2023-11-14,9134
00902,中信電池及儲能,10,0,10,群益金鼎-開元,2023-11-14,9134
2303,聯電,10,1,9,群益金鼎-開元,2023-11-14,9134
2355,敬鵬,13,4,9,群益金鼎-開元,2023-11-14,9134
5381,合正,10,1,9,群益金鼎-開元,2023-11-14,9134
2453,凌群,9,0,9,群益金鼎-開元,2023-11-14,9134
3704,合勤控,10,1,9,群益金鼎-開元,2023-11-14,9134
2002,中鋼,9,0,9,群益金鼎-開元,2023-11-14,9134
2374,佳能,9,1,8,群益金鼎-開元,2023-11-14,9134
5234,達興材料,8,0,8,群益金鼎-開元,2023-11-14,9134
2027,大成鋼,8,0,8,群益金鼎-開元,2023-11-14,9134
4128,中天,12,4,8,群益金鼎-開元,2023-11-14,9134
6799,來頡,20,12,8,群益金鼎-開元,2023-11-14,9134
2382,廣達,20,12,8,群益金鼎-開元,2023-11-14,9134
2801,彰銀,10,2,8,群益金鼎-開元,2023-11-14,9134
1524,耿鼎,7,0,7,群益金鼎-開元,2023-11-14,9134
2427,三商電,19,12,7,群益金鼎-開元,2023-11-14,9134
00712,復華富時不動產,7,0,7,群益金鼎-開元,2023-11-14,9134
1504,東元,10,3,7,群益金鼎-開元,2023-11-14,9134
6274,台燿,9,2,7,群益金鼎-開元,2023-11-14,9134
00878,國泰永續高股息,12,5,7,群益金鼎-開元,2023-11-14,9134
2883,凱基金,10,4,6,群益金鼎-開元,2023-11-14,9134
4909,新復興,7,1,6,群益金鼎-開元,2023-11-14,9134
3006,晶豪科,8,2,6,群益金鼎-開元,2023-11-14,9134
6282,康舒,12,6,6,群益金鼎-開元,2023-11-14,9134
2402,毅嘉,23,18,5,群益金鼎-開元,2023-11-14,9134
2492,華新科,5,0,5,群益金鼎-開元,2023-11-14,9134
3029,零壹,5,0,5,群益金鼎-開元,2023-11-14,9134
2539,櫻花建,5,0,5,群益金鼎-開元,2023-11-14,9134
6187,萬潤,8,3,5,群益金鼎-開元,2023-11-14,9134
00632R,元大台灣50反1,109,40,69,群益金鼎-開元,2023-11-15,9134
5234,達興材料,43,2,41,群益金鼎-開元,2023-11-15,9134
00688L,國泰20年美債正2,35,0,35,群益金鼎-開元,2023-11-15,9134
00687B,國泰20年美債,42,8,34,群益金鼎-開元,2023-11-15,9134
2515,中工,41,7,34,群益金鼎-開元,2023-11-15,9134
2852,第一保,27,0,27,群益金鼎-開元,2023-11-15,9134
4977,眾達-KY,36,11,25,群益金鼎-開元,2023-11-15,9134
2409,友達,32,7,25,群益金鼎-開元,2023-11-15,9134
2401,凌陽,23,1,22,群益金鼎-開元,2023-11-15,9134
2356,英業達,21,1,20,群益金鼎-開元,2023-11-15,9134
3276,宇環,45,25,20,群益金鼎-開元,2023-11-15,9134
6117,迎廣,21,2,19,群益金鼎-開元,2023-11-15,9134
1326,台化,20,1,19,群益金鼎-開元,2023-11-15,9134
2492,華新科,20,2,18,群益金鼎-開元,2023-11-15,9134
6770,力積電,33,15,18,群益金鼎-開元,2023-11-15,9134
3006,晶豪科,19,2,17,群益金鼎-開元,2023-11-15,9134
4979,華星光,21,6,15,群益金鼎-開元,2023-11-15,9134
00680L,元大美債20正2,20,6,14,群益金鼎-開元,2023-11-15,9134
3128,昇銳,15,1,14,群益金鼎-開元,2023-11-15,9134
6133,金橋,14,0,14,群益金鼎-開元,2023-11-15,9134
2353,宏��,18,4,14,群益金鼎-開元,2023-11-15,9134
4938,和碩,17,4,13,群益金鼎-開元,2023-11-15,9134
2014,中鴻,13,1,12,群益金鼎-開元,2023-11-15,9134
2535,達欣工,12,0,12,群益金鼎-開元,2023-11-15,9134
3035,智原,23,12,11,群益金鼎-開元,2023-11-15,9134
1806,冠軍,11,0,11,群益金鼎-開元,2023-11-15,9134
1815,富喬,31,21,10,群益金鼎-開元,2023-11-15,9134
4960,誠美材,10,0,10,群益金鼎-開元,2023-11-15,9134
3017,奇鋐,11,1,10,群益金鼎-開元,2023-11-15,9134
1515,力山,19,10,9,群益金鼎-開元,2023-11-15,9134
2645,長榮航太,10,1,9,群益金鼎-開元,2023-11-15,9134
4909,新復興,10,1,9,群益金鼎-開元,2023-11-15,9134
3264,欣銓,10,1,9,群益金鼎-開元,2023-11-15,9134
00751B,元大AAA至A公司債,8,0,8,群益金鼎-開元,2023-11-15,9134
2489,瑞軒,9,1,8,群益金鼎-開元,2023-11-15,9134
6213,聯茂,13,5,8,群益金鼎-開元,2023-11-15,9134
8932,智通*,7,0,7,群益金鼎-開元,2023-11-15,9134
3036,文曄,9,2,7,群益金鼎-開元,2023-11-15,9134
3306,鼎天,7,0,7,群益金鼎-開元,2023-11-15,9134
3706,神達,13,6,7,群益金鼎-開元,2023-11-15,9134
00878,國泰永續高股息,38,31,7,群益金鼎-開元,2023-11-15,9134
3062,建漢,6,0,6,群益金鼎-開元,2023-11-15,9134
2383,台光電,6,0,6,群益金鼎-開元,2023-11-15,9134
2313,華通,28,22,6,群益金鼎-開元,2023-11-15,9134
2355,敬鵬,13,7,6,群益金鼎-開元,2023-11-15,9134
00637L,元大滬深300正2,6,0,6,群益金鼎-開元,2023-11-15,9134
1522,堤維西,8,2,6,群益金鼎-開元,2023-11-15,9134
6290,良維,7,1,6,群益金鼎-開元,2023-11-15,9134
5871,中租-KY,5,0,5,群益金鼎-開元,2023-11-15,9134
2493,揚博,5,0,5,群益金鼎-開元,2023-11-15,9134
2607,榮運,162,0,162,群益金鼎-開元,2023-11-16,9134
2727,王品,110,0,110,群益金鼎-開元,2023-11-16,9134
6901,鑽石投資,51,1,50,群益金鼎-開元,2023-11-16,9134
00878,國泰永續高股息,44,1,43,群益金鼎-開元,2023-11-16,9134
2618,長榮航,164,132,32,群益金鼎-開元,2023-11-16,9134
00885,富邦越南,30,0,30,群益金鼎-開元,2023-11-16,9134
1504,東元,33,3,30,群益金鼎-開元,2023-11-16,9134
00632R,元大台灣50反1,25,0,25,群益金鼎-開元,2023-11-16,9134
2329,華泰,66,43,23,群益金鼎-開元,2023-11-16,9134
5512,力麒,23,1,22,群益金鼎-開元,2023-11-16,9134
1717,長興,21,1,20,群益金鼎-開元,2023-11-16,9134
3056,富華新,20,0,20,群益金鼎-開元,2023-11-16,9134
2313,華通,31,13,18,群益金鼎-開元,2023-11-16,9134
00637L,元大滬深300正2,17,0,17,群益金鼎-開元,2023-11-16,9134
6213,聯茂,17,1,16,群益金鼎-開元,2023-11-16,9134
1104,環泥,15,0,15,群益金鼎-開元,2023-11-16,9134
2816,旺旺保,18,3,15,群益金鼎-開元,2023-11-16,9134
00680L,元大美債20正2,15,0,15,群益金鼎-開元,2023-11-16,9134
2812,台中銀,13,0,13,群益金鼎-開元,2023-11-16,9134
2743,山富,22,9,13,群益金鼎-開元,2023-11-16,9134
00679B,元大美債20年,12,0,12,群益金鼎-開元,2023-11-16,9134
8429,金麗-KY,10,0,10,群益金鼎-開元,2023-11-16,9134
3494,誠研,10,0,10,群益金鼎-開元,2023-11-16,9134
00688L,國泰20年美債正2,10,0,10,群益金鼎-開元,2023-11-16,9134
6603,富強鑫,10,0,10,群益金鼎-開元,2023-11-16,9134
9943,好樂迪,10,0,10,群益金鼎-開元,2023-11-16,9134
1455,集盛,10,1,9,群益金鼎-開元,2023-11-16,9134
00923,群益台ESG低碳50,10,1,9,群益金鼎-開元,2023-11-16,9134
6282,康舒,13,4,9,群益金鼎-開元,2023-11-16,9134
2356,英業達,11,4,7,群益金鼎-開元,2023-11-16,9134
2402,毅嘉,62,55,7,群益金鼎-開元,2023-11-16,9134
1522,堤維西,6,0,6,群益金鼎-開元,2023-11-16,9134
3035,智原,10,4,6,群益金鼎-開元,2023-11-16,9134
8069,元太,8,2,6,群益金鼎-開元,2023-11-16,9134
1524,耿鼎,27,21,6,群益金鼎-開元,2023-11-16,9134
2417,圓剛,39,34,5,群益金鼎-開元,2023-11-16,9134
4938,和碩,5,0,5,群益金鼎-開元,2023-11-16,9134
2489,瑞軒,5,0,5,群益金鼎-開元,2023-11-16,9134
2439,美律,10,5,5,群益金鼎-開元,2023-11-16,9134
4157,太景*-KY,5,0,5,群益金鼎-開元,2023-11-16,9134
3257,虹冠電,6,1,5,群益金鼎-開元,2023-11-16,9134
6550,北極星藥業-KY,5,0,5,群益金鼎-開元,2023-11-16,9134
00753L,中信中國50正2,6,1,5,群益金鼎-開元,2023-11-16,9134
2382,廣達,11,7,4,群益金鼎-開元,2023-11-16,9134
1477,聚陽,4,0,4,群益金鼎-開元,2023-11-16,9134
6104,創惟,5,1,4,群益金鼎-開元,2023-11-16,9134
6531,愛普*,9,5,4,群益金鼎-開元,2023-11-16,9134
2915,潤泰全,4,0,4,群益金鼎-開元,2023-11-16,9134
1609,大亞,29,25,4,群益金鼎-開元,2023-11-16,9134
00715L,期街口布蘭特正2,5,1,4,群益金鼎-開元,2023-11-16,9134
1815,富喬,171,2,169,群益金鼎-開元,2023-11-17,9134
2603,長榮,141,0,141,群益金鼎-開元,2023-11-17,9134
3479,安勤,121,3,118,群益金鼎-開元,2023-11-17,9134
3694,海華,65,5,60,群益金鼎-開元,2023-11-17,9134
1314,中石化,56,0,56,群益金鼎-開元,2023-11-17,9134
6806,森崴能源,52,0,52,群益金鼎-開元,2023-11-17,9134
2353,宏��,46,0,46,群益金鼎-開元,2023-11-17,9134
00715L,期街口布蘭特正2,33,2,31,群益金鼎-開元,2023-11-17,9134
00929,復華台灣科技優息,55,25,30,群益金鼎-開元,2023-11-17,9134
2344,華邦電,39,10,29,群益金鼎-開元,2023-11-17,9134
2363,矽統,243,216,27,群益金鼎-開元,2023-11-17,9134
1217,愛之味,25,0,25,群益金鼎-開元,2023-11-17,9134
00632R,元大台灣50反1,25,0,25,群益金鼎-開元,2023-11-17,9134
00637L,元大滬深300正2,25,0,25,群益金鼎-開元,2023-11-17,9134
8926,台汽電,20,0,20,群益金鼎-開元,2023-11-17,9134
00885,富邦越南,20,0,20,群益金鼎-開元,2023-11-17,9134
2618,長榮航,43,24,19,群益金鼎-開元,2023-11-17,9134
00753L,中信中國50正2,19,0,19,群益金鼎-開元,2023-11-17,9134
4164,承業醫,17,0,17,群益金鼎-開元,2023-11-17,9134
00665L,富邦�琤肭磪囓�2,17,0,17,群益金鼎-開元,2023-11-17,9134
1104,環泥,16,0,16,群益金鼎-開元,2023-11-17,9134
2453,凌群,15,0,15,群益金鼎-開元,2023-11-17,9134
6156,松上,15,0,15,群益金鼎-開元,2023-11-17,9134
3041,揚智,73,58,15,群益金鼎-開元,2023-11-17,9134
9938,百和,14,0,14,群益金鼎-開元,2023-11-17,9134
6284,佳邦,16,2,14,群益金鼎-開元,2023-11-17,9134
00931B,統一美債20年,12,0,12,群益金鼎-開元,2023-11-17,9134
5009,榮剛,13,1,12,群益金鼎-開元,2023-11-17,9134
2323,中環,15,3,12,群益金鼎-開元,2023-11-17,9134
2371,大同,22,10,12,群益金鼎-開元,2023-11-17,9134
3260,威剛,16,4,12,群益金鼎-開元,2023-11-17,9134
8429,金麗-KY,10,0,10,群益金鼎-開元,2023-11-17,9134
3024,憶聲,10,0,10,群益金鼎-開元,2023-11-17,9134
3078,僑威,12,2,10,群益金鼎-開元,2023-11-17,9134
8021,尖點,10,0,10,群益金鼎-開元,2023-11-17,9134
2610,華航,11,1,10,群益金鼎-開元,2023-11-17,9134
00680L,元大美債20正2,10,0,10,群益金鼎-開元,2023-11-17,9134
2722,夏都,10,0,10,群益金鼎-開元,2023-11-17,9134
3450,聯鈞,13,3,10,群益金鼎-開元,2023-11-17,9134
6589,台康生技,10,0,10,群益金鼎-開元,2023-11-17,9134
3029,零壹,9,0,9,群益金鼎-開元,2023-11-17,9134
2609,陽明,10,2,8,群益金鼎-開元,2023-11-17,9134
6122,擎邦,8,0,8,群益金鼎-開元,2023-11-17,9134
6148,驊宏資,11,3,8,群益金鼎-開元,2023-11-17,9134
2852,第一保,8,0,8,群益金鼎-開元,2023-11-17,9134
2495,普安,12,4,8,群益金鼎-開元,2023-11-17,9134
3036,文曄,15,8,7,群益金鼎-開元,2023-11-17,9134
4916,事欣科,8,1,7,群益金鼎-開元,2023-11-17,9134
2367,燿華,12,5,7,群益金鼎-開元,2023-11-17,9134
2413,環科,7,0,7,群益金鼎-開元,2023-11-17,9134
00688L,國泰20年美債正2,55,0,55,群益金鼎-開元,2023-11-20,9134
2492,華新科,53,0,53,群益金鼎-開元,2023-11-20,9134
2880,華南金,50,0,50,群益金鼎-開元,2023-11-20,9134
00650L,復華香港正2,48,0,48,群益金鼎-開元,2023-11-20,9134
00632R,元大台灣50反1,42,0,42,群益金鼎-開元,2023-11-20,9134
1217,愛之味,40,0,40,群益金鼎-開元,2023-11-20,9134
2727,王品,40,0,40,群益金鼎-開元,2023-11-20,9134
00715L,期街口布蘭特正2,40,4,36,群益金鼎-開元,2023-11-20,9134
3276,宇環,43,7,36,群益金鼎-開元,2023-11-20,9134
6015,宏遠證,33,0,33,群益金鼎-開元,2023-11-20,9134
3322,建舜電,35,2,33,群益金鼎-開元,2023-11-20,9134
2344,華邦電,32,0,32,群益金鼎-開元,2023-11-20,9134
1402,遠東新,31,0,31,群益金鼎-開元,2023-11-20,9134
2816,旺旺保,31,0,31,群益金鼎-開元,2023-11-20,9134
5864,致和證,32,3,29,群益金鼎-開元,2023-11-20,9134
2603,長榮,23,0,23,群益金鼎-開元,2023-11-20,9134
1524,耿鼎,34,11,23,群益金鼎-開元,2023-11-20,9134
1339,昭輝,22,0,22,群益金鼎-開元,2023-11-20,9134
00885,富邦越南,23,2,21,群益金鼎-開元,2023-11-20,9134
3078,僑威,23,2,21,群益金鼎-開元,2023-11-20,9134
2867,三商壽,21,0,21,群益金鼎-開元,2023-11-20,9134
1815,富喬,23,2,21,群益金鼎-開元,2023-11-20,9134
2834,臺企銀,20,0,20,群益金鼎-開元,2023-11-20,9134
8112,至上,20,1,19,群益金鼎-開元,2023-11-20,9134
6142,友勁,22,5,17,群益金鼎-開元,2023-11-20,9134
2409,友達,18,1,17,群益金鼎-開元,2023-11-20,9134
2317,鴻海,18,1,17,群益金鼎-開元,2023-11-20,9134
1519,華城,25,9,16,群益金鼎-開元,2023-11-20,9134
6770,力積電,23,7,16,群益金鼎-開元,2023-11-20,9134
2356,英業達,16,1,15,群益金鼎-開元,2023-11-20,9134
00633L,富邦上証正2,15,0,15,群益金鼎-開元,2023-11-20,9134
5371,中光電,14,0,14,群益金鼎-開元,2023-11-20,9134
5272,笙科,15,1,14,群益金鼎-開元,2023-11-20,9134
3036,文曄,22,8,14,群益金鼎-開元,2023-11-20,9134
00878,國泰永續高股息,13,0,13,群益金鼎-開元,2023-11-20,9134
5706,鳳凰,13,0,13,群益金鼎-開元,2023-11-20,9134
00655L,國泰中國A50正2,13,0,13,群益金鼎-開元,2023-11-20,9134
6244,茂迪,13,0,13,群益金鼎-開元,2023-11-20,9134
00933B,國泰10Y+金融債,15,2,13,群益金鼎-開元,2023-11-20,9134
6213,聯茂,16,3,13,群益金鼎-開元,2023-11-20,9134
1802,台玻,12,0,12,群益金鼎-開元,2023-11-20,9134
9950,萬國通,13,1,12,群益金鼎-開元,2023-11-20,9134
00919,群益台灣精選高息,22,11,11,群益金鼎-開元,2023-11-20,9134
3011,今皓,11,0,11,群益金鼎-開元,2023-11-20,9134
3481,群創,16,5,11,群益金鼎-開元,2023-11-20,9134
2390,云辰,11,1,10,群益金鼎-開元,2023-11-20,9134
00690,兆豐藍籌30,10,0,10,群益金鼎-開元,2023-11-20,9134
00921,兆豐龍頭等權重,10,0,10,群益金鼎-開元,2023-11-20,9134
3149,正達,11,1,10,群益金鼎-開元,2023-11-20,9134
5328,華容,10,0,10,群益金鼎-開元,2023-11-20,9134
00933B,國泰10Y+金融債,230,8,222,群益金鼎-開元,2023-11-21,9134
4906,正文,108,10,98,群益金鼎-開元,2023-11-21,9134
6282,康舒,106,27,79,群益金鼎-開元,2023-11-21,9134
00632R,元大台灣50反1,64,0,64,群益金鼎-開元,2023-11-21,9134
3041,揚智,46,12,34,群益金鼎-開元,2023-11-21,9134
2329,華泰,52,18,34,群益金鼎-開元,2023-11-21,9134
00929,復華台灣科技優息,34,2,32,群益金鼎-開元,2023-11-21,9134
2344,華邦電,34,5,29,群益金鼎-開元,2023-11-21,9134
5351,鈺創,54,25,29,群益金鼎-開元,2023-11-21,9134
2465,麗臺,29,1,28,群益金鼎-開元,2023-11-21,9134
6213,聯茂,29,3,26,群益金鼎-開元,2023-11-21,9134
2402,毅嘉,24,1,23,群益金鼎-開元,2023-11-21,9134
2401,凌陽,42,20,22,群益金鼎-開元,2023-11-21,9134
00650L,復華香港正2,19,0,19,群益金鼎-開元,2023-11-21,9134
5531,鄉林,30,11,19,群益金鼎-開元,2023-11-21,9134
3715,定穎投控,41,23,18,群益金鼎-開元,2023-11-21,9134
2369,菱生,29,11,18,群益金鼎-開元,2023-11-21,9134
8049,晶采,18,0,18,群益金鼎-開元,2023-11-21,9134
5347,世界,27,9,18,群益金鼎-開元,2023-11-21,9134
2390,云辰,16,0,16,群益金鼎-開元,2023-11-21,9134
2367,燿華,27,12,15,群益金鼎-開元,2023-11-21,9134
00687B,國泰20年美債,16,1,15,群益金鼎-開元,2023-11-21,9134
2852,第一保,14,0,14,群益金鼎-開元,2023-11-21,9134
6148,驊宏資,15,1,14,群益金鼎-開元,2023-11-21,9134
2634,漢翔,15,2,13,群益金鼎-開元,2023-11-21,9134
2354,鴻準,12,0,12,群益金鼎-開元,2023-11-21,9134
2352,佳世達,12,1,11,群益金鼎-開元,2023-11-21,9134
1402,遠東新,14,3,11,群益金鼎-開元,2023-11-21,9134
2303,聯電,17,6,11,群益金鼎-開元,2023-11-21,9134
2382,廣達,25,14,11,群益金鼎-開元,2023-11-21,9134
6274,台燿,12,2,10,群益金鼎-開元,2023-11-21,9134
3047,訊舟,18,8,10,群益金鼎-開元,2023-11-21,9134
2618,長榮航,15,5,10,群益金鼎-開元,2023-11-21,9134
2301,光寶科,13,3,10,群益金鼎-開元,2023-11-21,9134
2453,凌群,10,0,10,群益金鼎-開元,2023-11-21,9134
2539,櫻花建,10,0,10,群益金鼎-開元,2023-11-21,9134
3051,力特,10,0,10,群益金鼎-開元,2023-11-21,9134
3489,森寶,10,0,10,群益金鼎-開元,2023-11-21,9134
8163,達方,10,0,10,群益金鼎-開元,2023-11-21,9134
2355,敬鵬,25,16,9,群益金鼎-開元,2023-11-21,9134
3059,華晶科,23,14,9,群益金鼎-開元,2023-11-21,9134
4306,炎洲,11,2,9,群益金鼎-開元,2023-11-21,9134
2743,山富,9,0,9,群益金鼎-開元,2023-11-21,9134
3290,東浦,8,0,8,群益金鼎-開元,2023-11-21,9134
3260,威剛,11,3,8,群益金鼎-開元,2023-11-21,9134
2371,大同,14,6,8,群益金鼎-開元,2023-11-21,9134
3029,零壹,8,0,8,群益金鼎-開元,2023-11-21,9134
00903,富邦元宇宙,9,1,8,群益金鼎-開元,2023-11-21,9134
1326,台化,11,3,8,群益金鼎-開元,2023-11-21,9134
6533,晶心科,8,1,7,群益金鼎-開元,2023-11-21,9134
3706,神達,206,3,203,群益金鼎-開元,2023-11-22,9134
6585,鼎基,104,3,101,群益金鼎-開元,2023-11-22,9134
2367,燿華,100,10,90,群益金鼎-開元,2023-11-22,9134
3231,緯創,97,16,81,群益金鼎-開元,2023-11-22,9134
00929,復華台灣科技優息,86,11,75,群益金鼎-開元,2023-11-22,9134
4906,正文,52,0,52,群益金鼎-開元,2023-11-22,9134
2340,台亞,48,0,48,群益金鼎-開元,2023-11-22,9134
2801,彰銀,60,15,45,群益金鼎-開元,2023-11-22,9134
2883,凱基金,45,3,42,群益金鼎-開元,2023-11-22,9134
00878,國泰永續高股息,42,10,32,群益金鼎-開元,2023-11-22,9134
00688L,國泰20年美債正2,30,0,30,群益金鼎-開元,2023-11-22,9134
2301,光寶科,28,0,28,群益金鼎-開元,2023-11-22,9134
5443,均豪,38,10,28,群益金鼎-開元,2023-11-22,9134
8049,晶采,24,0,24,群益金鼎-開元,2023-11-22,9134
2727,王品,21,0,21,群益金鼎-開元,2023-11-22,9134
00919,群益台灣精選高息,26,5,21,群益金鼎-開元,2023-11-22,9134
6122,擎邦,23,3,20,群益金鼎-開元,2023-11-22,9134
3051,力特,20,0,20,群益金鼎-開元,2023-11-22,9134
2382,廣達,27,9,18,群益金鼎-開元,2023-11-22,9134
00905,FT臺灣Smart,16,0,16,群益金鼎-開元,2023-11-22,9134
2816,旺旺保,16,0,16,群益金鼎-開元,2023-11-22,9134
2409,友達,16,0,16,群益金鼎-開元,2023-11-22,9134
3057,喬鼎,15,0,15,群益金鼎-開元,2023-11-22,9134
5864,致和證,15,0,15,群益金鼎-開元,2023-11-22,9134
2353,宏��,14,1,13,群益金鼎-開元,2023-11-22,9134
2405,輔信,31,18,13,群益金鼎-開元,2023-11-22,9134
6558,興能高,21,8,13,群益金鼎-開元,2023-11-22,9134
1504,東元,13,0,13,群益金鼎-開元,2023-11-22,9134
5533,皇鼎,14,1,13,群益金鼎-開元,2023-11-22,9134
4744,皇將,12,0,12,群益金鼎-開元,2023-11-22,9134
5531,鄉林,32,20,12,群益金鼎-開元,2023-11-22,9134
2344,華邦電,18,6,12,群益金鼎-開元,2023-11-22,9134
4968,立積,12,0,12,群益金鼎-開元,2023-11-22,9134
2356,英業達,14,2,12,群益金鼎-開元,2023-11-22,9134
3260,威剛,14,3,11,群益金鼎-開元,2023-11-22,9134
00679B,元大美債20年,11,0,11,群益金鼎-開元,2023-11-22,9134
5880,合庫金,11,0,11,群益金鼎-開元,2023-11-22,9134
8916,光隆,10,0,10,群益金鼎-開元,2023-11-22,9134
2352,佳世達,11,1,10,群益金鼎-開元,2023-11-22,9134
8429,金麗-KY,10,0,10,群益金鼎-開元,2023-11-22,9134
2014,中鴻,10,0,10,群益金鼎-開元,2023-11-22,9134
2010,春源,10,0,10,群益金鼎-開元,2023-11-22,9134
00665L,富邦�琤肭磪囓�2,10,0,10,群益金鼎-開元,2023-11-22,9134
4128,中天,11,1,10,群益金鼎-開元,2023-11-22,9134
2330,台積電,10,0,10,群益金鼎-開元,2023-11-22,9134
5371,中光電,9,0,9,群益金鼎-開元,2023-11-22,9134
6446,藥華藥,10,1,9,群益金鼎-開元,2023-11-22,9134
2313,華通,21,12,9,群益金鼎-開元,2023-11-22,9134
2402,毅嘉,9,0,9,群益金鼎-開元,2023-11-22,9134
2701,萬企,9,0,9,群益金鼎-開元,2023-11-22,9134
2312,金寶,104,6,98,群益金鼎-開元,2023-11-23,9134
2883,凱基金,98,4,94,群益金鼎-開元,2023-11-23,9134
00929,復華台灣科技優息,93,3,90,群益金鼎-開元,2023-11-23,9134
4720,德淵,55,0,55,群益金鼎-開元,2023-11-23,9134
2323,中環,50,0,50,群益金鼎-開元,2023-11-23,9134
2880,華南金,51,1,50,群益金鼎-開元,2023-11-23,9134
3163,波若威,42,0,42,群益金鼎-開元,2023-11-23,9134
5864,致和證,47,7,40,群益金鼎-開元,2023-11-23,9134
1514,亞力,40,2,38,群益金鼎-開元,2023-11-23,9134
3231,緯創,59,25,34,群益金鼎-開元,2023-11-23,9134
2363,矽統,100,69,31,群益金鼎-開元,2023-11-23,9134
2329,華泰,31,1,30,群益金鼎-開元,2023-11-23,9134
2313,華通,80,55,25,群益金鼎-開元,2023-11-23,9134
2305,全友,23,0,23,群益金鼎-開元,2023-11-23,9134
2401,凌陽,32,10,22,群益金鼎-開元,2023-11-23,9134
2891,中信金,21,0,21,群益金鼎-開元,2023-11-23,9134
00637L,元大滬深300正2,21,0,21,群益金鼎-開元,2023-11-23,9134
2367,燿華,22,1,21,群益金鼎-開元,2023-11-23,9134
3059,華晶科,26,5,21,群益金鼎-開元,2023-11-23,9134
5347,世界,42,21,21,群益金鼎-開元,2023-11-23,9134
3035,智原,24,4,20,群益金鼎-開元,2023-11-23,9134
00903,富邦元宇宙,20,0,20,群益金鼎-開元,2023-11-23,9134
3706,神達,22,3,19,群益金鼎-開元,2023-11-23,9134
8054,安國,29,10,19,群益金鼎-開元,2023-11-23,9134
8086,宏捷科,40,22,18,群益金鼎-開元,2023-11-23,9134
3481,群創,23,6,17,群益金鼎-開元,2023-11-23,9134
9945,潤泰新,16,1,15,群益金鼎-開元,2023-11-23,9134
2476,鉅祥,19,6,13,群益金鼎-開元,2023-11-23,9134
3041,揚智,15,3,12,群益金鼎-開元,2023-11-23,9134
6237,驊訊,21,9,12,群益金鼎-開元,2023-11-23,9134
3356,奇偶,12,0,12,群益金鼎-開元,2023-11-23,9134
00902,中信電池及儲能,10,0,10,群益金鼎-開元,2023-11-23,9134
3024,憶聲,10,0,10,群益金鼎-開元,2023-11-23,9134
6015,宏遠證,10,0,10,群益金鼎-開元,2023-11-23,9134
3515,華擎,10,0,10,群益金鼎-開元,2023-11-23,9134
2355,敬鵬,12,2,10,群益金鼎-開元,2023-11-23,9134
2542,興富發,10,0,10,群益金鼎-開元,2023-11-23,9134
2610,華航,21,12,9,群益金鼎-開元,2023-11-23,9134
8183,精星,11,2,9,群益金鼎-開元,2023-11-23,9134
2337,旺宏,9,0,9,群益金鼎-開元,2023-11-23,9134
3260,威剛,28,19,9,群益金鼎-開元,2023-11-23,9134
8011,台通,10,1,9,群益金鼎-開元,2023-11-23,9134
4952,凌通,8,0,8,群益金鼎-開元,2023-11-23,9134
3450,聯鈞,14,6,8,群益金鼎-開元,2023-11-23,9134
4908,前鼎,12,4,8,群益金鼎-開元,2023-11-23,9134
5234,達興材料,8,0,8,群益金鼎-開元,2023-11-23,9134
2014,中鴻,8,0,8,群益金鼎-開元,2023-11-23,9134
6112,邁達特,8,0,8,群益金鼎-開元,2023-11-23,9134
3122,笙泉,19,11,8,群益金鼎-開元,2023-11-23,9134
3715,定穎投控,78,70,8,群益金鼎-開元,2023-11-23,9134
9950,萬國通,101,0,101,群益金鼎-開元,2023-11-24,9134
2618,長榮航,102,12,90,群益金鼎-開元,2023-11-24,9134
6446,藥華藥,81,0,81,群益金鼎-開元,2023-11-24,9134
2323,中環,73,0,73,群益金鼎-開元,2023-11-24,9134
5864,致和證,50,0,50,群益金鼎-開元,2023-11-24,9134
2208,台船,40,0,40,群益金鼎-開元,2023-11-24,9134
00919,群益台灣精選高息,39,0,39,群益金鼎-開元,2023-11-24,9134
2630,亞航,52,18,34,群益金鼎-開元,2023-11-24,9134
2645,長榮航太,31,0,31,群益金鼎-開元,2023-11-24,9134
00688L,國泰20年美債正2,30,0,30,群益金鼎-開元,2023-11-24,9134
6173,信昌電,29,1,28,群益金鼎-開元,2023-11-24,9134
00679B,元大美債20年,26,0,26,群益金鼎-開元,2023-11-24,9134
00885,富邦越南,23,0,23,群益金鼎-開元,2023-11-24,9134
2338,光罩,22,0,22,群益金鼎-開元,2023-11-24,9134
6117,迎廣,24,3,21,群益金鼎-開元,2023-11-24,9134
6841,長佳智能,21,0,21,群益金鼎-開元,2023-11-24,9134
2515,中工,20,0,20,群益金鼎-開元,2023-11-24,9134
2344,華邦電,20,0,20,群益金鼎-開元,2023-11-24,9134
6015,宏遠證,20,0,20,群益金鼎-開元,2023-11-24,9134
9945,潤泰新,20,0,20,群益金鼎-開元,2023-11-24,9134
2390,云辰,27,8,19,群益金鼎-開元,2023-11-24,9134
00931B,統一美債20年,18,0,18,群益金鼎-開元,2023-11-24,9134
1471,首利,18,0,18,群益金鼎-開元,2023-11-24,9134
5351,鈺創,70,55,15,群益金鼎-開元,2023-11-24,9134
2355,敬鵬,19,4,15,群益金鼎-開元,2023-11-24,9134
2476,鉅祥,14,0,14,群益金鼎-開元,2023-11-24,9134
2722,夏都,23,10,13,群益金鼎-開元,2023-11-24,9134
6129,普誠,19,6,13,群益金鼎-開元,2023-11-24,9134
1217,愛之味,20,8,12,群益金鼎-開元,2023-11-24,9134
2353,宏��,15,3,12,群益金鼎-開元,2023-11-24,9134
3706,神達,13,2,11,群益金鼎-開元,2023-11-24,9134
00936,台新永續高息中小,11,0,11,群益金鼎-開元,2023-11-24,9134
5347,世界,24,13,11,群益金鼎-開元,2023-11-24,9134
2705,六福,11,0,11,群益金鼎-開元,2023-11-24,9134
9928,中視,11,0,11,群益金鼎-開元,2023-11-24,9134
2417,圓剛,39,29,10,群益金鼎-開元,2023-11-24,9134
2520,冠德,10,0,10,群益金鼎-開元,2023-11-24,9134
9943,好樂迪,10,0,10,群益金鼎-開元,2023-11-24,9134
00916,國泰全球品牌50,10,0,10,群益金鼎-開元,2023-11-24,9134
6651,全宇昕,10,0,10,群益金鼎-開元,2023-11-24,9134
2349,錸德,10,0,10,群益金鼎-開元,2023-11-24,9134
9938,百和,10,0,10,群益金鼎-開元,2023-11-24,9134
1314,中石化,10,0,10,群益金鼎-開元,2023-11-24,9134
2406,國碩,10,0,10,群益金鼎-開元,2023-11-24,9134
3704,合勤控,12,3,9,群益金鼎-開元,2023-11-24,9134
6143,振曜,10,1,9,群益金鼎-開元,2023-11-24,9134
2610,華航,28,19,9,群益金鼎-開元,2023-11-24,9134
3019,亞光,10,2,8,群益金鼎-開元,2023-11-24,9134
6578,達邦蛋白,10,2,8,群益金鼎-開元,2023-11-24,9134
3031,佰鴻,8,0,8,群益金鼎-開元,2023-11-24,9134
5864,致和證,134,0,134,群益金鼎-開元,2023-11-27,9134
2883,凱基金,85,13,72,群益金鼎-開元,2023-11-27,9134
3703,欣陸,60,0,60,群益金鼎-開元,2023-11-27,9134
00919,群益台灣精選高息,84,25,59,群益金鼎-開元,2023-11-27,9134
6117,迎廣,52,4,48,群益金鼎-開元,2023-11-27,9134
5351,鈺創,47,13,34,群益金鼎-開元,2023-11-27,9134
3231,緯創,45,13,32,群益金鼎-開元,2023-11-27,9134
6290,良維,32,0,32,群益金鼎-開元,2023-11-27,9134
2457,飛宏,46,17,29,群益金鼎-開元,2023-11-27,9134
8110,華東,25,0,25,群益金鼎-開元,2023-11-27,9134
2352,佳世達,32,8,24,群益金鼎-開元,2023-11-27,9134
2382,廣達,31,7,24,群益金鼎-開元,2023-11-27,9134
5222,全訊,23,1,22,群益金鼎-開元,2023-11-27,9134
4128,中天,22,0,22,群益金鼎-開元,2023-11-27,9134
00637L,元大滬深300正2,20,0,20,群益金鼎-開元,2023-11-27,9134
1513,中興電,47,27,20,群益金鼎-開元,2023-11-27,9134
3078,僑威,19,2,17,群益金鼎-開元,2023-11-27,9134
6462,神盾,18,1,17,群益金鼎-開元,2023-11-27,9134
3035,智原,21,4,17,群益金鼎-開元,2023-11-27,9134
3013,晟銘電,17,2,15,群益金鼎-開元,2023-11-27,9134
00720B,元大投資級公司債,15,0,15,群益金鼎-開元,2023-11-27,9134
00929,復華台灣科技優息,18,3,15,群益金鼎-開元,2023-11-27,9134
00715L,期街口布蘭特正2,14,0,14,群益金鼎-開元,2023-11-27,9134
00753L,中信中國50正2,13,0,13,群益金鼎-開元,2023-11-27,9134
2852,第一保,13,0,13,群益金鼎-開元,2023-11-27,9134
3706,神達,14,1,13,群益金鼎-開元,2023-11-27,9134
2610,華航,29,16,13,群益金鼎-開元,2023-11-27,9134
4157,太景*-KY,18,6,12,群益金鼎-開元,2023-11-27,9134
2881,富邦金,11,0,11,群益金鼎-開元,2023-11-27,9134
1808,潤隆,11,0,11,群益金鼎-開元,2023-11-27,9134
2353,宏��,18,7,11,群益金鼎-開元,2023-11-27,9134
3105,穩懋,18,8,10,群益金鼎-開元,2023-11-27,9134
2022,聚亨,10,0,10,群益金鼎-開元,2023-11-27,9134
3528,安馳,10,0,10,群益金鼎-開元,2023-11-27,9134
00936,台新永續高息中小,10,0,10,群益金鼎-開元,2023-11-27,9134
6901,鑽石投資,10,0,10,群益金鼎-開元,2023-11-27,9134
1701,中化,685,675,10,群益金鼎-開元,2023-11-27,9134
4960,誠美材,10,0,10,群益金鼎-開元,2023-11-27,9134
3437,榮創,12,2,10,群益金鼎-開元,2023-11-27,9134
9943,好樂迪,10,0,10,群益金鼎-開元,2023-11-27,9134
00679B,元大美債20年,10,0,10,群益金鼎-開元,2023-11-27,9134
00905,FT臺灣Smart,9,0,9,群益金鼎-開元,2023-11-27,9134
1784,訊聯,9,0,9,群益金鼎-開元,2023-11-27,9134
2882,國泰金,14,5,9,群益金鼎-開元,2023-11-27,9134
1584,精剛,10,1,9,群益金鼎-開元,2023-11-27,9134
6127,九豪,17,8,9,群益金鼎-開元,2023-11-27,9134
6284,佳邦,12,3,9,群益金鼎-開元,2023-11-27,9134
8163,達方,9,0,9,群益金鼎-開元,2023-11-27,9134
6806,森崴能源,11,2,9,群益金鼎-開元,2023-11-27,9134
1217,愛之味,10,1,9,群益金鼎-開元,2023-11-27,9134
2353,宏��,62,2,60,群益金鼎-開元,2023-11-28,9134
2344,華邦電,82,24,58,群益金鼎-開元,2023-11-28,9134
00919,群益台灣精選高息,59,2,57,群益金鼎-開元,2023-11-28,9134
2883,凱基金,82,38,44,群益金鼎-開元,2023-11-28,9134
2022,聚亨,30,0,30,群益金鼎-開元,2023-11-28,9134
3027,盛達,30,0,30,群益金鼎-開元,2023-11-28,9134
6625,必應,25,0,25,群益金鼎-開元,2023-11-28,9134
3703,欣陸,20,0,20,群益金鼎-開元,2023-11-28,9134
2461,光群雷,20,0,20,群益金鼎-開元,2023-11-28,9134
2371,大同,23,3,20,群益金鼎-開元,2023-11-28,9134
9942,茂順,20,0,20,群益金鼎-開元,2023-11-28,9134
4960,誠美材,20,1,19,群益金鼎-開元,2023-11-28,9134
5222,全訊,23,4,19,群益金鼎-開元,2023-11-28,9134
2618,長榮航,20,3,17,群益金鼎-開元,2023-11-28,9134
00637L,元大滬深300正2,16,1,15,群益金鼎-開元,2023-11-28,9134
2330,台積電,16,1,15,群益金鼎-開元,2023-11-28,9134
00882,中信中國高股息,14,0,14,群益金鼎-開元,2023-11-28,9134
6282,康舒,16,3,13,群益金鼎-開元,2023-11-28,9134
00679B,元大美債20年,14,1,13,群益金鼎-開元,2023-11-28,9134
6213,聯茂,17,5,12,群益金鼎-開元,2023-11-28,9134
2881,富邦金,11,0,11,群益金鼎-開元,2023-11-28,9134
00665L,富邦�琤肭磪囓�2,11,0,11,群益金鼎-開元,2023-11-28,9134
2405,輔信,11,0,11,群益金鼎-開元,2023-11-28,9134
00903,富邦元宇宙,11,0,11,群益金鼎-開元,2023-11-28,9134
3546,宇峻,10,0,10,群益金鼎-開元,2023-11-28,9134
2356,英業達,10,0,10,群益金鼎-開元,2023-11-28,9134
2038,海光,10,0,10,群益金鼎-開元,2023-11-28,9134
3346,麗清,10,0,10,群益金鼎-開元,2023-11-28,9134
00753L,中信中國50正2,10,0,10,群益金鼎-開元,2023-11-28,9134
00713,元大台灣高息低波,10,0,10,群益金鼎-開元,2023-11-28,9134
6806,森崴能源,10,0,10,群益金鼎-開元,2023-11-28,9134
00933B,國泰10Y+金融債,10,0,10,群益金鼎-開元,2023-11-28,9134
6026,福邦證,10,0,10,群益金鼎-開元,2023-11-28,9134
8034,榮群,10,0,10,群益金鼎-開元,2023-11-28,9134
2002,中鋼,27,17,10,群益金鼎-開元,2023-11-28,9134
3705,永信,10,1,9,群益金鼎-開元,2023-11-28,9134
1402,遠東新,10,1,9,群益金鼎-開元,2023-11-28,9134
2301,光寶科,11,2,9,群益金鼎-開元,2023-11-28,9134
3231,緯創,16,8,8,群益金鼎-開元,2023-11-28,9134
4155,訊映,8,0,8,群益金鼎-開元,2023-11-28,9134
1514,亞力,18,10,8,群益金鼎-開元,2023-11-28,9134
9933,中鼎,16,8,8,群益金鼎-開元,2023-11-28,9134
5607,遠雄港,8,0,8,群益金鼎-開元,2023-11-28,9134
4956,光鋐,12,5,7,群益金鼎-開元,2023-11-28,9134
1815,富喬,7,0,7,群益金鼎-開元,2023-11-28,9134
6104,創惟,16,9,7,群益金鼎-開元,2023-11-28,9134
2542,興富發,6,0,6,群益金鼎-開元,2023-11-28,9134
2355,敬鵬,9,3,6,群益金鼎-開元,2023-11-28,9134
3037,欣興,10,4,6,群益金鼎-開元,2023-11-28,9134
4714,永捷,6,1,5,群益金鼎-開元,2023-11-28,9134
1714,和桐,85,2,83,群益金鼎-開元,2023-11-29,9134
2883,凱基金,77,9,68,群益金鼎-開元,2023-11-29,9134
00882,中信中國高股息,44,0,44,群益金鼎-開元,2023-11-29,9134
8112,至上,49,16,33,群益金鼎-開元,2023-11-29,9134
5871,中租-KY,30,0,30,群益金鼎-開元,2023-11-29,9134
00715L,期街口布蘭特正2,30,6,24,群益金鼎-開元,2023-11-29,9134
4714,永捷,28,6,22,群益金鼎-開元,2023-11-29,9134
00637L,元大滬深300正2,22,0,22,群益金鼎-開元,2023-11-29,9134
1701,中化,22,1,21,群益金鼎-開元,2023-11-29,9134
1905,華紙,21,0,21,群益金鼎-開元,2023-11-29,9134
6196,帆宣,20,0,20,群益金鼎-開元,2023-11-29,9134
2457,飛宏,20,0,20,群益金鼎-開元,2023-11-29,9134
00632R,元大台灣50反1,20,0,20,群益金鼎-開元,2023-11-29,9134
00936,台新永續高息中小,19,0,19,群益金鼎-開元,2023-11-29,9134
3481,群創,20,1,19,群益金鼎-開元,2023-11-29,9134
2535,達欣工,18,0,18,群益金鼎-開元,2023-11-29,9134
2891,中信金,15,0,15,群益金鼎-開元,2023-11-29,9134
3122,笙泉,19,4,15,群益金鼎-開元,2023-11-29,9134
6282,康舒,17,3,14,群益金鼎-開元,2023-11-29,9134
4167,松瑞藥,21,7,14,群益金鼎-開元,2023-11-29,9134
2449,京元電子,15,1,14,群益金鼎-開元,2023-11-29,9134
2605,新興,15,1,14,群益金鼎-開元,2023-11-29,9134
2317,鴻海,13,0,13,群益金鼎-開元,2023-11-29,9134
2356,英業達,20,7,13,群益金鼎-開元,2023-11-29,9134
2363,矽統,28,15,13,群益金鼎-開元,2023-11-29,9134
5222,全訊,13,0,13,群益金鼎-開元,2023-11-29,9134
6129,普誠,14,1,13,群益金鼎-開元,2023-11-29,9134
00933B,國泰10Y+金融債,12,0,12,群益金鼎-開元,2023-11-29,9134
3522,御嵿,12,0,12,群益金鼎-開元,2023-11-29,9134
8358,金居,11,0,11,群益金鼎-開元,2023-11-29,9134
3027,盛達,10,0,10,群益金鼎-開元,2023-11-29,9134
1307,三芳,10,0,10,群益金鼎-開元,2023-11-29,9134
00935,野村臺灣新科技50,10,0,10,群益金鼎-開元,2023-11-29,9134
6235,華孚,14,4,10,群益金鼎-開元,2023-11-29,9134
6239,力成,10,0,10,群益金鼎-開元,2023-11-29,9134
5864,致和證,10,0,10,群益金鼎-開元,2023-11-29,9134
9110,越南控-DR,10,0,10,群益金鼎-開元,2023-11-29,9134
2618,長榮航,49,40,9,群益金鼎-開元,2023-11-29,9134
2615,萬海,9,0,9,群益金鼎-開元,2023-11-29,9134
00900,富邦特選高股息30,12,3,9,群益金鼎-開元,2023-11-29,9134
3006,晶豪科,8,0,8,群益金鼎-開元,2023-11-29,9134
2401,凌陽,8,0,8,群益金鼎-開元,2023-11-29,9134
00905,FT臺灣Smart,8,0,8,群益金鼎-開元,2023-11-29,9134
00687B,國泰20年美債,7,0,7,群益金鼎-開元,2023-11-29,9134
4108,懷特,12,5,7,群益金鼎-開元,2023-11-29,9134
2903,遠百,7,0,7,群益金鼎-開元,2023-11-29,9134
00664R,國泰臺灣加權反1,7,0,7,群益金鼎-開元,2023-11-29,9134
2606,裕民,14,7,7,群益金鼎-開元,2023-11-29,9134
1603,華電,9,2,7,群益金鼎-開元,2023-11-29,9134
4744,皇將,9,2,7,群益金鼎-開元,2023-11-29,9134
8936,國統,96,5,91,群益金鼎-開元,2023-11-30,9134
00688L,國泰20年美債正2,70,0,70,群益金鼎-開元,2023-11-30,9134
2605,新興,81,11,70,群益金鼎-開元,2023-11-30,9134
3518,柏騰,60,0,60,群益金鼎-開元,2023-11-30,9134
3622,洋華,50,2,48,群益金鼎-開元,2023-11-30,9134
3522,御嵿,54,10,44,群益金鼎-開元,2023-11-30,9134
2883,凱基金,40,1,39,群益金鼎-開元,2023-11-30,9134
00882,中信中國高股息,32,0,32,群益金鼎-開元,2023-11-30,9134
00665L,富邦�琤肭磪囓�2,31,0,31,群益金鼎-開元,2023-11-30,9134
00900,富邦特選高股息30,30,0,30,群益金鼎-開元,2023-11-30,9134
3264,欣銓,29,0,29,群益金鼎-開元,2023-11-30,9134
6446,藥華藥,31,5,26,群益金鼎-開元,2023-11-30,9134
3231,緯創,42,16,26,群益金鼎-開元,2023-11-30,9134
6625,必應,26,2,24,群益金鼎-開元,2023-11-30,9134
2313,華通,31,8,23,群益金鼎-開元,2023-11-30,9134
2609,陽明,25,3,22,群益金鼎-開元,2023-11-30,9134
00738U,期元大道瓊白銀,21,0,21,群益金鼎-開元,2023-11-30,9134
3437,榮創,20,0,20,群益金鼎-開元,2023-11-30,9134
00676R,富邦臺灣加權反1,20,0,20,群益金鼎-開元,2023-11-30,9134
2515,中工,20,0,20,群益金鼎-開元,2023-11-30,9134
2390,云辰,46,26,20,群益金鼎-開元,2023-11-30,9134
2353,宏��,38,18,20,群益金鼎-開元,2023-11-30,9134
1513,中興電,22,5,17,群益金鼎-開元,2023-11-30,9134
2401,凌陽,26,9,17,群益金鼎-開元,2023-11-30,9134
2359,所羅門,46,30,16,群益金鼎-開元,2023-11-30,9134
2606,裕民,74,58,16,群益金鼎-開元,2023-11-30,9134
00751B,元大AAA至A公司債,15,0,15,群益金鼎-開元,2023-11-30,9134
3615,安可,27,14,13,群益金鼎-開元,2023-11-30,9134
2329,華泰,90,77,13,群益金鼎-開元,2023-11-30,9134
9945,潤泰新,13,0,13,群益金鼎-開元,2023-11-30,9134
2371,大同,12,0,12,群益金鼎-開元,2023-11-30,9134
2332,友訊,13,1,12,群益金鼎-開元,2023-11-30,9134
3094,聯傑,12,0,12,群益金鼎-開元,2023-11-30,9134
00632R,元大台灣50反1,12,0,12,群益金鼎-開元,2023-11-30,9134
2377,微星,13,1,12,群益金鼎-開元,2023-11-30,9134
00936,台新永續高息中小,11,0,11,群益金鼎-開元,2023-11-30,9134
00720B,元大投資級公司債,11,0,11,群益金鼎-開元,2023-11-30,9134
3481,群創,18,8,10,群益金鼎-開元,2023-11-30,9134
6525,捷敏-KY,10,0,10,群益金鼎-開元,2023-11-30,9134
1905,華紙,10,0,10,群益金鼎-開元,2023-11-30,9134
9928,中視,10,0,10,群益金鼎-開元,2023-11-30,9134
2303,聯電,10,0,10,群益金鼎-開元,2023-11-30,9134
00645,富邦日本,10,0,10,群益金鼎-開元,2023-11-30,9134
2897,王道銀行,10,0,10,群益金鼎-開元,2023-11-30,9134
2104,國際中橡,10,0,10,群益金鼎-開元,2023-11-30,9134
2516,新建,10,0,10,群益金鼎-開元,2023-11-30,9134
6233,旺玖,11,1,10,群益金鼎-開元,2023-11-30,9134
2317,鴻海,10,1,9,群益金鼎-開元,2023-11-30,9134
00633L,富邦上証正2,9,0,9,群益金鼎-開元,2023-11-30,9134
6257,矽格,16,7,9,群益金鼎-開元,2023-11-30,9134
00637L,元大滬深300正2,253,0,253,群益金鼎-開元,2023-12-01,9134
00919,群益台灣精選高息,69,9,60,群益金鼎-開元,2023-12-01,9134
00885,富邦越南,56,0,56,群益金鼎-開元,2023-12-01,9134
2617,台航,55,0,55,群益金鼎-開元,2023-12-01,9134
4960,誠美材,47,0,47,群益金鼎-開元,2023-12-01,9134
2884,玉山金,51,5,46,群益金鼎-開元,2023-12-01,9134
2485,兆赫,40,0,40,群益金鼎-開元,2023-12-01,9134
2891,中信金,39,1,38,群益金鼎-開元,2023-12-01,9134
00882,中信中國高股息,38,0,38,群益金鼎-開元,2023-12-01,9134
00632R,元大台灣50反1,38,0,38,群益金鼎-開元,2023-12-01,9134
2027,大成鋼,37,1,36,群益金鼎-開元,2023-12-01,9134
2883,凱基金,30,0,30,群益金鼎-開元,2023-12-01,9134
2390,云辰,35,6,29,群益金鼎-開元,2023-12-01,9134
1605,華新,34,5,29,群益金鼎-開元,2023-12-01,9134
6282,康舒,31,2,29,群益金鼎-開元,2023-12-01,9134
5864,致和證,28,0,28,群益金鼎-開元,2023-12-01,9134
5871,中租-KY,27,0,27,群益金鼎-開元,2023-12-01,9134
00878,國泰永續高股息,29,3,26,群益金鼎-開元,2023-12-01,9134
2355,敬鵬,38,13,25,群益金鼎-開元,2023-12-01,9134
3041,揚智,115,93,22,群益金鼎-開元,2023-12-01,9134
00679B,元大美債20年,21,0,21,群益金鼎-開元,2023-12-01,9134
4721,美琪瑪,20,0,20,群益金鼎-開元,2023-12-01,9134
2915,潤泰全,20,0,20,群益金鼎-開元,2023-12-01,9134
3276,宇環,20,1,19,群益金鼎-開元,2023-12-01,9134
2888,新光金,20,3,17,群益金鼎-開元,2023-12-01,9134
2489,瑞軒,16,0,16,群益金鼎-開元,2023-12-01,9134
6242,立康,16,0,16,群益金鼎-開元,2023-12-01,9134
2303,聯電,17,1,16,群益金鼎-開元,2023-12-01,9134
6180,橘子,19,4,15,群益金鼎-開元,2023-12-01,9134
1815,富喬,20,5,15,群益金鼎-開元,2023-12-01,9134
2913,農林,15,0,15,群益金鼎-開元,2023-12-01,9134
1101,台泥,16,2,14,群益金鼎-開元,2023-12-01,9134
00687B,國泰20年美債,14,0,14,群益金鼎-開元,2023-12-01,9134
3481,群創,15,1,14,群益金鼎-開元,2023-12-01,9134
2892,第一金,14,1,13,群益金鼎-開元,2023-12-01,9134
2359,所羅門,20,7,13,群益金鼎-開元,2023-12-01,9134
4510,高鋒,15,2,13,群益金鼎-開元,2023-12-01,9134
1711,永光,13,0,13,群益金鼎-開元,2023-12-01,9134
2023,燁輝,18,6,12,群益金鼎-開元,2023-12-01,9134
3105,穩懋,15,4,11,群益金鼎-開元,2023-12-01,9134
5425,台半,12,1,11,群益金鼎-開元,2023-12-01,9134
1301,台塑,11,0,11,群益金鼎-開元,2023-12-01,9134
2801,彰銀,11,0,11,群益金鼎-開元,2023-12-01,9134
2353,宏��,12,1,11,群益金鼎-開元,2023-12-01,9134
2425,承啟,11,0,11,群益金鼎-開元,2023-12-01,9134
4745,合富-KY,11,0,11,群益金鼎-開元,2023-12-01,9134
2324,仁寶,16,5,11,群益金鼎-開元,2023-12-01,9134
5328,華容,30,20,10,群益金鼎-開元,2023-12-01,9134
3231,緯創,36,26,10,群益金鼎-開元,2023-12-01,9134
2313,華通,24,14,10,群益金鼎-開元,2023-12-01,9134
2915,潤泰全,100,0,100,群益金鼎-開元,2023-12-04,9134
00919,群益台灣精選高息,81,3,78,群益金鼎-開元,2023-12-04,9134
5864,致和證,70,3,67,群益金鼎-開元,2023-12-04,9134
2883,凱基金,127,65,62,群益金鼎-開元,2023-12-04,9134
1701,中化,61,4,57,群益金鼎-開元,2023-12-04,9134
9919,康那香,76,23,53,群益金鼎-開元,2023-12-04,9134
00923,群益台ESG低碳50,57,8,49,群益金鼎-開元,2023-12-04,9134
00929,復華台灣科技優息,46,1,45,群益金鼎-開元,2023-12-04,9134
00715L,期街口布蘭特正2,75,31,44,群益金鼎-開元,2023-12-04,9134
2489,瑞軒,41,5,36,群益金鼎-開元,2023-12-04,9134
2888,新光金,34,2,32,群益金鼎-開元,2023-12-04,9134
1504,東元,31,0,31,群益金鼎-開元,2023-12-04,9134
2630,亞航,33,2,31,群益金鼎-開元,2023-12-04,9134
3013,晟銘電,191,166,25,群益金鼎-開元,2023-12-04,9134
00882,中信中國高股息,25,0,25,群益金鼎-開元,2023-12-04,9134
1609,大亞,30,5,25,群益金鼎-開元,2023-12-04,9134
4909,新復興,42,18,24,群益金鼎-開元,2023-12-04,9134
1568,倉佑,25,3,22,群益金鼎-開元,2023-12-04,9134
1339,昭輝,24,2,22,群益金鼎-開元,2023-12-04,9134
2367,燿華,41,20,21,群益金鼎-開元,2023-12-04,9134
2353,宏��,25,5,20,群益金鼎-開元,2023-12-04,9134
00931B,統一美債20年,31,11,20,群益金鼎-開元,2023-12-04,9134
00645,富邦日本,20,0,20,群益金鼎-開元,2023-12-04,9134
00650L,復華香港正2,20,0,20,群益金鼎-開元,2023-12-04,9134
1718,中纖,20,0,20,群益金鼎-開元,2023-12-04,9134
9945,潤泰新,27,7,20,群益金鼎-開元,2023-12-04,9134
8054,安國,24,6,18,群益金鼎-開元,2023-12-04,9134
4167,松瑞藥,34,16,18,群益金鼎-開元,2023-12-04,9134
2601,益航,28,12,16,群益金鼎-開元,2023-12-04,9134
3011,今皓,15,0,15,群益金鼎-開元,2023-12-04,9134
4960,誠美材,15,0,15,群益金鼎-開元,2023-12-04,9134
1584,精剛,14,0,14,群益金鼎-開元,2023-12-04,9134
00905,FT臺灣Smart,13,0,13,群益金鼎-開元,2023-12-04,9134
2891,中信金,14,1,13,群益金鼎-開元,2023-12-04,9134
2105,正新,13,0,13,群益金鼎-開元,2023-12-04,9134
9928,中視,13,0,13,群益金鼎-開元,2023-12-04,9134
2382,廣達,13,1,12,群益金鼎-開元,2023-12-04,9134
2476,鉅祥,12,0,12,群益金鼎-開元,2023-12-04,9134
1319,東陽,21,9,12,群益金鼎-開元,2023-12-04,9134
3006,晶豪科,11,0,11,群益金鼎-開元,2023-12-04,9134
00933B,國泰10Y+金融債,11,0,11,群益金鼎-開元,2023-12-04,9134
3669,圓展,11,0,11,群益金鼎-開元,2023-12-04,9134
2002,中鋼,16,5,11,群益金鼎-開元,2023-12-04,9134
4121,優盛,11,0,11,群益金鼎-開元,2023-12-04,9134
3706,神達,11,0,11,群益金鼎-開元,2023-12-04,9134
2906,高林,10,0,10,群益金鼎-開元,2023-12-04,9134
3276,宇環,11,1,10,群益金鼎-開元,2023-12-04,9134
00633L,富邦上証正2,10,0,10,群益金鼎-開元,2023-12-04,9134
3024,憶聲,10,0,10,群益金鼎-開元,2023-12-04,9134
6015,宏遠證,10,0,10,群益金鼎-開元,2023-12-04,9134
2344,華邦電,211,1,210,群益金鼎-開元,2023-12-05,9134
00919,群益台灣精選高息,99,0,99,群益金鼎-開元,2023-12-05,9134
1605,華新,92,1,91,群益金鼎-開元,2023-12-05,9134
00637L,元大滬深300正2,84,8,76,群益金鼎-開元,2023-12-05,9134
2601,益航,73,2,71,群益金鼎-開元,2023-12-05,9134
2892,第一金,61,1,60,群益金鼎-開元,2023-12-05,9134
4939,亞電,60,0,60,群益金鼎-開元,2023-12-05,9134
00882,中信中國高股息,48,0,48,群益金鼎-開元,2023-12-05,9134
8936,國統,39,0,39,群益金鼎-開元,2023-12-05,9134
2883,凱基金,37,1,36,群益金鼎-開元,2023-12-05,9134
6770,力積電,32,0,32,群益金鼎-開元,2023-12-05,9134
1815,富喬,39,8,31,群益金鼎-開元,2023-12-05,9134
2489,瑞軒,32,2,30,群益金鼎-開元,2023-12-05,9134
6241,易通展,30,1,29,群益金鼎-開元,2023-12-05,9134
2891,中信金,28,0,28,群益金鼎-開元,2023-12-05,9134
2617,台航,40,13,27,群益金鼎-開元,2023-12-05,9134
3078,僑威,27,2,25,群益金鼎-開元,2023-12-05,9134
2816,旺旺保,27,5,22,群益金鼎-開元,2023-12-05,9134
00878,國泰永續高股息,22,1,21,群益金鼎-開元,2023-12-05,9134
3231,緯創,32,12,20,群益金鼎-開元,2023-12-05,9134
00929,復華台灣科技優息,51,31,20,群益金鼎-開元,2023-12-05,9134
6446,藥華藥,61,41,20,群益金鼎-開元,2023-12-05,9134
3276,宇環,20,0,20,群益金鼎-開元,2023-12-05,9134
1727,中華化,20,0,20,群益金鼎-開元,2023-12-05,9134
4167,松瑞藥,81,61,20,群益金鼎-開元,2023-12-05,9134
00688L,國泰20年美債正2,20,0,20,群益金鼎-開元,2023-12-05,9134
2401,凌陽,19,0,19,群益金鼎-開元,2023-12-05,9134
3050,鈺德,18,1,17,群益金鼎-開元,2023-12-05,9134
3715,定穎投控,24,8,16,群益金鼎-開元,2023-12-05,9134
2611,志信,17,2,15,群益金鼎-開元,2023-12-05,9134
1504,東元,22,8,14,群益金鼎-開元,2023-12-05,9134
3011,今皓,13,0,13,群益金鼎-開元,2023-12-05,9134
2312,金寶,13,0,13,群益金鼎-開元,2023-12-05,9134
00753L,中信中國50正2,13,0,13,群益金鼎-開元,2023-12-05,9134
4556,旭然,13,0,13,群益金鼎-開元,2023-12-05,9134
2303,聯電,18,5,13,群益金鼎-開元,2023-12-05,9134
5347,世界,23,11,12,群益金鼎-開元,2023-12-05,9134
00905,FT臺灣Smart,12,0,12,群益金鼎-開元,2023-12-05,9134
2462,良得電,12,0,12,群益金鼎-開元,2023-12-05,9134
6485,點序,13,1,12,群益金鼎-開元,2023-12-05,9134
8088,品安,17,6,11,群益金鼎-開元,2023-12-05,9134
00665L,富邦�琤肭磪囓�2,16,5,11,群益金鼎-開元,2023-12-05,9134
4171,瑞基,10,0,10,群益金鼎-開元,2023-12-05,9134
2105,正新,11,1,10,群益金鼎-開元,2023-12-05,9134
9907,統一實,10,0,10,群益金鼎-開元,2023-12-05,9134
1304,台聚,10,0,10,群益金鼎-開元,2023-12-05,9134
1806,冠軍,10,0,10,群益金鼎-開元,2023-12-05,9134
00680L,元大美債20正2,10,0,10,群益金鼎-開元,2023-12-05,9134
5351,鈺創,12,2,10,群益金鼎-開元,2023-12-05,9134
00671R,富邦NASDAQ反1,10,0,10,群益金鼎-開元,2023-12-05,9134
2615,萬海,148,4,144,群益金鼎-開元,2023-12-06,9134
6446,藥華藥,134,2,132,群益金鼎-開元,2023-12-06,9134
00637L,元大滬深300正2,139,25,114,群益金鼎-開元,2023-12-06,9134
2355,敬鵬,135,53,82,群益金鼎-開元,2023-12-06,9134
2915,潤泰全,71,0,71,群益金鼎-開元,2023-12-06,9134
00885,富邦越南,60,5,55,群益金鼎-開元,2023-12-06,9134
00688L,國泰20年美債正2,50,0,50,群益金鼎-開元,2023-12-06,9134
00919,群益台灣精選高息,54,4,50,群益金鼎-開元,2023-12-06,9134
00933B,國泰10Y+金融債,52,10,42,群益金鼎-開元,2023-12-06,9134
2313,華通,35,12,23,群益金鼎-開元,2023-12-06,9134
2303,聯電,24,1,23,群益金鼎-開元,2023-12-06,9134
1609,大亞,24,1,23,群益金鼎-開元,2023-12-06,9134
2547,日勝生,20,0,20,群益金鼎-開元,2023-12-06,9134
00687B,國泰20年美債,22,2,20,群益金鼎-開元,2023-12-06,9134
00680L,元大美債20正2,21,1,20,群益金鼎-開元,2023-12-06,9134
2414,精技,20,0,20,群益金鼎-開元,2023-12-06,9134
6026,福邦證,20,0,20,群益金鼎-開元,2023-12-06,9134
3231,緯創,45,27,18,群益金鼎-開元,2023-12-06,9134
2388,威盛,37,21,16,群益金鼎-開元,2023-12-06,9134
5236,凌陽創新,16,0,16,群益金鼎-開元,2023-12-06,9134
2603,長榮,16,0,16,群益金鼎-開元,2023-12-06,9134
2542,興富發,15,0,15,群益金鼎-開元,2023-12-06,9134
3673,TPK-KY,15,0,15,群益金鼎-開元,2023-12-06,9134
2887,台新金,22,8,14,群益金鼎-開元,2023-12-06,9134
2421,建準,22,8,14,群益金鼎-開元,2023-12-06,9134
00632R,元大台灣50反1,13,0,13,群益金鼎-開元,2023-12-06,9134
6122,擎邦,13,0,13,群益金鼎-開元,2023-12-06,9134
4128,中天,12,0,12,群益金鼎-開元,2023-12-06,9134
00665L,富邦�琤肭磪囓�2,27,15,12,群益金鼎-開元,2023-12-06,9134
1216,統一,11,0,11,群益金鼎-開元,2023-12-06,9134
2601,益航,24,13,11,群益金鼎-開元,2023-12-06,9134
5351,鈺創,13,2,11,群益金鼎-開元,2023-12-06,9134
6136,富爾特,12,1,11,群益金鼎-開元,2023-12-06,9134
4164,承業醫,10,0,10,群益金鼎-開元,2023-12-06,9134
2453,凌群,11,1,10,群益金鼎-開元,2023-12-06,9134
1440,南紡,11,1,10,群益金鼎-開元,2023-12-06,9134
2476,鉅祥,10,0,10,群益金鼎-開元,2023-12-06,9134
3050,鈺德,14,4,10,群益金鼎-開元,2023-12-06,9134
2489,瑞軒,11,1,10,群益金鼎-開元,2023-12-06,9134
00674R,期元大S＆P黃金反1,10,0,10,群益金鼎-開元,2023-12-06,9134
2462,良得電,10,0,10,群益金鼎-開元,2023-12-06,9134
2884,玉山金,10,0,10,群益金鼎-開元,2023-12-06,9134
6194,育富,16,6,10,群益金鼎-開元,2023-12-06,9134
00715L,期街口布蘭特正2,9,0,9,群益金鼎-開元,2023-12-06,9134
9950,萬國通,11,2,9,群益金鼎-開元,2023-12-06,9134
2606,裕民,10,2,8,群益金鼎-開元,2023-12-06,9134
2610,華航,12,4,8,群益金鼎-開元,2023-12-06,9134
4167,松瑞藥,26,18,8,群益金鼎-開元,2023-12-06,9134
3704,合勤控,17,9,8,群益金鼎-開元,2023-12-06,9134
3122,笙泉,11,3,8,群益金鼎-開元,2023-12-06,9134
00919,群益台灣精選高息,222,2,220,群益金鼎-開元,2023-12-07,9134
00680L,元大美債20正2,153,4,149,群益金鼎-開元,2023-12-07,9134
3041,揚智,91,40,51,群益金鼎-開元,2023-12-07,9134
3058,立德,50,0,50,群益金鼎-開元,2023-12-07,9134
00715L,期街口布蘭特正2,45,0,45,群益金鼎-開元,2023-12-07,9134
3276,宇環,42,1,41,群益金鼎-開元,2023-12-07,9134
2303,聯電,41,8,33,群益金鼎-開元,2023-12-07,9134
00687B,國泰20年美債,33,0,33,群益金鼎-開元,2023-12-07,9134
5871,中租-KY,31,0,31,群益金鼎-開元,2023-12-07,9134
2867,三商壽,30,0,30,群益金鼎-開元,2023-12-07,9134
4960,誠美材,26,0,26,群益金鼎-開元,2023-12-07,9134
00888,永豐台灣ESG,26,0,26,群益金鼎-開元,2023-12-07,9134
3481,群創,26,1,25,群益金鼎-開元,2023-12-07,9134
00936,台新永續高息中小,25,0,25,群益金鼎-開元,2023-12-07,9134
1618,合機,47,23,24,群益金鼎-開元,2023-12-07,9134
00882,中信中國高股息,23,0,23,群益金鼎-開元,2023-12-07,9134
6446,藥華藥,22,1,21,群益金鼎-開元,2023-12-07,9134
5347,世界,21,0,21,群益金鼎-開元,2023-12-07,9134
00918,大華優利高填息30,21,0,21,群益金鼎-開元,2023-12-07,9134
2363,矽統,22,2,20,群益金鼎-開元,2023-12-07,9134
00633L,富邦上証正2,20,0,20,群益金鼎-開元,2023-12-07,9134
4426,利勤,17,0,17,群益金鼎-開元,2023-12-07,9134
2603,長榮,17,1,16,群益金鼎-開元,2023-12-07,9134
1210,大成,17,1,16,群益金鼎-開元,2023-12-07,9134
00688L,國泰20年美債正2,55,40,15,群益金鼎-開元,2023-12-07,9134
6233,旺玖,21,6,15,群益金鼎-開元,2023-12-07,9134
4967,十銓,26,12,14,群益金鼎-開元,2023-12-07,9134
1314,中石化,14,0,14,群益金鼎-開元,2023-12-07,9134
2402,毅嘉,19,5,14,群益金鼎-開元,2023-12-07,9134
2344,華邦電,13,0,13,群益金鼎-開元,2023-12-07,9134
2204,中華,15,2,13,群益金鼎-開元,2023-12-07,9134
6126,信音,14,1,13,群益金鼎-開元,2023-12-07,9134
6414,樺漢,13,0,13,群益金鼎-開元,2023-12-07,9134
2543,皇昌,13,0,13,群益金鼎-開元,2023-12-07,9134
00712,復華富時不動產,12,0,12,群益金鼎-開元,2023-12-07,9134
00921,兆豐龍頭等權重,12,0,12,群益金鼎-開元,2023-12-07,9134
1568,倉佑,22,10,12,群益金鼎-開元,2023-12-07,9134
2888,新光金,11,0,11,群益金鼎-開元,2023-12-07,9134
6136,富爾特,11,0,11,群益金鼎-開元,2023-12-07,9134
1616,億泰,18,8,10,群益金鼎-開元,2023-12-07,9134
2605,新興,23,13,10,群益金鼎-開元,2023-12-07,9134
5864,致和證,10,0,10,群益金鼎-開元,2023-12-07,9134
5009,榮剛,11,1,10,群益金鼎-開元,2023-12-07,9134
00934,中信成長高股息,10,0,10,群益金鼎-開元,2023-12-07,9134
9103,美德醫療-DR,10,0,10,群益金鼎-開元,2023-12-07,9134
2612,中航,10,0,10,群益金鼎-開元,2023-12-07,9134
8085,福華,10,0,10,群益金鼎-開元,2023-12-07,9134
2722,夏都,10,0,10,群益金鼎-開元,2023-12-07,9134
00636,國泰中國A50,10,0,10,群益金鼎-開元,2023-12-07,9134
2316,楠梓電,10,0,10,群益金鼎-開元,2023-12-07,9134
1514,亞力,225,54,171,群益金鼎-開元,2023-12-08,9134
00937B,群益ESG投等債20,90,21,69,群益金鼎-開元,2023-12-08,9134
1504,東元,54,0,54,群益金鼎-開元,2023-12-08,9134
00919,群益台灣精選高息,106,55,51,群益金鼎-開元,2023-12-08,9134
00882,中信中國高股息,46,0,46,群益金鼎-開元,2023-12-08,9134
2605,新興,59,22,37,群益金鼎-開元,2023-12-08,9134
6805,富世達,30,0,30,群益金鼎-開元,2023-12-08,9134
3532,台勝科,30,0,30,群益金鼎-開元,2023-12-08,9134
00687B,國泰20年美債,30,0,30,群益金鼎-開元,2023-12-08,9134
4114,健喬,27,0,27,群益金鼎-開元,2023-12-08,9134
00715L,期街口布蘭特正2,29,4,25,群益金鼎-開元,2023-12-08,9134
00679B,元大美債20年,25,1,24,群益金鼎-開元,2023-12-08,9134
2331,精英,26,3,23,群益金鼎-開元,2023-12-08,9134
2399,映泰,22,0,22,群益金鼎-開元,2023-12-08,9134
1440,南紡,23,1,22,群益金鼎-開元,2023-12-08,9134
2606,裕民,23,1,22,群益金鼎-開元,2023-12-08,9134
2515,中工,21,0,21,群益金鼎-開元,2023-12-08,9134
2906,高林,20,0,20,群益金鼎-開元,2023-12-08,9134
2748,雲品,20,0,20,群益金鼎-開元,2023-12-08,9134
2882,國泰金,19,0,19,群益金鼎-開元,2023-12-08,9134
2329,華泰,44,26,18,群益金鼎-開元,2023-12-08,9134
6016,康和證,17,0,17,群益金鼎-開元,2023-12-08,9134
00929,復華台灣科技優息,19,2,17,群益金鼎-開元,2023-12-08,9134
2641,正德,24,8,16,群益金鼎-開元,2023-12-08,9134
00931B,統一美債20年,15,0,15,群益金鼎-開元,2023-12-08,9134
2414,精技,15,0,15,群益金鼎-開元,2023-12-08,9134
3694,海華,15,0,15,群益金鼎-開元,2023-12-08,9134
00632R,元大台灣50反1,28,13,15,群益金鼎-開元,2023-12-08,9134
4164,承業醫,15,0,15,群益金鼎-開元,2023-12-08,9134
00738U,期元大道瓊白銀,14,0,14,群益金鼎-開元,2023-12-08,9134
6485,點序,21,7,14,群益金鼎-開元,2023-12-08,9134
1522,堤維西,43,31,12,群益金鼎-開元,2023-12-08,9134
2390,云辰,12,0,12,群益金鼎-開元,2023-12-08,9134
3311,閎暉,11,0,11,群益金鼎-開元,2023-12-08,9134
4157,太景*-KY,12,1,11,群益金鼎-開元,2023-12-08,9134
1506,正道,11,0,11,群益金鼎-開元,2023-12-08,9134
2359,所羅門,11,0,11,群益金鼎-開元,2023-12-08,9134
6282,康舒,12,1,11,群益金鼎-開元,2023-12-08,9134
5864,致和證,11,0,11,群益金鼎-開元,2023-12-08,9134
1721,三晃,11,0,11,群益金鼎-開元,2023-12-08,9134
3481,群創,11,0,11,群益金鼎-開元,2023-12-08,9134
00680L,元大美債20正2,11,0,11,群益金鼎-開元,2023-12-08,9134
00712,復華富時不動產,10,0,10,群益金鼎-開元,2023-12-08,9134
3296,勝德,10,0,10,群益金鼎-開元,2023-12-08,9134
6136,富爾特,10,0,10,群益金鼎-開元,2023-12-08,9134
5210,寶碩,10,0,10,群益金鼎-開元,2023-12-08,9134
4909,新復興,13,3,10,群益金鼎-開元,2023-12-08,9134
3105,穩懋,9,0,9,群益金鼎-開元,2023-12-08,9134
5386,青雲,9,0,9,群益金鼎-開元,2023-12-08,9134
5381,合正,15,6,9,群益金鼎-開元,2023-12-08,9134
00919,群益台灣精選高息,148,8,140,群益金鼎-開元,2023-12-11,9134
00637L,元大滬深300正2,170,40,130,群益金鼎-開元,2023-12-11,9134
00918,大華優利高填息30,120,0,120,群益金鼎-開元,2023-12-11,9134
2516,新建,75,15,60,群益金鼎-開元,2023-12-11,9134
2605,新興,67,22,45,群益金鼎-開元,2023-12-11,9134
1515,力山,49,4,45,群益金鼎-開元,2023-12-11,9134
2002,中鋼,52,7,45,群益金鼎-開元,2023-12-11,9134
3231,緯創,70,27,43,群益金鼎-開元,2023-12-11,9134
2388,威盛,40,2,38,群益金鼎-開元,2023-12-11,9134
2105,正新,33,2,31,群益金鼎-開元,2023-12-11,9134
2897,王道銀行,30,0,30,群益金鼎-開元,2023-12-11,9134
00882,中信中國高股息,40,10,30,群益金鼎-開元,2023-12-11,9134
4745,合富-KY,29,0,29,群益金鼎-開元,2023-12-11,9134
3548,兆利,29,0,29,群益金鼎-開元,2023-12-11,9134
6243,迅杰,34,5,29,群益金鼎-開元,2023-12-11,9134
1733,五鼎,30,1,29,群益金鼎-開元,2023-12-11,9134
1217,愛之味,25,0,25,群益金鼎-開元,2023-12-11,9134
1513,中興電,25,2,23,群益金鼎-開元,2023-12-11,9134
2883,凱基金,22,1,21,群益金鼎-開元,2023-12-11,9134
00679B,元大美債20年,21,0,21,群益金鼎-開元,2023-12-11,9134
4906,正文,21,0,21,群益金鼎-開元,2023-12-11,9134
9943,好樂迪,20,0,20,群益金鼎-開元,2023-12-11,9134
00715L,期街口布蘭特正2,23,6,17,群益金鼎-開元,2023-12-11,9134
2618,長榮航,21,5,16,群益金鼎-開元,2023-12-11,9134
3438,類比科,16,0,16,群益金鼎-開元,2023-12-11,9134
3276,宇環,16,1,15,群益金鼎-開元,2023-12-11,9134
3499,環天科,20,5,15,群益金鼎-開元,2023-12-11,9134
2401,凌陽,16,1,15,群益金鼎-開元,2023-12-11,9134
1524,耿鼎,24,11,13,群益金鼎-開元,2023-12-11,9134
3041,揚智,16,3,13,群益金鼎-開元,2023-12-11,9134
2425,承啟,15,2,13,群益金鼎-開元,2023-12-11,9134
3715,定穎投控,39,26,13,群益金鼎-開元,2023-12-11,9134
00923,群益台ESG低碳50,13,0,13,群益金鼎-開元,2023-12-11,9134
1522,堤維西,22,10,12,群益金鼎-開元,2023-12-11,9134
5864,致和證,12,0,12,群益金鼎-開元,2023-12-11,9134
1781,合世,12,1,11,群益金鼎-開元,2023-12-11,9134
2610,華航,13,2,11,群益金鼎-開元,2023-12-11,9134
00680L,元大美債20正2,11,0,11,群益金鼎-開元,2023-12-11,9134
2414,精技,11,0,11,群益金鼎-開元,2023-12-11,9134
2409,友達,11,0,11,群益金鼎-開元,2023-12-11,9134
4561,健椿,12,1,11,群益金鼎-開元,2023-12-11,9134
00929,復華台灣科技優息,12,2,10,群益金鼎-開元,2023-12-11,9134
6799,來頡,11,1,10,群益金鼎-開元,2023-12-11,9134
1720,生達,10,0,10,群益金鼎-開元,2023-12-11,9134
6136,富爾特,10,0,10,群益金鼎-開元,2023-12-11,9134
3607,谷崧,20,10,10,群益金鼎-開元,2023-12-11,9134
4967,十銓,14,4,10,群益金鼎-開元,2023-12-11,9134
6257,矽格,10,0,10,群益金鼎-開元,2023-12-11,9134
2014,中鴻,8,0,8,群益金鼎-開元,2023-12-11,9134
3035,智原,13,5,8,群益金鼎-開元,2023-12-11,9134
00687B,國泰20年美債,88,3,85,群益金鼎-開元,2023-12-12,9134
00919,群益台灣精選高息,155,71,84,群益金鼎-開元,2023-12-12,9134
00918,大華優利高填息30,59,0,59,群益金鼎-開元,2023-12-12,9134
3231,緯創,63,7,56,群益金鼎-開元,2023-12-12,9134
4908,前鼎,60,6,54,群益金鼎-開元,2023-12-12,9134
2363,矽統,247,202,45,群益金鼎-開元,2023-12-12,9134
1608,華榮,63,21,42,群益金鼎-開元,2023-12-12,9134
3712,永崴投控,67,26,41,群益金鼎-開元,2023-12-12,9134
00706L,期元大S＆P日圓正2,40,0,40,群益金鼎-開元,2023-12-12,9134
4906,正文,85,47,38,群益金鼎-開元,2023-12-12,9134
3380,明泰,48,11,37,群益金鼎-開元,2023-12-12,9134
2401,凌陽,39,7,32,群益金鼎-開元,2023-12-12,9134
3548,兆利,31,0,31,群益金鼎-開元,2023-12-12,9134
1513,中興電,33,3,30,群益金鼎-開元,2023-12-12,9134
1504,東元,36,6,30,群益金鼎-開元,2023-12-12,9134
2883,凱基金,33,5,28,群益金鼎-開元,2023-12-12,9134
00715L,期街口布蘭特正2,25,0,25,群益金鼎-開元,2023-12-12,9134
00712,復華富時不動產,24,0,24,群益金鼎-開元,2023-12-12,9134
2615,萬海,24,3,21,群益金鼎-開元,2023-12-12,9134
4967,十銓,25,4,21,群益金鼎-開元,2023-12-12,9134
5864,致和證,20,0,20,群益金鼎-開元,2023-12-12,9134
2002,中鋼,22,3,19,群益金鼎-開元,2023-12-12,9134
00935,野村臺灣新科技50,19,0,19,群益金鼎-開元,2023-12-12,9134
00937B,群益ESG投等債20,82,64,18,群益金鼎-開元,2023-12-12,9134
2915,潤泰全,18,0,18,群益金鼎-開元,2023-12-12,9134
00645,富邦日本,18,0,18,群益金鼎-開元,2023-12-12,9134
9945,潤泰新,17,0,17,群益金鼎-開元,2023-12-12,9134
3293,鈊象,17,0,17,群益金鼎-開元,2023-12-12,9134
2323,中環,17,0,17,群益金鼎-開元,2023-12-12,9134
2105,正新,19,3,16,群益金鼎-開元,2023-12-12,9134
2610,華航,23,7,16,群益金鼎-開元,2023-12-12,9134
8049,晶采,16,0,16,群益金鼎-開元,2023-12-12,9134
00882,中信中國高股息,36,20,16,群益金鼎-開元,2023-12-12,9134
6187,萬潤,18,3,15,群益金鼎-開元,2023-12-12,9134
2312,金寶,16,1,15,群益金鼎-開元,2023-12-12,9134
1217,愛之味,14,0,14,群益金鼎-開元,2023-12-12,9134
3437,榮創,14,0,14,群益金鼎-開元,2023-12-12,9134
5521,工信,59,45,14,群益金鼎-開元,2023-12-12,9134
1314,中石化,13,1,12,群益金鼎-開元,2023-12-12,9134
5353,台林,12,0,12,群益金鼎-開元,2023-12-12,9134
2374,佳能,17,6,11,群益金鼎-開元,2023-12-12,9134
2630,亞航,12,1,11,群益金鼎-開元,2023-12-12,9134
00680L,元大美債20正2,10,0,10,群益金鼎-開元,2023-12-12,9134
4745,合富-KY,10,0,10,群益金鼎-開元,2023-12-12,9134
2611,志信,12,2,10,群益金鼎-開元,2023-12-12,9134
8429,金麗-KY,10,0,10,群益金鼎-開元,2023-12-12,9134
6603,富強鑫,10,0,10,群益金鼎-開元,2023-12-12,9134
3715,定穎投控,11,1,10,群益金鼎-開元,2023-12-12,9134
2392,正崴,23,14,9,群益金鼎-開元,2023-12-12,9134
3078,僑威,11,2,9,群益金鼎-開元,2023-12-12,9134
00933B,國泰10Y+金融債,105,1,104,群益金鼎-開元,2023-12-13,9134
00931B,統一美債20年,113,22,91,群益金鼎-開元,2023-12-13,9134
00919,群益台灣精選高息,108,24,84,群益金鼎-開元,2023-12-13,9134
00918,大華優利高填息30,56,1,55,群益金鼎-開元,2023-12-13,9134
2618,長榮航,47,4,43,群益金鼎-開元,2023-12-13,9134
2605,新興,50,7,43,群益金鼎-開元,2023-12-13,9134
5871,中租-KY,41,1,40,群益金鼎-開元,2023-12-13,9134
1447,力鵬,40,0,40,群益金鼎-開元,2023-12-13,9134
00637L,元大滬深300正2,62,25,37,群益金鼎-開元,2023-12-13,9134
1504,東元,36,0,36,群益金鼎-開元,2023-12-13,9134
2002,中鋼,37,1,36,群益金鼎-開元,2023-12-13,9134
2630,亞航,31,0,31,群益金鼎-開元,2023-12-13,9134
2615,萬海,40,10,30,群益金鼎-開元,2023-12-13,9134
2374,佳能,31,1,30,群益金鼎-開元,2023-12-13,9134
2882,國泰金,25,0,25,群益金鼎-開元,2023-12-13,9134
3293,鈊象,37,12,25,群益金鼎-開元,2023-12-13,9134
6684,安格,22,0,22,群益金鼎-開元,2023-12-13,9134
2901,欣欣,22,0,22,群益金鼎-開元,2023-12-13,9134
2889,國票金,22,0,22,群益金鼎-開元,2023-12-13,9134
2465,麗臺,21,2,19,群益金鼎-開元,2023-12-13,9134
2485,兆赫,24,5,19,群益金鼎-開元,2023-12-13,9134
00687B,國泰20年美債,18,1,17,群益金鼎-開元,2023-12-13,9134
2852,第一保,16,0,16,群益金鼎-開元,2023-12-13,9134
1608,華榮,23,7,16,群益金鼎-開元,2023-12-13,9134
1584,精剛,42,26,16,群益金鼎-開元,2023-12-13,9134
3706,神達,41,26,15,群益金鼎-開元,2023-12-13,9134
2612,中航,15,0,15,群益金鼎-開元,2023-12-13,9134
1314,中石化,15,0,15,群益金鼎-開元,2023-12-13,9134
1609,大亞,20,5,15,群益金鼎-開元,2023-12-13,9134
00720B,元大投資級公司債,15,0,15,群益金鼎-開元,2023-12-13,9134
2634,漢翔,21,7,14,群益金鼎-開元,2023-12-13,9134
3325,旭品,14,0,14,群益金鼎-開元,2023-12-13,9134
4745,合富-KY,14,0,14,群益金鼎-開元,2023-12-13,9134
2449,京元電子,21,8,13,群益金鼎-開元,2023-12-13,9134
8049,晶采,13,0,13,群益金鼎-開元,2023-12-13,9134
2382,廣達,16,4,12,群益金鼎-開元,2023-12-13,9134
5347,世界,13,1,12,群益金鼎-開元,2023-12-13,9134
2609,陽明,16,4,12,群益金鼎-開元,2023-12-13,9134
8071,能率網通,12,0,12,群益金鼎-開元,2023-12-13,9134
3035,智原,17,6,11,群益金鼎-開元,2023-12-13,9134
4543,萬在,14,3,11,群益金鼎-開元,2023-12-13,9134
4906,正文,37,27,10,群益金鼎-開元,2023-12-13,9134
6179,亞通,10,0,10,群益金鼎-開元,2023-12-13,9134
1446,宏和,10,0,10,群益金鼎-開元,2023-12-13,9134
00903,富邦元宇宙,10,0,10,群益金鼎-開元,2023-12-13,9134
2331,精英,11,2,9,群益金鼎-開元,2023-12-13,9134
00650L,復華香港正2,9,0,9,群益金鼎-開元,2023-12-13,9134
00935,野村臺灣新科技50,9,0,9,群益金鼎-開元,2023-12-13,9134
2884,玉山金,10,2,8,群益金鼎-開元,2023-12-13,9134
9945,潤泰新,10,1,9,群益金鼎-開元,2023-12-13,9134
00687B,國泰20年美債,122,1,121,群益金鼎-開元,2023-12-14,9134
00632R,元大台灣50反1,91,0,91,群益金鼎-開元,2023-12-14,9134
00937B,群益ESG投等債20,61,1,60,群益金鼎-開元,2023-12-14,9134
00650L,復華香港正2,50,0,50,群益金鼎-開元,2023-12-14,9134
6605,帝寶,86,38,48,群益金鼎-開元,2023-12-14,9134
00688L,國泰20年美債正2,57,10,47,群益金鼎-開元,2023-12-14,9134
2387,精元,30,1,29,群益金鼎-開元,2023-12-14,9134
2609,陽明,27,4,23,群益金鼎-開元,2023-12-14,9134
6185,幃翔,24,1,23,群益金鼎-開元,2023-12-14,9134
6153,嘉聯益,22,0,22,群益金鼎-開元,2023-12-14,9134
6271,同欣電,23,1,22,群益金鼎-開元,2023-12-14,9134
1815,富喬,33,14,19,群益金鼎-開元,2023-12-14,9134
2637,慧洋-KY,20,1,19,群益金鼎-開元,2023-12-14,9134
5521,工信,39,20,19,群益金鼎-開元,2023-12-14,9134
00919,群益台灣精選高息,102,84,18,群益金鼎-開元,2023-12-14,9134
3390,旭軟,34,17,17,群益金鼎-開元,2023-12-14,9134
2641,正德,24,7,17,群益金鼎-開元,2023-12-14,9134
3322,建舜電,15,0,15,群益金鼎-開元,2023-12-14,9134
00720B,元大投資級公司債,15,0,15,群益金鼎-開元,2023-12-14,9134
1609,大亞,17,2,15,群益金鼎-開元,2023-12-14,9134
00903,富邦元宇宙,20,5,15,群益金鼎-開元,2023-12-14,9134
1605,華新,16,1,15,群益金鼎-開元,2023-12-14,9134
8086,宏捷科,16,2,14,群益金鼎-開元,2023-12-14,9134
3706,神達,14,0,14,群益金鼎-開元,2023-12-14,9134
2739,寒舍,19,5,14,群益金鼎-開元,2023-12-14,9134
00885,富邦越南,14,0,14,群益金鼎-開元,2023-12-14,9134
5608,四維航,14,0,14,群益金鼎-開元,2023-12-14,9134
5272,笙科,18,5,13,群益金鼎-開元,2023-12-14,9134
6257,矽格,22,9,13,群益金鼎-開元,2023-12-14,9134
1513,中興電,15,2,13,群益金鼎-開元,2023-12-14,9134
3051,力特,27,14,13,群益金鼎-開元,2023-12-14,9134
3380,明泰,17,5,12,群益金鼎-開元,2023-12-14,9134
2615,萬海,20,9,11,群益金鼎-開元,2023-12-14,9134
2419,仲琦,27,16,11,群益金鼎-開元,2023-12-14,9134
3622,洋華,21,11,10,群益金鼎-開元,2023-12-14,9134
3548,兆利,10,0,10,群益金鼎-開元,2023-12-14,9134
2329,華泰,22,12,10,群益金鼎-開元,2023-12-14,9134
00936,台新永續高息中小,10,0,10,群益金鼎-開元,2023-12-14,9134
2390,云辰,23,13,10,群益金鼎-開元,2023-12-14,9134
2349,錸德,10,0,10,群益金鼎-開元,2023-12-14,9134
3515,華擎,10,0,10,群益金鼎-開元,2023-12-14,9134
3013,晟銘電,22,12,10,群益金鼎-開元,2023-12-14,9134
1524,耿鼎,18,9,9,群益金鼎-開元,2023-12-14,9134
2425,承啟,13,4,9,群益金鼎-開元,2023-12-14,9134
1618,合機,44,35,9,群益金鼎-開元,2023-12-14,9134
4915,致伸,11,2,9,群益金鼎-開元,2023-12-14,9134
4958,臻鼎-KY,9,1,8,群益金鼎-開元,2023-12-14,9134
2365,昆盈,29,21,8,群益金鼎-開元,2023-12-14,9134
3171,炎洲流通,8,0,8,群益金鼎-開元,2023-12-14,9134
3038,全台,8,0,8,群益金鼎-開元,2023-12-14,9134
00929,復華台灣科技優息,253,100,153,群益金鼎-開元,2023-12-15,9134
00919,群益台灣精選高息,172,32,140,群益金鼎-開元,2023-12-15,9134
2356,英業達,214,111,103,群益金鼎-開元,2023-12-15,9134
2736,富野,78,0,78,群益金鼎-開元,2023-12-15,9134
2462,良得電,70,0,70,群益金鼎-開元,2023-12-15,9134
2363,矽統,243,176,67,群益金鼎-開元,2023-12-15,9134
3346,麗清,51,0,51,群益金鼎-開元,2023-12-15,9134
00688L,國泰20年美債正2,48,0,48,群益金鼎-開元,2023-12-15,9134
2023,燁輝,61,14,47,群益金鼎-開元,2023-12-15,9134
2880,華南金,46,1,45,群益金鼎-開元,2023-12-15,9134
2739,寒舍,39,0,39,群益金鼎-開元,2023-12-15,9134
00918,大華優利高填息30,39,0,39,群益金鼎-開元,2023-12-15,9134
00632R,元大台灣50反1,35,0,35,群益金鼎-開元,2023-12-15,9134
8429,金麗-KY,30,0,30,群益金鼎-開元,2023-12-15,9134
2607,榮運,36,6,30,群益金鼎-開元,2023-12-15,9134
00927,群益半導體收益,40,11,29,群益金鼎-開元,2023-12-15,9134
2605,新興,33,4,29,群益金鼎-開元,2023-12-15,9134
00878,國泰永續高股息,33,4,29,群益金鼎-開元,2023-12-15,9134
00937B,群益ESG投等債20,99,72,27,群益金鼎-開元,2023-12-15,9134
00885,富邦越南,27,0,27,群益金鼎-開元,2023-12-15,9134
2618,長榮航,31,4,27,群益金鼎-開元,2023-12-15,9134
2801,彰銀,35,9,26,群益金鼎-開元,2023-12-15,9134
00687B,國泰20年美債,45,20,25,群益金鼎-開元,2023-12-15,9134
2498,宏達電,23,1,22,群益金鼎-開元,2023-12-15,9134
00915,凱基優選高股息30,21,0,21,群益金鼎-開元,2023-12-15,9134
3276,宇環,20,0,20,群益金鼎-開元,2023-12-15,9134
00680L,元大美債20正2,20,0,20,群益金鼎-開元,2023-12-15,9134
00679B,元大美債20年,25,5,20,群益金鼎-開元,2023-12-15,9134
8201,無敵,21,4,17,群益金鼎-開元,2023-12-15,9134
2412,中華電,15,0,15,群益金鼎-開元,2023-12-15,9134
2324,仁寶,21,6,15,群益金鼎-開元,2023-12-15,9134
5351,鈺創,23,8,15,群益金鼎-開元,2023-12-15,9134
2641,正德,19,5,14,群益金鼎-開元,2023-12-15,9134
3715,定穎投控,36,23,13,群益金鼎-開元,2023-12-15,9134
1513,中興電,16,3,13,群益金鼎-開元,2023-12-15,9134
1101,台泥,12,0,12,群益金鼎-開元,2023-12-15,9134
3078,僑威,12,1,11,群益金鼎-開元,2023-12-15,9134
00650L,復華香港正2,16,5,11,群益金鼎-開元,2023-12-15,9134
00637L,元大滬深300正2,21,10,11,群益金鼎-開元,2023-12-15,9134
5011,久陽,21,10,11,群益金鼎-開元,2023-12-15,9134
3058,立德,11,0,11,群益金鼎-開元,2023-12-15,9134
4915,致伸,13,2,11,群益金鼎-開元,2023-12-15,9134
6486,互動,11,0,11,群益金鼎-開元,2023-12-15,9134
2009,第一銅,15,4,11,群益金鼎-開元,2023-12-15,9134
3035,智原,15,5,10,群益金鼎-開元,2023-12-15,9134
00934,中信成長高股息,11,1,10,群益金鼎-開元,2023-12-15,9134
2301,光寶科,33,23,10,群益金鼎-開元,2023-12-15,9134
2388,威盛,16,6,10,群益金鼎-開元,2023-12-15,9134
3088,艾訊,11,1,10,群益金鼎-開元,2023-12-15,9134
1217,愛之味,10,0,10,群益金鼎-開元,2023-12-15,9134
00919,群益台灣精選高息,214,40,174,群益金鼎-開元,2023-12-18,9134
2618,長榮航,119,11,108,群益金鼎-開元,2023-12-18,9134
4908,前鼎,75,5,70,群益金鼎-開元,2023-12-18,9134
00929,復華台灣科技優息,85,15,70,群益金鼎-開元,2023-12-18,9134
00918,大華優利高填息30,55,4,51,群益金鼎-開元,2023-12-18,9134
00688L,國泰20年美債正2,50,0,50,群益金鼎-開元,2023-12-18,9134
2312,金寶,49,5,44,群益金鼎-開元,2023-12-18,9134
6770,力積電,37,1,36,群益金鼎-開元,2023-12-18,9134
1609,大亞,34,1,33,群益金鼎-開元,2023-12-18,9134
00885,富邦越南,28,0,28,群益金鼎-開元,2023-12-18,9134
00931B,統一美債20年,40,14,26,群益金鼎-開元,2023-12-18,9134
9933,中鼎,30,4,26,群益金鼎-開元,2023-12-18,9134
2363,矽統,30,5,25,群益金鼎-開元,2023-12-18,9134
3704,合勤控,24,2,22,群益金鼎-開元,2023-12-18,9134
00680L,元大美債20正2,22,1,21,群益金鼎-開元,2023-12-18,9134
1218,泰山,21,0,21,群益金鼎-開元,2023-12-18,9134
3710,連展投控,20,0,20,群益金鼎-開元,2023-12-18,9134
3715,定穎投控,22,2,20,群益金鼎-開元,2023-12-18,9134
1513,中興電,19,1,18,群益金鼎-開元,2023-12-18,9134
5222,全訊,17,0,17,群益金鼎-開元,2023-12-18,9134
2010,春源,25,10,15,群益金鼎-開元,2023-12-18,9134
2031,新光鋼,23,8,15,群益金鼎-開元,2023-12-18,9134
2401,凌陽,15,1,14,群益金鼎-開元,2023-12-18,9134
1524,耿鼎,20,6,14,群益金鼎-開元,2023-12-18,9134
3346,麗清,14,0,14,群益金鼎-開元,2023-12-18,9134
5864,致和證,14,0,14,群益金鼎-開元,2023-12-18,9134
2530,華建,14,0,14,群益金鼎-開元,2023-12-18,9134
2356,英業達,52,39,13,群益金鼎-開元,2023-12-18,9134
2027,大成鋼,17,4,13,群益金鼎-開元,2023-12-18,9134
4909,新復興,24,11,13,群益金鼎-開元,2023-12-18,9134
2030,彰源,13,1,12,群益金鼎-開元,2023-12-18,9134
2637,慧洋-KY,14,2,12,群益金鼎-開元,2023-12-18,9134
1718,中纖,20,8,12,群益金鼎-開元,2023-12-18,9134
2206,三陽工業,17,5,12,群益金鼎-開元,2023-12-18,9134
4745,合富-KY,11,0,11,群益金鼎-開元,2023-12-18,9134
8112,至上,23,13,10,群益金鼎-開元,2023-12-18,9134
6285,啟��,22,12,10,群益金鼎-開元,2023-12-18,9134
8086,宏捷科,10,0,10,群益金鼎-開元,2023-12-18,9134
6446,藥華藥,10,0,10,群益金鼎-開元,2023-12-18,9134
9928,中視,10,0,10,群益金鼎-開元,2023-12-18,9134
1806,冠軍,10,0,10,群益金鼎-開元,2023-12-18,9134
2444,兆勁,10,0,10,群益金鼎-開元,2023-12-18,9134
2358,廷鑫,10,0,10,群益金鼎-開元,2023-12-18,9134
3622,洋華,10,0,10,群益金鼎-開元,2023-12-18,9134
6202,盛群,9,0,9,群益金鼎-開元,2023-12-18,9134
2641,正德,14,5,9,群益金鼎-開元,2023-12-18,9134
6776,展�眥篕�,10,1,9,群益金鼎-開元,2023-12-18,9134
2359,所羅門,12,3,9,群益金鼎-開元,2023-12-18,9134
6191,精成科,24,15,9,群益金鼎-開元,2023-12-18,9134
2615,萬海,13,4,9,群益金鼎-開元,2023-12-18,9134
4979,華星光,134,1,133,群益金鼎-開元,2023-12-19,9134
2801,彰銀,131,0,131,群益金鼎-開元,2023-12-19,9134
00919,群益台灣精選高息,125,11,114,群益金鼎-開元,2023-12-19,9134
5425,台半,110,6,104,群益金鼎-開元,2023-12-19,9134
00929,復華台灣科技優息,164,62,102,群益金鼎-開元,2023-12-19,9134
6015,宏遠證,55,1,54,群益金鼎-開元,2023-12-19,9134
2892,第一金,50,0,50,群益金鼎-開元,2023-12-19,9134
6005,群益證,46,0,46,群益金鼎-開元,2023-12-19,9134
2023,燁輝,51,8,43,群益金鼎-開元,2023-12-19,9134
00934,中信成長高股息,33,0,33,群益金鼎-開元,2023-12-19,9134
00878,國泰永續高股息,33,1,32,群益金鼎-開元,2023-12-19,9134
5864,致和證,31,0,31,群益金鼎-開元,2023-12-19,9134
4908,前鼎,32,3,29,群益金鼎-開元,2023-12-19,9134
00900,富邦特選高股息30,28,0,28,群益金鼎-開元,2023-12-19,9134
00720B,元大投資級公司債,32,4,28,群益金鼎-開元,2023-12-19,9134
00885,富邦越南,26,0,26,群益金鼎-開元,2023-12-19,9134
00918,大華優利高填息30,26,3,23,群益金鼎-開元,2023-12-19,9134
2332,友訊,23,0,23,群益金鼎-開元,2023-12-19,9134
1446,宏和,23,0,23,群益金鼎-開元,2023-12-19,9134
00795B,中信美國公債20年,23,0,23,群益金鼎-開元,2023-12-19,9134
2409,友達,21,1,20,群益金鼎-開元,2023-12-19,9134
0056,元大高股息,22,2,20,群益金鼎-開元,2023-12-19,9134
00679B,元大美債20年,25,5,20,群益金鼎-開元,2023-12-19,9134
8429,金麗-KY,20,0,20,群益金鼎-開元,2023-12-19,9134
2610,華航,20,1,19,群益金鼎-開元,2023-12-19,9134
3715,定穎投控,22,4,18,群益金鼎-開元,2023-12-19,9134
00673R,期元大S＆P原油反1,15,0,15,群益金鼎-開元,2023-12-19,9134
6126,信音,15,0,15,群益金鼎-開元,2023-12-19,9134
00882,中信中國高股息,14,0,14,群益金鼎-開元,2023-12-19,9134
00697B,元大美債7-10,14,0,14,群益金鼎-開元,2023-12-19,9134
2312,金寶,25,11,14,群益金鼎-開元,2023-12-19,9134
2736,富野,13,0,13,群益金鼎-開元,2023-12-19,9134
2606,裕民,24,11,13,群益金鼎-開元,2023-12-19,9134
2303,聯電,15,2,13,群益金鼎-開元,2023-12-19,9134
2105,正新,13,0,13,群益金鼎-開元,2023-12-19,9134
1612,宏泰,13,0,13,群益金鼎-開元,2023-12-19,9134
2489,瑞軒,12,0,12,群益金鼎-開元,2023-12-19,9134
2324,仁寶,16,4,12,群益金鼎-開元,2023-12-19,9134
00935,野村臺灣新科技50,14,2,12,群益金鼎-開元,2023-12-19,9134
2615,萬海,28,17,11,群益金鼎-開元,2023-12-19,9134
00936,台新永續高息中小,12,1,11,群益金鼎-開元,2023-12-19,9134
2328,廣宇,11,0,11,群益金鼎-開元,2023-12-19,9134
2204,中華,14,3,11,群益金鼎-開元,2023-12-19,9134
3479,安勤,11,0,11,群益金鼎-開元,2023-12-19,9134
2017,官田鋼,12,1,11,群益金鼎-開元,2023-12-19,9134
00687B,國泰20年美債,11,0,11,群益金鼎-開元,2023-12-19,9134
2609,陽明,124,114,10,群益金鼎-開元,2023-12-19,9134
3231,緯創,23,13,10,群益金鼎-開元,2023-12-19,9134
3710,連展投控,10,0,10,群益金鼎-開元,2023-12-19,9134
3060,銘異,10,0,10,群益金鼎-開元,2023-12-19,9134
00937B,群益ESG投等債20,323,13,310,群益金鼎-開元,2023-12-20,9134
2883,凱基金,305,3,302,群益金鼎-開元,2023-12-20,9134
00933B,國泰10Y+金融債,207,0,207,群益金鼎-開元,2023-12-20,9134
00919,群益台灣精選高息,92,12,80,群益金鼎-開元,2023-12-20,9134
2882,國泰金,52,0,52,群益金鼎-開元,2023-12-20,9134
5521,工信,52,0,52,群益金鼎-開元,2023-12-20,9134
3489,森寶,50,0,50,群益金鼎-開元,2023-12-20,9134
6548,長科*,43,1,42,群益金鼎-開元,2023-12-20,9134
2630,亞航,40,1,39,群益金鼎-開元,2023-12-20,9134
2356,英業達,119,81,38,群益金鼎-開元,2023-12-20,9134
2002,中鋼,38,3,35,群益金鼎-開元,2023-12-20,9134
4979,華星光,40,9,31,群益金鼎-開元,2023-12-20,9134
2303,聯電,25,2,23,群益金鼎-開元,2023-12-20,9134
2363,矽統,33,12,21,群益金鼎-開元,2023-12-20,9134
2891,中信金,23,5,18,群益金鼎-開元,2023-12-20,9134
1524,耿鼎,31,15,16,群益金鼎-開元,2023-12-20,9134
2332,友訊,16,0,16,群益金鼎-開元,2023-12-20,9134
6015,宏遠證,16,0,16,群益金鼎-開元,2023-12-20,9134
00637L,元大滬深300正2,50,35,15,群益金鼎-開元,2023-12-20,9134
1616,億泰,16,1,15,群益金鼎-開元,2023-12-20,9134
2313,華通,18,4,14,群益金鼎-開元,2023-12-20,9134
1210,大成,16,2,14,群益金鼎-開元,2023-12-20,9134
2603,長榮,27,13,14,群益金鼎-開元,2023-12-20,9134
2743,山富,13,0,13,群益金鼎-開元,2023-12-20,9134
2612,中航,13,0,13,群益金鼎-開元,2023-12-20,9134
4904,遠傳,12,0,12,群益金鼎-開元,2023-12-20,9134
1905,華紙,16,4,12,群益金鼎-開元,2023-12-20,9134
1513,中興電,12,0,12,群益金鼎-開元,2023-12-20,9134
00720B,元大投資級公司債,24,12,12,群益金鼎-開元,2023-12-20,9134
2605,新興,12,0,12,群益金鼎-開元,2023-12-20,9134
2897,王道銀行,12,0,12,群益金鼎-開元,2023-12-20,9134
5608,四維航,12,0,12,群益金鼎-開元,2023-12-20,9134
6116,彩晶,12,0,12,群益金鼎-開元,2023-12-20,9134
6187,萬潤,12,0,12,群益金鼎-開元,2023-12-20,9134
00929,復華台灣科技優息,23,12,11,群益金鼎-開元,2023-12-20,9134
2838,聯邦銀,11,0,11,群益金鼎-開元,2023-12-20,9134
2347,聯強,11,0,11,群益金鼎-開元,2023-12-20,9134
2009,第一銅,11,0,11,群益金鼎-開元,2023-12-20,9134
00657,國泰日經225,11,0,11,群益金鼎-開元,2023-12-20,9134
8054,安國,13,2,11,群益金鼎-開元,2023-12-20,9134
6285,啟��,12,2,10,群益金鼎-開元,2023-12-20,9134
2801,彰銀,10,0,10,群益金鼎-開元,2023-12-20,9134
8429,金麗-KY,10,0,10,群益金鼎-開元,2023-12-20,9134
1449,佳和,10,0,10,群益金鼎-開元,2023-12-20,9134
2852,第一保,10,0,10,群益金鼎-開元,2023-12-20,9134
2618,長榮航,13,3,10,群益金鼎-開元,2023-12-20,9134
00934,中信成長高股息,10,0,10,群益金鼎-開元,2023-12-20,9134
2022,聚亨,12,2,10,群益金鼎-開元,2023-12-20,9134
2399,映泰,9,0,9,群益金鼎-開元,2023-12-20,9134
9105,泰金寶-DR,11,2,9,群益金鼎-開元,2023-12-20,9134
00919,群益台灣精選高息,107,4,103,群益金鼎-開元,2023-12-21,9134
8429,金麗-KY,92,0,92,群益金鼎-開元,2023-12-21,9134
6015,宏遠證,91,0,91,群益金鼎-開元,2023-12-21,9134
2605,新興,67,2,65,群益金鼎-開元,2023-12-21,9134
2615,萬海,100,40,60,群益金鼎-開元,2023-12-21,9134
00929,復華台灣科技優息,62,4,58,群益金鼎-開元,2023-12-21,9134
2353,宏��,95,45,50,群益金鼎-開元,2023-12-21,9134
6026,福邦證,50,0,50,群益金鼎-開元,2023-12-21,9134
00688L,國泰20年美債正2,50,0,50,群益金鼎-開元,2023-12-21,9134
6016,康和證,42,0,42,群益金鼎-開元,2023-12-21,9134
9945,潤泰新,38,0,38,群益金鼎-開元,2023-12-21,9134
00937B,群益ESG投等債20,37,0,37,群益金鼎-開元,2023-12-21,9134
3034,聯詠,31,0,31,群益金鼎-開元,2023-12-21,9134
6005,群益證,31,0,31,群益金鼎-開元,2023-12-21,9134
1101,台泥,30,0,30,群益金鼎-開元,2023-12-21,9134
6548,長科*,53,23,30,群益金鼎-開元,2023-12-21,9134
3276,宇環,25,0,25,群益金鼎-開元,2023-12-21,9134
4979,華星光,30,5,25,群益金鼎-開元,2023-12-21,9134
2356,英業達,99,77,22,群益金鼎-開元,2023-12-21,9134
2887,台新金,21,0,21,群益金鼎-開元,2023-12-21,9134
3489,森寶,20,0,20,群益金鼎-開元,2023-12-21,9134
5531,鄉林,20,0,20,群益金鼎-開元,2023-12-21,9134
6233,旺玖,26,7,19,群益金鼎-開元,2023-12-21,9134
2880,華南金,15,0,15,群益金鼎-開元,2023-12-21,9134
2105,正新,36,22,14,群益金鼎-開元,2023-12-21,9134
1513,中興電,14,1,13,群益金鼎-開元,2023-12-21,9134
1319,東陽,17,4,13,群益金鼎-開元,2023-12-21,9134
2542,興富發,12,0,12,群益金鼎-開元,2023-12-21,9134
2002,中鋼,17,5,12,群益金鼎-開元,2023-12-21,9134
00923,群益台ESG低碳50,12,0,12,群益金鼎-開元,2023-12-21,9134
00885,富邦越南,17,5,12,群益金鼎-開元,2023-12-21,9134
8054,安國,19,7,12,群益金鼎-開元,2023-12-21,9134
2038,海光,24,12,12,群益金鼎-開元,2023-12-21,9134
00673R,期元大S＆P原油反1,12,0,12,群益金鼎-開元,2023-12-21,9134
2324,仁寶,53,42,11,群益金鼎-開元,2023-12-21,9134
3088,艾訊,12,1,11,群益金鼎-開元,2023-12-21,9134
1907,永豐餘,11,0,11,群益金鼎-開元,2023-12-21,9134
2816,旺旺保,10,0,10,群益金鼎-開元,2023-12-21,9134
5364,力麗店,10,0,10,群益金鼎-開元,2023-12-21,9134
2349,錸德,10,0,10,群益金鼎-開元,2023-12-21,9134
4167,松瑞藥,29,19,10,群益金鼎-開元,2023-12-21,9134
1325,恆大,24,14,10,群益金鼎-開元,2023-12-21,9134
2505,國揚,10,0,10,群益金鼎-開元,2023-12-21,9134
2883,凱基金,11,1,10,群益金鼎-開元,2023-12-21,9134
8112,至上,17,8,9,群益金鼎-開元,2023-12-21,9134
1504,東元,10,1,9,群益金鼎-開元,2023-12-21,9134
2607,榮運,9,0,9,群益金鼎-開元,2023-12-21,9134
6285,啟��,24,16,8,群益金鼎-開元,2023-12-21,9134
2892,第一金,8,0,8,群益金鼎-開元,2023-12-21,9134
1815,富喬,8,0,8,群益金鼎-開元,2023-12-21,9134
2637,慧洋-KY,87,5,82,群益金鼎-開元,2023-12-22,9134
2324,仁寶,77,6,71,群益金鼎-開元,2023-12-22,9134
00687B,國泰20年美債,79,20,59,群益金鼎-開元,2023-12-22,9134
4155,訊映,51,0,51,群益金鼎-開元,2023-12-22,9134
00919,群益台灣精選高息,49,1,48,群益金鼎-開元,2023-12-22,9134
1446,宏和,47,0,47,群益金鼎-開元,2023-12-22,9134
2344,華邦電,81,37,44,群益金鼎-開元,2023-12-22,9134
2882,國泰金,45,1,44,群益金鼎-開元,2023-12-22,9134
00665L,富邦�琤肭磪囓�2,57,15,42,群益金鼎-開元,2023-12-22,9134
6005,群益證,42,0,42,群益金鼎-開元,2023-12-22,9134
00933B,國泰10Y+金融債,51,10,41,群益金鼎-開元,2023-12-22,9134
2014,中鴻,36,1,35,群益金鼎-開元,2023-12-22,9134
00937B,群益ESG投等債20,31,0,31,群益金鼎-開元,2023-12-22,9134
6026,福邦證,30,0,30,群益金鼎-開元,2023-12-22,9134
5864,致和證,30,0,30,群益金鼎-開元,2023-12-22,9134
2105,正新,43,15,28,群益金鼎-開元,2023-12-22,9134
2312,金寶,24,2,22,群益金鼎-開元,2023-12-22,9134
6443,元晶,24,2,22,群益金鼎-開元,2023-12-22,9134
4402,郡都開發,21,0,21,群益金鼎-開元,2023-12-22,9134
3689,湧德,20,0,20,群益金鼎-開元,2023-12-22,9134
2801,彰銀,19,0,19,群益金鼎-開元,2023-12-22,9134
2515,中工,21,3,18,群益金鼎-開元,2023-12-22,9134
1524,耿鼎,28,11,17,群益金鼎-開元,2023-12-22,9134
2425,承啟,17,0,17,群益金鼎-開元,2023-12-22,9134
3231,緯創,23,7,16,群益金鼎-開元,2023-12-22,9134
00751B,元大AAA至A公司債,16,0,16,群益金鼎-開元,2023-12-22,9134
6180,橘子,15,0,15,群益金鼎-開元,2023-12-22,9134
4745,合富-KY,15,0,15,群益金鼎-開元,2023-12-22,9134
1217,愛之味,15,0,15,群益金鼎-開元,2023-12-22,9134
2356,英業達,71,58,13,群益金鼎-開元,2023-12-22,9134
2883,凱基金,13,1,12,群益金鼎-開元,2023-12-22,9134
8054,安國,20,8,12,群益金鼎-開元,2023-12-22,9134
1815,富喬,12,0,12,群益金鼎-開元,2023-12-22,9134
00632R,元大台灣50反1,11,0,11,群益金鼎-開元,2023-12-22,9134
3025,星通,11,0,11,群益金鼎-開元,2023-12-22,9134
2017,官田鋼,11,0,11,群益金鼎-開元,2023-12-22,9134
00795B,中信美國公債20年,10,0,10,群益金鼎-開元,2023-12-22,9134
2451,創見,10,0,10,群益金鼎-開元,2023-12-22,9134
2387,精元,11,1,10,群益金鼎-開元,2023-12-22,9134
2613,中櫃,10,0,10,群益金鼎-開元,2023-12-22,9134
00885,富邦越南,10,0,10,群益金鼎-開元,2023-12-22,9134
5222,全訊,10,0,10,群益金鼎-開元,2023-12-22,9134
6244,茂迪,10,0,10,群益金鼎-開元,2023-12-22,9134
3264,欣銓,11,1,10,群益金鼎-開元,2023-12-22,9134
2601,益航,10,1,9,群益金鼎-開元,2023-12-22,9134
4167,松瑞藥,8,0,8,群益金鼎-開元,2023-12-22,9134
9919,康那香,15,7,8,群益金鼎-開元,2023-12-22,9134
00753L,中信中國50正2,8,0,8,群益金鼎-開元,2023-12-22,9134
6182,合晶,8,0,8,群益金鼎-開元,2023-12-22,9134
9105,泰金寶-DR,16,8,8,群益金鼎-開元,2023-12-22,9134
2515,中工,292,2,290,群益金鼎-開元,2023-12-25,9134
2609,陽明,317,55,262,群益金鼎-開元,2023-12-25,9134
00885,富邦越南,120,22,98,群益金鼎-開元,2023-12-25,9134
2408,南亞科,89,3,86,群益金鼎-開元,2023-12-25,9134
00919,群益台灣精選高息,99,17,82,群益金鼎-開元,2023-12-25,9134
2610,華航,113,35,78,群益金鼎-開元,2023-12-25,9134
2436,偉詮電,41,0,41,群益金鼎-開元,2023-12-25,9134
5608,四維航,44,5,39,群益金鼎-開元,2023-12-25,9134
2637,慧洋-KY,36,3,33,群益金鼎-開元,2023-12-25,9134
00882,中信中國高股息,32,0,32,群益金鼎-開元,2023-12-25,9134
2023,燁輝,32,1,31,群益金鼎-開元,2023-12-25,9134
6015,宏遠證,25,0,25,群益金鼎-開元,2023-12-25,9134
00632R,元大台灣50反1,22,0,22,群益金鼎-開元,2023-12-25,9134
8088,品安,32,10,22,群益金鼎-開元,2023-12-25,9134
2324,仁寶,34,14,20,群益金鼎-開元,2023-12-25,9134
00673R,期元大S＆P原油反1,20,0,20,群益金鼎-開元,2023-12-25,9134
5511,德昌,20,0,20,群益金鼎-開元,2023-12-25,9134
6182,合晶,24,5,19,群益金鼎-開元,2023-12-25,9134
4402,郡都開發,20,1,19,群益金鼎-開元,2023-12-25,9134
3024,憶聲,18,1,17,群益金鼎-開元,2023-12-25,9134
00637L,元大滬深300正2,21,5,16,群益金鼎-開元,2023-12-25,9134
00679B,元大美債20年,16,0,16,群益金鼎-開元,2023-12-25,9134
1314,中石化,26,10,16,群益金鼎-開元,2023-12-25,9134
2613,中櫃,15,0,15,群益金鼎-開元,2023-12-25,9134
2485,兆赫,14,0,14,群益金鼎-開元,2023-12-25,9134
3265,台星科,14,0,14,群益金鼎-開元,2023-12-25,9134
00929,復華台灣科技優息,38,24,14,群益金鼎-開元,2023-12-25,9134
6191,精成科,23,9,14,群益金鼎-開元,2023-12-25,9134
3715,定穎投控,14,0,14,群益金鼎-開元,2023-12-25,9134
5607,遠雄港,13,0,13,群益金鼎-開元,2023-12-25,9134
3041,揚智,17,5,12,群益金鼎-開元,2023-12-25,9134
1301,台塑,12,0,12,群益金鼎-開元,2023-12-25,9134
1440,南紡,12,0,12,群益金鼎-開元,2023-12-25,9134
3479,安勤,15,3,12,群益金鼎-開元,2023-12-25,9134
00931B,統一美債20年,11,0,11,群益金鼎-開元,2023-12-25,9134
1514,亞力,14,3,11,群益金鼎-開元,2023-12-25,9134
4155,訊映,11,0,11,群益金鼎-開元,2023-12-25,9134
00751B,元大AAA至A公司債,11,0,11,群益金鼎-開元,2023-12-25,9134
2425,承啟,11,0,11,群益金鼎-開元,2023-12-25,9134
6223,旺矽,13,2,11,群益金鼎-開元,2023-12-25,9134
2884,玉山金,10,0,10,群益金鼎-開元,2023-12-25,9134
6116,彩晶,10,0,10,群益金鼎-開元,2023-12-25,9134
1305,華夏,10,0,10,群益金鼎-開元,2023-12-25,9134
1717,長興,10,0,10,群益金鼎-開元,2023-12-25,9134
00933B,國泰10Y+金融債,13,3,10,群益金鼎-開元,2023-12-25,9134
1310,台苯,10,0,10,群益金鼎-開元,2023-12-25,9134
2614,東森,10,0,10,群益金鼎-開元,2023-12-25,9134
3481,群創,67,58,9,群益金鼎-開元,2023-12-25,9134
1210,大成,8,0,8,群益金鼎-開元,2023-12-25,9134
2606,裕民,9,1,8,群益金鼎-開元,2023-12-25,9134
00687B,國泰20年美債,135,10,125,群益金鼎-開元,2023-12-26,9134
00885,富邦越南,100,2,98,群益金鼎-開元,2023-12-26,9134
2353,宏��,128,44,84,群益金鼎-開元,2023-12-26,9134
6015,宏遠證,50,0,50,群益金鼎-開元,2023-12-26,9134
00632R,元大台灣50反1,33,0,33,群益金鼎-開元,2023-12-26,9134
00933B,國泰10Y+金融債,27,0,27,群益金鼎-開元,2023-12-26,9134
2365,昆盈,27,2,25,群益金鼎-開元,2023-12-26,9134
2303,聯電,53,29,24,群益金鼎-開元,2023-12-26,9134
2408,南亞科,20,3,17,群益金鼎-開元,2023-12-26,9134
3265,台星科,15,0,15,群益金鼎-開元,2023-12-26,9134
2610,華航,44,29,15,群益金鼎-開元,2023-12-26,9134
2356,英業達,48,34,14,群益金鼎-開元,2023-12-26,9134
2615,萬海,25,13,12,群益金鼎-開元,2023-12-26,9134
1513,中興電,12,0,12,群益金鼎-開元,2023-12-26,9134
2023,燁輝,13,2,11,群益金鼎-開元,2023-12-26,9134
1217,愛之味,10,0,10,群益金鼎-開元,2023-12-26,9134
3494,誠研,10,0,10,群益金鼎-開元,2023-12-26,9134
1714,和桐,10,0,10,群益金鼎-開元,2023-12-26,9134
2489,瑞軒,10,0,10,群益金鼎-開元,2023-12-26,9134
5364,力麗店,10,0,10,群益金鼎-開元,2023-12-26,9134
8932,智通*,10,0,10,群益金鼎-開元,2023-12-26,9134
4743,合一,10,0,10,群益金鼎-開元,2023-12-26,9134
3028,增你強,10,1,9,群益金鼎-開元,2023-12-26,9134
2476,鉅祥,9,0,9,群益金鼎-開元,2023-12-26,9134
5009,榮剛,13,5,8,群益金鼎-開元,2023-12-26,9134
6531,愛普*,8,1,7,群益金鼎-開元,2023-12-26,9134
2401,凌陽,9,2,7,群益金鼎-開元,2023-12-26,9134
2399,映泰,10,3,7,群益金鼎-開元,2023-12-26,9134
2891,中信金,10,3,7,群益金鼎-開元,2023-12-26,9134
8027,鈦昇,7,0,7,群益金鼎-開元,2023-12-26,9134
2105,正新,12,5,7,群益金鼎-開元,2023-12-26,9134
2612,中航,7,1,6,群益金鼎-開元,2023-12-26,9134
3176,基亞,6,0,6,群益金鼎-開元,2023-12-26,9134
2032,新鋼,11,5,6,群益金鼎-開元,2023-12-26,9134
5201,凱衛,6,0,6,群益金鼎-開元,2023-12-26,9134
5315,光聯,6,0,6,群益金鼎-開元,2023-12-26,9134
2014,中鴻,19,13,6,群益金鼎-開元,2023-12-26,9134
2634,漢翔,6,0,6,群益金鼎-開元,2023-12-26,9134
2605,新興,10,5,5,群益金鼎-開元,2023-12-26,9134
2421,建準,5,0,5,群益金鼎-開元,2023-12-26,9134
6414,樺漢,5,0,5,群益金鼎-開元,2023-12-26,9134
9904,寶成,4,0,4,群益金鼎-開元,2023-12-26,9134
2739,寒舍,4,0,4,群益金鼎-開元,2023-12-26,9134
6651,全宇昕,4,0,4,群益金鼎-開元,2023-12-26,9134
9103,美德醫療-DR,4,0,4,群益金鼎-開元,2023-12-26,9134
2641,正德,8,4,4,群益金鼎-開元,2023-12-26,9134
4164,承業醫,5,1,4,群益金鼎-開元,2023-12-26,9134
6136,富爾特,4,0,4,群益金鼎-開元,2023-12-26,9134
6237,驊訊,24,20,4,群益金鼎-開元,2023-12-26,9134
8050,廣積,8,4,4,群益金鼎-開元,2023-12-26,9134
00937B,群益ESG投等債20,563,200,363,群益金鼎-開元,2023-12-27,9134
2610,華航,305,16,289,群益金鼎-開元,2023-12-27,9134
3376,新日興,231,2,229,群益金鼎-開元,2023-12-27,9134
00885,富邦越南,208,18,190,群益金鼎-開元,2023-12-27,9134
2801,彰銀,152,5,147,群益金鼎-開元,2023-12-27,9134
9934,成霖,100,0,100,群益金鼎-開元,2023-12-27,9134
3481,群創,146,86,60,群益金鼎-開元,2023-12-27,9134
5425,台半,51,0,51,群益金鼎-開元,2023-12-27,9134
00919,群益台灣精選高息,53,3,50,群益金鼎-開元,2023-12-27,9134
1806,冠軍,46,0,46,群益金鼎-開元,2023-12-27,9134
2609,陽明,77,38,39,群益金鼎-開元,2023-12-27,9134
6233,旺玖,44,5,39,群益金鼎-開元,2023-12-27,9134
3014,聯陽,32,0,32,群益金鼎-開元,2023-12-27,9134
8039,台虹,30,2,28,群益金鼎-開元,2023-12-27,9134
2356,英業達,75,49,26,群益金鼎-開元,2023-12-27,9134
2363,矽統,22,0,22,群益金鼎-開元,2023-12-27,9134
5324,士開,18,0,18,群益金鼎-開元,2023-12-27,9134
6182,合晶,20,4,16,群益金鼎-開元,2023-12-27,9134
00933B,國泰10Y+金融債,18,2,16,群益金鼎-開元,2023-12-27,9134
2331,精英,19,4,15,群益金鼎-開元,2023-12-27,9134
4743,合一,15,0,15,群益金鼎-開元,2023-12-27,9134
2405,輔信,133,118,15,群益金鼎-開元,2023-12-27,9134
3437,榮創,14,0,14,群益金鼎-開元,2023-12-27,9134
00687B,國泰20年美債,16,2,14,群益金鼎-開元,2023-12-27,9134
8936,國統,18,8,10,群益金鼎-開元,2023-12-27,9134
2388,威盛,11,1,10,群益金鼎-開元,2023-12-27,9134
00931B,統一美債20年,14,4,10,群益金鼎-開元,2023-12-27,9134
9933,中鼎,10,0,10,群益金鼎-開元,2023-12-27,9134
5608,四維航,12,2,10,群益金鼎-開元,2023-12-27,9134
4533,協易機,10,0,10,群益金鼎-開元,2023-12-27,9134
6270,倍微,10,0,10,群益金鼎-開元,2023-12-27,9134
6741,91APP*-KY,10,0,10,群益金鼎-開元,2023-12-27,9134
2032,新鋼,14,4,10,群益金鼎-開元,2023-12-27,9134
2038,海光,10,1,9,群益金鼎-開元,2023-12-27,9134
6667,信紘科,12,3,9,群益金鼎-開元,2023-12-27,9134
2603,長榮,15,6,9,群益金鼎-開元,2023-12-27,9134
00679B,元大美債20年,8,0,8,群益金鼎-開元,2023-12-27,9134
00934,中信成長高股息,8,0,8,群益金鼎-開元,2023-12-27,9134
5201,凱衛,8,0,8,群益金鼎-開元,2023-12-27,9134
8088,品安,24,16,8,群益金鼎-開元,2023-12-27,9134
2312,金寶,9,2,7,群益金鼎-開元,2023-12-27,9134
3390,旭軟,19,12,7,群益金鼎-開元,2023-12-27,9134
4744,皇將,6,0,6,群益金鼎-開元,2023-12-27,9134
00637L,元大滬深300正2,51,45,6,群益金鼎-開元,2023-12-27,9134
5515,建國,6,0,6,群益金鼎-開元,2023-12-27,9134
8085,福華,6,0,6,群益金鼎-開元,2023-12-27,9134
2023,燁輝,8,2,6,群益金鼎-開元,2023-12-27,9134
2605,新興,7,2,5,群益金鼎-開元,2023-12-27,9134
00636,國泰中國A50,5,0,5,群益金鼎-開元,2023-12-27,9134
4174,浩鼎,5,0,5,群益金鼎-開元,2023-12-27,9134
00937B,群益ESG投等債20,381,2,379,群益金鼎-開元,2023-12-28,9134
00919,群益台灣精選高息,90,25,65,群益金鼎-開元,2023-12-28,9134
2356,英業達,126,66,60,群益金鼎-開元,2023-12-28,9134
00688L,國泰20年美債正2,50,7,43,群益金鼎-開元,2023-12-28,9134
3231,緯創,67,25,42,群益金鼎-開元,2023-12-28,9134
2353,宏��,96,55,41,群益金鼎-開元,2023-12-28,9134
2449,京元電子,43,4,39,群益金鼎-開元,2023-12-28,9134
2745,五福,32,0,32,群益金鼎-開元,2023-12-28,9134
2816,旺旺保,25,0,25,群益金鼎-開元,2023-12-28,9134
8048,德勝,25,0,25,群益金鼎-開元,2023-12-28,9134
00751B,元大AAA至A公司債,23,0,23,群益金鼎-開元,2023-12-28,9134
3227,原相,24,1,23,群益金鼎-開元,2023-12-28,9134
2303,聯電,56,35,21,群益金鼎-開元,2023-12-28,9134
00929,復華台灣科技優息,29,10,19,群益金鼎-開元,2023-12-28,9134
2887,台新金,18,0,18,群益金鼎-開元,2023-12-28,9134
9105,泰金寶-DR,16,0,16,群益金鼎-開元,2023-12-28,9134
1524,耿鼎,23,8,15,群益金鼎-開元,2023-12-28,9134
6288,聯嘉,17,2,15,群益金鼎-開元,2023-12-28,9134
8112,至上,19,5,14,群益金鼎-開元,2023-12-28,9134
3576,聯合再生,15,1,14,群益金鼎-開元,2023-12-28,9134
1612,宏泰,13,0,13,群益金鼎-開元,2023-12-28,9134
00632R,元大台灣50反1,13,0,13,群益金鼎-開元,2023-12-28,9134
2337,旺宏,16,5,11,群益金鼎-開元,2023-12-28,9134
2014,中鴻,14,3,11,群益金鼎-開元,2023-12-28,9134
00923,群益台ESG低碳50,11,1,10,群益金鼎-開元,2023-12-28,9134
6242,立康,10,0,10,群益金鼎-開元,2023-12-28,9134
00720B,元大投資級公司債,11,1,10,群益金鼎-開元,2023-12-28,9134
2354,鴻準,11,1,10,群益金鼎-開元,2023-12-28,9134
00636,國泰中國A50,10,0,10,群益金鼎-開元,2023-12-28,9134
1702,南僑,10,0,10,群益金鼎-開元,2023-12-28,9134
1521,大億,10,0,10,群益金鼎-開元,2023-12-28,9134
2324,仁寶,43,34,9,群益金鼎-開元,2023-12-28,9134
2409,友達,22,13,9,群益金鼎-開元,2023-12-28,9134
5521,工信,12,3,9,群益金鼎-開元,2023-12-28,9134
4906,正文,10,1,9,群益金鼎-開元,2023-12-28,9134
4155,訊映,9,0,9,群益金鼎-開元,2023-12-28,9134
8936,國統,10,2,8,群益金鼎-開元,2023-12-28,9134
00795B,中信美國公債20年,7,0,7,群益金鼎-開元,2023-12-28,9134
3024,憶聲,8,1,7,群益金鼎-開元,2023-12-28,9134
2405,輔信,21,14,7,群益金鼎-開元,2023-12-28,9134
2515,中工,7,0,7,群益金鼎-開元,2023-12-28,9134
5469,瀚宇博,7,0,7,群益金鼎-開元,2023-12-28,9134
2313,華通,6,0,6,群益金鼎-開元,2023-12-28,9134
5347,世界,9,3,6,群益金鼎-開元,2023-12-28,9134
1529,樂事綠能,9,3,6,群益金鼎-開元,2023-12-28,9134
00679B,元大美債20年,6,0,6,群益金鼎-開元,2023-12-28,9134
2208,台船,6,0,6,群益金鼎-開元,2023-12-28,9134
00885,富邦越南,15,9,6,群益金鼎-開元,2023-12-28,9134
2739,寒舍,6,0,6,群益金鼎-開元,2023-12-28,9134
5483,中美晶,6,0,6,群益金鼎-開元,2023-12-28,9134
00937B,群益ESG投等債20,141,55,86,群益金鼎-開元,2023-12-29,9134
00715L,期街口布蘭特正2,77,0,77,群益金鼎-開元,2023-12-29,9134
2739,寒舍,57,6,51,群益金鼎-開元,2023-12-29,9134
3260,威剛,58,9,49,群益金鼎-開元,2023-12-29,9134
1616,億泰,46,3,43,群益金鼎-開元,2023-12-29,9134
5347,世界,56,14,42,群益金鼎-開元,2023-12-29,9134
1504,東元,61,21,40,群益金鼎-開元,2023-12-29,9134
00919,群益台灣精選高息,53,14,39,群益金鼎-開元,2023-12-29,9134
1609,大亞,51,15,36,群益金鼎-開元,2023-12-29,9134
00687B,國泰20年美債,34,0,34,群益金鼎-開元,2023-12-29,9134
00679B,元大美債20年,41,7,34,群益金鼎-開元,2023-12-29,9134
5521,工信,56,22,34,群益金鼎-開元,2023-12-29,9134
2367,燿華,33,0,33,群益金鼎-開元,2023-12-29,9134
00655L,國泰中國A50正2,30,0,30,群益金鼎-開元,2023-12-29,9134
1618,合機,29,3,26,群益金鼎-開元,2023-12-29,9134
1514,亞力,30,6,24,群益金鼎-開元,2023-12-29,9134
2331,精英,24,2,22,群益金鼎-開元,2023-12-29,9134
00929,復華台灣科技優息,21,1,20,群益金鼎-開元,2023-12-29,9134
8088,品安,25,6,19,群益金鼎-開元,2023-12-29,9134
8054,安國,29,12,17,群益金鼎-開元,2023-12-29,9134
00795B,中信美國公債20年,17,0,17,群益金鼎-開元,2023-12-29,9134
00751B,元大AAA至A公司債,16,0,16,群益金鼎-開元,2023-12-29,9134
9945,潤泰新,15,0,15,群益金鼎-開元,2023-12-29,9134
9950,萬國通,13,1,12,群益金鼎-開元,2023-12-29,9134
3078,僑威,12,1,11,群益金鼎-開元,2023-12-29,9134
3056,富華新,12,1,11,群益金鼎-開元,2023-12-29,9134
2515,中工,12,1,11,群益金鼎-開元,2023-12-29,9134
2609,陽明,23,13,10,群益金鼎-開元,2023-12-29,9134
6276,安鈦克,11,1,10,群益金鼎-開元,2023-12-29,9134
2489,瑞軒,10,0,10,群益金鼎-開元,2023-12-29,9134
9906,欣巴巴,10,0,10,群益金鼎-開元,2023-12-29,9134
6282,康舒,10,0,10,群益金鼎-開元,2023-12-29,9134
4908,前鼎,9,0,9,群益金鼎-開元,2023-12-29,9134
1503,士電,16,7,9,群益金鼎-開元,2023-12-29,9134
4915,致伸,11,2,9,群益金鼎-開元,2023-12-29,9134
2615,萬海,12,3,9,群益金鼎-開元,2023-12-29,9134
3479,安勤,8,0,8,群益金鼎-開元,2023-12-29,9134
8096,擎亞,15,7,8,群益金鼎-開元,2023-12-29,9134
2369,菱生,9,2,7,群益金鼎-開元,2023-12-29,9134
5351,鈺創,7,0,7,群益金鼎-開元,2023-12-29,9134
2405,輔信,14,7,7,群益金鼎-開元,2023-12-29,9134
2722,夏都,7,0,7,群益金鼎-開元,2023-12-29,9134
2891,中信金,9,3,6,群益金鼎-開元,2023-12-29,9134
4532,瑞智,6,0,6,群益金鼎-開元,2023-12-29,9134
3122,笙泉,6,0,6,群益金鼎-開元,2023-12-29,9134
9904,寶成,6,0,6,群益金鼎-開元,2023-12-29,9134
9933,中鼎,6,0,6,群益金鼎-開元,2023-12-29,9134
3390,旭軟,19,13,6,群益金鼎-開元,2023-12-29,9134
3287,廣寰科,6,0,6,群益金鼎-開元,2023-12-29,9134
00632R,元大台灣50反1,6,0,6,群益金鼎-開元,2023-12-29,9134
5425,台半,106,1,105,群益金鼎-開元,2024-01-02,9134
00937B,群益ESG投等債20,71,0,71,群益金鼎-開元,2024-01-02,9134
00795B,中信美國公債20年,66,0,66,群益金鼎-開元,2024-01-02,9134
00720B,元大投資級公司債,66,0,66,群益金鼎-開元,2024-01-02,9134
00687B,國泰20年美債,64,0,64,群益金鼎-開元,2024-01-02,9134
00929,復華台灣科技優息,77,18,59,群益金鼎-開元,2024-01-02,9134
3037,欣興,51,0,51,群益金鼎-開元,2024-01-02,9134
00637L,元大滬深300正2,67,16,51,群益金鼎-開元,2024-01-02,9134
00751B,元大AAA至A公司債,43,0,43,群益金鼎-開元,2024-01-02,9134
2605,新興,48,7,41,群益金鼎-開元,2024-01-02,9134
00679B,元大美債20年,34,1,33,群益金鼎-開元,2024-01-02,9134
00712,復華富時不動產,34,2,32,群益金鼎-開元,2024-01-02,9134
6531,愛普*,39,9,30,群益金鼎-開元,2024-01-02,9134
3231,緯創,58,28,30,群益金鼎-開元,2024-01-02,9134
00919,群益台灣精選高息,59,31,28,群益金鼎-開元,2024-01-02,9134
2736,富野,50,23,27,群益金鼎-開元,2024-01-02,9134
3260,威剛,27,0,27,群益金鼎-開元,2024-01-02,9134
6488,環球晶,25,0,25,群益金鼎-開元,2024-01-02,9134
6191,精成科,22,0,22,群益金鼎-開元,2024-01-02,9134
00633L,富邦上証正2,20,0,20,群益金鼎-開元,2024-01-02,9134
2462,良得電,20,1,19,群益金鼎-開元,2024-01-02,9134
3363,上詮,17,0,17,群益金鼎-開元,2024-01-02,9134
0056,元大高股息,19,3,16,群益金鼎-開元,2024-01-02,9134
3017,奇鋐,23,7,16,群益金鼎-開元,2024-01-02,9134
1210,大成,17,1,16,群益金鼎-開元,2024-01-02,9134
2449,京元電子,16,1,15,群益金鼎-開元,2024-01-02,9134
2816,旺旺保,15,0,15,群益金鼎-開元,2024-01-02,9134
2352,佳世達,35,21,14,群益金鼎-開元,2024-01-02,9134
2883,凱基金,15,1,14,群益金鼎-開元,2024-01-02,9134
4155,訊映,13,0,13,群益金鼎-開元,2024-01-02,9134
2636,台驊控股,14,2,12,群益金鼎-開元,2024-01-02,9134
6005,群益證,12,0,12,群益金鼎-開元,2024-01-02,9134
9951,皇田,12,0,12,群益金鼎-開元,2024-01-02,9134
2382,廣達,13,2,11,群益金鼎-開元,2024-01-02,9134
1737,臺鹽,11,0,11,群益金鼎-開元,2024-01-02,9134
5328,華容,11,0,11,群益金鼎-開元,2024-01-02,9134
00936,台新永續高息中小,10,0,10,群益金鼎-開元,2024-01-02,9134
5521,工信,28,18,10,群益金鼎-開元,2024-01-02,9134
2344,華邦電,16,6,10,群益金鼎-開元,2024-01-02,9134
00902,中信電池及儲能,10,0,10,群益金鼎-開元,2024-01-02,9134
1718,中纖,10,0,10,群益金鼎-開元,2024-01-02,9134
8011,台通,11,1,10,群益金鼎-開元,2024-01-02,9134
2017,官田鋼,10,0,10,群益金鼎-開元,2024-01-02,9134
00921,兆豐龍頭等權重,9,0,9,群益金鼎-開元,2024-01-02,9134
2331,精英,24,15,9,群益金鼎-開元,2024-01-02,9134
1319,東陽,13,5,8,群益金鼎-開元,2024-01-02,9134
2465,麗臺,8,0,8,群益金鼎-開元,2024-01-02,9134
6180,橘子,8,0,8,群益金鼎-開元,2024-01-02,9134
3715,定穎投控,7,0,7,群益金鼎-開元,2024-01-02,9134
2615,萬海,18,11,7,群益金鼎-開元,2024-01-02,9134
2324,仁寶,242,32,210,群益金鼎-開元,2024-01-03,9134
5351,鈺創,112,0,112,群益金鼎-開元,2024-01-03,9134
00919,群益台灣精選高息,104,6,98,群益金鼎-開元,2024-01-03,9134
00929,復華台灣科技優息,103,9,94,群益金鼎-開元,2024-01-03,9134
5425,台半,90,0,90,群益金鼎-開元,2024-01-03,9134
2618,長榮航,141,65,76,群益金鼎-開元,2024-01-03,9134
2801,彰銀,101,30,71,群益金鼎-開元,2024-01-03,9134
00720B,元大投資級公司債,61,0,61,群益金鼎-開元,2024-01-03,9134
2331,精英,90,36,54,群益金鼎-開元,2024-01-03,9134
00878,國泰永續高股息,65,12,53,群益金鼎-開元,2024-01-03,9134
0056,元大高股息,65,15,50,群益金鼎-開元,2024-01-03,9134
00937B,群益ESG投等債20,47,0,47,群益金鼎-開元,2024-01-03,9134
6015,宏遠證,41,0,41,群益金鼎-開元,2024-01-03,9134
5880,合庫金,35,0,35,群益金鼎-開元,2024-01-03,9134
1608,華榮,34,0,34,群益金鼎-開元,2024-01-03,9134
4167,松瑞藥,37,4,33,群益金鼎-開元,2024-01-03,9134
00934,中信成長高股息,32,0,32,群益金鼎-開元,2024-01-03,9134
2888,新光金,30,0,30,群益金鼎-開元,2024-01-03,9134
00918,大華優利高填息30,27,0,27,群益金鼎-開元,2024-01-03,9134
3034,聯詠,25,0,25,群益金鼎-開元,2024-01-03,9134
3276,宇環,25,0,25,群益金鼎-開元,2024-01-03,9134
1504,東元,24,0,24,群益金鼎-開元,2024-01-03,9134
2630,亞航,25,2,23,群益金鼎-開元,2024-01-03,9134
3260,威剛,27,5,22,群益金鼎-開元,2024-01-03,9134
5864,致和證,22,0,22,群益金鼎-開元,2024-01-03,9134
2002,中鋼,24,3,21,群益金鼎-開元,2024-01-03,9134
3708,上緯投控,20,0,20,群益金鼎-開元,2024-01-03,9134
1227,佳格,20,0,20,群益金鼎-開元,2024-01-03,9134
2880,華南金,35,16,19,群益金鼎-開元,2024-01-03,9134
6770,力積電,17,0,17,群益金鼎-開元,2024-01-03,9134
2330,台積電,17,1,16,群益金鼎-開元,2024-01-03,9134
1101,台泥,17,1,16,群益金鼎-開元,2024-01-03,9134
9933,中鼎,16,0,16,群益金鼎-開元,2024-01-03,9134
2303,聯電,39,24,15,群益金鼎-開元,2024-01-03,9134
0050,元大台灣50,17,2,15,群益金鼎-開元,2024-01-03,9134
4114,健喬,15,1,14,群益金鼎-開元,2024-01-03,9134
3231,緯創,24,10,14,群益金鼎-開元,2024-01-03,9134
2882,國泰金,13,0,13,群益金鼎-開元,2024-01-03,9134
4155,訊映,13,0,13,群益金鼎-開元,2024-01-03,9134
2887,台新金,22,10,12,群益金鼎-開元,2024-01-03,9134
1301,台塑,11,0,11,群益金鼎-開元,2024-01-03,9134
2408,南亞科,11,0,11,群益金鼎-開元,2024-01-03,9134
2816,旺旺保,11,0,11,群益金鼎-開元,2024-01-03,9134
8088,品安,11,0,11,群益金鼎-開元,2024-01-03,9134
2105,正新,16,5,11,群益金鼎-開元,2024-01-03,9134
3588,通嘉,23,12,11,群益金鼎-開元,2024-01-03,9134
6108,競國,11,0,11,群益金鼎-開元,2024-01-03,9134
00927,群益半導體收益,11,0,11,群益金鼎-開元,2024-01-03,9134
2883,凱基金,14,3,11,群益金鼎-開元,2024-01-03,9134
00888,永豐台灣ESG,10,0,10,群益金鼎-開元,2024-01-03,9134
00937B,群益ESG投等債20,530,0,530,群益金鼎-開元,2024-01-04,9134
00885,富邦越南,200,31,169,群益金鼎-開元,2024-01-04,9134
00720B,元大投資級公司債,124,0,124,群益金鼎-開元,2024-01-04,9134
2801,彰銀,100,0,100,群益金鼎-開元,2024-01-04,9134
00929,復華台灣科技優息,92,2,90,群益金鼎-開元,2024-01-04,9134
2609,陽明,171,106,65,群益金鼎-開元,2024-01-04,9134
2303,聯電,79,19,60,群益金鼎-開元,2024-01-04,9134
00919,群益台灣精選高息,59,2,57,群益金鼎-開元,2024-01-04,9134
00933B,國泰10Y+金融債,61,5,56,群益金鼎-開元,2024-01-04,9134
5347,世界,53,1,52,群益金鼎-開元,2024-01-04,9134
3217,優群,51,5,46,群益金鼎-開元,2024-01-04,9134
00637L,元大滬深300正2,89,46,43,群益金鼎-開元,2024-01-04,9134
2367,燿華,40,0,40,群益金鼎-開元,2024-01-04,9134
00712,復華富時不動產,34,0,34,群益金鼎-開元,2024-01-04,9134
2356,英業達,43,11,32,群益金鼎-開元,2024-01-04,9134
3034,聯詠,31,0,31,群益金鼎-開元,2024-01-04,9134
2727,王品,30,0,30,群益金鼎-開元,2024-01-04,9134
00751B,元大AAA至A公司債,30,0,30,群益金鼎-開元,2024-01-04,9134
00882,中信中國高股息,47,20,27,群益金鼎-開元,2024-01-04,9134
2331,精英,42,16,26,群益金鼎-開元,2024-01-04,9134
3088,艾訊,27,2,25,群益金鼎-開元,2024-01-04,9134
4167,松瑞藥,24,0,24,群益金鼎-開元,2024-01-04,9134
2486,一詮,39,15,24,群益金鼎-開元,2024-01-04,9134
9933,中鼎,22,0,22,群益金鼎-開元,2024-01-04,9134
5521,工信,27,6,21,群益金鼎-開元,2024-01-04,9134
2816,旺旺保,20,0,20,群益金鼎-開元,2024-01-04,9134
8433,弘帆,20,0,20,群益金鼎-開元,2024-01-04,9134
8429,金麗-KY,20,0,20,群益金鼎-開元,2024-01-04,9134
00679B,元大美債20年,20,1,19,群益金鼎-開元,2024-01-04,9134
2605,新興,32,15,17,群益金鼎-開元,2024-01-04,9134
2031,新光鋼,16,0,16,群益金鼎-開元,2024-01-04,9134
3576,聯合再生,15,0,15,群益金鼎-開元,2024-01-04,9134
3260,威剛,21,7,14,群益金鼎-開元,2024-01-04,9134
00927,群益半導體收益,24,10,14,群益金鼎-開元,2024-01-04,9134
3033,威健,15,2,13,群益金鼎-開元,2024-01-04,9134
3325,旭品,14,1,13,群益金鼎-開元,2024-01-04,9134
6140,訊達,18,5,13,群益金鼎-開元,2024-01-04,9134
2344,華邦電,17,4,13,群益金鼎-開元,2024-01-04,9134
2882,國泰金,12,0,12,群益金鼎-開元,2024-01-04,9134
00878,國泰永續高股息,15,3,12,群益金鼎-開元,2024-01-04,9134
6446,藥華藥,12,0,12,群益金鼎-開元,2024-01-04,9134
0056,元大高股息,11,0,11,群益金鼎-開元,2024-01-04,9134
2362,藍天,19,8,11,群益金鼎-開元,2024-01-04,9134
4958,臻鼎-KY,13,2,11,群益金鼎-開元,2024-01-04,9134
6603,富強鑫,11,0,11,群益金鼎-開元,2024-01-04,9134
6180,橘子,11,0,11,群益金鼎-開元,2024-01-04,9134
8088,品安,11,0,11,群益金鼎-開元,2024-01-04,9134
4406,新昕纖,10,0,10,群益金鼎-開元,2024-01-04,9134
1455,集盛,12,2,10,群益金鼎-開元,2024-01-04,9134
2453,凌群,11,1,10,群益金鼎-開元,2024-01-04,9134
00937B,群益ESG投等債20,285,0,285,群益金鼎-開元,2024-01-05,9134
2618,長榮航,248,72,176,群益金鼎-開元,2024-01-05,9134
00885,富邦越南,156,0,156,群益金鼎-開元,2024-01-05,9134
00795B,中信美國公債20年,105,0,105,群益金鼎-開元,2024-01-05,9134
00919,群益台灣精選高息,88,15,73,群益金鼎-開元,2024-01-05,9134
2331,精英,73,1,72,群益金鼎-開元,2024-01-05,9134
2609,陽明,82,43,39,群益金鼎-開元,2024-01-05,9134
00929,復華台灣科技優息,37,0,37,群益金鼎-開元,2024-01-05,9134
2611,志信,57,21,36,群益金鼎-開元,2024-01-05,9134
2887,台新金,30,0,30,群益金鼎-開元,2024-01-05,9134
3481,群創,236,210,26,群益金鼎-開元,2024-01-05,9134
1325,恆大,30,6,24,群益金鼎-開元,2024-01-05,9134
00688L,國泰20年美債正2,29,5,24,群益金鼎-開元,2024-01-05,9134
3034,聯詠,23,0,23,群益金鼎-開元,2024-01-05,9134
1504,東元,21,0,21,群益金鼎-開元,2024-01-05,9134
2852,第一保,20,0,20,群益金鼎-開元,2024-01-05,9134
00671R,富邦NASDAQ反1,20,0,20,群益金鼎-開元,2024-01-05,9134
2358,廷鑫,20,0,20,群益金鼎-開元,2024-01-05,9134
2885,元大金,20,0,20,群益金鼎-開元,2024-01-05,9134
2344,華邦電,22,2,20,群益金鼎-開元,2024-01-05,9134
1471,首利,20,1,19,群益金鼎-開元,2024-01-05,9134
5880,合庫金,20,1,19,群益金鼎-開元,2024-01-05,9134
00687B,國泰20年美債,17,0,17,群益金鼎-開元,2024-01-05,9134
3231,緯創,23,7,16,群益金鼎-開元,2024-01-05,9134
00715L,期街口布蘭特正2,16,0,16,群益金鼎-開元,2024-01-05,9134
00679B,元大美債20年,19,6,13,群益金鼎-開元,2024-01-05,9134
00712,復華富時不動產,12,0,12,群益金鼎-開元,2024-01-05,9134
3576,聯合再生,13,1,12,群益金鼎-開元,2024-01-05,9134
00900,富邦特選高股息30,12,0,12,群益金鼎-開元,2024-01-05,9134
2324,仁寶,19,8,11,群益金鼎-開元,2024-01-05,9134
6485,點序,11,0,11,群益金鼎-開元,2024-01-05,9134
00720B,元大投資級公司債,11,0,11,群益金鼎-開元,2024-01-05,9134
2605,新興,12,1,11,群益金鼎-開元,2024-01-05,9134
2610,華航,11,0,11,群益金鼎-開元,2024-01-05,9134
3380,明泰,23,12,11,群益金鼎-開元,2024-01-05,9134
2834,臺企銀,10,0,10,群益金鼎-開元,2024-01-05,9134
9105,泰金寶-DR,10,0,10,群益金鼎-開元,2024-01-05,9134
2402,毅嘉,11,1,10,群益金鼎-開元,2024-01-05,9134
3372,典範,10,0,10,群益金鼎-開元,2024-01-05,9134
8213,志超,10,0,10,群益金鼎-開元,2024-01-05,9134
9951,皇田,10,0,10,群益金鼎-開元,2024-01-05,9134
6531,愛普*,20,10,10,群益金鼎-開元,2024-01-05,9134
9945,潤泰新,9,0,9,群益金鼎-開元,2024-01-05,9134
5608,四維航,11,2,9,群益金鼎-開元,2024-01-05,9134
2352,佳世達,28,19,9,群益金鼎-開元,2024-01-05,9134
5521,工信,11,2,9,群益金鼎-開元,2024-01-05,9134
3088,艾訊,10,1,9,群益金鼎-開元,2024-01-05,9134
6180,橘子,9,0,9,群益金鼎-開元,2024-01-05,9134
1609,大亞,8,0,8,群益金鼎-開元,2024-01-05,9134
2374,佳能,8,0,8,群益金鼎-開元,2024-01-05,9134
00929,復華台灣科技優息,84,5,79,群益金鼎-開元,2024-01-08,9134
6016,康和證,60,0,60,群益金鼎-開元,2024-01-08,9134
8085,福華,65,6,59,群益金鼎-開元,2024-01-08,9134
00665L,富邦�琤肭磪囓�2,56,0,56,群益金鼎-開元,2024-01-08,9134
00720B,元大投資級公司債,47,0,47,群益金鼎-開元,2024-01-08,9134
6770,力積電,111,67,44,群益金鼎-開元,2024-01-08,9134
00919,群益台灣精選高息,54,11,43,群益金鼎-開元,2024-01-08,9134
3260,威剛,79,37,42,群益金鼎-開元,2024-01-08,9134
3617,碩天,40,0,40,群益金鼎-開元,2024-01-08,9134
00882,中信中國高股息,51,12,39,群益金鼎-開元,2024-01-08,9134
2388,威盛,42,5,37,群益金鼎-開元,2024-01-08,9134
3390,旭軟,41,4,37,群益金鼎-開元,2024-01-08,9134
2353,宏��,87,53,34,群益金鼎-開元,2024-01-08,9134
00632R,元大台灣50反1,32,0,32,群益金鼎-開元,2024-01-08,9134
00637L,元大滬深300正2,99,67,32,群益金鼎-開元,2024-01-08,9134
2605,新興,36,5,31,群益金鼎-開元,2024-01-08,9134
00715L,期街口布蘭特正2,36,7,29,群益金鼎-開元,2024-01-08,9134
8011,台通,32,5,27,群益金鼎-開元,2024-01-08,9134
00687B,國泰20年美債,25,2,23,群益金鼎-開元,2024-01-08,9134
6446,藥華藥,23,0,23,群益金鼎-開元,2024-01-08,9134
00679B,元大美債20年,23,0,23,群益金鼎-開元,2024-01-08,9134
5871,中租-KY,22,0,22,群益金鼎-開元,2024-01-08,9134
4956,光鋐,21,0,21,群益金鼎-開元,2024-01-08,9134
1104,環泥,20,0,20,群益金鼎-開元,2024-01-08,9134
2393,億光,15,0,15,群益金鼎-開元,2024-01-08,9134
00688L,國泰20年美債正2,12,0,12,群益金鼎-開元,2024-01-08,9134
2303,聯電,13,1,12,群益金鼎-開元,2024-01-08,9134
2344,華邦電,12,1,11,群益金鼎-開元,2024-01-08,9134
5880,合庫金,11,0,11,群益金鼎-開元,2024-01-08,9134
9945,潤泰新,10,0,10,群益金鼎-開元,2024-01-08,9134
3504,揚明光,10,0,10,群益金鼎-開元,2024-01-08,9134
1304,台聚,10,0,10,群益金鼎-開元,2024-01-08,9134
6235,華孚,11,1,10,群益金鼎-開元,2024-01-08,9134
00753L,中信中國50正2,10,0,10,群益金鼎-開元,2024-01-08,9134
1727,中華化,10,0,10,群益金鼎-開元,2024-01-08,9134
4155,訊映,10,0,10,群益金鼎-開元,2024-01-08,9134
2002,中鋼,10,1,9,群益金鼎-開元,2024-01-08,9134
1609,大亞,8,0,8,群益金鼎-開元,2024-01-08,9134
1513,中興電,8,0,8,群益金鼎-開元,2024-01-08,9134
2722,夏都,8,0,8,群益金鼎-開元,2024-01-08,9134
2739,寒舍,8,0,8,群益金鼎-開元,2024-01-08,9134
3715,定穎投控,9,1,8,群益金鼎-開元,2024-01-08,9134
3265,台星科,8,0,8,群益金鼎-開元,2024-01-08,9134
6129,普誠,12,4,8,群益金鼎-開元,2024-01-08,9134
2455,全新,8,0,8,群益金鼎-開元,2024-01-08,9134
6603,富強鑫,8,0,8,群益金鼎-開元,2024-01-08,9134
2515,中工,25,18,7,群益金鼎-開元,2024-01-08,9134
6180,橘子,7,0,7,群益金鼎-開元,2024-01-08,9134
2023,燁輝,7,0,7,群益金鼎-開元,2024-01-08,9134
3714,富采,11,4,7,群益金鼎-開元,2024-01-08,9134
00919,群益台灣精選高息,254,0,254,群益金鼎-開元,2024-01-09,9134
00751B,元大AAA至A公司債,250,0,250,群益金鼎-開元,2024-01-09,9134
6446,藥華藥,114,1,113,群益金鼎-開元,2024-01-09,9134
2461,光群雷,250,140,110,群益金鼎-開元,2024-01-09,9134
2637,慧洋-KY,90,4,86,群益金鼎-開元,2024-01-09,9134
2609,陽明,92,18,74,群益金鼎-開元,2024-01-09,9134
2603,長榮,77,6,71,群益金鼎-開元,2024-01-09,9134
00929,復華台灣科技優息,53,0,53,群益金鼎-開元,2024-01-09,9134
2867,三商壽,35,0,35,群益金鼎-開元,2024-01-09,9134
3056,富華新,32,0,32,群益金鼎-開元,2024-01-09,9134
00927,群益半導體收益,32,0,32,群益金鼎-開元,2024-01-09,9134
1605,華新,33,1,32,群益金鼎-開元,2024-01-09,9134
6116,彩晶,36,7,29,群益金鼎-開元,2024-01-09,9134
2363,矽統,45,20,25,群益金鼎-開元,2024-01-09,9134
1718,中纖,23,0,23,群益金鼎-開元,2024-01-09,9134
1616,億泰,22,0,22,群益金鼎-開元,2024-01-09,9134
2816,旺旺保,20,0,20,群益金鼎-開元,2024-01-09,9134
00850,元大臺灣ESG永續,20,0,20,群益金鼎-開元,2024-01-09,9134
1304,台聚,20,0,20,群益金鼎-開元,2024-01-09,9134
1504,東元,24,5,19,群益金鼎-開元,2024-01-09,9134
1612,宏泰,20,2,18,群益金鼎-開元,2024-01-09,9134
2014,中鴻,18,0,18,群益金鼎-開元,2024-01-09,9134
1609,大亞,18,1,17,群益金鼎-開元,2024-01-09,9134
2324,仁寶,38,22,16,群益金鼎-開元,2024-01-09,9134
9933,中鼎,16,0,16,群益金鼎-開元,2024-01-09,9134
5608,四維航,21,5,16,群益金鼎-開元,2024-01-09,9134
2023,燁輝,15,0,15,群益金鼎-開元,2024-01-09,9134
00918,大華優利高填息30,15,0,15,群益金鼎-開元,2024-01-09,9134
2601,益航,15,2,13,群益金鼎-開元,2024-01-09,9134
2362,藍天,14,1,13,群益金鼎-開元,2024-01-09,9134
6182,合晶,12,0,12,群益金鼎-開元,2024-01-09,9134
2489,瑞軒,12,0,12,群益金鼎-開元,2024-01-09,9134
2421,建準,16,4,12,群益金鼎-開元,2024-01-09,9134
2606,裕民,13,1,12,群益金鼎-開元,2024-01-09,9134
2610,華航,13,2,11,群益金鼎-開元,2024-01-09,9134
1313,聯成,12,1,11,群益金鼎-開元,2024-01-09,9134
6257,矽格,11,0,11,群益金鼎-開元,2024-01-09,9134
2312,金寶,20,9,11,群益金鼎-開元,2024-01-09,9134
2317,鴻海,10,0,10,群益金鼎-開元,2024-01-09,9134
2485,兆赫,10,0,10,群益金鼎-開元,2024-01-09,9134
2105,正新,10,0,10,群益金鼎-開元,2024-01-09,9134
3325,旭品,11,1,10,群益金鼎-開元,2024-01-09,9134
4406,新昕纖,10,0,10,群益金鼎-開元,2024-01-09,9134
00885,富邦越南,20,10,10,群益金鼎-開元,2024-01-09,9134
2929,淘帝-KY,10,0,10,群益金鼎-開元,2024-01-09,9134
00680L,元大美債20正2,10,0,10,群益金鼎-開元,2024-01-09,9134
00715L,期街口布蘭特正2,9,0,9,群益金鼎-開元,2024-01-09,9134
2002,中鋼,10,1,9,群益金鼎-開元,2024-01-09,9134
5222,全訊,10,1,9,群益金鼎-開元,2024-01-09,9134
1711,永光,9,0,9,群益金鼎-開元,2024-01-09,9134
00720B,元大投資級公司債,117,0,117,群益金鼎-開元,2024-01-10,9134
00919,群益台灣精選高息,103,0,103,群益金鼎-開元,2024-01-10,9134
00676R,富邦臺灣加權反1,100,10,90,群益金鼎-開元,2024-01-10,9134
2609,陽明,131,45,86,群益金鼎-開元,2024-01-10,9134
00929,復華台灣科技優息,89,6,83,群益金鼎-開元,2024-01-10,9134
8222,寶一,93,34,59,群益金鼎-開元,2024-01-10,9134
2353,宏��,91,39,52,群益金鼎-開元,2024-01-10,9134
2323,中環,53,2,51,群益金鼎-開元,2024-01-10,9134
2511,太子,51,0,51,群益金鼎-開元,2024-01-10,9134
1785,光洋科,50,1,49,群益金鼎-開元,2024-01-10,9134
2630,亞航,49,8,41,群益金鼎-開元,2024-01-10,9134
00937B,群益ESG投等債20,42,10,32,群益金鼎-開元,2024-01-10,9134
3088,艾訊,52,22,30,群益金鼎-開元,2024-01-10,9134
2618,長榮航,49,20,29,群益金鼎-開元,2024-01-10,9134
2356,英業達,33,7,26,群益金鼎-開元,2024-01-10,9134
5521,工信,41,18,23,群益金鼎-開元,2024-01-10,9134
9933,中鼎,20,0,20,群益金鼎-開元,2024-01-10,9134
1609,大亞,19,1,18,群益金鼎-開元,2024-01-10,9134
5392,能率,15,0,15,群益金鼎-開元,2024-01-10,9134
2105,正新,15,0,15,群益金鼎-開元,2024-01-10,9134
00679B,元大美債20年,13,0,13,群益金鼎-開元,2024-01-10,9134
1605,華新,14,1,13,群益金鼎-開元,2024-01-10,9134
2637,慧洋-KY,15,2,13,群益金鼎-開元,2024-01-10,9134
1319,東陽,12,0,12,群益金鼎-開元,2024-01-10,9134
3025,星通,13,1,12,群益金鼎-開元,2024-01-10,9134
2885,元大金,11,0,11,群益金鼎-開元,2024-01-10,9134
2303,聯電,18,7,11,群益金鼎-開元,2024-01-10,9134
2328,廣宇,11,0,11,群益金鼎-開元,2024-01-10,9134
9941,裕融,11,0,11,群益金鼎-開元,2024-01-10,9134
1101,台泥,10,0,10,群益金鼎-開元,2024-01-10,9134
00665L,富邦�琤肭磪囓�2,16,6,10,群益金鼎-開元,2024-01-10,9134
9912,偉聯,10,0,10,群益金鼎-開元,2024-01-10,9134
00671R,富邦NASDAQ反1,10,0,10,群益金鼎-開元,2024-01-10,9134
4958,臻鼎-KY,10,0,10,群益金鼎-開元,2024-01-10,9134
8096,擎亞,35,25,10,群益金鼎-開元,2024-01-10,9134
2301,光寶科,11,2,9,群益金鼎-開元,2024-01-10,9134
00712,復華富時不動產,10,1,9,群益金鼎-開元,2024-01-10,9134
6625,必應,10,1,9,群益金鼎-開元,2024-01-10,9134
3587,閎康,9,0,9,群益金鼎-開元,2024-01-10,9134
3265,台星科,11,2,9,群益金鼎-開元,2024-01-10,9134
6239,力成,10,1,9,群益金鼎-開元,2024-01-10,9134
3046,建��,10,2,8,群益金鼎-開元,2024-01-10,9134
2884,玉山金,8,0,8,群益金鼎-開元,2024-01-10,9134
9906,欣巴巴,8,0,8,群益金鼎-開元,2024-01-10,9134
2409,友達,9,1,8,群益金鼎-開元,2024-01-10,9134
3047,訊舟,8,0,8,群益金鼎-開元,2024-01-10,9134
1210,大成,10,3,7,群益金鼎-開元,2024-01-10,9134
3346,麗清,7,0,7,群益金鼎-開元,2024-01-10,9134
3543,州巧,7,0,7,群益金鼎-開元,2024-01-10,9134
2308,台達電,6,0,6,群益金鼎-開元,2024-01-10,9134
00937B,群益ESG投等債20,239,5,234,群益金鼎-開元,2024-01-11,9134
3481,群創,157,33,124,群益金鼎-開元,2024-01-11,9134
00720B,元大投資級公司債,145,60,85,群益金鼎-開元,2024-01-11,9134
00929,復華台灣科技優息,73,0,73,群益金鼎-開元,2024-01-11,9134
1314,中石化,70,1,69,群益金鼎-開元,2024-01-11,9134
00687B,國泰20年美債,67,0,67,群益金鼎-開元,2024-01-11,9134
00919,群益台灣精選高息,45,11,34,群益金鼎-開元,2024-01-11,9134
2353,宏��,85,52,33,群益金鼎-開元,2024-01-11,9134
3265,台星科,32,1,31,群益金鼎-開元,2024-01-11,9134
2332,友訊,30,0,30,群益金鼎-開元,2024-01-11,9134
2329,華泰,49,21,28,群益金鼎-開元,2024-01-11,9134
3264,欣銓,28,0,28,群益金鼎-開元,2024-01-11,9134
00933B,國泰10Y+金融債,33,10,23,群益金鼎-開元,2024-01-11,9134
2374,佳能,21,0,21,群益金鼎-開元,2024-01-11,9134
00795B,中信美國公債20年,20,0,20,群益金鼎-開元,2024-01-11,9134
5284,jpp-KY,20,0,20,群益金鼎-開元,2024-01-11,9134
00897,富邦基因免疫生技,20,0,20,群益金鼎-開元,2024-01-11,9134
2414,精技,19,0,19,群益金鼎-開元,2024-01-11,9134
3032,偉訓,26,8,18,群益金鼎-開元,2024-01-11,9134
4956,光鋐,65,47,18,群益金鼎-開元,2024-01-11,9134
6446,藥華藥,18,1,17,群益金鼎-開元,2024-01-11,9134
2356,英業達,32,16,16,群益金鼎-開元,2024-01-11,9134
1309,台達化,15,0,15,群益金鼎-開元,2024-01-11,9134
1336,台翰,15,0,15,群益金鼎-開元,2024-01-11,9134
3711,日月光投控,14,0,14,群益金鼎-開元,2024-01-11,9134
5880,合庫金,15,1,14,群益金鼎-開元,2024-01-11,9134
1795,美時,25,12,13,群益金鼎-開元,2024-01-11,9134
1514,亞力,15,2,13,群益金鼎-開元,2024-01-11,9134
1303,南亞,13,0,13,群益金鼎-開元,2024-01-11,9134
2903,遠百,13,0,13,群益金鼎-開元,2024-01-11,9134
2317,鴻海,15,3,12,群益金鼎-開元,2024-01-11,9134
2344,華邦電,17,5,12,群益金鼎-開元,2024-01-11,9134
2634,漢翔,13,1,12,群益金鼎-開元,2024-01-11,9134
9933,中鼎,12,0,12,群益金鼎-開元,2024-01-11,9134
2892,第一金,12,0,12,群益金鼎-開元,2024-01-11,9134
2301,光寶科,13,1,12,群益金鼎-開元,2024-01-11,9134
2408,南亞科,12,1,11,群益金鼎-開元,2024-01-11,9134
2745,五福,10,0,10,群益金鼎-開元,2024-01-11,9134
6477,安集,10,0,10,群益金鼎-開元,2024-01-11,9134
2505,國揚,10,0,10,群益金鼎-開元,2024-01-11,9134
2618,長榮航,28,18,10,群益金鼎-開元,2024-01-11,9134
6226,光鼎,10,0,10,群益金鼎-開元,2024-01-11,9134
5484,慧友,10,0,10,群益金鼎-開元,2024-01-11,9134
5364,力麗店,10,0,10,群益金鼎-開元,2024-01-11,9134
6219,富旺,10,0,10,群益金鼎-開元,2024-01-11,9134
2915,潤泰全,9,0,9,群益金鼎-開元,2024-01-11,9134
6170,統振,17,8,9,群益金鼎-開元,2024-01-11,9134
4142,國光生,10,1,9,群益金鼎-開元,2024-01-11,9134
00679B,元大美債20年,8,0,8,群益金鼎-開元,2024-01-11,9134
6116,彩晶,11,3,8,群益金鼎-開元,2024-01-11,9134
2883,凱基金,301,3,298,群益金鼎-開元,2024-01-12,9134
2880,華南金,150,0,150,群益金鼎-開元,2024-01-12,9134
00720B,元大投資級公司債,220,90,130,群益金鼎-開元,2024-01-12,9134
00929,復華台灣科技優息,125,19,106,群益金鼎-開元,2024-01-12,9134
00725B,國泰投資級公司債,65,1,64,群益金鼎-開元,2024-01-12,9134
9933,中鼎,60,0,60,群益金鼎-開元,2024-01-12,9134
00885,富邦越南,53,5,48,群益金鼎-開元,2024-01-12,9134
2618,長榮航,44,3,41,群益金鼎-開元,2024-01-12,9134
2392,正崴,35,2,33,群益金鼎-開元,2024-01-12,9134
2353,宏��,78,46,32,群益金鼎-開元,2024-01-12,9134
3322,建舜電,30,0,30,群益金鼎-開元,2024-01-12,9134
00927,群益半導體收益,29,0,29,群益金鼎-開元,2024-01-12,9134
2409,友達,28,0,28,群益金鼎-開元,2024-01-12,9134
00878,國泰永續高股息,30,2,28,群益金鼎-開元,2024-01-12,9134
2887,台新金,26,0,26,群益金鼎-開元,2024-01-12,9134
2630,亞航,29,3,26,群益金鼎-開元,2024-01-12,9134
00919,群益台灣精選高息,35,11,24,群益金鼎-開元,2024-01-12,9134
1336,台翰,23,0,23,群益金鼎-開元,2024-01-12,9134
2388,威盛,23,1,22,群益金鼎-開元,2024-01-12,9134
2332,友訊,21,0,21,群益金鼎-開元,2024-01-12,9134
1815,富喬,21,0,21,群益金鼎-開元,2024-01-12,9134
9945,潤泰新,21,1,20,群益金鼎-開元,2024-01-12,9134
3504,揚明光,20,0,20,群益金鼎-開元,2024-01-12,9134
0056,元大高股息,19,0,19,群益金鼎-開元,2024-01-12,9134
2888,新光金,24,5,19,群益金鼎-開元,2024-01-12,9134
5328,華容,20,2,18,群益金鼎-開元,2024-01-12,9134
00881,國泰台灣5G+,16,0,16,群益金鼎-開元,2024-01-12,9134
4142,國光生,16,0,16,群益金鼎-開元,2024-01-12,9134
3088,艾訊,16,0,16,群益金鼎-開元,2024-01-12,9134
2816,旺旺保,15,0,15,群益金鼎-開元,2024-01-12,9134
1319,東陽,15,0,15,群益金鼎-開元,2024-01-12,9134
00937B,群益ESG投等債20,13,0,13,群益金鼎-開元,2024-01-12,9134
00687B,國泰20年美債,14,1,13,群益金鼎-開元,2024-01-12,9134
1609,大亞,15,2,13,群益金鼎-開元,2024-01-12,9134
2324,仁寶,28,16,12,群益金鼎-開元,2024-01-12,9134
3287,廣寰科,15,3,12,群益金鼎-開元,2024-01-12,9134
2485,兆赫,12,0,12,群益金鼎-開元,2024-01-12,9134
3481,群創,20,8,12,群益金鼎-開元,2024-01-12,9134
2390,云辰,12,0,12,群益金鼎-開元,2024-01-12,9134
8112,至上,13,1,12,群益金鼎-開元,2024-01-12,9134
00713,元大台灣高息低波,13,1,12,群益金鼎-開元,2024-01-12,9134
1432,大魯閣,11,0,11,群益金鼎-開元,2024-01-12,9134
3706,神達,32,21,11,群益金鼎-開元,2024-01-12,9134
2453,凌群,12,1,11,群益金鼎-開元,2024-01-12,9134
1806,冠軍,11,0,11,群益金鼎-開元,2024-01-12,9134
2356,英業達,41,30,11,群益金鼎-開元,2024-01-12,9134
5426,振發,40,30,10,群益金鼎-開元,2024-01-12,9134
2331,精英,12,2,10,群益金鼎-開元,2024-01-12,9134
6477,安集,10,0,10,群益金鼎-開元,2024-01-12,9134
2369,菱生,11,1,10,群益金鼎-開元,2024-01-12,9134
1802,台玻,300,0,300,群益金鼎-開元,2024-01-15,9134
3481,群創,209,16,193,群益金鼎-開元,2024-01-15,9134
00720B,元大投資級公司債,135,0,135,群益金鼎-開元,2024-01-15,9134
6116,彩晶,111,0,111,群益金鼎-開元,2024-01-15,9134
00929,復華台灣科技優息,127,20,107,群益金鼎-開元,2024-01-15,9134
00679B,元大美債20年,98,11,87,群益金鼎-開元,2024-01-15,9134
2801,彰銀,53,0,53,群益金鼎-開元,2024-01-15,9134
00927,群益半導體收益,46,2,44,群益金鼎-開元,2024-01-15,9134
2618,長榮航,42,3,39,群益金鼎-開元,2024-01-15,9134
8222,寶一,42,4,38,群益金鼎-開元,2024-01-15,9134
2834,臺企銀,32,1,31,群益金鼎-開元,2024-01-15,9134
2605,新興,30,0,30,群益金鼎-開元,2024-01-15,9134
2353,宏��,79,53,26,群益金鼎-開元,2024-01-15,9134
00937B,群益ESG投等債20,26,1,25,群益金鼎-開元,2024-01-15,9134
2414,精技,23,0,23,群益金鼎-開元,2024-01-15,9134
8112,至上,27,6,21,群益金鼎-開元,2024-01-15,9134
1605,華新,23,2,21,群益金鼎-開元,2024-01-15,9134
2409,友達,23,2,21,群益金鼎-開元,2024-01-15,9134
3231,緯創,58,39,19,群益金鼎-開元,2024-01-15,9134
4563,百德,38,19,19,群益金鼎-開元,2024-01-15,9134
2634,漢翔,33,15,18,群益金鼎-開元,2024-01-15,9134
00919,群益台灣精選高息,34,17,17,群益金鼎-開元,2024-01-15,9134
00933B,國泰10Y+金融債,20,3,17,群益金鼎-開元,2024-01-15,9134
00665L,富邦�琤肭磪囓�2,29,12,17,群益金鼎-開元,2024-01-15,9134
0056,元大高股息,15,0,15,群益金鼎-開元,2024-01-15,9134
2705,六福,15,0,15,群益金鼎-開元,2024-01-15,9134
2888,新光金,16,4,12,群益金鼎-開元,2024-01-15,9134
00680L,元大美債20正2,12,0,12,群益金鼎-開元,2024-01-15,9134
2324,仁寶,16,5,11,群益金鼎-開元,2024-01-15,9134
00687B,國泰20年美債,12,1,11,群益金鼎-開元,2024-01-15,9134
00655L,國泰中國A50正2,11,0,11,群益金鼎-開元,2024-01-15,9134
6015,宏遠證,10,0,10,群益金鼎-開元,2024-01-15,9134
1449,佳和,12,2,10,群益金鼎-開元,2024-01-15,9134
00715L,期街口布蘭特正2,10,0,10,群益金鼎-開元,2024-01-15,9134
4164,承業醫,10,0,10,群益金鼎-開元,2024-01-15,9134
6147,頎邦,11,1,10,群益金鼎-開元,2024-01-15,9134
1718,中纖,10,0,10,群益金鼎-開元,2024-01-15,9134
00632R,元大台灣50反1,15,5,10,群益金鼎-開元,2024-01-15,9134
00893,國泰智能電動車,8,0,8,群益金鼎-開元,2024-01-15,9134
2882,國泰金,10,2,8,群益金鼎-開元,2024-01-15,9134
6285,啟��,12,4,8,群益金鼎-開元,2024-01-15,9134
2367,燿華,8,0,8,群益金鼎-開元,2024-01-15,9134
00725B,國泰投資級公司債,8,0,8,群益金鼎-開元,2024-01-15,9134
5426,振發,29,21,8,群益金鼎-開元,2024-01-15,9134
5371,中光電,7,0,7,群益金鼎-開元,2024-01-15,9134
2637,慧洋-KY,7,0,7,群益金鼎-開元,2024-01-15,9134
2892,第一金,6,0,6,群益金鼎-開元,2024-01-15,9134
6505,台塑化,6,0,6,群益金鼎-開元,2024-01-15,9134
6530,創威,6,0,6,群益金鼎-開元,2024-01-15,9134
8476,台境*,6,0,6,群益金鼎-開元,2024-01-15,9134
2892,第一金,267,0,267,群益金鼎-開元,2024-01-16,9134
2880,華南金,205,0,205,群益金鼎-開元,2024-01-16,9134
1802,台玻,152,0,152,群益金鼎-開元,2024-01-16,9134
00676R,富邦臺灣加權反1,100,0,100,群益金鼎-開元,2024-01-16,9134
2392,正崴,80,0,80,群益金鼎-開元,2024-01-16,9134
2359,所羅門,64,4,60,群益金鼎-開元,2024-01-16,9134
00929,復華台灣科技優息,82,30,52,群益金鼎-開元,2024-01-16,9134
0056,元大高股息,51,0,51,群益金鼎-開元,2024-01-16,9134
2344,華邦電,56,10,46,群益金鼎-開元,2024-01-16,9134
00720B,元大投資級公司債,46,0,46,群益金鼎-開元,2024-01-16,9134
2888,新光金,40,0,40,群益金鼎-開元,2024-01-16,9134
6015,宏遠證,40,0,40,群益金鼎-開元,2024-01-16,9134
6446,藥華藥,35,0,35,群益金鼎-開元,2024-01-16,9134
1718,中纖,34,0,34,群益金鼎-開元,2024-01-16,9134
2816,旺旺保,35,3,32,群益金鼎-開元,2024-01-16,9134
00927,群益半導體收益,32,0,32,群益金鼎-開元,2024-01-16,9134
00665L,富邦�琤肭磪囓�2,44,12,32,群益金鼎-開元,2024-01-16,9134
2486,一詮,36,5,31,群益金鼎-開元,2024-01-16,9134
2889,國票金,30,0,30,群益金鼎-開元,2024-01-16,9134
1314,中石化,29,0,29,群益金鼎-開元,2024-01-16,9134
2465,麗臺,27,0,27,群益金鼎-開元,2024-01-16,9134
2105,正新,27,0,27,群益金鼎-開元,2024-01-16,9134
2353,宏��,55,30,25,群益金鼎-開元,2024-01-16,9134
1101,台泥,25,0,25,群益金鼎-開元,2024-01-16,9134
6116,彩晶,26,1,25,群益金鼎-開元,2024-01-16,9134
2883,凱基金,27,3,24,群益金鼎-開元,2024-01-16,9134
6535,順藥,24,1,23,群益金鼎-開元,2024-01-16,9134
2603,長榮,24,2,22,群益金鼎-開元,2024-01-16,9134
00919,群益台灣精選高息,33,12,21,群益金鼎-開元,2024-01-16,9134
2002,中鋼,21,0,21,群益金鼎-開元,2024-01-16,9134
4563,百德,21,0,21,群益金鼎-開元,2024-01-16,9134
2605,新興,22,3,19,群益金鼎-開元,2024-01-16,9134
3231,緯創,40,22,18,群益金鼎-開元,2024-01-16,9134
1301,台塑,20,2,18,群益金鼎-開元,2024-01-16,9134
2363,矽統,17,0,17,群益金鼎-開元,2024-01-16,9134
2312,金寶,25,8,17,群益金鼎-開元,2024-01-16,9134
1528,恩德,23,7,16,群益金鼎-開元,2024-01-16,9134
1609,大亞,17,1,16,群益金鼎-開元,2024-01-16,9134
1815,富喬,21,5,16,群益金鼎-開元,2024-01-16,9134
1303,南亞,14,0,14,群益金鼎-開元,2024-01-16,9134
2356,英業達,14,0,14,群益金鼎-開元,2024-01-16,9134
6282,康舒,15,1,14,群益金鼎-開元,2024-01-16,9134
4939,亞電,15,1,14,群益金鼎-開元,2024-01-16,9134
3260,威剛,14,1,13,群益金鼎-開元,2024-01-16,9134
2618,長榮航,24,11,13,群益金鼎-開元,2024-01-16,9134
9945,潤泰新,13,0,13,群益金鼎-開元,2024-01-16,9134
6170,統振,13,0,13,群益金鼎-開元,2024-01-16,9134
2476,鉅祥,14,1,13,群益金鼎-開元,2024-01-16,9134
6233,旺玖,22,9,13,群益金鼎-開元,2024-01-16,9134
2382,廣達,21,8,13,群益金鼎-開元,2024-01-16,9134
2409,友達,206,0,206,群益金鼎-開元,2024-01-17,9134
00937B,群益ESG投等債20,187,3,184,群益金鼎-開元,2024-01-17,9134
2880,華南金,116,0,116,群益金鼎-開元,2024-01-17,9134
00882,中信中國高股息,112,0,112,群益金鼎-開元,2024-01-17,9134
2739,寒舍,132,36,96,群益金鼎-開元,2024-01-17,9134
00919,群益台灣精選高息,123,31,92,群益金鼎-開元,2024-01-17,9134
8433,弘帆,86,0,86,群益金鼎-開元,2024-01-17,9134
00929,復華台灣科技優息,104,24,80,群益金鼎-開元,2024-01-17,9134
2374,佳能,66,0,66,群益金鼎-開元,2024-01-17,9134
00665L,富邦�琤肭磪囓�2,83,28,55,群益金鼎-開元,2024-01-17,9134
0056,元大高股息,46,3,43,群益金鼎-開元,2024-01-17,9134
00878,國泰永續高股息,55,12,43,群益金鼎-開元,2024-01-17,9134
1605,華新,41,1,40,群益金鼎-開元,2024-01-17,9134
2303,聯電,45,6,39,群益金鼎-開元,2024-01-17,9134
3260,威剛,36,1,35,群益金鼎-開元,2024-01-17,9134
2745,五福,34,0,34,群益金鼎-開元,2024-01-17,9134
00927,群益半導體收益,38,5,33,群益金鼎-開元,2024-01-17,9134
2344,華邦電,41,9,32,群益金鼎-開元,2024-01-17,9134
5222,全訊,35,3,32,群益金鼎-開元,2024-01-17,9134
3033,威健,38,6,32,群益金鼎-開元,2024-01-17,9134
00933B,國泰10Y+金融債,52,20,32,群益金鼎-開元,2024-01-17,9134
2324,仁寶,32,1,31,群益金鼎-開元,2024-01-17,9134
2884,玉山金,29,0,29,群益金鼎-開元,2024-01-17,9134
6535,順藥,35,6,29,群益金鼎-開元,2024-01-17,9134
00679B,元大美債20年,28,0,28,群益金鼎-開元,2024-01-17,9134
6015,宏遠證,28,0,28,群益金鼎-開元,2024-01-17,9134
9945,潤泰新,28,0,28,群益金鼎-開元,2024-01-17,9134
3231,緯創,68,41,27,群益金鼎-開元,2024-01-17,9134
2002,中鋼,27,2,25,群益金鼎-開元,2024-01-17,9134
5880,合庫金,25,0,25,群益金鼎-開元,2024-01-17,9134
2816,旺旺保,30,5,25,群益金鼎-開元,2024-01-17,9134
8429,金麗-KY,25,0,25,群益金鼎-開元,2024-01-17,9134
2312,金寶,33,10,23,群益金鼎-開元,2024-01-17,9134
3034,聯詠,25,2,23,群益金鼎-開元,2024-01-17,9134
1718,中纖,22,0,22,群益金鼎-開元,2024-01-17,9134
4188,安克,22,0,22,群益金鼎-開元,2024-01-17,9134
2885,元大金,22,0,22,群益金鼎-開元,2024-01-17,9134
8085,福華,21,0,21,群益金鼎-開元,2024-01-17,9134
6163,華電網,20,0,20,群益金鼎-開元,2024-01-17,9134
00885,富邦越南,25,5,20,群益金鼎-開元,2024-01-17,9134
2888,新光金,19,0,19,群益金鼎-開元,2024-01-17,9134
2618,長榮航,37,19,18,群益金鼎-開元,2024-01-17,9134
1304,台聚,19,1,18,群益金鼎-開元,2024-01-17,9134
3623,富晶通,19,3,16,群益金鼎-開元,2024-01-17,9134
00891,中信關鍵半導體,16,0,16,群益金鼎-開元,2024-01-17,9134
00751B,元大AAA至A公司債,16,0,16,群益金鼎-開元,2024-01-17,9134
00888,永豐台灣ESG,16,0,16,群益金鼎-開元,2024-01-17,9134
2405,輔信,22,6,16,群益金鼎-開元,2024-01-17,9134
00904,新光臺灣半導體30,15,0,15,群益金鼎-開元,2024-01-17,9134
3615,安可,19,4,15,群益金鼎-開元,2024-01-17,9134
00637L,元大滬深300正2,271,140,131,群益金鼎-開元,2024-01-18,9134
1216,統一,101,1,100,群益金鼎-開元,2024-01-18,9134
00665L,富邦�琤肭磪囓�2,83,12,71,群益金鼎-開元,2024-01-18,9134
00929,復華台灣科技優息,72,10,62,群益金鼎-開元,2024-01-18,9134
2331,精英,62,0,62,群益金鼎-開元,2024-01-18,9134
4960,誠美材,59,10,49,群益金鼎-開元,2024-01-18,9134
6535,順藥,58,11,47,群益金鼎-開元,2024-01-18,9134
00720B,元大投資級公司債,45,0,45,群益金鼎-開元,2024-01-18,9134
2023,燁輝,41,1,40,群益金鼎-開元,2024-01-18,9134
2323,中環,40,0,40,群益金鼎-開元,2024-01-18,9134
00687B,國泰20年美債,39,0,39,群益金鼎-開元,2024-01-18,9134
6016,康和證,39,0,39,群益金鼎-開元,2024-01-18,9134
1802,台玻,35,0,35,群益金鼎-開元,2024-01-18,9134
2605,新興,35,1,34,群益金鼎-開元,2024-01-18,9134
00919,群益台灣精選高息,32,3,29,群益金鼎-開元,2024-01-18,9134
2324,仁寶,51,22,29,群益金鼎-開元,2024-01-18,9134
2303,聯電,38,10,28,群益金鼎-開元,2024-01-18,9134
2382,廣達,33,8,25,群益金鼎-開元,2024-01-18,9134
2606,裕民,46,23,23,群益金鼎-開元,2024-01-18,9134
3276,宇環,20,0,20,群益金鼎-開元,2024-01-18,9134
6187,萬潤,21,3,18,群益金鼎-開元,2024-01-18,9134
00882,中信中國高股息,18,0,18,群益金鼎-開元,2024-01-18,9134
8034,榮群,29,12,17,群益金鼎-開元,2024-01-18,9134
00937B,群益ESG投等債20,16,0,16,群益金鼎-開元,2024-01-18,9134
4164,承業醫,16,0,16,群益金鼎-開元,2024-01-18,9134
6505,台塑化,15,0,15,群益金鼎-開元,2024-01-18,9134
2313,華通,14,0,14,群益金鼎-開元,2024-01-18,9134
4563,百德,13,0,13,群益金鼎-開元,2024-01-18,9134
2371,大同,20,7,13,群益金鼎-開元,2024-01-18,9134
3029,零壹,28,16,12,群益金鼎-開元,2024-01-18,9134
00679B,元大美債20年,13,1,12,群益金鼎-開元,2024-01-18,9134
5426,振發,105,93,12,群益金鼎-開元,2024-01-18,9134
1326,台化,11,0,11,群益金鼎-開元,2024-01-18,9134
2362,藍天,12,2,10,群益金鼎-開元,2024-01-18,9134
4406,新昕纖,10,0,10,群益金鼎-開元,2024-01-18,9134
9950,萬國通,10,0,10,群益金鼎-開元,2024-01-18,9134
00725B,國泰投資級公司債,10,0,10,群益金鼎-開元,2024-01-18,9134
1909,榮成,10,0,10,群益金鼎-開元,2024-01-18,9134
00712,復華富時不動產,9,0,9,群益金鼎-開元,2024-01-18,9134
2888,新光金,9,0,9,群益金鼎-開元,2024-01-18,9134
6285,啟��,10,1,9,群益金鼎-開元,2024-01-18,9134
2609,陽明,23,15,8,群益金鼎-開元,2024-01-18,9134
2739,寒舍,60,52,8,群益金鼎-開元,2024-01-18,9134
9945,潤泰新,9,1,8,群益金鼎-開元,2024-01-18,9134
2892,第一金,8,0,8,群益金鼎-開元,2024-01-18,9134
6147,頎邦,9,1,8,群益金鼎-開元,2024-01-18,9134
6770,力積電,8,0,8,群益金鼎-開元,2024-01-18,9134
00936,台新永續高息中小,8,0,8,群益金鼎-開元,2024-01-18,9134
3715,定穎投控,8,1,7,群益金鼎-開元,2024-01-18,9134
00915,凱基優選高股息30,7,0,7,群益金鼎-開元,2024-01-18,9134
00687B,國泰20年美債,141,0,141,群益金鼎-開元,2024-01-19,9134
2409,友達,139,1,138,群益金鼎-開元,2024-01-19,9134
00720B,元大投資級公司債,125,0,125,群益金鼎-開元,2024-01-19,9134
00665L,富邦�琤肭磪囓�2,148,41,107,群益金鼎-開元,2024-01-19,9134
00676R,富邦臺灣加權反1,100,0,100,群益金鼎-開元,2024-01-19,9134
3481,群創,175,75,100,群益金鼎-開元,2024-01-19,9134
00937B,群益ESG投等債20,95,0,95,群益金鼎-開元,2024-01-19,9134
00929,復華台灣科技優息,76,0,76,群益金鼎-開元,2024-01-19,9134
1802,台玻,62,0,62,群益金鼎-開元,2024-01-19,9134
00688L,國泰20年美債正2,48,0,48,群益金鼎-開元,2024-01-19,9134
2344,華邦電,54,7,47,群益金鼎-開元,2024-01-19,9134
00882,中信中國高股息,47,1,46,群益金鼎-開元,2024-01-19,9134
00933B,國泰10Y+金融債,44,0,44,群益金鼎-開元,2024-01-19,9134
2401,凌陽,42,1,41,群益金鼎-開元,2024-01-19,9134
2461,光群雷,40,0,40,群益金鼎-開元,2024-01-19,9134
6016,康和證,36,0,36,群益金鼎-開元,2024-01-19,9134
3706,神達,61,26,35,群益金鼎-開元,2024-01-19,9134
6285,啟��,73,39,34,群益金鼎-開元,2024-01-19,9134
6535,順藥,31,0,31,群益金鼎-開元,2024-01-19,9134
6116,彩晶,30,0,30,群益金鼎-開元,2024-01-19,9134
00679B,元大美債20年,30,0,30,群益金鼎-開元,2024-01-19,9134
2002,中鋼,32,3,29,群益金鼎-開元,2024-01-19,9134
2637,慧洋-KY,31,2,29,群益金鼎-開元,2024-01-19,9134
9105,泰金寶-DR,28,1,27,群益金鼎-開元,2024-01-19,9134
00751B,元大AAA至A公司債,23,0,23,群益金鼎-開元,2024-01-19,9134
1616,億泰,23,0,23,群益金鼎-開元,2024-01-19,9134
00931B,統一美債20年,22,0,22,群益金鼎-開元,2024-01-19,9134
2405,輔信,23,1,22,群益金鼎-開元,2024-01-19,9134
00764B,群益25年美債,20,0,20,群益金鼎-開元,2024-01-19,9134
5222,全訊,20,0,20,群益金鼎-開元,2024-01-19,9134
1815,富喬,20,0,20,群益金鼎-開元,2024-01-19,9134
6668,中揚光,20,0,20,群益金鼎-開元,2024-01-19,9134
2891,中信金,19,0,19,群益金鼎-開元,2024-01-19,9134
6120,達運,24,5,19,群益金鼎-開元,2024-01-19,9134
2634,漢翔,22,4,18,群益金鼎-開元,2024-01-19,9134
3029,零壹,17,1,16,群益金鼎-開元,2024-01-19,9134
00632R,元大台灣50反1,20,5,15,群益金鼎-開元,2024-01-19,9134
2486,一詮,19,5,14,群益金鼎-開元,2024-01-19,9134
8096,擎亞,20,6,14,群益金鼎-開元,2024-01-19,9134
3479,安勤,13,0,13,群益金鼎-開元,2024-01-19,9134
5355,佳總,13,0,13,群益金鼎-開元,2024-01-19,9134
2610,華航,13,1,12,群益金鼎-開元,2024-01-19,9134
3036,文曄,14,2,12,群益金鼎-開元,2024-01-19,9134
2362,藍天,22,10,12,群益金鼎-開元,2024-01-19,9134
1609,大亞,25,13,12,群益金鼎-開元,2024-01-19,9134
4960,誠美材,17,6,11,群益金鼎-開元,2024-01-19,9134
00795B,中信美國公債20年,13,2,11,群益金鼎-開元,2024-01-19,9134
2603,長榮,19,9,10,群益金鼎-開元,2024-01-19,9134
3522,御嵿,10,0,10,群益金鼎-開元,2024-01-19,9134
2390,云辰,10,0,10,群益金鼎-開元,2024-01-19,9134
3576,聯合再生,402,0,402,群益金鼎-開元,2024-01-22,9134
00937B,群益ESG投等債20,243,0,243,群益金鼎-開元,2024-01-22,9134
00665L,富邦�琤肭磪囓�2,239,39,200,群益金鼎-開元,2024-01-22,9134
00632R,元大台灣50反1,88,0,88,群益金鼎-開元,2024-01-22,9134
00929,復華台灣科技優息,104,17,87,群益金鼎-開元,2024-01-22,9134
2461,光群雷,80,0,80,群益金鼎-開元,2024-01-22,9134
00882,中信中國高股息,79,3,76,群益金鼎-開元,2024-01-22,9134
2887,台新金,74,0,74,群益金鼎-開元,2024-01-22,9134
00919,群益台灣精選高息,67,2,65,群益金鼎-開元,2024-01-22,9134
2915,潤泰全,50,0,50,群益金鼎-開元,2024-01-22,9134
2906,高林,48,1,47,群益金鼎-開元,2024-01-22,9134
2884,玉山金,46,1,45,群益金鼎-開元,2024-01-22,9134
6449,鈺邦,35,0,35,群益金鼎-開元,2024-01-22,9134
1101,台泥,32,0,32,群益金鼎-開元,2024-01-22,9134
2301,光寶科,38,7,31,群益金鼎-開元,2024-01-22,9134
6016,康和證,30,0,30,群益金鼎-開元,2024-01-22,9134
2002,中鋼,27,1,26,群益金鼎-開元,2024-01-22,9134
2892,第一金,30,4,26,群益金鼎-開元,2024-01-22,9134
2317,鴻海,23,0,23,群益金鼎-開元,2024-01-22,9134
3362,先進光,24,1,23,群益金鼎-開元,2024-01-22,9134
4904,遠傳,23,0,23,群益金鼎-開元,2024-01-22,9134
2353,宏��,76,54,22,群益金鼎-開元,2024-01-22,9134
2369,菱生,35,15,20,群益金鼎-開元,2024-01-22,9134
6535,順藥,20,0,20,群益金鼎-開元,2024-01-22,9134
00696B,富邦美債20年,20,0,20,群益金鼎-開元,2024-01-22,9134
2316,楠梓電,53,35,18,群益金鼎-開元,2024-01-22,9134
2867,三商壽,16,0,16,群益金鼎-開元,2024-01-22,9134
3520,華盈,15,0,15,群益金鼎-開元,2024-01-22,9134
2618,長榮航,119,105,14,群益金鼎-開元,2024-01-22,9134
00687B,國泰20年美債,13,0,13,群益金鼎-開元,2024-01-22,9134
3324,雙鴻,35,23,12,群益金鼎-開元,2024-01-22,9134
3032,偉訓,25,13,12,群益金鼎-開元,2024-01-22,9134
5009,榮剛,11,0,11,群益金鼎-開元,2024-01-22,9134
2367,燿華,11,0,11,群益金鼎-開元,2024-01-22,9134
3625,西勝,10,0,10,群益金鼎-開元,2024-01-22,9134
2208,台船,10,0,10,群益金鼎-開元,2024-01-22,9134
00923,群益台ESG低碳50,16,6,10,群益金鼎-開元,2024-01-22,9134
00904,新光臺灣半導體30,10,0,10,群益金鼎-開元,2024-01-22,9134
6770,力積電,12,2,10,群益金鼎-開元,2024-01-22,9134
1504,東元,28,18,10,群益金鼎-開元,2024-01-22,9134
8201,無敵,9,0,9,群益金鼎-開元,2024-01-22,9134
2409,友達,11,2,9,群益金鼎-開元,2024-01-22,9134
3059,華晶科,16,7,9,群益金鼎-開元,2024-01-22,9134
2476,鉅祥,8,0,8,群益金鼎-開元,2024-01-22,9134
6120,達運,8,0,8,群益金鼎-開元,2024-01-22,9134
2331,精英,12,4,8,群益金鼎-開元,2024-01-22,9134
3390,旭軟,7,0,7,群益金鼎-開元,2024-01-22,9134
2489,瑞軒,6,0,6,群益金鼎-開元,2024-01-22,9134
5426,振發,17,11,6,群益金鼎-開元,2024-01-22,9134
2458,義隆,6,0,6,群益金鼎-開元,2024-01-22,9134
00937B,群益ESG投等債20,156,0,156,群益金鼎-開元,2024-01-23,9134
2891,中信金,115,0,115,群益金鼎-開元,2024-01-23,9134
2369,菱生,99,10,89,群益金鼎-開元,2024-01-23,9134
00687B,國泰20年美債,53,0,53,群益金鼎-開元,2024-01-23,9134
00929,復華台灣科技優息,83,30,53,群益金鼎-開元,2024-01-23,9134
2353,宏��,68,15,53,群益金鼎-開元,2024-01-23,9134
2618,長榮航,53,7,46,群益金鼎-開元,2024-01-23,9134
8070,長華*,45,0,45,群益金鼎-開元,2024-01-23,9134
2504,國產,30,0,30,群益金鼎-開元,2024-01-23,9134
8936,國統,46,16,30,群益金鼎-開元,2024-01-23,9134
00882,中信中國高股息,38,10,28,群益金鼎-開元,2024-01-23,9134
00632R,元大台灣50反1,25,0,25,群益金鼎-開元,2024-01-23,9134
1229,聯華,24,0,24,群益金鼎-開元,2024-01-23,9134
2641,正德,21,1,20,群益金鼎-開元,2024-01-23,9134
2329,華泰,26,8,18,群益金鼎-開元,2024-01-23,9134
9105,泰金寶-DR,18,1,17,群益金鼎-開元,2024-01-23,9134
3041,揚智,17,1,16,群益金鼎-開元,2024-01-23,9134
3054,立萬利,15,0,15,群益金鼎-開元,2024-01-23,9134
3441,聯一光,15,0,15,群益金鼎-開元,2024-01-23,9134
2605,新興,19,5,14,群益金鼎-開元,2024-01-23,9134
00923,群益台ESG低碳50,14,0,14,群益金鼎-開元,2024-01-23,9134
2486,一詮,18,5,13,群益金鼎-開元,2024-01-23,9134
00637L,元大滬深300正2,76,63,13,群益金鼎-開元,2024-01-23,9134
1471,首利,18,6,12,群益金鼎-開元,2024-01-23,9134
3712,永崴投控,13,2,11,群益金鼎-開元,2024-01-23,9134
00751B,元大AAA至A公司債,11,0,11,群益金鼎-開元,2024-01-23,9134
4956,光鋐,12,1,11,群益金鼎-開元,2024-01-23,9134
5315,光聯,11,0,11,群益金鼎-開元,2024-01-23,9134
2449,京元電子,12,2,10,群益金鼎-開元,2024-01-23,9134
3704,合勤控,10,0,10,群益金鼎-開元,2024-01-23,9134
2929,淘帝-KY,10,0,10,群益金鼎-開元,2024-01-23,9134
1905,華紙,10,0,10,群益金鼎-開元,2024-01-23,9134
2208,台船,12,2,10,群益金鼎-開元,2024-01-23,9134
8433,弘帆,10,0,10,群益金鼎-開元,2024-01-23,9134
6257,矽格,10,0,10,群益金鼎-開元,2024-01-23,9134
9933,中鼎,9,0,9,群益金鼎-開元,2024-01-23,9134
3059,華晶科,26,18,8,群益金鼎-開元,2024-01-23,9134
4919,新唐,7,0,7,群益金鼎-開元,2024-01-23,9134
4960,誠美材,11,4,7,群益金鼎-開元,2024-01-23,9134
8034,榮群,21,14,7,群益金鼎-開元,2024-01-23,9134
1528,恩德,16,9,7,群益金鼎-開元,2024-01-23,9134
2316,楠梓電,25,18,7,群益金鼎-開元,2024-01-23,9134
6449,鈺邦,7,0,7,群益金鼎-開元,2024-01-23,9134
3017,奇鋐,10,3,7,群益金鼎-開元,2024-01-23,9134
6120,達運,21,14,7,群益金鼎-開元,2024-01-23,9134
3149,正達,7,1,6,群益金鼎-開元,2024-01-23,9134
1216,統一,6,0,6,群益金鼎-開元,2024-01-23,9134
4953,緯軟,7,1,6,群益金鼎-開元,2024-01-23,9134
2365,昆盈,10,4,6,群益金鼎-開元,2024-01-23,9134
3033,威健,6,0,6,群益金鼎-開元,2024-01-23,9134
2344,華邦電,244,32,212,群益金鼎-開元,2024-01-24,9134
2353,宏��,232,60,172,群益金鼎-開元,2024-01-24,9134
4129,聯合,150,1,149,群益金鼎-開元,2024-01-24,9134
2409,友達,85,4,81,群益金鼎-開元,2024-01-24,9134
00937B,群益ESG投等債20,110,36,74,群益金鼎-開元,2024-01-24,9134
8936,國統,113,41,72,群益金鼎-開元,2024-01-24,9134
2605,新興,69,6,63,群益金鼎-開元,2024-01-24,9134
00632R,元大台灣50反1,100,37,63,群益金鼎-開元,2024-01-24,9134
00882,中信中國高股息,76,18,58,群益金鼎-開元,2024-01-24,9134
00720B,元大投資級公司債,49,0,49,群益金鼎-開元,2024-01-24,9134
2498,宏達電,52,9,43,群益金鼎-開元,2024-01-24,9134
00687B,國泰20年美債,40,0,40,群益金鼎-開元,2024-01-24,9134
2461,光群雷,40,0,40,群益金鼎-開元,2024-01-24,9134
00637L,元大滬深300正2,52,18,34,群益金鼎-開元,2024-01-24,9134
4164,承業醫,27,0,27,群益金鼎-開元,2024-01-24,9134
6799,來頡,31,6,25,群益金鼎-開元,2024-01-24,9134
00688L,國泰20年美債正2,23,0,23,群益金鼎-開元,2024-01-24,9134
2611,志信,20,0,20,群益金鼎-開元,2024-01-24,9134
1301,台塑,20,0,20,群益金鼎-開元,2024-01-24,9134
3260,威剛,30,12,18,群益金鼎-開元,2024-01-24,9134
3011,今皓,18,0,18,群益金鼎-開元,2024-01-24,9134
3231,緯創,51,34,17,群益金鼎-開元,2024-01-24,9134
2324,仁寶,29,13,16,群益金鼎-開元,2024-01-24,9134
2367,燿華,16,2,14,群益金鼎-開元,2024-01-24,9134
1514,亞力,17,4,13,群益金鼎-開元,2024-01-24,9134
6207,雷科,26,13,13,群益金鼎-開元,2024-01-24,9134
2884,玉山金,13,0,13,群益金鼎-開元,2024-01-24,9134
2618,長榮航,14,2,12,群益金鼎-開元,2024-01-24,9134
6274,台燿,13,1,12,群益金鼎-開元,2024-01-24,9134
00751B,元大AAA至A公司債,13,2,11,群益金鼎-開元,2024-01-24,9134
4109,加捷生醫,11,0,11,群益金鼎-開元,2024-01-24,9134
00680L,元大美債20正2,12,1,11,群益金鼎-開元,2024-01-24,9134
00706L,期元大S＆P日圓正2,10,0,10,群益金鼎-開元,2024-01-24,9134
1618,合機,10,0,10,群益金鼎-開元,2024-01-24,9134
8429,金麗-KY,10,0,10,群益金鼎-開元,2024-01-24,9134
6237,驊訊,33,23,10,群益金鼎-開元,2024-01-24,9134
2913,農林,10,0,10,群益金鼎-開元,2024-01-24,9134
6218,豪勉,10,0,10,群益金鼎-開元,2024-01-24,9134
9105,泰金寶-DR,10,0,10,群益金鼎-開元,2024-01-24,9134
5871,中租-KY,9,0,9,群益金鼎-開元,2024-01-24,9134
2002,中鋼,14,5,9,群益金鼎-開元,2024-01-24,9134
2609,陽明,10,2,8,群益金鼎-開元,2024-01-24,9134
3149,正達,8,0,8,群益金鼎-開元,2024-01-24,9134
00929,復華台灣科技優息,10,2,8,群益金鼎-開元,2024-01-24,9134
8069,元太,10,3,7,群益金鼎-開元,2024-01-24,9134
3483,力致,24,17,7,群益金鼎-開元,2024-01-24,9134
6698,旭暉應材,7,0,7,群益金鼎-開元,2024-01-24,9134
8932,智通*,10,3,7,群益金鼎-開元,2024-01-24,9134
2382,廣達,14,8,6,群益金鼎-開元,2024-01-24,9134
1522,堤維西,6,0,6,群益金鼎-開元,2024-01-24,9134
00937B,群益ESG投等債20,184,37,147,群益金鼎-開元,2024-01-25,9134
2369,菱生,113,21,92,群益金鼎-開元,2024-01-25,9134
2461,光群雷,90,0,90,群益金鼎-開元,2024-01-25,9134
00720B,元大投資級公司債,69,1,68,群益金鼎-開元,2024-01-25,9134
00687B,國泰20年美債,62,9,53,群益金鼎-開元,2024-01-25,9134
3265,台星科,46,3,43,群益金鼎-開元,2024-01-25,9134
3231,緯創,198,156,42,群益金鼎-開元,2024-01-25,9134
8105,凌巨,40,13,27,群益金鼎-開元,2024-01-25,9134
00679B,元大美債20年,27,3,24,群益金鼎-開元,2024-01-25,9134
6535,順藥,28,4,24,群益金鼎-開元,2024-01-25,9134
2816,旺旺保,30,6,24,群益金鼎-開元,2024-01-25,9134
3038,全台,31,10,21,群益金鼎-開元,2024-01-25,9134
00632R,元大台灣50反1,21,0,21,群益金鼎-開元,2024-01-25,9134
00680L,元大美債20正2,21,0,21,群益金鼎-開元,2024-01-25,9134
00934,中信成長高股息,20,0,20,群益金鼎-開元,2024-01-25,9134
2641,正德,22,4,18,群益金鼎-開元,2024-01-25,9134
2486,一詮,17,1,16,群益金鼎-開元,2024-01-25,9134
00650L,復華香港正2,20,4,16,群益金鼎-開元,2024-01-25,9134
8071,能率網通,16,0,16,群益金鼎-開元,2024-01-25,9134
00929,復華台灣科技優息,23,7,16,群益金鼎-開元,2024-01-25,9134
2382,廣達,19,4,15,群益金鼎-開元,2024-01-25,9134
8034,榮群,24,9,15,群益金鼎-開元,2024-01-25,9134
00696B,富邦美債20年,15,0,15,群益金鼎-開元,2024-01-25,9134
1528,恩德,15,0,15,群益金鼎-開元,2024-01-25,9134
1514,亞力,20,5,15,群益金鼎-開元,2024-01-25,9134
1618,合機,24,10,14,群益金鼎-開元,2024-01-25,9134
00931B,統一美債20年,38,24,14,群益金鼎-開元,2024-01-25,9134
3114,好德,13,0,13,群益金鼎-開元,2024-01-25,9134
3047,訊舟,15,3,12,群益金鼎-開元,2024-01-25,9134
00918,大華優利高填息30,13,2,11,群益金鼎-開元,2024-01-25,9134
1582,信錦,11,0,11,群益金鼎-開元,2024-01-25,9134
2356,英業達,47,36,11,群益金鼎-開元,2024-01-25,9134
5531,鄉林,11,0,11,群益金鼎-開元,2024-01-25,9134
2409,友達,12,1,11,群益金鼎-開元,2024-01-25,9134
2365,昆盈,11,1,10,群益金鼎-開元,2024-01-25,9134
3664,安瑞-KY,10,0,10,群益金鼎-開元,2024-01-25,9134
4303,信立,10,0,10,群益金鼎-開元,2024-01-25,9134
00753L,中信中國50正2,10,0,10,群益金鼎-開元,2024-01-25,9134
8429,金麗-KY,10,0,10,群益金鼎-開元,2024-01-25,9134
1340,勝悅-KY,10,0,10,群益金鼎-開元,2024-01-25,9134
3324,雙鴻,10,0,10,群益金鼎-開元,2024-01-25,9134
6282,康舒,11,2,9,群益金鼎-開元,2024-01-25,9134
2359,所羅門,30,21,9,群益金鼎-開元,2024-01-25,9134
6116,彩晶,9,0,9,群益金鼎-開元,2024-01-25,9134
00902,中信電池及儲能,9,0,9,群益金鼎-開元,2024-01-25,9134
4109,加捷生醫,10,1,9,群益金鼎-開元,2024-01-25,9134
6274,台燿,9,1,8,群益金鼎-開元,2024-01-25,9134
1605,華新,8,0,8,群益金鼎-開元,2024-01-25,9134
1301,台塑,8,0,8,群益金鼎-開元,2024-01-25,9134
5371,中光電,8,0,8,群益金鼎-開元,2024-01-25,9134
00882,中信中國高股息,209,7,202,群益金鼎-開元,2024-01-26,9134
00637L,元大滬深300正2,242,54,188,群益金鼎-開元,2024-01-26,9134
00680L,元大美債20正2,100,1,99,群益金鼎-開元,2024-01-26,9134
2303,聯電,140,46,94,群益金鼎-開元,2024-01-26,9134
00929,復華台灣科技優息,75,1,74,群益金鼎-開元,2024-01-26,9134
00919,群益台灣精選高息,50,7,43,群益金鼎-開元,2024-01-26,9134
6223,旺矽,38,2,36,群益金鼎-開元,2024-01-26,9134
2353,宏��,50,16,34,群益金鼎-開元,2024-01-26,9134
2022,聚亨,30,0,30,群益金鼎-開元,2024-01-26,9134
00671R,富邦NASDAQ反1,30,0,30,群益金鼎-開元,2024-01-26,9134
4164,承業醫,28,0,28,群益金鼎-開元,2024-01-26,9134
2356,英業達,46,21,25,群益金鼎-開元,2024-01-26,9134
2324,仁寶,37,11,26,群益金鼎-開元,2024-01-26,9134
2486,一詮,27,2,25,群益金鼎-開元,2024-01-26,9134
3231,緯創,43,19,24,群益金鼎-開元,2024-01-26,9134
9105,泰金寶-DR,41,18,23,群益金鼎-開元,2024-01-26,9134
00720B,元大投資級公司債,23,0,23,群益金鼎-開元,2024-01-26,9134
1101,台泥,22,0,22,群益金鼎-開元,2024-01-26,9134
9938,百和,21,0,21,群益金鼎-開元,2024-01-26,9134
00687B,國泰20年美債,21,0,21,群益金鼎-開元,2024-01-26,9134
00712,復華富時不動產,20,0,20,群益金鼎-開元,2024-01-26,9134
2453,凌群,17,0,17,群益金鼎-開元,2024-01-26,9134
6187,萬潤,15,0,15,群益金鼎-開元,2024-01-26,9134
1707,葡萄王,14,0,14,群益金鼎-開元,2024-01-26,9134
2365,昆盈,27,14,13,群益金鼎-開元,2024-01-26,9134
00878,國泰永續高股息,13,1,12,群益金鼎-開元,2024-01-26,9134
6270,倍微,26,14,12,群益金鼎-開元,2024-01-26,9134
00632R,元大台灣50反1,12,0,12,群益金鼎-開元,2024-01-26,9134
5469,瀚宇博,25,13,12,群益金鼎-開元,2024-01-26,9134
6265,方土昶,17,5,12,群益金鼎-開元,2024-01-26,9134
6462,神盾,18,7,11,群益金鼎-開元,2024-01-26,9134
8429,金麗-KY,10,0,10,群益金鼎-開元,2024-01-26,9134
9110,越南控-DR,10,0,10,群益金鼎-開元,2024-01-26,9134
3520,華盈,11,1,10,群益金鼎-開元,2024-01-26,9134
2344,華邦電,12,2,10,群益金鼎-開元,2024-01-26,9134
2906,高林,10,0,10,群益金鼎-開元,2024-01-26,9134
00915,凱基優選高股息30,10,0,10,群益金鼎-開元,2024-01-26,9134
2301,光寶科,13,4,9,群益金鼎-開元,2024-01-26,9134
00934,中信成長高股息,10,1,9,群益金鼎-開元,2024-01-26,9134
00933B,國泰10Y+金融債,10,1,9,群益金鼎-開元,2024-01-26,9134
3490,單井,9,1,8,群益金鼎-開元,2024-01-26,9134
3360,尚立,12,4,8,群益金鼎-開元,2024-01-26,9134
3390,旭軟,8,0,8,群益金鼎-開元,2024-01-26,9134
0056,元大高股息,7,0,7,群益金鼎-開元,2024-01-26,9134
3265,台星科,12,5,7,群益金鼎-開元,2024-01-26,9134
8110,華東,14,7,7,群益金鼎-開元,2024-01-26,9134
6111,大宇資,7,0,7,群益金鼎-開元,2024-01-26,9134
3581,博磊,28,22,6,群益金鼎-開元,2024-01-26,9134
3623,富晶通,22,16,6,群益金鼎-開元,2024-01-26,9134
4729,熒茂,7,1,6,群益金鼎-開元,2024-01-26,9134
1582,信錦,110,2,108,群益金鼎-開元,2024-01-29,9134
00937B,群益ESG投等債20,82,1,81,群益金鼎-開元,2024-01-29,9134
3481,群創,176,97,79,群益金鼎-開元,2024-01-29,9134
2337,旺宏,42,0,42,群益金鼎-開元,2024-01-29,9134
8936,國統,49,7,42,群益金鼎-開元,2024-01-29,9134
8255,朋程,31,0,31,群益金鼎-開元,2024-01-29,9134
2409,友達,34,5,29,群益金鼎-開元,2024-01-29,9134
00687B,國泰20年美債,27,0,27,群益金鼎-開元,2024-01-29,9134
00931B,統一美債20年,26,0,26,群益金鼎-開元,2024-01-29,9134
3587,閎康,24,2,22,群益金鼎-開元,2024-01-29,9134
2736,富野,20,0,20,群益金鼎-開元,2024-01-29,9134
4164,承業醫,20,0,20,群益金鼎-開元,2024-01-29,9134
6015,宏遠證,20,0,20,群益金鼎-開元,2024-01-29,9134
2303,聯電,19,0,19,群益金鼎-開元,2024-01-29,9134
2329,華泰,27,8,19,群益金鼎-開元,2024-01-29,9134
00720B,元大投資級公司債,19,0,19,群益金鼎-開元,2024-01-29,9134
5371,中光電,17,0,17,群益金鼎-開元,2024-01-29,9134
5426,振發,37,22,15,群益金鼎-開元,2024-01-29,9134
3041,揚智,27,15,12,群益金鼎-開元,2024-01-29,9134
4142,國光生,11,0,11,群益金鼎-開元,2024-01-29,9134
00725B,國泰投資級公司債,11,0,11,群益金鼎-開元,2024-01-29,9134
00680L,元大美債20正2,11,0,11,群益金鼎-開元,2024-01-29,9134
00632R,元大台灣50反1,21,10,11,群益金鼎-開元,2024-01-29,9134
00665L,富邦�琤肭磪囓�2,11,0,11,群益金鼎-開元,2024-01-29,9134
8429,金麗-KY,10,0,10,群益金鼎-開元,2024-01-29,9134
8085,福華,10,0,10,群益金鼎-開元,2024-01-29,9134
00888,永豐台灣ESG,10,0,10,群益金鼎-開元,2024-01-29,9134
6183,關貿,10,0,10,群益金鼎-開元,2024-01-29,9134
1326,台化,10,0,10,群益金鼎-開元,2024-01-29,9134
00712,復華富時不動產,10,0,10,群益金鼎-開元,2024-01-29,9134
6488,環球晶,9,0,9,群益金鼎-開元,2024-01-29,9134
3360,尚立,20,11,9,群益金鼎-開元,2024-01-29,9134
00919,群益台灣精選高息,12,4,8,群益金鼎-開元,2024-01-29,9134
2371,大同,10,2,8,群益金鼎-開元,2024-01-29,9134
6735,美達科技,8,0,8,群益金鼎-開元,2024-01-29,9134
6509,聚和,7,0,7,群益金鼎-開元,2024-01-29,9134
6116,彩晶,11,4,7,群益金鼎-開元,2024-01-29,9134
3548,兆利,8,2,6,群益金鼎-開元,2024-01-29,9134
4989,榮科,6,0,6,群益金鼎-開元,2024-01-29,9134
6462,神盾,18,12,6,群益金鼎-開元,2024-01-29,9134
2365,昆盈,6,0,6,群益金鼎-開元,2024-01-29,9134
3581,博磊,11,5,6,群益金鼎-開元,2024-01-29,9134
2356,英業達,26,20,6,群益金鼎-開元,2024-01-29,9134
1319,東陽,11,5,6,群益金鼎-開元,2024-01-29,9134
1301,台塑,6,0,6,群益金鼎-開元,2024-01-29,9134
00673R,期元大S＆P原油反1,5,0,5,群益金鼎-開元,2024-01-29,9134
0056,元大高股息,7,2,5,群益金鼎-開元,2024-01-29,9134
00933B,國泰10Y+金融債,5,0,5,群益金鼎-開元,2024-01-29,9134
2607,榮運,5,0,5,群益金鼎-開元,2024-01-29,9134
1584,精剛,5,0,5,群益金鼎-開元,2024-01-29,9134
00937B,群益ESG投等債20,90,1,89,群益金鼎-開元,2024-01-30,9134
1582,信錦,86,0,86,群益金鼎-開元,2024-01-30,9134
8027,鈦昇,53,2,51,群益金鼎-開元,2024-01-30,9134
3703,欣陸,40,0,40,群益金鼎-開元,2024-01-30,9134
2388,威盛,36,0,36,群益金鼎-開元,2024-01-30,9134
2816,旺旺保,31,0,31,群益金鼎-開元,2024-01-30,9134
1101,台泥,30,0,30,群益金鼎-開元,2024-01-30,9134
8255,朋程,29,0,29,群益金鼎-開元,2024-01-30,9134
6770,力積電,30,1,29,群益金鼎-開元,2024-01-30,9134
00637L,元大滬深300正2,52,26,26,群益金鼎-開元,2024-01-30,9134
2618,長榮航,35,11,24,群益金鼎-開元,2024-01-30,9134
2498,宏達電,34,11,23,群益金鼎-開元,2024-01-30,9134
2610,華航,23,1,22,群益金鼎-開元,2024-01-30,9134
00753L,中信中國50正2,20,0,20,群益金鼎-開元,2024-01-30,9134
2323,中環,20,0,20,群益金鼎-開元,2024-01-30,9134
2449,京元電子,20,1,19,群益金鼎-開元,2024-01-30,9134
8227,巨有科技,29,10,19,群益金鼎-開元,2024-01-30,9134
00687B,國泰20年美債,24,7,17,群益金鼎-開元,2024-01-30,9134
00679B,元大美債20年,20,3,17,群益金鼎-開元,2024-01-30,9134
9933,中鼎,16,0,16,群益金鼎-開元,2024-01-30,9134
8105,凌巨,15,0,15,群益金鼎-開元,2024-01-30,9134
8064,東捷,21,6,15,群益金鼎-開元,2024-01-30,9134
2421,建準,26,12,14,群益金鼎-開元,2024-01-30,9134
3231,緯創,81,68,13,群益金鼎-開元,2024-01-30,9134
2344,華邦電,14,2,12,群益金鼎-開元,2024-01-30,9134
00885,富邦越南,12,0,12,群益金鼎-開元,2024-01-30,9134
3576,聯合再生,12,0,12,群益金鼎-開元,2024-01-30,9134
1513,中興電,12,0,12,群益金鼎-開元,2024-01-30,9134
5426,振發,25,14,11,群益金鼎-開元,2024-01-30,9134
5871,中租-KY,11,0,11,群益金鼎-開元,2024-01-30,9134
2337,旺宏,12,1,11,群益金鼎-開元,2024-01-30,9134
00929,復華台灣科技優息,15,4,11,群益金鼎-開元,2024-01-30,9134
4968,立積,11,1,10,群益金鼎-開元,2024-01-30,9134
2515,中工,10,0,10,群益金鼎-開元,2024-01-30,9134
4543,萬在,29,19,10,群益金鼎-開元,2024-01-30,9134
6547,高端疫苗,10,0,10,群益金鼎-開元,2024-01-30,9134
8046,南電,10,0,10,群益金鼎-開元,2024-01-30,9134
8936,國統,35,25,10,群益金鼎-開元,2024-01-30,9134
2405,輔信,10,0,10,群益金鼎-開元,2024-01-30,9134
3032,偉訓,14,4,10,群益金鼎-開元,2024-01-30,9134
1340,勝悅-KY,10,0,10,群益金鼎-開元,2024-01-30,9134
2317,鴻海,11,1,10,群益金鼎-開元,2024-01-30,9134
9105,泰金寶-DR,20,11,9,群益金鼎-開元,2024-01-30,9134
2886,兆豐金,8,0,8,群益金鼎-開元,2024-01-30,9134
2023,燁輝,9,2,7,群益金鼎-開元,2024-01-30,9134
00734B,台新JPM新興債,7,0,7,群益金鼎-開元,2024-01-30,9134
2889,國票金,7,0,7,群益金鼎-開元,2024-01-30,9134
2390,云辰,23,16,7,群益金鼎-開元,2024-01-30,9134
3479,安勤,7,0,7,群益金鼎-開元,2024-01-30,9134
2812,台中銀,7,0,7,群益金鼎-開元,2024-01-30,9134
00882,中信中國高股息,87,0,87,群益金鼎-開元,2024-01-31,9134
00680L,元大美債20正2,80,0,80,群益金鼎-開元,2024-01-31,9134
00687B,國泰20年美債,47,2,45,群益金鼎-開元,2024-01-31,9134
2356,英業達,55,12,43,群益金鼎-開元,2024-01-31,9134
6223,旺矽,41,5,36,群益金鼎-開元,2024-01-31,9134
8070,長華*,31,2,29,群益金鼎-開元,2024-01-31,9134
00929,復華台灣科技優息,28,0,28,群益金鼎-開元,2024-01-31,9134
3481,群創,68,41,27,群益金鼎-開元,2024-01-31,9134
1605,華新,27,0,27,群益金鼎-開元,2024-01-31,9134
3706,神達,28,2,26,群益金鼎-開元,2024-01-31,9134
4979,華星光,23,1,22,群益金鼎-開元,2024-01-31,9134
3276,宇環,20,0,20,群益金鼎-開元,2024-01-31,9134
00751B,元大AAA至A公司債,20,0,20,群益金鼎-開元,2024-01-31,9134
2363,矽統,18,0,18,群益金鼎-開元,2024-01-31,9134
2748,雲品,20,2,18,群益金鼎-開元,2024-01-31,9134
00915,凱基優選高股息30,17,0,17,群益金鼎-開元,2024-01-31,9134
8429,金麗-KY,16,0,16,群益金鼎-開元,2024-01-31,9134
2801,彰銀,15,0,15,群益金鼎-開元,2024-01-31,9134
6136,富爾特,15,0,15,群益金鼎-開元,2024-01-31,9134
2382,廣達,19,5,14,群益金鼎-開元,2024-01-31,9134
3031,佰鴻,14,0,14,群益金鼎-開元,2024-01-31,9134
2014,中鴻,13,0,13,群益金鼎-開元,2024-01-31,9134
00712,復華富時不動產,12,0,12,群益金鼎-開元,2024-01-31,9134
00933B,國泰10Y+金融債,12,0,12,群益金鼎-開元,2024-01-31,9134
2390,云辰,14,2,12,群益金鼎-開元,2024-01-31,9134
3583,辛耘,13,1,12,群益金鼎-開元,2024-01-31,9134
8222,寶一,12,0,12,群益金鼎-開元,2024-01-31,9134
3056,富華新,12,1,11,群益金鼎-開元,2024-01-31,9134
5469,瀚宇博,11,0,11,群益金鼎-開元,2024-01-31,9134
2816,旺旺保,11,0,11,群益金鼎-開元,2024-01-31,9134
3360,尚立,22,11,11,群益金鼎-開元,2024-01-31,9134
2308,台達電,10,0,10,群益金鼎-開元,2024-01-31,9134
2344,華邦電,11,1,10,群益金鼎-開元,2024-01-31,9134
2303,聯電,38,28,10,群益金鼎-開元,2024-01-31,9134
2609,陽明,15,5,10,群益金鼎-開元,2024-01-31,9134
2618,長榮航,35,25,10,群益金鼎-開元,2024-01-31,9134
6183,關貿,10,0,10,群益金鼎-開元,2024-01-31,9134
00669R,國泰美國道瓊反1,10,0,10,群益金鼎-開元,2024-01-31,9134
00679B,元大美債20年,10,0,10,群益金鼎-開元,2024-01-31,9134
3051,力特,10,0,10,群益金鼎-開元,2024-01-31,9134
2208,台船,10,0,10,群益金鼎-開元,2024-01-31,9134
00900,富邦特選高股息30,9,0,9,群益金鼎-開元,2024-01-31,9134
1612,宏泰,10,1,9,群益金鼎-開元,2024-01-31,9134
2313,華通,9,1,8,群益金鼎-開元,2024-01-31,9134
1504,東元,10,2,8,群益金鼎-開元,2024-01-31,9134
6243,迅杰,12,4,8,群益金鼎-開元,2024-01-31,9134
8926,台汽電,8,0,8,群益金鼎-開元,2024-01-31,9134
5351,鈺創,8,0,8,群益金鼎-開元,2024-01-31,9134
2367,燿華,8,0,8,群益金鼎-開元,2024-01-31,9134
3494,誠研,8,0,8,群益金鼎-開元,2024-01-31,9134
3481,群創,295,35,260,群益金鼎-開元,2024-02-01,9134
1313,聯成,229,4,225,群益金鼎-開元,2024-02-01,9134
00937B,群益ESG投等債20,208,2,206,群益金鼎-開元,2024-02-01,9134
2409,友達,89,0,89,群益金鼎-開元,2024-02-01,9134
6180,橘子,48,3,45,群益金鼎-開元,2024-02-01,9134
00720B,元大投資級公司債,43,0,43,群益金鼎-開元,2024-02-01,9134
6584,南俊國際,50,7,43,群益金鼎-開元,2024-02-01,9134
2812,台中銀,71,38,33,群益金鼎-開元,2024-02-01,9134
6179,亞通,27,3,24,群益金鼎-開元,2024-02-01,9134
8936,國統,63,40,23,群益金鼎-開元,2024-02-01,9134
6785,昱展新藥,23,1,22,群益金鼎-開元,2024-02-01,9134
00929,復華台灣科技優息,22,0,22,群益金鼎-開元,2024-02-01,9134
8429,金麗-KY,20,0,20,群益金鼎-開元,2024-02-01,9134
2929,淘帝-KY,20,0,20,群益金鼎-開元,2024-02-01,9134
00665L,富邦�琤肭磪囓�2,35,15,20,群益金鼎-開元,2024-02-01,9134
4164,承業醫,20,1,19,群益金鼎-開元,2024-02-01,9134
6265,方土昶,19,1,18,群益金鼎-開元,2024-02-01,9134
00712,復華富時不動產,17,0,17,群益金鼎-開元,2024-02-01,9134
5007,三星,15,0,15,群益金鼎-開元,2024-02-01,9134
4906,正文,16,2,14,群益金鼎-開元,2024-02-01,9134
3437,榮創,15,1,14,群益金鼎-開元,2024-02-01,9134
00927,群益半導體收益,12,0,12,群益金鼎-開元,2024-02-01,9134
00687B,國泰20年美債,12,0,12,群益金鼎-開元,2024-02-01,9134
5512,力麒,18,8,10,群益金鼎-開元,2024-02-01,9134
9110,越南控-DR,10,0,10,群益金鼎-開元,2024-02-01,9134
3047,訊舟,10,0,10,群益金鼎-開元,2024-02-01,9134
1340,勝悅-KY,10,0,10,群益金鼎-開元,2024-02-01,9134
2801,彰銀,10,0,10,群益金鼎-開元,2024-02-01,9134
00891,中信關鍵半導體,10,1,9,群益金鼎-開元,2024-02-01,9134
3492,長盛,9,0,9,群益金鼎-開元,2024-02-01,9134
3581,博磊,10,1,9,群益金鼎-開元,2024-02-01,9134
2369,菱生,19,11,8,群益金鼎-開元,2024-02-01,9134
2303,聯電,37,29,8,群益金鼎-開元,2024-02-01,9134
3362,先進光,16,8,8,群益金鼎-開元,2024-02-01,9134
5211,蒙恬,8,0,8,群益金鼎-開元,2024-02-01,9134
2453,凌群,8,0,8,群益金鼎-開元,2024-02-01,9134
3694,海華,12,4,8,群益金鼎-開元,2024-02-01,9134
00670L,富邦NASDAQ正2,8,0,8,群益金鼎-開元,2024-02-01,9134
5272,笙科,14,6,8,群益金鼎-開元,2024-02-01,9134
3360,尚立,15,7,8,群益金鼎-開元,2024-02-01,9134
2486,一詮,25,17,8,群益金鼎-開元,2024-02-01,9134
1301,台塑,8,1,7,群益金鼎-開元,2024-02-01,9134
2542,興富發,7,0,7,群益金鼎-開元,2024-02-01,9134
2301,光寶科,8,1,7,群益金鼎-開元,2024-02-01,9134
6116,彩晶,19,12,7,群益金鼎-開元,2024-02-01,9134
6016,康和證,9,2,7,群益金鼎-開元,2024-02-01,9134
6667,信紘科,8,1,7,群益金鼎-開元,2024-02-01,9134
2388,威盛,6,0,6,群益金鼎-開元,2024-02-01,9134
2485,兆赫,6,0,6,群益金鼎-開元,2024-02-01,9134
2461,光群雷,6,0,6,群益金鼎-開元,2024-02-01,9134
00937B,群益ESG投等債20,787,4,783,群益金鼎-開元,2024-02-02,9134
3265,台星科,78,1,77,群益金鼎-開元,2024-02-02,9134
3706,神達,68,9,59,群益金鼎-開元,2024-02-02,9134
2353,宏��,83,26,57,群益金鼎-開元,2024-02-02,9134
2344,華邦電,58,3,55,群益金鼎-開元,2024-02-02,9134
00637L,元大滬深300正2,68,18,50,群益金鼎-開元,2024-02-02,9134
3047,訊舟,50,1,49,群益金鼎-開元,2024-02-02,9134
2609,陽明,38,6,32,群益金鼎-開元,2024-02-02,9134
2889,國票金,29,0,29,群益金鼎-開元,2024-02-02,9134
00929,復華台灣科技優息,28,4,24,群益金鼎-開元,2024-02-02,9134
00687B,國泰20年美債,44,20,24,群益金鼎-開元,2024-02-02,9134
00712,復華富時不動產,23,0,23,群益金鼎-開元,2024-02-02,9134
3011,今皓,24,1,23,群益金鼎-開元,2024-02-02,9134
00696B,富邦美債20年,22,0,22,群益金鼎-開元,2024-02-02,9134
6695,芯鼎,31,11,20,群益金鼎-開元,2024-02-02,9134
00671R,富邦NASDAQ反1,20,0,20,群益金鼎-開元,2024-02-02,9134
6285,啟��,22,3,19,群益金鼎-開元,2024-02-02,9134
2603,長榮,19,1,18,群益金鼎-開元,2024-02-02,9134
00915,凱基優選高股息30,18,0,18,群益金鼎-開元,2024-02-02,9134
1514,亞力,20,3,17,群益金鼎-開元,2024-02-02,9134
4164,承業醫,16,0,16,群益金鼎-開元,2024-02-02,9134
6584,南俊國際,21,6,15,群益金鼎-開元,2024-02-02,9134
2495,普安,15,0,15,群益金鼎-開元,2024-02-02,9134
5469,瀚宇博,37,22,15,群益金鼎-開元,2024-02-02,9134
6770,力積電,27,12,15,群益金鼎-開元,2024-02-02,9134
1609,大亞,19,5,14,群益金鼎-開元,2024-02-02,9134
2303,聯電,20,6,14,群益金鼎-開元,2024-02-02,9134
6282,康舒,18,5,13,群益金鼎-開元,2024-02-02,9134
00680L,元大美債20正2,13,0,13,群益金鼎-開元,2024-02-02,9134
2317,鴻海,13,0,13,群益金鼎-開元,2024-02-02,9134
3481,群創,18,6,12,群益金鼎-開元,2024-02-02,9134
2383,台光電,15,3,12,群益金鼎-開元,2024-02-02,9134
6180,橘子,12,0,12,群益金鼎-開元,2024-02-02,9134
3437,榮創,12,0,12,群益金鼎-開元,2024-02-02,9134
2323,中環,12,0,12,群益金鼎-開元,2024-02-02,9134
00933B,國泰10Y+金融債,21,10,11,群益金鼎-開元,2024-02-02,9134
1319,東陽,11,0,11,群益金鼎-開元,2024-02-02,9134
2367,燿華,12,1,11,群益金鼎-開元,2024-02-02,9134
3041,揚智,14,3,11,群益金鼎-開元,2024-02-02,9134
2369,菱生,13,2,11,群益金鼎-開元,2024-02-02,9134
1325,恆大,11,0,11,群益金鼎-開元,2024-02-02,9134
2356,英業達,29,18,11,群益金鼎-開元,2024-02-02,9134
2882,國泰金,11,0,11,群益金鼎-開元,2024-02-02,9134
5009,榮剛,14,4,10,群益金鼎-開元,2024-02-02,9134
5356,協益,10,0,10,群益金鼎-開元,2024-02-02,9134
2929,淘帝-KY,10,0,10,群益金鼎-開元,2024-02-02,9134
9945,潤泰新,10,0,10,群益金鼎-開元,2024-02-02,9134
9955,佳龍,10,0,10,群益金鼎-開元,2024-02-02,9134
1503,士電,22,13,9,群益金鼎-開元,2024-02-02,9134
1217,愛之味,9,0,9,群益金鼎-開元,2024-02-02,9134
00937B,群益ESG投等債20,289,0,289,群益金鼎-開元,2024-02-05,9134
8064,東捷,135,9,126,群益金鼎-開元,2024-02-05,9134
00882,中信中國高股息,155,47,108,群益金鼎-開元,2024-02-05,9134
00795B,中信美國公債20年,68,0,68,群益金鼎-開元,2024-02-05,9134
2331,精英,64,1,63,群益金鼎-開元,2024-02-05,9134
1217,愛之味,55,0,55,群益金鼎-開元,2024-02-05,9134
3034,聯詠,52,1,51,群益金鼎-開元,2024-02-05,9134
00720B,元大投資級公司債,55,5,50,群益金鼎-開元,2024-02-05,9134
00687B,國泰20年美債,48,0,48,群益金鼎-開元,2024-02-05,9134
00919,群益台灣精選高息,42,1,41,群益金鼎-開元,2024-02-05,9134
1609,大亞,39,0,39,群益金鼎-開元,2024-02-05,9134
3362,先進光,38,4,34,群益金鼎-開元,2024-02-05,9134
00931B,統一美債20年,34,0,34,群益金鼎-開元,2024-02-05,9134
2317,鴻海,33,1,32,群益金鼎-開元,2024-02-05,9134
00712,復華富時不動產,27,0,27,群益金鼎-開元,2024-02-05,9134
2303,聯電,27,2,25,群益金鼎-開元,2024-02-05,9134
3081,聯亞,27,3,24,群益金鼎-開元,2024-02-05,9134
5351,鈺創,24,0,24,群益金鼎-開元,2024-02-05,9134
00715L,期街口布蘭特正2,23,0,23,群益金鼎-開元,2024-02-05,9134
3265,台星科,20,0,20,群益金鼎-開元,2024-02-05,9134
3011,今皓,20,0,20,群益金鼎-開元,2024-02-05,9134
3030,德律,20,0,20,群益金鼎-開元,2024-02-05,9134
1806,冠軍,20,0,20,群益金鼎-開元,2024-02-05,9134
2929,淘帝-KY,21,1,20,群益金鼎-開元,2024-02-05,9134
1528,恩德,41,23,18,群益金鼎-開元,2024-02-05,9134
00933B,國泰10Y+金融債,22,4,18,群益金鼎-開元,2024-02-05,9134
00929,復華台灣科技優息,32,15,17,群益金鼎-開元,2024-02-05,9134
8936,國統,43,26,17,群益金鼎-開元,2024-02-05,9134
2002,中鋼,17,0,17,群益金鼎-開元,2024-02-05,9134
2388,威盛,17,0,17,群益金鼎-開元,2024-02-05,9134
00680L,元大美債20正2,16,0,16,群益金鼎-開元,2024-02-05,9134
2609,陽明,33,17,16,群益金鼎-開元,2024-02-05,9134
9919,康那香,17,1,16,群益金鼎-開元,2024-02-05,9134
2344,華邦電,19,3,16,群益金鼎-開元,2024-02-05,9134
4164,承業醫,16,0,16,群益金鼎-開元,2024-02-05,9134
00679B,元大美債20年,21,6,15,群益金鼎-開元,2024-02-05,9134
3715,定穎投控,21,6,15,群益金鼎-開元,2024-02-05,9134
2816,旺旺保,15,0,15,群益金鼎-開元,2024-02-05,9134
6477,安集,15,0,15,群益金鼎-開元,2024-02-05,9134
1584,精剛,15,0,15,群益金鼎-開元,2024-02-05,9134
6189,豐藝,19,5,14,群益金鼎-開元,2024-02-05,9134
00665L,富邦�琤肭磪囓�2,14,0,14,群益金鼎-開元,2024-02-05,9134
9945,潤泰新,14,0,14,群益金鼎-開元,2024-02-05,9134
2390,云辰,40,27,13,群益金鼎-開元,2024-02-05,9134
5272,笙科,13,0,13,群益金鼎-開元,2024-02-05,9134
2329,華泰,54,42,12,群益金鼎-開元,2024-02-05,9134
00688L,國泰20年美債正2,17,5,12,群益金鼎-開元,2024-02-05,9134
00632R,元大台灣50反1,11,0,11,群益金鼎-開元,2024-02-05,9134
6183,關貿,11,0,11,群益金鼎-開元,2024-02-05,9134
4904,遠傳,11,0,11,群益金鼎-開元,2024-02-05,9134
00937B,群益ESG投等債20,214,0,214,群益金鼎-開元,2024-02-15,9134
00632R,元大台灣50反1,182,0,182,群益金鼎-開元,2024-02-15,9134
00687B,國泰20年美債,159,0,159,群益金鼎-開元,2024-02-15,9134
00720B,元大投資級公司債,183,31,152,群益金鼎-開元,2024-02-15,9134
3481,群創,133,22,111,群益金鼎-開元,2024-02-15,9134
00688L,國泰20年美債正2,73,0,73,群益金鼎-開元,2024-02-15,9134
6026,福邦證,66,0,66,群益金鼎-開元,2024-02-15,9134
3607,谷崧,72,6,66,群益金鼎-開元,2024-02-15,9134
8936,國統,118,58,60,群益金鼎-開元,2024-02-15,9134
4714,永捷,60,6,54,群益金鼎-開元,2024-02-15,9134
00679B,元大美債20年,53,0,53,群益金鼎-開元,2024-02-15,9134
2356,英業達,115,64,51,群益金鼎-開元,2024-02-15,9134
2618,長榮航,64,15,49,群益金鼎-開元,2024-02-15,9134
00712,復華富時不動產,57,9,48,群益金鼎-開元,2024-02-15,9134
2344,華邦電,56,9,47,群益金鼎-開元,2024-02-15,9134
3703,欣陸,50,6,44,群益金鼎-開元,2024-02-15,9134
00933B,國泰10Y+金融債,40,0,40,群益金鼎-開元,2024-02-15,9134
1308,亞聚,40,0,40,群益金鼎-開元,2024-02-15,9134
2002,中鋼,36,4,32,群益金鼎-開元,2024-02-15,9134
2377,微星,27,1,26,群益金鼎-開元,2024-02-15,9134
6233,旺玖,29,3,26,群益金鼎-開元,2024-02-15,9134
5864,致和證,25,0,25,群益金鼎-開元,2024-02-15,9134
4979,華星光,24,1,23,群益金鼎-開元,2024-02-15,9134
2887,台新金,23,0,23,群益金鼎-開元,2024-02-15,9134
2324,仁寶,22,0,22,群益金鼎-開元,2024-02-15,9134
2317,鴻海,20,0,20,群益金鼎-開元,2024-02-15,9134
1312,國喬,20,0,20,群益金鼎-開元,2024-02-15,9134
2838,聯邦銀,20,0,20,群益金鼎-開元,2024-02-15,9134
00696B,富邦美債20年,20,0,20,群益金鼎-開元,2024-02-15,9134
2353,宏��,38,18,20,群益金鼎-開元,2024-02-15,9134
00673R,期元大S＆P原油反1,19,0,19,群益金鼎-開元,2024-02-15,9134
00680L,元大美債20正2,19,0,19,群益金鼎-開元,2024-02-15,9134
00751B,元大AAA至A公司債,17,0,17,群益金鼎-開元,2024-02-15,9134
1612,宏泰,15,0,15,群益金鼎-開元,2024-02-15,9134
5284,jpp-KY,20,5,15,群益金鼎-開元,2024-02-15,9134
2486,一詮,15,0,15,群益金鼎-開元,2024-02-15,9134
2408,南亞科,19,5,14,群益金鼎-開元,2024-02-15,9134
3706,神達,29,15,14,群益金鼎-開元,2024-02-15,9134
6584,南俊國際,15,2,13,群益金鼎-開元,2024-02-15,9134
5871,中租-KY,12,0,12,群益金鼎-開元,2024-02-15,9134
2061,風青,12,0,12,群益金鼎-開元,2024-02-15,9134
2812,台中銀,11,0,11,群益金鼎-開元,2024-02-15,9134
2498,宏達電,22,11,11,群益金鼎-開元,2024-02-15,9134
6150,撼訊,12,1,11,群益金鼎-開元,2024-02-15,9134
6257,矽格,11,0,11,群益金鼎-開元,2024-02-15,9134
3014,聯陽,11,1,10,群益金鼎-開元,2024-02-15,9134
00706L,期元大S＆P日圓正2,10,0,10,群益金鼎-開元,2024-02-15,9134
1340,勝悅-KY,10,0,10,群益金鼎-開元,2024-02-15,9134
1305,華夏,10,0,10,群益金鼎-開元,2024-02-15,9134
6538,倉和,10,0,10,群益金鼎-開元,2024-02-15,9134
00937B,群益ESG投等債20,162,0,162,群益金鼎-開元,2024-02-16,9134
00632R,元大台灣50反1,110,0,110,群益金鼎-開元,2024-02-16,9134
00931B,統一美債20年,100,0,100,群益金鼎-開元,2024-02-16,9134
2303,聯電,69,1,68,群益金鼎-開元,2024-02-16,9134
00720B,元大投資級公司債,55,1,54,群益金鼎-開元,2024-02-16,9134
00688L,國泰20年美債正2,53,0,53,群益金鼎-開元,2024-02-16,9134
2838,聯邦銀,50,0,50,群益金鼎-開元,2024-02-16,9134
00933B,國泰10Y+金融債,49,0,49,群益金鼎-開元,2024-02-16,9134
2382,廣達,62,15,47,群益金鼎-開元,2024-02-16,9134
1314,中石化,39,0,39,群益金鼎-開元,2024-02-16,9134
00679B,元大美債20年,32,0,32,群益金鼎-開元,2024-02-16,9134
00706L,期元大S＆P日圓正2,31,0,31,群益金鼎-開元,2024-02-16,9134
00671R,富邦NASDAQ反1,30,0,30,群益金鼎-開元,2024-02-16,9134
2356,英業達,58,28,30,群益金鼎-開元,2024-02-16,9134
00680L,元大美債20正2,29,0,29,群益金鼎-開元,2024-02-16,9134
3038,全台,41,13,28,群益金鼎-開元,2024-02-16,9134
5483,中美晶,24,0,24,群益金鼎-開元,2024-02-16,9134
6668,中揚光,25,2,23,群益金鼎-開元,2024-02-16,9134
00687B,國泰20年美債,22,0,22,群益金鼎-開元,2024-02-16,9134
1104,環泥,22,0,22,群益金鼎-開元,2024-02-16,9134
00696B,富邦美債20年,20,0,20,群益金鼎-開元,2024-02-16,9134
00905,FT臺灣Smart,20,0,20,群益金鼎-開元,2024-02-16,9134
5864,致和證,20,0,20,群益金鼎-開元,2024-02-16,9134
2324,仁寶,24,5,19,群益金鼎-開元,2024-02-16,9134
2543,皇昌,18,0,18,群益金鼎-開元,2024-02-16,9134
6246,臺龍,24,6,18,群益金鼎-開元,2024-02-16,9134
5284,jpp-KY,39,21,18,群益金鼎-開元,2024-02-16,9134
4979,華星光,19,2,17,群益金鼎-開元,2024-02-16,9134
1514,亞力,20,4,16,群益金鼎-開元,2024-02-16,9134
3483,力致,17,1,16,群益金鼎-開元,2024-02-16,9134
2031,新光鋼,16,1,15,群益金鼎-開元,2024-02-16,9134
6113,亞矽,16,1,15,群益金鼎-開元,2024-02-16,9134
2884,玉山金,13,0,13,群益金鼎-開元,2024-02-16,9134
00751B,元大AAA至A公司債,13,0,13,群益金鼎-開元,2024-02-16,9134
4529,淳紳,11,0,11,群益金鼎-開元,2024-02-16,9134
6530,創威,14,3,11,群益金鼎-開元,2024-02-16,9134
00922,國泰台灣領袖50,10,0,10,群益金鼎-開元,2024-02-16,9134
00919,群益台灣精選高息,22,12,10,群益金鼎-開元,2024-02-16,9134
2425,承啟,14,4,10,群益金鼎-開元,2024-02-16,9134
00712,復華富時不動產,10,0,10,群益金鼎-開元,2024-02-16,9134
00713,元大台灣高息低波,10,0,10,群益金鼎-開元,2024-02-16,9134
3169,亞信,10,0,10,群益金鼎-開元,2024-02-16,9134
2913,農林,10,0,10,群益金鼎-開元,2024-02-16,9134
9945,潤泰新,10,1,9,群益金鼎-開元,2024-02-16,9134
6188,廣明,10,1,9,群益金鼎-開元,2024-02-16,9134
6284,佳邦,13,4,9,群益金鼎-開元,2024-02-16,9134
2610,華航,11,2,9,群益金鼎-開元,2024-02-16,9134
3289,宜特,14,5,9,群益金鼎-開元,2024-02-16,9134
5381,合正,11,2,9,群益金鼎-開元,2024-02-16,9134
5371,中光電,9,0,9,群益金鼎-開元,2024-02-16,9134
8936,國統,253,63,190,群益金鼎-開元,2024-02-19,9134
00919,群益台灣精選高息,168,32,136,群益金鼎-開元,2024-02-19,9134
00937B,群益ESG投等債20,131,20,111,群益金鼎-開元,2024-02-19,9134
8064,東捷,113,10,103,群益金鼎-開元,2024-02-19,9134
8473,山林水,98,2,96,群益金鼎-開元,2024-02-19,9134
00878,國泰永續高股息,89,8,81,群益金鼎-開元,2024-02-19,9134
9945,潤泰新,104,25,79,群益金鼎-開元,2024-02-19,9134
00772B,中信高評級公司債,68,0,68,群益金鼎-開元,2024-02-19,9134
00929,復華台灣科技優息,61,8,53,群益金鼎-開元,2024-02-19,9134
1303,南亞,50,1,49,群益金鼎-開元,2024-02-19,9134
2618,長榮航,47,2,45,群益金鼎-開元,2024-02-19,9134
8011,台通,41,1,40,群益金鼎-開元,2024-02-19,9134
8096,擎亞,69,34,35,群益金鼎-開元,2024-02-19,9134
2465,麗臺,38,4,34,群益金鼎-開元,2024-02-19,9134
2356,英業達,51,18,33,群益金鼎-開元,2024-02-19,9134
00679B,元大美債20年,36,5,31,群益金鼎-開元,2024-02-19,9134
00720B,元大投資級公司債,29,0,29,群益金鼎-開元,2024-02-19,9134
3450,聯鈞,31,4,27,群益金鼎-開元,2024-02-19,9134
3035,智原,27,0,27,群益金鼎-開元,2024-02-19,9134
2489,瑞軒,28,3,25,群益金鼎-開元,2024-02-19,9134
00891,中信關鍵半導體,34,9,25,群益金鼎-開元,2024-02-19,9134
00637L,元大滬深300正2,41,18,23,群益金鼎-開元,2024-02-19,9134
2543,皇昌,23,0,23,群益金鼎-開元,2024-02-19,9134
6509,聚和,25,3,22,群益金鼎-開元,2024-02-19,9134
00933B,國泰10Y+金融債,21,0,21,群益金鼎-開元,2024-02-19,9134
00706L,期元大S＆P日圓正2,20,0,20,群益金鼎-開元,2024-02-19,9134
00931B,統一美債20年,20,0,20,群益金鼎-開元,2024-02-19,9134
2358,廷鑫,20,0,20,群益金鼎-開元,2024-02-19,9134
2388,威盛,18,0,18,群益金鼎-開元,2024-02-19,9134
5284,jpp-KY,79,63,16,群益金鼎-開元,2024-02-19,9134
2353,宏��,83,67,16,群益金鼎-開元,2024-02-19,9134
4714,永捷,19,4,15,群益金鼎-開元,2024-02-19,9134
2355,敬鵬,32,18,14,群益金鼎-開元,2024-02-19,9134
6233,旺玖,13,0,13,群益金鼎-開元,2024-02-19,9134
2349,錸德,13,0,13,群益金鼎-開元,2024-02-19,9134
1524,耿鼎,19,6,13,群益金鼎-開元,2024-02-19,9134
2884,玉山金,20,7,13,群益金鼎-開元,2024-02-19,9134
5452,佶優,15,3,12,群益金鼎-開元,2024-02-19,9134
5483,中美晶,12,0,12,群益金鼎-開元,2024-02-19,9134
3706,神達,13,1,12,群益金鼎-開元,2024-02-19,9134
6578,達邦蛋白,26,14,12,群益金鼎-開元,2024-02-19,9134
2382,廣達,25,13,12,群益金鼎-開元,2024-02-19,9134
8085,福華,11,0,11,群益金鼎-開元,2024-02-19,9134
2031,新光鋼,12,1,11,群益金鼎-開元,2024-02-19,9134
8163,達方,11,0,11,群益金鼎-開元,2024-02-19,9134
00795B,中信美國公債20年,11,0,11,群益金鼎-開元,2024-02-19,9134
2801,彰銀,10,0,10,群益金鼎-開元,2024-02-19,9134
2313,華通,18,8,10,群益金鼎-開元,2024-02-19,9134
2208,台船,10,0,10,群益金鼎-開元,2024-02-19,9134
6785,昱展新藥,21,11,10,群益金鼎-開元,2024-02-19,9134
3481,群創,135,11,124,群益金鼎-開元,2024-02-20,9134
00937B,群益ESG投等債20,112,4,108,群益金鼎-開元,2024-02-20,9134
00720B,元大投資級公司債,87,1,86,群益金鼎-開元,2024-02-20,9134
3231,緯創,99,30,69,群益金鼎-開元,2024-02-20,9134
8110,華東,73,8,65,群益金鼎-開元,2024-02-20,9134
2618,長榮航,51,0,51,群益金鼎-開元,2024-02-20,9134
00632R,元大台灣50反1,50,0,50,群益金鼎-開元,2024-02-20,9134
2236,百達-KY,50,0,50,群益金鼎-開元,2024-02-20,9134
00688L,國泰20年美債正2,49,0,49,群益金鼎-開元,2024-02-20,9134
2888,新光金,51,5,46,群益金鼎-開元,2024-02-20,9134
2377,微星,35,0,35,群益金鼎-開元,2024-02-20,9134
4960,誠美材,64,29,35,群益金鼎-開元,2024-02-20,9134
3362,先進光,48,14,34,群益金鼎-開元,2024-02-20,9134
5009,榮剛,30,0,30,群益金鼎-開元,2024-02-20,9134
6535,順藥,131,101,30,群益金鼎-開元,2024-02-20,9134
2845,遠東銀,30,0,30,群益金鼎-開元,2024-02-20,9134
5607,遠雄港,30,0,30,群益金鼎-開元,2024-02-20,9134
5531,鄉林,30,0,30,群益金鼎-開元,2024-02-20,9134
2465,麗臺,29,2,27,群益金鼎-開元,2024-02-20,9134
2390,云辰,35,10,25,群益金鼎-開元,2024-02-20,9134
2489,瑞軒,46,24,22,群益金鼎-開元,2024-02-20,9134
5864,致和證,20,0,20,群益金鼎-開元,2024-02-20,9134
2017,官田鋼,20,0,20,群益金鼎-開元,2024-02-20,9134
00665L,富邦�琤肭磪囓�2,20,0,20,群益金鼎-開元,2024-02-20,9134
2025,千興,23,6,17,群益金鼎-開元,2024-02-20,9134
2889,國票金,20,3,17,群益金鼎-開元,2024-02-20,9134
2329,華泰,61,45,16,群益金鼎-開元,2024-02-20,9134
6126,信音,22,6,16,群益金鼎-開元,2024-02-20,9134
00933B,國泰10Y+金融債,15,0,15,群益金鼎-開元,2024-02-20,9134
4909,新復興,14,0,14,群益金鼎-開元,2024-02-20,9134
1514,亞力,21,7,14,群益金鼎-開元,2024-02-20,9134
6113,亞矽,14,0,14,群益金鼎-開元,2024-02-20,9134
8096,擎亞,18,4,14,群益金鼎-開元,2024-02-20,9134
2382,廣達,16,3,13,群益金鼎-開元,2024-02-20,9134
00680L,元大美債20正2,13,0,13,群益金鼎-開元,2024-02-20,9134
3390,旭軟,18,5,13,群益金鼎-開元,2024-02-20,9134
00931B,統一美債20年,13,0,13,群益金鼎-開元,2024-02-20,9134
1455,集盛,13,0,13,群益金鼎-開元,2024-02-20,9134
8064,東捷,19,7,12,群益金鼎-開元,2024-02-20,9134
4563,百德,12,0,12,群益金鼎-開元,2024-02-20,9134
2356,英業達,15,3,12,群益金鼎-開元,2024-02-20,9134
1809,中釉,214,203,11,群益金鼎-開元,2024-02-20,9134
1307,三芳,11,0,11,群益金鼎-開元,2024-02-20,9134
3583,辛耘,15,4,11,群益金鼎-開元,2024-02-20,9134
2355,敬鵬,28,17,11,群益金鼎-開元,2024-02-20,9134
2363,矽統,13,2,11,群益金鼎-開元,2024-02-20,9134
3545,敦泰,13,2,11,群益金鼎-開元,2024-02-20,9134
3047,訊舟,26,16,10,群益金鼎-開元,2024-02-20,9134
1217,愛之味,10,0,10,群益金鼎-開元,2024-02-20,9134
3313,斐成,10,0,10,群益金鼎-開元,2024-02-20,9134
00937B,群益ESG投等債20,342,0,342,群益金鼎-開元,2024-02-21,9134
00929,復華台灣科技優息,138,8,130,群益金鼎-開元,2024-02-21,9134
2880,華南金,112,0,112,群益金鼎-開元,2024-02-21,9134
00637L,元大滬深300正2,224,112,112,群益金鼎-開元,2024-02-21,9134
5284,jpp-KY,100,0,100,群益金鼎-開元,2024-02-21,9134
00633L,富邦上証正2,100,2,98,群益金鼎-開元,2024-02-21,9134
00688L,國泰20年美債正2,57,0,57,群益金鼎-開元,2024-02-21,9134
00878,國泰永續高股息,78,28,50,群益金鼎-開元,2024-02-21,9134
2609,陽明,70,24,46,群益金鼎-開元,2024-02-21,9134
2369,菱生,53,16,37,群益金鼎-開元,2024-02-21,9134
6282,康舒,40,4,36,群益金鼎-開元,2024-02-21,9134
1717,長興,38,8,30,群益金鼎-開元,2024-02-21,9134
3231,緯創,45,15,30,群益金鼎-開元,2024-02-21,9134
2301,光寶科,30,0,30,群益金鼎-開元,2024-02-21,9134
5426,振發,43,16,27,群益金鼎-開元,2024-02-21,9134
8473,山林水,23,0,23,群益金鼎-開元,2024-02-21,9134
2303,聯電,31,9,22,群益金鼎-開元,2024-02-21,9134
2017,官田鋼,22,0,22,群益金鼎-開元,2024-02-21,9134
00931B,統一美債20年,22,0,22,群益金鼎-開元,2024-02-21,9134
00687B,國泰20年美債,20,0,20,群益金鼎-開元,2024-02-21,9134
00706L,期元大S＆P日圓正2,20,0,20,群益金鼎-開元,2024-02-21,9134
5490,同亨,20,0,20,群益金鼎-開元,2024-02-21,9134
00679B,元大美債20年,22,3,19,群益金鼎-開元,2024-02-21,9134
00712,復華富時不動產,19,0,19,群益金鼎-開元,2024-02-21,9134
9105,泰金寶-DR,20,1,19,群益金鼎-開元,2024-02-21,9134
00891,中信關鍵半導體,19,0,19,群益金鼎-開元,2024-02-21,9134
5457,宣德,20,1,19,群益金鼎-開元,2024-02-21,9134
00680L,元大美債20正2,17,0,17,群益金鼎-開元,2024-02-21,9134
6806,森崴能源,20,3,17,群益金鼎-開元,2024-02-21,9134
1101,台泥,16,1,15,群益金鼎-開元,2024-02-21,9134
00919,群益台灣精選高息,102,87,15,群益金鼎-開元,2024-02-21,9134
2881,富邦金,13,0,13,群益金鼎-開元,2024-02-21,9134
2399,映泰,14,1,13,群益金鼎-開元,2024-02-21,9134
3715,定穎投控,12,0,12,群益金鼎-開元,2024-02-21,9134
2354,鴻準,11,0,11,群益金鼎-開元,2024-02-21,9134
1815,富喬,13,2,11,群益金鼎-開元,2024-02-21,9134
6625,必應,11,0,11,群益金鼎-開元,2024-02-21,9134
2025,千興,11,0,11,群益金鼎-開元,2024-02-21,9134
6189,豐藝,11,0,11,群益金鼎-開元,2024-02-21,9134
3481,群創,63,52,11,群益金鼎-開元,2024-02-21,9134
3437,榮創,12,2,10,群益金鼎-開元,2024-02-21,9134
2618,長榮航,50,40,10,群益金鼎-開元,2024-02-21,9134
00720B,元大投資級公司債,10,0,10,群益金鼎-開元,2024-02-21,9134
1218,泰山,10,0,10,群益金鼎-開元,2024-02-21,9134
2382,廣達,17,7,10,群益金鼎-開元,2024-02-21,9134
3576,聯合再生,10,1,9,群益金鼎-開元,2024-02-21,9134
6785,昱展新藥,10,1,9,群益金鼎-開元,2024-02-21,9134
2330,台積電,11,2,9,群益金鼎-開元,2024-02-21,9134
1455,集盛,10,2,8,群益金鼎-開元,2024-02-21,9134
3374,精材,8,0,8,群益金鼎-開元,2024-02-21,9134
00650L,復華香港正2,208,5,203,群益金鼎-開元,2024-02-22,9134
00688L,國泰20年美債正2,113,0,113,群益金鼎-開元,2024-02-22,9134
00637L,元大滬深300正2,105,5,100,群益金鼎-開元,2024-02-22,9134
00937B,群益ESG投等債20,269,170,99,群益金鼎-開元,2024-02-22,9134
00687B,國泰20年美債,124,27,97,群益金鼎-開元,2024-02-22,9134
2615,萬海,95,5,90,群益金鼎-開元,2024-02-22,9134
1210,大成,63,1,62,群益金鼎-開元,2024-02-22,9134
00712,復華富時不動產,61,0,61,群益金鼎-開元,2024-02-22,9134
00929,復華台灣科技優息,84,30,54,群益金鼎-開元,2024-02-22,9134
00633L,富邦上証正2,50,0,50,群益金鼎-開元,2024-02-22,9134
8936,國統,68,19,49,群益金鼎-開元,2024-02-22,9134
00715L,期街口布蘭特正2,50,1,49,群益金鼎-開元,2024-02-22,9134
00933B,國泰10Y+金融債,42,0,42,群益金鼎-開元,2024-02-22,9134
3231,緯創,82,49,33,群益金鼎-開元,2024-02-22,9134
1316,上曜,35,5,30,群益金鼎-開元,2024-02-22,9134
2356,英業達,48,20,28,群益金鼎-開元,2024-02-22,9134
6126,信音,40,12,28,群益金鼎-開元,2024-02-22,9134
2727,王品,26,0,26,群益金鼎-開元,2024-02-22,9134
2369,菱生,43,17,26,群益金鼎-開元,2024-02-22,9134
2331,精英,26,1,25,群益金鼎-開元,2024-02-22,9134
2801,彰銀,25,0,25,群益金鼎-開元,2024-02-22,9134
2890,永豐金,23,0,23,群益金鼎-開元,2024-02-22,9134
2515,中工,38,16,22,群益金鼎-開元,2024-02-22,9134
2618,長榮航,76,54,22,群益金鼎-開元,2024-02-22,9134
4563,百德,22,0,22,群益金鼎-開元,2024-02-22,9134
4526,東台,21,0,21,群益金鼎-開元,2024-02-22,9134
5871,中租-KY,20,0,20,群益金鼎-開元,2024-02-22,9134
6233,旺玖,22,2,20,群益金鼎-開元,2024-02-22,9134
5490,同亨,20,0,20,群益金鼎-開元,2024-02-22,9134
8085,福華,27,8,19,群益金鼎-開元,2024-02-22,9134
2882,國泰金,19,0,19,群益金鼎-開元,2024-02-22,9134
00878,國泰永續高股息,21,3,18,群益金鼎-開元,2024-02-22,9134
2355,敬鵬,38,21,17,群益金鼎-開元,2024-02-22,9134
3047,訊舟,26,10,16,群益金鼎-開元,2024-02-22,9134
00919,群益台灣精選高息,56,40,16,群益金鼎-開元,2024-02-22,9134
00931B,統一美債20年,15,0,15,群益金鼎-開元,2024-02-22,9134
2542,興富發,15,0,15,群益金鼎-開元,2024-02-22,9134
2354,鴻準,19,4,15,群益金鼎-開元,2024-02-22,9134
5381,合正,17,3,14,群益金鼎-開元,2024-02-22,9134
00679B,元大美債20年,36,23,13,群益金鼎-開元,2024-02-22,9134
2353,宏��,38,25,13,群益金鼎-開元,2024-02-22,9134
1513,中興電,28,15,13,群益金鼎-開元,2024-02-22,9134
9105,泰金寶-DR,13,0,13,群益金鼎-開元,2024-02-22,9134
3481,群創,12,0,12,群益金鼎-開元,2024-02-22,9134
2303,聯電,11,0,11,群益金鼎-開元,2024-02-22,9134
1514,亞力,31,20,11,群益金鼎-開元,2024-02-22,9134
6274,台燿,18,7,11,群益金鼎-開元,2024-02-22,9134
2363,矽統,18,7,11,群益金鼎-開元,2024-02-22,9134
3520,華盈,11,0,11,群益金鼎-開元,2024-02-22,9134
2611,志信,11,0,11,群益金鼎-開元,2024-02-22,9134
00937B,群益ESG投等債20,399,3,396,群益金鼎-開元,2024-02-23,9134
00632R,元大台灣50反1,166,0,166,群益金鼎-開元,2024-02-23,9134
00679B,元大美債20年,161,5,156,群益金鼎-開元,2024-02-23,9134
00933B,國泰10Y+金融債,103,0,103,群益金鼎-開元,2024-02-23,9134
2618,長榮航,98,1,97,群益金鼎-開元,2024-02-23,9134
2884,玉山金,75,2,73,群益金鼎-開元,2024-02-23,9134
00878,國泰永續高股息,113,41,72,群益金鼎-開元,2024-02-23,9134
00688L,國泰20年美債正2,65,0,65,群益金鼎-開元,2024-02-23,9134
00687B,國泰20年美債,67,2,65,群益金鼎-開元,2024-02-23,9134
00907,永豐優息存股,51,0,51,群益金鼎-開元,2024-02-23,9134
2313,華通,74,29,45,群益金鼎-開元,2024-02-23,9134
3047,訊舟,44,4,40,群益金鼎-開元,2024-02-23,9134
9904,寶成,38,0,38,群益金鼎-開元,2024-02-23,9134
2017,官田鋼,33,0,33,群益金鼎-開元,2024-02-23,9134
8064,東捷,40,8,32,群益金鼎-開元,2024-02-23,9134
2727,王品,31,0,31,群益金鼎-開元,2024-02-23,9134
5284,jpp-KY,29,0,29,群益金鼎-開元,2024-02-23,9134
3535,晶彩科,27,0,27,群益金鼎-開元,2024-02-23,9134
1514,亞力,63,37,26,群益金鼎-開元,2024-02-23,9134
8096,擎亞,32,6,26,群益金鼎-開元,2024-02-23,9134
3041,揚智,29,4,25,群益金鼎-開元,2024-02-23,9134
5871,中租-KY,22,0,22,群益金鼎-開元,2024-02-23,9134
2867,三商壽,22,0,22,群益金鼎-開元,2024-02-23,9134
1717,長興,25,4,21,群益金鼎-開元,2024-02-23,9134
00720B,元大投資級公司債,21,0,21,群益金鼎-開元,2024-02-23,9134
3481,群創,233,213,20,群益金鼎-開元,2024-02-23,9134
3312,弘憶股,20,0,20,群益金鼎-開元,2024-02-23,9134
2303,聯電,30,11,19,群益金鼎-開元,2024-02-23,9134
2881,富邦金,20,1,19,群益金鼎-開元,2024-02-23,9134
6535,順藥,20,3,17,群益金鼎-開元,2024-02-23,9134
6189,豐藝,20,4,16,群益金鼎-開元,2024-02-23,9134
6257,矽格,24,8,16,群益金鼎-開元,2024-02-23,9134
2363,矽統,27,13,14,群益金鼎-開元,2024-02-23,9134
2417,圓剛,15,1,14,群益金鼎-開元,2024-02-23,9134
8040,九暘,25,12,13,群益金鼎-開元,2024-02-23,9134
6530,創威,17,4,13,群益金鼎-開元,2024-02-23,9134
6275,元山,14,1,13,群益金鼎-開元,2024-02-23,9134
2457,飛宏,12,0,12,群益金鼎-開元,2024-02-23,9134
1785,光洋科,12,0,12,群益金鼎-開元,2024-02-23,9134
8085,福華,22,10,12,群益金鼎-開元,2024-02-23,9134
2484,希華,27,16,11,群益金鼎-開元,2024-02-23,9134
6207,雷科,45,34,11,群益金鼎-開元,2024-02-23,9134
6698,旭暉應材,11,0,11,群益金鼎-開元,2024-02-23,9134
2027,大成鋼,10,0,10,群益金鼎-開元,2024-02-23,9134
6147,頎邦,20,10,10,群益金鼎-開元,2024-02-23,9134
1316,上曜,13,3,10,群益金鼎-開元,2024-02-23,9134
2610,華航,11,1,10,群益金鼎-開元,2024-02-23,9134
6126,信音,13,3,10,群益金鼎-開元,2024-02-23,9134
8089,康全電訊,10,0,10,群益金鼎-開元,2024-02-23,9134
8446,華研,10,0,10,群益金鼎-開元,2024-02-23,9134
00632R,元大台灣50反1,152,0,152,群益金鼎-開元,2024-02-26,9134
2880,華南金,117,0,117,群益金鼎-開元,2024-02-26,9134
00919,群益台灣精選高息,109,12,97,群益金鼎-開元,2024-02-26,9134
00878,國泰永續高股息,84,3,81,群益金鼎-開元,2024-02-26,9134
1712,興農,68,2,66,群益金鼎-開元,2024-02-26,9134
00929,復華台灣科技優息,70,7,63,群益金鼎-開元,2024-02-26,9134
2355,敬鵬,66,5,61,群益金鼎-開元,2024-02-26,9134
2406,國碩,60,0,60,群益金鼎-開元,2024-02-26,9134
00937B,群益ESG投等債20,162,109,53,群益金鼎-開元,2024-02-26,9134
2405,輔信,62,12,50,群益金鼎-開元,2024-02-26,9134
6288,聯嘉,42,1,41,群益金鼎-開元,2024-02-26,9134
2356,英業達,39,5,34,群益金鼎-開元,2024-02-26,9134
2605,新興,49,15,34,群益金鼎-開元,2024-02-26,9134
8936,國統,77,44,33,群益金鼎-開元,2024-02-26,9134
00913,兆豐台灣晶圓製造,30,0,30,群益金鼎-開元,2024-02-26,9134
5871,中租-KY,28,0,28,群益金鼎-開元,2024-02-26,9134
00907,永豐優息存股,26,0,26,群益金鼎-開元,2024-02-26,9134
6535,順藥,30,5,25,群益金鼎-開元,2024-02-26,9134
4979,華星光,28,3,25,群益金鼎-開元,2024-02-26,9134
3708,上緯投控,30,6,24,群益金鼎-開元,2024-02-26,9134
6126,信音,26,3,23,群益金鼎-開元,2024-02-26,9134
3481,群創,27,5,22,群益金鼎-開元,2024-02-26,9134
2324,仁寶,23,2,21,群益金鼎-開元,2024-02-26,9134
2312,金寶,20,0,20,群益金鼎-開元,2024-02-26,9134
3617,碩天,20,0,20,群益金鼎-開元,2024-02-26,9134
9105,泰金寶-DR,20,0,20,群益金鼎-開元,2024-02-26,9134
2329,華泰,31,12,19,群益金鼎-開元,2024-02-26,9134
1584,精剛,17,0,17,群益金鼎-開元,2024-02-26,9134
6257,矽格,24,8,16,群益金鼎-開元,2024-02-26,9134
00687B,國泰20年美債,20,4,16,群益金鼎-開元,2024-02-26,9134
2449,京元電子,17,2,15,群益金鼎-開元,2024-02-26,9134
2353,宏��,33,19,14,群益金鼎-開元,2024-02-26,9134
2303,聯電,17,4,13,群益金鼎-開元,2024-02-26,9134
2884,玉山金,13,0,13,群益金鼎-開元,2024-02-26,9134
2464,盟立,13,0,13,群益金鼎-開元,2024-02-26,9134
00891,中信關鍵半導體,12,0,12,群益金鼎-開元,2024-02-26,9134
6418,詠昇,12,0,12,群益金鼎-開元,2024-02-26,9134
6823,濾能,12,0,12,群益金鼎-開元,2024-02-26,9134
1447,力鵬,12,0,12,群益金鼎-開元,2024-02-26,9134
2883,凱基金,22,10,12,群益金鼎-開元,2024-02-26,9134
3706,神達,13,1,12,群益金鼎-開元,2024-02-26,9134
2337,旺宏,16,5,11,群益金鼎-開元,2024-02-26,9134
8085,福華,16,5,11,群益金鼎-開元,2024-02-26,9134
00710B,復華彭博非投等債,11,0,11,群益金鼎-開元,2024-02-26,9134
2301,光寶科,11,0,11,群益金鼎-開元,2024-02-26,9134
8440,綠電,14,3,11,群益金鼎-開元,2024-02-26,9134
1618,合機,12,1,11,群益金鼎-開元,2024-02-26,9134
9904,寶成,11,0,11,群益金鼎-開元,2024-02-26,9134
2323,中環,10,0,10,群益金鼎-開元,2024-02-26,9134
00753L,中信中國50正2,10,0,10,群益金鼎-開元,2024-02-26,9134
2883,凱基金,601,5,596,群益金鼎-開元,2024-02-27,9134
00878,國泰永續高股息,127,12,115,群益金鼎-開元,2024-02-27,9134
2880,華南金,100,2,98,群益金鼎-開元,2024-02-27,9134
00929,復華台灣科技優息,121,27,94,群益金鼎-開元,2024-02-27,9134
2618,長榮航,75,12,63,群益金鼎-開元,2024-02-27,9134
2313,華通,73,21,52,群益金鼎-開元,2024-02-27,9134
6443,元晶,51,0,51,群益金鼎-開元,2024-02-27,9134
00633L,富邦上証正2,51,0,51,群益金鼎-開元,2024-02-27,9134
00937B,群益ESG投等債20,151,100,51,群益金鼎-開元,2024-02-27,9134
00913,兆豐台灣晶圓製造,45,0,45,群益金鼎-開元,2024-02-27,9134
2377,微星,41,0,41,群益金鼎-開元,2024-02-27,9134
2353,宏��,65,29,36,群益金鼎-開元,2024-02-27,9134
3037,欣興,38,6,32,群益金鼎-開元,2024-02-27,9134
6142,友勁,32,0,32,群益金鼎-開元,2024-02-27,9134
2363,矽統,131,100,31,群益金鼎-開元,2024-02-27,9134
00687B,國泰20年美債,31,0,31,群益金鼎-開元,2024-02-27,9134
2303,聯電,48,18,30,群益金鼎-開元,2024-02-27,9134
6535,順藥,32,3,29,群益金鼎-開元,2024-02-27,9134
6290,良維,35,9,26,群益金鼎-開元,2024-02-27,9134
1101,台泥,26,0,26,群益金鼎-開元,2024-02-27,9134
2002,中鋼,28,3,25,群益金鼎-開元,2024-02-27,9134
4939,亞電,26,2,24,群益金鼎-開元,2024-02-27,9134
2388,威盛,25,1,24,群益金鼎-開元,2024-02-27,9134
6806,森崴能源,37,14,23,群益金鼎-開元,2024-02-27,9134
2390,云辰,32,10,22,群益金鼎-開元,2024-02-27,9134
3450,聯鈞,54,33,21,群益金鼎-開元,2024-02-27,9134
2399,映泰,21,0,21,群益金鼎-開元,2024-02-27,9134
2327,國巨,20,0,20,群益金鼎-開元,2024-02-27,9134
3607,谷崧,20,0,20,群益金鼎-開元,2024-02-27,9134
00753L,中信中國50正2,20,0,20,群益金鼎-開元,2024-02-27,9134
6015,宏遠證,20,0,20,群益金鼎-開元,2024-02-27,9134
00679B,元大美債20年,25,5,20,群益金鼎-開元,2024-02-27,9134
1303,南亞,20,2,18,群益金鼎-開元,2024-02-27,9134
2324,仁寶,54,36,18,群益金鼎-開元,2024-02-27,9134
3231,緯創,50,33,17,群益金鼎-開元,2024-02-27,9134
1711,永光,26,9,17,群益金鼎-開元,2024-02-27,9134
00919,群益台灣精選高息,84,68,16,群益金鼎-開元,2024-02-27,9134
2367,燿華,16,0,16,群益金鼎-開元,2024-02-27,9134
2609,陽明,23,7,16,群益金鼎-開元,2024-02-27,9134
3025,星通,20,4,16,群益金鼎-開元,2024-02-27,9134
3703,欣陸,15,0,15,群益金鼎-開元,2024-02-27,9134
6167,久正,24,9,15,群益金鼎-開元,2024-02-27,9134
2605,新興,17,3,14,群益金鼎-開元,2024-02-27,9134
0056,元大高股息,13,0,13,群益金鼎-開元,2024-02-27,9134
2340,台亞,13,0,13,群益金鼎-開元,2024-02-27,9134
3437,榮創,15,2,13,群益金鼎-開元,2024-02-27,9134
6147,頎邦,13,1,12,群益金鼎-開元,2024-02-27,9134
1503,士電,45,34,11,群益金鼎-開元,2024-02-27,9134
1717,長興,12,1,11,群益金鼎-開元,2024-02-27,9134
2206,三陽工業,13,2,11,群益金鼎-開元,2024-02-27,9134
00937B,群益ESG投等債20,247,1,246,群益金鼎-開元,2024-02-29,9134
00687B,國泰20年美債,160,2,158,群益金鼎-開元,2024-02-29,9134
6535,順藥,57,0,57,群益金鼎-開元,2024-02-29,9134
00715L,期街口布蘭特正2,50,0,50,群益金鼎-開元,2024-02-29,9134
00878,國泰永續高股息,45,0,45,群益金鼎-開元,2024-02-29,9134
00688L,國泰20年美債正2,42,0,42,群益金鼎-開元,2024-02-29,9134
2605,新興,44,16,28,群益金鼎-開元,2024-02-29,9134
2353,宏��,26,0,26,群益金鼎-開元,2024-02-29,9134
5607,遠雄港,25,0,25,群益金鼎-開元,2024-02-29,9134
3450,聯鈞,26,2,24,群益金鼎-開元,2024-02-29,9134
00712,復華富時不動產,22,0,22,群益金鼎-開元,2024-02-29,9134
3322,建舜電,21,0,21,群益金鼎-開元,2024-02-29,9134
8064,東捷,22,2,20,群益金鼎-開元,2024-02-29,9134
1101,台泥,19,0,19,群益金鼎-開元,2024-02-29,9134
2855,統一證,19,0,19,群益金鼎-開元,2024-02-29,9134
5452,佶優,32,13,19,群益金鼎-開元,2024-02-29,9134
1711,永光,17,1,16,群益金鼎-開元,2024-02-29,9134
9105,泰金寶-DR,16,0,16,群益金鼎-開元,2024-02-29,9134
00665L,富邦�琤肭磪囓�2,14,0,14,群益金鼎-開元,2024-02-29,9134
4904,遠傳,13,0,13,群益金鼎-開元,2024-02-29,9134
2867,三商壽,13,0,13,群益金鼎-開元,2024-02-29,9134
6288,聯嘉,19,6,13,群益金鼎-開元,2024-02-29,9134
00931B,統一美債20年,15,2,13,群益金鼎-開元,2024-02-29,9134
3056,富華新,12,0,12,群益金鼎-開元,2024-02-29,9134
3481,群創,21,9,12,群益金鼎-開元,2024-02-29,9134
3023,信邦,12,0,12,群益金鼎-開元,2024-02-29,9134
1524,耿鼎,16,4,12,群益金鼎-開元,2024-02-29,9134
00679B,元大美債20年,12,0,12,群益金鼎-開元,2024-02-29,9134
2017,官田鋼,12,0,12,群益金鼎-開元,2024-02-29,9134
5425,台半,13,1,12,群益金鼎-開元,2024-02-29,9134
5258,虹堡,11,0,11,群益金鼎-開元,2024-02-29,9134
00913,兆豐台灣晶圓製造,11,0,11,群益金鼎-開元,2024-02-29,9134
2355,敬鵬,17,6,11,群益金鼎-開元,2024-02-29,9134
2329,華泰,28,18,10,群益金鼎-開元,2024-02-29,9134
6242,立康,10,0,10,群益金鼎-開元,2024-02-29,9134
2886,兆豐金,10,0,10,群益金鼎-開元,2024-02-29,9134
2349,錸德,10,0,10,群益金鼎-開元,2024-02-29,9134
2313,華通,40,30,10,群益金鼎-開元,2024-02-29,9134
2368,金像電,11,1,10,群益金鼎-開元,2024-02-29,9134
3703,欣陸,10,0,10,群益金鼎-開元,2024-02-29,9134
4543,萬在,38,28,10,群益金鼎-開元,2024-02-29,9134
1795,美時,11,2,9,群益金鼎-開元,2024-02-29,9134
2382,廣達,14,5,9,群益金鼎-開元,2024-02-29,9134
00680L,元大美債20正2,14,5,9,群益金鼎-開元,2024-02-29,9134
2615,萬海,10,1,9,群益金鼎-開元,2024-02-29,9134
3689,湧德,9,0,9,群益金鼎-開元,2024-02-29,9134
2637,慧洋-KY,27,18,9,群益金鼎-開元,2024-02-29,9134
6191,精成科,16,7,9,群益金鼎-開元,2024-02-29,9134
2884,玉山金,23,14,9,群益金鼎-開元,2024-02-29,9134
9906,欣巴巴,8,0,8,群益金鼎-開元,2024-02-29,9134
00918,大華優利高填息30,241,60,181,群益金鼎-開元,2024-03-01,9134
00919,群益台灣精選高息,176,28,148,群益金鼎-開元,2024-03-01,9134
00720B,元大投資級公司債,67,0,67,群益金鼎-開元,2024-03-01,9134
2886,兆豐金,66,2,64,群益金鼎-開元,2024-03-01,9134
6126,信音,76,21,55,群益金鼎-開元,2024-03-01,9134
00878,國泰永續高股息,43,0,43,群益金鼎-開元,2024-03-01,9134
00937B,群益ESG投等債20,87,46,41,群益金鼎-開元,2024-03-01,9134
2332,友訊,36,0,36,群益金鼎-開元,2024-03-01,9134
2888,新光金,41,10,31,群益金鼎-開元,2024-03-01,9134
2329,華泰,43,12,31,群益金鼎-開元,2024-03-01,9134
00687B,國泰20年美債,56,26,30,群益金鼎-開元,2024-03-01,9134
00902,中信電池及儲能,30,0,30,群益金鼎-開元,2024-03-01,9134
3450,聯鈞,51,24,27,群益金鼎-開元,2024-03-01,9134
2353,宏��,35,9,26,群益金鼎-開元,2024-03-01,9134
3128,昇銳,33,7,26,群益金鼎-開元,2024-03-01,9134
1513,中興電,32,7,25,群益金鼎-開元,2024-03-01,9134
2409,友達,24,0,24,群益金鼎-開元,2024-03-01,9134
2913,農林,22,0,22,群益金鼎-開元,2024-03-01,9134
3607,谷崧,21,0,21,群益金鼎-開元,2024-03-01,9134
2002,中鋼,24,4,20,群益金鼎-開元,2024-03-01,9134
1608,華榮,20,0,20,群益金鼎-開元,2024-03-01,9134
2302,麗正,20,0,20,群益金鼎-開元,2024-03-01,9134
2303,聯電,30,10,20,群益金鼎-開元,2024-03-01,9134
3234,光環,20,1,19,群益金鼎-開元,2024-03-01,9134
8096,擎亞,21,2,19,群益金鼎-開元,2024-03-01,9134
3356,奇偶,22,4,18,群益金鼎-開元,2024-03-01,9134
1721,三晃,19,3,16,群益金鼎-開元,2024-03-01,9134
2605,新興,16,0,16,群益金鼎-開元,2024-03-01,9134
2025,千興,15,0,15,群益金鼎-開元,2024-03-01,9134
5009,榮剛,25,10,15,群益金鼎-開元,2024-03-01,9134
2606,裕民,15,0,15,群益金鼎-開元,2024-03-01,9134
4543,萬在,40,26,14,群益金鼎-開元,2024-03-01,9134
6242,立康,17,3,14,群益金鼎-開元,2024-03-01,9134
2313,華通,20,6,14,群益金鼎-開元,2024-03-01,9134
2355,敬鵬,21,8,13,群益金鼎-開元,2024-03-01,9134
1503,士電,18,6,12,群益金鼎-開元,2024-03-01,9134
2486,一詮,35,23,12,群益金鼎-開元,2024-03-01,9134
00931B,統一美債20年,12,0,12,群益金鼎-開元,2024-03-01,9134
9945,潤泰新,13,1,12,群益金鼎-開元,2024-03-01,9134
5272,笙科,16,4,12,群益金鼎-開元,2024-03-01,9134
1618,合機,14,3,11,群益金鼎-開元,2024-03-01,9134
2867,三商壽,11,0,11,群益金鼎-開元,2024-03-01,9134
00679B,元大美債20年,11,0,11,群益金鼎-開元,2024-03-01,9134
6548,長科*,11,0,11,群益金鼎-開元,2024-03-01,9134
5488,松普,11,0,11,群益金鼎-開元,2024-03-01,9134
2305,全友,10,0,10,群益金鼎-開元,2024-03-01,9134
3673,TPK-KY,10,0,10,群益金鼎-開元,2024-03-01,9134
2889,國票金,10,0,10,群益金鼎-開元,2024-03-01,9134
1905,華紙,16,6,10,群益金鼎-開元,2024-03-01,9134
6150,撼訊,15,5,10,群益金鼎-開元,2024-03-01,9134
5512,力麒,338,0,338,群益金鼎-開元,2024-03-04,9134
00885,富邦越南,334,26,308,群益金鼎-開元,2024-03-04,9134
8936,國統,126,4,122,群益金鼎-開元,2024-03-04,9134
3712,永崴投控,111,0,111,群益金鼎-開元,2024-03-04,9134
00918,大華優利高填息30,112,2,110,群益金鼎-開元,2024-03-04,9134
3004,豐達科,101,0,101,群益金鼎-開元,2024-03-04,9134
00919,群益台灣精選高息,157,60,97,群益金鼎-開元,2024-03-04,9134
00632R,元大台灣50反1,165,70,95,群益金鼎-開元,2024-03-04,9134
2867,三商壽,58,0,58,群益金鼎-開元,2024-03-04,9134
1802,台玻,53,0,53,群益金鼎-開元,2024-03-04,9134
2913,農林,52,0,52,群益金鼎-開元,2024-03-04,9134
6290,良維,65,14,51,群益金鼎-開元,2024-03-04,9134
8473,山林水,43,0,43,群益金鼎-開元,2024-03-04,9134
00688L,國泰20年美債正2,40,0,40,群益金鼎-開元,2024-03-04,9134
2610,華航,39,3,36,群益金鼎-開元,2024-03-04,9134
3276,宇環,40,10,30,群益金鼎-開元,2024-03-04,9134
00902,中信電池及儲能,30,0,30,群益金鼎-開元,2024-03-04,9134
9945,潤泰新,26,2,24,群益金鼎-開元,2024-03-04,9134
1342,八貫,24,0,24,群益金鼎-開元,2024-03-04,9134
2324,仁寶,81,57,24,群益金鼎-開元,2024-03-04,9134
00915,凱基優選高股息30,26,2,24,群益金鼎-開元,2024-03-04,9134
2883,凱基金,23,1,22,群益金鼎-開元,2024-03-04,9134
1444,力麗,50,29,21,群益金鼎-開元,2024-03-04,9134
2880,華南金,20,0,20,群益金鼎-開元,2024-03-04,9134
00671R,富邦NASDAQ反1,20,0,20,群益金鼎-開元,2024-03-04,9134
00878,國泰永續高股息,28,11,17,群益金鼎-開元,2024-03-04,9134
3708,上緯投控,22,6,16,群益金鼎-開元,2024-03-04,9134
1513,中興電,22,6,16,群益金鼎-開元,2024-03-04,9134
2618,長榮航,17,1,16,群益金鼎-開元,2024-03-04,9134
1312,國喬,15,0,15,群益金鼎-開元,2024-03-04,9134
3481,群創,57,42,15,群益金鼎-開元,2024-03-04,9134
1303,南亞,14,0,14,群益金鼎-開元,2024-03-04,9134
2609,陽明,30,17,13,群益金鼎-開元,2024-03-04,9134
2066,世德,15,2,13,群益金鼎-開元,2024-03-04,9134
00687B,國泰20年美債,69,56,13,群益金鼎-開元,2024-03-04,9134
2371,大同,30,18,12,群益金鼎-開元,2024-03-04,9134
2705,六福,12,0,12,群益金鼎-開元,2024-03-04,9134
4157,太景*-KY,12,0,12,群益金鼎-開元,2024-03-04,9134
3071,協禧,12,0,12,群益金鼎-開元,2024-03-04,9134
6235,華孚,12,1,11,群益金鼎-開元,2024-03-04,9134
1504,東元,13,2,11,群益金鼎-開元,2024-03-04,9134
8358,金居,11,0,11,群益金鼎-開元,2024-03-04,9134
4908,前鼎,15,4,11,群益金鼎-開元,2024-03-04,9134
6282,康舒,16,5,11,群益金鼎-開元,2024-03-04,9134
2606,裕民,13,2,11,群益金鼎-開元,2024-03-04,9134
00937B,群益ESG投等債20,31,21,10,群益金鼎-開元,2024-03-04,9134
00887,永豐中國科技50大,10,0,10,群益金鼎-開元,2024-03-04,9134
2387,精元,10,0,10,群益金鼎-開元,2024-03-04,9134
2845,遠東銀,10,0,10,群益金鼎-開元,2024-03-04,9134
3005,神基,16,6,10,群益金鼎-開元,2024-03-04,9134
00937B,群益ESG投等債20,138,0,138,群益金鼎-開元,2024-03-05,9134
00637L,元大滬深300正2,130,7,123,群益金鼎-開元,2024-03-05,9134
00919,群益台灣精選高息,107,9,98,群益金鼎-開元,2024-03-05,9134
3047,訊舟,100,3,97,群益金鼎-開元,2024-03-05,9134
00665L,富邦�琤肭磪囓�2,91,0,91,群益金鼎-開元,2024-03-05,9134
1609,大亞,129,56,73,群益金鼎-開元,2024-03-05,9134
00632R,元大台灣50反1,121,50,71,群益金鼎-開元,2024-03-05,9134
00878,國泰永續高股息,120,52,68,群益金鼎-開元,2024-03-05,9134
3481,群創,59,8,51,群益金鼎-開元,2024-03-05,9134
00674R,期元大S＆P黃金反1,50,0,50,群益金鼎-開元,2024-03-05,9134
1409,新纖,52,2,50,群益金鼎-開元,2024-03-05,9134
2880,華南金,48,0,48,群益金鼎-開元,2024-03-05,9134
00915,凱基優選高股息30,48,0,48,群益金鼎-開元,2024-03-05,9134
1802,台玻,45,0,45,群益金鼎-開元,2024-03-05,9134
00662,富邦NASDAQ,40,0,40,群益金鼎-開元,2024-03-05,9134
00688L,國泰20年美債正2,33,0,33,群益金鼎-開元,2024-03-05,9134
4556,旭然,32,0,32,群益金鼎-開元,2024-03-05,9134
1528,恩德,32,0,32,群益金鼎-開元,2024-03-05,9134
2317,鴻海,49,21,28,群益金鼎-開元,2024-03-05,9134
8064,東捷,35,8,27,群益金鼎-開元,2024-03-05,9134
6591,動力-KY,30,4,26,群益金鼎-開元,2024-03-05,9134
00720B,元大投資級公司債,23,0,23,群益金鼎-開元,2024-03-05,9134
00918,大華優利高填息30,23,0,23,群益金鼎-開元,2024-03-05,9134
1503,士電,55,32,23,群益金鼎-開元,2024-03-05,9134
00753L,中信中國50正2,22,0,22,群益金鼎-開元,2024-03-05,9134
1314,中石化,22,0,22,群益金鼎-開元,2024-03-05,9134
3031,佰鴻,21,0,21,群益金鼎-開元,2024-03-05,9134
00679B,元大美債20年,20,0,20,群益金鼎-開元,2024-03-05,9134
2344,華邦電,17,0,17,群益金鼎-開元,2024-03-05,9134
1584,精剛,19,2,17,群益金鼎-開元,2024-03-05,9134
8049,晶采,16,0,16,群益金鼎-開元,2024-03-05,9134
3450,聯鈞,23,8,15,群益金鼎-開元,2024-03-05,9134
5284,jpp-KY,22,7,15,群益金鼎-開元,2024-03-05,9134
6138,茂達,15,0,15,群益金鼎-開元,2024-03-05,9134
6451,訊芯-KY,14,0,14,群益金鼎-開元,2024-03-05,9134
8054,安國,20,7,13,群益金鼎-開元,2024-03-05,9134
2027,大成鋼,12,0,12,群益金鼎-開元,2024-03-05,9134
2355,敬鵬,28,16,12,群益金鼎-開元,2024-03-05,9134
00900,富邦特選高股息30,15,4,11,群益金鼎-開元,2024-03-05,9134
1101,台泥,17,6,11,群益金鼎-開元,2024-03-05,9134
2603,長榮,18,7,11,群益金鼎-開元,2024-03-05,9134
1303,南亞,10,0,10,群益金鼎-開元,2024-03-05,9134
8429,金麗-KY,10,0,10,群益金鼎-開元,2024-03-05,9134
00887,永豐中國科技50大,10,0,10,群益金鼎-開元,2024-03-05,9134
3712,永崴投控,10,0,10,群益金鼎-開元,2024-03-05,9134
1440,南紡,10,0,10,群益金鼎-開元,2024-03-05,9134
00751B,元大AAA至A公司債,10,0,10,群益金鼎-開元,2024-03-05,9134
2354,鴻準,10,0,10,群益金鼎-開元,2024-03-05,9134
1810,和成,10,0,10,群益金鼎-開元,2024-03-05,9134
2457,飛宏,10,0,10,群益金鼎-開元,2024-03-05,9134
5521,工信,259,14,245,群益金鼎-開元,2024-03-06,9134
00633L,富邦上証正2,150,0,150,群益金鼎-開元,2024-03-06,9134
00688L,國泰20年美債正2,204,62,142,群益金鼎-開元,2024-03-06,9134
00937B,群益ESG投等債20,122,9,113,群益金鼎-開元,2024-03-06,9134
2618,長榮航,89,7,82,群益金鼎-開元,2024-03-06,9134
8936,國統,90,14,76,群益金鼎-開元,2024-03-06,9134
3078,僑威,87,11,76,群益金鼎-開元,2024-03-06,9134
00918,大華優利高填息30,75,1,74,群益金鼎-開元,2024-03-06,9134
2884,玉山金,60,6,54,群益金鼎-開元,2024-03-06,9134
3356,奇偶,53,0,53,群益金鼎-開元,2024-03-06,9134
2356,英業達,54,8,46,群益金鼎-開元,2024-03-06,9134
1313,聯成,39,0,39,群益金鼎-開元,2024-03-06,9134
1569,濱川,40,1,39,群益金鼎-開元,2024-03-06,9134
2329,華泰,53,15,38,群益金鼎-開元,2024-03-06,9134
2002,中鋼,31,0,31,群益金鼎-開元,2024-03-06,9134
00919,群益台灣精選高息,152,121,31,群益金鼎-開元,2024-03-06,9134
3031,佰鴻,30,0,30,群益金鼎-開元,2024-03-06,9134
3071,協禧,29,2,27,群益金鼎-開元,2024-03-06,9134
00878,國泰永續高股息,47,20,27,群益金鼎-開元,2024-03-06,9134
6237,驊訊,26,1,25,群益金鼎-開元,2024-03-06,9134
2641,正德,23,0,23,群益金鼎-開元,2024-03-06,9134
3231,緯創,28,5,23,群益金鼎-開元,2024-03-06,9134
8086,宏捷科,28,7,21,群益金鼎-開元,2024-03-06,9134
8046,南電,22,1,21,群益金鼎-開元,2024-03-06,9134
3576,聯合再生,20,0,20,群益金鼎-開元,2024-03-06,9134
3346,麗清,20,0,20,群益金鼎-開元,2024-03-06,9134
2344,華邦電,19,0,19,群益金鼎-開元,2024-03-06,9134
00915,凱基優選高股息30,17,0,17,群益金鼎-開元,2024-03-06,9134
1904,正隆,17,0,17,群益金鼎-開元,2024-03-06,9134
6227,茂綸,18,1,17,群益金鼎-開元,2024-03-06,9134
2888,新光金,19,5,14,群益金鼎-開元,2024-03-06,9134
8210,勤誠,17,3,14,群益金鼎-開元,2024-03-06,9134
2025,千興,14,0,14,群益金鼎-開元,2024-03-06,9134
6275,元山,22,8,14,群益金鼎-開元,2024-03-06,9134
2610,華航,15,2,13,群益金鼎-開元,2024-03-06,9134
5386,青雲,13,0,13,群益金鼎-開元,2024-03-06,9134
00931B,統一美債20年,40,27,13,群益金鼎-開元,2024-03-06,9134
8034,榮群,16,3,13,群益金鼎-開元,2024-03-06,9134
2882,國泰金,13,0,13,群益金鼎-開元,2024-03-06,9134
2609,陽明,25,12,13,群益金鼎-開元,2024-03-06,9134
5465,富驊,18,5,13,群益金鼎-開元,2024-03-06,9134
2355,敬鵬,14,1,13,群益金鼎-開元,2024-03-06,9134
4563,百德,12,0,12,群益金鼎-開元,2024-03-06,9134
1514,亞力,39,28,11,群益金鼎-開元,2024-03-06,9134
6163,華電網,14,3,11,群益金鼎-開元,2024-03-06,9134
2485,兆赫,11,0,11,群益金鼎-開元,2024-03-06,9134
2929,淘帝-KY,11,0,11,群益金鼎-開元,2024-03-06,9134
00713,元大台灣高息低波,11,0,11,群益金鼎-開元,2024-03-06,9134
6113,亞矽,11,0,11,群益金鼎-開元,2024-03-06,9134
3313,斐成,11,0,11,群益金鼎-開元,2024-03-06,9134
00937B,群益ESG投等債20,1228,32,1196,群益金鼎-開元,2024-03-07,9134
8105,凌巨,275,1,274,群益金鼎-開元,2024-03-07,9134
00637L,元大滬深300正2,224,7,217,群益金鼎-開元,2024-03-07,9134
2025,千興,103,6,97,群益金鼎-開元,2024-03-07,9134
00632R,元大台灣50反1,91,21,70,群益金鼎-開元,2024-03-07,9134
3004,豐達科,70,0,70,群益金鼎-開元,2024-03-07,9134
5425,台半,53,3,50,群益金鼎-開元,2024-03-07,9134
2313,華通,70,20,50,群益金鼎-開元,2024-03-07,9134
00715L,期街口布蘭特正2,50,0,50,群益金鼎-開元,2024-03-07,9134
1609,大亞,50,5,45,群益金鼎-開元,2024-03-07,9134
00931B,統一美債20年,92,57,35,群益金鼎-開元,2024-03-07,9134
2409,友達,38,4,34,群益金鼎-開元,2024-03-07,9134
6270,倍微,34,0,34,群益金鼎-開元,2024-03-07,9134
2867,三商壽,31,0,31,群益金鼎-開元,2024-03-07,9134
6584,南俊國際,32,3,29,群益金鼎-開元,2024-03-07,9134
00674R,期元大S＆P黃金反1,30,1,29,群益金鼎-開元,2024-03-07,9134
5880,合庫金,25,0,25,群益金鼎-開元,2024-03-07,9134
6126,信音,33,10,23,群益金鼎-開元,2024-03-07,9134
3231,緯創,30,7,23,群益金鼎-開元,2024-03-07,9134
6125,廣運,50,28,22,群益金鼎-開元,2024-03-07,9134
1514,亞力,25,3,22,群益金鼎-開元,2024-03-07,9134
2880,華南金,21,0,21,群益金鼎-開元,2024-03-07,9134
2399,映泰,21,0,21,群益金鼎-開元,2024-03-07,9134
2486,一詮,35,14,21,群益金鼎-開元,2024-03-07,9134
6274,台燿,44,23,21,群益金鼎-開元,2024-03-07,9134
8085,福華,21,1,20,群益金鼎-開元,2024-03-07,9134
2412,中華電,20,0,20,群益金鼎-開元,2024-03-07,9134
8429,金麗-KY,20,0,20,群益金鼎-開元,2024-03-07,9134
00918,大華優利高填息30,30,11,19,群益金鼎-開元,2024-03-07,9134
1319,東陽,20,1,19,群益金鼎-開元,2024-03-07,9134
1471,首利,20,2,18,群益金鼎-開元,2024-03-07,9134
3491,昇達科,18,0,18,群益金鼎-開元,2024-03-07,9134
00915,凱基優選高股息30,18,0,18,群益金鼎-開元,2024-03-07,9134
1815,富喬,173,155,18,群益金鼎-開元,2024-03-07,9134
2367,燿華,80,63,17,群益金鼎-開元,2024-03-07,9134
2352,佳世達,19,2,17,群益金鼎-開元,2024-03-07,9134
3031,佰鴻,15,0,15,群益金鼎-開元,2024-03-07,9134
00753L,中信中國50正2,15,0,15,群益金鼎-開元,2024-03-07,9134
1314,中石化,14,0,14,群益金鼎-開元,2024-03-07,9134
6282,康舒,15,1,14,群益金鼎-開元,2024-03-07,9134
9907,統一實,14,0,14,群益金鼎-開元,2024-03-07,9134
5521,工信,17,3,14,群益金鼎-開元,2024-03-07,9134
2206,三陽工業,14,1,13,群益金鼎-開元,2024-03-07,9134
4536,拓凱,13,0,13,群益金鼎-開元,2024-03-07,9134
2002,中鋼,15,3,12,群益金鼎-開元,2024-03-07,9134
9941,裕融,12,0,12,群益金鼎-開元,2024-03-07,9134
5302,太欣,12,0,12,群益金鼎-開元,2024-03-07,9134
8064,東捷,22,10,12,群益金鼎-開元,2024-03-07,9134
1909,榮成,12,0,12,群益金鼎-開元,2024-03-07,9134
6189,豐藝,11,0,11,群益金鼎-開元,2024-03-07,9134
00669R,國泰美國道瓊反1,501,0,501,群益金鼎-開元,2024-03-08,9134
00937B,群益ESG投等債20,252,18,234,群益金鼎-開元,2024-03-08,9134
1319,東陽,55,0,55,群益金鼎-開元,2024-03-08,9134
3004,豐達科,48,0,48,群益金鼎-開元,2024-03-08,9134
1522,堤維西,52,5,47,群益金鼎-開元,2024-03-08,9134
8473,山林水,41,0,41,群益金鼎-開元,2024-03-08,9134
3708,上緯投控,40,0,40,群益金鼎-開元,2024-03-08,9134
2332,友訊,49,16,33,群益金鼎-開元,2024-03-08,9134
8429,金麗-KY,30,0,30,群益金鼎-開元,2024-03-08,9134
3006,晶豪科,29,0,29,群益金鼎-開元,2024-03-08,9134
2409,友達,37,9,28,群益金鼎-開元,2024-03-08,9134
8936,國統,30,3,27,群益金鼎-開元,2024-03-08,9134
2206,三陽工業,28,1,27,群益金鼎-開元,2024-03-08,9134
00632R,元大台灣50反1,120,95,25,群益金鼎-開元,2024-03-08,9134
00753L,中信中國50正2,25,0,25,群益金鼎-開元,2024-03-08,9134
2002,中鋼,31,8,23,群益金鼎-開元,2024-03-08,9134
00720B,元大投資級公司債,36,15,21,群益金鼎-開元,2024-03-08,9134
1446,宏和,20,0,20,群益金鼎-開元,2024-03-08,9134
00931B,統一美債20年,20,0,20,群益金鼎-開元,2024-03-08,9134
2929,淘帝-KY,20,0,20,群益金鼎-開元,2024-03-08,9134
6142,友勁,20,0,20,群益金鼎-開元,2024-03-08,9134
6125,廣運,36,16,20,群益金鼎-開元,2024-03-08,9134
6191,精成科,23,6,17,群益金鼎-開元,2024-03-08,9134
6592,和潤企業,17,1,16,群益金鼎-開元,2024-03-08,9134
00687B,國泰20年美債,48,31,17,群益金鼎-開元,2024-03-08,9134
5347,世界,20,4,16,群益金鼎-開元,2024-03-08,9134
1605,華新,18,2,16,群益金鼎-開元,2024-03-08,9134
2014,中鴻,16,0,16,群益金鼎-開元,2024-03-08,9134
6274,台燿,24,8,16,群益金鼎-開元,2024-03-08,9134
2352,佳世達,22,7,15,群益金鼎-開元,2024-03-08,9134
1526,日馳,17,2,15,群益金鼎-開元,2024-03-08,9134
2328,廣宇,15,0,15,群益金鼎-開元,2024-03-08,9134
2605,新興,16,2,14,群益金鼎-開元,2024-03-08,9134
3450,聯鈞,20,6,14,群益金鼎-開元,2024-03-08,9134
5284,jpp-KY,21,8,13,群益金鼎-開元,2024-03-08,9134
6126,信音,88,75,13,群益金鼎-開元,2024-03-08,9134
2376,技嘉,22,10,12,群益金鼎-開元,2024-03-08,9134
2353,宏��,69,57,12,群益金鼎-開元,2024-03-08,9134
6170,統振,12,0,12,群益金鼎-開元,2024-03-08,9134
1584,精剛,16,4,12,群益金鼎-開元,2024-03-08,9134
2317,鴻海,22,10,12,群益金鼎-開元,2024-03-08,9134
4128,中天,14,3,11,群益金鼎-開元,2024-03-08,9134
1313,聯成,11,0,11,群益金鼎-開元,2024-03-08,9134
6203,海韻電,11,0,11,群益金鼎-開元,2024-03-08,9134
2208,台船,11,0,11,群益金鼎-開元,2024-03-08,9134
3293,鈊象,14,3,11,群益金鼎-開元,2024-03-08,9134
2388,威盛,12,2,10,群益金鼎-開元,2024-03-08,9134
2402,毅嘉,10,0,10,群益金鼎-開元,2024-03-08,9134
3171,炎洲流通,10,0,10,群益金鼎-開元,2024-03-08,9134
3390,旭軟,12,2,10,群益金鼎-開元,2024-03-08,9134
00937B,群益ESG投等債20,679,31,648,群益金鼎-開元,2024-03-11,9134
00637L,元大滬深300正2,300,38,262,群益金鼎-開元,2024-03-11,9134
3481,群創,255,10,245,群益金鼎-開元,2024-03-11,9134
00919,群益台灣精選高息,314,149,165,群益金鼎-開元,2024-03-11,9134
2303,聯電,151,28,123,群益金鼎-開元,2024-03-11,9134
00633L,富邦上証正2,102,4,98,群益金鼎-開元,2024-03-11,9134
5284,jpp-KY,151,53,98,群益金鼎-開元,2024-03-11,9134
00687B,國泰20年美債,59,0,59,群益金鼎-開元,2024-03-11,9134
1815,富喬,46,6,40,群益金鼎-開元,2024-03-11,9134
00878,國泰永續高股息,129,89,40,群益金鼎-開元,2024-03-11,9134
2344,華邦電,30,6,24,群益金鼎-開元,2024-03-11,9134
3362,先進光,23,0,23,群益金鼎-開元,2024-03-11,9134
3607,谷崧,23,0,23,群益金鼎-開元,2024-03-11,9134
2618,長榮航,39,16,23,群益金鼎-開元,2024-03-11,9134
00900,富邦特選高股息30,23,1,22,群益金鼎-開元,2024-03-11,9134
3708,上緯投控,21,0,21,群益金鼎-開元,2024-03-11,9134
2462,良得電,20,0,20,群益金鼎-開元,2024-03-11,9134
00918,大華優利高填息30,21,2,19,群益金鼎-開元,2024-03-11,9134
4432,銘旺實,17,0,17,群益金鼎-開元,2024-03-11,9134
2347,聯強,17,0,17,群益金鼎-開元,2024-03-11,9134
00931B,統一美債20年,17,0,17,群益金鼎-開元,2024-03-11,9134
3576,聯合再生,25,9,16,群益金鼎-開元,2024-03-11,9134
00915,凱基優選高股息30,15,0,15,群益金鼎-開元,2024-03-11,9134
8069,元太,16,1,15,群益金鼎-開元,2024-03-11,9134
3207,耀勝,15,1,14,群益金鼎-開元,2024-03-11,9134
2498,宏達電,24,11,13,群益金鼎-開元,2024-03-11,9134
8112,至上,17,4,13,群益金鼎-開元,2024-03-11,9134
3056,富華新,13,0,13,群益金鼎-開元,2024-03-11,9134
2489,瑞軒,14,1,13,群益金鼎-開元,2024-03-11,9134
6163,華電網,14,1,13,群益金鼎-開元,2024-03-11,9134
3712,永崴投控,12,0,12,群益金鼎-開元,2024-03-11,9134
2305,全友,12,0,12,群益金鼎-開元,2024-03-11,9134
6275,元山,12,0,12,群益金鼎-開元,2024-03-11,9134
3437,榮創,11,0,11,群益金鼎-開元,2024-03-11,9134
3450,聯鈞,11,0,11,群益金鼎-開元,2024-03-11,9134
4119,旭富,11,0,11,群益金鼎-開元,2024-03-11,9134
00923,群益台ESG低碳50,11,0,11,群益金鼎-開元,2024-03-11,9134
2031,新光鋼,10,0,10,群益金鼎-開元,2024-03-11,9134
00719B,元大美債1-3,10,0,10,群益金鼎-開元,2024-03-11,9134
1568,倉佑,10,0,10,群益金鼎-開元,2024-03-11,9134
4167,松瑞藥,24,14,10,群益金鼎-開元,2024-03-11,9134
8358,金居,10,0,10,群益金鼎-開元,2024-03-11,9134
3380,明泰,10,0,10,群益金鼎-開元,2024-03-11,9134
2330,台積電,16,7,9,群益金鼎-開元,2024-03-11,9134
6164,華興,9,0,9,群益金鼎-開元,2024-03-11,9134
9105,泰金寶-DR,10,1,9,群益金鼎-開元,2024-03-11,9134
00712,復華富時不動產,10,1,9,群益金鼎-開元,2024-03-11,9134
1471,首利,9,0,9,群益金鼎-開元,2024-03-11,9134
5210,寶碩,10,1,9,群益金鼎-開元,2024-03-11,9134
3707,漢磊,11,2,9,群益金鼎-開元,2024-03-11,9134
00937B,群益ESG投等債20,753,374,379,群益金鼎-開元,2024-03-12,9134
2461,光群雷,130,0,130,群益金鼎-開元,2024-03-12,9134
00632R,元大台灣50反1,115,50,65,群益金鼎-開元,2024-03-12,9134
00918,大華優利高填息30,72,10,62,群益金鼎-開元,2024-03-12,9134
00687B,國泰20年美債,60,0,60,群益金鼎-開元,2024-03-12,9134
00665L,富邦�琤肭磪囓�2,65,11,54,群益金鼎-開元,2024-03-12,9134
2367,燿華,100,48,52,群益金鼎-開元,2024-03-12,9134
2414,精技,50,0,50,群益金鼎-開元,2024-03-12,9134
00915,凱基優選高股息30,32,0,32,群益金鼎-開元,2024-03-12,9134
00931B,統一美債20年,31,0,31,群益金鼎-開元,2024-03-12,9134
6142,友勁,30,0,30,群益金鼎-開元,2024-03-12,9134
8429,金麗-KY,30,0,30,群益金鼎-開元,2024-03-12,9134
3339,泰谷,29,1,28,群益金鼎-開元,2024-03-12,9134
1514,亞力,49,22,27,群益金鼎-開元,2024-03-12,9134
00933B,國泰10Y+金融債,47,20,27,群益金鼎-開元,2024-03-12,9134
00720B,元大投資級公司債,25,0,25,群益金鼎-開元,2024-03-12,9134
5483,中美晶,32,8,24,群益金鼎-開元,2024-03-12,9134
2903,遠百,23,0,23,群益金鼎-開元,2024-03-12,9134
8936,國統,25,4,21,群益金鼎-開元,2024-03-12,9134
2352,佳世達,21,1,20,群益金鼎-開元,2024-03-12,9134
6182,合晶,20,0,20,群益金鼎-開元,2024-03-12,9134
3266,昇陽,20,0,20,群益金鼎-開元,2024-03-12,9134
2855,統一證,31,11,20,群益金鼎-開元,2024-03-12,9134
5328,華容,20,0,20,群益金鼎-開元,2024-03-12,9134
00679B,元大美債20年,29,11,18,群益金鼎-開元,2024-03-12,9134
2606,裕民,17,0,17,群益金鼎-開元,2024-03-12,9134
5880,合庫金,17,0,17,群益金鼎-開元,2024-03-12,9134
1316,上曜,18,2,16,群益金鼎-開元,2024-03-12,9134
2845,遠東銀,22,6,16,群益金鼎-開元,2024-03-12,9134
00719B,元大美債1-3,15,0,15,群益金鼎-開元,2024-03-12,9134
2880,華南金,20,6,14,群益金鼎-開元,2024-03-12,9134
1455,集盛,35,22,13,群益金鼎-開元,2024-03-12,9134
00751B,元大AAA至A公司債,13,0,13,群益金鼎-開元,2024-03-12,9134
9934,成霖,14,1,13,群益金鼎-開元,2024-03-12,9134
8034,榮群,14,1,13,群益金鼎-開元,2024-03-12,9134
00922,國泰台灣領袖50,13,1,12,群益金鼎-開元,2024-03-12,9134
00885,富邦越南,12,0,12,群益金鼎-開元,2024-03-12,9134
3202,樺晟,12,0,12,群益金鼎-開元,2024-03-12,9134
3031,佰鴻,11,0,11,群益金鼎-開元,2024-03-12,9134
3712,永崴投控,11,0,11,群益金鼎-開元,2024-03-12,9134
00712,復華富時不動產,11,0,11,群益金鼎-開元,2024-03-12,9134
2408,南亞科,10,0,10,群益金鼎-開元,2024-03-12,9134
9110,越南控-DR,10,0,10,群益金鼎-開元,2024-03-12,9134
2516,新建,10,0,10,群益金鼎-開元,2024-03-12,9134
00887,永豐中國科技50大,10,0,10,群益金鼎-開元,2024-03-12,9134
5011,久陽,10,0,10,群益金鼎-開元,2024-03-12,9134
2481,強茂,10,0,10,群益金鼎-開元,2024-03-12,9134
1314,中石化,11,1,10,群益金鼎-開元,2024-03-12,9134
9105,泰金寶-DR,10,0,10,群益金鼎-開元,2024-03-12,9134
8089,康全電訊,10,0,10,群益金鼎-開元,2024-03-12,9134
00637L,元大滬深300正2,700,0,700,群益金鼎-開元,2024-03-13,9134
00937B,群益ESG投等債20,240,17,223,群益金鼎-開元,2024-03-13,9134
00633L,富邦上証正2,100,0,100,群益金鼎-開元,2024-03-13,9134
8936,國統,94,12,82,群益金鼎-開元,2024-03-13,9134
00918,大華優利高填息30,77,1,76,群益金鼎-開元,2024-03-13,9134
3231,緯創,96,24,72,群益金鼎-開元,2024-03-13,9134
1524,耿鼎,73,2,71,群益金鼎-開元,2024-03-13,9134
6142,友勁,55,0,55,群益金鼎-開元,2024-03-13,9134
1459,聯發,50,0,50,群益金鼎-開元,2024-03-13,9134
00632R,元大台灣50反1,50,6,44,群益金鼎-開元,2024-03-13,9134
00712,復華富時不動產,47,4,43,群益金鼎-開元,2024-03-13,9134
00720B,元大投資級公司債,43,0,43,群益金鼎-開元,2024-03-13,9134
3617,碩天,41,0,41,群益金鼎-開元,2024-03-13,9134
00931B,統一美債20年,40,0,40,群益金鼎-開元,2024-03-13,9134
00915,凱基優選高股息30,72,35,37,群益金鼎-開元,2024-03-13,9134
00687B,國泰20年美債,43,6,37,群益金鼎-開元,2024-03-13,9134
6026,福邦證,49,13,36,群益金鼎-開元,2024-03-13,9134
00919,群益台灣精選高息,159,124,35,群益金鼎-開元,2024-03-13,9134
2606,裕民,34,0,34,群益金鼎-開元,2024-03-13,9134
2884,玉山金,37,3,34,群益金鼎-開元,2024-03-13,9134
00679B,元大美債20年,38,5,33,群益金鼎-開元,2024-03-13,9134
8429,金麗-KY,30,0,30,群益金鼎-開元,2024-03-13,9134
2929,淘帝-KY,30,0,30,群益金鼎-開元,2024-03-13,9134
1455,集盛,30,0,30,群益金鼎-開元,2024-03-13,9134
00650L,復華香港正2,40,13,27,群益金鼎-開元,2024-03-13,9134
2344,華邦電,29,2,27,群益金鼎-開元,2024-03-13,9134
8926,台汽電,37,11,26,群益金鼎-開元,2024-03-13,9134
2390,云辰,25,0,25,群益金鼎-開元,2024-03-13,9134
1609,大亞,34,9,25,群益金鼎-開元,2024-03-13,9134
1442,名軒,24,0,24,群益金鼎-開元,2024-03-13,9134
6187,萬潤,26,3,23,群益金鼎-開元,2024-03-13,9134
00933B,國泰10Y+金融債,47,25,22,群益金鼎-開元,2024-03-13,9134
3293,鈊象,46,24,22,群益金鼎-開元,2024-03-13,9134
4960,誠美材,21,0,21,群益金鼎-開元,2024-03-13,9134
1340,勝悅-KY,20,0,20,群益金鼎-開元,2024-03-13,9134
3712,永崴投控,20,0,20,群益金鼎-開元,2024-03-13,9134
6698,旭暉應材,20,0,20,群益金鼎-開元,2024-03-13,9134
2367,燿華,21,2,19,群益金鼎-開元,2024-03-13,9134
6125,廣運,48,30,18,群益金鼎-開元,2024-03-13,9134
00934,中信成長高股息,18,0,18,群益金鼎-開元,2024-03-13,9134
2329,華泰,20,3,17,群益金鼎-開元,2024-03-13,9134
6274,台燿,20,4,16,群益金鼎-開元,2024-03-13,9134
6282,康舒,22,6,16,群益金鼎-開元,2024-03-13,9134
2002,中鋼,20,4,16,群益金鼎-開元,2024-03-13,9134
3715,定穎投控,18,2,16,群益金鼎-開元,2024-03-13,9134
2014,中鴻,17,2,15,群益金鼎-開元,2024-03-13,9134
2313,華通,27,12,15,群益金鼎-開元,2024-03-13,9134
3276,宇環,15,0,15,群益金鼎-開元,2024-03-13,9134
8358,金居,14,0,14,群益金鼎-開元,2024-03-13,9134
00751B,元大AAA至A公司債,14,0,14,群益金鼎-開元,2024-03-13,9134
00857B,永豐20年美公債,344,0,344,群益金鼎-開元,2024-03-14,9134
00937B,群益ESG投等債20,338,0,338,群益金鼎-開元,2024-03-14,9134
00919,群益台灣精選高息,233,41,192,群益金鼎-開元,2024-03-14,9134
5284,jpp-KY,130,2,128,群益金鼎-開元,2024-03-14,9134
00687B,國泰20年美債,118,0,118,群益金鼎-開元,2024-03-14,9134
00878,國泰永續高股息,83,3,80,群益金鼎-開元,2024-03-14,9134
1616,億泰,75,0,75,群益金鼎-開元,2024-03-14,9134
00929,復華台灣科技優息,79,7,72,群益金鼎-開元,2024-03-14,9134
2354,鴻準,66,0,66,群益金鼎-開元,2024-03-14,9134
00632R,元大台灣50反1,59,0,59,群益金鼎-開元,2024-03-14,9134
00633L,富邦上証正2,50,0,50,群益金鼎-開元,2024-03-14,9134
00918,大華優利高填息30,54,6,48,群益金鼎-開元,2024-03-14,9134
2618,長榮航,88,43,45,群益金鼎-開元,2024-03-14,9134
2597,潤弘,42,0,42,群益金鼎-開元,2024-03-14,9134
00931B,統一美債20年,38,1,37,群益金鼎-開元,2024-03-14,9134
2836,高雄銀,32,1,31,群益金鼎-開元,2024-03-14,9134
2236,百達-KY,30,0,30,群益金鼎-開元,2024-03-14,9134
00900,富邦特選高股息30,32,4,28,群益金鼎-開元,2024-03-14,9134
00933B,國泰10Y+金融債,48,20,28,群益金鼎-開元,2024-03-14,9134
2363,矽統,27,4,23,群益金鼎-開元,2024-03-14,9134
2812,台中銀,23,1,22,群益金鼎-開元,2024-03-14,9134
1808,潤隆,29,7,22,群益金鼎-開元,2024-03-14,9134
2382,廣達,23,2,21,群益金鼎-開元,2024-03-14,9134
2328,廣宇,20,0,20,群益金鼎-開元,2024-03-14,9134
2025,千興,21,1,20,群益金鼎-開元,2024-03-14,9134
2809,京城銀,20,0,20,群益金鼎-開元,2024-03-14,9134
1529,樂事綠能,21,2,19,群益金鼎-開元,2024-03-14,9134
00712,復華富時不動產,20,1,19,群益金鼎-開元,2024-03-14,9134
2439,美律,19,0,19,群益金鼎-開元,2024-03-14,9134
3071,協禧,18,0,18,群益金鼎-開元,2024-03-14,9134
00927,群益半導體收益,31,13,18,群益金鼎-開元,2024-03-14,9134
2636,台驊控股,20,2,18,群益金鼎-開元,2024-03-14,9134
00915,凱基優選高股息30,28,11,17,群益金鼎-開元,2024-03-14,9134
00637L,元大滬深300正2,16,0,16,群益金鼎-開元,2024-03-14,9134
5009,榮剛,15,0,15,群益金鼎-開元,2024-03-14,9134
00720B,元大投資級公司債,15,0,15,群益金鼎-開元,2024-03-14,9134
3231,緯創,27,13,14,群益金鼎-開元,2024-03-14,9134
6189,豐藝,15,1,14,群益金鼎-開元,2024-03-14,9134
2323,中環,14,1,13,群益金鼎-開元,2024-03-14,9134
2603,長榮,13,1,12,群益金鼎-開元,2024-03-14,9134
2609,陽明,13,1,12,群益金鼎-開元,2024-03-14,9134
1582,信錦,21,9,12,群益金鼎-開元,2024-03-14,9134
6505,台塑化,11,0,11,群益金鼎-開元,2024-03-14,9134
3708,上緯投控,11,0,11,群益金鼎-開元,2024-03-14,9134
2337,旺宏,12,1,11,群益金鼎-開元,2024-03-14,9134
2365,昆盈,17,6,11,群益金鼎-開元,2024-03-14,9134
6290,良維,12,1,11,群益金鼎-開元,2024-03-14,9134
6548,長科*,10,0,10,群益金鼎-開元,2024-03-14,9134
1313,聯成,10,0,10,群益金鼎-開元,2024-03-14,9134
1109,信大,20,10,10,群益金鼎-開元,2024-03-14,9134
00937B,群益ESG投等債20,516,4,512,群益金鼎-開元,2024-03-15,9134
00941,中信上游半導體,207,0,207,群益金鼎-開元,2024-03-15,9134
00669R,國泰美國道瓊反1,200,0,200,群益金鼎-開元,2024-03-15,9134
00688L,國泰20年美債正2,90,0,90,群益金鼎-開元,2024-03-15,9134
2834,臺企銀,116,27,89,群益金鼎-開元,2024-03-15,9134
00687B,國泰20年美債,94,10,84,群益金鼎-開元,2024-03-15,9134
2618,長榮航,104,29,75,群益金鼎-開元,2024-03-15,9134
2603,長榮,74,10,64,群益金鼎-開元,2024-03-15,9134
00919,群益台灣精選高息,207,149,58,群益金鼎-開元,2024-03-15,9134
2377,微星,58,0,58,群益金鼎-開元,2024-03-15,9134
6005,群益證,56,2,54,群益金鼎-開元,2024-03-15,9134
00679B,元大美債20年,53,0,53,群益金鼎-開元,2024-03-15,9134
3481,群創,66,24,42,群益金鼎-開元,2024-03-15,9134
1210,大成,38,1,37,群益金鼎-開元,2024-03-15,9134
4714,永捷,36,2,34,群益金鼎-開元,2024-03-15,9134
00931B,統一美債20年,33,1,32,群益金鼎-開元,2024-03-15,9134
2002,中鋼,33,2,31,群益金鼎-開元,2024-03-15,9134
00929,復華台灣科技優息,73,42,31,群益金鼎-開元,2024-03-15,9134
00680L,元大美債20正2,30,0,30,群益金鼎-開元,2024-03-15,9134
8112,至上,31,1,30,群益金鼎-開元,2024-03-15,9134
2355,敬鵬,30,0,30,群益金鼎-開元,2024-03-15,9134
00753L,中信中國50正2,30,0,30,群益金鼎-開元,2024-03-15,9134
4961,天鈺,30,2,28,群益金鼎-開元,2024-03-15,9134
2344,華邦電,27,0,27,群益金鼎-開元,2024-03-15,9134
2610,華航,38,13,25,群益金鼎-開元,2024-03-15,9134
00712,復華富時不動產,22,0,22,群益金鼎-開元,2024-03-15,9134
1102,亞泥,25,3,22,群益金鼎-開元,2024-03-15,9134
2206,三陽工業,21,0,21,群益金鼎-開元,2024-03-15,9134
4417,金洲,21,0,21,群益金鼎-開元,2024-03-15,9134
2609,陽明,33,13,20,群益金鼎-開元,2024-03-15,9134
2882,國泰金,18,0,18,群益金鼎-開元,2024-03-15,9134
9933,中鼎,18,0,18,群益金鼎-開元,2024-03-15,9134
1609,大亞,36,18,18,群益金鼎-開元,2024-03-15,9134
1513,中興電,27,10,17,群益金鼎-開元,2024-03-15,9134
2739,寒舍,18,1,17,群益金鼎-開元,2024-03-15,9134
9105,泰金寶-DR,16,0,16,群益金鼎-開元,2024-03-15,9134
2330,台積電,17,1,16,群益金鼎-開元,2024-03-15,9134
2401,凌陽,15,0,15,群益金鼎-開元,2024-03-15,9134
2615,萬海,16,1,15,群益金鼎-開元,2024-03-15,9134
2356,英業達,18,3,15,群益金鼎-開元,2024-03-15,9134
1522,堤維西,19,5,14,群益金鼎-開元,2024-03-15,9134
3715,定穎投控,14,1,13,群益金鼎-開元,2024-03-15,9134
6190,萬泰科,14,1,13,群益金鼎-開元,2024-03-15,9134
1303,南亞,13,0,13,群益金鼎-開元,2024-03-15,9134
2354,鴻準,31,19,12,群益金鼎-開元,2024-03-15,9134
6120,達運,12,0,12,群益金鼎-開元,2024-03-15,9134
2061,風青,12,0,12,群益金鼎-開元,2024-03-15,9134
3218,大學光,11,0,11,群益金鼎-開元,2024-03-15,9134
5213,亞昕,21,10,11,群益金鼎-開元,2024-03-15,9134
6016,康和證,31,20,11,群益金鼎-開元,2024-03-15,9134
2834,臺企銀,193,10,183,群益金鼎-開元,2024-03-18,9134
00919,群益台灣精選高息,147,24,123,群益金鼎-開元,2024-03-18,9134
00688L,國泰20年美債正2,120,0,120,群益金鼎-開元,2024-03-18,9134
00937B,群益ESG投等債20,137,23,114,群益金鼎-開元,2024-03-18,9134
5284,jpp-KY,113,10,103,群益金鼎-開元,2024-03-18,9134
00637L,元大滬深300正2,100,12,88,群益金鼎-開元,2024-03-18,9134
00930,永豐ESG低碳高息,60,0,60,群益金鼎-開元,2024-03-18,9134
00941,中信上游半導體,64,10,54,群益金鼎-開元,2024-03-18,9134
2889,國票金,56,5,51,群益金鼎-開元,2024-03-18,9134
00753L,中信中國50正2,50,0,50,群益金鼎-開元,2024-03-18,9134
2929,淘帝-KY,45,0,45,群益金鼎-開元,2024-03-18,9134
00687B,國泰20年美債,35,0,35,群益金鼎-開元,2024-03-18,9134
3294,英濟,50,18,32,群益金鼎-開元,2024-03-18,9134
2891,中信金,32,2,30,群益金鼎-開元,2024-03-18,9134
2409,友達,28,0,28,群益金鼎-開元,2024-03-18,9134
2885,元大金,30,2,28,群益金鼎-開元,2024-03-18,9134
2002,中鋼,28,2,26,群益金鼎-開元,2024-03-18,9134
2609,陽明,30,6,24,群益金鼎-開元,2024-03-18,9134
2618,長榮航,22,0,22,群益金鼎-開元,2024-03-18,9134
8011,台通,49,27,22,群益金鼎-開元,2024-03-18,9134
2511,太子,22,0,22,群益金鼎-開元,2024-03-18,9134
2356,英業達,29,7,22,群益金鼎-開元,2024-03-18,9134
00679B,元大美債20年,27,5,22,群益金鼎-開元,2024-03-18,9134
00712,復華富時不動產,21,0,21,群益金鼎-開元,2024-03-18,9134
6142,友勁,21,0,21,群益金鼎-開元,2024-03-18,9134
2888,新光金,20,0,20,群益金鼎-開元,2024-03-18,9134
00933B,國泰10Y+金融債,19,0,19,群益金鼎-開元,2024-03-18,9134
9105,泰金寶-DR,19,0,19,群益金鼎-開元,2024-03-18,9134
2303,聯電,22,4,18,群益金鼎-開元,2024-03-18,9134
2344,華邦電,19,1,18,群益金鼎-開元,2024-03-18,9134
2855,統一證,18,0,18,群益金鼎-開元,2024-03-18,9134
1605,華新,32,14,18,群益金鼎-開元,2024-03-18,9134
8081,致新,17,0,17,群益金鼎-開元,2024-03-18,9134
1102,亞泥,16,0,16,群益金鼎-開元,2024-03-18,9134
2603,長榮,23,7,16,群益金鼎-開元,2024-03-18,9134
2022,聚亨,16,1,15,群益金鼎-開元,2024-03-18,9134
6419,京晨科,15,0,15,群益金鼎-開元,2024-03-18,9134
00650L,復華香港正2,14,0,14,群益金鼎-開元,2024-03-18,9134
2363,矽統,15,1,14,群益金鼎-開元,2024-03-18,9134
6625,必應,13,0,13,群益金鼎-開元,2024-03-18,9134
00878,國泰永續高股息,18,5,13,群益金鼎-開元,2024-03-18,9134
9945,潤泰新,14,1,13,群益金鼎-開元,2024-03-18,9134
2369,菱生,13,0,13,群益金鼎-開元,2024-03-18,9134
00915,凱基優選高股息30,21,9,12,群益金鼎-開元,2024-03-18,9134
00727B,國泰優選非投等債,11,0,11,群益金鼎-開元,2024-03-18,9134
1709,和益,11,0,11,群益金鼎-開元,2024-03-18,9134
2887,台新金,11,0,11,群益金鼎-開元,2024-03-18,9134
3413,京鼎,13,2,11,群益金鼎-開元,2024-03-18,9134
6649,台生材,10,0,10,群益金鼎-開元,2024-03-18,9134
3714,富采,10,0,10,群益金鼎-開元,2024-03-18,9134
00937B,群益ESG投等債20,789,2,787,群益金鼎-開元,2024-03-19,9134
00632R,元大台灣50反1,150,0,150,群益金鼎-開元,2024-03-19,9134
00687B,國泰20年美債,142,20,122,群益金鼎-開元,2024-03-19,9134
00688L,國泰20年美債正2,118,0,118,群益金鼎-開元,2024-03-19,9134
2883,凱基金,92,9,83,群益金鼎-開元,2024-03-19,9134
2834,臺企銀,80,1,79,群益金鼎-開元,2024-03-19,9134
8429,金麗-KY,49,0,49,群益金鼎-開元,2024-03-19,9134
6176,瑞儀,40,1,39,群益金鼎-開元,2024-03-19,9134
00679B,元大美債20年,54,20,34,群益金鼎-開元,2024-03-19,9134
8473,山林水,29,0,29,群益金鼎-開元,2024-03-19,9134
1605,華新,36,7,29,群益金鼎-開元,2024-03-19,9134
2486,一詮,38,12,26,群益金鼎-開元,2024-03-19,9134
5871,中租-KY,24,0,24,群益金鼎-開元,2024-03-19,9134
1504,東元,44,20,24,群益金鼎-開元,2024-03-19,9134
1101,台泥,31,7,24,群益金鼎-開元,2024-03-19,9134
2515,中工,35,11,24,群益金鼎-開元,2024-03-19,9134
00712,復華富時不動產,23,0,23,群益金鼎-開元,2024-03-19,9134
00857B,永豐20年美公債,23,0,23,群益金鼎-開元,2024-03-19,9134
2059,川湖,47,25,22,群益金鼎-開元,2024-03-19,9134
00645,富邦日本,23,1,22,群益金鼎-開元,2024-03-19,9134
3356,奇偶,21,0,21,群益金鼎-開元,2024-03-19,9134
2002,中鋼,22,4,18,群益金鼎-開元,2024-03-19,9134
4958,臻鼎-KY,22,4,18,群益金鼎-開元,2024-03-19,9134
8085,福華,23,5,18,群益金鼎-開元,2024-03-19,9134
2354,鴻準,20,4,16,群益金鼎-開元,2024-03-19,9134
2887,台新金,17,2,15,群益金鼎-開元,2024-03-19,9134
2889,國票金,15,0,15,群益金鼎-開元,2024-03-19,9134
2609,陽明,29,15,14,群益金鼎-開元,2024-03-19,9134
00941,中信上游半導體,22,8,14,群益金鼎-開元,2024-03-19,9134
3712,永崴投控,14,0,14,群益金鼎-開元,2024-03-19,9134
3056,富華新,15,1,14,群益金鼎-開元,2024-03-19,9134
2353,宏��,25,12,13,群益金鼎-開元,2024-03-19,9134
5880,合庫金,13,0,13,群益金鼎-開元,2024-03-19,9134
2390,云辰,20,7,13,群益金鼎-開元,2024-03-19,9134
8088,品安,13,0,13,群益金鼎-開元,2024-03-19,9134
00753L,中信中國50正2,12,0,12,群益金鼎-開元,2024-03-19,9134
3041,揚智,46,34,12,群益金鼎-開元,2024-03-19,9134
1210,大成,13,2,11,群益金鼎-開元,2024-03-19,9134
4906,正文,11,0,11,群益金鼎-開元,2024-03-19,9134
2316,楠梓電,11,0,11,群益金鼎-開元,2024-03-19,9134
2465,麗臺,25,14,11,群益金鼎-開元,2024-03-19,9134
5488,松普,11,0,11,群益金鼎-開元,2024-03-19,9134
1608,華榮,12,1,11,群益金鼎-開元,2024-03-19,9134
00933B,國泰10Y+金融債,12,2,10,群益金鼎-開元,2024-03-19,9134
2511,太子,10,0,10,群益金鼎-開元,2024-03-19,9134
4556,旭然,10,0,10,群益金鼎-開元,2024-03-19,9134
6180,橘子,10,0,10,群益金鼎-開元,2024-03-19,9134
3163,波若威,13,3,10,群益金鼎-開元,2024-03-19,9134
9943,好樂迪,10,0,10,群益金鼎-開元,2024-03-19,9134
2349,錸德,10,0,10,群益金鼎-開元,2024-03-19,9134
00857B,永豐20年美公債,401,0,401,群益金鼎-開元,2024-03-20,9134
00688L,國泰20年美債正2,165,0,165,群益金鼎-開元,2024-03-20,9134
6535,順藥,114,1,113,群益金鼎-開元,2024-03-20,9134
00637L,元大滬深300正2,102,7,95,群益金鼎-開元,2024-03-20,9134
00764B,群益25年美債,80,0,80,群益金鼎-開元,2024-03-20,9134
2367,燿華,92,29,63,群益金鼎-開元,2024-03-20,9134
00937B,群益ESG投等債20,68,10,58,群益金鼎-開元,2024-03-20,9134
2834,臺企銀,60,3,57,群益金鼎-開元,2024-03-20,9134
9907,統一實,67,10,57,群益金鼎-開元,2024-03-20,9134
8429,金麗-KY,51,0,51,群益金鼎-開元,2024-03-20,9134
00671R,富邦NASDAQ反1,50,0,50,群益金鼎-開元,2024-03-20,9134
0056,元大高股息,61,12,49,群益金鼎-開元,2024-03-20,9134
1609,大亞,49,1,48,群益金鼎-開元,2024-03-20,9134
2382,廣達,61,15,46,群益金鼎-開元,2024-03-20,9134
6005,群益證,38,0,38,群益金鼎-開元,2024-03-20,9134
00878,國泰永續高股息,36,1,35,群益金鼎-開元,2024-03-20,9134
1616,億泰,35,0,35,群益金鼎-開元,2024-03-20,9134
2880,華南金,32,2,30,群益金鼎-開元,2024-03-20,9134
6605,帝寶,30,0,30,群益金鼎-開元,2024-03-20,9134
3479,安勤,30,0,30,群益金鼎-開元,2024-03-20,9134
1307,三芳,50,20,30,群益金鼎-開元,2024-03-20,9134
5880,合庫金,28,1,27,群益金鼎-開元,2024-03-20,9134
1319,東陽,27,1,26,群益金鼎-開元,2024-03-20,9134
3481,群創,48,22,26,群益金鼎-開元,2024-03-20,9134
6142,友勁,25,0,25,群益金鼎-開元,2024-03-20,9134
1301,台塑,31,7,24,群益金鼎-開元,2024-03-20,9134
6166,凌華,25,1,24,群益金鼎-開元,2024-03-20,9134
8064,東捷,23,1,22,群益金鼎-開元,2024-03-20,9134
2313,華通,23,2,21,群益金鼎-開元,2024-03-20,9134
3231,緯創,43,22,21,群益金鼎-開元,2024-03-20,9134
00679B,元大美債20年,20,0,20,群益金鼎-開元,2024-03-20,9134
00891,中信關鍵半導體,20,0,20,群益金鼎-開元,2024-03-20,9134
8069,元太,21,1,20,群益金鼎-開元,2024-03-20,9134
2606,裕民,20,1,19,群益金鼎-開元,2024-03-20,9134
3450,聯鈞,18,0,18,群益金鼎-開元,2024-03-20,9134
00687B,國泰20年美債,18,0,18,群益金鼎-開元,2024-03-20,9134
5439,高技,18,0,18,群益金鼎-開元,2024-03-20,9134
5512,力麒,17,0,17,群益金鼎-開元,2024-03-20,9134
2897,王道銀行,17,0,17,群益金鼎-開元,2024-03-20,9134
1815,富喬,18,2,16,群益金鼎-開元,2024-03-20,9134
8163,達方,16,0,16,群益金鼎-開元,2024-03-20,9134
5410,國眾,16,0,16,群益金鼎-開元,2024-03-20,9134
2408,南亞科,24,8,16,群益金鼎-開元,2024-03-20,9134
5284,jpp-KY,57,42,15,群益金鼎-開元,2024-03-20,9134
8011,台通,15,0,15,群益金鼎-開元,2024-03-20,9134
6274,台燿,18,4,14,群益金鼎-開元,2024-03-20,9134
1101,台泥,16,2,14,群益金鼎-開元,2024-03-20,9134
2542,興富發,14,0,14,群益金鼎-開元,2024-03-20,9134
2392,正崴,20,6,14,群益金鼎-開元,2024-03-20,9134
2867,三商壽,13,0,13,群益金鼎-開元,2024-03-20,9134
00937B,群益ESG投等債20,254,9,245,群益金鼎-開元,2024-03-21,9134
00632R,元大台灣50反1,173,0,173,群益金鼎-開元,2024-03-21,9134
6188,廣明,188,28,160,群益金鼎-開元,2024-03-21,9134
00939,統一台灣高息動能,252,111,141,群益金鼎-開元,2024-03-21,9134
00919,群益台灣精選高息,167,61,106,群益金鼎-開元,2024-03-21,9134
00637L,元大滬深300正2,106,14,92,群益金鼎-開元,2024-03-21,9134
00687B,國泰20年美債,63,0,63,群益金鼎-開元,2024-03-21,9134
8473,山林水,57,2,55,群益金鼎-開元,2024-03-21,9134
6531,愛普*,51,1,50,群益金鼎-開元,2024-03-21,9134
00679B,元大美債20年,49,0,49,群益金鼎-開元,2024-03-21,9134
6535,順藥,54,13,41,群益金鼎-開元,2024-03-21,9134
8429,金麗-KY,40,0,40,群益金鼎-開元,2024-03-21,9134
00688L,國泰20年美債正2,38,0,38,群益金鼎-開元,2024-03-21,9134
5512,力麒,36,0,36,群益金鼎-開元,2024-03-21,9134
00929,復華台灣科技優息,73,40,33,群益金鼎-開元,2024-03-21,9134
2354,鴻準,42,13,29,群益金鼎-開元,2024-03-21,9134
00645,富邦日本,26,0,26,群益金鼎-開元,2024-03-21,9134
1513,中興電,55,29,26,群益金鼎-開元,2024-03-21,9134
6270,倍微,22,0,22,群益金鼎-開元,2024-03-21,9134
2618,長榮航,22,1,21,群益金鼎-開元,2024-03-21,9134
2606,裕民,23,3,20,群益金鼎-開元,2024-03-21,9134
2852,第一保,20,0,20,群益金鼎-開元,2024-03-21,9134
6244,茂迪,21,2,19,群益金鼎-開元,2024-03-21,9134
2369,菱生,43,24,19,群益金鼎-開元,2024-03-21,9134
4958,臻鼎-KY,20,2,18,群益金鼎-開元,2024-03-21,9134
00720B,元大投資級公司債,18,0,18,群益金鼎-開元,2024-03-21,9134
3041,揚智,19,1,18,群益金鼎-開元,2024-03-21,9134
4909,新復興,18,0,18,群益金鼎-開元,2024-03-21,9134
00680L,元大美債20正2,16,0,16,群益金鼎-開元,2024-03-21,9134
5439,高技,15,0,15,群益金鼎-開元,2024-03-21,9134
00933B,國泰10Y+金融債,15,0,15,群益金鼎-開元,2024-03-21,9134
2603,長榮,23,9,14,群益金鼎-開元,2024-03-21,9134
3005,神基,25,11,14,群益金鼎-開元,2024-03-21,9134
1701,中化,14,0,14,群益金鼎-開元,2024-03-21,9134
6789,采鈺,12,0,12,群益金鼎-開元,2024-03-21,9134
3594,磐儀,14,2,12,群益金鼎-開元,2024-03-21,9134
2402,毅嘉,12,0,12,群益金鼎-開元,2024-03-21,9134
8064,東捷,16,5,11,群益金鼎-開元,2024-03-21,9134
3013,晟銘電,10,0,10,群益金鼎-開元,2024-03-21,9134
3508,位速,11,1,10,群益金鼎-開元,2024-03-21,9134
6603,富強鑫,10,0,10,群益金鼎-開元,2024-03-21,9134
00674R,期元大S＆P黃金反1,10,0,10,群益金鼎-開元,2024-03-21,9134
2542,興富發,10,0,10,群益金鼎-開元,2024-03-21,9134
6143,振曜,10,0,10,群益金鼎-開元,2024-03-21,9134
2929,淘帝-KY,10,0,10,群益金鼎-開元,2024-03-21,9134
00673R,期元大S＆P原油反1,10,0,10,群益金鼎-開元,2024-03-21,9134
1340,勝悅-KY,10,0,10,群益金鼎-開元,2024-03-21,9134
6161,捷波,10,0,10,群益金鼎-開元,2024-03-21,9134
2241,艾姆勒,10,0,10,群益金鼎-開元,2024-03-21,9134
2347,聯強,11,1,10,群益金鼎-開元,2024-03-21,9134
00937B,群益ESG投等債20,345,2,343,群益金鼎-開元,2024-03-22,9134
3481,群創,400,83,317,群益金鼎-開元,2024-03-22,9134
00919,群益台灣精選高息,276,135,141,群益金鼎-開元,2024-03-22,9134
00688L,國泰20年美債正2,130,0,130,群益金鼎-開元,2024-03-22,9134
00939,統一台灣高息動能,203,78,125,群益金鼎-開元,2024-03-22,9134
8473,山林水,122,33,89,群益金鼎-開元,2024-03-22,9134
1605,華新,88,9,79,群益金鼎-開元,2024-03-22,9134
2603,長榮,64,6,58,群益金鼎-開元,2024-03-22,9134
6270,倍微,58,0,58,群益金鼎-開元,2024-03-22,9134
00679B,元大美債20年,46,0,46,群益金鼎-開元,2024-03-22,9134
2609,陽明,37,1,36,群益金鼎-開元,2024-03-22,9134
9105,泰金寶-DR,34,0,34,群益金鼎-開元,2024-03-22,9134
2353,宏��,115,84,31,群益金鼎-開元,2024-03-22,9134
2637,慧洋-KY,30,1,29,群益金鼎-開元,2024-03-22,9134
2303,聯電,33,5,28,群益金鼎-開元,2024-03-22,9134
1503,士電,43,15,28,群益金鼎-開元,2024-03-22,9134
1723,中碳,25,0,25,群益金鼎-開元,2024-03-22,9134
00927,群益半導體收益,24,1,23,群益金鼎-開元,2024-03-22,9134
00673R,期元大S＆P原油反1,22,0,22,群益金鼎-開元,2024-03-22,9134
3372,典範,22,0,22,群益金鼎-開元,2024-03-22,9134
3706,神達,138,117,21,群益金鼎-開元,2024-03-22,9134
3014,聯陽,22,0,22,群益金鼎-開元,2024-03-22,9134
1434,福懋,20,0,20,群益金鼎-開元,2024-03-22,9134
2344,華邦電,40,21,19,群益金鼎-開元,2024-03-22,9134
3231,緯創,41,23,18,群益金鼎-開元,2024-03-22,9134
6126,信音,22,4,18,群益金鼎-開元,2024-03-22,9134
9943,好樂迪,18,0,18,群益金鼎-開元,2024-03-22,9134
3704,合勤控,21,3,18,群益金鼎-開元,2024-03-22,9134
2323,中環,67,51,16,群益金鼎-開元,2024-03-22,9134
5512,力麒,20,4,16,群益金鼎-開元,2024-03-22,9134
3033,威健,15,0,15,群益金鼎-開元,2024-03-22,9134
00637L,元大滬深300正2,16,1,15,群益金鼎-開元,2024-03-22,9134
1608,華榮,30,15,15,群益金鼎-開元,2024-03-22,9134
00915,凱基優選高股息30,18,4,14,群益金鼎-開元,2024-03-22,9134
2834,臺企銀,22,8,14,群益金鼎-開元,2024-03-22,9134
6160,欣技,23,9,14,群益金鼎-開元,2024-03-22,9134
2371,大同,13,0,13,群益金鼎-開元,2024-03-22,9134
2515,中工,12,0,12,群益金鼎-開元,2024-03-22,9134
3081,聯亞,12,0,12,群益金鼎-開元,2024-03-22,9134
00753L,中信中國50正2,12,0,12,群益金鼎-開元,2024-03-22,9134
2883,凱基金,38,26,12,群益金鼎-開元,2024-03-22,9134
4745,合富-KY,11,0,11,群益金鼎-開元,2024-03-22,9134
2376,技嘉,12,1,11,群益金鼎-開元,2024-03-22,9134
3450,聯鈞,36,25,11,群益金鼎-開元,2024-03-22,9134
00941,中信上游半導體,28,18,10,群益金鼎-開元,2024-03-22,9134
3005,神基,21,11,10,群益金鼎-開元,2024-03-22,9134
6282,康舒,15,5,10,群益金鼎-開元,2024-03-22,9134
1720,生達,10,0,10,群益金鼎-開元,2024-03-22,9134
00715L,期街口布蘭特正2,10,0,10,群益金鼎-開元,2024-03-22,9134
4554,橙的,10,0,10,群益金鼎-開元,2024-03-22,9134
00937B,群益ESG投等債20,127,20,107,群益金鼎-開元,2024-03-25,9134
8473,山林水,118,14,104,群益金鼎-開元,2024-03-25,9134
00688L,國泰20年美債正2,105,2,103,群益金鼎-開元,2024-03-25,9134
2892,第一金,101,2,99,群益金鼎-開元,2024-03-25,9134
00857B,永豐20年美公債,78,0,78,群益金鼎-開元,2024-03-25,9134
00939,統一台灣高息動能,103,32,71,群益金鼎-開元,2024-03-25,9134
2356,英業達,95,26,69,群益金鼎-開元,2024-03-25,9134
5284,jpp-KY,122,60,62,群益金鼎-開元,2024-03-25,9134
2880,華南金,60,0,60,群益金鼎-開元,2024-03-25,9134
00687B,國泰20年美債,60,1,59,群益金鼎-開元,2024-03-25,9134
8936,國統,65,10,55,群益金鼎-開元,2024-03-25,9134
00919,群益台灣精選高息,91,43,48,群益金鼎-開元,2024-03-25,9134
00719B,元大美債1-3,43,0,43,群益金鼎-開元,2024-03-25,9134
00929,復華台灣科技優息,64,22,42,群益金鼎-開元,2024-03-25,9134
00645,富邦日本,40,0,40,群益金鼎-開元,2024-03-25,9134
3276,宇環,34,3,31,群益金鼎-開元,2024-03-25,9134
00724B,群益投資級金融債,30,0,30,群益金鼎-開元,2024-03-25,9134
4909,新復興,29,0,29,群益金鼎-開元,2024-03-25,9134
2834,臺企銀,29,0,29,群益金鼎-開元,2024-03-25,9134
00632R,元大台灣50反1,25,0,25,群益金鼎-開元,2024-03-25,9134
3712,永崴投控,40,18,22,群益金鼎-開元,2024-03-25,9134
2353,宏��,64,42,22,群益金鼎-開元,2024-03-25,9134
3362,先進光,22,1,21,群益金鼎-開元,2024-03-25,9134
2641,正德,21,1,20,群益金鼎-開元,2024-03-25,9134
6197,佳必琪,27,8,19,群益金鼎-開元,2024-03-25,9134
2367,燿華,32,15,17,群益金鼎-開元,2024-03-25,9134
3563,牧德,29,12,17,群益金鼎-開元,2024-03-25,9134
6204,艾華,17,0,17,群益金鼎-開元,2024-03-25,9134
2603,長榮,17,3,14,群益金鼎-開元,2024-03-25,9134
2363,矽統,17,3,14,群益金鼎-開元,2024-03-25,9134
2421,建準,22,8,14,群益金鼎-開元,2024-03-25,9134
00680L,元大美債20正2,14,0,14,群益金鼎-開元,2024-03-25,9134
2359,所羅門,17,3,14,群益金鼎-開元,2024-03-25,9134
3706,神達,45,31,14,群益金鼎-開元,2024-03-25,9134
3704,合勤控,13,0,13,群益金鼎-開元,2024-03-25,9134
8085,福華,13,0,13,群益金鼎-開元,2024-03-25,9134
6129,普誠,13,0,13,群益金鼎-開元,2024-03-25,9134
6016,康和證,13,0,13,群益金鼎-開元,2024-03-25,9134
3176,基亞,13,0,13,群益金鼎-開元,2024-03-25,9134
2504,國產,14,2,12,群益金鼎-開元,2024-03-25,9134
6026,福邦證,12,0,12,群益金鼎-開元,2024-03-25,9134
3006,晶豪科,11,0,11,群益金鼎-開元,2024-03-25,9134
1701,中化,11,0,11,群益金鼎-開元,2024-03-25,9134
1303,南亞,12,1,11,群益金鼎-開元,2024-03-25,9134
2888,新光金,15,5,10,群益金鼎-開元,2024-03-25,9134
2801,彰銀,10,0,10,群益金鼎-開元,2024-03-25,9134
6609,瀧澤科,10,0,10,群益金鼎-開元,2024-03-25,9134
4556,旭然,10,0,10,群益金鼎-開元,2024-03-25,9134
2820,華票,10,0,10,群益金鼎-開元,2024-03-25,9134
00778B,凱基金融債20+,10,0,10,群益金鼎-開元,2024-03-25,9134
1609,大亞,484,42,442,群益金鼎-開元,2024-03-26,9134
00937B,群益ESG投等債20,286,10,276,群益金鼎-開元,2024-03-26,9134
00939,統一台灣高息動能,254,83,171,群益金鼎-開元,2024-03-26,9134
00720B,元大投資級公司債,118,0,118,群益金鼎-開元,2024-03-26,9134
3231,緯創,125,11,114,群益金鼎-開元,2024-03-26,9134
2515,中工,85,3,82,群益金鼎-開元,2024-03-26,9134
00857B,永豐20年美公債,75,0,75,群益金鼎-開元,2024-03-26,9134
5452,佶優,74,2,72,群益金鼎-開元,2024-03-26,9134
3481,群創,66,4,62,群益金鼎-開元,2024-03-26,9134
1104,環泥,57,0,57,群益金鼎-開元,2024-03-26,9134
2610,華航,68,11,57,群益金鼎-開元,2024-03-26,9134
2409,友達,55,0,55,群益金鼎-開元,2024-03-26,9134
5244,弘凱,53,0,53,群益金鼎-開元,2024-03-26,9134
3276,宇環,51,1,50,群益金鼎-開元,2024-03-26,9134
00688L,國泰20年美債正2,47,0,47,群益金鼎-開元,2024-03-26,9134
2611,志信,47,1,46,群益金鼎-開元,2024-03-26,9134
1513,中興電,79,39,40,群益金鼎-開元,2024-03-26,9134
00909,國泰數位支付服務,40,0,40,群益金鼎-開元,2024-03-26,9134
2609,陽明,37,2,35,群益金鼎-開元,2024-03-26,9134
2313,華通,34,2,32,群益金鼎-開元,2024-03-26,9134
6180,橘子,31,0,31,群益金鼎-開元,2024-03-26,9134
2486,一詮,41,11,30,群益金鼎-開元,2024-03-26,9134
3563,牧德,46,17,29,群益金鼎-開元,2024-03-26,9134
2888,新光金,28,0,28,群益金鼎-開元,2024-03-26,9134
2417,圓剛,34,7,27,群益金鼎-開元,2024-03-26,9134
00679B,元大美債20年,32,6,26,群益金鼎-開元,2024-03-26,9134
8064,東捷,27,2,25,群益金鼎-開元,2024-03-26,9134
6125,廣運,55,31,24,群益金鼎-開元,2024-03-26,9134
6535,順藥,36,12,24,群益金鼎-開元,2024-03-26,9134
00687B,國泰20年美債,25,1,24,群益金鼎-開元,2024-03-26,9134
00931B,統一美債20年,26,4,22,群益金鼎-開元,2024-03-26,9134
8473,山林水,26,4,22,群益金鼎-開元,2024-03-26,9134
2390,云辰,21,0,21,群益金鼎-開元,2024-03-26,9134
2353,宏��,25,4,21,群益金鼎-開元,2024-03-26,9134
2929,淘帝-KY,20,0,20,群益金鼎-開元,2024-03-26,9134
00724B,群益投資級金融債,20,0,20,群益金鼎-開元,2024-03-26,9134
1905,華紙,20,0,20,群益金鼎-開元,2024-03-26,9134
3025,星通,20,1,19,群益金鼎-開元,2024-03-26,9134
5009,榮剛,21,3,18,群益金鼎-開元,2024-03-26,9134
2323,中環,19,1,18,群益金鼎-開元,2024-03-26,9134
2637,慧洋-KY,16,0,16,群益金鼎-開元,2024-03-26,9134
2352,佳世達,20,6,14,群益金鼎-開元,2024-03-26,9134
6274,台燿,25,11,14,群益金鼎-開元,2024-03-26,9134
00632R,元大台灣50反1,17,3,14,群益金鼎-開元,2024-03-26,9134
2022,聚亨,15,1,14,群益金鼎-開元,2024-03-26,9134
1504,東元,31,17,14,群益金鼎-開元,2024-03-26,9134
3576,聯合再生,15,1,14,群益金鼎-開元,2024-03-26,9134
0056,元大高股息,18,5,13,群益金鼎-開元,2024-03-26,9134
2329,華泰,24,11,13,群益金鼎-開元,2024-03-26,9134
2897,王道銀行,14,1,13,群益金鼎-開元,2024-03-26,9134
8936,國統,166,27,139,群益金鼎-開元,2024-03-27,9134
3481,群創,138,10,128,群益金鼎-開元,2024-03-27,9134
00688L,國泰20年美債正2,125,0,125,群益金鼎-開元,2024-03-27,9134
00939,統一台灣高息動能,130,45,85,群益金鼎-開元,2024-03-27,9134
00857B,永豐20年美公債,75,0,75,群益金鼎-開元,2024-03-27,9134
00919,群益台灣精選高息,80,18,62,群益金鼎-開元,2024-03-27,9134
2426,鼎元,61,0,61,群益金鼎-開元,2024-03-27,9134
2515,中工,99,44,55,群益金鼎-開元,2024-03-27,9134
00941,中信上游半導體,100,47,53,群益金鼎-開元,2024-03-27,9134
6116,彩晶,51,1,50,群益金鼎-開元,2024-03-27,9134
2610,華航,51,4,47,群益金鼎-開元,2024-03-27,9134
00937B,群益ESG投等債20,54,13,41,群益金鼎-開元,2024-03-27,9134
2630,亞航,46,7,39,群益金鼎-開元,2024-03-27,9134
5244,弘凱,37,0,37,群益金鼎-開元,2024-03-27,9134
2408,南亞科,37,8,29,群益金鼎-開元,2024-03-27,9134
2489,瑞軒,30,1,29,群益金鼎-開元,2024-03-27,9134
1513,中興電,56,31,25,群益金鼎-開元,2024-03-27,9134
2367,燿華,27,3,24,群益金鼎-開元,2024-03-27,9134
2371,大同,38,16,22,群益金鼎-開元,2024-03-27,9134
1808,潤隆,23,1,22,群益金鼎-開元,2024-03-27,9134
1905,華紙,23,2,21,群益金鼎-開元,2024-03-27,9134
2022,聚亨,20,0,20,群益金鼎-開元,2024-03-27,9134
2303,聯電,23,4,19,群益金鼎-開元,2024-03-27,9134
2301,光寶科,25,6,19,群益金鼎-開元,2024-03-27,9134
2913,農林,19,0,19,群益金鼎-開元,2024-03-27,9134
5009,榮剛,30,13,17,群益金鼎-開元,2024-03-27,9134
8932,智通*,17,0,17,群益金鼎-開元,2024-03-27,9134
2365,昆盈,17,0,17,群益金鼎-開元,2024-03-27,9134
00720B,元大投資級公司債,14,0,14,群益金鼎-開元,2024-03-27,9134
00679B,元大美債20年,13,0,13,群益金鼎-開元,2024-03-27,9134
1314,中石化,16,4,12,群益金鼎-開元,2024-03-27,9134
8390,金益鼎,11,0,11,群益金鼎-開元,2024-03-27,9134
2611,志信,11,0,11,群益金鼎-開元,2024-03-27,9134
2356,英業達,27,16,11,群益金鼎-開元,2024-03-27,9134
8429,金麗-KY,10,0,10,群益金鼎-開元,2024-03-27,9134
6278,台表科,10,0,10,群益金鼎-開元,2024-03-27,9134
00902,中信電池及儲能,10,0,10,群益金鼎-開元,2024-03-27,9134
2838,聯邦銀,10,0,10,群益金鼎-開元,2024-03-27,9134
1326,台化,11,1,10,群益金鼎-開元,2024-03-27,9134
2344,華邦電,11,2,9,群益金鼎-開元,2024-03-27,9134
1316,上曜,14,5,9,群益金鼎-開元,2024-03-27,9134
2465,麗臺,10,1,9,群益金鼎-開元,2024-03-27,9134
2421,建準,15,6,9,群益金鼎-開元,2024-03-27,9134
8112,至上,9,1,8,群益金鼎-開元,2024-03-27,9134
3228,金麗科,9,1,8,群益金鼎-開元,2024-03-27,9134
3059,華晶科,9,1,8,群益金鼎-開元,2024-03-27,9134
4909,新復興,10,2,8,群益金鼎-開元,2024-03-27,9134
6861,睿生光電,9,1,8,群益金鼎-開元,2024-03-27,9134
2206,三陽工業,8,0,8,群益金鼎-開元,2024-03-27,9134
2388,威盛,8,1,7,群益金鼎-開元,2024-03-27,9134
2883,凱基金,251,13,238,群益金鼎-開元,2024-03-28,9134
2611,志信,102,0,102,群益金鼎-開元,2024-03-28,9134
00937B,群益ESG投等債20,353,263,90,群益金鼎-開元,2024-03-28,9134
00919,群益台灣精選高息,121,39,82,群益金鼎-開元,2024-03-28,9134
00939,統一台灣高息動能,82,13,69,群益金鼎-開元,2024-03-28,9134
00857B,永豐20年美公債,67,0,67,群益金鼎-開元,2024-03-28,9134
2426,鼎元,60,1,59,群益金鼎-開元,2024-03-28,9134
2489,瑞軒,55,1,54,群益金鼎-開元,2024-03-28,9134
1316,上曜,58,17,41,群益金鼎-開元,2024-03-28,9134
5508,永信建,35,0,35,群益金鼎-開元,2024-03-28,9134
3706,神達,60,27,33,群益金鼎-開元,2024-03-28,9134
00645,富邦日本,40,9,31,群益金鼎-開元,2024-03-28,9134
1434,福懋,30,0,30,群益金鼎-開元,2024-03-28,9134
2301,光寶科,42,14,28,群益金鼎-開元,2024-03-28,9134
5871,中租-KY,24,0,24,群益金鼎-開元,2024-03-28,9134
1301,台塑,24,0,24,群益金鼎-開元,2024-03-28,9134
2897,王道銀行,25,1,24,群益金鼎-開元,2024-03-28,9134
1608,華榮,45,22,23,群益金鼎-開元,2024-03-28,9134
2618,長榮航,27,4,23,群益金鼎-開元,2024-03-28,9134
2515,中工,32,9,23,群益金鼎-開元,2024-03-28,9134
00720B,元大投資級公司債,20,0,20,群益金鼎-開元,2024-03-28,9134
00929,復華台灣科技優息,31,12,19,群益金鼎-開元,2024-03-28,9134
00941,中信上游半導體,75,60,15,群益金鼎-開元,2024-03-28,9134
00688L,國泰20年美債正2,15,0,15,群益金鼎-開元,2024-03-28,9134
8255,朋程,15,0,15,群益金鼎-開元,2024-03-28,9134
6176,瑞儀,13,0,13,群益金鼎-開元,2024-03-28,9134
6005,群益證,13,0,13,群益金鼎-開元,2024-03-28,9134
8936,國統,23,11,12,群益金鼎-開元,2024-03-28,9134
6770,力積電,29,17,12,群益金鼎-開元,2024-03-28,9134
2739,寒舍,12,0,12,群益金鼎-開元,2024-03-28,9134
00918,大華優利高填息30,11,0,11,群益金鼎-開元,2024-03-28,9134
1789,神隆,12,1,11,群益金鼎-開元,2024-03-28,9134
2889,國票金,12,2,10,群益金鼎-開元,2024-03-28,9134
5309,系統電,25,15,10,群益金鼎-開元,2024-03-28,9134
2743,山富,10,0,10,群益金鼎-開元,2024-03-28,9134
00715L,期街口布蘭特正2,10,0,10,群益金鼎-開元,2024-03-28,9134
00674R,期元大S＆P黃金反1,10,0,10,群益金鼎-開元,2024-03-28,9134
4529,淳紳,10,0,10,群益金鼎-開元,2024-03-28,9134
1504,東元,18,8,10,群益金鼎-開元,2024-03-28,9134
3494,誠研,10,0,10,群益金鼎-開元,2024-03-28,9134
3714,富采,9,0,9,群益金鼎-開元,2024-03-28,9134
1720,生達,9,0,9,群益金鼎-開元,2024-03-28,9134
6189,豐藝,14,5,9,群益金鼎-開元,2024-03-28,9134
2308,台達電,11,3,8,群益金鼎-開元,2024-03-28,9134
4153,鈺緯,8,0,8,群益金鼎-開元,2024-03-28,9134
2637,慧洋-KY,8,0,8,群益金鼎-開元,2024-03-28,9134
1304,台聚,10,2,8,群益金鼎-開元,2024-03-28,9134
2913,農林,12,4,8,群益金鼎-開元,2024-03-28,9134
4960,誠美材,8,0,8,群益金鼎-開元,2024-03-28,9134
2417,圓剛,11,4,7,群益金鼎-開元,2024-03-28,9134
00937B,群益ESG投等債20,345,5,340,群益金鼎-開元,2024-03-29,9134
5512,力麒,102,5,97,群益金鼎-開元,2024-03-29,9134
2611,志信,62,1,61,群益金鼎-開元,2024-03-29,9134
8096,擎亞,58,4,54,群益金鼎-開元,2024-03-29,9134
2324,仁寶,59,7,52,群益金鼎-開元,2024-03-29,9134
00688L,國泰20年美債正2,50,0,50,群益金鼎-開元,2024-03-29,9134
8064,東捷,42,0,42,群益金鼎-開元,2024-03-29,9134
2301,光寶科,59,19,40,群益金鼎-開元,2024-03-29,9134
1723,中碳,40,0,40,群益金鼎-開元,2024-03-29,9134
2303,聯電,52,17,35,群益金鼎-開元,2024-03-29,9134
8112,至上,34,0,34,群益金鼎-開元,2024-03-29,9134
00931B,統一美債20年,30,0,30,群益金鼎-開元,2024-03-29,9134
00919,群益台灣精選高息,71,41,30,群益金鼎-開元,2024-03-29,9134
3563,牧德,33,6,27,群益金鼎-開元,2024-03-29,9134
3234,光環,25,0,25,群益金鼎-開元,2024-03-29,9134
00933B,國泰10Y+金融債,23,0,23,群益金鼎-開元,2024-03-29,9134
5388,中磊,21,0,21,群益金鼎-開元,2024-03-29,9134
1609,大亞,37,17,20,群益金鼎-開元,2024-03-29,9134
8163,達方,20,0,20,群益金鼎-開元,2024-03-29,9134
6282,康舒,20,0,20,群益金鼎-開元,2024-03-29,9134
2515,中工,19,0,19,群益金鼎-開元,2024-03-29,9134
1806,冠軍,23,4,19,群益金鼎-開元,2024-03-29,9134
3025,星通,16,0,16,群益金鼎-開元,2024-03-29,9134
8085,福華,20,6,14,群益金鼎-開元,2024-03-29,9134
2323,中環,12,0,12,群益金鼎-開元,2024-03-29,9134
2014,中鴻,12,0,12,群益金鼎-開元,2024-03-29,9134
5309,系統電,14,2,12,群益金鼎-開元,2024-03-29,9134
1459,聯發,12,0,12,群益金鼎-開元,2024-03-29,9134
2354,鴻準,27,15,12,群益金鼎-開元,2024-03-29,9134
2365,昆盈,11,0,11,群益金鼎-開元,2024-03-29,9134
1785,光洋科,19,8,11,群益金鼎-開元,2024-03-29,9134
2883,凱基金,20,9,11,群益金鼎-開元,2024-03-29,9134
3576,聯合再生,15,4,11,群益金鼎-開元,2024-03-29,9134
3005,神基,15,4,11,群益金鼎-開元,2024-03-29,9134
6176,瑞儀,10,0,10,群益金鼎-開元,2024-03-29,9134
8429,金麗-KY,10,0,10,群益金鼎-開元,2024-03-29,9134
00674R,期元大S＆P黃金反1,10,0,10,群益金鼎-開元,2024-03-29,9134
5521,工信,10,0,10,群益金鼎-開元,2024-03-29,9134
2929,淘帝-KY,10,0,10,群益金鼎-開元,2024-03-29,9134
2484,希華,10,0,10,群益金鼎-開元,2024-03-29,9134
00941,中信上游半導體,19,9,10,群益金鼎-開元,2024-03-29,9134
8054,安國,12,2,10,群益金鼎-開元,2024-03-29,9134
8936,國統,15,5,10,群益金鼎-開元,2024-03-29,9134
3706,神達,18,9,9,群益金鼎-開元,2024-03-29,9134
1314,中石化,10,1,9,群益金鼎-開元,2024-03-29,9134
00637L,元大滬深300正2,9,0,9,群益金鼎-開元,2024-03-29,9134
5222,全訊,10,1,9,群益金鼎-開元,2024-03-29,9134
2616,山隆,8,0,8,群益金鼎-開元,2024-03-29,9134
00885,富邦越南,8,0,8,群益金鼎-開元,2024-03-29,9134
1618,合機,10,2,8,群益金鼎-開元,2024-03-29,9134
00940,元大台灣價值高息,1083,321,762,群益金鼎-開元,2024-04-01,9134
1815,富喬,238,41,197,群益金鼎-開元,2024-04-01,9134
2515,中工,180,7,173,群益金鼎-開元,2024-04-01,9134
00937B,群益ESG投等債20,216,48,168,群益金鼎-開元,2024-04-01,9134
1316,上曜,155,5,150,群益金鼎-開元,2024-04-01,9134
00919,群益台灣精選高息,147,33,114,群益金鼎-開元,2024-04-01,9134
2356,英業達,82,6,76,群益金鼎-開元,2024-04-01,9134
1504,東元,78,7,71,群益金鼎-開元,2024-04-01,9134
1785,光洋科,62,0,62,群益金鼎-開元,2024-04-01,9134
6535,順藥,62,1,61,群益金鼎-開元,2024-04-01,9134
3231,緯創,64,14,50,群益金鼎-開元,2024-04-01,9134
00939,統一台灣高息動能,44,0,44,群益金鼎-開元,2024-04-01,9134
2317,鴻海,63,21,42,群益金鼎-開元,2024-04-01,9134
4563,百德,40,0,40,群益金鼎-開元,2024-04-01,9134
8473,山林水,44,10,34,群益金鼎-開元,2024-04-01,9134
2834,臺企銀,33,0,33,群益金鼎-開元,2024-04-01,9134
8096,擎亞,65,33,32,群益金鼎-開元,2024-04-01,9134
2609,陽明,24,0,24,群益金鼎-開元,2024-04-01,9134
2344,華邦電,22,1,21,群益金鼎-開元,2024-04-01,9134
3014,聯陽,20,0,20,群益金鼎-開元,2024-04-01,9134
2382,廣達,33,14,19,群益金鼎-開元,2024-04-01,9134
2352,佳世達,19,1,18,群益金鼎-開元,2024-04-01,9134
3708,上緯投控,21,3,18,群益金鼎-開元,2024-04-01,9134
1303,南亞,21,3,18,群益金鼎-開元,2024-04-01,9134
2511,太子,20,3,17,群益金鼎-開元,2024-04-01,9134
00929,復華台灣科技優息,17,0,17,群益金鼎-開元,2024-04-01,9134
00941,中信上游半導體,26,10,16,群益金鼎-開元,2024-04-01,9134
8429,金麗-KY,16,0,16,群益金鼎-開元,2024-04-01,9134
00918,大華優利高填息30,18,2,16,群益金鼎-開元,2024-04-01,9134
2308,台達電,19,3,16,群益金鼎-開元,2024-04-01,9134
3036,文曄,17,2,15,群益金鼎-開元,2024-04-01,9134
8936,國統,31,16,15,群益金鼎-開元,2024-04-01,9134
4120,友華,15,0,15,群益金鼎-開元,2024-04-01,9134
8011,台通,14,0,14,群益金鼎-開元,2024-04-01,9134
00915,凱基優選高股息30,17,3,14,群益金鼎-開元,2024-04-01,9134
2603,長榮,20,6,14,群益金鼎-開元,2024-04-01,9134
00885,富邦越南,13,0,13,群益金鼎-開元,2024-04-01,9134
3264,欣銓,13,0,13,群益金鼎-開元,2024-04-01,9134
2313,華通,24,11,13,群益金鼎-開元,2024-04-01,9134
3013,晟銘電,20,7,13,群益金鼎-開元,2024-04-01,9134
2301,光寶科,15,2,13,群益金鼎-開元,2024-04-01,9134
6449,鈺邦,12,0,12,群益金鼎-開元,2024-04-01,9134
5347,世界,12,0,12,群益金鼎-開元,2024-04-01,9134
2066,世德,12,0,12,群益金鼎-開元,2024-04-01,9134
6530,創威,12,0,12,群益金鼎-開元,2024-04-01,9134
2303,聯電,21,9,12,群益金鼎-開元,2024-04-01,9134
2891,中信金,51,39,12,群益金鼎-開元,2024-04-01,9134
00712,復華富時不動產,17,5,12,群益金鼎-開元,2024-04-01,9134
3714,富采,11,0,11,群益金鼎-開元,2024-04-01,9134
2353,宏��,11,0,11,群益金鼎-開元,2024-04-01,9134
2515,中工,790,272,518,群益金鼎-開元,2024-04-02,9134
00937B,群益ESG投等債20,401,1,400,群益金鼎-開元,2024-04-02,9134
00940,元大台灣價值高息,269,74,195,群益金鼎-開元,2024-04-02,9134
2486,一詮,180,27,153,群益金鼎-開元,2024-04-02,9134
1815,富喬,229,86,143,群益金鼎-開元,2024-04-02,9134
00688L,國泰20年美債正2,123,0,123,群益金鼎-開元,2024-04-02,9134
00720B,元大投資級公司債,121,0,121,群益金鼎-開元,2024-04-02,9134
00795B,中信美國公債20年,108,1,107,群益金鼎-開元,2024-04-02,9134
00929,復華台灣科技優息,71,1,70,群益金鼎-開元,2024-04-02,9134
00632R,元大台灣50反1,105,40,65,群益金鼎-開元,2024-04-02,9134
00931B,統一美債20年,51,0,51,群益金鼎-開元,2024-04-02,9134
2834,臺企銀,50,0,50,群益金鼎-開元,2024-04-02,9134
00687B,國泰20年美債,53,6,47,群益金鼎-開元,2024-04-02,9134
2371,大同,56,12,44,群益金鼎-開元,2024-04-02,9134
00933B,國泰10Y+金融債,43,0,43,群益金鼎-開元,2024-04-02,9134
2374,佳能,53,13,40,群益金鼎-開元,2024-04-02,9134
00941,中信上游半導體,36,0,36,群益金鼎-開元,2024-04-02,9134
00645,富邦日本,31,0,31,群益金鼎-開元,2024-04-02,9134
3706,神達,34,3,31,群益金鼎-開元,2024-04-02,9134
2845,遠東銀,30,0,30,群益金鼎-開元,2024-04-02,9134
5871,中租-KY,31,2,29,群益金鼎-開元,2024-04-02,9134
00679B,元大美債20年,30,4,26,群益金鼎-開元,2024-04-02,9134
00751B,元大AAA至A公司債,24,0,24,群益金鼎-開元,2024-04-02,9134
3708,上緯投控,24,2,22,群益金鼎-開元,2024-04-02,9134
00733,富邦臺灣中小,21,0,21,群益金鼎-開元,2024-04-02,9134
2312,金寶,21,0,21,群益金鼎-開元,2024-04-02,9134
2461,光群雷,20,0,20,群益金鼎-開元,2024-04-02,9134
2809,京城銀,20,0,20,群益金鼎-開元,2024-04-02,9134
00724B,群益投資級金融債,20,0,20,群益金鼎-開元,2024-04-02,9134
2511,太子,20,0,20,群益金鼎-開元,2024-04-02,9134
00939,統一台灣高息動能,26,10,16,群益金鼎-開元,2024-04-02,9134
6578,達邦蛋白,16,0,16,群益金鼎-開元,2024-04-02,9134
2603,長榮,21,5,16,群益金鼎-開元,2024-04-02,9134
6139,亞翔,32,17,15,群益金鼎-開元,2024-04-02,9134
6477,安集,15,0,15,群益金鼎-開元,2024-04-02,9134
2883,凱基金,24,9,15,群益金鼎-開元,2024-04-02,9134
4714,永捷,14,0,14,群益金鼎-開元,2024-04-02,9134
2105,正新,13,0,13,群益金鼎-開元,2024-04-02,9134
1609,大亞,18,5,13,群益金鼎-開元,2024-04-02,9134
00725B,國泰投資級公司債,13,0,13,群益金鼎-開元,2024-04-02,9134
1808,潤隆,12,0,12,群益金鼎-開元,2024-04-02,9134
5508,永信建,21,9,12,群益金鼎-開元,2024-04-02,9134
1522,堤維西,19,7,12,群益金鼎-開元,2024-04-02,9134
00927,群益半導體收益,17,6,11,群益金鼎-開元,2024-04-02,9134
00857B,永豐20年美公債,11,0,11,群益金鼎-開元,2024-04-02,9134
00907,永豐優息存股,11,0,11,群益金鼎-開元,2024-04-02,9134
2367,燿華,11,0,11,群益金鼎-開元,2024-04-02,9134
6234,高僑,13,2,11,群益金鼎-開元,2024-04-02,9134
1301,台塑,12,1,11,群益金鼎-開元,2024-04-02,9134
2892,第一金,10,0,10,群益金鼎-開元,2024-04-02,9134
00679B,元大美債20年,433,5,428,群益金鼎-開元,2024-04-03,9134
5864,致和證,431,20,411,群益金鼎-開元,2024-04-03,9134
2409,友達,163,1,162,群益金鼎-開元,2024-04-03,9134
2486,一詮,130,16,114,群益金鼎-開元,2024-04-03,9134
2855,統一證,104,0,104,群益金鼎-開元,2024-04-03,9134
00940,元大台灣價值高息,136,33,103,群益金鼎-開元,2024-04-03,9134
00931B,統一美債20年,98,0,98,群益金鼎-開元,2024-04-03,9134
00939,統一台灣高息動能,87,8,79,群益金鼎-開元,2024-04-03,9134
00857B,永豐20年美公債,75,0,75,群益金鼎-開元,2024-04-03,9134
00929,復華台灣科技優息,75,0,75,群益金鼎-開元,2024-04-03,9134
00720B,元大投資級公司債,60,0,60,群益金鼎-開元,2024-04-03,9134
00688L,國泰20年美債正2,58,0,58,群益金鼎-開元,2024-04-03,9134
2426,鼎元,50,0,50,群益金鼎-開元,2024-04-03,9134
2892,第一金,48,0,48,群益金鼎-開元,2024-04-03,9134
00680L,元大美債20正2,45,0,45,群益金鼎-開元,2024-04-03,9134
6535,順藥,79,37,42,群益金鼎-開元,2024-04-03,9134
00919,群益台灣精選高息,42,5,37,群益金鼎-開元,2024-04-03,9134
2014,中鴻,33,2,31,群益金鼎-開元,2024-04-03,9134
2845,遠東銀,30,0,30,群益金鼎-開元,2024-04-03,9134
2317,鴻海,56,28,28,群益金鼎-開元,2024-04-03,9134
5508,永信建,137,110,27,群益金鼎-開元,2024-04-03,9134
00687B,國泰20年美債,26,0,26,群益金鼎-開元,2024-04-03,9134
2031,新光鋼,27,3,24,群益金鼎-開元,2024-04-03,9134
1723,中碳,22,0,22,群益金鼎-開元,2024-04-03,9134
00927,群益半導體收益,25,3,22,群益金鼎-開元,2024-04-03,9134
00733,富邦臺灣中小,22,0,22,群益金鼎-開元,2024-04-03,9134
2348,海悅,28,6,22,群益金鼎-開元,2024-04-03,9134
2324,仁寶,21,0,21,群益金鼎-開元,2024-04-03,9134
2886,兆豐金,24,3,21,群益金鼎-開元,2024-04-03,9134
3380,明泰,20,0,20,群益金鼎-開元,2024-04-03,9134
8429,金麗-KY,20,0,20,群益金鼎-開元,2024-04-03,9134
00665L,富邦�琤肭磪囓�2,20,0,20,群益金鼎-開元,2024-04-03,9134
6477,安集,20,0,20,群益金鼎-開元,2024-04-03,9134
1446,宏和,19,0,19,群益金鼎-開元,2024-04-03,9134
1808,潤隆,18,0,18,群益金鼎-開元,2024-04-03,9134
00885,富邦越南,18,0,18,群益金鼎-開元,2024-04-03,9134
8936,國統,40,22,18,群益金鼎-開元,2024-04-03,9134
2515,中工,59,41,18,群益金鼎-開元,2024-04-03,9134
2880,華南金,18,0,18,群益金鼎-開元,2024-04-03,9134
8227,巨有科技,21,4,17,群益金鼎-開元,2024-04-03,9134
2888,新光金,18,1,17,群益金鼎-開元,2024-04-03,9134
2356,英業達,61,44,17,群益金鼎-開元,2024-04-03,9134
2611,志信,17,1,16,群益金鼎-開元,2024-04-03,9134
00900,富邦特選高股息30,17,1,16,群益金鼎-開元,2024-04-03,9134
6288,聯嘉,24,8,16,群益金鼎-開元,2024-04-03,9134
1785,光洋科,15,0,15,群益金鼎-開元,2024-04-03,9134
8092,建暐,15,1,14,群益金鼎-開元,2024-04-03,9134
4958,臻鼎-KY,16,3,13,群益金鼎-開元,2024-04-03,9134
2371,大同,14,1,13,群益金鼎-開元,2024-04-03,9134
4909,新復興,31,18,13,群益金鼎-開元,2024-04-03,9134
00937B,群益ESG投等債20,329,52,277,群益金鼎-開元,2024-04-08,9134
2515,中工,322,75,247,群益金鼎-開元,2024-04-08,9134
00940,元大台灣價值高息,242,28,214,群益金鼎-開元,2024-04-08,9134
5864,致和證,214,36,178,群益金鼎-開元,2024-04-08,9134
00929,復華台灣科技優息,111,6,105,群益金鼎-開元,2024-04-08,9134
00632R,元大台灣50反1,121,20,101,群益金鼎-開元,2024-04-08,9134
00931B,統一美債20年,75,1,74,群益金鼎-開元,2024-04-08,9134
3576,聯合再生,72,16,56,群益金鼎-開元,2024-04-08,9134
3025,星通,66,12,54,群益金鼎-開元,2024-04-08,9134
6234,高僑,50,1,49,群益金鼎-開元,2024-04-08,9134
00720B,元大投資級公司債,49,0,49,群益金鼎-開元,2024-04-08,9134
2511,太子,50,3,47,群益金鼎-開元,2024-04-08,9134
00688L,國泰20年美債正2,44,0,44,群益金鼎-開元,2024-04-08,9134
6139,亞翔,46,4,42,群益金鼎-開元,2024-04-08,9134
00680L,元大美債20正2,41,0,41,群益金鼎-開元,2024-04-08,9134
00919,群益台灣精選高息,39,4,35,群益金鼎-開元,2024-04-08,9134
00687B,國泰20年美債,38,3,35,群益金鼎-開元,2024-04-08,9134
2618,長榮航,36,2,34,群益金鼎-開元,2024-04-08,9134
2883,凱基金,34,4,30,群益金鼎-開元,2024-04-08,9134
6125,廣運,35,6,29,群益金鼎-開元,2024-04-08,9134
2489,瑞軒,28,0,28,群益金鼎-開元,2024-04-08,9134
2382,廣達,31,4,27,群益金鼎-開元,2024-04-08,9134
00927,群益半導體收益,25,0,25,群益金鼎-開元,2024-04-08,9134
00679B,元大美債20年,68,44,24,群益金鼎-開元,2024-04-08,9134
1815,富喬,23,0,23,群益金鼎-開元,2024-04-08,9134
8085,福華,22,0,22,群益金鼎-開元,2024-04-08,9134
3605,宏致,22,0,22,群益金鼎-開元,2024-04-08,9134
2889,國票金,21,0,21,群益金鼎-開元,2024-04-08,9134
2316,楠梓電,23,2,21,群益金鼎-開元,2024-04-08,9134
2312,金寶,21,0,21,群益金鼎-開元,2024-04-08,9134
5328,華容,20,0,20,群益金鼎-開元,2024-04-08,9134
1459,聯發,20,0,20,群益金鼎-開元,2024-04-08,9134
1301,台塑,24,7,17,群益金鼎-開元,2024-04-08,9134
00637L,元大滬深300正2,17,0,17,群益金鼎-開元,2024-04-08,9134
6282,康舒,19,2,17,群益金鼎-開元,2024-04-08,9134
6186,新潤,16,0,16,群益金鼎-開元,2024-04-08,9134
2371,大同,25,9,16,群益金鼎-開元,2024-04-08,9134
4714,永捷,34,18,16,群益金鼎-開元,2024-04-08,9134
2354,鴻準,17,1,16,群益金鼎-開元,2024-04-08,9134
00665L,富邦�琤肭磪囓�2,16,0,16,群益金鼎-開元,2024-04-08,9134
4510,高鋒,16,1,15,群益金鼎-開元,2024-04-08,9134
6163,華電網,16,1,15,群益金鼎-開元,2024-04-08,9134
3583,辛耘,25,10,15,群益金鼎-開元,2024-04-08,9134
3231,緯創,63,49,14,群益金鼎-開元,2024-04-08,9134
6535,順藥,14,0,14,群益金鼎-開元,2024-04-08,9134
00941,中信上游半導體,14,0,14,群益金鼎-開元,2024-04-08,9134
00751B,元大AAA至A公司債,13,0,13,群益金鼎-開元,2024-04-08,9134
2451,創見,15,2,13,群益金鼎-開元,2024-04-08,9134
1808,潤隆,10,0,10,群益金鼎-開元,2024-04-08,9134
00725B,國泰投資級公司債,10,0,10,群益金鼎-開元,2024-04-08,9134
00679B,元大美債20年,266,37,229,群益金鼎-開元,2024-04-09,9134
00940,元大台灣價值高息,137,29,108,群益金鼎-開元,2024-04-09,9134
2208,台船,105,0,105,群益金鼎-開元,2024-04-09,9134
5508,永信建,82,0,82,群益金鼎-開元,2024-04-09,9134
2313,華通,79,3,76,群益金鼎-開元,2024-04-09,9134
00927,群益半導體收益,81,9,72,群益金鼎-開元,2024-04-09,9134
00937B,群益ESG投等債20,122,63,59,群益金鼎-開元,2024-04-09,9134
8936,國統,103,52,51,群益金鼎-開元,2024-04-09,9134
00929,復華台灣科技優息,40,0,40,群益金鼎-開元,2024-04-09,9134
00632R,元大台灣50反1,39,0,39,群益金鼎-開元,2024-04-09,9134
6125,廣運,41,2,39,群益金鼎-開元,2024-04-09,9134
6189,豐藝,38,8,30,群益金鼎-開元,2024-04-09,9134
6603,富強鑫,30,0,30,群益金鼎-開元,2024-04-09,9134
3231,緯創,54,25,29,群益金鼎-開元,2024-04-09,9134
2515,中工,136,112,24,群益金鼎-開元,2024-04-09,9134
00720B,元大投資級公司債,23,0,23,群益金鼎-開元,2024-04-09,9134
00688L,國泰20年美債正2,23,0,23,群益金鼎-開元,2024-04-09,9134
2371,大同,33,12,21,群益金鼎-開元,2024-04-09,9134
00941,中信上游半導體,21,0,21,群益金鼎-開元,2024-04-09,9134
8163,達方,20,0,20,群益金鼎-開元,2024-04-09,9134
3707,漢磊,23,4,19,群益金鼎-開元,2024-04-09,9134
2486,一詮,46,27,19,群益金鼎-開元,2024-04-09,9134
2382,廣達,22,4,18,群益金鼎-開元,2024-04-09,9134
2511,太子,20,3,17,群益金鼎-開元,2024-04-09,9134
4303,信立,20,3,17,群益金鼎-開元,2024-04-09,9134
00733,富邦臺灣中小,19,3,16,群益金鼎-開元,2024-04-09,9134
2476,鉅祥,17,1,16,群益金鼎-開元,2024-04-09,9134
00687B,國泰20年美債,20,4,16,群益金鼎-開元,2024-04-09,9134
1808,潤隆,15,0,15,群益金鼎-開元,2024-04-09,9134
3551,世禾,15,0,15,群益金鼎-開元,2024-04-09,9134
1459,聯發,15,0,15,群益金鼎-開元,2024-04-09,9134
6596,寬宏藝術,15,0,15,群益金鼎-開元,2024-04-09,9134
5371,中光電,14,0,14,群益金鼎-開元,2024-04-09,9134
6531,愛普*,14,2,12,群益金鼎-開元,2024-04-09,9134
2344,華邦電,12,0,12,群益金鼎-開元,2024-04-09,9134
00712,復華富時不動產,11,0,11,群益金鼎-開元,2024-04-09,9134
00830,國泰費城半導體,11,0,11,群益金鼎-開元,2024-04-09,9134
6188,廣明,24,13,11,群益金鼎-開元,2024-04-09,9134
2317,鴻海,25,14,11,群益金鼎-開元,2024-04-09,9134
2548,華固,10,0,10,群益金鼎-開元,2024-04-09,9134
2880,華南金,10,0,10,群益金鼎-開元,2024-04-09,9134
2601,益航,13,3,10,群益金鼎-開元,2024-04-09,9134
9105,泰金寶-DR,10,0,10,群益金鼎-開元,2024-04-09,9134
1722,台肥,10,0,10,群益金鼎-開元,2024-04-09,9134
1108,幸福,10,0,10,群益金鼎-開元,2024-04-09,9134
4529,淳紳,10,0,10,群益金鼎-開元,2024-04-09,9134
6715,嘉基,10,0,10,群益金鼎-開元,2024-04-09,9134
8050,廣積,10,0,10,群益金鼎-開元,2024-04-09,9134
2329,華泰,18,9,9,群益金鼎-開元,2024-04-09,9134
1733,五鼎,9,0,9,群益金鼎-開元,2024-04-09,9134
00937B,群益ESG投等債20,860,31,829,群益金鼎-開元,2024-04-10,9134
2515,中工,182,18,164,群益金鼎-開元,2024-04-10,9134
00679B,元大美債20年,148,30,118,群益金鼎-開元,2024-04-10,9134
6016,康和證,95,3,92,群益金鼎-開元,2024-04-10,9134
2066,世德,94,3,91,群益金鼎-開元,2024-04-10,9134
00931B,統一美債20年,120,30,90,群益金鼎-開元,2024-04-10,9134
00929,復華台灣科技優息,106,24,82,群益金鼎-開元,2024-04-10,9134
00940,元大台灣價值高息,103,24,79,群益金鼎-開元,2024-04-10,9134
2025,千興,72,0,72,群益金鼎-開元,2024-04-10,9134
8936,國統,67,0,67,群益金鼎-開元,2024-04-10,9134
00941,中信上游半導體,68,5,63,群益金鼎-開元,2024-04-10,9134
2464,盟立,70,11,59,群益金鼎-開元,2024-04-10,9134
2009,第一銅,84,28,56,群益金鼎-開元,2024-04-10,9134
2314,台揚,53,2,51,群益金鼎-開元,2024-04-10,9134
2317,鴻海,60,11,49,群益金鼎-開元,2024-04-10,9134
2887,台新金,50,2,48,群益金鼎-開元,2024-04-10,9134
8433,弘帆,44,0,44,群益金鼎-開元,2024-04-10,9134
2208,台船,49,6,43,群益金鼎-開元,2024-04-10,9134
00753L,中信中國50正2,38,0,38,群益金鼎-開元,2024-04-10,9134
6282,康舒,42,5,37,群益金鼎-開元,2024-04-10,9134
00939,統一台灣高息動能,47,10,37,群益金鼎-開元,2024-04-10,9134
2888,新光金,60,24,36,群益金鼎-開元,2024-04-10,9134
2883,凱基金,45,10,35,群益金鼎-開元,2024-04-10,9134
2363,矽統,129,96,33,群益金鼎-開元,2024-04-10,9134
3338,泰碩,31,0,31,群益金鼎-開元,2024-04-10,9134
3576,聯合再生,72,44,28,群益金鼎-開元,2024-04-10,9134
2511,太子,41,14,27,群益金鼎-開元,2024-04-10,9134
6535,順藥,29,6,23,群益金鼎-開元,2024-04-10,9134
1513,中興電,38,15,23,群益金鼎-開元,2024-04-10,9134
1104,環泥,22,0,22,群益金鼎-開元,2024-04-10,9134
3059,華晶科,31,9,22,群益金鼎-開元,2024-04-10,9134
2301,光寶科,24,3,21,群益金鼎-開元,2024-04-10,9134
2514,龍邦,20,0,20,群益金鼎-開元,2024-04-10,9134
6220,岳豐,20,0,20,群益金鼎-開元,2024-04-10,9134
00720B,元大投資級公司債,20,0,20,群益金鼎-開元,2024-04-10,9134
9105,泰金寶-DR,20,0,20,群益金鼎-開元,2024-04-10,9134
5521,工信,17,0,17,群益金鼎-開元,2024-04-10,9134
2376,技嘉,22,6,16,群益金鼎-開元,2024-04-10,9134
2855,統一證,16,1,15,群益金鼎-開元,2024-04-10,9134
6603,富強鑫,15,0,15,群益金鼎-開元,2024-04-10,9134
2838,聯邦銀,14,0,14,群益金鼎-開元,2024-04-10,9134
2409,友達,22,9,13,群益金鼎-開元,2024-04-10,9134
2882,國泰金,18,5,13,群益金鼎-開元,2024-04-10,9134
6244,茂迪,17,4,13,群益金鼎-開元,2024-04-10,9134
1514,亞力,40,27,13,群益金鼎-開元,2024-04-10,9134
2634,漢翔,49,36,13,群益金鼎-開元,2024-04-10,9134
3551,世禾,12,0,12,群益金鼎-開元,2024-04-10,9134
1605,華新,24,12,12,群益金鼎-開元,2024-04-10,9134
2014,中鴻,23,11,12,群益金鼎-開元,2024-04-10,9134
2891,中信金,12,1,11,群益金鼎-開元,2024-04-10,9134
3481,群創,243,2,241,群益金鼎-開元,2024-04-11,9134
00937B,群益ESG投等債20,218,2,216,群益金鼎-開元,2024-04-11,9134
00679B,元大美債20年,120,0,120,群益金鼎-開元,2024-04-11,9134
00720B,元大投資級公司債,118,0,118,群益金鼎-開元,2024-04-11,9134
8433,弘帆,94,0,94,群益金鼎-開元,2024-04-11,9134
00712,復華富時不動產,103,15,88,群益金鼎-開元,2024-04-11,9134
00929,復華台灣科技優息,69,1,68,群益金鼎-開元,2024-04-11,9134
2317,鴻海,88,24,64,群益金鼎-開元,2024-04-11,9134
2884,玉山金,63,5,58,群益金鼎-開元,2024-04-11,9134
3231,緯創,72,18,54,群益金鼎-開元,2024-04-11,9134
00931B,統一美債20年,60,7,53,群益金鼎-開元,2024-04-11,9134
2409,友達,49,2,47,群益金鼎-開元,2024-04-11,9134
2515,中工,87,40,47,群益金鼎-開元,2024-04-11,9134
00687B,國泰20年美債,52,9,43,群益金鼎-開元,2024-04-11,9134
2537,聯上發,44,1,43,群益金鼎-開元,2024-04-11,9134
00933B,國泰10Y+金融債,43,2,41,群益金鼎-開元,2024-04-11,9134
5381,合正,41,0,41,群益金鼎-開元,2024-04-11,9134
2408,南亞科,49,9,40,群益金鼎-開元,2024-04-11,9134
1446,宏和,40,0,40,群益金鼎-開元,2024-04-11,9134
6770,力積電,40,2,38,群益金鼎-開元,2024-04-11,9134
2501,國建,39,3,36,群益金鼎-開元,2024-04-11,9134
00688L,國泰20年美債正2,36,0,36,群益金鼎-開元,2024-04-11,9134
00751B,元大AAA至A公司債,34,0,34,群益金鼎-開元,2024-04-11,9134
8473,山林水,43,11,32,群益金鼎-開元,2024-04-11,9134
2066,世德,55,24,31,群益金鼎-開元,2024-04-11,9134
3686,達能,30,0,30,群益金鼎-開元,2024-04-11,9134
6596,寬宏藝術,30,0,30,群益金鼎-開元,2024-04-11,9134
1605,華新,34,6,28,群益金鼎-開元,2024-04-11,9134
2031,新光鋼,27,0,27,群益金鼎-開元,2024-04-11,9134
2634,漢翔,32,6,26,群益金鼎-開元,2024-04-11,9134
1503,士電,46,20,26,群益金鼎-開元,2024-04-11,9134
8163,達方,25,0,25,群益金鼎-開元,2024-04-11,9134
2883,凱基金,27,2,25,群益金鼎-開元,2024-04-11,9134
2356,英業達,34,10,24,群益金鼎-開元,2024-04-11,9134
6215,和椿,37,13,24,群益金鼎-開元,2024-04-11,9134
2312,金寶,23,0,23,群益金鼎-開元,2024-04-11,9134
8110,華東,22,0,22,群益金鼎-開元,2024-04-11,9134
00680L,元大美債20正2,22,0,22,群益金鼎-開元,2024-04-11,9134
5508,永信建,32,10,22,群益金鼎-開元,2024-04-11,9134
5328,華容,21,0,21,群益金鼎-開元,2024-04-11,9134
0056,元大高股息,20,0,20,群益金鼎-開元,2024-04-11,9134
1313,聯成,22,2,20,群益金鼎-開元,2024-04-11,9134
2439,美律,20,0,20,群益金鼎-開元,2024-04-11,9134
00878,國泰永續高股息,21,1,20,群益金鼎-開元,2024-04-11,9134
9945,潤泰新,19,0,19,群益金鼎-開元,2024-04-11,9134
2302,麗正,18,0,18,群益金鼎-開元,2024-04-11,9134
3013,晟銘電,45,28,17,群益金鼎-開元,2024-04-11,9134
00753L,中信中國50正2,17,0,17,群益金鼎-開元,2024-04-11,9134
2023,燁輝,19,2,17,群益金鼎-開元,2024-04-11,9134
4714,永捷,24,7,17,群益金鼎-開元,2024-04-11,9134
00937B,群益ESG投等債20,272,0,272,群益金鼎-開元,2024-04-12,9134
00940,元大台灣價值高息,258,32,226,群益金鼎-開元,2024-04-12,9134
1605,華新,168,13,155,群益金鼎-開元,2024-04-12,9134
00688L,國泰20年美債正2,154,0,154,群益金鼎-開元,2024-04-12,9134
8150,南茂,100,0,100,群益金鼎-開元,2024-04-12,9134
2882,國泰金,101,5,96,群益金鼎-開元,2024-04-12,9134
2353,宏��,155,63,92,群益金鼎-開元,2024-04-12,9134
2892,第一金,76,0,76,群益金鼎-開元,2024-04-12,9134
5009,榮剛,84,11,73,群益金鼎-開元,2024-04-12,9134
1336,台翰,70,0,70,群益金鼎-開元,2024-04-12,9134
00929,復華台灣科技優息,60,0,60,群益金鼎-開元,2024-04-12,9134
2464,盟立,66,7,59,群益金鼎-開元,2024-04-12,9134
3016,嘉晶,60,1,59,群益金鼎-開元,2024-04-12,9134
1314,中石化,56,0,56,群益金鼎-開元,2024-04-12,9134
2317,鴻海,87,37,50,群益金鼎-開元,2024-04-12,9134
2618,長榮航,55,5,50,群益金鼎-開元,2024-04-12,9134
00927,群益半導體收益,56,7,49,群益金鼎-開元,2024-04-12,9134
5508,永信建,58,10,48,群益金鼎-開元,2024-04-12,9134
00720B,元大投資級公司債,45,0,45,群益金鼎-開元,2024-04-12,9134
1815,富喬,61,17,44,群益金鼎-開元,2024-04-12,9134
00679B,元大美債20年,42,0,42,群益金鼎-開元,2024-04-12,9134
00687B,國泰20年美債,45,4,41,群益金鼎-開元,2024-04-12,9134
1301,台塑,35,1,34,群益金鼎-開元,2024-04-12,9134
4973,廣穎,43,9,34,群益金鼎-開元,2024-04-12,9134
2303,聯電,49,19,30,群益金鼎-開元,2024-04-12,9134
2356,英業達,32,8,24,群益金鼎-開元,2024-04-12,9134
2509,全坤建,23,0,23,群益金鼎-開元,2024-04-12,9134
1522,堤維西,23,0,23,群益金鼎-開元,2024-04-12,9134
6142,友勁,22,0,22,群益金鼎-開元,2024-04-12,9134
5222,全訊,25,3,22,群益金鼎-開元,2024-04-12,9134
1785,光洋科,39,18,21,群益金鼎-開元,2024-04-12,9134
6841,長佳智能,20,0,20,群益金鼎-開元,2024-04-12,9134
6220,岳豐,20,0,20,群益金鼎-開元,2024-04-12,9134
2030,彰源,20,0,20,群益金鼎-開元,2024-04-12,9134
2409,友達,20,0,20,群益金鼎-開元,2024-04-12,9134
6770,力積電,22,2,20,群益金鼎-開元,2024-04-12,9134
00878,國泰永續高股息,22,3,19,群益金鼎-開元,2024-04-12,9134
00919,群益台灣精選高息,27,8,19,群益金鼎-開元,2024-04-12,9134
2880,華南金,18,1,17,群益金鼎-開元,2024-04-12,9134
2834,臺企銀,21,5,16,群益金鼎-開元,2024-04-12,9134
2493,揚博,15,0,15,群益金鼎-開元,2024-04-12,9134
00923,群益台ESG低碳50,15,0,15,群益金鼎-開元,2024-04-12,9134
00637L,元大滬深300正2,14,0,14,群益金鼎-開元,2024-04-12,9134
00931B,統一美債20年,59,45,14,群益金鼎-開元,2024-04-12,9134
2363,矽統,201,188,13,群益金鼎-開元,2024-04-12,9134
1616,億泰,14,1,13,群益金鼎-開元,2024-04-12,9134
00941,中信上游半導體,13,0,13,群益金鼎-開元,2024-04-12,9134
1101,台泥,12,0,12,群益金鼎-開元,2024-04-12,9134
1316,上曜,13,1,12,群益金鼎-開元,2024-04-12,9134
5521,工信,14,2,12,群益金鼎-開元,2024-04-12,9134
00940,元大台灣價值高息,207,12,195,群益金鼎-開元,2024-04-15,9134
00688L,國泰20年美債正2,145,0,145,群益金鼎-開元,2024-04-15,9134
00929,復華台灣科技優息,176,33,143,群益金鼎-開元,2024-04-15,9134
2009,第一銅,105,21,84,群益金鼎-開元,2024-04-15,9134
00933B,國泰10Y+金融債,69,0,69,群益金鼎-開元,2024-04-15,9134
8936,國統,75,6,69,群益金鼎-開元,2024-04-15,9134
8150,南茂,63,1,62,群益金鼎-開元,2024-04-15,9134
2363,矽統,76,22,54,群益金鼎-開元,2024-04-15,9134
3481,群創,63,11,52,群益金鼎-開元,2024-04-15,9134
1314,中石化,66,16,50,群益金鼎-開元,2024-04-15,9134
2348,海悅,62,16,46,群益金鼎-開元,2024-04-15,9134
1608,華榮,67,26,41,群益金鼎-開元,2024-04-15,9134
00919,群益台灣精選高息,52,12,40,群益金鼎-開元,2024-04-15,9134
2371,大同,112,73,39,群益金鼎-開元,2024-04-15,9134
2809,京城銀,38,0,38,群益金鼎-開元,2024-04-15,9134
2356,英業達,50,15,35,群益金鼎-開元,2024-04-15,9134
00941,中信上游半導體,32,0,32,群益金鼎-開元,2024-04-15,9134
6015,宏遠證,30,0,30,群益金鼎-開元,2024-04-15,9134
00720B,元大投資級公司債,29,0,29,群益金鼎-開元,2024-04-15,9134
00927,群益半導體收益,40,12,28,群益金鼎-開元,2024-04-15,9134
2303,聯電,29,1,28,群益金鼎-開元,2024-04-15,9134
2888,新光金,27,0,27,群益金鼎-開元,2024-04-15,9134
9955,佳龍,30,4,26,群益金鼎-開元,2024-04-15,9134
00878,國泰永續高股息,35,10,25,群益金鼎-開元,2024-04-15,9134
0056,元大高股息,27,2,25,群益金鼎-開元,2024-04-15,9134
6531,愛普*,25,0,25,群益金鼎-開元,2024-04-15,9134
3231,緯創,35,12,23,群益金鼎-開元,2024-04-15,9134
2501,國建,34,12,22,群益金鼎-開元,2024-04-15,9134
2537,聯上發,21,0,21,群益金鼎-開元,2024-04-15,9134
2344,華邦電,22,1,21,群益金鼎-開元,2024-04-15,9134
1504,東元,27,7,20,群益金鼎-開元,2024-04-15,9134
2745,五福,18,0,18,群益金鼎-開元,2024-04-15,9134
2606,裕民,56,38,18,群益金鼎-開元,2024-04-15,9134
2354,鴻準,19,2,17,群益金鼎-開元,2024-04-15,9134
3540,曜越,17,0,17,群益金鼎-開元,2024-04-15,9134
3576,聯合再生,22,5,17,群益金鼎-開元,2024-04-15,9134
2515,中工,27,12,15,群益金鼎-開元,2024-04-15,9134
1524,耿鼎,15,0,15,群益金鼎-開元,2024-04-15,9134
00753L,中信中國50正2,15,0,15,群益金鼎-開元,2024-04-15,9134
1513,中興電,58,43,15,群益金鼎-開元,2024-04-15,9134
2883,凱基金,41,27,14,群益金鼎-開元,2024-04-15,9134
8433,弘帆,15,1,14,群益金鼎-開元,2024-04-15,9134
6139,亞翔,14,0,14,群益金鼎-開元,2024-04-15,9134
6770,力積電,19,6,13,群益金鼎-開元,2024-04-15,9134
4533,協易機,16,3,13,群益金鼎-開元,2024-04-15,9134
00918,大華優利高填息30,13,0,13,群益金鼎-開元,2024-04-15,9134
2330,台積電,14,2,12,群益金鼎-開元,2024-04-15,9134
5864,致和證,21,9,12,群益金鼎-開元,2024-04-15,9134
2486,一詮,18,6,12,群益金鼎-開元,2024-04-15,9134
1506,正道,12,0,12,群益金鼎-開元,2024-04-15,9134
00937B,群益ESG投等債20,613,64,549,群益金鼎-開元,2024-04-16,9134
00940,元大台灣價值高息,504,121,383,群益金鼎-開元,2024-04-16,9134
5864,致和證,176,4,172,群益金鼎-開元,2024-04-16,9134
3481,群創,155,4,151,群益金鼎-開元,2024-04-16,9134
8433,弘帆,144,0,144,群益金鼎-開元,2024-04-16,9134
00919,群益台灣精選高息,161,50,111,群益金鼎-開元,2024-04-16,9134
00939,統一台灣高息動能,192,97,95,群益金鼎-開元,2024-04-16,9134
00878,國泰永續高股息,97,8,89,群益金鼎-開元,2024-04-16,9134
2399,映泰,90,1,89,群益金鼎-開元,2024-04-16,9134
5222,全訊,83,8,75,群益金鼎-開元,2024-04-16,9134
00688L,國泰20年美債正2,75,6,69,群益金鼎-開元,2024-04-16,9134
2630,亞航,116,51,65,群益金鼎-開元,2024-04-16,9134
6016,康和證,70,6,64,群益金鼎-開元,2024-04-16,9134
2603,長榮,64,1,63,群益金鼎-開元,2024-04-16,9134
2208,台船,62,0,62,群益金鼎-開元,2024-04-16,9134
6015,宏遠證,58,0,58,群益金鼎-開元,2024-04-16,9134
00927,群益半導體收益,57,1,56,群益金鼎-開元,2024-04-16,9134
00929,復華台灣科技優息,130,74,56,群益金鼎-開元,2024-04-16,9134
2344,華邦電,57,5,52,群益金鼎-開元,2024-04-16,9134
2426,鼎元,50,0,50,群益金鼎-開元,2024-04-16,9134
3312,弘憶股,59,11,48,群益金鼎-開元,2024-04-16,9134
2834,臺企銀,50,3,47,群益金鼎-開元,2024-04-16,9134
2618,長榮航,65,19,46,群益金鼎-開元,2024-04-16,9134
2867,三商壽,75,30,45,群益金鼎-開元,2024-04-16,9134
2303,聯電,49,5,44,群益金鼎-開元,2024-04-16,9134
00918,大華優利高填息30,45,2,43,群益金鼎-開元,2024-04-16,9134
2367,燿華,44,2,42,群益金鼎-開元,2024-04-16,9134
00687B,國泰20年美債,51,10,41,群益金鼎-開元,2024-04-16,9134
2353,宏��,73,37,36,群益金鼎-開元,2024-04-16,9134
00936,台新永續高息中小,35,0,35,群益金鼎-開元,2024-04-16,9134
2409,友達,35,1,34,群益金鼎-開元,2024-04-16,9134
3037,欣興,36,3,33,群益金鼎-開元,2024-04-16,9134
00720B,元大投資級公司債,33,0,33,群益金鼎-開元,2024-04-16,9134
3217,優群,33,2,31,群益金鼎-開元,2024-04-16,9134
1605,華新,54,23,31,群益金鼎-開元,2024-04-16,9134
1101,台泥,48,18,30,群益金鼎-開元,2024-04-16,9134
2206,三陽工業,30,0,30,群益金鼎-開元,2024-04-16,9134
8069,元太,30,0,30,群益金鼎-開元,2024-04-16,9134
1446,宏和,29,0,29,群益金鼎-開元,2024-04-16,9134
8936,國統,32,3,29,群益金鼎-開元,2024-04-16,9134
2401,凌陽,31,2,29,群益金鼎-開元,2024-04-16,9134
006208,富邦台50,30,1,29,群益金鼎-開元,2024-04-16,9134
00881,國泰台灣5G+,28,0,28,群益金鼎-開元,2024-04-16,9134
2323,中環,28,1,27,群益金鼎-開元,2024-04-16,9134
1314,中石化,27,0,27,群益金鼎-開元,2024-04-16,9134
3707,漢磊,28,2,26,群益金鼎-開元,2024-04-16,9134
1618,合機,53,28,25,群益金鼎-開元,2024-04-16,9134
3231,緯創,43,18,25,群益金鼎-開元,2024-04-16,9134
8926,台汽電,24,0,24,群益金鼎-開元,2024-04-16,9134
5381,合正,24,0,24,群益金鼎-開元,2024-04-16,9134
00937B,群益ESG投等債20,533,2,531,群益金鼎-開元,2024-04-17,9134
2888,新光金,402,11,391,群益金鼎-開元,2024-04-17,9134
2344,華邦電,259,0,259,群益金鼎-開元,2024-04-17,9134
00933B,國泰10Y+金融債,154,0,154,群益金鼎-開元,2024-04-17,9134
00720B,元大投資級公司債,135,0,135,群益金鼎-開元,2024-04-17,9134
5871,中租-KY,100,0,100,群益金鼎-開元,2024-04-17,9134
00632R,元大台灣50反1,106,11,95,群益金鼎-開元,2024-04-17,9134
00940,元大台灣價值高息,116,34,82,群益金鼎-開元,2024-04-17,9134
00712,復華富時不動產,68,0,68,群益金鼎-開元,2024-04-17,9134
6116,彩晶,67,0,67,群益金鼎-開元,2024-04-17,9134
3481,群創,63,0,63,群益金鼎-開元,2024-04-17,9134
00905,FT臺灣Smart,67,7,60,群益金鼎-開元,2024-04-17,9134
00679B,元大美債20年,56,5,51,群益金鼎-開元,2024-04-17,9134
5508,永信建,81,31,50,群益金鼎-開元,2024-04-17,9134
2618,長榮航,63,13,50,群益金鼎-開元,2024-04-17,9134
2634,漢翔,50,5,45,群益金鼎-開元,2024-04-17,9134
00687B,國泰20年美債,40,0,40,群益金鼎-開元,2024-04-17,9134
2066,世德,86,47,39,群益金鼎-開元,2024-04-17,9134
1514,亞力,40,2,38,群益金鼎-開元,2024-04-17,9134
1210,大成,35,1,34,群益金鼎-開元,2024-04-17,9134
00751B,元大AAA至A公司債,28,0,28,群益金鼎-開元,2024-04-17,9134
8033,雷虎,35,7,28,群益金鼎-開元,2024-04-17,9134
2883,凱基金,30,4,26,群益金鼎-開元,2024-04-17,9134
2408,南亞科,29,3,26,群益金鼎-開元,2024-04-17,9134
2002,中鋼,25,0,25,群益金鼎-開元,2024-04-17,9134
1326,台化,25,0,25,群益金鼎-開元,2024-04-17,9134
4960,誠美材,25,0,25,群益金鼎-開元,2024-04-17,9134
00919,群益台灣精選高息,28,4,24,群益金鼎-開元,2024-04-17,9134
0056,元大高股息,26,4,22,群益金鼎-開元,2024-04-17,9134
3576,聯合再生,26,5,21,群益金鼎-開元,2024-04-17,9134
00931B,統一美債20年,21,0,21,群益金鼎-開元,2024-04-17,9134
9105,泰金寶-DR,20,0,20,群益金鼎-開元,2024-04-17,9134
1402,遠東新,20,0,20,群益金鼎-開元,2024-04-17,9134
2514,龍邦,20,0,20,群益金鼎-開元,2024-04-17,9134
3231,緯創,40,21,19,群益金鼎-開元,2024-04-17,9134
2382,廣達,24,6,18,群益金鼎-開元,2024-04-17,9134
2303,聯電,20,4,16,群益金鼎-開元,2024-04-17,9134
2881,富邦金,17,1,16,群益金鼎-開元,2024-04-17,9134
00929,復華台灣科技優息,17,2,15,群益金鼎-開元,2024-04-17,9134
00724B,群益投資級金融債,15,0,15,群益金鼎-開元,2024-04-17,9134
1101,台泥,15,1,14,群益金鼎-開元,2024-04-17,9134
2356,英業達,15,1,14,群益金鼎-開元,2024-04-17,9134
6233,旺玖,20,6,14,群益金鼎-開元,2024-04-17,9134
2889,國票金,12,0,12,群益金鼎-開元,2024-04-17,9134
4303,信立,12,0,12,群益金鼎-開元,2024-04-17,9134
4714,永捷,12,0,12,群益金鼎-開元,2024-04-17,9134
2038,海光,12,0,12,群益金鼎-開元,2024-04-17,9134
00939,統一台灣高息動能,23,12,11,群益金鼎-開元,2024-04-17,9134
2515,中工,12,1,11,群益金鼎-開元,2024-04-17,9134
2401,凌陽,24,13,11,群益金鼎-開元,2024-04-17,9134
8433,弘帆,260,0,260,群益金鼎-開元,2024-04-18,9134
2344,華邦電,229,0,229,群益金鼎-開元,2024-04-18,9134
00937B,群益ESG投等債20,147,28,119,群益金鼎-開元,2024-04-18,9134
2867,三商壽,120,19,101,群益金鼎-開元,2024-04-18,9134
00929,復華台灣科技優息,66,1,65,群益金鼎-開元,2024-04-18,9134
1815,富喬,58,1,57,群益金鼎-開元,2024-04-18,9134
6016,康和證,54,0,54,群益金鼎-開元,2024-04-18,9134
2303,聯電,55,3,52,群益金鼎-開元,2024-04-18,9134
00632R,元大台灣50反1,50,0,50,群益金鼎-開元,2024-04-18,9134
00940,元大台灣價值高息,64,19,45,群益金鼎-開元,2024-04-18,9134
9919,康那香,46,9,37,群益金鼎-開元,2024-04-18,9134
00720B,元大投資級公司債,34,0,34,群益金鼎-開元,2024-04-18,9134
3707,漢磊,42,9,33,群益金鼎-開元,2024-04-18,9134
6188,廣明,32,0,32,群益金鼎-開元,2024-04-18,9134
1514,亞力,31,1,30,群益金鼎-開元,2024-04-18,9134
5508,永信建,64,39,25,群益金鼎-開元,2024-04-18,9134
4532,瑞智,31,6,25,群益金鼎-開元,2024-04-18,9134
2301,光寶科,31,7,24,群益金鼎-開元,2024-04-18,9134
00687B,國泰20年美債,34,10,24,群益金鼎-開元,2024-04-18,9134
0056,元大高股息,23,0,23,群益金鼎-開元,2024-04-18,9134
2511,太子,42,20,22,群益金鼎-開元,2024-04-18,9134
6189,豐藝,22,0,22,群益金鼎-開元,2024-04-18,9134
2356,英業達,25,4,21,群益金鼎-開元,2024-04-18,9134
6117,迎廣,22,2,20,群益金鼎-開元,2024-04-18,9134
3141,晶宏,20,0,20,群益金鼎-開元,2024-04-18,9134
00679B,元大美債20年,20,0,20,群益金鼎-開元,2024-04-18,9134
2915,潤泰全,19,0,19,群益金鼎-開元,2024-04-18,9134
1608,華榮,45,26,19,群益金鼎-開元,2024-04-18,9134
2028,威致,20,1,19,群益金鼎-開元,2024-04-18,9134
4956,光鋐,20,2,18,群益金鼎-開元,2024-04-18,9134
2353,宏��,23,6,17,群益金鼎-開元,2024-04-18,9134
5512,力麒,39,22,17,群益金鼎-開元,2024-04-18,9134
1503,士電,19,3,16,群益金鼎-開元,2024-04-18,9134
00941,中信上游半導體,21,6,15,群益金鼎-開元,2024-04-18,9134
00688L,國泰20年美債正2,15,0,15,群益金鼎-開元,2024-04-18,9134
1513,中興電,36,22,14,群益金鼎-開元,2024-04-18,9134
00712,復華富時不動產,14,0,14,群益金鼎-開元,2024-04-18,9134
2367,燿華,17,4,13,群益金鼎-開元,2024-04-18,9134
2374,佳能,41,29,12,群益金鼎-開元,2024-04-18,9134
2427,三商電,18,6,12,群益金鼎-開元,2024-04-18,9134
3413,京鼎,12,0,12,群益金鼎-開元,2024-04-18,9134
00680L,元大美債20正2,11,0,11,群益金鼎-開元,2024-04-18,9134
00830,國泰費城半導體,11,0,11,群益金鼎-開元,2024-04-18,9134
6283,淳安,11,0,11,群益金鼎-開元,2024-04-18,9134
2382,廣達,12,2,10,群益金鼎-開元,2024-04-18,9134
8069,元太,10,0,10,群益金鼎-開元,2024-04-18,9134
2031,新光鋼,10,0,10,群益金鼎-開元,2024-04-18,9134
3380,明泰,10,0,10,群益金鼎-開元,2024-04-18,9134
5498,凱崴,10,0,10,群益金鼎-開元,2024-04-18,9134
1504,東元,27,17,10,群益金鼎-開元,2024-04-18,9134
00929,復華台灣科技優息,417,60,357,群益金鼎-開元,2024-04-19,9134
00940,元大台灣價值高息,405,58,347,群益金鼎-開元,2024-04-19,9134
2303,聯電,123,3,120,群益金鼎-開元,2024-04-19,9134
00919,群益台灣精選高息,116,6,110,群益金鼎-開元,2024-04-19,9134
00688L,國泰20年美債正2,110,8,102,群益金鼎-開元,2024-04-19,9134
00878,國泰永續高股息,112,12,100,群益金鼎-開元,2024-04-19,9134
3481,群創,95,18,77,群益金鼎-開元,2024-04-19,9134
6188,廣明,71,1,70,群益金鼎-開元,2024-04-19,9134
2547,日勝生,72,4,68,群益金鼎-開元,2024-04-19,9134
2511,太子,59,1,58,群益金鼎-開元,2024-04-19,9134
1605,華新,62,5,57,群益金鼎-開元,2024-04-19,9134
2929,淘帝-KY,57,0,57,群益金鼎-開元,2024-04-19,9134
2330,台積電,75,18,57,群益金鼎-開元,2024-04-19,9134
3034,聯詠,66,12,54,群益金鼎-開元,2024-04-19,9134
1609,大亞,118,67,51,群益金鼎-開元,2024-04-19,9134
2369,菱生,48,0,48,群益金鼎-開元,2024-04-19,9134
2603,長榮,53,9,44,群益金鼎-開元,2024-04-19,9134
2002,中鋼,48,4,44,群益金鼎-開元,2024-04-19,9134
00937B,群益ESG投等債20,97,55,42,群益金鼎-開元,2024-04-19,9134
2208,台船,41,0,41,群益金鼎-開元,2024-04-19,9134
6596,寬宏藝術,41,1,40,群益金鼎-開元,2024-04-19,9134
6015,宏遠證,37,0,37,群益金鼎-開元,2024-04-19,9134
5508,永信建,46,14,32,群益金鼎-開元,2024-04-19,9134
2882,國泰金,31,2,29,群益金鼎-開元,2024-04-19,9134
5512,力麒,55,28,27,群益金鼎-開元,2024-04-19,9134
0056,元大高股息,31,4,27,群益金鼎-開元,2024-04-19,9134
00679B,元大美債20年,34,8,26,群益金鼎-開元,2024-04-19,9134
00751B,元大AAA至A公司債,36,10,26,群益金鼎-開元,2024-04-19,9134
6770,力積電,27,4,23,群益金鼎-開元,2024-04-19,9134
2409,友達,26,3,23,群益金鼎-開元,2024-04-19,9134
00830,國泰費城半導體,22,0,22,群益金鼎-開元,2024-04-19,9134
00891,中信關鍵半導體,21,0,21,群益金鼎-開元,2024-04-19,9134
8046,南電,22,1,21,群益金鼎-開元,2024-04-19,9134
2610,華航,30,10,20,群益金鼎-開元,2024-04-19,9134
1434,福懋,20,0,20,群益金鼎-開元,2024-04-19,9134
2427,三商電,22,2,20,群益金鼎-開元,2024-04-19,9134
8926,台汽電,23,4,19,群益金鼎-開元,2024-04-19,9134
1608,華榮,168,149,19,群益金鼎-開元,2024-04-19,9134
1101,台泥,25,6,19,群益金鼎-開元,2024-04-19,9134
6269,台郡,19,0,19,群益金鼎-開元,2024-04-19,9134
3060,銘異,18,0,18,群益金鼎-開元,2024-04-19,9134
2373,震旦行,18,0,18,群益金鼎-開元,2024-04-19,9134
2317,鴻海,40,22,18,群益金鼎-開元,2024-04-19,9134
2883,凱基金,18,1,17,群益金鼎-開元,2024-04-19,9134
3583,辛耘,18,1,17,群益金鼎-開元,2024-04-19,9134
2353,宏��,40,24,16,群益金鼎-開元,2024-04-19,9134
2206,三陽工業,25,10,15,群益金鼎-開元,2024-04-19,9134
00939,統一台灣高息動能,99,84,15,群益金鼎-開元,2024-04-19,9134
6016,康和證,14,0,14,群益金鼎-開元,2024-04-19,9134
6505,台塑化,13,0,13,群益金鼎-開元,2024-04-19,9134
5512,力麒,563,57,506,群益金鼎-開元,2024-04-22,9134
3481,群創,406,133,273,群益金鼎-開元,2024-04-22,9134
00929,復華台灣科技優息,176,13,163,群益金鼎-開元,2024-04-22,9134
00940,元大台灣價值高息,141,42,99,群益金鼎-開元,2024-04-22,9134
00939,統一台灣高息動能,74,5,69,群益金鼎-開元,2024-04-22,9134
00937B,群益ESG投等債20,136,78,58,群益金鼎-開元,2024-04-22,9134
8011,台通,51,2,49,群益金鼎-開元,2024-04-22,9134
00878,國泰永續高股息,58,14,44,群益金鼎-開元,2024-04-22,9134
3037,欣興,44,2,42,群益金鼎-開元,2024-04-22,9134
00931B,統一美債20年,40,0,40,群益金鼎-開元,2024-04-22,9134
00679B,元大美債20年,39,0,39,群益金鼎-開元,2024-04-22,9134
2371,大同,84,47,37,群益金鼎-開元,2024-04-22,9134
00688L,國泰20年美債正2,35,0,35,群益金鼎-開元,2024-04-22,9134
2855,統一證,50,17,33,群益金鼎-開元,2024-04-22,9134
2367,燿華,32,1,31,群益金鼎-開元,2024-04-22,9134
2501,國建,46,18,28,群益金鼎-開元,2024-04-22,9134
00687B,國泰20年美債,27,0,27,群益金鼎-開元,2024-04-22,9134
1609,大亞,96,70,26,群益金鼎-開元,2024-04-22,9134
3703,欣陸,32,7,25,群益金鼎-開元,2024-04-22,9134
2408,南亞科,23,0,23,群益金鼎-開元,2024-04-22,9134
1513,中興電,40,18,22,群益金鼎-開元,2024-04-22,9134
2329,華泰,22,1,21,群益金鼎-開元,2024-04-22,9134
00919,群益台灣精選高息,62,41,21,群益金鼎-開元,2024-04-22,9134
00720B,元大投資級公司債,20,0,20,群益金鼎-開元,2024-04-22,9134
2597,潤弘,19,0,19,群益金鼎-開元,2024-04-22,9134
2427,三商電,38,20,18,群益金鼎-開元,2024-04-22,9134
3034,聯詠,17,0,17,群益金鼎-開元,2024-04-22,9134
2312,金寶,20,3,17,群益金鼎-開元,2024-04-22,9134
6596,寬宏藝術,17,0,17,群益金鼎-開元,2024-04-22,9134
5443,均豪,17,1,16,群益金鼎-開元,2024-04-22,9134
5508,永信建,94,78,16,群益金鼎-開元,2024-04-22,9134
2382,廣達,19,4,15,群益金鼎-開元,2024-04-22,9134
00891,中信關鍵半導體,17,2,15,群益金鼎-開元,2024-04-22,9134
1455,集盛,15,0,15,群益金鼎-開元,2024-04-22,9134
1504,東元,18,3,15,群益金鼎-開元,2024-04-22,9134
4747,強生,14,0,14,群益金鼎-開元,2024-04-22,9134
1618,合機,36,23,13,群益金鼎-開元,2024-04-22,9134
3362,先進光,15,2,13,群益金鼎-開元,2024-04-22,9134
00680L,元大美債20正2,13,0,13,群益金鼎-開元,2024-04-22,9134
1314,中石化,53,41,12,群益金鼎-開元,2024-04-22,9134
6283,淳安,12,0,12,群益金鼎-開元,2024-04-22,9134
2007,燁興,12,0,12,群益金鼎-開元,2024-04-22,9134
5201,凱衛,12,0,12,群益金鼎-開元,2024-04-22,9134
2634,漢翔,16,4,12,群益金鼎-開元,2024-04-22,9134
2605,新興,16,4,12,群益金鼎-開元,2024-04-22,9134
1815,富喬,12,0,12,群益金鼎-開元,2024-04-22,9134
6165,浪凡,12,0,12,群益金鼎-開元,2024-04-22,9134
3231,緯創,56,44,12,群益金鼎-開元,2024-04-22,9134
9934,成霖,11,0,11,群益金鼎-開元,2024-04-22,9134
2317,鴻海,13,2,11,群益金鼎-開元,2024-04-22,9134
2303,聯電,70,5,65,群益金鼎-開元,2024-04-23,9134
2489,瑞軒,80,15,65,群益金鼎-開元,2024-04-23,9134
00929,復華台灣科技優息,70,5,65,群益金鼎-開元,2024-04-23,9134
00937B,群益ESG投等債20,63,0,63,群益金鼎-開元,2024-04-23,9134
2515,中工,113,52,61,群益金鼎-開元,2024-04-23,9134
2855,統一證,51,1,50,群益金鼎-開元,2024-04-23,9134
00878,國泰永續高股息,36,0,36,群益金鼎-開元,2024-04-23,9134
9955,佳龍,29,0,29,群益金鼎-開元,2024-04-23,9134
5508,永信建,31,4,27,群益金鼎-開元,2024-04-23,9134
2603,長榮,31,5,26,群益金鼎-開元,2024-04-23,9134
5009,榮剛,34,9,25,群益金鼎-開元,2024-04-23,9134
00939,統一台灣高息動能,28,6,22,群益金鼎-開元,2024-04-23,9134
1605,華新,30,9,21,群益金鼎-開元,2024-04-23,9134
2547,日勝生,23,2,21,群益金鼎-開元,2024-04-23,9134
00940,元大台灣價值高息,52,33,19,群益金鼎-開元,2024-04-23,9134
2317,鴻海,32,14,18,群益金鼎-開元,2024-04-23,9134
2610,華航,33,17,16,群益金鼎-開元,2024-04-23,9134
1319,東陽,16,0,16,群益金鼎-開元,2024-04-23,9134
5498,凱崴,40,25,15,群益金鼎-開元,2024-04-23,9134
00688L,國泰20年美債正2,15,0,15,群益金鼎-開元,2024-04-23,9134
3703,欣陸,26,13,13,群益金鼎-開元,2024-04-23,9134
2885,元大金,12,0,12,群益金鼎-開元,2024-04-23,9134
1316,上曜,16,4,12,群益金鼎-開元,2024-04-23,9134
6116,彩晶,13,2,11,群益金鼎-開元,2024-04-23,9134
3706,神達,14,3,11,群益金鼎-開元,2024-04-23,9134
1314,中石化,22,11,11,群益金鼎-開元,2024-04-23,9134
00919,群益台灣精選高息,10,0,10,群益金鼎-開元,2024-04-23,9134
3041,揚智,10,0,10,群益金鼎-開元,2024-04-23,9134
00665L,富邦�琤肭磪囓�2,10,0,10,群益金鼎-開元,2024-04-23,9134
8383,千附,10,0,10,群益金鼎-開元,2024-04-23,9134
8011,台通,11,1,10,群益金鼎-開元,2024-04-23,9134
9907,統一實,10,0,10,群益金鼎-開元,2024-04-23,9134
2354,鴻準,54,44,10,群益金鼎-開元,2024-04-23,9134
1617,榮星,11,1,10,群益金鼎-開元,2024-04-23,9134
00679B,元大美債20年,10,0,10,群益金鼎-開元,2024-04-23,9134
00927,群益半導體收益,10,1,9,群益金鼎-開元,2024-04-23,9134
5351,鈺創,10,1,9,群益金鼎-開元,2024-04-23,9134
8936,國統,13,4,9,群益金鼎-開元,2024-04-23,9134
8390,金益鼎,26,17,9,群益金鼎-開元,2024-04-23,9134
2401,凌陽,10,1,9,群益金鼎-開元,2024-04-23,9134
2344,華邦電,8,0,8,群益金鼎-開元,2024-04-23,9134
2359,所羅門,13,5,8,群益金鼎-開元,2024-04-23,9134
00941,中信上游半導體,8,0,8,群益金鼎-開元,2024-04-23,9134
6122,擎邦,8,0,8,群益金鼎-開元,2024-04-23,9134
5201,凱衛,8,0,8,群益金鼎-開元,2024-04-23,9134
3211,順達,8,0,8,群益金鼎-開元,2024-04-23,9134
2369,菱生,7,0,7,群益金鼎-開元,2024-04-23,9134
2501,國建,93,86,7,群益金鼎-開元,2024-04-23,9134
00703,台新MSCI中國,7,0,7,群益金鼎-開元,2024-04-23,9134
3312,弘憶股,7,0,7,群益金鼎-開元,2024-04-23,9134
3481,群創,188,17,171,群益金鼎-開元,2024-04-24,9134
00937B,群益ESG投等債20,120,1,119,群益金鼎-開元,2024-04-24,9134
00919,群益台灣精選高息,59,4,55,群益金鼎-開元,2024-04-24,9134
00688L,國泰20年美債正2,45,0,45,群益金鼎-開元,2024-04-24,9134
00929,復華台灣科技優息,50,9,41,群益金鼎-開元,2024-04-24,9134
00878,國泰永續高股息,38,1,37,群益金鼎-開元,2024-04-24,9134
00632R,元大台灣50反1,90,56,34,群益金鼎-開元,2024-04-24,9134
00931B,統一美債20年,30,0,30,群益金鼎-開元,2024-04-24,9134
2886,兆豐金,30,3,27,群益金鼎-開元,2024-04-24,9134
00830,國泰費城半導體,26,1,25,群益金鼎-開元,2024-04-24,9134
1605,華新,30,7,23,群益金鼎-開元,2024-04-24,9134
8358,金居,24,2,22,群益金鼎-開元,2024-04-24,9134
6116,彩晶,21,0,21,群益金鼎-開元,2024-04-24,9134
1789,神隆,20,0,20,群益金鼎-開元,2024-04-24,9134
2892,第一金,20,0,20,群益金鼎-開元,2024-04-24,9134
5388,中磊,20,1,19,群益金鼎-開元,2024-04-24,9134
4714,永捷,23,4,19,群益金鼎-開元,2024-04-24,9134
2834,臺企銀,28,9,19,群益金鼎-開元,2024-04-24,9134
6596,寬宏藝術,17,0,17,群益金鼎-開元,2024-04-24,9134
2412,中華電,16,0,16,群益金鼎-開元,2024-04-24,9134
3060,銘異,16,0,16,群益金鼎-開元,2024-04-24,9134
1608,華榮,21,6,15,群益金鼎-開元,2024-04-24,9134
5519,隆大,15,0,15,群益金鼎-開元,2024-04-24,9134
4142,國光生,15,0,15,群益金鼎-開元,2024-04-24,9134
3363,上詮,18,4,14,群益金鼎-開元,2024-04-24,9134
2374,佳能,22,8,14,群益金鼎-開元,2024-04-24,9134
9902,台火,14,0,14,群益金鼎-開元,2024-04-24,9134
2812,台中銀,14,0,14,群益金鼎-開元,2024-04-24,9134
2880,華南金,15,1,14,群益金鼎-開元,2024-04-24,9134
00720B,元大投資級公司債,12,0,12,群益金鼎-開元,2024-04-24,9134
2890,永豐金,12,0,12,群益金鼎-開元,2024-04-24,9134
00647L,元大S＆P500正2,12,0,12,群益金鼎-開元,2024-04-24,9134
2630,亞航,16,5,11,群益金鼎-開元,2024-04-24,9134
2409,友達,11,0,11,群益金鼎-開元,2024-04-24,9134
8054,安國,14,3,11,群益金鼎-開元,2024-04-24,9134
3045,台灣大,10,0,10,群益金鼎-開元,2024-04-24,9134
9935,慶豐富,10,0,10,群益金鼎-開元,2024-04-24,9134
1471,首利,10,0,10,群益金鼎-開元,2024-04-24,9134
2348,海悅,10,0,10,群益金鼎-開元,2024-04-24,9134
6873,泓德能源,10,0,10,群益金鼎-開元,2024-04-24,9134
2929,淘帝-KY,10,0,10,群益金鼎-開元,2024-04-24,9134
2597,潤弘,10,0,10,群益金鼎-開元,2024-04-24,9134
3234,光環,10,0,10,群益金鼎-開元,2024-04-24,9134
00679B,元大美債20年,10,0,10,群益金鼎-開元,2024-04-24,9134
6016,康和證,10,1,9,群益金鼎-開元,2024-04-24,9134
1612,宏泰,12,3,9,群益金鼎-開元,2024-04-24,9134
2547,日勝生,51,42,9,群益金鼎-開元,2024-04-24,9134
9907,統一實,9,0,9,群益金鼎-開元,2024-04-24,9134
3706,神達,19,11,8,群益金鼎-開元,2024-04-24,9134
1440,南紡,10,2,8,群益金鼎-開元,2024-04-24,9134
00937B,群益ESG投等債20,129,0,129,群益金鼎-開元,2024-04-25,9134
8936,國統,67,7,60,群益金鼎-開元,2024-04-25,9134
5508,永信建,89,33,56,群益金鼎-開元,2024-04-25,9134
00632R,元大台灣50反1,50,0,50,群益金鼎-開元,2024-04-25,9134
1513,中興電,59,12,47,群益金鼎-開元,2024-04-25,9134
00688L,國泰20年美債正2,45,0,45,群益金鼎-開元,2024-04-25,9134
2610,華航,49,8,41,群益金鼎-開元,2024-04-25,9134
00931B,統一美債20年,41,0,41,群益金鼎-開元,2024-04-25,9134
8473,山林水,47,8,39,群益金鼎-開元,2024-04-25,9134
2892,第一金,37,0,37,群益金鼎-開元,2024-04-25,9134
00687B,國泰20年美債,35,1,34,群益金鼎-開元,2024-04-25,9134
2883,凱基金,33,0,33,群益金鼎-開元,2024-04-25,9134
3024,憶聲,39,6,33,群益金鼎-開元,2024-04-25,9134
2886,兆豐金,32,0,32,群益金鼎-開元,2024-04-25,9134
6578,達邦蛋白,37,6,31,群益金鼎-開元,2024-04-25,9134
2867,三商壽,33,2,31,群益金鼎-開元,2024-04-25,9134
6596,寬宏藝術,30,0,30,群益金鼎-開元,2024-04-25,9134
2066,世德,52,22,30,群益金鼎-開元,2024-04-25,9134
2461,光群雷,48,19,29,群益金鼎-開元,2024-04-25,9134
00940,元大台灣價值高息,45,18,27,群益金鼎-開元,2024-04-25,9134
2880,華南金,26,0,26,群益金鼎-開元,2024-04-25,9134
2317,鴻海,32,7,25,群益金鼎-開元,2024-04-25,9134
8046,南電,25,1,24,群益金鼎-開元,2024-04-25,9134
5512,力麒,25,2,23,群益金鼎-開元,2024-04-25,9134
8064,東捷,22,0,22,群益金鼎-開元,2024-04-25,9134
9904,寶成,21,1,20,群益金鼎-開元,2024-04-25,9134
2520,冠德,24,4,20,群益金鼎-開元,2024-04-25,9134
1336,台翰,19,0,19,群益金鼎-開元,2024-04-25,9134
1603,華電,19,0,19,群益金鼎-開元,2024-04-25,9134
00929,復華台灣科技優息,22,4,18,群益金鼎-開元,2024-04-25,9134
00939,統一台灣高息動能,21,3,18,群益金鼎-開元,2024-04-25,9134
6016,康和證,20,2,18,群益金鼎-開元,2024-04-25,9134
00720B,元大投資級公司債,18,0,18,群益金鼎-開元,2024-04-25,9134
8390,金益鼎,20,2,18,群益金鼎-開元,2024-04-25,9134
2348,海悅,52,34,18,群益金鼎-開元,2024-04-25,9134
00878,國泰永續高股息,17,2,15,群益金鼎-開元,2024-04-25,9134
2885,元大金,15,0,15,群益金鼎-開元,2024-04-25,9134
2061,風青,15,0,15,群益金鼎-開元,2024-04-25,9134
2705,六福,19,4,15,群益金鼎-開元,2024-04-25,9134
2855,統一證,15,3,12,群益金鼎-開元,2024-04-25,9134
2363,矽統,26,14,12,群益金鼎-開元,2024-04-25,9134
00680L,元大美債20正2,11,0,11,群益金鼎-開元,2024-04-25,9134
2344,華邦電,11,0,11,群益金鼎-開元,2024-04-25,9134
2367,燿華,11,0,11,群益金鼎-開元,2024-04-25,9134
3013,晟銘電,54,43,11,群益金鼎-開元,2024-04-25,9134
2891,中信金,16,5,11,群益金鼎-開元,2024-04-25,9134
00919,群益台灣精選高息,16,6,10,群益金鼎-開元,2024-04-25,9134
2371,大同,38,28,10,群益金鼎-開元,2024-04-25,9134
00857B,永豐20年美公債,10,0,10,群益金鼎-開元,2024-04-25,9134
5511,德昌,10,0,10,群益金鼎-開元,2024-04-25,9134
1440,南紡,204,35,169,群益金鼎-開元,2024-04-26,9134
00937B,群益ESG投等債20,181,35,146,群益金鼎-開元,2024-04-26,9134
1605,華新,113,0,113,群益金鼎-開元,2024-04-26,9134
00632R,元大台灣50反1,83,0,83,群益金鼎-開元,2024-04-26,9134
2888,新光金,102,22,80,群益金鼎-開元,2024-04-26,9134
5871,中租-KY,59,0,59,群益金鼎-開元,2024-04-26,9134
3481,群創,112,57,55,群益金鼎-開元,2024-04-26,9134
2881,富邦金,54,0,54,群益金鼎-開元,2024-04-26,9134
1336,台翰,50,0,50,群益金鼎-開元,2024-04-26,9134
00688L,國泰20年美債正2,53,3,50,群益金鼎-開元,2024-04-26,9134
1815,富喬,45,0,45,群益金鼎-開元,2024-04-26,9134
2066,世德,43,2,41,群益金鼎-開元,2024-04-26,9134
00687B,國泰20年美債,37,0,37,群益金鼎-開元,2024-04-26,9134
2929,淘帝-KY,36,0,36,群益金鼎-開元,2024-04-26,9134
6180,橘子,34,2,32,群益金鼎-開元,2024-04-26,9134
00720B,元大投資級公司債,24,0,24,群益金鼎-開元,2024-04-26,9134
3576,聯合再生,21,0,21,群益金鼎-開元,2024-04-26,9134
8064,東捷,40,19,21,群益金鼎-開元,2024-04-26,9134
00679B,元大美債20年,19,0,19,群益金鼎-開元,2024-04-26,9134
00929,復華台灣科技優息,20,2,18,群益金鼎-開元,2024-04-26,9134
3715,定穎投控,20,4,16,群益金鼎-開元,2024-04-26,9134
3605,宏致,18,2,16,群益金鼎-開元,2024-04-26,9134
2359,所羅門,55,40,15,群益金鼎-開元,2024-04-26,9134
6596,寬宏藝術,15,0,15,群益金鼎-開元,2024-04-26,9134
8926,台汽電,14,0,14,群益金鼎-開元,2024-04-26,9134
00931B,統一美債20年,33,20,13,群益金鼎-開元,2024-04-26,9134
5521,工信,16,3,13,群益金鼎-開元,2024-04-26,9134
2027,大成鋼,13,0,13,群益金鼎-開元,2024-04-26,9134
2363,矽統,15,2,13,群益金鼎-開元,2024-04-26,9134
8936,國統,12,0,12,群益金鼎-開元,2024-04-26,9134
1471,首利,11,0,11,群益金鼎-開元,2024-04-26,9134
1316,上曜,11,0,11,群益金鼎-開元,2024-04-26,9134
00941,中信上游半導體,11,0,11,群益金鼎-開元,2024-04-26,9134
2025,千興,10,0,10,群益金鼎-開元,2024-04-26,9134
6425,易發,14,4,10,群益金鼎-開元,2024-04-26,9134
3024,憶聲,10,0,10,群益金鼎-開元,2024-04-26,9134
4167,松瑞藥,10,0,10,群益金鼎-開元,2024-04-26,9134
00725B,國泰投資級公司債,10,0,10,群益金鼎-開元,2024-04-26,9134
3306,鼎天,10,0,10,群益金鼎-開元,2024-04-26,9134
00940,元大台灣價值高息,31,22,9,群益金鼎-開元,2024-04-26,9134
5438,東友,9,0,9,群益金鼎-開元,2024-04-26,9134
5531,鄉林,15,6,9,群益金鼎-開元,2024-04-26,9134
1808,潤隆,11,2,9,群益金鼎-開元,2024-04-26,9134
4967,十銓,13,4,9,群益金鼎-開元,2024-04-26,9134
2371,大同,56,47,9,群益金鼎-開元,2024-04-26,9134
00751B,元大AAA至A公司債,8,0,8,群益金鼎-開元,2024-04-26,9134
1314,中石化,29,21,8,群益金鼎-開元,2024-04-26,9134
2367,燿華,14,6,8,群益金鼎-開元,2024-04-26,9134
5515,建國,18,10,8,群益金鼎-開元,2024-04-26,9134
6207,雷科,10,2,8,群益金鼎-開元,2024-04-26,9134
00632R,元大台灣50反1,240,40,200,群益金鼎-開元,2024-04-29,9134
00882,中信中國高股息,100,31,69,群益金鼎-開元,2024-04-29,9134
00688L,國泰20年美債正2,58,3,55,群益金鼎-開元,2024-04-29,9134
6189,豐藝,45,1,44,群益金鼎-開元,2024-04-29,9134
2511,太子,51,8,43,群益金鼎-開元,2024-04-29,9134
6596,寬宏藝術,42,2,40,群益金鼎-開元,2024-04-29,9134
2618,長榮航,68,29,39,群益金鼎-開元,2024-04-29,9134
2363,矽統,76,46,30,群益金鼎-開元,2024-04-29,9134
00902,中信電池及儲能,30,0,30,群益金鼎-開元,2024-04-29,9134
00679B,元大美債20年,30,0,30,群益金鼎-開元,2024-04-29,9134
6026,福邦證,28,0,28,群益金鼎-開元,2024-04-29,9134
9940,信義,26,0,26,群益金鼎-開元,2024-04-29,9134
5201,凱衛,26,0,26,群益金鼎-開元,2024-04-29,9134
8358,金居,28,4,24,群益金鼎-開元,2024-04-29,9134
1609,大亞,46,25,21,群益金鼎-開元,2024-04-29,9134
2867,三商壽,23,2,21,群益金鼎-開元,2024-04-29,9134
2637,慧洋-KY,21,0,21,群益金鼎-開元,2024-04-29,9134
4402,郡都開發,20,0,20,群益金鼎-開元,2024-04-29,9134
2371,大同,46,26,20,群益金鼎-開元,2024-04-29,9134
6552,易華電,28,9,19,群益金鼎-開元,2024-04-29,9134
2101,南港,23,6,17,群益金鼎-開元,2024-04-29,9134
4532,瑞智,25,9,16,群益金鼎-開元,2024-04-29,9134
8054,安國,18,3,15,群益金鼎-開元,2024-04-29,9134
6770,力積電,24,9,15,群益金鼎-開元,2024-04-29,9134
4164,承業醫,15,1,14,群益金鼎-開元,2024-04-29,9134
2913,農林,19,6,13,群益金鼎-開元,2024-04-29,9134
5512,力麒,30,17,13,群益金鼎-開元,2024-04-29,9134
4128,中天,12,0,12,群益金鼎-開元,2024-04-29,9134
00878,國泰永續高股息,38,26,12,群益金鼎-開元,2024-04-29,9134
3312,弘憶股,14,2,12,群益金鼎-開元,2024-04-29,9134
2883,凱基金,25,14,11,群益金鼎-開元,2024-04-29,9134
2409,友達,16,5,11,群益金鼎-開元,2024-04-29,9134
4714,永捷,11,0,11,群益金鼎-開元,2024-04-29,9134
6180,橘子,20,9,11,群益金鼎-開元,2024-04-29,9134
2356,英業達,11,1,10,群益金鼎-開元,2024-04-29,9134
6269,台郡,10,0,10,群益金鼎-開元,2024-04-29,9134
2359,所羅門,16,6,10,群益金鼎-開元,2024-04-29,9134
00909,國泰數位支付服務,10,0,10,群益金鼎-開元,2024-04-29,9134
1103,嘉泥,10,0,10,群益金鼎-開元,2024-04-29,9134
2736,富野,10,0,10,群益金鼎-開元,2024-04-29,9134
2722,夏都,10,0,10,群益金鼎-開元,2024-04-29,9134
2066,世德,48,39,9,群益金鼎-開元,2024-04-29,9134
3360,尚立,9,0,9,群益金鼎-開元,2024-04-29,9134
2323,中環,33,24,9,群益金鼎-開元,2024-04-29,9134
4745,合富-KY,11,2,9,群益金鼎-開元,2024-04-29,9134
2855,統一證,15,6,9,群益金鼎-開元,2024-04-29,9134
00919,群益台灣精選高息,21,13,8,群益金鼎-開元,2024-04-29,9134
2449,京元電子,12,4,8,群益金鼎-開元,2024-04-29,9134
2506,太設,10,2,8,群益金鼎-開元,2024-04-29,9134
1101,台泥,7,0,7,群益金鼎-開元,2024-04-29,9134
2317,鴻海,123,6,117,群益金鼎-開元,2024-04-30,9134
5608,四維航,130,15,115,群益金鼎-開元,2024-04-30,9134
1440,南紡,97,14,83,群益金鼎-開元,2024-04-30,9134
5864,致和證,106,36,70,群益金鼎-開元,2024-04-30,9134
00688L,國泰20年美債正2,65,0,65,群益金鼎-開元,2024-04-30,9134
00715L,期街口布蘭特正2,56,0,56,群益金鼎-開元,2024-04-30,9134
00919,群益台灣精選高息,48,0,48,群益金鼎-開元,2024-04-30,9134
2515,中工,83,37,46,群益金鼎-開元,2024-04-30,9134
1459,聯發,40,0,40,群益金鼎-開元,2024-04-30,9134
2891,中信金,89,49,40,群益金鼎-開元,2024-04-30,9134
00929,復華台灣科技優息,54,16,38,群益金鼎-開元,2024-04-30,9134
1303,南亞,30,0,30,群益金鼎-開元,2024-04-30,9134
3605,宏致,31,1,30,群益金鼎-開元,2024-04-30,9134
00940,元大台灣價值高息,36,8,28,群益金鼎-開元,2024-04-30,9134
2501,國建,54,29,25,群益金鼎-開元,2024-04-30,9134
2461,光群雷,26,1,25,群益金鼎-開元,2024-04-30,9134
9955,佳龍,25,1,24,群益金鼎-開元,2024-04-30,9134
1605,華新,22,1,21,群益金鼎-開元,2024-04-30,9134
8096,擎亞,24,6,18,群益金鼎-開元,2024-04-30,9134
2884,玉山金,18,0,18,群益金鼎-開元,2024-04-30,9134
3081,聯亞,17,0,17,群益金鼎-開元,2024-04-30,9134
00679B,元大美債20年,17,0,17,群益金鼎-開元,2024-04-30,9134
2883,凱基金,33,16,17,群益金鼎-開元,2024-04-30,9134
3266,昇陽,22,5,17,群益金鼎-開元,2024-04-30,9134
2882,國泰金,31,14,17,群益金鼎-開元,2024-04-30,9134
2606,裕民,16,0,16,群益金鼎-開元,2024-04-30,9134
00720B,元大投資級公司債,16,0,16,群益金鼎-開元,2024-04-30,9134
6596,寬宏藝術,17,1,16,群益金鼎-開元,2024-04-30,9134
2022,聚亨,15,0,15,群益金鼎-開元,2024-04-30,9134
6770,力積電,20,5,15,群益金鼎-開元,2024-04-30,9134
5201,凱衛,14,0,14,群益金鼎-開元,2024-04-30,9134
3481,群創,23,10,13,群益金鼎-開元,2024-04-30,9134
2458,義隆,13,0,13,群益金鼎-開元,2024-04-30,9134
8046,南電,12,0,12,群益金鼎-開元,2024-04-30,9134
3312,弘憶股,18,7,11,群益金鼎-開元,2024-04-30,9134
1504,東元,16,6,10,群益金鼎-開元,2024-04-30,9134
5438,東友,10,0,10,群益金鼎-開元,2024-04-30,9134
6113,亞矽,10,0,10,群益金鼎-開元,2024-04-30,9134
5607,遠雄港,10,0,10,群益金鼎-開元,2024-04-30,9134
2367,燿華,11,1,10,群益金鼎-開元,2024-04-30,9134
4207,環泰,10,0,10,群益金鼎-開元,2024-04-30,9134
2449,京元電子,14,4,10,群益金鼎-開元,2024-04-30,9134
2611,志信,16,6,10,群益金鼎-開元,2024-04-30,9134
9902,台火,9,0,9,群益金鼎-開元,2024-04-30,9134
5508,永信建,22,13,9,群益金鼎-開元,2024-04-30,9134
8358,金居,17,8,9,群益金鼎-開元,2024-04-30,9134
00882,中信中國高股息,10,1,9,群益金鼎-開元,2024-04-30,9134
3234,光環,16,7,9,群益金鼎-開元,2024-04-30,9134
5009,榮剛,22,13,9,群益金鼎-開元,2024-04-30,9134
00878,國泰永續高股息,13,5,8,群益金鼎-開元,2024-04-30,9134
3481,群創,167,20,147,群益金鼎-開元,2024-05-02,9134
00878,國泰永續高股息,80,0,80,群益金鼎-開元,2024-05-02,9134
00931B,統一美債20年,60,0,60,群益金鼎-開元,2024-05-02,9134
2801,彰銀,54,0,54,群益金鼎-開元,2024-05-02,9134
3605,宏致,54,1,53,群益金鼎-開元,2024-05-02,9134
2324,仁寶,51,0,51,群益金鼎-開元,2024-05-02,9134
00687B,國泰20年美債,50,0,50,群益金鼎-開元,2024-05-02,9134
2537,聯上發,64,15,49,群益金鼎-開元,2024-05-02,9134
1584,精剛,50,1,49,群益金鼎-開元,2024-05-02,9134
5508,永信建,49,2,47,群益金鼎-開元,2024-05-02,9134
2401,凌陽,55,9,46,群益金鼎-開元,2024-05-02,9134
2317,鴻海,54,10,44,群益金鼎-開元,2024-05-02,9134
00919,群益台灣精選高息,46,3,43,群益金鼎-開元,2024-05-02,9134
00857B,永豐20年美公債,41,0,41,群益金鼎-開元,2024-05-02,9134
5201,凱衛,40,0,40,群益金鼎-開元,2024-05-02,9134
00937B,群益ESG投等債20,39,0,39,群益金鼎-開元,2024-05-02,9134
6220,岳豐,34,0,34,群益金鼎-開元,2024-05-02,9134
00940,元大台灣價值高息,36,4,32,群益金鼎-開元,2024-05-02,9134
2609,陽明,38,8,30,群益金鼎-開元,2024-05-02,9134
00688L,國泰20年美債正2,30,0,30,群益金鼎-開元,2024-05-02,9134
2501,國建,57,32,25,群益金鼎-開元,2024-05-02,9134
4532,瑞智,23,1,22,群益金鼎-開元,2024-05-02,9134
5340,建榮,20,0,20,群益金鼎-開元,2024-05-02,9134
00932,兆豐永續高息等權,18,0,18,群益金鼎-開元,2024-05-02,9134
1102,亞泥,20,2,18,群益金鼎-開元,2024-05-02,9134
00939,統一台灣高息動能,20,3,17,群益金鼎-開元,2024-05-02,9134
2369,菱生,16,0,16,群益金鼎-開元,2024-05-02,9134
2363,矽統,42,27,15,群益金鼎-開元,2024-05-02,9134
2834,臺企銀,21,6,15,群益金鼎-開元,2024-05-02,9134
00945B,凱基美國非投等債,15,0,15,群益金鼎-開元,2024-05-02,9134
1313,聯成,15,0,15,群益金鼎-開元,2024-05-02,9134
6016,康和證,30,15,15,群益金鼎-開元,2024-05-02,9134
5871,中租-KY,15,0,15,群益金鼎-開元,2024-05-02,9134
00679B,元大美債20年,14,0,14,群益金鼎-開元,2024-05-02,9134
3715,定穎投控,20,6,14,群益金鼎-開元,2024-05-02,9134
2611,志信,19,5,14,群益金鼎-開元,2024-05-02,9134
2887E,台新戊特,13,0,13,群益金鼎-開元,2024-05-02,9134
2330,台積電,21,8,13,群益金鼎-開元,2024-05-02,9134
00720B,元大投資級公司債,12,0,12,群益金鼎-開元,2024-05-02,9134
3167,大量,12,0,12,群益金鼎-開元,2024-05-02,9134
00888,永豐台灣ESG,11,0,11,群益金鼎-開元,2024-05-02,9134
1104,環泥,11,0,11,群益金鼎-開元,2024-05-02,9134
4157,太景*-KY,11,0,11,群益金鼎-開元,2024-05-02,9134
8928,鉅明,10,0,10,群益金鼎-開元,2024-05-02,9134
2855,統一證,10,0,10,群益金鼎-開元,2024-05-02,9134
00680L,元大美債20正2,10,0,10,群益金鼎-開元,2024-05-02,9134
1815,富喬,20,10,10,群益金鼎-開元,2024-05-02,9134
8473,山林水,10,0,10,群益金鼎-開元,2024-05-02,9134
2367,燿華,14,4,10,群益金鼎-開元,2024-05-02,9134
2603,長榮,24,15,9,群益金鼎-開元,2024-05-02,9134
5512,力麒,603,31,572,群益金鼎-開元,2024-05-03,9134
00878,國泰永續高股息,149,2,147,群益金鼎-開元,2024-05-03,9134
00937B,群益ESG投等債20,138,0,138,群益金鼎-開元,2024-05-03,9134
00940,元大台灣價值高息,141,41,100,群益金鼎-開元,2024-05-03,9134
8473,山林水,70,2,68,群益金鼎-開元,2024-05-03,9134
00679B,元大美債20年,53,1,52,群益金鼎-開元,2024-05-03,9134
6770,力積電,102,56,46,群益金鼎-開元,2024-05-03,9134
8936,國統,48,6,42,群益金鼎-開元,2024-05-03,9134
5009,榮剛,57,15,42,群益金鼎-開元,2024-05-03,9134
00857B,永豐20年美公債,39,0,39,群益金鼎-開元,2024-05-03,9134
6180,橘子,40,5,35,群益金鼎-開元,2024-05-03,9134
00688L,國泰20年美債正2,35,0,35,群益金鼎-開元,2024-05-03,9134
3537,堡達,35,0,35,群益金鼎-開元,2024-05-03,9134
1459,聯發,35,1,34,群益金鼎-開元,2024-05-03,9134
8064,東捷,48,15,33,群益金鼎-開元,2024-05-03,9134
2834,臺企銀,35,2,33,群益金鼎-開元,2024-05-03,9134
5531,鄉林,52,21,31,群益金鼎-開元,2024-05-03,9134
6016,康和證,30,0,30,群益金鼎-開元,2024-05-03,9134
1609,大亞,42,13,29,群益金鼎-開元,2024-05-03,9134
1584,精剛,29,0,29,群益金鼎-開元,2024-05-03,9134
00720B,元大投資級公司債,28,0,28,群益金鼎-開元,2024-05-03,9134
6015,宏遠證,30,2,28,群益金鼎-開元,2024-05-03,9134
9902,台火,27,0,27,群益金鼎-開元,2024-05-03,9134
2530,華建,25,0,25,群益金鼎-開元,2024-05-03,9134
1612,宏泰,29,4,25,群益金鼎-開元,2024-05-03,9134
5328,華容,29,6,23,群益金鼎-開元,2024-05-03,9134
2880,華南金,22,0,22,群益金鼎-開元,2024-05-03,9134
2363,矽統,50,28,22,群益金鼎-開元,2024-05-03,9134
1316,上曜,35,14,21,群益金鼎-開元,2024-05-03,9134
9955,佳龍,21,0,21,群益金鼎-開元,2024-05-03,9134
6220,岳豐,20,0,20,群益金鼎-開元,2024-05-03,9134
4164,承業醫,20,0,20,群益金鼎-開元,2024-05-03,9134
2022,聚亨,20,0,20,群益金鼎-開元,2024-05-03,9134
1104,環泥,20,0,20,群益金鼎-開元,2024-05-03,9134
1608,華榮,27,9,18,群益金鼎-開元,2024-05-03,9134
2634,漢翔,18,0,18,群益金鼎-開元,2024-05-03,9134
3588,通嘉,18,1,17,群益金鼎-開元,2024-05-03,9134
2884,玉山金,22,6,16,群益金鼎-開元,2024-05-03,9134
8383,千附,19,3,16,群益金鼎-開元,2024-05-03,9134
2889,國票金,23,8,15,群益金鼎-開元,2024-05-03,9134
00927,群益半導體收益,15,0,15,群益金鼎-開元,2024-05-03,9134
3231,緯創,24,9,15,群益金鼎-開元,2024-05-03,9134
2610,華航,24,9,15,群益金鼎-開元,2024-05-03,9134
2887E,台新戊特,14,0,14,群益金鼎-開元,2024-05-03,9134
2061,風青,14,1,13,群益金鼎-開元,2024-05-03,9134
00632R,元大台灣50反1,31,18,13,群益金鼎-開元,2024-05-03,9134
00751B,元大AAA至A公司債,13,0,13,群益金鼎-開元,2024-05-03,9134
5251,天鉞電,13,0,13,群益金鼎-開元,2024-05-03,9134
1444,力麗,12,0,12,群益金鼎-開元,2024-05-03,9134
8255,朋程,11,0,11,群益金鼎-開元,2024-05-03,9134
2611,志信,134,8,126,群益金鼎-開元,2024-05-06,9134
9933,中鼎,79,3,76,群益金鼎-開元,2024-05-06,9134
00929,復華台灣科技優息,75,4,71,群益金鼎-開元,2024-05-06,9134
00937B,群益ESG投等債20,67,7,60,群益金鼎-開元,2024-05-06,9134
2511,太子,57,0,57,群益金鼎-開元,2024-05-06,9134
2324,仁寶,53,11,42,群益金鼎-開元,2024-05-06,9134
2303,聯電,53,11,42,群益金鼎-開元,2024-05-06,9134
2618,長榮航,72,31,41,群益金鼎-開元,2024-05-06,9134
3450,聯鈞,39,1,38,群益金鼎-開元,2024-05-06,9134
2323,中環,43,6,37,群益金鼎-開元,2024-05-06,9134
3537,堡達,35,0,35,群益金鼎-開元,2024-05-06,9134
1473,台南,32,0,32,群益金鼎-開元,2024-05-06,9134
1314,中石化,52,21,31,群益金鼎-開元,2024-05-06,9134
00931B,統一美債20年,30,0,30,群益金鼎-開元,2024-05-06,9134
9955,佳龍,29,0,29,群益金鼎-開元,2024-05-06,9134
6282,康舒,24,0,24,群益金鼎-開元,2024-05-06,9134
9902,台火,46,25,21,群益金鼎-開元,2024-05-06,9134
2834,臺企銀,21,0,21,群益金鼎-開元,2024-05-06,9134
1609,大亞,26,6,20,群益金鼎-開元,2024-05-06,9134
1605,華新,46,26,20,群益金鼎-開元,2024-05-06,9134
3024,憶聲,20,0,20,群益金鼎-開元,2024-05-06,9134
2812,台中銀,20,0,20,群益金鼎-開元,2024-05-06,9134
1319,東陽,34,14,20,群益金鼎-開元,2024-05-06,9134
2501,國建,28,9,19,群益金鼎-開元,2024-05-06,9134
2301,光寶科,19,0,19,群益金鼎-開元,2024-05-06,9134
2449,京元電子,31,12,19,群益金鼎-開元,2024-05-06,9134
2892,第一金,25,7,18,群益金鼎-開元,2024-05-06,9134
2884,玉山金,21,4,17,群益金鼎-開元,2024-05-06,9134
3056,富華新,24,7,17,群益金鼎-開元,2024-05-06,9134
5434,崇越,16,1,15,群益金鼎-開元,2024-05-06,9134
5512,力麒,23,8,15,群益金鼎-開元,2024-05-06,9134
6016,康和證,16,1,15,群益金鼎-開元,2024-05-06,9134
1815,富喬,15,0,15,群益金鼎-開元,2024-05-06,9134
00751B,元大AAA至A公司債,14,0,14,群益金鼎-開元,2024-05-06,9134
6170,統振,15,2,13,群益金鼎-開元,2024-05-06,9134
6470,宇智,12,0,12,群益金鼎-開元,2024-05-06,9134
8926,台汽電,11,0,11,群益金鼎-開元,2024-05-06,9134
9940,信義,11,0,11,群益金鼎-開元,2024-05-06,9134
5213,亞昕,16,5,11,群益金鼎-開元,2024-05-06,9134
1440,南紡,12,1,11,群益金鼎-開元,2024-05-06,9134
3494,誠研,10,0,10,群益金鼎-開元,2024-05-06,9134
2929,淘帝-KY,10,0,10,群益金鼎-開元,2024-05-06,9134
2883B,凱基金乙特,10,0,10,群益金鼎-開元,2024-05-06,9134
1455,集盛,10,0,10,群益金鼎-開元,2024-05-06,9134
6173,信昌電,14,4,10,群益金鼎-開元,2024-05-06,9134
1217,愛之味,10,0,10,群益金鼎-開元,2024-05-06,9134
4974,亞泰,10,0,10,群益金鼎-開元,2024-05-06,9134
2022,聚亨,10,0,10,群益金鼎-開元,2024-05-06,9134
6477,安集,10,0,10,群益金鼎-開元,2024-05-06,9134
3711,日月光投控,11,1,10,群益金鼎-開元,2024-05-06,9134
00937B,群益ESG投等債20,105,0,105,群益金鼎-開元,2024-05-07,9134
3231,緯創,77,3,74,群益金鼎-開元,2024-05-07,9134
6282,康舒,70,0,70,群益金鼎-開元,2024-05-07,9134
2855,統一證,54,1,53,群益金鼎-開元,2024-05-07,9134
6016,康和證,55,2,53,群益金鼎-開元,2024-05-07,9134
2324,仁寶,55,3,52,群益金鼎-開元,2024-05-07,9134
5315,光聯,48,0,48,群益金鼎-開元,2024-05-07,9134
2344,華邦電,46,0,46,群益金鼎-開元,2024-05-07,9134
00929,復華台灣科技優息,50,6,44,群益金鼎-開元,2024-05-07,9134
3481,群創,45,1,44,群益金鼎-開元,2024-05-07,9134
00940,元大台灣價值高息,64,23,41,群益金鼎-開元,2024-05-07,9134
2888,新光金,51,11,40,群益金鼎-開元,2024-05-07,9134
00878,國泰永續高股息,42,5,37,群益金鼎-開元,2024-05-07,9134
1473,台南,33,0,33,群益金鼎-開元,2024-05-07,9134
3056,富華新,32,0,32,群益金鼎-開元,2024-05-07,9134
5009,榮剛,33,1,32,群益金鼎-開元,2024-05-07,9134
2486,一詮,87,55,32,群益金鼎-開元,2024-05-07,9134
2603,長榮,32,1,31,群益金鼎-開元,2024-05-07,9134
5871,中租-KY,29,0,29,群益金鼎-開元,2024-05-07,9134
3033,威健,27,2,25,群益金鼎-開元,2024-05-07,9134
6125,廣運,28,5,23,群益金鼎-開元,2024-05-07,9134
6005,群益證,36,14,22,群益金鼎-開元,2024-05-07,9134
9933,中鼎,26,4,22,群益金鼎-開元,2024-05-07,9134
6189,豐藝,25,5,20,群益金鼎-開元,2024-05-07,9134
2489,瑞軒,20,0,20,群益金鼎-開元,2024-05-07,9134
3024,憶聲,30,11,19,群益金鼎-開元,2024-05-07,9134
6153,嘉聯益,19,1,18,群益金鼎-開元,2024-05-07,9134
6215,和椿,25,9,16,群益金鼎-開元,2024-05-07,9134
6220,岳豐,15,0,15,群益金鼎-開元,2024-05-07,9134
3052,夆典,20,5,15,群益金鼎-開元,2024-05-07,9134
2501,國建,25,10,15,群益金鼎-開元,2024-05-07,9134
2323,中環,13,0,13,群益金鼎-開元,2024-05-07,9134
1905,華紙,14,1,13,群益金鼎-開元,2024-05-07,9134
3234,光環,13,0,13,群益金鼎-開元,2024-05-07,9134
2834,臺企銀,22,10,12,群益金鼎-開元,2024-05-07,9134
1605,華新,12,0,12,群益金鼎-開元,2024-05-07,9134
2023,燁輝,12,0,12,群益金鼎-開元,2024-05-07,9134
2345,智邦,11,0,11,群益金鼎-開元,2024-05-07,9134
2405,輔信,11,0,11,群益金鼎-開元,2024-05-07,9134
4306,炎洲,11,0,11,群益金鼎-開元,2024-05-07,9134
5608,四維航,14,3,11,群益金鼎-開元,2024-05-07,9134
2929,淘帝-KY,10,0,10,群益金鼎-開元,2024-05-07,9134
00915,凱基優選高股息30,10,0,10,群益金鼎-開元,2024-05-07,9134
00715L,期街口布蘭特正2,10,0,10,群益金鼎-開元,2024-05-07,9134
2812,台中銀,10,0,10,群益金鼎-開元,2024-05-07,9134
1455,集盛,10,0,10,群益金鼎-開元,2024-05-07,9134
1342,八貫,12,2,10,群益金鼎-開元,2024-05-07,9134
4564,元翎,10,0,10,群益金鼎-開元,2024-05-07,9134
2884,玉山金,19,9,10,群益金鼎-開元,2024-05-07,9134
1319,東陽,13,4,9,群益金鼎-開元,2024-05-07,9134
2511,太子,607,0,607,群益金鼎-開元,2024-05-08,9134
3481,群創,220,5,215,群益金鼎-開元,2024-05-08,9134
2884,玉山金,194,15,179,群益金鼎-開元,2024-05-08,9134
6015,宏遠證,142,0,142,群益金鼎-開元,2024-05-08,9134
00688L,國泰20年美債正2,140,60,80,群益金鼎-開元,2024-05-08,9134
6016,康和證,62,0,62,群益金鼎-開元,2024-05-08,9134
00878,國泰永續高股息,69,11,58,群益金鼎-開元,2024-05-08,9134
00929,復華台灣科技優息,60,3,57,群益金鼎-開元,2024-05-08,9134
3034,聯詠,52,0,52,群益金鼎-開元,2024-05-08,9134
00940,元大台灣價值高息,60,9,51,群益金鼎-開元,2024-05-08,9134
00942B,台新美A公司債20+,50,0,50,群益金鼎-開元,2024-05-08,9134
5871,中租-KY,49,1,48,群益金鼎-開元,2024-05-08,9134
2344,華邦電,46,2,44,群益金鼎-開元,2024-05-08,9134
1314,中石化,42,0,42,群益金鼎-開元,2024-05-08,9134
2889,國票金,40,2,38,群益金鼎-開元,2024-05-08,9134
1473,台南,35,0,35,群益金鼎-開元,2024-05-08,9134
6005,群益證,33,0,33,群益金鼎-開元,2024-05-08,9134
2501,國建,45,13,32,群益金鼎-開元,2024-05-08,9134
1201,味全,30,0,30,群益金鼎-開元,2024-05-08,9134
8936,國統,33,3,30,群益金鼎-開元,2024-05-08,9134
2603,長榮,28,0,28,群益金鼎-開元,2024-05-08,9134
6282,康舒,27,1,26,群益金鼎-開元,2024-05-08,9134
1321,大洋,26,0,26,群益金鼎-開元,2024-05-08,9134
5508,永信建,154,129,25,群益金鼎-開元,2024-05-08,9134
00937B,群益ESG投等債20,95,71,24,群益金鼎-開元,2024-05-08,9134
00882,中信中國高股息,28,4,24,群益金鼎-開元,2024-05-08,9134
00945B,凱基美國非投等債,23,0,23,群益金鼎-開元,2024-05-08,9134
8064,東捷,32,9,23,群益金鼎-開元,2024-05-08,9134
00919,群益台灣精選高息,29,6,23,群益金鼎-開元,2024-05-08,9134
2618,長榮航,41,19,22,群益金鼎-開元,2024-05-08,9134
1434,福懋,20,0,20,群益金鼎-開元,2024-05-08,9134
2316,楠梓電,20,0,20,群益金鼎-開元,2024-05-08,9134
2230,泰茂,20,0,20,群益金鼎-開元,2024-05-08,9134
1440,南紡,27,7,20,群益金鼎-開元,2024-05-08,9134
00680L,元大美債20正2,20,0,20,群益金鼎-開元,2024-05-08,9134
2374,佳能,32,13,19,群益金鼎-開元,2024-05-08,9134
5438,東友,18,0,18,群益金鼎-開元,2024-05-08,9134
6841,長佳智能,20,2,18,群益金鼎-開元,2024-05-08,9134
00933B,國泰10Y+金融債,20,3,17,群益金鼎-開元,2024-05-08,9134
1808,潤隆,15,0,15,群益金鼎-開元,2024-05-08,9134
2597,潤弘,15,0,15,群益金鼎-開元,2024-05-08,9134
2103,台橡,15,0,15,群益金鼎-開元,2024-05-08,9134
5531,鄉林,16,1,15,群益金鼎-開元,2024-05-08,9134
9933,中鼎,15,1,14,群益金鼎-開元,2024-05-08,9134
2002,中鋼,14,1,13,群益金鼎-開元,2024-05-08,9134
00665L,富邦�琤肭磪囓�2,12,0,12,群益金鼎-開元,2024-05-08,9134
9902,台火,11,0,11,群益金鼎-開元,2024-05-08,9134
8473,山林水,11,0,11,群益金鼎-開元,2024-05-08,9134
5880,合庫金,12,1,11,群益金鼎-開元,2024-05-08,9134
3703,欣陸,12,2,10,群益金鼎-開元,2024-05-08,9134
2511,太子,405,2,403,群益金鼎-開元,2024-05-09,9134
3481,群創,165,0,165,群益金鼎-開元,2024-05-09,9134
6016,康和證,160,5,155,群益金鼎-開元,2024-05-09,9134
00937B,群益ESG投等債20,142,13,129,群益金鼎-開元,2024-05-09,9134
00857B,永豐20年美公債,70,0,70,群益金鼎-開元,2024-05-09,9134
2887E,台新戊特,68,0,68,群益金鼎-開元,2024-05-09,9134
1605,華新,66,11,55,群益金鼎-開元,2024-05-09,9134
1307,三芳,54,1,53,群益金鼎-開元,2024-05-09,9134
9955,佳龍,50,0,50,群益金鼎-開元,2024-05-09,9134
6015,宏遠證,50,0,50,群益金鼎-開元,2024-05-09,9134
3034,聯詠,49,1,48,群益金鼎-開元,2024-05-09,9134
9939,宏全,64,16,48,群益金鼎-開元,2024-05-09,9134
2611,志信,196,157,39,群益金鼎-開元,2024-05-09,9134
1808,潤隆,37,0,37,群益金鼎-開元,2024-05-09,9134
8936,國統,51,18,33,群益金鼎-開元,2024-05-09,9134
5284,jpp-KY,31,0,31,群益金鼎-開元,2024-05-09,9134
6170,統振,30,0,30,群益金鼎-開元,2024-05-09,9134
5871,中租-KY,28,1,27,群益金鼎-開元,2024-05-09,9134
1609,大亞,46,21,25,群益金鼎-開元,2024-05-09,9134
00929,復華台灣科技優息,27,3,24,群益金鼎-開元,2024-05-09,9134
2834,臺企銀,23,1,22,群益金鼎-開元,2024-05-09,9134
3231,緯創,32,10,22,群益金鼎-開元,2024-05-09,9134
2408,南亞科,22,0,22,群益金鼎-開元,2024-05-09,9134
00932,兆豐永續高息等權,22,0,22,群益金鼎-開元,2024-05-09,9134
5340,建榮,25,3,22,群益金鼎-開元,2024-05-09,9134
00687B,國泰20年美債,22,1,21,群益金鼎-開元,2024-05-09,9134
3047,訊舟,23,2,21,群益金鼎-開元,2024-05-09,9134
3260,威剛,32,12,20,群益金鼎-開元,2024-05-09,9134
2855,統一證,21,1,20,群益金鼎-開元,2024-05-09,9134
3024,憶聲,22,2,20,群益金鼎-開元,2024-05-09,9134
00688L,國泰20年美債正2,20,0,20,群益金鼎-開元,2024-05-09,9134
6005,群益證,20,1,19,群益金鼎-開元,2024-05-09,9134
1473,台南,20,1,19,群益金鼎-開元,2024-05-09,9134
8096,擎亞,26,8,18,群益金鼎-開元,2024-05-09,9134
2601,益航,23,6,17,群益金鼎-開元,2024-05-09,9134
9933,中鼎,16,0,16,群益金鼎-開元,2024-05-09,9134
1301,台塑,16,1,15,群益金鼎-開元,2024-05-09,9134
6282,康舒,16,1,15,群益金鼎-開元,2024-05-09,9134
2888,新光金,32,17,15,群益金鼎-開元,2024-05-09,9134
5608,四維航,20,6,14,群益金鼎-開元,2024-05-09,9134
2371,大同,22,9,13,群益金鼎-開元,2024-05-09,9134
3036,文曄,22,9,13,群益金鼎-開元,2024-05-09,9134
00878,國泰永續高股息,18,5,13,群益金鼎-開元,2024-05-09,9134
2409,友達,14,1,13,群益金鼎-開元,2024-05-09,9134
00940,元大台灣價值高息,52,40,12,群益金鼎-開元,2024-05-09,9134
00944,野村趨勢動能高息,12,0,12,群益金鼎-開元,2024-05-09,9134
2881,富邦金,13,1,12,群益金鼎-開元,2024-05-09,9134
2597,潤弘,11,0,11,群益金鼎-開元,2024-05-09,9134
2610,華航,17,6,11,群益金鼎-開元,2024-05-09,9134
00933B,國泰10Y+金融債,11,0,11,群益金鼎-開元,2024-05-09,9134
00937B,群益ESG投等債20,522,20,502,群益金鼎-開元,2024-05-10,9134
00946,群益科技高息成長,233,20,213,群益金鼎-開元,2024-05-10,9134
00632R,元大台灣50反1,171,0,171,群益金鼎-開元,2024-05-10,9134
00882,中信中國高股息,203,70,133,群益金鼎-開元,2024-05-10,9134
00929,復華台灣科技優息,128,2,126,群益金鼎-開元,2024-05-10,9134
6026,福邦證,93,1,92,群益金鼎-開元,2024-05-10,9134
3481,群創,101,24,77,群益金鼎-開元,2024-05-10,9134
6016,康和證,59,3,56,群益金鼎-開元,2024-05-10,9134
00645,富邦日本,53,0,53,群益金鼎-開元,2024-05-10,9134
00679B,元大美債20年,36,2,34,群益金鼎-開元,2024-05-10,9134
2313,華通,104,74,30,群益金鼎-開元,2024-05-10,9134
2618,長榮航,75,46,29,群益金鼎-開元,2024-05-10,9134
1307,三芳,27,2,25,群益金鼎-開元,2024-05-10,9134
6015,宏遠證,25,0,25,群益金鼎-開元,2024-05-10,9134
2348,海悅,25,0,25,群益金鼎-開元,2024-05-10,9134
8112,至上,32,7,25,群益金鼎-開元,2024-05-10,9134
8936,國統,25,1,24,群益金鼎-開元,2024-05-10,9134
2427,三商電,24,0,24,群益金鼎-開元,2024-05-10,9134
1316,上曜,22,0,22,群益金鼎-開元,2024-05-10,9134
00688L,國泰20年美債正2,20,0,20,群益金鼎-開元,2024-05-10,9134
00919,群益台灣精選高息,23,4,19,群益金鼎-開元,2024-05-10,9134
2317,鴻海,25,8,17,群益金鼎-開元,2024-05-10,9134
9945,潤泰新,15,0,15,群益金鼎-開元,2024-05-10,9134
2887,台新金,30,16,14,群益金鼎-開元,2024-05-10,9134
2597,潤弘,14,0,14,群益金鼎-開元,2024-05-10,9134
00733,富邦臺灣中小,15,2,13,群益金鼎-開元,2024-05-10,9134
2542,興富發,12,0,12,群益金鼎-開元,2024-05-10,9134
2426,鼎元,12,0,12,群益金鼎-開元,2024-05-10,9134
3047,訊舟,12,0,12,群益金鼎-開元,2024-05-10,9134
5608,四維航,19,7,12,群益金鼎-開元,2024-05-10,9134
3013,晟銘電,126,115,11,群益金鼎-開元,2024-05-10,9134
5531,鄉林,11,0,11,群益金鼎-開元,2024-05-10,9134
2367,燿華,27,16,11,群益金鼎-開元,2024-05-10,9134
2867,三商壽,13,3,10,群益金鼎-開元,2024-05-10,9134
00647L,元大S＆P500正2,10,0,10,群益金鼎-開元,2024-05-10,9134
1447,力鵬,12,2,10,群益金鼎-開元,2024-05-10,9134
5340,建榮,10,0,10,群益金鼎-開元,2024-05-10,9134
6605,帝寶,10,0,10,群益金鼎-開元,2024-05-10,9134
9955,佳龍,10,0,10,群益金鼎-開元,2024-05-10,9134
1336,台翰,10,0,10,群益金鼎-開元,2024-05-10,9134
3088,艾訊,10,0,10,群益金鼎-開元,2024-05-10,9134
00706L,期元大S＆P日圓正2,10,0,10,群益金鼎-開元,2024-05-10,9134
3494,誠研,10,0,10,群益金鼎-開元,2024-05-10,9134
2486,一詮,34,25,9,群益金鼎-開元,2024-05-10,9134
6235,華孚,9,0,9,群益金鼎-開元,2024-05-10,9134
2409,友達,11,2,9,群益金鼎-開元,2024-05-10,9134
1268,漢來美食,8,0,8,群益金鼎-開元,2024-05-10,9134
8926,台汽電,9,1,8,群益金鼎-開元,2024-05-10,9134
6274,台燿,8,0,8,群益金鼎-開元,2024-05-10,9134
3576,聯合再生,16,8,8,群益金鼎-開元,2024-05-10,9134
00937B,群益ESG投等債20,231,20,211,群益金鼎-開元,2024-05-13,9134
00929,復華台灣科技優息,231,23,208,群益金鼎-開元,2024-05-13,9134
2611,志信,159,1,158,群益金鼎-開元,2024-05-13,9134
5871,中租-KY,101,5,96,群益金鼎-開元,2024-05-13,9134
8358,金居,86,3,83,群益金鼎-開元,2024-05-13,9134
00632R,元大台灣50反1,110,47,63,群益金鼎-開元,2024-05-13,9134
6282,康舒,61,0,61,群益金鼎-開元,2024-05-13,9134
2618,長榮航,75,21,54,群益金鼎-開元,2024-05-13,9134
3231,緯創,64,11,53,群益金鼎-開元,2024-05-13,9134
00679B,元大美債20年,46,0,46,群益金鼎-開元,2024-05-13,9134
00688L,國泰20年美債正2,45,0,45,群益金鼎-開元,2024-05-13,9134
2887E,台新戊特,41,0,41,群益金鼎-開元,2024-05-13,9134
1815,富喬,140,100,40,群益金鼎-開元,2024-05-13,9134
2348,海悅,41,3,38,群益金鼎-開元,2024-05-13,9134
2883,凱基金,93,63,30,群益金鼎-開元,2024-05-13,9134
4114,健喬,30,0,30,群益金鼎-開元,2024-05-13,9134
2105,正新,41,12,29,群益金鼎-開元,2024-05-13,9134
5475,德宏,29,2,27,群益金鼎-開元,2024-05-13,9134
3260,威剛,31,7,24,群益金鼎-開元,2024-05-13,9134
3605,宏致,23,0,23,群益金鼎-開元,2024-05-13,9134
2489,瑞軒,22,0,22,群益金鼎-開元,2024-05-13,9134
8936,國統,24,2,22,群益金鼎-開元,2024-05-13,9134
2355,敬鵬,26,5,21,群益金鼎-開元,2024-05-13,9134
2426,鼎元,20,0,20,群益金鼎-開元,2024-05-13,9134
5521,工信,20,0,20,群益金鼎-開元,2024-05-13,9134
2317,鴻海,40,21,19,群益金鼎-開元,2024-05-13,9134
1314,中石化,19,0,19,群益金鼎-開元,2024-05-13,9134
1101,台泥,24,6,18,群益金鼎-開元,2024-05-13,9134
00946,群益科技高息成長,17,0,17,群益金鼎-開元,2024-05-13,9134
2486,一詮,43,26,17,群益金鼎-開元,2024-05-13,9134
2323,中環,19,2,17,群益金鼎-開元,2024-05-13,9134
5009,榮剛,36,20,16,群益金鼎-開元,2024-05-13,9134
6015,宏遠證,15,0,15,群益金鼎-開元,2024-05-13,9134
00932,兆豐永續高息等權,15,0,15,群益金鼎-開元,2024-05-13,9134
9950,萬國通,25,10,15,群益金鼎-開元,2024-05-13,9134
5328,華容,14,0,14,群益金鼎-開元,2024-05-13,9134
2241,艾姆勒,13,0,13,群益金鼎-開元,2024-05-13,9134
3034,聯詠,13,0,13,群益金鼎-開元,2024-05-13,9134
1104,環泥,12,0,12,群益金鼎-開元,2024-05-13,9134
2637,慧洋-KY,50,38,12,群益金鼎-開元,2024-05-13,9134
2354,鴻準,13,1,12,群益金鼎-開元,2024-05-13,9134
1303,南亞,11,0,11,群益金鼎-開元,2024-05-13,9134
1609,大亞,21,10,11,群益金鼎-開元,2024-05-13,9134
00720B,元大投資級公司債,11,0,11,群益金鼎-開元,2024-05-13,9134
6163,華電網,11,0,11,群益金鼎-開元,2024-05-13,9134
3450,聯鈞,13,2,11,群益金鼎-開元,2024-05-13,9134
2371,大同,50,39,11,群益金鼎-開元,2024-05-13,9134
00764B,群益25年美債,10,0,10,群益金鼎-開元,2024-05-13,9134
4414,如興,10,0,10,群益金鼎-開元,2024-05-13,9134
6016,康和證,10,0,10,群益金鼎-開元,2024-05-13,9134
1314,中石化,1351,6,1345,群益金鼎-開元,2024-05-14,9134
2615,萬海,917,445,472,群益金鼎-開元,2024-05-14,9134
00937B,群益ESG投等債20,284,18,266,群益金鼎-開元,2024-05-14,9134
5608,四維航,321,70,251,群益金鼎-開元,2024-05-14,9134
2344,華邦電,107,0,107,群益金鼎-開元,2024-05-14,9134
1609,大亞,118,16,102,群益金鼎-開元,2024-05-14,9134
00932,兆豐永續高息等權,70,2,68,群益金鼎-開元,2024-05-14,9134
00688L,國泰20年美債正2,65,0,65,群益金鼎-開元,2024-05-14,9134
5864,致和證,65,0,65,群益金鼎-開元,2024-05-14,9134
3303,岱稜,101,56,45,群益金鼎-開元,2024-05-14,9134
00946,群益科技高息成長,46,13,33,群益金鼎-開元,2024-05-14,9134
1446,宏和,32,0,32,群益金鼎-開元,2024-05-14,9134
5328,華容,32,0,32,群益金鼎-開元,2024-05-14,9134
2412,中華電,30,0,30,群益金鼎-開元,2024-05-14,9134
9945,潤泰新,34,8,26,群益金鼎-開元,2024-05-14,9134
3703,欣陸,25,0,25,群益金鼎-開元,2024-05-14,9134
3231,緯創,33,9,24,群益金鼎-開元,2024-05-14,9134
6016,康和證,22,0,22,群益金鼎-開元,2024-05-14,9134
6189,豐藝,21,1,20,群益金鼎-開元,2024-05-14,9134
2414,精技,20,0,20,群益金鼎-開元,2024-05-14,9134
00712,復華富時不動產,20,0,20,群益金鼎-開元,2024-05-14,9134
2834,臺企銀,18,1,17,群益金鼎-開元,2024-05-14,9134
5871,中租-KY,18,1,17,群益金鼎-開元,2024-05-14,9134
1101,台泥,17,1,16,群益金鼎-開元,2024-05-14,9134
6215,和椿,48,32,16,群益金鼎-開元,2024-05-14,9134
2610,華航,24,9,15,群益金鼎-開元,2024-05-14,9134
6863,永道-KY,25,10,15,群益金鼎-開元,2024-05-14,9134
2883,凱基金,20,7,13,群益金鼎-開元,2024-05-14,9134
3694,海華,17,4,13,群益金鼎-開元,2024-05-14,9134
2542,興富發,12,0,12,群益金鼎-開元,2024-05-14,9134
2801,彰銀,12,0,12,群益金鼎-開元,2024-05-14,9134
00679B,元大美債20年,17,5,12,群益金鼎-開元,2024-05-14,9134
2376,技嘉,17,5,12,群益金鼎-開元,2024-05-14,9134
2618,長榮航,18,7,11,群益金鼎-開元,2024-05-14,9134
2612,中航,11,0,11,群益金鼎-開元,2024-05-14,9134
9944,新麗,10,0,10,群益金鼎-開元,2024-05-14,9134
9940,信義,10,0,10,群益金鼎-開元,2024-05-14,9134
00632R,元大台灣50反1,50,40,10,群益金鼎-開元,2024-05-14,9134
5302,太欣,10,0,10,群益金鼎-開元,2024-05-14,9134
00665L,富邦�琤肭磪囓�2,10,0,10,群益金鼎-開元,2024-05-14,9134
3450,聯鈞,10,0,10,群益金鼎-開元,2024-05-14,9134
8473,山林水,10,0,10,群益金鼎-開元,2024-05-14,9134
5521,工信,10,0,10,群益金鼎-開元,2024-05-14,9134
00830,國泰費城半導體,10,0,10,群益金鼎-開元,2024-05-14,9134
6116,彩晶,10,0,10,群益金鼎-開元,2024-05-14,9134
00929,復華台灣科技優息,31,22,9,群益金鼎-開元,2024-05-14,9134
00941,中信上游半導體,10,1,9,群益金鼎-開元,2024-05-14,9134
1808,潤隆,9,0,9,群益金鼎-開元,2024-05-14,9134
2308,台達電,10,1,9,群益金鼎-開元,2024-05-14,9134
3038,全台,10,1,9,群益金鼎-開元,2024-05-14,9134
2888,新光金,717,12,705,群益金鼎-開元,2024-05-15,9134
00632R,元大台灣50反1,749,200,549,群益金鼎-開元,2024-05-15,9134
2367,燿華,424,174,250,群益金鼎-開元,2024-05-15,9134
00937B,群益ESG投等債20,199,10,189,群益金鼎-開元,2024-05-15,9134
2867,三商壽,79,2,77,群益金鼎-開元,2024-05-15,9134
00688L,國泰20年美債正2,70,0,70,群益金鼎-開元,2024-05-15,9134
6863,永道-KY,76,23,53,群益金鼎-開元,2024-05-15,9134
3047,訊舟,55,12,43,群益金鼎-開元,2024-05-15,9134
00919,群益台灣精選高息,53,11,42,群益金鼎-開元,2024-05-15,9134
6180,橘子,46,4,42,群益金鼎-開元,2024-05-15,9134
3356,奇偶,53,11,42,群益金鼎-開元,2024-05-15,9134
00946,群益科技高息成長,38,0,38,群益金鼎-開元,2024-05-15,9134
2618,長榮航,41,10,31,群益金鼎-開元,2024-05-15,9134
2236,百達-KY,30,0,30,群益金鼎-開元,2024-05-15,9134
2356,英業達,107,78,29,群益金鼎-開元,2024-05-15,9134
5355,佳總,29,0,29,群益金鼎-開元,2024-05-15,9134
00932,兆豐永續高息等權,28,0,28,群益金鼎-開元,2024-05-15,9134
1609,大亞,33,6,27,群益金鼎-開元,2024-05-15,9134
2349,錸德,27,0,27,群益金鼎-開元,2024-05-15,9134
2486,一詮,45,19,26,群益金鼎-開元,2024-05-15,9134
6235,華孚,22,0,22,群益金鼎-開元,2024-05-15,9134
6753,龍德造船,30,8,22,群益金鼎-開元,2024-05-15,9134
00712,復華富時不動產,20,0,20,群益金鼎-開元,2024-05-15,9134
2401,凌陽,22,3,19,群益金鼎-開元,2024-05-15,9134
1312,國喬,22,5,17,群益金鼎-開元,2024-05-15,9134
00940,元大台灣價值高息,36,20,16,群益金鼎-開元,2024-05-15,9134
00679B,元大美債20年,16,0,16,群益金鼎-開元,2024-05-15,9134
2323,中環,49,33,16,群益金鼎-開元,2024-05-15,9134
9904,寶成,16,0,16,群益金鼎-開元,2024-05-15,9134
00941,中信上游半導體,15,0,15,群益金鼎-開元,2024-05-15,9134
1310,台苯,15,0,15,群益金鼎-開元,2024-05-15,9134
1449,佳和,15,0,15,群益金鼎-開元,2024-05-15,9134
5521,工信,15,0,15,群益金鼎-開元,2024-05-15,9134
4114,健喬,15,0,15,群益金鼎-開元,2024-05-15,9134
9944,新麗,15,0,15,群益金鼎-開元,2024-05-15,9134
6215,和椿,66,52,14,群益金鼎-開元,2024-05-15,9134
3024,憶聲,20,6,14,群益金鼎-開元,2024-05-15,9134
6177,達麗,17,3,14,群益金鼎-開元,2024-05-15,9134
6257,矽格,16,3,13,群益金鼎-開元,2024-05-15,9134
5009,榮剛,12,0,12,群益金鼎-開元,2024-05-15,9134
2352,佳世達,13,1,12,群益金鼎-開元,2024-05-15,9134
6770,力積電,15,3,12,群益金鼎-開元,2024-05-15,9134
2636,台驊控股,11,0,11,群益金鼎-開元,2024-05-15,9134
6282,康舒,10,0,10,群益金鼎-開元,2024-05-15,9134
4542,科嶠,11,1,10,群益金鼎-開元,2024-05-15,9134
5328,華容,10,0,10,群益金鼎-開元,2024-05-15,9134
9940,信義,10,0,10,群益金鼎-開元,2024-05-15,9134
5864,致和證,10,0,10,群益金鼎-開元,2024-05-15,9134
1101,台泥,10,0,10,群益金鼎-開元,2024-05-15,9134
2547,日勝生,10,0,10,群益金鼎-開元,2024-05-15,9134
00937B,群益ESG投等債20,324,55,269,群益金鼎-開元,2024-05-16,9134
00929,復華台灣科技優息,223,27,196,群益金鼎-開元,2024-05-16,9134
2883,凱基金,217,30,187,群益金鼎-開元,2024-05-16,9134
00679B,元大美債20年,86,2,84,群益金鼎-開元,2024-05-16,9134
00632R,元大台灣50反1,109,32,77,群益金鼎-開元,2024-05-16,9134
3231,緯創,138,65,73,群益金鼎-開元,2024-05-16,9134
2867,三商壽,120,51,69,群益金鼎-開元,2024-05-16,9134
00688L,國泰20年美債正2,65,0,65,群益金鼎-開元,2024-05-16,9134
1795,美時,58,7,51,群益金鼎-開元,2024-05-16,9134
2356,英業達,55,13,42,群益金鼎-開元,2024-05-16,9134
2365,昆盈,60,20,40,群益金鼎-開元,2024-05-16,9134
00650L,復華香港正2,40,1,39,群益金鼎-開元,2024-05-16,9134
8096,擎亞,46,7,39,群益金鼎-開元,2024-05-16,9134
2609,陽明,154,119,35,群益金鼎-開元,2024-05-16,9134
4114,健喬,35,0,35,群益金鼎-開元,2024-05-16,9134
2301,光寶科,34,3,31,群益金鼎-開元,2024-05-16,9134
2371,大同,27,6,21,群益金鼎-開元,2024-05-16,9134
9944,新麗,20,0,20,群益金鼎-開元,2024-05-16,9134
2316,楠梓電,21,2,19,群益金鼎-開元,2024-05-16,9134
6278,台表科,18,1,17,群益金鼎-開元,2024-05-16,9134
5521,工信,17,1,16,群益金鼎-開元,2024-05-16,9134
3481,群創,83,67,16,群益金鼎-開元,2024-05-16,9134
00891,中信關鍵半導體,16,0,16,群益金鼎-開元,2024-05-16,9134
5355,佳總,15,0,15,群益金鼎-開元,2024-05-16,9134
2801,彰銀,16,1,15,群益金鼎-開元,2024-05-16,9134
2367,燿華,156,141,15,群益金鼎-開元,2024-05-16,9134
3706,神達,20,6,14,群益金鼎-開元,2024-05-16,9134
8926,台汽電,14,2,12,群益金鼎-開元,2024-05-16,9134
8383,千附,11,0,11,群益金鼎-開元,2024-05-16,9134
1303,南亞,11,0,11,群益金鼎-開元,2024-05-16,9134
1319,東陽,23,13,10,群益金鼎-開元,2024-05-16,9134
00887,永豐中國科技50大,10,0,10,群益金鼎-開元,2024-05-16,9134
00720B,元大投資級公司債,10,0,10,群益金鼎-開元,2024-05-16,9134
00752,中信中國50,10,0,10,群益金鼎-開元,2024-05-16,9134
00712,復華富時不動產,10,0,10,群益金鼎-開元,2024-05-16,9134
00945B,凱基美國非投等債,10,0,10,群益金鼎-開元,2024-05-16,9134
5315,光聯,10,0,10,群益金鼎-開元,2024-05-16,9134
3576,聯合再生,16,6,10,群益金鼎-開元,2024-05-16,9134
1711,永光,10,0,10,群益金鼎-開元,2024-05-16,9134
1316,上曜,11,2,9,群益金鼎-開元,2024-05-16,9134
5392,能率,13,4,9,群益金鼎-開元,2024-05-16,9134
1312,國喬,10,1,9,群益金鼎-開元,2024-05-16,9134
8222,寶一,11,2,9,群益金鼎-開元,2024-05-16,9134
6753,龍德造船,11,2,9,群益金鼎-開元,2024-05-16,9134
2915,潤泰全,12,4,8,群益金鼎-開元,2024-05-16,9134
4935,茂林-KY,8,0,8,群益金鼎-開元,2024-05-16,9134
4561,健椿,11,3,8,群益金鼎-開元,2024-05-16,9134
2359,所羅門,34,26,8,群益金鼎-開元,2024-05-16,9134
2634,漢翔,8,1,7,群益金鼎-開元,2024-05-16,9134
6282,康舒,8,1,7,群益金鼎-開元,2024-05-16,9134
00929,復華台灣科技優息,323,0,323,群益金鼎-開元,2024-05-17,9134
00937B,群益ESG投等債20,268,30,238,群益金鼎-開元,2024-05-17,9134
5871,中租-KY,156,0,156,群益金鼎-開元,2024-05-17,9134
1218,泰山,102,0,102,群益金鼎-開元,2024-05-17,9134
2888,新光金,81,10,71,群益金鼎-開元,2024-05-17,9134
6770,力積電,75,13,62,群益金鼎-開元,2024-05-17,9134
2453,凌群,52,3,49,群益金鼎-開元,2024-05-17,9134
00679B,元大美債20年,42,0,42,群益金鼎-開元,2024-05-17,9134
2367,燿華,249,217,32,群益金鼎-開元,2024-05-17,9134
3059,華晶科,32,5,27,群益金鼎-開元,2024-05-17,9134
3481,群創,46,20,26,群益金鼎-開元,2024-05-17,9134
2891,中信金,31,5,26,群益金鼎-開元,2024-05-17,9134
2365,昆盈,27,1,26,群益金鼎-開元,2024-05-17,9134
1314,中石化,28,5,23,群益金鼎-開元,2024-05-17,9134
00632R,元大台灣50反1,21,0,21,群益金鼎-開元,2024-05-17,9134
4763,材料-KY,20,1,19,群益金鼎-開元,2024-05-17,9134
00712,復華富時不動產,16,0,16,群益金鼎-開元,2024-05-17,9134
6257,矽格,18,3,15,群益金鼎-開元,2024-05-17,9134
00940,元大台灣價值高息,54,40,14,群益金鼎-開元,2024-05-17,9134
2605,新興,17,3,14,群益金鼎-開元,2024-05-17,9134
2637,慧洋-KY,16,2,14,群益金鼎-開元,2024-05-17,9134
00919,群益台灣精選高息,18,5,13,群益金鼎-開元,2024-05-17,9134
3060,銘異,26,13,13,群益金鼎-開元,2024-05-17,9134
6425,易發,14,1,13,群益金鼎-開元,2024-05-17,9134
1471,首利,12,0,12,群益金鼎-開元,2024-05-17,9134
2374,佳能,78,67,11,群益金鼎-開元,2024-05-17,9134
2417,圓剛,14,3,11,群益金鼎-開元,2024-05-17,9134
1708,東鹼,22,11,11,群益金鼎-開元,2024-05-17,9134
3576,聯合再生,31,20,11,群益金鼎-開元,2024-05-17,9134
2610,華航,50,39,11,群益金鼎-開元,2024-05-17,9134
6215,和椿,29,18,11,群益金鼎-開元,2024-05-17,9134
6182,合晶,13,3,10,群益金鼎-開元,2024-05-17,9134
4935,茂林-KY,10,0,10,群益金鼎-開元,2024-05-17,9134
2630,亞航,16,6,10,群益金鼎-開元,2024-05-17,9134
1709,和益,10,0,10,群益金鼎-開元,2024-05-17,9134
2915,潤泰全,12,2,10,群益金鼎-開元,2024-05-17,9134
1720,生達,10,0,10,群益金鼎-開元,2024-05-17,9134
00864B,中信美國公債0-1,10,0,10,群益金鼎-開元,2024-05-17,9134
6168,宏齊,12,2,10,群益金鼎-開元,2024-05-17,9134
9940,信義,10,0,10,群益金鼎-開元,2024-05-17,9134
4973,廣穎,10,0,10,群益金鼎-開元,2024-05-17,9134
5876,上海商銀,25,15,10,群益金鼎-開元,2024-05-17,9134
3665,貿聯-KY,10,0,10,群益金鼎-開元,2024-05-17,9134
3049,精金,10,0,10,群益金鼎-開元,2024-05-17,9134
9904,寶成,12,2,10,群益金鼎-開元,2024-05-17,9134
2392,正崴,10,1,9,群益金鼎-開元,2024-05-17,9134
2537,聯上發,9,0,9,群益金鼎-開元,2024-05-17,9134
2356,英業達,11,2,9,群益金鼎-開元,2024-05-17,9134
3512,皇龍,10,1,9,群益金鼎-開元,2024-05-17,9134
2449,京元電子,11,2,9,群益金鼎-開元,2024-05-17,9134
00937B,群益ESG投等債20,214,15,199,群益金鼎-開元,2024-05-20,9134
2867,三商壽,206,79,127,群益金鼎-開元,2024-05-20,9134
00929,復華台灣科技優息,143,35,108,群益金鼎-開元,2024-05-20,9134
2610,華航,143,57,86,群益金鼎-開元,2024-05-20,9134
8358,金居,84,3,81,群益金鼎-開元,2024-05-20,9134
2317,鴻海,90,19,71,群益金鼎-開元,2024-05-20,9134
5434,崇越,70,0,70,群益金鼎-開元,2024-05-20,9134
9105,泰金寶-DR,60,0,60,群益金鼎-開元,2024-05-20,9134
2611,志信,61,2,59,群益金鼎-開元,2024-05-20,9134
00923,群益台ESG低碳50,51,0,51,群益金鼎-開元,2024-05-20,9134
00679B,元大美債20年,50,0,50,群益金鼎-開元,2024-05-20,9134
2618,長榮航,123,80,43,群益金鼎-開元,2024-05-20,9134
00688L,國泰20年美債正2,43,0,43,群益金鼎-開元,2024-05-20,9134
00946,群益科技高息成長,55,24,31,群益金鼎-開元,2024-05-20,9134
1459,聯發,30,0,30,群益金鼎-開元,2024-05-20,9134
00887,永豐中國科技50大,30,0,30,群益金鼎-開元,2024-05-20,9134
6863,永道-KY,29,0,29,群益金鼎-開元,2024-05-20,9134
6188,廣明,28,5,23,群益金鼎-開元,2024-05-20,9134
9944,新麗,23,0,23,群益金鼎-開元,2024-05-20,9134
6215,和椿,32,10,22,群益金鼎-開元,2024-05-20,9134
5009,榮剛,24,4,20,群益金鼎-開元,2024-05-20,9134
2606,裕民,30,13,17,群益金鼎-開元,2024-05-20,9134
2636,台驊控股,16,0,16,群益金鼎-開元,2024-05-20,9134
00720B,元大投資級公司債,14,0,14,群益金鼎-開元,2024-05-20,9134
006208,富邦台50,13,0,13,群益金鼎-開元,2024-05-20,9134
2243,宏旭-KY,13,0,13,群益金鼎-開元,2024-05-20,9134
00931B,統一美債20年,13,0,13,群益金鼎-開元,2024-05-20,9134
2359,所羅門,67,55,12,群益金鼎-開元,2024-05-20,9134
4745,合富-KY,12,0,12,群益金鼎-開元,2024-05-20,9134
6275,元山,12,0,12,群益金鼎-開元,2024-05-20,9134
00687B,國泰20年美債,11,0,11,群益金鼎-開元,2024-05-20,9134
00905,FT臺灣Smart,11,0,11,群益金鼎-開元,2024-05-20,9134
1453,大將,17,6,11,群益金鼎-開元,2024-05-20,9134
2414,精技,11,0,11,群益金鼎-開元,2024-05-20,9134
1316,上曜,12,1,11,群益金鼎-開元,2024-05-20,9134
00700,富邦�琤肭磪�,10,0,10,群益金鼎-開元,2024-05-20,9134
6016,康和證,10,0,10,群益金鼎-開元,2024-05-20,9134
4167,松瑞藥,10,0,10,群益金鼎-開元,2024-05-20,9134
00665L,富邦�琤肭磪囓�2,10,0,10,群益金鼎-開元,2024-05-20,9134
00680L,元大美債20正2,10,0,10,群益金鼎-開元,2024-05-20,9134
4142,國光生,10,0,10,群益金鼎-開元,2024-05-20,9134
6472,保瑞,12,2,10,群益金鼎-開元,2024-05-20,9134
00940,元大台灣價值高息,47,38,9,群益金鼎-開元,2024-05-20,9134
2515,中工,9,0,9,群益金鼎-開元,2024-05-20,9134
6425,易發,10,1,9,群益金鼎-開元,2024-05-20,9134
5309,系統電,12,4,8,群益金鼎-開元,2024-05-20,9134
2354,鴻準,15,7,8,群益金鼎-開元,2024-05-20,9134
9904,寶成,13,5,8,群益金鼎-開元,2024-05-20,9134
6244,茂迪,8,0,8,群益金鼎-開元,2024-05-20,9134
6443,元晶,8,0,8,群益金鼎-開元,2024-05-20,9134
00632R,元大台灣50反1,550,0,550,群益金鼎-開元,2024-05-21,9134
2515,中工,523,10,513,群益金鼎-開元,2024-05-21,9134
1314,中石化,305,1,304,群益金鼎-開元,2024-05-21,9134
00937B,群益ESG投等債20,289,13,276,群益金鼎-開元,2024-05-21,9134
5864,致和證,102,0,102,群益金鼎-開元,2024-05-21,9134
00946,群益科技高息成長,113,12,101,群益金鼎-開元,2024-05-21,9134
6472,保瑞,91,0,91,群益金鼎-開元,2024-05-21,9134
2409,友達,77,3,74,群益金鼎-開元,2024-05-21,9134
00712,復華富時不動產,62,0,62,群益金鼎-開元,2024-05-21,9134
00688L,國泰20年美債正2,60,0,60,群益金鼎-開元,2024-05-21,9134
2891,中信金,55,6,49,群益金鼎-開元,2024-05-21,9134
2317,鴻海,53,4,49,群益金鼎-開元,2024-05-21,9134
1795,美時,46,3,43,群益金鼎-開元,2024-05-21,9134
2880,華南金,42,2,40,群益金鼎-開元,2024-05-21,9134
6282,康舒,35,0,35,群益金鼎-開元,2024-05-21,9134
3024,憶聲,30,1,29,群益金鼎-開元,2024-05-21,9134
2633,台灣高鐵,28,0,28,群益金鼎-開元,2024-05-21,9134
5475,德宏,31,3,28,群益金鼎-開元,2024-05-21,9134
3481,群創,28,2,26,群益金鼎-開元,2024-05-21,9134
2892,第一金,44,20,24,群益金鼎-開元,2024-05-21,9134
00919,群益台灣精選高息,38,14,24,群益金鼎-開元,2024-05-21,9134
00687B,國泰20年美債,23,0,23,群益金鼎-開元,2024-05-21,9134
1319,東陽,26,3,23,群益金鼎-開元,2024-05-21,9134
4533,協易機,38,15,23,群益金鼎-開元,2024-05-21,9134
1301,台塑,24,1,23,群益金鼎-開元,2024-05-21,9134
2241,艾姆勒,37,14,23,群益金鼎-開元,2024-05-21,9134
3306,鼎天,21,1,20,群益金鼎-開元,2024-05-21,9134
8299,群聯,20,0,20,群益金鼎-開元,2024-05-21,9134
2890,永豐金,23,5,18,群益金鼎-開元,2024-05-21,9134
1101,台泥,18,1,17,群益金鼎-開元,2024-05-21,9134
3049,精金,16,0,16,群益金鼎-開元,2024-05-21,9134
1504,東元,16,1,15,群益金鼎-開元,2024-05-21,9134
3419,譁裕,15,0,15,群益金鼎-開元,2024-05-21,9134
1303,南亞,14,0,14,群益金鼎-開元,2024-05-21,9134
1210,大成,15,2,13,群益金鼎-開元,2024-05-21,9134
00918,大華優利高填息30,12,0,12,群益金鼎-開元,2024-05-21,9134
2883,凱基金,15,2,13,群益金鼎-開元,2024-05-21,9134
1720,生達,12,0,12,群益金鼎-開元,2024-05-21,9134
2392,正崴,14,2,12,群益金鼎-開元,2024-05-21,9134
2884,玉山金,17,6,11,群益金鼎-開元,2024-05-21,9134
2851,中再保,11,0,11,群益金鼎-開元,2024-05-21,9134
2408,南亞科,11,0,11,群益金鼎-開元,2024-05-21,9134
6239,力成,11,0,11,群益金鼎-開元,2024-05-21,9134
4979,華星光,11,0,11,群益金鼎-開元,2024-05-21,9134
2603,長榮,18,8,10,群益金鼎-開元,2024-05-21,9134
2834,臺企銀,13,3,10,群益金鼎-開元,2024-05-21,9134
3630,新鉅科,10,0,10,群益金鼎-開元,2024-05-21,9134
2617,台航,10,0,10,群益金鼎-開元,2024-05-21,9134
00887,永豐中國科技50大,10,0,10,群益金鼎-開元,2024-05-21,9134
2636,台驊控股,10,0,10,群益金鼎-開元,2024-05-21,9134
2610,華航,363,33,330,群益金鼎-開元,2024-05-22,9134
00937B,群益ESG投等債20,165,6,159,群益金鼎-開元,2024-05-22,9134
2618,長榮航,47,5,42,群益金鼎-開元,2024-05-22,9134
00941,中信上游半導體,38,0,38,群益金鼎-開元,2024-05-22,9134
3706,神達,59,23,36,群益金鼎-開元,2024-05-22,9134
00918,大華優利高填息30,35,0,35,群益金鼎-開元,2024-05-22,9134
4533,協易機,56,22,34,群益金鼎-開元,2024-05-22,9134
2354,鴻準,45,12,33,群益金鼎-開元,2024-05-22,9134
2002,中鋼,38,7,31,群益金鼎-開元,2024-05-22,9134
00720B,元大投資級公司債,30,0,30,群益金鼎-開元,2024-05-22,9134
2355,敬鵬,34,6,28,群益金鼎-開元,2024-05-22,9134
2603,長榮,31,6,25,群益金鼎-開元,2024-05-22,9134
2367,燿華,95,71,24,群益金鼎-開元,2024-05-22,9134
2887,台新金,22,0,22,群益金鼎-開元,2024-05-22,9134
2489,瑞軒,23,2,21,群益金鼎-開元,2024-05-22,9134
4111,濟生,32,11,21,群益金鼎-開元,2024-05-22,9134
1720,生達,20,0,20,群益金鼎-開元,2024-05-22,9134
5475,德宏,21,1,20,群益金鼎-開元,2024-05-22,9134
00688L,國泰20年美債正2,20,0,20,群益金鼎-開元,2024-05-22,9134
3059,華晶科,27,7,20,群益金鼎-開元,2024-05-22,9134
6472,保瑞,22,2,20,群益金鼎-開元,2024-05-22,9134
3605,宏致,21,2,19,群益金鼎-開元,2024-05-22,9134
1605,華新,35,16,19,群益金鼎-開元,2024-05-22,9134
3540,曜越,20,1,19,群益金鼎-開元,2024-05-22,9134
2009,第一銅,39,21,18,群益金鼎-開元,2024-05-22,9134
5864,致和證,18,0,18,群益金鼎-開元,2024-05-22,9134
3033,威健,18,0,18,群益金鼎-開元,2024-05-22,9134
3047,訊舟,21,3,18,群益金鼎-開元,2024-05-22,9134
1618,合機,18,1,17,群益金鼎-開元,2024-05-22,9134
3013,晟銘電,39,22,17,群益金鼎-開元,2024-05-22,9134
2486,一詮,35,18,17,群益金鼎-開元,2024-05-22,9134
2206,三陽工業,14,0,14,群益金鼎-開元,2024-05-22,9134
2369,菱生,17,3,14,群益金鼎-開元,2024-05-22,9134
6285,啟��,14,0,14,群益金鼎-開元,2024-05-22,9134
3209,全科,13,0,13,群益金鼎-開元,2024-05-22,9134
1303,南亞,18,5,13,群益金鼎-開元,2024-05-22,9134
1459,聯發,13,0,13,群益金鼎-開元,2024-05-22,9134
2374,佳能,90,78,12,群益金鼎-開元,2024-05-22,9134
2465,麗臺,14,2,12,群益金鼎-開元,2024-05-22,9134
2504,國產,12,0,12,群益金鼎-開元,2024-05-22,9134
3234,光環,13,1,12,群益金鼎-開元,2024-05-22,9134
1752,南光,15,3,12,群益金鼎-開元,2024-05-22,9134
00632R,元大台灣50反1,62,50,12,群益金鼎-開元,2024-05-22,9134
4563,百德,12,0,12,群益金鼎-開元,2024-05-22,9134
5512,力麒,12,0,12,群益金鼎-開元,2024-05-22,9134
6188,廣明,67,55,12,群益金鼎-開元,2024-05-22,9134
1301,台塑,11,0,11,群益金鼎-開元,2024-05-22,9134
2880,華南金,16,5,11,群益金鼎-開元,2024-05-22,9134
6770,力積電,41,30,11,群益金鼎-開元,2024-05-22,9134
1409,新纖,12,1,11,群益金鼎-開元,2024-05-22,9134
2515,中工,405,116,289,群益金鼎-開元,2024-05-23,9134
6282,康舒,230,0,230,群益金鼎-開元,2024-05-23,9134
00937B,群益ESG投等債20,245,16,229,群益金鼎-開元,2024-05-23,9134
5512,力麒,171,0,171,群益金鼎-開元,2024-05-23,9134
2886,兆豐金,106,0,106,群益金鼎-開元,2024-05-23,9134
8936,國統,164,72,92,群益金鼎-開元,2024-05-23,9134
00940,元大台灣價值高息,120,29,91,群益金鼎-開元,2024-05-23,9134
2883,凱基金,76,9,67,群益金鼎-開元,2024-05-23,9134
00650L,復華香港正2,54,0,54,群益金鼎-開元,2024-05-23,9134
5864,致和證,52,0,52,群益金鼎-開元,2024-05-23,9134
2409,友達,47,1,46,群益金鼎-開元,2024-05-23,9134
2324,仁寶,51,6,45,群益金鼎-開元,2024-05-23,9134
2002,中鋼,41,2,39,群益金鼎-開元,2024-05-23,9134
00720B,元大投資級公司債,36,0,36,群益金鼎-開元,2024-05-23,9134
2880,華南金,66,35,31,群益金鼎-開元,2024-05-23,9134
2356,英業達,34,3,31,群益金鼎-開元,2024-05-23,9134
4114,健喬,30,0,30,群益金鼎-開元,2024-05-23,9134
1736,喬山,28,0,28,群益金鼎-開元,2024-05-23,9134
2371,大同,25,1,24,群益金鼎-開元,2024-05-23,9134
1605,華新,24,0,24,群益金鼎-開元,2024-05-23,9134
9945,潤泰新,39,15,24,群益金鼎-開元,2024-05-23,9134
9904,寶成,23,0,23,群益金鼎-開元,2024-05-23,9134
2354,鴻準,54,31,23,群益金鼎-開元,2024-05-23,9134
2882,國泰金,27,5,22,群益金鼎-開元,2024-05-23,9134
2637,慧洋-KY,22,0,22,群益金鼎-開元,2024-05-23,9134
6180,橘子,24,2,22,群益金鼎-開元,2024-05-23,9134
2610,華航,37,16,21,群益金鼎-開元,2024-05-23,9134
6505,台塑化,21,1,20,群益金鼎-開元,2024-05-23,9134
2547,日勝生,20,0,20,群益金鼎-開元,2024-05-23,9134
6168,宏齊,20,0,20,群益金鼎-開元,2024-05-23,9134
4414,如興,20,0,20,群益金鼎-開元,2024-05-23,9134
00751B,元大AAA至A公司債,20,0,20,群益金鼎-開元,2024-05-23,9134
9105,泰金寶-DR,20,0,20,群益金鼎-開元,2024-05-23,9134
2101,南港,19,0,19,群益金鼎-開元,2024-05-23,9134
1101,台泥,19,1,18,群益金鼎-開元,2024-05-23,9134
8358,金居,23,5,18,群益金鼎-開元,2024-05-23,9134
2382,廣達,24,6,18,群益金鼎-開元,2024-05-23,9134
1319,東陽,18,1,17,群益金鼎-開元,2024-05-23,9134
2851,中再保,17,0,17,群益金鼎-開元,2024-05-23,9134
00688L,國泰20年美債正2,20,3,17,群益金鼎-開元,2024-05-23,9134
4908,前鼎,21,4,17,群益金鼎-開元,2024-05-23,9134
1609,大亞,37,20,17,群益金鼎-開元,2024-05-23,9134
6147,頎邦,17,0,17,群益金鼎-開元,2024-05-23,9134
2023,燁輝,17,1,16,群益金鼎-開元,2024-05-23,9134
3362,先進光,19,3,16,群益金鼎-開元,2024-05-23,9134
00665L,富邦�琤肭磪囓�2,16,0,16,群益金鼎-開元,2024-05-23,9134
1504,東元,16,0,16,群益金鼎-開元,2024-05-23,9134
2834,臺企銀,16,1,15,群益金鼎-開元,2024-05-23,9134
1316,上曜,16,1,15,群益金鼎-開元,2024-05-23,9134
2915,潤泰全,15,0,15,群益金鼎-開元,2024-05-23,9134
00946,群益科技高息成長,416,0,416,群益金鼎-開元,2024-05-24,9134
00937B,群益ESG投等債20,309,40,269,群益金鼎-開元,2024-05-24,9134
00650L,復華香港正2,174,0,174,群益金鼎-開元,2024-05-24,9134
00712,復華富時不動產,123,0,123,群益金鼎-開元,2024-05-24,9134
00929,復華台灣科技優息,140,23,117,群益金鼎-開元,2024-05-24,9134
00680L,元大美債20正2,47,0,47,群益金鼎-開元,2024-05-24,9134
2618,長榮航,59,14,45,群益金鼎-開元,2024-05-24,9134
6472,保瑞,40,0,40,群益金鼎-開元,2024-05-24,9134
3543,州巧,40,0,40,群益金鼎-開元,2024-05-24,9134
6282,康舒,38,1,37,群益金鼎-開元,2024-05-24,9134
2892,第一金,32,0,32,群益金鼎-開元,2024-05-24,9134
5864,致和證,30,0,30,群益金鼎-開元,2024-05-24,9134
8299,群聯,30,0,30,群益金鼎-開元,2024-05-24,9134
00761B,國泰A級公司債,30,0,30,群益金鼎-開元,2024-05-24,9134
00940,元大台灣價值高息,40,10,30,群益金鼎-開元,2024-05-24,9134
2884,玉山金,29,0,29,群益金鼎-開元,2024-05-24,9134
8070,長華*,28,0,28,群益金鼎-開元,2024-05-24,9134
2867,三商壽,28,0,28,群益金鼎-開元,2024-05-24,9134
2303,聯電,50,24,26,群益金鼎-開元,2024-05-24,9134
4714,永捷,22,1,21,群益金鼎-開元,2024-05-24,9134
2302,麗正,21,0,21,群益金鼎-開元,2024-05-24,9134
3052,夆典,20,0,20,群益金鼎-開元,2024-05-24,9134
3163,波若威,52,33,19,群益金鼎-開元,2024-05-24,9134
1301,台塑,17,0,17,群益金鼎-開元,2024-05-24,9134
2002,中鋼,18,2,16,群益金鼎-開元,2024-05-24,9134
2365,昆盈,49,33,16,群益金鼎-開元,2024-05-24,9134
2414,精技,16,0,16,群益金鼎-開元,2024-05-24,9134
3576,聯合再生,17,1,16,群益金鼎-開元,2024-05-24,9134
00665L,富邦�琤肭磪囓�2,16,0,16,群益金鼎-開元,2024-05-24,9134
4979,華星光,34,18,16,群益金鼎-開元,2024-05-24,9134
1314,中石化,15,0,15,群益金鼎-開元,2024-05-24,9134
2373,震旦行,15,0,15,群益金鼎-開元,2024-05-24,9134
6863,永道-KY,17,2,15,群益金鼎-開元,2024-05-24,9134
3338,泰碩,36,22,14,群益金鼎-開元,2024-05-24,9134
1303,南亞,23,10,13,群益金鼎-開元,2024-05-24,9134
00919,群益台灣精選高息,14,1,13,群益金鼎-開元,2024-05-24,9134
3227,原相,13,0,13,群益金鼎-開元,2024-05-24,9134
2882,國泰金,12,0,12,群益金鼎-開元,2024-05-24,9134
2392,正崴,17,6,11,群益金鼎-開元,2024-05-24,9134
2017,官田鋼,11,0,11,群益金鼎-開元,2024-05-24,9134
1609,大亞,18,7,11,群益金鼎-開元,2024-05-24,9134
5880,合庫金,11,0,11,群益金鼎-開元,2024-05-24,9134
6530,創威,11,0,11,群益金鼎-開元,2024-05-24,9134
5351,鈺創,10,0,10,群益金鼎-開元,2024-05-24,9134
2027,大成鋼,10,0,10,群益金鼎-開元,2024-05-24,9134
8478,東哥遊艇,10,0,10,群益金鼎-開元,2024-05-24,9134
4523,永彰,10,0,10,群益金鼎-開元,2024-05-24,9134
2405,輔信,15,5,10,群益金鼎-開元,2024-05-24,9134
6015,宏遠證,10,0,10,群益金鼎-開元,2024-05-24,9134
00679B,元大美債20年,9,0,9,群益金鼎-開元,2024-05-24,9134
00937B,群益ESG投等債20,215,27,188,群益金鼎-開元,2024-05-27,9134
2103,台橡,103,0,103,群益金鼎-開元,2024-05-27,9134
5371,中光電,103,8,95,群益金鼎-開元,2024-05-27,9134
2353,宏��,136,61,75,群益金鼎-開元,2024-05-27,9134
2867,三商壽,76,2,74,群益金鼎-開元,2024-05-27,9134
2002,中鋼,69,0,69,群益金鼎-開元,2024-05-27,9134
00632R,元大台灣50反1,57,0,57,群益金鼎-開元,2024-05-27,9134
2367,燿華,61,7,54,群益金鼎-開元,2024-05-27,9134
1815,富喬,55,10,45,群益金鼎-開元,2024-05-27,9134
9105,泰金寶-DR,72,32,40,群益金鼎-開元,2024-05-27,9134
00712,復華富時不動產,34,0,34,群益金鼎-開元,2024-05-27,9134
2883,凱基金,41,9,32,群益金鼎-開元,2024-05-27,9134
1402,遠東新,27,0,27,群益金鼎-開元,2024-05-27,9134
2610,華航,23,0,23,群益金鼎-開元,2024-05-27,9134
2464,盟立,38,15,23,群益金鼎-開元,2024-05-27,9134
2489,瑞軒,100,77,23,群益金鼎-開元,2024-05-27,9134
3260,威剛,26,4,22,群益金鼎-開元,2024-05-27,9134
3055,蔚華科,43,22,21,群益金鼎-開元,2024-05-27,9134
00650L,復華香港正2,20,0,20,群益金鼎-開元,2024-05-27,9134
911868,同方友友-DR,20,0,20,群益金鼎-開元,2024-05-27,9134
3024,憶聲,43,23,20,群益金鼎-開元,2024-05-27,9134
5531,鄉林,20,2,18,群益金鼎-開元,2024-05-27,9134
3047,訊舟,29,12,17,群益金鼎-開元,2024-05-27,9134
6188,廣明,51,34,17,群益金鼎-開元,2024-05-27,9134
9904,寶成,16,0,16,群益金鼎-開元,2024-05-27,9134
00918,大華優利高填息30,14,0,14,群益金鼎-開元,2024-05-27,9134
2743,山富,15,2,13,群益金鼎-開元,2024-05-27,9134
2615,萬海,19,6,13,群益金鼎-開元,2024-05-27,9134
2609,陽明,27,14,13,群益金鼎-開元,2024-05-27,9134
6177,達麗,13,1,12,群益金鼎-開元,2024-05-27,9134
6488,環球晶,19,7,12,群益金鼎-開元,2024-05-27,9134
2392,正崴,24,12,12,群益金鼎-開元,2024-05-27,9134
3537,堡達,12,0,12,群益金鼎-開元,2024-05-27,9134
1609,大亞,27,16,11,群益金鼎-開元,2024-05-27,9134
1612,宏泰,11,0,11,群益金鼎-開元,2024-05-27,9134
3033,威健,27,16,11,群益金鼎-開元,2024-05-27,9134
3498,陽程,11,0,11,群益金鼎-開元,2024-05-27,9134
2426,鼎元,10,0,10,群益金鼎-開元,2024-05-27,9134
00935,野村臺灣新科技50,10,0,10,群益金鼎-開元,2024-05-27,9134
3035,智原,13,3,10,群益金鼎-開元,2024-05-27,9134
5880,合庫金,10,0,10,群益金鼎-開元,2024-05-27,9134
5438,東友,10,0,10,群益金鼎-開元,2024-05-27,9134
8222,寶一,10,0,10,群益金鼎-開元,2024-05-27,9134
5315,光聯,10,0,10,群益金鼎-開元,2024-05-27,9134
3390,旭軟,10,0,10,群益金鼎-開元,2024-05-27,9134
9938,百和,10,0,10,群益金鼎-開元,2024-05-27,9134
8088,品安,10,0,10,群益金鼎-開元,2024-05-27,9134
8429,金麗-KY,10,0,10,群益金鼎-開元,2024-05-27,9134
4533,協易機,21,12,9,群益金鼎-開元,2024-05-27,9134
2371,大同,22,13,9,群益金鼎-開元,2024-05-27,9134
00937B,群益ESG投等債20,256,29,227,群益金鼎-開元,2024-05-28,9134
00940,元大台灣價值高息,125,12,113,群益金鼎-開元,2024-05-28,9134
2641,正德,94,8,86,群益金鼎-開元,2024-05-28,9134
00751B,元大AAA至A公司債,78,0,78,群益金鼎-開元,2024-05-28,9134
00712,復華富時不動產,73,0,73,群益金鼎-開元,2024-05-28,9134
00650L,復華香港正2,71,0,71,群益金鼎-開元,2024-05-28,9134
2353,宏��,77,14,63,群益金鼎-開元,2024-05-28,9134
4533,協易機,79,21,58,群益金鼎-開元,2024-05-28,9134
2313,華通,58,0,58,群益金鼎-開元,2024-05-28,9134
2401,凌陽,89,32,57,群益金鼎-開元,2024-05-28,9134
1513,中興電,51,0,51,群益金鼎-開元,2024-05-28,9134
00679B,元大美債20年,46,2,44,群益金鼎-開元,2024-05-28,9134
2706,第一店,46,6,40,群益金鼎-開元,2024-05-28,9134
00753L,中信中國50正2,40,0,40,群益金鼎-開元,2024-05-28,9134
2464,盟立,50,13,37,群益金鼎-開元,2024-05-28,9134
00939,統一台灣高息動能,32,0,32,群益金鼎-開元,2024-05-28,9134
2618,長榮航,71,43,28,群益金鼎-開元,2024-05-28,9134
1229,聯華,27,0,27,群益金鼎-開元,2024-05-28,9134
00946,群益科技高息成長,58,32,26,群益金鼎-開元,2024-05-28,9134
8358,金居,27,1,26,群益金鼎-開元,2024-05-28,9134
2542,興富發,31,6,25,群益金鼎-開元,2024-05-28,9134
6292,迅德,25,0,25,群益金鼎-開元,2024-05-28,9134
4952,凌通,29,6,23,群益金鼎-開元,2024-05-28,9134
6472,保瑞,22,0,22,群益金鼎-開元,2024-05-28,9134
8473,山林水,28,7,21,群益金鼎-開元,2024-05-28,9134
00929,復華台灣科技優息,75,55,20,群益金鼎-開元,2024-05-28,9134
00637L,元大滬深300正2,20,0,20,群益金鼎-開元,2024-05-28,9134
3231,緯創,68,49,19,群益金鼎-開元,2024-05-28,9134
2317,鴻海,30,11,19,群益金鼎-開元,2024-05-28,9134
5469,瀚宇博,20,3,17,群益金鼎-開元,2024-05-28,9134
6215,和椿,54,37,17,群益金鼎-開元,2024-05-28,9134
00923,群益台ESG低碳50,15,0,15,群益金鼎-開元,2024-05-28,9134
2601,益航,17,2,15,群益金鼎-開元,2024-05-28,9134
5230,雷笛克光學,19,4,15,群益金鼎-開元,2024-05-28,9134
6220,岳豐,15,0,15,群益金鼎-開元,2024-05-28,9134
5536,聖暉*,15,0,15,群益金鼎-開元,2024-05-28,9134
2303,聯電,28,13,15,群益金鼎-開元,2024-05-28,9134
1316,上曜,19,5,14,群益金鼎-開元,2024-05-28,9134
4714,永捷,16,2,14,群益金鼎-開元,2024-05-28,9134
3338,泰碩,36,22,14,群益金鼎-開元,2024-05-28,9134
2615,萬海,21,7,14,群益金鼎-開元,2024-05-28,9134
3322,建舜電,13,0,13,群益金鼎-開元,2024-05-28,9134
2301,光寶科,24,11,13,群益金鼎-開元,2024-05-28,9134
2486,一詮,42,29,13,群益金鼎-開元,2024-05-28,9134
2884,玉山金,13,1,12,群益金鼎-開元,2024-05-28,9134
2324,仁寶,15,3,12,群益金鼎-開元,2024-05-28,9134
00720B,元大投資級公司債,12,0,12,群益金鼎-開元,2024-05-28,9134
5530,龍巖,12,0,12,群益金鼎-開元,2024-05-28,9134
2633,台灣高鐵,12,0,12,群益金鼎-開元,2024-05-28,9134
2637,慧洋-KY,12,0,12,群益金鼎-開元,2024-05-28,9134
00937B,群益ESG投等債20,657,0,657,群益金鼎-開元,2024-05-29,9134
00679B,元大美債20年,179,30,149,群益金鼎-開元,2024-05-29,9134
1605,華新,121,0,121,群益金鼎-開元,2024-05-29,9134
2888,新光金,144,26,118,群益金鼎-開元,2024-05-29,9134
00946,群益科技高息成長,134,20,114,群益金鼎-開元,2024-05-29,9134
2883,凱基金,103,2,101,群益金鼎-開元,2024-05-29,9134
2618,長榮航,110,15,95,群益金鼎-開元,2024-05-29,9134
6015,宏遠證,95,0,95,群益金鼎-開元,2024-05-29,9134
1101,台泥,55,1,54,群益金鼎-開元,2024-05-29,9134
1316,上曜,52,0,52,群益金鼎-開元,2024-05-29,9134
00931B,統一美債20年,56,10,46,群益金鼎-開元,2024-05-29,9134
00712,復華富時不動產,43,0,43,群益金鼎-開元,2024-05-29,9134
6189,豐藝,59,21,38,群益金鼎-開元,2024-05-29,9134
3481,群創,59,22,37,群益金鼎-開元,2024-05-29,9134
00688L,國泰20年美債正2,35,0,35,群益金鼎-開元,2024-05-29,9134
2317,鴻海,41,6,35,群益金鼎-開元,2024-05-29,9134
2884,玉山金,34,0,34,群益金鼎-開元,2024-05-29,9134
2409,友達,33,0,33,群益金鼎-開元,2024-05-29,9134
00751B,元大AAA至A公司債,32,0,32,群益金鼎-開元,2024-05-29,9134
6715,嘉基,30,0,30,群益金鼎-開元,2024-05-29,9134
00720B,元大投資級公司債,28,0,28,群益金鼎-開元,2024-05-29,9134
2867,三商壽,34,7,27,群益金鼎-開元,2024-05-29,9134
2801,彰銀,27,0,27,群益金鼎-開元,2024-05-29,9134
3047,訊舟,44,17,27,群益金鼎-開元,2024-05-29,9134
00687B,國泰20年美債,26,0,26,群益金鼎-開元,2024-05-29,9134
2890,永豐金,26,0,26,群益金鼎-開元,2024-05-29,9134
8358,金居,25,0,25,群益金鼎-開元,2024-05-29,9134
2543,皇昌,28,4,24,群益金鼎-開元,2024-05-29,9134
3380,明泰,31,8,23,群益金鼎-開元,2024-05-29,9134
2610,華航,49,26,23,群益金鼎-開元,2024-05-29,9134
00882,中信中國高股息,30,7,23,群益金鼎-開元,2024-05-29,9134
2614,東森,23,1,22,群益金鼎-開元,2024-05-29,9134
00941,中信上游半導體,31,9,22,群益金鼎-開元,2024-05-29,9134
2882,國泰金,22,0,22,群益金鼎-開元,2024-05-29,9134
3048,益登,28,7,21,群益金鼎-開元,2024-05-29,9134
2812,台中銀,20,0,20,群益金鼎-開元,2024-05-29,9134
00636,國泰中國A50,18,0,18,群益金鼎-開元,2024-05-29,9134
2706,第一店,19,2,17,群益金鼎-開元,2024-05-29,9134
2324,仁寶,27,11,16,群益金鼎-開元,2024-05-29,9134
2301,光寶科,24,8,16,群益金鼎-開元,2024-05-29,9134
3520,華盈,19,4,15,群益金鼎-開元,2024-05-29,9134
5531,鄉林,20,5,15,群益金鼎-開元,2024-05-29,9134
6220,岳豐,15,0,15,群益金鼎-開元,2024-05-29,9134
2353,宏��,73,59,14,群益金鼎-開元,2024-05-29,9134
2892,第一金,46,31,15,群益金鼎-開元,2024-05-29,9134
6187,萬潤,17,3,14,群益金鼎-開元,2024-05-29,9134
5371,中光電,15,1,14,群益金鼎-開元,2024-05-29,9134
2886,兆豐金,54,40,14,群益金鼎-開元,2024-05-29,9134
2834,臺企銀,14,0,14,群益金鼎-開元,2024-05-29,9134
1301,台塑,13,0,13,群益金鼎-開元,2024-05-29,9134
00937B,群益ESG投等債20,253,130,123,群益金鼎-開元,2024-05-30,9134
00923,群益台ESG低碳50,116,1,115,群益金鼎-開元,2024-05-30,9134
00919,群益台灣精選高息,111,0,111,群益金鼎-開元,2024-05-30,9134
2641,正德,111,4,107,群益金鼎-開元,2024-05-30,9134
00946,群益科技高息成長,206,106,100,群益金鼎-開元,2024-05-30,9134
1815,富喬,118,37,81,群益金鼎-開元,2024-05-30,9134
6015,宏遠證,79,0,79,群益金鼎-開元,2024-05-30,9134
2892,第一金,78,0,78,群益金鼎-開元,2024-05-30,9134
2317,鴻海,110,39,71,群益金鼎-開元,2024-05-30,9134
2002,中鋼,63,0,63,群益金鼎-開元,2024-05-30,9134
00931B,統一美債20年,56,0,56,群益金鼎-開元,2024-05-30,9134
00712,復華富時不動產,59,3,56,群益金鼎-開元,2024-05-30,9134
00687B,國泰20年美債,55,0,55,群益金鼎-開元,2024-05-30,9134
3580,友威科,64,13,51,群益金鼎-開元,2024-05-30,9134
4111,濟生,53,6,47,群益金鼎-開元,2024-05-30,9134
1605,華新,46,0,46,群益金鼎-開元,2024-05-30,9134
1611,中電,40,0,40,群益金鼎-開元,2024-05-30,9134
00940,元大台灣價值高息,48,12,36,群益金鼎-開元,2024-05-30,9134
2888,新光金,35,1,34,群益金鼎-開元,2024-05-30,9134
6472,保瑞,32,0,32,群益金鼎-開元,2024-05-30,9134
2353,宏��,42,11,31,群益金鼎-開元,2024-05-30,9134
00688L,國泰20年美債正2,30,0,30,群益金鼎-開元,2024-05-30,9134
2867,三商壽,35,5,30,群益金鼎-開元,2024-05-30,9134
3706,神達,27,0,27,群益金鼎-開元,2024-05-30,9134
1522,堤維西,29,3,26,群益金鼎-開元,2024-05-30,9134
2408,南亞科,25,0,25,群益金鼎-開元,2024-05-30,9134
1101,台泥,26,1,25,群益金鼎-開元,2024-05-30,9134
2610,華航,51,27,24,群益金鼎-開元,2024-05-30,9134
2883,凱基金,29,5,24,群益金鼎-開元,2024-05-30,9134
2891,中信金,23,0,23,群益金鼎-開元,2024-05-30,9134
2330,台積電,21,0,21,群益金鼎-開元,2024-05-30,9134
00878,國泰永續高股息,32,11,21,群益金鼎-開元,2024-05-30,9134
4915,致伸,20,0,20,群益金鼎-開元,2024-05-30,9134
2302,麗正,20,0,20,群益金鼎-開元,2024-05-30,9134
6209,今國光,48,28,20,群益金鼎-開元,2024-05-30,9134
6005,群益證,19,0,19,群益金鼎-開元,2024-05-30,9134
6207,雷科,20,1,19,群益金鼎-開元,2024-05-30,9134
2603,長榮,20,1,19,群益金鼎-開元,2024-05-30,9134
2324,仁寶,18,0,18,群益金鼎-開元,2024-05-30,9134
2613,中櫃,17,2,15,群益金鼎-開元,2024-05-30,9134
8071,能率網通,15,0,15,群益金鼎-開元,2024-05-30,9134
6177,達麗,15,0,15,群益金鼎-開元,2024-05-30,9134
2405,輔信,29,16,13,群益金鼎-開元,2024-05-30,9134
4533,協易機,89,76,13,群益金鼎-開元,2024-05-30,9134
00927,群益半導體收益,19,6,13,群益金鼎-開元,2024-05-30,9134
2611,志信,13,0,13,群益金鼎-開元,2024-05-30,9134
9105,泰金寶-DR,13,0,13,群益金鼎-開元,2024-05-30,9134
2915,潤泰全,12,0,12,群益金鼎-開元,2024-05-30,9134
00680L,元大美債20正2,12,0,12,群益金鼎-開元,2024-05-30,9134
3321,同泰,13,1,12,群益金鼎-開元,2024-05-30,9134
00929,復華台灣科技優息,155,3,152,群益金鼎-開元,2024-05-31,9134
00937B,群益ESG投等債20,132,10,122,群益金鼎-開元,2024-05-31,9134
2886,兆豐金,91,0,91,群益金鼎-開元,2024-05-31,9134
2317,鴻海,93,9,84,群益金鼎-開元,2024-05-31,9134
00946,群益科技高息成長,83,20,63,群益金鼎-開元,2024-05-31,9134
1815,富喬,90,36,54,群益金鼎-開元,2024-05-31,9134
1513,中興電,51,3,48,群益金鼎-開元,2024-05-31,9134
2609,陽明,174,127,47,群益金鼎-開元,2024-05-31,9134
00882,中信中國高股息,100,55,45,群益金鼎-開元,2024-05-31,9134
2348,海悅,53,10,43,群益金鼎-開元,2024-05-31,9134
00919,群益台灣精選高息,48,5,43,群益金鼎-開元,2024-05-31,9134
8299,群聯,41,1,40,群益金鼎-開元,2024-05-31,9134
00679B,元大美債20年,48,15,33,群益金鼎-開元,2024-05-31,9134
2353,宏��,40,9,31,群益金鼎-開元,2024-05-31,9134
00939,統一台灣高息動能,31,2,29,群益金鼎-開元,2024-05-31,9134
2351,順德,31,2,29,群益金鼎-開元,2024-05-31,9134
2002,中鋼,37,10,27,群益金鼎-開元,2024-05-31,9134
2303,聯電,34,7,27,群益金鼎-開元,2024-05-31,9134
00927,群益半導體收益,24,0,24,群益金鼎-開元,2024-05-31,9134
9911,櫻花,39,19,20,群益金鼎-開元,2024-05-31,9134
2409,友達,20,1,19,群益金鼎-開元,2024-05-31,9134
3231,緯創,24,5,19,群益金鼎-開元,2024-05-31,9134
3313,斐成,22,4,18,群益金鼎-開元,2024-05-31,9134
2356,英業達,18,1,17,群益金鼎-開元,2024-05-31,9134
1536,和大,22,6,16,群益金鼎-開元,2024-05-31,9134
5880,合庫金,16,0,16,群益金鼎-開元,2024-05-31,9134
2603,長榮,28,12,16,群益金鼎-開元,2024-05-31,9134
00923,群益台ESG低碳50,21,6,15,群益金鼎-開元,2024-05-31,9134
3374,精材,17,2,15,群益金鼎-開元,2024-05-31,9134
6126,信音,15,0,15,群益金鼎-開元,2024-05-31,9134
6505,台塑化,15,0,15,群益金鼎-開元,2024-05-31,9134
2330,台積電,15,1,14,群益金鼎-開元,2024-05-31,9134
2344,華邦電,14,0,14,群益金鼎-開元,2024-05-31,9134
2382,廣達,27,13,14,群益金鼎-開元,2024-05-31,9134
6113,亞矽,13,0,13,群益金鼎-開元,2024-05-31,9134
3694,海華,13,0,13,群益金鼎-開元,2024-05-31,9134
3532,台勝科,13,0,13,群益金鼎-開元,2024-05-31,9134
2883,凱基金,33,21,12,群益金鼎-開元,2024-05-31,9134
4108,懷特,12,0,12,群益金鼎-開元,2024-05-31,9134
2890,永豐金,12,0,12,群益金鼎-開元,2024-05-31,9134
6209,今國光,23,11,12,群益金鼎-開元,2024-05-31,9134
2605,新興,30,18,12,群益金鼎-開元,2024-05-31,9134
2369,菱生,16,5,11,群益金鼎-開元,2024-05-31,9134
00940,元大台灣價值高息,27,16,11,群益金鼎-開元,2024-05-31,9134
2501,國建,12,1,11,群益金鼎-開元,2024-05-31,9134
2489,瑞軒,19,8,11,群益金鼎-開元,2024-05-31,9134
00712,復華富時不動產,11,0,11,群益金鼎-開元,2024-05-31,9134
1305,華夏,11,0,11,群益金鼎-開元,2024-05-31,9134
2059,川湖,12,1,11,群益金鼎-開元,2024-05-31,9134
6160,欣技,11,0,11,群益金鼎-開元,2024-05-31,9134
3481,群創,244,31,213,群益金鼎-開元,2024-06-03,9134
00632R,元大台灣50反1,201,50,151,群益金鼎-開元,2024-06-03,9134
00929,復華台灣科技優息,107,16,91,群益金鼎-開元,2024-06-03,9134
00919,群益台灣精選高息,117,29,88,群益金鼎-開元,2024-06-03,9134
00918,大華優利高填息30,88,0,88,群益金鼎-開元,2024-06-03,9134
2353,宏��,82,17,65,群益金鼎-開元,2024-06-03,9134
3047,訊舟,66,7,59,群益金鼎-開元,2024-06-03,9134
2354,鴻準,67,10,57,群益金鼎-開元,2024-06-03,9134
4533,協易機,123,69,54,群益金鼎-開元,2024-06-03,9134
6863,永道-KY,54,2,52,群益金鼎-開元,2024-06-03,9134
00688L,國泰20年美債正2,45,0,45,群益金鼎-開元,2024-06-03,9134
2891,中信金,47,4,43,群益金鼎-開元,2024-06-03,9134
2317,鴻海,50,11,39,群益金鼎-開元,2024-06-03,9134
2303,聯電,50,14,36,群益金鼎-開元,2024-06-03,9134
00923,群益台ESG低碳50,38,3,35,群益金鼎-開元,2024-06-03,9134
1795,美時,35,1,34,群益金鼎-開元,2024-06-03,9134
2409,友達,29,0,29,群益金鼎-開元,2024-06-03,9134
2867,三商壽,31,8,23,群益金鼎-開元,2024-06-03,9134
2356,英業達,37,14,23,群益金鼎-開元,2024-06-03,9134
1402,遠東新,23,0,23,群益金鼎-開元,2024-06-03,9134
3706,神達,26,4,22,群益金鼎-開元,2024-06-03,9134
2349,錸德,22,0,22,群益金鼎-開元,2024-06-03,9134
3322,建舜電,22,0,22,群益金鼎-開元,2024-06-03,9134
5011,久陽,20,0,20,群益金鼎-開元,2024-06-03,9134
5864,致和證,20,0,20,群益金鼎-開元,2024-06-03,9134
00946,群益科技高息成長,76,57,19,群益金鼎-開元,2024-06-03,9134
4938,和碩,33,15,18,群益金鼎-開元,2024-06-03,9134
2880,華南金,18,0,18,群益金鼎-開元,2024-06-03,9134
1409,新纖,19,3,16,群益金鼎-開元,2024-06-03,9134
5371,中光電,22,6,16,群益金鼎-開元,2024-06-03,9134
3024,憶聲,15,0,15,群益金鼎-開元,2024-06-03,9134
2002,中鋼,14,0,14,群益金鼎-開元,2024-06-03,9134
3231,緯創,28,14,14,群益金鼎-開元,2024-06-03,9134
00937B,群益ESG投等債20,53,42,11,群益金鼎-開元,2024-06-03,9134
4168,醣聯,14,3,11,群益金鼎-開元,2024-06-03,9134
5009,榮剛,10,0,10,群益金鼎-開元,2024-06-03,9134
6770,力積電,14,4,10,群益金鼎-開元,2024-06-03,9134
2392,正崴,10,0,10,群益金鼎-開元,2024-06-03,9134
3230,錦明,10,0,10,群益金鼎-開元,2024-06-03,9134
4123,晟德,10,0,10,群益金鼎-開元,2024-06-03,9134
2313,華通,11,2,9,群益金鼎-開元,2024-06-03,9134
2401,凌陽,22,13,9,群益金鼎-開元,2024-06-03,9134
5353,台林,11,2,9,群益金鼎-開元,2024-06-03,9134
2109,華豐,9,0,9,群益金鼎-開元,2024-06-03,9134
2066,世德,8,0,8,群益金鼎-開元,2024-06-03,9134
2481,強茂,8,0,8,群益金鼎-開元,2024-06-03,9134
3450,聯鈞,29,22,7,群益金鼎-開元,2024-06-03,9134
5498,凱崴,10,3,7,群益金鼎-開元,2024-06-03,9134
1308,亞聚,7,0,7,群益金鼎-開元,2024-06-03,9134
3017,奇鋐,11,4,7,群益金鼎-開元,2024-06-03,9134
2888,新光金,926,10,916,群益金鼎-開元,2024-06-04,9134
3481,群創,199,25,174,群益金鼎-開元,2024-06-04,9134
00946,群益科技高息成長,175,25,150,群益金鼎-開元,2024-06-04,9134
00919,群益台灣精選高息,141,0,141,群益金鼎-開元,2024-06-04,9134
00929,復華台灣科技優息,127,4,123,群益金鼎-開元,2024-06-04,9134
2317,鴻海,91,9,82,群益金鼎-開元,2024-06-04,9134
2312,金寶,90,23,67,群益金鼎-開元,2024-06-04,9134
2002,中鋼,60,2,58,群益金鼎-開元,2024-06-04,9134
2353,宏��,62,5,57,群益金鼎-開元,2024-06-04,9134
2409,友達,56,3,53,群益金鼎-開元,2024-06-04,9134
8299,群聯,40,0,40,群益金鼎-開元,2024-06-04,9134
6015,宏遠證,40,0,40,群益金鼎-開元,2024-06-04,9134
2354,鴻準,46,7,39,群益金鼎-開元,2024-06-04,9134
00937B,群益ESG投等債20,73,36,37,群益金鼎-開元,2024-06-04,9134
2328,廣宇,49,12,37,群益金鼎-開元,2024-06-04,9134
2618,長榮航,70,35,35,群益金鼎-開元,2024-06-04,9134
2486,一詮,53,18,35,群益金鼎-開元,2024-06-04,9134
1314,中石化,33,0,33,群益金鼎-開元,2024-06-04,9134
9105,泰金寶-DR,33,0,33,群益金鼎-開元,2024-06-04,9134
00715L,期街口布蘭特正2,33,0,33,群益金鼎-開元,2024-06-04,9134
2344,華邦電,41,10,31,群益金鼎-開元,2024-06-04,9134
6180,橘子,35,7,28,群益金鼎-開元,2024-06-04,9134
00918,大華優利高填息30,26,0,26,群益金鼎-開元,2024-06-04,9134
2324,仁寶,43,19,24,群益金鼎-開元,2024-06-04,9134
2331,精英,66,42,24,群益金鼎-開元,2024-06-04,9134
2303,聯電,24,2,22,群益金鼎-開元,2024-06-04,9134
1718,中纖,21,0,21,群益金鼎-開元,2024-06-04,9134
2834,臺企銀,21,0,21,群益金鼎-開元,2024-06-04,9134
4967,十銓,30,9,21,群益金鼎-開元,2024-06-04,9134
3260,威剛,21,1,20,群益金鼎-開元,2024-06-04,9134
5315,光聯,20,0,20,群益金鼎-開元,2024-06-04,9134
8064,東捷,20,1,19,群益金鼎-開元,2024-06-04,9134
2301,光寶科,18,0,18,群益金鼎-開元,2024-06-04,9134
00878,國泰永續高股息,19,1,18,群益金鼎-開元,2024-06-04,9134
2880,華南金,20,3,17,群益金鼎-開元,2024-06-04,9134
9950,萬國通,20,3,17,群益金鼎-開元,2024-06-04,9134
2739,寒舍,17,0,17,群益金鼎-開元,2024-06-04,9134
6116,彩晶,17,0,17,群益金鼎-開元,2024-06-04,9134
5880,合庫金,21,5,16,群益金鼎-開元,2024-06-04,9134
2883,凱基金,17,2,15,群益金鼎-開元,2024-06-04,9134
00940,元大台灣價值高息,24,9,15,群益金鼎-開元,2024-06-04,9134
0056,元大高股息,15,0,15,群益金鼎-開元,2024-06-04,9134
8096,擎亞,22,7,15,群益金鼎-開元,2024-06-04,9134
2363,矽統,24,9,15,群益金鼎-開元,2024-06-04,9134
00700,富邦�琤肭磪�,15,0,15,群益金鼎-開元,2024-06-04,9134
2736,富野,15,0,15,群益金鼎-開元,2024-06-04,9134
6125,廣運,55,41,14,群益金鼎-開元,2024-06-04,9134
2382,廣達,18,4,14,群益金鼎-開元,2024-06-04,9134
3231,緯創,15,2,13,群益金鼎-開元,2024-06-04,9134
2464,盟立,38,25,13,群益金鼎-開元,2024-06-04,9134
2609,陽明,456,85,371,群益金鼎-開元,2024-06-05,9134
00929,復華台灣科技優息,282,72,210,群益金鼎-開元,2024-06-05,9134
00918,大華優利高填息30,120,0,120,群益金鼎-開元,2024-06-05,9134
2515,中工,102,41,61,群益金鼎-開元,2024-06-05,9134
00642U,期元大S＆P石油,60,0,60,群益金鼎-開元,2024-06-05,9134
2882,國泰金,54,0,54,群益金鼎-開元,2024-06-05,9134
00715L,期街口布蘭特正2,53,0,53,群益金鼎-開元,2024-06-05,9134
2362,藍天,47,1,46,群益金鼎-開元,2024-06-05,9134
9950,萬國通,45,1,44,群益金鼎-開元,2024-06-05,9134
00632R,元大台灣50反1,34,0,34,群益金鼎-開元,2024-06-05,9134
00936,台新永續高息中小,33,0,33,群益金鼎-開元,2024-06-05,9134
1314,中石化,32,0,32,群益金鼎-開元,2024-06-05,9134
00946,群益科技高息成長,32,1,31,群益金鼎-開元,2024-06-05,9134
1612,宏泰,30,0,30,群益金鼎-開元,2024-06-05,9134
00942B,台新美A公司債20+,30,0,30,群益金鼎-開元,2024-06-05,9134
2303,聯電,43,15,28,群益金鼎-開元,2024-06-05,9134
2317,鴻海,39,15,24,群益金鼎-開元,2024-06-05,9134
8064,東捷,34,10,24,群益金鼎-開元,2024-06-05,9134
5468,凱鈺,24,0,24,群益金鼎-開元,2024-06-05,9134
4533,協易機,27,6,21,群益金鼎-開元,2024-06-05,9134
8089,康全電訊,20,0,20,群益金鼎-開元,2024-06-05,9134
2888,新光金,84,66,18,群益金鼎-開元,2024-06-05,9134
2105,正新,32,15,17,群益金鼎-開元,2024-06-05,9134
1455,集盛,22,5,17,群益金鼎-開元,2024-06-05,9134
3706,神達,18,2,16,群益金鼎-開元,2024-06-05,9134
4167,松瑞藥,17,1,16,群益金鼎-開元,2024-06-05,9134
2618,長榮航,30,14,16,群益金鼎-開元,2024-06-05,9134
00940,元大台灣價值高息,18,3,15,群益金鼎-開元,2024-06-05,9134
6180,橘子,21,6,15,群益金鼎-開元,2024-06-05,9134
6535,順藥,15,0,15,群益金鼎-開元,2024-06-05,9134
5880,合庫金,15,0,15,群益金鼎-開元,2024-06-05,9134
8277,商丞,14,0,14,群益金鼎-開元,2024-06-05,9134
2356,英業達,16,3,13,群益金鼎-開元,2024-06-05,9134
3019,亞光,13,0,13,群益金鼎-開元,2024-06-05,9134
5309,系統電,13,0,13,群益金鼎-開元,2024-06-05,9134
2002,中鋼,15,2,13,群益金鼎-開元,2024-06-05,9134
6116,彩晶,16,3,13,群益金鼎-開元,2024-06-05,9134
1587,吉茂,16,3,13,群益金鼎-開元,2024-06-05,9134
2324,仁寶,17,5,12,群益金鼎-開元,2024-06-05,9134
2352,佳世達,17,5,12,群益金鼎-開元,2024-06-05,9134
00795B,中信美國公債20年,12,0,12,群益金鼎-開元,2024-06-05,9134
2606,裕民,14,2,12,群益金鼎-開元,2024-06-05,9134
2867,三商壽,22,10,12,群益金鼎-開元,2024-06-05,9134
5864,致和證,13,1,12,群益金鼎-開元,2024-06-05,9134
2382,廣達,14,3,11,群益金鼎-開元,2024-06-05,9134
5009,榮剛,11,0,11,群益金鼎-開元,2024-06-05,9134
4958,臻鼎-KY,11,0,11,群益金鼎-開元,2024-06-05,9134
3022,威強電,16,5,11,群益金鼎-開元,2024-06-05,9134
6125,廣運,21,11,10,群益金鼎-開元,2024-06-05,9134
2610,華航,22,12,10,群益金鼎-開元,2024-06-05,9134
00632R,元大台灣50反1,350,0,350,群益金鼎-開元,2024-06-06,9134
00929,復華台灣科技優息,173,12,161,群益金鼎-開元,2024-06-06,9134
2888,新光金,118,0,118,群益金鼎-開元,2024-06-06,9134
00936,台新永續高息中小,87,0,87,群益金鼎-開元,2024-06-06,9134
4123,晟德,75,2,73,群益金鼎-開元,2024-06-06,9134
00937B,群益ESG投等債20,79,16,63,群益金鼎-開元,2024-06-06,9134
00918,大華優利高填息30,33,0,33,群益金鼎-開元,2024-06-06,9134
6282,康舒,32,2,30,群益金鼎-開元,2024-06-06,9134
2002,中鋼,30,3,27,群益金鼎-開元,2024-06-06,9134
6863,永道-KY,27,0,27,群益金鼎-開元,2024-06-06,9134
2324,仁寶,28,2,26,群益金鼎-開元,2024-06-06,9134
3024,憶聲,25,0,25,群益金鼎-開元,2024-06-06,9134
9945,潤泰新,22,0,22,群益金鼎-開元,2024-06-06,9134
3564,其陽,22,1,21,群益金鼎-開元,2024-06-06,9134
2426,鼎元,19,0,19,群益金鼎-開元,2024-06-06,9134
2344,華邦電,24,5,19,群益金鼎-開元,2024-06-06,9134
2353,宏��,33,17,16,群益金鼎-開元,2024-06-06,9134
1815,富喬,30,16,14,群益金鼎-開元,2024-06-06,9134
3227,原相,14,0,14,群益金鼎-開元,2024-06-06,9134
3372,典範,23,11,12,群益金鼎-開元,2024-06-06,9134
8096,擎亞,16,5,11,群益金鼎-開元,2024-06-06,9134
2317,鴻海,47,36,11,群益金鼎-開元,2024-06-06,9134
2886,兆豐金,11,0,11,群益金鼎-開元,2024-06-06,9134
2929,淘帝-KY,11,0,11,群益金鼎-開元,2024-06-06,9134
1310,台苯,11,0,11,群益金鼎-開元,2024-06-06,9134
4164,承業醫,11,1,10,群益金鼎-開元,2024-06-06,9134
00942B,台新美A公司債20+,10,0,10,群益金鼎-開元,2024-06-06,9134
5864,致和證,10,0,10,群益金鼎-開元,2024-06-06,9134
9943,好樂迪,10,0,10,群益金鼎-開元,2024-06-06,9134
6160,欣技,10,0,10,群益金鼎-開元,2024-06-06,9134
2331,精英,21,11,10,群益金鼎-開元,2024-06-06,9134
5493,三聯,9,0,9,群益金鼎-開元,2024-06-06,9134
1314,中石化,57,48,9,群益金鼎-開元,2024-06-06,9134
6443,元晶,10,1,9,群益金鼎-開元,2024-06-06,9134
2101,南港,32,23,9,群益金鼎-開元,2024-06-06,9134
5450,南良,9,0,9,群益金鼎-開元,2024-06-06,9134
3022,威強電,9,0,9,群益金鼎-開元,2024-06-06,9134
3362,先進光,9,1,8,群益金鼎-開元,2024-06-06,9134
3048,益登,15,7,8,群益金鼎-開元,2024-06-06,9134
2461,光群雷,10,2,8,群益金鼎-開元,2024-06-06,9134
6112,邁達特,8,0,8,群益金鼎-開元,2024-06-06,9134
1402,遠東新,9,1,8,群益金鼎-開元,2024-06-06,9134
2208,台船,7,0,7,群益金鼎-開元,2024-06-06,9134
4958,臻鼎-KY,7,0,7,群益金鼎-開元,2024-06-06,9134
2401,凌陽,11,4,7,群益金鼎-開元,2024-06-06,9134
9933,中鼎,7,0,7,群益金鼎-開元,2024-06-06,9134
1587,吉茂,13,6,7,群益金鼎-開元,2024-06-06,9134
3013,晟銘電,18,11,7,群益金鼎-開元,2024-06-06,9134
5371,中光電,6,0,6,群益金鼎-開元,2024-06-06,9134
8027,鈦昇,7,1,6,群益金鼎-開元,2024-06-06,9134
00946,群益科技高息成長,469,40,429,群益金鼎-開元,2024-06-07,9134
00929,復華台灣科技優息,118,9,109,群益金鼎-開元,2024-06-07,9134
6016,康和證,107,0,107,群益金鼎-開元,2024-06-07,9134
00688L,國泰20年美債正2,70,0,70,群益金鼎-開元,2024-06-07,9134
00712,復華富時不動產,57,0,57,群益金鼎-開元,2024-06-07,9134
00918,大華優利高填息30,56,0,56,群益金鼎-開元,2024-06-07,9134
00923,群益台ESG低碳50,45,0,45,群益金鼎-開元,2024-06-07,9134
5530,龍巖,45,0,45,群益金鼎-開元,2024-06-07,9134
00936,台新永續高息中小,44,0,44,群益金鼎-開元,2024-06-07,9134
2362,藍天,45,1,44,群益金鼎-開元,2024-06-07,9134
8089,康全電訊,47,12,35,群益金鼎-開元,2024-06-07,9134
2371,大同,47,13,34,群益金鼎-開元,2024-06-07,9134
00919,群益台灣精選高息,39,5,34,群益金鼎-開元,2024-06-07,9134
3231,緯創,38,6,32,群益金鼎-開元,2024-06-07,9134
00915,凱基優選高股息30,32,0,32,群益金鼎-開元,2024-06-07,9134
2884,玉山金,33,3,30,群益金鼎-開元,2024-06-07,9134
2367,燿華,53,24,29,群益金鼎-開元,2024-06-07,9134
1314,中石化,30,2,28,群益金鼎-開元,2024-06-07,9134
3037,欣興,28,5,23,群益金鼎-開元,2024-06-07,9134
2603,長榮,28,5,23,群益金鼎-開元,2024-06-07,9134
2353,宏��,25,3,22,群益金鼎-開元,2024-06-07,9134
2355,敬鵬,21,0,21,群益金鼎-開元,2024-06-07,9134
2482,連宇,34,13,21,群益金鼎-開元,2024-06-07,9134
2515,中工,36,15,21,群益金鼎-開元,2024-06-07,9134
2330,台積電,20,0,20,群益金鼎-開元,2024-06-07,9134
6015,宏遠證,20,0,20,群益金鼎-開元,2024-06-07,9134
2356,英業達,22,3,19,群益金鼎-開元,2024-06-07,9134
3033,威健,20,3,17,群益金鼎-開元,2024-06-07,9134
6180,橘子,17,0,17,群益金鼎-開元,2024-06-07,9134
2611,志信,18,2,16,群益金鼎-開元,2024-06-07,9134
00942B,台新美A公司債20+,16,0,16,群益金鼎-開元,2024-06-07,9134
2313,華通,27,12,15,群益金鼎-開元,2024-06-07,9134
5512,力麒,21,6,15,群益金鼎-開元,2024-06-07,9134
00878,國泰永續高股息,26,12,14,群益金鼎-開元,2024-06-07,9134
3545,敦泰,21,7,14,群益金鼎-開元,2024-06-07,9134
2520,冠德,23,9,14,群益金鼎-開元,2024-06-07,9134
2352,佳世達,15,1,14,群益金鼎-開元,2024-06-07,9134
2365,昆盈,13,0,13,群益金鼎-開元,2024-06-07,9134
2382,廣達,14,2,12,群益金鼎-開元,2024-06-07,9134
2301,光寶科,12,1,11,群益金鼎-開元,2024-06-07,9134
00637L,元大滬深300正2,11,0,11,群益金鼎-開元,2024-06-07,9134
2363,矽統,14,3,11,群益金鼎-開元,2024-06-07,9134
6189,豐藝,12,1,11,群益金鼎-開元,2024-06-07,9134
6113,亞矽,11,0,11,群益金鼎-開元,2024-06-07,9134
2354,鴻準,20,10,10,群益金鼎-開元,2024-06-07,9134
2393,億光,10,0,10,群益金鼎-開元,2024-06-07,9134
2243,宏旭-KY,10,0,10,群益金鼎-開元,2024-06-07,9134
2405,輔信,11,1,10,群益金鼎-開元,2024-06-07,9134
4123,晟德,23,13,10,群益金鼎-開元,2024-06-07,9134
2453,凌群,9,0,9,群益金鼎-開元,2024-06-07,9134
2888,新光金,579,9,570,群益金鼎-開元,2024-06-11,9134
2609,陽明,567,31,536,群益金鼎-開元,2024-06-11,9134
1815,富喬,527,19,508,群益金鼎-開元,2024-06-11,9134
00679B,元大美債20年,202,0,202,群益金鼎-開元,2024-06-11,9134
4960,誠美材,151,0,151,群益金鼎-開元,2024-06-11,9134
2362,藍天,142,2,140,群益金鼎-開元,2024-06-11,9134
00936,台新永續高息中小,128,0,128,群益金鼎-開元,2024-06-11,9134
00929,復華台灣科技優息,119,3,116,群益金鼎-開元,2024-06-11,9134
3580,友威科,100,0,100,群益金鼎-開元,2024-06-11,9134
8089,康全電訊,94,4,90,群益金鼎-開元,2024-06-11,9134
00687B,國泰20年美債,81,9,72,群益金鼎-開元,2024-06-11,9134
6016,康和證,65,1,64,群益金鼎-開元,2024-06-11,9134
00942B,台新美A公司債20+,59,0,59,群益金鼎-開元,2024-06-11,9134
00688L,國泰20年美債正2,55,0,55,群益金鼎-開元,2024-06-11,9134
2603,長榮,65,13,52,群益金鼎-開元,2024-06-11,9134
2611,志信,54,3,51,群益金鼎-開元,2024-06-11,9134
2509,全坤建,50,0,50,群益金鼎-開元,2024-06-11,9134
00764B,群益25年美債,41,0,41,群益金鼎-開元,2024-06-11,9134
2323,中環,34,0,34,群益金鼎-開元,2024-06-11,9134
5871,中租-KY,33,0,33,群益金鼎-開元,2024-06-11,9134
4129,聯合,31,0,31,群益金鼎-開元,2024-06-11,9134
4533,協易機,37,7,30,群益金鼎-開元,2024-06-11,9134
2881,富邦金,55,25,30,群益金鼎-開元,2024-06-11,9134
3481,群創,38,9,29,群益金鼎-開元,2024-06-11,9134
3231,緯創,41,13,28,群益金鼎-開元,2024-06-11,9134
6180,橘子,27,0,27,群益金鼎-開元,2024-06-11,9134
00712,復華富時不動產,36,10,26,群益金鼎-開元,2024-06-11,9134
00918,大華優利高填息30,24,0,24,群益金鼎-開元,2024-06-11,9134
1609,大亞,39,15,24,群益金鼎-開元,2024-06-11,9134
2845,遠東銀,23,0,23,群益金鼎-開元,2024-06-11,9134
2002,中鋼,22,0,22,群益金鼎-開元,2024-06-11,9134
00931B,統一美債20年,22,0,22,群益金鼎-開元,2024-06-11,9134
2929,淘帝-KY,21,0,21,群益金鼎-開元,2024-06-11,9134
2369,菱生,20,0,20,群益金鼎-開元,2024-06-11,9134
3313,斐成,20,0,20,群益金鼎-開元,2024-06-11,9134
3022,威強電,20,1,19,群益金鼎-開元,2024-06-11,9134
2356,英業達,26,7,19,群益金鼎-開元,2024-06-11,9134
1301,台塑,18,0,18,群益金鼎-開元,2024-06-11,9134
8064,東捷,18,0,18,群益金鼎-開元,2024-06-11,9134
6770,力積電,26,9,17,群益金鼎-開元,2024-06-11,9134
2739,寒舍,17,0,17,群益金鼎-開元,2024-06-11,9134
5443,均豪,19,2,17,群益金鼎-開元,2024-06-11,9134
00882,中信中國高股息,24,8,16,群益金鼎-開元,2024-06-11,9134
2884,玉山金,23,7,16,群益金鼎-開元,2024-06-11,9134
1608,華榮,38,23,15,群益金鼎-開元,2024-06-11,9134
4510,高鋒,15,0,15,群益金鼎-開元,2024-06-11,9134
3564,其陽,15,0,15,群益金鼎-開元,2024-06-11,9134
2515,中工,36,21,15,群益金鼎-開元,2024-06-11,9134
2331,精英,15,1,14,群益金鼎-開元,2024-06-11,9134
4167,松瑞藥,19,5,14,群益金鼎-開元,2024-06-11,9134
00948B,中信優息投資級債,224,0,224,群益金鼎-開元,2024-06-12,9134
2888,新光金,131,8,123,群益金鼎-開元,2024-06-12,9134
2883,凱基金,116,11,105,群益金鼎-開元,2024-06-12,9134
00937B,群益ESG投等債20,98,0,98,群益金鼎-開元,2024-06-12,9134
00919,群益台灣精選高息,95,7,88,群益金鼎-開元,2024-06-12,9134
00688L,國泰20年美債正2,65,0,65,群益金鼎-開元,2024-06-12,9134
00712,復華富時不動產,62,0,62,群益金鼎-開元,2024-06-12,9134
6016,康和證,60,0,60,群益金鼎-開元,2024-06-12,9134
3481,群創,58,3,55,群益金鼎-開元,2024-06-12,9134
6015,宏遠證,50,0,50,群益金鼎-開元,2024-06-12,9134
2362,藍天,47,0,47,群益金鼎-開元,2024-06-12,9134
4129,聯合,35,0,35,群益金鼎-開元,2024-06-12,9134
2353,宏��,109,75,34,群益金鼎-開元,2024-06-12,9134
1303,南亞,33,0,33,群益金鼎-開元,2024-06-12,9134
2637,慧洋-KY,45,12,33,群益金鼎-開元,2024-06-12,9134
2636,台驊控股,32,2,30,群益金鼎-開元,2024-06-12,9134
2915,潤泰全,26,0,26,群益金鼎-開元,2024-06-12,9134
9945,潤泰新,27,2,25,群益金鼎-開元,2024-06-12,9134
00918,大華優利高填息30,30,6,24,群益金鼎-開元,2024-06-12,9134
2913,農林,24,0,24,群益金鼎-開元,2024-06-12,9134
6207,雷科,42,20,22,群益金鼎-開元,2024-06-12,9134
4164,承業醫,20,0,20,群益金鼎-開元,2024-06-12,9134
1316,上曜,24,4,20,群益金鼎-開元,2024-06-12,9134
00757,統一FANG+,20,1,19,群益金鼎-開元,2024-06-12,9134
00947,台新臺灣IC設計,19,0,19,群益金鼎-開元,2024-06-12,9134
2020,美亞,18,0,18,群益金鼎-開元,2024-06-12,9134
3231,緯創,26,9,17,群益金鼎-開元,2024-06-12,9134
00929,復華台灣科技優息,40,23,17,群益金鼎-開元,2024-06-12,9134
2354,鴻準,17,1,16,群益金鼎-開元,2024-06-12,9134
4714,永捷,26,11,15,群益金鼎-開元,2024-06-12,9134
2344,華邦電,14,0,14,群益金鼎-開元,2024-06-12,9134
2323,中環,15,2,13,群益金鼎-開元,2024-06-12,9134
2369,菱生,13,0,13,群益金鼎-開元,2024-06-12,9134
00933B,國泰10Y+金融債,13,0,13,群益金鼎-開元,2024-06-12,9134
2301,光寶科,20,8,12,群益金鼎-開元,2024-06-12,9134
5355,佳總,12,0,12,群益金鼎-開元,2024-06-12,9134
6223,旺矽,13,1,12,群益金鼎-開元,2024-06-12,9134
00882,中信中國高股息,12,1,11,群益金鼎-開元,2024-06-12,9134
1802,台玻,15,4,11,群益金鼎-開元,2024-06-12,9134
2014,中鴻,11,0,11,群益金鼎-開元,2024-06-12,9134
4167,松瑞藥,17,6,11,群益金鼎-開元,2024-06-12,9134
3374,精材,26,16,10,群益金鼎-開元,2024-06-12,9134
2929,淘帝-KY,10,0,10,群益金鼎-開元,2024-06-12,9134
1440,南紡,14,4,10,群益金鼎-開元,2024-06-12,9134
00674R,期元大S＆P黃金反1,10,0,10,群益金鼎-開元,2024-06-12,9134
3708,上緯投控,10,0,10,群益金鼎-開元,2024-06-12,9134
2349,錸德,10,0,10,群益金鼎-開元,2024-06-12,9134
2376,技嘉,12,2,10,群益金鼎-開元,2024-06-12,9134
6282,康舒,10,1,9,群益金鼎-開元,2024-06-12,9134
2365,昆盈,11,2,9,群益金鼎-開元,2024-06-12,9134
00688L,國泰20年美債正2,155,0,155,群益金鼎-開元,2024-06-13,9134
00632R,元大台灣50反1,192,50,142,群益金鼎-開元,2024-06-13,9134
2888,新光金,125,5,120,群益金鼎-開元,2024-06-13,9134
00937B,群益ESG投等債20,125,15,110,群益金鼎-開元,2024-06-13,9134
00936,台新永續高息中小,86,9,77,群益金鼎-開元,2024-06-13,9134
00942B,台新美A公司債20+,74,0,74,群益金鼎-開元,2024-06-13,9134
00645,富邦日本,58,0,58,群益金鼎-開元,2024-06-13,9134
00947,台新臺灣IC設計,42,0,42,群益金鼎-開元,2024-06-13,9134
2371,大同,74,35,39,群益金鼎-開元,2024-06-13,9134
2867,三商壽,43,5,38,群益金鼎-開元,2024-06-13,9134
3605,宏致,37,0,37,群益金鼎-開元,2024-06-13,9134
6111,大宇資,32,0,32,群益金鼎-開元,2024-06-13,9134
00680L,元大美債20正2,30,0,30,群益金鼎-開元,2024-06-13,9134
8429,金麗-KY,30,0,30,群益金鼎-開元,2024-06-13,9134
2002,中鋼,29,0,29,群益金鼎-開元,2024-06-13,9134
2537,聯上發,27,3,24,群益金鼎-開元,2024-06-13,9134
00918,大華優利高填息30,24,1,23,群益金鼎-開元,2024-06-13,9134
00919,群益台灣精選高息,37,16,21,群益金鼎-開元,2024-06-13,9134
1617,榮星,49,28,21,群益金鼎-開元,2024-06-13,9134
6223,旺矽,44,23,21,群益金鼎-開元,2024-06-13,9134
8222,寶一,21,0,21,群益金鼎-開元,2024-06-13,9134
1605,華新,21,0,21,群益金鼎-開元,2024-06-13,9134
2373,震旦行,20,0,20,群益金鼎-開元,2024-06-13,9134
9103,美德醫療-DR,20,0,20,群益金鼎-開元,2024-06-13,9134
00923,群益台ESG低碳50,20,1,19,群益金鼎-開元,2024-06-13,9134
1514,亞力,37,18,19,群益金鼎-開元,2024-06-13,9134
00948B,中信優息投資級債,38,20,18,群益金鼎-開元,2024-06-13,9134
5608,四維航,26,10,16,群益金鼎-開元,2024-06-13,9134
00933B,國泰10Y+金融債,17,1,16,群益金鼎-開元,2024-06-13,9134
2020,美亞,16,0,16,群益金鼎-開元,2024-06-13,9134
1522,堤維西,22,7,15,群益金鼎-開元,2024-06-13,9134
4562,穎漢,24,9,15,群益金鼎-開元,2024-06-13,9134
4164,承業醫,15,1,14,群益金鼎-開元,2024-06-13,9134
3047,訊舟,35,21,14,群益金鼎-開元,2024-06-13,9134
1301,台塑,15,1,14,群益金鼎-開元,2024-06-13,9134
2027,大成鋼,15,1,14,群益金鼎-開元,2024-06-13,9134
8054,安國,15,2,13,群益金鼎-開元,2024-06-13,9134
2317,鴻海,67,55,12,群益金鼎-開元,2024-06-13,9134
2476,鉅祥,22,10,12,群益金鼎-開元,2024-06-13,9134
6213,聯茂,22,10,12,群益金鼎-開元,2024-06-13,9134
6152,百一,12,0,12,群益金鼎-開元,2024-06-13,9134
1815,富喬,14,2,12,群益金鼎-開元,2024-06-13,9134
2352,佳世達,13,2,11,群益金鼎-開元,2024-06-13,9134
5512,力麒,11,0,11,群益金鼎-開元,2024-06-13,9134
2359,所羅門,35,25,10,群益金鼎-開元,2024-06-13,9134
2201,裕隆,10,0,10,群益金鼎-開元,2024-06-13,9134
1447,力鵬,10,0,10,群益金鼎-開元,2024-06-13,9134
00671R,富邦NASDAQ反1,10,0,10,群益金鼎-開元,2024-06-13,9134
1464,得力,10,0,10,群益金鼎-開元,2024-06-13,9134
2367,燿華,37,27,10,群益金鼎-開元,2024-06-13,9134
00937B,群益ESG投等債20,170,4,166,群益金鼎-開元,2024-06-14,9134
4967,十銓,195,31,164,群益金鼎-開元,2024-06-14,9134
00946,群益科技高息成長,139,20,119,群益金鼎-開元,2024-06-14,9134
00919,群益台灣精選高息,112,0,112,群益金鼎-開元,2024-06-14,9134
6863,永道-KY,78,6,72,群益金鼎-開元,2024-06-14,9134
2501,國建,77,7,70,群益金鼎-開元,2024-06-14,9134
00948B,中信優息投資級債,65,0,65,群益金鼎-開元,2024-06-14,9134
2002,中鋼,50,4,46,群益金鼎-開元,2024-06-14,9134
00929,復華台灣科技優息,46,1,45,群益金鼎-開元,2024-06-14,9134
2367,燿華,69,26,43,群益金鼎-開元,2024-06-14,9134
2374,佳能,37,1,36,群益金鼎-開元,2024-06-14,9134
2613,中櫃,32,2,30,群益金鼎-開元,2024-06-14,9134
00942B,台新美A公司債20+,28,0,28,群益金鼎-開元,2024-06-14,9134
4167,松瑞藥,27,2,25,群益金鼎-開元,2024-06-14,9134
2618,長榮航,25,0,25,群益金鼎-開元,2024-06-14,9134
6257,矽格,22,1,21,群益金鼎-開元,2024-06-14,9134
00947,台新臺灣IC設計,20,0,20,群益金鼎-開元,2024-06-14,9134
00795B,中信美國公債20年,20,0,20,群益金鼎-開元,2024-06-14,9134
00757,統一FANG+,20,0,20,群益金鼎-開元,2024-06-14,9134
00915,凱基優選高股息30,47,29,18,群益金鼎-開元,2024-06-14,9134
2353,宏��,19,2,17,群益金鼎-開元,2024-06-14,9134
2464,盟立,33,16,17,群益金鼎-開元,2024-06-14,9134
00939,統一台灣高息動能,21,5,16,群益金鼎-開元,2024-06-14,9134
2801,彰銀,16,0,16,群益金鼎-開元,2024-06-14,9134
2610,華航,18,2,16,群益金鼎-開元,2024-06-14,9134
3047,訊舟,28,13,15,群益金鼎-開元,2024-06-14,9134
4935,茂林-KY,15,0,15,群益金鼎-開元,2024-06-14,9134
5347,世界,18,4,14,群益金鼎-開元,2024-06-14,9134
6180,橘子,13,0,13,群益金鼎-開元,2024-06-14,9134
2027,大成鋼,13,0,13,群益金鼎-開元,2024-06-14,9134
4977,眾達-KY,22,9,13,群益金鼎-開元,2024-06-14,9134
1503,士電,21,8,13,群益金鼎-開元,2024-06-14,9134
00878,國泰永續高股息,14,2,12,群益金鼎-開元,2024-06-14,9134
5531,鄉林,27,15,12,群益金鼎-開元,2024-06-14,9134
3202,樺晟,17,5,12,群益金鼎-開元,2024-06-14,9134
6187,萬潤,11,0,11,群益金鼎-開元,2024-06-14,9134
00680L,元大美債20正2,11,0,11,群益金鼎-開元,2024-06-14,9134
5222,全訊,11,0,11,群益金鼎-開元,2024-06-14,9134
1325,恆大,12,1,11,群益金鼎-開元,2024-06-14,9134
3312,弘憶股,11,0,11,群益金鼎-開元,2024-06-14,9134
00706L,期元大S＆P日圓正2,10,0,10,群益金鼎-開元,2024-06-14,9134
6139,亞翔,16,6,10,群益金鼎-開元,2024-06-14,9134
6116,彩晶,11,1,10,群益金鼎-開元,2024-06-14,9134
2204,中華,10,0,10,群益金鼎-開元,2024-06-14,9134
8429,金麗-KY,10,0,10,群益金鼎-開元,2024-06-14,9134
6695,芯鼎,10,0,10,群益金鼎-開元,2024-06-14,9134
9924,福興,10,0,10,群益金鼎-開元,2024-06-14,9134
6488,環球晶,9,0,9,群益金鼎-開元,2024-06-14,9134
2408,南亞科,14,5,9,群益金鼎-開元,2024-06-14,9134
9941,裕融,9,0,9,群益金鼎-開元,2024-06-14,9134
00929,復華台灣科技優息,208,11,197,群益金鼎-開元,2024-06-17,9134
00942B,台新美A公司債20+,147,0,147,群益金鼎-開元,2024-06-17,9134
5608,四維航,101,2,99,群益金鼎-開元,2024-06-17,9134
00919,群益台灣精選高息,137,43,94,群益金鼎-開元,2024-06-17,9134
2025,千興,96,7,89,群益金鼎-開元,2024-06-17,9134
00948B,中信優息投資級債,73,0,73,群益金鼎-開元,2024-06-17,9134
3033,威健,53,0,53,群益金鼎-開元,2024-06-17,9134
00918,大華優利高填息30,48,0,48,群益金鼎-開元,2024-06-17,9134
2618,長榮航,62,15,47,群益金鼎-開元,2024-06-17,9134
2611,志信,45,1,44,群益金鼎-開元,2024-06-17,9134
8150,南茂,42,1,41,群益金鼎-開元,2024-06-17,9134
6180,橘子,33,1,32,群益金鼎-開元,2024-06-17,9134
2031,新光鋼,46,15,31,群益金鼎-開元,2024-06-17,9134
00632R,元大台灣50反1,28,0,28,群益金鼎-開元,2024-06-17,9134
4967,十銓,28,0,28,群益金鼎-開元,2024-06-17,9134
4164,承業醫,35,8,27,群益金鼎-開元,2024-06-17,9134
3019,亞光,37,11,26,群益金鼎-開元,2024-06-17,9134
2867,三商壽,27,2,25,群益金鼎-開元,2024-06-17,9134
00933B,國泰10Y+金融債,24,0,24,群益金鼎-開元,2024-06-17,9134
2367,燿華,26,2,24,群益金鼎-開元,2024-06-17,9134
1301,台塑,24,1,23,群益金鼎-開元,2024-06-17,9134
00687B,國泰20年美債,31,9,22,群益金鼎-開元,2024-06-17,9134
9103,美德醫療-DR,20,0,20,群益金鼎-開元,2024-06-17,9134
3306,鼎天,21,1,20,群益金鼎-開元,2024-06-17,9134
00680L,元大美債20正2,20,0,20,群益金鼎-開元,2024-06-17,9134
1609,大亞,38,18,20,群益金鼎-開元,2024-06-17,9134
2380,虹光,18,0,18,群益金鼎-開元,2024-06-17,9134
1513,中興電,47,30,17,群益金鼎-開元,2024-06-17,9134
2405,輔信,17,0,17,群益金鼎-開元,2024-06-17,9134
2101,南港,16,0,16,群益金鼎-開元,2024-06-17,9134
1316,上曜,19,3,16,群益金鼎-開元,2024-06-17,9134
2745,五福,16,0,16,群益金鼎-開元,2024-06-17,9134
2615,萬海,26,11,15,群益金鼎-開元,2024-06-17,9134
2340,台亞,15,0,15,群益金鼎-開元,2024-06-17,9134
911868,同方友友-DR,15,0,15,群益金鼎-開元,2024-06-17,9134
6753,龍德造船,16,1,15,群益金鼎-開元,2024-06-17,9134
6187,萬潤,20,7,13,群益金鼎-開元,2024-06-17,9134
00947,台新臺灣IC設計,13,0,13,群益金鼎-開元,2024-06-17,9134
00645,富邦日本,12,0,12,群益金鼎-開元,2024-06-17,9134
8070,長華*,13,1,12,群益金鼎-開元,2024-06-17,9134
2885,元大金,13,1,12,群益金鼎-開元,2024-06-17,9134
2353,宏��,40,28,12,群益金鼎-開元,2024-06-17,9134
2888,新光金,32,21,11,群益金鼎-開元,2024-06-17,9134
1503,士電,21,10,11,群益金鼎-開元,2024-06-17,9134
00946,群益科技高息成長,56,46,10,群益金鼎-開元,2024-06-17,9134
2505,國揚,10,0,10,群益金鼎-開元,2024-06-17,9134
00712,復華富時不動產,12,2,10,群益金鼎-開元,2024-06-17,9134
1445,大宇,10,0,10,群益金鼎-開元,2024-06-17,9134
2426,鼎元,11,1,10,群益金鼎-開元,2024-06-17,9134
3041,揚智,10,0,10,群益金鼎-開元,2024-06-17,9134
00687B,國泰20年美債,140,11,129,群益金鼎-開元,2024-06-18,9134
6188,廣明,103,3,100,群益金鼎-開元,2024-06-18,9134
4967,十銓,125,35,90,群益金鼎-開元,2024-06-18,9134
2317,鴻海,73,11,62,群益金鼎-開元,2024-06-18,9134
00929,復華台灣科技優息,106,62,44,群益金鼎-開元,2024-06-18,9134
00948B,中信優息投資級債,41,0,41,群益金鼎-開元,2024-06-18,9134
00947,台新臺灣IC設計,36,2,34,群益金鼎-開元,2024-06-18,9134
1504,東元,32,1,31,群益金鼎-開元,2024-06-18,9134
00665L,富邦�琤肭磪囓�2,30,0,30,群益金鼎-開元,2024-06-18,9134
00679B,元大美債20年,30,3,27,群益金鼎-開元,2024-06-18,9134
3450,聯鈞,71,46,25,群益金鼎-開元,2024-06-18,9134
3041,揚智,21,0,21,群益金鼎-開元,2024-06-18,9134
1310,台苯,20,0,20,群益金鼎-開元,2024-06-18,9134
8429,金麗-KY,20,0,20,群益金鼎-開元,2024-06-18,9134
2353,宏��,27,8,19,群益金鼎-開元,2024-06-18,9134
2486,一詮,25,6,19,群益金鼎-開元,2024-06-18,9134
2025,千興,18,0,18,群益金鼎-開元,2024-06-18,9134
3019,亞光,21,3,18,群益金鼎-開元,2024-06-18,9134
2363,矽統,22,4,18,群益金鼎-開元,2024-06-18,9134
6282,康舒,37,20,17,群益金鼎-開元,2024-06-18,9134
1802,台玻,20,2,18,群益金鼎-開元,2024-06-18,9134
8358,金居,17,0,17,群益金鼎-開元,2024-06-18,9134
6244,茂迪,17,0,17,群益金鼎-開元,2024-06-18,9134
00918,大華優利高填息30,30,14,16,群益金鼎-開元,2024-06-18,9134
00757,統一FANG+,16,0,16,群益金鼎-開元,2024-06-18,9134
00936,台新永續高息中小,49,33,16,群益金鼎-開元,2024-06-18,9134
2892,第一金,20,5,15,群益金鼎-開元,2024-06-18,9134
00942B,台新美A公司債20+,15,0,15,群益金鼎-開元,2024-06-18,9134
6116,彩晶,14,0,14,群益金鼎-開元,2024-06-18,9134
6414,樺漢,14,1,13,群益金鼎-開元,2024-06-18,9134
2031,新光鋼,14,2,12,群益金鼎-開元,2024-06-18,9134
2301,光寶科,15,3,12,群益金鼎-開元,2024-06-18,9134
6213,聯茂,15,3,12,群益金鼎-開元,2024-06-18,9134
4133,亞諾法,11,0,11,群益金鼎-開元,2024-06-18,9134
00830,國泰費城半導體,11,0,11,群益金鼎-開元,2024-06-18,9134
2351,順德,18,8,10,群益金鼎-開元,2024-06-18,9134
00915,凱基優選高股息30,10,0,10,群益金鼎-開元,2024-06-18,9134
4167,松瑞藥,10,0,10,群益金鼎-開元,2024-06-18,9134
00887,永豐中國科技50大,10,0,10,群益金鼎-開元,2024-06-18,9134
6770,力積電,34,24,10,群益金鼎-開元,2024-06-18,9134
00706L,期元大S＆P日圓正2,10,0,10,群益金鼎-開元,2024-06-18,9134
3710,連展投控,11,1,10,群益金鼎-開元,2024-06-18,9134
8349,�矬�,10,0,10,群益金鼎-開元,2024-06-18,9134
2401,凌陽,10,0,10,群益金鼎-開元,2024-06-18,9134
00795B,中信美國公債20年,10,0,10,群益金鼎-開元,2024-06-18,9134
2426,鼎元,10,0,10,群益金鼎-開元,2024-06-18,9134
2634,漢翔,10,0,10,群益金鼎-開元,2024-06-18,9134
2884,玉山金,10,0,10,群益金鼎-開元,2024-06-18,9134
2903,遠百,10,0,10,群益金鼎-開元,2024-06-18,9134
9105,泰金寶-DR,19,9,10,群益金鼎-開元,2024-06-18,9134
00946,群益科技高息成長,225,109,116,群益金鼎-開元,2024-06-19,9134
00915,凱基優選高股息30,87,0,87,群益金鼎-開元,2024-06-19,9134
00919,群益台灣精選高息,142,73,69,群益金鼎-開元,2024-06-19,9134
00936,台新永續高息中小,69,0,69,群益金鼎-開元,2024-06-19,9134
00712,復華富時不動產,60,0,60,群益金鼎-開元,2024-06-19,9134
00688L,國泰20年美債正2,55,0,55,群益金鼎-開元,2024-06-19,9134
2409,友達,56,1,55,群益金鼎-開元,2024-06-19,9134
2344,華邦電,66,15,51,群益金鼎-開元,2024-06-19,9134
2867,三商壽,57,7,50,群益金鼎-開元,2024-06-19,9134
3710,連展投控,50,1,49,群益金鼎-開元,2024-06-19,9134
8064,東捷,63,16,47,群益金鼎-開元,2024-06-19,9134
00680L,元大美債20正2,40,0,40,群益金鼎-開元,2024-06-19,9134
6180,橘子,39,0,39,群益金鼎-開元,2024-06-19,9134
00679B,元大美債20年,44,5,39,群益金鼎-開元,2024-06-19,9134
9105,泰金寶-DR,44,6,38,群益金鼎-開元,2024-06-19,9134
1504,東元,35,1,34,群益金鼎-開元,2024-06-19,9134
1802,台玻,37,3,34,群益金鼎-開元,2024-06-19,9134
00751B,元大AAA至A公司債,28,0,28,群益金鼎-開元,2024-06-19,9134
00947,台新臺灣IC設計,27,0,27,群益金鼎-開元,2024-06-19,9134
1815,富喬,47,21,26,群益金鼎-開元,2024-06-19,9134
9944,新麗,26,0,26,群益金鼎-開元,2024-06-19,9134
4977,眾達-KY,30,5,25,群益金鼎-開元,2024-06-19,9134
3048,益登,37,13,24,群益金鼎-開元,2024-06-19,9134
9945,潤泰新,26,2,24,群益金鼎-開元,2024-06-19,9134
6282,康舒,28,4,24,群益金鼎-開元,2024-06-19,9134
6877,鏵友益,24,0,24,群益金鼎-開元,2024-06-19,9134
1609,大亞,32,8,24,群益金鼎-開元,2024-06-19,9134
3339,泰谷,23,1,22,群益金鼎-開元,2024-06-19,9134
00687B,國泰20年美債,56,35,21,群益金鼎-開元,2024-06-19,9134
6016,康和證,24,3,21,群益金鼎-開元,2024-06-19,9134
00662,富邦NASDAQ,20,0,20,群益金鼎-開元,2024-06-19,9134
2365,昆盈,56,36,20,群益金鼎-開元,2024-06-19,9134
3605,宏致,21,1,20,群益金鼎-開元,2024-06-19,9134
00882,中信中國高股息,19,0,19,群益金鼎-開元,2024-06-19,9134
2542,興富發,20,1,19,群益金鼎-開元,2024-06-19,9134
2637,慧洋-KY,20,2,18,群益金鼎-開元,2024-06-19,9134
2027,大成鋼,19,2,17,群益金鼎-開元,2024-06-19,9134
00713,元大台灣高息低波,18,1,17,群益金鼎-開元,2024-06-19,9134
2380,虹光,17,0,17,群益金鼎-開元,2024-06-19,9134
3041,揚智,16,0,16,群益金鼎-開元,2024-06-19,9134
2367,燿華,32,16,16,群益金鼎-開元,2024-06-19,9134
1785,光洋科,54,39,15,群益金鼎-開元,2024-06-19,9134
3062,建漢,70,55,15,群益金鼎-開元,2024-06-19,9134
4167,松瑞藥,15,0,15,群益金鼎-開元,2024-06-19,9134
6284,佳邦,16,1,15,群益金鼎-開元,2024-06-19,9134
6191,精成科,14,0,14,群益金鼎-開元,2024-06-19,9134
6190,萬泰科,29,15,14,群益金鼎-開元,2024-06-19,9134
2915,潤泰全,20,6,14,群益金鼎-開元,2024-06-19,9134
2353,宏��,26,12,14,群益金鼎-開元,2024-06-19,9134
6116,彩晶,24,11,13,群益金鼎-開元,2024-06-19,9134
00937B,群益ESG投等債20,263,27,236,群益金鼎-開元,2024-06-20,9134
1802,台玻,234,1,233,群益金鼎-開元,2024-06-20,9134
00936,台新永續高息中小,94,0,94,群益金鼎-開元,2024-06-20,9134
2892,第一金,92,10,82,群益金鼎-開元,2024-06-20,9134
6016,康和證,63,0,63,群益金鼎-開元,2024-06-20,9134
00687B,國泰20年美債,66,20,46,群益金鼎-開元,2024-06-20,9134
1303,南亞,39,2,37,群益金鼎-開元,2024-06-20,9134
5009,榮剛,37,2,35,群益金鼎-開元,2024-06-20,9134
3019,亞光,35,0,35,群益金鼎-開元,2024-06-20,9134
2891,中信金,50,16,34,群益金鼎-開元,2024-06-20,9134
6877,鏵友益,29,0,29,群益金鼎-開元,2024-06-20,9134
00680L,元大美債20正2,28,0,28,群益金鼎-開元,2024-06-20,9134
00700,富邦�琤肭磪�,27,0,27,群益金鼎-開元,2024-06-20,9134
3543,州巧,27,0,27,群益金鼎-開元,2024-06-20,9134
2867,三商壽,34,7,27,群益金鼎-開元,2024-06-20,9134
00942B,台新美A公司債20+,26,0,26,群益金鼎-開元,2024-06-20,9134
8942,森鉅,23,0,23,群益金鼎-開元,2024-06-20,9134
00905,FT臺灣Smart,23,0,23,群益金鼎-開元,2024-06-20,9134
3715,定穎投控,32,11,21,群益金鼎-開元,2024-06-20,9134
8349,�矬�,20,0,20,群益金鼎-開元,2024-06-20,9134
2362,藍天,20,0,20,群益金鼎-開元,2024-06-20,9134
1563,巧新,20,0,20,群益金鼎-開元,2024-06-20,9134
6869,雲豹能源,24,4,20,群益金鼎-開元,2024-06-20,9134
00946,群益科技高息成長,24,6,18,群益金鼎-開元,2024-06-20,9134
00751B,元大AAA至A公司債,18,0,18,群益金鼎-開元,2024-06-20,9134
2353,宏��,19,2,17,群益金鼎-開元,2024-06-20,9134
2312,金寶,20,3,17,群益金鼎-開元,2024-06-20,9134
2371,大同,33,16,17,群益金鼎-開元,2024-06-20,9134
6449,鈺邦,16,1,15,群益金鼎-開元,2024-06-20,9134
6242,立康,15,0,15,群益金鼎-開元,2024-06-20,9134
2886,兆豐金,14,0,14,群益金鼎-開元,2024-06-20,9134
8096,擎亞,19,5,14,群益金鼎-開元,2024-06-20,9134
2610,華航,18,5,13,群益金鼎-開元,2024-06-20,9134
00881,國泰台灣5G+,14,1,13,群益金鼎-開元,2024-06-20,9134
3481,群創,36,23,13,群益金鼎-開元,2024-06-20,9134
3379,彬台,13,1,12,群益金鼎-開元,2024-06-20,9134
9945,潤泰新,12,0,12,群益金鼎-開元,2024-06-20,9134
1216,統一,12,0,12,群益金鼎-開元,2024-06-20,9134
4306,炎洲,14,2,12,群益金鼎-開元,2024-06-20,9134
1210,大成,12,0,12,群益金鼎-開元,2024-06-20,9134
2618,長榮航,21,9,12,群益金鼎-開元,2024-06-20,9134
2330,台積電,13,1,12,群益金鼎-開元,2024-06-20,9134
1617,榮星,19,8,11,群益金鼎-開元,2024-06-20,9134
4566,時碩工業,12,1,11,群益金鼎-開元,2024-06-20,9134
4714,永捷,11,0,11,群益金鼎-開元,2024-06-20,9134
5530,龍巖,11,0,11,群益金鼎-開元,2024-06-20,9134
00878,國泰永續高股息,23,12,11,群益金鼎-開元,2024-06-20,9134
3413,京鼎,13,3,10,群益金鼎-開元,2024-06-20,9134
2020,美亞,10,0,10,群益金鼎-開元,2024-06-20,9134
5498,凱崴,10,0,10,群益金鼎-開元,2024-06-20,9134
00937B,群益ESG投等債20,612,0,612,群益金鼎-開元,2024-06-21,9134
00632R,元大台灣50反1,151,0,151,群益金鼎-開元,2024-06-21,9134
00946,群益科技高息成長,131,10,121,群益金鼎-開元,2024-06-21,9134
00936,台新永續高息中小,112,0,112,群益金鼎-開元,2024-06-21,9134
8942,森鉅,75,4,71,群益金鼎-開元,2024-06-21,9134
00688L,國泰20年美債正2,65,0,65,群益金鼎-開元,2024-06-21,9134
00919,群益台灣精選高息,207,160,47,群益金鼎-開元,2024-06-21,9134
00757,統一FANG+,44,0,44,群益金鼎-開元,2024-06-21,9134
2520,冠德,45,4,41,群益金鼎-開元,2024-06-21,9134
2344,華邦電,47,10,37,群益金鼎-開元,2024-06-21,9134
00929,復華台灣科技優息,150,113,37,群益金鼎-開元,2024-06-21,9134
8354,冠好,36,0,36,群益金鼎-開元,2024-06-21,9134
9945,潤泰新,32,0,32,群益金鼎-開元,2024-06-21,9134
2609,陽明,58,27,31,群益金鼎-開元,2024-06-21,9134
00679B,元大美債20年,39,9,30,群益金鼎-開元,2024-06-21,9134
2317,鴻海,59,30,29,群益金鼎-開元,2024-06-21,9134
2867,三商壽,27,0,27,群益金鼎-開元,2024-06-21,9134
00712,復華富時不動產,29,5,24,群益金鼎-開元,2024-06-21,9134
00918,大華優利高填息30,23,0,23,群益金鼎-開元,2024-06-21,9134
1301,台塑,32,9,23,群益金鼎-開元,2024-06-21,9134
2363,矽統,30,7,23,群益金鼎-開元,2024-06-21,9134
4967,十銓,35,13,22,群益金鼎-開元,2024-06-21,9134
5284,jpp-KY,22,0,22,群益金鼎-開元,2024-06-21,9134
6116,彩晶,80,58,22,群益金鼎-開元,2024-06-21,9134
2367,燿華,26,6,20,群益金鼎-開元,2024-06-21,9134
00942B,台新美A公司債20+,35,15,20,群益金鼎-開元,2024-06-21,9134
1789,神隆,20,0,20,群益金鼎-開元,2024-06-21,9134
3363,上詮,22,2,20,群益金鼎-開元,2024-06-21,9134
3615,安可,25,5,20,群益金鼎-開元,2024-06-21,9134
2834,臺企銀,26,7,19,群益金鼎-開元,2024-06-21,9134
5347,世界,20,3,17,群益金鼎-開元,2024-06-21,9134
2489,瑞軒,32,16,16,群益金鼎-開元,2024-06-21,9134
912000,晨訊科-DR,15,0,15,群益金鼎-開元,2024-06-21,9134
3227,原相,15,0,15,群益金鼎-開元,2024-06-21,9134
5608,四維航,20,5,15,群益金鼎-開元,2024-06-21,9134
2382,廣達,23,9,14,群益金鼎-開元,2024-06-21,9134
4167,松瑞藥,15,1,14,群益金鼎-開元,2024-06-21,9134
6239,力成,14,0,14,群益金鼎-開元,2024-06-21,9134
00923,群益台ESG低碳50,15,2,13,群益金鼎-開元,2024-06-21,9134
2743,山富,13,0,13,群益金鼎-開元,2024-06-21,9134
3024,憶聲,23,11,12,群益金鼎-開元,2024-06-21,9134
2353,宏��,13,1,12,群益金鼎-開元,2024-06-21,9134
8096,擎亞,37,25,12,群益金鼎-開元,2024-06-21,9134
5009,榮剛,12,0,12,群益金鼎-開元,2024-06-21,9134
9136,巨騰-DR,12,0,12,群益金鼎-開元,2024-06-21,9134
2614,東森,12,0,12,群益金鼎-開元,2024-06-21,9134
2885,元大金,12,1,11,群益金鼎-開元,2024-06-21,9134
5355,佳總,12,1,11,群益金鼎-開元,2024-06-21,9134
6284,佳邦,20,9,11,群益金鼎-開元,2024-06-21,9134
2371,大同,32,21,11,群益金鼎-開元,2024-06-21,9134
3481,群創,530,204,326,群益金鼎-開元,2024-06-24,9134
00929,復華台灣科技優息,294,22,272,群益金鼎-開元,2024-06-24,9134
00946,群益科技高息成長,199,17,182,群益金鼎-開元,2024-06-24,9134
00940,元大台灣價值高息,236,62,174,群益金鼎-開元,2024-06-24,9134
00936,台新永續高息中小,153,0,153,群益金鼎-開元,2024-06-24,9134
00919,群益台灣精選高息,187,61,126,群益金鼎-開元,2024-06-24,9134
2867,三商壽,80,4,76,群益金鼎-開元,2024-06-24,9134
00923,群益台ESG低碳50,68,0,68,群益金鼎-開元,2024-06-24,9134
00937B,群益ESG投等債20,107,41,66,群益金鼎-開元,2024-06-24,9134
00712,復華富時不動產,62,0,62,群益金鼎-開元,2024-06-24,9134
00688L,國泰20年美債正2,60,0,60,群益金鼎-開元,2024-06-24,9134
3034,聯詠,58,4,54,群益金鼎-開元,2024-06-24,9134
5434,崇越,50,0,50,群益金鼎-開元,2024-06-24,9134
5284,jpp-KY,49,1,48,群益金鼎-開元,2024-06-24,9134
2330,台積電,51,7,44,群益金鼎-開元,2024-06-24,9134
2317,鴻海,53,12,41,群益金鼎-開元,2024-06-24,9134
00948B,中信優息投資級債,41,0,41,群益金鼎-開元,2024-06-24,9134
6284,佳邦,55,14,41,群益金鼎-開元,2024-06-24,9134
2408,南亞科,39,1,38,群益金鼎-開元,2024-06-24,9134
2888,新光金,37,4,33,群益金鼎-開元,2024-06-24,9134
6217,中探針,33,2,31,群益金鼎-開元,2024-06-24,9134
1785,光洋科,100,70,30,群益金鼎-開元,2024-06-24,9134
1301,台塑,40,14,26,群益金鼎-開元,2024-06-24,9134
2362,藍天,32,6,26,群益金鼎-開元,2024-06-24,9134
2739,寒舍,40,15,25,群益金鼎-開元,2024-06-24,9134
6290,良維,27,4,23,群益金鼎-開元,2024-06-24,9134
3605,宏致,31,8,23,群益金鼎-開元,2024-06-24,9134
3022,威強電,22,0,22,群益金鼎-開元,2024-06-24,9134
2353,宏��,29,8,21,群益金鼎-開元,2024-06-24,9134
00881,國泰台灣5G+,19,0,19,群益金鼎-開元,2024-06-24,9134
9945,潤泰新,21,2,19,群益金鼎-開元,2024-06-24,9134
2615,萬海,25,6,19,群益金鼎-開元,2024-06-24,9134
00878,國泰永續高股息,18,0,18,群益金鼎-開元,2024-06-24,9134
2467,志聖,18,1,17,群益金鼎-開元,2024-06-24,9134
2401,凌陽,21,5,16,群益金鼎-開元,2024-06-24,9134
3450,聯鈞,30,14,16,群益金鼎-開元,2024-06-24,9134
3062,建漢,53,37,16,群益金鼎-開元,2024-06-24,9134
8085,福華,23,8,15,群益金鼎-開元,2024-06-24,9134
0056,元大高股息,20,5,15,群益金鼎-開元,2024-06-24,9134
2603,長榮,16,2,14,群益金鼎-開元,2024-06-24,9134
6625,必應,14,0,14,群益金鼎-開元,2024-06-24,9134
6770,力積電,15,1,14,群益金鼎-開元,2024-06-24,9134
1446,宏和,13,0,13,群益金鼎-開元,2024-06-24,9134
00915,凱基優選高股息30,13,0,13,群益金鼎-開元,2024-06-24,9134
2611,志信,22,10,12,群益金鼎-開元,2024-06-24,9134
2101,南港,13,1,12,群益金鼎-開元,2024-06-24,9134
8110,華東,13,1,12,群益金鼎-開元,2024-06-24,9134
2382,廣達,19,7,12,群益金鼎-開元,2024-06-24,9134
2352,佳世達,16,5,11,群益金鼎-開元,2024-06-24,9134
2548,華固,11,0,11,群益金鼎-開元,2024-06-24,9134
3481,群創,362,175,187,群益金鼎-開元,2024-06-25,9134
00929,復華台灣科技優息,149,30,119,群益金鼎-開元,2024-06-25,9134
00946,群益科技高息成長,109,10,99,群益金鼎-開元,2024-06-25,9134
6127,九豪,107,9,98,群益金鼎-開元,2024-06-25,9134
00632R,元大台灣50反1,110,16,94,群益金鼎-開元,2024-06-25,9134
2409,友達,83,0,83,群益金鼎-開元,2024-06-25,9134
5864,致和證,88,5,83,群益金鼎-開元,2024-06-25,9134
00948B,中信優息投資級債,50,0,50,群益金鼎-開元,2024-06-25,9134
4967,十銓,53,5,48,群益金鼎-開元,2024-06-25,9134
2887E,台新戊特,47,0,47,群益金鼎-開元,2024-06-25,9134
1301,台塑,39,0,39,群益金鼎-開元,2024-06-25,9134
2363,矽統,39,0,39,群益金鼎-開元,2024-06-25,9134
2352,佳世達,53,22,31,群益金鼎-開元,2024-06-25,9134
2367,燿華,33,3,30,群益金鼎-開元,2024-06-25,9134
3406,玉晶光,30,2,28,群益金鼎-開元,2024-06-25,9134
3231,緯創,33,6,27,群益金鼎-開元,2024-06-25,9134
00680L,元大美債20正2,26,0,26,群益金鼎-開元,2024-06-25,9134
3034,聯詠,25,0,25,群益金鼎-開元,2024-06-25,9134
00936,台新永續高息中小,24,1,23,群益金鼎-開元,2024-06-25,9134
1815,富喬,29,6,23,群益金鼎-開元,2024-06-25,9134
4563,百德,34,12,22,群益金鼎-開元,2024-06-25,9134
4960,誠美材,21,0,21,群益金鼎-開元,2024-06-25,9134
9945,潤泰新,21,1,20,群益金鼎-開元,2024-06-25,9134
00942B,台新美A公司債20+,20,0,20,群益金鼎-開元,2024-06-25,9134
3025,星通,28,8,20,群益金鼎-開元,2024-06-25,9134
3081,聯亞,18,0,18,群益金鼎-開元,2024-06-25,9134
2439,美律,18,0,18,群益金鼎-開元,2024-06-25,9134
2401,凌陽,20,4,16,群益金鼎-開元,2024-06-25,9134
2548,華固,16,0,16,群益金鼎-開元,2024-06-25,9134
2605,新興,17,1,16,群益金鼎-開元,2024-06-25,9134
00923,群益台ESG低碳50,20,5,15,群益金鼎-開元,2024-06-25,9134
8064,東捷,24,9,15,群益金鼎-開元,2024-06-25,9134
3494,誠研,15,0,15,群益金鼎-開元,2024-06-25,9134
3062,建漢,24,9,15,群益金鼎-開元,2024-06-25,9134
2406,國碩,20,5,15,群益金鼎-開元,2024-06-25,9134
00878,國泰永續高股息,16,2,14,群益金鼎-開元,2024-06-25,9134
6861,睿生光電,17,3,14,群益金鼎-開元,2024-06-25,9134
8349,�矬�,14,0,14,群益金鼎-開元,2024-06-25,9134
8040,九暘,15,1,14,群益金鼎-開元,2024-06-25,9134
2344,華邦電,13,0,13,群益金鼎-開元,2024-06-25,9134
00939,統一台灣高息動能,15,2,13,群益金鼎-開元,2024-06-25,9134
2867,三商壽,15,2,13,群益金鼎-開元,2024-06-25,9134
2323,中環,13,0,13,群益金鼎-開元,2024-06-25,9134
4933,友輝,13,0,13,群益金鼎-開元,2024-06-25,9134
8011,台通,13,0,13,群益金鼎-開元,2024-06-25,9134
6116,彩晶,15,3,12,群益金鼎-開元,2024-06-25,9134
5351,鈺創,12,0,12,群益金鼎-開元,2024-06-25,9134
00881,國泰台灣5G+,14,2,12,群益金鼎-開元,2024-06-25,9134
2371,大同,35,23,12,群益金鼎-開元,2024-06-25,9134
00918,大華優利高填息30,11,0,11,群益金鼎-開元,2024-06-25,9134
1815,富喬,512,12,500,群益金鼎-開元,2024-06-26,9134
2409,友達,202,5,197,群益金鼎-開元,2024-06-26,9134
00946,群益科技高息成長,185,1,184,群益金鼎-開元,2024-06-26,9134
00940,元大台灣價值高息,172,8,164,群益金鼎-開元,2024-06-26,9134
00936,台新永續高息中小,151,0,151,群益金鼎-開元,2024-06-26,9134
00688L,國泰20年美債正2,95,0,95,群益金鼎-開元,2024-06-26,9134
6863,永道-KY,71,3,68,群益金鼎-開元,2024-06-26,9134
8089,康全電訊,64,3,61,群益金鼎-開元,2024-06-26,9134
00632R,元大台灣50反1,165,105,60,群益金鼎-開元,2024-06-26,9134
2891,中信金,51,0,51,群益金鼎-開元,2024-06-26,9134
00919,群益台灣精選高息,74,26,48,群益金鼎-開元,2024-06-26,9134
5864,致和證,47,0,47,群益金鼎-開元,2024-06-26,9134
3481,群創,392,346,46,群益金鼎-開元,2024-06-26,9134
5009,榮剛,38,0,38,群益金鼎-開元,2024-06-26,9134
2002,中鋼,39,1,38,群益金鼎-開元,2024-06-26,9134
2344,華邦電,38,1,37,群益金鼎-開元,2024-06-26,9134
1605,華新,36,0,36,群益金鼎-開元,2024-06-26,9134
9945,潤泰新,37,1,36,群益金鼎-開元,2024-06-26,9134
00929,復華台灣科技優息,69,36,33,群益金鼎-開元,2024-06-26,9134
00927,群益半導體收益,32,0,32,群益金鼎-開元,2024-06-26,9134
00945B,凱基美國非投等債,30,0,30,群益金鼎-開元,2024-06-26,9134
2867,三商壽,30,0,30,群益金鼎-開元,2024-06-26,9134
2347,聯強,26,0,26,群益金鼎-開元,2024-06-26,9134
1301,台塑,25,0,25,群益金鼎-開元,2024-06-26,9134
3034,聯詠,27,2,25,群益金鼎-開元,2024-06-26,9134
1785,光洋科,70,48,22,群益金鼎-開元,2024-06-26,9134
5512,力麒,22,0,22,群益金鼎-開元,2024-06-26,9134
6753,龍德造船,112,91,21,群益金鼎-開元,2024-06-26,9134
2408,南亞科,18,0,18,群益金鼎-開元,2024-06-26,9134
2365,昆盈,20,4,16,群益金鼎-開元,2024-06-26,9134
5328,華容,19,3,16,群益金鼎-開元,2024-06-26,9134
2834,臺企銀,16,0,16,群益金鼎-開元,2024-06-26,9134
4526,東台,88,73,15,群益金鼎-開元,2024-06-26,9134
3494,誠研,15,0,15,群益金鼎-開元,2024-06-26,9134
3296,勝德,21,7,14,群益金鼎-開元,2024-06-26,9134
2376,技嘉,13,0,13,群益金鼎-開元,2024-06-26,9134
8085,福華,16,3,13,群益金鼎-開元,2024-06-26,9134
3231,緯創,22,9,13,群益金鼎-開元,2024-06-26,9134
6695,芯鼎,17,5,12,群益金鼎-開元,2024-06-26,9134
6125,廣運,17,5,12,群益金鼎-開元,2024-06-26,9134
00878,國泰永續高股息,15,3,12,群益金鼎-開元,2024-06-26,9134
2609,陽明,18,7,11,群益金鼎-開元,2024-06-26,9134
5871,中租-KY,11,0,11,群益金鼎-開元,2024-06-26,9134
2812,台中銀,10,0,10,群益金鼎-開元,2024-06-26,9134
6462,神盾,11,1,10,群益金鼎-開元,2024-06-26,9134
1310,台苯,10,0,10,群益金鼎-開元,2024-06-26,9134
3149,正達,11,1,10,群益金鼎-開元,2024-06-26,9134
4108,懷特,10,0,10,群益金鼎-開元,2024-06-26,9134
2363,矽統,15,5,10,群益金鼎-開元,2024-06-26,9134
2362,藍天,10,0,10,群益金鼎-開元,2024-06-26,9134
2344,華邦電,309,0,309,群益金鼎-開元,2024-06-27,9134
00632R,元大台灣50反1,190,0,190,群益金鼎-開元,2024-06-27,9134
00937B,群益ESG投等債20,165,0,165,群益金鼎-開元,2024-06-27,9134
6443,元晶,228,70,158,群益金鼎-開元,2024-06-27,9134
3481,群創,215,113,102,群益金鼎-開元,2024-06-27,9134
2892,第一金,100,0,100,群益金鼎-開元,2024-06-27,9134
9945,潤泰新,78,0,78,群益金鼎-開元,2024-06-27,9134
3047,訊舟,115,57,58,群益金鼎-開元,2024-06-27,9134
00946,群益科技高息成長,53,0,53,群益金鼎-開元,2024-06-27,9134
5512,力麒,51,0,51,群益金鼎-開元,2024-06-27,9134
6877,鏵友益,52,1,51,群益金鼎-開元,2024-06-27,9134
00936,台新永續高息中小,46,0,46,群益金鼎-開元,2024-06-27,9134
6869,雲豹能源,55,12,43,群益金鼎-開元,2024-06-27,9134
9105,泰金寶-DR,50,12,38,群益金鼎-開元,2024-06-27,9134
00679B,元大美債20年,34,0,34,群益金鼎-開元,2024-06-27,9134
2885,元大金,32,0,32,群益金鼎-開元,2024-06-27,9134
2611,志信,32,0,32,群益金鼎-開元,2024-06-27,9134
1611,中電,32,1,31,群益金鼎-開元,2024-06-27,9134
00948B,中信優息投資級債,30,0,30,群益金鼎-開元,2024-06-27,9134
4720,德淵,28,0,28,群益金鼎-開元,2024-06-27,9134
00687B,國泰20年美債,29,1,28,群益金鼎-開元,2024-06-27,9134
8089,康全電訊,32,4,28,群益金鼎-開元,2024-06-27,9134
2317,鴻海,39,13,26,群益金鼎-開元,2024-06-27,9134
00940,元大台灣價值高息,116,91,25,群益金鼎-開元,2024-06-27,9134
00929,復華台灣科技優息,23,0,23,群益金鼎-開元,2024-06-27,9134
6282,康舒,22,1,21,群益金鼎-開元,2024-06-27,9134
1785,光洋科,58,38,20,群益金鼎-開元,2024-06-27,9134
2867,三商壽,20,0,20,群益金鼎-開元,2024-06-27,9134
2489,瑞軒,31,11,20,群益金鼎-開元,2024-06-27,9134
2883,凱基金,30,10,20,群益金鼎-開元,2024-06-27,9134
2458,義隆,20,0,20,群益金鼎-開元,2024-06-27,9134
9136,巨騰-DR,25,5,20,群益金鼎-開元,2024-06-27,9134
2408,南亞科,21,1,20,群益金鼎-開元,2024-06-27,9134
0056,元大高股息,21,2,19,群益金鼎-開元,2024-06-27,9134
6180,橘子,26,8,18,群益金鼎-開元,2024-06-27,9134
4938,和碩,19,2,17,群益金鼎-開元,2024-06-27,9134
6901,鑽石投資,34,17,17,群益金鼎-開元,2024-06-27,9134
00942B,台新美A公司債20+,17,0,17,群益金鼎-開元,2024-06-27,9134
6116,彩晶,17,0,17,群益金鼎-開元,2024-06-27,9134
6770,力積電,16,0,16,群益金鼎-開元,2024-06-27,9134
2367,燿華,38,23,15,群益金鼎-開元,2024-06-27,9134
2101,南港,15,0,15,群益金鼎-開元,2024-06-27,9134
2025,千興,15,0,15,群益金鼎-開元,2024-06-27,9134
00939,統一台灣高息動能,16,1,15,群益金鼎-開元,2024-06-27,9134
1809,中釉,19,5,14,群益金鼎-開元,2024-06-27,9134
6196,帆宣,16,2,14,群益金鼎-開元,2024-06-27,9134
00878,國泰永續高股息,15,1,14,群益金鼎-開元,2024-06-27,9134
8150,南茂,15,2,13,群益金鼎-開元,2024-06-27,9134
00933B,國泰10Y+金融債,13,0,13,群益金鼎-開元,2024-06-27,9134
5468,凱鈺,15,2,13,群益金鼎-開元,2024-06-27,9134
00688L,國泰20年美債正2,140,0,140,群益金鼎-開元,2024-06-28,9134
3481,群創,168,58,110,群益金鼎-開元,2024-06-28,9134
00946,群益科技高息成長,101,5,96,群益金鼎-開元,2024-06-28,9134
00937B,群益ESG投等債20,85,7,78,群益金鼎-開元,2024-06-28,9134
00929,復華台灣科技優息,94,21,73,群益金鼎-開元,2024-06-28,9134
2332,友訊,70,0,70,群益金鼎-開元,2024-06-28,9134
2352,佳世達,103,46,57,群益金鼎-開元,2024-06-28,9134
00942B,台新美A公司債20+,56,0,56,群益金鼎-開元,2024-06-28,9134
00632R,元大台灣50反1,256,200,56,群益金鼎-開元,2024-06-28,9134
6244,茂迪,107,54,53,群益金鼎-開元,2024-06-28,9134
2618,長榮航,58,7,51,群益金鼎-開元,2024-06-28,9134
4960,誠美材,50,0,50,群益金鼎-開元,2024-06-28,9134
6261,久元,44,0,44,群益金鼎-開元,2024-06-28,9134
2439,美律,44,1,43,群益金鼎-開元,2024-06-28,9134
00948B,中信優息投資級債,34,0,34,群益金鼎-開元,2024-06-28,9134
2610,華航,41,8,33,群益金鼎-開元,2024-06-28,9134
2611,志信,26,0,26,群益金鼎-開元,2024-06-28,9134
4770,上品,25,0,25,群益金鼎-開元,2024-06-28,9134
00679B,元大美債20年,55,30,25,群益金鼎-開元,2024-06-28,9134
6180,橘子,23,2,21,群益金鼎-開元,2024-06-28,9134
2354,鴻準,28,8,20,群益金鼎-開元,2024-06-28,9134
8150,南茂,20,0,20,群益金鼎-開元,2024-06-28,9134
1795,美時,22,2,20,群益金鼎-開元,2024-06-28,9134
2313,華通,44,25,19,群益金鼎-開元,2024-06-28,9134
3338,泰碩,23,6,17,群益金鼎-開元,2024-06-28,9134
1101,台泥,17,0,17,群益金鼎-開元,2024-06-28,9134
4164,承業醫,17,0,17,群益金鼎-開元,2024-06-28,9134
5328,華容,17,1,16,群益金鼎-開元,2024-06-28,9134
4128,中天,19,4,15,群益金鼎-開元,2024-06-28,9134
5009,榮剛,16,2,14,群益金鼎-開元,2024-06-28,9134
1402,遠東新,13,0,13,群益金鼎-開元,2024-06-28,9134
4919,新唐,13,0,13,群益金鼎-開元,2024-06-28,9134
8349,�矬�,13,0,13,群益金鼎-開元,2024-06-28,9134
6147,頎邦,13,1,12,群益金鼎-開元,2024-06-28,9134
3498,陽程,18,6,12,群益金鼎-開元,2024-06-28,9134
2201,裕隆,12,0,12,群益金鼎-開元,2024-06-28,9134
5340,建榮,14,2,12,群益金鼎-開元,2024-06-28,9134
6443,元晶,19,8,11,群益金鼎-開元,2024-06-28,9134
2337,旺宏,11,0,11,群益金鼎-開元,2024-06-28,9134
3055,蔚華科,18,7,11,群益金鼎-開元,2024-06-28,9134
911868,同方友友-DR,11,0,11,群益金鼎-開元,2024-06-28,9134
3013,晟銘電,23,13,10,群益金鼎-開元,2024-06-28,9134
00637L,元大滬深300正2,10,0,10,群益金鼎-開元,2024-06-28,9134
5371,中光電,11,1,10,群益金鼎-開元,2024-06-28,9134
2412,中華電,11,1,10,群益金鼎-開元,2024-06-28,9134
00665L,富邦�琤肭磪囓�2,10,0,10,群益金鼎-開元,2024-06-28,9134
3047,訊舟,17,7,10,群益金鼎-開元,2024-06-28,9134
00712,復華富時不動產,24,14,10,群益金鼎-開元,2024-06-28,9134
2301,光寶科,13,4,9,群益金鼎-開元,2024-06-28,9134
2303,聯電,15,6,9,群益金鼎-開元,2024-06-28,9134
00937B,群益ESG投等債20,226,6,220,群益金鼎-開元,2024-07-01,9134
00688L,國泰20年美債正2,188,0,188,群益金鼎-開元,2024-07-01,9134
00948B,中信優息投資級債,151,0,151,群益金鼎-開元,2024-07-01,9134
2332,友訊,101,0,101,群益金鼎-開元,2024-07-01,9134
2836,高雄銀,100,2,98,群益金鼎-開元,2024-07-01,9134
3576,聯合再生,77,3,74,群益金鼎-開元,2024-07-01,9134
00679B,元大美債20年,63,0,63,群益金鼎-開元,2024-07-01,9134
2867,三商壽,63,2,61,群益金鼎-開元,2024-07-01,9134
8473,山林水,60,1,59,群益金鼎-開元,2024-07-01,9134
2002,中鋼,60,1,59,群益金鼎-開元,2024-07-01,9134
8084,巨虹,53,0,53,群益金鼎-開元,2024-07-01,9134
00942B,台新美A公司債20+,51,0,51,群益金鼎-開元,2024-07-01,9134
00725B,國泰投資級公司債,50,0,50,群益金鼎-開元,2024-07-01,9134
8936,國統,50,0,50,群益金鼎-開元,2024-07-01,9134
2354,鴻準,47,2,45,群益金鼎-開元,2024-07-01,9134
3218,大學光,41,0,41,群益金鼎-開元,2024-07-01,9134
00929,復華台灣科技優息,55,21,34,群益金鼎-開元,2024-07-01,9134
00687B,國泰20年美債,37,5,32,群益金鼎-開元,2024-07-01,9134
5009,榮剛,33,1,32,群益金鼎-開元,2024-07-01,9134
2515,中工,31,0,31,群益金鼎-開元,2024-07-01,9134
6869,雲豹能源,29,1,28,群益金鼎-開元,2024-07-01,9134
2412,中華電,51,25,26,群益金鼎-開元,2024-07-01,9134
4770,上品,25,0,25,群益金鼎-開元,2024-07-01,9134
2303,聯電,47,22,25,群益金鼎-開元,2024-07-01,9134
00931B,統一美債20年,24,0,24,群益金鼎-開元,2024-07-01,9134
00936,台新永續高息中小,26,3,23,群益金鼎-開元,2024-07-01,9134
00712,復華富時不動產,23,0,23,群益金鼎-開元,2024-07-01,9134
2340,台亞,21,0,21,群益金鼎-開元,2024-07-01,9134
6173,信昌電,21,0,21,群益金鼎-開元,2024-07-01,9134
4960,誠美材,21,0,21,群益金鼎-開元,2024-07-01,9134
2351,順德,26,5,21,群益金鼎-開元,2024-07-01,9134
2025,千興,20,0,20,群益金鼎-開元,2024-07-01,9134
5521,工信,20,0,20,群益金鼎-開元,2024-07-01,9134
2880,華南金,20,0,20,群益金鼎-開元,2024-07-01,9134
5328,華容,20,0,20,群益金鼎-開元,2024-07-01,9134
911868,同方友友-DR,22,3,19,群益金鼎-開元,2024-07-01,9134
9940,信義,19,0,19,群益金鼎-開元,2024-07-01,9134
00751B,元大AAA至A公司債,16,0,16,群益金鼎-開元,2024-07-01,9134
1301,台塑,16,0,16,群益金鼎-開元,2024-07-01,9134
6194,育富,16,0,16,群益金鼎-開元,2024-07-01,9134
8096,擎亞,34,18,16,群益金鼎-開元,2024-07-01,9134
00720B,元大投資級公司債,15,0,15,群益金鼎-開元,2024-07-01,9134
3543,州巧,13,0,13,群益金鼎-開元,2024-07-01,9134
4961,天鈺,12,0,12,群益金鼎-開元,2024-07-01,9134
00933B,國泰10Y+金融債,12,0,12,群益金鼎-開元,2024-07-01,9134
8341,日友,12,0,12,群益金鼎-開元,2024-07-01,9134
4919,新唐,11,0,11,群益金鼎-開元,2024-07-01,9134
1785,光洋科,29,18,11,群益金鼎-開元,2024-07-01,9134
4157,太景*-KY,11,0,11,群益金鼎-開元,2024-07-01,9134
4417,金洲,11,0,11,群益金鼎-開元,2024-07-01,9134
00934,中信成長高股息,212,0,212,群益金鼎-開元,2024-07-02,9134
00688L,國泰20年美債正2,110,0,110,群益金鼎-開元,2024-07-02,9134
00687B,國泰20年美債,89,0,89,群益金鼎-開元,2024-07-02,9134
00679B,元大美債20年,78,1,77,群益金鼎-開元,2024-07-02,9134
9105,泰金寶-DR,75,3,72,群益金鼎-開元,2024-07-02,9134
2317,鴻海,83,21,62,群益金鼎-開元,2024-07-02,9134
2002,中鋼,54,0,54,群益金鼎-開元,2024-07-02,9134
2303,聯電,63,10,53,群益金鼎-開元,2024-07-02,9134
2880,華南金,51,0,51,群益金鼎-開元,2024-07-02,9134
00942B,台新美A公司債20+,51,0,51,群益金鼎-開元,2024-07-02,9134
0056,元大高股息,49,2,47,群益金鼎-開元,2024-07-02,9134
00948B,中信優息投資級債,45,0,45,群益金鼎-開元,2024-07-02,9134
00940,元大台灣價值高息,89,46,43,群益金鼎-開元,2024-07-02,9134
8936,國統,68,26,42,群益金鼎-開元,2024-07-02,9134
2615,萬海,52,12,40,群益金鼎-開元,2024-07-02,9134
00936,台新永續高息中小,78,40,38,群益金鼎-開元,2024-07-02,9134
00931B,統一美債20年,37,0,37,群益金鼎-開元,2024-07-02,9134
3218,大學光,35,0,35,群益金鼎-開元,2024-07-02,9134
00929,復華台灣科技優息,136,103,33,群益金鼎-開元,2024-07-02,9134
1605,華新,33,0,33,群益金鼎-開元,2024-07-02,9134
1785,光洋科,71,39,32,群益金鼎-開元,2024-07-02,9134
2362,藍天,32,0,32,群益金鼎-開元,2024-07-02,9134
00680L,元大美債20正2,31,0,31,群益金鼎-開元,2024-07-02,9134
6877,鏵友益,33,3,30,群益金鼎-開元,2024-07-02,9134
2109,華豐,29,0,29,群益金鼎-開元,2024-07-02,9134
8064,東捷,33,5,28,群益金鼎-開元,2024-07-02,9134
00937B,群益ESG投等債20,31,5,26,群益金鼎-開元,2024-07-02,9134
00632R,元大台灣50反1,40,15,25,群益金鼎-開元,2024-07-02,9134
00712,復華富時不動產,25,0,25,群益金鼎-開元,2024-07-02,9134
2820,華票,23,0,23,群益金鼎-開元,2024-07-02,9134
2365,昆盈,47,25,22,群益金鼎-開元,2024-07-02,9134
2618,長榮航,41,19,22,群益金鼎-開元,2024-07-02,9134
2355,敬鵬,21,1,20,群益金鼎-開元,2024-07-02,9134
5864,致和證,20,0,20,群益金鼎-開元,2024-07-02,9134
00946,群益科技高息成長,42,23,19,群益金鼎-開元,2024-07-02,9134
1326,台化,18,0,18,群益金鼎-開元,2024-07-02,9134
5880,合庫金,18,0,18,群益金鼎-開元,2024-07-02,9134
2605,新興,21,3,18,群益金鼎-開元,2024-07-02,9134
1301,台塑,25,8,17,群益金鼎-開元,2024-07-02,9134
1609,大亞,18,1,17,群益金鼎-開元,2024-07-02,9134
4806,桂田文創,16,0,16,群益金鼎-開元,2024-07-02,9134
00927,群益半導體收益,15,0,15,群益金鼎-開元,2024-07-02,9134
3702,大聯大,14,0,14,群益金鼎-開元,2024-07-02,9134
2354,鴻準,16,3,13,群益金鼎-開元,2024-07-02,9134
2409,友達,13,1,12,群益金鼎-開元,2024-07-02,9134
00921,兆豐龍頭等權重,12,0,12,群益金鼎-開元,2024-07-02,9134
6806,森崴能源,13,1,12,群益金鼎-開元,2024-07-02,9134
9940,信義,12,0,12,群益金鼎-開元,2024-07-02,9134
6163,華電網,14,2,12,群益金鼎-開元,2024-07-02,9134
2312,金寶,11,0,11,群益金鼎-開元,2024-07-02,9134
00632R,元大台灣50反1,245,6,239,群益金鼎-開元,2024-07-03,9134
00934,中信成長高股息,193,4,189,群益金鼎-開元,2024-07-03,9134
00946,群益科技高息成長,182,15,167,群益金鼎-開元,2024-07-03,9134
3576,聯合再生,337,202,135,群益金鼎-開元,2024-07-03,9134
0056,元大高股息,94,1,93,群益金鼎-開元,2024-07-03,9134
00680L,元大美債20正2,89,0,89,群益金鼎-開元,2024-07-03,9134
9105,泰金寶-DR,95,20,75,群益金鼎-開元,2024-07-03,9134
6443,元晶,104,29,75,群益金鼎-開元,2024-07-03,9134
6877,鏵友益,73,0,73,群益金鼎-開元,2024-07-03,9134
2812,台中銀,63,10,53,群益金鼎-開元,2024-07-03,9134
6116,彩晶,55,14,41,群益金鼎-開元,2024-07-03,9134
00929,復華台灣科技優息,80,39,41,群益金鼎-開元,2024-07-03,9134
00945B,凱基美國非投等債,41,0,41,群益金鼎-開元,2024-07-03,9134
4770,上品,40,0,40,群益金鼎-開元,2024-07-03,9134
8064,東捷,48,12,36,群益金鼎-開元,2024-07-03,9134
2371,大同,30,2,28,群益金鼎-開元,2024-07-03,9134
2618,長榮航,26,3,23,群益金鼎-開元,2024-07-03,9134
2408,南亞科,47,25,22,群益金鼎-開元,2024-07-03,9134
2809,京城銀,21,0,21,群益金鼎-開元,2024-07-03,9134
9919,康那香,21,0,21,群益金鼎-開元,2024-07-03,9134
6189,豐藝,37,16,21,群益金鼎-開元,2024-07-03,9134
6873,泓德能源,20,0,20,群益金鼎-開元,2024-07-03,9134
6015,宏遠證,20,0,20,群益金鼎-開元,2024-07-03,9134
2373,震旦行,20,0,20,群益金鼎-開元,2024-07-03,9134
6414,樺漢,19,1,18,群益金鼎-開元,2024-07-03,9134
00937B,群益ESG投等債20,20,3,17,群益金鼎-開元,2024-07-03,9134
00688L,國泰20年美債正2,17,0,17,群益金鼎-開元,2024-07-03,9134
2402,毅嘉,75,60,15,群益金鼎-開元,2024-07-03,9134
3313,斐成,15,0,15,群益金鼎-開元,2024-07-03,9134
4958,臻鼎-KY,17,2,15,群益金鼎-開元,2024-07-03,9134
2489,瑞軒,14,0,14,群益金鼎-開元,2024-07-03,9134
4906,正文,14,0,14,群益金鼎-開元,2024-07-03,9134
5443,均豪,32,19,13,群益金鼎-開元,2024-07-03,9134
6005,群益證,14,1,13,群益金鼎-開元,2024-07-03,9134
00927,群益半導體收益,33,20,13,群益金鼎-開元,2024-07-03,9134
2356,英業達,24,12,12,群益金鼎-開元,2024-07-03,9134
3322,建舜電,12,0,12,群益金鼎-開元,2024-07-03,9134
1905,華紙,12,0,12,群益金鼎-開元,2024-07-03,9134
6245,立端,12,0,12,群益金鼎-開元,2024-07-03,9134
2609,陽明,21,10,11,群益金鼎-開元,2024-07-03,9134
6139,亞翔,16,5,11,群益金鼎-開元,2024-07-03,9134
6869,雲豹能源,12,1,11,群益金鼎-開元,2024-07-03,9134
2515,中工,11,0,11,群益金鼎-開元,2024-07-03,9134
3321,同泰,11,0,11,群益金鼎-開元,2024-07-03,9134
5392,能率,12,1,11,群益金鼎-開元,2024-07-03,9134
3035,智原,11,0,11,群益金鼎-開元,2024-07-03,9134
00919,群益台灣精選高息,12,2,10,群益金鼎-開元,2024-07-03,9134
1460,宏遠,10,0,10,群益金鼎-開元,2024-07-03,9134
2108,南帝,10,0,10,群益金鼎-開元,2024-07-03,9134
00720B,元大投資級公司債,10,0,10,群益金鼎-開元,2024-07-03,9134
00632R,元大台灣50反1,547,15,532,群益金鼎-開元,2024-07-04,9134
2618,長榮航,262,11,251,群益金鼎-開元,2024-07-04,9134
3580,友威科,151,3,148,群益金鼎-開元,2024-07-04,9134
00937B,群益ESG投等債20,133,20,113,群益金鼎-開元,2024-07-04,9134
00688L,國泰20年美債正2,100,0,100,群益金鼎-開元,2024-07-04,9134
2317,鴻海,130,55,75,群益金鼎-開元,2024-07-04,9134
9946,三發地產,75,0,75,群益金鼎-開元,2024-07-04,9134
9904,寶成,73,0,73,群益金鼎-開元,2024-07-04,9134
00934,中信成長高股息,74,12,62,群益金鼎-開元,2024-07-04,9134
2412,中華電,56,0,56,群益金鼎-開元,2024-07-04,9134
1785,光洋科,131,78,53,群益金鼎-開元,2024-07-04,9134
2812,台中銀,59,10,49,群益金鼎-開元,2024-07-04,9134
2206,三陽工業,50,1,49,群益金鼎-開元,2024-07-04,9134
3576,聯合再生,56,16,40,群益金鼎-開元,2024-07-04,9134
2605,新興,33,4,29,群益金鼎-開元,2024-07-04,9134
1326,台化,25,0,25,群益金鼎-開元,2024-07-04,9134
9919,康那香,21,0,21,群益金鼎-開元,2024-07-04,9134
2617,台航,21,0,21,群益金鼎-開元,2024-07-04,9134
00946,群益科技高息成長,33,12,21,群益金鼎-開元,2024-07-04,9134
1305,華夏,20,0,20,群益金鼎-開元,2024-07-04,9134
2880,華南金,20,0,20,群益金鼎-開元,2024-07-04,9134
2352,佳世達,22,2,20,群益金鼎-開元,2024-07-04,9134
2883,凱基金,63,44,19,群益金鼎-開元,2024-07-04,9134
6244,茂迪,25,7,18,群益金鼎-開元,2024-07-04,9134
6546,正基,19,1,18,群益金鼎-開元,2024-07-04,9134
00680L,元大美債20正2,18,0,18,群益金鼎-開元,2024-07-04,9134
6261,久元,16,0,16,群益金鼎-開元,2024-07-04,9134
00945B,凱基美國非投等債,16,0,16,群益金鼎-開元,2024-07-04,9134
00712,復華富時不動產,28,13,15,群益金鼎-開元,2024-07-04,9134
6442,光聖,19,4,15,群益金鼎-開元,2024-07-04,9134
3622,洋華,15,1,14,群益金鼎-開元,2024-07-04,9134
1710,東聯,15,1,14,群益金鼎-開元,2024-07-04,9134
1460,宏遠,14,0,14,群益金鼎-開元,2024-07-04,9134
9945,潤泰新,16,2,14,群益金鼎-開元,2024-07-04,9134
9105,泰金寶-DR,51,38,13,群益金鼎-開元,2024-07-04,9134
2820,華票,13,0,13,群益金鼎-開元,2024-07-04,9134
2929,淘帝-KY,13,0,13,群益金鼎-開元,2024-07-04,9134
2354,鴻準,20,8,12,群益金鼎-開元,2024-07-04,9134
8222,寶一,12,0,12,群益金鼎-開元,2024-07-04,9134
4906,正文,15,3,12,群益金鼎-開元,2024-07-04,9134
3047,訊舟,22,10,12,群益金鼎-開元,2024-07-04,9134
6625,必應,12,0,12,群益金鼎-開元,2024-07-04,9134
5347,世界,12,2,10,群益金鼎-開元,2024-07-04,9134
6239,力成,16,6,10,群益金鼎-開元,2024-07-04,9134
00687B,國泰20年美債,10,0,10,群益金鼎-開元,2024-07-04,9134
3003,健和興,10,0,10,群益金鼎-開元,2024-07-04,9134
00751B,元大AAA至A公司債,10,0,10,群益金鼎-開元,2024-07-04,9134
00650L,復華香港正2,10,0,10,群益金鼎-開元,2024-07-04,9134
2340,台亞,15,5,10,群益金鼎-開元,2024-07-04,9134
2484,希華,9,0,9,群益金鼎-開元,2024-07-04,9134
2888,新光金,132,1,131,群益金鼎-開元,2024-07-05,9134
2323,中環,185,58,127,群益金鼎-開元,2024-07-05,9134
2352,佳世達,99,5,94,群益金鼎-開元,2024-07-05,9134
00687B,國泰20年美債,103,10,93,群益金鼎-開元,2024-07-05,9134
00679B,元大美債20年,82,6,76,群益金鼎-開元,2024-07-05,9134
4770,上品,61,0,61,群益金鼎-開元,2024-07-05,9134
00949,復華日本龍頭,61,0,61,群益金鼎-開元,2024-07-05,9134
4114,健喬,60,0,60,群益金鼎-開元,2024-07-05,9134
00934,中信成長高股息,70,10,60,群益金鼎-開元,2024-07-05,9134
4510,高鋒,50,0,50,群益金鼎-開元,2024-07-05,9134
8110,華東,50,0,50,群益金鼎-開元,2024-07-05,9134
9945,潤泰新,45,2,43,群益金鼎-開元,2024-07-05,9134
2401,凌陽,82,42,40,群益金鼎-開元,2024-07-05,9134
00937B,群益ESG投等債20,50,10,40,群益金鼎-開元,2024-07-05,9134
2618,長榮航,52,16,36,群益金鼎-開元,2024-07-05,9134
2867,三商壽,38,2,36,群益金鼎-開元,2024-07-05,9134
00688L,國泰20年美債正2,35,0,35,群益金鼎-開元,2024-07-05,9134
2464,盟立,79,46,33,群益金鼎-開元,2024-07-05,9134
2515,中工,31,0,31,群益金鼎-開元,2024-07-05,9134
2344,華邦電,29,0,29,群益金鼎-開元,2024-07-05,9134
00720B,元大投資級公司債,28,0,28,群益金鼎-開元,2024-07-05,9134
1718,中纖,40,15,25,群益金鼎-開元,2024-07-05,9134
2332,友訊,27,4,23,群益金鼎-開元,2024-07-05,9134
8433,弘帆,23,0,23,群益金鼎-開元,2024-07-05,9134
4906,正文,24,1,23,群益金鼎-開元,2024-07-05,9134
3450,聯鈞,39,17,22,群益金鼎-開元,2024-07-05,9134
8936,國統,24,2,22,群益金鼎-開元,2024-07-05,9134
2609,陽明,24,3,21,群益金鼎-開元,2024-07-05,9134
6863,永道-KY,32,11,21,群益金鼎-開元,2024-07-05,9134
00931B,統一美債20年,21,0,21,群益金鼎-開元,2024-07-05,9134
5864,致和證,21,0,21,群益金鼎-開元,2024-07-05,9134
00674R,期元大S＆P黃金反1,20,0,20,群益金鼎-開元,2024-07-05,9134
9940,信義,20,0,20,群益金鼎-開元,2024-07-05,9134
2705,六福,20,0,20,群益金鼎-開元,2024-07-05,9134
3062,建漢,22,2,20,群益金鼎-開元,2024-07-05,9134
1587,吉茂,20,1,19,群益金鼎-開元,2024-07-05,9134
2891,中信金,20,2,18,群益金鼎-開元,2024-07-05,9134
2412,中華電,22,5,17,群益金鼎-開元,2024-07-05,9134
6414,樺漢,21,4,17,群益金鼎-開元,2024-07-05,9134
6116,彩晶,51,34,17,群益金鼎-開元,2024-07-05,9134
2615,萬海,22,5,17,群益金鼎-開元,2024-07-05,9134
2317,鴻海,23,6,17,群益金鼎-開元,2024-07-05,9134
2020,美亞,15,0,15,群益金鼎-開元,2024-07-05,9134
8011,台通,16,2,14,群益金鼎-開元,2024-07-05,9134
6115,鎰勝,13,0,13,群益金鼎-開元,2024-07-05,9134
3532,台勝科,13,0,13,群益金鼎-開元,2024-07-05,9134
1503,士電,15,3,12,群益金鼎-開元,2024-07-05,9134
2347,聯強,12,0,12,群益金鼎-開元,2024-07-05,9134
1449,佳和,12,0,12,群益金鼎-開元,2024-07-05,9134
1612,宏泰,12,0,12,群益金鼎-開元,2024-07-05,9134
00688L,國泰20年美債正2,170,0,170,群益金鼎-開元,2024-07-08,9134
00679B,元大美債20年,144,2,142,群益金鼎-開元,2024-07-08,9134
00936,台新永續高息中小,123,0,123,群益金鼎-開元,2024-07-08,9134
2301,光寶科,109,6,103,群益金鼎-開元,2024-07-08,9134
00949,復華日本龍頭,96,2,94,群益金鼎-開元,2024-07-08,9134
6877,鏵友益,75,1,74,群益金鼎-開元,2024-07-08,9134
00687B,國泰20年美債,75,1,74,群益金鼎-開元,2024-07-08,9134
00934,中信成長高股息,85,16,69,群益金鼎-開元,2024-07-08,9134
6016,康和證,66,0,66,群益金鼎-開元,2024-07-08,9134
1785,光洋科,131,67,64,群益金鼎-開元,2024-07-08,9134
2108,南帝,63,1,62,群益金鼎-開元,2024-07-08,9134
4167,松瑞藥,93,42,51,群益金鼎-開元,2024-07-08,9134
00946,群益科技高息成長,63,16,47,群益金鼎-開元,2024-07-08,9134
00919,群益台灣精選高息,50,7,43,群益金鼎-開元,2024-07-08,9134
6217,中探針,43,1,42,群益金鼎-開元,2024-07-08,9134
2340,台亞,39,1,38,群益金鼎-開元,2024-07-08,9134
2867,三商壽,37,1,36,群益金鼎-開元,2024-07-08,9134
2883,凱基金,60,25,35,群益金鼎-開元,2024-07-08,9134
00927,群益半導體收益,37,3,34,群益金鼎-開元,2024-07-08,9134
2352,佳世達,35,2,33,群益金鼎-開元,2024-07-08,9134
3706,神達,32,1,31,群益金鼎-開元,2024-07-08,9134
9945,潤泰新,31,0,31,群益金鼎-開元,2024-07-08,9134
2603,長榮,54,23,31,群益金鼎-開元,2024-07-08,9134
4906,正文,34,4,30,群益金鼎-開元,2024-07-08,9134
2362,藍天,30,0,30,群益金鼎-開元,2024-07-08,9134
6194,育富,30,0,30,群益金鼎-開元,2024-07-08,9134
2820,華票,30,0,30,群益金鼎-開元,2024-07-08,9134
2489,瑞軒,57,31,26,群益金鼎-開元,2024-07-08,9134
3048,益登,36,11,25,群益金鼎-開元,2024-07-08,9134
00945B,凱基美國非投等債,25,0,25,群益金鼎-開元,2024-07-08,9134
6153,嘉聯益,38,13,25,群益金鼎-開元,2024-07-08,9134
6442,光聖,27,3,24,群益金鼎-開元,2024-07-08,9134
2412,中華電,22,2,20,群益金鼎-開元,2024-07-08,9134
5222,全訊,25,5,20,群益金鼎-開元,2024-07-08,9134
2332,友訊,20,0,20,群益金鼎-開元,2024-07-08,9134
8429,金麗-KY,30,10,20,群益金鼎-開元,2024-07-08,9134
4770,上品,20,0,20,群益金鼎-開元,2024-07-08,9134
2330,台積電,28,9,19,群益金鼎-開元,2024-07-08,9134
2427,三商電,51,33,18,群益金鼎-開元,2024-07-08,9134
2401,凌陽,22,4,18,群益金鼎-開元,2024-07-08,9134
5443,均豪,28,11,17,群益金鼎-開元,2024-07-08,9134
3045,台灣大,17,0,17,群益金鼎-開元,2024-07-08,9134
6274,台燿,23,6,17,群益金鼎-開元,2024-07-08,9134
2417,圓剛,21,5,16,群益金鼎-開元,2024-07-08,9134
6625,必應,16,0,16,群益金鼎-開元,2024-07-08,9134
1609,大亞,17,1,16,群益金鼎-開元,2024-07-08,9134
3171,炎洲流通,16,0,16,群益金鼎-開元,2024-07-08,9134
5498,凱崴,35,20,15,群益金鼎-開元,2024-07-08,9134
3450,聯鈞,19,5,14,群益金鼎-開元,2024-07-08,9134
4916,事欣科,14,1,13,群益金鼎-開元,2024-07-08,9134
2888,新光金,350,108,242,群益金鼎-開元,2024-07-09,9134
00929,復華台灣科技優息,123,11,112,群益金鼎-開元,2024-07-09,9134
00903,富邦元宇宙,100,3,97,群益金鼎-開元,2024-07-09,9134
3580,友威科,93,2,91,群益金鼎-開元,2024-07-09,9134
5864,致和證,80,0,80,群益金鼎-開元,2024-07-09,9134
2312,金寶,162,100,62,群益金鼎-開元,2024-07-09,9134
6016,康和證,61,0,61,群益金鼎-開元,2024-07-09,9134
00936,台新永續高息中小,59,0,59,群益金鼎-開元,2024-07-09,9134
2886,兆豐金,55,0,55,群益金鼎-開元,2024-07-09,9134
4906,正文,60,8,52,群益金鼎-開元,2024-07-09,9134
6015,宏遠證,50,0,50,群益金鼎-開元,2024-07-09,9134
2363,矽統,61,13,48,群益金鼎-開元,2024-07-09,9134
3481,群創,294,249,45,群益金鼎-開元,2024-07-09,9134
2313,華通,70,26,44,群益金鼎-開元,2024-07-09,9134
00679B,元大美債20年,65,24,41,群益金鼎-開元,2024-07-09,9134
00882,中信中國高股息,44,5,39,群益金鼎-開元,2024-07-09,9134
2349,錸德,41,2,39,群益金鼎-開元,2024-07-09,9134
6116,彩晶,39,0,39,群益金鼎-開元,2024-07-09,9134
2362,藍天,34,0,34,群益金鼎-開元,2024-07-09,9134
00946,群益科技高息成長,32,0,32,群益金鼎-開元,2024-07-09,9134
00934,中信成長高股息,37,7,30,群益金鼎-開元,2024-07-09,9134
1785,光洋科,82,53,29,群益金鼎-開元,2024-07-09,9134
4129,聯合,30,1,29,群益金鼎-開元,2024-07-09,9134
2609,陽明,41,14,27,群益金鼎-開元,2024-07-09,9134
6877,鏵友益,27,0,27,群益金鼎-開元,2024-07-09,9134
2618,長榮航,28,1,27,群益金鼎-開元,2024-07-09,9134
911868,同方友友-DR,33,6,27,群益金鼎-開元,2024-07-09,9134
6187,萬潤,34,9,25,群益金鼎-開元,2024-07-09,9134
2367,燿華,106,81,25,群益金鼎-開元,2024-07-09,9134
3576,聯合再生,30,7,23,群益金鼎-開元,2024-07-09,9134
8210,勤誠,23,1,22,群益金鼎-開元,2024-07-09,9134
2329,華泰,19,0,19,群益金鼎-開元,2024-07-09,9134
3322,建舜電,19,0,19,群益金鼎-開元,2024-07-09,9134
2354,鴻準,27,9,18,群益金鼎-開元,2024-07-09,9134
0056,元大高股息,18,1,17,群益金鼎-開元,2024-07-09,9134
1301,台塑,16,0,16,群益金鼎-開元,2024-07-09,9134
2344,華邦電,18,2,16,群益金鼎-開元,2024-07-09,9134
2834,臺企銀,40,25,15,群益金鼎-開元,2024-07-09,9134
2439,美律,22,7,15,群益金鼎-開元,2024-07-09,9134
2736,富野,15,0,15,群益金鼎-開元,2024-07-09,9134
2883,凱基金,24,9,15,群益金鼎-開元,2024-07-09,9134
1409,新纖,15,1,14,群益金鼎-開元,2024-07-09,9134
5608,四維航,15,1,14,群益金鼎-開元,2024-07-09,9134
6213,聯茂,20,6,14,群益金鼎-開元,2024-07-09,9134
3712,永崴投控,17,3,14,群益金鼎-開元,2024-07-09,9134
2323,中環,13,0,13,群益金鼎-開元,2024-07-09,9134
00680L,元大美債20正2,12,0,12,群益金鼎-開元,2024-07-09,9134
2501,國建,12,0,12,群益金鼎-開元,2024-07-09,9134
4306,炎洲,13,1,12,群益金鼎-開元,2024-07-09,9134
4960,誠美材,12,1,11,群益金鼎-開元,2024-07-09,9134
00680L,元大美債20正2,213,0,213,群益金鼎-開元,2024-07-10,9134
2344,華邦電,208,1,207,群益金鼎-開元,2024-07-10,9134
3037,欣興,113,6,107,群益金鼎-開元,2024-07-10,9134
3034,聯詠,107,0,107,群益金鼎-開元,2024-07-10,9134
00934,中信成長高股息,101,0,101,群益金鼎-開元,2024-07-10,9134
00688L,國泰20年美債正2,95,0,95,群益金鼎-開元,2024-07-10,9134
2317,鴻海,77,4,73,群益金鼎-開元,2024-07-10,9134
4770,上品,70,0,70,群益金鼎-開元,2024-07-10,9134
00931B,統一美債20年,61,0,61,群益金鼎-開元,2024-07-10,9134
5608,四維航,52,0,52,群益金鼎-開元,2024-07-10,9134
8011,台通,50,0,50,群益金鼎-開元,2024-07-10,9134
00632R,元大台灣50反1,65,20,45,群益金鼎-開元,2024-07-10,9134
00942B,台新美A公司債20+,50,10,40,群益金鼎-開元,2024-07-10,9134
6877,鏵友益,38,0,38,群益金鼎-開元,2024-07-10,9134
6231,系微,35,0,35,群益金鼎-開元,2024-07-10,9134
00919,群益台灣精選高息,36,3,33,群益金鼎-開元,2024-07-10,9134
3059,華晶科,30,2,28,群益金鼎-開元,2024-07-10,9134
2834,臺企銀,32,4,28,群益金鼎-開元,2024-07-10,9134
3019,亞光,29,4,25,群益金鼎-開元,2024-07-10,9134
5328,華容,25,0,25,群益金鼎-開元,2024-07-10,9134
00720B,元大投資級公司債,24,0,24,群益金鼎-開元,2024-07-10,9134
2886,兆豐金,24,0,24,群益金鼎-開元,2024-07-10,9134
1618,合機,26,2,24,群益金鼎-開元,2024-07-10,9134
2363,矽統,34,11,23,群益金鼎-開元,2024-07-10,9134
3576,聯合再生,24,1,23,群益金鼎-開元,2024-07-10,9134
2515,中工,25,3,22,群益金鼎-開元,2024-07-10,9134
2609,陽明,25,3,22,群益金鼎-開元,2024-07-10,9134
00712,復華富時不動產,21,0,21,群益金鼎-開元,2024-07-10,9134
9105,泰金寶-DR,44,24,20,群益金鼎-開元,2024-07-10,9134
00679B,元大美債20年,22,2,20,群益金鼎-開元,2024-07-10,9134
2312,金寶,64,44,20,群益金鼎-開元,2024-07-10,9134
3189,景碩,21,1,20,群益金鼎-開元,2024-07-10,9134
3673,TPK-KY,23,4,19,群益金鼎-開元,2024-07-10,9134
2354,鴻準,24,6,18,群益金鼎-開元,2024-07-10,9134
5871,中租-KY,18,0,18,群益金鼎-開元,2024-07-10,9134
6753,龍德造船,18,1,17,群益金鼎-開元,2024-07-10,9134
3048,益登,37,21,16,群益金鼎-開元,2024-07-10,9134
2392,正崴,49,34,15,群益金鼎-開元,2024-07-10,9134
00945B,凱基美國非投等債,15,0,15,群益金鼎-開元,2024-07-10,9134
2002,中鋼,16,2,14,群益金鼎-開元,2024-07-10,9134
5876,上海商銀,14,0,14,群益金鼎-開元,2024-07-10,9134
00946,群益科技高息成長,13,0,13,群益金鼎-開元,2024-07-10,9134
1785,光洋科,52,39,13,群益金鼎-開元,2024-07-10,9134
2353,宏��,46,33,13,群益金鼎-開元,2024-07-10,9134
3581,博磊,12,0,12,群益金鼎-開元,2024-07-10,9134
5426,振發,18,6,12,群益金鼎-開元,2024-07-10,9134
6278,台表科,12,0,12,群益金鼎-開元,2024-07-10,9134
5469,瀚宇博,13,1,12,群益金鼎-開元,2024-07-10,9134
2630,亞航,11,0,11,群益金鼎-開元,2024-07-10,9134
3234,光環,11,0,11,群益金鼎-開元,2024-07-10,9134
00929,復華台灣科技優息,216,2,214,群益金鼎-開元,2024-07-11,9134
8110,華東,140,0,140,群益金鼎-開元,2024-07-11,9134
00937B,群益ESG投等債20,113,0,113,群益金鼎-開元,2024-07-11,9134
2489,瑞軒,135,56,79,群益金鼎-開元,2024-07-11,9134
6244,茂迪,86,8,78,群益金鼎-開元,2024-07-11,9134
00688L,國泰20年美債正2,75,0,75,群益金鼎-開元,2024-07-11,9134
00946,群益科技高息成長,67,1,66,群益金鼎-開元,2024-07-11,9134
00725B,國泰投資級公司債,58,0,58,群益金鼎-開元,2024-07-11,9134
00679B,元大美債20年,53,2,51,群益金鼎-開元,2024-07-11,9134
2365,昆盈,60,15,45,群益金鼎-開元,2024-07-11,9134
3494,誠研,45,0,45,群益金鼎-開元,2024-07-11,9134
5905,南仁湖,45,3,42,群益金鼎-開元,2024-07-11,9134
2363,矽統,49,8,41,群益金鼎-開元,2024-07-11,9134
00934,中信成長高股息,76,36,40,群益金鼎-開元,2024-07-11,9134
1314,中石化,36,0,36,群益金鼎-開元,2024-07-11,9134
8028,昇陽半導體,44,9,35,群益金鼎-開元,2024-07-11,9134
2739,寒舍,35,0,35,群益金鼎-開元,2024-07-11,9134
2834,臺企銀,34,0,34,群益金鼎-開元,2024-07-11,9134
2323,中環,34,0,34,群益金鼎-開元,2024-07-11,9134
1609,大亞,35,3,32,群益金鼎-開元,2024-07-11,9134
00713,元大台灣高息低波,25,0,25,群益金鼎-開元,2024-07-11,9134
00881,國泰台灣5G+,25,0,25,群益金鼎-開元,2024-07-11,9134
5443,均豪,30,7,23,群益金鼎-開元,2024-07-11,9134
2369,菱生,23,0,23,群益金鼎-開元,2024-07-11,9134
00720B,元大投資級公司債,21,0,21,群益金鼎-開元,2024-07-11,9134
3306,鼎天,22,2,20,群益金鼎-開元,2024-07-11,9134
8429,金麗-KY,20,0,20,群益金鼎-開元,2024-07-11,9134
2618,長榮航,20,1,19,群益金鼎-開元,2024-07-11,9134
9105,泰金寶-DR,69,50,19,群益金鼎-開元,2024-07-11,9134
2353,宏��,30,12,18,群益金鼎-開元,2024-07-11,9134
8433,弘帆,18,0,18,群益金鼎-開元,2024-07-11,9134
4510,高鋒,19,2,17,群益金鼎-開元,2024-07-11,9134
2392,正崴,57,40,17,群益金鼎-開元,2024-07-11,9134
2382,廣達,16,0,16,群益金鼎-開元,2024-07-11,9134
4958,臻鼎-KY,23,7,16,群益金鼎-開元,2024-07-11,9134
5452,佶優,22,7,15,群益金鼎-開元,2024-07-11,9134
2340,台亞,15,0,15,群益金鼎-開元,2024-07-11,9134
00918,大華優利高填息30,18,3,15,群益金鼎-開元,2024-07-11,9134
6188,廣明,31,16,15,群益金鼎-開元,2024-07-11,9134
5328,華容,37,22,15,群益金鼎-開元,2024-07-11,9134
6116,彩晶,15,0,15,群益金鼎-開元,2024-07-11,9134
2610,華航,17,3,14,群益金鼎-開元,2024-07-11,9134
1301,台塑,17,3,14,群益金鼎-開元,2024-07-11,9134
6126,信音,26,12,14,群益金鼎-開元,2024-07-11,9134
2449,京元電子,16,2,14,群益金鼎-開元,2024-07-11,9134
2355,敬鵬,12,0,12,群益金鼎-開元,2024-07-11,9134
2548,華固,12,0,12,群益金鼎-開元,2024-07-11,9134
2929,淘帝-KY,12,0,12,群益金鼎-開元,2024-07-11,9134
2303,聯電,15,3,12,群益金鼎-開元,2024-07-11,9134
3450,聯鈞,58,47,11,群益金鼎-開元,2024-07-11,9134
00929,復華台灣科技優息,179,0,179,群益金鼎-開元,2024-07-12,9134
2603,長榮,166,1,165,群益金鼎-開元,2024-07-12,9134
2317,鴻海,140,13,127,群益金鼎-開元,2024-07-12,9134
00918,大華優利高填息30,126,2,124,群益金鼎-開元,2024-07-12,9134
00919,群益台灣精選高息,127,6,121,群益金鼎-開元,2024-07-12,9134
00927,群益半導體收益,120,0,120,群益金鼎-開元,2024-07-12,9134
00934,中信成長高股息,120,0,120,群益金鼎-開元,2024-07-12,9134
00650L,復華香港正2,99,0,99,群益金鼎-開元,2024-07-12,9134
2059,川湖,90,0,90,群益金鼎-開元,2024-07-12,9134
2312,金寶,197,109,88,群益金鼎-開元,2024-07-12,9134
00688L,國泰20年美債正2,75,0,75,群益金鼎-開元,2024-07-12,9134
2888,新光金,163,92,71,群益金鼎-開元,2024-07-12,9134
00946,群益科技高息成長,72,11,61,群益金鼎-開元,2024-07-12,9134
2303,聯電,55,5,50,群益金鼎-開元,2024-07-12,9134
6016,康和證,50,0,50,群益金鼎-開元,2024-07-12,9134
9907,統一實,42,0,42,群益金鼎-開元,2024-07-12,9134
2330,台積電,41,4,37,群益金鼎-開元,2024-07-12,9134
00891,中信關鍵半導體,36,0,36,群益金鼎-開元,2024-07-12,9134
1316,上曜,52,16,36,群益金鼎-開元,2024-07-12,9134
00936,台新永續高息中小,34,0,34,群益金鼎-開元,2024-07-12,9134
00878,國泰永續高股息,31,1,30,群益金鼎-開元,2024-07-12,9134
4129,聯合,30,1,29,群益金鼎-開元,2024-07-12,9134
1514,亞力,46,19,27,群益金鼎-開元,2024-07-12,9134
4707,磐亞,30,3,27,群益金鼎-開元,2024-07-12,9134
00905,FT臺灣Smart,38,12,26,群益金鼎-開元,2024-07-12,9134
2739,寒舍,25,0,25,群益金鼎-開元,2024-07-12,9134
4714,永捷,26,1,25,群益金鼎-開元,2024-07-12,9134
3706,神達,34,9,25,群益金鼎-開元,2024-07-12,9134
2489,瑞軒,47,23,24,群益金鼎-開元,2024-07-12,9134
3034,聯詠,24,0,24,群益金鼎-開元,2024-07-12,9134
00937B,群益ESG投等債20,100,76,24,群益金鼎-開元,2024-07-12,9134
2834,臺企銀,24,1,23,群益金鼎-開元,2024-07-12,9134
0056,元大高股息,25,3,22,群益金鼎-開元,2024-07-12,9134
00935,野村臺灣新科技50,23,2,21,群益金鼎-開元,2024-07-12,9134
4770,上品,20,0,20,群益金鼎-開元,2024-07-12,9134
6877,鏵友益,20,0,20,群益金鼎-開元,2024-07-12,9134
6015,宏遠證,21,2,19,群益金鼎-開元,2024-07-12,9134
2363,矽統,25,7,18,群益金鼎-開元,2024-07-12,9134
3711,日月光投控,18,1,17,群益金鼎-開元,2024-07-12,9134
2618,長榮航,24,7,17,群益金鼎-開元,2024-07-12,9134
5864,致和證,17,0,17,群益金鼎-開元,2024-07-12,9134
2609,陽明,20,4,16,群益金鼎-開元,2024-07-12,9134
6531,愛普*,15,0,15,群益金鼎-開元,2024-07-12,9134
2520,冠德,20,5,15,群益金鼎-開元,2024-07-12,9134
1229,聯華,15,0,15,群益金鼎-開元,2024-07-12,9134
2449,京元電子,16,2,14,群益金鼎-開元,2024-07-12,9134
5328,華容,15,1,14,群益金鼎-開元,2024-07-12,9134
2845,遠東銀,15,2,13,群益金鼎-開元,2024-07-12,9134
2374,佳能,14,1,13,群益金鼎-開元,2024-07-12,9134
1312,國喬,20,7,13,群益金鼎-開元,2024-07-12,9134
00937B,群益ESG投等債20,218,2,216,群益金鼎-開元,2024-07-15,9134
2489,瑞軒,196,55,141,群益金鼎-開元,2024-07-15,9134
00934,中信成長高股息,135,1,134,群益金鼎-開元,2024-07-15,9134
2409,友達,137,3,134,群益金鼎-開元,2024-07-15,9134
3481,群創,161,46,115,群益金鼎-開元,2024-07-15,9134
00706L,期元大S＆P日圓正2,100,0,100,群益金鼎-開元,2024-07-15,9134
00918,大華優利高填息30,83,0,83,群益金鼎-開元,2024-07-15,9134
2891,中信金,87,5,82,群益金鼎-開元,2024-07-15,9134
00680L,元大美債20正2,104,30,74,群益金鼎-開元,2024-07-15,9134
3059,華晶科,70,2,68,群益金鼎-開元,2024-07-15,9134
2888,新光金,90,35,55,群益金鼎-開元,2024-07-15,9134
5434,崇越,50,0,50,群益金鼎-開元,2024-07-15,9134
6152,百一,50,1,49,群益金鼎-開元,2024-07-15,9134
00929,復華台灣科技優息,42,6,36,群益金鼎-開元,2024-07-15,9134
2356,英業達,65,30,35,群益金鼎-開元,2024-07-15,9134
00720B,元大投資級公司債,31,0,31,群益金鼎-開元,2024-07-15,9134
6116,彩晶,29,0,29,群益金鼎-開元,2024-07-15,9134
2739,寒舍,23,0,23,群益金鼎-開元,2024-07-15,9134
5876,上海商銀,22,0,22,群益金鼎-開元,2024-07-15,9134
1303,南亞,24,2,22,群益金鼎-開元,2024-07-15,9134
1326,台化,21,0,21,群益金鼎-開元,2024-07-15,9134
2426,鼎元,21,0,21,群益金鼎-開元,2024-07-15,9134
8105,凌巨,31,11,20,群益金鼎-開元,2024-07-15,9134
6015,宏遠證,20,0,20,群益金鼎-開元,2024-07-15,9134
00787B,元大10年IG醫療債,20,0,20,群益金鼎-開元,2024-07-15,9134
00756B,群益投等新興公債,20,0,20,群益金鼎-開元,2024-07-15,9134
2882,國泰金,26,6,20,群益金鼎-開元,2024-07-15,9134
9919,康那香,20,0,20,群益金鼎-開元,2024-07-15,9134
5498,凱崴,20,0,20,群益金鼎-開元,2024-07-15,9134
00923,群益台ESG低碳50,19,0,19,群益金鼎-開元,2024-07-15,9134
2351,順德,20,2,18,群益金鼎-開元,2024-07-15,9134
2324,仁寶,18,1,17,群益金鼎-開元,2024-07-15,9134
3081,聯亞,17,0,17,群益金鼎-開元,2024-07-15,9134
1605,華新,20,4,16,群益金鼎-開元,2024-07-15,9134
2881,富邦金,19,3,16,群益金鼎-開元,2024-07-15,9134
2348,海悅,18,2,16,群益金鼎-開元,2024-07-15,9134
1785,光洋科,38,23,15,群益金鼎-開元,2024-07-15,9134
2330,台積電,23,8,15,群益金鼎-開元,2024-07-15,9134
6026,福邦證,17,2,15,群益金鼎-開元,2024-07-15,9134
1409,新纖,16,1,15,群益金鼎-開元,2024-07-15,9134
2363,矽統,19,5,14,群益金鼎-開元,2024-07-15,9134
2618,長榮航,15,1,14,群益金鼎-開元,2024-07-15,9134
2365,昆盈,33,19,14,群益金鼎-開元,2024-07-15,9134
5530,龍巖,15,1,14,群益金鼎-開元,2024-07-15,9134
2504,國產,14,0,14,群益金鼎-開元,2024-07-15,9134
2208,台船,14,0,14,群益金鼎-開元,2024-07-15,9134
2243,宏旭-KY,14,0,14,群益金鼎-開元,2024-07-15,9134
6290,良維,23,9,14,群益金鼎-開元,2024-07-15,9134
00936,台新永續高息中小,14,0,14,群益金鼎-開元,2024-07-15,9134
00878,國泰永續高股息,18,5,13,群益金鼎-開元,2024-07-15,9134
8064,東捷,160,5,155,群益金鼎-開元,2024-07-16,9134
2801,彰銀,101,0,101,群益金鼎-開元,2024-07-16,9134
00706L,期元大S＆P日圓正2,100,0,100,群益金鼎-開元,2024-07-16,9134
00905,FT臺灣Smart,98,1,97,群益金鼎-開元,2024-07-16,9134
2888,新光金,104,26,78,群益金鼎-開元,2024-07-16,9134
2880,華南金,73,0,73,群益金鼎-開元,2024-07-16,9134
6015,宏遠證,70,0,70,群益金鼎-開元,2024-07-16,9134
1608,華榮,70,2,68,群益金鼎-開元,2024-07-16,9134
00688L,國泰20年美債正2,65,0,65,群益金鼎-開元,2024-07-16,9134
1301,台塑,62,2,60,群益金鼎-開元,2024-07-16,9134
6695,芯鼎,72,12,60,群益金鼎-開元,2024-07-16,9134
2867,三商壽,129,80,49,群益金鼎-開元,2024-07-16,9134
2356,英業達,53,7,46,群益金鼎-開元,2024-07-16,9134
00946,群益科技高息成長,46,0,46,群益金鼎-開元,2024-07-16,9134
8936,國統,54,8,46,群益金鼎-開元,2024-07-16,9134
2609,陽明,42,1,41,群益金鼎-開元,2024-07-16,9134
5864,致和證,41,0,41,群益金鼎-開元,2024-07-16,9134
00632R,元大台灣50反1,40,0,40,群益金鼎-開元,2024-07-16,9134
2353,宏��,50,12,38,群益金鼎-開元,2024-07-16,9134
2633,台灣高鐵,36,0,36,群益金鼎-開元,2024-07-16,9134
2312,金寶,72,39,33,群益金鼎-開元,2024-07-16,9134
00665L,富邦�琤肭磪囓�2,32,0,32,群益金鼎-開元,2024-07-16,9134
00725B,國泰投資級公司債,31,0,31,群益金鼎-開元,2024-07-16,9134
3481,群創,42,12,30,群益金鼎-開元,2024-07-16,9134
6770,力積電,32,2,30,群益金鼎-開元,2024-07-16,9134
6016,康和證,30,0,30,群益金鼎-開元,2024-07-16,9134
9105,泰金寶-DR,30,1,29,群益金鼎-開元,2024-07-16,9134
1609,大亞,52,28,24,群益金鼎-開元,2024-07-16,9134
2495,普安,25,2,23,群益金鼎-開元,2024-07-16,9134
2208,台船,21,0,21,群益金鼎-開元,2024-07-16,9134
2641,正德,20,0,20,群益金鼎-開元,2024-07-16,9134
3592,瑞鼎,20,0,20,群益金鼎-開元,2024-07-16,9134
2408,南亞科,21,2,19,群益金鼎-開元,2024-07-16,9134
2449,京元電子,29,10,19,群益金鼎-開元,2024-07-16,9134
2603,長榮,20,2,18,群益金鼎-開元,2024-07-16,9134
00882,中信中國高股息,19,1,18,群益金鼎-開元,2024-07-16,9134
2317,鴻海,22,4,18,群益金鼎-開元,2024-07-16,9134
00720B,元大投資級公司債,22,6,16,群益金鼎-開元,2024-07-16,9134
2332,友訊,16,0,16,群益金鼎-開元,2024-07-16,9134
3312,弘憶股,16,1,15,群益金鼎-開元,2024-07-16,9134
00918,大華優利高填息30,15,0,15,群益金鼎-開元,2024-07-16,9134
1513,中興電,19,5,14,群益金鼎-開元,2024-07-16,9134
2610,華航,16,2,14,群益金鼎-開元,2024-07-16,9134
6116,彩晶,16,2,14,群益金鼎-開元,2024-07-16,9134
2330,台積電,21,7,14,群益金鼎-開元,2024-07-16,9134
0056,元大高股息,15,1,14,群益金鼎-開元,2024-07-16,9134
2457,飛宏,16,3,13,群益金鼎-開元,2024-07-16,9134
3441,聯一光,13,0,13,群益金鼎-開元,2024-07-16,9134
2882,國泰金,14,1,13,群益金鼎-開元,2024-07-16,9134
1540,喬福,14,1,13,群益金鼎-開元,2024-07-16,9134
2845,遠東銀,79,0,79,群益金鼎-開元,2024-07-17,9134
00680L,元大美債20正2,71,0,71,群益金鼎-開元,2024-07-17,9134
00927,群益半導體收益,66,3,63,群益金鼎-開元,2024-07-17,9134
00918,大華優利高填息30,55,0,55,群益金鼎-開元,2024-07-17,9134
8089,康全電訊,70,21,49,群益金鼎-開元,2024-07-17,9134
6015,宏遠證,50,1,49,群益金鼎-開元,2024-07-17,9134
8936,國統,55,8,47,群益金鼎-開元,2024-07-17,9134
00688L,國泰20年美債正2,40,0,40,群益金鼎-開元,2024-07-17,9134
6016,康和證,40,0,40,群益金鼎-開元,2024-07-17,9134
00937B,群益ESG投等債20,112,72,40,群益金鼎-開元,2024-07-17,9134
5880,合庫金,41,2,39,群益金鼎-開元,2024-07-17,9134
00946,群益科技高息成長,37,0,37,群益金鼎-開元,2024-07-17,9134
00919,群益台灣精選高息,38,1,37,群益金鼎-開元,2024-07-17,9134
00929,復華台灣科技優息,87,51,36,群益金鼎-開元,2024-07-17,9134
2537,聯上發,54,19,35,群益金鼎-開元,2024-07-17,9134
00905,FT臺灣Smart,45,10,35,群益金鼎-開元,2024-07-17,9134
2330,台積電,45,10,35,群益金鼎-開元,2024-07-17,9134
2474,可成,30,0,30,群益金鼎-開元,2024-07-17,9134
2515,中工,36,7,29,群益金鼎-開元,2024-07-17,9134
00936,台新永續高息中小,27,0,27,群益金鼎-開元,2024-07-17,9134
2353,宏��,30,4,26,群益金鼎-開元,2024-07-17,9134
2880,華南金,31,5,26,群益金鼎-開元,2024-07-17,9134
4956,光鋐,29,3,26,群益金鼎-開元,2024-07-17,9134
6284,佳邦,28,2,26,群益金鼎-開元,2024-07-17,9134
3231,緯創,31,6,25,群益金鼎-開元,2024-07-17,9134
3013,晟銘電,38,13,25,群益金鼎-開元,2024-07-17,9134
4168,醣聯,24,0,24,群益金鼎-開元,2024-07-17,9134
2317,鴻海,33,10,23,群益金鼎-開元,2024-07-17,9134
9906,欣巴巴,28,6,22,群益金鼎-開元,2024-07-17,9134
1560,中砂,21,0,21,群益金鼎-開元,2024-07-17,9134
2363,矽統,20,0,20,群益金鼎-開元,2024-07-17,9134
5443,均豪,27,8,19,群益金鼎-開元,2024-07-17,9134
2511,太子,17,0,17,群益金鼎-開元,2024-07-17,9134
2745,五福,17,2,15,群益金鼎-開元,2024-07-17,9134
1304,台聚,16,1,15,群益金鼎-開元,2024-07-17,9134
00878,國泰永續高股息,15,0,15,群益金鼎-開元,2024-07-17,9134
2891,中信金,13,0,13,群益金鼎-開元,2024-07-17,9134
2633,台灣高鐵,13,0,13,群益金鼎-開元,2024-07-17,9134
6770,力積電,29,16,13,群益金鼎-開元,2024-07-17,9134
2887,台新金,23,10,13,群益金鼎-開元,2024-07-17,9134
00712,復華富時不動產,22,10,12,群益金鼎-開元,2024-07-17,9134
8105,凌巨,35,23,12,群益金鼎-開元,2024-07-17,9134
00773B,中信優先金融債,12,0,12,群益金鼎-開元,2024-07-17,9134
5474,聰泰,13,1,12,群益金鼎-開元,2024-07-17,9134
2388,威盛,13,2,11,群益金鼎-開元,2024-07-17,9134
2312,金寶,30,19,11,群益金鼎-開元,2024-07-17,9134
3035,智原,13,2,11,群益金鼎-開元,2024-07-17,9134
2376,技嘉,13,2,11,群益金鼎-開元,2024-07-17,9134
2427,三商電,10,0,10,群益金鼎-開元,2024-07-17,9134
2630,亞航,10,0,10,群益金鼎-開元,2024-07-17,9134
00919,群益台灣精選高息,239,2,237,群益金鼎-開元,2024-07-18,9134
00937B,群益ESG投等債20,240,12,228,群益金鼎-開元,2024-07-18,9134
00929,復華台灣科技優息,187,14,173,群益金鼎-開元,2024-07-18,9134
8089,康全電訊,164,0,164,群益金鼎-開元,2024-07-18,9134
6015,宏遠證,120,10,110,群益金鼎-開元,2024-07-18,9134
6901,鑽石投資,125,18,107,群益金鼎-開元,2024-07-18,9134
6188,廣明,104,4,100,群益金鼎-開元,2024-07-18,9134
2888,新光金,301,209,92,群益金鼎-開元,2024-07-18,9134
3224,三顧,93,1,92,群益金鼎-開元,2024-07-18,9134
3481,群創,248,160,88,群益金鼎-開元,2024-07-18,9134
00946,群益科技高息成長,80,10,70,群益金鼎-開元,2024-07-18,9134
2356,英業達,72,6,66,群益金鼎-開元,2024-07-18,9134
00680L,元大美債20正2,62,0,62,群益金鼎-開元,2024-07-18,9134
6016,康和證,60,0,60,群益金鼎-開元,2024-07-18,9134
5864,致和證,50,0,50,群益金鼎-開元,2024-07-18,9134
00905,FT臺灣Smart,49,0,49,群益金鼎-開元,2024-07-18,9134
2330,台積電,64,16,48,群益金鼎-開元,2024-07-18,9134
00878,國泰永續高股息,55,10,45,群益金鼎-開元,2024-07-18,9134
00927,群益半導體收益,62,21,41,群益金鼎-開元,2024-07-18,9134
1815,富喬,34,0,34,群益金鼎-開元,2024-07-18,9134
00923,群益台ESG低碳50,33,0,33,群益金鼎-開元,2024-07-18,9134
00688L,國泰20年美債正2,32,0,32,群益金鼎-開元,2024-07-18,9134
8467,波力-KY,28,0,28,群益金鼎-開元,2024-07-18,9134
3231,緯創,30,5,25,群益金鼎-開元,2024-07-18,9134
3024,憶聲,40,15,25,群益金鼎-開元,2024-07-18,9134
2313,華通,26,2,24,群益金鼎-開元,2024-07-18,9134
4720,德淵,26,2,24,群益金鼎-開元,2024-07-18,9134
2399,映泰,32,8,24,群益金鼎-開元,2024-07-18,9134
00939,統一台灣高息動能,34,11,23,群益金鼎-開元,2024-07-18,9134
1102,亞泥,23,0,23,群益金鼎-開元,2024-07-18,9134
3580,友威科,24,2,22,群益金鼎-開元,2024-07-18,9134
2401,凌陽,26,5,21,群益金鼎-開元,2024-07-18,9134
1314,中石化,22,2,20,群益金鼎-開元,2024-07-18,9134
2367,燿華,22,2,20,群益金鼎-開元,2024-07-18,9134
00936,台新永續高息中小,33,13,20,群益金鼎-開元,2024-07-18,9134
2845,遠東銀,20,1,19,群益金鼎-開元,2024-07-18,9134
3624,光頡,19,0,19,群益金鼎-開元,2024-07-18,9134
1536,和大,21,2,19,群益金鼎-開元,2024-07-18,9134
5355,佳總,22,3,19,群益金鼎-開元,2024-07-18,9134
4532,瑞智,19,0,19,群益金鼎-開元,2024-07-18,9134
00918,大華優利高填息30,18,0,18,群益金鼎-開元,2024-07-18,9134
2891,中信金,17,0,17,群益金鼎-開元,2024-07-18,9134
00881,國泰台灣5G+,17,0,17,群益金鼎-開元,2024-07-18,9134
00941,中信上游半導體,17,0,17,群益金鼎-開元,2024-07-18,9134
00679B,元大美債20年,19,2,17,群益金鼎-開元,2024-07-18,9134
2495,普安,16,0,16,群益金鼎-開元,2024-07-18,9134
1611,中電,24,8,16,群益金鼎-開元,2024-07-18,9134
2353,宏��,15,0,15,群益金鼎-開元,2024-07-18,9134
1402,遠東新,15,0,15,群益金鼎-開元,2024-07-18,9134
2354,鴻準,18,3,15,群益金鼎-開元,2024-07-18,9134
00940,元大台灣價值高息,287,82,205,群益金鼎-開元,2024-07-19,9134
00946,群益科技高息成長,151,0,151,群益金鼎-開元,2024-07-19,9134
00919,群益台灣精選高息,130,19,111,群益金鼎-開元,2024-07-19,9134
6015,宏遠證,107,0,107,群益金鼎-開元,2024-07-19,9134
2883,凱基金,106,9,97,群益金鼎-開元,2024-07-19,9134
5864,致和證,92,0,92,群益金鼎-開元,2024-07-19,9134
00929,復華台灣科技優息,89,12,77,群益金鼎-開元,2024-07-19,9134
1802,台玻,82,7,75,群益金鼎-開元,2024-07-19,9134
00937B,群益ESG投等債20,84,11,73,群益金鼎-開元,2024-07-19,9134
9945,潤泰新,77,7,70,群益金鼎-開元,2024-07-19,9134
00688L,國泰20年美債正2,70,2,68,群益金鼎-開元,2024-07-19,9134
3224,三顧,67,0,67,群益金鼎-開元,2024-07-19,9134
5880,合庫金,72,7,65,群益金鼎-開元,2024-07-19,9134
00878,國泰永續高股息,64,4,60,群益金鼎-開元,2024-07-19,9134
6116,彩晶,58,0,58,群益金鼎-開元,2024-07-19,9134
6016,康和證,57,0,57,群益金鼎-開元,2024-07-19,9134
2330,台積電,69,13,56,群益金鼎-開元,2024-07-19,9134
4960,誠美材,60,6,54,群益金鼎-開元,2024-07-19,9134
3576,聯合再生,79,25,54,群益金鼎-開元,2024-07-19,9134
2419,仲琦,60,8,52,群益金鼎-開元,2024-07-19,9134
2845,遠東銀,50,0,50,群益金鼎-開元,2024-07-19,9134
4128,中天,39,3,36,群益金鼎-開元,2024-07-19,9134
6770,力積電,37,2,35,群益金鼎-開元,2024-07-19,9134
00923,群益台ESG低碳50,33,2,31,群益金鼎-開元,2024-07-19,9134
1612,宏泰,31,0,31,群益金鼎-開元,2024-07-19,9134
2609,陽明,50,19,31,群益金鼎-開元,2024-07-19,9134
4916,事欣科,38,8,30,群益金鼎-開元,2024-07-19,9134
6443,元晶,57,27,30,群益金鼎-開元,2024-07-19,9134
2323,中環,26,0,26,群益金鼎-開元,2024-07-19,9134
2317,鴻海,43,18,25,群益金鼎-開元,2024-07-19,9134
00927,群益半導體收益,34,9,25,群益金鼎-開元,2024-07-19,9134
2344,華邦電,27,2,25,群益金鼎-開元,2024-07-19,9134
2356,英業達,26,2,24,群益金鼎-開元,2024-07-19,9134
3033,威健,25,1,24,群益金鼎-開元,2024-07-19,9134
2882,國泰金,25,1,24,群益金鼎-開元,2024-07-19,9134
00934,中信成長高股息,25,1,24,群益金鼎-開元,2024-07-19,9134
2880,華南金,31,8,23,群益金鼎-開元,2024-07-19,9134
3211,順達,23,0,23,群益金鼎-開元,2024-07-19,9134
00936,台新永續高息中小,21,0,21,群益金鼎-開元,2024-07-19,9134
2329,華泰,22,1,21,群益金鼎-開元,2024-07-19,9134
2603,長榮,21,0,21,群益金鼎-開元,2024-07-19,9134
1727,中華化,21,1,20,群益金鼎-開元,2024-07-19,9134
2108,南帝,21,1,20,群益金鼎-開元,2024-07-19,9134
1616,億泰,20,0,20,群益金鼎-開元,2024-07-19,9134
9943,好樂迪,20,0,20,群益金鼎-開元,2024-07-19,9134
2348,海悅,30,11,19,群益金鼎-開元,2024-07-19,9134
00679B,元大美債20年,20,1,19,群益金鼎-開元,2024-07-19,9134
2101,南港,20,1,19,群益金鼎-開元,2024-07-19,9134
2820,華票,18,0,18,群益金鼎-開元,2024-07-19,9134
3481,群創,217,199,18,群益金鼎-開元,2024-07-19,9134
3481,群創,528,113,415,群益金鼎-開元,2024-07-22,9134
2888,新光金,187,23,164,群益金鼎-開元,2024-07-22,9134
8089,康全電訊,124,3,121,群益金鼎-開元,2024-07-22,9134
00946,群益科技高息成長,148,34,114,群益金鼎-開元,2024-07-22,9134
00940,元大台灣價值高息,133,37,96,群益金鼎-開元,2024-07-22,9134
2313,華通,96,0,96,群益金鼎-開元,2024-07-22,9134
4960,誠美材,91,6,85,群益金鼎-開元,2024-07-22,9134
2889,國票金,84,2,82,群益金鼎-開元,2024-07-22,9134
00878,國泰永續高股息,95,25,70,群益金鼎-開元,2024-07-22,9134
1609,大亞,61,3,58,群益金鼎-開元,2024-07-22,9134
00905,FT臺灣Smart,58,3,55,群益金鼎-開元,2024-07-22,9134
2890,永豐金,52,0,52,群益金鼎-開元,2024-07-22,9134
2374,佳能,52,2,50,群益金鼎-開元,2024-07-22,9134
1301,台塑,66,22,44,群益金鼎-開元,2024-07-22,9134
6016,康和證,42,4,38,群益金鼎-開元,2024-07-22,9134
2609,陽明,39,2,37,群益金鼎-開元,2024-07-22,9134
00934,中信成長高股息,32,2,30,群益金鼎-開元,2024-07-22,9134
1802,台玻,31,1,30,群益金鼎-開元,2024-07-22,9134
3356,奇偶,21,0,21,群益金鼎-開元,2024-07-22,9134
8299,群聯,21,1,20,群益金鼎-開元,2024-07-22,9134
3224,三顧,30,10,20,群益金鼎-開元,2024-07-22,9134
1611,中電,23,3,20,群益金鼎-開元,2024-07-22,9134
6015,宏遠證,20,0,20,群益金鼎-開元,2024-07-22,9134
1701,中化,20,0,20,群益金鼎-開元,2024-07-22,9134
8011,台通,19,0,19,群益金鼎-開元,2024-07-22,9134
3576,聯合再生,31,12,19,群益金鼎-開元,2024-07-22,9134
5512,力麒,49,31,18,群益金鼎-開元,2024-07-22,9134
1460,宏遠,20,2,18,群益金鼎-開元,2024-07-22,9134
1440,南紡,19,1,18,群益金鼎-開元,2024-07-22,9134
006208,富邦台50,19,1,18,群益金鼎-開元,2024-07-22,9134
0056,元大高股息,17,0,17,群益金鼎-開元,2024-07-22,9134
2356,英業達,19,3,16,群益金鼎-開元,2024-07-22,9134
00937B,群益ESG投等債20,29,13,16,群益金鼎-開元,2024-07-22,9134
2618,長榮航,16,1,15,群益金鼎-開元,2024-07-22,9134
2330,台積電,24,9,15,群益金鼎-開元,2024-07-22,9134
2820,華票,15,0,15,群益金鼎-開元,2024-07-22,9134
00919,群益台灣精選高息,162,147,15,群益金鼎-開元,2024-07-22,9134
2303,聯電,19,5,14,群益金鼎-開元,2024-07-22,9134
3037,欣興,16,2,14,群益金鼎-開元,2024-07-22,9134
2405,輔信,18,4,14,群益金鼎-開元,2024-07-22,9134
8936,國統,19,5,14,群益金鼎-開元,2024-07-22,9134
00881,國泰台灣5G+,14,0,14,群益金鼎-開元,2024-07-22,9134
3450,聯鈞,29,16,13,群益金鼎-開元,2024-07-22,9134
2317,鴻海,37,25,12,群益金鼎-開元,2024-07-22,9134
00688L,國泰20年美債正2,30,18,12,群益金鼎-開元,2024-07-22,9134
1471,首利,12,0,12,群益金鼎-開元,2024-07-22,9134
4417,金洲,12,0,12,群益金鼎-開元,2024-07-22,9134
00830,國泰費城半導體,11,0,11,群益金鼎-開元,2024-07-22,9134
3581,博磊,11,0,11,群益金鼎-開元,2024-07-22,9134
8383,千附,23,13,10,群益金鼎-開元,2024-07-22,9134
5512,力麒,575,17,558,群益金鼎-開元,2024-07-23,9134
3481,群創,322,77,245,群益金鼎-開元,2024-07-23,9134
2834,臺企銀,114,12,102,群益金鼎-開元,2024-07-23,9134
00945B,凱基美國非投等債,90,0,90,群益金鼎-開元,2024-07-23,9134
00919,群益台灣精選高息,66,10,56,群益金鼎-開元,2024-07-23,9134
4967,十銓,56,6,50,群益金鼎-開元,2024-07-23,9134
00632R,元大台灣50反1,45,0,45,群益金鼎-開元,2024-07-23,9134
00946,群益科技高息成長,48,5,43,群益金鼎-開元,2024-07-23,9134
00937B,群益ESG投等債20,43,0,43,群益金鼎-開元,2024-07-23,9134
2605,新興,40,0,40,群益金鼎-開元,2024-07-23,9134
6116,彩晶,39,0,39,群益金鼎-開元,2024-07-23,9134
3518,柏騰,34,0,34,群益金鼎-開元,2024-07-23,9134
00936,台新永續高息中小,32,0,32,群益金鼎-開元,2024-07-23,9134
2739,寒舍,34,2,32,群益金鼎-開元,2024-07-23,9134
2409,友達,32,2,30,群益金鼎-開元,2024-07-23,9134
2929,淘帝-KY,23,0,23,群益金鼎-開元,2024-07-23,9134
1229,聯華,20,0,20,群益金鼎-開元,2024-07-23,9134
00680L,元大美債20正2,20,0,20,群益金鼎-開元,2024-07-23,9134
00679B,元大美債20年,24,4,20,群益金鼎-開元,2024-07-23,9134
2356,英業達,21,2,19,群益金鼎-開元,2024-07-23,9134
9105,泰金寶-DR,18,0,18,群益金鼎-開元,2024-07-23,9134
2408,南亞科,19,2,17,群益金鼎-開元,2024-07-23,9134
2464,盟立,26,9,17,群益金鼎-開元,2024-07-23,9134
3374,精材,17,1,16,群益金鼎-開元,2024-07-23,9134
2312,金寶,41,26,15,群益金鼎-開元,2024-07-23,9134
1301,台塑,16,2,14,群益金鼎-開元,2024-07-23,9134
6625,必應,13,0,13,群益金鼎-開元,2024-07-23,9134
3673,TPK-KY,12,0,12,群益金鼎-開元,2024-07-23,9134
3189,景碩,16,4,12,群益金鼎-開元,2024-07-23,9134
2467,志聖,12,1,11,群益金鼎-開元,2024-07-23,9134
8039,台虹,13,2,11,群益金鼎-開元,2024-07-23,9134
9904,寶成,12,1,11,群益金鼎-開元,2024-07-23,9134
00934,中信成長高股息,12,1,11,群益金鼎-開元,2024-07-23,9134
2891,中信金,11,0,11,群益金鼎-開元,2024-07-23,9134
00927,群益半導體收益,15,5,10,群益金鼎-開元,2024-07-23,9134
1609,大亞,19,9,10,群益金鼎-開元,2024-07-23,9134
2303,聯電,17,7,10,群益金鼎-開元,2024-07-23,9134
4513,福裕,13,3,10,群益金鼎-開元,2024-07-23,9134
2534,宏盛,14,4,10,群益金鼎-開元,2024-07-23,9134
8085,福華,11,2,9,群益金鼎-開元,2024-07-23,9134
3019,亞光,14,5,9,群益金鼎-開元,2024-07-23,9134
00757,統一FANG+,9,0,9,群益金鼎-開元,2024-07-23,9134
5443,均豪,18,9,9,群益金鼎-開元,2024-07-23,9134
3686,達能,9,1,8,群益金鼎-開元,2024-07-23,9134
2543,皇昌,9,1,8,群益金鼎-開元,2024-07-23,9134
2027,大成鋼,11,3,8,群益金鼎-開元,2024-07-23,9134
3044,健鼎,10,2,8,群益金鼎-開元,2024-07-23,9134
3450,聯鈞,15,8,7,群益金鼎-開元,2024-07-23,9134
2489,瑞軒,12,5,7,群益金鼎-開元,2024-07-23,9134
00950B,凱基A級公司債,7,0,7,群益金鼎-開元,2024-07-23,9134
00929,復華台灣科技優息,253,1,252,群益金鼎-開元,2024-07-26,9134
00937B,群益ESG投等債20,118,0,118,群益金鼎-開元,2024-07-26,9134
00919,群益台灣精選高息,100,0,100,群益金鼎-開元,2024-07-26,9134
00946,群益科技高息成長,116,25,91,群益金鼎-開元,2024-07-26,9134
2317,鴻海,82,18,64,群益金鼎-開元,2024-07-26,9134
00878,國泰永續高股息,63,7,56,群益金鼎-開元,2024-07-26,9134
2208,台船,55,0,55,群益金鼎-開元,2024-07-26,9134
2352,佳世達,55,3,52,群益金鼎-開元,2024-07-26,9134
00688L,國泰20年美債正2,50,0,50,群益金鼎-開元,2024-07-26,9134
2330,台積電,51,6,45,群益金鼎-開元,2024-07-26,9134
00936,台新永續高息中小,36,0,36,群益金鼎-開元,2024-07-26,9134
2888,新光金,75,41,34,群益金鼎-開元,2024-07-26,9134
2356,英業達,38,5,33,群益金鼎-開元,2024-07-26,9134
6015,宏遠證,30,0,30,群益金鼎-開元,2024-07-26,9134
4743,合一,40,11,29,群益金鼎-開元,2024-07-26,9134
00949,復華日本龍頭,29,0,29,群益金鼎-開元,2024-07-26,9134
00927,群益半導體收益,28,0,28,群益金鼎-開元,2024-07-26,9134
3689,湧德,32,6,26,群益金鼎-開元,2024-07-26,9134
4128,中天,55,30,25,群益金鼎-開元,2024-07-26,9134
5864,致和證,25,0,25,群益金鼎-開元,2024-07-26,9134
00905,FT臺灣Smart,23,0,23,群益金鼎-開元,2024-07-26,9134
2369,菱生,21,0,21,群益金鼎-開元,2024-07-26,9134
00632R,元大台灣50反1,125,104,21,群益金鼎-開元,2024-07-26,9134
00725B,國泰投資級公司債,21,0,21,群益金鼎-開元,2024-07-26,9134
5202,力新,20,0,20,群益金鼎-開元,2024-07-26,9134
6670,復盛應用,20,0,20,群益金鼎-開元,2024-07-26,9134
2323,中環,21,2,19,群益金鼎-開元,2024-07-26,9134
00680L,元大美債20正2,19,0,19,群益金鼎-開元,2024-07-26,9134
2884,玉山金,25,6,19,群益金鼎-開元,2024-07-26,9134
3617,碩天,19,1,18,群益金鼎-開元,2024-07-26,9134
0056,元大高股息,18,2,16,群益金鼎-開元,2024-07-26,9134
3673,TPK-KY,18,2,16,群益金鼎-開元,2024-07-26,9134
6789,采鈺,15,0,15,群益金鼎-開元,2024-07-26,9134
00951,台新日本半導體,15,0,15,群益金鼎-開元,2024-07-26,9134
8071,能率網通,15,0,15,群益金鼎-開元,2024-07-26,9134
3312,弘憶股,17,4,13,群益金鼎-開元,2024-07-26,9134
2409,友達,13,1,12,群益金鼎-開元,2024-07-26,9134
00940,元大台灣價值高息,66,54,12,群益金鼎-開元,2024-07-26,9134
2347,聯強,12,0,12,群益金鼎-開元,2024-07-26,9134
3050,鈺德,13,1,12,群益金鼎-開元,2024-07-26,9134
00637L,元大滬深300正2,12,0,12,群益金鼎-開元,2024-07-26,9134
1586,和勤,12,0,12,群益金鼎-開元,2024-07-26,9134
2344,華邦電,12,0,12,群益金鼎-開元,2024-07-26,9134
6443,元晶,13,2,11,群益金鼎-開元,2024-07-26,9134
8358,金居,11,0,11,群益金鼎-開元,2024-07-26,9134
1304,台聚,16,5,11,群益金鼎-開元,2024-07-26,9134
2506,太設,11,0,11,群益金鼎-開元,2024-07-26,9134
6016,康和證,11,0,11,群益金鼎-開元,2024-07-26,9134
00882,中信中國高股息,11,0,11,群益金鼎-開元,2024-07-26,9134
2845,遠東銀,11,0,11,群益金鼎-開元,2024-07-26,9134
00929,復華台灣科技優息,114,5,109,群益金鼎-開元,2024-07-29,9134
00946,群益科技高息成長,93,4,89,群益金鼎-開元,2024-07-29,9134
6016,康和證,80,0,80,群益金鼎-開元,2024-07-29,9134
2884,玉山金,80,1,79,群益金鼎-開元,2024-07-29,9134
8936,國統,81,4,77,群益金鼎-開元,2024-07-29,9134
00919,群益台灣精選高息,66,2,64,群益金鼎-開元,2024-07-29,9134
2356,英業達,77,14,63,群益金鼎-開元,2024-07-29,9134
00878,國泰永續高股息,67,11,56,群益金鼎-開元,2024-07-29,9134
00688L,國泰20年美債正2,56,0,56,群益金鼎-開元,2024-07-29,9134
3481,群創,88,42,46,群益金鼎-開元,2024-07-29,9134
5864,致和證,48,3,45,群益金鼎-開元,2024-07-29,9134
00940,元大台灣價值高息,45,2,43,群益金鼎-開元,2024-07-29,9134
6015,宏遠證,40,0,40,群益金鼎-開元,2024-07-29,9134
2883,凱基金,64,26,38,群益金鼎-開元,2024-07-29,9134
00936,台新永續高息中小,35,0,35,群益金鼎-開元,2024-07-29,9134
2367,燿華,53,19,34,群益金鼎-開元,2024-07-29,9134
2408,南亞科,32,0,32,群益金鼎-開元,2024-07-29,9134
00632R,元大台灣50反1,85,53,32,群益金鼎-開元,2024-07-29,9134
6869,雲豹能源,30,1,29,群益金鼎-開元,2024-07-29,9134
8299,群聯,30,3,27,群益金鼎-開元,2024-07-29,9134
1609,大亞,40,13,27,群益金鼎-開元,2024-07-29,9134
2374,佳能,28,1,27,群益金鼎-開元,2024-07-29,9134
00934,中信成長高股息,24,0,24,群益金鼎-開元,2024-07-29,9134
8064,東捷,31,7,24,群益金鼎-開元,2024-07-29,9134
6239,力成,26,2,24,群益金鼎-開元,2024-07-29,9134
9105,泰金寶-DR,29,6,23,群益金鼎-開元,2024-07-29,9134
4526,東台,22,0,22,群益金鼎-開元,2024-07-29,9134
2317,鴻海,29,8,21,群益金鼎-開元,2024-07-29,9134
8473,山林水,30,9,21,群益金鼎-開元,2024-07-29,9134
2426,鼎元,20,0,20,群益金鼎-開元,2024-07-29,9134
2329,華泰,20,0,20,群益金鼎-開元,2024-07-29,9134
3518,柏騰,30,10,20,群益金鼎-開元,2024-07-29,9134
2070,精湛,20,1,19,群益金鼎-開元,2024-07-29,9134
00951,台新日本半導體,18,0,18,群益金鼎-開元,2024-07-29,9134
2348,海悅,39,22,17,群益金鼎-開元,2024-07-29,9134
6282,康舒,16,0,16,群益金鼎-開元,2024-07-29,9134
4563,百德,36,20,16,群益金鼎-開元,2024-07-29,9134
1785,光洋科,26,11,15,群益金鼎-開元,2024-07-29,9134
4743,合一,24,10,14,群益金鼎-開元,2024-07-29,9134
1773,勝一,14,0,14,群益金鼎-開元,2024-07-29,9134
2739,寒舍,14,0,14,群益金鼎-開元,2024-07-29,9134
8358,金居,15,2,13,群益金鼎-開元,2024-07-29,9134
00918,大華優利高填息30,25,12,13,群益金鼎-開元,2024-07-29,9134
00904,新光臺灣半導體30,12,0,12,群益金鼎-開元,2024-07-29,9134
1808,潤隆,21,9,12,群益金鼎-開元,2024-07-29,9134
3312,弘憶股,15,3,12,群益金鼎-開元,2024-07-29,9134
00715L,期街口布蘭特正2,12,0,12,群益金鼎-開元,2024-07-29,9134
8112,至上,14,2,12,群益金鼎-開元,2024-07-29,9134
3024,憶聲,21,10,11,群益金鼎-開元,2024-07-29,9134
3673,TPK-KY,11,0,11,群益金鼎-開元,2024-07-29,9134
00946,群益科技高息成長,161,14,147,群益金鼎-開元,2024-07-30,9134
2884,玉山金,114,0,114,群益金鼎-開元,2024-07-30,9134
00940,元大台灣價值高息,107,4,103,群益金鼎-開元,2024-07-30,9134
5864,致和證,75,0,75,群益金鼎-開元,2024-07-30,9134
00687B,國泰20年美債,70,2,68,群益金鼎-開元,2024-07-30,9134
2890,永豐金,62,0,62,群益金鼎-開元,2024-07-30,9134
6016,康和證,61,1,60,群益金鼎-開元,2024-07-30,9134
00929,復華台灣科技優息,122,65,57,群益金鼎-開元,2024-07-30,9134
00878,國泰永續高股息,92,37,55,群益金鼎-開元,2024-07-30,9134
00945B,凱基美國非投等債,40,0,40,群益金鼎-開元,2024-07-30,9134
00936,台新永續高息中小,34,0,34,群益金鼎-開元,2024-07-30,9134
1808,潤隆,38,5,33,群益金鼎-開元,2024-07-30,9134
6869,雲豹能源,42,11,31,群益金鼎-開元,2024-07-30,9134
6015,宏遠證,30,0,30,群益金鼎-開元,2024-07-30,9134
2344,華邦電,30,0,30,群益金鼎-開元,2024-07-30,9134
00715L,期街口布蘭特正2,22,0,22,群益金鼎-開元,2024-07-30,9134
2845,遠東銀,20,0,20,群益金鼎-開元,2024-07-30,9134
2025,千興,20,0,20,群益金鼎-開元,2024-07-30,9134
00680L,元大美債20正2,23,5,18,群益金鼎-開元,2024-07-30,9134
2365,昆盈,26,9,17,群益金鼎-開元,2024-07-30,9134
2208,台船,17,0,17,群益金鼎-開元,2024-07-30,9134
3231,緯創,22,5,17,群益金鼎-開元,2024-07-30,9134
2349,錸德,44,28,16,群益金鼎-開元,2024-07-30,9134
00937B,群益ESG投等債20,18,3,15,群益金鼎-開元,2024-07-30,9134
00919,群益台灣精選高息,26,12,14,群益金鼎-開元,2024-07-30,9134
2882,國泰金,15,2,13,群益金鼎-開元,2024-07-30,9134
8936,國統,13,0,13,群益金鼎-開元,2024-07-30,9134
2504,國產,14,1,13,群益金鼎-開元,2024-07-30,9134
00947,台新臺灣IC設計,13,0,13,群益金鼎-開元,2024-07-30,9134
3105,穩懋,13,1,12,群益金鼎-開元,2024-07-30,9134
00665L,富邦�琤肭磪囓�2,12,0,12,群益金鼎-開元,2024-07-30,9134
2467,志聖,13,1,12,群益金鼎-開元,2024-07-30,9134
2356,英業達,19,7,12,群益金鼎-開元,2024-07-30,9134
2303,聯電,15,4,11,群益金鼎-開元,2024-07-30,9134
8033,雷虎,11,0,11,群益金鼎-開元,2024-07-30,9134
8147,正淩,16,5,11,群益金鼎-開元,2024-07-30,9134
2739,寒舍,10,0,10,群益金鼎-開元,2024-07-30,9134
00934,中信成長高股息,11,1,10,群益金鼎-開元,2024-07-30,9134
2605,新興,10,0,10,群益金鼎-開元,2024-07-30,9134
4513,福裕,16,6,10,群益金鼎-開元,2024-07-30,9134
4526,東台,20,10,10,群益金鼎-開元,2024-07-30,9134
9105,泰金寶-DR,11,1,10,群益金鼎-開元,2024-07-30,9134
2408,南亞科,10,0,10,群益金鼎-開元,2024-07-30,9134
4919,新唐,9,0,9,群益金鼎-開元,2024-07-30,9134
1216,統一,10,1,9,群益金鼎-開元,2024-07-30,9134
8110,華東,9,0,9,群益金鼎-開元,2024-07-30,9134
2883,凱基金,13,4,9,群益金鼎-開元,2024-07-30,9134
2891,中信金,11,2,9,群益金鼎-開元,2024-07-30,9134
2601,益航,8,0,8,群益金鼎-開元,2024-07-30,9134
6231,系微,20,12,8,群益金鼎-開元,2024-07-30,9134
3481,群創,298,102,196,群益金鼎-開元,2024-07-31,9134
00680L,元大美債20正2,150,10,140,群益金鼎-開元,2024-07-31,9134
00946,群益科技高息成長,63,0,63,群益金鼎-開元,2024-07-31,9134
2855,統一證,58,0,58,群益金鼎-開元,2024-07-31,9134
2349,錸德,62,8,54,群益金鼎-開元,2024-07-31,9134
00688L,國泰20年美債正2,70,23,47,群益金鼎-開元,2024-07-31,9134
6877,鏵友益,43,0,43,群益金鼎-開元,2024-07-31,9134
00795B,中信美國公債20年,40,0,40,群益金鼎-開元,2024-07-31,9134
00929,復華台灣科技優息,37,2,35,群益金鼎-開元,2024-07-31,9134
8299,群聯,30,0,30,群益金鼎-開元,2024-07-31,9134
6016,康和證,29,0,29,群益金鼎-開元,2024-07-31,9134
3545,敦泰,27,1,26,群益金鼎-開元,2024-07-31,9134
3105,穩懋,26,1,25,群益金鼎-開元,2024-07-31,9134
3491,昇達科,38,15,23,群益金鼎-開元,2024-07-31,9134
2070,精湛,23,1,22,群益金鼎-開元,2024-07-31,9134
00919,群益台灣精選高息,23,2,21,群益金鼎-開元,2024-07-31,9134
9958,世紀鋼,20,0,20,群益金鼎-開元,2024-07-31,9134
2399,映泰,25,5,20,群益金鼎-開元,2024-07-31,9134
00764B,群益25年美債,20,0,20,群益金鼎-開元,2024-07-31,9134
6015,宏遠證,20,0,20,群益金鼎-開元,2024-07-31,9134
2020,美亞,17,0,17,群益金鼎-開元,2024-07-31,9134
2543,皇昌,18,1,17,群益金鼎-開元,2024-07-31,9134
3088,艾訊,17,0,17,群益金鼎-開元,2024-07-31,9134
1540,喬福,16,0,16,群益金鼎-開元,2024-07-31,9134
3037,欣興,24,10,14,群益金鼎-開元,2024-07-31,9134
00878,國泰永續高股息,22,9,13,群益金鼎-開元,2024-07-31,9134
2834,臺企銀,12,0,12,群益金鼎-開元,2024-07-31,9134
8064,東捷,54,42,12,群益金鼎-開元,2024-07-31,9134
00899,FT潔淨能源,12,0,12,群益金鼎-開元,2024-07-31,9134
3024,憶聲,34,22,12,群益金鼎-開元,2024-07-31,9134
00712,復華富時不動產,12,0,12,群益金鼎-開元,2024-07-31,9134
2515,中工,16,5,11,群益金鼎-開元,2024-07-31,9134
1612,宏泰,11,0,11,群益金鼎-開元,2024-07-31,9134
2374,佳能,11,0,11,群益金鼎-開元,2024-07-31,9134
2303,聯電,17,6,11,群益金鼎-開元,2024-07-31,9134
2474,可成,10,0,10,群益金鼎-開元,2024-07-31,9134
2412,中華電,10,0,10,群益金鼎-開元,2024-07-31,9134
3374,精材,20,10,10,群益金鼎-開元,2024-07-31,9134
2472,立隆電,10,1,9,群益金鼎-開元,2024-07-31,9134
2486,一詮,12,3,9,群益金鼎-開元,2024-07-31,9134
00909,國泰數位支付服務,9,0,9,群益金鼎-開元,2024-07-31,9134
6284,佳邦,11,2,9,群益金鼎-開元,2024-07-31,9134
00936,台新永續高息中小,8,0,8,群益金鼎-開元,2024-07-31,9134
2312,金寶,17,9,8,群益金鼎-開元,2024-07-31,9134
5443,均豪,54,46,8,群益金鼎-開元,2024-07-31,9134
6239,力成,8,0,8,群益金鼎-開元,2024-07-31,9134
6153,嘉聯益,10,3,7,群益金鼎-開元,2024-07-31,9134
2739,寒舍,7,0,7,群益金鼎-開元,2024-07-31,9134
1609,大亞,9,2,7,群益金鼎-開元,2024-07-31,9134
5515,建國,7,0,7,群益金鼎-開元,2024-07-31,9134
5905,南仁湖,105,2,103,群益金鼎-開元,2024-08-01,9134
00929,復華台灣科技優息,100,32,68,群益金鼎-開元,2024-08-01,9134
00937B,群益ESG投等債20,80,19,61,群益金鼎-開元,2024-08-01,9134
1218,泰山,53,0,53,群益金鼎-開元,2024-08-01,9134
00878,國泰永續高股息,53,2,51,群益金鼎-開元,2024-08-01,9134
2603,長榮,79,29,50,群益金鼎-開元,2024-08-01,9134
2892,第一金,50,0,50,群益金鼎-開元,2024-08-01,9134
3088,艾訊,46,0,46,群益金鼎-開元,2024-08-01,9134
2348,海悅,59,14,45,群益金鼎-開元,2024-08-01,9134
6869,雲豹能源,42,2,40,群益金鼎-開元,2024-08-01,9134
2867,三商壽,37,3,34,群益金鼎-開元,2024-08-01,9134
2324,仁寶,42,9,33,群益金鼎-開元,2024-08-01,9134
8936,國統,32,1,31,群益金鼎-開元,2024-08-01,9134
1734,杏輝,30,0,30,群益金鼎-開元,2024-08-01,9134
00942B,台新美A公司債20+,30,0,30,群益金鼎-開元,2024-08-01,9134
1785,光洋科,33,8,25,群益金鼎-開元,2024-08-01,9134
00645,富邦日本,22,0,22,群益金鼎-開元,2024-08-01,9134
1216,統一,22,1,21,群益金鼎-開元,2024-08-01,9134
2884,玉山金,20,0,20,群益金鼎-開元,2024-08-01,9134
00949,復華日本龍頭,18,0,18,群益金鼎-開元,2024-08-01,9134
2382,廣達,25,7,18,群益金鼎-開元,2024-08-01,9134
3689,湧德,17,0,17,群益金鼎-開元,2024-08-01,9134
3050,鈺德,28,12,16,群益金鼎-開元,2024-08-01,9134
00665L,富邦�琤肭磪囓�2,15,0,15,群益金鼎-開元,2024-08-01,9134
2363,矽統,34,20,14,群益金鼎-開元,2024-08-01,9134
2313,華通,36,23,13,群益金鼎-開元,2024-08-01,9134
6213,聯茂,16,3,13,群益金鼎-開元,2024-08-01,9134
00764B,群益25年美債,12,0,12,群益金鼎-開元,2024-08-01,9134
6239,力成,11,0,11,群益金鼎-開元,2024-08-01,9134
4566,時碩工業,11,0,11,群益金鼎-開元,2024-08-01,9134
2515,中工,66,55,11,群益金鼎-開元,2024-08-01,9134
4967,十銓,15,4,11,群益金鼎-開元,2024-08-01,9134
6284,佳邦,11,1,10,群益金鼎-開元,2024-08-01,9134
00712,復華富時不動產,10,0,10,群益金鼎-開元,2024-08-01,9134
2845,遠東銀,10,0,10,群益金鼎-開元,2024-08-01,9134
3494,誠研,10,0,10,群益金鼎-開元,2024-08-01,9134
2412,中華電,10,1,9,群益金鼎-開元,2024-08-01,9134
9105,泰金寶-DR,13,5,8,群益金鼎-開元,2024-08-01,9134
2596,綠意,8,0,8,群益金鼎-開元,2024-08-01,9134
2383,台光電,8,1,7,群益金鼎-開元,2024-08-01,9134
2454,聯發科,6,0,6,群益金鼎-開元,2024-08-01,9134
3686,達能,6,0,6,群益金鼎-開元,2024-08-01,9134
00882,中信中國高股息,6,0,6,群益金鼎-開元,2024-08-01,9134
4563,百德,10,4,6,群益金鼎-開元,2024-08-01,9134
2610,華航,7,2,5,群益金鼎-開元,2024-08-01,9134
8011,台通,11,6,5,群益金鼎-開元,2024-08-01,9134
1438,三地開發,5,0,5,群益金鼎-開元,2024-08-01,9134
2834,臺企銀,5,0,5,群益金鼎-開元,2024-08-01,9134
3013,晟銘電,8,3,5,群益金鼎-開元,2024-08-01,9134
5309,系統電,8,3,5,群益金鼎-開元,2024-08-01,9134
00878,國泰永續高股息,211,7,204,群益金鼎-開元,2024-08-02,9134
2332,友訊,160,0,160,群益金鼎-開元,2024-08-02,9134
00929,復華台灣科技優息,173,20,153,群益金鼎-開元,2024-08-02,9134
4960,誠美材,151,0,151,群益金鼎-開元,2024-08-02,9134
00919,群益台灣精選高息,137,4,133,群益金鼎-開元,2024-08-02,9134
3037,欣興,134,3,131,群益金鼎-開元,2024-08-02,9134
2317,鴻海,112,15,97,群益金鼎-開元,2024-08-02,9134
00688L,國泰20年美債正2,91,0,91,群益金鼎-開元,2024-08-02,9134
00680L,元大美債20正2,86,0,86,群益金鼎-開元,2024-08-02,9134
5512,力麒,95,11,84,群益金鼎-開元,2024-08-02,9134
6016,康和證,77,2,75,群益金鼎-開元,2024-08-02,9134
2892,第一金,75,0,75,群益金鼎-開元,2024-08-02,9134
00940,元大台灣價值高息,81,6,75,群益金鼎-開元,2024-08-02,9134
00941,中信上游半導體,69,0,69,群益金鼎-開元,2024-08-02,9134
5469,瀚宇博,61,1,60,群益金鼎-開元,2024-08-02,9134
00923,群益台ESG低碳50,60,1,59,群益金鼎-開元,2024-08-02,9134
2739,寒舍,52,1,51,群益金鼎-開元,2024-08-02,9134
5434,崇越,50,0,50,群益金鼎-開元,2024-08-02,9134
6015,宏遠證,50,0,50,群益金鼎-開元,2024-08-02,9134
00764B,群益25年美債,50,0,50,群益金鼎-開元,2024-08-02,9134
2330,台積電,53,4,49,群益金鼎-開元,2024-08-02,9134
9945,潤泰新,56,7,49,群益金鼎-開元,2024-08-02,9134
1301,台塑,48,0,48,群益金鼎-開元,2024-08-02,9134
00679B,元大美債20年,58,10,48,群益金鼎-開元,2024-08-02,9134
00937B,群益ESG投等債20,43,0,43,群益金鼎-開元,2024-08-02,9134
00927,群益半導體收益,42,0,42,群益金鼎-開元,2024-08-02,9134
00949,復華日本龍頭,43,1,42,群益金鼎-開元,2024-08-02,9134
5864,致和證,41,0,41,群益金鼎-開元,2024-08-02,9134
2845,遠東銀,40,0,40,群益金鼎-開元,2024-08-02,9134
00795B,中信美國公債20年,37,0,37,群益金鼎-開元,2024-08-02,9134
2365,昆盈,139,103,36,群益金鼎-開元,2024-08-02,9134
00948B,中信優息投資級債,36,0,36,群益金鼎-開元,2024-08-02,9134
8299,群聯,34,0,34,群益金鼎-開元,2024-08-02,9134
00891,中信關鍵半導體,34,0,34,群益金鼎-開元,2024-08-02,9134
00632R,元大台灣50反1,61,27,34,群益金鼎-開元,2024-08-02,9134
1447,力鵬,31,0,31,群益金鼎-開元,2024-08-02,9134
00933B,國泰10Y+金融債,53,22,31,群益金鼎-開元,2024-08-02,9134
2867,三商壽,31,0,31,群益金鼎-開元,2024-08-02,9134
1609,大亞,36,6,30,群益金鼎-開元,2024-08-02,9134
00696B,富邦美債20年,30,0,30,群益金鼎-開元,2024-08-02,9134
3494,誠研,30,0,30,群益金鼎-開元,2024-08-02,9134
2101,南港,29,1,28,群益金鼎-開元,2024-08-02,9134
2515,中工,30,2,28,群益金鼎-開元,2024-08-02,9134
00881,國泰台灣5G+,27,0,27,群益金鼎-開元,2024-08-02,9134
5443,均豪,44,18,26,群益金鼎-開元,2024-08-02,9134
1316,上曜,45,19,26,群益金鼎-開元,2024-08-02,9134
6877,鏵友益,27,1,26,群益金鼎-開元,2024-08-02,9134
00932,兆豐永續高息等權,29,5,24,群益金鼎-開元,2024-08-02,9134
5871,中租-KY,23,0,23,群益金鼎-開元,2024-08-02,9134
006208,富邦台50,25,3,22,群益金鼎-開元,2024-08-02,9134
00929,復華台灣科技優息,513,32,481,群益金鼎-開元,2024-08-05,9134
00940,元大台灣價值高息,361,38,323,群益金鼎-開元,2024-08-05,9134
00878,國泰永續高股息,265,7,258,群益金鼎-開元,2024-08-05,9134
00946,群益科技高息成長,196,17,179,群益金鼎-開元,2024-08-05,9134
3357,臺慶科,150,0,150,群益金鼎-開元,2024-08-05,9134
00937B,群益ESG投等債20,188,44,144,群益金鼎-開元,2024-08-05,9134
2888,新光金,173,39,134,群益金鼎-開元,2024-08-05,9134
2409,友達,140,6,134,群益金鼎-開元,2024-08-05,9134
00687B,國泰20年美債,163,30,133,群益金鼎-開元,2024-08-05,9134
5512,力麒,120,6,114,群益金鼎-開元,2024-08-05,9134
6015,宏遠證,110,0,110,群益金鼎-開元,2024-08-05,9134
2317,鴻海,135,36,99,群益金鼎-開元,2024-08-05,9134
1440,南紡,104,5,99,群益金鼎-開元,2024-08-05,9134
2352,佳世達,80,0,80,群益金鼎-開元,2024-08-05,9134
00948B,中信優息投資級債,85,6,79,群益金鼎-開元,2024-08-05,9134
00680L,元大美債20正2,79,1,78,群益金鼎-開元,2024-08-05,9134
4960,誠美材,77,0,77,群益金鼎-開元,2024-08-05,9134
2330,台積電,79,22,57,群益金鼎-開元,2024-08-05,9134
1314,中石化,56,0,56,群益金鼎-開元,2024-08-05,9134
6152,百一,51,2,49,群益金鼎-開元,2024-08-05,9134
00927,群益半導體收益,48,0,48,群益金鼎-開元,2024-08-05,9134
6016,康和證,48,0,48,群益金鼎-開元,2024-08-05,9134
5864,致和證,47,6,41,群益金鼎-開元,2024-08-05,9134
00679B,元大美債20年,57,16,41,群益金鼎-開元,2024-08-05,9134
00919,群益台灣精選高息,127,87,40,群益金鼎-開元,2024-08-05,9134
2834,臺企銀,55,18,37,群益金鼎-開元,2024-08-05,9134
2891,中信金,84,48,36,群益金鼎-開元,2024-08-05,9134
00686R,群益臺灣加權反1,36,0,36,群益金鼎-開元,2024-08-05,9134
0056,元大高股息,40,4,36,群益金鼎-開元,2024-08-05,9134
00795B,中信美國公債20年,36,0,36,群益金鼎-開元,2024-08-05,9134
2323,中環,35,0,35,群益金鼎-開元,2024-08-05,9134
2401,凌陽,34,1,33,群益金鼎-開元,2024-08-05,9134
1319,東陽,36,4,32,群益金鼎-開元,2024-08-05,9134
5222,全訊,32,0,32,群益金鼎-開元,2024-08-05,9134
00715L,期街口布蘭特正2,32,2,30,群益金鼎-開元,2024-08-05,9134
1605,華新,31,2,29,群益金鼎-開元,2024-08-05,9134
00712,復華富時不動產,40,11,29,群益金鼎-開元,2024-08-05,9134
2354,鴻準,37,10,27,群益金鼎-開元,2024-08-05,9134
2002,中鋼,29,3,26,群益金鼎-開元,2024-08-05,9134
2367,燿華,25,2,23,群益金鼎-開元,2024-08-05,9134
2353,宏��,31,8,23,群益金鼎-開元,2024-08-05,9134
00923,群益台ESG低碳50,24,1,23,群益金鼎-開元,2024-08-05,9134
3037,欣興,21,0,21,群益金鼎-開元,2024-08-05,9134
00891,中信關鍵半導體,31,10,21,群益金鼎-開元,2024-08-05,9134
2880,華南金,27,6,21,群益金鼎-開元,2024-08-05,9134
1815,富喬,21,0,21,群益金鼎-開元,2024-08-05,9134
2884,玉山金,22,1,21,群益金鼎-開元,2024-08-05,9134
00713,元大台灣高息低波,20,0,20,群益金鼎-開元,2024-08-05,9134
3231,緯創,49,29,20,群益金鼎-開元,2024-08-05,9134
6282,康舒,24,5,19,群益金鼎-開元,2024-08-05,9134
2867,三商壽,284,65,219,群益金鼎-開元,2024-08-06,9134
00929,復華台灣科技優息,181,40,141,群益金鼎-開元,2024-08-06,9134
5880,合庫金,101,2,99,群益金鼎-開元,2024-08-06,9134
2886,兆豐金,78,1,77,群益金鼎-開元,2024-08-06,9134
00937B,群益ESG投等債20,105,31,74,群益金鼎-開元,2024-08-06,9134
2354,鴻準,70,1,69,群益金鼎-開元,2024-08-06,9134
00940,元大台灣價值高息,193,130,63,群益金鼎-開元,2024-08-06,9134
00919,群益台灣精選高息,120,59,61,群益金鼎-開元,2024-08-06,9134
9105,泰金寶-DR,52,0,52,群益金鼎-開元,2024-08-06,9134
3481,群創,736,685,51,群益金鼎-開元,2024-08-06,9134
00881,國泰台灣5G+,57,6,51,群益金鼎-開元,2024-08-06,9134
6015,宏遠證,49,0,49,群益金鼎-開元,2024-08-06,9134
2409,友達,48,7,41,群益金鼎-開元,2024-08-06,9134
1446,宏和,40,0,40,群益金鼎-開元,2024-08-06,9134
00948B,中信優息投資級債,53,15,38,群益金鼎-開元,2024-08-06,9134
3710,連展投控,35,1,34,群益金鼎-開元,2024-08-06,9134
3037,欣興,42,15,27,群益金鼎-開元,2024-08-06,9134
0056,元大高股息,26,1,25,群益金鼎-開元,2024-08-06,9134
2374,佳能,27,2,25,群益金鼎-開元,2024-08-06,9134
6191,精成科,38,14,24,群益金鼎-開元,2024-08-06,9134
2884,玉山金,23,2,21,群益金鼎-開元,2024-08-06,9134
6442,光聖,21,0,21,群益金鼎-開元,2024-08-06,9134
6598,ABC-KY,21,0,21,群益金鼎-開元,2024-08-06,9134
1449,佳和,20,0,20,群益金鼎-開元,2024-08-06,9134
1540,喬福,115,99,16,群益金鼎-開元,2024-08-06,9134
3227,原相,16,0,16,群益金鼎-開元,2024-08-06,9134
6577,勁豐,16,0,16,群益金鼎-開元,2024-08-06,9134
5871,中租-KY,16,0,16,群益金鼎-開元,2024-08-06,9134
6561,是方,15,0,15,群益金鼎-開元,2024-08-06,9134
6126,信音,14,1,13,群益金鼎-開元,2024-08-06,9134
3715,定穎投控,36,23,13,群益金鼎-開元,2024-08-06,9134
5222,全訊,14,1,13,群益金鼎-開元,2024-08-06,9134
1815,富喬,14,2,12,群益金鼎-開元,2024-08-06,9134
2356,英業達,23,11,12,群益金鼎-開元,2024-08-06,9134
3211,順達,13,1,12,群益金鼎-開元,2024-08-06,9134
6016,康和證,12,0,12,群益金鼎-開元,2024-08-06,9134
3689,湧德,13,1,12,群益金鼎-開元,2024-08-06,9134
9904,寶成,12,0,12,群益金鼎-開元,2024-08-06,9134
2486,一詮,15,4,11,群益金鼎-開元,2024-08-06,9134
6147,頎邦,11,0,11,群益金鼎-開元,2024-08-06,9134
2392,正崴,12,1,11,群益金鼎-開元,2024-08-06,9134
2337,旺宏,17,6,11,群益金鼎-開元,2024-08-06,9134
2367,燿華,40,29,11,群益金鼎-開元,2024-08-06,9134
3374,精材,14,3,11,群益金鼎-開元,2024-08-06,9134
3260,威剛,11,0,11,群益金鼎-開元,2024-08-06,9134
9933,中鼎,10,0,10,群益金鼎-開元,2024-08-06,9134
3052,夆典,10,0,10,群益金鼎-開元,2024-08-06,9134
9934,成霖,10,0,10,群益金鼎-開元,2024-08-06,9134
2449,京元電子,32,22,10,群益金鼎-開元,2024-08-06,9134
1612,宏泰,10,0,10,群益金鼎-開元,2024-08-06,9134
00946,群益科技高息成長,331,5,326,群益金鼎-開元,2024-08-07,9134
00632R,元大台灣50反1,243,3,240,群益金鼎-開元,2024-08-07,9134
00679B,元大美債20年,191,11,180,群益金鼎-開元,2024-08-07,9134
00940,元大台灣價值高息,242,70,172,群益金鼎-開元,2024-08-07,9134
00680L,元大美債20正2,104,0,104,群益金鼎-開元,2024-08-07,9134
2834,臺企銀,93,12,81,群益金鼎-開元,2024-08-07,9134
1808,潤隆,74,0,74,群益金鼎-開元,2024-08-07,9134
8011,台通,57,1,56,群益金鼎-開元,2024-08-07,9134
2409,友達,54,4,50,群益金鼎-開元,2024-08-07,9134
00948B,中信優息投資級債,43,0,43,群益金鼎-開元,2024-08-07,9134
6213,聯茂,42,7,35,群益金鼎-開元,2024-08-07,9134
2855,統一證,33,0,33,群益金鼎-開元,2024-08-07,9134
00688L,國泰20年美債正2,34,2,32,群益金鼎-開元,2024-08-07,9134
2025,千興,31,0,31,群益金鼎-開元,2024-08-07,9134
6561,是方,20,1,19,群益金鼎-開元,2024-08-07,9134
2317,鴻海,57,39,18,群益金鼎-開元,2024-08-07,9134
00878,國泰永續高股息,25,7,18,群益金鼎-開元,2024-08-07,9134
2356,英業達,39,21,18,群益金鼎-開元,2024-08-07,9134
00909,國泰數位支付服務,17,0,17,群益金鼎-開元,2024-08-07,9134
2426,鼎元,16,0,16,群益金鼎-開元,2024-08-07,9134
00687B,國泰20年美債,29,13,16,群益金鼎-開元,2024-08-07,9134
8936,國統,17,1,16,群益金鼎-開元,2024-08-07,9134
00931B,統一美債20年,31,16,15,群益金鼎-開元,2024-08-07,9134
3494,誠研,15,0,15,群益金鼎-開元,2024-08-07,9134
3044,健鼎,13,0,13,群益金鼎-開元,2024-08-07,9134
00715L,期街口布蘭特正2,18,5,13,群益金鼎-開元,2024-08-07,9134
2884,玉山金,13,0,13,群益金鼎-開元,2024-08-07,9134
00900,富邦特選高股息30,12,0,12,群益金鼎-開元,2024-08-07,9134
00947,台新臺灣IC設計,12,0,12,群益金鼎-開元,2024-08-07,9134
2070,精湛,13,2,11,群益金鼎-開元,2024-08-07,9134
2349,錸德,20,9,11,群益金鼎-開元,2024-08-07,9134
1314,中石化,11,0,11,群益金鼎-開元,2024-08-07,9134
4967,十銓,12,1,11,群益金鼎-開元,2024-08-07,9134
2887,台新金,10,0,10,群益金鼎-開元,2024-08-07,9134
1568,倉佑,10,0,10,群益金鼎-開元,2024-08-07,9134
3374,精材,16,6,10,群益金鼎-開元,2024-08-07,9134
1301,台塑,11,1,10,群益金鼎-開元,2024-08-07,9134
2312,金寶,24,14,10,群益金鼎-開元,2024-08-07,9134
2542,興富發,15,6,9,群益金鼎-開元,2024-08-07,9134
6477,安集,10,1,9,群益金鼎-開元,2024-08-07,9134
5309,系統電,13,4,9,群益金鼎-開元,2024-08-07,9134
3037,欣興,13,5,8,群益金鼎-開元,2024-08-07,9134
6770,力積電,11,3,8,群益金鼎-開元,2024-08-07,9134
2412,中華電,8,0,8,群益金鼎-開元,2024-08-07,9134
2007,燁興,10,2,8,群益金鼎-開元,2024-08-07,9134
2382,廣達,26,18,8,群益金鼎-開元,2024-08-07,9134
6139,亞翔,7,0,7,群益金鼎-開元,2024-08-07,9134
8054,安國,28,21,7,群益金鼎-開元,2024-08-07,9134
4958,臻鼎-KY,9,2,7,群益金鼎-開元,2024-08-07,9134
2524,京城,7,0,7,群益金鼎-開元,2024-08-07,9134
00937B,群益ESG投等債20,177,2,175,群益金鼎-開元,2024-08-08,9134
00687B,國泰20年美債,165,2,163,群益金鼎-開元,2024-08-08,9134
3481,群創,160,22,138,群益金鼎-開元,2024-08-08,9134
00878,國泰永續高股息,129,0,129,群益金鼎-開元,2024-08-08,9134
00679B,元大美債20年,122,1,121,群益金鼎-開元,2024-08-08,9134
2886,兆豐金,113,0,113,群益金鼎-開元,2024-08-08,9134
2888,新光金,113,7,106,群益金鼎-開元,2024-08-08,9134
00948B,中信優息投資級債,97,10,87,群益金鼎-開元,2024-08-08,9134
6877,鏵友益,157,82,75,群益金鼎-開元,2024-08-08,9134
00929,復華台灣科技優息,85,28,57,群益金鼎-開元,2024-08-08,9134
2884,玉山金,55,0,55,群益金鼎-開元,2024-08-08,9134
00680L,元大美債20正2,53,0,53,群益金鼎-開元,2024-08-08,9134
2317,鴻海,73,22,51,群益金鼎-開元,2024-08-08,9134
00632R,元大台灣50反1,150,105,45,群益金鼎-開元,2024-08-08,9134
2356,英業達,44,3,41,群益金鼎-開元,2024-08-08,9134
00927,群益半導體收益,31,0,31,群益金鼎-開元,2024-08-08,9134
6152,百一,30,0,30,群益金鼎-開元,2024-08-08,9134
00919,群益台灣精選高息,29,0,29,群益金鼎-開元,2024-08-08,9134
00940,元大台灣價值高息,78,50,28,群益金鼎-開元,2024-08-08,9134
1301,台塑,27,0,27,群益金鼎-開元,2024-08-08,9134
2834,臺企銀,29,3,26,群益金鼎-開元,2024-08-08,9134
2891,中信金,36,16,20,群益金鼎-開元,2024-08-08,9134
2025,千興,20,0,20,群益金鼎-開元,2024-08-08,9134
00939,統一台灣高息動能,17,0,17,群益金鼎-開元,2024-08-08,9134
2365,昆盈,63,47,16,群益金鼎-開元,2024-08-08,9134
2349,錸德,31,15,16,群益金鼎-開元,2024-08-08,9134
00900,富邦特選高股息30,16,0,16,群益金鼎-開元,2024-08-08,9134
4766,南寶,16,1,15,群益金鼎-開元,2024-08-08,9134
2388,威盛,15,0,15,群益金鼎-開元,2024-08-08,9134
1504,東元,15,0,15,群益金鼎-開元,2024-08-08,9134
1808,潤隆,15,0,15,群益金鼎-開元,2024-08-08,9134
4510,高鋒,64,49,15,群益金鼎-開元,2024-08-08,9134
8064,東捷,22,8,14,群益金鼎-開元,2024-08-08,9134
2845,遠東銀,13,0,13,群益金鼎-開元,2024-08-08,9134
8936,國統,14,1,13,群益金鼎-開元,2024-08-08,9134
2892,第一金,14,2,12,群益金鼎-開元,2024-08-08,9134
6016,康和證,12,0,12,群益金鼎-開元,2024-08-08,9134
2363,矽統,13,1,12,群益金鼎-開元,2024-08-08,9134
0056,元大高股息,14,3,11,群益金鼎-開元,2024-08-08,9134
1316,上曜,11,0,11,群益金鼎-開元,2024-08-08,9134
2405,輔信,19,8,11,群益金鼎-開元,2024-08-08,9134
4958,臻鼎-KY,15,5,10,群益金鼎-開元,2024-08-08,9134
00738U,期元大道瓊白銀,10,0,10,群益金鼎-開元,2024-08-08,9134
2107,厚生,10,0,10,群益金鼎-開元,2024-08-08,9134
6015,宏遠證,10,0,10,群益金鼎-開元,2024-08-08,9134
3501,維熹,10,0,10,群益金鼎-開元,2024-08-08,9134
4105,東洋,10,0,10,群益金鼎-開元,2024-08-08,9134
00648R,元大S＆P500反1,10,0,10,群益金鼎-開元,2024-08-08,9134
2382,廣達,40,31,9,群益金鼎-開元,2024-08-08,9134
3024,憶聲,9,0,9,群益金鼎-開元,2024-08-08,9134
00687B,國泰20年美債,330,1,329,群益金鼎-開元,2024-08-09,9134
00937B,群益ESG投等債20,222,0,222,群益金鼎-開元,2024-08-09,9134
5512,力麒,215,3,212,群益金鼎-開元,2024-08-09,9134
00632R,元大台灣50反1,192,5,187,群益金鼎-開元,2024-08-09,9134
2603,長榮,148,5,143,群益金鼎-開元,2024-08-09,9134
00878,國泰永續高股息,116,7,109,群益金鼎-開元,2024-08-09,9134
1110,東泥,72,0,72,群益金鼎-開元,2024-08-09,9134
00688L,國泰20年美債正2,60,0,60,群益金鼎-開元,2024-08-09,9134
00948B,中信優息投資級債,55,0,55,群益金鼎-開元,2024-08-09,9134
00680L,元大美債20正2,32,1,31,群益金鼎-開元,2024-08-09,9134
2025,千興,30,0,30,群益金鼎-開元,2024-08-09,9134
00679B,元大美債20年,154,125,29,群益金鼎-開元,2024-08-09,9134
1314,中石化,33,5,28,群益金鼎-開元,2024-08-09,9134
1446,宏和,25,1,24,群益金鼎-開元,2024-08-09,9134
2515,中工,29,6,23,群益金鼎-開元,2024-08-09,9134
2408,南亞科,22,0,22,群益金鼎-開元,2024-08-09,9134
4960,誠美材,20,0,20,群益金鼎-開元,2024-08-09,9134
3532,台勝科,16,0,16,群益金鼎-開元,2024-08-09,9134
3024,憶聲,32,17,15,群益金鼎-開元,2024-08-09,9134
00932,兆豐永續高息等權,14,0,14,群益金鼎-開元,2024-08-09,9134
2062,橋椿,18,4,14,群益金鼎-開元,2024-08-09,9134
2349,錸德,22,8,14,群益金鼎-開元,2024-08-09,9134
2609,陽明,32,20,12,群益金鼎-開元,2024-08-09,9134
4755,三福化,12,0,12,群益金鼎-開元,2024-08-09,9134
1316,上曜,18,7,11,群益金鼎-開元,2024-08-09,9134
2601,益航,12,1,11,群益金鼎-開元,2024-08-09,9134
6577,勁豐,11,0,11,群益金鼎-開元,2024-08-09,9134
00931B,統一美債20年,10,0,10,群益金鼎-開元,2024-08-09,9134
3050,鈺德,10,0,10,群益金鼎-開元,2024-08-09,9134
2031,新光鋼,11,1,10,群益金鼎-開元,2024-08-09,9134
1532,勤美,10,0,10,群益金鼎-開元,2024-08-09,9134
00738U,期元大道瓊白銀,10,0,10,群益金鼎-開元,2024-08-09,9134
6197,佳必琪,12,2,10,群益金鼎-開元,2024-08-09,9134
2636,台驊控股,9,0,9,群益金鼎-開元,2024-08-09,9134
2615,萬海,24,15,9,群益金鼎-開元,2024-08-09,9134
2380,虹光,9,0,9,群益金鼎-開元,2024-08-09,9134
2405,輔信,12,3,9,群益金鼎-開元,2024-08-09,9134
3289,宜特,21,12,9,群益金鼎-開元,2024-08-09,9134
6122,擎邦,10,1,9,群益金鼎-開元,2024-08-09,9134
00929,復華台灣科技優息,14,5,9,群益金鼎-開元,2024-08-09,9134
2353,宏��,12,4,8,群益金鼎-開元,2024-08-09,9134
3306,鼎天,8,0,8,群益金鼎-開元,2024-08-09,9134
00942B,台新美A公司債20+,8,0,8,群益金鼎-開元,2024-08-09,9134
1536,和大,8,0,8,群益金鼎-開元,2024-08-09,9134
4555,氣立,17,9,8,群益金鼎-開元,2024-08-09,9134
4906,正文,9,1,8,群益金鼎-開元,2024-08-09,9134
9933,中鼎,14,6,8,群益金鼎-開元,2024-08-09,9134
3322,建舜電,8,0,8,群益金鼎-開元,2024-08-09,9134
1305,華夏,8,0,8,群益金鼎-開元,2024-08-09,9134
6770,力積電,12,5,7,群益金鼎-開元,2024-08-09,9134
00687B,國泰20年美債,372,41,331,群益金鼎-開元,2024-08-12,9134
00632R,元大台灣50反1,201,0,201,群益金鼎-開元,2024-08-12,9134
5512,力麒,103,3,100,群益金鼎-開元,2024-08-12,9134
00937B,群益ESG投等債20,96,9,87,群益金鼎-開元,2024-08-12,9134
00679B,元大美債20年,79,0,79,群益金鼎-開元,2024-08-12,9134
2891,中信金,74,2,72,群益金鼎-開元,2024-08-12,9134
00900,富邦特選高股息30,50,0,50,群益金鼎-開元,2024-08-12,9134
00688L,國泰20年美債正2,50,10,40,群益金鼎-開元,2024-08-12,9134
2312,金寶,44,6,38,群益金鼎-開元,2024-08-12,9134
00942B,台新美A公司債20+,34,0,34,群益金鼎-開元,2024-08-12,9134
2883,凱基金,71,38,33,群益金鼎-開元,2024-08-12,9134
8039,台虹,32,0,32,群益金鼎-開元,2024-08-12,9134
6016,康和證,30,0,30,群益金鼎-開元,2024-08-12,9134
2855,統一證,30,1,29,群益金鼎-開元,2024-08-12,9134
6026,福邦證,30,1,29,群益金鼎-開元,2024-08-12,9134
1314,中石化,138,113,25,群益金鼎-開元,2024-08-12,9134
00936,台新永續高息中小,24,0,24,群益金鼎-開元,2024-08-12,9134
00878,國泰永續高股息,40,17,23,群益金鼎-開元,2024-08-12,9134
00929,復華台灣科技優息,33,11,22,群益金鼎-開元,2024-08-12,9134
2412,中華電,21,1,20,群益金鼎-開元,2024-08-12,9134
3715,定穎投控,26,6,20,群益金鼎-開元,2024-08-12,9134
3501,維熹,28,10,18,群益金鼎-開元,2024-08-12,9134
00918,大華優利高填息30,17,0,17,群益金鼎-開元,2024-08-12,9134
00948B,中信優息投資級債,23,6,17,群益金鼎-開元,2024-08-12,9134
2359,所羅門,24,7,17,群益金鼎-開元,2024-08-12,9134
6231,系微,16,0,16,群益金鼎-開元,2024-08-12,9134
6770,力積電,22,6,16,群益金鼎-開元,2024-08-12,9134
6754,匯僑設計,17,2,15,群益金鼎-開元,2024-08-12,9134
00919,群益台灣精選高息,19,6,13,群益金鼎-開元,2024-08-12,9134
00795B,中信美國公債20年,12,0,12,群益金鼎-開元,2024-08-12,9134
2017,官田鋼,12,0,12,群益金鼎-開元,2024-08-12,9134
6194,育富,12,0,12,群益金鼎-開元,2024-08-12,9134
1597,直得,16,5,11,群益金鼎-開元,2024-08-12,9134
1301,台塑,13,2,11,群益金鼎-開元,2024-08-12,9134
5009,榮剛,11,0,11,群益金鼎-開元,2024-08-12,9134
9105,泰金寶-DR,43,32,11,群益金鼎-開元,2024-08-12,9134
5876,上海商銀,10,0,10,群益金鼎-開元,2024-08-12,9134
00945B,凱基美國非投等債,10,0,10,群益金鼎-開元,2024-08-12,9134
8234,新漢,10,0,10,群益金鼎-開元,2024-08-12,9134
3260,威剛,12,2,10,群益金鼎-開元,2024-08-12,9134
4960,誠美材,14,4,10,群益金鼎-開元,2024-08-12,9134
6209,今國光,10,0,10,群益金鼎-開元,2024-08-12,9134
4562,穎漢,22,13,9,群益金鼎-開元,2024-08-12,9134
6197,佳必琪,9,0,9,群益金鼎-開元,2024-08-12,9134
2101,南港,11,3,8,群益金鼎-開元,2024-08-12,9134
2881,富邦金,10,2,8,群益金鼎-開元,2024-08-12,9134
3167,大量,16,8,8,群益金鼎-開元,2024-08-12,9134
8936,國統,14,7,7,群益金鼎-開元,2024-08-12,9134
2610,華航,14,7,7,群益金鼎-開元,2024-08-12,9134
2062,橋椿,11,4,7,群益金鼎-開元,2024-08-12,9134
00687B,國泰20年美債,559,0,559,群益金鼎-開元,2024-08-13,9134
00937B,群益ESG投等債20,191,0,191,群益金鼎-開元,2024-08-13,9134
2362,藍天,102,0,102,群益金鼎-開元,2024-08-13,9134
2609,陽明,78,11,67,群益金鼎-開元,2024-08-13,9134
00878,國泰永續高股息,60,14,46,群益金鼎-開元,2024-08-13,9134
00712,復華富時不動產,36,0,36,群益金鼎-開元,2024-08-13,9134
00942B,台新美A公司債20+,40,5,35,群益金鼎-開元,2024-08-13,9134
00948B,中信優息投資級債,33,0,33,群益金鼎-開元,2024-08-13,9134
3013,晟銘電,53,21,32,群益金鼎-開元,2024-08-13,9134
2880,華南金,30,0,30,群益金鼎-開元,2024-08-13,9134
00688L,國泰20年美債正2,28,0,28,群益金鼎-開元,2024-08-13,9134
3450,聯鈞,41,18,23,群益金鼎-開元,2024-08-13,9134
00929,復華台灣科技優息,26,4,22,群益金鼎-開元,2024-08-13,9134
3303,岱稜,37,16,21,群益金鼎-開元,2024-08-13,9134
2801,彰銀,24,3,21,群益金鼎-開元,2024-08-13,9134
6015,宏遠證,20,0,20,群益金鼎-開元,2024-08-13,9134
1513,中興電,22,4,18,群益金鼎-開元,2024-08-13,9134
6505,台塑化,18,0,18,群益金鼎-開元,2024-08-13,9134
2618,長榮航,30,13,17,群益金鼎-開元,2024-08-13,9134
5880,合庫金,21,4,17,群益金鼎-開元,2024-08-13,9134
6535,順藥,16,1,15,群益金鼎-開元,2024-08-13,9134
00900,富邦特選高股息30,17,2,15,群益金鼎-開元,2024-08-13,9134
00951,台新日本半導體,14,0,14,群益金鼎-開元,2024-08-13,9134
2383,台光電,14,1,13,群益金鼎-開元,2024-08-13,9134
9945,潤泰新,14,1,13,群益金鼎-開元,2024-08-13,9134
2615,萬海,34,22,12,群益金鼎-開元,2024-08-13,9134
2312,金寶,22,10,12,群益金鼎-開元,2024-08-13,9134
2025,千興,12,0,12,群益金鼎-開元,2024-08-13,9134
4919,新唐,12,0,12,群益金鼎-開元,2024-08-13,9134
2867,三商壽,12,0,12,群益金鼎-開元,2024-08-13,9134
2363,矽統,14,2,12,群益金鼎-開元,2024-08-13,9134
6215,和椿,29,18,11,群益金鼎-開元,2024-08-13,9134
2886,兆豐金,11,0,11,群益金鼎-開元,2024-08-13,9134
2317,鴻海,31,21,10,群益金鼎-開元,2024-08-13,9134
00919,群益台灣精選高息,11,2,9,群益金鼎-開元,2024-08-13,9134
2834,臺企銀,9,0,9,群益金鼎-開元,2024-08-13,9134
3189,景碩,8,0,8,群益金鼎-開元,2024-08-13,9134
1314,中石化,8,0,8,群益金鼎-開元,2024-08-13,9134
1101,台泥,8,0,8,群益金鼎-開元,2024-08-13,9134
3050,鈺德,12,4,8,群益金鼎-開元,2024-08-13,9134
1815,富喬,9,1,8,群益金鼎-開元,2024-08-13,9134
1795,美時,9,1,8,群益金鼎-開元,2024-08-13,9134
4533,協易機,21,13,8,群益金鼎-開元,2024-08-13,9134
2449,京元電子,18,10,8,群益金鼎-開元,2024-08-13,9134
2610,華航,7,0,7,群益金鼎-開元,2024-08-13,9134
2359,所羅門,17,10,7,群益金鼎-開元,2024-08-13,9134
00939,統一台灣高息動能,7,0,7,群益金鼎-開元,2024-08-13,9134
3706,神達,11,4,7,群益金鼎-開元,2024-08-13,9134
6104,創惟,7,0,7,群益金鼎-開元,2024-08-13,9134
5201,凱衛,7,0,7,群益金鼎-開元,2024-08-13,9134
00948B,中信優息投資級債,380,0,380,群益金鼎-開元,2024-08-14,9134
00688L,國泰20年美債正2,355,10,345,群益金鼎-開元,2024-08-14,9134
6177,達麗,260,3,257,群益金鼎-開元,2024-08-14,9134
00680L,元大美債20正2,301,60,241,群益金鼎-開元,2024-08-14,9134
00881,國泰台灣5G+,203,11,192,群益金鼎-開元,2024-08-14,9134
00937B,群益ESG投等債20,166,0,166,群益金鼎-開元,2024-08-14,9134
00929,復華台灣科技優息,63,3,60,群益金鼎-開元,2024-08-14,9134
00632R,元大台灣50反1,76,20,56,群益金鼎-開元,2024-08-14,9134
00679B,元大美債20年,66,21,45,群益金鼎-開元,2024-08-14,9134
00878,國泰永續高股息,36,5,31,群益金鼎-開元,2024-08-14,9134
3543,州巧,30,0,30,群益金鼎-開元,2024-08-14,9134
1101,台泥,29,0,29,群益金鼎-開元,2024-08-14,9134
8028,昇陽半導體,28,4,24,群益金鼎-開元,2024-08-14,9134
00687B,國泰20年美債,54,30,24,群益金鼎-開元,2024-08-14,9134
4303,信立,23,0,23,群益金鼎-開元,2024-08-14,9134
2618,長榮航,27,5,22,群益金鼎-開元,2024-08-14,9134
00934,中信成長高股息,22,0,22,群益金鼎-開元,2024-08-14,9134
3303,岱稜,55,34,21,群益金鼎-開元,2024-08-14,9134
2801,彰銀,16,0,16,群益金鼎-開元,2024-08-14,9134
6231,系微,19,4,15,群益金鼎-開元,2024-08-14,9134
3481,群創,142,127,15,群益金鼎-開元,2024-08-14,9134
2405,輔信,15,1,14,群益金鼎-開元,2024-08-14,9134
2356,英業達,22,8,14,群益金鼎-開元,2024-08-14,9134
1503,士電,21,8,13,群益金鼎-開元,2024-08-14,9134
1795,美時,12,1,11,群益金鼎-開元,2024-08-14,9134
4716,大立,12,1,11,群益金鼎-開元,2024-08-14,9134
4562,穎漢,34,24,10,群益金鼎-開元,2024-08-14,9134
3122,笙泉,10,0,10,群益金鼎-開元,2024-08-14,9134
3491,昇達科,10,0,10,群益金鼎-開元,2024-08-14,9134
9105,泰金寶-DR,10,0,10,群益金鼎-開元,2024-08-14,9134
2834,臺企銀,10,0,10,群益金鼎-開元,2024-08-14,9134
5014,建錩,10,0,10,群益金鼎-開元,2024-08-14,9134
4807,日成-KY,10,0,10,群益金鼎-開元,2024-08-14,9134
3037,欣興,11,2,9,群益金鼎-開元,2024-08-14,9134
2609,陽明,18,9,9,群益金鼎-開元,2024-08-14,9134
00882,中信中國高股息,10,1,9,群益金鼎-開元,2024-08-14,9134
00713,元大台灣高息低波,9,0,9,群益金鼎-開元,2024-08-14,9134
2883,凱基金,24,15,9,群益金鼎-開元,2024-08-14,9134
4979,華星光,14,6,8,群益金鼎-開元,2024-08-14,9134
00830,國泰費城半導體,8,0,8,群益金鼎-開元,2024-08-14,9134
5443,均豪,19,11,8,群益金鼎-開元,2024-08-14,9134
8150,南茂,8,1,7,群益金鼎-開元,2024-08-14,9134
00712,復華富時不動產,10,3,7,群益金鼎-開元,2024-08-14,9134
2406,國碩,7,0,7,群益金鼎-開元,2024-08-14,9134
6895,宏碩系統,7,0,7,群益金鼎-開元,2024-08-14,9134
4526,東台,8,1,7,群益金鼎-開元,2024-08-14,9134
1618,合機,8,1,7,群益金鼎-開元,2024-08-14,9134
5452,佶優,12,6,6,群益金鼎-開元,2024-08-14,9134
3576,聯合再生,14,8,6,群益金鼎-開元,2024-08-14,9134
6278,台表科,6,0,6,群益金鼎-開元,2024-08-14,9134
00795B,中信美國公債20年,228,3,225,群益金鼎-開元,2024-08-15,9134
2867,三商壽,233,35,198,群益金鼎-開元,2024-08-15,9134
00948B,中信優息投資級債,145,0,145,群益金鼎-開元,2024-08-15,9134
00688L,國泰20年美債正2,135,3,132,群益金鼎-開元,2024-08-15,9134
00937B,群益ESG投等債20,109,32,77,群益金鼎-開元,2024-08-15,9134
2891,中信金,75,0,75,群益金鼎-開元,2024-08-15,9134
00900,富邦特選高股息30,70,0,70,群益金鼎-開元,2024-08-15,9134
00878,國泰永續高股息,87,22,65,群益金鼎-開元,2024-08-15,9134
1101,台泥,63,10,53,群益金鼎-開元,2024-08-15,9134
2002,中鋼,43,2,41,群益金鼎-開元,2024-08-15,9134
00680L,元大美債20正2,50,10,40,群益金鼎-開元,2024-08-15,9134
2317,鴻海,55,17,38,群益金鼎-開元,2024-08-15,9134
8070,長華*,40,3,37,群益金鼎-開元,2024-08-15,9134
00936,台新永續高息中小,36,0,36,群益金鼎-開元,2024-08-15,9134
00632R,元大台灣50反1,34,0,34,群益金鼎-開元,2024-08-15,9134
3710,連展投控,30,0,30,群益金鼎-開元,2024-08-15,9134
00687B,國泰20年美債,144,114,30,群益金鼎-開元,2024-08-15,9134
6753,龍德造船,29,1,28,群益金鼎-開元,2024-08-15,9134
00929,復華台灣科技優息,33,6,27,群益金鼎-開元,2024-08-15,9134
2349,錸德,22,1,21,群益金鼎-開元,2024-08-15,9134
1301,台塑,21,0,21,群益金鼎-開元,2024-08-15,9134
00945B,凱基美國非投等債,21,0,21,群益金鼎-開元,2024-08-15,9134
5871,中租-KY,23,2,21,群益金鼎-開元,2024-08-15,9134
8349,�矬�,20,0,20,群益金鼎-開元,2024-08-15,9134
3580,友威科,26,8,18,群益金鼎-開元,2024-08-15,9134
2489,瑞軒,28,11,17,群益金鼎-開元,2024-08-15,9134
3673,TPK-KY,26,9,17,群益金鼎-開元,2024-08-15,9134
5905,南仁湖,73,57,16,群益金鼎-開元,2024-08-15,9134
00927,群益半導體收益,16,0,16,群益金鼎-開元,2024-08-15,9134
2208,台船,14,0,14,群益金鼎-開元,2024-08-15,9134
2801,彰銀,15,2,13,群益金鼎-開元,2024-08-15,9134
2883,凱基金,35,22,13,群益金鼎-開元,2024-08-15,9134
8039,台虹,13,0,13,群益金鼎-開元,2024-08-15,9134
6282,康舒,12,0,12,群益金鼎-開元,2024-08-15,9134
4555,氣立,12,0,12,群益金鼎-開元,2024-08-15,9134
6134,萬旭,15,4,11,群益金鼎-開元,2024-08-15,9134
6016,康和證,11,0,11,群益金鼎-開元,2024-08-15,9134
8927,北基,11,0,11,群益金鼎-開元,2024-08-15,9134
8358,金居,10,0,10,群益金鼎-開元,2024-08-15,9134
1503,士電,13,3,10,群益金鼎-開元,2024-08-15,9134
1605,華新,10,0,10,群益金鼎-開元,2024-08-15,9134
5355,佳總,10,0,10,群益金鼎-開元,2024-08-15,9134
2352,佳世達,15,5,10,群益金鼎-開元,2024-08-15,9134
00715L,期街口布蘭特正2,10,0,10,群益金鼎-開元,2024-08-15,9134
5531,鄉林,10,0,10,群益金鼎-開元,2024-08-15,9134
4942,嘉彰,10,0,10,群益金鼎-開元,2024-08-15,9134
6505,台塑化,10,0,10,群益金鼎-開元,2024-08-15,9134
2543,皇昌,12,3,9,群益金鼎-開元,2024-08-15,9134
6231,系微,23,14,9,群益金鼎-開元,2024-08-15,9134
6116,彩晶,10,1,9,群益金鼎-開元,2024-08-15,9134
00948B,中信優息投資級債,205,0,205,群益金鼎-開元,2024-08-16,9134
2605,新興,195,2,193,群益金鼎-開元,2024-08-16,9134
00632R,元大台灣50反1,187,0,187,群益金鼎-開元,2024-08-16,9134
00688L,國泰20年美債正2,176,0,176,群益金鼎-開元,2024-08-16,9134
00687B,國泰20年美債,227,60,167,群益金鼎-開元,2024-08-16,9134
5871,中租-KY,65,1,64,群益金鼎-開元,2024-08-16,9134
2344,華邦電,56,7,49,群益金鼎-開元,2024-08-16,9134
00933B,國泰10Y+金融債,41,0,41,群益金鼎-開元,2024-08-16,9134
2845,遠東銀,40,0,40,群益金鼎-開元,2024-08-16,9134
00929,復華台灣科技優息,50,14,36,群益金鼎-開元,2024-08-16,9134
2867,三商壽,38,5,33,群益金鼎-開元,2024-08-16,9134
8071,能率網通,131,101,30,群益金鼎-開元,2024-08-16,9134
00724B,群益投資級金融債,20,0,20,群益金鼎-開元,2024-08-16,9134
3548,兆利,19,0,19,群益金鼎-開元,2024-08-16,9134
1785,光洋科,29,10,19,群益金鼎-開元,2024-08-16,9134
00882,中信中國高股息,19,0,19,群益金鼎-開元,2024-08-16,9134
2365,昆盈,55,37,18,群益金鼎-開元,2024-08-16,9134
6016,康和證,20,2,18,群益金鼎-開元,2024-08-16,9134
3062,建漢,18,0,18,群益金鼎-開元,2024-08-16,9134
00795B,中信美國公債20年,17,0,17,群益金鼎-開元,2024-08-16,9134
6505,台塑化,16,0,16,群益金鼎-開元,2024-08-16,9134
8477,創業家,16,0,16,群益金鼎-開元,2024-08-16,9134
9105,泰金寶-DR,17,1,16,群益金鼎-開元,2024-08-16,9134
00900,富邦特選高股息30,15,0,15,群益金鼎-開元,2024-08-16,9134
00680L,元大美債20正2,14,1,13,群益金鼎-開元,2024-08-16,9134
2489,瑞軒,18,5,13,群益金鼎-開元,2024-08-16,9134
5302,太欣,12,0,12,群益金鼎-開元,2024-08-16,9134
00932,兆豐永續高息等權,12,0,12,群益金鼎-開元,2024-08-16,9134
2486,一詮,14,2,12,群益金鼎-開元,2024-08-16,9134
2353,宏��,14,3,11,群益金鼎-開元,2024-08-16,9134
00881,國泰台灣5G+,11,0,11,群益金鼎-開元,2024-08-16,9134
6282,康舒,11,0,11,群益金鼎-開元,2024-08-16,9134
2352,佳世達,11,1,10,群益金鼎-開元,2024-08-16,9134
1609,大亞,16,6,10,群益金鼎-開元,2024-08-16,9134
00931B,統一美債20年,40,30,10,群益金鼎-開元,2024-08-16,9134
2312,金寶,56,47,9,群益金鼎-開元,2024-08-16,9134
5014,建錩,8,0,8,群益金鼎-開元,2024-08-16,9134
2347,聯強,7,0,7,群益金鼎-開元,2024-08-16,9134
1536,和大,11,4,7,群益金鼎-開元,2024-08-16,9134
6134,萬旭,8,1,7,群益金鼎-開元,2024-08-16,9134
6189,豐藝,7,0,7,群益金鼎-開元,2024-08-16,9134
8039,台虹,6,0,6,群益金鼎-開元,2024-08-16,9134
6191,精成科,11,5,6,群益金鼎-開元,2024-08-16,9134
4533,協易機,6,0,6,群益金鼎-開元,2024-08-16,9134
1611,中電,11,5,6,群益金鼎-開元,2024-08-16,9134
2208,台船,5,0,5,群益金鼎-開元,2024-08-16,9134
3011,今皓,5,0,5,群益金鼎-開元,2024-08-16,9134
00936,台新永續高息中小,5,0,5,群益金鼎-開元,2024-08-16,9134
3702,大聯大,10,5,5,群益金鼎-開元,2024-08-16,9134
4401,東隆興,5,0,5,群益金鼎-開元,2024-08-16,9134
00687B,國泰20年美債,445,26,419,群益金鼎-開元,2024-08-19,9134
00948B,中信優息投資級債,351,0,351,群益金鼎-開元,2024-08-19,9134
00937B,群益ESG投等債20,454,232,222,群益金鼎-開元,2024-08-19,9134
2323,中環,125,12,113,群益金鼎-開元,2024-08-19,9134
6177,達麗,118,7,111,群益金鼎-開元,2024-08-19,9134
00795B,中信美國公債20年,110,5,105,群益金鼎-開元,2024-08-19,9134
2605,新興,95,0,95,群益金鼎-開元,2024-08-19,9134
2834,臺企銀,101,9,92,群益金鼎-開元,2024-08-19,9134
00688L,國泰20年美債正2,60,0,60,群益金鼎-開元,2024-08-19,9134
9105,泰金寶-DR,60,2,58,群益金鼎-開元,2024-08-19,9134
1611,中電,112,61,51,群益金鼎-開元,2024-08-19,9134
00680L,元大美債20正2,44,4,40,群益金鼎-開元,2024-08-19,9134
00929,復華台灣科技優息,81,43,38,群益金鼎-開元,2024-08-19,9134
3019,亞光,133,98,35,群益金鼎-開元,2024-08-19,9134
8021,尖點,31,3,28,群益金鼎-開元,2024-08-19,9134
9943,好樂迪,20,0,20,群益金鼎-開元,2024-08-19,9134
2107,厚生,20,0,20,群益金鼎-開元,2024-08-19,9134
00942B,台新美A公司債20+,20,0,20,群益金鼎-開元,2024-08-19,9134
2880,華南金,19,0,19,群益金鼎-開元,2024-08-19,9134
3303,岱稜,21,4,17,群益金鼎-開元,2024-08-19,9134
1609,大亞,17,2,15,群益金鼎-開元,2024-08-19,9134
8383,千附,15,0,15,群益金鼎-開元,2024-08-19,9134
2409,友達,21,6,15,群益金鼎-開元,2024-08-19,9134
8028,昇陽半導體,30,17,13,群益金鼎-開元,2024-08-19,9134
2801,彰銀,15,2,13,群益金鼎-開元,2024-08-19,9134
4566,時碩工業,33,21,12,群益金鼎-開元,2024-08-19,9134
2014,中鴻,12,0,12,群益金鼎-開元,2024-08-19,9134
4526,東台,22,10,12,群益金鼎-開元,2024-08-19,9134
8927,北基,12,0,12,群益金鼎-開元,2024-08-19,9134
00632R,元大台灣50反1,11,0,11,群益金鼎-開元,2024-08-19,9134
1785,光洋科,28,17,11,群益金鼎-開元,2024-08-19,9134
6125,廣運,13,2,11,群益金鼎-開元,2024-08-19,9134
9904,寶成,11,0,11,群益金鼎-開元,2024-08-19,9134
00936,台新永續高息中小,22,12,10,群益金鼎-開元,2024-08-19,9134
2359,所羅門,29,19,10,群益金鼎-開元,2024-08-19,9134
4571,鈞興-KY,10,0,10,群益金鼎-開元,2024-08-19,9134
2025,千興,10,0,10,群益金鼎-開元,2024-08-19,9134
1605,華新,10,0,10,群益金鼎-開元,2024-08-19,9134
3712,永崴投控,11,1,10,群益金鼎-開元,2024-08-19,9134
8936,國統,18,8,10,群益金鼎-開元,2024-08-19,9134
00724B,群益投資級金融債,10,0,10,群益金鼎-開元,2024-08-19,9134
00665L,富邦�琤肭磪囓�2,10,0,10,群益金鼎-開元,2024-08-19,9134
1301,台塑,10,0,10,群益金鼎-開元,2024-08-19,9134
8358,金居,10,0,10,群益金鼎-開元,2024-08-19,9134
00923,群益台ESG低碳50,11,1,10,群益金鼎-開元,2024-08-19,9134
2888,新光金,99,90,9,群益金鼎-開元,2024-08-19,9134
2002,中鋼,16,7,9,群益金鼎-開元,2024-08-19,9134
1597,直得,10,1,9,群益金鼎-開元,2024-08-19,9134
2486,一詮,11,2,9,群益金鼎-開元,2024-08-19,9134
5306,桂盟,8,0,8,群益金鼎-開元,2024-08-19,9134
00937B,群益ESG投等債20,304,6,298,群益金鼎-開元,2024-08-20,9134
2201,裕隆,84,0,84,群益金鼎-開元,2024-08-20,9134
2605,新興,70,0,70,群益金鼎-開元,2024-08-20,9134
00679B,元大美債20年,52,0,52,群益金鼎-開元,2024-08-20,9134
1536,和大,57,6,51,群益金鼎-開元,2024-08-20,9134
00688L,國泰20年美債正2,50,0,50,群益金鼎-開元,2024-08-20,9134
00715L,期街口布蘭特正2,48,0,48,群益金鼎-開元,2024-08-20,9134
2882,國泰金,79,31,48,群益金鼎-開元,2024-08-20,9134
2520,冠德,59,12,47,群益金鼎-開元,2024-08-20,9134
3715,定穎投控,47,2,45,群益金鼎-開元,2024-08-20,9134
2374,佳能,63,28,35,群益金鼎-開元,2024-08-20,9134
2417,圓剛,38,6,32,群益金鼎-開元,2024-08-20,9134
00687B,國泰20年美債,53,22,31,群益金鼎-開元,2024-08-20,9134
8358,金居,33,2,31,群益金鼎-開元,2024-08-20,9134
00632R,元大台灣50反1,41,10,31,群益金鼎-開元,2024-08-20,9134
00948B,中信優息投資級債,29,0,29,群益金鼎-開元,2024-08-20,9134
00680L,元大美債20正2,27,0,27,群益金鼎-開元,2024-08-20,9134
2891,中信金,27,1,26,群益金鼎-開元,2024-08-20,9134
2442,新美齊,24,0,24,群益金鼎-開元,2024-08-20,9134
8105,凌巨,26,4,22,群益金鼎-開元,2024-08-20,9134
9945,潤泰新,22,0,22,群益金鼎-開元,2024-08-20,9134
3013,晟銘電,28,7,21,群益金鼎-開元,2024-08-20,9134
3038,全台,20,0,20,群益金鼎-開元,2024-08-20,9134
3056,富華新,19,0,19,群益金鼎-開元,2024-08-20,9134
00923,群益台ESG低碳50,21,3,18,群益金鼎-開元,2024-08-20,9134
1326,台化,18,0,18,群益金鼎-開元,2024-08-20,9134
2609,陽明,25,8,17,群益金鼎-開元,2024-08-20,9134
2881,富邦金,22,5,17,群益金鼎-開元,2024-08-20,9134
3686,達能,21,5,16,群益金鼎-開元,2024-08-20,9134
00795B,中信美國公債20年,21,5,16,群益金鼎-開元,2024-08-20,9134
2915,潤泰全,15,0,15,群益金鼎-開元,2024-08-20,9134
00919,群益台灣精選高息,22,8,14,群益金鼎-開元,2024-08-20,9134
2107,厚生,14,0,14,群益金鼎-開元,2024-08-20,9134
2317,鴻海,23,10,13,群益金鼎-開元,2024-08-20,9134
2356,英業達,17,4,13,群益金鼎-開元,2024-08-20,9134
00881,國泰台灣5G+,15,2,13,群益金鼎-開元,2024-08-20,9134
2472,立隆電,12,0,12,群益金鼎-開元,2024-08-20,9134
4908,前鼎,14,3,11,群益金鼎-開元,2024-08-20,9134
00942B,台新美A公司債20+,11,0,11,群益金鼎-開元,2024-08-20,9134
00945B,凱基美國非投等債,10,0,10,群益金鼎-開元,2024-08-20,9134
2426,鼎元,10,0,10,群益金鼎-開元,2024-08-20,9134
4533,協易機,14,4,10,群益金鼎-開元,2024-08-20,9134
1301,台塑,14,4,10,群益金鼎-開元,2024-08-20,9134
1611,中電,10,0,10,群益金鼎-開元,2024-08-20,9134
6743,安普新,10,0,10,群益金鼎-開元,2024-08-20,9134
8942,森鉅,10,0,10,群益金鼎-開元,2024-08-20,9134
5469,瀚宇博,10,0,10,群益金鼎-開元,2024-08-20,9134
00665L,富邦�琤肭磪囓�2,10,0,10,群益金鼎-開元,2024-08-20,9134
01004T,土銀富邦R2,10,0,10,群益金鼎-開元,2024-08-20,9134
5014,建錩,10,0,10,群益金鼎-開元,2024-08-20,9134
2442,新美齊,470,0,470,群益金鼎-開元,2024-08-21,9134
2891,中信金,157,13,144,群益金鼎-開元,2024-08-21,9134
00937B,群益ESG投等債20,65,0,65,群益金鼎-開元,2024-08-21,9134
1110,東泥,60,0,60,群益金鼎-開元,2024-08-21,9134
00919,群益台灣精選高息,58,4,54,群益金鼎-開元,2024-08-21,9134
00942B,台新美A公司債20+,50,0,50,群益金鼎-開元,2024-08-21,9134
3062,建漢,66,16,50,群益金鼎-開元,2024-08-21,9134
00715L,期街口布蘭特正2,43,0,43,群益金鼎-開元,2024-08-21,9134
5469,瀚宇博,40,0,40,群益金鼎-開元,2024-08-21,9134
2317,鴻海,61,23,38,群益金鼎-開元,2024-08-21,9134
2409,友達,45,10,35,群益金鼎-開元,2024-08-21,9134
2605,新興,35,0,35,群益金鼎-開元,2024-08-21,9134
3019,亞光,61,32,29,群益金鼎-開元,2024-08-21,9134
6472,保瑞,22,0,22,群益金鼎-開元,2024-08-21,9134
00929,復華台灣科技優息,36,15,21,群益金鼎-開元,2024-08-21,9134
00948B,中信優息投資級債,20,0,20,群益金鼎-開元,2024-08-21,9134
3520,華盈,20,0,20,群益金鼎-開元,2024-08-21,9134
3406,玉晶光,20,0,20,群益金鼎-開元,2024-08-21,9134
6015,宏遠證,20,0,20,群益金鼎-開元,2024-08-21,9134
00940,元大台灣價值高息,19,0,19,群益金鼎-開元,2024-08-21,9134
5905,南仁湖,89,71,18,群益金鼎-開元,2024-08-21,9134
00679B,元大美債20年,16,0,16,群益金鼎-開元,2024-08-21,9134
3037,欣興,17,2,15,群益金鼎-開元,2024-08-21,9134
6122,擎邦,15,0,15,群益金鼎-開元,2024-08-21,9134
9945,潤泰新,21,7,14,群益金鼎-開元,2024-08-21,9134
4903,聯光通,14,0,14,群益金鼎-開元,2024-08-21,9134
5347,世界,13,1,12,群益金鼎-開元,2024-08-21,9134
8358,金居,11,0,11,群益金鼎-開元,2024-08-21,9134
8064,東捷,24,13,11,群益金鼎-開元,2024-08-21,9134
1314,中石化,11,0,11,群益金鼎-開元,2024-08-21,9134
2312,金寶,19,8,11,群益金鼎-開元,2024-08-21,9134
2356,英業達,17,6,11,群益金鼎-開元,2024-08-21,9134
6005,群益證,11,0,11,群益金鼎-開元,2024-08-21,9134
00953B,群益優選非投等債,31,20,11,群益金鼎-開元,2024-08-21,9134
2464,盟立,13,3,10,群益金鼎-開元,2024-08-21,9134
00712,復華富時不動產,10,0,10,群益金鼎-開元,2024-08-21,9134
2070,精湛,16,6,10,群益金鼎-開元,2024-08-21,9134
2609,陽明,22,12,10,群益金鼎-開元,2024-08-21,9134
6869,雲豹能源,12,2,10,群益金鼎-開元,2024-08-21,9134
1609,大亞,15,5,10,群益金鼎-開元,2024-08-21,9134
2031,新光鋼,10,0,10,群益金鼎-開元,2024-08-21,9134
6016,康和證,10,0,10,群益金鼎-開元,2024-08-21,9134
3576,聯合再生,11,2,9,群益金鼎-開元,2024-08-21,9134
2323,中環,10,1,9,群益金鼎-開元,2024-08-21,9134
6462,神盾,12,4,8,群益金鼎-開元,2024-08-21,9134
3715,定穎投控,10,2,8,群益金鼎-開元,2024-08-21,9134
4174,浩鼎,10,2,8,群益金鼎-開元,2024-08-21,9134
2915,潤泰全,8,0,8,群益金鼎-開元,2024-08-21,9134
00905,FT臺灣Smart,9,1,8,群益金鼎-開元,2024-08-21,9134
4561,健椿,8,0,8,群益金鼎-開元,2024-08-21,9134
2610,華航,363,0,363,群益金鼎-開元,2024-08-22,9134
00933B,國泰10Y+金融債,200,0,200,群益金鼎-開元,2024-08-22,9134
8033,雷虎,197,5,192,群益金鼎-開元,2024-08-22,9134
00948B,中信優息投資級債,110,0,110,群益金鼎-開元,2024-08-22,9134
6188,廣明,107,5,102,群益金鼎-開元,2024-08-22,9134
1714,和桐,80,0,80,群益金鼎-開元,2024-08-22,9134
00680L,元大美債20正2,62,0,62,群益金鼎-開元,2024-08-22,9134
00715L,期街口布蘭特正2,53,0,53,群益金鼎-開元,2024-08-22,9134
1815,富喬,41,0,41,群益金鼎-開元,2024-08-22,9134
00687B,國泰20年美債,37,0,37,群益金鼎-開元,2024-08-22,9134
2317,鴻海,50,14,36,群益金鼎-開元,2024-08-22,9134
1110,東泥,31,0,31,群益金鼎-開元,2024-08-22,9134
3303,岱稜,30,0,30,群益金鼎-開元,2024-08-22,9134
2890,永豐金,32,2,30,群益金鼎-開元,2024-08-22,9134
2349,錸德,86,57,29,群益金鼎-開元,2024-08-22,9134
00929,復華台灣科技優息,26,0,26,群益金鼎-開元,2024-08-22,9134
1314,中石化,32,6,26,群益金鼎-開元,2024-08-22,9134
2891,中信金,35,11,24,群益金鼎-開元,2024-08-22,9134
00688L,國泰20年美債正2,22,0,22,群益金鼎-開元,2024-08-22,9134
4533,協易機,20,0,20,群益金鼎-開元,2024-08-22,9134
00632R,元大台灣50反1,20,0,20,群益金鼎-開元,2024-08-22,9134
00795B,中信美國公債20年,19,0,19,群益金鼎-開元,2024-08-22,9134
4566,時碩工業,26,7,19,群益金鼎-開元,2024-08-22,9134
8089,康全電訊,67,48,19,群益金鼎-開元,2024-08-22,9134
8096,擎亞,47,31,16,群益金鼎-開元,2024-08-22,9134
00919,群益台灣精選高息,22,7,15,群益金鼎-開元,2024-08-22,9134
2882,國泰金,15,0,15,群益金鼎-開元,2024-08-22,9134
2382,廣達,19,5,14,群益金鼎-開元,2024-08-22,9134
4555,氣立,21,7,14,群益金鼎-開元,2024-08-22,9134
4720,德淵,14,0,14,群益金鼎-開元,2024-08-22,9134
3056,富華新,14,0,14,群益金鼎-開元,2024-08-22,9134
2489,瑞軒,19,5,14,群益金鼎-開元,2024-08-22,9134
6156,松上,35,21,14,群益金鼎-開元,2024-08-22,9134
00953B,群益優選非投等債,14,0,14,群益金鼎-開元,2024-08-22,9134
2881,富邦金,12,0,12,群益金鼎-開元,2024-08-22,9134
00878,國泰永續高股息,11,0,11,群益金鼎-開元,2024-08-22,9134
00905,FT臺灣Smart,11,0,11,群益金鼎-開元,2024-08-22,9134
1785,光洋科,22,11,11,群益金鼎-開元,2024-08-22,9134
3518,柏騰,21,11,10,群益金鼎-開元,2024-08-22,9134
6016,康和證,10,0,10,群益金鼎-開元,2024-08-22,9134
2464,盟立,13,3,10,群益金鼎-開元,2024-08-22,9134
8936,國統,10,0,10,群益金鼎-開元,2024-08-22,9134
8105,凌巨,10,0,10,群益金鼎-開元,2024-08-22,9134
2442,新美齊,10,0,10,群益金鼎-開元,2024-08-22,9134
5443,均豪,17,7,10,群益金鼎-開元,2024-08-22,9134
4174,浩鼎,11,2,9,群益金鼎-開元,2024-08-22,9134
9105,泰金寶-DR,12,3,9,群益金鼎-開元,2024-08-22,9134
2002,中鋼,10,1,9,群益金鼎-開元,2024-08-22,9134
6869,雲豹能源,12,3,9,群益金鼎-開元,2024-08-22,9134
3024,憶聲,8,0,8,群益金鼎-開元,2024-08-22,9134
00948B,中信優息投資級債,168,2,166,群益金鼎-開元,2024-08-23,9134
00688L,國泰20年美債正2,152,0,152,群益金鼎-開元,2024-08-23,9134
1314,中石化,174,35,139,群益金鼎-開元,2024-08-23,9134
8033,雷虎,112,3,109,群益金鼎-開元,2024-08-23,9134
2515,中工,152,60,92,群益金鼎-開元,2024-08-23,9134
00632R,元大台灣50反1,162,70,92,群益金鼎-開元,2024-08-23,9134
2891,中信金,69,1,68,群益金鼎-開元,2024-08-23,9134
1708,東鹼,65,4,61,群益金鼎-開元,2024-08-23,9134
00919,群益台灣精選高息,51,2,49,群益金鼎-開元,2024-08-23,9134
8089,康全電訊,62,26,36,群益金鼎-開元,2024-08-23,9134
2344,華邦電,54,23,31,群益金鼎-開元,2024-08-23,9134
00953B,群益優選非投等債,30,0,30,群益金鼎-開元,2024-08-23,9134
00927,群益半導體收益,30,0,30,群益金鼎-開元,2024-08-23,9134
00715L,期街口布蘭特正2,30,4,26,群益金鼎-開元,2024-08-23,9134
00936,台新永續高息中小,22,0,22,群益金鼎-開元,2024-08-23,9134
6505,台塑化,20,0,20,群益金鼎-開元,2024-08-23,9134
2031,新光鋼,20,0,20,群益金鼎-開元,2024-08-23,9134
5309,系統電,20,1,19,群益金鼎-開元,2024-08-23,9134
5905,南仁湖,21,3,18,群益金鼎-開元,2024-08-23,9134
8064,東捷,83,65,18,群益金鼎-開元,2024-08-23,9134
00946,群益科技高息成長,23,5,18,群益金鼎-開元,2024-08-23,9134
4908,前鼎,23,5,18,群益金鼎-開元,2024-08-23,9134
6753,龍德造船,19,1,18,群益金鼎-開元,2024-08-23,9134
00687B,國泰20年美債,36,20,16,群益金鼎-開元,2024-08-23,9134
9105,泰金寶-DR,20,4,16,群益金鼎-開元,2024-08-23,9134
2317,鴻海,25,10,15,群益金鼎-開元,2024-08-23,9134
8358,金居,15,1,14,群益金鼎-開元,2024-08-23,9134
2020,美亞,13,0,13,群益金鼎-開元,2024-08-23,9134
4716,大立,79,66,13,群益金鼎-開元,2024-08-23,9134
2609,陽明,23,10,13,群益金鼎-開元,2024-08-23,9134
6770,力積電,18,6,12,群益金鼎-開元,2024-08-23,9134
2520,冠德,11,0,11,群益金鼎-開元,2024-08-23,9134
3673,TPK-KY,12,1,11,群益金鼎-開元,2024-08-23,9134
3686,達能,12,1,11,群益金鼎-開元,2024-08-23,9134
2885,元大金,10,0,10,群益金鼎-開元,2024-08-23,9134
00942B,台新美A公司債20+,10,0,10,群益金鼎-開元,2024-08-23,9134
3052,夆典,10,0,10,群益金鼎-開元,2024-08-23,9134
2633,台灣高鐵,10,0,10,群益金鼎-開元,2024-08-23,9134
1301,台塑,12,3,9,群益金鼎-開元,2024-08-23,9134
1409,新纖,11,2,9,群益金鼎-開元,2024-08-23,9134
6125,廣運,9,0,9,群益金鼎-開元,2024-08-23,9134
4576,大銀微系統,8,0,8,群益金鼎-開元,2024-08-23,9134
5202,力新,8,0,8,群益金鼎-開元,2024-08-23,9134
2543,皇昌,13,5,8,群益金鼎-開元,2024-08-23,9134
2363,矽統,8,0,8,群益金鼎-開元,2024-08-23,9134
4174,浩鼎,11,3,8,群益金鼎-開元,2024-08-23,9134
0050,元大台灣50,8,1,7,群益金鼎-開元,2024-08-23,9134
4562,穎漢,17,10,7,群益金鼎-開元,2024-08-23,9134
8374,羅昇,9,2,7,群益金鼎-開元,2024-08-23,9134
2374,佳能,10,4,6,群益金鼎-開元,2024-08-23,9134
8089,康全電訊,247,9,238,群益金鼎-開元,2024-08-26,9134
2409,友達,124,7,117,群益金鼎-開元,2024-08-26,9134
2888,新光金,253,180,73,群益金鼎-開元,2024-08-26,9134
2891,中信金,96,26,70,群益金鼎-開元,2024-08-26,9134
8936,國統,60,0,60,群益金鼎-開元,2024-08-26,9134
00680L,元大美債20正2,50,0,50,群益金鼎-開元,2024-08-26,9134
1110,東泥,48,0,48,群益金鼎-開元,2024-08-26,9134
1609,大亞,44,2,42,群益金鼎-開元,2024-08-26,9134
00948B,中信優息投資級債,40,0,40,群益金鼎-開元,2024-08-26,9134
6180,橘子,32,0,32,群益金鼎-開元,2024-08-26,9134
2618,長榮航,31,0,31,群益金鼎-開元,2024-08-26,9134
00919,群益台灣精選高息,36,6,30,群益金鼎-開元,2024-08-26,9134
2356,英業達,36,6,30,群益金鼎-開元,2024-08-26,9134
6016,康和證,27,0,27,群益金鼎-開元,2024-08-26,9134
4566,時碩工業,31,4,27,群益金鼎-開元,2024-08-26,9134
1737,臺鹽,23,0,23,群益金鼎-開元,2024-08-26,9134
2107,厚生,21,0,21,群益金鼎-開元,2024-08-26,9134
00688L,國泰20年美債正2,65,44,21,群益金鼎-開元,2024-08-26,9134
00679B,元大美債20年,21,0,21,群益金鼎-開元,2024-08-26,9134
3481,群創,54,33,21,群益金鼎-開元,2024-08-26,9134
4960,誠美材,20,0,20,群益金鼎-開元,2024-08-26,9134
6015,宏遠證,20,0,20,群益金鼎-開元,2024-08-26,9134
5309,系統電,22,2,20,群益金鼎-開元,2024-08-26,9134
4303,信立,20,1,19,群益金鼎-開元,2024-08-26,9134
00720B,元大投資級公司債,16,0,16,群益金鼎-開元,2024-08-26,9134
00687B,國泰20年美債,55,40,15,群益金鼎-開元,2024-08-26,9134
2464,盟立,17,2,15,群益金鼎-開元,2024-08-26,9134
1316,上曜,16,2,14,群益金鼎-開元,2024-08-26,9134
00686R,群益臺灣加權反1,14,0,14,群益金鼎-開元,2024-08-26,9134
2402,毅嘉,34,20,14,群益金鼎-開元,2024-08-26,9134
00918,大華優利高填息30,13,0,13,群益金鼎-開元,2024-08-26,9134
6535,順藥,13,1,12,群益金鼎-開元,2024-08-26,9134
2851,中再保,12,0,12,群益金鼎-開元,2024-08-26,9134
00932,兆豐永續高息等權,12,0,12,群益金鼎-開元,2024-08-26,9134
3518,柏騰,13,1,12,群益金鼎-開元,2024-08-26,9134
3712,永崴投控,11,0,11,群益金鼎-開元,2024-08-26,9134
6548,長科*,15,4,11,群益金鼎-開元,2024-08-26,9134
3231,緯創,11,0,11,群益金鼎-開元,2024-08-26,9134
2392,正崴,12,2,10,群益金鼎-開元,2024-08-26,9134
2472,立隆電,11,1,10,群益金鼎-開元,2024-08-26,9134
6438,迅得,10,0,10,群益金鼎-開元,2024-08-26,9134
00724B,群益投資級金融債,10,0,10,群益金鼎-開元,2024-08-26,9134
00632R,元大台灣50反1,24,14,10,群益金鼎-開元,2024-08-26,9134
2543,皇昌,30,20,10,群益金鼎-開元,2024-08-26,9134
5871,中租-KY,13,3,10,群益金鼎-開元,2024-08-26,9134
00746B,富邦A級公司債,10,0,10,群益金鼎-開元,2024-08-26,9134
8099,大世科,10,0,10,群益金鼎-開元,2024-08-26,9134
3163,波若威,14,5,9,群益金鼎-開元,2024-08-26,9134
3715,定穎投控,22,13,9,群益金鼎-開元,2024-08-26,9134
3052,夆典,10,1,9,群益金鼎-開元,2024-08-26,9134
3481,群創,373,148,225,群益金鼎-開元,2024-08-27,9134
00688L,國泰20年美債正2,198,5,193,群益金鼎-開元,2024-08-27,9134
00953B,群益優選非投等債,113,1,112,群益金鼎-開元,2024-08-27,9134
00919,群益台灣精選高息,104,0,104,群益金鼎-開元,2024-08-27,9134
00948B,中信優息投資級債,94,0,94,群益金鼎-開元,2024-08-27,9134
2891,中信金,86,7,79,群益金鼎-開元,2024-08-27,9134
8358,金居,70,0,70,群益金鼎-開元,2024-08-27,9134
4967,十銓,116,47,69,群益金鼎-開元,2024-08-27,9134
6177,達麗,62,3,59,群益金鼎-開元,2024-08-27,9134
00937B,群益ESG投等債20,58,8,50,群益金鼎-開元,2024-08-27,9134
00687B,國泰20年美債,62,20,42,群益金鼎-開元,2024-08-27,9134
8936,國統,42,1,41,群益金鼎-開元,2024-08-27,9134
2882,國泰金,40,0,40,群益金鼎-開元,2024-08-27,9134
2609,陽明,40,3,37,群益金鼎-開元,2024-08-27,9134
2888,新光金,291,260,31,群益金鼎-開元,2024-08-27,9134
2442,新美齊,31,0,31,群益金鼎-開元,2024-08-27,9134
1101,台泥,30,3,27,群益金鼎-開元,2024-08-27,9134
3024,憶聲,28,5,23,群益金鼎-開元,2024-08-27,9134
5876,上海商銀,23,0,23,群益金鼎-開元,2024-08-27,9134
00927,群益半導體收益,22,0,22,群益金鼎-開元,2024-08-27,9134
2610,華航,25,4,21,群益金鼎-開元,2024-08-27,9134
2845,遠東銀,25,4,21,群益金鼎-開元,2024-08-27,9134
00632R,元大台灣50反1,20,0,20,群益金鼎-開元,2024-08-27,9134
00680L,元大美債20正2,20,0,20,群益金鼎-開元,2024-08-27,9134
6016,康和證,19,0,19,群益金鼎-開元,2024-08-27,9134
00929,復華台灣科技優息,22,4,18,群益金鼎-開元,2024-08-27,9134
5469,瀚宇博,21,3,18,群益金鼎-開元,2024-08-27,9134
00951,台新日本半導體,17,0,17,群益金鼎-開元,2024-08-27,9134
2883,凱基金,19,3,16,群益金鼎-開元,2024-08-27,9134
2603,長榮,16,1,15,群益金鼎-開元,2024-08-27,9134
3149,正達,120,105,15,群益金鼎-開元,2024-08-27,9134
4555,氣立,16,1,15,群益金鼎-開元,2024-08-27,9134
5871,中租-KY,14,0,14,群益金鼎-開元,2024-08-27,9134
2303,聯電,35,22,13,群益金鼎-開元,2024-08-27,9134
1584,精剛,12,0,12,群益金鼎-開元,2024-08-27,9134
1528,恩德,14,2,12,群益金鼎-開元,2024-08-27,9134
4533,協易機,13,1,12,群益金鼎-開元,2024-08-27,9134
00931B,統一美債20年,12,0,12,群益金鼎-開元,2024-08-27,9134
8070,長華*,15,3,12,群益金鼎-開元,2024-08-27,9134
2834,臺企銀,12,0,12,群益金鼎-開元,2024-08-27,9134
3550,聯穎,12,1,11,群益金鼎-開元,2024-08-27,9134
3605,宏致,11,0,11,群益金鼎-開元,2024-08-27,9134
6208,日揚,13,2,11,群益金鼎-開元,2024-08-27,9134
6180,橘子,12,2,10,群益金鼎-開元,2024-08-27,9134
1563,巧新,10,0,10,群益金鼎-開元,2024-08-27,9134
3518,柏騰,13,3,10,群益金鼎-開元,2024-08-27,9134
2515,中工,12,2,10,群益金鼎-開元,2024-08-27,9134
3379,彬台,20,10,10,群益金鼎-開元,2024-08-27,9134
6505,台塑化,10,0,10,群益金鼎-開元,2024-08-27,9134
00942B,台新美A公司債20+,10,0,10,群益金鼎-開元,2024-08-27,9134
00959B,大華投等美債15Y+,532,0,532,群益金鼎-開元,2024-08-28,9134
00948B,中信優息投資級債,291,0,291,群益金鼎-開元,2024-08-28,9134
00937B,群益ESG投等債20,166,12,154,群益金鼎-開元,2024-08-28,9134
5871,中租-KY,140,0,140,群益金鼎-開元,2024-08-28,9134
8089,康全電訊,60,1,59,群益金鼎-開元,2024-08-28,9134
2891,中信金,66,9,57,群益金鼎-開元,2024-08-28,9134
2442,新美齊,51,0,51,群益金鼎-開元,2024-08-28,9134
3049,精金,50,0,50,群益金鼎-開元,2024-08-28,9134
3710,連展投控,50,2,48,群益金鼎-開元,2024-08-28,9134
6177,達麗,48,2,46,群益金鼎-開元,2024-08-28,9134
1210,大成,47,2,45,群益金鼎-開元,2024-08-28,9134
00929,復華台灣科技優息,54,11,43,群益金鼎-開元,2024-08-28,9134
2845,遠東銀,40,0,40,群益金鼎-開元,2024-08-28,9134
2352,佳世達,41,2,39,群益金鼎-開元,2024-08-28,9134
3605,宏致,32,2,30,群益金鼎-開元,2024-08-28,9134
8064,東捷,38,11,27,群益金鼎-開元,2024-08-28,9134
1240,茂生農經,29,5,24,群益金鼎-開元,2024-08-28,9134
9105,泰金寶-DR,22,1,21,群益金鼎-開元,2024-08-28,9134
4167,松瑞藥,20,0,20,群益金鼎-開元,2024-08-28,9134
6231,系微,20,0,20,群益金鼎-開元,2024-08-28,9134
3550,聯穎,29,10,19,群益金鼎-開元,2024-08-28,9134
3303,岱稜,25,7,18,群益金鼎-開元,2024-08-28,9134
1446,宏和,15,0,15,群益金鼎-開元,2024-08-28,9134
00687B,國泰20年美債,15,0,15,群益金鼎-開元,2024-08-28,9134
00679B,元大美債20年,16,2,14,群益金鼎-開元,2024-08-28,9134
8039,台虹,18,4,14,群益金鼎-開元,2024-08-28,9134
2353,宏��,13,0,13,群益金鼎-開元,2024-08-28,9134
2609,陽明,13,0,13,群益金鼎-開元,2024-08-28,9134
3047,訊舟,17,5,12,群益金鼎-開元,2024-08-28,9134
1721,三晃,12,1,11,群益金鼎-開元,2024-08-28,9134
2022,聚亨,10,0,10,群益金鼎-開元,2024-08-28,9134
6191,精成科,15,5,10,群益金鼎-開元,2024-08-28,9134
8473,山林水,12,2,10,群益金鼎-開元,2024-08-28,9134
5481,新華,10,0,10,群益金鼎-開元,2024-08-28,9134
3010,華立,12,2,10,群益金鼎-開元,2024-08-28,9134
2880,華南金,9,0,9,群益金鼎-開元,2024-08-28,9134
2618,長榮航,9,0,9,群益金鼎-開元,2024-08-28,9134
3689,湧德,10,1,9,群益金鼎-開元,2024-08-28,9134
2301,光寶科,8,0,8,群益金鼎-開元,2024-08-28,9134
3040,遠見,8,0,8,群益金鼎-開元,2024-08-28,9134
00919,群益台灣精選高息,7,0,7,群益金鼎-開元,2024-08-28,9134
2365,昆盈,15,8,7,群益金鼎-開元,2024-08-28,9134
3673,TPK-KY,17,10,7,群益金鼎-開元,2024-08-28,9134
8104,錸寶,10,3,7,群益金鼎-開元,2024-08-28,9134
00715L,期街口布蘭特正2,7,0,7,群益金鼎-開元,2024-08-28,9134
1301,台塑,12,5,7,群益金鼎-開元,2024-08-28,9134
2882,國泰金,10,3,7,群益金鼎-開元,2024-08-28,9134
2543,皇昌,81,74,7,群益金鼎-開元,2024-08-28,9134
8096,擎亞,11,4,7,群益金鼎-開元,2024-08-28,9134
5469,瀚宇博,11,4,7,群益金鼎-開元,2024-08-28,9134
00948B,中信優息投資級債,291,0,291,群益金鼎-開元,2024-08-29,9134
2891,中信金,122,2,120,群益金鼎-開元,2024-08-29,9134
00919,群益台灣精選高息,106,6,100,群益金鼎-開元,2024-08-29,9134
2845,遠東銀,90,0,90,群益金鼎-開元,2024-08-29,9134
00937B,群益ESG投等債20,152,64,88,群益金鼎-開元,2024-08-29,9134
8089,康全電訊,72,0,72,群益金鼎-開元,2024-08-29,9134
00680L,元大美債20正2,74,2,72,群益金鼎-開元,2024-08-29,9134
00679B,元大美債20年,42,0,42,群益金鼎-開元,2024-08-29,9134
00688L,國泰20年美債正2,57,15,42,群益金鼎-開元,2024-08-29,9134
00946,群益科技高息成長,49,11,38,群益金鼎-開元,2024-08-29,9134
2801,彰銀,37,0,37,群益金鼎-開元,2024-08-29,9134
1314,中石化,60,24,36,群益金鼎-開元,2024-08-29,9134
8936,國統,30,0,30,群益金鼎-開元,2024-08-29,9134
2314,台揚,22,1,21,群益金鼎-開元,2024-08-29,9134
1536,和大,22,4,18,群益金鼎-開元,2024-08-29,9134
6505,台塑化,17,0,17,群益金鼎-開元,2024-08-29,9134
2340,台亞,17,0,17,群益金鼎-開元,2024-08-29,9134
00878,國泰永續高股息,22,6,16,群益金鼎-開元,2024-08-29,9134
00687B,國泰20年美債,19,4,15,群益金鼎-開元,2024-08-29,9134
3056,富華新,15,0,15,群益金鼎-開元,2024-08-29,9134
2353,宏��,19,5,14,群益金鼎-開元,2024-08-29,9134
4714,永捷,16,3,13,群益金鼎-開元,2024-08-29,9134
2399,映泰,17,5,12,群益金鼎-開元,2024-08-29,9134
00939,統一台灣高息動能,12,0,12,群益金鼎-開元,2024-08-29,9134
6231,系微,48,36,12,群益金鼎-開元,2024-08-29,9134
3050,鈺德,23,11,12,群益金鼎-開元,2024-08-29,9134
5876,上海商銀,12,0,12,群益金鼎-開元,2024-08-29,9134
2330,台積電,17,6,11,群益金鼎-開元,2024-08-29,9134
3149,正達,13,2,11,群益金鼎-開元,2024-08-29,9134
00918,大華優利高填息30,11,0,11,群益金鼎-開元,2024-08-29,9134
3564,其陽,12,1,11,群益金鼎-開元,2024-08-29,9134
3062,建漢,35,25,10,群益金鼎-開元,2024-08-29,9134
8021,尖點,10,0,10,群益金鼎-開元,2024-08-29,9134
3481,群創,74,65,9,群益金鼎-開元,2024-08-29,9134
2382,廣達,13,5,8,群益金鼎-開元,2024-08-29,9134
00929,復華台灣科技優息,16,8,8,群益金鼎-開元,2024-08-29,9134
4919,新唐,8,0,8,群益金鼎-開元,2024-08-29,9134
1711,永光,34,26,8,群益金鼎-開元,2024-08-29,9134
5512,力麒,7,0,7,群益金鼎-開元,2024-08-29,9134
3673,TPK-KY,10,3,7,群益金鼎-開元,2024-08-29,9134
3293,鈊象,7,1,6,群益金鼎-開元,2024-08-29,9134
3652,精聯,6,0,6,群益金鼎-開元,2024-08-29,9134
00940,元大台灣價值高息,11,5,6,群益金鼎-開元,2024-08-29,9134
00936,台新永續高息中小,6,0,6,群益金鼎-開元,2024-08-29,9134
2867,三商壽,7,1,6,群益金鼎-開元,2024-08-29,9134
00905,FT臺灣Smart,6,0,6,群益金鼎-開元,2024-08-29,9134
3710,連展投控,6,0,6,群益金鼎-開元,2024-08-29,9134
4306,炎洲,9,3,6,群益金鼎-開元,2024-08-29,9134
6581,鋼聯,6,0,6,群益金鼎-開元,2024-08-29,9134
3455,由田,5,0,5,群益金鼎-開元,2024-08-29,9134
00937B,群益ESG投等債20,462,0,462,群益金鼎-開元,2024-08-30,9134
00751B,元大AAA至A公司債,183,0,183,群益金鼎-開元,2024-08-30,9134
00948B,中信優息投資級債,151,0,151,群益金鼎-開元,2024-08-30,9134
4526,東台,153,28,125,群益金鼎-開元,2024-08-30,9134
00688L,國泰20年美債正2,94,0,94,群益金鼎-開元,2024-08-30,9134
3481,群創,151,72,79,群益金鼎-開元,2024-08-30,9134
5386,青雲,68,5,63,群益金鼎-開元,2024-08-30,9134
00680L,元大美債20正2,62,0,62,群益金鼎-開元,2024-08-30,9134
8089,康全電訊,51,1,50,群益金鼎-開元,2024-08-30,9134
6863,永道-KY,72,29,43,群益金鼎-開元,2024-08-30,9134
3019,亞光,42,7,35,群益金鼎-開元,2024-08-30,9134
1314,中石化,38,3,35,群益金鼎-開元,2024-08-30,9134
1711,永光,36,5,31,群益金鼎-開元,2024-08-30,9134
2845,遠東銀,32,3,29,群益金鼎-開元,2024-08-30,9134
3498,陽程,28,0,28,群益金鼎-開元,2024-08-30,9134
00959B,大華投等美債15Y+,25,0,25,群益金鼎-開元,2024-08-30,9134
2809,京城銀,25,0,25,群益金鼎-開元,2024-08-30,9134
3062,建漢,30,5,25,群益金鼎-開元,2024-08-30,9134
3545,敦泰,24,0,24,群益金鼎-開元,2024-08-30,9134
00687B,國泰20年美債,34,11,23,群益金鼎-開元,2024-08-30,9134
4906,正文,25,3,22,群益金鼎-開元,2024-08-30,9134
2891,中信金,32,11,21,群益金鼎-開元,2024-08-30,9134
00942B,台新美A公司債20+,20,0,20,群益金鼎-開元,2024-08-30,9134
3380,明泰,20,0,20,群益金鼎-開元,2024-08-30,9134
00919,群益台灣精選高息,25,6,19,群益金鼎-開元,2024-08-30,9134
3024,憶聲,34,15,19,群益金鼎-開元,2024-08-30,9134
2356,英業達,24,6,18,群益金鼎-開元,2024-08-30,9134
2367,燿華,53,38,15,群益金鼎-開元,2024-08-30,9134
00673R,期元大S＆P原油反1,15,0,15,群益金鼎-開元,2024-08-30,9134
2409,友達,18,3,15,群益金鼎-開元,2024-08-30,9134
5443,均豪,57,43,14,群益金鼎-開元,2024-08-30,9134
6269,台郡,15,2,13,群益金鼎-開元,2024-08-30,9134
2402,毅嘉,15,3,12,群益金鼎-開元,2024-08-30,9134
6189,豐藝,12,0,12,群益金鼎-開元,2024-08-30,9134
8028,昇陽半導體,19,7,12,群益金鼎-開元,2024-08-30,9134
2892,第一金,12,0,12,群益金鼎-開元,2024-08-30,9134
1609,大亞,11,0,11,群益金鼎-開元,2024-08-30,9134
2464,盟立,12,1,11,群益金鼎-開元,2024-08-30,9134
6156,松上,15,4,11,群益金鼎-開元,2024-08-30,9134
2610,華航,15,4,11,群益金鼎-開元,2024-08-30,9134
3712,永崴投控,11,0,11,群益金鼎-開元,2024-08-30,9134
2397,友通,11,0,11,群益金鼎-開元,2024-08-30,9134
4956,光鋐,13,2,11,群益金鼎-開元,2024-08-30,9134
2382,廣達,11,1,10,群益金鼎-開元,2024-08-30,9134
8021,尖點,10,0,10,群益金鼎-開元,2024-08-30,9134
00918,大華優利高填息30,11,1,10,群益金鼎-開元,2024-08-30,9134
00724B,群益投資級金融債,10,0,10,群益金鼎-開元,2024-08-30,9134
00664R,國泰臺灣加權反1,10,0,10,群益金鼎-開元,2024-08-30,9134
6207,雷科,15,6,9,群益金鼎-開元,2024-08-30,9134
00939,統一台灣高息動能,10,1,9,群益金鼎-開元,2024-08-30,9134
00688L,國泰20年美債正2,287,0,287,群益金鼎-開元,2024-09-02,9134
2888,新光金,228,57,171,群益金鼎-開元,2024-09-02,9134
2887,台新金,150,1,149,群益金鼎-開元,2024-09-02,9134
00687B,國泰20年美債,178,50,128,群益金鼎-開元,2024-09-02,9134
00948B,中信優息投資級債,105,0,105,群益金鼎-開元,2024-09-02,9134
00946,群益科技高息成長,74,10,64,群益金鼎-開元,2024-09-02,9134
00680L,元大美債20正2,63,0,63,群益金鼎-開元,2024-09-02,9134
00919,群益台灣精選高息,55,0,55,群益金鼎-開元,2024-09-02,9134
00715L,期街口布蘭特正2,61,8,53,群益金鼎-開元,2024-09-02,9134
3481,群創,147,106,41,群益金鼎-開元,2024-09-02,9134
00679B,元大美債20年,40,3,37,群益金鼎-開元,2024-09-02,9134
00959B,大華投等美債15Y+,35,0,35,群益金鼎-開元,2024-09-02,9134
00915,凱基優選高股息30,32,0,32,群益金鼎-開元,2024-09-02,9134
6863,永道-KY,58,26,32,群益金鼎-開元,2024-09-02,9134
3056,富華新,30,0,30,群益金鼎-開元,2024-09-02,9134
00918,大華優利高填息30,28,0,28,群益金鼎-開元,2024-09-02,9134
1301,台塑,28,0,28,群益金鼎-開元,2024-09-02,9134
2609,陽明,34,7,27,群益金鼎-開元,2024-09-02,9134
00937B,群益ESG投等債20,85,61,24,群益金鼎-開元,2024-09-02,9134
6180,橘子,23,1,22,群益金鼎-開元,2024-09-02,9134
1614,三洋電,20,0,20,群益金鼎-開元,2024-09-02,9134
6016,康和證,20,0,20,群益金鼎-開元,2024-09-02,9134
9945,潤泰新,24,5,19,群益金鼎-開元,2024-09-02,9134
00940,元大台灣價值高息,19,0,19,群益金鼎-開元,2024-09-02,9134
6186,新潤,22,4,18,群益金鼎-開元,2024-09-02,9134
3149,正達,22,4,18,群益金鼎-開元,2024-09-02,9134
2515,中工,74,57,17,群益金鼎-開元,2024-09-02,9134
00878,國泰永續高股息,22,6,16,群益金鼎-開元,2024-09-02,9134
3062,建漢,25,9,16,群益金鼎-開元,2024-09-02,9134
2313,華通,23,8,15,群益金鼎-開元,2024-09-02,9134
3163,波若威,16,1,15,群益金鼎-開元,2024-09-02,9134
00929,復華台灣科技優息,21,6,15,群益金鼎-開元,2024-09-02,9134
2399,映泰,20,5,15,群益金鼎-開元,2024-09-02,9134
00947,台新臺灣IC設計,17,3,14,群益金鼎-開元,2024-09-02,9134
2603,長榮,15,1,14,群益金鼎-開元,2024-09-02,9134
8096,擎亞,27,14,13,群益金鼎-開元,2024-09-02,9134
2409,友達,13,2,11,群益金鼎-開元,2024-09-02,9134
2489,瑞軒,10,0,10,群益金鼎-開元,2024-09-02,9134
2880,華南金,10,0,10,群益金鼎-開元,2024-09-02,9134
00907,永豐優息存股,10,0,10,群益金鼎-開元,2024-09-02,9134
5469,瀚宇博,10,0,10,群益金鼎-開元,2024-09-02,9134
2405,輔信,15,5,10,群益金鼎-開元,2024-09-02,9134
3362,先進光,11,1,10,群益金鼎-開元,2024-09-02,9134
2867,三商壽,10,0,10,群益金鼎-開元,2024-09-02,9134
00932,兆豐永續高息等權,9,0,9,群益金鼎-開元,2024-09-02,9134
3704,合勤控,10,1,9,群益金鼎-開元,2024-09-02,9134
00647L,元大S＆P500正2,9,0,9,群益金鼎-開元,2024-09-02,9134
2402,毅嘉,12,3,9,群益金鼎-開元,2024-09-02,9134
1808,潤隆,8,0,8,群益金鼎-開元,2024-09-02,9134
2419,仲琦,8,0,8,群益金鼎-開元,2024-09-02,9134
00919,群益台灣精選高息,142,12,130,群益金鼎-開元,2024-09-03,9134
3481,群創,178,54,124,群益金鼎-開元,2024-09-03,9134
1815,富喬,112,13,99,群益金鼎-開元,2024-09-03,9134
8358,金居,82,0,82,群益金鼎-開元,2024-09-03,9134
00688L,國泰20年美債正2,80,0,80,群益金鼎-開元,2024-09-03,9134
00937B,群益ESG投等債20,75,6,69,群益金鼎-開元,2024-09-03,9134
00679B,元大美債20年,68,0,68,群益金鼎-開元,2024-09-03,9134
00680L,元大美債20正2,60,0,60,群益金鼎-開元,2024-09-03,9134
2409,友達,46,0,46,群益金鼎-開元,2024-09-03,9134
00918,大華優利高填息30,52,7,45,群益金鼎-開元,2024-09-03,9134
00713,元大台灣高息低波,32,1,31,群益金鼎-開元,2024-09-03,9134
6180,橘子,31,0,31,群益金鼎-開元,2024-09-03,9134
00948B,中信優息投資級債,30,0,30,群益金鼎-開元,2024-09-03,9134
00931B,統一美債20年,30,0,30,群益金鼎-開元,2024-09-03,9134
2845,遠東銀,25,0,25,群益金鼎-開元,2024-09-03,9134
00933B,國泰10Y+金融債,24,0,24,群益金鼎-開元,2024-09-03,9134
9945,潤泰新,24,0,24,群益金鼎-開元,2024-09-03,9134
4960,誠美材,21,0,21,群益金鼎-開元,2024-09-03,9134
2867,三商壽,22,2,20,群益金鼎-開元,2024-09-03,9134
6231,系微,58,39,19,群益金鼎-開元,2024-09-03,9134
1314,中石化,21,2,19,群益金鼎-開元,2024-09-03,9134
2426,鼎元,22,3,19,群益金鼎-開元,2024-09-03,9134
1101,台泥,18,0,18,群益金鼎-開元,2024-09-03,9134
00878,國泰永續高股息,30,13,17,群益金鼎-開元,2024-09-03,9134
3545,敦泰,23,7,16,群益金鼎-開元,2024-09-03,9134
4566,時碩工業,17,2,15,群益金鼎-開元,2024-09-03,9134
00921,兆豐龍頭等權重,15,0,15,群益金鼎-開元,2024-09-03,9134
2913,農林,15,0,15,群益金鼎-開元,2024-09-03,9134
2367,燿華,19,5,14,群益金鼎-開元,2024-09-03,9134
2486,一詮,13,0,13,群益金鼎-開元,2024-09-03,9134
2882,國泰金,13,0,13,群益金鼎-開元,2024-09-03,9134
2883,凱基金,15,2,13,群益金鼎-開元,2024-09-03,9134
1785,光洋科,42,30,12,群益金鼎-開元,2024-09-03,9134
00795B,中信美國公債20年,12,0,12,群益金鼎-開元,2024-09-03,9134
1614,三洋電,12,0,12,群益金鼎-開元,2024-09-03,9134
8114,振樺電,12,0,12,群益金鼎-開元,2024-09-03,9134
1808,潤隆,11,0,11,群益金鼎-開元,2024-09-03,9134
2520,冠德,10,0,10,群益金鼎-開元,2024-09-03,9134
3062,建漢,17,7,10,群益金鼎-開元,2024-09-03,9134
00955,中信日本商社,10,0,10,群益金鼎-開元,2024-09-03,9134
00731,復華富時高息低波,10,0,10,群益金鼎-開元,2024-09-03,9134
2312,金寶,10,0,10,群益金鼎-開元,2024-09-03,9134
1446,宏和,10,0,10,群益金鼎-開元,2024-09-03,9134
3712,永崴投控,9,0,9,群益金鼎-開元,2024-09-03,9134
5469,瀚宇博,10,1,9,群益金鼎-開元,2024-09-03,9134
4716,大立,13,4,9,群益金鼎-開元,2024-09-03,9134
2393,億光,10,1,9,群益金鼎-開元,2024-09-03,9134
6104,創惟,9,0,9,群益金鼎-開元,2024-09-03,9134
00943,兆豐電子高息等權,8,0,8,群益金鼎-開元,2024-09-03,9134
4414,如興,8,0,8,群益金鼎-開元,2024-09-03,9134
1314,中石化,370,2,368,群益金鼎-開元,2024-09-04,9134
00929,復華台灣科技優息,318,57,261,群益金鼎-開元,2024-09-04,9134
00919,群益台灣精選高息,202,26,176,群益金鼎-開元,2024-09-04,9134
00632R,元大台灣50反1,231,60,171,群益金鼎-開元,2024-09-04,9134
00878,國泰永續高股息,144,3,141,群益金鼎-開元,2024-09-04,9134
00946,群益科技高息成長,172,32,140,群益金鼎-開元,2024-09-04,9134
2891,中信金,128,14,114,群益金鼎-開元,2024-09-04,9134
00937B,群益ESG投等債20,108,3,105,群益金鼎-開元,2024-09-04,9134
00918,大華優利高填息30,93,0,93,群益金鼎-開元,2024-09-04,9134
2892,第一金,112,21,91,群益金鼎-開元,2024-09-04,9134
00940,元大台灣價值高息,105,29,76,群益金鼎-開元,2024-09-04,9134
2330,台積電,72,10,62,群益金鼎-開元,2024-09-04,9134
00715L,期街口布蘭特正2,57,1,56,群益金鼎-開元,2024-09-04,9134
2886,兆豐金,54,1,53,群益金鼎-開元,2024-09-04,9134
2801,彰銀,50,0,50,群益金鼎-開元,2024-09-04,9134
1110,東泥,48,0,48,群益金鼎-開元,2024-09-04,9134
6180,橘子,46,0,46,群益金鼎-開元,2024-09-04,9134
2002,中鋼,48,5,43,群益金鼎-開元,2024-09-04,9134
5469,瀚宇博,83,40,43,群益金鼎-開元,2024-09-04,9134
4534,慶騰,42,1,41,群益金鼎-開元,2024-09-04,9134
00927,群益半導體收益,41,1,40,群益金鼎-開元,2024-09-04,9134
8089,康全電訊,43,3,40,群益金鼎-開元,2024-09-04,9134
2867,三商壽,38,2,36,群益金鼎-開元,2024-09-04,9134
2344,華邦電,47,11,36,群益金鼎-開元,2024-09-04,9134
6116,彩晶,49,13,36,群益金鼎-開元,2024-09-04,9134
2855,統一證,36,0,36,群益金鼎-開元,2024-09-04,9134
2881,富邦金,36,2,34,群益金鼎-開元,2024-09-04,9134
1609,大亞,44,11,33,群益金鼎-開元,2024-09-04,9134
2610,華航,41,9,32,群益金鼎-開元,2024-09-04,9134
0056,元大高股息,33,3,30,群益金鼎-開元,2024-09-04,9134
00905,FT臺灣Smart,27,0,27,群益金鼎-開元,2024-09-04,9134
2633,台灣高鐵,25,0,25,群益金鼎-開元,2024-09-04,9134
1301,台塑,27,2,25,群益金鼎-開元,2024-09-04,9134
2409,友達,26,1,25,群益金鼎-開元,2024-09-04,9134
6015,宏遠證,23,0,23,群益金鼎-開元,2024-09-04,9134
3037,欣興,23,0,23,群益金鼎-開元,2024-09-04,9134
00934,中信成長高股息,22,0,22,群益金鼎-開元,2024-09-04,9134
00909,國泰數位支付服務,22,0,22,群益金鼎-開元,2024-09-04,9134
3189,景碩,24,3,21,群益金鼎-開元,2024-09-04,9134
00923,群益台ESG低碳50,20,0,20,群益金鼎-開元,2024-09-04,9134
9934,成霖,19,0,19,群益金鼎-開元,2024-09-04,9134
3481,群創,35,17,18,群益金鼎-開元,2024-09-04,9134
1326,台化,18,0,18,群益金鼎-開元,2024-09-04,9134
0050,元大台灣50,19,1,18,群益金鼎-開元,2024-09-04,9134
9105,泰金寶-DR,23,6,17,群益金鼎-開元,2024-09-04,9134
00915,凱基優選高股息30,17,0,17,群益金鼎-開元,2024-09-04,9134
5386,青雲,17,0,17,群益金鼎-開元,2024-09-04,9134
2880,華南金,17,0,17,群益金鼎-開元,2024-09-04,9134
2377,微星,17,1,16,群益金鼎-開元,2024-09-04,9134
2883,凱基金,34,18,16,群益金鼎-開元,2024-09-04,9134
00946,群益科技高息成長,146,8,138,群益金鼎-開元,2024-09-05,9134
00919,群益台灣精選高息,89,7,82,群益金鼎-開元,2024-09-05,9134
00959B,大華投等美債15Y+,80,0,80,群益金鼎-開元,2024-09-05,9134
00715L,期街口布蘭特正2,49,0,49,群益金鼎-開元,2024-09-05,9134
00937B,群益ESG投等債20,77,38,39,群益金鼎-開元,2024-09-05,9134
1609,大亞,44,13,31,群益金鼎-開元,2024-09-05,9134
00712,復華富時不動產,30,0,30,群益金鼎-開元,2024-09-05,9134
00632R,元大台灣50反1,30,0,30,群益金鼎-開元,2024-09-05,9134
6231,系微,30,1,29,群益金鼎-開元,2024-09-05,9134
00927,群益半導體收益,27,0,27,群益金鼎-開元,2024-09-05,9134
00940,元大台灣價值高息,27,3,24,群益金鼎-開元,2024-09-05,9134
2317,鴻海,59,35,24,群益金鼎-開元,2024-09-05,9134
00687B,國泰20年美債,49,26,23,群益金鼎-開元,2024-09-05,9134
00929,復華台灣科技優息,46,24,22,群益金鼎-開元,2024-09-05,9134
4534,慶騰,23,1,22,群益金鼎-開元,2024-09-05,9134
1314,中石化,38,16,22,群益金鼎-開元,2024-09-05,9134
00679B,元大美債20年,22,2,20,群益金鼎-開元,2024-09-05,9134
6016,康和證,20,0,20,群益金鼎-開元,2024-09-05,9134
00952,凱基台灣AI50,30,11,19,群益金鼎-開元,2024-09-05,9134
3712,永崴投控,18,1,17,群益金鼎-開元,2024-09-05,9134
2344,華邦電,17,0,17,群益金鼎-開元,2024-09-05,9134
00915,凱基優選高股息30,17,0,17,群益金鼎-開元,2024-09-05,9134
00665L,富邦�琤肭磪囓�2,16,0,16,群益金鼎-開元,2024-09-05,9134
2337,旺宏,16,0,16,群益金鼎-開元,2024-09-05,9134
6284,佳邦,16,0,16,群益金鼎-開元,2024-09-05,9134
3481,群創,23,7,16,群益金鼎-開元,2024-09-05,9134
2002,中鋼,17,2,15,群益金鼎-開元,2024-09-05,9134
1447,力鵬,20,6,14,群益金鼎-開元,2024-09-05,9134
6863,永道-KY,37,23,14,群益金鼎-開元,2024-09-05,9134
2027,大成鋼,13,0,13,群益金鼎-開元,2024-09-05,9134
3056,富華新,13,0,13,群益金鼎-開元,2024-09-05,9134
2313,華通,12,0,12,群益金鼎-開元,2024-09-05,9134
00948B,中信優息投資級債,16,4,12,群益金鼎-開元,2024-09-05,9134
6443,元晶,12,0,12,群益金鼎-開元,2024-09-05,9134
00918,大華優利高填息30,27,15,12,群益金鼎-開元,2024-09-05,9134
2367,燿華,14,3,11,群益金鼎-開元,2024-09-05,9134
1301,台塑,12,1,11,群益金鼎-開元,2024-09-05,9134
0056,元大高股息,14,4,10,群益金鼎-開元,2024-09-05,9134
00943,兆豐電子高息等權,10,0,10,群益金鼎-開元,2024-09-05,9134
00934,中信成長高股息,10,0,10,群益金鼎-開元,2024-09-05,9134
3617,碩天,10,0,10,群益金鼎-開元,2024-09-05,9134
2537,聯上發,10,0,10,群益金鼎-開元,2024-09-05,9134
1717,長興,11,1,10,群益金鼎-開元,2024-09-05,9134
1614,三洋電,9,0,9,群益金鼎-開元,2024-09-05,9134
2913,農林,10,1,9,群益金鼎-開元,2024-09-05,9134
2476,鉅祥,9,0,9,群益金鼎-開元,2024-09-05,9134
2610,華航,15,6,9,群益金鼎-開元,2024-09-05,9134
00941,中信上游半導體,8,0,8,群益金鼎-開元,2024-09-05,9134
2414,精技,8,0,8,群益金鼎-開元,2024-09-05,9134
6244,茂迪,8,0,8,群益金鼎-開元,2024-09-05,9134
00937B,群益ESG投等債20,187,12,175,群益金鼎-開元,2024-09-06,9134
3481,群創,109,10,99,群益金鼎-開元,2024-09-06,9134
00946,群益科技高息成長,120,30,90,群益金鼎-開元,2024-09-06,9134
00751B,元大AAA至A公司債,86,0,86,群益金鼎-開元,2024-09-06,9134
4566,時碩工業,73,2,71,群益金鼎-開元,2024-09-06,9134
4534,慶騰,51,5,46,群益金鼎-開元,2024-09-06,9134
00687B,國泰20年美債,76,30,46,群益金鼎-開元,2024-09-06,9134
3092,鴻碩,45,0,45,群益金鼎-開元,2024-09-06,9134
00680L,元大美債20正2,40,1,39,群益金鼎-開元,2024-09-06,9134
00929,復華台灣科技優息,33,0,33,群益金鼎-開元,2024-09-06,9134
1303,南亞,32,0,32,群益金鼎-開元,2024-09-06,9134
5871,中租-KY,30,0,30,群益金鼎-開元,2024-09-06,9134
6770,力積電,226,204,22,群益金鼎-開元,2024-09-06,9134
2464,盟立,21,3,18,群益金鼎-開元,2024-09-06,9134
2610,華航,20,3,17,群益金鼎-開元,2024-09-06,9134
2317,鴻海,22,5,17,群益金鼎-開元,2024-09-06,9134
6180,橘子,16,0,16,群益金鼎-開元,2024-09-06,9134
00941,中信上游半導體,16,0,16,群益金鼎-開元,2024-09-06,9134
2812,台中銀,15,0,15,群益金鼎-開元,2024-09-06,9134
00940,元大台灣價值高息,18,3,15,群益金鼎-開元,2024-09-06,9134
2426,鼎元,14,0,14,群益金鼎-開元,2024-09-06,9134
00878,國泰永續高股息,15,1,14,群益金鼎-開元,2024-09-06,9134
00952,凱基台灣AI50,13,0,13,群益金鼎-開元,2024-09-06,9134
1210,大成,13,1,12,群益金鼎-開元,2024-09-06,9134
2414,精技,12,0,12,群益金鼎-開元,2024-09-06,9134
1815,富喬,16,5,11,群益金鼎-開元,2024-09-06,9134
1314,中石化,30,19,11,群益金鼎-開元,2024-09-06,9134
1301,台塑,10,0,10,群益金鼎-開元,2024-09-06,9134
1503,士電,11,1,10,群益金鼎-開元,2024-09-06,9134
1522,堤維西,11,1,10,群益金鼎-開元,2024-09-06,9134
2511,太子,10,0,10,群益金鼎-開元,2024-09-06,9134
00665L,富邦�琤肭磪囓�2,10,0,10,群益金鼎-開元,2024-09-06,9134
6117,迎廣,10,0,10,群益金鼎-開元,2024-09-06,9134
3715,定穎投控,10,0,10,群益金鼎-開元,2024-09-06,9134
00773B,中信優先金融債,10,0,10,群益金鼎-開元,2024-09-06,9134
2890,永豐金,11,1,10,群益金鼎-開元,2024-09-06,9134
00902,中信電池及儲能,9,0,9,群益金鼎-開元,2024-09-06,9134
3062,建漢,11,2,9,群益金鼎-開元,2024-09-06,9134
5347,世界,22,14,8,群益金鼎-開元,2024-09-06,9134
1101,台泥,7,0,7,群益金鼎-開元,2024-09-06,9134
3019,亞光,81,74,7,群益金鼎-開元,2024-09-06,9134
5443,均豪,21,15,6,群益金鼎-開元,2024-09-06,9134
2332,友訊,6,0,6,群益金鼎-開元,2024-09-06,9134
2337,旺宏,6,0,6,群益金鼎-開元,2024-09-06,9134
2344,華邦電,7,1,6,群益金鼎-開元,2024-09-06,9134
00927,群益半導體收益,10,4,6,群益金鼎-開元,2024-09-06,9134
00955,中信日本商社,6,0,6,群益金鼎-開元,2024-09-06,9134
2402,毅嘉,6,0,6,群益金鼎-開元,2024-09-06,9134
00936,台新永續高息中小,5,0,5,群益金鼎-開元,2024-09-06,9134
6530,創威,5,0,5,群益金鼎-開元,2024-09-06,9134
00919,群益台灣精選高息,164,5,159,群益金鼎-開元,2024-09-09,9134
1314,中石化,133,0,133,群益金鼎-開元,2024-09-09,9134
00680L,元大美債20正2,131,2,129,群益金鼎-開元,2024-09-09,9134
00688L,國泰20年美債正2,115,3,112,群益金鼎-開元,2024-09-09,9134
00929,復華台灣科技優息,106,6,100,群益金鼎-開元,2024-09-09,9134
00671R,富邦NASDAQ反1,100,0,100,群益金鼎-開元,2024-09-09,9134
00878,國泰永續高股息,74,1,73,群益金鼎-開元,2024-09-09,9134
00937B,群益ESG投等債20,107,45,62,群益金鼎-開元,2024-09-09,9134
00641R,富邦日本反1,50,0,50,群益金鼎-開元,2024-09-09,9134
3010,華立,44,0,44,群益金鼎-開元,2024-09-09,9134
1446,宏和,41,1,40,群益金鼎-開元,2024-09-09,9134
6863,永道-KY,46,7,39,群益金鼎-開元,2024-09-09,9134
00946,群益科技高息成長,32,0,32,群益金鼎-開元,2024-09-09,9134
4566,時碩工業,31,1,30,群益金鼎-開元,2024-09-09,9134
3481,群創,28,1,27,群益金鼎-開元,2024-09-09,9134
00918,大華優利高填息30,27,2,25,群益金鼎-開元,2024-09-09,9134
00927,群益半導體收益,24,0,24,群益金鼎-開元,2024-09-09,9134
00712,復華富時不動產,21,0,21,群益金鼎-開元,2024-09-09,9134
6180,橘子,20,0,20,群益金鼎-開元,2024-09-09,9134
9945,潤泰新,19,0,19,群益金鼎-開元,2024-09-09,9134
00952,凱基台灣AI50,22,3,19,群益金鼎-開元,2024-09-09,9134
2885,元大金,20,1,19,群益金鼎-開元,2024-09-09,9134
2845,遠東銀,21,2,19,群益金鼎-開元,2024-09-09,9134
2330,台積電,20,3,17,群益金鼎-開元,2024-09-09,9134
2855,統一證,17,0,17,群益金鼎-開元,2024-09-09,9134
2317,鴻海,25,8,17,群益金鼎-開元,2024-09-09,9134
00715L,期街口布蘭特正2,16,0,16,群益金鼎-開元,2024-09-09,9134
00665L,富邦�琤肭磪囓�2,16,0,16,群益金鼎-開元,2024-09-09,9134
2337,旺宏,15,0,15,群益金鼎-開元,2024-09-09,9134
2414,精技,15,0,15,群益金鼎-開元,2024-09-09,9134
2439,美律,15,0,15,群益金鼎-開元,2024-09-09,9134
9105,泰金寶-DR,15,0,15,群益金鼎-開元,2024-09-09,9134
2883,凱基金,26,11,15,群益金鼎-開元,2024-09-09,9134
0056,元大高股息,14,0,14,群益金鼎-開元,2024-09-09,9134
2881,富邦金,14,0,14,群益金鼎-開元,2024-09-09,9134
2882,國泰金,14,1,13,群益金鼎-開元,2024-09-09,9134
2002,中鋼,14,2,12,群益金鼎-開元,2024-09-09,9134
1711,永光,12,0,12,群益金鼎-開元,2024-09-09,9134
2323,中環,42,30,12,群益金鼎-開元,2024-09-09,9134
8070,長華*,12,0,12,群益金鼎-開元,2024-09-09,9134
6505,台塑化,31,19,12,群益金鼎-開元,2024-09-09,9134
00900,富邦特選高股息30,11,0,11,群益金鼎-開元,2024-09-09,9134
00679B,元大美債20年,24,14,10,群益金鼎-開元,2024-09-09,9134
00905,FT臺灣Smart,10,0,10,群益金鼎-開元,2024-09-09,9134
2354,鴻準,10,0,10,群益金鼎-開元,2024-09-09,9134
6117,迎廣,10,0,10,群益金鼎-開元,2024-09-09,9134
3374,精材,10,0,10,群益金鼎-開元,2024-09-09,9134
6269,台郡,9,0,9,群益金鼎-開元,2024-09-09,9134
1808,潤隆,8,0,8,群益金鼎-開元,2024-09-09,9134
3231,緯創,21,13,8,群益金鼎-開元,2024-09-09,9134
00957B,兆豐US優選投等債,200,7,193,群益金鼎-開元,2024-09-10,9134
2515,中工,149,2,147,群益金鼎-開元,2024-09-10,9134
8089,康全電訊,115,5,110,群益金鼎-開元,2024-09-10,9134
00948B,中信優息投資級債,80,2,78,群益金鼎-開元,2024-09-10,9134
00919,群益台灣精選高息,89,14,75,群益金鼎-開元,2024-09-10,9134
00946,群益科技高息成長,77,5,72,群益金鼎-開元,2024-09-10,9134
00929,復華台灣科技優息,65,6,59,群益金鼎-開元,2024-09-10,9134
00937B,群益ESG投等債20,79,28,51,群益金鼎-開元,2024-09-10,9134
4111,濟生,50,0,50,群益金鼎-開元,2024-09-10,9134
1605,華新,46,0,46,群益金鼎-開元,2024-09-10,9134
00751B,元大AAA至A公司債,43,0,43,群益金鼎-開元,2024-09-10,9134
2489,瑞軒,40,0,40,群益金鼎-開元,2024-09-10,9134
1609,大亞,37,0,37,群益金鼎-開元,2024-09-10,9134
0056,元大高股息,34,0,34,群益金鼎-開元,2024-09-10,9134
3322,建舜電,30,0,30,群益金鼎-開元,2024-09-10,9134
2409,友達,28,1,27,群益金鼎-開元,2024-09-10,9134
00687B,國泰20年美債,38,14,24,群益金鼎-開元,2024-09-10,9134
2323,中環,24,0,24,群益金鼎-開元,2024-09-10,9134
6405,悅城,29,5,24,群益金鼎-開元,2024-09-10,9134
6180,橘子,21,1,20,群益金鼎-開元,2024-09-10,9134
3031,佰鴻,20,0,20,群益金鼎-開元,2024-09-10,9134
3617,碩天,20,0,20,群益金鼎-開元,2024-09-10,9134
2382,廣達,38,19,19,群益金鼎-開元,2024-09-10,9134
2495,普安,18,0,18,群益金鼎-開元,2024-09-10,9134
2376,技嘉,17,0,17,群益金鼎-開元,2024-09-10,9134
00918,大華優利高填息30,31,15,16,群益金鼎-開元,2024-09-10,9134
00940,元大台灣價值高息,33,19,14,群益金鼎-開元,2024-09-10,9134
5512,力麒,15,1,14,群益金鼎-開元,2024-09-10,9134
00915,凱基優選高股息30,14,0,14,群益金鼎-開元,2024-09-10,9134
2317,鴻海,26,13,13,群益金鼎-開元,2024-09-10,9134
2027,大成鋼,13,0,13,群益金鼎-開元,2024-09-10,9134
1301,台塑,19,6,13,群益金鼎-開元,2024-09-10,9134
00900,富邦特選高股息30,12,0,12,群益金鼎-開元,2024-09-10,9134
2354,鴻準,11,0,11,群益金鼎-開元,2024-09-10,9134
3715,定穎投控,24,13,11,群益金鼎-開元,2024-09-10,9134
5443,均豪,17,6,11,群益金鼎-開元,2024-09-10,9134
8936,國統,10,0,10,群益金鼎-開元,2024-09-10,9134
6104,創惟,13,3,10,群益金鼎-開元,2024-09-10,9134
3013,晟銘電,27,17,10,群益金鼎-開元,2024-09-10,9134
1503,士電,10,0,10,群益金鼎-開元,2024-09-10,9134
5302,太欣,10,0,10,群益金鼎-開元,2024-09-10,9134
3231,緯創,13,4,9,群益金鼎-開元,2024-09-10,9134
1570,力肯,12,3,9,群益金鼎-開元,2024-09-10,9134
2881,富邦金,11,2,9,群益金鼎-開元,2024-09-10,9134
2610,華航,9,1,8,群益金鼎-開元,2024-09-10,9134
3024,憶聲,8,0,8,群益金鼎-開元,2024-09-10,9134
2402,毅嘉,11,3,8,群益金鼎-開元,2024-09-10,9134
1110,東泥,8,0,8,群益金鼎-開元,2024-09-10,9134
3062,建漢,15,7,8,群益金鼎-開元,2024-09-10,9134
2356,英業達,11,4,7,群益金鼎-開元,2024-09-10,9134
00948B,中信優息投資級債,827,38,789,群益金鼎-開元,2024-09-11,9134
00937B,群益ESG投等債20,262,12,250,群益金鼎-開元,2024-09-11,9134
00664R,國泰臺灣加權反1,100,0,100,群益金鼎-開元,2024-09-11,9134
00687B,國泰20年美債,105,11,94,群益金鼎-開元,2024-09-11,9134
00632R,元大台灣50反1,80,0,80,群益金鼎-開元,2024-09-11,9134
2891,中信金,78,0,78,群益金鼎-開元,2024-09-11,9134
00715L,期街口布蘭特正2,68,16,52,群益金鼎-開元,2024-09-11,9134
00943,兆豐電子高息等權,50,0,50,群益金鼎-開元,2024-09-11,9134
1326,台化,50,0,50,群益金鼎-開元,2024-09-11,9134
2515,中工,50,0,50,群益金鼎-開元,2024-09-11,9134
00878,國泰永續高股息,50,0,50,群益金鼎-開元,2024-09-11,9134
00946,群益科技高息成長,36,0,36,群益金鼎-開元,2024-09-11,9134
1101,台泥,34,0,34,群益金鼎-開元,2024-09-11,9134
6117,迎廣,34,0,34,群益金鼎-開元,2024-09-11,9134
00945B,凱基美國非投等債,30,0,30,群益金鼎-開元,2024-09-11,9134
4534,慶騰,30,1,29,群益金鼎-開元,2024-09-11,9134
6231,系微,36,8,28,群益金鼎-開元,2024-09-11,9134
6191,精成科,34,7,27,群益金鼎-開元,2024-09-11,9134
00929,復華台灣科技優息,24,0,24,群益金鼎-開元,2024-09-11,9134
1522,堤維西,26,2,24,群益金鼎-開元,2024-09-11,9134
3276,宇環,20,0,20,群益金鼎-開元,2024-09-11,9134
6005,群益證,17,0,17,群益金鼎-開元,2024-09-11,9134
2610,華航,19,2,17,群益金鼎-開元,2024-09-11,9134
00915,凱基優選高股息30,17,0,17,群益金鼎-開元,2024-09-11,9134
00795B,中信美國公債20年,15,0,15,群益金鼎-開元,2024-09-11,9134
6603,富強鑫,15,0,15,群益金鼎-開元,2024-09-11,9134
00957B,兆豐US優選投等債,14,0,14,群益金鼎-開元,2024-09-11,9134
2867,三商壽,14,1,13,群益金鼎-開元,2024-09-11,9134
00751B,元大AAA至A公司債,13,0,13,群益金鼎-開元,2024-09-11,9134
1240,茂生農經,12,0,12,群益金鼎-開元,2024-09-11,9134
00665L,富邦�琤肭磪囓�2,12,0,12,群益金鼎-開元,2024-09-11,9134
00919,群益台灣精選高息,17,5,12,群益金鼎-開元,2024-09-11,9134
6743,安普新,11,0,11,群益金鼎-開元,2024-09-11,9134
8096,擎亞,31,20,11,群益金鼎-開元,2024-09-11,9134
4958,臻鼎-KY,12,1,11,群益金鼎-開元,2024-09-11,9134
2464,盟立,21,10,11,群益金鼎-開元,2024-09-11,9134
2353,宏��,10,0,10,群益金鼎-開元,2024-09-11,9134
2885,元大金,10,0,10,群益金鼎-開元,2024-09-11,9134
6147,頎邦,10,0,10,群益金鼎-開元,2024-09-11,9134
00927,群益半導體收益,10,0,10,群益金鼎-開元,2024-09-11,9134
3360,尚立,11,1,10,群益金鼎-開元,2024-09-11,9134
4950,牧東,9,0,9,群益金鼎-開元,2024-09-11,9134
2495,普安,11,3,8,群益金鼎-開元,2024-09-11,9134
3673,TPK-KY,8,0,8,群益金鼎-開元,2024-09-11,9134
00940,元大台灣價值高息,8,0,8,群益金鼎-開元,2024-09-11,9134
3322,建舜電,8,0,8,群益金鼎-開元,2024-09-11,9134
8105,凌巨,8,0,8,群益金鼎-開元,2024-09-11,9134
2002,中鋼,12,4,8,群益金鼎-開元,2024-09-11,9134
2851,中再保,7,0,7,群益金鼎-開元,2024-09-11,9134
2362,藍天,8,1,7,群益金鼎-開元,2024-09-11,9134
00948B,中信優息投資級債,163,0,163,群益金鼎-開元,2024-09-12,9134
6152,百一,153,0,153,群益金鼎-開元,2024-09-12,9134
00632R,元大台灣50反1,187,64,123,群益金鼎-開元,2024-09-12,9134
00687B,國泰20年美債,130,12,118,群益金鼎-開元,2024-09-12,9134
2610,華航,102,3,99,群益金鼎-開元,2024-09-12,9134
00937B,群益ESG投等債20,82,0,82,群益金鼎-開元,2024-09-12,9134
2365,昆盈,75,3,72,群益金鼎-開元,2024-09-12,9134
2867,三商壽,64,0,64,群益金鼎-開元,2024-09-12,9134
2891,中信金,82,19,63,群益金鼎-開元,2024-09-12,9134
00919,群益台灣精選高息,50,4,46,群益金鼎-開元,2024-09-12,9134
00940,元大台灣價值高息,51,7,44,群益金鼎-開元,2024-09-12,9134
2618,長榮航,39,3,36,群益金鼎-開元,2024-09-12,9134
2352,佳世達,30,3,27,群益金鼎-開元,2024-09-12,9134
8096,擎亞,33,10,23,群益金鼎-開元,2024-09-12,9134
2845,遠東銀,20,0,20,群益金鼎-開元,2024-09-12,9134
8112,至上,20,0,20,群益金鼎-開元,2024-09-12,9134
6509,聚和,20,0,20,群益金鼎-開元,2024-09-12,9134
00764B,群益25年美債,20,0,20,群益金鼎-開元,2024-09-12,9134
00945B,凱基美國非投等債,20,0,20,群益金鼎-開元,2024-09-12,9134
00927,群益半導體收益,20,1,19,群益金鼎-開元,2024-09-12,9134
00679B,元大美債20年,19,6,13,群益金鼎-開元,2024-09-12,9134
00918,大華優利高填息30,23,10,13,群益金鼎-開元,2024-09-12,9134
00915,凱基優選高股息30,12,0,12,群益金鼎-開元,2024-09-12,9134
00929,復華台灣科技優息,24,12,12,群益金鼎-開元,2024-09-12,9134
2337,旺宏,12,0,12,群益金鼎-開元,2024-09-12,9134
1314,中石化,22,10,12,群益金鼎-開元,2024-09-12,9134
2356,英業達,18,7,11,群益金鼎-開元,2024-09-12,9134
6903,巨漢,10,0,10,群益金鼎-開元,2024-09-12,9134
5443,均豪,24,14,10,群益金鼎-開元,2024-09-12,9134
1303,南亞,10,0,10,群益金鼎-開元,2024-09-12,9134
3230,錦明,11,2,9,群益金鼎-開元,2024-09-12,9134
2887,台新金,11,3,8,群益金鼎-開元,2024-09-12,9134
00931B,統一美債20年,8,0,8,群益金鼎-開元,2024-09-12,9134
2515,中工,9,1,8,群益金鼎-開元,2024-09-12,9134
2477,美隆電,9,1,8,群益金鼎-開元,2024-09-12,9134
3066,李洲,8,0,8,群益金鼎-開元,2024-09-12,9134
2881,富邦金,8,0,8,群益金鼎-開元,2024-09-12,9134
2809,京城銀,7,0,7,群益金鼎-開元,2024-09-12,9134
00680L,元大美債20正2,7,0,7,群益金鼎-開元,2024-09-12,9134
00757,統一FANG+,7,0,7,群益金鼎-開元,2024-09-12,9134
8114,振樺電,7,1,6,群益金鼎-開元,2024-09-12,9134
00882,中信中國高股息,6,0,6,群益金鼎-開元,2024-09-12,9134
2601,益航,8,2,6,群益金鼎-開元,2024-09-12,9134
6742,澤米,6,0,6,群益金鼎-開元,2024-09-12,9134
3379,彬台,6,0,6,群益金鼎-開元,2024-09-12,9134
4534,慶騰,9,3,6,群益金鼎-開元,2024-09-12,9134
1326,台化,6,0,6,群益金鼎-開元,2024-09-12,9134
1513,中興電,10,5,5,群益金鼎-開元,2024-09-12,9134
6901,鑽石投資,5,0,5,群益金鼎-開元,2024-09-12,9134
6231,系微,6,1,5,群益金鼎-開元,2024-09-12,9134
2489,瑞軒,250,0,250,群益金鼎-開元,2024-09-13,9134
3580,友威科,223,2,221,群益金鼎-開元,2024-09-13,9134
00687B,國泰20年美債,204,56,148,群益金鼎-開元,2024-09-13,9134
00948B,中信優息投資級債,104,0,104,群益金鼎-開元,2024-09-13,9134
00632R,元大台灣50反1,95,0,95,群益金鼎-開元,2024-09-13,9134
00937B,群益ESG投等債20,80,0,80,群益金鼎-開元,2024-09-13,9134
2845,遠東銀,60,0,60,群益金鼎-開元,2024-09-13,9134
2892,第一金,51,0,51,群益金鼎-開元,2024-09-13,9134
00957B,兆豐US優選投等債,51,1,50,群益金鼎-開元,2024-09-13,9134
00919,群益台灣精選高息,52,3,49,群益金鼎-開元,2024-09-13,9134
00929,復華台灣科技優息,43,1,42,群益金鼎-開元,2024-09-13,9134
6863,永道-KY,72,35,37,群益金鼎-開元,2024-09-13,9134
6180,橘子,30,0,30,群益金鼎-開元,2024-09-13,9134
8039,台虹,40,18,22,群益金鼎-開元,2024-09-13,9134
3543,州巧,20,0,20,群益金鼎-開元,2024-09-13,9134
6667,信紘科,18,0,18,群益金鼎-開元,2024-09-13,9134
4974,亞泰,31,13,18,群益金鼎-開元,2024-09-13,9134
00918,大華優利高填息30,22,6,16,群益金鼎-開元,2024-09-13,9134
00878,國泰永續高股息,17,1,16,群益金鼎-開元,2024-09-13,9134
2880,華南金,26,10,16,群益金鼎-開元,2024-09-13,9134
00946,群益科技高息成長,15,0,15,群益金鼎-開元,2024-09-13,9134
5443,均豪,30,16,14,群益金鼎-開元,2024-09-13,9134
00952,凱基台灣AI50,12,0,12,群益金鼎-開元,2024-09-13,9134
3360,尚立,43,32,11,群益金鼎-開元,2024-09-13,9134
2439,美律,10,0,10,群益金鼎-開元,2024-09-13,9134
2367,燿華,13,3,10,群益金鼎-開元,2024-09-13,9134
4908,前鼎,11,1,10,群益金鼎-開元,2024-09-13,9134
3312,弘憶股,10,2,8,群益金鼎-開元,2024-09-13,9134
4510,高鋒,19,11,8,群益金鼎-開元,2024-09-13,9134
1303,南亞,10,2,8,群益金鼎-開元,2024-09-13,9134
1540,喬福,16,9,7,群益金鼎-開元,2024-09-13,9134
2062,橋椿,12,5,7,群益金鼎-開元,2024-09-13,9134
6530,創威,12,5,7,群益金鼎-開元,2024-09-13,9134
2383,台光電,13,6,7,群益金鼎-開元,2024-09-13,9134
9934,成霖,6,0,6,群益金鼎-開元,2024-09-13,9134
4726,永昕,7,1,6,群益金鼎-開元,2024-09-13,9134
3013,晟銘電,9,3,6,群益金鼎-開元,2024-09-13,9134
5460,同協,6,0,6,群益金鼎-開元,2024-09-13,9134
2609,陽明,9,3,6,群益金鼎-開元,2024-09-13,9134
2641,正德,5,0,5,群益金鼎-開元,2024-09-13,9134
00931B,統一美債20年,7,2,5,群益金鼎-開元,2024-09-13,9134
2369,菱生,5,0,5,群益金鼎-開元,2024-09-13,9134
5230,雷笛克光學,6,1,5,群益金鼎-開元,2024-09-13,9134
00932,兆豐永續高息等權,5,0,5,群益金鼎-開元,2024-09-13,9134
2542,興富發,5,0,5,群益金鼎-開元,2024-09-13,9134
8390,金益鼎,7,2,5,群益金鼎-開元,2024-09-13,9134
2405,輔信,5,0,5,群益金鼎-開元,2024-09-13,9134
00772B,中信高評級公司債,5,0,5,群益金鼎-開元,2024-09-13,9134
2317,鴻海,15,11,4,群益金鼎-開元,2024-09-13,9134
0056,元大高股息,5,0,5,群益金鼎-開元,2024-09-13,9134
00948B,中信優息投資級債,170,0,170,群益金鼎-開元,2024-09-16,9134
00937B,群益ESG投等債20,123,0,123,群益金鼎-開元,2024-09-16,9134
00687B,國泰20年美債,87,1,86,群益金鼎-開元,2024-09-16,9134
00959B,大華投等美債15Y+,80,0,80,群益金鼎-開元,2024-09-16,9134
00919,群益台灣精選高息,60,2,58,群益金鼎-開元,2024-09-16,9134
2891,中信金,52,9,43,群益金鼎-開元,2024-09-16,9134
00929,復華台灣科技優息,45,6,39,群益金鼎-開元,2024-09-16,9134
3543,州巧,35,0,35,群益金鼎-開元,2024-09-16,9134
2014,中鴻,33,0,33,群益金鼎-開元,2024-09-16,9134
9105,泰金寶-DR,32,0,32,群益金鼎-開元,2024-09-16,9134
2474,可成,29,0,29,群益金鼎-開元,2024-09-16,9134
6863,永道-KY,36,9,27,群益金鼎-開元,2024-09-16,9134
00632R,元大台灣50反1,22,0,22,群益金鼎-開元,2024-09-16,9134
00724B,群益投資級金融債,20,0,20,群益金鼎-開元,2024-09-16,9134
2352,佳世達,17,0,17,群益金鼎-開元,2024-09-16,9134
2609,陽明,16,1,15,群益金鼎-開元,2024-09-16,9134
1605,華新,15,0,15,群益金鼎-開元,2024-09-16,9134
00946,群益科技高息成長,13,0,13,群益金鼎-開元,2024-09-16,9134
6244,茂迪,13,0,13,群益金鼎-開元,2024-09-16,9134
6770,力積電,16,3,13,群益金鼎-開元,2024-09-16,9134
1314,中石化,35,22,13,群益金鼎-開元,2024-09-16,9134
00935,野村臺灣新科技50,14,2,12,群益金鼎-開元,2024-09-16,9134
8076,伍豐,11,1,10,群益金鼎-開元,2024-09-16,9134
3289,宜特,15,5,10,群益金鼎-開元,2024-09-16,9134
6117,迎廣,11,1,10,群益金鼎-開元,2024-09-16,9134
00751B,元大AAA至A公司債,10,0,10,群益金鼎-開元,2024-09-16,9134
2025,千興,10,0,10,群益金鼎-開元,2024-09-16,9134
2349,錸德,22,12,10,群益金鼎-開元,2024-09-16,9134
2610,華航,12,2,10,群益金鼎-開元,2024-09-16,9134
5871,中租-KY,10,0,10,群益金鼎-開元,2024-09-16,9134
00934,中信成長高股息,11,1,10,群益金鼎-開元,2024-09-16,9134
2367,燿華,10,0,10,群益金鼎-開元,2024-09-16,9134
1909,榮成,10,0,10,群益金鼎-開元,2024-09-16,9134
00665L,富邦�琤肭磪囓�2,10,0,10,群益金鼎-開元,2024-09-16,9134
00933B,國泰10Y+金融債,9,0,9,群益金鼎-開元,2024-09-16,9134
3360,尚立,64,55,9,群益金鼎-開元,2024-09-16,9134
00878,國泰永續高股息,8,0,8,群益金鼎-開元,2024-09-16,9134
00918,大華優利高填息30,17,9,8,群益金鼎-開元,2024-09-16,9134
6405,悅城,23,15,8,群益金鼎-開元,2024-09-16,9134
2408,南亞科,8,0,8,群益金鼎-開元,2024-09-16,9134
8040,九暘,10,2,8,群益金鼎-開元,2024-09-16,9134
6187,萬潤,18,10,8,群益金鼎-開元,2024-09-16,9134
4743,合一,9,2,7,群益金鼎-開元,2024-09-16,9134
1711,永光,20,13,7,群益金鼎-開元,2024-09-16,9134
00713,元大台灣高息低波,7,0,7,群益金鼎-開元,2024-09-16,9134
1540,喬福,17,10,7,群益金鼎-開元,2024-09-16,9134
00931B,統一美債20年,7,0,7,群益金鼎-開元,2024-09-16,9134
3062,建漢,21,14,7,群益金鼎-開元,2024-09-16,9134
2420,新巨,20,13,7,群益金鼎-開元,2024-09-16,9134
3017,奇鋐,6,0,6,群益金鼎-開元,2024-09-16,9134
2888,新光金,833,199,634,群益金鼎-開元,2024-09-18,9134
00937B,群益ESG投等債20,137,4,133,群益金鼎-開元,2024-09-18,9134
00929,復華台灣科技優息,165,41,124,群益金鼎-開元,2024-09-18,9134
00919,群益台灣精選高息,119,5,114,群益金鼎-開元,2024-09-18,9134
00679B,元大美債20年,72,3,69,群益金鼎-開元,2024-09-18,9134
6609,瀧澤科,68,7,61,群益金鼎-開元,2024-09-18,9134
9105,泰金寶-DR,47,0,47,群益金鼎-開元,2024-09-18,9134
1326,台化,50,6,44,群益金鼎-開元,2024-09-18,9134
00687B,國泰20年美債,73,31,42,群益金鼎-開元,2024-09-18,9134
2409,友達,68,26,42,群益金鼎-開元,2024-09-18,9134
00918,大華優利高填息30,45,4,41,群益金鼎-開元,2024-09-18,9134
00948B,中信優息投資級債,48,10,38,群益金鼎-開元,2024-09-18,9134
00946,群益科技高息成長,48,10,38,群益金鼎-開元,2024-09-18,9134
2317,鴻海,49,12,37,群益金鼎-開元,2024-09-18,9134
1785,光洋科,100,65,35,群益金鼎-開元,2024-09-18,9134
2845,遠東銀,30,0,30,群益金鼎-開元,2024-09-18,9134
00878,國泰永續高股息,38,11,27,群益金鼎-開元,2024-09-18,9134
6416,瑞祺電通,24,0,24,群益金鼎-開元,2024-09-18,9134
00927,群益半導體收益,24,0,24,群益金鼎-開元,2024-09-18,9134
00957B,兆豐US優選投等債,30,7,23,群益金鼎-開元,2024-09-18,9134
0056,元大高股息,22,0,22,群益金鼎-開元,2024-09-18,9134
2303,聯電,36,15,21,群益金鼎-開元,2024-09-18,9134
9934,成霖,21,0,21,群益金鼎-開元,2024-09-18,9134
00632R,元大台灣50反1,20,0,20,群益金鼎-開元,2024-09-18,9134
00959B,大華投等美債15Y+,20,0,20,群益金鼎-開元,2024-09-18,9134
00943,兆豐電子高息等權,20,0,20,群益金鼎-開元,2024-09-18,9134
3013,晟銘電,20,3,17,群益金鼎-開元,2024-09-18,9134
00921,兆豐龍頭等權重,15,0,15,群益金鼎-開元,2024-09-18,9134
6191,精成科,40,26,14,群益金鼎-開元,2024-09-18,9134
2344,華邦電,13,0,13,群益金鼎-開元,2024-09-18,9134
00713,元大台灣高息低波,17,5,12,群益金鼎-開元,2024-09-18,9134
2367,燿華,12,0,12,群益金鼎-開元,2024-09-18,9134
2369,菱生,12,0,12,群益金鼎-開元,2024-09-18,9134
2889,國票金,12,0,12,群益金鼎-開元,2024-09-18,9134
3481,群創,39,28,11,群益金鼎-開元,2024-09-18,9134
2454,聯發科,11,0,11,群益金鼎-開元,2024-09-18,9134
3702,大聯大,11,0,11,群益金鼎-開元,2024-09-18,9134
3607,谷崧,21,10,11,群益金鼎-開元,2024-09-18,9134
2477,美隆電,48,37,11,群益金鼎-開元,2024-09-18,9134
00881,國泰台灣5G+,11,0,11,群益金鼎-開元,2024-09-18,9134
4958,臻鼎-KY,17,6,11,群益金鼎-開元,2024-09-18,9134
6104,創惟,12,2,10,群益金鼎-開元,2024-09-18,9134
3022,威強電,10,0,10,群益金鼎-開元,2024-09-18,9134
00931B,統一美債20年,10,0,10,群益金鼎-開元,2024-09-18,9134
8105,凌巨,10,0,10,群益金鼎-開元,2024-09-18,9134
2867,三商壽,59,49,10,群益金鼎-開元,2024-09-18,9134
00915,凱基優選高股息30,9,0,9,群益金鼎-開元,2024-09-18,9134
3264,欣銓,9,0,9,群益金鼎-開元,2024-09-18,9134
4716,大立,30,21,9,群益金鼎-開元,2024-09-18,9134
00940,元大台灣價值高息,11,2,9,群益金鼎-開元,2024-09-18,9134
00937B,群益ESG投等債20,161,0,161,群益金鼎-開元,2024-09-19,9134
3049,精金,206,50,156,群益金鼎-開元,2024-09-19,9134
00632R,元大台灣50反1,146,0,146,群益金鼎-開元,2024-09-19,9134
00948B,中信優息投資級債,153,18,135,群益金鼎-開元,2024-09-19,9134
00687B,國泰20年美債,125,16,109,群益金鼎-開元,2024-09-19,9134
00919,群益台灣精選高息,93,14,79,群益金鼎-開元,2024-09-19,9134
00679B,元大美債20年,88,25,63,群益金鼎-開元,2024-09-19,9134
00929,復華台灣科技優息,68,13,55,群益金鼎-開元,2024-09-19,9134
6877,鏵友益,45,0,45,群益金鼎-開元,2024-09-19,9134
1785,光洋科,82,46,36,群益金鼎-開元,2024-09-19,9134
4906,正文,30,1,29,群益金鼎-開元,2024-09-19,9134
4561,健椿,27,3,24,群益金鼎-開元,2024-09-19,9134
00927,群益半導體收益,21,0,21,群益金鼎-開元,2024-09-19,9134
2317,鴻海,22,2,20,群益金鼎-開元,2024-09-19,9134
00946,群益科技高息成長,30,10,20,群益金鼎-開元,2024-09-19,9134
2845,遠東銀,20,1,19,群益金鼎-開元,2024-09-19,9134
2891,中信金,24,5,19,群益金鼎-開元,2024-09-19,9134
2349,錸德,35,17,18,群益金鼎-開元,2024-09-19,9134
4714,永捷,22,6,16,群益金鼎-開元,2024-09-19,9134
00878,國泰永續高股息,16,0,16,群益金鼎-開元,2024-09-19,9134
8249,菱光,15,0,15,群益金鼎-開元,2024-09-19,9134
00795B,中信美國公債20年,18,4,14,群益金鼎-開元,2024-09-19,9134
6288,聯嘉,15,2,13,群益金鼎-開元,2024-09-19,9134
2504,國產,13,1,12,群益金鼎-開元,2024-09-19,9134
2344,華邦電,12,0,12,群益金鼎-開元,2024-09-19,9134
3062,建漢,16,4,12,群益金鼎-開元,2024-09-19,9134
3289,宜特,17,6,11,群益金鼎-開元,2024-09-19,9134
00958B,永豐ESG銀行債15,11,0,11,群益金鼎-開元,2024-09-19,9134
8105,凌巨,11,0,11,群益金鼎-開元,2024-09-19,9134
00934,中信成長高股息,10,0,10,群益金鼎-開元,2024-09-19,9134
6742,澤米,10,0,10,群益金鼎-開元,2024-09-19,9134
3230,錦明,31,21,10,群益金鼎-開元,2024-09-19,9134
1527,鑽全,10,0,10,群益金鼎-開元,2024-09-19,9134
00724B,群益投資級金融債,10,0,10,群益金鼎-開元,2024-09-19,9134
2303,聯電,11,1,10,群益金鼎-開元,2024-09-19,9134
2025,千興,10,0,10,群益金鼎-開元,2024-09-19,9134
5460,同協,10,1,9,群益金鼎-開元,2024-09-19,9134
2383,台光電,9,0,9,群益金鼎-開元,2024-09-19,9134
2426,鼎元,10,2,8,群益金鼎-開元,2024-09-19,9134
8039,台虹,10,2,8,群益金鼎-開元,2024-09-19,9134
00923,群益台ESG低碳50,7,0,7,群益金鼎-開元,2024-09-19,9134
2243,宏旭-KY,9,2,7,群益金鼎-開元,2024-09-19,9134
8064,東捷,8,1,7,群益金鼎-開元,2024-09-19,9134
00915,凱基優選高股息30,7,0,7,群益金鼎-開元,2024-09-19,9134
3189,景碩,7,1,6,群益金鼎-開元,2024-09-19,9134
3019,亞光,7,1,6,群益金鼎-開元,2024-09-19,9134
2062,橋椿,11,5,6,群益金鼎-開元,2024-09-19,9134
6151,晉倫,7,1,6,群益金鼎-開元,2024-09-19,9134
1905,華紙,6,0,6,群益金鼎-開元,2024-09-19,9134
1301,台塑,17,11,6,群益金鼎-開元,2024-09-19,9134
00687B,國泰20年美債,361,11,350,群益金鼎-開元,2024-09-20,9134
00632R,元大台灣50反1,247,14,233,群益金鼎-開元,2024-09-20,9134
2888,新光金,244,47,197,群益金鼎-開元,2024-09-20,9134
2399,映泰,357,169,188,群益金鼎-開元,2024-09-20,9134
8089,康全電訊,99,4,95,群益金鼎-開元,2024-09-20,9134
2515,中工,123,32,91,群益金鼎-開元,2024-09-20,9134
9945,潤泰新,80,3,77,群益金鼎-開元,2024-09-20,9134
00688L,國泰20年美債正2,71,1,70,群益金鼎-開元,2024-09-20,9134
2520,冠德,75,11,64,群益金鼎-開元,2024-09-20,9134
00919,群益台灣精選高息,118,55,63,群益金鼎-開元,2024-09-20,9134
00664R,國泰臺灣加權反1,40,0,40,群益金鼎-開元,2024-09-20,9134
6877,鏵友益,36,0,36,群益金鼎-開元,2024-09-20,9134
2408,南亞科,34,1,33,群益金鼎-開元,2024-09-20,9134
3360,尚立,93,61,32,群益金鼎-開元,2024-09-20,9134
3230,錦明,33,2,31,群益金鼎-開元,2024-09-20,9134
1314,中石化,39,11,28,群益金鼎-開元,2024-09-20,9134
00918,大華優利高填息30,48,21,27,群益金鼎-開元,2024-09-20,9134
2495,普安,32,6,26,群益金鼎-開元,2024-09-20,9134
00679B,元大美債20年,27,2,25,群益金鼎-開元,2024-09-20,9134
4903,聯光通,26,1,25,群益金鼎-開元,2024-09-20,9134
00915,凱基優選高股息30,24,0,24,群益金鼎-開元,2024-09-20,9134
00931B,統一美債20年,24,0,24,群益金鼎-開元,2024-09-20,9134
00929,復華台灣科技優息,29,8,21,群益金鼎-開元,2024-09-20,9134
00958B,永豐ESG銀行債15,19,0,19,群益金鼎-開元,2024-09-20,9134
6117,迎廣,17,0,17,群益金鼎-開元,2024-09-20,9134
3535,晶彩科,17,1,16,群益金鼎-開元,2024-09-20,9134
2542,興富發,15,0,15,群益金鼎-開元,2024-09-20,9134
2033,佳大,15,0,15,群益金鼎-開元,2024-09-20,9134
1540,喬福,16,1,15,群益金鼎-開元,2024-09-20,9134
1609,大亞,15,1,14,群益金鼎-開元,2024-09-20,9134
4714,永捷,17,4,13,群益金鼎-開元,2024-09-20,9134
2312,金寶,12,0,12,群益金鼎-開元,2024-09-20,9134
1524,耿鼎,15,4,11,群益金鼎-開元,2024-09-20,9134
5871,中租-KY,11,0,11,群益金鼎-開元,2024-09-20,9134
6148,驊宏資,13,2,11,群益金鼎-開元,2024-09-20,9134
3605,宏致,12,2,10,群益金鼎-開元,2024-09-20,9134
3037,欣興,17,7,10,群益金鼎-開元,2024-09-20,9134
6416,瑞祺電通,10,0,10,群益金鼎-開元,2024-09-20,9134
2888A,新光金甲特,10,0,10,群益金鼎-開元,2024-09-20,9134
2329,華泰,10,0,10,群益金鼎-開元,2024-09-20,9134
2739,寒舍,10,0,10,群益金鼎-開元,2024-09-20,9134
0056,元大高股息,10,0,10,群益金鼎-開元,2024-09-20,9134
00934,中信成長高股息,10,0,10,群益金鼎-開元,2024-09-20,9134
00959B,大華投等美債15Y+,10,0,10,群益金鼎-開元,2024-09-20,9134
3550,聯穎,16,6,10,群益金鼎-開元,2024-09-20,9134
5905,南仁湖,14,5,9,群益金鼎-開元,2024-09-20,9134
00795B,中信美國公債20年,10,2,8,群益金鼎-開元,2024-09-20,9134
2609,陽明,11,3,8,群益金鼎-開元,2024-09-20,9134
6191,精成科,58,50,8,群益金鼎-開元,2024-09-20,9134
4566,時碩工業,12,4,8,群益金鼎-開元,2024-09-20,9134
8089,康全電訊,223,6,217,群益金鼎-開元,2024-09-23,9134
00687B,國泰20年美債,178,0,178,群益金鼎-開元,2024-09-23,9134
2892,第一金,100,1,99,群益金鼎-開元,2024-09-23,9134
2515,中工,225,128,97,群益金鼎-開元,2024-09-23,9134
2888,新光金,245,151,94,群益金鼎-開元,2024-09-23,9134
00751B,元大AAA至A公司債,80,0,80,群益金鼎-開元,2024-09-23,9134
8358,金居,72,0,72,群益金鼎-開元,2024-09-23,9134
4306,炎洲,48,3,45,群益金鼎-開元,2024-09-23,9134
4768,晶呈科技,44,0,44,群益金鼎-開元,2024-09-23,9134
00957B,兆豐US優選投等債,43,0,43,群益金鼎-開元,2024-09-23,9134
2399,映泰,98,58,40,群益金鼎-開元,2024-09-23,9134
00948B,中信優息投資級債,37,0,37,群益金鼎-開元,2024-09-23,9134
3481,群創,91,60,31,群益金鼎-開元,2024-09-23,9134
00673R,期元大S＆P原油反1,31,0,31,群益金鼎-開元,2024-09-23,9134
00679B,元大美債20年,39,9,30,群益金鼎-開元,2024-09-23,9134
6609,瀧澤科,29,0,29,群益金鼎-開元,2024-09-23,9134
9945,潤泰新,41,15,26,群益金鼎-開元,2024-09-23,9134
1711,永光,39,16,23,群益金鼎-開元,2024-09-23,9134
1326,台化,23,0,23,群益金鼎-開元,2024-09-23,9134
00720B,元大投資級公司債,28,6,22,群益金鼎-開元,2024-09-23,9134
2070,精湛,45,23,22,群益金鼎-開元,2024-09-23,9134
2409,友達,23,5,18,群益金鼎-開元,2024-09-23,9134
8446,華研,18,0,18,群益金鼎-開元,2024-09-23,9134
00929,復華台灣科技優息,21,4,17,群益金鼎-開元,2024-09-23,9134
00878,國泰永續高股息,16,0,16,群益金鼎-開元,2024-09-23,9134
00637L,元大滬深300正2,20,4,16,群益金鼎-開元,2024-09-23,9134
3455,由田,21,5,16,群益金鼎-開元,2024-09-23,9134
6139,亞翔,17,1,16,群益金鼎-開元,2024-09-23,9134
1514,亞力,13,0,13,群益金鼎-開元,2024-09-23,9134
2455,全新,15,2,13,群益金鼎-開元,2024-09-23,9134
0056,元大高股息,12,0,12,群益金鼎-開元,2024-09-23,9134
2426,鼎元,13,1,12,群益金鼎-開元,2024-09-23,9134
2313,華通,11,0,11,群益金鼎-開元,2024-09-23,9134
4716,大立,45,34,11,群益金鼎-開元,2024-09-23,9134
00757,統一FANG+,10,0,10,群益金鼎-開元,2024-09-23,9134
2634,漢翔,11,1,10,群益金鼎-開元,2024-09-23,9134
2539,櫻花建,10,0,10,群益金鼎-開元,2024-09-23,9134
2464,盟立,10,1,9,群益金鼎-開元,2024-09-23,9134
2069,運錩,9,0,9,群益金鼎-開元,2024-09-23,9134
3430,奇鈦科,10,1,9,群益金鼎-開元,2024-09-23,9134
6446,藥華藥,13,4,9,群益金鼎-開元,2024-09-23,9134
3605,宏致,9,1,8,群益金鼎-開元,2024-09-23,9134
2867,三商壽,13,5,8,群益金鼎-開元,2024-09-23,9134
6104,創惟,18,10,8,群益金鼎-開元,2024-09-23,9134
3511,矽瑪,9,1,8,群益金鼎-開元,2024-09-23,9134
6153,嘉聯益,12,4,8,群益金鼎-開元,2024-09-23,9134
8039,台虹,7,0,7,群益金鼎-開元,2024-09-23,9134
2637,慧洋-KY,7,0,7,群益金鼎-開元,2024-09-23,9134
2535,達欣工,6,0,6,群益金鼎-開元,2024-09-23,9134
1522,堤維西,12,6,6,群益金鼎-開元,2024-09-23,9134
00688L,國泰20年美債正2,215,0,215,群益金鼎-開元,2024-09-24,9134
00795B,中信美國公債20年,101,0,101,群益金鼎-開元,2024-09-24,9134
00687B,國泰20年美債,88,3,85,群益金鼎-開元,2024-09-24,9134
00948B,中信優息投資級債,83,0,83,群益金鼎-開元,2024-09-24,9134
00937B,群益ESG投等債20,72,3,69,群益金鼎-開元,2024-09-24,9134
6416,瑞祺電通,52,2,50,群益金鼎-開元,2024-09-24,9134
1218,泰山,50,0,50,群益金鼎-開元,2024-09-24,9134
3481,群創,42,1,41,群益金鼎-開元,2024-09-24,9134
2515,中工,164,125,39,群益金鼎-開元,2024-09-24,9134
6026,福邦證,30,0,30,群益金鼎-開元,2024-09-24,9134
2610,華航,45,17,28,群益金鼎-開元,2024-09-24,9134
3581,博磊,26,1,25,群益金鼎-開元,2024-09-24,9134
2535,達欣工,24,0,24,群益金鼎-開元,2024-09-24,9134
4716,大立,30,7,23,群益金鼎-開元,2024-09-24,9134
00679B,元大美債20年,28,5,23,群益金鼎-開元,2024-09-24,9134
4772,台特化,21,0,21,群益金鼎-開元,2024-09-24,9134
3712,永崴投控,23,2,21,群益金鼎-開元,2024-09-24,9134
00650L,復華香港正2,20,0,20,群益金鼎-開元,2024-09-24,9134
2367,燿華,20,0,20,群益金鼎-開元,2024-09-24,9134
4906,正文,21,1,20,群益金鼎-開元,2024-09-24,9134
00929,復華台灣科技優息,29,9,20,群益金鼎-開元,2024-09-24,9134
3167,大量,28,10,18,群益金鼎-開元,2024-09-24,9134
5469,瀚宇博,31,13,18,群益金鼎-開元,2024-09-24,9134
00946,群益科技高息成長,30,13,17,群益金鼎-開元,2024-09-24,9134
2409,友達,23,6,17,群益金鼎-開元,2024-09-24,9134
3715,定穎投控,60,44,16,群益金鼎-開元,2024-09-24,9134
00919,群益台灣精選高息,23,7,16,群益金鼎-開元,2024-09-24,9134
3430,奇鈦科,16,0,16,群益金鼎-開元,2024-09-24,9134
2355,敬鵬,15,0,15,群益金鼎-開元,2024-09-24,9134
00881,國泰台灣5G+,16,1,15,群益金鼎-開元,2024-09-24,9134
00931B,統一美債20年,15,0,15,群益金鼎-開元,2024-09-24,9134
1609,大亞,16,1,15,群益金鼎-開元,2024-09-24,9134
2890,永豐金,15,1,14,群益金鼎-開元,2024-09-24,9134
4958,臻鼎-KY,13,0,13,群益金鼎-開元,2024-09-24,9134
00675L,富邦臺灣加權正2,13,0,13,群益金鼎-開元,2024-09-24,9134
3037,欣興,13,0,13,群益金鼎-開元,2024-09-24,9134
0056,元大高股息,14,1,13,群益金鼎-開元,2024-09-24,9134
2497,怡利電,16,4,12,群益金鼎-開元,2024-09-24,9134
1301,台塑,12,0,12,群益金鼎-開元,2024-09-24,9134
8249,菱光,12,0,12,群益金鼎-開元,2024-09-24,9134
4566,時碩工業,12,0,12,群益金鼎-開元,2024-09-24,9134
00665L,富邦�琤肭磪囓�2,20,8,12,群益金鼎-開元,2024-09-24,9134
2641,正德,13,1,12,群益金鼎-開元,2024-09-24,9134
6863,永道-KY,18,6,12,群益金鼎-開元,2024-09-24,9134
00712,復華富時不動產,11,0,11,群益金鼎-開元,2024-09-24,9134
1229,聯華,11,0,11,群益金鼎-開元,2024-09-24,9134
00632R,元大台灣50反1,15,5,10,群益金鼎-開元,2024-09-24,9134
8070,長華*,32,22,10,群益金鼎-開元,2024-09-24,9134
00680L,元大美債20正2,10,1,9,群益金鼎-開元,2024-09-24,9134
2419,仲琦,9,0,9,群益金鼎-開元,2024-09-24,9134
1229,聯華,166,0,166,群益金鼎-開元,2024-09-25,9134
00687B,國泰20年美債,134,3,131,群益金鼎-開元,2024-09-25,9134
2610,華航,106,7,99,群益金鼎-開元,2024-09-25,9134
3481,群創,119,23,96,群益金鼎-開元,2024-09-25,9134
00637L,元大滬深300正2,122,44,78,群益金鼎-開元,2024-09-25,9134
1711,永光,68,3,65,群益金鼎-開元,2024-09-25,9134
00632R,元大台灣50反1,79,16,63,群益金鼎-開元,2024-09-25,9134
00918,大華優利高填息30,67,8,59,群益金鼎-開元,2024-09-25,9134
00948B,中信優息投資級債,52,0,52,群益金鼎-開元,2024-09-25,9134
2535,達欣工,51,5,46,群益金鼎-開元,2024-09-25,9134
6241,易通展,46,3,43,群益金鼎-開元,2024-09-25,9134
00937B,群益ESG投等債20,43,0,43,群益金鼎-開元,2024-09-25,9134
00919,群益台灣精選高息,67,26,41,群益金鼎-開元,2024-09-25,9134
3581,博磊,36,1,35,群益金鼎-開元,2024-09-25,9134
2020,美亞,32,0,32,群益金鼎-開元,2024-09-25,9134
8105,凌巨,40,10,30,群益金鼎-開元,2024-09-25,9134
00633L,富邦上証正2,31,1,30,群益金鼎-開元,2024-09-25,9134
00945B,凱基美國非投等債,30,0,30,群益金鼎-開元,2024-09-25,9134
00679B,元大美債20年,48,20,28,群益金鼎-開元,2024-09-25,9134
00946,群益科技高息成長,31,3,28,群益金鼎-開元,2024-09-25,9134
00713,元大台灣高息低波,29,3,26,群益金鼎-開元,2024-09-25,9134
3047,訊舟,36,10,26,群益金鼎-開元,2024-09-25,9134
00915,凱基優選高股息30,25,0,25,群益金鼎-開元,2024-09-25,9134
2915,潤泰全,23,0,23,群益金鼎-開元,2024-09-25,9134
2025,千興,23,0,23,群益金鼎-開元,2024-09-25,9134
00688L,國泰20年美債正2,175,152,23,群益金鼎-開元,2024-09-25,9134
3062,建漢,25,5,20,群益金鼎-開元,2024-09-25,9134
00953B,群益優選非投等債,20,0,20,群益金鼎-開元,2024-09-25,9134
5483,中美晶,20,0,20,群益金鼎-開元,2024-09-25,9134
1727,中華化,20,0,20,群益金鼎-開元,2024-09-25,9134
9945,潤泰新,35,16,19,群益金鼎-開元,2024-09-25,9134
2867,三商壽,21,2,19,群益金鼎-開元,2024-09-25,9134
3714,富采,21,4,17,群益金鼎-開元,2024-09-25,9134
2425,承啟,21,5,16,群益金鼎-開元,2024-09-25,9134
8070,長華*,23,7,16,群益金鼎-開元,2024-09-25,9134
3293,鈊象,17,2,15,群益金鼎-開元,2024-09-25,9134
6151,晉倫,32,18,14,群益金鼎-開元,2024-09-25,9134
00957B,兆豐US優選投等債,14,0,14,群益金鼎-開元,2024-09-25,9134
5488,松普,12,0,12,群益金鼎-開元,2024-09-25,9134
2883,凱基金,20,9,11,群益金鼎-開元,2024-09-25,9134
1582,信錦,11,0,11,群益金鼎-開元,2024-09-25,9134
1110,東泥,11,0,11,群益金鼎-開元,2024-09-25,9134
3231,緯創,19,8,11,群益金鼎-開元,2024-09-25,9134
8064,東捷,11,1,10,群益金鼎-開元,2024-09-25,9134
3693,營邦,10,0,10,群益金鼎-開元,2024-09-25,9134
00724B,群益投資級金融債,10,0,10,群益金鼎-開元,2024-09-25,9134
4562,穎漢,10,0,10,群益金鼎-開元,2024-09-25,9134
00959B,大華投等美債15Y+,10,0,10,群益金鼎-開元,2024-09-25,9134
3550,聯穎,148,138,10,群益金鼎-開元,2024-09-25,9134
3149,正達,11,2,9,群益金鼎-開元,2024-09-25,9134
00688L,國泰20年美債正2,224,1,223,群益金鼎-開元,2024-09-26,9134
3580,友威科,170,0,170,群益金鼎-開元,2024-09-26,9134
00948B,中信優息投資級債,151,0,151,群益金鼎-開元,2024-09-26,9134
00937B,群益ESG投等債20,204,75,129,群益金鼎-開元,2024-09-26,9134
00687B,國泰20年美債,136,27,109,群益金鼎-開元,2024-09-26,9134
00632R,元大台灣50反1,121,30,91,群益金鼎-開元,2024-09-26,9134
4960,誠美材,70,0,70,群益金鼎-開元,2024-09-26,9134
00957B,兆豐US優選投等債,63,0,63,群益金鼎-開元,2024-09-26,9134
00951,台新日本半導體,50,0,50,群益金鼎-開元,2024-09-26,9134
2883B,凱基金乙特,45,0,45,群益金鼎-開元,2024-09-26,9134
4164,承業醫,45,0,45,群益金鼎-開元,2024-09-26,9134
2891,中信金,44,6,38,群益金鼎-開元,2024-09-26,9134
3019,亞光,46,7,39,群益金鼎-開元,2024-09-26,9134
2884,玉山金,50,13,37,群益金鼎-開元,2024-09-26,9134
00931B,統一美債20年,57,20,37,群益金鼎-開元,2024-09-26,9134
6188,廣明,49,13,36,群益金鼎-開元,2024-09-26,9134
00720B,元大投資級公司債,32,0,32,群益金鼎-開元,2024-09-26,9134
00958B,永豐ESG銀行債15,32,0,32,群益金鼎-開元,2024-09-26,9134
00960,野村全球航運龍頭,39,12,27,群益金鼎-開元,2024-09-26,9134
1314,中石化,24,1,23,群益金鼎-開元,2024-09-26,9134
4958,臻鼎-KY,22,0,22,群益金鼎-開元,2024-09-26,9134
3673,TPK-KY,25,4,21,群益金鼎-開元,2024-09-26,9134
2344,華邦電,28,8,20,群益金鼎-開元,2024-09-26,9134
00724B,群益投資級金融債,20,0,20,群益金鼎-開元,2024-09-26,9134
2313,華通,21,1,20,群益金鼎-開元,2024-09-26,9134
5871,中租-KY,19,0,19,群益金鼎-開元,2024-09-26,9134
0056,元大高股息,22,3,19,群益金鼎-開元,2024-09-26,9134
2356,英業達,19,1,18,群益金鼎-開元,2024-09-26,9134
6877,鏵友益,19,1,18,群益金鼎-開元,2024-09-26,9134
3031,佰鴻,18,0,18,群益金鼎-開元,2024-09-26,9134
00882,中信中國高股息,17,0,17,群益金鼎-開元,2024-09-26,9134
4562,穎漢,24,7,17,群益金鼎-開元,2024-09-26,9134
2317,鴻海,33,18,15,群益金鼎-開元,2024-09-26,9134
00929,復華台灣科技優息,20,5,15,群益金鼎-開元,2024-09-26,9134
8358,金居,14,0,14,群益金鼎-開元,2024-09-26,9134
2312,金寶,25,12,13,群益金鼎-開元,2024-09-26,9134
6548,長科*,14,1,13,群益金鼎-開元,2024-09-26,9134
3312,弘憶股,13,0,13,群益金鼎-開元,2024-09-26,9134
4716,大立,26,14,12,群益金鼎-開元,2024-09-26,9134
1305,華夏,12,0,12,群益金鼎-開元,2024-09-26,9134
00675L,富邦臺灣加權正2,12,0,12,群益金鼎-開元,2024-09-26,9134
6152,百一,12,0,12,群益金鼎-開元,2024-09-26,9134
2353,宏��,15,3,12,群益金鼎-開元,2024-09-26,9134
1584,精剛,11,0,11,群益金鼎-開元,2024-09-26,9134
2613,中櫃,17,6,11,群益金鼎-開元,2024-09-26,9134
3094,聯傑,12,1,11,群益金鼎-開元,2024-09-26,9134
1303,南亞,11,0,11,群益金鼎-開元,2024-09-26,9134
6104,創惟,33,23,10,群益金鼎-開元,2024-09-26,9134
4174,浩鼎,11,1,10,群益金鼎-開元,2024-09-26,9134
00706L,期元大S＆P日圓正2,10,0,10,群益金鼎-開元,2024-09-26,9134
00679B,元大美債20年,413,32,381,群益金鼎-開元,2024-09-27,9134
6116,彩晶,342,2,340,群益金鼎-開元,2024-09-27,9134
2603,長榮,201,5,196,群益金鼎-開元,2024-09-27,9134
00937B,群益ESG投等債20,182,10,172,群益金鼎-開元,2024-09-27,9134
00637L,元大滬深300正2,574,441,133,群益金鼎-開元,2024-09-27,9134
1229,聯華,118,0,118,群益金鼎-開元,2024-09-27,9134
00919,群益台灣精選高息,138,52,86,群益金鼎-開元,2024-09-27,9134
00948B,中信優息投資級債,78,0,78,群益金鼎-開元,2024-09-27,9134
5483,中美晶,50,5,45,群益金鼎-開元,2024-09-27,9134
00687B,國泰20年美債,60,21,39,群益金鼎-開元,2024-09-27,9134
00720B,元大投資級公司債,32,0,32,群益金鼎-開元,2024-09-27,9134
4114,健喬,31,1,30,群益金鼎-開元,2024-09-27,9134
2855,統一證,25,1,24,群益金鼎-開元,2024-09-27,9134
00958B,永豐ESG銀行債15,24,0,24,群益金鼎-開元,2024-09-27,9134
00929,復華台灣科技優息,25,4,21,群益金鼎-開元,2024-09-27,9134
2486,一詮,23,2,21,群益金鼎-開元,2024-09-27,9134
6180,橘子,21,0,21,群益金鼎-開元,2024-09-27,9134
3580,友威科,20,0,20,群益金鼎-開元,2024-09-27,9134
3047,訊舟,20,0,20,群益金鼎-開元,2024-09-27,9134
8358,金居,20,0,20,群益金鼎-開元,2024-09-27,9134
00700,富邦�琤肭磪�,20,0,20,群益金鼎-開元,2024-09-27,9134
00680L,元大美債20正2,20,1,19,群益金鼎-開元,2024-09-27,9134
4562,穎漢,20,2,18,群益金鼎-開元,2024-09-27,9134
00665L,富邦�琤肭磪囓�2,20,2,18,群益金鼎-開元,2024-09-27,9134
2399,映泰,31,14,17,群益金鼎-開元,2024-09-27,9134
2313,華通,48,31,17,群益金鼎-開元,2024-09-27,9134
4510,高鋒,18,2,16,群益金鼎-開元,2024-09-27,9134
00724B,群益投資級金融債,15,0,15,群益金鼎-開元,2024-09-27,9134
6642,富致,14,0,14,群益金鼎-開元,2024-09-27,9134
2436,偉詮電,13,0,13,群益金鼎-開元,2024-09-27,9134
3234,光環,13,0,13,群益金鼎-開元,2024-09-27,9134
1717,長興,27,15,12,群益金鼎-開元,2024-09-27,9134
2388,威盛,16,4,12,群益金鼎-開元,2024-09-27,9134
6530,創威,15,3,12,群益金鼎-開元,2024-09-27,9134
2641,正德,27,15,12,群益金鼎-開元,2024-09-27,9134
2883B,凱基金乙特,12,0,12,群益金鼎-開元,2024-09-27,9134
00675L,富邦臺灣加權正2,12,0,12,群益金鼎-開元,2024-09-27,9134
3163,波若威,24,12,12,群益金鼎-開元,2024-09-27,9134
2363,矽統,18,7,11,群益金鼎-開元,2024-09-27,9134
1319,東陽,11,0,11,群益金鼎-開元,2024-09-27,9134
4903,聯光通,30,19,11,群益金鼎-開元,2024-09-27,9134
00953B,群益優選非投等債,10,0,10,群益金鼎-開元,2024-09-27,9134
00650L,復華香港正2,10,0,10,群益金鼎-開元,2024-09-27,9134
6416,瑞祺電通,10,0,10,群益金鼎-開元,2024-09-27,9134
00887,永豐中國科技50大,10,0,10,群益金鼎-開元,2024-09-27,9134
00712,復華富時不動產,10,0,10,群益金鼎-開元,2024-09-27,9134
3543,州巧,10,0,10,群益金鼎-開元,2024-09-27,9134
3693,營邦,10,0,10,群益金鼎-開元,2024-09-27,9134
00706L,期元大S＆P日圓正2,10,0,10,群益金鼎-開元,2024-09-27,9134
4162,智擎,10,0,10,群益金鼎-開元,2024-09-27,9134
00882,中信中國高股息,199,32,167,群益金鼎-開元,2024-09-30,9134
00688L,國泰20年美債正2,120,0,120,群益金鼎-開元,2024-09-30,9134
00948B,中信優息投資級債,74,0,74,群益金鼎-開元,2024-09-30,9134
00680L,元大美債20正2,65,0,65,群益金鼎-開元,2024-09-30,9134
00878,國泰永續高股息,64,1,63,群益金鼎-開元,2024-09-30,9134
00927,群益半導體收益,59,0,59,群益金鼎-開元,2024-09-30,9134
8089,康全電訊,54,4,50,群益金鼎-開元,2024-09-30,9134
00929,復華台灣科技優息,48,0,48,群益金鼎-開元,2024-09-30,9134
00650L,復華香港正2,44,0,44,群益金鼎-開元,2024-09-30,9134
2883,凱基金,57,13,44,群益金鼎-開元,2024-09-30,9134
2317,鴻海,78,34,44,群益金鼎-開元,2024-09-30,9134
2313,華通,41,1,40,群益金鼎-開元,2024-09-30,9134
2330,台積電,53,13,40,群益金鼎-開元,2024-09-30,9134
2609,陽明,55,20,35,群益金鼎-開元,2024-09-30,9134
3149,正達,32,1,31,群益金鼎-開元,2024-09-30,9134
00687B,國泰20年美債,31,3,28,群益金鼎-開元,2024-09-30,9134
2615,萬海,59,32,27,群益金鼎-開元,2024-09-30,9134
3088,艾訊,27,0,27,群益金鼎-開元,2024-09-30,9134
0056,元大高股息,27,0,27,群益金鼎-開元,2024-09-30,9134
2038,海光,36,10,26,群益金鼎-開元,2024-09-30,9134
00919,群益台灣精選高息,77,51,26,群益金鼎-開元,2024-09-30,9134
2014,中鴻,42,17,25,群益金鼎-開元,2024-09-30,9134
006208,富邦台50,27,3,24,群益金鼎-開元,2024-09-30,9134
6877,鏵友益,23,0,23,群益金鼎-開元,2024-09-30,9134
00945B,凱基美國非投等債,24,2,22,群益金鼎-開元,2024-09-30,9134
00720B,元大投資級公司債,27,5,22,群益金鼎-開元,2024-09-30,9134
00665L,富邦�琤肭磪囓�2,24,2,22,群益金鼎-開元,2024-09-30,9134
2017,官田鋼,21,0,21,群益金鼎-開元,2024-09-30,9134
00679B,元大美債20年,106,85,21,群益金鼎-開元,2024-09-30,9134
6642,富致,20,0,20,群益金鼎-開元,2024-09-30,9134
00943,兆豐電子高息等權,20,0,20,群益金鼎-開元,2024-09-30,9134
00907,永豐優息存股,20,0,20,群益金鼎-開元,2024-09-30,9134
3543,州巧,20,0,20,群益金鼎-開元,2024-09-30,9134
2603,長榮,23,4,19,群益金鼎-開元,2024-09-30,9134
5434,崇越,18,0,18,群益金鼎-開元,2024-09-30,9134
6191,精成科,32,15,17,群益金鼎-開元,2024-09-30,9134
3022,威強電,16,0,16,群益金鼎-開元,2024-09-30,9134
2329,華泰,16,0,16,群益金鼎-開元,2024-09-30,9134
00881,國泰台灣5G+,16,0,16,群益金鼎-開元,2024-09-30,9134
00753L,中信中國50正2,27,11,16,群益金鼎-開元,2024-09-30,9134
3231,緯創,16,0,16,群益金鼎-開元,2024-09-30,9134
8039,台虹,15,0,15,群益金鼎-開元,2024-09-30,9134
2882,國泰金,16,2,14,群益金鼎-開元,2024-09-30,9134
00752,中信中國50,16,2,14,群益金鼎-開元,2024-09-30,9134
1909,榮成,14,0,14,群益金鼎-開元,2024-09-30,9134
0050,元大台灣50,12,0,12,群益金鼎-開元,2024-09-30,9134
6548,長科*,11,0,11,群益金鼎-開元,2024-09-30,9134
00918,大華優利高填息30,19,8,11,群益金鼎-開元,2024-09-30,9134
2542,興富發,11,1,10,群益金鼎-開元,2024-09-30,9134
3081,聯亞,17,7,10,群益金鼎-開元,2024-09-30,9134
2888,新光金,254,35,219,群益金鼎-開元,2024-10-01,9134
00937B,群益ESG投等債20,141,10,131,群益金鼎-開元,2024-10-01,9134
00929,復華台灣科技優息,80,0,80,群益金鼎-開元,2024-10-01,9134
1229,聯華,56,0,56,群益金鼎-開元,2024-10-01,9134
2892,第一金,51,1,50,群益金鼎-開元,2024-10-01,9134
00882,中信中國高股息,50,5,45,群益金鼎-開元,2024-10-01,9134
00664R,國泰臺灣加權反1,37,0,37,群益金鼎-開元,2024-10-01,9134
00927,群益半導體收益,38,2,36,群益金鼎-開元,2024-10-01,9134
00957B,兆豐US優選投等債,30,0,30,群益金鼎-開元,2024-10-01,9134
2317,鴻海,37,8,29,群益金鼎-開元,2024-10-01,9134
3543,州巧,25,0,25,群益金鼎-開元,2024-10-01,9134
8249,菱光,26,1,25,群益金鼎-開元,2024-10-01,9134
1721,三晃,25,0,25,群益金鼎-開元,2024-10-01,9134
0056,元大高股息,27,5,22,群益金鼎-開元,2024-10-01,9134
00650L,復華香港正2,22,0,22,群益金鼎-開元,2024-10-01,9134
2834,臺企銀,24,2,22,群益金鼎-開元,2024-10-01,9134
00637L,元大滬深300正2,20,0,20,群益金鼎-開元,2024-10-01,9134
00940,元大台灣價值高息,27,8,19,群益金鼎-開元,2024-10-01,9134
00720B,元大投資級公司債,19,0,19,群益金鼎-開元,2024-10-01,9134
1536,和大,17,0,17,群益金鼎-開元,2024-10-01,9134
2406,國碩,16,0,16,群益金鼎-開元,2024-10-01,9134
2511,太子,15,0,15,群益金鼎-開元,2024-10-01,9134
00919,群益台灣精選高息,21,6,15,群益金鼎-開元,2024-10-01,9134
2881,富邦金,15,0,15,群益金鼎-開元,2024-10-01,9134
00878,國泰永續高股息,18,4,14,群益金鼎-開元,2024-10-01,9134
3576,聯合再生,16,2,14,群益金鼎-開元,2024-10-01,9134
6642,富致,14,0,14,群益金鼎-開元,2024-10-01,9134
5907,大洋-KY,16,2,14,群益金鼎-開元,2024-10-01,9134
00915,凱基優選高股息30,13,0,13,群益金鼎-開元,2024-10-01,9134
1727,中華化,14,1,13,群益金鼎-開元,2024-10-01,9134
2801,彰銀,12,0,12,群益金鼎-開元,2024-10-01,9134
3013,晟銘電,19,7,12,群益金鼎-開元,2024-10-01,9134
00946,群益科技高息成長,16,4,12,群益金鼎-開元,2024-10-01,9134
1326,台化,14,3,11,群益金鼎-開元,2024-10-01,9134
6548,長科*,11,0,11,群益金鼎-開元,2024-10-01,9134
00679B,元大美債20年,25,14,11,群益金鼎-開元,2024-10-01,9134
5871,中租-KY,13,2,11,群益金鼎-開元,2024-10-01,9134
00960,野村全球航運龍頭,11,1,10,群益金鼎-開元,2024-10-01,9134
0050,元大台灣50,11,1,10,群益金鼎-開元,2024-10-01,9134
4174,浩鼎,14,4,10,群益金鼎-開元,2024-10-01,9134
6770,力積電,13,3,10,群益金鼎-開元,2024-10-01,9134
00665L,富邦�琤肭磪囓�2,11,1,10,群益金鼎-開元,2024-10-01,9134
2440,太空梭,10,0,10,群益金鼎-開元,2024-10-01,9134
8034,榮群,11,1,10,群益金鼎-開元,2024-10-01,9134
5452,佶優,42,32,10,群益金鼎-開元,2024-10-01,9134
6163,華電網,10,0,10,群益金鼎-開元,2024-10-01,9134
2363,矽統,12,3,9,群益金鼎-開元,2024-10-01,9134
2618,長榮航,15,6,9,群益金鼎-開元,2024-10-01,9134
6869,雲豹能源,12,4,8,群益金鼎-開元,2024-10-01,9134
2409,友達,8,0,8,群益金鼎-開元,2024-10-01,9134
00882,中信中國高股息,895,150,745,群益金鼎-開元,2024-10-04,9134
00680L,元大美債20正2,717,30,687,群益金鼎-開元,2024-10-04,9134
00919,群益台灣精選高息,152,10,142,群益金鼎-開元,2024-10-04,9134
2610,華航,116,2,114,群益金鼎-開元,2024-10-04,9134
2605,新興,105,5,100,群益金鼎-開元,2024-10-04,9134
1326,台化,100,2,98,群益金鼎-開元,2024-10-04,9134
2892,第一金,88,0,88,群益金鼎-開元,2024-10-04,9134
00929,復華台灣科技優息,87,0,87,群益金鼎-開元,2024-10-04,9134
00712,復華富時不動產,84,0,84,群益金鼎-開元,2024-10-04,9134
2609,陽明,85,10,75,群益金鼎-開元,2024-10-04,9134
00878,國泰永續高股息,72,0,72,群益金鼎-開元,2024-10-04,9134
2845,遠東銀,41,0,41,群益金鼎-開元,2024-10-04,9134
2332,友訊,50,10,40,群益金鼎-開元,2024-10-04,9134
2637,慧洋-KY,44,5,39,群益金鼎-開元,2024-10-04,9134
2603,長榮,40,3,37,群益金鼎-開元,2024-10-04,9134
2618,長榮航,48,11,37,群益金鼎-開元,2024-10-04,9134
2884,玉山金,45,9,36,群益金鼎-開元,2024-10-04,9134
2615,萬海,37,2,35,群益金鼎-開元,2024-10-04,9134
2464,盟立,36,3,33,群益金鼎-開元,2024-10-04,9134
00946,群益科技高息成長,32,0,32,群益金鼎-開元,2024-10-04,9134
2303,聯電,48,17,31,群益金鼎-開元,2024-10-04,9134
00948B,中信優息投資級債,30,0,30,群益金鼎-開元,2024-10-04,9134
00955,中信日本商社,30,0,30,群益金鼎-開元,2024-10-04,9134
1815,富喬,33,4,29,群益金鼎-開元,2024-10-04,9134
1609,大亞,35,7,28,群益金鼎-開元,2024-10-04,9134
00687B,國泰20年美債,39,12,27,群益金鼎-開元,2024-10-04,9134
2323,中環,25,1,24,群益金鼎-開元,2024-10-04,9134
2349,錸德,24,0,24,群益金鼎-開元,2024-10-04,9134
6770,力積電,25,2,23,群益金鼎-開元,2024-10-04,9134
00940,元大台灣價值高息,46,26,20,群益金鼎-開元,2024-10-04,9134
4960,誠美材,21,1,20,群益金鼎-開元,2024-10-04,9134
00679B,元大美債20年,21,3,18,群益金鼎-開元,2024-10-04,9134
4903,聯光通,79,61,18,群益金鼎-開元,2024-10-04,9134
2891,中信金,18,0,18,群益金鼎-開元,2024-10-04,9134
6026,福邦證,15,0,15,群益金鼎-開元,2024-10-04,9134
3081,聯亞,31,17,14,群益金鼎-開元,2024-10-04,9134
00937B,群益ESG投等債20,14,0,14,群益金鼎-開元,2024-10-04,9134
6248,沛波,14,0,14,群益金鼎-開元,2024-10-04,9134
2439,美律,14,0,14,群益金鼎-開元,2024-10-04,9134
4566,時碩工業,14,0,14,群益金鼎-開元,2024-10-04,9134
2633,台灣高鐵,19,6,13,群益金鼎-開元,2024-10-04,9134
2883B,凱基金乙特,13,0,13,群益金鼎-開元,2024-10-04,9134
1721,三晃,20,7,13,群益金鼎-開元,2024-10-04,9134
4772,台特化,15,2,13,群益金鼎-開元,2024-10-04,9134
3094,聯傑,12,0,12,群益金鼎-開元,2024-10-04,9134
2388,威盛,14,2,12,群益金鼎-開元,2024-10-04,9134
00915,凱基優選高股息30,12,1,11,群益金鼎-開元,2024-10-04,9134
2408,南亞科,12,1,11,群益金鼎-開元,2024-10-04,9134
00932,兆豐永續高息等權,11,0,11,群益金鼎-開元,2024-10-04,9134
5608,四維航,12,1,11,群益金鼎-開元,2024-10-04,9134
00882,中信中國高股息,520,39,481,群益金鼎-開元,2024-10-07,9134
00952,凱基台灣AI50,250,0,250,群益金鼎-開元,2024-10-07,9134
00680L,元大美債20正2,175,32,143,群益金鼎-開元,2024-10-07,9134
5864,致和證,60,0,60,群益金鼎-開元,2024-10-07,9134
1314,中石化,62,3,59,群益金鼎-開元,2024-10-07,9134
00929,復華台灣科技優息,57,1,56,群益金鼎-開元,2024-10-07,9134
4563,百德,86,31,55,群益金鼎-開元,2024-10-07,9134
00948B,中信優息投資級債,48,0,48,群益金鼎-開元,2024-10-07,9134
00665L,富邦�琤肭磪囓�2,61,16,45,群益金鼎-開元,2024-10-07,9134
2892,第一金,43,0,43,群益金鼎-開元,2024-10-07,9134
2316,楠梓電,41,4,37,群益金鼎-開元,2024-10-07,9134
2897,王道銀行,35,0,35,群益金鼎-開元,2024-10-07,9134
00933B,國泰10Y+金融債,31,0,31,群益金鼎-開元,2024-10-07,9134
00632R,元大台灣50反1,30,0,30,群益金鼎-開元,2024-10-07,9134
00946,群益科技高息成長,32,4,28,群益金鼎-開元,2024-10-07,9134
00753L,中信中國50正2,51,24,27,群益金鼎-開元,2024-10-07,9134
2543,皇昌,67,42,25,群益金鼎-開元,2024-10-07,9134
4109,加捷生醫,25,0,25,群益金鼎-開元,2024-10-07,9134
00679B,元大美債20年,55,31,24,群益金鼎-開元,2024-10-07,9134
2108,南帝,23,0,23,群益金鼎-開元,2024-10-07,9134
3049,精金,40,18,22,群益金鼎-開元,2024-10-07,9134
3714,富采,22,0,22,群益金鼎-開元,2024-10-07,9134
3481,群創,74,54,20,群益金鼎-開元,2024-10-07,9134
2059,川湖,20,0,20,群益金鼎-開元,2024-10-07,9134
00937B,群益ESG投等債20,54,37,17,群益金鼎-開元,2024-10-07,9134
2633,台灣高鐵,16,0,16,群益金鼎-開元,2024-10-07,9134
4562,穎漢,16,0,16,群益金鼎-開元,2024-10-07,9134
6163,華電網,16,0,16,群益金鼎-開元,2024-10-07,9134
3615,安可,16,1,15,群益金鼎-開元,2024-10-07,9134
2313,華通,17,2,15,群益金鼎-開元,2024-10-07,9134
9105,泰金寶-DR,18,5,13,群益金鼎-開元,2024-10-07,9134
3715,定穎投控,38,25,13,群益金鼎-開元,2024-10-07,9134
00795B,中信美國公債20年,13,0,13,群益金鼎-開元,2024-10-07,9134
2356,英業達,17,5,12,群益金鼎-開元,2024-10-07,9134
00915,凱基優選高股息30,11,0,11,群益金鼎-開元,2024-10-07,9134
1909,榮成,11,0,11,群益金鼎-開元,2024-10-07,9134
2883B,凱基金乙特,11,0,11,群益金鼎-開元,2024-10-07,9134
00919,群益台灣精選高息,45,34,11,群益金鼎-開元,2024-10-07,9134
2887,台新金,10,0,10,群益金鼎-開元,2024-10-07,9134
6770,力積電,12,2,10,群益金鼎-開元,2024-10-07,9134
6290,良維,10,0,10,群益金鼎-開元,2024-10-07,9134
2439,美律,12,2,10,群益金鼎-開元,2024-10-07,9134
6104,創惟,16,6,10,群益金鼎-開元,2024-10-07,9134
2929,淘帝-KY,11,1,10,群益金鼎-開元,2024-10-07,9134
00939,統一台灣高息動能,9,0,9,群益金鼎-開元,2024-10-07,9134
3374,精材,11,2,9,群益金鼎-開元,2024-10-07,9134
4523,永彰,9,0,9,群益金鼎-開元,2024-10-07,9134
3663,鑫科,11,2,9,群益金鼎-開元,2024-10-07,9134
0056,元大高股息,16,7,9,群益金鼎-開元,2024-10-07,9134
00751B,元大AAA至A公司債,8,0,8,群益金鼎-開元,2024-10-07,9134
00882,中信中國高股息,1084,266,818,群益金鼎-開元,2024-10-08,9134
00680L,元大美債20正2,373,59,314,群益金鼎-開元,2024-10-08,9134
00948B,中信優息投資級債,246,2,244,群益金鼎-開元,2024-10-08,9134
00937B,群益ESG投等債20,223,28,195,群益金鼎-開元,2024-10-08,9134
6026,福邦證,105,0,105,群益金鼎-開元,2024-10-08,9134
00688L,國泰20年美債正2,101,0,101,群益金鼎-開元,2024-10-08,9134
3049,精金,97,2,95,群益金鼎-開元,2024-10-08,9134
2845,遠東銀,89,0,89,群益金鼎-開元,2024-10-08,9134
00753L,中信中國50正2,152,75,77,群益金鼎-開元,2024-10-08,9134
2399,映泰,152,78,74,群益金鼎-開元,2024-10-08,9134
00712,復華富時不動產,63,0,63,群益金鼎-開元,2024-10-08,9134
2543,皇昌,78,24,54,群益金鼎-開元,2024-10-08,9134
2883,凱基金,53,1,52,群益金鼎-開元,2024-10-08,9134
0056,元大高股息,49,2,47,群益金鼎-開元,2024-10-08,9134
00878,國泰永續高股息,44,1,43,群益金鼎-開元,2024-10-08,9134
4960,誠美材,40,0,40,群益金鼎-開元,2024-10-08,9134
3163,波若威,46,7,39,群益金鼎-開元,2024-10-08,9134
1727,中華化,35,2,33,群益金鼎-開元,2024-10-08,9134
2323,中環,31,0,31,群益金鼎-開元,2024-10-08,9134
1314,中石化,60,30,30,群益金鼎-開元,2024-10-08,9134
6416,瑞祺電通,30,0,30,群益金鼎-開元,2024-10-08,9134
00922,國泰台灣領袖50,44,15,29,群益金鼎-開元,2024-10-08,9134
00643,群益深証中小,32,4,28,群益金鼎-開元,2024-10-08,9134
6548,長科*,30,2,28,群益金鼎-開元,2024-10-08,9134
1229,聯華,28,0,28,群益金鼎-開元,2024-10-08,9134
4109,加捷生醫,25,0,25,群益金鼎-開元,2024-10-08,9134
2633,台灣高鐵,24,0,24,群益金鼎-開元,2024-10-08,9134
1440,南紡,24,0,24,群益金鼎-開元,2024-10-08,9134
00940,元大台灣價值高息,24,0,24,群益金鼎-開元,2024-10-08,9134
2892,第一金,23,0,23,群益金鼎-開元,2024-10-08,9134
2344,華邦電,23,0,23,群益金鼎-開元,2024-10-08,9134
2884,玉山金,21,0,21,群益金鼎-開元,2024-10-08,9134
00679B,元大美債20年,32,11,21,群益金鼎-開元,2024-10-08,9134
2356,英業達,21,0,21,群益金鼎-開元,2024-10-08,9134
2498,宏達電,39,18,21,群益金鼎-開元,2024-10-08,9134
00724B,群益投資級金融債,20,0,20,群益金鼎-開元,2024-10-08,9134
2820,華票,20,0,20,群益金鼎-開元,2024-10-08,9134
2317,鴻海,22,3,19,群益金鼎-開元,2024-10-08,9134
00673R,期元大S＆P原油反1,19,0,19,群益金鼎-開元,2024-10-08,9134
8039,台虹,19,0,19,群益金鼎-開元,2024-10-08,9134
8150,南茂,20,1,19,群益金鼎-開元,2024-10-08,9134
5876,上海商銀,18,0,18,群益金鼎-開元,2024-10-08,9134
3543,州巧,15,0,15,群益金鼎-開元,2024-10-08,9134
2511,太子,15,0,15,群益金鼎-開元,2024-10-08,9134
2426,鼎元,25,10,15,群益金鼎-開元,2024-10-08,9134
2834,臺企銀,17,3,14,群益金鼎-開元,2024-10-08,9134
5443,均豪,20,7,13,群益金鼎-開元,2024-10-08,9134
2425,承啟,30,18,12,群益金鼎-開元,2024-10-08,9134
2883B,凱基金乙特,12,0,12,群益金鼎-開元,2024-10-08,9134
2886,兆豐金,12,0,12,群益金鼎-開元,2024-10-08,9134
00637L,元大滬深300正2,2609,56,2553,群益金鼎-開元,2024-10-09,9134
00882,中信中國高股息,396,46,350,群益金鼎-開元,2024-10-09,9134
00688L,國泰20年美債正2,144,5,139,群益金鼎-開元,2024-10-09,9134
00687B,國泰20年美債,127,24,103,群益金鼎-開元,2024-10-09,9134
00633L,富邦上証正2,104,4,100,群益金鼎-開元,2024-10-09,9134
2332,友訊,105,10,95,群益金鼎-開元,2024-10-09,9134
2888,新光金,109,18,91,群益金鼎-開元,2024-10-09,9134
3481,群創,89,3,86,群益金鼎-開元,2024-10-09,9134
4960,誠美材,80,0,80,群益金鼎-開元,2024-10-09,9134
2399,映泰,118,41,77,群益金鼎-開元,2024-10-09,9134
2208,台船,60,0,60,群益金鼎-開元,2024-10-09,9134
1314,中石化,84,25,59,群益金鼎-開元,2024-10-09,9134
00937B,群益ESG投等債20,54,0,54,群益金鼎-開元,2024-10-09,9134
2883B,凱基金乙特,53,0,53,群益金鼎-開元,2024-10-09,9134
00948B,中信優息投資級債,52,0,52,群益金鼎-開元,2024-10-09,9134
00712,復華富時不動產,48,0,48,群益金鼎-開元,2024-10-09,9134
5864,致和證,47,1,46,群益金鼎-開元,2024-10-09,9134
2892,第一金,42,0,42,群益金鼎-開元,2024-10-09,9134
2820,華票,40,0,40,群益金鼎-開元,2024-10-09,9134
2845,遠東銀,36,0,36,群益金鼎-開元,2024-10-09,9134
00679B,元大美債20年,42,10,32,群益金鼎-開元,2024-10-09,9134
2002,中鋼,36,8,28,群益金鼎-開元,2024-10-09,9134
2464,盟立,34,6,28,群益金鼎-開元,2024-10-09,9134
1708,東鹼,27,0,27,群益金鼎-開元,2024-10-09,9134
2367,燿華,26,2,24,群益金鼎-開元,2024-10-09,9134
2609,陽明,27,4,23,群益金鼎-開元,2024-10-09,9134
00680L,元大美債20正2,22,0,22,群益金鼎-開元,2024-10-09,9134
2615,萬海,25,3,22,群益金鼎-開元,2024-10-09,9134
5443,均豪,31,9,22,群益金鼎-開元,2024-10-09,9134
3050,鈺德,41,21,20,群益金鼎-開元,2024-10-09,9134
8349,�矬�,20,0,20,群益金鼎-開元,2024-10-09,9134
5871,中租-KY,18,0,18,群益金鼎-開元,2024-10-09,9134
2303,聯電,33,15,18,群益金鼎-開元,2024-10-09,9134
1609,大亞,18,1,17,群益金鼎-開元,2024-10-09,9134
2891,中信金,23,7,16,群益金鼎-開元,2024-10-09,9134
00922,國泰台灣領袖50,16,1,15,群益金鼎-開元,2024-10-09,9134
9945,潤泰新,15,0,15,群益金鼎-開元,2024-10-09,9134
2543,皇昌,71,56,15,群益金鼎-開元,2024-10-09,9134
2915,潤泰全,15,0,15,群益金鼎-開元,2024-10-09,9134
00946,群益科技高息成長,17,3,14,群益金鼎-開元,2024-10-09,9134
8105,凌巨,14,0,14,群益金鼎-開元,2024-10-09,9134
00720B,元大投資級公司債,15,1,14,群益金鼎-開元,2024-10-09,9134
3025,星通,51,38,13,群益金鼎-開元,2024-10-09,9134
00940,元大台灣價值高息,13,0,13,群益金鼎-開元,2024-10-09,9134
3322,建舜電,14,1,13,群益金鼎-開元,2024-10-09,9134
00931B,統一美債20年,23,11,12,群益金鼎-開元,2024-10-09,9134
1605,華新,12,0,12,群益金鼎-開元,2024-10-09,9134
3374,精材,14,2,12,群益金鼎-開元,2024-10-09,9134
1301,台塑,15,4,11,群益金鼎-開元,2024-10-09,9134
2377,微星,11,0,11,群益金鼎-開元,2024-10-09,9134
00637L,元大滬深300正2,919,39,880,群益金鼎-開元,2024-10-11,9134
00633L,富邦上証正2,403,0,403,群益金鼎-開元,2024-10-11,9134
00688L,國泰20年美債正2,186,0,186,群益金鼎-開元,2024-10-11,9134
3481,群創,96,5,91,群益金鼎-開元,2024-10-11,9134
2601,益航,77,3,74,群益金鼎-開元,2024-10-11,9134
3437,榮創,100,38,62,群益金鼎-開元,2024-10-11,9134
00632R,元大台灣50反1,60,0,60,群益金鼎-開元,2024-10-11,9134
6152,百一,57,1,56,群益金鼎-開元,2024-10-11,9134
00948B,中信優息投資級債,70,20,50,群益金鼎-開元,2024-10-11,9134
5483,中美晶,50,5,45,群益金鼎-開元,2024-10-11,9134
00679B,元大美債20年,44,1,43,群益金鼎-開元,2024-10-11,9134
00687B,國泰20年美債,59,19,40,群益金鼎-開元,2024-10-11,9134
2887,台新金,35,0,35,群益金鼎-開元,2024-10-11,9134
3033,威健,31,2,29,群益金鼎-開元,2024-10-11,9134
00878,國泰永續高股息,25,0,25,群益金鼎-開元,2024-10-11,9134
1536,和大,26,1,25,群益金鼎-開元,2024-10-11,9134
1513,中興電,25,0,25,群益金鼎-開元,2024-10-11,9134
2344,華邦電,21,0,21,群益金鼎-開元,2024-10-11,9134
3622,洋華,20,1,19,群益金鼎-開元,2024-10-11,9134
2449,京元電子,23,6,17,群益金鼎-開元,2024-10-11,9134
2867,三商壽,17,0,17,群益金鼎-開元,2024-10-11,9134
1584,精剛,17,0,17,群益金鼎-開元,2024-10-11,9134
6642,富致,17,0,17,群益金鼎-開元,2024-10-11,9134
00795B,中信美國公債20年,17,0,17,群益金鼎-開元,2024-10-11,9134
3049,精金,29,12,17,群益金鼎-開元,2024-10-11,9134
00673R,期元大S＆P原油反1,16,0,16,群益金鼎-開元,2024-10-11,9134
5871,中租-KY,15,0,15,群益金鼎-開元,2024-10-11,9134
3013,晟銘電,22,7,15,群益金鼎-開元,2024-10-11,9134
8070,長華*,20,7,13,群益金鼎-開元,2024-10-11,9134
00713,元大台灣高息低波,16,3,13,群益金鼎-開元,2024-10-11,9134
0056,元大高股息,17,5,12,群益金鼎-開元,2024-10-11,9134
2313,華通,13,1,12,群益金鼎-開元,2024-10-11,9134
3714,富采,12,0,12,群益金鼎-開元,2024-10-11,9134
1314,中石化,16,5,11,群益金鼎-開元,2024-10-11,9134
3037,欣興,13,2,11,群益金鼎-開元,2024-10-11,9134
2388,威盛,29,19,10,群益金鼎-開元,2024-10-11,9134
8089,康全電訊,11,1,10,群益金鼎-開元,2024-10-11,9134
8111,立��,23,13,10,群益金鼎-開元,2024-10-11,9134
00680L,元大美債20正2,40,30,10,群益金鼎-開元,2024-10-11,9134
2303,聯電,10,0,10,群益金鼎-開元,2024-10-11,9134
2739,寒舍,10,0,10,群益金鼎-開元,2024-10-11,9134
00724B,群益投資級金融債,10,0,10,群益金鼎-開元,2024-10-11,9134
1605,華新,12,2,10,群益金鼎-開元,2024-10-11,9134
1721,三晃,19,9,10,群益金鼎-開元,2024-10-11,9134
00645,富邦日本,10,0,10,群益金鼎-開元,2024-10-11,9134
4958,臻鼎-KY,9,0,9,群益金鼎-開元,2024-10-11,9134
00929,復華台灣科技優息,10,1,9,群益金鼎-開元,2024-10-11,9134
3450,聯鈞,9,1,8,群益金鼎-開元,2024-10-11,9134
2408,南亞科,8,0,8,群益金鼎-開元,2024-10-11,9134
3062,建漢,10,2,8,群益金鼎-開元,2024-10-11,9134
00637L,元大滬深300正2,1228,19,1209,群益金鼎-開元,2024-10-14,9134
2888,新光金,1020,0,1020,群益金鼎-開元,2024-10-14,9134
00633L,富邦上証正2,502,4,498,群益金鼎-開元,2024-10-14,9134
00679B,元大美債20年,326,78,248,群益金鼎-開元,2024-10-14,9134
00688L,國泰20年美債正2,133,0,133,群益金鼎-開元,2024-10-14,9134
2352,佳世達,97,0,97,群益金鼎-開元,2024-10-14,9134
3062,建漢,87,11,76,群益金鼎-開元,2024-10-14,9134
00937B,群益ESG投等債20,56,0,56,群益金鼎-開元,2024-10-14,9134
2312,金寶,75,22,53,群益金鼎-開元,2024-10-14,9134
2388,威盛,55,4,51,群益金鼎-開元,2024-10-14,9134
5434,崇越,52,2,50,群益金鼎-開元,2024-10-14,9134
2883B,凱基金乙特,50,0,50,群益金鼎-開元,2024-10-14,9134
1815,富喬,45,1,44,群益金鼎-開元,2024-10-14,9134
00931B,統一美債20年,41,0,41,群益金鼎-開元,2024-10-14,9134
00915,凱基優選高股息30,48,11,37,群益金鼎-開元,2024-10-14,9134
2317,鴻海,44,10,34,群益金鼎-開元,2024-10-14,9134
00639,富邦深100,38,5,33,群益金鼎-開元,2024-10-14,9134
6147,頎邦,26,0,26,群益金鼎-開元,2024-10-14,9134
00713,元大台灣高息低波,22,0,22,群益金鼎-開元,2024-10-14,9134
00922,國泰台灣領袖50,20,0,20,群益金鼎-開元,2024-10-14,9134
1532,勤美,20,0,20,群益金鼎-開元,2024-10-14,9134
4164,承業醫,20,0,20,群益金鼎-開元,2024-10-14,9134
4956,光鋐,28,9,19,群益金鼎-開元,2024-10-14,9134
00887,永豐中國科技50大,18,0,18,群益金鼎-開元,2024-10-14,9134
00712,復華富時不動產,16,0,16,群益金鼎-開元,2024-10-14,9134
8429,金麗-KY,15,0,15,群益金鼎-開元,2024-10-14,9134
6015,宏遠證,15,0,15,群益金鼎-開元,2024-10-14,9134
1314,中石化,23,9,14,群益金鼎-開元,2024-10-14,9134
2887,台新金,14,2,12,群益金鼎-開元,2024-10-14,9134
3706,神達,20,8,12,群益金鼎-開元,2024-10-14,9134
00941,中信上游半導體,12,0,12,群益金鼎-開元,2024-10-14,9134
3293,鈊象,13,2,11,群益金鼎-開元,2024-10-14,9134
2633,台灣高鐵,10,0,10,群益金鼎-開元,2024-10-14,9134
5876,上海商銀,10,0,10,群益金鼎-開元,2024-10-14,9134
2241,艾姆勒,10,0,10,群益金鼎-開元,2024-10-14,9134
2337,旺宏,10,0,10,群益金鼎-開元,2024-10-14,9134
00632R,元大台灣50反1,10,0,10,群益金鼎-開元,2024-10-14,9134
00912,中信臺灣智慧50,10,0,10,群益金鼎-開元,2024-10-14,9134
4562,穎漢,10,1,9,群益金鼎-開元,2024-10-14,9134
2356,英業達,21,13,8,群益金鼎-開元,2024-10-14,9134
8089,康全電訊,10,3,7,群益金鼎-開元,2024-10-14,9134
3189,景碩,8,1,7,群益金鼎-開元,2024-10-14,9134
00918,大華優利高填息30,7,0,7,群益金鼎-開元,2024-10-14,9134
00665L,富邦�琤肭磪囓�2,7,0,7,群益金鼎-開元,2024-10-14,9134
1595,川寶,21,14,7,群益金鼎-開元,2024-10-14,9134
2344,華邦電,12,5,7,群益金鼎-開元,2024-10-14,9134
00725B,國泰投資級公司債,7,0,7,群益金鼎-開元,2024-10-14,9134
00900,富邦特選高股息30,6,0,6,群益金鼎-開元,2024-10-14,9134
2845,遠東銀,7,1,6,群益金鼎-開元,2024-10-14,9134
3257,虹冠電,8,2,6,群益金鼎-開元,2024-10-14,9134
00633L,富邦上証正2,221,0,221,群益金鼎-開元,2024-10-15,9134
2888,新光金,316,129,187,群益金鼎-開元,2024-10-15,9134
00687B,國泰20年美債,148,0,148,群益金鼎-開元,2024-10-15,9134
2399,映泰,244,112,132,群益金鼎-開元,2024-10-15,9134
00679B,元大美債20年,107,2,105,群益金鼎-開元,2024-10-15,9134
3231,緯創,105,27,78,群益金鼎-開元,2024-10-15,9134
00637L,元大滬深300正2,69,0,69,群益金鼎-開元,2024-10-15,9134
1815,富喬,59,0,59,群益金鼎-開元,2024-10-15,9134
00632R,元大台灣50反1,56,0,56,群益金鼎-開元,2024-10-15,9134
3710,連展投控,53,2,51,群益金鼎-開元,2024-10-15,9134
2887,台新金,52,1,51,群益金鼎-開元,2024-10-15,9134
3494,誠研,50,0,50,群益金鼎-開元,2024-10-15,9134
00887,永豐中國科技50大,52,4,48,群益金鼎-開元,2024-10-15,9134
00665L,富邦�琤肭磪囓�2,44,0,44,群益金鼎-開元,2024-10-15,9134
6548,長科*,44,5,39,群益金鼎-開元,2024-10-15,9134
3706,神達,49,14,35,群益金鼎-開元,2024-10-15,9134
2328,廣宇,34,0,34,群益金鼎-開元,2024-10-15,9134
00960,野村全球航運龍頭,33,0,33,群益金鼎-開元,2024-10-15,9134
1301,台塑,33,1,32,群益金鼎-開元,2024-10-15,9134
00680L,元大美債20正2,31,0,31,群益金鼎-開元,2024-10-15,9134
00688L,國泰20年美債正2,30,0,30,群益金鼎-開元,2024-10-15,9134
3543,州巧,30,0,30,群益金鼎-開元,2024-10-15,9134
1708,東鹼,30,1,29,群益金鼎-開元,2024-10-15,9134
00948B,中信優息投資級債,26,0,26,群益金鼎-開元,2024-10-15,9134
00937B,群益ESG投等債20,24,0,24,群益金鼎-開元,2024-10-15,9134
00929,復華台灣科技優息,31,8,23,群益金鼎-開元,2024-10-15,9134
1314,中石化,59,39,20,群益金鼎-開元,2024-10-15,9134
1217,愛之味,20,0,20,群益金鼎-開元,2024-10-15,9134
2408,南亞科,20,0,20,群益金鼎-開元,2024-10-15,9134
6191,精成科,33,14,19,群益金鼎-開元,2024-10-15,9134
00725B,國泰投資級公司債,17,0,17,群益金鼎-開元,2024-10-15,9134
2414,精技,17,0,17,群益金鼎-開元,2024-10-15,9134
1536,和大,16,0,16,群益金鼎-開元,2024-10-15,9134
6180,橘子,15,0,15,群益金鼎-開元,2024-10-15,9134
00753L,中信中國50正2,18,3,15,群益金鼎-開元,2024-10-15,9134
00715L,期街口布蘭特正2,15,0,15,群益金鼎-開元,2024-10-15,9134
00882,中信中國高股息,13,0,13,群益金鼎-開元,2024-10-15,9134
00946,群益科技高息成長,13,1,12,群益金鼎-開元,2024-10-15,9134
2204,中華,12,0,12,群益金鼎-開元,2024-10-15,9134
4958,臻鼎-KY,13,1,12,群益金鼎-開元,2024-10-15,9134
3149,正達,37,25,12,群益金鼎-開元,2024-10-15,9134
00961,FT臺灣永續高息,11,0,11,群益金鼎-開元,2024-10-15,9134
2401,凌陽,11,0,11,群益金鼎-開元,2024-10-15,9134
2883B,凱基金乙特,10,0,10,群益金鼎-開元,2024-10-15,9134
1721,三晃,10,0,10,群益金鼎-開元,2024-10-15,9134
2601,益航,10,0,10,群益金鼎-開元,2024-10-15,9134
3015,全漢,10,0,10,群益金鼎-開元,2024-10-15,9134
2371,大同,10,0,10,群益金鼎-開元,2024-10-15,9134
4973,廣穎,10,0,10,群益金鼎-開元,2024-10-15,9134
6187,萬潤,12,2,10,群益金鼎-開元,2024-10-15,9134
00937B,群益ESG投等債20,160,1,159,群益金鼎-開元,2024-10-16,9134
00679B,元大美債20年,153,2,151,群益金鼎-開元,2024-10-16,9134
00688L,國泰20年美債正2,120,0,120,群益金鼎-開元,2024-10-16,9134
1611,中電,100,0,100,群益金鼎-開元,2024-10-16,9134
2388,威盛,104,9,95,群益金鼎-開元,2024-10-16,9134
9105,泰金寶-DR,114,32,82,群益金鼎-開元,2024-10-16,9134
2888,新光金,83,2,81,群益金鼎-開元,2024-10-16,9134
0056,元大高股息,64,0,64,群益金鼎-開元,2024-10-16,9134
3049,精金,59,3,56,群益金鼎-開元,2024-10-16,9134
2303,聯電,53,2,51,群益金鼎-開元,2024-10-16,9134
00905,FT臺灣Smart,48,0,48,群益金鼎-開元,2024-10-16,9134
00929,復華台灣科技優息,57,14,43,群益金鼎-開元,2024-10-16,9134
00922,國泰台灣領袖50,39,2,37,群益金鼎-開元,2024-10-16,9134
6770,力積電,40,3,37,群益金鼎-開元,2024-10-16,9134
2845,遠東銀,33,0,33,群益金鼎-開元,2024-10-16,9134
2884,玉山金,31,0,31,群益金鼎-開元,2024-10-16,9134
3607,谷崧,30,0,30,群益金鼎-開元,2024-10-16,9134
2543,皇昌,40,10,30,群益金鼎-開元,2024-10-16,9134
2867,三商壽,30,2,28,群益金鼎-開元,2024-10-16,9134
00919,群益台灣精選高息,34,9,25,群益金鼎-開元,2024-10-16,9134
00948B,中信優息投資級債,25,0,25,群益金鼎-開元,2024-10-16,9134
3149,正達,83,58,25,群益金鼎-開元,2024-10-16,9134
2002,中鋼,25,1,24,群益金鼎-開元,2024-10-16,9134
5452,佶優,68,45,23,群益金鼎-開元,2024-10-16,9134
00961,FT臺灣永續高息,22,0,22,群益金鼎-開元,2024-10-16,9134
2883B,凱基金乙特,22,0,22,群益金鼎-開元,2024-10-16,9134
00946,群益科技高息成長,22,2,20,群益金鼎-開元,2024-10-16,9134
00637L,元大滬深300正2,50,30,20,群益金鼎-開元,2024-10-16,9134
00753L,中信中國50正2,31,11,20,群益金鼎-開元,2024-10-16,9134
00730,富邦臺灣優質高息,20,0,20,群益金鼎-開元,2024-10-16,9134
1218,泰山,20,0,20,群益金鼎-開元,2024-10-16,9134
3189,景碩,19,0,19,群益金鼎-開元,2024-10-16,9134
2330,台積電,33,15,18,群益金鼎-開元,2024-10-16,9134
5876,上海商銀,18,0,18,群益金鼎-開元,2024-10-16,9134
00887,永豐中國科技50大,17,0,17,群益金鼎-開元,2024-10-16,9134
2891,中信金,22,6,16,群益金鼎-開元,2024-10-16,9134
00878,國泰永續高股息,17,2,15,群益金鼎-開元,2024-10-16,9134
3673,TPK-KY,17,2,15,群益金鼎-開元,2024-10-16,9134
2323,中環,14,0,14,群益金鼎-開元,2024-10-16,9134
2892,第一金,13,0,13,群益金鼎-開元,2024-10-16,9134
3450,聯鈞,18,5,13,群益金鼎-開元,2024-10-16,9134
6126,信音,13,0,13,群益金鼎-開元,2024-10-16,9134
2329,華泰,13,0,13,群益金鼎-開元,2024-10-16,9134
00881,國泰台灣5G+,14,1,13,群益金鼎-開元,2024-10-16,9134
1605,華新,13,1,12,群益金鼎-開元,2024-10-16,9134
6104,創惟,17,5,12,群益金鼎-開元,2024-10-16,9134
00712,復華富時不動產,12,0,12,群益金鼎-開元,2024-10-16,9134
1314,中石化,13,1,12,群益金鼎-開元,2024-10-16,9134
2880,華南金,12,0,12,群益金鼎-開元,2024-10-16,9134
1210,大成,11,0,11,群益金鼎-開元,2024-10-16,9134
00887,永豐中國科技50大,98,1,97,群益金鼎-開元,2024-10-17,9134
2515,中工,50,0,50,群益金鼎-開元,2024-10-17,9134
2399,映泰,102,56,46,群益金鼎-開元,2024-10-17,9134
00948B,中信優息投資級債,40,0,40,群益金鼎-開元,2024-10-17,9134
3013,晟銘電,83,47,36,群益金鼎-開元,2024-10-17,9134
2362,藍天,31,1,30,群益金鼎-開元,2024-10-17,9134
1595,川寶,32,2,30,群益金鼎-開元,2024-10-17,9134
00688L,國泰20年美債正2,40,10,30,群益金鼎-開元,2024-10-17,9134
00927,群益半導體收益,29,1,28,群益金鼎-開元,2024-10-17,9134
00725B,國泰投資級公司債,27,0,27,群益金鼎-開元,2024-10-17,9134
00929,復華台灣科技優息,32,7,25,群益金鼎-開元,2024-10-17,9134
4958,臻鼎-KY,33,10,23,群益金鼎-開元,2024-10-17,9134
2601,益航,23,0,23,群益金鼎-開元,2024-10-17,9134
2637,慧洋-KY,23,0,23,群益金鼎-開元,2024-10-17,9134
2645,長榮航太,22,0,22,群益金鼎-開元,2024-10-17,9134
3049,精金,21,0,21,群益金鼎-開元,2024-10-17,9134
00637L,元大滬深300正2,35,15,20,群益金鼎-開元,2024-10-17,9134
2328,廣宇,20,0,20,群益金鼎-開元,2024-10-17,9134
00922,國泰台灣領袖50,19,0,19,群益金鼎-開元,2024-10-17,9134
00941,中信上游半導體,16,0,16,群益金鼎-開元,2024-10-17,9134
2520,冠德,15,0,15,群益金鼎-開元,2024-10-17,9134
2845,遠東銀,15,0,15,群益金鼎-開元,2024-10-17,9134
00687B,國泰20年美債,20,5,15,群益金鼎-開元,2024-10-17,9134
4729,熒茂,14,0,14,群益金鼎-開元,2024-10-17,9134
00937B,群益ESG投等債20,13,0,13,群益金鼎-開元,2024-10-17,9134
2888,新光金,17,4,13,群益金鼎-開元,2024-10-17,9134
00915,凱基優選高股息30,12,0,12,群益金鼎-開元,2024-10-17,9134
2892,第一金,13,1,12,群益金鼎-開元,2024-10-17,9134
3379,彬台,14,2,12,群益金鼎-開元,2024-10-17,9134
2349,錸德,15,3,12,群益金鼎-開元,2024-10-17,9134
2887,台新金,12,0,12,群益金鼎-開元,2024-10-17,9134
00882,中信中國高股息,18,7,11,群益金鼎-開元,2024-10-17,9134
2070,精湛,19,8,11,群益金鼎-開元,2024-10-17,9134
6274,台燿,15,5,10,群益金鼎-開元,2024-10-17,9134
4526,東台,14,4,10,群益金鼎-開元,2024-10-17,9134
2412,中華電,10,0,10,群益金鼎-開元,2024-10-17,9134
4714,永捷,10,0,10,群益金鼎-開元,2024-10-17,9134
1294,漢田生技,10,0,10,群益金鼎-開元,2024-10-17,9134
6241,易通展,10,0,10,群益金鼎-開元,2024-10-17,9134
2376,技嘉,11,1,10,群益金鼎-開元,2024-10-17,9134
00830,國泰費城半導體,9,0,9,群益金鼎-開元,2024-10-17,9134
00881,國泰台灣5G+,9,0,9,群益金鼎-開元,2024-10-17,9134
2426,鼎元,9,0,9,群益金鼎-開元,2024-10-17,9134
3037,欣興,18,10,8,群益金鼎-開元,2024-10-17,9134
2365,昆盈,13,5,8,群益金鼎-開元,2024-10-17,9134
4903,聯光通,11,3,8,群益金鼎-開元,2024-10-17,9134
0056,元大高股息,20,13,7,群益金鼎-開元,2024-10-17,9134
8021,尖點,8,1,7,群益金鼎-開元,2024-10-17,9134
00693U,期街口S＆P黃豆,7,0,7,群益金鼎-開元,2024-10-17,9134
6658,聯策,14,7,7,群益金鼎-開元,2024-10-17,9134
00680L,元大美債20正2,423,0,423,群益金鼎-開元,2024-10-18,9134
00937B,群益ESG投等債20,400,30,370,群益金鼎-開元,2024-10-18,9134
00688L,國泰20年美債正2,218,0,218,群益金鼎-開元,2024-10-18,9134
00948B,中信優息投資級債,153,0,153,群益金鼎-開元,2024-10-18,9134
00945B,凱基美國非投等債,150,0,150,群益金鼎-開元,2024-10-18,9134
00959B,大華投等美債15Y+,237,100,137,群益金鼎-開元,2024-10-18,9134
00946,群益科技高息成長,122,0,122,群益金鼎-開元,2024-10-18,9134
00953B,群益優選非投等債,129,10,119,群益金鼎-開元,2024-10-18,9134
00687B,國泰20年美債,119,20,99,群益金鼎-開元,2024-10-18,9134
00679B,元大美債20年,106,11,95,群益金鼎-開元,2024-10-18,9134
2867,三商壽,94,1,93,群益金鼎-開元,2024-10-18,9134
3706,神達,63,2,61,群益金鼎-開元,2024-10-18,9134
4960,誠美材,60,0,60,群益金鼎-開元,2024-10-18,9134
00887,永豐中國科技50大,58,4,54,群益金鼎-開元,2024-10-18,9134
00931B,統一美債20年,51,0,51,群益金鼎-開元,2024-10-18,9134
2303,聯電,49,6,43,群益金鼎-開元,2024-10-18,9134
00919,群益台灣精選高息,42,0,42,群益金鼎-開元,2024-10-18,9134
2317,鴻海,84,49,35,群益金鼎-開元,2024-10-18,9134
2402,毅嘉,39,5,34,群益金鼎-開元,2024-10-18,9134
00950B,凱基A級公司債,34,0,34,群益金鼎-開元,2024-10-18,9134
5347,世界,34,4,30,群益金鼎-開元,2024-10-18,9134
3011,今皓,32,9,23,群益金鼎-開元,2024-10-18,9134
4114,健喬,23,0,23,群益金鼎-開元,2024-10-18,9134
2367,燿華,22,2,20,群益金鼎-開元,2024-10-18,9134
1314,中石化,35,15,20,群益金鼎-開元,2024-10-18,9134
9105,泰金寶-DR,135,115,20,群益金鼎-開元,2024-10-18,9134
1717,長興,20,0,20,群益金鼎-開元,2024-10-18,9134
6548,長科*,25,5,20,群益金鼎-開元,2024-10-18,9134
3710,連展投控,26,7,19,群益金鼎-開元,2024-10-18,9134
2637,慧洋-KY,28,10,18,群益金鼎-開元,2024-10-18,9134
3005,神基,18,0,18,群益金鼎-開元,2024-10-18,9134
2609,陽明,19,2,17,群益金鼎-開元,2024-10-18,9134
4533,協易機,22,5,17,群益金鼎-開元,2024-10-18,9134
2328,廣宇,16,0,16,群益金鼎-開元,2024-10-18,9134
3374,精材,23,8,15,群益金鼎-開元,2024-10-18,9134
00724B,群益投資級金融債,14,0,14,群益金鼎-開元,2024-10-18,9134
2888,新光金,13,0,13,群益金鼎-開元,2024-10-18,9134
00878,國泰永續高股息,16,3,13,群益金鼎-開元,2024-10-18,9134
8039,台虹,13,1,12,群益金鼎-開元,2024-10-18,9134
5484,慧友,16,4,12,群益金鼎-開元,2024-10-18,9134
6770,力積電,14,2,12,群益金鼎-開元,2024-10-18,9134
2449,京元電子,26,15,11,群益金鼎-開元,2024-10-18,9134
4303,信立,12,1,11,群益金鼎-開元,2024-10-18,9134
6163,華電網,12,1,11,群益金鼎-開元,2024-10-18,9134
3060,銘異,11,0,11,群益金鼎-開元,2024-10-18,9134
2374,佳能,35,25,10,群益金鼎-開元,2024-10-18,9134
1721,三晃,21,11,10,群益金鼎-開元,2024-10-18,9134
1449,佳和,10,0,10,群益金鼎-開元,2024-10-18,9134
2887,台新金,10,0,10,群益金鼎-開元,2024-10-18,9134
1815,富喬,10,1,9,群益金鼎-開元,2024-10-18,9134
00937B,群益ESG投等債20,319,15,304,群益金鼎-開元,2024-10-21,9134
00905,FT臺灣Smart,226,0,226,群益金鼎-開元,2024-10-21,9134
4541,晟田,141,0,141,群益金鼎-開元,2024-10-21,9134
2313,華通,110,21,89,群益金鼎-開元,2024-10-21,9134
00637L,元大滬深300正2,77,1,76,群益金鼎-開元,2024-10-21,9134
00950B,凱基A級公司債,70,0,70,群益金鼎-開元,2024-10-21,9134
2883,凱基金,61,0,61,群益金鼎-開元,2024-10-21,9134
3450,聯鈞,59,0,59,群益金鼎-開元,2024-10-21,9134
00687B,國泰20年美債,83,26,57,群益金鼎-開元,2024-10-21,9134
00679B,元大美債20年,67,11,56,群益金鼎-開元,2024-10-21,9134
00948B,中信優息投資級債,65,10,55,群益金鼎-開元,2024-10-21,9134
2007,燁興,53,0,53,群益金鼎-開元,2024-10-21,9134
3710,連展投控,40,0,40,群益金鼎-開元,2024-10-21,9134
00945B,凱基美國非投等債,40,3,37,群益金鼎-開元,2024-10-21,9134
00959B,大華投等美債15Y+,35,0,35,群益金鼎-開元,2024-10-21,9134
4950,牧東,35,0,35,群益金鼎-開元,2024-10-21,9134
00715L,期街口布蘭特正2,32,0,32,群益金鼎-開元,2024-10-21,9134
6167,久正,30,0,30,群益金鼎-開元,2024-10-21,9134
2882,國泰金,29,0,29,群益金鼎-開元,2024-10-21,9134
00878,國泰永續高股息,37,10,27,群益金鼎-開元,2024-10-21,9134
5876,上海商銀,30,4,26,群益金鼎-開元,2024-10-21,9134
2601,益航,30,5,25,群益金鼎-開元,2024-10-21,9134
2002,中鋼,28,5,23,群益金鼎-開元,2024-10-21,9134
3605,宏致,27,6,21,群益金鼎-開元,2024-10-21,9134
00953B,群益優選非投等債,20,0,20,群益金鼎-開元,2024-10-21,9134
1907,永豐餘,20,0,20,群益金鼎-開元,2024-10-21,9134
00957B,兆豐US優選投等債,20,0,20,群益金鼎-開元,2024-10-21,9134
2477,美隆電,20,0,20,群益金鼎-開元,2024-10-21,9134
2887,台新金,20,1,19,群益金鼎-開元,2024-10-21,9134
2888,新光金,20,1,19,群益金鼎-開元,2024-10-21,9134
6642,富致,21,2,19,群益金鼎-開元,2024-10-21,9134
1718,中纖,17,0,17,群益金鼎-開元,2024-10-21,9134
2881,富邦金,17,0,17,群益金鼎-開元,2024-10-21,9134
00881,國泰台灣5G+,18,3,15,群益金鼎-開元,2024-10-21,9134
00918,大華優利高填息30,15,0,15,群益金鼎-開元,2024-10-21,9134
6245,立端,15,0,15,群益金鼎-開元,2024-10-21,9134
2303,聯電,41,27,14,群益金鼎-開元,2024-10-21,9134
00907,永豐優息存股,14,0,14,群益金鼎-開元,2024-10-21,9134
1314,中石化,17,4,13,群益金鼎-開元,2024-10-21,9134
2317,鴻海,24,11,13,群益金鼎-開元,2024-10-21,9134
2070,精湛,19,6,13,群益金鼎-開元,2024-10-21,9134
00725B,國泰投資級公司債,13,0,13,群益金鼎-開元,2024-10-21,9134
3062,建漢,23,10,13,群益金鼎-開元,2024-10-21,9134
2520,冠德,13,0,13,群益金鼎-開元,2024-10-21,9134
1101,台泥,13,1,12,群益金鼎-開元,2024-10-21,9134
1595,川寶,64,52,12,群益金鼎-開元,2024-10-21,9134
00949,復華日本龍頭,11,0,11,群益金鼎-開元,2024-10-21,9134
1305,華夏,11,0,11,群益金鼎-開元,2024-10-21,9134
00887,永豐中國科技50大,17,6,11,群益金鼎-開元,2024-10-21,9134
00751B,元大AAA至A公司債,11,0,11,群益金鼎-開元,2024-10-21,9134
00937B,群益ESG投等債20,476,2,474,群益金鼎-開元,2024-10-22,9134
00953B,群益優選非投等債,280,0,280,群益金鼎-開元,2024-10-22,9134
00882,中信中國高股息,273,1,272,群益金鼎-開元,2024-10-22,9134
00688L,國泰20年美債正2,311,49,262,群益金鼎-開元,2024-10-22,9134
00679B,元大美債20年,161,12,149,群益金鼎-開元,2024-10-22,9134
00948B,中信優息投資級債,140,0,140,群益金鼎-開元,2024-10-22,9134
00945B,凱基美國非投等債,80,0,80,群益金鼎-開元,2024-10-22,9134
00712,復華富時不動產,72,0,72,群益金鼎-開元,2024-10-22,9134
2399,映泰,91,23,68,群益金鼎-開元,2024-10-22,9134
3013,晟銘電,65,12,53,群益金鼎-開元,2024-10-22,9134
00680L,元大美債20正2,56,9,47,群益金鼎-開元,2024-10-22,9134
1605,華新,36,0,36,群益金鼎-開元,2024-10-22,9134
4950,牧東,36,0,36,群益金鼎-開元,2024-10-22,9134
00692,富邦公司治理,35,0,35,群益金鼎-開元,2024-10-22,9134
00942B,台新美A公司債20+,32,0,32,群益金鼎-開元,2024-10-22,9134
2362,藍天,31,1,30,群益金鼎-開元,2024-10-22,9134
8064,東捷,35,5,30,群益金鼎-開元,2024-10-22,9134
2363,矽統,31,7,24,群益金鼎-開元,2024-10-22,9134
00795B,中信美國公債20年,22,0,22,群益金鼎-開元,2024-10-22,9134
2303,聯電,27,6,21,群益金鼎-開元,2024-10-22,9134
2457,飛宏,21,0,21,群益金鼎-開元,2024-10-22,9134
4114,健喬,20,0,20,群益金鼎-開元,2024-10-22,9134
1446,宏和,20,0,20,群益金鼎-開元,2024-10-22,9134
3390,旭軟,21,1,20,群益金鼎-開元,2024-10-22,9134
3615,安可,27,8,19,群益金鼎-開元,2024-10-22,9134
00919,群益台灣精選高息,18,1,17,群益金鼎-開元,2024-10-22,9134
6167,久正,20,3,17,群益金鼎-開元,2024-10-22,9134
00941,中信上游半導體,18,2,16,群益金鼎-開元,2024-10-22,9134
3703,欣陸,15,0,15,群益金鼎-開元,2024-10-22,9134
00724B,群益投資級金融債,15,0,15,群益金鼎-開元,2024-10-22,9134
00905,FT臺灣Smart,15,0,15,群益金鼎-開元,2024-10-22,9134
2634,漢翔,15,0,15,群益金鼎-開元,2024-10-22,9134
00958B,永豐ESG銀行債15,15,0,15,群益金鼎-開元,2024-10-22,9134
00751B,元大AAA至A公司債,14,0,14,群益金鼎-開元,2024-10-22,9134
1101,台泥,14,0,14,群益金鼎-開元,2024-10-22,9134
4919,新唐,20,6,14,群益金鼎-開元,2024-10-22,9134
2312,金寶,17,4,13,群益金鼎-開元,2024-10-22,9134
2867,三商壽,13,0,13,群益金鼎-開元,2024-10-22,9134
6742,澤米,16,4,12,群益金鼎-開元,2024-10-22,9134
1301,台塑,12,0,12,群益金鼎-開元,2024-10-22,9134
6525,捷敏-KY,13,1,12,群益金鼎-開元,2024-10-22,9134
00634R,富邦上証反1,10,0,10,群益金鼎-開元,2024-10-22,9134
00665L,富邦�琤肭磪囓�2,10,0,10,群益金鼎-開元,2024-10-22,9134
5469,瀚宇博,20,10,10,群益金鼎-開元,2024-10-22,9134
6142,友勁,10,0,10,群益金鼎-開元,2024-10-22,9134
00715L,期街口布蘭特正2,10,0,10,群益金鼎-開元,2024-10-22,9134
00772B,中信高評級公司債,10,0,10,群益金鼎-開元,2024-10-22,9134
2883B,凱基金乙特,10,0,10,群益金鼎-開元,2024-10-22,9134
2328,廣宇,10,0,10,群益金鼎-開元,2024-10-22,9134
3494,誠研,10,0,10,群益金鼎-開元,2024-10-22,9134
1714,和桐,237,1,236,群益金鼎-開元,2024-10-23,9134
00688L,國泰20年美債正2,165,0,165,群益金鼎-開元,2024-10-23,9134
00937B,群益ESG投等債20,139,17,122,群益金鼎-開元,2024-10-23,9134
00953B,群益優選非投等債,100,0,100,群益金鼎-開元,2024-10-23,9134
00706L,期元大S＆P日圓正2,100,0,100,群益金鼎-開元,2024-10-23,9134
00938,凱基優選30,76,22,54,群益金鼎-開元,2024-10-23,9134
00959B,大華投等美債15Y+,52,0,52,群益金鼎-開元,2024-10-23,9134
00931B,統一美債20年,81,30,51,群益金鼎-開元,2024-10-23,9134
2412,中華電,43,0,43,群益金鼎-開元,2024-10-23,9134
00753L,中信中國50正2,52,11,41,群益金鼎-開元,2024-10-23,9134
5876,上海商銀,36,0,36,群益金鼎-開元,2024-10-23,9134
00687B,國泰20年美債,91,55,36,群益金鼎-開元,2024-10-23,9134
1605,華新,32,0,32,群益金鼎-開元,2024-10-23,9134
4950,牧東,30,0,30,群益金鼎-開元,2024-10-23,9134
00919,群益台灣精選高息,29,0,29,群益金鼎-開元,2024-10-23,9134
2390,云辰,30,1,29,群益金鼎-開元,2024-10-23,9134
00929,復華台灣科技優息,29,2,27,群益金鼎-開元,2024-10-23,9134
4974,亞泰,26,0,26,群益金鼎-開元,2024-10-23,9134
00878,國泰永續高股息,25,0,25,群益金鼎-開元,2024-10-23,9134
00887,永豐中國科技50大,22,0,22,群益金鼎-開元,2024-10-23,9134
2887,台新金,37,15,22,群益金鼎-開元,2024-10-23,9134
3360,尚立,21,0,21,群益金鼎-開元,2024-10-23,9134
3706,神達,20,0,20,群益金鼎-開元,2024-10-23,9134
2867,三商壽,18,0,18,群益金鼎-開元,2024-10-23,9134
3049,精金,21,3,18,群益金鼎-開元,2024-10-23,9134
3703,欣陸,18,0,18,群益金鼎-開元,2024-10-23,9134
9105,泰金寶-DR,27,9,18,群益金鼎-開元,2024-10-23,9134
3715,定穎投控,28,11,17,群益金鼎-開元,2024-10-23,9134
2520,冠德,17,0,17,群益金鼎-開元,2024-10-23,9134
2303,聯電,31,15,16,群益金鼎-開元,2024-10-23,9134
6142,友勁,15,0,15,群益金鼎-開元,2024-10-23,9134
2820,華票,15,0,15,群益金鼎-開元,2024-10-23,9134
00725B,國泰投資級公司債,15,0,15,群益金鼎-開元,2024-10-23,9134
00907,永豐優息存股,15,0,15,群益金鼎-開元,2024-10-23,9134
2409,友達,71,57,14,群益金鼎-開元,2024-10-23,9134
00712,復華富時不動產,14,0,14,群益金鼎-開元,2024-10-23,9134
2812,台中銀,14,0,14,群益金鼎-開元,2024-10-23,9134
00713,元大台灣高息低波,13,0,13,群益金鼎-開元,2024-10-23,9134
6116,彩晶,13,0,13,群益金鼎-開元,2024-10-23,9134
2845,遠東銀,13,0,13,群益金鼎-開元,2024-10-23,9134
00950B,凱基A級公司債,13,0,13,群益金鼎-開元,2024-10-23,9134
2645,長榮航太,12,0,12,群益金鼎-開元,2024-10-23,9134
00637L,元大滬深300正2,25,13,12,群益金鼎-開元,2024-10-23,9134
1595,川寶,27,16,11,群益金鼎-開元,2024-10-23,9134
3587,閎康,12,1,11,群益金鼎-開元,2024-10-23,9134
2888,新光金,19,8,11,群益金鼎-開元,2024-10-23,9134
2801,彰銀,11,0,11,群益金鼎-開元,2024-10-23,9134
00915,凱基優選高股息30,10,0,10,群益金鼎-開元,2024-10-23,9134
00946,群益科技高息成長,11,1,10,群益金鼎-開元,2024-10-23,9134
00673R,期元大S＆P原油反1,10,0,10,群益金鼎-開元,2024-10-23,9134
1714,和桐,302,0,302,群益金鼎-開元,2024-10-24,9134
00671R,富邦NASDAQ反1,152,0,152,群益金鼎-開元,2024-10-24,9134
2543,皇昌,116,15,101,群益金鼎-開元,2024-10-24,9134
00946,群益科技高息成長,89,0,89,群益金鼎-開元,2024-10-24,9134
00937B,群益ESG投等債20,82,8,74,群益金鼎-開元,2024-10-24,9134
2369,菱生,88,21,67,群益金鼎-開元,2024-10-24,9134
2399,映泰,126,63,63,群益金鼎-開元,2024-10-24,9134
3481,群創,80,21,59,群益金鼎-開元,2024-10-24,9134
00945B,凱基美國非投等債,54,0,54,群益金鼎-開元,2024-10-24,9134
3163,波若威,57,5,52,群益金鼎-開元,2024-10-24,9134
0056,元大高股息,48,2,46,群益金鼎-開元,2024-10-24,9134
00637L,元大滬深300正2,40,0,40,群益金鼎-開元,2024-10-24,9134
00950B,凱基A級公司債,37,0,37,群益金鼎-開元,2024-10-24,9134
2317,鴻海,42,6,36,群益金鼎-開元,2024-10-24,9134
3706,神達,31,0,31,群益金鼎-開元,2024-10-24,9134
2329,華泰,45,16,29,群益金鼎-開元,2024-10-24,9134
1605,華新,32,5,27,群益金鼎-開元,2024-10-24,9134
3167,大量,29,2,27,群益金鼎-開元,2024-10-24,9134
3356,奇偶,24,0,24,群益金鼎-開元,2024-10-24,9134
4950,牧東,24,0,24,群益金鼎-開元,2024-10-24,9134
2641,正德,24,2,22,群益金鼎-開元,2024-10-24,9134
8096,擎亞,22,0,22,群益金鼎-開元,2024-10-24,9134
1711,永光,33,12,21,群益金鼎-開元,2024-10-24,9134
5864,致和證,20,0,20,群益金鼎-開元,2024-10-24,9134
6152,百一,20,0,20,群益金鼎-開元,2024-10-24,9134
2328,廣宇,75,56,19,群益金鼎-開元,2024-10-24,9134
2891,中信金,18,0,18,群益金鼎-開元,2024-10-24,9134
2887,台新金,18,1,17,群益金鼎-開元,2024-10-24,9134
00878,國泰永續高股息,18,2,16,群益金鼎-開元,2024-10-24,9134
00948B,中信優息投資級債,16,0,16,群益金鼎-開元,2024-10-24,9134
00927,群益半導體收益,19,4,15,群益金鼎-開元,2024-10-24,9134
3494,誠研,15,0,15,群益金鼎-開元,2024-10-24,9134
6506,雙邦,16,1,15,群益金鼎-開元,2024-10-24,9134
3551,世禾,26,11,15,群益金鼎-開元,2024-10-24,9134
00929,復華台灣科技優息,40,25,15,群益金鼎-開元,2024-10-24,9134
006208,富邦台50,15,0,15,群益金鼎-開元,2024-10-24,9134
2426,鼎元,14,0,14,群益金鼎-開元,2024-10-24,9134
00687B,國泰20年美債,14,0,14,群益金鼎-開元,2024-10-24,9134
2344,華邦電,14,0,14,群益金鼎-開元,2024-10-24,9134
2745,五福,14,0,14,群益金鼎-開元,2024-10-24,9134
2354,鴻準,132,118,14,群益金鼎-開元,2024-10-24,9134
2303,聯電,14,1,13,群益金鼎-開元,2024-10-24,9134
2884,玉山金,13,0,13,群益金鼎-開元,2024-10-24,9134
2520,冠德,13,0,13,群益金鼎-開元,2024-10-24,9134
2883,凱基金,22,10,12,群益金鼎-開元,2024-10-24,9134
6104,創惟,13,1,12,群益金鼎-開元,2024-10-24,9134
00712,復華富時不動產,12,0,12,群益金鼎-開元,2024-10-24,9134
2337,旺宏,14,2,12,群益金鼎-開元,2024-10-24,9134
2367,燿華,16,5,11,群益金鼎-開元,2024-10-24,9134
2376,技嘉,12,1,11,群益金鼎-開元,2024-10-24,9134
2515,中工,299,0,299,群益金鼎-開元,2024-10-25,9134
1714,和桐,211,0,211,群益金鼎-開元,2024-10-25,9134
00937B,群益ESG投等債20,122,4,118,群益金鼎-開元,2024-10-25,9134
00688L,國泰20年美債正2,106,0,106,群益金鼎-開元,2024-10-25,9134
2888,新光金,123,25,98,群益金鼎-開元,2024-10-25,9134
2495,普安,96,12,84,群益金鼎-開元,2024-10-25,9134
4950,牧東,56,0,56,群益金鼎-開元,2024-10-25,9134
2362,藍天,51,0,51,群益金鼎-開元,2024-10-25,9134
9105,泰金寶-DR,75,27,48,群益金鼎-開元,2024-10-25,9134
00938,凱基優選30,44,0,44,群益金鼎-開元,2024-10-25,9134
2489,瑞軒,40,0,40,群益金鼎-開元,2024-10-25,9134
2646,星宇航空,89,50,39,群益金鼎-開元,2024-10-25,9134
00650L,復華香港正2,40,7,33,群益金鼎-開元,2024-10-25,9134
2354,鴻準,67,36,31,群益金鼎-開元,2024-10-25,9134
2405,輔信,29,1,28,群益金鼎-開元,2024-10-25,9134
2303,聯電,30,2,28,群益金鼎-開元,2024-10-25,9134
3706,神達,27,1,26,群益金鼎-開元,2024-10-25,9134
2349,錸德,22,0,22,群益金鼎-開元,2024-10-25,9134
1605,華新,21,0,21,群益金鼎-開元,2024-10-25,9134
00946,群益科技高息成長,20,0,20,群益金鼎-開元,2024-10-25,9134
4114,健喬,20,0,20,群益金鼎-開元,2024-10-25,9134
00642U,期元大S＆P石油,20,0,20,群益金鼎-開元,2024-10-25,9134
2344,華邦電,21,2,19,群益金鼎-開元,2024-10-25,9134
2324,仁寶,20,2,18,群益金鼎-開元,2024-10-25,9134
3710,連展投控,88,72,16,群益金鼎-開元,2024-10-25,9134
00930,永豐ESG低碳高息,15,0,15,群益金鼎-開元,2024-10-25,9134
2845,遠東銀,15,0,15,群益金鼎-開元,2024-10-25,9134
3494,誠研,15,0,15,群益金鼎-開元,2024-10-25,9134
00959B,大華投等美債15Y+,14,0,14,群益金鼎-開元,2024-10-25,9134
6546,正基,14,0,14,群益金鼎-開元,2024-10-25,9134
8249,菱光,37,24,13,群益金鼎-開元,2024-10-25,9134
2884,玉山金,14,1,13,群益金鼎-開元,2024-10-25,9134
2328,廣宇,13,0,13,群益金鼎-開元,2024-10-25,9134
6126,信音,13,0,13,群益金鼎-開元,2024-10-25,9134
1721,三晃,27,14,13,群益金鼎-開元,2024-10-25,9134
2356,英業達,21,10,11,群益金鼎-開元,2024-10-25,9134
8046,南電,11,0,11,群益金鼎-開元,2024-10-25,9134
00679B,元大美債20年,12,1,11,群益金鼎-開元,2024-10-25,9134
3615,安可,32,21,11,群益金鼎-開元,2024-10-25,9134
4909,新復興,12,1,11,群益金鼎-開元,2024-10-25,9134
00927,群益半導體收益,10,0,10,群益金鼎-開元,2024-10-25,9134
3576,聯合再生,10,0,10,群益金鼎-開元,2024-10-25,9134
00957B,兆豐US優選投等債,10,0,10,群益金鼎-開元,2024-10-25,9134
00950B,凱基A級公司債,10,0,10,群益金鼎-開元,2024-10-25,9134
00905,FT臺灣Smart,10,0,10,群益金鼎-開元,2024-10-25,9134
8411,福貞-KY,10,0,10,群益金鼎-開元,2024-10-25,9134
3707,漢磊,11,1,10,群益金鼎-開元,2024-10-25,9134
3543,州巧,10,0,10,群益金鼎-開元,2024-10-25,9134
2329,華泰,11,2,9,群益金鼎-開元,2024-10-25,9134
6245,立端,9,0,9,群益金鼎-開元,2024-10-25,9134
00937B,群益ESG投等債20,253,7,246,群益金鼎-開元,2024-10-28,9134
00671R,富邦NASDAQ反1,148,0,148,群益金鼎-開元,2024-10-28,9134
00688L,國泰20年美債正2,85,0,85,群益金鼎-開元,2024-10-28,9134
2317,鴻海,101,39,62,群益金鼎-開元,2024-10-28,9134
5864,致和證,61,3,58,群益金鼎-開元,2024-10-28,9134
2646,星宇航空,70,16,54,群益金鼎-開元,2024-10-28,9134
00706L,期元大S＆P日圓正2,50,0,50,群益金鼎-開元,2024-10-28,9134
2362,藍天,50,0,50,群益金鼎-開元,2024-10-28,9134
2883,凱基金,36,0,36,群益金鼎-開元,2024-10-28,9134
00946,群益科技高息成長,33,1,32,群益金鼎-開元,2024-10-28,9134
3049,精金,32,1,31,群益金鼎-開元,2024-10-28,9134
8110,華東,30,0,30,群益金鼎-開元,2024-10-28,9134
9105,泰金寶-DR,71,44,27,群益金鼎-開元,2024-10-28,9134
00959B,大華投等美債15Y+,28,1,27,群益金鼎-開元,2024-10-28,9134
00715L,期街口布蘭特正2,27,0,27,群益金鼎-開元,2024-10-28,9134
00725B,國泰投資級公司債,26,0,26,群益金鼎-開元,2024-10-28,9134
3706,神達,50,25,25,群益金鼎-開元,2024-10-28,9134
00948B,中信優息投資級債,25,0,25,群益金鼎-開元,2024-10-28,9134
1536,和大,26,3,23,群益金鼎-開元,2024-10-28,9134
00679B,元大美債20年,75,52,23,群益金鼎-開元,2024-10-28,9134
4950,牧東,20,0,20,群益金鼎-開元,2024-10-28,9134
00929,復華台灣科技優息,21,1,20,群益金鼎-開元,2024-10-28,9134
4760,勤凱,19,0,19,群益金鼎-開元,2024-10-28,9134
00692,富邦公司治理,19,0,19,群益金鼎-開元,2024-10-28,9134
2303,聯電,28,10,18,群益金鼎-開元,2024-10-28,9134
2489,瑞軒,16,0,16,群益金鼎-開元,2024-10-28,9134
00927,群益半導體收益,15,0,15,群益金鼎-開元,2024-10-28,9134
00680L,元大美債20正2,16,2,14,群益金鼎-開元,2024-10-28,9134
5009,榮剛,15,1,14,群益金鼎-開元,2024-10-28,9134
2884,玉山金,14,1,13,群益金鼎-開元,2024-10-28,9134
2425,承啟,14,1,13,群益金鼎-開元,2024-10-28,9134
00918,大華優利高填息30,25,13,12,群益金鼎-開元,2024-10-28,9134
00953B,群益優選非投等債,11,0,11,群益金鼎-開元,2024-10-28,9134
3447,展達,36,25,11,群益金鼎-開元,2024-10-28,9134
4720,德淵,11,0,11,群益金鼎-開元,2024-10-28,9134
2636,台驊控股,11,0,11,群益金鼎-開元,2024-10-28,9134
6116,彩晶,11,0,11,群益金鼎-開元,2024-10-28,9134
3231,緯創,25,15,10,群益金鼎-開元,2024-10-28,9134
4207,環泰,10,0,10,群益金鼎-開元,2024-10-28,9134
00720B,元大投資級公司債,10,0,10,群益金鼎-開元,2024-10-28,9134
2891,中信金,10,0,10,群益金鼎-開元,2024-10-28,9134
00724B,群益投資級金融債,10,0,10,群益金鼎-開元,2024-10-28,9134
2328,廣宇,30,20,10,群益金鼎-開元,2024-10-28,9134
5469,瀚宇博,30,20,10,群益金鼎-開元,2024-10-28,9134
2845,遠東銀,10,0,10,群益金鼎-開元,2024-10-28,9134
8927,北基,10,0,10,群益金鼎-開元,2024-10-28,9134
6284,佳邦,10,0,10,群益金鼎-開元,2024-10-28,9134
8249,菱光,82,72,10,群益金鼎-開元,2024-10-28,9134
4716,大立,23,14,9,群益金鼎-開元,2024-10-28,9134
2405,輔信,10,1,9,群益金鼎-開元,2024-10-28,9134
2515,中工,202,0,202,群益金鼎-開元,2024-10-29,9134
00937B,群益ESG投等債20,132,0,132,群益金鼎-開元,2024-10-29,9134
00919,群益台灣精選高息,120,18,102,群益金鼎-開元,2024-10-29,9134
00929,復華台灣科技優息,130,34,96,群益金鼎-開元,2024-10-29,9134
00650L,復華香港正2,90,0,90,群益金鼎-開元,2024-10-29,9134
3481,群創,65,1,64,群益金鼎-開元,2024-10-29,9134
00715L,期街口布蘭特正2,53,0,53,群益金鼎-開元,2024-10-29,9134
2457,飛宏,51,0,51,群益金鼎-開元,2024-10-29,9134
2303,聯電,59,10,49,群益金鼎-開元,2024-10-29,9134
00688L,國泰20年美債正2,45,0,45,群益金鼎-開元,2024-10-29,9134
00878,國泰永續高股息,50,6,44,群益金鼎-開元,2024-10-29,9134
1314,中石化,46,3,43,群益金鼎-開元,2024-10-29,9134
00943,兆豐電子高息等權,43,2,41,群益金鼎-開元,2024-10-29,9134
6770,力積電,41,2,39,群益金鼎-開元,2024-10-29,9134
2601,益航,41,6,35,群益金鼎-開元,2024-10-29,9134
4960,誠美材,33,0,33,群益金鼎-開元,2024-10-29,9134
8942,森鉅,32,0,32,群益金鼎-開元,2024-10-29,9134
00915,凱基優選高股息30,31,0,31,群益金鼎-開元,2024-10-29,9134
2323,中環,31,0,31,群益金鼎-開元,2024-10-29,9134
2354,鴻準,50,19,31,群益金鼎-開元,2024-10-29,9134
4958,臻鼎-KY,30,0,30,群益金鼎-開元,2024-10-29,9134
2646,星宇航空,37,8,29,群益金鼎-開元,2024-10-29,9134
00927,群益半導體收益,32,3,29,群益金鼎-開元,2024-10-29,9134
2328,廣宇,37,8,29,群益金鼎-開元,2024-10-29,9134
0056,元大高股息,35,6,29,群益金鼎-開元,2024-10-29,9134
2929,淘帝-KY,31,3,28,群益金鼎-開元,2024-10-29,9134
5864,致和證,27,0,27,群益金鼎-開元,2024-10-29,9134
2312,金寶,27,1,26,群益金鼎-開元,2024-10-29,9134
2302,麗正,47,21,26,群益金鼎-開元,2024-10-29,9134
2317,鴻海,92,69,23,群益金鼎-開元,2024-10-29,9134
00712,復華富時不動產,23,0,23,群益金鼎-開元,2024-10-29,9134
3706,神達,23,2,21,群益金鼎-開元,2024-10-29,9134
6026,福邦證,20,0,20,群益金鼎-開元,2024-10-29,9134
2332,友訊,20,0,20,群益金鼎-開元,2024-10-29,9134
6168,宏齊,20,0,20,群益金鼎-開元,2024-10-29,9134
2409,友達,61,42,19,群益金鼎-開元,2024-10-29,9134
5328,華容,20,2,18,群益金鼎-開元,2024-10-29,9134
4720,德淵,20,2,18,群益金鼎-開元,2024-10-29,9134
3037,欣興,18,2,16,群益金鼎-開元,2024-10-29,9134
00946,群益科技高息成長,30,14,16,群益金鼎-開元,2024-10-29,9134
006208,富邦台50,16,0,16,群益金鼎-開元,2024-10-29,9134
6191,精成科,18,3,15,群益金鼎-開元,2024-10-29,9134
2884,玉山金,16,1,15,群益金鼎-開元,2024-10-29,9134
2633,台灣高鐵,14,0,14,群益金鼎-開元,2024-10-29,9134
00950B,凱基A級公司債,13,0,13,群益金鼎-開元,2024-10-29,9134
2880,華南金,13,0,13,群益金鼎-開元,2024-10-29,9134
00905,FT臺灣Smart,15,3,12,群益金鼎-開元,2024-10-29,9134
9933,中鼎,12,0,12,群益金鼎-開元,2024-10-29,9134
6642,富致,12,1,11,群益金鼎-開元,2024-10-29,9134
2431,聯昌,21,10,11,群益金鼎-開元,2024-10-29,9134
00937B,群益ESG投等債20,83,4,79,群益金鼎-開元,2024-10-30,9134
00671R,富邦NASDAQ反1,71,0,71,群益金鼎-開元,2024-10-30,9134
2328,廣宇,130,65,65,群益金鼎-開元,2024-10-30,9134
2884,玉山金,59,0,59,群益金鼎-開元,2024-10-30,9134
3013,晟銘電,107,52,55,群益金鼎-開元,2024-10-30,9134
00950B,凱基A級公司債,50,0,50,群益金鼎-開元,2024-10-30,9134
2413,環科,49,1,48,群益金鼎-開元,2024-10-30,9134
00688L,國泰20年美債正2,45,0,45,群益金鼎-開元,2024-10-30,9134
00940,元大台灣價值高息,41,1,40,群益金鼎-開元,2024-10-30,9134
6257,矽格,36,0,36,群益金鼎-開元,2024-10-30,9134
2303,聯電,43,10,33,群益金鼎-開元,2024-10-30,9134
2337,旺宏,31,0,31,群益金鼎-開元,2024-10-30,9134
2464,盟立,30,0,30,群益金鼎-開元,2024-10-30,9134
00715L,期街口布蘭特正2,30,0,30,群益金鼎-開元,2024-10-30,9134
00878,國泰永續高股息,37,8,29,群益金鼎-開元,2024-10-30,9134
00712,復華富時不動產,22,0,22,群益金鼎-開元,2024-10-30,9134
1605,華新,33,11,22,群益金鼎-開元,2024-10-30,9134
9105,泰金寶-DR,37,15,22,群益金鼎-開元,2024-10-30,9134
3710,連展投控,41,21,20,群益金鼎-開元,2024-10-30,9134
00665L,富邦�琤肭磪囓�2,20,0,20,群益金鼎-開元,2024-10-30,9134
3607,谷崧,20,0,20,群益金鼎-開元,2024-10-30,9134
2317,鴻海,33,15,18,群益金鼎-開元,2024-10-30,9134
5469,瀚宇博,17,0,17,群益金鼎-開元,2024-10-30,9134
2543,皇昌,69,52,17,群益金鼎-開元,2024-10-30,9134
00946,群益科技高息成長,17,0,17,群益金鼎-開元,2024-10-30,9134
00919,群益台灣精選高息,37,20,17,群益金鼎-開元,2024-10-30,9134
1718,中纖,16,0,16,群益金鼎-開元,2024-10-30,9134
0056,元大高股息,16,2,14,群益金鼎-開元,2024-10-30,9134
8942,森鉅,14,0,14,群益金鼎-開元,2024-10-30,9134
6625,必應,13,0,13,群益金鼎-開元,2024-10-30,9134
2327,國巨,14,2,12,群益金鼎-開元,2024-10-30,9134
2891,中信金,13,1,12,群益金鼎-開元,2024-10-30,9134
5328,華容,13,1,12,群益金鼎-開元,2024-10-30,9134
00915,凱基優選高股息30,11,0,11,群益金鼎-開元,2024-10-30,9134
3015,全漢,11,0,11,群益金鼎-開元,2024-10-30,9134
1721,三晃,21,10,11,群益金鼎-開元,2024-10-30,9134
6142,友勁,11,0,11,群益金鼎-開元,2024-10-30,9134
00680L,元大美債20正2,15,5,10,群益金鼎-開元,2024-10-30,9134
2426,鼎元,10,0,10,群益金鼎-開元,2024-10-30,9134
00720B,元大投資級公司債,10,0,10,群益金鼎-開元,2024-10-30,9134
2845,遠東銀,10,0,10,群益金鼎-開元,2024-10-30,9134
00957B,兆豐US優選投等債,10,0,10,群益金鼎-開元,2024-10-30,9134
00642U,期元大S＆P石油,10,0,10,群益金鼎-開元,2024-10-30,9134
00882,中信中國高股息,9,0,9,群益金鼎-開元,2024-10-30,9134
6642,富致,9,0,9,群益金鼎-開元,2024-10-30,9134
3494,誠研,9,0,9,群益金鼎-開元,2024-10-30,9134
00927,群益半導體收益,13,4,9,群益金鼎-開元,2024-10-30,9134
9933,中鼎,9,0,9,群益金鼎-開元,2024-10-30,9134
1314,中石化,11,2,9,群益金鼎-開元,2024-10-30,9134
1528,恩德,27,18,9,群益金鼎-開元,2024-10-30,9134
00937B,群益ESG投等債20,119,0,119,群益金鼎-開元,2024-11-01,9134
00953B,群益優選非投等債,110,0,110,群益金鼎-開元,2024-11-01,9134
00671R,富邦NASDAQ反1,99,0,99,群益金鼎-開元,2024-11-01,9134
2328,廣宇,87,6,81,群益金鼎-開元,2024-11-01,9134
2303,聯電,100,30,70,群益金鼎-開元,2024-11-01,9134
00929,復華台灣科技優息,68,2,66,群益金鼎-開元,2024-11-01,9134
00878,國泰永續高股息,56,0,56,群益金鼎-開元,2024-11-01,9134
00919,群益台灣精選高息,61,7,54,群益金鼎-開元,2024-11-01,9134
00945B,凱基美國非投等債,53,0,53,群益金鼎-開元,2024-11-01,9134
9955,佳龍,108,57,51,群益金鼎-開元,2024-11-01,9134
2317,鴻海,59,18,41,群益金鼎-開元,2024-11-01,9134
3481,群創,28,1,27,群益金鼎-開元,2024-11-01,9134
0056,元大高股息,26,0,26,群益金鼎-開元,2024-11-01,9134
2884,玉山金,23,0,23,群益金鼎-開元,2024-11-01,9134
6285,啟��,22,0,22,群益金鼎-開元,2024-11-01,9134
1220,台榮,22,0,22,群益金鼎-開元,2024-11-01,9134
3013,晟銘電,37,16,21,群益金鼎-開元,2024-11-01,9134
00679B,元大美債20年,22,2,20,群益金鼎-開元,2024-11-01,9134
3209,全科,27,7,20,群益金鼎-開元,2024-11-01,9134
00927,群益半導體收益,20,1,19,群益金鼎-開元,2024-11-01,9134
5871,中租-KY,16,0,16,群益金鼎-開元,2024-11-01,9134
0050,元大台灣50,16,1,15,群益金鼎-開元,2024-11-01,9134
2477,美隆電,20,5,15,群益金鼎-開元,2024-11-01,9134
3581,博磊,19,4,15,群益金鼎-開元,2024-11-01,9134
3447,展達,18,4,14,群益金鼎-開元,2024-11-01,9134
2344,華邦電,17,3,14,群益金鼎-開元,2024-11-01,9134
00712,復華富時不動產,13,1,12,群益金鼎-開元,2024-11-01,9134
00948B,中信優息投資級債,12,0,12,群益金鼎-開元,2024-11-01,9134
5876,上海商銀,12,0,12,群益金鼎-開元,2024-11-01,9134
6116,彩晶,14,2,12,群益金鼎-開元,2024-11-01,9134
00915,凱基優選高股息30,11,0,11,群益金鼎-開元,2024-11-01,9134
00940,元大台灣價值高息,25,14,11,群益金鼎-開元,2024-11-01,9134
00923,群益台ESG低碳50,12,1,11,群益金鼎-開元,2024-11-01,9134
4526,東台,14,3,11,群益金鼎-開元,2024-11-01,9134
2886,兆豐金,11,0,11,群益金鼎-開元,2024-11-01,9134
2369,菱生,12,1,11,群益金鼎-開元,2024-11-01,9134
8070,長華*,12,1,11,群益金鼎-開元,2024-11-01,9134
00905,FT臺灣Smart,11,0,11,群益金鼎-開元,2024-11-01,9134
3052,夆典,10,0,10,群益金鼎-開元,2024-11-01,9134
2883B,凱基金乙特,10,0,10,群益金鼎-開元,2024-11-01,9134
2017,官田鋼,10,0,10,群益金鼎-開元,2024-11-01,9134
5469,瀚宇博,20,10,10,群益金鼎-開元,2024-11-01,9134
2801,彰銀,10,0,10,群益金鼎-開元,2024-11-01,9134
8383,千附,10,0,10,群益金鼎-開元,2024-11-01,9134
2887,台新金,12,3,9,群益金鼎-開元,2024-11-01,9134
00881,國泰台灣5G+,11,2,9,群益金鼎-開元,2024-11-01,9134
6194,育富,9,0,9,群益金鼎-開元,2024-11-01,9134
2354,鴻準,252,243,9,群益金鼎-開元,2024-11-01,9134
2633,台灣高鐵,7,0,7,群益金鼎-開元,2024-11-01,9134
8069,元太,7,0,7,群益金鼎-開元,2024-11-01,9134
00937B,群益ESG投等債20,129,0,129,群益金鼎-開元,2024-11-04,9134
2888,新光金,106,15,91,群益金鼎-開元,2024-11-04,9134
2303,聯電,135,66,69,群益金鼎-開元,2024-11-04,9134
00687B,國泰20年美債,68,11,57,群益金鼎-開元,2024-11-04,9134
00712,復華富時不動產,49,0,49,群益金鼎-開元,2024-11-04,9134
1220,台榮,41,0,41,群益金鼎-開元,2024-11-04,9134
00878,國泰永續高股息,58,17,41,群益金鼎-開元,2024-11-04,9134
00679B,元大美債20年,38,0,38,群益金鼎-開元,2024-11-04,9134
5284,jpp-KY,40,5,35,群益金鼎-開元,2024-11-04,9134
4991,環宇-KY,53,23,30,群益金鼎-開元,2024-11-04,9134
2409,友達,75,50,25,群益金鼎-開元,2024-11-04,9134
3013,晟銘電,41,17,24,群益金鼎-開元,2024-11-04,9134
9933,中鼎,23,0,23,群益金鼎-開元,2024-11-04,9134
00953B,群益優選非投等債,20,0,20,群益金鼎-開元,2024-11-04,9134
00725B,國泰投資級公司債,20,0,20,群益金鼎-開元,2024-11-04,9134
2464,盟立,20,0,20,群益金鼎-開元,2024-11-04,9134
2891,中信金,45,26,19,群益金鼎-開元,2024-11-04,9134
3031,佰鴻,16,0,16,群益金鼎-開元,2024-11-04,9134
1808,潤隆,16,0,16,群益金鼎-開元,2024-11-04,9134
2609,陽明,22,7,15,群益金鼎-開元,2024-11-04,9134
6190,萬泰科,15,0,15,群益金鼎-開元,2024-11-04,9134
00724B,群益投資級金融債,15,0,15,群益金鼎-開元,2024-11-04,9134
2344,華邦電,16,1,15,群益金鼎-開元,2024-11-04,9134
3209,全科,15,1,14,群益金鼎-開元,2024-11-04,9134
00751B,元大AAA至A公司債,13,0,13,群益金鼎-開元,2024-11-04,9134
00688L,國泰20年美債正2,13,0,13,群益金鼎-開元,2024-11-04,9134
2393,億光,13,0,13,群益金鼎-開元,2024-11-04,9134
8111,立��,25,12,13,群益金鼎-開元,2024-11-04,9134
2413,環科,14,2,12,群益金鼎-開元,2024-11-04,9134
00948B,中信優息投資級債,12,0,12,群益金鼎-開元,2024-11-04,9134
00927,群益半導體收益,12,0,12,群益金鼎-開元,2024-11-04,9134
8021,尖點,14,2,12,群益金鼎-開元,2024-11-04,9134
8105,凌巨,12,0,12,群益金鼎-開元,2024-11-04,9134
3042,晶技,11,0,11,群益金鼎-開元,2024-11-04,9134
2347,聯強,10,0,10,群益金鼎-開元,2024-11-04,9134
6026,福邦證,10,0,10,群益金鼎-開元,2024-11-04,9134
00957B,兆豐US優選投等債,10,0,10,群益金鼎-開元,2024-11-04,9134
8349,�矬�,10,0,10,群益金鼎-開元,2024-11-04,9134
00706L,期元大S＆P日圓正2,10,0,10,群益金鼎-開元,2024-11-04,9134
2431,聯昌,41,31,10,群益金鼎-開元,2024-11-04,9134
5864,致和證,10,0,10,群益金鼎-開元,2024-11-04,9134
00950B,凱基A級公司債,9,0,9,群益金鼎-開元,2024-11-04,9134
2615,萬海,43,35,8,群益金鼎-開元,2024-11-04,9134
1316,上曜,8,0,8,群益金鼎-開元,2024-11-04,9134
2356,英業達,8,0,8,群益金鼎-開元,2024-11-04,9134
6257,矽格,9,1,8,群益金鼎-開元,2024-11-04,9134
1815,富喬,8,0,8,群益金鼎-開元,2024-11-04,9134
2912,統一超,7,0,7,群益金鼎-開元,2024-11-04,9134
2646,星宇航空,11,4,7,群益金鼎-開元,2024-11-04,9134
1721,三晃,7,0,7,群益金鼎-開元,2024-11-04,9134
2356,英業達,150,80,70,群益金鼎-開元,2024-11-05,9134
2888,新光金,53,7,46,群益金鼎-開元,2024-11-05,9134
00937B,群益ESG投等債20,38,0,38,群益金鼎-開元,2024-11-05,9134
00637L,元大滬深300正2,46,11,35,群益金鼎-開元,2024-11-05,9134
9933,中鼎,34,0,34,群益金鼎-開元,2024-11-05,9134
3062,建漢,41,12,29,群益金鼎-開元,2024-11-05,9134
2303,聯電,53,27,26,群益金鼎-開元,2024-11-05,9134
2883B,凱基金乙特,25,0,25,群益金鼎-開元,2024-11-05,9134
00948B,中信優息投資級債,25,1,24,群益金鼎-開元,2024-11-05,9134
6546,正基,20,0,20,群益金鼎-開元,2024-11-05,9134
00680L,元大美債20正2,20,0,20,群益金鼎-開元,2024-11-05,9134
2302,麗正,20,0,20,群益金鼎-開元,2024-11-05,9134
00919,群益台灣精選高息,19,1,18,群益金鼎-開元,2024-11-05,9134
2882,國泰金,21,3,18,群益金鼎-開元,2024-11-05,9134
00943,兆豐電子高息等權,18,0,18,群益金鼎-開元,2024-11-05,9134
4991,環宇-KY,99,81,18,群益金鼎-開元,2024-11-05,9134
6213,聯茂,21,3,18,群益金鼎-開元,2024-11-05,9134
2070,精湛,19,2,17,群益金鼎-開元,2024-11-05,9134
00679B,元大美債20年,21,5,16,群益金鼎-開元,2024-11-05,9134
2323,中環,16,0,16,群益金鼎-開元,2024-11-05,9134
6190,萬泰科,15,0,15,群益金鼎-開元,2024-11-05,9134
2915,潤泰全,14,0,14,群益金鼎-開元,2024-11-05,9134
00878,國泰永續高股息,22,9,13,群益金鼎-開元,2024-11-05,9134
00946,群益科技高息成長,13,0,13,群益金鼎-開元,2024-11-05,9134
00915,凱基優選高股息30,11,0,11,群益金鼎-開元,2024-11-05,9134
00930,永豐ESG低碳高息,11,0,11,群益金鼎-開元,2024-11-05,9134
2745,五福,24,13,11,群益金鼎-開元,2024-11-05,9134
3163,波若威,13,2,11,群益金鼎-開元,2024-11-05,9134
6116,彩晶,10,0,10,群益金鼎-開元,2024-11-05,9134
1340,勝悅-KY,10,0,10,群益金鼎-開元,2024-11-05,9134
6191,精成科,20,10,10,群益金鼎-開元,2024-11-05,9134
3149,正達,16,6,10,群益金鼎-開元,2024-11-05,9134
3230,錦明,15,5,10,群益金鼎-開元,2024-11-05,9134
6026,福邦證,10,0,10,群益金鼎-開元,2024-11-05,9134
2020,美亞,10,0,10,群益金鼎-開元,2024-11-05,9134
4207,環泰,10,0,10,群益金鼎-開元,2024-11-05,9134
2365,昆盈,13,3,10,群益金鼎-開元,2024-11-05,9134
00882,中信中國高股息,9,0,9,群益金鼎-開元,2024-11-05,9134
2353,宏��,11,2,9,群益金鼎-開元,2024-11-05,9134
2354,鴻準,41,33,8,群益金鼎-開元,2024-11-05,9134
2812,台中銀,8,0,8,群益金鼎-開元,2024-11-05,9134
2439,美律,8,0,8,群益金鼎-開元,2024-11-05,9134
5469,瀚宇博,8,0,8,群益金鼎-開元,2024-11-05,9134
3015,全漢,9,1,8,群益金鼎-開元,2024-11-05,9134
6122,擎邦,8,0,8,群益金鼎-開元,2024-11-05,9134
2349,錸德,11,4,7,群益金鼎-開元,2024-11-05,9134
00959B,大華投等美債15Y+,7,0,7,群益金鼎-開元,2024-11-05,9134
00960,野村全球航運龍頭,7,0,7,群益金鼎-開元,2024-11-05,9134
2543,皇昌,42,35,7,群益金鼎-開元,2024-11-05,9134
5443,均豪,8,1,7,群益金鼎-開元,2024-11-05,9134
00887,永豐中國科技50大,211,1,210,群益金鼎-開元,2024-11-06,9134
00688L,國泰20年美債正2,183,30,153,群益金鼎-開元,2024-11-06,9134
00643,群益深証中小,140,0,140,群益金鼎-開元,2024-11-06,9134
00915,凱基優選高股息30,96,10,86,群益金鼎-開元,2024-11-06,9134
3710,連展投控,91,20,71,群益金鼎-開元,2024-11-06,9134
00959B,大華投等美債15Y+,66,0,66,群益金鼎-開元,2024-11-06,9134
2303,聯電,96,30,66,群益金鼎-開元,2024-11-06,9134
00679B,元大美債20年,151,86,65,群益金鼎-開元,2024-11-06,9134
00680L,元大美債20正2,73,10,63,群益金鼎-開元,2024-11-06,9134
00918,大華優利高填息30,50,10,40,群益金鼎-開元,2024-11-06,9134
2488,漢平,31,0,31,群益金鼎-開元,2024-11-06,9134
1440,南紡,30,0,30,群益金鼎-開元,2024-11-06,9134
3015,全漢,31,2,29,群益金鼎-開元,2024-11-06,9134
3013,晟銘電,47,19,28,群益金鼎-開元,2024-11-06,9134
1449,佳和,41,15,26,群益金鼎-開元,2024-11-06,9134
00948B,中信優息投資級債,23,0,23,群益金鼎-開元,2024-11-06,9134
00637L,元大滬深300正2,25,4,21,群益金鼎-開元,2024-11-06,9134
5284,jpp-KY,20,0,20,群益金鼎-開元,2024-11-06,9134
2603,長榮,24,4,20,群益金鼎-開元,2024-11-06,9134
4167,松瑞藥,20,0,20,群益金鼎-開元,2024-11-06,9134
00687B,國泰20年美債,184,164,20,群益金鼎-開元,2024-11-06,9134
2374,佳能,20,1,19,群益金鼎-開元,2024-11-06,9134
9933,中鼎,17,0,17,群益金鼎-開元,2024-11-06,9134
2399,映泰,43,27,16,群益金鼎-開元,2024-11-06,9134
2915,潤泰全,16,0,16,群益金鼎-開元,2024-11-06,9134
00632R,元大台灣50反1,15,0,15,群益金鼎-開元,2024-11-06,9134
8039,台虹,13,1,12,群益金鼎-開元,2024-11-06,9134
2883B,凱基金乙特,12,0,12,群益金鼎-開元,2024-11-06,9134
3490,單井,13,2,11,群益金鼎-開元,2024-11-06,9134
2426,鼎元,11,0,11,群益金鼎-開元,2024-11-06,9134
2845,遠東銀,10,0,10,群益金鼎-開元,2024-11-06,9134
3031,佰鴻,10,0,10,群益金鼎-開元,2024-11-06,9134
1340,勝悅-KY,10,0,10,群益金鼎-開元,2024-11-06,9134
8429,金麗-KY,10,0,10,群益金鼎-開元,2024-11-06,9134
8150,南茂,10,0,10,群益金鼎-開元,2024-11-06,9134
3666,光耀,10,0,10,群益金鼎-開元,2024-11-06,9134
00932,兆豐永續高息等權,10,0,10,群益金鼎-開元,2024-11-06,9134
2888,新光金,10,0,10,群益金鼎-開元,2024-11-06,9134
00706L,期元大S＆P日圓正2,10,0,10,群益金鼎-開元,2024-11-06,9134
8064,東捷,10,0,10,群益金鼎-開元,2024-11-06,9134
5469,瀚宇博,9,0,9,群益金鼎-開元,2024-11-06,9134
00950B,凱基A級公司債,9,0,9,群益金鼎-開元,2024-11-06,9134
2431,聯昌,28,19,9,群益金鼎-開元,2024-11-06,9134
2351,順德,8,0,8,群益金鼎-開元,2024-11-06,9134
2413,環科,13,5,8,群益金鼎-開元,2024-11-06,9134
00931B,統一美債20年,8,0,8,群益金鼎-開元,2024-11-06,9134
2892,第一金,7,0,7,群益金鼎-開元,2024-11-06,9134
5871,中租-KY,8,1,7,群益金鼎-開元,2024-11-06,9134
2365,昆盈,7,0,7,群益金鼎-開元,2024-11-06,9134
2646,星宇航空,7,0,7,群益金鼎-開元,2024-11-06,9134
2412,中華電,52,0,52,群益金鼎-開元,2024-11-07,9134
2328,廣宇,57,6,51,群益金鼎-開元,2024-11-07,9134
2303,聯電,79,29,50,群益金鼎-開元,2024-11-07,9134
00943,兆豐電子高息等權,50,0,50,群益金鼎-開元,2024-11-07,9134
9933,中鼎,45,2,43,群益金鼎-開元,2024-11-07,9134
2399,映泰,48,17,31,群益金鼎-開元,2024-11-07,9134
1815,富喬,31,1,30,群益金鼎-開元,2024-11-07,9134
00878,國泰永續高股息,67,37,30,群益金鼎-開元,2024-11-07,9134
3209,全科,25,0,25,群益金鼎-開元,2024-11-07,9134
006208,富邦台50,33,8,25,群益金鼎-開元,2024-11-07,9134
00881,國泰台灣5G+,26,2,24,群益金鼎-開元,2024-11-07,9134
00937B,群益ESG投等債20,32,9,23,群益金鼎-開元,2024-11-07,9134
00953B,群益優選非投等債,35,15,20,群益金鼎-開元,2024-11-07,9134
5284,jpp-KY,22,2,20,群益金鼎-開元,2024-11-07,9134
3033,威健,19,0,19,群益金鼎-開元,2024-11-07,9134
1101,台泥,18,0,18,群益金鼎-開元,2024-11-07,9134
00679B,元大美債20年,23,6,17,群益金鼎-開元,2024-11-07,9134
5460,同協,20,3,17,群益金鼎-開元,2024-11-07,9134
8112,至上,17,0,17,群益金鼎-開元,2024-11-07,9134
2892,第一金,16,0,16,群益金鼎-開元,2024-11-07,9134
2414,精技,16,0,16,群益金鼎-開元,2024-11-07,9134
2601,益航,18,3,15,群益金鼎-開元,2024-11-07,9134
00713,元大台灣高息低波,14,0,14,群益金鼎-開元,2024-11-07,9134
6642,富致,14,0,14,群益金鼎-開元,2024-11-07,9134
8039,台虹,15,1,14,群益金鼎-開元,2024-11-07,9134
2108,南帝,14,0,14,群益金鼎-開元,2024-11-07,9134
2633,台灣高鐵,13,0,13,群益金鼎-開元,2024-11-07,9134
8028,昇陽半導體,16,3,13,群益金鼎-開元,2024-11-07,9134
1229,聯華,12,0,12,群益金鼎-開元,2024-11-07,9134
4903,聯光通,29,18,11,群益金鼎-開元,2024-11-07,9134
4991,環宇-KY,20,9,11,群益金鼎-開元,2024-11-07,9134
00688L,國泰20年美債正2,12,1,11,群益金鼎-開元,2024-11-07,9134
2359,所羅門,10,0,10,群益金鼎-開元,2024-11-07,9134
00893,國泰智能電動車,10,0,10,群益金鼎-開元,2024-11-07,9134
6282,康舒,11,1,10,群益金鼎-開元,2024-11-07,9134
6187,萬潤,12,2,10,群益金鼎-開元,2024-11-07,9134
00929,復華台灣科技優息,36,27,9,群益金鼎-開元,2024-11-07,9134
2363,矽統,11,2,9,群益金鼎-開元,2024-11-07,9134
00674R,期元大S＆P黃金反1,8,0,8,群益金鼎-開元,2024-11-07,9134
2301,光寶科,8,0,8,群益金鼎-開元,2024-11-07,9134
2929,淘帝-KY,9,1,8,群益金鼎-開元,2024-11-07,9134
00946,群益科技高息成長,8,0,8,群益金鼎-開元,2024-11-07,9134
6742,澤米,8,1,7,群益金鼎-開元,2024-11-07,9134
00706L,期元大S＆P日圓正2,7,0,7,群益金鼎-開元,2024-11-07,9134
3587,閎康,8,1,7,群益金鼎-開元,2024-11-07,9134
1711,永光,7,0,7,群益金鼎-開元,2024-11-07,9134
2609,陽明,21,14,7,群益金鼎-開元,2024-11-07,9134
6592,和潤企業,7,0,7,群益金鼎-開元,2024-11-07,9134
2312,金寶,34,27,7,群益金鼎-開元,2024-11-07,9134
2474,可成,6,0,6,群益金鼎-開元,2024-11-07,9134
6116,彩晶,200,2,198,群益金鼎-開元,2024-11-08,9134
2892,第一金,113,0,113,群益金鼎-開元,2024-11-08,9134
3303,岱稜,145,36,109,群益金鼎-開元,2024-11-08,9134
2426,鼎元,83,1,82,群益金鼎-開元,2024-11-08,9134
9933,中鼎,71,0,71,群益金鼎-開元,2024-11-08,9134
2402,毅嘉,48,4,44,群益金鼎-開元,2024-11-08,9134
1605,華新,47,3,44,群益金鼎-開元,2024-11-08,9134
00878,國泰永續高股息,70,27,43,群益金鼎-開元,2024-11-08,9134
2328,廣宇,84,43,41,群益金鼎-開元,2024-11-08,9134
3481,群創,105,71,34,群益金鼎-開元,2024-11-08,9134
2313,華通,46,13,33,群益金鼎-開元,2024-11-08,9134
2409,友達,61,30,31,群益金鼎-開元,2024-11-08,9134
6548,長科*,31,0,31,群益金鼎-開元,2024-11-08,9134
3022,威強電,31,0,31,群益金鼎-開元,2024-11-08,9134
2353,宏��,28,0,28,群益金鼎-開元,2024-11-08,9134
3031,佰鴻,25,0,25,群益金鼎-開元,2024-11-08,9134
6216,居易,23,2,21,群益金鼎-開元,2024-11-08,9134
3710,連展投控,42,21,21,群益金鼎-開元,2024-11-08,9134
2354,鴻準,193,172,21,群益金鼎-開元,2024-11-08,9134
3062,建漢,32,12,20,群益金鼎-開元,2024-11-08,9134
2303,聯電,29,12,17,群益金鼎-開元,2024-11-08,9134
2884,玉山金,20,5,15,群益金鼎-開元,2024-11-08,9134
3037,欣興,24,9,15,群益金鼎-開元,2024-11-08,9134
2495,普安,21,6,15,群益金鼎-開元,2024-11-08,9134
3494,誠研,15,0,15,群益金鼎-開元,2024-11-08,9134
5452,佶優,29,15,14,群益金鼎-開元,2024-11-08,9134
6213,聯茂,18,4,14,群益金鼎-開元,2024-11-08,9134
8044,網家,14,1,13,群益金鼎-開元,2024-11-08,9134
2485,兆赫,13,0,13,群益金鼎-開元,2024-11-08,9134
6505,台塑化,18,6,12,群益金鼎-開元,2024-11-08,9134
1531,高林股,19,7,12,群益金鼎-開元,2024-11-08,9134
00943,兆豐電子高息等權,12,0,12,群益金鼎-開元,2024-11-08,9134
1513,中興電,14,2,12,群益金鼎-開元,2024-11-08,9134
4563,百德,13,1,12,群益金鼎-開元,2024-11-08,9134
2327,國巨,11,0,11,群益金鼎-開元,2024-11-08,9134
2888,新光金,17,6,11,群益金鼎-開元,2024-11-08,9134
2439,美律,11,0,11,群益金鼎-開元,2024-11-08,9134
6104,創惟,11,1,10,群益金鼎-開元,2024-11-08,9134
00946,群益科技高息成長,10,0,10,群益金鼎-開元,2024-11-08,9134
2332,友訊,10,0,10,群益金鼎-開元,2024-11-08,9134
5011,久陽,10,0,10,群益金鼎-開元,2024-11-08,9134
2105,正新,10,0,10,群益金鼎-開元,2024-11-08,9134
2636,台驊控股,10,0,10,群益金鼎-開元,2024-11-08,9134
00932,兆豐永續高息等權,10,0,10,群益金鼎-開元,2024-11-08,9134
1717,長興,10,0,10,群益金鼎-開元,2024-11-08,9134
4909,新復興,16,6,10,群益金鼎-開元,2024-11-08,9134
1402,遠東新,10,0,10,群益金鼎-開元,2024-11-08,9134
8942,森鉅,10,0,10,群益金鼎-開元,2024-11-08,9134
5469,瀚宇博,10,0,10,群益金鼎-開元,2024-11-08,9134
1326,台化,10,0,10,群益金鼎-開元,2024-11-08,9134
5871,中租-KY,432,0,432,群益金鼎-開元,2024-11-11,9134
9907,統一實,250,0,250,群益金鼎-開元,2024-11-11,9134
2489,瑞軒,123,1,122,群益金鼎-開元,2024-11-11,9134
00878,國泰永續高股息,127,5,122,群益金鼎-開元,2024-11-11,9134
00882,中信中國高股息,111,1,110,群益金鼎-開元,2024-11-11,9134
4903,聯光通,39,5,34,群益金鼎-開元,2024-11-11,9134
2891,中信金,36,3,33,群益金鼎-開元,2024-11-11,9134
2426,鼎元,31,0,31,群益金鼎-開元,2024-11-11,9134
6194,育富,30,0,30,群益金鼎-開元,2024-11-11,9134
2488,漢平,31,3,28,群益金鼎-開元,2024-11-11,9134
2313,華通,42,16,26,群益金鼎-開元,2024-11-11,9134
3576,聯合再生,32,6,26,群益金鼎-開元,2024-11-11,9134
2888,新光金,25,0,25,群益金鼎-開元,2024-11-11,9134
1449,佳和,33,8,25,群益金鼎-開元,2024-11-11,9134
00919,群益台灣精選高息,30,6,24,群益金鼎-開元,2024-11-11,9134
9933,中鼎,22,0,22,群益金鼎-開元,2024-11-11,9134
2374,佳能,22,0,22,群益金鼎-開元,2024-11-11,9134
6152,百一,21,0,21,群益金鼎-開元,2024-11-11,9134
2409,友達,43,23,20,群益金鼎-開元,2024-11-11,9134
3034,聯詠,20,1,19,群益金鼎-開元,2024-11-11,9134
5469,瀚宇博,30,11,19,群益金鼎-開元,2024-11-11,9134
3022,威強電,19,0,19,群益金鼎-開元,2024-11-11,9134
3090,日電貿,18,1,17,群益金鼎-開元,2024-11-11,9134
8358,金居,16,0,16,群益金鼎-開元,2024-11-11,9134
00632R,元大台灣50反1,16,0,16,群益金鼎-開元,2024-11-11,9134
6781,AES-KY,16,0,16,群益金鼎-開元,2024-11-11,9134
00679B,元大美債20年,16,1,15,群益金鼎-開元,2024-11-11,9134
00706L,期元大S＆P日圓正2,15,0,15,群益金鼎-開元,2024-11-11,9134
1605,華新,17,2,15,群益金鼎-開元,2024-11-11,9134
3234,光環,22,7,15,群益金鼎-開元,2024-11-11,9134
3013,晟銘電,104,89,15,群益金鼎-開元,2024-11-11,9134
8064,東捷,14,0,14,群益金鼎-開元,2024-11-11,9134
00932,兆豐永續高息等權,14,0,14,群益金鼎-開元,2024-11-11,9134
2303,聯電,36,23,13,群益金鼎-開元,2024-11-11,9134
4909,新復興,13,0,13,群益金鼎-開元,2024-11-11,9134
2609,陽明,18,5,13,群益金鼎-開元,2024-11-11,9134
6122,擎邦,13,0,13,群益金鼎-開元,2024-11-11,9134
2646,星宇航空,12,0,12,群益金鼎-開元,2024-11-11,9134
4716,大立,27,15,12,群益金鼎-開元,2024-11-11,9134
00948B,中信優息投資級債,41,30,11,群益金鼎-開元,2024-11-11,9134
4562,穎漢,10,0,10,群益金鼎-開元,2024-11-11,9134
4938,和碩,10,0,10,群益金鼎-開元,2024-11-11,9134
6142,友勁,20,10,10,群益金鼎-開元,2024-11-11,9134
00959B,大華投等美債15Y+,10,0,10,群益金鼎-開元,2024-11-11,9134
2208,台船,10,0,10,群益金鼎-開元,2024-11-11,9134
1717,長興,10,0,10,群益金鼎-開元,2024-11-11,9134
8936,國統,14,4,10,群益金鼎-開元,2024-11-11,9134
1301,台塑,11,1,10,群益金鼎-開元,2024-11-11,9134
6139,亞翔,10,0,10,群益金鼎-開元,2024-11-11,9134
00953B,群益優選非投等債,29,20,9,群益金鼎-開元,2024-11-11,9134
00937B,群益ESG投等債20,368,165,203,群益金鼎-開元,2024-11-12,9134
00878,國泰永續高股息,190,2,188,群益金鼎-開元,2024-11-12,9134
00882,中信中國高股息,180,35,145,群益金鼎-開元,2024-11-12,9134
5871,中租-KY,134,0,134,群益金鼎-開元,2024-11-12,9134
9933,中鼎,103,0,103,群益金鼎-開元,2024-11-12,9134
2515,中工,102,0,102,群益金鼎-開元,2024-11-12,9134
1802,台玻,95,2,93,群益金鼎-開元,2024-11-12,9134
2317,鴻海,92,7,85,群益金鼎-開元,2024-11-12,9134
2332,友訊,75,1,74,群益金鼎-開元,2024-11-12,9134
00715L,期街口布蘭特正2,65,0,65,群益金鼎-開元,2024-11-12,9134
3209,全科,66,2,64,群益金鼎-開元,2024-11-12,9134
2356,英業達,83,23,60,群益金鼎-開元,2024-11-12,9134
3015,全漢,60,0,60,群益金鼎-開元,2024-11-12,9134
3049,精金,53,2,51,群益金鼎-開元,2024-11-12,9134
1101,台泥,61,23,38,群益金鼎-開元,2024-11-12,9134
6838,台新藥,35,0,35,群益金鼎-開元,2024-11-12,9134
2352,佳世達,33,0,33,群益金鼎-開元,2024-11-12,9134
3013,晟銘電,51,19,32,群益金鼎-開元,2024-11-12,9134
1524,耿鼎,43,12,31,群益金鼎-開元,2024-11-12,9134
006208,富邦台50,53,25,28,群益金鼎-開元,2024-11-12,9134
00929,復華台灣科技優息,62,34,28,群益金鼎-開元,2024-11-12,9134
2887,台新金,27,1,26,群益金鼎-開元,2024-11-12,9134
2344,華邦電,26,0,26,群益金鼎-開元,2024-11-12,9134
2002,中鋼,26,1,25,群益金鼎-開元,2024-11-12,9134
6168,宏齊,25,0,25,群益金鼎-開元,2024-11-12,9134
2328,廣宇,44,19,25,群益金鼎-開元,2024-11-12,9134
2892,第一金,23,0,23,群益金鼎-開元,2024-11-12,9134
1314,中石化,32,10,22,群益金鼎-開元,2024-11-12,9134
2633,台灣高鐵,21,0,21,群益金鼎-開元,2024-11-12,9134
2353,宏��,28,7,21,群益金鼎-開元,2024-11-12,9134
00945B,凱基美國非投等債,20,0,20,群益金鼎-開元,2024-11-12,9134
4720,德淵,20,0,20,群益金鼎-開元,2024-11-12,9134
6213,聯茂,20,0,20,群益金鼎-開元,2024-11-12,9134
2369,菱生,20,0,20,群益金鼎-開元,2024-11-12,9134
00881,國泰台灣5G+,19,0,19,群益金鼎-開元,2024-11-12,9134
2486,一詮,21,2,19,群益金鼎-開元,2024-11-12,9134
2330,台積電,21,2,19,群益金鼎-開元,2024-11-12,9134
8096,擎亞,21,3,18,群益金鼎-開元,2024-11-12,9134
2312,金寶,22,4,18,群益金鼎-開元,2024-11-12,9134
2409,友達,67,50,17,群益金鼎-開元,2024-11-12,9134
3481,群創,122,107,15,群益金鼎-開元,2024-11-12,9134
6548,長科*,15,0,15,群益金鼎-開元,2024-11-12,9134
0056,元大高股息,37,23,14,群益金鼎-開元,2024-11-12,9134
2303,聯電,37,23,14,群益金鼎-開元,2024-11-12,9134
5243,乙盛-KY,17,3,14,群益金鼎-開元,2024-11-12,9134
2609,陽明,52,39,13,群益金鼎-開元,2024-11-12,9134
3014,聯陽,20,7,13,群益金鼎-開元,2024-11-12,9134
00932,兆豐永續高息等權,13,0,13,群益金鼎-開元,2024-11-12,9134
9941,裕融,12,0,12,群益金鼎-開元,2024-11-12,9134
1522,堤維西,12,0,12,群益金鼎-開元,2024-11-12,9134
00937B,群益ESG投等債20,145,8,137,群益金鼎-開元,2024-11-13,9134
2882,國泰金,121,7,114,群益金鼎-開元,2024-11-13,9134
00878,國泰永續高股息,112,2,110,群益金鼎-開元,2024-11-13,9134
00706L,期元大S＆P日圓正2,60,0,60,群益金鼎-開元,2024-11-13,9134
6142,友勁,60,1,59,群益金鼎-開元,2024-11-13,9134
2888,新光金,53,0,53,群益金鼎-開元,2024-11-13,9134
00929,復華台灣科技優息,62,22,40,群益金鼎-開元,2024-11-13,9134
1218,泰山,50,10,40,群益金鼎-開元,2024-11-13,9134
2105,正新,34,0,34,群益金鼎-開元,2024-11-13,9134
00664R,國泰臺灣加權反1,32,0,32,群益金鼎-開元,2024-11-13,9134
6194,育富,31,0,31,群益金鼎-開元,2024-11-13,9134
5871,中租-KY,32,2,30,群益金鼎-開元,2024-11-13,9134
2317,鴻海,29,5,24,群益金鼎-開元,2024-11-13,9134
00680L,元大美債20正2,23,0,23,群益金鼎-開元,2024-11-13,9134
3712,永崴投控,28,8,20,群益金鼎-開元,2024-11-13,9134
2745,五福,20,0,20,群益金鼎-開元,2024-11-13,9134
6152,百一,20,0,20,群益金鼎-開元,2024-11-13,9134
1301,台塑,19,0,19,群益金鼎-開元,2024-11-13,9134
2409,友達,16,0,16,群益金鼎-開元,2024-11-13,9134
3520,華盈,24,8,16,群益金鼎-開元,2024-11-13,9134
00679B,元大美債20年,24,9,15,群益金鼎-開元,2024-11-13,9134
00949,復華日本龍頭,15,0,15,群益金鼎-開元,2024-11-13,9134
4720,德淵,14,0,14,群益金鼎-開元,2024-11-13,9134
1605,華新,14,0,14,群益金鼎-開元,2024-11-13,9134
00900,富邦特選高股息30,14,1,13,群益金鼎-開元,2024-11-13,9134
2883,凱基金,13,0,13,群益金鼎-開元,2024-11-13,9134
2349,錸德,71,58,13,群益金鼎-開元,2024-11-13,9134
00675L,富邦臺灣加權正2,15,2,13,群益金鼎-開元,2024-11-13,9134
6505,台塑化,13,0,13,群益金鼎-開元,2024-11-13,9134
00715L,期街口布蘭特正2,12,0,12,群益金鼎-開元,2024-11-13,9134
8210,勤誠,17,5,12,群益金鼎-開元,2024-11-13,9134
00922,國泰台灣領袖50,12,0,12,群益金鼎-開元,2024-11-13,9134
006208,富邦台50,14,2,12,群益金鼎-開元,2024-11-13,9134
9945,潤泰新,12,1,11,群益金鼎-開元,2024-11-13,9134
2454,聯發科,11,0,11,群益金鼎-開元,2024-11-13,9134
00688L,國泰20年美債正2,11,0,11,群益金鼎-開元,2024-11-13,9134
1611,中電,112,101,11,群益金鼎-開元,2024-11-13,9134
1101,台泥,12,1,11,群益金鼎-開元,2024-11-13,9134
00943,兆豐電子高息等權,11,0,11,群益金鼎-開元,2024-11-13,9134
3189,景碩,13,2,11,群益金鼎-開元,2024-11-13,9134
2801,彰銀,11,0,11,群益金鼎-開元,2024-11-13,9134
2356,英業達,19,8,11,群益金鼎-開元,2024-11-13,9134
2646,星宇航空,15,4,11,群益金鼎-開元,2024-11-13,9134
6743,安普新,11,1,10,群益金鼎-開元,2024-11-13,9134
00945B,凱基美國非投等債,10,0,10,群益金鼎-開元,2024-11-13,9134
4161,聿新科,10,0,10,群益金鼎-開元,2024-11-13,9134
3047,訊舟,12,2,10,群益金鼎-開元,2024-11-13,9134
2330,台積電,16,6,10,群益金鼎-開元,2024-11-13,9134
3037,欣興,11,2,9,群益金鼎-開元,2024-11-13,9134
1717,長興,10,1,9,群益金鼎-開元,2024-11-13,9134
00878,國泰永續高股息,192,3,189,群益金鼎-開元,2024-11-14,9134
8064,東捷,130,20,110,群益金鼎-開元,2024-11-14,9134
2641,正德,96,0,96,群益金鼎-開元,2024-11-14,9134
2515,中工,95,0,95,群益金鼎-開元,2024-11-14,9134
0056,元大高股息,86,1,85,群益金鼎-開元,2024-11-14,9134
2303,聯電,98,19,79,群益金鼎-開元,2024-11-14,9134
5871,中租-KY,69,2,67,群益金鼎-開元,2024-11-14,9134
00679B,元大美債20年,66,6,60,群益金鼎-開元,2024-11-14,9134
6142,友勁,40,0,40,群益金鼎-開元,2024-11-14,9134
00929,復華台灣科技優息,68,33,35,群益金鼎-開元,2024-11-14,9134
00940,元大台灣價值高息,40,8,32,群益金鼎-開元,2024-11-14,9134
6416,瑞祺電通,31,0,31,群益金鼎-開元,2024-11-14,9134
2328,廣宇,90,60,30,群益金鼎-開元,2024-11-14,9134
2317,鴻海,35,6,29,群益金鼎-開元,2024-11-14,9134
00687B,國泰20年美債,37,8,29,群益金鼎-開元,2024-11-14,9134
2887,台新金,29,1,28,群益金鼎-開元,2024-11-14,9134
3303,岱稜,31,4,27,群益金鼎-開元,2024-11-14,9134
1110,東泥,26,0,26,群益金鼎-開元,2024-11-14,9134
00632R,元大台灣50反1,37,11,26,群益金鼎-開元,2024-11-14,9134
2392,正崴,31,7,24,群益金鼎-開元,2024-11-14,9134
5009,榮剛,25,1,24,群益金鼎-開元,2024-11-14,9134
00946,群益科技高息成長,23,0,23,群益金鼎-開元,2024-11-14,9134
00943,兆豐電子高息等權,23,0,23,群益金鼎-開元,2024-11-14,9134
00680L,元大美債20正2,22,0,22,群益金鼎-開元,2024-11-14,9134
1314,中石化,22,1,21,群益金鼎-開元,2024-11-14,9134
9934,成霖,19,0,19,群益金鼎-開元,2024-11-14,9134
00675L,富邦臺灣加權正2,24,5,19,群益金鼎-開元,2024-11-14,9134
3712,永崴投控,31,12,19,群益金鼎-開元,2024-11-14,9134
6257,矽格,18,0,18,群益金鼎-開元,2024-11-14,9134
00959B,大華投等美債15Y+,18,0,18,群益金鼎-開元,2024-11-14,9134
1301,台塑,17,0,17,群益金鼎-開元,2024-11-14,9134
1218,泰山,20,3,17,群益金鼎-開元,2024-11-14,9134
00905,FT臺灣Smart,17,0,17,群益金鼎-開元,2024-11-14,9134
00919,群益台灣精選高息,21,5,16,群益金鼎-開元,2024-11-14,9134
00960,野村全球航運龍頭,32,16,16,群益金鼎-開元,2024-11-14,9134
2405,輔信,20,5,15,群益金鼎-開元,2024-11-14,9134
2369,菱生,15,0,15,群益金鼎-開元,2024-11-14,9134
2352,佳世達,15,0,15,群益金鼎-開元,2024-11-14,9134
00927,群益半導體收益,15,0,15,群益金鼎-開元,2024-11-14,9134
9945,潤泰新,20,6,14,群益金鼎-開元,2024-11-14,9134
4720,德淵,14,0,14,群益金鼎-開元,2024-11-14,9134
8114,振樺電,15,1,14,群益金鼎-開元,2024-11-14,9134
2892,第一金,19,5,14,群益金鼎-開元,2024-11-14,9134
2353,宏��,13,0,13,群益金鼎-開元,2024-11-14,9134
00712,復華富時不動產,13,0,13,群益金鼎-開元,2024-11-14,9134
5222,全訊,13,0,13,群益金鼎-開元,2024-11-14,9134
2881,富邦金,13,0,13,群益金鼎-開元,2024-11-14,9134
1308,亞聚,12,0,12,群益金鼎-開元,2024-11-14,9134
2884,玉山金,16,5,11,群益金鼎-開元,2024-11-14,9134
2356,英業達,15,4,11,群益金鼎-開元,2024-11-14,9134
00937B,群益ESG投等債20,231,61,170,群益金鼎-開元,2024-11-15,9134
00878,國泰永續高股息,196,34,162,群益金鼎-開元,2024-11-15,9134
2884,玉山金,110,1,109,群益金鼎-開元,2024-11-15,9134
00725B,國泰投資級公司債,84,0,84,群益金鼎-開元,2024-11-15,9134
5871,中租-KY,64,9,55,群益金鼎-開元,2024-11-15,9134
2867,三商壽,50,0,50,群益金鼎-開元,2024-11-15,9134
2352,佳世達,50,0,50,群益金鼎-開元,2024-11-15,9134
00929,復華台灣科技優息,49,1,48,群益金鼎-開元,2024-11-15,9134
00953B,群益優選非投等債,37,2,35,群益金鼎-開元,2024-11-15,9134
2382,廣達,43,11,32,群益金鼎-開元,2024-11-15,9134
00664R,國泰臺灣加權反1,32,0,32,群益金鼎-開元,2024-11-15,9134
1326,台化,30,0,30,群益金鼎-開元,2024-11-15,9134
1795,美時,34,5,29,群益金鼎-開元,2024-11-15,9134
2303,聯電,44,17,27,群益金鼎-開元,2024-11-15,9134
6182,合晶,24,1,23,群益金鼎-開元,2024-11-15,9134
3060,銘異,23,0,23,群益金鼎-開元,2024-11-15,9134
6126,信音,23,2,21,群益金鼎-開元,2024-11-15,9134
3693,營邦,21,0,21,群益金鼎-開元,2024-11-15,9134
6142,友勁,20,0,20,群益金鼎-開元,2024-11-15,9134
8215,明基材,20,0,20,群益金鼎-開元,2024-11-15,9134
5398,慕康生醫,21,1,20,群益金鼎-開元,2024-11-15,9134
00948B,中信優息投資級債,19,0,19,群益金鼎-開元,2024-11-15,9134
5009,榮剛,22,4,18,群益金鼎-開元,2024-11-15,9134
6257,矽格,15,0,15,群益金鼎-開元,2024-11-15,9134
3338,泰碩,20,6,14,群益金鼎-開元,2024-11-15,9134
1714,和桐,15,2,13,群益金鼎-開元,2024-11-15,9134
2007,燁興,12,0,12,群益金鼎-開元,2024-11-15,9134
2301,光寶科,12,1,11,群益金鼎-開元,2024-11-15,9134
00637L,元大滬深300正2,12,1,11,群益金鼎-開元,2024-11-15,9134
1440,南紡,11,0,11,群益金鼎-開元,2024-11-15,9134
00675L,富邦臺灣加權正2,11,0,11,群益金鼎-開元,2024-11-15,9134
6405,悅城,14,3,11,群益金鼎-開元,2024-11-15,9134
3712,永崴投控,21,10,11,群益金鼎-開元,2024-11-15,9134
6168,宏齊,10,0,10,群益金鼎-開元,2024-11-15,9134
2421,建準,10,1,9,群益金鼎-開元,2024-11-15,9134
9904,寶成,10,1,9,群益金鼎-開元,2024-11-15,9134
2486,一詮,8,0,8,群益金鼎-開元,2024-11-15,9134
1711,永光,21,13,8,群益金鼎-開元,2024-11-15,9134
9933,中鼎,8,0,8,群益金鼎-開元,2024-11-15,9134
4960,誠美材,8,0,8,群益金鼎-開元,2024-11-15,9134
3013,晟銘電,10,2,8,群益金鼎-開元,2024-11-15,9134
6191,精成科,22,14,8,群益金鼎-開元,2024-11-15,9134
2646,星宇航空,9,2,7,群益金鼎-開元,2024-11-15,9134
00932,兆豐永續高息等權,7,0,7,群益金鼎-開元,2024-11-15,9134
2615,萬海,16,9,7,群益金鼎-開元,2024-11-15,9134
6582,申豐,6,0,6,群益金鼎-開元,2024-11-15,9134
4162,智擎,6,0,6,群益金鼎-開元,2024-11-15,9134
5222,全訊,6,0,6,群益金鼎-開元,2024-11-15,9134
3209,全科,23,17,6,群益金鼎-開元,2024-11-15,9134
6180,橘子,19,13,6,群益金鼎-開元,2024-11-15,9134
00878,國泰永續高股息,178,34,144,群益金鼎-開元,2024-11-18,9134
2884,玉山金,101,2,99,群益金鼎-開元,2024-11-18,9134
00953B,群益優選非投等債,92,0,92,群益金鼎-開元,2024-11-18,9134
9105,泰金寶-DR,158,78,80,群益金鼎-開元,2024-11-18,9134
00929,復華台灣科技優息,117,40,77,群益金鼎-開元,2024-11-18,9134
00945B,凱基美國非投等債,70,0,70,群益金鼎-開元,2024-11-18,9134
5871,中租-KY,49,0,49,群益金鼎-開元,2024-11-18,9134
2867,三商壽,50,4,46,群益金鼎-開元,2024-11-18,9134
2881,富邦金,44,3,41,群益金鼎-開元,2024-11-18,9134
00715L,期街口布蘭特正2,37,1,36,群益金鼎-開元,2024-11-18,9134
2367,燿華,33,0,33,群益金鼎-開元,2024-11-18,9134
00919,群益台灣精選高息,33,0,33,群益金鼎-開元,2024-11-18,9134
2464,盟立,30,2,28,群益金鼎-開元,2024-11-18,9134
5398,慕康生醫,30,2,28,群益金鼎-開元,2024-11-18,9134
2356,英業達,43,15,28,群益金鼎-開元,2024-11-18,9134
6257,矽格,26,0,26,群益金鼎-開元,2024-11-18,9134
1609,大亞,24,3,21,群益金鼎-開元,2024-11-18,9134
2369,菱生,20,0,20,群益金鼎-開元,2024-11-18,9134
6142,友勁,20,0,20,群益金鼎-開元,2024-11-18,9134
2323,中環,22,3,19,群益金鼎-開元,2024-11-18,9134
2609,陽明,26,8,18,群益金鼎-開元,2024-11-18,9134
2317,鴻海,41,24,17,群益金鼎-開元,2024-11-18,9134
6005,群益證,16,0,16,群益金鼎-開元,2024-11-18,9134
0056,元大高股息,16,0,16,群益金鼎-開元,2024-11-18,9134
00881,國泰台灣5G+,15,0,15,群益金鼎-開元,2024-11-18,9134
2303,聯電,40,25,15,群益金鼎-開元,2024-11-18,9134
6180,橘子,21,7,14,群益金鼎-開元,2024-11-18,9134
8044,網家,29,15,14,群益金鼎-開元,2024-11-18,9134
2312,金寶,47,34,13,群益金鼎-開元,2024-11-18,9134
2615,萬海,17,4,13,群益金鼎-開元,2024-11-18,9134
1312,國喬,15,2,13,群益金鼎-開元,2024-11-18,9134
4716,大立,14,1,13,群益金鼎-開元,2024-11-18,9134
00887,永豐中國科技50大,13,0,13,群益金鼎-開元,2024-11-18,9134
3062,建漢,31,18,13,群益金鼎-開元,2024-11-18,9134
4931,新盛力,13,0,13,群益金鼎-開元,2024-11-18,9134
00905,FT臺灣Smart,12,0,12,群益金鼎-開元,2024-11-18,9134
5011,久陽,11,0,11,群益金鼎-開元,2024-11-18,9134
2880,華南金,10,0,10,群益金鼎-開元,2024-11-18,9134
00731,復華富時高息低波,10,0,10,群益金鼎-開元,2024-11-18,9134
5222,全訊,10,0,10,群益金鼎-開元,2024-11-18,9134
4157,太景*-KY,10,0,10,群益金鼎-開元,2024-11-18,9134
6548,長科*,10,0,10,群益金鼎-開元,2024-11-18,9134
3176,基亞,9,0,9,群益金鼎-開元,2024-11-18,9134
4956,光鋐,19,10,9,群益金鼎-開元,2024-11-18,9134
00891,中信關鍵半導體,9,0,9,群益金鼎-開元,2024-11-18,9134
006208,富邦台50,9,0,9,群益金鼎-開元,2024-11-18,9134
2330,台積電,11,3,8,群益金鼎-開元,2024-11-18,9134
00934,中信成長高股息,8,0,8,群益金鼎-開元,2024-11-18,9134
2204,中華,7,0,7,群益金鼎-開元,2024-11-18,9134
3706,神達,37,30,7,群益金鼎-開元,2024-11-18,9134
2615,萬海,204,17,187,群益金鼎-開元,2024-11-19,9134
00680L,元大美債20正2,130,10,120,群益金鼎-開元,2024-11-19,9134
00679B,元大美債20年,114,6,108,群益金鼎-開元,2024-11-19,9134
8089,康全電訊,104,3,101,群益金鼎-開元,2024-11-19,9134
00637L,元大滬深300正2,61,0,61,群益金鼎-開元,2024-11-19,9134
00878,國泰永續高股息,60,0,60,群益金鼎-開元,2024-11-19,9134
00953B,群益優選非投等債,53,0,53,群益金鼎-開元,2024-11-19,9134
4720,德淵,50,0,50,群益金鼎-開元,2024-11-19,9134
2891,中信金,46,0,46,群益金鼎-開元,2024-11-19,9134
2883,凱基金,31,0,31,群益金鼎-開元,2024-11-19,9134
00945B,凱基美國非投等債,30,0,30,群益金鼎-開元,2024-11-19,9134
5871,中租-KY,31,5,26,群益金鼎-開元,2024-11-19,9134
5864,致和證,25,0,25,群益金鼎-開元,2024-11-19,9134
2317,鴻海,24,3,21,群益金鼎-開元,2024-11-19,9134
3712,永崴投控,34,13,21,群益金鼎-開元,2024-11-19,9134
8064,東捷,21,4,17,群益金鼎-開元,2024-11-19,9134
2329,華泰,23,7,16,群益金鼎-開元,2024-11-19,9134
2884,玉山金,16,0,16,群益金鼎-開元,2024-11-19,9134
3419,譁裕,20,5,15,群益金鼎-開元,2024-11-19,9134
9945,潤泰新,15,0,15,群益金鼎-開元,2024-11-19,9134
4971,IET-KY,15,0,15,群益金鼎-開元,2024-11-19,9134
3231,緯創,19,5,14,群益金鼎-開元,2024-11-19,9134
1301,台塑,15,2,13,群益金鼎-開元,2024-11-19,9134
9933,中鼎,13,0,13,群益金鼎-開元,2024-11-19,9134
2382,廣達,23,11,12,群益金鼎-開元,2024-11-19,9134
00919,群益台灣精選高息,13,2,11,群益金鼎-開元,2024-11-19,9134
2882,國泰金,13,2,11,群益金鼎-開元,2024-11-19,9134
00940,元大台灣價值高息,16,6,10,群益金鼎-開元,2024-11-19,9134
00688L,國泰20年美債正2,10,0,10,群益金鼎-開元,2024-11-19,9134
1605,華新,10,0,10,群益金鼎-開元,2024-11-19,9134
6116,彩晶,10,0,10,群益金鼎-開元,2024-11-19,9134
00751B,元大AAA至A公司債,10,0,10,群益金鼎-開元,2024-11-19,9134
2881,富邦金,13,3,10,群益金鼎-開元,2024-11-19,9134
5452,佶優,10,0,10,群益金鼎-開元,2024-11-19,9134
4931,新盛力,15,7,8,群益金鼎-開元,2024-11-19,9134
2356,英業達,14,6,8,群益金鼎-開元,2024-11-19,9134
1471,首利,7,0,7,群益金鼎-開元,2024-11-19,9134
911868,同方友友-DR,7,0,7,群益金鼎-開元,2024-11-19,9134
2303,聯電,13,7,6,群益金鼎-開元,2024-11-19,9134
3090,日電貿,10,4,6,群益金鼎-開元,2024-11-19,9134
2883B,凱基金乙特,6,0,6,群益金鼎-開元,2024-11-19,9134
3128,昇銳,6,0,6,群益金鼎-開元,2024-11-19,9134
9943,好樂迪,6,0,6,群益金鼎-開元,2024-11-19,9134
2409,友達,7,1,6,群益金鼎-開元,2024-11-19,9134
00713,元大台灣高息低波,6,0,6,群益金鼎-開元,2024-11-19,9134
6197,佳必琪,6,0,6,群益金鼎-開元,2024-11-19,9134
1102,亞泥,6,1,5,群益金鼎-開元,2024-11-19,9134
6182,合晶,7,2,5,群益金鼎-開元,2024-11-19,9134
00963,中信全球高股息,5,0,5,群益金鼎-開元,2024-11-19,9134
00887,永豐中國科技50大,5,0,5,群益金鼎-開元,2024-11-19,9134
6416,瑞祺電通,154,7,147,群益金鼎-開元,2024-11-20,9134
00953B,群益優選非投等債,124,5,119,群益金鼎-開元,2024-11-20,9134
3059,華晶科,80,1,79,群益金鼎-開元,2024-11-20,9134
5871,中租-KY,46,0,46,群益金鼎-開元,2024-11-20,9134
2367,燿華,46,0,46,群益金鼎-開元,2024-11-20,9134
00919,群益台灣精選高息,45,5,40,群益金鼎-開元,2024-11-20,9134
3576,聯合再生,40,0,40,群益金鼎-開元,2024-11-20,9134
9933,中鼎,38,1,37,群益金鼎-開元,2024-11-20,9134
2317,鴻海,52,16,36,群益金鼎-開元,2024-11-20,9134
2542,興富發,33,0,33,群益金鼎-開元,2024-11-20,9134
00664R,國泰臺灣加權反1,32,0,32,群益金鼎-開元,2024-11-20,9134
1789,神隆,31,1,30,群益金鼎-開元,2024-11-20,9134
3049,精金,30,0,30,群益金鼎-開元,2024-11-20,9134
2349,錸德,52,22,30,群益金鼎-開元,2024-11-20,9134
00679B,元大美債20年,27,0,27,群益金鼎-開元,2024-11-20,9134
00878,國泰永續高股息,44,22,22,群益金鼎-開元,2024-11-20,9134
00937B,群益ESG投等債20,25,5,20,群益金鼎-開元,2024-11-20,9134
6194,育富,20,0,20,群益金鼎-開元,2024-11-20,9134
00938,凱基優選30,20,0,20,群益金鼎-開元,2024-11-20,9134
2338,光罩,20,0,20,群益金鼎-開元,2024-11-20,9134
1611,中電,52,33,19,群益金鼎-開元,2024-11-20,9134
5426,振發,20,1,19,群益金鼎-開元,2024-11-20,9134
2303,聯電,42,24,18,群益金鼎-開元,2024-11-20,9134
2369,菱生,18,0,18,群益金鼎-開元,2024-11-20,9134
5243,乙盛-KY,18,3,15,群益金鼎-開元,2024-11-20,9134
1513,中興電,15,0,15,群益金鼎-開元,2024-11-20,9134
8044,網家,18,4,14,群益金鼎-開元,2024-11-20,9134
3481,群創,21,8,13,群益金鼎-開元,2024-11-20,9134
8249,菱光,14,2,12,群益金鼎-開元,2024-11-20,9134
5876,上海商銀,12,0,12,群益金鼎-開元,2024-11-20,9134
3211,順達,15,3,12,群益金鼎-開元,2024-11-20,9134
00929,復華台灣科技優息,25,14,11,群益金鼎-開元,2024-11-20,9134
00950B,凱基A級公司債,11,0,11,群益金鼎-開元,2024-11-20,9134
3712,永崴投控,12,1,11,群益金鼎-開元,2024-11-20,9134
5314,世紀,10,0,10,群益金鼎-開元,2024-11-20,9134
4720,德淵,10,0,10,群益金鼎-開元,2024-11-20,9134
00930,永豐ESG低碳高息,10,0,10,群益金鼎-開元,2024-11-20,9134
00932,兆豐永續高息等權,10,0,10,群益金鼎-開元,2024-11-20,9134
2374,佳能,10,0,10,群益金鼎-開元,2024-11-20,9134
2356,英業達,45,35,10,群益金鼎-開元,2024-11-20,9134
1471,首利,10,1,9,群益金鼎-開元,2024-11-20,9134
4420,光明,9,0,9,群益金鼎-開元,2024-11-20,9134
00943,兆豐電子高息等權,9,0,9,群益金鼎-開元,2024-11-20,9134
00960,野村全球航運龍頭,10,1,9,群益金鼎-開元,2024-11-20,9134
006208,富邦台50,8,0,8,群益金鼎-開元,2024-11-20,9134
2880,華南金,8,0,8,群益金鼎-開元,2024-11-20,9134
2312,金寶,15,7,8,群益金鼎-開元,2024-11-20,9134
2324,仁寶,7,0,7,群益金鼎-開元,2024-11-20,9134
3447,展達,8,2,6,群益金鼎-開元,2024-11-20,9134
2495,普安,6,0,6,群益金鼎-開元,2024-11-20,9134
6416,瑞祺電通,50,0,50,群益金鼎-開元,2024-11-21,9134
2834,臺企銀,50,2,48,群益金鼎-開元,2024-11-21,9134
00878,國泰永續高股息,48,1,47,群益金鼎-開元,2024-11-21,9134
1301,台塑,44,1,43,群益金鼎-開元,2024-11-21,9134
2317,鴻海,44,7,37,群益金鼎-開元,2024-11-21,9134
9933,中鼎,36,0,36,群益金鼎-開元,2024-11-21,9134
00953B,群益優選非投等債,35,0,35,群益金鼎-開元,2024-11-21,9134
2881,富邦金,28,0,28,群益金鼎-開元,2024-11-21,9134
2328,廣宇,24,0,24,群益金鼎-開元,2024-11-21,9134
2353,宏��,22,0,22,群益金鼎-開元,2024-11-21,9134
2354,鴻準,54,35,19,群益金鼎-開元,2024-11-21,9134
006208,富邦台50,17,0,17,群益金鼎-開元,2024-11-21,9134
5871,中租-KY,17,0,17,群益金鼎-開元,2024-11-21,9134
2303,聯電,42,26,16,群益金鼎-開元,2024-11-21,9134
00938,凱基優選30,15,0,15,群益金鼎-開元,2024-11-21,9134
00852L,國泰美國道瓊正2,15,0,15,群益金鼎-開元,2024-11-21,9134
5864,致和證,15,0,15,群益金鼎-開元,2024-11-21,9134
2399,映泰,18,4,14,群益金鼎-開元,2024-11-21,9134
8261,富鼎,13,0,13,群益金鼎-開元,2024-11-21,9134
5880,合庫金,12,0,12,群益金鼎-開元,2024-11-21,9134
5876,上海商銀,12,0,12,群益金鼎-開元,2024-11-21,9134
9105,泰金寶-DR,165,153,12,群益金鼎-開元,2024-11-21,9134
2344,華邦電,11,0,11,群益金鼎-開元,2024-11-21,9134
2329,華泰,10,0,10,群益金鼎-開元,2024-11-21,9134
6194,育富,10,0,10,群益金鼎-開元,2024-11-21,9134
2387,精元,13,3,10,群益金鼎-開元,2024-11-21,9134
00943,兆豐電子高息等權,10,0,10,群益金鼎-開元,2024-11-21,9134
3588,通嘉,10,0,10,群益金鼎-開元,2024-11-21,9134
1540,喬福,10,0,10,群益金鼎-開元,2024-11-21,9134
1528,恩德,10,0,10,群益金鼎-開元,2024-11-21,9134
4931,新盛力,23,14,9,群益金鼎-開元,2024-11-21,9134
2330,台積電,10,2,8,群益金鼎-開元,2024-11-21,9134
8086,宏捷科,8,1,7,群益金鼎-開元,2024-11-21,9134
00940,元大台灣價值高息,6,0,6,群益金鼎-開元,2024-11-21,9134
8074,鉅橡,6,0,6,群益金鼎-開元,2024-11-21,9134
00930,永豐ESG低碳高息,6,0,6,群益金鼎-開元,2024-11-21,9134
1326,台化,16,10,6,群益金鼎-開元,2024-11-21,9134
2351,順德,6,0,6,群益金鼎-開元,2024-11-21,9134
5426,振發,6,0,6,群益金鼎-開元,2024-11-21,9134
6582,申豐,6,0,6,群益金鼎-開元,2024-11-21,9134
00915,凱基優選高股息30,6,0,6,群益金鼎-開元,2024-11-21,9134
00713,元大台灣高息低波,6,0,6,群益金鼎-開元,2024-11-21,9134
00922,國泰台灣領袖50,5,0,5,群益金鼎-開元,2024-11-21,9134
3024,憶聲,5,0,5,群益金鼎-開元,2024-11-21,9134
6603,富強鑫,5,0,5,群益金鼎-開元,2024-11-21,9134
6505,台塑化,5,0,5,群益金鼎-開元,2024-11-21,9134
00692,富邦公司治理,5,0,5,群益金鼎-開元,2024-11-21,9134
00688L,國泰20年美債正2,5,0,5,群益金鼎-開元,2024-11-21,9134
6173,信昌電,5,0,5,群益金鼎-開元,2024-11-21,9134
1711,永光,5,0,5,群益金鼎-開元,2024-11-21,9134
2867,三商壽,174,18,156,群益金鼎-開元,2024-11-22,9134
00953B,群益優選非投等債,125,0,125,群益金鼎-開元,2024-11-22,9134
5876,上海商銀,99,0,99,群益金鼎-開元,2024-11-22,9134
2488,漢平,50,0,50,群益金鼎-開元,2024-11-22,9134
4720,德淵,50,0,50,群益金鼎-開元,2024-11-22,9134
9933,中鼎,40,0,40,群益金鼎-開元,2024-11-22,9134
1449,佳和,44,5,39,群益金鼎-開元,2024-11-22,9134
2317,鴻海,46,12,34,群益金鼎-開元,2024-11-22,9134
2609,陽明,33,10,23,群益金鼎-開元,2024-11-22,9134
3711,日月光投控,26,5,21,群益金鼎-開元,2024-11-22,9134
8046,南電,20,0,20,群益金鼎-開元,2024-11-22,9134
2457,飛宏,20,0,20,群益金鼎-開元,2024-11-22,9134
6194,育富,20,0,20,群益金鼎-開元,2024-11-22,9134
5452,佶優,20,2,18,群益金鼎-開元,2024-11-22,9134
2891,中信金,16,0,16,群益金鼎-開元,2024-11-22,9134
4128,中天,17,1,16,群益金鼎-開元,2024-11-22,9134
00882,中信中國高股息,16,0,16,群益金鼎-開元,2024-11-22,9134
2356,英業達,23,9,14,群益金鼎-開元,2024-11-22,9134
00878,國泰永續高股息,15,2,13,群益金鼎-開元,2024-11-22,9134
2303,聯電,40,27,13,群益金鼎-開元,2024-11-22,9134
8114,振樺電,17,4,13,群益金鼎-開元,2024-11-22,9134
3693,營邦,12,0,12,群益金鼎-開元,2024-11-22,9134
1616,億泰,12,0,12,群益金鼎-開元,2024-11-22,9134
1301,台塑,13,1,12,群益金鼎-開元,2024-11-22,9134
00960,野村全球航運龍頭,11,0,11,群益金鼎-開元,2024-11-22,9134
6191,精成科,10,0,10,群益金鼎-開元,2024-11-22,9134
8047,星雲,11,1,10,群益金鼎-開元,2024-11-22,9134
8358,金居,15,5,10,群益金鼎-開元,2024-11-22,9134
3323,加百裕,11,2,9,群益金鼎-開元,2024-11-22,9134
6770,力積電,15,6,9,群益金鼎-開元,2024-11-22,9134
4306,炎洲,10,1,9,群益金鼎-開元,2024-11-22,9134
5871,中租-KY,11,3,8,群益金鼎-開元,2024-11-22,9134
8171,天宇,10,2,8,群益金鼎-開元,2024-11-22,9134
00753L,中信中國50正2,8,0,8,群益金鼎-開元,2024-11-22,9134
2486,一詮,12,5,7,群益金鼎-開元,2024-11-22,9134
1795,美時,8,1,7,群益金鼎-開元,2024-11-22,9134
00948B,中信優息投資級債,7,0,7,群益金鼎-開元,2024-11-22,9134
00909,國泰數位支付服務,6,0,6,群益金鼎-開元,2024-11-22,9134
3081,聯亞,10,4,6,群益金鼎-開元,2024-11-22,9134
3511,矽瑪,10,4,6,群益金鼎-開元,2024-11-22,9134
4550,長佳,6,0,6,群益金鼎-開元,2024-11-22,9134
00680L,元大美債20正2,6,0,6,群益金鼎-開元,2024-11-22,9134
4513,福裕,7,1,6,群益金鼎-開元,2024-11-22,9134
5439,高技,6,0,6,群益金鼎-開元,2024-11-22,9134
2353,宏��,5,0,5,群益金鼎-開元,2024-11-22,9134
8032,光菱,9,4,5,群益金鼎-開元,2024-11-22,9134
5469,瀚宇博,5,0,5,群益金鼎-開元,2024-11-22,9134
3710,連展投控,10,5,5,群益金鼎-開元,2024-11-22,9134
2066,世德,5,0,5,群益金鼎-開元,2024-11-22,9134
00665L,富邦�琤肭磪囓�2,5,0,5,群益金鼎-開元,2024-11-22,9134
00953B,群益優選非投等債,258,50,208,群益金鼎-開元,2024-11-25,9134
9105,泰金寶-DR,170,115,55,群益金鼎-開元,2024-11-25,9134
2646,星宇航空,53,0,53,群益金鼎-開元,2024-11-25,9134
2834,臺企銀,45,0,45,群益金鼎-開元,2024-11-25,9134
00637L,元大滬深300正2,42,0,42,群益金鼎-開元,2024-11-25,9134
8086,宏捷科,39,0,39,群益金鼎-開元,2024-11-25,9134
1537,廣隆,33,0,33,群益金鼎-開元,2024-11-25,9134
2303,聯電,42,11,31,群益金鼎-開元,2024-11-25,9134
6282,康舒,27,1,26,群益金鼎-開元,2024-11-25,9134
2312,金寶,54,28,26,群益金鼎-開元,2024-11-25,9134
2610,華航,31,7,24,群益金鼎-開元,2024-11-25,9134
3047,訊舟,21,0,21,群益金鼎-開元,2024-11-25,9134
00919,群益台灣精選高息,23,4,19,群益金鼎-開元,2024-11-25,9134
1809,中釉,21,3,18,群益金鼎-開元,2024-11-25,9134
5871,中租-KY,17,0,17,群益金鼎-開元,2024-11-25,9134
8114,振樺電,18,1,17,群益金鼎-開元,2024-11-25,9134
1301,台塑,16,0,16,群益金鼎-開元,2024-11-25,9134
2371,大同,22,7,15,群益金鼎-開元,2024-11-25,9134
2349,錸德,20,6,14,群益金鼎-開元,2024-11-25,9134
00918,大華優利高填息30,14,0,14,群益金鼎-開元,2024-11-25,9134
2457,飛宏,16,2,14,群益金鼎-開元,2024-11-25,9134
8358,金居,14,0,14,群益金鼎-開元,2024-11-25,9134
8249,菱光,15,3,12,群益金鼎-開元,2024-11-25,9134
3715,定穎投控,14,2,12,群益金鼎-開元,2024-11-25,9134
1336,台翰,12,0,12,群益金鼎-開元,2024-11-25,9134
2449,京元電子,13,2,11,群益金鼎-開元,2024-11-25,9134
00717,富邦美國特別股,11,0,11,群益金鼎-開元,2024-11-25,9134
2328,廣宇,11,0,11,群益金鼎-開元,2024-11-25,9134
00643,群益深証中小,11,0,11,群益金鼎-開元,2024-11-25,9134
6139,亞翔,12,1,11,群益金鼎-開元,2024-11-25,9134
3494,誠研,10,0,10,群益金鼎-開元,2024-11-25,9134
3615,安可,10,0,10,群益金鼎-開元,2024-11-25,9134
6288,聯嘉,11,1,10,群益金鼎-開元,2024-11-25,9134
1218,泰山,10,0,10,群益金鼎-開元,2024-11-25,9134
3543,州巧,10,0,10,群益金鼎-開元,2024-11-25,9134
5011,久陽,10,0,10,群益金鼎-開元,2024-11-25,9134
2017,官田鋼,10,0,10,群益金鼎-開元,2024-11-25,9134
6194,育富,10,0,10,群益金鼎-開元,2024-11-25,9134
3090,日電貿,15,5,10,群益金鼎-開元,2024-11-25,9134
2330,台積電,10,0,10,群益金鼎-開元,2024-11-25,9134
2615,萬海,13,4,9,群益金鼎-開元,2024-11-25,9134
1446,宏和,10,1,9,群益金鼎-開元,2024-11-25,9134
1101,台泥,10,2,8,群益金鼎-開元,2024-11-25,9134
2520,冠德,10,2,8,群益金鼎-開元,2024-11-25,9134
00901,永豐智能車供應鏈,8,0,8,群益金鼎-開元,2024-11-25,9134
2363,矽統,10,2,8,群益金鼎-開元,2024-11-25,9134
2882,國泰金,10,2,8,群益金鼎-開元,2024-11-25,9134
3374,精材,10,3,7,群益金鼎-開元,2024-11-25,9134
2066,世德,7,0,7,群益金鼎-開元,2024-11-25,9134
00887,永豐中國科技50大,7,0,7,群益金鼎-開元,2024-11-25,9134
6505,台塑化,145,0,145,群益金鼎-開元,2024-11-26,9134
2317,鴻海,93,13,80,群益金鼎-開元,2024-11-26,9134
2488,漢平,75,0,75,群益金鼎-開元,2024-11-26,9134
2344,華邦電,72,10,62,群益金鼎-開元,2024-11-26,9134
9105,泰金寶-DR,118,63,55,群益金鼎-開元,2024-11-26,9134
00953B,群益優選非投等債,42,0,42,群益金鼎-開元,2024-11-26,9134
9933,中鼎,37,0,37,群益金鼎-開元,2024-11-26,9134
3211,順達,32,1,31,群益金鼎-開元,2024-11-26,9134
00878,國泰永續高股息,34,8,26,群益金鼎-開元,2024-11-26,9134
3481,群創,79,54,25,群益金鼎-開元,2024-11-26,9134
00679B,元大美債20年,33,11,22,群益金鼎-開元,2024-11-26,9134
4931,新盛力,31,10,21,群益金鼎-開元,2024-11-26,9134
8042,金山電,24,3,21,群益金鼎-開元,2024-11-26,9134
6015,宏遠證,20,0,20,群益金鼎-開元,2024-11-26,9134
3689,湧德,18,0,18,群益金鼎-開元,2024-11-26,9134
1815,富喬,71,53,18,群益金鼎-開元,2024-11-26,9134
006208,富邦台50,18,0,18,群益金鼎-開元,2024-11-26,9134
6282,康舒,15,0,15,群益金鼎-開元,2024-11-26,9134
2915,潤泰全,14,0,14,群益金鼎-開元,2024-11-26,9134
3323,加百裕,39,25,14,群益金鼎-開元,2024-11-26,9134
2233,宇隆,42,29,13,群益金鼎-開元,2024-11-26,9134
2312,金寶,44,31,13,群益金鼎-開元,2024-11-26,9134
2330,台積電,16,4,12,群益金鼎-開元,2024-11-26,9134
3520,華盈,13,1,12,群益金鼎-開元,2024-11-26,9134
6182,合晶,12,0,12,群益金鼎-開元,2024-11-26,9134
6962,ITH-KY,14,3,11,群益金鼎-開元,2024-11-26,9134
8064,東捷,11,0,11,群益金鼎-開元,2024-11-26,9134
1711,永光,11,0,11,群益金鼎-開元,2024-11-26,9134
2801,彰銀,11,0,11,群益金鼎-開元,2024-11-26,9134
3024,憶聲,11,0,11,群益金鼎-開元,2024-11-26,9134
1587,吉茂,11,1,10,群益金鼎-開元,2024-11-26,9134
2328,廣宇,12,2,10,群益金鼎-開元,2024-11-26,9134
1218,泰山,10,0,10,群益金鼎-開元,2024-11-26,9134
3494,誠研,10,0,10,群益金鼎-開元,2024-11-26,9134
6118,建達,28,18,10,群益金鼎-開元,2024-11-26,9134
00882,中信中國高股息,10,0,10,群益金鼎-開元,2024-11-26,9134
3231,緯創,23,14,9,群益金鼎-開元,2024-11-26,9134
6288,聯嘉,11,2,9,群益金鼎-開元,2024-11-26,9134
2615,萬海,14,5,9,群益金鼎-開元,2024-11-26,9134
2365,昆盈,10,1,9,群益金鼎-開元,2024-11-26,9134
00675L,富邦臺灣加權正2,8,0,8,群益金鼎-開元,2024-11-26,9134
5871,中租-KY,11,3,8,群益金鼎-開元,2024-11-26,9134
5398,慕康生醫,8,0,8,群益金鼎-開元,2024-11-26,9134
3027,盛達,8,0,8,群益金鼎-開元,2024-11-26,9134
8104,錸寶,25,17,8,群益金鼎-開元,2024-11-26,9134
3363,上詮,10,3,7,群益金鼎-開元,2024-11-26,9134
5347,世界,21,14,7,群益金鼎-開元,2024-11-26,9134
00965,元大航太防衛科技,7,0,7,群益金鼎-開元,2024-11-26,9134
3293,鈊象,6,0,6,群益金鼎-開元,2024-11-26,9134
2498,宏達電,7,1,6,群益金鼎-開元,2024-11-26,9134
00878,國泰永續高股息,138,9,129,群益金鼎-開元,2024-11-27,9134
00919,群益台灣精選高息,94,1,93,群益金鼎-開元,2024-11-27,9134
2303,聯電,129,37,92,群益金鼎-開元,2024-11-27,9134
9933,中鼎,85,0,85,群益金鼎-開元,2024-11-27,9134
2609,陽明,96,15,81,群益金鼎-開元,2024-11-27,9134
2317,鴻海,65,5,60,群益金鼎-開元,2024-11-27,9134
00953B,群益優選非投等債,48,0,48,群益金鼎-開元,2024-11-27,9134
0056,元大高股息,43,2,41,群益金鼎-開元,2024-11-27,9134
6962,ITH-KY,45,5,40,群益金鼎-開元,2024-11-27,9134
2488,漢平,46,7,39,群益金鼎-開元,2024-11-27,9134
1314,中石化,34,0,34,群益金鼎-開元,2024-11-27,9134
2615,萬海,39,5,34,群益金鼎-開元,2024-11-27,9134
00918,大華優利高填息30,31,0,31,群益金鼎-開元,2024-11-27,9134
00664R,國泰臺灣加權反1,30,0,30,群益金鼎-開元,2024-11-27,9134
2323,中環,28,0,28,群益金鼎-開元,2024-11-27,9134
2633,台灣高鐵,26,0,26,群益金鼎-開元,2024-11-27,9134
2344,華邦電,29,5,24,群益金鼎-開元,2024-11-27,9134
8028,昇陽半導體,24,0,24,群益金鼎-開元,2024-11-27,9134
1605,華新,24,0,24,群益金鼎-開元,2024-11-27,9134
2882,國泰金,22,0,22,群益金鼎-開元,2024-11-27,9134
6182,合晶,21,0,21,群益金鼎-開元,2024-11-27,9134
3050,鈺德,50,30,20,群益金鼎-開元,2024-11-27,9134
2002,中鋼,20,1,19,群益金鼎-開元,2024-11-27,9134
006208,富邦台50,22,4,18,群益金鼎-開元,2024-11-27,9134
2646,星宇航空,18,1,17,群益金鼎-開元,2024-11-27,9134
8349,�矬�,17,0,17,群益金鼎-開元,2024-11-27,9134
2603,長榮,21,4,17,群益金鼎-開元,2024-11-27,9134
5009,榮剛,16,0,16,群益金鼎-開元,2024-11-27,9134
3712,永崴投控,29,13,16,群益金鼎-開元,2024-11-27,9134
9945,潤泰新,16,0,16,群益金鼎-開元,2024-11-27,9134
2634,漢翔,16,0,16,群益金鼎-開元,2024-11-27,9134
8114,振樺電,30,14,16,群益金鼎-開元,2024-11-27,9134
2402,毅嘉,18,2,16,群益金鼎-開元,2024-11-27,9134
6693,廣閎科,16,0,16,群益金鼎-開元,2024-11-27,9134
2330,台積電,19,3,16,群益金鼎-開元,2024-11-27,9134
3013,晟銘電,24,9,15,群益金鼎-開元,2024-11-27,9134
1303,南亞,15,0,15,群益金鼎-開元,2024-11-27,9134
2066,世德,14,0,14,群益金鼎-開元,2024-11-27,9134
6257,矽格,13,0,13,群益金鼎-開元,2024-11-27,9134
1531,高林股,13,0,13,群益金鼎-開元,2024-11-27,9134
00692,富邦公司治理,12,0,12,群益金鼎-開元,2024-11-27,9134
00713,元大台灣高息低波,12,0,12,群益金鼎-開元,2024-11-27,9134
00881,國泰台灣5G+,12,0,12,群益金鼎-開元,2024-11-27,9134
1781,合世,12,0,12,群益金鼎-開元,2024-11-27,9134
2485,兆赫,12,0,12,群益金鼎-開元,2024-11-27,9134
6104,創惟,12,1,11,群益金鼎-開元,2024-11-27,9134
2382,廣達,19,8,11,群益金鼎-開元,2024-11-27,9134
00915,凱基優選高股息30,10,0,10,群益金鼎-開元,2024-11-27,9134
1310,台苯,10,0,10,群益金鼎-開元,2024-11-27,9134
6548,長科*,10,0,10,群益金鼎-開元,2024-11-27,9134
2303,聯電,121,44,77,群益金鼎-開元,2024-11-28,9134
00919,群益台灣精選高息,91,21,70,群益金鼎-開元,2024-11-28,9134
9105,泰金寶-DR,180,111,69,群益金鼎-開元,2024-11-28,9134
00930,永豐ESG低碳高息,58,0,58,群益金鼎-開元,2024-11-28,9134
2312,金寶,65,9,56,群益金鼎-開元,2024-11-28,9134
00929,復華台灣科技優息,59,5,54,群益金鼎-開元,2024-11-28,9134
4510,高鋒,76,25,51,群益金鼎-開元,2024-11-28,9134
1605,華新,47,0,47,群益金鼎-開元,2024-11-28,9134
00946,群益科技高息成長,38,1,37,群益金鼎-開元,2024-11-28,9134
00878,國泰永續高股息,66,30,36,群益金鼎-開元,2024-11-28,9134
0056,元大高股息,35,0,35,群益金鼎-開元,2024-11-28,9134
1815,富喬,66,33,33,群益金鼎-開元,2024-11-28,9134
2332,友訊,86,55,31,群益金鼎-開元,2024-11-28,9134
2354,鴻準,52,23,29,群益金鼎-開元,2024-11-28,9134
9933,中鼎,28,0,28,群益金鼎-開元,2024-11-28,9134
2408,南亞科,24,0,24,群益金鼎-開元,2024-11-28,9134
2344,華邦電,34,10,24,群益金鼎-開元,2024-11-28,9134
00918,大華優利高填息30,23,1,22,群益金鼎-開元,2024-11-28,9134
00953B,群益優選非投等債,30,10,20,群益金鼎-開元,2024-11-28,9134
5864,致和證,20,0,20,群益金鼎-開元,2024-11-28,9134
2338,光罩,20,0,20,群益金鼎-開元,2024-11-28,9134
00938,凱基優選30,20,0,20,群益金鼎-開元,2024-11-28,9134
5871,中租-KY,21,5,16,群益金鼎-開元,2024-11-28,9134
1536,和大,19,3,16,群益金鼎-開元,2024-11-28,9134
3024,憶聲,16,0,16,群益金鼎-開元,2024-11-28,9134
00712,復華富時不動產,15,0,15,群益金鼎-開元,2024-11-28,9134
1781,合世,15,0,15,群益金鼎-開元,2024-11-28,9134
2313,華通,14,0,14,群益金鼎-開元,2024-11-28,9134
2356,英業達,15,1,14,群益金鼎-開元,2024-11-28,9134
1301,台塑,20,6,14,群益金鼎-開元,2024-11-28,9134
4991,環宇-KY,13,0,13,群益金鼎-開元,2024-11-28,9134
1711,永光,13,0,13,群益金鼎-開元,2024-11-28,9134
2915,潤泰全,13,0,13,群益金鼎-開元,2024-11-28,9134
00940,元大台灣價值高息,28,15,13,群益金鼎-開元,2024-11-28,9134
00915,凱基優選高股息30,12,0,12,群益金鼎-開元,2024-11-28,9134
6962,ITH-KY,13,1,12,群益金鼎-開元,2024-11-28,9134
2867,三商壽,17,5,12,群益金鼎-開元,2024-11-28,9134
4303,信立,17,5,12,群益金鼎-開元,2024-11-28,9134
8114,振樺電,15,3,12,群益金鼎-開元,2024-11-28,9134
2317,鴻海,24,13,11,群益金鼎-開元,2024-11-28,9134
00927,群益半導體收益,11,0,11,群益金鼎-開元,2024-11-28,9134
2402,毅嘉,11,0,11,群益金鼎-開元,2024-11-28,9134
3712,永崴投控,14,3,11,群益金鼎-開元,2024-11-28,9134
3494,誠研,10,0,10,群益金鼎-開元,2024-11-28,9134
00639,富邦深100,10,0,10,群益金鼎-開元,2024-11-28,9134
5309,系統電,15,6,9,群益金鼎-開元,2024-11-28,9134
8926,台汽電,9,0,9,群益金鼎-開元,2024-11-28,9134
1528,恩德,13,4,9,群益金鼎-開元,2024-11-28,9134
2542,興富發,10,1,9,群益金鼎-開元,2024-11-28,9134
2615,萬海,9,1,8,群益金鼎-開元,2024-11-28,9134
2884,玉山金,201,0,201,群益金鼎-開元,2024-11-29,9134
6505,台塑化,187,3,184,群益金鼎-開元,2024-11-29,9134
00953B,群益優選非投等債,120,0,120,群益金鼎-開元,2024-11-29,9134
00664R,國泰臺灣加權反1,130,30,100,群益金鼎-開元,2024-11-29,9134
00741B,富邦全球非投等債,49,0,49,群益金鼎-開元,2024-11-29,9134
5871,中租-KY,47,2,45,群益金鼎-開元,2024-11-29,9134
6127,九豪,44,4,40,群益金鼎-開元,2024-11-29,9134
00950B,凱基A級公司債,39,0,39,群益金鼎-開元,2024-11-29,9134
3712,永崴投控,50,11,39,群益金鼎-開元,2024-11-29,9134
00940,元大台灣價值高息,38,0,38,群益金鼎-開元,2024-11-29,9134
9933,中鼎,38,0,38,群益金鼎-開元,2024-11-29,9134
4931,新盛力,32,1,31,群益金鼎-開元,2024-11-29,9134
2323,中環,30,0,30,群益金鼎-開元,2024-11-29,9134
3597,映興,29,1,28,群益金鼎-開元,2024-11-29,9134
2883B,凱基金乙特,25,0,25,群益金鼎-開元,2024-11-29,9134
6005,群益證,30,5,25,群益金鼎-開元,2024-11-29,9134
00878,國泰永續高股息,42,19,23,群益金鼎-開元,2024-11-29,9134
5876,上海商銀,23,0,23,群益金鼎-開元,2024-11-29,9134
00930,永豐ESG低碳高息,22,0,22,群益金鼎-開元,2024-11-29,9134
2883,凱基金,27,5,22,群益金鼎-開元,2024-11-29,9134
3090,日電貿,37,17,20,群益金鼎-開元,2024-11-29,9134
3290,東浦,20,0,20,群益金鼎-開元,2024-11-29,9134
9105,泰金寶-DR,121,103,18,群益金鼎-開元,2024-11-29,9134
3706,神達,121,103,18,群益金鼎-開元,2024-11-29,9134
2845,遠東銀,15,0,15,群益金鼎-開元,2024-11-29,9134
006208,富邦台50,16,2,14,群益金鼎-開元,2024-11-29,9134
2317,鴻海,22,8,14,群益金鼎-開元,2024-11-29,9134
4927,泰鼎-KY,17,4,13,群益金鼎-開元,2024-11-29,9134
2881,富邦金,12,1,11,群益金鼎-開元,2024-11-29,9134
00915,凱基優選高股息30,11,0,11,群益金鼎-開元,2024-11-29,9134
00923,群益台ESG低碳50,11,0,11,群益金鼎-開元,2024-11-29,9134
2344,華邦電,12,1,11,群益金鼎-開元,2024-11-29,9134
00675L,富邦臺灣加權正2,11,0,11,群益金鼎-開元,2024-11-29,9134
2367,燿華,26,15,11,群益金鼎-開元,2024-11-29,9134
2852,第一保,10,0,10,群益金鼎-開元,2024-11-29,9134
2328,廣宇,11,1,10,群益金鼎-開元,2024-11-29,9134
2329,華泰,10,0,10,群益金鼎-開元,2024-11-29,9134
8104,錸寶,12,2,10,群益金鼎-開元,2024-11-29,9134
3494,誠研,10,0,10,群益金鼎-開元,2024-11-29,9134
4916,事欣科,9,0,9,群益金鼎-開元,2024-11-29,9134
3024,憶聲,9,0,9,群益金鼎-開元,2024-11-29,9134
00679B,元大美債20年,12,3,9,群益金鼎-開元,2024-11-29,9134
2834,臺企銀,8,0,8,群益金鼎-開元,2024-11-29,9134
00882,中信中國高股息,10,2,8,群益金鼎-開元,2024-11-29,9134
00905,FT臺灣Smart,8,0,8,群益金鼎-開元,2024-11-29,9134
8358,金居,7,0,7,群益金鼎-開元,2024-11-29,9134
2615,萬海,11,4,7,群益金鼎-開元,2024-11-29,9134
2887,台新金,6,0,6,群益金鼎-開元,2024-11-29,9134
1528,恩德,7,1,6,群益金鼎-開元,2024-11-29,9134
8249,菱光,8,2,6,群益金鼎-開元,2024-11-29,9134
00953B,群益優選非投等債,234,5,229,群益金鼎-開元,2024-12-02,9134
5864,致和證,174,2,172,群益金鼎-開元,2024-12-02,9134
1815,富喬,130,23,107,群益金鼎-開元,2024-12-02,9134
00664R,國泰臺灣加權反1,100,30,70,群益金鼎-開元,2024-12-02,9134
1314,中石化,62,0,62,群益金鼎-開元,2024-12-02,9134
00948B,中信優息投資級債,55,13,42,群益金鼎-開元,2024-12-02,9134
6416,瑞祺電通,42,2,40,群益金鼎-開元,2024-12-02,9134
2317,鴻海,34,3,31,群益金鼎-開元,2024-12-02,9134
2883B,凱基金乙特,25,0,25,群益金鼎-開元,2024-12-02,9134
5876,上海商銀,33,9,24,群益金鼎-開元,2024-12-02,9134
2312,金寶,43,21,22,群益金鼎-開元,2024-12-02,9134
00878,國泰永續高股息,21,4,17,群益金鼎-開元,2024-12-02,9134
2929,淘帝-KY,21,4,17,群益金鼎-開元,2024-12-02,9134
6282,康舒,18,1,17,群益金鼎-開元,2024-12-02,9134
2354,鴻準,78,63,15,群益金鼎-開元,2024-12-02,9134
6180,橘子,28,14,14,群益金鼎-開元,2024-12-02,9134
1605,華新,133,120,13,群益金鼎-開元,2024-12-02,9134
00918,大華優利高填息30,12,0,12,群益金鼎-開元,2024-12-02,9134
00922,國泰台灣領袖50,12,0,12,群益金鼎-開元,2024-12-02,9134
6781,AES-KY,13,1,12,群益金鼎-開元,2024-12-02,9134
2495,普安,17,6,11,群益金鼎-開元,2024-12-02,9134
1301,台塑,11,0,11,群益金鼎-開元,2024-12-02,9134
9933,中鼎,11,0,11,群益金鼎-開元,2024-12-02,9134
3706,神達,31,21,10,群益金鼎-開元,2024-12-02,9134
3591,艾笛森,11,1,10,群益金鼎-開元,2024-12-02,9134
2328,廣宇,10,0,10,群益金鼎-開元,2024-12-02,9134
3712,永崴投控,12,2,10,群益金鼎-開元,2024-12-02,9134
4566,時碩工業,10,0,10,群益金鼎-開元,2024-12-02,9134
1733,五鼎,10,0,10,群益金鼎-開元,2024-12-02,9134
1609,大亞,10,0,10,群益金鼎-開元,2024-12-02,9134
8429,金麗-KY,16,7,9,群益金鼎-開元,2024-12-02,9134
2337,旺宏,9,0,9,群益金鼎-開元,2024-12-02,9134
3078,僑威,8,0,8,群益金鼎-開元,2024-12-02,9134
1802,台玻,48,40,8,群益金鼎-開元,2024-12-02,9134
5452,佶優,14,6,8,群益金鼎-開元,2024-12-02,9134
5309,系統電,22,14,8,群益金鼎-開元,2024-12-02,9134
2851,中再保,8,0,8,群益金鼎-開元,2024-12-02,9134
00930,永豐ESG低碳高息,8,0,8,群益金鼎-開元,2024-12-02,9134
5328,華容,44,36,8,群益金鼎-開元,2024-12-02,9134
6127,九豪,10,3,7,群益金鼎-開元,2024-12-02,9134
2002,中鋼,11,4,7,群益金鼎-開元,2024-12-02,9134
6962,ITH-KY,11,4,7,群益金鼎-開元,2024-12-02,9134
1795,美時,8,2,6,群益金鼎-開元,2024-12-02,9134
5244,弘凱,10,4,6,群益金鼎-開元,2024-12-02,9134
5009,榮剛,6,0,6,群益金鼎-開元,2024-12-02,9134
2382,廣達,9,3,6,群益金鼎-開元,2024-12-02,9134
4766,南寶,5,0,5,群益金鼎-開元,2024-12-02,9134
00900,富邦特選高股息30,6,1,5,群益金鼎-開元,2024-12-02,9134
00909,國泰數位支付服務,5,0,5,群益金鼎-開元,2024-12-02,9134
6118,建達,5,0,5,群益金鼎-開元,2024-12-02,9134
00959B,大華投等美債15Y+,198,0,198,群益金鼎-開元,2024-12-03,9134
00664R,國泰臺灣加權反1,130,0,130,群益金鼎-開元,2024-12-03,9134
00945B,凱基美國非投等債,100,0,100,群益金鼎-開元,2024-12-03,9134
9933,中鼎,65,0,65,群益金鼎-開元,2024-12-03,9134
00953B,群益優選非投等債,61,0,61,群益金鼎-開元,2024-12-03,9134
00919,群益台灣精選高息,64,3,61,群益金鼎-開元,2024-12-03,9134
6416,瑞祺電通,61,1,60,群益金鼎-開元,2024-12-03,9134
8086,宏捷科,44,3,41,群益金鼎-開元,2024-12-03,9134
1326,台化,31,0,31,群益金鼎-開元,2024-12-03,9134
00918,大華優利高填息30,26,2,24,群益金鼎-開元,2024-12-03,9134
2317,鴻海,36,13,23,群益金鼎-開元,2024-12-03,9134
00946,群益科技高息成長,27,6,21,群益金鼎-開元,2024-12-03,9134
2929,淘帝-KY,20,0,20,群益金鼎-開元,2024-12-03,9134
4510,高鋒,52,33,19,群益金鼎-開元,2024-12-03,9134
00878,國泰永續高股息,23,7,16,群益金鼎-開元,2024-12-03,9134
6127,九豪,18,4,14,群益金鼎-開元,2024-12-03,9134
5328,華容,28,14,14,群益金鼎-開元,2024-12-03,9134
6962,ITH-KY,13,0,13,群益金鼎-開元,2024-12-03,9134
8028,昇陽半導體,14,2,12,群益金鼎-開元,2024-12-03,9134
00675L,富邦臺灣加權正2,18,6,12,群益金鼎-開元,2024-12-03,9134
5871,中租-KY,12,1,11,群益金鼎-開元,2024-12-03,9134
2524,京城,11,0,11,群益金鼎-開元,2024-12-03,9134
1781,合世,10,0,10,群益金鼎-開元,2024-12-03,9134
4911,德英,13,3,10,群益金鼎-開元,2024-12-03,9134
00715L,期街口布蘭特正2,10,0,10,群益金鼎-開元,2024-12-03,9134
6026,福邦證,10,0,10,群益金鼎-開元,2024-12-03,9134
00632R,元大台灣50反1,10,0,10,群益金鼎-開元,2024-12-03,9134
2402,毅嘉,10,0,10,群益金鼎-開元,2024-12-03,9134
3494,誠研,10,0,10,群益金鼎-開元,2024-12-03,9134
1402,遠東新,10,1,9,群益金鼎-開元,2024-12-03,9134
2399,映泰,10,1,9,群益金鼎-開元,2024-12-03,9134
4971,IET-KY,37,28,9,群益金鼎-開元,2024-12-03,9134
2034,允強,9,0,9,群益金鼎-開元,2024-12-03,9134
2542,興富發,11,2,9,群益金鼎-開元,2024-12-03,9134
00940,元大台灣價值高息,50,42,8,群益金鼎-開元,2024-12-03,9134
9945,潤泰新,12,4,8,群益金鼎-開元,2024-12-03,9134
2421,建準,10,2,8,群益金鼎-開元,2024-12-03,9134
00960,野村全球航運龍頭,8,1,7,群益金鼎-開元,2024-12-03,9134
00692,富邦公司治理,7,0,7,群益金鼎-開元,2024-12-03,9134
1536,和大,10,3,7,群益金鼎-開元,2024-12-03,9134
00905,FT臺灣Smart,10,3,7,群益金鼎-開元,2024-12-03,9134
5309,系統電,12,5,7,群益金鼎-開元,2024-12-03,9134
00915,凱基優選高股息30,6,0,6,群益金鼎-開元,2024-12-03,9134
6180,橘子,6,0,6,群益金鼎-開元,2024-12-03,9134
3231,緯創,12,6,6,群益金鼎-開元,2024-12-03,9134
2303,聯電,53,48,5,群益金鼎-開元,2024-12-03,9134
8358,金居,5,0,5,群益金鼎-開元,2024-12-03,9134
2634,漢翔,5,0,5,群益金鼎-開元,2024-12-03,9134
4303,信立,10,5,5,群益金鼎-開元,2024-12-03,9134
2323,中環,5,0,5,群益金鼎-開元,2024-12-03,9134
00953B,群益優選非投等債,263,0,263,群益金鼎-開元,2024-12-04,9134
00919,群益台灣精選高息,259,3,256,群益金鼎-開元,2024-12-04,9134
00918,大華優利高填息30,134,6,128,群益金鼎-開元,2024-12-04,9134
00950B,凱基A級公司債,56,0,56,群益金鼎-開元,2024-12-04,9134
00687B,國泰20年美債,43,0,43,群益金鼎-開元,2024-12-04,9134
00959B,大華投等美債15Y+,37,0,37,群益金鼎-開元,2024-12-04,9134
1605,華新,34,0,34,群益金鼎-開元,2024-12-04,9134
6213,聯茂,33,5,28,群益金鼎-開元,2024-12-04,9134
6877,鏵友益,23,0,23,群益金鼎-開元,2024-12-04,9134
9933,中鼎,22,0,22,群益金鼎-開元,2024-12-04,9134
2401,凌陽,20,0,20,群益金鼎-開元,2024-12-04,9134
3047,訊舟,25,5,20,群益金鼎-開元,2024-12-04,9134
00689R,國泰20年美債反1,19,0,19,群益金鼎-開元,2024-12-04,9134
5871,中租-KY,17,0,17,群益金鼎-開元,2024-12-04,9134
5864,致和證,19,2,17,群益金鼎-開元,2024-12-04,9134
2603,長榮,17,2,15,群益金鼎-開元,2024-12-04,9134
2891,中信金,15,0,15,群益金鼎-開元,2024-12-04,9134
6962,ITH-KY,12,0,12,群益金鼎-開元,2024-12-04,9134
2062,橋椿,13,1,12,群益金鼎-開元,2024-12-04,9134
00900,富邦特選高股息30,12,0,12,群益金鼎-開元,2024-12-04,9134
2312,金寶,13,2,11,群益金鼎-開元,2024-12-04,9134
9904,寶成,12,1,11,群益金鼎-開元,2024-12-04,9134
3597,映興,12,1,11,群益金鼎-開元,2024-12-04,9134
3625,西勝,11,1,10,群益金鼎-開元,2024-12-04,9134
2328,廣宇,10,0,10,群益金鼎-開元,2024-12-04,9134
2402,毅嘉,10,0,10,群益金鼎-開元,2024-12-04,9134
6806,森崴能源,11,1,10,群益金鼎-開元,2024-12-04,9134
2601,益航,10,0,10,群益金鼎-開元,2024-12-04,9134
00713,元大台灣高息低波,10,0,10,群益金鼎-開元,2024-12-04,9134
00712,復華富時不動產,10,0,10,群益金鼎-開元,2024-12-04,9134
3376,新日興,15,5,10,群益金鼎-開元,2024-12-04,9134
2303,聯電,23,14,9,群益金鼎-開元,2024-12-04,9134
2408,南亞科,15,6,9,群益金鼎-開元,2024-12-04,9134
8111,立��,14,5,9,群益金鼎-開元,2024-12-04,9134
6127,九豪,14,6,8,群益金鼎-開元,2024-12-04,9134
6530,創威,16,8,8,群益金鼎-開元,2024-12-04,9134
4903,聯光通,14,6,8,群益金鼎-開元,2024-12-04,9134
2801,彰銀,7,0,7,群益金鼎-開元,2024-12-04,9134
2929,淘帝-KY,7,0,7,群益金鼎-開元,2024-12-04,9134
8249,菱光,9,2,7,群益金鼎-開元,2024-12-04,9134
3694,海華,20,14,6,群益金鼎-開元,2024-12-04,9134
1303,南亞,7,1,6,群益金鼎-開元,2024-12-04,9134
2393,億光,6,0,6,群益金鼎-開元,2024-12-04,9134
2486,一詮,13,7,6,群益金鼎-開元,2024-12-04,9134
6191,精成科,11,5,6,群益金鼎-開元,2024-12-04,9134
2745,五福,6,0,6,群益金鼎-開元,2024-12-04,9134
8043,蜜望實,13,7,6,群益金鼎-開元,2024-12-04,9134
2888,新光金,14,9,5,群益金鼎-開元,2024-12-04,9134
3605,宏致,5,0,5,群益金鼎-開元,2024-12-04,9134
3576,聯合再生,5,0,5,群益金鼎-開元,2024-12-04,9134
00953B,群益優選非投等債,375,120,255,群益金鼎-開元,2024-12-05,9134
00919,群益台灣精選高息,145,28,117,群益金鼎-開元,2024-12-05,9134
1815,富喬,195,116,79,群益金鼎-開元,2024-12-05,9134
3481,群創,103,37,66,群益金鼎-開元,2024-12-05,9134
6213,聯茂,60,0,60,群益金鼎-開元,2024-12-05,9134
9933,中鼎,59,0,59,群益金鼎-開元,2024-12-05,9134
2646,星宇航空,40,0,40,群益金鼎-開元,2024-12-05,9134
2303,聯電,55,21,34,群益金鼎-開元,2024-12-05,9134
00918,大華優利高填息30,36,3,33,群益金鼎-開元,2024-12-05,9134
2328,廣宇,32,1,31,群益金鼎-開元,2024-12-05,9134
2408,南亞科,31,1,30,群益金鼎-開元,2024-12-05,9134
2457,飛宏,33,3,30,群益金鼎-開元,2024-12-05,9134
6127,九豪,30,8,22,群益金鼎-開元,2024-12-05,9134
2402,毅嘉,23,1,22,群益金鼎-開元,2024-12-05,9134
00715L,期街口布蘭特正2,20,0,20,群益金鼎-開元,2024-12-05,9134
00712,復華富時不動產,20,0,20,群益金鼎-開元,2024-12-05,9134
2338,光罩,20,0,20,群益金鼎-開元,2024-12-05,9134
2317,鴻海,20,0,20,群益金鼎-開元,2024-12-05,9134
1301,台塑,31,13,18,群益金鼎-開元,2024-12-05,9134
00909,國泰數位支付服務,18,2,16,群益金鼎-開元,2024-12-05,9134
00795B,中信美國公債20年,16,0,16,群益金鼎-開元,2024-12-05,9134
3047,訊舟,16,0,16,群益金鼎-開元,2024-12-05,9134
1708,東鹼,16,1,15,群益金鼎-開元,2024-12-05,9134
00878,國泰永續高股息,46,31,15,群益金鼎-開元,2024-12-05,9134
00671R,富邦NASDAQ反1,15,0,15,群益金鼎-開元,2024-12-05,9134
3594,磐儀,31,17,14,群益金鼎-開元,2024-12-05,9134
2344,華邦電,15,2,13,群益金鼎-開元,2024-12-05,9134
3024,憶聲,28,17,11,群益金鼎-開元,2024-12-05,9134
2392,正崴,23,12,11,群益金鼎-開元,2024-12-05,9134
2886,兆豐金,10,0,10,群益金鼎-開元,2024-12-05,9134
1809,中釉,10,0,10,群益金鼎-開元,2024-12-05,9134
1528,恩德,20,10,10,群益金鼎-開元,2024-12-05,9134
8150,南茂,10,0,10,群益金鼎-開元,2024-12-05,9134
6116,彩晶,10,0,10,群益金鼎-開元,2024-12-05,9134
5426,振發,10,0,10,群益金鼎-開元,2024-12-05,9134
3712,永崴投控,12,3,9,群益金鼎-開元,2024-12-05,9134
1605,華新,18,10,8,群益金鼎-開元,2024-12-05,9134
6257,矽格,23,15,8,群益金鼎-開元,2024-12-05,9134
1802,台玻,50,42,8,群益金鼎-開元,2024-12-05,9134
5465,富驊,8,0,8,群益金鼎-開元,2024-12-05,9134
2353,宏��,10,3,7,群益金鼎-開元,2024-12-05,9134
2313,華通,11,3,8,群益金鼎-開元,2024-12-05,9134
3450,聯鈞,11,4,7,群益金鼎-開元,2024-12-05,9134
2545,皇翔,7,0,7,群益金鼎-開元,2024-12-05,9134
3607,谷崧,7,0,7,群益金鼎-開元,2024-12-05,9134
2312,金寶,16,9,7,群益金鼎-開元,2024-12-05,9134
6104,創惟,32,26,6,群益金鼎-開元,2024-12-05,9134
00885,富邦越南,6,0,6,群益金鼎-開元,2024-12-05,9134
3694,海華,9,3,6,群益金鼎-開元,2024-12-05,9134
00753L,中信中國50正2,6,0,6,群益金鼎-開元,2024-12-05,9134
00953B,群益優選非投等債,342,0,342,群益金鼎-開元,2024-12-06,9134
00919,群益台灣精選高息,66,0,66,群益金鼎-開元,2024-12-06,9134
9105,泰金寶-DR,84,26,58,群益金鼎-開元,2024-12-06,9134
2354,鴻準,219,162,57,群益金鼎-開元,2024-12-06,9134
00715L,期街口布蘭特正2,50,5,45,群益金鼎-開元,2024-12-06,9134
00918,大華優利高填息30,41,4,37,群益金鼎-開元,2024-12-06,9134
00712,復華富時不動產,34,0,34,群益金鼎-開元,2024-12-06,9134
9933,中鼎,30,0,30,群益金鼎-開元,2024-12-06,9134
3712,永崴投控,30,1,29,群益金鼎-開元,2024-12-06,9134
2402,毅嘉,27,0,27,群益金鼎-開元,2024-12-06,9134
2328,廣宇,25,0,25,群益金鼎-開元,2024-12-06,9134
1416,廣豐,25,0,25,群益金鼎-開元,2024-12-06,9134
1605,華新,39,16,23,群益金鼎-開元,2024-12-06,9134
3703,欣陸,23,0,23,群益金鼎-開元,2024-12-06,9134
1312,國喬,22,0,22,群益金鼎-開元,2024-12-06,9134
5328,華容,27,5,22,群益金鼎-開元,2024-12-06,9134
00909,國泰數位支付服務,16,0,16,群益金鼎-開元,2024-12-06,9134
1815,富喬,32,17,15,群益金鼎-開元,2024-12-06,9134
5315,光聯,15,0,15,群益金鼎-開元,2024-12-06,9134
2312,金寶,25,11,14,群益金鼎-開元,2024-12-06,9134
5202,力新,18,5,13,群益金鼎-開元,2024-12-06,9134
2344,華邦電,16,3,13,群益金鼎-開元,2024-12-06,9134
00926,凱基全球菁英55,12,0,12,群益金鼎-開元,2024-12-06,9134
4968,立積,11,1,10,群益金鼎-開元,2024-12-06,9134
1536,和大,14,4,10,群益金鼎-開元,2024-12-06,9134
2888,新光金,10,0,10,群益金鼎-開元,2024-12-06,9134
5531,鄉林,12,2,10,群益金鼎-開元,2024-12-06,9134
3594,磐儀,14,4,10,群益金鼎-開元,2024-12-06,9134
1217,愛之味,10,0,10,群益金鼎-開元,2024-12-06,9134
5452,佶優,18,8,10,群益金鼎-開元,2024-12-06,9134
2392,正崴,9,0,9,群益金鼎-開元,2024-12-06,9134
00650L,復華香港正2,9,0,9,群益金鼎-開元,2024-12-06,9134
3323,加百裕,38,29,9,群益金鼎-開元,2024-12-06,9134
2886,兆豐金,8,0,8,群益金鼎-開元,2024-12-06,9134
4909,新復興,8,0,8,群益金鼎-開元,2024-12-06,9134
6188,廣明,26,18,8,群益金鼎-開元,2024-12-06,9134
6431,光麗-KY,8,0,8,群益金鼎-開元,2024-12-06,9134
3591,艾笛森,12,4,8,群益金鼎-開元,2024-12-06,9134
4903,聯光通,8,0,8,群益金鼎-開元,2024-12-06,9134
5871,中租-KY,7,0,7,群益金鼎-開元,2024-12-06,9134
2474,可成,7,0,7,群益金鼎-開元,2024-12-06,9134
2409,友達,13,6,7,群益金鼎-開元,2024-12-06,9134
8096,擎亞,8,1,7,群益金鼎-開元,2024-12-06,9134
8111,立��,15,8,7,群益金鼎-開元,2024-12-06,9134
4303,信立,7,0,7,群益金鼎-開元,2024-12-06,9134
3013,晟銘電,12,5,7,群益金鼎-開元,2024-12-06,9134
3376,新日興,9,3,6,群益金鼎-開元,2024-12-06,9134
1301,台塑,25,19,6,群益金鼎-開元,2024-12-06,9134
6213,聯茂,6,0,6,群益金鼎-開元,2024-12-06,9134
00922,國泰台灣領袖50,6,0,6,群益金鼎-開元,2024-12-06,9134
00953B,群益優選非投等債,301,0,301,群益金鼎-開元,2024-12-09,9134
6416,瑞祺電通,200,0,200,群益金鼎-開元,2024-12-09,9134
4726,永昕,102,0,102,群益金鼎-開元,2024-12-09,9134
00919,群益台灣精選高息,102,7,95,群益金鼎-開元,2024-12-09,9134
2891,中信金,92,5,87,群益金鼎-開元,2024-12-09,9134
2409,友達,78,16,62,群益金鼎-開元,2024-12-09,9134
00918,大華優利高填息30,58,1,57,群益金鼎-開元,2024-12-09,9134
00680L,元大美債20正2,50,0,50,群益金鼎-開元,2024-12-09,9134
2399,映泰,75,39,36,群益金鼎-開元,2024-12-09,9134
6770,力積電,43,7,36,群益金鼎-開元,2024-12-09,9134
9933,中鼎,33,0,33,群益金鼎-開元,2024-12-09,9134
00715L,期街口布蘭特正2,31,0,31,群益金鼎-開元,2024-12-09,9134
6005,群益證,30,2,28,群益金鼎-開元,2024-12-09,9134
3481,群創,38,12,26,群益金鼎-開元,2024-12-09,9134
2317,鴻海,29,3,26,群益金鼎-開元,2024-12-09,9134
00909,國泰數位支付服務,29,4,25,群益金鼎-開元,2024-12-09,9134
1815,富喬,35,12,23,群益金鼎-開元,2024-12-09,9134
6548,長科*,20,0,20,群益金鼎-開元,2024-12-09,9134
5864,致和證,21,2,19,群益金鼎-開元,2024-12-09,9134
2449,京元電子,19,1,18,群益金鼎-開元,2024-12-09,9134
5469,瀚宇博,15,0,15,群益金鼎-開元,2024-12-09,9134
6962,ITH-KY,17,3,14,群益金鼎-開元,2024-12-09,9134
00878,國泰永續高股息,19,7,12,群益金鼎-開元,2024-12-09,9134
1708,東鹼,12,0,12,群益金鼎-開元,2024-12-09,9134
5328,華容,19,8,11,群益金鼎-開元,2024-12-09,9134
5531,鄉林,12,1,11,群益金鼎-開元,2024-12-09,9134
9802,鈺齊-KY,11,0,11,群益金鼎-開元,2024-12-09,9134
3032,偉訓,26,16,10,群益金鼎-開元,2024-12-09,9134
2883,凱基金,24,14,10,群益金鼎-開元,2024-12-09,9134
3706,神達,36,26,10,群益金鼎-開元,2024-12-09,9134
5315,光聯,10,0,10,群益金鼎-開元,2024-12-09,9134
4167,松瑞藥,10,0,10,群益金鼎-開元,2024-12-09,9134
2324,仁寶,30,21,9,群益金鼎-開元,2024-12-09,9134
5871,中租-KY,11,2,9,群益金鼎-開元,2024-12-09,9134
3211,順達,39,30,9,群益金鼎-開元,2024-12-09,9134
2515,中工,10,2,8,群益金鼎-開元,2024-12-09,9134
2915,潤泰全,8,0,8,群益金鼎-開元,2024-12-09,9134
3323,加百裕,16,8,8,群益金鼎-開元,2024-12-09,9134
2615,萬海,21,14,7,群益金鼎-開元,2024-12-09,9134
3317,尼克森,7,0,7,群益金鼎-開元,2024-12-09,9134
2436,偉詮電,7,0,7,群益金鼎-開元,2024-12-09,9134
3520,華盈,9,2,7,群益金鼎-開元,2024-12-09,9134
3167,大量,7,0,7,群益金鼎-開元,2024-12-09,9134
2382,廣達,13,7,6,群益金鼎-開元,2024-12-09,9134
00932,兆豐永續高息等權,6,0,6,群益金鼎-開元,2024-12-09,9134
1307,三芳,6,0,6,群益金鼎-開元,2024-12-09,9134
3027,盛達,6,0,6,群益金鼎-開元,2024-12-09,9134
6282,康舒,6,0,6,群益金鼎-開元,2024-12-09,9134
8936,國統,6,0,6,群益金鼎-開元,2024-12-09,9134
6111,大宇資,6,0,6,群益金鼎-開元,2024-12-09,9134
00953B,群益優選非投等債,118,0,118,群益金鼎-開元,2024-12-10,9134
3706,神達,146,89,57,群益金鼎-開元,2024-12-10,9134
1314,中石化,50,0,50,群益金鼎-開元,2024-12-10,9134
00918,大華優利高填息30,49,0,49,群益金鼎-開元,2024-12-10,9134
2609,陽明,64,15,49,群益金鼎-開元,2024-12-10,9134
00686R,群益臺灣加權反1,44,0,44,群益金鼎-開元,2024-12-10,9134
5864,致和證,40,0,40,群益金鼎-開元,2024-12-10,9134
1110,東泥,32,0,32,群益金鼎-開元,2024-12-10,9134
2317,鴻海,35,4,31,群益金鼎-開元,2024-12-10,9134
00741B,富邦全球非投等債,31,0,31,群益金鼎-開元,2024-12-10,9134
6015,宏遠證,30,0,30,群益金鼎-開元,2024-12-10,9134
3481,群創,66,37,29,群益金鼎-開元,2024-12-10,9134
6152,百一,30,3,27,群益金鼎-開元,2024-12-10,9134
2449,京元電子,30,4,26,群益金鼎-開元,2024-12-10,9134
4931,新盛力,34,9,25,群益金鼎-開元,2024-12-10,9134
3024,憶聲,45,20,25,群益金鼎-開元,2024-12-10,9134
1609,大亞,34,11,23,群益金鼎-開元,2024-12-10,9134
00919,群益台灣精選高息,24,3,21,群益金鼎-開元,2024-12-10,9134
2884,玉山金,21,0,21,群益金鼎-開元,2024-12-10,9134
5469,瀚宇博,24,4,20,群益金鼎-開元,2024-12-10,9134
1809,中釉,20,0,20,群益金鼎-開元,2024-12-10,9134
2618,長榮航,22,3,19,群益金鼎-開元,2024-12-10,9134
3511,矽瑪,18,0,18,群益金鼎-開元,2024-12-10,9134
9933,中鼎,18,0,18,群益金鼎-開元,2024-12-10,9134
2887,台新金,30,13,17,群益金鼎-開元,2024-12-10,9134
5202,力新,26,9,17,群益金鼎-開元,2024-12-10,9134
1815,富喬,34,18,16,群益金鼎-開元,2024-12-10,9134
8040,九暘,18,3,15,群益金鼎-開元,2024-12-10,9134
2312,金寶,14,0,14,群益金鼎-開元,2024-12-10,9134
4977,眾達-KY,17,4,13,群益金鼎-開元,2024-12-10,9134
4128,中天,12,0,12,群益金鼎-開元,2024-12-10,9134
00692,富邦公司治理,12,0,12,群益金鼎-開元,2024-12-10,9134
4991,環宇-KY,13,2,11,群益金鼎-開元,2024-12-10,9134
00900,富邦特選高股息30,11,0,11,群益金鼎-開元,2024-12-10,9134
9105,泰金寶-DR,11,0,11,群益金鼎-開元,2024-12-10,9134
2426,鼎元,21,10,11,群益金鼎-開元,2024-12-10,9134
2886,兆豐金,11,0,11,群益金鼎-開元,2024-12-10,9134
6140,訊達,13,2,11,群益金鼎-開元,2024-12-10,9134
2301,光寶科,10,0,10,群益金鼎-開元,2024-12-10,9134
2883,凱基金,34,24,10,群益金鼎-開元,2024-12-10,9134
1733,五鼎,10,0,10,群益金鼎-開元,2024-12-10,9134
3060,銘異,10,0,10,群益金鼎-開元,2024-12-10,9134
8926,台汽電,10,0,10,群益金鼎-開元,2024-12-10,9134
5452,佶優,10,0,10,群益金鼎-開元,2024-12-10,9134
00965,元大航太防衛科技,10,0,10,群益金鼎-開元,2024-12-10,9134
3379,彬台,10,0,10,群益金鼎-開元,2024-12-10,9134
00909,國泰數位支付服務,10,0,10,群益金鼎-開元,2024-12-10,9134
1612,宏泰,10,0,10,群益金鼎-開元,2024-12-10,9134
9802,鈺齊-KY,10,0,10,群益金鼎-開元,2024-12-10,9134
2468,華經,11,2,9,群益金鼎-開元,2024-12-10,9134
2515,中工,142,11,131,群益金鼎-開元,2024-12-11,9134
1449,佳和,108,1,107,群益金鼎-開元,2024-12-11,9134
2414,精技,100,0,100,群益金鼎-開元,2024-12-11,9134
00918,大華優利高填息30,63,2,61,群益金鼎-開元,2024-12-11,9134
0056,元大高股息,54,0,54,群益金鼎-開元,2024-12-11,9134
1605,華新,53,0,53,群益金鼎-開元,2024-12-11,9134
00931B,統一美債20年,63,13,50,群益金鼎-開元,2024-12-11,9134
2618,長榮航,56,15,41,群益金鼎-開元,2024-12-11,9134
00919,群益台灣精選高息,42,2,40,群益金鼎-開元,2024-12-11,9134
2317,鴻海,36,1,35,群益金鼎-開元,2024-12-11,9134
2401,凌陽,43,8,35,群益金鼎-開元,2024-12-11,9134
00953B,群益優選非投等債,33,0,33,群益金鼎-開元,2024-12-11,9134
00878,國泰永續高股息,69,36,33,群益金鼎-開元,2024-12-11,9134
8942,森鉅,36,5,31,群益金鼎-開元,2024-12-11,9134
2330,台積電,35,4,31,群益金鼎-開元,2024-12-11,9134
5469,瀚宇博,25,0,25,群益金鼎-開元,2024-12-11,9134
3607,谷崧,20,0,20,群益金鼎-開元,2024-12-11,9134
00688L,國泰20年美債正2,40,20,20,群益金鼎-開元,2024-12-11,9134
2323,中環,20,0,20,群益金鼎-開元,2024-12-11,9134
3712,永崴投控,23,4,19,群益金鼎-開元,2024-12-11,9134
6558,興能高,27,10,17,群益金鼎-開元,2024-12-11,9134
5864,致和證,17,0,17,群益金鼎-開元,2024-12-11,9134
2328,廣宇,16,0,16,群益金鼎-開元,2024-12-11,9134
9933,中鼎,16,0,16,群益金鼎-開元,2024-12-11,9134
1326,台化,17,3,14,群益金鼎-開元,2024-12-11,9134
2002,中鋼,17,2,15,群益金鼎-開元,2024-12-11,9134
2303,聯電,28,15,13,群益金鼎-開元,2024-12-11,9134
006208,富邦台50,13,0,13,群益金鼎-開元,2024-12-11,9134
6443,元晶,14,2,12,群益金鼎-開元,2024-12-11,9134
3521,鴻翊,11,0,11,群益金鼎-開元,2024-12-11,9134
2382,廣達,14,4,10,群益金鼎-開元,2024-12-11,9134
3581,博磊,10,0,10,群益金鼎-開元,2024-12-11,9134
1307,三芳,10,0,10,群益金鼎-開元,2024-12-11,9134
1584,精剛,10,0,10,群益金鼎-開元,2024-12-11,9134
2402,毅嘉,11,1,10,群益金鼎-開元,2024-12-11,9134
6257,矽格,11,1,10,群益金鼎-開元,2024-12-11,9134
3234,光環,10,0,10,群益金鼎-開元,2024-12-11,9134
6140,訊達,11,1,10,群益金鼎-開元,2024-12-11,9134
00915,凱基優選高股息30,9,0,9,群益金鼎-開元,2024-12-11,9134
8089,康全電訊,8,0,8,群益金鼎-開元,2024-12-11,9134
6505,台塑化,9,1,8,群益金鼎-開元,2024-12-11,9134
00900,富邦特選高股息30,8,0,8,群益金鼎-開元,2024-12-11,9134
8936,國統,8,0,8,群益金鼎-開元,2024-12-11,9134
3498,陽程,7,0,7,群益金鼎-開元,2024-12-11,9134
00945B,凱基美國非投等債,7,0,7,群益金鼎-開元,2024-12-11,9134
2363,矽統,10,3,7,群益金鼎-開元,2024-12-11,9134
1514,亞力,7,1,6,群益金鼎-開元,2024-12-11,9134
1471,首利,7,1,6,群益金鼎-開元,2024-12-11,9134
8499,鼎炫-KY,6,0,6,群益金鼎-開元,2024-12-11,9134
1522,堤維西,6,0,6,群益金鼎-開元,2024-12-11,9134
00953B,群益優選非投等債,134,0,134,群益金鼎-開元,2024-12-12,9134
00687B,國泰20年美債,104,0,104,群益金鼎-開元,2024-12-12,9134
1584,精剛,94,0,94,群益金鼎-開元,2024-12-12,9134
2312,金寶,74,3,71,群益金鼎-開元,2024-12-12,9134
00688L,國泰20年美債正2,67,0,67,群益金鼎-開元,2024-12-12,9134
3712,永崴投控,40,0,40,群益金鼎-開元,2024-12-12,9134
4720,德淵,40,0,40,群益金鼎-開元,2024-12-12,9134
2303,聯電,63,26,37,群益金鼎-開元,2024-12-12,9134
5864,致和證,26,0,26,群益金鼎-開元,2024-12-12,9134
2317,鴻海,29,5,24,群益金鼎-開元,2024-12-12,9134
00679B,元大美債20年,24,2,22,群益金鼎-開元,2024-12-12,9134
1708,東鹼,21,0,21,群益金鼎-開元,2024-12-12,9134
6629,泰金-KY,21,0,21,群益金鼎-開元,2024-12-12,9134
2609,陽明,26,7,19,群益金鼎-開元,2024-12-12,9134
00915,凱基優選高股息30,18,0,18,群益金鼎-開元,2024-12-12,9134
1718,中纖,18,0,18,群益金鼎-開元,2024-12-12,9134
00918,大華優利高填息30,18,2,16,群益金鼎-開元,2024-12-12,9134
2367,燿華,17,1,16,群益金鼎-開元,2024-12-12,9134
1802,台玻,20,6,14,群益金鼎-開元,2024-12-12,9134
1522,堤維西,17,3,14,群益金鼎-開元,2024-12-12,9134
1301,台塑,34,21,13,群益金鼎-開元,2024-12-12,9134
1781,合世,12,0,12,群益金鼎-開元,2024-12-12,9134
00959B,大華投等美債15Y+,12,0,12,群益金鼎-開元,2024-12-12,9134
00931B,統一美債20年,44,32,12,群益金鼎-開元,2024-12-12,9134
3013,晟銘電,25,13,12,群益金鼎-開元,2024-12-12,9134
2353,宏��,33,21,12,群益金鼎-開元,2024-12-12,9134
1609,大亞,32,21,11,群益金鼎-開元,2024-12-12,9134
8249,菱光,14,3,11,群益金鼎-開元,2024-12-12,9134
00680L,元大美債20正2,11,0,11,群益金鼎-開元,2024-12-12,9134
1612,宏泰,10,0,10,群益金鼎-開元,2024-12-12,9134
1440,南紡,10,0,10,群益金鼎-開元,2024-12-12,9134
5438,東友,10,0,10,群益金鼎-開元,2024-12-12,9134
6548,長科*,20,10,10,群益金鼎-開元,2024-12-12,9134
1721,三晃,10,0,10,群益金鼎-開元,2024-12-12,9134
4510,高鋒,11,1,10,群益金鼎-開元,2024-12-12,9134
2002,中鋼,14,4,10,群益金鼎-開元,2024-12-12,9134
8936,國統,9,0,9,群益金鼎-開元,2024-12-12,9134
1307,三芳,10,1,9,群益金鼎-開元,2024-12-12,9134
00909,國泰數位支付服務,10,2,8,群益金鼎-開元,2024-12-12,9134
3047,訊舟,8,0,8,群益金鼎-開元,2024-12-12,9134
2371,大同,8,0,8,群益金鼎-開元,2024-12-12,9134
2382,廣達,16,9,7,群益金鼎-開元,2024-12-12,9134
00948B,中信優息投資級債,11,4,7,群益金鼎-開元,2024-12-12,9134
2637,慧洋-KY,8,1,7,群益金鼎-開元,2024-12-12,9134
3041,揚智,10,3,7,群益金鼎-開元,2024-12-12,9134
2402,毅嘉,12,5,7,群益金鼎-開元,2024-12-12,9134
1815,富喬,20,14,6,群益金鼎-開元,2024-12-12,9134
00933B,國泰10Y+金融債,6,0,6,群益金鼎-開元,2024-12-12,9134
2344,華邦電,9,3,6,群益金鼎-開元,2024-12-12,9134
2618,長榮航,6,0,6,群益金鼎-開元,2024-12-12,9134
00945B,凱基美國非投等債,170,0,170,群益金鼎-開元,2024-12-13,9134
6015,宏遠證,106,0,106,群益金鼎-開元,2024-12-13,9134
00959B,大華投等美債15Y+,95,0,95,群益金鼎-開元,2024-12-13,9134
2344,華邦電,102,15,87,群益金鼎-開元,2024-12-13,9134
00942B,台新美A公司債20+,64,0,64,群益金鼎-開元,2024-12-13,9134
00937B,群益ESG投等債20,46,0,46,群益金鼎-開元,2024-12-13,9134
3481,群創,176,130,46,群益金鼎-開元,2024-12-13,9134
6108,競國,45,0,45,群益金鼎-開元,2024-12-13,9134
00919,群益台灣精選高息,42,1,41,群益金鼎-開元,2024-12-13,9134
9933,中鼎,36,0,36,群益金鼎-開元,2024-12-13,9134
2317,鴻海,39,4,35,群益金鼎-開元,2024-12-13,9134
2353,宏��,32,2,30,群益金鼎-開元,2024-12-13,9134
2535,達欣工,30,0,30,群益金鼎-開元,2024-12-13,9134
00688L,國泰20年美債正2,30,0,30,群益金鼎-開元,2024-12-13,9134
2367,燿華,32,2,30,群益金鼎-開元,2024-12-13,9134
00687B,國泰20年美債,47,18,29,群益金鼎-開元,2024-12-13,9134
2867,三商壽,30,2,28,群益金鼎-開元,2024-12-13,9134
2356,英業達,31,4,27,群益金鼎-開元,2024-12-13,9134
9945,潤泰新,26,0,26,群益金鼎-開元,2024-12-13,9134
2834,臺企銀,25,1,24,群益金鼎-開元,2024-12-13,9134
00918,大華優利高填息30,24,1,23,群益金鼎-開元,2024-12-13,9134
3712,永崴投控,28,6,22,群益金鼎-開元,2024-12-13,9134
00948B,中信優息投資級債,21,0,21,群益金鼎-開元,2024-12-13,9134
8171,天宇,21,0,21,群益金鼎-開元,2024-12-13,9134
8150,南茂,20,0,20,群益金鼎-開元,2024-12-13,9134
2883,凱基金,37,17,20,群益金鼎-開元,2024-12-13,9134
2457,飛宏,20,0,20,群益金鼎-開元,2024-12-13,9134
3060,銘異,20,0,20,群益金鼎-開元,2024-12-13,9134
4720,德淵,20,0,20,群益金鼎-開元,2024-12-13,9134
00878,國泰永續高股息,21,2,19,群益金鼎-開元,2024-12-13,9134
00900,富邦特選高股息30,19,0,19,群益金鼎-開元,2024-12-13,9134
5864,致和證,20,2,18,群益金鼎-開元,2024-12-13,9134
3050,鈺德,21,5,16,群益金鼎-開元,2024-12-13,9134
4931,新盛力,59,43,16,群益金鼎-開元,2024-12-13,9134
00946,群益科技高息成長,15,0,15,群益金鼎-開元,2024-12-13,9134
2401,凌陽,15,0,15,群益金鼎-開元,2024-12-13,9134
5469,瀚宇博,15,0,15,群益金鼎-開元,2024-12-13,9134
2324,仁寶,15,1,14,群益金鼎-開元,2024-12-13,9134
6770,力積電,24,10,14,群益金鼎-開元,2024-12-13,9134
00882,中信中國高股息,14,0,14,群益金鼎-開元,2024-12-13,9134
0056,元大高股息,17,4,13,群益金鼎-開元,2024-12-13,9134
00680L,元大美債20正2,13,0,13,群益金鼎-開元,2024-12-13,9134
00958B,永豐ESG銀行債15,13,0,13,群益金鼎-開元,2024-12-13,9134
2426,鼎元,13,0,13,群益金鼎-開元,2024-12-13,9134
4142,國光生,12,0,12,群益金鼎-開元,2024-12-13,9134
2382,廣達,11,0,11,群益金鼎-開元,2024-12-13,9134
1326,台化,11,0,11,群益金鼎-開元,2024-12-13,9134
00915,凱基優選高股息30,12,1,11,群益金鼎-開元,2024-12-13,9134
5483,中美晶,13,2,11,群益金鼎-開元,2024-12-13,9134
2313,華通,29,19,10,群益金鼎-開元,2024-12-13,9134
1449,佳和,200,0,200,群益金鼎-開元,2024-12-16,9134
00953B,群益優選非投等債,120,0,120,群益金鼎-開元,2024-12-16,9134
2515,中工,100,0,100,群益金鼎-開元,2024-12-16,9134
00687B,國泰20年美債,84,5,79,群益金鼎-開元,2024-12-16,9134
00929,復華台灣科技優息,79,4,75,群益金鼎-開元,2024-12-16,9134
2535,達欣工,70,0,70,群益金鼎-開元,2024-12-16,9134
00918,大華優利高填息30,51,1,50,群益金鼎-開元,2024-12-16,9134
00706L,期元大S＆P日圓正2,50,0,50,群益金鼎-開元,2024-12-16,9134
00931B,統一美債20年,43,0,43,群益金鼎-開元,2024-12-16,9134
00940,元大台灣價值高息,41,0,41,群益金鼎-開元,2024-12-16,9134
9933,中鼎,40,0,40,群益金鼎-開元,2024-12-16,9134
00942B,台新美A公司債20+,39,0,39,群益金鼎-開元,2024-12-16,9134
2317,鴻海,42,3,39,群益金鼎-開元,2024-12-16,9134
1785,光洋科,38,0,38,群益金鼎-開元,2024-12-16,9134
00919,群益台灣精選高息,39,1,38,群益金鼎-開元,2024-12-16,9134
2002,中鋼,38,3,35,群益金鼎-開元,2024-12-16,9134
00945B,凱基美國非投等債,33,0,33,群益金鼎-開元,2024-12-16,9134
00688L,國泰20年美債正2,31,0,31,群益金鼎-開元,2024-12-16,9134
00950B,凱基A級公司債,29,0,29,群益金鼎-開元,2024-12-16,9134
00713,元大台灣高息低波,22,0,22,群益金鼎-開元,2024-12-16,9134
5222,全訊,21,0,21,群益金鼎-開元,2024-12-16,9134
2344,華邦電,40,20,20,群益金鼎-開元,2024-12-16,9134
3450,聯鈞,31,11,20,群益金鼎-開元,2024-12-16,9134
00948B,中信優息投資級債,20,0,20,群益金鼎-開元,2024-12-16,9134
5392,能率,20,0,20,群益金鼎-開元,2024-12-16,9134
8358,金居,24,4,20,群益金鼎-開元,2024-12-16,9134
2609,陽明,42,23,19,群益金鼎-開元,2024-12-16,9134
1808,潤隆,19,0,19,群益金鼎-開元,2024-12-16,9134
2885,元大金,19,0,19,群益金鼎-開元,2024-12-16,9134
0056,元大高股息,24,5,19,群益金鼎-開元,2024-12-16,9134
00915,凱基優選高股息30,17,0,17,群益金鼎-開元,2024-12-16,9134
1584,精剛,18,1,17,群益金鼎-開元,2024-12-16,9134
3712,永崴投控,20,3,17,群益金鼎-開元,2024-12-16,9134
2382,廣達,22,8,14,群益金鼎-開元,2024-12-16,9134
5871,中租-KY,17,4,13,群益金鼎-開元,2024-12-16,9134
2486,一詮,14,1,13,群益金鼎-開元,2024-12-16,9134
00946,群益科技高息成長,28,15,13,群益金鼎-開元,2024-12-16,9134
00680L,元大美債20正2,12,0,12,群益金鼎-開元,2024-12-16,9134
1528,恩德,12,0,12,群益金鼎-開元,2024-12-16,9134
4510,高鋒,25,13,12,群益金鼎-開元,2024-12-16,9134
00725B,國泰投資級公司債,11,0,11,群益金鼎-開元,2024-12-16,9134
2354,鴻準,11,0,11,群益金鼎-開元,2024-12-16,9134
2408,南亞科,14,3,11,群益金鼎-開元,2024-12-16,9134
1301,台塑,13,3,10,群益金鼎-開元,2024-12-16,9134
3189,景碩,10,0,10,群益金鼎-開元,2024-12-16,9134
5864,致和證,10,0,10,群益金鼎-開元,2024-12-16,9134
6431,光麗-KY,10,0,10,群益金鼎-開元,2024-12-16,9134
3520,華盈,10,0,10,群益金鼎-開元,2024-12-16,9134
3694,海華,13,3,10,群益金鼎-開元,2024-12-16,9134
3078,僑威,10,0,10,群益金鼎-開元,2024-12-16,9134
00937B,群益ESG投等債20,246,0,246,群益金鼎-開元,2024-12-17,9134
00918,大華優利高填息30,217,5,212,群益金鼎-開元,2024-12-17,9134
00966B,統一ESG投等債15,100,2,98,群益金鼎-開元,2024-12-17,9134
00950B,凱基A級公司債,71,0,71,群益金鼎-開元,2024-12-17,9134
9933,中鼎,56,0,56,群益金鼎-開元,2024-12-17,9134
2834,臺企銀,35,0,35,群益金鼎-開元,2024-12-17,9134
2545,皇翔,34,0,34,群益金鼎-開元,2024-12-17,9134
3481,群創,150,117,33,群益金鼎-開元,2024-12-17,9134
3706,神達,50,21,29,群益金鼎-開元,2024-12-17,9134
2002,中鋼,30,2,28,群益金鼎-開元,2024-12-17,9134
1605,華新,31,3,28,群益金鼎-開元,2024-12-17,9134
2881,富邦金,20,0,20,群益金鼎-開元,2024-12-17,9134
8936,國統,20,0,20,群益金鼎-開元,2024-12-17,9134
00915,凱基優選高股息30,21,1,20,群益金鼎-開元,2024-12-17,9134
0056,元大高股息,28,9,19,群益金鼎-開元,2024-12-17,9134
8358,金居,19,0,19,群益金鼎-開元,2024-12-17,9134
00953B,群益優選非投等債,18,0,18,群益金鼎-開元,2024-12-17,9134
2303,聯電,46,29,17,群益金鼎-開元,2024-12-17,9134
00679B,元大美債20年,25,10,15,群益金鼎-開元,2024-12-17,9134
5392,能率,19,4,15,群益金鼎-開元,2024-12-17,9134
2363,矽統,23,8,15,群益金鼎-開元,2024-12-17,9134
00926,凱基全球菁英55,14,0,14,群益金鼎-開元,2024-12-17,9134
5871,中租-KY,14,0,14,群益金鼎-開元,2024-12-17,9134
00725B,國泰投資級公司債,12,0,12,群益金鼎-開元,2024-12-17,9134
2449,京元電子,13,2,11,群益金鼎-開元,2024-12-17,9134
2399,映泰,12,1,11,群益金鼎-開元,2024-12-17,9134
00751B,元大AAA至A公司債,11,0,11,群益金鼎-開元,2024-12-17,9134
00680L,元大美債20正2,11,0,11,群益金鼎-開元,2024-12-17,9134
2472,立隆電,13,2,11,群益金鼎-開元,2024-12-17,9134
6108,競國,10,0,10,群益金鼎-開元,2024-12-17,9134
6548,長科*,10,0,10,群益金鼎-開元,2024-12-17,9134
3323,加百裕,11,1,10,群益金鼎-開元,2024-12-17,9134
2365,昆盈,12,2,10,群益金鼎-開元,2024-12-17,9134
00943,兆豐電子高息等權,10,0,10,群益金鼎-開元,2024-12-17,9134
3234,光環,11,1,10,群益金鼎-開元,2024-12-17,9134
5905,南仁湖,10,0,10,群益金鼎-開元,2024-12-17,9134
5011,久陽,10,0,10,群益金鼎-開元,2024-12-17,9134
2464,盟立,13,4,9,群益金鼎-開元,2024-12-17,9134
3380,明泰,9,0,9,群益金鼎-開元,2024-12-17,9134
2882,國泰金,10,1,9,群益金鼎-開元,2024-12-17,9134
6629,泰金-KY,9,0,9,群益金鼎-開元,2024-12-17,9134
9945,潤泰新,9,1,8,群益金鼎-開元,2024-12-17,9134
00757,統一FANG+,8,0,8,群益金鼎-開元,2024-12-17,9134
3078,僑威,11,4,7,群益金鼎-開元,2024-12-17,9134
6215,和椿,16,9,7,群益金鼎-開元,2024-12-17,9134
2886,兆豐金,7,0,7,群益金鼎-開元,2024-12-17,9134
2409,友達,9,2,7,群益金鼎-開元,2024-12-17,9134
00910,第一金太空衛星,9,2,7,群益金鼎-開元,2024-12-17,9134
2515,中工,7,0,7,群益金鼎-開元,2024-12-17,9134
5388,中磊,7,1,6,群益金鼎-開元,2024-12-17,9134
00937B,群益ESG投等債20,407,35,372,群益金鼎-開元,2024-12-18,9134
2344,華邦電,73,17,56,群益金鼎-開元,2024-12-18,9134
2303,聯電,106,50,56,群益金鼎-開元,2024-12-18,9134
9105,泰金寶-DR,99,54,45,群益金鼎-開元,2024-12-18,9134
00680L,元大美債20正2,40,0,40,群益金鼎-開元,2024-12-18,9134
2002,中鋼,33,0,33,群益金鼎-開元,2024-12-18,9134
00918,大華優利高填息30,31,0,31,群益金鼎-開元,2024-12-18,9134
00953B,群益優選非投等債,40,10,30,群益金鼎-開元,2024-12-18,9134
1815,富喬,62,32,30,群益金鼎-開元,2024-12-18,9134
00966B,統一ESG投等債15,26,0,26,群益金鼎-開元,2024-12-18,9134
6629,泰金-KY,22,0,22,群益金鼎-開元,2024-12-18,9134
2915,潤泰全,21,0,21,群益金鼎-開元,2024-12-18,9134
00933B,國泰10Y+金融債,20,0,20,群益金鼎-開元,2024-12-18,9134
00715L,期街口布蘭特正2,20,0,20,群益金鼎-開元,2024-12-18,9134
6237,驊訊,20,0,20,群益金鼎-開元,2024-12-18,9134
1336,台翰,20,0,20,群益金鼎-開元,2024-12-18,9134
9933,中鼎,18,0,18,群益金鼎-開元,2024-12-18,9134
2375,凱美,16,0,16,群益金鼎-開元,2024-12-18,9134
2328,廣宇,20,5,15,群益金鼎-開元,2024-12-18,9134
2609,陽明,17,3,14,群益金鼎-開元,2024-12-18,9134
3260,威剛,15,1,14,群益金鼎-開元,2024-12-18,9134
5531,鄉林,13,0,13,群益金鼎-開元,2024-12-18,9134
8936,國統,13,0,13,群益金鼎-開元,2024-12-18,9134
2230,泰茂,18,6,12,群益金鼎-開元,2024-12-18,9134
4562,穎漢,13,1,12,群益金鼎-開元,2024-12-18,9134
5371,中光電,20,9,11,群益金鼎-開元,2024-12-18,9134
6642,富致,11,0,11,群益金鼎-開元,2024-12-18,9134
1303,南亞,11,0,11,群益金鼎-開元,2024-12-18,9134
3481,群創,64,53,11,群益金鼎-開元,2024-12-18,9134
8150,南茂,11,0,11,群益金鼎-開元,2024-12-18,9134
00679B,元大美債20年,16,5,11,群益金鼎-開元,2024-12-18,9134
00959B,大華投等美債15Y+,10,0,10,群益金鼎-開元,2024-12-18,9134
2545,皇翔,10,0,10,群益金鼎-開元,2024-12-18,9134
5864,致和證,10,0,10,群益金鼎-開元,2024-12-18,9134
2106,建大,10,0,10,群益金鼎-開元,2024-12-18,9134
4526,東台,10,0,10,群益金鼎-開元,2024-12-18,9134
00671R,富邦NASDAQ反1,10,0,10,群益金鼎-開元,2024-12-18,9134
2408,南亞科,18,8,10,群益金鼎-開元,2024-12-18,9134
9958,世紀鋼,11,1,10,群益金鼎-開元,2024-12-18,9134
6505,台塑化,12,3,9,群益金鼎-開元,2024-12-18,9134
2027,大成鋼,11,2,9,群益金鼎-開元,2024-12-18,9134
3447,展達,9,0,9,群益金鼎-開元,2024-12-18,9134
2812,台中銀,9,0,9,群益金鼎-開元,2024-12-18,9134
4540,全球傳動,26,18,8,群益金鼎-開元,2024-12-18,9134
4128,中天,8,0,8,群益金鼎-開元,2024-12-18,9134
1301,台塑,21,13,8,群益金鼎-開元,2024-12-18,9134
6188,廣明,10,2,8,群益金鼎-開元,2024-12-18,9134
3211,順達,27,19,8,群益金鼎-開元,2024-12-18,9134
00948B,中信優息投資級債,7,0,7,群益金鼎-開元,2024-12-18,9134
1444,力麗,6,0,6,群益金鼎-開元,2024-12-18,9134
00950B,凱基A級公司債,112,0,112,群益金鼎-開元,2024-12-19,9134
00937B,群益ESG投等債20,102,0,102,群益金鼎-開元,2024-12-19,9134
00679B,元大美債20年,83,1,82,群益金鼎-開元,2024-12-19,9134
2883,凱基金,88,10,78,群益金鼎-開元,2024-12-19,9134
00688L,國泰20年美債正2,74,0,74,群益金鼎-開元,2024-12-19,9134
00712,復華富時不動產,71,0,71,群益金鼎-開元,2024-12-19,9134
00953B,群益優選非投等債,74,4,70,群益金鼎-開元,2024-12-19,9134
00918,大華優利高填息30,100,37,63,群益金鼎-開元,2024-12-19,9134
00706L,期元大S＆P日圓正2,50,0,50,群益金鼎-開元,2024-12-19,9134
00687B,國泰20年美債,56,18,38,群益金鼎-開元,2024-12-19,9134
00751B,元大AAA至A公司債,34,0,34,群益金鼎-開元,2024-12-19,9134
2834,臺企銀,32,0,32,群益金鼎-開元,2024-12-19,9134
5328,華容,32,1,31,群益金鼎-開元,2024-12-19,9134
1815,富喬,45,17,28,群益金鼎-開元,2024-12-19,9134
4510,高鋒,29,2,27,群益金鼎-開元,2024-12-19,9134
2609,陽明,31,5,26,群益金鼎-開元,2024-12-19,9134
2618,長榮航,31,5,26,群益金鼎-開元,2024-12-19,9134
5871,中租-KY,32,6,26,群益金鼎-開元,2024-12-19,9134
1110,東泥,26,0,26,群益金鼎-開元,2024-12-19,9134
2882,國泰金,27,2,25,群益金鼎-開元,2024-12-19,9134
00919,群益台灣精選高息,85,60,25,群益金鼎-開元,2024-12-19,9134
006208,富邦台50,23,1,22,群益金鼎-開元,2024-12-19,9134
2317,鴻海,37,15,22,群益金鼎-開元,2024-12-19,9134
4931,新盛力,94,73,21,群益金鼎-開元,2024-12-19,9134
6629,泰金-KY,21,0,21,群益金鼎-開元,2024-12-19,9134
5425,台半,20,0,20,群益金鼎-開元,2024-12-19,9134
00931B,統一美債20年,20,0,20,群益金鼎-開元,2024-12-19,9134
6609,瀧澤科,18,0,18,群益金鼎-開元,2024-12-19,9134
6215,和椿,37,21,16,群益金鼎-開元,2024-12-19,9134
3323,加百裕,34,18,16,群益金鼎-開元,2024-12-19,9134
00680L,元大美債20正2,18,2,16,群益金鼎-開元,2024-12-19,9134
1227,佳格,15,0,15,群益金鼎-開元,2024-12-19,9134
3305,昇貿,15,0,15,群益金鼎-開元,2024-12-19,9134
3481,群創,96,82,14,群益金鼎-開元,2024-12-19,9134
2845,遠東銀,14,0,14,群益金鼎-開元,2024-12-19,9134
2002,中鋼,16,2,14,群益金鼎-開元,2024-12-19,9134
00933B,國泰10Y+金融債,14,0,14,群益金鼎-開元,2024-12-19,9134
2409,友達,13,0,13,群益金鼎-開元,2024-12-19,9134
2812,台中銀,12,0,12,群益金鼎-開元,2024-12-19,9134
2887,台新金,18,6,12,群益金鼎-開元,2024-12-19,9134
2633,台灣高鐵,11,0,11,群益金鼎-開元,2024-12-19,9134
00922,國泰台灣領袖50,11,0,11,群益金鼎-開元,2024-12-19,9134
6125,廣運,11,0,11,群益金鼎-開元,2024-12-19,9134
00970B,新光BBB投等債20,11,0,11,群益金鼎-開元,2024-12-19,9134
2801,彰銀,11,0,11,群益金鼎-開元,2024-12-19,9134
2330,台積電,12,1,11,群益金鼎-開元,2024-12-19,9134
00959B,大華投等美債15Y+,10,0,10,群益金鼎-開元,2024-12-19,9134
1609,大亞,10,0,10,群益金鼎-開元,2024-12-19,9134
00907,永豐優息存股,10,0,10,群益金鼎-開元,2024-12-19,9134
1584,精剛,10,0,10,群益金鼎-開元,2024-12-19,9134
