Ticker,Name,buy,sell,diff,Branch,Date,Branch_Code
2634,漢翔,59,1,58,群益金鼎-東大,2023-01-03,9135
00893,國泰智能電動車,50,1,49,群益金鼎-東大,2023-01-03,9135
1605,華新,80,35,45,群益金鼎-東大,2023-01-03,9135
3704,合勤控,43,0,43,群益金鼎-東大,2023-01-03,9135
00679B,元大美債20年,34,0,34,群益金鼎-東大,2023-01-03,9135
00673R,期元大S＆P原油反1,26,0,26,群益金鼎-東大,2023-01-03,9135
00878,國泰永續高股息,26,3,23,群益金鼎-東大,2023-01-03,9135
0056,元大高股息,21,0,21,群益金鼎-東大,2023-01-03,9135
2609,陽明,19,1,18,群益金鼎-東大,2023-01-03,9135
00637L,元大滬深300正2,18,0,18,群益金鼎-東大,2023-01-03,9135
4746,台耀,16,0,16,群益金鼎-東大,2023-01-03,9135
00680L,元大美債20正2,15,0,15,群益金鼎-東大,2023-01-03,9135
6708,天擎,15,0,15,群益金鼎-東大,2023-01-03,9135
2317,鴻海,19,4,15,群益金鼎-東大,2023-01-03,9135
00632R,元大台灣50反1,16,3,13,群益金鼎-東大,2023-01-03,9135
3466,德晉,13,0,13,群益金鼎-東大,2023-01-03,9135
2610,華航,15,3,12,群益金鼎-東大,2023-01-03,9135
5340,建榮,12,0,12,群益金鼎-東大,2023-01-03,9135
4763,材料-KY,12,0,12,群益金鼎-東大,2023-01-03,9135
6770,力積電,10,0,10,群益金鼎-東大,2023-01-03,9135
4105,東洋,10,0,10,群益金鼎-東大,2023-01-03,9135
6245,立端,10,0,10,群益金鼎-東大,2023-01-03,9135
6234,高僑,10,0,10,群益金鼎-東大,2023-01-03,9135
3708,上緯投控,11,1,10,群益金鼎-東大,2023-01-03,9135
2542,興富發,10,0,10,群益金鼎-東大,2023-01-03,9135
1604,聲寶,10,0,10,群益金鼎-東大,2023-01-03,9135
00701,國泰股利精選30,8,0,8,群益金鼎-東大,2023-01-03,9135
2399,映泰,27,19,8,群益金鼎-東大,2023-01-03,9135
1513,中興電,47,39,8,群益金鼎-東大,2023-01-03,9135
6285,啟��,7,0,7,群益金鼎-東大,2023-01-03,9135
2615,萬海,23,17,6,群益金鼎-東大,2023-01-03,9135
1514,亞力,14,8,6,群益金鼎-東大,2023-01-03,9135
8429,金麗-KY,6,0,6,群益金鼎-東大,2023-01-03,9135
00633L,富邦上証正2,6,0,6,群益金鼎-東大,2023-01-03,9135
3141,晶宏,7,2,5,群益金鼎-東大,2023-01-03,9135
3576,聯合再生,5,0,5,群益金鼎-東大,2023-01-03,9135
1524,耿鼎,5,0,5,群益金鼎-東大,2023-01-03,9135
3558,神準,5,0,5,群益金鼎-東大,2023-01-03,9135
8436,大江,5,0,5,群益金鼎-東大,2023-01-03,9135
3713,新晶投控,5,0,5,群益金鼎-東大,2023-01-03,9135
2002,中鋼,5,0,5,群益金鼎-東大,2023-01-03,9135
6138,茂達,5,0,5,群益金鼎-東大,2023-01-03,9135
3051,力特,5,0,5,群益金鼎-東大,2023-01-03,9135
3454,晶睿,18,13,5,群益金鼎-東大,2023-01-03,9135
00692,富邦公司治理,7,2,5,群益金鼎-東大,2023-01-03,9135
1522,堤維西,6,1,5,群益金鼎-東大,2023-01-03,9135
2617,台航,5,0,5,群益金鼎-東大,2023-01-03,9135
5315,光聯,5,0,5,群益金鼎-東大,2023-01-03,9135
8933,愛地雅,10,5,5,群益金鼎-東大,2023-01-03,9135
4147,中裕,5,0,5,群益金鼎-東大,2023-01-03,9135
00680L,元大美債20正2,60,0,60,群益金鼎-東大,2023-01-04,9135
1605,華新,156,106,50,群益金鼎-東大,2023-01-04,9135
3704,合勤控,52,9,43,群益金鼎-東大,2023-01-04,9135
1752,南光,57,27,30,群益金鼎-東大,2023-01-04,9135
00679B,元大美債20年,37,9,28,群益金鼎-東大,2023-01-04,9135
6265,方土昶,26,0,26,群益金鼎-東大,2023-01-04,9135
3272,東碩,22,0,22,群益金鼎-東大,2023-01-04,9135
1514,亞力,38,17,21,群益金鼎-東大,2023-01-04,9135
2636,台驊控股,20,0,20,群益金鼎-東大,2023-01-04,9135
2492,華新科,16,0,16,群益金鼎-東大,2023-01-04,9135
00673R,期元大S＆P原油反1,21,5,16,群益金鼎-東大,2023-01-04,9135
2317,鴻海,17,2,15,群益金鼎-東大,2023-01-04,9135
6235,華孚,18,3,15,群益金鼎-東大,2023-01-04,9135
4958,臻鼎-KY,26,12,14,群益金鼎-東大,2023-01-04,9135
0050,元大台灣50,14,1,13,群益金鼎-東大,2023-01-04,9135
3284,太普高,13,0,13,群益金鼎-東大,2023-01-04,9135
6197,佳必琪,13,0,13,群益金鼎-東大,2023-01-04,9135
3466,德晉,13,1,12,群益金鼎-東大,2023-01-04,9135
2002,中鋼,12,0,12,群益金鼎-東大,2023-01-04,9135
00772B,中信高評級公司債,11,0,11,群益金鼎-東大,2023-01-04,9135
6456,GIS-KY,11,0,11,群益金鼎-東大,2023-01-04,9135
8044,網家,26,15,11,群益金鼎-東大,2023-01-04,9135
1720,生達,12,2,10,群益金鼎-東大,2023-01-04,9135
2371,大同,10,0,10,群益金鼎-東大,2023-01-04,9135
2388,威盛,13,3,10,群益金鼎-東大,2023-01-04,9135
2748,雲品,12,3,9,群益金鼎-東大,2023-01-04,9135
5309,系統電,9,0,9,群益金鼎-東大,2023-01-04,9135
2455,全新,9,0,9,群益金鼎-東大,2023-01-04,9135
6279,胡連,9,0,9,群益金鼎-東大,2023-01-04,9135
5284,jpp-KY,11,2,9,群益金鼎-東大,2023-01-04,9135
1342,八貫,11,2,9,群益金鼎-東大,2023-01-04,9135
6708,天擎,16,7,9,群益金鼎-東大,2023-01-04,9135
1319,東陽,9,0,9,群益金鼎-東大,2023-01-04,9135
8933,愛地雅,9,0,9,群益金鼎-東大,2023-01-04,9135
1609,大亞,15,7,8,群益金鼎-東大,2023-01-04,9135
5351,鈺創,14,6,8,群益金鼎-東大,2023-01-04,9135
6202,盛群,8,0,8,群益金鼎-東大,2023-01-04,9135
6441,廣錠,15,7,8,群益金鼎-東大,2023-01-04,9135
00773B,中信優先金融債,7,0,7,群益金鼎-東大,2023-01-04,9135
5283,禾聯碩,7,0,7,群益金鼎-東大,2023-01-04,9135
6118,建達,38,31,7,群益金鼎-東大,2023-01-04,9135
3576,聯合再生,7,0,7,群益金鼎-東大,2023-01-04,9135
2206,三陽工業,7,0,7,群益金鼎-東大,2023-01-04,9135
8155,博智,7,0,7,群益金鼎-東大,2023-01-04,9135
00888,永豐台灣ESG,7,0,7,群益金鼎-東大,2023-01-04,9135
4167,松瑞藥,41,34,7,群益金鼎-東大,2023-01-04,9135
8046,南電,6,0,6,群益金鼎-東大,2023-01-04,9135
3380,明泰,15,9,6,群益金鼎-東大,2023-01-04,9135
3062,建漢,7,1,6,群益金鼎-東大,2023-01-04,9135
4927,泰鼎-KY,6,0,6,群益金鼎-東大,2023-01-04,9135
2634,漢翔,62,0,62,群益金鼎-東大,2023-01-05,9135
3576,聯合再生,39,3,36,群益金鼎-東大,2023-01-05,9135
00664R,國泰臺灣加權反1,35,0,35,群益金鼎-東大,2023-01-05,9135
3037,欣興,51,29,22,群益金鼎-東大,2023-01-05,9135
00671R,富邦NASDAQ反1,22,0,22,群益金鼎-東大,2023-01-05,9135
2371,大同,20,0,20,群益金鼎-東大,2023-01-05,9135
4167,松瑞藥,23,3,20,群益金鼎-東大,2023-01-05,9135
4747,強生,22,2,20,群益金鼎-東大,2023-01-05,9135
4958,臻鼎-KY,41,24,17,群益金鼎-東大,2023-01-05,9135
00632R,元大台灣50反1,15,0,15,群益金鼎-東大,2023-01-05,9135
2495,普安,16,1,15,群益金鼎-東大,2023-01-05,9135
8996,高力,20,6,14,群益金鼎-東大,2023-01-05,9135
3479,安勤,48,34,14,群益金鼎-東大,2023-01-05,9135
1101,台泥,15,2,13,群益金鼎-東大,2023-01-05,9135
2317,鴻海,13,0,13,群益金鼎-東大,2023-01-05,9135
00715L,期街口布蘭特正2,13,1,12,群益金鼎-東大,2023-01-05,9135
4763,材料-KY,11,0,11,群益金鼎-東大,2023-01-05,9135
1513,中興電,29,18,11,群益金鼎-東大,2023-01-05,9135
8415,大國鋼,10,0,10,群益金鼎-東大,2023-01-05,9135
00680L,元大美債20正2,10,0,10,群益金鼎-東大,2023-01-05,9135
1444,力麗,10,0,10,群益金鼎-東大,2023-01-05,9135
3004,豐達科,11,1,10,群益金鼎-東大,2023-01-05,9135
4979,華星光,11,2,9,群益金鼎-東大,2023-01-05,9135
4968,立積,23,14,9,群益金鼎-東大,2023-01-05,9135
3380,明泰,15,6,9,群益金鼎-東大,2023-01-05,9135
3545,敦泰,9,0,9,群益金鼎-東大,2023-01-05,9135
6274,台燿,9,0,9,群益金鼎-東大,2023-01-05,9135
00751B,元大AAA至A公司債,10,2,8,群益金鼎-東大,2023-01-05,9135
1503,士電,8,0,8,群益金鼎-東大,2023-01-05,9135
3027,盛達,8,1,7,群益金鼎-東大,2023-01-05,9135
5309,系統電,8,1,7,群益金鼎-東大,2023-01-05,9135
2314,台揚,7,0,7,群益金鼎-東大,2023-01-05,9135
00773B,中信優先金融債,7,0,7,群益金鼎-東大,2023-01-05,9135
4931,新盛力,16,9,7,群益金鼎-東大,2023-01-05,9135
8044,網家,56,49,7,群益金鼎-東大,2023-01-05,9135
6111,大宇資,19,13,6,群益金鼎-東大,2023-01-05,9135
2498,宏達電,35,29,6,群益金鼎-東大,2023-01-05,9135
00631L,元大台灣50正2,6,0,6,群益金鼎-東大,2023-01-05,9135
6582,申豐,6,0,6,群益金鼎-東大,2023-01-05,9135
1519,華城,165,159,6,群益金鼎-東大,2023-01-05,9135
4147,中裕,7,1,6,群益金鼎-東大,2023-01-05,9135
1722,台肥,5,0,5,群益金鼎-東大,2023-01-05,9135
1539,巨庭,5,0,5,群益金鼎-東大,2023-01-05,9135
4543,萬在,5,0,5,群益金鼎-東大,2023-01-05,9135
5483,中美晶,5,0,5,群益金鼎-東大,2023-01-05,9135
2413,環科,5,0,5,群益金鼎-東大,2023-01-05,9135
8038,長園科,5,0,5,群益金鼎-東大,2023-01-05,9135
2834,臺企銀,5,0,5,群益金鼎-東大,2023-01-05,9135
4163,鐿鈦,5,0,5,群益金鼎-東大,2023-01-05,9135
3443,創意,10,5,5,群益金鼎-東大,2023-01-05,9135
00720B,元大投資級公司債,108,0,108,群益金鼎-東大,2023-01-06,9135
00680L,元大美債20正2,51,0,51,群益金鼎-東大,2023-01-06,9135
4167,松瑞藥,99,60,39,群益金鼎-東大,2023-01-06,9135
00664R,國泰臺灣加權反1,38,0,38,群益金鼎-東大,2023-01-06,9135
3704,合勤控,47,19,28,群益金鼎-東大,2023-01-06,9135
2359,所羅門,24,3,21,群益金鼎-東大,2023-01-06,9135
00671R,富邦NASDAQ反1,20,1,19,群益金鼎-東大,2023-01-06,9135
00632R,元大台灣50反1,18,2,16,群益金鼎-東大,2023-01-06,9135
4163,鐿鈦,20,5,15,群益金鼎-東大,2023-01-06,9135
5213,亞昕,15,0,15,群益金鼎-東大,2023-01-06,9135
3594,磐儀,14,1,13,群益金鼎-東大,2023-01-06,9135
00675L,富邦臺灣加權正2,13,0,13,群益金鼎-東大,2023-01-06,9135
1519,華城,31,18,13,群益金鼎-東大,2023-01-06,9135
5321,美而快,14,2,12,群益金鼎-東大,2023-01-06,9135
6197,佳必琪,12,0,12,群益金鼎-東大,2023-01-06,9135
2419,仲琦,11,1,10,群益金鼎-東大,2023-01-06,9135
2498,宏達電,18,8,10,群益金鼎-東大,2023-01-06,9135
2881,富邦金,10,0,10,群益金鼎-東大,2023-01-06,9135
3037,欣興,40,31,9,群益金鼎-東大,2023-01-06,9135
3141,晶宏,14,6,8,群益金鼎-東大,2023-01-06,9135
00679B,元大美債20年,10,2,8,群益金鼎-東大,2023-01-06,9135
1305,華夏,10,2,8,群益金鼎-東大,2023-01-06,9135
3675,德微,7,0,7,群益金鼎-東大,2023-01-06,9135
4968,立積,71,64,7,群益金鼎-東大,2023-01-06,9135
2887,台新金,6,0,6,群益金鼎-東大,2023-01-06,9135
6111,大宇資,8,2,6,群益金鼎-東大,2023-01-06,9135
3466,德晉,6,0,6,群益金鼎-東大,2023-01-06,9135
4536,拓凱,6,0,6,群益金鼎-東大,2023-01-06,9135
2308,台達電,5,0,5,群益金鼎-東大,2023-01-06,9135
1309,台達化,5,0,5,群益金鼎-東大,2023-01-06,9135
2236,百達-KY,5,0,5,群益金鼎-東大,2023-01-06,9135
1760,寶齡富錦,5,0,5,群益金鼎-東大,2023-01-06,9135
6104,創惟,5,0,5,群益金鼎-東大,2023-01-06,9135
5905,南仁湖,5,0,5,群益金鼎-東大,2023-01-06,9135
8038,長園科,5,0,5,群益金鼎-東大,2023-01-06,9135
1304,台聚,5,0,5,群益金鼎-東大,2023-01-06,9135
1603,華電,5,0,5,群益金鼎-東大,2023-01-06,9135
6670,復盛應用,5,0,5,群益金鼎-東大,2023-01-06,9135
8358,金居,31,26,5,群益金鼎-東大,2023-01-06,9135
2528,皇普,5,0,5,群益金鼎-東大,2023-01-06,9135
8261,富鼎,5,0,5,群益金鼎-東大,2023-01-06,9135
8069,元太,11,6,5,群益金鼎-東大,2023-01-06,9135
2303,聯電,10,6,4,群益金鼎-東大,2023-01-06,9135
1810,和成,7,3,4,群益金鼎-東大,2023-01-06,9135
5315,光聯,4,0,4,群益金鼎-東大,2023-01-06,9135
6177,達麗,4,0,4,群益金鼎-東大,2023-01-06,9135
00637L,元大滬深300正2,10,6,4,群益金鼎-東大,2023-01-06,9135
9939,宏全,4,0,4,群益金鼎-東大,2023-01-06,9135
2317,鴻海,4,1,3,群益金鼎-東大,2023-01-06,9135
5245,智晶,3,0,3,群益金鼎-東大,2023-01-06,9135
3545,敦泰,101,1,100,群益金鼎-東大,2023-01-09,9135
3715,定穎投控,97,8,89,群益金鼎-東大,2023-01-09,9135
6182,合晶,100,18,82,群益金鼎-東大,2023-01-09,9135
2834,臺企銀,80,17,63,群益金鼎-東大,2023-01-09,9135
00664R,國泰臺灣加權反1,61,0,61,群益金鼎-東大,2023-01-09,9135
1605,華新,81,38,43,群益金鼎-東大,2023-01-09,9135
2633,台灣高鐵,40,0,40,群益金鼎-東大,2023-01-09,9135
2885,元大金,36,0,36,群益金鼎-東大,2023-01-09,9135
6133,金橋,37,6,31,群益金鼎-東大,2023-01-09,9135
2419,仲琦,30,1,29,群益金鼎-東大,2023-01-09,9135
00900,富邦特選高股息30,28,4,24,群益金鼎-東大,2023-01-09,9135
2323,中環,20,0,20,群益金鼎-東大,2023-01-09,9135
1519,華城,24,6,18,群益金鼎-東大,2023-01-09,9135
6024,群益期,16,0,16,群益金鼎-東大,2023-01-09,9135
6168,宏齊,15,0,15,群益金鼎-東大,2023-01-09,9135
2354,鴻準,15,0,15,群益金鼎-東大,2023-01-09,9135
9941,裕融,16,1,15,群益金鼎-東大,2023-01-09,9135
2201,裕隆,69,56,13,群益金鼎-東大,2023-01-09,9135
4968,立積,19,6,13,群益金鼎-東大,2023-01-09,9135
3576,聯合再生,13,0,13,群益金鼎-東大,2023-01-09,9135
2317,鴻海,13,2,11,群益金鼎-東大,2023-01-09,9135
3491,昇達科,10,0,10,群益金鼎-東大,2023-01-09,9135
2468,華經,10,0,10,群益金鼎-東大,2023-01-09,9135
2033,佳大,10,0,10,群益金鼎-東大,2023-01-09,9135
1752,南光,11,1,10,群益金鼎-東大,2023-01-09,9135
3704,合勤控,15,5,10,群益金鼎-東大,2023-01-09,9135
2471,資通,10,0,10,群益金鼎-東大,2023-01-09,9135
2313,華通,15,6,9,群益金鼎-東大,2023-01-09,9135
4167,松瑞藥,8,0,8,群益金鼎-東大,2023-01-09,9135
4746,台耀,15,7,8,群益金鼎-東大,2023-01-09,9135
6533,晶心科,8,0,8,群益金鼎-東大,2023-01-09,9135
00637L,元大滬深300正2,17,10,7,群益金鼎-東大,2023-01-09,9135
2027,大成鋼,7,0,7,群益金鼎-東大,2023-01-09,9135
2338,光罩,14,7,7,群益金鼎-東大,2023-01-09,9135
1701,中化,11,4,7,群益金鼎-東大,2023-01-09,9135
2388,威盛,12,5,7,群益金鼎-東大,2023-01-09,9135
00885,富邦越南,7,0,7,群益金鼎-東大,2023-01-09,9135
00893,國泰智能電動車,7,0,7,群益金鼎-東大,2023-01-09,9135
3454,晶睿,8,1,7,群益金鼎-東大,2023-01-09,9135
6443,元晶,11,4,7,群益金鼎-東大,2023-01-09,9135
9933,中鼎,7,0,7,群益金鼎-東大,2023-01-09,9135
5475,德宏,6,0,6,群益金鼎-東大,2023-01-09,9135
1810,和成,6,0,6,群益金鼎-東大,2023-01-09,9135
1342,八貫,23,17,6,群益金鼎-東大,2023-01-09,9135
1795,美時,26,20,6,群益金鼎-東大,2023-01-09,9135
3673,TPK-KY,6,0,6,群益金鼎-東大,2023-01-09,9135
3515,華擎,7,1,6,群益金鼎-東大,2023-01-09,9135
2603,長榮,9,4,5,群益金鼎-東大,2023-01-09,9135
6679,鈺太,5,0,5,群益金鼎-東大,2023-01-09,9135
1314,中石化,5,0,5,群益金鼎-東大,2023-01-09,9135
6235,華孚,25,0,25,群益金鼎-東大,2023-01-10,9135
1701,中化,29,6,23,群益金鼎-東大,2023-01-10,9135
3209,全科,22,4,18,群益金鼎-東大,2023-01-10,9135
0056,元大高股息,24,7,17,群益金鼎-東大,2023-01-10,9135
00891,中信關鍵半導體,31,19,12,群益金鼎-東大,2023-01-10,9135
2495,普安,12,0,12,群益金鼎-東大,2023-01-10,9135
2401,凌陽,10,0,10,群益金鼎-東大,2023-01-10,9135
8420,明揚,11,1,10,群益金鼎-東大,2023-01-10,9135
3141,晶宏,29,20,9,群益金鼎-東大,2023-01-10,9135
6243,迅杰,9,0,9,群益金鼎-東大,2023-01-10,9135
9962,有益,12,3,9,群益金鼎-東大,2023-01-10,9135
3035,智原,12,4,8,群益金鼎-東大,2023-01-10,9135
4552,力達-KY,8,0,8,群益金鼎-東大,2023-01-10,9135
8938,明安,8,0,8,群益金鼎-東大,2023-01-10,9135
3027,盛達,9,2,7,群益金鼎-東大,2023-01-10,9135
8996,高力,69,62,7,群益金鼎-東大,2023-01-10,9135
4979,華星光,16,9,7,群益金鼎-東大,2023-01-10,9135
3713,新晶投控,7,0,7,群益金鼎-東大,2023-01-10,9135
2027,大成鋼,8,1,7,群益金鼎-東大,2023-01-10,9135
4171,瑞基,9,2,7,群益金鼎-東大,2023-01-10,9135
00632R,元大台灣50反1,6,0,6,群益金鼎-東大,2023-01-10,9135
1605,華新,14,8,6,群益金鼎-東大,2023-01-10,9135
3706,神達,7,1,6,群益金鼎-東大,2023-01-10,9135
6670,復盛應用,6,0,6,群益金鼎-東大,2023-01-10,9135
2367,燿華,6,0,6,群益金鼎-東大,2023-01-10,9135
1308,亞聚,7,1,6,群益金鼎-東大,2023-01-10,9135
3682,亞太電,6,0,6,群益金鼎-東大,2023-01-10,9135
2313,華通,7,1,6,群益金鼎-東大,2023-01-10,9135
5284,jpp-KY,6,0,6,群益金鼎-東大,2023-01-10,9135
8433,弘帆,5,0,5,群益金鼎-東大,2023-01-10,9135
2501,國建,5,0,5,群益金鼎-東大,2023-01-10,9135
9958,世紀鋼,10,5,5,群益金鼎-東大,2023-01-10,9135
1342,八貫,18,13,5,群益金鼎-東大,2023-01-10,9135
8931,大汽電,5,0,5,群益金鼎-東大,2023-01-10,9135
1560,中砂,13,8,5,群益金鼎-東大,2023-01-10,9135
6139,亞翔,8,3,5,群益金鼎-東大,2023-01-10,9135
2380,虹光,5,0,5,群益金鼎-東大,2023-01-10,9135
4915,致伸,5,0,5,群益金鼎-東大,2023-01-10,9135
9941,裕融,5,0,5,群益金鼎-東大,2023-01-10,9135
2880,華南金,5,0,5,群益金鼎-東大,2023-01-10,9135
3693,營邦,5,0,5,群益金鼎-東大,2023-01-10,9135
3234,光環,5,1,4,群益金鼎-東大,2023-01-10,9135
8249,菱光,5,1,4,群益金鼎-東大,2023-01-10,9135
6492,生華科,4,0,4,群益金鼎-東大,2023-01-10,9135
3289,宜特,10,6,4,群益金鼎-東大,2023-01-10,9135
2338,光罩,14,10,4,群益金鼎-東大,2023-01-10,9135
1708,東鹼,4,0,4,群益金鼎-東大,2023-01-10,9135
8038,長園科,4,0,4,群益金鼎-東大,2023-01-10,9135
3024,憶聲,4,0,4,群益金鼎-東大,2023-01-10,9135
6288,聯嘉,4,0,4,群益金鼎-東大,2023-01-10,9135
00632R,元大台灣50反1,134,1,133,群益金鼎-東大,2023-01-11,9135
2834,臺企銀,80,11,69,群益金鼎-東大,2023-01-11,9135
2881,富邦金,62,2,60,群益金鼎-東大,2023-01-11,9135
2009,第一銅,40,0,40,群益金鼎-東大,2023-01-11,9135
00878,國泰永續高股息,34,2,32,群益金鼎-東大,2023-01-11,9135
6185,幃翔,30,0,30,群益金鼎-東大,2023-01-11,9135
00679B,元大美債20年,27,0,27,群益金鼎-東大,2023-01-11,9135
4747,強生,33,8,25,群益金鼎-東大,2023-01-11,9135
00680L,元大美債20正2,25,1,24,群益金鼎-東大,2023-01-11,9135
6147,頎邦,23,1,22,群益金鼎-東大,2023-01-11,9135
2884,玉山金,22,0,22,群益金鼎-東大,2023-01-11,9135
2344,華邦電,22,2,20,群益金鼎-東大,2023-01-11,9135
1504,東元,20,0,20,群益金鼎-東大,2023-01-11,9135
1584,精剛,18,2,16,群益金鼎-東大,2023-01-11,9135
3685,元創精密,14,0,14,群益金鼎-東大,2023-01-11,9135
1605,華新,227,214,13,群益金鼎-東大,2023-01-11,9135
8420,明揚,23,10,13,群益金鼎-東大,2023-01-11,9135
6215,和椿,12,0,12,群益金鼎-東大,2023-01-11,9135
2607,榮運,12,0,12,群益金鼎-東大,2023-01-11,9135
00720B,元大投資級公司債,13,1,12,群益金鼎-東大,2023-01-11,9135
5258,虹堡,12,1,11,群益金鼎-東大,2023-01-11,9135
00715L,期街口布蘭特正2,10,0,10,群益金鼎-東大,2023-01-11,9135
2027,大成鋼,11,1,10,群益金鼎-東大,2023-01-11,9135
6153,嘉聯益,10,0,10,群益金鼎-東大,2023-01-11,9135
1104,環泥,8,0,8,群益金鼎-東大,2023-01-11,9135
8038,長園科,8,0,8,群益金鼎-東大,2023-01-11,9135
2313,華通,9,1,8,群益金鼎-東大,2023-01-11,9135
6202,盛群,8,1,7,群益金鼎-東大,2023-01-11,9135
2883B,凱基金乙特,7,0,7,群益金鼎-東大,2023-01-11,9135
5009,榮剛,11,4,7,群益金鼎-東大,2023-01-11,9135
2618,長榮航,11,4,7,群益金鼎-東大,2023-01-11,9135
4989,榮科,7,1,6,群益金鼎-東大,2023-01-11,9135
2413,環科,6,0,6,群益金鼎-東大,2023-01-11,9135
2230,泰茂,73,67,6,群益金鼎-東大,2023-01-11,9135
2888,新光金,6,0,6,群益金鼎-東大,2023-01-11,9135
3037,欣興,57,51,6,群益金鼎-東大,2023-01-11,9135
1529,樂事綠能,17,11,6,群益金鼎-東大,2023-01-11,9135
1258,其祥-KY,6,0,6,群益金鼎-東大,2023-01-11,9135
9955,佳龍,7,1,6,群益金鼎-東大,2023-01-11,9135
2812,台中銀,5,0,5,群益金鼎-東大,2023-01-11,9135
2204,中華,5,0,5,群益金鼎-東大,2023-01-11,9135
1227,佳格,5,0,5,群益金鼎-東大,2023-01-11,9135
00772B,中信高評級公司債,5,0,5,群益金鼎-東大,2023-01-11,9135
3162,精確,5,0,5,群益金鼎-東大,2023-01-11,9135
3714,富采,6,1,5,群益金鼎-東大,2023-01-11,9135
00881,國泰台灣5G+,5,0,5,群益金鼎-東大,2023-01-11,9135
00773B,中信優先金融債,5,0,5,群益金鼎-東大,2023-01-11,9135
00633L,富邦上証正2,5,0,5,群益金鼎-東大,2023-01-11,9135
8454,富邦媒,6,1,5,群益金鼎-東大,2023-01-11,9135
3005,神基,5,0,5,群益金鼎-東大,2023-01-11,9135
2882,國泰金,135,0,135,群益金鼎-東大,2023-01-12,9135
00878,國泰永續高股息,57,0,57,群益金鼎-東大,2023-01-12,9135
00680L,元大美債20正2,35,0,35,群益金鼎-東大,2023-01-12,9135
6788,華景電,27,1,26,群益金鼎-東大,2023-01-12,9135
00673R,期元大S＆P原油反1,24,0,24,群益金鼎-東大,2023-01-12,9135
3037,欣興,75,53,22,群益金鼎-東大,2023-01-12,9135
00772B,中信高評級公司債,20,0,20,群益金鼎-東大,2023-01-12,9135
5009,榮剛,45,26,19,群益金鼎-東大,2023-01-12,9135
00652,富邦印度,18,0,18,群益金鼎-東大,2023-01-12,9135
00637L,元大滬深300正2,37,20,17,群益金鼎-東大,2023-01-12,9135
00671R,富邦NASDAQ反1,15,0,15,群益金鼎-東大,2023-01-12,9135
2468,華經,53,38,15,群益金鼎-東大,2023-01-12,9135
4958,臻鼎-KY,14,0,14,群益金鼎-東大,2023-01-12,9135
2834,臺企銀,11,0,11,群益金鼎-東大,2023-01-12,9135
3707,漢磊,10,0,10,群益金鼎-東大,2023-01-12,9135
5263,智崴,10,0,10,群益金鼎-東大,2023-01-12,9135
3713,新晶投控,10,0,10,群益金鼎-東大,2023-01-12,9135
2342,茂矽,12,2,10,群益金鼎-東大,2023-01-12,9135
3479,安勤,10,0,10,群益金鼎-東大,2023-01-12,9135
1522,堤維西,10,0,10,群益金鼎-東大,2023-01-12,9135
8069,元太,10,0,10,群益金鼎-東大,2023-01-12,9135
2312,金寶,9,0,9,群益金鼎-東大,2023-01-12,9135
00679B,元大美債20年,11,2,9,群益金鼎-東大,2023-01-12,9135
8105,凌巨,10,1,9,群益金鼎-東大,2023-01-12,9135
6689,伊雲谷,9,0,9,群益金鼎-東大,2023-01-12,9135
4108,懷特,8,0,8,群益金鼎-東大,2023-01-12,9135
3693,營邦,11,3,8,群益金鼎-東大,2023-01-12,9135
2358,廷鑫,339,331,8,群益金鼎-東大,2023-01-12,9135
4916,事欣科,8,0,8,群益金鼎-東大,2023-01-12,9135
00712,復華富時不動產,8,0,8,群益金鼎-東大,2023-01-12,9135
00893,國泰智能電動車,14,6,8,群益金鼎-東大,2023-01-12,9135
2880,華南金,7,0,7,群益金鼎-東大,2023-01-12,9135
9939,宏全,7,0,7,群益金鼎-東大,2023-01-12,9135
5347,世界,10,3,7,群益金鼎-東大,2023-01-12,9135
1708,東鹼,6,0,6,群益金鼎-東大,2023-01-12,9135
4904,遠傳,6,0,6,群益金鼎-東大,2023-01-12,9135
8081,致新,9,3,6,群益金鼎-東大,2023-01-12,9135
2615,萬海,6,0,6,群益金鼎-東大,2023-01-12,9135
5321,美而快,39,34,5,群益金鼎-東大,2023-01-12,9135
2609,陽明,6,1,5,群益金鼎-東大,2023-01-12,9135
2029,盛餘,5,0,5,群益金鼎-東大,2023-01-12,9135
3537,堡達,5,0,5,群益金鼎-東大,2023-01-12,9135
2616,山隆,5,0,5,群益金鼎-東大,2023-01-12,9135
3027,盛達,5,0,5,群益金鼎-東大,2023-01-12,9135
3705,永信,5,0,5,群益金鼎-東大,2023-01-12,9135
3380,明泰,5,0,5,群益金鼎-東大,2023-01-12,9135
6180,橘子,5,0,5,群益金鼎-東大,2023-01-12,9135
8103,瀚荃,5,0,5,群益金鼎-東大,2023-01-12,9135
5351,鈺創,5,0,5,群益金鼎-東大,2023-01-12,9135
2482,連宇,5,0,5,群益金鼎-東大,2023-01-12,9135
00673R,期元大S＆P原油反1,510,0,510,群益金鼎-東大,2023-01-13,9135
00632R,元大台灣50反1,222,1,221,群益金鼎-東大,2023-01-13,9135
9914,美利達,30,0,30,群益金鼎-東大,2023-01-13,9135
2358,廷鑫,105,78,27,群益金鼎-東大,2023-01-13,9135
9941,裕融,25,0,25,群益金鼎-東大,2023-01-13,9135
2465,麗臺,50,26,24,群益金鼎-東大,2023-01-13,9135
1612,宏泰,19,2,17,群益金鼎-東大,2023-01-13,9135
3105,穩懋,23,7,16,群益金鼎-東大,2023-01-13,9135
4979,華星光,37,21,16,群益金鼎-東大,2023-01-13,9135
1736,喬山,13,0,13,群益金鼎-東大,2023-01-13,9135
4163,鐿鈦,17,4,13,群益金鼎-東大,2023-01-13,9135
00772B,中信高評級公司債,12,0,12,群益金鼎-東大,2023-01-13,9135
6147,頎邦,13,1,12,群益金鼎-東大,2023-01-13,9135
3443,創意,14,3,11,群益金鼎-東大,2023-01-13,9135
2354,鴻準,11,0,11,群益金鼎-東大,2023-01-13,9135
6122,擎邦,12,2,10,群益金鼎-東大,2023-01-13,9135
5014,建錩,10,0,10,群益金鼎-東大,2023-01-13,9135
4916,事欣科,10,0,10,群益金鼎-東大,2023-01-13,9135
3713,新晶投控,10,0,10,群益金鼎-東大,2023-01-13,9135
00770,國泰北美科技,10,0,10,群益金鼎-東大,2023-01-13,9135
3576,聯合再生,10,0,10,群益金鼎-東大,2023-01-13,9135
8033,雷虎,10,0,10,群益金鼎-東大,2023-01-13,9135
00680L,元大美債20正2,10,0,10,群益金鼎-東大,2023-01-13,9135
00664R,國泰臺灣加權反1,10,0,10,群益金鼎-東大,2023-01-13,9135
1504,東元,10,0,10,群益金鼎-東大,2023-01-13,9135
1342,八貫,10,0,10,群益金鼎-東大,2023-01-13,9135
8210,勤誠,10,0,10,群益金鼎-東大,2023-01-13,9135
4167,松瑞藥,10,1,9,群益金鼎-東大,2023-01-13,9135
00679B,元大美債20年,10,2,8,群益金鼎-東大,2023-01-13,9135
1783,和康生,7,0,7,群益金鼎-東大,2023-01-13,9135
1701,中化,9,2,7,群益金鼎-東大,2023-01-13,9135
8028,昇陽半導體,26,19,7,群益金鼎-東大,2023-01-13,9135
1313,聯成,7,0,7,群益金鼎-東大,2023-01-13,9135
4114,健喬,15,9,6,群益金鼎-東大,2023-01-13,9135
6592,和潤企業,6,0,6,群益金鼎-東大,2023-01-13,9135
8249,菱光,6,0,6,群益金鼎-東大,2023-01-13,9135
4747,強生,15,10,5,群益金鼎-東大,2023-01-13,9135
1522,堤維西,5,0,5,群益金鼎-東大,2023-01-13,9135
1314,中石化,5,0,5,群益金鼎-東大,2023-01-13,9135
1752,南光,8,3,5,群益金鼎-東大,2023-01-13,9135
5522,遠雄,5,0,5,群益金鼎-東大,2023-01-13,9135
2449,京元電子,5,0,5,群益金鼎-東大,2023-01-13,9135
6202,盛群,7,2,5,群益金鼎-東大,2023-01-13,9135
8916,光隆,5,0,5,群益金鼎-東大,2023-01-13,9135
5608,四維航,6,2,4,群益金鼎-東大,2023-01-13,9135
1785,光洋科,4,0,4,群益金鼎-東大,2023-01-13,9135
00905,FT臺灣Smart,4,0,4,群益金鼎-東大,2023-01-13,9135
5876,上海商銀,5,1,4,群益金鼎-東大,2023-01-13,9135
5880,合庫金,5,1,4,群益金鼎-東大,2023-01-13,9135
2014,中鴻,9,6,3,群益金鼎-東大,2023-01-13,9135
4743,合一,92,7,85,群益金鼎-東大,2023-01-16,9135
1314,中石化,35,0,35,群益金鼎-東大,2023-01-16,9135
2303,聯電,33,7,26,群益金鼎-東大,2023-01-16,9135
00900,富邦特選高股息30,20,0,20,群益金鼎-東大,2023-01-16,9135
4961,天鈺,21,2,19,群益金鼎-東大,2023-01-16,9135
5284,jpp-KY,20,2,18,群益金鼎-東大,2023-01-16,9135
2317,鴻海,18,1,17,群益金鼎-東大,2023-01-16,9135
00679B,元大美債20年,19,3,16,群益金鼎-東大,2023-01-16,9135
00719B,元大美債1-3,16,0,16,群益金鼎-東大,2023-01-16,9135
00664R,國泰臺灣加權反1,15,0,15,群益金鼎-東大,2023-01-16,9135
00680L,元大美債20正2,25,10,15,群益金鼎-東大,2023-01-16,9135
2201,裕隆,22,8,14,群益金鼎-東大,2023-01-16,9135
1904,正隆,14,0,14,群益金鼎-東大,2023-01-16,9135
2401,凌陽,11,0,11,群益金鼎-東大,2023-01-16,9135
5483,中美晶,10,0,10,群益金鼎-東大,2023-01-16,9135
6274,台燿,33,23,10,群益金鼎-東大,2023-01-16,9135
1309,台達化,10,0,10,群益金鼎-東大,2023-01-16,9135
1308,亞聚,10,0,10,群益金鼎-東大,2023-01-16,9135
6592,和潤企業,9,0,9,群益金鼎-東大,2023-01-16,9135
00675L,富邦臺灣加權正2,10,1,9,群益金鼎-東大,2023-01-16,9135
00878,國泰永續高股息,20,12,8,群益金鼎-東大,2023-01-16,9135
9941,裕融,10,2,8,群益金鼎-東大,2023-01-16,9135
4167,松瑞藥,13,5,8,群益金鼎-東大,2023-01-16,9135
1101,台泥,31,23,8,群益金鼎-東大,2023-01-16,9135
2338,光罩,21,14,7,群益金鼎-東大,2023-01-16,9135
4931,新盛力,7,0,7,群益金鼎-東大,2023-01-16,9135
6139,亞翔,6,0,6,群益金鼎-東大,2023-01-16,9135
6147,頎邦,6,0,6,群益金鼎-東大,2023-01-16,9135
6213,聯茂,8,2,6,群益金鼎-東大,2023-01-16,9135
6143,振曜,6,0,6,群益金鼎-東大,2023-01-16,9135
1722,台肥,5,0,5,群益金鼎-東大,2023-01-16,9135
5469,瀚宇博,5,0,5,群益金鼎-東大,2023-01-16,9135
8085,福華,4,0,4,群益金鼎-東大,2023-01-16,9135
00772B,中信高評級公司債,4,0,4,群益金鼎-東大,2023-01-16,9135
2886,兆豐金,4,0,4,群益金鼎-東大,2023-01-16,9135
1605,華新,11,7,4,群益金鼎-東大,2023-01-16,9135
9904,寶成,4,0,4,群益金鼎-東大,2023-01-16,9135
8155,博智,5,1,4,群益金鼎-東大,2023-01-16,9135
4763,材料-KY,36,32,4,群益金鼎-東大,2023-01-16,9135
2727,王品,4,0,4,群益金鼎-東大,2023-01-16,9135
4128,中天,5,1,4,群益金鼎-東大,2023-01-16,9135
0056,元大高股息,6,2,4,群益金鼎-東大,2023-01-16,9135
2618,長榮航,4,0,4,群益金鼎-東大,2023-01-16,9135
2601,益航,4,0,4,群益金鼎-東大,2023-01-16,9135
3706,神達,5,1,4,群益金鼎-東大,2023-01-16,9135
2014,中鴻,5,1,4,群益金鼎-東大,2023-01-16,9135
8415,大國鋼,3,0,3,群益金鼎-東大,2023-01-16,9135
3051,力特,3,0,3,群益金鼎-東大,2023-01-16,9135
5905,南仁湖,6,3,3,群益金鼎-東大,2023-01-16,9135
6180,橘子,3,0,3,群益金鼎-東大,2023-01-16,9135
00632R,元大台灣50反1,104,10,94,群益金鼎-東大,2023-01-17,9135
00751B,元大AAA至A公司債,113,77,36,群益金鼎-東大,2023-01-17,9135
00882,中信中國高股息,33,0,33,群益金鼎-東大,2023-01-17,9135
1471,首利,32,0,32,群益金鼎-東大,2023-01-17,9135
1313,聯成,33,1,32,群益金鼎-東大,2023-01-17,9135
00671R,富邦NASDAQ反1,35,3,32,群益金鼎-東大,2023-01-17,9135
00680L,元大美債20正2,27,0,27,群益金鼎-東大,2023-01-17,9135
2317,鴻海,27,1,26,群益金鼎-東大,2023-01-17,9135
3013,晟銘電,24,2,22,群益金鼎-東大,2023-01-17,9135
00881,國泰台灣5G+,20,0,20,群益金鼎-東大,2023-01-17,9135
4979,華星光,59,40,19,群益金鼎-東大,2023-01-17,9135
3419,譁裕,17,0,17,群益金鼎-東大,2023-01-17,9135
2201,裕隆,38,24,14,群益金鼎-東大,2023-01-17,9135
00878,國泰永續高股息,18,6,12,群益金鼎-東大,2023-01-17,9135
00679B,元大美債20年,12,0,12,群益金鼎-東大,2023-01-17,9135
00772B,中信高評級公司債,12,0,12,群益金鼎-東大,2023-01-17,9135
0056,元大高股息,12,1,11,群益金鼎-東大,2023-01-17,9135
2610,華航,12,1,11,群益金鼎-東大,2023-01-17,9135
00673R,期元大S＆P原油反1,10,0,10,群益金鼎-東大,2023-01-17,9135
00921,兆豐龍頭等權重,10,0,10,群益金鼎-東大,2023-01-17,9135
3028,增你強,10,0,10,群益金鼎-東大,2023-01-17,9135
4163,鐿鈦,10,0,10,群益金鼎-東大,2023-01-17,9135
9958,世紀鋼,10,1,9,群益金鼎-東大,2023-01-17,9135
00637L,元大滬深300正2,9,0,9,群益金鼎-東大,2023-01-17,9135
2419,仲琦,14,5,9,群益金鼎-東大,2023-01-17,9135
2388,威盛,15,6,9,群益金鼎-東大,2023-01-17,9135
4961,天鈺,15,6,9,群益金鼎-東大,2023-01-17,9135
00903,富邦元宇宙,8,0,8,群益金鼎-東大,2023-01-17,9135
2929,淘帝-KY,8,1,7,群益金鼎-東大,2023-01-17,9135
6180,橘子,7,0,7,群益金鼎-東大,2023-01-17,9135
8358,金居,10,3,7,群益金鼎-東大,2023-01-17,9135
1513,中興電,17,11,6,群益金鼎-東大,2023-01-17,9135
8996,高力,90,84,6,群益金鼎-東大,2023-01-17,9135
3037,欣興,68,62,6,群益金鼎-東大,2023-01-17,9135
1101,台泥,9,3,6,群益金鼎-東大,2023-01-17,9135
6139,亞翔,6,1,5,群益金鼎-東大,2023-01-17,9135
00720B,元大投資級公司債,5,0,5,群益金鼎-東大,2023-01-17,9135
1783,和康生,5,0,5,群益金鼎-東大,2023-01-17,9135
00664R,國泰臺灣加權反1,5,0,5,群益金鼎-東大,2023-01-17,9135
1524,耿鼎,5,0,5,群益金鼎-東大,2023-01-17,9135
2637,慧洋-KY,6,1,5,群益金鼎-東大,2023-01-17,9135
2353,宏��,6,1,5,群益金鼎-東大,2023-01-17,9135
3059,華晶科,5,0,5,群益金鼎-東大,2023-01-17,9135
6147,頎邦,6,1,5,群益金鼎-東大,2023-01-17,9135
2748,雲品,16,12,4,群益金鼎-東大,2023-01-17,9135
2732,六角,6,2,4,群益金鼎-東大,2023-01-17,9135
8210,勤誠,10,6,4,群益金鼎-東大,2023-01-17,9135
2881,富邦金,5,1,4,群益金鼎-東大,2023-01-17,9135
6592,和潤企業,4,0,4,群益金鼎-東大,2023-01-17,9135
2206,三陽工業,4,0,4,群益金鼎-東大,2023-01-17,9135
1605,華新,555,50,505,群益金鼎-東大,2023-01-30,9135
2201,裕隆,173,27,146,群益金鼎-東大,2023-01-30,9135
00632R,元大台灣50反1,134,3,131,群益金鼎-東大,2023-01-30,9135
2317,鴻海,107,1,106,群益金鼎-東大,2023-01-30,9135
00882,中信中國高股息,65,3,62,群益金鼎-東大,2023-01-30,9135
1708,東鹼,40,3,37,群益金鼎-東大,2023-01-30,9135
00637L,元大滬深300正2,44,7,37,群益金鼎-東大,2023-01-30,9135
00664R,國泰臺灣加權反1,35,0,35,群益金鼎-東大,2023-01-30,9135
00719B,元大美債1-3,34,0,34,群益金鼎-東大,2023-01-30,9135
00724B,群益投資級金融債,34,0,34,群益金鼎-東大,2023-01-30,9135
4155,訊映,30,1,29,群益金鼎-東大,2023-01-30,9135
5009,榮剛,57,31,26,群益金鼎-東大,2023-01-30,9135
2010,春源,25,0,25,群益金鼎-東大,2023-01-30,9135
3293,鈊象,45,20,25,群益金鼎-東大,2023-01-30,9135
2834,臺企銀,30,5,25,群益金鼎-東大,2023-01-30,9135
2009,第一銅,25,1,24,群益金鼎-東大,2023-01-30,9135
00772B,中信高評級公司債,23,0,23,群益金鼎-東大,2023-01-30,9135
3704,合勤控,21,0,21,群益金鼎-東大,2023-01-30,9135
8049,晶采,20,0,20,群益金鼎-東大,2023-01-30,9135
00680L,元大美債20正2,20,0,20,群益金鼎-東大,2023-01-30,9135
5519,隆大,20,0,20,群益金鼎-東大,2023-01-30,9135
00679B,元大美債20年,23,3,20,群益金鼎-東大,2023-01-30,9135
2313,華通,19,0,19,群益金鼎-東大,2023-01-30,9135
1313,聯成,20,1,19,群益金鼎-東大,2023-01-30,9135
2887,台新金,22,3,19,群益金鼎-東大,2023-01-30,9135
2727,王品,18,1,17,群益金鼎-東大,2023-01-30,9135
00720B,元大投資級公司債,16,0,16,群益金鼎-東大,2023-01-30,9135
5014,建錩,15,0,15,群益金鼎-東大,2023-01-30,9135
3289,宜特,18,4,14,群益金鼎-東大,2023-01-30,9135
6143,振曜,16,2,14,群益金鼎-東大,2023-01-30,9135
00715L,期街口布蘭特正2,15,2,13,群益金鼎-東大,2023-01-30,9135
5258,虹堡,35,22,13,群益金鼎-東大,2023-01-30,9135
6147,頎邦,15,3,12,群益金鼎-東大,2023-01-30,9135
3454,晶睿,16,6,10,群益金鼎-東大,2023-01-30,9135
6527,明達醫,10,0,10,群益金鼎-東大,2023-01-30,9135
2399,映泰,22,12,10,群益金鼎-東大,2023-01-30,9135
3033,威健,10,0,10,群益金鼎-東大,2023-01-30,9135
00697B,元大美債7-10,10,0,10,群益金鼎-東大,2023-01-30,9135
00773B,中信優先金融債,9,0,9,群益金鼎-東大,2023-01-30,9135
6550,北極星藥業-KY,10,1,9,群益金鼎-東大,2023-01-30,9135
00633L,富邦上証正2,8,0,8,群益金鼎-東大,2023-01-30,9135
3141,晶宏,8,0,8,群益金鼎-東大,2023-01-30,9135
2615,萬海,8,0,8,群益金鼎-東大,2023-01-30,9135
1309,台達化,8,0,8,群益金鼎-東大,2023-01-30,9135
2049,上銀,8,1,7,群益金鼎-東大,2023-01-30,9135
00757,統一FANG+,14,7,7,群益金鼎-東大,2023-01-30,9135
2883B,凱基金乙特,7,0,7,群益金鼎-東大,2023-01-30,9135
6443,元晶,14,7,7,群益金鼎-東大,2023-01-30,9135
2002,中鋼,9,2,7,群益金鼎-東大,2023-01-30,9135
3027,盛達,13,6,7,群益金鼎-東大,2023-01-30,9135
00905,FT臺灣Smart,169,13,156,群益金鼎-東大,2023-01-31,9135
00885,富邦越南,57,0,57,群益金鼎-東大,2023-01-31,9135
2834,臺企銀,45,0,45,群益金鼎-東大,2023-01-31,9135
1708,東鹼,40,1,39,群益金鼎-東大,2023-01-31,9135
00882,中信中國高股息,35,0,35,群益金鼎-東大,2023-01-31,9135
0056,元大高股息,37,3,34,群益金鼎-東大,2023-01-31,9135
8105,凌巨,32,1,31,群益金鼎-東大,2023-01-31,9135
1524,耿鼎,44,15,29,群益金鼎-東大,2023-01-31,9135
2027,大成鋼,30,4,26,群益金鼎-東大,2023-01-31,9135
0050,元大台灣50,26,4,22,群益金鼎-東大,2023-01-31,9135
3406,玉晶光,21,0,21,群益金鼎-東大,2023-01-31,9135
2406,國碩,20,0,20,群益金鼎-東大,2023-01-31,9135
4931,新盛力,21,1,20,群益金鼎-東大,2023-01-31,9135
00680L,元大美債20正2,20,0,20,群益金鼎-東大,2023-01-31,9135
00720B,元大投資級公司債,20,0,20,群益金鼎-東大,2023-01-31,9135
2009,第一銅,21,1,20,群益金鼎-東大,2023-01-31,9135
00632R,元大台灣50反1,25,6,19,群益金鼎-東大,2023-01-31,9135
3027,盛達,51,32,19,群益金鼎-東大,2023-01-31,9135
2618,長榮航,16,0,16,群益金鼎-東大,2023-01-31,9135
3305,昇貿,20,5,15,群益金鼎-東大,2023-01-31,9135
1597,直得,15,0,15,群益金鼎-東大,2023-01-31,9135
00679B,元大美債20年,14,0,14,群益金鼎-東大,2023-01-31,9135
00770,國泰北美科技,17,3,14,群益金鼎-東大,2023-01-31,9135
8150,南茂,14,0,14,群益金鼎-東大,2023-01-31,9135
2399,映泰,15,1,14,群益金鼎-東大,2023-01-31,9135
1337,再生-KY,13,0,13,群益金鼎-東大,2023-01-31,9135
3013,晟銘電,12,0,12,群益金鼎-東大,2023-01-31,9135
2358,廷鑫,31,19,12,群益金鼎-東大,2023-01-31,9135
00900,富邦特選高股息30,14,2,12,群益金鼎-東大,2023-01-31,9135
4743,合一,13,2,11,群益金鼎-東大,2023-01-31,9135
2897,王道銀行,11,0,11,群益金鼎-東大,2023-01-31,9135
3147,大綜,11,0,11,群益金鼎-東大,2023-01-31,9135
1342,八貫,11,0,11,群益金鼎-東大,2023-01-31,9135
00893,國泰智能電動車,13,2,11,群益金鼎-東大,2023-01-31,9135
6649,台生材,10,0,10,群益金鼎-東大,2023-01-31,9135
5871,中租-KY,11,1,10,群益金鼎-東大,2023-01-31,9135
2482,連宇,55,45,10,群益金鼎-東大,2023-01-31,9135
2809,京城銀,10,0,10,群益金鼎-東大,2023-01-31,9135
1336,台翰,10,0,10,群益金鼎-東大,2023-01-31,9135
4114,健喬,10,0,10,群益金鼎-東大,2023-01-31,9135
6589,台康生技,10,0,10,群益金鼎-東大,2023-01-31,9135
3419,譁裕,10,0,10,群益金鼎-東大,2023-01-31,9135
6147,頎邦,10,0,10,群益金鼎-東大,2023-01-31,9135
3713,新晶投控,9,0,9,群益金鼎-東大,2023-01-31,9135
4164,承業醫,11,2,9,群益金鼎-東大,2023-01-31,9135
00772B,中信高評級公司債,9,0,9,群益金鼎-東大,2023-01-31,9135
2607,榮運,18,10,8,群益金鼎-東大,2023-01-31,9135
2891,中信金,8,0,8,群益金鼎-東大,2023-01-31,9135
2444,兆勁,11,3,8,群益金鼎-東大,2023-01-31,9135
2436,偉詮電,14,6,8,群益金鼎-東大,2023-01-31,9135
00720B,元大投資級公司債,124,0,124,群益金鼎-東大,2023-02-01,9135
00725B,國泰投資級公司債,100,0,100,群益金鼎-東大,2023-02-01,9135
3558,神準,176,83,93,群益金鼎-東大,2023-02-01,9135
1810,和成,164,84,80,群益金鼎-東大,2023-02-01,9135
4164,承業醫,97,20,77,群益金鼎-東大,2023-02-01,9135
3029,零壹,73,0,73,群益金鼎-東大,2023-02-01,9135
6531,愛普*,50,14,36,群益金鼎-東大,2023-02-01,9135
3661,世芯-KY,33,3,30,群益金鼎-東大,2023-02-01,9135
2891,中信金,30,0,30,群益金鼎-東大,2023-02-01,9135
4919,新唐,44,15,29,群益金鼎-東大,2023-02-01,9135
2317,鴻海,29,3,26,群益金鼎-東大,2023-02-01,9135
00637L,元大滬深300正2,20,1,19,群益金鼎-東大,2023-02-01,9135
2030,彰源,40,21,19,群益金鼎-東大,2023-02-01,9135
00673R,期元大S＆P原油反1,17,0,17,群益金鼎-東大,2023-02-01,9135
2614,東森,17,0,17,群益金鼎-東大,2023-02-01,9135
3704,合勤控,46,30,16,群益金鼎-東大,2023-02-01,9135
4153,鈺緯,16,0,16,群益金鼎-東大,2023-02-01,9135
2884,玉山金,20,5,15,群益金鼎-東大,2023-02-01,9135
1524,耿鼎,30,15,15,群益金鼎-東大,2023-02-01,9135
8028,昇陽半導體,20,6,14,群益金鼎-東大,2023-02-01,9135
2897,王道銀行,15,1,14,群益金鼎-東大,2023-02-01,9135
6789,采鈺,14,0,14,群益金鼎-東大,2023-02-01,9135
3545,敦泰,23,9,14,群益金鼎-東大,2023-02-01,9135
00878,國泰永續高股息,15,2,13,群益金鼎-東大,2023-02-01,9135
2369,菱生,14,1,13,群益金鼎-東大,2023-02-01,9135
3259,鑫創,12,0,12,群益金鼎-東大,2023-02-01,9135
00772B,中信高評級公司債,11,0,11,群益金鼎-東大,2023-02-01,9135
6282,康舒,43,32,11,群益金鼎-東大,2023-02-01,9135
4163,鐿鈦,10,0,10,群益金鼎-東大,2023-02-01,9135
6706,惠特,10,0,10,群益金鼎-東大,2023-02-01,9135
6589,台康生技,10,0,10,群益金鼎-東大,2023-02-01,9135
00640L,富邦日本正2,10,0,10,群益金鼎-東大,2023-02-01,9135
3062,建漢,10,0,10,群益金鼎-東大,2023-02-01,9135
00632R,元大台灣50反1,10,0,10,群益金鼎-東大,2023-02-01,9135
6443,元晶,17,8,9,群益金鼎-東大,2023-02-01,9135
4923,力士,9,0,9,群益金鼎-東大,2023-02-01,9135
8478,東哥遊艇,10,2,8,群益金鼎-東大,2023-02-01,9135
4931,新盛力,12,4,8,群益金鼎-東大,2023-02-01,9135
2607,榮運,8,0,8,群益金鼎-東大,2023-02-01,9135
00903,富邦元宇宙,8,0,8,群益金鼎-東大,2023-02-01,9135
1342,八貫,10,2,8,群益金鼎-東大,2023-02-01,9135
1708,東鹼,8,0,8,群益金鼎-東大,2023-02-01,9135
2474,可成,10,2,8,群益金鼎-東大,2023-02-01,9135
0056,元大高股息,11,3,8,群益金鼎-東大,2023-02-01,9135
00647L,元大S＆P500正2,7,0,7,群益金鼎-東大,2023-02-01,9135
1210,大成,7,0,7,群益金鼎-東大,2023-02-01,9135
8210,勤誠,10,3,7,群益金鼎-東大,2023-02-01,9135
4977,眾達-KY,11,4,7,群益金鼎-東大,2023-02-01,9135
2727,王品,8,2,6,群益金鼎-東大,2023-02-01,9135
5315,光聯,16,10,6,群益金鼎-東大,2023-02-01,9135
2891,中信金,192,0,192,群益金鼎-東大,2023-02-02,9135
00632R,元大台灣50反1,82,2,80,群益金鼎-東大,2023-02-02,9135
2834,臺企銀,47,0,47,群益金鼎-東大,2023-02-02,9135
3701,大眾控,44,0,44,群益金鼎-東大,2023-02-02,9135
00697B,元大美債7-10,41,0,41,群益金鼎-東大,2023-02-02,9135
00885,富邦越南,38,0,38,群益金鼎-東大,2023-02-02,9135
3704,合勤控,48,20,28,群益金鼎-東大,2023-02-02,9135
1701,中化,32,4,28,群益金鼎-東大,2023-02-02,9135
2449,京元電子,31,5,26,群益金鼎-東大,2023-02-02,9135
00671R,富邦NASDAQ反1,24,0,24,群益金鼎-東大,2023-02-02,9135
3711,日月光投控,25,2,23,群益金鼎-東大,2023-02-02,9135
6190,萬泰科,22,0,22,群益金鼎-東大,2023-02-02,9135
3661,世芯-KY,24,3,21,群益金鼎-東大,2023-02-02,9135
2482,連宇,61,40,21,群益金鼎-東大,2023-02-02,9135
00664R,國泰臺灣加權反1,20,0,20,群益金鼎-東大,2023-02-02,9135
3437,榮創,18,0,18,群益金鼎-東大,2023-02-02,9135
00713,元大台灣高息低波,18,0,18,群益金鼎-東大,2023-02-02,9135
2610,華航,16,0,16,群益金鼎-東大,2023-02-02,9135
2468,華經,81,65,16,群益金鼎-東大,2023-02-02,9135
00882,中信中國高股息,17,2,15,群益金鼎-東大,2023-02-02,9135
00652,富邦印度,14,0,14,群益金鼎-東大,2023-02-02,9135
2887,台新金,15,2,13,群益金鼎-東大,2023-02-02,9135
5315,光聯,30,17,13,群益金鼎-東大,2023-02-02,9135
4979,華星光,72,59,13,群益金鼎-東大,2023-02-02,9135
2618,長榮航,19,7,12,群益金鼎-東大,2023-02-02,9135
5258,虹堡,21,10,11,群益金鼎-東大,2023-02-02,9135
3027,盛達,12,1,11,群益金鼎-東大,2023-02-02,9135
2399,映泰,13,2,11,群益金鼎-東大,2023-02-02,9135
5351,鈺創,32,21,11,群益金鼎-東大,2023-02-02,9135
8433,弘帆,10,0,10,群益金鼎-東大,2023-02-02,9135
3033,威健,10,0,10,群益金鼎-東大,2023-02-02,9135
3024,憶聲,10,0,10,群益金鼎-東大,2023-02-02,9135
2374,佳能,10,0,10,群益金鼎-東大,2023-02-02,9135
2890,永豐金,10,0,10,群益金鼎-東大,2023-02-02,9135
00772B,中信高評級公司債,10,0,10,群益金鼎-東大,2023-02-02,9135
00669R,國泰美國道瓊反1,10,0,10,群益金鼎-東大,2023-02-02,9135
5284,jpp-KY,10,0,10,群益金鼎-東大,2023-02-02,9135
00720B,元大投資級公司債,10,0,10,群益金鼎-東大,2023-02-02,9135
00715L,期街口布蘭特正2,10,0,10,群益金鼎-東大,2023-02-02,9135
00681R,元大美債20反1,10,0,10,群益金鼎-東大,2023-02-02,9135
5302,太欣,10,0,10,群益金鼎-東大,2023-02-02,9135
6531,愛普*,41,31,10,群益金鼎-東大,2023-02-02,9135
6285,啟��,10,1,9,群益金鼎-東大,2023-02-02,9135
3162,精確,15,6,9,群益金鼎-東大,2023-02-02,9135
2701,萬企,8,0,8,群益金鼎-東大,2023-02-02,9135
3693,營邦,12,4,8,群益金鼎-東大,2023-02-02,9135
5347,世界,11,3,8,群益金鼎-東大,2023-02-02,9135
4931,新盛力,9,1,8,群益金鼎-東大,2023-02-02,9135
1337,再生-KY,7,0,7,群益金鼎-東大,2023-02-02,9135
6806,森崴能源,10,3,7,群益金鼎-東大,2023-02-02,9135
00715L,期街口布蘭特正2,261,0,261,群益金鼎-東大,2023-02-03,9135
4114,健喬,70,3,67,群益金鼎-東大,2023-02-03,9135
00882,中信中國高股息,59,3,56,群益金鼎-東大,2023-02-03,9135
3707,漢磊,49,3,46,群益金鼎-東大,2023-02-03,9135
6167,久正,54,14,40,群益金鼎-東大,2023-02-03,9135
3685,元創精密,31,0,31,群益金鼎-東大,2023-02-03,9135
3305,昇貿,40,10,30,群益金鼎-東大,2023-02-03,9135
2317,鴻海,31,4,27,群益金鼎-東大,2023-02-03,9135
5371,中光電,25,0,25,群益金鼎-東大,2023-02-03,9135
00878,國泰永續高股息,26,1,25,群益金鼎-東大,2023-02-03,9135
2615,萬海,53,29,24,群益金鼎-東大,2023-02-03,9135
00679B,元大美債20年,22,0,22,群益金鼎-東大,2023-02-03,9135
2891,中信金,22,0,22,群益金鼎-東大,2023-02-03,9135
3322,建舜電,45,23,22,群益金鼎-東大,2023-02-03,9135
2609,陽明,41,20,21,群益金鼎-東大,2023-02-03,9135
2897,王道銀行,20,0,20,群益金鼎-東大,2023-02-03,9135
1783,和康生,20,0,20,群益金鼎-東大,2023-02-03,9135
3029,零壹,18,0,18,群益金鼎-東大,2023-02-03,9135
3479,安勤,17,1,16,群益金鼎-東大,2023-02-03,9135
2401,凌陽,16,0,16,群益金鼎-東大,2023-02-03,9135
3713,新晶投控,15,0,15,群益金鼎-東大,2023-02-03,9135
1712,興農,14,0,14,群益金鼎-東大,2023-02-03,9135
6411,晶焱,23,9,14,群益金鼎-東大,2023-02-03,9135
6719,力智,15,1,14,群益金鼎-東大,2023-02-03,9135
8038,長園科,13,0,13,群益金鼎-東大,2023-02-03,9135
9941,裕融,20,7,13,群益金鼎-東大,2023-02-03,9135
2886,兆豐金,13,0,13,群益金鼎-東大,2023-02-03,9135
00632R,元大台灣50反1,13,0,13,群益金鼎-東大,2023-02-03,9135
00671R,富邦NASDAQ反1,16,4,12,群益金鼎-東大,2023-02-03,9135
00885,富邦越南,12,0,12,群益金鼎-東大,2023-02-03,9135
00751B,元大AAA至A公司債,11,0,11,群益金鼎-東大,2023-02-03,9135
6245,立端,12,1,11,群益金鼎-東大,2023-02-03,9135
6129,普誠,10,0,10,群益金鼎-東大,2023-02-03,9135
3591,艾笛森,10,0,10,群益金鼎-東大,2023-02-03,9135
6235,華孚,38,28,10,群益金鼎-東大,2023-02-03,9135
00669R,國泰美國道瓊反1,10,0,10,群益金鼎-東大,2023-02-03,9135
2845,遠東銀,10,0,10,群益金鼎-東大,2023-02-03,9135
00637L,元大滬深300正2,10,0,10,群益金鼎-東大,2023-02-03,9135
2002,中鋼,14,5,9,群益金鼎-東大,2023-02-03,9135
00772B,中信高評級公司債,12,3,9,群益金鼎-東大,2023-02-03,9135
0056,元大高股息,10,1,9,群益金鼎-東大,2023-02-03,9135
1760,寶齡富錦,19,10,9,群益金鼎-東大,2023-02-03,9135
3624,光頡,9,0,9,群益金鼎-東大,2023-02-03,9135
2701,萬企,8,0,8,群益金鼎-東大,2023-02-03,9135
2352,佳世達,9,1,8,群益金鼎-東大,2023-02-03,9135
2884,玉山金,10,2,8,群益金鼎-東大,2023-02-03,9135
2603,長榮,9,2,7,群益金鼎-東大,2023-02-03,9135
2888,新光金,7,0,7,群益金鼎-東大,2023-02-03,9135
5009,榮剛,7,0,7,群益金鼎-東大,2023-02-03,9135
2637,慧洋-KY,7,0,7,群益金鼎-東大,2023-02-03,9135
00720B,元大投資級公司債,183,0,183,群益金鼎-東大,2023-02-06,9135
00725B,國泰投資級公司債,152,0,152,群益金鼎-東大,2023-02-06,9135
00878,國泰永續高股息,96,0,96,群益金鼎-東大,2023-02-06,9135
1795,美時,134,41,93,群益金鼎-東大,2023-02-06,9135
3029,零壹,91,0,91,群益金鼎-東大,2023-02-06,9135
00900,富邦特選高股息30,67,0,67,群益金鼎-東大,2023-02-06,9135
1760,寶齡富錦,66,10,56,群益金鼎-東大,2023-02-06,9135
2482,連宇,132,76,56,群益金鼎-東大,2023-02-06,9135
1524,耿鼎,46,9,37,群益金鼎-東大,2023-02-06,9135
00680L,元大美債20正2,34,1,33,群益金鼎-東大,2023-02-06,9135
2344,華邦電,32,1,31,群益金鼎-東大,2023-02-06,9135
00637L,元大滬深300正2,30,0,30,群益金鼎-東大,2023-02-06,9135
1712,興農,26,0,26,群益金鼎-東大,2023-02-06,9135
3013,晟銘電,27,1,26,群益金鼎-東大,2023-02-06,9135
8049,晶采,22,0,22,群益金鼎-東大,2023-02-06,9135
00679B,元大美債20年,21,0,21,群益金鼎-東大,2023-02-06,9135
00632R,元大台灣50反1,21,0,21,群益金鼎-東大,2023-02-06,9135
2201,裕隆,23,3,20,群益金鼎-東大,2023-02-06,9135
2014,中鴻,20,0,20,群益金鼎-東大,2023-02-06,9135
2885,元大金,20,0,20,群益金鼎-東大,2023-02-06,9135
2883B,凱基金乙特,19,0,19,群益金鼎-東大,2023-02-06,9135
00882,中信中國高股息,24,5,19,群益金鼎-東大,2023-02-06,9135
00751B,元大AAA至A公司債,18,0,18,群益金鼎-東大,2023-02-06,9135
6282,康舒,51,33,18,群益金鼎-東大,2023-02-06,9135
00772B,中信高評級公司債,17,0,17,群益金鼎-東大,2023-02-06,9135
0056,元大高股息,16,1,15,群益金鼎-東大,2023-02-06,9135
1784,訊聯,16,1,15,群益金鼎-東大,2023-02-06,9135
6129,普誠,15,0,15,群益金鼎-東大,2023-02-06,9135
6243,迅杰,15,0,15,群益金鼎-東大,2023-02-06,9135
2834,臺企銀,15,0,15,群益金鼎-東大,2023-02-06,9135
2891,中信金,15,1,14,群益金鼎-東大,2023-02-06,9135
6603,富強鑫,15,1,14,群益金鼎-東大,2023-02-06,9135
4114,健喬,21,7,14,群益金鼎-東大,2023-02-06,9135
00715L,期街口布蘭特正2,14,0,14,群益金鼎-東大,2023-02-06,9135
3588,通嘉,35,22,13,群益金鼎-東大,2023-02-06,9135
2890,永豐金,12,0,12,群益金鼎-東大,2023-02-06,9135
3443,創意,16,4,12,群益金鼎-東大,2023-02-06,9135
2354,鴻準,11,0,11,群益金鼎-東大,2023-02-06,9135
3685,元創精密,12,1,11,群益金鼎-東大,2023-02-06,9135
5347,世界,14,3,11,群益金鼎-東大,2023-02-06,9135
4919,新唐,18,8,10,群益金鼎-東大,2023-02-06,9135
4116,明基醫,10,0,10,群益金鼎-東大,2023-02-06,9135
3419,譁裕,10,0,10,群益金鼎-東大,2023-02-06,9135
1752,南光,18,8,10,群益金鼎-東大,2023-02-06,9135
2883,凱基金,10,0,10,群益金鼎-東大,2023-02-06,9135
8201,無敵,10,0,10,群益金鼎-東大,2023-02-06,9135
4747,強生,12,2,10,群益金鼎-東大,2023-02-06,9135
3234,光環,10,0,10,群益金鼎-東大,2023-02-06,9135
6411,晶焱,9,0,9,群益金鼎-東大,2023-02-06,9135
2328,廣宇,11,2,9,群益金鼎-東大,2023-02-06,9135
00905,FT臺灣Smart,190,0,190,群益金鼎-東大,2023-02-07,9135
6235,華孚,243,116,127,群益金鼎-東大,2023-02-07,9135
6712,長聖,76,20,56,群益金鼎-東大,2023-02-07,9135
4739,康普,52,4,48,群益金鼎-東大,2023-02-07,9135
3037,欣興,66,32,34,群益金鼎-東大,2023-02-07,9135
6472,保瑞,42,8,34,群益金鼎-東大,2023-02-07,9135
3661,世芯-KY,33,3,30,群益金鼎-東大,2023-02-07,9135
9945,潤泰新,26,0,26,群益金鼎-東大,2023-02-07,9135
1752,南光,51,27,24,群益金鼎-東大,2023-02-07,9135
0056,元大高股息,22,0,22,群益金鼎-東大,2023-02-07,9135
2891,中信金,20,0,20,群益金鼎-東大,2023-02-07,9135
1810,和成,20,0,20,群益金鼎-東大,2023-02-07,9135
5258,虹堡,38,20,18,群益金鼎-東大,2023-02-07,9135
3029,零壹,18,0,18,群益金鼎-東大,2023-02-07,9135
00637L,元大滬深300正2,21,4,17,群益金鼎-東大,2023-02-07,9135
2618,長榮航,26,10,16,群益金鼎-東大,2023-02-07,9135
3704,合勤控,31,15,16,群益金鼎-東大,2023-02-07,9135
6799,來頡,16,1,15,群益金鼎-東大,2023-02-07,9135
2352,佳世達,15,0,15,群益金鼎-東大,2023-02-07,9135
5213,亞昕,15,0,15,群益金鼎-東大,2023-02-07,9135
3141,晶宏,15,1,14,群益金鼎-東大,2023-02-07,9135
4572,駐龍,15,1,14,群益金鼎-東大,2023-02-07,9135
2609,陽明,15,1,14,群益金鼎-東大,2023-02-07,9135
1701,中化,34,20,14,群益金鼎-東大,2023-02-07,9135
00673R,期元大S＆P原油反1,15,1,14,群益金鼎-東大,2023-02-07,9135
00772B,中信高評級公司債,13,0,13,群益金鼎-東大,2023-02-07,9135
3685,元創精密,13,0,13,群益金鼎-東大,2023-02-07,9135
00679B,元大美債20年,18,5,13,群益金鼎-東大,2023-02-07,9135
8201,無敵,13,0,13,群益金鼎-東大,2023-02-07,9135
1584,精剛,27,14,13,群益金鼎-東大,2023-02-07,9135
2883,凱基金,12,0,12,群益金鼎-東大,2023-02-07,9135
4116,明基醫,12,0,12,群益金鼎-東大,2023-02-07,9135
00751B,元大AAA至A公司債,11,0,11,群益金鼎-東大,2023-02-07,9135
3624,光頡,11,0,11,群益金鼎-東大,2023-02-07,9135
00881,國泰台灣5G+,11,0,11,群益金鼎-東大,2023-02-07,9135
6541,泰福-KY,11,0,11,群益金鼎-東大,2023-02-07,9135
2495,普安,10,0,10,群益金鼎-東大,2023-02-07,9135
6190,萬泰科,10,0,10,群益金鼎-東大,2023-02-07,9135
1219,福壽,10,0,10,群益金鼎-東大,2023-02-07,9135
1432,大魯閣,12,2,10,群益金鼎-東大,2023-02-07,9135
3033,威健,10,1,9,群益金鼎-東大,2023-02-07,9135
6243,迅杰,9,0,9,群益金鼎-東大,2023-02-07,9135
2314,台揚,10,1,9,群益金鼎-東大,2023-02-07,9135
6547,高端疫苗,8,0,8,群益金鼎-東大,2023-02-07,9135
6167,久正,10,2,8,群益金鼎-東大,2023-02-07,9135
2498,宏達電,20,12,8,群益金鼎-東大,2023-02-07,9135
2017,官田鋼,12,4,8,群益金鼎-東大,2023-02-07,9135
5284,jpp-KY,15,7,8,群益金鼎-東大,2023-02-07,9135
2883B,凱基金乙特,7,0,7,群益金鼎-東大,2023-02-07,9135
2344,華邦電,11,4,7,群益金鼎-東大,2023-02-07,9135
3454,晶睿,103,14,89,群益金鼎-東大,2023-02-08,9135
3035,智原,138,77,61,群益金鼎-東大,2023-02-08,9135
00720B,元大投資級公司債,60,0,60,群益金鼎-東大,2023-02-08,9135
4743,合一,82,24,58,群益金鼎-東大,2023-02-08,9135
00725B,國泰投資級公司債,51,0,51,群益金鼎-東大,2023-02-08,9135
00632R,元大台灣50反1,41,0,41,群益金鼎-東大,2023-02-08,9135
00905,FT臺灣Smart,40,0,40,群益金鼎-東大,2023-02-08,9135
00773B,中信優先金融債,36,0,36,群益金鼎-東大,2023-02-08,9135
00637L,元大滬深300正2,36,0,36,群益金鼎-東大,2023-02-08,9135
1605,華新,57,26,31,群益金鼎-東大,2023-02-08,9135
2368,金像電,32,3,29,群益金鼎-東大,2023-02-08,9135
3675,德微,21,1,20,群益金鼎-東大,2023-02-08,9135
00679B,元大美債20年,20,0,20,群益金鼎-東大,2023-02-08,9135
6129,普誠,20,0,20,群益金鼎-東大,2023-02-08,9135
9933,中鼎,20,0,20,群益金鼎-東大,2023-02-08,9135
00680L,元大美債20正2,18,0,18,群益金鼎-東大,2023-02-08,9135
00878,國泰永續高股息,24,8,16,群益金鼎-東大,2023-02-08,9135
3685,元創精密,16,0,16,群益金鼎-東大,2023-02-08,9135
1795,美時,65,49,16,群益金鼎-東大,2023-02-08,9135
2834,臺企銀,30,15,15,群益金鼎-東大,2023-02-08,9135
6770,力積電,18,5,13,群益金鼎-東大,2023-02-08,9135
4915,致伸,12,0,12,群益金鼎-東大,2023-02-08,9135
00780B,國泰A級金融債,12,0,12,群益金鼎-東大,2023-02-08,9135
4114,健喬,35,24,11,群益金鼎-東大,2023-02-08,9135
2338,光罩,13,2,11,群益金鼎-東大,2023-02-08,9135
3576,聯合再生,11,0,11,群益金鼎-東大,2023-02-08,9135
2367,燿華,11,0,11,群益金鼎-東大,2023-02-08,9135
6180,橘子,11,0,11,群益金鼎-東大,2023-02-08,9135
2748,雲品,10,0,10,群益金鼎-東大,2023-02-08,9135
2885,元大金,10,0,10,群益金鼎-東大,2023-02-08,9135
2618,長榮航,12,2,10,群益金鼎-東大,2023-02-08,9135
3710,連展投控,10,0,10,群益金鼎-東大,2023-02-08,9135
3363,上詮,10,0,10,群益金鼎-東大,2023-02-08,9135
2105,正新,10,0,10,群益金鼎-東大,2023-02-08,9135
00633L,富邦上証正2,10,0,10,群益金鼎-東大,2023-02-08,9135
4979,華星光,23,13,10,群益金鼎-東大,2023-02-08,9135
3049,精金,10,0,10,群益金鼎-東大,2023-02-08,9135
3303,岱稜,10,0,10,群益金鼎-東大,2023-02-08,9135
3706,神達,14,4,10,群益金鼎-東大,2023-02-08,9135
2884,玉山金,12,2,10,群益金鼎-東大,2023-02-08,9135
6535,順藥,10,1,9,群益金鼎-東大,2023-02-08,9135
5371,中光電,9,0,9,群益金鼎-東大,2023-02-08,9135
0056,元大高股息,12,3,9,群益金鼎-東大,2023-02-08,9135
8033,雷虎,10,1,9,群益金鼎-東大,2023-02-08,9135
2201,裕隆,11,3,8,群益金鼎-東大,2023-02-08,9135
6508,惠光,8,0,8,群益金鼎-東大,2023-02-08,9135
9905,大華,8,0,8,群益金鼎-東大,2023-02-08,9135
2610,華航,10,2,8,群益金鼎-東大,2023-02-08,9135
00665L,富邦�琤肭磪囓�2,14,6,8,群益金鼎-東大,2023-02-08,9135
3443,創意,23,16,7,群益金鼎-東大,2023-02-08,9135
2634,漢翔,446,19,427,群益金鼎-東大,2023-02-09,9135
3479,安勤,204,34,170,群益金鼎-東大,2023-02-09,9135
00715L,期街口布蘭特正2,250,81,169,群益金鼎-東大,2023-02-09,9135
6712,長聖,63,0,63,群益金鼎-東大,2023-02-09,9135
1795,美時,111,75,36,群益金鼎-東大,2023-02-09,9135
00720B,元大投資級公司債,32,0,32,群益金鼎-東大,2023-02-09,9135
1584,精剛,32,5,27,群益金鼎-東大,2023-02-09,9135
6435,大中,25,0,25,群益金鼎-東大,2023-02-09,9135
2308,台達電,22,0,22,群益金鼎-東大,2023-02-09,9135
00679B,元大美債20年,22,0,22,群益金鼎-東大,2023-02-09,9135
3406,玉晶光,22,0,22,群益金鼎-東大,2023-02-09,9135
3706,神達,22,0,22,群益金鼎-東大,2023-02-09,9135
2388,威盛,31,10,21,群益金鼎-東大,2023-02-09,9135
00878,國泰永續高股息,21,0,21,群益金鼎-東大,2023-02-09,9135
6150,撼訊,20,0,20,群益金鼎-東大,2023-02-09,9135
8289,泰藝,20,0,20,群益金鼎-東大,2023-02-09,9135
2359,所羅門,27,8,19,群益金鼎-東大,2023-02-09,9135
2344,華邦電,24,5,19,群益金鼎-東大,2023-02-09,9135
00900,富邦特選高股息30,19,0,19,群益金鼎-東大,2023-02-09,9135
2607,榮運,21,3,18,群益金鼎-東大,2023-02-09,9135
8349,�矬�,20,3,17,群益金鼎-東大,2023-02-09,9135
2390,云辰,17,0,17,群益金鼎-東大,2023-02-09,9135
5258,虹堡,21,6,15,群益金鼎-東大,2023-02-09,9135
4114,健喬,27,12,15,群益金鼎-東大,2023-02-09,9135
00885,富邦越南,14,0,14,群益金鼎-東大,2023-02-09,9135
4974,亞泰,14,1,13,群益金鼎-東大,2023-02-09,9135
3594,磐儀,13,1,12,群益金鼎-東大,2023-02-09,9135
4163,鐿鈦,27,15,12,群益金鼎-東大,2023-02-09,9135
1609,大亞,12,1,11,群益金鼎-東大,2023-02-09,9135
00712,復華富時不動產,11,0,11,群益金鼎-東大,2023-02-09,9135
2605,新興,11,0,11,群益金鼎-東大,2023-02-09,9135
6282,康舒,73,62,11,群益金鼎-東大,2023-02-09,9135
5284,jpp-KY,19,9,10,群益金鼎-東大,2023-02-09,9135
4541,晟田,12,2,10,群益金鼎-東大,2023-02-09,9135
2885,元大金,10,0,10,群益金鼎-東大,2023-02-09,9135
6188,廣明,10,0,10,群益金鼎-東大,2023-02-09,9135
6592,和潤企業,10,0,10,群益金鼎-東大,2023-02-09,9135
3625,西勝,10,0,10,群益金鼎-東大,2023-02-09,9135
9933,中鼎,10,0,10,群益金鼎-東大,2023-02-09,9135
2002,中鋼,10,0,10,群益金鼎-東大,2023-02-09,9135
3128,昇銳,32,22,10,群益金鼎-東大,2023-02-09,9135
2030,彰源,10,0,10,群益金鼎-東大,2023-02-09,9135
2883,凱基金,9,0,9,群益金鼎-東大,2023-02-09,9135
00692,富邦公司治理,9,0,9,群益金鼎-東大,2023-02-09,9135
00772B,中信高評級公司債,8,0,8,群益金鼎-東大,2023-02-09,9135
3037,欣興,34,26,8,群益金鼎-東大,2023-02-09,9135
00751B,元大AAA至A公司債,8,0,8,群益金鼎-東大,2023-02-09,9135
4755,三福化,8,0,8,群益金鼎-東大,2023-02-09,9135
00680L,元大美債20正2,9,1,8,群益金鼎-東大,2023-02-09,9135
3685,元創精密,8,0,8,群益金鼎-東大,2023-02-09,9135
00671R,富邦NASDAQ反1,250,35,215,群益金鼎-東大,2023-02-10,9135
1810,和成,136,38,98,群益金鼎-東大,2023-02-10,9135
2634,漢翔,700,617,83,群益金鼎-東大,2023-02-10,9135
00878,國泰永續高股息,65,1,64,群益金鼎-東大,2023-02-10,9135
00679B,元大美債20年,66,5,61,群益金鼎-東大,2023-02-10,9135
4979,華星光,77,33,44,群益金鼎-東大,2023-02-10,9135
00632R,元大台灣50反1,41,0,41,群益金鼎-東大,2023-02-10,9135
00712,復華富時不動產,39,0,39,群益金鼎-東大,2023-02-10,9135
1584,精剛,213,178,35,群益金鼎-東大,2023-02-10,9135
00720B,元大投資級公司債,30,0,30,群益金鼎-東大,2023-02-10,9135
3661,世芯-KY,40,14,26,群益金鼎-東大,2023-02-10,9135
3624,光頡,46,21,25,群益金鼎-東大,2023-02-10,9135
3374,精材,26,1,25,群益金鼎-東大,2023-02-10,9135
1701,中化,34,10,24,群益金鼎-東大,2023-02-10,9135
3494,誠研,25,1,24,群益金鼎-東大,2023-02-10,9135
00772B,中信高評級公司債,20,0,20,群益金鼎-東大,2023-02-10,9135
4916,事欣科,20,0,20,群益金鼎-東大,2023-02-10,9135
2338,光罩,21,1,20,群益金鼎-東大,2023-02-10,9135
3207,耀勝,29,10,19,群益金鼎-東大,2023-02-10,9135
2453,凌群,26,8,18,群益金鼎-東大,2023-02-10,9135
6266,泰詠,42,25,17,群益金鼎-東大,2023-02-10,9135
2618,長榮航,25,8,17,群益金鼎-東大,2023-02-10,9135
1795,美時,31,15,16,群益金鼎-東大,2023-02-10,9135
2419,仲琦,16,0,16,群益金鼎-東大,2023-02-10,9135
00885,富邦越南,15,0,15,群益金鼎-東大,2023-02-10,9135
4533,協易機,15,0,15,群益金鼎-東大,2023-02-10,9135
6806,森崴能源,29,15,14,群益金鼎-東大,2023-02-10,9135
2883,凱基金,13,0,13,群益金鼎-東大,2023-02-10,9135
4974,亞泰,14,1,13,群益金鼎-東大,2023-02-10,9135
4931,新盛力,23,10,13,群益金鼎-東大,2023-02-10,9135
00674R,期元大S＆P黃金反1,13,0,13,群益金鼎-東大,2023-02-10,9135
00751B,元大AAA至A公司債,12,0,12,群益金鼎-東大,2023-02-10,9135
6005,群益證,12,0,12,群益金鼎-東大,2023-02-10,9135
0056,元大高股息,13,1,12,群益金鼎-東大,2023-02-10,9135
1437,勤益控,16,4,12,群益金鼎-東大,2023-02-10,9135
2337,旺宏,12,0,12,群益金鼎-東大,2023-02-10,9135
2401,凌陽,13,2,11,群益金鼎-東大,2023-02-10,9135
2329,華泰,11,0,11,群益金鼎-東大,2023-02-10,9135
3105,穩懋,13,2,11,群益金鼎-東大,2023-02-10,9135
00773B,中信優先金融債,10,0,10,群益金鼎-東大,2023-02-10,9135
6533,晶心科,18,8,10,群益金鼎-東大,2023-02-10,9135
2484,希華,16,6,10,群益金鼎-東大,2023-02-10,9135
2889,國票金,11,1,10,群益金鼎-東大,2023-02-10,9135
3363,上詮,10,0,10,群益金鼎-東大,2023-02-10,9135
2376,技嘉,11,1,10,群益金鼎-東大,2023-02-10,9135
00902,中信電池及儲能,11,1,10,群益金鼎-東大,2023-02-10,9135
2884,玉山金,9,0,9,群益金鼎-東大,2023-02-10,9135
3594,磐儀,41,32,9,群益金鼎-東大,2023-02-10,9135
00905,FT臺灣Smart,9,0,9,群益金鼎-東大,2023-02-10,9135
00900,富邦特選高股息30,9,1,8,群益金鼎-東大,2023-02-10,9135
3704,合勤控,91,40,51,群益金鼎-東大,2023-02-13,9135
3454,晶睿,43,8,35,群益金鼎-東大,2023-02-13,9135
6167,久正,53,19,34,群益金鼎-東大,2023-02-13,9135
6472,保瑞,36,2,34,群益金鼎-東大,2023-02-13,9135
6142,友勁,34,0,34,群益金鼎-東大,2023-02-13,9135
8227,巨有科技,32,2,30,群益金鼎-東大,2023-02-13,9135
00680L,元大美債20正2,30,0,30,群益金鼎-東大,2023-02-13,9135
00900,富邦特選高股息30,27,0,27,群益金鼎-東大,2023-02-13,9135
1701,中化,33,7,26,群益金鼎-東大,2023-02-13,9135
00878,國泰永續高股息,26,1,25,群益金鼎-東大,2023-02-13,9135
00720B,元大投資級公司債,25,0,25,群益金鼎-東大,2023-02-13,9135
2303,聯電,23,2,21,群益金鼎-東大,2023-02-13,9135
2027,大成鋼,20,0,20,群益金鼎-東大,2023-02-13,9135
1451,年興,20,0,20,群益金鼎-東大,2023-02-13,9135
00905,FT臺灣Smart,20,0,20,群益金鼎-東大,2023-02-13,9135
1447,力鵬,20,0,20,群益金鼎-東大,2023-02-13,9135
2409,友達,26,6,20,群益金鼎-東大,2023-02-13,9135
00673R,期元大S＆P原油反1,19,0,19,群益金鼎-東大,2023-02-13,9135
00679B,元大美債20年,19,0,19,群益金鼎-東大,2023-02-13,9135
6411,晶焱,18,3,15,群益金鼎-東大,2023-02-13,9135
1598,岱宇,24,9,15,群益金鼎-東大,2023-02-13,9135
3363,上詮,14,0,14,群益金鼎-東大,2023-02-13,9135
4114,健喬,43,29,14,群益金鼎-東大,2023-02-13,9135
0056,元大高股息,17,4,13,群益金鼎-東大,2023-02-13,9135
00632R,元大台灣50反1,50,37,13,群益金鼎-東大,2023-02-13,9135
6541,泰福-KY,13,0,13,群益金鼎-東大,2023-02-13,9135
00653L,富邦印度正2,12,0,12,群益金鼎-東大,2023-02-13,9135
4541,晟田,12,0,12,群益金鼎-東大,2023-02-13,9135
8234,新漢,12,0,12,群益金鼎-東大,2023-02-13,9135
6770,力積電,11,0,11,群益金鼎-東大,2023-02-13,9135
1513,中興電,62,51,11,群益金鼎-東大,2023-02-13,9135
4164,承業醫,11,0,11,群益金鼎-東大,2023-02-13,9135
3374,精材,11,0,11,群益金鼎-東大,2023-02-13,9135
00751B,元大AAA至A公司債,10,0,10,群益金鼎-東大,2023-02-13,9135
00773B,中信優先金融債,10,0,10,群益金鼎-東大,2023-02-13,9135
00637L,元大滬深300正2,22,12,10,群益金鼎-東大,2023-02-13,9135
00641R,富邦日本反1,10,0,10,群益金鼎-東大,2023-02-13,9135
00724B,群益投資級金融債,10,0,10,群益金鼎-東大,2023-02-13,9135
4533,協易機,10,0,10,群益金鼎-東大,2023-02-13,9135
1460,宏遠,10,0,10,群益金鼎-東大,2023-02-13,9135
1720,生達,10,0,10,群益金鼎-東大,2023-02-13,9135
2618,長榮航,14,4,10,群益金鼎-東大,2023-02-13,9135
6741,91APP*-KY,10,0,10,群益金鼎-東大,2023-02-13,9135
3346,麗清,10,1,9,群益金鼎-東大,2023-02-13,9135
1760,寶齡富錦,11,2,9,群益金鼎-東大,2023-02-13,9135
6589,台康生技,10,2,8,群益金鼎-東大,2023-02-13,9135
6139,亞翔,8,0,8,群益金鼎-東大,2023-02-13,9135
2206,三陽工業,12,4,8,群益金鼎-東大,2023-02-13,9135
4163,鐿鈦,7,0,7,群益金鼎-東大,2023-02-13,9135
6547,高端疫苗,7,0,7,群益金鼎-東大,2023-02-13,9135
00673R,期元大S＆P原油反1,292,10,282,群益金鼎-東大,2023-02-14,9135
00632R,元大台灣50反1,258,16,242,群益金鼎-東大,2023-02-14,9135
1795,美時,60,17,43,群益金鼎-東大,2023-02-14,9135
3481,群創,37,2,35,群益金鼎-東大,2023-02-14,9135
2743,山富,38,6,32,群益金鼎-東大,2023-02-14,9135
1522,堤維西,35,6,29,群益金鼎-東大,2023-02-14,9135
2834,臺企銀,31,5,26,群益金鼎-東大,2023-02-14,9135
2368,金像電,25,0,25,群益金鼎-東大,2023-02-14,9135
3017,奇鋐,27,3,24,群益金鼎-東大,2023-02-14,9135
3272,東碩,28,4,24,群益金鼎-東大,2023-02-14,9135
6541,泰福-KY,23,1,22,群益金鼎-東大,2023-02-14,9135
3711,日月光投控,21,0,21,群益金鼎-東大,2023-02-14,9135
1605,華新,38,18,20,群益金鼎-東大,2023-02-14,9135
8349,�矬�,21,2,19,群益金鼎-東大,2023-02-14,9135
3707,漢磊,21,3,18,群益金鼎-東大,2023-02-14,9135
2634,漢翔,29,12,17,群益金鼎-東大,2023-02-14,9135
2889,國票金,17,0,17,群益金鼎-東大,2023-02-14,9135
00633L,富邦上証正2,16,0,16,群益金鼎-東大,2023-02-14,9135
2884,玉山金,16,0,16,群益金鼎-東大,2023-02-14,9135
00878,國泰永續高股息,26,10,16,群益金鼎-東大,2023-02-14,9135
3661,世芯-KY,14,0,14,群益金鼎-東大,2023-02-14,9135
2890,永豐金,18,4,14,群益金鼎-東大,2023-02-14,9135
1432,大魯閣,14,0,14,群益金鼎-東大,2023-02-14,9135
2453,凌群,170,157,13,群益金鼎-東大,2023-02-14,9135
2748,雲品,14,2,12,群益金鼎-東大,2023-02-14,9135
3594,磐儀,14,2,12,群益金鼎-東大,2023-02-14,9135
6782,視陽,11,0,11,群益金鼎-東大,2023-02-14,9135
6104,創惟,29,19,10,群益金鼎-東大,2023-02-14,9135
2458,義隆,10,0,10,群益金鼎-東大,2023-02-14,9135
1451,年興,10,0,10,群益金鼎-東大,2023-02-14,9135
5284,jpp-KY,10,0,10,群益金鼎-東大,2023-02-14,9135
5203,訊連,11,1,10,群益金鼎-東大,2023-02-14,9135
2340,台亞,10,0,10,群益金鼎-東大,2023-02-14,9135
2371,大同,10,0,10,群益金鼎-東大,2023-02-14,9135
00641R,富邦日本反1,10,0,10,群益金鼎-東大,2023-02-14,9135
2820,華票,10,0,10,群益金鼎-東大,2023-02-14,9135
00720B,元大投資級公司債,9,0,9,群益金鼎-東大,2023-02-14,9135
00885,富邦越南,8,0,8,群益金鼎-東大,2023-02-14,9135
6605,帝寶,9,1,8,群益金鼎-東大,2023-02-14,9135
6282,康舒,11,3,8,群益金鼎-東大,2023-02-14,9135
3363,上詮,7,0,7,群益金鼎-東大,2023-02-14,9135
4770,上品,7,0,7,群益金鼎-東大,2023-02-14,9135
6235,華孚,34,27,7,群益金鼎-東大,2023-02-14,9135
3591,艾笛森,6,0,6,群益金鼎-東大,2023-02-14,9135
3624,光頡,27,21,6,群益金鼎-東大,2023-02-14,9135
2312,金寶,6,0,6,群益金鼎-東大,2023-02-14,9135
2601,益航,8,2,6,群益金鼎-東大,2023-02-14,9135
00665L,富邦�琤肭磪囓�2,14,8,6,群益金鼎-東大,2023-02-14,9135
8105,凌巨,10,4,6,群益金鼎-東大,2023-02-14,9135
5457,宣德,6,0,6,群益金鼎-東大,2023-02-14,9135
2634,漢翔,208,1,207,群益金鼎-東大,2023-02-15,9135
2471,資通,379,261,118,群益金鼎-東大,2023-02-15,9135
00891,中信關鍵半導體,103,0,103,群益金鼎-東大,2023-02-15,9135
00878,國泰永續高股息,111,40,71,群益金鼎-東大,2023-02-15,9135
3675,德微,92,32,60,群益金鼎-東大,2023-02-15,9135
5425,台半,54,1,53,群益金鼎-東大,2023-02-15,9135
00885,富邦越南,41,0,41,群益金鼎-東大,2023-02-15,9135
2888,新光金,39,0,39,群益金鼎-東大,2023-02-15,9135
6235,華孚,197,165,32,群益金鼎-東大,2023-02-15,9135
2739,寒舍,30,0,30,群益金鼎-東大,2023-02-15,9135
2330,台積電,30,5,25,群益金鼎-東大,2023-02-15,9135
00882,中信中國高股息,24,0,24,群益金鼎-東大,2023-02-15,9135
6138,茂達,22,0,22,群益金鼎-東大,2023-02-15,9135
6770,力積電,26,4,22,群益金鼎-東大,2023-02-15,9135
6266,泰詠,21,0,21,群益金鼎-東大,2023-02-15,9135
5347,世界,18,0,18,群益金鼎-東大,2023-02-15,9135
00905,FT臺灣Smart,23,5,18,群益金鼎-東大,2023-02-15,9135
00676R,富邦臺灣加權反1,18,0,18,群益金鼎-東大,2023-02-15,9135
00671R,富邦NASDAQ反1,22,4,18,群益金鼎-東大,2023-02-15,9135
5512,力麒,20,2,18,群益金鼎-東大,2023-02-15,9135
2303,聯電,22,10,12,群益金鼎-東大,2023-02-15,9135
2609,陽明,11,0,11,群益金鼎-東大,2023-02-15,9135
3078,僑威,11,0,11,群益金鼎-東大,2023-02-15,9135
2409,友達,17,6,11,群益金鼎-東大,2023-02-15,9135
2359,所羅門,11,0,11,群益金鼎-東大,2023-02-15,9135
8222,寶一,22,11,11,群益金鼎-東大,2023-02-15,9135
8033,雷虎,11,0,11,群益金鼎-東大,2023-02-15,9135
2302,麗正,11,0,11,群益金鼎-東大,2023-02-15,9135
0050,元大台灣50,10,0,10,群益金鼎-東大,2023-02-15,9135
6005,群益證,10,0,10,群益金鼎-東大,2023-02-15,9135
2402,毅嘉,10,0,10,群益金鼎-東大,2023-02-15,9135
3017,奇鋐,10,0,10,群益金鼎-東大,2023-02-15,9135
3712,永崴投控,10,0,10,群益金鼎-東大,2023-02-15,9135
3661,世芯-KY,10,1,9,群益金鼎-東大,2023-02-15,9135
3558,神準,22,13,9,群益金鼎-東大,2023-02-15,9135
2884,玉山金,16,7,9,群益金鼎-東大,2023-02-15,9135
2618,長榮航,8,0,8,群益金鼎-東大,2023-02-15,9135
6109,亞元,8,0,8,群益金鼎-東大,2023-02-15,9135
6806,森崴能源,50,42,8,群益金鼎-東大,2023-02-15,9135
6411,晶焱,8,0,8,群益金鼎-東大,2023-02-15,9135
3305,昇貿,10,2,8,群益金鼎-東大,2023-02-15,9135
00679B,元大美債20年,7,0,7,群益金鼎-東大,2023-02-15,9135
3617,碩天,7,0,7,群益金鼎-東大,2023-02-15,9135
2614,東森,7,0,7,群益金鼎-東大,2023-02-15,9135
3693,營邦,20,14,6,群益金鼎-東大,2023-02-15,9135
3033,威健,6,0,6,群益金鼎-東大,2023-02-15,9135
6121,新普,6,0,6,群益金鼎-東大,2023-02-15,9135
2380,虹光,6,0,6,群益金鼎-東大,2023-02-15,9135
1512,瑞利,6,0,6,群益金鼎-東大,2023-02-15,9135
4968,立積,7,1,6,群益金鼎-東大,2023-02-15,9135
00673R,期元大S＆P原油反1,371,10,361,群益金鼎-東大,2023-02-16,9135
2634,漢翔,290,15,275,群益金鼎-東大,2023-02-16,9135
2344,華邦電,441,247,194,群益金鼎-東大,2023-02-16,9135
00632R,元大台灣50反1,112,0,112,群益金鼎-東大,2023-02-16,9135
00878,國泰永續高股息,106,6,100,群益金鼎-東大,2023-02-16,9135
4961,天鈺,55,3,52,群益金鼎-東大,2023-02-16,9135
8255,朋程,48,0,48,群益金鼎-東大,2023-02-16,9135
3481,群創,69,21,48,群益金鼎-東大,2023-02-16,9135
3594,磐儀,58,12,46,群益金鼎-東大,2023-02-16,9135
00679B,元大美債20年,39,0,39,群益金鼎-東大,2023-02-16,9135
2368,金像電,38,1,37,群益金鼎-東大,2023-02-16,9135
00680L,元大美債20正2,33,0,33,群益金鼎-東大,2023-02-16,9135
00720B,元大投資級公司債,27,0,27,群益金鼎-東大,2023-02-16,9135
2457,飛宏,34,8,26,群益金鼎-東大,2023-02-16,9135
5425,台半,31,7,24,群益金鼎-東大,2023-02-16,9135
00772B,中信高評級公司債,24,0,24,群益金鼎-東大,2023-02-16,9135
00773B,中信優先金融債,23,0,23,群益金鼎-東大,2023-02-16,9135
3207,耀勝,28,5,23,群益金鼎-東大,2023-02-16,9135
4967,十銓,27,6,21,群益金鼎-東大,2023-02-16,9135
3260,威剛,20,0,20,群益金鼎-東大,2023-02-16,9135
6799,來頡,30,10,20,群益金鼎-東大,2023-02-16,9135
3707,漢磊,20,1,19,群益金鼎-東大,2023-02-16,9135
6182,合晶,19,1,18,群益金鼎-東大,2023-02-16,9135
3027,盛達,22,5,17,群益金鼎-東大,2023-02-16,9135
1513,中興電,40,24,16,群益金鼎-東大,2023-02-16,9135
1539,巨庭,15,0,15,群益金鼎-東大,2023-02-16,9135
4163,鐿鈦,15,0,15,群益金鼎-東大,2023-02-16,9135
1471,首利,14,0,14,群益金鼎-東大,2023-02-16,9135
5315,光聯,14,0,14,群益金鼎-東大,2023-02-16,9135
8289,泰藝,13,0,13,群益金鼎-東大,2023-02-16,9135
5258,虹堡,25,12,13,群益金鼎-東大,2023-02-16,9135
3264,欣銓,12,0,12,群益金鼎-東大,2023-02-16,9135
1519,華城,32,20,12,群益金鼎-東大,2023-02-16,9135
8421,旭源,11,0,11,群益金鼎-東大,2023-02-16,9135
3704,合勤控,25,14,11,群益金鼎-東大,2023-02-16,9135
6005,群益證,10,0,10,群益金鼎-東大,2023-02-16,9135
2897,王道銀行,10,0,10,群益金鼎-東大,2023-02-16,9135
5701,劍湖山,10,0,10,群益金鼎-東大,2023-02-16,9135
1752,南光,12,2,10,群益金鼎-東大,2023-02-16,9135
6220,岳豐,10,0,10,群益金鼎-東大,2023-02-16,9135
3128,昇銳,15,5,10,群益金鼎-東大,2023-02-16,9135
00671R,富邦NASDAQ反1,10,0,10,群益金鼎-東大,2023-02-16,9135
3035,智原,20,10,10,群益金鼎-東大,2023-02-16,9135
6806,森崴能源,38,29,9,群益金鼎-東大,2023-02-16,9135
3491,昇達科,9,0,9,群益金鼎-東大,2023-02-16,9135
4979,華星光,28,19,9,群益金鼎-東大,2023-02-16,9135
2302,麗正,10,1,9,群益金鼎-東大,2023-02-16,9135
00751B,元大AAA至A公司債,8,0,8,群益金鼎-東大,2023-02-16,9135
2375,凱美,26,18,8,群益金鼎-東大,2023-02-16,9135
4804,大略-KY,8,0,8,群益金鼎-東大,2023-02-16,9135
3594,磐儀,446,6,440,群益金鼎-東大,2023-02-17,9135
00671R,富邦NASDAQ反1,250,10,240,群益金鼎-東大,2023-02-17,9135
6235,華孚,238,45,193,群益金鼎-東大,2023-02-17,9135
2610,華航,151,76,75,群益金鼎-東大,2023-02-17,9135
00679B,元大美債20年,70,0,70,群益金鼎-東大,2023-02-17,9135
3105,穩懋,47,1,46,群益金鼎-東大,2023-02-17,9135
00680L,元大美債20正2,44,0,44,群益金鼎-東大,2023-02-17,9135
6533,晶心科,45,2,43,群益金鼎-東大,2023-02-17,9135
00632R,元大台灣50反1,67,26,41,群益金鼎-東大,2023-02-17,9135
3265,台星科,36,0,36,群益金鼎-東大,2023-02-17,9135
2330,台積電,35,2,33,群益金鼎-東大,2023-02-17,9135
2884,玉山金,36,6,30,群益金鼎-東大,2023-02-17,9135
00885,富邦越南,30,0,30,群益金鼎-東大,2023-02-17,9135
00773B,中信優先金融債,29,0,29,群益金鼎-東大,2023-02-17,9135
4967,十銓,52,24,28,群益金鼎-東大,2023-02-17,9135
00772B,中信高評級公司債,23,0,23,群益金鼎-東大,2023-02-17,9135
1795,美時,119,96,23,群益金鼎-東大,2023-02-17,9135
2882,國泰金,25,3,22,群益金鼎-東大,2023-02-17,9135
2371,大同,21,0,21,群益金鼎-東大,2023-02-17,9135
2618,長榮航,47,27,20,群益金鼎-東大,2023-02-17,9135
00720B,元大投資級公司債,19,0,19,群益金鼎-東大,2023-02-17,9135
1471,首利,18,0,18,群益金鼎-東大,2023-02-17,9135
4114,健喬,18,0,18,群益金鼎-東大,2023-02-17,9135
8940,新天地,19,3,16,群益金鼎-東大,2023-02-17,9135
8050,廣積,17,2,15,群益金鼎-東大,2023-02-17,9135
3545,敦泰,31,17,14,群益金鼎-東大,2023-02-17,9135
2208,台船,15,2,13,群益金鼎-東大,2023-02-17,9135
4164,承業醫,24,12,12,群益金鼎-東大,2023-02-17,9135
2498,宏達電,23,11,12,群益金鼎-東大,2023-02-17,9135
1218,泰山,13,1,12,群益金鼎-東大,2023-02-17,9135
2739,寒舍,13,1,12,群益金鼎-東大,2023-02-17,9135
8255,朋程,12,0,12,群益金鼎-東大,2023-02-17,9135
5347,世界,17,5,12,群益金鼎-東大,2023-02-17,9135
2376,技嘉,11,0,11,群益金鼎-東大,2023-02-17,9135
2349,錸德,11,0,11,群益金鼎-東大,2023-02-17,9135
8222,寶一,23,12,11,群益金鼎-東大,2023-02-17,9135
2482,連宇,17,6,11,群益金鼎-東大,2023-02-17,9135
00902,中信電池及儲能,10,0,10,群益金鼎-東大,2023-02-17,9135
2014,中鴻,13,3,10,群益金鼎-東大,2023-02-17,9135
1786,科妍,12,3,9,群益金鼎-東大,2023-02-17,9135
5009,榮剛,10,1,9,群益金鼎-東大,2023-02-17,9135
2705,六福,9,0,9,群益金鼎-東大,2023-02-17,9135
6472,保瑞,14,5,9,群益金鼎-東大,2023-02-17,9135
3693,營邦,14,6,8,群益金鼎-東大,2023-02-17,9135
3022,威強電,10,2,8,群益金鼎-東大,2023-02-17,9135
00753L,中信中國50正2,8,0,8,群益金鼎-東大,2023-02-17,9135
2707,晶華,12,4,8,群益金鼎-東大,2023-02-17,9135
2444,兆勁,7,0,7,群益金鼎-東大,2023-02-17,9135
6226,光鼎,7,0,7,群益金鼎-東大,2023-02-17,9135
8996,高力,16,10,6,群益金鼎-東大,2023-02-17,9135
3594,磐儀,520,126,394,群益金鼎-東大,2023-02-20,9135
00673R,期元大S＆P原油反1,350,12,338,群益金鼎-東大,2023-02-20,9135
4967,十銓,192,17,175,群益金鼎-東大,2023-02-20,9135
2457,飛宏,74,21,53,群益金鼎-東大,2023-02-20,9135
4961,天鈺,106,56,50,群益金鼎-東大,2023-02-20,9135
2882,國泰金,46,4,42,群益金鼎-東大,2023-02-20,9135
2884,玉山金,39,1,38,群益金鼎-東大,2023-02-20,9135
6531,愛普*,57,21,36,群益金鼎-東大,2023-02-20,9135
00878,國泰永續高股息,33,11,22,群益金鼎-東大,2023-02-20,9135
00637L,元大滬深300正2,26,4,22,群益金鼎-東大,2023-02-20,9135
5315,光聯,24,2,22,群益金鼎-東大,2023-02-20,9135
6123,上奇,20,0,20,群益金鼎-東大,2023-02-20,9135
1447,力鵬,20,0,20,群益金鼎-東大,2023-02-20,9135
3346,麗清,20,0,20,群益金鼎-東大,2023-02-20,9135
1709,和益,23,3,20,群益金鼎-東大,2023-02-20,9135
00751B,元大AAA至A公司債,19,0,19,群益金鼎-東大,2023-02-20,9135
3481,群創,70,52,18,群益金鼎-東大,2023-02-20,9135
00902,中信電池及儲能,20,2,18,群益金鼎-東大,2023-02-20,9135
6488,環球晶,16,0,16,群益金鼎-東大,2023-02-20,9135
00893,國泰智能電動車,16,0,16,群益金鼎-東大,2023-02-20,9135
6741,91APP*-KY,20,4,16,群益金鼎-東大,2023-02-20,9135
1786,科妍,26,10,16,群益金鼎-東大,2023-02-20,9135
1528,恩德,15,0,15,群益金鼎-東大,2023-02-20,9135
3224,三顧,22,9,13,群益金鼎-東大,2023-02-20,9135
2208,台船,22,9,13,群益金鼎-東大,2023-02-20,9135
2323,中環,13,0,13,群益金鼎-東大,2023-02-20,9135
6282,康舒,15,2,13,群益金鼎-東大,2023-02-20,9135
3693,營邦,18,5,13,群益金鼎-東大,2023-02-20,9135
1907,永豐餘,12,0,12,群益金鼎-東大,2023-02-20,9135
3624,光頡,22,10,12,群益金鼎-東大,2023-02-20,9135
5704,老爺知,35,23,12,群益金鼎-東大,2023-02-20,9135
6689,伊雲谷,11,0,11,群益金鼎-東大,2023-02-20,9135
3661,世芯-KY,11,0,11,群益金鼎-東大,2023-02-20,9135
8222,寶一,11,0,11,群益金鼎-東大,2023-02-20,9135
6143,振曜,28,17,11,群益金鼎-東大,2023-02-20,9135
4770,上品,11,0,11,群益金鼎-東大,2023-02-20,9135
6829,千附精密,10,0,10,群益金鼎-東大,2023-02-20,9135
1540,喬福,10,0,10,群益金鼎-東大,2023-02-20,9135
00753L,中信中國50正2,10,0,10,群益金鼎-東大,2023-02-20,9135
2897,王道銀行,10,0,10,群益金鼎-東大,2023-02-20,9135
2392,正崴,10,0,10,群益金鼎-東大,2023-02-20,9135
9919,康那香,10,0,10,群益金鼎-東大,2023-02-20,9135
2349,錸德,10,1,9,群益金鼎-東大,2023-02-20,9135
3221,台嘉碩,10,1,9,群益金鼎-東大,2023-02-20,9135
4114,健喬,13,4,9,群益金鼎-東大,2023-02-20,9135
3035,智原,23,14,9,群益金鼎-東大,2023-02-20,9135
5351,鈺創,9,0,9,群益金鼎-東大,2023-02-20,9135
4927,泰鼎-KY,8,0,8,群益金鼎-東大,2023-02-20,9135
1626,艾美特-KY,8,0,8,群益金鼎-東大,2023-02-20,9135
00900,富邦特選高股息30,8,0,8,群益金鼎-東大,2023-02-20,9135
2371,大同,127,0,127,群益金鼎-東大,2023-02-21,9135
2884,玉山金,122,19,103,群益金鼎-東大,2023-02-21,9135
6205,詮欣,112,17,95,群益金鼎-東大,2023-02-21,9135
4977,眾達-KY,176,87,89,群益金鼎-東大,2023-02-21,9135
3264,欣銓,59,1,58,群益金鼎-東大,2023-02-21,9135
2886,兆豐金,52,2,50,群益金鼎-東大,2023-02-21,9135
1605,華新,55,9,46,群益金鼎-東大,2023-02-21,9135
2313,華通,33,2,31,群益金鼎-東大,2023-02-21,9135
2349,錸德,30,0,30,群益金鼎-東大,2023-02-21,9135
1795,美時,30,3,27,群益金鼎-東大,2023-02-21,9135
2610,華航,32,7,25,群益金鼎-東大,2023-02-21,9135
6165,浪凡,65,40,25,群益金鼎-東大,2023-02-21,9135
1451,年興,25,0,25,群益金鼎-東大,2023-02-21,9135
3594,磐儀,115,90,25,群益金鼎-東大,2023-02-21,9135
00637L,元大滬深300正2,38,17,21,群益金鼎-東大,2023-02-21,9135
6142,友勁,20,0,20,群益金鼎-東大,2023-02-21,9135
2498,宏達電,68,49,19,群益金鼎-東大,2023-02-21,9135
2344,華邦電,18,0,18,群益金鼎-東大,2023-02-21,9135
1513,中興電,78,62,16,群益金鼎-東大,2023-02-21,9135
4916,事欣科,21,5,16,群益金鼎-東大,2023-02-21,9135
2201,裕隆,33,17,16,群益金鼎-東大,2023-02-21,9135
1609,大亞,21,5,16,群益金鼎-東大,2023-02-21,9135
6266,泰詠,18,3,15,群益金鼎-東大,2023-02-21,9135
00679B,元大美債20年,14,0,14,群益金鼎-東大,2023-02-21,9135
0056,元大高股息,28,14,14,群益金鼎-東大,2023-02-21,9135
6284,佳邦,13,0,13,群益金鼎-東大,2023-02-21,9135
00772B,中信高評級公司債,12,0,12,群益金鼎-東大,2023-02-21,9135
9951,皇田,12,0,12,群益金鼎-東大,2023-02-21,9135
1437,勤益控,14,2,12,群益金鼎-東大,2023-02-21,9135
3078,僑威,13,2,11,群益金鼎-東大,2023-02-21,9135
00665L,富邦�琤肭磪囓�2,10,0,10,群益金鼎-東大,2023-02-21,9135
2340,台亞,10,0,10,群益金鼎-東大,2023-02-21,9135
00632R,元大台灣50反1,10,0,10,群益金鼎-東大,2023-02-21,9135
5425,台半,23,13,10,群益金鼎-東大,2023-02-21,9135
3362,先進光,11,2,9,群益金鼎-東大,2023-02-21,9135
6288,聯嘉,64,55,9,群益金鼎-東大,2023-02-21,9135
3454,晶睿,18,9,9,群益金鼎-東大,2023-02-21,9135
00773B,中信優先金融債,9,0,9,群益金鼎-東大,2023-02-21,9135
8121,越峰,9,0,9,群益金鼎-東大,2023-02-21,9135
2482,連宇,21,12,9,群益金鼎-東大,2023-02-21,9135
2472,立隆電,15,7,8,群益金鼎-東大,2023-02-21,9135
3027,盛達,11,3,8,群益金鼎-東大,2023-02-21,9135
2867,三商壽,10,2,8,群益金鼎-東大,2023-02-21,9135
00713,元大台灣高息低波,8,0,8,群益金鼎-東大,2023-02-21,9135
2401,凌陽,12,4,8,群益金鼎-東大,2023-02-21,9135
1584,精剛,26,18,8,群益金鼎-東大,2023-02-21,9135
2618,長榮航,8,1,7,群益金鼎-東大,2023-02-21,9135
00878,國泰永續高股息,10,3,7,群益金鼎-東大,2023-02-21,9135
2484,希華,9,2,7,群益金鼎-東大,2023-02-21,9135
9105,泰金寶-DR,7,0,7,群益金鼎-東大,2023-02-21,9135
00632R,元大台灣50反1,357,5,352,群益金鼎-東大,2023-02-22,9135
2462,良得電,133,0,133,群益金鼎-東大,2023-02-22,9135
2834,臺企銀,133,38,95,群益金鼎-東大,2023-02-22,9135
00878,國泰永續高股息,90,0,90,群益金鼎-東大,2023-02-22,9135
6235,華孚,269,199,70,群益金鼎-東大,2023-02-22,9135
8033,雷虎,68,18,50,群益金鼎-東大,2023-02-22,9135
1584,精剛,73,26,47,群益金鼎-東大,2023-02-22,9135
4967,十銓,92,50,42,群益金鼎-東大,2023-02-22,9135
00902,中信電池及儲能,29,0,29,群益金鼎-東大,2023-02-22,9135
00712,復華富時不動產,28,0,28,群益金鼎-東大,2023-02-22,9135
4541,晟田,27,0,27,群益金鼎-東大,2023-02-22,9135
00679B,元大美債20年,31,5,26,群益金鼎-東大,2023-02-22,9135
1522,堤維西,25,0,25,群益金鼎-東大,2023-02-22,9135
5213,亞昕,24,0,24,群益金鼎-東大,2023-02-22,9135
1810,和成,39,15,24,群益金鼎-東大,2023-02-22,9135
2812,台中銀,24,1,23,群益金鼎-東大,2023-02-22,9135
2634,漢翔,36,13,23,群益金鼎-東大,2023-02-22,9135
9904,寶成,21,0,21,群益金鼎-東大,2023-02-22,9135
6533,晶心科,22,2,20,群益金鼎-東大,2023-02-22,9135
00680L,元大美債20正2,20,0,20,群益金鼎-東大,2023-02-22,9135
2303,聯電,19,0,19,群益金鼎-東大,2023-02-22,9135
00751B,元大AAA至A公司債,19,0,19,群益金鼎-東大,2023-02-22,9135
2884,玉山金,19,2,17,群益金鼎-東大,2023-02-22,9135
2618,長榮航,21,5,16,群益金鼎-東大,2023-02-22,9135
2201,裕隆,16,1,15,群益金鼎-東大,2023-02-22,9135
6570,維田,26,11,15,群益金鼎-東大,2023-02-22,9135
4961,天鈺,32,17,15,群益金鼎-東大,2023-02-22,9135
00773B,中信優先金融債,13,0,13,群益金鼎-東大,2023-02-22,9135
3693,營邦,15,3,12,群益金鼎-東大,2023-02-22,9135
2208,台船,17,5,12,群益金鼎-東大,2023-02-22,9135
2637,慧洋-KY,12,0,12,群益金鼎-東大,2023-02-22,9135
3027,盛達,34,23,11,群益金鼎-東大,2023-02-22,9135
3363,上詮,11,0,11,群益金鼎-東大,2023-02-22,9135
2409,友達,12,1,11,群益金鼎-東大,2023-02-22,9135
2337,旺宏,11,0,11,群益金鼎-東大,2023-02-22,9135
6670,復盛應用,11,0,11,群益金鼎-東大,2023-02-22,9135
5258,虹堡,40,29,11,群益金鼎-東大,2023-02-22,9135
9962,有益,10,0,10,群益金鼎-東大,2023-02-22,9135
2109,華豐,10,0,10,群益金鼎-東大,2023-02-22,9135
6188,廣明,10,0,10,群益金鼎-東大,2023-02-22,9135
6266,泰詠,10,1,9,群益金鼎-東大,2023-02-22,9135
6712,長聖,9,0,9,群益金鼎-東大,2023-02-22,9135
6282,康舒,46,37,9,群益金鼎-東大,2023-02-22,9135
3037,欣興,13,4,9,群益金鼎-東大,2023-02-22,9135
5347,世界,10,1,9,群益金鼎-東大,2023-02-22,9135
4121,優盛,8,0,8,群益金鼎-東大,2023-02-22,9135
1734,杏輝,8,0,8,群益金鼎-東大,2023-02-22,9135
2486,一詮,8,0,8,群益金鼎-東大,2023-02-22,9135
2388,威盛,20,12,8,群益金鼎-東大,2023-02-22,9135
6411,晶焱,10,3,7,群益金鼎-東大,2023-02-22,9135
00673R,期元大S＆P原油反1,451,54,397,群益金鼎-東大,2023-02-23,9135
00632R,元大台灣50反1,201,0,201,群益金鼎-東大,2023-02-23,9135
2330,台積電,102,14,88,群益金鼎-東大,2023-02-23,9135
1108,幸福,43,0,43,群益金鼎-東大,2023-02-23,9135
2482,連宇,48,6,42,群益金鼎-東大,2023-02-23,9135
5213,亞昕,37,1,36,群益金鼎-東大,2023-02-23,9135
8049,晶采,35,2,33,群益金鼎-東大,2023-02-23,9135
2834,臺企銀,45,21,24,群益金鼎-東大,2023-02-23,9135
2002,中鋼,26,3,23,群益金鼎-東大,2023-02-23,9135
00891,中信關鍵半導體,20,0,20,群益金鼎-東大,2023-02-23,9135
00731,復華富時高息低波,20,0,20,群益金鼎-東大,2023-02-23,9135
2332,友訊,20,0,20,群益金鼎-東大,2023-02-23,9135
3508,位速,18,1,17,群益金鼎-東大,2023-02-23,9135
00652,富邦印度,16,0,16,群益金鼎-東大,2023-02-23,9135
1786,科妍,16,0,16,群益金鼎-東大,2023-02-23,9135
1701,中化,15,0,15,群益金鼎-東大,2023-02-23,9135
2305,全友,15,0,15,群益金鼎-東大,2023-02-23,9135
2618,長榮航,15,1,14,群益金鼎-東大,2023-02-23,9135
2486,一詮,14,0,14,群益金鼎-東大,2023-02-23,9135
8069,元太,16,2,14,群益金鼎-東大,2023-02-23,9135
1342,八貫,18,5,13,群益金鼎-東大,2023-02-23,9135
6115,鎰勝,13,0,13,群益金鼎-東大,2023-02-23,9135
4919,新唐,14,1,13,群益金鼎-東大,2023-02-23,9135
6266,泰詠,14,1,13,群益金鼎-東大,2023-02-23,9135
1109,信大,12,0,12,群益金鼎-東大,2023-02-23,9135
00720B,元大投資級公司債,12,0,12,群益金鼎-東大,2023-02-23,9135
3689,湧德,12,0,12,群益金鼎-東大,2023-02-23,9135
2545,皇翔,12,0,12,群益金鼎-東大,2023-02-23,9135
3479,安勤,12,0,12,群益金鼎-東大,2023-02-23,9135
2303,聯電,17,6,11,群益金鼎-東大,2023-02-23,9135
00751B,元大AAA至A公司債,11,0,11,群益金鼎-東大,2023-02-23,9135
00715L,期街口布蘭特正2,11,0,11,群益金鼎-東大,2023-02-23,9135
2610,華航,11,0,11,群益金鼎-東大,2023-02-23,9135
3362,先進光,12,1,11,群益金鼎-東大,2023-02-23,9135
2641,正德,11,1,10,群益金鼎-東大,2023-02-23,9135
1709,和益,10,0,10,群益金鼎-東大,2023-02-23,9135
00637L,元大滬深300正2,19,9,10,群益金鼎-東大,2023-02-23,9135
1708,東鹼,10,0,10,群益金鼎-東大,2023-02-23,9135
3535,晶彩科,10,0,10,群益金鼎-東大,2023-02-23,9135
6517,保勝光學,10,0,10,群益金鼎-東大,2023-02-23,9135
3094,聯傑,140,130,10,群益金鼎-東大,2023-02-23,9135
8289,泰藝,28,18,10,群益金鼎-東大,2023-02-23,9135
2498,宏達電,69,59,10,群益金鼎-東大,2023-02-23,9135
6756,威鋒電子,10,1,9,群益金鼎-東大,2023-02-23,9135
5258,虹堡,116,108,8,群益金鼎-東大,2023-02-23,9135
5225,東科-KY,8,0,8,群益金鼎-東大,2023-02-23,9135
2014,中鴻,11,3,8,群益金鼎-東大,2023-02-23,9135
4755,三福化,8,0,8,群益金鼎-東大,2023-02-23,9135
00679B,元大美債20年,8,1,7,群益金鼎-東大,2023-02-23,9135
2308,台達電,7,0,7,群益金鼎-東大,2023-02-23,9135
8938,明安,108,14,94,群益金鼎-東大,2023-02-24,9135
3594,磐儀,95,6,89,群益金鼎-東大,2023-02-24,9135
3481,群創,96,11,85,群益金鼎-東大,2023-02-24,9135
2243,宏旭-KY,78,0,78,群益金鼎-東大,2023-02-24,9135
2388,威盛,165,123,42,群益金鼎-東大,2023-02-24,9135
00878,國泰永續高股息,41,0,41,群益金鼎-東大,2023-02-24,9135
3037,欣興,67,26,41,群益金鼎-東大,2023-02-24,9135
3013,晟銘電,67,31,36,群益金鼎-東大,2023-02-24,9135
8935,邦泰,74,40,34,群益金鼎-東大,2023-02-24,9135
00637L,元大滬深300正2,24,0,24,群益金鼎-東大,2023-02-24,9135
8289,泰藝,35,13,22,群益金鼎-東大,2023-02-24,9135
2453,凌群,22,1,21,群益金鼎-東大,2023-02-24,9135
5512,力麒,110,89,21,群益金鼎-東大,2023-02-24,9135
1512,瑞利,21,0,21,群益金鼎-東大,2023-02-24,9135
3163,波若威,20,0,20,群益金鼎-東大,2023-02-24,9135
00882,中信中國高股息,25,6,19,群益金鼎-東大,2023-02-24,9135
00712,復華富時不動產,34,15,19,群益金鼎-東大,2023-02-24,9135
2317,鴻海,19,0,19,群益金鼎-東大,2023-02-24,9135
2330,台積電,26,7,19,群益金鼎-東大,2023-02-24,9135
2736,富野,46,28,18,群益金鼎-東大,2023-02-24,9135
1605,華新,21,3,18,群益金鼎-東大,2023-02-24,9135
2618,長榮航,18,1,17,群益金鼎-東大,2023-02-24,9135
2887,台新金,16,0,16,群益金鼎-東大,2023-02-24,9135
2739,寒舍,17,1,16,群益金鼎-東大,2023-02-24,9135
2897,王道銀行,15,0,15,群益金鼎-東大,2023-02-24,9135
3141,晶宏,35,20,15,群益金鼎-東大,2023-02-24,9135
2884,玉山金,14,0,14,群益金鼎-東大,2023-02-24,9135
1626,艾美特-KY,13,0,13,群益金鼎-東大,2023-02-24,9135
6274,台燿,12,0,12,群益金鼎-東大,2023-02-24,9135
2399,映泰,12,1,11,群益金鼎-東大,2023-02-24,9135
3027,盛達,10,0,10,群益金鼎-東大,2023-02-24,9135
2515,中工,11,1,10,群益金鼎-東大,2023-02-24,9135
6116,彩晶,11,1,10,群益金鼎-東大,2023-02-24,9135
2030,彰源,10,0,10,群益金鼎-東大,2023-02-24,9135
00753L,中信中國50正2,10,0,10,群益金鼎-東大,2023-02-24,9135
5213,亞昕,10,0,10,群益金鼎-東大,2023-02-24,9135
2732,六角,10,0,10,群益金鼎-東大,2023-02-24,9135
6231,系微,27,18,9,群益金鼎-東大,2023-02-24,9135
2360,致茂,8,0,8,群益金鼎-東大,2023-02-24,9135
8069,元太,19,11,8,群益金鼎-東大,2023-02-24,9135
2883,凱基金,8,0,8,群益金鼎-東大,2023-02-24,9135
3017,奇鋐,37,29,8,群益金鼎-東大,2023-02-24,9135
3209,全科,8,0,8,群益金鼎-東大,2023-02-24,9135
2201,裕隆,30,22,8,群益金鼎-東大,2023-02-24,9135
1342,八貫,8,0,8,群益金鼎-東大,2023-02-24,9135
6411,晶焱,8,0,8,群益金鼎-東大,2023-02-24,9135
2353,宏��,7,0,7,群益金鼎-東大,2023-02-24,9135
8420,明揚,7,0,7,群益金鼎-東大,2023-02-24,9135
00638R,元大滬深300反1,7,0,7,群益金鼎-東大,2023-02-24,9135
4953,緯軟,11,4,7,群益金鼎-東大,2023-02-24,9135
00632R,元大台灣50反1,155,0,155,群益金鼎-東大,2023-03-01,9135
4967,十銓,111,3,108,群益金鼎-東大,2023-03-01,9135
2419,仲琦,85,24,61,群益金鼎-東大,2023-03-01,9135
4164,承業醫,50,5,45,群益金鼎-東大,2023-03-01,9135
00878,國泰永續高股息,47,4,43,群益金鼎-東大,2023-03-01,9135
00679B,元大美債20年,41,0,41,群益金鼎-東大,2023-03-01,9135
3029,零壹,39,5,34,群益金鼎-東大,2023-03-01,9135
2484,希華,34,3,31,群益金鼎-東大,2023-03-01,9135
2884,玉山金,29,2,27,群益金鼎-東大,2023-03-01,9135
3508,位速,25,1,24,群益金鼎-東大,2023-03-01,9135
3481,群創,33,10,23,群益金鼎-東大,2023-03-01,9135
2002,中鋼,22,0,22,群益金鼎-東大,2023-03-01,9135
2330,台積電,51,30,21,群益金鼎-東大,2023-03-01,9135
2482,連宇,51,30,21,群益金鼎-東大,2023-03-01,9135
3265,台星科,21,0,21,群益金鼎-東大,2023-03-01,9135
3652,精聯,31,10,21,群益金鼎-東大,2023-03-01,9135
1309,台達化,20,0,20,群益金鼎-東大,2023-03-01,9135
4109,加捷生醫,20,0,20,群益金鼎-東大,2023-03-01,9135
2515,中工,18,0,18,群益金鼎-東大,2023-03-01,9135
2601,益航,21,5,16,群益金鼎-東大,2023-03-01,9135
3013,晟銘電,17,1,16,群益金鼎-東大,2023-03-01,9135
1342,八貫,17,1,16,群益金鼎-東大,2023-03-01,9135
2453,凌群,19,4,15,群益金鼎-東大,2023-03-01,9135
6205,詮欣,20,5,15,群益金鼎-東大,2023-03-01,9135
6188,廣明,16,1,15,群益金鼎-東大,2023-03-01,9135
3033,威健,15,0,15,群益金鼎-東大,2023-03-01,9135
5309,系統電,15,0,15,群益金鼎-東大,2023-03-01,9135
5015,華祺,13,0,13,群益金鼎-東大,2023-03-01,9135
2458,義隆,23,10,13,群益金鼎-東大,2023-03-01,9135
6235,華孚,18,5,13,群益金鼎-東大,2023-03-01,9135
2337,旺宏,13,0,13,群益金鼎-東大,2023-03-01,9135
2313,華通,13,0,13,群益金鼎-東大,2023-03-01,9135
3594,磐儀,17,4,13,群益金鼎-東大,2023-03-01,9135
2606,裕民,17,5,12,群益金鼎-東大,2023-03-01,9135
2610,華航,12,0,12,群益金鼎-東大,2023-03-01,9135
3706,神達,16,5,11,群益金鼎-東大,2023-03-01,9135
5225,東科-KY,11,0,11,群益金鼎-東大,2023-03-01,9135
1522,堤維西,11,0,11,群益金鼎-東大,2023-03-01,9135
3406,玉晶光,11,0,11,群益金鼎-東大,2023-03-01,9135
5608,四維航,27,16,11,群益金鼎-東大,2023-03-01,9135
9802,鈺齊-KY,16,5,11,群益金鼎-東大,2023-03-01,9135
2885,元大金,11,0,11,群益金鼎-東大,2023-03-01,9135
5498,凱崴,10,0,10,群益金鼎-東大,2023-03-01,9135
6005,群益證,10,0,10,群益金鼎-東大,2023-03-01,9135
5210,寶碩,10,0,10,群益金鼎-東大,2023-03-01,9135
3105,穩懋,10,0,10,群益金鼎-東大,2023-03-01,9135
6741,91APP*-KY,10,0,10,群益金鼎-東大,2023-03-01,9135
8040,九暘,10,0,10,群益金鼎-東大,2023-03-01,9135
3017,奇鋐,41,32,9,群益金鼎-東大,2023-03-01,9135
2812,台中銀,11,2,9,群益金鼎-東大,2023-03-01,9135
00878,國泰永續高股息,227,1,226,群益金鼎-東大,2023-03-02,9135
3035,智原,102,1,101,群益金鼎-東大,2023-03-02,9135
6235,華孚,144,65,79,群益金鼎-東大,2023-03-02,9135
1605,華新,198,120,78,群益金鼎-東大,2023-03-02,9135
8938,明安,102,48,54,群益金鼎-東大,2023-03-02,9135
00679B,元大美債20年,49,0,49,群益金鼎-東大,2023-03-02,9135
2419,仲琦,49,1,48,群益金鼎-東大,2023-03-02,9135
00712,復華富時不動產,30,0,30,群益金鼎-東大,2023-03-02,9135
2371,大同,32,3,29,群益金鼎-東大,2023-03-02,9135
2457,飛宏,28,1,27,群益金鼎-東大,2023-03-02,9135
00720B,元大投資級公司債,27,0,27,群益金鼎-東大,2023-03-02,9135
3594,磐儀,35,10,25,群益金鼎-東大,2023-03-02,9135
3033,威健,20,0,20,群益金鼎-東大,2023-03-02,9135
6142,友勁,17,0,17,群益金鼎-東大,2023-03-02,9135
1342,八貫,21,4,17,群益金鼎-東大,2023-03-02,9135
2344,華邦電,33,17,16,群益金鼎-東大,2023-03-02,9135
2610,華航,31,15,16,群益金鼎-東大,2023-03-02,9135
2812,台中銀,19,5,14,群益金鼎-東大,2023-03-02,9135
00713,元大台灣高息低波,14,0,14,群益金鼎-東大,2023-03-02,9135
5347,世界,13,0,13,群益金鼎-東大,2023-03-02,9135
2886,兆豐金,12,0,12,群益金鼎-東大,2023-03-02,9135
6504,南六,20,8,12,群益金鼎-東大,2023-03-02,9135
2609,陽明,31,19,12,群益金鼎-東大,2023-03-02,9135
6282,康舒,14,3,11,群益金鼎-東大,2023-03-02,9135
8433,弘帆,10,0,10,群益金鼎-東大,2023-03-02,9135
6456,GIS-KY,11,1,10,群益金鼎-東大,2023-03-02,9135
4747,強生,19,9,10,群益金鼎-東大,2023-03-02,9135
2642,宅配通,10,0,10,群益金鼎-東大,2023-03-02,9135
1215,卜蜂,13,4,9,群益金鼎-東大,2023-03-02,9135
2337,旺宏,11,2,9,群益金鼎-東大,2023-03-02,9135
3558,神準,17,8,9,群益金鼎-東大,2023-03-02,9135
6411,晶焱,13,4,9,群益金鼎-東大,2023-03-02,9135
2615,萬海,11,2,9,群益金鼎-東大,2023-03-02,9135
5425,台半,25,17,8,群益金鼎-東大,2023-03-02,9135
3704,合勤控,13,5,8,群益金鼎-東大,2023-03-02,9135
2022,聚亨,8,0,8,群益金鼎-東大,2023-03-02,9135
2388,威盛,27,19,8,群益金鼎-東大,2023-03-02,9135
6576,逸達,8,0,8,群益金鼎-東大,2023-03-02,9135
6799,來頡,30,22,8,群益金鼎-東大,2023-03-02,9135
3454,晶睿,20,13,7,群益金鼎-東大,2023-03-02,9135
3702,大聯大,7,0,7,群益金鼎-東大,2023-03-02,9135
1701,中化,11,4,7,群益金鼎-東大,2023-03-02,9135
6266,泰詠,9,2,7,群益金鼎-東大,2023-03-02,9135
2351,順德,7,0,7,群益金鼎-東大,2023-03-02,9135
6477,安集,7,0,7,群益金鼎-東大,2023-03-02,9135
00680L,元大美債20正2,7,0,7,群益金鼎-東大,2023-03-02,9135
3265,台星科,7,0,7,群益金鼎-東大,2023-03-02,9135
1101,台泥,9,3,6,群益金鼎-東大,2023-03-02,9135
6170,統振,10,4,6,群益金鼎-東大,2023-03-02,9135
8213,志超,6,0,6,群益金鼎-東大,2023-03-02,9135
3680,家登,100,0,100,群益金鼎-東大,2023-03-03,9135
2834,臺企銀,118,31,87,群益金鼎-東大,2023-03-03,9135
3481,群創,153,73,80,群益金鼎-東大,2023-03-03,9135
6576,逸達,84,8,76,群益金鼎-東大,2023-03-03,9135
2330,台積電,52,1,51,群益金鼎-東大,2023-03-03,9135
2913,農林,63,21,42,群益金鼎-東大,2023-03-03,9135
3652,精聯,50,10,40,群益金鼎-東大,2023-03-03,9135
00679B,元大美債20年,27,0,27,群益金鼎-東大,2023-03-03,9135
3661,世芯-KY,27,2,25,群益金鼎-東大,2023-03-03,9135
8112,至上,22,0,22,群益金鼎-東大,2023-03-03,9135
3017,奇鋐,30,10,20,群益金鼎-東大,2023-03-03,9135
8289,泰藝,21,1,20,群益金鼎-東大,2023-03-03,9135
2745,五福,19,0,19,群益金鼎-東大,2023-03-03,9135
1457,宜進,18,0,18,群益金鼎-東大,2023-03-03,9135
2891,中信金,18,1,17,群益金鼎-東大,2023-03-03,9135
6139,亞翔,16,0,16,群益金鼎-東大,2023-03-03,9135
2338,光罩,16,1,15,群益金鼎-東大,2023-03-03,9135
6245,立端,19,4,15,群益金鼎-東大,2023-03-03,9135
2732,六角,18,3,15,群益金鼎-東大,2023-03-03,9135
00751B,元大AAA至A公司債,14,0,14,群益金鼎-東大,2023-03-03,9135
2498,宏達電,18,4,14,群益金鼎-東大,2023-03-03,9135
5457,宣德,14,0,14,群益金鼎-東大,2023-03-03,9135
00878,國泰永續高股息,20,6,14,群益金鼎-東大,2023-03-03,9135
3128,昇銳,34,20,14,群益金鼎-東大,2023-03-03,9135
00712,復華富時不動產,13,0,13,群益金鼎-東大,2023-03-03,9135
00680L,元大美債20正2,13,0,13,群益金鼎-東大,2023-03-03,9135
6116,彩晶,16,3,13,群益金鼎-東大,2023-03-03,9135
3033,威健,13,0,13,群益金鼎-東大,2023-03-03,9135
2201,裕隆,14,1,13,群益金鼎-東大,2023-03-03,9135
3207,耀勝,13,1,12,群益金鼎-東大,2023-03-03,9135
2317,鴻海,30,18,12,群益金鼎-東大,2023-03-03,9135
0056,元大高股息,17,5,12,群益金鼎-東大,2023-03-03,9135
1605,華新,27,16,11,群益金鼎-東大,2023-03-03,9135
3356,奇偶,12,1,11,群益金鼎-東大,2023-03-03,9135
3163,波若威,11,0,11,群益金鼎-東大,2023-03-03,9135
3029,零壹,11,0,11,群益金鼎-東大,2023-03-03,9135
1339,昭輝,10,0,10,群益金鼎-東大,2023-03-03,9135
3372,典範,10,0,10,群益金鼎-東大,2023-03-03,9135
2476,鉅祥,10,0,10,群益金鼎-東大,2023-03-03,9135
6504,南六,10,0,10,群益金鼎-東大,2023-03-03,9135
00632R,元大台灣50反1,10,0,10,群益金鼎-東大,2023-03-03,9135
6605,帝寶,9,0,9,群益金鼎-東大,2023-03-03,9135
00720B,元大投資級公司債,9,0,9,群益金鼎-東大,2023-03-03,9135
00671R,富邦NASDAQ反1,8,0,8,群益金鼎-東大,2023-03-03,9135
00902,中信電池及儲能,9,1,8,群益金鼎-東大,2023-03-03,9135
5425,台半,56,48,8,群益金鼎-東大,2023-03-03,9135
5225,東科-KY,8,0,8,群益金鼎-東大,2023-03-03,9135
1474,弘裕,8,0,8,群益金鼎-東大,2023-03-03,9135
2701,萬企,8,0,8,群益金鼎-東大,2023-03-03,9135
6770,力積電,9,1,8,群益金鼎-東大,2023-03-03,9135
6770,力積電,222,39,183,群益金鼎-東大,2023-03-06,9135
2375,凱美,310,142,168,群益金鼎-東大,2023-03-06,9135
3479,安勤,103,24,79,群益金鼎-東大,2023-03-06,9135
3481,群創,144,81,63,群益金鼎-東大,2023-03-06,9135
00665L,富邦�琤肭磪囓�2,50,0,50,群益金鼎-東大,2023-03-06,9135
3362,先進光,278,230,48,群益金鼎-東大,2023-03-06,9135
00720B,元大投資級公司債,44,1,43,群益金鼎-東大,2023-03-06,9135
2359,所羅門,41,0,41,群益金鼎-東大,2023-03-06,9135
6548,長科*,43,2,41,群益金鼎-東大,2023-03-06,9135
3520,華盈,41,0,41,群益金鼎-東大,2023-03-06,9135
5203,訊連,32,0,32,群益金鼎-東大,2023-03-06,9135
00878,國泰永續高股息,34,3,31,群益金鼎-東大,2023-03-06,9135
3297,杭特,30,0,30,群益金鼎-東大,2023-03-06,9135
2417,圓剛,31,1,30,群益金鼎-東大,2023-03-06,9135
6234,高僑,30,1,29,群益金鼎-東大,2023-03-06,9135
8050,廣積,30,1,29,群益金鼎-東大,2023-03-06,9135
3149,正達,21,0,21,群益金鼎-東大,2023-03-06,9135
3686,達能,20,0,20,群益金鼎-東大,2023-03-06,9135
2457,飛宏,30,12,18,群益金鼎-東大,2023-03-06,9135
3093,港建*,18,0,18,群益金鼎-東大,2023-03-06,9135
1528,恩德,17,0,17,群益金鼎-東大,2023-03-06,9135
1451,年興,15,0,15,群益金鼎-東大,2023-03-06,9135
00671R,富邦NASDAQ反1,15,0,15,群益金鼎-東大,2023-03-06,9135
00655L,國泰中國A50正2,15,0,15,群益金鼎-東大,2023-03-06,9135
00637L,元大滬深300正2,19,5,14,群益金鼎-東大,2023-03-06,9135
2312,金寶,14,0,14,群益金鼎-東大,2023-03-06,9135
1337,再生-KY,14,0,14,群益金鼎-東大,2023-03-06,9135
3356,奇偶,40,26,14,群益金鼎-東大,2023-03-06,9135
2409,友達,15,1,14,群益金鼎-東大,2023-03-06,9135
6789,采鈺,14,0,14,群益金鼎-東大,2023-03-06,9135
6282,康舒,31,19,12,群益金鼎-東大,2023-03-06,9135
2883,凱基金,13,1,12,群益金鼎-東大,2023-03-06,9135
00713,元大台灣高息低波,12,0,12,群益金鼎-東大,2023-03-06,9135
2388,威盛,14,2,12,群益金鼎-東大,2023-03-06,9135
3701,大眾控,15,4,11,群益金鼎-東大,2023-03-06,9135
5009,榮剛,15,4,11,群益金鼎-東大,2023-03-06,9135
6117,迎廣,11,0,11,群益金鼎-東大,2023-03-06,9135
2444,兆勁,11,0,11,群益金鼎-東大,2023-03-06,9135
2453,凌群,15,5,10,群益金鼎-東大,2023-03-06,9135
2884,玉山金,11,1,10,群益金鼎-東大,2023-03-06,9135
00633L,富邦上証正2,10,0,10,群益金鼎-東大,2023-03-06,9135
3432,台端,13,3,10,群益金鼎-東大,2023-03-06,9135
2612,中航,11,1,10,群益金鼎-東大,2023-03-06,9135
3056,富華新,10,0,10,群益金鼎-東大,2023-03-06,9135
2617,台航,10,0,10,群益金鼎-東大,2023-03-06,9135
8433,弘帆,10,0,10,群益金鼎-東大,2023-03-06,9135
4931,新盛力,11,1,10,群益金鼎-東大,2023-03-06,9135
2329,華泰,10,0,10,群益金鼎-東大,2023-03-06,9135
3294,英濟,10,0,10,群益金鼎-東大,2023-03-06,9135
3033,威健,9,0,9,群益金鼎-東大,2023-03-06,9135
00632R,元大台灣50反1,143,15,128,群益金鼎-東大,2023-03-07,9135
00673R,期元大S＆P原油反1,125,0,125,群益金鼎-東大,2023-03-07,9135
1504,東元,75,10,65,群益金鼎-東大,2023-03-07,9135
4114,健喬,57,4,53,群益金鼎-東大,2023-03-07,9135
00637L,元大滬深300正2,61,10,51,群益金鼎-東大,2023-03-07,9135
3704,合勤控,41,2,39,群益金鼎-東大,2023-03-07,9135
3029,零壹,35,4,31,群益金鼎-東大,2023-03-07,9135
2371,大同,31,0,31,群益金鼎-東大,2023-03-07,9135
2610,華航,30,0,30,群益金鼎-東大,2023-03-07,9135
4541,晟田,29,0,29,群益金鼎-東大,2023-03-07,9135
2409,友達,36,8,28,群益金鼎-東大,2023-03-07,9135
00877,復華中國5G,28,0,28,群益金鼎-東大,2023-03-07,9135
4979,華星光,75,51,24,群益金鼎-東大,2023-03-07,9135
3362,先進光,48,24,24,群益金鼎-東大,2023-03-07,9135
00878,國泰永續高股息,24,4,20,群益金鼎-東大,2023-03-07,9135
00772B,中信高評級公司債,20,0,20,群益金鼎-東大,2023-03-07,9135
1528,恩德,20,0,20,群益金鼎-東大,2023-03-07,9135
2820,華票,20,0,20,群益金鼎-東大,2023-03-07,9135
3607,谷崧,20,0,20,群益金鼎-東大,2023-03-07,9135
00724B,群益投資級金融債,20,0,20,群益金鼎-東大,2023-03-07,9135
1605,華新,77,58,19,群益金鼎-東大,2023-03-07,9135
3017,奇鋐,20,2,18,群益金鼎-東大,2023-03-07,9135
2492,華新科,31,14,17,群益金鼎-東大,2023-03-07,9135
8176,智捷,21,5,16,群益金鼎-東大,2023-03-07,9135
2486,一詮,31,15,16,群益金鼎-東大,2023-03-07,9135
3558,神準,22,7,15,群益金鼎-東大,2023-03-07,9135
00671R,富邦NASDAQ反1,15,0,15,群益金鼎-東大,2023-03-07,9135
6457,紘康,15,0,15,群益金鼎-東大,2023-03-07,9135
6205,詮欣,15,0,15,群益金鼎-東大,2023-03-07,9135
00891,中信關鍵半導體,14,0,14,群益金鼎-東大,2023-03-07,9135
2069,運錩,13,0,13,群益金鼎-東大,2023-03-07,9135
5512,力麒,13,0,13,群益金鼎-東大,2023-03-07,9135
1457,宜進,13,0,13,群益金鼎-東大,2023-03-07,9135
2388,威盛,24,11,13,群益金鼎-東大,2023-03-07,9135
5425,台半,136,123,13,群益金鼎-東大,2023-03-07,9135
2359,所羅門,44,31,13,群益金鼎-東大,2023-03-07,9135
4977,眾達-KY,22,11,11,群益金鼎-東大,2023-03-07,9135
2482,連宇,117,106,11,群益金鼎-東大,2023-03-07,9135
1560,中砂,11,0,11,群益金鼎-東大,2023-03-07,9135
1540,喬福,11,0,11,群益金鼎-東大,2023-03-07,9135
00892,富邦台灣半導體,11,0,11,群益金鼎-東大,2023-03-07,9135
5284,jpp-KY,12,2,10,群益金鼎-東大,2023-03-07,9135
6690,安�硌穈T,10,0,10,群益金鼎-東大,2023-03-07,9135
3056,富華新,10,0,10,群益金鼎-東大,2023-03-07,9135
6605,帝寶,10,0,10,群益金鼎-東大,2023-03-07,9135
2368,金像電,15,5,10,群益金鼎-東大,2023-03-07,9135
3504,揚明光,12,2,10,群益金鼎-東大,2023-03-07,9135
2884,玉山金,10,0,10,群益金鼎-東大,2023-03-07,9135
00720B,元大投資級公司債,10,0,10,群益金鼎-東大,2023-03-07,9135
1710,東聯,34,24,10,群益金鼎-東大,2023-03-07,9135
6177,達麗,143,0,143,群益金鼎-東大,2023-03-08,9135
2371,大同,42,3,39,群益金鼎-東大,2023-03-08,9135
00637L,元大滬深300正2,41,2,39,群益金鼎-東大,2023-03-08,9135
6205,詮欣,133,95,38,群益金鼎-東大,2023-03-08,9135
4114,健喬,33,0,33,群益金鼎-東大,2023-03-08,9135
8121,越峰,74,43,31,群益金鼎-東大,2023-03-08,9135
5258,虹堡,72,42,30,群益金鼎-東大,2023-03-08,9135
3290,東浦,30,0,30,群益金鼎-東大,2023-03-08,9135
2482,連宇,38,10,28,群益金鼎-東大,2023-03-08,9135
1584,精剛,28,2,26,群益金鼎-東大,2023-03-08,9135
5309,系統電,26,1,25,群益金鼎-東大,2023-03-08,9135
3362,先進光,306,281,25,群益金鼎-東大,2023-03-08,9135
9933,中鼎,25,1,24,群益金鼎-東大,2023-03-08,9135
2457,飛宏,30,7,23,群益金鼎-東大,2023-03-08,9135
3265,台星科,57,34,23,群益金鼎-東大,2023-03-08,9135
6221,晉泰,20,0,20,群益金鼎-東大,2023-03-08,9135
5213,亞昕,20,0,20,群益金鼎-東大,2023-03-08,9135
3031,佰鴻,20,0,20,群益金鼎-東大,2023-03-08,9135
2419,仲琦,21,2,19,群益金鼎-東大,2023-03-08,9135
3221,台嘉碩,20,1,19,群益金鼎-東大,2023-03-08,9135
5009,榮剛,69,50,19,群益金鼎-東大,2023-03-08,9135
8088,品安,24,6,18,群益金鼎-東大,2023-03-08,9135
1528,恩德,29,12,17,群益金鼎-東大,2023-03-08,9135
1102,亞泥,17,0,17,群益金鼎-東大,2023-03-08,9135
6182,合晶,17,0,17,群益金鼎-東大,2023-03-08,9135
2634,漢翔,53,37,16,群益金鼎-東大,2023-03-08,9135
1609,大亞,28,13,15,群益金鼎-東大,2023-03-08,9135
0056,元大高股息,14,0,14,群益金鼎-東大,2023-03-08,9135
2515,中工,14,0,14,群益金鼎-東大,2023-03-08,9135
6190,萬泰科,16,2,14,群益金鼎-東大,2023-03-08,9135
00882,中信中國高股息,13,0,13,群益金鼎-東大,2023-03-08,9135
8050,廣積,13,0,13,群益金鼎-東大,2023-03-08,9135
00753L,中信中國50正2,14,1,13,群益金鼎-東大,2023-03-08,9135
2610,華航,13,0,13,群益金鼎-東大,2023-03-08,9135
00878,國泰永續高股息,23,10,13,群益金鼎-東大,2023-03-08,9135
4977,眾達-KY,35,22,13,群益金鼎-東大,2023-03-08,9135
00712,復華富時不動產,12,0,12,群益金鼎-東大,2023-03-08,9135
2105,正新,10,0,10,群益金鼎-東大,2023-03-08,9135
3532,台勝科,12,2,10,群益金鼎-東大,2023-03-08,9135
00665L,富邦�琤肭磪囓�2,20,10,10,群益金鼎-東大,2023-03-08,9135
3078,僑威,10,0,10,群益金鼎-東大,2023-03-08,9135
00650L,復華香港正2,10,0,10,群益金鼎-東大,2023-03-08,9135
3035,智原,13,3,10,群益金鼎-東大,2023-03-08,9135
6770,力積電,10,0,10,群益金鼎-東大,2023-03-08,9135
2609,陽明,17,7,10,群益金鼎-東大,2023-03-08,9135
6690,安�硌穈T,10,1,9,群益金鼎-東大,2023-03-08,9135
4543,萬在,9,0,9,群益金鼎-東大,2023-03-08,9135
1101,台泥,10,1,9,群益金鼎-東大,2023-03-08,9135
00713,元大台灣高息低波,11,2,9,群益金鼎-東大,2023-03-08,9135
6245,立端,10,1,9,群益金鼎-東大,2023-03-08,9135
6177,達麗,1242,0,1242,群益金鼎-東大,2023-03-09,9135
2457,飛宏,455,148,307,群益金鼎-東大,2023-03-09,9135
00878,國泰永續高股息,63,5,58,群益金鼎-東大,2023-03-09,9135
3701,大眾控,59,2,57,群益金鼎-東大,2023-03-09,9135
6443,元晶,69,15,54,群益金鼎-東大,2023-03-09,9135
2515,中工,40,0,40,群益金鼎-東大,2023-03-09,9135
6531,愛普*,60,21,39,群益金鼎-東大,2023-03-09,9135
2317,鴻海,37,0,37,群益金鼎-東大,2023-03-09,9135
3290,東浦,36,0,36,群益金鼎-東大,2023-03-09,9135
6285,啟��,36,4,32,群益金鼎-東大,2023-03-09,9135
2337,旺宏,32,1,31,群益金鼎-東大,2023-03-09,9135
2107,厚生,30,0,30,群益金鼎-東大,2023-03-09,9135
3491,昇達科,37,7,30,群益金鼎-東大,2023-03-09,9135
5213,亞昕,29,0,29,群益金鼎-東大,2023-03-09,9135
00753L,中信中國50正2,25,0,25,群益金鼎-東大,2023-03-09,9135
6235,華孚,37,12,25,群益金鼎-東大,2023-03-09,9135
3093,港建*,36,11,25,群益金鼎-東大,2023-03-09,9135
2497,怡利電,43,19,24,群益金鼎-東大,2023-03-09,9135
3363,上詮,21,0,21,群益金鼎-東大,2023-03-09,9135
2867,三商壽,20,0,20,群益金鼎-東大,2023-03-09,9135
1313,聯成,20,0,20,群益金鼎-東大,2023-03-09,9135
3230,錦明,18,0,18,群益金鼎-東大,2023-03-09,9135
2401,凌陽,20,2,18,群益金鼎-東大,2023-03-09,9135
3708,上緯投控,18,0,18,群益金鼎-東大,2023-03-09,9135
2484,希華,33,15,18,群益金鼎-東大,2023-03-09,9135
1402,遠東新,17,0,17,群益金鼎-東大,2023-03-09,9135
0056,元大高股息,15,0,15,群益金鼎-東大,2023-03-09,9135
3066,李洲,15,0,15,群益金鼎-東大,2023-03-09,9135
6741,91APP*-KY,24,9,15,群益金鼎-東大,2023-03-09,9135
8176,智捷,15,0,15,群益金鼎-東大,2023-03-09,9135
2537,聯上發,14,0,14,群益金鼎-東大,2023-03-09,9135
5258,虹堡,61,47,14,群益金鼎-東大,2023-03-09,9135
2368,金像電,17,3,14,群益金鼎-東大,2023-03-09,9135
2481,強茂,16,2,14,群益金鼎-東大,2023-03-09,9135
2303,聯電,25,12,13,群益金鼎-東大,2023-03-09,9135
911868,同方友友-DR,13,0,13,群益金鼎-東大,2023-03-09,9135
2002,中鋼,13,0,13,群益金鼎-東大,2023-03-09,9135
6470,宇智,14,2,12,群益金鼎-東大,2023-03-09,9135
3305,昇貿,12,0,12,群益金鼎-東大,2023-03-09,9135
1718,中纖,11,0,11,群益金鼎-東大,2023-03-09,9135
1326,台化,11,0,11,群益金鼎-東大,2023-03-09,9135
2884,玉山金,11,0,11,群益金鼎-東大,2023-03-09,9135
5210,寶碩,10,0,10,群益金鼎-東大,2023-03-09,9135
3630,新鉅科,10,0,10,群益金鼎-東大,2023-03-09,9135
5403,中菲,10,0,10,群益金鼎-東大,2023-03-09,9135
4164,承業醫,10,0,10,群益金鼎-東大,2023-03-09,9135
6221,晉泰,10,0,10,群益金鼎-東大,2023-03-09,9135
5203,訊連,10,0,10,群益金鼎-東大,2023-03-09,9135
3207,耀勝,10,0,10,群益金鼎-東大,2023-03-09,9135
6005,群益證,10,1,9,群益金鼎-東大,2023-03-09,9135
00632R,元大台灣50反1,350,40,310,群益金鼎-東大,2023-03-10,9135
6177,達麗,291,0,291,群益金鼎-東大,2023-03-10,9135
1504,東元,207,2,205,群益金鼎-東大,2023-03-10,9135
3035,智原,139,16,123,群益金鼎-東大,2023-03-10,9135
00878,國泰永續高股息,116,0,116,群益金鼎-東大,2023-03-10,9135
2641,正德,78,18,60,群益金鼎-東大,2023-03-10,9135
00923,群益台ESG低碳50,60,0,60,群益金鼎-東大,2023-03-10,9135
2330,台積電,57,1,56,群益金鼎-東大,2023-03-10,9135
2610,華航,84,33,51,群益金鼎-東大,2023-03-10,9135
4142,國光生,45,4,41,群益金鼎-東大,2023-03-10,9135
6770,力積電,44,4,40,群益金鼎-東大,2023-03-10,9135
2891,中信金,36,1,35,群益金鼎-東大,2023-03-10,9135
2609,陽明,137,102,35,群益金鼎-東大,2023-03-10,9135
00882,中信中國高股息,34,0,34,群益金鼎-東大,2023-03-10,9135
00669R,國泰美國道瓊反1,49,16,33,群益金鼎-東大,2023-03-10,9135
1339,昭輝,32,0,32,群益金鼎-東大,2023-03-10,9135
2618,長榮航,40,10,30,群益金鼎-東大,2023-03-10,9135
00751B,元大AAA至A公司債,30,0,30,群益金鼎-東大,2023-03-10,9135
00637L,元大滬深300正2,42,14,28,群益金鼎-東大,2023-03-10,9135
3046,建��,39,11,28,群益金鼎-東大,2023-03-10,9135
2027,大成鋼,26,0,26,群益金鼎-東大,2023-03-10,9135
2884,玉山金,22,0,22,群益金鼎-東大,2023-03-10,9135
5213,亞昕,21,0,21,群益金鼎-東大,2023-03-10,9135
2303,聯電,22,2,20,群益金鼎-東大,2023-03-10,9135
00680L,元大美債20正2,20,1,19,群益金鼎-東大,2023-03-10,9135
1524,耿鼎,32,13,19,群益金鼎-東大,2023-03-10,9135
00753L,中信中國50正2,55,36,19,群益金鼎-東大,2023-03-10,9135
2331,精英,20,2,18,群益金鼎-東大,2023-03-10,9135
8046,南電,29,12,17,群益金鼎-東大,2023-03-10,9135
2201,裕隆,28,11,17,群益金鼎-東大,2023-03-10,9135
2892,第一金,16,1,15,群益金鼎-東大,2023-03-10,9135
3666,光耀,26,11,15,群益金鼎-東大,2023-03-10,9135
00665L,富邦�琤肭磪囓�2,25,10,15,群益金鼎-東大,2023-03-10,9135
00902,中信電池及儲能,15,0,15,群益金鼎-東大,2023-03-10,9135
3305,昇貿,15,0,15,群益金鼎-東大,2023-03-10,9135
00881,國泰台灣5G+,15,0,15,群益金鼎-東大,2023-03-10,9135
6789,采鈺,15,1,14,群益金鼎-東大,2023-03-10,9135
2885,元大金,14,0,14,群益金鼎-東大,2023-03-10,9135
8429,金麗-KY,13,0,13,群益金鼎-東大,2023-03-10,9135
3027,盛達,105,92,13,群益金鼎-東大,2023-03-10,9135
0050,元大台灣50,13,1,12,群益金鼎-東大,2023-03-10,9135
3037,欣興,20,8,12,群益金鼎-東大,2023-03-10,9135
2538,基泰,12,0,12,群益金鼎-東大,2023-03-10,9135
3289,宜特,15,3,12,群益金鼎-東大,2023-03-10,9135
1513,中興電,39,27,12,群益金鼎-東大,2023-03-10,9135
0056,元大高股息,28,17,11,群益金鼎-東大,2023-03-10,9135
8069,元太,78,67,11,群益金鼎-東大,2023-03-10,9135
3652,精聯,12,1,11,群益金鼎-東大,2023-03-10,9135
5876,上海商銀,11,0,11,群益金鼎-東大,2023-03-10,9135
2634,漢翔,22,11,11,群益金鼎-東大,2023-03-10,9135
4967,十銓,200,1,199,群益金鼎-東大,2023-03-13,9135
00632R,元大台灣50反1,206,82,124,群益金鼎-東大,2023-03-13,9135
6576,逸達,70,1,69,群益金鼎-東大,2023-03-13,9135
3024,憶聲,50,1,49,群益金鼎-東大,2023-03-13,9135
4916,事欣科,60,13,47,群益金鼎-東大,2023-03-13,9135
6235,華孚,79,34,45,群益金鼎-東大,2023-03-13,9135
2634,漢翔,60,19,41,群益金鼎-東大,2023-03-13,9135
3481,群創,34,1,33,群益金鼎-東大,2023-03-13,9135
8105,凌巨,33,1,32,群益金鼎-東大,2023-03-13,9135
00669R,國泰美國道瓊反1,32,0,32,群益金鼎-東大,2023-03-13,9135
1605,華新,31,4,27,群益金鼎-東大,2023-03-13,9135
1339,昭輝,28,1,27,群益金鼎-東大,2023-03-13,9135
2413,環科,91,65,26,群益金鼎-東大,2023-03-13,9135
00713,元大台灣高息低波,24,0,24,群益金鼎-東大,2023-03-13,9135
4536,拓凱,23,2,21,群益金鼎-東大,2023-03-13,9135
2891,中信金,23,3,20,群益金鼎-東大,2023-03-13,9135
2356,英業達,20,0,20,群益金鼎-東大,2023-03-13,9135
00680L,元大美債20正2,20,0,20,群益金鼎-東大,2023-03-13,9135
3535,晶彩科,20,0,20,群益金鼎-東大,2023-03-13,9135
3078,僑威,20,0,20,群益金鼎-東大,2023-03-13,9135
2834,臺企銀,59,40,19,群益金鼎-東大,2023-03-13,9135
6593,台灣銘板,20,1,19,群益金鼎-東大,2023-03-13,9135
2609,陽明,88,70,18,群益金鼎-東大,2023-03-13,9135
2402,毅嘉,21,4,17,群益金鼎-東大,2023-03-13,9135
2374,佳能,15,0,15,群益金鼎-東大,2023-03-13,9135
5014,建錩,15,0,15,群益金鼎-東大,2023-03-13,9135
3033,威健,15,0,15,群益金鼎-東大,2023-03-13,9135
4114,健喬,14,0,14,群益金鼎-東大,2023-03-13,9135
2027,大成鋼,40,26,14,群益金鼎-東大,2023-03-13,9135
6188,廣明,13,0,13,群益金鼎-東大,2023-03-13,9135
3029,零壹,13,0,13,群益金鼎-東大,2023-03-13,9135
3209,全科,12,0,12,群益金鼎-東大,2023-03-13,9135
3013,晟銘電,12,0,12,群益金鼎-東大,2023-03-13,9135
8450,霹靂,12,0,12,群益金鼎-東大,2023-03-13,9135
2736,富野,11,0,11,群益金鼎-東大,2023-03-13,9135
5607,遠雄港,11,0,11,群益金鼎-東大,2023-03-13,9135
6443,元晶,10,0,10,群益金鼎-東大,2023-03-13,9135
3363,上詮,10,0,10,群益金鼎-東大,2023-03-13,9135
00650L,復華香港正2,10,0,10,群益金鼎-東大,2023-03-13,9135
4173,久裕,10,0,10,群益金鼎-東大,2023-03-13,9135
2596,綠意,10,0,10,群益金鼎-東大,2023-03-13,9135
1313,聯成,10,0,10,群益金鼎-東大,2023-03-13,9135
8213,志超,9,0,9,群益金鼎-東大,2023-03-13,9135
00751B,元大AAA至A公司債,9,0,9,群益金鼎-東大,2023-03-13,9135
6191,精成科,10,2,8,群益金鼎-東大,2023-03-13,9135
6547,高端疫苗,8,0,8,群益金鼎-東大,2023-03-13,9135
6415,矽力*-KY,7,0,7,群益金鼎-東大,2023-03-13,9135
1418,東華,7,0,7,群益金鼎-東大,2023-03-13,9135
00673R,期元大S＆P原油反1,9,2,7,群益金鼎-東大,2023-03-13,9135
5309,系統電,7,0,7,群益金鼎-東大,2023-03-13,9135
2834,臺企銀,167,14,153,群益金鼎-東大,2023-03-14,9135
2603,長榮,176,44,132,群益金鼎-東大,2023-03-14,9135
00878,國泰永續高股息,132,6,126,群益金鼎-東大,2023-03-14,9135
1101,台泥,33,0,33,群益金鼎-東大,2023-03-14,9135
2457,飛宏,241,209,32,群益金鼎-東大,2023-03-14,9135
3078,僑威,30,0,30,群益金鼎-東大,2023-03-14,9135
00751B,元大AAA至A公司債,30,0,30,群益金鼎-東大,2023-03-14,9135
2891,中信金,29,0,29,群益金鼎-東大,2023-03-14,9135
2889,國票金,27,0,27,群益金鼎-東大,2023-03-14,9135
2838,聯邦銀,26,0,26,群益金鼎-東大,2023-03-14,9135
00712,復華富時不動產,25,0,25,群益金鼎-東大,2023-03-14,9135
2645,長榮航太,23,1,22,群益金鼎-東大,2023-03-14,9135
2317,鴻海,23,1,22,群益金鼎-東大,2023-03-14,9135
2610,華航,28,7,21,群益金鼎-東大,2023-03-14,9135
6274,台燿,21,0,21,群益金鼎-東大,2023-03-14,9135
3024,憶聲,21,0,21,群益金鼎-東大,2023-03-14,9135
2812,台中銀,23,3,20,群益金鼎-東大,2023-03-14,9135
00715L,期街口布蘭特正2,20,0,20,群益金鼎-東大,2023-03-14,9135
1522,堤維西,20,0,20,群益金鼎-東大,2023-03-14,9135
00713,元大台灣高息低波,22,3,19,群益金鼎-東大,2023-03-14,9135
1342,八貫,18,0,18,群益金鼎-東大,2023-03-14,9135
3031,佰鴻,18,0,18,群益金鼎-東大,2023-03-14,9135
2618,長榮航,20,2,18,群益金鼎-東大,2023-03-14,9135
2303,聯電,19,3,16,群益金鼎-東大,2023-03-14,9135
2388,威盛,29,13,16,群益金鼎-東大,2023-03-14,9135
4763,材料-KY,28,13,15,群益金鼎-東大,2023-03-14,9135
3441,聯一光,21,6,15,群益金鼎-東大,2023-03-14,9135
1313,聯成,15,0,15,群益金鼎-東大,2023-03-14,9135
00650L,復華香港正2,15,0,15,群益金鼎-東大,2023-03-14,9135
3594,磐儀,17,2,15,群益金鼎-東大,2023-03-14,9135
00923,群益台ESG低碳50,15,0,15,群益金鼎-東大,2023-03-14,9135
00902,中信電池及儲能,14,0,14,群益金鼎-東大,2023-03-14,9135
4958,臻鼎-KY,14,0,14,群益金鼎-東大,2023-03-14,9135
2884,玉山金,14,2,12,群益金鼎-東大,2023-03-14,9135
1305,華夏,12,0,12,群益金鼎-東大,2023-03-14,9135
8429,金麗-KY,12,0,12,群益金鼎-東大,2023-03-14,9135
2538,基泰,12,0,12,群益金鼎-東大,2023-03-14,9135
2883,凱基金,12,1,11,群益金鼎-東大,2023-03-14,9135
0050,元大台灣50,13,2,11,群益金鼎-東大,2023-03-14,9135
2108,南帝,10,0,10,群益金鼎-東大,2023-03-14,9135
6237,驊訊,10,0,10,群益金鼎-東大,2023-03-14,9135
2383,台光電,10,0,10,群益金鼎-東大,2023-03-14,9135
2885,元大金,10,0,10,群益金鼎-東大,2023-03-14,9135
00882,中信中國高股息,9,0,9,群益金鼎-東大,2023-03-14,9135
2427,三商電,18,9,9,群益金鼎-東大,2023-03-14,9135
00675L,富邦臺灣加權正2,10,1,9,群益金鼎-東大,2023-03-14,9135
0056,元大高股息,8,0,8,群益金鼎-東大,2023-03-14,9135
00893,國泰智能電動車,8,0,8,群益金鼎-東大,2023-03-14,9135
2609,陽明,25,17,8,群益金鼎-東大,2023-03-14,9135
00885,富邦越南,18,10,8,群益金鼎-東大,2023-03-14,9135
00632R,元大台灣50反1,272,0,272,群益金鼎-東大,2023-03-15,9135
2476,鉅祥,105,3,102,群益金鼎-東大,2023-03-15,9135
6244,茂迪,110,10,100,群益金鼎-東大,2023-03-15,9135
00878,國泰永續高股息,78,26,52,群益金鼎-東大,2023-03-15,9135
00712,復華富時不動產,55,6,49,群益金鼎-東大,2023-03-15,9135
00715L,期街口布蘭特正2,41,0,41,群益金鼎-東大,2023-03-15,9135
2359,所羅門,79,39,40,群益金鼎-東大,2023-03-15,9135
6472,保瑞,68,30,38,群益金鼎-東大,2023-03-15,9135
2371,大同,36,0,36,群益金鼎-東大,2023-03-15,9135
3481,群創,61,27,34,群益金鼎-東大,2023-03-15,9135
00679B,元大美債20年,28,0,28,群益金鼎-東大,2023-03-15,9135
00772B,中信高評級公司債,25,0,25,群益金鼎-東大,2023-03-15,9135
2609,陽明,79,54,25,群益金鼎-東大,2023-03-15,9135
2834,臺企銀,21,0,21,群益金鼎-東大,2023-03-15,9135
2634,漢翔,40,20,20,群益金鼎-東大,2023-03-15,9135
3576,聯合再生,20,0,20,群益金鼎-東大,2023-03-15,9135
2615,萬海,31,11,20,群益金鼎-東大,2023-03-15,9135
2515,中工,20,0,20,群益金鼎-東大,2023-03-15,9135
5701,劍湖山,20,0,20,群益金鼎-東大,2023-03-15,9135
2376,技嘉,20,1,19,群益金鼎-東大,2023-03-15,9135
6799,來頡,36,17,19,群益金鼎-東大,2023-03-15,9135
6142,友勁,18,0,18,群益金鼎-東大,2023-03-15,9135
2891,中信金,17,0,17,群益金鼎-東大,2023-03-15,9135
8121,越峰,70,53,17,群益金鼎-東大,2023-03-15,9135
3264,欣銓,18,2,16,群益金鼎-東大,2023-03-15,9135
6248,沛波,15,0,15,群益金鼎-東大,2023-03-15,9135
2388,威盛,49,34,15,群益金鼎-東大,2023-03-15,9135
2458,義隆,13,0,13,群益金鼎-東大,2023-03-15,9135
00642U,期元大S＆P石油,13,0,13,群益金鼎-東大,2023-03-15,9135
2889,國票金,15,2,13,群益金鼎-東大,2023-03-15,9135
2344,華邦電,12,0,12,群益金鼎-東大,2023-03-15,9135
00751B,元大AAA至A公司債,12,0,12,群益金鼎-東大,2023-03-15,9135
3624,光頡,16,5,11,群益金鼎-東大,2023-03-15,9135
1313,聯成,11,0,11,群益金鼎-東大,2023-03-15,9135
00905,FT臺灣Smart,11,0,11,群益金鼎-東大,2023-03-15,9135
4736,泰博,11,0,11,群益金鼎-東大,2023-03-15,9135
3058,立德,10,0,10,群益金鼎-東大,2023-03-15,9135
1314,中石化,13,3,10,群益金鼎-東大,2023-03-15,9135
3512,皇龍,10,0,10,群益金鼎-東大,2023-03-15,9135
2201,裕隆,11,1,10,群益金鼎-東大,2023-03-15,9135
2884,玉山金,9,0,9,群益金鼎-東大,2023-03-15,9135
2317,鴻海,10,1,9,群益金鼎-東大,2023-03-15,9135
0050,元大台灣50,9,0,9,群益金鼎-東大,2023-03-15,9135
5347,世界,10,1,9,群益金鼎-東大,2023-03-15,9135
2429,銘旺科,9,0,9,群益金鼎-東大,2023-03-15,9135
00720B,元大投資級公司債,9,0,9,群益金鼎-東大,2023-03-15,9135
2302,麗正,10,1,9,群益金鼎-東大,2023-03-15,9135
1513,中興電,52,43,9,群益金鼎-東大,2023-03-15,9135
6593,台灣銘板,15,7,8,群益金鼎-東大,2023-03-15,9135
1795,美時,12,4,8,群益金鼎-東大,2023-03-15,9135
00715L,期街口布蘭特正2,561,89,472,群益金鼎-東大,2023-03-16,9135
2834,臺企銀,299,134,165,群益金鼎-東大,2023-03-16,9135
00878,國泰永續高股息,134,12,122,群益金鼎-東大,2023-03-16,9135
2891,中信金,60,0,60,群益金鼎-東大,2023-03-16,9135
1760,寶齡富錦,51,1,50,群益金鼎-東大,2023-03-16,9135
2609,陽明,48,8,40,群益金鼎-東大,2023-03-16,9135
2353,宏��,43,5,38,群益金鼎-東大,2023-03-16,9135
6411,晶焱,33,1,32,群益金鼎-東大,2023-03-16,9135
3078,僑威,30,0,30,群益金鼎-東大,2023-03-16,9135
2413,環科,42,12,30,群益金鼎-東大,2023-03-16,9135
2317,鴻海,37,8,29,群益金鼎-東大,2023-03-16,9135
2851,中再保,28,0,28,群益金鼎-東大,2023-03-16,9135
6533,晶心科,23,2,21,群益金鼎-東大,2023-03-16,9135
3046,建��,32,11,21,群益金鼎-東大,2023-03-16,9135
2337,旺宏,21,0,21,群益金鼎-東大,2023-03-16,9135
2349,錸德,21,0,21,群益金鼎-東大,2023-03-16,9135
00712,復華富時不動產,21,1,20,群益金鼎-東大,2023-03-16,9135
00720B,元大投資級公司債,20,0,20,群益金鼎-東大,2023-03-16,9135
3024,憶聲,18,0,18,群益金鼎-東大,2023-03-16,9135
8933,愛地雅,23,7,16,群益金鼎-東大,2023-03-16,9135
2885,元大金,17,1,16,群益金鼎-東大,2023-03-16,9135
6163,華電網,42,26,16,群益金鼎-東大,2023-03-16,9135
3033,威健,15,0,15,群益金鼎-東大,2023-03-16,9135
2027,大成鋼,17,2,15,群益金鼎-東大,2023-03-16,9135
2882,國泰金,15,0,15,群益金鼎-東大,2023-03-16,9135
00885,富邦越南,20,6,14,群益金鼎-東大,2023-03-16,9135
5425,台半,40,26,14,群益金鼎-東大,2023-03-16,9135
3624,光頡,16,2,14,群益金鼎-東大,2023-03-16,9135
2017,官田鋼,13,0,13,群益金鼎-東大,2023-03-16,9135
5464,霖宏,13,0,13,群益金鼎-東大,2023-03-16,9135
6122,擎邦,12,0,12,群益金鼎-東大,2023-03-16,9135
3583,辛耘,11,0,11,群益金鼎-東大,2023-03-16,9135
6191,精成科,11,0,11,群益金鼎-東大,2023-03-16,9135
3217,優群,13,2,11,群益金鼎-東大,2023-03-16,9135
2887,台新金,11,0,11,群益金鼎-東大,2023-03-16,9135
3028,增你強,11,1,10,群益金鼎-東大,2023-03-16,9135
00665L,富邦�琤肭磪囓�2,10,0,10,群益金鼎-東大,2023-03-16,9135
0056,元大高股息,12,3,9,群益金鼎-東大,2023-03-16,9135
2330,台積電,9,1,8,群益金鼎-東大,2023-03-16,9135
2482,連宇,20,12,8,群益金鼎-東大,2023-03-16,9135
3093,港建*,12,4,8,群益金鼎-東大,2023-03-16,9135
2883B,凱基金乙特,8,0,8,群益金鼎-東大,2023-03-16,9135
4155,訊映,8,0,8,群益金鼎-東大,2023-03-16,9135
8171,天宇,11,3,8,群益金鼎-東大,2023-03-16,9135
6290,良維,22,14,8,群益金鼎-東大,2023-03-16,9135
00642U,期元大S＆P石油,8,0,8,群益金鼎-東大,2023-03-16,9135
8996,高力,7,0,7,群益金鼎-東大,2023-03-16,9135
3531,先益,7,0,7,群益金鼎-東大,2023-03-16,9135
00923,群益台ESG低碳50,11,4,7,群益金鼎-東大,2023-03-16,9135
4915,致伸,7,0,7,群益金鼎-東大,2023-03-16,9135
2457,飛宏,418,180,238,群益金鼎-東大,2023-03-17,9135
6244,茂迪,139,44,95,群益金鼎-東大,2023-03-17,9135
2883,凱基金,66,0,66,群益金鼎-東大,2023-03-17,9135
3481,群創,67,13,54,群益金鼎-東大,2023-03-17,9135
6109,亞元,35,0,35,群益金鼎-東大,2023-03-17,9135
00720B,元大投資級公司債,35,0,35,群益金鼎-東大,2023-03-17,9135
2481,強茂,34,0,34,群益金鼎-東大,2023-03-17,9135
6533,晶心科,40,8,32,群益金鼎-東大,2023-03-17,9135
1471,首利,32,0,32,群益金鼎-東大,2023-03-17,9135
4967,十銓,100,71,29,群益金鼎-東大,2023-03-17,9135
00673R,期元大S＆P原油反1,25,0,25,群益金鼎-東大,2023-03-17,9135
3231,緯創,35,12,23,群益金鼎-東大,2023-03-17,9135
5203,訊連,24,2,22,群益金鼎-東大,2023-03-17,9135
3027,盛達,66,46,20,群益金鼎-東大,2023-03-17,9135
8033,雷虎,20,0,20,群益金鼎-東大,2023-03-17,9135
5701,劍湖山,20,0,20,群益金鼎-東大,2023-03-17,9135
2610,華航,20,1,19,群益金鼎-東大,2023-03-17,9135
6643,M31,22,4,18,群益金鼎-東大,2023-03-17,9135
1308,亞聚,18,0,18,群益金鼎-東大,2023-03-17,9135
3402,漢科,19,1,18,群益金鼎-東大,2023-03-17,9135
3529,力旺,20,2,18,群益金鼎-東大,2023-03-17,9135
4536,拓凱,17,0,17,群益金鼎-東大,2023-03-17,9135
2891,中信金,16,0,16,群益金鼎-東大,2023-03-17,9135
00646,元大S＆P500,16,0,16,群益金鼎-東大,2023-03-17,9135
00715L,期街口布蘭特正2,16,1,15,群益金鼎-東大,2023-03-17,9135
4953,緯軟,15,0,15,群益金鼎-東大,2023-03-17,9135
1336,台翰,14,0,14,群益金鼎-東大,2023-03-17,9135
2882,國泰金,15,1,14,群益金鼎-東大,2023-03-17,9135
6679,鈺太,33,20,13,群益金鼎-東大,2023-03-17,9135
00671R,富邦NASDAQ反1,13,0,13,群益金鼎-東大,2023-03-17,9135
2413,環科,12,0,12,群益金鼎-東大,2023-03-17,9135
5009,榮剛,12,0,12,群益金鼎-東大,2023-03-17,9135
00902,中信電池及儲能,12,0,12,群益金鼎-東大,2023-03-17,9135
00642U,期元大S＆P石油,14,2,12,群益金鼎-東大,2023-03-17,9135
3038,全台,12,0,12,群益金鼎-東大,2023-03-17,9135
00772B,中信高評級公司債,11,0,11,群益金鼎-東大,2023-03-17,9135
9904,寶成,11,0,11,群益金鼎-東大,2023-03-17,9135
0061,元大寶滬深,11,0,11,群益金鼎-東大,2023-03-17,9135
1603,華電,11,0,11,群益金鼎-東大,2023-03-17,9135
0056,元大高股息,15,5,10,群益金鼎-東大,2023-03-17,9135
3346,麗清,10,0,10,群益金鼎-東大,2023-03-17,9135
2460,建通,10,0,10,群益金鼎-東大,2023-03-17,9135
2402,毅嘉,10,0,10,群益金鼎-東大,2023-03-17,9135
2820,華票,10,0,10,群益金鼎-東大,2023-03-17,9135
6188,廣明,10,0,10,群益金鼎-東大,2023-03-17,9135
4934,太極,10,0,10,群益金鼎-東大,2023-03-17,9135
2888,新光金,10,0,10,群益金鼎-東大,2023-03-17,9135
6237,驊訊,9,0,9,群益金鼎-東大,2023-03-17,9135
6727,亞泰金屬,9,0,9,群益金鼎-東大,2023-03-17,9135
4979,華星光,22,13,9,群益金鼎-東大,2023-03-17,9135
2330,台積電,107,2,105,群益金鼎-東大,2023-03-20,9135
8046,南電,93,0,93,群益金鼎-東大,2023-03-20,9135
6235,華孚,91,15,76,群益金鼎-東大,2023-03-20,9135
6531,愛普*,108,44,64,群益金鼎-東大,2023-03-20,9135
00878,國泰永續高股息,59,5,54,群益金鼎-東大,2023-03-20,9135
1218,泰山,50,0,50,群益金鼎-東大,2023-03-20,9135
00713,元大台灣高息低波,50,7,43,群益金鼎-東大,2023-03-20,9135
5488,松普,40,0,40,群益金鼎-東大,2023-03-20,9135
00902,中信電池及儲能,33,0,33,群益金鼎-東大,2023-03-20,9135
00715L,期街口布蘭特正2,32,0,32,群益金鼎-東大,2023-03-20,9135
3037,欣興,30,0,30,群益金鼎-東大,2023-03-20,9135
3029,零壹,33,3,30,群益金鼎-東大,2023-03-20,9135
2317,鴻海,27,0,27,群益金鼎-東大,2023-03-20,9135
8033,雷虎,26,0,26,群益金鼎-東大,2023-03-20,9135
2603,長榮,29,6,23,群益金鼎-東大,2023-03-20,9135
2388,威盛,30,8,22,群益金鼎-東大,2023-03-20,9135
00923,群益台ESG低碳50,22,0,22,群益金鼎-東大,2023-03-20,9135
2882,國泰金,20,0,20,群益金鼎-東大,2023-03-20,9135
2208,台船,20,0,20,群益金鼎-東大,2023-03-20,9135
3576,聯合再生,24,4,20,群益金鼎-東大,2023-03-20,9135
4306,炎洲,19,0,19,群益金鼎-東大,2023-03-20,9135
6244,茂迪,424,407,17,群益金鼎-東大,2023-03-20,9135
2338,光罩,21,6,15,群益金鼎-東大,2023-03-20,9135
5258,虹堡,26,12,14,群益金鼎-東大,2023-03-20,9135
00751B,元大AAA至A公司債,14,0,14,群益金鼎-東大,2023-03-20,9135
9945,潤泰新,24,10,14,群益金鼎-東大,2023-03-20,9135
3217,優群,16,3,13,群益金鼎-東大,2023-03-20,9135
006208,富邦台50,12,0,12,群益金鼎-東大,2023-03-20,9135
5483,中美晶,11,0,11,群益金鼎-東大,2023-03-20,9135
2359,所羅門,50,40,10,群益金鼎-東大,2023-03-20,9135
2886,兆豐金,10,0,10,群益金鼎-東大,2023-03-20,9135
1605,華新,10,0,10,群益金鼎-東大,2023-03-20,9135
00633L,富邦上証正2,10,0,10,群益金鼎-東大,2023-03-20,9135
00773B,中信優先金融債,10,0,10,群益金鼎-東大,2023-03-20,9135
5211,蒙恬,12,2,10,群益金鼎-東大,2023-03-20,9135
2453,凌群,74,64,10,群益金鼎-東大,2023-03-20,9135
2888,新光金,11,2,9,群益金鼎-東大,2023-03-20,9135
5203,訊連,10,1,9,群益金鼎-東大,2023-03-20,9135
8210,勤誠,9,0,9,群益金鼎-東大,2023-03-20,9135
2344,華邦電,22,13,9,群益金鼎-東大,2023-03-20,9135
2482,連宇,44,36,8,群益金鼎-東大,2023-03-20,9135
2883B,凱基金乙特,8,0,8,群益金鼎-東大,2023-03-20,9135
3529,力旺,8,0,8,群益金鼎-東大,2023-03-20,9135
00679B,元大美債20年,8,0,8,群益金鼎-東大,2023-03-20,9135
2722,夏都,11,4,7,群益金鼎-東大,2023-03-20,9135
2362,藍天,7,0,7,群益金鼎-東大,2023-03-20,9135
4968,立積,7,0,7,群益金鼎-東大,2023-03-20,9135
1514,亞力,11,4,7,群益金鼎-東大,2023-03-20,9135
3265,台星科,8,1,7,群益金鼎-東大,2023-03-20,9135
3066,李洲,7,0,7,群益金鼎-東大,2023-03-20,9135
1760,寶齡富錦,139,1,138,群益金鼎-東大,2023-03-21,9135
2482,連宇,114,17,97,群益金鼎-東大,2023-03-21,9135
6235,華孚,84,20,64,群益金鼎-東大,2023-03-21,9135
00878,國泰永續高股息,46,0,46,群益金鼎-東大,2023-03-21,9135
6411,晶焱,41,11,30,群益金鼎-東大,2023-03-21,9135
00671R,富邦NASDAQ反1,30,0,30,群益金鼎-東大,2023-03-21,9135
5351,鈺創,33,3,30,群益金鼎-東大,2023-03-21,9135
2201,裕隆,41,12,29,群益金鼎-東大,2023-03-21,9135
2314,台揚,30,1,29,群益金鼎-東大,2023-03-21,9135
00885,富邦越南,31,5,26,群益金鼎-東大,2023-03-21,9135
3689,湧德,25,0,25,群益金鼎-東大,2023-03-21,9135
2344,華邦電,35,11,24,群益金鼎-東大,2023-03-21,9135
2891,中信金,23,0,23,群益金鼎-東大,2023-03-21,9135
2338,光罩,37,14,23,群益金鼎-東大,2023-03-21,9135
8289,泰藝,22,2,20,群益金鼎-東大,2023-03-21,9135
8033,雷虎,20,0,20,群益金鼎-東大,2023-03-21,9135
00674R,期元大S＆P黃金反1,20,0,20,群益金鼎-東大,2023-03-21,9135
3221,台嘉碩,21,2,19,群益金鼎-東大,2023-03-21,9135
2457,飛宏,264,245,19,群益金鼎-東大,2023-03-21,9135
6288,聯嘉,21,2,19,群益金鼎-東大,2023-03-21,9135
2402,毅嘉,27,9,18,群益金鼎-東大,2023-03-21,9135
2609,陽明,18,2,16,群益金鼎-東大,2023-03-21,9135
3443,創意,19,4,15,群益金鼎-東大,2023-03-21,9135
5009,榮剛,49,34,15,群益金鼎-東大,2023-03-21,9135
2421,建準,17,3,14,群益金鼎-東大,2023-03-21,9135
00632R,元大台灣50反1,13,0,13,群益金鼎-東大,2023-03-21,9135
00712,復華富時不動產,13,0,13,群益金鼎-東大,2023-03-21,9135
2204,中華,18,5,13,群益金鼎-東大,2023-03-21,9135
2388,威盛,21,8,13,群益金鼎-東大,2023-03-21,9135
2303,聯電,16,4,12,群益金鼎-東大,2023-03-21,9135
4306,炎洲,12,0,12,群益金鼎-東大,2023-03-21,9135
3162,精確,40,28,12,群益金鼎-東大,2023-03-21,9135
5425,台半,32,21,11,群益金鼎-東大,2023-03-21,9135
5203,訊連,10,0,10,群益金鼎-東大,2023-03-21,9135
6231,系微,50,40,10,群益金鼎-東大,2023-03-21,9135
2834,臺企銀,40,30,10,群益金鼎-東大,2023-03-21,9135
3178,公準,10,0,10,群益金鼎-東大,2023-03-21,9135
3207,耀勝,10,0,10,群益金鼎-東大,2023-03-21,9135
2596,綠意,10,0,10,群益金鼎-東大,2023-03-21,9135
3715,定穎投控,10,0,10,群益金鼎-東大,2023-03-21,9135
4906,正文,9,0,9,群益金鼎-東大,2023-03-21,9135
5289,宜鼎,15,6,9,群益金鼎-東大,2023-03-21,9135
2413,環科,19,10,9,群益金鼎-東大,2023-03-21,9135
2884,玉山金,9,0,9,群益金鼎-東大,2023-03-21,9135
6140,訊達,10,1,9,群益金鼎-東大,2023-03-21,9135
1524,耿鼎,34,26,8,群益金鼎-東大,2023-03-21,9135
2449,京元電子,10,2,8,群益金鼎-東大,2023-03-21,9135
6128,上福,8,0,8,群益金鼎-東大,2023-03-21,9135
2887,台新金,8,0,8,群益金鼎-東大,2023-03-21,9135
3013,晟銘電,17,9,8,群益金鼎-東大,2023-03-21,9135
00632R,元大台灣50反1,150,0,150,群益金鼎-東大,2023-03-22,9135
4967,十銓,142,30,112,群益金鼎-東大,2023-03-22,9135
5353,台林,133,35,98,群益金鼎-東大,2023-03-22,9135
3479,安勤,109,14,95,群益金鼎-東大,2023-03-22,9135
2889,國票金,105,18,87,群益金鼎-東大,2023-03-22,9135
00679B,元大美債20年,51,7,44,群益金鼎-東大,2023-03-22,9135
6122,擎邦,41,4,37,群益金鼎-東大,2023-03-22,9135
6182,合晶,36,2,34,群益金鼎-東大,2023-03-22,9135
1513,中興電,34,2,32,群益金鼎-東大,2023-03-22,9135
2457,飛宏,73,45,28,群益金鼎-東大,2023-03-22,9135
3047,訊舟,25,0,25,群益金鼎-東大,2023-03-22,9135
2353,宏��,30,7,23,群益金鼎-東大,2023-03-22,9135
1522,堤維西,25,2,23,群益金鼎-東大,2023-03-22,9135
3558,神準,41,20,21,群益金鼎-東大,2023-03-22,9135
3094,聯傑,20,0,20,群益金鼎-東大,2023-03-22,9135
00878,國泰永續高股息,24,4,20,群益金鼎-東大,2023-03-22,9135
3289,宜特,16,2,14,群益金鼎-東大,2023-03-22,9135
6163,華電網,16,3,13,群益金鼎-東大,2023-03-22,9135
6275,元山,16,3,13,群益金鼎-東大,2023-03-22,9135
3038,全台,18,5,13,群益金鼎-東大,2023-03-22,9135
2834,臺企銀,14,1,13,群益金鼎-東大,2023-03-22,9135
1524,耿鼎,74,61,13,群益金鼎-東大,2023-03-22,9135
2486,一詮,11,0,11,群益金鼎-東大,2023-03-22,9135
6129,普誠,10,0,10,群益金鼎-東大,2023-03-22,9135
2367,燿華,10,0,10,群益金鼎-東大,2023-03-22,9135
2002,中鋼,10,0,10,群益金鼎-東大,2023-03-22,9135
3088,艾訊,11,1,10,群益金鼎-東大,2023-03-22,9135
3221,台嘉碩,10,1,9,群益金鼎-東大,2023-03-22,9135
1325,恆大,9,0,9,群益金鼎-東大,2023-03-22,9135
2421,建準,10,1,9,群益金鼎-東大,2023-03-22,9135
4763,材料-KY,16,7,9,群益金鼎-東大,2023-03-22,9135
3058,立德,10,2,8,群益金鼎-東大,2023-03-22,9135
4960,誠美材,8,0,8,群益金鼎-東大,2023-03-22,9135
4147,中裕,8,0,8,群益金鼎-東大,2023-03-22,9135
2388,威盛,52,44,8,群益金鼎-東大,2023-03-22,9135
00713,元大台灣高息低波,8,0,8,群益金鼎-東大,2023-03-22,9135
6188,廣明,10,3,7,群益金鼎-東大,2023-03-22,9135
4968,立積,7,0,7,群益金鼎-東大,2023-03-22,9135
00671R,富邦NASDAQ反1,7,0,7,群益金鼎-東大,2023-03-22,9135
00900,富邦特選高股息30,7,0,7,群益金鼎-東大,2023-03-22,9135
6191,精成科,10,3,7,群益金鼎-東大,2023-03-22,9135
4934,太極,7,0,7,群益金鼎-東大,2023-03-22,9135
1504,東元,22,16,6,群益金鼎-東大,2023-03-22,9135
6533,晶心科,7,1,6,群益金鼎-東大,2023-03-22,9135
3290,東浦,6,0,6,群益金鼎-東大,2023-03-22,9135
2027,大成鋼,6,0,6,群益金鼎-東大,2023-03-22,9135
3362,先進光,8,2,6,群益金鼎-東大,2023-03-22,9135
6741,91APP*-KY,11,5,6,群益金鼎-東大,2023-03-22,9135
6120,達運,6,0,6,群益金鼎-東大,2023-03-22,9135
3090,日電貿,6,0,6,群益金鼎-東大,2023-03-22,9135
3035,智原,170,21,149,群益金鼎-東大,2023-03-23,9135
3545,敦泰,106,0,106,群益金鼎-東大,2023-03-23,9135
5353,台林,84,13,71,群益金鼎-東大,2023-03-23,9135
6443,元晶,66,9,57,群益金鼎-東大,2023-03-23,9135
4967,十銓,140,85,55,群益金鼎-東大,2023-03-23,9135
2402,毅嘉,308,259,49,群益金鼎-東大,2023-03-23,9135
8050,廣積,36,0,36,群益金鼎-東大,2023-03-23,9135
2610,華航,31,0,31,群益金鼎-東大,2023-03-23,9135
3441,聯一光,36,6,30,群益金鼎-東大,2023-03-23,9135
2337,旺宏,30,1,29,群益金鼎-東大,2023-03-23,9135
1504,東元,80,51,29,群益金鼎-東大,2023-03-23,9135
3362,先進光,30,2,28,群益金鼎-東大,2023-03-23,9135
00713,元大台灣高息低波,26,0,26,群益金鼎-東大,2023-03-23,9135
8222,寶一,29,4,25,群益金鼎-東大,2023-03-23,9135
5425,台半,55,30,25,群益金鼎-東大,2023-03-23,9135
00642U,期元大S＆P石油,24,1,23,群益金鼎-東大,2023-03-23,9135
3230,錦明,20,0,20,群益金鼎-東大,2023-03-23,9135
2498,宏達電,20,1,19,群益金鼎-東大,2023-03-23,9135
4147,中裕,20,1,19,群益金鼎-東大,2023-03-23,9135
6533,晶心科,27,11,16,群益金鼎-東大,2023-03-23,9135
5457,宣德,19,3,16,群益金鼎-東大,2023-03-23,9135
00673R,期元大S＆P原油反1,19,4,15,群益金鼎-東大,2023-03-23,9135
2208,台船,13,0,13,群益金鼎-東大,2023-03-23,9135
2851,中再保,12,0,12,群益金鼎-東大,2023-03-23,9135
5465,富驊,12,0,12,群益金鼎-東大,2023-03-23,9135
6770,力積電,11,0,11,群益金鼎-東大,2023-03-23,9135
5222,全訊,11,0,11,群益金鼎-東大,2023-03-23,9135
4114,健喬,11,0,11,群益金鼎-東大,2023-03-23,9135
6576,逸達,12,1,11,群益金鼎-東大,2023-03-23,9135
5475,德宏,11,0,11,群益金鼎-東大,2023-03-23,9135
3363,上詮,11,0,11,群益金鼎-東大,2023-03-23,9135
2302,麗正,10,0,10,群益金鼎-東大,2023-03-23,9135
3011,今皓,10,0,10,群益金鼎-東大,2023-03-23,9135
5291,邑昇,10,0,10,群益金鼎-東大,2023-03-23,9135
2609,陽明,13,4,9,群益金鼎-東大,2023-03-23,9135
6134,萬旭,9,0,9,群益金鼎-東大,2023-03-23,9135
3178,公準,21,12,9,群益金鼎-東大,2023-03-23,9135
00857B,永豐20年美公債,9,0,9,群益金鼎-東大,2023-03-23,9135
3322,建舜電,11,2,9,群益金鼎-東大,2023-03-23,9135
3689,湧德,10,1,9,群益金鼎-東大,2023-03-23,9135
00679B,元大美債20年,10,2,8,群益金鼎-東大,2023-03-23,9135
1342,八貫,13,5,8,群益金鼎-東大,2023-03-23,9135
1752,南光,8,0,8,群益金鼎-東大,2023-03-23,9135
3580,友威科,8,0,8,群益金鼎-東大,2023-03-23,9135
3056,富華新,10,2,8,群益金鼎-東大,2023-03-23,9135
6223,旺矽,90,82,8,群益金鼎-東大,2023-03-23,9135
6532,瑞耘,8,0,8,群益金鼎-東大,2023-03-23,9135
5258,虹堡,19,11,8,群益金鼎-東大,2023-03-23,9135
2637,慧洋-KY,10,3,7,群益金鼎-東大,2023-03-23,9135
1560,中砂,8,1,7,群益金鼎-東大,2023-03-23,9135
00632R,元大台灣50反1,126,43,83,群益金鼎-東大,2023-03-24,9135
5425,台半,58,4,54,群益金鼎-東大,2023-03-24,9135
3685,元創精密,49,0,49,群益金鼎-東大,2023-03-24,9135
00673R,期元大S＆P原油反1,57,11,46,群益金鼎-東大,2023-03-24,9135
1609,大亞,51,8,43,群益金鼎-東大,2023-03-24,9135
3625,西勝,31,0,31,群益金鼎-東大,2023-03-24,9135
4142,國光生,30,0,30,群益金鼎-東大,2023-03-24,9135
2609,陽明,32,2,30,群益金鼎-東大,2023-03-24,9135
00712,復華富時不動產,27,0,27,群益金鼎-東大,2023-03-24,9135
2105,正新,43,16,27,群益金鼎-東大,2023-03-24,9135
00674R,期元大S＆P黃金反1,25,0,25,群益金鼎-東大,2023-03-24,9135
2303,聯電,24,0,24,群益金鼎-東大,2023-03-24,9135
4162,智擎,24,0,24,群益金鼎-東大,2023-03-24,9135
3051,力特,95,72,23,群益金鼎-東大,2023-03-24,9135
4979,華星光,29,6,23,群益金鼎-東大,2023-03-24,9135
2889,國票金,31,9,22,群益金鼎-東大,2023-03-24,9135
6533,晶心科,28,6,22,群益金鼎-東大,2023-03-24,9135
3013,晟銘電,36,16,20,群益金鼎-東大,2023-03-24,9135
5512,力麒,20,0,20,群益金鼎-東大,2023-03-24,9135
8111,立��,20,0,20,群益金鼎-東大,2023-03-24,9135
3056,富華新,20,1,19,群益金鼎-東大,2023-03-24,9135
6226,光鼎,18,0,18,群益金鼎-東大,2023-03-24,9135
6282,康舒,23,5,18,群益金鼎-東大,2023-03-24,9135
1605,華新,27,10,17,群益金鼎-東大,2023-03-24,9135
3346,麗清,20,4,16,群益金鼎-東大,2023-03-24,9135
5525,順天,20,5,15,群益金鼎-東大,2023-03-24,9135
1310,台苯,15,0,15,群益金鼎-東大,2023-03-24,9135
1417,嘉裕,15,0,15,群益金鼎-東大,2023-03-24,9135
00772B,中信高評級公司債,25,11,14,群益金鼎-東大,2023-03-24,9135
00720B,元大投資級公司債,14,0,14,群益金鼎-東大,2023-03-24,9135
00633L,富邦上証正2,13,0,13,群益金鼎-東大,2023-03-24,9135
3202,樺晟,12,0,12,群益金鼎-東大,2023-03-24,9135
3163,波若威,12,0,12,群益金鼎-東大,2023-03-24,9135
5225,東科-KY,14,2,12,群益金鼎-東大,2023-03-24,9135
6414,樺漢,11,0,11,群益金鼎-東大,2023-03-24,9135
8033,雷虎,14,3,11,群益金鼎-東大,2023-03-24,9135
3455,由田,11,0,11,群益金鼎-東大,2023-03-24,9135
1504,東元,44,33,11,群益金鼎-東大,2023-03-24,9135
2302,麗正,27,17,10,群益金鼎-東大,2023-03-24,9135
1589,永冠-KY,10,0,10,群益金鼎-東大,2023-03-24,9135
4960,誠美材,10,0,10,群益金鼎-東大,2023-03-24,9135
6138,茂達,9,0,9,群益金鼎-東大,2023-03-24,9135
3078,僑威,9,0,9,群益金鼎-東大,2023-03-24,9135
2392,正崴,9,0,9,群益金鼎-東大,2023-03-24,9135
2376,技嘉,14,5,9,群益金鼎-東大,2023-03-24,9135
6411,晶焱,8,0,8,群益金鼎-東大,2023-03-24,9135
6188,廣明,9,1,8,群益金鼎-東大,2023-03-24,9135
00751B,元大AAA至A公司債,8,0,8,群益金鼎-東大,2023-03-24,9135
6168,宏齊,8,0,8,群益金鼎-東大,2023-03-24,9135
6274,台燿,8,0,8,群益金鼎-東大,2023-03-24,9135
3035,智原,217,54,163,群益金鼎-東大,2023-03-27,9135
2317,鴻海,96,5,91,群益金鼎-東大,2023-03-27,9135
2889,國票金,72,0,72,群益金鼎-東大,2023-03-27,9135
5309,系統電,60,0,60,群益金鼎-東大,2023-03-27,9135
5512,力麒,50,0,50,群益金鼎-東大,2023-03-27,9135
00637L,元大滬深300正2,55,7,48,群益金鼎-東大,2023-03-27,9135
2371,大同,45,0,45,群益金鼎-東大,2023-03-27,9135
00753L,中信中國50正2,44,0,44,群益金鼎-東大,2023-03-27,9135
6244,茂迪,44,5,39,群益金鼎-東大,2023-03-27,9135
00882,中信中國高股息,39,0,39,群益金鼎-東大,2023-03-27,9135
2349,錸德,28,0,28,群益金鼎-東大,2023-03-27,9135
1605,華新,38,11,27,群益金鼎-東大,2023-03-27,9135
2890,永豐金,26,0,26,群益金鼎-東大,2023-03-27,9135
00772B,中信高評級公司債,30,4,26,群益金鼎-東大,2023-03-27,9135
6288,聯嘉,76,51,25,群益金鼎-東大,2023-03-27,9135
1618,合機,21,0,21,群益金鼎-東大,2023-03-27,9135
6163,華電網,30,10,20,群益金鼎-東大,2023-03-27,9135
3338,泰碩,20,0,20,群益金鼎-東大,2023-03-27,9135
3707,漢磊,20,0,20,群益金鼎-東大,2023-03-27,9135
3594,磐儀,157,138,19,群益金鼎-東大,2023-03-27,9135
6799,來頡,20,1,19,群益金鼎-東大,2023-03-27,9135
00922,國泰台灣領袖50,18,0,18,群益金鼎-東大,2023-03-27,9135
6026,福邦證,17,0,17,群益金鼎-東大,2023-03-27,9135
2834,臺企銀,22,5,17,群益金鼎-東大,2023-03-27,9135
2208,台船,16,0,16,群益金鼎-東大,2023-03-27,9135
5211,蒙恬,16,0,16,群益金鼎-東大,2023-03-27,9135
00751B,元大AAA至A公司債,16,0,16,群益金鼎-東大,2023-03-27,9135
5284,jpp-KY,26,12,14,群益金鼎-東大,2023-03-27,9135
00632R,元大台灣50反1,22,8,14,群益金鼎-東大,2023-03-27,9135
2388,威盛,28,15,13,群益金鼎-東大,2023-03-27,9135
3024,憶聲,13,0,13,群益金鼎-東大,2023-03-27,9135
00647L,元大S＆P500正2,12,0,12,群益金鼎-東大,2023-03-27,9135
8033,雷虎,18,6,12,群益金鼎-東大,2023-03-27,9135
2344,華邦電,16,5,11,群益金鼎-東大,2023-03-27,9135
2610,華航,12,1,11,群益金鼎-東大,2023-03-27,9135
4148,全宇生技-KY,15,5,10,群益金鼎-東大,2023-03-27,9135
00633L,富邦上証正2,10,0,10,群益金鼎-東大,2023-03-27,9135
3689,湧德,10,0,10,群益金鼎-東大,2023-03-27,9135
3046,建��,13,3,10,群益金鼎-東大,2023-03-27,9135
6237,驊訊,10,0,10,群益金鼎-東大,2023-03-27,9135
2514,龍邦,10,0,10,群益金鼎-東大,2023-03-27,9135
4956,光鋐,10,0,10,群益金鼎-東大,2023-03-27,9135
2481,強茂,9,0,9,群益金鼎-東大,2023-03-27,9135
3058,立德,9,0,9,群益金鼎-東大,2023-03-27,9135
3362,先進光,9,1,8,群益金鼎-東大,2023-03-27,9135
3189,景碩,15,7,8,群益金鼎-東大,2023-03-27,9135
00720B,元大投資級公司債,9,1,8,群益金鼎-東大,2023-03-27,9135
4960,誠美材,13,5,8,群益金鼎-東大,2023-03-27,9135
3290,東浦,8,0,8,群益金鼎-東大,2023-03-27,9135
1519,華城,8,0,8,群益金鼎-東大,2023-03-27,9135
3594,磐儀,253,111,142,群益金鼎-東大,2023-03-28,9135
00882,中信中國高股息,100,0,100,群益金鼎-東大,2023-03-28,9135
3037,欣興,52,5,47,群益金鼎-東大,2023-03-28,9135
00720B,元大投資級公司債,41,0,41,群益金鼎-東大,2023-03-28,9135
3715,定穎投控,156,118,38,群益金鼎-東大,2023-03-28,9135
6168,宏齊,74,36,38,群益金鼎-東大,2023-03-28,9135
00673R,期元大S＆P原油反1,36,0,36,群益金鼎-東大,2023-03-28,9135
00751B,元大AAA至A公司債,30,0,30,群益金鼎-東大,2023-03-28,9135
2402,毅嘉,30,2,28,群益金鼎-東大,2023-03-28,9135
00878,國泰永續高股息,26,0,26,群益金鼎-東大,2023-03-28,9135
3707,漢磊,25,1,24,群益金鼎-東大,2023-03-28,9135
3035,智原,49,28,21,群益金鼎-東大,2023-03-28,9135
3078,僑威,22,1,21,群益金鼎-東大,2023-03-28,9135
8171,天宇,52,33,19,群益金鼎-東大,2023-03-28,9135
5425,台半,41,23,18,群益金鼎-東大,2023-03-28,9135
00772B,中信高評級公司債,16,0,16,群益金鼎-東大,2023-03-28,9135
2317,鴻海,15,0,15,群益金鼎-東大,2023-03-28,9135
3624,光頡,149,134,15,群益金鼎-東大,2023-03-28,9135
3363,上詮,20,5,15,群益金鼎-東大,2023-03-28,9135
1605,華新,60,46,14,群益金鼎-東大,2023-03-28,9135
8431,匯鑽科,13,0,13,群益金鼎-東大,2023-03-28,9135
6411,晶焱,13,0,13,群益金鼎-東大,2023-03-28,9135
00922,國泰台灣領袖50,13,0,13,群益金鼎-東大,2023-03-28,9135
2701,萬企,12,0,12,群益金鼎-東大,2023-03-28,9135
3628,盈正,13,1,12,群益金鼎-東大,2023-03-28,9135
6134,萬旭,20,8,12,群益金鼎-東大,2023-03-28,9135
2303,聯電,14,3,11,群益金鼎-東大,2023-03-28,9135
00881,國泰台灣5G+,11,0,11,群益金鼎-東大,2023-03-28,9135
2421,建準,14,3,11,群益金鼎-東大,2023-03-28,9135
6245,立端,18,7,11,群益金鼎-東大,2023-03-28,9135
1304,台聚,10,0,10,群益金鼎-東大,2023-03-28,9135
3689,湧德,10,0,10,群益金鼎-東大,2023-03-28,9135
5315,光聯,10,0,10,群益金鼎-東大,2023-03-28,9135
3443,創意,15,5,10,群益金鼎-東大,2023-03-28,9135
1101,台泥,9,0,9,群益金鼎-東大,2023-03-28,9135
3016,嘉晶,9,0,9,群益金鼎-東大,2023-03-28,9135
3339,泰谷,13,4,9,群益金鼎-東大,2023-03-28,9135
5213,亞昕,9,0,9,群益金鼎-東大,2023-03-28,9135
8933,愛地雅,8,0,8,群益金鼎-東大,2023-03-28,9135
3027,盛達,14,6,8,群益金鼎-東大,2023-03-28,9135
00885,富邦越南,10,2,8,群益金鼎-東大,2023-03-28,9135
3322,建舜電,11,3,8,群益金鼎-東大,2023-03-28,9135
6589,台康生技,8,0,8,群益金鼎-東大,2023-03-28,9135
2476,鉅祥,8,0,8,群益金鼎-東大,2023-03-28,9135
3704,合勤控,7,0,7,群益金鼎-東大,2023-03-28,9135
5230,雷笛克光學,7,0,7,群益金鼎-東大,2023-03-28,9135
00900,富邦特選高股息30,7,0,7,群益金鼎-東大,2023-03-28,9135
2471,資通,13,6,7,群益金鼎-東大,2023-03-28,9135
8358,金居,7,0,7,群益金鼎-東大,2023-03-28,9135
3714,富采,6,0,6,群益金鼎-東大,2023-03-28,9135
1760,寶齡富錦,210,42,168,群益金鼎-東大,2023-03-29,9135
3594,磐儀,118,1,117,群益金鼎-東大,2023-03-29,9135
00773B,中信優先金融債,60,0,60,群益金鼎-東大,2023-03-29,9135
3443,創意,49,3,46,群益金鼎-東大,2023-03-29,9135
2344,華邦電,49,4,45,群益金鼎-東大,2023-03-29,9135
1618,合機,47,9,38,群益金鼎-東大,2023-03-29,9135
6220,岳豐,36,9,27,群益金鼎-東大,2023-03-29,9135
6235,華孚,37,14,23,群益金鼎-東大,2023-03-29,9135
5351,鈺創,22,1,21,群益金鼎-東大,2023-03-29,9135
3035,智原,53,33,20,群益金鼎-東大,2023-03-29,9135
1522,堤維西,20,0,20,群益金鼎-東大,2023-03-29,9135
3062,建漢,20,0,20,群益金鼎-東大,2023-03-29,9135
6122,擎邦,24,4,20,群益金鼎-東大,2023-03-29,9135
3024,憶聲,20,1,19,群益金鼎-東大,2023-03-29,9135
2706,第一店,18,0,18,群益金鼎-東大,2023-03-29,9135
00751B,元大AAA至A公司債,18,0,18,群益金鼎-東大,2023-03-29,9135
4960,誠美材,15,0,15,群益金鼎-東大,2023-03-29,9135
9919,康那香,12,0,12,群益金鼎-東大,2023-03-29,9135
5347,世界,13,1,12,群益金鼎-東大,2023-03-29,9135
2303,聯電,12,1,11,群益金鼎-東大,2023-03-29,9135
4919,新唐,13,3,10,群益金鼎-東大,2023-03-29,9135
00712,復華富時不動產,11,1,10,群益金鼎-東大,2023-03-29,9135
1540,喬福,10,0,10,群益金鼎-東大,2023-03-29,9135
5011,久陽,10,0,10,群益金鼎-東大,2023-03-29,9135
1589,永冠-KY,10,0,10,群益金鼎-東大,2023-03-29,9135
3652,精聯,11,2,9,群益金鼎-東大,2023-03-29,9135
3338,泰碩,10,1,9,群益金鼎-東大,2023-03-29,9135
1451,年興,9,0,9,群益金鼎-東大,2023-03-29,9135
2349,錸德,18,9,9,群益金鼎-東大,2023-03-29,9135
00922,國泰台灣領袖50,9,0,9,群益金鼎-東大,2023-03-29,9135
00720B,元大投資級公司債,9,0,9,群益金鼎-東大,2023-03-29,9135
2481,強茂,9,1,8,群益金鼎-東大,2023-03-29,9135
2342,茂矽,22,14,8,群益金鼎-東大,2023-03-29,9135
2701,萬企,8,0,8,群益金鼎-東大,2023-03-29,9135
3481,群創,10,2,8,群益金鼎-東大,2023-03-29,9135
4979,華星光,29,21,8,群益金鼎-東大,2023-03-29,9135
4162,智擎,20,12,8,群益金鼎-東大,2023-03-29,9135
6148,驊宏資,8,0,8,群益金鼎-東大,2023-03-29,9135
6104,創惟,10,2,8,群益金鼎-東大,2023-03-29,9135
5243,乙盛-KY,15,8,7,群益金鼎-東大,2023-03-29,9135
2449,京元電子,11,4,7,群益金鼎-東大,2023-03-29,9135
2460,建通,7,0,7,群益金鼎-東大,2023-03-29,9135
6224,聚鼎,7,0,7,群益金鼎-東大,2023-03-29,9135
4536,拓凱,15,8,7,群益金鼎-東大,2023-03-29,9135
3339,泰谷,7,0,7,群益金鼎-東大,2023-03-29,9135
2739,寒舍,7,0,7,群益金鼎-東大,2023-03-29,9135
3034,聯詠,7,1,6,群益金鼎-東大,2023-03-29,9135
0056,元大高股息,6,0,6,群益金鼎-東大,2023-03-29,9135
00679B,元大美債20年,6,0,6,群益金鼎-東大,2023-03-29,9135
5258,虹堡,34,28,6,群益金鼎-東大,2023-03-29,9135
3035,智原,123,24,99,群益金鼎-東大,2023-03-30,9135
1104,環泥,42,0,42,群益金鼎-東大,2023-03-30,9135
2891,中信金,29,0,29,群益金鼎-東大,2023-03-30,9135
2634,漢翔,27,0,27,群益金鼎-東大,2023-03-30,9135
2485,兆赫,25,0,25,群益金鼎-東大,2023-03-30,9135
3360,尚立,23,0,23,群益金鼎-東大,2023-03-30,9135
2359,所羅門,49,27,22,群益金鼎-東大,2023-03-30,9135
6138,茂達,26,5,21,群益金鼎-東大,2023-03-30,9135
2618,長榮航,19,0,19,群益金鼎-東大,2023-03-30,9135
6470,宇智,19,2,17,群益金鼎-東大,2023-03-30,9135
2390,云辰,18,1,17,群益金鼎-東大,2023-03-30,9135
1609,大亞,22,7,15,群益金鼎-東大,2023-03-30,9135
2609,陽明,18,3,15,群益金鼎-東大,2023-03-30,9135
4979,華星光,14,1,13,群益金鼎-東大,2023-03-30,9135
5512,力麒,13,0,13,群益金鼎-東大,2023-03-30,9135
3290,東浦,23,11,12,群益金鼎-東大,2023-03-30,9135
6226,光鼎,12,0,12,群益金鼎-東大,2023-03-30,9135
4552,力達-KY,12,0,12,群益金鼎-東大,2023-03-30,9135
1218,泰山,11,0,11,群益金鼎-東大,2023-03-30,9135
8289,泰藝,11,0,11,群益金鼎-東大,2023-03-30,9135
3481,群創,11,0,11,群益金鼎-東大,2023-03-30,9135
6223,旺矽,11,0,11,群益金鼎-東大,2023-03-30,9135
2338,光罩,10,0,10,群益金鼎-東大,2023-03-30,9135
3056,富華新,10,0,10,群益金鼎-東大,2023-03-30,9135
2610,華航,10,0,10,群益金鼎-東大,2023-03-30,9135
00671R,富邦NASDAQ反1,10,0,10,群益金鼎-東大,2023-03-30,9135
00712,復華富時不動產,10,0,10,群益金鼎-東大,2023-03-30,9135
5388,中磊,16,6,10,群益金鼎-東大,2023-03-30,9135
2376,技嘉,23,13,10,群益金鼎-東大,2023-03-30,9135
1217,愛之味,10,0,10,群益金鼎-東大,2023-03-30,9135
5315,光聯,10,0,10,群益金鼎-東大,2023-03-30,9135
7402,邑錡,10,0,10,群益金鼎-東大,2023-03-30,9135
6245,立端,25,15,10,群益金鼎-東大,2023-03-30,9135
8930,青鋼,10,0,10,群益金鼎-東大,2023-03-30,9135
5876,上海商銀,10,0,10,群益金鼎-東大,2023-03-30,9135
6531,愛普*,45,35,10,群益金鼎-東大,2023-03-30,9135
3017,奇鋐,65,56,9,群益金鼎-東大,2023-03-30,9135
2426,鼎元,10,1,9,群益金鼎-東大,2023-03-30,9135
1451,年興,9,0,9,群益金鼎-東大,2023-03-30,9135
6109,亞元,8,0,8,群益金鼎-東大,2023-03-30,9135
2753,八方雲集,8,0,8,群益金鼎-東大,2023-03-30,9135
6188,廣明,8,0,8,群益金鼎-東大,2023-03-30,9135
4967,十銓,97,89,8,群益金鼎-東大,2023-03-30,9135
4930,燦星網,8,0,8,群益金鼎-東大,2023-03-30,9135
6133,金橋,13,5,8,群益金鼎-東大,2023-03-30,9135
5203,訊連,8,0,8,群益金鼎-東大,2023-03-30,9135
00632R,元大台灣50反1,7,0,7,群益金鼎-東大,2023-03-30,9135
4536,拓凱,8,1,7,群益金鼎-東大,2023-03-30,9135
2349,錸德,6,0,6,群益金鼎-東大,2023-03-30,9135
8046,南電,12,6,6,群益金鼎-東大,2023-03-30,9135
00632R,元大台灣50反1,260,0,260,群益金鼎-東大,2023-03-31,9135
9955,佳龍,50,0,50,群益金鼎-東大,2023-03-31,9135
00633L,富邦上証正2,53,10,43,群益金鼎-東大,2023-03-31,9135
6139,亞翔,42,2,40,群益金鼎-東大,2023-03-31,9135
00673R,期元大S＆P原油反1,35,2,33,群益金鼎-東大,2023-03-31,9135
00669R,國泰美國道瓊反1,30,0,30,群益金鼎-東大,2023-03-31,9135
5512,力麒,30,0,30,群益金鼎-東大,2023-03-31,9135
3046,建��,37,11,26,群益金鼎-東大,2023-03-31,9135
3035,智原,25,1,24,群益金鼎-東大,2023-03-31,9135
3545,敦泰,22,1,21,群益金鼎-東大,2023-03-31,9135
6531,愛普*,46,26,20,群益金鼎-東大,2023-03-31,9135
3714,富采,19,0,19,群益金鼎-東大,2023-03-31,9135
1618,合機,27,10,17,群益金鼎-東大,2023-03-31,9135
5213,亞昕,22,5,17,群益金鼎-東大,2023-03-31,9135
6548,長科*,24,8,16,群益金鼎-東大,2023-03-31,9135
2331,精英,17,1,16,群益金鼎-東大,2023-03-31,9135
1806,冠軍,15,0,15,群益金鼎-東大,2023-03-31,9135
3490,單井,15,0,15,群益金鼎-東大,2023-03-31,9135
5203,訊連,15,1,14,群益金鼎-東大,2023-03-31,9135
2233,宇隆,18,4,14,群益金鼎-東大,2023-03-31,9135
4967,十銓,62,48,14,群益金鼎-東大,2023-03-31,9135
1513,中興電,13,0,13,群益金鼎-東大,2023-03-31,9135
1218,泰山,13,0,13,群益金鼎-東大,2023-03-31,9135
3042,晶技,12,0,12,群益金鼎-東大,2023-03-31,9135
00720B,元大投資級公司債,12,0,12,群益金鼎-東大,2023-03-31,9135
8183,精星,12,0,12,群益金鼎-東大,2023-03-31,9135
2338,光罩,14,2,12,群益金鼎-東大,2023-03-31,9135
5608,四維航,12,0,12,群益金鼎-東大,2023-03-31,9135
3594,磐儀,12,0,12,群益金鼎-東大,2023-03-31,9135
2882,國泰金,11,0,11,群益金鼎-東大,2023-03-31,9135
6163,華電網,35,24,11,群益金鼎-東大,2023-03-31,9135
2302,麗正,10,0,10,群益金鼎-東大,2023-03-31,9135
00671R,富邦NASDAQ反1,10,0,10,群益金鼎-東大,2023-03-31,9135
3652,精聯,10,0,10,群益金鼎-東大,2023-03-31,9135
1522,堤維西,10,0,10,群益金鼎-東大,2023-03-31,9135
4566,時碩工業,10,0,10,群益金鼎-東大,2023-03-31,9135
00665L,富邦�琤肭磪囓�2,10,0,10,群益金鼎-東大,2023-03-31,9135
2618,長榮航,13,5,8,群益金鼎-東大,2023-03-31,9135
4306,炎洲,8,0,8,群益金鼎-東大,2023-03-31,9135
2413,環科,8,0,8,群益金鼎-東大,2023-03-31,9135
00686R,群益臺灣加權反1,8,0,8,群益金鼎-東大,2023-03-31,9135
6160,欣技,9,1,8,群益金鼎-東大,2023-03-31,9135
6191,精成科,12,4,8,群益金鼎-東大,2023-03-31,9135
6576,逸達,8,0,8,群益金鼎-東大,2023-03-31,9135
8070,長華*,8,0,8,群益金鼎-東大,2023-03-31,9135
8028,昇陽半導體,9,2,7,群益金鼎-東大,2023-03-31,9135
6244,茂迪,8,1,7,群益金鼎-東大,2023-03-31,9135
2352,佳世達,7,0,7,群益金鼎-東大,2023-03-31,9135
2421,建準,7,1,6,群益金鼎-東大,2023-03-31,9135
1605,華新,148,142,6,群益金鼎-東大,2023-03-31,9135
6576,逸達,203,8,195,群益金鼎-東大,2023-04-06,9135
00673R,期元大S＆P原油反1,142,6,136,群益金鼎-東大,2023-04-06,9135
2344,華邦電,76,0,76,群益金鼎-東大,2023-04-06,9135
00772B,中信高評級公司債,42,1,41,群益金鼎-東大,2023-04-06,9135
2317,鴻海,96,58,38,群益金鼎-東大,2023-04-06,9135
0056,元大高股息,35,0,35,群益金鼎-東大,2023-04-06,9135
6282,康舒,35,0,35,群益金鼎-東大,2023-04-06,9135
2436,偉詮電,59,26,33,群益金鼎-東大,2023-04-06,9135
5328,華容,25,0,25,群益金鼎-東大,2023-04-06,9135
5512,力麒,25,0,25,群益金鼎-東大,2023-04-06,9135
00674R,期元大S＆P黃金反1,25,1,24,群益金鼎-東大,2023-04-06,9135
2402,毅嘉,37,14,23,群益金鼎-東大,2023-04-06,9135
8916,光隆,22,0,22,群益金鼎-東大,2023-04-06,9135
5521,工信,20,0,20,群益金鼎-東大,2023-04-06,9135
00902,中信電池及儲能,20,1,19,群益金鼎-東大,2023-04-06,9135
3025,星通,23,4,19,群益金鼎-東大,2023-04-06,9135
00637L,元大滬深300正2,18,0,18,群益金鼎-東大,2023-04-06,9135
8050,廣積,18,0,18,群益金鼎-東大,2023-04-06,9135
00922,國泰台灣領袖50,16,0,16,群益金鼎-東大,2023-04-06,9135
00632R,元大台灣50反1,15,0,15,群益金鼎-東大,2023-04-06,9135
2880,華南金,14,0,14,群益金鼎-東大,2023-04-06,9135
8069,元太,16,2,14,群益金鼎-東大,2023-04-06,9135
2337,旺宏,14,0,14,群益金鼎-東大,2023-04-06,9135
2498,宏達電,17,4,13,群益金鼎-東大,2023-04-06,9135
8222,寶一,14,2,12,群益金鼎-東大,2023-04-06,9135
4164,承業醫,26,14,12,群益金鼎-東大,2023-04-06,9135
1504,東元,13,1,12,群益金鼎-東大,2023-04-06,9135
3058,立德,11,0,11,群益金鼎-東大,2023-04-06,9135
4306,炎洲,11,0,11,群益金鼎-東大,2023-04-06,9135
6863,永道-KY,11,0,11,群益金鼎-東大,2023-04-06,9135
3189,景碩,12,1,11,群益金鼎-東大,2023-04-06,9135
00919,群益台灣精選高息,10,0,10,群益金鼎-東大,2023-04-06,9135
3704,合勤控,10,0,10,群益金鼎-東大,2023-04-06,9135
3056,富華新,12,2,10,群益金鼎-東大,2023-04-06,9135
3230,錦明,10,0,10,群益金鼎-東大,2023-04-06,9135
1316,上曜,10,0,10,群益金鼎-東大,2023-04-06,9135
1560,中砂,11,1,10,群益金鼎-東大,2023-04-06,9135
00665L,富邦�琤肭磪囓�2,12,2,10,群益金鼎-東大,2023-04-06,9135
6133,金橋,16,6,10,群益金鼎-東大,2023-04-06,9135
5309,系統電,37,28,9,群益金鼎-東大,2023-04-06,9135
1104,環泥,9,0,9,群益金鼎-東大,2023-04-06,9135
2610,華航,10,1,9,群益金鼎-東大,2023-04-06,9135
2634,漢翔,14,5,9,群益金鼎-東大,2023-04-06,9135
00912,中信臺灣智慧50,9,0,9,群益金鼎-東大,2023-04-06,9135
00885,富邦越南,20,12,8,群益金鼎-東大,2023-04-06,9135
2442,新美齊,9,1,8,群益金鼎-東大,2023-04-06,9135
3264,欣銓,8,0,8,群益金鼎-東大,2023-04-06,9135
00712,復華富時不動產,10,2,8,群益金鼎-東大,2023-04-06,9135
3715,定穎投控,14,6,8,群益金鼎-東大,2023-04-06,9135
6477,安集,9,1,8,群益金鼎-東大,2023-04-06,9135
4967,十銓,295,24,271,群益金鼎-東大,2023-04-07,9135
6477,安集,208,30,178,群益金鼎-東大,2023-04-07,9135
00673R,期元大S＆P原油反1,103,4,99,群益金鼎-東大,2023-04-07,9135
1515,力山,70,0,70,群益金鼎-東大,2023-04-07,9135
3594,磐儀,69,0,69,群益金鼎-東大,2023-04-07,9135
00772B,中信高評級公司債,76,23,53,群益金鼎-東大,2023-04-07,9135
00712,復華富時不動產,49,0,49,群益金鼎-東大,2023-04-07,9135
2498,宏達電,104,68,36,群益金鼎-東大,2023-04-07,9135
3354,律勝,30,1,29,群益金鼎-東大,2023-04-07,9135
3520,華盈,52,24,28,群益金鼎-東大,2023-04-07,9135
3025,星通,98,71,27,群益金鼎-東大,2023-04-07,9135
3406,玉晶光,24,0,24,群益金鼎-東大,2023-04-07,9135
2302,麗正,24,0,24,群益金鼎-東大,2023-04-07,9135
4541,晟田,52,31,21,群益金鼎-東大,2023-04-07,9135
5213,亞昕,20,0,20,群益金鼎-東大,2023-04-07,9135
8096,擎亞,20,0,20,群益金鼎-東大,2023-04-07,9135
1589,永冠-KY,19,0,19,群益金鼎-東大,2023-04-07,9135
6698,旭暉應材,19,0,19,群益金鼎-東大,2023-04-07,9135
5222,全訊,18,3,15,群益金鼎-東大,2023-04-07,9135
00902,中信電池及儲能,15,0,15,群益金鼎-東大,2023-04-07,9135
2352,佳世達,14,0,14,群益金鼎-東大,2023-04-07,9135
2421,建準,17,3,14,群益金鼎-東大,2023-04-07,9135
3013,晟銘電,14,1,13,群益金鼎-東大,2023-04-07,9135
4934,太極,13,0,13,群益金鼎-東大,2023-04-07,9135
8926,台汽電,12,0,12,群益金鼎-東大,2023-04-07,9135
2634,漢翔,15,3,12,群益金鼎-東大,2023-04-07,9135
5206,坤悅,12,0,12,群益金鼎-東大,2023-04-07,9135
00632R,元大台灣50反1,11,0,11,群益金鼎-東大,2023-04-07,9135
2388,威盛,18,7,11,群益金鼎-東大,2023-04-07,9135
4958,臻鼎-KY,11,0,11,群益金鼎-東大,2023-04-07,9135
00751B,元大AAA至A公司債,10,0,10,群益金鼎-東大,2023-04-07,9135
4960,誠美材,10,0,10,群益金鼎-東大,2023-04-07,9135
00919,群益台灣精選高息,10,0,10,群益金鼎-東大,2023-04-07,9135
3062,建漢,10,0,10,群益金鼎-東大,2023-04-07,9135
3312,弘憶股,10,0,10,群益金鼎-東大,2023-04-07,9135
6182,合晶,10,0,10,群益金鼎-東大,2023-04-07,9135
00671R,富邦NASDAQ反1,10,0,10,群益金鼎-東大,2023-04-07,9135
2359,所羅門,12,2,10,群益金鼎-東大,2023-04-07,9135
5533,皇鼎,10,0,10,群益金鼎-東大,2023-04-07,9135
4162,智擎,22,12,10,群益金鼎-東大,2023-04-07,9135
8046,南電,11,2,9,群益金鼎-東大,2023-04-07,9135
1504,東元,179,170,9,群益金鼎-東大,2023-04-07,9135
6282,康舒,10,1,9,群益金鼎-東大,2023-04-07,9135
2867,三商壽,14,5,9,群益金鼎-東大,2023-04-07,9135
4127,天良,9,1,8,群益金鼎-東大,2023-04-07,9135
3591,艾笛森,9,1,8,群益金鼎-東大,2023-04-07,9135
3483,力致,8,0,8,群益金鼎-東大,2023-04-07,9135
3162,精確,8,0,8,群益金鼎-東大,2023-04-07,9135
2449,京元電子,8,0,8,群益金鼎-東大,2023-04-07,9135
3038,全台,7,0,7,群益金鼎-東大,2023-04-07,9135
2634,漢翔,198,9,189,群益金鼎-東大,2023-04-10,9135
3715,定穎投控,125,3,122,群益金鼎-東大,2023-04-10,9135
00675L,富邦臺灣加權正2,73,0,73,群益金鼎-東大,2023-04-10,9135
2881,富邦金,42,0,42,群益金鼎-東大,2023-04-10,9135
1733,五鼎,40,1,39,群益金鼎-東大,2023-04-10,9135
00673R,期元大S＆P原油反1,40,8,32,群益金鼎-東大,2023-04-10,9135
00720B,元大投資級公司債,26,0,26,群益金鼎-東大,2023-04-10,9135
1784,訊聯,26,0,26,群益金鼎-東大,2023-04-10,9135
2233,宇隆,31,5,26,群益金鼎-東大,2023-04-10,9135
6285,啟��,25,3,22,群益金鼎-東大,2023-04-10,9135
00922,國泰台灣領袖50,22,0,22,群益金鼎-東大,2023-04-10,9135
00679B,元大美債20年,21,0,21,群益金鼎-東大,2023-04-10,9135
2492,華新科,41,20,21,群益金鼎-東大,2023-04-10,9135
3088,艾訊,20,0,20,群益金鼎-東大,2023-04-10,9135
4168,醣聯,20,1,19,群益金鼎-東大,2023-04-10,9135
3520,華盈,20,2,18,群益金鼎-東大,2023-04-10,9135
00878,國泰永續高股息,18,0,18,群益金鼎-東大,2023-04-10,9135
2349,錸德,21,4,17,群益金鼎-東大,2023-04-10,9135
3324,雙鴻,19,2,17,群益金鼎-東大,2023-04-10,9135
1710,東聯,16,0,16,群益金鼎-東大,2023-04-10,9135
3029,零壹,17,2,15,群益金鼎-東大,2023-04-10,9135
2461,光群雷,15,0,15,群益金鼎-東大,2023-04-10,9135
3078,僑威,20,6,14,群益金鼎-東大,2023-04-10,9135
1503,士電,16,3,13,群益金鼎-東大,2023-04-10,9135
1108,幸福,13,0,13,群益金鼎-東大,2023-04-10,9135
9945,潤泰新,12,0,12,群益金鼎-東大,2023-04-10,9135
8046,南電,13,1,12,群益金鼎-東大,2023-04-10,9135
2208,台船,12,0,12,群益金鼎-東大,2023-04-10,9135
6163,華電網,41,30,11,群益金鼎-東大,2023-04-10,9135
2497,怡利電,10,0,10,群益金鼎-東大,2023-04-10,9135
5533,皇鼎,10,0,10,群益金鼎-東大,2023-04-10,9135
4147,中裕,10,0,10,群益金鼎-東大,2023-04-10,9135
2375,凱美,10,0,10,群益金鼎-東大,2023-04-10,9135
5464,霖宏,10,0,10,群益金鼎-東大,2023-04-10,9135
6668,中揚光,10,0,10,群益金鼎-東大,2023-04-10,9135
6244,茂迪,23,13,10,群益金鼎-東大,2023-04-10,9135
6841,長佳智能,10,0,10,群益金鼎-東大,2023-04-10,9135
6248,沛波,10,0,10,群益金鼎-東大,2023-04-10,9135
2323,中環,10,1,9,群益金鼎-東大,2023-04-10,9135
1609,大亞,20,11,9,群益金鼎-東大,2023-04-10,9135
9939,宏全,8,0,8,群益金鼎-東大,2023-04-10,9135
4207,環泰,14,6,8,群益金鼎-東大,2023-04-10,9135
00639,富邦深100,8,0,8,群益金鼎-東大,2023-04-10,9135
3163,波若威,10,2,8,群益金鼎-東大,2023-04-10,9135
2736,富野,8,0,8,群益金鼎-東大,2023-04-10,9135
3289,宜特,8,0,8,群益金鼎-東大,2023-04-10,9135
00632R,元大台灣50反1,7,0,7,群益金鼎-東大,2023-04-10,9135
2609,陽明,20,13,7,群益金鼎-東大,2023-04-10,9135
8916,光隆,7,0,7,群益金鼎-東大,2023-04-10,9135
1605,華新,8,1,7,群益金鼎-東大,2023-04-10,9135
00632R,元大台灣50反1,251,122,129,群益金鼎-東大,2023-04-11,9135
00720B,元大投資級公司債,76,0,76,群益金鼎-東大,2023-04-11,9135
2881,富邦金,61,1,60,群益金鼎-東大,2023-04-11,9135
00675L,富邦臺灣加權正2,50,0,50,群益金鼎-東大,2023-04-11,9135
8046,南電,34,0,34,群益金鼎-東大,2023-04-11,9135
5876,上海商銀,33,0,33,群益金鼎-東大,2023-04-11,9135
00712,復華富時不動產,31,0,31,群益金鼎-東大,2023-04-11,9135
6770,力積電,27,1,26,群益金鼎-東大,2023-04-11,9135
00878,國泰永續高股息,28,3,25,群益金鼎-東大,2023-04-11,9135
6016,康和證,24,0,24,群益金鼎-東大,2023-04-11,9135
00751B,元大AAA至A公司債,21,0,21,群益金鼎-東大,2023-04-11,9135
1784,訊聯,22,1,21,群益金鼎-東大,2023-04-11,9135
3056,富華新,20,0,20,群益金鼎-東大,2023-04-11,9135
8150,南茂,20,0,20,群益金鼎-東大,2023-04-11,9135
1760,寶齡富錦,21,1,20,群益金鼎-東大,2023-04-11,9135
5328,華容,20,2,18,群益金鼎-東大,2023-04-11,9135
00637L,元大滬深300正2,16,0,16,群益金鼎-東大,2023-04-11,9135
3031,佰鴻,15,0,15,群益金鼎-東大,2023-04-11,9135
2413,環科,20,5,15,群益金鼎-東大,2023-04-11,9135
6248,沛波,19,4,15,群益金鼎-東大,2023-04-11,9135
4164,承業醫,15,1,14,群益金鼎-東大,2023-04-11,9135
1513,中興電,150,137,13,群益金鼎-東大,2023-04-11,9135
3481,群創,18,5,13,群益金鼎-東大,2023-04-11,9135
2353,宏��,21,8,13,群益金鼎-東大,2023-04-11,9135
3624,光頡,16,3,13,群益金鼎-東大,2023-04-11,9135
2408,南亞科,22,9,13,群益金鼎-東大,2023-04-11,9135
2330,台積電,13,0,13,群益金鼎-東大,2023-04-11,9135
6578,達邦蛋白,13,1,12,群益金鼎-東大,2023-04-11,9135
2233,宇隆,11,0,11,群益金鼎-東大,2023-04-11,9135
0056,元大高股息,12,1,11,群益金鼎-東大,2023-04-11,9135
00679B,元大美債20年,11,0,11,群益金鼎-東大,2023-04-11,9135
3081,聯亞,15,4,11,群益金鼎-東大,2023-04-11,9135
3354,律勝,41,30,11,群益金鼎-東大,2023-04-11,9135
2211,長榮鋼,11,0,11,群益金鼎-東大,2023-04-11,9135
3322,建舜電,10,0,10,群益金鼎-東大,2023-04-11,9135
3652,精聯,10,0,10,群益金鼎-東大,2023-04-11,9135
6285,啟��,14,4,10,群益金鼎-東大,2023-04-11,9135
6443,元晶,10,0,10,群益金鼎-東大,2023-04-11,9135
4207,環泰,10,0,10,群益金鼎-東大,2023-04-11,9135
3466,德晉,10,0,10,群益金鼎-東大,2023-04-11,9135
5009,榮剛,10,0,10,群益金鼎-東大,2023-04-11,9135
4960,誠美材,10,1,9,群益金鼎-東大,2023-04-11,9135
5388,中磊,10,1,9,群益金鼎-東大,2023-04-11,9135
6116,彩晶,9,0,9,群益金鼎-東大,2023-04-11,9135
6732,昇佳電子,16,7,9,群益金鼎-東大,2023-04-11,9135
2388,威盛,20,11,9,群益金鼎-東大,2023-04-11,9135
00772B,中信高評級公司債,8,0,8,群益金鼎-東大,2023-04-11,9135
3029,零壹,16,8,8,群益金鼎-東大,2023-04-11,9135
6180,橘子,8,0,8,群益金鼎-東大,2023-04-11,9135
4541,晟田,8,0,8,群益金鼎-東大,2023-04-11,9135
1584,精剛,124,9,115,群益金鼎-東大,2023-04-12,9135
5353,台林,107,5,102,群益金鼎-東大,2023-04-12,9135
00673R,期元大S＆P原油反1,81,0,81,群益金鼎-東大,2023-04-12,9135
3624,光頡,180,106,74,群益金鼎-東大,2023-04-12,9135
4114,健喬,83,9,74,群益金鼎-東大,2023-04-12,9135
2413,環科,60,10,50,群益金鼎-東大,2023-04-12,9135
2208,台船,102,61,41,群益金鼎-東大,2023-04-12,9135
8046,南電,36,0,36,群益金鼎-東大,2023-04-12,9135
6244,茂迪,110,79,31,群益金鼎-東大,2023-04-12,9135
2610,華航,37,6,31,群益金鼎-東大,2023-04-12,9135
2867,三商壽,30,0,30,群益金鼎-東大,2023-04-12,9135
6163,華電網,36,7,29,群益金鼎-東大,2023-04-12,9135
3035,智原,31,7,24,群益金鼎-東大,2023-04-12,9135
3037,欣興,25,2,23,群益金鼎-東大,2023-04-12,9135
6548,長科*,22,0,22,群益金鼎-東大,2023-04-12,9135
5512,力麒,22,0,22,群益金鼎-東大,2023-04-12,9135
3011,今皓,21,0,21,群益金鼎-東大,2023-04-12,9135
1522,堤維西,21,0,21,群益金鼎-東大,2023-04-12,9135
6578,達邦蛋白,19,0,19,群益金鼎-東大,2023-04-12,9135
1101,台泥,22,5,17,群益金鼎-東大,2023-04-12,9135
3024,憶聲,17,0,17,群益金鼎-東大,2023-04-12,9135
00675L,富邦臺灣加權正2,16,0,16,群益金鼎-東大,2023-04-12,9135
3466,德晉,15,0,15,群益金鼎-東大,2023-04-12,9135
4533,協易機,15,0,15,群益金鼎-東大,2023-04-12,9135
2206,三陽工業,29,15,14,群益金鼎-東大,2023-04-12,9135
2392,正崴,13,0,13,群益金鼎-東大,2023-04-12,9135
5351,鈺創,13,0,13,群益金鼎-東大,2023-04-12,9135
6016,康和證,28,16,12,群益金鼎-東大,2023-04-12,9135
6477,安集,57,45,12,群益金鼎-東大,2023-04-12,9135
6770,力積電,13,1,12,群益金鼎-東大,2023-04-12,9135
1618,合機,12,0,12,群益金鼎-東大,2023-04-12,9135
6248,沛波,11,0,11,群益金鼎-東大,2023-04-12,9135
00637L,元大滬深300正2,12,1,11,群益金鼎-東大,2023-04-12,9135
2476,鉅祥,11,0,11,群益金鼎-東大,2023-04-12,9135
1103,嘉泥,11,0,11,群益金鼎-東大,2023-04-12,9135
4979,華星光,43,32,11,群益金鼎-東大,2023-04-12,9135
6719,力智,12,1,11,群益金鼎-東大,2023-04-12,9135
6234,高僑,12,1,11,群益金鼎-東大,2023-04-12,9135
4747,強生,11,1,10,群益金鼎-東大,2023-04-12,9135
2851,中再保,10,0,10,群益金鼎-東大,2023-04-12,9135
2353,宏��,11,1,10,群益金鼎-東大,2023-04-12,9135
3227,原相,10,0,10,群益金鼎-東大,2023-04-12,9135
1516,川飛,10,0,10,群益金鼎-東大,2023-04-12,9135
00772B,中信高評級公司債,10,0,10,群益金鼎-東大,2023-04-12,9135
6863,永道-KY,13,3,10,群益金鼎-東大,2023-04-12,9135
4190,佐登-KY,10,0,10,群益金鼎-東大,2023-04-12,9135
1609,大亞,69,60,9,群益金鼎-東大,2023-04-12,9135
3005,神基,9,0,9,群益金鼎-東大,2023-04-12,9135
6179,亞通,9,0,9,群益金鼎-東大,2023-04-12,9135
2317,鴻海,9,1,8,群益金鼎-東大,2023-04-12,9135
00673R,期元大S＆P原油反1,82,0,82,群益金鼎-東大,2023-04-13,9135
1760,寶齡富錦,83,1,82,群益金鼎-東大,2023-04-13,9135
2867,三商壽,71,5,66,群益金鼎-東大,2023-04-13,9135
2330,台積電,60,2,58,群益金鼎-東大,2023-04-13,9135
00720B,元大投資級公司債,41,0,41,群益金鼎-東大,2023-04-13,9135
4306,炎洲,38,0,38,群益金鼎-東大,2023-04-13,9135
3576,聯合再生,36,2,34,群益金鼎-東大,2023-04-13,9135
1471,首利,33,0,33,群益金鼎-東大,2023-04-13,9135
2359,所羅門,43,11,32,群益金鼎-東大,2023-04-13,9135
2637,慧洋-KY,36,5,31,群益金鼎-東大,2023-04-13,9135
1609,大亞,84,53,31,群益金鼎-東大,2023-04-13,9135
8088,品安,30,0,30,群益金鼎-東大,2023-04-13,9135
5009,榮剛,43,16,27,群益金鼎-東大,2023-04-13,9135
00751B,元大AAA至A公司債,26,0,26,群益金鼎-東大,2023-04-13,9135
5309,系統電,37,15,22,群益金鼎-東大,2023-04-13,9135
2337,旺宏,22,1,21,群益金鼎-東大,2023-04-13,9135
8936,國統,21,1,20,群益金鼎-東大,2023-04-13,9135
2630,亞航,20,1,19,群益金鼎-東大,2023-04-13,9135
2342,茂矽,18,0,18,群益金鼎-東大,2023-04-13,9135
4916,事欣科,33,15,18,群益金鼎-東大,2023-04-13,9135
1605,華新,22,6,16,群益金鼎-東大,2023-04-13,9135
1752,南光,23,7,16,群益金鼎-東大,2023-04-13,9135
1589,永冠-KY,15,0,15,群益金鼎-東大,2023-04-13,9135
3037,欣興,14,0,14,群益金鼎-東大,2023-04-13,9135
2409,友達,17,4,13,群益金鼎-東大,2023-04-13,9135
6266,泰詠,29,16,13,群益金鼎-東大,2023-04-13,9135
2457,飛宏,122,110,12,群益金鼎-東大,2023-04-13,9135
8176,智捷,12,0,12,群益金鼎-東大,2023-04-13,9135
4572,駐龍,24,13,11,群益金鼎-東大,2023-04-13,9135
6443,元晶,15,4,11,群益金鼎-東大,2023-04-13,9135
00712,復華富時不動產,11,0,11,群益金鼎-東大,2023-04-13,9135
2505,國揚,11,0,11,群益金鼎-東大,2023-04-13,9135
00922,國泰台灣領袖50,11,0,11,群益金鼎-東大,2023-04-13,9135
1218,泰山,12,1,11,群益金鼎-東大,2023-04-13,9135
3625,西勝,11,0,11,群益金鼎-東大,2023-04-13,9135
4541,晟田,21,10,11,群益金鼎-東大,2023-04-13,9135
8255,朋程,11,0,11,群益金鼎-東大,2023-04-13,9135
3711,日月光投控,11,1,10,群益金鼎-東大,2023-04-13,9135
1307,三芳,10,0,10,群益金鼎-東大,2023-04-13,9135
9962,有益,10,0,10,群益金鼎-東大,2023-04-13,9135
00923,群益台ESG低碳50,9,0,9,群益金鼎-東大,2023-04-13,9135
2305,全友,9,0,9,群益金鼎-東大,2023-04-13,9135
6770,力積電,14,5,9,群益金鼎-東大,2023-04-13,9135
3042,晶技,9,0,9,群益金鼎-東大,2023-04-13,9135
2419,仲琦,8,0,8,群益金鼎-東大,2023-04-13,9135
1532,勤美,8,0,8,群益金鼎-東大,2023-04-13,9135
9942,茂順,8,0,8,群益金鼎-東大,2023-04-13,9135
2314,台揚,8,0,8,群益金鼎-東大,2023-04-13,9135
5465,富驊,22,14,8,群益金鼎-東大,2023-04-13,9135
00885,富邦越南,8,0,8,群益金鼎-東大,2023-04-13,9135
2413,環科,65,1,64,群益金鼎-東大,2023-04-14,9135
5353,台林,72,10,62,群益金鼎-東大,2023-04-14,9135
1101,台泥,67,8,59,群益金鼎-東大,2023-04-14,9135
4744,皇將,92,40,52,群益金鼎-東大,2023-04-14,9135
2359,所羅門,61,10,51,群益金鼎-東大,2023-04-14,9135
1605,華新,66,16,50,群益金鼎-東大,2023-04-14,9135
3481,群創,73,27,46,群益金鼎-東大,2023-04-14,9135
4967,十銓,53,7,46,群益金鼎-東大,2023-04-14,9135
5328,華容,40,0,40,群益金鼎-東大,2023-04-14,9135
6284,佳邦,54,15,39,群益金鼎-東大,2023-04-14,9135
1218,泰山,39,0,39,群益金鼎-東大,2023-04-14,9135
00712,復華富時不動產,38,0,38,群益金鼎-東大,2023-04-14,9135
5009,榮剛,42,7,35,群益金鼎-東大,2023-04-14,9135
1618,合機,34,1,33,群益金鼎-東大,2023-04-14,9135
00679B,元大美債20年,32,1,31,群益金鼎-東大,2023-04-14,9135
00720B,元大投資級公司債,30,0,30,群益金鼎-東大,2023-04-14,9135
4968,立積,71,41,30,群益金鼎-東大,2023-04-14,9135
2867,三商壽,33,4,29,群益金鼎-東大,2023-04-14,9135
1109,信大,23,0,23,群益金鼎-東大,2023-04-14,9135
1514,亞力,26,4,22,群益金鼎-東大,2023-04-14,9135
6282,康舒,24,2,22,群益金鼎-東大,2023-04-14,9135
8096,擎亞,22,0,22,群益金鼎-東大,2023-04-14,9135
00878,國泰永續高股息,24,2,22,群益金鼎-東大,2023-04-14,9135
2069,運錩,19,0,19,群益金鼎-東大,2023-04-14,9135
2476,鉅祥,18,0,18,群益金鼎-東大,2023-04-14,9135
0056,元大高股息,17,1,16,群益金鼎-東大,2023-04-14,9135
2889,國票金,16,0,16,群益金鼎-東大,2023-04-14,9135
6197,佳必琪,17,1,16,群益金鼎-東大,2023-04-14,9135
6142,友勁,16,0,16,群益金鼎-東大,2023-04-14,9135
4543,萬在,16,0,16,群益金鼎-東大,2023-04-14,9135
8176,智捷,16,0,16,群益金鼎-東大,2023-04-14,9135
3685,元創精密,16,0,16,群益金鼎-東大,2023-04-14,9135
5533,皇鼎,16,0,16,群益金鼎-東大,2023-04-14,9135
3576,聯合再生,15,0,15,群益金鼎-東大,2023-04-14,9135
00751B,元大AAA至A公司債,15,0,15,群益金鼎-東大,2023-04-14,9135
3430,奇鈦科,14,0,14,群益金鼎-東大,2023-04-14,9135
6216,居易,14,0,14,群益金鼎-東大,2023-04-14,9135
4306,炎洲,14,0,14,群益金鼎-東大,2023-04-14,9135
1504,東元,35,21,14,群益金鼎-東大,2023-04-14,9135
2492,華新科,60,46,14,群益金鼎-東大,2023-04-14,9135
3078,僑威,37,24,13,群益金鼎-東大,2023-04-14,9135
2208,台船,149,136,13,群益金鼎-東大,2023-04-14,9135
00902,中信電池及儲能,12,0,12,群益金鼎-東大,2023-04-14,9135
8936,國統,31,19,12,群益金鼎-東大,2023-04-14,9135
2457,飛宏,86,74,12,群益金鼎-東大,2023-04-14,9135
00713,元大台灣高息低波,11,0,11,群益金鼎-東大,2023-04-14,9135
2367,燿華,11,0,11,群益金鼎-東大,2023-04-14,9135
3003,健和興,12,1,11,群益金鼎-東大,2023-04-14,9135
5309,系統電,15,4,11,群益金鼎-東大,2023-04-14,9135
5206,坤悅,11,0,11,群益金鼎-東大,2023-04-14,9135
2476,鉅祥,78,0,78,群益金鼎-東大,2023-04-17,9135
6290,良維,65,4,61,群益金鼎-東大,2023-04-17,9135
2515,中工,84,35,49,群益金鼎-東大,2023-04-17,9135
1905,華紙,52,8,44,群益金鼎-東大,2023-04-17,9135
1215,卜蜂,43,1,42,群益金鼎-東大,2023-04-17,9135
1789,神隆,40,0,40,群益金鼎-東大,2023-04-17,9135
00720B,元大投資級公司債,38,0,38,群益金鼎-東大,2023-04-17,9135
1605,華新,48,10,38,群益金鼎-東大,2023-04-17,9135
00679B,元大美債20年,37,0,37,群益金鼎-東大,2023-04-17,9135
00712,復華富時不動產,36,0,36,群益金鼎-東大,2023-04-17,9135
5328,華容,31,0,31,群益金鼎-東大,2023-04-17,9135
00751B,元大AAA至A公司債,32,2,30,群益金鼎-東大,2023-04-17,9135
1528,恩德,30,0,30,群益金鼎-東大,2023-04-17,9135
5533,皇鼎,30,0,30,群益金鼎-東大,2023-04-17,9135
1718,中纖,25,0,25,群益金鼎-東大,2023-04-17,9135
3078,僑威,69,45,24,群益金鼎-東大,2023-04-17,9135
3715,定穎投控,25,1,24,群益金鼎-東大,2023-04-17,9135
1504,東元,22,0,22,群益金鼎-東大,2023-04-17,9135
5521,工信,22,0,22,群益金鼎-東大,2023-04-17,9135
3025,星通,26,5,21,群益金鼎-東大,2023-04-17,9135
2468,華經,20,0,20,群益金鼎-東大,2023-04-17,9135
2812,台中銀,20,0,20,群益金鼎-東大,2023-04-17,9135
1720,生達,22,3,19,群益金鼎-東大,2023-04-17,9135
4744,皇將,20,1,19,群益金鼎-東大,2023-04-17,9135
8215,明基材,21,2,19,群益金鼎-東大,2023-04-17,9135
2495,普安,20,2,18,群益金鼎-東大,2023-04-17,9135
3591,艾笛森,20,2,18,群益金鼎-東大,2023-04-17,9135
6182,合晶,19,3,16,群益金鼎-東大,2023-04-17,9135
00713,元大台灣高息低波,15,0,15,群益金鼎-東大,2023-04-17,9135
6235,華孚,86,71,15,群益金鼎-東大,2023-04-17,9135
00680L,元大美債20正2,15,0,15,群益金鼎-東大,2023-04-17,9135
1218,泰山,15,0,15,群益金鼎-東大,2023-04-17,9135
3322,建舜電,15,0,15,群益金鼎-東大,2023-04-17,9135
1717,長興,15,0,15,群益金鼎-東大,2023-04-17,9135
5410,國眾,22,8,14,群益金鼎-東大,2023-04-17,9135
2611,志信,14,0,14,群益金鼎-東大,2023-04-17,9135
00725B,國泰投資級公司債,14,0,14,群益金鼎-東大,2023-04-17,9135
2457,飛宏,67,53,14,群益金鼎-東大,2023-04-17,9135
3706,神達,15,1,14,群益金鼎-東大,2023-04-17,9135
3058,立德,18,4,14,群益金鼎-東大,2023-04-17,9135
3594,磐儀,14,1,13,群益金鼎-東大,2023-04-17,9135
2618,長榮航,15,2,13,群益金鼎-東大,2023-04-17,9135
6234,高僑,14,2,12,群益金鼎-東大,2023-04-17,9135
6104,創惟,13,1,12,群益金鼎-東大,2023-04-17,9135
3217,優群,12,0,12,群益金鼎-東大,2023-04-17,9135
3056,富華新,12,0,12,群益金鼎-東大,2023-04-17,9135
3006,晶豪科,22,11,11,群益金鼎-東大,2023-04-17,9135
8091,翔名,12,1,11,群益金鼎-東大,2023-04-17,9135
2376,技嘉,11,0,11,群益金鼎-東大,2023-04-17,9135
2421,建準,18,8,10,群益金鼎-東大,2023-04-17,9135
6186,新潤,314,0,314,群益金鼎-東大,2023-04-18,9135
00720B,元大投資級公司債,129,0,129,群益金鼎-東大,2023-04-18,9135
3704,合勤控,114,23,91,群益金鼎-東大,2023-04-18,9135
6244,茂迪,74,12,62,群益金鼎-東大,2023-04-18,9135
2812,台中銀,49,0,49,群益金鼎-東大,2023-04-18,9135
3466,德晉,52,10,42,群益金鼎-東大,2023-04-18,9135
00679B,元大美債20年,39,0,39,群益金鼎-東大,2023-04-18,9135
6477,安集,50,11,39,群益金鼎-東大,2023-04-18,9135
1605,華新,39,2,37,群益金鼎-東大,2023-04-18,9135
3025,星通,70,38,32,群益金鼎-東大,2023-04-18,9135
4744,皇將,30,0,30,群益金鼎-東大,2023-04-18,9135
2485,兆赫,32,2,30,群益金鼎-東大,2023-04-18,9135
6290,良維,29,1,28,群益金鼎-東大,2023-04-18,9135
8033,雷虎,156,131,25,群益金鼎-東大,2023-04-18,9135
1528,恩德,25,0,25,群益金鼎-東大,2023-04-18,9135
6160,欣技,45,20,25,群益金鼎-東大,2023-04-18,9135
3363,上詮,33,9,24,群益金鼎-東大,2023-04-18,9135
6235,華孚,41,18,23,群益金鼎-東大,2023-04-18,9135
6152,百一,24,1,23,群益金鼎-東大,2023-04-18,9135
3594,磐儀,22,0,22,群益金鼎-東大,2023-04-18,9135
00878,國泰永續高股息,20,0,20,群益金鼎-東大,2023-04-18,9135
2867,三商壽,40,20,20,群益金鼎-東大,2023-04-18,9135
6425,易發,20,0,20,群益金鼎-東大,2023-04-18,9135
00773B,中信優先金融債,20,0,20,群益金鼎-東大,2023-04-18,9135
00751B,元大AAA至A公司債,25,7,18,群益金鼎-東大,2023-04-18,9135
1752,南光,54,36,18,群益金鼎-東大,2023-04-18,9135
3032,偉訓,42,24,18,群益金鼎-東大,2023-04-18,9135
2472,立隆電,18,0,18,群益金鼎-東大,2023-04-18,9135
6148,驊宏資,18,2,16,群益金鼎-東大,2023-04-18,9135
3037,欣興,27,11,16,群益金鼎-東大,2023-04-18,9135
3689,湧德,16,0,16,群益金鼎-東大,2023-04-18,9135
6234,高僑,34,19,15,群益金鼎-東大,2023-04-18,9135
1513,中興電,46,32,14,群益金鼎-東大,2023-04-18,9135
2905,三商,13,0,13,群益金鼎-東大,2023-04-18,9135
6829,千附精密,17,4,13,群益金鼎-東大,2023-04-18,9135
3078,僑威,18,5,13,群益金鼎-東大,2023-04-18,9135
00772B,中信高評級公司債,12,0,12,群益金鼎-東大,2023-04-18,9135
5521,工信,12,0,12,群益金鼎-東大,2023-04-18,9135
1522,堤維西,11,0,11,群益金鼎-東大,2023-04-18,9135
5488,松普,11,0,11,群益金鼎-東大,2023-04-18,9135
2618,長榮航,11,1,10,群益金鼎-東大,2023-04-18,9135
1416,廣豐,10,0,10,群益金鼎-東大,2023-04-18,9135
3029,零壹,18,8,10,群益金鼎-東大,2023-04-18,9135
2816,旺旺保,10,0,10,群益金鼎-東大,2023-04-18,9135
3499,環天科,10,0,10,群益金鼎-東大,2023-04-18,9135
2106,建大,10,0,10,群益金鼎-東大,2023-04-18,9135
2897,王道銀行,10,0,10,群益金鼎-東大,2023-04-18,9135
3052,夆典,11,1,10,群益金鼎-東大,2023-04-18,9135
3006,晶豪科,11,1,10,群益金鼎-東大,2023-04-18,9135
3527,聚積,13,3,10,群益金鼎-東大,2023-04-18,9135
6186,新潤,403,0,403,群益金鼎-東大,2023-04-19,9135
1760,寶齡富錦,234,65,169,群益金鼎-東大,2023-04-19,9135
2317,鴻海,98,21,77,群益金鼎-東大,2023-04-19,9135
3024,憶聲,44,4,40,群益金鼎-東大,2023-04-19,9135
3094,聯傑,38,3,35,群益金鼎-東大,2023-04-19,9135
2436,偉詮電,34,1,33,群益金鼎-東大,2023-04-19,9135
4967,十銓,36,3,33,群益金鼎-東大,2023-04-19,9135
00878,國泰永續高股息,33,6,27,群益金鼎-東大,2023-04-19,9135
2313,華通,24,1,23,群益金鼎-東大,2023-04-19,9135
6129,普誠,22,0,22,群益金鼎-東大,2023-04-19,9135
1783,和康生,20,0,20,群益金鼎-東大,2023-04-19,9135
00712,復華富時不動產,20,0,20,群益金鼎-東大,2023-04-19,9135
3032,偉訓,27,7,20,群益金鼎-東大,2023-04-19,9135
6244,茂迪,66,46,20,群益金鼎-東大,2023-04-19,9135
00720B,元大投資級公司債,30,11,19,群益金鼎-東大,2023-04-19,9135
4915,致伸,19,0,19,群益金鼎-東大,2023-04-19,9135
00922,國泰台灣領袖50,18,0,18,群益金鼎-東大,2023-04-19,9135
3576,聯合再生,90,73,17,群益金鼎-東大,2023-04-19,9135
6288,聯嘉,20,3,17,群益金鼎-東大,2023-04-19,9135
1504,東元,35,18,17,群益金鼎-東大,2023-04-19,9135
4164,承業醫,21,4,17,群益金鼎-東大,2023-04-19,9135
1528,恩德,15,0,15,群益金鼎-東大,2023-04-19,9135
2812,台中銀,14,0,14,群益金鼎-東大,2023-04-19,9135
2337,旺宏,14,0,14,群益金鼎-東大,2023-04-19,9135
1312,國喬,14,1,13,群益金鼎-東大,2023-04-19,9135
6282,康舒,106,94,12,群益金鼎-東大,2023-04-19,9135
00772B,中信高評級公司債,12,0,12,群益金鼎-東大,2023-04-19,9135
6285,啟��,20,8,12,群益金鼎-東大,2023-04-19,9135
2330,台積電,12,0,12,群益金鼎-東大,2023-04-19,9135
5309,系統電,12,1,11,群益金鼎-東大,2023-04-19,9135
2498,宏達電,13,2,11,群益金鼎-東大,2023-04-19,9135
3686,達能,14,4,10,群益金鼎-東大,2023-04-19,9135
5876,上海商銀,10,0,10,群益金鼎-東大,2023-04-19,9135
00632R,元大台灣50反1,10,0,10,群益金鼎-東大,2023-04-19,9135
2601,益航,11,1,10,群益金鼎-東大,2023-04-19,9135
2409,友達,10,0,10,群益金鼎-東大,2023-04-19,9135
3006,晶豪科,10,0,10,群益金鼎-東大,2023-04-19,9135
2104,國際中橡,10,0,10,群益金鼎-東大,2023-04-19,9135
1218,泰山,10,0,10,群益金鼎-東大,2023-04-19,9135
6506,雙邦,10,0,10,群益金鼎-東大,2023-04-19,9135
4961,天鈺,20,10,10,群益金鼎-東大,2023-04-19,9135
1708,東鹼,10,0,10,群益金鼎-東大,2023-04-19,9135
8046,南電,10,0,10,群益金鼎-東大,2023-04-19,9135
6589,台康生技,12,2,10,群益金鼎-東大,2023-04-19,9135
2457,飛宏,56,47,9,群益金鼎-東大,2023-04-19,9135
5603,陸海,9,0,9,群益金鼎-東大,2023-04-19,9135
2542,興富發,9,0,9,群益金鼎-東大,2023-04-19,9135
4102,永日,9,0,9,群益金鼎-東大,2023-04-19,9135
8926,台汽電,25,16,9,群益金鼎-東大,2023-04-19,9135
1471,首利,9,1,8,群益金鼎-東大,2023-04-19,9135
00680L,元大美債20正2,600,0,600,群益金鼎-東大,2023-04-20,9135
6186,新潤,334,0,334,群益金鼎-東大,2023-04-20,9135
6122,擎邦,91,2,89,群益金鼎-東大,2023-04-20,9135
00637L,元大滬深300正2,42,0,42,群益金鼎-東大,2023-04-20,9135
3594,磐儀,48,6,42,群益金鼎-東大,2023-04-20,9135
1710,東聯,63,21,42,群益金鼎-東大,2023-04-20,9135
3522,御嵿,36,1,35,群益金鼎-東大,2023-04-20,9135
3704,合勤控,35,5,30,群益金鼎-東大,2023-04-20,9135
3049,精金,30,0,30,群益金鼎-東大,2023-04-20,9135
3545,敦泰,31,3,28,群益金鼎-東大,2023-04-20,9135
2201,裕隆,36,13,23,群益金鼎-東大,2023-04-20,9135
1905,華紙,31,11,20,群益金鼎-東大,2023-04-20,9135
2492,華新科,24,4,20,群益金鼎-東大,2023-04-20,9135
00853B,統一美債10年Aa-,20,0,20,群益金鼎-東大,2023-04-20,9135
3205,佰研,26,7,19,群益金鼎-東大,2023-04-20,9135
3189,景碩,22,3,19,群益金鼎-東大,2023-04-20,9135
6235,華孚,50,32,18,群益金鼎-東大,2023-04-20,9135
6163,華電網,19,2,17,群益金鼎-東大,2023-04-20,9135
3058,立德,17,0,17,群益金鼎-東大,2023-04-20,9135
8926,台汽電,17,1,16,群益金鼎-東大,2023-04-20,9135
5388,中磊,16,0,16,群益金鼎-東大,2023-04-20,9135
3006,晶豪科,15,0,15,群益金鼎-東大,2023-04-20,9135
1909,榮成,24,9,15,群益金鼎-東大,2023-04-20,9135
00642U,期元大S＆P石油,15,2,13,群益金鼎-東大,2023-04-20,9135
1104,環泥,13,0,13,群益金鼎-東大,2023-04-20,9135
2206,三陽工業,18,5,13,群益金鼎-東大,2023-04-20,9135
8069,元太,16,3,13,群益金鼎-東大,2023-04-20,9135
4510,高鋒,12,0,12,群益金鼎-東大,2023-04-20,9135
6139,亞翔,12,0,12,群益金鼎-東大,2023-04-20,9135
8088,品安,11,0,11,群益金鼎-東大,2023-04-20,9135
00878,國泰永續高股息,12,1,11,群益金鼎-東大,2023-04-20,9135
3024,憶聲,11,0,11,群益金鼎-東大,2023-04-20,9135
2882,國泰金,10,0,10,群益金鼎-東大,2023-04-20,9135
1471,首利,12,2,10,群益金鼎-東大,2023-04-20,9135
6173,信昌電,10,0,10,群益金鼎-東大,2023-04-20,9135
2383,台光電,10,0,10,群益金鼎-東大,2023-04-20,9135
2610,華航,10,0,10,群益金鼎-東大,2023-04-20,9135
6167,久正,17,8,9,群益金鼎-東大,2023-04-20,9135
4167,松瑞藥,59,50,9,群益金鼎-東大,2023-04-20,9135
2303,聯電,10,1,9,群益金鼎-東大,2023-04-20,9135
5227,立凱-KY,9,0,9,群益金鼎-東大,2023-04-20,9135
3005,神基,19,10,9,群益金鼎-東大,2023-04-20,9135
4306,炎洲,9,0,9,群益金鼎-東大,2023-04-20,9135
4114,健喬,23,14,9,群益金鼎-東大,2023-04-20,9135
00720B,元大投資級公司債,9,0,9,群益金鼎-東大,2023-04-20,9135
3682,亞太電,10,2,8,群益金鼎-東大,2023-04-20,9135
7402,邑錡,8,0,8,群益金鼎-東大,2023-04-20,9135
3481,群創,9,1,8,群益金鼎-東大,2023-04-20,9135
4915,致伸,8,0,8,群益金鼎-東大,2023-04-20,9135
6224,聚鼎,7,0,7,群益金鼎-東大,2023-04-20,9135
2913,農林,102,15,87,群益金鼎-東大,2023-04-21,9135
00720B,元大投資級公司債,79,0,79,群益金鼎-東大,2023-04-21,9135
6186,新潤,58,0,58,群益金鼎-東大,2023-04-21,9135
3078,僑威,138,85,53,群益金鼎-東大,2023-04-21,9135
00923,群益台ESG低碳50,52,0,52,群益金鼎-東大,2023-04-21,9135
3594,磐儀,144,96,48,群益金鼎-東大,2023-04-21,9135
2610,華航,43,3,40,群益金鼎-東大,2023-04-21,9135
2208,台船,40,4,36,群益金鼎-東大,2023-04-21,9135
4510,高鋒,32,2,30,群益金鼎-東大,2023-04-21,9135
2476,鉅祥,30,2,28,群益金鼎-東大,2023-04-21,9135
00878,國泰永續高股息,24,0,24,群益金鼎-東大,2023-04-21,9135
2317,鴻海,77,54,23,群益金鼎-東大,2023-04-21,9135
3038,全台,20,0,20,群益金鼎-東大,2023-04-21,9135
8088,品安,20,1,19,群益金鼎-東大,2023-04-21,9135
00680L,元大美債20正2,20,1,19,群益金鼎-東大,2023-04-21,9135
3004,豐達科,19,0,19,群益金鼎-東大,2023-04-21,9135
1907,永豐餘,36,17,19,群益金鼎-東大,2023-04-21,9135
6282,康舒,71,52,19,群益金鼎-東大,2023-04-21,9135
2031,新光鋼,24,5,19,群益金鼎-東大,2023-04-21,9135
2342,茂矽,24,7,17,群益金鼎-東大,2023-04-21,9135
3178,公準,15,0,15,群益金鼎-東大,2023-04-21,9135
2442,新美齊,15,0,15,群益金鼎-東大,2023-04-21,9135
3624,光頡,25,10,15,群益金鼎-東大,2023-04-21,9135
00922,國泰台灣領袖50,14,0,14,群益金鼎-東大,2023-04-21,9135
2338,光罩,14,0,14,群益金鼎-東大,2023-04-21,9135
3483,力致,13,0,13,群益金鼎-東大,2023-04-21,9135
1734,杏輝,12,0,12,群益金鼎-東大,2023-04-21,9135
2337,旺宏,12,0,12,群益金鼎-東大,2023-04-21,9135
1795,美時,17,5,12,群益金鼎-東大,2023-04-21,9135
2484,希華,17,5,12,群益金鼎-東大,2023-04-21,9135
3527,聚積,11,0,11,群益金鼎-東大,2023-04-21,9135
3058,立德,14,3,11,群益金鼎-東大,2023-04-21,9135
2406,國碩,11,0,11,群益金鼎-東大,2023-04-21,9135
00795B,中信美國公債20年,11,0,11,群益金鼎-東大,2023-04-21,9135
2867,三商壽,10,0,10,群益金鼎-東大,2023-04-21,9135
3652,精聯,10,0,10,群益金鼎-東大,2023-04-21,9135
2344,華邦電,10,0,10,群益金鼎-東大,2023-04-21,9135
00789B,復華公司債A3,10,0,10,群益金鼎-東大,2023-04-21,9135
3048,益登,11,1,10,群益金鼎-東大,2023-04-21,9135
00877,復華中國5G,10,0,10,群益金鼎-東大,2023-04-21,9135
6753,龍德造船,12,2,10,群益金鼎-東大,2023-04-21,9135
3374,精材,9,0,9,群益金鼎-東大,2023-04-21,9135
2332,友訊,10,1,9,群益金鼎-東大,2023-04-21,9135
6290,良維,22,13,9,群益金鼎-東大,2023-04-21,9135
2204,中華,15,7,8,群益金鼎-東大,2023-04-21,9135
4979,華星光,55,47,8,群益金鼎-東大,2023-04-21,9135
2460,建通,8,0,8,群益金鼎-東大,2023-04-21,9135
6153,嘉聯益,8,0,8,群益金鼎-東大,2023-04-21,9135
00893,國泰智能電動車,8,0,8,群益金鼎-東大,2023-04-21,9135
4741,泓瀚,10,2,8,群益金鼎-東大,2023-04-21,9135
2913,農林,261,158,103,群益金鼎-東大,2023-04-24,9135
1905,華紙,136,37,99,群益金鼎-東大,2023-04-24,9135
2634,漢翔,113,16,97,群益金鼎-東大,2023-04-24,9135
00923,群益台ESG低碳50,64,0,64,群益金鼎-東大,2023-04-24,9135
1528,恩德,55,0,55,群益金鼎-東大,2023-04-24,9135
6186,新潤,52,0,52,群益金鼎-東大,2023-04-24,9135
6799,來頡,59,17,42,群益金鼎-東大,2023-04-24,9135
00679B,元大美債20年,36,0,36,群益金鼎-東大,2023-04-24,9135
1710,東聯,38,2,36,群益金鼎-東大,2023-04-24,9135
3701,大眾控,33,0,33,群益金鼎-東大,2023-04-24,9135
6770,力積電,32,5,27,群益金鼎-東大,2023-04-24,9135
00902,中信電池及儲能,24,1,23,群益金鼎-東大,2023-04-24,9135
00773B,中信優先金融債,21,0,21,群益金鼎-東大,2023-04-24,9135
00637L,元大滬深300正2,26,5,21,群益金鼎-東大,2023-04-24,9135
00885,富邦越南,20,0,20,群益金鼎-東大,2023-04-24,9135
3062,建漢,20,0,20,群益金鼎-東大,2023-04-24,9135
1310,台苯,20,1,19,群益金鼎-東大,2023-04-24,9135
00632R,元大台灣50反1,20,1,19,群益金鼎-東大,2023-04-24,9135
00772B,中信高評級公司債,21,3,18,群益金鼎-東大,2023-04-24,9135
1102,亞泥,20,3,17,群益金鼎-東大,2023-04-24,9135
00878,國泰永續高股息,28,13,15,群益金鼎-東大,2023-04-24,9135
1522,堤維西,15,0,15,群益金鼎-東大,2023-04-24,9135
2313,華通,15,1,14,群益金鼎-東大,2023-04-24,9135
6695,芯鼎,12,0,12,群益金鼎-東大,2023-04-24,9135
3518,柏騰,12,0,12,群益金鼎-東大,2023-04-24,9135
6153,嘉聯益,12,0,12,群益金鼎-東大,2023-04-24,9135
00922,國泰台灣領袖50,11,0,11,群益金鼎-東大,2023-04-24,9135
2834,臺企銀,11,0,11,群益金鼎-東大,2023-04-24,9135
2495,普安,14,3,11,群益金鼎-東大,2023-04-24,9135
4744,皇將,10,0,10,群益金鼎-東大,2023-04-24,9135
3049,精金,12,2,10,群益金鼎-東大,2023-04-24,9135
2010,春源,14,4,10,群益金鼎-東大,2023-04-24,9135
00853B,統一美債10年Aa-,10,0,10,群益金鼎-東大,2023-04-24,9135
1514,亞力,15,5,10,群益金鼎-東大,2023-04-24,9135
1104,環泥,10,0,10,群益金鼎-東大,2023-04-24,9135
2303,聯電,14,5,9,群益金鼎-東大,2023-04-24,9135
3035,智原,14,5,9,群益金鼎-東大,2023-04-24,9135
00665L,富邦�琤肭磪囓�2,17,8,9,群益金鼎-東大,2023-04-24,9135
2453,凌群,17,8,9,群益金鼎-東大,2023-04-24,9135
3149,正達,9,0,9,群益金鼎-東大,2023-04-24,9135
1783,和康生,8,0,8,群益金鼎-東大,2023-04-24,9135
00751B,元大AAA至A公司債,8,0,8,群益金鼎-東大,2023-04-24,9135
1720,生達,14,6,8,群益金鼎-東大,2023-04-24,9135
1308,亞聚,7,0,7,群益金鼎-東大,2023-04-24,9135
1589,永冠-KY,7,0,7,群益金鼎-東大,2023-04-24,9135
2332,友訊,7,0,7,群益金鼎-東大,2023-04-24,9135
4979,華星光,17,10,7,群益金鼎-東大,2023-04-24,9135
2889,國票金,7,0,7,群益金鼎-東大,2023-04-24,9135
3078,僑威,16,10,6,群益金鼎-東大,2023-04-24,9135
9902,台火,6,0,6,群益金鼎-東大,2023-04-24,9135
3594,磐儀,70,1,69,群益金鼎-東大,2023-04-25,9135
2317,鴻海,63,2,61,群益金鼎-東大,2023-04-25,9135
00923,群益台ESG低碳50,57,2,55,群益金鼎-東大,2023-04-25,9135
0056,元大高股息,42,0,42,群益金鼎-東大,2023-04-25,9135
6186,新潤,42,0,42,群益金鼎-東大,2023-04-25,9135
2208,台船,35,0,35,群益金鼎-東大,2023-04-25,9135
00902,中信電池及儲能,32,0,32,群益金鼎-東大,2023-04-25,9135
1906,寶隆,30,0,30,群益金鼎-東大,2023-04-25,9135
00878,國泰永續高股息,50,21,29,群益金鼎-東大,2023-04-25,9135
2528,皇普,25,0,25,群益金鼎-東大,2023-04-25,9135
2349,錸德,22,0,22,群益金鼎-東大,2023-04-25,9135
4960,誠美材,21,0,21,群益金鼎-東大,2023-04-25,9135
2027,大成鋼,21,0,21,群益金鼎-東大,2023-04-25,9135
2206,三陽工業,64,44,20,群益金鼎-東大,2023-04-25,9135
00772B,中信高評級公司債,21,1,20,群益金鼎-東大,2023-04-25,9135
2399,映泰,20,0,20,群益金鼎-東大,2023-04-25,9135
3017,奇鋐,20,1,19,群益金鼎-東大,2023-04-25,9135
4741,泓瀚,45,26,19,群益金鼎-東大,2023-04-25,9135
1734,杏輝,17,0,17,群益金鼎-東大,2023-04-25,9135
00637L,元大滬深300正2,17,0,17,群益金鼎-東大,2023-04-25,9135
00692,富邦公司治理,16,0,16,群益金鼎-東大,2023-04-25,9135
4566,時碩工業,33,17,16,群益金鼎-東大,2023-04-25,9135
2002,中鋼,35,20,15,群益金鼎-東大,2023-04-25,9135
8926,台汽電,22,7,15,群益金鼎-東大,2023-04-25,9135
00712,復華富時不動產,15,0,15,群益金鼎-東大,2023-04-25,9135
3056,富華新,15,0,15,群益金鼎-東大,2023-04-25,9135
5533,皇鼎,15,0,15,群益金鼎-東大,2023-04-25,9135
3071,協禧,34,19,15,群益金鼎-東大,2023-04-25,9135
3231,緯創,14,0,14,群益金鼎-東大,2023-04-25,9135
2328,廣宇,14,0,14,群益金鼎-東大,2023-04-25,9135
1720,生達,31,18,13,群益金鼎-東大,2023-04-25,9135
2324,仁寶,13,0,13,群益金鼎-東大,2023-04-25,9135
4927,泰鼎-KY,11,0,11,群益金鼎-東大,2023-04-25,9135
2423,固緯,12,1,11,群益金鼎-東大,2023-04-25,9135
3483,力致,12,1,11,群益金鼎-東大,2023-04-25,9135
00900,富邦特選高股息30,11,0,11,群益金鼎-東大,2023-04-25,9135
3522,御嵿,10,0,10,群益金鼎-東大,2023-04-25,9135
6689,伊雲谷,10,0,10,群益金鼎-東大,2023-04-25,9135
1609,大亞,16,6,10,群益金鼎-東大,2023-04-25,9135
1714,和桐,15,5,10,群益金鼎-東大,2023-04-25,9135
00877,復華中國5G,10,0,10,群益金鼎-東大,2023-04-25,9135
00789B,復華公司債A3,10,0,10,群益金鼎-東大,2023-04-25,9135
00891,中信關鍵半導體,10,0,10,群益金鼎-東大,2023-04-25,9135
1101,台泥,14,5,9,群益金鼎-東大,2023-04-25,9135
0050,元大台灣50,11,2,9,群益金鼎-東大,2023-04-25,9135
1725,元禎,11,2,9,群益金鼎-東大,2023-04-25,9135
4121,優盛,11,2,9,群益金鼎-東大,2023-04-25,9135
00633L,富邦上証正2,9,0,9,群益金鼎-東大,2023-04-25,9135
6125,廣運,8,0,8,群益金鼎-東大,2023-04-25,9135
2371,大同,8,0,8,群益金鼎-東大,2023-04-25,9135
5521,工信,105,0,105,群益金鼎-東大,2023-04-26,9135
3594,磐儀,104,0,104,群益金鼎-東大,2023-04-26,9135
2913,農林,62,3,59,群益金鼎-東大,2023-04-26,9135
00712,復華富時不動產,43,0,43,群益金鼎-東大,2023-04-26,9135
1310,台苯,44,3,41,群益金鼎-東大,2023-04-26,9135
00923,群益台ESG低碳50,41,0,41,群益金鼎-東大,2023-04-26,9135
00632R,元大台灣50反1,242,212,30,群益金鼎-東大,2023-04-26,9135
00900,富邦特選高股息30,27,0,27,群益金鼎-東大,2023-04-26,9135
3058,立德,26,0,26,群益金鼎-東大,2023-04-26,9135
4121,優盛,26,1,25,群益金鼎-東大,2023-04-26,9135
1710,東聯,72,47,25,群益金鼎-東大,2023-04-26,9135
1905,華紙,168,147,21,群益金鼎-東大,2023-04-26,9135
2002,中鋼,23,2,21,群益金鼎-東大,2023-04-26,9135
1711,永光,24,3,21,群益金鼎-東大,2023-04-26,9135
2330,台積電,43,23,20,群益金鼎-東大,2023-04-26,9135
2014,中鴻,20,0,20,群益金鼎-東大,2023-04-26,9135
3033,威健,20,0,20,群益金鼎-東大,2023-04-26,9135
2801,彰銀,20,0,20,群益金鼎-東大,2023-04-26,9135
00671R,富邦NASDAQ反1,20,0,20,群益金鼎-東大,2023-04-26,9135
6163,華電網,19,0,19,群益金鼎-東大,2023-04-26,9135
4741,泓瀚,19,2,17,群益金鼎-東大,2023-04-26,9135
4979,華星光,32,15,17,群益金鼎-東大,2023-04-26,9135
1464,得力,18,1,17,群益金鼎-東大,2023-04-26,9135
1731,美吾華,15,0,15,群益金鼎-東大,2023-04-26,9135
6282,康舒,24,9,15,群益金鼎-東大,2023-04-26,9135
2609,陽明,22,11,11,群益金鼎-東大,2023-04-26,9135
00902,中信電池及儲能,14,3,11,群益金鼎-東大,2023-04-26,9135
0050,元大台灣50,11,0,11,群益金鼎-東大,2023-04-26,9135
1709,和益,10,0,10,群益金鼎-東大,2023-04-26,9135
2441,超豐,10,0,10,群益金鼎-東大,2023-04-26,9135
2313,華通,10,0,10,群益金鼎-東大,2023-04-26,9135
1611,中電,10,0,10,群益金鼎-東大,2023-04-26,9135
2484,希華,10,1,9,群益金鼎-東大,2023-04-26,9135
2457,飛宏,65,57,8,群益金鼎-東大,2023-04-26,9135
00888,永豐台灣ESG,8,0,8,群益金鼎-東大,2023-04-26,9135
1471,首利,16,8,8,群益金鼎-東大,2023-04-26,9135
8227,巨有科技,10,2,8,群益金鼎-東大,2023-04-26,9135
2495,普安,10,2,8,群益金鼎-東大,2023-04-26,9135
8222,寶一,16,9,7,群益金鼎-東大,2023-04-26,9135
4114,健喬,11,4,7,群益金鼎-東大,2023-04-26,9135
1784,訊聯,8,1,7,群益金鼎-東大,2023-04-26,9135
6477,安集,10,3,7,群益金鼎-東大,2023-04-26,9135
1560,中砂,7,0,7,群益金鼎-東大,2023-04-26,9135
00881,國泰台灣5G+,7,0,7,群益金鼎-東大,2023-04-26,9135
6235,華孚,12,5,7,群益金鼎-東大,2023-04-26,9135
6186,新潤,7,0,7,群益金鼎-東大,2023-04-26,9135
2610,華航,7,1,6,群益金鼎-東大,2023-04-26,9135
5871,中租-KY,6,0,6,群益金鼎-東大,2023-04-26,9135
3362,先進光,7,1,6,群益金鼎-東大,2023-04-26,9135
5425,台半,8,2,6,群益金鼎-東大,2023-04-26,9135
3363,上詮,390,17,373,群益金鼎-東大,2023-04-27,9135
2208,台船,64,3,61,群益金鼎-東大,2023-04-27,9135
1528,恩德,40,0,40,群益金鼎-東大,2023-04-27,9135
2353,宏��,39,0,39,群益金鼎-東大,2023-04-27,9135
6282,康舒,52,16,36,群益金鼎-東大,2023-04-27,9135
1709,和益,35,10,25,群益金鼎-東大,2023-04-27,9135
00720B,元大投資級公司債,25,0,25,群益金鼎-東大,2023-04-27,9135
3017,奇鋐,39,15,24,群益金鼎-東大,2023-04-27,9135
1710,東聯,61,37,24,群益金鼎-東大,2023-04-27,9135
2913,農林,25,2,23,群益金鼎-東大,2023-04-27,9135
00715L,期街口布蘭特正2,23,1,22,群益金鼎-東大,2023-04-27,9135
00679B,元大美債20年,20,0,20,群益金鼎-東大,2023-04-27,9135
2630,亞航,20,0,20,群益金鼎-東大,2023-04-27,9135
1605,華新,18,1,17,群益金鼎-東大,2023-04-27,9135
5880,合庫金,20,3,17,群益金鼎-東大,2023-04-27,9135
8996,高力,27,11,16,群益金鼎-東大,2023-04-27,9135
5533,皇鼎,15,0,15,群益金鼎-東大,2023-04-27,9135
00853B,統一美債10年Aa-,15,0,15,群益金鼎-東大,2023-04-27,9135
3078,僑威,28,13,15,群益金鼎-東大,2023-04-27,9135
00632R,元大台灣50反1,37,24,13,群益金鼎-東大,2023-04-27,9135
5381,合正,12,0,12,群益金鼎-東大,2023-04-27,9135
2812,台中銀,12,0,12,群益金鼎-東大,2023-04-27,9135
2201,裕隆,22,10,12,群益金鼎-東大,2023-04-27,9135
5347,世界,11,0,11,群益金鼎-東大,2023-04-27,9135
2002,中鋼,12,1,11,群益金鼎-東大,2023-04-27,9135
1584,精剛,12,1,11,群益金鼎-東大,2023-04-27,9135
3004,豐達科,11,0,11,群益金鼎-東大,2023-04-27,9135
3624,光頡,20,9,11,群益金鼎-東大,2023-04-27,9135
2352,佳世達,16,5,11,群益金鼎-東大,2023-04-27,9135
1471,首利,22,12,10,群益金鼎-東大,2023-04-27,9135
4581,光隆精密-KY,10,0,10,群益金鼎-東大,2023-04-27,9135
00753L,中信中國50正2,10,0,10,群益金鼎-東大,2023-04-27,9135
5009,榮剛,10,0,10,群益金鼎-東大,2023-04-27,9135
3576,聯合再生,10,0,10,群益金鼎-東大,2023-04-27,9135
00891,中信關鍵半導體,10,0,10,群益金鼎-東大,2023-04-27,9135
4707,磐亞,10,0,10,群益金鼎-東大,2023-04-27,9135
2344,華邦電,11,1,10,群益金鼎-東大,2023-04-27,9135
5876,上海商銀,10,0,10,群益金鼎-東大,2023-04-27,9135
00888,永豐台灣ESG,15,5,10,群益金鼎-東大,2023-04-27,9135
3583,辛耘,11,1,10,群益金鼎-東大,2023-04-27,9135
2834,臺企銀,11,1,10,群益金鼎-東大,2023-04-27,9135
0050,元大台灣50,9,0,9,群益金鼎-東大,2023-04-27,9135
8403,盛弘,12,3,9,群益金鼎-東大,2023-04-27,9135
3711,日月光投控,10,1,9,群益金鼎-東大,2023-04-27,9135
3032,偉訓,15,7,8,群益金鼎-東大,2023-04-27,9135
2528,皇普,8,0,8,群益金鼎-東大,2023-04-27,9135
3141,晶宏,12,4,8,群益金鼎-東大,2023-04-27,9135
5521,工信,8,0,8,群益金鼎-東大,2023-04-27,9135
2603,長榮,7,0,7,群益金鼎-東大,2023-04-27,9135
8926,台汽電,7,0,7,群益金鼎-東大,2023-04-27,9135
00680L,元大美債20正2,208,0,208,群益金鼎-東大,2023-04-28,9135
00881,國泰台灣5G+,50,0,50,群益金鼎-東大,2023-04-28,9135
2515,中工,37,0,37,群益金鼎-東大,2023-04-28,9135
00632R,元大台灣50反1,34,0,34,群益金鼎-東大,2023-04-28,9135
1609,大亞,47,16,31,群益金鼎-東大,2023-04-28,9135
1711,永光,52,22,30,群益金鼎-東大,2023-04-28,9135
2409,友達,32,3,29,群益金鼎-東大,2023-04-28,9135
4906,正文,25,0,25,群益金鼎-東大,2023-04-28,9135
3374,精材,24,0,24,群益金鼎-東大,2023-04-28,9135
8222,寶一,230,206,24,群益金鼎-東大,2023-04-28,9135
3017,奇鋐,54,30,24,群益金鼎-東大,2023-04-28,9135
3481,群創,23,0,23,群益金鼎-東大,2023-04-28,9135
6167,久正,22,0,22,群益金鼎-東大,2023-04-28,9135
00679B,元大美債20年,21,1,20,群益金鼎-東大,2023-04-28,9135
00671R,富邦NASDAQ反1,20,0,20,群益金鼎-東大,2023-04-28,9135
2495,普安,50,30,20,群益金鼎-東大,2023-04-28,9135
00642U,期元大S＆P石油,20,1,19,群益金鼎-東大,2023-04-28,9135
00720B,元大投資級公司債,20,1,19,群益金鼎-東大,2023-04-28,9135
00900,富邦特選高股息30,16,0,16,群益金鼎-東大,2023-04-28,9135
2303,聯電,16,0,16,群益金鼎-東大,2023-04-28,9135
3032,偉訓,18,3,15,群益金鼎-東大,2023-04-28,9135
0056,元大高股息,15,0,15,群益金鼎-東大,2023-04-28,9135
1464,得力,20,5,15,群益金鼎-東大,2023-04-28,9135
1720,生達,18,4,14,群益金鼎-東大,2023-04-28,9135
4744,皇將,14,0,14,群益金鼎-東大,2023-04-28,9135
4306,炎洲,14,0,14,群益金鼎-東大,2023-04-28,9135
2913,農林,36,23,13,群益金鼎-東大,2023-04-28,9135
1618,合機,12,0,12,群益金鼎-東大,2023-04-28,9135
1528,恩德,12,0,12,群益金鼎-東大,2023-04-28,9135
2002,中鋼,12,0,12,群益金鼎-東大,2023-04-28,9135
3363,上詮,33,21,12,群益金鼎-東大,2023-04-28,9135
2851,中再保,11,0,11,群益金鼎-東大,2023-04-28,9135
2888,新光金,11,0,11,群益金鼎-東大,2023-04-28,9135
1752,南光,42,31,11,群益金鼎-東大,2023-04-28,9135
00924,復華S＆P500成長,11,0,11,群益金鼎-東大,2023-04-28,9135
6213,聯茂,12,1,11,群益金鼎-東大,2023-04-28,9135
9945,潤泰新,11,0,11,群益金鼎-東大,2023-04-28,9135
5475,德宏,10,0,10,群益金鼎-東大,2023-04-28,9135
00853B,統一美債10年Aa-,10,0,10,群益金鼎-東大,2023-04-28,9135
2834,臺企銀,15,5,10,群益金鼎-東大,2023-04-28,9135
2104,國際中橡,10,0,10,群益金鼎-東大,2023-04-28,9135
2204,中華,11,1,10,群益金鼎-東大,2023-04-28,9135
6278,台表科,10,0,10,群益金鼎-東大,2023-04-28,9135
3591,艾笛森,9,0,9,群益金鼎-東大,2023-04-28,9135
00706L,期元大S＆P日圓正2,9,0,9,群益金鼎-東大,2023-04-28,9135
3545,敦泰,10,1,9,群益金鼎-東大,2023-04-28,9135
3715,定穎投控,10,1,9,群益金鼎-東大,2023-04-28,9135
5603,陸海,9,0,9,群益金鼎-東大,2023-04-28,9135
6147,頎邦,9,0,9,群益金鼎-東大,2023-04-28,9135
1809,中釉,8,0,8,群益金鼎-東大,2023-04-28,9135
00679B,元大美債20年,110,5,105,群益金鼎-東大,2023-05-02,9135
2834,臺企銀,90,1,89,群益金鼎-東大,2023-05-02,9135
4961,天鈺,68,0,68,群益金鼎-東大,2023-05-02,9135
00751B,元大AAA至A公司債,45,0,45,群益金鼎-東大,2023-05-02,9135
00772B,中信高評級公司債,41,0,41,群益金鼎-東大,2023-05-02,9135
00671R,富邦NASDAQ反1,40,0,40,群益金鼎-東大,2023-05-02,9135
4968,立積,40,2,38,群益金鼎-東大,2023-05-02,9135
00720B,元大投資級公司債,35,0,35,群益金鼎-東大,2023-05-02,9135
6266,泰詠,37,4,33,群益金鼎-東大,2023-05-02,9135
2337,旺宏,30,0,30,群益金鼎-東大,2023-05-02,9135
2537,聯上發,29,0,29,群益金鼎-東大,2023-05-02,9135
6288,聯嘉,31,3,28,群益金鼎-東大,2023-05-02,9135
3481,群創,97,70,27,群益金鼎-東大,2023-05-02,9135
2482,連宇,172,149,23,群益金鼎-東大,2023-05-02,9135
1513,中興電,37,15,22,群益金鼎-東大,2023-05-02,9135
2417,圓剛,22,0,22,群益金鼎-東大,2023-05-02,9135
2206,三陽工業,35,13,22,群益金鼎-東大,2023-05-02,9135
2014,中鴻,20,0,20,群益金鼎-東大,2023-05-02,9135
1528,恩德,70,51,19,群益金鼎-東大,2023-05-02,9135
6190,萬泰科,20,2,18,群益金鼎-東大,2023-05-02,9135
2344,華邦電,16,0,16,群益金鼎-東大,2023-05-02,9135
2442,新美齊,16,0,16,群益金鼎-東大,2023-05-02,9135
1101,台泥,19,4,15,群益金鼎-東大,2023-05-02,9135
00753L,中信中國50正2,15,0,15,群益金鼎-東大,2023-05-02,9135
2233,宇隆,15,0,15,群益金鼎-東大,2023-05-02,9135
00853B,統一美債10年Aa-,15,0,15,群益金鼎-東大,2023-05-02,9135
2349,錸德,15,0,15,群益金鼎-東大,2023-05-02,9135
1519,華城,34,20,14,群益金鼎-東大,2023-05-02,9135
6477,安集,13,0,13,群益金鼎-東大,2023-05-02,9135
2609,陽明,18,5,13,群益金鼎-東大,2023-05-02,9135
1560,中砂,13,1,12,群益金鼎-東大,2023-05-02,9135
6282,康舒,19,7,12,群益金鼎-東大,2023-05-02,9135
3704,合勤控,13,1,12,群益金鼎-東大,2023-05-02,9135
3006,晶豪科,12,1,11,群益金鼎-東大,2023-05-02,9135
3147,大綜,23,12,11,群益金鼎-東大,2023-05-02,9135
2484,希華,11,0,11,群益金鼎-東大,2023-05-02,9135
3406,玉晶光,11,0,11,群益金鼎-東大,2023-05-02,9135
00878,國泰永續高股息,23,12,11,群益金鼎-東大,2023-05-02,9135
1727,中華化,11,1,10,群益金鼎-東大,2023-05-02,9135
00924,復華S＆P500成長,10,0,10,群益金鼎-東大,2023-05-02,9135
2701,萬企,10,0,10,群益金鼎-東大,2023-05-02,9135
5321,美而快,20,10,10,群益金鼎-東大,2023-05-02,9135
2603,長榮,9,0,9,群益金鼎-東大,2023-05-02,9135
1783,和康生,13,4,9,群益金鼎-東大,2023-05-02,9135
3207,耀勝,10,1,9,群益金鼎-東大,2023-05-02,9135
4919,新唐,9,0,9,群益金鼎-東大,2023-05-02,9135
00637L,元大滬深300正2,13,4,9,群益金鼎-東大,2023-05-02,9135
2881,富邦金,10,1,9,群益金鼎-東大,2023-05-02,9135
0056,元大高股息,16,8,8,群益金鼎-東大,2023-05-02,9135
1762,中化生,8,0,8,群益金鼎-東大,2023-05-02,9135
1714,和桐,100,0,100,群益金鼎-東大,2023-05-03,9135
5425,台半,69,1,68,群益金鼎-東大,2023-05-03,9135
00878,國泰永續高股息,45,0,45,群益金鼎-東大,2023-05-03,9135
00712,復華富時不動產,41,0,41,群益金鼎-東大,2023-05-03,9135
6245,立端,45,5,40,群益金鼎-東大,2023-05-03,9135
2834,臺企銀,31,0,31,群益金鼎-東大,2023-05-03,9135
00679B,元大美債20年,30,3,27,群益金鼎-東大,2023-05-03,9135
00891,中信關鍵半導體,24,0,24,群益金鼎-東大,2023-05-03,9135
006208,富邦台50,23,0,23,群益金鼎-東大,2023-05-03,9135
00632R,元大台灣50反1,23,0,23,群益金鼎-東大,2023-05-03,9135
2498,宏達電,22,0,22,群益金鼎-東大,2023-05-03,9135
00642U,期元大S＆P石油,22,0,22,群益金鼎-東大,2023-05-03,9135
3419,譁裕,43,21,22,群益金鼎-東大,2023-05-03,9135
00715L,期街口布蘭特正2,21,0,21,群益金鼎-東大,2023-05-03,9135
3058,立德,20,0,20,群益金鼎-東大,2023-05-03,9135
00637L,元大滬深300正2,17,0,17,群益金鼎-東大,2023-05-03,9135
00751B,元大AAA至A公司債,16,0,16,群益金鼎-東大,2023-05-03,9135
4164,承業醫,15,0,15,群益金鼎-東大,2023-05-03,9135
1727,中華化,18,3,15,群益金鼎-東大,2023-05-03,9135
3032,偉訓,37,22,15,群益金鼎-東大,2023-05-03,9135
3231,緯創,18,4,14,群益金鼎-東大,2023-05-03,9135
1609,大亞,18,4,14,群益金鼎-東大,2023-05-03,9135
5009,榮剛,15,1,14,群益金鼎-東大,2023-05-03,9135
00772B,中信高評級公司債,17,3,14,群益金鼎-東大,2023-05-03,9135
6234,高僑,36,22,14,群益金鼎-東大,2023-05-03,9135
4121,優盛,31,17,14,群益金鼎-東大,2023-05-03,9135
6167,久正,134,121,13,群益金鼎-東大,2023-05-03,9135
1514,亞力,23,10,13,群益金鼎-東大,2023-05-03,9135
3380,明泰,13,0,13,群益金鼎-東大,2023-05-03,9135
1503,士電,113,101,12,群益金鼎-東大,2023-05-03,9135
2892,第一金,12,0,12,群益金鼎-東大,2023-05-03,9135
4510,高鋒,12,0,12,群益金鼎-東大,2023-05-03,9135
00924,復華S＆P500成長,11,0,11,群益金鼎-東大,2023-05-03,9135
1776,展宇,10,0,10,群益金鼎-東大,2023-05-03,9135
1201,味全,10,0,10,群益金鼎-東大,2023-05-03,9135
1471,首利,10,0,10,群益金鼎-東大,2023-05-03,9135
1316,上曜,10,0,10,群益金鼎-東大,2023-05-03,9135
6244,茂迪,13,3,10,群益金鼎-東大,2023-05-03,9135
2616,山隆,10,0,10,群益金鼎-東大,2023-05-03,9135
2603,長榮,9,0,9,群益金鼎-東大,2023-05-03,9135
8222,寶一,202,193,9,群益金鼎-東大,2023-05-03,9135
4111,濟生,9,0,9,群益金鼎-東大,2023-05-03,9135
2609,陽明,12,3,9,群益金鼎-東大,2023-05-03,9135
1783,和康生,8,0,8,群益金鼎-東大,2023-05-03,9135
2634,漢翔,59,51,8,群益金鼎-東大,2023-05-03,9135
2201,裕隆,10,2,8,群益金鼎-東大,2023-05-03,9135
4102,永日,8,0,8,群益金鼎-東大,2023-05-03,9135
2312,金寶,11,3,8,群益金鼎-東大,2023-05-03,9135
1519,華城,31,23,8,群益金鼎-東大,2023-05-03,9135
5521,工信,8,0,8,群益金鼎-東大,2023-05-03,9135
6589,台康生技,169,81,88,群益金鼎-東大,2023-05-04,9135
00715L,期街口布蘭特正2,56,0,56,群益金鼎-東大,2023-05-04,9135
1608,華榮,90,40,50,群益金鼎-東大,2023-05-04,9135
1783,和康生,55,7,48,群益金鼎-東大,2023-05-04,9135
3673,TPK-KY,50,14,36,群益金鼎-東大,2023-05-04,9135
1307,三芳,30,0,30,群益金鼎-東大,2023-05-04,9135
00878,國泰永續高股息,31,1,30,群益金鼎-東大,2023-05-04,9135
5309,系統電,28,1,27,群益金鼎-東大,2023-05-04,9135
3231,緯創,27,3,24,群益金鼎-東大,2023-05-04,9135
4746,台耀,36,12,24,群益金鼎-東大,2023-05-04,9135
3466,德晉,20,0,20,群益金鼎-東大,2023-05-04,9135
3624,光頡,25,6,19,群益金鼎-東大,2023-05-04,9135
00679B,元大美債20年,19,1,18,群益金鼎-東大,2023-05-04,9135
00712,復華富時不動產,18,0,18,群益金鼎-東大,2023-05-04,9135
2618,長榮航,17,1,16,群益金鼎-東大,2023-05-04,9135
00674R,期元大S＆P黃金反1,15,0,15,群益金鼎-東大,2023-05-04,9135
00642U,期元大S＆P石油,13,0,13,群益金鼎-東大,2023-05-04,9135
2834,臺企銀,23,10,13,群益金鼎-東大,2023-05-04,9135
1711,永光,45,32,13,群益金鼎-東大,2023-05-04,9135
4961,天鈺,14,2,12,群益金鼎-東大,2023-05-04,9135
4541,晟田,82,70,12,群益金鼎-東大,2023-05-04,9135
2472,立隆電,12,0,12,群益金鼎-東大,2023-05-04,9135
8038,長園科,12,0,12,群益金鼎-東大,2023-05-04,9135
2317,鴻海,16,5,11,群益金鼎-東大,2023-05-04,9135
5225,東科-KY,12,1,11,群益金鼎-東大,2023-05-04,9135
3029,零壹,28,17,11,群益金鼎-東大,2023-05-04,9135
3011,今皓,12,1,11,群益金鼎-東大,2023-05-04,9135
2002,中鋼,10,0,10,群益金鼎-東大,2023-05-04,9135
4968,立積,60,50,10,群益金鼎-東大,2023-05-04,9135
1528,恩德,50,40,10,群益金鼎-東大,2023-05-04,9135
00877,復華中國5G,10,0,10,群益金鼎-東大,2023-05-04,9135
3712,永崴投控,16,6,10,群益金鼎-東大,2023-05-04,9135
8112,至上,10,0,10,群益金鼎-東大,2023-05-04,9135
6129,普誠,13,3,10,群益金鼎-東大,2023-05-04,9135
2208,台船,10,0,10,群益金鼎-東大,2023-05-04,9135
5498,凱崴,50,40,10,群益金鼎-東大,2023-05-04,9135
5465,富驊,14,4,10,群益金鼎-東大,2023-05-04,9135
2454,聯發科,9,0,9,群益金鼎-東大,2023-05-04,9135
00891,中信關鍵半導體,9,0,9,群益金鼎-東大,2023-05-04,9135
2402,毅嘉,9,0,9,群益金鼎-東大,2023-05-04,9135
00751B,元大AAA至A公司債,9,0,9,群益金鼎-東大,2023-05-04,9135
8403,盛弘,17,8,9,群益金鼎-東大,2023-05-04,9135
4909,新復興,8,0,8,群益金鼎-東大,2023-05-04,9135
00720B,元大投資級公司債,8,0,8,群益金鼎-東大,2023-05-04,9135
3356,奇偶,12,4,8,群益金鼎-東大,2023-05-04,9135
4763,材料-KY,15,7,8,群益金鼎-東大,2023-05-04,9135
4121,優盛,18,11,7,群益金鼎-東大,2023-05-04,9135
3046,建��,14,7,7,群益金鼎-東大,2023-05-04,9135
6248,沛波,15,8,7,群益金鼎-東大,2023-05-04,9135
2344,華邦電,6,0,6,群益金鼎-東大,2023-05-04,9135
4967,十銓,209,1,208,群益金鼎-東大,2023-05-05,9135
2359,所羅門,73,0,73,群益金鼎-東大,2023-05-05,9135
00671R,富邦NASDAQ反1,60,0,60,群益金鼎-東大,2023-05-05,9135
4744,皇將,83,31,52,群益金鼎-東大,2023-05-05,9135
3591,艾笛森,51,0,51,群益金鼎-東大,2023-05-05,9135
6438,迅得,58,8,50,群益金鼎-東大,2023-05-05,9135
1104,環泥,50,0,50,群益金鼎-東大,2023-05-05,9135
00751B,元大AAA至A公司債,49,0,49,群益金鼎-東大,2023-05-05,9135
6244,茂迪,66,19,47,群益金鼎-東大,2023-05-05,9135
3308,聯德,47,0,47,群益金鼎-東大,2023-05-05,9135
00715L,期街口布蘭特正2,33,0,33,群益金鼎-東大,2023-05-05,9135
00712,復華富時不動產,31,0,31,群益金鼎-東大,2023-05-05,9135
00720B,元大投資級公司債,30,0,30,群益金鼎-東大,2023-05-05,9135
8390,金益鼎,28,2,26,群益金鼎-東大,2023-05-05,9135
00878,國泰永續高股息,34,9,25,群益金鼎-東大,2023-05-05,9135
2492,華新科,30,6,24,群益金鼎-東大,2023-05-05,9135
5309,系統電,26,5,21,群益金鼎-東大,2023-05-05,9135
00679B,元大美債20年,20,0,20,群益金鼎-東大,2023-05-05,9135
2317,鴻海,54,35,19,群益金鼎-東大,2023-05-05,9135
00632R,元大台灣50反1,45,27,18,群益金鼎-東大,2023-05-05,9135
2845,遠東銀,18,0,18,群益金鼎-東大,2023-05-05,9135
3663,鑫科,18,1,17,群益金鼎-東大,2023-05-05,9135
3481,群創,15,0,15,群益金鼎-東大,2023-05-05,9135
2515,中工,15,0,15,群益金鼎-東大,2023-05-05,9135
1307,三芳,16,1,15,群益金鼎-東大,2023-05-05,9135
8403,盛弘,26,12,14,群益金鼎-東大,2023-05-05,9135
8926,台汽電,18,5,13,群益金鼎-東大,2023-05-05,9135
5284,jpp-KY,16,4,12,群益金鼎-東大,2023-05-05,9135
2457,飛宏,14,2,12,群益金鼎-東大,2023-05-05,9135
6111,大宇資,14,3,11,群益金鼎-東大,2023-05-05,9135
1513,中興電,39,28,11,群益金鼎-東大,2023-05-05,9135
4916,事欣科,16,5,11,群益金鼎-東大,2023-05-05,9135
2352,佳世達,15,4,11,群益金鼎-東大,2023-05-05,9135
3011,今皓,11,0,11,群益金鼎-東大,2023-05-05,9135
5356,協益,59,48,11,群益金鼎-東大,2023-05-05,9135
1210,大成,11,1,10,群益金鼎-東大,2023-05-05,9135
8932,智通*,10,0,10,群益金鼎-東大,2023-05-05,9135
5425,台半,18,8,10,群益金鼎-東大,2023-05-05,9135
2897,王道銀行,10,0,10,群益金鼎-東大,2023-05-05,9135
4927,泰鼎-KY,10,0,10,群益金鼎-東大,2023-05-05,9135
4108,懷特,10,0,10,群益金鼎-東大,2023-05-05,9135
3163,波若威,10,0,10,群益金鼎-東大,2023-05-05,9135
6112,邁達特,36,26,10,群益金鼎-東大,2023-05-05,9135
00830,國泰費城半導體,9,0,9,群益金鼎-東大,2023-05-05,9135
2801,彰銀,10,1,9,群益金鼎-東大,2023-05-05,9135
3715,定穎投控,16,7,9,群益金鼎-東大,2023-05-05,9135
2351,順德,9,0,9,群益金鼎-東大,2023-05-05,9135
5608,四維航,10,1,9,群益金鼎-東大,2023-05-05,9135
6248,沛波,21,12,9,群益金鼎-東大,2023-05-05,9135
4114,健喬,16,7,9,群益金鼎-東大,2023-05-05,9135
00753L,中信中國50正2,100,0,100,群益金鼎-東大,2023-05-08,9135
00671R,富邦NASDAQ反1,65,0,65,群益金鼎-東大,2023-05-08,9135
1519,華城,70,20,50,群益金鼎-東大,2023-05-08,9135
3481,群創,87,40,47,群益金鼎-東大,2023-05-08,9135
2353,宏��,51,6,45,群益金鼎-東大,2023-05-08,9135
2449,京元電子,45,0,45,群益金鼎-東大,2023-05-08,9135
3014,聯陽,43,0,43,群益金鼎-東大,2023-05-08,9135
00679B,元大美債20年,39,0,39,群益金鼎-東大,2023-05-08,9135
9933,中鼎,39,0,39,群益金鼎-東大,2023-05-08,9135
2913,農林,41,3,38,群益金鼎-東大,2023-05-08,9135
00632R,元大台灣50反1,38,0,38,群益金鼎-東大,2023-05-08,9135
4541,晟田,61,27,34,群益金鼎-東大,2023-05-08,9135
2883,凱基金,52,23,29,群益金鼎-東大,2023-05-08,9135
3013,晟銘電,63,38,25,群益金鼎-東大,2023-05-08,9135
00720B,元大投資級公司債,25,0,25,群益金鼎-東大,2023-05-08,9135
2609,陽明,26,2,24,群益金鼎-東大,2023-05-08,9135
4744,皇將,41,18,23,群益金鼎-東大,2023-05-08,9135
00751B,元大AAA至A公司債,21,0,21,群益金鼎-東大,2023-05-08,9135
1504,東元,60,40,20,群益金鼎-東大,2023-05-08,9135
1513,中興電,53,33,20,群益金鼎-東大,2023-05-08,9135
5483,中美晶,21,4,17,群益金鼎-東大,2023-05-08,9135
2208,台船,17,1,16,群益金鼎-東大,2023-05-08,9135
3715,定穎投控,28,12,16,群益金鼎-東大,2023-05-08,9135
3663,鑫科,17,2,15,群益金鼎-東大,2023-05-08,9135
1307,三芳,15,0,15,群益金鼎-東大,2023-05-08,9135
00673R,期元大S＆P原油反1,15,1,14,群益金鼎-東大,2023-05-08,9135
2897,王道銀行,15,1,14,群益金鼎-東大,2023-05-08,9135
2812,台中銀,13,0,13,群益金鼎-東大,2023-05-08,9135
00653L,富邦印度正2,11,0,11,群益金鼎-東大,2023-05-08,9135
2601,益航,11,0,11,群益金鼎-東大,2023-05-08,9135
2889,國票金,10,0,10,群益金鼎-東大,2023-05-08,9135
1717,長興,11,1,10,群益金鼎-東大,2023-05-08,9135
6185,幃翔,10,0,10,群益金鼎-東大,2023-05-08,9135
8210,勤誠,10,0,10,群益金鼎-東大,2023-05-08,9135
2402,毅嘉,24,15,9,群益金鼎-東大,2023-05-08,9135
2613,中櫃,9,0,9,群益金鼎-東大,2023-05-08,9135
2409,友達,15,6,9,群益金鼎-東大,2023-05-08,9135
3479,安勤,10,1,9,群益金鼎-東大,2023-05-08,9135
1701,中化,10,1,9,群益金鼎-東大,2023-05-08,9135
1905,華紙,12,4,8,群益金鼎-東大,2023-05-08,9135
3051,力特,8,0,8,群益金鼎-東大,2023-05-08,9135
5403,中菲,15,7,8,群益金鼎-東大,2023-05-08,9135
00772B,中信高評級公司債,7,0,7,群益金鼎-東大,2023-05-08,9135
1451,年興,7,0,7,群益金鼎-東大,2023-05-08,9135
00680L,元大美債20正2,7,0,7,群益金鼎-東大,2023-05-08,9135
3693,營邦,7,0,7,群益金鼎-東大,2023-05-08,9135
2344,華邦電,8,1,7,群益金鼎-東大,2023-05-08,9135
1514,亞力,12,6,6,群益金鼎-東大,2023-05-08,9135
4915,致伸,6,0,6,群益金鼎-東大,2023-05-08,9135
0056,元大高股息,6,0,6,群益金鼎-東大,2023-05-08,9135
3481,群創,101,22,79,群益金鼎-東大,2023-05-09,9135
00772B,中信高評級公司債,65,0,65,群益金鼎-東大,2023-05-09,9135
2353,宏��,52,1,51,群益金鼎-東大,2023-05-09,9135
00751B,元大AAA至A公司債,42,0,42,群益金鼎-東大,2023-05-09,9135
5356,協益,42,1,41,群益金鼎-東大,2023-05-09,9135
2317,鴻海,46,6,40,群益金鼎-東大,2023-05-09,9135
2913,農林,82,44,38,群益金鼎-東大,2023-05-09,9135
00720B,元大投資級公司債,38,1,37,群益金鼎-東大,2023-05-09,9135
00679B,元大美債20年,38,1,37,群益金鼎-東大,2023-05-09,9135
1905,華紙,290,253,37,群益金鼎-東大,2023-05-09,9135
4744,皇將,92,56,36,群益金鼎-東大,2023-05-09,9135
00680L,元大美債20正2,35,0,35,群益金鼎-東大,2023-05-09,9135
00671R,富邦NASDAQ反1,30,0,30,群益金鼎-東大,2023-05-09,9135
3576,聯合再生,22,0,22,群益金鼎-東大,2023-05-09,9135
1609,大亞,56,34,22,群益金鼎-東大,2023-05-09,9135
4108,懷特,21,0,21,群益金鼎-東大,2023-05-09,9135
3038,全台,22,1,21,群益金鼎-東大,2023-05-09,9135
2614,東森,20,0,20,群益金鼎-東大,2023-05-09,9135
3071,協禧,40,20,20,群益金鼎-東大,2023-05-09,9135
3661,世芯-KY,20,1,19,群益金鼎-東大,2023-05-09,9135
3673,TPK-KY,20,1,19,群益金鼎-東大,2023-05-09,9135
3006,晶豪科,26,7,19,群益金鼎-東大,2023-05-09,9135
4503,金雨,26,8,18,群益金鼎-東大,2023-05-09,9135
1727,中華化,36,20,16,群益金鼎-東大,2023-05-09,9135
00773B,中信優先金融債,16,0,16,群益金鼎-東大,2023-05-09,9135
00687B,國泰20年美債,14,0,14,群益金鼎-東大,2023-05-09,9135
1314,中石化,14,1,13,群益金鼎-東大,2023-05-09,9135
2457,飛宏,13,0,13,群益金鼎-東大,2023-05-09,9135
2402,毅嘉,15,2,13,群益金鼎-東大,2023-05-09,9135
6218,豪勉,15,2,13,群益金鼎-東大,2023-05-09,9135
8926,台汽電,27,14,13,群益金鼎-東大,2023-05-09,9135
1708,東鹼,12,0,12,群益金鼎-東大,2023-05-09,9135
6443,元晶,13,2,11,群益金鼎-東大,2023-05-09,9135
3545,敦泰,12,1,11,群益金鼎-東大,2023-05-09,9135
2208,台船,11,0,11,群益金鼎-東大,2023-05-09,9135
6167,久正,11,0,11,群益金鼎-東大,2023-05-09,9135
00740B,富邦全球投等債,11,0,11,群益金鼎-東大,2023-05-09,9135
00712,復華富時不動產,10,0,10,群益金鼎-東大,2023-05-09,9135
1733,五鼎,10,0,10,群益金鼎-東大,2023-05-09,9135
4303,信立,10,0,10,群益金鼎-東大,2023-05-09,9135
3548,兆利,10,0,10,群益金鼎-東大,2023-05-09,9135
2313,華通,10,0,10,群益金鼎-東大,2023-05-09,9135
3663,鑫科,9,0,9,群益金鼎-東大,2023-05-09,9135
1722,台肥,10,1,9,群益金鼎-東大,2023-05-09,9135
2484,希華,9,0,9,群益金鼎-東大,2023-05-09,9135
4173,久裕,9,0,9,群益金鼎-東大,2023-05-09,9135
2387,精元,14,6,8,群益金鼎-東大,2023-05-09,9135
2344,華邦電,29,21,8,群益金鼎-東大,2023-05-09,9135
1101,台泥,8,0,8,群益金鼎-東大,2023-05-09,9135
6179,亞通,11,4,7,群益金鼎-東大,2023-05-09,9135
3591,艾笛森,250,3,247,群益金鼎-東大,2023-05-10,9135
3594,磐儀,188,85,103,群益金鼎-東大,2023-05-10,9135
00680L,元大美債20正2,58,0,58,群益金鼎-東大,2023-05-10,9135
4967,十銓,53,2,51,群益金鼎-東大,2023-05-10,9135
00878,國泰永續高股息,51,2,49,群益金鼎-東大,2023-05-10,9135
2867,三商壽,43,0,43,群益金鼎-東大,2023-05-10,9135
00753L,中信中國50正2,40,0,40,群益金鼎-東大,2023-05-10,9135
6245,立端,50,13,37,群益金鼎-東大,2023-05-10,9135
00679B,元大美債20年,40,4,36,群益金鼎-東大,2023-05-10,9135
2618,長榮航,49,14,35,群益金鼎-東大,2023-05-10,9135
2515,中工,32,0,32,群益金鼎-東大,2023-05-10,9135
2330,台積電,31,0,31,群益金鼎-東大,2023-05-10,9135
3363,上詮,28,1,27,群益金鼎-東大,2023-05-10,9135
1591,駿吉-KY,20,0,20,群益金鼎-東大,2023-05-10,9135
4303,信立,20,0,20,群益金鼎-東大,2023-05-10,9135
6689,伊雲谷,25,5,20,群益金鼎-東大,2023-05-10,9135
2352,佳世達,20,1,19,群益金鼎-東大,2023-05-10,9135
6235,華孚,65,48,17,群益金鼎-東大,2023-05-10,9135
2201,裕隆,17,2,15,群益金鼎-東大,2023-05-10,9135
00712,復華富時不動產,15,0,15,群益金鼎-東大,2023-05-10,9135
00720B,元大投資級公司債,16,1,15,群益金鼎-東大,2023-05-10,9135
4979,華星光,15,0,15,群益金鼎-東大,2023-05-10,9135
6234,高僑,15,0,15,群益金鼎-東大,2023-05-10,9135
2317,鴻海,16,2,14,群益金鼎-東大,2023-05-10,9135
2387,精元,17,3,14,群益金鼎-東大,2023-05-10,9135
00687B,國泰20年美債,12,0,12,群益金鼎-東大,2023-05-10,9135
2888,新光金,12,0,12,群益金鼎-東大,2023-05-10,9135
1584,精剛,17,6,11,群益金鼎-東大,2023-05-10,9135
6274,台燿,14,3,11,群益金鼎-東大,2023-05-10,9135
2891,中信金,12,1,11,群益金鼎-東大,2023-05-10,9135
6112,邁達特,21,10,11,群益金鼎-東大,2023-05-10,9135
4729,熒茂,10,0,10,群益金鼎-東大,2023-05-10,9135
3548,兆利,10,0,10,群益金鼎-東大,2023-05-10,9135
4581,光隆精密-KY,10,0,10,群益金鼎-東大,2023-05-10,9135
1762,中化生,13,3,10,群益金鼎-東大,2023-05-10,9135
1616,億泰,10,0,10,群益金鼎-東大,2023-05-10,9135
6276,安鈦克,12,2,10,群益金鼎-東大,2023-05-10,9135
1337,再生-KY,10,0,10,群益金鼎-東大,2023-05-10,9135
2409,友達,10,1,9,群益金鼎-東大,2023-05-10,9135
2308,台達電,10,1,9,群益金鼎-東大,2023-05-10,9135
5258,虹堡,10,1,9,群益金鼎-東大,2023-05-10,9135
6139,亞翔,29,21,8,群益金鼎-東大,2023-05-10,9135
3209,全科,11,3,8,群益金鼎-東大,2023-05-10,9135
00751B,元大AAA至A公司債,8,0,8,群益金鼎-東大,2023-05-10,9135
2482,連宇,14,6,8,群益金鼎-東大,2023-05-10,9135
8255,朋程,8,0,8,群益金鼎-東大,2023-05-10,9135
2834,臺企銀,9,1,8,群益金鼎-東大,2023-05-10,9135
00830,國泰費城半導體,7,0,7,群益金鼎-東大,2023-05-10,9135
3346,麗清,7,0,7,群益金鼎-東大,2023-05-10,9135
1727,中華化,15,8,7,群益金鼎-東大,2023-05-10,9135
00671R,富邦NASDAQ反1,60,0,60,群益金鼎-東大,2023-05-11,9135
3363,上詮,60,6,54,群益金鼎-東大,2023-05-11,9135
2030,彰源,50,1,49,群益金鼎-東大,2023-05-11,9135
3481,群創,48,0,48,群益金鼎-東大,2023-05-11,9135
8222,寶一,60,15,45,群益金鼎-東大,2023-05-11,9135
1314,中石化,41,0,41,群益金鼎-東大,2023-05-11,9135
00680L,元大美債20正2,43,4,39,群益金鼎-東大,2023-05-11,9135
6122,擎邦,184,145,39,群益金鼎-東大,2023-05-11,9135
3594,磐儀,36,0,36,群益金鼎-東大,2023-05-11,9135
1504,東元,35,3,32,群益金鼎-東大,2023-05-11,9135
2330,台積電,31,1,30,群益金鼎-東大,2023-05-11,9135
5498,凱崴,24,3,21,群益金鼎-東大,2023-05-11,9135
1609,大亞,40,19,21,群益金鼎-東大,2023-05-11,9135
9943,好樂迪,29,8,21,群益金鼎-東大,2023-05-11,9135
00715L,期街口布蘭特正2,29,9,20,群益金鼎-東大,2023-05-11,9135
8085,福華,40,20,20,群益金鼎-東大,2023-05-11,9135
1734,杏輝,21,2,19,群益金鼎-東大,2023-05-11,9135
2812,台中銀,17,0,17,群益金鼎-東大,2023-05-11,9135
4114,健喬,17,0,17,群益金鼎-東大,2023-05-11,9135
2603,長榮,16,0,16,群益金鼎-東大,2023-05-11,9135
1784,訊聯,15,0,15,群益金鼎-東大,2023-05-11,9135
1762,中化生,36,21,15,群益金鼎-東大,2023-05-11,9135
6227,茂綸,15,0,15,群益金鼎-東大,2023-05-11,9135
2337,旺宏,15,0,15,群益金鼎-東大,2023-05-11,9135
3032,偉訓,19,5,14,群益金鼎-東大,2023-05-11,9135
2022,聚亨,17,4,13,群益金鼎-東大,2023-05-11,9135
2610,華航,13,0,13,群益金鼎-東大,2023-05-11,9135
2897,王道銀行,13,0,13,群益金鼎-東大,2023-05-11,9135
2344,華邦電,27,15,12,群益金鼎-東大,2023-05-11,9135
00720B,元大投資級公司債,12,1,11,群益金鼎-東大,2023-05-11,9135
6180,橘子,11,0,11,群益金鼎-東大,2023-05-11,9135
1608,華榮,10,0,10,群益金鼎-東大,2023-05-11,9135
1708,東鹼,10,0,10,群益金鼎-東大,2023-05-11,9135
5206,坤悅,10,0,10,群益金鼎-東大,2023-05-11,9135
2867,三商壽,10,0,10,群益金鼎-東大,2023-05-11,9135
1616,億泰,10,0,10,群益金鼎-東大,2023-05-11,9135
6517,保勝光學,10,0,10,群益金鼎-東大,2023-05-11,9135
8446,華研,10,0,10,群益金鼎-東大,2023-05-11,9135
3035,智原,10,0,10,群益金鼎-東大,2023-05-11,9135
4979,華星光,11,2,9,群益金鼎-東大,2023-05-11,9135
2388,威盛,14,5,9,群益金鼎-東大,2023-05-11,9135
2515,中工,11,2,9,群益金鼎-東大,2023-05-11,9135
8916,光隆,9,0,9,群益金鼎-東大,2023-05-11,9135
1514,亞力,12,3,9,群益金鼎-東大,2023-05-11,9135
6126,信音,19,11,8,群益金鼎-東大,2023-05-11,9135
5876,上海商銀,9,1,8,群益金鼎-東大,2023-05-11,9135
3052,夆典,8,0,8,群益金鼎-東大,2023-05-11,9135
6112,邁達特,10,2,8,群益金鼎-東大,2023-05-11,9135
8183,精星,8,0,8,群益金鼎-東大,2023-05-11,9135
8099,大世科,10,2,8,群益金鼎-東大,2023-05-11,9135
2317,鴻海,127,4,123,群益金鼎-東大,2023-05-12,9135
2881,富邦金,55,0,55,群益金鼎-東大,2023-05-12,9135
00858,永豐美國500大,40,0,40,群益金鼎-東大,2023-05-12,9135
2353,宏��,50,13,37,群益金鼎-東大,2023-05-12,9135
00673R,期元大S＆P原油反1,40,5,35,群益金鼎-東大,2023-05-12,9135
00882,中信中國高股息,33,1,32,群益金鼎-東大,2023-05-12,9135
2330,台積電,35,4,31,群益金鼎-東大,2023-05-12,9135
1905,華紙,39,9,30,群益金鼎-東大,2023-05-12,9135
3481,群創,64,36,28,群益金鼎-東大,2023-05-12,9135
2834,臺企銀,29,3,26,群益金鼎-東大,2023-05-12,9135
2382,廣達,45,19,26,群益金鼎-東大,2023-05-12,9135
2303,聯電,23,0,23,群益金鼎-東大,2023-05-12,9135
3576,聯合再生,21,0,21,群益金鼎-東大,2023-05-12,9135
3545,敦泰,20,0,20,群益金鼎-東大,2023-05-12,9135
00773B,中信優先金融債,20,0,20,群益金鼎-東大,2023-05-12,9135
1584,精剛,37,17,20,群益金鼎-東大,2023-05-12,9135
2014,中鴻,20,0,20,群益金鼎-東大,2023-05-12,9135
5351,鈺創,20,1,19,群益金鼎-東大,2023-05-12,9135
4114,健喬,25,6,19,群益金鼎-東大,2023-05-12,9135
6276,安鈦克,18,2,16,群益金鼎-東大,2023-05-12,9135
3014,聯陽,17,2,15,群益金鼎-東大,2023-05-12,9135
2886,兆豐金,15,0,15,群益金鼎-東大,2023-05-12,9135
00637L,元大滬深300正2,15,0,15,群益金鼎-東大,2023-05-12,9135
2201,裕隆,18,4,14,群益金鼎-東大,2023-05-12,9135
00878,國泰永續高股息,14,0,14,群益金鼎-東大,2023-05-12,9135
2888,新光金,13,0,13,群益金鼎-東大,2023-05-12,9135
4137,麗豐-KY,30,17,13,群益金鼎-東大,2023-05-12,9135
2882,國泰金,13,1,12,群益金鼎-東大,2023-05-12,9135
00891,中信關鍵半導體,12,0,12,群益金鼎-東大,2023-05-12,9135
4916,事欣科,12,0,12,群益金鼎-東大,2023-05-12,9135
2022,聚亨,12,0,12,群益金鼎-東大,2023-05-12,9135
00642U,期元大S＆P石油,11,0,11,群益金鼎-東大,2023-05-12,9135
1101,台泥,10,0,10,群益金鼎-東大,2023-05-12,9135
3045,台灣大,10,0,10,群益金鼎-東大,2023-05-12,9135
00671R,富邦NASDAQ反1,10,0,10,群益金鼎-東大,2023-05-12,9135
3078,僑威,20,11,9,群益金鼎-東大,2023-05-12,9135
2634,漢翔,28,20,8,群益金鼎-東大,2023-05-12,9135
2609,陽明,14,6,8,群益金鼎-東大,2023-05-12,9135
2731,雄獅,7,0,7,群益金鼎-東大,2023-05-12,9135
9921,巨大,9,2,7,群益金鼎-東大,2023-05-12,9135
8176,智捷,9,2,7,群益金鼎-東大,2023-05-12,9135
5258,虹堡,18,11,7,群益金鼎-東大,2023-05-12,9135
3056,富華新,6,0,6,群益金鼎-東大,2023-05-12,9135
3169,亞信,6,0,6,群益金鼎-東大,2023-05-12,9135
00633L,富邦上証正2,6,0,6,群益金鼎-東大,2023-05-12,9135
2610,華航,6,0,6,群益金鼎-東大,2023-05-12,9135
5381,合正,6,0,6,群益金鼎-東大,2023-05-12,9135
8261,富鼎,11,5,6,群益金鼎-東大,2023-05-12,9135
3540,曜越,6,0,6,群益金鼎-東大,2023-05-12,9135
5201,凱衛,5,0,5,群益金鼎-東大,2023-05-12,9135
00891,中信關鍵半導體,71,0,71,群益金鼎-東大,2023-05-15,9135
00706L,期元大S＆P日圓正2,70,1,69,群益金鼎-東大,2023-05-15,9135
00687B,國泰20年美債,55,0,55,群益金鼎-東大,2023-05-15,9135
00680L,元大美債20正2,43,0,43,群益金鼎-東大,2023-05-15,9135
2706,第一店,30,0,30,群益金鼎-東大,2023-05-15,9135
5425,台半,30,0,30,群益金鼎-東大,2023-05-15,9135
00878,國泰永續高股息,84,55,29,群益金鼎-東大,2023-05-15,9135
8076,伍豐,44,16,28,群益金鼎-東大,2023-05-15,9135
2208,台船,32,5,27,群益金鼎-東大,2023-05-15,9135
2206,三陽工業,84,61,23,群益金鼎-東大,2023-05-15,9135
5356,協益,25,4,21,群益金鼎-東大,2023-05-15,9135
2834,臺企銀,21,0,21,群益金鼎-東大,2023-05-15,9135
2633,台灣高鐵,21,1,20,群益金鼎-東大,2023-05-15,9135
00877,復華中國5G,20,0,20,群益金鼎-東大,2023-05-15,9135
2610,華航,20,0,20,群益金鼎-東大,2023-05-15,9135
1584,精剛,19,0,19,群益金鼎-東大,2023-05-15,9135
00715L,期街口布蘭特正2,19,0,19,群益金鼎-東大,2023-05-15,9135
8940,新天地,21,3,18,群益金鼎-東大,2023-05-15,9135
00720B,元大投資級公司債,17,0,17,群益金鼎-東大,2023-05-15,9135
00712,復華富時不動產,15,0,15,群益金鼎-東大,2023-05-15,9135
1522,堤維西,15,0,15,群益金鼎-東大,2023-05-15,9135
4114,健喬,14,0,14,群益金鼎-東大,2023-05-15,9135
6122,擎邦,87,74,13,群益金鼎-東大,2023-05-15,9135
3540,曜越,13,1,12,群益金鼎-東大,2023-05-15,9135
3006,晶豪科,11,0,11,群益金鼎-東大,2023-05-15,9135
2542,興富發,12,1,11,群益金鼎-東大,2023-05-15,9135
6625,必應,11,0,11,群益金鼎-東大,2023-05-15,9135
8088,品安,10,0,10,群益金鼎-東大,2023-05-15,9135
6288,聯嘉,20,10,10,群益金鼎-東大,2023-05-15,9135
1605,華新,11,1,10,群益金鼎-東大,2023-05-15,9135
4120,友華,10,0,10,群益金鼎-東大,2023-05-15,9135
4908,前鼎,10,0,10,群益金鼎-東大,2023-05-15,9135
9955,佳龍,10,0,10,群益金鼎-東大,2023-05-15,9135
2317,鴻海,12,2,10,群益金鼎-東大,2023-05-15,9135
2888,新光金,14,5,9,群益金鼎-東大,2023-05-15,9135
6139,亞翔,14,5,9,群益金鼎-東大,2023-05-15,9135
2387,精元,9,0,9,群益金鼎-東大,2023-05-15,9135
00882,中信中國高股息,8,0,8,群益金鼎-東大,2023-05-15,9135
2482,連宇,9,1,8,群益金鼎-東大,2023-05-15,9135
1504,東元,29,21,8,群益金鼎-東大,2023-05-15,9135
00751B,元大AAA至A公司債,7,0,7,群益金鼎-東大,2023-05-15,9135
5403,中菲,7,0,7,群益金鼎-東大,2023-05-15,9135
5706,鳳凰,12,5,7,群益金鼎-東大,2023-05-15,9135
3022,威強電,8,1,7,群益金鼎-東大,2023-05-15,9135
3029,零壹,12,6,6,群益金鼎-東大,2023-05-15,9135
00900,富邦特選高股息30,6,0,6,群益金鼎-東大,2023-05-15,9135
3035,智原,6,0,6,群益金鼎-東大,2023-05-15,9135
8048,德勝,6,0,6,群益金鼎-東大,2023-05-15,9135
1529,樂事綠能,34,28,6,群益金鼎-東大,2023-05-15,9135
8155,博智,6,0,6,群益金鼎-東大,2023-05-15,9135
00632R,元大台灣50反1,271,0,271,群益金鼎-東大,2023-05-16,9135
2610,華航,200,22,178,群益金鼎-東大,2023-05-16,9135
2618,長榮航,203,37,166,群益金鼎-東大,2023-05-16,9135
00687B,國泰20年美債,47,0,47,群益金鼎-東大,2023-05-16,9135
00720B,元大投資級公司債,45,0,45,群益金鼎-東大,2023-05-16,9135
1806,冠軍,33,0,33,群益金鼎-東大,2023-05-16,9135
1608,華榮,32,0,32,群益金鼎-東大,2023-05-16,9135
2834,臺企銀,35,4,31,群益金鼎-東大,2023-05-16,9135
00751B,元大AAA至A公司債,30,0,30,群益金鼎-東大,2023-05-16,9135
1802,台玻,24,0,24,群益金鼎-東大,2023-05-16,9135
6245,立端,45,23,22,群益金鼎-東大,2023-05-16,9135
2851,中再保,17,0,17,群益金鼎-東大,2023-05-16,9135
8996,高力,16,0,16,群益金鼎-東大,2023-05-16,9135
00680L,元大美債20正2,13,0,13,群益金鼎-東大,2023-05-16,9135
1337,再生-KY,11,0,11,群益金鼎-東大,2023-05-16,9135
6112,邁達特,17,6,11,群益金鼎-東大,2023-05-16,9135
3014,聯陽,10,0,10,群益金鼎-東大,2023-05-16,9135
2337,旺宏,10,0,10,群益金鼎-東大,2023-05-16,9135
1742,台蠟,10,0,10,群益金鼎-東大,2023-05-16,9135
3673,TPK-KY,16,6,10,群益金鼎-東大,2023-05-16,9135
2609,陽明,20,10,10,群益金鼎-東大,2023-05-16,9135
3013,晟銘電,10,0,10,群益金鼎-東大,2023-05-16,9135
2471,資通,15,6,9,群益金鼎-東大,2023-05-16,9135
9942,茂順,19,11,8,群益金鼎-東大,2023-05-16,9135
8446,華研,8,0,8,群益金鼎-東大,2023-05-16,9135
5015,華祺,8,0,8,群益金鼎-東大,2023-05-16,9135
4919,新唐,8,0,8,群益金鼎-東大,2023-05-16,9135
3675,德微,8,1,7,群益金鼎-東大,2023-05-16,9135
8210,勤誠,8,1,7,群益金鼎-東大,2023-05-16,9135
3231,緯創,14,7,7,群益金鼎-東大,2023-05-16,9135
3661,世芯-KY,14,7,7,群益金鼎-東大,2023-05-16,9135
8076,伍豐,59,53,6,群益金鼎-東大,2023-05-16,9135
1504,東元,8,2,6,群益金鼎-東大,2023-05-16,9135
3715,定穎投控,55,49,6,群益金鼎-東大,2023-05-16,9135
5465,富驊,6,0,6,群益金鼎-東大,2023-05-16,9135
2317,鴻海,6,1,5,群益金鼎-東大,2023-05-16,9135
6712,長聖,7,2,5,群益金鼎-東大,2023-05-16,9135
3693,營邦,13,8,5,群益金鼎-東大,2023-05-16,9135
2845,遠東銀,5,0,5,群益金鼎-東大,2023-05-16,9135
2614,東森,8,3,5,群益金鼎-東大,2023-05-16,9135
00891,中信關鍵半導體,10,5,5,群益金鼎-東大,2023-05-16,9135
8099,大世科,5,0,5,群益金鼎-東大,2023-05-16,9135
2734,易飛網,13,8,5,群益金鼎-東大,2023-05-16,9135
1522,堤維西,5,0,5,群益金鼎-東大,2023-05-16,9135
00795B,中信美國公債20年,5,1,4,群益金鼎-東大,2023-05-16,9135
1784,訊聯,5,1,4,群益金鼎-東大,2023-05-16,9135
2888,新光金,6,2,4,群益金鼎-東大,2023-05-16,9135
2106,建大,4,0,4,群益金鼎-東大,2023-05-16,9135
3058,立德,4,0,4,群益金鼎-東大,2023-05-16,9135
4979,華星光,9,5,4,群益金鼎-東大,2023-05-16,9135
00632R,元大台灣50反1,841,0,841,群益金鼎-東大,2023-05-17,9135
1608,華榮,142,49,93,群益金鼎-東大,2023-05-17,9135
00878,國泰永續高股息,67,16,51,群益金鼎-東大,2023-05-17,9135
2881,富邦金,51,2,49,群益金鼎-東大,2023-05-17,9135
2352,佳世達,53,6,47,群益金鼎-東大,2023-05-17,9135
00687B,國泰20年美債,42,0,42,群益金鼎-東大,2023-05-17,9135
3363,上詮,67,26,41,群益金鼎-東大,2023-05-17,9135
3673,TPK-KY,55,18,37,群益金鼎-東大,2023-05-17,9135
3207,耀勝,54,17,37,群益金鼎-東大,2023-05-17,9135
3078,僑威,43,7,36,群益金鼎-東大,2023-05-17,9135
2201,裕隆,39,6,33,群益金鼎-東大,2023-05-17,9135
6770,力積電,23,0,23,群益金鼎-東大,2023-05-17,9135
00720B,元大投資級公司債,18,0,18,群益金鼎-東大,2023-05-17,9135
5907,大洋-KY,18,0,18,群益金鼎-東大,2023-05-17,9135
00637L,元大滬深300正2,18,0,18,群益金鼎-東大,2023-05-17,9135
6245,立端,68,52,16,群益金鼎-東大,2023-05-17,9135
5533,皇鼎,16,0,16,群益金鼎-東大,2023-05-17,9135
2630,亞航,21,6,15,群益金鼎-東大,2023-05-17,9135
6285,啟��,20,6,14,群益金鼎-東大,2023-05-17,9135
4303,信立,14,0,14,群益金鼎-東大,2023-05-17,9135
3058,立德,15,1,14,群益金鼎-東大,2023-05-17,9135
1795,美時,57,44,13,群益金鼎-東大,2023-05-17,9135
5511,德昌,18,5,13,群益金鼎-東大,2023-05-17,9135
00891,中信關鍵半導體,20,7,13,群益金鼎-東大,2023-05-17,9135
3032,偉訓,26,13,13,群益金鼎-東大,2023-05-17,9135
00751B,元大AAA至A公司債,12,0,12,群益金鼎-東大,2023-05-17,9135
6625,必應,14,2,12,群益金鼎-東大,2023-05-17,9135
00680L,元大美債20正2,12,0,12,群益金鼎-東大,2023-05-17,9135
6111,大宇資,12,0,12,群益金鼎-東大,2023-05-17,9135
3504,揚明光,13,2,11,群益金鼎-東大,2023-05-17,9135
00713,元大台灣高息低波,12,1,11,群益金鼎-東大,2023-05-17,9135
8099,大世科,10,0,10,群益金鼎-東大,2023-05-17,9135
8410,森田,10,0,10,群益金鼎-東大,2023-05-17,9135
1612,宏泰,11,1,10,群益金鼎-東大,2023-05-17,9135
9941,裕融,10,0,10,群益金鼎-東大,2023-05-17,9135
00853B,統一美債10年Aa-,10,0,10,群益金鼎-東大,2023-05-17,9135
2706,第一店,10,0,10,群益金鼎-東大,2023-05-17,9135
1560,中砂,9,0,9,群益金鼎-東大,2023-05-17,9135
3715,定穎投控,38,29,9,群益金鼎-東大,2023-05-17,9135
9945,潤泰新,9,0,9,群益金鼎-東大,2023-05-17,9135
5258,虹堡,13,4,9,群益金鼎-東大,2023-05-17,9135
00795B,中信美國公債20年,10,1,9,群益金鼎-東大,2023-05-17,9135
00772B,中信高評級公司債,8,0,8,群益金鼎-東大,2023-05-17,9135
2457,飛宏,17,9,8,群益金鼎-東大,2023-05-17,9135
6139,亞翔,24,16,8,群益金鼎-東大,2023-05-17,9135
2022,聚亨,8,0,8,群益金鼎-東大,2023-05-17,9135
3217,優群,8,1,7,群益金鼎-東大,2023-05-17,9135
6104,創惟,8,1,7,群益金鼎-東大,2023-05-17,9135
4503,金雨,7,0,7,群益金鼎-東大,2023-05-17,9135
1605,華新,7,0,7,群益金鼎-東大,2023-05-17,9135
00632R,元大台灣50反1,164,0,164,群益金鼎-東大,2023-05-18,9135
1905,華紙,122,2,120,群益金鼎-東大,2023-05-18,9135
00680L,元大美債20正2,73,0,73,群益金鼎-東大,2023-05-18,9135
8076,伍豐,42,9,33,群益金鼎-東大,2023-05-18,9135
00751B,元大AAA至A公司債,29,0,29,群益金鼎-東大,2023-05-18,9135
6282,康舒,44,15,29,群益金鼎-東大,2023-05-18,9135
2887,台新金,29,0,29,群益金鼎-東大,2023-05-18,9135
1609,大亞,50,21,29,群益金鼎-東大,2023-05-18,9135
1467,南緯,26,0,26,群益金鼎-東大,2023-05-18,9135
5533,皇鼎,25,0,25,群益金鼎-東大,2023-05-18,9135
00687B,國泰20年美債,22,0,22,群益金鼎-東大,2023-05-18,9135
2313,華通,22,0,22,群益金鼎-東大,2023-05-18,9135
2515,中工,29,9,20,群益金鼎-東大,2023-05-18,9135
2425,承啟,20,0,20,群益金鼎-東大,2023-05-18,9135
00753L,中信中國50正2,20,0,20,群益金鼎-東大,2023-05-18,9135
00671R,富邦NASDAQ反1,20,0,20,群益金鼎-東大,2023-05-18,9135
3380,明泰,19,0,19,群益金鼎-東大,2023-05-18,9135
2206,三陽工業,68,49,19,群益金鼎-東大,2023-05-18,9135
1504,東元,28,12,16,群益金鼎-東大,2023-05-18,9135
1519,華城,29,13,16,群益金鼎-東大,2023-05-18,9135
2323,中環,43,27,16,群益金鼎-東大,2023-05-18,9135
2633,台灣高鐵,18,4,14,群益金鼎-東大,2023-05-18,9135
4931,新盛力,25,11,14,群益金鼎-東大,2023-05-18,9135
9941,裕融,15,1,14,群益金鼎-東大,2023-05-18,9135
5511,德昌,16,3,13,群益金鼎-東大,2023-05-18,9135
5608,四維航,13,0,13,群益金鼎-東大,2023-05-18,9135
00772B,中信高評級公司債,13,1,12,群益金鼎-東大,2023-05-18,9135
6589,台康生技,12,0,12,群益金鼎-東大,2023-05-18,9135
2204,中華,14,2,12,群益金鼎-東大,2023-05-18,9135
2388,威盛,12,0,12,群益金鼎-東大,2023-05-18,9135
00673R,期元大S＆P原油反1,12,0,12,群益金鼎-東大,2023-05-18,9135
1727,中華化,36,24,12,群益金鼎-東大,2023-05-18,9135
5203,訊連,12,0,12,群益金鼎-東大,2023-05-18,9135
6112,邁達特,89,77,12,群益金鼎-東大,2023-05-18,9135
3022,威強電,13,1,12,群益金鼎-東大,2023-05-18,9135
3035,智原,21,10,11,群益金鼎-東大,2023-05-18,9135
00882,中信中國高股息,11,0,11,群益金鼎-東大,2023-05-18,9135
3362,先進光,30,20,10,群益金鼎-東大,2023-05-18,9135
00665L,富邦�琤肭磪囓�2,16,6,10,群益金鼎-東大,2023-05-18,9135
3673,TPK-KY,13,3,10,群益金鼎-東大,2023-05-18,9135
5871,中租-KY,10,0,10,群益金鼎-東大,2023-05-18,9135
6188,廣明,10,0,10,群益金鼎-東大,2023-05-18,9135
9924,福興,10,0,10,群益金鼎-東大,2023-05-18,9135
8176,智捷,10,0,10,群益金鼎-東大,2023-05-18,9135
1605,華新,9,0,9,群益金鼎-東大,2023-05-18,9135
3088,艾訊,9,0,9,群益金鼎-東大,2023-05-18,9135
6266,泰詠,13,5,8,群益金鼎-東大,2023-05-18,9135
2492,華新科,10,2,8,群益金鼎-東大,2023-05-18,9135
2634,漢翔,10,2,8,群益金鼎-東大,2023-05-18,9135
00720B,元大投資級公司債,7,0,7,群益金鼎-東大,2023-05-18,9135
00632R,元大台灣50反1,182,3,179,群益金鼎-東大,2023-05-19,9135
5706,鳳凰,140,25,115,群益金鼎-東大,2023-05-19,9135
2618,長榮航,145,66,79,群益金鼎-東大,2023-05-19,9135
00715L,期街口布蘭特正2,80,9,71,群益金鼎-東大,2023-05-19,9135
00687B,國泰20年美債,38,0,38,群益金鼎-東大,2023-05-19,9135
00680L,元大美債20正2,35,0,35,群益金鼎-東大,2023-05-19,9135
3231,緯創,80,47,33,群益金鼎-東大,2023-05-19,9135
00853B,統一美債10年Aa-,30,0,30,群益金鼎-東大,2023-05-19,9135
2701,萬企,30,0,30,群益金鼎-東大,2023-05-19,9135
00671R,富邦NASDAQ反1,30,0,30,群益金鼎-東大,2023-05-19,9135
6235,華孚,47,18,29,群益金鼎-東大,2023-05-19,9135
00753L,中信中國50正2,25,0,25,群益金鼎-東大,2023-05-19,9135
2491,吉祥全,24,2,22,群益金鼎-東大,2023-05-19,9135
00720B,元大投資級公司債,21,0,21,群益金鼎-東大,2023-05-19,9135
00679B,元大美債20年,20,0,20,群益金鼎-東大,2023-05-19,9135
3038,全台,66,47,19,群益金鼎-東大,2023-05-19,9135
00690,兆豐藍籌30,19,0,19,群益金鼎-東大,2023-05-19,9135
00751B,元大AAA至A公司債,18,0,18,群益金鼎-東大,2023-05-19,9135
00795B,中信美國公債20年,17,0,17,群益金鼎-東大,2023-05-19,9135
00637L,元大滬深300正2,17,0,17,群益金鼎-東大,2023-05-19,9135
6282,康舒,43,27,16,群益金鼎-東大,2023-05-19,9135
5425,台半,16,0,16,群益金鼎-東大,2023-05-19,9135
00724B,群益投資級金融債,15,0,15,群益金鼎-東大,2023-05-19,9135
2457,飛宏,32,17,15,群益金鼎-東大,2023-05-19,9135
2353,宏��,20,7,13,群益金鼎-東大,2023-05-19,9135
6285,啟��,13,0,13,群益金鼎-東大,2023-05-19,9135
2206,三陽工業,35,22,13,群益金鼎-東大,2023-05-19,9135
4972,湯石照明,12,0,12,群益金鼎-東大,2023-05-19,9135
6245,立端,60,48,12,群益金鼎-東大,2023-05-19,9135
3035,智原,14,2,12,群益金鼎-東大,2023-05-19,9135
2382,廣達,15,3,12,群益金鼎-東大,2023-05-19,9135
6288,聯嘉,25,14,11,群益金鼎-東大,2023-05-19,9135
2610,華航,27,16,11,群益金鼎-東大,2023-05-19,9135
1742,台蠟,10,0,10,群益金鼎-東大,2023-05-19,9135
3362,先進光,10,0,10,群益金鼎-東大,2023-05-19,9135
00882,中信中國高股息,10,0,10,群益金鼎-東大,2023-05-19,9135
5511,德昌,10,0,10,群益金鼎-東大,2023-05-19,9135
1312,國喬,10,0,10,群益金鼎-東大,2023-05-19,9135
3419,譁裕,10,0,10,群益金鼎-東大,2023-05-19,9135
1618,合機,11,1,10,群益金鼎-東大,2023-05-19,9135
3715,定穎投控,21,11,10,群益金鼎-東大,2023-05-19,9135
6443,元晶,10,0,10,群益金鼎-東大,2023-05-19,9135
5347,世界,10,0,10,群益金鼎-東大,2023-05-19,9135
3078,僑威,53,44,9,群益金鼎-東大,2023-05-19,9135
3706,神達,14,5,9,群益金鼎-東大,2023-05-19,9135
3025,星通,37,28,9,群益金鼎-東大,2023-05-19,9135
4979,華星光,35,26,9,群益金鼎-東大,2023-05-19,9135
6770,力積電,11,2,9,群益金鼎-東大,2023-05-19,9135
1605,華新,10,1,9,群益金鼎-東大,2023-05-19,9135
2332,友訊,12,3,9,群益金鼎-東大,2023-05-19,9135
2303,聯電,64,1,63,群益金鼎-東大,2023-05-22,9135
00715L,期街口布蘭特正2,52,0,52,群益金鼎-東大,2023-05-22,9135
6203,海韻電,50,0,50,群益金鼎-東大,2023-05-22,9135
00679B,元大美債20年,44,5,39,群益金鼎-東大,2023-05-22,9135
00680L,元大美債20正2,41,4,37,群益金鼎-東大,2023-05-22,9135
3673,TPK-KY,36,1,35,群益金鼎-東大,2023-05-22,9135
3025,星通,57,22,35,群益金鼎-東大,2023-05-22,9135
3706,神達,36,6,30,群益金鼎-東大,2023-05-22,9135
1444,力麗,28,0,28,群益金鼎-東大,2023-05-22,9135
5243,乙盛-KY,75,48,27,群益金鼎-東大,2023-05-22,9135
8222,寶一,39,13,26,群益金鼎-東大,2023-05-22,9135
2337,旺宏,26,0,26,群益金鼎-東大,2023-05-22,9135
00632R,元大台灣50反1,25,0,25,群益金鼎-東大,2023-05-22,9135
4207,環泰,22,0,22,群益金鼎-東大,2023-05-22,9135
00687B,國泰20年美債,22,0,22,群益金鼎-東大,2023-05-22,9135
3037,欣興,25,4,21,群益金鼎-東大,2023-05-22,9135
00706L,期元大S＆P日圓正2,20,0,20,群益金鼎-東大,2023-05-22,9135
4916,事欣科,22,2,20,群益金鼎-東大,2023-05-22,9135
2017,官田鋼,17,0,17,群益金鼎-東大,2023-05-22,9135
8926,台汽電,18,1,17,群益金鼎-東大,2023-05-22,9135
5511,德昌,16,0,16,群益金鼎-東大,2023-05-22,9135
2701,萬企,16,0,16,群益金鼎-東大,2023-05-22,9135
00878,國泰永續高股息,18,2,16,群益金鼎-東大,2023-05-22,9135
6535,順藥,15,0,15,群益金鼎-東大,2023-05-22,9135
2489,瑞軒,15,0,15,群益金鼎-東大,2023-05-22,9135
3078,僑威,18,3,15,群益金鼎-東大,2023-05-22,9135
1584,精剛,17,3,14,群益金鼎-東大,2023-05-22,9135
3715,定穎投控,20,7,13,群益金鼎-東大,2023-05-22,9135
2208,台船,13,0,13,群益金鼎-東大,2023-05-22,9135
3622,洋華,13,0,13,群益金鼎-東大,2023-05-22,9135
2442,新美齊,149,137,12,群益金鼎-東大,2023-05-22,9135
00751B,元大AAA至A公司債,11,0,11,群益金鼎-東大,2023-05-22,9135
2634,漢翔,21,10,11,群益金鼎-東大,2023-05-22,9135
00795B,中信美國公債20年,11,0,11,群益金鼎-東大,2023-05-22,9135
3675,德微,20,9,11,群益金鼎-東大,2023-05-22,9135
2739,寒舍,11,0,11,群益金鼎-東大,2023-05-22,9135
2913,農林,10,0,10,群益金鼎-東大,2023-05-22,9135
6285,啟��,13,3,10,群益金鼎-東大,2023-05-22,9135
8227,巨有科技,10,0,10,群益金鼎-東大,2023-05-22,9135
5533,皇鼎,10,0,10,群益金鼎-東大,2023-05-22,9135
3032,偉訓,14,5,9,群益金鼎-東大,2023-05-22,9135
2888,新光金,12,3,9,群益金鼎-東大,2023-05-22,9135
5347,世界,11,2,9,群益金鼎-東大,2023-05-22,9135
3703,欣陸,9,0,9,群益金鼎-東大,2023-05-22,9135
8916,光隆,9,0,9,群益金鼎-東大,2023-05-22,9135
1784,訊聯,10,2,8,群益金鼎-東大,2023-05-22,9135
4931,新盛力,17,10,7,群益金鼎-東大,2023-05-22,9135
2412,中華電,7,0,7,群益金鼎-東大,2023-05-22,9135
6191,精成科,13,6,7,群益金鼎-東大,2023-05-22,9135
3444,利機,7,1,6,群益金鼎-東大,2023-05-22,9135
00687B,國泰20年美債,274,0,274,群益金鼎-東大,2023-05-23,9135
3591,艾笛森,343,185,158,群益金鼎-東大,2023-05-23,9135
5706,鳳凰,147,72,75,群益金鼎-東大,2023-05-23,9135
1609,大亞,49,1,48,群益金鼎-東大,2023-05-23,9135
2201,裕隆,90,45,45,群益金鼎-東大,2023-05-23,9135
3078,僑威,60,17,43,群益金鼎-東大,2023-05-23,9135
2399,映泰,198,162,36,群益金鼎-東大,2023-05-23,9135
6776,展�眥篕�,33,0,33,群益金鼎-東大,2023-05-23,9135
8059,凱碩,35,2,33,群益金鼎-東大,2023-05-23,9135
1589,永冠-KY,33,1,32,群益金鼎-東大,2023-05-23,9135
9105,泰金寶-DR,32,0,32,群益金鼎-東大,2023-05-23,9135
5425,台半,30,0,30,群益金鼎-東大,2023-05-23,9135
6120,達運,29,2,27,群益金鼎-東大,2023-05-23,9135
3034,聯詠,26,0,26,群益金鼎-東大,2023-05-23,9135
1514,亞力,36,10,26,群益金鼎-東大,2023-05-23,9135
5533,皇鼎,34,9,25,群益金鼎-東大,2023-05-23,9135
00712,復華富時不動產,25,0,25,群益金鼎-東大,2023-05-23,9135
2022,聚亨,27,3,24,群益金鼎-東大,2023-05-23,9135
1905,華紙,22,1,21,群益金鼎-東大,2023-05-23,9135
5905,南仁湖,21,0,21,群益金鼎-東大,2023-05-23,9135
00708L,期元大S＆P黃金正2,20,0,20,群益金鼎-東大,2023-05-23,9135
8099,大世科,79,61,18,群益金鼎-東大,2023-05-23,9135
4541,晟田,121,104,17,群益金鼎-東大,2023-05-23,9135
00923,群益台ESG低碳50,20,3,17,群益金鼎-東大,2023-05-23,9135
1727,中華化,32,15,17,群益金鼎-東大,2023-05-23,9135
6285,啟��,16,0,16,群益金鼎-東大,2023-05-23,9135
00878,國泰永續高股息,30,15,15,群益金鼎-東大,2023-05-23,9135
8076,伍豐,28,13,15,群益金鼎-東大,2023-05-23,9135
5258,虹堡,19,5,14,群益金鼎-東大,2023-05-23,9135
0061,元大寶滬深,14,0,14,群益金鼎-東大,2023-05-23,9135
5511,德昌,21,7,14,群益金鼎-東大,2023-05-23,9135
3707,漢磊,14,0,14,群益金鼎-東大,2023-05-23,9135
2609,陽明,12,0,12,群益金鼎-東大,2023-05-23,9135
2303,聯電,13,2,11,群益金鼎-東大,2023-05-23,9135
1513,中興電,36,25,11,群益金鼎-東大,2023-05-23,9135
1452,宏益,11,0,11,群益金鼎-東大,2023-05-23,9135
00680L,元大美債20正2,12,2,10,群益金鼎-東大,2023-05-23,9135
00720B,元大投資級公司債,10,0,10,群益金鼎-東大,2023-05-23,9135
2498,宏達電,10,0,10,群益金鼎-東大,2023-05-23,9135
1708,東鹼,10,0,10,群益金鼎-東大,2023-05-23,9135
00753L,中信中國50正2,10,0,10,群益金鼎-東大,2023-05-23,9135
4916,事欣科,10,0,10,群益金鼎-東大,2023-05-23,9135
5403,中菲,10,0,10,群益金鼎-東大,2023-05-23,9135
1460,宏遠,10,0,10,群益金鼎-東大,2023-05-23,9135
2617,台航,10,0,10,群益金鼎-東大,2023-05-23,9135
6535,順藥,14,4,10,群益金鼎-東大,2023-05-23,9135
6122,擎邦,11,1,10,群益金鼎-東大,2023-05-23,9135
5876,上海商銀,10,0,10,群益金鼎-東大,2023-05-23,9135
6733,博晟生醫,10,1,9,群益金鼎-東大,2023-05-23,9135
4768,晶呈科技,10,1,9,群益金鼎-東大,2023-05-23,9135
00687B,國泰20年美債,137,0,137,群益金鼎-東大,2023-05-24,9135
1727,中華化,87,29,58,群益金鼎-東大,2023-05-24,9135
00878,國泰永續高股息,51,1,50,群益金鼎-東大,2023-05-24,9135
1905,華紙,44,1,43,群益金鼎-東大,2023-05-24,9135
5403,中菲,40,0,40,群益金鼎-東大,2023-05-24,9135
1718,中纖,37,0,37,群益金鼎-東大,2023-05-24,9135
2457,飛宏,102,70,32,群益金鼎-東大,2023-05-24,9135
2634,漢翔,56,24,32,群益金鼎-東大,2023-05-24,9135
4916,事欣科,31,5,26,群益金鼎-東大,2023-05-24,9135
00882,中信中國高股息,23,0,23,群益金鼎-東大,2023-05-24,9135
2371,大同,41,21,20,群益金鼎-東大,2023-05-24,9135
5439,高技,24,4,20,群益金鼎-東大,2023-05-24,9135
8463,潤泰材,20,0,20,群益金鼎-東大,2023-05-24,9135
00679B,元大美債20年,61,43,18,群益金鼎-東大,2023-05-24,9135
00637L,元大滬深300正2,18,0,18,群益金鼎-東大,2023-05-24,9135
2368,金像電,32,15,17,群益金鼎-東大,2023-05-24,9135
3016,嘉晶,17,0,17,群益金鼎-東大,2023-05-24,9135
1457,宜進,16,0,16,群益金鼎-東大,2023-05-24,9135
2305,全友,50,35,15,群益金鼎-東大,2023-05-24,9135
2427,三商電,16,1,15,群益金鼎-東大,2023-05-24,9135
2402,毅嘉,22,9,13,群益金鼎-東大,2023-05-24,9135
2701,萬企,13,0,13,群益金鼎-東大,2023-05-24,9135
8446,華研,17,4,13,群益金鼎-東大,2023-05-24,9135
4744,皇將,37,25,12,群益金鼎-東大,2023-05-24,9135
00633L,富邦上証正2,12,0,12,群益金鼎-東大,2023-05-24,9135
2887,台新金,12,0,12,群益金鼎-東大,2023-05-24,9135
2867,三商壽,11,0,11,群益金鼎-東大,2023-05-24,9135
2105,正新,11,0,11,群益金鼎-東大,2023-05-24,9135
5603,陸海,11,0,11,群益金鼎-東大,2023-05-24,9135
1584,精剛,21,10,11,群益金鼎-東大,2023-05-24,9135
00680L,元大美債20正2,10,0,10,群益金鼎-東大,2023-05-24,9135
2886,兆豐金,10,0,10,群益金鼎-東大,2023-05-24,9135
0056,元大高股息,12,2,10,群益金鼎-東大,2023-05-24,9135
1102,亞泥,10,0,10,群益金鼎-東大,2023-05-24,9135
1616,億泰,10,0,10,群益金鼎-東大,2023-05-24,9135
00650L,復華香港正2,10,0,10,群益金鼎-東大,2023-05-24,9135
5533,皇鼎,10,0,10,群益金鼎-東大,2023-05-24,9135
00665L,富邦�琤肭磪囓�2,12,2,10,群益金鼎-東大,2023-05-24,9135
4108,懷特,10,0,10,群益金鼎-東大,2023-05-24,9135
3363,上詮,24,14,10,群益金鼎-東大,2023-05-24,9135
00877,復華中國5G,10,0,10,群益金鼎-東大,2023-05-24,9135
6535,順藥,16,6,10,群益金鼎-東大,2023-05-24,9135
2834,臺企銀,10,0,10,群益金鼎-東大,2023-05-24,9135
1101,台泥,9,0,9,群益金鼎-東大,2023-05-24,9135
4746,台耀,9,0,9,群益金鼎-東大,2023-05-24,9135
2317,鴻海,40,32,8,群益金鼎-東大,2023-05-24,9135
2491,吉祥全,8,0,8,群益金鼎-東大,2023-05-24,9135
3287,廣寰科,8,0,8,群益金鼎-東大,2023-05-24,9135
1532,勤美,8,0,8,群益金鼎-東大,2023-05-24,9135
2888,新光金,7,0,7,群益金鼎-東大,2023-05-24,9135
3481,群創,201,0,201,群益金鼎-東大,2023-05-25,9135
6441,廣錠,102,14,88,群益金鼎-東大,2023-05-25,9135
2376,技嘉,51,3,48,群益金鼎-東大,2023-05-25,9135
00632R,元大台灣50反1,45,0,45,群益金鼎-東大,2023-05-25,9135
6245,立端,97,52,45,群益金鼎-東大,2023-05-25,9135
2399,映泰,62,22,40,群益金鼎-東大,2023-05-25,9135
6288,聯嘉,34,1,33,群益金鼎-東大,2023-05-25,9135
00680L,元大美債20正2,26,2,24,群益金鼎-東大,2023-05-25,9135
00753L,中信中國50正2,23,0,23,群益金鼎-東大,2023-05-25,9135
2610,華航,31,9,22,群益金鼎-東大,2023-05-25,9135
3711,日月光投控,21,0,21,群益金鼎-東大,2023-05-25,9135
1609,大亞,39,18,21,群益金鼎-東大,2023-05-25,9135
00679B,元大美債20年,30,10,20,群益金鼎-東大,2023-05-25,9135
4564,元翎,23,3,20,群益金鼎-東大,2023-05-25,9135
6005,群益證,20,0,20,群益金鼎-東大,2023-05-25,9135
2450,神腦,20,0,20,群益金鼎-東大,2023-05-25,9135
1727,中華化,30,11,19,群益金鼎-東大,2023-05-25,9135
3015,全漢,19,0,19,群益金鼎-東大,2023-05-25,9135
3032,偉訓,45,27,18,群益金鼎-東大,2023-05-25,9135
3338,泰碩,18,0,18,群益金鼎-東大,2023-05-25,9135
2881,富邦金,18,1,17,群益金鼎-東大,2023-05-25,9135
2892,第一金,16,0,16,群益金鼎-東大,2023-05-25,9135
00665L,富邦�琤肭磪囓�2,24,8,16,群益金鼎-東大,2023-05-25,9135
4915,致伸,18,3,15,群益金鼎-東大,2023-05-25,9135
00720B,元大投資級公司債,13,0,13,群益金鼎-東大,2023-05-25,9135
00751B,元大AAA至A公司債,13,0,13,群益金鼎-東大,2023-05-25,9135
5258,虹堡,20,7,13,群益金鼎-東大,2023-05-25,9135
8403,盛弘,13,0,13,群益金鼎-東大,2023-05-25,9135
8358,金居,15,2,13,群益金鼎-東大,2023-05-25,9135
2371,大同,29,17,12,群益金鼎-東大,2023-05-25,9135
00712,復華富時不動產,27,15,12,群益金鼎-東大,2023-05-25,9135
6589,台康生技,13,2,11,群益金鼎-東大,2023-05-25,9135
6531,愛普*,82,71,11,群益金鼎-東大,2023-05-25,9135
6109,亞元,10,0,10,群益金鼎-東大,2023-05-25,9135
3058,立德,10,0,10,群益金鼎-東大,2023-05-25,9135
5464,霖宏,10,0,10,群益金鼎-東大,2023-05-25,9135
2402,毅嘉,15,5,10,群益金鼎-東大,2023-05-25,9135
3624,光頡,10,0,10,群益金鼎-東大,2023-05-25,9135
4931,新盛力,10,0,10,群益金鼎-東大,2023-05-25,9135
5465,富驊,15,5,10,群益金鼎-東大,2023-05-25,9135
3176,基亞,9,0,9,群益金鼎-東大,2023-05-25,9135
2303,聯電,9,0,9,群益金鼎-東大,2023-05-25,9135
2609,陽明,9,0,9,群益金鼎-東大,2023-05-25,9135
3025,星通,12,3,9,群益金鼎-東大,2023-05-25,9135
5347,世界,10,1,9,群益金鼎-東大,2023-05-25,9135
2206,三陽工業,12,3,9,群益金鼎-東大,2023-05-25,9135
3591,艾笛森,14,5,9,群益金鼎-東大,2023-05-25,9135
8099,大世科,10,1,9,群益金鼎-東大,2023-05-25,9135
3380,明泰,9,0,9,群益金鼎-東大,2023-05-25,9135
6579,研揚,10,1,9,群益金鼎-東大,2023-05-25,9135
3594,磐儀,347,12,335,群益金鼎-東大,2023-05-26,9135
00753L,中信中國50正2,93,0,93,群益金鼎-東大,2023-05-26,9135
00712,復華富時不動產,71,1,70,群益金鼎-東大,2023-05-26,9135
2883B,凱基金乙特,66,0,66,群益金鼎-東大,2023-05-26,9135
2323,中環,211,148,63,群益金鼎-東大,2023-05-26,9135
00680L,元大美債20正2,53,0,53,群益金鼎-東大,2023-05-26,9135
3715,定穎投控,52,3,49,群益金鼎-東大,2023-05-26,9135
2851,中再保,36,0,36,群益金鼎-東大,2023-05-26,9135
3646,艾恩特,28,3,25,群益金鼎-東大,2023-05-26,9135
00772B,中信高評級公司債,21,0,21,群益金鼎-東大,2023-05-26,9135
3540,曜越,21,0,21,群益金鼎-東大,2023-05-26,9135
6285,啟��,24,4,20,群益金鼎-東大,2023-05-26,9135
3014,聯陽,21,1,20,群益金鼎-東大,2023-05-26,9135
2701,萬企,20,0,20,群益金鼎-東大,2023-05-26,9135
2382,廣達,21,3,18,群益金鼎-東大,2023-05-26,9135
00637L,元大滬深300正2,17,0,17,群益金鼎-東大,2023-05-26,9135
3029,零壹,26,9,17,群益金鼎-東大,2023-05-26,9135
3022,威強電,16,1,15,群益金鼎-東大,2023-05-26,9135
3025,星通,58,43,15,群益金鼎-東大,2023-05-26,9135
6245,立端,62,47,15,群益金鼎-東大,2023-05-26,9135
4746,台耀,16,2,14,群益金鼎-東大,2023-05-26,9135
1904,正隆,13,0,13,群益金鼎-東大,2023-05-26,9135
4968,立積,23,10,13,群益金鼎-東大,2023-05-26,9135
1784,訊聯,16,5,11,群益金鼎-東大,2023-05-26,9135
2812,台中銀,11,0,11,群益金鼎-東大,2023-05-26,9135
1301,台塑,11,0,11,群益金鼎-東大,2023-05-26,9135
00882,中信中國高股息,10,0,10,群益金鼎-東大,2023-05-26,9135
2371,大同,22,12,10,群益金鼎-東大,2023-05-26,9135
8028,昇陽半導體,17,7,10,群益金鼎-東大,2023-05-26,9135
00902,中信電池及儲能,11,1,10,群益金鼎-東大,2023-05-26,9135
2022,聚亨,12,2,10,群益金鼎-東大,2023-05-26,9135
1337,再生-KY,10,0,10,群益金鼎-東大,2023-05-26,9135
8358,金居,10,0,10,群益金鼎-東大,2023-05-26,9135
6185,幃翔,11,2,9,群益金鼎-東大,2023-05-26,9135
00715L,期街口布蘭特正2,9,0,9,群益金鼎-東大,2023-05-26,9135
2633,台灣高鐵,10,1,9,群益金鼎-東大,2023-05-26,9135
00795B,中信美國公債20年,9,0,9,群益金鼎-東大,2023-05-26,9135
00764B,群益25年美債,9,0,9,群益金鼎-東大,2023-05-26,9135
00679B,元大美債20年,13,5,8,群益金鼎-東大,2023-05-26,9135
8222,寶一,8,0,8,群益金鼎-東大,2023-05-26,9135
00928,中信上櫃ESG30,8,0,8,群益金鼎-東大,2023-05-26,9135
3481,群創,8,1,7,群益金鼎-東大,2023-05-26,9135
00720B,元大投資級公司債,7,0,7,群益金鼎-東大,2023-05-26,9135
6125,廣運,9,2,7,群益金鼎-東大,2023-05-26,9135
6689,伊雲谷,34,27,7,群益金鼎-東大,2023-05-26,9135
6124,業強,8,1,7,群益金鼎-東大,2023-05-26,9135
4541,晟田,7,0,7,群益金鼎-東大,2023-05-26,9135
5608,四維航,7,0,7,群益金鼎-東大,2023-05-26,9135
6196,帆宣,8,1,7,群益金鼎-東大,2023-05-26,9135
4121,優盛,6,0,6,群益金鼎-東大,2023-05-26,9135
2457,飛宏,227,145,82,群益金鼎-東大,2023-05-29,9135
00671R,富邦NASDAQ反1,60,0,60,群益金鼎-東大,2023-05-29,9135
3013,晟銘電,47,10,37,群益金鼎-東大,2023-05-29,9135
3078,僑威,42,8,34,群益金鼎-東大,2023-05-29,9135
2547,日勝生,33,0,33,群益金鼎-東大,2023-05-29,9135
2834,臺企銀,32,1,31,群益金鼎-東大,2023-05-29,9135
2359,所羅門,30,0,30,群益金鼎-東大,2023-05-29,9135
3094,聯傑,30,5,25,群益金鼎-東大,2023-05-29,9135
5310,天剛,25,0,25,群益金鼎-東大,2023-05-29,9135
00753L,中信中國50正2,25,0,25,群益金鼎-東大,2023-05-29,9135
3356,奇偶,25,1,24,群益金鼎-東大,2023-05-29,9135
3038,全台,24,2,22,群益金鼎-東大,2023-05-29,9135
00687B,國泰20年美債,22,0,22,群益金鼎-東大,2023-05-29,9135
2495,普安,32,11,21,群益金鼎-東大,2023-05-29,9135
2324,仁寶,23,2,21,群益金鼎-東大,2023-05-29,9135
00669R,國泰美國道瓊反1,20,0,20,群益金鼎-東大,2023-05-29,9135
3545,敦泰,21,1,20,群益金鼎-東大,2023-05-29,9135
0056,元大高股息,22,3,19,群益金鼎-東大,2023-05-29,9135
5328,華容,20,1,19,群益金鼎-東大,2023-05-29,9135
1608,華榮,66,48,18,群益金鼎-東大,2023-05-29,9135
1609,大亞,18,0,18,群益金鼎-東大,2023-05-29,9135
2323,中環,40,23,17,群益金鼎-東大,2023-05-29,9135
3707,漢磊,16,0,16,群益金鼎-東大,2023-05-29,9135
00882,中信中國高股息,15,0,15,群益金鼎-東大,2023-05-29,9135
5533,皇鼎,15,0,15,群益金鼎-東大,2023-05-29,9135
4163,鐿鈦,15,0,15,群益金鼎-東大,2023-05-29,9135
3265,台星科,16,2,14,群益金鼎-東大,2023-05-29,9135
3362,先進光,25,11,14,群益金鼎-東大,2023-05-29,9135
6589,台康生技,13,0,13,群益金鼎-東大,2023-05-29,9135
3324,雙鴻,13,0,13,群益金鼎-東大,2023-05-29,9135
2611,志信,12,0,12,群益金鼎-東大,2023-05-29,9135
3481,群創,79,68,11,群益金鼎-東大,2023-05-29,9135
2412,中華電,12,1,11,群益金鼎-東大,2023-05-29,9135
00720B,元大投資級公司債,11,0,11,群益金鼎-東大,2023-05-29,9135
3037,欣興,22,12,10,群益金鼎-東大,2023-05-29,9135
4961,天鈺,11,1,10,群益金鼎-東大,2023-05-29,9135
00904,新光臺灣半導體30,10,0,10,群益金鼎-東大,2023-05-29,9135
2453,凌群,12,2,10,群益金鼎-東大,2023-05-29,9135
8086,宏捷科,14,4,10,群益金鼎-東大,2023-05-29,9135
00885,富邦越南,12,2,10,群益金鼎-東大,2023-05-29,9135
3287,廣寰科,10,0,10,群益金鼎-東大,2023-05-29,9135
1301,台塑,10,1,9,群益金鼎-東大,2023-05-29,9135
6285,啟��,12,3,9,群益金鼎-東大,2023-05-29,9135
6182,合晶,9,0,9,群益金鼎-東大,2023-05-29,9135
5871,中租-KY,9,0,9,群益金鼎-東大,2023-05-29,9135
8099,大世科,13,4,9,群益金鼎-東大,2023-05-29,9135
6415,矽力*-KY,11,2,9,群益金鼎-東大,2023-05-29,9135
2883,凱基金,14,6,8,群益金鼎-東大,2023-05-29,9135
3003,健和興,8,0,8,群益金鼎-東大,2023-05-29,9135
00902,中信電池及儲能,8,0,8,群益金鼎-東大,2023-05-29,9135
00706L,期元大S＆P日圓正2,90,0,90,群益金鼎-東大,2023-05-30,9135
00637L,元大滬深300正2,68,0,68,群益金鼎-東大,2023-05-30,9135
2867,三商壽,58,0,58,群益金鼎-東大,2023-05-30,9135
3231,緯創,134,96,38,群益金鼎-東大,2023-05-30,9135
2344,華邦電,36,0,36,群益金鼎-東大,2023-05-30,9135
2506,太設,32,0,32,群益金鼎-東大,2023-05-30,9135
3481,群創,25,0,25,群益金鼎-東大,2023-05-30,9135
00680L,元大美債20正2,45,20,25,群益金鼎-東大,2023-05-30,9135
00878,國泰永續高股息,33,10,23,群益金鼎-東大,2023-05-30,9135
2371,大同,48,25,23,群益金鼎-東大,2023-05-30,9135
2427,三商電,21,0,21,群益金鼎-東大,2023-05-30,9135
2905,三商,20,0,20,群益金鼎-東大,2023-05-30,9135
00708L,期元大S＆P黃金正2,20,0,20,群益金鼎-東大,2023-05-30,9135
00688L,國泰20年美債正2,20,0,20,群益金鼎-東大,2023-05-30,9135
3221,台嘉碩,20,0,20,群益金鼎-東大,2023-05-30,9135
2442,新美齊,26,8,18,群益金鼎-東大,2023-05-30,9135
2736,富野,17,0,17,群益金鼎-東大,2023-05-30,9135
3591,艾笛森,17,1,16,群益金鼎-東大,2023-05-30,9135
3625,西勝,16,0,16,群益金鼎-東大,2023-05-30,9135
00773B,中信優先金融債,15,0,15,群益金鼎-東大,2023-05-30,9135
6243,迅杰,15,1,14,群益金鼎-東大,2023-05-30,9135
5258,虹堡,14,1,13,群益金鼎-東大,2023-05-30,9135
3058,立德,13,0,13,群益金鼎-東大,2023-05-30,9135
6188,廣明,45,32,13,群益金鼎-東大,2023-05-30,9135
6282,康舒,65,52,13,群益金鼎-東大,2023-05-30,9135
3013,晟銘電,232,220,12,群益金鼎-東大,2023-05-30,9135
2002,中鋼,12,0,12,群益金鼎-東大,2023-05-30,9135
3325,旭品,12,0,12,群益金鼎-東大,2023-05-30,9135
5533,皇鼎,12,0,12,群益金鼎-東大,2023-05-30,9135
2368,金像電,12,1,11,群益金鼎-東大,2023-05-30,9135
5465,富驊,11,0,11,群益金鼎-東大,2023-05-30,9135
6016,康和證,11,0,11,群益金鼎-東大,2023-05-30,9135
8091,翔名,11,0,11,群益金鼎-東大,2023-05-30,9135
8059,凱碩,11,0,11,群益金鼎-東大,2023-05-30,9135
5347,世界,15,5,10,群益金鼎-東大,2023-05-30,9135
2482,連宇,13,3,10,群益金鼎-東大,2023-05-30,9135
6269,台郡,10,0,10,群益金鼎-東大,2023-05-30,9135
2302,麗正,10,0,10,群益金鼎-東大,2023-05-30,9135
8210,勤誠,15,5,10,群益金鼎-東大,2023-05-30,9135
6104,創惟,10,0,10,群益金鼎-東大,2023-05-30,9135
3704,合勤控,28,18,10,群益金鼎-東大,2023-05-30,9135
2453,凌群,13,3,10,群益金鼎-東大,2023-05-30,9135
00636,國泰中國A50,10,0,10,群益金鼎-東大,2023-05-30,9135
1802,台玻,10,0,10,群益金鼎-東大,2023-05-30,9135
5521,工信,10,0,10,群益金鼎-東大,2023-05-30,9135
2409,友達,10,1,9,群益金鼎-東大,2023-05-30,9135
3693,營邦,19,10,9,群益金鼎-東大,2023-05-30,9135
1605,華新,13,5,8,群益金鼎-東大,2023-05-30,9135
4564,元翎,8,0,8,群益金鼎-東大,2023-05-30,9135
8476,台境*,8,0,8,群益金鼎-東大,2023-05-30,9135
9904,寶成,103,0,103,群益金鼎-東大,2023-05-31,9135
00715L,期街口布蘭特正2,98,0,98,群益金鼎-東大,2023-05-31,9135
2382,廣達,75,11,64,群益金鼎-東大,2023-05-31,9135
00687B,國泰20年美債,54,0,54,群益金鼎-東大,2023-05-31,9135
3715,定穎投控,35,3,32,群益金鼎-東大,2023-05-31,9135
6243,迅杰,30,0,30,群益金鼎-東大,2023-05-31,9135
6116,彩晶,25,0,25,群益金鼎-東大,2023-05-31,9135
8916,光隆,23,0,23,群益金鼎-東大,2023-05-31,9135
2388,威盛,31,9,22,群益金鼎-東大,2023-05-31,9135
2457,飛宏,71,49,22,群益金鼎-東大,2023-05-31,9135
0056,元大高股息,40,20,20,群益金鼎-東大,2023-05-31,9135
2002,中鋼,20,0,20,群益金鼎-東大,2023-05-31,9135
3706,神達,31,11,20,群益金鼎-東大,2023-05-31,9135
1101,台泥,20,0,20,群益金鼎-東大,2023-05-31,9135
6125,廣運,25,5,20,群益金鼎-東大,2023-05-31,9135
3673,TPK-KY,20,0,20,群益金鼎-東大,2023-05-31,9135
2892,第一金,15,0,15,群益金鼎-東大,2023-05-31,9135
2888,新光金,20,5,15,群益金鼎-東大,2023-05-31,9135
2889,國票金,15,0,15,群益金鼎-東大,2023-05-31,9135
4552,力達-KY,15,0,15,群益金鼎-東大,2023-05-31,9135
00882,中信中國高股息,24,11,13,群益金鼎-東大,2023-05-31,9135
5533,皇鼎,13,0,13,群益金鼎-東大,2023-05-31,9135
5301,寶得利,13,0,13,群益金鼎-東大,2023-05-31,9135
3037,欣興,15,2,13,群益金鼎-東大,2023-05-31,9135
00706L,期元大S＆P日圓正2,12,0,12,群益金鼎-東大,2023-05-31,9135
2515,中工,20,8,12,群益金鼎-東大,2023-05-31,9135
4163,鐿鈦,12,0,12,群益金鼎-東大,2023-05-31,9135
2305,全友,12,0,12,群益金鼎-東大,2023-05-31,9135
00878,國泰永續高股息,28,17,11,群益金鼎-東大,2023-05-31,9135
00642U,期元大S＆P石油,11,0,11,群益金鼎-東大,2023-05-31,9135
6245,立端,34,23,11,群益金鼎-東大,2023-05-31,9135
5464,霖宏,10,0,10,群益金鼎-東大,2023-05-31,9135
3701,大眾控,10,0,10,群益金鼎-東大,2023-05-31,9135
4533,協易機,10,0,10,群益金鼎-東大,2023-05-31,9135
3011,今皓,10,0,10,群益金鼎-東大,2023-05-31,9135
2367,燿華,10,0,10,群益金鼎-東大,2023-05-31,9135
5347,世界,10,0,10,群益金鼎-東大,2023-05-31,9135
2379,瑞昱,10,0,10,群益金鼎-東大,2023-05-31,9135
00928,中信上櫃ESG30,10,0,10,群益金鼎-東大,2023-05-31,9135
2385,群光,9,0,9,群益金鼎-東大,2023-05-31,9135
6111,大宇資,9,0,9,群益金鼎-東大,2023-05-31,9135
6016,康和證,10,1,9,群益金鼎-東大,2023-05-31,9135
3163,波若威,10,1,9,群益金鼎-東大,2023-05-31,9135
1532,勤美,24,15,9,群益金鼎-東大,2023-05-31,9135
2201,裕隆,11,3,8,群益金鼎-東大,2023-05-31,9135
3533,嘉澤,8,0,8,群益金鼎-東大,2023-05-31,9135
2498,宏達電,20,12,8,群益金鼎-東大,2023-05-31,9135
4572,駐龍,7,0,7,群益金鼎-東大,2023-05-31,9135
1795,美時,41,34,7,群益金鼎-東大,2023-05-31,9135
2236,百達-KY,7,0,7,群益金鼎-東大,2023-05-31,9135
3363,上詮,112,20,92,群益金鼎-東大,2023-06-01,9135
00882,中信中國高股息,70,0,70,群益金鼎-東大,2023-06-01,9135
00725B,國泰投資級公司債,71,1,70,群益金鼎-東大,2023-06-01,9135
3594,磐儀,48,7,41,群益金鼎-東大,2023-06-01,9135
00715L,期街口布蘭特正2,40,0,40,群益金鼎-東大,2023-06-01,9135
00773B,中信優先金融債,35,0,35,群益金鼎-東大,2023-06-01,9135
00772B,中信高評級公司債,32,0,32,群益金鼎-東大,2023-06-01,9135
5258,虹堡,70,43,27,群益金鼎-東大,2023-06-01,9135
3406,玉晶光,28,1,27,群益金鼎-東大,2023-06-01,9135
6016,康和證,31,5,26,群益金鼎-東大,2023-06-01,9135
6243,迅杰,26,1,25,群益金鼎-東大,2023-06-01,9135
1727,中華化,24,2,22,群益金鼎-東大,2023-06-01,9135
2390,云辰,21,0,21,群益金鼎-東大,2023-06-01,9135
2344,華邦電,23,2,21,群益金鼎-東大,2023-06-01,9135
3673,TPK-KY,31,11,20,群益金鼎-東大,2023-06-01,9135
2392,正崴,20,0,20,群益金鼎-東大,2023-06-01,9135
1710,東聯,20,0,20,群益金鼎-東大,2023-06-01,9135
3706,神達,34,15,19,群益金鼎-東大,2023-06-01,9135
6245,立端,20,1,19,群益金鼎-東大,2023-06-01,9135
3321,同泰,15,0,15,群益金鼎-東大,2023-06-01,9135
3290,東浦,15,0,15,群益金鼎-東大,2023-06-01,9135
5301,寶得利,15,0,15,群益金鼎-東大,2023-06-01,9135
2881,富邦金,14,0,14,群益金鼎-東大,2023-06-01,9135
2412,中華電,16,2,14,群益金鼎-東大,2023-06-01,9135
2515,中工,30,17,13,群益金鼎-東大,2023-06-01,9135
5388,中磊,21,8,13,群益金鼎-東大,2023-06-01,9135
1608,華榮,21,8,13,群益金鼎-東大,2023-06-01,9135
3504,揚明光,12,0,12,群益金鼎-東大,2023-06-01,9135
00679B,元大美債20年,18,6,12,群益金鼎-東大,2023-06-01,9135
6190,萬泰科,14,2,12,群益金鼎-東大,2023-06-01,9135
2382,廣達,85,73,12,群益金鼎-東大,2023-06-01,9135
00919,群益台灣精選高息,13,2,11,群益金鼎-東大,2023-06-01,9135
2630,亞航,45,34,11,群益金鼎-東大,2023-06-01,9135
5347,世界,12,1,11,群益金鼎-東大,2023-06-01,9135
6558,興能高,12,1,11,群益金鼎-東大,2023-06-01,9135
4915,致伸,10,0,10,群益金鼎-東大,2023-06-01,9135
2701,萬企,10,0,10,群益金鼎-東大,2023-06-01,9135
3049,精金,10,0,10,群益金鼎-東大,2023-06-01,9135
00706L,期元大S＆P日圓正2,10,0,10,群益金鼎-東大,2023-06-01,9135
6589,台康生技,10,0,10,群益金鼎-東大,2023-06-01,9135
8046,南電,10,0,10,群益金鼎-東大,2023-06-01,9135
2892,第一金,10,0,10,群益金鼎-東大,2023-06-01,9135
2303,聯電,9,0,9,群益金鼎-東大,2023-06-01,9135
00687B,國泰20年美債,9,0,9,群益金鼎-東大,2023-06-01,9135
00712,復華富時不動產,9,0,9,群益金鼎-東大,2023-06-01,9135
1101,台泥,9,0,9,群益金鼎-東大,2023-06-01,9135
6531,愛普*,10,1,9,群益金鼎-東大,2023-06-01,9135
4979,華星光,76,68,8,群益金鼎-東大,2023-06-01,9135
3207,耀勝,8,0,8,群益金鼎-東大,2023-06-01,9135
0056,元大高股息,8,0,8,群益金鼎-東大,2023-06-01,9135
00919,群益台灣精選高息,109,10,99,群益金鼎-東大,2023-06-02,9135
00632R,元大台灣50反1,222,139,83,群益金鼎-東大,2023-06-02,9135
2515,中工,76,26,50,群益金鼎-東大,2023-06-02,9135
4979,華星光,198,149,49,群益金鼎-東大,2023-06-02,9135
00751B,元大AAA至A公司債,50,4,46,群益金鼎-東大,2023-06-02,9135
1605,華新,62,19,43,群益金鼎-東大,2023-06-02,9135
4915,致伸,43,1,42,群益金鼎-東大,2023-06-02,9135
1609,大亞,58,17,41,群益金鼎-東大,2023-06-02,9135
2610,華航,52,12,40,群益金鼎-東大,2023-06-02,9135
2468,華經,35,0,35,群益金鼎-東大,2023-06-02,9135
2442,新美齊,39,8,31,群益金鼎-東大,2023-06-02,9135
00720B,元大投資級公司債,33,4,29,群益金鼎-東大,2023-06-02,9135
4564,元翎,32,3,29,群益金鼎-東大,2023-06-02,9135
4967,十銓,27,1,26,群益金鼎-東大,2023-06-02,9135
00671R,富邦NASDAQ反1,25,0,25,群益金鼎-東大,2023-06-02,9135
1905,華紙,58,34,24,群益金鼎-東大,2023-06-02,9135
3071,協禧,25,2,23,群益金鼎-東大,2023-06-02,9135
3591,艾笛森,22,0,22,群益金鼎-東大,2023-06-02,9135
5533,皇鼎,23,2,21,群益金鼎-東大,2023-06-02,9135
2023,燁輝,20,0,20,群益金鼎-東大,2023-06-02,9135
00706L,期元大S＆P日圓正2,20,0,20,群益金鼎-東大,2023-06-02,9135
6776,展�眥篕�,20,0,20,群益金鼎-東大,2023-06-02,9135
6796,晉弘,20,0,20,群益金鼎-東大,2023-06-02,9135
6288,聯嘉,20,0,20,群益金鼎-東大,2023-06-02,9135
1904,正隆,29,10,19,群益金鼎-東大,2023-06-02,9135
6016,康和證,20,2,18,群益金鼎-東大,2023-06-02,9135
4763,材料-KY,32,15,17,群益金鼎-東大,2023-06-02,9135
00673R,期元大S＆P原油反1,16,0,16,群益金鼎-東大,2023-06-02,9135
2489,瑞軒,19,3,16,群益金鼎-東大,2023-06-02,9135
5603,陸海,15,0,15,群益金鼎-東大,2023-06-02,9135
00753L,中信中國50正2,15,0,15,群益金鼎-東大,2023-06-02,9135
2332,友訊,16,2,14,群益金鼎-東大,2023-06-02,9135
5608,四維航,15,1,14,群益金鼎-東大,2023-06-02,9135
4503,金雨,14,0,14,群益金鼎-東大,2023-06-02,9135
00679B,元大美債20年,13,0,13,群益金鼎-東大,2023-06-02,9135
5425,台半,17,4,13,群益金鼎-東大,2023-06-02,9135
5388,中磊,13,0,13,群益金鼎-東大,2023-06-02,9135
2356,英業達,59,48,11,群益金鼎-東大,2023-06-02,9135
8155,博智,10,0,10,群益金鼎-東大,2023-06-02,9135
3207,耀勝,10,0,10,群益金鼎-東大,2023-06-02,9135
6265,方土昶,10,0,10,群益金鼎-東大,2023-06-02,9135
6147,頎邦,11,1,10,群益金鼎-東大,2023-06-02,9135
8277,商丞,10,0,10,群益金鼎-東大,2023-06-02,9135
5876,上海商銀,10,0,10,群益金鼎-東大,2023-06-02,9135
1513,中興電,33,23,10,群益金鼎-東大,2023-06-02,9135
2603,長榮,10,0,10,群益金鼎-東大,2023-06-02,9135
6198,瑞築,10,1,9,群益金鼎-東大,2023-06-02,9135
3033,威健,15,6,9,群益金鼎-東大,2023-06-02,9135
2421,建準,12,3,9,群益金鼎-東大,2023-06-02,9135
2614,東森,9,0,9,群益金鼎-東大,2023-06-02,9135
00919,群益台灣精選高息,123,0,123,群益金鼎-東大,2023-06-05,9135
3594,磐儀,102,4,98,群益金鼎-東大,2023-06-05,9135
6125,廣運,104,9,95,群益金鼎-東大,2023-06-05,9135
4979,華星光,88,32,56,群益金鼎-東大,2023-06-05,9135
2317,鴻海,92,37,55,群益金鼎-東大,2023-06-05,9135
3622,洋華,58,10,48,群益金鼎-東大,2023-06-05,9135
2330,台積電,40,0,40,群益金鼎-東大,2023-06-05,9135
2353,宏��,59,24,35,群益金鼎-東大,2023-06-05,9135
00878,國泰永續高股息,34,5,29,群益金鼎-東大,2023-06-05,9135
8059,凱碩,30,1,29,群益金鼎-東大,2023-06-05,9135
00679B,元大美債20年,27,0,27,群益金鼎-東大,2023-06-05,9135
6548,長科*,27,0,27,群益金鼎-東大,2023-06-05,9135
8088,品安,25,1,24,群益金鼎-東大,2023-06-05,9135
00673R,期元大S＆P原油反1,22,0,22,群益金鼎-東大,2023-06-05,9135
2206,三陽工業,54,32,22,群益金鼎-東大,2023-06-05,9135
00902,中信電池及儲能,21,0,21,群益金鼎-東大,2023-06-05,9135
00885,富邦越南,21,1,20,群益金鼎-東大,2023-06-05,9135
1742,台蠟,18,0,18,群益金鼎-東大,2023-06-05,9135
00882,中信中國高股息,17,0,17,群益金鼎-東大,2023-06-05,9135
00720B,元大投資級公司債,17,0,17,群益金鼎-東大,2023-06-05,9135
4167,松瑞藥,17,0,17,群益金鼎-東大,2023-06-05,9135
2610,華航,27,11,16,群益金鼎-東大,2023-06-05,9135
6265,方土昶,15,0,15,群益金鼎-東大,2023-06-05,9135
1529,樂事綠能,42,27,15,群益金鼎-東大,2023-06-05,9135
3071,協禧,20,5,15,群益金鼎-東大,2023-06-05,9135
1532,勤美,15,0,15,群益金鼎-東大,2023-06-05,9135
3052,夆典,16,1,15,群益金鼎-東大,2023-06-05,9135
6133,金橋,15,0,15,群益金鼎-東大,2023-06-05,9135
2633,台灣高鐵,14,0,14,群益金鼎-東大,2023-06-05,9135
2498,宏達電,87,73,14,群益金鼎-東大,2023-06-05,9135
2442,新美齊,14,2,12,群益金鼎-東大,2023-06-05,9135
4533,協易機,22,10,12,群益金鼎-東大,2023-06-05,9135
1560,中砂,12,0,12,群益金鼎-東大,2023-06-05,9135
2528,皇普,12,0,12,群益金鼎-東大,2023-06-05,9135
0056,元大高股息,12,0,12,群益金鼎-東大,2023-06-05,9135
1905,華紙,28,17,11,群益金鼎-東大,2023-06-05,9135
9939,宏全,11,0,11,群益金鼎-東大,2023-06-05,9135
00671R,富邦NASDAQ反1,10,0,10,群益金鼎-東大,2023-06-05,9135
1712,興農,10,0,10,群益金鼎-東大,2023-06-05,9135
3625,西勝,10,0,10,群益金鼎-東大,2023-06-05,9135
2754,亞洲藏壽司,10,0,10,群益金鼎-東大,2023-06-05,9135
1513,中興電,16,7,9,群益金鼎-東大,2023-06-05,9135
3162,精確,17,8,9,群益金鼎-東大,2023-06-05,9135
2328,廣宇,14,5,9,群益金鼎-東大,2023-06-05,9135
8011,台通,9,0,9,群益金鼎-東大,2023-06-05,9135
2468,華經,40,31,9,群益金鼎-東大,2023-06-05,9135
3617,碩天,9,1,8,群益金鼎-東大,2023-06-05,9135
00687B,國泰20年美債,8,0,8,群益金鼎-東大,2023-06-05,9135
6589,台康生技,8,0,8,群益金鼎-東大,2023-06-05,9135
3037,欣興,14,6,8,群益金鼎-東大,2023-06-05,9135
00919,群益台灣精選高息,55,0,55,群益金鼎-東大,2023-06-06,9135
6167,久正,50,1,49,群益金鼎-東大,2023-06-06,9135
00632R,元大台灣50反1,48,0,48,群益金鼎-東大,2023-06-06,9135
4533,協易機,78,33,45,群益金鼎-東大,2023-06-06,9135
4726,永昕,42,0,42,群益金鼎-東大,2023-06-06,9135
4123,晟德,41,2,39,群益金鼎-東大,2023-06-06,9135
6116,彩晶,37,2,35,群益金鼎-東大,2023-06-06,9135
00795B,中信美國公債20年,32,0,32,群益金鼎-東大,2023-06-06,9135
00671R,富邦NASDAQ反1,30,0,30,群益金鼎-東大,2023-06-06,9135
6194,育富,50,21,29,群益金鼎-東大,2023-06-06,9135
1514,亞力,28,0,28,群益金鼎-東大,2023-06-06,9135
1802,台玻,28,0,28,群益金鼎-東大,2023-06-06,9135
2701,萬企,30,4,26,群益金鼎-東大,2023-06-06,9135
00712,復華富時不動產,56,30,26,群益金鼎-東大,2023-06-06,9135
3406,玉晶光,24,0,24,群益金鼎-東大,2023-06-06,9135
5531,鄉林,24,0,24,群益金鼎-東大,2023-06-06,9135
2498,宏達電,91,71,20,群益金鼎-東大,2023-06-06,9135
1108,幸福,20,0,20,群益金鼎-東大,2023-06-06,9135
4161,聿新科,23,3,20,群益金鼎-東大,2023-06-06,9135
1609,大亞,206,186,20,群益金鼎-東大,2023-06-06,9135
3630,新鉅科,20,0,20,群益金鼎-東大,2023-06-06,9135
00679B,元大美債20年,19,0,19,群益金鼎-東大,2023-06-06,9135
2442,新美齊,30,12,18,群益金鼎-東大,2023-06-06,9135
2017,官田鋼,17,0,17,群益金鼎-東大,2023-06-06,9135
2461,光群雷,29,12,17,群益金鼎-東大,2023-06-06,9135
2888,新光金,35,19,16,群益金鼎-東大,2023-06-06,9135
1452,宏益,16,0,16,群益金鼎-東大,2023-06-06,9135
1101,台泥,16,0,16,群益金鼎-東大,2023-06-06,9135
1907,永豐餘,97,82,15,群益金鼎-東大,2023-06-06,9135
5533,皇鼎,17,2,15,群益金鼎-東大,2023-06-06,9135
3363,上詮,19,4,15,群益金鼎-東大,2023-06-06,9135
3346,麗清,49,35,14,群益金鼎-東大,2023-06-06,9135
2486,一詮,23,9,14,群益金鼎-東大,2023-06-06,9135
2449,京元電子,24,11,13,群益金鼎-東大,2023-06-06,9135
3037,欣興,14,1,13,群益金鼎-東大,2023-06-06,9135
1608,華榮,16,3,13,群益金鼎-東大,2023-06-06,9135
1711,永光,12,0,12,群益金鼎-東大,2023-06-06,9135
1519,華城,39,27,12,群益金鼎-東大,2023-06-06,9135
5905,南仁湖,11,0,11,群益金鼎-東大,2023-06-06,9135
6235,華孚,17,6,11,群益金鼎-東大,2023-06-06,9135
3624,光頡,21,10,11,群益金鼎-東大,2023-06-06,9135
8046,南電,11,0,11,群益金鼎-東大,2023-06-06,9135
3071,協禧,10,0,10,群益金鼎-東大,2023-06-06,9135
6186,新潤,10,0,10,群益金鼎-東大,2023-06-06,9135
9955,佳龍,10,0,10,群益金鼎-東大,2023-06-06,9135
00923,群益台ESG低碳50,10,0,10,群益金鼎-東大,2023-06-06,9135
6806,森崴能源,9,0,9,群益金鼎-東大,2023-06-06,9135
3006,晶豪科,11,2,9,群益金鼎-東大,2023-06-06,9135
6741,91APP*-KY,12,3,9,群益金鼎-東大,2023-06-06,9135
4906,正文,10,1,9,群益金鼎-東大,2023-06-06,9135
00632R,元大台灣50反1,193,82,111,群益金鼎-東大,2023-06-07,9135
3594,磐儀,117,56,61,群益金鼎-東大,2023-06-07,9135
4979,華星光,140,95,45,群益金鼎-東大,2023-06-07,9135
00712,復華富時不動產,34,1,33,群益金鼎-東大,2023-06-07,9135
6218,豪勉,34,5,29,群益金鼎-東大,2023-06-07,9135
4207,環泰,28,2,26,群益金鼎-東大,2023-06-07,9135
2882,國泰金,26,0,26,群益金鼎-東大,2023-06-07,9135
3338,泰碩,25,0,25,群益金鼎-東大,2023-06-07,9135
6248,沛波,25,0,25,群益金鼎-東大,2023-06-07,9135
2399,映泰,28,5,23,群益金鼎-東大,2023-06-07,9135
2401,凌陽,75,52,23,群益金鼎-東大,2023-06-07,9135
00687B,國泰20年美債,21,0,21,群益金鼎-東大,2023-06-07,9135
4188,安克,20,0,20,群益金鼎-東大,2023-06-07,9135
00720B,元大投資級公司債,20,2,18,群益金鼎-東大,2023-06-07,9135
3033,威健,18,0,18,群益金鼎-東大,2023-06-07,9135
2501,國建,18,0,18,群益金鼎-東大,2023-06-07,9135
00751B,元大AAA至A公司債,20,2,18,群益金鼎-東大,2023-06-07,9135
2515,中工,16,1,15,群益金鼎-東大,2023-06-07,9135
1201,味全,15,0,15,群益金鼎-東大,2023-06-07,9135
2337,旺宏,14,0,14,群益金鼎-東大,2023-06-07,9135
2027,大成鋼,14,0,14,群益金鼎-東大,2023-06-07,9135
6668,中揚光,14,0,14,群益金鼎-東大,2023-06-07,9135
6171,大城地產,14,0,14,群益金鼎-東大,2023-06-07,9135
8358,金居,16,3,13,群益金鼎-東大,2023-06-07,9135
00713,元大台灣高息低波,12,0,12,群益金鼎-東大,2023-06-07,9135
1515,力山,12,0,12,群益金鼎-東大,2023-06-07,9135
4906,正文,13,1,12,群益金鼎-東大,2023-06-07,9135
2329,華泰,13,1,12,群益金鼎-東大,2023-06-07,9135
6125,廣運,32,21,11,群益金鼎-東大,2023-06-07,9135
5704,老爺知,12,1,11,群益金鼎-東大,2023-06-07,9135
3043,科風,11,0,11,群益金鼎-東大,2023-06-07,9135
3564,其陽,11,0,11,群益金鼎-東大,2023-06-07,9135
4123,晟德,14,3,11,群益金鼎-東大,2023-06-07,9135
00679B,元大美債20年,12,2,10,群益金鼎-東大,2023-06-07,9135
2427,三商電,11,1,10,群益金鼎-東大,2023-06-07,9135
00715L,期街口布蘭特正2,10,0,10,群益金鼎-東大,2023-06-07,9135
00671R,富邦NASDAQ反1,10,0,10,群益金鼎-東大,2023-06-07,9135
5703,亞都,10,0,10,群益金鼎-東大,2023-06-07,9135
3402,漢科,10,0,10,群益金鼎-東大,2023-06-07,9135
1102,亞泥,10,0,10,群益金鼎-東大,2023-06-07,9135
1453,大將,10,0,10,群益金鼎-東大,2023-06-07,9135
5398,慕康生醫,10,0,10,群益金鼎-東大,2023-06-07,9135
3058,立德,12,2,10,群益金鼎-東大,2023-06-07,9135
2376,技嘉,21,12,9,群益金鼎-東大,2023-06-07,9135
1514,亞力,17,8,9,群益金鼎-東大,2023-06-07,9135
6282,康舒,16,7,9,群益金鼎-東大,2023-06-07,9135
4763,材料-KY,15,6,9,群益金鼎-東大,2023-06-07,9135
2881,富邦金,9,0,9,群益金鼎-東大,2023-06-07,9135
0056,元大高股息,12,3,9,群益金鼎-東大,2023-06-07,9135
2611,志信,8,0,8,群益金鼎-東大,2023-06-07,9135
00878,國泰永續高股息,55,0,55,群益金鼎-東大,2023-06-08,9135
3594,磐儀,40,0,40,群益金鼎-東大,2023-06-08,9135
00679B,元大美債20年,39,3,36,群益金鼎-東大,2023-06-08,9135
8403,盛弘,33,0,33,群益金鼎-東大,2023-06-08,9135
2323,中環,41,8,33,群益金鼎-東大,2023-06-08,9135
2618,長榮航,37,4,33,群益金鼎-東大,2023-06-08,9135
00751B,元大AAA至A公司債,29,0,29,群益金鼎-東大,2023-06-08,9135
2359,所羅門,31,2,29,群益金鼎-東大,2023-06-08,9135
3661,世芯-KY,29,0,29,群益金鼎-東大,2023-06-08,9135
6191,精成科,30,2,28,群益金鼎-東大,2023-06-08,9135
00720B,元大投資級公司債,29,2,27,群益金鼎-東大,2023-06-08,9135
2458,義隆,22,1,21,群益金鼎-東大,2023-06-08,9135
2027,大成鋼,25,4,21,群益金鼎-東大,2023-06-08,9135
2881,富邦金,20,0,20,群益金鼎-東大,2023-06-08,9135
2204,中華,22,2,20,群益金鼎-東大,2023-06-08,9135
3011,今皓,20,0,20,群益金鼎-東大,2023-06-08,9135
3037,欣興,39,20,19,群益金鼎-東大,2023-06-08,9135
1453,大將,19,0,19,群益金鼎-東大,2023-06-08,9135
3443,創意,22,3,19,群益金鼎-東大,2023-06-08,9135
00673R,期元大S＆P原油反1,18,0,18,群益金鼎-東大,2023-06-08,9135
2423,固緯,19,1,18,群益金鼎-東大,2023-06-08,9135
2887,台新金,26,10,16,群益金鼎-東大,2023-06-08,9135
6743,安普新,16,0,16,群益金鼎-東大,2023-06-08,9135
1608,華榮,17,3,14,群益金鼎-東大,2023-06-08,9135
2812,台中銀,14,0,14,群益金鼎-東大,2023-06-08,9135
00680L,元大美債20正2,14,0,14,群益金鼎-東大,2023-06-08,9135
3563,牧德,14,1,13,群益金鼎-東大,2023-06-08,9135
00919,群益台灣精選高息,13,0,13,群益金鼎-東大,2023-06-08,9135
1432,大魯閣,16,3,13,群益金鼎-東大,2023-06-08,9135
3006,晶豪科,15,2,13,群益金鼎-東大,2023-06-08,9135
2337,旺宏,12,0,12,群益金鼎-東大,2023-06-08,9135
5434,崇越,12,0,12,群益金鼎-東大,2023-06-08,9135
00927,群益半導體收益,11,0,11,群益金鼎-東大,2023-06-08,9135
3078,僑威,14,3,11,群益金鼎-東大,2023-06-08,9135
5704,老爺知,12,2,10,群益金鼎-東大,2023-06-08,9135
00687B,國泰20年美債,10,0,10,群益金鼎-東大,2023-06-08,9135
2388,威盛,11,1,10,群益金鼎-東大,2023-06-08,9135
1733,五鼎,10,0,10,群益金鼎-東大,2023-06-08,9135
8059,凱碩,10,0,10,群益金鼎-東大,2023-06-08,9135
1614,三洋電,10,0,10,群益金鼎-東大,2023-06-08,9135
00877,復華中國5G,10,0,10,群益金鼎-東大,2023-06-08,9135
3071,協禧,10,0,10,群益金鼎-東大,2023-06-08,9135
6217,中探針,10,0,10,群益金鼎-東大,2023-06-08,9135
8150,南茂,9,0,9,群益金鼎-東大,2023-06-08,9135
2615,萬海,19,10,9,群益金鼎-東大,2023-06-08,9135
1903,士紙,22,13,9,群益金鼎-東大,2023-06-08,9135
5258,虹堡,11,2,9,群益金鼎-東大,2023-06-08,9135
0056,元大高股息,16,7,9,群益金鼎-東大,2023-06-08,9135
6161,捷波,10,2,8,群益金鼎-東大,2023-06-08,9135
3025,星通,14,6,8,群益金鼎-東大,2023-06-08,9135
2888,新光金,278,15,263,群益金鼎-東大,2023-06-09,9135
3217,優群,72,12,60,群益金鼎-東大,2023-06-09,9135
6125,廣運,84,31,53,群益金鼎-東大,2023-06-09,9135
6191,精成科,52,0,52,群益金鼎-東大,2023-06-09,9135
8210,勤誠,85,33,52,群益金鼎-東大,2023-06-09,9135
2356,英業達,131,80,51,群益金鼎-東大,2023-06-09,9135
1609,大亞,95,57,38,群益金鼎-東大,2023-06-09,9135
3231,緯創,194,157,37,群益金鼎-東大,2023-06-09,9135
2881,富邦金,37,0,37,群益金鼎-東大,2023-06-09,9135
8234,新漢,32,4,28,群益金鼎-東大,2023-06-09,9135
00632R,元大台灣50反1,110,84,26,群益金鼎-東大,2023-06-09,9135
1101,台泥,27,1,26,群益金鼎-東大,2023-06-09,9135
2352,佳世達,25,1,24,群益金鼎-東大,2023-06-09,9135
6470,宇智,23,1,22,群益金鼎-東大,2023-06-09,9135
2905,三商,20,0,20,群益金鼎-東大,2023-06-09,9135
00715L,期街口布蘭特正2,19,0,19,群益金鼎-東大,2023-06-09,9135
6174,安��,18,0,18,群益金鼎-東大,2023-06-09,9135
1504,東元,23,6,17,群益金鼎-東大,2023-06-09,9135
2882,國泰金,16,0,16,群益金鼎-東大,2023-06-09,9135
2365,昆盈,17,1,16,群益金鼎-東大,2023-06-09,9135
6266,泰詠,19,3,16,群益金鼎-東大,2023-06-09,9135
2458,義隆,16,1,15,群益金鼎-東大,2023-06-09,9135
00639,富邦深100,15,0,15,群益金鼎-東大,2023-06-09,9135
6517,保勝光學,14,0,14,群益金鼎-東大,2023-06-09,9135
6101,寬魚國際,15,2,13,群益金鼎-東大,2023-06-09,9135
00929,復華台灣科技優息,14,1,13,群益金鼎-東大,2023-06-09,9135
4927,泰鼎-KY,13,0,13,群益金鼎-東大,2023-06-09,9135
5511,德昌,19,6,13,群益金鼎-東大,2023-06-09,9135
3305,昇貿,14,2,12,群益金鼎-東大,2023-06-09,9135
00712,復華富時不動產,14,2,12,群益金鼎-東大,2023-06-09,9135
00919,群益台灣精選高息,12,0,12,群益金鼎-東大,2023-06-09,9135
1514,亞力,12,0,12,群益金鼎-東大,2023-06-09,9135
2328,廣宇,16,4,12,群益金鼎-東大,2023-06-09,9135
1524,耿鼎,11,0,11,群益金鼎-東大,2023-06-09,9135
3032,偉訓,22,11,11,群益金鼎-東大,2023-06-09,9135
2453,凌群,11,0,11,群益金鼎-東大,2023-06-09,9135
00882,中信中國高股息,11,0,11,群益金鼎-東大,2023-06-09,9135
00706L,期元大S＆P日圓正2,10,0,10,群益金鼎-東大,2023-06-09,9135
1903,士紙,10,0,10,群益金鼎-東大,2023-06-09,9135
2421,建準,45,35,10,群益金鼎-東大,2023-06-09,9135
00751B,元大AAA至A公司債,15,5,10,群益金鼎-東大,2023-06-09,9135
2329,華泰,11,1,10,群益金鼎-東大,2023-06-09,9135
5371,中光電,10,0,10,群益金鼎-東大,2023-06-09,9135
2371,大同,10,0,10,群益金鼎-東大,2023-06-09,9135
2382,廣達,73,63,10,群益金鼎-東大,2023-06-09,9135
6546,正基,10,0,10,群益金鼎-東大,2023-06-09,9135
4968,立積,20,11,9,群益金鼎-東大,2023-06-09,9135
8086,宏捷科,9,0,9,群益金鼎-東大,2023-06-09,9135
2338,光罩,11,2,9,群益金鼎-東大,2023-06-09,9135
00753L,中信中國50正2,8,0,8,群益金鼎-東大,2023-06-09,9135
00632R,元大台灣50反1,73,1,72,群益金鼎-東大,2023-06-12,9135
6282,康舒,76,9,67,群益金鼎-東大,2023-06-12,9135
6288,聯嘉,69,18,51,群益金鼎-東大,2023-06-12,9135
00919,群益台灣精選高息,50,1,49,群益金鼎-東大,2023-06-12,9135
4916,事欣科,42,2,40,群益金鼎-東大,2023-06-12,9135
2486,一詮,46,6,40,群益金鼎-東大,2023-06-12,9135
2641,正德,30,0,30,群益金鼎-東大,2023-06-12,9135
2007,燁興,28,0,28,群益金鼎-東大,2023-06-12,9135
2352,佳世達,28,1,27,群益金鼎-東大,2023-06-12,9135
5009,榮剛,29,2,27,群益金鼎-東大,2023-06-12,9135
2462,良得電,25,0,25,群益金鼎-東大,2023-06-12,9135
2301,光寶科,31,7,24,群益金鼎-東大,2023-06-12,9135
00922,國泰台灣領袖50,22,0,22,群益金鼎-東大,2023-06-12,9135
3380,明泰,22,1,21,群益金鼎-東大,2023-06-12,9135
6167,久正,41,21,20,群益金鼎-東大,2023-06-12,9135
6191,精成科,25,5,20,群益金鼎-東大,2023-06-12,9135
2023,燁輝,19,0,19,群益金鼎-東大,2023-06-12,9135
2891,中信金,19,1,18,群益金鼎-東大,2023-06-12,9135
2337,旺宏,18,0,18,群益金鼎-東大,2023-06-12,9135
0056,元大高股息,18,1,17,群益金鼎-東大,2023-06-12,9135
00888,永豐台灣ESG,17,0,17,群益金鼎-東大,2023-06-12,9135
2884,玉山金,16,0,16,群益金鼎-東大,2023-06-12,9135
00912,中信臺灣智慧50,15,0,15,群益金鼎-東大,2023-06-12,9135
2022,聚亨,17,2,15,群益金鼎-東大,2023-06-12,9135
3163,波若威,15,0,15,群益金鼎-東大,2023-06-12,9135
00929,復華台灣科技優息,14,0,14,群益金鼎-東大,2023-06-12,9135
1605,華新,13,0,13,群益金鼎-東大,2023-06-12,9135
1701,中化,12,0,12,群益金鼎-東大,2023-06-12,9135
3265,台星科,12,0,12,群益金鼎-東大,2023-06-12,9135
2701,萬企,12,0,12,群益金鼎-東大,2023-06-12,9135
6789,采鈺,16,4,12,群益金鼎-東大,2023-06-12,9135
8033,雷虎,12,1,11,群益金鼎-東大,2023-06-12,9135
3545,敦泰,12,1,11,群益金鼎-東大,2023-06-12,9135
1734,杏輝,15,4,11,群益金鼎-東大,2023-06-12,9135
00712,復華富時不動產,12,2,10,群益金鼎-東大,2023-06-12,9135
4175,杏一,10,0,10,群益金鼎-東大,2023-06-12,9135
1616,億泰,10,0,10,群益金鼎-東大,2023-06-12,9135
1532,勤美,10,0,10,群益金鼎-東大,2023-06-12,9135
1217,愛之味,10,0,10,群益金鼎-東大,2023-06-12,9135
4503,金雨,13,3,10,群益金鼎-東大,2023-06-12,9135
5353,台林,10,0,10,群益金鼎-東大,2023-06-12,9135
6179,亞通,11,1,10,群益金鼎-東大,2023-06-12,9135
2385,群光,10,1,9,群益金鼎-東大,2023-06-12,9135
2615,萬海,12,3,9,群益金鼎-東大,2023-06-12,9135
4207,環泰,13,4,9,群益金鼎-東大,2023-06-12,9135
2402,毅嘉,15,6,9,群益金鼎-東大,2023-06-12,9135
6605,帝寶,12,3,9,群益金鼎-東大,2023-06-12,9135
2423,固緯,9,0,9,群益金鼎-東大,2023-06-12,9135
2887,台新金,25,16,9,群益金鼎-東大,2023-06-12,9135
8234,新漢,10,2,8,群益金鼎-東大,2023-06-12,9135
00632R,元大台灣50反1,308,8,300,群益金鼎-東大,2023-06-13,9135
00688L,國泰20年美債正2,200,0,200,群益金鼎-東大,2023-06-13,9135
00715L,期街口布蘭特正2,142,0,142,群益金鼎-東大,2023-06-13,9135
00919,群益台灣精選高息,62,13,49,群益金鼎-東大,2023-06-13,9135
2371,大同,52,4,48,群益金鼎-東大,2023-06-13,9135
00671R,富邦NASDAQ反1,45,0,45,群益金鼎-東大,2023-06-13,9135
4510,高鋒,35,0,35,群益金鼎-東大,2023-06-13,9135
6285,啟��,31,0,31,群益金鼎-東大,2023-06-13,9135
00642U,期元大S＆P石油,30,0,30,群益金鼎-東大,2023-06-13,9135
00927,群益半導體收益,28,0,28,群益金鼎-東大,2023-06-13,9135
2601,益航,24,0,24,群益金鼎-東大,2023-06-13,9135
1806,冠軍,23,0,23,群益金鼎-東大,2023-06-13,9135
00686R,群益臺灣加權反1,23,0,23,群益金鼎-東大,2023-06-13,9135
00772B,中信高評級公司債,20,0,20,群益金鼎-東大,2023-06-13,9135
8234,新漢,22,2,20,群益金鼎-東大,2023-06-13,9135
1309,台達化,20,0,20,群益金鼎-東大,2023-06-13,9135
6821,聯寶,19,0,19,群益金鼎-東大,2023-06-13,9135
6198,瑞築,19,0,19,群益金鼎-東大,2023-06-13,9135
8926,台汽電,26,8,18,群益金鼎-東大,2023-06-13,9135
2913,農林,21,3,18,群益金鼎-東大,2023-06-13,9135
5498,凱崴,18,0,18,群益金鼎-東大,2023-06-13,9135
00795B,中信美國公債20年,15,0,15,群益金鼎-東大,2023-06-13,9135
6117,迎廣,16,1,15,群益金鼎-東大,2023-06-13,9135
6129,普誠,14,0,14,群益金鼎-東大,2023-06-13,9135
3356,奇偶,13,0,13,群益金鼎-東大,2023-06-13,9135
2356,英業達,104,91,13,群益金鼎-東大,2023-06-13,9135
6531,愛普*,14,2,12,群益金鼎-東大,2023-06-13,9135
5511,德昌,17,5,12,群益金鼎-東大,2023-06-13,9135
2883,凱基金,12,1,11,群益金鼎-東大,2023-06-13,9135
4744,皇將,11,0,11,群益金鼎-東大,2023-06-13,9135
1301,台塑,11,0,11,群益金鼎-東大,2023-06-13,9135
6741,91APP*-KY,11,0,11,群益金鼎-東大,2023-06-13,9135
2436,偉詮電,15,4,11,群益金鼎-東大,2023-06-13,9135
3207,耀勝,10,0,10,群益金鼎-東大,2023-06-13,9135
2328,廣宇,13,3,10,群益金鼎-東大,2023-06-13,9135
1108,幸福,10,0,10,群益金鼎-東大,2023-06-13,9135
1312,國喬,10,0,10,群益金鼎-東大,2023-06-13,9135
6506,雙邦,10,0,10,群益金鼎-東大,2023-06-13,9135
4175,杏一,10,0,10,群益金鼎-東大,2023-06-13,9135
2375,凱美,10,0,10,群益金鼎-東大,2023-06-13,9135
3217,優群,13,3,10,群益金鼎-東大,2023-06-13,9135
6664,群翊,10,0,10,群益金鼎-東大,2023-06-13,9135
2401,凌陽,10,0,10,群益金鼎-東大,2023-06-13,9135
3169,亞信,10,1,9,群益金鼎-東大,2023-06-13,9135
3128,昇銳,11,2,9,群益金鼎-東大,2023-06-13,9135
2705,六福,15,6,9,群益金鼎-東大,2023-06-13,9135
2317,鴻海,101,92,9,群益金鼎-東大,2023-06-13,9135
4967,十銓,9,1,8,群益金鼎-東大,2023-06-13,9135
3078,僑威,31,23,8,群益金鼎-東大,2023-06-13,9135
00680L,元大美債20正2,8,0,8,群益金鼎-東大,2023-06-13,9135
00919,群益台灣精選高息,89,2,87,群益金鼎-東大,2023-06-14,9135
2610,華航,163,112,51,群益金鼎-東大,2023-06-14,9135
3217,優群,68,19,49,群益金鼎-東大,2023-06-14,9135
00715L,期街口布蘭特正2,104,62,42,群益金鼎-東大,2023-06-14,9135
2618,長榮航,253,219,34,群益金鼎-東大,2023-06-14,9135
00885,富邦越南,37,4,33,群益金鼎-東大,2023-06-14,9135
00679B,元大美債20年,31,0,31,群益金鼎-東大,2023-06-14,9135
2405,輔信,51,26,25,群益金鼎-東大,2023-06-14,9135
3016,嘉晶,31,6,25,群益金鼎-東大,2023-06-14,9135
5351,鈺創,25,0,25,群益金鼎-東大,2023-06-14,9135
2368,金像電,25,1,24,群益金鼎-東大,2023-06-14,9135
3033,威健,27,3,24,群益金鼎-東大,2023-06-14,9135
3032,偉訓,29,5,24,群益金鼎-東大,2023-06-14,9135
00687B,國泰20年美債,22,0,22,群益金鼎-東大,2023-06-14,9135
5511,德昌,21,0,21,群益金鼎-東大,2023-06-14,9135
9940,信義,21,0,21,群益金鼎-東大,2023-06-14,9135
2834,臺企銀,22,1,21,群益金鼎-東大,2023-06-14,9135
4533,協易機,69,48,21,群益金鼎-東大,2023-06-14,9135
3481,群創,72,51,21,群益金鼎-東大,2023-06-14,9135
1319,東陽,20,0,20,群益金鼎-東大,2023-06-14,9135
1218,泰山,20,0,20,群益金鼎-東大,2023-06-14,9135
00882,中信中國高股息,23,4,19,群益金鼎-東大,2023-06-14,9135
6532,瑞耘,18,0,18,群益金鼎-東大,2023-06-14,9135
6245,立端,16,0,16,群益金鼎-東大,2023-06-14,9135
3231,緯創,159,144,15,群益金鼎-東大,2023-06-14,9135
6166,凌華,59,45,14,群益金鼎-東大,2023-06-14,9135
2905,三商,13,0,13,群益金鼎-東大,2023-06-14,9135
1220,台榮,13,0,13,群益金鼎-東大,2023-06-14,9135
2634,漢翔,23,10,13,群益金鼎-東大,2023-06-14,9135
2436,偉詮電,19,7,12,群益金鼎-東大,2023-06-14,9135
2515,中工,12,0,12,群益金鼎-東大,2023-06-14,9135
2701,萬企,12,0,12,群益金鼎-東大,2023-06-14,9135
1440,南紡,12,0,12,群益金鼎-東大,2023-06-14,9135
6269,台郡,12,0,12,群益金鼎-東大,2023-06-14,9135
1603,華電,11,0,11,群益金鼎-東大,2023-06-14,9135
00673R,期元大S＆P原油反1,11,0,11,群益金鼎-東大,2023-06-14,9135
5439,高技,12,1,11,群益金鼎-東大,2023-06-14,9135
1611,中電,13,2,11,群益金鼎-東大,2023-06-14,9135
6198,瑞築,11,0,11,群益金鼎-東大,2023-06-14,9135
2352,佳世達,17,7,10,群益金鼎-東大,2023-06-14,9135
1210,大成,10,0,10,群益金鼎-東大,2023-06-14,9135
3265,台星科,10,0,10,群益金鼎-東大,2023-06-14,9135
00706L,期元大S＆P日圓正2,10,0,10,群益金鼎-東大,2023-06-14,9135
5347,世界,10,0,10,群益金鼎-東大,2023-06-14,9135
9919,康那香,10,0,10,群益金鼎-東大,2023-06-14,9135
4153,鈺緯,10,0,10,群益金鼎-東大,2023-06-14,9135
1514,亞力,11,1,10,群益金鼎-東大,2023-06-14,9135
5309,系統電,10,0,10,群益金鼎-東大,2023-06-14,9135
2880,華南金,9,0,9,群益金鼎-東大,2023-06-14,9135
3630,新鉅科,10,1,9,群益金鼎-東大,2023-06-14,9135
00919,群益台灣精選高息,151,0,151,群益金鼎-東大,2023-06-15,9135
2888,新光金,130,0,130,群益金鼎-東大,2023-06-15,9135
3498,陽程,63,0,63,群益金鼎-東大,2023-06-15,9135
2618,長榮航,459,401,58,群益金鼎-東大,2023-06-15,9135
2317,鴻海,66,10,56,群益金鼎-東大,2023-06-15,9135
5425,台半,59,8,51,群益金鼎-東大,2023-06-15,9135
3046,建��,107,59,48,群益金鼎-東大,2023-06-15,9135
3481,群創,43,2,41,群益金鼎-東大,2023-06-15,9135
6016,康和證,36,0,36,群益金鼎-東大,2023-06-15,9135
6026,福邦證,33,3,30,群益金鼎-東大,2023-06-15,9135
3071,協禧,32,2,30,群益金鼎-東大,2023-06-15,9135
4510,高鋒,32,3,29,群益金鼎-東大,2023-06-15,9135
00850,元大臺灣ESG永續,30,1,29,群益金鼎-東大,2023-06-15,9135
2609,陽明,32,4,28,群益金鼎-東大,2023-06-15,9135
2419,仲琦,32,4,28,群益金鼎-東大,2023-06-15,9135
00885,富邦越南,26,0,26,群益金鼎-東大,2023-06-15,9135
1611,中電,48,25,23,群益金鼎-東大,2023-06-15,9135
4534,慶騰,22,0,22,群益金鼎-東大,2023-06-15,9135
00706L,期元大S＆P日圓正2,22,0,22,群益金鼎-東大,2023-06-15,9135
6219,富旺,20,0,20,群益金鼎-東大,2023-06-15,9135
00922,國泰台灣領袖50,20,0,20,群益金鼎-東大,2023-06-15,9135
4924,欣厚-KY,20,0,20,群益金鼎-東大,2023-06-15,9135
2916,滿心,20,0,20,群益金鼎-東大,2023-06-15,9135
6269,台郡,20,0,20,群益金鼎-東大,2023-06-15,9135
2610,華航,210,191,19,群益金鼎-東大,2023-06-15,9135
1528,恩德,20,1,19,群益金鼎-東大,2023-06-15,9135
2453,凌群,31,12,19,群益金鼎-東大,2023-06-15,9135
2882,國泰金,20,1,19,群益金鼎-東大,2023-06-15,9135
2388,威盛,27,8,19,群益金鼎-東大,2023-06-15,9135
2891,中信金,18,2,16,群益金鼎-東大,2023-06-15,9135
1504,東元,21,6,15,群益金鼎-東大,2023-06-15,9135
00679B,元大美債20年,20,5,15,群益金鼎-東大,2023-06-15,9135
2603,長榮,16,1,15,群益金鼎-東大,2023-06-15,9135
00923,群益台ESG低碳50,15,1,14,群益金鼎-東大,2023-06-15,9135
2892,第一金,15,1,14,群益金鼎-東大,2023-06-15,9135
1474,弘裕,14,0,14,群益金鼎-東大,2023-06-15,9135
6188,廣明,17,3,14,群益金鼎-東大,2023-06-15,9135
2812,台中銀,13,0,13,群益金鼎-東大,2023-06-15,9135
6179,亞通,18,6,12,群益金鼎-東大,2023-06-15,9135
2405,輔信,13,1,12,群益金鼎-東大,2023-06-15,9135
4306,炎洲,12,0,12,群益金鼎-東大,2023-06-15,9135
2368,金像電,63,51,12,群益金鼎-東大,2023-06-15,9135
8227,巨有科技,12,0,12,群益金鼎-東大,2023-06-15,9135
2352,佳世達,11,0,11,群益金鼎-東大,2023-06-15,9135
6160,欣技,11,0,11,群益金鼎-東大,2023-06-15,9135
2329,華泰,20,9,11,群益金鼎-東大,2023-06-15,9135
2382,廣達,63,52,11,群益金鼎-東大,2023-06-15,9135
2634,漢翔,20,10,10,群益金鼎-東大,2023-06-15,9135
2038,海光,10,0,10,群益金鼎-東大,2023-06-15,9135
1529,樂事綠能,10,0,10,群益金鼎-東大,2023-06-15,9135
00673R,期元大S＆P原油反1,125,0,125,群益金鼎-東大,2023-06-16,9135
1605,華新,115,10,105,群益金鼎-東大,2023-06-16,9135
2916,滿心,80,0,80,群益金鼎-東大,2023-06-16,9135
00712,復華富時不動產,77,10,67,群益金鼎-東大,2023-06-16,9135
00679B,元大美債20年,57,2,55,群益金鼎-東大,2023-06-16,9135
1451,年興,40,0,40,群益金鼎-東大,2023-06-16,9135
1609,大亞,56,18,38,群益金鼎-東大,2023-06-16,9135
2886,兆豐金,34,1,33,群益金鼎-東大,2023-06-16,9135
3047,訊舟,32,0,32,群益金鼎-東大,2023-06-16,9135
2368,金像電,83,51,32,群益金鼎-東大,2023-06-16,9135
2359,所羅門,203,172,31,群益金鼎-東大,2023-06-16,9135
2701,萬企,30,0,30,群益金鼎-東大,2023-06-16,9135
8403,盛弘,30,0,30,群益金鼎-東大,2023-06-16,9135
3024,憶聲,31,1,30,群益金鼎-東大,2023-06-16,9135
9919,康那香,28,0,28,群益金鼎-東大,2023-06-16,9135
2104,國際中橡,30,2,28,群益金鼎-東大,2023-06-16,9135
00751B,元大AAA至A公司債,48,20,28,群益金鼎-東大,2023-06-16,9135
1717,長興,24,0,24,群益金鼎-東大,2023-06-16,9135
2634,漢翔,28,5,23,群益金鼎-東大,2023-06-16,9135
2105,正新,26,4,22,群益金鼎-東大,2023-06-16,9135
2352,佳世達,23,2,21,群益金鼎-東大,2023-06-16,9135
2426,鼎元,20,0,20,群益金鼎-東大,2023-06-16,9135
3308,聯德,25,5,20,群益金鼎-東大,2023-06-16,9135
2208,台船,19,0,19,群益金鼎-東大,2023-06-16,9135
2913,農林,20,1,19,群益金鼎-東大,2023-06-16,9135
1710,東聯,19,0,19,群益金鼎-東大,2023-06-16,9135
3162,精確,22,3,19,群益金鼎-東大,2023-06-16,9135
00919,群益台灣精選高息,34,15,19,群益金鼎-東大,2023-06-16,9135
1734,杏輝,27,9,18,群益金鼎-東大,2023-06-16,9135
2317,鴻海,22,5,17,群益金鼎-東大,2023-06-16,9135
2365,昆盈,17,0,17,群益金鼎-東大,2023-06-16,9135
4306,炎洲,16,0,16,群益金鼎-東大,2023-06-16,9135
5347,世界,14,0,14,群益金鼎-東大,2023-06-16,9135
3419,譁裕,14,0,14,群益金鼎-東大,2023-06-16,9135
6244,茂迪,14,0,14,群益金鼎-東大,2023-06-16,9135
3706,神達,58,44,14,群益金鼎-東大,2023-06-16,9135
00927,群益半導體收益,13,0,13,群益金鼎-東大,2023-06-16,9135
3038,全台,14,1,13,群益金鼎-東大,2023-06-16,9135
2468,華經,26,14,12,群益金鼎-東大,2023-06-16,9135
1806,冠軍,18,6,12,群益金鼎-東大,2023-06-16,9135
6026,福邦證,37,25,12,群益金鼎-東大,2023-06-16,9135
2385,群光,12,0,12,群益金鼎-東大,2023-06-16,9135
2301,光寶科,16,4,12,群益金鼎-東大,2023-06-16,9135
2201,裕隆,14,3,11,群益金鼎-東大,2023-06-16,9135
2312,金寶,28,17,11,群益金鼎-東大,2023-06-16,9135
3498,陽程,12,1,11,群益金鼎-東大,2023-06-16,9135
2834,臺企銀,12,1,11,群益金鼎-東大,2023-06-16,9135
00923,群益台ESG低碳50,10,0,10,群益金鼎-東大,2023-06-16,9135
6203,海韻電,10,0,10,群益金鼎-東大,2023-06-16,9135
1802,台玻,21,11,10,群益金鼎-東大,2023-06-16,9135
00688L,國泰20年美債正2,200,0,200,群益金鼎-東大,2023-06-19,9135
00673R,期元大S＆P原油反1,124,0,124,群益金鼎-東大,2023-06-19,9135
2458,義隆,69,0,69,群益金鼎-東大,2023-06-19,9135
2324,仁寶,52,9,43,群益金鼎-東大,2023-06-19,9135
1605,華新,44,2,42,群益金鼎-東大,2023-06-19,9135
1584,精剛,48,11,37,群益金鼎-東大,2023-06-19,9135
1513,中興電,56,23,33,群益金鼎-東大,2023-06-19,9135
2881,富邦金,34,1,33,群益金鼎-東大,2023-06-19,9135
2409,友達,52,19,33,群益金鼎-東大,2023-06-19,9135
8064,東捷,35,2,33,群益金鼎-東大,2023-06-19,9135
6016,康和證,33,1,32,群益金鼎-東大,2023-06-19,9135
2634,漢翔,113,81,32,群益金鼎-東大,2023-06-19,9135
00637L,元大滬深300正2,30,0,30,群益金鼎-東大,2023-06-19,9135
2436,偉詮電,36,7,29,群益金鼎-東大,2023-06-19,9135
6127,九豪,27,0,27,群益金鼎-東大,2023-06-19,9135
1451,年興,26,0,26,群益金鼎-東大,2023-06-19,9135
2618,長榮航,65,40,25,群益金鼎-東大,2023-06-19,9135
3308,聯德,25,0,25,群益金鼎-東大,2023-06-19,9135
00712,復華富時不動產,54,29,25,群益金鼎-東大,2023-06-19,9135
3715,定穎投控,28,3,25,群益金鼎-東大,2023-06-19,9135
2206,三陽工業,26,3,23,群益金鼎-東大,2023-06-19,9135
1471,首利,22,0,22,群益金鼎-東大,2023-06-19,9135
5469,瀚宇博,22,0,22,群益金鼎-東大,2023-06-19,9135
6182,合晶,22,0,22,群益金鼎-東大,2023-06-19,9135
5301,寶得利,21,0,21,群益金鼎-東大,2023-06-19,9135
00706L,期元大S＆P日圓正2,33,12,21,群益金鼎-東大,2023-06-19,9135
1609,大亞,32,12,20,群益金鼎-東大,2023-06-19,9135
6194,育富,20,0,20,群益金鼎-東大,2023-06-19,9135
3685,元創精密,19,0,19,群益金鼎-東大,2023-06-19,9135
1309,台達化,20,2,18,群益金鼎-東大,2023-06-19,9135
3594,磐儀,18,1,17,群益金鼎-東大,2023-06-19,9135
00904,新光臺灣半導體30,17,0,17,群益金鼎-東大,2023-06-19,9135
4967,十銓,47,30,17,群益金鼎-東大,2023-06-19,9135
4979,華星光,23,7,16,群益金鼎-東大,2023-06-19,9135
3481,群創,117,101,16,群益金鼎-東大,2023-06-19,9135
00687B,國泰20年美債,20,5,15,群益金鼎-東大,2023-06-19,9135
2511,太子,15,0,15,群益金鼎-東大,2023-06-19,9135
2888,新光金,22,7,15,群益金鼎-東大,2023-06-19,9135
2427,三商電,16,2,14,群益金鼎-東大,2023-06-19,9135
5213,亞昕,14,0,14,群益金鼎-東大,2023-06-19,9135
4526,東台,14,0,14,群益金鼎-東大,2023-06-19,9135
1310,台苯,13,0,13,群益金鼎-東大,2023-06-19,9135
5347,世界,13,0,13,群益金鼎-東大,2023-06-19,9135
2388,威盛,21,9,12,群益金鼎-東大,2023-06-19,9135
2701,萬企,12,0,12,群益金鼎-東大,2023-06-19,9135
5284,jpp-KY,19,7,12,群益金鼎-東大,2023-06-19,9135
3693,營邦,30,19,11,群益金鼎-東大,2023-06-19,9135
4106,雃博,11,0,11,群益金鼎-東大,2023-06-19,9135
2356,英業達,23,12,11,群益金鼎-東大,2023-06-19,9135
2504,國產,10,0,10,群益金鼎-東大,2023-06-19,9135
2888,新光金,180,0,180,群益金鼎-東大,2023-06-20,9135
5876,上海商銀,117,0,117,群益金鼎-東大,2023-06-20,9135
00751B,元大AAA至A公司債,50,0,50,群益金鼎-東大,2023-06-20,9135
00712,復華富時不動產,50,0,50,群益金鼎-東大,2023-06-20,9135
2610,華航,97,51,46,群益金鼎-東大,2023-06-20,9135
00687B,國泰20年美債,30,0,30,群益金鼎-東大,2023-06-20,9135
2705,六福,82,52,30,群益金鼎-東大,2023-06-20,9135
4934,太極,28,0,28,群益金鼎-東大,2023-06-20,9135
00929,復華台灣科技優息,23,0,23,群益金鼎-東大,2023-06-20,9135
5213,亞昕,22,0,22,群益金鼎-東大,2023-06-20,9135
3264,欣銓,22,1,21,群益金鼎-東大,2023-06-20,9135
2419,仲琦,20,0,20,群益金鼎-東大,2023-06-20,9135
1784,訊聯,20,0,20,群益金鼎-東大,2023-06-20,9135
00902,中信電池及儲能,20,0,20,群益金鼎-東大,2023-06-20,9135
00764B,群益25年美債,20,0,20,群益金鼎-東大,2023-06-20,9135
00641R,富邦日本反1,20,0,20,群益金鼎-東大,2023-06-20,9135
3715,定穎投控,21,2,19,群益金鼎-東大,2023-06-20,9135
1337,再生-KY,23,5,18,群益金鼎-東大,2023-06-20,9135
2337,旺宏,18,1,17,群益金鼎-東大,2023-06-20,9135
2454,聯發科,21,5,16,群益金鼎-東大,2023-06-20,9135
5465,富驊,19,5,14,群益金鼎-東大,2023-06-20,9135
6016,康和證,13,0,13,群益金鼎-東大,2023-06-20,9135
5381,合正,13,0,13,群益金鼎-東大,2023-06-20,9135
5347,世界,13,0,13,群益金鼎-東大,2023-06-20,9135
6129,普誠,12,0,12,群益金鼎-東大,2023-06-20,9135
2739,寒舍,12,1,11,群益金鼎-東大,2023-06-20,9135
8201,無敵,11,0,11,群益金鼎-東大,2023-06-20,9135
3545,敦泰,11,0,11,群益金鼎-東大,2023-06-20,9135
1312,國喬,10,0,10,群益金鼎-東大,2023-06-20,9135
1533,車王電,10,0,10,群益金鼎-東大,2023-06-20,9135
2471,資通,10,0,10,群益金鼎-東大,2023-06-20,9135
4726,永昕,10,0,10,群益金鼎-東大,2023-06-20,9135
6148,驊宏資,12,2,10,群益金鼎-東大,2023-06-20,9135
2301,光寶科,15,5,10,群益金鼎-東大,2023-06-20,9135
2104,國際中橡,9,0,9,群益金鼎-東大,2023-06-20,9135
2356,英業達,17,8,9,群益金鼎-東大,2023-06-20,9135
1309,台達化,9,0,9,群益金鼎-東大,2023-06-20,9135
1802,台玻,11,2,9,群益金鼎-東大,2023-06-20,9135
8403,盛弘,13,4,9,群益金鼎-東大,2023-06-20,9135
6147,頎邦,10,1,9,群益金鼎-東大,2023-06-20,9135
5603,陸海,9,0,9,群益金鼎-東大,2023-06-20,9135
6215,和椿,8,0,8,群益金鼎-東大,2023-06-20,9135
00915,凱基優選高股息30,8,0,8,群益金鼎-東大,2023-06-20,9135
3003,健和興,8,0,8,群益金鼎-東大,2023-06-20,9135
2482,連宇,59,51,8,群益金鼎-東大,2023-06-20,9135
1304,台聚,8,0,8,群益金鼎-東大,2023-06-20,9135
00673R,期元大S＆P原油反1,8,0,8,群益金鼎-東大,2023-06-20,9135
1218,泰山,8,1,7,群益金鼎-東大,2023-06-20,9135
4306,炎洲,7,0,7,群益金鼎-東大,2023-06-20,9135
3004,豐達科,7,0,7,群益金鼎-東大,2023-06-20,9135
1514,亞力,66,3,63,群益金鼎-東大,2023-06-21,9135
3675,德微,58,0,58,群益金鼎-東大,2023-06-21,9135
3481,群創,183,134,49,群益金鼎-東大,2023-06-21,9135
1714,和桐,50,1,49,群益金鼎-東大,2023-06-21,9135
3231,緯創,156,110,46,群益金鼎-東大,2023-06-21,9135
6016,康和證,41,0,41,群益金鼎-東大,2023-06-21,9135
3380,明泰,37,0,37,群益金鼎-東大,2023-06-21,9135
00919,群益台灣精選高息,34,2,32,群益金鼎-東大,2023-06-21,9135
5213,亞昕,28,0,28,群益金鼎-東大,2023-06-21,9135
2618,長榮航,61,35,26,群益金鼎-東大,2023-06-21,9135
4979,華星光,101,75,26,群益金鼎-東大,2023-06-21,9135
6116,彩晶,25,1,24,群益金鼎-東大,2023-06-21,9135
3027,盛達,29,5,24,群益金鼎-東大,2023-06-21,9135
2356,英業達,110,91,19,群益金鼎-東大,2023-06-21,9135
2409,友達,27,8,19,群益金鼎-東大,2023-06-21,9135
2382,廣達,67,49,18,群益金鼎-東大,2023-06-21,9135
2427,三商電,25,8,17,群益金鼎-東大,2023-06-21,9135
1609,大亞,23,6,17,群益金鼎-東大,2023-06-21,9135
2609,陽明,22,6,16,群益金鼎-東大,2023-06-21,9135
8105,凌巨,16,0,16,群益金鼎-東大,2023-06-21,9135
00673R,期元大S＆P原油反1,17,1,16,群益金鼎-東大,2023-06-21,9135
00927,群益半導體收益,15,0,15,群益金鼎-東大,2023-06-21,9135
8234,新漢,18,3,15,群益金鼎-東大,2023-06-21,9135
1529,樂事綠能,16,1,15,群益金鼎-東大,2023-06-21,9135
3594,磐儀,21,7,14,群益金鼎-東大,2023-06-21,9135
2359,所羅門,20,6,14,群益金鼎-東大,2023-06-21,9135
00712,復華富時不動產,24,10,14,群益金鼎-東大,2023-06-21,9135
1727,中華化,20,7,13,群益金鼎-東大,2023-06-21,9135
3055,蔚華科,14,1,13,群益金鼎-東大,2023-06-21,9135
3706,神達,19,7,12,群益金鼎-東大,2023-06-21,9135
2634,漢翔,250,238,12,群益金鼎-東大,2023-06-21,9135
2206,三陽工業,13,1,12,群益金鼎-東大,2023-06-21,9135
2371,大同,33,21,12,群益金鼎-東大,2023-06-21,9135
3264,欣銓,17,5,12,群益金鼎-東大,2023-06-21,9135
2324,仁寶,13,2,11,群益金鼎-東大,2023-06-21,9135
3498,陽程,11,0,11,群益金鼎-東大,2023-06-21,9135
3162,精確,15,4,11,群益金鼎-東大,2023-06-21,9135
2412,中華電,11,0,11,群益金鼎-東大,2023-06-21,9135
2032,新鋼,11,0,11,群益金鼎-東大,2023-06-21,9135
8215,明基材,11,0,11,群益金鼎-東大,2023-06-21,9135
5347,世界,11,1,10,群益金鼎-東大,2023-06-21,9135
1210,大成,10,0,10,群益金鼎-東大,2023-06-21,9135
1301,台塑,10,0,10,群益金鼎-東大,2023-06-21,9135
00722B,群益投資級電信債,10,0,10,群益金鼎-東大,2023-06-21,9135
00877,復華中國5G,10,0,10,群益金鼎-東大,2023-06-21,9135
4960,誠美材,10,0,10,群益金鼎-東大,2023-06-21,9135
2883,凱基金,10,0,10,群益金鼎-東大,2023-06-21,9135
1802,台玻,9,0,9,群益金鼎-東大,2023-06-21,9135
5608,四維航,9,0,9,群益金鼎-東大,2023-06-21,9135
3630,新鉅科,9,0,9,群益金鼎-東大,2023-06-21,9135
00712,復華富時不動產,87,3,84,群益金鼎-東大,2023-06-26,9135
2618,長榮航,110,43,67,群益金鼎-東大,2023-06-26,9135
00637L,元大滬深300正2,45,0,45,群益金鼎-東大,2023-06-26,9135
3685,元創精密,36,0,36,群益金鼎-東大,2023-06-26,9135
1591,駿吉-KY,34,0,34,群益金鼎-東大,2023-06-26,9135
3032,偉訓,36,6,30,群益金鼎-東大,2023-06-26,9135
4510,高鋒,49,20,29,群益金鼎-東大,2023-06-26,9135
00680L,元大美債20正2,28,0,28,群益金鼎-東大,2023-06-26,9135
3356,奇偶,32,5,27,群益金鼎-東大,2023-06-26,9135
6188,廣明,48,23,25,群益金鼎-東大,2023-06-26,9135
5213,亞昕,21,0,21,群益金鼎-東大,2023-06-26,9135
00715L,期街口布蘭特正2,22,1,21,群益金鼎-東大,2023-06-26,9135
00706L,期元大S＆P日圓正2,21,0,21,群益金鼎-東大,2023-06-26,9135
00878,國泰永續高股息,21,0,21,群益金鼎-東大,2023-06-26,9135
9934,成霖,20,0,20,群益金鼎-東大,2023-06-26,9135
2614,東森,20,0,20,群益金鼎-東大,2023-06-26,9135
1603,華電,18,0,18,群益金鼎-東大,2023-06-26,9135
3594,磐儀,18,0,18,群益金鼎-東大,2023-06-26,9135
2610,華航,50,33,17,群益金鼎-東大,2023-06-26,9135
1514,亞力,19,2,17,群益金鼎-東大,2023-06-26,9135
3434,哲固,16,0,16,群益金鼎-東大,2023-06-26,9135
2845,遠東銀,16,0,16,群益金鼎-東大,2023-06-26,9135
5347,世界,15,0,15,群益金鼎-東大,2023-06-26,9135
2412,中華電,13,0,13,群益金鼎-東大,2023-06-26,9135
2323,中環,27,14,13,群益金鼎-東大,2023-06-26,9135
8048,德勝,14,1,13,群益金鼎-東大,2023-06-26,9135
2371,大同,48,36,12,群益金鼎-東大,2023-06-26,9135
2702,華園,27,15,12,群益金鼎-東大,2023-06-26,9135
3014,聯陽,12,0,12,群益金鼎-東大,2023-06-26,9135
2812,台中銀,11,0,11,群益金鼎-東大,2023-06-26,9135
00631L,元大台灣50正2,11,0,11,群益金鼎-東大,2023-06-26,9135
3206,志豐,10,0,10,群益金鼎-東大,2023-06-26,9135
8072,陞泰,11,1,10,群益金鼎-東大,2023-06-26,9135
2491,吉祥全,10,0,10,群益金鼎-東大,2023-06-26,9135
00877,復華中國5G,10,0,10,群益金鼎-東大,2023-06-26,9135
6120,達運,11,1,10,群益金鼎-東大,2023-06-26,9135
5236,凌陽創新,9,0,9,群益金鼎-東大,2023-06-26,9135
1219,福壽,9,0,9,群益金鼎-東大,2023-06-26,9135
3617,碩天,12,3,9,群益金鼎-東大,2023-06-26,9135
2881,富邦金,9,0,9,群益金鼎-東大,2023-06-26,9135
3363,上詮,11,2,9,群益金鼎-東大,2023-06-26,9135
2423,固緯,8,0,8,群益金鼎-東大,2023-06-26,9135
00669R,國泰美國道瓊反1,8,0,8,群益金鼎-東大,2023-06-26,9135
1218,泰山,9,1,8,群益金鼎-東大,2023-06-26,9135
2108,南帝,8,0,8,群益金鼎-東大,2023-06-26,9135
4543,萬在,20,12,8,群益金鼎-東大,2023-06-26,9135
2362,藍天,10,3,7,群益金鼎-東大,2023-06-26,9135
2067,嘉鋼,8,1,7,群益金鼎-東大,2023-06-26,9135
3588,通嘉,7,0,7,群益金鼎-東大,2023-06-26,9135
5871,中租-KY,7,0,7,群益金鼎-東大,2023-06-26,9135
6531,愛普*,102,0,102,群益金鼎-東大,2023-06-27,9135
2618,長榮航,80,19,61,群益金鼎-東大,2023-06-27,9135
3481,群創,75,15,60,群益金鼎-東大,2023-06-27,9135
3058,立德,55,3,52,群益金鼎-東大,2023-06-27,9135
2883,凱基金,41,0,41,群益金鼎-東大,2023-06-27,9135
2834,臺企銀,37,0,37,群益金鼎-東大,2023-06-27,9135
00715L,期街口布蘭特正2,36,4,32,群益金鼎-東大,2023-06-27,9135
2882,國泰金,32,4,28,群益金鼎-東大,2023-06-27,9135
00929,復華台灣科技優息,25,0,25,群益金鼎-東大,2023-06-27,9135
1471,首利,30,6,24,群益金鼎-東大,2023-06-27,9135
2888,新光金,22,0,22,群益金鼎-東大,2023-06-27,9135
2303,聯電,23,1,22,群益金鼎-東大,2023-06-27,9135
00751B,元大AAA至A公司債,21,0,21,群益金鼎-東大,2023-06-27,9135
2412,中華電,20,0,20,群益金鼎-東大,2023-06-27,9135
3363,上詮,18,1,17,群益金鼎-東大,2023-06-27,9135
2427,三商電,42,27,15,群益金鼎-東大,2023-06-27,9135
3006,晶豪科,15,0,15,群益金鼎-東大,2023-06-27,9135
5243,乙盛-KY,15,0,15,群益金鼎-東大,2023-06-27,9135
8034,榮群,15,1,14,群益金鼎-東大,2023-06-27,9135
2014,中鴻,14,0,14,群益金鼎-東大,2023-06-27,9135
5347,世界,13,0,13,群益金鼎-東大,2023-06-27,9135
2702,華園,18,5,13,群益金鼎-東大,2023-06-27,9135
2352,佳世達,14,1,13,群益金鼎-東大,2023-06-27,9135
3051,力特,19,7,12,群益金鼎-東大,2023-06-27,9135
4927,泰鼎-KY,17,5,12,群益金鼎-東大,2023-06-27,9135
5512,力麒,12,0,12,群益金鼎-東大,2023-06-27,9135
4106,雃博,13,1,12,群益金鼎-東大,2023-06-27,9135
3707,漢磊,11,0,11,群益金鼎-東大,2023-06-27,9135
1776,展宇,11,0,11,群益金鼎-東大,2023-06-27,9135
00885,富邦越南,15,4,11,群益金鼎-東大,2023-06-27,9135
3706,神達,12,1,11,群益金鼎-東大,2023-06-27,9135
00692,富邦公司治理,10,0,10,群益金鼎-東大,2023-06-27,9135
3287,廣寰科,17,7,10,群益金鼎-東大,2023-06-27,9135
4915,致伸,10,0,10,群益金鼎-東大,2023-06-27,9135
1609,大亞,18,8,10,群益金鼎-東大,2023-06-27,9135
2365,昆盈,10,0,10,群益金鼎-東大,2023-06-27,9135
00722B,群益投資級電信債,10,0,10,群益金鼎-東大,2023-06-27,9135
4162,智擎,11,1,10,群益金鼎-東大,2023-06-27,9135
9938,百和,10,0,10,群益金鼎-東大,2023-06-27,9135
2344,華邦電,10,0,10,群益金鼎-東大,2023-06-27,9135
3032,偉訓,22,13,9,群益金鼎-東大,2023-06-27,9135
1301,台塑,9,0,9,群益金鼎-東大,2023-06-27,9135
2312,金寶,16,7,9,群益金鼎-東大,2023-06-27,9135
4564,元翎,10,1,9,群益金鼎-東大,2023-06-27,9135
1451,年興,9,0,9,群益金鼎-東大,2023-06-27,9135
6222,上揚,9,1,8,群益金鼎-東大,2023-06-27,9135
1802,台玻,8,0,8,群益金鼎-東大,2023-06-27,9135
00720B,元大投資級公司債,13,5,8,群益金鼎-東大,2023-06-27,9135
2409,友達,15,7,8,群益金鼎-東大,2023-06-27,9135
6015,宏遠證,8,0,8,群益金鼎-東大,2023-06-27,9135
00715L,期街口布蘭特正2,258,0,258,群益金鼎-東大,2023-06-28,9135
00688L,國泰20年美債正2,200,0,200,群益金鼎-東大,2023-06-28,9135
00687B,國泰20年美債,124,0,124,群益金鼎-東大,2023-06-28,9135
2618,長榮航,89,24,65,群益金鼎-東大,2023-06-28,9135
2329,華泰,60,0,60,群益金鼎-東大,2023-06-28,9135
1605,華新,71,13,58,群益金鼎-東大,2023-06-28,9135
3481,群創,52,4,48,群益金鼎-東大,2023-06-28,9135
2362,藍天,48,0,48,群益金鼎-東大,2023-06-28,9135
2317,鴻海,49,6,43,群益金鼎-東大,2023-06-28,9135
1309,台達化,39,0,39,群益金鼎-東大,2023-06-28,9135
1522,堤維西,31,1,30,群益金鼎-東大,2023-06-28,9135
00764B,群益25年美債,30,0,30,群益金鼎-東大,2023-06-28,9135
2368,金像電,58,28,30,群益金鼎-東大,2023-06-28,9135
2353,宏��,22,1,21,群益金鼎-東大,2023-06-28,9135
3380,明泰,32,11,21,群益金鼎-東大,2023-06-28,9135
3356,奇偶,21,1,20,群益金鼎-東大,2023-06-28,9135
00877,復華中國5G,20,0,20,群益金鼎-東大,2023-06-28,9135
9105,泰金寶-DR,20,0,20,群益金鼎-東大,2023-06-28,9135
00720B,元大投資級公司債,20,0,20,群益金鼎-東大,2023-06-28,9135
0056,元大高股息,30,11,19,群益金鼎-東大,2023-06-28,9135
2382,廣達,22,3,19,群益金鼎-東大,2023-06-28,9135
4967,十銓,60,41,19,群益金鼎-東大,2023-06-28,9135
6770,力積電,18,0,18,群益金鼎-東大,2023-06-28,9135
6285,啟��,28,11,17,群益金鼎-東大,2023-06-28,9135
4207,環泰,16,0,16,群益金鼎-東大,2023-06-28,9135
2010,春源,16,0,16,群益金鼎-東大,2023-06-28,9135
3011,今皓,17,2,15,群益金鼎-東大,2023-06-28,9135
2356,英業達,205,191,14,群益金鼎-東大,2023-06-28,9135
2498,宏達電,14,0,14,群益金鼎-東大,2023-06-28,9135
2211,長榮鋼,14,0,14,群益金鼎-東大,2023-06-28,9135
2887,台新金,14,0,14,群益金鼎-東大,2023-06-28,9135
5469,瀚宇博,18,4,14,群益金鼎-東大,2023-06-28,9135
1504,東元,17,3,14,群益金鼎-東大,2023-06-28,9135
2482,連宇,23,10,13,群益金鼎-東大,2023-06-28,9135
2609,陽明,13,0,13,群益金鼎-東大,2023-06-28,9135
6276,安鈦克,46,34,12,群益金鼎-東大,2023-06-28,9135
1440,南紡,12,0,12,群益金鼎-東大,2023-06-28,9135
8234,新漢,12,0,12,群益金鼎-東大,2023-06-28,9135
3707,漢磊,11,0,11,群益金鼎-東大,2023-06-28,9135
1471,首利,14,3,11,群益金鼎-東大,2023-06-28,9135
4123,晟德,13,2,11,群益金鼎-東大,2023-06-28,9135
3037,欣興,14,4,10,群益金鼎-東大,2023-06-28,9135
8046,南電,10,0,10,群益金鼎-東大,2023-06-28,9135
1301,台塑,10,0,10,群益金鼎-東大,2023-06-28,9135
00928,中信上櫃ESG30,10,0,10,群益金鼎-東大,2023-06-28,9135
00929,復華台灣科技優息,10,0,10,群益金鼎-東大,2023-06-28,9135
1108,幸福,10,0,10,群益金鼎-東大,2023-06-28,9135
2206,三陽工業,13,3,10,群益金鼎-東大,2023-06-28,9135
2734,易飛網,9,0,9,群益金鼎-東大,2023-06-28,9135
3051,力特,10,1,9,群益金鼎-東大,2023-06-28,9135
2462,良得電,103,8,95,群益金鼎-東大,2023-06-29,9135
2317,鴻海,83,2,81,群益金鼎-東大,2023-06-29,9135
2419,仲琦,87,38,49,群益金鼎-東大,2023-06-29,9135
2498,宏達電,60,16,44,群益金鼎-東大,2023-06-29,9135
2323,中環,117,77,40,群益金鼎-東大,2023-06-29,9135
3481,群創,51,13,38,群益金鼎-東大,2023-06-29,9135
5269,祥碩,30,0,30,群益金鼎-東大,2023-06-29,9135
00706L,期元大S＆P日圓正2,29,0,29,群益金鼎-東大,2023-06-29,9135
3043,科風,24,0,24,群益金鼎-東大,2023-06-29,9135
1605,華新,25,1,24,群益金鼎-東大,2023-06-29,9135
6285,啟��,32,9,23,群益金鼎-東大,2023-06-29,9135
00878,國泰永續高股息,41,19,22,群益金鼎-東大,2023-06-29,9135
00632R,元大台灣50反1,20,0,20,群益金鼎-東大,2023-06-29,9135
4564,元翎,20,0,20,群益金鼎-東大,2023-06-29,9135
00720B,元大投資級公司債,19,0,19,群益金鼎-東大,2023-06-29,9135
00715L,期街口布蘭特正2,49,30,19,群益金鼎-東大,2023-06-29,9135
2610,華航,46,27,19,群益金鼎-東大,2023-06-29,9135
2618,長榮航,109,91,18,群益金鼎-東大,2023-06-29,9135
1904,正隆,19,1,18,群益金鼎-東大,2023-06-29,9135
2303,聯電,21,6,15,群益金鼎-東大,2023-06-29,9135
00637L,元大滬深300正2,15,0,15,群益金鼎-東大,2023-06-29,9135
2634,漢翔,20,6,14,群益金鼎-東大,2023-06-29,9135
2834,臺企銀,14,0,14,群益金鼎-東大,2023-06-29,9135
1584,精剛,13,0,13,群益金鼎-東大,2023-06-29,9135
3005,神基,17,5,12,群益金鼎-東大,2023-06-29,9135
4958,臻鼎-KY,12,0,12,群益金鼎-東大,2023-06-29,9135
3260,威剛,14,3,11,群益金鼎-東大,2023-06-29,9135
3027,盛達,13,2,11,群益金鼎-東大,2023-06-29,9135
3071,協禧,11,0,11,群益金鼎-東大,2023-06-29,9135
5347,世界,11,0,11,群益金鼎-東大,2023-06-29,9135
2887,台新金,11,0,11,群益金鼎-東大,2023-06-29,9135
5426,振發,10,0,10,群益金鼎-東大,2023-06-29,9135
4417,金洲,10,0,10,群益金鼎-東大,2023-06-29,9135
6276,安鈦克,31,21,10,群益金鼎-東大,2023-06-29,9135
4167,松瑞藥,10,0,10,群益金鼎-東大,2023-06-29,9135
6188,廣明,11,1,10,群益金鼎-東大,2023-06-29,9135
6451,訊芯-KY,10,0,10,群益金鼎-東大,2023-06-29,9135
2609,陽明,12,3,9,群益金鼎-東大,2023-06-29,9135
5452,佶優,9,0,9,群益金鼎-東大,2023-06-29,9135
3205,佰研,9,0,9,群益金鼎-東大,2023-06-29,9135
2340,台亞,13,4,9,群益金鼎-東大,2023-06-29,9135
8034,榮群,10,1,9,群益金鼎-東大,2023-06-29,9135
8112,至上,8,0,8,群益金鼎-東大,2023-06-29,9135
2702,華園,13,5,8,群益金鼎-東大,2023-06-29,9135
4746,台耀,13,5,8,群益金鼎-東大,2023-06-29,9135
4207,環泰,8,0,8,群益金鼎-東大,2023-06-29,9135
5876,上海商銀,8,0,8,群益金鼎-東大,2023-06-29,9135
2313,華通,8,0,8,群益金鼎-東大,2023-06-29,9135
9904,寶成,8,0,8,群益金鼎-東大,2023-06-29,9135
1108,幸福,8,0,8,群益金鼎-東大,2023-06-29,9135
2462,良得電,320,0,320,群益金鼎-東大,2023-06-30,9135
3034,聯詠,110,1,109,群益金鼎-東大,2023-06-30,9135
3481,群創,94,6,88,群益金鼎-東大,2023-06-30,9135
6016,康和證,71,0,71,群益金鼎-東大,2023-06-30,9135
2603,長榮,74,17,57,群益金鼎-東大,2023-06-30,9135
00687B,國泰20年美債,54,0,54,群益金鼎-東大,2023-06-30,9135
2359,所羅門,54,0,54,群益金鼎-東大,2023-06-30,9135
2382,廣達,101,54,47,群益金鼎-東大,2023-06-30,9135
2317,鴻海,47,4,43,群益金鼎-東大,2023-06-30,9135
00885,富邦越南,42,0,42,群益金鼎-東大,2023-06-30,9135
4543,萬在,45,4,41,群益金鼎-東大,2023-06-30,9135
2881,富邦金,40,0,40,群益金鼎-東大,2023-06-30,9135
3207,耀勝,116,77,39,群益金鼎-東大,2023-06-30,9135
6531,愛普*,38,0,38,群益金鼎-東大,2023-06-30,9135
1301,台塑,37,0,37,群益金鼎-東大,2023-06-30,9135
00680L,元大美債20正2,34,0,34,群益金鼎-東大,2023-06-30,9135
3051,力特,34,2,32,群益金鼎-東大,2023-06-30,9135
00764B,群益25年美債,30,0,30,群益金鼎-東大,2023-06-30,9135
00753L,中信中國50正2,28,0,28,群益金鼎-東大,2023-06-30,9135
3202,樺晟,26,0,26,群益金鼎-東大,2023-06-30,9135
1609,大亞,34,9,25,群益金鼎-東大,2023-06-30,9135
8403,盛弘,22,0,22,群益金鼎-東大,2023-06-30,9135
3704,合勤控,30,8,22,群益金鼎-東大,2023-06-30,9135
1605,華新,72,52,20,群益金鼎-東大,2023-06-30,9135
2206,三陽工業,23,4,19,群益金鼎-東大,2023-06-30,9135
8933,愛地雅,20,1,19,群益金鼎-東大,2023-06-30,9135
00720B,元大投資級公司債,18,0,18,群益金鼎-東大,2023-06-30,9135
1451,年興,17,0,17,群益金鼎-東大,2023-06-30,9135
2634,漢翔,27,10,17,群益金鼎-東大,2023-06-30,9135
3583,辛耘,16,0,16,群益金鼎-東大,2023-06-30,9135
2426,鼎元,16,0,16,群益金鼎-東大,2023-06-30,9135
2889,國票金,16,0,16,群益金鼎-東大,2023-06-30,9135
4934,太極,16,0,16,群益金鼎-東大,2023-06-30,9135
2611,志信,15,0,15,群益金鼎-東大,2023-06-30,9135
5348,正能量智能,14,0,14,群益金鼎-東大,2023-06-30,9135
4155,訊映,17,3,14,群益金鼎-東大,2023-06-30,9135
5465,富驊,16,2,14,群益金鼎-東大,2023-06-30,9135
1471,首利,14,0,14,群益金鼎-東大,2023-06-30,9135
3434,哲固,15,1,14,群益金鼎-東大,2023-06-30,9135
6153,嘉聯益,65,51,14,群益金鼎-東大,2023-06-30,9135
00679B,元大美債20年,14,0,14,群益金鼎-東大,2023-06-30,9135
3217,優群,12,0,12,群益金鼎-東大,2023-06-30,9135
6451,訊芯-KY,16,5,11,群益金鼎-東大,2023-06-30,9135
2312,金寶,10,0,10,群益金鼎-東大,2023-06-30,9135
2408,南亞科,10,0,10,群益金鼎-東大,2023-06-30,9135
00673R,期元大S＆P原油反1,10,0,10,群益金鼎-東大,2023-06-30,9135
6111,大宇資,13,3,10,群益金鼎-東大,2023-06-30,9135
3432,台端,10,0,10,群益金鼎-東大,2023-06-30,9135
3711,日月光投控,13,4,9,群益金鼎-東大,2023-06-30,9135
6126,信音,18,9,9,群益金鼎-東大,2023-06-30,9135
00688L,國泰20年美債正2,100,0,100,群益金鼎-東大,2023-07-03,9135
00706L,期元大S＆P日圓正2,80,0,80,群益金鼎-東大,2023-07-03,9135
6531,愛普*,65,0,65,群益金鼎-東大,2023-07-03,9135
2603,長榮,71,24,47,群益金鼎-東大,2023-07-03,9135
3207,耀勝,52,11,41,群益金鼎-東大,2023-07-03,9135
1905,華紙,45,9,36,群益金鼎-東大,2023-07-03,9135
8926,台汽電,34,0,34,群益金鼎-東大,2023-07-03,9135
3447,展達,36,5,31,群益金鼎-東大,2023-07-03,9135
3128,昇銳,79,48,31,群益金鼎-東大,2023-07-03,9135
2402,毅嘉,39,9,30,群益金鼎-東大,2023-07-03,9135
6215,和椿,30,0,30,群益金鼎-東大,2023-07-03,9135
8011,台通,30,0,30,群益金鼎-東大,2023-07-03,9135
2211,長榮鋼,27,0,27,群益金鼎-東大,2023-07-03,9135
6161,捷波,27,0,27,群益金鼎-東大,2023-07-03,9135
2609,陽明,171,145,26,群益金鼎-東大,2023-07-03,9135
3093,港建*,25,0,25,群益金鼎-東大,2023-07-03,9135
8096,擎亞,23,0,23,群益金鼎-東大,2023-07-03,9135
2303,聯電,24,2,22,群益金鼎-東大,2023-07-03,9135
2301,光寶科,28,6,22,群益金鼎-東大,2023-07-03,9135
6016,康和證,21,0,21,群益金鼎-東大,2023-07-03,9135
6112,邁達特,28,8,20,群益金鼎-東大,2023-07-03,9135
00653L,富邦印度正2,20,0,20,群益金鼎-東大,2023-07-03,9135
2630,亞航,20,0,20,群益金鼎-東大,2023-07-03,9135
6216,居易,20,0,20,群益金鼎-東大,2023-07-03,9135
3596,智易,21,2,19,群益金鼎-東大,2023-07-03,9135
1528,恩德,46,27,19,群益金鼎-東大,2023-07-03,9135
6266,泰詠,22,4,18,群益金鼎-東大,2023-07-03,9135
1532,勤美,17,0,17,群益金鼎-東大,2023-07-03,9135
3685,元創精密,17,0,17,群益金鼎-東大,2023-07-03,9135
00671R,富邦NASDAQ反1,16,0,16,群益金鼎-東大,2023-07-03,9135
5864,致和證,18,2,16,群益金鼎-東大,2023-07-03,9135
2412,中華電,15,0,15,群益金鼎-東大,2023-07-03,9135
6229,研通,15,0,15,群益金鼎-東大,2023-07-03,9135
8234,新漢,15,0,15,群益金鼎-東大,2023-07-03,9135
6640,均華,15,0,15,群益金鼎-東大,2023-07-03,9135
6130,上亞科技,15,0,15,群益金鼎-東大,2023-07-03,9135
00712,復華富時不動產,24,10,14,群益金鼎-東大,2023-07-03,9135
2427,三商電,16,2,14,群益金鼎-東大,2023-07-03,9135
3058,立德,14,0,14,群益金鼎-東大,2023-07-03,9135
2022,聚亨,14,0,14,群益金鼎-東大,2023-07-03,9135
4532,瑞智,21,7,14,群益金鼎-東大,2023-07-03,9135
4906,正文,20,7,13,群益金鼎-東大,2023-07-03,9135
1815,富喬,12,0,12,群益金鼎-東大,2023-07-03,9135
3071,協禧,12,0,12,群益金鼎-東大,2023-07-03,9135
3694,海華,13,1,12,群益金鼎-東大,2023-07-03,9135
1440,南紡,12,0,12,群益金鼎-東大,2023-07-03,9135
8426,紅木-KY,12,0,12,群益金鼎-東大,2023-07-03,9135
2027,大成鋼,12,0,12,群益金鼎-東大,2023-07-03,9135
3006,晶豪科,11,0,11,群益金鼎-東大,2023-07-03,9135
6290,良維,11,0,11,群益金鼎-東大,2023-07-03,9135
2317,鴻海,184,14,170,群益金鼎-東大,2023-07-04,9135
8046,南電,103,0,103,群益金鼎-東大,2023-07-04,9135
6288,聯嘉,53,0,53,群益金鼎-東大,2023-07-04,9135
00632R,元大台灣50反1,106,55,51,群益金鼎-東大,2023-07-04,9135
4979,華星光,97,47,50,群益金鼎-東大,2023-07-04,9135
0056,元大高股息,77,29,48,群益金鼎-東大,2023-07-04,9135
2356,英業達,154,114,40,群益金鼎-東大,2023-07-04,9135
1718,中纖,37,0,37,群益金鼎-東大,2023-07-04,9135
6470,宇智,94,62,32,群益金鼎-東大,2023-07-04,9135
4966,譜瑞-KY,30,0,30,群益金鼎-東大,2023-07-04,9135
8050,廣積,34,7,27,群益金鼎-東大,2023-07-04,9135
2486,一詮,37,10,27,群益金鼎-東大,2023-07-04,9135
2362,藍天,26,0,26,群益金鼎-東大,2023-07-04,9135
1447,力鵬,25,0,25,群益金鼎-東大,2023-07-04,9135
3704,合勤控,38,15,23,群益金鼎-東大,2023-07-04,9135
2382,廣達,177,155,22,群益金鼎-東大,2023-07-04,9135
2399,映泰,28,7,21,群益金鼎-東大,2023-07-04,9135
6185,幃翔,23,4,19,群益金鼎-東大,2023-07-04,9135
3056,富華新,20,2,18,群益金鼎-東大,2023-07-04,9135
2603,長榮,48,31,17,群益金鼎-東大,2023-07-04,9135
00712,復華富時不動產,21,5,16,群益金鼎-東大,2023-07-04,9135
6640,均華,16,0,16,群益金鼎-東大,2023-07-04,9135
2881,富邦金,15,0,15,群益金鼎-東大,2023-07-04,9135
6217,中探針,15,0,15,群益金鼎-東大,2023-07-04,9135
2338,光罩,15,0,15,群益金鼎-東大,2023-07-04,9135
3624,光頡,15,0,15,群益金鼎-東大,2023-07-04,9135
2883,凱基金,15,0,15,群益金鼎-東大,2023-07-04,9135
2442,新美齊,14,0,14,群益金鼎-東大,2023-07-04,9135
6016,康和證,20,6,14,群益金鼎-東大,2023-07-04,9135
8210,勤誠,24,11,13,群益金鼎-東大,2023-07-04,9135
2421,建準,24,12,12,群益金鼎-東大,2023-07-04,9135
1522,堤維西,14,2,12,群益金鼎-東大,2023-07-04,9135
4157,太景*-KY,12,0,12,群益金鼎-東大,2023-07-04,9135
3207,耀勝,14,2,12,群益金鼎-東大,2023-07-04,9135
8222,寶一,19,7,12,群益金鼎-東大,2023-07-04,9135
2892,第一金,11,0,11,群益金鼎-東大,2023-07-04,9135
3685,元創精密,11,0,11,群益金鼎-東大,2023-07-04,9135
8358,金居,14,3,11,群益金鼎-東大,2023-07-04,9135
1108,幸福,11,0,11,群益金鼎-東大,2023-07-04,9135
5465,富驊,17,6,11,群益金鼎-東大,2023-07-04,9135
6147,頎邦,11,0,11,群益金鼎-東大,2023-07-04,9135
4967,十銓,18,8,10,群益金鼎-東大,2023-07-04,9135
3576,聯合再生,20,10,10,群益金鼎-東大,2023-07-04,9135
2601,益航,10,0,10,群益金鼎-東大,2023-07-04,9135
6108,競國,10,0,10,群益金鼎-東大,2023-07-04,9135
6191,精成科,10,0,10,群益金鼎-東大,2023-07-04,9135
4503,金雨,10,0,10,群益金鼎-東大,2023-07-04,9135
2107,厚生,10,0,10,群益金鼎-東大,2023-07-04,9135
2704,國賓,10,0,10,群益金鼎-東大,2023-07-04,9135
4526,東台,17,7,10,群益金鼎-東大,2023-07-04,9135
1515,力山,160,0,160,群益金鼎-東大,2023-07-05,9135
1609,大亞,88,18,70,群益金鼎-東大,2023-07-05,9135
2312,金寶,81,17,64,群益金鼎-東大,2023-07-05,9135
00673R,期元大S＆P原油反1,63,0,63,群益金鼎-東大,2023-07-05,9135
2317,鴻海,59,2,57,群益金鼎-東大,2023-07-05,9135
2618,長榮航,90,35,55,群益金鼎-東大,2023-07-05,9135
2030,彰源,50,0,50,群益金鼎-東大,2023-07-05,9135
6282,康舒,104,58,46,群益金鼎-東大,2023-07-05,9135
3163,波若威,59,17,42,群益金鼎-東大,2023-07-05,9135
00720B,元大投資級公司債,39,0,39,群益金鼎-東大,2023-07-05,9135
8933,愛地雅,37,0,37,群益金鼎-東大,2023-07-05,9135
2344,華邦電,34,0,34,群益金鼎-東大,2023-07-05,9135
4906,正文,38,5,33,群益金鼎-東大,2023-07-05,9135
9904,寶成,30,0,30,群益金鼎-東大,2023-07-05,9135
2889,國票金,30,0,30,群益金鼎-東大,2023-07-05,9135
2368,金像電,36,7,29,群益金鼎-東大,2023-07-05,9135
5348,正能量智能,25,0,25,群益金鼎-東大,2023-07-05,9135
00888,永豐台灣ESG,25,1,24,群益金鼎-東大,2023-07-05,9135
4915,致伸,23,1,22,群益金鼎-東大,2023-07-05,9135
3147,大綜,21,0,21,群益金鼎-東大,2023-07-05,9135
2409,友達,21,0,21,群益金鼎-東大,2023-07-05,9135
1611,中電,27,6,21,群益金鼎-東大,2023-07-05,9135
2405,輔信,20,0,20,群益金鼎-東大,2023-07-05,9135
3265,台星科,24,4,20,群益金鼎-東大,2023-07-05,9135
00902,中信電池及儲能,20,0,20,群益金鼎-東大,2023-07-05,9135
1584,精剛,23,3,20,群益金鼎-東大,2023-07-05,9135
00882,中信中國高股息,55,36,19,群益金鼎-東大,2023-07-05,9135
8110,華東,20,2,18,群益金鼎-東大,2023-07-05,9135
2356,英業達,70,53,17,群益金鼎-東大,2023-07-05,9135
5347,世界,18,1,17,群益金鼎-東大,2023-07-05,9135
3715,定穎投控,24,7,17,群益金鼎-東大,2023-07-05,9135
4919,新唐,29,12,17,群益金鼎-東大,2023-07-05,9135
3481,群創,19,2,17,群益金鼎-東大,2023-07-05,9135
4563,百德,16,0,16,群益金鼎-東大,2023-07-05,9135
2836,高雄銀,16,0,16,群益金鼎-東大,2023-07-05,9135
8916A,光隆甲特,15,0,15,群益金鼎-東大,2023-07-05,9135
8086,宏捷科,22,7,15,群益金鼎-東大,2023-07-05,9135
2303,聯電,15,0,15,群益金鼎-東大,2023-07-05,9135
4207,環泰,13,0,13,群益金鼎-東大,2023-07-05,9135
2371,大同,19,6,13,群益金鼎-東大,2023-07-05,9135
3011,今皓,13,0,13,群益金鼎-東大,2023-07-05,9135
1301,台塑,13,0,13,群益金鼎-東大,2023-07-05,9135
3006,晶豪科,13,0,13,群益金鼎-東大,2023-07-05,9135
4967,十銓,21,8,13,群益金鼎-東大,2023-07-05,9135
6290,良維,12,0,12,群益金鼎-東大,2023-07-05,9135
4532,瑞智,15,3,12,群益金鼎-東大,2023-07-05,9135
3037,欣興,13,1,12,群益金鼎-東大,2023-07-05,9135
8059,凱碩,12,0,12,群益金鼎-東大,2023-07-05,9135
5285,界霖,12,0,12,群益金鼎-東大,2023-07-05,9135
2610,華航,35,23,12,群益金鼎-東大,2023-07-05,9135
00673R,期元大S＆P原油反1,255,0,255,群益金鼎-東大,2023-07-06,9135
00688L,國泰20年美債正2,200,0,200,群益金鼎-東大,2023-07-06,9135
6531,愛普*,112,1,111,群益金鼎-東大,2023-07-06,9135
00878,國泰永續高股息,72,7,65,群益金鼎-東大,2023-07-06,9135
2891,中信金,63,3,60,群益金鼎-東大,2023-07-06,9135
0056,元大高股息,69,10,59,群益金鼎-東大,2023-07-06,9135
6533,晶心科,60,2,58,群益金鼎-東大,2023-07-06,9135
3034,聯詠,50,0,50,群益金鼎-東大,2023-07-06,9135
2317,鴻海,72,25,47,群益金鼎-東大,2023-07-06,9135
2344,華邦電,53,7,46,群益金鼎-東大,2023-07-06,9135
00687B,國泰20年美債,43,0,43,群益金鼎-東大,2023-07-06,9135
00882,中信中國高股息,40,0,40,群益金鼎-東大,2023-07-06,9135
8046,南電,40,3,37,群益金鼎-東大,2023-07-06,9135
1515,力山,127,92,35,群益金鼎-東大,2023-07-06,9135
00720B,元大投資級公司債,35,1,34,群益金鼎-東大,2023-07-06,9135
1471,首利,38,5,33,群益金鼎-東大,2023-07-06,9135
3037,欣興,37,4,33,群益金鼎-東大,2023-07-06,9135
8215,明基材,57,28,29,群益金鼎-東大,2023-07-06,9135
3372,典範,27,0,27,群益金鼎-東大,2023-07-06,9135
6168,宏齊,27,0,27,群益金鼎-東大,2023-07-06,9135
00751B,元大AAA至A公司債,27,0,27,群益金鼎-東大,2023-07-06,9135
2887,台新金,30,5,25,群益金鼎-東大,2023-07-06,9135
8403,盛弘,25,0,25,群益金鼎-東大,2023-07-06,9135
6290,良維,42,21,21,群益金鼎-東大,2023-07-06,9135
00764B,群益25年美債,21,1,20,群益金鼎-東大,2023-07-06,9135
2601,益航,23,4,19,群益金鼎-東大,2023-07-06,9135
00679B,元大美債20年,19,1,18,群益金鼎-東大,2023-07-06,9135
2801,彰銀,18,0,18,群益金鼎-東大,2023-07-06,9135
5426,振發,17,0,17,群益金鼎-東大,2023-07-06,9135
4958,臻鼎-KY,18,1,17,群益金鼎-東大,2023-07-06,9135
3483,力致,24,8,16,群益金鼎-東大,2023-07-06,9135
1618,合機,15,0,15,群益金鼎-東大,2023-07-06,9135
00722B,群益投資級電信債,15,0,15,群益金鼎-東大,2023-07-06,9135
1609,大亞,16,1,15,群益金鼎-東大,2023-07-06,9135
5347,世界,16,1,15,群益金鼎-東大,2023-07-06,9135
2609,陽明,46,31,15,群益金鼎-東大,2023-07-06,9135
2382,廣達,19,5,14,群益金鼎-東大,2023-07-06,9135
0050,元大台灣50,14,0,14,群益金鼎-東大,2023-07-06,9135
2812,台中銀,13,0,13,群益金鼎-東大,2023-07-06,9135
2881,富邦金,13,0,13,群益金鼎-東大,2023-07-06,9135
2633,台灣高鐵,12,0,12,群益金鼎-東大,2023-07-06,9135
2402,毅嘉,20,8,12,群益金鼎-東大,2023-07-06,9135
00772B,中信高評級公司債,11,0,11,群益金鼎-東大,2023-07-06,9135
2883,凱基金,14,3,11,群益金鼎-東大,2023-07-06,9135
00650L,復華香港正2,11,0,11,群益金鼎-東大,2023-07-06,9135
6274,台燿,12,1,11,群益金鼎-東大,2023-07-06,9135
6116,彩晶,13,2,11,群益金鼎-東大,2023-07-06,9135
6532,瑞耘,11,0,11,群益金鼎-東大,2023-07-06,9135
6741,91APP*-KY,11,0,11,群益金鼎-東大,2023-07-06,9135
2838A,聯邦銀甲特,10,0,10,群益金鼎-東大,2023-07-06,9135
00632R,元大台灣50反1,342,49,293,群益金鼎-東大,2023-07-07,9135
00673R,期元大S＆P原油反1,176,0,176,群益金鼎-東大,2023-07-07,9135
00720B,元大投資級公司債,85,0,85,群益金鼎-東大,2023-07-07,9135
00687B,國泰20年美債,72,0,72,群益金鼎-東大,2023-07-07,9135
00751B,元大AAA至A公司債,71,0,71,群益金鼎-東大,2023-07-07,9135
4916,事欣科,70,0,70,群益金鼎-東大,2023-07-07,9135
6016,康和證,68,4,64,群益金鼎-東大,2023-07-07,9135
00680L,元大美債20正2,57,0,57,群益金鼎-東大,2023-07-07,9135
3163,波若威,53,8,45,群益金鼎-東大,2023-07-07,9135
00929,復華台灣科技優息,43,1,42,群益金鼎-東大,2023-07-07,9135
2317,鴻海,45,4,41,群益金鼎-東大,2023-07-07,9135
4414,如興,40,0,40,群益金鼎-東大,2023-07-07,9135
6168,宏齊,38,0,38,群益金鼎-東大,2023-07-07,9135
00679B,元大美債20年,32,0,32,群益金鼎-東大,2023-07-07,9135
2886,兆豐金,31,0,31,群益金鼎-東大,2023-07-07,9135
5871,中租-KY,30,0,30,群益金鼎-東大,2023-07-07,9135
1806,冠軍,30,0,30,群益金鼎-東大,2023-07-07,9135
00665L,富邦�琤肭磪囓�2,46,16,30,群益金鼎-東大,2023-07-07,9135
2382,廣達,98,70,28,群益金鼎-東大,2023-07-07,9135
2340,台亞,60,33,27,群益金鼎-東大,2023-07-07,9135
3715,定穎投控,32,5,27,群益金鼎-東大,2023-07-07,9135
2312,金寶,45,18,27,群益金鼎-東大,2023-07-07,9135
2834,臺企銀,25,0,25,群益金鼎-東大,2023-07-07,9135
3041,揚智,24,0,24,群益金鼎-東大,2023-07-07,9135
00878,國泰永續高股息,33,10,23,群益金鼎-東大,2023-07-07,9135
5347,世界,24,2,22,群益金鼎-東大,2023-07-07,9135
1734,杏輝,22,0,22,群益金鼎-東大,2023-07-07,9135
6282,康舒,97,76,21,群益金鼎-東大,2023-07-07,9135
4958,臻鼎-KY,24,3,21,群益金鼎-東大,2023-07-07,9135
2618,長榮航,22,1,21,群益金鼎-東大,2023-07-07,9135
2301,光寶科,94,74,20,群益金鼎-東大,2023-07-07,9135
3037,欣興,21,2,19,群益金鼎-東大,2023-07-07,9135
00712,復華富時不動產,19,0,19,群益金鼎-東大,2023-07-07,9135
3454,晶睿,18,0,18,群益金鼎-東大,2023-07-07,9135
00927,群益半導體收益,18,0,18,群益金鼎-東大,2023-07-07,9135
4155,訊映,18,1,17,群益金鼎-東大,2023-07-07,9135
4927,泰鼎-KY,16,0,16,群益金鼎-東大,2023-07-07,9135
4532,瑞智,76,60,16,群益金鼎-東大,2023-07-07,9135
2881,富邦金,15,0,15,群益金鼎-東大,2023-07-07,9135
2609,陽明,20,6,14,群益金鼎-東大,2023-07-07,9135
2371,大同,16,2,14,群益金鼎-東大,2023-07-07,9135
2303,聯電,23,10,13,群益金鼎-東大,2023-07-07,9135
1301,台塑,12,0,12,群益金鼎-東大,2023-07-07,9135
00722B,群益投資級電信債,12,0,12,群益金鼎-東大,2023-07-07,9135
2356,英業達,58,46,12,群益金鼎-東大,2023-07-07,9135
00919,群益台灣精選高息,11,0,11,群益金鼎-東大,2023-07-07,9135
2337,旺宏,11,0,11,群益金鼎-東大,2023-07-07,9135
2885,元大金,10,0,10,群益金鼎-東大,2023-07-07,9135
2324,仁寶,11,1,10,群益金鼎-東大,2023-07-07,9135
2374,佳能,10,0,10,群益金鼎-東大,2023-07-07,9135
00688L,國泰20年美債正2,155,0,155,群益金鼎-東大,2023-07-10,9135
00673R,期元大S＆P原油反1,144,0,144,群益金鼎-東大,2023-07-10,9135
2881,富邦金,80,0,80,群益金鼎-東大,2023-07-10,9135
4564,元翎,75,0,75,群益金鼎-東大,2023-07-10,9135
00687B,國泰20年美債,58,0,58,群益金鼎-東大,2023-07-10,9135
00751B,元大AAA至A公司債,56,0,56,群益金鼎-東大,2023-07-10,9135
2436,偉詮電,62,10,52,群益金鼎-東大,2023-07-10,9135
6288,聯嘉,173,126,47,群益金鼎-東大,2023-07-10,9135
3234,光環,45,5,40,群益金鼎-東大,2023-07-10,9135
6282,康舒,53,22,31,群益金鼎-東大,2023-07-10,9135
2382,廣達,55,24,31,群益金鼎-東大,2023-07-10,9135
2337,旺宏,31,0,31,群益金鼎-東大,2023-07-10,9135
00679B,元大美債20年,30,0,30,群益金鼎-東大,2023-07-10,9135
4906,正文,30,1,29,群益金鼎-東大,2023-07-10,9135
3346,麗清,35,7,28,群益金鼎-東大,2023-07-10,9135
4532,瑞智,128,102,26,群益金鼎-東大,2023-07-10,9135
3710,連展投控,25,0,25,群益金鼎-東大,2023-07-10,9135
2610,華航,44,19,25,群益金鼎-東大,2023-07-10,9135
1806,冠軍,25,0,25,群益金鼎-東大,2023-07-10,9135
3707,漢磊,41,19,22,群益金鼎-東大,2023-07-10,9135
2412,中華電,21,0,21,群益金鼎-東大,2023-07-10,9135
1609,大亞,32,11,21,群益金鼎-東大,2023-07-10,9135
00722B,群益投資級電信債,21,0,21,群益金鼎-東大,2023-07-10,9135
2883,凱基金,32,11,21,群益金鼎-東大,2023-07-10,9135
3607,谷崧,20,0,20,群益金鼎-東大,2023-07-10,9135
5347,世界,19,0,19,群益金鼎-東大,2023-07-10,9135
8093,保銳,21,2,19,群益金鼎-東大,2023-07-10,9135
8034,榮群,19,0,19,群益金鼎-東大,2023-07-10,9135
2609,陽明,61,43,18,群益金鼎-東大,2023-07-10,9135
1540,喬福,16,0,16,群益金鼎-東大,2023-07-10,9135
2884,玉山金,16,0,16,群益金鼎-東大,2023-07-10,9135
1101,台泥,17,1,16,群益金鼎-東大,2023-07-10,9135
3028,增你強,24,9,15,群益金鼎-東大,2023-07-10,9135
00888,永豐台灣ESG,15,0,15,群益金鼎-東大,2023-07-10,9135
3652,精聯,15,0,15,群益金鼎-東大,2023-07-10,9135
3715,定穎投控,15,0,15,群益金鼎-東大,2023-07-10,9135
4137,麗豐-KY,14,0,14,群益金鼎-東大,2023-07-10,9135
5213,亞昕,18,4,14,群益金鼎-東大,2023-07-10,9135
5880,合庫金,13,0,13,群益金鼎-東大,2023-07-10,9135
6285,啟��,65,52,13,群益金鼎-東大,2023-07-10,9135
00882,中信中國高股息,13,0,13,群益金鼎-東大,2023-07-10,9135
6235,華孚,14,1,13,群益金鼎-東大,2023-07-10,9135
2468,華經,13,1,12,群益金鼎-東大,2023-07-10,9135
2356,英業達,63,51,12,群益金鼎-東大,2023-07-10,9135
00680L,元大美債20正2,11,0,11,群益金鼎-東大,2023-07-10,9135
00712,復華富時不動產,11,0,11,群益金鼎-東大,2023-07-10,9135
3357,臺慶科,11,0,11,群益金鼎-東大,2023-07-10,9135
5469,瀚宇博,11,0,11,群益金鼎-東大,2023-07-10,9135
4746,台耀,15,4,11,群益金鼎-東大,2023-07-10,9135
2317,鴻海,11,0,11,群益金鼎-東大,2023-07-10,9135
8227,巨有科技,102,0,102,群益金鼎-東大,2023-07-11,9135
1609,大亞,151,86,65,群益金鼎-東大,2023-07-11,9135
2356,英業達,81,31,50,群益金鼎-東大,2023-07-11,9135
00688L,國泰20年美債正2,50,1,49,群益金鼎-東大,2023-07-11,9135
2618,長榮航,90,49,41,群益金鼎-東大,2023-07-11,9135
2892,第一金,36,6,30,群益金鼎-東大,2023-07-11,9135
00753L,中信中國50正2,25,0,25,群益金鼎-東大,2023-07-11,9135
3481,群創,115,91,24,群益金鼎-東大,2023-07-11,9135
2371,大同,28,5,23,群益金鼎-東大,2023-07-11,9135
2301,光寶科,63,40,23,群益金鼎-東大,2023-07-11,9135
00687B,國泰20年美債,20,0,20,群益金鼎-東大,2023-07-11,9135
6640,均華,19,0,19,群益金鼎-東大,2023-07-11,9135
5388,中磊,21,6,15,群益金鼎-東大,2023-07-11,9135
6152,百一,14,0,14,群益金鼎-東大,2023-07-11,9135
00632R,元大台灣50反1,14,0,14,群益金鼎-東大,2023-07-11,9135
3163,波若威,13,0,13,群益金鼎-東大,2023-07-11,9135
1471,首利,13,0,13,群益金鼎-東大,2023-07-11,9135
6285,啟��,81,68,13,群益金鼎-東大,2023-07-11,9135
1101,台泥,12,0,12,群益金鼎-東大,2023-07-11,9135
3374,精材,47,35,12,群益金鼎-東大,2023-07-11,9135
1806,冠軍,12,0,12,群益金鼎-東大,2023-07-11,9135
2883,凱基金,12,0,12,群益金鼎-東大,2023-07-11,9135
00680L,元大美債20正2,11,0,11,群益金鼎-東大,2023-07-11,9135
6470,宇智,11,0,11,群益金鼎-東大,2023-07-11,9135
2882,國泰金,12,1,11,群益金鼎-東大,2023-07-11,9135
2884,玉山金,13,2,11,群益金鼎-東大,2023-07-11,9135
3363,上詮,26,16,10,群益金鼎-東大,2023-07-11,9135
6142,友勁,10,0,10,群益金鼎-東大,2023-07-11,9135
1626,艾美特-KY,10,0,10,群益金鼎-東大,2023-07-11,9135
4952,凌通,10,0,10,群益金鼎-東大,2023-07-11,9135
1316,上曜,10,0,10,群益金鼎-東大,2023-07-11,9135
6218,豪勉,10,0,10,群益金鼎-東大,2023-07-11,9135
00882,中信中國高股息,10,0,10,群益金鼎-東大,2023-07-11,9135
1326,台化,9,0,9,群益金鼎-東大,2023-07-11,9135
3033,威健,10,1,9,群益金鼎-東大,2023-07-11,9135
6275,元山,9,0,9,群益金鼎-東大,2023-07-11,9135
5348,正能量智能,9,0,9,群益金鼎-東大,2023-07-11,9135
4564,元翎,15,6,9,群益金鼎-東大,2023-07-11,9135
5289,宜鼎,13,4,9,群益金鼎-東大,2023-07-11,9135
4510,高鋒,15,7,8,群益金鼎-東大,2023-07-11,9135
6290,良維,8,0,8,群益金鼎-東大,2023-07-11,9135
3362,先進光,29,21,8,群益金鼎-東大,2023-07-11,9135
3707,漢磊,13,5,8,群益金鼎-東大,2023-07-11,9135
8050,廣積,8,0,8,群益金鼎-東大,2023-07-11,9135
3682,亞太電,8,0,8,群益金鼎-東大,2023-07-11,9135
8234,新漢,8,0,8,群益金鼎-東大,2023-07-11,9135
8936,國統,13,5,8,群益金鼎-東大,2023-07-11,9135
8183,精星,8,0,8,群益金鼎-東大,2023-07-11,9135
2891,中信金,10,3,7,群益金鼎-東大,2023-07-11,9135
8046,南電,7,0,7,群益金鼎-東大,2023-07-11,9135
00773B,中信優先金融債,66,0,66,群益金鼎-東大,2023-07-12,9135
00632R,元大台灣50反1,55,0,55,群益金鼎-東大,2023-07-12,9135
3706,神達,82,30,52,群益金鼎-東大,2023-07-12,9135
2426,鼎元,40,0,40,群益金鼎-東大,2023-07-12,9135
2486,一詮,44,8,36,群益金鼎-東大,2023-07-12,9135
1471,首利,38,4,34,群益金鼎-東大,2023-07-12,9135
2883,凱基金,33,0,33,群益金鼎-東大,2023-07-12,9135
3071,協禧,27,0,27,群益金鼎-東大,2023-07-12,9135
2353,宏��,29,2,27,群益金鼎-東大,2023-07-12,9135
00673R,期元大S＆P原油反1,25,0,25,群益金鼎-東大,2023-07-12,9135
2881,富邦金,30,6,24,群益金鼎-東大,2023-07-12,9135
00753L,中信中國50正2,25,1,24,群益金鼎-東大,2023-07-12,9135
00929,復華台灣科技優息,25,2,23,群益金鼎-東大,2023-07-12,9135
6640,均華,21,0,21,群益金鼎-東大,2023-07-12,9135
2460,建通,20,0,20,群益金鼎-東大,2023-07-12,9135
2892,第一金,20,0,20,群益金鼎-東大,2023-07-12,9135
5328,華容,20,0,20,群益金鼎-東大,2023-07-12,9135
2497,怡利電,27,10,17,群益金鼎-東大,2023-07-12,9135
6120,達運,25,8,17,群益金鼎-東大,2023-07-12,9135
2421,建準,18,2,16,群益金鼎-東大,2023-07-12,9135
3380,明泰,16,0,16,群益金鼎-東大,2023-07-12,9135
00888,永豐台灣ESG,16,0,16,群益金鼎-東大,2023-07-12,9135
3051,力特,20,5,15,群益金鼎-東大,2023-07-12,9135
4564,元翎,16,1,15,群益金鼎-東大,2023-07-12,9135
3037,欣興,20,6,14,群益金鼎-東大,2023-07-12,9135
8092,建暐,15,1,14,群益金鼎-東大,2023-07-12,9135
2436,偉詮電,19,5,14,群益金鼎-東大,2023-07-12,9135
3363,上詮,18,5,13,群益金鼎-東大,2023-07-12,9135
2468,華經,13,0,13,群益金鼎-東大,2023-07-12,9135
3287,廣寰科,14,2,12,群益金鼎-東大,2023-07-12,9135
6282,康舒,42,31,11,群益金鼎-東大,2023-07-12,9135
00720B,元大投資級公司債,11,0,11,群益金鼎-東大,2023-07-12,9135
6770,力積電,12,1,11,群益金鼎-東大,2023-07-12,9135
2303,聯電,12,2,10,群益金鼎-東大,2023-07-12,9135
2887,台新金,10,0,10,群益金鼎-東大,2023-07-12,9135
2340,台亞,12,2,10,群益金鼎-東大,2023-07-12,9135
3041,揚智,10,0,10,群益金鼎-東大,2023-07-12,9135
2204,中華,10,0,10,群益金鼎-東大,2023-07-12,9135
2324,仁寶,23,13,10,群益金鼎-東大,2023-07-12,9135
2030,彰源,10,0,10,群益金鼎-東大,2023-07-12,9135
00923,群益台ESG低碳50,10,0,10,群益金鼎-東大,2023-07-12,9135
00857B,永豐20年美公債,10,0,10,群益金鼎-東大,2023-07-12,9135
6168,宏齊,10,0,10,群益金鼎-東大,2023-07-12,9135
2014,中鴻,10,0,10,群益金鼎-東大,2023-07-12,9135
1604,聲寶,11,1,10,群益金鼎-東大,2023-07-12,9135
00679B,元大美債20年,9,0,9,群益金鼎-東大,2023-07-12,9135
3078,僑威,11,2,9,群益金鼎-東大,2023-07-12,9135
5258,虹堡,20,11,9,群益金鼎-東大,2023-07-12,9135
6443,元晶,9,0,9,群益金鼎-東大,2023-07-12,9135
00724B,群益投資級金融債,9,0,9,群益金鼎-東大,2023-07-12,9135
3545,敦泰,128,4,124,群益金鼎-東大,2023-07-13,9135
1609,大亞,155,68,87,群益金鼎-東大,2023-07-13,9135
00673R,期元大S＆P原油反1,81,0,81,群益金鼎-東大,2023-07-13,9135
2317,鴻海,64,4,60,群益金鼎-東大,2023-07-13,9135
00929,復華台灣科技優息,57,1,56,群益金鼎-東大,2023-07-13,9135
2618,長榮航,64,26,38,群益金鼎-東大,2023-07-13,9135
00795B,中信美國公債20年,31,0,31,群益金鼎-東大,2023-07-13,9135
1605,華新,30,0,30,群益金鼎-東大,2023-07-13,9135
020022,元大電動車N,30,0,30,群益金鼎-東大,2023-07-13,9135
2324,仁寶,62,33,29,群益金鼎-東大,2023-07-13,9135
2457,飛宏,40,11,29,群益金鼎-東大,2023-07-13,9135
1532,勤美,28,1,27,群益金鼎-東大,2023-07-13,9135
00930,永豐ESG低碳高息,26,0,26,群益金鼎-東大,2023-07-13,9135
2352,佳世達,45,19,26,群益金鼎-東大,2023-07-13,9135
3038,全台,25,0,25,群益金鼎-東大,2023-07-13,9135
2201,裕隆,39,14,25,群益金鼎-東大,2023-07-13,9135
2498,宏達電,38,14,24,群益金鼎-東大,2023-07-13,9135
2382,廣達,67,44,23,群益金鼎-東大,2023-07-13,9135
00712,復華富時不動產,23,0,23,群益金鼎-東大,2023-07-13,9135
2610,華航,100,77,23,群益金鼎-東大,2023-07-13,9135
1589,永冠-KY,24,3,21,群益金鼎-東大,2023-07-13,9135
3231,緯創,53,33,20,群益金鼎-東大,2023-07-13,9135
8403,盛弘,20,0,20,群益金鼎-東大,2023-07-13,9135
4916,事欣科,20,0,20,群益金鼎-東大,2023-07-13,9135
8093,保銳,20,0,20,群益金鼎-東大,2023-07-13,9135
8070,長華*,30,10,20,群益金鼎-東大,2023-07-13,9135
3058,立德,20,0,20,群益金鼎-東大,2023-07-13,9135
3481,群創,53,34,19,群益金鼎-東大,2023-07-13,9135
00751B,元大AAA至A公司債,18,0,18,群益金鼎-東大,2023-07-13,9135
5348,正能量智能,18,1,17,群益金鼎-東大,2023-07-13,9135
6285,啟��,116,100,16,群益金鼎-東大,2023-07-13,9135
8936,國統,26,10,16,群益金鼎-東大,2023-07-13,9135
00858,永豐美國500大,16,0,16,群益金鼎-東大,2023-07-13,9135
1337,再生-KY,15,0,15,群益金鼎-東大,2023-07-13,9135
00720B,元大投資級公司債,14,0,14,群益金鼎-東大,2023-07-13,9135
2331,精英,14,0,14,群益金鼎-東大,2023-07-13,9135
3704,合勤控,23,9,14,群益金鼎-東大,2023-07-13,9135
1529,樂事綠能,14,1,13,群益金鼎-東大,2023-07-13,9135
2323,中環,38,25,13,群益金鼎-東大,2023-07-13,9135
2359,所羅門,67,54,13,群益金鼎-東大,2023-07-13,9135
3305,昇貿,15,3,12,群益金鼎-東大,2023-07-13,9135
2723,美食-KY,12,0,12,群益金鼎-東大,2023-07-13,9135
6188,廣明,70,58,12,群益金鼎-東大,2023-07-13,9135
3287,廣寰科,15,4,11,群益金鼎-東大,2023-07-13,9135
6111,大宇資,47,36,11,群益金鼎-東大,2023-07-13,9135
5347,世界,13,2,11,群益金鼎-東大,2023-07-13,9135
3234,光環,11,0,11,群益金鼎-東大,2023-07-13,9135
8426,紅木-KY,11,0,11,群益金鼎-東大,2023-07-13,9135
6213,聯茂,12,1,11,群益金鼎-東大,2023-07-13,9135
2344,華邦電,31,20,11,群益金鼎-東大,2023-07-13,9135
00673R,期元大S＆P原油反1,223,0,223,群益金鼎-東大,2023-07-14,9135
2356,英業達,233,85,148,群益金鼎-東大,2023-07-14,9135
00632R,元大台灣50反1,116,0,116,群益金鼎-東大,2023-07-14,9135
00885,富邦越南,108,0,108,群益金鼎-東大,2023-07-14,9135
6005,群益證,97,1,96,群益金鼎-東大,2023-07-14,9135
8227,巨有科技,82,3,79,群益金鼎-東大,2023-07-14,9135
5213,亞昕,46,0,46,群益金鼎-東大,2023-07-14,9135
8050,廣積,67,23,44,群益金鼎-東大,2023-07-14,9135
0056,元大高股息,85,42,43,群益金鼎-東大,2023-07-14,9135
6517,保勝光學,39,0,39,群益金鼎-東大,2023-07-14,9135
2382,廣達,148,115,33,群益金鼎-東大,2023-07-14,9135
3163,波若威,36,3,33,群益金鼎-東大,2023-07-14,9135
6179,亞通,46,16,30,群益金鼎-東大,2023-07-14,9135
3706,神達,40,11,29,群益金鼎-東大,2023-07-14,9135
2609,陽明,30,4,26,群益金鼎-東大,2023-07-14,9135
4114,健喬,25,2,23,群益金鼎-東大,2023-07-14,9135
00687B,國泰20年美債,23,0,23,群益金鼎-東大,2023-07-14,9135
00706L,期元大S＆P日圓正2,23,0,23,群益金鼎-東大,2023-07-14,9135
00679B,元大美債20年,22,0,22,群益金鼎-東大,2023-07-14,9135
00751B,元大AAA至A公司債,22,0,22,群益金鼎-東大,2023-07-14,9135
2913,農林,23,2,21,群益金鼎-東大,2023-07-14,9135
00882,中信中國高股息,21,0,21,群益金鼎-東大,2023-07-14,9135
3162,精確,21,0,21,群益金鼎-東大,2023-07-14,9135
2390,云辰,21,0,21,群益金鼎-東大,2023-07-14,9135
2301,光寶科,112,92,20,群益金鼎-東大,2023-07-14,9135
00720B,元大投資級公司債,21,2,19,群益金鼎-東大,2023-07-14,9135
2542,興富發,22,4,18,群益金鼎-東大,2023-07-14,9135
2883,凱基金,20,3,17,群益金鼎-東大,2023-07-14,9135
2610,華航,118,103,15,群益金鼎-東大,2023-07-14,9135
3704,合勤控,57,42,15,群益金鼎-東大,2023-07-14,9135
3015,全漢,15,0,15,群益金鼎-東大,2023-07-14,9135
8093,保銳,14,0,14,群益金鼎-東大,2023-07-14,9135
4961,天鈺,14,0,14,群益金鼎-東大,2023-07-14,9135
3024,憶聲,15,1,14,群益金鼎-東大,2023-07-14,9135
3715,定穎投控,17,3,14,群益金鼎-東大,2023-07-14,9135
5439,高技,31,17,14,群益金鼎-東大,2023-07-14,9135
6640,均華,13,0,13,群益金鼎-東大,2023-07-14,9135
1905,華紙,13,0,13,群益金鼎-東大,2023-07-14,9135
2201,裕隆,24,11,13,群益金鼎-東大,2023-07-14,9135
5348,正能量智能,13,0,13,群益金鼎-東大,2023-07-14,9135
3363,上詮,30,18,12,群益金鼎-東大,2023-07-14,9135
4533,協易機,29,17,12,群益金鼎-東大,2023-07-14,9135
4123,晟德,12,1,11,群益金鼎-東大,2023-07-14,9135
3707,漢磊,14,3,11,群益金鼎-東大,2023-07-14,9135
3017,奇鋐,18,7,11,群益金鼎-東大,2023-07-14,9135
2834,臺企銀,12,1,11,群益金鼎-東大,2023-07-14,9135
3026,禾伸堂,11,0,11,群益金鼎-東大,2023-07-14,9135
2340,台亞,21,10,11,群益金鼎-東大,2023-07-14,9135
3037,欣興,30,19,11,群益金鼎-東大,2023-07-14,9135
3231,緯創,18,8,10,群益金鼎-東大,2023-07-14,9135
00929,復華台灣科技優息,167,4,163,群益金鼎-東大,2023-07-17,9135
00724B,群益投資級金融債,120,0,120,群益金鼎-東大,2023-07-17,9135
00673R,期元大S＆P原油反1,118,10,108,群益金鼎-東大,2023-07-17,9135
3016,嘉晶,107,0,107,群益金鼎-東大,2023-07-17,9135
00795B,中信美國公債20年,102,0,102,群益金鼎-東大,2023-07-17,9135
2485,兆赫,100,3,97,群益金鼎-東大,2023-07-17,9135
3374,精材,99,35,64,群益金鼎-東大,2023-07-17,9135
00773B,中信優先金融債,62,0,62,群益金鼎-東大,2023-07-17,9135
6288,聯嘉,80,20,60,群益金鼎-東大,2023-07-17,9135
2812,台中銀,55,1,54,群益金鼎-東大,2023-07-17,9135
3540,曜越,66,16,50,群益金鼎-東大,2023-07-17,9135
2436,偉詮電,51,2,49,群益金鼎-東大,2023-07-17,9135
1584,精剛,49,1,48,群益金鼎-東大,2023-07-17,9135
2498,宏達電,47,3,44,群益金鼎-東大,2023-07-17,9135
00720B,元大投資級公司債,41,0,41,群益金鼎-東大,2023-07-17,9135
3047,訊舟,40,0,40,群益金鼎-東大,2023-07-17,9135
2880,華南金,40,0,40,群益金鼎-東大,2023-07-17,9135
6274,台燿,61,26,35,群益金鼎-東大,2023-07-17,9135
00772B,中信高評級公司債,31,0,31,群益金鼎-東大,2023-07-17,9135
6290,良維,32,1,31,群益金鼎-東大,2023-07-17,9135
3481,群創,66,36,30,群益金鼎-東大,2023-07-17,9135
0056,元大高股息,37,10,27,群益金鼎-東大,2023-07-17,9135
1618,合機,28,1,27,群益金鼎-東大,2023-07-17,9135
3685,元創精密,27,0,27,群益金鼎-東大,2023-07-17,9135
6179,亞通,42,15,27,群益金鼎-東大,2023-07-17,9135
00679B,元大美債20年,26,0,26,群益金鼎-東大,2023-07-17,9135
6668,中揚光,25,0,25,群益金鼎-東大,2023-07-17,9135
3081,聯亞,24,0,24,群益金鼎-東大,2023-07-17,9135
00715L,期街口布蘭特正2,31,7,24,群益金鼎-東大,2023-07-17,9135
2801,彰銀,21,0,21,群益金鼎-東大,2023-07-17,9135
6243,迅杰,21,0,21,群益金鼎-東大,2023-07-17,9135
4174,浩鼎,21,0,21,群益金鼎-東大,2023-07-17,9135
3033,威健,21,1,20,群益金鼎-東大,2023-07-17,9135
4119,旭富,20,0,20,群益金鼎-東大,2023-07-17,9135
2421,建準,39,20,19,群益金鼎-東大,2023-07-17,9135
1609,大亞,120,101,19,群益金鼎-東大,2023-07-17,9135
6205,詮欣,19,0,19,群益金鼎-東大,2023-07-17,9135
1402,遠東新,18,0,18,群益金鼎-東大,2023-07-17,9135
2443,昶虹,18,0,18,群益金鼎-東大,2023-07-17,9135
3594,磐儀,22,4,18,群益金鼎-東大,2023-07-17,9135
6462,神盾,18,1,17,群益金鼎-東大,2023-07-17,9135
8087,麗升能源,16,0,16,群益金鼎-東大,2023-07-17,9135
2359,所羅門,25,9,16,群益金鼎-東大,2023-07-17,9135
3306,鼎天,19,3,16,群益金鼎-東大,2023-07-17,9135
1711,永光,16,1,15,群益金鼎-東大,2023-07-17,9135
4532,瑞智,24,9,15,群益金鼎-東大,2023-07-17,9135
3014,聯陽,18,3,15,群益金鼎-東大,2023-07-17,9135
3583,辛耘,20,6,14,群益金鼎-東大,2023-07-17,9135
2312,金寶,136,123,13,群益金鼎-東大,2023-07-17,9135
2323,中環,39,26,13,群益金鼎-東大,2023-07-17,9135
2324,仁寶,262,93,169,群益金鼎-東大,2023-07-18,9135
00929,復華台灣科技優息,212,104,108,群益金鼎-東大,2023-07-18,9135
8227,巨有科技,100,1,99,群益金鼎-東大,2023-07-18,9135
2610,華航,107,25,82,群益金鼎-東大,2023-07-18,9135
9105,泰金寶-DR,80,0,80,群益金鼎-東大,2023-07-18,9135
00753L,中信中國50正2,80,0,80,群益金鼎-東大,2023-07-18,9135
2603,長榮,77,3,74,群益金鼎-東大,2023-07-18,9135
2353,宏��,116,48,68,群益金鼎-東大,2023-07-18,9135
2634,漢翔,68,8,60,群益金鼎-東大,2023-07-18,9135
2888,新光金,60,3,57,群益金鼎-東大,2023-07-18,9135
5521,工信,51,0,51,群益金鼎-東大,2023-07-18,9135
6005,群益證,50,0,50,群益金鼎-東大,2023-07-18,9135
00720B,元大投資級公司債,43,3,40,群益金鼎-東大,2023-07-18,9135
0056,元大高股息,135,98,37,群益金鼎-東大,2023-07-18,9135
00632R,元大台灣50反1,45,11,34,群益金鼎-東大,2023-07-18,9135
3515,華擎,50,17,33,群益金鼎-東大,2023-07-18,9135
4533,協易機,33,2,31,群益金鼎-東大,2023-07-18,9135
00713,元大台灣高息低波,30,0,30,群益金鼎-東大,2023-07-18,9135
3191,雲嘉南,30,0,30,群益金鼎-東大,2023-07-18,9135
8059,凱碩,45,17,28,群益金鼎-東大,2023-07-18,9135
00687B,國泰20年美債,26,0,26,群益金鼎-東大,2023-07-18,9135
6276,安鈦克,39,13,26,群益金鼎-東大,2023-07-18,9135
6179,亞通,26,0,26,群益金鼎-東大,2023-07-18,9135
2426,鼎元,26,0,26,群益金鼎-東大,2023-07-18,9135
2886,兆豐金,30,5,25,群益金鼎-東大,2023-07-18,9135
3594,磐儀,26,1,25,群益金鼎-東大,2023-07-18,9135
6285,啟��,99,76,23,群益金鼎-東大,2023-07-18,9135
8201,無敵,29,6,23,群益金鼎-東大,2023-07-18,9135
2374,佳能,25,2,23,群益金鼎-東大,2023-07-18,9135
3230,錦明,20,0,20,群益金鼎-東大,2023-07-18,9135
2399,映泰,32,13,19,群益金鼎-東大,2023-07-18,9135
2486,一詮,23,4,19,群益金鼎-東大,2023-07-18,9135
00751B,元大AAA至A公司債,20,1,19,群益金鼎-東大,2023-07-18,9135
8358,金居,18,0,18,群益金鼎-東大,2023-07-18,9135
6668,中揚光,18,0,18,群益金鼎-東大,2023-07-18,9135
5469,瀚宇博,23,5,18,群益金鼎-東大,2023-07-18,9135
4938,和碩,39,21,18,群益金鼎-東大,2023-07-18,9135
3051,力特,20,3,17,群益金鼎-東大,2023-07-18,9135
2301,光寶科,120,104,16,群益金鼎-東大,2023-07-18,9135
00882,中信中國高股息,16,0,16,群益金鼎-東大,2023-07-18,9135
3306,鼎天,20,4,16,群益金鼎-東大,2023-07-18,9135
2027,大成鋼,14,0,14,群益金鼎-東大,2023-07-18,9135
1514,亞力,22,8,14,群益金鼎-東大,2023-07-18,9135
00679B,元大美債20年,14,1,13,群益金鼎-東大,2023-07-18,9135
8222,寶一,17,4,13,群益金鼎-東大,2023-07-18,9135
2423,固緯,13,0,13,群益金鼎-東大,2023-07-18,9135
1789,神隆,36,23,13,群益金鼎-東大,2023-07-18,9135
5009,榮剛,12,0,12,群益金鼎-東大,2023-07-18,9135
3033,威健,12,0,12,群益金鼎-東大,2023-07-18,9135
1434,福懋,11,0,11,群益金鼎-東大,2023-07-18,9135
2324,仁寶,196,80,116,群益金鼎-東大,2023-07-19,9135
4726,永昕,72,6,66,群益金鼎-東大,2023-07-19,9135
1313,聯成,58,0,58,群益金鼎-東大,2023-07-19,9135
0056,元大高股息,58,5,53,群益金鼎-東大,2023-07-19,9135
2313,華通,44,1,43,群益金鼎-東大,2023-07-19,9135
3715,定穎投控,126,91,35,群益金鼎-東大,2023-07-19,9135
5213,亞昕,34,2,32,群益金鼎-東大,2023-07-19,9135
4938,和碩,80,51,29,群益金鼎-東大,2023-07-19,9135
2881,富邦金,35,6,29,群益金鼎-東大,2023-07-19,9135
3706,神達,170,142,28,群益金鼎-東大,2023-07-19,9135
6257,矽格,30,4,26,群益金鼎-東大,2023-07-19,9135
00753L,中信中國50正2,50,25,25,群益金鼎-東大,2023-07-19,9135
8059,凱碩,26,1,25,群益金鼎-東大,2023-07-19,9135
2301,光寶科,31,7,24,群益金鼎-東大,2023-07-19,9135
2609,陽明,32,10,22,群益金鼎-東大,2023-07-19,9135
2353,宏��,35,13,22,群益金鼎-東大,2023-07-19,9135
1308,亞聚,20,0,20,群益金鼎-東大,2023-07-19,9135
00720B,元大投資級公司債,20,0,20,群益金鼎-東大,2023-07-19,9135
6274,台燿,40,20,20,群益金鼎-東大,2023-07-19,9135
3673,TPK-KY,20,1,19,群益金鼎-東大,2023-07-19,9135
3055,蔚華科,20,2,18,群益金鼎-東大,2023-07-19,9135
6125,廣運,15,0,15,群益金鼎-東大,2023-07-19,9135
00929,復華台灣科技優息,35,20,15,群益金鼎-東大,2023-07-19,9135
00882,中信中國高股息,15,0,15,群益金鼎-東大,2023-07-19,9135
2371,大同,22,8,14,群益金鼎-東大,2023-07-19,9135
3078,僑威,53,39,14,群益金鼎-東大,2023-07-19,9135
6527,明達醫,14,0,14,群益金鼎-東大,2023-07-19,9135
2812,台中銀,13,0,13,群益金鼎-東大,2023-07-19,9135
3594,磐儀,13,0,13,群益金鼎-東大,2023-07-19,9135
3265,台星科,12,0,12,群益金鼎-東大,2023-07-19,9135
4958,臻鼎-KY,12,0,12,群益金鼎-東大,2023-07-19,9135
2603,長榮,20,8,12,群益金鼎-東大,2023-07-19,9135
2317,鴻海,431,420,11,群益金鼎-東大,2023-07-19,9135
2359,所羅門,11,0,11,群益金鼎-東大,2023-07-19,9135
2349,錸德,11,0,11,群益金鼎-東大,2023-07-19,9135
2534,宏盛,11,0,11,群益金鼎-東大,2023-07-19,9135
5488,松普,11,0,11,群益金鼎-東大,2023-07-19,9135
2402,毅嘉,11,0,11,群益金鼎-東大,2023-07-19,9135
00888,永豐台灣ESG,10,0,10,群益金鼎-東大,2023-07-19,9135
2409,友達,11,1,10,群益金鼎-東大,2023-07-19,9135
3189,景碩,26,16,10,群益金鼎-東大,2023-07-19,9135
3689,湧德,10,0,10,群益金鼎-東大,2023-07-19,9135
2897,王道銀行,10,0,10,群益金鼎-東大,2023-07-19,9135
2328,廣宇,11,1,10,群益金鼎-東大,2023-07-19,9135
2820,華票,10,0,10,群益金鼎-東大,2023-07-19,9135
3024,憶聲,10,0,10,群益金鼎-東大,2023-07-19,9135
6180,橘子,10,0,10,群益金鼎-東大,2023-07-19,9135
5386,青雲,11,1,10,群益金鼎-東大,2023-07-19,9135
2832,台產,10,0,10,群益金鼎-東大,2023-07-19,9135
2103,台橡,10,0,10,群益金鼎-東大,2023-07-19,9135
00795B,中信美國公債20年,120,0,120,群益金鼎-東大,2023-07-20,9135
1102,亞泥,103,0,103,群益金鼎-東大,2023-07-20,9135
00773B,中信優先金融債,100,0,100,群益金鼎-東大,2023-07-20,9135
8027,鈦昇,72,0,72,群益金鼎-東大,2023-07-20,9135
00724B,群益投資級金融債,70,0,70,群益金鼎-東大,2023-07-20,9135
2888,新光金,50,0,50,群益金鼎-東大,2023-07-20,9135
1313,聯成,53,6,47,群益金鼎-東大,2023-07-20,9135
6282,康舒,57,16,41,群益金鼎-東大,2023-07-20,9135
2303,聯電,48,11,37,群益金鼎-東大,2023-07-20,9135
2337,旺宏,34,0,34,群益金鼎-東大,2023-07-20,9135
3032,偉訓,37,4,33,群益金鼎-東大,2023-07-20,9135
00929,復華台灣科技優息,40,10,30,群益金鼎-東大,2023-07-20,9135
00679B,元大美債20年,28,0,28,群益金鼎-東大,2023-07-20,9135
2461,光群雷,40,12,28,群益金鼎-東大,2023-07-20,9135
3231,緯創,30,2,28,群益金鼎-東大,2023-07-20,9135
3037,欣興,51,24,27,群益金鼎-東大,2023-07-20,9135
6640,均華,26,0,26,群益金鼎-東大,2023-07-20,9135
3163,波若威,27,3,24,群益金鼎-東大,2023-07-20,9135
2324,仁寶,48,25,23,群益金鼎-東大,2023-07-20,9135
3706,神達,53,32,21,群益金鼎-東大,2023-07-20,9135
8936,國統,21,1,20,群益金鼎-東大,2023-07-20,9135
5530,龍巖,20,1,19,群益金鼎-東大,2023-07-20,9135
3014,聯陽,17,0,17,群益金鼎-東大,2023-07-20,9135
2010,春源,17,0,17,群益金鼎-東大,2023-07-20,9135
6285,啟��,18,1,17,群益金鼎-東大,2023-07-20,9135
1409,新纖,16,0,16,群益金鼎-東大,2023-07-20,9135
2610,華航,34,19,15,群益金鼎-東大,2023-07-20,9135
2206,三陽工業,30,17,13,群益金鼎-東大,2023-07-20,9135
8093,保銳,13,0,13,群益金鼎-東大,2023-07-20,9135
5465,富驊,12,0,12,群益金鼎-東大,2023-07-20,9135
2353,宏��,24,12,12,群益金鼎-東大,2023-07-20,9135
4938,和碩,15,4,11,群益金鼎-東大,2023-07-20,9135
3363,上詮,12,1,11,群益金鼎-東大,2023-07-20,9135
2022,聚亨,12,2,10,群益金鼎-東大,2023-07-20,9135
00877,復華中國5G,10,0,10,群益金鼎-東大,2023-07-20,9135
00772B,中信高評級公司債,10,0,10,群益金鼎-東大,2023-07-20,9135
8088,品安,10,0,10,群益金鼎-東大,2023-07-20,9135
6125,廣運,10,0,10,群益金鼎-東大,2023-07-20,9135
2832,台產,10,0,10,群益金鼎-東大,2023-07-20,9135
2442,新美齊,10,0,10,群益金鼎-東大,2023-07-20,9135
6128,上福,13,3,10,群益金鼎-東大,2023-07-20,9135
2382,廣達,129,119,10,群益金鼎-東大,2023-07-20,9135
6277,宏正,9,0,9,群益金鼎-東大,2023-07-20,9135
5488,松普,9,0,9,群益金鼎-東大,2023-07-20,9135
00712,復華富時不動產,8,0,8,群益金鼎-東大,2023-07-20,9135
3289,宜特,20,13,7,群益金鼎-東大,2023-07-20,9135
3704,合勤控,17,10,7,群益金鼎-東大,2023-07-20,9135
2401,凌陽,8,1,7,群益金鼎-東大,2023-07-20,9135
00927,群益半導體收益,7,0,7,群益金鼎-東大,2023-07-20,9135
2329,華泰,9,2,7,群益金鼎-東大,2023-07-20,9135
00632R,元大台灣50反1,187,1,186,群益金鼎-東大,2023-07-21,9135
1409,新纖,109,0,109,群益金鼎-東大,2023-07-21,9135
00688L,國泰20年美債正2,100,0,100,群益金鼎-東大,2023-07-21,9135
6016,康和證,77,0,77,群益金鼎-東大,2023-07-21,9135
4958,臻鼎-KY,61,0,61,群益金鼎-東大,2023-07-21,9135
6005,群益證,51,2,49,群益金鼎-東大,2023-07-21,9135
00687B,國泰20年美債,41,0,41,群益金鼎-東大,2023-07-21,9135
1727,中華化,38,3,35,群益金鼎-東大,2023-07-21,9135
1718,中纖,32,0,32,群益金鼎-東大,2023-07-21,9135
2316,楠梓電,62,30,32,群益金鼎-東大,2023-07-21,9135
3013,晟銘電,128,96,32,群益金鼎-東大,2023-07-21,9135
5871,中租-KY,28,0,28,群益金鼎-東大,2023-07-21,9135
00715L,期街口布蘭特正2,35,7,28,群益金鼎-東大,2023-07-21,9135
1513,中興電,81,56,25,群益金鼎-東大,2023-07-21,9135
00712,復華富時不動產,24,0,24,群益金鼎-東大,2023-07-21,9135
2618,長榮航,42,20,22,群益金鼎-東大,2023-07-21,9135
3715,定穎投控,20,0,20,群益金鼎-東大,2023-07-21,9135
3191,雲嘉南,20,0,20,群益金鼎-東大,2023-07-21,9135
3037,欣興,42,24,18,群益金鼎-東大,2023-07-21,9135
2382,廣達,58,40,18,群益金鼎-東大,2023-07-21,9135
2330,台積電,21,3,18,群益金鼎-東大,2023-07-21,9135
3041,揚智,17,0,17,群益金鼎-東大,2023-07-21,9135
1102,亞泥,15,0,15,群益金鼎-東大,2023-07-21,9135
2891,中信金,72,57,15,群益金鼎-東大,2023-07-21,9135
00919,群益台灣精選高息,16,1,15,群益金鼎-東大,2023-07-21,9135
6640,均華,14,0,14,群益金鼎-東大,2023-07-21,9135
5347,世界,13,0,13,群益金鼎-東大,2023-07-21,9135
2419,仲琦,18,5,13,群益金鼎-東大,2023-07-21,9135
00679B,元大美債20年,13,0,13,群益金鼎-東大,2023-07-21,9135
3704,合勤控,13,0,13,群益金鼎-東大,2023-07-21,9135
3706,神達,40,28,12,群益金鼎-東大,2023-07-21,9135
6190,萬泰科,12,0,12,群益金鼎-東大,2023-07-21,9135
3014,聯陽,12,0,12,群益金鼎-東大,2023-07-21,9135
3051,力特,19,7,12,群益金鼎-東大,2023-07-21,9135
2425,承啟,13,1,12,群益金鼎-東大,2023-07-21,9135
6188,廣明,15,4,11,群益金鼎-東大,2023-07-21,9135
1795,美時,28,17,11,群益金鼎-東大,2023-07-21,9135
2634,漢翔,15,4,11,群益金鼎-東大,2023-07-21,9135
5465,富驊,16,5,11,群益金鼎-東大,2023-07-21,9135
3163,波若威,13,3,10,群益金鼎-東大,2023-07-21,9135
00877,復華中國5G,10,0,10,群益金鼎-東大,2023-07-21,9135
2486,一詮,10,0,10,群益金鼎-東大,2023-07-21,9135
6470,宇智,10,0,10,群益金鼎-東大,2023-07-21,9135
4123,晟德,12,2,10,群益金鼎-東大,2023-07-21,9135
5478,智冠,10,0,10,群益金鼎-東大,2023-07-21,9135
0050,元大台灣50,10,0,10,群益金鼎-東大,2023-07-21,9135
6841,長佳智能,13,4,9,群益金鼎-東大,2023-07-21,9135
2482,連宇,10,1,9,群益金鼎-東大,2023-07-21,9135
00927,群益半導體收益,10,1,9,群益金鼎-東大,2023-07-21,9135
00720B,元大投資級公司債,10,1,9,群益金鼎-東大,2023-07-21,9135
00878,國泰永續高股息,181,67,114,群益金鼎-東大,2023-07-24,9135
2515,中工,102,24,78,群益金鼎-東大,2023-07-24,9135
3481,群創,68,1,67,群益金鼎-東大,2023-07-24,9135
1609,大亞,126,64,62,群益金鼎-東大,2023-07-24,9135
00753L,中信中國50正2,50,0,50,群益金鼎-東大,2023-07-24,9135
2888,新光金,50,2,48,群益金鼎-東大,2023-07-24,9135
6125,廣運,108,64,44,群益金鼎-東大,2023-07-24,9135
00929,復華台灣科技優息,42,0,42,群益金鼎-東大,2023-07-24,9135
4976,佳凌,40,0,40,群益金鼎-東大,2023-07-24,9135
3013,晟銘電,102,62,40,群益金鼎-東大,2023-07-24,9135
2881,富邦金,39,0,39,群益金鼎-東大,2023-07-24,9135
1905,華紙,63,30,33,群益金鼎-東大,2023-07-24,9135
3078,僑威,34,3,31,群益金鼎-東大,2023-07-24,9135
1513,中興電,44,15,29,群益金鼎-東大,2023-07-24,9135
4123,晟德,32,3,29,群益金鼎-東大,2023-07-24,9135
6640,均華,26,0,26,群益金鼎-東大,2023-07-24,9135
2498,宏達電,33,8,25,群益金鼎-東大,2023-07-24,9135
2887,台新金,24,0,24,群益金鼎-東大,2023-07-24,9135
3511,矽瑪,24,0,24,群益金鼎-東大,2023-07-24,9135
2609,陽明,25,2,23,群益金鼎-東大,2023-07-24,9135
00927,群益半導體收益,23,1,22,群益金鼎-東大,2023-07-24,9135
1589,永冠-KY,21,0,21,群益金鼎-東大,2023-07-24,9135
3529,力旺,21,0,21,群益金鼎-東大,2023-07-24,9135
2353,宏��,72,53,19,群益金鼎-東大,2023-07-24,9135
2486,一詮,18,1,17,群益金鼎-東大,2023-07-24,9135
4533,協易機,17,1,16,群益金鼎-東大,2023-07-24,9135
3499,環天科,17,1,16,群益金鼎-東大,2023-07-24,9135
6182,合晶,16,0,16,群益金鼎-東大,2023-07-24,9135
2443,昶虹,15,0,15,群益金鼎-東大,2023-07-24,9135
2606,裕民,15,0,15,群益金鼎-東大,2023-07-24,9135
1514,亞力,20,5,15,群益金鼎-東大,2023-07-24,9135
3014,聯陽,15,1,14,群益金鼎-東大,2023-07-24,9135
9945,潤泰新,14,0,14,群益金鼎-東大,2023-07-24,9135
3035,智原,41,28,13,群益金鼎-東大,2023-07-24,9135
1504,東元,41,28,13,群益金鼎-東大,2023-07-24,9135
3338,泰碩,94,81,13,群益金鼎-東大,2023-07-24,9135
3374,精材,26,14,12,群益金鼎-東大,2023-07-24,9135
3231,緯創,14,2,12,群益金鼎-東大,2023-07-24,9135
6285,啟��,21,10,11,群益金鼎-東大,2023-07-24,9135
2301,光寶科,45,34,11,群益金鼎-東大,2023-07-24,9135
00679B,元大美債20年,11,0,11,群益金鼎-東大,2023-07-24,9135
3038,全台,11,0,11,群益金鼎-東大,2023-07-24,9135
2832,台產,10,0,10,群益金鼎-東大,2023-07-24,9135
020031,統一IC設計臺灣N,10,0,10,群益金鼎-東大,2023-07-24,9135
9105,泰金寶-DR,10,0,10,群益金鼎-東大,2023-07-24,9135
00706L,期元大S＆P日圓正2,10,0,10,群益金鼎-東大,2023-07-24,9135
00712,復華富時不動產,12,2,10,群益金鼎-東大,2023-07-24,9135
6449,鈺邦,20,10,10,群益金鼎-東大,2023-07-24,9135
2423,固緯,11,1,10,群益金鼎-東大,2023-07-24,9135
3419,譁裕,10,0,10,群益金鼎-東大,2023-07-24,9135
00878,國泰永續高股息,148,29,119,群益金鼎-東大,2023-07-25,9135
2401,凌陽,101,5,96,群益金鼎-東大,2023-07-25,9135
00673R,期元大S＆P原油反1,151,60,91,群益金鼎-東大,2023-07-25,9135
4726,永昕,85,24,61,群益金鼎-東大,2023-07-25,9135
6125,廣運,103,45,58,群益金鼎-東大,2023-07-25,9135
1909,榮成,40,0,40,群益金鼎-東大,2023-07-25,9135
4123,晟德,42,2,40,群益金鼎-東大,2023-07-25,9135
2458,義隆,33,1,32,群益金鼎-東大,2023-07-25,9135
6016,康和證,25,0,25,群益金鼎-東大,2023-07-25,9135
00679B,元大美債20年,30,7,23,群益金鼎-東大,2023-07-25,9135
2486,一詮,23,0,23,群益金鼎-東大,2023-07-25,9135
00885,富邦越南,22,0,22,群益金鼎-東大,2023-07-25,9135
5347,世界,21,0,21,群益金鼎-東大,2023-07-25,9135
3594,磐儀,20,0,20,群益金鼎-東大,2023-07-25,9135
2436,偉詮電,20,0,20,群益金鼎-東大,2023-07-25,9135
00929,復華台灣科技優息,20,0,20,群益金鼎-東大,2023-07-25,9135
1528,恩德,20,0,20,群益金鼎-東大,2023-07-25,9135
6285,啟��,33,13,20,群益金鼎-東大,2023-07-25,9135
00687B,國泰20年美債,22,3,19,群益金鼎-東大,2023-07-25,9135
00751B,元大AAA至A公司債,19,0,19,群益金鼎-東大,2023-07-25,9135
3024,憶聲,18,0,18,群益金鼎-東大,2023-07-25,9135
2887,台新金,17,0,17,群益金鼎-東大,2023-07-25,9135
5488,松普,17,0,17,群益金鼎-東大,2023-07-25,9135
1102,亞泥,17,0,17,群益金鼎-東大,2023-07-25,9135
3231,緯創,22,6,16,群益金鼎-東大,2023-07-25,9135
1904,正隆,15,0,15,群益金鼎-東大,2023-07-25,9135
3363,上詮,17,2,15,群益金鼎-東大,2023-07-25,9135
5289,宜鼎,15,0,15,群益金鼎-東大,2023-07-25,9135
2368,金像電,18,4,14,群益金鼎-東大,2023-07-25,9135
00706L,期元大S＆P日圓正2,14,0,14,群益金鼎-東大,2023-07-25,9135
6214,精誠,17,3,14,群益金鼎-東大,2023-07-25,9135
2002,中鋼,14,0,14,群益金鼎-東大,2023-07-25,9135
2201,裕隆,33,19,14,群益金鼎-東大,2023-07-25,9135
5225,東科-KY,13,0,13,群益金鼎-東大,2023-07-25,9135
2359,所羅門,15,2,13,群益金鼎-東大,2023-07-25,9135
6689,伊雲谷,13,0,13,群益金鼎-東大,2023-07-25,9135
4927,泰鼎-KY,12,0,12,群益金鼎-東大,2023-07-25,9135
8390,金益鼎,12,0,12,群益金鼎-東大,2023-07-25,9135
4523,永彰,12,0,12,群益金鼎-東大,2023-07-25,9135
8916,光隆,13,2,11,群益金鼎-東大,2023-07-25,9135
5009,榮剛,12,1,11,群益金鼎-東大,2023-07-25,9135
3529,力旺,10,0,10,群益金鼎-東大,2023-07-25,9135
2425,承啟,26,16,10,群益金鼎-東大,2023-07-25,9135
2302,麗正,10,0,10,群益金鼎-東大,2023-07-25,9135
2605,新興,10,0,10,群益金鼎-東大,2023-07-25,9135
2464,盟立,11,1,10,群益金鼎-東大,2023-07-25,9135
4157,太景*-KY,10,0,10,群益金鼎-東大,2023-07-25,9135
2426,鼎元,10,0,10,群益金鼎-東大,2023-07-25,9135
2329,華泰,11,1,10,群益金鼎-東大,2023-07-25,9135
2312,金寶,18,8,10,群益金鼎-東大,2023-07-25,9135
2603,長榮,85,16,69,群益金鼎-東大,2023-07-26,9135
6213,聯茂,46,10,36,群益金鼎-東大,2023-07-26,9135
2886,兆豐金,42,10,32,群益金鼎-東大,2023-07-26,9135
1514,亞力,35,4,31,群益金鼎-東大,2023-07-26,9135
00720B,元大投資級公司債,30,0,30,群益金鼎-東大,2023-07-26,9135
3014,聯陽,27,2,25,群益金鼎-東大,2023-07-26,9135
5488,松普,41,18,23,群益金鼎-東大,2023-07-26,9135
00679B,元大美債20年,22,0,22,群益金鼎-東大,2023-07-26,9135
2426,鼎元,22,0,22,群益金鼎-東大,2023-07-26,9135
4123,晟德,26,6,20,群益金鼎-東大,2023-07-26,9135
00687B,國泰20年美債,20,0,20,群益金鼎-東大,2023-07-26,9135
2520,冠德,20,0,20,群益金鼎-東大,2023-07-26,9135
2349,錸德,20,0,20,群益金鼎-東大,2023-07-26,9135
9925,新保,27,7,20,群益金鼎-東大,2023-07-26,9135
1612,宏泰,26,7,19,群益金鼎-東大,2023-07-26,9135
00927,群益半導體收益,19,0,19,群益金鼎-東大,2023-07-26,9135
6274,台燿,45,27,18,群益金鼎-東大,2023-07-26,9135
2371,大同,22,5,17,群益金鼎-東大,2023-07-26,9135
3041,揚智,17,0,17,群益金鼎-東大,2023-07-26,9135
2340,台亞,29,13,16,群益金鼎-東大,2023-07-26,9135
4968,立積,18,3,15,群益金鼎-東大,2023-07-26,9135
2359,所羅門,92,77,15,群益金鼎-東大,2023-07-26,9135
2442,新美齊,14,0,14,群益金鼎-東大,2023-07-26,9135
2892,第一金,15,1,14,群益金鼎-東大,2023-07-26,9135
3357,臺慶科,13,0,13,群益金鼎-東大,2023-07-26,9135
00891,中信關鍵半導體,14,1,13,群益金鼎-東大,2023-07-26,9135
5351,鈺創,13,0,13,群益金鼎-東大,2023-07-26,9135
5871,中租-KY,13,0,13,群益金鼎-東大,2023-07-26,9135
6112,邁達特,80,67,13,群益金鼎-東大,2023-07-26,9135
020031,統一IC設計臺灣N,13,0,13,群益金鼎-東大,2023-07-26,9135
8109,博大,18,5,13,群益金鼎-東大,2023-07-26,9135
3029,零壹,13,1,12,群益金鼎-東大,2023-07-26,9135
4188,安克,13,1,12,群益金鼎-東大,2023-07-26,9135
4532,瑞智,40,28,12,群益金鼎-東大,2023-07-26,9135
3305,昇貿,12,0,12,群益金鼎-東大,2023-07-26,9135
2405,輔信,37,26,11,群益金鼎-東大,2023-07-26,9135
6290,良維,11,0,11,群益金鼎-東大,2023-07-26,9135
1313,聯成,11,0,11,群益金鼎-東大,2023-07-26,9135
00885,富邦越南,11,0,11,群益金鼎-東大,2023-07-26,9135
4523,永彰,17,6,11,群益金鼎-東大,2023-07-26,9135
2884,玉山金,17,7,10,群益金鼎-東大,2023-07-26,9135
6235,華孚,16,6,10,群益金鼎-東大,2023-07-26,9135
3032,偉訓,11,1,10,群益金鼎-東大,2023-07-26,9135
00877,復華中國5G,10,0,10,群益金鼎-東大,2023-07-26,9135
4906,正文,10,0,10,群益金鼎-東大,2023-07-26,9135
2467,志聖,10,0,10,群益金鼎-東大,2023-07-26,9135
2705,六福,11,1,10,群益金鼎-東大,2023-07-26,9135
2342,茂矽,10,0,10,群益金鼎-東大,2023-07-26,9135
6125,廣運,13,4,9,群益金鼎-東大,2023-07-26,9135
6285,啟��,35,26,9,群益金鼎-東大,2023-07-26,9135
8358,金居,204,47,157,群益金鼎-東大,2023-07-27,9135
2542,興富發,104,0,104,群益金鼎-東大,2023-07-27,9135
00688L,國泰20年美債正2,100,0,100,群益金鼎-東大,2023-07-27,9135
00679B,元大美債20年,70,3,67,群益金鼎-東大,2023-07-27,9135
00673R,期元大S＆P原油反1,67,0,67,群益金鼎-東大,2023-07-27,9135
2888,新光金,82,17,65,群益金鼎-東大,2023-07-27,9135
2301,光寶科,143,79,64,群益金鼎-東大,2023-07-27,9135
2618,長榮航,71,20,51,群益金鼎-東大,2023-07-27,9135
3265,台星科,47,2,45,群益金鼎-東大,2023-07-27,9135
6188,廣明,40,1,39,群益金鼎-東大,2023-07-27,9135
00751B,元大AAA至A公司債,39,0,39,群益金鼎-東大,2023-07-27,9135
1905,華紙,60,25,35,群益金鼎-東大,2023-07-27,9135
3049,精金,47,12,35,群益金鼎-東大,2023-07-27,9135
2886,兆豐金,31,0,31,群益金鼎-東大,2023-07-27,9135
2609,陽明,30,0,30,群益金鼎-東大,2023-07-27,9135
3685,元創精密,24,0,24,群益金鼎-東大,2023-07-27,9135
1802,台玻,33,9,24,群益金鼎-東大,2023-07-27,9135
00919,群益台灣精選高息,32,12,20,群益金鼎-東大,2023-07-27,9135
8215,明基材,20,0,20,群益金鼎-東大,2023-07-27,9135
1789,神隆,20,0,20,群益金鼎-東大,2023-07-27,9135
5488,松普,20,0,20,群益金鼎-東大,2023-07-27,9135
2436,偉詮電,24,4,20,群益金鼎-東大,2023-07-27,9135
6245,立端,20,0,20,群益金鼎-東大,2023-07-27,9135
3033,威健,30,10,20,群益金鼎-東大,2023-07-27,9135
6288,聯嘉,20,0,20,群益金鼎-東大,2023-07-27,9135
3037,欣興,38,19,19,群益金鼎-東大,2023-07-27,9135
8048,德勝,18,0,18,群益金鼎-東大,2023-07-27,9135
2317,鴻海,19,2,17,群益金鼎-東大,2023-07-27,9135
00687B,國泰20年美債,17,0,17,群益金鼎-東大,2023-07-27,9135
4958,臻鼎-KY,16,0,16,群益金鼎-東大,2023-07-27,9135
6485,點序,16,0,16,群益金鼎-東大,2023-07-27,9135
6161,捷波,19,3,16,群益金鼎-東大,2023-07-27,9135
2359,所羅門,28,13,15,群益金鼎-東大,2023-07-27,9135
2892,第一金,15,0,15,群益金鼎-東大,2023-07-27,9135
2303,聯電,18,3,15,群益金鼎-東大,2023-07-27,9135
1909,榮成,21,8,13,群益金鼎-東大,2023-07-27,9135
2405,輔信,21,8,13,群益金鼎-東大,2023-07-27,9135
3035,智原,21,8,13,群益金鼎-東大,2023-07-27,9135
6196,帆宣,18,6,12,群益金鼎-東大,2023-07-27,9135
00885,富邦越南,12,0,12,群益金鼎-東大,2023-07-27,9135
2308,台達電,12,0,12,群益金鼎-東大,2023-07-27,9135
8299,群聯,13,1,12,群益金鼎-東大,2023-07-27,9135
5452,佶優,14,2,12,群益金鼎-東大,2023-07-27,9135
2453,凌群,18,6,12,群益金鼎-東大,2023-07-27,9135
3306,鼎天,30,19,11,群益金鼎-東大,2023-07-27,9135
8234,新漢,20,9,11,群益金鼎-東大,2023-07-27,9135
2344,華邦電,16,5,11,群益金鼎-東大,2023-07-27,9135
2340,台亞,20,9,11,群益金鼎-東大,2023-07-27,9135
00882,中信中國高股息,11,0,11,群益金鼎-東大,2023-07-27,9135
3029,零壹,19,8,11,群益金鼎-東大,2023-07-27,9135
00680L,元大美債20正2,249,0,249,群益金鼎-東大,2023-07-28,9135
00679B,元大美債20年,119,6,113,群益金鼎-東大,2023-07-28,9135
00687B,國泰20年美債,104,0,104,群益金鼎-東大,2023-07-28,9135
00688L,國泰20年美債正2,100,0,100,群益金鼎-東大,2023-07-28,9135
2913,農林,150,68,82,群益金鼎-東大,2023-07-28,9135
4919,新唐,55,10,45,群益金鼎-東大,2023-07-28,9135
00720B,元大投資級公司債,60,20,40,群益金鼎-東大,2023-07-28,9135
3037,欣興,66,29,37,群益金鼎-東大,2023-07-28,9135
3617,碩天,36,0,36,群益金鼎-東大,2023-07-28,9135
1905,華紙,99,67,32,群益金鼎-東大,2023-07-28,9135
00673R,期元大S＆P原油反1,30,0,30,群益金鼎-東大,2023-07-28,9135
00751B,元大AAA至A公司債,28,0,28,群益金鼎-東大,2023-07-28,9135
00706L,期元大S＆P日圓正2,87,60,27,群益金鼎-東大,2023-07-28,9135
6005,群益證,27,0,27,群益金鼎-東大,2023-07-28,9135
2887,台新金,29,4,25,群益金鼎-東大,2023-07-28,9135
1319,東陽,25,1,24,群益金鼎-東大,2023-07-28,9135
2329,華泰,72,49,23,群益金鼎-東大,2023-07-28,9135
3041,揚智,23,0,23,群益金鼎-東大,2023-07-28,9135
2317,鴻海,22,0,22,群益金鼎-東大,2023-07-28,9135
6274,台燿,57,36,21,群益金鼎-東大,2023-07-28,9135
00632R,元大台灣50反1,20,0,20,群益金鼎-東大,2023-07-28,9135
2458,義隆,20,0,20,群益金鼎-東大,2023-07-28,9135
2369,菱生,22,2,20,群益金鼎-東大,2023-07-28,9135
2834,臺企銀,30,11,19,群益金鼎-東大,2023-07-28,9135
4533,協易機,21,2,19,群益金鼎-東大,2023-07-28,9135
00633L,富邦上証正2,20,2,18,群益金鼎-東大,2023-07-28,9135
00772B,中信高評級公司債,20,2,18,群益金鼎-東大,2023-07-28,9135
2890,永豐金,21,4,17,群益金鼎-東大,2023-07-28,9135
2891,中信金,17,0,17,群益金鼎-東大,2023-07-28,9135
00665L,富邦�琤肭磪囓�2,25,8,17,群益金鼎-東大,2023-07-28,9135
2027,大成鋼,16,0,16,群益金鼎-東大,2023-07-28,9135
8091,翔名,15,0,15,群益金鼎-東大,2023-07-28,9135
4958,臻鼎-KY,15,0,15,群益金鼎-東大,2023-07-28,9135
2609,陽明,41,27,14,群益金鼎-東大,2023-07-28,9135
4523,永彰,14,0,14,群益金鼎-東大,2023-07-28,9135
00713,元大台灣高息低波,14,0,14,群益金鼎-東大,2023-07-28,9135
2324,仁寶,14,0,14,群益金鼎-東大,2023-07-28,9135
2880,華南金,13,0,13,群益金鼎-東大,2023-07-28,9135
1815,富喬,29,16,13,群益金鼎-東大,2023-07-28,9135
3704,合勤控,13,0,13,群益金鼎-東大,2023-07-28,9135
3234,光環,23,10,13,群益金鼎-東大,2023-07-28,9135
6156,松上,12,0,12,群益金鼎-東大,2023-07-28,9135
6187,萬潤,19,7,12,群益金鼎-東大,2023-07-28,9135
2104,國際中橡,15,3,12,群益金鼎-東大,2023-07-28,9135
1471,首利,12,0,12,群益金鼎-東大,2023-07-28,9135
6125,廣運,12,1,11,群益金鼎-東大,2023-07-28,9135
6026,福邦證,11,0,11,群益金鼎-東大,2023-07-28,9135
6188,廣明,24,14,10,群益金鼎-東大,2023-07-28,9135
3706,神達,16,6,10,群益金鼎-東大,2023-07-28,9135
3289,宜特,16,6,10,群益金鼎-東大,2023-07-28,9135
00679B,元大美債20年,1515,0,1515,群益金鼎-東大,2023-07-31,9135
00680L,元大美債20正2,305,0,305,群益金鼎-東大,2023-07-31,9135
00929,復華台灣科技優息,142,10,132,群益金鼎-東大,2023-07-31,9135
00673R,期元大S＆P原油反1,87,5,82,群益金鼎-東大,2023-07-31,9135
6285,啟��,84,14,70,群益金鼎-東大,2023-07-31,9135
4746,台耀,69,2,67,群益金鼎-東大,2023-07-31,9135
3704,合勤控,64,2,62,群益金鼎-東大,2023-07-31,9135
2312,金寶,233,180,53,群益金鼎-東大,2023-07-31,9135
3057,喬鼎,50,0,50,群益金鼎-東大,2023-07-31,9135
2855,統一證,42,0,42,群益金鼎-東大,2023-07-31,9135
00633L,富邦上証正2,62,20,42,群益金鼎-東大,2023-07-31,9135
00751B,元大AAA至A公司債,35,0,35,群益金鼎-東大,2023-07-31,9135
2609,陽明,35,2,33,群益金鼎-東大,2023-07-31,9135
8048,德勝,49,18,31,群益金鼎-東大,2023-07-31,9135
2301,光寶科,163,132,31,群益金鼎-東大,2023-07-31,9135
1789,神隆,37,7,30,群益金鼎-東大,2023-07-31,9135
3228,金麗科,23,0,23,群益金鼎-東大,2023-07-31,9135
00637L,元大滬深300正2,26,3,23,群益金鼎-東大,2023-07-31,9135
6188,廣明,42,20,22,群益金鼎-東大,2023-07-31,9135
6282,康舒,82,61,21,群益金鼎-東大,2023-07-31,9135
3141,晶宏,21,1,20,群益金鼎-東大,2023-07-31,9135
2419,仲琦,37,17,20,群益金鼎-東大,2023-07-31,9135
2369,菱生,20,0,20,群益金鼎-東大,2023-07-31,9135
2881,富邦金,21,1,20,群益金鼎-東大,2023-07-31,9135
3706,神達,23,5,18,群益金鼎-東大,2023-07-31,9135
6005,群益證,20,3,17,群益金鼎-東大,2023-07-31,9135
1609,大亞,18,1,17,群益金鼎-東大,2023-07-31,9135
4919,新唐,28,11,17,群益金鼎-東大,2023-07-31,9135
2353,宏��,20,4,16,群益金鼎-東大,2023-07-31,9135
2201,裕隆,17,1,16,群益金鼎-東大,2023-07-31,9135
2330,台積電,16,1,15,群益金鼎-東大,2023-07-31,9135
2303,聯電,17,2,15,群益金鼎-東大,2023-07-31,9135
6531,愛普*,22,7,15,群益金鼎-東大,2023-07-31,9135
00752,中信中國50,15,0,15,群益金鼎-東大,2023-07-31,9135
3664,安瑞-KY,14,0,14,群益金鼎-東大,2023-07-31,9135
00772B,中信高評級公司債,13,0,13,群益金鼎-東大,2023-07-31,9135
2603,長榮,16,3,13,群益金鼎-東大,2023-07-31,9135
2329,華泰,64,51,13,群益金鼎-東大,2023-07-31,9135
2427,三商電,16,3,13,群益金鼎-東大,2023-07-31,9135
00713,元大台灣高息低波,13,0,13,群益金鼎-東大,2023-07-31,9135
5347,世界,13,1,12,群益金鼎-東大,2023-07-31,9135
1514,亞力,13,2,11,群益金鼎-東大,2023-07-31,9135
4906,正文,12,1,11,群益金鼎-東大,2023-07-31,9135
2882,國泰金,11,0,11,群益金鼎-東大,2023-07-31,9135
2816,旺旺保,10,0,10,群益金鼎-東大,2023-07-31,9135
3025,星通,34,24,10,群益金鼎-東大,2023-07-31,9135
2880,華南金,10,0,10,群益金鼎-東大,2023-07-31,9135
2897,王道銀行,10,0,10,群益金鼎-東大,2023-07-31,9135
4533,協易機,10,0,10,群益金鼎-東大,2023-07-31,9135
4930,燦星網,10,0,10,群益金鼎-東大,2023-07-31,9135
00679B,元大美債20年,505,7,498,群益金鼎-東大,2023-08-01,9135
00680L,元大美債20正2,267,110,157,群益金鼎-東大,2023-08-01,9135
00929,復華台灣科技優息,116,5,111,群益金鼎-東大,2023-08-01,9135
00706L,期元大S＆P日圓正2,71,0,71,群益金鼎-東大,2023-08-01,9135
1789,神隆,54,7,47,群益金鼎-東大,2023-08-01,9135
5488,松普,48,8,40,群益金鼎-東大,2023-08-01,9135
6841,長佳智能,36,0,36,群益金鼎-東大,2023-08-01,9135
1802,台玻,79,46,33,群益金鼎-東大,2023-08-01,9135
2486,一詮,30,0,30,群益金鼎-東大,2023-08-01,9135
2542,興富發,21,0,21,群益金鼎-東大,2023-08-01,9135
1718,中纖,20,1,19,群益金鼎-東大,2023-08-01,9135
3685,元創精密,19,0,19,群益金鼎-東大,2023-08-01,9135
3231,緯創,109,90,19,群益金鼎-東大,2023-08-01,9135
2402,毅嘉,43,25,18,群益金鼎-東大,2023-08-01,9135
8390,金益鼎,19,2,17,群益金鼎-東大,2023-08-01,9135
2892,第一金,18,2,16,群益金鼎-東大,2023-08-01,9135
6187,萬潤,21,6,15,群益金鼎-東大,2023-08-01,9135
1532,勤美,15,0,15,群益金鼎-東大,2023-08-01,9135
6282,康舒,42,28,14,群益金鼎-東大,2023-08-01,9135
3526,凡甲,14,0,14,群益金鼎-東大,2023-08-01,9135
4989,榮科,14,0,14,群益金鼎-東大,2023-08-01,9135
6239,力成,13,0,13,群益金鼎-東大,2023-08-01,9135
00919,群益台灣精選高息,13,0,13,群益金鼎-東大,2023-08-01,9135
3588,通嘉,13,0,13,群益金鼎-東大,2023-08-01,9135
2344,華邦電,13,0,13,群益金鼎-東大,2023-08-01,9135
6470,宇智,13,0,13,群益金鼎-東大,2023-08-01,9135
6218,豪勉,33,20,13,群益金鼎-東大,2023-08-01,9135
2881,富邦金,13,0,13,群益金鼎-東大,2023-08-01,9135
2329,華泰,25,12,13,群益金鼎-東大,2023-08-01,9135
6188,廣明,28,16,12,群益金鼎-東大,2023-08-01,9135
2352,佳世達,12,0,12,群益金鼎-東大,2023-08-01,9135
3033,威健,12,0,12,群益金鼎-東大,2023-08-01,9135
3380,明泰,11,0,11,群益金鼎-東大,2023-08-01,9135
2323,中環,39,28,11,群益金鼎-東大,2023-08-01,9135
6231,系微,47,36,11,群益金鼎-東大,2023-08-01,9135
5465,富驊,12,1,11,群益金鼎-東大,2023-08-01,9135
2520,冠德,14,3,11,群益金鼎-東大,2023-08-01,9135
2393,億光,11,0,11,群益金鼎-東大,2023-08-01,9135
6550,北極星藥業-KY,18,7,11,群益金鼎-東大,2023-08-01,9135
2382,廣達,58,47,11,群益金鼎-東大,2023-08-01,9135
00795B,中信美國公債20年,10,0,10,群益金鼎-東大,2023-08-01,9135
3014,聯陽,15,5,10,群益金鼎-東大,2023-08-01,9135
6719,力智,10,0,10,群益金鼎-東大,2023-08-01,9135
6290,良維,10,0,10,群益金鼎-東大,2023-08-01,9135
2313,華通,9,0,9,群益金鼎-東大,2023-08-01,9135
2409,友達,15,6,9,群益金鼎-東大,2023-08-01,9135
5328,華容,9,0,9,群益金鼎-東大,2023-08-01,9135
2449,京元電子,13,4,9,群益金鼎-東大,2023-08-01,9135
00885,富邦越南,15,6,9,群益金鼎-東大,2023-08-01,9135
3105,穩懋,9,1,8,群益金鼎-東大,2023-08-01,9135
00929,復華台灣科技優息,129,10,119,群益金鼎-東大,2023-08-02,9135
00688L,國泰20年美債正2,101,0,101,群益金鼎-東大,2023-08-02,9135
00687B,國泰20年美債,83,0,83,群益金鼎-東大,2023-08-02,9135
00673R,期元大S＆P原油反1,75,8,67,群益金鼎-東大,2023-08-02,9135
1605,華新,174,111,63,群益金鼎-東大,2023-08-02,9135
4958,臻鼎-KY,61,0,61,群益金鼎-東大,2023-08-02,9135
00679B,元大美債20年,75,15,60,群益金鼎-東大,2023-08-02,9135
1313,聯成,90,36,54,群益金鼎-東大,2023-08-02,9135
1609,大亞,104,56,48,群益金鼎-東大,2023-08-02,9135
00637L,元大滬深300正2,48,0,48,群益金鼎-東大,2023-08-02,9135
6285,啟��,65,23,42,群益金鼎-東大,2023-08-02,9135
1909,榮成,40,0,40,群益金鼎-東大,2023-08-02,9135
5347,世界,40,0,40,群益金鼎-東大,2023-08-02,9135
00680L,元大美債20正2,50,11,39,群益金鼎-東大,2023-08-02,9135
1903,士紙,48,11,37,群益金鼎-東大,2023-08-02,9135
3231,緯創,81,45,36,群益金鼎-東大,2023-08-02,9135
1608,華榮,109,74,35,群益金鼎-東大,2023-08-02,9135
2897,王道銀行,35,0,35,群益金鼎-東大,2023-08-02,9135
00712,復華富時不動產,36,2,34,群益金鼎-東大,2023-08-02,9135
2402,毅嘉,81,48,33,群益金鼎-東大,2023-08-02,9135
2317,鴻海,33,0,33,群益金鼎-東大,2023-08-02,9135
1904,正隆,30,1,29,群益金鼎-東大,2023-08-02,9135
00923,群益台ESG低碳50,35,10,25,群益金鼎-東大,2023-08-02,9135
00655L,國泰中國A50正2,25,0,25,群益金鼎-東大,2023-08-02,9135
1785,光洋科,52,27,25,群益金鼎-東大,2023-08-02,9135
6274,台燿,28,6,22,群益金鼎-東大,2023-08-02,9135
020022,元大電動車N,20,0,20,群益金鼎-東大,2023-08-02,9135
2308,台達電,25,6,19,群益金鼎-東大,2023-08-02,9135
3041,揚智,20,1,19,群益金鼎-東大,2023-08-02,9135
2520,冠德,18,0,18,群益金鼎-東大,2023-08-02,9135
2888,新光金,21,4,17,群益金鼎-東大,2023-08-02,9135
00900,富邦特選高股息30,18,2,16,群益金鼎-東大,2023-08-02,9135
1305,華夏,16,0,16,群益金鼎-東大,2023-08-02,9135
3483,力致,16,0,16,群益金鼎-東大,2023-08-02,9135
2495,普安,16,0,16,群益金鼎-東大,2023-08-02,9135
1532,勤美,17,1,16,群益金鼎-東大,2023-08-02,9135
00720B,元大投資級公司債,24,9,15,群益金鼎-東大,2023-08-02,9135
2603,長榮,14,0,14,群益金鼎-東大,2023-08-02,9135
1314,中石化,21,7,14,群益金鼎-東大,2023-08-02,9135
00772B,中信高評級公司債,14,0,14,群益金鼎-東大,2023-08-02,9135
3357,臺慶科,13,0,13,群益金鼎-東大,2023-08-02,9135
9955,佳龍,19,6,13,群益金鼎-東大,2023-08-02,9135
2344,華邦電,12,0,12,群益金鼎-東大,2023-08-02,9135
3685,元創精密,12,0,12,群益金鼎-東大,2023-08-02,9135
00919,群益台灣精選高息,29,17,12,群益金鼎-東大,2023-08-02,9135
00888,永豐台灣ESG,12,0,12,群益金鼎-東大,2023-08-02,9135
2887,台新金,13,1,12,群益金鼎-東大,2023-08-02,9135
00773B,中信優先金融債,12,0,12,群益金鼎-東大,2023-08-02,9135
2891,中信金,12,0,12,群益金鼎-東大,2023-08-02,9135
3025,星通,13,1,12,群益金鼎-東大,2023-08-02,9135
00688L,國泰20年美債正2,501,0,501,群益金鼎-東大,2023-08-04,9135
00687B,國泰20年美債,306,0,306,群益金鼎-東大,2023-08-04,9135
00680L,元大美債20正2,164,0,164,群益金鼎-東大,2023-08-04,9135
6274,台燿,92,7,85,群益金鼎-東大,2023-08-04,9135
5871,中租-KY,64,0,64,群益金鼎-東大,2023-08-04,9135
1802,台玻,93,35,58,群益金鼎-東大,2023-08-04,9135
020022,元大電動車N,53,0,53,群益金鼎-東大,2023-08-04,9135
3481,群創,53,1,52,群益金鼎-東大,2023-08-04,9135
00795B,中信美國公債20年,55,4,51,群益金鼎-東大,2023-08-04,9135
00712,復華富時不動產,50,0,50,群益金鼎-東大,2023-08-04,9135
2891,中信金,49,0,49,群益金鼎-東大,2023-08-04,9135
00919,群益台灣精選高息,46,2,44,群益金鼎-東大,2023-08-04,9135
00720B,元大投資級公司債,42,0,42,群益金鼎-東大,2023-08-04,9135
00929,復華台灣科技優息,41,0,41,群益金鼎-東大,2023-08-04,9135
00751B,元大AAA至A公司債,38,3,35,群益金鼎-東大,2023-08-04,9135
2882,國泰金,25,0,25,群益金鼎-東大,2023-08-04,9135
6640,均華,24,0,24,群益金鼎-東大,2023-08-04,9135
2344,華邦電,66,43,23,群益金鼎-東大,2023-08-04,9135
00923,群益台ESG低碳50,23,0,23,群益金鼎-東大,2023-08-04,9135
1605,華新,60,38,22,群益金鼎-東大,2023-08-04,9135
2353,宏��,35,13,22,群益金鼎-東大,2023-08-04,9135
00692,富邦公司治理,22,0,22,群益金鼎-東大,2023-08-04,9135
2618,長榮航,26,5,21,群益金鼎-東大,2023-08-04,9135
00772B,中信高評級公司債,28,7,21,群益金鼎-東大,2023-08-04,9135
4919,新唐,22,2,20,群益金鼎-東大,2023-08-04,9135
00907,永豐優息存股,20,0,20,群益金鼎-東大,2023-08-04,9135
00753L,中信中國50正2,20,0,20,群益金鼎-東大,2023-08-04,9135
1447,力鵬,20,0,20,群益金鼎-東大,2023-08-04,9135
9938,百和,20,0,20,群益金鼎-東大,2023-08-04,9135
00722B,群益投資級電信債,18,0,18,群益金鼎-東大,2023-08-04,9135
2356,英業達,53,36,17,群益金鼎-東大,2023-08-04,9135
2610,華航,16,0,16,群益金鼎-東大,2023-08-04,9135
1616,億泰,21,5,16,群益金鼎-東大,2023-08-04,9135
2342,茂矽,18,2,16,群益金鼎-東大,2023-08-04,9135
2609,陽明,22,7,15,群益金鼎-東大,2023-08-04,9135
00715L,期街口布蘭特正2,15,0,15,群益金鼎-東大,2023-08-04,9135
6125,廣運,16,1,15,群益金鼎-東大,2023-08-04,9135
2103,台橡,16,1,15,群益金鼎-東大,2023-08-04,9135
3014,聯陽,17,2,15,群益金鼎-東大,2023-08-04,9135
020031,統一IC設計臺灣N,15,0,15,群益金鼎-東大,2023-08-04,9135
8086,宏捷科,18,4,14,群益金鼎-東大,2023-08-04,9135
3092,鴻碩,21,7,14,群益金鼎-東大,2023-08-04,9135
1618,合機,13,0,13,群益金鼎-東大,2023-08-04,9135
2303,聯電,12,0,12,群益金鼎-東大,2023-08-04,9135
6788,華景電,13,1,12,群益金鼎-東大,2023-08-04,9135
5511,德昌,27,15,12,群益金鼎-東大,2023-08-04,9135
5347,世界,16,4,12,群益金鼎-東大,2023-08-04,9135
00764B,群益25年美債,12,0,12,群益金鼎-東大,2023-08-04,9135
5880,合庫金,22,10,12,群益金鼎-東大,2023-08-04,9135
2376,技嘉,27,16,11,群益金鼎-東大,2023-08-04,9135
00929,復華台灣科技優息,161,10,151,群益金鼎-東大,2023-08-07,9135
00687B,國泰20年美債,96,0,96,群益金鼎-東大,2023-08-07,9135
3051,力特,55,1,54,群益金鼎-東大,2023-08-07,9135
00720B,元大投資級公司債,47,0,47,群益金鼎-東大,2023-08-07,9135
6005,群益證,45,0,45,群益金鼎-東大,2023-08-07,9135
00882,中信中國高股息,34,0,34,群益金鼎-東大,2023-08-07,9135
1314,中石化,30,0,30,群益金鼎-東大,2023-08-07,9135
00673R,期元大S＆P原油反1,31,1,30,群益金鼎-東大,2023-08-07,9135
00923,群益台ESG低碳50,28,0,28,群益金鼎-東大,2023-08-07,9135
3706,神達,77,50,27,群益金鼎-東大,2023-08-07,9135
2603,長榮,26,1,25,群益金鼎-東大,2023-08-07,9135
00753L,中信中國50正2,25,0,25,群益金鼎-東大,2023-08-07,9135
5452,佶優,24,2,22,群益金鼎-東大,2023-08-07,9135
00907,永豐優息存股,20,0,20,群益金鼎-東大,2023-08-07,9135
3308,聯德,27,8,19,群益金鼎-東大,2023-08-07,9135
00900,富邦特選高股息30,17,0,17,群益金鼎-東大,2023-08-07,9135
5871,中租-KY,18,2,16,群益金鼎-東大,2023-08-07,9135
2409,友達,26,10,16,群益金鼎-東大,2023-08-07,9135
3362,先進光,16,0,16,群益金鼎-東大,2023-08-07,9135
3037,欣興,18,3,15,群益金鼎-東大,2023-08-07,9135
4102,永日,15,0,15,群益金鼎-東大,2023-08-07,9135
4906,正文,19,4,15,群益金鼎-東大,2023-08-07,9135
00751B,元大AAA至A公司債,15,0,15,群益金鼎-東大,2023-08-07,9135
6470,宇智,19,5,14,群益金鼎-東大,2023-08-07,9135
0056,元大高股息,17,5,12,群益金鼎-東大,2023-08-07,9135
00850,元大臺灣ESG永續,12,0,12,群益金鼎-東大,2023-08-07,9135
3257,虹冠電,12,0,12,群益金鼎-東大,2023-08-07,9135
00772B,中信高評級公司債,15,3,12,群益金鼎-東大,2023-08-07,9135
9927,泰銘,21,9,12,群益金鼎-東大,2023-08-07,9135
1712,興農,12,1,11,群益金鼎-東大,2023-08-07,9135
3046,建��,11,0,11,群益金鼎-東大,2023-08-07,9135
2834,臺企銀,11,0,11,群益金鼎-東大,2023-08-07,9135
2352,佳世達,15,5,10,群益金鼎-東大,2023-08-07,9135
00902,中信電池及儲能,10,0,10,群益金鼎-東大,2023-08-07,9135
2880,華南金,10,0,10,群益金鼎-東大,2023-08-07,9135
2855,統一證,10,0,10,群益金鼎-東大,2023-08-07,9135
00885,富邦越南,10,0,10,群益金鼎-東大,2023-08-07,9135
5488,松普,15,5,10,群益金鼎-東大,2023-08-07,9135
4114,健喬,11,1,10,群益金鼎-東大,2023-08-07,9135
8076,伍豐,9,0,9,群益金鼎-東大,2023-08-07,9135
6116,彩晶,9,0,9,群益金鼎-東大,2023-08-07,9135
3004,豐達科,18,9,9,群益金鼎-東大,2023-08-07,9135
00773B,中信優先金融債,12,3,9,群益金鼎-東大,2023-08-07,9135
2891,中信金,8,0,8,群益金鼎-東大,2023-08-07,9135
2461,光群雷,9,1,8,群益金鼎-東大,2023-08-07,9135
6243,迅杰,8,0,8,群益金鼎-東大,2023-08-07,9135
3443,創意,8,1,7,群益金鼎-東大,2023-08-07,9135
1532,勤美,16,9,7,群益金鼎-東大,2023-08-07,9135
6799,來頡,7,0,7,群益金鼎-東大,2023-08-07,9135
6788,華景電,9,2,7,群益金鼎-東大,2023-08-07,9135
00688L,國泰20年美債正2,320,0,320,群益金鼎-東大,2023-08-08,9135
00929,復華台灣科技優息,129,10,119,群益金鼎-東大,2023-08-08,9135
00900,富邦特選高股息30,107,0,107,群益金鼎-東大,2023-08-08,9135
00673R,期元大S＆P原油反1,80,4,76,群益金鼎-東大,2023-08-08,9135
00772B,中信高評級公司債,51,0,51,群益金鼎-東大,2023-08-08,9135
00878,國泰永續高股息,57,10,47,群益金鼎-東大,2023-08-08,9135
1903,士紙,45,0,45,群益金鼎-東大,2023-08-08,9135
00923,群益台ESG低碳50,43,0,43,群益金鼎-東大,2023-08-08,9135
00706L,期元大S＆P日圓正2,41,0,41,群益金鼎-東大,2023-08-08,9135
00753L,中信中國50正2,40,0,40,群益金鼎-東大,2023-08-08,9135
2356,英業達,146,111,35,群益金鼎-東大,2023-08-08,9135
3231,緯創,165,136,29,群益金鼎-東大,2023-08-08,9135
3029,零壹,30,4,26,群益金鼎-東大,2023-08-08,9135
2382,廣達,86,61,25,群益金鼎-東大,2023-08-08,9135
0056,元大高股息,24,0,24,群益金鼎-東大,2023-08-08,9135
2891,中信金,23,0,23,群益金鼎-東大,2023-08-08,9135
3038,全台,29,8,21,群益金鼎-東大,2023-08-08,9135
6274,台燿,255,237,18,群益金鼎-東大,2023-08-08,9135
3325,旭品,26,9,17,群益金鼎-東大,2023-08-08,9135
5452,佶優,21,5,16,群益金鼎-東大,2023-08-08,9135
6770,力積電,17,1,16,群益金鼎-東大,2023-08-08,9135
6224,聚鼎,15,0,15,群益金鼎-東大,2023-08-08,9135
3257,虹冠電,15,0,15,群益金鼎-東大,2023-08-08,9135
1609,大亞,14,0,14,群益金鼎-東大,2023-08-08,9135
00720B,元大投資級公司債,14,0,14,群益金鼎-東大,2023-08-08,9135
00891,中信關鍵半導體,14,0,14,群益金鼎-東大,2023-08-08,9135
5348,正能量智能,13,0,13,群益金鼎-東大,2023-08-08,9135
3481,群創,18,5,13,群益金鼎-東大,2023-08-08,9135
6188,廣明,42,29,13,群益金鼎-東大,2023-08-08,9135
3141,晶宏,12,0,12,群益金鼎-東大,2023-08-08,9135
2888,新光金,12,0,12,群益金鼎-東大,2023-08-08,9135
2342,茂矽,12,0,12,群益金鼎-東大,2023-08-08,9135
2884,玉山金,13,1,12,群益金鼎-東大,2023-08-08,9135
2002,中鋼,11,0,11,群益金鼎-東大,2023-08-08,9135
00751B,元大AAA至A公司債,11,0,11,群益金鼎-東大,2023-08-08,9135
3035,智原,15,5,10,群益金鼎-東大,2023-08-08,9135
2014,中鴻,10,0,10,群益金鼎-東大,2023-08-08,9135
4532,瑞智,10,0,10,群益金鼎-東大,2023-08-08,9135
00930,永豐ESG低碳高息,10,0,10,群益金鼎-東大,2023-08-08,9135
3044,健鼎,47,37,10,群益金鼎-東大,2023-08-08,9135
5347,世界,13,4,9,群益金鼎-東大,2023-08-08,9135
8027,鈦昇,22,13,9,群益金鼎-東大,2023-08-08,9135
6213,聯茂,11,2,9,群益金鼎-東大,2023-08-08,9135
3685,元創精密,9,0,9,群益金鼎-東大,2023-08-08,9135
3014,聯陽,10,2,8,群益金鼎-東大,2023-08-08,9135
8404,百和興業-KY,8,0,8,群益金鼎-東大,2023-08-08,9135
3713,新晶投控,8,0,8,群益金鼎-東大,2023-08-08,9135
2610,華航,15,7,8,群益金鼎-東大,2023-08-08,9135
9934,成霖,9,1,8,群益金鼎-東大,2023-08-08,9135
2376,技嘉,47,39,8,群益金鼎-東大,2023-08-08,9135
2892,第一金,136,0,136,群益金鼎-東大,2023-08-09,9135
2481,強茂,95,0,95,群益金鼎-東大,2023-08-09,9135
4167,松瑞藥,66,2,64,群益金鼎-東大,2023-08-09,9135
00751B,元大AAA至A公司債,62,0,62,群益金鼎-東大,2023-08-09,9135
6640,均華,53,0,53,群益金鼎-東大,2023-08-09,9135
2442,新美齊,38,0,38,群益金鼎-東大,2023-08-09,9135
3483,力致,54,17,37,群益金鼎-東大,2023-08-09,9135
00753L,中信中國50正2,36,0,36,群益金鼎-東大,2023-08-09,9135
00929,復華台灣科技優息,82,50,32,群益金鼎-東大,2023-08-09,9135
6470,宇智,31,1,30,群益金鼎-東大,2023-08-09,9135
6285,啟��,29,4,25,群益金鼎-東大,2023-08-09,9135
00900,富邦特選高股息30,23,0,23,群益金鼎-東大,2023-08-09,9135
00665L,富邦�琤肭磪囓�2,27,6,21,群益金鼎-東大,2023-08-09,9135
3038,全台,21,0,21,群益金鼎-東大,2023-08-09,9135
00772B,中信高評級公司債,21,1,20,群益金鼎-東大,2023-08-09,9135
5348,正能量智能,20,0,20,群益金鼎-東大,2023-08-09,9135
3036,文曄,20,0,20,群益金鼎-東大,2023-08-09,9135
00687B,國泰20年美債,20,1,19,群益金鼎-東大,2023-08-09,9135
3231,緯創,110,91,19,群益金鼎-東大,2023-08-09,9135
3454,晶睿,25,6,19,群益金鼎-東大,2023-08-09,9135
2486,一詮,19,1,18,群益金鼎-東大,2023-08-09,9135
00927,群益半導體收益,18,0,18,群益金鼎-東大,2023-08-09,9135
3481,群創,22,5,17,群益金鼎-東大,2023-08-09,9135
1402,遠東新,15,0,15,群益金鼎-東大,2023-08-09,9135
3548,兆利,17,3,14,群益金鼎-東大,2023-08-09,9135
6770,力積電,11,0,11,群益金鼎-東大,2023-08-09,9135
4906,正文,15,4,11,群益金鼎-東大,2023-08-09,9135
3363,上詮,12,1,11,群益金鼎-東大,2023-08-09,9135
2834,臺企銀,16,5,11,群益金鼎-東大,2023-08-09,9135
2382,廣達,45,35,10,群益金鼎-東大,2023-08-09,9135
1513,中興電,24,14,10,群益金鼎-東大,2023-08-09,9135
3207,耀勝,11,1,10,群益金鼎-東大,2023-08-09,9135
2436,偉詮電,10,0,10,群益金鼎-東大,2023-08-09,9135
5439,高技,17,7,10,群益金鼎-東大,2023-08-09,9135
00764B,群益25年美債,10,0,10,群益金鼎-東大,2023-08-09,9135
00664R,國泰臺灣加權反1,10,0,10,群益金鼎-東大,2023-08-09,9135
020031,統一IC設計臺灣N,10,0,10,群益金鼎-東大,2023-08-09,9135
2601,益航,10,0,10,群益金鼎-東大,2023-08-09,9135
6147,頎邦,11,1,10,群益金鼎-東大,2023-08-09,9135
6412,群電,22,13,9,群益金鼎-東大,2023-08-09,9135
6672,騰輝電子-KY,21,12,9,群益金鼎-東大,2023-08-09,9135
3694,海華,10,1,9,群益金鼎-東大,2023-08-09,9135
2609,陽明,15,6,9,群益金鼎-東大,2023-08-09,9135
2891,中信金,11,2,9,群益金鼎-東大,2023-08-09,9135
00632R,元大台灣50反1,10,1,9,群益金鼎-東大,2023-08-09,9135
2201,裕隆,12,3,9,群益金鼎-東大,2023-08-09,9135
3131,弘塑,8,0,8,群益金鼎-東大,2023-08-09,9135
6182,合晶,12,4,8,群益金鼎-東大,2023-08-09,9135
1903,士紙,10,2,8,群益金鼎-東大,2023-08-09,9135
3013,晟銘電,36,28,8,群益金鼎-東大,2023-08-09,9135
00929,復華台灣科技優息,60,3,57,群益金鼎-東大,2023-08-10,9135
00923,群益台ESG低碳50,46,0,46,群益金鼎-東大,2023-08-10,9135
2610,華航,53,13,40,群益金鼎-東大,2023-08-10,9135
3481,群創,62,25,37,群益金鼎-東大,2023-08-10,9135
00900,富邦特選高股息30,38,1,37,群益金鼎-東大,2023-08-10,9135
00919,群益台灣精選高息,27,0,27,群益金鼎-東大,2023-08-10,9135
020031,統一IC設計臺灣N,25,0,25,群益金鼎-東大,2023-08-10,9135
00878,國泰永續高股息,55,32,23,群益金鼎-東大,2023-08-10,9135
2030,彰源,23,0,23,群益金鼎-東大,2023-08-10,9135
3078,僑威,46,24,22,群益金鼎-東大,2023-08-10,9135
00885,富邦越南,22,0,22,群益金鼎-東大,2023-08-10,9135
00772B,中信高評級公司債,21,0,21,群益金鼎-東大,2023-08-10,9135
2368,金像電,30,9,21,群益金鼎-東大,2023-08-10,9135
1714,和桐,21,0,21,群益金鼎-東大,2023-08-10,9135
6640,均華,21,0,21,群益金鼎-東大,2023-08-10,9135
00877,復華中國5G,20,0,20,群益金鼎-東大,2023-08-10,9135
00753L,中信中國50正2,20,0,20,群益金鼎-東大,2023-08-10,9135
2312,金寶,20,1,19,群益金鼎-東大,2023-08-10,9135
6116,彩晶,20,1,19,群益金鼎-東大,2023-08-10,9135
0056,元大高股息,18,0,18,群益金鼎-東大,2023-08-10,9135
00673R,期元大S＆P原油反1,68,50,18,群益金鼎-東大,2023-08-10,9135
00665L,富邦�琤肭磪囓�2,22,4,18,群益金鼎-東大,2023-08-10,9135
3032,偉訓,20,3,17,群益金鼎-東大,2023-08-10,9135
1609,大亞,25,9,16,群益金鼎-東大,2023-08-10,9135
0050,元大台灣50,16,1,15,群益金鼎-東大,2023-08-10,9135
00755B,群益投資級公用債,13,0,13,群益金鼎-東大,2023-08-10,9135
2423,固緯,13,0,13,群益金鼎-東大,2023-08-10,9135
00655L,國泰中國A50正2,12,0,12,群益金鼎-東大,2023-08-10,9135
8404,百和興業-KY,12,0,12,群益金鼎-東大,2023-08-10,9135
2892,第一金,12,1,11,群益金鼎-東大,2023-08-10,9135
00631L,元大台灣50正2,13,2,11,群益金鼎-東大,2023-08-10,9135
6282,康舒,31,20,11,群益金鼎-東大,2023-08-10,9135
1802,台玻,13,2,11,群益金鼎-東大,2023-08-10,9135
2329,華泰,26,15,11,群益金鼎-東大,2023-08-10,9135
00692,富邦公司治理,12,1,11,群益金鼎-東大,2023-08-10,9135
2886,兆豐金,13,3,10,群益金鼎-東大,2023-08-10,9135
6182,合晶,10,0,10,群益金鼎-東大,2023-08-10,9135
00922,國泰台灣領袖50,10,0,10,群益金鼎-東大,2023-08-10,9135
1110,東泥,10,0,10,群益金鼎-東大,2023-08-10,9135
6261,久元,10,1,9,群益金鼎-東大,2023-08-10,9135
3044,健鼎,52,43,9,群益金鼎-東大,2023-08-10,9135
5536,聖暉*,9,0,9,群益金鼎-東大,2023-08-10,9135
3363,上詮,9,0,9,群益金鼎-東大,2023-08-10,9135
2356,英業達,79,71,8,群益金鼎-東大,2023-08-10,9135
6216,居易,8,0,8,群益金鼎-東大,2023-08-10,9135
5348,正能量智能,8,0,8,群益金鼎-東大,2023-08-10,9135
6218,豪勉,8,0,8,群益金鼎-東大,2023-08-10,9135
6167,久正,8,0,8,群益金鼎-東大,2023-08-10,9135
00751B,元大AAA至A公司債,8,0,8,群益金鼎-東大,2023-08-10,9135
1904,正隆,7,0,7,群益金鼎-東大,2023-08-10,9135
00931B,統一美債20年,208,0,208,群益金鼎-東大,2023-08-11,9135
6770,力積電,118,1,117,群益金鼎-東大,2023-08-11,9135
2886,兆豐金,112,0,112,群益金鼎-東大,2023-08-11,9135
2356,英業達,108,20,88,群益金鼎-東大,2023-08-11,9135
00929,復華台灣科技優息,72,0,72,群益金鼎-東大,2023-08-11,9135
00772B,中信高評級公司債,68,0,68,群益金鼎-東大,2023-08-11,9135
3004,豐達科,58,0,58,群益金鼎-東大,2023-08-11,9135
3231,緯創,176,130,46,群益金鼎-東大,2023-08-11,9135
00687B,國泰20年美債,37,0,37,群益金鼎-東大,2023-08-11,9135
2892,第一金,45,10,35,群益金鼎-東大,2023-08-11,9135
00882,中信中國高股息,32,0,32,群益金鼎-東大,2023-08-11,9135
00673R,期元大S＆P原油反1,31,0,31,群益金鼎-東大,2023-08-11,9135
6284,佳邦,30,0,30,群益金鼎-東大,2023-08-11,9135
00632R,元大台灣50反1,30,1,29,群益金鼎-東大,2023-08-11,9135
2801,彰銀,22,0,22,群益金鼎-東大,2023-08-11,9135
00878,國泰永續高股息,32,11,21,群益金鼎-東大,2023-08-11,9135
00773B,中信優先金融債,20,0,20,群益金鼎-東大,2023-08-11,9135
00755B,群益投資級公用債,20,0,20,群益金鼎-東大,2023-08-11,9135
3202,樺晟,20,0,20,群益金鼎-東大,2023-08-11,9135
6104,創惟,15,0,15,群益金鼎-東大,2023-08-11,9135
3706,神達,20,5,15,群益金鼎-東大,2023-08-11,9135
6640,均華,14,0,14,群益金鼎-東大,2023-08-11,9135
3078,僑威,54,41,13,群益金鼎-東大,2023-08-11,9135
2516,新建,16,4,12,群益金鼎-東大,2023-08-11,9135
3363,上詮,28,16,12,群益金鼎-東大,2023-08-11,9135
00919,群益台灣精選高息,11,0,11,群益金鼎-東大,2023-08-11,9135
00881,國泰台灣5G+,11,0,11,群益金鼎-東大,2023-08-11,9135
2363,矽統,61,50,11,群益金鼎-東大,2023-08-11,9135
2915,潤泰全,11,1,10,群益金鼎-東大,2023-08-11,9135
1337,再生-KY,10,0,10,群益金鼎-東大,2023-08-11,9135
00751B,元大AAA至A公司債,10,0,10,群益金鼎-東大,2023-08-11,9135
6116,彩晶,10,0,10,群益金鼎-東大,2023-08-11,9135
1720,生達,14,4,10,群益金鼎-東大,2023-08-11,9135
2883,凱基金,10,0,10,群益金鼎-東大,2023-08-11,9135
6274,台燿,27,17,10,群益金鼎-東大,2023-08-11,9135
2342,茂矽,13,3,10,群益金鼎-東大,2023-08-11,9135
00877,復華中國5G,10,0,10,群益金鼎-東大,2023-08-11,9135
00770,國泰北美科技,10,0,10,群益金鼎-東大,2023-08-11,9135
3685,元創精密,9,0,9,群益金鼎-東大,2023-08-11,9135
00706L,期元大S＆P日圓正2,9,0,9,群益金鼎-東大,2023-08-11,9135
2423,固緯,9,0,9,群益金鼎-東大,2023-08-11,9135
2634,漢翔,15,6,9,群益金鼎-東大,2023-08-11,9135
00680L,元大美債20正2,8,0,8,群益金鼎-東大,2023-08-11,9135
2421,建準,10,2,8,群益金鼎-東大,2023-08-11,9135
3052,夆典,13,5,8,群益金鼎-東大,2023-08-11,9135
2409,友達,9,1,8,群益金鼎-東大,2023-08-11,9135
4721,美琪瑪,8,0,8,群益金鼎-東大,2023-08-11,9135
2002,中鋼,7,0,7,群益金鼎-東大,2023-08-11,9135
3105,穩懋,8,1,7,群益金鼎-東大,2023-08-11,9135
2834,臺企銀,13,6,7,群益金鼎-東大,2023-08-11,9135
00795B,中信美國公債20年,215,0,215,群益金鼎-東大,2023-08-14,9135
00929,復華台灣科技優息,150,0,150,群益金鼎-東大,2023-08-14,9135
00923,群益台ESG低碳50,113,2,111,群益金鼎-東大,2023-08-14,9135
00900,富邦特選高股息30,91,0,91,群益金鼎-東大,2023-08-14,9135
6770,力積電,85,3,82,群益金鼎-東大,2023-08-14,9135
2618,長榮航,81,1,80,群益金鼎-東大,2023-08-14,9135
2606,裕民,70,0,70,群益金鼎-東大,2023-08-14,9135
00878,國泰永續高股息,76,13,63,群益金鼎-東大,2023-08-14,9135
00751B,元大AAA至A公司債,61,0,61,群益金鼎-東大,2023-08-14,9135
00882,中信中國高股息,65,8,57,群益金鼎-東大,2023-08-14,9135
2323,中環,128,79,49,群益金鼎-東大,2023-08-14,9135
2834,臺企銀,50,1,49,群益金鼎-東大,2023-08-14,9135
3483,力致,61,18,43,群益金鼎-東大,2023-08-14,9135
2891,中信金,39,0,39,群益金鼎-東大,2023-08-14,9135
2886,兆豐金,36,2,34,群益金鼎-東大,2023-08-14,9135
2382,廣達,118,85,33,群益金鼎-東大,2023-08-14,9135
6284,佳邦,30,0,30,群益金鼎-東大,2023-08-14,9135
3231,緯創,102,74,28,群益金鼎-東大,2023-08-14,9135
0050,元大台灣50,26,0,26,群益金鼎-東大,2023-08-14,9135
2801,彰銀,26,0,26,群益金鼎-東大,2023-08-14,9135
4916,事欣科,24,0,24,群益金鼎-東大,2023-08-14,9135
00919,群益台灣精選高息,22,2,20,群益金鼎-東大,2023-08-14,9135
00753L,中信中國50正2,25,5,20,群益金鼎-東大,2023-08-14,9135
2344,華邦電,19,0,19,群益金鼎-東大,2023-08-14,9135
2610,華航,30,11,19,群益金鼎-東大,2023-08-14,9135
5388,中磊,21,2,19,群益金鼎-東大,2023-08-14,9135
00680L,元大美債20正2,19,1,18,群益金鼎-東大,2023-08-14,9135
2845,遠東銀,18,0,18,群益金鼎-東大,2023-08-14,9135
1609,大亞,87,70,17,群益金鼎-東大,2023-08-14,9135
00902,中信電池及儲能,16,0,16,群益金鼎-東大,2023-08-14,9135
00665L,富邦�琤肭磪囓�2,21,5,16,群益金鼎-東大,2023-08-14,9135
00722B,群益投資級電信債,15,0,15,群益金鼎-東大,2023-08-14,9135
6285,啟��,68,54,14,群益金鼎-東大,2023-08-14,9135
2356,英業達,110,97,13,群益金鼎-東大,2023-08-14,9135
3163,波若威,17,4,13,群益金鼎-東大,2023-08-14,9135
6640,均華,13,0,13,群益金鼎-東大,2023-08-14,9135
3362,先進光,15,3,12,群益金鼎-東大,2023-08-14,9135
2605,新興,12,0,12,群益金鼎-東大,2023-08-14,9135
3006,晶豪科,11,0,11,群益金鼎-東大,2023-08-14,9135
1513,中興電,48,37,11,群益金鼎-東大,2023-08-14,9135
4538,大詠城,11,0,11,群益金鼎-東大,2023-08-14,9135
4919,新唐,11,0,11,群益金鼎-東大,2023-08-14,9135
9939,宏全,12,2,10,群益金鼎-東大,2023-08-14,9135
2030,彰源,10,0,10,群益金鼎-東大,2023-08-14,9135
00931B,統一美債20年,10,0,10,群益金鼎-東大,2023-08-14,9135
2443,昶虹,10,0,10,群益金鼎-東大,2023-08-14,9135
00637L,元大滬深300正2,17,7,10,群益金鼎-東大,2023-08-14,9135
2476,鉅祥,10,0,10,群益金鼎-東大,2023-08-14,9135
00877,復華中國5G,10,0,10,群益金鼎-東大,2023-08-14,9135
3713,新晶投控,10,0,10,群益金鼎-東大,2023-08-14,9135
00929,復華台灣科技優息,204,10,194,群益金鼎-東大,2023-08-15,9135
2891,中信金,171,8,163,群益金鼎-東大,2023-08-15,9135
00900,富邦特選高股息30,163,0,163,群益金鼎-東大,2023-08-15,9135
00632R,元大台灣50反1,112,0,112,群益金鼎-東大,2023-08-15,9135
00688L,國泰20年美債正2,100,0,100,群益金鼎-東大,2023-08-15,9135
00923,群益台ESG低碳50,66,12,54,群益金鼎-東大,2023-08-15,9135
6274,台燿,61,29,32,群益金鼎-東大,2023-08-15,9135
2317,鴻海,34,3,31,群益金鼎-東大,2023-08-15,9135
00751B,元大AAA至A公司債,30,0,30,群益金鼎-東大,2023-08-15,9135
2897,王道銀行,24,0,24,群益金鼎-東大,2023-08-15,9135
2883,凱基金,23,1,22,群益金鼎-東大,2023-08-15,9135
3231,緯創,119,97,22,群益金鼎-東大,2023-08-15,9135
6640,均華,20,0,20,群益金鼎-東大,2023-08-15,9135
2834,臺企銀,33,13,20,群益金鼎-東大,2023-08-15,9135
3051,力特,21,1,20,群益金鼎-東大,2023-08-15,9135
9934,成霖,20,0,20,群益金鼎-東大,2023-08-15,9135
8027,鈦昇,21,1,20,群益金鼎-東大,2023-08-15,9135
6188,廣明,24,7,17,群益金鼎-東大,2023-08-15,9135
2329,華泰,24,7,17,群益金鼎-東大,2023-08-15,9135
2312,金寶,30,14,16,群益金鼎-東大,2023-08-15,9135
00772B,中信高評級公司債,16,0,16,群益金鼎-東大,2023-08-15,9135
5488,松普,30,15,15,群益金鼎-東大,2023-08-15,9135
6125,廣運,20,5,15,群益金鼎-東大,2023-08-15,9135
00850,元大臺灣ESG永續,13,0,13,群益金鼎-東大,2023-08-15,9135
00679B,元大美債20年,24,11,13,群益金鼎-東大,2023-08-15,9135
3163,波若威,46,34,12,群益金鼎-東大,2023-08-15,9135
2206,三陽工業,11,0,11,群益金鼎-東大,2023-08-15,9135
2023,燁輝,12,1,11,群益金鼎-東大,2023-08-15,9135
00895,富邦未來車,11,0,11,群益金鼎-東大,2023-08-15,9135
00907,永豐優息存股,11,0,11,群益金鼎-東大,2023-08-15,9135
2330,台積電,10,0,10,群益金鼎-東大,2023-08-15,9135
00885,富邦越南,10,0,10,群益金鼎-東大,2023-08-15,9135
2890,永豐金,14,4,10,群益金鼎-東大,2023-08-15,9135
2061,風青,10,0,10,群益金鼎-東大,2023-08-15,9135
3622,洋華,26,16,10,群益金鼎-東大,2023-08-15,9135
2402,毅嘉,10,0,10,群益金鼎-東大,2023-08-15,9135
2342,茂矽,10,0,10,群益金鼎-東大,2023-08-15,9135
2002,中鋼,9,0,9,群益金鼎-東大,2023-08-15,9135
00687B,國泰20年美債,9,0,9,群益金鼎-東大,2023-08-15,9135
00706L,期元大S＆P日圓正2,9,0,9,群益金鼎-東大,2023-08-15,9135
3707,漢磊,10,1,9,群益金鼎-東大,2023-08-15,9135
00878,國泰永續高股息,45,36,9,群益金鼎-東大,2023-08-15,9135
2353,宏��,18,10,8,群益金鼎-東大,2023-08-15,9135
5347,世界,8,0,8,群益金鼎-東大,2023-08-15,9135
6005,群益證,7,0,7,群益金鼎-東大,2023-08-15,9135
2516,新建,9,2,7,群益金鼎-東大,2023-08-15,9135
00882,中信中國高股息,8,2,6,群益金鼎-東大,2023-08-15,9135
2484,希華,6,0,6,群益金鼎-東大,2023-08-15,9135
1605,華新,6,0,6,群益金鼎-東大,2023-08-15,9135
6415,矽力*-KY,8,2,6,群益金鼎-東大,2023-08-15,9135
2462,良得電,203,3,200,群益金鼎-東大,2023-08-16,9135
00929,復華台灣科技優息,138,0,138,群益金鼎-東大,2023-08-16,9135
00923,群益台ESG低碳50,92,0,92,群益金鼎-東大,2023-08-16,9135
00688L,國泰20年美債正2,52,0,52,群益金鼎-東大,2023-08-16,9135
2890,永豐金,46,0,46,群益金鼎-東大,2023-08-16,9135
00632R,元大台灣50反1,40,1,39,群益金鼎-東大,2023-08-16,9135
2516,新建,37,2,35,群益金鼎-東大,2023-08-16,9135
00772B,中信高評級公司債,35,0,35,群益金鼎-東大,2023-08-16,9135
3231,緯創,85,53,32,群益金鼎-東大,2023-08-16,9135
00900,富邦特選高股息30,32,3,29,群益金鼎-東大,2023-08-16,9135
00679B,元大美債20年,42,16,26,群益金鼎-東大,2023-08-16,9135
2834,臺企銀,27,1,26,群益金鼎-東大,2023-08-16,9135
00878,國泰永續高股息,39,16,23,群益金鼎-東大,2023-08-16,9135
00712,復華富時不動產,22,0,22,群益金鼎-東大,2023-08-16,9135
2421,建準,37,16,21,群益金鼎-東大,2023-08-16,9135
2317,鴻海,24,3,21,群益金鼎-東大,2023-08-16,9135
00877,復華中國5G,20,0,20,群益金鼎-東大,2023-08-16,9135
6216,居易,20,0,20,群益金鼎-東大,2023-08-16,9135
6125,廣運,23,3,20,群益金鼎-東大,2023-08-16,9135
00751B,元大AAA至A公司債,20,0,20,群益金鼎-東大,2023-08-16,9135
0050,元大台灣50,20,0,20,群益金鼎-東大,2023-08-16,9135
2344,華邦電,22,4,18,群益金鼎-東大,2023-08-16,9135
1101,台泥,19,1,18,群益金鼎-東大,2023-08-16,9135
00687B,國泰20年美債,18,0,18,群益金鼎-東大,2023-08-16,9135
2883,凱基金,18,0,18,群益金鼎-東大,2023-08-16,9135
6284,佳邦,18,0,18,群益金鼎-東大,2023-08-16,9135
5348,正能量智能,17,0,17,群益金鼎-東大,2023-08-16,9135
2332,友訊,36,21,15,群益金鼎-東大,2023-08-16,9135
00902,中信電池及儲能,15,0,15,群益金鼎-東大,2023-08-16,9135
00753L,中信中國50正2,20,6,14,群益金鼎-東大,2023-08-16,9135
2329,華泰,95,81,14,群益金鼎-東大,2023-08-16,9135
00722B,群益投資級電信債,14,0,14,群益金鼎-東大,2023-08-16,9135
2002,中鋼,13,0,13,群益金鼎-東大,2023-08-16,9135
00795B,中信美國公債20年,13,0,13,群益金鼎-東大,2023-08-16,9135
3035,智原,30,18,12,群益金鼎-東大,2023-08-16,9135
2801,彰銀,12,0,12,群益金鼎-東大,2023-08-16,9135
2206,三陽工業,12,0,12,群益金鼎-東大,2023-08-16,9135
1795,美時,24,12,12,群益金鼎-東大,2023-08-16,9135
3617,碩天,13,1,12,群益金鼎-東大,2023-08-16,9135
2464,盟立,10,0,10,群益金鼎-東大,2023-08-16,9135
3264,欣銓,10,0,10,群益金鼎-東大,2023-08-16,9135
6111,大宇資,11,1,10,群益金鼎-東大,2023-08-16,9135
4707,磐亞,10,0,10,群益金鼎-東大,2023-08-16,9135
3169,亞信,10,0,10,群益金鼎-東大,2023-08-16,9135
4958,臻鼎-KY,10,0,10,群益金鼎-東大,2023-08-16,9135
2832,台產,10,0,10,群益金鼎-東大,2023-08-16,9135
3257,虹冠電,10,0,10,群益金鼎-東大,2023-08-16,9135
00724B,群益投資級金融債,10,0,10,群益金鼎-東大,2023-08-16,9135
4716,大立,10,0,10,群益金鼎-東大,2023-08-16,9135
2342,茂矽,10,0,10,群益金鼎-東大,2023-08-16,9135
00632R,元大台灣50反1,432,26,406,群益金鼎-東大,2023-08-17,9135
00929,復華台灣科技優息,134,0,134,群益金鼎-東大,2023-08-17,9135
00679B,元大美債20年,62,0,62,群益金鼎-東大,2023-08-17,9135
00751B,元大AAA至A公司債,53,0,53,群益金鼎-東大,2023-08-17,9135
00720B,元大投資級公司債,54,2,52,群益金鼎-東大,2023-08-17,9135
2324,仁寶,255,207,48,群益金鼎-東大,2023-08-17,9135
3231,緯創,189,153,36,群益金鼎-東大,2023-08-17,9135
2382,廣達,85,50,35,群益金鼎-東大,2023-08-17,9135
2399,映泰,31,0,31,群益金鼎-東大,2023-08-17,9135
3689,湧德,39,9,30,群益金鼎-東大,2023-08-17,9135
00665L,富邦�琤肭磪囓�2,42,12,30,群益金鼎-東大,2023-08-17,9135
0050,元大台灣50,28,0,28,群益金鼎-東大,2023-08-17,9135
00772B,中信高評級公司債,26,0,26,群益金鼎-東大,2023-08-17,9135
2303,聯電,28,4,24,群益金鼎-東大,2023-08-17,9135
6216,居易,39,15,24,群益金鼎-東大,2023-08-17,9135
2401,凌陽,35,14,21,群益金鼎-東大,2023-08-17,9135
00753L,中信中國50正2,21,0,21,群益金鼎-東大,2023-08-17,9135
2023,燁輝,19,0,19,群益金鼎-東大,2023-08-17,9135
2323,中環,22,3,19,群益金鼎-東大,2023-08-17,9135
00722B,群益投資級電信債,26,9,17,群益金鼎-東大,2023-08-17,9135
00795B,中信美國公債20年,15,0,15,群益金鼎-東大,2023-08-17,9135
3056,富華新,15,0,15,群益金鼎-東大,2023-08-17,9135
0056,元大高股息,16,2,14,群益金鼎-東大,2023-08-17,9135
00882,中信中國高股息,14,0,14,群益金鼎-東大,2023-08-17,9135
3004,豐達科,14,0,14,群益金鼎-東大,2023-08-17,9135
6285,啟��,40,27,13,群益金鼎-東大,2023-08-17,9135
00878,國泰永續高股息,22,9,13,群益金鼎-東大,2023-08-17,9135
3032,偉訓,13,1,12,群益金鼎-東大,2023-08-17,9135
2890,永豐金,15,4,11,群益金鼎-東大,2023-08-17,9135
6139,亞翔,29,18,11,群益金鼎-東大,2023-08-17,9135
00902,中信電池及儲能,10,0,10,群益金鼎-東大,2023-08-17,9135
1532,勤美,15,5,10,群益金鼎-東大,2023-08-17,9135
3217,優群,10,0,10,群益金鼎-東大,2023-08-17,9135
2498,宏達電,10,0,10,群益金鼎-東大,2023-08-17,9135
2801,彰銀,10,0,10,群益金鼎-東大,2023-08-17,9135
00923,群益台ESG低碳50,10,1,9,群益金鼎-東大,2023-08-17,9135
1806,冠軍,10,1,9,群益金鼎-東大,2023-08-17,9135
2329,華泰,15,7,8,群益金鼎-東大,2023-08-17,9135
00919,群益台灣精選高息,10,2,8,群益金鼎-東大,2023-08-17,9135
6799,來頡,8,0,8,群益金鼎-東大,2023-08-17,9135
2886,兆豐金,7,0,7,群益金鼎-東大,2023-08-17,9135
00680L,元大美債20正2,10,3,7,群益金鼎-東大,2023-08-17,9135
3362,先進光,10,3,7,群益金鼎-東大,2023-08-17,9135
3685,元創精密,7,0,7,群益金鼎-東大,2023-08-17,9135
4746,台耀,7,0,7,群益金鼎-東大,2023-08-17,9135
6284,佳邦,7,1,6,群益金鼎-東大,2023-08-17,9135
2442,新美齊,6,0,6,群益金鼎-東大,2023-08-17,9135
8349,�矬�,6,0,6,群益金鼎-東大,2023-08-17,9135
3483,力致,50,44,6,群益金鼎-東大,2023-08-17,9135
8155,博智,7,1,6,群益金鼎-東大,2023-08-17,9135
2363,矽統,180,104,76,群益金鼎-東大,2023-08-18,9135
00878,國泰永續高股息,79,6,73,群益金鼎-東大,2023-08-18,9135
00929,復華台灣科技優息,74,3,71,群益金鼎-東大,2023-08-18,9135
2617,台航,73,6,67,群益金鼎-東大,2023-08-18,9135
6770,力積電,50,1,49,群益金鼎-東大,2023-08-18,9135
00927,群益半導體收益,42,0,42,群益金鼎-東大,2023-08-18,9135
3042,晶技,37,4,33,群益金鼎-東大,2023-08-18,9135
8210,勤誠,55,22,33,群益金鼎-東大,2023-08-18,9135
3257,虹冠電,30,0,30,群益金鼎-東大,2023-08-18,9135
5371,中光電,30,0,30,群益金鼎-東大,2023-08-18,9135
5388,中磊,30,0,30,群益金鼎-東大,2023-08-18,9135
6203,海韻電,36,7,29,群益金鼎-東大,2023-08-18,9135
00923,群益台ESG低碳50,31,2,29,群益金鼎-東大,2023-08-18,9135
1605,華新,35,7,28,群益金鼎-東大,2023-08-18,9135
2520,冠德,25,0,25,群益金鼎-東大,2023-08-18,9135
2891,中信金,45,22,23,群益金鼎-東大,2023-08-18,9135
00720B,元大投資級公司債,21,0,21,群益金鼎-東大,2023-08-18,9135
00772B,中信高評級公司債,21,0,21,群益金鼎-東大,2023-08-18,9135
00652,富邦印度,20,0,20,群益金鼎-東大,2023-08-18,9135
4908,前鼎,18,2,16,群益金鼎-東大,2023-08-18,9135
5347,世界,16,0,16,群益金鼎-東大,2023-08-18,9135
00715L,期街口布蘭特正2,20,5,15,群益金鼎-東大,2023-08-18,9135
0061,元大寶滬深,15,0,15,群益金鼎-東大,2023-08-18,9135
6284,佳邦,15,0,15,群益金鼎-東大,2023-08-18,9135
00900,富邦特選高股息30,15,1,14,群益金鼎-東大,2023-08-18,9135
2312,金寶,14,0,14,群益金鼎-東大,2023-08-18,9135
1806,冠軍,14,0,14,群益金鼎-東大,2023-08-18,9135
3362,先進光,29,15,14,群益金鼎-東大,2023-08-18,9135
00882,中信中國高股息,13,0,13,群益金鼎-東大,2023-08-18,9135
3037,欣興,12,0,12,群益金鼎-東大,2023-08-18,9135
2618,長榮航,26,15,11,群益金鼎-東大,2023-08-18,9135
00719B,元大美債1-3,11,0,11,群益金鼎-東大,2023-08-18,9135
00922,國泰台灣領袖50,11,0,11,群益金鼎-東大,2023-08-18,9135
2897,王道銀行,11,0,11,群益金鼎-東大,2023-08-18,9135
6266,泰詠,10,0,10,群益金鼎-東大,2023-08-18,9135
2498,宏達電,10,0,10,群益金鼎-東大,2023-08-18,9135
00877,復華中國5G,10,0,10,群益金鼎-東大,2023-08-18,9135
2426,鼎元,10,0,10,群益金鼎-東大,2023-08-18,9135
3483,力致,44,34,10,群益金鼎-東大,2023-08-18,9135
00692,富邦公司治理,10,0,10,群益金鼎-東大,2023-08-18,9135
2329,華泰,46,36,10,群益金鼎-東大,2023-08-18,9135
2301,光寶科,15,6,9,群益金鼎-東大,2023-08-18,9135
2885,元大金,10,1,9,群益金鼎-東大,2023-08-18,9135
6672,騰輝電子-KY,10,1,9,群益金鼎-東大,2023-08-18,9135
3704,合勤控,12,3,9,群益金鼎-東大,2023-08-18,9135
3706,神達,37,29,8,群益金鼎-東大,2023-08-18,9135
3051,力特,8,0,8,群益金鼎-東大,2023-08-18,9135
2399,映泰,10,2,8,群益金鼎-東大,2023-08-18,9135
2449,京元電子,15,7,8,群益金鼎-東大,2023-08-18,9135
0056,元大高股息,11,3,8,群益金鼎-東大,2023-08-18,9135
2002,中鋼,103,0,103,群益金鼎-東大,2023-08-21,9135
2462,良得電,88,0,88,群益金鼎-東大,2023-08-21,9135
00885,富邦越南,69,5,64,群益金鼎-東大,2023-08-21,9135
00680L,元大美債20正2,54,0,54,群益金鼎-東大,2023-08-21,9135
2606,裕民,53,9,44,群益金鼎-東大,2023-08-21,9135
00632R,元大台灣50反1,50,6,44,群益金鼎-東大,2023-08-21,9135
6274,台燿,51,8,43,群益金鼎-東大,2023-08-21,9135
2881,富邦金,50,10,40,群益金鼎-東大,2023-08-21,9135
00751B,元大AAA至A公司債,39,6,33,群益金鼎-東大,2023-08-21,9135
00679B,元大美債20年,37,6,31,群益金鼎-東大,2023-08-21,9135
00773B,中信優先金融債,30,0,30,群益金鼎-東大,2023-08-21,9135
00929,復華台灣科技優息,24,0,24,群益金鼎-東大,2023-08-21,9135
4906,正文,33,10,23,群益金鼎-東大,2023-08-21,9135
00720B,元大投資級公司債,28,5,23,群益金鼎-東大,2023-08-21,9135
8109,博大,31,8,23,群益金鼎-東大,2023-08-21,9135
00665L,富邦�琤肭磪囓�2,32,10,22,群益金鼎-東大,2023-08-21,9135
2382,廣達,31,10,21,群益金鼎-東大,2023-08-21,9135
00772B,中信高評級公司債,20,0,20,群益金鼎-東大,2023-08-21,9135
00753L,中信中國50正2,20,0,20,群益金鼎-東大,2023-08-21,9135
00687B,國泰20年美債,19,0,19,群益金鼎-東大,2023-08-21,9135
2317,鴻海,17,0,17,群益金鼎-東大,2023-08-21,9135
4543,萬在,15,0,15,群益金鼎-東大,2023-08-21,9135
2332,友訊,35,21,14,群益金鼎-東大,2023-08-21,9135
2618,長榮航,27,15,12,群益金鼎-東大,2023-08-21,9135
9904,寶成,12,0,12,群益金鼎-東大,2023-08-21,9135
5347,世界,13,2,11,群益金鼎-東大,2023-08-21,9135
00692,富邦公司治理,11,0,11,群益金鼎-東大,2023-08-21,9135
5608,四維航,38,27,11,群益金鼎-東大,2023-08-21,9135
6216,居易,10,0,10,群益金鼎-東大,2023-08-21,9135
3704,合勤控,11,1,10,群益金鼎-東大,2023-08-21,9135
6640,均華,10,0,10,群益金鼎-東大,2023-08-21,9135
3715,定穎投控,44,34,10,群益金鼎-東大,2023-08-21,9135
8046,南電,10,0,10,群益金鼎-東大,2023-08-21,9135
2516,新建,10,1,9,群益金鼎-東大,2023-08-21,9135
8050,廣積,12,3,9,群益金鼎-東大,2023-08-21,9135
00633L,富邦上証正2,9,0,9,群益金鼎-東大,2023-08-21,9135
3325,旭品,8,0,8,群益金鼎-東大,2023-08-21,9135
00919,群益台灣精選高息,7,0,7,群益金鼎-東大,2023-08-21,9135
2419,仲琦,7,0,7,群益金鼎-東大,2023-08-21,9135
3013,晟銘電,7,0,7,群益金鼎-東大,2023-08-21,9135
2399,映泰,6,0,6,群益金鼎-東大,2023-08-21,9135
00725B,國泰投資級公司債,6,0,6,群益金鼎-東大,2023-08-21,9135
00927,群益半導體收益,7,1,6,群益金鼎-東大,2023-08-21,9135
6285,啟��,66,60,6,群益金鼎-東大,2023-08-21,9135
8210,勤誠,18,12,6,群益金鼎-東大,2023-08-21,9135
6202,盛群,6,0,6,群益金鼎-東大,2023-08-21,9135
2892,第一金,6,0,6,群益金鼎-東大,2023-08-21,9135
00923,群益台ESG低碳50,6,0,6,群益金鼎-東大,2023-08-21,9135
00878,國泰永續高股息,18,13,5,群益金鼎-東大,2023-08-21,9135
00882,中信中國高股息,6,1,5,群益金鼎-東大,2023-08-21,9135
5371,中光電,80,0,80,群益金鼎-東大,2023-08-22,9135
00688L,國泰20年美債正2,50,0,50,群益金鼎-東大,2023-08-22,9135
6274,台燿,92,44,48,群益金鼎-東大,2023-08-22,9135
2329,華泰,48,15,33,群益金鼎-東大,2023-08-22,9135
00929,復華台灣科技優息,33,0,33,群益金鼎-東大,2023-08-22,9135
2618,長榮航,54,26,28,群益金鼎-東大,2023-08-22,9135
6167,久正,29,1,28,群益金鼎-東大,2023-08-22,9135
00679B,元大美債20年,24,2,22,群益金鼎-東大,2023-08-22,9135
3567,逸昌,29,8,21,群益金鼎-東大,2023-08-22,9135
1609,大亞,26,6,20,群益金鼎-東大,2023-08-22,9135
2486,一詮,23,5,18,群益金鼎-東大,2023-08-22,9135
3051,力特,26,9,17,群益金鼎-東大,2023-08-22,9135
8358,金居,17,1,16,群益金鼎-東大,2023-08-22,9135
2363,矽統,71,57,14,群益金鼎-東大,2023-08-22,9135
3306,鼎天,34,20,14,群益金鼎-東大,2023-08-22,9135
3685,元創精密,13,0,13,群益金鼎-東大,2023-08-22,9135
2324,仁寶,35,22,13,群益金鼎-東大,2023-08-22,9135
2897A,王道銀甲特,12,0,12,群益金鼎-東大,2023-08-22,9135
2002,中鋼,22,11,11,群益金鼎-東大,2023-08-22,9135
2645,長榮航太,11,0,11,群益金鼎-東大,2023-08-22,9135
00712,復華富時不動產,11,0,11,群益金鼎-東大,2023-08-22,9135
3308,聯德,18,7,11,群益金鼎-東大,2023-08-22,9135
6188,廣明,12,1,11,群益金鼎-東大,2023-08-22,9135
6216,居易,10,0,10,群益金鼎-東大,2023-08-22,9135
00675L,富邦臺灣加權正2,10,0,10,群益金鼎-東大,2023-08-22,9135
00772B,中信高評級公司債,10,0,10,群益金鼎-東大,2023-08-22,9135
2883,凱基金,10,0,10,群益金鼎-東大,2023-08-22,9135
6285,啟��,33,24,9,群益金鼎-東大,2023-08-22,9135
00687B,國泰20年美債,10,1,9,群益金鼎-東大,2023-08-22,9135
00720B,元大投資級公司債,10,1,9,群益金鼎-東大,2023-08-22,9135
5347,世界,9,0,9,群益金鼎-東大,2023-08-22,9135
2402,毅嘉,8,0,8,群益金鼎-東大,2023-08-22,9135
6415,矽力*-KY,8,0,8,群益金鼎-東大,2023-08-22,9135
00662,富邦NASDAQ,8,0,8,群益金鼎-東大,2023-08-22,9135
2421,建準,27,19,8,群益金鼎-東大,2023-08-22,9135
5388,中磊,14,7,7,群益金鼎-東大,2023-08-22,9135
00751B,元大AAA至A公司債,8,1,7,群益金鼎-東大,2023-08-22,9135
3105,穩懋,7,0,7,群益金鼎-東大,2023-08-22,9135
00665L,富邦�琤肭磪囓�2,26,19,7,群益金鼎-東大,2023-08-22,9135
5452,佶優,8,1,7,群益金鼎-東大,2023-08-22,9135
6176,瑞儀,8,1,7,群益金鼎-東大,2023-08-22,9135
1802,台玻,7,0,7,群益金鼎-東大,2023-08-22,9135
6640,均華,7,0,7,群益金鼎-東大,2023-08-22,9135
00669R,國泰美國道瓊反1,7,0,7,群益金鼎-東大,2023-08-22,9135
2884,玉山金,6,0,6,群益金鼎-東大,2023-08-22,9135
2457,飛宏,8,2,6,群益金鼎-東大,2023-08-22,9135
4543,萬在,12,6,6,群益金鼎-東大,2023-08-22,9135
00885,富邦越南,17,11,6,群益金鼎-東大,2023-08-22,9135
9958,世紀鋼,6,0,6,群益金鼎-東大,2023-08-22,9135
2388,威盛,7,2,5,群益金鼎-東大,2023-08-22,9135
1513,中興電,180,15,165,群益金鼎-東大,2023-08-23,9135
2462,良得電,103,0,103,群益金鼎-東大,2023-08-23,9135
3483,力致,83,21,62,群益金鼎-東大,2023-08-23,9135
2610,華航,40,8,32,群益金鼎-東大,2023-08-23,9135
00632R,元大台灣50反1,31,0,31,群益金鼎-東大,2023-08-23,9135
2618,長榮航,47,17,30,群益金鼎-東大,2023-08-23,9135
1316,上曜,30,0,30,群益金鼎-東大,2023-08-23,9135
00712,復華富時不動產,23,0,23,群益金鼎-東大,2023-08-23,9135
1471,首利,24,2,22,群益金鼎-東大,2023-08-23,9135
5371,中光電,39,18,21,群益金鼎-東大,2023-08-23,9135
2357,華碩,28,9,19,群益金鼎-東大,2023-08-23,9135
6895,宏碩系統,19,0,19,群益金鼎-東大,2023-08-23,9135
2419,仲琦,22,4,18,群益金鼎-東大,2023-08-23,9135
3715,定穎投控,68,50,18,群益金鼎-東大,2023-08-23,9135
00665L,富邦�琤肭磪囓�2,40,24,16,群益金鼎-東大,2023-08-23,9135
00929,復華台灣科技優息,16,0,16,群益金鼎-東大,2023-08-23,9135
4906,正文,54,39,15,群益金鼎-東大,2023-08-23,9135
3163,波若威,44,29,15,群益金鼎-東大,2023-08-23,9135
3622,洋華,13,0,13,群益金鼎-東大,2023-08-23,9135
3567,逸昌,23,10,13,群益金鼎-東大,2023-08-23,9135
3704,合勤控,23,11,12,群益金鼎-東大,2023-08-23,9135
3078,僑威,16,5,11,群益金鼎-東大,2023-08-23,9135
3523,迎輝,10,0,10,群益金鼎-東大,2023-08-23,9135
1605,華新,10,0,10,群益金鼎-東大,2023-08-23,9135
00679B,元大美債20年,10,0,10,群益金鼎-東大,2023-08-23,9135
2606,裕民,9,1,8,群益金鼎-東大,2023-08-23,9135
00902,中信電池及儲能,8,0,8,群益金鼎-東大,2023-08-23,9135
6108,競國,8,0,8,群益金鼎-東大,2023-08-23,9135
3051,力特,15,7,8,群益金鼎-東大,2023-08-23,9135
2401,凌陽,9,1,8,群益金鼎-東大,2023-08-23,9135
00675L,富邦臺灣加權正2,8,0,8,群益金鼎-東大,2023-08-23,9135
6231,系微,12,4,8,群益金鼎-東大,2023-08-23,9135
5608,四維航,8,1,7,群益金鼎-東大,2023-08-23,9135
3380,明泰,7,0,7,群益金鼎-東大,2023-08-23,9135
3038,全台,7,0,7,群益金鼎-東大,2023-08-23,9135
5474,聰泰,7,0,7,群益金鼎-東大,2023-08-23,9135
3013,晟銘電,214,207,7,群益金鼎-東大,2023-08-23,9135
8050,廣積,6,0,6,群益金鼎-東大,2023-08-23,9135
2609,陽明,11,5,6,群益金鼎-東大,2023-08-23,9135
6532,瑞耘,6,0,6,群益金鼎-東大,2023-08-23,9135
2743,山富,6,0,6,群益金鼎-東大,2023-08-23,9135
3071,協禧,26,20,6,群益金鼎-東大,2023-08-23,9135
00751B,元大AAA至A公司債,6,0,6,群益金鼎-東大,2023-08-23,9135
5536,聖暉*,6,0,6,群益金鼎-東大,2023-08-23,9135
8927,北基,6,0,6,群益金鼎-東大,2023-08-23,9135
6170,統振,11,5,6,群益金鼎-東大,2023-08-23,9135
2355,敬鵬,20,15,5,群益金鼎-東大,2023-08-23,9135
6664,群翊,10,5,5,群益金鼎-東大,2023-08-23,9135
00878,國泰永續高股息,8,3,5,群益金鼎-東大,2023-08-23,9135
00687B,國泰20年美債,5,0,5,群益金鼎-東大,2023-08-23,9135
1513,中興電,428,4,424,群益金鼎-東大,2023-08-24,9135
00632R,元大台灣50反1,317,0,317,群益金鼎-東大,2023-08-24,9135
2462,良得電,208,6,202,群益金鼎-東大,2023-08-24,9135
00929,復華台灣科技優息,141,31,110,群益金鼎-東大,2023-08-24,9135
3231,緯創,226,128,98,群益金鼎-東大,2023-08-24,9135
3689,湧德,44,2,42,群益金鼎-東大,2023-08-24,9135
00715L,期街口布蘭特正2,38,0,38,群益金鼎-東大,2023-08-24,9135
2881,富邦金,37,0,37,群益金鼎-東大,2023-08-24,9135
2419,仲琦,65,31,34,群益金鼎-東大,2023-08-24,9135
2363,矽統,138,106,32,群益金鼎-東大,2023-08-24,9135
2382,廣達,81,57,24,群益金鼎-東大,2023-08-24,9135
3078,僑威,27,3,24,群益金鼎-東大,2023-08-24,9135
00720B,元大投資級公司債,20,1,19,群益金鼎-東大,2023-08-24,9135
1402,遠東新,19,0,19,群益金鼎-東大,2023-08-24,9135
3024,憶聲,21,3,18,群益金鼎-東大,2023-08-24,9135
3035,智原,48,31,17,群益金鼎-東大,2023-08-24,9135
00753L,中信中國50正2,16,0,16,群益金鼎-東大,2023-08-24,9135
3308,聯德,33,17,16,群益金鼎-東大,2023-08-24,9135
2645,長榮航太,22,7,15,群益金鼎-東大,2023-08-24,9135
2365,昆盈,15,0,15,群益金鼎-東大,2023-08-24,9135
3715,定穎投控,28,15,13,群益金鼎-東大,2023-08-24,9135
4167,松瑞藥,13,1,12,群益金鼎-東大,2023-08-24,9135
2371,大同,16,4,12,群益金鼎-東大,2023-08-24,9135
3706,神達,30,18,12,群益金鼎-東大,2023-08-24,9135
6188,廣明,15,3,12,群益金鼎-東大,2023-08-24,9135
3163,波若威,34,23,11,群益金鼎-東大,2023-08-24,9135
6538,倉和,13,2,11,群益金鼎-東大,2023-08-24,9135
00712,復華富時不動產,10,0,10,群益金鼎-東大,2023-08-24,9135
6770,力積電,12,2,10,群益金鼎-東大,2023-08-24,9135
5284,jpp-KY,12,3,9,群益金鼎-東大,2023-08-24,9135
2883,凱基金,8,0,8,群益金鼎-東大,2023-08-24,9135
3518,柏騰,8,0,8,群益金鼎-東大,2023-08-24,9135
00687B,國泰20年美債,7,0,7,群益金鼎-東大,2023-08-24,9135
6187,萬潤,8,1,7,群益金鼎-東大,2023-08-24,9135
6426,統新,8,1,7,群益金鼎-東大,2023-08-24,9135
2834,臺企銀,7,0,7,群益金鼎-東大,2023-08-24,9135
6799,來頡,7,0,7,群益金鼎-東大,2023-08-24,9135
2301,光寶科,38,31,7,群益金鼎-東大,2023-08-24,9135
3583,辛耘,6,0,6,群益金鼎-東大,2023-08-24,9135
2329,華泰,26,20,6,群益金鼎-東大,2023-08-24,9135
00671R,富邦NASDAQ反1,6,0,6,群益金鼎-東大,2023-08-24,9135
4161,聿新科,6,0,6,群益金鼎-東大,2023-08-24,9135
6202,盛群,6,0,6,群益金鼎-東大,2023-08-24,9135
2485,兆赫,22,16,6,群益金鼎-東大,2023-08-24,9135
2023,燁輝,8,2,6,群益金鼎-東大,2023-08-24,9135
1737,臺鹽,9,3,6,群益金鼎-東大,2023-08-24,9135
2601,益航,6,0,6,群益金鼎-東大,2023-08-24,9135
8299,群聯,6,0,6,群益金鼎-東大,2023-08-24,9135
2618,長榮航,6,1,5,群益金鼎-東大,2023-08-24,9135
2892,第一金,5,0,5,群益金鼎-東大,2023-08-24,9135
00878,國泰永續高股息,108,1,107,群益金鼎-東大,2023-08-25,9135
00929,復華台灣科技優息,82,3,79,群益金鼎-東大,2023-08-25,9135
3308,聯德,84,30,54,群益金鼎-東大,2023-08-25,9135
0056,元大高股息,58,7,51,群益金鼎-東大,2023-08-25,9135
3231,緯創,96,52,44,群益金鼎-東大,2023-08-25,9135
00751B,元大AAA至A公司債,38,0,38,群益金鼎-東大,2023-08-25,9135
3548,兆利,35,6,29,群益金鼎-東大,2023-08-25,9135
00919,群益台灣精選高息,29,0,29,群益金鼎-東大,2023-08-25,9135
3037,欣興,37,12,25,群益金鼎-東大,2023-08-25,9135
2883,凱基金,22,0,22,群益金鼎-東大,2023-08-25,9135
2314,台揚,22,0,22,群益金鼎-東大,2023-08-25,9135
00665L,富邦�琤肭磪囓�2,22,0,22,群益金鼎-東大,2023-08-25,9135
3017,奇鋐,28,6,22,群益金鼎-東大,2023-08-25,9135
2838,聯邦銀,21,0,21,群益金鼎-東大,2023-08-25,9135
2356,英業達,49,29,20,群益金鼎-東大,2023-08-25,9135
00679B,元大美債20年,20,0,20,群益金鼎-東大,2023-08-25,9135
2317,鴻海,18,0,18,群益金鼎-東大,2023-08-25,9135
2330,台積電,19,3,16,群益金鼎-東大,2023-08-25,9135
00720B,元大投資級公司債,16,0,16,群益金鼎-東大,2023-08-25,9135
5388,中磊,57,41,16,群益金鼎-東大,2023-08-25,9135
2618,長榮航,21,6,15,群益金鼎-東大,2023-08-25,9135
2486,一詮,17,2,15,群益金鼎-東大,2023-08-25,9135
3325,旭品,14,0,14,群益金鼎-東大,2023-08-25,9135
00687B,國泰20年美債,13,0,13,群益金鼎-東大,2023-08-25,9135
2323,中環,13,0,13,群益金鼎-東大,2023-08-25,9135
2485,兆赫,54,42,12,群益金鼎-東大,2023-08-25,9135
6188,廣明,13,1,12,群益金鼎-東大,2023-08-25,9135
9925,新保,11,0,11,群益金鼎-東大,2023-08-25,9135
6284,佳邦,12,1,11,群益金鼎-東大,2023-08-25,9135
3685,元創精密,10,0,10,群益金鼎-東大,2023-08-25,9135
00752,中信中國50,10,0,10,群益金鼎-東大,2023-08-25,9135
2537,聯上發,10,0,10,群益金鼎-東大,2023-08-25,9135
6005,群益證,10,0,10,群益金鼎-東大,2023-08-25,9135
1587,吉茂,10,0,10,群益金鼎-東大,2023-08-25,9135
1532,勤美,10,0,10,群益金鼎-東大,2023-08-25,9135
2610,華航,22,12,10,群益金鼎-東大,2023-08-25,9135
00902,中信電池及儲能,9,0,9,群益金鼎-東大,2023-08-25,9135
2606,裕民,9,0,9,群益金鼎-東大,2023-08-25,9135
3141,晶宏,9,1,8,群益金鼎-東大,2023-08-25,9135
2605,新興,8,0,8,群益金鼎-東大,2023-08-25,9135
8033,雷虎,8,0,8,群益金鼎-東大,2023-08-25,9135
2382,廣達,36,28,8,群益金鼎-東大,2023-08-25,9135
0050,元大台灣50,7,0,7,群益金鼎-東大,2023-08-25,9135
6138,茂達,8,1,7,群益金鼎-東大,2023-08-25,9135
00725B,國泰投資級公司債,7,0,7,群益金鼎-東大,2023-08-25,9135
2705,六福,12,5,7,群益金鼎-東大,2023-08-25,9135
2884,玉山金,7,1,6,群益金鼎-東大,2023-08-25,9135
2913,農林,6,0,6,群益金鼎-東大,2023-08-25,9135
2308,台達電,7,1,6,群益金鼎-東大,2023-08-25,9135
2887,台新金,10,4,6,群益金鼎-東大,2023-08-25,9135
2002,中鋼,50,0,50,群益金鼎-東大,2023-08-28,9135
00929,復華台灣科技優息,48,0,48,群益金鼎-東大,2023-08-28,9135
2344,華邦電,46,0,46,群益金鼎-東大,2023-08-28,9135
00671R,富邦NASDAQ反1,40,0,40,群益金鼎-東大,2023-08-28,9135
4916,事欣科,33,0,33,群益金鼎-東大,2023-08-28,9135
2618,長榮航,46,19,27,群益金鼎-東大,2023-08-28,9135
5347,世界,25,0,25,群益金鼎-東大,2023-08-28,9135
3715,定穎投控,33,8,25,群益金鼎-東大,2023-08-28,9135
00878,國泰永續高股息,29,5,24,群益金鼎-東大,2023-08-28,9135
3051,力特,37,16,21,群益金鼎-東大,2023-08-28,9135
5381,合正,29,9,20,群益金鼎-東大,2023-08-28,9135
6274,台燿,20,0,20,群益金鼎-東大,2023-08-28,9135
6188,廣明,17,4,13,群益金鼎-東大,2023-08-28,9135
3481,群創,16,4,12,群益金鼎-東大,2023-08-28,9135
2606,裕民,12,0,12,群益金鼎-東大,2023-08-28,9135
3707,漢磊,12,0,12,群益金鼎-東大,2023-08-28,9135
2801,彰銀,11,0,11,群益金鼎-東大,2023-08-28,9135
00706L,期元大S＆P日圓正2,10,0,10,群益金鼎-東大,2023-08-28,9135
2355,敬鵬,10,0,10,群益金鼎-東大,2023-08-28,9135
00864B,中信美國公債0-1,10,0,10,群益金鼎-東大,2023-08-28,9135
00669R,國泰美國道瓊反1,10,0,10,群益金鼎-東大,2023-08-28,9135
3014,聯陽,10,0,10,群益金鼎-東大,2023-08-28,9135
6415,矽力*-KY,14,4,10,群益金鼎-東大,2023-08-28,9135
3518,柏騰,9,0,9,群益金鼎-東大,2023-08-28,9135
2486,一詮,10,1,9,群益金鼎-東大,2023-08-28,9135
2630,亞航,9,0,9,群益金鼎-東大,2023-08-28,9135
6706,惠特,9,0,9,群益金鼎-東大,2023-08-28,9135
6235,華孚,84,75,9,群益金鼎-東大,2023-08-28,9135
2645,長榮航太,30,22,8,群益金鼎-東大,2023-08-28,9135
2402,毅嘉,9,1,8,群益金鼎-東大,2023-08-28,9135
2388,威盛,29,21,8,群益金鼎-東大,2023-08-28,9135
1737,臺鹽,25,17,8,群益金鼎-東大,2023-08-28,9135
2634,漢翔,44,36,8,群益金鼎-東大,2023-08-28,9135
3713,新晶投控,7,0,7,群益金鼎-東大,2023-08-28,9135
00675L,富邦臺灣加權正2,7,0,7,群益金鼎-東大,2023-08-28,9135
3289,宜特,9,2,7,群益金鼎-東大,2023-08-28,9135
2301,光寶科,8,1,7,群益金鼎-東大,2023-08-28,9135
00772B,中信高評級公司債,6,0,6,群益金鼎-東大,2023-08-28,9135
00720B,元大投資級公司債,6,0,6,群益金鼎-東大,2023-08-28,9135
6589,台康生技,6,0,6,群益金鼎-東大,2023-08-28,9135
5348,正能量智能,6,0,6,群益金鼎-東大,2023-08-28,9135
3325,旭品,7,1,6,群益金鼎-東大,2023-08-28,9135
2886,兆豐金,6,0,6,群益金鼎-東大,2023-08-28,9135
6266,泰詠,5,0,5,群益金鼎-東大,2023-08-28,9135
2356,英業達,17,12,5,群益金鼎-東大,2023-08-28,9135
5483,中美晶,5,0,5,群益金鼎-東大,2023-08-28,9135
6234,高僑,5,0,5,群益金鼎-東大,2023-08-28,9135
2867,三商壽,5,0,5,群益金鼎-東大,2023-08-28,9135
2352,佳世達,5,0,5,群益金鼎-東大,2023-08-28,9135
6451,訊芯-KY,5,0,5,群益金鼎-東大,2023-08-28,9135
6282,康舒,69,4,65,群益金鼎-東大,2023-08-29,9135
00662,富邦NASDAQ,50,0,50,群益金鼎-東大,2023-08-29,9135
1471,首利,47,0,47,群益金鼎-東大,2023-08-29,9135
2363,矽統,174,143,31,群益金鼎-東大,2023-08-29,9135
2538,基泰,30,0,30,群益金鼎-東大,2023-08-29,9135
6167,久正,28,3,25,群益金鼎-東大,2023-08-29,9135
00929,復華台灣科技優息,24,0,24,群益金鼎-東大,2023-08-29,9135
8358,金居,26,3,23,群益金鼎-東大,2023-08-29,9135
3231,緯創,93,71,22,群益金鼎-東大,2023-08-29,9135
1504,東元,20,0,20,群益金鼎-東大,2023-08-29,9135
1337,再生-KY,20,0,20,群益金鼎-東大,2023-08-29,9135
2881,富邦金,20,0,20,群益金鼎-東大,2023-08-29,9135
5009,榮剛,20,1,19,群益金鼎-東大,2023-08-29,9135
00675L,富邦臺灣加權正2,17,0,17,群益金鼎-東大,2023-08-29,9135
2888A,新光金甲特,15,0,15,群益金鼎-東大,2023-08-29,9135
2883,凱基金,14,1,13,群益金鼎-東大,2023-08-29,9135
5371,中光電,65,53,12,群益金鼎-東大,2023-08-29,9135
6274,台燿,45,33,12,群益金鼎-東大,2023-08-29,9135
4533,協易機,12,0,12,群益金鼎-東大,2023-08-29,9135
2105,正新,12,1,11,群益金鼎-東大,2023-08-29,9135
2816,旺旺保,14,3,11,群益金鼎-東大,2023-08-29,9135
2201,裕隆,16,5,11,群益金鼎-東大,2023-08-29,9135
2022,聚亨,13,2,11,群益金鼎-東大,2023-08-29,9135
00878,國泰永續高股息,16,6,10,群益金鼎-東大,2023-08-29,9135
1460,宏遠,10,0,10,群益金鼎-東大,2023-08-29,9135
2498,宏達電,12,2,10,群益金鼎-東大,2023-08-29,9135
4142,國光生,10,0,10,群益金鼎-東大,2023-08-29,9135
6472,保瑞,9,0,9,群益金鼎-東大,2023-08-29,9135
6191,精成科,10,1,9,群益金鼎-東大,2023-08-29,9135
3011,今皓,18,9,9,群益金鼎-東大,2023-08-29,9135
2329,華泰,15,6,9,群益金鼎-東大,2023-08-29,9135
2618,長榮航,8,0,8,群益金鼎-東大,2023-08-29,9135
2402,毅嘉,8,1,7,群益金鼎-東大,2023-08-29,9135
00679B,元大美債20年,7,1,6,群益金鼎-東大,2023-08-29,9135
3617,碩天,10,4,6,群益金鼎-東大,2023-08-29,9135
3092,鴻碩,6,0,6,群益金鼎-東大,2023-08-29,9135
3289,宜特,6,0,6,群益金鼎-東大,2023-08-29,9135
1609,大亞,21,15,6,群益金鼎-東大,2023-08-29,9135
6417,韋僑,6,0,6,群益金鼎-東大,2023-08-29,9135
2356,英業達,12,7,5,群益金鼎-東大,2023-08-29,9135
3548,兆利,10,5,5,群益金鼎-東大,2023-08-29,9135
4915,致伸,5,0,5,群益金鼎-東大,2023-08-29,9135
2392,正崴,6,1,5,群益金鼎-東大,2023-08-29,9135
7402,邑錡,5,0,5,群益金鼎-東大,2023-08-29,9135
1441,大東,5,0,5,群益金鼎-東大,2023-08-29,9135
2324,仁寶,7,2,5,群益金鼎-東大,2023-08-29,9135
3515,華擎,5,0,5,群益金鼎-東大,2023-08-29,9135
3149,正達,5,0,5,群益金鼎-東大,2023-08-29,9135
9924,福興,5,0,5,群益金鼎-東大,2023-08-29,9135
8050,廣積,5,0,5,群益金鼎-東大,2023-08-29,9135
4967,十銓,118,30,88,群益金鼎-東大,2023-08-30,9135
4414,如興,58,0,58,群益金鼎-東大,2023-08-30,9135
2409,友達,51,0,51,群益金鼎-東大,2023-08-30,9135
6167,久正,48,11,37,群益金鼎-東大,2023-08-30,9135
3308,聯德,37,3,34,群益金鼎-東大,2023-08-30,9135
2485,兆赫,38,5,33,群益金鼎-東大,2023-08-30,9135
2022,聚亨,32,4,28,群益金鼎-東大,2023-08-30,9135
2356,英業達,31,4,27,群益金鼎-東大,2023-08-30,9135
2301,光寶科,29,3,26,群益金鼎-東大,2023-08-30,9135
4915,致伸,26,1,25,群益金鼎-東大,2023-08-30,9135
00671R,富邦NASDAQ反1,20,0,20,群益金鼎-東大,2023-08-30,9135
2881,富邦金,21,1,20,群益金鼎-東大,2023-08-30,9135
2887,台新金,20,0,20,群益金鼎-東大,2023-08-30,9135
2486,一詮,22,4,18,群益金鼎-東大,2023-08-30,9135
3260,威剛,21,5,16,群益金鼎-東大,2023-08-30,9135
2402,毅嘉,28,13,15,群益金鼎-東大,2023-08-30,9135
2458,義隆,15,0,15,群益金鼎-東大,2023-08-30,9135
2206,三陽工業,15,1,14,群益金鼎-東大,2023-08-30,9135
2355,敬鵬,16,3,13,群益金鼎-東大,2023-08-30,9135
3685,元創精密,13,0,13,群益金鼎-東大,2023-08-30,9135
2610,華航,18,5,13,群益金鼎-東大,2023-08-30,9135
4934,太極,12,0,12,群益金鼎-東大,2023-08-30,9135
3176,基亞,11,0,11,群益金鼎-東大,2023-08-30,9135
00929,復華台灣科技優息,10,0,10,群益金鼎-東大,2023-08-30,9135
3094,聯傑,10,0,10,群益金鼎-東大,2023-08-30,9135
2364,倫飛,12,2,10,群益金鼎-東大,2023-08-30,9135
2367,燿華,13,3,10,群益金鼎-東大,2023-08-30,9135
5348,正能量智能,15,5,10,群益金鼎-東大,2023-08-30,9135
6538,倉和,9,0,9,群益金鼎-東大,2023-08-30,9135
6125,廣運,10,1,9,群益金鼎-東大,2023-08-30,9135
2498,宏達電,12,3,9,群益金鼎-東大,2023-08-30,9135
00673R,期元大S＆P原油反1,9,0,9,群益金鼎-東大,2023-08-30,9135
2303,聯電,23,15,8,群益金鼎-東大,2023-08-30,9135
2332,友訊,17,9,8,群益金鼎-東大,2023-08-30,9135
3004,豐達科,8,0,8,群益金鼎-東大,2023-08-30,9135
1471,首利,9,1,8,群益金鼎-東大,2023-08-30,9135
8171,天宇,8,0,8,群益金鼎-東大,2023-08-30,9135
9925,新保,8,0,8,群益金鼎-東大,2023-08-30,9135
00795B,中信美國公債20年,8,1,7,群益金鼎-東大,2023-08-30,9135
3587,閎康,9,2,7,群益金鼎-東大,2023-08-30,9135
4938,和碩,27,20,7,群益金鼎-東大,2023-08-30,9135
3032,偉訓,7,0,7,群益金鼎-東大,2023-08-30,9135
8222,寶一,23,16,7,群益金鼎-東大,2023-08-30,9135
1605,華新,24,18,6,群益金鼎-東大,2023-08-30,9135
3491,昇達科,6,0,6,群益金鼎-東大,2023-08-30,9135
2329,華泰,30,24,6,群益金鼎-東大,2023-08-30,9135
9904,寶成,6,0,6,群益金鼎-東大,2023-08-30,9135
4175,杏一,6,0,6,群益金鼎-東大,2023-08-30,9135
2383,台光電,7,1,6,群益金鼎-東大,2023-08-30,9135
5009,榮剛,6,0,6,群益金鼎-東大,2023-08-30,9135
3260,威剛,182,17,165,群益金鼎-東大,2023-08-31,9135
4967,十銓,203,92,111,群益金鼎-東大,2023-08-31,9135
2881,富邦金,81,2,79,群益金鼎-東大,2023-08-31,9135
00929,復華台灣科技優息,70,0,70,群益金鼎-東大,2023-08-31,9135
3231,緯創,84,36,48,群益金鼎-東大,2023-08-31,9135
2436,偉詮電,92,54,38,群益金鼎-東大,2023-08-31,9135
2610,華航,61,28,33,群益金鼎-東大,2023-08-31,9135
6283,淳安,31,1,30,群益金鼎-東大,2023-08-31,9135
3308,聯德,30,0,30,群益金鼎-東大,2023-08-31,9135
00753L,中信中國50正2,25,0,25,群益金鼎-東大,2023-08-31,9135
00878,國泰永續高股息,34,10,24,群益金鼎-東大,2023-08-31,9135
1802,台玻,44,20,24,群益金鼎-東大,2023-08-31,9135
2834,臺企銀,20,0,20,群益金鼎-東大,2023-08-31,9135
1605,華新,23,4,19,群益金鼎-東大,2023-08-31,9135
1216,統一,18,0,18,群益金鼎-東大,2023-08-31,9135
2892,第一金,15,0,15,群益金鼎-東大,2023-08-31,9135
3045,台灣大,15,0,15,群益金鼎-東大,2023-08-31,9135
2337,旺宏,79,64,15,群益金鼎-東大,2023-08-31,9135
3715,定穎投控,63,49,14,群益金鼎-東大,2023-08-31,9135
3149,正達,15,1,14,群益金鼎-東大,2023-08-31,9135
2401,凌陽,25,12,13,群益金鼎-東大,2023-08-31,9135
1471,首利,24,11,13,群益金鼎-東大,2023-08-31,9135
2376,技嘉,38,26,12,群益金鼎-東大,2023-08-31,9135
5347,世界,12,0,12,群益金鼎-東大,2023-08-31,9135
3622,洋華,22,11,11,群益金鼎-東大,2023-08-31,9135
3176,基亞,10,0,10,群益金鼎-東大,2023-08-31,9135
3685,元創精密,10,0,10,群益金鼎-東大,2023-08-31,9135
5009,榮剛,12,2,10,群益金鼎-東大,2023-08-31,9135
00902,中信電池及儲能,10,0,10,群益金鼎-東大,2023-08-31,9135
2344,華邦電,10,0,10,群益金鼎-東大,2023-08-31,9135
4944,兆遠,9,0,9,群益金鼎-東大,2023-08-31,9135
2498,宏達電,16,7,9,群益金鼎-東大,2023-08-31,9135
00637L,元大滬深300正2,9,0,9,群益金鼎-東大,2023-08-31,9135
2331,精英,20,11,9,群益金鼎-東大,2023-08-31,9135
8048,德勝,9,0,9,群益金鼎-東大,2023-08-31,9135
00882,中信中國高股息,9,0,9,群益金鼎-東大,2023-08-31,9135
2886,兆豐金,8,0,8,群益金鼎-東大,2023-08-31,9135
2440,太空梭,8,0,8,群益金鼎-東大,2023-08-31,9135
2634,漢翔,130,123,7,群益金鼎-東大,2023-08-31,9135
2303,聯電,13,6,7,群益金鼎-東大,2023-08-31,9135
00671R,富邦NASDAQ反1,7,0,7,群益金鼎-東大,2023-08-31,9135
2412,中華電,52,45,7,群益金鼎-東大,2023-08-31,9135
3094,聯傑,10,3,7,群益金鼎-東大,2023-08-31,9135
4580,捷流閥業,7,0,7,群益金鼎-東大,2023-08-31,9135
2887,台新金,6,0,6,群益金鼎-東大,2023-08-31,9135
2458,義隆,6,0,6,群益金鼎-東大,2023-08-31,9135
4933,友輝,7,1,6,群益金鼎-東大,2023-08-31,9135
00673R,期元大S＆P原油反1,6,0,6,群益金鼎-東大,2023-08-31,9135
00675L,富邦臺灣加權正2,6,0,6,群益金鼎-東大,2023-08-31,9135
2816,旺旺保,7,1,6,群益金鼎-東大,2023-08-31,9135
00919,群益台灣精選高息,143,1,142,群益金鼎-東大,2023-09-01,9135
00932,兆豐永續高息等權,94,0,94,群益金鼎-東大,2023-09-01,9135
00929,復華台灣科技優息,83,15,68,群益金鼎-東大,2023-09-01,9135
2886,兆豐金,60,0,60,群益金鼎-東大,2023-09-01,9135
1806,冠軍,50,0,50,群益金鼎-東大,2023-09-01,9135
00673R,期元大S＆P原油反1,51,2,49,群益金鼎-東大,2023-09-01,9135
1471,首利,54,9,45,群益金鼎-東大,2023-09-01,9135
3044,健鼎,44,0,44,群益金鼎-東大,2023-09-01,9135
3056,富華新,40,0,40,群益金鼎-東大,2023-09-01,9135
3163,波若威,102,70,32,群益金鼎-東大,2023-09-01,9135
2303,聯電,28,0,28,群益金鼎-東大,2023-09-01,9135
2301,光寶科,50,24,26,群益金鼎-東大,2023-09-01,9135
2542,興富發,23,0,23,群益金鼎-東大,2023-09-01,9135
6282,康舒,35,12,23,群益金鼎-東大,2023-09-01,9135
2436,偉詮電,36,14,22,群益金鼎-東大,2023-09-01,9135
1605,華新,34,12,22,群益金鼎-東大,2023-09-01,9135
00753L,中信中國50正2,26,5,21,群益金鼎-東大,2023-09-01,9135
2486,一詮,20,0,20,群益金鼎-東大,2023-09-01,9135
2881,富邦金,20,0,20,群益金鼎-東大,2023-09-01,9135
6167,久正,26,10,16,群益金鼎-東大,2023-09-01,9135
6235,華孚,26,10,16,群益金鼎-東大,2023-09-01,9135
3078,僑威,84,68,16,群益金鼎-東大,2023-09-01,9135
1618,合機,15,0,15,群益金鼎-東大,2023-09-01,9135
2313,華通,15,0,15,群益金鼎-東大,2023-09-01,9135
2376,技嘉,30,15,15,群益金鼎-東大,2023-09-01,9135
2382,廣達,28,14,14,群益金鼎-東大,2023-09-01,9135
00720B,元大投資級公司債,13,0,13,群益金鼎-東大,2023-09-01,9135
6122,擎邦,24,12,12,群益金鼎-東大,2023-09-01,9135
6224,聚鼎,12,0,12,群益金鼎-東大,2023-09-01,9135
4953,緯軟,11,0,11,群益金鼎-東大,2023-09-01,9135
00675L,富邦臺灣加權正2,11,0,11,群益金鼎-東大,2023-09-01,9135
1522,堤維西,24,13,11,群益金鼎-東大,2023-09-01,9135
9940,信義,10,0,10,群益金鼎-東大,2023-09-01,9135
3094,聯傑,11,1,10,群益金鼎-東大,2023-09-01,9135
00752,中信中國50,10,0,10,群益金鼎-東大,2023-09-01,9135
6127,九豪,10,0,10,群益金鼎-東大,2023-09-01,9135
4167,松瑞藥,10,0,10,群益金鼎-東大,2023-09-01,9135
1904,正隆,10,1,9,群益金鼎-東大,2023-09-01,9135
5488,松普,11,2,9,群益金鼎-東大,2023-09-01,9135
2520,冠德,28,19,9,群益金鼎-東大,2023-09-01,9135
0056,元大高股息,11,3,8,群益金鼎-東大,2023-09-01,9135
2022,聚亨,8,0,8,群益金鼎-東大,2023-09-01,9135
9958,世紀鋼,11,3,8,群益金鼎-東大,2023-09-01,9135
2329,華泰,77,69,8,群益金鼎-東大,2023-09-01,9135
5348,正能量智能,7,0,7,群益金鼎-東大,2023-09-01,9135
3685,元創精密,10,3,7,群益金鼎-東大,2023-09-01,9135
4113,聯上,7,0,7,群益金鼎-東大,2023-09-01,9135
4968,立積,7,0,7,群益金鼎-東大,2023-09-01,9135
2402,毅嘉,58,52,6,群益金鼎-東大,2023-09-01,9135
2884,玉山金,6,0,6,群益金鼎-東大,2023-09-01,9135
00687B,國泰20年美債,355,1,354,群益金鼎-東大,2023-09-04,9135
00688L,國泰20年美債正2,100,0,100,群益金鼎-東大,2023-09-04,9135
6274,台燿,72,13,59,群益金鼎-東大,2023-09-04,9135
00929,復華台灣科技優息,45,0,45,群益金鼎-東大,2023-09-04,9135
00673R,期元大S＆P原油反1,34,0,34,群益金鼎-東大,2023-09-04,9135
5381,合正,160,130,30,群益金鼎-東大,2023-09-04,9135
00931B,統一美債20年,28,0,28,群益金鼎-東大,2023-09-04,9135
00751B,元大AAA至A公司債,23,0,23,群益金鼎-東大,2023-09-04,9135
4915,致伸,23,0,23,群益金鼎-東大,2023-09-04,9135
00795B,中信美國公債20年,22,0,22,群益金鼎-東大,2023-09-04,9135
1522,堤維西,30,9,21,群益金鼎-東大,2023-09-04,9135
2610,華航,21,0,21,群益金鼎-東大,2023-09-04,9135
00919,群益台灣精選高息,26,5,21,群益金鼎-東大,2023-09-04,9135
2520,冠德,20,0,20,群益金鼎-東大,2023-09-04,9135
2208,台船,16,0,16,群益金鼎-東大,2023-09-04,9135
2371,大同,36,20,16,群益金鼎-東大,2023-09-04,9135
00720B,元大投資級公司債,15,0,15,群益金鼎-東大,2023-09-04,9135
00900,富邦特選高股息30,15,0,15,群益金鼎-東大,2023-09-04,9135
00683L,期元大美元指正2,14,0,14,群益金鼎-東大,2023-09-04,9135
3011,今皓,13,0,13,群益金鼎-東大,2023-09-04,9135
2392,正崴,11,0,11,群益金鼎-東大,2023-09-04,9135
00724B,群益投資級金融債,11,0,11,群益金鼎-東大,2023-09-04,9135
00932,兆豐永續高息等權,11,0,11,群益金鼎-東大,2023-09-04,9135
1307,三芳,13,2,11,群益金鼎-東大,2023-09-04,9135
5425,台半,11,0,11,群益金鼎-東大,2023-09-04,9135
3588,通嘉,178,167,11,群益金鼎-東大,2023-09-04,9135
2010,春源,10,0,10,群益金鼎-東大,2023-09-04,9135
6116,彩晶,10,0,10,群益金鼎-東大,2023-09-04,9135
00764B,群益25年美債,10,0,10,群益金鼎-東大,2023-09-04,9135
1815,富喬,12,2,10,群益金鼎-東大,2023-09-04,9135
00713,元大台灣高息低波,11,1,10,群益金鼎-東大,2023-09-04,9135
1442,名軒,10,0,10,群益金鼎-東大,2023-09-04,9135
2458,義隆,31,21,10,群益金鼎-東大,2023-09-04,9135
00772B,中信高評級公司債,12,2,10,群益金鼎-東大,2023-09-04,9135
2352,佳世達,16,7,9,群益金鼎-東大,2023-09-04,9135
4906,正文,16,7,9,群益金鼎-東大,2023-09-04,9135
3043,科風,12,3,9,群益金鼎-東大,2023-09-04,9135
1802,台玻,62,53,9,群益金鼎-東大,2023-09-04,9135
2369,菱生,10,2,8,群益金鼎-東大,2023-09-04,9135
3078,僑威,15,7,8,群益金鼎-東大,2023-09-04,9135
2355,敬鵬,13,5,8,群益金鼎-東大,2023-09-04,9135
1616,億泰,9,2,7,群益金鼎-東大,2023-09-04,9135
6125,廣運,10,3,7,群益金鼎-東大,2023-09-04,9135
8930,青鋼,7,0,7,群益金鼎-東大,2023-09-04,9135
3114,好德,7,0,7,群益金鼎-東大,2023-09-04,9135
4137,麗豐-KY,7,0,7,群益金鼎-東大,2023-09-04,9135
3264,欣銓,9,2,7,群益金鼎-東大,2023-09-04,9135
3576,聯合再生,7,0,7,群益金鼎-東大,2023-09-04,9135
2382,廣達,23,16,7,群益金鼎-東大,2023-09-04,9135
2059,川湖,6,0,6,群益金鼎-東大,2023-09-04,9135
00687B,國泰20年美債,76,0,76,群益金鼎-東大,2023-09-05,9135
00878,國泰永續高股息,97,34,63,群益金鼎-東大,2023-09-05,9135
2436,偉詮電,173,126,47,群益金鼎-東大,2023-09-05,9135
2887,台新金,26,0,26,群益金鼎-東大,2023-09-05,9135
3406,玉晶光,29,4,25,群益金鼎-東大,2023-09-05,9135
3715,定穎投控,81,61,20,群益金鼎-東大,2023-09-05,9135
8112,至上,16,0,16,群益金鼎-東大,2023-09-05,9135
2344,華邦電,16,0,16,群益金鼎-東大,2023-09-05,9135
3092,鴻碩,16,0,16,群益金鼎-東大,2023-09-05,9135
00720B,元大投資級公司債,15,0,15,群益金鼎-東大,2023-09-05,9135
2618,長榮航,18,3,15,群益金鼎-東大,2023-09-05,9135
3094,聯傑,15,0,15,群益金鼎-東大,2023-09-05,9135
3483,力致,66,52,14,群益金鼎-東大,2023-09-05,9135
00918,大華優利高填息30,14,0,14,群益金鼎-東大,2023-09-05,9135
00915,凱基優選高股息30,13,0,13,群益金鼎-東大,2023-09-05,9135
6235,華孚,51,39,12,群益金鼎-東大,2023-09-05,9135
1802,台玻,14,2,12,群益金鼎-東大,2023-09-05,9135
3685,元創精密,12,0,12,群益金鼎-東大,2023-09-05,9135
3051,力特,44,32,12,群益金鼎-東大,2023-09-05,9135
00751B,元大AAA至A公司債,11,0,11,群益金鼎-東大,2023-09-05,9135
2402,毅嘉,27,16,11,群益金鼎-東大,2023-09-05,9135
3481,群創,10,0,10,群益金鼎-東大,2023-09-05,9135
1442,名軒,10,0,10,群益金鼎-東大,2023-09-05,9135
3624,光頡,10,0,10,群益金鼎-東大,2023-09-05,9135
3694,海華,10,0,10,群益金鼎-東大,2023-09-05,9135
5469,瀚宇博,14,4,10,群益金鼎-東大,2023-09-05,9135
2543,皇昌,10,0,10,群益金鼎-東大,2023-09-05,9135
4915,致伸,10,1,9,群益金鼎-東大,2023-09-05,9135
2313,華通,11,2,9,群益金鼎-東大,2023-09-05,9135
2355,敬鵬,21,13,8,群益金鼎-東大,2023-09-05,9135
3062,建漢,8,0,8,群益金鼎-東大,2023-09-05,9135
00932,兆豐永續高息等權,8,0,8,群益金鼎-東大,2023-09-05,9135
2884,玉山金,8,0,8,群益金鼎-東大,2023-09-05,9135
4953,緯軟,13,6,7,群益金鼎-東大,2023-09-05,9135
2457,飛宏,11,4,7,群益金鼎-東大,2023-09-05,9135
2482,連宇,7,0,7,群益金鼎-東大,2023-09-05,9135
6548,長科*,7,0,7,群益金鼎-東大,2023-09-05,9135
8086,宏捷科,20,13,7,群益金鼎-東大,2023-09-05,9135
6139,亞翔,13,6,7,群益金鼎-東大,2023-09-05,9135
2401,凌陽,21,14,7,群益金鼎-東大,2023-09-05,9135
2337,旺宏,12,6,6,群益金鼎-東大,2023-09-05,9135
3055,蔚華科,6,0,6,群益金鼎-東大,2023-09-05,9135
5371,中光電,36,30,6,群益金鼎-東大,2023-09-05,9135
2481,強茂,6,0,6,群益金鼎-東大,2023-09-05,9135
2027,大成鋼,6,0,6,群益金鼎-東大,2023-09-05,9135
2881,富邦金,5,0,5,群益金鼎-東大,2023-09-05,9135
2913,農林,5,0,5,群益金鼎-東大,2023-09-05,9135
00680L,元大美債20正2,5,0,5,群益金鼎-東大,2023-09-05,9135
2059,川湖,5,0,5,群益金鼎-東大,2023-09-05,9135
1513,中興電,15,10,5,群益金鼎-東大,2023-09-05,9135
00929,復華台灣科技優息,350,32,318,群益金鼎-東大,2023-09-06,9135
3481,群創,85,3,82,群益金鼎-東大,2023-09-06,9135
2363,矽統,155,93,62,群益金鼎-東大,2023-09-06,9135
00923,群益台ESG低碳50,61,0,61,群益金鼎-東大,2023-09-06,9135
00919,群益台灣精選高息,86,25,61,群益金鼎-東大,2023-09-06,9135
2356,英業達,150,101,49,群益金鼎-東大,2023-09-06,9135
2382,廣達,48,12,36,群益金鼎-東大,2023-09-06,9135
00679B,元大美債20年,37,2,35,群益金鼎-東大,2023-09-06,9135
00687B,國泰20年美債,54,22,32,群益金鼎-東大,2023-09-06,9135
2834,臺企銀,28,0,28,群益金鼎-東大,2023-09-06,9135
00720B,元大投資級公司債,28,1,27,群益金鼎-東大,2023-09-06,9135
00753L,中信中國50正2,26,0,26,群益金鼎-東大,2023-09-06,9135
2485,兆赫,26,1,25,群益金鼎-東大,2023-09-06,9135
00772B,中信高評級公司債,23,0,23,群益金鼎-東大,2023-09-06,9135
00637L,元大滬深300正2,22,0,22,群益金鼎-東大,2023-09-06,9135
2409,友達,20,1,19,群益金鼎-東大,2023-09-06,9135
00915,凱基優選高股息30,19,1,18,群益金鼎-東大,2023-09-06,9135
6470,宇智,18,0,18,群益金鼎-東大,2023-09-06,9135
00751B,元大AAA至A公司債,16,0,16,群益金鼎-東大,2023-09-06,9135
00706L,期元大S＆P日圓正2,16,0,16,群益金鼎-東大,2023-09-06,9135
00931B,統一美債20年,20,4,16,群益金鼎-東大,2023-09-06,9135
8110,華東,16,0,16,群益金鼎-東大,2023-09-06,9135
2301,光寶科,72,57,15,群益金鼎-東大,2023-09-06,9135
3051,力特,20,5,15,群益金鼎-東大,2023-09-06,9135
6283,淳安,15,0,15,群益金鼎-東大,2023-09-06,9135
1618,合機,15,0,15,群益金鼎-東大,2023-09-06,9135
2887,台新金,14,0,14,群益金鼎-東大,2023-09-06,9135
3014,聯陽,17,3,14,群益金鼎-東大,2023-09-06,9135
4977,眾達-KY,17,3,14,群益金鼎-東大,2023-09-06,9135
3706,神達,15,1,14,群益金鼎-東大,2023-09-06,9135
4961,天鈺,59,46,13,群益金鼎-東大,2023-09-06,9135
2317,鴻海,14,1,13,群益金鼎-東大,2023-09-06,9135
2520,冠德,13,0,13,群益金鼎-東大,2023-09-06,9135
6125,廣運,13,1,12,群益金鼎-東大,2023-09-06,9135
1101,台泥,12,0,12,群益金鼎-東大,2023-09-06,9135
00795B,中信美國公債20年,11,0,11,群益金鼎-東大,2023-09-06,9135
3043,科風,58,47,11,群益金鼎-東大,2023-09-06,9135
6116,彩晶,12,1,11,群益金鼎-東大,2023-09-06,9135
00882,中信中國高股息,11,0,11,群益金鼎-東大,2023-09-06,9135
00877,復華中國5G,10,0,10,群益金鼎-東大,2023-09-06,9135
00930,永豐ESG低碳高息,11,1,10,群益金鼎-東大,2023-09-06,9135
3567,逸昌,26,16,10,群益金鼎-東大,2023-09-06,9135
2886,兆豐金,9,0,9,群益金鼎-東大,2023-09-06,9135
1216,統一,12,3,9,群益金鼎-東大,2023-09-06,9135
5880,合庫金,9,0,9,群益金鼎-東大,2023-09-06,9135
00902,中信電池及儲能,9,0,9,群益金鼎-東大,2023-09-06,9135
2606,裕民,10,1,9,群益金鼎-東大,2023-09-06,9135
3078,僑威,12,3,9,群益金鼎-東大,2023-09-06,9135
5608,四維航,9,0,9,群益金鼎-東大,2023-09-06,9135
3685,元創精密,9,0,9,群益金鼎-東大,2023-09-06,9135
00932,兆豐永續高息等權,141,0,141,群益金鼎-東大,2023-09-07,9135
00929,復華台灣科技優息,150,37,113,群益金鼎-東大,2023-09-07,9135
00919,群益台灣精選高息,69,14,55,群益金鼎-東大,2023-09-07,9135
4533,協易機,113,67,46,群益金鼎-東大,2023-09-07,9135
5381,合正,45,6,39,群益金鼎-東大,2023-09-07,9135
00902,中信電池及儲能,35,0,35,群益金鼎-東大,2023-09-07,9135
00637L,元大滬深300正2,28,0,28,群益金鼎-東大,2023-09-07,9135
2606,裕民,31,5,26,群益金鼎-東大,2023-09-07,9135
00673R,期元大S＆P原油反1,25,0,25,群益金鼎-東大,2023-09-07,9135
6191,精成科,38,14,24,群益金鼎-東大,2023-09-07,9135
2884,玉山金,21,0,21,群益金鼎-東大,2023-09-07,9135
2301,光寶科,42,21,21,群益金鼎-東大,2023-09-07,9135
00720B,元大投資級公司債,20,0,20,群益金鼎-東大,2023-09-07,9135
6167,久正,20,0,20,群益金鼎-東大,2023-09-07,9135
4906,正文,30,11,19,群益金鼎-東大,2023-09-07,9135
5465,富驊,14,0,14,群益金鼎-東大,2023-09-07,9135
4934,太極,15,1,14,群益金鼎-東大,2023-09-07,9135
2027,大成鋼,13,0,13,群益金鼎-東大,2023-09-07,9135
3231,緯創,15,2,13,群益金鼎-東大,2023-09-07,9135
5871,中租-KY,12,0,12,群益金鼎-東大,2023-09-07,9135
3685,元創精密,12,0,12,群益金鼎-東大,2023-09-07,9135
00679B,元大美債20年,11,0,11,群益金鼎-東大,2023-09-07,9135
3311,閎暉,11,0,11,群益金鼎-東大,2023-09-07,9135
00881,國泰台灣5G+,11,0,11,群益金鼎-東大,2023-09-07,9135
2618,長榮航,12,2,10,群益金鼎-東大,2023-09-07,9135
8213,志超,10,0,10,群益金鼎-東大,2023-09-07,9135
9940,信義,10,0,10,群益金鼎-東大,2023-09-07,9135
00632R,元大台灣50反1,10,0,10,群益金鼎-東大,2023-09-07,9135
4744,皇將,10,0,10,群益金鼎-東大,2023-09-07,9135
2358,廷鑫,10,0,10,群益金鼎-東大,2023-09-07,9135
2908,特力,10,0,10,群益金鼎-東大,2023-09-07,9135
1605,華新,10,0,10,群益金鼎-東大,2023-09-07,9135
8048,德勝,10,0,10,群益金鼎-東大,2023-09-07,9135
3042,晶技,12,2,10,群益金鼎-東大,2023-09-07,9135
2891,中信金,9,0,9,群益金鼎-東大,2023-09-07,9135
3013,晟銘電,20,11,9,群益金鼎-東大,2023-09-07,9135
8112,至上,15,6,9,群益金鼎-東大,2023-09-07,9135
6625,必應,8,0,8,群益金鼎-東大,2023-09-07,9135
4207,環泰,8,0,8,群益金鼎-東大,2023-09-07,9135
00918,大華優利高填息30,8,0,8,群益金鼎-東大,2023-09-07,9135
1612,宏泰,11,3,8,群益金鼎-東大,2023-09-07,9135
6285,啟��,24,17,7,群益金鼎-東大,2023-09-07,9135
1618,合機,17,10,7,群益金鼎-東大,2023-09-07,9135
0050,元大台灣50,7,0,7,群益金鼎-東大,2023-09-07,9135
2002,中鋼,6,0,6,群益金鼎-東大,2023-09-07,9135
2330,台積電,8,2,6,群益金鼎-東大,2023-09-07,9135
2324,仁寶,6,0,6,群益金鼎-東大,2023-09-07,9135
4763,材料-KY,6,0,6,群益金鼎-東大,2023-09-07,9135
2834,臺企銀,6,0,6,群益金鼎-東大,2023-09-07,9135
8050,廣積,31,25,6,群益金鼎-東大,2023-09-07,9135
00932,兆豐永續高息等權,122,20,102,群益金鼎-東大,2023-09-08,9135
00919,群益台灣精選高息,111,13,98,群益金鼎-東大,2023-09-08,9135
2891,中信金,66,10,56,群益金鼎-東大,2023-09-08,9135
3481,群創,33,1,32,群益金鼎-東大,2023-09-08,9135
3078,僑威,30,0,30,群益金鼎-東大,2023-09-08,9135
3715,定穎投控,111,82,29,群益金鼎-東大,2023-09-08,9135
8112,至上,34,11,23,群益金鼎-東大,2023-09-08,9135
5381,合正,24,2,22,群益金鼎-東大,2023-09-08,9135
5488,松普,23,4,19,群益金鼎-東大,2023-09-08,9135
4533,協易機,22,3,19,群益金鼎-東大,2023-09-08,9135
1584,精剛,21,4,17,群益金鼎-東大,2023-09-08,9135
00931B,統一美債20年,19,4,15,群益金鼎-東大,2023-09-08,9135
00753L,中信中國50正2,15,0,15,群益金鼎-東大,2023-09-08,9135
3014,聯陽,24,11,13,群益金鼎-東大,2023-09-08,9135
8088,品安,13,0,13,群益金鼎-東大,2023-09-08,9135
5871,中租-KY,12,0,12,群益金鼎-東大,2023-09-08,9135
2852,第一保,12,0,12,群益金鼎-東大,2023-09-08,9135
5880,合庫金,12,0,12,群益金鼎-東大,2023-09-08,9135
3483,力致,31,19,12,群益金鼎-東大,2023-09-08,9135
5371,中光電,12,0,12,群益金鼎-東大,2023-09-08,9135
5284,jpp-KY,11,0,11,群益金鼎-東大,2023-09-08,9135
00673R,期元大S＆P原油反1,11,0,11,群益金鼎-東大,2023-09-08,9135
9925,新保,11,0,11,群益金鼎-東大,2023-09-08,9135
3567,逸昌,12,2,10,群益金鼎-東大,2023-09-08,9135
1701,中化,10,0,10,群益金鼎-東大,2023-09-08,9135
00877,復華中國5G,10,0,10,群益金鼎-東大,2023-09-08,9135
00885,富邦越南,10,0,10,群益金鼎-東大,2023-09-08,9135
2324,仁寶,10,0,10,群益金鼎-東大,2023-09-08,9135
2897A,王道銀甲特,10,0,10,群益金鼎-東大,2023-09-08,9135
5348,正能量智能,9,0,9,群益金鼎-東大,2023-09-08,9135
2301,光寶科,54,45,9,群益金鼎-東大,2023-09-08,9135
00864B,中信美國公債0-1,9,0,9,群益金鼎-東大,2023-09-08,9135
3265,台星科,10,1,9,群益金鼎-東大,2023-09-08,9135
2316,楠梓電,12,3,9,群益金鼎-東大,2023-09-08,9135
8050,廣積,50,41,9,群益金鼎-東大,2023-09-08,9135
2645,長榮航太,11,3,8,群益金鼎-東大,2023-09-08,9135
3685,元創精密,8,0,8,群益金鼎-東大,2023-09-08,9135
6523,達爾膚,11,3,8,群益金鼎-東大,2023-09-08,9135
3548,兆利,7,0,7,群益金鼎-東大,2023-09-08,9135
3006,晶豪科,24,17,7,群益金鼎-東大,2023-09-08,9135
8069,元太,7,0,7,群益金鼎-東大,2023-09-08,9135
2329,華泰,9,2,7,群益金鼎-東大,2023-09-08,9135
00918,大華優利高填息30,7,0,7,群益金鼎-東大,2023-09-08,9135
5465,富驊,8,1,7,群益金鼎-東大,2023-09-08,9135
2603,長榮,7,0,7,群益金鼎-東大,2023-09-08,9135
2402,毅嘉,16,9,7,群益金鼎-東大,2023-09-08,9135
8222,寶一,21,14,7,群益金鼎-東大,2023-09-08,9135
2330,台積電,8,1,7,群益金鼎-東大,2023-09-08,9135
1307,三芳,6,0,6,群益金鼎-東大,2023-09-08,9135
1802,台玻,8,2,6,群益金鼎-東大,2023-09-08,9135
00687B,國泰20年美債,227,0,227,群益金鼎-東大,2023-09-11,9135
00929,復華台灣科技優息,124,3,121,群益金鼎-東大,2023-09-11,9135
00919,群益台灣精選高息,132,13,119,群益金鼎-東大,2023-09-11,9135
00932,兆豐永續高息等權,147,30,117,群益金鼎-東大,2023-09-11,9135
2891,中信金,102,5,97,群益金鼎-東大,2023-09-11,9135
2497,怡利電,117,46,71,群益金鼎-東大,2023-09-11,9135
00878,國泰永續高股息,125,72,53,群益金鼎-東大,2023-09-11,9135
00688L,國泰20年美債正2,52,0,52,群益金鼎-東大,2023-09-11,9135
2313,華通,39,5,34,群益金鼎-東大,2023-09-11,9135
3481,群創,33,2,31,群益金鼎-東大,2023-09-11,9135
1305,華夏,37,6,31,群益金鼎-東大,2023-09-11,9135
2352,佳世達,30,1,29,群益金鼎-東大,2023-09-11,9135
1568,倉佑,43,15,28,群益金鼎-東大,2023-09-11,9135
00679B,元大美債20年,26,0,26,群益金鼎-東大,2023-09-11,9135
00753L,中信中國50正2,25,0,25,群益金鼎-東大,2023-09-11,9135
4967,十銓,61,37,24,群益金鼎-東大,2023-09-11,9135
00712,復華富時不動產,23,0,23,群益金鼎-東大,2023-09-11,9135
1307,三芳,30,9,21,群益金鼎-東大,2023-09-11,9135
00692,富邦公司治理,21,0,21,群益金鼎-東大,2023-09-11,9135
8358,金居,22,1,21,群益金鼎-東大,2023-09-11,9135
2337,旺宏,19,0,19,群益金鼎-東大,2023-09-11,9135
3092,鴻碩,19,0,19,群益金鼎-東大,2023-09-11,9135
1802,台玻,23,4,19,群益金鼎-東大,2023-09-11,9135
1717,長興,19,0,19,群益金鼎-東大,2023-09-11,9135
2610,華航,25,7,18,群益金鼎-東大,2023-09-11,9135
00931B,統一美債20年,17,0,17,群益金鼎-東大,2023-09-11,9135
2344,華邦電,20,5,15,群益金鼎-東大,2023-09-11,9135
3006,晶豪科,36,21,15,群益金鼎-東大,2023-09-11,9135
9904,寶成,14,0,14,群益金鼎-東大,2023-09-11,9135
3715,定穎投控,33,20,13,群益金鼎-東大,2023-09-11,9135
00881,國泰台灣5G+,12,0,12,群益金鼎-東大,2023-09-11,9135
00795B,中信美國公債20年,11,0,11,群益金鼎-東大,2023-09-11,9135
00923,群益台ESG低碳50,12,1,11,群益金鼎-東大,2023-09-11,9135
6285,啟��,18,7,11,群益金鼎-東大,2023-09-11,9135
2405,輔信,36,25,11,群益金鼎-東大,2023-09-11,9135
2603,長榮,11,1,10,群益金鼎-東大,2023-09-11,9135
1720,生達,10,0,10,群益金鼎-東大,2023-09-11,9135
00696B,富邦美債20年,10,0,10,群益金鼎-東大,2023-09-11,9135
00664R,國泰臺灣加權反1,10,0,10,群益金鼎-東大,2023-09-11,9135
1810,和成,11,1,10,群益金鼎-東大,2023-09-11,9135
1515,力山,9,0,9,群益金鼎-東大,2023-09-11,9135
8403,盛弘,9,0,9,群益金鼎-東大,2023-09-11,9135
00915,凱基優選高股息30,9,0,9,群益金鼎-東大,2023-09-11,9135
3005,神基,9,0,9,群益金鼎-東大,2023-09-11,9135
3704,合勤控,12,3,9,群益金鼎-東大,2023-09-11,9135
2317,鴻海,9,0,9,群益金鼎-東大,2023-09-11,9135
8076,伍豐,30,22,8,群益金鼎-東大,2023-09-11,9135
00751B,元大AAA至A公司債,8,0,8,群益金鼎-東大,2023-09-11,9135
3035,智原,36,29,7,群益金鼎-東大,2023-09-11,9135
5523,豐謙,7,0,7,群益金鼎-東大,2023-09-11,9135
1471,首利,66,3,63,群益金鼎-東大,2023-09-12,9135
2888,新光金,61,0,61,群益金鼎-東大,2023-09-12,9135
00929,復華台灣科技優息,39,1,38,群益金鼎-東大,2023-09-12,9135
3231,緯創,61,25,36,群益金鼎-東大,2023-09-12,9135
2313,華通,61,27,34,群益金鼎-東大,2023-09-12,9135
00919,群益台灣精選高息,70,37,33,群益金鼎-東大,2023-09-12,9135
00679B,元大美債20年,28,0,28,群益金鼎-東大,2023-09-12,9135
00673R,期元大S＆P原油反1,28,0,28,群益金鼎-東大,2023-09-12,9135
4915,致伸,47,21,26,群益金鼎-東大,2023-09-12,9135
3260,威剛,59,37,22,群益金鼎-東大,2023-09-12,9135
2486,一詮,20,0,20,群益金鼎-東大,2023-09-12,9135
2538,基泰,77,59,18,群益金鼎-東大,2023-09-12,9135
00878,國泰永續高股息,22,5,17,群益金鼎-東大,2023-09-12,9135
1568,倉佑,18,1,17,群益金鼎-東大,2023-09-12,9135
3685,元創精密,16,0,16,群益金鼎-東大,2023-09-12,9135
2543,皇昌,15,0,15,群益金鼎-東大,2023-09-12,9135
3035,智原,39,25,14,群益金鼎-東大,2023-09-12,9135
2206,三陽工業,15,2,13,群益金鼎-東大,2023-09-12,9135
3481,群創,13,0,13,群益金鼎-東大,2023-09-12,9135
5465,富驊,12,0,12,群益金鼎-東大,2023-09-12,9135
00902,中信電池及儲能,12,0,12,群益金鼎-東大,2023-09-12,9135
1301,台塑,11,0,11,群益金鼎-東大,2023-09-12,9135
00753L,中信中國50正2,11,0,11,群益金鼎-東大,2023-09-12,9135
3046,建��,15,4,11,群益金鼎-東大,2023-09-12,9135
8403,盛弘,11,0,11,群益金鼎-東大,2023-09-12,9135
5371,中光電,14,4,10,群益金鼎-東大,2023-09-12,9135
3346,麗清,11,1,10,群益金鼎-東大,2023-09-12,9135
2897A,王道銀甲特,10,0,10,群益金鼎-東大,2023-09-12,9135
00687B,國泰20年美債,9,0,9,群益金鼎-東大,2023-09-12,9135
2520,冠德,11,2,9,群益金鼎-東大,2023-09-12,9135
1785,光洋科,9,0,9,群益金鼎-東大,2023-09-12,9135
3682,亞太電,8,0,8,群益金鼎-東大,2023-09-12,9135
3624,光頡,8,0,8,群益金鼎-東大,2023-09-12,9135
2743,山富,10,2,8,群益金鼎-東大,2023-09-12,9135
00918,大華優利高填息30,8,0,8,群益金鼎-東大,2023-09-12,9135
1513,中興電,11,3,8,群益金鼎-東大,2023-09-12,9135
3051,力特,7,0,7,群益金鼎-東大,2023-09-12,9135
2352,佳世達,10,3,7,群益金鼎-東大,2023-09-12,9135
2419,仲琦,7,0,7,群益金鼎-東大,2023-09-12,9135
1609,大亞,18,11,7,群益金鼎-東大,2023-09-12,9135
2516,新建,7,0,7,群益金鼎-東大,2023-09-12,9135
2618,長榮航,8,2,6,群益金鼎-東大,2023-09-12,9135
2890,永豐金,6,0,6,群益金鼎-東大,2023-09-12,9135
8069,元太,7,1,6,群益金鼎-東大,2023-09-12,9135
1786,科妍,6,0,6,群益金鼎-東大,2023-09-12,9135
5871,中租-KY,6,0,6,群益金鼎-東大,2023-09-12,9135
3588,通嘉,10,4,6,群益金鼎-東大,2023-09-12,9135
6443,元晶,6,0,6,群益金鼎-東大,2023-09-12,9135
6125,廣運,7,1,6,群益金鼎-東大,2023-09-12,9135
3289,宜特,6,0,6,群益金鼎-東大,2023-09-12,9135
00720B,元大投資級公司債,137,0,137,群益金鼎-東大,2023-09-13,9135
00929,復華台灣科技優息,138,9,129,群益金鼎-東大,2023-09-13,9135
00919,群益台灣精選高息,124,0,124,群益金鼎-東大,2023-09-13,9135
3005,神基,107,6,101,群益金鼎-東大,2023-09-13,9135
2405,輔信,60,21,39,群益金鼎-東大,2023-09-13,9135
1471,首利,46,11,35,群益金鼎-東大,2023-09-13,9135
2606,裕民,32,0,32,群益金鼎-東大,2023-09-13,9135
00673R,期元大S＆P原油反1,38,12,26,群益金鼎-東大,2023-09-13,9135
00902,中信電池及儲能,24,0,24,群益金鼎-東大,2023-09-13,9135
2324,仁寶,26,5,21,群益金鼎-東大,2023-09-13,9135
6415,矽力*-KY,24,3,21,群益金鼎-東大,2023-09-13,9135
1307,三芳,35,17,18,群益金鼎-東大,2023-09-13,9135
2392,正崴,14,0,14,群益金鼎-東大,2023-09-13,9135
3704,合勤控,100,86,14,群益金鼎-東大,2023-09-13,9135
2340,台亞,39,25,14,群益金鼎-東大,2023-09-13,9135
2543,皇昌,14,0,14,群益金鼎-東大,2023-09-13,9135
2402,毅嘉,13,0,13,群益金鼎-東大,2023-09-13,9135
5347,世界,15,2,13,群益金鼎-東大,2023-09-13,9135
00679B,元大美債20年,13,0,13,群益金鼎-東大,2023-09-13,9135
6213,聯茂,13,1,12,群益金鼎-東大,2023-09-13,9135
1515,力山,22,11,11,群益金鼎-東大,2023-09-13,9135
1587,吉茂,15,4,11,群益金鼎-東大,2023-09-13,9135
00751B,元大AAA至A公司債,11,0,11,群益金鼎-東大,2023-09-13,9135
4572,駐龍,10,0,10,群益金鼎-東大,2023-09-13,9135
3090,日電貿,12,2,10,群益金鼎-東大,2023-09-13,9135
2801,彰銀,10,0,10,群益金鼎-東大,2023-09-13,9135
2443,昶虹,10,0,10,群益金鼎-東大,2023-09-13,9135
2352,佳世達,11,1,10,群益金鼎-東大,2023-09-13,9135
3706,神達,10,0,10,群益金鼎-東大,2023-09-13,9135
2540,愛山林,10,0,10,群益金鼎-東大,2023-09-13,9135
5381,合正,9,0,9,群益金鼎-東大,2023-09-13,9135
3548,兆利,9,0,9,群益金鼎-東大,2023-09-13,9135
6231,系微,11,2,9,群益金鼎-東大,2023-09-13,9135
00687B,國泰20年美債,18,10,8,群益金鼎-東大,2023-09-13,9135
4953,緯軟,11,3,8,群益金鼎-東大,2023-09-13,9135
2332,友訊,7,0,7,群益金鼎-東大,2023-09-13,9135
2890,永豐金,6,0,6,群益金鼎-東大,2023-09-13,9135
1504,東元,8,2,6,群益金鼎-東大,2023-09-13,9135
3169,亞信,6,0,6,群益金鼎-東大,2023-09-13,9135
2312,金寶,6,0,6,群益金鼎-東大,2023-09-13,9135
3661,世芯-KY,8,2,6,群益金鼎-東大,2023-09-13,9135
1524,耿鼎,80,74,6,群益金鼎-東大,2023-09-13,9135
00881,國泰台灣5G+,5,0,5,群益金鼎-東大,2023-09-13,9135
00680L,元大美債20正2,5,0,5,群益金鼎-東大,2023-09-13,9135
8033,雷虎,5,0,5,群益金鼎-東大,2023-09-13,9135
5285,界霖,5,0,5,群益金鼎-東大,2023-09-13,9135
3694,海華,11,6,5,群益金鼎-東大,2023-09-13,9135
00753L,中信中國50正2,5,0,5,群益金鼎-東大,2023-09-13,9135
00915,凱基優選高股息30,5,0,5,群益金鼎-東大,2023-09-13,9135
2743,山富,6,1,5,群益金鼎-東大,2023-09-13,9135
00919,群益台灣精選高息,236,3,233,群益金鼎-東大,2023-09-14,9135
3450,聯鈞,81,8,73,群益金鼎-東大,2023-09-14,9135
00632R,元大台灣50反1,66,0,66,群益金鼎-東大,2023-09-14,9135
00932,兆豐永續高息等權,64,1,63,群益金鼎-東大,2023-09-14,9135
00885,富邦越南,55,2,53,群益金鼎-東大,2023-09-14,9135
2610,華航,53,0,53,群益金鼎-東大,2023-09-14,9135
00929,復華台灣科技優息,86,37,49,群益金鼎-東大,2023-09-14,9135
3231,緯創,107,71,36,群益金鼎-東大,2023-09-14,9135
3041,揚智,30,0,30,群益金鼎-東大,2023-09-14,9135
3694,海華,29,1,28,群益金鼎-東大,2023-09-14,9135
2736,富野,27,0,27,群益金鼎-東大,2023-09-14,9135
2543,皇昌,24,0,24,群益金鼎-東大,2023-09-14,9135
2301,光寶科,25,3,22,群益金鼎-東大,2023-09-14,9135
6282,康舒,20,0,20,群益金鼎-東大,2023-09-14,9135
4739,康普,19,0,19,群益金鼎-東大,2023-09-14,9135
2405,輔信,20,1,19,群益金鼎-東大,2023-09-14,9135
8404,百和興業-KY,19,0,19,群益金鼎-東大,2023-09-14,9135
2618,長榮航,17,1,16,群益金鼎-東大,2023-09-14,9135
00720B,元大投資級公司債,16,0,16,群益金鼎-東大,2023-09-14,9135
3483,力致,28,13,15,群益金鼎-東大,2023-09-14,9135
2324,仁寶,14,0,14,群益金鼎-東大,2023-09-14,9135
4979,華星光,36,22,14,群益金鼎-東大,2023-09-14,9135
00665L,富邦�琤肭磪囓�2,21,8,13,群益金鼎-東大,2023-09-14,9135
5439,高技,11,0,11,群益金鼎-東大,2023-09-14,9135
1319,東陽,87,77,10,群益金鼎-東大,2023-09-14,9135
00931B,統一美債20年,16,6,10,群益金鼎-東大,2023-09-14,9135
2401,凌陽,12,2,10,群益金鼎-東大,2023-09-14,9135
00864B,中信美國公債0-1,10,0,10,群益金鼎-東大,2023-09-14,9135
00712,復華富時不動產,10,0,10,群益金鼎-東大,2023-09-14,9135
4933,友輝,10,0,10,群益金鼎-東大,2023-09-14,9135
00679B,元大美債20年,9,0,9,群益金鼎-東大,2023-09-14,9135
2641,正德,11,2,9,群益金鼎-東大,2023-09-14,9135
00751B,元大AAA至A公司債,9,0,9,群益金鼎-東大,2023-09-14,9135
3338,泰碩,10,1,9,群益金鼎-東大,2023-09-14,9135
6197,佳必琪,8,0,8,群益金鼎-東大,2023-09-14,9135
3027,盛達,10,2,8,群益金鼎-東大,2023-09-14,9135
3162,精確,8,0,8,群益金鼎-東大,2023-09-14,9135
3388,崇越電,8,0,8,群益金鼎-東大,2023-09-14,9135
3693,營邦,21,14,7,群益金鼎-東大,2023-09-14,9135
5876,上海商銀,10,3,7,群益金鼎-東大,2023-09-14,9135
00687B,國泰20年美債,12,6,6,群益金鼎-東大,2023-09-14,9135
00795B,中信美國公債20年,6,0,6,群益金鼎-東大,2023-09-14,9135
6213,聯茂,7,1,6,群益金鼎-東大,2023-09-14,9135
3264,欣銓,8,2,6,群益金鼎-東大,2023-09-14,9135
1612,宏泰,7,1,6,群益金鼎-東大,2023-09-14,9135
4977,眾達-KY,8,2,6,群益金鼎-東大,2023-09-14,9135
3038,全台,6,0,6,群益金鼎-東大,2023-09-14,9135
2392,正崴,6,0,6,群益金鼎-東大,2023-09-14,9135
6125,廣運,9,3,6,群益金鼎-東大,2023-09-14,9135
1471,首利,16,10,6,群益金鼎-東大,2023-09-14,9135
00632R,元大台灣50反1,201,0,201,群益金鼎-東大,2023-09-15,9135
00919,群益台灣精選高息,438,244,194,群益金鼎-東大,2023-09-15,9135
00929,復華台灣科技優息,119,14,105,群益金鼎-東大,2023-09-15,9135
2449,京元電子,107,39,68,群益金鼎-東大,2023-09-15,9135
3450,聯鈞,164,107,57,群益金鼎-東大,2023-09-15,9135
3481,群創,44,0,44,群益金鼎-東大,2023-09-15,9135
3041,揚智,44,0,44,群益金鼎-東大,2023-09-15,9135
00720B,元大投資級公司債,43,0,43,群益金鼎-東大,2023-09-15,9135
2838,聯邦銀,41,0,41,群益金鼎-東大,2023-09-15,9135
2405,輔信,77,36,41,群益金鼎-東大,2023-09-15,9135
5876,上海商銀,40,0,40,群益金鼎-東大,2023-09-15,9135
2062,橋椿,33,1,32,群益金鼎-東大,2023-09-15,9135
6288,聯嘉,30,0,30,群益金鼎-東大,2023-09-15,9135
00673R,期元大S＆P原油反1,30,0,30,群益金鼎-東大,2023-09-15,9135
5905,南仁湖,30,0,30,群益金鼎-東大,2023-09-15,9135
00753L,中信中國50正2,50,25,25,群益金鼎-東大,2023-09-15,9135
00857B,永豐20年美公債,21,0,21,群益金鼎-東大,2023-09-15,9135
00751B,元大AAA至A公司債,20,0,20,群益金鼎-東大,2023-09-15,9135
1522,堤維西,67,48,19,群益金鼎-東大,2023-09-15,9135
3078,僑威,18,0,18,群益金鼎-東大,2023-09-15,9135
1568,倉佑,19,1,18,群益金鼎-東大,2023-09-15,9135
2618,長榮航,28,11,17,群益金鼎-東大,2023-09-15,9135
2884,玉山金,15,0,15,群益金鼎-東大,2023-09-15,9135
3163,波若威,57,42,15,群益金鼎-東大,2023-09-15,9135
6257,矽格,15,0,15,群益金鼎-東大,2023-09-15,9135
00687B,國泰20年美債,14,0,14,群益金鼎-東大,2023-09-15,9135
00900,富邦特選高股息30,14,0,14,群益金鼎-東大,2023-09-15,9135
8048,德勝,13,0,13,群益金鼎-東大,2023-09-15,9135
2610,華航,13,0,13,群益金鼎-東大,2023-09-15,9135
1471,首利,13,0,13,群益金鼎-東大,2023-09-15,9135
1524,耿鼎,16,3,13,群益金鼎-東大,2023-09-15,9135
2486,一詮,109,96,13,群益金鼎-東大,2023-09-15,9135
3363,上詮,105,93,12,群益金鼎-東大,2023-09-15,9135
1513,中興電,14,2,12,群益金鼎-東大,2023-09-15,9135
1605,華新,12,0,12,群益金鼎-東大,2023-09-15,9135
3704,合勤控,16,4,12,群益金鼎-東大,2023-09-15,9135
00915,凱基優選高股息30,11,0,11,群益金鼎-東大,2023-09-15,9135
2355,敬鵬,14,3,11,群益金鼎-東大,2023-09-15,9135
00679B,元大美債20年,12,2,10,群益金鼎-東大,2023-09-15,9135
3685,元創精密,10,0,10,群益金鼎-東大,2023-09-15,9135
2425,承啟,11,1,10,群益金鼎-東大,2023-09-15,9135
00877,復華中國5G,10,0,10,群益金鼎-東大,2023-09-15,9135
00885,富邦越南,10,0,10,群益金鼎-東大,2023-09-15,9135
3545,敦泰,10,0,10,群益金鼎-東大,2023-09-15,9135
3362,先進光,18,8,10,群益金鼎-東大,2023-09-15,9135
2436,偉詮電,23,14,9,群益金鼎-東大,2023-09-15,9135
4541,晟田,9,0,9,群益金鼎-東大,2023-09-15,9135
3003,健和興,10,1,9,群益金鼎-東大,2023-09-15,9135
5353,台林,8,0,8,群益金鼎-東大,2023-09-15,9135
2892,第一金,8,0,8,群益金鼎-東大,2023-09-15,9135
00929,復華台灣科技優息,188,20,168,群益金鼎-東大,2023-09-18,9135
2363,矽統,270,153,117,群益金鼎-東大,2023-09-18,9135
00687B,國泰20年美債,86,0,86,群益金鼎-東大,2023-09-18,9135
00878,國泰永續高股息,71,0,71,群益金鼎-東大,2023-09-18,9135
00885,富邦越南,61,2,59,群益金鼎-東大,2023-09-18,9135
00679B,元大美債20年,56,0,56,群益金鼎-東大,2023-09-18,9135
8040,九暘,55,0,55,群益金鼎-東大,2023-09-18,9135
00688L,國泰20年美債正2,54,0,54,群益金鼎-東大,2023-09-18,9135
1522,堤維西,49,2,47,群益金鼎-東大,2023-09-18,9135
00931B,統一美債20年,54,10,44,群益金鼎-東大,2023-09-18,9135
1338,廣華-KY,44,1,43,群益金鼎-東大,2023-09-18,9135
3041,揚智,40,1,39,群益金鼎-東大,2023-09-18,9135
00751B,元大AAA至A公司債,32,0,32,群益金鼎-東大,2023-09-18,9135
00720B,元大投資級公司債,30,0,30,群益金鼎-東大,2023-09-18,9135
8054,安國,31,1,30,群益金鼎-東大,2023-09-18,9135
3363,上詮,58,29,29,群益金鼎-東大,2023-09-18,9135
3715,定穎投控,70,44,26,群益金鼎-東大,2023-09-18,9135
00923,群益台ESG低碳50,23,0,23,群益金鼎-東大,2023-09-18,9135
4105,東洋,21,0,21,群益金鼎-東大,2023-09-18,9135
00922,國泰台灣領袖50,20,0,20,群益金鼎-東大,2023-09-18,9135
2462,良得電,34,14,20,群益金鼎-東大,2023-09-18,9135
3325,旭品,22,2,20,群益金鼎-東大,2023-09-18,9135
1513,中興電,20,0,20,群益金鼎-東大,2023-09-18,9135
3481,群創,21,2,19,群益金鼎-東大,2023-09-18,9135
2609,陽明,25,7,18,群益金鼎-東大,2023-09-18,9135
3264,欣銓,29,13,16,群益金鼎-東大,2023-09-18,9135
2449,京元電子,19,4,15,群益金鼎-東大,2023-09-18,9135
00764B,群益25年美債,15,0,15,群益金鼎-東大,2023-09-18,9135
00795B,中信美國公債20年,14,0,14,群益金鼎-東大,2023-09-18,9135
2402,毅嘉,16,3,13,群益金鼎-東大,2023-09-18,9135
00753L,中信中國50正2,13,0,13,群益金鼎-東大,2023-09-18,9135
3078,僑威,13,0,13,群益金鼎-東大,2023-09-18,9135
2027,大成鋼,13,0,13,群益金鼎-東大,2023-09-18,9135
2303,聯電,14,2,12,群益金鼎-東大,2023-09-18,9135
1568,倉佑,12,0,12,群益金鼎-東大,2023-09-18,9135
2330,台積電,15,3,12,群益金鼎-東大,2023-09-18,9135
2897A,王道銀甲特,11,0,11,群益金鼎-東大,2023-09-18,9135
6669,緯穎,10,0,10,群益金鼎-東大,2023-09-18,9135
2880,華南金,10,0,10,群益金鼎-東大,2023-09-18,9135
00696B,富邦美債20年,10,0,10,群益金鼎-東大,2023-09-18,9135
3588,通嘉,10,0,10,群益金鼎-東大,2023-09-18,9135
3038,全台,10,0,10,群益金鼎-東大,2023-09-18,9135
3380,明泰,10,0,10,群益金鼎-東大,2023-09-18,9135
2308,台達電,11,2,9,群益金鼎-東大,2023-09-18,9135
6147,頎邦,11,2,9,群益金鼎-東大,2023-09-18,9135
6248,沛波,8,0,8,群益金鼎-東大,2023-09-18,9135
8358,金居,24,16,8,群益金鼎-東大,2023-09-18,9135
3014,聯陽,9,1,8,群益金鼎-東大,2023-09-18,9135
00888,永豐台灣ESG,7,0,7,群益金鼎-東大,2023-09-18,9135
00680L,元大美債20正2,106,99,7,群益金鼎-東大,2023-09-18,9135
00929,復華台灣科技優息,232,53,179,群益金鼎-東大,2023-09-19,9135
3035,智原,114,35,79,群益金鼎-東大,2023-09-19,9135
2062,橋椿,76,1,75,群益金鼎-東大,2023-09-19,9135
00919,群益台灣精選高息,56,0,56,群益金鼎-東大,2023-09-19,9135
00932,兆豐永續高息等權,63,10,53,群益金鼎-東大,2023-09-19,9135
00673R,期元大S＆P原油反1,40,2,38,群益金鼎-東大,2023-09-19,9135
00637L,元大滬深300正2,35,0,35,群益金鼎-東大,2023-09-19,9135
2618,長榮航,32,1,31,群益金鼎-東大,2023-09-19,9135
4105,東洋,30,0,30,群益金鼎-東大,2023-09-19,9135
2617,台航,30,0,30,群益金鼎-東大,2023-09-19,9135
00902,中信電池及儲能,22,0,22,群益金鼎-東大,2023-09-19,9135
4961,天鈺,38,16,22,群益金鼎-東大,2023-09-19,9135
1471,首利,20,0,20,群益金鼎-東大,2023-09-19,9135
3041,揚智,20,0,20,群益金鼎-東大,2023-09-19,9135
9105,泰金寶-DR,20,0,20,群益金鼎-東大,2023-09-19,9135
00877,復華中國5G,20,0,20,群益金鼎-東大,2023-09-19,9135
1718,中纖,20,0,20,群益金鼎-東大,2023-09-19,9135
6257,矽格,23,5,18,群益金鼎-東大,2023-09-19,9135
2897A,王道銀甲特,17,0,17,群益金鼎-東大,2023-09-19,9135
00921,兆豐龍頭等權重,16,0,16,群益金鼎-東大,2023-09-19,9135
00924,復華S＆P500成長,18,2,16,群益金鼎-東大,2023-09-19,9135
8176,智捷,15,0,15,群益金鼎-東大,2023-09-19,9135
00930,永豐ESG低碳高息,15,0,15,群益金鼎-東大,2023-09-19,9135
2330,台積電,15,0,15,群益金鼎-東大,2023-09-19,9135
2929,淘帝-KY,14,0,14,群益金鼎-東大,2023-09-19,9135
3715,定穎投控,48,35,13,群益金鼎-東大,2023-09-19,9135
1584,精剛,24,12,12,群益金鼎-東大,2023-09-19,9135
2401,凌陽,11,0,11,群益金鼎-東大,2023-09-19,9135
6901,鑽石投資,17,6,11,群益金鼎-東大,2023-09-19,9135
4908,前鼎,12,1,11,群益金鼎-東大,2023-09-19,9135
1513,中興電,11,0,11,群益金鼎-東大,2023-09-19,9135
6217,中探針,11,0,11,群益金鼎-東大,2023-09-19,9135
1806,冠軍,10,0,10,群益金鼎-東大,2023-09-19,9135
00679B,元大美債20年,10,0,10,群益金鼎-東大,2023-09-19,9135
1802,台玻,13,3,10,群益金鼎-東大,2023-09-19,9135
8028,昇陽半導體,10,0,10,群益金鼎-東大,2023-09-19,9135
00916,國泰全球品牌50,10,0,10,群益金鼎-東大,2023-09-19,9135
8150,南茂,10,0,10,群益金鼎-東大,2023-09-19,9135
3006,晶豪科,12,2,10,群益金鼎-東大,2023-09-19,9135
2392,正崴,13,3,10,群益金鼎-東大,2023-09-19,9135
6470,宇智,10,0,10,群益金鼎-東大,2023-09-19,9135
4303,信立,9,0,9,群益金鼎-東大,2023-09-19,9135
3264,欣銓,17,8,9,群益金鼎-東大,2023-09-19,9135
1815,富喬,13,4,9,群益金鼎-東大,2023-09-19,9135
3005,神基,111,103,8,群益金鼎-東大,2023-09-19,9135
2610,華航,9,1,8,群益金鼎-東大,2023-09-19,9135
1568,倉佑,13,5,8,群益金鼎-東大,2023-09-19,9135
5465,富驊,8,0,8,群益金鼎-東大,2023-09-19,9135
2352,佳世達,16,8,8,群益金鼎-東大,2023-09-19,9135
1609,大亞,7,0,7,群益金鼎-東大,2023-09-19,9135
3035,智原,134,9,125,群益金鼎-東大,2023-09-20,9135
00919,群益台灣精選高息,131,16,115,群益金鼎-東大,2023-09-20,9135
00932,兆豐永續高息等權,109,0,109,群益金鼎-東大,2023-09-20,9135
2538,基泰,105,0,105,群益金鼎-東大,2023-09-20,9135
00720B,元大投資級公司債,68,0,68,群益金鼎-東大,2023-09-20,9135
00921,兆豐龍頭等權重,57,0,57,群益金鼎-東大,2023-09-20,9135
00665L,富邦�琤肭磪囓�2,51,6,45,群益金鼎-東大,2023-09-20,9135
3041,揚智,40,0,40,群益金鼎-東大,2023-09-20,9135
2374,佳能,40,0,40,群益金鼎-東大,2023-09-20,9135
4908,前鼎,47,13,34,群益金鼎-東大,2023-09-20,9135
00773B,中信優先金融債,30,0,30,群益金鼎-東大,2023-09-20,9135
00725B,國泰投資級公司債,30,0,30,群益金鼎-東大,2023-09-20,9135
00688L,國泰20年美債正2,30,0,30,群益金鼎-東大,2023-09-20,9135
5876,上海商銀,30,0,30,群益金鼎-東大,2023-09-20,9135
1471,首利,39,10,29,群益金鼎-東大,2023-09-20,9135
00931B,統一美債20年,48,22,26,群益金鼎-東大,2023-09-20,9135
2062,橋椿,26,0,26,群益金鼎-東大,2023-09-20,9135
2617,台航,26,1,25,群益金鼎-東大,2023-09-20,9135
00679B,元大美債20年,24,0,24,群益金鼎-東大,2023-09-20,9135
3715,定穎投控,243,219,24,群益金鼎-東大,2023-09-20,9135
2641,正德,24,1,23,群益金鼎-東大,2023-09-20,9135
5608,四維航,21,0,21,群益金鼎-東大,2023-09-20,9135
2884,玉山金,21,0,21,群益金鼎-東大,2023-09-20,9135
2344,華邦電,22,2,20,群益金鼎-東大,2023-09-20,9135
00687B,國泰20年美債,20,0,20,群益金鼎-東大,2023-09-20,9135
00930,永豐ESG低碳高息,20,0,20,群益金鼎-東大,2023-09-20,9135
1605,華新,20,2,18,群益金鼎-東大,2023-09-20,9135
00673R,期元大S＆P原油反1,21,3,18,群益金鼎-東大,2023-09-20,9135
3043,科風,19,2,17,群益金鼎-東大,2023-09-20,9135
2897A,王道銀甲特,17,0,17,群益金鼎-東大,2023-09-20,9135
1568,倉佑,16,0,16,群益金鼎-東大,2023-09-20,9135
3032,偉訓,19,3,16,群益金鼎-東大,2023-09-20,9135
1802,台玻,18,2,16,群益金鼎-東大,2023-09-20,9135
2208,台船,17,2,15,群益金鼎-東大,2023-09-20,9135
2417,圓剛,14,1,13,群益金鼎-東大,2023-09-20,9135
2008,高興昌,12,0,12,群益金鼎-東大,2023-09-20,9135
5347,世界,12,0,12,群益金鼎-東大,2023-09-20,9135
2449,京元電子,95,85,10,群益金鼎-東大,2023-09-20,9135
2485,兆赫,10,0,10,群益金鼎-東大,2023-09-20,9135
2332,友訊,10,0,10,群益金鼎-東大,2023-09-20,9135
00671R,富邦NASDAQ反1,10,0,10,群益金鼎-東大,2023-09-20,9135
2890,永豐金,11,1,10,群益金鼎-東大,2023-09-20,9135
6285,啟��,30,21,9,群益金鼎-東大,2023-09-20,9135
3213,茂訊,9,0,9,群益金鼎-東大,2023-09-20,9135
2618,長榮航,9,1,8,群益金鼎-東大,2023-09-20,9135
2383,台光電,13,5,8,群益金鼎-東大,2023-09-20,9135
2301,光寶科,53,45,8,群益金鼎-東大,2023-09-20,9135
5871,中租-KY,8,0,8,群益金鼎-東大,2023-09-20,9135
3006,晶豪科,7,0,7,群益金鼎-東大,2023-09-20,9135
1504,東元,7,0,7,群益金鼎-東大,2023-09-20,9135
00919,群益台灣精選高息,104,0,104,群益金鼎-東大,2023-09-21,9135
00929,復華台灣科技優息,114,12,102,群益金鼎-東大,2023-09-21,9135
00900,富邦特選高股息30,81,0,81,群益金鼎-東大,2023-09-21,9135
00687B,國泰20年美債,72,10,62,群益金鼎-東大,2023-09-21,9135
00932,兆豐永續高息等權,62,0,62,群益金鼎-東大,2023-09-21,9135
00753L,中信中國50正2,57,0,57,群益金鼎-東大,2023-09-21,9135
2363,矽統,76,20,56,群益金鼎-東大,2023-09-21,9135
00720B,元大投資級公司債,48,4,44,群益金鼎-東大,2023-09-21,9135
2834,臺企銀,37,0,37,群益金鼎-東大,2023-09-21,9135
2801,彰銀,34,0,34,群益金鼎-東大,2023-09-21,9135
2881,富邦金,33,0,33,群益金鼎-東大,2023-09-21,9135
2891,中信金,31,0,31,群益金鼎-東大,2023-09-21,9135
3231,緯創,97,67,30,群益金鼎-東大,2023-09-21,9135
2374,佳能,30,0,30,群益金鼎-東大,2023-09-21,9135
2405,輔信,40,10,30,群益金鼎-東大,2023-09-21,9135
0050,元大台灣50,27,0,27,群益金鼎-東大,2023-09-21,9135
00923,群益台ESG低碳50,26,0,26,群益金鼎-東大,2023-09-21,9135
1409,新纖,22,0,22,群益金鼎-東大,2023-09-21,9135
5876,上海商銀,21,0,21,群益金鼎-東大,2023-09-21,9135
2617,台航,21,0,21,群益金鼎-東大,2023-09-21,9135
5533,皇鼎,21,0,21,群益金鼎-東大,2023-09-21,9135
00679B,元大美債20年,23,4,19,群益金鼎-東大,2023-09-21,9135
2882,國泰金,18,0,18,群益金鼎-東大,2023-09-21,9135
3041,揚智,18,0,18,群益金鼎-東大,2023-09-21,9135
1584,精剛,52,34,18,群益金鼎-東大,2023-09-21,9135
2887,台新金,15,0,15,群益金鼎-東大,2023-09-21,9135
2612,中航,35,20,15,群益金鼎-東大,2023-09-21,9135
2317,鴻海,14,0,14,群益金鼎-東大,2023-09-21,9135
00740B,富邦全球投等債,14,0,14,群益金鼎-東大,2023-09-21,9135
2618,長榮航,13,0,13,群益金鼎-東大,2023-09-21,9135
6443,元晶,13,0,13,群益金鼎-東大,2023-09-21,9135
2641,正德,14,2,12,群益金鼎-東大,2023-09-21,9135
2354,鴻準,20,8,12,群益金鼎-東大,2023-09-21,9135
2609,陽明,16,4,12,群益金鼎-東大,2023-09-21,9135
2330,台積電,13,1,12,群益金鼎-東大,2023-09-21,9135
00680L,元大美債20正2,11,0,11,群益金鼎-東大,2023-09-21,9135
2002,中鋼,11,0,11,群益金鼎-東大,2023-09-21,9135
00881,國泰台灣5G+,11,0,11,群益金鼎-東大,2023-09-21,9135
9904,寶成,11,0,11,群益金鼎-東大,2023-09-21,9135
3092,鴻碩,12,1,11,群益金鼎-東大,2023-09-21,9135
5871,中租-KY,10,0,10,群益金鼎-東大,2023-09-21,9135
00922,國泰台灣領袖50,10,0,10,群益金鼎-東大,2023-09-21,9135
2401,凌陽,13,3,10,群益金鼎-東大,2023-09-21,9135
4968,立積,12,2,10,群益金鼎-東大,2023-09-21,9135
4908,前鼎,17,7,10,群益金鼎-東大,2023-09-21,9135
3029,零壹,10,0,10,群益金鼎-東大,2023-09-21,9135
4105,東洋,10,0,10,群益金鼎-東大,2023-09-21,9135
2485,兆赫,10,0,10,群益金鼎-東大,2023-09-21,9135
00671R,富邦NASDAQ反1,12,2,10,群益金鼎-東大,2023-09-21,9135
2206,三陽工業,10,0,10,群益金鼎-東大,2023-09-21,9135
00632R,元大台灣50反1,160,5,155,群益金鼎-東大,2023-09-22,9135
00679B,元大美債20年,119,3,116,群益金鼎-東大,2023-09-22,9135
5876,上海商銀,100,0,100,群益金鼎-東大,2023-09-22,9135
00687B,國泰20年美債,69,0,69,群益金鼎-東大,2023-09-22,9135
00931B,統一美債20年,62,0,62,群益金鼎-東大,2023-09-22,9135
00885,富邦越南,60,0,60,群益金鼎-東大,2023-09-22,9135
00857B,永豐20年美公債,50,0,50,群益金鼎-東大,2023-09-22,9135
00720B,元大投資級公司債,49,0,49,群益金鼎-東大,2023-09-22,9135
00919,群益台灣精選高息,48,6,42,群益金鼎-東大,2023-09-22,9135
5236,凌陽創新,41,0,41,群益金鼎-東大,2023-09-22,9135
2881,富邦金,41,0,41,群益金鼎-東大,2023-09-22,9135
2303,聯電,40,1,39,群益金鼎-東大,2023-09-22,9135
00929,復華台灣科技優息,44,6,38,群益金鼎-東大,2023-09-22,9135
2382,廣達,55,20,35,群益金鼎-東大,2023-09-22,9135
00712,復華富時不動產,35,0,35,群益金鼎-東大,2023-09-22,9135
00764B,群益25年美債,30,0,30,群益金鼎-東大,2023-09-22,9135
2376,技嘉,48,19,29,群益金鼎-東大,2023-09-22,9135
2834,臺企銀,30,2,28,群益金鼎-東大,2023-09-22,9135
1316,上曜,26,0,26,群益金鼎-東大,2023-09-22,9135
2897A,王道銀甲特,26,0,26,群益金鼎-東大,2023-09-22,9135
2617,台航,25,0,25,群益金鼎-東大,2023-09-22,9135
2884,玉山金,21,0,21,群益金鼎-東大,2023-09-22,9135
00696B,富邦美債20年,21,0,21,群益金鼎-東大,2023-09-22,9135
6104,創惟,19,0,19,群益金鼎-東大,2023-09-22,9135
3041,揚智,19,0,19,群益金鼎-東大,2023-09-22,9135
00795B,中信美國公債20年,17,0,17,群益金鼎-東大,2023-09-22,9135
00751B,元大AAA至A公司債,29,13,16,群益金鼎-東大,2023-09-22,9135
1522,堤維西,15,0,15,群益金鼎-東大,2023-09-22,9135
2612,中航,15,0,15,群益金鼎-東大,2023-09-22,9135
00665L,富邦�琤肭磪囓�2,28,13,15,群益金鼎-東大,2023-09-22,9135
3322,建舜電,95,80,15,群益金鼎-東大,2023-09-22,9135
2301,光寶科,65,51,14,群益金鼎-東大,2023-09-22,9135
2401,凌陽,14,0,14,群益金鼎-東大,2023-09-22,9135
2816,旺旺保,14,0,14,群益金鼎-東大,2023-09-22,9135
2891,中信金,13,0,13,群益金鼎-東大,2023-09-22,9135
2436,偉詮電,31,18,13,群益金鼎-東大,2023-09-22,9135
1101,台泥,12,0,12,群益金鼎-東大,2023-09-22,9135
1608,華榮,10,0,10,群益金鼎-東大,2023-09-22,9135
3339,泰谷,10,0,10,群益金鼎-東大,2023-09-22,9135
00881,國泰台灣5G+,10,0,10,群益金鼎-東大,2023-09-22,9135
2743,山富,15,5,10,群益金鼎-東大,2023-09-22,9135
00864B,中信美國公債0-1,10,0,10,群益金鼎-東大,2023-09-22,9135
2405,輔信,40,30,10,群益金鼎-東大,2023-09-22,9135
00680L,元大美債20正2,9,0,9,群益金鼎-東大,2023-09-22,9135
00772B,中信高評級公司債,19,10,9,群益金鼎-東大,2023-09-22,9135
6285,啟��,12,3,9,群益金鼎-東大,2023-09-22,9135
4303,信立,9,0,9,群益金鼎-東大,2023-09-22,9135
3051,力特,12,3,9,群益金鼎-東大,2023-09-22,9135
2002,中鋼,10,1,9,群益金鼎-東大,2023-09-22,9135
6533,晶心科,8,0,8,群益金鼎-東大,2023-09-22,9135
00632R,元大台灣50反1,115,14,101,群益金鼎-東大,2023-09-25,9135
00929,復華台灣科技優息,95,1,94,群益金鼎-東大,2023-09-25,9135
5876,上海商銀,50,0,50,群益金鼎-東大,2023-09-25,9135
3014,聯陽,43,2,41,群益金鼎-東大,2023-09-25,9135
1584,精剛,30,3,27,群益金鼎-東大,2023-09-25,9135
1568,倉佑,25,1,24,群益金鼎-東大,2023-09-25,9135
8112,至上,25,4,21,群益金鼎-東大,2023-09-25,9135
00712,復華富時不動產,24,4,20,群益金鼎-東大,2023-09-25,9135
4123,晟德,19,0,19,群益金鼎-東大,2023-09-25,9135
3041,揚智,19,0,19,群益金鼎-東大,2023-09-25,9135
00679B,元大美債20年,17,0,17,群益金鼎-東大,2023-09-25,9135
00795B,中信美國公債20年,17,0,17,群益金鼎-東大,2023-09-25,9135
1316,上曜,15,0,15,群益金鼎-東大,2023-09-25,9135
00720B,元大投資級公司債,14,0,14,群益金鼎-東大,2023-09-25,9135
3596,智易,13,0,13,群益金鼎-東大,2023-09-25,9135
00687B,國泰20年美債,13,0,13,群益金鼎-東大,2023-09-25,9135
3450,聯鈞,27,15,12,群益金鼎-東大,2023-09-25,9135
2883,凱基金,11,0,11,群益金鼎-東大,2023-09-25,9135
2355,敬鵬,25,15,10,群益金鼎-東大,2023-09-25,9135
00722B,群益投資級電信債,11,1,10,群益金鼎-東大,2023-09-25,9135
3588,通嘉,12,2,10,群益金鼎-東大,2023-09-25,9135
2612,中航,10,0,10,群益金鼎-東大,2023-09-25,9135
5328,華容,10,0,10,群益金鼎-東大,2023-09-25,9135
8222,寶一,18,8,10,群益金鼎-東大,2023-09-25,9135
00862B,中信投資級公司債,9,0,9,群益金鼎-東大,2023-09-25,9135
4566,時碩工業,10,1,9,群益金鼎-東大,2023-09-25,9135
6643,M31,9,0,9,群益金鼎-東大,2023-09-25,9135
4908,前鼎,35,26,9,群益金鼎-東大,2023-09-25,9135
4916,事欣科,8,0,8,群益金鼎-東大,2023-09-25,9135
3276,宇環,8,0,8,群益金鼎-東大,2023-09-25,9135
3038,全台,8,0,8,群益金鼎-東大,2023-09-25,9135
2305,全友,9,1,8,群益金鼎-東大,2023-09-25,9135
1522,堤維西,22,15,7,群益金鼎-東大,2023-09-25,9135
2330,台積電,8,1,7,群益金鼎-東大,2023-09-25,9135
2881,富邦金,11,5,6,群益金鼎-東大,2023-09-25,9135
2542,興富發,6,0,6,群益金鼎-東大,2023-09-25,9135
1519,華城,10,4,6,群益金鼎-東大,2023-09-25,9135
2520,冠德,6,0,6,群益金鼎-東大,2023-09-25,9135
6188,廣明,7,1,6,群益金鼎-東大,2023-09-25,9135
5388,中磊,7,1,6,群益金鼎-東大,2023-09-25,9135
3374,精材,6,0,6,群益金鼎-東大,2023-09-25,9135
3287,廣寰科,6,0,6,群益金鼎-東大,2023-09-25,9135
8048,德勝,6,0,6,群益金鼎-東大,2023-09-25,9135
00669R,國泰美國道瓊反1,5,0,5,群益金鼎-東大,2023-09-25,9135
2317,鴻海,11,6,5,群益金鼎-東大,2023-09-25,9135
3325,旭品,5,0,5,群益金鼎-東大,2023-09-25,9135
1513,中興電,9,4,5,群益金鼎-東大,2023-09-25,9135
4303,信立,5,0,5,群益金鼎-東大,2023-09-25,9135
6485,點序,10,5,5,群益金鼎-東大,2023-09-25,9135
1504,東元,5,0,5,群益金鼎-東大,2023-09-25,9135
00885,富邦越南,62,0,62,群益金鼎-東大,2023-09-26,9135
00929,復華台灣科技優息,59,1,58,群益金鼎-東大,2023-09-26,9135
00919,群益台灣精選高息,51,0,51,群益金鼎-東大,2023-09-26,9135
5876,上海商銀,50,0,50,群益金鼎-東大,2023-09-26,9135
00687B,國泰20年美債,48,0,48,群益金鼎-東大,2023-09-26,9135
2542,興富發,41,0,41,群益金鼎-東大,2023-09-26,9135
00680L,元大美債20正2,46,11,35,群益金鼎-東大,2023-09-26,9135
3041,揚智,32,0,32,群益金鼎-東大,2023-09-26,9135
00878,國泰永續高股息,41,12,29,群益金鼎-東大,2023-09-26,9135
00751B,元大AAA至A公司債,28,0,28,群益金鼎-東大,2023-09-26,9135
4123,晟德,27,0,27,群益金鼎-東大,2023-09-26,9135
00679B,元大美債20年,34,9,25,群益金鼎-東大,2023-09-26,9135
2516,新建,22,0,22,群益金鼎-東大,2023-09-26,9135
3615,安可,23,1,22,群益金鼎-東大,2023-09-26,9135
00931B,統一美債20年,21,0,21,群益金鼎-東大,2023-09-26,9135
00900,富邦特選高股息30,21,0,21,群益金鼎-東大,2023-09-26,9135
2801,彰銀,20,0,20,群益金鼎-東大,2023-09-26,9135
00675L,富邦臺灣加權正2,20,0,20,群益金鼎-東大,2023-09-26,9135
3548,兆利,36,16,20,群益金鼎-東大,2023-09-26,9135
6245,立端,18,0,18,群益金鼎-東大,2023-09-26,9135
5347,世界,17,0,17,群益金鼎-東大,2023-09-26,9135
3491,昇達科,18,1,17,群益金鼎-東大,2023-09-26,9135
00772B,中信高評級公司債,17,0,17,群益金鼎-東大,2023-09-26,9135
3588,通嘉,17,1,16,群益金鼎-東大,2023-09-26,9135
00720B,元大投資級公司債,15,0,15,群益金鼎-東大,2023-09-26,9135
3038,全台,15,0,15,群益金鼎-東大,2023-09-26,9135
2436,偉詮電,57,45,12,群益金鼎-東大,2023-09-26,9135
2330,台積電,12,1,11,群益金鼎-東大,2023-09-26,9135
6147,頎邦,11,0,11,群益金鼎-東大,2023-09-26,9135
2317,鴻海,38,28,10,群益金鼎-東大,2023-09-26,9135
2618,長榮航,10,0,10,群益金鼎-東大,2023-09-26,9135
00795B,中信美國公債20年,10,0,10,群益金鼎-東大,2023-09-26,9135
2344,華邦電,12,3,9,群益金鼎-東大,2023-09-26,9135
2367,燿華,9,0,9,群益金鼎-東大,2023-09-26,9135
3518,柏騰,9,0,9,群益金鼎-東大,2023-09-26,9135
2388,威盛,12,3,9,群益金鼎-東大,2023-09-26,9135
00773B,中信優先金融債,9,0,9,群益金鼎-東大,2023-09-26,9135
5381,合正,9,0,9,群益金鼎-東大,2023-09-26,9135
1504,東元,20,11,9,群益金鼎-東大,2023-09-26,9135
6579,研揚,9,0,9,群益金鼎-東大,2023-09-26,9135
0056,元大高股息,11,2,9,群益金鼎-東大,2023-09-26,9135
2614,東森,8,0,8,群益金鼎-東大,2023-09-26,9135
1532,勤美,8,0,8,群益金鼎-東大,2023-09-26,9135
00633L,富邦上証正2,8,0,8,群益金鼎-東大,2023-09-26,9135
2329,華泰,10,2,8,群益金鼎-東大,2023-09-26,9135
8088,品安,9,1,8,群益金鼎-東大,2023-09-26,9135
2382,廣達,34,26,8,群益金鼎-東大,2023-09-26,9135
2363,矽統,111,103,8,群益金鼎-東大,2023-09-26,9135
6282,康舒,7,0,7,群益金鼎-東大,2023-09-26,9135
3481,群創,7,0,7,群益金鼎-東大,2023-09-26,9135
00632R,元大台灣50反1,169,2,167,群益金鼎-東大,2023-09-27,9135
00929,復華台灣科技優息,136,0,136,群益金鼎-東大,2023-09-27,9135
5876,上海商銀,50,0,50,群益金鼎-東大,2023-09-27,9135
6285,啟��,42,8,34,群益金鼎-東大,2023-09-27,9135
00931B,統一美債20年,33,0,33,群益金鼎-東大,2023-09-27,9135
00753L,中信中國50正2,53,20,33,群益金鼎-東大,2023-09-27,9135
00679B,元大美債20年,29,0,29,群益金鼎-東大,2023-09-27,9135
00932,兆豐永續高息等權,32,4,28,群益金鼎-東大,2023-09-27,9135
00720B,元大投資級公司債,25,0,25,群益金鼎-東大,2023-09-27,9135
00857B,永豐20年美公債,20,0,20,群益金鼎-東大,2023-09-27,9135
00712,復華富時不動產,26,7,19,群益金鼎-東大,2023-09-27,9135
00751B,元大AAA至A公司債,17,0,17,群益金鼎-東大,2023-09-27,9135
2363,矽統,75,59,16,群益金鼎-東大,2023-09-27,9135
0056,元大高股息,27,11,16,群益金鼎-東大,2023-09-27,9135
8420,明揚,53,38,15,群益金鼎-東大,2023-09-27,9135
2002,中鋼,16,1,15,群益金鼎-東大,2023-09-27,9135
5347,世界,13,0,13,群益金鼎-東大,2023-09-27,9135
3363,上詮,22,11,11,群益金鼎-東大,2023-09-27,9135
00673R,期元大S＆P原油反1,11,0,11,群益金鼎-東大,2023-09-27,9135
5388,中磊,13,2,11,群益金鼎-東大,2023-09-27,9135
2537,聯上發,10,0,10,群益金鼎-東大,2023-09-27,9135
2892,第一金,10,0,10,群益金鼎-東大,2023-09-27,9135
3338,泰碩,11,1,10,群益金鼎-東大,2023-09-27,9135
3661,世芯-KY,15,5,10,群益金鼎-東大,2023-09-27,9135
6168,宏齊,10,1,9,群益金鼎-東大,2023-09-27,9135
00888,永豐台灣ESG,8,0,8,群益金鼎-東大,2023-09-27,9135
00878,國泰永續高股息,8,0,8,群益金鼎-東大,2023-09-27,9135
5386,青雲,8,0,8,群益金鼎-東大,2023-09-27,9135
1584,精剛,8,0,8,群益金鼎-東大,2023-09-27,9135
2317,鴻海,15,8,7,群益金鼎-東大,2023-09-27,9135
3169,亞信,7,0,7,群益金鼎-東大,2023-09-27,9135
2344,華邦電,22,15,7,群益金鼎-東大,2023-09-27,9135
2816,旺旺保,7,0,7,群益金鼎-東大,2023-09-27,9135
9945,潤泰新,9,2,7,群益金鼎-東大,2023-09-27,9135
3715,定穎投控,218,211,7,群益金鼎-東大,2023-09-27,9135
3322,建舜電,6,0,6,群益金鼎-東大,2023-09-27,9135
1307,三芳,6,0,6,群益金鼎-東大,2023-09-27,9135
00772B,中信高評級公司債,6,0,6,群益金鼎-東大,2023-09-27,9135
6806,森崴能源,17,11,6,群益金鼎-東大,2023-09-27,9135
6442,光聖,21,15,6,群益金鼎-東大,2023-09-27,9135
8210,勤誠,8,2,6,群益金鼎-東大,2023-09-27,9135
2337,旺宏,5,0,5,群益金鼎-東大,2023-09-27,9135
1785,光洋科,5,0,5,群益金鼎-東大,2023-09-27,9135
4933,友輝,6,1,5,群益金鼎-東大,2023-09-27,9135
3444,利機,8,3,5,群益金鼎-東大,2023-09-27,9135
4303,信立,5,0,5,群益金鼎-東大,2023-09-27,9135
1316,上曜,5,0,5,群益金鼎-東大,2023-09-27,9135
6257,矽格,5,0,5,群益金鼎-東大,2023-09-27,9135
00930,永豐ESG低碳高息,5,0,5,群益金鼎-東大,2023-09-27,9135
00633L,富邦上証正2,5,0,5,群益金鼎-東大,2023-09-27,9135
6285,啟��,72,4,68,群益金鼎-東大,2023-09-28,9135
00931B,統一美債20年,54,3,51,群益金鼎-東大,2023-09-28,9135
5876,上海商銀,50,0,50,群益金鼎-東大,2023-09-28,9135
2409,友達,39,0,39,群益金鼎-東大,2023-09-28,9135
00673R,期元大S＆P原油反1,36,0,36,群益金鼎-東大,2023-09-28,9135
3231,緯創,66,32,34,群益金鼎-東大,2023-09-28,9135
1568,倉佑,33,0,33,群益金鼎-東大,2023-09-28,9135
4306,炎洲,31,1,30,群益金鼎-東大,2023-09-28,9135
00679B,元大美債20年,37,8,29,群益金鼎-東大,2023-09-28,9135
00712,復華富時不動產,28,0,28,群益金鼎-東大,2023-09-28,9135
2516,新建,26,2,24,群益金鼎-東大,2023-09-28,9135
00772B,中信高評級公司債,24,2,22,群益金鼎-東大,2023-09-28,9135
00929,復華台灣科技優息,22,0,22,群益金鼎-東大,2023-09-28,9135
00720B,元大投資級公司債,31,9,22,群益金鼎-東大,2023-09-28,9135
00706L,期元大S＆P日圓正2,21,0,21,群益金鼎-東大,2023-09-28,9135
1522,堤維西,31,11,20,群益金鼎-東大,2023-09-28,9135
00885,富邦越南,20,0,20,群益金鼎-東大,2023-09-28,9135
00921,兆豐龍頭等權重,16,0,16,群益金鼎-東大,2023-09-28,9135
1316,上曜,16,0,16,群益金鼎-東大,2023-09-28,9135
00919,群益台灣精選高息,22,6,16,群益金鼎-東大,2023-09-28,9135
2610,華航,16,0,16,群益金鼎-東大,2023-09-28,9135
00751B,元大AAA至A公司債,24,9,15,群益金鼎-東大,2023-09-28,9135
00665L,富邦�琤肭磪囓�2,14,0,14,群益金鼎-東大,2023-09-28,9135
2609,陽明,13,1,12,群益金鼎-東大,2023-09-28,9135
6188,廣明,11,0,11,群益金鼎-東大,2023-09-28,9135
5871,中租-KY,11,0,11,群益金鼎-東大,2023-09-28,9135
00637L,元大滬深300正2,16,5,11,群益金鼎-東大,2023-09-28,9135
1609,大亞,40,29,11,群益金鼎-東大,2023-09-28,9135
4958,臻鼎-KY,11,0,11,群益金鼎-東大,2023-09-28,9135
6288,聯嘉,10,0,10,群益金鼎-東大,2023-09-28,9135
00655L,國泰中國A50正2,10,0,10,群益金鼎-東大,2023-09-28,9135
4908,前鼎,11,1,10,群益金鼎-東大,2023-09-28,9135
2002,中鋼,29,20,9,群益金鼎-東大,2023-09-28,9135
6125,廣運,15,6,9,群益金鼎-東大,2023-09-28,9135
8358,金居,10,1,9,群益金鼎-東大,2023-09-28,9135
2382,廣達,48,39,9,群益金鼎-東大,2023-09-28,9135
8289,泰藝,8,0,8,群益金鼎-東大,2023-09-28,9135
8088,品安,10,2,8,群益金鼎-東大,2023-09-28,9135
3163,波若威,16,8,8,群益金鼎-東大,2023-09-28,9135
2313,華通,9,1,8,群益金鼎-東大,2023-09-28,9135
2408,南亞科,8,0,8,群益金鼎-東大,2023-09-28,9135
1815,富喬,17,9,8,群益金鼎-東大,2023-09-28,9135
9958,世紀鋼,12,5,7,群益金鼎-東大,2023-09-28,9135
2468,華經,33,26,7,群益金鼎-東大,2023-09-28,9135
2417,圓剛,12,5,7,群益金鼎-東大,2023-09-28,9135
3034,聯詠,6,0,6,群益金鼎-東大,2023-09-28,9135
8255,朋程,6,0,6,群益金鼎-東大,2023-09-28,9135
1524,耿鼎,12,6,6,群益金鼎-東大,2023-09-28,9135
3013,晟銘電,26,20,6,群益金鼎-東大,2023-09-28,9135
2329,華泰,11,5,6,群益金鼎-東大,2023-09-28,9135
1815,富喬,104,31,73,群益金鼎-東大,2023-10-02,9135
2516,新建,50,1,49,群益金鼎-東大,2023-10-02,9135
2537,聯上發,40,0,40,群益金鼎-東大,2023-10-02,9135
00929,復華台灣科技優息,47,8,39,群益金鼎-東大,2023-10-02,9135
2301,光寶科,87,51,36,群益金鼎-東大,2023-10-02,9135
00921,兆豐龍頭等權重,33,0,33,群益金鼎-東大,2023-10-02,9135
00751B,元大AAA至A公司債,27,0,27,群益金鼎-東大,2023-10-02,9135
00753L,中信中國50正2,25,0,25,群益金鼎-東大,2023-10-02,9135
2897A,王道銀甲特,25,0,25,群益金鼎-東大,2023-10-02,9135
00632R,元大台灣50反1,22,0,22,群益金鼎-東大,2023-10-02,9135
2356,英業達,114,94,20,群益金鼎-東大,2023-10-02,9135
3078,僑威,20,1,19,群益金鼎-東大,2023-10-02,9135
2388,威盛,37,20,17,群益金鼎-東大,2023-10-02,9135
2605,新興,15,0,15,群益金鼎-東大,2023-10-02,9135
3483,力致,20,5,15,群益金鼎-東大,2023-10-02,9135
1609,大亞,18,3,15,群益金鼎-東大,2023-10-02,9135
2457,飛宏,16,1,15,群益金鼎-東大,2023-10-02,9135
00931B,統一美債20年,14,0,14,群益金鼎-東大,2023-10-02,9135
2376,技嘉,36,22,14,群益金鼎-東大,2023-10-02,9135
00720B,元大投資級公司債,16,2,14,群益金鼎-東大,2023-10-02,9135
00679B,元大美債20年,15,2,13,群益金鼎-東大,2023-10-02,9135
00712,復華富時不動產,12,0,12,群益金鼎-東大,2023-10-02,9135
2344,華邦電,12,0,12,群益金鼎-東大,2023-10-02,9135
6213,聯茂,34,22,12,群益金鼎-東大,2023-10-02,9135
3481,群創,20,9,11,群益金鼎-東大,2023-10-02,9135
00772B,中信高評級公司債,16,6,10,群益金鼎-東大,2023-10-02,9135
2617,台航,10,0,10,群益金鼎-東大,2023-10-02,9135
3056,富華新,10,0,10,群益金鼎-東大,2023-10-02,9135
2612,中航,11,1,10,群益金鼎-東大,2023-10-02,9135
1611,中電,10,0,10,群益金鼎-東大,2023-10-02,9135
00664R,國泰臺灣加權反1,10,0,10,群益金鼎-東大,2023-10-02,9135
00919,群益台灣精選高息,18,8,10,群益金鼎-東大,2023-10-02,9135
5225,東科-KY,15,5,10,群益金鼎-東大,2023-10-02,9135
8936,國統,11,2,9,群益金鼎-東大,2023-10-02,9135
2330,台積電,11,2,9,群益金鼎-東大,2023-10-02,9135
00675L,富邦臺灣加權正2,9,0,9,群益金鼎-東大,2023-10-02,9135
2002,中鋼,9,0,9,群益金鼎-東大,2023-10-02,9135
2337,旺宏,8,0,8,群益金鼎-東大,2023-10-02,9135
4123,晟德,8,0,8,群益金鼎-東大,2023-10-02,9135
2355,敬鵬,49,41,8,群益金鼎-東大,2023-10-02,9135
1702,南僑,8,0,8,群益金鼎-東大,2023-10-02,9135
5324,士開,8,0,8,群益金鼎-東大,2023-10-02,9135
5388,中磊,8,0,8,群益金鼎-東大,2023-10-02,9135
2363,矽統,76,69,7,群益金鼎-東大,2023-10-02,9135
3615,安可,7,0,7,群益金鼎-東大,2023-10-02,9135
8227,巨有科技,12,5,7,群益金鼎-東大,2023-10-02,9135
00715L,期街口布蘭特正2,7,0,7,群益金鼎-東大,2023-10-02,9135
3081,聯亞,8,1,7,群益金鼎-東大,2023-10-02,9135
3035,智原,13,6,7,群益金鼎-東大,2023-10-02,9135
3036,文曄,14,8,6,群益金鼎-東大,2023-10-02,9135
2409,友達,126,5,121,群益金鼎-東大,2023-10-03,9135
0056,元大高股息,102,6,96,群益金鼎-東大,2023-10-03,9135
00919,群益台灣精選高息,55,0,55,群益金鼎-東大,2023-10-03,9135
2379,瑞昱,50,0,50,群益金鼎-東大,2023-10-03,9135
3322,建舜電,45,5,40,群益金鼎-東大,2023-10-03,9135
3231,緯創,56,16,40,群益金鼎-東大,2023-10-03,9135
2888,新光金,33,2,31,群益金鼎-東大,2023-10-03,9135
5876,上海商銀,30,0,30,群益金鼎-東大,2023-10-03,9135
1609,大亞,29,3,26,群益金鼎-東大,2023-10-03,9135
00772B,中信高評級公司債,26,0,26,群益金鼎-東大,2023-10-03,9135
2062,橋椿,28,2,26,群益金鼎-東大,2023-10-03,9135
3715,定穎投控,110,87,23,群益金鼎-東大,2023-10-03,9135
3122,笙泉,38,15,23,群益金鼎-東大,2023-10-03,9135
00720B,元大投資級公司債,30,8,22,群益金鼎-東大,2023-10-03,9135
2344,華邦電,22,1,21,群益金鼎-東大,2023-10-03,9135
00885,富邦越南,21,0,21,群益金鼎-東大,2023-10-03,9135
00929,復華台灣科技優息,45,26,19,群益金鼎-東大,2023-10-03,9135
2002,中鋼,20,1,19,群益金鼎-東大,2023-10-03,9135
6283,淳安,19,0,19,群益金鼎-東大,2023-10-03,9135
3545,敦泰,71,53,18,群益金鼎-東大,2023-10-03,9135
00715L,期街口布蘭特正2,18,0,18,群益金鼎-東大,2023-10-03,9135
2313,華通,29,12,17,群益金鼎-東大,2023-10-03,9135
00878,國泰永續高股息,17,0,17,群益金鼎-東大,2023-10-03,9135
00637L,元大滬深300正2,16,0,16,群益金鼎-東大,2023-10-03,9135
00921,兆豐龍頭等權重,16,0,16,群益金鼎-東大,2023-10-03,9135
1316,上曜,16,0,16,群益金鼎-東大,2023-10-03,9135
2388,威盛,20,5,15,群益金鼎-東大,2023-10-03,9135
2363,矽統,23,8,15,群益金鼎-東大,2023-10-03,9135
3481,群創,15,1,14,群益金鼎-東大,2023-10-03,9135
2402,毅嘉,16,2,14,群益金鼎-東大,2023-10-03,9135
3014,聯陽,15,2,13,群益金鼎-東大,2023-10-03,9135
00902,中信電池及儲能,13,0,13,群益金鼎-東大,2023-10-03,9135
00679B,元大美債20年,13,1,12,群益金鼎-東大,2023-10-03,9135
00931B,統一美債20年,11,0,11,群益金鼎-東大,2023-10-03,9135
00751B,元大AAA至A公司債,11,0,11,群益金鼎-東大,2023-10-03,9135
00692,富邦公司治理,10,0,10,群益金鼎-東大,2023-10-03,9135
1409,新纖,10,0,10,群益金鼎-東大,2023-10-03,9135
00706L,期元大S＆P日圓正2,10,0,10,群益金鼎-東大,2023-10-03,9135
3356,奇偶,10,0,10,群益金鼎-東大,2023-10-03,9135
00642U,期元大S＆P石油,10,0,10,群益金鼎-東大,2023-10-03,9135
00665L,富邦�琤肭磪囓�2,10,0,10,群益金鼎-東大,2023-10-03,9135
4157,太景*-KY,10,0,10,群益金鼎-東大,2023-10-03,9135
2537,聯上發,10,0,10,群益金鼎-東大,2023-10-03,9135
6130,上亞科技,10,0,10,群益金鼎-東大,2023-10-03,9135
3163,波若威,74,65,9,群益金鼎-東大,2023-10-03,9135
00882,中信中國高股息,9,0,9,群益金鼎-東大,2023-10-03,9135
00905,FT臺灣Smart,10,1,9,群益金鼎-東大,2023-10-03,9135
1710,東聯,9,0,9,群益金鼎-東大,2023-10-03,9135
3078,僑威,16,7,9,群益金鼎-東大,2023-10-03,9135
5871,中租-KY,9,0,9,群益金鼎-東大,2023-10-03,9135
00878,國泰永續高股息,84,7,77,群益金鼎-東大,2023-10-04,9135
00929,復華台灣科技優息,79,10,69,群益金鼎-東大,2023-10-04,9135
00712,復華富時不動產,64,0,64,群益金鼎-東大,2023-10-04,9135
00772B,中信高評級公司債,45,1,44,群益金鼎-東大,2023-10-04,9135
00687B,國泰20年美債,46,4,42,群益金鼎-東大,2023-10-04,9135
00720B,元大投資級公司債,39,0,39,群益金鼎-東大,2023-10-04,9135
00679B,元大美債20年,39,5,34,群益金鼎-東大,2023-10-04,9135
00922,國泰台灣領袖50,26,0,26,群益金鼎-東大,2023-10-04,9135
00795B,中信美國公債20年,28,4,24,群益金鼎-東大,2023-10-04,9135
2887,台新金,22,0,22,群益金鼎-東大,2023-10-04,9135
00931B,統一美債20年,20,0,20,群益金鼎-東大,2023-10-04,9135
1815,富喬,30,12,18,群益金鼎-東大,2023-10-04,9135
2834,臺企銀,17,0,17,群益金鼎-東大,2023-10-04,9135
5452,佶優,19,2,17,群益金鼎-東大,2023-10-04,9135
3006,晶豪科,23,7,16,群益金鼎-東大,2023-10-04,9135
2888,新光金,15,0,15,群益金鼎-東大,2023-10-04,9135
2324,仁寶,15,0,15,群益金鼎-東大,2023-10-04,9135
2884,玉山金,13,0,13,群益金鼎-東大,2023-10-04,9135
8467,波力-KY,14,1,13,群益金鼎-東大,2023-10-04,9135
00671R,富邦NASDAQ反1,13,0,13,群益金鼎-東大,2023-10-04,9135
1618,合機,21,8,13,群益金鼎-東大,2023-10-04,9135
0050,元大台灣50,16,3,13,群益金鼎-東大,2023-10-04,9135
2801,彰銀,12,0,12,群益金鼎-東大,2023-10-04,9135
2883,凱基金,12,0,12,群益金鼎-東大,2023-10-04,9135
2353,宏��,14,2,12,群益金鼎-東大,2023-10-04,9135
2606,裕民,11,0,11,群益金鼎-東大,2023-10-04,9135
3005,神基,13,2,11,群益金鼎-東大,2023-10-04,9135
2891,中信金,16,5,11,群益金鼎-東大,2023-10-04,9135
00923,群益台ESG低碳50,13,2,11,群益金鼎-東大,2023-10-04,9135
1216,統一,11,0,11,群益金鼎-東大,2023-10-04,9135
4908,前鼎,17,7,10,群益金鼎-東大,2023-10-04,9135
00905,FT臺灣Smart,10,0,10,群益金鼎-東大,2023-10-04,9135
6216,居易,10,0,10,群益金鼎-東大,2023-10-04,9135
2316,楠梓電,11,1,10,群益金鼎-東大,2023-10-04,9135
2206,三陽工業,17,7,10,群益金鼎-東大,2023-10-04,9135
2537,聯上發,10,0,10,群益金鼎-東大,2023-10-04,9135
00637L,元大滬深300正2,10,0,10,群益金鼎-東大,2023-10-04,9135
3231,緯創,15,6,9,群益金鼎-東大,2023-10-04,9135
5871,中租-KY,9,0,9,群益金鼎-東大,2023-10-04,9135
3322,建舜電,11,2,9,群益金鼎-東大,2023-10-04,9135
2409,友達,12,4,8,群益金鼎-東大,2023-10-04,9135
0056,元大高股息,23,15,8,群益金鼎-東大,2023-10-04,9135
00919,群益台灣精選高息,42,34,8,群益金鼎-東大,2023-10-04,9135
2890,永豐金,8,0,8,群益金鼎-東大,2023-10-04,9135
2363,矽統,68,60,8,群益金鼎-東大,2023-10-04,9135
3715,定穎投控,105,97,8,群益金鼎-東大,2023-10-04,9135
2897A,王道銀甲特,8,0,8,群益金鼎-東大,2023-10-04,9135
2412,中華電,8,0,8,群益金鼎-東大,2023-10-04,9135
3481,群創,12,4,8,群益金鼎-東大,2023-10-04,9135
2303,聯電,9,1,8,群益金鼎-東大,2023-10-04,9135
00632R,元大台灣50反1,73,0,73,群益金鼎-東大,2023-10-05,9135
00712,復華富時不動產,60,0,60,群益金鼎-東大,2023-10-05,9135
3362,先進光,30,0,30,群益金鼎-東大,2023-10-05,9135
00932,兆豐永續高息等權,27,0,27,群益金鼎-東大,2023-10-05,9135
2618,長榮航,86,60,26,群益金鼎-東大,2023-10-05,9135
00720B,元大投資級公司債,26,0,26,群益金鼎-東大,2023-10-05,9135
2498,宏達電,28,5,23,群益金鼎-東大,2023-10-05,9135
00665L,富邦�琤肭磪囓�2,30,8,22,群益金鼎-東大,2023-10-05,9135
00706L,期元大S＆P日圓正2,20,0,20,群益金鼎-東大,2023-10-05,9135
3706,神達,20,0,20,群益金鼎-東大,2023-10-05,9135
00680L,元大美債20正2,20,0,20,群益金鼎-東大,2023-10-05,9135
2537,聯上發,19,0,19,群益金鼎-東大,2023-10-05,9135
2606,裕民,20,1,19,群益金鼎-東大,2023-10-05,9135
1568,倉佑,23,5,18,群益金鼎-東大,2023-10-05,9135
2486,一詮,52,34,18,群益金鼎-東大,2023-10-05,9135
3122,笙泉,92,76,16,群益金鼎-東大,2023-10-05,9135
2436,偉詮電,30,15,15,群益金鼎-東大,2023-10-05,9135
1514,亞力,36,22,14,群益金鼎-東大,2023-10-05,9135
2897A,王道銀甲特,14,0,14,群益金鼎-東大,2023-10-05,9135
00929,復華台灣科技優息,19,5,14,群益金鼎-東大,2023-10-05,9135
2409,友達,18,4,14,群益金鼎-東大,2023-10-05,9135
2359,所羅門,13,0,13,群益金鼎-東大,2023-10-05,9135
1324,地球,14,2,12,群益金鼎-東大,2023-10-05,9135
2331,精英,12,0,12,群益金鼎-東大,2023-10-05,9135
2201,裕隆,12,0,12,群益金鼎-東大,2023-10-05,9135
2603,長榮,12,1,11,群益金鼎-東大,2023-10-05,9135
00687B,國泰20年美債,11,0,11,群益金鼎-東大,2023-10-05,9135
1524,耿鼎,14,3,11,群益金鼎-東大,2023-10-05,9135
4979,華星光,21,10,11,群益金鼎-東大,2023-10-05,9135
00715L,期街口布蘭特正2,11,0,11,群益金鼎-東大,2023-10-05,9135
2405,輔信,15,5,10,群益金鼎-東大,2023-10-05,9135
6216,居易,10,0,10,群益金鼎-東大,2023-10-05,9135
00864B,中信美國公債0-1,10,0,10,群益金鼎-東大,2023-10-05,9135
6005,群益證,10,0,10,群益金鼎-東大,2023-10-05,9135
8011,台通,10,0,10,群益金鼎-東大,2023-10-05,9135
3013,晟銘電,29,19,10,群益金鼎-東大,2023-10-05,9135
6285,啟��,9,0,9,群益金鼎-東大,2023-10-05,9135
1618,合機,9,0,9,群益金鼎-東大,2023-10-05,9135
3037,欣興,12,4,8,群益金鼎-東大,2023-10-05,9135
5880,合庫金,8,0,8,群益金鼎-東大,2023-10-05,9135
6235,華孚,19,12,7,群益金鼎-東大,2023-10-05,9135
00862B,中信投資級公司債,7,0,7,群益金鼎-東大,2023-10-05,9135
3265,台星科,10,3,7,群益金鼎-東大,2023-10-05,9135
2417,圓剛,33,26,7,群益金鼎-東大,2023-10-05,9135
3346,麗清,7,0,7,群益金鼎-東大,2023-10-05,9135
3531,先益,6,0,6,群益金鼎-東大,2023-10-05,9135
1522,堤維西,10,4,6,群益金鼎-東大,2023-10-05,9135
2883,凱基金,6,0,6,群益金鼎-東大,2023-10-05,9135
2376,技嘉,6,1,5,群益金鼎-東大,2023-10-05,9135
3693,營邦,16,11,5,群益金鼎-東大,2023-10-05,9135
2365,昆盈,336,186,150,群益金鼎-東大,2023-10-06,9135
00712,復華富時不動產,61,5,56,群益金鼎-東大,2023-10-06,9135
1316,上曜,52,1,51,群益金鼎-東大,2023-10-06,9135
2618,長榮航,76,27,49,群益金鼎-東大,2023-10-06,9135
00715L,期街口布蘭特正2,41,0,41,群益金鼎-東大,2023-10-06,9135
2324,仁寶,40,0,40,群益金鼎-東大,2023-10-06,9135
00724B,群益投資級金融債,30,0,30,群益金鼎-東大,2023-10-06,9135
00929,復華台灣科技優息,24,1,23,群益金鼎-東大,2023-10-06,9135
2382,廣達,36,14,22,群益金鼎-東大,2023-10-06,9135
2363,矽統,40,19,21,群益金鼎-東大,2023-10-06,9135
00885,富邦越南,21,0,21,群益金鼎-東大,2023-10-06,9135
00632R,元大台灣50反1,21,0,21,群益金鼎-東大,2023-10-06,9135
3035,智原,46,26,20,群益金鼎-東大,2023-10-06,9135
00932,兆豐永續高息等權,20,0,20,群益金鼎-東大,2023-10-06,9135
6163,華電網,18,0,18,群益金鼎-東大,2023-10-06,9135
3665,貿聯-KY,18,0,18,群益金鼎-東大,2023-10-06,9135
00772B,中信高評級公司債,19,2,17,群益金鼎-東大,2023-10-06,9135
6285,啟��,18,3,15,群益金鼎-東大,2023-10-06,9135
2399,映泰,21,6,15,群益金鼎-東大,2023-10-06,9135
2405,輔信,55,42,13,群益金鼎-東大,2023-10-06,9135
4763,材料-KY,23,11,12,群益金鼎-東大,2023-10-06,9135
2883,凱基金,12,0,12,群益金鼎-東大,2023-10-06,9135
00931B,統一美債20年,11,0,11,群益金鼎-東大,2023-10-06,9135
3036,文曄,12,1,11,群益金鼎-東大,2023-10-06,9135
0056,元大高股息,12,1,11,群益金鼎-東大,2023-10-06,9135
3325,旭品,41,30,11,群益金鼎-東大,2023-10-06,9135
00687B,國泰20年美債,10,0,10,群益金鼎-東大,2023-10-06,9135
1603,華電,11,1,10,群益金鼎-東大,2023-10-06,9135
3056,富華新,10,0,10,群益金鼎-東大,2023-10-06,9135
2485,兆赫,10,0,10,群益金鼎-東大,2023-10-06,9135
2312,金寶,15,5,10,群益金鼎-東大,2023-10-06,9135
6216,居易,10,0,10,群益金鼎-東大,2023-10-06,9135
6148,驊宏資,12,2,10,群益金鼎-東大,2023-10-06,9135
3706,神達,11,2,9,群益金鼎-東大,2023-10-06,9135
4953,緯軟,9,1,8,群益金鼎-東大,2023-10-06,9135
00919,群益台灣精選高息,11,3,8,群益金鼎-東大,2023-10-06,9135
00751B,元大AAA至A公司債,8,0,8,群益金鼎-東大,2023-10-06,9135
3481,群創,15,7,8,群益金鼎-東大,2023-10-06,9135
3234,光環,11,4,7,群益金鼎-東大,2023-10-06,9135
8046,南電,7,0,7,群益金鼎-東大,2023-10-06,9135
2317,鴻海,7,0,7,群益金鼎-東大,2023-10-06,9135
4543,萬在,7,0,7,群益金鼎-東大,2023-10-06,9135
6282,康舒,7,0,7,群益金鼎-東大,2023-10-06,9135
3037,欣興,12,6,6,群益金鼎-東大,2023-10-06,9135
2610,華航,7,1,6,群益金鼎-東大,2023-10-06,9135
00753L,中信中國50正2,6,0,6,群益金鼎-東大,2023-10-06,9135
6191,精成科,9,3,6,群益金鼎-東大,2023-10-06,9135
6494,九齊,6,0,6,群益金鼎-東大,2023-10-06,9135
2313,華通,8,2,6,群益金鼎-東大,2023-10-06,9135
3661,世芯-KY,8,3,5,群益金鼎-東大,2023-10-06,9135
2486,一詮,176,8,168,群益金鼎-東大,2023-10-11,9135
00632R,元大台灣50反1,62,0,62,群益金鼎-東大,2023-10-11,9135
5236,凌陽創新,47,0,47,群益金鼎-東大,2023-10-11,9135
3231,緯創,74,28,46,群益金鼎-東大,2023-10-11,9135
2382,廣達,50,10,40,群益金鼎-東大,2023-10-11,9135
00919,群益台灣精選高息,42,3,39,群益金鼎-東大,2023-10-11,9135
4908,前鼎,42,3,39,群益金鼎-東大,2023-10-11,9135
8033,雷虎,32,0,32,群益金鼎-東大,2023-10-11,9135
0056,元大高股息,37,5,32,群益金鼎-東大,2023-10-11,9135
3006,晶豪科,52,21,31,群益金鼎-東大,2023-10-11,9135
2543,皇昌,28,0,28,群益金鼎-東大,2023-10-11,9135
00929,復華台灣科技優息,20,0,20,群益金鼎-東大,2023-10-11,9135
00680L,元大美債20正2,23,3,20,群益金鼎-東大,2023-10-11,9135
5465,富驊,21,1,20,群益金鼎-東大,2023-10-11,9135
00671R,富邦NASDAQ反1,20,0,20,群益金鼎-東大,2023-10-11,9135
2609,陽明,22,2,20,群益金鼎-東大,2023-10-11,9135
1307,三芳,19,0,19,群益金鼎-東大,2023-10-11,9135
2605,新興,18,0,18,群益金鼎-東大,2023-10-11,9135
3363,上詮,19,1,18,群益金鼎-東大,2023-10-11,9135
00720B,元大投資級公司債,18,0,18,群益金鼎-東大,2023-10-11,9135
1568,倉佑,17,0,17,群益金鼎-東大,2023-10-11,9135
3450,聯鈞,20,4,16,群益金鼎-東大,2023-10-11,9135
2603,長榮,18,2,16,群益金鼎-東大,2023-10-11,9135
2206,三陽工業,15,0,15,群益金鼎-東大,2023-10-11,9135
6770,力積電,17,3,14,群益金鼎-東大,2023-10-11,9135
3583,辛耘,15,2,13,群益金鼎-東大,2023-10-11,9135
6197,佳必琪,13,1,12,群益金鼎-東大,2023-10-11,9135
3325,旭品,16,4,12,群益金鼎-東大,2023-10-11,9135
4162,智擎,14,2,12,群益金鼎-東大,2023-10-11,9135
1786,科妍,13,1,12,群益金鼎-東大,2023-10-11,9135
00679B,元大美債20年,11,0,11,群益金鼎-東大,2023-10-11,9135
6216,居易,13,2,11,群益金鼎-東大,2023-10-11,9135
00664R,國泰臺灣加權反1,10,0,10,群益金鼎-東大,2023-10-11,9135
8039,台虹,10,0,10,群益金鼎-東大,2023-10-11,9135
3088,艾訊,10,0,10,群益金鼎-東大,2023-10-11,9135
00673R,期元大S＆P原油反1,10,0,10,群益金鼎-東大,2023-10-11,9135
00753L,中信中國50正2,10,0,10,群益金鼎-東大,2023-10-11,9135
4503,金雨,11,1,10,群益金鼎-東大,2023-10-11,9135
2329,華泰,26,17,9,群益金鼎-東大,2023-10-11,9135
3665,貿聯-KY,11,2,9,群益金鼎-東大,2023-10-11,9135
4532,瑞智,8,0,8,群益金鼎-東大,2023-10-11,9135
3014,聯陽,13,5,8,群益金鼎-東大,2023-10-11,9135
2601,益航,8,0,8,群益金鼎-東大,2023-10-11,9135
2497,怡利電,8,0,8,群益金鼎-東大,2023-10-11,9135
6823,濾能,8,0,8,群益金鼎-東大,2023-10-11,9135
1609,大亞,7,0,7,群益金鼎-東大,2023-10-11,9135
2727,王品,7,0,7,群益金鼎-東大,2023-10-11,9135
3013,晟銘電,81,74,7,群益金鼎-東大,2023-10-11,9135
2816,旺旺保,7,0,7,群益金鼎-東大,2023-10-11,9135
00712,復華富時不動產,21,15,6,群益金鼎-東大,2023-10-11,9135
00632R,元大台灣50反1,147,0,147,群益金鼎-東大,2023-10-12,9135
00929,復華台灣科技優息,80,13,67,群益金鼎-東大,2023-10-12,9135
00720B,元大投資級公司債,57,0,57,群益金鼎-東大,2023-10-12,9135
2543,皇昌,42,0,42,群益金鼎-東大,2023-10-12,9135
2486,一詮,59,17,42,群益金鼎-東大,2023-10-12,9135
4909,新復興,40,0,40,群益金鼎-東大,2023-10-12,9135
4714,永捷,31,2,29,群益金鼎-東大,2023-10-12,9135
5269,祥碩,20,0,20,群益金鼎-東大,2023-10-12,9135
3122,笙泉,37,20,17,群益金鼎-東大,2023-10-12,9135
5225,東科-KY,17,0,17,群益金鼎-東大,2023-10-12,9135
2888,新光金,17,0,17,群益金鼎-東大,2023-10-12,9135
00679B,元大美債20年,20,4,16,群益金鼎-東大,2023-10-12,9135
6895,宏碩系統,15,0,15,群益金鼎-東大,2023-10-12,9135
1815,富喬,44,30,14,群益金鼎-東大,2023-10-12,9135
00905,FT臺灣Smart,20,6,14,群益金鼎-東大,2023-10-12,9135
5521,工信,14,1,13,群益金鼎-東大,2023-10-12,9135
6494,九齊,13,1,12,群益金鼎-東大,2023-10-12,9135
2603,長榮,13,2,11,群益金鼎-東大,2023-10-12,9135
2537,聯上發,11,0,11,群益金鼎-東大,2023-10-12,9135
1612,宏泰,11,0,11,群益金鼎-東大,2023-10-12,9135
2313,華通,43,32,11,群益金鼎-東大,2023-10-12,9135
3576,聯合再生,10,0,10,群益金鼎-東大,2023-10-12,9135
2834,臺企銀,10,0,10,群益金鼎-東大,2023-10-12,9135
1316,上曜,10,0,10,群益金鼎-東大,2023-10-12,9135
00706L,期元大S＆P日圓正2,10,0,10,群益金鼎-東大,2023-10-12,9135
6026,福邦證,10,0,10,群益金鼎-東大,2023-10-12,9135
1568,倉佑,10,0,10,群益金鼎-東大,2023-10-12,9135
2617,台航,10,0,10,群益金鼎-東大,2023-10-12,9135
00631L,元大台灣50正2,24,14,10,群益金鼎-東大,2023-10-12,9135
8255,朋程,9,0,9,群益金鼎-東大,2023-10-12,9135
3325,旭品,23,14,9,群益金鼎-東大,2023-10-12,9135
00715L,期街口布蘭特正2,9,0,9,群益金鼎-東大,2023-10-12,9135
3032,偉訓,8,0,8,群益金鼎-東大,2023-10-12,9135
2516,新建,8,0,8,群益金鼎-東大,2023-10-12,9135
2439,美律,8,0,8,群益金鼎-東大,2023-10-12,9135
2816,旺旺保,8,1,7,群益金鼎-東大,2023-10-12,9135
2352,佳世達,7,0,7,群益金鼎-東大,2023-10-12,9135
2356,英業達,11,4,7,群益金鼎-東大,2023-10-12,9135
4552,力達-KY,9,3,6,群益金鼎-東大,2023-10-12,9135
6719,力智,6,0,6,群益金鼎-東大,2023-10-12,9135
1522,堤維西,18,12,6,群益金鼎-東大,2023-10-12,9135
5351,鈺創,13,7,6,群益金鼎-東大,2023-10-12,9135
2301,光寶科,15,9,6,群益金鼎-東大,2023-10-12,9135
8936,國統,6,0,6,群益金鼎-東大,2023-10-12,9135
2606,裕民,8,3,5,群益金鼎-東大,2023-10-12,9135
3037,欣興,7,2,5,群益金鼎-東大,2023-10-12,9135
3025,星通,7,2,5,群益金鼎-東大,2023-10-12,9135
00857B,永豐20年美公債,5,0,5,群益金鼎-東大,2023-10-12,9135
5258,虹堡,8,3,5,群益金鼎-東大,2023-10-12,9135
6224,聚鼎,5,0,5,群益金鼎-東大,2023-10-12,9135
2408,南亞科,103,2,101,群益金鼎-東大,2023-10-13,9135
00878,國泰永續高股息,73,0,73,群益金鼎-東大,2023-10-13,9135
00932,兆豐永續高息等權,70,0,70,群益金鼎-東大,2023-10-13,9135
3231,緯創,102,41,61,群益金鼎-東大,2023-10-13,9135
00900,富邦特選高股息30,61,0,61,群益金鼎-東大,2023-10-13,9135
2344,華邦電,43,3,40,群益金鼎-東大,2023-10-13,9135
2324,仁寶,32,0,32,群益金鼎-東大,2023-10-13,9135
3622,洋華,31,0,31,群益金鼎-東大,2023-10-13,9135
0056,元大高股息,39,10,29,群益金鼎-東大,2023-10-13,9135
00929,復華台灣科技優息,27,0,27,群益金鼎-東大,2023-10-13,9135
00680L,元大美債20正2,26,0,26,群益金鼎-東大,2023-10-13,9135
00679B,元大美債20年,25,0,25,群益金鼎-東大,2023-10-13,9135
1522,堤維西,61,36,25,群益金鼎-東大,2023-10-13,9135
3564,其陽,24,0,24,群益金鼎-東大,2023-10-13,9135
5876,上海商銀,23,0,23,群益金鼎-東大,2023-10-13,9135
00687B,國泰20年美債,21,0,21,群益金鼎-東大,2023-10-13,9135
00919,群益台灣精選高息,48,30,18,群益金鼎-東大,2023-10-13,9135
3483,力致,35,17,18,群益金鼎-東大,2023-10-13,9135
2442,新美齊,19,1,18,群益金鼎-東大,2023-10-13,9135
1314,中石化,30,12,18,群益金鼎-東大,2023-10-13,9135
6163,華電網,15,0,15,群益金鼎-東大,2023-10-13,9135
5519,隆大,15,1,14,群益金鼎-東大,2023-10-13,9135
3032,偉訓,21,7,14,群益金鼎-東大,2023-10-13,9135
00720B,元大投資級公司債,14,0,14,群益金鼎-東大,2023-10-13,9135
3325,旭品,18,4,14,群益金鼎-東大,2023-10-13,9135
1568,倉佑,15,1,14,群益金鼎-東大,2023-10-13,9135
3078,僑威,27,15,12,群益金鼎-東大,2023-10-13,9135
2409,友達,12,0,12,群益金鼎-東大,2023-10-13,9135
2913,農林,12,0,12,群益金鼎-東大,2023-10-13,9135
00931B,統一美債20年,11,0,11,群益金鼎-東大,2023-10-13,9135
00922,國泰台灣領袖50,11,0,11,群益金鼎-東大,2023-10-13,9135
2834,臺企銀,11,0,11,群益金鼎-東大,2023-10-13,9135
1618,合機,10,0,10,群益金鼎-東大,2023-10-13,9135
00724B,群益投資級金融債,10,0,10,群益金鼎-東大,2023-10-13,9135
00885,富邦越南,10,0,10,群益金鼎-東大,2023-10-13,9135
2031,新光鋼,10,0,10,群益金鼎-東大,2023-10-13,9135
3489,森寶,10,0,10,群益金鼎-東大,2023-10-13,9135
9919,康那香,10,0,10,群益金鼎-東大,2023-10-13,9135
2610,華航,10,0,10,群益金鼎-東大,2023-10-13,9135
8068,全達,14,5,9,群益金鼎-東大,2023-10-13,9135
3025,星通,36,27,9,群益金鼎-東大,2023-10-13,9135
6442,光聖,9,0,9,群益金鼎-東大,2023-10-13,9135
8996,高力,10,1,9,群益金鼎-東大,2023-10-13,9135
2329,華泰,11,2,9,群益金鼎-東大,2023-10-13,9135
2612,中航,10,1,9,群益金鼎-東大,2023-10-13,9135
3346,麗清,13,4,9,群益金鼎-東大,2023-10-13,9135
00772B,中信高評級公司債,13,5,8,群益金鼎-東大,2023-10-13,9135
3363,上詮,30,22,8,群益金鼎-東大,2023-10-13,9135
2317,鴻海,22,14,8,群益金鼎-東大,2023-10-13,9135
00688L,國泰20年美債正2,8,0,8,群益金鼎-東大,2023-10-13,9135
00932,兆豐永續高息等權,62,0,62,群益金鼎-東大,2023-10-16,9135
00688L,國泰20年美債正2,50,0,50,群益金鼎-東大,2023-10-16,9135
2363,矽統,294,246,48,群益金鼎-東大,2023-10-16,9135
00687B,國泰20年美債,40,0,40,群益金鼎-東大,2023-10-16,9135
0056,元大高股息,47,16,31,群益金鼎-東大,2023-10-16,9135
2618,長榮航,30,0,30,群益金鼎-東大,2023-10-16,9135
3176,基亞,30,0,30,群益金鼎-東大,2023-10-16,9135
2344,華邦電,38,16,22,群益金鼎-東大,2023-10-16,9135
00665L,富邦�琤肭磪囓�2,24,2,22,群益金鼎-東大,2023-10-16,9135
2313,華通,29,8,21,群益金鼎-東大,2023-10-16,9135
2743,山富,21,2,19,群益金鼎-東大,2023-10-16,9135
2501,國建,18,0,18,群益金鼎-東大,2023-10-16,9135
3715,定穎投控,97,80,17,群益金鼎-東大,2023-10-16,9135
00712,復華富時不動產,15,0,15,群益金鼎-東大,2023-10-16,9135
2206,三陽工業,14,0,14,群益金鼎-東大,2023-10-16,9135
2201,裕隆,44,30,14,群益金鼎-東大,2023-10-16,9135
5381,合正,14,0,14,群益金鼎-東大,2023-10-16,9135
5519,隆大,20,7,13,群益金鼎-東大,2023-10-16,9135
4744,皇將,13,1,12,群益金鼎-東大,2023-10-16,9135
00919,群益台灣精選高息,22,10,12,群益金鼎-東大,2023-10-16,9135
00751B,元大AAA至A公司債,11,0,11,群益金鼎-東大,2023-10-16,9135
8358,金居,16,5,11,群益金鼎-東大,2023-10-16,9135
2615,萬海,10,0,10,群益金鼎-東大,2023-10-16,9135
00885,富邦越南,10,0,10,群益金鼎-東大,2023-10-16,9135
00637L,元大滬深300正2,10,0,10,群益金鼎-東大,2023-10-16,9135
8068,全達,10,0,10,群益金鼎-東大,2023-10-16,9135
3062,建漢,10,0,10,群益金鼎-東大,2023-10-16,9135
6156,松上,10,0,10,群益金鼎-東大,2023-10-16,9135
4909,新復興,10,0,10,群益金鼎-東大,2023-10-16,9135
2376,技嘉,19,10,9,群益金鼎-東大,2023-10-16,9135
00922,國泰台灣領袖50,9,0,9,群益金鼎-東大,2023-10-16,9135
6449,鈺邦,12,3,9,群益金鼎-東大,2023-10-16,9135
3231,緯創,74,66,8,群益金鼎-東大,2023-10-16,9135
00878,國泰永續高股息,14,6,8,群益金鼎-東大,2023-10-16,9135
2303,聯電,10,2,8,群益金鼎-東大,2023-10-16,9135
2486,一詮,18,11,7,群益金鼎-東大,2023-10-16,9135
1314,中石化,27,20,7,群益金鼎-東大,2023-10-16,9135
5522,遠雄,7,0,7,群益金鼎-東大,2023-10-16,9135
6274,台燿,6,0,6,群益金鼎-東大,2023-10-16,9135
2605,新興,9,3,6,群益金鼎-東大,2023-10-16,9135
3025,星通,20,14,6,群益金鼎-東大,2023-10-16,9135
3032,偉訓,10,4,6,群益金鼎-東大,2023-10-16,9135
2419,仲琦,6,0,6,群益金鼎-東大,2023-10-16,9135
2425,承啟,12,6,6,群益金鼎-東大,2023-10-16,9135
00753L,中信中國50正2,6,0,6,群益金鼎-東大,2023-10-16,9135
4951,精拓科,6,0,6,群益金鼎-東大,2023-10-16,9135
2329,華泰,8,3,5,群益金鼎-東大,2023-10-16,9135
00655L,國泰中國A50正2,5,0,5,群益金鼎-東大,2023-10-16,9135
00905,FT臺灣Smart,5,0,5,群益金鼎-東大,2023-10-16,9135
1522,堤維西,14,9,5,群益金鼎-東大,2023-10-16,9135
2516,新建,102,1,101,群益金鼎-東大,2023-10-17,9135
00687B,國泰20年美債,62,0,62,群益金鼎-東大,2023-10-17,9135
2363,矽統,242,180,62,群益金鼎-東大,2023-10-17,9135
3715,定穎投控,299,258,41,群益金鼎-東大,2023-10-17,9135
0056,元大高股息,39,0,39,群益金鼎-東大,2023-10-17,9135
6216,居易,42,3,39,群益金鼎-東大,2023-10-17,9135
2618,長榮航,48,13,35,群益金鼎-東大,2023-10-17,9135
00720B,元大投資級公司債,32,0,32,群益金鼎-東大,2023-10-17,9135
3094,聯傑,35,5,30,群益金鼎-東大,2023-10-17,9135
6282,康舒,29,2,27,群益金鼎-東大,2023-10-17,9135
6245,立端,27,2,25,群益金鼎-東大,2023-10-17,9135
2352,佳世達,23,1,22,群益金鼎-東大,2023-10-17,9135
00679B,元大美債20年,21,0,21,群益金鼎-東大,2023-10-17,9135
1815,富喬,29,9,20,群益金鼎-東大,2023-10-17,9135
912000,晨訊科-DR,20,0,20,群益金鼎-東大,2023-10-17,9135
4908,前鼎,34,15,19,群益金鼎-東大,2023-10-17,9135
00931B,統一美債20年,19,0,19,群益金鼎-東大,2023-10-17,9135
00878,國泰永續高股息,49,32,17,群益金鼎-東大,2023-10-17,9135
3363,上詮,26,10,16,群益金鼎-東大,2023-10-17,9135
6530,創威,27,11,16,群益金鼎-東大,2023-10-17,9135
00715L,期街口布蘭特正2,16,0,16,群益金鼎-東大,2023-10-17,9135
3231,緯創,86,71,15,群益金鼎-東大,2023-10-17,9135
3481,群創,12,0,12,群益金鼎-東大,2023-10-17,9135
00929,復華台灣科技優息,13,1,12,群益金鼎-東大,2023-10-17,9135
1736,喬山,11,1,10,群益金鼎-東大,2023-10-17,9135
2030,彰源,10,0,10,群益金鼎-東大,2023-10-17,9135
3483,力致,14,4,10,群益金鼎-東大,2023-10-17,9135
8936,國統,10,0,10,群益金鼎-東大,2023-10-17,9135
2537,聯上發,10,0,10,群益金鼎-東大,2023-10-17,9135
5324,士開,9,0,9,群益金鼎-東大,2023-10-17,9135
2368,金像電,9,1,8,群益金鼎-東大,2023-10-17,9135
2206,三陽工業,8,0,8,群益金鼎-東大,2023-10-17,9135
2425,承啟,37,29,8,群益金鼎-東大,2023-10-17,9135
1101,台泥,12,4,8,群益金鼎-東大,2023-10-17,9135
3714,富采,9,1,8,群益金鼎-東大,2023-10-17,9135
2605,新興,8,1,7,群益金鼎-東大,2023-10-17,9135
2610,華航,17,10,7,群益金鼎-東大,2023-10-17,9135
4906,正文,12,5,7,群益金鼎-東大,2023-10-17,9135
8048,德勝,16,9,7,群益金鼎-東大,2023-10-17,9135
2025,千興,6,0,6,群益金鼎-東大,2023-10-17,9135
4119,旭富,6,0,6,群益金鼎-東大,2023-10-17,9135
2105,正新,9,3,6,群益金鼎-東大,2023-10-17,9135
6148,驊宏資,10,4,6,群益金鼎-東大,2023-10-17,9135
3443,創意,16,10,6,群益金鼎-東大,2023-10-17,9135
2313,華通,27,22,5,群益金鼎-東大,2023-10-17,9135
00751B,元大AAA至A公司債,5,0,5,群益金鼎-東大,2023-10-17,9135
1514,亞力,6,1,5,群益金鼎-東大,2023-10-17,9135
2892,第一金,5,0,5,群益金鼎-東大,2023-10-17,9135
00772B,中信高評級公司債,5,0,5,群益金鼎-東大,2023-10-17,9135
2382,廣達,32,27,5,群益金鼎-東大,2023-10-17,9135
6531,愛普*,101,1,100,群益金鼎-東大,2023-10-18,9135
00929,復華台灣科技優息,101,7,94,群益金鼎-東大,2023-10-18,9135
00878,國泰永續高股息,88,9,79,群益金鼎-東大,2023-10-18,9135
2610,華航,107,30,77,群益金鼎-東大,2023-10-18,9135
00922,國泰台灣領袖50,72,0,72,群益金鼎-東大,2023-10-18,9135
00919,群益台灣精選高息,73,3,70,群益金鼎-東大,2023-10-18,9135
0056,元大高股息,60,5,55,群益金鼎-東大,2023-10-18,9135
2324,仁寶,47,0,47,群益金鼎-東大,2023-10-18,9135
3481,群創,33,0,33,群益金鼎-東大,2023-10-18,9135
00720B,元大投資級公司債,31,0,31,群益金鼎-東大,2023-10-18,9135
2206,三陽工業,32,5,27,群益金鼎-東大,2023-10-18,9135
3260,威剛,61,34,27,群益金鼎-東大,2023-10-18,9135
00751B,元大AAA至A公司債,26,0,26,群益金鼎-東大,2023-10-18,9135
2409,友達,35,10,25,群益金鼎-東大,2023-10-18,9135
6770,力積電,25,1,24,群益金鼎-東大,2023-10-18,9135
00673R,期元大S＆P原油反1,21,0,21,群益金鼎-東大,2023-10-18,9135
2834,臺企銀,21,0,21,群益金鼎-東大,2023-10-18,9135
2323,中環,22,1,21,群益金鼎-東大,2023-10-18,9135
2328,廣宇,17,0,17,群益金鼎-東大,2023-10-18,9135
2312,金寶,16,0,16,群益金鼎-東大,2023-10-18,9135
2913,農林,15,0,15,群益金鼎-東大,2023-10-18,9135
5309,系統電,15,0,15,群益金鼎-東大,2023-10-18,9135
2344,華邦電,14,0,14,群益金鼎-東大,2023-10-18,9135
00679B,元大美債20年,14,0,14,群益金鼎-東大,2023-10-18,9135
2618,長榮航,13,0,13,群益金鼎-東大,2023-10-18,9135
1101,台泥,12,0,12,群益金鼎-東大,2023-10-18,9135
3037,欣興,26,14,12,群益金鼎-東大,2023-10-18,9135
2905,三商,11,0,11,群益金鼎-東大,2023-10-18,9135
3122,笙泉,33,22,11,群益金鼎-東大,2023-10-18,9135
8936,國統,11,0,11,群益金鼎-東大,2023-10-18,9135
3363,上詮,21,10,11,群益金鼎-東大,2023-10-18,9135
5511,德昌,14,3,11,群益金鼎-東大,2023-10-18,9135
00753L,中信中國50正2,10,0,10,群益金鼎-東大,2023-10-18,9135
00706L,期元大S＆P日圓正2,10,0,10,群益金鼎-東大,2023-10-18,9135
00932,兆豐永續高息等權,10,0,10,群益金鼎-東大,2023-10-18,9135
1227,佳格,10,0,10,群益金鼎-東大,2023-10-18,9135
2243,宏旭-KY,10,0,10,群益金鼎-東大,2023-10-18,9135
6640,均華,10,0,10,群益金鼎-東大,2023-10-18,9135
2105,正新,10,0,10,群益金鼎-東大,2023-10-18,9135
6139,亞翔,9,0,9,群益金鼎-東大,2023-10-18,9135
00671R,富邦NASDAQ反1,10,1,9,群益金鼎-東大,2023-10-18,9135
4190,佐登-KY,9,0,9,群益金鼎-東大,2023-10-18,9135
1471,首利,11,2,9,群益金鼎-東大,2023-10-18,9135
3707,漢磊,9,1,8,群益金鼎-東大,2023-10-18,9135
6274,台燿,44,36,8,群益金鼎-東大,2023-10-18,9135
9950,萬國通,8,0,8,群益金鼎-東大,2023-10-18,9135
6187,萬潤,8,0,8,群益金鼎-東大,2023-10-18,9135
1815,富喬,30,22,8,群益金鼎-東大,2023-10-18,9135
2607,榮運,8,0,8,群益金鼎-東大,2023-10-18,9135
4503,金雨,7,0,7,群益金鼎-東大,2023-10-18,9135
00795B,中信美國公債20年,194,0,194,群益金鼎-東大,2023-10-19,9135
2353,宏��,81,1,80,群益金鼎-東大,2023-10-19,9135
00712,復華富時不動產,69,0,69,群益金鼎-東大,2023-10-19,9135
4967,十銓,51,5,46,群益金鼎-東大,2023-10-19,9135
0056,元大高股息,55,12,43,群益金鼎-東大,2023-10-19,9135
00687B,國泰20年美債,40,0,40,群益金鼎-東大,2023-10-19,9135
00922,國泰台灣領袖50,32,0,32,群益金鼎-東大,2023-10-19,9135
6640,均華,30,0,30,群益金鼎-東大,2023-10-19,9135
00720B,元大投資級公司債,32,3,29,群益金鼎-東大,2023-10-19,9135
2206,三陽工業,30,5,25,群益金鼎-東大,2023-10-19,9135
4908,前鼎,78,54,24,群益金鼎-東大,2023-10-19,9135
4552,力達-KY,26,3,23,群益金鼎-東大,2023-10-19,9135
00679B,元大美債20年,30,8,22,群益金鼎-東大,2023-10-19,9135
00885,富邦越南,21,0,21,群益金鼎-東大,2023-10-19,9135
3588,通嘉,24,3,21,群益金鼎-東大,2023-10-19,9135
6156,松上,21,0,21,群益金鼎-東大,2023-10-19,9135
2486,一詮,25,5,20,群益金鼎-東大,2023-10-19,9135
2363,矽統,25,7,18,群益金鼎-東大,2023-10-19,9135
8176,智捷,28,11,17,群益金鼎-東大,2023-10-19,9135
2886,兆豐金,16,0,16,群益金鼎-東大,2023-10-19,9135
3583,辛耘,17,1,16,群益金鼎-東大,2023-10-19,9135
00929,復華台灣科技優息,15,0,15,群益金鼎-東大,2023-10-19,9135
3325,旭品,20,5,15,群益金鼎-東大,2023-10-19,9135
00773B,中信優先金融債,13,0,13,群益金鼎-東大,2023-10-19,9135
00878,國泰永續高股息,26,14,12,群益金鼎-東大,2023-10-19,9135
00772B,中信高評級公司債,14,2,12,群益金鼎-東大,2023-10-19,9135
00751B,元大AAA至A公司債,12,0,12,群益金鼎-東大,2023-10-19,9135
2883,凱基金,12,0,12,群益金鼎-東大,2023-10-19,9135
00645,富邦日本,12,0,12,群益金鼎-東大,2023-10-19,9135
00637L,元大滬深300正2,12,0,12,群益金鼎-東大,2023-10-19,9135
00673R,期元大S＆P原油反1,11,0,11,群益金鼎-東大,2023-10-19,9135
2317,鴻海,10,0,10,群益金鼎-東大,2023-10-19,9135
00931B,統一美債20年,10,0,10,群益金鼎-東大,2023-10-19,9135
3014,聯陽,11,1,10,群益金鼎-東大,2023-10-19,9135
2324,仁寶,16,6,10,群益金鼎-東大,2023-10-19,9135
6148,驊宏資,10,0,10,群益金鼎-東大,2023-10-19,9135
00724B,群益投資級金融債,10,0,10,群益金鼎-東大,2023-10-19,9135
2392,正崴,10,0,10,群益金鼎-東大,2023-10-19,9135
2905,三商,10,0,10,群益金鼎-東大,2023-10-19,9135
00877,復華中國5G,10,0,10,群益金鼎-東大,2023-10-19,9135
4541,晟田,10,0,10,群益金鼎-東大,2023-10-19,9135
6168,宏齊,16,8,8,群益金鼎-東大,2023-10-19,9135
3483,力致,13,5,8,群益金鼎-東大,2023-10-19,9135
4763,材料-KY,19,11,8,群益金鼎-東大,2023-10-19,9135
1603,華電,7,0,7,群益金鼎-東大,2023-10-19,9135
3419,譁裕,7,0,7,群益金鼎-東大,2023-10-19,9135
5381,合正,8,1,7,群益金鼎-東大,2023-10-19,9135
6282,康舒,8,1,7,群益金鼎-東大,2023-10-19,9135
6139,亞翔,6,0,6,群益金鼎-東大,2023-10-19,9135
00907,永豐優息存股,6,0,6,群益金鼎-東大,2023-10-19,9135
3594,磐儀,300,0,300,群益金鼎-東大,2023-10-20,9135
00929,復華台灣科技優息,101,2,99,群益金鼎-東大,2023-10-20,9135
2834,臺企銀,96,0,96,群益金鼎-東大,2023-10-20,9135
00712,復華富時不動產,96,7,89,群益金鼎-東大,2023-10-20,9135
2516,新建,60,0,60,群益金鼎-東大,2023-10-20,9135
00751B,元大AAA至A公司債,54,0,54,群益金鼎-東大,2023-10-20,9135
6186,新潤,53,0,53,群益金鼎-東大,2023-10-20,9135
3443,創意,55,4,51,群益金鼎-東大,2023-10-20,9135
00919,群益台灣精選高息,65,21,44,群益金鼎-東大,2023-10-20,9135
00878,國泰永續高股息,53,14,39,群益金鼎-東大,2023-10-20,9135
6457,紘康,39,0,39,群益金鼎-東大,2023-10-20,9135
6770,力積電,36,6,30,群益金鼎-東大,2023-10-20,9135
2436,偉詮電,49,23,26,群益金鼎-東大,2023-10-20,9135
00877,復華中國5G,20,0,20,群益金鼎-東大,2023-10-20,9135
00772B,中信高評級公司債,20,0,20,群益金鼎-東大,2023-10-20,9135
00673R,期元大S＆P原油反1,19,1,18,群益金鼎-東大,2023-10-20,9135
4916,事欣科,18,0,18,群益金鼎-東大,2023-10-20,9135
2618,長榮航,19,2,17,群益金鼎-東大,2023-10-20,9135
2883,凱基金,16,0,16,群益金鼎-東大,2023-10-20,9135
00753L,中信中國50正2,15,0,15,群益金鼎-東大,2023-10-20,9135
00679B,元大美債20年,20,5,15,群益金鼎-東大,2023-10-20,9135
2905,三商,15,0,15,群益金鼎-東大,2023-10-20,9135
8076,伍豐,15,0,15,群益金鼎-東大,2023-10-20,9135
2303,聯電,18,3,15,群益金鼎-東大,2023-10-20,9135
00687B,國泰20年美債,14,0,14,群益金鼎-東大,2023-10-20,9135
2002,中鋼,14,0,14,群益金鼎-東大,2023-10-20,9135
5871,中租-KY,14,0,14,群益金鼎-東大,2023-10-20,9135
3363,上詮,17,5,12,群益金鼎-東大,2023-10-20,9135
6113,亞矽,17,5,12,群益金鼎-東大,2023-10-20,9135
3176,基亞,11,0,11,群益金鼎-東大,2023-10-20,9135
4977,眾達-KY,11,0,11,群益金鼎-東大,2023-10-20,9135
2353,宏��,13,2,11,群益金鼎-東大,2023-10-20,9135
2612,中航,10,0,10,群益金鼎-東大,2023-10-20,9135
2537,聯上發,10,0,10,群益金鼎-東大,2023-10-20,9135
2371,大同,10,0,10,群益金鼎-東大,2023-10-20,9135
2888,新光金,10,0,10,群益金鼎-東大,2023-10-20,9135
3687,歐買尬,10,0,10,群益金鼎-東大,2023-10-20,9135
00891,中信關鍵半導體,10,1,9,群益金鼎-東大,2023-10-20,9135
00922,國泰台灣領袖50,8,0,8,群益金鼎-東大,2023-10-20,9135
1795,美時,11,3,8,群益金鼎-東大,2023-10-20,9135
1312,國喬,8,0,8,群益金鼎-東大,2023-10-20,9135
3704,合勤控,7,0,7,群益金鼎-東大,2023-10-20,9135
3025,星通,78,71,7,群益金鼎-東大,2023-10-20,9135
3548,兆利,17,10,7,群益金鼎-東大,2023-10-20,9135
2892,第一金,7,0,7,群益金鼎-東大,2023-10-20,9135
2882,國泰金,6,0,6,群益金鼎-東大,2023-10-20,9135
00795B,中信美國公債20年,6,0,6,群益金鼎-東大,2023-10-20,9135
6438,迅得,12,6,6,群益金鼎-東大,2023-10-20,9135
1786,科妍,6,0,6,群益金鼎-東大,2023-10-20,9135
6235,華孚,9,3,6,群益金鼎-東大,2023-10-20,9135
00929,復華台灣科技優息,149,0,149,群益金鼎-東大,2023-10-23,9135
3481,群創,153,9,144,群益金鼎-東大,2023-10-23,9135
4967,十銓,70,4,66,群益金鼎-東大,2023-10-23,9135
00712,復華富時不動產,64,5,59,群益金鼎-東大,2023-10-23,9135
00919,群益台灣精選高息,53,0,53,群益金鼎-東大,2023-10-23,9135
00864B,中信美國公債0-1,50,0,50,群益金鼎-東大,2023-10-23,9135
6770,力積電,34,3,31,群益金鼎-東大,2023-10-23,9135
00751B,元大AAA至A公司債,26,0,26,群益金鼎-東大,2023-10-23,9135
2405,輔信,25,0,25,群益金鼎-東大,2023-10-23,9135
3443,創意,27,3,24,群益金鼎-東大,2023-10-23,9135
3051,力特,60,36,24,群益金鼎-東大,2023-10-23,9135
00878,國泰永續高股息,27,6,21,群益金鼎-東大,2023-10-23,9135
2419,仲琦,20,0,20,群益金鼎-東大,2023-10-23,9135
00687B,國泰20年美債,19,0,19,群益金鼎-東大,2023-10-23,9135
2317,鴻海,86,67,19,群益金鼎-東大,2023-10-23,9135
0056,元大高股息,30,12,18,群益金鼎-東大,2023-10-23,9135
6129,普誠,16,0,16,群益金鼎-東大,2023-10-23,9135
00772B,中信高評級公司債,15,0,15,群益金鼎-東大,2023-10-23,9135
3530,晶相光,15,0,15,群益金鼎-東大,2023-10-23,9135
6237,驊訊,19,5,14,群益金鼎-東大,2023-10-23,9135
2883,凱基金,14,0,14,群益金鼎-東大,2023-10-23,9135
00679B,元大美債20年,14,1,13,群益金鼎-東大,2023-10-23,9135
6187,萬潤,16,4,12,群益金鼎-東大,2023-10-23,9135
2537,聯上發,12,0,12,群益金鼎-東大,2023-10-23,9135
2301,光寶科,28,16,12,群益金鼎-東大,2023-10-23,9135
2605,新興,12,0,12,群益金鼎-東大,2023-10-23,9135
2201,裕隆,12,1,11,群益金鼎-東大,2023-10-23,9135
3545,敦泰,11,0,11,群益金鼎-東大,2023-10-23,9135
6213,聯茂,14,3,11,群益金鼎-東大,2023-10-23,9135
2399,映泰,10,0,10,群益金鼎-東大,2023-10-23,9135
2486,一詮,11,1,10,群益金鼎-東大,2023-10-23,9135
00637L,元大滬深300正2,10,0,10,群益金鼎-東大,2023-10-23,9135
2331,精英,10,0,10,群益金鼎-東大,2023-10-23,9135
4960,誠美材,43,33,10,群益金鼎-東大,2023-10-23,9135
00688L,國泰20年美債正2,10,0,10,群益金鼎-東大,2023-10-23,9135
2888,新光金,10,0,10,群益金鼎-東大,2023-10-23,9135
00706L,期元大S＆P日圓正2,10,0,10,群益金鼎-東大,2023-10-23,9135
00877,復華中國5G,10,0,10,群益金鼎-東大,2023-10-23,9135
8027,鈦昇,10,0,10,群益金鼎-東大,2023-10-23,9135
2606,裕民,10,1,9,群益金鼎-東大,2023-10-23,9135
00715L,期街口布蘭特正2,9,0,9,群益金鼎-東大,2023-10-23,9135
00881,國泰台灣5G+,9,0,9,群益金鼎-東大,2023-10-23,9135
1609,大亞,10,2,8,群益金鼎-東大,2023-10-23,9135
00931B,統一美債20年,8,0,8,群益金鼎-東大,2023-10-23,9135
2891,中信金,8,0,8,群益金鼎-東大,2023-10-23,9135
9955,佳龍,43,35,8,群益金鼎-東大,2023-10-23,9135
3035,智原,22,15,7,群益金鼎-東大,2023-10-23,9135
6695,芯鼎,7,0,7,群益金鼎-東大,2023-10-23,9135
2516,新建,58,51,7,群益金鼎-東大,2023-10-23,9135
6640,均華,7,0,7,群益金鼎-東大,2023-10-23,9135
00712,復華富時不動產,69,20,49,群益金鼎-東大,2023-10-24,9135
00919,群益台灣精選高息,47,0,47,群益金鼎-東大,2023-10-24,9135
4967,十銓,43,2,41,群益金鼎-東大,2023-10-24,9135
00665L,富邦�琤肭磪囓�2,40,6,34,群益金鼎-東大,2023-10-24,9135
2834,臺企銀,36,2,34,群益金鼎-東大,2023-10-24,9135
00885,富邦越南,36,5,31,群益金鼎-東大,2023-10-24,9135
2317,鴻海,35,6,29,群益金鼎-東大,2023-10-24,9135
00878,國泰永續高股息,34,10,24,群益金鼎-東大,2023-10-24,9135
6216,居易,26,3,23,群益金鼎-東大,2023-10-24,9135
00671R,富邦NASDAQ反1,24,2,22,群益金鼎-東大,2023-10-24,9135
3583,辛耘,20,1,19,群益金鼎-東大,2023-10-24,9135
2537,聯上發,18,0,18,群益金鼎-東大,2023-10-24,9135
3122,笙泉,50,34,16,群益金鼎-東大,2023-10-24,9135
6257,矽格,25,9,16,群益金鼎-東大,2023-10-24,9135
4714,永捷,16,2,14,群益金鼎-東大,2023-10-24,9135
3290,東浦,13,0,13,群益金鼎-東大,2023-10-24,9135
2301,光寶科,57,45,12,群益金鼎-東大,2023-10-24,9135
3260,威剛,17,5,12,群益金鼎-東大,2023-10-24,9135
3081,聯亞,11,0,11,群益金鼎-東大,2023-10-24,9135
2420,新巨,10,0,10,群益金鼎-東大,2023-10-24,9135
00888,永豐台灣ESG,10,0,10,群益金鼎-東大,2023-10-24,9135
2905,三商,10,0,10,群益金鼎-東大,2023-10-24,9135
6684,安格,10,0,10,群益金鼎-東大,2023-10-24,9135
00751B,元大AAA至A公司債,10,0,10,群益金鼎-東大,2023-10-24,9135
00902,中信電池及儲能,10,0,10,群益金鼎-東大,2023-10-24,9135
00680L,元大美債20正2,10,0,10,群益金鼎-東大,2023-10-24,9135
00637L,元大滬深300正2,10,0,10,群益金鼎-東大,2023-10-24,9135
8176,智捷,10,0,10,群益金鼎-東大,2023-10-24,9135
2382,廣達,17,7,10,群益金鼎-東大,2023-10-24,9135
2002,中鋼,9,0,9,群益金鼎-東大,2023-10-24,9135
3372,典範,22,13,9,群益金鼎-東大,2023-10-24,9135
8024,佑華,9,0,9,群益金鼎-東大,2023-10-24,9135
2303,聯電,40,31,9,群益金鼎-東大,2023-10-24,9135
2201,裕隆,10,1,9,群益金鼎-東大,2023-10-24,9135
3014,聯陽,9,1,8,群益金鼎-東大,2023-10-24,9135
5258,虹堡,8,0,8,群益金鼎-東大,2023-10-24,9135
3622,洋華,8,0,8,群益金鼎-東大,2023-10-24,9135
3078,僑威,23,15,8,群益金鼎-東大,2023-10-24,9135
2363,矽統,23,15,8,群益金鼎-東大,2023-10-24,9135
00753L,中信中國50正2,7,0,7,群益金鼎-東大,2023-10-24,9135
2367,燿華,8,1,7,群益金鼎-東大,2023-10-24,9135
5871,中租-KY,7,0,7,群益金鼎-東大,2023-10-24,9135
2816,旺旺保,7,0,7,群益金鼎-東大,2023-10-24,9135
2349,錸德,7,0,7,群益金鼎-東大,2023-10-24,9135
2354,鴻準,7,0,7,群益金鼎-東大,2023-10-24,9135
3025,星通,37,30,7,群益金鼎-東大,2023-10-24,9135
3163,波若威,32,25,7,群益金鼎-東大,2023-10-24,9135
00923,群益台ESG低碳50,6,0,6,群益金鼎-東大,2023-10-24,9135
4979,華星光,48,42,6,群益金鼎-東大,2023-10-24,9135
2313,華通,11,5,6,群益金鼎-東大,2023-10-24,9135
3041,揚智,750,70,680,群益金鼎-東大,2023-10-25,9135
00671R,富邦NASDAQ反1,100,0,100,群益金鼎-東大,2023-10-25,9135
5258,虹堡,97,12,85,群益金鼎-東大,2023-10-25,9135
00712,復華富時不動產,65,10,55,群益金鼎-東大,2023-10-25,9135
2002,中鋼,46,6,40,群益金鼎-東大,2023-10-25,9135
2405,輔信,43,9,34,群益金鼎-東大,2023-10-25,9135
6290,良維,32,1,31,群益金鼎-東大,2023-10-25,9135
2369,菱生,41,11,30,群益金鼎-東大,2023-10-25,9135
6156,松上,30,3,27,群益金鼎-東大,2023-10-25,9135
2337,旺宏,29,4,25,群益金鼎-東大,2023-10-25,9135
2520,冠德,25,1,24,群益金鼎-東大,2023-10-25,9135
00637L,元大滬深300正2,25,2,23,群益金鼎-東大,2023-10-25,9135
00878,國泰永續高股息,22,0,22,群益金鼎-東大,2023-10-25,9135
2382,廣達,47,26,21,群益金鼎-東大,2023-10-25,9135
4960,誠美材,23,3,20,群益金鼎-東大,2023-10-25,9135
00919,群益台灣精選高息,25,6,19,群益金鼎-東大,2023-10-25,9135
3324,雙鴻,34,15,19,群益金鼎-東大,2023-10-25,9135
2301,光寶科,55,37,18,群益金鼎-東大,2023-10-25,9135
6282,康舒,18,1,17,群益金鼎-東大,2023-10-25,9135
4714,永捷,17,1,16,群益金鼎-東大,2023-10-25,9135
6150,撼訊,16,1,15,群益金鼎-東大,2023-10-25,9135
6237,驊訊,16,2,14,群益金鼎-東大,2023-10-25,9135
6640,均華,14,0,14,群益金鼎-東大,2023-10-25,9135
2897,王道銀行,13,0,13,群益金鼎-東大,2023-10-25,9135
3141,晶宏,12,0,12,群益金鼎-東大,2023-10-25,9135
8110,華東,31,19,12,群益金鼎-東大,2023-10-25,9135
2542,興富發,12,0,12,群益金鼎-東大,2023-10-25,9135
3078,僑威,44,32,12,群益金鼎-東大,2023-10-25,9135
2302,麗正,13,2,11,群益金鼎-東大,2023-10-25,9135
6276,安鈦克,14,3,11,群益金鼎-東大,2023-10-25,9135
2317,鴻海,13,2,11,群益金鼎-東大,2023-10-25,9135
2892,第一金,10,0,10,群益金鼎-東大,2023-10-25,9135
00715L,期街口布蘭特正2,10,0,10,群益金鼎-東大,2023-10-25,9135
2392,正崴,10,0,10,群益金鼎-東大,2023-10-25,9135
00642U,期元大S＆P石油,10,0,10,群益金鼎-東大,2023-10-25,9135
00687B,國泰20年美債,10,0,10,群益金鼎-東大,2023-10-25,9135
2834,臺企銀,10,0,10,群益金鼎-東大,2023-10-25,9135
1522,堤維西,18,9,9,群益金鼎-東大,2023-10-25,9135
6651,全宇昕,9,0,9,群益金鼎-東大,2023-10-25,9135
2610,華航,16,7,9,群益金鼎-東大,2023-10-25,9135
2890,永豐金,10,1,9,群益金鼎-東大,2023-10-25,9135
2330,台積電,9,1,8,群益金鼎-東大,2023-10-25,9135
3006,晶豪科,18,10,8,群益金鼎-東大,2023-10-25,9135
6168,宏齊,8,0,8,群益金鼎-東大,2023-10-25,9135
2371,大同,8,0,8,群益金鼎-東大,2023-10-25,9135
00714,群益道瓊美國地產,8,0,8,群益金鼎-東大,2023-10-25,9135
3363,上詮,18,10,8,群益金鼎-東大,2023-10-25,9135
2460,建通,8,0,8,群益金鼎-東大,2023-10-25,9135
8255,朋程,9,1,8,群益金鼎-東大,2023-10-25,9135
1802,台玻,12,5,7,群益金鼎-東大,2023-10-25,9135
00929,復華台灣科技優息,121,6,115,群益金鼎-東大,2023-10-26,9135
2618,長榮航,108,2,106,群益金鼎-東大,2023-10-26,9135
00687B,國泰20年美債,88,0,88,群益金鼎-東大,2023-10-26,9135
4967,十銓,82,17,65,群益金鼎-東大,2023-10-26,9135
00919,群益台灣精選高息,74,23,51,群益金鼎-東大,2023-10-26,9135
2303,聯電,55,4,51,群益金鼎-東大,2023-10-26,9135
2317,鴻海,47,3,44,群益金鼎-東大,2023-10-26,9135
00712,復華富時不動產,84,50,34,群益金鼎-東大,2023-10-26,9135
8110,華東,41,18,23,群益金鼎-東大,2023-10-26,9135
00692,富邦公司治理,22,0,22,群益金鼎-東大,2023-10-26,9135
2419,仲琦,21,0,21,群益金鼎-東大,2023-10-26,9135
2349,錸德,20,0,20,群益金鼎-東大,2023-10-26,9135
00902,中信電池及儲能,20,0,20,群益金鼎-東大,2023-10-26,9135
0056,元大高股息,19,0,19,群益金鼎-東大,2023-10-26,9135
4960,誠美材,30,11,19,群益金鼎-東大,2023-10-26,9135
3056,富華新,20,2,18,群益金鼎-東大,2023-10-26,9135
6284,佳邦,20,4,16,群益金鼎-東大,2023-10-26,9135
00878,國泰永續高股息,30,14,16,群益金鼎-東大,2023-10-26,9135
0050,元大台灣50,15,0,15,群益金鼎-東大,2023-10-26,9135
3037,欣興,22,7,15,群益金鼎-東大,2023-10-26,9135
00927,群益半導體收益,15,0,15,群益金鼎-東大,2023-10-26,9135
00713,元大台灣高息低波,15,1,14,群益金鼎-東大,2023-10-26,9135
00751B,元大AAA至A公司債,14,0,14,群益金鼎-東大,2023-10-26,9135
4552,力達-KY,17,3,14,群益金鼎-東大,2023-10-26,9135
00900,富邦特選高股息30,13,0,13,群益金鼎-東大,2023-10-26,9135
00631L,元大台灣50正2,13,0,13,群益金鼎-東大,2023-10-26,9135
2457,飛宏,14,1,13,群益金鼎-東大,2023-10-26,9135
00706L,期元大S＆P日圓正2,13,0,13,群益金鼎-東大,2023-10-26,9135
00923,群益台ESG低碳50,13,0,13,群益金鼎-東大,2023-10-26,9135
6640,均華,12,0,12,群益金鼎-東大,2023-10-26,9135
00888,永豐台灣ESG,12,0,12,群益金鼎-東大,2023-10-26,9135
2905,三商,11,0,11,群益金鼎-東大,2023-10-26,9135
1514,亞力,11,0,11,群益金鼎-東大,2023-10-26,9135
1301,台塑,11,0,11,群益金鼎-東大,2023-10-26,9135
2330,台積電,14,3,11,群益金鼎-東大,2023-10-26,9135
1568,倉佑,10,0,10,群益金鼎-東大,2023-10-26,9135
3402,漢科,10,0,10,群益金鼎-東大,2023-10-26,9135
00881,國泰台灣5G+,10,0,10,群益金鼎-東大,2023-10-26,9135
1471,首利,10,0,10,群益金鼎-東大,2023-10-26,9135
2344,華邦電,9,0,9,群益金鼎-東大,2023-10-26,9135
00679B,元大美債20年,9,0,9,群益金鼎-東大,2023-10-26,9135
00891,中信關鍵半導體,9,0,9,群益金鼎-東大,2023-10-26,9135
3006,晶豪科,17,8,9,群益金鼎-東大,2023-10-26,9135
3432,台端,10,1,9,群益金鼎-東大,2023-10-26,9135
6274,台燿,17,8,9,群益金鼎-東大,2023-10-26,9135
2515,中工,20,11,9,群益金鼎-東大,2023-10-26,9135
2542,興富發,10,1,9,群益金鼎-東大,2023-10-26,9135
8039,台虹,9,0,9,群益金鼎-東大,2023-10-26,9135
006208,富邦台50,8,0,8,群益金鼎-東大,2023-10-26,9135
6276,安鈦克,13,5,8,群益金鼎-東大,2023-10-26,9135
00632R,元大台灣50反1,117,0,117,群益金鼎-東大,2023-10-27,9135
3276,宇環,117,28,89,群益金鼎-東大,2023-10-27,9135
00929,復華台灣科技優息,68,7,61,群益金鼎-東大,2023-10-27,9135
3094,聯傑,54,9,45,群益金鼎-東大,2023-10-27,9135
1721,三晃,48,6,42,群益金鼎-東大,2023-10-27,9135
3322,建舜電,40,1,39,群益金鼎-東大,2023-10-27,9135
2905,三商,35,0,35,群益金鼎-東大,2023-10-27,9135
4908,前鼎,80,45,35,群益金鼎-東大,2023-10-27,9135
00712,復華富時不動產,23,0,23,群益金鼎-東大,2023-10-27,9135
2417,圓剛,22,0,22,群益金鼎-東大,2023-10-27,9135
2390,云辰,31,10,21,群益金鼎-東大,2023-10-27,9135
3176,基亞,20,0,20,群益金鼎-東大,2023-10-27,9135
2329,華泰,21,3,18,群益金鼎-東大,2023-10-27,9135
00919,群益台灣精選高息,21,4,17,群益金鼎-東大,2023-10-27,9135
00687B,國泰20年美債,17,0,17,群益金鼎-東大,2023-10-27,9135
3231,緯創,66,51,15,群益金鼎-東大,2023-10-27,9135
1524,耿鼎,15,4,11,群益金鼎-東大,2023-10-27,9135
3363,上詮,23,12,11,群益金鼎-東大,2023-10-27,9135
1815,富喬,22,11,11,群益金鼎-東大,2023-10-27,9135
2301,光寶科,11,0,11,群益金鼎-東大,2023-10-27,9135
0050,元大台灣50,10,0,10,群益金鼎-東大,2023-10-27,9135
6202,盛群,10,0,10,群益金鼎-東大,2023-10-27,9135
6640,均華,10,0,10,群益金鼎-東大,2023-10-27,9135
2419,仲琦,10,0,10,群益金鼎-東大,2023-10-27,9135
4919,新唐,11,1,10,群益金鼎-東大,2023-10-27,9135
006208,富邦台50,10,0,10,群益金鼎-東大,2023-10-27,9135
3163,波若威,20,10,10,群益金鼎-東大,2023-10-27,9135
00673R,期元大S＆P原油反1,10,0,10,群益金鼎-東大,2023-10-27,9135
8147,正淩,9,0,9,群益金鼎-東大,2023-10-27,9135
2462,良得電,11,2,9,群益金鼎-東大,2023-10-27,9135
6237,驊訊,13,4,9,群益金鼎-東大,2023-10-27,9135
3037,欣興,19,11,8,群益金鼎-東大,2023-10-27,9135
2317,鴻海,8,1,7,群益金鼎-東大,2023-10-27,9135
4763,材料-KY,14,7,7,群益金鼎-東大,2023-10-27,9135
2340,台亞,7,0,7,群益金鼎-東大,2023-10-27,9135
3078,僑威,54,47,7,群益金鼎-東大,2023-10-27,9135
00878,國泰永續高股息,13,7,6,群益金鼎-東大,2023-10-27,9135
3264,欣銓,19,13,6,群益金鼎-東大,2023-10-27,9135
3290,東浦,15,9,6,群益金鼎-東大,2023-10-27,9135
6457,紘康,6,0,6,群益金鼎-東大,2023-10-27,9135
2337,旺宏,15,9,6,群益金鼎-東大,2023-10-27,9135
2367,燿華,6,0,6,群益金鼎-東大,2023-10-27,9135
8426,紅木-KY,6,0,6,群益金鼎-東大,2023-10-27,9135
3035,智原,21,16,5,群益金鼎-東大,2023-10-27,9135
3260,威剛,8,3,5,群益金鼎-東大,2023-10-27,9135
6243,迅杰,6,1,5,群益金鼎-東大,2023-10-27,9135
2515,中工,5,0,5,群益金鼎-東大,2023-10-27,9135
2420,新巨,5,0,5,群益金鼎-東大,2023-10-27,9135
4105,東洋,9,4,5,群益金鼎-東大,2023-10-27,9135
4114,健喬,7,2,5,群益金鼎-東大,2023-10-27,9135
00712,復華富時不動產,80,0,80,群益金鼎-東大,2023-10-30,9135
6443,元晶,74,38,36,群益金鼎-東大,2023-10-30,9135
2617,台航,30,0,30,群益金鼎-東大,2023-10-30,9135
2317,鴻海,42,13,29,群益金鼎-東大,2023-10-30,9135
4960,誠美材,30,5,25,群益金鼎-東大,2023-10-30,9135
00720B,元大投資級公司債,20,0,20,群益金鼎-東大,2023-10-30,9135
00688L,國泰20年美債正2,20,0,20,群益金鼎-東大,2023-10-30,9135
00687B,國泰20年美債,19,0,19,群益金鼎-東大,2023-10-30,9135
2303,聯電,19,1,18,群益金鼎-東大,2023-10-30,9135
00665L,富邦�琤肭磪囓�2,17,0,17,群益金鼎-東大,2023-10-30,9135
8358,金居,17,1,16,群益金鼎-東大,2023-10-30,9135
1568,倉佑,16,0,16,群益金鼎-東大,2023-10-30,9135
6732,昇佳電子,15,0,15,群益金鼎-東大,2023-10-30,9135
2610,華航,16,1,15,群益金鼎-東大,2023-10-30,9135
2537,聯上發,15,0,15,群益金鼎-東大,2023-10-30,9135
2883,凱基金,13,1,12,群益金鼎-東大,2023-10-30,9135
4763,材料-KY,23,11,12,群益金鼎-東大,2023-10-30,9135
2886,兆豐金,13,2,11,群益金鼎-東大,2023-10-30,9135
8024,佑華,11,0,11,群益金鼎-東大,2023-10-30,9135
2888,新光金,11,0,11,群益金鼎-東大,2023-10-30,9135
2516,新建,10,0,10,群益金鼎-東大,2023-10-30,9135
1314,中石化,10,0,10,群益金鼎-東大,2023-10-30,9135
2891,中信金,10,0,10,群益金鼎-東大,2023-10-30,9135
6188,廣明,10,1,9,群益金鼎-東大,2023-10-30,9135
2520,冠德,18,9,9,群益金鼎-東大,2023-10-30,9135
4162,智擎,20,12,8,群益金鼎-東大,2023-10-30,9135
6284,佳邦,8,0,8,群益金鼎-東大,2023-10-30,9135
2337,旺宏,7,0,7,群益金鼎-東大,2023-10-30,9135
3432,台端,7,0,7,群益金鼎-東大,2023-10-30,9135
6147,頎邦,7,0,7,群益金鼎-東大,2023-10-30,9135
5272,笙科,7,0,7,群益金鼎-東大,2023-10-30,9135
3686,達能,6,0,6,群益金鼎-東大,2023-10-30,9135
3669,圓展,6,0,6,群益金鼎-東大,2023-10-30,9135
6290,良維,6,0,6,群益金鼎-東大,2023-10-30,9135
5403,中菲,6,0,6,群益金鼎-東大,2023-10-30,9135
2731,雄獅,6,0,6,群益金鼎-東大,2023-10-30,9135
2618,長榮航,7,1,6,群益金鼎-東大,2023-10-30,9135
2454,聯發科,6,1,5,群益金鼎-東大,2023-10-30,9135
00922,國泰台灣領袖50,5,0,5,群益金鼎-東大,2023-10-30,9135
1522,堤維西,6,1,5,群益金鼎-東大,2023-10-30,9135
2612,中航,5,0,5,群益金鼎-東大,2023-10-30,9135
5283,禾聯碩,5,0,5,群益金鼎-東大,2023-10-30,9135
6168,宏齊,13,8,5,群益金鼎-東大,2023-10-30,9135
3013,晟銘電,5,0,5,群益金鼎-東大,2023-10-30,9135
1760,寶齡富錦,12,7,5,群益金鼎-東大,2023-10-30,9135
2880,華南金,5,0,5,群益金鼎-東大,2023-10-30,9135
0050,元大台灣50,4,0,4,群益金鼎-東大,2023-10-30,9135
4164,承業醫,4,0,4,群益金鼎-東大,2023-10-30,9135
5465,富驊,7,3,4,群益金鼎-東大,2023-10-30,9135
6244,茂迪,9,5,4,群益金鼎-東大,2023-10-30,9135
4714,永捷,72,3,69,群益金鼎-東大,2023-10-31,9135
3231,緯創,77,19,58,群益金鼎-東大,2023-10-31,9135
2409,友達,58,1,57,群益金鼎-東大,2023-10-31,9135
00919,群益台灣精選高息,40,0,40,群益金鼎-東大,2023-10-31,9135
0056,元大高股息,44,5,39,群益金鼎-東大,2023-10-31,9135
2426,鼎元,40,2,38,群益金鼎-東大,2023-10-31,9135
00878,國泰永續高股息,42,5,37,群益金鼎-東大,2023-10-31,9135
6150,撼訊,36,1,35,群益金鼎-東大,2023-10-31,9135
2344,華邦電,50,17,33,群益金鼎-東大,2023-10-31,9135
2324,仁寶,31,0,31,群益金鼎-東大,2023-10-31,9135
2617,台航,40,14,26,群益金鼎-東大,2023-10-31,9135
2367,燿華,27,3,24,群益金鼎-東大,2023-10-31,9135
00715L,期街口布蘭特正2,24,0,24,群益金鼎-東大,2023-10-31,9135
6235,華孚,26,5,21,群益金鼎-東大,2023-10-31,9135
3685,元創精密,20,0,20,群益金鼎-東大,2023-10-31,9135
3024,憶聲,20,0,20,群益金鼎-東大,2023-10-31,9135
4763,材料-KY,32,13,19,群益金鼎-東大,2023-10-31,9135
00929,復華台灣科技優息,19,0,19,群益金鼎-東大,2023-10-31,9135
0050,元大台灣50,18,0,18,群益金鼎-東大,2023-10-31,9135
2485,兆赫,21,5,16,群益金鼎-東大,2023-10-31,9135
00720B,元大投資級公司債,46,30,16,群益金鼎-東大,2023-10-31,9135
00881,國泰台灣5G+,15,0,15,群益金鼎-東大,2023-10-31,9135
00885,富邦越南,15,0,15,群益金鼎-東大,2023-10-31,9135
3704,合勤控,17,3,14,群益金鼎-東大,2023-10-31,9135
3035,智原,38,25,13,群益金鼎-東大,2023-10-31,9135
1522,堤維西,13,0,13,群益金鼎-東大,2023-10-31,9135
2887,台新金,13,0,13,群益金鼎-東大,2023-10-31,9135
3202,樺晟,13,0,13,群益金鼎-東大,2023-10-31,9135
3372,典範,15,2,13,群益金鼎-東大,2023-10-31,9135
2204,中華,15,2,13,群益金鼎-東大,2023-10-31,9135
3002,歐格,13,0,13,群益金鼎-東大,2023-10-31,9135
2206,三陽工業,15,3,12,群益金鼎-東大,2023-10-31,9135
2301,光寶科,95,84,11,群益金鼎-東大,2023-10-31,9135
8358,金居,11,1,10,群益金鼎-東大,2023-10-31,9135
00631L,元大台灣50正2,13,3,10,群益金鼎-東大,2023-10-31,9135
3665,貿聯-KY,10,0,10,群益金鼎-東大,2023-10-31,9135
3438,類比科,10,0,10,群益金鼎-東大,2023-10-31,9135
2305,全友,11,1,10,群益金鼎-東大,2023-10-31,9135
2329,華泰,18,8,10,群益金鼎-東大,2023-10-31,9135
00922,國泰台灣領袖50,10,0,10,群益金鼎-東大,2023-10-31,9135
2312,金寶,10,1,9,群益金鼎-東大,2023-10-31,9135
2401,凌陽,10,1,9,群益金鼎-東大,2023-10-31,9135
2337,旺宏,8,0,8,群益金鼎-東大,2023-10-31,9135
6202,盛群,8,0,8,群益金鼎-東大,2023-10-31,9135
00888,永豐台灣ESG,8,0,8,群益金鼎-東大,2023-10-31,9135
2607,榮運,8,0,8,群益金鼎-東大,2023-10-31,9135
006208,富邦台50,8,0,8,群益金鼎-東大,2023-10-31,9135
6532,瑞耘,7,0,7,群益金鼎-東大,2023-10-31,9135
6139,亞翔,14,7,7,群益金鼎-東大,2023-10-31,9135
00680L,元大美債20正2,7,0,7,群益金鼎-東大,2023-10-31,9135
2883,凱基金,438,0,438,群益金鼎-東大,2023-11-01,9135
2301,光寶科,60,0,60,群益金鼎-東大,2023-11-01,9135
00795B,中信美國公債20年,51,0,51,群益金鼎-東大,2023-11-01,9135
4967,十銓,76,27,49,群益金鼎-東大,2023-11-01,9135
00878,國泰永續高股息,48,1,47,群益金鼎-東大,2023-11-01,9135
00751B,元大AAA至A公司債,47,0,47,群益金鼎-東大,2023-11-01,9135
2417,圓剛,49,10,39,群益金鼎-東大,2023-11-01,9135
2890,永豐金,40,3,37,群益金鼎-東大,2023-11-01,9135
6285,啟��,42,5,37,群益金鼎-東大,2023-11-01,9135
3594,磐儀,28,6,22,群益金鼎-東大,2023-11-01,9135
3583,辛耘,21,0,21,群益金鼎-東大,2023-11-01,9135
00687B,國泰20年美債,20,0,20,群益金鼎-東大,2023-11-01,9135
00671R,富邦NASDAQ反1,20,0,20,群益金鼎-東大,2023-11-01,9135
00932,兆豐永續高息等權,20,0,20,群益金鼎-東大,2023-11-01,9135
00679B,元大美債20年,19,0,19,群益金鼎-東大,2023-11-01,9135
2363,矽統,29,12,17,群益金鼎-東大,2023-11-01,9135
2419,仲琦,15,0,15,群益金鼎-東大,2023-11-01,9135
4167,松瑞藥,17,3,14,群益金鼎-東大,2023-11-01,9135
6492,生華科,23,10,13,群益金鼎-東大,2023-11-01,9135
00715L,期街口布蘭特正2,14,2,12,群益金鼎-東大,2023-11-01,9135
00706L,期元大S＆P日圓正2,12,0,12,群益金鼎-東大,2023-11-01,9135
00885,富邦越南,11,0,11,群益金鼎-東大,2023-11-01,9135
2426,鼎元,15,4,11,群益金鼎-東大,2023-11-01,9135
00680L,元大美債20正2,11,0,11,群益金鼎-東大,2023-11-01,9135
4108,懷特,11,0,11,群益金鼎-東大,2023-11-01,9135
2317,鴻海,12,2,10,群益金鼎-東大,2023-11-01,9135
00900,富邦特選高股息30,10,0,10,群益金鼎-東大,2023-11-01,9135
5381,合正,10,0,10,群益金鼎-東大,2023-11-01,9135
6153,嘉聯益,10,0,10,群益金鼎-東大,2023-11-01,9135
8110,華東,20,10,10,群益金鼎-東大,2023-11-01,9135
4915,致伸,10,1,9,群益金鼎-東大,2023-11-01,9135
0056,元大高股息,18,9,9,群益金鼎-東大,2023-11-01,9135
6138,茂達,10,1,9,群益金鼎-東大,2023-11-01,9135
6005,群益證,9,0,9,群益金鼎-東大,2023-11-01,9135
00665L,富邦�琤肭磪囓�2,18,10,8,群益金鼎-東大,2023-11-01,9135
6182,合晶,9,1,8,群益金鼎-東大,2023-11-01,9135
3189,景碩,8,0,8,群益金鼎-東大,2023-11-01,9135
6196,帆宣,8,0,8,群益金鼎-東大,2023-11-01,9135
3268,海德威,8,1,7,群益金鼎-東大,2023-11-01,9135
2884,玉山金,6,0,6,群益金鼎-東大,2023-11-01,9135
3715,定穎投控,152,146,6,群益金鼎-東大,2023-11-01,9135
6223,旺矽,6,0,6,群益金鼎-東大,2023-11-01,9135
6184,大豐電,6,0,6,群益金鼎-東大,2023-11-01,9135
3176,基亞,6,0,6,群益金鼎-東大,2023-11-01,9135
6150,撼訊,6,0,6,群益金鼎-東大,2023-11-01,9135
6217,中探針,6,0,6,群益金鼎-東大,2023-11-01,9135
2355,敬鵬,6,0,6,群益金鼎-東大,2023-11-01,9135
4977,眾達-KY,6,0,6,群益金鼎-東大,2023-11-01,9135
3078,僑威,12,7,5,群益金鼎-東大,2023-11-01,9135
0050,元大台灣50,5,0,5,群益金鼎-東大,2023-11-01,9135
8054,安國,176,121,55,群益金鼎-東大,2023-11-02,9135
00632R,元大台灣50反1,64,11,53,群益金鼎-東大,2023-11-02,9135
2426,鼎元,43,0,43,群益金鼎-東大,2023-11-02,9135
00671R,富邦NASDAQ反1,40,2,38,群益金鼎-東大,2023-11-02,9135
6461,益得,32,0,32,群益金鼎-東大,2023-11-02,9135
00934,中信成長高股息,32,2,30,群益金鼎-東大,2023-11-02,9135
6163,華電網,20,0,20,群益金鼎-東大,2023-11-02,9135
00919,群益台灣精選高息,27,7,20,群益金鼎-東大,2023-11-02,9135
4188,安克,21,3,18,群益金鼎-東大,2023-11-02,9135
00687B,國泰20年美債,19,2,17,群益金鼎-東大,2023-11-02,9135
3481,群創,35,18,17,群益金鼎-東大,2023-11-02,9135
6216,居易,23,7,16,群益金鼎-東大,2023-11-02,9135
00753L,中信中國50正2,15,0,15,群益金鼎-東大,2023-11-02,9135
3055,蔚華科,20,6,14,群益金鼎-東大,2023-11-02,9135
5871,中租-KY,14,0,14,群益金鼎-東大,2023-11-02,9135
9933,中鼎,15,1,14,群益金鼎-東大,2023-11-02,9135
1784,訊聯,13,0,13,群益金鼎-東大,2023-11-02,9135
4743,合一,12,0,12,群益金鼎-東大,2023-11-02,9135
2634,漢翔,11,0,11,群益金鼎-東大,2023-11-02,9135
00680L,元大美債20正2,17,6,11,群益金鼎-東大,2023-11-02,9135
4915,致伸,11,0,11,群益金鼎-東大,2023-11-02,9135
2363,矽統,45,35,10,群益金鼎-東大,2023-11-02,9135
00900,富邦特選高股息30,10,0,10,群益金鼎-東大,2023-11-02,9135
3122,笙泉,14,4,10,群益金鼎-東大,2023-11-02,9135
00692,富邦公司治理,10,0,10,群益金鼎-東大,2023-11-02,9135
6269,台郡,10,0,10,群益金鼎-東大,2023-11-02,9135
5258,虹堡,16,6,10,群益金鼎-東大,2023-11-02,9135
3372,典範,10,0,10,群益金鼎-東大,2023-11-02,9135
8110,華東,10,0,10,群益金鼎-東大,2023-11-02,9135
00864B,中信美國公債0-1,10,0,10,群益金鼎-東大,2023-11-02,9135
5465,富驊,9,0,9,群益金鼎-東大,2023-11-02,9135
3704,合勤控,14,5,9,群益金鼎-東大,2023-11-02,9135
3715,定穎投控,191,182,9,群益金鼎-東大,2023-11-02,9135
3036,文曄,9,0,9,群益金鼎-東大,2023-11-02,9135
2736,富野,8,0,8,群益金鼎-東大,2023-11-02,9135
9955,佳龍,9,1,8,群益金鼎-東大,2023-11-02,9135
3685,元創精密,8,0,8,群益金鼎-東大,2023-11-02,9135
6139,亞翔,9,1,8,群益金鼎-東大,2023-11-02,9135
6122,擎邦,11,3,8,群益金鼎-東大,2023-11-02,9135
3163,波若威,10,2,8,群益金鼎-東大,2023-11-02,9135
2610,華航,26,18,8,群益金鼎-東大,2023-11-02,9135
3002,歐格,8,0,8,群益金鼎-東大,2023-11-02,9135
3169,亞信,18,10,8,群益金鼎-東大,2023-11-02,9135
2367,燿華,7,0,7,群益金鼎-東大,2023-11-02,9135
9938,百和,7,0,7,群益金鼎-東大,2023-11-02,9135
3264,欣銓,9,2,7,群益金鼎-東大,2023-11-02,9135
3024,憶聲,7,0,7,群益金鼎-東大,2023-11-02,9135
2356,英業達,6,0,6,群益金鼎-東大,2023-11-02,9135
1618,合機,6,0,6,群益金鼎-東大,2023-11-02,9135
00922,國泰台灣領袖50,5,0,5,群益金鼎-東大,2023-11-02,9135
8110,華東,131,15,116,群益金鼎-東大,2023-11-03,9135
00688L,國泰20年美債正2,128,20,108,群益金鼎-東大,2023-11-03,9135
00671R,富邦NASDAQ反1,65,21,44,群益金鼎-東大,2023-11-03,9135
2905,三商,45,1,44,群益金鼎-東大,2023-11-03,9135
00680L,元大美債20正2,48,15,33,群益金鼎-東大,2023-11-03,9135
00878,國泰永續高股息,39,6,33,群益金鼎-東大,2023-11-03,9135
00935,野村臺灣新科技50,31,0,31,群益金鼎-東大,2023-11-03,9135
5521,工信,35,5,30,群益金鼎-東大,2023-11-03,9135
2363,矽統,326,299,27,群益金鼎-東大,2023-11-03,9135
2516,新建,23,0,23,群益金鼎-東大,2023-11-03,9135
2634,漢翔,21,0,21,群益金鼎-東大,2023-11-03,9135
00669R,國泰美國道瓊反1,25,5,20,群益金鼎-東大,2023-11-03,9135
00929,復華台灣科技優息,47,27,20,群益金鼎-東大,2023-11-03,9135
1101,台泥,20,2,18,群益金鼎-東大,2023-11-03,9135
00687B,國泰20年美債,28,10,18,群益金鼎-東大,2023-11-03,9135
00673R,期元大S＆P原油反1,16,0,16,群益金鼎-東大,2023-11-03,9135
6640,均華,16,0,16,群益金鼎-東大,2023-11-03,9135
00919,群益台灣精選高息,19,4,15,群益金鼎-東大,2023-11-03,9135
3002,歐格,15,0,15,群益金鼎-東大,2023-11-03,9135
2317,鴻海,33,19,14,群益金鼎-東大,2023-11-03,9135
00934,中信成長高股息,14,0,14,群益金鼎-東大,2023-11-03,9135
2382,廣達,17,4,13,群益金鼎-東大,2023-11-03,9135
00900,富邦特選高股息30,11,1,10,群益金鼎-東大,2023-11-03,9135
2462,良得電,11,1,10,群益金鼎-東大,2023-11-03,9135
6288,聯嘉,10,0,10,群益金鼎-東大,2023-11-03,9135
00679B,元大美債20年,13,4,9,群益金鼎-東大,2023-11-03,9135
2727,王品,10,1,9,群益金鼎-東大,2023-11-03,9135
2367,燿華,10,1,9,群益金鼎-東大,2023-11-03,9135
3548,兆利,19,10,9,群益金鼎-東大,2023-11-03,9135
8054,安國,12,3,9,群益金鼎-東大,2023-11-03,9135
5607,遠雄港,10,2,8,群益金鼎-東大,2023-11-03,9135
2543,皇昌,9,1,8,群益金鼎-東大,2023-11-03,9135
6770,力積電,12,4,8,群益金鼎-東大,2023-11-03,9135
3231,緯創,32,25,7,群益金鼎-東大,2023-11-03,9135
00632R,元大台灣50反1,7,0,7,群益金鼎-東大,2023-11-03,9135
3588,通嘉,7,0,7,群益金鼎-東大,2023-11-03,9135
5483,中美晶,19,12,7,群益金鼎-東大,2023-11-03,9135
2301,光寶科,68,61,7,群益金鼎-東大,2023-11-03,9135
0056,元大高股息,7,0,7,群益金鼎-東大,2023-11-03,9135
00857B,永豐20年美公債,6,0,6,群益金鼎-東大,2023-11-03,9135
2610,華航,26,20,6,群益金鼎-東大,2023-11-03,9135
2417,圓剛,10,4,6,群益金鼎-東大,2023-11-03,9135
4714,永捷,6,0,6,群益金鼎-東大,2023-11-03,9135
6257,矽格,10,5,5,群益金鼎-東大,2023-11-03,9135
00753L,中信中國50正2,20,15,5,群益金鼎-東大,2023-11-03,9135
6117,迎廣,14,9,5,群益金鼎-東大,2023-11-03,9135
5272,笙科,5,0,5,群益金鼎-東大,2023-11-03,9135
3694,海華,10,5,5,群益金鼎-東大,2023-11-03,9135
5534,長虹,5,0,5,群益金鼎-東大,2023-11-03,9135
2426,鼎元,5,0,5,群益金鼎-東大,2023-11-03,9135
00632R,元大台灣50反1,104,0,104,群益金鼎-東大,2023-11-06,9135
00671R,富邦NASDAQ反1,97,0,97,群益金鼎-東大,2023-11-06,9135
00680L,元大美債20正2,52,13,39,群益金鼎-東大,2023-11-06,9135
5519,隆大,35,0,35,群益金鼎-東大,2023-11-06,9135
6770,力積電,46,11,35,群益金鼎-東大,2023-11-06,9135
2401,凌陽,59,27,32,群益金鼎-東大,2023-11-06,9135
2363,矽統,184,154,30,群益金鼎-東大,2023-11-06,9135
00715L,期街口布蘭特正2,30,0,30,群益金鼎-東大,2023-11-06,9135
00772B,中信高評級公司債,30,0,30,群益金鼎-東大,2023-11-06,9135
6122,擎邦,30,0,30,群益金鼎-東大,2023-11-06,9135
00669R,國泰美國道瓊反1,26,0,26,群益金鼎-東大,2023-11-06,9135
2486,一詮,37,14,23,群益金鼎-東大,2023-11-06,9135
3545,敦泰,23,0,23,群益金鼎-東大,2023-11-06,9135
00687B,國泰20年美債,19,1,18,群益金鼎-東大,2023-11-06,9135
00934,中信成長高股息,17,0,17,群益金鼎-東大,2023-11-06,9135
1721,三晃,28,11,17,群益金鼎-東大,2023-11-06,9135
00720B,元大投資級公司債,16,1,15,群益金鼎-東大,2023-11-06,9135
2537,聯上發,18,3,15,群益金鼎-東大,2023-11-06,9135
2426,鼎元,15,0,15,群益金鼎-東大,2023-11-06,9135
00882,中信中國高股息,14,0,14,群益金鼎-東大,2023-11-06,9135
2515,中工,14,0,14,群益金鼎-東大,2023-11-06,9135
3169,亞信,14,1,13,群益金鼎-東大,2023-11-06,9135
2498,宏達電,34,21,13,群益金鼎-東大,2023-11-06,9135
3322,建舜電,12,0,12,群益金鼎-東大,2023-11-06,9135
2062,橋椿,11,0,11,群益金鼎-東大,2023-11-06,9135
2615,萬海,10,0,10,群益金鼎-東大,2023-11-06,9135
8931,大汽電,10,0,10,群益金鼎-東大,2023-11-06,9135
00664R,國泰臺灣加權反1,10,0,10,群益金鼎-東大,2023-11-06,9135
2453,凌群,9,0,9,群益金鼎-東大,2023-11-06,9135
1524,耿鼎,11,2,9,群益金鼎-東大,2023-11-06,9135
2356,英業達,10,2,8,群益金鼎-東大,2023-11-06,9135
6538,倉和,8,0,8,群益金鼎-東大,2023-11-06,9135
2385,群光,8,0,8,群益金鼎-東大,2023-11-06,9135
4967,十銓,72,65,7,群益金鼎-東大,2023-11-06,9135
2748,雲品,9,2,7,群益金鼎-東大,2023-11-06,9135
2313,華通,8,1,7,群益金鼎-東大,2023-11-06,9135
3024,憶聲,7,0,7,群益金鼎-東大,2023-11-06,9135
00922,國泰台灣領袖50,6,0,6,群益金鼎-東大,2023-11-06,9135
3032,偉訓,10,4,6,群益金鼎-東大,2023-11-06,9135
3685,元創精密,6,0,6,群益金鼎-東大,2023-11-06,9135
3088,艾訊,6,0,6,群益金鼎-東大,2023-11-06,9135
00935,野村臺灣新科技50,7,1,6,群益金鼎-東大,2023-11-06,9135
6443,元晶,6,0,6,群益金鼎-東大,2023-11-06,9135
9924,福興,11,5,6,群益金鼎-東大,2023-11-06,9135
6133,金橋,6,1,5,群益金鼎-東大,2023-11-06,9135
00679B,元大美債20年,6,1,5,群益金鼎-東大,2023-11-06,9135
6695,芯鼎,15,10,5,群益金鼎-東大,2023-11-06,9135
2727,王品,5,0,5,群益金鼎-東大,2023-11-06,9135
00688L,國泰20年美債正2,5,0,5,群益金鼎-東大,2023-11-06,9135
5371,中光電,5,0,5,群益金鼎-東大,2023-11-06,9135
00687B,國泰20年美債,102,1,101,群益金鼎-東大,2023-11-07,9135
8046,南電,100,0,100,群益金鼎-東大,2023-11-07,9135
00934,中信成長高股息,53,0,53,群益金鼎-東大,2023-11-07,9135
00878,國泰永續高股息,45,3,42,群益金鼎-東大,2023-11-07,9135
4960,誠美材,35,1,34,群益金鼎-東大,2023-11-07,9135
3167,大量,30,0,30,群益金鼎-東大,2023-11-07,9135
00720B,元大投資級公司債,28,0,28,群益金鼎-東大,2023-11-07,9135
2736,富野,79,54,25,群益金鼎-東大,2023-11-07,9135
6603,富強鑫,41,18,23,群益金鼎-東大,2023-11-07,9135
00772B,中信高評級公司債,22,0,22,群益金鼎-東大,2023-11-07,9135
00712,復華富時不動產,27,5,22,群益金鼎-東大,2023-11-07,9135
00795B,中信美國公債20年,21,0,21,群益金鼎-東大,2023-11-07,9135
3060,銘異,21,1,20,群益金鼎-東大,2023-11-07,9135
00905,FT臺灣Smart,20,0,20,群益金鼎-東大,2023-11-07,9135
00632R,元大台灣50反1,15,0,15,群益金鼎-東大,2023-11-07,9135
00642U,期元大S＆P石油,15,0,15,群益金鼎-東大,2023-11-07,9135
2610,華航,15,1,14,群益金鼎-東大,2023-11-07,9135
00715L,期街口布蘭特正2,14,0,14,群益金鼎-東大,2023-11-07,9135
3013,晟銘電,15,2,13,群益金鼎-東大,2023-11-07,9135
00933B,國泰10Y+金融債,14,1,13,群益金鼎-東大,2023-11-07,9135
2317,鴻海,13,1,12,群益金鼎-東大,2023-11-07,9135
3041,揚智,17,5,12,群益金鼎-東大,2023-11-07,9135
1815,富喬,145,133,12,群益金鼎-東大,2023-11-07,9135
3685,元創精密,11,0,11,群益金鼎-東大,2023-11-07,9135
00706L,期元大S＆P日圓正2,11,0,11,群益金鼎-東大,2023-11-07,9135
3260,威剛,13,3,10,群益金鼎-東大,2023-11-07,9135
5434,崇越,10,0,10,群益金鼎-東大,2023-11-07,9135
2913,農林,11,1,10,群益金鼎-東大,2023-11-07,9135
00935,野村臺灣新科技50,10,0,10,群益金鼎-東大,2023-11-07,9135
6153,嘉聯益,10,0,10,群益金鼎-東大,2023-11-07,9135
00919,群益台灣精選高息,17,7,10,群益金鼎-東大,2023-11-07,9135
4915,致伸,10,0,10,群益金鼎-東大,2023-11-07,9135
00671R,富邦NASDAQ反1,10,0,10,群益金鼎-東大,2023-11-07,9135
3056,富華新,10,0,10,群益金鼎-東大,2023-11-07,9135
6679,鈺太,10,0,10,群益金鼎-東大,2023-11-07,9135
4714,永捷,10,0,10,群益金鼎-東大,2023-11-07,9135
1447,力鵬,9,0,9,群益金鼎-東大,2023-11-07,9135
6640,均華,9,0,9,群益金鼎-東大,2023-11-07,9135
00688L,國泰20年美債正2,8,0,8,群益金鼎-東大,2023-11-07,9135
6290,良維,23,16,7,群益金鼎-東大,2023-11-07,9135
2633,台灣高鐵,7,0,7,群益金鼎-東大,2023-11-07,9135
2449,京元電子,7,0,7,群益金鼎-東大,2023-11-07,9135
9924,福興,8,1,7,群益金鼎-東大,2023-11-07,9135
3317,尼克森,7,1,6,群益金鼎-東大,2023-11-07,9135
3141,晶宏,6,0,6,群益金鼎-東大,2023-11-07,9135
3006,晶豪科,18,12,6,群益金鼎-東大,2023-11-07,9135
3078,僑威,15,9,6,群益金鼎-東大,2023-11-07,9135
4967,十銓,14,8,6,群益金鼎-東大,2023-11-07,9135
2891,中信金,14,9,5,群益金鼎-東大,2023-11-07,9135
2359,所羅門,6,1,5,群益金鼎-東大,2023-11-07,9135
00936,台新永續高息中小,151,50,101,群益金鼎-東大,2023-11-08,9135
00671R,富邦NASDAQ反1,65,0,65,群益金鼎-東大,2023-11-08,9135
3594,磐儀,61,0,61,群益金鼎-東大,2023-11-08,9135
2382,廣達,122,65,57,群益金鼎-東大,2023-11-08,9135
00919,群益台灣精選高息,84,28,56,群益金鼎-東大,2023-11-08,9135
2630,亞航,55,3,52,群益金鼎-東大,2023-11-08,9135
2062,橋椿,51,0,51,群益金鼎-東大,2023-11-08,9135
00715L,期街口布蘭特正2,44,0,44,群益金鼎-東大,2023-11-08,9135
1815,富喬,77,41,36,群益金鼎-東大,2023-11-08,9135
3163,波若威,35,0,35,群益金鼎-東大,2023-11-08,9135
00669R,國泰美國道瓊反1,25,0,25,群益金鼎-東大,2023-11-08,9135
00632R,元大台灣50反1,24,0,24,群益金鼎-東大,2023-11-08,9135
3014,聯陽,30,6,24,群益金鼎-東大,2023-11-08,9135
1721,三晃,38,16,22,群益金鼎-東大,2023-11-08,9135
3032,偉訓,25,4,21,群益金鼎-東大,2023-11-08,9135
2515,中工,21,0,21,群益金鼎-東大,2023-11-08,9135
5272,笙科,20,0,20,群益金鼎-東大,2023-11-08,9135
2618,長榮航,28,8,20,群益金鼎-東大,2023-11-08,9135
1305,華夏,18,0,18,群益金鼎-東大,2023-11-08,9135
2323,中環,16,0,16,群益金鼎-東大,2023-11-08,9135
5347,世界,16,0,16,群益金鼎-東大,2023-11-08,9135
00712,復華富時不動產,16,0,16,群益金鼎-東大,2023-11-08,9135
4714,永捷,16,1,15,群益金鼎-東大,2023-11-08,9135
5533,皇鼎,15,0,15,群益金鼎-東大,2023-11-08,9135
2530,華建,18,4,14,群益金鼎-東大,2023-11-08,9135
8299,群聯,13,0,13,群益金鼎-東大,2023-11-08,9135
2355,敬鵬,12,0,12,群益金鼎-東大,2023-11-08,9135
6176,瑞儀,10,0,10,群益金鼎-東大,2023-11-08,9135
8467,波力-KY,10,0,10,群益金鼎-東大,2023-11-08,9135
00679B,元大美債20年,17,7,10,群益金鼎-東大,2023-11-08,9135
1906,寶隆,10,0,10,群益金鼎-東大,2023-11-08,9135
9944,新麗,10,0,10,群益金鼎-東大,2023-11-08,9135
6153,嘉聯益,10,0,10,群益金鼎-東大,2023-11-08,9135
2897,王道銀行,10,0,10,群益金鼎-東大,2023-11-08,9135
6603,富強鑫,12,3,9,群益金鼎-東大,2023-11-08,9135
3041,揚智,11,2,9,群益金鼎-東大,2023-11-08,9135
3346,麗清,8,0,8,群益金鼎-東大,2023-11-08,9135
2610,華航,18,10,8,群益金鼎-東大,2023-11-08,9135
1568,倉佑,17,9,8,群益金鼎-東大,2023-11-08,9135
2634,漢翔,11,3,8,群益金鼎-東大,2023-11-08,9135
1449,佳和,10,3,7,群益金鼎-東大,2023-11-08,9135
2436,偉詮電,7,0,7,群益金鼎-東大,2023-11-08,9135
00878,國泰永續高股息,11,4,7,群益金鼎-東大,2023-11-08,9135
6187,萬潤,8,2,6,群益金鼎-東大,2023-11-08,9135
2465,麗臺,7,1,6,群益金鼎-東大,2023-11-08,9135
2356,英業達,13,7,6,群益金鼎-東大,2023-11-08,9135
1795,美時,6,0,6,群益金鼎-東大,2023-11-08,9135
3491,昇達科,7,1,6,群益金鼎-東大,2023-11-08,9135
6185,幃翔,6,0,6,群益金鼎-東大,2023-11-08,9135
6243,迅杰,14,8,6,群益金鼎-東大,2023-11-08,9135
00936,台新永續高息中小,117,2,115,群益金鼎-東大,2023-11-09,9135
2905,三商,55,0,55,群益金鼎-東大,2023-11-09,9135
00680L,元大美債20正2,59,4,55,群益金鼎-東大,2023-11-09,9135
00715L,期街口布蘭特正2,42,0,42,群益金鼎-東大,2023-11-09,9135
5388,中磊,35,1,34,群益金鼎-東大,2023-11-09,9135
5519,隆大,25,0,25,群益金鼎-東大,2023-11-09,9135
6805,富世達,22,2,20,群益金鼎-東大,2023-11-09,9135
2634,漢翔,20,0,20,群益金鼎-東大,2023-11-09,9135
2002,中鋼,18,0,18,群益金鼎-東大,2023-11-09,9135
5347,世界,30,13,17,群益金鼎-東大,2023-11-09,9135
00632R,元大台灣50反1,16,0,16,群益金鼎-東大,2023-11-09,9135
2462,良得電,44,28,16,群益金鼎-東大,2023-11-09,9135
2233,宇隆,20,5,15,群益金鼎-東大,2023-11-09,9135
0050,元大台灣50,20,5,15,群益金鼎-東大,2023-11-09,9135
1307,三芳,14,0,14,群益金鼎-東大,2023-11-09,9135
3685,元創精密,14,0,14,群益金鼎-東大,2023-11-09,9135
9919,康那香,13,0,13,群益金鼎-東大,2023-11-09,9135
00679B,元大美債20年,19,7,12,群益金鼎-東大,2023-11-09,9135
5607,遠雄港,11,0,11,群益金鼎-東大,2023-11-09,9135
8043,蜜望實,11,0,11,群益金鼎-東大,2023-11-09,9135
6153,嘉聯益,10,0,10,群益金鼎-東大,2023-11-09,9135
2243,宏旭-KY,10,0,10,群益金鼎-東大,2023-11-09,9135
2887,台新金,10,0,10,群益金鼎-東大,2023-11-09,9135
3227,原相,36,26,10,群益金鼎-東大,2023-11-09,9135
2027,大成鋼,12,2,10,群益金鼎-東大,2023-11-09,9135
2515,中工,10,0,10,群益金鼎-東大,2023-11-09,9135
2204,中華,17,7,10,群益金鼎-東大,2023-11-09,9135
2630,亞航,15,6,9,群益金鼎-東大,2023-11-09,9135
2743,山富,18,9,9,群益金鼎-東大,2023-11-09,9135
8261,富鼎,10,1,9,群益金鼎-東大,2023-11-09,9135
3576,聯合再生,14,5,9,群益金鼎-東大,2023-11-09,9135
5523,豐謙,12,3,9,群益金鼎-東大,2023-11-09,9135
1522,堤維西,10,1,9,群益金鼎-東大,2023-11-09,9135
3346,麗清,9,0,9,群益金鼎-東大,2023-11-09,9135
6285,啟��,15,6,9,群益金鼎-東大,2023-11-09,9135
2313,華通,28,20,8,群益金鼎-東大,2023-11-09,9135
2427,三商電,13,5,8,群益金鼎-東大,2023-11-09,9135
4128,中天,11,3,8,群益金鼎-東大,2023-11-09,9135
6640,均華,8,0,8,群益金鼎-東大,2023-11-09,9135
3078,僑威,14,7,7,群益金鼎-東大,2023-11-09,9135
6176,瑞儀,7,0,7,群益金鼎-東大,2023-11-09,9135
2439,美律,9,2,7,群益金鼎-東大,2023-11-09,9135
6161,捷波,10,3,7,群益金鼎-東大,2023-11-09,9135
4581,光隆精密-KY,8,1,7,群益金鼎-東大,2023-11-09,9135
1314,中石化,33,26,7,群益金鼎-東大,2023-11-09,9135
6593,台灣銘板,9,2,7,群益金鼎-東大,2023-11-09,9135
8044,網家,12,5,7,群益金鼎-東大,2023-11-09,9135
5525,順天,6,0,6,群益金鼎-東大,2023-11-09,9135
6147,頎邦,6,0,6,群益金鼎-東大,2023-11-09,9135
4908,前鼎,13,7,6,群益金鼎-東大,2023-11-09,9135
2618,長榮航,120,16,104,群益金鼎-東大,2023-11-10,9135
00878,國泰永續高股息,53,1,52,群益金鼎-東大,2023-11-10,9135
00687B,國泰20年美債,29,0,29,群益金鼎-東大,2023-11-10,9135
4967,十銓,149,123,26,群益金鼎-東大,2023-11-10,9135
2486,一詮,28,3,25,群益金鼎-東大,2023-11-10,9135
3041,揚智,112,90,22,群益金鼎-東大,2023-11-10,9135
2313,華通,67,46,21,群益金鼎-東大,2023-11-10,9135
00933B,國泰10Y+金融債,21,0,21,群益金鼎-東大,2023-11-10,9135
00715L,期街口布蘭特正2,21,0,21,群益金鼎-東大,2023-11-10,9135
00931B,統一美債20年,56,35,21,群益金鼎-東大,2023-11-10,9135
00929,復華台灣科技優息,21,1,20,群益金鼎-東大,2023-11-10,9135
00919,群益台灣精選高息,22,2,20,群益金鼎-東大,2023-11-10,9135
6188,廣明,21,1,20,群益金鼎-東大,2023-11-10,9135
2834,臺企銀,20,1,19,群益金鼎-東大,2023-11-10,9135
00632R,元大台灣50反1,18,0,18,群益金鼎-東大,2023-11-10,9135
2462,良得電,17,0,17,群益金鼎-東大,2023-11-10,9135
00688L,國泰20年美債正2,16,0,16,群益金鼎-東大,2023-11-10,9135
4552,力達-KY,16,0,16,群益金鼎-東大,2023-11-10,9135
6138,茂達,31,15,16,群益金鼎-東大,2023-11-10,9135
2233,宇隆,15,0,15,群益金鼎-東大,2023-11-10,9135
3205,佰研,19,5,14,群益金鼎-東大,2023-11-10,9135
3231,緯創,56,42,14,群益金鼎-東大,2023-11-10,9135
00720B,元大投資級公司債,13,0,13,群益金鼎-東大,2023-11-10,9135
2301,光寶科,40,28,12,群益金鼎-東大,2023-11-10,9135
3260,威剛,24,13,11,群益金鼎-東大,2023-11-10,9135
6176,瑞儀,11,0,11,群益金鼎-東大,2023-11-10,9135
3056,富華新,10,0,10,群益金鼎-東大,2023-11-10,9135
4763,材料-KY,19,9,10,群益金鼎-東大,2023-11-10,9135
2415,錩新,10,0,10,群益金鼎-東大,2023-11-10,9135
00885,富邦越南,10,0,10,群益金鼎-東大,2023-11-10,9135
3078,僑威,10,1,9,群益金鼎-東大,2023-11-10,9135
1515,力山,15,6,9,群益金鼎-東大,2023-11-10,9135
8111,立��,10,1,9,群益金鼎-東大,2023-11-10,9135
4129,聯合,11,2,9,群益金鼎-東大,2023-11-10,9135
3202,樺晟,9,0,9,群益金鼎-東大,2023-11-10,9135
3685,元創精密,9,0,9,群益金鼎-東大,2023-11-10,9135
2399,映泰,31,22,9,群益金鼎-東大,2023-11-10,9135
2387,精元,9,0,9,群益金鼎-東大,2023-11-10,9135
8176,智捷,10,1,9,群益金鼎-東大,2023-11-10,9135
2436,偉詮電,8,0,8,群益金鼎-東大,2023-11-10,9135
2423,固緯,8,0,8,群益金鼎-東大,2023-11-10,9135
6203,海韻電,11,3,8,群益金鼎-東大,2023-11-10,9135
6593,台灣銘板,8,0,8,群益金鼎-東大,2023-11-10,9135
3706,神達,7,0,7,群益金鼎-東大,2023-11-10,9135
2496,卓越,7,0,7,群益金鼎-東大,2023-11-10,9135
1522,堤維西,7,0,7,群益金鼎-東大,2023-11-10,9135
1455,集盛,7,0,7,群益金鼎-東大,2023-11-10,9135
3715,定穎投控,9,2,7,群益金鼎-東大,2023-11-10,9135
00936,台新永續高息中小,9,3,6,群益金鼎-東大,2023-11-10,9135
2402,毅嘉,6,0,6,群益金鼎-東大,2023-11-10,9135
2369,菱生,133,20,113,群益金鼎-東大,2023-11-13,9135
00632R,元大台灣50反1,82,0,82,群益金鼎-東大,2023-11-13,9135
8163,達方,40,1,39,群益金鼎-東大,2023-11-13,9135
2462,良得電,39,0,39,群益金鼎-東大,2023-11-13,9135
00669R,國泰美國道瓊反1,25,0,25,群益金鼎-東大,2023-11-13,9135
00751B,元大AAA至A公司債,25,0,25,群益金鼎-東大,2023-11-13,9135
00671R,富邦NASDAQ反1,25,0,25,群益金鼎-東大,2023-11-13,9135
2630,亞航,24,2,22,群益金鼎-東大,2023-11-13,9135
2382,廣達,28,8,20,群益金鼎-東大,2023-11-13,9135
2485,兆赫,20,0,20,群益金鼎-東大,2023-11-13,9135
3128,昇銳,18,1,17,群益金鼎-東大,2023-11-13,9135
00679B,元大美債20年,17,4,13,群益金鼎-東大,2023-11-13,9135
2426,鼎元,13,0,13,群益金鼎-東大,2023-11-13,9135
6901,鑽石投資,13,0,13,群益金鼎-東大,2023-11-13,9135
4714,永捷,43,31,12,群益金鼎-東大,2023-11-13,9135
1504,東元,12,0,12,群益金鼎-東大,2023-11-13,9135
2363,矽統,60,48,12,群益金鼎-東大,2023-11-13,9135
2427,三商電,20,8,12,群益金鼎-東大,2023-11-13,9135
4743,合一,17,6,11,群益金鼎-東大,2023-11-13,9135
2408,南亞科,48,37,11,群益金鼎-東大,2023-11-13,9135
00680L,元大美債20正2,11,0,11,群益金鼎-東大,2023-11-13,9135
6805,富世達,11,0,11,群益金鼎-東大,2023-11-13,9135
00688L,國泰20年美債正2,11,0,11,群益金鼎-東大,2023-11-13,9135
3444,利機,23,13,10,群益金鼎-東大,2023-11-13,9135
6668,中揚光,10,0,10,群益金鼎-東大,2023-11-13,9135
1449,佳和,10,0,10,群益金鼎-東大,2023-11-13,9135
3530,晶相光,10,0,10,群益金鼎-東大,2023-11-13,9135
2731,雄獅,10,0,10,群益金鼎-東大,2023-11-13,9135
00934,中信成長高股息,10,0,10,群益金鼎-東大,2023-11-13,9135
2929,淘帝-KY,10,0,10,群益金鼎-東大,2023-11-13,9135
00715L,期街口布蘭特正2,11,2,9,群益金鼎-東大,2023-11-13,9135
6237,驊訊,10,1,9,群益金鼎-東大,2023-11-13,9135
3188,鑫龍騰,9,0,9,群益金鼎-東大,2023-11-13,9135
8034,榮群,15,7,8,群益金鼎-東大,2023-11-13,9135
2610,華航,13,5,8,群益金鼎-東大,2023-11-13,9135
4977,眾達-KY,8,0,8,群益金鼎-東大,2023-11-13,9135
6187,萬潤,21,13,8,群益金鼎-東大,2023-11-13,9135
2838A,聯邦銀甲特,7,0,7,群益金鼎-東大,2023-11-13,9135
3062,建漢,7,0,7,群益金鼎-東大,2023-11-13,9135
3138,耀登,7,0,7,群益金鼎-東大,2023-11-13,9135
1515,力山,21,14,7,群益金鼎-東大,2023-11-13,9135
00687B,國泰20年美債,6,0,6,群益金鼎-東大,2023-11-13,9135
00795B,中信美國公債20年,6,0,6,群益金鼎-東大,2023-11-13,9135
00932,兆豐永續高息等權,6,0,6,群益金鼎-東大,2023-11-13,9135
2439,美律,10,4,6,群益金鼎-東大,2023-11-13,9135
1584,精剛,5,0,5,群益金鼎-東大,2023-11-13,9135
4722,國精化,5,0,5,群益金鼎-東大,2023-11-13,9135
5355,佳總,5,0,5,群益金鼎-東大,2023-11-13,9135
8358,金居,5,0,5,群益金鼎-東大,2023-11-13,9135
3685,元創精密,5,0,5,群益金鼎-東大,2023-11-13,9135
00632R,元大台灣50反1,151,0,151,群益金鼎-東大,2023-11-14,9135
00688L,國泰20年美債正2,77,0,77,群益金鼎-東大,2023-11-14,9135
2543,皇昌,87,20,67,群益金鼎-東大,2023-11-14,9135
3231,緯創,71,7,64,群益金鼎-東大,2023-11-14,9135
00753L,中信中國50正2,51,0,51,群益金鼎-東大,2023-11-14,9135
2353,宏��,52,4,48,群益金鼎-東大,2023-11-14,9135
2363,矽統,104,65,39,群益金鼎-東大,2023-11-14,9135
1815,富喬,40,1,39,群益金鼎-東大,2023-11-14,9135
3704,合勤控,34,0,34,群益金鼎-東大,2023-11-14,9135
00671R,富邦NASDAQ反1,30,0,30,群益金鼎-東大,2023-11-14,9135
00696B,富邦美債20年,30,0,30,群益金鼎-東大,2023-11-14,9135
2329,華泰,48,24,24,群益金鼎-東大,2023-11-14,9135
00929,復華台灣科技優息,22,0,22,群益金鼎-東大,2023-11-14,9135
0050,元大台灣50,24,3,21,群益金鼎-東大,2023-11-14,9135
6695,芯鼎,20,0,20,群益金鼎-東大,2023-11-14,9135
3672,康聯訊,20,0,20,群益金鼎-東大,2023-11-14,9135
5519,隆大,20,0,20,群益金鼎-東大,2023-11-14,9135
2062,橋椿,19,0,19,群益金鼎-東大,2023-11-14,9135
3059,華晶科,17,0,17,群益金鼎-東大,2023-11-14,9135
6122,擎邦,436,422,14,群益金鼎-東大,2023-11-14,9135
3163,波若威,12,0,12,群益金鼎-東大,2023-11-14,9135
1540,喬福,12,0,12,群益金鼎-東大,2023-11-14,9135
00751B,元大AAA至A公司債,11,0,11,群益金鼎-東大,2023-11-14,9135
4128,中天,13,2,11,群益金鼎-東大,2023-11-14,9135
1609,大亞,11,0,11,群益金鼎-東大,2023-11-14,9135
2402,毅嘉,46,35,11,群益金鼎-東大,2023-11-14,9135
00850,元大臺灣ESG永續,11,0,11,群益金鼎-東大,2023-11-14,9135
2313,華通,27,17,10,群益金鼎-東大,2023-11-14,9135
5465,富驊,15,5,10,群益金鼎-東大,2023-11-14,9135
00936,台新永續高息中小,10,0,10,群益金鼎-東大,2023-11-14,9135
1524,耿鼎,10,0,10,群益金鼎-東大,2023-11-14,9135
3706,神達,10,0,10,群益金鼎-東大,2023-11-14,9135
00900,富邦特選高股息30,10,0,10,群益金鼎-東大,2023-11-14,9135
00673R,期元大S＆P原油反1,10,0,10,群益金鼎-東大,2023-11-14,9135
6216,居易,10,0,10,群益金鼎-東大,2023-11-14,9135
8088,品安,9,0,9,群益金鼎-東大,2023-11-14,9135
00665L,富邦�琤肭磪囓�2,18,10,8,群益金鼎-東大,2023-11-14,9135
3005,神基,8,0,8,群益金鼎-東大,2023-11-14,9135
6176,瑞儀,8,0,8,群益金鼎-東大,2023-11-14,9135
2516,新建,8,0,8,群益金鼎-東大,2023-11-14,9135
8210,勤誠,16,8,8,群益金鼎-東大,2023-11-14,9135
6231,系微,8,0,8,群益金鼎-東大,2023-11-14,9135
3545,敦泰,23,15,8,群益金鼎-東大,2023-11-14,9135
2606,裕民,11,4,7,群益金鼎-東大,2023-11-14,9135
6127,九豪,9,2,7,群益金鼎-東大,2023-11-14,9135
3260,威剛,15,8,7,群益金鼎-東大,2023-11-14,9135
1477,聚陽,6,0,6,群益金鼎-東大,2023-11-14,9135
00679B,元大美債20年,7,1,6,群益金鼎-東大,2023-11-14,9135
2369,菱生,10,4,6,群益金鼎-東大,2023-11-14,9135
6143,振曜,7,1,6,群益金鼎-東大,2023-11-14,9135
00687B,國泰20年美債,202,0,202,群益金鼎-東大,2023-11-15,9135
00671R,富邦NASDAQ反1,75,0,75,群益金鼎-東大,2023-11-15,9135
3594,磐儀,64,0,64,群益金鼎-東大,2023-11-15,9135
00878,國泰永續高股息,57,1,56,群益金鼎-東大,2023-11-15,9135
2542,興富發,55,0,55,群益金鼎-東大,2023-11-15,9135
00669R,國泰美國道瓊反1,35,0,35,群益金鼎-東大,2023-11-15,9135
2062,橋椿,36,1,35,群益金鼎-東大,2023-11-15,9135
00664R,國泰臺灣加權反1,35,0,35,群益金鼎-東大,2023-11-15,9135
00751B,元大AAA至A公司債,35,2,33,群益金鼎-東大,2023-11-15,9135
00923,群益台ESG低碳50,30,0,30,群益金鼎-東大,2023-11-15,9135
2883,凱基金,36,6,30,群益金鼎-東大,2023-11-15,9135
4966,譜瑞-KY,31,2,29,群益金鼎-東大,2023-11-15,9135
6691,洋基工程,28,2,26,群益金鼎-東大,2023-11-15,9135
00888,永豐台灣ESG,25,0,25,群益金鼎-東大,2023-11-15,9135
1907,永豐餘,66,45,21,群益金鼎-東大,2023-11-15,9135
6589,台康生技,21,0,21,群益金鼎-東大,2023-11-15,9135
5388,中磊,21,0,21,群益金鼎-東大,2023-11-15,9135
00922,國泰台灣領袖50,27,8,19,群益金鼎-東大,2023-11-15,9135
00795B,中信美國公債20年,19,0,19,群益金鼎-東大,2023-11-15,9135
4401,東隆興,20,1,19,群益金鼎-東大,2023-11-15,9135
3701,大眾控,21,3,18,群益金鼎-東大,2023-11-15,9135
6274,台燿,47,29,18,群益金鼎-東大,2023-11-15,9135
3312,弘憶股,17,1,16,群益金鼎-東大,2023-11-15,9135
4162,智擎,15,0,15,群益金鼎-東大,2023-11-15,9135
3376,新日興,47,32,15,群益金鼎-東大,2023-11-15,9135
6457,紘康,35,20,15,群益金鼎-東大,2023-11-15,9135
2317,鴻海,23,10,13,群益金鼎-東大,2023-11-15,9135
3706,神達,13,0,13,群益金鼎-東大,2023-11-15,9135
2359,所羅門,15,3,12,群益金鼎-東大,2023-11-15,9135
9924,福興,12,0,12,群益金鼎-東大,2023-11-15,9135
8093,保銳,12,0,12,群益金鼎-東大,2023-11-15,9135
1319,東陽,11,0,11,群益金鼎-東大,2023-11-15,9135
2436,偉詮電,18,7,11,群益金鼎-東大,2023-11-15,9135
2516,新建,14,3,11,群益金鼎-東大,2023-11-15,9135
3013,晟銘電,12,2,10,群益金鼎-東大,2023-11-15,9135
3380,明泰,10,0,10,群益金鼎-東大,2023-11-15,9135
6216,居易,10,0,10,群益金鼎-東大,2023-11-15,9135
2382,廣達,13,3,10,群益金鼎-東大,2023-11-15,9135
00679B,元大美債20年,13,5,8,群益金鼎-東大,2023-11-15,9135
00929,復華台灣科技優息,22,14,8,群益金鼎-東大,2023-11-15,9135
3094,聯傑,8,0,8,群益金鼎-東大,2023-11-15,9135
2371,大同,12,4,8,群益金鼎-東大,2023-11-15,9135
00720B,元大投資級公司債,7,0,7,群益金鼎-東大,2023-11-15,9135
00933B,國泰10Y+金融債,8,1,7,群益金鼎-東大,2023-11-15,9135
2402,毅嘉,11,4,7,群益金鼎-東大,2023-11-15,9135
3163,波若威,10,3,7,群益金鼎-東大,2023-11-15,9135
00692,富邦公司治理,10,3,7,群益金鼎-東大,2023-11-15,9135
3202,樺晟,7,0,7,群益金鼎-東大,2023-11-15,9135
2838A,聯邦銀甲特,7,0,7,群益金鼎-東大,2023-11-15,9135
2449,京元電子,11,4,7,群益金鼎-東大,2023-11-15,9135
4113,聯上,1356,0,1356,群益金鼎-東大,2023-11-16,9135
00637L,元大滬深300正2,124,0,124,群益金鼎-東大,2023-11-16,9135
2610,華航,153,41,112,群益金鼎-東大,2023-11-16,9135
00878,國泰永續高股息,93,31,62,群益金鼎-東大,2023-11-16,9135
1815,富喬,63,4,59,群益金鼎-東大,2023-11-16,9135
2618,長榮航,90,32,58,群益金鼎-東大,2023-11-16,9135
6264,富裔,50,0,50,群益金鼎-東大,2023-11-16,9135
2542,興富發,50,0,50,群益金鼎-東大,2023-11-16,9135
00632R,元大台灣50反1,42,0,42,群益金鼎-東大,2023-11-16,9135
5864,致和證,40,0,40,群益金鼎-東大,2023-11-16,9135
2399,映泰,40,0,40,群益金鼎-東大,2023-11-16,9135
00929,復華台灣科技優息,44,11,33,群益金鼎-東大,2023-11-16,9135
00679B,元大美債20年,33,0,33,群益金鼎-東大,2023-11-16,9135
00688L,國泰20年美債正2,32,0,32,群益金鼎-東大,2023-11-16,9135
2426,鼎元,34,4,30,群益金鼎-東大,2023-11-16,9135
6188,廣明,31,1,30,群益金鼎-東大,2023-11-16,9135
00795B,中信美國公債20年,27,0,27,群益金鼎-東大,2023-11-16,9135
2329,華泰,131,106,25,群益金鼎-東大,2023-11-16,9135
00715L,期街口布蘭特正2,25,0,25,群益金鼎-東大,2023-11-16,9135
2352,佳世達,23,0,23,群益金鼎-東大,2023-11-16,9135
00720B,元大投資級公司債,26,5,21,群益金鼎-東大,2023-11-16,9135
2344,華邦電,48,27,21,群益金鼎-東大,2023-11-16,9135
00687B,國泰20年美債,20,0,20,群益金鼎-東大,2023-11-16,9135
2349,錸德,20,0,20,群益金鼎-東大,2023-11-16,9135
00885,富邦越南,20,0,20,群益金鼎-東大,2023-11-16,9135
3231,緯創,35,16,19,群益金鼎-東大,2023-11-16,9135
6187,萬潤,15,0,15,群益金鼎-東大,2023-11-16,9135
2743,山富,22,7,15,群益金鼎-東大,2023-11-16,9135
2537,聯上發,15,0,15,群益金鼎-東大,2023-11-16,9135
00931B,統一美債20年,55,40,15,群益金鼎-東大,2023-11-16,9135
00751B,元大AAA至A公司債,25,11,14,群益金鼎-東大,2023-11-16,9135
00680L,元大美債20正2,14,0,14,群益金鼎-東大,2023-11-16,9135
9924,福興,14,0,14,群益金鼎-東大,2023-11-16,9135
00915,凱基優選高股息30,13,0,13,群益金鼎-東大,2023-11-16,9135
8028,昇陽半導體,13,0,13,群益金鼎-東大,2023-11-16,9135
2905,三商,14,1,13,群益金鼎-東大,2023-11-16,9135
3218,大學光,12,0,12,群益金鼎-東大,2023-11-16,9135
6138,茂達,12,0,12,群益金鼎-東大,2023-11-16,9135
3323,加百裕,12,0,12,群益金鼎-東大,2023-11-16,9135
6216,居易,12,0,12,群益金鼎-東大,2023-11-16,9135
2401,凌陽,18,7,11,群益金鼎-東大,2023-11-16,9135
4743,合一,12,1,11,群益金鼎-東大,2023-11-16,9135
00919,群益台灣精選高息,10,0,10,群益金鼎-東大,2023-11-16,9135
3715,定穎投控,13,3,10,群益金鼎-東大,2023-11-16,9135
00935,野村臺灣新科技50,10,0,10,群益金鼎-東大,2023-11-16,9135
3303,岱稜,10,0,10,群益金鼎-東大,2023-11-16,9135
4909,新復興,10,0,10,群益金鼎-東大,2023-11-16,9135
00719B,元大美債1-3,10,0,10,群益金鼎-東大,2023-11-16,9135
2301,光寶科,50,40,10,群益金鼎-東大,2023-11-16,9135
2010,春源,10,0,10,群益金鼎-東大,2023-11-16,9135
4113,聯上,691,0,691,群益金鼎-東大,2023-11-17,9135
6156,松上,225,2,223,群益金鼎-東大,2023-11-17,9135
00632R,元大台灣50反1,109,0,109,群益金鼎-東大,2023-11-17,9135
00929,復華台灣科技優息,80,15,65,群益金鼎-東大,2023-11-17,9135
1504,東元,58,6,52,群益金鼎-東大,2023-11-17,9135
8150,南茂,50,0,50,群益金鼎-東大,2023-11-17,9135
2542,興富發,42,0,42,群益金鼎-東大,2023-11-17,9135
2883,凱基金,44,6,38,群益金鼎-東大,2023-11-17,9135
2405,輔信,35,0,35,群益金鼎-東大,2023-11-17,9135
2363,矽統,101,69,32,群益金鼎-東大,2023-11-17,9135
00715L,期街口布蘭特正2,34,2,32,群益金鼎-東大,2023-11-17,9135
3701,大眾控,47,20,27,群益金鼎-東大,2023-11-17,9135
2426,鼎元,27,0,27,群益金鼎-東大,2023-11-17,9135
00751B,元大AAA至A公司債,60,35,25,群益金鼎-東大,2023-11-17,9135
00795B,中信美國公債20年,25,0,25,群益金鼎-東大,2023-11-17,9135
3094,聯傑,26,2,24,群益金鼎-東大,2023-11-17,9135
2371,大同,21,0,21,群益金鼎-東大,2023-11-17,9135
2312,金寶,21,0,21,群益金鼎-東大,2023-11-17,9135
5388,中磊,28,8,20,群益金鼎-東大,2023-11-17,9135
2417,圓剛,39,19,20,群益金鼎-東大,2023-11-17,9135
6457,紘康,45,26,19,群益金鼎-東大,2023-11-17,9135
2355,敬鵬,37,18,19,群益金鼎-東大,2023-11-17,9135
00712,復華富時不動產,18,0,18,群益金鼎-東大,2023-11-17,9135
4533,協易機,18,1,17,群益金鼎-東大,2023-11-17,9135
2705,六福,44,29,15,群益金鼎-東大,2023-11-17,9135
4744,皇將,15,1,14,群益金鼎-東大,2023-11-17,9135
1303,南亞,20,6,14,群益金鼎-東大,2023-11-17,9135
2610,華航,37,24,13,群益金鼎-東大,2023-11-17,9135
00919,群益台灣精選高息,14,1,13,群益金鼎-東大,2023-11-17,9135
00692,富邦公司治理,11,0,11,群益金鼎-東大,2023-11-17,9135
2027,大成鋼,11,0,11,群益金鼎-東大,2023-11-17,9135
2618,長榮航,61,50,11,群益金鼎-東大,2023-11-17,9135
00878,國泰永續高股息,17,6,11,群益金鼎-東大,2023-11-17,9135
3149,正達,11,1,10,群益金鼎-東大,2023-11-17,9135
3017,奇鋐,12,2,10,群益金鼎-東大,2023-11-17,9135
5864,致和證,10,0,10,群益金鼎-東大,2023-11-17,9135
4106,雃博,10,0,10,群益金鼎-東大,2023-11-17,9135
3669,圓展,12,2,10,群益金鼎-東大,2023-11-17,9135
4909,新復興,10,0,10,群益金鼎-東大,2023-11-17,9135
00633L,富邦上証正2,10,0,10,群益金鼎-東大,2023-11-17,9135
6216,居易,10,0,10,群益金鼎-東大,2023-11-17,9135
2537,聯上發,10,0,10,群益金鼎-東大,2023-11-17,9135
3031,佰鴻,10,0,10,群益金鼎-東大,2023-11-17,9135
00877,復華中國5G,10,0,10,群益金鼎-東大,2023-11-17,9135
6271,同欣電,10,1,9,群益金鼎-東大,2023-11-17,9135
1314,中石化,10,1,9,群益金鼎-東大,2023-11-17,9135
2543,皇昌,18,9,9,群益金鼎-東大,2023-11-17,9135
3218,大學光,10,2,8,群益金鼎-東大,2023-11-17,9135
8358,金居,9,1,8,群益金鼎-東大,2023-11-17,9135
6640,均華,8,0,8,群益金鼎-東大,2023-11-17,9135
4113,聯上,270,0,270,群益金鼎-東大,2023-11-20,9135
3312,弘憶股,263,2,261,群益金鼎-東大,2023-11-20,9135
2618,長榮航,144,37,107,群益金鼎-東大,2023-11-20,9135
00929,復華台灣科技優息,86,15,71,群益金鼎-東大,2023-11-20,9135
3056,富華新,70,0,70,群益金鼎-東大,2023-11-20,9135
2888,新光金,65,0,65,群益金鼎-東大,2023-11-20,9135
00751B,元大AAA至A公司債,63,0,63,群益金鼎-東大,2023-11-20,9135
00885,富邦越南,51,0,51,群益金鼎-東大,2023-11-20,9135
00715L,期街口布蘭特正2,60,10,50,群益金鼎-東大,2023-11-20,9135
6457,紘康,59,18,41,群益金鼎-東大,2023-11-20,9135
3013,晟銘電,29,1,28,群益金鼎-東大,2023-11-20,9135
00706L,期元大S＆P日圓正2,27,0,27,群益金鼎-東大,2023-11-20,9135
2537,聯上發,25,0,25,群益金鼎-東大,2023-11-20,9135
00664R,國泰臺灣加權反1,25,0,25,群益金鼎-東大,2023-11-20,9135
00795B,中信美國公債20年,24,0,24,群益金鼎-東大,2023-11-20,9135
2332,友訊,24,0,24,群益金鼎-東大,2023-11-20,9135
3024,憶聲,22,0,22,群益金鼎-東大,2023-11-20,9135
1524,耿鼎,28,9,19,群益金鼎-東大,2023-11-20,9135
6684,安格,26,7,19,群益金鼎-東大,2023-11-20,9135
3706,神達,22,4,18,群益金鼎-東大,2023-11-20,9135
3231,緯創,29,11,18,群益金鼎-東大,2023-11-20,9135
00919,群益台灣精選高息,27,9,18,群益金鼎-東大,2023-11-20,9135
00673R,期元大S＆P原油反1,17,0,17,群益金鼎-東大,2023-11-20,9135
00878,國泰永續高股息,16,1,15,群益金鼎-東大,2023-11-20,9135
3694,海華,15,1,14,群益金鼎-東大,2023-11-20,9135
2014,中鴻,14,0,14,群益金鼎-東大,2023-11-20,9135
6257,矽格,13,0,13,群益金鼎-東大,2023-11-20,9135
00936,台新永續高息中小,13,0,13,群益金鼎-東大,2023-11-20,9135
00679B,元大美債20年,12,0,12,群益金鼎-東大,2023-11-20,9135
3035,智原,21,9,12,群益金鼎-東大,2023-11-20,9135
3363,上詮,11,0,11,群益金鼎-東大,2023-11-20,9135
4550,長佳,11,0,11,群益金鼎-東大,2023-11-20,9135
2402,毅嘉,26,15,11,群益金鼎-東大,2023-11-20,9135
2834,臺企銀,12,1,11,群益金鼎-東大,2023-11-20,9135
8034,榮群,16,5,11,群益金鼎-東大,2023-11-20,9135
2884,玉山金,10,0,10,群益金鼎-東大,2023-11-20,9135
6283,淳安,10,0,10,群益金鼎-東大,2023-11-20,9135
1598,岱宇,11,1,10,群益金鼎-東大,2023-11-20,9135
9950,萬國通,10,0,10,群益金鼎-東大,2023-11-20,9135
6216,居易,10,0,10,群益金鼎-東大,2023-11-20,9135
4909,新復興,10,0,10,群益金鼎-東大,2023-11-20,9135
6411,晶焱,15,5,10,群益金鼎-東大,2023-11-20,9135
00856B,永豐1-3年美公債,10,0,10,群益金鼎-東大,2023-11-20,9135
6668,中揚光,10,0,10,群益金鼎-東大,2023-11-20,9135
3078,僑威,11,1,10,群益金鼎-東大,2023-11-20,9135
2409,友達,10,0,10,群益金鼎-東大,2023-11-20,9135
6168,宏齊,11,1,10,群益金鼎-東大,2023-11-20,9135
3362,先進光,10,1,9,群益金鼎-東大,2023-11-20,9135
2610,華航,38,29,9,群益金鼎-東大,2023-11-20,9135
2382,廣達,25,16,9,群益金鼎-東大,2023-11-20,9135
3701,大眾控,157,5,152,群益金鼎-東大,2023-11-21,9135
00671R,富邦NASDAQ反1,135,0,135,群益金鼎-東大,2023-11-21,9135
3305,昇貿,102,4,98,群益金鼎-東大,2023-11-21,9135
00673R,期元大S＆P原油反1,67,0,67,群益金鼎-東大,2023-11-21,9135
2062,橋椿,53,0,53,群益金鼎-東大,2023-11-21,9135
00632R,元大台灣50反1,47,4,43,群益金鼎-東大,2023-11-21,9135
00669R,國泰美國道瓊反1,27,0,27,群益金鼎-東大,2023-11-21,9135
2382,廣達,32,5,27,群益金鼎-東大,2023-11-21,9135
6202,盛群,26,0,26,群益金鼎-東大,2023-11-21,9135
00664R,國泰臺灣加權反1,26,0,26,群益金鼎-東大,2023-11-21,9135
00929,復華台灣科技優息,38,14,24,群益金鼎-東大,2023-11-21,9135
00936,台新永續高息中小,24,0,24,群益金鼎-東大,2023-11-21,9135
3715,定穎投控,90,66,24,群益金鼎-東大,2023-11-21,9135
2303,聯電,34,10,24,群益金鼎-東大,2023-11-21,9135
00712,復華富時不動產,20,0,20,群益金鼎-東大,2023-11-21,9135
6237,驊訊,24,6,18,群益金鼎-東大,2023-11-21,9135
6233,旺玖,55,37,18,群益金鼎-東大,2023-11-21,9135
2905,三商,18,0,18,群益金鼎-東大,2023-11-21,9135
3706,神達,23,7,16,群益金鼎-東大,2023-11-21,9135
5403,中菲,16,1,15,群益金鼎-東大,2023-11-21,9135
2355,敬鵬,25,11,14,群益金鼎-東大,2023-11-21,9135
2426,鼎元,14,0,14,群益金鼎-東大,2023-11-21,9135
00679B,元大美債20年,12,0,12,群益金鼎-東大,2023-11-21,9135
2344,華邦電,11,0,11,群益金鼎-東大,2023-11-21,9135
1447,力鵬,11,0,11,群益金鼎-東大,2023-11-21,9135
2605,新興,10,0,10,群益金鼎-東大,2023-11-21,9135
00795B,中信美國公債20年,12,2,10,群益金鼎-東大,2023-11-21,9135
6640,均華,10,0,10,群益金鼎-東大,2023-11-21,9135
4108,懷特,10,0,10,群益金鼎-東大,2023-11-21,9135
6216,居易,11,1,10,群益金鼎-東大,2023-11-21,9135
00720B,元大投資級公司債,11,1,10,群益金鼎-東大,2023-11-21,9135
8171,天宇,10,0,10,群益金鼎-東大,2023-11-21,9135
3032,偉訓,9,0,9,群益金鼎-東大,2023-11-21,9135
1319,東陽,11,2,9,群益金鼎-東大,2023-11-21,9135
2449,京元電子,9,0,9,群益金鼎-東大,2023-11-21,9135
1210,大成,10,1,9,群益金鼎-東大,2023-11-21,9135
8028,昇陽半導體,11,2,9,群益金鼎-東大,2023-11-21,9135
3163,波若威,11,2,9,群益金鼎-東大,2023-11-21,9135
3014,聯陽,10,1,9,群益金鼎-東大,2023-11-21,9135
6120,達運,8,0,8,群益金鼎-東大,2023-11-21,9135
2615,萬海,7,0,7,群益金鼎-東大,2023-11-21,9135
3450,聯鈞,9,2,7,群益金鼎-東大,2023-11-21,9135
2439,美律,8,1,7,群益金鼎-東大,2023-11-21,9135
5381,合正,10,3,7,群益金鼎-東大,2023-11-21,9135
6127,九豪,13,6,7,群益金鼎-東大,2023-11-21,9135
6176,瑞儀,6,0,6,群益金鼎-東大,2023-11-21,9135
00706L,期元大S＆P日圓正2,6,0,6,群益金鼎-東大,2023-11-21,9135
2436,偉詮電,19,13,6,群益金鼎-東大,2023-11-21,9135
5009,榮剛,10,4,6,群益金鼎-東大,2023-11-21,9135
2376,技嘉,12,7,5,群益金鼎-東大,2023-11-21,9135
5533,皇鼎,119,32,87,群益金鼎-東大,2023-11-22,9135
00919,群益台灣精選高息,69,0,69,群益金鼎-東大,2023-11-22,9135
6411,晶焱,67,9,58,群益金鼎-東大,2023-11-22,9135
5521,工信,68,14,54,群益金鼎-東大,2023-11-22,9135
00905,FT臺灣Smart,50,0,50,群益金鼎-東大,2023-11-22,9135
00929,復華台灣科技優息,49,0,49,群益金鼎-東大,2023-11-22,9135
2515,中工,50,1,49,群益金鼎-東大,2023-11-22,9135
00878,國泰永續高股息,48,2,46,群益金鼎-東大,2023-11-22,9135
6640,均華,42,0,42,群益金鼎-東大,2023-11-22,9135
3231,緯創,52,13,39,群益金鼎-東大,2023-11-22,9135
00673R,期元大S＆P原油反1,35,0,35,群益金鼎-東大,2023-11-22,9135
2618,長榮航,38,4,34,群益金鼎-東大,2023-11-22,9135
3094,聯傑,48,17,31,群益金鼎-東大,2023-11-22,9135
5512,力麒,30,0,30,群益金鼎-東大,2023-11-22,9135
3169,亞信,31,2,29,群益金鼎-東大,2023-11-22,9135
3041,揚智,76,53,23,群益金鼎-東大,2023-11-22,9135
2062,橋椿,21,0,21,群益金鼎-東大,2023-11-22,9135
6274,台燿,67,47,20,群益金鼎-東大,2023-11-22,9135
5206,坤悅,20,0,20,群益金鼎-東大,2023-11-22,9135
3615,安可,20,0,20,群益金鼎-東大,2023-11-22,9135
00650L,復華香港正2,25,5,20,群益金鼎-東大,2023-11-22,9135
00795B,中信美國公債20年,18,0,18,群益金鼎-東大,2023-11-22,9135
2363,矽統,109,92,17,群益金鼎-東大,2023-11-22,9135
2610,華航,55,40,15,群益金鼎-東大,2023-11-22,9135
2002,中鋼,18,3,15,群益金鼎-東大,2023-11-22,9135
3059,華晶科,58,45,13,群益金鼎-東大,2023-11-22,9135
5706,鳳凰,19,6,13,群益金鼎-東大,2023-11-22,9135
00751B,元大AAA至A公司債,12,0,12,群益金鼎-東大,2023-11-22,9135
3380,明泰,12,0,12,群益金鼎-東大,2023-11-22,9135
5225,東科-KY,22,11,11,群益金鼎-東大,2023-11-22,9135
3530,晶相光,12,1,11,群益金鼎-東大,2023-11-22,9135
3623,富晶通,16,5,11,群益金鼎-東大,2023-11-22,9135
6233,旺玖,11,0,11,群益金鼎-東大,2023-11-22,9135
2426,鼎元,11,0,11,群益金鼎-東大,2023-11-22,9135
3260,威剛,18,8,10,群益金鼎-東大,2023-11-22,9135
2007,燁興,10,0,10,群益金鼎-東大,2023-11-22,9135
00753L,中信中國50正2,10,0,10,群益金鼎-東大,2023-11-22,9135
00931B,統一美債20年,10,0,10,群益金鼎-東大,2023-11-22,9135
2374,佳能,10,0,10,群益金鼎-東大,2023-11-22,9135
00936,台新永續高息中小,10,0,10,群益金鼎-東大,2023-11-22,9135
00671R,富邦NASDAQ反1,10,0,10,群益金鼎-東大,2023-11-22,9135
2605,新興,10,0,10,群益金鼎-東大,2023-11-22,9135
2528,皇普,10,0,10,群益金鼎-東大,2023-11-22,9135
5425,台半,11,1,10,群益金鼎-東大,2023-11-22,9135
2929,淘帝-KY,10,0,10,群益金鼎-東大,2023-11-22,9135
6150,撼訊,10,0,10,群益金鼎-東大,2023-11-22,9135
2905,三商,10,0,10,群益金鼎-東大,2023-11-22,9135
2313,華通,112,102,10,群益金鼎-東大,2023-11-22,9135
3014,聯陽,9,0,9,群益金鼎-東大,2023-11-22,9135
2409,友達,9,0,9,群益金鼎-東大,2023-11-22,9135
5351,鈺創,111,23,88,群益金鼎-東大,2023-11-23,9135
00919,群益台灣精選高息,71,6,65,群益金鼎-東大,2023-11-23,9135
3715,定穎投控,104,41,63,群益金鼎-東大,2023-11-23,9135
5347,世界,116,62,54,群益金鼎-東大,2023-11-23,9135
3041,揚智,128,88,40,群益金鼎-東大,2023-11-23,9135
2905,三商,37,0,37,群益金鼎-東大,2023-11-23,9135
8054,安國,136,102,34,群益金鼎-東大,2023-11-23,9135
3094,聯傑,36,3,33,群益金鼎-東大,2023-11-23,9135
3122,笙泉,52,20,32,群益金鼎-東大,2023-11-23,9135
1471,首利,28,0,28,群益金鼎-東大,2023-11-23,9135
6640,均華,27,0,27,群益金鼎-東大,2023-11-23,9135
2301,光寶科,25,0,25,群益金鼎-東大,2023-11-23,9135
2537,聯上發,60,40,20,群益金鼎-東大,2023-11-23,9135
6237,驊訊,44,24,20,群益金鼎-東大,2023-11-23,9135
2417,圓剛,28,8,20,群益金鼎-東大,2023-11-23,9135
6177,達麗,20,0,20,群益金鼎-東大,2023-11-23,9135
2618,長榮航,24,5,19,群益金鼎-東大,2023-11-23,9135
3322,建舜電,20,2,18,群益金鼎-東大,2023-11-23,9135
00878,國泰永續高股息,17,0,17,群益金鼎-東大,2023-11-23,9135
5425,台半,21,4,17,群益金鼎-東大,2023-11-23,9135
2355,敬鵬,22,6,16,群益金鼎-東大,2023-11-23,9135
6282,康舒,79,63,16,群益金鼎-東大,2023-11-23,9135
3152,璟德,15,0,15,群益金鼎-東大,2023-11-23,9135
5864,致和證,18,4,14,群益金鼎-東大,2023-11-23,9135
00632R,元大台灣50反1,15,1,14,群益金鼎-東大,2023-11-23,9135
3035,智原,26,13,13,群益金鼎-東大,2023-11-23,9135
6530,創威,27,15,12,群益金鼎-東大,2023-11-23,9135
6122,擎邦,16,4,12,群益金鼎-東大,2023-11-23,9135
2497,怡利電,11,0,11,群益金鼎-東大,2023-11-23,9135
2233,宇隆,12,1,11,群益金鼎-東大,2023-11-23,9135
2303,聯電,23,12,11,群益金鼎-東大,2023-11-23,9135
00671R,富邦NASDAQ反1,10,0,10,群益金鼎-東大,2023-11-23,9135
00877,復華中國5G,10,0,10,群益金鼎-東大,2023-11-23,9135
5324,士開,10,0,10,群益金鼎-東大,2023-11-23,9135
3363,上詮,18,8,10,群益金鼎-東大,2023-11-23,9135
00764B,群益25年美債,10,0,10,群益金鼎-東大,2023-11-23,9135
2897,王道銀行,10,0,10,群益金鼎-東大,2023-11-23,9135
6901,鑽石投資,10,0,10,群益金鼎-東大,2023-11-23,9135
8936,國統,9,0,9,群益金鼎-東大,2023-11-23,9135
00706L,期元大S＆P日圓正2,9,0,9,群益金鼎-東大,2023-11-23,9135
3325,旭品,19,10,9,群益金鼎-東大,2023-11-23,9135
3483,力致,17,8,9,群益金鼎-東大,2023-11-23,9135
6245,立端,9,1,8,群益金鼎-東大,2023-11-23,9135
00936,台新永續高息中小,8,0,8,群益金鼎-東大,2023-11-23,9135
4543,萬在,10,2,8,群益金鼎-東大,2023-11-23,9135
5009,榮剛,10,2,8,群益金鼎-東大,2023-11-23,9135
1307,三芳,8,0,8,群益金鼎-東大,2023-11-23,9135
6164,華興,10,2,8,群益金鼎-東大,2023-11-23,9135
2317,鴻海,7,0,7,群益金鼎-東大,2023-11-23,9135
6605,帝寶,7,0,7,群益金鼎-東大,2023-11-23,9135
3056,富華新,100,3,97,群益金鼎-東大,2023-11-24,9135
2457,飛宏,108,39,69,群益金鼎-東大,2023-11-24,9135
5521,工信,64,0,64,群益金鼎-東大,2023-11-24,9135
00715L,期街口布蘭特正2,63,12,51,群益金鼎-東大,2023-11-24,9135
6806,森崴能源,42,3,39,群益金鼎-東大,2023-11-24,9135
00931B,統一美債20年,30,0,30,群益金鼎-東大,2023-11-24,9135
9945,潤泰新,30,0,30,群益金鼎-東大,2023-11-24,9135
3006,晶豪科,39,9,30,群益金鼎-東大,2023-11-24,9135
2537,聯上發,26,0,26,群益金鼎-東大,2023-11-24,9135
00720B,元大投資級公司債,25,0,25,群益金鼎-東大,2023-11-24,9135
00688L,國泰20年美債正2,35,11,24,群益金鼎-東大,2023-11-24,9135
00706L,期元大S＆P日圓正2,23,0,23,群益金鼎-東大,2023-11-24,9135
00878,國泰永續高股息,35,13,22,群益金鼎-東大,2023-11-24,9135
6161,捷波,26,5,21,群益金鼎-東大,2023-11-24,9135
6155,鈞寶,20,0,20,群益金鼎-東大,2023-11-24,9135
00632R,元大台灣50反1,20,1,19,群益金鼎-東大,2023-11-24,9135
2888,新光金,19,0,19,群益金鼎-東大,2023-11-24,9135
6235,華孚,29,11,18,群益金鼎-東大,2023-11-24,9135
1513,中興電,49,32,17,群益金鼎-東大,2023-11-24,9135
00687B,國泰20年美債,16,0,16,群益金鼎-東大,2023-11-24,9135
5225,東科-KY,19,4,15,群益金鼎-東大,2023-11-24,9135
2801,彰銀,15,0,15,群益金鼎-東大,2023-11-24,9135
3376,新日興,17,3,14,群益金鼎-東大,2023-11-24,9135
2356,英業達,13,0,13,群益金鼎-東大,2023-11-24,9135
2374,佳能,12,0,12,群益金鼎-東大,2023-11-24,9135
6117,迎廣,22,10,12,群益金鼎-東大,2023-11-24,9135
3051,力特,12,0,12,群益金鼎-東大,2023-11-24,9135
6104,創惟,27,15,12,群益金鼎-東大,2023-11-24,9135
2375,凱美,14,3,11,群益金鼎-東大,2023-11-24,9135
3623,富晶通,11,1,10,群益金鼎-東大,2023-11-24,9135
2891,中信金,11,1,10,群益金鼎-東大,2023-11-24,9135
4930,燦星網,10,0,10,群益金鼎-東大,2023-11-24,9135
00671R,富邦NASDAQ反1,10,0,10,群益金鼎-東大,2023-11-24,9135
00692,富邦公司治理,10,0,10,群益金鼎-東大,2023-11-24,9135
4142,國光生,10,0,10,群益金鼎-東大,2023-11-24,9135
2337,旺宏,10,0,10,群益金鼎-東大,2023-11-24,9135
5434,崇越,10,0,10,群益金鼎-東大,2023-11-24,9135
2417,圓剛,23,14,9,群益金鼎-東大,2023-11-24,9135
3362,先進光,16,8,8,群益金鼎-東大,2023-11-24,9135
8093,保銳,8,0,8,群益金鼎-東大,2023-11-24,9135
3624,光頡,9,1,8,群益金鼎-東大,2023-11-24,9135
5425,台半,8,0,8,群益金鼎-東大,2023-11-24,9135
1603,華電,9,2,7,群益金鼎-東大,2023-11-24,9135
3252,海灣,7,0,7,群益金鼎-東大,2023-11-24,9135
6504,南六,7,0,7,群益金鼎-東大,2023-11-24,9135
3437,榮創,21,14,7,群益金鼎-東大,2023-11-24,9135
00713,元大台灣高息低波,7,0,7,群益金鼎-東大,2023-11-24,9135
6213,聯茂,8,2,6,群益金鼎-東大,2023-11-24,9135
2313,華通,58,52,6,群益金鼎-東大,2023-11-24,9135
3094,聯傑,16,10,6,群益金鼎-東大,2023-11-24,9135
3231,緯創,111,1,110,群益金鼎-東大,2023-11-27,9135
2883,凱基金,2111,2006,105,群益金鼎-東大,2023-11-27,9135
00706L,期元大S＆P日圓正2,88,0,88,群益金鼎-東大,2023-11-27,9135
00934,中信成長高股息,51,1,50,群益金鼎-東大,2023-11-27,9135
00688L,國泰20年美債正2,36,0,36,群益金鼎-東大,2023-11-27,9135
00715L,期街口布蘭特正2,31,1,30,群益金鼎-東大,2023-11-27,9135
3051,力特,32,3,29,群益金鼎-東大,2023-11-27,9135
4908,前鼎,28,0,28,群益金鼎-東大,2023-11-27,9135
2520,冠德,38,13,25,群益金鼎-東大,2023-11-27,9135
00753L,中信中國50正2,25,1,24,群益金鼎-東大,2023-11-27,9135
00720B,元大投資級公司債,23,1,22,群益金鼎-東大,2023-11-27,9135
2337,旺宏,23,1,22,群益金鼎-東大,2023-11-27,9135
2301,光寶科,20,0,20,群益金鼎-東大,2023-11-27,9135
6291,沛亨,20,0,20,群益金鼎-東大,2023-11-27,9135
00724B,群益投資級金融債,20,0,20,群益金鼎-東大,2023-11-27,9135
2382,廣達,52,32,20,群益金鼎-東大,2023-11-27,9135
2409,友達,19,0,19,群益金鼎-東大,2023-11-27,9135
1513,中興電,50,32,18,群益金鼎-東大,2023-11-27,9135
6164,華興,18,1,17,群益金鼎-東大,2023-11-27,9135
2374,佳能,19,2,17,群益金鼎-東大,2023-11-27,9135
2634,漢翔,20,3,17,群益金鼎-東大,2023-11-27,9135
00931B,統一美債20年,16,0,16,群益金鼎-東大,2023-11-27,9135
00919,群益台灣精選高息,27,11,16,群益金鼎-東大,2023-11-27,9135
2405,輔信,49,34,15,群益金鼎-東大,2023-11-27,9135
2816,旺旺保,28,13,15,群益金鼎-東大,2023-11-27,9135
6805,富世達,15,0,15,群益金鼎-東大,2023-11-27,9135
2371,大同,15,1,14,群益金鼎-東大,2023-11-27,9135
3035,智原,32,19,13,群益金鼎-東大,2023-11-27,9135
00795B,中信美國公債20年,17,4,13,群益金鼎-東大,2023-11-27,9135
5230,雷笛克光學,34,22,12,群益金鼎-東大,2023-11-27,9135
4510,高鋒,12,0,12,群益金鼎-東大,2023-11-27,9135
6584,南俊國際,12,0,12,群益金鼎-東大,2023-11-27,9135
00679B,元大美債20年,13,2,11,群益金鼎-東大,2023-11-27,9135
4167,松瑞藥,13,2,11,群益金鼎-東大,2023-11-27,9135
2367,燿華,12,1,11,群益金鼎-東大,2023-11-27,9135
3006,晶豪科,12,2,10,群益金鼎-東大,2023-11-27,9135
4714,永捷,10,0,10,群益金鼎-東大,2023-11-27,9135
3105,穩懋,10,0,10,群益金鼎-東大,2023-11-27,9135
3093,港建*,10,0,10,群益金鼎-東大,2023-11-27,9135
2892,第一金,10,0,10,群益金鼎-東大,2023-11-27,9135
3058,立德,10,0,10,群益金鼎-東大,2023-11-27,9135
4188,安克,12,2,10,群益金鼎-東大,2023-11-27,9135
4745,合富-KY,10,1,9,群益金鼎-東大,2023-11-27,9135
00936,台新永續高息中小,11,2,9,群益金鼎-東大,2023-11-27,9135
5533,皇鼎,11,2,9,群益金鼎-東大,2023-11-27,9135
4746,台耀,11,2,9,群益金鼎-東大,2023-11-27,9135
00637L,元大滬深300正2,9,0,9,群益金鼎-東大,2023-11-27,9135
1514,亞力,30,21,9,群益金鼎-東大,2023-11-27,9135
00751B,元大AAA至A公司債,8,0,8,群益金鼎-東大,2023-11-27,9135
2353,宏��,13,5,8,群益金鼎-東大,2023-11-27,9135
2897,王道銀行,133,20,113,群益金鼎-東大,2023-11-28,9135
00900,富邦特選高股息30,102,0,102,群益金鼎-東大,2023-11-28,9135
00751B,元大AAA至A公司債,124,34,90,群益金鼎-東大,2023-11-28,9135
00878,國泰永續高股息,68,5,63,群益金鼎-東大,2023-11-28,9135
2641,正德,55,2,53,群益金鼎-東大,2023-11-28,9135
00933B,國泰10Y+金融債,50,0,50,群益金鼎-東大,2023-11-28,9135
5381,合正,55,6,49,群益金鼎-東大,2023-11-28,9135
00753L,中信中國50正2,46,0,46,群益金鼎-東大,2023-11-28,9135
00664R,國泰臺灣加權反1,45,0,45,群益金鼎-東大,2023-11-28,9135
5864,致和證,43,0,43,群益金鼎-東大,2023-11-28,9135
3056,富華新,42,0,42,群益金鼎-東大,2023-11-28,9135
4714,永捷,30,0,30,群益金鼎-東大,2023-11-28,9135
6282,康舒,54,27,27,群益金鼎-東大,2023-11-28,9135
5351,鈺創,28,5,23,群益金鼎-東大,2023-11-28,9135
00724B,群益投資級金融債,20,0,20,群益金鼎-東大,2023-11-28,9135
00712,復華富時不動產,20,0,20,群益金鼎-東大,2023-11-28,9135
2498,宏達電,18,0,18,群益金鼎-東大,2023-11-28,9135
5347,世界,23,5,18,群益金鼎-東大,2023-11-28,9135
1101,台泥,39,21,18,群益金鼎-東大,2023-11-28,9135
2607,榮運,15,0,15,群益金鼎-東大,2023-11-28,9135
00856B,永豐1-3年美公債,15,0,15,群益金鼎-東大,2023-11-28,9135
1605,華新,14,0,14,群益金鼎-東大,2023-11-28,9135
2457,飛宏,23,10,13,群益金鼎-東大,2023-11-28,9135
6278,台表科,13,0,13,群益金鼎-東大,2023-11-28,9135
3017,奇鋐,16,4,12,群益金鼎-東大,2023-11-28,9135
00713,元大台灣高息低波,14,2,12,群益金鼎-東大,2023-11-28,9135
3163,波若威,12,0,12,群益金鼎-東大,2023-11-28,9135
2301,光寶科,17,5,12,群益金鼎-東大,2023-11-28,9135
3715,定穎投控,49,38,11,群益金鼎-東大,2023-11-28,9135
3094,聯傑,10,0,10,群益金鼎-東大,2023-11-28,9135
4157,太景*-KY,10,0,10,群益金鼎-東大,2023-11-28,9135
00680L,元大美債20正2,20,10,10,群益金鼎-東大,2023-11-28,9135
2390,云辰,10,0,10,群益金鼎-東大,2023-11-28,9135
1714,和桐,10,0,10,群益金鼎-東大,2023-11-28,9135
1460,宏遠,10,0,10,群益金鼎-東大,2023-11-28,9135
9919,康那香,50,40,10,群益金鼎-東大,2023-11-28,9135
1457,宜進,10,0,10,群益金鼎-東大,2023-11-28,9135
1325,恆大,10,1,9,群益金鼎-東大,2023-11-28,9135
6469,大樹,10,1,9,群益金鼎-東大,2023-11-28,9135
4763,材料-KY,15,7,8,群益金鼎-東大,2023-11-28,9135
6805,富世達,8,0,8,群益金鼎-東大,2023-11-28,9135
00795B,中信美國公債20年,8,1,7,群益金鼎-東大,2023-11-28,9135
3260,威剛,38,31,7,群益金鼎-東大,2023-11-28,9135
3058,立德,7,0,7,群益金鼎-東大,2023-11-28,9135
3264,欣銓,7,0,7,群益金鼎-東大,2023-11-28,9135
2383,台光電,21,14,7,群益金鼎-東大,2023-11-28,9135
00720B,元大投資級公司債,6,0,6,群益金鼎-東大,2023-11-28,9135
6438,迅得,6,0,6,群益金鼎-東大,2023-11-28,9135
3675,德微,6,0,6,群益金鼎-東大,2023-11-28,9135
1560,中砂,6,0,6,群益金鼎-東大,2023-11-28,9135
00665L,富邦�琤肭磪囓�2,110,0,110,群益金鼎-東大,2023-11-29,9135
3305,昇貿,107,32,75,群益金鼎-東大,2023-11-29,9135
5351,鈺創,59,10,49,群益金鼎-東大,2023-11-29,9135
00679B,元大美債20年,42,0,42,群益金鼎-東大,2023-11-29,9135
00933B,國泰10Y+金融債,40,2,38,群益金鼎-東大,2023-11-29,9135
2313,華通,122,89,33,群益金鼎-東大,2023-11-29,9135
00712,復華富時不動產,31,0,31,群益金鼎-東大,2023-11-29,9135
00751B,元大AAA至A公司債,32,2,30,群益金鼎-東大,2023-11-29,9135
00671R,富邦NASDAQ反1,30,0,30,群益金鼎-東大,2023-11-29,9135
6125,廣運,37,7,30,群益金鼎-東大,2023-11-29,9135
00882,中信中國高股息,25,0,25,群益金鼎-東大,2023-11-29,9135
2383,台光電,27,4,23,群益金鼎-東大,2023-11-29,9135
3014,聯陽,23,0,23,群益金鼎-東大,2023-11-29,9135
9935,慶豐富,22,0,22,群益金鼎-東大,2023-11-29,9135
3047,訊舟,23,2,21,群益金鼎-東大,2023-11-29,9135
3019,亞光,22,1,21,群益金鼎-東大,2023-11-29,9135
00650L,復華香港正2,21,0,21,群益金鼎-東大,2023-11-29,9135
00753L,中信中國50正2,21,0,21,群益金鼎-東大,2023-11-29,9135
00724B,群益投資級金融債,20,0,20,群益金鼎-東大,2023-11-29,9135
2301,光寶科,41,21,20,群益金鼎-東大,2023-11-29,9135
2603,長榮,21,2,19,群益金鼎-東大,2023-11-29,9135
6592,和潤企業,19,0,19,群益金鼎-東大,2023-11-29,9135
2031,新光鋼,18,0,18,群益金鼎-東大,2023-11-29,9135
5864,致和證,18,0,18,群益金鼎-東大,2023-11-29,9135
2905,三商,15,0,15,群益金鼎-東大,2023-11-29,9135
6167,久正,15,0,15,群益金鼎-東大,2023-11-29,9135
2390,云辰,20,5,15,群益金鼎-東大,2023-11-29,9135
2610,華航,18,4,14,群益金鼎-東大,2023-11-29,9135
3122,笙泉,17,3,14,群益金鼎-東大,2023-11-29,9135
6285,啟��,16,3,13,群益金鼎-東大,2023-11-29,9135
8478,東哥遊艇,12,0,12,群益金鼎-東大,2023-11-29,9135
2812,台中銀,11,0,11,群益金鼎-東大,2023-11-29,9135
4956,光鋐,25,14,11,群益金鼎-東大,2023-11-29,9135
5258,虹堡,11,0,11,群益金鼎-東大,2023-11-29,9135
2408,南亞科,18,7,11,群益金鼎-東大,2023-11-29,9135
2363,矽統,74,63,11,群益金鼎-東大,2023-11-29,9135
00919,群益台灣精選高息,10,0,10,群益金鼎-東大,2023-11-29,9135
6245,立端,13,3,10,群益金鼎-東大,2023-11-29,9135
00673R,期元大S＆P原油反1,10,0,10,群益金鼎-東大,2023-11-29,9135
00706L,期元大S＆P日圓正2,10,0,10,群益金鼎-東大,2023-11-29,9135
00885,富邦越南,10,0,10,群益金鼎-東大,2023-11-29,9135
3005,神基,12,2,10,群益金鼎-東大,2023-11-29,9135
00720B,元大投資級公司債,9,0,9,群益金鼎-東大,2023-11-29,9135
2618,長榮航,9,0,9,群益金鼎-東大,2023-11-29,9135
00637L,元大滬深300正2,9,0,9,群益金鼎-東大,2023-11-29,9135
3041,揚智,17,8,9,群益金鼎-東大,2023-11-29,9135
6243,迅杰,45,37,8,群益金鼎-東大,2023-11-29,9135
4945,陞達科技,19,11,8,群益金鼎-東大,2023-11-29,9135
1616,億泰,18,11,7,群益金鼎-東大,2023-11-29,9135
00929,復華台灣科技優息,9,2,7,群益金鼎-東大,2023-11-29,9135
9103,美德醫療-DR,250,0,250,群益金鼎-東大,2023-11-30,9135
00679B,元大美債20年,179,4,175,群益金鼎-東大,2023-11-30,9135
00919,群益台灣精選高息,90,0,90,群益金鼎-東大,2023-11-30,9135
5521,工信,80,0,80,群益金鼎-東大,2023-11-30,9135
3443,創意,58,3,55,群益金鼎-東大,2023-11-30,9135
00878,國泰永續高股息,49,0,49,群益金鼎-東大,2023-11-30,9135
3594,磐儀,100,53,47,群益金鼎-東大,2023-11-30,9135
2344,華邦電,47,7,40,群益金鼎-東大,2023-11-30,9135
00688L,國泰20年美債正2,33,0,33,群益金鼎-東大,2023-11-30,9135
6231,系微,32,0,32,群益金鼎-東大,2023-11-30,9135
3406,玉晶光,25,0,25,群益金鼎-東大,2023-11-30,9135
3715,定穎投控,40,15,25,群益金鼎-東大,2023-11-30,9135
4744,皇將,23,0,23,群益金鼎-東大,2023-11-30,9135
6275,元山,22,0,22,群益金鼎-東大,2023-11-30,9135
00751B,元大AAA至A公司債,21,0,21,群益金鼎-東大,2023-11-30,9135
3624,光頡,26,5,21,群益金鼎-東大,2023-11-30,9135
2883,凱基金,24,3,21,群益金鼎-東大,2023-11-30,9135
00753L,中信中國50正2,20,0,20,群益金鼎-東大,2023-11-30,9135
6285,啟��,21,1,20,群益金鼎-東大,2023-11-30,9135
2337,旺宏,19,1,18,群益金鼎-東大,2023-11-30,9135
3094,聯傑,26,9,17,群益金鼎-東大,2023-11-30,9135
2359,所羅門,38,22,16,群益金鼎-東大,2023-11-30,9135
2369,菱生,19,3,16,群益金鼎-東大,2023-11-30,9135
3701,大眾控,18,2,16,群益金鼎-東大,2023-11-30,9135
3694,海華,19,3,16,群益金鼎-東大,2023-11-30,9135
2606,裕民,19,3,16,群益金鼎-東大,2023-11-30,9135
6176,瑞儀,15,0,15,群益金鼎-東大,2023-11-30,9135
00650L,復華香港正2,15,0,15,群益金鼎-東大,2023-11-30,9135
00673R,期元大S＆P原油反1,15,0,15,群益金鼎-東大,2023-11-30,9135
1514,亞力,42,28,14,群益金鼎-東大,2023-11-30,9135
3013,晟銘電,29,15,14,群益金鼎-東大,2023-11-30,9135
00706L,期元大S＆P日圓正2,14,0,14,群益金鼎-東大,2023-11-30,9135
3374,精材,15,2,13,群益金鼎-東大,2023-11-30,9135
8163,達方,13,2,11,群益金鼎-東大,2023-11-30,9135
00882,中信中國高股息,13,2,11,群益金鼎-東大,2023-11-30,9135
2603,長榮,11,0,11,群益金鼎-東大,2023-11-30,9135
6548,長科*,12,1,11,群益金鼎-東大,2023-11-30,9135
00720B,元大投資級公司債,10,0,10,群益金鼎-東大,2023-11-30,9135
5706,鳳凰,10,0,10,群益金鼎-東大,2023-11-30,9135
2634,漢翔,15,5,10,群益金鼎-東大,2023-11-30,9135
3176,基亞,11,1,10,群益金鼎-東大,2023-11-30,9135
3029,零壹,10,0,10,群益金鼎-東大,2023-11-30,9135
3014,聯陽,12,2,10,群益金鼎-東大,2023-11-30,9135
00877,復華中國5G,10,0,10,群益金鼎-東大,2023-11-30,9135
6284,佳邦,12,2,10,群益金鼎-東大,2023-11-30,9135
1539,巨庭,10,0,10,群益金鼎-東大,2023-11-30,9135
1584,精剛,10,0,10,群益金鼎-東大,2023-11-30,9135
5533,皇鼎,9,0,9,群益金鼎-東大,2023-11-30,9135
5206,坤悅,9,0,9,群益金鼎-東大,2023-11-30,9135
2313,華通,102,93,9,群益金鼎-東大,2023-11-30,9135
2476,鉅祥,145,10,135,群益金鼎-東大,2023-12-01,9135
00679B,元大美債20年,122,0,122,群益金鼎-東大,2023-12-01,9135
00919,群益台灣精選高息,131,13,118,群益金鼎-東大,2023-12-01,9135
00673R,期元大S＆P原油反1,101,0,101,群益金鼎-東大,2023-12-01,9135
4157,太景*-KY,105,5,100,群益金鼎-東大,2023-12-01,9135
2883,凱基金,82,0,82,群益金鼎-東大,2023-12-01,9135
00688L,國泰20年美債正2,54,0,54,群益金鼎-東大,2023-12-01,9135
00878,國泰永續高股息,63,12,51,群益金鼎-東大,2023-12-01,9135
6274,台燿,61,16,45,群益金鼎-東大,2023-12-01,9135
3083,網龍,44,4,40,群益金鼎-東大,2023-12-01,9135
00751B,元大AAA至A公司債,39,0,39,群益金鼎-東大,2023-12-01,9135
9919,康那香,109,75,34,群益金鼎-東大,2023-12-01,9135
00687B,國泰20年美債,34,2,32,群益金鼎-東大,2023-12-01,9135
2543,皇昌,32,0,32,群益金鼎-東大,2023-12-01,9135
4945,陞達科技,40,9,31,群益金鼎-東大,2023-12-01,9135
3312,弘憶股,28,0,28,群益金鼎-東大,2023-12-01,9135
3437,榮創,30,3,27,群益金鼎-東大,2023-12-01,9135
00680L,元大美債20正2,25,0,25,群益金鼎-東大,2023-12-01,9135
00706L,期元大S＆P日圓正2,22,0,22,群益金鼎-東大,2023-12-01,9135
2317,鴻海,26,5,21,群益金鼎-東大,2023-12-01,9135
00715L,期街口布蘭特正2,22,1,21,群益金鼎-東大,2023-12-01,9135
2886,兆豐金,21,1,20,群益金鼎-東大,2023-12-01,9135
00795B,中信美國公債20年,20,0,20,群益金鼎-東大,2023-12-01,9135
00632R,元大台灣50反1,30,10,20,群益金鼎-東大,2023-12-01,9135
3450,聯鈞,31,11,20,群益金鼎-東大,2023-12-01,9135
2601,益航,19,0,19,群益金鼎-東大,2023-12-01,9135
8088,品安,20,2,18,群益金鼎-東大,2023-12-01,9135
6770,力積電,24,6,18,群益金鼎-東大,2023-12-01,9135
00915,凱基優選高股息30,20,3,17,群益金鼎-東大,2023-12-01,9135
5347,世界,30,15,15,群益金鼎-東大,2023-12-01,9135
2617,台航,15,0,15,群益金鼎-東大,2023-12-01,9135
00637L,元大滬深300正2,14,0,14,群益金鼎-東大,2023-12-01,9135
3041,揚智,85,72,13,群益金鼎-東大,2023-12-01,9135
2405,輔信,24,11,13,群益金鼎-東大,2023-12-01,9135
2376,技嘉,13,1,12,群益金鼎-東大,2023-12-01,9135
3032,偉訓,19,7,12,群益金鼎-東大,2023-12-01,9135
00696B,富邦美債20年,11,0,11,群益金鼎-東大,2023-12-01,9135
00885,富邦越南,11,0,11,群益金鼎-東大,2023-12-01,9135
2387,精元,11,0,11,群益金鼎-東大,2023-12-01,9135
5206,坤悅,11,0,11,群益金鼎-東大,2023-12-01,9135
5871,中租-KY,11,0,11,群益金鼎-東大,2023-12-01,9135
6469,大樹,10,0,10,群益金鼎-東大,2023-12-01,9135
00650L,復華香港正2,10,0,10,群益金鼎-東大,2023-12-01,9135
3625,西勝,10,0,10,群益金鼎-東大,2023-12-01,9135
2891,中信金,10,0,10,群益金鼎-東大,2023-12-01,9135
4114,健喬,13,4,9,群益金鼎-東大,2023-12-01,9135
2332,友訊,9,0,9,群益金鼎-東大,2023-12-01,9135
5439,高技,16,7,9,群益金鼎-東大,2023-12-01,9135
2014,中鴻,21,12,9,群益金鼎-東大,2023-12-01,9135
2897,王道銀行,9,0,9,群益金鼎-東大,2023-12-01,9135
2355,敬鵬,297,113,184,群益金鼎-東大,2023-12-04,9135
2883,凱基金,83,0,83,群益金鼎-東大,2023-12-04,9135
4114,健喬,77,1,76,群益金鼎-東大,2023-12-04,9135
00688L,國泰20年美債正2,70,0,70,群益金鼎-東大,2023-12-04,9135
2537,聯上發,62,0,62,群益金鼎-東大,2023-12-04,9135
1513,中興電,73,11,62,群益金鼎-東大,2023-12-04,9135
2419,仲琦,60,0,60,群益金鼎-東大,2023-12-04,9135
1727,中華化,61,1,60,群益金鼎-東大,2023-12-04,9135
4909,新復興,86,27,59,群益金鼎-東大,2023-12-04,9135
00715L,期街口布蘭特正2,47,0,47,群益金鼎-東大,2023-12-04,9135
1711,永光,51,5,46,群益金鼎-東大,2023-12-04,9135
3715,定穎投控,128,83,45,群益金鼎-東大,2023-12-04,9135
1605,華新,62,18,44,群益金鼎-東大,2023-12-04,9135
00680L,元大美債20正2,56,16,40,群益金鼎-東大,2023-12-04,9135
4157,太景*-KY,61,24,37,群益金鼎-東大,2023-12-04,9135
3041,揚智,55,19,36,群益金鼎-東大,2023-12-04,9135
2356,英業達,42,8,34,群益金鼎-東大,2023-12-04,9135
2543,皇昌,31,0,31,群益金鼎-東大,2023-12-04,9135
3013,晟銘電,70,40,30,群益金鼎-東大,2023-12-04,9135
00720B,元大投資級公司債,30,0,30,群益金鼎-東大,2023-12-04,9135
2905,三商,30,0,30,群益金鼎-東大,2023-12-04,9135
8358,金居,30,1,29,群益金鼎-東大,2023-12-04,9135
00687B,國泰20年美債,28,0,28,群益金鼎-東大,2023-12-04,9135
00669R,國泰美國道瓊反1,25,0,25,群益金鼎-東大,2023-12-04,9135
00671R,富邦NASDAQ反1,25,0,25,群益金鼎-東大,2023-12-04,9135
00664R,國泰臺灣加權反1,25,0,25,群益金鼎-東大,2023-12-04,9135
2465,麗臺,24,0,24,群益金鼎-東大,2023-12-04,9135
00751B,元大AAA至A公司債,28,4,24,群益金鼎-東大,2023-12-04,9135
3706,神達,22,1,21,群益金鼎-東大,2023-12-04,9135
8936,國統,48,28,20,群益金鼎-東大,2023-12-04,9135
6695,芯鼎,20,0,20,群益金鼎-東大,2023-12-04,9135
6026,福邦證,20,0,20,群益金鼎-東大,2023-12-04,9135
2367,燿華,30,11,19,群益金鼎-東大,2023-12-04,9135
00933B,國泰10Y+金融債,18,0,18,群益金鼎-東大,2023-12-04,9135
4933,友輝,17,0,17,群益金鼎-東大,2023-12-04,9135
00862B,中信投資級公司債,16,0,16,群益金鼎-東大,2023-12-04,9135
0056,元大高股息,15,0,15,群益金鼎-東大,2023-12-04,9135
6176,瑞儀,15,0,15,群益金鼎-東大,2023-12-04,9135
4745,合富-KY,15,0,15,群益金鼎-東大,2023-12-04,9135
00642U,期元大S＆P石油,15,0,15,群益金鼎-東大,2023-12-04,9135
3363,上詮,32,17,15,群益金鼎-東大,2023-12-04,9135
2606,裕民,45,30,15,群益金鼎-東大,2023-12-04,9135
4533,協易機,31,17,14,群益金鼎-東大,2023-12-04,9135
00919,群益台灣精選高息,43,30,13,群益金鼎-東大,2023-12-04,9135
1616,億泰,12,0,12,群益金鼎-東大,2023-12-04,9135
2630,亞航,22,10,12,群益金鼎-東大,2023-12-04,9135
2316,楠梓電,12,0,12,群益金鼎-東大,2023-12-04,9135
00935,野村臺灣新科技50,11,0,11,群益金鼎-東大,2023-12-04,9135
4958,臻鼎-KY,11,0,11,群益金鼎-東大,2023-12-04,9135
9945,潤泰新,11,0,11,群益金鼎-東大,2023-12-04,9135
2601,益航,256,4,252,群益金鼎-東大,2023-12-05,9135
00688L,國泰20年美債正2,68,0,68,群益金鼎-東大,2023-12-05,9135
00919,群益台灣精選高息,67,4,63,群益金鼎-東大,2023-12-05,9135
00929,復華台灣科技優息,108,46,62,群益金鼎-東大,2023-12-05,9135
5521,工信,55,0,55,群益金鼎-東大,2023-12-05,9135
9945,潤泰新,55,0,55,群益金鼎-東大,2023-12-05,9135
00878,國泰永續高股息,51,0,51,群益金鼎-東大,2023-12-05,9135
2516,新建,50,0,50,群益金鼎-東大,2023-12-05,9135
0056,元大高股息,45,0,45,群益金鼎-東大,2023-12-05,9135
00751B,元大AAA至A公司債,42,0,42,群益金鼎-東大,2023-12-05,9135
3231,緯創,38,2,36,群益金鼎-東大,2023-12-05,9135
2641,正德,162,127,35,群益金鼎-東大,2023-12-05,9135
3615,安可,28,0,28,群益金鼎-東大,2023-12-05,9135
1605,華新,29,3,26,群益金鼎-東大,2023-12-05,9135
9958,世紀鋼,40,15,25,群益金鼎-東大,2023-12-05,9135
3014,聯陽,23,0,23,群益金鼎-東大,2023-12-05,9135
00720B,元大投資級公司債,22,0,22,群益金鼎-東大,2023-12-05,9135
6219,富旺,20,0,20,群益金鼎-東大,2023-12-05,9135
2905,三商,20,0,20,群益金鼎-東大,2023-12-05,9135
00715L,期街口布蘭特正2,22,2,20,群益金鼎-東大,2023-12-05,9135
6285,啟��,21,2,19,群益金鼎-東大,2023-12-05,9135
5347,世界,17,0,17,群益金鼎-東大,2023-12-05,9135
1727,中華化,17,0,17,群益金鼎-東大,2023-12-05,9135
5864,致和證,17,0,17,群益金鼎-東大,2023-12-05,9135
5871,中租-KY,16,0,16,群益金鼎-東大,2023-12-05,9135
2883,凱基金,16,0,16,群益金鼎-東大,2023-12-05,9135
00918,大華優利高填息30,16,0,16,群益金鼎-東大,2023-12-05,9135
3050,鈺德,23,8,15,群益金鼎-東大,2023-12-05,9135
2442,新美齊,15,0,15,群益金鼎-東大,2023-12-05,9135
3689,湧德,15,0,15,群益金鼎-東大,2023-12-05,9135
2887,台新金,15,1,14,群益金鼎-東大,2023-12-05,9135
1616,億泰,22,8,14,群益金鼎-東大,2023-12-05,9135
00687B,國泰20年美債,28,15,13,群益金鼎-東大,2023-12-05,9135
00885,富邦越南,12,0,12,群益金鼎-東大,2023-12-05,9135
9105,泰金寶-DR,12,0,12,群益金鼎-東大,2023-12-05,9135
2468,華經,14,2,12,群益金鼎-東大,2023-12-05,9135
2634,漢翔,11,0,11,群益金鼎-東大,2023-12-05,9135
4167,松瑞藥,49,38,11,群益金鼎-東大,2023-12-05,9135
8358,金居,15,4,11,群益金鼎-東大,2023-12-05,9135
8936,國統,11,0,11,群益金鼎-東大,2023-12-05,9135
00934,中信成長高股息,10,0,10,群益金鼎-東大,2023-12-05,9135
3346,麗清,10,0,10,群益金鼎-東大,2023-12-05,9135
2888,新光金,10,0,10,群益金鼎-東大,2023-12-05,9135
1714,和桐,10,0,10,群益金鼎-東大,2023-12-05,9135
2371,大同,57,47,10,群益金鼎-東大,2023-12-05,9135
6690,安�硌穈T,10,0,10,群益金鼎-東大,2023-12-05,9135
3715,定穎投控,25,16,9,群益金鼎-東大,2023-12-05,9135
2617,台航,17,8,9,群益金鼎-東大,2023-12-05,9135
2337,旺宏,9,0,9,群益金鼎-東大,2023-12-05,9135
3576,聯合再生,10,2,8,群益金鼎-東大,2023-12-05,9135
00937B,群益ESG投等債20,225,98,127,群益金鼎-東大,2023-12-06,9135
00688L,國泰20年美債正2,103,1,102,群益金鼎-東大,2023-12-06,9135
3594,磐儀,100,0,100,群益金鼎-東大,2023-12-06,9135
2515,中工,100,3,97,群益金鼎-東大,2023-12-06,9135
5521,工信,163,104,59,群益金鼎-東大,2023-12-06,9135
00687B,國泰20年美債,54,1,53,群益金鼎-東大,2023-12-06,9135
3260,威剛,52,1,51,群益金鼎-東大,2023-12-06,9135
00751B,元大AAA至A公司債,43,0,43,群益金鼎-東大,2023-12-06,9135
00680L,元大美債20正2,40,0,40,群益金鼎-東大,2023-12-06,9135
2537,聯上發,47,9,38,群益金鼎-東大,2023-12-06,9135
1514,亞力,62,26,36,群益金鼎-東大,2023-12-06,9135
4967,十銓,34,1,33,群益金鼎-東大,2023-12-06,9135
2303,聯電,39,9,30,群益金鼎-東大,2023-12-06,9135
2884,玉山金,30,0,30,群益金鼎-東大,2023-12-06,9135
0055,元大MSCI金融,27,0,27,群益金鼎-東大,2023-12-06,9135
2353,宏��,35,9,26,群益金鼎-東大,2023-12-06,9135
2401,凌陽,40,14,26,群益金鼎-東大,2023-12-06,9135
3035,智原,32,8,24,群益金鼎-東大,2023-12-06,9135
00919,群益台灣精選高息,26,4,22,群益金鼎-東大,2023-12-06,9135
0056,元大高股息,22,0,22,群益金鼎-東大,2023-12-06,9135
2329,華泰,36,14,22,群益金鼎-東大,2023-12-06,9135
00671R,富邦NASDAQ反1,20,0,20,群益金鼎-東大,2023-12-06,9135
3029,零壹,31,11,20,群益金鼎-東大,2023-12-06,9135
00933B,國泰10Y+金融債,20,0,20,群益金鼎-東大,2023-12-06,9135
00877,復華中國5G,20,0,20,群益金鼎-東大,2023-12-06,9135
00720B,元大投資級公司債,21,2,19,群益金鼎-東大,2023-12-06,9135
3444,利機,16,0,16,群益金鼎-東大,2023-12-06,9135
6213,聯茂,17,2,15,群益金鼎-東大,2023-12-06,9135
6163,華電網,15,0,15,群益金鼎-東大,2023-12-06,9135
4943,康控-KY,15,0,15,群益金鼎-東大,2023-12-06,9135
2371,大同,18,4,14,群益金鼎-東大,2023-12-06,9135
1560,中砂,17,3,14,群益金鼎-東大,2023-12-06,9135
3715,定穎投控,32,19,13,群益金鼎-東大,2023-12-06,9135
3706,神達,16,3,13,群益金鼎-東大,2023-12-06,9135
1815,富喬,12,0,12,群益金鼎-東大,2023-12-06,9135
4908,前鼎,12,0,12,群益金鼎-東大,2023-12-06,9135
8271,宇瞻,12,0,12,群益金鼎-東大,2023-12-06,9135
2419,仲琦,43,31,12,群益金鼎-東大,2023-12-06,9135
2344,華邦電,24,13,11,群益金鼎-東大,2023-12-06,9135
6469,大樹,11,0,11,群益金鼎-東大,2023-12-06,9135
2609,陽明,11,0,11,群益金鼎-東大,2023-12-06,9135
3694,海華,13,2,11,群益金鼎-東大,2023-12-06,9135
5206,坤悅,11,0,11,群益金鼎-東大,2023-12-06,9135
6122,擎邦,11,0,11,群益金鼎-東大,2023-12-06,9135
2492,華新科,16,5,11,群益金鼎-東大,2023-12-06,9135
4953,緯軟,13,2,11,群益金鼎-東大,2023-12-06,9135
5871,中租-KY,10,0,10,群益金鼎-東大,2023-12-06,9135
2426,鼎元,10,0,10,群益金鼎-東大,2023-12-06,9135
2349,錸德,10,0,10,群益金鼎-東大,2023-12-06,9135
3645,達邁,10,0,10,群益金鼎-東大,2023-12-06,9135
00688L,國泰20年美債正2,124,2,122,群益金鼎-東大,2023-12-07,9135
00919,群益台灣精選高息,118,1,117,群益金鼎-東大,2023-12-07,9135
00937B,群益ESG投等債20,155,66,89,群益金鼎-東大,2023-12-07,9135
2618,長榮航,84,18,66,群益金鼎-東大,2023-12-07,9135
00687B,國泰20年美債,56,2,54,群益金鼎-東大,2023-12-07,9135
00751B,元大AAA至A公司債,49,0,49,群益金鼎-東大,2023-12-07,9135
3083,網龍,49,0,49,群益金鼎-東大,2023-12-07,9135
5871,中租-KY,48,1,47,群益金鼎-東大,2023-12-07,9135
2476,鉅祥,39,2,37,群益金鼎-東大,2023-12-07,9135
2399,映泰,63,27,36,群益金鼎-東大,2023-12-07,9135
3041,揚智,81,45,36,群益金鼎-東大,2023-12-07,9135
2344,華邦電,38,3,35,群益金鼎-東大,2023-12-07,9135
3029,零壹,32,2,30,群益金鼎-東大,2023-12-07,9135
1316,上曜,30,0,30,群益金鼎-東大,2023-12-07,9135
00915,凱基優選高股息30,30,0,30,群益金鼎-東大,2023-12-07,9135
00680L,元大美債20正2,78,50,28,群益金鼎-東大,2023-12-07,9135
1522,堤維西,65,39,26,群益金鼎-東大,2023-12-07,9135
2365,昆盈,25,1,24,群益金鼎-東大,2023-12-07,9135
2495,普安,21,0,21,群益金鼎-東大,2023-12-07,9135
2883,凱基金,20,0,20,群益金鼎-東大,2023-12-07,9135
00933B,國泰10Y+金融債,20,0,20,群益金鼎-東大,2023-12-07,9135
1324,地球,19,0,19,群益金鼎-東大,2023-12-07,9135
00918,大華優利高填息30,19,0,19,群益金鼎-東大,2023-12-07,9135
1618,合機,72,54,18,群益金鼎-東大,2023-12-07,9135
00882,中信中國高股息,18,0,18,群益金鼎-東大,2023-12-07,9135
1616,億泰,19,1,18,群益金鼎-東大,2023-12-07,9135
2371,大同,41,23,18,群益金鼎-東大,2023-12-07,9135
2329,華泰,29,11,18,群益金鼎-東大,2023-12-07,9135
2641,正德,20,3,17,群益金鼎-東大,2023-12-07,9135
00715L,期街口布蘭特正2,27,10,17,群益金鼎-東大,2023-12-07,9135
3715,定穎投控,66,51,15,群益金鼎-東大,2023-12-07,9135
2436,偉詮電,27,12,15,群益金鼎-東大,2023-12-07,9135
3035,智原,35,21,14,群益金鼎-東大,2023-12-07,9135
2427,三商電,15,1,14,群益金鼎-東大,2023-12-07,9135
3450,聯鈞,21,7,14,群益金鼎-東大,2023-12-07,9135
2425,承啟,31,18,13,群益金鼎-東大,2023-12-07,9135
00885,富邦越南,13,0,13,群益金鼎-東大,2023-12-07,9135
3014,聯陽,12,0,12,群益金鼎-東大,2023-12-07,9135
8996,高力,24,12,12,群益金鼎-東大,2023-12-07,9135
1605,華新,12,1,11,群益金鼎-東大,2023-12-07,9135
3390,旭軟,40,29,11,群益金鼎-東大,2023-12-07,9135
3479,安勤,26,15,11,群益金鼎-東大,2023-12-07,9135
2317,鴻海,10,0,10,群益金鼎-東大,2023-12-07,9135
6770,力積電,11,1,10,群益金鼎-東大,2023-12-07,9135
5534,長虹,10,0,10,群益金鼎-東大,2023-12-07,9135
8096,擎亞,10,0,10,群益金鼎-東大,2023-12-07,9135
4137,麗豐-KY,8,0,8,群益金鼎-東大,2023-12-07,9135
2636,台驊控股,8,0,8,群益金鼎-東大,2023-12-07,9135
6150,撼訊,26,18,8,群益金鼎-東大,2023-12-07,9135
6122,擎邦,8,1,7,群益金鼎-東大,2023-12-07,9135
00900,富邦特選高股息30,102,0,102,群益金鼎-東大,2023-12-08,9135
5521,工信,100,2,98,群益金鼎-東大,2023-12-08,9135
00680L,元大美債20正2,92,1,91,群益金鼎-東大,2023-12-08,9135
1618,合機,106,21,85,群益金鼎-東大,2023-12-08,9135
00753L,中信中國50正2,85,0,85,群益金鼎-東大,2023-12-08,9135
00712,復華富時不動產,80,0,80,群益金鼎-東大,2023-12-08,9135
2883,凱基金,50,2,48,群益金鼎-東大,2023-12-08,9135
1514,亞力,91,46,45,群益金鼎-東大,2023-12-08,9135
00937B,群益ESG投等債20,51,10,41,群益金鼎-東大,2023-12-08,9135
00687B,國泰20年美債,41,3,38,群益金鼎-東大,2023-12-08,9135
6274,台燿,33,1,32,群益金鼎-東大,2023-12-08,9135
00679B,元大美債20年,30,0,30,群益金鼎-東大,2023-12-08,9135
3050,鈺德,30,0,30,群益金鼎-東大,2023-12-08,9135
6237,驊訊,37,10,27,群益金鼎-東大,2023-12-08,9135
00664R,國泰臺灣加權反1,25,0,25,群益金鼎-東大,2023-12-08,9135
1524,耿鼎,305,280,25,群益金鼎-東大,2023-12-08,9135
3483,力致,29,4,25,群益金鼎-東大,2023-12-08,9135
3715,定穎投控,35,11,24,群益金鼎-東大,2023-12-08,9135
8112,至上,45,21,24,群益金鼎-東大,2023-12-08,9135
8054,安國,47,27,20,群益金鼎-東大,2023-12-08,9135
6026,福邦證,20,0,20,群益金鼎-東大,2023-12-08,9135
00642U,期元大S＆P石油,20,0,20,群益金鼎-東大,2023-12-08,9135
4167,松瑞藥,21,2,19,群益金鼎-東大,2023-12-08,9135
00795B,中信美國公債20年,21,3,18,群益金鼎-東大,2023-12-08,9135
00650L,復華香港正2,17,0,17,群益金鼎-東大,2023-12-08,9135
9105,泰金寶-DR,16,0,16,群益金鼎-東大,2023-12-08,9135
00919,群益台灣精選高息,61,45,16,群益金鼎-東大,2023-12-08,9135
5347,世界,16,0,16,群益金鼎-東大,2023-12-08,9135
9935,慶豐富,15,0,15,群益金鼎-東大,2023-12-08,9135
00935,野村臺灣新科技50,15,0,15,群益金鼎-東大,2023-12-08,9135
00751B,元大AAA至A公司債,29,15,14,群益金鼎-東大,2023-12-08,9135
2314,台揚,18,4,14,群益金鼎-東大,2023-12-08,9135
1568,倉佑,20,6,14,群益金鼎-東大,2023-12-08,9135
2329,華泰,29,16,13,群益金鼎-東大,2023-12-08,9135
1312,國喬,12,0,12,群益金鼎-東大,2023-12-08,9135
4906,正文,12,1,11,群益金鼎-東大,2023-12-08,9135
1316,上曜,11,0,11,群益金鼎-東大,2023-12-08,9135
00882,中信中國高股息,10,0,10,群益金鼎-東大,2023-12-08,9135
2905,三商,10,0,10,群益金鼎-東大,2023-12-08,9135
3527,聚積,12,2,10,群益金鼎-東大,2023-12-08,9135
8404,百和興業-KY,10,0,10,群益金鼎-東大,2023-12-08,9135
00671R,富邦NASDAQ反1,10,0,10,群益金鼎-東大,2023-12-08,9135
2449,京元電子,18,8,10,群益金鼎-東大,2023-12-08,9135
2520,冠德,14,4,10,群益金鼎-東大,2023-12-08,9135
6245,立端,10,1,9,群益金鼎-東大,2023-12-08,9135
4909,新復興,10,1,9,群益金鼎-東大,2023-12-08,9135
00724B,群益投資級金融債,9,0,9,群益金鼎-東大,2023-12-08,9135
3264,欣銓,9,0,9,群益金鼎-東大,2023-12-08,9135
2442,新美齊,10,1,9,群益金鼎-東大,2023-12-08,9135
2303,聯電,16,8,8,群益金鼎-東大,2023-12-08,9135
00687B,國泰20年美債,126,0,126,群益金鼎-東大,2023-12-11,9135
00919,群益台灣精選高息,142,65,77,群益金鼎-東大,2023-12-11,9135
2883,凱基金,60,0,60,群益金鼎-東大,2023-12-11,9135
00931B,統一美債20年,86,27,59,群益金鼎-東大,2023-12-11,9135
2867,三商壽,52,0,52,群益金鼎-東大,2023-12-11,9135
5871,中租-KY,49,0,49,群益金鼎-東大,2023-12-11,9135
1618,合機,73,26,47,群益金鼎-東大,2023-12-11,9135
2007,燁興,45,0,45,群益金鼎-東大,2023-12-11,9135
4744,皇將,45,0,45,群益金鼎-東大,2023-12-11,9135
2401,凌陽,63,21,42,群益金鼎-東大,2023-12-11,9135
00712,復華富時不動產,40,0,40,群益金鼎-東大,2023-12-11,9135
00751B,元大AAA至A公司債,44,11,33,群益金鼎-東大,2023-12-11,9135
3615,安可,33,0,33,群益金鼎-東大,2023-12-11,9135
00688L,國泰20年美債正2,39,9,30,群益金鼎-東大,2023-12-11,9135
4916,事欣科,28,0,28,群益金鼎-東大,2023-12-11,9135
1312,國喬,26,0,26,群益金鼎-東大,2023-12-11,9135
2399,映泰,29,4,25,群益金鼎-東大,2023-12-11,9135
4956,光鋐,27,5,22,群益金鼎-東大,2023-12-11,9135
6005,群益證,21,0,21,群益金鼎-東大,2023-12-11,9135
1524,耿鼎,99,78,21,群益金鼎-東大,2023-12-11,9135
1522,堤維西,24,4,20,群益金鼎-東大,2023-12-11,9135
8089,康全電訊,20,0,20,群益金鼎-東大,2023-12-11,9135
00885,富邦越南,20,2,18,群益金鼎-東大,2023-12-11,9135
00665L,富邦�琤肭磪囓�2,18,0,18,群益金鼎-東大,2023-12-11,9135
1319,東陽,20,2,18,群益金鼎-東大,2023-12-11,9135
2002,中鋼,16,0,16,群益金鼎-東大,2023-12-11,9135
00679B,元大美債20年,24,8,16,群益金鼎-東大,2023-12-11,9135
8358,金居,15,0,15,群益金鼎-東大,2023-12-11,9135
00680L,元大美債20正2,14,0,14,群益金鼎-東大,2023-12-11,9135
6148,驊宏資,14,0,14,群益金鼎-東大,2023-12-11,9135
2520,冠德,19,5,14,群益金鼎-東大,2023-12-11,9135
6547,高端疫苗,14,0,14,群益金鼎-東大,2023-12-11,9135
00795B,中信美國公債20年,13,0,13,群益金鼎-東大,2023-12-11,9135
2892,第一金,15,2,13,群益金鼎-東大,2023-12-11,9135
5426,振發,21,8,13,群益金鼎-東大,2023-12-11,9135
1514,亞力,42,30,12,群益金鼎-東大,2023-12-11,9135
3715,定穎投控,27,15,12,群益金鼎-東大,2023-12-11,9135
2488,漢平,12,0,12,群益金鼎-東大,2023-12-11,9135
2353,宏��,17,5,12,群益金鼎-東大,2023-12-11,9135
5381,合正,17,5,12,群益金鼎-東大,2023-12-11,9135
6231,系微,19,8,11,群益金鼎-東大,2023-12-11,9135
1466,聚隆,11,0,11,群益金鼎-東大,2023-12-11,9135
3260,威剛,35,24,11,群益金鼎-東大,2023-12-11,9135
3035,智原,13,3,10,群益金鼎-東大,2023-12-11,9135
1605,華新,12,2,10,群益金鼎-東大,2023-12-11,9135
6274,台燿,20,10,10,群益金鼎-東大,2023-12-11,9135
6177,達麗,10,0,10,群益金鼎-東大,2023-12-11,9135
6245,立端,10,0,10,群益金鼎-東大,2023-12-11,9135
3024,憶聲,10,0,10,群益金鼎-東大,2023-12-11,9135
3581,博磊,10,0,10,群益金鼎-東大,2023-12-11,9135
00919,群益台灣精選高息,202,58,144,群益金鼎-東大,2023-12-12,9135
00688L,國泰20年美債正2,117,0,117,群益金鼎-東大,2023-12-12,9135
2516,新建,106,0,106,群益金鼎-東大,2023-12-12,9135
00712,復華富時不動產,80,0,80,群益金鼎-東大,2023-12-12,9135
00665L,富邦�琤肭磪囓�2,92,36,56,群益金鼎-東大,2023-12-12,9135
1618,合機,146,91,55,群益金鼎-東大,2023-12-12,9135
2867,三商壽,50,0,50,群益金鼎-東大,2023-12-12,9135
00680L,元大美債20正2,45,0,45,群益金鼎-東大,2023-12-12,9135
00671R,富邦NASDAQ反1,45,0,45,群益金鼎-東大,2023-12-12,9135
00929,復華台灣科技優息,48,3,45,群益金鼎-東大,2023-12-12,9135
2888,新光金,39,2,37,群益金鼎-東大,2023-12-12,9135
2409,友達,29,0,29,群益金鼎-東大,2023-12-12,9135
2313,華通,70,43,27,群益金鼎-東大,2023-12-12,9135
00751B,元大AAA至A公司債,26,0,26,群益金鼎-東大,2023-12-12,9135
2882,國泰金,24,1,23,群益金鼎-東大,2023-12-12,9135
3231,緯創,20,0,20,群益金鼎-東大,2023-12-12,9135
5213,亞昕,18,0,18,群益金鼎-東大,2023-12-12,9135
00918,大華優利高填息30,17,0,17,群益金鼎-東大,2023-12-12,9135
6284,佳邦,19,2,17,群益金鼎-東大,2023-12-12,9135
2607,榮運,17,1,16,群益金鼎-東大,2023-12-12,9135
4915,致伸,16,0,16,群益金鼎-東大,2023-12-12,9135
4908,前鼎,30,14,16,群益金鼎-東大,2023-12-12,9135
1608,華榮,25,10,15,群益金鼎-東大,2023-12-12,9135
00687B,國泰20年美債,37,22,15,群益金鼎-東大,2023-12-12,9135
1584,精剛,25,10,15,群益金鼎-東大,2023-12-12,9135
1603,華電,15,0,15,群益金鼎-東大,2023-12-12,9135
3019,亞光,24,9,15,群益金鼎-東大,2023-12-12,9135
2399,映泰,21,6,15,群益金鼎-東大,2023-12-12,9135
5355,佳總,15,1,14,群益金鼎-東大,2023-12-12,9135
2402,毅嘉,65,51,14,群益金鼎-東大,2023-12-12,9135
00679B,元大美債20年,13,0,13,群益金鼎-東大,2023-12-12,9135
5515,建國,13,0,13,群益金鼎-東大,2023-12-12,9135
00795B,中信美國公債20年,12,0,12,群益金鼎-東大,2023-12-12,9135
1220,台榮,12,0,12,群益金鼎-東大,2023-12-12,9135
6235,華孚,12,0,12,群益金鼎-東大,2023-12-12,9135
2468,華經,14,2,12,群益金鼎-東大,2023-12-12,9135
2881A,富邦特,11,0,11,群益金鼎-東大,2023-12-12,9135
6005,群益證,12,1,11,群益金鼎-東大,2023-12-12,9135
3363,上詮,11,0,11,群益金鼎-東大,2023-12-12,9135
1522,堤維西,20,9,11,群益金鼎-東大,2023-12-12,9135
6120,達運,11,0,11,群益金鼎-東大,2023-12-12,9135
3033,威健,11,0,11,群益金鼎-東大,2023-12-12,9135
8936,國統,32,21,11,群益金鼎-東大,2023-12-12,9135
00882,中信中國高股息,11,0,11,群益金鼎-東大,2023-12-12,9135
6239,力成,15,4,11,群益金鼎-東大,2023-12-12,9135
3029,零壹,10,0,10,群益金鼎-東大,2023-12-12,9135
5206,坤悅,13,3,10,群益金鼎-東大,2023-12-12,9135
2316,楠梓電,10,0,10,群益金鼎-東大,2023-12-12,9135
3122,笙泉,11,1,10,群益金鼎-東大,2023-12-12,9135
00761B,國泰A級公司債,10,0,10,群益金鼎-東大,2023-12-12,9135
2365,昆盈,194,28,166,群益金鼎-東大,2023-12-13,9135
00715L,期街口布蘭特正2,163,0,163,群益金鼎-東大,2023-12-13,9135
00919,群益台灣精選高息,220,100,120,群益金鼎-東大,2023-12-13,9135
00680L,元大美債20正2,89,0,89,群益金鼎-東大,2023-12-13,9135
00751B,元大AAA至A公司債,60,0,60,群益金鼎-東大,2023-12-13,9135
00929,復華台灣科技優息,85,29,56,群益金鼎-東大,2023-12-13,9135
00688L,國泰20年美債正2,52,0,52,群益金鼎-東大,2023-12-13,9135
2387,精元,77,32,45,群益金鼎-東大,2023-12-13,9135
00712,復華富時不動產,43,0,43,群益金鼎-東大,2023-12-13,9135
00795B,中信美國公債20年,51,11,40,群益金鼎-東大,2023-12-13,9135
5213,亞昕,47,8,39,群益金鼎-東大,2023-12-13,9135
5011,久陽,41,5,36,群益金鼎-東大,2023-12-13,9135
00918,大華優利高填息30,35,0,35,群益金鼎-東大,2023-12-13,9135
2367,燿華,31,1,30,群益金鼎-東大,2023-12-13,9135
00671R,富邦NASDAQ反1,30,0,30,群益金鼎-東大,2023-12-13,9135
5521,工信,39,13,26,群益金鼎-東大,2023-12-13,9135
6282,康舒,25,0,25,群益金鼎-東大,2023-12-13,9135
2383,台光電,26,2,24,群益金鼎-東大,2023-12-13,9135
2516,新建,26,2,24,群益金鼎-東大,2023-12-13,9135
2618,長榮航,24,2,22,群益金鼎-東大,2023-12-13,9135
5871,中租-KY,22,0,22,群益金鼎-東大,2023-12-13,9135
00722B,群益投資級電信債,22,0,22,群益金鼎-東大,2023-12-13,9135
00937B,群益ESG投等債20,30,8,22,群益金鼎-東大,2023-12-13,9135
1618,合機,30,9,21,群益金鼎-東大,2023-12-13,9135
9105,泰金寶-DR,19,0,19,群益金鼎-東大,2023-12-13,9135
2357,華碩,15,1,14,群益金鼎-東大,2023-12-13,9135
3704,合勤控,38,25,13,群益金鼎-東大,2023-12-13,9135
8930,青鋼,16,4,12,群益金鼎-東大,2023-12-13,9135
2886,兆豐金,12,0,12,群益金鼎-東大,2023-12-13,9135
3013,晟銘電,12,1,11,群益金鼎-東大,2023-12-13,9135
00934,中信成長高股息,11,0,11,群益金鼎-東大,2023-12-13,9135
3025,星通,11,1,10,群益金鼎-東大,2023-12-13,9135
3047,訊舟,15,5,10,群益金鼎-東大,2023-12-13,9135
3694,海華,14,4,10,群益金鼎-東大,2023-12-13,9135
00637L,元大滬深300正2,10,1,9,群益金鼎-東大,2023-12-13,9135
00679B,元大美債20年,10,1,9,群益金鼎-東大,2023-12-13,9135
2881A,富邦特,9,0,9,群益金鼎-東大,2023-12-13,9135
6291,沛亨,9,0,9,群益金鼎-東大,2023-12-13,9135
4561,健椿,9,0,9,群益金鼎-東大,2023-12-13,9135
00933B,國泰10Y+金融債,8,0,8,群益金鼎-東大,2023-12-13,9135
1609,大亞,8,0,8,群益金鼎-東大,2023-12-13,9135
00882,中信中國高股息,8,0,8,群益金鼎-東大,2023-12-13,9135
3024,憶聲,8,0,8,群益金鼎-東大,2023-12-13,9135
3265,台星科,8,0,8,群益金鼎-東大,2023-12-13,9135
2609,陽明,8,0,8,群益金鼎-東大,2023-12-13,9135
3231,緯創,56,48,8,群益金鼎-東大,2023-12-13,9135
2867,三商壽,7,0,7,群益金鼎-東大,2023-12-13,9135
2474,可成,7,0,7,群益金鼎-東大,2023-12-13,9135
6592,和潤企業,7,0,7,群益金鼎-東大,2023-12-13,9135
8011,台通,11,4,7,群益金鼎-東大,2023-12-13,9135
00919,群益台灣精選高息,303,6,297,群益金鼎-東大,2023-12-14,9135
5521,工信,675,453,222,群益金鼎-東大,2023-12-14,9135
00632R,元大台灣50反1,162,11,151,群益金鼎-東大,2023-12-14,9135
00929,復華台灣科技優息,160,93,67,群益金鼎-東大,2023-12-14,9135
5515,建國,67,3,64,群益金鼎-東大,2023-12-14,9135
2331,精英,61,1,60,群益金鼎-東大,2023-12-14,9135
00688L,國泰20年美債正2,55,4,51,群益金鼎-東大,2023-12-14,9135
00687B,國泰20年美債,50,1,49,群益金鼎-東大,2023-12-14,9135
5213,亞昕,45,0,45,群益金鼎-東大,2023-12-14,9135
2498,宏達電,120,76,44,群益金鼎-東大,2023-12-14,9135
00937B,群益ESG投等債20,70,29,41,群益金鼎-東大,2023-12-14,9135
5314,世紀,40,0,40,群益金鼎-東大,2023-12-14,9135
00936,台新永續高息中小,38,0,38,群益金鼎-東大,2023-12-14,9135
00772B,中信高評級公司債,35,0,35,群益金鼎-東大,2023-12-14,9135
6194,育富,35,0,35,群益金鼎-東大,2023-12-14,9135
4908,前鼎,36,2,34,群益金鼎-東大,2023-12-14,9135
2520,冠德,57,24,33,群益金鼎-東大,2023-12-14,9135
6274,台燿,72,41,31,群益金鼎-東大,2023-12-14,9135
2537,聯上發,31,0,31,群益金鼎-東大,2023-12-14,9135
2425,承啟,47,21,26,群益金鼎-東大,2023-12-14,9135
3685,元創精密,24,0,24,群益金鼎-東大,2023-12-14,9135
2884,玉山金,21,0,21,群益金鼎-東大,2023-12-14,9135
2329,華泰,39,18,21,群益金鼎-東大,2023-12-14,9135
5864,致和證,20,0,20,群益金鼎-東大,2023-12-14,9135
2883,凱基金,22,3,19,群益金鼎-東大,2023-12-14,9135
2882,國泰金,22,3,19,群益金鼎-東大,2023-12-14,9135
2363,矽統,103,85,18,群益金鼎-東大,2023-12-14,9135
2426,鼎元,20,2,18,群益金鼎-東大,2023-12-14,9135
3715,定穎投控,37,19,18,群益金鼎-東大,2023-12-14,9135
6285,啟��,39,21,18,群益金鼎-東大,2023-12-14,9135
00679B,元大美債20年,34,17,17,群益金鼎-東大,2023-12-14,9135
9105,泰金寶-DR,17,0,17,群益金鼎-東大,2023-12-14,9135
2474,可成,16,0,16,群益金鼎-東大,2023-12-14,9135
3163,波若威,16,1,15,群益金鼎-東大,2023-12-14,9135
3005,神基,49,35,14,群益金鼎-東大,2023-12-14,9135
3006,晶豪科,24,10,14,群益金鼎-東大,2023-12-14,9135
00637L,元大滬深300正2,14,0,14,群益金鼎-東大,2023-12-14,9135
2609,陽明,12,0,12,群益金鼎-東大,2023-12-14,9135
6147,頎邦,31,19,12,群益金鼎-東大,2023-12-14,9135
3032,偉訓,12,0,12,群益金鼎-東大,2023-12-14,9135
4915,致伸,15,3,12,群益金鼎-東大,2023-12-14,9135
4939,亞電,15,3,12,群益金鼎-東大,2023-12-14,9135
00713,元大台灣高息低波,11,0,11,群益金鼎-東大,2023-12-14,9135
2349,錸德,10,0,10,群益金鼎-東大,2023-12-14,9135
00935,野村臺灣新科技50,20,10,10,群益金鼎-東大,2023-12-14,9135
2881A,富邦特,10,0,10,群益金鼎-東大,2023-12-14,9135
00885,富邦越南,11,1,10,群益金鼎-東大,2023-12-14,9135
9962,有益,10,0,10,群益金鼎-東大,2023-12-14,9135
3380,明泰,17,7,10,群益金鼎-東大,2023-12-14,9135
4167,松瑞藥,12,3,9,群益金鼎-東大,2023-12-14,9135
2356,英業達,224,136,88,群益金鼎-東大,2023-12-15,9135
00680L,元大美債20正2,96,9,87,群益金鼎-東大,2023-12-15,9135
00918,大華優利高填息30,81,8,73,群益金鼎-東大,2023-12-15,9135
6153,嘉聯益,70,3,67,群益金鼎-東大,2023-12-15,9135
00933B,國泰10Y+金融債,61,4,57,群益金鼎-東大,2023-12-15,9135
00929,復華台灣科技優息,133,80,53,群益金鼎-東大,2023-12-15,9135
5521,工信,471,419,52,群益金鼎-東大,2023-12-15,9135
00679B,元大美債20年,59,8,51,群益金鼎-東大,2023-12-15,9135
1785,光洋科,50,0,50,群益金鼎-東大,2023-12-15,9135
00915,凱基優選高股息30,77,30,47,群益金鼎-東大,2023-12-15,9135
3685,元創精密,30,0,30,群益金鼎-東大,2023-12-15,9135
00772B,中信高評級公司債,29,0,29,群益金鼎-東大,2023-12-15,9135
2402,毅嘉,31,3,28,群益金鼎-東大,2023-12-15,9135
00751B,元大AAA至A公司債,28,0,28,群益金鼎-東大,2023-12-15,9135
6901,鑽石投資,24,0,24,群益金鼎-東大,2023-12-15,9135
00934,中信成長高股息,22,0,22,群益金鼎-東大,2023-12-15,9135
6695,芯鼎,23,2,21,群益金鼎-東大,2023-12-15,9135
00664R,國泰臺灣加權反1,20,0,20,群益金鼎-東大,2023-12-15,9135
2801,彰銀,20,0,20,群益金鼎-東大,2023-12-15,9135
00688L,國泰20年美債正2,25,5,20,群益金鼎-東大,2023-12-15,9135
5011,久陽,19,0,19,群益金鼎-東大,2023-12-15,9135
00753L,中信中國50正2,20,1,19,群益金鼎-東大,2023-12-15,9135
6176,瑞儀,20,1,19,群益金鼎-東大,2023-12-15,9135
4945,陞達科技,18,0,18,群益金鼎-東大,2023-12-15,9135
2301,光寶科,18,1,17,群益金鼎-東大,2023-12-15,9135
3260,威剛,33,16,17,群益金鼎-東大,2023-12-15,9135
2884,玉山金,17,0,17,群益金鼎-東大,2023-12-15,9135
00885,富邦越南,20,4,16,群益金鼎-東大,2023-12-15,9135
2317,鴻海,16,0,16,群益金鼎-東大,2023-12-15,9135
3715,定穎投控,23,7,16,群益金鼎-東大,2023-12-15,9135
3047,訊舟,16,0,16,群益金鼎-東大,2023-12-15,9135
3024,憶聲,15,0,15,群益金鼎-東大,2023-12-15,9135
00673R,期元大S＆P原油反1,15,0,15,群益金鼎-東大,2023-12-15,9135
00902,中信電池及儲能,14,0,14,群益金鼎-東大,2023-12-15,9135
3707,漢磊,18,4,14,群益金鼎-東大,2023-12-15,9135
2363,矽統,117,103,14,群益金鼎-東大,2023-12-15,9135
2332,友訊,15,1,14,群益金鼎-東大,2023-12-15,9135
6147,頎邦,21,7,14,群益金鼎-東大,2023-12-15,9135
3231,緯創,24,10,14,群益金鼎-東大,2023-12-15,9135
8011,台通,20,7,13,群益金鼎-東大,2023-12-15,9135
1584,精剛,41,28,13,群益金鼎-東大,2023-12-15,9135
6789,采鈺,13,0,13,群益金鼎-東大,2023-12-15,9135
3094,聯傑,14,1,13,群益金鼎-東大,2023-12-15,9135
9919,康那香,12,0,12,群益金鼎-東大,2023-12-15,9135
2023,燁輝,15,3,12,群益金鼎-東大,2023-12-15,9135
00687B,國泰20年美債,32,21,11,群益金鼎-東大,2023-12-15,9135
2412,中華電,11,0,11,群益金鼎-東大,2023-12-15,9135
6120,達運,11,0,11,群益金鼎-東大,2023-12-15,9135
5432,新門,16,5,11,群益金鼎-東大,2023-12-15,9135
6290,良維,13,2,11,群益金鼎-東大,2023-12-15,9135
00929,復華台灣科技優息,188,15,173,群益金鼎-東大,2023-12-18,9135
00931B,統一美債20年,106,12,94,群益金鼎-東大,2023-12-18,9135
6120,達運,94,0,94,群益金鼎-東大,2023-12-18,9135
6901,鑽石投資,81,0,81,群益金鼎-東大,2023-12-18,9135
2323,中環,60,0,60,群益金鼎-東大,2023-12-18,9135
2356,英業達,72,13,59,群益金鼎-東大,2023-12-18,9135
00665L,富邦�琤肭磪囓�2,54,0,54,群益金鼎-東大,2023-12-18,9135
00918,大華優利高填息30,57,4,53,群益金鼎-東大,2023-12-18,9135
00687B,國泰20年美債,79,34,45,群益金鼎-東大,2023-12-18,9135
00937B,群益ESG投等債20,79,37,42,群益金鼎-東大,2023-12-18,9135
6216,居易,40,0,40,群益金鼎-東大,2023-12-18,9135
00919,群益台灣精選高息,80,41,39,群益金鼎-東大,2023-12-18,9135
00751B,元大AAA至A公司債,57,24,33,群益金鼎-東大,2023-12-18,9135
00935,野村臺灣新科技50,31,0,31,群益金鼎-東大,2023-12-18,9135
00679B,元大美債20年,41,11,30,群益金鼎-東大,2023-12-18,9135
00712,復華富時不動產,46,20,26,群益金鼎-東大,2023-12-18,9135
00915,凱基優選高股息30,24,2,22,群益金鼎-東大,2023-12-18,9135
2412,中華電,21,0,21,群益金鼎-東大,2023-12-18,9135
00795B,中信美國公債20年,18,0,18,群益金鼎-東大,2023-12-18,9135
2884,玉山金,34,16,18,群益金鼎-東大,2023-12-18,9135
2101,南港,25,7,18,群益金鼎-東大,2023-12-18,9135
5515,建國,17,0,17,群益金鼎-東大,2023-12-18,9135
2888,新光金,17,0,17,群益金鼎-東大,2023-12-18,9135
2609,陽明,114,99,15,群益金鼎-東大,2023-12-18,9135
00671R,富邦NASDAQ反1,15,0,15,群益金鼎-東大,2023-12-18,9135
2887,台新金,14,0,14,群益金鼎-東大,2023-12-18,9135
2392,正崴,14,0,14,群益金鼎-東大,2023-12-18,9135
3231,緯創,21,9,12,群益金鼎-東大,2023-12-18,9135
1907,永豐餘,12,0,12,群益金鼎-東大,2023-12-18,9135
3006,晶豪科,70,58,12,群益金鼎-東大,2023-12-18,9135
3685,元創精密,12,0,12,群益金鼎-東大,2023-12-18,9135
1522,堤維西,16,5,11,群益金鼎-東大,2023-12-18,9135
2002,中鋼,14,4,10,群益金鼎-東大,2023-12-18,9135
00885,富邦越南,10,0,10,群益金鼎-東大,2023-12-18,9135
5351,鈺創,13,3,10,群益金鼎-東大,2023-12-18,9135
6245,立端,15,5,10,群益金鼎-東大,2023-12-18,9135
00753L,中信中國50正2,10,0,10,群益金鼎-東大,2023-12-18,9135
00877,復華中國5G,10,0,10,群益金鼎-東大,2023-12-18,9135
2610,華航,10,0,10,群益金鼎-東大,2023-12-18,9135
2838A,聯邦銀甲特,10,0,10,群益金鼎-東大,2023-12-18,9135
00706L,期元大S＆P日圓正2,10,0,10,群益金鼎-東大,2023-12-18,9135
1727,中華化,12,2,10,群益金鼎-東大,2023-12-18,9135
2337,旺宏,10,0,10,群益金鼎-東大,2023-12-18,9135
2103,台橡,10,0,10,群益金鼎-東大,2023-12-18,9135
00936,台新永續高息中小,10,0,10,群益金鼎-東大,2023-12-18,9135
6147,頎邦,14,5,9,群益金鼎-東大,2023-12-18,9135
8936,國統,19,10,9,群益金鼎-東大,2023-12-18,9135
1319,東陽,11,2,9,群益金鼎-東大,2023-12-18,9135
2305,全友,8,0,8,群益金鼎-東大,2023-12-18,9135
3211,順達,12,4,8,群益金鼎-東大,2023-12-18,9135
00929,復華台灣科技優息,239,90,149,群益金鼎-東大,2023-12-19,9135
00919,群益台灣精選高息,127,7,120,群益金鼎-東大,2023-12-19,9135
2426,鼎元,69,0,69,群益金鼎-東大,2023-12-19,9135
1905,華紙,96,28,68,群益金鼎-東大,2023-12-19,9135
4953,緯軟,60,0,60,群益金鼎-東大,2023-12-19,9135
2007,燁興,63,4,59,群益金鼎-東大,2023-12-19,9135
2101,南港,56,0,56,群益金鼎-東大,2023-12-19,9135
00720B,元大投資級公司債,51,0,51,群益金鼎-東大,2023-12-19,9135
00891,中信關鍵半導體,40,0,40,群益金鼎-東大,2023-12-19,9135
3006,晶豪科,37,5,32,群益金鼎-東大,2023-12-19,9135
5347,世界,32,0,32,群益金鼎-東大,2023-12-19,9135
2883,凱基金,31,0,31,群益金鼎-東大,2023-12-19,9135
1312,國喬,28,2,26,群益金鼎-東大,2023-12-19,9135
00885,富邦越南,25,0,25,群益金鼎-東大,2023-12-19,9135
2356,英業達,50,27,23,群益金鼎-東大,2023-12-19,9135
00795B,中信美國公債20年,22,0,22,群益金鼎-東大,2023-12-19,9135
3665,貿聯-KY,21,0,21,群益金鼎-東大,2023-12-19,9135
00687B,國泰20年美債,35,15,20,群益金鼎-東大,2023-12-19,9135
00937B,群益ESG投等債20,45,29,16,群益金鼎-東大,2023-12-19,9135
8215,明基材,16,0,16,群益金鼎-東大,2023-12-19,9135
2382,廣達,78,64,14,群益金鼎-東大,2023-12-19,9135
2329,華泰,18,4,14,群益金鼎-東大,2023-12-19,9135
3260,威剛,25,12,13,群益金鼎-東大,2023-12-19,9135
3624,光頡,14,1,13,群益金鼎-東大,2023-12-19,9135
2352,佳世達,12,0,12,群益金鼎-東大,2023-12-19,9135
6274,台燿,56,44,12,群益金鼎-東大,2023-12-19,9135
1605,華新,13,2,11,群益金鼎-東大,2023-12-19,9135
9907,統一實,11,0,11,群益金鼎-東大,2023-12-19,9135
1907,永豐餘,11,0,11,群益金鼎-東大,2023-12-19,9135
2353,宏��,131,120,11,群益金鼎-東大,2023-12-19,9135
5258,虹堡,10,0,10,群益金鼎-東大,2023-12-19,9135
2061,風青,10,0,10,群益金鼎-東大,2023-12-19,9135
00715L,期街口布蘭特正2,20,10,10,群益金鼎-東大,2023-12-19,9135
00857B,永豐20年美公債,10,0,10,群益金鼎-東大,2023-12-19,9135
00877,復華中國5G,10,0,10,群益金鼎-東大,2023-12-19,9135
2363,矽統,25,15,10,群益金鼎-東大,2023-12-19,9135
2419,仲琦,10,0,10,群益金鼎-東大,2023-12-19,9135
3374,精材,10,0,10,群益金鼎-東大,2023-12-19,9135
4116,明基醫,10,0,10,群益金鼎-東大,2023-12-19,9135
6578,達邦蛋白,10,0,10,群益金鼎-東大,2023-12-19,9135
6216,居易,10,0,10,群益金鼎-東大,2023-12-19,9135
6806,森崴能源,20,10,10,群益金鼎-東大,2023-12-19,9135
2457,飛宏,10,0,10,群益金鼎-東大,2023-12-19,9135
2337,旺宏,9,0,9,群益金鼎-東大,2023-12-19,9135
00713,元大台灣高息低波,11,2,9,群益金鼎-東大,2023-12-19,9135
5388,中磊,9,0,9,群益金鼎-東大,2023-12-19,9135
00671R,富邦NASDAQ反1,9,0,9,群益金鼎-東大,2023-12-19,9135
2409,友達,9,0,9,群益金鼎-東大,2023-12-19,9135
2392,正崴,9,0,9,群益金鼎-東大,2023-12-19,9135
8112,至上,15,6,9,群益金鼎-東大,2023-12-19,9135
2618,長榮航,122,4,118,群益金鼎-東大,2023-12-20,9135
9105,泰金寶-DR,111,4,107,群益金鼎-東大,2023-12-20,9135
2476,鉅祥,102,1,101,群益金鼎-東大,2023-12-20,9135
2610,華航,100,10,90,群益金鼎-東大,2023-12-20,9135
2323,中環,80,6,74,群益金鼎-東大,2023-12-20,9135
00665L,富邦�琤肭磪囓�2,50,2,48,群益金鼎-東大,2023-12-20,9135
2356,英業達,224,178,46,群益金鼎-東大,2023-12-20,9135
2515,中工,63,20,43,群益金鼎-東大,2023-12-20,9135
6191,精成科,41,1,40,群益金鼎-東大,2023-12-20,9135
00720B,元大投資級公司債,42,8,34,群益金鼎-東大,2023-12-20,9135
00715L,期街口布蘭特正2,31,5,26,群益金鼎-東大,2023-12-20,9135
00919,群益台灣精選高息,22,1,21,群益金鼎-東大,2023-12-20,9135
2801,彰銀,21,0,21,群益金鼎-東大,2023-12-20,9135
2101,南港,22,1,21,群益金鼎-東大,2023-12-20,9135
1727,中華化,20,0,20,群益金鼎-東大,2023-12-20,9135
2537,聯上發,20,0,20,群益金鼎-東大,2023-12-20,9135
3047,訊舟,70,50,20,群益金鼎-東大,2023-12-20,9135
00671R,富邦NASDAQ反1,20,0,20,群益金鼎-東大,2023-12-20,9135
6443,元晶,66,47,19,群益金鼎-東大,2023-12-20,9135
2421,建準,18,1,17,群益金鼎-東大,2023-12-20,9135
3707,漢磊,15,0,15,群益金鼎-東大,2023-12-20,9135
00673R,期元大S＆P原油反1,15,0,15,群益金鼎-東大,2023-12-20,9135
8085,福華,161,146,15,群益金鼎-東大,2023-12-20,9135
00687B,國泰20年美債,21,7,14,群益金鼎-東大,2023-12-20,9135
3663,鑫科,14,0,14,群益金鼎-東大,2023-12-20,9135
00719B,元大美債1-3,14,0,14,群益金鼎-東大,2023-12-20,9135
2365,昆盈,15,1,14,群益金鼎-東大,2023-12-20,9135
2888,新光金,13,0,13,群益金鼎-東大,2023-12-20,9135
3373,熱映,17,4,13,群益金鼎-東大,2023-12-20,9135
3481,群創,20,8,12,群益金鼎-東大,2023-12-20,9135
6278,台表科,12,0,12,群益金鼎-東大,2023-12-20,9135
00937B,群益ESG投等債20,22,11,11,群益金鼎-東大,2023-12-20,9135
2033,佳大,52,41,11,群益金鼎-東大,2023-12-20,9135
2897,王道銀行,10,0,10,群益金鼎-東大,2023-12-20,9135
2606,裕民,18,8,10,群益金鼎-東大,2023-12-20,9135
00933B,國泰10Y+金融債,10,0,10,群益金鼎-東大,2023-12-20,9135
1907,永豐餘,10,0,10,群益金鼎-東大,2023-12-20,9135
2423,固緯,10,0,10,群益金鼎-東大,2023-12-20,9135
6811,宏�硌穈T,10,0,10,群益金鼎-東大,2023-12-20,9135
2607,榮運,13,3,10,群益金鼎-東大,2023-12-20,9135
6244,茂迪,11,1,10,群益金鼎-東大,2023-12-20,9135
3532,台勝科,22,12,10,群益金鼎-東大,2023-12-20,9135
2881A,富邦特,10,0,10,群益金鼎-東大,2023-12-20,9135
3035,智原,11,2,9,群益金鼎-東大,2023-12-20,9135
3694,海華,10,2,8,群益金鼎-東大,2023-12-20,9135
2038,海光,37,29,8,群益金鼎-東大,2023-12-20,9135
3701,大眾控,8,0,8,群益金鼎-東大,2023-12-20,9135
2367,燿華,8,0,8,群益金鼎-東大,2023-12-20,9135
5388,中磊,8,0,8,群益金鼎-東大,2023-12-20,9135
6202,盛群,8,0,8,群益金鼎-東大,2023-12-20,9135
9105,泰金寶-DR,402,78,324,群益金鼎-東大,2023-12-21,9135
00919,群益台灣精選高息,146,18,128,群益金鼎-東大,2023-12-21,9135
00929,復華台灣科技優息,125,9,116,群益金鼎-東大,2023-12-21,9135
2542,興富發,51,0,51,群益金鼎-東大,2023-12-21,9135
00665L,富邦�琤肭磪囓�2,52,2,50,群益金鼎-東大,2023-12-21,9135
00751B,元大AAA至A公司債,45,1,44,群益金鼎-東大,2023-12-21,9135
6191,精成科,40,0,40,群益金鼎-東大,2023-12-21,9135
2506,太設,36,1,35,群益金鼎-東大,2023-12-21,9135
00937B,群益ESG投等債20,50,16,34,群益金鼎-東大,2023-12-21,9135
1304,台聚,44,10,34,群益金鼎-東大,2023-12-21,9135
2303,聯電,31,6,25,群益金鼎-東大,2023-12-21,9135
3665,貿聯-KY,24,0,24,群益金鼎-東大,2023-12-21,9135
1466,聚隆,24,0,24,群益金鼎-東大,2023-12-21,9135
8054,安國,51,31,20,群益金鼎-東大,2023-12-21,9135
2515,中工,400,381,19,群益金鼎-東大,2023-12-21,9135
8110,華東,21,3,18,群益金鼎-東大,2023-12-21,9135
00933B,國泰10Y+金融債,18,0,18,群益金鼎-東大,2023-12-21,9135
2324,仁寶,50,33,17,群益金鼎-東大,2023-12-21,9135
2038,海光,42,25,17,群益金鼎-東大,2023-12-21,9135
2611,志信,17,0,17,群益金鼎-東大,2023-12-21,9135
6147,頎邦,16,0,16,群益金鼎-東大,2023-12-21,9135
2890,永豐金,15,0,15,群益金鼎-東大,2023-12-21,9135
2880,華南金,16,1,15,群益金鼎-東大,2023-12-21,9135
00680L,元大美債20正2,18,3,15,群益金鼎-東大,2023-12-21,9135
1907,永豐餘,14,0,14,群益金鼎-東大,2023-12-21,9135
2371,大同,13,0,13,群益金鼎-東大,2023-12-21,9135
3035,智原,16,4,12,群益金鼎-東大,2023-12-21,9135
2401,凌陽,12,0,12,群益金鼎-東大,2023-12-21,9135
2607,榮運,12,0,12,群益金鼎-東大,2023-12-21,9135
0056,元大高股息,12,0,12,群益金鼎-東大,2023-12-21,9135
1325,恆大,30,19,11,群益金鼎-東大,2023-12-21,9135
2634,漢翔,12,1,11,群益金鼎-東大,2023-12-21,9135
1732,毛寶,201,190,11,群益金鼎-東大,2023-12-21,9135
2002,中鋼,20,10,10,群益金鼎-東大,2023-12-21,9135
6219,富旺,10,0,10,群益金鼎-東大,2023-12-21,9135
3685,元創精密,10,0,10,群益金鼎-東大,2023-12-21,9135
3564,其陽,10,0,10,群益金鼎-東大,2023-12-21,9135
1524,耿鼎,12,2,10,群益金鼎-東大,2023-12-21,9135
2332,友訊,10,0,10,群益金鼎-東大,2023-12-21,9135
6216,居易,10,0,10,群益金鼎-東大,2023-12-21,9135
2317,鴻海,10,0,10,群益金鼎-東大,2023-12-21,9135
9103,美德醫療-DR,10,0,10,群益金鼎-東大,2023-12-21,9135
3715,定穎投控,12,2,10,群益金鼎-東大,2023-12-21,9135
3264,欣銓,11,1,10,群益金鼎-東大,2023-12-21,9135
2382,廣達,24,15,9,群益金鼎-東大,2023-12-21,9135
4167,松瑞藥,57,48,9,群益金鼎-東大,2023-12-21,9135
6605,帝寶,9,0,9,群益金鼎-東大,2023-12-21,9135
6695,芯鼎,9,0,9,群益金鼎-東大,2023-12-21,9135
2641,正德,12,3,9,群益金鼎-東大,2023-12-21,9135
2801,彰銀,9,0,9,群益金鼎-東大,2023-12-21,9135
00937B,群益ESG投等債20,159,0,159,群益金鼎-東大,2023-12-22,9135
00753L,中信中國50正2,150,0,150,群益金鼎-東大,2023-12-22,9135
00688L,國泰20年美債正2,112,0,112,群益金鼎-東大,2023-12-22,9135
2543,皇昌,121,13,108,群益金鼎-東大,2023-12-22,9135
00687B,國泰20年美債,107,1,106,群益金鼎-東大,2023-12-22,9135
00665L,富邦�琤肭磪囓�2,109,7,102,群益金鼎-東大,2023-12-22,9135
2618,長榮航,111,9,102,群益金鼎-東大,2023-12-22,9135
2610,華航,137,56,81,群益金鼎-東大,2023-12-22,9135
2344,華邦電,130,79,51,群益金鼎-東大,2023-12-22,9135
2611,志信,48,0,48,群益金鼎-東大,2023-12-22,9135
1605,華新,45,2,43,群益金鼎-東大,2023-12-22,9135
00919,群益台灣精選高息,52,12,40,群益金鼎-東大,2023-12-22,9135
8011,台通,39,0,39,群益金鼎-東大,2023-12-22,9135
2356,英業達,151,125,26,群益金鼎-東大,2023-12-22,9135
00679B,元大美債20年,26,0,26,群益金鼎-東大,2023-12-22,9135
2537,聯上發,25,0,25,群益金鼎-東大,2023-12-22,9135
2032,新鋼,24,0,24,群益金鼎-東大,2023-12-22,9135
8054,安國,61,37,24,群益金鼎-東大,2023-12-22,9135
00751B,元大AAA至A公司債,23,0,23,群益金鼎-東大,2023-12-22,9135
8086,宏捷科,23,1,22,群益金鼎-東大,2023-12-22,9135
00795B,中信美國公債20年,22,1,21,群益金鼎-東大,2023-12-22,9135
00764B,群益25年美債,21,0,21,群益金鼎-東大,2023-12-22,9135
8112,至上,28,7,21,群益金鼎-東大,2023-12-22,9135
1305,華夏,20,0,20,群益金鼎-東大,2023-12-22,9135
00929,復華台灣科技優息,24,4,20,群益金鼎-東大,2023-12-22,9135
5202,力新,20,0,20,群益金鼎-東大,2023-12-22,9135
9919,康那香,19,0,19,群益金鼎-東大,2023-12-22,9135
3035,智原,26,10,16,群益金鼎-東大,2023-12-22,9135
2324,仁寶,36,20,16,群益金鼎-東大,2023-12-22,9135
3013,晟銘電,25,11,14,群益金鼎-東大,2023-12-22,9135
2368,金像電,16,2,14,群益金鼎-東大,2023-12-22,9135
2323,中環,35,24,11,群益金鼎-東大,2023-12-22,9135
6443,元晶,24,12,12,群益金鼎-東大,2023-12-22,9135
6461,益得,11,1,10,群益金鼎-東大,2023-12-22,9135
3535,晶彩科,10,0,10,群益金鼎-東大,2023-12-22,9135
9944,新麗,10,0,10,群益金鼎-東大,2023-12-22,9135
3704,合勤控,10,0,10,群益金鼎-東大,2023-12-22,9135
6216,居易,10,0,10,群益金鼎-東大,2023-12-22,9135
4116,明基醫,10,0,10,群益金鼎-東大,2023-12-22,9135
2528,皇普,10,0,10,群益金鼎-東大,2023-12-22,9135
00877,復華中國5G,10,0,10,群益金鼎-東大,2023-12-22,9135
2534,宏盛,10,0,10,群益金鼎-東大,2023-12-22,9135
3588,通嘉,10,0,10,群益金鼎-東大,2023-12-22,9135
2408,南亞科,19,9,10,群益金鼎-東大,2023-12-22,9135
1325,恆大,26,17,9,群益金鼎-東大,2023-12-22,9135
2201,裕隆,11,2,9,群益金鼎-東大,2023-12-22,9135
3019,亞光,9,0,9,群益金鼎-東大,2023-12-22,9135
2881A,富邦特,10,1,9,群益金鼎-東大,2023-12-22,9135
3231,緯創,13,4,9,群益金鼎-東大,2023-12-22,9135
00720B,元大投資級公司債,17,9,8,群益金鼎-東大,2023-12-22,9135
00919,群益台灣精選高息,139,10,129,群益金鼎-東大,2023-12-25,9135
2356,英業達,99,45,54,群益金鼎-東大,2023-12-25,9135
2883,凱基金,50,0,50,群益金鼎-東大,2023-12-25,9135
5519,隆大,36,0,36,群益金鼎-東大,2023-12-25,9135
2609,陽明,119,86,33,群益金鼎-東大,2023-12-25,9135
4973,廣穎,32,0,32,群益金鼎-東大,2023-12-25,9135
4909,新復興,32,1,31,群益金鼎-東大,2023-12-25,9135
2405,輔信,34,4,30,群益金鼎-東大,2023-12-25,9135
00937B,群益ESG投等債20,59,30,29,群益金鼎-東大,2023-12-25,9135
00929,復華台灣科技優息,33,6,27,群益金鼎-東大,2023-12-25,9135
2498,宏達電,65,39,26,群益金鼎-東大,2023-12-25,9135
6285,啟��,29,6,23,群益金鼎-東大,2023-12-25,9135
4532,瑞智,23,0,23,群益金鼎-東大,2023-12-25,9135
00680L,元大美債20正2,22,0,22,群益金鼎-東大,2023-12-25,9135
8054,安國,27,7,20,群益金鼎-東大,2023-12-25,9135
2485,兆赫,21,1,20,群益金鼎-東大,2023-12-25,9135
2615,萬海,41,22,19,群益金鼎-東大,2023-12-25,9135
2007,燁興,27,10,17,群益金鼎-東大,2023-12-25,9135
2324,仁寶,252,235,17,群益金鼎-東大,2023-12-25,9135
3059,華晶科,18,2,16,群益金鼎-東大,2023-12-25,9135
2014,中鴻,67,52,15,群益金鼎-東大,2023-12-25,9135
2537,聯上發,15,0,15,群益金鼎-東大,2023-12-25,9135
3041,揚智,14,1,13,群益金鼎-東大,2023-12-25,9135
00679B,元大美債20年,15,3,12,群益金鼎-東大,2023-12-25,9135
00688L,國泰20年美債正2,12,0,12,群益金鼎-東大,2023-12-25,9135
2331,精英,13,2,11,群益金鼎-東大,2023-12-25,9135
8088,品安,33,22,11,群益金鼎-東大,2023-12-25,9135
00933B,國泰10Y+金融債,11,0,11,群益金鼎-東大,2023-12-25,9135
00935,野村臺灣新科技50,10,0,10,群益金鼎-東大,2023-12-25,9135
3029,零壹,10,0,10,群益金鼎-東大,2023-12-25,9135
1312,國喬,13,3,10,群益金鼎-東大,2023-12-25,9135
2069,運錩,10,0,10,群益金鼎-東大,2023-12-25,9135
1305,華夏,10,0,10,群益金鼎-東大,2023-12-25,9135
3588,通嘉,10,0,10,群益金鼎-東大,2023-12-25,9135
6216,居易,10,0,10,群益金鼎-東大,2023-12-25,9135
9105,泰金寶-DR,115,105,10,群益金鼎-東大,2023-12-25,9135
3006,晶豪科,23,14,9,群益金鼎-東大,2023-12-25,9135
3704,合勤控,11,2,9,群益金鼎-東大,2023-12-25,9135
00751B,元大AAA至A公司債,13,5,8,群益金鼎-東大,2023-12-25,9135
1466,聚隆,8,0,8,群益金鼎-東大,2023-12-25,9135
4960,誠美材,12,5,7,群益金鼎-東大,2023-12-25,9135
3024,憶聲,25,18,7,群益金鼎-東大,2023-12-25,9135
6605,帝寶,7,0,7,群益金鼎-東大,2023-12-25,9135
4977,眾達-KY,7,0,7,群益金鼎-東大,2023-12-25,9135
6245,立端,7,0,7,群益金鼎-東大,2023-12-25,9135
2421,建準,12,6,6,群益金鼎-東大,2023-12-25,9135
5388,中磊,6,0,6,群益金鼎-東大,2023-12-25,9135
5608,四維航,8,2,6,群益金鼎-東大,2023-12-25,9135
4306,炎洲,6,0,6,群益金鼎-東大,2023-12-25,9135
2032,新鋼,9,4,5,群益金鼎-東大,2023-12-25,9135
2889,國票金,114,10,104,群益金鼎-東大,2023-12-26,9135
00687B,國泰20年美債,42,2,40,群益金鼎-東大,2023-12-26,9135
2353,宏��,186,149,37,群益金鼎-東大,2023-12-26,9135
3481,群創,36,9,27,群益金鼎-東大,2023-12-26,9135
00712,復華富時不動產,26,0,26,群益金鼎-東大,2023-12-26,9135
3390,旭軟,50,24,26,群益金鼎-東大,2023-12-26,9135
00751B,元大AAA至A公司債,25,0,25,群益金鼎-東大,2023-12-26,9135
2324,仁寶,169,145,24,群益金鼎-東大,2023-12-26,9135
00877,復華中國5G,20,0,20,群益金鼎-東大,2023-12-26,9135
00929,復華台灣科技優息,84,65,19,群益金鼎-東大,2023-12-26,9135
3231,緯創,21,4,17,群益金鼎-東大,2023-12-26,9135
2609,陽明,184,169,15,群益金鼎-東大,2023-12-26,9135
8089,康全電訊,18,3,15,群益金鼎-東大,2023-12-26,9135
00719B,元大美債1-3,14,0,14,群益金鼎-東大,2023-12-26,9135
5508,永信建,12,0,12,群益金鼎-東大,2023-12-26,9135
3264,欣銓,12,0,12,群益金鼎-東大,2023-12-26,9135
1519,華城,19,9,10,群益金鼎-東大,2023-12-26,9135
4909,新復興,10,0,10,群益金鼎-東大,2023-12-26,9135
2905,三商,10,0,10,群益金鼎-東大,2023-12-26,9135
2355,敬鵬,10,0,10,群益金鼎-東大,2023-12-26,9135
2033,佳大,41,31,10,群益金鼎-東大,2023-12-26,9135
00688L,國泰20年美債正2,10,0,10,群益金鼎-東大,2023-12-26,9135
00720B,元大投資級公司債,9,0,9,群益金鼎-東大,2023-12-26,9135
2382,廣達,15,6,9,群益金鼎-東大,2023-12-26,9135
2356,英業達,106,97,9,群益金鼎-東大,2023-12-26,9135
6756,威鋒電子,14,5,9,群益金鼎-東大,2023-12-26,9135
2610,華航,39,30,9,群益金鼎-東大,2023-12-26,9135
00937B,群益ESG投等債20,37,30,7,群益金鼎-東大,2023-12-26,9135
2611,志信,7,0,7,群益金鼎-東大,2023-12-26,9135
2365,昆盈,8,1,7,群益金鼎-東大,2023-12-26,9135
2528,皇普,7,0,7,群益金鼎-東大,2023-12-26,9135
8213,志超,6,0,6,群益金鼎-東大,2023-12-26,9135
6274,台燿,40,34,6,群益金鼎-東大,2023-12-26,9135
00673R,期元大S＆P原油反1,5,0,5,群益金鼎-東大,2023-12-26,9135
5351,鈺創,5,0,5,群益金鼎-東大,2023-12-26,9135
3178,公準,6,1,5,群益金鼎-東大,2023-12-26,9135
1732,毛寶,6,1,5,群益金鼎-東大,2023-12-26,9135
3576,聯合再生,5,0,5,群益金鼎-東大,2023-12-26,9135
2883,凱基金,5,0,5,群益金鼎-東大,2023-12-26,9135
00671R,富邦NASDAQ反1,5,0,5,群益金鼎-東大,2023-12-26,9135
3078,僑威,5,0,5,群益金鼎-東大,2023-12-26,9135
4906,正文,5,0,5,群益金鼎-東大,2023-12-26,9135
3540,曜越,5,0,5,群益金鼎-東大,2023-12-26,9135
5213,亞昕,5,0,5,群益金鼎-東大,2023-12-26,9135
5347,世界,7,3,4,群益金鼎-東大,2023-12-26,9135
00713,元大台灣高息低波,4,0,4,群益金鼎-東大,2023-12-26,9135
6182,合晶,4,0,4,群益金鼎-東大,2023-12-26,9135
1582,信錦,6,2,4,群益金鼎-東大,2023-12-26,9135
6166,凌華,4,0,4,群益金鼎-東大,2023-12-26,9135
00772B,中信高評級公司債,4,0,4,群益金鼎-東大,2023-12-26,9135
00937B,群益ESG投等債20,271,39,232,群益金鼎-東大,2023-12-27,9135
2324,仁寶,391,271,120,群益金鼎-東大,2023-12-27,9135
00878,國泰永續高股息,98,42,56,群益金鼎-東大,2023-12-27,9135
1304,台聚,56,0,56,群益金鼎-東大,2023-12-27,9135
00919,群益台灣精選高息,39,2,37,群益金鼎-東大,2023-12-27,9135
2611,志信,25,0,25,群益金鼎-東大,2023-12-27,9135
2353,宏��,106,83,23,群益金鼎-東大,2023-12-27,9135
4909,新復興,22,0,22,群益金鼎-東大,2023-12-27,9135
00687B,國泰20年美債,23,1,22,群益金鼎-東大,2023-12-27,9135
00673R,期元大S＆P原油反1,20,0,20,群益金鼎-東大,2023-12-27,9135
6126,信音,20,0,20,群益金鼎-東大,2023-12-27,9135
00795B,中信美國公債20年,19,0,19,群益金鼎-東大,2023-12-27,9135
00724B,群益投資級金融債,18,0,18,群益金鼎-東大,2023-12-27,9135
3059,華晶科,18,0,18,群益金鼎-東大,2023-12-27,9135
4541,晟田,15,0,15,群益金鼎-東大,2023-12-27,9135
2312,金寶,13,0,13,群益金鼎-東大,2023-12-27,9135
2408,南亞科,14,2,12,群益金鼎-東大,2023-12-27,9135
00637L,元大滬深300正2,13,2,11,群益金鼎-東大,2023-12-27,9135
00688L,國泰20年美債正2,11,0,11,群益金鼎-東大,2023-12-27,9135
6243,迅杰,14,3,11,群益金鼎-東大,2023-12-27,9135
3035,智原,14,3,11,群益金鼎-東大,2023-12-27,9135
6756,威鋒電子,16,5,11,群益金鼎-東大,2023-12-27,9135
6288,聯嘉,58,47,11,群益金鼎-東大,2023-12-27,9135
2537,聯上發,10,0,10,群益金鼎-東大,2023-12-27,9135
00650L,復華香港正2,10,0,10,群益金鼎-東大,2023-12-27,9135
00720B,元大投資級公司債,10,0,10,群益金鼎-東大,2023-12-27,9135
3128,昇銳,10,0,10,群益金鼎-東大,2023-12-27,9135
3630,新鉅科,10,0,10,群益金鼎-東大,2023-12-27,9135
00680L,元大美債20正2,10,0,10,群益金鼎-東大,2023-12-27,9135
6695,芯鼎,39,29,10,群益金鼎-東大,2023-12-27,9135
8112,至上,12,2,10,群益金鼎-東大,2023-12-27,9135
00935,野村臺灣新科技50,9,0,9,群益金鼎-東大,2023-12-27,9135
6182,合晶,8,0,8,群益金鼎-東大,2023-12-27,9135
00862B,中信投資級公司債,8,0,8,群益金鼎-東大,2023-12-27,9135
2362,藍天,8,0,8,群益金鼎-東大,2023-12-27,9135
3685,元創精密,8,0,8,群益金鼎-東大,2023-12-27,9135
5206,坤悅,9,1,8,群益金鼎-東大,2023-12-27,9135
9919,康那香,8,1,7,群益金鼎-東大,2023-12-27,9135
2609,陽明,56,49,7,群益金鼎-東大,2023-12-27,9135
3014,聯陽,10,3,7,群益金鼎-東大,2023-12-27,9135
3521,鴻翊,7,0,7,群益金鼎-東大,2023-12-27,9135
2462,良得電,6,0,6,群益金鼎-東大,2023-12-27,9135
3338,泰碩,6,0,6,群益金鼎-東大,2023-12-27,9135
8011,台通,6,0,6,群益金鼎-東大,2023-12-27,9135
3178,公準,6,0,6,群益金鼎-東大,2023-12-27,9135
2388,威盛,8,2,6,群益金鼎-東大,2023-12-27,9135
3438,類比科,7,1,6,群益金鼎-東大,2023-12-27,9135
3694,海華,16,10,6,群益金鼎-東大,2023-12-27,9135
2038,海光,8,2,6,群益金鼎-東大,2023-12-27,9135
2543,皇昌,6,0,6,群益金鼎-東大,2023-12-27,9135
2303,聯電,246,59,187,群益金鼎-東大,2023-12-28,9135
2365,昆盈,200,51,149,群益金鼎-東大,2023-12-28,9135
5876,上海商銀,130,0,130,群益金鼎-東大,2023-12-28,9135
00679B,元大美債20年,107,11,96,群益金鼎-東大,2023-12-28,9135
00919,群益台灣精選高息,103,17,86,群益金鼎-東大,2023-12-28,9135
00937B,群益ESG投等債20,112,33,79,群益金鼎-東大,2023-12-28,9135
2324,仁寶,213,142,71,群益金鼎-東大,2023-12-28,9135
5521,工信,60,3,57,群益金鼎-東大,2023-12-28,9135
5864,致和證,30,0,30,群益金鼎-東大,2023-12-28,9135
3231,緯創,45,20,25,群益金鼎-東大,2023-12-28,9135
00673R,期元大S＆P原油反1,22,0,22,群益金鼎-東大,2023-12-28,9135
1514,亞力,32,11,21,群益金鼎-東大,2023-12-28,9135
00687B,國泰20年美債,21,0,21,群益金鼎-東大,2023-12-28,9135
00931B,統一美債20年,20,0,20,群益金鼎-東大,2023-12-28,9135
00680L,元大美債20正2,20,0,20,群益金鼎-東大,2023-12-28,9135
2820,華票,20,0,20,群益金鼎-東大,2023-12-28,9135
3685,元創精密,16,0,16,群益金鼎-東大,2023-12-28,9135
2356,英業達,217,201,16,群益金鼎-東大,2023-12-28,9135
00878,國泰永續高股息,19,4,15,群益金鼎-東大,2023-12-28,9135
2537,聯上發,15,0,15,群益金鼎-東大,2023-12-28,9135
00688L,國泰20年美債正2,20,6,14,群益金鼎-東大,2023-12-28,9135
6695,芯鼎,20,7,13,群益金鼎-東大,2023-12-28,9135
4909,新復興,13,0,13,群益金鼎-東大,2023-12-28,9135
6469,大樹,12,0,12,群益金鼎-東大,2023-12-28,9135
2520,冠德,11,0,11,群益金鼎-東大,2023-12-28,9135
3078,僑威,11,0,11,群益金鼎-東大,2023-12-28,9135
3706,神達,104,93,11,群益金鼎-東大,2023-12-28,9135
2884,玉山金,11,0,11,群益金鼎-東大,2023-12-28,9135
00720B,元大投資級公司債,10,0,10,群益金鼎-東大,2023-12-28,9135
6026,福邦證,10,0,10,群益金鼎-東大,2023-12-28,9135
2069,運錩,10,0,10,群益金鼎-東大,2023-12-28,9135
6016,康和證,10,0,10,群益金鼎-東大,2023-12-28,9135
00860B,群益1-5Y投資級債,10,0,10,群益金鼎-東大,2023-12-28,9135
00885,富邦越南,10,0,10,群益金鼎-東大,2023-12-28,9135
6237,驊訊,10,0,10,群益金鼎-東大,2023-12-28,9135
3035,智原,12,3,9,群益金鼎-東大,2023-12-28,9135
00715L,期街口布蘭特正2,10,1,9,群益金鼎-東大,2023-12-28,9135
2337,旺宏,24,15,9,群益金鼎-東大,2023-12-28,9135
00795B,中信美國公債20年,9,0,9,群益金鼎-東大,2023-12-28,9135
6153,嘉聯益,8,0,8,群益金鼎-東大,2023-12-28,9135
1325,恆大,8,0,8,群益金鼎-東大,2023-12-28,9135
4960,誠美材,8,0,8,群益金鼎-東大,2023-12-28,9135
3346,麗清,9,1,8,群益金鼎-東大,2023-12-28,9135
6679,鈺太,7,0,7,群益金鼎-東大,2023-12-28,9135
8096,擎亞,37,31,6,群益金鼎-東大,2023-12-28,9135
00713,元大台灣高息低波,6,0,6,群益金鼎-東大,2023-12-28,9135
3702,大聯大,6,0,6,群益金鼎-東大,2023-12-28,9135
2449,京元電子,8,2,6,群益金鼎-東大,2023-12-28,9135
3363,上詮,6,0,6,群益金鼎-東大,2023-12-28,9135
5425,台半,7,1,6,群益金鼎-東大,2023-12-28,9135
00937B,群益ESG投等債20,182,31,151,群益金鼎-東大,2023-12-29,9135
4938,和碩,105,4,101,群益金鼎-東大,2023-12-29,9135
00919,群益台灣精選高息,92,5,87,群益金鼎-東大,2023-12-29,9135
00679B,元大美債20年,87,0,87,群益金鼎-東大,2023-12-29,9135
00720B,元大投資級公司債,77,0,77,群益金鼎-東大,2023-12-29,9135
00715L,期街口布蘭特正2,70,0,70,群益金鼎-東大,2023-12-29,9135
2543,皇昌,58,0,58,群益金鼎-東大,2023-12-29,9135
6285,啟��,43,0,43,群益金鼎-東大,2023-12-29,9135
5864,致和證,40,0,40,群益金鼎-東大,2023-12-29,9135
3006,晶豪科,43,7,36,群益金鼎-東大,2023-12-29,9135
2362,藍天,45,11,34,群益金鼎-東大,2023-12-29,9135
00680L,元大美債20正2,33,0,33,群益金鼎-東大,2023-12-29,9135
2104,國際中橡,30,0,30,群益金鼎-東大,2023-12-29,9135
2501,國建,26,0,26,群益金鼎-東大,2023-12-29,9135
8467,波力-KY,22,0,22,群益金鼎-東大,2023-12-29,9135
00687B,國泰20年美債,19,0,19,群益金鼎-東大,2023-12-29,9135
4119,旭富,18,0,18,群益金鼎-東大,2023-12-29,9135
6593,台灣銘板,18,0,18,群益金鼎-東大,2023-12-29,9135
1609,大亞,30,13,17,群益金鼎-東大,2023-12-29,9135
00929,復華台灣科技優息,25,9,16,群益金鼎-東大,2023-12-29,9135
3051,力特,16,0,16,群益金鼎-東大,2023-12-29,9135
2609,陽明,23,8,15,群益金鼎-東大,2023-12-29,9135
2884,玉山金,21,6,15,群益金鼎-東大,2023-12-29,9135
00931B,統一美債20年,12,0,12,群益金鼎-東大,2023-12-29,9135
6016,康和證,12,0,12,群益金鼎-東大,2023-12-29,9135
1605,華新,14,3,11,群益金鼎-東大,2023-12-29,9135
3325,旭品,11,1,10,群益金鼎-東大,2023-12-29,9135
2101,南港,13,3,10,群益金鼎-東大,2023-12-29,9135
2330,台積電,10,0,10,群益金鼎-東大,2023-12-29,9135
3094,聯傑,9,0,9,群益金鼎-東大,2023-12-29,9135
3231,緯創,86,77,9,群益金鼎-東大,2023-12-29,9135
9945,潤泰新,8,0,8,群益金鼎-東大,2023-12-29,9135
5876,上海商銀,8,0,8,群益金鼎-東大,2023-12-29,9135
2443,昶虹,8,0,8,群益金鼎-東大,2023-12-29,9135
3260,威剛,41,34,7,群益金鼎-東大,2023-12-29,9135
3694,海華,10,3,7,群益金鼎-東大,2023-12-29,9135
4906,正文,7,0,7,群益金鼎-東大,2023-12-29,9135
00764B,群益25年美債,7,0,7,群益金鼎-東大,2023-12-29,9135
2356,英業達,141,134,7,群益金鼎-東大,2023-12-29,9135
00712,復華富時不動產,10,4,6,群益金鼎-東大,2023-12-29,9135
2892,第一金,6,0,6,群益金鼎-東大,2023-12-29,9135
3162,精確,9,3,6,群益金鼎-東大,2023-12-29,9135
8404,百和興業-KY,6,0,6,群益金鼎-東大,2023-12-29,9135
2603,長榮,6,0,6,群益金鼎-東大,2023-12-29,9135
3338,泰碩,5,0,5,群益金鼎-東大,2023-12-29,9135
6233,旺玖,12,7,5,群益金鼎-東大,2023-12-29,9135
1304,台聚,5,0,5,群益金鼎-東大,2023-12-29,9135
2313,華通,7,2,5,群益金鼎-東大,2023-12-29,9135
2731,雄獅,6,1,5,群益金鼎-東大,2023-12-29,9135
4532,瑞智,5,0,5,群益金鼎-東大,2023-12-29,9135
00937B,群益ESG投等債20,299,45,254,群益金鼎-東大,2024-01-02,9135
00688L,國泰20年美債正2,215,0,215,群益金鼎-東大,2024-01-02,9135
00929,復華台灣科技優息,160,6,154,群益金鼎-東大,2024-01-02,9135
00919,群益台灣精選高息,76,3,73,群益金鼎-東大,2024-01-02,9135
6140,訊達,81,16,65,群益金鼎-東大,2024-01-02,9135
6179,亞通,34,0,34,群益金鼎-東大,2024-01-02,9135
00720B,元大投資級公司債,33,1,32,群益金鼎-東大,2024-01-02,9135
3231,緯創,61,30,31,群益金鼎-東大,2024-01-02,9135
00687B,國泰20年美債,29,0,29,群益金鼎-東大,2024-01-02,9135
00795B,中信美國公債20年,30,3,27,群益金鼎-東大,2024-01-02,9135
3217,優群,88,64,24,群益金鼎-東大,2024-01-02,9135
00934,中信成長高股息,24,0,24,群益金鼎-東大,2024-01-02,9135
2486,一詮,103,80,23,群益金鼎-東大,2024-01-02,9135
00680L,元大美債20正2,21,0,21,群益金鼎-東大,2024-01-02,9135
00933B,國泰10Y+金融債,21,0,21,群益金鼎-東大,2024-01-02,9135
00878,國泰永續高股息,23,3,20,群益金鼎-東大,2024-01-02,9135
3006,晶豪科,23,3,20,群益金鼎-東大,2024-01-02,9135
00637L,元大滬深300正2,20,0,20,群益金鼎-東大,2024-01-02,9135
6113,亞矽,38,19,19,群益金鼎-東大,2024-01-02,9135
00679B,元大美債20年,18,0,18,群益金鼎-東大,2024-01-02,9135
00921,兆豐龍頭等權重,17,0,17,群益金鼎-東大,2024-01-02,9135
2344,華邦電,37,21,16,群益金鼎-東大,2024-01-02,9135
2607,榮運,19,4,15,群益金鼎-東大,2024-01-02,9135
2352,佳世達,15,1,14,群益金鼎-東大,2024-01-02,9135
2332,友訊,15,1,14,群益金鼎-東大,2024-01-02,9135
0056,元大高股息,18,6,12,群益金鼎-東大,2024-01-02,9135
00935,野村臺灣新科技50,18,6,12,群益金鼎-東大,2024-01-02,9135
2609,陽明,127,115,12,群益金鼎-東大,2024-01-02,9135
00931B,統一美債20年,12,0,12,群益金鼎-東大,2024-01-02,9135
3346,麗清,12,1,11,群益金鼎-東大,2024-01-02,9135
6243,迅杰,11,0,11,群益金鼎-東大,2024-01-02,9135
3035,智原,17,6,11,群益金鼎-東大,2024-01-02,9135
00722B,群益投資級電信債,11,0,11,群益金鼎-東大,2024-01-02,9135
00885,富邦越南,10,0,10,群益金鼎-東大,2024-01-02,9135
2313,華通,19,9,10,群益金鼎-東大,2024-01-02,9135
1466,聚隆,10,0,10,群益金鼎-東大,2024-01-02,9135
2031,新光鋼,12,2,10,群益金鼎-東大,2024-01-02,9135
6275,元山,11,3,8,群益金鼎-東大,2024-01-02,9135
2329,華泰,8,0,8,群益金鼎-東大,2024-01-02,9135
3011,今皓,8,0,8,群益金鼎-東大,2024-01-02,9135
2454,聯發科,8,1,7,群益金鼎-東大,2024-01-02,9135
6153,嘉聯益,7,0,7,群益金鼎-東大,2024-01-02,9135
2409,友達,31,24,7,群益金鼎-東大,2024-01-02,9135
2615,萬海,37,30,7,群益金鼎-東大,2024-01-02,9135
6526,達發,6,0,6,群益金鼎-東大,2024-01-02,9135
4960,誠美材,6,0,6,群益金鼎-東大,2024-01-02,9135
2374,佳能,6,0,6,群益金鼎-東大,2024-01-02,9135
5511,德昌,17,11,6,群益金鼎-東大,2024-01-02,9135
4744,皇將,6,0,6,群益金鼎-東大,2024-01-02,9135
5403,中菲,6,0,6,群益金鼎-東大,2024-01-02,9135
00919,群益台灣精選高息,182,7,175,群益金鼎-東大,2024-01-03,9135
2618,長榮航,205,57,148,群益金鼎-東大,2024-01-03,9135
00929,復華台灣科技優息,135,15,120,群益金鼎-東大,2024-01-03,9135
00937B,群益ESG投等債20,109,30,79,群益金鼎-東大,2024-01-03,9135
00715L,期街口布蘭特正2,66,0,66,群益金鼎-東大,2024-01-03,9135
00724B,群益投資級金融債,60,0,60,群益金鼎-東大,2024-01-03,9135
00680L,元大美債20正2,75,15,60,群益金鼎-東大,2024-01-03,9135
00688L,國泰20年美債正2,49,0,49,群益金鼎-東大,2024-01-03,9135
00927,群益半導體收益,41,1,40,群益金鼎-東大,2024-01-03,9135
3260,威剛,47,8,39,群益金鼎-東大,2024-01-03,9135
6219,富旺,39,0,39,群益金鼎-東大,2024-01-03,9135
2323,中環,37,0,37,群益金鼎-東大,2024-01-03,9135
00878,國泰永續高股息,50,19,31,群益金鼎-東大,2024-01-03,9135
00934,中信成長高股息,33,2,31,群益金鼎-東大,2024-01-03,9135
00773B,中信優先金融債,30,0,30,群益金鼎-東大,2024-01-03,9135
4119,旭富,27,0,27,群益金鼎-東大,2024-01-03,9135
6770,力積電,26,0,26,群益金鼎-東大,2024-01-03,9135
00751B,元大AAA至A公司債,31,7,24,群益金鼎-東大,2024-01-03,9135
2887,台新金,28,5,23,群益金鼎-東大,2024-01-03,9135
3006,晶豪科,27,5,22,群益金鼎-東大,2024-01-03,9135
0056,元大高股息,46,24,22,群益金鼎-東大,2024-01-03,9135
8086,宏捷科,23,3,20,群益金鼎-東大,2024-01-03,9135
00877,復華中國5G,20,0,20,群益金鼎-東大,2024-01-03,9135
3390,旭軟,115,95,20,群益金鼎-東大,2024-01-03,9135
00753L,中信中國50正2,19,0,19,群益金鼎-東大,2024-01-03,9135
2101,南港,36,17,19,群益金鼎-東大,2024-01-03,9135
5426,振發,22,4,18,群益金鼎-東大,2024-01-03,9135
2501,國建,17,0,17,群益金鼎-東大,2024-01-03,9135
2509,全坤建,16,0,16,群益金鼎-東大,2024-01-03,9135
6129,普誠,16,0,16,群益金鼎-東大,2024-01-03,9135
00936,台新永續高息中小,49,33,16,群益金鼎-東大,2024-01-03,9135
3685,元創精密,15,0,15,群益金鼎-東大,2024-01-03,9135
00882,中信中國高股息,15,0,15,群益金鼎-東大,2024-01-03,9135
8096,擎亞,16,1,15,群益金鼎-東大,2024-01-03,9135
6182,合晶,13,0,13,群益金鼎-東大,2024-01-03,9135
00692,富邦公司治理,13,0,13,群益金鼎-東大,2024-01-03,9135
3059,華晶科,13,0,13,群益金鼎-東大,2024-01-03,9135
00720B,元大投資級公司債,12,0,12,群益金鼎-東大,2024-01-03,9135
5351,鈺創,12,0,12,群益金鼎-東大,2024-01-03,9135
2886,兆豐金,12,0,12,群益金鼎-東大,2024-01-03,9135
3504,揚明光,12,0,12,群益金鼎-東大,2024-01-03,9135
9105,泰金寶-DR,11,0,11,群益金鼎-東大,2024-01-03,9135
00712,復華富時不動產,11,1,10,群益金鼎-東大,2024-01-03,9135
2409,友達,10,0,10,群益金鼎-東大,2024-01-03,9135
00881,國泰台灣5G+,10,0,10,群益金鼎-東大,2024-01-03,9135
2352,佳世達,23,13,10,群益金鼎-東大,2024-01-03,9135
1447,力鵬,10,0,10,群益金鼎-東大,2024-01-03,9135
4413,飛寶企業,10,0,10,群益金鼎-東大,2024-01-03,9135
3665,貿聯-KY,10,0,10,群益金鼎-東大,2024-01-03,9135
00713,元大台灣高息低波,10,0,10,群益金鼎-東大,2024-01-03,9135
5876,上海商銀,98,0,98,群益金鼎-東大,2024-01-04,9135
9934,成霖,92,1,91,群益金鼎-東大,2024-01-04,9135
00929,復華台灣科技優息,107,29,78,群益金鼎-東大,2024-01-04,9135
00937B,群益ESG投等債20,96,31,65,群益金鼎-東大,2024-01-04,9135
00688L,國泰20年美債正2,60,0,60,群益金鼎-東大,2024-01-04,9135
2303,聯電,62,12,50,群益金鼎-東大,2024-01-04,9135
00725B,國泰投資級公司債,50,1,49,群益金鼎-東大,2024-01-04,9135
3665,貿聯-KY,41,0,41,群益金鼎-東大,2024-01-04,9135
9919,康那香,88,54,34,群益金鼎-東大,2024-01-04,9135
00918,大華優利高填息30,33,0,33,群益金鼎-東大,2024-01-04,9135
2455,全新,46,14,32,群益金鼎-東大,2024-01-04,9135
00633L,富邦上証正2,31,0,31,群益金鼎-東大,2024-01-04,9135
00927,群益半導體收益,30,0,30,群益金鼎-東大,2024-01-04,9135
00878,國泰永續高股息,47,18,29,群益金鼎-東大,2024-01-04,9135
5465,富驊,30,1,29,群益金鼎-東大,2024-01-04,9135
6695,芯鼎,42,17,25,群益金鼎-東大,2024-01-04,9135
3231,緯創,37,12,25,群益金鼎-東大,2024-01-04,9135
3706,神達,24,1,23,群益金鼎-東大,2024-01-04,9135
2607,榮運,26,5,21,群益金鼎-東大,2024-01-04,9135
2367,燿華,21,0,21,群益金鼎-東大,2024-01-04,9135
2032,新鋼,21,0,21,群益金鼎-東大,2024-01-04,9135
2009,第一銅,40,20,20,群益金鼎-東大,2024-01-04,9135
2537,聯上發,30,10,20,群益金鼎-東大,2024-01-04,9135
00919,群益台灣精選高息,20,3,17,群益金鼎-東大,2024-01-04,9135
00712,復華富時不動產,16,0,16,群益金鼎-東大,2024-01-04,9135
2023,燁輝,15,0,15,群益金鼎-東大,2024-01-04,9135
3264,欣銓,16,1,15,群益金鼎-東大,2024-01-04,9135
2615,萬海,32,18,14,群益金鼎-東大,2024-01-04,9135
00720B,元大投資級公司債,17,4,13,群益金鼎-東大,2024-01-04,9135
00772B,中信高評級公司債,12,0,12,群益金鼎-東大,2024-01-04,9135
2329,華泰,11,0,11,群益金鼎-東大,2024-01-04,9135
2344,華邦電,13,2,11,群益金鼎-東大,2024-01-04,9135
2606,裕民,35,24,11,群益金鼎-東大,2024-01-04,9135
5009,榮剛,15,4,11,群益金鼎-東大,2024-01-04,9135
2605,新興,27,16,11,群益金鼎-東大,2024-01-04,9135
00673R,期元大S＆P原油反1,11,0,11,群益金鼎-東大,2024-01-04,9135
00934,中信成長高股息,12,2,10,群益金鼎-東大,2024-01-04,9135
6216,居易,10,0,10,群益金鼎-東大,2024-01-04,9135
00922,國泰台灣領袖50,10,0,10,群益金鼎-東大,2024-01-04,9135
00877,復華中國5G,10,0,10,群益金鼎-東大,2024-01-04,9135
3029,零壹,10,0,10,群益金鼎-東大,2024-01-04,9135
3325,旭品,18,8,10,群益金鼎-東大,2024-01-04,9135
6108,競國,34,25,9,群益金鼎-東大,2024-01-04,9135
00637L,元大滬深300正2,10,1,9,群益金鼎-東大,2024-01-04,9135
4906,正文,9,0,9,群益金鼎-東大,2024-01-04,9135
5432,新門,9,0,9,群益金鼎-東大,2024-01-04,9135
6278,台表科,9,0,9,群益金鼎-東大,2024-01-04,9135
2206,三陽工業,9,0,9,群益金鼎-東大,2024-01-04,9135
5347,世界,10,1,9,群益金鼎-東大,2024-01-04,9135
3105,穩懋,10,2,8,群益金鼎-東大,2024-01-04,9135
6164,華興,127,7,120,群益金鼎-東大,2024-01-05,9135
2609,陽明,321,220,101,群益金鼎-東大,2024-01-05,9135
2618,長榮航,93,17,76,群益金鼎-東大,2024-01-05,9135
6770,力積電,183,119,64,群益金鼎-東大,2024-01-05,9135
2353,宏��,118,55,63,群益金鼎-東大,2024-01-05,9135
2537,聯上發,57,0,57,群益金鼎-東大,2024-01-05,9135
00915,凱基優選高股息30,44,0,44,群益金鼎-東大,2024-01-05,9135
00919,群益台灣精選高息,42,0,42,群益金鼎-東大,2024-01-05,9135
3665,貿聯-KY,34,0,34,群益金鼎-東大,2024-01-05,9135
2362,藍天,55,24,31,群益金鼎-東大,2024-01-05,9135
00929,復華台灣科技優息,80,50,30,群益金鼎-東大,2024-01-05,9135
00934,中信成長高股息,40,10,30,群益金鼎-東大,2024-01-05,9135
00687B,國泰20年美債,28,0,28,群益金鼎-東大,2024-01-05,9135
3706,神達,35,7,28,群益金鼎-東大,2024-01-05,9135
00878,國泰永續高股息,64,37,27,群益金鼎-東大,2024-01-05,9135
3264,欣銓,27,1,26,群益金鼎-東大,2024-01-05,9135
6219,富旺,26,1,25,群益金鼎-東大,2024-01-05,9135
6695,芯鼎,85,61,24,群益金鼎-東大,2024-01-05,9135
2605,新興,41,17,24,群益金鼎-東大,2024-01-05,9135
00907,永豐優息存股,20,0,20,群益金鼎-東大,2024-01-05,9135
00725B,國泰投資級公司債,20,0,20,群益金鼎-東大,2024-01-05,9135
00751B,元大AAA至A公司債,28,10,18,群益金鼎-東大,2024-01-05,9135
00795B,中信美國公債20年,18,0,18,群益金鼎-東大,2024-01-05,9135
00937B,群益ESG投等債20,92,75,17,群益金鼎-東大,2024-01-05,9135
00931B,統一美債20年,17,0,17,群益金鼎-東大,2024-01-05,9135
8054,安國,20,3,17,群益金鼎-東大,2024-01-05,9135
2520,冠德,46,31,15,群益金鼎-東大,2024-01-05,9135
2610,華航,27,12,15,群益金鼎-東大,2024-01-05,9135
00720B,元大投資級公司債,24,10,14,群益金鼎-東大,2024-01-05,9135
00679B,元大美債20年,13,0,13,群益金鼎-東大,2024-01-05,9135
00706L,期元大S＆P日圓正2,13,0,13,群益金鼎-東大,2024-01-05,9135
2409,友達,31,18,13,群益金鼎-東大,2024-01-05,9135
00927,群益半導體收益,12,0,12,群益金鼎-東大,2024-01-05,9135
1460,宏遠,12,0,12,群益金鼎-東大,2024-01-05,9135
3673,TPK-KY,51,39,12,群益金鼎-東大,2024-01-05,9135
1466,聚隆,11,0,11,群益金鼎-東大,2024-01-05,9135
2017,官田鋼,10,0,10,群益金鼎-東大,2024-01-05,9135
2371,大同,10,0,10,群益金鼎-東大,2024-01-05,9135
1721,三晃,12,2,10,群益金鼎-東大,2024-01-05,9135
9950,萬國通,10,0,10,群益金鼎-東大,2024-01-05,9135
00922,國泰台灣領袖50,10,0,10,群益金鼎-東大,2024-01-05,9135
00712,復華富時不動產,9,0,9,群益金鼎-東大,2024-01-05,9135
00719B,元大美債1-3,8,0,8,群益金鼎-東大,2024-01-05,9135
00715L,期街口布蘭特正2,8,0,8,群益金鼎-東大,2024-01-05,9135
3380,明泰,13,5,8,群益金鼎-東大,2024-01-05,9135
2501,國建,8,0,8,群益金鼎-東大,2024-01-05,9135
3481,群創,78,71,7,群益金鼎-東大,2024-01-05,9135
2352,佳世達,7,0,7,群益金鼎-東大,2024-01-05,9135
3034,聯詠,8,1,7,群益金鼎-東大,2024-01-05,9135
4123,晟德,7,0,7,群益金鼎-東大,2024-01-05,9135
00929,復華台灣科技優息,191,4,187,群益金鼎-東大,2024-01-08,9135
00937B,群益ESG投等債20,71,1,70,群益金鼎-東大,2024-01-08,9135
2353,宏��,238,174,64,群益金鼎-東大,2024-01-08,9135
2543,皇昌,114,54,60,群益金鼎-東大,2024-01-08,9135
00665L,富邦�琤肭磪囓�2,57,0,57,群益金鼎-東大,2024-01-08,9135
3714,富采,62,7,55,群益金鼎-東大,2024-01-08,9135
00637L,元大滬深300正2,49,1,48,群益金鼎-東大,2024-01-08,9135
00919,群益台灣精選高息,47,6,41,群益金鼎-東大,2024-01-08,9135
2362,藍天,141,104,37,群益金鼎-東大,2024-01-08,9135
00931B,統一美債20年,65,30,35,群益金鼎-東大,2024-01-08,9135
00679B,元大美債20年,44,10,34,群益金鼎-東大,2024-01-08,9135
00934,中信成長高股息,33,0,33,群益金鼎-東大,2024-01-08,9135
3665,貿聯-KY,30,0,30,群益金鼎-東大,2024-01-08,9135
00927,群益半導體收益,24,0,24,群益金鼎-東大,2024-01-08,9135
00712,復華富時不動產,21,0,21,群益金鼎-東大,2024-01-08,9135
00688L,國泰20年美債正2,21,0,21,群益金鼎-東大,2024-01-08,9135
00687B,國泰20年美債,43,23,20,群益金鼎-東大,2024-01-08,9135
2105,正新,20,0,20,群益金鼎-東大,2024-01-08,9135
00680L,元大美債20正2,22,3,19,群益金鼎-東大,2024-01-08,9135
00933B,國泰10Y+金融債,17,0,17,群益金鼎-東大,2024-01-08,9135
00907,永豐優息存股,16,0,16,群益金鼎-東大,2024-01-08,9135
00751B,元大AAA至A公司債,25,10,15,群益金鼎-東大,2024-01-08,9135
2528,皇普,15,0,15,群益金鼎-東大,2024-01-08,9135
1449,佳和,17,2,15,群益金鼎-東大,2024-01-08,9135
2363,矽統,15,0,15,群益金鼎-東大,2024-01-08,9135
0056,元大高股息,18,4,14,群益金鼎-東大,2024-01-08,9135
4956,光鋐,20,6,14,群益金鼎-東大,2024-01-08,9135
6416,瑞祺電通,24,10,14,群益金鼎-東大,2024-01-08,9135
6219,富旺,36,23,13,群益金鼎-東大,2024-01-08,9135
5309,系統電,15,2,13,群益金鼎-東大,2024-01-08,9135
2609,陽明,27,14,13,群益金鼎-東大,2024-01-08,9135
3006,晶豪科,16,3,13,群益金鼎-東大,2024-01-08,9135
6695,芯鼎,35,22,13,群益金鼎-東大,2024-01-08,9135
2338,光罩,13,0,13,群益金鼎-東大,2024-01-08,9135
2486,一詮,33,21,12,群益金鼎-東大,2024-01-08,9135
6274,台燿,11,0,11,群益金鼎-東大,2024-01-08,9135
00930,永豐ESG低碳高息,11,0,11,群益金鼎-東大,2024-01-08,9135
00725B,國泰投資級公司債,11,0,11,群益金鼎-東大,2024-01-08,9135
00877,復華中國5G,10,0,10,群益金鼎-東大,2024-01-08,9135
2331,精英,40,30,10,群益金鼎-東大,2024-01-08,9135
3390,旭軟,13,3,10,群益金鼎-東大,2024-01-08,9135
2509,全坤建,11,1,10,群益金鼎-東大,2024-01-08,9135
6690,安�硌穈T,10,0,10,群益金鼎-東大,2024-01-08,9135
2312,金寶,10,0,10,群益金鼎-東大,2024-01-08,9135
5864,致和證,10,0,10,群益金鼎-東大,2024-01-08,9135
2014,中鴻,10,0,10,群益金鼎-東大,2024-01-08,9135
00904,新光臺灣半導體30,10,0,10,群益金鼎-東大,2024-01-08,9135
3706,神達,10,0,10,群益金鼎-東大,2024-01-08,9135
3035,智原,27,18,9,群益金鼎-東大,2024-01-08,9135
2611,志信,10,1,9,群益金鼎-東大,2024-01-08,9135
00919,群益台灣精選高息,192,10,182,群益金鼎-東大,2024-01-09,9135
00725B,國泰投資級公司債,121,0,121,群益金鼎-東大,2024-01-09,9135
00937B,群益ESG投等債20,139,30,109,群益金鼎-東大,2024-01-09,9135
6770,力積電,73,3,70,群益金鼎-東大,2024-01-09,9135
4909,新復興,78,9,69,群益金鼎-東大,2024-01-09,9135
00715L,期街口布蘭特正2,65,0,65,群益金鼎-東大,2024-01-09,9135
2498,宏達電,86,28,58,群益金鼎-東大,2024-01-09,9135
3339,泰谷,50,0,50,群益金鼎-東大,2024-01-09,9135
4960,誠美材,46,7,39,群益金鼎-東大,2024-01-09,9135
3312,弘憶股,36,0,36,群益金鼎-東大,2024-01-09,9135
00720B,元大投資級公司債,36,2,34,群益金鼎-東大,2024-01-09,9135
00680L,元大美債20正2,33,0,33,群益金鼎-東大,2024-01-09,9135
2609,陽明,112,79,33,群益金鼎-東大,2024-01-09,9135
00929,復華台灣科技優息,49,17,32,群益金鼎-東大,2024-01-09,9135
2537,聯上發,55,26,29,群益金鼎-東大,2024-01-09,9135
3031,佰鴻,25,0,25,群益金鼎-東大,2024-01-09,9135
9802,鈺齊-KY,24,0,24,群益金鼎-東大,2024-01-09,9135
2501,國建,24,0,24,群益金鼎-東大,2024-01-09,9135
0056,元大高股息,22,0,22,群益金鼎-東大,2024-01-09,9135
1786,科妍,21,0,21,群益金鼎-東大,2024-01-09,9135
2312,金寶,20,0,20,群益金鼎-東大,2024-01-09,9135
00687B,國泰20年美債,22,3,19,群益金鼎-東大,2024-01-09,9135
6243,迅杰,22,5,17,群益金鼎-東大,2024-01-09,9135
3231,緯創,62,47,15,群益金鼎-東大,2024-01-09,9135
00900,富邦特選高股息30,14,0,14,群益金鼎-東大,2024-01-09,9135
2472,立隆電,15,1,14,群益金鼎-東大,2024-01-09,9135
2002,中鋼,13,0,13,群益金鼎-東大,2024-01-09,9135
8111,立��,61,49,12,群益金鼎-東大,2024-01-09,9135
2610,華航,19,7,12,群益金鼎-東大,2024-01-09,9135
8358,金居,11,0,11,群益金鼎-東大,2024-01-09,9135
6799,來頡,12,1,11,群益金鼎-東大,2024-01-09,9135
2371,大同,22,11,11,群益金鼎-東大,2024-01-09,9135
1305,華夏,11,0,11,群益金鼎-東大,2024-01-09,9135
6219,富旺,19,8,11,群益金鼎-東大,2024-01-09,9135
2324,仁寶,16,5,11,群益金鼎-東大,2024-01-09,9135
2834,臺企銀,10,0,10,群益金鼎-東大,2024-01-09,9135
2442,新美齊,10,0,10,群益金鼎-東大,2024-01-09,9135
00858,永豐美國500大,10,0,10,群益金鼎-東大,2024-01-09,9135
6216,居易,10,0,10,群益金鼎-東大,2024-01-09,9135
2603,長榮,34,25,9,群益金鼎-東大,2024-01-09,9135
2337,旺宏,9,0,9,群益金鼎-東大,2024-01-09,9135
2308,台達電,9,0,9,群益金鼎-東大,2024-01-09,9135
00770,國泰北美科技,10,2,8,群益金鼎-東大,2024-01-09,9135
3035,智原,25,18,7,群益金鼎-東大,2024-01-09,9135
1513,中興電,10,3,7,群益金鼎-東大,2024-01-09,9135
6245,立端,7,0,7,群益金鼎-東大,2024-01-09,9135
1605,華新,7,0,7,群益金鼎-東大,2024-01-09,9135
2882,國泰金,7,0,7,群益金鼎-東大,2024-01-09,9135
2884,玉山金,8,2,6,群益金鼎-東大,2024-01-09,9135
4956,光鋐,45,39,6,群益金鼎-東大,2024-01-09,9135
00937B,群益ESG投等債20,157,0,157,群益金鼎-東大,2024-01-10,9135
3339,泰谷,85,0,85,群益金鼎-東大,2024-01-10,9135
2101,南港,70,0,70,群益金鼎-東大,2024-01-10,9135
00680L,元大美債20正2,56,0,56,群益金鼎-東大,2024-01-10,9135
00904,新光臺灣半導體30,51,0,51,群益金鼎-東大,2024-01-10,9135
2312,金寶,45,0,45,群益金鼎-東大,2024-01-10,9135
00919,群益台灣精選高息,63,24,39,群益金鼎-東大,2024-01-10,9135
2537,聯上發,37,0,37,群益金鼎-東大,2024-01-10,9135
00671R,富邦NASDAQ反1,35,0,35,群益金鼎-東大,2024-01-10,9135
00712,復華富時不動產,31,0,31,群益金鼎-東大,2024-01-10,9135
00751B,元大AAA至A公司債,30,0,30,群益金鼎-東大,2024-01-10,9135
2329,華泰,45,16,29,群益金鼎-東大,2024-01-10,9135
00713,元大台灣高息低波,27,1,26,群益金鼎-東大,2024-01-10,9135
2883,凱基金,21,1,20,群益金鼎-東大,2024-01-10,9135
2801,彰銀,20,0,20,群益金鼎-東大,2024-01-10,9135
1337,再生-KY,20,0,20,群益金鼎-東大,2024-01-10,9135
4960,誠美材,20,1,19,群益金鼎-東大,2024-01-10,9135
00770,國泰北美科技,20,1,19,群益金鼎-東大,2024-01-10,9135
3665,貿聯-KY,17,0,17,群益金鼎-東大,2024-01-10,9135
00688L,國泰20年美債正2,17,0,17,群益金鼎-東大,2024-01-10,9135
5426,振發,24,7,17,群益金鼎-東大,2024-01-10,9135
00929,復華台灣科技優息,34,18,16,群益金鼎-東大,2024-01-10,9135
00878,國泰永續高股息,21,7,14,群益金鼎-東大,2024-01-10,9135
2834,臺企銀,14,0,14,群益金鼎-東大,2024-01-10,9135
6770,力積電,17,4,13,群益金鼎-東大,2024-01-10,9135
2887,台新金,14,1,13,群益金鼎-東大,2024-01-10,9135
00720B,元大投資級公司債,22,10,12,群益金鼎-東大,2024-01-10,9135
00687B,國泰20年美債,12,0,12,群益金鼎-東大,2024-01-10,9135
2889,國票金,15,3,12,群益金鼎-東大,2024-01-10,9135
8086,宏捷科,12,0,12,群益金鼎-東大,2024-01-10,9135
2498,宏達電,19,7,12,群益金鼎-東大,2024-01-10,9135
5432,新門,12,0,12,群益金鼎-東大,2024-01-10,9135
2362,藍天,80,69,11,群益金鼎-東大,2024-01-10,9135
5880,合庫金,11,0,11,群益金鼎-東大,2024-01-10,9135
4956,光鋐,50,39,11,群益金鼎-東大,2024-01-10,9135
6140,訊達,51,40,11,群益金鼎-東大,2024-01-10,9135
00725B,國泰投資級公司債,10,0,10,群益金鼎-東大,2024-01-10,9135
3029,零壹,10,0,10,群益金鼎-東大,2024-01-10,9135
6216,居易,10,0,10,群益金鼎-東大,2024-01-10,9135
1447,力鵬,10,0,10,群益金鼎-東大,2024-01-10,9135
00795B,中信美國公債20年,10,0,10,群益金鼎-東大,2024-01-10,9135
1732,毛寶,12,2,10,群益金鼎-東大,2024-01-10,9135
00934,中信成長高股息,9,0,9,群益金鼎-東大,2024-01-10,9135
2520,冠德,9,0,9,群益金鼎-東大,2024-01-10,9135
6153,嘉聯益,9,0,9,群益金鼎-東大,2024-01-10,9135
1312,國喬,11,2,9,群益金鼎-東大,2024-01-10,9135
6223,旺矽,27,19,8,群益金鼎-東大,2024-01-10,9135
6416,瑞祺電通,8,0,8,群益金鼎-東大,2024-01-10,9135
8210,勤誠,17,9,8,群益金鼎-東大,2024-01-10,9135
2892,第一金,8,0,8,群益金鼎-東大,2024-01-10,9135
00904,新光臺灣半導體30,133,0,133,群益金鼎-東大,2024-01-11,9135
00680L,元大美債20正2,93,5,88,群益金鼎-東大,2024-01-11,9135
00937B,群益ESG投等債20,72,0,72,群益金鼎-東大,2024-01-11,9135
00929,復華台灣科技優息,67,0,67,群益金鼎-東大,2024-01-11,9135
6216,居易,35,0,35,群益金鼎-東大,2024-01-11,9135
0050,元大台灣50,32,1,31,群益金鼎-東大,2024-01-11,9135
00919,群益台灣精選高息,31,0,31,群益金鼎-東大,2024-01-11,9135
00927,群益半導體收益,30,0,30,群益金鼎-東大,2024-01-11,9135
00671R,富邦NASDAQ反1,30,0,30,群益金鼎-東大,2024-01-11,9135
2537,聯上發,30,0,30,群益金鼎-東大,2024-01-11,9135
00795B,中信美國公債20年,30,0,30,群益金鼎-東大,2024-01-11,9135
3707,漢磊,28,0,28,群益金鼎-東大,2024-01-11,9135
2353,宏��,103,76,27,群益金鼎-東大,2024-01-11,9135
00687B,國泰20年美債,26,0,26,群益金鼎-東大,2024-01-11,9135
1784,訊聯,26,0,26,群益金鼎-東大,2024-01-11,9135
1312,國喬,26,2,24,群益金鼎-東大,2024-01-11,9135
6695,芯鼎,99,76,23,群益金鼎-東大,2024-01-11,9135
6120,達運,50,27,23,群益金鼎-東大,2024-01-11,9135
00679B,元大美債20年,22,0,22,群益金鼎-東大,2024-01-11,9135
00688L,國泰20年美債正2,21,0,21,群益金鼎-東大,2024-01-11,9135
2344,華邦電,22,1,21,群益金鼎-東大,2024-01-11,9135
00713,元大台灣高息低波,20,0,20,群益金鼎-東大,2024-01-11,9135
9802,鈺齊-KY,20,0,20,群益金鼎-東大,2024-01-11,9135
5905,南仁湖,20,0,20,群益金鼎-東大,2024-01-11,9135
2460,建通,20,0,20,群益金鼎-東大,2024-01-11,9135
00720B,元大投資級公司債,25,10,15,群益金鼎-東大,2024-01-11,9135
00753L,中信中國50正2,15,0,15,群益金鼎-東大,2024-01-11,9135
00770,國泰北美科技,16,1,15,群益金鼎-東大,2024-01-11,9135
2887,台新金,15,0,15,群益金鼎-東大,2024-01-11,9135
00637L,元大滬深300正2,17,2,15,群益金鼎-東大,2024-01-11,9135
3016,嘉晶,15,0,15,群益金鼎-東大,2024-01-11,9135
3685,元創精密,15,0,15,群益金鼎-東大,2024-01-11,9135
00936,台新永續高息中小,15,0,15,群益金鼎-東大,2024-01-11,9135
6245,立端,19,5,14,群益金鼎-東大,2024-01-11,9135
8111,立��,125,112,13,群益金鼎-東大,2024-01-11,9135
2313,華通,13,0,13,群益金鼎-東大,2024-01-11,9135
5443,均豪,13,0,13,群益金鼎-東大,2024-01-11,9135
3673,TPK-KY,13,0,13,群益金鼎-東大,2024-01-11,9135
2897,王道銀行,12,0,12,群益金鼎-東大,2024-01-11,9135
3025,星通,28,16,12,群益金鼎-東大,2024-01-11,9135
9940,信義,11,0,11,群益金鼎-東大,2024-01-11,9135
2530,華建,10,0,10,群益金鼎-東大,2024-01-11,9135
3029,零壹,10,0,10,群益金鼎-東大,2024-01-11,9135
3645,達邁,13,3,10,群益金鼎-東大,2024-01-11,9135
6243,迅杰,13,3,10,群益金鼎-東大,2024-01-11,9135
5011,久陽,10,0,10,群益金鼎-東大,2024-01-11,9135
2002,中鋼,10,0,10,群益金鼎-東大,2024-01-11,9135
00930,永豐ESG低碳高息,9,0,9,群益金鼎-東大,2024-01-11,9135
3006,晶豪科,13,4,9,群益金鼎-東大,2024-01-11,9135
2610,華航,24,15,9,群益金鼎-東大,2024-01-11,9135
00632R,元大台灣50反1,151,0,151,群益金鼎-東大,2024-01-12,9135
00927,群益半導體收益,102,0,102,群益金鼎-東大,2024-01-12,9135
00680L,元大美債20正2,66,0,66,群益金鼎-東大,2024-01-12,9135
00720B,元大投資級公司債,54,0,54,群益金鼎-東大,2024-01-12,9135
2887,台新金,34,0,34,群益金鼎-東大,2024-01-12,9135
00929,復華台灣科技優息,93,66,27,群益金鼎-東大,2024-01-12,9135
5530,龍巖,25,0,25,群益金鼎-東大,2024-01-12,9135
5432,新門,24,0,24,群益金鼎-東大,2024-01-12,9135
4909,新復興,190,166,24,群益金鼎-東大,2024-01-12,9135
00770,國泰北美科技,23,0,23,群益金鼎-東大,2024-01-12,9135
3706,神達,36,13,23,群益金鼎-東大,2024-01-12,9135
4532,瑞智,20,0,20,群益金鼎-東大,2024-01-12,9135
8096,擎亞,92,73,19,群益金鼎-東大,2024-01-12,9135
1784,訊聯,16,0,16,群益金鼎-東大,2024-01-12,9135
2892,第一金,16,0,16,群益金鼎-東大,2024-01-12,9135
00713,元大台灣高息低波,14,0,14,群益金鼎-東大,2024-01-12,9135
5347,世界,14,0,14,群益金鼎-東大,2024-01-12,9135
4960,誠美材,14,1,13,群益金鼎-東大,2024-01-12,9135
00757,統一FANG+,13,0,13,群益金鼎-東大,2024-01-12,9135
3006,晶豪科,12,0,12,群益金鼎-東大,2024-01-12,9135
8111,立��,16,4,12,群益金鼎-東大,2024-01-12,9135
2356,英業達,91,80,11,群益金鼎-東大,2024-01-12,9135
6533,晶心科,12,1,11,群益金鼎-東大,2024-01-12,9135
3029,零壹,11,0,11,群益金鼎-東大,2024-01-12,9135
2409,友達,12,1,11,群益金鼎-東大,2024-01-12,9135
4939,亞電,11,0,11,群益金鼎-東大,2024-01-12,9135
8150,南茂,10,0,10,群益金鼎-東大,2024-01-12,9135
6164,華興,10,0,10,群益金鼎-東大,2024-01-12,9135
00673R,期元大S＆P原油反1,10,0,10,群益金鼎-東大,2024-01-12,9135
1528,恩德,124,114,10,群益金鼎-東大,2024-01-12,9135
5905,南仁湖,10,0,10,群益金鼎-東大,2024-01-12,9135
2365,昆盈,10,0,10,群益金鼎-東大,2024-01-12,9135
00877,復華中國5G,10,0,10,群益金鼎-東大,2024-01-12,9135
3021,鴻名,14,4,10,群益金鼎-東大,2024-01-12,9135
9940,信義,9,0,9,群益金鼎-東大,2024-01-12,9135
3346,麗清,10,1,9,群益金鼎-東大,2024-01-12,9135
6535,順藥,9,0,9,群益金鼎-東大,2024-01-12,9135
2890,永豐金,9,0,9,群益金鼎-東大,2024-01-12,9135
3362,先進光,12,3,9,群益金鼎-東大,2024-01-12,9135
4979,華星光,9,1,8,群益金鼎-東大,2024-01-12,9135
8112,至上,13,5,8,群益金鼎-東大,2024-01-12,9135
2344,華邦電,7,0,7,群益金鼎-東大,2024-01-12,9135
5511,德昌,7,0,7,群益金鼎-東大,2024-01-12,9135
00878,國泰永續高股息,8,1,7,群益金鼎-東大,2024-01-12,9135
3443,創意,8,1,7,群益金鼎-東大,2024-01-12,9135
00923,群益台ESG低碳50,6,0,6,群益金鼎-東大,2024-01-12,9135
5534,長虹,6,0,6,群益金鼎-東大,2024-01-12,9135
2371,大同,11,5,6,群益金鼎-東大,2024-01-12,9135
6223,旺矽,8,2,6,群益金鼎-東大,2024-01-12,9135
6462,神盾,26,20,6,群益金鼎-東大,2024-01-12,9135
2476,鉅祥,110,0,110,群益金鼎-東大,2024-01-15,9135
00725B,國泰投資級公司債,97,2,95,群益金鼎-東大,2024-01-15,9135
00929,復華台灣科技優息,101,11,90,群益金鼎-東大,2024-01-15,9135
00927,群益半導體收益,73,0,73,群益金鼎-東大,2024-01-15,9135
8034,榮群,134,75,59,群益金鼎-東大,2024-01-15,9135
00720B,元大投資級公司債,58,2,56,群益金鼎-東大,2024-01-15,9135
00751B,元大AAA至A公司債,36,0,36,群益金鼎-東大,2024-01-15,9135
00881,國泰台灣5G+,34,0,34,群益金鼎-東大,2024-01-15,9135
2609,陽明,78,45,33,群益金鼎-東大,2024-01-15,9135
2344,華邦電,68,37,31,群益金鼎-東大,2024-01-15,9135
00928,中信上櫃ESG30,30,0,30,群益金鼎-東大,2024-01-15,9135
6217,中探針,30,0,30,群益金鼎-東大,2024-01-15,9135
4956,光鋐,79,49,30,群益金鼎-東大,2024-01-15,9135
00679B,元大美債20年,28,1,27,群益金鼎-東大,2024-01-15,9135
0056,元大高股息,31,5,26,群益金鼎-東大,2024-01-15,9135
5533,皇鼎,25,0,25,群益金鼎-東大,2024-01-15,9135
00919,群益台灣精選高息,27,2,25,群益金鼎-東大,2024-01-15,9135
2892,第一金,22,0,22,群益金鼎-東大,2024-01-15,9135
2460,建通,17,0,17,群益金鼎-東大,2024-01-15,9135
6120,達運,26,9,17,群益金鼎-東大,2024-01-15,9135
2421,建準,16,1,15,群益金鼎-東大,2024-01-15,9135
8112,至上,16,2,14,群益金鼎-東大,2024-01-15,9135
6191,精成科,14,1,13,群益金鼎-東大,2024-01-15,9135
00637L,元大滬深300正2,14,1,13,群益金鼎-東大,2024-01-15,9135
1514,亞力,39,27,12,群益金鼎-東大,2024-01-15,9135
6695,芯鼎,77,65,12,群益金鼎-東大,2024-01-15,9135
2353,宏��,26,15,11,群益金鼎-東大,2024-01-15,9135
2439,美律,11,0,11,群益金鼎-東大,2024-01-15,9135
2337,旺宏,11,0,11,群益金鼎-東大,2024-01-15,9135
3011,今皓,11,0,11,群益金鼎-東大,2024-01-15,9135
3036,文曄,12,1,11,群益金鼎-東大,2024-01-15,9135
2511,太子,10,0,10,群益金鼎-東大,2024-01-15,9135
3548,兆利,13,3,10,群益金鼎-東大,2024-01-15,9135
2615,萬海,11,1,10,群益金鼎-東大,2024-01-15,9135
3264,欣銓,10,0,10,群益金鼎-東大,2024-01-15,9135
2371,大同,19,9,10,群益金鼎-東大,2024-01-15,9135
00671R,富邦NASDAQ反1,10,0,10,群益金鼎-東大,2024-01-15,9135
00688L,國泰20年美債正2,15,5,10,群益金鼎-東大,2024-01-15,9135
6216,居易,10,0,10,群益金鼎-東大,2024-01-15,9135
6770,力積電,20,10,10,群益金鼎-東大,2024-01-15,9135
2455,全新,30,20,10,群益金鼎-東大,2024-01-15,9135
1449,佳和,10,0,10,群益金鼎-東大,2024-01-15,9135
1720,生達,10,0,10,群益金鼎-東大,2024-01-15,9135
2436,偉詮電,10,0,10,群益金鼎-東大,2024-01-15,9135
8089,康全電訊,10,0,10,群益金鼎-東大,2024-01-15,9135
2317,鴻海,160,150,10,群益金鼎-東大,2024-01-15,9135
2887,台新金,9,0,9,群益金鼎-東大,2024-01-15,9135
5213,亞昕,9,0,9,群益金鼎-東大,2024-01-15,9135
2365,昆盈,10,2,8,群益金鼎-東大,2024-01-15,9135
3207,耀勝,10,2,8,群益金鼎-東大,2024-01-15,9135
00929,復華台灣科技優息,117,0,117,群益金鼎-東大,2024-01-16,9135
0056,元大高股息,94,0,94,群益金鼎-東大,2024-01-16,9135
8096,擎亞,193,105,88,群益金鼎-東大,2024-01-16,9135
0050,元大台灣50,72,0,72,群益金鼎-東大,2024-01-16,9135
2537,聯上發,60,5,55,群益金鼎-東大,2024-01-16,9135
00919,群益台灣精選高息,49,0,49,群益金鼎-東大,2024-01-16,9135
2887,台新金,46,0,46,群益金鼎-東大,2024-01-16,9135
00664R,國泰臺灣加權反1,47,2,45,群益金鼎-東大,2024-01-16,9135
00927,群益半導體收益,44,0,44,群益金鼎-東大,2024-01-16,9135
3481,群創,138,101,37,群益金鼎-東大,2024-01-16,9135
3025,星通,52,15,37,群益金鼎-東大,2024-01-16,9135
00679B,元大美債20年,34,0,34,群益金鼎-東大,2024-01-16,9135
9105,泰金寶-DR,30,0,30,群益金鼎-東大,2024-01-16,9135
2892,第一金,31,2,29,群益金鼎-東大,2024-01-16,9135
2406,國碩,29,2,27,群益金鼎-東大,2024-01-16,9135
1312,國喬,24,0,24,群益金鼎-東大,2024-01-16,9135
00720B,元大投資級公司債,34,10,24,群益金鼎-東大,2024-01-16,9135
2329,華泰,43,19,24,群益金鼎-東大,2024-01-16,9135
2409,友達,37,14,23,群益金鼎-東大,2024-01-16,9135
2520,冠德,22,0,22,群益金鼎-東大,2024-01-16,9135
3231,緯創,46,28,18,群益金鼎-東大,2024-01-16,9135
2312,金寶,18,0,18,群益金鼎-東大,2024-01-16,9135
00680L,元大美債20正2,42,25,17,群益金鼎-東大,2024-01-16,9135
2834,臺企銀,17,1,16,群益金鼎-東大,2024-01-16,9135
2356,英業達,20,4,16,群益金鼎-東大,2024-01-16,9135
00878,國泰永續高股息,14,0,14,群益金鼎-東大,2024-01-16,9135
2371,大同,19,5,14,群益金鼎-東大,2024-01-16,9135
00753L,中信中國50正2,13,0,13,群益金鼎-東大,2024-01-16,9135
6443,元晶,13,0,13,群益金鼎-東大,2024-01-16,9135
00688L,國泰20年美債正2,12,0,12,群益金鼎-東大,2024-01-16,9135
2369,菱生,12,0,12,群益金鼎-東大,2024-01-16,9135
4550,長佳,12,0,12,群益金鼎-東大,2024-01-16,9135
6185,幃翔,15,4,11,群益金鼎-東大,2024-01-16,9135
6219,富旺,15,4,11,群益金鼎-東大,2024-01-16,9135
4956,光鋐,11,0,11,群益金鼎-東大,2024-01-16,9135
3312,弘憶股,11,0,11,群益金鼎-東大,2024-01-16,9135
00687B,國泰20年美債,10,0,10,群益金鼎-東大,2024-01-16,9135
2455,全新,22,12,10,群益金鼎-東大,2024-01-16,9135
2405,輔信,21,11,10,群益金鼎-東大,2024-01-16,9135
6216,居易,10,0,10,群益金鼎-東大,2024-01-16,9135
00715L,期街口布蘭特正2,10,0,10,群益金鼎-東大,2024-01-16,9135
5905,南仁湖,10,0,10,群益金鼎-東大,2024-01-16,9135
2101,南港,10,0,10,群益金鼎-東大,2024-01-16,9135
00922,國泰台灣領袖50,11,1,10,群益金鼎-東大,2024-01-16,9135
6197,佳必琪,10,0,10,群益金鼎-東大,2024-01-16,9135
3702,大聯大,13,3,10,群益金鼎-東大,2024-01-16,9135
3346,麗清,9,0,9,群益金鼎-東大,2024-01-16,9135
6120,達運,21,12,9,群益金鼎-東大,2024-01-16,9135
5880,合庫金,9,0,9,群益金鼎-東大,2024-01-16,9135
2883,凱基金,9,0,9,群益金鼎-東大,2024-01-16,9135
00929,復華台灣科技優息,137,4,133,群益金鼎-東大,2024-01-17,9135
00919,群益台灣精選高息,122,1,121,群益金鼎-東大,2024-01-17,9135
2516,新建,100,0,100,群益金鼎-東大,2024-01-17,9135
0056,元大高股息,90,0,90,群益金鼎-東大,2024-01-17,9135
4960,誠美材,95,8,87,群益金鼎-東大,2024-01-17,9135
2344,華邦電,74,0,74,群益金鼎-東大,2024-01-17,9135
3037,欣興,68,6,62,群益金鼎-東大,2024-01-17,9135
00720B,元大投資級公司債,59,0,59,群益金鼎-東大,2024-01-17,9135
00679B,元大美債20年,55,4,51,群益金鼎-東大,2024-01-17,9135
4956,光鋐,61,14,47,群益金鼎-東大,2024-01-17,9135
2337,旺宏,46,0,46,群益金鼎-東大,2024-01-17,9135
3481,群創,58,13,45,群益金鼎-東大,2024-01-17,9135
2498,宏達電,116,75,41,群益金鼎-東大,2024-01-17,9135
1528,恩德,50,14,36,群益金鼎-東大,2024-01-17,9135
6770,力積電,36,2,34,群益金鼎-東大,2024-01-17,9135
00937B,群益ESG投等債20,33,0,33,群益金鼎-東大,2024-01-17,9135
5871,中租-KY,34,1,33,群益金鼎-東大,2024-01-17,9135
00878,國泰永續高股息,34,3,31,群益金鼎-東大,2024-01-17,9135
3231,緯創,122,92,30,群益金鼎-東大,2024-01-17,9135
3050,鈺德,30,0,30,群益金鼎-東大,2024-01-17,9135
3002,歐格,30,0,30,群益金鼎-東大,2024-01-17,9135
8210,勤誠,50,21,29,群益金鼎-東大,2024-01-17,9135
8021,尖點,36,8,28,群益金鼎-東大,2024-01-17,9135
00725B,國泰投資級公司債,28,0,28,群益金鼎-東大,2024-01-17,9135
00680L,元大美債20正2,37,12,25,群益金鼎-東大,2024-01-17,9135
2312,金寶,25,0,25,群益金鼎-東大,2024-01-17,9135
00665L,富邦�琤肭磪囓�2,25,0,25,群益金鼎-東大,2024-01-17,9135
00927,群益半導體收益,23,0,23,群益金鼎-東大,2024-01-17,9135
2303,聯電,78,55,23,群益金鼎-東大,2024-01-17,9135
00671R,富邦NASDAQ反1,22,0,22,群益金鼎-東大,2024-01-17,9135
0050,元大台灣50,18,0,18,群益金鼎-東大,2024-01-17,9135
00751B,元大AAA至A公司債,18,0,18,群益金鼎-東大,2024-01-17,9135
00881,國泰台灣5G+,18,0,18,群益金鼎-東大,2024-01-17,9135
6533,晶心科,36,19,17,群益金鼎-東大,2024-01-17,9135
3066,李洲,42,25,17,群益金鼎-東大,2024-01-17,9135
00650L,復華香港正2,19,2,17,群益金鼎-東大,2024-01-17,9135
2883,凱基金,18,1,17,群益金鼎-東大,2024-01-17,9135
2892,第一金,31,14,17,群益金鼎-東大,2024-01-17,9135
2838,聯邦銀,17,0,17,群益金鼎-東大,2024-01-17,9135
2317,鴻海,21,4,17,群益金鼎-東大,2024-01-17,9135
00687B,國泰20年美債,16,0,16,群益金鼎-東大,2024-01-17,9135
00753L,中信中國50正2,28,12,16,群益金鼎-東大,2024-01-17,9135
2501,國建,16,0,16,群益金鼎-東大,2024-01-17,9135
1312,國喬,16,0,16,群益金鼎-東大,2024-01-17,9135
00921,兆豐龍頭等權重,15,0,15,群益金鼎-東大,2024-01-17,9135
2363,矽統,29,14,15,群益金鼎-東大,2024-01-17,9135
3715,定穎投控,20,6,14,群益金鼎-東大,2024-01-17,9135
1102,亞泥,13,0,13,群益金鼎-東大,2024-01-17,9135
2834,臺企銀,16,3,13,群益金鼎-東大,2024-01-17,9135
6243,迅杰,86,74,12,群益金鼎-東大,2024-01-17,9135
3339,泰谷,54,0,54,群益金鼎-東大,2024-01-18,9135
5328,華容,146,95,51,群益金鼎-東大,2024-01-18,9135
3260,威剛,50,1,49,群益金鼎-東大,2024-01-18,9135
5426,振發,113,82,31,群益金鼎-東大,2024-01-18,9135
8150,南茂,30,0,30,群益金鼎-東大,2024-01-18,9135
3321,同泰,30,0,30,群益金鼎-東大,2024-01-18,9135
5871,中租-KY,29,0,29,群益金鼎-東大,2024-01-18,9135
00637L,元大滬深300正2,30,3,27,群益金鼎-東大,2024-01-18,9135
00706L,期元大S＆P日圓正2,26,0,26,群益金鼎-東大,2024-01-18,9135
6120,達運,44,18,26,群益金鼎-東大,2024-01-18,9135
4939,亞電,47,23,24,群益金鼎-東大,2024-01-18,9135
6695,芯鼎,33,10,23,群益金鼎-東大,2024-01-18,9135
0056,元大高股息,25,3,22,群益金鼎-東大,2024-01-18,9135
9945,潤泰新,22,0,22,群益金鼎-東大,2024-01-18,9135
00687B,國泰20年美債,21,0,21,群益金鼎-東大,2024-01-18,9135
2537,聯上發,20,0,20,群益金鼎-東大,2024-01-18,9135
00713,元大台灣高息低波,20,0,20,群益金鼎-東大,2024-01-18,9135
6185,幃翔,20,1,19,群益金鼎-東大,2024-01-18,9135
3025,星通,76,57,19,群益金鼎-東大,2024-01-18,9135
2362,藍天,44,26,18,群益金鼎-東大,2024-01-18,9135
2382,廣達,30,13,17,群益金鼎-東大,2024-01-18,9135
00712,復華富時不動產,16,0,16,群益金鼎-東大,2024-01-18,9135
3002,歐格,15,0,15,群益金鼎-東大,2024-01-18,9135
00664R,國泰臺灣加權反1,15,0,15,群益金鼎-東大,2024-01-18,9135
2303,聯電,22,8,14,群益金鼎-東大,2024-01-18,9135
6770,力積電,34,20,14,群益金鼎-東大,2024-01-18,9135
2324,仁寶,61,47,14,群益金鼎-東大,2024-01-18,9135
8086,宏捷科,29,16,13,群益金鼎-東大,2024-01-18,9135
2888,新光金,12,0,12,群益金鼎-東大,2024-01-18,9135
2897A,王道銀甲特,12,0,12,群益金鼎-東大,2024-01-18,9135
3287,廣寰科,87,77,10,群益金鼎-東大,2024-01-18,9135
00927,群益半導體收益,10,0,10,群益金鼎-東大,2024-01-18,9135
00751B,元大AAA至A公司債,11,1,10,群益金鼎-東大,2024-01-18,9135
3607,谷崧,10,0,10,群益金鼎-東大,2024-01-18,9135
00673R,期元大S＆P原油反1,10,0,10,群益金鼎-東大,2024-01-18,9135
00720B,元大投資級公司債,13,3,10,群益金鼎-東大,2024-01-18,9135
8085,福華,10,0,10,群益金鼎-東大,2024-01-18,9135
1314,中石化,10,0,10,群益金鼎-東大,2024-01-18,9135
2419,仲琦,10,0,10,群益金鼎-東大,2024-01-18,9135
2101,南港,10,0,10,群益金鼎-東大,2024-01-18,9135
1101,台泥,9,0,9,群益金鼎-東大,2024-01-18,9135
2317,鴻海,9,0,9,群益金鼎-東大,2024-01-18,9135
8215,明基材,15,6,9,群益金鼎-東大,2024-01-18,9135
4909,新復興,16,7,9,群益金鼎-東大,2024-01-18,9135
3006,晶豪科,10,2,8,群益金鼎-東大,2024-01-18,9135
4979,華星光,34,26,8,群益金鼎-東大,2024-01-18,9135
3704,合勤控,8,0,8,群益金鼎-東大,2024-01-18,9135
2610,華航,19,11,8,群益金鼎-東大,2024-01-18,9135
2460,建通,14,6,8,群益金鼎-東大,2024-01-18,9135
6186,新潤,8,0,8,群益金鼎-東大,2024-01-18,9135
00904,新光臺灣半導體30,140,19,121,群益金鼎-東大,2024-01-19,9135
00687B,國泰20年美債,87,1,86,群益金鼎-東大,2024-01-19,9135
00680L,元大美債20正2,96,14,82,群益金鼎-東大,2024-01-19,9135
00671R,富邦NASDAQ反1,70,0,70,群益金鼎-東大,2024-01-19,9135
6155,鈞寶,60,0,60,群益金鼎-東大,2024-01-19,9135
00860B,群益1-5Y投資級債,60,0,60,群益金鼎-東大,2024-01-19,9135
00637L,元大滬深300正2,60,8,52,群益金鼎-東大,2024-01-19,9135
3443,創意,53,6,47,群益金鼎-東大,2024-01-19,9135
1815,富喬,105,59,46,群益金鼎-東大,2024-01-19,9135
00937B,群益ESG投等債20,65,20,45,群益金鼎-東大,2024-01-19,9135
00929,復華台灣科技優息,78,35,43,群益金鼎-東大,2024-01-19,9135
6770,力積電,42,0,42,群益金鼎-東大,2024-01-19,9135
00857B,永豐20年美公債,40,0,40,群益金鼎-東大,2024-01-19,9135
00754B,群益AAA-AA公司,40,0,40,群益金鼎-東大,2024-01-19,9135
00679B,元大美債20年,37,0,37,群益金鼎-東大,2024-01-19,9135
2353,宏��,36,3,33,群益金鼎-東大,2024-01-19,9135
6185,幃翔,32,0,32,群益金鼎-東大,2024-01-19,9135
3406,玉晶光,31,0,31,群益金鼎-東大,2024-01-19,9135
2515,中工,30,0,30,群益金鼎-東大,2024-01-19,9135
2618,長榮航,30,1,29,群益金鼎-東大,2024-01-19,9135
00882,中信中國高股息,22,0,22,群益金鼎-東大,2024-01-19,9135
00650L,復華香港正2,22,0,22,群益金鼎-東大,2024-01-19,9135
8150,南茂,22,0,22,群益金鼎-東大,2024-01-19,9135
2356,英業達,64,42,22,群益金鼎-東大,2024-01-19,9135
4939,亞電,21,0,21,群益金鼎-東大,2024-01-19,9135
00931B,統一美債20年,21,0,21,群益金鼎-東大,2024-01-19,9135
00725B,國泰投資級公司債,20,0,20,群益金鼎-東大,2024-01-19,9135
8034,榮群,19,0,19,群益金鼎-東大,2024-01-19,9135
6285,啟��,21,3,18,群益金鼎-東大,2024-01-19,9135
2888,新光金,18,0,18,群益金鼎-東大,2024-01-19,9135
2887,台新金,18,0,18,群益金鼎-東大,2024-01-19,9135
00751B,元大AAA至A公司債,16,0,16,群益金鼎-東大,2024-01-19,9135
6122,擎邦,15,0,15,群益金鼎-東大,2024-01-19,9135
00673R,期元大S＆P原油反1,15,0,15,群益金鼎-東大,2024-01-19,9135
2449,京元電子,27,13,14,群益金鼎-東大,2024-01-19,9135
6695,芯鼎,17,3,14,群益金鼎-東大,2024-01-19,9135
2834,臺企銀,13,0,13,群益金鼎-東大,2024-01-19,9135
00632R,元大台灣50反1,13,0,13,群益金鼎-東大,2024-01-19,9135
5488,松普,17,5,12,群益金鼎-東大,2024-01-19,9135
8936,國統,12,0,12,群益金鼎-東大,2024-01-19,9135
00933B,國泰10Y+金融債,11,0,11,群益金鼎-東大,2024-01-19,9135
6233,旺玖,53,42,11,群益金鼎-東大,2024-01-19,9135
2352,佳世達,16,5,11,群益金鼎-東大,2024-01-19,9135
00795B,中信美國公債20年,11,0,11,群益金鼎-東大,2024-01-19,9135
6533,晶心科,12,2,10,群益金鼎-東大,2024-01-19,9135
4966,譜瑞-KY,10,0,10,群益金鼎-東大,2024-01-19,9135
3227,原相,10,0,10,群益金鼎-東大,2024-01-19,9135
2426,鼎元,10,0,10,群益金鼎-東大,2024-01-19,9135
00878,國泰永續高股息,26,16,10,群益金鼎-東大,2024-01-19,9135
6188,廣明,13,3,10,群益金鼎-東大,2024-01-19,9135
8028,昇陽半導體,110,0,110,群益金鼎-東大,2024-01-22,9135
00671R,富邦NASDAQ反1,120,20,100,群益金鼎-東大,2024-01-22,9135
8096,擎亞,69,2,67,群益金鼎-東大,2024-01-22,9135
6218,豪勉,61,0,61,群益金鼎-東大,2024-01-22,9135
3615,安可,59,1,58,群益金鼎-東大,2024-01-22,9135
00650L,復華香港正2,53,0,53,群益金鼎-東大,2024-01-22,9135
8046,南電,51,0,51,群益金鼎-東大,2024-01-22,9135
2355,敬鵬,43,1,42,群益金鼎-東大,2024-01-22,9135
2353,宏��,54,13,41,群益金鼎-東大,2024-01-22,9135
3312,弘憶股,49,8,41,群益金鼎-東大,2024-01-22,9135
00754B,群益AAA-AA公司,40,0,40,群益金鼎-東大,2024-01-22,9135
2301,光寶科,42,3,39,群益金鼎-東大,2024-01-22,9135
6462,神盾,44,8,36,群益金鼎-東大,2024-01-22,9135
6266,泰詠,34,0,34,群益金鼎-東大,2024-01-22,9135
6124,業強,30,0,30,群益金鼎-東大,2024-01-22,9135
2883,凱基金,30,0,30,群益金鼎-東大,2024-01-22,9135
00927,群益半導體收益,29,0,29,群益金鼎-東大,2024-01-22,9135
2356,英業達,317,289,28,群益金鼎-東大,2024-01-22,9135
00937B,群益ESG投等債20,27,0,27,群益金鼎-東大,2024-01-22,9135
1528,恩德,26,0,26,群益金鼎-東大,2024-01-22,9135
2476,鉅祥,24,0,24,群益金鼎-東大,2024-01-22,9135
2596,綠意,23,0,23,群益金鼎-東大,2024-01-22,9135
6125,廣運,26,3,23,群益金鼎-東大,2024-01-22,9135
5488,松普,23,0,23,群益金鼎-東大,2024-01-22,9135
00687B,國泰20年美債,23,0,23,群益金鼎-東大,2024-01-22,9135
8059,凱碩,80,58,22,群益金鼎-東大,2024-01-22,9135
3035,智原,58,38,20,群益金鼎-東大,2024-01-22,9135
6274,台燿,39,20,19,群益金鼎-東大,2024-01-22,9135
3163,波若威,19,1,18,群益金鼎-東大,2024-01-22,9135
00882,中信中國高股息,20,2,18,群益金鼎-東大,2024-01-22,9135
9105,泰金寶-DR,18,0,18,群益金鼎-東大,2024-01-22,9135
2313,華通,20,6,14,群益金鼎-東大,2024-01-22,9135
00933B,國泰10Y+金融債,14,0,14,群益金鼎-東大,2024-01-22,9135
8210,勤誠,34,20,14,群益金鼎-東大,2024-01-22,9135
00753L,中信中國50正2,13,0,13,群益金鼎-東大,2024-01-22,9135
00712,復華富時不動產,13,0,13,群益金鼎-東大,2024-01-22,9135
4908,前鼎,13,0,13,群益金鼎-東大,2024-01-22,9135
3231,緯創,104,91,13,群益金鼎-東大,2024-01-22,9135
2834,臺企銀,12,0,12,群益金鼎-東大,2024-01-22,9135
3167,大量,11,0,11,群益金鼎-東大,2024-01-22,9135
3055,蔚華科,17,7,10,群益金鼎-東大,2024-01-22,9135
1904,正隆,10,0,10,群益金鼎-東大,2024-01-22,9135
2707,晶華,10,0,10,群益金鼎-東大,2024-01-22,9135
00706L,期元大S＆P日圓正2,10,0,10,群益金鼎-東大,2024-01-22,9135
00688L,國泰20年美債正2,12,2,10,群益金鼎-東大,2024-01-22,9135
8996,高力,10,0,10,群益金鼎-東大,2024-01-22,9135
2884,玉山金,10,0,10,群益金鼎-東大,2024-01-22,9135
6186,新潤,9,0,9,群益金鼎-東大,2024-01-22,9135
3306,鼎天,9,0,9,群益金鼎-東大,2024-01-22,9135
2465,麗臺,10,2,8,群益金鼎-東大,2024-01-22,9135
00937B,群益ESG投等債20,178,0,178,群益金鼎-東大,2024-01-23,9135
6164,華興,100,0,100,群益金鼎-東大,2024-01-23,9135
00637L,元大滬深300正2,77,3,74,群益金鼎-東大,2024-01-23,9135
00725B,國泰投資級公司債,51,0,51,群益金鼎-東大,2024-01-23,9135
2476,鉅祥,50,0,50,群益金鼎-東大,2024-01-23,9135
6140,訊達,147,110,37,群益金鼎-東大,2024-01-23,9135
5272,笙科,35,0,35,群益金鼎-東大,2024-01-23,9135
00753L,中信中國50正2,52,18,34,群益金鼎-東大,2024-01-23,9135
6292,迅德,26,0,26,群益金鼎-東大,2024-01-23,9135
3265,台星科,55,30,25,群益金鼎-東大,2024-01-23,9135
2421,建準,53,29,24,群益金鼎-東大,2024-01-23,9135
3032,偉訓,28,5,23,群益金鼎-東大,2024-01-23,9135
00673R,期元大S＆P原油反1,27,6,21,群益金鼎-東大,2024-01-23,9135
2801,彰銀,19,0,19,群益金鼎-東大,2024-01-23,9135
3312,弘憶股,17,0,17,群益金鼎-東大,2024-01-23,9135
3002,歐格,17,0,17,群益金鼎-東大,2024-01-23,9135
00927,群益半導體收益,16,0,16,群益金鼎-東大,2024-01-23,9135
6217,中探針,15,0,15,群益金鼎-東大,2024-01-23,9135
2707,晶華,15,0,15,群益金鼎-東大,2024-01-23,9135
00928,中信上櫃ESG30,15,0,15,群益金鼎-東大,2024-01-23,9135
00720B,元大投資級公司債,14,0,14,群益金鼎-東大,2024-01-23,9135
6219,富旺,15,1,14,群益金鼎-東大,2024-01-23,9135
3354,律勝,19,7,12,群益金鼎-東大,2024-01-23,9135
2520,冠德,12,0,12,群益金鼎-東大,2024-01-23,9135
3545,敦泰,13,1,12,群益金鼎-東大,2024-01-23,9135
00882,中信中國高股息,11,0,11,群益金鼎-東大,2024-01-23,9135
00680L,元大美債20正2,11,0,11,群益金鼎-東大,2024-01-23,9135
3041,揚智,15,4,11,群益金鼎-東大,2024-01-23,9135
6266,泰詠,11,0,11,群益金鼎-東大,2024-01-23,9135
00671R,富邦NASDAQ反1,10,0,10,群益金鼎-東大,2024-01-23,9135
5465,富驊,10,0,10,群益金鼎-東大,2024-01-23,9135
8150,南茂,10,0,10,群益金鼎-東大,2024-01-23,9135
6233,旺玖,17,7,10,群益金鼎-東大,2024-01-23,9135
00706L,期元大S＆P日圓正2,10,0,10,群益金鼎-東大,2024-01-23,9135
6284,佳邦,10,0,10,群益金鼎-東大,2024-01-23,9135
1504,東元,11,2,9,群益金鼎-東大,2024-01-23,9135
2453,凌群,9,0,9,群益金鼎-東大,2024-01-23,9135
3260,威剛,9,0,9,群益金鼎-東大,2024-01-23,9135
4960,誠美材,10,1,9,群益金鼎-東大,2024-01-23,9135
5388,中磊,8,0,8,群益金鼎-東大,2024-01-23,9135
3615,安可,114,106,8,群益金鼎-東大,2024-01-23,9135
00933B,國泰10Y+金融債,13,5,8,群益金鼎-東大,2024-01-23,9135
5426,振發,50,42,8,群益金鼎-東大,2024-01-23,9135
2609,陽明,35,28,7,群益金鼎-東大,2024-01-23,9135
00688L,國泰20年美債正2,7,0,7,群益金鼎-東大,2024-01-23,9135
4167,松瑞藥,8,1,7,群益金鼎-東大,2024-01-23,9135
00751B,元大AAA至A公司債,6,0,6,群益金鼎-東大,2024-01-23,9135
5608,四維航,7,1,6,群益金鼎-東大,2024-01-23,9135
1609,大亞,6,0,6,群益金鼎-東大,2024-01-23,9135
2603,長榮,17,11,6,群益金鼎-東大,2024-01-23,9135
00637L,元大滬深300正2,205,53,152,群益金鼎-東大,2024-01-24,9135
00900,富邦特選高股息30,102,0,102,群益金鼎-東大,2024-01-24,9135
00680L,元大美債20正2,72,8,64,群益金鼎-東大,2024-01-24,9135
2353,宏��,84,23,61,群益金鼎-東大,2024-01-24,9135
2537,聯上發,72,11,61,群益金鼎-東大,2024-01-24,9135
3296,勝德,60,2,58,群益金鼎-東大,2024-01-24,9135
00937B,群益ESG投等債20,84,28,56,群益金鼎-東大,2024-01-24,9135
3047,訊舟,76,23,53,群益金鼎-東大,2024-01-24,9135
00665L,富邦�琤肭磪囓�2,60,9,51,群益金鼎-東大,2024-01-24,9135
00671R,富邦NASDAQ反1,50,0,50,群益金鼎-東大,2024-01-24,9135
6120,達運,41,0,41,群益金鼎-東大,2024-01-24,9135
5871,中租-KY,39,0,39,群益金鼎-東大,2024-01-24,9135
2355,敬鵬,40,1,39,群益金鼎-東大,2024-01-24,9135
00753L,中信中國50正2,105,67,38,群益金鼎-東大,2024-01-24,9135
00687B,國泰20年美債,29,0,29,群益金鼎-東大,2024-01-24,9135
2208,台船,26,0,26,群益金鼎-東大,2024-01-24,9135
00751B,元大AAA至A公司債,25,0,25,群益金鼎-東大,2024-01-24,9135
6124,業強,24,0,24,群益金鼎-東大,2024-01-24,9135
00632R,元大台灣50反1,24,0,24,群益金鼎-東大,2024-01-24,9135
6695,芯鼎,27,4,23,群益金鼎-東大,2024-01-24,9135
2301,光寶科,22,1,21,群益金鼎-東大,2024-01-24,9135
6185,幃翔,20,0,20,群益金鼎-東大,2024-01-24,9135
8064,東捷,20,0,20,群益金鼎-東大,2024-01-24,9135
00933B,國泰10Y+金融債,18,0,18,群益金鼎-東大,2024-01-24,9135
2382,廣達,21,3,18,群益金鼎-東大,2024-01-24,9135
00679B,元大美債20年,17,0,17,群益金鼎-東大,2024-01-24,9135
8089,康全電訊,39,22,17,群益金鼎-東大,2024-01-24,9135
3363,上詮,17,2,15,群益金鼎-東大,2024-01-24,9135
00919,群益台灣精選高息,13,0,13,群益金鼎-東大,2024-01-24,9135
5426,振發,91,79,12,群益金鼎-東大,2024-01-24,9135
2002,中鋼,13,1,12,群益金鼎-東大,2024-01-24,9135
6782,視陽,12,0,12,群益金鼎-東大,2024-01-24,9135
00720B,元大投資級公司債,12,0,12,群益金鼎-東大,2024-01-24,9135
2886,兆豐金,11,0,11,群益金鼎-東大,2024-01-24,9135
00929,復華台灣科技優息,18,8,10,群益金鼎-東大,2024-01-24,9135
2201,裕隆,11,1,10,群益金鼎-東大,2024-01-24,9135
4109,加捷生醫,10,0,10,群益金鼎-東大,2024-01-24,9135
2801,彰銀,10,0,10,群益金鼎-東大,2024-01-24,9135
2707,晶華,10,0,10,群益金鼎-東大,2024-01-24,9135
1702,南僑,10,0,10,群益金鼎-東大,2024-01-24,9135
00934,中信成長高股息,10,0,10,群益金鼎-東大,2024-01-24,9135
6113,亞矽,10,0,10,群益金鼎-東大,2024-01-24,9135
2439,美律,10,0,10,群益金鼎-東大,2024-01-24,9135
5457,宣德,10,0,10,群益金鼎-東大,2024-01-24,9135
8936,國統,10,1,9,群益金鼎-東大,2024-01-24,9135
3114,好德,9,0,9,群益金鼎-東大,2024-01-24,9135
6266,泰詠,8,0,8,群益金鼎-東大,2024-01-24,9135
3339,泰谷,9,1,8,群益金鼎-東大,2024-01-24,9135
6139,亞翔,8,0,8,群益金鼎-東大,2024-01-24,9135
2596,綠意,7,0,7,群益金鼎-東大,2024-01-24,9135
00632R,元大台灣50反1,105,21,84,群益金鼎-東大,2024-01-25,9135
8086,宏捷科,61,0,61,群益金鼎-東大,2024-01-25,9135
9105,泰金寶-DR,111,53,58,群益金鼎-東大,2024-01-25,9135
00687B,國泰20年美債,55,2,53,群益金鼎-東大,2024-01-25,9135
00671R,富邦NASDAQ反1,40,0,40,群益金鼎-東大,2024-01-25,9135
00720B,元大投資級公司債,39,0,39,群益金鼎-東大,2024-01-25,9135
2515,中工,32,0,32,群益金鼎-東大,2024-01-25,9135
3231,緯創,74,43,31,群益金鼎-東大,2024-01-25,9135
6435,大中,27,0,27,群益金鼎-東大,2024-01-25,9135
6245,立端,30,4,26,群益金鼎-東大,2024-01-25,9135
3047,訊舟,118,92,26,群益金鼎-東大,2024-01-25,9135
00665L,富邦�琤肭磪囓�2,35,10,25,群益金鼎-東大,2024-01-25,9135
00929,復華台灣科技優息,44,21,23,群益金鼎-東大,2024-01-25,9135
6167,久正,22,0,22,群益金鼎-東大,2024-01-25,9135
3105,穩懋,20,0,20,群益金鼎-東大,2024-01-25,9135
8059,凱碩,26,7,19,群益金鼎-東大,2024-01-25,9135
3694,海華,62,43,19,群益金鼎-東大,2024-01-25,9135
00679B,元大美債20年,18,0,18,群益金鼎-東大,2024-01-25,9135
2382,廣達,23,5,18,群益金鼎-東大,2024-01-25,9135
00753L,中信中國50正2,17,0,17,群益金鼎-東大,2024-01-25,9135
00931B,統一美債20年,18,1,17,群益金鼎-東大,2024-01-25,9135
3002,歐格,17,0,17,群益金鼎-東大,2024-01-25,9135
8096,擎亞,173,157,16,群益金鼎-東大,2024-01-25,9135
00751B,元大AAA至A公司債,24,8,16,群益金鼎-東大,2024-01-25,9135
6274,台燿,18,3,15,群益金鼎-東大,2024-01-25,9135
3714,富采,30,15,15,群益金鼎-東大,2024-01-25,9135
8111,立��,15,1,14,群益金鼎-東大,2024-01-25,9135
2002,中鋼,16,3,13,群益金鼎-東大,2024-01-25,9135
6223,旺矽,15,2,13,群益金鼎-東大,2024-01-25,9135
00885,富邦越南,13,0,13,群益金鼎-東大,2024-01-25,9135
00937B,群益ESG投等債20,122,110,12,群益金鼎-東大,2024-01-25,9135
2618,長榮航,12,0,12,群益金鼎-東大,2024-01-25,9135
4123,晟德,13,2,11,群益金鼎-東大,2024-01-25,9135
6266,泰詠,11,0,11,群益金鼎-東大,2024-01-25,9135
5351,鈺創,11,0,11,群益金鼎-東大,2024-01-25,9135
2369,菱生,14,3,11,群益金鼎-東大,2024-01-25,9135
3704,合勤控,10,0,10,群益金鼎-東大,2024-01-25,9135
00655L,國泰中國A50正2,10,0,10,群益金鼎-東大,2024-01-25,9135
2399,映泰,11,1,10,群益金鼎-東大,2024-01-25,9135
00935,野村臺灣新科技50,10,0,10,群益金鼎-東大,2024-01-25,9135
3033,威健,10,0,10,群益金鼎-東大,2024-01-25,9135
3580,友威科,22,13,9,群益金鼎-東大,2024-01-25,9135
00680L,元大美債20正2,9,0,9,群益金鼎-東大,2024-01-25,9135
3346,麗清,9,0,9,群益金鼎-東大,2024-01-25,9135
1609,大亞,10,1,9,群益金鼎-東大,2024-01-25,9135
2486,一詮,15,6,9,群益金鼎-東大,2024-01-25,9135
00673R,期元大S＆P原油反1,9,0,9,群益金鼎-東大,2024-01-25,9135
1325,恆大,8,0,8,群益金鼎-東大,2024-01-25,9135
6204,艾華,8,0,8,群益金鼎-東大,2024-01-25,9135
2610,華航,12,5,7,群益金鼎-東大,2024-01-25,9135
6531,愛普*,107,7,100,群益金鼎-東大,2024-01-26,9135
8059,凱碩,75,11,64,群益金鼎-東大,2024-01-26,9135
00680L,元大美債20正2,65,2,63,群益金鼎-東大,2024-01-26,9135
5521,工信,63,0,63,群益金鼎-東大,2024-01-26,9135
00687B,國泰20年美債,54,0,54,群益金鼎-東大,2024-01-26,9135
2408,南亞科,53,0,53,群益金鼎-東大,2024-01-26,9135
6770,力積電,55,3,52,群益金鼎-東大,2024-01-26,9135
00632R,元大台灣50反1,50,6,44,群益金鼎-東大,2024-01-26,9135
00929,復華台灣科技優息,57,21,36,群益金鼎-東大,2024-01-26,9135
2303,聯電,73,38,35,群益金鼎-東大,2024-01-26,9135
00937B,群益ESG投等債20,33,1,32,群益金鼎-東大,2024-01-26,9135
00673R,期元大S＆P原油反1,31,0,31,群益金鼎-東大,2024-01-26,9135
00706L,期元大S＆P日圓正2,30,0,30,群益金鼎-東大,2024-01-26,9135
8096,擎亞,67,37,30,群益金鼎-東大,2024-01-26,9135
4746,台耀,50,20,30,群益金鼎-東大,2024-01-26,9135
2324,仁寶,24,1,23,群益金鼎-東大,2024-01-26,9135
3360,尚立,73,50,23,群益金鼎-東大,2024-01-26,9135
6462,神盾,94,72,22,群益金鼎-東大,2024-01-26,9135
3264,欣銓,21,1,20,群益金鼎-東大,2024-01-26,9135
3002,歐格,20,0,20,群益金鼎-東大,2024-01-26,9135
2329,華泰,23,5,18,群益金鼎-東大,2024-01-26,9135
2537,聯上發,20,2,18,群益金鼎-東大,2024-01-26,9135
3035,智原,41,25,16,群益金鼎-東大,2024-01-26,9135
2417,圓剛,20,4,16,群益金鼎-東大,2024-01-26,9135
6276,安鈦克,17,2,15,群益金鼎-東大,2024-01-26,9135
00722B,群益投資級電信債,14,0,14,群益金鼎-東大,2024-01-26,9135
2455,全新,26,12,14,群益金鼎-東大,2024-01-26,9135
5230,雷笛克光學,13,0,13,群益金鼎-東大,2024-01-26,9135
00919,群益台灣精選高息,20,8,12,群益金鼎-東大,2024-01-26,9135
00720B,元大投資級公司債,12,0,12,群益金鼎-東大,2024-01-26,9135
00753L,中信中國50正2,14,2,12,群益金鼎-東大,2024-01-26,9135
6263,普萊德,12,0,12,群益金鼎-東大,2024-01-26,9135
00650L,復華香港正2,11,0,11,群益金鼎-東大,2024-01-26,9135
00934,中信成長高股息,10,0,10,群益金鼎-東大,2024-01-26,9135
00928,中信上櫃ESG30,10,0,10,群益金鼎-東大,2024-01-26,9135
6120,達運,18,8,10,群益金鼎-東大,2024-01-26,9135
2393,億光,10,0,10,群益金鼎-東大,2024-01-26,9135
00927,群益半導體收益,16,6,10,群益金鼎-東大,2024-01-26,9135
3704,合勤控,10,0,10,群益金鼎-東大,2024-01-26,9135
2426,鼎元,10,0,10,群益金鼎-東大,2024-01-26,9135
8070,長華*,10,0,10,群益金鼎-東大,2024-01-26,9135
3443,創意,11,2,9,群益金鼎-東大,2024-01-26,9135
00885,富邦越南,9,0,9,群益金鼎-東大,2024-01-26,9135
1301,台塑,10,1,9,群益金鼎-東大,2024-01-26,9135
3024,憶聲,9,0,9,群益金鼎-東大,2024-01-26,9135
3416,融程電,9,0,9,群益金鼎-東大,2024-01-26,9135
3535,晶彩科,12,4,8,群益金鼎-東大,2024-01-26,9135
3548,兆利,21,13,8,群益金鼎-東大,2024-01-26,9135
6235,華孚,8,0,8,群益金鼎-東大,2024-01-26,9135
00772B,中信高評級公司債,8,0,8,群益金鼎-東大,2024-01-26,9135
00673R,期元大S＆P原油反1,165,6,159,群益金鼎-東大,2024-01-29,9135
2618,長榮航,258,126,132,群益金鼎-東大,2024-01-29,9135
00637L,元大滬深300正2,86,0,86,群益金鼎-東大,2024-01-29,9135
2365,昆盈,89,5,84,群益金鼎-東大,2024-01-29,9135
00937B,群益ESG投等債20,79,5,74,群益金鼎-東大,2024-01-29,9135
4532,瑞智,65,1,64,群益金鼎-東大,2024-01-29,9135
00753L,中信中國50正2,94,35,59,群益金鼎-東大,2024-01-29,9135
3052,夆典,46,0,46,群益金鼎-東大,2024-01-29,9135
00665L,富邦�琤肭磪囓�2,45,0,45,群益金鼎-東大,2024-01-29,9135
6442,光聖,42,0,42,群益金鼎-東大,2024-01-29,9135
00713,元大台灣高息低波,40,1,39,群益金鼎-東大,2024-01-29,9135
00882,中信中國高股息,27,0,27,群益金鼎-東大,2024-01-29,9135
2303,聯電,26,0,26,群益金鼎-東大,2024-01-29,9135
3231,緯創,45,20,25,群益金鼎-東大,2024-01-29,9135
6668,中揚光,25,0,25,群益金鼎-東大,2024-01-29,9135
00679B,元大美債20年,29,4,25,群益金鼎-東大,2024-01-29,9135
00687B,國泰20年美債,22,0,22,群益金鼎-東大,2024-01-29,9135
00902,中信電池及儲能,22,0,22,群益金鼎-東大,2024-01-29,9135
2363,矽統,21,0,21,群益金鼎-東大,2024-01-29,9135
3450,聯鈞,21,1,20,群益金鼎-東大,2024-01-29,9135
00650L,復華香港正2,32,12,20,群益金鼎-東大,2024-01-29,9135
4414,如興,20,0,20,群益金鼎-東大,2024-01-29,9135
2352,佳世達,24,4,20,群益金鼎-東大,2024-01-29,9135
3360,尚立,81,61,20,群益金鼎-東大,2024-01-29,9135
6585,鼎基,20,0,20,群益金鼎-東大,2024-01-29,9135
6198,瑞築,20,0,20,群益金鼎-東大,2024-01-29,9135
6770,力積電,20,0,20,群益金鼎-東大,2024-01-29,9135
5432,新門,19,0,19,群益金鼎-東大,2024-01-29,9135
6462,神盾,95,78,17,群益金鼎-東大,2024-01-29,9135
00688L,國泰20年美債正2,16,0,16,群益金鼎-東大,2024-01-29,9135
2337,旺宏,15,0,15,群益金鼎-東大,2024-01-29,9135
4123,晟德,15,0,15,群益金鼎-東大,2024-01-29,9135
00671R,富邦NASDAQ反1,15,0,15,群益金鼎-東大,2024-01-29,9135
2301,光寶科,15,0,15,群益金鼎-東大,2024-01-29,9135
3673,TPK-KY,16,1,15,群益金鼎-東大,2024-01-29,9135
2344,華邦電,17,4,13,群益金鼎-東大,2024-01-29,9135
00877,復華中國5G,18,6,12,群益金鼎-東大,2024-01-29,9135
8222,寶一,12,0,12,群益金鼎-東大,2024-01-29,9135
3024,憶聲,11,0,11,群益金鼎-東大,2024-01-29,9135
5521,工信,11,0,11,群益金鼎-東大,2024-01-29,9135
2545,皇翔,11,0,11,群益金鼎-東大,2024-01-29,9135
3694,海華,16,6,10,群益金鼎-東大,2024-01-29,9135
9924,福興,10,0,10,群益金鼎-東大,2024-01-29,9135
8215,明基材,10,0,10,群益金鼎-東大,2024-01-29,9135
2417,圓剛,10,0,10,群益金鼎-東大,2024-01-29,9135
00675L,富邦臺灣加權正2,10,0,10,群益金鼎-東大,2024-01-29,9135
00712,復華富時不動產,10,0,10,群益金鼎-東大,2024-01-29,9135
6469,大樹,10,0,10,群益金鼎-東大,2024-01-29,9135
2610,華航,13,4,9,群益金鼎-東大,2024-01-29,9135
2356,英業達,27,18,9,群益金鼎-東大,2024-01-29,9135
00753L,中信中國50正2,134,0,134,群益金鼎-東大,2024-01-30,9135
6770,力積電,53,0,53,群益金鼎-東大,2024-01-30,9135
00687B,國泰20年美債,58,10,48,群益金鼎-東大,2024-01-30,9135
00937B,群益ESG投等債20,41,0,41,群益金鼎-東大,2024-01-30,9135
3055,蔚華科,59,18,41,群益金鼎-東大,2024-01-30,9135
3535,晶彩科,63,24,39,群益金鼎-東大,2024-01-30,9135
00882,中信中國高股息,37,0,37,群益金鼎-東大,2024-01-30,9135
00713,元大台灣高息低波,33,0,33,群益金鼎-東大,2024-01-30,9135
2337,旺宏,34,2,32,群益金鼎-東大,2024-01-30,9135
3443,創意,36,4,32,群益金鼎-東大,2024-01-30,9135
6219,富旺,33,2,31,群益金鼎-東大,2024-01-30,9135
5251,天鉞電,35,9,26,群益金鼎-東大,2024-01-30,9135
00637L,元大滬深300正2,92,66,26,群益金鼎-東大,2024-01-30,9135
00671R,富邦NASDAQ反1,25,0,25,群益金鼎-東大,2024-01-30,9135
3041,揚智,35,10,25,群益金鼎-東大,2024-01-30,9135
3033,威健,27,3,24,群益金鼎-東大,2024-01-30,9135
00929,復華台灣科技優息,40,17,23,群益金鼎-東大,2024-01-30,9135
00650L,復華香港正2,21,0,21,群益金鼎-東大,2024-01-30,9135
1815,富喬,20,0,20,群益金鼎-東大,2024-01-30,9135
00764B,群益25年美債,20,0,20,群益金鼎-東大,2024-01-30,9135
4414,如興,20,0,20,群益金鼎-東大,2024-01-30,9135
5871,中租-KY,19,1,18,群益金鼎-東大,2024-01-30,9135
8064,東捷,27,10,17,群益金鼎-東大,2024-01-30,9135
00665L,富邦�琤肭磪囓�2,16,0,16,群益金鼎-東大,2024-01-30,9135
3434,哲固,25,9,16,群益金鼎-東大,2024-01-30,9135
3363,上詮,16,0,16,群益金鼎-東大,2024-01-30,9135
00751B,元大AAA至A公司債,15,0,15,群益金鼎-東大,2024-01-30,9135
5426,振發,41,26,15,群益金鼎-東大,2024-01-30,9135
3128,昇銳,15,1,14,群益金鼎-東大,2024-01-30,9135
8201,無敵,13,0,13,群益金鼎-東大,2024-01-30,9135
3032,偉訓,13,0,13,群益金鼎-東大,2024-01-30,9135
00720B,元大投資級公司債,13,0,13,群益金鼎-東大,2024-01-30,9135
6235,華孚,12,0,12,群益金鼎-東大,2024-01-30,9135
2317,鴻海,14,2,12,群益金鼎-東大,2024-01-30,9135
1303,南亞,11,0,11,群益金鼎-東大,2024-01-30,9135
00675L,富邦臺灣加權正2,10,0,10,群益金鼎-東大,2024-01-30,9135
00933B,國泰10Y+金融債,10,0,10,群益金鼎-東大,2024-01-30,9135
2419,仲琦,10,0,10,群益金鼎-東大,2024-01-30,9135
00772B,中信高評級公司債,10,0,10,群益金鼎-東大,2024-01-30,9135
3052,夆典,10,0,10,群益金鼎-東大,2024-01-30,9135
2609,陽明,10,0,10,群益金鼎-東大,2024-01-30,9135
9925,新保,10,0,10,群益金鼎-東大,2024-01-30,9135
2363,矽統,28,19,9,群益金鼎-東大,2024-01-30,9135
2892,第一金,9,0,9,群益金鼎-東大,2024-01-30,9135
6270,倍微,8,0,8,群益金鼎-東大,2024-01-30,9135
3163,波若威,8,0,8,群益金鼎-東大,2024-01-30,9135
2610,華航,8,0,8,群益金鼎-東大,2024-01-30,9135
2344,華邦電,11,3,8,群益金鼎-東大,2024-01-30,9135
00688L,國泰20年美債正2,10,2,8,群益金鼎-東大,2024-01-30,9135
2356,英業達,41,33,8,群益金鼎-東大,2024-01-30,9135
00751B,元大AAA至A公司債,135,0,135,群益金鼎-東大,2024-01-31,9135
00680L,元大美債20正2,129,21,108,群益金鼎-東大,2024-01-31,9135
00753L,中信中國50正2,114,10,104,群益金鼎-東大,2024-01-31,9135
00687B,國泰20年美債,76,8,68,群益金鼎-東大,2024-01-31,9135
2883,凱基金,50,0,50,群益金鼎-東大,2024-01-31,9135
3035,智原,40,0,40,群益金鼎-東大,2024-01-31,9135
00937B,群益ESG投等債20,39,12,27,群益金鼎-東大,2024-01-31,9135
00722B,群益投資級電信債,25,0,25,群益金鼎-東大,2024-01-31,9135
1815,富喬,24,0,24,群益金鼎-東大,2024-01-31,9135
6593,台灣銘板,48,24,24,群益金鼎-東大,2024-01-31,9135
00713,元大台灣高息低波,22,0,22,群益金鼎-東大,2024-01-31,9135
3036,文曄,52,30,22,群益金鼎-東大,2024-01-31,9135
00650L,復華香港正2,22,0,22,群益金鼎-東大,2024-01-31,9135
3231,緯創,63,42,21,群益金鼎-東大,2024-01-31,9135
6217,中探針,20,0,20,群益金鼎-東大,2024-01-31,9135
3535,晶彩科,68,48,20,群益金鼎-東大,2024-01-31,9135
3622,洋華,22,3,19,群益金鼎-東大,2024-01-31,9135
6695,芯鼎,81,63,18,群益金鼎-東大,2024-01-31,9135
3230,錦明,18,0,18,群益金鼎-東大,2024-01-31,9135
00877,復華中國5G,16,0,16,群益金鼎-東大,2024-01-31,9135
2344,華邦電,25,10,15,群益金鼎-東大,2024-01-31,9135
00857B,永豐20年美公債,15,0,15,群益金鼎-東大,2024-01-31,9135
4529,淳紳,15,0,15,群益金鼎-東大,2024-01-31,9135
3706,神達,19,5,14,群益金鼎-東大,2024-01-31,9135
2618,長榮航,14,0,14,群益金鼎-東大,2024-01-31,9135
3360,尚立,43,29,14,群益金鼎-東大,2024-01-31,9135
00929,復華台灣科技優息,22,9,13,群益金鼎-東大,2024-01-31,9135
00907,永豐優息存股,13,1,12,群益金鼎-東大,2024-01-31,9135
3041,揚智,21,10,11,群益金鼎-東大,2024-01-31,9135
2356,英業達,34,23,11,群益金鼎-東大,2024-01-31,9135
2330,台積電,11,1,10,群益金鼎-東大,2024-01-31,9135
3704,合勤控,11,1,10,群益金鼎-東大,2024-01-31,9135
3664,安瑞-KY,10,0,10,群益金鼎-東大,2024-01-31,9135
3605,宏致,11,1,10,群益金鼎-東大,2024-01-31,9135
2506,太設,10,0,10,群益金鼎-東大,2024-01-31,9135
00675L,富邦臺灣加權正2,10,0,10,群益金鼎-東大,2024-01-31,9135
2443,昶虹,9,0,9,群益金鼎-東大,2024-01-31,9135
8996,高力,9,0,9,群益金鼎-東大,2024-01-31,9135
2610,華航,13,4,9,群益金鼎-東大,2024-01-31,9135
8069,元太,20,11,9,群益金鼎-東大,2024-01-31,9135
2303,聯電,12,3,9,群益金鼎-東大,2024-01-31,9135
6218,豪勉,9,1,8,群益金鼎-東大,2024-01-31,9135
6770,力積電,12,5,7,群益金鼎-東大,2024-01-31,9135
6265,方土昶,7,0,7,群益金鼎-東大,2024-01-31,9135
3052,夆典,7,0,7,群益金鼎-東大,2024-01-31,9135
8936,國統,20,13,7,群益金鼎-東大,2024-01-31,9135
00720B,元大投資級公司債,6,0,6,群益金鼎-東大,2024-01-31,9135
00712,復華富時不動產,10,4,6,群益金鼎-東大,2024-01-31,9135
0056,元大高股息,6,0,6,群益金鼎-東大,2024-01-31,9135
9938,百和,6,0,6,群益金鼎-東大,2024-01-31,9135
00937B,群益ESG投等債20,167,9,158,群益金鼎-東大,2024-02-01,9135
1815,富喬,88,0,88,群益金鼎-東大,2024-02-01,9135
00772B,中信高評級公司債,70,0,70,群益金鼎-東大,2024-02-01,9135
9105,泰金寶-DR,61,0,61,群益金鼎-東大,2024-02-01,9135
2543,皇昌,52,0,52,群益金鼎-東大,2024-02-01,9135
1325,恆大,52,1,51,群益金鼎-東大,2024-02-01,9135
2634,漢翔,44,0,44,群益金鼎-東大,2024-02-01,9135
3694,海華,132,89,43,群益金鼎-東大,2024-02-01,9135
3535,晶彩科,45,3,42,群益金鼎-東大,2024-02-01,9135
9945,潤泰新,38,0,38,群益金鼎-東大,2024-02-01,9135
3437,榮創,38,0,38,群益金鼎-東大,2024-02-01,9135
8059,凱碩,32,0,32,群益金鼎-東大,2024-02-01,9135
6217,中探針,30,0,30,群益金鼎-東大,2024-02-01,9135
00687B,國泰20年美債,67,41,26,群益金鼎-東大,2024-02-01,9135
3231,緯創,32,6,26,群益金鼎-東大,2024-02-01,9135
00712,復華富時不動產,24,0,24,群益金鼎-東大,2024-02-01,9135
00919,群益台灣精選高息,27,4,23,群益金鼎-東大,2024-02-01,9135
3264,欣銓,23,0,23,群益金鼎-東大,2024-02-01,9135
00713,元大台灣高息低波,28,6,22,群益金鼎-東大,2024-02-01,9135
3308,聯德,21,0,21,群益金鼎-東大,2024-02-01,9135
6265,方土昶,61,41,20,群益金鼎-東大,2024-02-01,9135
3052,夆典,20,0,20,群益金鼎-東大,2024-02-01,9135
00929,復華台灣科技優息,21,2,19,群益金鼎-東大,2024-02-01,9135
8024,佑華,18,1,17,群益金鼎-東大,2024-02-01,9135
00878,國泰永續高股息,19,2,17,群益金鼎-東大,2024-02-01,9135
2023,燁輝,15,0,15,群益金鼎-東大,2024-02-01,9135
9906,欣巴巴,16,1,15,群益金鼎-東大,2024-02-01,9135
00679B,元大美債20年,16,2,14,群益金鼎-東大,2024-02-01,9135
6122,擎邦,15,1,14,群益金鼎-東大,2024-02-01,9135
2611,志信,12,0,12,群益金鼎-東大,2024-02-01,9135
00885,富邦越南,12,0,12,群益金鼎-東大,2024-02-01,9135
2409,友達,12,1,11,群益金鼎-東大,2024-02-01,9135
2317,鴻海,12,1,11,群益金鼎-東大,2024-02-01,9135
8096,擎亞,18,7,11,群益金鼎-東大,2024-02-01,9135
2332,友訊,11,0,11,群益金鼎-東大,2024-02-01,9135
3704,合勤控,11,0,11,群益金鼎-東大,2024-02-01,9135
2401,凌陽,10,0,10,群益金鼎-東大,2024-02-01,9135
2707,晶華,10,0,10,群益金鼎-東大,2024-02-01,9135
3050,鈺德,10,0,10,群益金鼎-東大,2024-02-01,9135
00675L,富邦臺灣加權正2,10,0,10,群益金鼎-東大,2024-02-01,9135
3297,杭特,46,36,10,群益金鼎-東大,2024-02-01,9135
3011,今皓,10,0,10,群益金鼎-東大,2024-02-01,9135
2486,一詮,18,9,9,群益金鼎-東大,2024-02-01,9135
6165,浪凡,10,1,9,群益金鼎-東大,2024-02-01,9135
3483,力致,9,0,9,群益金鼎-東大,2024-02-01,9135
2520,冠德,8,0,8,群益金鼎-東大,2024-02-01,9135
6593,台灣銘板,35,27,8,群益金鼎-東大,2024-02-01,9135
2353,宏��,12,4,8,群益金鼎-東大,2024-02-01,9135
2337,旺宏,9,1,8,群益金鼎-東大,2024-02-01,9135
4979,華星光,10,2,8,群益金鼎-東大,2024-02-01,9135
00937B,群益ESG投等債20,236,3,233,群益金鼎-東大,2024-02-02,9135
2317,鴻海,203,83,120,群益金鼎-東大,2024-02-02,9135
00891,中信關鍵半導體,100,0,100,群益金鼎-東大,2024-02-02,9135
3052,夆典,82,0,82,群益金鼎-東大,2024-02-02,9135
4414,如興,80,0,80,群益金鼎-東大,2024-02-02,9135
00687B,國泰20年美債,82,9,73,群益金鼎-東大,2024-02-02,9135
00786B,元大10年IG銀行債,69,0,69,群益金鼎-東大,2024-02-02,9135
00772B,中信高評級公司債,66,2,64,群益金鼎-東大,2024-02-02,9135
00929,復華台灣科技優息,65,10,55,群益金鼎-東大,2024-02-02,9135
3715,定穎投控,52,3,49,群益金鼎-東大,2024-02-02,9135
6161,捷波,30,0,30,群益金鼎-東大,2024-02-02,9135
00680L,元大美債20正2,30,0,30,群益金鼎-東大,2024-02-02,9135
2506,太設,30,0,30,群益金鼎-東大,2024-02-02,9135
2365,昆盈,161,132,29,群益金鼎-東大,2024-02-02,9135
00712,復華富時不動產,27,0,27,群益金鼎-東大,2024-02-02,9135
3481,群創,31,5,26,群益金鼎-東大,2024-02-02,9135
5515,建國,26,1,25,群益金鼎-東大,2024-02-02,9135
3615,安可,45,20,25,群益金鼎-東大,2024-02-02,9135
9924,福興,24,0,24,群益金鼎-東大,2024-02-02,9135
00933B,國泰10Y+金融債,21,0,21,群益金鼎-東大,2024-02-02,9135
2303,聯電,21,0,21,群益金鼎-東大,2024-02-02,9135
00882,中信中國高股息,21,0,21,群益金鼎-東大,2024-02-02,9135
8467,波力-KY,21,0,21,群益金鼎-東大,2024-02-02,9135
3264,欣銓,24,4,20,群益金鼎-東大,2024-02-02,9135
00860B,群益1-5Y投資級債,20,0,20,群益金鼎-東大,2024-02-02,9135
6770,力積電,18,0,18,群益金鼎-東大,2024-02-02,9135
00715L,期街口布蘭特正2,18,0,18,群益金鼎-東大,2024-02-02,9135
00857B,永豐20年美公債,15,0,15,群益金鼎-東大,2024-02-02,9135
6219,富旺,15,0,15,群益金鼎-東大,2024-02-02,9135
3483,力致,30,16,14,群益金鼎-東大,2024-02-02,9135
2609,陽明,20,7,13,群益金鼎-東大,2024-02-02,9135
5432,新門,13,0,13,群益金鼎-東大,2024-02-02,9135
2337,旺宏,13,0,13,群益金鼎-東大,2024-02-02,9135
2344,華邦電,12,0,12,群益金鼎-東大,2024-02-02,9135
3588,通嘉,12,0,12,群益金鼎-東大,2024-02-02,9135
3036,文曄,24,13,11,群益金鼎-東大,2024-02-02,9135
6265,方土昶,80,69,11,群益金鼎-東大,2024-02-02,9135
3055,蔚華科,38,27,11,群益金鼎-東大,2024-02-02,9135
2603,長榮,11,0,11,群益金鼎-東大,2024-02-02,9135
5206,坤悅,10,0,10,群益金鼎-東大,2024-02-02,9135
2707,晶華,10,0,10,群益金鼎-東大,2024-02-02,9135
020031,統一IC設計臺灣N,10,0,10,群益金鼎-東大,2024-02-02,9135
2637,慧洋-KY,10,0,10,群益金鼎-東大,2024-02-02,9135
6834,天二科技,17,7,10,群益金鼎-東大,2024-02-02,9135
00706L,期元大S＆P日圓正2,10,0,10,群益金鼎-東大,2024-02-02,9135
2753,八方雲集,10,0,10,群益金鼎-東大,2024-02-02,9135
3041,揚智,17,7,10,群益金鼎-東大,2024-02-02,9135
2884,玉山金,10,1,9,群益金鼎-東大,2024-02-02,9135
3169,亞信,9,0,9,群益金鼎-東大,2024-02-02,9135
6442,光聖,32,23,9,群益金鼎-東大,2024-02-02,9135
00715L,期街口布蘭特正2,95,0,95,群益金鼎-東大,2024-02-05,9135
00687B,國泰20年美債,89,2,87,群益金鼎-東大,2024-02-05,9135
00929,復華台灣科技優息,95,16,79,群益金鼎-東大,2024-02-05,9135
6290,良維,80,3,77,群益金鼎-東大,2024-02-05,9135
2883,凱基金,62,0,62,群益金鼎-東大,2024-02-05,9135
00688L,國泰20年美債正2,57,0,57,群益金鼎-東大,2024-02-05,9135
00632R,元大台灣50反1,52,0,52,群益金鼎-東大,2024-02-05,9135
00633L,富邦上証正2,55,7,48,群益金鼎-東大,2024-02-05,9135
00919,群益台灣精選高息,55,8,47,群益金鼎-東大,2024-02-05,9135
4303,信立,56,10,46,群益金鼎-東大,2024-02-05,9135
2889,國票金,42,1,41,群益金鼎-東大,2024-02-05,9135
00675L,富邦臺灣加權正2,40,0,40,群益金鼎-東大,2024-02-05,9135
2301,光寶科,60,20,40,群益金鼎-東大,2024-02-05,9135
00937B,群益ESG投等債20,104,66,38,群益金鼎-東大,2024-02-05,9135
3588,通嘉,34,2,32,群益金鼎-東大,2024-02-05,9135
2505,國揚,30,0,30,群益金鼎-東大,2024-02-05,9135
6695,芯鼎,78,50,28,群益金鼎-東大,2024-02-05,9135
1303,南亞,28,0,28,群益金鼎-東大,2024-02-05,9135
00679B,元大美債20年,31,5,26,群益金鼎-東大,2024-02-05,9135
00882,中信中國高股息,30,5,25,群益金鼎-東大,2024-02-05,9135
00712,復華富時不動產,35,10,25,群益金鼎-東大,2024-02-05,9135
2537,聯上發,29,8,21,群益金鼎-東大,2024-02-05,9135
00706L,期元大S＆P日圓正2,21,0,21,群益金鼎-東大,2024-02-05,9135
2506,太設,20,0,20,群益金鼎-東大,2024-02-05,9135
1528,恩德,28,8,20,群益金鼎-東大,2024-02-05,9135
3052,夆典,20,0,20,群益金鼎-東大,2024-02-05,9135
6770,力積電,20,0,20,群益金鼎-東大,2024-02-05,9135
5347,世界,20,0,20,群益金鼎-東大,2024-02-05,9135
00877,復華中國5G,18,0,18,群益金鼎-東大,2024-02-05,9135
2801,彰銀,16,0,16,群益金鼎-東大,2024-02-05,9135
2388,威盛,17,1,16,群益金鼎-東大,2024-02-05,9135
2417,圓剛,16,0,16,群益金鼎-東大,2024-02-05,9135
3105,穩懋,17,1,16,群益金鼎-東大,2024-02-05,9135
00753L,中信中國50正2,85,70,15,群益金鼎-東大,2024-02-05,9135
2356,英業達,90,76,14,群益金鼎-東大,2024-02-05,9135
3078,僑威,15,2,13,群益金鼎-東大,2024-02-05,9135
2376,技嘉,22,10,12,群益金鼎-東大,2024-02-05,9135
2365,昆盈,296,285,11,群益金鼎-東大,2024-02-05,9135
3260,威剛,11,0,11,群益金鼎-東大,2024-02-05,9135
3481,群創,11,0,11,群益金鼎-東大,2024-02-05,9135
2888A,新光金甲特,11,0,11,群益金鼎-東大,2024-02-05,9135
2344,華邦電,21,10,11,群益金鼎-東大,2024-02-05,9135
6217,中探針,11,0,11,群益金鼎-東大,2024-02-05,9135
5871,中租-KY,11,0,11,群益金鼎-東大,2024-02-05,9135
00757,統一FANG+,11,0,11,群益金鼎-東大,2024-02-05,9135
00671R,富邦NASDAQ反1,10,0,10,群益金鼎-東大,2024-02-05,9135
6485,點序,10,0,10,群益金鼎-東大,2024-02-05,9135
6684,安格,10,0,10,群益金鼎-東大,2024-02-05,9135
00931B,統一美債20年,14,5,9,群益金鼎-東大,2024-02-05,9135
5426,振發,25,16,9,群益金鼎-東大,2024-02-05,9135
00937B,群益ESG投等債20,256,23,233,群益金鼎-東大,2024-02-15,9135
00680L,元大美債20正2,244,20,224,群益金鼎-東大,2024-02-15,9135
00720B,元大投資級公司債,140,0,140,群益金鼎-東大,2024-02-15,9135
00687B,國泰20年美債,127,0,127,群益金鼎-東大,2024-02-15,9135
2025,千興,97,1,96,群益金鼎-東大,2024-02-15,9135
6290,良維,92,8,84,群益金鼎-東大,2024-02-15,9135
3708,上緯投控,80,2,78,群益金鼎-東大,2024-02-15,9135
6016,康和證,65,0,65,群益金鼎-東大,2024-02-15,9135
00632R,元大台灣50反1,64,0,64,群益金鼎-東大,2024-02-15,9135
00712,復華富時不動產,64,1,63,群益金鼎-東大,2024-02-15,9135
2883,凱基金,52,1,51,群益金鼎-東大,2024-02-15,9135
00679B,元大美債20年,51,2,49,群益金鼎-東大,2024-02-15,9135
00706L,期元大S＆P日圓正2,62,20,42,群益金鼎-東大,2024-02-15,9135
2610,華航,53,12,41,群益金鼎-東大,2024-02-15,9135
00751B,元大AAA至A公司債,47,10,37,群益金鼎-東大,2024-02-15,9135
5381,合正,35,0,35,群益金鼎-東大,2024-02-15,9135
00673R,期元大S＆P原油反1,35,0,35,群益金鼎-東大,2024-02-15,9135
00918,大華優利高填息30,33,1,32,群益金鼎-東大,2024-02-15,9135
00688L,國泰20年美債正2,31,0,31,群益金鼎-東大,2024-02-15,9135
3284,太普高,31,0,31,群益金鼎-東大,2024-02-15,9135
00795B,中信美國公債20年,29,0,29,群益金鼎-東大,2024-02-15,9135
00919,群益台灣精選高息,31,4,27,群益金鼎-東大,2024-02-15,9135
6187,萬潤,29,2,27,群益金鼎-東大,2024-02-15,9135
2369,菱生,59,34,25,群益金鼎-東大,2024-02-15,9135
2887,台新金,23,0,23,群益金鼎-東大,2024-02-15,9135
1605,華新,23,1,22,群益金鼎-東大,2024-02-15,9135
3033,威健,28,7,21,群益金鼎-東大,2024-02-15,9135
2033,佳大,20,0,20,群益金鼎-東大,2024-02-15,9135
5347,世界,20,0,20,群益金鼎-東大,2024-02-15,9135
2313,華通,25,6,19,群益金鼎-東大,2024-02-15,9135
2442,新美齊,21,2,19,群益金鼎-東大,2024-02-15,9135
3189,景碩,20,1,19,群益金鼎-東大,2024-02-15,9135
2421,建準,21,6,15,群益金鼎-東大,2024-02-15,9135
3362,先進光,18,3,15,群益金鼎-東大,2024-02-15,9135
1528,恩德,14,0,14,群益金鼎-東大,2024-02-15,9135
00857B,永豐20年美公債,13,0,13,群益金鼎-東大,2024-02-15,9135
00722B,群益投資級電信債,13,0,13,群益金鼎-東大,2024-02-15,9135
2344,華邦電,27,14,13,群益金鼎-東大,2024-02-15,9135
5871,中租-KY,13,1,12,群益金鼎-東大,2024-02-15,9135
00931B,統一美債20年,17,5,12,群益金鼎-東大,2024-02-15,9135
6237,驊訊,13,1,12,群益金鼎-東大,2024-02-15,9135
00907,永豐優息存股,12,0,12,群益金鼎-東大,2024-02-15,9135
2889,國票金,12,0,12,群益金鼎-東大,2024-02-15,9135
00772B,中信高評級公司債,21,10,11,群益金鼎-東大,2024-02-15,9135
3032,偉訓,30,19,11,群益金鼎-東大,2024-02-15,9135
5465,富驊,16,5,11,群益金鼎-東大,2024-02-15,9135
6216,居易,11,0,11,群益金鼎-東大,2024-02-15,9135
9933,中鼎,10,0,10,群益金鼎-東大,2024-02-15,9135
2450,神腦,10,0,10,群益金鼎-東大,2024-02-15,9135
00764B,群益25年美債,10,0,10,群益金鼎-東大,2024-02-15,9135
00937B,群益ESG投等債20,193,0,193,群益金鼎-東大,2024-02-16,9135
00680L,元大美債20正2,139,0,139,群益金鼎-東大,2024-02-16,9135
00688L,國泰20年美債正2,95,0,95,群益金鼎-東大,2024-02-16,9135
00918,大華優利高填息30,85,0,85,群益金鼎-東大,2024-02-16,9135
3231,緯創,86,21,65,群益金鼎-東大,2024-02-16,9135
4414,如興,52,0,52,群益金鼎-東大,2024-02-16,9135
6668,中揚光,52,0,52,群益金鼎-東大,2024-02-16,9135
00720B,元大投資級公司債,47,0,47,群益金鼎-東大,2024-02-16,9135
6016,康和證,51,5,46,群益金鼎-東大,2024-02-16,9135
00795B,中信美國公債20年,42,0,42,群益金鼎-東大,2024-02-16,9135
4968,立積,49,10,39,群益金鼎-東大,2024-02-16,9135
00772B,中信高評級公司債,39,5,34,群益金鼎-東大,2024-02-16,9135
00725B,國泰投資級公司債,33,0,33,群益金鼎-東大,2024-02-16,9135
6290,良維,46,13,33,群益金鼎-東大,2024-02-16,9135
00687B,國泰20年美債,31,0,31,群益金鼎-東大,2024-02-16,9135
2353,宏��,211,182,29,群益金鼎-東大,2024-02-16,9135
1785,光洋科,31,4,27,群益金鼎-東大,2024-02-16,9135
6770,力積電,35,8,27,群益金鼎-東大,2024-02-16,9135
2367,燿華,37,12,25,群益金鼎-東大,2024-02-16,9135
8926,台汽電,26,1,25,群益金鼎-東大,2024-02-16,9135
00679B,元大美債20年,27,3,24,群益金鼎-東大,2024-02-16,9135
3014,聯陽,25,1,24,群益金鼎-東大,2024-02-16,9135
7402,邑錡,43,20,23,群益金鼎-東大,2024-02-16,9135
3230,錦明,22,0,22,群益金鼎-東大,2024-02-16,9135
2347,聯強,21,0,21,群益金鼎-東大,2024-02-16,9135
00673R,期元大S＆P原油反1,20,0,20,群益金鼎-東大,2024-02-16,9135
1447,力鵬,20,0,20,群益金鼎-東大,2024-02-16,9135
6530,創威,28,8,20,群益金鼎-東大,2024-02-16,9135
2301,光寶科,21,2,19,群益金鼎-東大,2024-02-16,9135
00878,國泰永續高股息,22,5,17,群益金鼎-東大,2024-02-16,9135
6125,廣運,32,15,17,群益金鼎-東大,2024-02-16,9135
3289,宜特,18,1,17,群益金鼎-東大,2024-02-16,9135
00933B,國泰10Y+金融債,16,0,16,群益金鼎-東大,2024-02-16,9135
2888,新光金,17,1,16,群益金鼎-東大,2024-02-16,9135
9105,泰金寶-DR,16,0,16,群益金鼎-東大,2024-02-16,9135
2464,盟立,16,0,16,群益金鼎-東大,2024-02-16,9135
8930,青鋼,16,0,16,群益金鼎-東大,2024-02-16,9135
2449,京元電子,30,14,16,群益金鼎-東大,2024-02-16,9135
2362,藍天,17,2,15,群益金鼎-東大,2024-02-16,9135
00706L,期元大S＆P日圓正2,15,0,15,群益金鼎-東大,2024-02-16,9135
3024,憶聲,14,0,14,群益金鼎-東大,2024-02-16,9135
2206,三陽工業,21,7,14,群益金鼎-東大,2024-02-16,9135
2382,廣達,24,11,13,群益金鼎-東大,2024-02-16,9135
6285,啟��,13,0,13,群益金鼎-東大,2024-02-16,9135
4908,前鼎,29,16,13,群益金鼎-東大,2024-02-16,9135
6695,芯鼎,88,75,13,群益金鼎-東大,2024-02-16,9135
00857B,永豐20年美公債,12,0,12,群益金鼎-東大,2024-02-16,9135
00665L,富邦�琤肭磪囓�2,11,0,11,群益金鼎-東大,2024-02-16,9135
2323,中環,10,0,10,群益金鼎-東大,2024-02-16,9135
8096,擎亞,33,23,10,群益金鼎-東大,2024-02-16,9135
6125,廣運,209,21,188,群益金鼎-東大,2024-02-19,9135
2515,中工,124,4,120,群益金鼎-東大,2024-02-19,9135
6216,居易,119,0,119,群益金鼎-東大,2024-02-19,9135
00937B,群益ESG投等債20,95,3,92,群益金鼎-東大,2024-02-19,9135
00688L,國泰20年美債正2,74,0,74,群益金鼎-東大,2024-02-19,9135
00687B,國泰20年美債,62,3,59,群益金鼎-東大,2024-02-19,9135
00673R,期元大S＆P原油反1,55,0,55,群益金鼎-東大,2024-02-19,9135
4714,永捷,189,138,51,群益金鼎-東大,2024-02-19,9135
3025,星通,52,5,47,群益金鼎-東大,2024-02-19,9135
2467,志聖,121,80,41,群益金鼎-東大,2024-02-19,9135
00878,國泰永續高股息,45,5,40,群益金鼎-東大,2024-02-19,9135
00933B,國泰10Y+金融債,37,0,37,群益金鼎-東大,2024-02-19,9135
3006,晶豪科,37,1,36,群益金鼎-東大,2024-02-19,9135
6016,康和證,30,0,30,群益金鼎-東大,2024-02-19,9135
6187,萬潤,30,0,30,群益金鼎-東大,2024-02-19,9135
5426,振發,85,55,30,群益金鼎-東大,2024-02-19,9135
2543,皇昌,35,8,27,群益金鼎-東大,2024-02-19,9135
6585,鼎基,26,0,26,群益金鼎-東大,2024-02-19,9135
3035,智原,56,31,25,群益金鼎-東大,2024-02-19,9135
00680L,元大美債20正2,25,0,25,群益金鼎-東大,2024-02-19,9135
3615,安可,25,0,25,群益金鼎-東大,2024-02-19,9135
6756,威鋒電子,25,0,25,群益金鼎-東大,2024-02-19,9135
6290,良維,27,3,24,群益金鼎-東大,2024-02-19,9135
00929,復華台灣科技優息,103,80,23,群益金鼎-東大,2024-02-19,9135
00637L,元大滬深300正2,35,12,23,群益金鼎-東大,2024-02-19,9135
2353,宏��,45,23,22,群益金鼎-東大,2024-02-19,9135
3188,鑫龍騰,20,0,20,群益金鼎-東大,2024-02-19,9135
00885,富邦越南,20,0,20,群益金鼎-東大,2024-02-19,9135
2501,國建,20,0,20,群益金鼎-東大,2024-02-19,9135
00764B,群益25年美債,20,0,20,群益金鼎-東大,2024-02-19,9135
3284,太普高,20,0,20,群益金鼎-東大,2024-02-19,9135
6282,康舒,34,15,19,群益金鼎-東大,2024-02-19,9135
3645,達邁,18,0,18,群益金鼎-東大,2024-02-19,9135
3708,上緯投控,17,0,17,群益金鼎-東大,2024-02-19,9135
00931B,統一美債20年,16,0,16,群益金鼎-東大,2024-02-19,9135
8473,山林水,27,11,16,群益金鼎-東大,2024-02-19,9135
3049,精金,15,0,15,群益金鼎-東大,2024-02-19,9135
1784,訊聯,30,15,15,群益金鼎-東大,2024-02-19,9135
2506,太設,15,0,15,群益金鼎-東大,2024-02-19,9135
1513,中興電,24,10,14,群益金鼎-東大,2024-02-19,9135
00720B,元大投資級公司債,14,0,14,群益金鼎-東大,2024-02-19,9135
8930,青鋼,22,9,13,群益金鼎-東大,2024-02-19,9135
8112,至上,16,3,13,群益金鼎-東大,2024-02-19,9135
2449,京元電子,18,6,12,群益金鼎-東大,2024-02-19,9135
6233,旺玖,13,1,12,群益金鼎-東大,2024-02-19,9135
6285,啟��,13,2,11,群益金鼎-東大,2024-02-19,9135
2387,精元,12,1,11,群益金鼎-東大,2024-02-19,9135
2020,美亞,12,1,11,群益金鼎-東大,2024-02-19,9135
3305,昇貿,12,1,11,群益金鼎-東大,2024-02-19,9135
3596,智易,11,0,11,群益金鼎-東大,2024-02-19,9135
00673R,期元大S＆P原油反1,150,0,150,群益金鼎-東大,2024-02-20,9135
00878,國泰永續高股息,145,2,143,群益金鼎-東大,2024-02-20,9135
4714,永捷,316,184,132,群益金鼎-東大,2024-02-20,9135
8046,南電,101,0,101,群益金鼎-東大,2024-02-20,9135
6531,愛普*,100,0,100,群益金鼎-東大,2024-02-20,9135
2312,金寶,61,6,55,群益金鼎-東大,2024-02-20,9135
00751B,元大AAA至A公司債,55,2,53,群益金鼎-東大,2024-02-20,9135
4414,如興,50,0,50,群益金鼎-東大,2024-02-20,9135
00772B,中信高評級公司債,45,0,45,群益金鼎-東大,2024-02-20,9135
1784,訊聯,45,0,45,群益金鼎-東大,2024-02-20,9135
3231,緯創,59,24,35,群益金鼎-東大,2024-02-20,9135
2506,太設,30,0,30,群益金鼎-東大,2024-02-20,9135
3005,神基,50,20,30,群益金鼎-東大,2024-02-20,9135
2460,建通,32,5,27,群益金鼎-東大,2024-02-20,9135
3437,榮創,28,2,26,群益金鼎-東大,2024-02-20,9135
6282,康舒,29,3,26,群益金鼎-東大,2024-02-20,9135
00687B,國泰20年美債,25,0,25,群益金鼎-東大,2024-02-20,9135
00933B,國泰10Y+金融債,24,0,24,群益金鼎-東大,2024-02-20,9135
8110,華東,83,59,24,群益金鼎-東大,2024-02-20,9135
6285,啟��,25,2,23,群益金鼎-東大,2024-02-20,9135
8064,東捷,27,4,23,群益金鼎-東大,2024-02-20,9135
3710,連展投控,22,0,22,群益金鼎-東大,2024-02-20,9135
00753L,中信中國50正2,22,0,22,群益金鼎-東大,2024-02-20,9135
2332,友訊,21,0,21,群益金鼎-東大,2024-02-20,9135
2330,台積電,27,6,21,群益金鼎-東大,2024-02-20,9135
4157,太景*-KY,20,0,20,群益金鼎-東大,2024-02-20,9135
020031,統一IC設計臺灣N,20,0,20,群益金鼎-東大,2024-02-20,9135
6274,台燿,28,10,18,群益金鼎-東大,2024-02-20,9135
1717,長興,16,0,16,群益金鼎-東大,2024-02-20,9135
1447,力鵬,14,0,14,群益金鼎-東大,2024-02-20,9135
3035,智原,58,46,12,群益金鼎-東大,2024-02-20,9135
6265,方土昶,12,0,12,群益金鼎-東大,2024-02-20,9135
00773B,中信優先金融債,12,0,12,群益金鼎-東大,2024-02-20,9135
1806,冠軍,16,5,11,群益金鼎-東大,2024-02-20,9135
6125,廣運,18,7,11,群益金鼎-東大,2024-02-20,9135
1301,台塑,11,0,11,群益金鼎-東大,2024-02-20,9135
2355,敬鵬,14,3,11,群益金鼎-東大,2024-02-20,9135
5469,瀚宇博,13,2,11,群益金鼎-東大,2024-02-20,9135
1513,中興電,49,38,11,群益金鼎-東大,2024-02-20,9135
8404,百和興業-KY,10,0,10,群益金鼎-東大,2024-02-20,9135
00720B,元大投資級公司債,10,0,10,群益金鼎-東大,2024-02-20,9135
8996,高力,12,2,10,群益金鼎-東大,2024-02-20,9135
6189,豐藝,25,15,10,群益金鼎-東大,2024-02-20,9135
1314,中石化,10,0,10,群益金鼎-東大,2024-02-20,9135
4935,茂林-KY,10,0,10,群益金鼎-東大,2024-02-20,9135
3704,合勤控,10,0,10,群益金鼎-東大,2024-02-20,9135
2885,元大金,11,1,10,群益金鼎-東大,2024-02-20,9135
3615,安可,10,0,10,群益金鼎-東大,2024-02-20,9135
6026,福邦證,10,0,10,群益金鼎-東大,2024-02-20,9135
2707,晶華,10,0,10,群益金鼎-東大,2024-02-20,9135
8028,昇陽半導體,200,0,200,群益金鼎-東大,2024-02-21,9135
00751B,元大AAA至A公司債,191,0,191,群益金鼎-東大,2024-02-21,9135
00878,國泰永續高股息,188,20,168,群益金鼎-東大,2024-02-21,9135
4414,如興,135,10,125,群益金鼎-東大,2024-02-21,9135
9105,泰金寶-DR,121,0,121,群益金鼎-東大,2024-02-21,9135
00937B,群益ESG投等債20,119,0,119,群益金鼎-東大,2024-02-21,9135
1609,大亞,55,0,55,群益金鼎-東大,2024-02-21,9135
6668,中揚光,56,6,50,群益金鼎-東大,2024-02-21,9135
2609,陽明,52,6,46,群益金鼎-東大,2024-02-21,9135
00712,復華富時不動產,42,0,42,群益金鼎-東大,2024-02-21,9135
00933B,國泰10Y+金融債,36,0,36,群益金鼎-東大,2024-02-21,9135
2301,光寶科,36,0,36,群益金鼎-東大,2024-02-21,9135
00679B,元大美債20年,35,0,35,群益金鼎-東大,2024-02-21,9135
2883,凱基金,51,20,31,群益金鼎-東大,2024-02-21,9135
00720B,元大投資級公司債,28,0,28,群益金鼎-東大,2024-02-21,9135
5533,皇鼎,27,0,27,群益金鼎-東大,2024-02-21,9135
6782,視陽,29,3,26,群益金鼎-東大,2024-02-21,9135
6288,聯嘉,26,0,26,群益金鼎-東大,2024-02-21,9135
1506,正道,24,0,24,群益金鼎-東大,2024-02-21,9135
3362,先進光,35,11,24,群益金鼎-東大,2024-02-21,9135
3036,文曄,26,3,23,群益金鼎-東大,2024-02-21,9135
1717,長興,54,31,23,群益金鼎-東大,2024-02-21,9135
1785,光洋科,26,3,23,群益金鼎-東大,2024-02-21,9135
6237,驊訊,28,5,23,群益金鼎-東大,2024-02-21,9135
3615,安可,20,0,20,群益金鼎-東大,2024-02-21,9135
5272,笙科,32,12,20,群益金鼎-東大,2024-02-21,9135
00706L,期元大S＆P日圓正2,20,0,20,群益金鼎-東大,2024-02-21,9135
3297,杭特,25,5,20,群益金鼎-東大,2024-02-21,9135
1455,集盛,20,1,19,群益金鼎-東大,2024-02-21,9135
00929,復華台灣科技優息,49,31,18,群益金鼎-東大,2024-02-21,9135
6799,來頡,18,3,15,群益金鼎-東大,2024-02-21,9135
3035,智原,31,17,14,群益金鼎-東大,2024-02-21,9135
3231,緯創,32,18,14,群益金鼎-東大,2024-02-21,9135
00680L,元大美債20正2,13,0,13,群益金鼎-東大,2024-02-21,9135
2537,聯上發,13,0,13,群益金鼎-東大,2024-02-21,9135
8442,威宏-KY,14,1,13,群益金鼎-東大,2024-02-21,9135
2025,千興,15,2,13,群益金鼎-東大,2024-02-21,9135
3437,榮創,13,0,13,群益金鼎-東大,2024-02-21,9135
6282,康舒,30,18,12,群益金鼎-東大,2024-02-21,9135
3432,台端,13,1,12,群益金鼎-東大,2024-02-21,9135
5381,合正,34,22,12,群益金鼎-東大,2024-02-21,9135
2897A,王道銀甲特,12,0,12,群益金鼎-東大,2024-02-21,9135
3708,上緯投控,12,0,12,群益金鼎-東大,2024-02-21,9135
2613,中櫃,12,0,12,群益金鼎-東大,2024-02-21,9135
2482,連宇,12,0,12,群益金鼎-東大,2024-02-21,9135
4147,中裕,13,1,12,群益金鼎-東大,2024-02-21,9135
2467,志聖,12,1,11,群益金鼎-東大,2024-02-21,9135
1447,力鵬,12,1,11,群益金鼎-東大,2024-02-21,9135
3339,泰谷,11,0,11,群益金鼎-東大,2024-02-21,9135
00795B,中信美國公債20年,11,0,11,群益金鼎-東大,2024-02-21,9135
8028,昇陽半導體,106,0,106,群益金鼎-東大,2024-02-22,9135
020031,統一IC設計臺灣N,100,0,100,群益金鼎-東大,2024-02-22,9135
00671R,富邦NASDAQ反1,95,0,95,群益金鼎-東大,2024-02-22,9135
6668,中揚光,94,23,71,群益金鼎-東大,2024-02-22,9135
020034,元大IC設計N,70,0,70,群益金鼎-東大,2024-02-22,9135
00706L,期元大S＆P日圓正2,66,0,66,群益金鼎-東大,2024-02-22,9135
3231,緯創,109,50,59,群益金鼎-東大,2024-02-22,9135
00878,國泰永續高股息,55,1,54,群益金鼎-東大,2024-02-22,9135
00795B,中信美國公債20年,51,0,51,群益金鼎-東大,2024-02-22,9135
1618,合機,51,0,51,群益金鼎-東大,2024-02-22,9135
00724B,群益投資級金融債,50,0,50,群益金鼎-東大,2024-02-22,9135
6016,康和證,50,0,50,群益金鼎-東大,2024-02-22,9135
5381,合正,62,14,48,群益金鼎-東大,2024-02-22,9135
00937B,群益ESG投等債20,80,35,45,群益金鼎-東大,2024-02-22,9135
8027,鈦昇,36,0,36,群益金鼎-東大,2024-02-22,9135
3035,智原,74,39,35,群益金鼎-東大,2024-02-22,9135
00632R,元大台灣50反1,32,0,32,群益金鼎-東大,2024-02-22,9135
6233,旺玖,43,11,32,群益金鼎-東大,2024-02-22,9135
6164,華興,31,1,30,群益金鼎-東大,2024-02-22,9135
3234,光環,38,12,26,群益金鼎-東大,2024-02-22,9135
00918,大華優利高填息30,23,0,23,群益金鼎-東大,2024-02-22,9135
00931B,統一美債20年,23,0,23,群益金鼎-東大,2024-02-22,9135
2489,瑞軒,41,19,22,群益金鼎-東大,2024-02-22,9135
3221,台嘉碩,22,1,21,群益金鼎-東大,2024-02-22,9135
8064,東捷,27,7,20,群益金鼎-東大,2024-02-22,9135
2610,華航,24,4,20,群益金鼎-東大,2024-02-22,9135
8429,金麗-KY,20,0,20,群益金鼎-東大,2024-02-22,9135
4714,永捷,35,15,20,群益金鼎-東大,2024-02-22,9135
2371,大同,31,12,19,群益金鼎-東大,2024-02-22,9135
00679B,元大美債20年,20,2,18,群益金鼎-東大,2024-02-22,9135
2611,志信,20,2,18,群益金鼎-東大,2024-02-22,9135
3548,兆利,28,10,18,群益金鼎-東大,2024-02-22,9135
2313,華通,52,34,18,群益金鼎-東大,2024-02-22,9135
2020,美亞,24,7,17,群益金鼎-東大,2024-02-22,9135
00687B,國泰20年美債,17,0,17,群益金鼎-東大,2024-02-22,9135
9105,泰金寶-DR,26,10,16,群益金鼎-東大,2024-02-22,9135
3689,湧德,32,17,15,群益金鼎-東大,2024-02-22,9135
9906,欣巴巴,14,0,14,群益金鼎-東大,2024-02-22,9135
6125,廣運,22,8,14,群益金鼎-東大,2024-02-22,9135
00757,統一FANG+,14,0,14,群益金鼎-東大,2024-02-22,9135
2409,友達,13,0,13,群益金鼎-東大,2024-02-22,9135
2455,全新,16,3,13,群益金鼎-東大,2024-02-22,9135
3163,波若威,15,3,12,群益金鼎-東大,2024-02-22,9135
3535,晶彩科,12,0,12,群益金鼎-東大,2024-02-22,9135
00933B,國泰10Y+金融債,11,0,11,群益金鼎-東大,2024-02-22,9135
3607,谷崧,13,2,11,群益金鼎-東大,2024-02-22,9135
1809,中釉,13,2,11,群益金鼎-東大,2024-02-22,9135
3013,晟銘電,13,2,11,群益金鼎-東大,2024-02-22,9135
1414,東和,12,1,11,群益金鼎-東大,2024-02-22,9135
8105,凌巨,17,6,11,群益金鼎-東大,2024-02-22,9135
8040,九暘,423,23,400,群益金鼎-東大,2024-02-23,9135
00632R,元大台灣50反1,275,0,275,群益金鼎-東大,2024-02-23,9135
00671R,富邦NASDAQ反1,150,0,150,群益金鼎-東大,2024-02-23,9135
00937B,群益ESG投等債20,154,11,143,群益金鼎-東大,2024-02-23,9135
2897A,王道銀甲特,100,0,100,群益金鼎-東大,2024-02-23,9135
6290,良維,81,8,73,群益金鼎-東大,2024-02-23,9135
6126,信音,75,2,73,群益金鼎-東大,2024-02-23,9135
00673R,期元大S＆P原油反1,60,0,60,群益金鼎-東大,2024-02-23,9135
2537,聯上發,85,29,56,群益金鼎-東大,2024-02-23,9135
00786B,元大10年IG銀行債,56,0,56,群益金鼎-東大,2024-02-23,9135
2405,輔信,151,99,52,群益金鼎-東大,2024-02-23,9135
00687B,國泰20年美債,44,0,44,群益金鼎-東大,2024-02-23,9135
00679B,元大美債20年,42,0,42,群益金鼎-東大,2024-02-23,9135
4414,如興,40,0,40,群益金鼎-東大,2024-02-23,9135
00919,群益台灣精選高息,66,27,39,群益金鼎-東大,2024-02-23,9135
6185,幃翔,37,2,35,群益金鼎-東大,2024-02-23,9135
1409,新纖,30,0,30,群益金鼎-東大,2024-02-23,9135
2329,華泰,120,90,30,群益金鼎-東大,2024-02-23,9135
1536,和大,28,0,28,群益金鼎-東大,2024-02-23,9135
00878,國泰永續高股息,59,32,27,群益金鼎-東大,2024-02-23,9135
2106,建大,26,0,26,群益金鼎-東大,2024-02-23,9135
3025,星通,57,32,25,群益金鼎-東大,2024-02-23,9135
6770,力積電,33,9,24,群益金鼎-東大,2024-02-23,9135
6579,研揚,25,2,23,群益金鼎-東大,2024-02-23,9135
3006,晶豪科,22,1,21,群益金鼎-東大,2024-02-23,9135
8064,東捷,69,48,21,群益金鼎-東大,2024-02-23,9135
5243,乙盛-KY,20,0,20,群益金鼎-東大,2024-02-23,9135
1731,美吾華,20,0,20,群益金鼎-東大,2024-02-23,9135
2313,華通,90,70,20,群益金鼎-東大,2024-02-23,9135
1815,富喬,44,24,20,群益金鼎-東大,2024-02-23,9135
3260,威剛,23,5,18,群益金鼎-東大,2024-02-23,9135
3390,旭軟,58,41,17,群益金鼎-東大,2024-02-23,9135
4147,中裕,27,11,16,群益金鼎-東大,2024-02-23,9135
6113,亞矽,20,4,16,群益金鼎-東大,2024-02-23,9135
00720B,元大投資級公司債,16,2,14,群益金鼎-東大,2024-02-23,9135
9933,中鼎,14,0,14,群益金鼎-東大,2024-02-23,9135
2449,京元電子,35,21,14,群益金鼎-東大,2024-02-23,9135
1560,中砂,26,13,13,群益金鼎-東大,2024-02-23,9135
5465,富驊,13,0,13,群益金鼎-東大,2024-02-23,9135
6494,九齊,12,0,12,群益金鼎-東大,2024-02-23,9135
2530,華建,11,0,11,群益金鼎-東大,2024-02-23,9135
1609,大亞,13,2,11,群益金鼎-東大,2024-02-23,9135
00905,FT臺灣Smart,10,0,10,群益金鼎-東大,2024-02-23,9135
2363,矽統,12,2,10,群益金鼎-東大,2024-02-23,9135
2883B,凱基金乙特,10,0,10,群益金鼎-東大,2024-02-23,9135
00680L,元大美債20正2,10,0,10,群益金鼎-東大,2024-02-23,9135
2855,統一證,10,0,10,群益金鼎-東大,2024-02-23,9135
6026,福邦證,10,0,10,群益金鼎-東大,2024-02-23,9135
2393,億光,10,0,10,群益金鼎-東大,2024-02-23,9135
00885,富邦越南,10,0,10,群益金鼎-東大,2024-02-23,9135
00937B,群益ESG投等債20,212,22,190,群益金鼎-東大,2024-02-26,9135
00878,國泰永續高股息,135,43,92,群益金鼎-東大,2024-02-26,9135
00919,群益台灣精選高息,75,3,72,群益金鼎-東大,2024-02-26,9135
00933B,國泰10Y+金融債,64,1,63,群益金鼎-東大,2024-02-26,9135
00679B,元大美債20年,65,13,52,群益金鼎-東大,2024-02-26,9135
3231,緯創,66,14,52,群益金鼎-東大,2024-02-26,9135
6668,中揚光,47,0,47,群益金鼎-東大,2024-02-26,9135
2537,聯上發,64,20,44,群益金鼎-東大,2024-02-26,9135
2371,大同,44,2,42,群益金鼎-東大,2024-02-26,9135
6016,康和證,40,0,40,群益金鼎-東大,2024-02-26,9135
1809,中釉,55,21,34,群益金鼎-東大,2024-02-26,9135
00931B,統一美債20年,30,0,30,群益金鼎-東大,2024-02-26,9135
3005,神基,38,9,29,群益金鼎-東大,2024-02-26,9135
6168,宏齊,44,16,28,群益金鼎-東大,2024-02-26,9135
1514,亞力,122,95,27,群益金鼎-東大,2024-02-26,9135
2412,中華電,23,0,23,群益金鼎-東大,2024-02-26,9135
3490,單井,22,0,22,群益金鼎-東大,2024-02-26,9135
2337,旺宏,20,0,20,群益金鼎-東大,2024-02-26,9135
00632R,元大台灣50反1,20,0,20,群益金鼎-東大,2024-02-26,9135
4770,上品,36,16,20,群益金鼎-東大,2024-02-26,9135
00687B,國泰20年美債,19,0,19,群益金鼎-東大,2024-02-26,9135
2329,華泰,43,24,19,群益金鼎-東大,2024-02-26,9135
1611,中電,18,0,18,群益金鼎-東大,2024-02-26,9135
3006,晶豪科,17,0,17,群益金鼎-東大,2024-02-26,9135
5272,笙科,23,6,17,群益金鼎-東大,2024-02-26,9135
00885,富邦越南,18,2,16,群益金鼎-東大,2024-02-26,9135
00905,FT臺灣Smart,15,0,15,群益金鼎-東大,2024-02-26,9135
3576,聯合再生,15,0,15,群益金鼎-東大,2024-02-26,9135
00882,中信中國高股息,14,0,14,群益金鼎-東大,2024-02-26,9135
8222,寶一,14,0,14,群益金鼎-東大,2024-02-26,9135
6126,信音,65,51,14,群益金鼎-東大,2024-02-26,9135
6233,旺玖,44,31,13,群益金鼎-東大,2024-02-26,9135
1717,長興,49,36,13,群益金鼎-東大,2024-02-26,9135
2609,陽明,26,14,12,群益金鼎-東大,2024-02-26,9135
6257,矽格,14,2,12,群益金鼎-東大,2024-02-26,9135
6165,浪凡,17,5,12,群益金鼎-東大,2024-02-26,9135
6227,茂綸,22,12,10,群益金鼎-東大,2024-02-26,9135
4102,永日,10,0,10,群益金鼎-東大,2024-02-26,9135
6834,天二科技,10,0,10,群益金鼎-東大,2024-02-26,9135
1455,集盛,10,0,10,群益金鼎-東大,2024-02-26,9135
2061,風青,10,0,10,群益金鼎-東大,2024-02-26,9135
00770,國泰北美科技,10,0,10,群益金鼎-東大,2024-02-26,9135
3031,佰鴻,10,0,10,群益金鼎-東大,2024-02-26,9135
6147,頎邦,10,0,10,群益金鼎-東大,2024-02-26,9135
6806,森崴能源,25,15,10,群益金鼎-東大,2024-02-26,9135
4968,立積,16,6,10,群益金鼎-東大,2024-02-26,9135
2369,菱生,11,2,9,群益金鼎-東大,2024-02-26,9135
3264,欣銓,20,11,9,群益金鼎-東大,2024-02-26,9135
00864B,中信美國公債0-1,9,0,9,群益金鼎-東大,2024-02-26,9135
00715L,期街口布蘭特正2,9,0,9,群益金鼎-東大,2024-02-26,9135
00937B,群益ESG投等債20,272,0,272,群益金鼎-東大,2024-02-27,9135
00878,國泰永續高股息,139,0,139,群益金鼎-東大,2024-02-27,9135
3450,聯鈞,90,38,52,群益金鼎-東大,2024-02-27,9135
00929,復華台灣科技優息,103,58,45,群益金鼎-東大,2024-02-27,9135
2438,翔耀,40,0,40,群益金鼎-東大,2024-02-27,9135
00795B,中信美國公債20年,39,4,35,群益金鼎-東大,2024-02-27,9135
4563,百德,32,0,32,群益金鼎-東大,2024-02-27,9135
8028,昇陽半導體,31,1,30,群益金鼎-東大,2024-02-27,9135
6218,豪勉,30,0,30,群益金鼎-東大,2024-02-27,9135
8064,東捷,34,7,27,群益金鼎-東大,2024-02-27,9135
6288,聯嘉,87,60,27,群益金鼎-東大,2024-02-27,9135
4909,新復興,51,29,22,群益金鼎-東大,2024-02-27,9135
8096,擎亞,153,131,22,群益金鼎-東大,2024-02-27,9135
3230,錦明,22,0,22,群益金鼎-東大,2024-02-27,9135
1316,上曜,53,32,21,群益金鼎-東大,2024-02-27,9135
2485,兆赫,20,0,20,群益金鼎-東大,2024-02-27,9135
020031,統一IC設計臺灣N,20,0,20,群益金鼎-東大,2024-02-27,9135
2312,金寶,20,0,20,群益金鼎-東大,2024-02-27,9135
6271,同欣電,21,1,20,群益金鼎-東大,2024-02-27,9135
3708,上緯投控,20,1,19,群益金鼎-東大,2024-02-27,9135
2301,光寶科,19,0,19,群益金鼎-東大,2024-02-27,9135
00679B,元大美債20年,18,0,18,群益金鼎-東大,2024-02-27,9135
3037,欣興,31,12,19,群益金鼎-東大,2024-02-27,9135
6668,中揚光,85,67,18,群益金鼎-東大,2024-02-27,9135
6150,撼訊,20,2,18,群益金鼎-東大,2024-02-27,9135
00671R,富邦NASDAQ反1,18,0,18,群益金鼎-東大,2024-02-27,9135
6712,長聖,18,0,18,群益金鼎-東大,2024-02-27,9135
2371,大同,17,0,17,群益金鼎-東大,2024-02-27,9135
3264,欣銓,17,0,17,群益金鼎-東大,2024-02-27,9135
020034,元大IC設計N,15,0,15,群益金鼎-東大,2024-02-27,9135
2002,中鋼,14,0,14,群益金鼎-東大,2024-02-27,9135
2308,台達電,14,0,14,群益金鼎-東大,2024-02-27,9135
9105,泰金寶-DR,14,0,14,群益金鼎-東大,2024-02-27,9135
3689,湧德,19,5,14,群益金鼎-東大,2024-02-27,9135
6165,浪凡,14,0,14,群益金鼎-東大,2024-02-27,9135
00720B,元大投資級公司債,13,0,13,群益金鼎-東大,2024-02-27,9135
6265,方土昶,12,0,12,群益金鼎-東大,2024-02-27,9135
2542,興富發,11,0,11,群益金鼎-東大,2024-02-27,9135
00680L,元大美債20正2,12,1,11,群益金鼎-東大,2024-02-27,9135
2458,義隆,12,1,11,群益金鼎-東大,2024-02-27,9135
6125,廣運,44,33,11,群益金鼎-東大,2024-02-27,9135
2382,廣達,12,2,10,群益金鼎-東大,2024-02-27,9135
00935,野村臺灣新科技50,10,0,10,群益金鼎-東大,2024-02-27,9135
6806,森崴能源,62,51,11,群益金鼎-東大,2024-02-27,9135
2888,新光金,10,0,10,群益金鼎-東大,2024-02-27,9135
00773B,中信優先金融債,10,0,10,群益金鼎-東大,2024-02-27,9135
00772B,中信高評級公司債,10,0,10,群益金鼎-東大,2024-02-27,9135
2883B,凱基金乙特,10,0,10,群益金鼎-東大,2024-02-27,9135
00665L,富邦�琤肭磪囓�2,10,0,10,群益金鼎-東大,2024-02-27,9135
2913,農林,10,0,10,群益金鼎-東大,2024-02-27,9135
00937B,群益ESG投等債20,199,20,179,群益金鼎-東大,2024-02-29,9135
2889,國票金,103,0,103,群益金鼎-東大,2024-02-29,9135
3029,零壹,100,14,86,群益金鼎-東大,2024-02-29,9135
6016,康和證,81,10,71,群益金鼎-東大,2024-02-29,9135
5452,佶優,61,0,61,群益金鼎-東大,2024-02-29,9135
00673R,期元大S＆P原油反1,52,0,52,群益金鼎-東大,2024-02-29,9135
00632R,元大台灣50反1,51,0,51,群益金鼎-東大,2024-02-29,9135
00751B,元大AAA至A公司債,49,0,49,群益金鼎-東大,2024-02-29,9135
1815,富喬,54,5,49,群益金鼎-東大,2024-02-29,9135
00929,復華台灣科技優息,57,10,47,群益金鼎-東大,2024-02-29,9135
9946,三發地產,40,0,40,群益金鼎-東大,2024-02-29,9135
00919,群益台灣精選高息,57,18,39,群益金鼎-東大,2024-02-29,9135
00688L,國泰20年美債正2,31,0,31,群益金鼎-東大,2024-02-29,9135
4563,百德,29,0,29,群益金鼎-東大,2024-02-29,9135
6179,亞通,22,0,22,群益金鼎-東大,2024-02-29,9135
1618,合機,24,3,21,群益金鼎-東大,2024-02-29,9135
4306,炎洲,20,0,20,群益金鼎-東大,2024-02-29,9135
00712,復華富時不動產,19,0,19,群益金鼎-東大,2024-02-29,9135
4755,三福化,19,0,19,群益金鼎-東大,2024-02-29,9135
3481,群創,22,4,18,群益金鼎-東大,2024-02-29,9135
4915,致伸,20,2,18,群益金鼎-東大,2024-02-29,9135
2313,華通,18,1,17,群益金鼎-東大,2024-02-29,9135
6127,九豪,29,13,16,群益金鼎-東大,2024-02-29,9135
2329,華泰,27,11,16,群益金鼎-東大,2024-02-29,9135
2462,良得電,13,0,13,群益金鼎-東大,2024-02-29,9135
9105,泰金寶-DR,13,0,13,群益金鼎-東大,2024-02-29,9135
8064,東捷,13,0,13,群益金鼎-東大,2024-02-29,9135
2405,輔信,13,0,13,群益金鼎-東大,2024-02-29,9135
2486,一詮,12,0,12,群益金鼎-東大,2024-02-29,9135
1503,士電,81,69,12,群益金鼎-東大,2024-02-29,9135
4503,金雨,14,2,12,群益金鼎-東大,2024-02-29,9135
3605,宏致,12,0,12,群益金鼎-東大,2024-02-29,9135
1101,台泥,12,0,12,群益金鼎-東大,2024-02-29,9135
6126,信音,16,4,12,群益金鼎-東大,2024-02-29,9135
4303,信立,43,32,11,群益金鼎-東大,2024-02-29,9135
00687B,國泰20年美債,14,3,11,群益金鼎-東大,2024-02-29,9135
3189,景碩,11,0,11,群益金鼎-東大,2024-02-29,9135
1529,樂事綠能,14,4,10,群益金鼎-東大,2024-02-29,9135
00936,台新永續高息中小,10,0,10,群益金鼎-東大,2024-02-29,9135
1808,潤隆,10,0,10,群益金鼎-東大,2024-02-29,9135
6026,福邦證,10,0,10,群益金鼎-東大,2024-02-29,9135
1725,元禎,70,60,10,群益金鼎-東大,2024-02-29,9135
2641,正德,11,1,10,群益金鼎-東大,2024-02-29,9135
3036,文曄,12,2,10,群益金鼎-東大,2024-02-29,9135
2812,台中銀,11,2,9,群益金鼎-東大,2024-02-29,9135
4966,譜瑞-KY,9,1,8,群益金鼎-東大,2024-02-29,9135
8028,昇陽半導體,11,3,8,群益金鼎-東大,2024-02-29,9135
4934,太極,8,0,8,群益金鼎-東大,2024-02-29,9135
00680L,元大美債20正2,8,0,8,群益金鼎-東大,2024-02-29,9135
2464,盟立,7,0,7,群益金鼎-東大,2024-02-29,9135
00751B,元大AAA至A公司債,293,3,290,群益金鼎-東大,2024-03-01,9135
00937B,群益ESG投等債20,270,0,270,群益金鼎-東大,2024-03-01,9135
00919,群益台灣精選高息,192,15,177,群益金鼎-東大,2024-03-01,9135
00671R,富邦NASDAQ反1,100,0,100,群益金鼎-東大,2024-03-01,9135
1513,中興電,137,45,92,群益金鼎-東大,2024-03-01,9135
4968,立積,102,18,84,群益金鼎-東大,2024-03-01,9135
1609,大亞,35,0,35,群益金鼎-東大,2024-03-01,9135
3363,上詮,35,6,29,群益金鼎-東大,2024-03-01,9135
6698,旭暉應材,26,0,26,群益金鼎-東大,2024-03-01,9135
00918,大華優利高填息30,24,0,24,群益金鼎-東大,2024-03-01,9135
6023,元大期,24,1,23,群益金鼎-東大,2024-03-01,9135
6016,康和證,31,10,21,群益金鼎-東大,2024-03-01,9135
6449,鈺邦,20,0,20,群益金鼎-東大,2024-03-01,9135
1905,華紙,20,0,20,群益金鼎-東大,2024-03-01,9135
4966,譜瑞-KY,19,1,18,群益金鼎-東大,2024-03-01,9135
2543,皇昌,18,1,17,群益金鼎-東大,2024-03-01,9135
2491,吉祥全,16,0,16,群益金鼎-東大,2024-03-01,9135
3038,全台,15,0,15,群益金鼎-東大,2024-03-01,9135
00933B,國泰10Y+金融債,14,0,14,群益金鼎-東大,2024-03-01,9135
4543,萬在,18,4,14,群益金鼎-東大,2024-03-01,9135
2317,鴻海,14,0,14,群益金鼎-東大,2024-03-01,9135
5871,中租-KY,16,3,13,群益金鼎-東大,2024-03-01,9135
6532,瑞耘,13,0,13,群益金鼎-東大,2024-03-01,9135
3035,智原,64,52,12,群益金鼎-東大,2024-03-01,9135
0056,元大高股息,12,0,12,群益金鼎-東大,2024-03-01,9135
6806,森崴能源,24,13,11,群益金鼎-東大,2024-03-01,9135
3211,順達,11,0,11,群益金鼎-東大,2024-03-01,9135
2369,菱生,13,2,11,群益金鼎-東大,2024-03-01,9135
020031,統一IC設計臺灣N,11,0,11,群益金鼎-東大,2024-03-01,9135
2633,台灣高鐵,11,0,11,群益金鼎-東大,2024-03-01,9135
2609,陽明,13,2,11,群益金鼎-東大,2024-03-01,9135
8064,東捷,34,23,11,群益金鼎-東大,2024-03-01,9135
3708,上緯投控,11,0,11,群益金鼎-東大,2024-03-01,9135
3260,威剛,10,0,10,群益金鼎-東大,2024-03-01,9135
3703,欣陸,10,0,10,群益金鼎-東大,2024-03-01,9135
6165,浪凡,10,0,10,群益金鼎-東大,2024-03-01,9135
3481,群創,10,0,10,群益金鼎-東大,2024-03-01,9135
3217,優群,10,0,10,群益金鼎-東大,2024-03-01,9135
8033,雷虎,12,2,10,群益金鼎-東大,2024-03-01,9135
6505,台塑化,10,0,10,群益金鼎-東大,2024-03-01,9135
8044,網家,10,0,10,群益金鼎-東大,2024-03-01,9135
00632R,元大台灣50反1,10,0,10,群益金鼎-東大,2024-03-01,9135
1725,元禎,10,0,10,群益金鼎-東大,2024-03-01,9135
6579,研揚,11,2,9,群益金鼎-東大,2024-03-01,9135
2353,宏��,11,2,9,群益金鼎-東大,2024-03-01,9135
1582,信錦,9,0,9,群益金鼎-東大,2024-03-01,9135
6799,來頡,17,8,9,群益金鼎-東大,2024-03-01,9135
00679B,元大美債20年,9,0,9,群益金鼎-東大,2024-03-01,9135
3714,富采,8,0,8,群益金鼎-東大,2024-03-01,9135
1316,上曜,214,206,8,群益金鼎-東大,2024-03-01,9135
00919,群益台灣精選高息,371,37,334,群益金鼎-東大,2024-03-04,9135
00937B,群益ESG投等債20,201,5,196,群益金鼎-東大,2024-03-04,9135
3701,大眾控,168,1,167,群益金鼎-東大,2024-03-04,9135
2897A,王道銀甲特,164,0,164,群益金鼎-東大,2024-03-04,9135
00632R,元大台灣50反1,220,80,140,群益金鼎-東大,2024-03-04,9135
00673R,期元大S＆P原油反1,125,0,125,群益金鼎-東大,2024-03-04,9135
2426,鼎元,105,0,105,群益金鼎-東大,2024-03-04,9135
00671R,富邦NASDAQ反1,100,0,100,群益金鼎-東大,2024-03-04,9135
5871,中租-KY,85,0,85,群益金鼎-東大,2024-03-04,9135
6126,信音,94,12,82,群益金鼎-東大,2024-03-04,9135
00751B,元大AAA至A公司債,73,1,72,群益金鼎-東大,2024-03-04,9135
8011,台通,50,10,40,群益金鼎-東大,2024-03-04,9135
6668,中揚光,93,55,38,群益金鼎-東大,2024-03-04,9135
6285,啟��,41,11,30,群益金鼎-東大,2024-03-04,9135
3481,群創,37,8,29,群益金鼎-東大,2024-03-04,9135
00927,群益半導體收益,30,1,29,群益金鼎-東大,2024-03-04,9135
00918,大華優利高填息30,28,0,28,群益金鼎-東大,2024-03-04,9135
3048,益登,28,0,28,群益金鼎-東大,2024-03-04,9135
00679B,元大美債20年,25,0,25,群益金鼎-東大,2024-03-04,9135
2405,輔信,25,0,25,群益金鼎-東大,2024-03-04,9135
00665L,富邦�琤肭磪囓�2,32,8,24,群益金鼎-東大,2024-03-04,9135
2316,楠梓電,27,6,21,群益金鼎-東大,2024-03-04,9135
2611,志信,22,1,21,群益金鼎-東大,2024-03-04,9135
3294,英濟,20,0,20,群益金鼎-東大,2024-03-04,9135
2495,普安,20,0,20,群益金鼎-東大,2024-03-04,9135
1907,永豐餘,21,1,20,群益金鼎-東大,2024-03-04,9135
2609,陽明,43,26,17,群益金鼎-東大,2024-03-04,9135
2382,廣達,20,4,16,群益金鼎-東大,2024-03-04,9135
1522,堤維西,19,3,16,群益金鼎-東大,2024-03-04,9135
9802,鈺齊-KY,16,0,16,群益金鼎-東大,2024-03-04,9135
3437,榮創,16,0,16,群益金鼎-東大,2024-03-04,9135
00904,新光臺灣半導體30,15,0,15,群益金鼎-東大,2024-03-04,9135
1409,新纖,15,0,15,群益金鼎-東大,2024-03-04,9135
2104,國際中橡,14,0,14,群益金鼎-東大,2024-03-04,9135
00857B,永豐20年美公債,14,0,14,群益金鼎-東大,2024-03-04,9135
2002,中鋼,14,1,13,群益金鼎-東大,2024-03-04,9135
00662,富邦NASDAQ,13,0,13,群益金鼎-東大,2024-03-04,9135
8374,羅昇,13,0,13,群益金鼎-東大,2024-03-04,9135
1786,科妍,15,3,12,群益金鼎-東大,2024-03-04,9135
2882,國泰金,12,0,12,群益金鼎-東大,2024-03-04,9135
5465,富驊,18,6,12,群益金鼎-東大,2024-03-04,9135
6290,良維,13,2,11,群益金鼎-東大,2024-03-04,9135
00687B,國泰20年美債,11,0,11,群益金鼎-東大,2024-03-04,9135
00830,國泰費城半導體,12,1,11,群益金鼎-東大,2024-03-04,9135
6282,康舒,11,0,11,群益金鼎-東大,2024-03-04,9135
00712,復華富時不動產,11,0,11,群益金鼎-東大,2024-03-04,9135
3605,宏致,27,17,10,群益金鼎-東大,2024-03-04,9135
00885,富邦越南,10,0,10,群益金鼎-東大,2024-03-04,9135
6117,迎廣,12,2,10,群益金鼎-東大,2024-03-04,9135
2727,王品,10,0,10,群益金鼎-東大,2024-03-04,9135
00919,群益台灣精選高息,288,11,277,群益金鼎-東大,2024-03-05,9135
00937B,群益ESG投等債20,244,7,237,群益金鼎-東大,2024-03-05,9135
2867,三商壽,151,0,151,群益金鼎-東大,2024-03-05,9135
2889,國票金,120,4,116,群益金鼎-東大,2024-03-05,9135
00632R,元大台灣50反1,106,0,106,群益金鼎-東大,2024-03-05,9135
00679B,元大美債20年,106,0,106,群益金鼎-東大,2024-03-05,9135
1513,中興電,101,17,84,群益金鼎-東大,2024-03-05,9135
00687B,國泰20年美債,67,0,67,群益金鼎-東大,2024-03-05,9135
4538,大詠城,64,2,62,群益金鼎-東大,2024-03-05,9135
3013,晟銘電,111,54,57,群益金鼎-東大,2024-03-05,9135
00882,中信中國高股息,55,0,55,群益金鼎-東大,2024-03-05,9135
6668,中揚光,50,1,49,群益金鼎-東大,2024-03-05,9135
6288,聯嘉,46,0,46,群益金鼎-東大,2024-03-05,9135
2883,凱基金,50,10,40,群益金鼎-東大,2024-03-05,9135
4414,如興,40,0,40,群益金鼎-東大,2024-03-05,9135
4174,浩鼎,39,0,39,群益金鼎-東大,2024-03-05,9135
6275,元山,63,25,38,群益金鼎-東大,2024-03-05,9135
2317,鴻海,64,27,37,群益金鼎-東大,2024-03-05,9135
3481,群創,60,23,37,群益金鼎-東大,2024-03-05,9135
4906,正文,129,92,37,群益金鼎-東大,2024-03-05,9135
3231,緯創,88,52,36,群益金鼎-東大,2024-03-05,9135
1316,上曜,45,10,35,群益金鼎-東大,2024-03-05,9135
2426,鼎元,34,0,34,群益金鼎-東大,2024-03-05,9135
3685,元創精密,46,14,32,群益金鼎-東大,2024-03-05,9135
2534,宏盛,30,0,30,群益金鼎-東大,2024-03-05,9135
3163,波若威,42,15,27,群益金鼎-東大,2024-03-05,9135
2303,聯電,30,5,25,群益金鼎-東大,2024-03-05,9135
5525,順天,25,0,25,群益金鼎-東大,2024-03-05,9135
2881A,富邦特,25,0,25,群益金鼎-東大,2024-03-05,9135
6770,力積電,34,11,23,群益金鼎-東大,2024-03-05,9135
3710,連展投控,22,0,22,群益金鼎-東大,2024-03-05,9135
2464,盟立,23,2,21,群益金鼎-東大,2024-03-05,9135
8011,台通,106,86,20,群益金鼎-東大,2024-03-05,9135
2897,王道銀行,30,10,20,群益金鼎-東大,2024-03-05,9135
5488,松普,43,23,20,群益金鼎-東大,2024-03-05,9135
6217,中探針,52,33,19,群益金鼎-東大,2024-03-05,9135
2886,兆豐金,18,0,18,群益金鼎-東大,2024-03-05,9135
8926,台汽電,18,0,18,群益金鼎-東大,2024-03-05,9135
3450,聯鈞,21,3,18,群益金鼎-東大,2024-03-05,9135
00918,大華優利高填息30,17,0,17,群益金鼎-東大,2024-03-05,9135
2884,玉山金,16,0,16,群益金鼎-東大,2024-03-05,9135
8028,昇陽半導體,15,0,15,群益金鼎-東大,2024-03-05,9135
5353,台林,15,0,15,群益金鼎-東大,2024-03-05,9135
2838,聯邦銀,18,3,15,群益金鼎-東大,2024-03-05,9135
1522,堤維西,17,2,15,群益金鼎-東大,2024-03-05,9135
4716,大立,15,0,15,群益金鼎-東大,2024-03-05,9135
00712,復華富時不動產,21,6,15,群益金鼎-東大,2024-03-05,9135
3025,星通,18,3,15,群益金鼎-東大,2024-03-05,9135
00929,復華台灣科技優息,49,34,15,群益金鼎-東大,2024-03-05,9135
8401,白紗科,16,2,14,群益金鼎-東大,2024-03-05,9135
00937B,群益ESG投等債20,1316,17,1299,群益金鼎-東大,2024-03-06,9135
00919,群益台灣精選高息,362,10,352,群益金鼎-東大,2024-03-06,9135
00720B,元大投資級公司債,262,0,262,群益金鼎-東大,2024-03-06,9135
2889,國票金,171,0,171,群益金鼎-東大,2024-03-06,9135
00632R,元大台灣50反1,159,0,159,群益金鼎-東大,2024-03-06,9135
1316,上曜,209,118,91,群益金鼎-東大,2024-03-06,9135
00931B,統一美債20年,70,0,70,群益金鼎-東大,2024-03-06,9135
9945,潤泰新,70,2,68,群益金鼎-東大,2024-03-06,9135
3013,晟銘電,208,143,65,群益金鼎-東大,2024-03-06,9135
00687B,國泰20年美債,54,0,54,群益金鼎-東大,2024-03-06,9135
3231,緯創,99,48,51,群益金鼎-東大,2024-03-06,9135
8011,台通,94,49,45,群益金鼎-東大,2024-03-06,9135
6532,瑞耘,46,4,42,群益金鼎-東大,2024-03-06,9135
2915,潤泰全,42,0,42,群益金鼎-東大,2024-03-06,9135
3545,敦泰,41,0,41,群益金鼎-東大,2024-03-06,9135
9103,美德醫療-DR,40,0,40,群益金鼎-東大,2024-03-06,9135
5452,佶優,43,6,37,群益金鼎-東大,2024-03-06,9135
2897,王道銀行,56,21,35,群益金鼎-東大,2024-03-06,9135
2369,菱生,40,8,32,群益金鼎-東大,2024-03-06,9135
6163,華電網,66,34,32,群益金鼎-東大,2024-03-06,9135
6288,聯嘉,27,1,26,群益金鼎-東大,2024-03-06,9135
00915,凱基優選高股息30,27,2,25,群益金鼎-東大,2024-03-06,9135
00857B,永豐20年美公債,25,0,25,群益金鼎-東大,2024-03-06,9135
2476,鉅祥,25,0,25,群益金鼎-東大,2024-03-06,9135
3483,力致,68,44,24,群益金鼎-東大,2024-03-06,9135
00751B,元大AAA至A公司債,47,24,23,群益金鼎-東大,2024-03-06,9135
2352,佳世達,24,2,22,群益金鼎-東大,2024-03-06,9135
3024,憶聲,20,0,20,群益金鼎-東大,2024-03-06,9135
1514,亞力,80,60,20,群益金鼎-東大,2024-03-06,9135
2542,興富發,19,0,19,群益金鼎-東大,2024-03-06,9135
00923,群益台ESG低碳50,18,0,18,群益金鼎-東大,2024-03-06,9135
3372,典範,27,9,18,群益金鼎-東大,2024-03-06,9135
2449,京元電子,44,27,17,群益金鼎-東大,2024-03-06,9135
3702,大聯大,17,1,16,群益金鼎-東大,2024-03-06,9135
00679B,元大美債20年,17,1,16,群益金鼎-東大,2024-03-06,9135
3163,波若威,16,0,16,群益金鼎-東大,2024-03-06,9135
6126,信音,20,4,16,群益金鼎-東大,2024-03-06,9135
2618,長榮航,16,1,15,群益金鼎-東大,2024-03-06,9135
2464,盟立,54,39,15,群益金鼎-東大,2024-03-06,9135
5432,新門,13,0,13,群益金鼎-東大,2024-03-06,9135
2472,立隆電,13,0,13,群益金鼎-東大,2024-03-06,9135
6139,亞翔,12,0,12,群益金鼎-東大,2024-03-06,9135
3078,僑威,31,19,12,群益金鼎-東大,2024-03-06,9135
2486,一詮,24,12,12,群益金鼎-東大,2024-03-06,9135
2888,新光金,12,0,12,群益金鼎-東大,2024-03-06,9135
00712,復華富時不動產,18,7,11,群益金鼎-東大,2024-03-06,9135
6182,合晶,11,0,11,群益金鼎-東大,2024-03-06,9135
2609,陽明,50,39,11,群益金鼎-東大,2024-03-06,9135
3703,欣陸,11,0,11,群益金鼎-東大,2024-03-06,9135
00904,新光臺灣半導體30,12,1,11,群益金鼎-東大,2024-03-06,9135
00937B,群益ESG投等債20,214,59,155,群益金鼎-東大,2024-03-07,9135
00919,群益台灣精選高息,238,88,150,群益金鼎-東大,2024-03-07,9135
00751B,元大AAA至A公司債,134,0,134,群益金鼎-東大,2024-03-07,9135
6016,康和證,105,5,100,群益金鼎-東大,2024-03-07,9135
6290,良維,85,4,81,群益金鼎-東大,2024-03-07,9135
3234,光環,82,6,76,群益金鼎-東大,2024-03-07,9135
00720B,元大投資級公司債,78,5,73,群益金鼎-東大,2024-03-07,9135
00857B,永豐20年美公債,57,0,57,群益金鼎-東大,2024-03-07,9135
00929,復華台灣科技優息,97,49,48,群益金鼎-東大,2024-03-07,9135
00932,兆豐永續高息等權,50,2,48,群益金鼎-東大,2024-03-07,9135
1815,富喬,166,128,38,群益金鼎-東大,2024-03-07,9135
4939,亞電,41,5,36,群益金鼎-東大,2024-03-07,9135
00688L,國泰20年美債正2,30,1,29,群益金鼎-東大,2024-03-07,9135
8070,長華*,27,2,25,群益金鼎-東大,2024-03-07,9135
4956,光鋐,49,25,24,群益金鼎-東大,2024-03-07,9135
6109,亞元,25,2,23,群益金鼎-東大,2024-03-07,9135
00687B,國泰20年美債,42,19,23,群益金鼎-東大,2024-03-07,9135
2313,華通,73,51,22,群益金鼎-東大,2024-03-07,9135
5465,富驊,23,1,22,群益金鼎-東大,2024-03-07,9135
0056,元大高股息,22,1,21,群益金鼎-東大,2024-03-07,9135
6213,聯茂,22,1,21,群益金鼎-東大,2024-03-07,9135
3006,晶豪科,22,2,20,群益金鼎-東大,2024-03-07,9135
3346,麗清,27,7,20,群益金鼎-東大,2024-03-07,9135
2464,盟立,21,1,20,群益金鼎-東大,2024-03-07,9135
3548,兆利,75,58,17,群益金鼎-東大,2024-03-07,9135
3206,志豐,17,0,17,群益金鼎-東大,2024-03-07,9135
1589,永冠-KY,17,0,17,群益金鼎-東大,2024-03-07,9135
6219,富旺,17,0,17,群益金鼎-東大,2024-03-07,9135
1471,首利,21,5,16,群益金鼎-東大,2024-03-07,9135
2369,菱生,16,0,16,群益金鼎-東大,2024-03-07,9135
2486,一詮,35,19,16,群益金鼎-東大,2024-03-07,9135
3231,緯創,84,68,16,群益金鼎-東大,2024-03-07,9135
6197,佳必琪,28,13,15,群益金鼎-東大,2024-03-07,9135
1609,大亞,15,0,15,群益金鼎-東大,2024-03-07,9135
2323,中環,15,0,15,群益金鼎-東大,2024-03-07,9135
6591,動力-KY,18,3,15,群益金鼎-東大,2024-03-07,9135
3260,威剛,15,0,15,群益金鼎-東大,2024-03-07,9135
2359,所羅門,14,0,14,群益金鼎-東大,2024-03-07,9135
5523,豐謙,14,0,14,群益金鼎-東大,2024-03-07,9135
5488,松普,40,26,14,群益金鼎-東大,2024-03-07,9135
3035,智原,26,12,14,群益金鼎-東大,2024-03-07,9135
2421,建準,28,15,13,群益金鼎-東大,2024-03-07,9135
5443,均豪,13,0,13,群益金鼎-東大,2024-03-07,9135
00632R,元大台灣50反1,128,115,13,群益金鼎-東大,2024-03-07,9135
3645,達邁,17,4,13,群益金鼎-東大,2024-03-07,9135
2534,宏盛,12,0,12,群益金鼎-東大,2024-03-07,9135
3545,敦泰,12,0,12,群益金鼎-東大,2024-03-07,9135
2417,圓剛,84,73,11,群益金鼎-東大,2024-03-07,9135
2634,漢翔,11,0,11,群益金鼎-東大,2024-03-07,9135
6190,萬泰科,21,10,11,群益金鼎-東大,2024-03-07,9135
00937B,群益ESG投等債20,857,15,842,群益金鼎-東大,2024-03-08,9135
00919,群益台灣精選高息,662,152,510,群益金鼎-東大,2024-03-08,9135
00687B,國泰20年美債,303,57,246,群益金鼎-東大,2024-03-08,9135
00632R,元大台灣50反1,214,2,212,群益金鼎-東大,2024-03-08,9135
00713,元大台灣高息低波,165,6,159,群益金鼎-東大,2024-03-08,9135
00915,凱基優選高股息30,160,10,150,群益金鼎-東大,2024-03-08,9135
6120,達運,87,0,87,群益金鼎-東大,2024-03-08,9135
2883,凱基金,100,31,69,群益金鼎-東大,2024-03-08,9135
00931B,統一美債20年,60,1,59,群益金鼎-東大,2024-03-08,9135
3704,合勤控,60,1,59,群益金鼎-東大,2024-03-08,9135
1316,上曜,110,53,57,群益金鼎-東大,2024-03-08,9135
2317,鴻海,479,423,56,群益金鼎-東大,2024-03-08,9135
3294,英濟,52,2,50,群益金鼎-東大,2024-03-08,9135
00680L,元大美債20正2,50,6,44,群益金鼎-東大,2024-03-08,9135
2412,中華電,41,0,41,群益金鼎-東大,2024-03-08,9135
2845,遠東銀,40,0,40,群益金鼎-東大,2024-03-08,9135
8059,凱碩,60,23,37,群益金鼎-東大,2024-03-08,9135
5533,皇鼎,30,0,30,群益金鼎-東大,2024-03-08,9135
6213,聯茂,29,0,29,群益金鼎-東大,2024-03-08,9135
2618,長榮航,45,17,28,群益金鼎-東大,2024-03-08,9135
4557,永新-KY,27,0,27,群益金鼎-東大,2024-03-08,9135
5498,凱崴,35,10,25,群益金鼎-東大,2024-03-08,9135
4958,臻鼎-KY,23,0,23,群益金鼎-東大,2024-03-08,9135
2617,台航,24,3,21,群益金鼎-東大,2024-03-08,9135
2369,菱生,25,4,21,群益金鼎-東大,2024-03-08,9135
3033,威健,20,0,20,群益金鼎-東大,2024-03-08,9135
2009,第一銅,20,0,20,群益金鼎-東大,2024-03-08,9135
5386,青雲,33,13,20,群益金鼎-東大,2024-03-08,9135
00679B,元大美債20年,16,0,16,群益金鼎-東大,2024-03-08,9135
1522,堤維西,22,6,16,群益金鼎-東大,2024-03-08,9135
3231,緯創,117,101,16,群益金鼎-東大,2024-03-08,9135
2356,英業達,33,18,15,群益金鼎-東大,2024-03-08,9135
5381,合正,15,0,15,群益金鼎-東大,2024-03-08,9135
3035,智原,16,1,15,群益金鼎-東大,2024-03-08,9135
8011,台通,21,7,14,群益金鼎-東大,2024-03-08,9135
4137,麗豐-KY,14,0,14,群益金鼎-東大,2024-03-08,9135
8070,長華*,14,0,14,群益金鼎-東大,2024-03-08,9135
3689,湧德,75,62,13,群益金鼎-東大,2024-03-08,9135
5288,豐祥-KY,13,0,13,群益金鼎-東大,2024-03-08,9135
9906,欣巴巴,13,0,13,群益金鼎-東大,2024-03-08,9135
2913,農林,12,0,12,群益金鼎-東大,2024-03-08,9135
2888,新光金,12,0,12,群益金鼎-東大,2024-03-08,9135
9940,信義,12,0,12,群益金鼎-東大,2024-03-08,9135
3289,宜特,12,1,11,群益金鼎-東大,2024-03-08,9135
3607,谷崧,11,0,11,群益金鼎-東大,2024-03-08,9135
8027,鈦昇,17,6,11,群益金鼎-東大,2024-03-08,9135
3481,群創,15,4,11,群益金鼎-東大,2024-03-08,9135
2465,麗臺,12,1,11,群益金鼎-東大,2024-03-08,9135
1710,東聯,10,0,10,群益金鼎-東大,2024-03-08,9135
1456,怡華,10,0,10,群益金鼎-東大,2024-03-08,9135
2889,國票金,319,0,319,群益金鼎-東大,2024-03-11,9135
00712,復華富時不動產,150,10,140,群益金鼎-東大,2024-03-11,9135
2867,三商壽,101,1,100,群益金鼎-東大,2024-03-11,9135
1815,富喬,91,5,86,群益金鼎-東大,2024-03-11,9135
2883,凱基金,105,39,66,群益金鼎-東大,2024-03-11,9135
00687B,國泰20年美債,57,0,57,群益金鼎-東大,2024-03-11,9135
2887,台新金,55,0,55,群益金鼎-東大,2024-03-11,9135
2838,聯邦銀,50,1,49,群益金鼎-東大,2024-03-11,9135
2412,中華電,45,0,45,群益金鼎-東大,2024-03-11,9135
6016,康和證,85,40,45,群益金鼎-東大,2024-03-11,9135
1438,三地開發,40,0,40,群益金鼎-東大,2024-03-11,9135
5386,青雲,48,12,36,群益金鼎-東大,2024-03-11,9135
8040,九暘,75,40,35,群益金鼎-東大,2024-03-11,9135
2329,華泰,40,8,32,群益金鼎-東大,2024-03-11,9135
00725B,國泰投資級公司債,31,0,31,群益金鼎-東大,2024-03-11,9135
6532,瑞耘,30,0,30,群益金鼎-東大,2024-03-11,9135
2367,燿華,80,52,28,群益金鼎-東大,2024-03-11,9135
2382,廣達,31,5,26,群益金鼎-東大,2024-03-11,9135
2605,新興,26,0,26,群益金鼎-東大,2024-03-11,9135
2409,友達,35,9,26,群益金鼎-東大,2024-03-11,9135
9902,台火,26,1,25,群益金鼎-東大,2024-03-11,9135
00715L,期街口布蘭特正2,25,0,25,群益金鼎-東大,2024-03-11,9135
3321,同泰,25,0,25,群益金鼎-東大,2024-03-11,9135
00931B,統一美債20年,24,0,24,群益金鼎-東大,2024-03-11,9135
2618,長榮航,27,4,23,群益金鼎-東大,2024-03-11,9135
3035,智原,33,10,23,群益金鼎-東大,2024-03-11,9135
00751B,元大AAA至A公司債,23,0,23,群益金鼎-東大,2024-03-11,9135
2417,圓剛,31,9,22,群益金鼎-東大,2024-03-11,9135
2308,台達電,24,2,22,群益金鼎-東大,2024-03-11,9135
5498,凱崴,31,10,21,群益金鼎-東大,2024-03-11,9135
2330,台積電,30,9,21,群益金鼎-東大,2024-03-11,9135
3711,日月光投控,24,4,20,群益金鼎-東大,2024-03-11,9135
00937B,群益ESG投等債20,91,71,20,群益金鼎-東大,2024-03-11,9135
2615,萬海,20,0,20,群益金鼎-東大,2024-03-11,9135
3689,湧德,33,14,19,群益金鼎-東大,2024-03-11,9135
2881,富邦金,19,0,19,群益金鼎-東大,2024-03-11,9135
4306,炎洲,21,3,18,群益金鼎-東大,2024-03-11,9135
2344,華邦電,18,0,18,群益金鼎-東大,2024-03-11,9135
5533,皇鼎,16,0,16,群益金鼎-東大,2024-03-11,9135
2371,大同,23,7,16,群益金鼎-東大,2024-03-11,9135
2603,長榮,18,4,14,群益金鼎-東大,2024-03-11,9135
2342,茂矽,41,27,14,群益金鼎-東大,2024-03-11,9135
6182,合晶,14,1,13,群益金鼎-東大,2024-03-11,9135
00680L,元大美債20正2,12,0,12,群益金鼎-東大,2024-03-11,9135
00632R,元大台灣50反1,13,2,11,群益金鼎-東大,2024-03-11,9135
2449,京元電子,14,3,11,群益金鼎-東大,2024-03-11,9135
2609,陽明,27,16,11,群益金鼎-東大,2024-03-11,9135
3564,其陽,11,0,11,群益金鼎-東大,2024-03-11,9135
2883B,凱基金乙特,10,0,10,群益金鼎-東大,2024-03-11,9135
3052,夆典,10,0,10,群益金鼎-東大,2024-03-11,9135
00712,復華富時不動產,150,0,150,群益金鼎-東大,2024-03-12,9135
2867,三商壽,150,2,148,群益金鼎-東大,2024-03-12,9135
00918,大華優利高填息30,143,0,143,群益金鼎-東大,2024-03-12,9135
2834,臺企銀,129,3,126,群益金鼎-東大,2024-03-12,9135
6016,康和證,113,0,113,群益金鼎-東大,2024-03-12,9135
8011,台通,97,1,96,群益金鼎-東大,2024-03-12,9135
2889,國票金,81,0,81,群益金鼎-東大,2024-03-12,9135
1815,富喬,72,6,66,群益金鼎-東大,2024-03-12,9135
8926,台汽電,49,10,39,群益金鼎-東大,2024-03-12,9135
00751B,元大AAA至A公司債,27,0,27,群益金鼎-東大,2024-03-12,9135
00706L,期元大S＆P日圓正2,32,6,26,群益金鼎-東大,2024-03-12,9135
4906,正文,47,25,22,群益金鼎-東大,2024-03-12,9135
6125,廣運,35,14,21,群益金鼎-東大,2024-03-12,9135
5498,凱崴,25,4,21,群益金鼎-東大,2024-03-12,9135
00680L,元大美債20正2,20,0,20,群益金鼎-東大,2024-03-12,9135
9103,美德醫療-DR,20,0,20,群益金鼎-東大,2024-03-12,9135
00937B,群益ESG投等債20,37,18,19,群益金鼎-東大,2024-03-12,9135
00679B,元大美債20年,19,0,19,群益金鼎-東大,2024-03-12,9135
3313,斐成,18,0,18,群益金鼎-東大,2024-03-12,9135
4908,前鼎,18,0,18,群益金鼎-東大,2024-03-12,9135
6026,福邦證,17,0,17,群益金鼎-東大,2024-03-12,9135
2451,創見,18,1,17,群益金鼎-東大,2024-03-12,9135
2618,長榮航,199,182,17,群益金鼎-東大,2024-03-12,9135
2305,全友,17,0,17,群益金鼎-東大,2024-03-12,9135
00885,富邦越南,16,0,16,群益金鼎-東大,2024-03-12,9135
2301,光寶科,17,1,16,群益金鼎-東大,2024-03-12,9135
3321,同泰,14,1,13,群益金鼎-東大,2024-03-12,9135
1504,東元,14,1,13,群益金鼎-東大,2024-03-12,9135
3017,奇鋐,39,26,13,群益金鼎-東大,2024-03-12,9135
5309,系統電,15,2,13,群益金鼎-東大,2024-03-12,9135
2611,志信,18,5,13,群益金鼎-東大,2024-03-12,9135
3372,典範,12,0,12,群益金鼎-東大,2024-03-12,9135
8446,華研,13,1,12,群益金鼎-東大,2024-03-12,9135
6869,雲豹能源,12,0,12,群益金鼎-東大,2024-03-12,9135
00687B,國泰20年美債,45,33,12,群益金鼎-東大,2024-03-12,9135
3171,炎洲流通,15,3,12,群益金鼎-東大,2024-03-12,9135
2330,台積電,20,8,12,群益金鼎-東大,2024-03-12,9135
1319,東陽,18,6,12,群益金鼎-東大,2024-03-12,9135
6770,力積電,12,0,12,群益金鼎-東大,2024-03-12,9135
6863,永道-KY,13,2,11,群益金鼎-東大,2024-03-12,9135
2883,凱基金,13,2,11,群益金鼎-東大,2024-03-12,9135
3025,星通,11,0,11,群益金鼎-東大,2024-03-12,9135
9906,欣巴巴,11,0,11,群益金鼎-東大,2024-03-12,9135
2399,映泰,11,0,11,群益金鼎-東大,2024-03-12,9135
00931B,統一美債20年,10,0,10,群益金鼎-東大,2024-03-12,9135
1540,喬福,10,0,10,群益金鼎-東大,2024-03-12,9135
3322,建舜電,10,0,10,群益金鼎-東大,2024-03-12,9135
3715,定穎投控,15,5,10,群益金鼎-東大,2024-03-12,9135
3492,長盛,10,0,10,群益金鼎-東大,2024-03-12,9135
2393,億光,10,0,10,群益金鼎-東大,2024-03-12,9135
00919,群益台灣精選高息,334,52,282,群益金鼎-東大,2024-03-13,9135
00632R,元大台灣50反1,256,0,256,群益金鼎-東大,2024-03-13,9135
00937B,群益ESG投等債20,259,101,158,群益金鼎-東大,2024-03-13,9135
00712,復華富時不動產,181,25,156,群益金鼎-東大,2024-03-13,9135
2883,凱基金,123,6,117,群益金鼎-東大,2024-03-13,9135
2867,三商壽,101,0,101,群益金鼎-東大,2024-03-13,9135
00687B,國泰20年美債,68,5,63,群益金鼎-東大,2024-03-13,9135
4909,新復興,102,48,54,群益金鼎-東大,2024-03-13,9135
4977,眾達-KY,48,1,47,群益金鼎-東大,2024-03-13,9135
1618,合機,77,31,46,群益金鼎-東大,2024-03-13,9135
00918,大華優利高填息30,38,0,38,群益金鼎-東大,2024-03-13,9135
1815,富喬,43,6,37,群益金鼎-東大,2024-03-13,9135
8059,凱碩,37,0,37,群益金鼎-東大,2024-03-13,9135
2354,鴻準,100,63,37,群益金鼎-東大,2024-03-13,9135
00915,凱基優選高股息30,54,21,33,群益金鼎-東大,2024-03-13,9135
3548,兆利,59,26,33,群益金鼎-東大,2024-03-13,9135
2365,昆盈,51,19,32,群益金鼎-東大,2024-03-13,9135
6026,福邦證,54,22,32,群益金鼎-東大,2024-03-13,9135
2393,億光,32,0,32,群益金鼎-東大,2024-03-13,9135
5201,凱衛,31,0,31,群益金鼎-東大,2024-03-13,9135
00751B,元大AAA至A公司債,29,0,29,群益金鼎-東大,2024-03-13,9135
00680L,元大美債20正2,41,12,29,群益金鼎-東大,2024-03-13,9135
00713,元大台灣高息低波,25,0,25,群益金鼎-東大,2024-03-13,9135
3171,炎洲流通,36,12,24,群益金鼎-東大,2024-03-13,9135
00679B,元大美債20年,23,0,23,群益金鼎-東大,2024-03-13,9135
1616,億泰,24,2,22,群益金鼎-東大,2024-03-13,9135
4908,前鼎,35,13,22,群益金鼎-東大,2024-03-13,9135
00857B,永豐20年美公債,20,0,20,群益金鼎-東大,2024-03-13,9135
1101,台泥,21,1,20,群益金鼎-東大,2024-03-13,9135
2885,元大金,21,1,20,群益金鼎-東大,2024-03-13,9135
1712,興農,20,0,20,群益金鼎-東大,2024-03-13,9135
2851,中再保,21,1,20,群益金鼎-東大,2024-03-13,9135
3512,皇龍,30,10,20,群益金鼎-東大,2024-03-13,9135
6531,愛普*,20,1,19,群益金鼎-東大,2024-03-13,9135
3163,波若威,45,26,19,群益金鼎-東大,2024-03-13,9135
3031,佰鴻,18,0,18,群益金鼎-東大,2024-03-13,9135
8404,百和興業-KY,18,0,18,群益金鼎-東大,2024-03-13,9135
8040,九暘,61,43,18,群益金鼎-東大,2024-03-13,9135
2323,中環,22,6,16,群益金鼎-東大,2024-03-13,9135
3060,銘異,18,3,15,群益金鼎-東大,2024-03-13,9135
00688L,國泰20年美債正2,15,0,15,群益金鼎-東大,2024-03-13,9135
6616,特昇-KY,15,0,15,群益金鼎-東大,2024-03-13,9135
3450,聯鈞,19,4,15,群益金鼎-東大,2024-03-13,9135
2855,統一證,22,8,14,群益金鼎-東大,2024-03-13,9135
2881,富邦金,15,1,14,群益金鼎-東大,2024-03-13,9135
2313,華通,35,21,14,群益金鼎-東大,2024-03-13,9135
6770,力積電,33,20,13,群益金鼎-東大,2024-03-13,9135
2637,慧洋-KY,14,1,13,群益金鼎-東大,2024-03-13,9135
6806,森崴能源,24,11,13,群益金鼎-東大,2024-03-13,9135
9902,台火,33,21,12,群益金鼎-東大,2024-03-13,9135
00919,群益台灣精選高息,433,89,344,群益金鼎-東大,2024-03-14,9135
1455,集盛,169,4,165,群益金鼎-東大,2024-03-14,9135
2610,華航,102,0,102,群益金鼎-東大,2024-03-14,9135
00751B,元大AAA至A公司債,68,0,68,群益金鼎-東大,2024-03-14,9135
2618,長榮航,279,211,68,群益金鼎-東大,2024-03-14,9135
6217,中探針,69,1,68,群益金鼎-東大,2024-03-14,9135
00673R,期元大S＆P原油反1,60,0,60,群益金鼎-東大,2024-03-14,9135
00687B,國泰20年美債,59,0,59,群益金鼎-東大,2024-03-14,9135
2486,一詮,104,46,58,群益金鼎-東大,2024-03-14,9135
00929,復華台灣科技優息,114,63,51,群益金鼎-東大,2024-03-14,9135
9902,台火,66,16,50,群益金鼎-東大,2024-03-14,9135
4906,正文,53,13,40,群益金鼎-東大,2024-03-14,9135
00915,凱基優選高股息30,39,0,39,群益金鼎-東大,2024-03-14,9135
00679B,元大美債20年,37,3,34,群益金鼎-東大,2024-03-14,9135
1503,士電,123,89,34,群益金鼎-東大,2024-03-14,9135
00713,元大台灣高息低波,32,0,32,群益金鼎-東大,2024-03-14,9135
2402,毅嘉,30,0,30,群益金鼎-東大,2024-03-14,9135
6234,高僑,30,0,30,群益金鼎-東大,2024-03-14,9135
00680L,元大美債20正2,30,0,30,群益金鼎-東大,2024-03-14,9135
00688L,國泰20年美債正2,27,0,27,群益金鼎-東大,2024-03-14,9135
1609,大亞,99,75,24,群益金鼎-東大,2024-03-14,9135
00918,大華優利高填息30,28,6,22,群益金鼎-東大,2024-03-14,9135
3260,威剛,26,4,22,群益金鼎-東大,2024-03-14,9135
3702,大聯大,25,3,22,群益金鼎-東大,2024-03-14,9135
3005,神基,47,26,21,群益金鼎-東大,2024-03-14,9135
1529,樂事綠能,23,2,21,群益金鼎-東大,2024-03-14,9135
6591,動力-KY,21,0,21,群益金鼎-東大,2024-03-14,9135
6525,捷敏-KY,18,0,18,群益金鼎-東大,2024-03-14,9135
1316,上曜,49,32,17,群益金鼎-東大,2024-03-14,9135
8059,凱碩,23,6,17,群益金鼎-東大,2024-03-14,9135
1314,中石化,16,0,16,群益金鼎-東大,2024-03-14,9135
2888,新光金,20,4,16,群益金鼎-東大,2024-03-14,9135
00764B,群益25年美債,15,0,15,群益金鼎-東大,2024-03-14,9135
2369,菱生,16,1,15,群益金鼎-東大,2024-03-14,9135
1605,華新,27,12,15,群益金鼎-東大,2024-03-14,9135
4588,玖鼎電力,14,0,14,群益金鼎-東大,2024-03-14,9135
8105,凌巨,16,2,14,群益金鼎-東大,2024-03-14,9135
3014,聯陽,13,0,13,群益金鼎-東大,2024-03-14,9135
2405,輔信,12,0,12,群益金鼎-東大,2024-03-14,9135
9105,泰金寶-DR,12,0,12,群益金鼎-東大,2024-03-14,9135
3450,聯鈞,16,4,12,群益金鼎-東大,2024-03-14,9135
00937B,群益ESG投等債20,195,183,12,群益金鼎-東大,2024-03-14,9135
2303,聯電,17,5,12,群益金鼎-東大,2024-03-14,9135
2884,玉山金,20,8,12,群益金鼎-東大,2024-03-14,9135
6146,耕興,13,1,12,群益金鼎-東大,2024-03-14,9135
00706L,期元大S＆P日圓正2,11,0,11,群益金鼎-東大,2024-03-14,9135
2367,燿華,14,3,11,群益金鼎-東大,2024-03-14,9135
2323,中環,11,0,11,群益金鼎-東大,2024-03-14,9135
8087,麗升能源,11,0,11,群益金鼎-東大,2024-03-14,9135
3390,旭軟,10,0,10,群益金鼎-東大,2024-03-14,9135
00919,群益台灣精選高息,347,46,301,群益金鼎-東大,2024-03-15,9135
2897A,王道銀甲特,292,0,292,群益金鼎-東大,2024-03-15,9135
00687B,國泰20年美債,177,0,177,群益金鼎-東大,2024-03-15,9135
00751B,元大AAA至A公司債,139,26,113,群益金鼎-東大,2024-03-15,9135
4714,永捷,146,34,112,群益金鼎-東大,2024-03-15,9135
2883,凱基金,185,77,108,群益金鼎-東大,2024-03-15,9135
00941,中信上游半導體,172,65,107,群益金鼎-東大,2024-03-15,9135
00937B,群益ESG投等債20,132,34,98,群益金鼎-東大,2024-03-15,9135
00720B,元大投資級公司債,60,0,60,群益金鼎-東大,2024-03-15,9135
00650L,復華香港正2,55,0,55,群益金鼎-東大,2024-03-15,9135
00679B,元大美債20年,38,0,38,群益金鼎-東大,2024-03-15,9135
2486,一詮,140,105,35,群益金鼎-東大,2024-03-15,9135
00933B,國泰10Y+金融債,31,1,30,群益金鼎-東大,2024-03-15,9135
00680L,元大美債20正2,39,10,29,群益金鼎-東大,2024-03-15,9135
2323,中環,46,17,29,群益金鼎-東大,2024-03-15,9135
1609,大亞,36,8,28,群益金鼎-東大,2024-03-15,9135
6672,騰輝電子-KY,27,0,27,群益金鼎-東大,2024-03-15,9135
2020,美亞,41,14,27,群益金鼎-東大,2024-03-15,9135
6217,中探針,25,0,25,群益金鼎-東大,2024-03-15,9135
2329,華泰,38,16,22,群益金鼎-東大,2024-03-15,9135
2845,遠東銀,21,0,21,群益金鼎-東大,2024-03-15,9135
1815,富喬,31,10,21,群益金鼎-東大,2024-03-15,9135
00915,凱基優選高股息30,31,11,20,群益金鼎-東大,2024-03-15,9135
2881A,富邦特,20,0,20,群益金鼎-東大,2024-03-15,9135
2838A,聯邦銀甲特,20,0,20,群益金鼎-東大,2024-03-15,9135
1608,華榮,27,8,19,群益金鼎-東大,2024-03-15,9135
6757,台灣虎航,16,0,16,群益金鼎-東大,2024-03-15,9135
3052,夆典,31,15,16,群益金鼎-東大,2024-03-15,9135
00764B,群益25年美債,16,0,16,群益金鼎-東大,2024-03-15,9135
5206,坤悅,15,0,15,群益金鼎-東大,2024-03-15,9135
2330,台積電,17,2,15,群益金鼎-東大,2024-03-15,9135
2903,遠百,20,6,14,群益金鼎-東大,2024-03-15,9135
4581,光隆精密-KY,14,2,12,群益金鼎-東大,2024-03-15,9135
5533,皇鼎,12,0,12,群益金鼎-東大,2024-03-15,9135
00929,復華台灣科技優息,47,35,12,群益金鼎-東大,2024-03-15,9135
00712,復華富時不動產,11,0,11,群益金鼎-東大,2024-03-15,9135
2633,台灣高鐵,10,0,10,群益金鼎-東大,2024-03-15,9135
00642U,期元大S＆P石油,10,0,10,群益金鼎-東大,2024-03-15,9135
00673R,期元大S＆P原油反1,10,0,10,群益金鼎-東大,2024-03-15,9135
1616,億泰,11,1,10,群益金鼎-東大,2024-03-15,9135
6275,元山,15,5,10,群益金鼎-東大,2024-03-15,9135
2637,慧洋-KY,10,0,10,群益金鼎-東大,2024-03-15,9135
5432,新門,11,1,10,群益金鼎-東大,2024-03-15,9135
2801,彰銀,15,6,9,群益金鼎-東大,2024-03-15,9135
00706L,期元大S＆P日圓正2,9,0,9,群益金鼎-東大,2024-03-15,9135
3163,波若威,25,16,9,群益金鼎-東大,2024-03-15,9135
8426,紅木-KY,9,0,9,群益金鼎-東大,2024-03-15,9135
3380,明泰,9,0,9,群益金鼎-東大,2024-03-15,9135
2882,國泰金,19,10,9,群益金鼎-東大,2024-03-15,9135
00931B,統一美債20年,10,2,8,群益金鼎-東大,2024-03-15,9135
00941,中信上游半導體,180,50,130,群益金鼎-東大,2024-03-18,9135
2618,長榮航,120,1,119,群益金鼎-東大,2024-03-18,9135
00857B,永豐20年美公債,86,0,86,群益金鼎-東大,2024-03-18,9135
00673R,期元大S＆P原油反1,85,0,85,群益金鼎-東大,2024-03-18,9135
00751B,元大AAA至A公司債,80,1,79,群益金鼎-東大,2024-03-18,9135
00937B,群益ESG投等債20,73,5,68,群益金鼎-東大,2024-03-18,9135
6016,康和證,58,0,58,群益金鼎-東大,2024-03-18,9135
00687B,國泰20年美債,56,0,56,群益金鼎-東大,2024-03-18,9135
2611,志信,61,10,51,群益金鼎-東大,2024-03-18,9135
00688L,國泰20年美債正2,50,3,47,群益金鼎-東大,2024-03-18,9135
2834,臺企銀,83,42,41,群益金鼎-東大,2024-03-18,9135
2812,台中銀,41,0,41,群益金鼎-東大,2024-03-18,9135
2883,凱基金,43,4,39,群益金鼎-東大,2024-03-18,9135
1316,上曜,36,1,35,群益金鼎-東大,2024-03-18,9135
3702,大聯大,36,1,35,群益金鼎-東大,2024-03-18,9135
2884,玉山金,39,5,34,群益金鼎-東大,2024-03-18,9135
00933B,國泰10Y+金融債,33,0,33,群益金鼎-東大,2024-03-18,9135
1503,士電,71,38,33,群益金鼎-東大,2024-03-18,9135
00919,群益台灣精選高息,180,152,28,群益金鼎-東大,2024-03-18,9135
00679B,元大美債20年,30,6,24,群益金鼎-東大,2024-03-18,9135
1101,台泥,24,0,24,群益金鼎-東大,2024-03-18,9135
3035,智原,42,19,23,群益金鼎-東大,2024-03-18,9135
6757,台灣虎航,23,0,23,群益金鼎-東大,2024-03-18,9135
2354,鴻準,25,3,22,群益金鼎-東大,2024-03-18,9135
3025,星通,21,0,21,群益金鼎-東大,2024-03-18,9135
2897,王道銀行,20,0,20,群益金鼎-東大,2024-03-18,9135
2881A,富邦特,20,0,20,群益金鼎-東大,2024-03-18,9135
2329,華泰,48,29,19,群益金鼎-東大,2024-03-18,9135
2412,中華電,17,0,17,群益金鼎-東大,2024-03-18,9135
2317,鴻海,72,55,17,群益金鼎-東大,2024-03-18,9135
3010,華立,17,1,16,群益金鼎-東大,2024-03-18,9135
2903,遠百,16,0,16,群益金鼎-東大,2024-03-18,9135
00720B,元大投資級公司債,24,9,15,群益金鼎-東大,2024-03-18,9135
1809,中釉,25,10,15,群益金鼎-東大,2024-03-18,9135
4532,瑞智,17,2,15,群益金鼎-東大,2024-03-18,9135
6462,神盾,22,8,14,群益金鼎-東大,2024-03-18,9135
2356,英業達,20,6,14,群益金鼎-東大,2024-03-18,9135
8096,擎亞,27,13,14,群益金鼎-東大,2024-03-18,9135
2601,益航,13,0,13,群益金鼎-東大,2024-03-18,9135
1616,億泰,13,0,13,群益金鼎-東大,2024-03-18,9135
1815,富喬,13,0,13,群益金鼎-東大,2024-03-18,9135
3622,洋華,16,4,12,群益金鼎-東大,2024-03-18,9135
4581,光隆精密-KY,12,0,12,群益金鼎-東大,2024-03-18,9135
00918,大華優利高填息30,22,10,12,群益金鼎-東大,2024-03-18,9135
1319,東陽,26,14,12,群益金鼎-東大,2024-03-18,9135
6233,旺玖,12,0,12,群益金鼎-東大,2024-03-18,9135
8054,安國,29,17,12,群益金鼎-東大,2024-03-18,9135
00935,野村臺灣新科技50,12,1,11,群益金鼎-東大,2024-03-18,9135
3294,英濟,46,35,11,群益金鼎-東大,2024-03-18,9135
2801,彰銀,11,0,11,群益金鼎-東大,2024-03-18,9135
00687B,國泰20年美債,141,0,141,群益金鼎-東大,2024-03-19,9135
2356,英業達,146,30,116,群益金鼎-東大,2024-03-19,9135
00680L,元大美債20正2,108,7,101,群益金鼎-東大,2024-03-19,9135
2464,盟立,118,20,98,群益金鼎-東大,2024-03-19,9135
3105,穩懋,68,3,65,群益金鼎-東大,2024-03-19,9135
00720B,元大投資級公司債,76,12,64,群益金鼎-東大,2024-03-19,9135
00688L,國泰20年美債正2,61,0,61,群益金鼎-東大,2024-03-19,9135
00937B,群益ESG投等債20,87,35,52,群益金鼎-東大,2024-03-19,9135
2618,長榮航,101,52,49,群益金鼎-東大,2024-03-19,9135
2801,彰銀,45,0,45,群益金鼎-東大,2024-03-19,9135
3481,群創,33,2,31,群益金鼎-東大,2024-03-19,9135
2324,仁寶,36,7,29,群益金鼎-東大,2024-03-19,9135
00941,中信上游半導體,35,6,29,群益金鼎-東大,2024-03-19,9135
00706L,期元大S＆P日圓正2,40,11,29,群益金鼎-東大,2024-03-19,9135
1503,士電,80,56,24,群益金鼎-東大,2024-03-19,9135
00928,中信上櫃ESG30,24,0,24,群益金鼎-東大,2024-03-19,9135
5202,力新,26,2,24,群益金鼎-東大,2024-03-19,9135
00679B,元大美債20年,22,0,22,群益金鼎-東大,2024-03-19,9135
2834,臺企銀,38,16,22,群益金鼎-東大,2024-03-19,9135
5512,力麒,23,2,21,群益金鼎-東大,2024-03-19,9135
2887,台新金,22,1,21,群益金鼎-東大,2024-03-19,9135
3230,錦明,17,0,17,群益金鼎-東大,2024-03-19,9135
2609,陽明,23,7,16,群益金鼎-東大,2024-03-19,9135
2888,新光金,16,0,16,群益金鼎-東大,2024-03-19,9135
2385,群光,34,18,16,群益金鼎-東大,2024-03-19,9135
2323,中環,15,0,15,群益金鼎-東大,2024-03-19,9135
3576,聯合再生,15,0,15,群益金鼎-東大,2024-03-19,9135
4571,鈞興-KY,14,0,14,群益金鼎-東大,2024-03-19,9135
2838A,聯邦銀甲特,13,0,13,群益金鼎-東大,2024-03-19,9135
6223,旺矽,14,1,13,群益金鼎-東大,2024-03-19,9135
4414,如興,12,0,12,群益金鼎-東大,2024-03-19,9135
3702,大聯大,42,30,12,群益金鼎-東大,2024-03-19,9135
2371,大同,19,7,12,群益金鼎-東大,2024-03-19,9135
2515,中工,46,35,11,群益金鼎-東大,2024-03-19,9135
1307,三芳,11,0,11,群益金鼎-東大,2024-03-19,9135
8028,昇陽半導體,11,0,11,群益金鼎-東大,2024-03-19,9135
2362,藍天,11,0,11,群益金鼎-東大,2024-03-19,9135
00882,中信中國高股息,10,0,10,群益金鼎-東大,2024-03-19,9135
6189,豐藝,11,1,10,群益金鼎-東大,2024-03-19,9135
5531,鄉林,10,0,10,群益金鼎-東大,2024-03-19,9135
3029,零壹,10,0,10,群益金鼎-東大,2024-03-19,9135
1701,中化,10,0,10,群益金鼎-東大,2024-03-19,9135
2025,千興,10,0,10,群益金鼎-東大,2024-03-19,9135
00673R,期元大S＆P原油反1,10,0,10,群益金鼎-東大,2024-03-19,9135
6235,華孚,13,3,10,群益金鼎-東大,2024-03-19,9135
2812,台中銀,10,0,10,群益金鼎-東大,2024-03-19,9135
2330,台積電,11,1,10,群益金鼎-東大,2024-03-19,9135
2542,興富發,9,0,9,群益金鼎-東大,2024-03-19,9135
3041,揚智,30,21,9,群益金鼎-東大,2024-03-19,9135
1733,五鼎,9,0,9,群益金鼎-東大,2024-03-19,9135
00939,統一台灣高息動能,402,172,230,群益金鼎-東大,2024-03-20,9135
00919,群益台灣精選高息,305,98,207,群益金鼎-東大,2024-03-20,9135
00937B,群益ESG投等債20,176,11,165,群益金鼎-東大,2024-03-20,9135
2618,長榮航,130,20,110,群益金鼎-東大,2024-03-20,9135
00687B,國泰20年美債,63,0,63,群益金鼎-東大,2024-03-20,9135
6015,宏遠證,53,0,53,群益金鼎-東大,2024-03-20,9135
6274,台燿,53,8,45,群益金鼎-東大,2024-03-20,9135
00673R,期元大S＆P原油反1,40,0,40,群益金鼎-東大,2024-03-20,9135
6243,迅杰,40,0,40,群益金鼎-東大,2024-03-20,9135
00857B,永豐20年美公債,36,0,36,群益金鼎-東大,2024-03-20,9135
00720B,元大投資級公司債,49,17,32,群益金鼎-東大,2024-03-20,9135
4581,光隆精密-KY,35,4,31,群益金鼎-東大,2024-03-20,9135
3231,緯創,131,100,31,群益金鼎-東大,2024-03-20,9135
00632R,元大台灣50反1,32,2,30,群益金鼎-東大,2024-03-20,9135
8059,凱碩,32,2,30,群益金鼎-東大,2024-03-20,9135
2603,長榮,106,79,27,群益金鼎-東大,2024-03-20,9135
5871,中租-KY,27,0,27,群益金鼎-東大,2024-03-20,9135
00941,中信上游半導體,35,8,27,群益金鼎-東大,2024-03-20,9135
2208,台船,27,2,25,群益金鼎-東大,2024-03-20,9135
2897,王道銀行,25,0,25,群益金鼎-東大,2024-03-20,9135
3702,大聯大,26,1,25,群益金鼎-東大,2024-03-20,9135
00664R,國泰臺灣加權反1,25,1,24,群益金鼎-東大,2024-03-20,9135
2888,新光金,24,0,24,群益金鼎-東大,2024-03-20,9135
00900,富邦特選高股息30,34,11,23,群益金鼎-東大,2024-03-20,9135
3005,神基,96,74,22,群益金鼎-東大,2024-03-20,9135
2323,中環,26,4,22,群益金鼎-東大,2024-03-20,9135
00680L,元大美債20正2,41,20,21,群益金鼎-東大,2024-03-20,9135
6535,順藥,23,2,21,群益金鼎-東大,2024-03-20,9135
4127,天良,30,10,20,群益金鼎-東大,2024-03-20,9135
00688L,國泰20年美債正2,20,0,20,群益金鼎-東大,2024-03-20,9135
2442,新美齊,20,0,20,群益金鼎-東大,2024-03-20,9135
2881A,富邦特,20,0,20,群益金鼎-東大,2024-03-20,9135
1101,台泥,19,1,18,群益金鼎-東大,2024-03-20,9135
2801,彰銀,15,0,15,群益金鼎-東大,2024-03-20,9135
2834,臺企銀,15,0,15,群益金鼎-東大,2024-03-20,9135
6462,神盾,36,21,15,群益金鼎-東大,2024-03-20,9135
00706L,期元大S＆P日圓正2,23,8,15,群益金鼎-東大,2024-03-20,9135
6147,頎邦,18,3,15,群益金鼎-東大,2024-03-20,9135
6525,捷敏-KY,13,0,13,群益金鼎-東大,2024-03-20,9135
2886,兆豐金,12,0,12,群益金鼎-東大,2024-03-20,9135
2363,矽統,14,2,12,群益金鼎-東大,2024-03-20,9135
6288,聯嘉,15,3,12,群益金鼎-東大,2024-03-20,9135
00712,復華富時不動產,12,0,12,群益金鼎-東大,2024-03-20,9135
1815,富喬,20,8,12,群益金鼎-東大,2024-03-20,9135
2313,華通,21,10,11,群益金鼎-東大,2024-03-20,9135
3036,文曄,12,1,11,群益金鼎-東大,2024-03-20,9135
2449,京元電子,21,10,11,群益金鼎-東大,2024-03-20,9135
2889,國票金,11,0,11,群益金鼎-東大,2024-03-20,9135
3033,威健,10,0,10,群益金鼎-東大,2024-03-20,9135
5202,力新,10,0,10,群益金鼎-東大,2024-03-20,9135
8936,國統,305,2,303,群益金鼎-東大,2024-03-21,9135
00764B,群益25年美債,218,0,218,群益金鼎-東大,2024-03-21,9135
2486,一詮,494,355,139,群益金鼎-東大,2024-03-21,9135
00937B,群益ESG投等債20,110,0,110,群益金鼎-東大,2024-03-21,9135
6016,康和證,90,0,90,群益金鼎-東大,2024-03-21,9135
00919,群益台灣精選高息,217,144,73,群益金鼎-東大,2024-03-21,9135
00671R,富邦NASDAQ反1,70,0,70,群益金鼎-東大,2024-03-21,9135
3576,聯合再生,62,0,62,群益金鼎-東大,2024-03-21,9135
00687B,國泰20年美債,61,2,59,群益金鼎-東大,2024-03-21,9135
00929,復華台灣科技優息,88,33,55,群益金鼎-東大,2024-03-21,9135
2882A,國泰特,50,0,50,群益金鼎-東大,2024-03-21,9135
2881A,富邦特,50,0,50,群益金鼎-東大,2024-03-21,9135
3490,單井,50,1,49,群益金鼎-東大,2024-03-21,9135
00939,統一台灣高息動能,212,165,47,群益金鼎-東大,2024-03-21,9135
2344,華邦電,75,28,47,群益金鼎-東大,2024-03-21,9135
6243,迅杰,40,0,40,群益金鼎-東大,2024-03-21,9135
2618,長榮航,37,0,37,群益金鼎-東大,2024-03-21,9135
2409,友達,55,18,37,群益金鼎-東大,2024-03-21,9135
8096,擎亞,55,20,35,群益金鼎-東大,2024-03-21,9135
00664R,國泰臺灣加權反1,35,0,35,群益金鼎-東大,2024-03-21,9135
3715,定穎投控,38,5,33,群益金鼎-東大,2024-03-21,9135
00720B,元大投資級公司債,49,17,32,群益金鼎-東大,2024-03-21,9135
00928,中信上櫃ESG30,31,0,31,群益金鼎-東大,2024-03-21,9135
2534,宏盛,31,0,31,群益金鼎-東大,2024-03-21,9135
6285,啟��,52,23,29,群益金鼎-東大,2024-03-21,9135
2317,鴻海,85,61,24,群益金鼎-東大,2024-03-21,9135
5347,世界,36,13,23,群益金鼎-東大,2024-03-21,9135
00725B,國泰投資級公司債,22,0,22,群益金鼎-東大,2024-03-21,9135
00665L,富邦�琤肭磪囓�2,22,0,22,群益金鼎-東大,2024-03-21,9135
1524,耿鼎,27,6,21,群益金鼎-東大,2024-03-21,9135
3706,神達,111,93,18,群益金鼎-東大,2024-03-21,9135
2371,大同,23,6,17,群益金鼎-東大,2024-03-21,9135
2303,聯電,28,12,16,群益金鼎-東大,2024-03-21,9135
6117,迎廣,16,0,16,群益金鼎-東大,2024-03-21,9135
4127,天良,25,9,16,群益金鼎-東大,2024-03-21,9135
0056,元大高股息,25,9,16,群益金鼎-東大,2024-03-21,9135
1808,潤隆,15,0,15,群益金鼎-東大,2024-03-21,9135
00679B,元大美債20年,15,0,15,群益金鼎-東大,2024-03-21,9135
1608,華榮,16,1,15,群益金鼎-東大,2024-03-21,9135
8112,至上,46,31,15,群益金鼎-東大,2024-03-21,9135
00753L,中信中國50正2,20,5,15,群益金鼎-東大,2024-03-21,9135
00751B,元大AAA至A公司債,16,2,14,群益金鼎-東大,2024-03-21,9135
6257,矽格,28,14,14,群益金鼎-東大,2024-03-21,9135
3032,偉訓,14,0,14,群益金鼎-東大,2024-03-21,9135
2406,國碩,15,1,14,群益金鼎-東大,2024-03-21,9135
2405,輔信,43,29,14,群益金鼎-東大,2024-03-21,9135
1609,大亞,39,25,14,群益金鼎-東大,2024-03-21,9135
6770,力積電,14,1,13,群益金鼎-東大,2024-03-21,9135
2903,遠百,13,0,13,群益金鼎-東大,2024-03-21,9135
5469,瀚宇博,45,32,13,群益金鼎-東大,2024-03-21,9135
00937B,群益ESG投等債20,262,2,260,群益金鼎-東大,2024-03-22,9135
00939,統一台灣高息動能,226,15,211,群益金鼎-東大,2024-03-22,9135
00919,群益台灣精選高息,281,129,152,群益金鼎-東大,2024-03-22,9135
00764B,群益25年美債,365,217,148,群益金鼎-東大,2024-03-22,9135
00687B,國泰20年美債,94,0,94,群益金鼎-東大,2024-03-22,9135
6257,矽格,75,5,70,群益金鼎-東大,2024-03-22,9135
5864,致和證,64,1,63,群益金鼎-東大,2024-03-22,9135
6275,元山,63,15,48,群益金鼎-東大,2024-03-22,9135
2344,華邦電,73,26,47,群益金鼎-東大,2024-03-22,9135
2317,鴻海,279,235,44,群益金鼎-東大,2024-03-22,9135
1503,士電,79,37,42,群益金鼎-東大,2024-03-22,9135
2409,友達,55,14,41,群益金鼎-東大,2024-03-22,9135
2301,光寶科,34,2,32,群益金鼎-東大,2024-03-22,9135
00706L,期元大S＆P日圓正2,30,0,30,群益金鼎-東大,2024-03-22,9135
2801,彰銀,25,0,25,群益金鼎-東大,2024-03-22,9135
6016,康和證,25,1,24,群益金鼎-東大,2024-03-22,9135
3706,神達,74,53,21,群益金鼎-東大,2024-03-22,9135
00637L,元大滬深300正2,20,0,20,群益金鼎-東大,2024-03-22,9135
2358,廷鑫,19,1,18,群益金鼎-東大,2024-03-22,9135
00665L,富邦�琤肭磪囓�2,20,2,18,群益金鼎-東大,2024-03-22,9135
8070,長華*,18,0,18,群益金鼎-東大,2024-03-22,9135
8996,高力,29,11,18,群益金鼎-東大,2024-03-22,9135
1809,中釉,17,0,17,群益金鼎-東大,2024-03-22,9135
1612,宏泰,22,5,17,群益金鼎-東大,2024-03-22,9135
2303,聯電,29,12,17,群益金鼎-東大,2024-03-22,9135
5871,中租-KY,16,0,16,群益金鼎-東大,2024-03-22,9135
6125,廣運,23,7,16,群益金鼎-東大,2024-03-22,9135
5309,系統電,17,1,16,群益金鼎-東大,2024-03-22,9135
0056,元大高股息,16,1,15,群益金鼎-東大,2024-03-22,9135
1513,中興電,34,19,15,群益金鼎-東大,2024-03-22,9135
1618,合機,42,27,15,群益金鼎-東大,2024-03-22,9135
3689,湧德,17,3,14,群益金鼎-東大,2024-03-22,9135
2208,台船,18,4,14,群益金鼎-東大,2024-03-22,9135
3704,合勤控,18,4,14,群益金鼎-東大,2024-03-22,9135
2367,燿華,27,14,13,群益金鼎-東大,2024-03-22,9135
6147,頎邦,17,4,13,群益金鼎-東大,2024-03-22,9135
2323,中環,16,3,13,群益金鼎-東大,2024-03-22,9135
5347,世界,23,11,12,群益金鼎-東大,2024-03-22,9135
2369,菱生,18,6,12,群益金鼎-東大,2024-03-22,9135
2609,陽明,13,1,12,群益金鼎-東大,2024-03-22,9135
00650L,復華香港正2,12,0,12,群益金鼎-東大,2024-03-22,9135
2903,遠百,12,0,12,群益金鼎-東大,2024-03-22,9135
2882,國泰金,13,1,12,群益金鼎-東大,2024-03-22,9135
2603,長榮,13,1,12,群益金鼎-東大,2024-03-22,9135
6282,康舒,12,1,11,群益金鼎-東大,2024-03-22,9135
2476,鉅祥,13,2,11,群益金鼎-東大,2024-03-22,9135
3583,辛耘,14,3,11,群益金鼎-東大,2024-03-22,9135
8936,國統,24,13,11,群益金鼎-東大,2024-03-22,9135
2637,慧洋-KY,12,1,11,群益金鼎-東大,2024-03-22,9135
3035,智原,14,4,10,群益金鼎-東大,2024-03-22,9135
3059,華晶科,325,13,312,群益金鼎-東大,2024-03-25,9135
00937B,群益ESG投等債20,358,104,254,群益金鼎-東大,2024-03-25,9135
2486,一詮,211,35,176,群益金鼎-東大,2024-03-25,9135
00720B,元大投資級公司債,163,0,163,群益金鼎-東大,2024-03-25,9135
00687B,國泰20年美債,136,0,136,群益金鼎-東大,2024-03-25,9135
2618,長榮航,109,0,109,群益金鼎-東大,2024-03-25,9135
5864,致和證,83,0,83,群益金鼎-東大,2024-03-25,9135
00939,統一台灣高息動能,75,20,55,群益金鼎-東大,2024-03-25,9135
2464,盟立,108,60,48,群益金鼎-東大,2024-03-25,9135
2881,富邦金,41,0,41,群益金鼎-東大,2024-03-25,9135
3665,貿聯-KY,39,0,39,群益金鼎-東大,2024-03-25,9135
6274,台燿,50,14,36,群益金鼎-東大,2024-03-25,9135
00764B,群益25年美債,400,365,35,群益金鼎-東大,2024-03-25,9135
00878,國泰永續高股息,38,4,34,群益金鼎-東大,2024-03-25,9135
00919,群益台灣精選高息,118,86,32,群益金鼎-東大,2024-03-25,9135
3005,神基,40,9,31,群益金鼎-東大,2024-03-25,9135
6213,聯茂,31,3,28,群益金鼎-東大,2024-03-25,9135
00929,復華台灣科技優息,31,6,25,群益金鼎-東大,2024-03-25,9135
00722B,群益投資級電信債,24,0,24,群益金鼎-東大,2024-03-25,9135
2888,新光金,22,0,22,群益金鼎-東大,2024-03-25,9135
020031,統一IC設計臺灣N,20,0,20,群益金鼎-東大,2024-03-25,9135
00637L,元大滬深300正2,20,0,20,群益金鼎-東大,2024-03-25,9135
2892,第一金,20,0,20,群益金鼎-東大,2024-03-25,9135
2353,宏��,30,10,20,群益金鼎-東大,2024-03-25,9135
6217,中探針,20,0,20,群益金鼎-東大,2024-03-25,9135
00915,凱基優選高股息30,22,4,18,群益金鼎-東大,2024-03-25,9135
2301,光寶科,22,5,17,群益金鼎-東大,2024-03-25,9135
1587,吉茂,18,2,16,群益金鼎-東大,2024-03-25,9135
1301,台塑,16,0,16,群益金鼎-東大,2024-03-25,9135
020034,元大IC設計N,15,0,15,群益金鼎-東大,2024-03-25,9135
4714,永捷,15,1,14,群益金鼎-東大,2024-03-25,9135
00680L,元大美債20正2,15,2,13,群益金鼎-東大,2024-03-25,9135
00857B,永豐20年美公債,13,0,13,群益金鼎-東大,2024-03-25,9135
4707,磐亞,13,0,13,群益金鼎-東大,2024-03-25,9135
2356,英業達,31,19,12,群益金鼎-東大,2024-03-25,9135
00753L,中信中國50正2,15,3,12,群益金鼎-東大,2024-03-25,9135
3406,玉晶光,12,0,12,群益金鼎-東大,2024-03-25,9135
2303,聯電,23,12,11,群益金鼎-東大,2024-03-25,9135
00706L,期元大S＆P日圓正2,31,20,11,群益金鼎-東大,2024-03-25,9135
9902,台火,11,0,11,群益金鼎-東大,2024-03-25,9135
2812,台中銀,11,0,11,群益金鼎-東大,2024-03-25,9135
6443,元晶,18,7,11,群益金鼎-東大,2024-03-25,9135
6227,茂綸,12,1,11,群益金鼎-東大,2024-03-25,9135
3545,敦泰,12,2,10,群益金鼎-東大,2024-03-25,9135
1701,中化,10,0,10,群益金鼎-東大,2024-03-25,9135
2897,王道銀行,10,0,10,群益金鼎-東大,2024-03-25,9135
1504,東元,14,4,10,群益金鼎-東大,2024-03-25,9135
1314,中石化,10,0,10,群益金鼎-東大,2024-03-25,9135
00935,野村臺灣新科技50,10,0,10,群益金鼎-東大,2024-03-25,9135
4513,福裕,10,0,10,群益金鼎-東大,2024-03-25,9135
00937B,群益ESG投等債20,254,9,245,群益金鼎-東大,2024-03-26,9135
00919,群益台灣精選高息,270,40,230,群益金鼎-東大,2024-03-26,9135
00929,復華台灣科技優息,219,54,165,群益金鼎-東大,2024-03-26,9135
9105,泰金寶-DR,100,0,100,群益金鼎-東大,2024-03-26,9135
00941,中信上游半導體,90,14,76,群益金鼎-東大,2024-03-26,9135
3231,緯創,140,71,69,群益金鼎-東大,2024-03-26,9135
3363,上詮,41,1,40,群益金鼎-東大,2024-03-26,9135
2356,英業達,75,38,37,群益金鼎-東大,2024-03-26,9135
4306,炎洲,35,0,35,群益金鼎-東大,2024-03-26,9135
1608,華榮,120,91,29,群益金鼎-東大,2024-03-26,9135
00664R,國泰臺灣加權反1,35,7,28,群益金鼎-東大,2024-03-26,9135
1609,大亞,65,40,25,群益金鼎-東大,2024-03-26,9135
2417,圓剛,35,10,25,群益金鼎-東大,2024-03-26,9135
6257,矽格,26,1,25,群益金鼎-東大,2024-03-26,9135
1514,亞力,66,43,23,群益金鼎-東大,2024-03-26,9135
3665,貿聯-KY,22,0,22,群益金鼎-東大,2024-03-26,9135
00764B,群益25年美債,421,400,21,群益金鼎-東大,2024-03-26,9135
8059,凱碩,22,2,20,群益金鼎-東大,2024-03-26,9135
2369,菱生,19,0,19,群益金鼎-東大,2024-03-26,9135
2313,華通,31,13,18,群益金鼎-東大,2024-03-26,9135
4714,永捷,23,5,18,群益金鼎-東大,2024-03-26,9135
5871,中租-KY,17,0,17,群益金鼎-東大,2024-03-26,9135
00933B,國泰10Y+金融債,17,0,17,群益金鼎-東大,2024-03-26,9135
6591,動力-KY,16,0,16,群益金鼎-東大,2024-03-26,9135
00881,國泰台灣5G+,20,5,15,群益金鼎-東大,2024-03-26,9135
6770,力積電,16,2,14,群益金鼎-東大,2024-03-26,9135
00688L,國泰20年美債正2,15,1,14,群益金鼎-東大,2024-03-26,9135
6179,亞通,26,12,14,群益金鼎-東大,2024-03-26,9135
2329,華泰,22,8,14,群益金鼎-東大,2024-03-26,9135
5465,富驊,15,1,14,群益金鼎-東大,2024-03-26,9135
2371,大同,62,48,14,群益金鼎-東大,2024-03-26,9135
6189,豐藝,19,5,14,群益金鼎-東大,2024-03-26,9135
6451,訊芯-KY,15,1,14,群益金鼎-東大,2024-03-26,9135
2241,艾姆勒,14,1,13,群益金鼎-東大,2024-03-26,9135
00680L,元大美債20正2,14,2,12,群益金鼎-東大,2024-03-26,9135
6015,宏遠證,12,0,12,群益金鼎-東大,2024-03-26,9135
2344,華邦電,39,27,12,群益金鼎-東大,2024-03-26,9135
8271,宇瞻,13,1,12,群益金鼎-東大,2024-03-26,9135
4979,華星光,13,2,11,群益金鼎-東大,2024-03-26,9135
6443,元晶,32,21,11,群益金鼎-東大,2024-03-26,9135
6163,華電網,14,3,11,群益金鼎-東大,2024-03-26,9135
1603,華電,10,0,10,群益金鼎-東大,2024-03-26,9135
2414,精技,10,0,10,群益金鼎-東大,2024-03-26,9135
00692,富邦公司治理,10,0,10,群益金鼎-東大,2024-03-26,9135
3036,文曄,10,0,10,群益金鼎-東大,2024-03-26,9135
2399,映泰,10,0,10,群益金鼎-東大,2024-03-26,9135
5236,凌陽創新,10,0,10,群益金鼎-東大,2024-03-26,9135
2308,台達電,14,5,9,群益金鼎-東大,2024-03-26,9135
00687B,國泰20年美債,9,0,9,群益金鼎-東大,2024-03-26,9135
3481,群創,10,1,9,群益金鼎-東大,2024-03-26,9135
00937B,群益ESG投等債20,349,94,255,群益金鼎-東大,2024-03-27,9135
00764B,群益25年美債,639,420,219,群益金鼎-東大,2024-03-27,9135
2317,鴻海,266,58,208,群益金鼎-東大,2024-03-27,9135
00720B,元大投資級公司債,99,0,99,群益金鼎-東大,2024-03-27,9135
00877,復華中國5G,60,0,60,群益金鼎-東大,2024-03-27,9135
5864,致和證,76,24,52,群益金鼎-東大,2024-03-27,9135
6770,力積電,50,2,48,群益金鼎-東大,2024-03-27,9135
8222,寶一,43,4,39,群益金鼎-東大,2024-03-27,9135
00687B,國泰20年美債,40,2,38,群益金鼎-東大,2024-03-27,9135
1603,華電,48,13,35,群益金鼎-東大,2024-03-27,9135
3231,緯創,97,64,33,群益金鼎-東大,2024-03-27,9135
2534,宏盛,30,0,30,群益金鼎-東大,2024-03-27,9135
1316,上曜,30,5,25,群益金鼎-東大,2024-03-27,9135
2329,華泰,36,12,24,群益金鼎-東大,2024-03-27,9135
00679B,元大美債20年,28,4,24,群益金鼎-東大,2024-03-27,9135
2105,正新,27,3,24,群益金鼎-東大,2024-03-27,9135
5388,中磊,23,2,21,群益金鼎-東大,2024-03-27,9135
1514,亞力,26,5,21,群益金鼎-東大,2024-03-27,9135
1522,堤維西,29,10,19,群益金鼎-東大,2024-03-27,9135
6125,廣運,25,6,19,群益金鼎-東大,2024-03-27,9135
6207,雷科,20,2,18,群益金鼎-東大,2024-03-27,9135
00712,復華富時不動產,18,0,18,群益金鼎-東大,2024-03-27,9135
1795,美時,27,10,17,群益金鼎-東大,2024-03-27,9135
2409,友達,17,0,17,群益金鼎-東大,2024-03-27,9135
8182,加高,17,0,17,群益金鼎-東大,2024-03-27,9135
6189,豐藝,16,1,15,群益金鼎-東大,2024-03-27,9135
2303,聯電,15,0,15,群益金鼎-東大,2024-03-27,9135
6215,和椿,32,18,14,群益金鼎-東大,2024-03-27,9135
2610,華航,13,0,13,群益金鼎-東大,2024-03-27,9135
00650L,復華香港正2,12,0,12,群益金鼎-東大,2024-03-27,9135
6449,鈺邦,12,0,12,群益金鼎-東大,2024-03-27,9135
5515,建國,41,29,12,群益金鼎-東大,2024-03-27,9135
2002,中鋼,11,0,11,群益金鼎-東大,2024-03-27,9135
1319,東陽,21,10,11,群益金鼎-東大,2024-03-27,9135
2367,燿華,11,1,10,群益金鼎-東大,2024-03-27,9135
5011,久陽,10,0,10,群益金鼎-東大,2024-03-27,9135
2887,台新金,10,0,10,群益金鼎-東大,2024-03-27,9135
1712,興農,10,0,10,群益金鼎-東大,2024-03-27,9135
1591,駿吉-KY,10,0,10,群益金鼎-東大,2024-03-27,9135
8027,鈦昇,10,0,10,群益金鼎-東大,2024-03-27,9135
2417,圓剛,10,0,10,群益金鼎-東大,2024-03-27,9135
2020,美亞,10,0,10,群益金鼎-東大,2024-03-27,9135
1102,亞泥,10,0,10,群益金鼎-東大,2024-03-27,9135
00753L,中信中國50正2,10,0,10,群益金鼎-東大,2024-03-27,9135
2408,南亞科,10,1,9,群益金鼎-東大,2024-03-27,9135
8028,昇陽半導體,9,0,9,群益金鼎-東大,2024-03-27,9135
6179,亞通,17,8,9,群益金鼎-東大,2024-03-27,9135
5512,力麒,9,0,9,群益金鼎-東大,2024-03-27,9135
00941,中信上游半導體,30,22,8,群益金鼎-東大,2024-03-27,9135
2388,威盛,10,2,8,群益金鼎-東大,2024-03-27,9135
00937B,群益ESG投等債20,503,17,486,群益金鼎-東大,2024-03-28,9135
00919,群益台灣精選高息,181,63,118,群益金鼎-東大,2024-03-28,9135
5512,力麒,147,42,105,群益金鼎-東大,2024-03-28,9135
5515,建國,112,47,65,群益金鼎-東大,2024-03-28,9135
1515,力山,45,0,45,群益金鼎-東大,2024-03-28,9135
2883,凱基金,53,11,42,群益金鼎-東大,2024-03-28,9135
8107,大億金茂,38,0,38,群益金鼎-東大,2024-03-28,9135
00939,統一台灣高息動能,50,15,35,群益金鼎-東大,2024-03-28,9135
6257,矽格,43,10,33,群益金鼎-東大,2024-03-28,9135
1605,華新,32,2,30,群益金鼎-東大,2024-03-28,9135
2344,華邦電,29,0,29,群益金鼎-東大,2024-03-28,9135
1608,華榮,39,13,26,群益金鼎-東大,2024-03-28,9135
2543,皇昌,25,0,25,群益金鼎-東大,2024-03-28,9135
2636,台驊控股,23,1,22,群益金鼎-東大,2024-03-28,9135
00764B,群益25年美債,642,622,20,群益金鼎-東大,2024-03-28,9135
5864,致和證,19,0,19,群益金鼎-東大,2024-03-28,9135
4306,炎洲,26,8,18,群益金鼎-東大,2024-03-28,9135
3702,大聯大,26,8,18,群益金鼎-東大,2024-03-28,9135
4931,新盛力,20,2,18,群益金鼎-東大,2024-03-28,9135
2330,台積電,24,8,16,群益金鼎-東大,2024-03-28,9135
6550,北極星藥業-KY,18,2,16,群益金鼎-東大,2024-03-28,9135
2392,正崴,28,13,15,群益金鼎-東大,2024-03-28,9135
00882,中信中國高股息,14,0,14,群益金鼎-東大,2024-03-28,9135
4533,協易機,25,11,14,群益金鼎-東大,2024-03-28,9135
00751B,元大AAA至A公司債,18,5,13,群益金鼎-東大,2024-03-28,9135
2881,富邦金,13,0,13,群益金鼎-東大,2024-03-28,9135
5009,榮剛,12,0,12,群益金鼎-東大,2024-03-28,9135
6462,神盾,18,6,12,群益金鼎-東大,2024-03-28,9135
1808,潤隆,11,0,11,群益金鼎-東大,2024-03-28,9135
8064,東捷,11,0,11,群益金鼎-東大,2024-03-28,9135
3706,神達,34,23,11,群益金鼎-東大,2024-03-28,9135
4127,天良,16,5,11,群益金鼎-東大,2024-03-28,9135
1773,勝一,10,0,10,群益金鼎-東大,2024-03-28,9135
5403,中菲,10,0,10,群益金鼎-東大,2024-03-28,9135
2367,燿華,20,10,10,群益金鼎-東大,2024-03-28,9135
3711,日月光投控,10,0,10,群益金鼎-東大,2024-03-28,9135
00671R,富邦NASDAQ反1,10,0,10,群益金鼎-東大,2024-03-28,9135
6505,台塑化,10,0,10,群益金鼎-東大,2024-03-28,9135
8404,百和興業-KY,9,0,9,群益金鼎-東大,2024-03-28,9135
1560,中砂,10,1,9,群益金鼎-東大,2024-03-28,9135
0056,元大高股息,11,2,9,群益金鼎-東大,2024-03-28,9135
6684,安格,9,0,9,群益金鼎-東大,2024-03-28,9135
3260,威剛,10,2,8,群益金鼎-東大,2024-03-28,9135
2888,新光金,8,0,8,群益金鼎-東大,2024-03-28,9135
00725B,國泰投資級公司債,8,0,8,群益金鼎-東大,2024-03-28,9135
00645,富邦日本,8,0,8,群益金鼎-東大,2024-03-28,9135
2421,建準,19,11,8,群益金鼎-東大,2024-03-28,9135
2609,陽明,11,4,7,群益金鼎-東大,2024-03-28,9135
3704,合勤控,9,2,7,群益金鼎-東大,2024-03-28,9135
6005,群益證,12,5,7,群益金鼎-東大,2024-03-28,9135
2867,三商壽,200,0,200,群益金鼎-東大,2024-03-29,9135
2356,英業達,245,105,140,群益金鼎-東大,2024-03-29,9135
6213,聯茂,134,54,80,群益金鼎-東大,2024-03-29,9135
00939,統一台灣高息動能,84,11,73,群益金鼎-東大,2024-03-29,9135
00919,群益台灣精選高息,108,41,67,群益金鼎-東大,2024-03-29,9135
00941,中信上游半導體,76,15,61,群益金鼎-東大,2024-03-29,9135
00937B,群益ESG投等債20,71,11,60,群益金鼎-東大,2024-03-29,9135
00720B,元大投資級公司債,52,1,51,群益金鼎-東大,2024-03-29,9135
8096,擎亞,40,1,39,群益金鼎-東大,2024-03-29,9135
1515,力山,33,0,33,群益金鼎-東大,2024-03-29,9135
3576,聯合再生,26,0,26,群益金鼎-東大,2024-03-29,9135
3702,大聯大,33,8,25,群益金鼎-東大,2024-03-29,9135
6593,台灣銘板,32,9,23,群益金鼎-東大,2024-03-29,9135
6226,光鼎,22,0,22,群益金鼎-東大,2024-03-29,9135
2371,大同,62,42,20,群益金鼎-東大,2024-03-29,9135
6005,群益證,30,11,19,群益金鼎-東大,2024-03-29,9135
2520,冠德,20,1,19,群益金鼎-東大,2024-03-29,9135
2354,鴻準,29,12,17,群益金鼎-東大,2024-03-29,9135
2331,精英,17,1,16,群益金鼎-東大,2024-03-29,9135
4420,光明,14,0,14,群益金鼎-東大,2024-03-29,9135
5432,新門,14,0,14,群益金鼎-東大,2024-03-29,9135
3189,景碩,17,4,13,群益金鼎-東大,2024-03-29,9135
3062,建漢,15,2,13,群益金鼎-東大,2024-03-29,9135
4303,信立,18,5,13,群益金鼎-東大,2024-03-29,9135
2308,台達電,16,3,13,群益金鼎-東大,2024-03-29,9135
2301,光寶科,19,7,12,群益金鼎-東大,2024-03-29,9135
4714,永捷,20,8,12,群益金鼎-東大,2024-03-29,9135
3013,晟銘電,141,129,12,群益金鼎-東大,2024-03-29,9135
6425,易發,16,4,12,群益金鼎-東大,2024-03-29,9135
8054,安國,59,47,12,群益金鼎-東大,2024-03-29,9135
2421,建準,68,57,11,群益金鼎-東大,2024-03-29,9135
3363,上詮,11,0,11,群益金鼎-東大,2024-03-29,9135
6188,廣明,10,0,10,群益金鼎-東大,2024-03-29,9135
5201,凱衛,10,0,10,群益金鼎-東大,2024-03-29,9135
4931,新盛力,10,0,10,群益金鼎-東大,2024-03-29,9135
3305,昇貿,10,0,10,群益金鼎-東大,2024-03-29,9135
8070,長華*,10,0,10,群益金鼎-東大,2024-03-29,9135
8028,昇陽半導體,10,0,10,群益金鼎-東大,2024-03-29,9135
8033,雷虎,9,0,9,群益金鼎-東大,2024-03-29,9135
3294,英濟,20,11,9,群益金鼎-東大,2024-03-29,9135
9902,台火,10,1,9,群益金鼎-東大,2024-03-29,9135
4581,光隆精密-KY,9,0,9,群益金鼎-東大,2024-03-29,9135
2903,遠百,8,0,8,群益金鼎-東大,2024-03-29,9135
8107,大億金茂,8,0,8,群益金鼎-東大,2024-03-29,9135
00933B,國泰10Y+金融債,8,0,8,群益金鼎-東大,2024-03-29,9135
2009,第一銅,11,3,8,群益金鼎-東大,2024-03-29,9135
1582,信錦,12,4,8,群益金鼎-東大,2024-03-29,9135
3322,建舜電,8,0,8,群益金鼎-東大,2024-03-29,9135
4909,新復興,20,13,7,群益金鼎-東大,2024-03-29,9135
00763U,期街口道瓊銅,6,0,6,群益金鼎-東大,2024-03-29,9135
00740B,富邦全球投等債,923,0,923,群益金鼎-東大,2024-04-01,9135
00940,元大台灣價值高息,820,244,576,群益金鼎-東大,2024-04-01,9135
00706L,期元大S＆P日圓正2,151,0,151,群益金鼎-東大,2024-04-01,9135
00937B,群益ESG投等債20,141,28,113,群益金鼎-東大,2024-04-01,9135
8096,擎亞,78,20,58,群益金鼎-東大,2024-04-01,9135
2382,廣達,67,12,55,群益金鼎-東大,2024-04-01,9135
00939,統一台灣高息動能,49,0,49,群益金鼎-東大,2024-04-01,9135
00929,復華台灣科技優息,49,3,46,群益金鼎-東大,2024-04-01,9135
00673R,期元大S＆P原油反1,43,0,43,群益金鼎-東大,2024-04-01,9135
00878,國泰永續高股息,36,0,36,群益金鼎-東大,2024-04-01,9135
3056,富華新,36,1,35,群益金鼎-東大,2024-04-01,9135
00637L,元大滬深300正2,38,5,33,群益金鼎-東大,2024-04-01,9135
00753L,中信中國50正2,40,10,30,群益金鼎-東大,2024-04-01,9135
1786,科妍,29,0,29,群益金鼎-東大,2024-04-01,9135
3715,定穎投控,87,58,29,群益金鼎-東大,2024-04-01,9135
6016,康和證,50,23,27,群益金鼎-東大,2024-04-01,9135
6188,廣明,35,8,27,群益金鼎-東大,2024-04-01,9135
00941,中信上游半導體,35,8,27,群益金鼎-東大,2024-04-01,9135
2888,新光金,25,0,25,群益金鼎-東大,2024-04-01,9135
2611,志信,25,0,25,群益金鼎-東大,2024-04-01,9135
2891,中信金,36,11,25,群益金鼎-東大,2024-04-01,9135
1438,三地開發,25,0,25,群益金鼎-東大,2024-04-01,9135
8107,大億金茂,24,0,24,群益金鼎-東大,2024-04-01,9135
6462,神盾,40,16,24,群益金鼎-東大,2024-04-01,9135
00719B,元大美債1-3,22,0,22,群益金鼎-東大,2024-04-01,9135
3231,緯創,29,9,20,群益金鼎-東大,2024-04-01,9135
00632R,元大台灣50反1,20,0,20,群益金鼎-東大,2024-04-01,9135
5876,上海商銀,20,0,20,群益金鼎-東大,2024-04-01,9135
8150,南茂,20,0,20,群益金鼎-東大,2024-04-01,9135
8213,志超,20,0,20,群益金鼎-東大,2024-04-01,9135
00720B,元大投資級公司債,36,17,19,群益金鼎-東大,2024-04-01,9135
6217,中探針,20,2,18,群益金鼎-東大,2024-04-01,9135
2354,鴻準,18,1,17,群益金鼎-東大,2024-04-01,9135
3013,晟銘電,32,16,16,群益金鼎-東大,2024-04-01,9135
3264,欣銓,16,0,16,群益金鼎-東大,2024-04-01,9135
1815,富喬,53,37,16,群益金鼎-東大,2024-04-01,9135
4562,穎漢,27,12,15,群益金鼎-東大,2024-04-01,9135
2371,大同,21,6,15,群益金鼎-東大,2024-04-01,9135
4432,銘旺實,14,0,14,群益金鼎-東大,2024-04-01,9135
2301,光寶科,17,4,13,群益金鼎-東大,2024-04-01,9135
0056,元大高股息,19,6,13,群益金鼎-東大,2024-04-01,9135
9933,中鼎,13,0,13,群益金鼎-東大,2024-04-01,9135
00687B,國泰20年美債,13,0,13,群益金鼎-東大,2024-04-01,9135
2352,佳世達,14,2,12,群益金鼎-東大,2024-04-01,9135
6203,海韻電,12,0,12,群益金鼎-東大,2024-04-01,9135
2313,華通,17,6,11,群益金鼎-東大,2024-04-01,9135
3372,典範,11,0,11,群益金鼎-東大,2024-04-01,9135
006208,富邦台50,11,0,11,群益金鼎-東大,2024-04-01,9135
2344,華邦電,10,0,10,群益金鼎-東大,2024-04-01,9135
6241,易通展,10,0,10,群益金鼎-東大,2024-04-01,9135
00937B,群益ESG投等債20,468,77,391,群益金鼎-東大,2024-04-02,9135
4306,炎洲,217,3,214,群益金鼎-東大,2024-04-02,9135
00940,元大台灣價值高息,268,70,198,群益金鼎-東大,2024-04-02,9135
00929,復華台灣科技優息,181,7,174,群益金鼎-東大,2024-04-02,9135
00687B,國泰20年美債,141,2,139,群益金鼎-東大,2024-04-02,9135
6187,萬潤,142,17,125,群益金鼎-東大,2024-04-02,9135
00941,中信上游半導體,87,3,84,群益金鼎-東大,2024-04-02,9135
00679B,元大美債20年,72,1,71,群益金鼎-東大,2024-04-02,9135
00751B,元大AAA至A公司債,68,3,65,群益金鼎-東大,2024-04-02,9135
00725B,國泰投資級公司債,60,0,60,群益金鼎-東大,2024-04-02,9135
00706L,期元大S＆P日圓正2,58,0,58,群益金鼎-東大,2024-04-02,9135
00720B,元大投資級公司債,72,18,54,群益金鼎-東大,2024-04-02,9135
2515,中工,103,50,53,群益金鼎-東大,2024-04-02,9135
00637L,元大滬深300正2,36,0,36,群益金鼎-東大,2024-04-02,9135
00632R,元大台灣50反1,34,0,34,群益金鼎-東大,2024-04-02,9135
00933B,國泰10Y+金融債,43,12,31,群益金鼎-東大,2024-04-02,9135
2009,第一銅,47,18,29,群益金鼎-東大,2024-04-02,9135
2371,大同,33,5,28,群益金鼎-東大,2024-04-02,9135
6451,訊芯-KY,28,1,27,群益金鼎-東大,2024-04-02,9135
1717,長興,26,0,26,群益金鼎-東大,2024-04-02,9135
8064,東捷,28,3,25,群益金鼎-東大,2024-04-02,9135
2618,長榮航,25,0,25,群益金鼎-東大,2024-04-02,9135
00680L,元大美債20正2,29,4,25,群益金鼎-東大,2024-04-02,9135
00764B,群益25年美債,25,0,25,群益金鼎-東大,2024-04-02,9135
1515,力山,23,0,23,群益金鼎-東大,2024-04-02,9135
2367,燿華,33,10,23,群益金鼎-東大,2024-04-02,9135
2356,英業達,64,43,21,群益金鼎-東大,2024-04-02,9135
4909,新復興,69,49,20,群益金鼎-東大,2024-04-02,9135
0056,元大高股息,25,5,20,群益金鼎-東大,2024-04-02,9135
2358,廷鑫,20,0,20,群益金鼎-東大,2024-04-02,9135
00722B,群益投資級電信債,20,0,20,群益金鼎-東大,2024-04-02,9135
4960,誠美材,17,0,17,群益金鼎-東大,2024-04-02,9135
00931B,統一美債20年,17,0,17,群益金鼎-東大,2024-04-02,9135
00795B,中信美國公債20年,17,0,17,群益金鼎-東大,2024-04-02,9135
6179,亞通,23,8,15,群益金鼎-東大,2024-04-02,9135
3715,定穎投控,30,15,15,群益金鼎-東大,2024-04-02,9135
2530,華建,14,0,14,群益金鼎-東大,2024-04-02,9135
00719B,元大美債1-3,14,0,14,群益金鼎-東大,2024-04-02,9135
3010,華立,32,18,14,群益金鼎-東大,2024-04-02,9135
2344,華邦電,15,1,14,群益金鼎-東大,2024-04-02,9135
2374,佳能,23,10,13,群益金鼎-東大,2024-04-02,9135
4533,協易機,36,23,13,群益金鼎-東大,2024-04-02,9135
1217,愛之味,12,0,12,群益金鼎-東大,2024-04-02,9135
3548,兆利,21,9,12,群益金鼎-東大,2024-04-02,9135
2486,一詮,59,47,12,群益金鼎-東大,2024-04-02,9135
2537,聯上發,12,1,11,群益金鼎-東大,2024-04-02,9135
9933,中鼎,11,0,11,群益金鼎-東大,2024-04-02,9135
2323,中環,11,0,11,群益金鼎-東大,2024-04-02,9135
4432,銘旺實,11,0,11,群益金鼎-東大,2024-04-02,9135
8027,鈦昇,11,0,11,群益金鼎-東大,2024-04-02,9135
00937B,群益ESG投等債20,453,37,416,群益金鼎-東大,2024-04-03,9135
00940,元大台灣價值高息,257,25,232,群益金鼎-東大,2024-04-03,9135
00929,復華台灣科技優息,153,15,138,群益金鼎-東大,2024-04-03,9135
00720B,元大投資級公司債,136,3,133,群益金鼎-東大,2024-04-03,9135
00679B,元大美債20年,66,0,66,群益金鼎-東大,2024-04-03,9135
00751B,元大AAA至A公司債,59,0,59,群益金鼎-東大,2024-04-03,9135
00687B,國泰20年美債,56,0,56,群益金鼎-東大,2024-04-03,9135
2887,台新金,51,0,51,群益金鼎-東大,2024-04-03,9135
2883,凱基金,51,0,51,群益金鼎-東大,2024-04-03,9135
3481,群創,47,0,47,群益金鼎-東大,2024-04-03,9135
00725B,國泰投資級公司債,42,0,42,群益金鼎-東大,2024-04-03,9135
00671R,富邦NASDAQ反1,40,0,40,群益金鼎-東大,2024-04-03,9135
00764B,群益25年美債,40,0,40,群益金鼎-東大,2024-04-03,9135
2009,第一銅,35,1,34,群益金鼎-東大,2024-04-03,9135
6288,聯嘉,34,0,34,群益金鼎-東大,2024-04-03,9135
2303,聯電,32,0,32,群益金鼎-東大,2024-04-03,9135
3673,TPK-KY,44,14,30,群益金鼎-東大,2024-04-03,9135
0056,元大高股息,30,1,29,群益金鼎-東大,2024-04-03,9135
00662,富邦NASDAQ,27,0,27,群益金鼎-東大,2024-04-03,9135
00941,中信上游半導體,26,1,25,群益金鼎-東大,2024-04-03,9135
6189,豐藝,28,5,23,群益金鼎-東大,2024-04-03,9135
00637L,元大滬深300正2,22,0,22,群益金鼎-東大,2024-04-03,9135
1609,大亞,50,29,21,群益金鼎-東大,2024-04-03,9135
3594,磐儀,26,5,21,群益金鼎-東大,2024-04-03,9135
2881,富邦金,20,0,20,群益金鼎-東大,2024-04-03,9135
2344,華邦電,20,0,20,群益金鼎-東大,2024-04-03,9135
00881,國泰台灣5G+,20,0,20,群益金鼎-東大,2024-04-03,9135
00673R,期元大S＆P原油反1,20,0,20,群益金鼎-東大,2024-04-03,9135
1616,億泰,20,0,20,群益金鼎-東大,2024-04-03,9135
2006,東和鋼鐵,20,0,20,群益金鼎-東大,2024-04-03,9135
2486,一詮,118,102,16,群益金鼎-東大,2024-04-03,9135
6117,迎廣,16,1,15,群益金鼎-東大,2024-04-03,9135
1795,美時,31,18,13,群益金鼎-東大,2024-04-03,9135
00931B,統一美債20年,13,0,13,群益金鼎-東大,2024-04-03,9135
00680L,元大美債20正2,13,0,13,群益金鼎-東大,2024-04-03,9135
1524,耿鼎,19,6,13,群益金鼎-東大,2024-04-03,9135
6227,茂綸,18,5,13,群益金鼎-東大,2024-04-03,9135
2382,廣達,35,22,13,群益金鼎-東大,2024-04-03,9135
2317,鴻海,35,23,12,群益金鼎-東大,2024-04-03,9135
2888,新光金,12,0,12,群益金鼎-東大,2024-04-03,9135
00857B,永豐20年美公債,12,0,12,群益金鼎-東大,2024-04-03,9135
2611,志信,12,0,12,群益金鼎-東大,2024-04-03,9135
6443,元晶,26,14,12,群益金鼎-東大,2024-04-03,9135
2017,官田鋼,12,0,12,群益金鼎-東大,2024-04-03,9135
6005,群益證,13,1,12,群益金鼎-東大,2024-04-03,9135
6196,帆宣,13,1,12,群益金鼎-東大,2024-04-03,9135
2834,臺企銀,11,0,11,群益金鼎-東大,2024-04-03,9135
00935,野村臺灣新科技50,11,0,11,群益金鼎-東大,2024-04-03,9135
2371,大同,13,2,11,群益金鼎-東大,2024-04-03,9135
00936,台新永續高息中小,11,0,11,群益金鼎-東大,2024-04-03,9135
00937B,群益ESG投等債20,361,11,350,群益金鼎-東大,2024-04-08,9135
6015,宏遠證,145,0,145,群益金鼎-東大,2024-04-08,9135
00933B,國泰10Y+金融債,131,0,131,群益金鼎-東大,2024-04-08,9135
2382,廣達,147,25,122,群益金鼎-東大,2024-04-08,9135
00764B,群益25年美債,99,0,99,群益金鼎-東大,2024-04-08,9135
00687B,國泰20年美債,93,0,93,群益金鼎-東大,2024-04-08,9135
00679B,元大美債20年,94,1,93,群益金鼎-東大,2024-04-08,9135
5521,工信,116,41,75,群益金鼎-東大,2024-04-08,9135
00929,復華台灣科技優息,74,2,72,群益金鼎-東大,2024-04-08,9135
00720B,元大投資級公司債,64,0,64,群益金鼎-東大,2024-04-08,9135
8054,安國,55,4,51,群益金鼎-東大,2024-04-08,9135
00636,國泰中國A50,50,0,50,群益金鼎-東大,2024-04-08,9135
00919,群益台灣精選高息,51,2,49,群益金鼎-東大,2024-04-08,9135
00857B,永豐20年美公債,44,0,44,群益金鼎-東大,2024-04-08,9135
2883,凱基金,50,8,42,群益金鼎-東大,2024-04-08,9135
2365,昆盈,82,41,41,群益金鼎-東大,2024-04-08,9135
2383,台光電,45,9,36,群益金鼎-東大,2024-04-08,9135
2317,鴻海,80,44,36,群益金鼎-東大,2024-04-08,9135
00941,中信上游半導體,35,2,33,群益金鼎-東大,2024-04-08,9135
6016,康和證,25,0,25,群益金鼎-東大,2024-04-08,9135
00637L,元大滬深300正2,26,4,22,群益金鼎-東大,2024-04-08,9135
2038,海光,22,0,22,群益金鼎-東大,2024-04-08,9135
2450,神腦,22,0,22,群益金鼎-東大,2024-04-08,9135
6288,聯嘉,40,19,21,群益金鼎-東大,2024-04-08,9135
2618,長榮航,20,0,20,群益金鼎-東大,2024-04-08,9135
1304,台聚,20,0,20,群益金鼎-東大,2024-04-08,9135
1314,中石化,25,5,20,群益金鼎-東大,2024-04-08,9135
2359,所羅門,39,22,17,群益金鼎-東大,2024-04-08,9135
2374,佳能,50,33,17,群益金鼎-東大,2024-04-08,9135
2464,盟立,23,7,16,群益金鼎-東大,2024-04-08,9135
6257,矽格,16,0,16,群益金鼎-東大,2024-04-08,9135
1522,堤維西,20,5,15,群益金鼎-東大,2024-04-08,9135
4714,永捷,20,5,15,群益金鼎-東大,2024-04-08,9135
1618,合機,18,3,15,群益金鼎-東大,2024-04-08,9135
8107,大億金茂,14,0,14,群益金鼎-東大,2024-04-08,9135
8358,金居,20,6,14,群益金鼎-東大,2024-04-08,9135
3032,偉訓,23,9,14,群益金鼎-東大,2024-04-08,9135
4510,高鋒,16,2,14,群益金鼎-東大,2024-04-08,9135
6164,華興,13,0,13,群益金鼎-東大,2024-04-08,9135
1612,宏泰,44,31,13,群益金鼎-東大,2024-04-08,9135
00795B,中信美國公債20年,16,4,12,群益金鼎-東大,2024-04-08,9135
6616,特昇-KY,12,0,12,群益金鼎-東大,2024-04-08,9135
2886,兆豐金,11,0,11,群益金鼎-東大,2024-04-08,9135
8059,凱碩,11,0,11,群益金鼎-東大,2024-04-08,9135
8454,富邦媒,11,0,11,群益金鼎-東大,2024-04-08,9135
5234,達興材料,12,1,11,群益金鼎-東大,2024-04-08,9135
00722B,群益投資級電信債,11,0,11,群益金鼎-東大,2024-04-08,9135
3450,聯鈞,19,8,11,群益金鼎-東大,2024-04-08,9135
1513,中興電,17,7,10,群益金鼎-東大,2024-04-08,9135
2344,華邦電,10,0,10,群益金鼎-東大,2024-04-08,9135
00687B,國泰20年美債,358,16,342,群益金鼎-東大,2024-04-09,9135
00937B,群益ESG投等債20,161,9,152,群益金鼎-東大,2024-04-09,9135
00929,復華台灣科技優息,143,0,143,群益金鼎-東大,2024-04-09,9135
00933B,國泰10Y+金融債,142,0,142,群益金鼎-東大,2024-04-09,9135
00764B,群益25年美債,85,0,85,群益金鼎-東大,2024-04-09,9135
1609,大亞,372,311,61,群益金鼎-東大,2024-04-09,9135
00940,元大台灣價值高息,59,0,59,群益金鼎-東大,2024-04-09,9135
00679B,元大美債20年,66,7,59,群益金鼎-東大,2024-04-09,9135
6742,澤米,51,0,51,群益金鼎-東大,2024-04-09,9135
00632R,元大台灣50反1,51,0,51,群益金鼎-東大,2024-04-09,9135
3231,緯創,145,94,51,群益金鼎-東大,2024-04-09,9135
6015,宏遠證,70,24,46,群益金鼎-東大,2024-04-09,9135
00664R,國泰臺灣加權反1,45,0,45,群益金鼎-東大,2024-04-09,9135
00720B,元大投資級公司債,36,0,36,群益金鼎-東大,2024-04-09,9135
6213,聯茂,52,17,35,群益金鼎-東大,2024-04-09,9135
3481,群創,60,28,32,群益金鼎-東大,2024-04-09,9135
2630,亞航,32,2,30,群益金鼎-東大,2024-04-09,9135
2369,菱生,30,1,29,群益金鼎-東大,2024-04-09,9135
6578,達邦蛋白,29,4,25,群益金鼎-東大,2024-04-09,9135
2888,新光金,54,30,24,群益金鼎-東大,2024-04-09,9135
2344,華邦電,26,4,22,群益金鼎-東大,2024-04-09,9135
3013,晟銘電,35,14,21,群益金鼎-東大,2024-04-09,9135
1532,勤美,21,0,21,群益金鼎-東大,2024-04-09,9135
00673R,期元大S＆P原油反1,20,0,20,群益金鼎-東大,2024-04-09,9135
2605,新興,20,0,20,群益金鼎-東大,2024-04-09,9135
2359,所羅門,21,2,19,群益金鼎-東大,2024-04-09,9135
6274,台燿,45,26,19,群益金鼎-東大,2024-04-09,9135
6207,雷科,35,17,18,群益金鼎-東大,2024-04-09,9135
6753,龍德造船,18,0,18,群益金鼎-東大,2024-04-09,9135
2374,佳能,33,17,16,群益金鼎-東大,2024-04-09,9135
8222,寶一,21,6,15,群益金鼎-東大,2024-04-09,9135
3548,兆利,20,5,15,群益金鼎-東大,2024-04-09,9135
2881A,富邦特,15,0,15,群益金鼎-東大,2024-04-09,9135
6806,森崴能源,15,1,14,群益金鼎-東大,2024-04-09,9135
1316,上曜,20,6,14,群益金鼎-東大,2024-04-09,9135
2537,聯上發,14,1,13,群益金鼎-東大,2024-04-09,9135
3663,鑫科,13,0,13,群益金鼎-東大,2024-04-09,9135
3234,光環,19,6,13,群益金鼎-東大,2024-04-09,9135
00751B,元大AAA至A公司債,23,10,13,群益金鼎-東大,2024-04-09,9135
5515,建國,15,2,13,群益金鼎-東大,2024-04-09,9135
0056,元大高股息,13,1,12,群益金鼎-東大,2024-04-09,9135
2609,陽明,16,4,12,群益金鼎-東大,2024-04-09,9135
00936,台新永續高息中小,12,0,12,群益金鼎-東大,2024-04-09,9135
2354,鴻準,16,4,12,群益金鼎-東大,2024-04-09,9135
00878,國泰永續高股息,11,0,11,群益金鼎-東大,2024-04-09,9135
6227,茂綸,18,7,11,群益金鼎-東大,2024-04-09,9135
00637L,元大滬深300正2,30,19,11,群益金鼎-東大,2024-04-09,9135
5388,中磊,12,1,11,群益金鼎-東大,2024-04-09,9135
006208,富邦台50,10,0,10,群益金鼎-東大,2024-04-09,9135
00680L,元大美債20正2,10,0,10,群益金鼎-東大,2024-04-09,9135
2363,矽統,966,284,682,群益金鼎-東大,2024-04-10,9135
2867,三商壽,364,5,359,群益金鼎-東大,2024-04-10,9135
00940,元大台灣價值高息,160,15,145,群益金鼎-東大,2024-04-10,9135
00933B,國泰10Y+金融債,149,13,136,群益金鼎-東大,2024-04-10,9135
00937B,群益ESG投等債20,109,12,97,群益金鼎-東大,2024-04-10,9135
00720B,元大投資級公司債,69,0,69,群益金鼎-東大,2024-04-10,9135
1609,大亞,164,103,61,群益金鼎-東大,2024-04-10,9135
3576,聯合再生,88,29,59,群益金鼎-東大,2024-04-10,9135
6213,聯茂,250,202,48,群益金鼎-東大,2024-04-10,9135
2634,漢翔,82,39,43,群益金鼎-東大,2024-04-10,9135
00877,復華中國5G,40,0,40,群益金鼎-東大,2024-04-10,9135
8028,昇陽半導體,40,2,38,群益金鼎-東大,2024-04-10,9135
1786,科妍,56,26,30,群益金鼎-東大,2024-04-10,9135
3059,華晶科,40,10,30,群益金鼎-東大,2024-04-10,9135
5864,致和證,27,0,27,群益金鼎-東大,2024-04-10,9135
6668,中揚光,26,1,25,群益金鼎-東大,2024-04-10,9135
8271,宇瞻,25,0,25,群益金鼎-東大,2024-04-10,9135
2382,廣達,32,8,24,群益金鼎-東大,2024-04-10,9135
6411,晶焱,23,0,23,群益金鼎-東大,2024-04-10,9135
6015,宏遠證,36,13,23,群益金鼎-東大,2024-04-10,9135
3231,緯創,42,19,23,群益金鼎-東大,2024-04-10,9135
00753L,中信中國50正2,32,10,22,群益金鼎-東大,2024-04-10,9135
2464,盟立,91,69,22,群益金鼎-東大,2024-04-10,9135
00857B,永豐20年美公債,21,0,21,群益金鼎-東大,2024-04-10,9135
6217,中探針,21,0,21,群益金鼎-東大,2024-04-10,9135
2308,台達電,20,1,19,群益金鼎-東大,2024-04-10,9135
6215,和椿,44,25,19,群益金鼎-東大,2024-04-10,9135
6016,康和證,21,4,17,群益金鼎-東大,2024-04-10,9135
5009,榮剛,23,7,16,群益金鼎-東大,2024-04-10,9135
00919,群益台灣精選高息,20,5,15,群益金鼎-東大,2024-04-10,9135
8454,富邦媒,15,0,15,群益金鼎-東大,2024-04-10,9135
2208,台船,17,2,15,群益金鼎-東大,2024-04-10,9135
3715,定穎投控,29,14,15,群益金鼎-東大,2024-04-10,9135
6177,達麗,15,0,15,群益金鼎-東大,2024-04-10,9135
8096,擎亞,85,70,15,群益金鼎-東大,2024-04-10,9135
2515,中工,17,3,14,群益金鼎-東大,2024-04-10,9135
6603,富強鑫,14,0,14,群益金鼎-東大,2024-04-10,9135
00687B,國泰20年美債,29,15,14,群益金鼎-東大,2024-04-10,9135
00679B,元大美債20年,19,6,13,群益金鼎-東大,2024-04-10,9135
8936,國統,19,6,13,群益金鼎-東大,2024-04-10,9135
3105,穩懋,13,0,13,群益金鼎-東大,2024-04-10,9135
2317,鴻海,45,32,13,群益金鼎-東大,2024-04-10,9135
3230,錦明,12,0,12,群益金鼎-東大,2024-04-10,9135
3006,晶豪科,20,8,12,群益金鼎-東大,2024-04-10,9135
6212,理銘,15,4,11,群益金鼎-東大,2024-04-10,9135
2603,長榮,11,0,11,群益金鼎-東大,2024-04-10,9135
2002,中鋼,18,7,11,群益金鼎-東大,2024-04-10,9135
2520,冠德,25,15,10,群益金鼎-東大,2024-04-10,9135
2484,希華,10,0,10,群益金鼎-東大,2024-04-10,9135
2104,國際中橡,10,0,10,群益金鼎-東大,2024-04-10,9135
00933B,國泰10Y+金融債,499,7,492,群益金鼎-東大,2024-04-11,9135
8028,昇陽半導體,239,0,239,群益金鼎-東大,2024-04-11,9135
00795B,中信美國公債20年,244,11,233,群益金鼎-東大,2024-04-11,9135
00687B,國泰20年美債,181,7,174,群益金鼎-東大,2024-04-11,9135
2353,宏��,308,150,158,群益金鼎-東大,2024-04-11,9135
00937B,群益ESG投等債20,276,119,157,群益金鼎-東大,2024-04-11,9135
00679B,元大美債20年,121,0,121,群益金鼎-東大,2024-04-11,9135
00919,群益台灣精選高息,139,23,116,群益金鼎-東大,2024-04-11,9135
00929,復華台灣科技優息,118,18,100,群益金鼎-東大,2024-04-11,9135
5864,致和證,75,0,75,群益金鼎-東大,2024-04-11,9135
00764B,群益25年美債,72,0,72,群益金鼎-東大,2024-04-11,9135
00751B,元大AAA至A公司債,69,0,69,群益金鼎-東大,2024-04-11,9135
00680L,元大美債20正2,63,1,62,群益金鼎-東大,2024-04-11,9135
00720B,元大投資級公司債,58,0,58,群益金鼎-東大,2024-04-11,9135
00725B,國泰投資級公司債,51,0,51,群益金鼎-東大,2024-04-11,9135
1312,國喬,50,0,50,群益金鼎-東大,2024-04-11,9135
3036,文曄,76,26,50,群益金鼎-東大,2024-04-11,9135
00712,復華富時不動產,32,0,32,群益金鼎-東大,2024-04-11,9135
3481,群創,32,0,32,群益金鼎-東大,2024-04-11,9135
00857B,永豐20年美公債,32,0,32,群益金鼎-東大,2024-04-11,9135
6117,迎廣,66,34,32,群益金鼎-東大,2024-04-11,9135
2317,鴻海,73,46,27,群益金鼎-東大,2024-04-11,9135
3231,緯創,113,86,27,群益金鼎-東大,2024-04-11,9135
6215,和椿,25,0,25,群益金鼎-東大,2024-04-11,9135
8059,凱碩,29,4,25,群益金鼎-東大,2024-04-11,9135
00673R,期元大S＆P原油反1,21,0,21,群益金鼎-東大,2024-04-11,9135
4714,永捷,23,2,21,群益金鼎-東大,2024-04-11,9135
3013,晟銘電,48,28,20,群益金鼎-東大,2024-04-11,9135
00940,元大台灣價值高息,43,23,20,群益金鼎-東大,2024-04-11,9135
3339,泰谷,20,1,19,群益金鼎-東大,2024-04-11,9135
3380,明泰,21,2,19,群益金鼎-東大,2024-04-11,9135
5371,中光電,31,13,18,群益金鼎-東大,2024-04-11,9135
2409,友達,26,9,17,群益金鼎-東大,2024-04-11,9135
1109,信大,16,0,16,群益金鼎-東大,2024-04-11,9135
3230,錦明,14,0,14,群益金鼎-東大,2024-04-11,9135
5512,力麒,15,1,14,群益金鼎-東大,2024-04-11,9135
1616,億泰,15,1,14,群益金鼎-東大,2024-04-11,9135
6411,晶焱,14,0,14,群益金鼎-東大,2024-04-11,9135
6757,台灣虎航,14,0,14,群益金鼎-東大,2024-04-11,9135
1808,潤隆,14,0,14,群益金鼎-東大,2024-04-11,9135
3260,威剛,29,16,13,群益金鼎-東大,2024-04-11,9135
4306,炎洲,17,4,13,群益金鼎-東大,2024-04-11,9135
2882,國泰金,13,0,13,群益金鼎-東大,2024-04-11,9135
2634,漢翔,25,12,13,群益金鼎-東大,2024-04-11,9135
2506,太設,12,0,12,群益金鼎-東大,2024-04-11,9135
6112,邁達特,12,0,12,群益金鼎-東大,2024-04-11,9135
00772B,中信高評級公司債,11,0,11,群益金鼎-東大,2024-04-11,9135
2393,億光,11,0,11,群益金鼎-東大,2024-04-11,9135
00939,統一台灣高息動能,25,14,11,群益金鼎-東大,2024-04-11,9135
2722,夏都,19,9,10,群益金鼎-東大,2024-04-11,9135
8028,昇陽半導體,340,1,339,群益金鼎-東大,2024-04-12,9135
00933B,國泰10Y+金融債,277,1,276,群益金鼎-東大,2024-04-12,9135
00937B,群益ESG投等債20,209,0,209,群益金鼎-東大,2024-04-12,9135
00795B,中信美國公債20年,124,2,122,群益金鼎-東大,2024-04-12,9135
1514,亞力,153,64,89,群益金鼎-東大,2024-04-12,9135
2888,新光金,75,0,75,群益金鼎-東大,2024-04-12,9135
6213,聯茂,94,22,72,群益金鼎-東大,2024-04-12,9135
00940,元大台灣價值高息,90,23,67,群益金鼎-東大,2024-04-12,9135
2882,國泰金,62,0,62,群益金鼎-東大,2024-04-12,9135
5864,致和證,83,22,61,群益金鼎-東大,2024-04-12,9135
00929,復華台灣科技優息,110,50,60,群益金鼎-東大,2024-04-12,9135
5351,鈺創,63,15,48,群益金鼎-東大,2024-04-12,9135
4306,炎洲,47,0,47,群益金鼎-東大,2024-04-12,9135
00679B,元大美債20年,55,8,47,群益金鼎-東大,2024-04-12,9135
9955,佳龍,47,3,44,群益金鼎-東大,2024-04-12,9135
2867,三商壽,45,3,42,群益金鼎-東大,2024-04-12,9135
6120,達運,32,0,32,群益金鼎-東大,2024-04-12,9135
00720B,元大投資級公司債,39,10,29,群益金鼎-東大,2024-04-12,9135
8936,國統,27,2,25,群益金鼎-東大,2024-04-12,9135
00751B,元大AAA至A公司債,25,0,25,群益金鼎-東大,2024-04-12,9135
00931B,統一美債20年,24,0,24,群益金鼎-東大,2024-04-12,9135
00725B,國泰投資級公司債,23,0,23,群益金鼎-東大,2024-04-12,9135
2382,廣達,26,4,22,群益金鼎-東大,2024-04-12,9135
2884,玉山金,20,0,20,群益金鼎-東大,2024-04-12,9135
1102,亞泥,20,0,20,群益金鼎-東大,2024-04-12,9135
3024,憶聲,21,1,20,群益金鼎-東大,2024-04-12,9135
2889,國票金,20,0,20,群益金鼎-東大,2024-04-12,9135
1513,中興電,115,96,19,群益金鼎-東大,2024-04-12,9135
00680L,元大美債20正2,19,0,19,群益金鼎-東大,2024-04-12,9135
3450,聯鈞,20,1,19,群益金鼎-東大,2024-04-12,9135
2834,臺企銀,18,0,18,群益金鼎-東大,2024-04-12,9135
3294,英濟,26,8,18,群益金鼎-東大,2024-04-12,9135
2537,聯上發,29,11,18,群益金鼎-東大,2024-04-12,9135
00706L,期元大S＆P日圓正2,17,0,17,群益金鼎-東大,2024-04-12,9135
2887,台新金,16,0,16,群益金鼎-東大,2024-04-12,9135
6290,良維,29,13,16,群益金鼎-東大,2024-04-12,9135
5512,力麒,50,35,15,群益金鼎-東大,2024-04-12,9135
2392,正崴,15,0,15,群益金鼎-東大,2024-04-12,9135
2886,兆豐金,13,0,13,群益金鼎-東大,2024-04-12,9135
4113,聯上,15,2,13,群益金鼎-東大,2024-04-12,9135
00772B,中信高評級公司債,13,0,13,群益金鼎-東大,2024-04-12,9135
2409,友達,19,6,13,群益金鼎-東大,2024-04-12,9135
6443,元晶,20,7,13,群益金鼎-東大,2024-04-12,9135
00687B,國泰20年美債,185,172,13,群益金鼎-東大,2024-04-12,9135
3312,弘憶股,47,34,13,群益金鼎-東大,2024-04-12,9135
5392,能率,66,54,12,群益金鼎-東大,2024-04-12,9135
4155,訊映,12,0,12,群益金鼎-東大,2024-04-12,9135
1504,東元,40,28,12,群益金鼎-東大,2024-04-12,9135
4526,東台,69,58,11,群益金鼎-東大,2024-04-12,9135
6757,台灣虎航,11,0,11,群益金鼎-東大,2024-04-12,9135
00706L,期元大S＆P日圓正2,325,0,325,群益金鼎-東大,2024-04-15,9135
00933B,國泰10Y+金融債,271,50,221,群益金鼎-東大,2024-04-15,9135
2867,三商壽,214,29,185,群益金鼎-東大,2024-04-15,9135
00937B,群益ESG投等債20,147,0,147,群益金鼎-東大,2024-04-15,9135
00929,復華台灣科技優息,212,107,105,群益金鼎-東大,2024-04-15,9135
1314,中石化,100,22,78,群益金鼎-東大,2024-04-15,9135
00940,元大台灣價值高息,83,25,58,群益金鼎-東大,2024-04-15,9135
00878,國泰永續高股息,53,2,51,群益金鼎-東大,2024-04-15,9135
8404,百和興業-KY,50,0,50,群益金鼎-東大,2024-04-15,9135
00720B,元大投資級公司債,50,0,50,群益金鼎-東大,2024-04-15,9135
2371,大同,121,75,46,群益金鼎-東大,2024-04-15,9135
2363,矽統,45,8,37,群益金鼎-東大,2024-04-15,9135
4533,協易機,109,75,34,群益金鼎-東大,2024-04-15,9135
2313,華通,34,0,34,群益金鼎-東大,2024-04-15,9135
8028,昇陽半導體,32,0,32,群益金鼎-東大,2024-04-15,9135
2002,中鋼,29,0,29,群益金鼎-東大,2024-04-15,9135
1786,科妍,30,1,29,群益金鼎-東大,2024-04-15,9135
00665L,富邦�琤肭磪囓�2,35,7,28,群益金鼎-東大,2024-04-15,9135
8349,�矬�,26,0,26,群益金鼎-東大,2024-04-15,9135
3260,威剛,30,6,24,群益金鼎-東大,2024-04-15,9135
2845,遠東銀,24,0,24,群益金鼎-東大,2024-04-15,9135
00927,群益半導體收益,24,1,23,群益金鼎-東大,2024-04-15,9135
2886,兆豐金,22,0,22,群益金鼎-東大,2024-04-15,9135
00888,永豐台灣ESG,21,0,21,群益金鼎-東大,2024-04-15,9135
00680L,元大美債20正2,20,0,20,群益金鼎-東大,2024-04-15,9135
3481,群創,20,0,20,群益金鼎-東大,2024-04-15,9135
0056,元大高股息,25,5,20,群益金鼎-東大,2024-04-15,9135
2022,聚亨,27,7,20,群益金鼎-東大,2024-04-15,9135
2303,聯電,25,5,20,群益金鼎-東大,2024-04-15,9135
00671R,富邦NASDAQ反1,20,0,20,群益金鼎-東大,2024-04-15,9135
2890,永豐金,23,5,18,群益金鼎-東大,2024-04-15,9135
8070,長華*,19,1,18,群益金鼎-東大,2024-04-15,9135
00941,中信上游半導體,25,8,17,群益金鼎-東大,2024-04-15,9135
00882,中信中國高股息,17,0,17,群益金鼎-東大,2024-04-15,9135
2367,燿華,38,21,17,群益金鼎-東大,2024-04-15,9135
00881,國泰台灣5G+,22,5,17,群益金鼎-東大,2024-04-15,9135
00650L,復華香港正2,17,0,17,群益金鼎-東大,2024-04-15,9135
2330,台積電,28,12,16,群益金鼎-東大,2024-04-15,9135
1513,中興電,81,65,16,群益金鼎-東大,2024-04-15,9135
5388,中磊,15,0,15,群益金鼎-東大,2024-04-15,9135
3006,晶豪科,15,0,15,群益金鼎-東大,2024-04-15,9135
00688L,國泰20年美債正2,15,0,15,群益金鼎-東大,2024-04-15,9135
6603,富強鑫,15,0,15,群益金鼎-東大,2024-04-15,9135
00751B,元大AAA至A公司債,14,0,14,群益金鼎-東大,2024-04-15,9135
1612,宏泰,25,11,14,群益金鼎-東大,2024-04-15,9135
8358,金居,24,10,14,群益金鼎-東大,2024-04-15,9135
1587,吉茂,18,4,14,群益金鼎-東大,2024-04-15,9135
2645,長榮航太,31,18,13,群益金鼎-東大,2024-04-15,9135
4977,眾達-KY,13,0,13,群益金鼎-東大,2024-04-15,9135
00939,統一台灣高息動能,12,0,12,群益金鼎-東大,2024-04-15,9135
00937B,群益ESG投等債20,908,5,903,群益金鼎-東大,2024-04-16,9135
00929,復華台灣科技優息,402,188,214,群益金鼎-東大,2024-04-16,9135
00940,元大台灣價值高息,424,213,211,群益金鼎-東大,2024-04-16,9135
8028,昇陽半導體,105,0,105,群益金鼎-東大,2024-04-16,9135
00919,群益台灣精選高息,308,206,102,群益金鼎-東大,2024-04-16,9135
00687B,國泰20年美債,88,0,88,群益金鼎-東大,2024-04-16,9135
00941,中信上游半導體,92,8,84,群益金鼎-東大,2024-04-16,9135
00720B,元大投資級公司債,81,2,79,群益金鼎-東大,2024-04-16,9135
00878,國泰永續高股息,157,82,75,群益金鼎-東大,2024-04-16,9135
00680L,元大美債20正2,87,16,71,群益金鼎-東大,2024-04-16,9135
2887,台新金,65,0,65,群益金鼎-東大,2024-04-16,9135
2897A,王道銀甲特,60,0,60,群益金鼎-東大,2024-04-16,9135
5512,力麒,65,6,59,群益金鼎-東大,2024-04-16,9135
2888,新光金,56,0,56,群益金鼎-東大,2024-04-16,9135
00931B,統一美債20年,51,0,51,群益金鼎-東大,2024-04-16,9135
00933B,國泰10Y+金融債,52,1,51,群益金鼎-東大,2024-04-16,9135
2534,宏盛,46,0,46,群益金鼎-東大,2024-04-16,9135
2516,新建,45,0,45,群益金鼎-東大,2024-04-16,9135
00751B,元大AAA至A公司債,44,2,42,群益金鼎-東大,2024-04-16,9135
00688L,國泰20年美債正2,81,40,41,群益金鼎-東大,2024-04-16,9135
2884,玉山金,38,0,38,群益金鼎-東大,2024-04-16,9135
0056,元大高股息,91,55,36,群益金鼎-東大,2024-04-16,9135
2812,台中銀,41,5,36,群益金鼎-東大,2024-04-16,9135
00764B,群益25年美債,34,0,34,群益金鼎-東大,2024-04-16,9135
3231,緯創,100,70,30,群益金鼎-東大,2024-04-16,9135
2303,聯電,36,6,30,群益金鼎-東大,2024-04-16,9135
00712,復華富時不動產,33,3,30,群益金鼎-東大,2024-04-16,9135
2834,臺企銀,29,0,29,群益金鼎-東大,2024-04-16,9135
1786,科妍,29,1,28,群益金鼎-東大,2024-04-16,9135
2634,漢翔,58,31,27,群益金鼎-東大,2024-04-16,9135
2883,凱基金,28,1,27,群益金鼎-東大,2024-04-16,9135
2609,陽明,33,7,26,群益金鼎-東大,2024-04-16,9135
2317,鴻海,60,35,25,群益金鼎-東大,2024-04-16,9135
2330,台積電,41,16,25,群益金鼎-東大,2024-04-16,9135
9906,欣巴巴,37,12,25,群益金鼎-東大,2024-04-16,9135
2363,矽統,43,18,25,群益金鼎-東大,2024-04-16,9135
6283,淳安,39,17,22,群益金鼎-東大,2024-04-16,9135
5371,中光電,46,25,21,群益金鼎-東大,2024-04-16,9135
1101,台泥,22,2,20,群益金鼎-東大,2024-04-16,9135
1605,華新,24,4,20,群益金鼎-東大,2024-04-16,9135
5206,坤悅,19,0,19,群益金鼎-東大,2024-04-16,9135
1587,吉茂,21,3,18,群益金鼎-東大,2024-04-16,9135
2367,燿華,23,6,17,群益金鼎-東大,2024-04-16,9135
2610,華航,31,14,17,群益金鼎-東大,2024-04-16,9135
6770,力積電,19,2,17,群益金鼎-東大,2024-04-16,9135
2618,長榮航,18,2,16,群益金鼎-東大,2024-04-16,9135
00888,永豐台灣ESG,16,0,16,群益金鼎-東大,2024-04-16,9135
00692,富邦公司治理,17,2,15,群益金鼎-東大,2024-04-16,9135
2301,光寶科,21,6,15,群益金鼎-東大,2024-04-16,9135
00877,復華中國5G,15,0,15,群益金鼎-東大,2024-04-16,9135
00937B,群益ESG投等債20,568,19,549,群益金鼎-東大,2024-04-17,9135
00632R,元大台灣50反1,262,0,262,群益金鼎-東大,2024-04-17,9135
00720B,元大投資級公司債,214,0,214,群益金鼎-東大,2024-04-17,9135
5864,致和證,92,0,92,群益金鼎-東大,2024-04-17,9135
00929,復華台灣科技優息,140,54,86,群益金鼎-東大,2024-04-17,9135
6156,松上,75,7,68,群益金鼎-東大,2024-04-17,9135
0056,元大高股息,54,0,54,群益金鼎-東大,2024-04-17,9135
00933B,國泰10Y+金融債,52,0,52,群益金鼎-東大,2024-04-17,9135
2371,大同,107,64,43,群益金鼎-東大,2024-04-17,9135
2009,第一銅,79,36,43,群益金鼎-東大,2024-04-17,9135
00712,復華富時不動產,43,0,43,群益金鼎-東大,2024-04-17,9135
00931B,統一美債20年,38,0,38,群益金鼎-東大,2024-04-17,9135
6462,神盾,56,19,37,群益金鼎-東大,2024-04-17,9135
00941,中信上游半導體,35,0,35,群益金鼎-東大,2024-04-17,9135
8028,昇陽半導體,36,1,35,群益金鼎-東大,2024-04-17,9135
2303,聯電,37,3,34,群益金鼎-東大,2024-04-17,9135
00725B,國泰投資級公司債,33,0,33,群益金鼎-東大,2024-04-17,9135
1609,大亞,74,42,32,群益金鼎-東大,2024-04-17,9135
2330,台積電,39,7,32,群益金鼎-東大,2024-04-17,9135
00756B,群益投等新興公債,30,0,30,群益金鼎-東大,2024-04-17,9135
9904,寶成,30,0,30,群益金鼎-東大,2024-04-17,9135
2101,南港,47,18,29,群益金鼎-東大,2024-04-17,9135
00680L,元大美債20正2,29,0,29,群益金鼎-東大,2024-04-17,9135
00857B,永豐20年美公債,28,0,28,群益金鼎-東大,2024-04-17,9135
6770,力積電,36,8,28,群益金鼎-東大,2024-04-17,9135
00687B,國泰20年美債,36,10,26,群益金鼎-東大,2024-04-17,9135
00679B,元大美債20年,35,10,25,群益金鼎-東大,2024-04-17,9135
00764B,群益25年美債,22,0,22,群益金鼎-東大,2024-04-17,9135
2704,國賓,20,0,20,群益金鼎-東大,2024-04-17,9135
4414,如興,20,0,20,群益金鼎-東大,2024-04-17,9135
2027,大成鋼,20,0,20,群益金鼎-東大,2024-04-17,9135
1447,力鵬,20,0,20,群益金鼎-東大,2024-04-17,9135
00772B,中信高評級公司債,23,6,17,群益金鼎-東大,2024-04-17,9135
2393,億光,17,0,17,群益金鼎-東大,2024-04-17,9135
2354,鴻準,25,8,17,群益金鼎-東大,2024-04-17,9135
2867,三商壽,25,9,16,群益金鼎-東大,2024-04-17,9135
2838,聯邦銀,16,0,16,群益金鼎-東大,2024-04-17,9135
2408,南亞科,17,1,16,群益金鼎-東大,2024-04-17,9135
2501,國建,25,9,16,群益金鼎-東大,2024-04-17,9135
2504,國產,35,20,15,群益金鼎-東大,2024-04-17,9135
00919,群益台灣精選高息,35,20,15,群益金鼎-東大,2024-04-17,9135
00935,野村臺灣新科技50,15,0,15,群益金鼎-東大,2024-04-17,9135
2611,志信,14,0,14,群益金鼎-東大,2024-04-17,9135
00740B,富邦全球投等債,557,544,13,群益金鼎-東大,2024-04-17,9135
00665L,富邦�琤肭磪囓�2,13,0,13,群益金鼎-東大,2024-04-17,9135
00722B,群益投資級電信債,12,0,12,群益金鼎-東大,2024-04-17,9135
2892,第一金,12,0,12,群益金鼎-東大,2024-04-17,9135
6176,瑞儀,13,1,12,群益金鼎-東大,2024-04-17,9135
1810,和成,29,17,12,群益金鼎-東大,2024-04-17,9135
1605,華新,48,37,11,群益金鼎-東大,2024-04-17,9135
00937B,群益ESG投等債20,376,3,373,群益金鼎-東大,2024-04-18,9135
00933B,國泰10Y+金融債,369,2,367,群益金鼎-東大,2024-04-18,9135
00687B,國泰20年美債,202,0,202,群益金鼎-東大,2024-04-18,9135
00919,群益台灣精選高息,83,10,73,群益金鼎-東大,2024-04-18,9135
00929,復華台灣科技優息,80,10,70,群益金鼎-東大,2024-04-18,9135
5864,致和證,67,0,67,群益金鼎-東大,2024-04-18,9135
5531,鄉林,66,0,66,群益金鼎-東大,2024-04-18,9135
2515,中工,117,52,65,群益金鼎-東大,2024-04-18,9135
1532,勤美,61,0,61,群益金鼎-東大,2024-04-18,9135
9105,泰金寶-DR,53,0,53,群益金鼎-東大,2024-04-18,9135
9933,中鼎,52,2,50,群益金鼎-東大,2024-04-18,9135
2061,風青,42,0,42,群益金鼎-東大,2024-04-18,9135
6442,光聖,39,0,39,群益金鼎-東大,2024-04-18,9135
00941,中信上游半導體,38,0,38,群益金鼎-東大,2024-04-18,9135
2520,冠德,46,11,35,群益金鼎-東大,2024-04-18,9135
1587,吉茂,52,18,34,群益金鼎-東大,2024-04-18,9135
2317,鴻海,52,21,31,群益金鼎-東大,2024-04-18,9135
2801,彰銀,30,0,30,群益金鼎-東大,2024-04-18,9135
2009,第一銅,35,10,25,群益金鼎-東大,2024-04-18,9135
00632R,元大台灣50反1,23,0,23,群益金鼎-東大,2024-04-18,9135
00720B,元大投資級公司債,23,0,23,群益金鼎-東大,2024-04-18,9135
3707,漢磊,38,16,22,群益金鼎-東大,2024-04-18,9135
8054,安國,109,88,21,群益金鼎-東大,2024-04-18,9135
2457,飛宏,25,4,21,群益金鼎-東大,2024-04-18,9135
3024,憶聲,20,0,20,群益金鼎-東大,2024-04-18,9135
3013,晟銘電,59,40,19,群益金鼎-東大,2024-04-18,9135
6264,富裔,20,1,19,群益金鼎-東大,2024-04-18,9135
1808,潤隆,19,1,18,群益金鼎-東大,2024-04-18,9135
00712,復華富時不動產,15,0,15,群益金鼎-東大,2024-04-18,9135
3583,辛耘,28,13,15,群益金鼎-東大,2024-04-18,9135
1513,中興電,41,26,15,群益金鼎-東大,2024-04-18,9135
6414,樺漢,16,1,15,群益金鼎-東大,2024-04-18,9135
1504,東元,56,42,14,群益金鼎-東大,2024-04-18,9135
1605,華新,61,47,14,群益金鼎-東大,2024-04-18,9135
00878,國泰永續高股息,13,0,13,群益金鼎-東大,2024-04-18,9135
3052,夆典,14,1,13,群益金鼎-東大,2024-04-18,9135
0056,元大高股息,12,0,12,群益金鼎-東大,2024-04-18,9135
00679B,元大美債20年,18,6,12,群益金鼎-東大,2024-04-18,9135
2344,華邦電,13,1,12,群益金鼎-東大,2024-04-18,9135
2367,燿華,26,14,12,群益金鼎-東大,2024-04-18,9135
2354,鴻準,12,0,12,群益金鼎-東大,2024-04-18,9135
2382,廣達,13,2,11,群益金鼎-東大,2024-04-18,9135
2014,中鴻,31,20,11,群益金鼎-東大,2024-04-18,9135
5519,隆大,13,2,11,群益金鼎-東大,2024-04-18,9135
00885,富邦越南,11,0,11,群益金鼎-東大,2024-04-18,9135
3016,嘉晶,13,2,11,群益金鼎-東大,2024-04-18,9135
8210,勤誠,12,1,11,群益金鼎-東大,2024-04-18,9135
5521,工信,16,5,11,群益金鼎-東大,2024-04-18,9135
2506,太設,10,0,10,群益金鼎-東大,2024-04-18,9135
3714,富采,10,0,10,群益金鼎-東大,2024-04-18,9135
00929,復華台灣科技優息,494,148,346,群益金鼎-東大,2024-04-19,9135
00937B,群益ESG投等債20,308,41,267,群益金鼎-東大,2024-04-19,9135
2618,長榮航,193,2,191,群益金鼎-東大,2024-04-19,9135
00679B,元大美債20年,180,17,163,群益金鼎-東大,2024-04-19,9135
0056,元大高股息,108,4,104,群益金鼎-東大,2024-04-19,9135
2897A,王道銀甲特,100,0,100,群益金鼎-東大,2024-04-19,9135
5521,工信,161,63,98,群益金鼎-東大,2024-04-19,9135
00941,中信上游半導體,119,32,87,群益金鼎-東大,2024-04-19,9135
00919,群益台灣精選高息,143,72,71,群益金鼎-東大,2024-04-19,9135
00688L,國泰20年美債正2,130,60,70,群益金鼎-東大,2024-04-19,9135
2392,正崴,68,0,68,群益金鼎-東大,2024-04-19,9135
2303,聯電,77,13,64,群益金鼎-東大,2024-04-19,9135
00680L,元大美債20正2,113,59,54,群益金鼎-東大,2024-04-19,9135
2330,台積電,68,17,51,群益金鼎-東大,2024-04-19,9135
8028,昇陽半導體,53,2,51,群益金鼎-東大,2024-04-19,9135
00891,中信關鍵半導體,51,0,51,群益金鼎-東大,2024-04-19,9135
00719B,元大美債1-3,50,0,50,群益金鼎-東大,2024-04-19,9135
2887,台新金,45,0,45,群益金鼎-東大,2024-04-19,9135
5347,世界,43,0,43,群益金鼎-東大,2024-04-19,9135
00877,復華中國5G,40,0,40,群益金鼎-東大,2024-04-19,9135
00878,國泰永續高股息,64,27,37,群益金鼎-東大,2024-04-19,9135
8064,東捷,40,4,36,群益金鼎-東大,2024-04-19,9135
2883,凱基金,35,0,35,群益金鼎-東大,2024-04-19,9135
00631L,元大台灣50正2,34,3,31,群益金鼎-東大,2024-04-19,9135
2610,華航,45,14,31,群益金鼎-東大,2024-04-19,9135
3703,欣陸,36,8,28,群益金鼎-東大,2024-04-19,9135
006208,富邦台50,28,0,28,群益金鼎-東大,2024-04-19,9135
2427,三商電,47,19,28,群益金鼎-東大,2024-04-19,9135
00905,FT臺灣Smart,25,0,25,群益金鼎-東大,2024-04-19,9135
00754B,群益AAA-AA公司,25,0,25,群益金鼎-東大,2024-04-19,9135
1612,宏泰,44,20,24,群益金鼎-東大,2024-04-19,9135
00675L,富邦臺灣加權正2,22,0,22,群益金鼎-東大,2024-04-19,9135
8936,國統,54,33,21,群益金鼎-東大,2024-04-19,9135
5512,力麒,45,25,20,群益金鼎-東大,2024-04-19,9135
2617,台航,20,0,20,群益金鼎-東大,2024-04-19,9135
3040,遠見,20,0,20,群益金鼎-東大,2024-04-19,9135
6217,中探針,20,0,20,群益金鼎-東大,2024-04-19,9135
00939,統一台灣高息動能,87,68,19,群益金鼎-東大,2024-04-19,9135
6770,力積電,58,39,19,群益金鼎-東大,2024-04-19,9135
2363,矽統,139,121,18,群益金鼎-東大,2024-04-19,9135
1608,華榮,179,162,17,群益金鼎-東大,2024-04-19,9135
2516,新建,17,0,17,群益金鼎-東大,2024-04-19,9135
2061,風青,22,5,17,群益金鼎-東大,2024-04-19,9135
8046,南電,21,4,17,群益金鼎-東大,2024-04-19,9135
2892,第一金,31,15,16,群益金鼎-東大,2024-04-19,9135
2342,茂矽,16,0,16,群益金鼎-東大,2024-04-19,9135
1808,潤隆,16,1,15,群益金鼎-東大,2024-04-19,9135
00882,中信中國高股息,15,0,15,群益金鼎-東大,2024-04-19,9135
2317,鴻海,47,32,15,群益金鼎-東大,2024-04-19,9135
1786,科妍,22,7,15,群益金鼎-東大,2024-04-19,9135
00937B,群益ESG投等債20,369,6,363,群益金鼎-東大,2024-04-22,9135
00929,復華台灣科技優息,323,4,319,群益金鼎-東大,2024-04-22,9135
2515,中工,347,114,233,群益金鼎-東大,2024-04-22,9135
1605,華新,183,5,178,群益金鼎-東大,2024-04-22,9135
00687B,國泰20年美債,177,3,174,群益金鼎-東大,2024-04-22,9135
00919,群益台灣精選高息,182,13,169,群益金鼎-東大,2024-04-22,9135
2547,日勝生,121,35,86,群益金鼎-東大,2024-04-22,9135
00940,元大台灣價值高息,104,28,76,群益金鼎-東大,2024-04-22,9135
1909,榮成,65,0,65,群益金鼎-東大,2024-04-22,9135
00927,群益半導體收益,65,7,58,群益金鼎-東大,2024-04-22,9135
2352,佳世達,50,2,48,群益金鼎-東大,2024-04-22,9135
00706L,期元大S＆P日圓正2,45,1,44,群益金鼎-東大,2024-04-22,9135
6015,宏遠證,42,1,41,群益金鼎-東大,2024-04-22,9135
8054,安國,97,61,36,群益金鼎-東大,2024-04-22,9135
00764B,群益25年美債,34,0,34,群益金鼎-東大,2024-04-22,9135
2330,台積電,46,13,33,群益金鼎-東大,2024-04-22,9135
5529,鉅陞,34,2,32,群益金鼎-東大,2024-04-22,9135
2371,大同,177,145,32,群益金鼎-東大,2024-04-22,9135
2303,聯電,63,33,30,群益金鼎-東大,2024-04-22,9135
4532,瑞智,53,23,30,群益金鼎-東大,2024-04-22,9135
1314,中石化,32,2,30,群益金鼎-東大,2024-04-22,9135
3339,泰谷,34,6,28,群益金鼎-東大,2024-04-22,9135
2101,南港,80,54,26,群益金鼎-東大,2024-04-22,9135
00679B,元大美債20年,28,3,25,群益金鼎-東大,2024-04-22,9135
6257,矽格,22,0,22,群益金鼎-東大,2024-04-22,9135
00754B,群益AAA-AA公司,20,0,20,群益金鼎-東大,2024-04-22,9135
00939,統一台灣高息動能,20,1,19,群益金鼎-東大,2024-04-22,9135
8059,凱碩,19,0,19,群益金鼎-東大,2024-04-22,9135
3715,定穎投控,20,1,19,群益金鼎-東大,2024-04-22,9135
8064,東捷,18,1,17,群益金鼎-東大,2024-04-22,9135
9933,中鼎,58,42,16,群益金鼎-東大,2024-04-22,9135
3060,銘異,18,2,16,群益金鼎-東大,2024-04-22,9135
2609,陽明,32,16,16,群益金鼎-東大,2024-04-22,9135
2501,國建,57,42,15,群益金鼎-東大,2024-04-22,9135
3036,文曄,16,1,15,群益金鼎-東大,2024-04-22,9135
6770,力積電,19,4,15,群益金鼎-東大,2024-04-22,9135
2363,矽統,61,47,14,群益金鼎-東大,2024-04-22,9135
00751B,元大AAA至A公司債,14,0,14,群益金鼎-東大,2024-04-22,9135
00891,中信關鍵半導體,13,0,13,群益金鼎-東大,2024-04-22,9135
2611,志信,26,13,13,群益金鼎-東大,2024-04-22,9135
2605,新興,16,3,13,群益金鼎-東大,2024-04-22,9135
2367,燿華,17,4,13,群益金鼎-東大,2024-04-22,9135
2520,冠德,55,43,12,群益金鼎-東大,2024-04-22,9135
2545,皇翔,22,10,12,群益金鼎-東大,2024-04-22,9135
2897A,王道銀甲特,12,0,12,群益金鼎-東大,2024-04-22,9135
00715L,期街口布蘭特正2,12,0,12,群益金鼎-東大,2024-04-22,9135
5512,力麒,40,29,11,群益金鼎-東大,2024-04-22,9135
00892,富邦台灣半導體,11,0,11,群益金鼎-東大,2024-04-22,9135
00795B,中信美國公債20年,11,0,11,群益金鼎-東大,2024-04-22,9135
00637L,元大滬深300正2,11,0,11,群益金鼎-東大,2024-04-22,9135
00929,復華台灣科技優息,341,95,246,群益金鼎-東大,2024-04-23,9135
00687B,國泰20年美債,240,3,237,群益金鼎-東大,2024-04-23,9135
00937B,群益ESG投等債20,205,15,190,群益金鼎-東大,2024-04-23,9135
00632R,元大台灣50反1,100,0,100,群益金鼎-東大,2024-04-23,9135
00679B,元大美債20年,98,2,96,群益金鼎-東大,2024-04-23,9135
1605,華新,85,4,81,群益金鼎-東大,2024-04-23,9135
00637L,元大滬深300正2,66,1,65,群益金鼎-東大,2024-04-23,9135
8473,山林水,55,4,51,群益金鼎-東大,2024-04-23,9135
5864,致和證,45,6,39,群益金鼎-東大,2024-04-23,9135
5512,力麒,97,58,39,群益金鼎-東大,2024-04-23,9135
00940,元大台灣價值高息,57,18,39,群益金鼎-東大,2024-04-23,9135
00919,群益台灣精選高息,56,25,31,群益金鼎-東大,2024-04-23,9135
2509,全坤建,33,3,30,群益金鼎-東大,2024-04-23,9135
6015,宏遠證,28,0,28,群益金鼎-東大,2024-04-23,9135
1609,大亞,107,80,27,群益金鼎-東大,2024-04-23,9135
2324,仁寶,26,0,26,群益金鼎-東大,2024-04-23,9135
2363,矽統,31,6,25,群益金鼎-東大,2024-04-23,9135
5706,鳳凰,25,0,25,群益金鼎-東大,2024-04-23,9135
4909,新復興,30,6,24,群益金鼎-東大,2024-04-23,9135
00878,國泰永續高股息,22,0,22,群益金鼎-東大,2024-04-23,9135
020031,統一IC設計臺灣N,20,0,20,群益金鼎-東大,2024-04-23,9135
1101,台泥,15,0,15,群益金鼎-東大,2024-04-23,9135
020034,元大IC設計N,15,0,15,群益金鼎-東大,2024-04-23,9135
2206,三陽工業,33,18,15,群益金鼎-東大,2024-04-23,9135
2547,日勝生,27,13,14,群益金鼎-東大,2024-04-23,9135
8936,國統,39,25,14,群益金鼎-東大,2024-04-23,9135
2368,金像電,13,0,13,群益金鼎-東大,2024-04-23,9135
2897,王道銀行,11,0,11,群益金鼎-東大,2024-04-23,9135
1108,幸福,10,0,10,群益金鼎-東大,2024-04-23,9135
4533,協易機,11,1,10,群益金鼎-東大,2024-04-23,9135
2323,中環,10,0,10,群益金鼎-東大,2024-04-23,9135
2609,陽明,10,0,10,群益金鼎-東大,2024-04-23,9135
2344,華邦電,10,0,10,群益金鼎-東大,2024-04-23,9135
6285,啟��,11,1,10,群益金鼎-東大,2024-04-23,9135
3715,定穎投控,29,20,9,群益金鼎-東大,2024-04-23,9135
5529,鉅陞,15,6,9,群益金鼎-東大,2024-04-23,9135
2317,鴻海,21,13,8,群益金鼎-東大,2024-04-23,9135
5515,建國,9,1,8,群益金鼎-東大,2024-04-23,9135
2329,華泰,10,2,8,群益金鼎-東大,2024-04-23,9135
00640L,富邦日本正2,8,0,8,群益金鼎-東大,2024-04-23,9135
8215,明基材,8,0,8,群益金鼎-東大,2024-04-23,9135
6223,旺矽,28,20,8,群益金鼎-東大,2024-04-23,9135
6126,信音,10,2,8,群益金鼎-東大,2024-04-23,9135
5324,士開,9,1,8,群益金鼎-東大,2024-04-23,9135
1618,合機,24,17,7,群益金鼎-東大,2024-04-23,9135
1808,潤隆,8,1,7,群益金鼎-東大,2024-04-23,9135
2409,友達,12,5,7,群益金鼎-東大,2024-04-23,9135
2855,統一證,12,5,7,群益金鼎-東大,2024-04-23,9135
2374,佳能,70,63,7,群益金鼎-東大,2024-04-23,9135
3708,上緯投控,12,6,6,群益金鼎-東大,2024-04-23,9135
00929,復華台灣科技優息,313,22,291,群益金鼎-東大,2024-04-24,9135
00632R,元大台灣50反1,230,0,230,群益金鼎-東大,2024-04-24,9135
00687B,國泰20年美債,151,0,151,群益金鼎-東大,2024-04-24,9135
00937B,群益ESG投等債20,132,0,132,群益金鼎-東大,2024-04-24,9135
2897A,王道銀甲特,95,0,95,群益金鼎-東大,2024-04-24,9135
00671R,富邦NASDAQ反1,90,0,90,群益金鼎-東大,2024-04-24,9135
1605,華新,73,9,64,群益金鼎-東大,2024-04-24,9135
00764B,群益25年美債,49,0,49,群益金鼎-東大,2024-04-24,9135
8064,東捷,45,1,44,群益金鼎-東大,2024-04-24,9135
3481,群創,44,6,38,群益金鼎-東大,2024-04-24,9135
1905,華紙,26,0,26,群益金鼎-東大,2024-04-24,9135
3703,欣陸,50,28,22,群益金鼎-東大,2024-04-24,9135
3024,憶聲,30,10,20,群益金鼎-東大,2024-04-24,9135
2427,三商電,20,0,20,群益金鼎-東大,2024-04-24,9135
2886,兆豐金,19,0,19,群益金鼎-東大,2024-04-24,9135
2317,鴻海,62,45,17,群益金鼎-東大,2024-04-24,9135
2442,新美齊,20,3,17,群益金鼎-東大,2024-04-24,9135
1453,大將,16,0,16,群益金鼎-東大,2024-04-24,9135
6615,慧智,14,0,14,群益金鼎-東大,2024-04-24,9135
6283,淳安,14,0,14,群益金鼎-東大,2024-04-24,9135
3060,銘異,14,0,14,群益金鼎-東大,2024-04-24,9135
2303,聯電,30,18,12,群益金鼎-東大,2024-04-24,9135
2409,友達,15,3,12,群益金鼎-東大,2024-04-24,9135
00795B,中信美國公債20年,12,0,12,群益金鼎-東大,2024-04-24,9135
3715,定穎投控,21,9,12,群益金鼎-東大,2024-04-24,9135
8054,安國,67,56,11,群益金鼎-東大,2024-04-24,9135
6138,茂達,11,0,11,群益金鼎-東大,2024-04-24,9135
2412,中華電,155,144,11,群益金鼎-東大,2024-04-24,9135
2417,圓剛,11,0,11,群益金鼎-東大,2024-04-24,9135
00679B,元大美債20年,10,0,10,群益金鼎-東大,2024-04-24,9135
1314,中石化,10,0,10,群益金鼎-東大,2024-04-24,9135
6015,宏遠證,10,0,10,群益金鼎-東大,2024-04-24,9135
3033,威健,40,30,10,群益金鼎-東大,2024-04-24,9135
4714,永捷,10,0,10,群益金鼎-東大,2024-04-24,9135
8936,國統,35,25,10,群益金鼎-東大,2024-04-24,9135
2354,鴻準,17,7,10,群益金鼎-東大,2024-04-24,9135
3035,智原,14,5,9,群益金鼎-東大,2024-04-24,9135
1337,再生-KY,10,1,9,群益金鼎-東大,2024-04-24,9135
5388,中磊,9,0,9,群益金鼎-東大,2024-04-24,9135
00637L,元大滬深300正2,9,0,9,群益金鼎-東大,2024-04-24,9135
5230,雷笛克光學,12,3,9,群益金鼎-東大,2024-04-24,9135
6188,廣明,15,6,9,群益金鼎-東大,2024-04-24,9135
1616,億泰,9,0,9,群益金鼎-東大,2024-04-24,9135
1609,大亞,46,38,8,群益金鼎-東大,2024-04-24,9135
00931B,統一美債20年,8,0,8,群益金鼎-東大,2024-04-24,9135
4931,新盛力,8,0,8,群益金鼎-東大,2024-04-24,9135
00933B,國泰10Y+金融債,7,0,7,群益金鼎-東大,2024-04-24,9135
8027,鈦昇,7,0,7,群益金鼎-東大,2024-04-24,9135
9933,中鼎,27,20,7,群益金鼎-東大,2024-04-24,9135
5521,工信,9,2,7,群益金鼎-東大,2024-04-24,9135
00929,復華台灣科技優息,341,1,340,群益金鼎-東大,2024-04-25,9135
00679B,元大美債20年,131,0,131,群益金鼎-東大,2024-04-25,9135
1736,喬山,102,1,101,群益金鼎-東大,2024-04-25,9135
2409,友達,102,4,98,群益金鼎-東大,2024-04-25,9135
00764B,群益25年美債,77,0,77,群益金鼎-東大,2024-04-25,9135
2515,中工,207,130,77,群益金鼎-東大,2024-04-25,9135
1455,集盛,70,2,68,群益金鼎-東大,2024-04-25,9135
2317,鴻海,81,17,64,群益金鼎-東大,2024-04-25,9135
2897A,王道銀甲特,48,0,48,群益金鼎-東大,2024-04-25,9135
1605,華新,47,1,46,群益金鼎-東大,2024-04-25,9135
5864,致和證,45,0,45,群益金鼎-東大,2024-04-25,9135
3481,群創,50,10,40,群益金鼎-東大,2024-04-25,9135
2392,正崴,40,0,40,群益金鼎-東大,2024-04-25,9135
00878,國泰永續高股息,37,0,37,群益金鼎-東大,2024-04-25,9135
3024,憶聲,50,13,37,群益金鼎-東大,2024-04-25,9135
00680L,元大美債20正2,35,0,35,群益金鼎-東大,2024-04-25,9135
00687B,國泰20年美債,33,0,33,群益金鼎-東大,2024-04-25,9135
3297,杭特,26,0,26,群益金鼎-東大,2024-04-25,9135
2382,廣達,38,13,25,群益金鼎-東大,2024-04-25,9135
2363,矽統,39,15,24,群益金鼎-東大,2024-04-25,9135
2362,藍天,26,2,24,群益金鼎-東大,2024-04-25,9135
3231,緯創,86,63,23,群益金鼎-東大,2024-04-25,9135
2610,華航,33,10,23,群益金鼎-東大,2024-04-25,9135
2886,兆豐金,22,0,22,群益金鼎-東大,2024-04-25,9135
6226,光鼎,22,0,22,群益金鼎-東大,2024-04-25,9135
2867,三商壽,21,0,21,群益金鼎-東大,2024-04-25,9135
00751B,元大AAA至A公司債,21,0,21,群益金鼎-東大,2024-04-25,9135
2486,一詮,33,12,21,群益金鼎-東大,2024-04-25,9135
2504,國產,21,2,19,群益金鼎-東大,2024-04-25,9135
2892,第一金,17,0,17,群益金鼎-東大,2024-04-25,9135
9958,世紀鋼,23,6,17,群益金鼎-東大,2024-04-25,9135
00772B,中信高評級公司債,17,0,17,群益金鼎-東大,2024-04-25,9135
5519,隆大,33,17,16,群益金鼎-東大,2024-04-25,9135
00795B,中信美國公債20年,16,0,16,群益金鼎-東大,2024-04-25,9135
6177,達麗,17,2,15,群益金鼎-東大,2024-04-25,9135
00740B,富邦全球投等債,581,567,14,群益金鼎-東大,2024-04-25,9135
1909,榮成,15,1,14,群益金鼎-東大,2024-04-25,9135
1440,南紡,14,0,14,群益金鼎-東大,2024-04-25,9135
00919,群益台灣精選高息,13,0,13,群益金鼎-東大,2024-04-25,9135
2427,三商電,13,0,13,群益金鼎-東大,2024-04-25,9135
3686,達能,23,10,13,群益金鼎-東大,2024-04-25,9135
3013,晟銘電,40,27,13,群益金鼎-東大,2024-04-25,9135
00720B,元大投資級公司債,11,0,11,群益金鼎-東大,2024-04-25,9135
2701,萬企,11,0,11,群益金鼎-東大,2024-04-25,9135
2888,新光金,11,0,11,群益金鼎-東大,2024-04-25,9135
5230,雷笛克光學,17,6,11,群益金鼎-東大,2024-04-25,9135
2421,建準,10,0,10,群益金鼎-東大,2024-04-25,9135
1608,華榮,11,1,10,群益金鼎-東大,2024-04-25,9135
8059,凱碩,10,0,10,群益金鼎-東大,2024-04-25,9135
2301,光寶科,12,2,10,群益金鼎-東大,2024-04-25,9135
00929,復華台灣科技優息,306,14,292,群益金鼎-東大,2024-04-26,9135
2610,華航,385,93,292,群益金鼎-東大,2024-04-26,9135
00937B,群益ESG投等債20,275,45,230,群益金鼎-東大,2024-04-26,9135
00933B,國泰10Y+金融債,105,0,105,群益金鼎-東大,2024-04-26,9135
1736,喬山,104,52,52,群益金鼎-東大,2024-04-26,9135
3450,聯鈞,59,17,42,群益金鼎-東大,2024-04-26,9135
00764B,群益25年美債,29,0,29,群益金鼎-東大,2024-04-26,9135
3024,憶聲,48,22,26,群益金鼎-東大,2024-04-26,9135
3703,欣陸,40,14,26,群益金鼎-東大,2024-04-26,9135
00679B,元大美債20年,24,0,24,群益金鼎-東大,2024-04-26,9135
00940,元大台灣價值高息,27,5,22,群益金鼎-東大,2024-04-26,9135
2009,第一銅,39,17,22,群益金鼎-東大,2024-04-26,9135
00671R,富邦NASDAQ反1,22,0,22,群益金鼎-東大,2024-04-26,9135
2206,三陽工業,53,32,21,群益金鼎-東大,2024-04-26,9135
6016,康和證,20,0,20,群益金鼎-東大,2024-04-26,9135
2464,盟立,28,8,20,群益金鼎-東大,2024-04-26,9135
5864,致和證,20,0,20,群益金鼎-東大,2024-04-26,9135
6116,彩晶,20,0,20,群益金鼎-東大,2024-04-26,9135
6530,創威,20,2,18,群益金鼎-東大,2024-04-26,9135
3357,臺慶科,16,0,16,群益金鼎-東大,2024-04-26,9135
3294,英濟,16,0,16,群益金鼎-東大,2024-04-26,9135
1605,華新,18,3,15,群益金鼎-東大,2024-04-26,9135
00795B,中信美國公債20年,15,0,15,群益金鼎-東大,2024-04-26,9135
9933,中鼎,16,1,15,群益金鼎-東大,2024-04-26,9135
00687B,國泰20年美債,23,9,14,群益金鼎-東大,2024-04-26,9135
2504,國產,24,10,14,群益金鼎-東大,2024-04-26,9135
2705,六福,17,3,14,群益金鼎-東大,2024-04-26,9135
1459,聯發,14,1,13,群益金鼎-東大,2024-04-26,9135
5514,三豐,14,1,13,群益金鼎-東大,2024-04-26,9135
00720B,元大投資級公司債,18,5,13,群益金鼎-東大,2024-04-26,9135
1457,宜進,13,0,13,群益金鼎-東大,2024-04-26,9135
4716,大立,13,0,13,群益金鼎-東大,2024-04-26,9135
4306,炎洲,20,8,12,群益金鼎-東大,2024-04-26,9135
5465,富驊,12,0,12,群益金鼎-東大,2024-04-26,9135
00725B,國泰投資級公司債,12,0,12,群益金鼎-東大,2024-04-26,9135
8404,百和興業-KY,12,0,12,群益金鼎-東大,2024-04-26,9135
8936,國統,21,9,12,群益金鼎-東大,2024-04-26,9135
1616,億泰,12,0,12,群益金鼎-東大,2024-04-26,9135
2887,台新金,11,0,11,群益金鼎-東大,2024-04-26,9135
00632R,元大台灣50反1,13,2,11,群益金鼎-東大,2024-04-26,9135
2349,錸德,11,0,11,群益金鼎-東大,2024-04-26,9135
6757,台灣虎航,10,0,10,群益金鼎-東大,2024-04-26,9135
5529,鉅陞,10,0,10,群益金鼎-東大,2024-04-26,9135
1455,集盛,11,1,10,群益金鼎-東大,2024-04-26,9135
5531,鄉林,11,1,10,群益金鼎-東大,2024-04-26,9135
3686,達能,10,0,10,群益金鼎-東大,2024-04-26,9135
3035,智原,22,12,10,群益金鼎-東大,2024-04-26,9135
2520,冠德,71,61,10,群益金鼎-東大,2024-04-26,9135
2501,國建,71,61,10,群益金鼎-東大,2024-04-26,9135
00751B,元大AAA至A公司債,9,0,9,群益金鼎-東大,2024-04-26,9135
00929,復華台灣科技優息,302,26,276,群益金鼎-東大,2024-04-29,9135
2618,長榮航,207,22,185,群益金鼎-東大,2024-04-29,9135
1605,華新,158,2,156,群益金鼎-東大,2024-04-29,9135
3083,網龍,150,0,150,群益金鼎-東大,2024-04-29,9135
00632R,元大台灣50反1,131,0,131,群益金鼎-東大,2024-04-29,9135
1314,中石化,143,73,70,群益金鼎-東大,2024-04-29,9135
2883,凱基金,59,1,58,群益金鼎-東大,2024-04-29,9135
1316,上曜,177,120,57,群益金鼎-東大,2024-04-29,9135
00937B,群益ESG投等債20,58,2,56,群益金鼎-東大,2024-04-29,9135
2505,國揚,74,19,55,群益金鼎-東大,2024-04-29,9135
00679B,元大美債20年,68,15,53,群益金鼎-東大,2024-04-29,9135
6177,達麗,55,9,46,群益金鼎-東大,2024-04-29,9135
1805,寶徠,44,0,44,群益金鼎-東大,2024-04-29,9135
8064,東捷,47,6,41,群益金鼎-東大,2024-04-29,9135
00706L,期元大S＆P日圓正2,48,10,38,群益金鼎-東大,2024-04-29,9135
00878,國泰永續高股息,61,28,33,群益金鼎-東大,2024-04-29,9135
2329,華泰,34,2,32,群益金鼎-東大,2024-04-29,9135
2888,新光金,51,21,30,群益金鼎-東大,2024-04-29,9135
1905,華紙,27,5,22,群益金鼎-東大,2024-04-29,9135
1312,國喬,20,0,20,群益金鼎-東大,2024-04-29,9135
6664,群翊,20,0,20,群益金鼎-東大,2024-04-29,9135
00671R,富邦NASDAQ反1,20,0,20,群益金鼎-東大,2024-04-29,9135
4127,天良,27,7,20,群益金鼎-東大,2024-04-29,9135
00857B,永豐20年美公債,20,0,20,群益金鼎-東大,2024-04-29,9135
4909,新復興,31,12,19,群益金鼎-東大,2024-04-29,9135
00941,中信上游半導體,21,2,19,群益金鼎-東大,2024-04-29,9135
2002,中鋼,20,2,18,群益金鼎-東大,2024-04-29,9135
1446,宏和,17,0,17,群益金鼎-東大,2024-04-29,9135
2323,中環,41,25,16,群益金鼎-東大,2024-04-29,9135
6414,樺漢,16,0,16,群益金鼎-東大,2024-04-29,9135
5533,皇鼎,15,0,15,群益金鼎-東大,2024-04-29,9135
2010,春源,15,0,15,群益金鼎-東大,2024-04-29,9135
1464,得力,15,0,15,群益金鼎-東大,2024-04-29,9135
2371,大同,19,5,14,群益金鼎-東大,2024-04-29,9135
2449,京元電子,24,10,14,群益金鼎-東大,2024-04-29,9135
8088,品安,14,0,14,群益金鼎-東大,2024-04-29,9135
9945,潤泰新,15,1,14,群益金鼎-東大,2024-04-29,9135
3056,富華新,16,2,14,群益金鼎-東大,2024-04-29,9135
3264,欣銓,15,2,13,群益金鼎-東大,2024-04-29,9135
9955,佳龍,12,0,12,群益金鼎-東大,2024-04-29,9135
2705,六福,12,1,11,群益金鼎-東大,2024-04-29,9135
8086,宏捷科,16,5,11,群益金鼎-東大,2024-04-29,9135
1617,榮星,13,2,11,群益金鼎-東大,2024-04-29,9135
2317,鴻海,37,26,11,群益金鼎-東大,2024-04-29,9135
6147,頎邦,10,0,10,群益金鼎-東大,2024-04-29,9135
4979,華星光,12,2,10,群益金鼎-東大,2024-04-29,9135
1786,科妍,10,0,10,群益金鼎-東大,2024-04-29,9135
3013,晟銘電,13,3,10,群益金鼎-東大,2024-04-29,9135
8054,安國,17,7,10,群益金鼎-東大,2024-04-29,9135
8429,金麗-KY,10,0,10,群益金鼎-東大,2024-04-29,9135
00937B,群益ESG投等債20,401,1,400,群益金鼎-東大,2024-04-30,9135
00929,復華台灣科技優息,309,10,299,群益金鼎-東大,2024-04-30,9135
00688L,國泰20年美債正2,87,0,87,群益金鼎-東大,2024-04-30,9135
1605,華新,62,10,52,群益金鼎-東大,2024-04-30,9135
00687B,國泰20年美債,48,3,45,群益金鼎-東大,2024-04-30,9135
2913,農林,42,8,34,群益金鼎-東大,2024-04-30,9135
2615,萬海,51,20,31,群益金鼎-東大,2024-04-30,9135
1312,國喬,30,0,30,群益金鼎-東大,2024-04-30,9135
6125,廣運,48,23,25,群益金鼎-東大,2024-04-30,9135
3710,連展投控,22,0,22,群益金鼎-東大,2024-04-30,9135
1316,上曜,71,49,22,群益金鼎-東大,2024-04-30,9135
00720B,元大投資級公司債,31,10,21,群益金鼎-東大,2024-04-30,9135
2104,國際中橡,20,0,20,群益金鼎-東大,2024-04-30,9135
2906,高林,20,0,20,群益金鼎-東大,2024-04-30,9135
2427,三商電,20,0,20,群益金鼎-東大,2024-04-30,9135
00846B,富邦歐洲銀行債,20,0,20,群益金鼎-東大,2024-04-30,9135
2206,三陽工業,31,12,19,群益金鼎-東大,2024-04-30,9135
2464,盟立,25,6,19,群益金鼎-東大,2024-04-30,9135
3715,定穎投控,69,50,19,群益金鼎-東大,2024-04-30,9135
1445,大宇,18,0,18,群益金鼎-東大,2024-04-30,9135
3013,晟銘電,49,31,18,群益金鼎-東大,2024-04-30,9135
8942,森鉅,16,0,16,群益金鼎-東大,2024-04-30,9135
3483,力致,85,69,16,群益金鼎-東大,2024-04-30,9135
9945,潤泰新,35,20,15,群益金鼎-東大,2024-04-30,9135
5519,隆大,15,0,15,群益金鼎-東大,2024-04-30,9135
00637L,元大滬深300正2,19,5,14,群益金鼎-東大,2024-04-30,9135
00919,群益台灣精選高息,13,0,13,群益金鼎-東大,2024-04-30,9135
2880,華南金,13,1,12,群益金鼎-東大,2024-04-30,9135
6264,富裔,14,2,12,群益金鼎-東大,2024-04-30,9135
6219,富旺,12,0,12,群益金鼎-東大,2024-04-30,9135
2352,佳世達,11,0,11,群益金鼎-東大,2024-04-30,9135
6215,和椿,12,1,11,群益金鼎-東大,2024-04-30,9135
2515,中工,17,7,10,群益金鼎-東大,2024-04-30,9135
8271,宇瞻,10,0,10,群益金鼎-東大,2024-04-30,9135
00712,復華富時不動產,10,0,10,群益金鼎-東大,2024-04-30,9135
8088,品安,12,2,10,群益金鼎-東大,2024-04-30,9135
2887,台新金,10,0,10,群益金鼎-東大,2024-04-30,9135
4155,訊映,20,10,10,群益金鼎-東大,2024-04-30,9135
3033,威健,21,12,9,群益金鼎-東大,2024-04-30,9135
3363,上詮,22,13,9,群益金鼎-東大,2024-04-30,9135
4915,致伸,14,5,9,群益金鼎-東大,2024-04-30,9135
5457,宣德,23,14,9,群益金鼎-東大,2024-04-30,9135
6235,華孚,13,5,8,群益金鼎-東大,2024-04-30,9135
2888,新光金,11,3,8,群益金鼎-東大,2024-04-30,9135
1618,合機,9,1,8,群益金鼎-東大,2024-04-30,9135
6830,汎銓,8,0,8,群益金鼎-東大,2024-04-30,9135
1304,台聚,8,0,8,群益金鼎-東大,2024-04-30,9135
5439,高技,7,0,7,群益金鼎-東大,2024-04-30,9135
8358,金居,7,0,7,群益金鼎-東大,2024-04-30,9135
6269,台郡,7,0,7,群益金鼎-東大,2024-04-30,9135
00878,國泰永續高股息,303,14,289,群益金鼎-東大,2024-05-02,9135
6664,群翊,213,0,213,群益金鼎-東大,2024-05-02,9135
00929,復華台灣科技優息,171,6,165,群益金鼎-東大,2024-05-02,9135
00937B,群益ESG投等債20,160,0,160,群益金鼎-東大,2024-05-02,9135
5531,鄉林,131,5,126,群益金鼎-東大,2024-05-02,9135
2867,三商壽,100,2,98,群益金鼎-東大,2024-05-02,9135
2027,大成鋼,80,1,79,群益金鼎-東大,2024-05-02,9135
2501,國建,198,139,59,群益金鼎-東大,2024-05-02,9135
3481,群創,108,50,58,群益金鼎-東大,2024-05-02,9135
1784,訊聯,50,0,50,群益金鼎-東大,2024-05-02,9135
00931B,統一美債20年,50,0,50,群益金鼎-東大,2024-05-02,9135
00945B,凱基美國非投等債,41,0,41,群益金鼎-東大,2024-05-02,9135
2906,高林,40,0,40,群益金鼎-東大,2024-05-02,9135
00940,元大台灣價值高息,51,15,36,群益金鼎-東大,2024-05-02,9135
3024,憶聲,46,11,35,群益金鼎-東大,2024-05-02,9135
2527,宏璟,41,11,30,群益金鼎-東大,2024-05-02,9135
00679B,元大美債20年,28,0,28,群益金鼎-東大,2024-05-02,9135
1314,中石化,108,81,27,群益金鼎-東大,2024-05-02,9135
2330,台積電,27,2,25,群益金鼎-東大,2024-05-02,9135
2506,太設,74,50,24,群益金鼎-東大,2024-05-02,9135
00919,群益台灣精選高息,25,1,24,群益金鼎-東大,2024-05-02,9135
1312,國喬,22,0,22,群益金鼎-東大,2024-05-02,9135
5530,龍巖,20,0,20,群益金鼎-東大,2024-05-02,9135
5521,工信,31,11,20,群益金鼎-東大,2024-05-02,9135
2504,國產,45,25,20,群益金鼎-東大,2024-05-02,9135
2547,日勝生,20,1,19,群益金鼎-東大,2024-05-02,9135
00688L,國泰20年美債正2,19,0,19,群益金鼎-東大,2024-05-02,9135
00715L,期街口布蘭特正2,18,0,18,群益金鼎-東大,2024-05-02,9135
2537,聯上發,59,41,18,群益金鼎-東大,2024-05-02,9135
3013,晟銘電,68,51,17,群益金鼎-東大,2024-05-02,9135
4979,華星光,18,1,17,群益金鼎-東大,2024-05-02,9135
2915,潤泰全,22,5,17,群益金鼎-東大,2024-05-02,9135
2515,中工,18,2,16,群益金鼎-東大,2024-05-02,9135
2337,旺宏,16,0,16,群益金鼎-東大,2024-05-02,9135
6531,愛普*,16,0,16,群益金鼎-東大,2024-05-02,9135
6625,必應,15,0,15,群益金鼎-東大,2024-05-02,9135
2883B,凱基金乙特,15,0,15,群益金鼎-東大,2024-05-02,9135
3287,廣寰科,17,3,14,群益金鼎-東大,2024-05-02,9135
1608,華榮,15,3,12,群益金鼎-東大,2024-05-02,9135
2609,陽明,29,17,12,群益金鼎-東大,2024-05-02,9135
1446,宏和,12,0,12,群益金鼎-東大,2024-05-02,9135
00751B,元大AAA至A公司債,11,0,11,群益金鼎-東大,2024-05-02,9135
00795B,中信美國公債20年,11,0,11,群益金鼎-東大,2024-05-02,9135
1609,大亞,21,11,10,群益金鼎-東大,2024-05-02,9135
00712,復華富時不動產,10,0,10,群益金鼎-東大,2024-05-02,9135
1413,宏洲,10,0,10,群益金鼎-東大,2024-05-02,9135
3081,聯亞,10,0,10,群益金鼎-東大,2024-05-02,9135
8446,華研,10,0,10,群益金鼎-東大,2024-05-02,9135
1447,力鵬,10,0,10,群益金鼎-東大,2024-05-02,9135
6026,福邦證,10,0,10,群益金鼎-東大,2024-05-02,9135
00929,復華台灣科技優息,308,42,266,群益金鼎-東大,2024-05-03,9135
00937B,群益ESG投等債20,226,0,226,群益金鼎-東大,2024-05-03,9135
2354,鴻準,143,1,142,群益金鼎-東大,2024-05-03,9135
9945,潤泰新,303,169,134,群益金鼎-東大,2024-05-03,9135
1316,上曜,159,53,106,群益金鼎-東大,2024-05-03,9135
6664,群翊,102,1,101,群益金鼎-東大,2024-05-03,9135
6015,宏遠證,70,0,70,群益金鼎-東大,2024-05-03,9135
00932,兆豐永續高息等權,53,0,53,群益金鼎-東大,2024-05-03,9135
2412,中華電,200,150,50,群益金鼎-東大,2024-05-03,9135
1409,新纖,50,0,50,群益金鼎-東大,2024-05-03,9135
00679B,元大美債20年,45,0,45,群益金鼎-東大,2024-05-03,9135
00687B,國泰20年美債,37,0,37,群益金鼎-東大,2024-05-03,9135
00919,群益台灣精選高息,38,3,35,群益金鼎-東大,2024-05-03,9135
5478,智冠,31,0,31,群益金鼎-東大,2024-05-03,9135
1453,大將,59,30,29,群益金鼎-東大,2024-05-03,9135
2915,潤泰全,30,1,29,群益金鼎-東大,2024-05-03,9135
2611,志信,25,2,23,群益金鼎-東大,2024-05-03,9135
3221,台嘉碩,22,0,22,群益金鼎-東大,2024-05-03,9135
4714,永捷,60,38,22,群益金鼎-東大,2024-05-03,9135
3466,德晉,37,15,22,群益金鼎-東大,2024-05-03,9135
3231,緯創,24,3,21,群益金鼎-東大,2024-05-03,9135
3090,日電貿,21,0,21,群益金鼎-東大,2024-05-03,9135
2301,光寶科,21,0,21,群益金鼎-東大,2024-05-03,9135
00940,元大台灣價值高息,46,25,21,群益金鼎-東大,2024-05-03,9135
00878,國泰永續高股息,29,9,20,群益金鼎-東大,2024-05-03,9135
1605,華新,23,5,18,群益金鼎-東大,2024-05-03,9135
2505,國揚,22,4,18,群益金鼎-東大,2024-05-03,9135
2449,京元電子,16,1,15,群益金鼎-東大,2024-05-03,9135
8096,擎亞,186,171,15,群益金鼎-東大,2024-05-03,9135
2375,凱美,15,0,15,群益金鼎-東大,2024-05-03,9135
1582,信錦,19,5,14,群益金鼎-東大,2024-05-03,9135
2705,六福,19,6,13,群益金鼎-東大,2024-05-03,9135
3583,辛耘,15,2,13,群益金鼎-東大,2024-05-03,9135
6177,達麗,38,26,12,群益金鼎-東大,2024-05-03,9135
2816,旺旺保,11,0,11,群益金鼎-東大,2024-05-03,9135
3548,兆利,13,3,10,群益金鼎-東大,2024-05-03,9135
6120,達運,11,1,10,群益金鼎-東大,2024-05-03,9135
1805,寶徠,10,0,10,群益金鼎-東大,2024-05-03,9135
00688L,國泰20年美債正2,10,0,10,群益金鼎-東大,2024-05-03,9135
4533,協易機,20,10,10,群益金鼎-東大,2024-05-03,9135
6016,康和證,10,0,10,群益金鼎-東大,2024-05-03,9135
2417,圓剛,9,0,9,群益金鼎-東大,2024-05-03,9135
3056,富華新,11,2,9,群益金鼎-東大,2024-05-03,9135
6125,廣運,16,7,9,群益金鼎-東大,2024-05-03,9135
2527,宏璟,38,29,9,群益金鼎-東大,2024-05-03,9135
2329,華泰,8,0,8,群益金鼎-東大,2024-05-03,9135
2344,華邦電,8,0,8,群益金鼎-東大,2024-05-03,9135
3704,合勤控,12,4,8,群益金鼎-東大,2024-05-03,9135
3380,明泰,8,0,8,群益金鼎-東大,2024-05-03,9135
2359,所羅門,13,6,7,群益金鼎-東大,2024-05-03,9135
00937B,群益ESG投等債20,878,23,855,群益金鼎-東大,2024-05-06,9135
00679B,元大美債20年,290,2,288,群益金鼎-東大,2024-05-06,9135
1453,大將,224,24,200,群益金鼎-東大,2024-05-06,9135
00878,國泰永續高股息,172,7,165,群益金鼎-東大,2024-05-06,9135
2888,新光金,114,6,108,群益金鼎-東大,2024-05-06,9135
00929,復華台灣科技優息,171,69,102,群益金鼎-東大,2024-05-06,9135
2316,楠梓電,76,2,74,群益金鼎-東大,2024-05-06,9135
00933B,國泰10Y+金融債,53,0,53,群益金鼎-東大,2024-05-06,9135
2353,宏��,82,30,52,群益金鼎-東大,2024-05-06,9135
2618,長榮航,73,23,50,群益金鼎-東大,2024-05-06,9135
6757,台灣虎航,50,0,50,群益金鼎-東大,2024-05-06,9135
6664,群翊,49,0,49,群益金鼎-東大,2024-05-06,9135
5498,凱崴,65,21,44,群益金鼎-東大,2024-05-06,9135
2354,鴻準,45,5,40,群益金鼎-東大,2024-05-06,9135
2601,益航,32,0,32,群益金鼎-東大,2024-05-06,9135
2906,高林,29,0,29,群益金鼎-東大,2024-05-06,9135
1314,中石化,29,1,28,群益金鼎-東大,2024-05-06,9135
00671R,富邦NASDAQ反1,25,0,25,群益金鼎-東大,2024-05-06,9135
6275,元山,33,10,23,群益金鼎-東大,2024-05-06,9135
8255,朋程,23,0,23,群益金鼎-東大,2024-05-06,9135
1316,上曜,55,33,22,群益金鼎-東大,2024-05-06,9135
00720B,元大投資級公司債,22,1,21,群益金鼎-東大,2024-05-06,9135
6264,富裔,20,0,20,群益金鼎-東大,2024-05-06,9135
8059,凱碩,20,0,20,群益金鼎-東大,2024-05-06,9135
2610,華航,20,3,17,群益金鼎-東大,2024-05-06,9135
2543,皇昌,29,12,17,群益金鼎-東大,2024-05-06,9135
3624,光頡,17,1,16,群益金鼎-東大,2024-05-06,9135
6177,達麗,40,25,15,群益金鼎-東大,2024-05-06,9135
9902,台火,15,0,15,群益金鼎-東大,2024-05-06,9135
8111,立��,15,0,15,群益金鼎-東大,2024-05-06,9135
2501,國建,40,26,14,群益金鼎-東大,2024-05-06,9135
2328,廣宇,14,0,14,群益金鼎-東大,2024-05-06,9135
00687B,國泰20年美債,15,1,14,群益金鼎-東大,2024-05-06,9135
2352,佳世達,13,0,13,群益金鼎-東大,2024-05-06,9135
2486,一詮,57,44,13,群益金鼎-東大,2024-05-06,9135
1736,喬山,12,0,12,群益金鼎-東大,2024-05-06,9135
3260,威剛,35,24,11,群益金鼎-東大,2024-05-06,9135
9933,中鼎,28,17,11,群益金鼎-東大,2024-05-06,9135
2449,京元電子,40,29,11,群益金鼎-東大,2024-05-06,9135
2371,大同,15,5,10,群益金鼎-東大,2024-05-06,9135
4167,松瑞藥,20,10,10,群益金鼎-東大,2024-05-06,9135
1626,艾美特-KY,10,0,10,群益金鼎-東大,2024-05-06,9135
6015,宏遠證,10,0,10,群益金鼎-東大,2024-05-06,9135
5864,致和證,10,0,10,群益金鼎-東大,2024-05-06,9135
2883,凱基金,15,5,10,群益金鼎-東大,2024-05-06,9135
1101,台泥,12,2,10,群益金鼎-東大,2024-05-06,9135
6770,力積電,16,6,10,群益金鼎-東大,2024-05-06,9135
2393,億光,11,2,9,群益金鼎-東大,2024-05-06,9135
8028,昇陽半導體,10,1,9,群益金鼎-東大,2024-05-06,9135
6188,廣明,10,1,9,群益金鼎-東大,2024-05-06,9135
00937B,群益ESG投等債20,585,58,527,群益金鼎-東大,2024-05-07,9135
3083,網龍,172,0,172,群益金鼎-東大,2024-05-07,9135
2834,臺企銀,75,0,75,群益金鼎-東大,2024-05-07,9135
1609,大亞,95,37,58,群益金鼎-東大,2024-05-07,9135
00878,國泰永續高股息,56,1,55,群益金鼎-東大,2024-05-07,9135
6156,松上,50,0,50,群益金鼎-東大,2024-05-07,9135
4306,炎洲,46,1,45,群益金鼎-東大,2024-05-07,9135
3287,廣寰科,41,1,40,群益金鼎-東大,2024-05-07,9135
6213,聯茂,39,2,37,群益金鼎-東大,2024-05-07,9135
00632R,元大台灣50反1,32,0,32,群益金鼎-東大,2024-05-07,9135
2486,一詮,97,66,31,群益金鼎-東大,2024-05-07,9135
00764B,群益25年美債,33,3,30,群益金鼎-東大,2024-05-07,9135
00929,復華台灣科技優息,63,34,29,群益金鼎-東大,2024-05-07,9135
6217,中探針,29,0,29,群益金鼎-東大,2024-05-07,9135
2365,昆盈,30,1,29,群益金鼎-東大,2024-05-07,9135
2009,第一銅,28,0,28,群益金鼎-東大,2024-05-07,9135
00720B,元大投資級公司債,35,7,28,群益金鼎-東大,2024-05-07,9135
2371,大同,32,7,25,群益金鼎-東大,2024-05-07,9135
2442,新美齊,25,0,25,群益金鼎-東大,2024-05-07,9135
00941,中信上游半導體,27,3,24,群益金鼎-東大,2024-05-07,9135
2324,仁寶,34,10,24,群益金鼎-東大,2024-05-07,9135
2317,鴻海,63,39,24,群益金鼎-東大,2024-05-07,9135
2615,萬海,22,0,22,群益金鼎-東大,2024-05-07,9135
0056,元大高股息,120,100,20,群益金鼎-東大,2024-05-07,9135
6223,旺矽,22,2,20,群益金鼎-東大,2024-05-07,9135
3545,敦泰,20,0,20,群益金鼎-東大,2024-05-07,9135
2344,華邦電,22,2,20,群益金鼎-東大,2024-05-07,9135
6757,台灣虎航,19,0,19,群益金鼎-東大,2024-05-07,9135
2610,華航,22,3,19,群益金鼎-東大,2024-05-07,9135
00671R,富邦NASDAQ反1,17,0,17,群益金鼎-東大,2024-05-07,9135
2913,農林,18,1,17,群益金鼎-東大,2024-05-07,9135
00687B,國泰20年美債,16,0,16,群益金鼎-東大,2024-05-07,9135
6523,達爾膚,16,0,16,群益金鼎-東大,2024-05-07,9135
1587,吉茂,32,16,16,群益金鼎-東大,2024-05-07,9135
1612,宏泰,54,39,15,群益金鼎-東大,2024-05-07,9135
00919,群益台灣精選高息,20,5,15,群益金鼎-東大,2024-05-07,9135
3013,晟銘電,37,22,15,群益金鼎-東大,2024-05-07,9135
3564,其陽,16,1,15,群益金鼎-東大,2024-05-07,9135
2328,廣宇,15,0,15,群益金鼎-東大,2024-05-07,9135
6264,富裔,15,0,15,群益金鼎-東大,2024-05-07,9135
2511,太子,14,0,14,群益金鼎-東大,2024-05-07,9135
3372,典範,25,11,14,群益金鼎-東大,2024-05-07,9135
6117,迎廣,17,3,14,群益金鼎-東大,2024-05-07,9135
3481,群創,13,0,13,群益金鼎-東大,2024-05-07,9135
1524,耿鼎,14,1,13,群益金鼎-東大,2024-05-07,9135
1608,華榮,36,23,13,群益金鼎-東大,2024-05-07,9135
2362,藍天,12,0,12,群益金鼎-東大,2024-05-07,9135
1316,上曜,30,18,12,群益金鼎-東大,2024-05-07,9135
2206,三陽工業,20,9,11,群益金鼎-東大,2024-05-07,9135
3596,智易,13,2,11,群益金鼎-東大,2024-05-07,9135
00937B,群益ESG投等債20,1451,30,1421,群益金鼎-東大,2024-05-08,9135
00764B,群益25年美債,345,0,345,群益金鼎-東大,2024-05-08,9135
2365,昆盈,185,7,178,群益金鼎-東大,2024-05-08,9135
00929,復華台灣科技優息,185,8,177,群益金鼎-東大,2024-05-08,9135
1736,喬山,115,0,115,群益金鼎-東大,2024-05-08,9135
2409,友達,111,1,110,群益金鼎-東大,2024-05-08,9135
00940,元大台灣價值高息,89,0,89,群益金鼎-東大,2024-05-08,9135
00679B,元大美債20年,66,10,56,群益金鼎-東大,2024-05-08,9135
00878,國泰永續高股息,51,0,51,群益金鼎-東大,2024-05-08,9135
5608,四維航,63,13,50,群益金鼎-東大,2024-05-08,9135
6156,松上,50,0,50,群益金鼎-東大,2024-05-08,9135
4532,瑞智,64,21,43,群益金鼎-東大,2024-05-08,9135
00919,群益台灣精選高息,37,0,37,群益金鼎-東大,2024-05-08,9135
6016,康和證,35,0,35,群益金鼎-東大,2024-05-08,9135
00720B,元大投資級公司債,34,0,34,群益金鼎-東大,2024-05-08,9135
00936,台新永續高息中小,34,0,34,群益金鼎-東大,2024-05-08,9135
00933B,國泰10Y+金融債,34,0,34,群益金鼎-東大,2024-05-08,9135
2427,三商電,31,1,30,群益金鼎-東大,2024-05-08,9135
2845,遠東銀,30,0,30,群益金鼎-東大,2024-05-08,9135
00882,中信中國高股息,30,3,27,群益金鼎-東大,2024-05-08,9135
8059,凱碩,26,0,26,群益金鼎-東大,2024-05-08,9135
2534,宏盛,32,6,26,群益金鼎-東大,2024-05-08,9135
00904,新光臺灣半導體30,25,0,25,群益金鼎-東大,2024-05-08,9135
00941,中信上游半導體,24,0,24,群益金鼎-東大,2024-05-08,9135
1504,東元,21,0,21,群益金鼎-東大,2024-05-08,9135
1503,士電,37,16,21,群益金鼎-東大,2024-05-08,9135
8096,擎亞,36,19,17,群益金鼎-東大,2024-05-08,9135
6462,神盾,17,1,16,群益金鼎-東大,2024-05-08,9135
2538,基泰,16,0,16,群益金鼎-東大,2024-05-08,9135
00877,復華中國5G,16,0,16,群益金鼎-東大,2024-05-08,9135
4967,十銓,26,10,16,群益金鼎-東大,2024-05-08,9135
2611,志信,28,12,16,群益金鼎-東大,2024-05-08,9135
3363,上詮,79,63,16,群益金鼎-東大,2024-05-08,9135
6596,寬宏藝術,14,0,14,群益金鼎-東大,2024-05-08,9135
5529,鉅陞,14,0,14,群益金鼎-東大,2024-05-08,9135
5309,系統電,13,0,13,群益金鼎-東大,2024-05-08,9135
8086,宏捷科,13,0,13,群益金鼎-東大,2024-05-08,9135
00751B,元大AAA至A公司債,13,0,13,群益金鼎-東大,2024-05-08,9135
4303,信立,27,15,12,群益金鼎-東大,2024-05-08,9135
3036,文曄,12,0,12,群益金鼎-東大,2024-05-08,9135
2801,彰銀,12,0,12,群益金鼎-東大,2024-05-08,9135
1626,艾美特-KY,11,0,11,群益金鼎-東大,2024-05-08,9135
6526,達發,13,2,11,群益金鼎-東大,2024-05-08,9135
3617,碩天,14,3,11,群益金鼎-東大,2024-05-08,9135
5880,合庫金,11,0,11,群益金鼎-東大,2024-05-08,9135
2367,燿華,86,75,11,群益金鼎-東大,2024-05-08,9135
2603,長榮,16,6,10,群益金鼎-東大,2024-05-08,9135
2892,第一金,10,0,10,群益金鼎-東大,2024-05-08,9135
1722,台肥,10,0,10,群益金鼎-東大,2024-05-08,9135
4106,雃博,10,0,10,群益金鼎-東大,2024-05-08,9135
00937B,群益ESG投等債20,388,10,378,群益金鼎-東大,2024-05-09,9135
1736,喬山,127,2,125,群益金鼎-東大,2024-05-09,9135
1314,中石化,151,42,109,群益金鼎-東大,2024-05-09,9135
2618,長榮航,112,12,100,群益金鼎-東大,2024-05-09,9135
2353,宏��,182,95,87,群益金鼎-東大,2024-05-09,9135
00713,元大台灣高息低波,73,0,73,群益金鼎-東大,2024-05-09,9135
2317,鴻海,106,40,66,群益金鼎-東大,2024-05-09,9135
00632R,元大台灣50反1,60,0,60,群益金鼎-東大,2024-05-09,9135
00679B,元大美債20年,58,1,57,群益金鼎-東大,2024-05-09,9135
00929,復華台灣科技優息,52,0,52,群益金鼎-東大,2024-05-09,9135
2534,宏盛,50,7,43,群益金鼎-東大,2024-05-09,9135
1617,榮星,39,0,39,群益金鼎-東大,2024-05-09,9135
3013,晟銘電,171,132,39,群益金鼎-東大,2024-05-09,9135
6016,康和證,37,0,37,群益金鼎-東大,2024-05-09,9135
2449,京元電子,37,2,35,群益金鼎-東大,2024-05-09,9135
9906,欣巴巴,33,2,31,群益金鼎-東大,2024-05-09,9135
00944,野村趨勢動能高息,30,0,30,群益金鼎-東大,2024-05-09,9135
00878,國泰永續高股息,30,1,29,群益金鼎-東大,2024-05-09,9135
2427,三商電,34,7,27,群益金鼎-東大,2024-05-09,9135
2603,長榮,30,5,25,群益金鼎-東大,2024-05-09,9135
00933B,國泰10Y+金融債,25,0,25,群益金鼎-東大,2024-05-09,9135
3231,緯創,112,88,24,群益金鼎-東大,2024-05-09,9135
2605,新興,34,12,22,群益金鼎-東大,2024-05-09,9135
00751B,元大AAA至A公司債,21,0,21,群益金鼎-東大,2024-05-09,9135
00720B,元大投資級公司債,18,0,18,群益金鼎-東大,2024-05-09,9135
2486,一詮,75,57,18,群益金鼎-東大,2024-05-09,9135
00877,復華中國5G,18,0,18,群益金鼎-東大,2024-05-09,9135
4909,新復興,47,31,16,群益金鼎-東大,2024-05-09,9135
1721,三晃,16,0,16,群益金鼎-東大,2024-05-09,9135
2362,藍天,49,33,16,群益金鼎-東大,2024-05-09,9135
0056,元大高股息,21,6,15,群益金鼎-東大,2024-05-09,9135
8064,東捷,15,0,15,群益金鼎-東大,2024-05-09,9135
4967,十銓,22,7,15,群益金鼎-東大,2024-05-09,9135
5529,鉅陞,15,0,15,群益金鼎-東大,2024-05-09,9135
1524,耿鼎,18,3,15,群益金鼎-東大,2024-05-09,9135
5519,隆大,20,5,15,群益金鼎-東大,2024-05-09,9135
6125,廣運,26,12,14,群益金鼎-東大,2024-05-09,9135
4303,信立,15,1,14,群益金鼎-東大,2024-05-09,9135
8086,宏捷科,14,0,14,群益金鼎-東大,2024-05-09,9135
9945,潤泰新,16,3,13,群益金鼎-東大,2024-05-09,9135
1817,凱撒衛,13,0,13,群益金鼎-東大,2024-05-09,9135
2834,臺企銀,18,5,13,群益金鼎-東大,2024-05-09,9135
3260,威剛,20,8,12,群益金鼎-東大,2024-05-09,9135
1786,科妍,12,0,12,群益金鼎-東大,2024-05-09,9135
5512,力麒,19,7,12,群益金鼎-東大,2024-05-09,9135
00687B,國泰20年美債,12,0,12,群益金鼎-東大,2024-05-09,9135
2357,華碩,17,6,11,群益金鼎-東大,2024-05-09,9135
2368,金像電,11,0,11,群益金鼎-東大,2024-05-09,9135
6531,愛普*,10,0,10,群益金鼎-東大,2024-05-09,9135
2367,燿華,59,49,10,群益金鼎-東大,2024-05-09,9135
00632R,元大台灣50反1,500,0,500,群益金鼎-東大,2024-05-10,9135
00937B,群益ESG投等債20,378,16,362,群益金鼎-東大,2024-05-10,9135
2867,三商壽,141,1,140,群益金鼎-東大,2024-05-10,9135
00929,復華台灣科技優息,130,4,126,群益金鼎-東大,2024-05-10,9135
00946,群益科技高息成長,76,15,61,群益金鼎-東大,2024-05-10,9135
00665L,富邦�琤肭磪囓�2,70,10,60,群益金鼎-東大,2024-05-10,9135
2313,華通,50,10,40,群益金鼎-東大,2024-05-10,9135
00933B,國泰10Y+金融債,33,0,33,群益金鼎-東大,2024-05-10,9135
1786,科妍,31,0,31,群益金鼎-東大,2024-05-10,9135
8111,立��,31,0,31,群益金鼎-東大,2024-05-10,9135
6226,光鼎,30,0,30,群益金鼎-東大,2024-05-10,9135
1708,東鹼,25,0,25,群益金鼎-東大,2024-05-10,9135
1817,凱撒衛,25,2,23,群益金鼎-東大,2024-05-10,9135
1217,愛之味,22,0,22,群益金鼎-東大,2024-05-10,9135
3036,文曄,23,2,21,群益金鼎-東大,2024-05-10,9135
5529,鉅陞,21,0,21,群益金鼎-東大,2024-05-10,9135
6156,松上,20,0,20,群益金鼎-東大,2024-05-10,9135
2887,台新金,20,0,20,群益金鼎-東大,2024-05-10,9135
8112,至上,28,9,19,群益金鼎-東大,2024-05-10,9135
2617,台航,18,1,17,群益金鼎-東大,2024-05-10,9135
8906,花王,18,1,17,群益金鼎-東大,2024-05-10,9135
6414,樺漢,17,1,16,群益金鼎-東大,2024-05-10,9135
2374,佳能,24,10,14,群益金鼎-東大,2024-05-10,9135
3339,泰谷,29,15,14,群益金鼎-東大,2024-05-10,9135
2317,鴻海,27,14,13,群益金鼎-東大,2024-05-10,9135
5381,合正,12,0,12,群益金鼎-東大,2024-05-10,9135
3706,神達,23,11,12,群益金鼎-東大,2024-05-10,9135
2371,大同,32,20,12,群益金鼎-東大,2024-05-10,9135
6269,台郡,18,6,12,群益金鼎-東大,2024-05-10,9135
2886,兆豐金,20,9,11,群益金鼎-東大,2024-05-10,9135
3661,世芯-KY,14,3,11,群益金鼎-東大,2024-05-10,9135
3060,銘異,11,0,11,群益金鼎-東大,2024-05-10,9135
1808,潤隆,10,0,10,群益金鼎-東大,2024-05-10,9135
2605,新興,35,25,10,群益金鼎-東大,2024-05-10,9135
1307,三芳,12,2,10,群益金鼎-東大,2024-05-10,9135
00719B,元大美債1-3,10,0,10,群益金鼎-東大,2024-05-10,9135
6117,迎廣,18,8,10,群益金鼎-東大,2024-05-10,9135
6443,元晶,13,3,10,群益金鼎-東大,2024-05-10,9135
8429,金麗-KY,10,0,10,群益金鼎-東大,2024-05-10,9135
0056,元大高股息,10,1,9,群益金鼎-東大,2024-05-10,9135
3303,岱稜,9,0,9,群益金鼎-東大,2024-05-10,9135
2641,正德,10,1,9,群益金鼎-東大,2024-05-10,9135
3581,博磊,9,0,9,群益金鼎-東大,2024-05-10,9135
5864,致和證,9,0,9,群益金鼎-東大,2024-05-10,9135
5009,榮剛,9,0,9,群益金鼎-東大,2024-05-10,9135
00944,野村趨勢動能高息,9,0,9,群益金鼎-東大,2024-05-10,9135
3624,光頡,9,0,9,群益金鼎-東大,2024-05-10,9135
5309,系統電,10,1,9,群益金鼎-東大,2024-05-10,9135
6285,啟��,9,1,8,群益金鼎-東大,2024-05-10,9135
4562,穎漢,19,11,8,群益金鼎-東大,2024-05-10,9135
00937B,群益ESG投等債20,581,0,581,群益金鼎-東大,2024-05-13,9135
00946,群益科技高息成長,323,17,306,群益金鼎-東大,2024-05-13,9135
00929,復華台灣科技優息,239,3,236,群益金鼎-東大,2024-05-13,9135
00679B,元大美債20年,135,4,131,群益金鼎-東大,2024-05-13,9135
2915,潤泰全,90,7,83,群益金鼎-東大,2024-05-13,9135
3033,威健,83,7,76,群益金鼎-東大,2024-05-13,9135
2367,燿華,143,72,71,群益金鼎-東大,2024-05-13,9135
2534,宏盛,81,18,63,群益金鼎-東大,2024-05-13,9135
00786B,元大10年IG銀行債,60,0,60,群益金鼎-東大,2024-05-13,9135
2611,志信,62,7,55,群益金鼎-東大,2024-05-13,9135
4716,大立,49,0,49,群益金鼎-東大,2024-05-13,9135
5880,合庫金,47,0,47,群益金鼎-東大,2024-05-13,9135
2888A,新光金甲特,45,0,45,群益金鼎-東大,2024-05-13,9135
00720B,元大投資級公司債,43,0,43,群益金鼎-東大,2024-05-13,9135
2887,台新金,62,20,42,群益金鼎-東大,2024-05-13,9135
2897,王道銀行,70,29,41,群益金鼎-東大,2024-05-13,9135
00905,FT臺灣Smart,39,0,39,群益金鼎-東大,2024-05-13,9135
1504,東元,43,5,38,群益金鼎-東大,2024-05-13,9135
2852,第一保,31,0,31,群益金鼎-東大,2024-05-13,9135
6442,光聖,29,0,29,群益金鼎-東大,2024-05-13,9135
2641,正德,54,30,24,群益金鼎-東大,2024-05-13,9135
6216,居易,21,1,20,群益金鼎-東大,2024-05-13,9135
00919,群益台灣精選高息,20,0,20,群益金鼎-東大,2024-05-13,9135
2374,佳能,60,41,19,群益金鼎-東大,2024-05-13,9135
1447,力鵬,18,0,18,群益金鼎-東大,2024-05-13,9135
3303,岱稜,20,2,18,群益金鼎-東大,2024-05-13,9135
8906,花王,18,0,18,群益金鼎-東大,2024-05-13,9135
1718,中纖,17,0,17,群益金鼎-東大,2024-05-13,9135
8463,潤泰材,29,12,17,群益金鼎-東大,2024-05-13,9135
3231,緯創,16,0,16,群益金鼎-東大,2024-05-13,9135
6170,統振,16,0,16,群益金鼎-東大,2024-05-13,9135
4961,天鈺,19,3,16,群益金鼎-東大,2024-05-13,9135
00882,中信中國高股息,15,0,15,群益金鼎-東大,2024-05-13,9135
00945B,凱基美國非投等債,15,0,15,群益金鼎-東大,2024-05-13,9135
4167,松瑞藥,15,0,15,群益金鼎-東大,2024-05-13,9135
3430,奇鈦科,15,0,15,群益金鼎-東大,2024-05-13,9135
00940,元大台灣價值高息,31,16,15,群益金鼎-東大,2024-05-13,9135
2834,臺企銀,16,2,14,群益金鼎-東大,2024-05-13,9135
00751B,元大AAA至A公司債,16,2,14,群益金鼎-東大,2024-05-13,9135
3036,文曄,24,10,14,群益金鼎-東大,2024-05-13,9135
2323,中環,13,0,13,群益金鼎-東大,2024-05-13,9135
1795,美時,15,2,13,群益金鼎-東大,2024-05-13,9135
00715L,期街口布蘭特正2,13,0,13,群益金鼎-東大,2024-05-13,9135
2612,中航,16,3,13,群益金鼎-東大,2024-05-13,9135
00675L,富邦臺灣加權正2,15,3,12,群益金鼎-東大,2024-05-13,9135
4807,日成-KY,12,0,12,群益金鼎-東大,2024-05-13,9135
00944,野村趨勢動能高息,12,0,12,群益金鼎-東大,2024-05-13,9135
6727,亞泰金屬,13,1,12,群益金鼎-東大,2024-05-13,9135
1563,巧新,17,5,12,群益金鼎-東大,2024-05-13,9135
00688L,國泰20年美債正2,12,1,11,群益金鼎-東大,2024-05-13,9135
00937B,群益ESG投等債20,400,207,193,群益金鼎-東大,2024-05-14,9135
3033,威健,102,1,101,群益金鼎-東大,2024-05-14,9135
2317,鴻海,128,45,83,群益金鼎-東大,2024-05-14,9135
9934,成霖,80,0,80,群益金鼎-東大,2024-05-14,9135
2359,所羅門,70,14,56,群益金鼎-東大,2024-05-14,9135
2882,國泰金,61,5,56,群益金鼎-東大,2024-05-14,9135
3083,網龍,50,0,50,群益金鼎-東大,2024-05-14,9135
00933B,國泰10Y+金融債,44,0,44,群益金鼎-東大,2024-05-14,9135
00919,群益台灣精選高息,41,5,36,群益金鼎-東大,2024-05-14,9135
00940,元大台灣價值高息,47,13,34,群益金鼎-東大,2024-05-14,9135
2409,友達,30,1,29,群益金鼎-東大,2024-05-14,9135
2610,華航,38,10,28,群益金鼎-東大,2024-05-14,9135
00929,復華台灣科技優息,54,27,27,群益金鼎-東大,2024-05-14,9135
00665L,富邦�琤肭磪囓�2,25,0,25,群益金鼎-東大,2024-05-14,9135
2618,長榮航,31,6,25,群益金鼎-東大,2024-05-14,9135
9906,欣巴巴,22,1,21,群益金鼎-東大,2024-05-14,9135
1532,勤美,20,0,20,群益金鼎-東大,2024-05-14,9135
2382,廣達,51,31,20,群益金鼎-東大,2024-05-14,9135
9945,潤泰新,28,10,18,群益金鼎-東大,2024-05-14,9135
00878,國泰永續高股息,31,13,18,群益金鼎-東大,2024-05-14,9135
1307,三芳,22,6,16,群益金鼎-東大,2024-05-14,9135
3231,緯創,76,60,16,群益金鼎-東大,2024-05-14,9135
3260,威剛,16,1,15,群益金鼎-東大,2024-05-14,9135
2363,矽統,29,15,14,群益金鼎-東大,2024-05-14,9135
8299,群聯,19,5,14,群益金鼎-東大,2024-05-14,9135
2834,臺企銀,15,2,13,群益金鼎-東大,2024-05-14,9135
6509,聚和,13,0,13,群益金鼎-東大,2024-05-14,9135
2511,太子,12,0,12,群益金鼎-東大,2024-05-14,9135
2612,中航,13,1,12,群益金鼎-東大,2024-05-14,9135
4561,健椿,11,0,11,群益金鼎-東大,2024-05-14,9135
2476,鉅祥,17,6,11,群益金鼎-東大,2024-05-14,9135
00637L,元大滬深300正2,11,0,11,群益金鼎-東大,2024-05-14,9135
9927,泰銘,11,0,11,群益金鼎-東大,2024-05-14,9135
8089,康全電訊,11,0,11,群益金鼎-東大,2024-05-14,9135
5213,亞昕,11,0,11,群益金鼎-東大,2024-05-14,9135
2605,新興,45,34,11,群益金鼎-東大,2024-05-14,9135
6451,訊芯-KY,34,23,11,群益金鼎-東大,2024-05-14,9135
00679B,元大美債20年,12,2,10,群益金鼎-東大,2024-05-14,9135
2323,中環,10,0,10,群益金鼎-東大,2024-05-14,9135
1605,華新,12,2,10,群益金鼎-東大,2024-05-14,9135
4720,德淵,10,0,10,群益金鼎-東大,2024-05-14,9135
6596,寬宏藝術,10,0,10,群益金鼎-東大,2024-05-14,9135
6695,芯鼎,10,0,10,群益金鼎-東大,2024-05-14,9135
2355,敬鵬,21,12,9,群益金鼎-東大,2024-05-14,9135
6863,永道-KY,12,3,9,群益金鼎-東大,2024-05-14,9135
6125,廣運,79,71,8,群益金鼎-東大,2024-05-14,9135
00885,富邦越南,8,0,8,群益金鼎-東大,2024-05-14,9135
6213,聯茂,10,2,8,群益金鼎-東大,2024-05-14,9135
2906,高林,7,0,7,群益金鼎-東大,2024-05-14,9135
1560,中砂,7,0,7,群益金鼎-東大,2024-05-14,9135
00937B,群益ESG投等債20,335,26,309,群益金鼎-東大,2024-05-15,9135
00929,復華台灣科技優息,161,3,158,群益金鼎-東大,2024-05-15,9135
00679B,元大美債20年,131,20,111,群益金鼎-東大,2024-05-15,9135
00919,群益台灣精選高息,170,115,55,群益金鼎-東大,2024-05-15,9135
3047,訊舟,113,60,53,群益金鼎-東大,2024-05-15,9135
00632R,元大台灣50反1,47,0,47,群益金鼎-東大,2024-05-15,9135
00830,國泰費城半導體,44,0,44,群益金鼎-東大,2024-05-15,9135
00940,元大台灣價值高息,37,10,27,群益金鼎-東大,2024-05-15,9135
3564,其陽,33,6,27,群益金鼎-東大,2024-05-15,9135
2344,華邦電,21,0,21,群益金鼎-東大,2024-05-15,9135
2349,錸德,20,1,19,群益金鼎-東大,2024-05-15,9135
2359,所羅門,41,22,19,群益金鼎-東大,2024-05-15,9135
00720B,元大投資級公司債,21,3,18,群益金鼎-東大,2024-05-15,9135
00637L,元大滬深300正2,17,0,17,群益金鼎-東大,2024-05-15,9135
2641,正德,17,0,17,群益金鼎-東大,2024-05-15,9135
6005,群益證,18,2,16,群益金鼎-東大,2024-05-15,9135
2834,臺企銀,18,2,16,群益金鼎-東大,2024-05-15,9135
00680L,元大美債20正2,20,4,16,群益金鼎-東大,2024-05-15,9135
1447,力鵬,15,0,15,群益金鼎-東大,2024-05-15,9135
5213,亞昕,15,0,15,群益金鼎-東大,2024-05-15,9135
4967,十銓,18,4,14,群益金鼎-東大,2024-05-15,9135
3287,廣寰科,16,2,14,群益金鼎-東大,2024-05-15,9135
3303,岱稜,13,0,13,群益金鼎-東大,2024-05-15,9135
2356,英業達,55,43,12,群益金鼎-東大,2024-05-15,9135
2009,第一銅,31,19,12,群益金鼎-東大,2024-05-15,9135
6188,廣明,16,5,11,群益金鼎-東大,2024-05-15,9135
6264,富裔,11,0,11,群益金鼎-東大,2024-05-15,9135
2867,三商壽,11,0,11,群益金鼎-東大,2024-05-15,9135
3715,定穎投控,11,0,11,群益金鼎-東大,2024-05-15,9135
2357,華碩,11,1,10,群益金鼎-東大,2024-05-15,9135
2323,中環,14,4,10,群益金鼎-東大,2024-05-15,9135
2880,華南金,10,0,10,群益金鼎-東大,2024-05-15,9135
5469,瀚宇博,10,0,10,群益金鼎-東大,2024-05-15,9135
00713,元大台灣高息低波,10,0,10,群益金鼎-東大,2024-05-15,9135
2501,國建,12,2,10,群益金鼎-東大,2024-05-15,9135
2324,仁寶,10,0,10,群益金鼎-東大,2024-05-15,9135
00885,富邦越南,10,0,10,群益金鼎-東大,2024-05-15,9135
2643,捷迅,10,0,10,群益金鼎-東大,2024-05-15,9135
1446,宏和,10,0,10,群益金鼎-東大,2024-05-15,9135
2612,中航,10,0,10,群益金鼎-東大,2024-05-15,9135
2845,遠東銀,10,0,10,群益金鼎-東大,2024-05-15,9135
00751B,元大AAA至A公司債,10,0,10,群益金鼎-東大,2024-05-15,9135
4533,協易機,23,13,10,群益金鼎-東大,2024-05-15,9135
00882,中信中國高股息,36,27,9,群益金鼎-東大,2024-05-15,9135
3035,智原,9,0,9,群益金鼎-東大,2024-05-15,9135
00904,新光臺灣半導體30,9,0,9,群益金鼎-東大,2024-05-15,9135
6449,鈺邦,9,0,9,群益金鼎-東大,2024-05-15,9135
2528,皇普,9,0,9,群益金鼎-東大,2024-05-15,9135
8096,擎亞,23,14,9,群益金鼎-東大,2024-05-15,9135
6790,永豐實,9,0,9,群益金鼎-東大,2024-05-15,9135
00937B,群益ESG投等債20,436,113,323,群益金鼎-東大,2024-05-16,9135
3033,威健,271,3,268,群益金鼎-東大,2024-05-16,9135
00679B,元大美債20年,165,23,142,群益金鼎-東大,2024-05-16,9135
00878,國泰永續高股息,150,38,112,群益金鼎-東大,2024-05-16,9135
2867,三商壽,101,10,91,群益金鼎-東大,2024-05-16,9135
00650L,復華香港正2,88,10,78,群益金鼎-東大,2024-05-16,9135
3231,緯創,117,55,62,群益金鼎-東大,2024-05-16,9135
6217,中探針,51,1,50,群益金鼎-東大,2024-05-16,9135
00929,復華台灣科技優息,50,1,49,群益金鼎-東大,2024-05-16,9135
00927,群益半導體收益,50,6,44,群益金鼎-東大,2024-05-16,9135
00933B,國泰10Y+金融債,53,12,41,群益金鼎-東大,2024-05-16,9135
2365,昆盈,65,29,36,群益金鼎-東大,2024-05-16,9135
6227,茂綸,42,8,34,群益金鼎-東大,2024-05-16,9135
2382,廣達,54,24,30,群益金鼎-東大,2024-05-16,9135
1532,勤美,29,0,29,群益金鼎-東大,2024-05-16,9135
1591,駿吉-KY,27,2,25,群益金鼎-東大,2024-05-16,9135
2489,瑞軒,42,17,25,群益金鼎-東大,2024-05-16,9135
3390,旭軟,22,0,22,群益金鼎-東大,2024-05-16,9135
00632R,元大台灣50反1,21,0,21,群益金鼎-東大,2024-05-16,9135
00687B,國泰20年美債,22,1,21,群益金鼎-東大,2024-05-16,9135
00936,台新永續高息中小,20,0,20,群益金鼎-東大,2024-05-16,9135
2611,志信,20,0,20,群益金鼎-東大,2024-05-16,9135
00915,凱基優選高股息30,19,0,19,群益金鼎-東大,2024-05-16,9135
3081,聯亞,19,0,19,群益金鼎-東大,2024-05-16,9135
6015,宏遠證,20,2,18,群益金鼎-東大,2024-05-16,9135
2317,鴻海,97,80,17,群益金鼎-東大,2024-05-16,9135
2520,冠德,17,2,15,群益金鼎-東大,2024-05-16,9135
5512,力麒,15,0,15,群益金鼎-東大,2024-05-16,9135
5531,鄉林,15,0,15,群益金鼎-東大,2024-05-16,9135
3024,憶聲,15,0,15,群益金鼎-東大,2024-05-16,9135
2515,中工,18,3,15,群益金鼎-東大,2024-05-16,9135
1608,華榮,46,32,14,群益金鼎-東大,2024-05-16,9135
6197,佳必琪,14,0,14,群益金鼎-東大,2024-05-16,9135
3481,群創,13,0,13,群益金鼎-東大,2024-05-16,9135
6189,豐藝,17,5,12,群益金鼎-東大,2024-05-16,9135
00637L,元大滬深300正2,17,5,12,群益金鼎-東大,2024-05-16,9135
4534,慶騰,12,0,12,群益金鼎-東大,2024-05-16,9135
2367,燿華,119,107,12,群益金鼎-東大,2024-05-16,9135
2609,陽明,162,150,12,群益金鼎-東大,2024-05-16,9135
5490,同亨,11,0,11,群益金鼎-東大,2024-05-16,9135
1316,上曜,12,1,11,群益金鼎-東大,2024-05-16,9135
1440,南紡,12,1,11,群益金鼎-東大,2024-05-16,9135
00942B,台新美A公司債20+,10,0,10,群益金鼎-東大,2024-05-16,9135
00885,富邦越南,10,0,10,群益金鼎-東大,2024-05-16,9135
6207,雷科,22,12,10,群益金鼎-東大,2024-05-16,9135
1522,堤維西,18,8,10,群益金鼎-東大,2024-05-16,9135
4909,新復興,9,0,9,群益金鼎-東大,2024-05-16,9135
8070,長華*,11,2,9,群益金鼎-東大,2024-05-16,9135
8069,元太,8,0,8,群益金鼎-東大,2024-05-16,9135
3209,全科,8,0,8,群益金鼎-東大,2024-05-16,9135
00937B,群益ESG投等債20,461,0,461,群益金鼎-東大,2024-05-17,9135
00929,復華台灣科技優息,125,0,125,群益金鼎-東大,2024-05-17,9135
00919,群益台灣精選高息,111,2,109,群益金鼎-東大,2024-05-17,9135
2867,三商壽,186,81,105,群益金鼎-東大,2024-05-17,9135
00878,國泰永續高股息,79,11,68,群益金鼎-東大,2024-05-17,9135
2610,華航,99,42,57,群益金鼎-東大,2024-05-17,9135
00946,群益科技高息成長,56,0,56,群益金鼎-東大,2024-05-17,9135
5392,能率,98,42,56,群益金鼎-東大,2024-05-17,9135
00933B,國泰10Y+金融債,51,0,51,群益金鼎-東大,2024-05-17,9135
6188,廣明,102,54,48,群益金鼎-東大,2024-05-17,9135
1784,訊聯,43,0,43,群益金鼎-東大,2024-05-17,9135
00650L,復華香港正2,41,0,41,群益金鼎-東大,2024-05-17,9135
00632R,元大台灣50反1,40,0,40,群益金鼎-東大,2024-05-17,9135
6446,藥華藥,42,6,36,群益金鼎-東大,2024-05-17,9135
8089,康全電訊,40,5,35,群益金鼎-東大,2024-05-17,9135
00679B,元大美債20年,33,0,33,群益金鼎-東大,2024-05-17,9135
00940,元大台灣價值高息,32,0,32,群益金鼎-東大,2024-05-17,9135
2356,英業達,91,61,30,群益金鼎-東大,2024-05-17,9135
2618,長榮航,42,13,29,群益金鼎-東大,2024-05-17,9135
2417,圓剛,47,19,28,群益金鼎-東大,2024-05-17,9135
2486,一詮,50,24,26,群益金鼎-東大,2024-05-17,9135
6770,力積電,23,1,22,群益金鼎-東大,2024-05-17,9135
00713,元大台灣高息低波,20,0,20,群益金鼎-東大,2024-05-17,9135
2845,遠東銀,20,0,20,群益金鼎-東大,2024-05-17,9135
00665L,富邦�琤肭磪囓�2,20,0,20,群益金鼎-東大,2024-05-17,9135
9958,世紀鋼,29,10,19,群益金鼎-東大,2024-05-17,9135
00786B,元大10年IG銀行債,19,0,19,群益金鼎-東大,2024-05-17,9135
3312,弘憶股,92,73,19,群益金鼎-東大,2024-05-17,9135
00687B,國泰20年美債,23,6,17,群益金鼎-東大,2024-05-17,9135
3706,神達,19,2,17,群益金鼎-東大,2024-05-17,9135
2349,錸德,15,1,14,群益金鼎-東大,2024-05-17,9135
1717,長興,14,0,14,群益金鼎-東大,2024-05-17,9135
2312,金寶,20,6,14,群益金鼎-東大,2024-05-17,9135
6265,方土昶,14,0,14,群益金鼎-東大,2024-05-17,9135
6438,迅得,15,1,14,群益金鼎-東大,2024-05-17,9135
2362,藍天,25,11,14,群益金鼎-東大,2024-05-17,9135
1314,中石化,13,0,13,群益金鼎-東大,2024-05-17,9135
8028,昇陽半導體,39,27,12,群益金鼎-東大,2024-05-17,9135
3231,緯創,13,1,12,群益金鼎-東大,2024-05-17,9135
6207,雷科,19,7,12,群益金鼎-東大,2024-05-17,9135
2605,新興,24,12,12,群益金鼎-東大,2024-05-17,9135
8054,安國,39,27,12,群益金鼎-東大,2024-05-17,9135
2527,宏璟,25,14,11,群益金鼎-東大,2024-05-17,9135
3017,奇鋐,16,5,11,群益金鼎-東大,2024-05-17,9135
4533,協易機,51,40,11,群益金鼎-東大,2024-05-17,9135
4562,穎漢,19,8,11,群益金鼎-東大,2024-05-17,9135
1718,中纖,11,0,11,群益金鼎-東大,2024-05-17,9135
6415,矽力*-KY,12,1,11,群益金鼎-東大,2024-05-17,9135
2501,國建,12,2,10,群益金鼎-東大,2024-05-17,9135
1618,合機,16,6,10,群益金鼎-東大,2024-05-17,9135
00937B,群益ESG投等債20,390,0,390,群益金鼎-東大,2024-05-20,9135
2867,三商壽,395,38,357,群益金鼎-東大,2024-05-20,9135
2897A,王道銀甲特,236,0,236,群益金鼎-東大,2024-05-20,9135
00679B,元大美債20年,152,10,142,群益金鼎-東大,2024-05-20,9135
00929,復華台灣科技優息,213,86,127,群益金鼎-東大,2024-05-20,9135
2354,鴻準,125,3,122,群益金鼎-東大,2024-05-20,9135
00713,元大台灣高息低波,93,10,83,群益金鼎-東大,2024-05-20,9135
00786B,元大10年IG銀行債,80,0,80,群益金鼎-東大,2024-05-20,9135
00919,群益台灣精選高息,89,11,78,群益金鼎-東大,2024-05-20,9135
00632R,元大台灣50反1,71,0,71,群益金鼎-東大,2024-05-20,9135
2601,益航,51,0,51,群益金鼎-東大,2024-05-20,9135
00664R,國泰臺灣加權反1,50,0,50,群益金鼎-東大,2024-05-20,9135
3047,訊舟,79,34,45,群益金鼎-東大,2024-05-20,9135
4720,德淵,44,0,44,群益金鼎-東大,2024-05-20,9135
5392,能率,49,7,42,群益金鼎-東大,2024-05-20,9135
3483,力致,66,26,40,群益金鼎-東大,2024-05-20,9135
00631L,元大台灣50正2,42,2,40,群益金鼎-東大,2024-05-20,9135
6449,鈺邦,39,0,39,群益金鼎-東大,2024-05-20,9135
2618,長榮航,102,66,36,群益金鼎-東大,2024-05-20,9135
2359,所羅門,148,116,32,群益金鼎-東大,2024-05-20,9135
2363,矽統,71,40,31,群益金鼎-東大,2024-05-20,9135
00878,國泰永續高股息,65,35,30,群益金鼎-東大,2024-05-20,9135
6167,久正,35,5,30,群益金鼎-東大,2024-05-20,9135
1514,亞力,27,1,26,群益金鼎-東大,2024-05-20,9135
3060,銘異,27,2,25,群益金鼎-東大,2024-05-20,9135
8936,國統,38,13,25,群益金鼎-東大,2024-05-20,9135
2812,台中銀,24,3,21,群益金鼎-東大,2024-05-20,9135
00751B,元大AAA至A公司債,25,4,21,群益金鼎-東大,2024-05-20,9135
8096,擎亞,31,14,17,群益金鼎-東大,2024-05-20,9135
4533,協易機,30,14,16,群益金鼎-東大,2024-05-20,9135
5512,力麒,20,6,14,群益金鼎-東大,2024-05-20,9135
6188,廣明,47,35,12,群益金鼎-東大,2024-05-20,9135
5213,亞昕,12,0,12,群益金鼎-東大,2024-05-20,9135
5009,榮剛,22,11,11,群益金鼎-東大,2024-05-20,9135
3450,聯鈞,18,7,11,群益金鼎-東大,2024-05-20,9135
3596,智易,11,0,11,群益金鼎-東大,2024-05-20,9135
3013,晟銘電,57,46,11,群益金鼎-東大,2024-05-20,9135
00939,統一台灣高息動能,12,1,11,群益金鼎-東大,2024-05-20,9135
2357,華碩,11,0,11,群益金鼎-東大,2024-05-20,9135
6005,群益證,10,0,10,群益金鼎-東大,2024-05-20,9135
2905,三商,10,0,10,群益金鼎-東大,2024-05-20,9135
2014,中鴻,11,1,10,群益金鼎-東大,2024-05-20,9135
2337,旺宏,10,0,10,群益金鼎-東大,2024-05-20,9135
6509,聚和,13,3,10,群益金鼎-東大,2024-05-20,9135
2701,萬企,10,0,10,群益金鼎-東大,2024-05-20,9135
3376,新日興,51,41,10,群益金鼎-東大,2024-05-20,9135
1532,勤美,11,1,10,群益金鼎-東大,2024-05-20,9135
6770,力積電,12,3,9,群益金鼎-東大,2024-05-20,9135
2739,寒舍,13,4,9,群益金鼎-東大,2024-05-20,9135
4561,健椿,9,0,9,群益金鼎-東大,2024-05-20,9135
00937B,群益ESG投等債20,308,16,292,群益金鼎-東大,2024-05-21,9135
00919,群益台灣精選高息,188,65,123,群益金鼎-東大,2024-05-21,9135
00929,復華台灣科技優息,105,1,104,群益金鼎-東大,2024-05-21,9135
8277,商丞,75,0,75,群益金鼎-東大,2024-05-21,9135
2897,王道銀行,59,0,59,群益金鼎-東大,2024-05-21,9135
00679B,元大美債20年,57,12,45,群益金鼎-東大,2024-05-21,9135
2442,新美齊,53,9,44,群益金鼎-東大,2024-05-21,9135
8059,凱碩,43,0,43,群益金鼎-東大,2024-05-21,9135
2867,三商壽,53,11,42,群益金鼎-東大,2024-05-21,9135
6117,迎廣,52,15,37,群益金鼎-東大,2024-05-21,9135
2393,億光,34,0,34,群益金鼎-東大,2024-05-21,9135
00878,國泰永續高股息,35,2,33,群益金鼎-東大,2024-05-21,9135
6449,鈺邦,25,0,25,群益金鼎-東大,2024-05-21,9135
00933B,國泰10Y+金融債,25,0,25,群益金鼎-東大,2024-05-21,9135
2367,燿華,139,116,23,群益金鼎-東大,2024-05-21,9135
5512,力麒,22,0,22,群益金鼎-東大,2024-05-21,9135
00632R,元大台灣50反1,22,0,22,群益金鼎-東大,2024-05-21,9135
3059,華晶科,30,9,21,群益金鼎-東大,2024-05-21,9135
3605,宏致,25,5,20,群益金鼎-東大,2024-05-21,9135
2887,台新金,20,0,20,群益金鼎-東大,2024-05-21,9135
8096,擎亞,31,11,20,群益金鼎-東大,2024-05-21,9135
2838,聯邦銀,19,0,19,群益金鼎-東大,2024-05-21,9135
5514,三豐,19,0,19,群益金鼎-東大,2024-05-21,9135
2464,盟立,32,13,19,群益金鼎-東大,2024-05-21,9135
1605,華新,81,62,19,群益金鼎-東大,2024-05-21,9135
00940,元大台灣價值高息,28,10,18,群益金鼎-東大,2024-05-21,9135
2359,所羅門,136,118,18,群益金鼎-東大,2024-05-21,9135
8358,金居,31,14,17,群益金鼎-東大,2024-05-21,9135
00751B,元大AAA至A公司債,16,0,16,群益金鼎-東大,2024-05-21,9135
00930,永豐ESG低碳高息,15,0,15,群益金鼎-東大,2024-05-21,9135
00946,群益科技高息成長,15,0,15,群益金鼎-東大,2024-05-21,9135
2312,金寶,15,0,15,群益金鼎-東大,2024-05-21,9135
00719B,元大美債1-3,20,6,14,群益金鼎-東大,2024-05-21,9135
6263,普萊德,14,0,14,群益金鼎-東大,2024-05-21,9135
00720B,元大投資級公司債,12,0,12,群益金鼎-東大,2024-05-21,9135
00935,野村臺灣新科技50,12,0,12,群益金鼎-東大,2024-05-21,9135
2812,台中銀,12,1,11,群益金鼎-東大,2024-05-21,9135
2409,友達,11,0,11,群益金鼎-東大,2024-05-21,9135
5230,雷笛克光學,16,5,11,群益金鼎-東大,2024-05-21,9135
6770,力積電,12,1,11,群益金鼎-東大,2024-05-21,9135
8299,群聯,13,3,10,群益金鼎-東大,2024-05-21,9135
2243,宏旭-KY,10,0,10,群益金鼎-東大,2024-05-21,9135
3702,大聯大,11,1,10,群益金鼎-東大,2024-05-21,9135
00692,富邦公司治理,10,0,10,群益金鼎-東大,2024-05-21,9135
2701,萬企,10,0,10,群益金鼎-東大,2024-05-21,9135
00665L,富邦�琤肭磪囓�2,10,0,10,群益金鼎-東大,2024-05-21,9135
2615,萬海,11,1,10,群益金鼎-東大,2024-05-21,9135
2374,佳能,65,55,10,群益金鼎-東大,2024-05-21,9135
3694,海華,10,1,9,群益金鼎-東大,2024-05-21,9135
2323,中環,9,0,9,群益金鼎-東大,2024-05-21,9135
00937B,群益ESG投等債20,739,0,739,群益金鼎-東大,2024-05-22,9135
2867,三商壽,161,22,139,群益金鼎-東大,2024-05-22,9135
2002,中鋼,134,1,133,群益金鼎-東大,2024-05-22,9135
3260,威剛,92,4,88,群益金鼎-東大,2024-05-22,9135
2312,金寶,70,6,64,群益金鼎-東大,2024-05-22,9135
5443,均豪,56,2,54,群益金鼎-東大,2024-05-22,9135
00927,群益半導體收益,50,0,50,群益金鼎-東大,2024-05-22,9135
3481,群創,51,6,45,群益金鼎-東大,2024-05-22,9135
6290,良維,44,1,43,群益金鼎-東大,2024-05-22,9135
3312,弘憶股,49,9,40,群益金鼎-東大,2024-05-22,9135
00637L,元大滬深300正2,36,1,35,群益金鼎-東大,2024-05-22,9135
6213,聯茂,36,2,34,群益金鼎-東大,2024-05-22,9135
3047,訊舟,93,60,33,群益金鼎-東大,2024-05-22,9135
8110,華東,40,9,31,群益金鼎-東大,2024-05-22,9135
9945,潤泰新,31,0,31,群益金鼎-東大,2024-05-22,9135
00712,復華富時不動產,26,0,26,群益金鼎-東大,2024-05-22,9135
2618,長榮航,36,11,25,群益金鼎-東大,2024-05-22,9135
3706,神達,39,15,24,群益金鼎-東大,2024-05-22,9135
5514,三豐,24,0,24,群益金鼎-東大,2024-05-22,9135
6449,鈺邦,26,3,23,群益金鼎-東大,2024-05-22,9135
2017,官田鋼,20,0,20,群益金鼎-東大,2024-05-22,9135
2365,昆盈,80,61,19,群益金鼎-東大,2024-05-22,9135
2505,國揚,20,1,19,群益金鼎-東大,2024-05-22,9135
4714,永捷,25,6,19,群益金鼎-東大,2024-05-22,9135
8096,擎亞,21,5,16,群益金鼎-東大,2024-05-22,9135
1909,榮成,16,0,16,群益金鼎-東大,2024-05-22,9135
2486,一詮,48,32,16,群益金鼎-東大,2024-05-22,9135
6117,迎廣,21,6,15,群益金鼎-東大,2024-05-22,9135
3013,晟銘電,67,52,15,群益金鼎-東大,2024-05-22,9135
2504,國產,18,4,14,群益金鼎-東大,2024-05-22,9135
00918,大華優利高填息30,14,0,14,群益金鼎-東大,2024-05-22,9135
00753L,中信中國50正2,14,0,14,群益金鼎-東大,2024-05-22,9135
3685,元創精密,14,0,14,群益金鼎-東大,2024-05-22,9135
1316,上曜,11,0,11,群益金鼎-東大,2024-05-22,9135
2405,輔信,21,10,11,群益金鼎-東大,2024-05-22,9135
00751B,元大AAA至A公司債,12,1,11,群益金鼎-東大,2024-05-22,9135
1447,力鵬,11,0,11,群益金鼎-東大,2024-05-22,9135
6526,達發,12,1,11,群益金鼎-東大,2024-05-22,9135
8028,昇陽半導體,30,20,10,群益金鼎-東大,2024-05-22,9135
8234,新漢,12,2,10,群益金鼎-東大,2024-05-22,9135
3661,世芯-KY,12,2,10,群益金鼎-東大,2024-05-22,9135
6116,彩晶,22,12,10,群益金鼎-東大,2024-05-22,9135
3050,鈺德,10,0,10,群益金鼎-東大,2024-05-22,9135
00632R,元大台灣50反1,10,0,10,群益金鼎-東大,2024-05-22,9135
00928,中信上櫃ESG30,10,0,10,群益金鼎-東大,2024-05-22,9135
2520,冠德,11,1,10,群益金鼎-東大,2024-05-22,9135
2884,玉山金,14,5,9,群益金鼎-東大,2024-05-22,9135
1809,中釉,47,38,9,群益金鼎-東大,2024-05-22,9135
6799,來頡,9,0,9,群益金鼎-東大,2024-05-22,9135
2489,瑞軒,20,11,9,群益金鼎-東大,2024-05-22,9135
00937B,群益ESG投等債20,1188,10,1178,群益金鼎-東大,2024-05-23,9135
1605,華新,253,1,252,群益金鼎-東大,2024-05-23,9135
00764B,群益25年美債,528,397,131,群益金鼎-東大,2024-05-23,9135
00919,群益台灣精選高息,125,11,114,群益金鼎-東大,2024-05-23,9135
00753L,中信中國50正2,71,0,71,群益金鼎-東大,2024-05-23,9135
00712,復華富時不動產,62,0,62,群益金鼎-東大,2024-05-23,9135
00927,群益半導體收益,55,0,55,群益金鼎-東大,2024-05-23,9135
1802,台玻,49,1,48,群益金鼎-東大,2024-05-23,9135
3056,富華新,47,0,47,群益金鼎-東大,2024-05-23,9135
00637L,元大滬深300正2,44,0,44,群益金鼎-東大,2024-05-23,9135
2897,王道銀行,42,0,42,群益金鼎-東大,2024-05-23,9135
2317,鴻海,87,46,41,群益金鼎-東大,2024-05-23,9135
8070,長華*,39,2,37,群益金鼎-東大,2024-05-23,9135
2486,一詮,112,75,37,群益金鼎-東大,2024-05-23,9135
00632R,元大台灣50反1,36,0,36,群益金鼎-東大,2024-05-23,9135
2354,鴻準,73,42,31,群益金鼎-東大,2024-05-23,9135
1810,和成,34,4,30,群益金鼎-東大,2024-05-23,9135
2301,光寶科,64,36,28,群益金鼎-東大,2024-05-23,9135
3481,群創,31,3,28,群益金鼎-東大,2024-05-23,9135
2748,雲品,28,0,28,群益金鼎-東大,2024-05-23,9135
5230,雷笛克光學,34,7,27,群益金鼎-東大,2024-05-23,9135
00946,群益科技高息成長,27,0,27,群益金鼎-東大,2024-05-23,9135
2834,臺企銀,24,0,24,群益金鼎-東大,2024-05-23,9135
2504,國產,29,7,22,群益金鼎-東大,2024-05-23,9135
2801,彰銀,22,0,22,群益金鼎-東大,2024-05-23,9135
5452,佶優,22,0,22,群益金鼎-東大,2024-05-23,9135
2634,漢翔,64,43,21,群益金鼎-東大,2024-05-23,9135
2505,國揚,20,0,20,群益金鼎-東大,2024-05-23,9135
5443,均豪,46,26,20,群益金鼎-東大,2024-05-23,9135
1714,和桐,20,1,19,群益金鼎-東大,2024-05-23,9135
00882,中信中國高股息,27,10,17,群益金鼎-東大,2024-05-23,9135
3060,銘異,28,11,17,群益金鼎-東大,2024-05-23,9135
2812,台中銀,18,1,17,群益金鼎-東大,2024-05-23,9135
5426,振發,19,2,17,群益金鼎-東大,2024-05-23,9135
9904,寶成,16,0,16,群益金鼎-東大,2024-05-23,9135
2363,矽統,26,11,15,群益金鼎-東大,2024-05-23,9135
6147,頎邦,16,2,14,群益金鼎-東大,2024-05-23,9135
3211,順達,15,1,14,群益金鼎-東大,2024-05-23,9135
2206,三陽工業,14,0,14,群益金鼎-東大,2024-05-23,9135
5512,力麒,14,0,14,群益金鼎-東大,2024-05-23,9135
6449,鈺邦,14,0,14,群益金鼎-東大,2024-05-23,9135
00918,大華優利高填息30,14,0,14,群益金鼎-東大,2024-05-23,9135
1314,中石化,14,0,14,群益金鼎-東大,2024-05-23,9135
2887,台新金,15,1,14,群益金鼎-東大,2024-05-23,9135
00713,元大台灣高息低波,13,0,13,群益金鼎-東大,2024-05-23,9135
00636,國泰中國A50,13,0,13,群益金鼎-東大,2024-05-23,9135
3376,新日興,21,8,13,群益金鼎-東大,2024-05-23,9135
6126,信音,13,0,13,群益金鼎-東大,2024-05-23,9135
2534,宏盛,31,19,12,群益金鼎-東大,2024-05-23,9135
2480,敦陽科,12,0,12,群益金鼎-東大,2024-05-23,9135
00937B,群益ESG投等債20,787,270,517,群益金鼎-東大,2024-05-24,9135
00764B,群益25年美債,639,443,196,群益金鼎-東大,2024-05-24,9135
3338,泰碩,128,20,108,群益金鼎-東大,2024-05-24,9135
2867,三商壽,97,3,94,群益金鼎-東大,2024-05-24,9135
00753L,中信中國50正2,84,2,82,群益金鼎-東大,2024-05-24,9135
1815,富喬,156,78,78,群益金鼎-東大,2024-05-24,9135
00712,復華富時不動產,90,21,69,群益金鼎-東大,2024-05-24,9135
3483,力致,74,26,48,群益金鼎-東大,2024-05-24,9135
00946,群益科技高息成長,56,8,48,群益金鼎-東大,2024-05-24,9135
2317,鴻海,74,27,47,群益金鼎-東大,2024-05-24,9135
6117,迎廣,131,86,45,群益金鼎-東大,2024-05-24,9135
00927,群益半導體收益,45,0,45,群益金鼎-東大,2024-05-24,9135
00720B,元大投資級公司債,40,0,40,群益金鼎-東大,2024-05-24,9135
00665L,富邦�琤肭磪囓�2,41,3,38,群益金鼎-東大,2024-05-24,9135
6147,頎邦,33,1,32,群益金鼎-東大,2024-05-24,9135
00751B,元大AAA至A公司債,30,0,30,群益金鼎-東大,2024-05-24,9135
6226,光鼎,26,0,26,群益金鼎-東大,2024-05-24,9135
00933B,國泰10Y+金融債,24,0,24,群益金鼎-東大,2024-05-24,9135
00857B,永豐20年美公債,22,0,22,群益金鼎-東大,2024-05-24,9135
8906,花王,20,0,20,群益金鼎-東大,2024-05-24,9135
2453,凌群,26,7,19,群益金鼎-東大,2024-05-24,9135
2609,陽明,29,10,19,群益金鼎-東大,2024-05-24,9135
6188,廣明,31,13,18,群益金鼎-東大,2024-05-24,9135
3056,富華新,18,0,18,群益金鼎-東大,2024-05-24,9135
8089,康全電訊,19,1,18,群益金鼎-東大,2024-05-24,9135
3545,敦泰,26,10,16,群益金鼎-東大,2024-05-24,9135
00877,復華中國5G,16,0,16,群益金鼎-東大,2024-05-24,9135
2392,正崴,47,31,16,群益金鼎-東大,2024-05-24,9135
00919,群益台灣精選高息,22,8,14,群益金鼎-東大,2024-05-24,9135
00940,元大台灣價值高息,23,9,14,群益金鼎-東大,2024-05-24,9135
2362,藍天,17,3,14,群益金鼎-東大,2024-05-24,9135
6126,信音,19,5,14,群益金鼎-東大,2024-05-24,9135
6177,達麗,18,5,13,群益金鼎-東大,2024-05-24,9135
8358,金居,19,6,13,群益金鼎-東大,2024-05-24,9135
2489,瑞軒,52,39,13,群益金鼎-東大,2024-05-24,9135
8028,昇陽半導體,39,26,13,群益金鼎-東大,2024-05-24,9135
2743,山富,14,2,12,群益金鼎-東大,2024-05-24,9135
2880,華南金,11,0,11,群益金鼎-東大,2024-05-24,9135
3652,精聯,13,2,11,群益金鼎-東大,2024-05-24,9135
5347,世界,13,2,11,群益金鼎-東大,2024-05-24,9135
2354,鴻準,14,3,11,群益金鼎-東大,2024-05-24,9135
1605,華新,64,53,11,群益金鼎-東大,2024-05-24,9135
2353,宏��,86,76,10,群益金鼎-東大,2024-05-24,9135
2801,彰銀,10,0,10,群益金鼎-東大,2024-05-24,9135
9919,康那香,10,0,10,群益金鼎-東大,2024-05-24,9135
2615,萬海,21,11,10,群益金鼎-東大,2024-05-24,9135
1810,和成,84,74,10,群益金鼎-東大,2024-05-24,9135
00878,國泰永續高股息,9,0,9,群益金鼎-東大,2024-05-24,9135
2731,雄獅,11,2,9,群益金鼎-東大,2024-05-24,9135
4533,協易機,32,23,9,群益金鼎-東大,2024-05-24,9135
00937B,群益ESG投等債20,630,106,524,群益金鼎-東大,2024-05-27,9135
5443,均豪,458,11,447,群益金鼎-東大,2024-05-27,9135
00687B,國泰20年美債,340,10,330,群益金鼎-東大,2024-05-27,9135
00764B,群益25年美債,755,570,185,群益金鼎-東大,2024-05-27,9135
6188,廣明,147,28,119,群益金鼎-東大,2024-05-27,9135
6189,豐藝,115,26,89,群益金鼎-東大,2024-05-27,9135
9105,泰金寶-DR,75,0,75,群益金鼎-東大,2024-05-27,9135
00857B,永豐20年美公債,65,0,65,群益金鼎-東大,2024-05-27,9135
3059,華晶科,54,6,48,群益金鼎-東大,2024-05-27,9135
2301,光寶科,186,138,48,群益金鼎-東大,2024-05-27,9135
3047,訊舟,75,31,44,群益金鼎-東大,2024-05-27,9135
00923,群益台ESG低碳50,40,3,37,群益金鼎-東大,2024-05-27,9135
00720B,元大投資級公司債,36,0,36,群益金鼎-東大,2024-05-27,9135
3481,群創,95,60,35,群益金鼎-東大,2024-05-27,9135
00919,群益台灣精選高息,90,57,33,群益金鼎-東大,2024-05-27,9135
00632R,元大台灣50反1,33,0,33,群益金鼎-東大,2024-05-27,9135
6197,佳必琪,34,6,28,群益金鼎-東大,2024-05-27,9135
00753L,中信中國50正2,24,0,24,群益金鼎-東大,2024-05-27,9135
4915,致伸,25,4,21,群益金鼎-東大,2024-05-27,9135
00877,復華中國5G,19,0,19,群益金鼎-東大,2024-05-27,9135
6719,力智,17,0,17,群益金鼎-東大,2024-05-27,9135
3013,晟銘電,39,22,17,群益金鼎-東大,2024-05-27,9135
3545,敦泰,38,22,16,群益金鼎-東大,2024-05-27,9135
2704,國賓,16,0,16,群益金鼎-東大,2024-05-27,9135
3060,銘異,27,11,16,群益金鼎-東大,2024-05-27,9135
3706,神達,18,2,16,群益金鼎-東大,2024-05-27,9135
8358,金居,17,2,15,群益金鼎-東大,2024-05-27,9135
3338,泰碩,36,23,13,群益金鼎-東大,2024-05-27,9135
2886,兆豐金,12,0,12,群益金鼎-東大,2024-05-27,9135
00713,元大台灣高息低波,13,1,12,群益金鼎-東大,2024-05-27,9135
3234,光環,14,2,12,群益金鼎-東大,2024-05-27,9135
5381,合正,12,0,12,群益金鼎-東大,2024-05-27,9135
5465,富驊,12,0,12,群益金鼎-東大,2024-05-27,9135
00712,復華富時不動產,12,0,12,群益金鼎-東大,2024-05-27,9135
2388,威盛,12,1,11,群益金鼎-東大,2024-05-27,9135
3580,友威科,16,5,11,群益金鼎-東大,2024-05-27,9135
8234,新漢,26,15,11,群益金鼎-東大,2024-05-27,9135
2330,台積電,10,0,10,群益金鼎-東大,2024-05-27,9135
1514,亞力,16,6,10,群益金鼎-東大,2024-05-27,9135
2543,皇昌,10,0,10,群益金鼎-東大,2024-05-27,9135
4956,光鋐,15,5,10,群益金鼎-東大,2024-05-27,9135
3306,鼎天,11,1,10,群益金鼎-東大,2024-05-27,9135
1809,中釉,10,0,10,群益金鼎-東大,2024-05-27,9135
6462,神盾,10,0,10,群益金鼎-東大,2024-05-27,9135
2867,三商壽,10,0,10,群益金鼎-東大,2024-05-27,9135
6016,康和證,10,0,10,群益金鼎-東大,2024-05-27,9135
9906,欣巴巴,9,0,9,群益金鼎-東大,2024-05-27,9135
2505,國揚,10,1,9,群益金鼎-東大,2024-05-27,9135
6147,頎邦,11,2,9,群益金鼎-東大,2024-05-27,9135
6811,宏�硌穈T,9,0,9,群益金鼎-東大,2024-05-27,9135
00937B,群益ESG投等債20,595,1,594,群益金鼎-東大,2024-05-28,9135
3481,群創,123,1,122,群益金鼎-東大,2024-05-28,9135
00857B,永豐20年美公債,111,0,111,群益金鼎-東大,2024-05-28,9135
00753L,中信中國50正2,107,0,107,群益金鼎-東大,2024-05-28,9135
00679B,元大美債20年,128,49,79,群益金鼎-東大,2024-05-28,9135
00946,群益科技高息成長,65,1,64,群益金鼎-東大,2024-05-28,9135
2312,金寶,55,2,53,群益金鼎-東大,2024-05-28,9135
00941,中信上游半導體,65,15,50,群益金鼎-東大,2024-05-28,9135
00687B,國泰20年美債,51,4,47,群益金鼎-東大,2024-05-28,9135
2641,正德,45,6,39,群益金鼎-東大,2024-05-28,9135
00720B,元大投資級公司債,36,0,36,群益金鼎-東大,2024-05-28,9135
8070,長華*,29,0,29,群益金鼎-東大,2024-05-28,9135
2354,鴻準,140,112,28,群益金鼎-東大,2024-05-28,9135
4909,新復興,53,26,27,群益金鼎-東大,2024-05-28,9135
1560,中砂,32,8,24,群益金鼎-東大,2024-05-28,9135
00918,大華優利高填息30,22,0,22,群益金鼎-東大,2024-05-28,9135
9941,裕融,22,1,21,群益金鼎-東大,2024-05-28,9135
6217,中探針,23,2,21,群益金鼎-東大,2024-05-28,9135
6177,達麗,22,1,21,群益金鼎-東大,2024-05-28,9135
5608,四維航,27,7,20,群益金鼎-東大,2024-05-28,9135
9924,福興,20,0,20,群益金鼎-東大,2024-05-28,9135
00751B,元大AAA至A公司債,20,0,20,群益金鼎-東大,2024-05-28,9135
00878,國泰永續高股息,22,3,19,群益金鼎-東大,2024-05-28,9135
3059,華晶科,25,7,18,群益金鼎-東大,2024-05-28,9135
5533,皇鼎,18,0,18,群益金鼎-東大,2024-05-28,9135
2464,盟立,58,40,18,群益金鼎-東大,2024-05-28,9135
2515,中工,46,30,16,群益金鼎-東大,2024-05-28,9135
3202,樺晟,40,24,16,群益金鼎-東大,2024-05-28,9135
5347,世界,16,0,16,群益金鼎-東大,2024-05-28,9135
1806,冠軍,15,0,15,群益金鼎-東大,2024-05-28,9135
1709,和益,15,0,15,群益金鼎-東大,2024-05-28,9135
9945,潤泰新,16,2,14,群益金鼎-東大,2024-05-28,9135
2363,矽統,37,23,14,群益金鼎-東大,2024-05-28,9135
2915,潤泰全,13,0,13,群益金鼎-東大,2024-05-28,9135
2889,國票金,13,0,13,群益金鼎-東大,2024-05-28,9135
1308,亞聚,13,0,13,群益金鼎-東大,2024-05-28,9135
8064,東捷,47,34,13,群益金鼎-東大,2024-05-28,9135
00864B,中信美國公債0-1,13,0,13,群益金鼎-東大,2024-05-28,9135
8054,安國,19,6,13,群益金鼎-東大,2024-05-28,9135
3689,湧德,17,4,13,群益金鼎-東大,2024-05-28,9135
00712,復華富時不動產,13,0,13,群益金鼎-東大,2024-05-28,9135
1314,中石化,30,18,12,群益金鼎-東大,2024-05-28,9135
8936,國統,21,9,12,群益金鼎-東大,2024-05-28,9135
2609,陽明,32,20,12,群益金鼎-東大,2024-05-28,9135
2317,鴻海,30,19,11,群益金鼎-東大,2024-05-28,9135
2313,華通,11,0,11,群益金鼎-東大,2024-05-28,9135
00891,中信關鍵半導體,11,0,11,群益金鼎-東大,2024-05-28,9135
00685L,群益臺灣加權正2,11,0,11,群益金鼎-東大,2024-05-28,9135
1316,上曜,23,12,11,群益金鼎-東大,2024-05-28,9135
2337,旺宏,10,0,10,群益金鼎-東大,2024-05-28,9135
00937B,群益ESG投等債20,1147,8,1139,群益金鼎-東大,2024-05-29,9135
00679B,元大美債20年,214,0,214,群益金鼎-東大,2024-05-29,9135
00919,群益台灣精選高息,178,6,172,群益金鼎-東大,2024-05-29,9135
00753L,中信中國50正2,140,0,140,群益金鼎-東大,2024-05-29,9135
00687B,國泰20年美債,118,0,118,群益金鼎-東大,2024-05-29,9135
00751B,元大AAA至A公司債,120,5,115,群益金鼎-東大,2024-05-29,9135
00927,群益半導體收益,100,0,100,群益金鼎-東大,2024-05-29,9135
5309,系統電,100,1,99,群益金鼎-東大,2024-05-29,9135
00857B,永豐20年美公債,96,0,96,群益金鼎-東大,2024-05-29,9135
00764B,群益25年美債,847,760,87,群益金鼎-東大,2024-05-29,9135
1605,華新,83,1,82,群益金鼎-東大,2024-05-29,9135
6117,迎廣,99,23,76,群益金鼎-東大,2024-05-29,9135
3294,英濟,69,1,68,群益金鼎-東大,2024-05-29,9135
00772B,中信高評級公司債,68,2,66,群益金鼎-東大,2024-05-29,9135
4960,誠美材,50,0,50,群益金鼎-東大,2024-05-29,9135
00946,群益科技高息成長,48,1,47,群益金鼎-東大,2024-05-29,9135
00878,國泰永續高股息,46,1,45,群益金鼎-東大,2024-05-29,9135
8096,擎亞,54,9,45,群益金鼎-東大,2024-05-29,9135
3313,斐成,46,2,44,群益金鼎-東大,2024-05-29,9135
2312,金寶,43,2,41,群益金鼎-東大,2024-05-29,9135
00940,元大台灣價值高息,46,6,40,群益金鼎-東大,2024-05-29,9135
00933B,國泰10Y+金融債,39,0,39,群益金鼎-東大,2024-05-29,9135
3455,由田,40,1,39,群益金鼎-東大,2024-05-29,9135
3483,力致,87,49,38,群益金鼎-東大,2024-05-29,9135
2409,友達,39,1,38,群益金鼎-東大,2024-05-29,9135
2493,揚博,37,0,37,群益金鼎-東大,2024-05-29,9135
2367,燿華,52,16,36,群益金鼎-東大,2024-05-29,9135
2317,鴻海,50,16,34,群益金鼎-東大,2024-05-29,9135
6548,長科*,43,9,34,群益金鼎-東大,2024-05-29,9135
00931B,統一美債20年,32,0,32,群益金鼎-東大,2024-05-29,9135
6770,力積電,32,0,32,群益金鼎-東大,2024-05-29,9135
2610,華航,42,11,31,群益金鼎-東大,2024-05-29,9135
5457,宣德,30,0,30,群益金鼎-東大,2024-05-29,9135
2801,彰銀,30,0,30,群益金鼎-東大,2024-05-29,9135
00632R,元大台灣50反1,30,0,30,群益金鼎-東大,2024-05-29,9135
4973,廣穎,35,5,30,群益金鼎-東大,2024-05-29,9135
4909,新復興,44,15,29,群益金鼎-東大,2024-05-29,9135
3535,晶彩科,40,13,27,群益金鼎-東大,2024-05-29,9135
00795B,中信美國公債20年,27,0,27,群益金鼎-東大,2024-05-29,9135
2605,新興,79,53,26,群益金鼎-東大,2024-05-29,9135
1101,台泥,24,1,23,群益金鼎-東大,2024-05-29,9135
2897,王道銀行,23,0,23,群益金鼎-東大,2024-05-29,9135
00720B,元大投資級公司債,23,0,23,群益金鼎-東大,2024-05-29,9135
8147,正淩,29,7,22,群益金鼎-東大,2024-05-29,9135
2886,兆豐金,21,0,21,群益金鼎-東大,2024-05-29,9135
2009,第一銅,35,15,20,群益金鼎-東大,2024-05-29,9135
3338,泰碩,33,13,20,群益金鼎-東大,2024-05-29,9135
00712,復華富時不動產,19,0,19,群益金鼎-東大,2024-05-29,9135
9945,潤泰新,19,0,19,群益金鼎-東大,2024-05-29,9135
3481,群創,39,20,19,群益金鼎-東大,2024-05-29,9135
00937B,群益ESG投等債20,1019,0,1019,群益金鼎-東大,2024-05-30,9135
00680L,元大美債20正2,112,0,112,群益金鼎-東大,2024-05-30,9135
1605,華新,114,2,112,群益金鼎-東大,2024-05-30,9135
00679B,元大美債20年,78,8,70,群益金鼎-東大,2024-05-30,9135
00929,復華台灣科技優息,72,10,62,群益金鼎-東大,2024-05-30,9135
00706L,期元大S＆P日圓正2,50,0,50,群益金鼎-東大,2024-05-30,9135
00751B,元大AAA至A公司債,44,0,44,群益金鼎-東大,2024-05-30,9135
00764B,群益25年美債,824,782,42,群益金鼎-東大,2024-05-30,9135
00720B,元大投資級公司債,41,0,41,群益金鼎-東大,2024-05-30,9135
6156,松上,40,0,40,群益金鼎-東大,2024-05-30,9135
5386,青雲,39,1,38,群益金鼎-東大,2024-05-30,9135
00687B,國泰20年美債,37,0,37,群益金鼎-東大,2024-05-30,9135
2408,南亞科,36,0,36,群益金鼎-東大,2024-05-30,9135
6209,今國光,61,26,35,群益金鼎-東大,2024-05-30,9135
6550,北極星藥業-KY,37,4,33,群益金鼎-東大,2024-05-30,9135
00712,復華富時不動產,31,0,31,群益金鼎-東大,2024-05-30,9135
2891,中信金,33,3,30,群益金鼎-東大,2024-05-30,9135
4960,誠美材,30,0,30,群益金鼎-東大,2024-05-30,9135
2520,冠德,33,3,30,群益金鼎-東大,2024-05-30,9135
3701,大眾控,30,0,30,群益金鼎-東大,2024-05-30,9135
2359,所羅門,34,4,30,群益金鼎-東大,2024-05-30,9135
0056,元大高股息,29,0,29,群益金鼎-東大,2024-05-30,9135
1795,美時,36,7,29,群益金鼎-東大,2024-05-30,9135
00878,國泰永續高股息,29,0,29,群益金鼎-東大,2024-05-30,9135
5309,系統電,28,0,28,群益金鼎-東大,2024-05-30,9135
3313,斐成,33,6,27,群益金鼎-東大,2024-05-30,9135
2834,臺企銀,26,0,26,群益金鼎-東大,2024-05-30,9135
2354,鴻準,51,26,25,群益金鼎-東大,2024-05-30,9135
00940,元大台灣價值高息,29,4,25,群益金鼎-東大,2024-05-30,9135
6462,神盾,36,12,24,群益金鼎-東大,2024-05-30,9135
3033,威健,48,24,24,群益金鼎-東大,2024-05-30,9135
1326,台化,23,0,23,群益金鼎-東大,2024-05-30,9135
6269,台郡,31,10,21,群益金鼎-東大,2024-05-30,9135
2109,華豐,20,0,20,群益金鼎-東大,2024-05-30,9135
00665L,富邦�琤肭磪囓�2,32,12,20,群益金鼎-東大,2024-05-30,9135
5388,中磊,21,1,20,群益金鼎-東大,2024-05-30,9135
2349,錸德,20,1,19,群益金鼎-東大,2024-05-30,9135
2506,太設,19,0,19,群益金鼎-東大,2024-05-30,9135
3059,華晶科,31,13,18,群益金鼎-東大,2024-05-30,9135
3122,笙泉,19,1,18,群益金鼎-東大,2024-05-30,9135
2002,中鋼,21,3,18,群益金鼎-東大,2024-05-30,9135
00725B,國泰投資級公司債,17,0,17,群益金鼎-東大,2024-05-30,9135
8089,康全電訊,18,1,17,群益金鼎-東大,2024-05-30,9135
2365,昆盈,22,5,17,群益金鼎-東大,2024-05-30,9135
00857B,永豐20年美公債,16,0,16,群益金鼎-東大,2024-05-30,9135
2371,大同,22,6,16,群益金鼎-東大,2024-05-30,9135
2363,矽統,49,33,16,群益金鼎-東大,2024-05-30,9135
00713,元大台灣高息低波,16,0,16,群益金鼎-東大,2024-05-30,9135
2405,輔信,52,37,15,群益金鼎-東大,2024-05-30,9135
2367,燿華,19,4,15,群益金鼎-東大,2024-05-30,9135
00937B,群益ESG投等債20,183,19,164,群益金鼎-東大,2024-05-31,9135
00712,復華富時不動產,165,35,130,群益金鼎-東大,2024-05-31,9135
00919,群益台灣精選高息,96,10,86,群益金鼎-東大,2024-05-31,9135
2353,宏��,83,7,76,群益金鼎-東大,2024-05-31,9135
2317,鴻海,81,8,73,群益金鼎-東大,2024-05-31,9135
00680L,元大美債20正2,66,0,66,群益金鼎-東大,2024-05-31,9135
2867,三商壽,85,33,52,群益金鼎-東大,2024-05-31,9135
2330,台積電,52,2,50,群益金鼎-東大,2024-05-31,9135
6188,廣明,102,57,45,群益金鼎-東大,2024-05-31,9135
8070,長華*,92,47,45,群益金鼎-東大,2024-05-31,9135
2109,華豐,37,0,37,群益金鼎-東大,2024-05-31,9135
6664,群翊,34,2,32,群益金鼎-東大,2024-05-31,9135
00923,群益台ESG低碳50,32,0,32,群益金鼎-東大,2024-05-31,9135
00786B,元大10年IG銀行債,30,0,30,群益金鼎-東大,2024-05-31,9135
2891,中信金,29,1,28,群益金鼎-東大,2024-05-31,9135
2542,興富發,29,2,27,群益金鼎-東大,2024-05-31,9135
00878,國泰永續高股息,28,2,26,群益金鼎-東大,2024-05-31,9135
3231,緯創,30,6,24,群益金鼎-東大,2024-05-31,9135
00929,復華台灣科技優息,50,26,24,群益金鼎-東大,2024-05-31,9135
3380,明泰,22,0,22,群益金鼎-東大,2024-05-31,9135
6443,元晶,22,0,22,群益金鼎-東大,2024-05-31,9135
2365,昆盈,35,14,21,群益金鼎-東大,2024-05-31,9135
00687B,國泰20年美債,21,0,21,群益金鼎-東大,2024-05-31,9135
2409,友達,21,0,21,群益金鼎-東大,2024-05-31,9135
4562,穎漢,36,15,21,群益金鼎-東大,2024-05-31,9135
6616,特昇-KY,20,0,20,群益金鼎-東大,2024-05-31,9135
4168,醣聯,20,0,20,群益金鼎-東大,2024-05-31,9135
2002,中鋼,19,0,19,群益金鼎-東大,2024-05-31,9135
2303,聯電,35,16,19,群益金鼎-東大,2024-05-31,9135
8421,旭源,19,0,19,群益金鼎-東大,2024-05-31,9135
8054,安國,23,4,19,群益金鼎-東大,2024-05-31,9135
1532,勤美,28,11,17,群益金鼎-東大,2024-05-31,9135
00764B,群益25年美債,901,884,17,群益金鼎-東大,2024-05-31,9135
00940,元大台灣價值高息,23,7,16,群益金鼎-東大,2024-05-31,9135
2889,國票金,17,2,15,群益金鼎-東大,2024-05-31,9135
1522,堤維西,17,3,14,群益金鼎-東大,2024-05-31,9135
00720B,元大投資級公司債,30,16,14,群益金鼎-東大,2024-05-31,9135
2344,華邦電,14,0,14,群益金鼎-東大,2024-05-31,9135
2376,技嘉,14,0,14,群益金鼎-東大,2024-05-31,9135
00918,大華優利高填息30,14,0,14,群益金鼎-東大,2024-05-31,9135
3006,晶豪科,15,2,13,群益金鼎-東大,2024-05-31,9135
6120,達運,13,0,13,群益金鼎-東大,2024-05-31,9135
2886,兆豐金,13,0,13,群益金鼎-東大,2024-05-31,9135
2357,華碩,12,0,12,群益金鼎-東大,2024-05-31,9135
3481,群創,18,6,12,群益金鼎-東大,2024-05-31,9135
4979,華星光,17,6,11,群益金鼎-東大,2024-05-31,9135
3687,歐買尬,20,9,11,群益金鼎-東大,2024-05-31,9135
00935,野村臺灣新科技50,11,0,11,群益金鼎-東大,2024-05-31,9135
3374,精材,21,10,11,群益金鼎-東大,2024-05-31,9135
2801,彰銀,11,0,11,群益金鼎-東大,2024-05-31,9135
00712,復華富時不動產,256,10,246,群益金鼎-東大,2024-06-03,9135
00687B,國泰20年美債,222,0,222,群益金鼎-東大,2024-06-03,9135
00918,大華優利高填息30,122,0,122,群益金鼎-東大,2024-06-03,9135
2867,三商壽,79,0,79,群益金鼎-東大,2024-06-03,9135
2615,萬海,112,37,75,群益金鼎-東大,2024-06-03,9135
6209,今國光,72,1,71,群益金鼎-東大,2024-06-03,9135
00929,復華台灣科技優息,61,0,61,群益金鼎-東大,2024-06-03,9135
2618,長榮航,64,5,59,群益金鼎-東大,2024-06-03,9135
2427,三商電,79,27,52,群益金鼎-東大,2024-06-03,9135
4533,協易機,115,64,51,群益金鼎-東大,2024-06-03,9135
8070,長華*,118,73,45,群益金鼎-東大,2024-06-03,9135
5426,振發,79,36,43,群益金鼎-東大,2024-06-03,9135
2880,華南金,42,0,42,群益金鼎-東大,2024-06-03,9135
00919,群益台灣精選高息,57,15,42,群益金鼎-東大,2024-06-03,9135
6163,華電網,41,0,41,群益金鼎-東大,2024-06-03,9135
6782,視陽,40,0,40,群益金鼎-東大,2024-06-03,9135
00637L,元大滬深300正2,38,0,38,群益金鼎-東大,2024-06-03,9135
2354,鴻準,63,26,37,群益金鼎-東大,2024-06-03,9135
6770,力積電,36,5,31,群益金鼎-東大,2024-06-03,9135
2109,華豐,41,11,30,群益金鼎-東大,2024-06-03,9135
8028,昇陽半導體,38,11,27,群益金鼎-東大,2024-06-03,9135
00882,中信中國高股息,26,0,26,群益金鼎-東大,2024-06-03,9135
2493,揚博,24,2,22,群益金鼎-東大,2024-06-03,9135
1532,勤美,25,4,21,群益金鼎-東大,2024-06-03,9135
2891,中信金,23,3,20,群益金鼎-東大,2024-06-03,9135
2886,兆豐金,20,0,20,群益金鼎-東大,2024-06-03,9135
6189,豐藝,21,2,19,群益金鼎-東大,2024-06-03,9135
00632R,元大台灣50反1,19,0,19,群益金鼎-東大,2024-06-03,9135
2317,鴻海,51,33,18,群益金鼎-東大,2024-06-03,9135
1229,聯華,20,2,18,群益金鼎-東大,2024-06-03,9135
00679B,元大美債20年,25,7,18,群益金鼎-東大,2024-06-03,9135
00713,元大台灣高息低波,20,2,18,群益金鼎-東大,2024-06-03,9135
5410,國眾,16,0,16,群益金鼎-東大,2024-06-03,9135
3712,永崴投控,16,0,16,群益金鼎-東大,2024-06-03,9135
3356,奇偶,17,1,16,群益金鼎-東大,2024-06-03,9135
00946,群益科技高息成長,33,18,15,群益金鼎-東大,2024-06-03,9135
6698,旭暉應材,15,0,15,群益金鼎-東大,2024-06-03,9135
3088,艾訊,21,6,15,群益金鼎-東大,2024-06-03,9135
2888,新光金,62,48,14,群益金鼎-東大,2024-06-03,9135
2501,國建,15,2,13,群益金鼎-東大,2024-06-03,9135
5347,世界,27,14,13,群益金鼎-東大,2024-06-03,9135
1312,國喬,14,1,13,群益金鼎-東大,2024-06-03,9135
2889,國票金,12,0,12,群益金鼎-東大,2024-06-03,9135
3030,德律,19,7,12,群益金鼎-東大,2024-06-03,9135
4906,正文,14,2,12,群益金鼎-東大,2024-06-03,9135
3231,緯創,23,12,11,群益金鼎-東大,2024-06-03,9135
6219,富旺,13,2,11,群益金鼎-東大,2024-06-03,9135
2303,聯電,13,2,11,群益金鼎-東大,2024-06-03,9135
1504,東元,19,8,11,群益金鼎-東大,2024-06-03,9135
0056,元大高股息,19,8,11,群益金鼎-東大,2024-06-03,9135
8070,長華*,223,20,203,群益金鼎-東大,2024-06-04,9135
2312,金寶,280,123,157,群益金鼎-東大,2024-06-04,9135
00937B,群益ESG投等債20,127,5,122,群益金鼎-東大,2024-06-04,9135
00929,復華台灣科技優息,91,5,86,群益金鼎-東大,2024-06-04,9135
3041,揚智,76,0,76,群益金鼎-東大,2024-06-04,9135
00936,台新永續高息中小,80,8,72,群益金鼎-東大,2024-06-04,9135
00919,群益台灣精選高息,75,15,60,群益金鼎-東大,2024-06-04,9135
1802,台玻,74,14,60,群益金鼎-東大,2024-06-04,9135
3450,聯鈞,92,43,49,群益金鼎-東大,2024-06-04,9135
2495,普安,51,5,46,群益金鼎-東大,2024-06-04,9135
2633,台灣高鐵,40,0,40,群益金鼎-東大,2024-06-04,9135
6782,視陽,40,0,40,群益金鼎-東大,2024-06-04,9135
6698,旭暉應材,37,0,37,群益金鼎-東大,2024-06-04,9135
2317,鴻海,85,49,36,群益金鼎-東大,2024-06-04,9135
2845,遠東銀,34,0,34,群益金鼎-東大,2024-06-04,9135
00918,大華優利高填息30,33,0,33,群益金鼎-東大,2024-06-04,9135
0056,元大高股息,35,2,33,群益金鼎-東大,2024-06-04,9135
00720B,元大投資級公司債,30,2,28,群益金鼎-東大,2024-06-04,9135
2344,華邦電,32,6,26,群益金鼎-東大,2024-06-04,9135
3312,弘憶股,27,1,26,群益金鼎-東大,2024-06-04,9135
00713,元大台灣高息低波,30,5,25,群益金鼎-東大,2024-06-04,9135
2331,精英,120,96,24,群益金鼎-東大,2024-06-04,9135
3294,英濟,31,7,24,群益金鼎-東大,2024-06-04,9135
00631L,元大台灣50正2,23,0,23,群益金鼎-東大,2024-06-04,9135
00753L,中信中國50正2,22,0,22,群益金鼎-東大,2024-06-04,9135
2367,燿華,60,39,21,群益金鼎-東大,2024-06-04,9135
6550,北極星藥業-KY,20,0,20,群益金鼎-東大,2024-06-04,9135
2409,友達,20,0,20,群益金鼎-東大,2024-06-04,9135
2324,仁寶,21,1,20,群益金鼎-東大,2024-06-04,9135
00945B,凱基美國非投等債,20,0,20,群益金鼎-東大,2024-06-04,9135
00715L,期街口布蘭特正2,20,0,20,群益金鼎-東大,2024-06-04,9135
00923,群益台ESG低碳50,18,0,18,群益金鼎-東大,2024-06-04,9135
3712,永崴投控,17,0,17,群益金鼎-東大,2024-06-04,9135
00933B,國泰10Y+金融債,31,14,17,群益金鼎-東大,2024-06-04,9135
6125,廣運,104,88,16,群益金鼎-東大,2024-06-04,9135
4804,大略-KY,16,0,16,群益金鼎-東大,2024-06-04,9135
00642U,期元大S＆P石油,15,0,15,群益金鼎-東大,2024-06-04,9135
00687B,國泰20年美債,15,0,15,群益金鼎-東大,2024-06-04,9135
2365,昆盈,15,0,15,群益金鼎-東大,2024-06-04,9135
3481,群創,20,5,15,群益金鼎-東大,2024-06-04,9135
1504,東元,16,2,14,群益金鼎-東大,2024-06-04,9135
00712,復華富時不動產,20,6,14,群益金鼎-東大,2024-06-04,9135
1312,國喬,14,0,14,群益金鼎-東大,2024-06-04,9135
3432,台端,13,0,13,群益金鼎-東大,2024-06-04,9135
2888,新光金,35,22,13,群益金鼎-東大,2024-06-04,9135
00878,國泰永續高股息,31,18,13,群益金鼎-東大,2024-06-04,9135
00940,元大台灣價值高息,15,3,12,群益金鼎-東大,2024-06-04,9135
2359,所羅門,15,3,12,群益金鼎-東大,2024-06-04,9135
3706,神達,12,0,12,群益金鼎-東大,2024-06-04,9135
6180,橘子,12,0,12,群益金鼎-東大,2024-06-04,9135
00936,台新永續高息中小,153,0,153,群益金鼎-東大,2024-06-05,9135
8070,長華*,163,49,114,群益金鼎-東大,2024-06-05,9135
2409,友達,102,0,102,群益金鼎-東大,2024-06-05,9135
00753L,中信中國50正2,98,0,98,群益金鼎-東大,2024-06-05,9135
00929,復華台灣科技優息,142,49,93,群益金鼎-東大,2024-06-05,9135
3062,建漢,102,12,90,群益金鼎-東大,2024-06-05,9135
00712,復華富時不動產,86,5,81,群益金鼎-東大,2024-06-05,9135
00687B,國泰20年美債,153,82,71,群益金鼎-東大,2024-06-05,9135
00937B,群益ESG投等債20,111,50,61,群益金鼎-東大,2024-06-05,9135
2609,陽明,169,119,50,群益金鼎-東大,2024-06-05,9135
00878,國泰永續高股息,53,4,49,群益金鼎-東大,2024-06-05,9135
00945B,凱基美國非投等債,40,0,40,群益金鼎-東大,2024-06-05,9135
1784,訊聯,38,2,36,群益金鼎-東大,2024-06-05,9135
6664,群翊,29,0,29,群益金鼎-東大,2024-06-05,9135
2301,光寶科,57,30,27,群益金鼎-東大,2024-06-05,9135
6125,廣運,51,26,25,群益金鼎-東大,2024-06-05,9135
1446,宏和,25,0,25,群益金鼎-東大,2024-06-05,9135
6209,今國光,30,6,24,群益金鼎-東大,2024-06-05,9135
2312,金寶,25,2,23,群益金鼎-東大,2024-06-05,9135
3013,晟銘電,39,16,23,群益金鼎-東大,2024-06-05,9135
3450,聯鈞,32,10,22,群益金鼎-東大,2024-06-05,9135
00918,大華優利高填息30,20,0,20,群益金鼎-東大,2024-06-05,9135
2524,京城,20,0,20,群益金鼎-東大,2024-06-05,9135
1786,科妍,20,0,20,群益金鼎-東大,2024-06-05,9135
1336,台翰,20,0,20,群益金鼎-東大,2024-06-05,9135
00751B,元大AAA至A公司債,35,16,19,群益金鼎-東大,2024-06-05,9135
6197,佳必琪,50,33,17,群益金鼎-東大,2024-06-05,9135
2303,聯電,25,9,16,群益金鼎-東大,2024-06-05,9135
2457,飛宏,22,6,16,群益金鼎-東大,2024-06-05,9135
4746,台耀,16,0,16,群益金鼎-東大,2024-06-05,9135
00671R,富邦NASDAQ反1,15,0,15,群益金鼎-東大,2024-06-05,9135
6206,飛捷,27,12,15,群益金鼎-東大,2024-06-05,9135
8277,商丞,14,1,13,群益金鼎-東大,2024-06-05,9135
3060,銘異,13,0,13,群益金鼎-東大,2024-06-05,9135
00715L,期街口布蘭特正2,12,0,12,群益金鼎-東大,2024-06-05,9135
2109,華豐,11,0,11,群益金鼎-東大,2024-06-05,9135
00895,富邦未來車,11,0,11,群益金鼎-東大,2024-06-05,9135
2317,鴻海,86,75,11,群益金鼎-東大,2024-06-05,9135
00919,群益台灣精選高息,21,10,11,群益金鼎-東大,2024-06-05,9135
4157,太景*-KY,10,0,10,群益金鼎-東大,2024-06-05,9135
2417,圓剛,20,10,10,群益金鼎-東大,2024-06-05,9135
00637L,元大滬深300正2,10,0,10,群益金鼎-東大,2024-06-05,9135
4906,正文,24,14,10,群益金鼎-東大,2024-06-05,9135
1616,億泰,10,0,10,群益金鼎-東大,2024-06-05,9135
2030,彰源,10,0,10,群益金鼎-東大,2024-06-05,9135
6191,精成科,10,0,10,群益金鼎-東大,2024-06-05,9135
2017,官田鋼,10,0,10,群益金鼎-東大,2024-06-05,9135
9940,信義,10,0,10,群益金鼎-東大,2024-06-05,9135
3188,鑫龍騰,10,0,10,群益金鼎-東大,2024-06-05,9135
2101,南港,47,37,10,群益金鼎-東大,2024-06-05,9135
2867,三商壽,118,0,118,群益金鼎-東大,2024-06-06,9135
00687B,國泰20年美債,115,6,109,群益金鼎-東大,2024-06-06,9135
2609,陽明,243,174,69,群益金鼎-東大,2024-06-06,9135
5490,同亨,87,21,66,群益金鼎-東大,2024-06-06,9135
00929,復華台灣科技優息,99,35,64,群益金鼎-東大,2024-06-06,9135
2303,聯電,67,4,63,群益金鼎-東大,2024-06-06,9135
00680L,元大美債20正2,84,30,54,群益金鼎-東大,2024-06-06,9135
2880,華南金,45,0,45,群益金鼎-東大,2024-06-06,9135
00919,群益台灣精選高息,78,37,41,群益金鼎-東大,2024-06-06,9135
00918,大華優利高填息30,39,0,39,群益金鼎-東大,2024-06-06,9135
2534,宏盛,43,4,39,群益金鼎-東大,2024-06-06,9135
8070,長華*,127,90,37,群益金鼎-東大,2024-06-06,9135
00936,台新永續高息中小,37,0,37,群益金鼎-東大,2024-06-06,9135
00907,永豐優息存股,35,0,35,群益金鼎-東大,2024-06-06,9135
2353,宏��,32,2,30,群益金鼎-東大,2024-06-06,9135
6116,彩晶,26,0,26,群益金鼎-東大,2024-06-06,9135
3231,緯創,28,2,26,群益金鼎-東大,2024-06-06,9135
00671R,富邦NASDAQ反1,25,0,25,群益金鼎-東大,2024-06-06,9135
3481,群創,21,0,21,群益金鼎-東大,2024-06-06,9135
1815,富喬,44,24,20,群益金鼎-東大,2024-06-06,9135
00945B,凱基美國非投等債,20,0,20,群益金鼎-東大,2024-06-06,9135
6283,淳安,20,0,20,群益金鼎-東大,2024-06-06,9135
3015,全漢,31,12,19,群益金鼎-東大,2024-06-06,9135
8021,尖點,18,0,18,群益金鼎-東大,2024-06-06,9135
6664,群翊,17,0,17,群益金鼎-東大,2024-06-06,9135
00937B,群益ESG投等債20,100,83,17,群益金鼎-東大,2024-06-06,9135
00878,國泰永續高股息,21,4,17,群益金鼎-東大,2024-06-06,9135
6525,捷敏-KY,16,0,16,群益金鼎-東大,2024-06-06,9135
6263,普萊德,16,0,16,群益金鼎-東大,2024-06-06,9135
8422,可寧衛,15,0,15,群益金鼎-東大,2024-06-06,9135
3048,益登,26,12,14,群益金鼎-東大,2024-06-06,9135
2613,中櫃,19,5,14,群益金鼎-東大,2024-06-06,9135
5302,太欣,18,5,13,群益金鼎-東大,2024-06-06,9135
00712,復華富時不動產,13,0,13,群益金鼎-東大,2024-06-06,9135
2109,華豐,12,0,12,群益金鼎-東大,2024-06-06,9135
4167,松瑞藥,11,0,11,群益金鼎-東大,2024-06-06,9135
6197,佳必琪,45,34,11,群益金鼎-東大,2024-06-06,9135
5009,榮剛,11,1,10,群益金鼎-東大,2024-06-06,9135
8112,至上,20,10,10,群益金鼎-東大,2024-06-06,9135
6143,振曜,10,0,10,群益金鼎-東大,2024-06-06,9135
5531,鄉林,10,0,10,群益金鼎-東大,2024-06-06,9135
4174,浩鼎,10,0,10,群益金鼎-東大,2024-06-06,9135
2516,新建,10,0,10,群益金鼎-東大,2024-06-06,9135
8404,百和興業-KY,10,0,10,群益金鼎-東大,2024-06-06,9135
2328,廣宇,28,18,10,群益金鼎-東大,2024-06-06,9135
1611,中電,10,0,10,群益金鼎-東大,2024-06-06,9135
2605,新興,20,10,10,群益金鼎-東大,2024-06-06,9135
6462,神盾,10,0,10,群益金鼎-東大,2024-06-06,9135
00664R,國泰臺灣加權反1,10,0,10,群益金鼎-東大,2024-06-06,9135
3013,晟銘電,13,3,10,群益金鼎-東大,2024-06-06,9135
2354,鴻準,468,2,466,群益金鼎-東大,2024-06-07,9135
00687B,國泰20年美債,211,55,156,群益金鼎-東大,2024-06-07,9135
2897A,王道銀甲特,120,0,120,群益金鼎-東大,2024-06-07,9135
00936,台新永續高息中小,67,0,67,群益金鼎-東大,2024-06-07,9135
3029,零壹,80,29,51,群益金鼎-東大,2024-06-07,9135
3231,緯創,48,2,46,群益金鼎-東大,2024-06-07,9135
1784,訊聯,45,1,44,群益金鼎-東大,2024-06-07,9135
3059,華晶科,47,10,37,群益金鼎-東大,2024-06-07,9135
00877,復華中國5G,36,0,36,群益金鼎-東大,2024-06-07,9135
6664,群翊,32,0,32,群益金鼎-東大,2024-06-07,9135
00632R,元大台灣50反1,30,0,30,群益金鼎-東大,2024-06-07,9135
2615,萬海,85,55,30,群益金鼎-東大,2024-06-07,9135
00786B,元大10年IG銀行債,30,0,30,群益金鼎-東大,2024-06-07,9135
2105,正新,28,0,28,群益金鼎-東大,2024-06-07,9135
1815,富喬,119,92,27,群益金鼎-東大,2024-06-07,9135
2867,三商壽,48,24,24,群益金鼎-東大,2024-06-07,9135
00923,群益台ESG低碳50,20,0,20,群益金鼎-東大,2024-06-07,9135
2352,佳世達,19,0,19,群益金鼎-東大,2024-06-07,9135
2417,圓剛,25,6,19,群益金鼎-東大,2024-06-07,9135
00637L,元大滬深300正2,17,0,17,群益金鼎-東大,2024-06-07,9135
00929,復華台灣科技優息,36,20,16,群益金鼎-東大,2024-06-07,9135
5388,中磊,17,1,16,群益金鼎-東大,2024-06-07,9135
2313,華通,38,23,15,群益金鼎-東大,2024-06-07,9135
2542,興富發,17,3,14,群益金鼎-東大,2024-06-07,9135
1609,大亞,38,24,14,群益金鼎-東大,2024-06-07,9135
3372,典範,16,2,14,群益金鼎-東大,2024-06-07,9135
8096,擎亞,14,0,14,群益金鼎-東大,2024-06-07,9135
3712,永崴投控,14,1,13,群益金鼎-東大,2024-06-07,9135
2501,國建,24,11,13,群益金鼎-東大,2024-06-07,9135
00919,群益台灣精選高息,15,3,12,群益金鼎-東大,2024-06-07,9135
3483,力致,23,11,12,群益金鼎-東大,2024-06-07,9135
00713,元大台灣高息低波,20,8,12,群益金鼎-東大,2024-06-07,9135
2836,高雄銀,12,0,12,群益金鼎-東大,2024-06-07,9135
3024,憶聲,13,1,12,群益金鼎-東大,2024-06-07,9135
4157,太景*-KY,22,10,12,群益金鼎-東大,2024-06-07,9135
00633L,富邦上証正2,12,0,12,群益金鼎-東大,2024-06-07,9135
4979,華星光,12,1,11,群益金鼎-東大,2024-06-07,9135
00942B,台新美A公司債20+,11,0,11,群益金鼎-東大,2024-06-07,9135
1605,華新,11,0,11,群益金鼎-東大,2024-06-07,9135
2367,燿華,18,7,11,群益金鼎-東大,2024-06-07,9135
1101,台泥,11,0,11,群益金鼎-東大,2024-06-07,9135
3481,群創,13,3,10,群益金鼎-東大,2024-06-07,9135
00933B,國泰10Y+金融債,10,0,10,群益金鼎-東大,2024-06-07,9135
00636,國泰中國A50,10,0,10,群益金鼎-東大,2024-06-07,9135
8477,創業家,10,0,10,群益金鼎-東大,2024-06-07,9135
3202,樺晟,11,1,10,群益金鼎-東大,2024-06-07,9135
2891,中信金,12,2,10,群益金鼎-東大,2024-06-07,9135
6215,和椿,20,10,10,群益金鼎-東大,2024-06-07,9135
3303,岱稜,10,0,10,群益金鼎-東大,2024-06-07,9135
00712,復華富時不動產,10,0,10,群益金鼎-東大,2024-06-07,9135
00937B,群益ESG投等債20,381,114,267,群益金鼎-東大,2024-06-11,9135
00687B,國泰20年美債,210,0,210,群益金鼎-東大,2024-06-11,9135
00679B,元大美債20年,189,20,169,群益金鼎-東大,2024-06-11,9135
00942B,台新美A公司債20+,119,0,119,群益金鼎-東大,2024-06-11,9135
00933B,國泰10Y+金融債,103,0,103,群益金鼎-東大,2024-06-11,9135
00751B,元大AAA至A公司債,97,0,97,群益金鼎-東大,2024-06-11,9135
00918,大華優利高填息30,90,0,90,群益金鼎-東大,2024-06-11,9135
1514,亞力,96,33,63,群益金鼎-東大,2024-06-11,9135
2888,新光金,71,9,62,群益金鼎-東大,2024-06-11,9135
00936,台新永續高息中小,56,0,56,群益金鼎-東大,2024-06-11,9135
00786B,元大10年IG銀行債,44,0,44,群益金鼎-東大,2024-06-11,9135
00929,復華台灣科技優息,66,27,39,群益金鼎-東大,2024-06-11,9135
00878,國泰永續高股息,43,7,36,群益金鼎-東大,2024-06-11,9135
00919,群益台灣精選高息,76,40,36,群益金鼎-東大,2024-06-11,9135
00882,中信中國高股息,37,2,35,群益金鼎-東大,2024-06-11,9135
6616,特昇-KY,32,0,32,群益金鼎-東大,2024-06-11,9135
6015,宏遠證,32,0,32,群益金鼎-東大,2024-06-11,9135
1316,上曜,91,60,31,群益金鼎-東大,2024-06-11,9135
00671R,富邦NASDAQ反1,30,0,30,群益金鼎-東大,2024-06-11,9135
2867,三商壽,44,16,28,群益金鼎-東大,2024-06-11,9135
00795B,中信美國公債20年,29,2,27,群益金鼎-東大,2024-06-11,9135
4908,前鼎,27,0,27,群益金鼎-東大,2024-06-11,9135
00923,群益台ESG低碳50,25,0,25,群益金鼎-東大,2024-06-11,9135
1445,大宇,25,0,25,群益金鼎-東大,2024-06-11,9135
3374,精材,63,40,23,群益金鼎-東大,2024-06-11,9135
00946,群益科技高息成長,22,0,22,群益金鼎-東大,2024-06-11,9135
2801,彰銀,20,0,20,群益金鼎-東大,2024-06-11,9135
2337,旺宏,20,0,20,群益金鼎-東大,2024-06-11,9135
2534,宏盛,30,10,20,群益金鼎-東大,2024-06-11,9135
2537,聯上發,252,233,19,群益金鼎-東大,2024-06-11,9135
2505,國揚,20,1,19,群益金鼎-東大,2024-06-11,9135
6117,迎廣,22,3,19,群益金鼎-東大,2024-06-11,9135
6152,百一,21,3,18,群益金鼎-東大,2024-06-11,9135
00720B,元大投資級公司債,17,0,17,群益金鼎-東大,2024-06-11,9135
2603,長榮,38,21,17,群益金鼎-東大,2024-06-11,9135
2515,中工,24,7,17,群益金鼎-東大,2024-06-11,9135
1718,中纖,17,0,17,群益金鼎-東大,2024-06-11,9135
2002,中鋼,16,0,16,群益金鼎-東大,2024-06-11,9135
00688L,國泰20年美債正2,16,0,16,群益金鼎-東大,2024-06-11,9135
2905,三商,20,4,16,群益金鼎-東大,2024-06-11,9135
4513,福裕,17,1,16,群益金鼎-東大,2024-06-11,9135
00712,復華富時不動產,20,5,15,群益金鼎-東大,2024-06-11,9135
2528,皇普,18,3,15,群益金鼎-東大,2024-06-11,9135
9946,三發地產,16,1,15,群益金鼎-東大,2024-06-11,9135
1446,宏和,15,0,15,群益金鼎-東大,2024-06-11,9135
3379,彬台,15,0,15,群益金鼎-東大,2024-06-11,9135
1522,堤維西,23,9,14,群益金鼎-東大,2024-06-11,9135
3052,夆典,14,0,14,群益金鼎-東大,2024-06-11,9135
4534,慶騰,15,2,13,群益金鼎-東大,2024-06-11,9135
5531,鄉林,13,0,13,群益金鼎-東大,2024-06-11,9135
2897,王道銀行,168,0,168,群益金鼎-東大,2024-06-12,9135
00937B,群益ESG投等債20,185,30,155,群益金鼎-東大,2024-06-12,9135
00673R,期元大S＆P原油反1,145,0,145,群益金鼎-東大,2024-06-12,9135
00948B,中信優息投資級債,144,0,144,群益金鼎-東大,2024-06-12,9135
00687B,國泰20年美債,116,5,111,群益金鼎-東大,2024-06-12,9135
00919,群益台灣精選高息,102,22,80,群益金鼎-東大,2024-06-12,9135
00756B,群益投等新興公債,60,0,60,群益金鼎-東大,2024-06-12,9135
8071,能率網通,55,0,55,群益金鼎-東大,2024-06-12,9135
2883,凱基金,85,31,54,群益金鼎-東大,2024-06-12,9135
2505,國揚,45,0,45,群益金鼎-東大,2024-06-12,9135
00929,復華台灣科技優息,48,6,42,群益金鼎-東大,2024-06-12,9135
00712,復華富時不動產,38,0,38,群益金鼎-東大,2024-06-12,9135
2888,新光金,107,76,31,群益金鼎-東大,2024-06-12,9135
00918,大華優利高填息30,36,9,27,群益金鼎-東大,2024-06-12,9135
00947,台新臺灣IC設計,26,0,26,群益金鼎-東大,2024-06-12,9135
1514,亞力,29,4,25,群益金鼎-東大,2024-06-12,9135
00632R,元大台灣50反1,26,1,25,群益金鼎-東大,2024-06-12,9135
6188,廣明,25,2,23,群益金鼎-東大,2024-06-12,9135
2609,陽明,93,71,22,群益金鼎-東大,2024-06-12,9135
2337,旺宏,20,0,20,群益金鼎-東大,2024-06-12,9135
6509,聚和,20,1,19,群益金鼎-東大,2024-06-12,9135
4979,華星光,37,19,18,群益金鼎-東大,2024-06-12,9135
1314,中石化,46,30,16,群益金鼎-東大,2024-06-12,9135
2515,中工,17,1,16,群益金鼎-東大,2024-06-12,9135
00923,群益台ESG低碳50,17,1,16,群益金鼎-東大,2024-06-12,9135
1618,合機,49,34,15,群益金鼎-東大,2024-06-12,9135
00637L,元大滬深300正2,15,0,15,群益金鼎-東大,2024-06-12,9135
2354,鴻準,16,1,15,群益金鼎-東大,2024-06-12,9135
2633,台灣高鐵,20,5,15,群益金鼎-東大,2024-06-12,9135
00882,中信中國高股息,14,0,14,群益金鼎-東大,2024-06-12,9135
2636,台驊控股,14,0,14,群益金鼎-東大,2024-06-12,9135
6782,視陽,14,0,14,群益金鼎-東大,2024-06-12,9135
00878,國泰永續高股息,27,13,14,群益金鼎-東大,2024-06-12,9135
00942B,台新美A公司債20+,13,0,13,群益金鼎-東大,2024-06-12,9135
2606,裕民,15,2,13,群益金鼎-東大,2024-06-12,9135
2380,虹光,12,0,12,群益金鼎-東大,2024-06-12,9135
1517,利奇,12,0,12,群益金鼎-東大,2024-06-12,9135
1617,榮星,14,2,12,群益金鼎-東大,2024-06-12,9135
2328,廣宇,14,2,12,群益金鼎-東大,2024-06-12,9135
00720B,元大投資級公司債,12,1,11,群益金鼎-東大,2024-06-12,9135
5880,合庫金,12,1,11,群益金鼎-東大,2024-06-12,9135
6548,長科*,14,3,11,群益金鼎-東大,2024-06-12,9135
2748,雲品,11,0,11,群益金鼎-東大,2024-06-12,9135
2889,國票金,20,9,11,群益金鼎-東大,2024-06-12,9135
6667,信紘科,11,0,11,群益金鼎-東大,2024-06-12,9135
2442,新美齊,11,0,11,群益金鼎-東大,2024-06-12,9135
3231,緯創,26,16,10,群益金鼎-東大,2024-06-12,9135
5388,中磊,11,1,10,群益金鼎-東大,2024-06-12,9135
2881,富邦金,10,0,10,群益金鼎-東大,2024-06-12,9135
6589,台康生技,12,2,10,群益金鼎-東大,2024-06-12,9135
2542,興富發,168,6,162,群益金鼎-東大,2024-06-13,9135
2867,三商壽,110,15,95,群益金鼎-東大,2024-06-13,9135
2367,燿華,100,22,78,群益金鼎-東大,2024-06-13,9135
00679B,元大美債20年,72,9,63,群益金鼎-東大,2024-06-13,9135
8070,長華*,62,2,60,群益金鼎-東大,2024-06-13,9135
00675L,富邦臺灣加權正2,58,2,56,群益金鼎-東大,2024-06-13,9135
020031,統一IC設計臺灣N,50,0,50,群益金鼎-東大,2024-06-13,9135
00947,台新臺灣IC設計,41,0,41,群益金鼎-東大,2024-06-13,9135
00948B,中信優息投資級債,35,0,35,群益金鼎-東大,2024-06-13,9135
00688L,國泰20年美債正2,38,4,34,群益金鼎-東大,2024-06-13,9135
00680L,元大美債20正2,33,1,32,群益金鼎-東大,2024-06-13,9135
2514,龍邦,30,0,30,群益金鼎-東大,2024-06-13,9135
00671R,富邦NASDAQ反1,30,0,30,群益金鼎-東大,2024-06-13,9135
020034,元大IC設計N,30,0,30,群益金鼎-東大,2024-06-13,9135
9105,泰金寶-DR,39,10,29,群益金鼎-東大,2024-06-13,9135
2427,三商電,36,8,28,群益金鼎-東大,2024-06-13,9135
3625,西勝,26,0,26,群益金鼎-東大,2024-06-13,9135
5608,四維航,33,9,24,群益金鼎-東大,2024-06-13,9135
2889,國票金,24,0,24,群益金鼎-東大,2024-06-13,9135
1815,富喬,26,2,24,群益金鼎-東大,2024-06-13,9135
8086,宏捷科,24,1,23,群益金鼎-東大,2024-06-13,9135
6213,聯茂,27,5,22,群益金鼎-東大,2024-06-13,9135
3714,富采,22,0,22,群益金鼎-東大,2024-06-13,9135
3483,力致,41,20,21,群益金鼎-東大,2024-06-13,9135
00706L,期元大S＆P日圓正2,21,0,21,群益金鼎-東大,2024-06-13,9135
2388,威盛,21,0,21,群益金鼎-東大,2024-06-13,9135
2363,矽統,39,19,20,群益金鼎-東大,2024-06-13,9135
2618,長榮航,23,3,20,群益金鼎-東大,2024-06-13,9135
1718,中纖,20,0,20,群益金鼎-東大,2024-06-13,9135
6207,雷科,37,19,18,群益金鼎-東大,2024-06-13,9135
2365,昆盈,31,13,18,群益金鼎-東大,2024-06-13,9135
6770,力積電,44,26,18,群益金鼎-東大,2024-06-13,9135
2442,新美齊,18,0,18,群益金鼎-東大,2024-06-13,9135
3450,聯鈞,25,7,18,群益金鼎-東大,2024-06-13,9135
2609,陽明,116,98,18,群益金鼎-東大,2024-06-13,9135
8054,安國,20,3,17,群益金鼎-東大,2024-06-13,9135
00936,台新永續高息中小,17,0,17,群益金鼎-東大,2024-06-13,9135
2338,光罩,18,2,16,群益金鼎-東大,2024-06-13,9135
2610,華航,22,6,16,群益金鼎-東大,2024-06-13,9135
00931B,統一美債20年,16,0,16,群益金鼎-東大,2024-06-13,9135
5871,中租-KY,16,0,16,群益金鼎-東大,2024-06-13,9135
2353,宏��,27,12,15,群益金鼎-東大,2024-06-13,9135
1522,堤維西,22,9,13,群益金鼎-東大,2024-06-13,9135
6189,豐藝,13,0,13,群益金鼎-東大,2024-06-13,9135
8110,華東,23,10,13,群益金鼎-東大,2024-06-13,9135
2352,佳世達,12,0,12,群益金鼎-東大,2024-06-13,9135
3051,力特,12,0,12,群益金鼎-東大,2024-06-13,9135
8277,商丞,12,0,12,群益金鼎-東大,2024-06-13,9135
2505,國揚,12,0,12,群益金鼎-東大,2024-06-13,9135
00923,群益台ESG低碳50,13,2,11,群益金鼎-東大,2024-06-13,9135
6548,長科*,105,0,105,群益金鼎-東大,2024-06-14,9135
6120,達運,91,2,89,群益金鼎-東大,2024-06-14,9135
00937B,群益ESG投等債20,186,107,79,群益金鼎-東大,2024-06-14,9135
00679B,元大美債20年,89,19,70,群益金鼎-東大,2024-06-14,9135
2371,大同,84,21,63,群益金鼎-東大,2024-06-14,9135
00764B,群益25年美債,815,753,62,群益金鼎-東大,2024-06-14,9135
2312,金寶,104,43,61,群益金鼎-東大,2024-06-14,9135
8096,擎亞,87,28,59,群益金鼎-東大,2024-06-14,9135
00680L,元大美債20正2,100,52,48,群益金鼎-東大,2024-06-14,9135
00687B,國泰20年美債,111,75,36,群益金鼎-東大,2024-06-14,9135
00948B,中信優息投資級債,36,0,36,群益金鼎-東大,2024-06-14,9135
4303,信立,33,0,33,群益金鼎-東大,2024-06-14,9135
00947,台新臺灣IC設計,32,0,32,群益金鼎-東大,2024-06-14,9135
00918,大華優利高填息30,54,23,31,群益金鼎-東大,2024-06-14,9135
2609,陽明,94,63,31,群益金鼎-東大,2024-06-14,9135
00756B,群益投等新興公債,30,0,30,群益金鼎-東大,2024-06-14,9135
1474,弘裕,30,0,30,群益金鼎-東大,2024-06-14,9135
2514,龍邦,30,0,30,群益金鼎-東大,2024-06-14,9135
00671R,富邦NASDAQ反1,30,0,30,群益金鼎-東大,2024-06-14,9135
1608,華榮,45,17,28,群益金鼎-東大,2024-06-14,9135
4726,永昕,27,2,25,群益金鼎-東大,2024-06-14,9135
8277,商丞,26,1,25,群益金鼎-東大,2024-06-14,9135
9940,信義,24,0,24,群益金鼎-東大,2024-06-14,9135
2897,王道銀行,28,5,23,群益金鼎-東大,2024-06-14,9135
4714,永捷,21,0,21,群益金鼎-東大,2024-06-14,9135
1473,台南,31,10,21,群益金鼎-東大,2024-06-14,9135
3545,敦泰,23,2,21,群益金鼎-東大,2024-06-14,9135
6226,光鼎,20,0,20,群益金鼎-東大,2024-06-14,9135
1609,大亞,55,36,19,群益金鼎-東大,2024-06-14,9135
1532,勤美,19,0,19,群益金鼎-東大,2024-06-14,9135
2542,興富發,39,21,18,群益金鼎-東大,2024-06-14,9135
00637L,元大滬深300正2,18,0,18,群益金鼎-東大,2024-06-14,9135
00931B,統一美債20年,20,2,18,群益金鼎-東大,2024-06-14,9135
00929,復華台灣科技優息,25,8,17,群益金鼎-東大,2024-06-14,9135
8070,長華*,40,23,17,群益金鼎-東大,2024-06-14,9135
00632R,元大台灣50反1,20,4,16,群益金鼎-東大,2024-06-14,9135
1618,合機,38,23,15,群益金鼎-東大,2024-06-14,9135
6209,今國光,34,20,14,群益金鼎-東大,2024-06-14,9135
5347,世界,22,8,14,群益金鼎-東大,2024-06-14,9135
1519,華城,29,15,14,群益金鼎-東大,2024-06-14,9135
00713,元大台灣高息低波,13,0,13,群益金鼎-東大,2024-06-14,9135
3037,欣興,12,0,12,群益金鼎-東大,2024-06-14,9135
6139,亞翔,16,4,12,群益金鼎-東大,2024-06-14,9135
2534,宏盛,12,0,12,群益金鼎-東大,2024-06-14,9135
5206,坤悅,12,0,12,群益金鼎-東大,2024-06-14,9135
3202,樺晟,12,0,12,群益金鼎-東大,2024-06-14,9135
2449,京元電子,23,12,11,群益金鼎-東大,2024-06-14,9135
3363,上詮,15,5,10,群益金鼎-東大,2024-06-14,9135
2493,揚博,10,0,10,群益金鼎-東大,2024-06-14,9135
00725B,國泰投資級公司債,10,0,10,群益金鼎-東大,2024-06-14,9135
00937B,群益ESG投等債20,235,63,172,群益金鼎-東大,2024-06-17,9135
1784,訊聯,150,4,146,群益金鼎-東大,2024-06-17,9135
00929,復華台灣科技優息,221,126,95,群益金鼎-東大,2024-06-17,9135
00948B,中信優息投資級債,94,0,94,群益金鼎-東大,2024-06-17,9135
00687B,國泰20年美債,93,10,83,群益金鼎-東大,2024-06-17,9135
1528,恩德,78,0,78,群益金鼎-東大,2024-06-17,9135
00919,群益台灣精選高息,117,50,67,群益金鼎-東大,2024-06-17,9135
00942B,台新美A公司債20+,63,0,63,群益金鼎-東大,2024-06-17,9135
00786B,元大10年IG銀行債,60,0,60,群益金鼎-東大,2024-06-17,9135
00918,大華優利高填息30,69,12,57,群益金鼎-東大,2024-06-17,9135
00679B,元大美債20年,111,56,55,群益金鼎-東大,2024-06-17,9135
6015,宏遠證,53,0,53,群益金鼎-東大,2024-06-17,9135
00671R,富邦NASDAQ反1,50,0,50,群益金鼎-東大,2024-06-17,9135
3535,晶彩科,48,2,46,群益金鼎-東大,2024-06-17,9135
2897,王道銀行,52,10,42,群益金鼎-東大,2024-06-17,9135
2371,大同,146,106,40,群益金鼎-東大,2024-06-17,9135
4167,松瑞藥,37,3,34,群益金鼎-東大,2024-06-17,9135
2464,盟立,46,14,32,群益金鼎-東大,2024-06-17,9135
6190,萬泰科,31,2,29,群益金鼎-東大,2024-06-17,9135
2312,金寶,30,1,29,群益金鼎-東大,2024-06-17,9135
00725B,國泰投資級公司債,27,0,27,群益金鼎-東大,2024-06-17,9135
5519,隆大,26,0,26,群益金鼎-東大,2024-06-17,9135
00713,元大台灣高息低波,25,0,25,群益金鼎-東大,2024-06-17,9135
912000,晨訊科-DR,23,1,22,群益金鼎-東大,2024-06-17,9135
2442,新美齊,21,0,21,群益金鼎-東大,2024-06-17,9135
00885,富邦越南,20,0,20,群益金鼎-東大,2024-06-17,9135
00945B,凱基美國非投等債,20,0,20,群益金鼎-東大,2024-06-17,9135
00933B,國泰10Y+金融債,20,1,19,群益金鼎-東大,2024-06-17,9135
00688L,國泰20年美債正2,22,3,19,群益金鼎-東大,2024-06-17,9135
00947,台新臺灣IC設計,21,2,19,群益金鼎-東大,2024-06-17,9135
6274,台燿,19,1,18,群益金鼎-東大,2024-06-17,9135
3013,晟銘電,29,11,18,群益金鼎-東大,2024-06-17,9135
5608,四維航,21,3,18,群益金鼎-東大,2024-06-17,9135
2515,中工,18,0,18,群益金鼎-東大,2024-06-17,9135
4804,大略-KY,18,0,18,群益金鼎-東大,2024-06-17,9135
00631L,元大台灣50正2,17,0,17,群益金鼎-東大,2024-06-17,9135
2353,宏��,23,7,16,群益金鼎-東大,2024-06-17,9135
2367,燿華,17,1,16,群益金鼎-東大,2024-06-17,9135
4722,國精化,16,0,16,群益金鼎-東大,2024-06-17,9135
3338,泰碩,18,2,16,群益金鼎-東大,2024-06-17,9135
8070,長華*,18,2,16,群益金鼎-東大,2024-06-17,9135
1527,鑽全,15,0,15,群益金鼎-東大,2024-06-17,9135
5410,國眾,15,0,15,群益金鼎-東大,2024-06-17,9135
1312,國喬,25,10,15,群益金鼎-東大,2024-06-17,9135
2025,千興,18,3,15,群益金鼎-東大,2024-06-17,9135
3041,揚智,14,0,14,群益金鼎-東大,2024-06-17,9135
5871,中租-KY,16,2,14,群益金鼎-東大,2024-06-17,9135
3011,今皓,13,0,13,群益金鼎-東大,2024-06-17,9135
3047,訊舟,18,5,13,群益金鼎-東大,2024-06-17,9135
5522,遠雄,13,0,13,群益金鼎-東大,2024-06-17,9135
00937B,群益ESG投等債20,287,161,126,群益金鼎-東大,2024-06-18,9135
1314,中石化,107,1,106,群益金鼎-東大,2024-06-18,9135
00948B,中信優息投資級債,60,0,60,群益金鼎-東大,2024-06-18,9135
00713,元大台灣高息低波,54,3,51,群益金鼎-東大,2024-06-18,9135
1447,力鵬,50,0,50,群益金鼎-東大,2024-06-18,9135
00918,大華優利高填息30,55,5,50,群益金鼎-東大,2024-06-18,9135
00687B,國泰20年美債,49,3,46,群益金鼎-東大,2024-06-18,9135
00650L,復華香港正2,42,0,42,群益金鼎-東大,2024-06-18,9135
6782,視陽,41,0,41,群益金鼎-東大,2024-06-18,9135
00679B,元大美債20年,71,31,40,群益金鼎-東大,2024-06-18,9135
3622,洋華,70,30,40,群益金鼎-東大,2024-06-18,9135
2392,正崴,62,23,39,群益金鼎-東大,2024-06-18,9135
00915,凱基優選高股息30,38,0,38,群益金鼎-東大,2024-06-18,9135
6770,力積電,43,5,38,群益金鼎-東大,2024-06-18,9135
2312,金寶,42,8,34,群益金鼎-東大,2024-06-18,9135
3535,晶彩科,31,0,31,群益金鼎-東大,2024-06-18,9135
2353,宏��,40,10,30,群益金鼎-東大,2024-06-18,9135
00671R,富邦NASDAQ反1,50,20,30,群益金鼎-東大,2024-06-18,9135
3673,TPK-KY,29,1,28,群益金鼎-東大,2024-06-18,9135
2615,萬海,50,25,25,群益金鼎-東大,2024-06-18,9135
1785,光洋科,35,10,25,群益金鼎-東大,2024-06-18,9135
00942B,台新美A公司債20+,25,0,25,群益金鼎-東大,2024-06-18,9135
912000,晨訊科-DR,34,9,25,群益金鼎-東大,2024-06-18,9135
4956,光鋐,22,1,21,群益金鼎-東大,2024-06-18,9135
00936,台新永續高息中小,31,10,21,群益金鼎-東大,2024-06-18,9135
2363,矽統,24,4,20,群益金鼎-東大,2024-06-18,9135
2351,順德,25,5,20,群益金鼎-東大,2024-06-18,9135
4909,新復興,50,32,18,群益金鼎-東大,2024-06-18,9135
1312,國喬,17,0,17,群益金鼎-東大,2024-06-18,9135
2344,華邦電,31,14,17,群益金鼎-東大,2024-06-18,9135
2883,凱基金,30,13,17,群益金鼎-東大,2024-06-18,9135
6548,長科*,16,0,16,群益金鼎-東大,2024-06-18,9135
00685L,群益臺灣加權正2,15,0,15,群益金鼎-東大,2024-06-18,9135
9940,信義,15,0,15,群益金鼎-東大,2024-06-18,9135
4961,天鈺,23,8,15,群益金鼎-東大,2024-06-18,9135
8070,長華*,17,2,15,群益金鼎-東大,2024-06-18,9135
5871,中租-KY,16,1,15,群益金鼎-東大,2024-06-18,9135
3006,晶豪科,24,11,13,群益金鼎-東大,2024-06-18,9135
00640L,富邦日本正2,13,0,13,群益金鼎-東大,2024-06-18,9135
9105,泰金寶-DR,35,22,13,群益金鼎-東大,2024-06-18,9135
1522,堤維西,22,10,12,群益金鼎-東大,2024-06-18,9135
1805,寶徠,12,0,12,群益金鼎-東大,2024-06-18,9135
4979,華星光,24,12,12,群益金鼎-東大,2024-06-18,9135
3289,宜特,11,0,11,群益金鼎-東大,2024-06-18,9135
00933B,國泰10Y+金融債,11,0,11,群益金鼎-東大,2024-06-18,9135
2476,鉅祥,29,18,11,群益金鼎-東大,2024-06-18,9135
1326,台化,10,0,10,群益金鼎-東大,2024-06-18,9135
2486,一詮,18,8,10,群益金鼎-東大,2024-06-18,9135
1714,和桐,10,0,10,群益金鼎-東大,2024-06-18,9135
00945B,凱基美國非投等債,10,0,10,群益金鼎-東大,2024-06-18,9135
00673R,期元大S＆P原油反1,135,0,135,群益金鼎-東大,2024-06-19,9135
8070,長華*,140,5,135,群益金鼎-東大,2024-06-19,9135
00948B,中信優息投資級債,102,0,102,群益金鼎-東大,2024-06-19,9135
00720B,元大投資級公司債,89,2,87,群益金鼎-東大,2024-06-19,9135
2834,臺企銀,106,19,87,群益金鼎-東大,2024-06-19,9135
4526,東台,84,1,83,群益金鼎-東大,2024-06-19,9135
2888,新光金,87,6,81,群益金鼎-東大,2024-06-19,9135
00753L,中信中國50正2,79,0,79,群益金鼎-東大,2024-06-19,9135
00713,元大台灣高息低波,79,0,79,群益金鼎-東大,2024-06-19,9135
00933B,國泰10Y+金融債,79,2,77,群益金鼎-東大,2024-06-19,9135
00687B,國泰20年美債,73,9,64,群益金鼎-東大,2024-06-19,9135
2312,金寶,75,13,62,群益金鼎-東大,2024-06-19,9135
00937B,群益ESG投等債20,181,127,54,群益金鼎-東大,2024-06-19,9135
1503,士電,65,16,49,群益金鼎-東大,2024-06-19,9135
8096,擎亞,59,14,45,群益金鼎-東大,2024-06-19,9135
00946,群益科技高息成長,55,18,37,群益金鼎-東大,2024-06-19,9135
00947,台新臺灣IC設計,36,0,36,群益金鼎-東大,2024-06-19,9135
00936,台新永續高息中小,36,1,35,群益金鼎-東大,2024-06-19,9135
2353,宏��,37,2,35,群益金鼎-東大,2024-06-19,9135
00712,復華富時不動產,34,2,32,群益金鼎-東大,2024-06-19,9135
00945B,凱基美國非投等債,30,0,30,群益金鼎-東大,2024-06-19,9135
2344,華邦電,63,33,30,群益金鼎-東大,2024-06-19,9135
2615,萬海,59,31,28,群益金鼎-東大,2024-06-19,9135
1605,華新,29,1,28,群益金鼎-東大,2024-06-19,9135
3622,洋華,67,40,27,群益金鼎-東大,2024-06-19,9135
3356,奇偶,32,6,26,群益金鼎-東大,2024-06-19,9135
3294,英濟,25,1,24,群益金鼎-東大,2024-06-19,9135
1714,和桐,20,0,20,群益金鼎-東大,2024-06-19,9135
3450,聯鈞,81,61,20,群益金鼎-東大,2024-06-19,9135
1319,東陽,24,5,19,群益金鼎-東大,2024-06-19,9135
1524,耿鼎,20,1,19,群益金鼎-東大,2024-06-19,9135
2371,大同,28,10,18,群益金鼎-東大,2024-06-19,9135
6591,動力-KY,17,0,17,群益金鼎-東大,2024-06-19,9135
2101,南港,15,0,15,群益金鼎-東大,2024-06-19,9135
1609,大亞,22,8,14,群益金鼎-東大,2024-06-19,9135
1802,台玻,27,13,14,群益金鼎-東大,2024-06-19,9135
6282,康舒,21,7,14,群益金鼎-東大,2024-06-19,9135
3062,建漢,116,103,13,群益金鼎-東大,2024-06-19,9135
6147,頎邦,13,0,13,群益金鼎-東大,2024-06-19,9135
1785,光洋科,42,29,13,群益金鼎-東大,2024-06-19,9135
3708,上緯投控,12,0,12,群益金鼎-東大,2024-06-19,9135
00632R,元大台灣50反1,32,20,12,群益金鼎-東大,2024-06-19,9135
2890,永豐金,12,0,12,群益金鼎-東大,2024-06-19,9135
00924,復華S＆P500成長,12,0,12,群益金鼎-東大,2024-06-19,9135
3363,上詮,74,63,11,群益金鼎-東大,2024-06-19,9135
1504,東元,15,4,11,群益金鼎-東大,2024-06-19,9135
2881,富邦金,22,11,11,群益金鼎-東大,2024-06-19,9135
00679B,元大美債20年,29,18,11,群益金鼎-東大,2024-06-19,9135
3167,大量,10,0,10,群益金鼎-東大,2024-06-19,9135
8039,台虹,12,2,10,群益金鼎-東大,2024-06-19,9135
00679B,元大美債20年,578,2,576,群益金鼎-東大,2024-06-20,9135
00937B,群益ESG投等債20,449,40,409,群益金鼎-東大,2024-06-20,9135
8070,長華*,250,26,224,群益金鼎-東大,2024-06-20,9135
00946,群益科技高息成長,77,0,77,群益金鼎-東大,2024-06-20,9135
2355,敬鵬,203,130,73,群益金鼎-東大,2024-06-20,9135
00936,台新永續高息中小,89,21,68,群益金鼎-東大,2024-06-20,9135
00948B,中信優息投資級債,57,0,57,群益金鼎-東大,2024-06-20,9135
3376,新日興,60,16,44,群益金鼎-東大,2024-06-20,9135
2329,華泰,43,2,41,群益金鼎-東大,2024-06-20,9135
00720B,元大投資級公司債,35,1,34,群益金鼎-東大,2024-06-20,9135
3622,洋華,37,4,33,群益金鼎-東大,2024-06-20,9135
2442,新美齊,32,0,32,群益金鼎-東大,2024-06-20,9135
2371,大同,36,6,30,群益金鼎-東大,2024-06-20,9135
2610,華航,45,17,28,群益金鼎-東大,2024-06-20,9135
00929,復華台灣科技優息,104,78,26,群益金鼎-東大,2024-06-20,9135
00713,元大台灣高息低波,47,22,25,群益金鼎-東大,2024-06-20,9135
00947,台新臺灣IC設計,45,20,25,群益金鼎-東大,2024-06-20,9135
00632R,元大台灣50反1,23,0,23,群益金鼎-東大,2024-06-20,9135
00795B,中信美國公債20年,22,0,22,群益金鼎-東大,2024-06-20,9135
3483,力致,31,10,21,群益金鼎-東大,2024-06-20,9135
3374,精材,26,6,20,群益金鼎-東大,2024-06-20,9135
00942B,台新美A公司債20+,20,0,20,群益金鼎-東大,2024-06-20,9135
00671R,富邦NASDAQ反1,20,0,20,群益金鼎-東大,2024-06-20,9135
00945B,凱基美國非投等債,20,0,20,群益金鼎-東大,2024-06-20,9135
00902,中信電池及儲能,20,0,20,群益金鼎-東大,2024-06-20,9135
8096,擎亞,34,17,17,群益金鼎-東大,2024-06-20,9135
6177,達麗,16,0,16,群益金鼎-東大,2024-06-20,9135
9105,泰金寶-DR,31,15,16,群益金鼎-東大,2024-06-20,9135
3035,智原,22,7,15,群益金鼎-東大,2024-06-20,9135
2887,台新金,20,5,15,群益金鼎-東大,2024-06-20,9135
1445,大宇,15,0,15,群益金鼎-東大,2024-06-20,9135
2330,台積電,24,10,14,群益金鼎-東大,2024-06-20,9135
00675L,富邦臺灣加權正2,14,0,14,群益金鼎-東大,2024-06-20,9135
2328,廣宇,15,1,14,群益金鼎-東大,2024-06-20,9135
4566,時碩工業,50,36,14,群益金鼎-東大,2024-06-20,9135
4909,新復興,53,39,14,群益金鼎-東大,2024-06-20,9135
6207,雷科,15,3,12,群益金鼎-東大,2024-06-20,9135
2356,英業達,19,7,12,群益金鼎-東大,2024-06-20,9135
6283,淳安,11,0,11,群益金鼎-東大,2024-06-20,9135
2303,聯電,64,53,11,群益金鼎-東大,2024-06-20,9135
6216,居易,16,5,11,群益金鼎-東大,2024-06-20,9135
3234,光環,16,5,11,群益金鼎-東大,2024-06-20,9135
2812,台中銀,11,0,11,群益金鼎-東大,2024-06-20,9135
00915,凱基優選高股息30,11,0,11,群益金鼎-東大,2024-06-20,9135
1522,堤維西,13,2,11,群益金鼎-東大,2024-06-20,9135
2548,華固,10,0,10,群益金鼎-東大,2024-06-20,9135
00931B,統一美債20年,10,0,10,群益金鼎-東大,2024-06-20,9135
6472,保瑞,11,1,10,群益金鼎-東大,2024-06-20,9135
9802,鈺齊-KY,10,0,10,群益金鼎-東大,2024-06-20,9135
8076,伍豐,10,0,10,群益金鼎-東大,2024-06-20,9135
00937B,群益ESG投等債20,1040,0,1040,群益金鼎-東大,2024-06-21,9135
00687B,國泰20年美債,237,3,234,群益金鼎-東大,2024-06-21,9135
2324,仁寶,226,0,226,群益金鼎-東大,2024-06-21,9135
00713,元大台灣高息低波,174,10,164,群益金鼎-東大,2024-06-21,9135
8070,長華*,158,8,150,群益金鼎-東大,2024-06-21,9135
3062,建漢,331,197,134,群益金鼎-東大,2024-06-21,9135
00942B,台新美A公司債20+,133,0,133,群益金鼎-東大,2024-06-21,9135
00929,復華台灣科技優息,154,45,109,群益金鼎-東大,2024-06-21,9135
00878,國泰永續高股息,118,16,102,群益金鼎-東大,2024-06-21,9135
00637L,元大滬深300正2,104,2,102,群益金鼎-東大,2024-06-21,9135
4526,東台,131,51,80,群益金鼎-東大,2024-06-21,9135
6558,興能高,76,0,76,群益金鼎-東大,2024-06-21,9135
00948B,中信優息投資級債,71,0,71,群益金鼎-東大,2024-06-21,9135
1789,神隆,69,1,68,群益金鼎-東大,2024-06-21,9135
6664,群翊,66,0,66,群益金鼎-東大,2024-06-21,9135
00720B,元大投資級公司債,60,1,59,群益金鼎-東大,2024-06-21,9135
00939,統一台灣高息動能,65,10,55,群益金鼎-東大,2024-06-21,9135
00919,群益台灣精選高息,208,168,40,群益金鼎-東大,2024-06-21,9135
3714,富采,44,6,38,群益金鼎-東大,2024-06-21,9135
9105,泰金寶-DR,62,26,36,群益金鼎-東大,2024-06-21,9135
2834,臺企銀,58,22,36,群益金鼎-東大,2024-06-21,9135
006208,富邦台50,46,10,36,群益金鼎-東大,2024-06-21,9135
3312,弘憶股,41,6,35,群益金鼎-東大,2024-06-21,9135
6217,中探針,65,31,34,群益金鼎-東大,2024-06-21,9135
00706L,期元大S＆P日圓正2,33,0,33,群益金鼎-東大,2024-06-21,9135
6465,威潤,32,0,32,群益金鼎-東大,2024-06-21,9135
2317,鴻海,72,44,28,群益金鼎-東大,2024-06-21,9135
00931B,統一美債20年,23,0,23,群益金鼎-東大,2024-06-21,9135
00881,國泰台灣5G+,23,0,23,群益金鼎-東大,2024-06-21,9135
00632R,元大台灣50反1,23,0,23,群益金鼎-東大,2024-06-21,9135
0056,元大高股息,27,4,23,群益金鼎-東大,2024-06-21,9135
3450,聯鈞,113,91,22,群益金鼎-東大,2024-06-21,9135
2331,精英,21,0,21,群益金鼎-東大,2024-06-21,9135
8096,擎亞,24,3,21,群益金鼎-東大,2024-06-21,9135
6156,松上,22,1,21,群益金鼎-東大,2024-06-21,9135
6741,91APP*-KY,20,0,20,群益金鼎-東大,2024-06-21,9135
2349,錸德,20,0,20,群益金鼎-東大,2024-06-21,9135
1760,寶齡富錦,20,0,20,群益金鼎-東大,2024-06-21,9135
3363,上詮,20,0,20,群益金鼎-東大,2024-06-21,9135
5905,南仁湖,17,0,17,群益金鼎-東大,2024-06-21,9135
00946,群益科技高息成長,17,0,17,群益金鼎-東大,2024-06-21,9135
6472,保瑞,21,5,16,群益金鼎-東大,2024-06-21,9135
00945B,凱基美國非投等債,15,0,15,群益金鼎-東大,2024-06-21,9135
2610,華航,18,4,14,群益金鼎-東大,2024-06-21,9135
2498,宏達電,37,24,13,群益金鼎-東大,2024-06-21,9135
2537,聯上發,13,0,13,群益金鼎-東大,2024-06-21,9135
6176,瑞儀,13,0,13,群益金鼎-東大,2024-06-21,9135
4566,時碩工業,71,58,13,群益金鼎-東大,2024-06-21,9135
00680L,元大美債20正2,13,0,13,群益金鼎-東大,2024-06-21,9135
3071,協禧,12,0,12,群益金鼎-東大,2024-06-21,9135
5328,華容,328,16,312,群益金鼎-東大,2024-06-24,9135
00929,復華台灣科技優息,250,25,225,群益金鼎-東大,2024-06-24,9135
00937B,群益ESG投等債20,235,26,209,群益金鼎-東大,2024-06-24,9135
3481,群創,340,146,194,群益金鼎-東大,2024-06-24,9135
00919,群益台灣精選高息,228,44,184,群益金鼎-東大,2024-06-24,9135
00936,台新永續高息中小,87,3,84,群益金鼎-東大,2024-06-24,9135
6664,群翊,65,1,64,群益金鼎-東大,2024-06-24,9135
00946,群益科技高息成長,77,15,62,群益金鼎-東大,2024-06-24,9135
00720B,元大投資級公司債,55,0,55,群益金鼎-東大,2024-06-24,9135
00948B,中信優息投資級債,50,0,50,群益金鼎-東大,2024-06-24,9135
3231,緯創,59,10,49,群益金鼎-東大,2024-06-24,9135
2603,長榮,44,3,41,群益金鼎-東大,2024-06-24,9135
00706L,期元大S＆P日圓正2,38,0,38,群益金鼎-東大,2024-06-24,9135
00713,元大台灣高息低波,37,1,36,群益金鼎-東大,2024-06-24,9135
8070,長華*,48,14,34,群益金鼎-東大,2024-06-24,9135
00675L,富邦臺灣加權正2,38,4,34,群益金鼎-東大,2024-06-24,9135
2330,台積電,42,8,34,群益金鼎-東大,2024-06-24,9135
00947,台新臺灣IC設計,35,2,33,群益金鼎-東大,2024-06-24,9135
6782,視陽,33,0,33,群益金鼎-東大,2024-06-24,9135
1447,力鵬,32,0,32,群益金鼎-東大,2024-06-24,9135
00679B,元大美債20年,533,501,32,群益金鼎-東大,2024-06-24,9135
2897,王道銀行,28,0,28,群益金鼎-東大,2024-06-24,9135
3149,正達,30,4,26,群益金鼎-東大,2024-06-24,9135
3615,安可,25,0,25,群益金鼎-東大,2024-06-24,9135
9105,泰金寶-DR,28,3,25,群益金鼎-東大,2024-06-24,9135
6164,華興,25,0,25,群益金鼎-東大,2024-06-24,9135
00687B,國泰20年美債,44,20,24,群益金鼎-東大,2024-06-24,9135
3576,聯合再生,25,1,24,群益金鼎-東大,2024-06-24,9135
2369,菱生,43,19,24,群益金鼎-東大,2024-06-24,9135
2070,精湛,23,0,23,群益金鼎-東大,2024-06-24,9135
2324,仁寶,21,0,21,群益金鼎-東大,2024-06-24,9135
00939,統一台灣高息動能,21,1,20,群益金鼎-東大,2024-06-24,9135
00945B,凱基美國非投等債,20,0,20,群益金鼎-東大,2024-06-24,9135
8076,伍豐,27,7,20,群益金鼎-東大,2024-06-24,9135
00719B,元大美債1-3,20,0,20,群益金鼎-東大,2024-06-24,9135
8064,東捷,31,11,20,群益金鼎-東大,2024-06-24,9135
2409,友達,59,40,19,群益金鼎-東大,2024-06-24,9135
5533,皇鼎,19,0,19,群益金鼎-東大,2024-06-24,9135
1785,光洋科,84,65,19,群益金鼎-東大,2024-06-24,9135
00881,國泰台灣5G+,22,3,19,群益金鼎-東大,2024-06-24,9135
2504,國產,20,1,19,群益金鼎-東大,2024-06-24,9135
3047,訊舟,42,23,19,群益金鼎-東大,2024-06-24,9135
2061,風青,22,5,17,群益金鼎-東大,2024-06-24,9135
2206,三陽工業,26,11,15,群益金鼎-東大,2024-06-24,9135
1409,新纖,27,12,15,群益金鼎-東大,2024-06-24,9135
1309,台達化,206,191,15,群益金鼎-東大,2024-06-24,9135
2615,萬海,34,20,14,群益金鼎-東大,2024-06-24,9135
5432,新門,16,3,13,群益金鼎-東大,2024-06-24,9135
6770,力積電,18,5,13,群益金鼎-東大,2024-06-24,9135
4306,炎洲,12,0,12,群益金鼎-東大,2024-06-24,9135
2409,友達,119,2,117,群益金鼎-東大,2024-06-25,9135
00929,復華台灣科技優息,134,18,116,群益金鼎-東大,2024-06-25,9135
00679B,元大美債20年,100,5,95,群益金鼎-東大,2024-06-25,9135
2537,聯上發,103,13,90,群益金鼎-東大,2024-06-25,9135
00919,群益台灣精選高息,110,30,80,群益金鼎-東大,2024-06-25,9135
6290,良維,79,5,74,群益金鼎-東大,2024-06-25,9135
6548,長科*,49,0,49,群益金鼎-東大,2024-06-25,9135
00923,群益台ESG低碳50,47,0,47,群益金鼎-東大,2024-06-25,9135
2317,鴻海,90,44,46,群益金鼎-東大,2024-06-25,9135
00713,元大台灣高息低波,46,1,45,群益金鼎-東大,2024-06-25,9135
2382,廣達,68,27,41,群益金鼎-東大,2024-06-25,9135
00940,元大台灣價值高息,40,0,40,群益金鼎-東大,2024-06-25,9135
6213,聯茂,42,4,38,群益金鼎-東大,2024-06-25,9135
2472,立隆電,55,18,37,群益金鼎-東大,2024-06-25,9135
2888A,新光金甲特,30,0,30,群益金鼎-東大,2024-06-25,9135
2374,佳能,27,0,27,群益金鼎-東大,2024-06-25,9135
3037,欣興,27,1,26,群益金鼎-東大,2024-06-25,9135
3033,威健,24,0,24,群益金鼎-東大,2024-06-25,9135
00673R,期元大S＆P原油反1,23,0,23,群益金鼎-東大,2024-06-25,9135
8070,長華*,23,0,23,群益金鼎-東大,2024-06-25,9135
00881,國泰台灣5G+,22,1,21,群益金鼎-東大,2024-06-25,9135
2303,聯電,25,4,21,群益金鼎-東大,2024-06-25,9135
2834,臺企銀,23,2,21,群益金鼎-東大,2024-06-25,9135
6269,台郡,21,0,21,群益金鼎-東大,2024-06-25,9135
00685L,群益臺灣加權正2,21,0,21,群益金鼎-東大,2024-06-25,9135
3481,群創,86,65,21,群益金鼎-東大,2024-06-25,9135
1312,國喬,35,15,20,群益金鼎-東大,2024-06-25,9135
1785,光洋科,123,103,20,群益金鼎-東大,2024-06-25,9135
3025,星通,25,5,20,群益金鼎-東大,2024-06-25,9135
2888,新光金,21,2,19,群益金鼎-東大,2024-06-25,9135
0056,元大高股息,18,0,18,群益金鼎-東大,2024-06-25,9135
5512,力麒,18,0,18,群益金鼎-東大,2024-06-25,9135
2355,敬鵬,18,1,17,群益金鼎-東大,2024-06-25,9135
00936,台新永續高息中小,16,0,16,群益金鼎-東大,2024-06-25,9135
3663,鑫科,30,14,16,群益金鼎-東大,2024-06-25,9135
5351,鈺創,22,6,16,群益金鼎-東大,2024-06-25,9135
00753L,中信中國50正2,30,15,15,群益金鼎-東大,2024-06-25,9135
2406,國碩,33,18,15,群益金鼎-東大,2024-06-25,9135
3615,安可,15,0,15,群益金鼎-東大,2024-06-25,9135
3483,力致,20,6,14,群益金鼎-東大,2024-06-25,9135
4956,光鋐,56,42,14,群益金鼎-東大,2024-06-25,9135
2329,華泰,17,3,14,群益金鼎-東大,2024-06-25,9135
00878,國泰永續高股息,14,0,14,群益金鼎-東大,2024-06-25,9135
3535,晶彩科,12,0,12,群益金鼎-東大,2024-06-25,9135
4919,新唐,12,1,11,群益金鼎-東大,2024-06-25,9135
2393,億光,25,14,11,群益金鼎-東大,2024-06-25,9135
00706L,期元大S＆P日圓正2,11,0,11,群益金鼎-東大,2024-06-25,9135
2427,三商電,75,64,11,群益金鼎-東大,2024-06-25,9135
3576,聯合再生,10,0,10,群益金鼎-東大,2024-06-25,9135
3011,今皓,10,0,10,群益金鼎-東大,2024-06-25,9135
3481,群創,435,16,419,群益金鼎-東大,2024-06-26,9135
00937B,群益ESG投等債20,366,4,362,群益金鼎-東大,2024-06-26,9135
00725B,國泰投資級公司債,140,3,137,群益金鼎-東大,2024-06-26,9135
4973,廣穎,100,0,100,群益金鼎-東大,2024-06-26,9135
00671R,富邦NASDAQ反1,85,0,85,群益金鼎-東大,2024-06-26,9135
00942B,台新美A公司債20+,82,0,82,群益金鼎-東大,2024-06-26,9135
00936,台新永續高息中小,73,0,73,群益金鼎-東大,2024-06-26,9135
00713,元大台灣高息低波,70,10,60,群益金鼎-東大,2024-06-26,9135
2303,聯電,67,11,56,群益金鼎-東大,2024-06-26,9135
2312,金寶,50,4,46,群益金鼎-東大,2024-06-26,9135
3535,晶彩科,63,20,43,群益金鼎-東大,2024-06-26,9135
4167,松瑞藥,51,8,43,群益金鼎-東大,2024-06-26,9135
3576,聯合再生,44,2,42,群益金鼎-東大,2024-06-26,9135
00764B,群益25年美債,735,695,40,群益金鼎-東大,2024-06-26,9135
6217,中探針,41,2,39,群益金鼎-東大,2024-06-26,9135
00679B,元大美債20年,37,1,36,群益金鼎-東大,2024-06-26,9135
00680L,元大美債20正2,35,2,33,群益金鼎-東大,2024-06-26,9135
2887,台新金,33,0,33,群益金鼎-東大,2024-06-26,9135
8210,勤誠,59,27,32,群益金鼎-東大,2024-06-26,9135
2392,正崴,43,13,30,群益金鼎-東大,2024-06-26,9135
6683,雍智科技,30,1,29,群益金鼎-東大,2024-06-26,9135
00948B,中信優息投資級債,27,0,27,群益金鼎-東大,2024-06-26,9135
2409,友達,26,1,25,群益金鼎-東大,2024-06-26,9135
2883,凱基金,25,1,24,群益金鼎-東大,2024-06-26,9135
6770,力積電,52,28,24,群益金鼎-東大,2024-06-26,9135
6164,華興,25,3,22,群益金鼎-東大,2024-06-26,9135
00929,復華台灣科技優息,76,55,21,群益金鼎-東大,2024-06-26,9135
1605,華新,21,0,21,群益金鼎-東大,2024-06-26,9135
1326,台化,20,0,20,群益金鼎-東大,2024-06-26,9135
00673R,期元大S＆P原油反1,20,0,20,群益金鼎-東大,2024-06-26,9135
3062,建漢,31,11,20,群益金鼎-東大,2024-06-26,9135
3450,聯鈞,72,56,16,群益金鼎-東大,2024-06-26,9135
00918,大華優利高填息30,16,0,16,群益金鼎-東大,2024-06-26,9135
3483,力致,53,37,16,群益金鼎-東大,2024-06-26,9135
00688L,國泰20年美債正2,16,0,16,群益金鼎-東大,2024-06-26,9135
00632R,元大台灣50反1,18,2,16,群益金鼎-東大,2024-06-26,9135
1795,美時,26,10,16,群益金鼎-東大,2024-06-26,9135
8070,長華*,16,1,15,群益金鼎-東大,2024-06-26,9135
6125,廣運,15,0,15,群益金鼎-東大,2024-06-26,9135
2359,所羅門,21,6,15,群益金鼎-東大,2024-06-26,9135
9904,寶成,15,0,15,群益金鼎-東大,2024-06-26,9135
1786,科妍,20,5,15,群益金鼎-東大,2024-06-26,9135
2354,鴻準,20,5,15,群益金鼎-東大,2024-06-26,9135
0056,元大高股息,16,1,15,群益金鼎-東大,2024-06-26,9135
3374,精材,20,6,14,群益金鼎-東大,2024-06-26,9135
6548,長科*,16,2,14,群益金鼎-東大,2024-06-26,9135
3006,晶豪科,19,5,14,群益金鼎-東大,2024-06-26,9135
00687B,國泰20年美債,13,0,13,群益金鼎-東大,2024-06-26,9135
4111,濟生,13,0,13,群益金鼎-東大,2024-06-26,9135
2353,宏��,12,0,12,群益金鼎-東大,2024-06-26,9135
00937B,群益ESG投等債20,510,110,400,群益金鼎-東大,2024-06-27,9135
00725B,國泰投資級公司債,431,130,301,群益金鼎-東大,2024-06-27,9135
00679B,元大美債20年,168,0,168,群益金鼎-東大,2024-06-27,9135
00942B,台新美A公司債20+,91,0,91,群益金鼎-東大,2024-06-27,9135
00948B,中信優息投資級債,86,0,86,群益金鼎-東大,2024-06-27,9135
00671R,富邦NASDAQ反1,85,0,85,群益金鼎-東大,2024-06-27,9135
00929,復華台灣科技優息,81,0,81,群益金鼎-東大,2024-06-27,9135
00936,台新永續高息中小,61,0,61,群益金鼎-東大,2024-06-27,9135
00687B,國泰20年美債,57,0,57,群益金鼎-東大,2024-06-27,9135
3576,聯合再生,93,38,55,群益金鼎-東大,2024-06-27,9135
4973,廣穎,50,0,50,群益金鼎-東大,2024-06-27,9135
6548,長科*,50,0,50,群益金鼎-東大,2024-06-27,9135
8064,東捷,66,18,48,群益金鼎-東大,2024-06-27,9135
00713,元大台灣高息低波,69,24,45,群益金鼎-東大,2024-06-27,9135
2897,王道銀行,42,0,42,群益金鼎-東大,2024-06-27,9135
00885,富邦越南,52,12,40,群益金鼎-東大,2024-06-27,9135
2867,三商壽,38,0,38,群益金鼎-東大,2024-06-27,9135
2312,金寶,36,0,36,群益金鼎-東大,2024-06-27,9135
6285,啟��,36,3,33,群益金鼎-東大,2024-06-27,9135
00751B,元大AAA至A公司債,33,0,33,群益金鼎-東大,2024-06-27,9135
6116,彩晶,32,0,32,群益金鼎-東大,2024-06-27,9135
5478,智冠,41,9,32,群益金鼎-東大,2024-06-27,9135
2605,新興,30,4,26,群益金鼎-東大,2024-06-27,9135
00902,中信電池及儲能,25,0,25,群益金鼎-東大,2024-06-27,9135
00680L,元大美債20正2,75,50,25,群益金鼎-東大,2024-06-27,9135
00665L,富邦�琤肭磪囓�2,24,0,24,群益金鼎-東大,2024-06-27,9135
6443,元晶,94,71,23,群益金鼎-東大,2024-06-27,9135
2301,光寶科,27,4,23,群益金鼎-東大,2024-06-27,9135
4109,加捷生醫,35,13,22,群益金鼎-東大,2024-06-27,9135
2392,正崴,30,8,22,群益金鼎-東大,2024-06-27,9135
8085,福華,26,4,22,群益金鼎-東大,2024-06-27,9135
00919,群益台灣精選高息,27,7,20,群益金鼎-東大,2024-06-27,9135
00795B,中信美國公債20年,22,2,20,群益金鼎-東大,2024-06-27,9135
1447,力鵬,20,0,20,群益金鼎-東大,2024-06-27,9135
2905,三商,20,0,20,群益金鼎-東大,2024-06-27,9135
00947,台新臺灣IC設計,17,0,17,群益金鼎-東大,2024-06-27,9135
00878,國泰永續高股息,16,0,16,群益金鼎-東大,2024-06-27,9135
00720B,元大投資級公司債,39,23,16,群益金鼎-東大,2024-06-27,9135
4908,前鼎,47,31,16,群益金鼎-東大,2024-06-27,9135
8070,長華*,16,1,15,群益金鼎-東大,2024-06-27,9135
5452,佶優,16,1,15,群益金鼎-東大,2024-06-27,9135
3297,杭特,15,2,13,群益金鼎-東大,2024-06-27,9135
1463,強盛新,13,0,13,群益金鼎-東大,2024-06-27,9135
3706,神達,13,0,13,群益金鼎-東大,2024-06-27,9135
00688L,國泰20年美債正2,13,0,13,群益金鼎-東大,2024-06-27,9135
5443,均豪,46,34,12,群益金鼎-東大,2024-06-27,9135
2464,盟立,16,4,12,群益金鼎-東大,2024-06-27,9135
00931B,統一美債20年,11,0,11,群益金鼎-東大,2024-06-27,9135
3231,緯創,11,0,11,群益金鼎-東大,2024-06-27,9135
3665,貿聯-KY,13,2,11,群益金鼎-東大,2024-06-27,9135
00937B,群益ESG投等債20,227,10,217,群益金鼎-東大,2024-06-28,9135
8070,長華*,145,0,145,群益金鼎-東大,2024-06-28,9135
3083,網龍,143,0,143,群益金鼎-東大,2024-06-28,9135
00671R,富邦NASDAQ反1,130,0,130,群益金鼎-東大,2024-06-28,9135
00679B,元大美債20年,96,0,96,群益金鼎-東大,2024-06-28,9135
00929,復華台灣科技優息,97,5,92,群益金鼎-東大,2024-06-28,9135
00673R,期元大S＆P原油反1,73,0,73,群益金鼎-東大,2024-06-28,9135
3481,群創,207,145,62,群益金鼎-東大,2024-06-28,9135
2303,聯電,62,3,59,群益金鼎-東大,2024-06-28,9135
3576,聯合再生,104,46,58,群益金鼎-東大,2024-06-28,9135
00725B,國泰投資級公司債,464,411,53,群益金鼎-東大,2024-06-28,9135
2406,國碩,74,21,53,群益金鼎-東大,2024-06-28,9135
00751B,元大AAA至A公司債,51,0,51,群益金鼎-東大,2024-06-28,9135
1325,恆大,43,0,43,群益金鼎-東大,2024-06-28,9135
2867,三商壽,45,5,40,群益金鼎-東大,2024-06-28,9135
5243,乙盛-KY,149,111,38,群益金鼎-東大,2024-06-28,9135
00680L,元大美債20正2,35,0,35,群益金鼎-東大,2024-06-28,9135
1736,喬山,33,0,33,群益金鼎-東大,2024-06-28,9135
3062,建漢,30,0,30,群益金鼎-東大,2024-06-28,9135
2382,廣達,34,4,30,群益金鼎-東大,2024-06-28,9135
00945B,凱基美國非投等債,30,0,30,群益金鼎-東大,2024-06-28,9135
00936,台新永續高息中小,40,12,28,群益金鼎-東大,2024-06-28,9135
00712,復華富時不動產,27,0,27,群益金鼎-東大,2024-06-28,9135
3450,聯鈞,86,59,27,群益金鼎-東大,2024-06-28,9135
6770,力積電,32,5,27,群益金鼎-東大,2024-06-28,9135
2610,華航,68,42,26,群益金鼎-東大,2024-06-28,9135
2301,光寶科,96,74,22,群益金鼎-東大,2024-06-28,9135
2337,旺宏,22,0,22,群益金鼎-東大,2024-06-28,9135
00713,元大台灣高息低波,45,23,22,群益金鼎-東大,2024-06-28,9135
6152,百一,20,0,20,群益金鼎-東大,2024-06-28,9135
1514,亞力,35,15,20,群益金鼎-東大,2024-06-28,9135
2467,志聖,44,25,19,群益金鼎-東大,2024-06-28,9135
1101,台泥,20,1,19,群益金鼎-東大,2024-06-28,9135
00687B,國泰20年美債,34,16,18,群益金鼎-東大,2024-06-28,9135
00720B,元大投資級公司債,18,2,16,群益金鼎-東大,2024-06-28,9135
4909,新復興,30,14,16,群益金鼎-東大,2024-06-28,9135
3663,鑫科,23,7,16,群益金鼎-東大,2024-06-28,9135
0056,元大高股息,16,0,16,群益金鼎-東大,2024-06-28,9135
3035,智原,31,16,15,群益金鼎-東大,2024-06-28,9135
00948B,中信優息投資級債,14,0,14,群益金鼎-東大,2024-06-28,9135
1301,台塑,14,0,14,群益金鼎-東大,2024-06-28,9135
6443,元晶,49,35,14,群益金鼎-東大,2024-06-28,9135
4129,聯合,29,16,13,群益金鼎-東大,2024-06-28,9135
2352,佳世達,26,13,13,群益金鼎-東大,2024-06-28,9135
8064,東捷,26,13,13,群益金鼎-東大,2024-06-28,9135
2365,昆盈,14,2,12,群益金鼎-東大,2024-06-28,9135
00942B,台新美A公司債20+,22,10,12,群益金鼎-東大,2024-06-28,9135
8926,台汽電,12,0,12,群益金鼎-東大,2024-06-28,9135
8215,明基材,12,0,12,群益金鼎-東大,2024-06-28,9135
6188,廣明,25,13,12,群益金鼎-東大,2024-06-28,9135
00937B,群益ESG投等債20,759,8,751,群益金鼎-東大,2024-07-01,9135
00942B,台新美A公司債20+,349,0,349,群益金鼎-東大,2024-07-01,9135
00680L,元大美債20正2,207,0,207,群益金鼎-東大,2024-07-01,9135
00725B,國泰投資級公司債,629,462,167,群益金鼎-東大,2024-07-01,9135
00687B,國泰20年美債,147,0,147,群益金鼎-東大,2024-07-01,9135
00948B,中信優息投資級債,128,3,125,群益金鼎-東大,2024-07-01,9135
00679B,元大美債20年,116,0,116,群益金鼎-東大,2024-07-01,9135
00688L,國泰20年美債正2,113,9,104,群益金鼎-東大,2024-07-01,9135
00671R,富邦NASDAQ反1,100,0,100,群益金鼎-東大,2024-07-01,9135
00706L,期元大S＆P日圓正2,60,0,60,群益金鼎-東大,2024-07-01,9135
00753L,中信中國50正2,60,0,60,群益金鼎-東大,2024-07-01,9135
00720B,元大投資級公司債,50,0,50,群益金鼎-東大,2024-07-01,9135
2897,王道銀行,60,12,48,群益金鼎-東大,2024-07-01,9135
0056,元大高股息,43,0,43,群益金鼎-東大,2024-07-01,9135
6217,中探針,40,0,40,群益金鼎-東大,2024-07-01,9135
3615,安可,51,11,40,群益金鼎-東大,2024-07-01,9135
00713,元大台灣高息低波,55,16,39,群益金鼎-東大,2024-07-01,9135
2883,凱基金,50,12,38,群益金鼎-東大,2024-07-01,9135
2303,聯電,51,14,37,群益金鼎-東大,2024-07-01,9135
2495,普安,36,2,34,群益金鼎-東大,2024-07-01,9135
6782,視陽,49,17,32,群益金鼎-東大,2024-07-01,9135
4162,智擎,31,0,31,群益金鼎-東大,2024-07-01,9135
2314,台揚,30,0,30,群益金鼎-東大,2024-07-01,9135
00929,復華台灣科技優息,44,15,29,群益金鼎-東大,2024-07-01,9135
00650L,復華香港正2,26,0,26,群益金鼎-東大,2024-07-01,9135
00947,台新臺灣IC設計,24,0,24,群益金鼎-東大,2024-07-01,9135
6806,森崴能源,38,14,24,群益金鼎-東大,2024-07-01,9135
00772B,中信高評級公司債,40,17,23,群益金鼎-東大,2024-07-01,9135
6133,金橋,23,0,23,群益金鼎-東大,2024-07-01,9135
8070,長華*,23,0,23,群益金鼎-東大,2024-07-01,9135
2451,創見,21,0,21,群益金鼎-東大,2024-07-01,9135
4566,時碩工業,41,21,20,群益金鼎-東大,2024-07-01,9135
2412,中華電,21,1,20,群益金鼎-東大,2024-07-01,9135
1447,力鵬,20,0,20,群益金鼎-東大,2024-07-01,9135
00751B,元大AAA至A公司債,20,0,20,群益金鼎-東大,2024-07-01,9135
6285,啟��,21,2,19,群益金鼎-東大,2024-07-01,9135
00885,富邦越南,18,0,18,群益金鼎-東大,2024-07-01,9135
3024,憶聲,52,34,18,群益金鼎-東大,2024-07-01,9135
2317,鴻海,36,19,17,群益金鼎-東大,2024-07-01,9135
4167,松瑞藥,85,68,17,群益金鼎-東大,2024-07-01,9135
00946,群益科技高息成長,19,2,17,群益金鼎-東大,2024-07-01,9135
2359,所羅門,53,36,17,群益金鼎-東大,2024-07-01,9135
00795B,中信美國公債20年,20,4,16,群益金鼎-東大,2024-07-01,9135
2313,華通,32,16,16,群益金鼎-東大,2024-07-01,9135
1736,喬山,16,0,16,群益金鼎-東大,2024-07-01,9135
3663,鑫科,18,4,14,群益金鼎-東大,2024-07-01,9135
3188,鑫龍騰,13,0,13,群益金鼎-東大,2024-07-01,9135
3048,益登,15,2,13,群益金鼎-東大,2024-07-01,9135
6182,合晶,15,2,13,群益金鼎-東大,2024-07-01,9135
3062,建漢,16,4,12,群益金鼎-東大,2024-07-01,9135
00688L,國泰20年美債正2,283,0,283,群益金鼎-東大,2024-07-02,9135
00942B,台新美A公司債20+,168,0,168,群益金鼎-東大,2024-07-02,9135
00937B,群益ESG投等債20,157,1,156,群益金鼎-東大,2024-07-02,9135
8070,長華*,98,2,96,群益金鼎-東大,2024-07-02,9135
00751B,元大AAA至A公司債,61,0,61,群益金鼎-東大,2024-07-02,9135
00934,中信成長高股息,59,0,59,群益金鼎-東大,2024-07-02,9135
00680L,元大美債20正2,154,100,54,群益金鼎-東大,2024-07-02,9135
2303,聯電,93,38,55,群益金鼎-東大,2024-07-02,9135
00713,元大台灣高息低波,47,3,44,群益金鼎-東大,2024-07-02,9135
00936,台新永續高息中小,43,0,43,群益金鼎-東大,2024-07-02,9135
6290,良維,40,1,39,群益金鼎-東大,2024-07-02,9135
2349,錸德,39,0,39,群益金鼎-東大,2024-07-02,9135
0056,元大高股息,38,1,37,群益金鼎-東大,2024-07-02,9135
3312,弘憶股,48,12,36,群益金鼎-東大,2024-07-02,9135
3576,聯合再生,89,55,34,群益金鼎-東大,2024-07-02,9135
00720B,元大投資級公司債,28,0,28,群益金鼎-東大,2024-07-02,9135
3673,TPK-KY,31,3,28,群益金鼎-東大,2024-07-02,9135
00679B,元大美債20年,58,33,25,群益金鼎-東大,2024-07-02,9135
1513,中興電,26,2,24,群益金鼎-東大,2024-07-02,9135
00706L,期元大S＆P日圓正2,23,0,23,群益金鼎-東大,2024-07-02,9135
00948B,中信優息投資級債,23,0,23,群益金鼎-東大,2024-07-02,9135
2409,友達,23,0,23,群益金鼎-東大,2024-07-02,9135
3615,安可,26,4,22,群益金鼎-東大,2024-07-02,9135
00712,復華富時不動產,22,0,22,群益金鼎-東大,2024-07-02,9135
00632R,元大台灣50反1,23,1,22,群益金鼎-東大,2024-07-02,9135
2317,鴻海,100,79,21,群益金鼎-東大,2024-07-02,9135
2867,三商壽,21,0,21,群益金鼎-東大,2024-07-02,9135
6109,亞元,28,7,21,群益金鼎-東大,2024-07-02,9135
3520,華盈,31,10,21,群益金鼎-東大,2024-07-02,9135
00931B,統一美債20年,30,10,20,群益金鼎-東大,2024-07-02,9135
2891,中信金,20,3,17,群益金鼎-東大,2024-07-02,9135
8050,廣積,22,5,17,群益金鼎-東大,2024-07-02,9135
00725B,國泰投資級公司債,634,617,17,群益金鼎-東大,2024-07-02,9135
00687B,國泰20年美債,16,0,16,群益金鼎-東大,2024-07-02,9135
1504,東元,32,16,16,群益金鼎-東大,2024-07-02,9135
00918,大華優利高填息30,15,0,15,群益金鼎-東大,2024-07-02,9135
6285,啟��,15,1,14,群益金鼎-東大,2024-07-02,9135
00947,台新臺灣IC設計,14,0,14,群益金鼎-東大,2024-07-02,9135
3702,大聯大,17,3,14,群益金鼎-東大,2024-07-02,9135
3047,訊舟,30,17,13,群益金鼎-東大,2024-07-02,9135
2451,創見,13,0,13,群益金鼎-東大,2024-07-02,9135
2352,佳世達,40,28,12,群益金鼎-東大,2024-07-02,9135
4526,東台,12,0,12,群益金鼎-東大,2024-07-02,9135
2610,華航,54,43,11,群益金鼎-東大,2024-07-02,9135
1718,中纖,11,0,11,群益金鼎-東大,2024-07-02,9135
8089,康全電訊,14,3,11,群益金鼎-東大,2024-07-02,9135
6117,迎廣,13,2,11,群益金鼎-東大,2024-07-02,9135
2603,長榮,16,6,10,群益金鼎-東大,2024-07-02,9135
6244,茂迪,100,90,10,群益金鼎-東大,2024-07-02,9135
3714,富采,10,0,10,群益金鼎-東大,2024-07-02,9135
00671R,富邦NASDAQ反1,310,0,310,群益金鼎-東大,2024-07-03,9135
00688L,國泰20年美債正2,131,0,131,群益金鼎-東大,2024-07-03,9135
00937B,群益ESG投等債20,139,31,108,群益金鼎-東大,2024-07-03,9135
00934,中信成長高股息,106,0,106,群益金鼎-東大,2024-07-03,9135
2892,第一金,100,3,97,群益金鼎-東大,2024-07-03,9135
2867,三商壽,85,0,85,群益金鼎-東大,2024-07-03,9135
8070,長華*,92,8,84,群益金鼎-東大,2024-07-03,9135
00946,群益科技高息成長,70,0,70,群益金鼎-東大,2024-07-03,9135
3450,聯鈞,92,26,66,群益金鼎-東大,2024-07-03,9135
00948B,中信優息投資級債,60,0,60,群益金鼎-東大,2024-07-03,9135
2301,光寶科,328,274,54,群益金鼎-東大,2024-07-03,9135
2405,輔信,55,2,53,群益金鼎-東大,2024-07-03,9135
3715,定穎投控,106,56,50,群益金鼎-東大,2024-07-03,9135
4542,科嶠,50,2,48,群益金鼎-東大,2024-07-03,9135
3576,聯合再生,146,101,45,群益金鼎-東大,2024-07-03,9135
00706L,期元大S＆P日圓正2,34,0,34,群益金鼎-東大,2024-07-03,9135
2324,仁寶,34,0,34,群益金鼎-東大,2024-07-03,9135
2303,聯電,39,6,33,群益金鼎-東大,2024-07-03,9135
2367,燿華,96,62,34,群益金鼎-東大,2024-07-03,9135
2009,第一銅,36,3,33,群益金鼎-東大,2024-07-03,9135
2317,鴻海,57,26,31,群益金鼎-東大,2024-07-03,9135
6664,群翊,30,0,30,群益金鼎-東大,2024-07-03,9135
00632R,元大台灣50反1,26,0,26,群益金鼎-東大,2024-07-03,9135
00931B,統一美債20年,25,0,25,群益金鼎-東大,2024-07-03,9135
2905,三商,24,0,24,群益金鼎-東大,2024-07-03,9135
2344,華邦電,27,4,23,群益金鼎-東大,2024-07-03,9135
00936,台新永續高息中小,27,5,22,群益金鼎-東大,2024-07-03,9135
1101,台泥,23,1,22,群益金鼎-東大,2024-07-03,9135
2534,宏盛,22,0,22,群益金鼎-東大,2024-07-03,9135
2444,兆勁,22,0,22,群益金鼎-東大,2024-07-03,9135
6127,九豪,22,1,21,群益金鼎-東大,2024-07-03,9135
6207,雷科,22,2,20,群益金鼎-東大,2024-07-03,9135
00673R,期元大S＆P原油反1,20,0,20,群益金鼎-東大,2024-07-03,9135
3035,智原,55,35,20,群益金鼎-東大,2024-07-03,9135
3049,精金,26,7,19,群益金鼎-東大,2024-07-03,9135
2349,錸德,21,2,19,群益金鼎-東大,2024-07-03,9135
2332,友訊,25,8,17,群益金鼎-東大,2024-07-03,9135
2614,東森,20,4,16,群益金鼎-東大,2024-07-03,9135
5388,中磊,17,1,16,群益金鼎-東大,2024-07-03,9135
1611,中電,15,0,15,群益金鼎-東大,2024-07-03,9135
8076,伍豐,21,6,15,群益金鼎-東大,2024-07-03,9135
6282,康舒,32,18,14,群益金鼎-東大,2024-07-03,9135
00687B,國泰20年美債,17,3,14,群益金鼎-東大,2024-07-03,9135
2641,正德,13,0,13,群益金鼎-東大,2024-07-03,9135
911608,明輝-DR,13,0,13,群益金鼎-東大,2024-07-03,9135
1605,華新,12,0,12,群益金鼎-東大,2024-07-03,9135
6419,京晨科,11,0,11,群益金鼎-東大,2024-07-03,9135
1570,力肯,11,0,11,群益金鼎-東大,2024-07-03,9135
3024,憶聲,11,0,11,群益金鼎-東大,2024-07-03,9135
00725B,國泰投資級公司債,638,627,11,群益金鼎-東大,2024-07-03,9135
00680L,元大美債20正2,227,0,227,群益金鼎-東大,2024-07-04,9135
00942B,台新美A公司債20+,166,1,165,群益金鼎-東大,2024-07-04,9135
00679B,元大美債20年,139,3,136,群益金鼎-東大,2024-07-04,9135
00632R,元大台灣50反1,133,16,117,群益金鼎-東大,2024-07-04,9135
6179,亞通,193,78,115,群益金鼎-東大,2024-07-04,9135
2363,矽統,107,1,106,群益金鼎-東大,2024-07-04,9135
00934,中信成長高股息,104,0,104,群益金鼎-東大,2024-07-04,9135
00671R,富邦NASDAQ反1,100,0,100,群益金鼎-東大,2024-07-04,9135
2317,鴻海,156,69,87,群益金鼎-東大,2024-07-04,9135
2481,強茂,88,27,61,群益金鼎-東大,2024-07-04,9135
00706L,期元大S＆P日圓正2,60,0,60,群益金鼎-東大,2024-07-04,9135
2727,王品,50,0,50,群益金鼎-東大,2024-07-04,9135
1513,中興電,93,43,50,群益金鼎-東大,2024-07-04,9135
3576,聯合再生,73,26,47,群益金鼎-東大,2024-07-04,9135
2618,長榮航,44,2,42,群益金鼎-東大,2024-07-04,9135
00712,復華富時不動產,40,0,40,群益金鼎-東大,2024-07-04,9135
8070,長華*,39,3,36,群益金鼎-東大,2024-07-04,9135
2412,中華電,44,9,35,群益金鼎-東大,2024-07-04,9135
00687B,國泰20年美債,35,0,35,群益金鼎-東大,2024-07-04,9135
00937B,群益ESG投等債20,145,115,30,群益金鼎-東大,2024-07-04,9135
1586,和勤,30,0,30,群益金鼎-東大,2024-07-04,9135
1514,亞力,37,8,29,群益金鼎-東大,2024-07-04,9135
3231,緯創,43,17,26,群益金鼎-東大,2024-07-04,9135
0056,元大高股息,27,4,23,群益金鼎-東大,2024-07-04,9135
5347,世界,27,4,23,群益金鼎-東大,2024-07-04,9135
1785,光洋科,68,46,22,群益金鼎-東大,2024-07-04,9135
1447,力鵬,23,3,20,群益金鼎-東大,2024-07-04,9135
6015,宏遠證,20,0,20,群益金鼎-東大,2024-07-04,9135
8076,伍豐,35,16,19,群益金鼎-東大,2024-07-04,9135
00945B,凱基美國非投等債,18,0,18,群益金鼎-東大,2024-07-04,9135
2905,三商,18,0,18,群益金鼎-東大,2024-07-04,9135
2371,大同,21,4,17,群益金鼎-東大,2024-07-04,9135
3041,揚智,18,1,17,群益金鼎-東大,2024-07-04,9135
00933B,國泰10Y+金融債,17,1,16,群益金鼎-東大,2024-07-04,9135
00720B,元大投資級公司債,14,0,14,群益金鼎-東大,2024-07-04,9135
6204,艾華,18,4,14,群益金鼎-東大,2024-07-04,9135
3037,欣興,21,7,14,群益金鼎-東大,2024-07-04,9135
00936,台新永續高息中小,14,0,14,群益金鼎-東大,2024-07-04,9135
3060,銘異,13,0,13,群益金鼎-東大,2024-07-04,9135
2482,連宇,13,0,13,群益金鼎-東大,2024-07-04,9135
2609,陽明,16,4,12,群益金鼎-東大,2024-07-04,9135
8936,國統,15,3,12,群益金鼎-東大,2024-07-04,9135
2405,輔信,21,9,12,群益金鼎-東大,2024-07-04,9135
00673R,期元大S＆P原油反1,12,0,12,群益金鼎-東大,2024-07-04,9135
2801,彰銀,18,6,12,群益金鼎-東大,2024-07-04,9135
4532,瑞智,12,1,11,群益金鼎-東大,2024-07-04,9135
00725B,國泰投資級公司債,648,637,11,群益金鼎-東大,2024-07-04,9135
2883,凱基金,16,5,11,群益金鼎-東大,2024-07-04,9135
8442,威宏-KY,12,1,11,群益金鼎-東大,2024-07-04,9135
1736,喬山,31,20,11,群益金鼎-東大,2024-07-04,9135
00687B,國泰20年美債,254,2,252,群益金鼎-東大,2024-07-05,9135
00937B,群益ESG投等債20,164,12,152,群益金鼎-東大,2024-07-05,9135
1314,中石化,121,0,121,群益金鼎-東大,2024-07-05,9135
8092,建暐,104,4,100,群益金鼎-東大,2024-07-05,9135
00679B,元大美債20年,128,31,97,群益金鼎-東大,2024-07-05,9135
00671R,富邦NASDAQ反1,88,0,88,群益金鼎-東大,2024-07-05,9135
2618,長榮航,97,14,83,群益金鼎-東大,2024-07-05,9135
2495,普安,118,39,79,群益金鼎-東大,2024-07-05,9135
3576,聯合再生,192,119,73,群益金鼎-東大,2024-07-05,9135
1717,長興,69,0,69,群益金鼎-東大,2024-07-05,9135
2317,鴻海,72,4,68,群益金鼎-東大,2024-07-05,9135
00934,中信成長高股息,51,0,51,群益金鼎-東大,2024-07-05,9135
2374,佳能,69,18,51,群益金鼎-東大,2024-07-05,9135
5864,致和證,50,0,50,群益金鼎-東大,2024-07-05,9135
3312,弘憶股,57,13,44,群益金鼎-東大,2024-07-05,9135
3715,定穎投控,47,7,40,群益金鼎-東大,2024-07-05,9135
00673R,期元大S＆P原油反1,40,0,40,群益金鼎-東大,2024-07-05,9135
2891,中信金,45,7,38,群益金鼎-東大,2024-07-05,9135
4549,桓達,35,0,35,群益金鼎-東大,2024-07-05,9135
2610,華航,38,8,30,群益金鼎-東大,2024-07-05,9135
00878,國泰永續高股息,28,1,27,群益金鼎-東大,2024-07-05,9135
6788,華景電,27,1,26,群益金鼎-東大,2024-07-05,9135
1514,亞力,61,36,25,群益金鼎-東大,2024-07-05,9135
3313,斐成,26,1,25,群益金鼎-東大,2024-07-05,9135
3234,光環,28,3,25,群益金鼎-東大,2024-07-05,9135
2301,光寶科,65,41,24,群益金鼎-東大,2024-07-05,9135
2367,燿華,82,58,24,群益金鼎-東大,2024-07-05,9135
3037,欣興,26,2,24,群益金鼎-東大,2024-07-05,9135
6209,今國光,45,21,24,群益金鼎-東大,2024-07-05,9135
1515,力山,23,0,23,群益金鼎-東大,2024-07-05,9135
1736,喬山,28,5,23,群益金鼎-東大,2024-07-05,9135
00927,群益半導體收益,22,0,22,群益金鼎-東大,2024-07-05,9135
2353,宏��,22,2,20,群益金鼎-東大,2024-07-05,9135
2867,三商壽,70,51,19,群益金鼎-東大,2024-07-05,9135
00735,國泰臺韓科技,18,0,18,群益金鼎-東大,2024-07-05,9135
3450,聯鈞,75,58,17,群益金鼎-東大,2024-07-05,9135
6153,嘉聯益,22,5,17,群益金鼎-東大,2024-07-05,9135
2883,凱基金,19,4,15,群益金鼎-東大,2024-07-05,9135
2352,佳世達,20,5,15,群益金鼎-東大,2024-07-05,9135
2402,毅嘉,30,15,15,群益金鼎-東大,2024-07-05,9135
1710,東聯,15,0,15,群益金鼎-東大,2024-07-05,9135
2888,新光金,21,6,15,群益金鼎-東大,2024-07-05,9135
2025,千興,15,0,15,群益金鼎-東大,2024-07-05,9135
2609,陽明,24,9,15,群益金鼎-東大,2024-07-05,9135
9105,泰金寶-DR,25,10,15,群益金鼎-東大,2024-07-05,9135
3049,精金,20,6,14,群益金鼎-東大,2024-07-05,9135
1809,中釉,17,4,13,群益金鼎-東大,2024-07-05,9135
3290,東浦,13,0,13,群益金鼎-東大,2024-07-05,9135
2392,正崴,21,8,13,群益金鼎-東大,2024-07-05,9135
6269,台郡,13,0,13,群益金鼎-東大,2024-07-05,9135
3481,群創,460,46,414,群益金鼎-東大,2024-07-08,9135
00671R,富邦NASDAQ反1,200,0,200,群益金鼎-東大,2024-07-08,9135
00934,中信成長高股息,136,1,135,群益金鼎-東大,2024-07-08,9135
00680L,元大美債20正2,107,2,105,群益金鼎-東大,2024-07-08,9135
5864,致和證,100,0,100,群益金鼎-東大,2024-07-08,9135
00937B,群益ESG投等債20,185,86,99,群益金鼎-東大,2024-07-08,9135
2838A,聯邦銀甲特,89,0,89,群益金鼎-東大,2024-07-08,9135
00942B,台新美A公司債20+,65,0,65,群益金鼎-東大,2024-07-08,9135
00725B,國泰投資級公司債,701,637,64,群益金鼎-東大,2024-07-08,9135
6207,雷科,57,8,49,群益金鼎-東大,2024-07-08,9135
911868,同方友友-DR,48,0,48,群益金鼎-東大,2024-07-08,9135
00929,復華台灣科技優息,55,10,45,群益金鼎-東大,2024-07-08,9135
00679B,元大美債20年,48,4,44,群益金鼎-東大,2024-07-08,9135
6863,永道-KY,40,0,40,群益金鼎-東大,2024-07-08,9135
1785,光洋科,95,55,40,群益金鼎-東大,2024-07-08,9135
2382,廣達,92,54,38,群益金鼎-東大,2024-07-08,9135
2412,中華電,1058,1020,38,群益金鼎-東大,2024-07-08,9135
2354,鴻準,54,17,37,群益金鼎-東大,2024-07-08,9135
3234,光環,32,0,32,群益金鼎-東大,2024-07-08,9135
00720B,元大投資級公司債,35,5,30,群益金鼎-東大,2024-07-08,9135
2464,盟立,124,94,30,群益金鼎-東大,2024-07-08,9135
6175,立敦,29,0,29,群益金鼎-東大,2024-07-08,9135
6706,惠特,36,8,28,群益金鼎-東大,2024-07-08,9135
2610,華航,29,2,27,群益金鼎-東大,2024-07-08,9135
00931B,統一美債20年,30,5,25,群益金鼎-東大,2024-07-08,9135
00946,群益科技高息成長,25,0,25,群益金鼎-東大,2024-07-08,9135
6202,盛群,31,6,25,群益金鼎-東大,2024-07-08,9135
2305,全友,25,1,24,群益金鼎-東大,2024-07-08,9135
3019,亞光,30,7,23,群益金鼎-東大,2024-07-08,9135
3033,威健,24,2,22,群益金鼎-東大,2024-07-08,9135
6788,華景電,57,35,22,群益金鼎-東大,2024-07-08,9135
2108,南帝,27,6,21,群益金鼎-東大,2024-07-08,9135
00949,復華日本龍頭,21,0,21,群益金鼎-東大,2024-07-08,9135
6505,台塑化,21,0,21,群益金鼎-東大,2024-07-08,9135
6591,動力-KY,20,0,20,群益金鼎-東大,2024-07-08,9135
2208,台船,20,0,20,群益金鼎-東大,2024-07-08,9135
6189,豐藝,43,23,20,群益金鼎-東大,2024-07-08,9135
00650L,復華香港正2,20,0,20,群益金鼎-東大,2024-07-08,9135
6188,廣明,25,5,20,群益金鼎-東大,2024-07-08,9135
2609,陽明,46,27,19,群益金鼎-東大,2024-07-08,9135
2637,慧洋-KY,19,0,19,群益金鼎-東大,2024-07-08,9135
2929,淘帝-KY,20,1,19,群益金鼎-東大,2024-07-08,9135
3492,長盛,21,3,18,群益金鼎-東大,2024-07-08,9135
4532,瑞智,23,5,18,群益金鼎-東大,2024-07-08,9135
5009,榮剛,17,0,17,群益金鼎-東大,2024-07-08,9135
8092,建暐,20,3,17,群益金鼎-東大,2024-07-08,9135
8277,商丞,16,0,16,群益金鼎-東大,2024-07-08,9135
6274,台燿,17,1,16,群益金鼎-東大,2024-07-08,9135
6782,視陽,22,6,16,群益金鼎-東大,2024-07-08,9135
2838,聯邦銀,16,0,16,群益金鼎-東大,2024-07-08,9135
2888,新光金,313,43,270,群益金鼎-東大,2024-07-09,9135
00671R,富邦NASDAQ反1,250,0,250,群益金鼎-東大,2024-07-09,9135
00632R,元大台灣50反1,233,0,233,群益金鼎-東大,2024-07-09,9135
2867,三商壽,230,2,228,群益金鼎-東大,2024-07-09,9135
00664R,國泰臺灣加權反1,100,0,100,群益金鼎-東大,2024-07-09,9135
00680L,元大美債20正2,99,0,99,群益金鼎-東大,2024-07-09,9135
00929,復華台灣科技優息,90,13,77,群益金鼎-東大,2024-07-09,9135
911868,同方友友-DR,74,0,74,群益金鼎-東大,2024-07-09,9135
00679B,元大美債20年,75,8,67,群益金鼎-東大,2024-07-09,9135
00713,元大台灣高息低波,60,0,60,群益金鼎-東大,2024-07-09,9135
8092,建暐,60,1,59,群益金鼎-東大,2024-07-09,9135
1513,中興電,77,19,58,群益金鼎-東大,2024-07-09,9135
00934,中信成長高股息,56,0,56,群益金鼎-東大,2024-07-09,9135
9105,泰金寶-DR,371,318,53,群益金鼎-東大,2024-07-09,9135
00945B,凱基美國非投等債,48,0,48,群益金鼎-東大,2024-07-09,9135
5014,建錩,42,0,42,群益金鼎-東大,2024-07-09,9135
4956,光鋐,53,13,40,群益金鼎-東大,2024-07-09,9135
5426,振發,40,0,40,群益金鼎-東大,2024-07-09,9135
3013,晟銘電,58,19,39,群益金鼎-東大,2024-07-09,9135
00687B,國泰20年美債,85,50,35,群益金鼎-東大,2024-07-09,9135
3703,欣陸,40,5,35,群益金鼎-東大,2024-07-09,9135
2609,陽明,53,23,30,群益金鼎-東大,2024-07-09,9135
2301,光寶科,82,52,30,群益金鼎-東大,2024-07-09,9135
1785,光洋科,44,16,28,群益金鼎-東大,2024-07-09,9135
3062,建漢,45,17,28,群益金鼎-東大,2024-07-09,9135
00706L,期元大S＆P日圓正2,33,7,26,群益金鼎-東大,2024-07-09,9135
6561,是方,26,0,26,群益金鼎-東大,2024-07-09,9135
1101,台泥,31,5,26,群益金鼎-東大,2024-07-09,9135
8070,長華*,32,7,25,群益金鼎-東大,2024-07-09,9135
4906,正文,73,48,25,群益金鼎-東大,2024-07-09,9135
3006,晶豪科,25,1,24,群益金鼎-東大,2024-07-09,9135
3047,訊舟,46,23,23,群益金鼎-東大,2024-07-09,9135
2834,臺企銀,28,5,23,群益金鼎-東大,2024-07-09,9135
2305,全友,23,0,23,群益金鼎-東大,2024-07-09,9135
00688L,國泰20年美債正2,25,2,23,群益金鼎-東大,2024-07-09,9135
2352,佳世達,25,3,22,群益金鼎-東大,2024-07-09,9135
1718,中纖,21,0,21,群益金鼎-東大,2024-07-09,9135
3234,光環,22,1,21,群益金鼎-東大,2024-07-09,9135
6834,天二科技,26,5,21,群益金鼎-東大,2024-07-09,9135
5309,系統電,25,5,20,群益金鼎-東大,2024-07-09,9135
2618,長榮航,20,0,20,群益金鼎-東大,2024-07-09,9135
3450,聯鈞,25,5,20,群益金鼎-東大,2024-07-09,9135
5452,佶優,21,1,20,群益金鼎-東大,2024-07-09,9135
3701,大眾控,20,0,20,群益金鼎-東大,2024-07-09,9135
00923,群益台ESG低碳50,20,0,20,群益金鼎-東大,2024-07-09,9135
1312,國喬,18,0,18,群益金鼎-東大,2024-07-09,9135
3213,茂訊,18,0,18,群益金鼎-東大,2024-07-09,9135
3037,欣興,21,3,18,群益金鼎-東大,2024-07-09,9135
9902,台火,18,1,17,群益金鼎-東大,2024-07-09,9135
2392,正崴,102,85,17,群益金鼎-東大,2024-07-09,9135
00671R,富邦NASDAQ反1,200,0,200,群益金鼎-東大,2024-07-10,9135
5443,均豪,167,12,155,群益金鼎-東大,2024-07-10,9135
00937B,群益ESG投等債20,146,10,136,群益金鼎-東大,2024-07-10,9135
2316,楠梓電,134,1,133,群益金鼎-東大,2024-07-10,9135
00946,群益科技高息成長,100,0,100,群益金鼎-東大,2024-07-10,9135
4533,協易機,101,2,99,群益金鼎-東大,2024-07-10,9135
2353,宏��,101,15,86,群益金鼎-東大,2024-07-10,9135
6026,福邦證,61,0,61,群益金鼎-東大,2024-07-10,9135
1709,和益,60,0,60,群益金鼎-東大,2024-07-10,9135
3481,群創,63,7,56,群益金鼎-東大,2024-07-10,9135
3234,光環,78,24,54,群益金鼎-東大,2024-07-10,9135
00720B,元大投資級公司債,55,4,51,群益金鼎-東大,2024-07-10,9135
1611,中電,50,0,50,群益金鼎-東大,2024-07-10,9135
00934,中信成長高股息,51,1,50,群益金鼎-東大,2024-07-10,9135
00679B,元大美債20年,49,0,49,群益金鼎-東大,2024-07-10,9135
00637L,元大滬深300正2,59,11,48,群益金鼎-東大,2024-07-10,9135
00949,復華日本龍頭,48,0,48,群益金鼎-東大,2024-07-10,9135
00687B,國泰20年美債,38,5,33,群益金鼎-東大,2024-07-10,9135
4513,福裕,32,0,32,群益金鼎-東大,2024-07-10,9135
2324,仁寶,36,8,28,群益金鼎-東大,2024-07-10,9135
2609,陽明,60,32,28,群益金鼎-東大,2024-07-10,9135
00650L,復華香港正2,36,10,26,群益金鼎-東大,2024-07-10,9135
00680L,元大美債20正2,26,0,26,群益金鼎-東大,2024-07-10,9135
2610,華航,25,2,23,群益金鼎-東大,2024-07-10,9135
00929,復華台灣科技優息,26,4,22,群益金鼎-東大,2024-07-10,9135
00942B,台新美A公司債20+,21,0,21,群益金鼎-東大,2024-07-10,9135
00688L,國泰20年美債正2,21,0,21,群益金鼎-東大,2024-07-10,9135
00923,群益台ESG低碳50,20,0,20,群益金鼎-東大,2024-07-10,9135
5309,系統電,43,22,21,群益金鼎-東大,2024-07-10,9135
2504,國產,20,0,20,群益金鼎-東大,2024-07-10,9135
8092,建暐,20,0,20,群益金鼎-東大,2024-07-10,9135
5864,致和證,19,0,19,群益金鼎-東大,2024-07-10,9135
00878,國泰永續高股息,18,0,18,群益金鼎-東大,2024-07-10,9135
1447,力鵬,20,2,18,群益金鼎-東大,2024-07-10,9135
6456,GIS-KY,18,0,18,群益金鼎-東大,2024-07-10,9135
6188,廣明,21,3,18,群益金鼎-東大,2024-07-10,9135
6806,森崴能源,68,50,18,群益金鼎-東大,2024-07-10,9135
2464,盟立,62,44,18,群益金鼎-東大,2024-07-10,9135
5475,德宏,22,4,18,群益金鼎-東大,2024-07-10,9135
2303,聯電,30,13,17,群益金鼎-東大,2024-07-10,9135
2312,金寶,70,54,16,群益金鼎-東大,2024-07-10,9135
5371,中光電,16,0,16,群益金鼎-東大,2024-07-10,9135
3499,環天科,15,0,15,群益金鼎-東大,2024-07-10,9135
5876,上海商銀,15,0,15,群益金鼎-東大,2024-07-10,9135
2637,慧洋-KY,14,0,14,群益金鼎-東大,2024-07-10,9135
3062,建漢,25,11,14,群益金鼎-東大,2024-07-10,9135
8070,長華*,14,0,14,群益金鼎-東大,2024-07-10,9135
3037,欣興,15,2,13,群益金鼎-東大,2024-07-10,9135
2543,皇昌,16,3,13,群益金鼎-東大,2024-07-10,9135
3339,泰谷,13,0,13,群益金鼎-東大,2024-07-10,9135
00679B,元大美債20年,213,0,213,群益金鼎-東大,2024-07-11,9135
00937B,群益ESG投等債20,172,30,142,群益金鼎-東大,2024-07-11,9135
00712,復華富時不動產,103,0,103,群益金鼎-東大,2024-07-11,9135
00720B,元大投資級公司債,65,5,60,群益金鼎-東大,2024-07-11,9135
3576,聯合再生,60,6,54,群益金鼎-東大,2024-07-11,9135
2888,新光金,96,51,45,群益金鼎-東大,2024-07-11,9135
2891,中信金,45,1,44,群益金鼎-東大,2024-07-11,9135
3706,神達,161,119,42,群益金鼎-東大,2024-07-11,9135
2305,全友,44,2,42,群益金鼎-東大,2024-07-11,9135
3083,網龍,40,0,40,群益金鼎-東大,2024-07-11,9135
4306,炎洲,47,7,40,群益金鼎-東大,2024-07-11,9135
2834,臺企銀,42,4,38,群益金鼎-東大,2024-07-11,9135
00735,國泰臺韓科技,36,0,36,群益金鼎-東大,2024-07-11,9135
2356,英業達,110,76,34,群益金鼎-東大,2024-07-11,9135
2317,鴻海,52,20,32,群益金鼎-東大,2024-07-11,9135
8068,全達,31,0,31,群益金鼎-東大,2024-07-11,9135
00905,FT臺灣Smart,33,3,30,群益金鼎-東大,2024-07-11,9135
00706L,期元大S＆P日圓正2,30,0,30,群益金鼎-東大,2024-07-11,9135
5876,上海商銀,26,1,25,群益金鼎-東大,2024-07-11,9135
3715,定穎投控,44,19,25,群益金鼎-東大,2024-07-11,9135
4714,永捷,28,3,25,群益金鼎-東大,2024-07-11,9135
2867,三商壽,44,20,24,群益金鼎-東大,2024-07-11,9135
2030,彰源,23,0,23,群益金鼎-東大,2024-07-11,9135
3060,銘異,40,17,23,群益金鼎-東大,2024-07-11,9135
00680L,元大美債20正2,22,0,22,群益金鼎-東大,2024-07-11,9135
1514,亞力,35,13,22,群益金鼎-東大,2024-07-11,9135
3665,貿聯-KY,26,5,21,群益金鼎-東大,2024-07-11,9135
6015,宏遠證,20,0,20,群益金鼎-東大,2024-07-11,9135
00662,富邦NASDAQ,20,0,20,群益金鼎-東大,2024-07-11,9135
6207,雷科,21,2,19,群益金鼎-東大,2024-07-11,9135
2303,聯電,25,6,19,群益金鼎-東大,2024-07-11,9135
2906,高林,19,0,19,群益金鼎-東大,2024-07-11,9135
00919,群益台灣精選高息,25,7,18,群益金鼎-東大,2024-07-11,9135
2472,立隆電,21,3,18,群益金鼎-東大,2024-07-11,9135
3006,晶豪科,18,1,17,群益金鼎-東大,2024-07-11,9135
1586,和勤,16,0,16,群益金鼎-東大,2024-07-11,9135
4526,東台,23,7,16,群益金鼎-東大,2024-07-11,9135
9902,台火,25,10,15,群益金鼎-東大,2024-07-11,9135
00929,復華台灣科技優息,23,8,15,群益金鼎-東大,2024-07-11,9135
8028,昇陽半導體,30,15,15,群益金鼎-東大,2024-07-11,9135
00934,中信成長高股息,21,6,15,群益金鼎-東大,2024-07-11,9135
00713,元大台灣高息低波,15,1,14,群益金鼎-東大,2024-07-11,9135
2618,長榮航,18,4,14,群益金鼎-東大,2024-07-11,9135
3047,訊舟,72,58,14,群益金鼎-東大,2024-07-11,9135
2324,仁寶,24,10,14,群益金鼎-東大,2024-07-11,9135
6026,福邦證,18,4,14,群益金鼎-東大,2024-07-11,9135
2402,毅嘉,15,1,14,群益金鼎-東大,2024-07-11,9135
2243,宏旭-KY,17,3,14,群益金鼎-東大,2024-07-11,9135
4532,瑞智,14,0,14,群益金鼎-東大,2024-07-11,9135
5452,佶優,16,3,13,群益金鼎-東大,2024-07-11,9135
00632R,元大台灣50反1,324,22,302,群益金鼎-東大,2024-07-12,9135
00937B,群益ESG投等債20,206,11,195,群益金鼎-東大,2024-07-12,9135
8076,伍豐,151,0,151,群益金鼎-東大,2024-07-12,9135
6179,亞通,148,1,147,群益金鼎-東大,2024-07-12,9135
00934,中信成長高股息,125,0,125,群益金鼎-東大,2024-07-12,9135
2356,英業達,197,82,115,群益金鼎-東大,2024-07-12,9135
00680L,元大美債20正2,146,39,107,群益金鼎-東大,2024-07-12,9135
5876,上海商銀,100,0,100,群益金鼎-東大,2024-07-12,9135
6015,宏遠證,106,10,96,群益金鼎-東大,2024-07-12,9135
5864,致和證,90,0,90,群益金鼎-東大,2024-07-12,9135
00712,復華富時不動產,111,23,88,群益金鼎-東大,2024-07-12,9135
00929,復華台灣科技優息,180,96,84,群益金鼎-東大,2024-07-12,9135
00687B,國泰20年美債,101,32,69,群益金鼎-東大,2024-07-12,9135
00919,群益台灣精選高息,84,16,68,群益金鼎-東大,2024-07-12,9135
2312,金寶,424,364,60,群益金鼎-東大,2024-07-12,9135
3715,定穎投控,124,66,58,群益金鼎-東大,2024-07-12,9135
2330,台積電,56,6,50,群益金鼎-東大,2024-07-12,9135
00946,群益科技高息成長,47,0,47,群益金鼎-東大,2024-07-12,9135
6274,台燿,33,1,32,群益金鼎-東大,2024-07-12,9135
5309,系統電,53,23,30,群益金鼎-東大,2024-07-12,9135
1301,台塑,31,1,30,群益金鼎-東大,2024-07-12,9135
2367,燿華,30,2,28,群益金鼎-東大,2024-07-12,9135
3481,群創,88,60,28,群益金鼎-東大,2024-07-12,9135
1710,東聯,26,0,26,群益金鼎-東大,2024-07-12,9135
3019,亞光,56,30,26,群益金鼎-東大,2024-07-12,9135
00927,群益半導體收益,33,7,26,群益金鼎-東大,2024-07-12,9135
2603,長榮,32,6,26,群益金鼎-東大,2024-07-12,9135
4526,東台,27,2,25,群益金鼎-東大,2024-07-12,9135
3006,晶豪科,24,1,23,群益金鼎-東大,2024-07-12,9135
1308,亞聚,25,3,22,群益金鼎-東大,2024-07-12,9135
006208,富邦台50,22,1,21,群益金鼎-東大,2024-07-12,9135
00881,國泰台灣5G+,21,0,21,群益金鼎-東大,2024-07-12,9135
0056,元大高股息,34,13,21,群益金鼎-東大,2024-07-12,9135
00706L,期元大S＆P日圓正2,21,0,21,群益金鼎-東大,2024-07-12,9135
2881,富邦金,23,2,21,群益金鼎-東大,2024-07-12,9135
2243,宏旭-KY,24,4,20,群益金鼎-東大,2024-07-12,9135
2867,三商壽,91,72,19,群益金鼎-東大,2024-07-12,9135
6016,康和證,19,0,19,群益金鼎-東大,2024-07-12,9135
00878,國泰永續高股息,18,0,18,群益金鼎-東大,2024-07-12,9135
00900,富邦特選高股息30,17,0,17,群益金鼎-東大,2024-07-12,9135
00675L,富邦臺灣加權正2,17,1,16,群益金鼎-東大,2024-07-12,9135
1316,上曜,23,7,16,群益金鼎-東大,2024-07-12,9135
00685L,群益臺灣加權正2,16,0,16,群益金鼎-東大,2024-07-12,9135
2250,IKKA-KY,15,0,15,群益金鼎-東大,2024-07-12,9135
4306,炎洲,37,23,14,群益金鼎-東大,2024-07-12,9135
2618,長榮航,13,0,13,群益金鼎-東大,2024-07-12,9135
8155,博智,16,3,13,群益金鼎-東大,2024-07-12,9135
00922,國泰台灣領袖50,13,0,13,群益金鼎-東大,2024-07-12,9135
6151,晉倫,13,0,13,群益金鼎-東大,2024-07-12,9135
2313,華通,18,5,13,群益金鼎-東大,2024-07-12,9135
00671R,富邦NASDAQ反1,160,0,160,群益金鼎-東大,2024-07-15,9135
5309,系統電,185,28,157,群益金鼎-東大,2024-07-15,9135
1101,台泥,150,0,150,群益金鼎-東大,2024-07-15,9135
5876,上海商銀,117,0,117,群益金鼎-東大,2024-07-15,9135
6770,力積電,110,2,108,群益金鼎-東大,2024-07-15,9135
00937B,群益ESG投等債20,163,67,96,群益金鼎-東大,2024-07-15,9135
00725B,國泰投資級公司債,96,0,96,群益金鼎-東大,2024-07-15,9135
00713,元大台灣高息低波,107,17,90,群益金鼎-東大,2024-07-15,9135
3019,亞光,178,99,79,群益金鼎-東大,2024-07-15,9135
00679B,元大美債20年,68,0,68,群益金鼎-東大,2024-07-15,9135
2838,聯邦銀,65,0,65,群益金鼎-東大,2024-07-15,9135
1616,億泰,62,4,58,群益金鼎-東大,2024-07-15,9135
3450,聯鈞,73,15,58,群益金鼎-東大,2024-07-15,9135
2891,中信金,64,6,58,群益金鼎-東大,2024-07-15,9135
0056,元大高股息,44,1,43,群益金鼎-東大,2024-07-15,9135
8150,南茂,42,0,42,群益金鼎-東大,2024-07-15,9135
4526,東台,71,29,42,群益金鼎-東大,2024-07-15,9135
00720B,元大投資級公司債,42,2,40,群益金鼎-東大,2024-07-15,9135
00945B,凱基美國非投等債,40,0,40,群益金鼎-東大,2024-07-15,9135
00942B,台新美A公司債20+,38,0,38,群益金鼎-東大,2024-07-15,9135
2845,遠東銀,37,0,37,群益金鼎-東大,2024-07-15,9135
00934,中信成長高股息,37,1,36,群益金鼎-東大,2024-07-15,9135
3481,群創,57,23,34,群益金鼎-東大,2024-07-15,9135
1721,三晃,60,29,31,群益金鼎-東大,2024-07-15,9135
2633,台灣高鐵,29,0,29,群益金鼎-東大,2024-07-15,9135
8070,長華*,38,10,28,群益金鼎-東大,2024-07-15,9135
2243,宏旭-KY,31,4,27,群益金鼎-東大,2024-07-15,9135
2618,長榮航,26,0,26,群益金鼎-東大,2024-07-15,9135
2489,瑞軒,49,26,23,群益金鼎-東大,2024-07-15,9135
3379,彬台,34,12,22,群益金鼎-東大,2024-07-15,9135
00949,復華日本龍頭,21,1,20,群益金鼎-東大,2024-07-15,9135
2402,毅嘉,24,4,20,群益金鼎-東大,2024-07-15,9135
4533,協易機,32,12,20,群益金鼎-東大,2024-07-15,9135
00905,FT臺灣Smart,20,0,20,群益金鼎-東大,2024-07-15,9135
1732,毛寶,20,0,20,群益金鼎-東大,2024-07-15,9135
2838A,聯邦銀甲特,19,0,19,群益金鼎-東大,2024-07-15,9135
00936,台新永續高息中小,18,0,18,群益金鼎-東大,2024-07-15,9135
6811,宏�硌穈T,32,14,18,群益金鼎-東大,2024-07-15,9135
2354,鴻準,19,2,17,群益金鼎-東大,2024-07-15,9135
2501,國建,16,0,16,群益金鼎-東大,2024-07-15,9135
2349,錸德,16,0,16,群益金鼎-東大,2024-07-15,9135
00688L,國泰20年美債正2,16,0,16,群益金鼎-東大,2024-07-15,9135
9910,豐泰,16,0,16,群益金鼎-東大,2024-07-15,9135
3047,訊舟,17,2,15,群益金鼎-東大,2024-07-15,9135
2405,輔信,32,17,15,群益金鼎-東大,2024-07-15,9135
8105,凌巨,51,36,15,群益金鼎-東大,2024-07-15,9135
3596,智易,15,1,14,群益金鼎-東大,2024-07-15,9135
00915,凱基優選高股息30,14,0,14,群益金鼎-東大,2024-07-15,9135
00920,富邦ESG綠色電力,13,0,13,群益金鼎-東大,2024-07-15,9135
3022,威強電,31,18,13,群益金鼎-東大,2024-07-15,9135
00671R,富邦NASDAQ反1,200,0,200,群益金鼎-東大,2024-07-16,9135
00937B,群益ESG投等債20,192,2,190,群益金鼎-東大,2024-07-16,9135
00753L,中信中國50正2,150,0,150,群益金鼎-東大,2024-07-16,9135
6664,群翊,84,0,84,群益金鼎-東大,2024-07-16,9135
5309,系統電,106,23,83,群益金鼎-東大,2024-07-16,9135
3094,聯傑,78,6,72,群益金鼎-東大,2024-07-16,9135
3294,英濟,71,7,64,群益金鼎-東大,2024-07-16,9135
2633,台灣高鐵,83,19,64,群益金鼎-東大,2024-07-16,9135
00934,中信成長高股息,61,0,61,群益金鼎-東大,2024-07-16,9135
3673,TPK-KY,65,6,59,群益金鼎-東大,2024-07-16,9135
3481,群創,52,0,52,群益金鼎-東大,2024-07-16,9135
00680L,元大美債20正2,58,8,50,群益金鼎-東大,2024-07-16,9135
00720B,元大投資級公司債,59,9,50,群益金鼎-東大,2024-07-16,9135
00936,台新永續高息中小,50,0,50,群益金鼎-東大,2024-07-16,9135
1905,華紙,51,1,50,群益金鼎-東大,2024-07-16,9135
0056,元大高股息,47,0,47,群益金鼎-東大,2024-07-16,9135
2453,凌群,44,1,43,群益金鼎-東大,2024-07-16,9135
00949,復華日本龍頭,43,0,43,群益金鼎-東大,2024-07-16,9135
2462,良得電,43,0,43,群益金鼎-東大,2024-07-16,9135
1540,喬福,55,14,41,群益金鼎-東大,2024-07-16,9135
5864,致和證,40,0,40,群益金鼎-東大,2024-07-16,9135
5876,上海商銀,40,0,40,群益金鼎-東大,2024-07-16,9135
00905,FT臺灣Smart,39,0,39,群益金鼎-東大,2024-07-16,9135
2618,長榮航,38,2,36,群益金鼎-東大,2024-07-16,9135
2489,瑞軒,53,18,35,群益金鼎-東大,2024-07-16,9135
4306,炎洲,32,0,32,群益金鼎-東大,2024-07-16,9135
6695,芯鼎,40,12,28,群益金鼎-東大,2024-07-16,9135
00915,凱基優選高股息30,30,4,26,群益金鼎-東大,2024-07-16,9135
2317,鴻海,45,20,25,群益金鼎-東大,2024-07-16,9135
6770,力積電,40,15,25,群益金鼎-東大,2024-07-16,9135
3231,緯創,88,64,24,群益金鼎-東大,2024-07-16,9135
2495,普安,24,1,23,群益金鼎-東大,2024-07-16,9135
5328,華容,27,4,23,群益金鼎-東大,2024-07-16,9135
5905,南仁湖,21,0,21,群益金鼎-東大,2024-07-16,9135
8150,南茂,22,1,21,群益金鼎-東大,2024-07-16,9135
1785,光洋科,31,11,20,群益金鼎-東大,2024-07-16,9135
00930,永豐ESG低碳高息,20,0,20,群益金鼎-東大,2024-07-16,9135
00878,國泰永續高股息,22,3,19,群益金鼎-東大,2024-07-16,9135
2313,華通,21,2,19,群益金鼎-東大,2024-07-16,9135
00713,元大台灣高息低波,15,0,15,群益金鼎-東大,2024-07-16,9135
2365,昆盈,63,48,15,群益金鼎-東大,2024-07-16,9135
2891,中信金,16,2,14,群益金鼎-東大,2024-07-16,9135
5347,世界,16,2,14,群益金鼎-東大,2024-07-16,9135
6462,神盾,25,12,13,群益金鼎-東大,2024-07-16,9135
1808,潤隆,20,7,13,群益金鼎-東大,2024-07-16,9135
8936,國統,34,22,12,群益金鼎-東大,2024-07-16,9135
2399,映泰,13,1,12,群益金鼎-東大,2024-07-16,9135
3047,訊舟,15,3,12,群益金鼎-東大,2024-07-16,9135
00650L,復華香港正2,12,0,12,群益金鼎-東大,2024-07-16,9135
3030,德律,13,1,12,群益金鼎-東大,2024-07-16,9135
2363,矽統,168,2,166,群益金鼎-東大,2024-07-17,9135
00929,復華台灣科技優息,161,15,146,群益金鼎-東大,2024-07-17,9135
00687B,國泰20年美債,347,230,117,群益金鼎-東大,2024-07-17,9135
00934,中信成長高股息,103,0,103,群益金鼎-東大,2024-07-17,9135
00720B,元大投資級公司債,107,5,102,群益金鼎-東大,2024-07-17,9135
3231,緯創,110,24,86,群益金鼎-東大,2024-07-17,9135
8070,長華*,69,3,66,群益金鼎-東大,2024-07-17,9135
2891,中信金,63,1,62,群益金鼎-東大,2024-07-17,9135
00878,國泰永續高股息,59,0,59,群益金鼎-東大,2024-07-17,9135
8046,南電,61,3,58,群益金鼎-東大,2024-07-17,9135
00937B,群益ESG投等債20,231,176,55,群益金鼎-東大,2024-07-17,9135
00632R,元大台灣50反1,52,3,49,群益金鼎-東大,2024-07-17,9135
3535,晶彩科,50,1,49,群益金鼎-東大,2024-07-17,9135
2881A,富邦特,49,0,49,群益金鼎-東大,2024-07-17,9135
3312,弘憶股,67,19,48,群益金鼎-東大,2024-07-17,9135
2515,中工,56,9,47,群益金鼎-東大,2024-07-17,9135
00919,群益台灣精選高息,65,19,46,群益金鼎-東大,2024-07-17,9135
2312,金寶,189,145,44,群益金鼎-東大,2024-07-17,9135
8150,南茂,41,0,41,群益金鼎-東大,2024-07-17,9135
00751B,元大AAA至A公司債,41,2,39,群益金鼎-東大,2024-07-17,9135
00933B,國泰10Y+金融債,39,1,38,群益金鼎-東大,2024-07-17,9135
1447,力鵬,41,3,38,群益金鼎-東大,2024-07-17,9135
6901,鑽石投資,34,0,34,群益金鼎-東大,2024-07-17,9135
8926,台汽電,33,0,33,群益金鼎-東大,2024-07-17,9135
2618,長榮航,34,1,33,群益金鼎-東大,2024-07-17,9135
2301,光寶科,33,0,33,群益金鼎-東大,2024-07-17,9135
00756B,群益投等新興公債,30,0,30,群益金鼎-東大,2024-07-17,9135
2323,中環,31,1,30,群益金鼎-東大,2024-07-17,9135
1409,新纖,44,15,29,群益金鼎-東大,2024-07-17,9135
4989,榮科,28,0,28,群益金鼎-東大,2024-07-17,9135
3047,訊舟,29,1,28,群益金鼎-東大,2024-07-17,9135
3607,谷崧,28,0,28,群益金鼎-東大,2024-07-17,9135
4956,光鋐,44,17,27,群益金鼎-東大,2024-07-17,9135
2609,陽明,29,4,25,群益金鼎-東大,2024-07-17,9135
00936,台新永續高息中小,23,0,23,群益金鼎-東大,2024-07-17,9135
5608,四維航,23,0,23,群益金鼎-東大,2024-07-17,9135
00679B,元大美債20年,34,11,23,群益金鼎-東大,2024-07-17,9135
6570,維田,26,3,23,群益金鼎-東大,2024-07-17,9135
2371,大同,25,4,21,群益金鼎-東大,2024-07-17,9135
2610,華航,31,10,21,群益金鼎-東大,2024-07-17,9135
2356,英業達,28,7,21,群益金鼎-東大,2024-07-17,9135
2409,友達,31,11,20,群益金鼎-東大,2024-07-17,9135
2883,凱基金,60,41,19,群益金鼎-東大,2024-07-17,9135
1527,鑽全,19,0,19,群益金鼎-東大,2024-07-17,9135
2489,瑞軒,30,11,19,群益金鼎-東大,2024-07-17,9135
3094,聯傑,20,1,19,群益金鼎-東大,2024-07-17,9135
2838A,聯邦銀甲特,18,0,18,群益金鼎-東大,2024-07-17,9135
5905,南仁湖,19,1,18,群益金鼎-東大,2024-07-17,9135
00948B,中信優息投資級債,17,0,17,群益金鼎-東大,2024-07-17,9135
0056,元大高股息,16,0,16,群益金鼎-東大,2024-07-17,9135
00937B,群益ESG投等債20,488,52,436,群益金鼎-東大,2024-07-18,9135
00929,復華台灣科技優息,150,24,126,群益金鼎-東大,2024-07-18,9135
8222,寶一,136,16,120,群益金鼎-東大,2024-07-18,9135
00934,中信成長高股息,98,4,94,群益金鼎-東大,2024-07-18,9135
2317,鴻海,115,31,84,群益金鼎-東大,2024-07-18,9135
2891,中信金,83,11,72,群益金鼎-東大,2024-07-18,9135
8070,長華*,69,0,69,群益金鼎-東大,2024-07-18,9135
2618,長榮航,61,1,60,群益金鼎-東大,2024-07-18,9135
00878,國泰永續高股息,80,28,52,群益金鼎-東大,2024-07-18,9135
5512,力麒,120,68,52,群益金鼎-東大,2024-07-18,9135
1309,台達化,101,50,51,群益金鼎-東大,2024-07-18,9135
00761B,國泰A級公司債,50,0,50,群益金鼎-東大,2024-07-18,9135
2883,凱基金,51,5,46,群益金鼎-東大,2024-07-18,9135
8150,南茂,44,1,43,群益金鼎-東大,2024-07-18,9135
2801,彰銀,37,3,34,群益金鼎-東大,2024-07-18,9135
00949,復華日本龍頭,32,0,32,群益金鼎-東大,2024-07-18,9135
1447,力鵬,30,0,30,群益金鼎-東大,2024-07-18,9135
2634,漢翔,66,36,30,群益金鼎-東大,2024-07-18,9135
2882,國泰金,43,13,30,群益金鼎-東大,2024-07-18,9135
00927,群益半導體收益,39,10,29,群益金鼎-東大,2024-07-18,9135
00881,國泰台灣5G+,41,13,28,群益金鼎-東大,2024-07-18,9135
00946,群益科技高息成長,57,30,27,群益金鼎-東大,2024-07-18,9135
3022,威強電,37,12,25,群益金鼎-東大,2024-07-18,9135
2888,新光金,38,13,25,群益金鼎-東大,2024-07-18,9135
5608,四維航,35,10,25,群益金鼎-東大,2024-07-18,9135
2509,全坤建,50,26,24,群益金鼎-東大,2024-07-18,9135
00923,群益台ESG低碳50,24,0,24,群益金鼎-東大,2024-07-18,9135
5222,全訊,32,9,23,群益金鼎-東大,2024-07-18,9135
00709,富邦歐洲,22,0,22,群益金鼎-東大,2024-07-18,9135
00919,群益台灣精選高息,88,66,22,群益金鼎-東大,2024-07-18,9135
2409,友達,21,0,21,群益金鼎-東大,2024-07-18,9135
6664,群翊,21,0,21,群益金鼎-東大,2024-07-18,9135
5283,禾聯碩,20,0,20,群益金鼎-東大,2024-07-18,9135
00902,中信電池及儲能,20,0,20,群益金鼎-東大,2024-07-18,9135
1609,大亞,71,51,20,群益金鼎-東大,2024-07-18,9135
8155,博智,20,0,20,群益金鼎-東大,2024-07-18,9135
00650L,復華香港正2,20,0,20,群益金鼎-東大,2024-07-18,9135
1736,喬山,23,4,19,群益金鼎-東大,2024-07-18,9135
3363,上詮,19,0,19,群益金鼎-東大,2024-07-18,9135
00675L,富邦臺灣加權正2,23,5,18,群益金鼎-東大,2024-07-18,9135
2520,冠德,23,6,17,群益金鼎-東大,2024-07-18,9135
3189,景碩,27,10,17,群益金鼎-東大,2024-07-18,9135
2330,台積電,44,27,17,群益金鼎-東大,2024-07-18,9135
00751B,元大AAA至A公司債,17,1,16,群益金鼎-東大,2024-07-18,9135
2834,臺企銀,21,6,15,群益金鼎-東大,2024-07-18,9135
8054,安國,32,17,15,群益金鼎-東大,2024-07-18,9135
00936,台新永續高息中小,17,2,15,群益金鼎-東大,2024-07-18,9135
8105,凌巨,30,16,14,群益金鼎-東大,2024-07-18,9135
00905,FT臺灣Smart,14,0,14,群益金鼎-東大,2024-07-18,9135
1440,南紡,16,2,14,群益金鼎-東大,2024-07-18,9135
00937B,群益ESG投等債20,203,45,158,群益金鼎-東大,2024-07-19,9135
1101,台泥,161,26,135,群益金鼎-東大,2024-07-19,9135
00929,復華台灣科技優息,148,14,134,群益金鼎-東大,2024-07-19,9135
00919,群益台灣精選高息,163,54,109,群益金鼎-東大,2024-07-19,9135
2897,王道銀行,100,0,100,群益金鼎-東大,2024-07-19,9135
2891,中信金,117,22,95,群益金鼎-東大,2024-07-19,9135
00946,群益科技高息成長,92,0,92,群益金鼎-東大,2024-07-19,9135
2409,友達,120,37,83,群益金鼎-東大,2024-07-19,9135
8070,長華*,74,4,70,群益金鼎-東大,2024-07-19,9135
00650L,復華香港正2,69,0,69,群益金鼎-東大,2024-07-19,9135
0056,元大高股息,113,49,64,群益金鼎-東大,2024-07-19,9135
1312,國喬,69,6,63,群益金鼎-東大,2024-07-19,9135
2845,遠東銀,62,0,62,群益金鼎-東大,2024-07-19,9135
3481,群創,143,84,59,群益金鼎-東大,2024-07-19,9135
8150,南茂,56,6,50,群益金鼎-東大,2024-07-19,9135
1444,力麗,57,7,50,群益金鼎-東大,2024-07-19,9135
3052,夆典,56,7,49,群益金鼎-東大,2024-07-19,9135
00936,台新永續高息中小,45,3,42,群益金鼎-東大,2024-07-19,9135
2618,長榮航,41,0,41,群益金鼎-東大,2024-07-19,9135
00680L,元大美債20正2,53,12,41,群益金鼎-東大,2024-07-19,9135
00761B,國泰A級公司債,41,0,41,群益金鼎-東大,2024-07-19,9135
00934,中信成長高股息,43,5,38,群益金鼎-東大,2024-07-19,9135
2330,台積電,48,15,33,群益金鼎-東大,2024-07-19,9135
6126,信音,30,0,30,群益金鼎-東大,2024-07-19,9135
6274,台燿,32,3,29,群益金鼎-東大,2024-07-19,9135
2882,國泰金,29,0,29,群益金鼎-東大,2024-07-19,9135
2467,志聖,36,8,28,群益金鼎-東大,2024-07-19,9135
00679B,元大美債20年,38,14,24,群益金鼎-東大,2024-07-19,9135
1540,喬福,77,54,23,群益金鼎-東大,2024-07-19,9135
2888,新光金,26,3,23,群益金鼎-東大,2024-07-19,9135
6120,達運,23,1,22,群益金鼎-東大,2024-07-19,9135
2834,臺企銀,25,4,21,群益金鼎-東大,2024-07-19,9135
1795,美時,20,0,20,群益金鼎-東大,2024-07-19,9135
5864,致和證,20,0,20,群益金鼎-東大,2024-07-19,9135
2883,凱基金,67,47,20,群益金鼎-東大,2024-07-19,9135
00923,群益台ESG低碳50,22,3,19,群益金鼎-東大,2024-07-19,9135
6288,聯嘉,19,0,19,群益金鼎-東大,2024-07-19,9135
3006,晶豪科,22,5,17,群益金鼎-東大,2024-07-19,9135
4909,新復興,29,12,17,群益金鼎-東大,2024-07-19,9135
5309,系統電,21,4,17,群益金鼎-東大,2024-07-19,9135
2344,華邦電,17,1,16,群益金鼎-東大,2024-07-19,9135
3712,永崴投控,18,2,16,群益金鼎-東大,2024-07-19,9135
1102,亞泥,16,0,16,群益金鼎-東大,2024-07-19,9135
00931B,統一美債20年,15,0,15,群益金鼎-東大,2024-07-19,9135
3312,弘憶股,27,12,15,群益金鼎-東大,2024-07-19,9135
3022,威強電,35,20,15,群益金鼎-東大,2024-07-19,9135
4916,事欣科,30,15,15,群益金鼎-東大,2024-07-19,9135
00881,國泰台灣5G+,17,2,15,群益金鼎-東大,2024-07-19,9135
6139,亞翔,15,0,15,群益金鼎-東大,2024-07-19,9135
2472,立隆電,14,0,14,群益金鼎-東大,2024-07-19,9135
00929,復華台灣科技優息,420,34,386,群益金鼎-東大,2024-07-22,9135
00919,群益台灣精選高息,244,57,187,群益金鼎-東大,2024-07-22,9135
00945B,凱基美國非投等債,148,0,148,群益金鼎-東大,2024-07-22,9135
00946,群益科技高息成長,111,2,109,群益金鼎-東大,2024-07-22,9135
3481,群創,133,38,95,群益金鼎-東大,2024-07-22,9135
2002,中鋼,102,8,94,群益金鼎-東大,2024-07-22,9135
00637L,元大滬深300正2,89,17,72,群益金鼎-東大,2024-07-22,9135
1709,和益,65,1,64,群益金鼎-東大,2024-07-22,9135
00940,元大台灣價值高息,89,26,63,群益金鼎-東大,2024-07-22,9135
2317,鴻海,104,42,62,群益金鼎-東大,2024-07-22,9135
2618,長榮航,58,7,51,群益金鼎-東大,2024-07-22,9135
6829,千附精密,50,0,50,群益金鼎-東大,2024-07-22,9135
4916,事欣科,134,87,47,群益金鼎-東大,2024-07-22,9135
3230,錦明,46,0,46,群益金鼎-東大,2024-07-22,9135
1301,台塑,39,0,39,群益金鼎-東大,2024-07-22,9135
2888,新光金,56,17,39,群益金鼎-東大,2024-07-22,9135
00936,台新永續高息中小,38,0,38,群益金鼎-東大,2024-07-22,9135
1784,訊聯,36,3,33,群益金鼎-東大,2024-07-22,9135
2330,台積電,53,22,31,群益金鼎-東大,2024-07-22,9135
00934,中信成長高股息,31,4,27,群益金鼎-東大,2024-07-22,9135
00713,元大台灣高息低波,31,5,26,群益金鼎-東大,2024-07-22,9135
00632R,元大台灣50反1,109,84,25,群益金鼎-東大,2024-07-22,9135
00679B,元大美債20年,59,34,25,群益金鼎-東大,2024-07-22,9135
8473,山林水,91,66,25,群益金鼎-東大,2024-07-22,9135
2352,佳世達,28,4,24,群益金鼎-東大,2024-07-22,9135
2312,金寶,328,304,24,群益金鼎-東大,2024-07-22,9135
5443,均豪,79,56,23,群益金鼎-東大,2024-07-22,9135
6147,頎邦,22,0,22,群益金鼎-東大,2024-07-22,9135
1312,國喬,39,19,20,群益金鼎-東大,2024-07-22,9135
3048,益登,20,1,19,群益金鼎-東大,2024-07-22,9135
2891,中信金,26,7,19,群益金鼎-東大,2024-07-22,9135
2356,英業達,21,2,19,群益金鼎-東大,2024-07-22,9135
00935,野村臺灣新科技50,20,1,19,群益金鼎-東大,2024-07-22,9135
3052,夆典,21,2,19,群益金鼎-東大,2024-07-22,9135
1540,喬福,20,1,19,群益金鼎-東大,2024-07-22,9135
4513,福裕,31,12,19,群益金鼎-東大,2024-07-22,9135
8070,長華*,18,0,18,群益金鼎-東大,2024-07-22,9135
2637,慧洋-KY,16,0,16,群益金鼎-東大,2024-07-22,9135
00795B,中信美國公債20年,15,0,15,群益金鼎-東大,2024-07-22,9135
2401,凌陽,20,5,15,群益金鼎-東大,2024-07-22,9135
1447,力鵬,15,0,15,群益金鼎-東大,2024-07-22,9135
00715L,期街口布蘭特正2,15,0,15,群益金鼎-東大,2024-07-22,9135
0050,元大台灣50,16,2,14,群益金鼎-東大,2024-07-22,9135
2855,統一證,17,3,14,群益金鼎-東大,2024-07-22,9135
8105,凌巨,26,12,14,群益金鼎-東大,2024-07-22,9135
00725B,國泰投資級公司債,14,0,14,群益金鼎-東大,2024-07-22,9135
00687B,國泰20年美債,26,12,14,群益金鼎-東大,2024-07-22,9135
8150,南茂,17,4,13,群益金鼎-東大,2024-07-22,9135
2382,廣達,31,18,13,群益金鼎-東大,2024-07-22,9135
2467,志聖,17,4,13,群益金鼎-東大,2024-07-22,9135
2884,玉山金,344,0,344,群益金鼎-東大,2024-07-23,9135
00900,富邦特選高股息30,300,0,300,群益金鼎-東大,2024-07-23,9135
00878,國泰永續高股息,230,2,228,群益金鼎-東大,2024-07-23,9135
00937B,群益ESG投等債20,218,0,218,群益金鼎-東大,2024-07-23,9135
2344,華邦電,203,0,203,群益金鼎-東大,2024-07-23,9135
00919,群益台灣精選高息,166,7,159,群益金鼎-東大,2024-07-23,9135
00929,復華台灣科技優息,138,25,113,群益金鼎-東大,2024-07-23,9135
2897,王道銀行,100,0,100,群益金鼎-東大,2024-07-23,9135
00946,群益科技高息成長,93,0,93,群益金鼎-東大,2024-07-23,9135
5864,致和證,89,0,89,群益金鼎-東大,2024-07-23,9135
00942B,台新美A公司債20+,87,0,87,群益金鼎-東大,2024-07-23,9135
3481,群創,115,28,87,群益金鼎-東大,2024-07-23,9135
2312,金寶,172,88,84,群益金鼎-東大,2024-07-23,9135
00891,中信關鍵半導體,70,3,67,群益金鼎-東大,2024-07-23,9135
2409,友達,62,4,58,群益金鼎-東大,2024-07-23,9135
00632R,元大台灣50反1,111,64,47,群益金鼎-東大,2024-07-23,9135
00933B,國泰10Y+金融債,47,2,45,群益金鼎-東大,2024-07-23,9135
6217,中探針,45,0,45,群益金鼎-東大,2024-07-23,9135
2537,聯上發,50,6,44,群益金鼎-東大,2024-07-23,9135
3022,威強電,36,0,36,群益金鼎-東大,2024-07-23,9135
2486,一詮,47,13,34,群益金鼎-東大,2024-07-23,9135
6288,聯嘉,30,0,30,群益金鼎-東大,2024-07-23,9135
2891,中信金,45,16,29,群益金鼎-東大,2024-07-23,9135
00923,群益台ESG低碳50,27,1,26,群益金鼎-東大,2024-07-23,9135
2542,興富發,26,1,25,群益金鼎-東大,2024-07-23,9135
1444,力麗,25,0,25,群益金鼎-東大,2024-07-23,9135
5512,力麒,42,18,24,群益金鼎-東大,2024-07-23,9135
00795B,中信美國公債20年,22,0,22,群益金鼎-東大,2024-07-23,9135
00751B,元大AAA至A公司債,22,1,21,群益金鼎-東大,2024-07-23,9135
2614,東森,20,0,20,群益金鼎-東大,2024-07-23,9135
00740B,富邦全球投等債,20,0,20,群益金鼎-東大,2024-07-23,9135
4128,中天,57,38,19,群益金鼎-東大,2024-07-23,9135
3062,建漢,23,5,18,群益金鼎-東大,2024-07-23,9135
00927,群益半導體收益,17,0,17,群益金鼎-東大,2024-07-23,9135
00662,富邦NASDAQ,15,0,15,群益金鼎-東大,2024-07-23,9135
5348,正能量智能,15,0,15,群益金鼎-東大,2024-07-23,9135
5309,系統電,21,6,15,群益金鼎-東大,2024-07-23,9135
2354,鴻準,14,1,13,群益金鼎-東大,2024-07-23,9135
3714,富采,12,0,12,群益金鼎-東大,2024-07-23,9135
2303,聯電,13,1,12,群益金鼎-東大,2024-07-23,9135
00631L,元大台灣50正2,40,28,12,群益金鼎-東大,2024-07-23,9135
3048,益登,17,6,11,群益金鼎-東大,2024-07-23,9135
6125,廣運,11,0,11,群益金鼎-東大,2024-07-23,9135
1101,台泥,15,4,11,群益金鼎-東大,2024-07-23,9135
00772B,中信高評級公司債,11,0,11,群益金鼎-東大,2024-07-23,9135
4532,瑞智,12,1,11,群益金鼎-東大,2024-07-23,9135
00646,元大S＆P500,11,0,11,群益金鼎-東大,2024-07-23,9135
00936,台新永續高息中小,10,0,10,群益金鼎-東大,2024-07-23,9135
2634,漢翔,11,1,10,群益金鼎-東大,2024-07-23,9135
2305,全友,10,0,10,群益金鼎-東大,2024-07-23,9135
2845,遠東銀,1167,0,1167,群益金鼎-東大,2024-07-26,9135
00937B,群益ESG投等債20,346,32,314,群益金鼎-東大,2024-07-26,9135
00929,復華台灣科技優息,185,51,134,群益金鼎-東大,2024-07-26,9135
00919,群益台灣精選高息,125,45,80,群益金鼎-東大,2024-07-26,9135
00720B,元大投資級公司債,82,2,80,群益金鼎-東大,2024-07-26,9135
00940,元大台灣價值高息,67,0,67,群益金鼎-東大,2024-07-26,9135
00878,國泰永續高股息,78,13,65,群益金鼎-東大,2024-07-26,9135
3663,鑫科,78,16,62,群益金鼎-東大,2024-07-26,9135
00637L,元大滬深300正2,68,6,62,群益金鼎-東大,2024-07-26,9135
2352,佳世達,51,0,51,群益金鼎-東大,2024-07-26,9135
0056,元大高股息,50,2,48,群益金鼎-東大,2024-07-26,9135
00679B,元大美債20年,50,5,45,群益金鼎-東大,2024-07-26,9135
2330,台積電,57,15,42,群益金鼎-東大,2024-07-26,9135
00942B,台新美A公司債20+,41,0,41,群益金鼎-東大,2024-07-26,9135
00712,復華富時不動產,57,17,40,群益金鼎-東大,2024-07-26,9135
2618,長榮航,41,1,40,群益金鼎-東大,2024-07-26,9135
5512,力麒,44,6,38,群益金鼎-東大,2024-07-26,9135
00687B,國泰20年美債,39,2,37,群益金鼎-東大,2024-07-26,9135
3665,貿聯-KY,37,1,36,群益金鼎-東大,2024-07-26,9135
00905,FT臺灣Smart,33,0,33,群益金鼎-東大,2024-07-26,9135
6005,群益證,32,0,32,群益金鼎-東大,2024-07-26,9135
2891,中信金,74,43,31,群益金鼎-東大,2024-07-26,9135
2449,京元電子,42,11,31,群益金鼎-東大,2024-07-26,9135
00945B,凱基美國非投等債,31,0,31,群益金鼎-東大,2024-07-26,9135
1786,科妍,32,1,31,群益金鼎-東大,2024-07-26,9135
6217,中探針,29,0,29,群益金鼎-東大,2024-07-26,9135
00713,元大台灣高息低波,30,1,29,群益金鼎-東大,2024-07-26,9135
00946,群益科技高息成長,27,0,27,群益金鼎-東大,2024-07-26,9135
00795B,中信美國公債20年,28,5,23,群益金鼎-東大,2024-07-26,9135
00891,中信關鍵半導體,23,1,22,群益金鼎-東大,2024-07-26,9135
00680L,元大美債20正2,30,8,22,群益金鼎-東大,2024-07-26,9135
3056,富華新,20,0,20,群益金鼎-東大,2024-07-26,9135
2331,精英,19,0,19,群益金鼎-東大,2024-07-26,9135
2884,玉山金,19,0,19,群益金鼎-東大,2024-07-26,9135
4906,正文,20,1,19,群益金鼎-東大,2024-07-26,9135
8103,瀚荃,19,1,18,群益金鼎-東大,2024-07-26,9135
9105,泰金寶-DR,18,0,18,群益金鼎-東大,2024-07-26,9135
0050,元大台灣50,22,5,17,群益金鼎-東大,2024-07-26,9135
2461,光群雷,17,0,17,群益金鼎-東大,2024-07-26,9135
00675L,富邦臺灣加權正2,20,3,17,群益金鼎-東大,2024-07-26,9135
2520,冠德,31,15,16,群益金鼎-東大,2024-07-26,9135
2883,凱基金,70,54,16,群益金鼎-東大,2024-07-26,9135
1101,台泥,17,1,16,群益金鼎-東大,2024-07-26,9135
00665L,富邦�琤肭磪囓�2,17,2,15,群益金鼎-東大,2024-07-26,9135
2511,太子,15,0,15,群益金鼎-東大,2024-07-26,9135
2312,金寶,50,36,14,群益金鼎-東大,2024-07-26,9135
4979,華星光,16,2,14,群益金鼎-東大,2024-07-26,9135
006208,富邦台50,15,1,14,群益金鼎-東大,2024-07-26,9135
8926,台汽電,31,17,14,群益金鼎-東大,2024-07-26,9135
5347,世界,25,12,13,群益金鼎-東大,2024-07-26,9135
3050,鈺德,160,0,160,群益金鼎-東大,2024-07-29,9135
00929,復華台灣科技優息,158,1,157,群益金鼎-東大,2024-07-29,9135
8201,無敵,154,0,154,群益金鼎-東大,2024-07-29,9135
00946,群益科技高息成長,134,0,134,群益金鼎-東大,2024-07-29,9135
00740B,富邦全球投等債,113,10,103,群益金鼎-東大,2024-07-29,9135
3147,大綜,100,0,100,群益金鼎-東大,2024-07-29,9135
00712,復華富時不動產,78,0,78,群益金鼎-東大,2024-07-29,9135
00937B,群益ESG投等債20,72,0,72,群益金鼎-東大,2024-07-29,9135
00919,群益台灣精選高息,65,3,62,群益金鼎-東大,2024-07-29,9135
00680L,元大美債20正2,82,21,61,群益金鼎-東大,2024-07-29,9135
2312,金寶,105,54,51,群益金鼎-東大,2024-07-29,9135
00944,野村趨勢動能高息,45,0,45,群益金鼎-東大,2024-07-29,9135
00632R,元大台灣50反1,103,60,43,群益金鼎-東大,2024-07-29,9135
2537,聯上發,41,0,41,群益金鼎-東大,2024-07-29,9135
00915,凱基優選高股息30,40,0,40,群益金鼎-東大,2024-07-29,9135
00713,元大台灣高息低波,38,0,38,群益金鼎-東大,2024-07-29,9135
00878,國泰永續高股息,45,8,37,群益金鼎-東大,2024-07-29,9135
0056,元大高股息,36,0,36,群益金鼎-東大,2024-07-29,9135
1776,展宇,36,0,36,群益金鼎-東大,2024-07-29,9135
00679B,元大美債20年,41,6,35,群益金鼎-東大,2024-07-29,9135
00664R,國泰臺灣加權反1,35,0,35,群益金鼎-東大,2024-07-29,9135
2515,中工,41,8,33,群益金鼎-東大,2024-07-29,9135
1540,喬福,36,3,33,群益金鼎-東大,2024-07-29,9135
6217,中探針,30,0,30,群益金鼎-東大,2024-07-29,9135
3230,錦明,30,0,30,群益金鼎-東大,2024-07-29,9135
2884,玉山金,27,0,27,群益金鼎-東大,2024-07-29,9135
6462,神盾,27,3,24,群益金鼎-東大,2024-07-29,9135
8054,安國,79,55,24,群益金鼎-東大,2024-07-29,9135
3481,群創,241,219,22,群益金鼎-東大,2024-07-29,9135
2344,華邦電,23,1,22,群益金鼎-東大,2024-07-29,9135
1786,科妍,23,1,22,群益金鼎-東大,2024-07-29,9135
2363,矽統,29,8,21,群益金鼎-東大,2024-07-29,9135
00715L,期街口布蘭特正2,21,0,21,群益金鼎-東大,2024-07-29,9135
1309,台達化,21,0,21,群益金鼎-東大,2024-07-29,9135
3019,亞光,32,11,21,群益金鼎-東大,2024-07-29,9135
5009,榮剛,21,0,21,群益金鼎-東大,2024-07-29,9135
00881,國泰台灣5G+,20,0,20,群益金鼎-東大,2024-07-29,9135
1785,光洋科,22,4,18,群益金鼎-東大,2024-07-29,9135
00936,台新永續高息中小,17,0,17,群益金鼎-東大,2024-07-29,9135
2897,王道銀行,17,0,17,群益金鼎-東大,2024-07-29,9135
00940,元大台灣價值高息,31,15,16,群益金鼎-東大,2024-07-29,9135
3376,新日興,16,1,15,群益金鼎-東大,2024-07-29,9135
2356,英業達,17,3,14,群益金鼎-東大,2024-07-29,9135
2243,宏旭-KY,14,0,14,群益金鼎-東大,2024-07-29,9135
4564,元翎,21,7,14,群益金鼎-東大,2024-07-29,9135
2330,台積電,31,17,14,群益金鼎-東大,2024-07-29,9135
3048,益登,20,7,13,群益金鼎-東大,2024-07-29,9135
2838,聯邦銀,12,0,12,群益金鼎-東大,2024-07-29,9135
4571,鈞興-KY,11,0,11,群益金鼎-東大,2024-07-29,9135
2417,圓剛,11,0,11,群益金鼎-東大,2024-07-29,9135
2845,遠東銀,805,7,798,群益金鼎-東大,2024-07-30,9135
00680L,元大美債20正2,572,51,521,群益金鼎-東大,2024-07-30,9135
00929,復華台灣科技優息,189,12,177,群益金鼎-東大,2024-07-30,9135
1316,上曜,105,7,98,群益金鼎-東大,2024-07-30,9135
00940,元大台灣價值高息,80,11,69,群益金鼎-東大,2024-07-30,9135
00919,群益台灣精選高息,83,15,68,群益金鼎-東大,2024-07-30,9135
00878,國泰永續高股息,89,28,61,群益金鼎-東大,2024-07-30,9135
00915,凱基優選高股息30,53,0,53,群益金鼎-東大,2024-07-30,9135
5512,力麒,64,12,52,群益金鼎-東大,2024-07-30,9135
00720B,元大投資級公司債,51,0,51,群益金鼎-東大,2024-07-30,9135
2618,長榮航,53,3,50,群益金鼎-東大,2024-07-30,9135
3663,鑫科,75,28,47,群益金鼎-東大,2024-07-30,9135
00946,群益科技高息成長,41,1,40,群益金鼎-東大,2024-07-30,9135
00944,野村趨勢動能高息,40,0,40,群益金鼎-東大,2024-07-30,9135
00679B,元大美債20年,46,8,38,群益金鼎-東大,2024-07-30,9135
3035,智原,107,70,37,群益金鼎-東大,2024-07-30,9135
8064,東捷,76,41,35,群益金鼎-東大,2024-07-30,9135
00713,元大台灣高息低波,37,5,32,群益金鼎-東大,2024-07-30,9135
00715L,期街口布蘭特正2,30,0,30,群益金鼎-東大,2024-07-30,9135
6177,達麗,29,1,28,群益金鼎-東大,2024-07-30,9135
2884,玉山金,29,2,27,群益金鼎-東大,2024-07-30,9135
3167,大量,35,9,26,群益金鼎-東大,2024-07-30,9135
00712,復華富時不動產,25,0,25,群益金鼎-東大,2024-07-30,9135
00933B,國泰10Y+金融債,23,0,23,群益金鼎-東大,2024-07-30,9135
00936,台新永續高息中小,26,3,23,群益金鼎-東大,2024-07-30,9135
00934,中信成長高股息,26,4,22,群益金鼎-東大,2024-07-30,9135
3024,憶聲,26,6,20,群益金鼎-東大,2024-07-30,9135
9908,大台北,20,0,20,群益金鼎-東大,2024-07-30,9135
00740B,富邦全球投等債,19,0,19,群益金鼎-東大,2024-07-30,9135
2891,中信金,23,5,18,群益金鼎-東大,2024-07-30,9135
00637L,元大滬深300正2,18,0,18,群益金鼎-東大,2024-07-30,9135
00665L,富邦�琤肭磪囓�2,18,0,18,群益金鼎-東大,2024-07-30,9135
2442,新美齊,27,11,16,群益金鼎-東大,2024-07-30,9135
1449,佳和,17,2,15,群益金鼎-東大,2024-07-30,9135
2365,昆盈,30,16,14,群益金鼎-東大,2024-07-30,9135
3580,友威科,51,37,14,群益金鼎-東大,2024-07-30,9135
0050,元大台灣50,15,1,14,群益金鼎-東大,2024-07-30,9135
00931B,統一美債20年,13,0,13,群益金鼎-東大,2024-07-30,9135
1808,潤隆,15,2,13,群益金鼎-東大,2024-07-30,9135
2615,萬海,25,12,13,群益金鼎-東大,2024-07-30,9135
3163,波若威,31,18,13,群益金鼎-東大,2024-07-30,9135
5525,順天,12,0,12,群益金鼎-東大,2024-07-30,9135
8150,南茂,11,0,11,群益金鼎-東大,2024-07-30,9135
5309,系統電,30,19,11,群益金鼎-東大,2024-07-30,9135
3284,太普高,11,0,11,群益金鼎-東大,2024-07-30,9135
6133,金橋,11,0,11,群益金鼎-東大,2024-07-30,9135
2886,兆豐金,10,0,10,群益金鼎-東大,2024-07-30,9135
4974,亞泰,10,0,10,群益金鼎-東大,2024-07-30,9135
2485,兆赫,10,0,10,群益金鼎-東大,2024-07-30,9135
4113,聯上,10,0,10,群益金鼎-東大,2024-07-30,9135
00632R,元大台灣50反1,570,303,267,群益金鼎-東大,2024-07-31,9135
00937B,群益ESG投等債20,232,15,217,群益金鼎-東大,2024-07-31,9135
3481,群創,119,33,86,群益金鼎-東大,2024-07-31,9135
2891,中信金,82,5,77,群益金鼎-東大,2024-07-31,9135
00929,復華台灣科技優息,98,22,76,群益金鼎-東大,2024-07-31,9135
3483,力致,51,1,50,群益金鼎-東大,2024-07-31,9135
2615,萬海,50,3,47,群益金鼎-東大,2024-07-31,9135
00680L,元大美債20正2,46,0,46,群益金鼎-東大,2024-07-31,9135
3715,定穎投控,66,22,44,群益金鼎-東大,2024-07-31,9135
00951,台新日本半導體,40,0,40,群益金鼎-東大,2024-07-31,9135
00687B,國泰20年美債,60,26,34,群益金鼎-東大,2024-07-31,9135
2838A,聯邦銀甲特,33,0,33,群益金鼎-東大,2024-07-31,9135
4933,友輝,32,1,31,群益金鼎-東大,2024-07-31,9135
00945B,凱基美國非投等債,30,0,30,群益金鼎-東大,2024-07-31,9135
2317,鴻海,49,20,29,群益金鼎-東大,2024-07-31,9135
5347,世界,34,6,28,群益金鼎-東大,2024-07-31,9135
3047,訊舟,49,22,27,群益金鼎-東大,2024-07-31,9135
2905,三商,31,6,25,群益金鼎-東大,2024-07-31,9135
2449,京元電子,34,10,24,群益金鼎-東大,2024-07-31,9135
00946,群益科技高息成長,24,0,24,群益金鼎-東大,2024-07-31,9135
00878,國泰永續高股息,25,1,24,群益金鼎-東大,2024-07-31,9135
2884,玉山金,22,0,22,群益金鼎-東大,2024-07-31,9135
00902,中信電池及儲能,20,0,20,群益金鼎-東大,2024-07-31,9135
9945,潤泰新,41,21,20,群益金鼎-東大,2024-07-31,9135
5443,均豪,73,54,19,群益金鼎-東大,2024-07-31,9135
9105,泰金寶-DR,18,0,18,群益金鼎-東大,2024-07-31,9135
2070,精湛,22,4,18,群益金鼎-東大,2024-07-31,9135
1711,永光,18,0,18,群益金鼎-東大,2024-07-31,9135
00688L,國泰20年美債正2,20,3,17,群益金鼎-東大,2024-07-31,9135
00725B,國泰投資級公司債,16,0,16,群益金鼎-東大,2024-07-31,9135
3105,穩懋,16,0,16,群益金鼎-東大,2024-07-31,9135
9940,信義,16,0,16,群益金鼎-東大,2024-07-31,9135
2303,聯電,16,1,15,群益金鼎-東大,2024-07-31,9135
6188,廣明,29,14,15,群益金鼎-東大,2024-07-31,9135
00933B,國泰10Y+金融債,13,0,13,群益金鼎-東大,2024-07-31,9135
4303,信立,18,5,13,群益金鼎-東大,2024-07-31,9135
00713,元大台灣高息低波,16,3,13,群益金鼎-東大,2024-07-31,9135
9911,櫻花,13,0,13,群益金鼎-東大,2024-07-31,9135
3339,泰谷,12,0,12,群益金鼎-東大,2024-07-31,9135
4956,光鋐,22,10,12,群益金鼎-東大,2024-07-31,9135
4958,臻鼎-KY,12,0,12,群益金鼎-東大,2024-07-31,9135
00637L,元大滬深300正2,50,38,12,群益金鼎-東大,2024-07-31,9135
4903,聯光通,13,2,11,群益金鼎-東大,2024-07-31,9135
2442,新美齊,42,31,11,群益金鼎-東大,2024-07-31,9135
6692,進能服,11,0,11,群益金鼎-東大,2024-07-31,9135
6126,信音,16,6,10,群益金鼎-東大,2024-07-31,9135
00882,中信中國高股息,10,0,10,群益金鼎-東大,2024-07-31,9135
00936,台新永續高息中小,10,0,10,群益金鼎-東大,2024-07-31,9135
9958,世紀鋼,17,7,10,群益金鼎-東大,2024-07-31,9135
3450,聯鈞,12,2,10,群益金鼎-東大,2024-07-31,9135
2409,友達,214,0,214,群益金鼎-東大,2024-08-01,9135
1314,中石化,200,3,197,群益金鼎-東大,2024-08-01,9135
00937B,群益ESG投等債20,207,19,188,群益金鼎-東大,2024-08-01,9135
00919,群益台灣精選高息,166,19,147,群益金鼎-東大,2024-08-01,9135
00929,復華台灣科技優息,148,2,146,群益金鼎-東大,2024-08-01,9135
00944,野村趨勢動能高息,80,0,80,群益金鼎-東大,2024-08-01,9135
00915,凱基優選高股息30,79,0,79,群益金鼎-東大,2024-08-01,9135
3147,大綜,67,0,67,群益金鼎-東大,2024-08-01,9135
1316,上曜,161,108,53,群益金鼎-東大,2024-08-01,9135
00951,台新日本半導體,50,0,50,群益金鼎-東大,2024-08-01,9135
00878,國泰永續高股息,80,30,50,群益金鼎-東大,2024-08-01,9135
00637L,元大滬深300正2,58,10,48,群益金鼎-東大,2024-08-01,9135
00712,復華富時不動產,61,16,45,群益金鼎-東大,2024-08-01,9135
2884,玉山金,45,0,45,群益金鼎-東大,2024-08-01,9135
4303,信立,89,44,45,群益金鼎-東大,2024-08-01,9135
00713,元大台灣高息低波,42,0,42,群益金鼎-東大,2024-08-01,9135
2881A,富邦特,40,0,40,群益金鼎-東大,2024-08-01,9135
2838A,聯邦銀甲特,36,0,36,群益金鼎-東大,2024-08-01,9135
6116,彩晶,30,0,30,群益金鼎-東大,2024-08-01,9135
1536,和大,167,138,29,群益金鼎-東大,2024-08-01,9135
5443,均豪,100,77,23,群益金鼎-東大,2024-08-01,9135
2542,興富發,20,0,20,群益金鼎-東大,2024-08-01,9135
00673R,期元大S＆P原油反1,20,0,20,群益金鼎-東大,2024-08-01,9135
00751B,元大AAA至A公司債,23,4,19,群益金鼎-東大,2024-08-01,9135
9902,台火,51,32,19,群益金鼎-東大,2024-08-01,9135
00936,台新永續高息中小,18,0,18,群益金鼎-東大,2024-08-01,9135
8103,瀚荃,30,14,16,群益金鼎-東大,2024-08-01,9135
2101,南港,15,0,15,群益金鼎-東大,2024-08-01,9135
2417,圓剛,16,2,14,群益金鼎-東大,2024-08-01,9135
00949,復華日本龍頭,12,0,12,群益金鼎-東大,2024-08-01,9135
1473,台南,12,0,12,群益金鼎-東大,2024-08-01,9135
8446,華研,12,0,12,群益金鼎-東大,2024-08-01,9135
00881,國泰台灣5G+,18,6,12,群益金鼎-東大,2024-08-01,9135
2891,中信金,13,1,12,群益金鼎-東大,2024-08-01,9135
1808,潤隆,12,0,12,群益金鼎-東大,2024-08-01,9135
2393,億光,21,10,11,群益金鼎-東大,2024-08-01,9135
2330,台積電,32,21,11,群益金鼎-東大,2024-08-01,9135
1101,台泥,11,0,11,群益金鼎-東大,2024-08-01,9135
4510,高鋒,33,22,11,群益金鼎-東大,2024-08-01,9135
00662,富邦NASDAQ,10,0,10,群益金鼎-東大,2024-08-01,9135
00882,中信中國高股息,10,0,10,群益金鼎-東大,2024-08-01,9135
2419,仲琦,10,0,10,群益金鼎-東大,2024-08-01,9135
00945B,凱基美國非投等債,10,0,10,群益金鼎-東大,2024-08-01,9135
3234,光環,10,0,10,群益金鼎-東大,2024-08-01,9135
4958,臻鼎-KY,13,3,10,群益金鼎-東大,2024-08-01,9135
5608,四維航,15,5,10,群益金鼎-東大,2024-08-01,9135
2204,中華,9,0,9,群益金鼎-東大,2024-08-01,9135
2867,三商壽,20,11,9,群益金鼎-東大,2024-08-01,9135
2363,矽統,29,21,8,群益金鼎-東大,2024-08-01,9135
2454,聯發科,11,2,9,群益金鼎-東大,2024-08-01,9135
00945B,凱基美國非投等債,324,0,324,群益金鼎-東大,2024-08-02,9135
00948B,中信優息投資級債,196,0,196,群益金鼎-東大,2024-08-02,9135
00937B,群益ESG投等債20,204,20,184,群益金鼎-東大,2024-08-02,9135
2344,華邦電,166,17,149,群益金鼎-東大,2024-08-02,9135
00878,國泰永續高股息,150,1,149,群益金鼎-東大,2024-08-02,9135
00929,復華台灣科技優息,157,39,118,群益金鼎-東大,2024-08-02,9135
9945,潤泰新,127,10,117,群益金鼎-東大,2024-08-02,9135
2838A,聯邦銀甲特,95,0,95,群益金鼎-東大,2024-08-02,9135
00919,群益台灣精選高息,105,12,93,群益金鼎-東大,2024-08-02,9135
2317,鴻海,129,45,84,群益金鼎-東大,2024-08-02,9135
00679B,元大美債20年,173,90,83,群益金鼎-東大,2024-08-02,9135
2409,友達,77,0,77,群益金鼎-東大,2024-08-02,9135
00900,富邦特選高股息30,61,0,61,群益金鼎-東大,2024-08-02,9135
00951,台新日本半導體,53,0,53,群益金鼎-東大,2024-08-02,9135
4513,福裕,119,67,52,群益金鼎-東大,2024-08-02,9135
00712,復華富時不動產,50,0,50,群益金鼎-東大,2024-08-02,9135
1316,上曜,78,29,49,群益金鼎-東大,2024-08-02,9135
00940,元大台灣價值高息,49,0,49,群益金鼎-東大,2024-08-02,9135
2897,王道銀行,49,0,49,群益金鼎-東大,2024-08-02,9135
2515,中工,58,10,48,群益金鼎-東大,2024-08-02,9135
3376,新日興,48,2,46,群益金鼎-東大,2024-08-02,9135
8070,長華*,39,0,39,群益金鼎-東大,2024-08-02,9135
2330,台積電,53,15,38,群益金鼎-東大,2024-08-02,9135
00933B,國泰10Y+金融債,38,0,38,群益金鼎-東大,2024-08-02,9135
0056,元大高股息,37,1,36,群益金鼎-東大,2024-08-02,9135
00830,國泰費城半導體,38,2,36,群益金鼎-東大,2024-08-02,9135
00941,中信上游半導體,35,0,35,群益金鼎-東大,2024-08-02,9135
00881,國泰台灣5G+,43,11,32,群益金鼎-東大,2024-08-02,9135
2062,橋椿,40,10,30,群益金鼎-東大,2024-08-02,9135
3188,鑫龍騰,40,10,30,群益金鼎-東大,2024-08-02,9135
6462,神盾,33,3,30,群益金鼎-東大,2024-08-02,9135
3006,晶豪科,29,2,27,群益金鼎-東大,2024-08-02,9135
00715L,期街口布蘭特正2,26,0,26,群益金鼎-東大,2024-08-02,9135
0050,元大台灣50,27,2,25,群益金鼎-東大,2024-08-02,9135
006208,富邦台50,23,0,23,群益金鼎-東大,2024-08-02,9135
2881A,富邦特,23,0,23,群益金鼎-東大,2024-08-02,9135
3037,欣興,35,12,23,群益金鼎-東大,2024-08-02,9135
2337,旺宏,29,8,21,群益金鼎-東大,2024-08-02,9135
00947,台新臺灣IC設計,25,4,21,群益金鼎-東大,2024-08-02,9135
5525,順天,20,0,20,群益金鼎-東大,2024-08-02,9135
00632R,元大台灣50反1,35,18,17,群益金鼎-東大,2024-08-02,9135
2356,英業達,17,0,17,群益金鼎-東大,2024-08-02,9135
2382,廣達,44,27,17,群益金鼎-東大,2024-08-02,9135
00949,復華日本龍頭,39,23,16,群益金鼎-東大,2024-08-02,9135
5536,聖暉*,16,0,16,群益金鼎-東大,2024-08-02,9135
2834,臺企銀,15,0,15,群益金鼎-東大,2024-08-02,9135
3024,憶聲,67,52,15,群益金鼎-東大,2024-08-02,9135
8054,安國,29,14,15,群益金鼎-東大,2024-08-02,9135
2027,大成鋼,40,25,15,群益金鼎-東大,2024-08-02,9135
00764B,群益25年美債,15,0,15,群益金鼎-東大,2024-08-02,9135
00929,復華台灣科技優息,701,389,312,群益金鼎-東大,2024-08-05,9135
00679B,元大美債20年,525,234,291,群益金鼎-東大,2024-08-05,9135
00940,元大台灣價值高息,233,52,181,群益金鼎-東大,2024-08-05,9135
2897,王道銀行,140,1,139,群益金鼎-東大,2024-08-05,9135
00891,中信關鍵半導體,98,3,95,群益金鼎-東大,2024-08-05,9135
00712,復華富時不動產,153,61,92,群益金鼎-東大,2024-08-05,9135
00715L,期街口布蘭特正2,93,1,92,群益金鼎-東大,2024-08-05,9135
00878,國泰永續高股息,254,165,89,群益金鼎-東大,2024-08-05,9135
2409,友達,155,75,80,群益金鼎-東大,2024-08-05,9135
00706L,期元大S＆P日圓正2,117,42,75,群益金鼎-東大,2024-08-05,9135
2330,台積電,107,34,73,群益金鼎-東大,2024-08-05,9135
1314,中石化,73,1,72,群益金鼎-東大,2024-08-05,9135
00946,群益科技高息成長,70,0,70,群益金鼎-東大,2024-08-05,9135
00941,中信上游半導體,67,0,67,群益金鼎-東大,2024-08-05,9135
00676R,富邦臺灣加權反1,90,25,65,群益金鼎-東大,2024-08-05,9135
00631L,元大台灣50正2,62,2,60,群益金鼎-東大,2024-08-05,9135
00949,復華日本龍頭,69,16,53,群益金鼎-東大,2024-08-05,9135
2618,長榮航,54,2,52,群益金鼎-東大,2024-08-05,9135
020031,統一IC設計臺灣N,50,0,50,群益金鼎-東大,2024-08-05,9135
020034,元大IC設計N,50,0,50,群益金鼎-東大,2024-08-05,9135
00686R,群益臺灣加權反1,50,0,50,群益金鼎-東大,2024-08-05,9135
3481,群創,155,106,49,群益金鼎-東大,2024-08-05,9135
00713,元大台灣高息低波,53,6,47,群益金鼎-東大,2024-08-05,9135
00892,富邦台灣半導體,51,5,46,群益金鼎-東大,2024-08-05,9135
2891,中信金,48,3,45,群益金鼎-東大,2024-08-05,9135
2317,鴻海,157,114,43,群益金鼎-東大,2024-08-05,9135
00935,野村臺灣新科技50,45,2,43,群益金鼎-東大,2024-08-05,9135
0056,元大高股息,62,20,42,群益金鼎-東大,2024-08-05,9135
00632R,元大台灣50反1,223,185,38,群益金鼎-東大,2024-08-05,9135
2002,中鋼,40,2,38,群益金鼎-東大,2024-08-05,9135
2883,凱基金,39,1,38,群益金鼎-東大,2024-08-05,9135
2845,遠東銀,36,0,36,群益金鼎-東大,2024-08-05,9135
8070,長華*,47,12,35,群益金鼎-東大,2024-08-05,9135
006208,富邦台50,43,10,33,群益金鼎-東大,2024-08-05,9135
6146,耕興,33,0,33,群益金鼎-東大,2024-08-05,9135
00675L,富邦臺灣加權正2,42,10,32,群益金鼎-東大,2024-08-05,9135
1532,勤美,32,0,32,群益金鼎-東大,2024-08-05,9135
3665,貿聯-KY,32,1,31,群益金鼎-東大,2024-08-05,9135
1605,華新,101,70,31,群益金鼎-東大,2024-08-05,9135
3105,穩懋,35,5,30,群益金鼎-東大,2024-08-05,9135
2312,金寶,54,24,30,群益金鼎-東大,2024-08-05,9135
3056,富華新,30,1,29,群益金鼎-東大,2024-08-05,9135
2344,華邦電,31,3,28,群益金鼎-東大,2024-08-05,9135
6914,阜爾運通,27,0,27,群益金鼎-東大,2024-08-05,9135
2905,三商,27,1,26,群益金鼎-東大,2024-08-05,9135
2008,高興昌,26,0,26,群益金鼎-東大,2024-08-05,9135
00944,野村趨勢動能高息,25,0,25,群益金鼎-東大,2024-08-05,9135
00888,永豐台灣ESG,23,0,23,群益金鼎-東大,2024-08-05,9135
2888,新光金,32,9,23,群益金鼎-東大,2024-08-05,9135
00915,凱基優選高股息30,28,6,22,群益金鼎-東大,2024-08-05,9135
00937B,群益ESG投等債20,753,173,580,群益金鼎-東大,2024-08-06,9135
00929,復華台灣科技優息,362,136,226,群益金鼎-東大,2024-08-06,9135
00632R,元大台灣50反1,185,19,166,群益金鼎-東大,2024-08-06,9135
2409,友達,112,0,112,群益金鼎-東大,2024-08-06,9135
00675L,富邦臺灣加權正2,87,13,74,群益金鼎-東大,2024-08-06,9135
2317,鴻海,199,131,68,群益金鼎-東大,2024-08-06,9135
00878,國泰永續高股息,187,122,65,群益金鼎-東大,2024-08-06,9135
00940,元大台灣價值高息,75,16,59,群益金鼎-東大,2024-08-06,9135
00923,群益台ESG低碳50,58,0,58,群益金鼎-東大,2024-08-06,9135
2887,台新金,58,2,56,群益金鼎-東大,2024-08-06,9135
00932,兆豐永續高息等權,50,0,50,群益金鼎-東大,2024-08-06,9135
00773B,中信優先金融債,48,0,48,群益金鼎-東大,2024-08-06,9135
00680L,元大美債20正2,125,79,46,群益金鼎-東大,2024-08-06,9135
0056,元大高股息,60,14,46,群益金鼎-東大,2024-08-06,9135
0050,元大台灣50,62,17,45,群益金鼎-東大,2024-08-06,9135
00679B,元大美債20年,71,32,39,群益金鼎-東大,2024-08-06,9135
2338,光罩,36,0,36,群益金鼎-東大,2024-08-06,9135
00713,元大台灣高息低波,39,3,36,群益金鼎-東大,2024-08-06,9135
00712,復華富時不動產,32,0,32,群益金鼎-東大,2024-08-06,9135
00933B,國泰10Y+金融債,30,0,30,群益金鼎-東大,2024-08-06,9135
6217,中探針,30,0,30,群益金鼎-東大,2024-08-06,9135
2615,萬海,54,25,29,群益金鼎-東大,2024-08-06,9135
6664,群翊,26,0,26,群益金鼎-東大,2024-08-06,9135
2417,圓剛,26,0,26,群益金鼎-東大,2024-08-06,9135
2609,陽明,87,61,26,群益金鼎-東大,2024-08-06,9135
2352,佳世達,37,12,25,群益金鼎-東大,2024-08-06,9135
00948B,中信優息投資級債,27,2,25,群益金鼎-東大,2024-08-06,9135
2495,普安,30,6,24,群益金鼎-東大,2024-08-06,9135
4729,熒茂,24,0,24,群益金鼎-東大,2024-08-06,9135
00715L,期街口布蘭特正2,24,1,23,群益金鼎-東大,2024-08-06,9135
2323,中環,23,0,23,群益金鼎-東大,2024-08-06,9135
00922,國泰台灣領袖50,22,0,22,群益金鼎-東大,2024-08-06,9135
3029,零壹,27,6,21,群益金鼎-東大,2024-08-06,9135
00924,復華S＆P500成長,21,0,21,群益金鼎-東大,2024-08-06,9135
00944,野村趨勢動能高息,20,0,20,群益金鼎-東大,2024-08-06,9135
2442,新美齊,35,17,18,群益金鼎-東大,2024-08-06,9135
8043,蜜望實,29,11,18,群益金鼎-東大,2024-08-06,9135
2324,仁寶,20,2,18,群益金鼎-東大,2024-08-06,9135
3188,鑫龍騰,15,0,15,群益金鼎-東大,2024-08-06,9135
1718,中纖,25,10,15,群益金鼎-東大,2024-08-06,9135
9945,潤泰新,28,14,14,群益金鼎-東大,2024-08-06,9135
2374,佳能,16,2,14,群益金鼎-東大,2024-08-06,9135
1586,和勤,24,10,14,群益金鼎-東大,2024-08-06,9135
3363,上詮,14,0,14,群益金鼎-東大,2024-08-06,9135
3037,欣興,34,21,13,群益金鼎-東大,2024-08-06,9135
1569,濱川,13,0,13,群益金鼎-東大,2024-08-06,9135
00918,大華優利高填息30,13,0,13,群益金鼎-東大,2024-08-06,9135
4958,臻鼎-KY,15,2,13,群益金鼎-東大,2024-08-06,9135
00692,富邦公司治理,12,0,12,群益金鼎-東大,2024-08-06,9135
9933,中鼎,12,0,12,群益金鼎-東大,2024-08-06,9135
00945B,凱基美國非投等債,212,0,212,群益金鼎-東大,2024-08-07,9135
00632R,元大台灣50反1,302,94,208,群益金鼎-東大,2024-08-07,9135
1314,中石化,222,30,192,群益金鼎-東大,2024-08-07,9135
00929,復華台灣科技優息,211,83,128,群益金鼎-東大,2024-08-07,9135
00679B,元大美債20年,234,111,123,群益金鼎-東大,2024-08-07,9135
3147,大綜,110,0,110,群益金鼎-東大,2024-08-07,9135
00706L,期元大S＆P日圓正2,70,0,70,群益金鼎-東大,2024-08-07,9135
00900,富邦特選高股息30,70,0,70,群益金鼎-東大,2024-08-07,9135
2353,宏��,70,1,69,群益金鼎-東大,2024-08-07,9135
3663,鑫科,71,5,66,群益金鼎-東大,2024-08-07,9135
00878,國泰永續高股息,68,7,61,群益金鼎-東大,2024-08-07,9135
00696B,富邦美債20年,56,0,56,群益金鼎-東大,2024-08-07,9135
2449,京元電子,58,4,54,群益金鼎-東大,2024-08-07,9135
00919,群益台灣精選高息,59,8,51,群益金鼎-東大,2024-08-07,9135
2834,臺企銀,65,16,49,群益金鼎-東大,2024-08-07,9135
6664,群翊,38,0,38,群益金鼎-東大,2024-08-07,9135
2891,中信金,35,1,34,群益金鼎-東大,2024-08-07,9135
00687B,國泰20年美債,88,55,33,群益金鼎-東大,2024-08-07,9135
00915,凱基優選高股息30,31,0,31,群益金鼎-東大,2024-08-07,9135
2349,錸德,33,2,31,群益金鼎-東大,2024-08-07,9135
2317,鴻海,82,51,31,群益金鼎-東大,2024-08-07,9135
3034,聯詠,27,1,26,群益金鼎-東大,2024-08-07,9135
00936,台新永續高息中小,30,5,25,群益金鼎-東大,2024-08-07,9135
5309,系統電,24,0,24,群益金鼎-東大,2024-08-07,9135
00923,群益台ESG低碳50,27,5,22,群益金鼎-東大,2024-08-07,9135
00715L,期街口布蘭特正2,22,0,22,群益金鼎-東大,2024-08-07,9135
6217,中探針,20,0,20,群益金鼎-東大,2024-08-07,9135
2867,三商壽,20,0,20,群益金鼎-東大,2024-08-07,9135
00642U,期元大S＆P石油,20,0,20,群益金鼎-東大,2024-08-07,9135
2615,萬海,96,76,20,群益金鼎-東大,2024-08-07,9135
3019,亞光,69,50,19,群益金鼎-東大,2024-08-07,9135
00905,FT臺灣Smart,19,0,19,群益金鼎-東大,2024-08-07,9135
00713,元大台灣高息低波,17,0,17,群益金鼎-東大,2024-08-07,9135
00940,元大台灣價值高息,69,53,16,群益金鼎-東大,2024-08-07,9135
4909,新復興,49,33,16,群益金鼎-東大,2024-08-07,9135
00918,大華優利高填息30,15,0,15,群益金鼎-東大,2024-08-07,9135
1617,榮星,23,8,15,群益金鼎-東大,2024-08-07,9135
2884,玉山金,14,0,14,群益金鼎-東大,2024-08-07,9135
1785,光洋科,88,74,14,群益金鼎-東大,2024-08-07,9135
2363,矽統,29,16,13,群益金鼎-東大,2024-08-07,9135
00680L,元大美債20正2,113,100,13,群益金鼎-東大,2024-08-07,9135
3522,御嵿,13,1,12,群益金鼎-東大,2024-08-07,9135
2365,昆盈,26,14,12,群益金鼎-東大,2024-08-07,9135
00857B,永豐20年美公債,12,0,12,群益金鼎-東大,2024-08-07,9135
6213,聯茂,22,11,11,群益金鼎-東大,2024-08-07,9135
0056,元大高股息,18,7,11,群益金鼎-東大,2024-08-07,9135
1734,杏輝,11,0,11,群益金鼎-東大,2024-08-07,9135
2886,兆豐金,13,2,11,群益金鼎-東大,2024-08-07,9135
1304,台聚,10,0,10,群益金鼎-東大,2024-08-07,9135
2543,皇昌,10,0,10,群益金鼎-東大,2024-08-07,9135
00679B,元大美債20年,386,10,376,群益金鼎-東大,2024-08-08,9135
00929,復華台灣科技優息,179,11,168,群益金鼎-東大,2024-08-08,9135
00948B,中信優息投資級債,158,0,158,群益金鼎-東大,2024-08-08,9135
2409,友達,101,4,97,群益金鼎-東大,2024-08-08,9135
2641,正德,73,0,73,群益金鼎-東大,2024-08-08,9135
00631L,元大台灣50正2,78,23,55,群益金鼎-東大,2024-08-08,9135
00680L,元大美債20正2,71,24,47,群益金鼎-東大,2024-08-08,9135
00878,國泰永續高股息,61,15,46,群益金鼎-東大,2024-08-08,9135
2834,臺企銀,45,0,45,群益金鼎-東大,2024-08-08,9135
2886,兆豐金,45,0,45,群益金鼎-東大,2024-08-08,9135
0056,元大高股息,44,2,42,群益金鼎-東大,2024-08-08,9135
2312,金寶,84,44,40,群益金鼎-東大,2024-08-08,9135
00687B,國泰20年美債,56,21,35,群益金鼎-東大,2024-08-08,9135
5490,同亨,34,0,34,群益金鼎-東大,2024-08-08,9135
2609,陽明,158,124,34,群益金鼎-東大,2024-08-08,9135
3665,貿聯-KY,37,5,32,群益金鼎-東大,2024-08-08,9135
8070,長華*,44,13,31,群益金鼎-東大,2024-08-08,9135
4532,瑞智,29,1,28,群益金鼎-東大,2024-08-08,9135
00688L,國泰20年美債正2,28,0,28,群益金鼎-東大,2024-08-08,9135
00940,元大台灣價值高息,27,4,23,群益金鼎-東大,2024-08-08,9135
00933B,國泰10Y+金融債,22,0,22,群益金鼎-東大,2024-08-08,9135
6213,聯茂,29,7,22,群益金鼎-東大,2024-08-08,9135
2344,華邦電,23,2,21,群益金鼎-東大,2024-08-08,9135
00946,群益科技高息成長,21,0,21,群益金鼎-東大,2024-08-08,9135
00923,群益台ESG低碳50,21,0,21,群益金鼎-東大,2024-08-08,9135
00858,永豐美國500大,20,0,20,群益金鼎-東大,2024-08-08,9135
2317,鴻海,119,100,19,群益金鼎-東大,2024-08-08,9135
2353,宏��,18,0,18,群益金鼎-東大,2024-08-08,9135
3535,晶彩科,28,10,18,群益金鼎-東大,2024-08-08,9135
00936,台新永續高息中小,18,0,18,群益金鼎-東大,2024-08-08,9135
00941,中信上游半導體,17,0,17,群益金鼎-東大,2024-08-08,9135
00931B,統一美債20年,17,0,17,群益金鼎-東大,2024-08-08,9135
00919,群益台灣精選高息,46,30,16,群益金鼎-東大,2024-08-08,9135
2349,錸德,36,20,16,群益金鼎-東大,2024-08-08,9135
4919,新唐,16,0,16,群益金鼎-東大,2024-08-08,9135
2618,長榮航,15,0,15,群益金鼎-東大,2024-08-08,9135
2382,廣達,29,15,14,群益金鼎-東大,2024-08-08,9135
9105,泰金寶-DR,14,0,14,群益金鼎-東大,2024-08-08,9135
3189,景碩,13,0,13,群益金鼎-東大,2024-08-08,9135
00692,富邦公司治理,13,1,12,群益金鼎-東大,2024-08-08,9135
3686,達能,12,0,12,群益金鼎-東大,2024-08-08,9135
2330,台積電,17,5,12,群益金鼎-東大,2024-08-08,9135
0050,元大台灣50,16,5,11,群益金鼎-東大,2024-08-08,9135
00881,國泰台灣5G+,12,2,10,群益金鼎-東大,2024-08-08,9135
3481,群創,12,2,10,群益金鼎-東大,2024-08-08,9135
4167,松瑞藥,10,0,10,群益金鼎-東大,2024-08-08,9135
2342,茂矽,10,0,10,群益金鼎-東大,2024-08-08,9135
1438,三地開發,10,0,10,群益金鼎-東大,2024-08-08,9135
2537,聯上發,11,1,10,群益金鼎-東大,2024-08-08,9135
3093,港建*,10,0,10,群益金鼎-東大,2024-08-08,9135
00687B,國泰20年美債,352,32,320,群益金鼎-東大,2024-08-09,9135
2515,中工,317,16,301,群益金鼎-東大,2024-08-09,9135
00632R,元大台灣50反1,240,9,231,群益金鼎-東大,2024-08-09,9135
00679B,元大美債20年,336,148,188,群益金鼎-東大,2024-08-09,9135
00680L,元大美債20正2,117,8,109,群益金鼎-東大,2024-08-09,9135
00948B,中信優息投資級債,86,0,86,群益金鼎-東大,2024-08-09,9135
2537,聯上發,60,0,60,群益金鼎-東大,2024-08-09,9135
00795B,中信美國公債20年,59,0,59,群益金鼎-東大,2024-08-09,9135
3147,大綜,60,11,49,群益金鼎-東大,2024-08-09,9135
4804,大略-KY,42,0,42,群益金鼎-東大,2024-08-09,9135
6284,佳邦,40,1,39,群益金鼎-東大,2024-08-09,9135
4903,聯光通,33,1,32,群益金鼎-東大,2024-08-09,9135
2449,京元電子,34,2,32,群益金鼎-東大,2024-08-09,9135
5469,瀚宇博,31,0,31,群益金鼎-東大,2024-08-09,9135
00720B,元大投資級公司債,32,1,31,群益金鼎-東大,2024-08-09,9135
00878,國泰永續高股息,44,14,30,群益金鼎-東大,2024-08-09,9135
00915,凱基優選高股息30,30,0,30,群益金鼎-東大,2024-08-09,9135
3312,弘憶股,34,4,30,群益金鼎-東大,2024-08-09,9135
00933B,國泰10Y+金融債,28,1,27,群益金鼎-東大,2024-08-09,9135
6116,彩晶,30,4,26,群益金鼎-東大,2024-08-09,9135
00706L,期元大S＆P日圓正2,37,12,25,群益金鼎-東大,2024-08-09,9135
2609,陽明,114,90,24,群益金鼎-東大,2024-08-09,9135
00631L,元大台灣50正2,25,2,23,群益金鼎-東大,2024-08-09,9135
00919,群益台灣精選高息,39,16,23,群益金鼎-東大,2024-08-09,9135
3010,華立,21,2,19,群益金鼎-東大,2024-08-09,9135
00900,富邦特選高股息30,18,0,18,群益金鼎-東大,2024-08-09,9135
2324,仁寶,22,4,18,群益金鼎-東大,2024-08-09,9135
00688L,國泰20年美債正2,49,32,17,群益金鼎-東大,2024-08-09,9135
1463,強盛新,29,12,17,群益金鼎-東大,2024-08-09,9135
00696B,富邦美債20年,16,0,16,群益金鼎-東大,2024-08-09,9135
3580,友威科,32,16,16,群益金鼎-東大,2024-08-09,9135
1522,堤維西,21,6,15,群益金鼎-東大,2024-08-09,9135
6199,天品,15,0,15,群益金鼎-東大,2024-08-09,9135
2349,錸德,23,9,14,群益金鼎-東大,2024-08-09,9135
3715,定穎投控,40,27,13,群益金鼎-東大,2024-08-09,9135
2367,燿華,20,7,13,群益金鼎-東大,2024-08-09,9135
3019,亞光,68,55,13,群益金鼎-東大,2024-08-09,9135
2342,茂矽,12,0,12,群益金鼎-東大,2024-08-09,9135
2313,華通,24,13,11,群益金鼎-東大,2024-08-09,9135
8390,金益鼎,11,0,11,群益金鼎-東大,2024-08-09,9135
00931B,統一美債20年,33,22,11,群益金鼎-東大,2024-08-09,9135
3522,御嵿,29,19,10,群益金鼎-東大,2024-08-09,9135
00664R,國泰臺灣加權反1,10,0,10,群益金鼎-東大,2024-08-09,9135
2527,宏璟,10,0,10,群益金鼎-東大,2024-08-09,9135
6177,達麗,10,0,10,群益金鼎-東大,2024-08-09,9135
2497,怡利電,10,0,10,群益金鼎-東大,2024-08-09,9135
9945,潤泰新,16,6,10,群益金鼎-東大,2024-08-09,9135
00945B,凱基美國非投等債,10,0,10,群益金鼎-東大,2024-08-09,9135
2417,圓剛,10,0,10,群益金鼎-東大,2024-08-09,9135
4174,浩鼎,21,12,9,群益金鼎-東大,2024-08-09,9135
00680L,元大美債20正2,581,76,505,群益金鼎-東大,2024-08-12,9135
00687B,國泰20年美債,253,13,240,群益金鼎-東大,2024-08-12,9135
2312,金寶,122,48,74,群益金鼎-東大,2024-08-12,9135
1314,中石化,63,4,59,群益金鼎-東大,2024-08-12,9135
00878,國泰永續高股息,74,16,58,群益金鼎-東大,2024-08-12,9135
00795B,中信美國公債20年,53,2,51,群益金鼎-東大,2024-08-12,9135
00940,元大台灣價值高息,66,25,41,群益金鼎-東大,2024-08-12,9135
00713,元大台灣高息低波,52,12,40,群益金鼎-東大,2024-08-12,9135
4562,穎漢,64,27,37,群益金鼎-東大,2024-08-12,9135
1527,鑽全,36,2,34,群益金鼎-東大,2024-08-12,9135
2062,橋椿,46,12,34,群益金鼎-東大,2024-08-12,9135
5309,系統電,55,22,33,群益金鼎-東大,2024-08-12,9135
8054,安國,34,7,27,群益金鼎-東大,2024-08-12,9135
6664,群翊,26,0,26,群益金鼎-東大,2024-08-12,9135
2867,三商壽,50,25,25,群益金鼎-東大,2024-08-12,9135
2506,太設,43,20,23,群益金鼎-東大,2024-08-12,9135
6757,台灣虎航,21,0,21,群益金鼎-東大,2024-08-12,9135
2542,興富發,20,0,20,群益金鼎-東大,2024-08-12,9135
00902,中信電池及儲能,20,0,20,群益金鼎-東大,2024-08-12,9135
3047,訊舟,38,18,20,群益金鼎-東大,2024-08-12,9135
4563,百德,28,9,19,群益金鼎-東大,2024-08-12,9135
6239,力成,17,0,17,群益金鼎-東大,2024-08-12,9135
2881A,富邦特,16,0,16,群益金鼎-東大,2024-08-12,9135
3227,原相,21,6,15,群益金鼎-東大,2024-08-12,9135
00688L,國泰20年美債正2,22,7,15,群益金鼎-東大,2024-08-12,9135
00923,群益台ESG低碳50,30,15,15,群益金鼎-東大,2024-08-12,9135
3024,憶聲,21,6,15,群益金鼎-東大,2024-08-12,9135
00637L,元大滬深300正2,15,0,15,群益金鼎-東大,2024-08-12,9135
8931,大汽電,15,0,15,群益金鼎-東大,2024-08-12,9135
2382,廣達,30,15,15,群益金鼎-東大,2024-08-12,9135
4973,廣穎,14,0,14,群益金鼎-東大,2024-08-12,9135
2485,兆赫,14,0,14,群益金鼎-東大,2024-08-12,9135
2365,昆盈,43,30,13,群益金鼎-東大,2024-08-12,9135
2486,一詮,28,15,13,群益金鼎-東大,2024-08-12,9135
3518,柏騰,13,1,12,群益金鼎-東大,2024-08-12,9135
2610,華航,22,10,12,群益金鼎-東大,2024-08-12,9135
6284,佳邦,11,0,11,群益金鼎-東大,2024-08-12,9135
2324,仁寶,16,5,11,群益金鼎-東大,2024-08-12,9135
1598,岱宇,10,0,10,群益金鼎-東大,2024-08-12,9135
1463,強盛新,10,0,10,群益金鼎-東大,2024-08-12,9135
6133,金橋,10,0,10,群益金鼎-東大,2024-08-12,9135
6770,力積電,10,0,10,群益金鼎-東大,2024-08-12,9135
8016,矽創,10,0,10,群益金鼎-東大,2024-08-12,9135
2495,普安,9,0,9,群益金鼎-東大,2024-08-12,9135
2891,中信金,18,9,9,群益金鼎-東大,2024-08-12,9135
3363,上詮,9,1,8,群益金鼎-東大,2024-08-12,9135
0056,元大高股息,8,0,8,群益金鼎-東大,2024-08-12,9135
2762,世界健身-KY,9,1,8,群益金鼎-東大,2024-08-12,9135
3019,亞光,44,36,8,群益金鼎-東大,2024-08-12,9135
00931B,統一美債20年,10,3,7,群益金鼎-東大,2024-08-12,9135
00929,復華台灣科技優息,166,23,143,群益金鼎-東大,2024-08-13,9135
6838,台新藥,139,0,139,群益金鼎-東大,2024-08-13,9135
00795B,中信美國公債20年,129,3,126,群益金鼎-東大,2024-08-13,9135
00679B,元大美債20年,93,0,93,群益金鼎-東大,2024-08-13,9135
2867,三商壽,86,0,86,群益金鼎-東大,2024-08-13,9135
00673R,期元大S＆P原油反1,75,0,75,群益金鼎-東大,2024-08-13,9135
5309,系統電,65,7,58,群益金鼎-東大,2024-08-13,9135
00632R,元大台灣50反1,55,0,55,群益金鼎-東大,2024-08-13,9135
2506,太設,52,0,52,群益金鼎-東大,2024-08-13,9135
2069,運錩,51,0,51,群益金鼎-東大,2024-08-13,9135
2880,華南金,53,4,49,群益金鼎-東大,2024-08-13,9135
2615,萬海,49,5,44,群益金鼎-東大,2024-08-13,9135
00680L,元大美債20正2,113,70,43,群益金鼎-東大,2024-08-13,9135
2317,鴻海,98,60,38,群益金鼎-東大,2024-08-13,9135
00948B,中信優息投資級債,38,0,38,群益金鼎-東大,2024-08-13,9135
2641,正德,34,0,34,群益金鼎-東大,2024-08-13,9135
00761B,國泰A級公司債,27,0,27,群益金鼎-東大,2024-08-13,9135
00688L,國泰20年美債正2,28,2,26,群益金鼎-東大,2024-08-13,9135
00687B,國泰20年美債,25,0,25,群益金鼎-東大,2024-08-13,9135
2383,台光電,26,2,24,群益金鼎-東大,2024-08-13,9135
4919,新唐,66,42,24,群益金鼎-東大,2024-08-13,9135
3481,群創,21,0,21,群益金鼎-東大,2024-08-13,9135
5347,世界,21,0,21,群益金鼎-東大,2024-08-13,9135
3147,大綜,20,0,20,群益金鼎-東大,2024-08-13,9135
00881,國泰台灣5G+,35,16,19,群益金鼎-東大,2024-08-13,9135
2838A,聯邦銀甲特,19,0,19,群益金鼎-東大,2024-08-13,9135
3013,晟銘電,56,39,17,群益金鼎-東大,2024-08-13,9135
2312,金寶,40,23,17,群益金鼎-東大,2024-08-13,9135
2208,台船,29,13,16,群益金鼎-東大,2024-08-13,9135
2881A,富邦特,16,0,16,群益金鼎-東大,2024-08-13,9135
5469,瀚宇博,16,0,16,群益金鼎-東大,2024-08-13,9135
00940,元大台灣價值高息,21,6,15,群益金鼎-東大,2024-08-13,9135
3663,鑫科,58,44,14,群益金鼎-東大,2024-08-13,9135
2888,新光金,20,7,13,群益金鼎-東大,2024-08-13,9135
6226,光鼎,13,0,13,群益金鼎-東大,2024-08-13,9135
00878,國泰永續高股息,54,41,13,群益金鼎-東大,2024-08-13,9135
2109,華豐,12,0,12,群益金鼎-東大,2024-08-13,9135
1513,中興電,15,5,10,群益金鼎-東大,2024-08-13,9135
00915,凱基優選高股息30,30,20,10,群益金鼎-東大,2024-08-13,9135
00944,野村趨勢動能高息,10,0,10,群益金鼎-東大,2024-08-13,9135
4167,松瑞藥,10,0,10,群益金鼎-東大,2024-08-13,9135
4532,瑞智,10,0,10,群益金鼎-東大,2024-08-13,9135
5880,合庫金,10,0,10,群益金鼎-東大,2024-08-13,9135
3024,憶聲,10,0,10,群益金鼎-東大,2024-08-13,9135
3715,定穎投控,10,0,10,群益金鼎-東大,2024-08-13,9135
1301,台塑,9,0,9,群益金鼎-東大,2024-08-13,9135
2359,所羅門,19,10,9,群益金鼎-東大,2024-08-13,9135
4979,華星光,12,3,9,群益金鼎-東大,2024-08-13,9135
00946,群益科技高息成長,10,1,9,群益金鼎-東大,2024-08-13,9135
4540,全球傳動,15,6,9,群益金鼎-東大,2024-08-13,9135
00795B,中信美國公債20年,148,1,147,群益金鼎-東大,2024-08-14,9135
00948B,中信優息投資級債,114,0,114,群益金鼎-東大,2024-08-14,9135
00878,國泰永續高股息,110,20,90,群益金鼎-東大,2024-08-14,9135
00673R,期元大S＆P原油反1,80,0,80,群益金鼎-東大,2024-08-14,9135
3147,大綜,65,0,65,群益金鼎-東大,2024-08-14,9135
00712,復華富時不動產,62,0,62,群益金鼎-東大,2024-08-14,9135
00680L,元大美債20正2,93,33,60,群益金鼎-東大,2024-08-14,9135
00679B,元大美債20年,171,124,47,群益金鼎-東大,2024-08-14,9135
00936,台新永續高息中小,37,0,37,群益金鼎-東大,2024-08-14,9135
8150,南茂,34,0,34,群益金鼎-東大,2024-08-14,9135
6838,台新藥,34,0,34,群益金鼎-東大,2024-08-14,9135
00945B,凱基美國非投等債,30,0,30,群益金鼎-東大,2024-08-14,9135
00696B,富邦美債20年,30,0,30,群益金鼎-東大,2024-08-14,9135
2641,正德,29,0,29,群益金鼎-東大,2024-08-14,9135
2388,威盛,46,17,29,群益金鼎-東大,2024-08-14,9135
8071,能率網通,38,12,26,群益金鼎-東大,2024-08-14,9135
1101,台泥,25,0,25,群益金鼎-東大,2024-08-14,9135
1540,喬福,27,2,25,群益金鼎-東大,2024-08-14,9135
4510,高鋒,25,0,25,群益金鼎-東大,2024-08-14,9135
00632R,元大台灣50反1,30,6,24,群益金鼎-東大,2024-08-14,9135
3580,友威科,43,19,24,群益金鼎-東大,2024-08-14,9135
4534,慶騰,24,0,24,群益金鼎-東大,2024-08-14,9135
00946,群益科技高息成長,20,0,20,群益金鼎-東大,2024-08-14,9135
00951,台新日本半導體,20,0,20,群益金鼎-東大,2024-08-14,9135
6257,矽格,20,0,20,群益金鼎-東大,2024-08-14,9135
3303,岱稜,37,18,19,群益金鼎-東大,2024-08-14,9135
2867,三商壽,27,8,19,群益金鼎-東大,2024-08-14,9135
1536,和大,28,9,19,群益金鼎-東大,2024-08-14,9135
00933B,國泰10Y+金融債,18,0,18,群益金鼎-東大,2024-08-14,9135
3202,樺晟,17,0,17,群益金鼎-東大,2024-08-14,9135
4563,百德,16,1,15,群益金鼎-東大,2024-08-14,9135
00664R,國泰臺灣加權反1,15,0,15,群益金鼎-東大,2024-08-14,9135
1785,光洋科,35,20,15,群益金鼎-東大,2024-08-14,9135
8096,擎亞,47,33,14,群益金鼎-東大,2024-08-14,9135
2449,京元電子,107,94,13,群益金鼎-東大,2024-08-14,9135
00715L,期街口布蘭特正2,13,0,13,群益金鼎-東大,2024-08-14,9135
00687B,國泰20年美債,53,40,13,群益金鼎-東大,2024-08-14,9135
4562,穎漢,102,90,12,群益金鼎-東大,2024-08-14,9135
00688L,國泰20年美債正2,16,4,12,群益金鼎-東大,2024-08-14,9135
1609,大亞,45,33,12,群益金鼎-東大,2024-08-14,9135
2485,兆赫,11,0,11,群益金鼎-東大,2024-08-14,9135
6541,泰福-KY,11,0,11,群益金鼎-東大,2024-08-14,9135
4123,晟德,10,0,10,群益金鼎-東大,2024-08-14,9135
1307,三芳,10,0,10,群益金鼎-東大,2024-08-14,9135
2527,宏璟,10,0,10,群益金鼎-東大,2024-08-14,9135
5234,達興材料,10,0,10,群益金鼎-東大,2024-08-14,9135
6165,浪凡,10,0,10,群益金鼎-東大,2024-08-14,9135
3019,亞光,90,80,10,群益金鼎-東大,2024-08-14,9135
2897,王道銀行,10,1,9,群益金鼎-東大,2024-08-14,9135
2883,凱基金,20,11,9,群益金鼎-東大,2024-08-14,9135
00679B,元大美債20年,306,99,207,群益金鼎-東大,2024-08-15,9135
00795B,中信美國公債20年,202,11,191,群益金鼎-東大,2024-08-15,9135
3715,定穎投控,137,9,128,群益金鼎-東大,2024-08-15,9135
00900,富邦特選高股息30,87,1,86,群益金鼎-東大,2024-08-15,9135
00948B,中信優息投資級債,189,110,79,群益金鼎-東大,2024-08-15,9135
2388,威盛,75,3,72,群益金鼎-東大,2024-08-15,9135
00878,國泰永續高股息,106,37,69,群益金鼎-東大,2024-08-15,9135
00687B,國泰20年美債,97,32,65,群益金鼎-東大,2024-08-15,9135
8150,南茂,34,0,34,群益金鼎-東大,2024-08-15,9135
2002,中鋼,32,0,32,群益金鼎-東大,2024-08-15,9135
00696B,富邦美債20年,30,0,30,群益金鼎-東大,2024-08-15,9135
1325,恆大,28,0,28,群益金鼎-東大,2024-08-15,9135
1737,臺鹽,24,0,24,群益金鼎-東大,2024-08-15,9135
00740B,富邦全球投等債,23,0,23,群益金鼎-東大,2024-08-15,9135
2890,永豐金,22,0,22,群益金鼎-東大,2024-08-15,9135
5309,系統電,19,1,18,群益金鼎-東大,2024-08-15,9135
1314,中石化,27,9,18,群益金鼎-東大,2024-08-15,9135
1101,台泥,22,5,17,群益金鼎-東大,2024-08-15,9135
2312,金寶,33,16,17,群益金鼎-東大,2024-08-15,9135
00936,台新永續高息中小,16,0,16,群益金鼎-東大,2024-08-15,9135
3501,維熹,16,0,16,群益金鼎-東大,2024-08-15,9135
2739,寒舍,16,0,16,群益金鼎-東大,2024-08-15,9135
00881,國泰台灣5G+,15,1,14,群益金鼎-東大,2024-08-15,9135
6142,友勁,14,0,14,群益金鼎-東大,2024-08-15,9135
1441,大東,14,0,14,群益金鼎-東大,2024-08-15,9135
4566,時碩工業,42,28,14,群益金鼎-東大,2024-08-15,9135
8374,羅昇,27,14,13,群益金鼎-東大,2024-08-15,9135
3013,晟銘電,87,74,13,群益金鼎-東大,2024-08-15,9135
2069,運錩,13,0,13,群益金鼎-東大,2024-08-15,9135
2352,佳世達,16,3,13,群益金鼎-東大,2024-08-15,9135
2489,瑞軒,25,13,12,群益金鼎-東大,2024-08-15,9135
3086,華義,12,0,12,群益金鼎-東大,2024-08-15,9135
6706,惠特,67,56,11,群益金鼎-東大,2024-08-15,9135
3003,健和興,11,0,11,群益金鼎-東大,2024-08-15,9135
8054,安國,13,2,11,群益金鼎-東大,2024-08-15,9135
2363,矽統,11,0,11,群益金鼎-東大,2024-08-15,9135
3163,波若威,11,0,11,群益金鼎-東大,2024-08-15,9135
9950,萬國通,11,0,11,群益金鼎-東大,2024-08-15,9135
00940,元大台灣價值高息,26,16,10,群益金鼎-東大,2024-08-15,9135
00885,富邦越南,10,0,10,群益金鼎-東大,2024-08-15,9135
00945B,凱基美國非投等債,10,0,10,群益金鼎-東大,2024-08-15,9135
00731,復華富時高息低波,10,0,10,群益金鼎-東大,2024-08-15,9135
4530,宏易,10,0,10,群益金鼎-東大,2024-08-15,9135
2614,東森,10,0,10,群益金鼎-東大,2024-08-15,9135
3047,訊舟,28,19,9,群益金鼎-東大,2024-08-15,9135
6461,益得,9,0,9,群益金鼎-東大,2024-08-15,9135
2886,兆豐金,9,0,9,群益金鼎-東大,2024-08-15,9135
2888,新光金,10,1,9,群益金鼎-東大,2024-08-15,9135
5488,松普,8,0,8,群益金鼎-東大,2024-08-15,9135
00676R,富邦臺灣加權反1,8,0,8,群益金鼎-東大,2024-08-15,9135
00937B,群益ESG投等債20,671,24,647,群益金鼎-東大,2024-08-16,9135
00680L,元大美債20正2,332,31,301,群益金鼎-東大,2024-08-16,9135
00632R,元大台灣50反1,234,7,227,群益金鼎-東大,2024-08-16,9135
00948B,中信優息投資級債,175,17,158,群益金鼎-東大,2024-08-16,9135
00687B,國泰20年美債,158,12,146,群益金鼎-東大,2024-08-16,9135
4906,正文,125,5,120,群益金鼎-東大,2024-08-16,9135
6216,居易,100,0,100,群益金鼎-東大,2024-08-16,9135
00673R,期元大S＆P原油反1,75,0,75,群益金鼎-東大,2024-08-16,9135
2405,輔信,74,0,74,群益金鼎-東大,2024-08-16,9135
3037,欣興,66,5,61,群益金鼎-東大,2024-08-16,9135
00688L,國泰20年美債正2,56,4,52,群益金鼎-東大,2024-08-16,9135
8096,擎亞,106,57,49,群益金鼎-東大,2024-08-16,9135
2301,光寶科,55,9,46,群益金鼎-東大,2024-08-16,9135
1785,光洋科,71,38,33,群益金鼎-東大,2024-08-16,9135
8150,南茂,33,2,31,群益金鼎-東大,2024-08-16,9135
2489,瑞軒,60,30,30,群益金鼎-東大,2024-08-16,9135
9935,慶豐富,43,15,28,群益金鼎-東大,2024-08-16,9135
2352,佳世達,29,1,28,群益金鼎-東大,2024-08-16,9135
00795B,中信美國公債20年,25,0,25,群益金鼎-東大,2024-08-16,9135
2069,運錩,25,0,25,群益金鼎-東大,2024-08-16,9135
3501,維熹,24,1,23,群益金鼎-東大,2024-08-16,9135
4931,新盛力,23,0,23,群益金鼎-東大,2024-08-16,9135
4102,永日,21,0,21,群益金鼎-東大,2024-08-16,9135
00945B,凱基美國非投等債,20,0,20,群益金鼎-東大,2024-08-16,9135
00696B,富邦美債20年,20,0,20,群益金鼎-東大,2024-08-16,9135
6609,瀧澤科,17,0,17,群益金鼎-東大,2024-08-16,9135
1213,大飲,16,0,16,群益金鼎-東大,2024-08-16,9135
1597,直得,16,0,16,群益金鼎-東大,2024-08-16,9135
2867,三商壽,46,30,16,群益金鼎-東大,2024-08-16,9135
3062,建漢,32,16,16,群益金鼎-東大,2024-08-16,9135
1416,廣豐,21,5,16,群益金鼎-東大,2024-08-16,9135
1736,喬山,16,1,15,群益金鼎-東大,2024-08-16,9135
00891,中信關鍵半導體,14,0,14,群益金鼎-東大,2024-08-16,9135
6215,和椿,17,3,14,群益金鼎-東大,2024-08-16,9135
8374,羅昇,76,62,14,群益金鼎-東大,2024-08-16,9135
2324,仁寶,15,2,13,群益金鼎-東大,2024-08-16,9135
3663,鑫科,36,23,13,群益金鼎-東大,2024-08-16,9135
2062,橋椿,38,25,13,群益金鼎-東大,2024-08-16,9135
2312,金寶,168,155,13,群益金鼎-東大,2024-08-16,9135
00712,復華富時不動產,33,22,11,群益金鼎-東大,2024-08-16,9135
8249,菱光,11,0,11,群益金鼎-東大,2024-08-16,9135
2516,新建,10,0,10,群益金鼎-東大,2024-08-16,9135
2845,遠東銀,10,0,10,群益金鼎-東大,2024-08-16,9135
00923,群益台ESG低碳50,10,0,10,群益金鼎-東大,2024-08-16,9135
00641R,富邦日本反1,10,0,10,群益金鼎-東大,2024-08-16,9135
00902,中信電池及儲能,10,0,10,群益金鼎-東大,2024-08-16,9135
3498,陽程,12,3,9,群益金鼎-東大,2024-08-16,9135
2356,英業達,9,0,9,群益金鼎-東大,2024-08-16,9135
3056,富華新,20,11,9,群益金鼎-東大,2024-08-16,9135
3029,零壹,10,1,9,群益金鼎-東大,2024-08-16,9135
00680L,元大美債20正2,463,15,448,群益金鼎-東大,2024-08-19,9135
00687B,國泰20年美債,288,0,288,群益金鼎-東大,2024-08-19,9135
1584,精剛,277,8,269,群益金鼎-東大,2024-08-19,9135
00937B,群益ESG投等債20,226,13,213,群益金鼎-東大,2024-08-19,9135
2888,新光金,232,33,199,群益金鼎-東大,2024-08-19,9135
00929,復華台灣科技優息,130,59,71,群益金鼎-東大,2024-08-19,9135
00948B,中信優息投資級債,70,0,70,群益金鼎-東大,2024-08-19,9135
5014,建錩,44,1,43,群益金鼎-東大,2024-08-19,9135
6188,廣明,93,50,43,群益金鼎-東大,2024-08-19,9135
00751B,元大AAA至A公司債,43,1,42,群益金鼎-東大,2024-08-19,9135
5309,系統電,51,10,41,群益金鼎-東大,2024-08-19,9135
00664R,國泰臺灣加權反1,30,0,30,群益金鼎-東大,2024-08-19,9135
2464,盟立,40,10,30,群益金鼎-東大,2024-08-19,9135
00631L,元大台灣50正2,29,0,29,群益金鼎-東大,2024-08-19,9135
00945B,凱基美國非投等債,31,5,26,群益金鼎-東大,2024-08-19,9135
2002,中鋼,26,0,26,群益金鼎-東大,2024-08-19,9135
3047,訊舟,61,36,25,群益金鼎-東大,2024-08-19,9135
3147,大綜,25,0,25,群益金鼎-東大,2024-08-19,9135
2359,所羅門,82,60,22,群益金鼎-東大,2024-08-19,9135
00688L,國泰20年美債正2,21,0,21,群益金鼎-東大,2024-08-19,9135
5905,南仁湖,53,33,20,群益金鼎-東大,2024-08-19,9135
8096,擎亞,53,35,18,群益金鼎-東大,2024-08-19,9135
3062,建漢,32,14,18,群益金鼎-東大,2024-08-19,9135
00795B,中信美國公債20年,17,0,17,群益金鼎-東大,2024-08-19,9135
00878,國泰永續高股息,17,2,15,群益金鼎-東大,2024-08-19,9135
00641R,富邦日本反1,15,0,15,群益金鼎-東大,2024-08-19,9135
2356,英業達,14,0,14,群益金鼎-東大,2024-08-19,9135
2354,鴻準,20,6,14,群益金鼎-東大,2024-08-19,9135
2537,聯上發,16,4,12,群益金鼎-東大,2024-08-19,9135
6140,訊達,12,0,12,群益金鼎-東大,2024-08-19,9135
2467,志聖,22,11,11,群益金鼎-東大,2024-08-19,9135
4526,東台,20,9,11,群益金鼎-東大,2024-08-19,9135
00715L,期街口布蘭特正2,11,0,11,群益金鼎-東大,2024-08-19,9135
2362,藍天,12,1,11,群益金鼎-東大,2024-08-19,9135
00923,群益台ESG低碳50,10,0,10,群益金鼎-東大,2024-08-19,9135
3010,華立,11,1,10,群益金鼎-東大,2024-08-19,9135
2482,連宇,10,0,10,群益金鼎-東大,2024-08-19,9135
2889,國票金,10,0,10,群益金鼎-東大,2024-08-19,9135
4513,福裕,21,11,10,群益金鼎-東大,2024-08-19,9135
2801,彰銀,10,0,10,群益金鼎-東大,2024-08-19,9135
6218,豪勉,10,0,10,群益金鼎-東大,2024-08-19,9135
00632R,元大台灣50反1,10,0,10,群益金鼎-東大,2024-08-19,9135
1447,力鵬,9,0,9,群益金鼎-東大,2024-08-19,9135
3303,岱稜,10,1,9,群益金鼎-東大,2024-08-19,9135
3712,永崴投控,9,0,9,群益金鼎-東大,2024-08-19,9135
6788,華景電,10,2,8,群益金鼎-東大,2024-08-19,9135
00675L,富邦臺灣加權正2,8,0,8,群益金鼎-東大,2024-08-19,9135
4908,前鼎,9,1,8,群益金鼎-東大,2024-08-19,9135
9902,台火,34,26,8,群益金鼎-東大,2024-08-19,9135
2243,宏旭-KY,10,2,8,群益金鼎-東大,2024-08-19,9135
00937B,群益ESG投等債20,687,37,650,群益金鼎-東大,2024-08-20,9135
00632R,元大台灣50反1,521,5,516,群益金鼎-東大,2024-08-20,9135
00687B,國泰20年美債,164,0,164,群益金鼎-東大,2024-08-20,9135
00929,復華台灣科技優息,116,1,115,群益金鼎-東大,2024-08-20,9135
2374,佳能,127,23,104,群益金鼎-東大,2024-08-20,9135
00715L,期街口布蘭特正2,109,5,104,群益金鼎-東大,2024-08-20,9135
2888,新光金,165,70,95,群益金鼎-東大,2024-08-20,9135
00679B,元大美債20年,90,2,88,群益金鼎-東大,2024-08-20,9135
0056,元大高股息,78,1,77,群益金鼎-東大,2024-08-20,9135
3231,緯創,58,12,46,群益金鼎-東大,2024-08-20,9135
00751B,元大AAA至A公司債,42,0,42,群益金鼎-東大,2024-08-20,9135
8028,昇陽半導體,83,43,40,群益金鼎-東大,2024-08-20,9135
1316,上曜,40,2,38,群益金鼎-東大,2024-08-20,9135
2356,英業達,60,28,32,群益金鼎-東大,2024-08-20,9135
2312,金寶,36,5,31,群益金鼎-東大,2024-08-20,9135
00664R,國泰臺灣加權反1,30,0,30,群益金鼎-東大,2024-08-20,9135
00795B,中信美國公債20年,31,4,27,群益金鼎-東大,2024-08-20,9135
00948B,中信優息投資級債,26,0,26,群益金鼎-東大,2024-08-20,9135
00700,富邦�琤肭磪�,25,0,25,群益金鼎-東大,2024-08-20,9135
3450,聯鈞,56,32,24,群益金鼎-東大,2024-08-20,9135
8064,東捷,40,18,22,群益金鼎-東大,2024-08-20,9135
00936,台新永續高息中小,20,0,20,群益金鼎-東大,2024-08-20,9135
00642U,期元大S＆P石油,20,0,20,群益金鼎-東大,2024-08-20,9135
6217,中探針,20,0,20,群益金鼎-東大,2024-08-20,9135
00696B,富邦美債20年,20,0,20,群益金鼎-東大,2024-08-20,9135
3006,晶豪科,20,1,19,群益金鼎-東大,2024-08-20,9135
4909,新復興,23,5,18,群益金鼎-東大,2024-08-20,9135
6546,正基,20,3,17,群益金鼎-東大,2024-08-20,9135
4562,穎漢,27,11,16,群益金鼎-東大,2024-08-20,9135
00688L,國泰20年美債正2,16,0,16,群益金鼎-東大,2024-08-20,9135
3535,晶彩科,34,19,15,群益金鼎-東大,2024-08-20,9135
4123,晟德,15,0,15,群益金鼎-東大,2024-08-20,9135
2882,國泰金,14,0,14,群益金鼎-東大,2024-08-20,9135
00915,凱基優選高股息30,14,1,13,群益金鼎-東大,2024-08-20,9135
5371,中光電,17,4,13,群益金鼎-東大,2024-08-20,9135
00923,群益台ESG低碳50,12,0,12,群益金鼎-東大,2024-08-20,9135
00637L,元大滬深300正2,312,300,12,群益金鼎-東大,2024-08-20,9135
2426,鼎元,12,0,12,群益金鼎-東大,2024-08-20,9135
9955,佳龍,12,1,11,群益金鼎-東大,2024-08-20,9135
1736,喬山,11,0,11,群益金鼎-東大,2024-08-20,9135
2317,鴻海,22,11,11,群益金鼎-東大,2024-08-20,9135
00905,FT臺灣Smart,11,0,11,群益金鼎-東大,2024-08-20,9135
00945B,凱基美國非投等債,10,0,10,群益金鼎-東大,2024-08-20,9135
2008,高興昌,10,0,10,群益金鼎-東大,2024-08-20,9135
2889,國票金,10,0,10,群益金鼎-東大,2024-08-20,9135
00641R,富邦日本反1,10,0,10,群益金鼎-東大,2024-08-20,9135
3122,笙泉,10,0,10,群益金鼎-東大,2024-08-20,9135
6285,啟��,10,0,10,群益金鼎-東大,2024-08-20,9135
00918,大華優利高填息30,10,1,9,群益金鼎-東大,2024-08-20,9135
4908,前鼎,15,6,9,群益金鼎-東大,2024-08-20,9135
00687B,國泰20年美債,229,26,203,群益金鼎-東大,2024-08-21,9135
00688L,國泰20年美債正2,180,17,163,群益金鼎-東大,2024-08-21,9135
00680L,元大美債20正2,159,25,134,群益金鼎-東大,2024-08-21,9135
2891,中信金,149,33,116,群益金鼎-東大,2024-08-21,9135
5309,系統電,171,70,101,群益金鼎-東大,2024-08-21,9135
2497,怡利電,58,1,57,群益金鼎-東大,2024-08-21,9135
4906,正文,156,104,52,群益金鼎-東大,2024-08-21,9135
00715L,期街口布蘭特正2,51,0,51,群益金鼎-東大,2024-08-21,9135
2485,兆赫,51,0,51,群益金鼎-東大,2024-08-21,9135
00632R,元大台灣50反1,52,4,48,群益金鼎-東大,2024-08-21,9135
4716,大立,74,39,35,群益金鼎-東大,2024-08-21,9135
2069,運錩,45,10,35,群益金鼎-東大,2024-08-21,9135
1503,士電,33,2,31,群益金鼎-東大,2024-08-21,9135
00940,元大台灣價值高息,35,6,29,群益金鼎-東大,2024-08-21,9135
3047,訊舟,196,168,28,群益金鼎-東大,2024-08-21,9135
00919,群益台灣精選高息,47,20,27,群益金鼎-東大,2024-08-21,9135
00929,復華台灣科技優息,78,51,27,群益金鼎-東大,2024-08-21,9135
6664,群翊,26,1,25,群益金鼎-東大,2024-08-21,9135
5905,南仁湖,57,34,23,群益金鼎-東大,2024-08-21,9135
1609,大亞,25,3,22,群益金鼎-東大,2024-08-21,9135
8150,南茂,21,0,21,群益金鼎-東大,2024-08-21,9135
8054,安國,31,10,21,群益金鼎-東大,2024-08-21,9135
00945B,凱基美國非投等債,21,0,21,群益金鼎-東大,2024-08-21,9135
2890,永豐金,21,1,20,群益金鼎-東大,2024-08-21,9135
2388,威盛,110,92,18,群益金鼎-東大,2024-08-21,9135
00923,群益台ESG低碳50,18,0,18,群益金鼎-東大,2024-08-21,9135
2417,圓剛,18,0,18,群益金鼎-東大,2024-08-21,9135
00946,群益科技高息成長,18,0,18,群益金鼎-東大,2024-08-21,9135
2365,昆盈,28,10,18,群益金鼎-東大,2024-08-21,9135
00713,元大台灣高息低波,18,0,18,群益金鼎-東大,2024-08-21,9135
00881,國泰台灣5G+,18,1,17,群益金鼎-東大,2024-08-21,9135
3006,晶豪科,16,0,16,群益金鼎-東大,2024-08-21,9135
2836,高雄銀,16,0,16,群益金鼎-東大,2024-08-21,9135
3580,友威科,64,48,16,群益金鼎-東大,2024-08-21,9135
2886,兆豐金,14,0,14,群益金鼎-東大,2024-08-21,9135
5386,青雲,37,23,14,群益金鼎-東大,2024-08-21,9135
8103,瀚荃,24,10,14,群益金鼎-東大,2024-08-21,9135
2364,倫飛,15,2,13,群益金鼎-東大,2024-08-21,9135
3663,鑫科,15,2,13,群益金鼎-東大,2024-08-21,9135
5347,世界,14,1,13,群益金鼎-東大,2024-08-21,9135
2929,淘帝-KY,13,0,13,群益金鼎-東大,2024-08-21,9135
2337,旺宏,13,1,12,群益金鼎-東大,2024-08-21,9135
00878,國泰永續高股息,11,1,10,群益金鼎-東大,2024-08-21,9135
2002,中鋼,30,20,10,群益金鼎-東大,2024-08-21,9135
00933B,國泰10Y+金融債,15,5,10,群益金鼎-東大,2024-08-21,9135
6136,富爾特,10,0,10,群益金鼎-東大,2024-08-21,9135
6156,松上,18,8,10,群益金鼎-東大,2024-08-21,9135
1905,華紙,10,0,10,群益金鼎-東大,2024-08-21,9135
8249,菱光,10,0,10,群益金鼎-東大,2024-08-21,9135
2412,中華電,10,0,10,群益金鼎-東大,2024-08-21,9135
5309,系統電,182,18,164,群益金鼎-東大,2024-08-22,9135
00680L,元大美債20正2,219,70,149,群益金鼎-東大,2024-08-22,9135
1710,東聯,102,4,98,群益金鼎-東大,2024-08-22,9135
3715,定穎投控,100,6,94,群益金鼎-東大,2024-08-22,9135
2388,威盛,81,3,78,群益金鼎-東大,2024-08-22,9135
00715L,期街口布蘭特正2,82,5,77,群益金鼎-東大,2024-08-22,9135
8150,南茂,53,0,53,群益金鼎-東大,2024-08-22,9135
1514,亞力,109,61,48,群益金鼎-東大,2024-08-22,9135
2891,中信金,51,6,45,群益金鼎-東大,2024-08-22,9135
2069,運錩,36,0,36,群益金鼎-東大,2024-08-22,9135
2317,鴻海,53,18,35,群益金鼎-東大,2024-08-22,9135
3032,偉訓,40,5,35,群益金鼎-東大,2024-08-22,9135
2609,陽明,39,8,31,群益金鼎-東大,2024-08-22,9135
00632R,元大台灣50反1,30,0,30,群益金鼎-東大,2024-08-22,9135
00679B,元大美債20年,28,0,28,群益金鼎-東大,2024-08-22,9135
2890,永豐金,25,0,25,群益金鼎-東大,2024-08-22,9135
00953B,群益優選非投等債,24,0,24,群益金鼎-東大,2024-08-22,9135
1708,東鹼,36,12,24,群益金鼎-東大,2024-08-22,9135
1727,中華化,30,7,23,群益金鼎-東大,2024-08-22,9135
8011,台通,21,0,21,群益金鼎-東大,2024-08-22,9135
5512,力麒,20,0,20,群益金鼎-東大,2024-08-22,9135
2002,中鋼,20,0,20,群益金鼎-東大,2024-08-22,9135
00948B,中信優息投資級債,17,0,17,群益金鼎-東大,2024-08-22,9135
00881,國泰台灣5G+,18,2,16,群益金鼎-東大,2024-08-22,9135
00688L,國泰20年美債正2,16,0,16,群益金鼎-東大,2024-08-22,9135
00713,元大台灣高息低波,19,4,15,群益金鼎-東大,2024-08-22,9135
1785,光洋科,41,26,15,群益金鼎-東大,2024-08-22,9135
2062,橋椿,25,11,14,群益金鼎-東大,2024-08-22,9135
6712,長聖,13,0,13,群益金鼎-東大,2024-08-22,9135
3518,柏騰,18,5,13,群益金鼎-東大,2024-08-22,9135
5347,世界,12,0,12,群益金鼎-東大,2024-08-22,9135
5469,瀚宇博,12,0,12,群益金鼎-東大,2024-08-22,9135
00730,富邦臺灣優質高息,11,0,11,群益金鼎-東大,2024-08-22,9135
2816,旺旺保,11,0,11,群益金鼎-東大,2024-08-22,9135
3230,錦明,11,0,11,群益金鼎-東大,2024-08-22,9135
00919,群益台灣精選高息,17,6,11,群益金鼎-東大,2024-08-22,9135
2485,兆赫,11,0,11,群益金鼎-東大,2024-08-22,9135
00918,大華優利高填息30,10,0,10,群益金鼎-東大,2024-08-22,9135
00675L,富邦臺灣加權正2,13,3,10,群益金鼎-東大,2024-08-22,9135
3576,聯合再生,10,0,10,群益金鼎-東大,2024-08-22,9135
3167,大量,11,1,10,群益金鼎-東大,2024-08-22,9135
3219,倚強科,10,0,10,群益金鼎-東大,2024-08-22,9135
2614,東森,10,0,10,群益金鼎-東大,2024-08-22,9135
3363,上詮,11,1,10,群益金鼎-東大,2024-08-22,9135
2303,聯電,11,1,10,群益金鼎-東大,2024-08-22,9135
00905,FT臺灣Smart,10,0,10,群益金鼎-東大,2024-08-22,9135
2349,錸德,214,205,9,群益金鼎-東大,2024-08-22,9135
00642U,期元大S＆P石油,9,0,9,群益金鼎-東大,2024-08-22,9135
4563,百德,9,0,9,群益金鼎-東大,2024-08-22,9135
6505,台塑化,9,0,9,群益金鼎-東大,2024-08-22,9135
00687B,國泰20年美債,407,10,397,群益金鼎-東大,2024-08-23,9135
00679B,元大美債20年,181,6,175,群益金鼎-東大,2024-08-23,9135
1314,中石化,90,6,84,群益金鼎-東大,2024-08-23,9135
5443,均豪,104,34,70,群益金鼎-東大,2024-08-23,9135
00680L,元大美債20正2,64,0,64,群益金鼎-東大,2024-08-23,9135
00676R,富邦臺灣加權反1,63,0,63,群益金鼎-東大,2024-08-23,9135
2442,新美齊,75,17,58,群益金鼎-東大,2024-08-23,9135
00948B,中信優息投資級債,58,0,58,群益金鼎-東大,2024-08-23,9135
8150,南茂,61,8,53,群益金鼎-東大,2024-08-23,9135
1727,中華化,77,32,45,群益金鼎-東大,2024-08-23,9135
2888A,新光金甲特,41,0,41,群益金鼎-東大,2024-08-23,9135
4716,大立,50,10,40,群益金鼎-東大,2024-08-23,9135
4729,熒茂,42,9,33,群益金鼎-東大,2024-08-23,9135
1514,亞力,36,3,33,群益金鼎-東大,2024-08-23,9135
4562,穎漢,55,23,32,群益金鼎-東大,2024-08-23,9135
00919,群益台灣精選高息,42,17,25,群益金鼎-東大,2024-08-23,9135
2867,三商壽,23,0,23,群益金鼎-東大,2024-08-23,9135
00934,中信成長高股息,21,0,21,群益金鼎-東大,2024-08-23,9135
2365,昆盈,31,11,20,群益金鼎-東大,2024-08-23,9135
1584,精剛,22,3,19,群益金鼎-東大,2024-08-23,9135
5490,同亨,19,0,19,群益金鼎-東大,2024-08-23,9135
00878,國泰永續高股息,30,12,18,群益金鼎-東大,2024-08-23,9135
6664,群翊,18,1,17,群益金鼎-東大,2024-08-23,9135
2851,中再保,18,2,16,群益金鼎-東大,2024-08-23,9135
2374,佳能,18,3,15,群益金鼎-東大,2024-08-23,9135
6197,佳必琪,15,1,14,群益金鼎-東大,2024-08-23,9135
00675L,富邦臺灣加權正2,15,1,14,群益金鼎-東大,2024-08-23,9135
2891,中信金,33,20,13,群益金鼎-東大,2024-08-23,9135
6117,迎廣,13,0,13,群益金鼎-東大,2024-08-23,9135
2524,京城,38,25,13,群益金鼎-東大,2024-08-23,9135
5452,佶優,14,1,13,群益金鼎-東大,2024-08-23,9135
3189,景碩,23,11,12,群益金鼎-東大,2024-08-23,9135
4174,浩鼎,16,4,12,群益金鼎-東大,2024-08-23,9135
2363,矽統,16,4,12,群益金鼎-東大,2024-08-23,9135
6415,矽力*-KY,27,15,12,群益金鼎-東大,2024-08-23,9135
3374,精材,34,23,11,群益金鼎-東大,2024-08-23,9135
00940,元大台灣價值高息,16,5,11,群益金鼎-東大,2024-08-23,9135
00795B,中信美國公債20年,15,4,11,群益金鼎-東大,2024-08-23,9135
2527,宏璟,11,0,11,群益金鼎-東大,2024-08-23,9135
8121,越峰,12,1,11,群益金鼎-東大,2024-08-23,9135
5386,青雲,13,2,11,群益金鼎-東大,2024-08-23,9135
8354,冠好,14,4,10,群益金鼎-東大,2024-08-23,9135
1326,台化,10,0,10,群益金鼎-東大,2024-08-23,9135
6224,聚鼎,11,1,10,群益金鼎-東大,2024-08-23,9135
3535,晶彩科,27,17,10,群益金鼎-東大,2024-08-23,9135
00752,中信中國50,10,0,10,群益金鼎-東大,2024-08-23,9135
4167,松瑞藥,10,0,10,群益金鼎-東大,2024-08-23,9135
00641R,富邦日本反1,10,0,10,群益金鼎-東大,2024-08-23,9135
8927,北基,10,0,10,群益金鼎-東大,2024-08-23,9135
9105,泰金寶-DR,10,0,10,群益金鼎-東大,2024-08-23,9135
00632R,元大台灣50反1,1547,3,1544,群益金鼎-東大,2024-08-26,9135
1409,新纖,202,2,200,群益金鼎-東大,2024-08-26,9135
00708L,期元大S＆P黃金正2,170,0,170,群益金鼎-東大,2024-08-26,9135
2888,新光金,884,727,157,群益金鼎-東大,2024-08-26,9135
5309,系統電,157,5,152,群益金鼎-東大,2024-08-26,9135
00671R,富邦NASDAQ反1,140,0,140,群益金鼎-東大,2024-08-26,9135
00948B,中信優息投資級債,130,0,130,群益金鼎-東大,2024-08-26,9135
2409,友達,126,7,119,群益金鼎-東大,2024-08-26,9135
00929,復華台灣科技優息,129,10,119,群益金鼎-東大,2024-08-26,9135
00680L,元大美債20正2,121,5,116,群益金鼎-東大,2024-08-26,9135
00940,元大台灣價值高息,124,53,71,群益金鼎-東大,2024-08-26,9135
2601,益航,71,2,69,群益金鼎-東大,2024-08-26,9135
2891,中信金,67,6,61,群益金鼎-東大,2024-08-26,9135
00937B,群益ESG投等債20,69,11,58,群益金鼎-東大,2024-08-26,9135
00915,凱基優選高股息30,40,0,40,群益金鼎-東大,2024-08-26,9135
00944,野村趨勢動能高息,40,0,40,群益金鼎-東大,2024-08-26,9135
3673,TPK-KY,38,1,37,群益金鼎-東大,2024-08-26,9135
2317,鴻海,45,9,36,群益金鼎-東大,2024-08-26,9135
00881,國泰台灣5G+,34,0,34,群益金鼎-東大,2024-08-26,9135
1711,永光,47,16,31,群益金鼎-東大,2024-08-26,9135
00713,元大台灣高息低波,27,0,27,群益金鼎-東大,2024-08-26,9135
00687B,國泰20年美債,27,3,24,群益金鼎-東大,2024-08-26,9135
2353,宏��,35,13,22,群益金鼎-東大,2024-08-26,9135
00953B,群益優選非投等債,25,3,22,群益金鼎-東大,2024-08-26,9135
00936,台新永續高息中小,20,0,20,群益金鼎-東大,2024-08-26,9135
00877,復華中國5G,19,0,19,群益金鼎-東大,2024-08-26,9135
00945B,凱基美國非投等債,22,5,17,群益金鼎-東大,2024-08-26,9135
3003,健和興,17,1,16,群益金鼎-東大,2024-08-26,9135
5469,瀚宇博,18,3,15,群益金鼎-東大,2024-08-26,9135
3006,晶豪科,14,0,14,群益金鼎-東大,2024-08-26,9135
2208,台船,16,3,13,群益金鼎-東大,2024-08-26,9135
2069,運錩,13,0,13,群益金鼎-東大,2024-08-26,9135
4729,熒茂,13,0,13,群益金鼎-東大,2024-08-26,9135
2344,華邦電,20,7,13,群益金鼎-東大,2024-08-26,9135
4927,泰鼎-KY,13,1,12,群益金鼎-東大,2024-08-26,9135
2417,圓剛,37,25,12,群益金鼎-東大,2024-08-26,9135
8028,昇陽半導體,56,44,12,群益金鼎-東大,2024-08-26,9135
3290,東浦,11,0,11,群益金鼎-東大,2024-08-26,9135
2401,凌陽,11,0,11,群益金鼎-東大,2024-08-26,9135
5465,富驊,11,0,11,群益金鼎-東大,2024-08-26,9135
3189,景碩,14,3,11,群益金鼎-東大,2024-08-26,9135
2374,佳能,11,0,11,群益金鼎-東大,2024-08-26,9135
2486,一詮,13,2,11,群益金鼎-東大,2024-08-26,9135
6462,神盾,17,7,10,群益金鼎-東大,2024-08-26,9135
00642U,期元大S＆P石油,9,0,9,群益金鼎-東大,2024-08-26,9135
2354,鴻準,12,3,9,群益金鼎-東大,2024-08-26,9135
4513,福裕,58,49,9,群益金鼎-東大,2024-08-26,9135
2312,金寶,22,13,9,群益金鼎-東大,2024-08-26,9135
1309,台達化,50,41,9,群益金鼎-東大,2024-08-26,9135
00751B,元大AAA至A公司債,10,1,9,群益金鼎-東大,2024-08-26,9135
00687B,國泰20年美債,372,2,370,群益金鼎-東大,2024-08-27,9135
00673R,期元大S＆P原油反1,365,0,365,群益金鼎-東大,2024-08-27,9135
00948B,中信優息投資級債,208,0,208,群益金鼎-東大,2024-08-27,9135
2882,國泰金,129,2,127,群益金鼎-東大,2024-08-27,9135
00725B,國泰投資級公司債,103,0,103,群益金鼎-東大,2024-08-27,9135
5309,系統電,107,6,101,群益金鼎-東大,2024-08-27,9135
2388,威盛,87,1,86,群益金鼎-東大,2024-08-27,9135
8150,南茂,68,0,68,群益金鼎-東大,2024-08-27,9135
00679B,元大美債20年,64,0,64,群益金鼎-東大,2024-08-27,9135
2634,漢翔,50,0,50,群益金鼎-東大,2024-08-27,9135
2515,中工,69,22,47,群益金鼎-東大,2024-08-27,9135
2303,聯電,40,1,39,群益金鼎-東大,2024-08-27,9135
2891,中信金,38,1,37,群益金鼎-東大,2024-08-27,9135
00919,群益台灣精選高息,36,0,36,群益金鼎-東大,2024-08-27,9135
3550,聯穎,34,0,34,群益金鼎-東大,2024-08-27,9135
00680L,元大美債20正2,35,2,33,群益金鼎-東大,2024-08-27,9135
2347,聯強,34,5,29,群益金鼎-東大,2024-08-27,9135
2401,凌陽,26,0,26,群益金鼎-東大,2024-08-27,9135
2444,兆勁,25,0,25,群益金鼎-東大,2024-08-27,9135
2897,王道銀行,40,17,23,群益金鼎-東大,2024-08-27,9135
00650L,復華香港正2,23,0,23,群益金鼎-東大,2024-08-27,9135
8064,東捷,49,26,23,群益金鼎-東大,2024-08-27,9135
00929,復華台灣科技優息,23,0,23,群益金鼎-東大,2024-08-27,9135
00878,國泰永續高股息,22,0,22,群益金鼎-東大,2024-08-27,9135
3231,緯創,76,55,21,群益金鼎-東大,2024-08-27,9135
2008,高興昌,22,1,21,群益金鼎-東大,2024-08-27,9135
2887,台新金,24,3,21,群益金鼎-東大,2024-08-27,9135
00944,野村趨勢動能高息,20,0,20,群益金鼎-東大,2024-08-27,9135
3605,宏致,21,1,20,群益金鼎-東大,2024-08-27,9135
3481,群創,36,16,20,群益金鼎-東大,2024-08-27,9135
00902,中信電池及儲能,19,0,19,群益金鼎-東大,2024-08-27,9135
00915,凱基優選高股息30,20,2,18,群益金鼎-東大,2024-08-27,9135
2610,華航,26,9,17,群益金鼎-東大,2024-08-27,9135
2762,世界健身-KY,16,0,16,群益金鼎-東大,2024-08-27,9135
8028,昇陽半導體,41,25,16,群益金鼎-東大,2024-08-27,9135
6830,汎銓,15,0,15,群益金鼎-東大,2024-08-27,9135
6415,矽力*-KY,17,2,15,群益金鼎-東大,2024-08-27,9135
00940,元大台灣價值高息,20,5,15,群益金鼎-東大,2024-08-27,9135
6643,M31,15,0,15,群益金鼎-東大,2024-08-27,9135
5452,佶優,16,2,14,群益金鼎-東大,2024-08-27,9135
8027,鈦昇,17,3,14,群益金鼎-東大,2024-08-27,9135
4909,新復興,13,1,12,群益金鼎-東大,2024-08-27,9135
2365,昆盈,30,19,11,群益金鼎-東大,2024-08-27,9135
00713,元大台灣高息低波,12,2,10,群益金鼎-東大,2024-08-27,9135
00631L,元大台灣50正2,10,0,10,群益金鼎-東大,2024-08-27,9135
8071,能率網通,13,3,10,群益金鼎-東大,2024-08-27,9135
6153,嘉聯益,10,0,10,群益金鼎-東大,2024-08-27,9135
2208,台船,13,3,10,群益金鼎-東大,2024-08-27,9135
2607,榮運,10,0,10,群益金鼎-東大,2024-08-27,9135
1309,台達化,10,0,10,群益金鼎-東大,2024-08-27,9135
00936,台新永續高息中小,120,0,120,群益金鼎-東大,2024-08-28,9135
3715,定穎投控,111,2,109,群益金鼎-東大,2024-08-28,9135
5309,系統電,106,0,106,群益金鼎-東大,2024-08-28,9135
2426,鼎元,68,13,55,群益金鼎-東大,2024-08-28,9135
4566,時碩工業,57,3,54,群益金鼎-東大,2024-08-28,9135
8150,南茂,53,0,53,群益金鼎-東大,2024-08-28,9135
00929,復華台灣科技優息,59,9,50,群益金鼎-東大,2024-08-28,9135
00680L,元大美債20正2,50,0,50,群益金鼎-東大,2024-08-28,9135
00631L,元大台灣50正2,47,0,47,群益金鼎-東大,2024-08-28,9135
2008,高興昌,50,3,47,群益金鼎-東大,2024-08-28,9135
8091,翔名,39,2,37,群益金鼎-東大,2024-08-28,9135
8011,台通,38,4,34,群益金鼎-東大,2024-08-28,9135
2312,金寶,40,10,30,群益金鼎-東大,2024-08-28,9135
9955,佳龍,25,0,25,群益金鼎-東大,2024-08-28,9135
3312,弘憶股,36,12,24,群益金鼎-東大,2024-08-28,9135
8103,瀚荃,30,6,24,群益金鼎-東大,2024-08-28,9135
2367,燿華,32,8,24,群益金鼎-東大,2024-08-28,9135
2891,中信金,25,2,23,群益金鼎-東大,2024-08-28,9135
2362,藍天,23,1,22,群益金鼎-東大,2024-08-28,9135
00881,國泰台灣5G+,25,3,22,群益金鼎-東大,2024-08-28,9135
2449,京元電子,27,5,22,群益金鼎-東大,2024-08-28,9135
1584,精剛,27,6,21,群益金鼎-東大,2024-08-28,9135
00919,群益台灣精選高息,21,1,20,群益金鼎-東大,2024-08-28,9135
3062,建漢,36,16,20,群益金鼎-東大,2024-08-28,9135
6156,松上,65,45,20,群益金鼎-東大,2024-08-28,9135
3714,富采,20,0,20,群益金鼎-東大,2024-08-28,9135
3167,大量,22,2,20,群益金鼎-東大,2024-08-28,9135
2002,中鋼,26,6,20,群益金鼎-東大,2024-08-28,9135
2601,益航,19,0,19,群益金鼎-東大,2024-08-28,9135
2515,中工,17,1,16,群益金鼎-東大,2024-08-28,9135
1711,永光,31,15,16,群益金鼎-東大,2024-08-28,9135
3522,御嵿,34,18,16,群益金鼎-東大,2024-08-28,9135
4707,磐亞,17,4,13,群益金鼎-東大,2024-08-28,9135
3550,聯穎,20,7,13,群益金鼎-東大,2024-08-28,9135
3498,陽程,19,6,13,群益金鼎-東大,2024-08-28,9135
2392,正崴,63,51,12,群益金鼎-東大,2024-08-28,9135
00795B,中信美國公債20年,12,0,12,群益金鼎-東大,2024-08-28,9135
2365,昆盈,17,5,12,群益金鼎-東大,2024-08-28,9135
2069,運錩,14,2,12,群益金鼎-東大,2024-08-28,9135
2845,遠東銀,11,0,11,群益金鼎-東大,2024-08-28,9135
00940,元大台灣價值高息,11,1,10,群益金鼎-東大,2024-08-28,9135
2317,鴻海,21,11,10,群益金鼎-東大,2024-08-28,9135
00679B,元大美債20年,20,10,10,群益金鼎-東大,2024-08-28,9135
00959B,大華投等美債15Y+,10,0,10,群益金鼎-東大,2024-08-28,9135
2618,長榮航,10,0,10,群益金鼎-東大,2024-08-28,9135
2409,友達,113,103,10,群益金鼎-東大,2024-08-28,9135
3663,鑫科,15,5,10,群益金鼎-東大,2024-08-28,9135
00878,國泰永續高股息,14,4,10,群益金鼎-東大,2024-08-28,9135
8039,台虹,21,12,9,群益金鼎-東大,2024-08-28,9135
00937B,群益ESG投等債20,9,0,9,群益金鼎-東大,2024-08-28,9135
00679B,元大美債20年,114,0,114,群益金鼎-東大,2024-08-29,9135
2882,國泰金,100,3,97,群益金鼎-東大,2024-08-29,9135
4549,桓達,107,15,92,群益金鼎-東大,2024-08-29,9135
00687B,國泰20年美債,91,0,91,群益金鼎-東大,2024-08-29,9135
2891,中信金,74,0,74,群益金鼎-東大,2024-08-29,9135
3550,聯穎,81,19,62,群益金鼎-東大,2024-08-29,9135
00680L,元大美債20正2,65,5,60,群益金鼎-東大,2024-08-29,9135
00937B,群益ESG投等債20,60,5,55,群益金鼎-東大,2024-08-29,9135
5309,系統電,51,6,45,群益金鼎-東大,2024-08-29,9135
8147,正淩,43,0,43,群益金鼎-東大,2024-08-29,9135
4510,高鋒,56,20,36,群益金鼎-東大,2024-08-29,9135
3231,緯創,44,9,35,群益金鼎-東大,2024-08-29,9135
2888,新光金,79,45,34,群益金鼎-東大,2024-08-29,9135
2867,三商壽,33,0,33,群益金鼎-東大,2024-08-29,9135
2344,華邦電,36,3,33,群益金鼎-東大,2024-08-29,9135
00929,復華台灣科技優息,49,18,31,群益金鼎-東大,2024-08-29,9135
00878,國泰永續高股息,31,0,31,群益金鼎-東大,2024-08-29,9135
2069,運錩,29,0,29,群益金鼎-東大,2024-08-29,9135
1721,三晃,61,35,26,群益金鼎-東大,2024-08-29,9135
00940,元大台灣價值高息,25,0,25,群益金鼎-東大,2024-08-29,9135
00756B,群益投等新興公債,25,0,25,群益金鼎-東大,2024-08-29,9135
2439,美律,22,0,22,群益金鼎-東大,2024-08-29,9135
00740B,富邦全球投等債,20,0,20,群益金鼎-東大,2024-08-29,9135
6245,立端,20,0,20,群益金鼎-東大,2024-08-29,9135
2382,廣達,22,4,18,群益金鼎-東大,2024-08-29,9135
00706L,期元大S＆P日圓正2,18,0,18,群益金鼎-東大,2024-08-29,9135
00948B,中信優息投資級債,17,0,17,群益金鼎-東大,2024-08-29,9135
3017,奇鋐,19,3,16,群益金鼎-東大,2024-08-29,9135
2610,華航,22,6,16,群益金鼎-東大,2024-08-29,9135
4174,浩鼎,28,12,16,群益金鼎-東大,2024-08-29,9135
9908,大台北,15,0,15,群益金鼎-東大,2024-08-29,9135
2317,鴻海,26,11,15,群益金鼎-東大,2024-08-29,9135
00918,大華優利高填息30,14,0,14,群益金鼎-東大,2024-08-29,9135
00650L,復華香港正2,20,6,14,群益金鼎-東大,2024-08-29,9135
00688L,國泰20年美債正2,14,0,14,群益金鼎-東大,2024-08-29,9135
1514,亞力,13,0,13,群益金鼎-東大,2024-08-29,9135
8150,南茂,17,5,12,群益金鼎-東大,2024-08-29,9135
00936,台新永續高息中小,12,0,12,群益金鼎-東大,2024-08-29,9135
00662,富邦NASDAQ,11,0,11,群益金鼎-東大,2024-08-29,9135
3665,貿聯-KY,11,0,11,群益金鼎-東大,2024-08-29,9135
3149,正達,13,2,11,群益金鼎-東大,2024-08-29,9135
3032,偉訓,11,0,11,群益金鼎-東大,2024-08-29,9135
0056,元大高股息,10,0,10,群益金鼎-東大,2024-08-29,9135
1736,喬山,10,0,10,群益金鼎-東大,2024-08-29,9135
3535,晶彩科,14,4,10,群益金鼎-東大,2024-08-29,9135
2002,中鋼,10,0,10,群益金鼎-東大,2024-08-29,9135
3019,亞光,80,71,9,群益金鼎-東大,2024-08-29,9135
2603,長榮,9,0,9,群益金鼎-東大,2024-08-29,9135
2401,凌陽,11,2,9,群益金鼎-東大,2024-08-29,9135
3230,錦明,9,0,9,群益金鼎-東大,2024-08-29,9135
8150,南茂,223,1,222,群益金鼎-東大,2024-08-30,9135
00679B,元大美債20年,221,0,221,群益金鼎-東大,2024-08-30,9135
00688L,國泰20年美債正2,174,0,174,群益金鼎-東大,2024-08-30,9135
00937B,群益ESG投等債20,178,64,114,群益金鼎-東大,2024-08-30,9135
00687B,國泰20年美債,116,5,111,群益金鼎-東大,2024-08-30,9135
00632R,元大台灣50反1,99,0,99,群益金鼎-東大,2024-08-30,9135
00948B,中信優息投資級債,78,0,78,群益金鼎-東大,2024-08-30,9135
2801,彰銀,59,0,59,群益金鼎-東大,2024-08-30,9135
4306,炎洲,55,4,51,群益金鼎-東大,2024-08-30,9135
00942B,台新美A公司債20+,50,0,50,群益金鼎-東大,2024-08-30,9135
2891,中信金,50,2,48,群益金鼎-東大,2024-08-30,9135
6937,天虹,51,7,44,群益金鼎-東大,2024-08-30,9135
1710,東聯,40,0,40,群益金鼎-東大,2024-08-30,9135
1727,中華化,40,0,40,群益金鼎-東大,2024-08-30,9135
2888,新光金,37,1,36,群益金鼎-東大,2024-08-30,9135
2069,運錩,34,0,34,群益金鼎-東大,2024-08-30,9135
6283,淳安,33,0,33,群益金鼎-東大,2024-08-30,9135
2347,聯強,37,4,33,群益金鼎-東大,2024-08-30,9135
2486,一詮,31,0,31,群益金鼎-東大,2024-08-30,9135
3231,緯創,31,1,30,群益金鼎-東大,2024-08-30,9135
5905,南仁湖,23,2,21,群益金鼎-東大,2024-08-30,9135
6213,聯茂,24,5,19,群益金鼎-東大,2024-08-30,9135
00680L,元大美債20正2,31,14,17,群益金鼎-東大,2024-08-30,9135
4729,熒茂,18,1,17,群益金鼎-東大,2024-08-30,9135
3056,富華新,17,1,16,群益金鼎-東大,2024-08-30,9135
8085,福華,20,5,15,群益金鼎-東大,2024-08-30,9135
2002,中鋼,30,15,15,群益金鼎-東大,2024-08-30,9135
2409,友達,25,10,15,群益金鼎-東大,2024-08-30,9135
2356,英業達,23,8,15,群益金鼎-東大,2024-08-30,9135
6218,豪勉,22,7,15,群益金鼎-東大,2024-08-30,9135
00795B,中信美國公債20年,13,0,13,群益金鼎-東大,2024-08-30,9135
6603,富強鑫,16,3,13,群益金鼎-東大,2024-08-30,9135
3019,亞光,25,13,12,群益金鼎-東大,2024-08-30,9135
2323,中環,12,0,12,群益金鼎-東大,2024-08-30,9135
00940,元大台灣價值高息,12,1,11,群益金鼎-東大,2024-08-30,9135
6743,安普新,13,2,11,群益金鼎-東大,2024-08-30,9135
4906,正文,16,5,11,群益金鼎-東大,2024-08-30,9135
6757,台灣虎航,11,0,11,群益金鼎-東大,2024-08-30,9135
3229,晟鈦,11,0,11,群益金鼎-東大,2024-08-30,9135
4561,健椿,54,43,11,群益金鼎-東大,2024-08-30,9135
3406,玉晶光,12,2,10,群益金鼎-東大,2024-08-30,9135
6282,康舒,10,0,10,群益金鼎-東大,2024-08-30,9135
2845,遠東銀,10,0,10,群益金鼎-東大,2024-08-30,9135
3284,太普高,12,2,10,群益金鼎-東大,2024-08-30,9135
00706L,期元大S＆P日圓正2,10,0,10,群益金鼎-東大,2024-08-30,9135
00959B,大華投等美債15Y+,10,0,10,群益金鼎-東大,2024-08-30,9135
2537,聯上發,23,13,10,群益金鼎-東大,2024-08-30,9135
2405,輔信,10,0,10,群益金鼎-東大,2024-08-30,9135
3666,光耀,10,0,10,群益金鼎-東大,2024-08-30,9135
3691,碩禾,10,0,10,群益金鼎-東大,2024-08-30,9135
00929,復華台灣科技優息,289,20,269,群益金鼎-東大,2024-09-02,9135
4807,日成-KY,150,9,141,群益金鼎-東大,2024-09-02,9135
00937B,群益ESG投等債20,124,3,121,群益金鼎-東大,2024-09-02,9135
00680L,元大美債20正2,89,0,89,群益金鼎-東大,2024-09-02,9135
3481,群創,67,0,67,群益金鼎-東大,2024-09-02,9135
8150,南茂,64,0,64,群益金鼎-東大,2024-09-02,9135
2897,王道銀行,60,0,60,群益金鼎-東大,2024-09-02,9135
00948B,中信優息投資級債,60,0,60,群益金鼎-東大,2024-09-02,9135
00679B,元大美債20年,64,5,59,群益金鼎-東大,2024-09-02,9135
2347,聯強,49,0,49,群益金鼎-東大,2024-09-02,9135
2891,中信金,47,0,47,群益金鼎-東大,2024-09-02,9135
00715L,期街口布蘭特正2,95,50,45,群益金鼎-東大,2024-09-02,9135
00725B,國泰投資級公司債,38,0,38,群益金鼎-東大,2024-09-02,9135
1710,東聯,35,0,35,群益金鼎-東大,2024-09-02,9135
00688L,國泰20年美債正2,35,4,31,群益金鼎-東大,2024-09-02,9135
2495,普安,31,0,31,群益金鼎-東大,2024-09-02,9135
2002,中鋼,30,0,30,群益金鼎-東大,2024-09-02,9135
2929,淘帝-KY,30,0,30,群益金鼎-東大,2024-09-02,9135
2543,皇昌,34,4,30,群益金鼎-東大,2024-09-02,9135
00650L,復華香港正2,30,0,30,群益金鼎-東大,2024-09-02,9135
00959B,大華投等美債15Y+,30,0,30,群益金鼎-東大,2024-09-02,9135
4303,信立,30,2,28,群益金鼎-東大,2024-09-02,9135
8043,蜜望實,44,17,27,群益金鼎-東大,2024-09-02,9135
2801,彰銀,24,0,24,群益金鼎-東大,2024-09-02,9135
2233,宇隆,37,14,23,群益金鼎-東大,2024-09-02,9135
00637L,元大滬深300正2,1188,1165,23,群益金鼎-東大,2024-09-02,9135
8105,凌巨,36,14,22,群益金鼎-東大,2024-09-02,9135
3550,聯穎,23,1,22,群益金鼎-東大,2024-09-02,9135
4513,福裕,23,2,21,群益金鼎-東大,2024-09-02,9135
9908,大台北,20,0,20,群益金鼎-東大,2024-09-02,9135
2464,盟立,20,0,20,群益金鼎-東大,2024-09-02,9135
2408,南亞科,19,0,19,群益金鼎-東大,2024-09-02,9135
00795B,中信美國公債20年,19,0,19,群益金鼎-東大,2024-09-02,9135
8080,印鉐,16,0,16,群益金鼎-東大,2024-09-02,9135
4526,東台,19,4,15,群益金鼎-東大,2024-09-02,9135
4566,時碩工業,28,13,15,群益金鼎-東大,2024-09-02,9135
3434,哲固,15,0,15,群益金鼎-東大,2024-09-02,9135
00706L,期元大S＆P日圓正2,15,0,15,群益金鼎-東大,2024-09-02,9135
2312,金寶,15,0,15,群益金鼎-東大,2024-09-02,9135
3019,亞光,14,0,14,群益金鼎-東大,2024-09-02,9135
3615,安可,16,2,14,群益金鼎-東大,2024-09-02,9135
00687B,國泰20年美債,63,50,13,群益金鼎-東大,2024-09-02,9135
2371,大同,13,0,13,群益金鼎-東大,2024-09-02,9135
00882,中信中國高股息,13,0,13,群益金鼎-東大,2024-09-02,9135
3006,晶豪科,16,3,13,群益金鼎-東大,2024-09-02,9135
3689,湧德,26,13,13,群益金鼎-東大,2024-09-02,9135
2069,運錩,12,0,12,群益金鼎-東大,2024-09-02,9135
00951,台新日本半導體,12,0,12,群益金鼎-東大,2024-09-02,9135
6257,矽格,12,0,12,群益金鼎-東大,2024-09-02,9135
8085,福華,13,1,12,群益金鼎-東大,2024-09-02,9135
00687B,國泰20年美債,702,25,677,群益金鼎-東大,2024-09-03,9135
3481,群創,390,8,382,群益金鼎-東大,2024-09-03,9135
00680L,元大美債20正2,181,1,180,群益金鼎-東大,2024-09-03,9135
2347,聯強,127,1,126,群益金鼎-東大,2024-09-03,9135
8150,南茂,102,2,100,群益金鼎-東大,2024-09-03,9135
00919,群益台灣精選高息,82,10,72,群益金鼎-東大,2024-09-03,9135
1710,東聯,64,0,64,群益金鼎-東大,2024-09-03,9135
00949,復華日本龍頭,58,0,58,群益金鼎-東大,2024-09-03,9135
00688L,國泰20年美債正2,52,0,52,群益金鼎-東大,2024-09-03,9135
3550,聯穎,41,3,38,群益金鼎-東大,2024-09-03,9135
00948B,中信優息投資級債,35,0,35,群益金鼎-東大,2024-09-03,9135
1785,光洋科,44,13,31,群益金鼎-東大,2024-09-03,9135
00959B,大華投等美債15Y+,25,0,25,群益金鼎-東大,2024-09-03,9135
5490,同亨,25,0,25,群益金鼎-東大,2024-09-03,9135
2834,臺企銀,26,2,24,群益金鼎-東大,2024-09-03,9135
00937B,群益ESG投等債20,166,143,23,群益金鼎-東大,2024-09-03,9135
2489,瑞軒,24,1,23,群益金鼎-東大,2024-09-03,9135
6514,芮特-KY,23,0,23,群益金鼎-東大,2024-09-03,9135
2486,一詮,29,8,21,群益金鼎-東大,2024-09-03,9135
1314,中石化,20,0,20,群益金鼎-東大,2024-09-03,9135
00725B,國泰投資級公司債,20,0,20,群益金鼎-東大,2024-09-03,9135
00882,中信中國高股息,20,0,20,群益金鼎-東大,2024-09-03,9135
00650L,復華香港正2,20,0,20,群益金鼎-東大,2024-09-03,9135
00929,復華台灣科技優息,33,14,19,群益金鼎-東大,2024-09-03,9135
4956,光鋐,19,0,19,群益金鼎-東大,2024-09-03,9135
2891,中信金,18,0,18,群益金鼎-東大,2024-09-03,9135
3062,建漢,30,13,17,群益金鼎-東大,2024-09-03,9135
2002,中鋼,19,1,18,群益金鼎-東大,2024-09-03,9135
6213,聯茂,47,30,17,群益金鼎-東大,2024-09-03,9135
2534,宏盛,83,66,17,群益金鼎-東大,2024-09-03,9135
1539,巨庭,19,2,17,群益金鼎-東大,2024-09-03,9135
2801,彰銀,17,0,17,群益金鼎-東大,2024-09-03,9135
1815,富喬,18,3,15,群益金鼎-東大,2024-09-03,9135
2349,錸德,15,0,15,群益金鼎-東大,2024-09-03,9135
00637L,元大滬深300正2,414,400,14,群益金鼎-東大,2024-09-03,9135
2344,華邦電,14,0,14,群益金鼎-東大,2024-09-03,9135
00933B,國泰10Y+金融債,14,0,14,群益金鼎-東大,2024-09-03,9135
3047,訊舟,69,55,14,群益金鼎-東大,2024-09-03,9135
2405,輔信,12,0,12,群益金鼎-東大,2024-09-03,9135
00943,兆豐電子高息等權,12,0,12,群益金鼎-東大,2024-09-03,9135
3652,精聯,12,0,12,群益金鼎-東大,2024-09-03,9135
2323,中環,12,0,12,群益金鼎-東大,2024-09-03,9135
00940,元大台灣價值高息,12,0,12,群益金鼎-東大,2024-09-03,9135
2329,華泰,12,1,11,群益金鼎-東大,2024-09-03,9135
00676R,富邦臺灣加權反1,11,0,11,群益金鼎-東大,2024-09-03,9135
3665,貿聯-KY,21,10,11,群益金鼎-東大,2024-09-03,9135
3037,欣興,13,3,10,群益金鼎-東大,2024-09-03,9135
00636,國泰中國A50,10,0,10,群益金鼎-東大,2024-09-03,9135
3576,聯合再生,10,0,10,群益金鼎-東大,2024-09-03,9135
3019,亞光,20,10,10,群益金鼎-東大,2024-09-03,9135
00929,復華台灣科技優息,493,33,460,群益金鼎-東大,2024-09-04,9135
00632R,元大台灣50反1,502,71,431,群益金鼎-東大,2024-09-04,9135
00878,國泰永續高股息,185,10,175,群益金鼎-東大,2024-09-04,9135
8150,南茂,171,3,168,群益金鼎-東大,2024-09-04,9135
00715L,期街口布蘭特正2,150,0,150,群益金鼎-東大,2024-09-04,9135
2897,王道銀行,122,0,122,群益金鼎-東大,2024-09-04,9135
00919,群益台灣精選高息,214,99,115,群益金鼎-東大,2024-09-04,9135
00940,元大台灣價值高息,91,18,73,群益金鼎-東大,2024-09-04,9135
00915,凱基優選高股息30,74,1,73,群益金鼎-東大,2024-09-04,9135
0056,元大高股息,59,0,59,群益金鼎-東大,2024-09-04,9135
2834,臺企銀,49,0,49,群益金鼎-東大,2024-09-04,9135
2330,台積電,56,7,49,群益金鼎-東大,2024-09-04,9135
00918,大華優利高填息30,49,4,45,群益金鼎-東大,2024-09-04,9135
2101,南港,40,0,40,群益金鼎-東大,2024-09-04,9135
00664R,國泰臺灣加權反1,40,2,38,群益金鼎-東大,2024-09-04,9135
00725B,國泰投資級公司債,38,1,37,群益金鼎-東大,2024-09-04,9135
00946,群益科技高息成長,44,7,37,群益金鼎-東大,2024-09-04,9135
1301,台塑,41,5,36,群益金鼎-東大,2024-09-04,9135
2347,聯強,42,6,36,群益金鼎-東大,2024-09-04,9135
2891,中信金,57,22,35,群益金鼎-東大,2024-09-04,9135
0050,元大台灣50,36,3,33,群益金鼎-東大,2024-09-04,9135
4303,信立,51,19,32,群益金鼎-東大,2024-09-04,9135
4562,穎漢,39,8,31,群益金鼎-東大,2024-09-04,9135
1316,上曜,30,0,30,群益金鼎-東大,2024-09-04,9135
00945B,凱基美國非投等債,30,0,30,群益金鼎-東大,2024-09-04,9135
00923,群益台ESG低碳50,28,0,28,群益金鼎-東大,2024-09-04,9135
3035,智原,33,6,27,群益金鼎-東大,2024-09-04,9135
006208,富邦台50,27,1,26,群益金鼎-東大,2024-09-04,9135
1540,喬福,123,97,26,群益金鼎-東大,2024-09-04,9135
00948B,中信優息投資級債,22,0,22,群益金鼎-東大,2024-09-04,9135
00650L,復華香港正2,27,5,22,群益金鼎-東大,2024-09-04,9135
00631L,元大台灣50正2,32,10,22,群益金鼎-東大,2024-09-04,9135
3481,群創,31,10,21,群益金鼎-東大,2024-09-04,9135
2888A,新光金甲特,20,0,20,群益金鼎-東大,2024-09-04,9135
2408,南亞科,20,0,20,群益金鼎-東大,2024-09-04,9135
3022,威強電,20,0,20,群益金鼎-東大,2024-09-04,9135
00675L,富邦臺灣加權正2,19,0,19,群益金鼎-東大,2024-09-04,9135
3037,欣興,33,14,19,群益金鼎-東大,2024-09-04,9135
1314,中石化,24,6,18,群益金鼎-東大,2024-09-04,9135
2392,正崴,19,1,18,群益金鼎-東大,2024-09-04,9135
6770,力積電,23,5,18,群益金鼎-東大,2024-09-04,9135
3006,晶豪科,19,1,18,群益金鼎-東大,2024-09-04,9135
2365,昆盈,21,4,17,群益金鼎-東大,2024-09-04,9135
2886,兆豐金,17,0,17,群益金鼎-東大,2024-09-04,9135
00676R,富邦臺灣加權反1,20,3,17,群益金鼎-東大,2024-09-04,9135
2353,宏��,15,0,15,群益金鼎-東大,2024-09-04,9135
8076,伍豐,15,0,15,群益金鼎-東大,2024-09-04,9135
00642U,期元大S＆P石油,15,0,15,群益金鼎-東大,2024-09-04,9135
00959B,大華投等美債15Y+,15,0,15,群益金鼎-東大,2024-09-04,9135
2382,廣達,16,1,15,群益金鼎-東大,2024-09-04,9135
00715L,期街口布蘭特正2,226,0,226,群益金鼎-東大,2024-09-05,9135
00929,復華台灣科技優息,134,13,121,群益金鼎-東大,2024-09-05,9135
00919,群益台灣精選高息,104,0,104,群益金鼎-東大,2024-09-05,9135
2897,王道銀行,100,0,100,群益金鼎-東大,2024-09-05,9135
2515,中工,100,0,100,群益金鼎-東大,2024-09-05,9135
00680L,元大美債20正2,110,24,86,群益金鼎-東大,2024-09-05,9135
8150,南茂,57,0,57,群益金鼎-東大,2024-09-05,9135
2347,聯強,51,1,50,群益金鼎-東大,2024-09-05,9135
00687B,國泰20年美債,160,113,47,群益金鼎-東大,2024-09-05,9135
00878,國泰永續高股息,41,3,38,群益金鼎-東大,2024-09-05,9135
00946,群益科技高息成長,32,0,32,群益金鼎-東大,2024-09-05,9135
5347,世界,44,17,27,群益金鼎-東大,2024-09-05,9135
00713,元大台灣高息低波,26,0,26,群益金鼎-東大,2024-09-05,9135
00725B,國泰投資級公司債,25,0,25,群益金鼎-東大,2024-09-05,9135
1570,力肯,25,0,25,群益金鼎-東大,2024-09-05,9135
2317,鴻海,29,7,22,群益金鼎-東大,2024-09-05,9135
2888A,新光金甲特,20,0,20,群益金鼎-東大,2024-09-05,9135
3665,貿聯-KY,20,0,20,群益金鼎-東大,2024-09-05,9135
3550,聯穎,23,5,18,群益金鼎-東大,2024-09-05,9135
2312,金寶,21,3,18,群益金鼎-東大,2024-09-05,9135
2344,華邦電,17,0,17,群益金鼎-東大,2024-09-05,9135
00945B,凱基美國非投等債,17,0,17,群益金鼎-東大,2024-09-05,9135
1808,潤隆,15,0,15,群益金鼎-東大,2024-09-05,9135
1309,台達化,15,0,15,群益金鼎-東大,2024-09-05,9135
1314,中石化,13,0,13,群益金鼎-東大,2024-09-05,9135
2367,燿華,13,0,13,群益金鼎-東大,2024-09-05,9135
5234,達興材料,14,1,13,群益金鼎-東大,2024-09-05,9135
00631L,元大台灣50正2,36,23,13,群益金鼎-東大,2024-09-05,9135
4513,福裕,19,7,12,群益金鼎-東大,2024-09-05,9135
3019,亞光,27,15,12,群益金鼎-東大,2024-09-05,9135
00940,元大台灣價值高息,19,7,12,群益金鼎-東大,2024-09-05,9135
00665L,富邦�琤肭磪囓�2,16,4,12,群益金鼎-東大,2024-09-05,9135
6770,力積電,11,0,11,群益金鼎-東大,2024-09-05,9135
00941,中信上游半導體,11,0,11,群益金鼎-東大,2024-09-05,9135
6138,茂達,11,0,11,群益金鼎-東大,2024-09-05,9135
00662,富邦NASDAQ,11,0,11,群益金鼎-東大,2024-09-05,9135
2886,兆豐金,10,0,10,群益金鼎-東大,2024-09-05,9135
3189,景碩,12,2,10,群益金鼎-東大,2024-09-05,9135
4961,天鈺,12,2,10,群益金鼎-東大,2024-09-05,9135
1718,中纖,20,10,10,群益金鼎-東大,2024-09-05,9135
4909,新復興,17,7,10,群益金鼎-東大,2024-09-05,9135
6156,松上,10,0,10,群益金鼎-東大,2024-09-05,9135
6215,和椿,11,1,10,群益金鼎-東大,2024-09-05,9135
3380,明泰,10,0,10,群益金鼎-東大,2024-09-05,9135
5443,均豪,58,49,9,群益金鼎-東大,2024-09-05,9135
2801,彰銀,10,1,9,群益金鼎-東大,2024-09-05,9135
2408,南亞科,9,0,9,群益金鼎-東大,2024-09-05,9135
3037,欣興,14,5,9,群益金鼎-東大,2024-09-05,9135
3450,聯鈞,9,0,9,群益金鼎-東大,2024-09-05,9135
00952,凱基台灣AI50,9,0,9,群益金鼎-東大,2024-09-05,9135
00687B,國泰20年美債,496,86,410,群益金鼎-東大,2024-09-06,9135
1570,力肯,96,3,93,群益金鼎-東大,2024-09-06,9135
00673R,期元大S＆P原油反1,63,0,63,群益金鼎-東大,2024-09-06,9135
00715L,期街口布蘭特正2,49,0,49,群益金鼎-東大,2024-09-06,9135
00725B,國泰投資級公司債,30,0,30,群益金鼎-東大,2024-09-06,9135
00713,元大台灣高息低波,30,1,29,群益金鼎-東大,2024-09-06,9135
00688L,國泰20年美債正2,42,14,28,群益金鼎-東大,2024-09-06,9135
00877,復華中國5G,26,0,26,群益金鼎-東大,2024-09-06,9135
8150,南茂,62,38,24,群益金鼎-東大,2024-09-06,9135
8076,伍豐,30,8,22,群益金鼎-東大,2024-09-06,9135
2515,中工,20,0,20,群益金鼎-東大,2024-09-06,9135
3711,日月光投控,21,1,20,群益金鼎-東大,2024-09-06,9135
1710,東聯,20,0,20,群益金鼎-東大,2024-09-06,9135
3189,景碩,23,4,19,群益金鼎-東大,2024-09-06,9135
00936,台新永續高息中小,19,0,19,群益金鼎-東大,2024-09-06,9135
4526,東台,18,0,18,群益金鼎-東大,2024-09-06,9135
00949,復華日本龍頭,19,1,18,群益金鼎-東大,2024-09-06,9135
6937,天虹,36,19,17,群益金鼎-東大,2024-09-06,9135
1316,上曜,20,3,17,群益金鼎-東大,2024-09-06,9135
2891,中信金,21,6,15,群益金鼎-東大,2024-09-06,9135
2233,宇隆,25,11,14,群益金鼎-東大,2024-09-06,9135
6215,和椿,38,24,14,群益金鼎-東大,2024-09-06,9135
2888,新光金,24,11,13,群益金鼎-東大,2024-09-06,9135
00951,台新日本半導體,12,0,12,群益金鼎-東大,2024-09-06,9135
3523,迎輝,12,0,12,群益金鼎-東大,2024-09-06,9135
4566,時碩工業,16,5,11,群益金鼎-東大,2024-09-06,9135
6191,精成科,11,0,11,群益金鼎-東大,2024-09-06,9135
2317,鴻海,11,1,10,群益金鼎-東大,2024-09-06,9135
00941,中信上游半導體,10,0,10,群益金鼎-東大,2024-09-06,9135
00919,群益台灣精選高息,79,69,10,群益金鼎-東大,2024-09-06,9135
006208,富邦台50,17,7,10,群益金鼎-東大,2024-09-06,9135
2542,興富發,10,0,10,群益金鼎-東大,2024-09-06,9135
3058,立德,18,8,10,群益金鼎-東大,2024-09-06,9135
3056,富華新,10,0,10,群益金鼎-東大,2024-09-06,9135
2312,金寶,10,0,10,群益金鼎-東大,2024-09-06,9135
2845,遠東銀,10,0,10,群益金鼎-東大,2024-09-06,9135
3227,原相,25,15,10,群益金鼎-東大,2024-09-06,9135
6416,瑞祺電通,9,0,9,群益金鼎-東大,2024-09-06,9135
6163,華電網,10,1,9,群益金鼎-東大,2024-09-06,9135
2449,京元電子,10,1,9,群益金鼎-東大,2024-09-06,9135
3066,李洲,13,5,8,群益金鼎-東大,2024-09-06,9135
2401,凌陽,8,0,8,群益金鼎-東大,2024-09-06,9135
2002,中鋼,8,0,8,群益金鼎-東大,2024-09-06,9135
2497,怡利電,56,48,8,群益金鼎-東大,2024-09-06,9135
00685L,群益臺灣加權正2,10,2,8,群益金鼎-東大,2024-09-06,9135
4974,亞泰,10,3,7,群益金鼎-東大,2024-09-06,9135
00918,大華優利高填息30,8,1,7,群益金鼎-東大,2024-09-06,9135
00945B,凱基美國非投等債,7,0,7,群益金鼎-東大,2024-09-06,9135
5465,富驊,7,0,7,群益金鼎-東大,2024-09-06,9135
8111,立��,7,0,7,群益金鼎-東大,2024-09-06,9135
00687B,國泰20年美債,477,1,476,群益金鼎-東大,2024-09-09,9135
00919,群益台灣精選高息,185,9,176,群益金鼎-東大,2024-09-09,9135
00679B,元大美債20年,162,20,142,群益金鼎-東大,2024-09-09,9135
00929,復華台灣科技優息,131,11,120,群益金鼎-東大,2024-09-09,9135
00715L,期街口布蘭特正2,114,1,113,群益金鼎-東大,2024-09-09,9135
00878,國泰永續高股息,89,12,77,群益金鼎-東大,2024-09-09,9135
5309,系統電,73,1,72,群益金鼎-東大,2024-09-09,9135
2891,中信金,67,1,66,群益金鼎-東大,2024-09-09,9135
00795B,中信美國公債20年,124,63,61,群益金鼎-東大,2024-09-09,9135
8150,南茂,55,0,55,群益金鼎-東大,2024-09-09,9135
00713,元大台灣高息低波,51,0,51,群益金鼎-東大,2024-09-09,9135
1316,上曜,54,4,50,群益金鼎-東大,2024-09-09,9135
00671R,富邦NASDAQ反1,80,30,50,群益金鼎-東大,2024-09-09,9135
3049,精金,49,0,49,群益金鼎-東大,2024-09-09,9135
4958,臻鼎-KY,52,3,49,群益金鼎-東大,2024-09-09,9135
3665,貿聯-KY,44,0,44,群益金鼎-東大,2024-09-09,9135
4956,光鋐,58,16,42,群益金鼎-東大,2024-09-09,9135
2882,國泰金,39,1,38,群益金鼎-東大,2024-09-09,9135
2347,聯強,39,3,36,群益金鼎-東大,2024-09-09,9135
3663,鑫科,85,51,34,群益金鼎-東大,2024-09-09,9135
6026,福邦證,33,0,33,群益金鼎-東大,2024-09-09,9135
4157,太景*-KY,31,0,31,群益金鼎-東大,2024-09-09,9135
2330,台積電,52,21,31,群益金鼎-東大,2024-09-09,9135
00933B,國泰10Y+金融債,30,1,29,群益金鼎-東大,2024-09-09,9135
2881,富邦金,28,0,28,群益金鼎-東大,2024-09-09,9135
2317,鴻海,27,1,26,群益金鼎-東大,2024-09-09,9135
00940,元大台灣價值高息,24,0,24,群益金鼎-東大,2024-09-09,9135
8404,百和興業-KY,23,0,23,群益金鼎-東大,2024-09-09,9135
2801,彰銀,24,1,23,群益金鼎-東大,2024-09-09,9135
00674R,期元大S＆P黃金反1,24,2,22,群益金鼎-東大,2024-09-09,9135
006208,富邦台50,27,5,22,群益金鼎-東大,2024-09-09,9135
00650L,復華香港正2,21,0,21,群益金鼎-東大,2024-09-09,9135
2515,中工,20,0,20,群益金鼎-東大,2024-09-09,9135
00877,復華中國5G,20,0,20,群益金鼎-東大,2024-09-09,9135
00915,凱基優選高股息30,21,2,19,群益金鼎-東大,2024-09-09,9135
00881,國泰台灣5G+,19,0,19,群益金鼎-東大,2024-09-09,9135
00948B,中信優息投資級債,19,0,19,群益金鼎-東大,2024-09-09,9135
6021,美好證,19,0,19,群益金鼎-東大,2024-09-09,9135
2495,普安,19,0,19,群益金鼎-東大,2024-09-09,9135
1540,喬福,103,84,19,群益金鼎-東大,2024-09-09,9135
2834,臺企銀,21,2,19,群益金鼎-東大,2024-09-09,9135
8096,擎亞,20,4,16,群益金鼎-東大,2024-09-09,9135
00927,群益半導體收益,15,0,15,群益金鼎-東大,2024-09-09,9135
6197,佳必琪,15,0,15,群益金鼎-東大,2024-09-09,9135
00891,中信關鍵半導體,14,0,14,群益金鼎-東大,2024-09-09,9135
00637L,元大滬深300正2,619,605,14,群益金鼎-東大,2024-09-09,9135
2609,陽明,55,42,13,群益金鼎-東大,2024-09-09,9135
00923,群益台ESG低碳50,13,0,13,群益金鼎-東大,2024-09-09,9135
00882,中信中國高股息,13,0,13,群益金鼎-東大,2024-09-09,9135
00941,中信上游半導體,12,0,12,群益金鼎-東大,2024-09-09,9135
00940,元大台灣價值高息,354,0,354,群益金鼎-東大,2024-09-10,9135
00679B,元大美債20年,169,9,160,群益金鼎-東大,2024-09-10,9135
3715,定穎投控,217,106,111,群益金鼎-東大,2024-09-10,9135
00632R,元大台灣50反1,112,10,102,群益金鼎-東大,2024-09-10,9135
2801,彰銀,97,1,96,群益金鼎-東大,2024-09-10,9135
2515,中工,75,5,70,群益金鼎-東大,2024-09-10,9135
8249,菱光,70,15,55,群益金鼎-東大,2024-09-10,9135
2888,新光金,60,5,55,群益金鼎-東大,2024-09-10,9135
00919,群益台灣精選高息,60,6,54,群益金鼎-東大,2024-09-10,9135
2897,王道銀行,52,0,52,群益金鼎-東大,2024-09-10,9135
2347,聯強,63,15,48,群益金鼎-東大,2024-09-10,9135
8150,南茂,49,6,43,群益金鼎-東大,2024-09-10,9135
2317,鴻海,42,3,39,群益金鼎-東大,2024-09-10,9135
2891,中信金,50,12,38,群益金鼎-東大,2024-09-10,9135
3543,州巧,38,0,38,群益金鼎-東大,2024-09-10,9135
3264,欣銓,37,0,37,群益金鼎-東大,2024-09-10,9135
3147,大綜,30,0,30,群益金鼎-東大,2024-09-10,9135
00715L,期街口布蘭特正2,29,0,29,群益金鼎-東大,2024-09-10,9135
00934,中信成長高股息,28,0,28,群益金鼎-東大,2024-09-10,9135
00933B,國泰10Y+金融債,30,2,28,群益金鼎-東大,2024-09-10,9135
4729,熒茂,27,1,26,群益金鼎-東大,2024-09-10,9135
00878,國泰永續高股息,22,1,21,群益金鼎-東大,2024-09-10,9135
00713,元大台灣高息低波,22,1,21,群益金鼎-東大,2024-09-10,9135
00915,凱基優選高股息30,20,0,20,群益金鼎-東大,2024-09-10,9135
00918,大華優利高填息30,18,0,18,群益金鼎-東大,2024-09-10,9135
00948B,中信優息投資級債,26,8,18,群益金鼎-東大,2024-09-10,9135
6514,芮特-KY,17,0,17,群益金鼎-東大,2024-09-10,9135
3665,貿聯-KY,19,2,17,群益金鼎-東大,2024-09-10,9135
0056,元大高股息,18,1,17,群益金鼎-東大,2024-09-10,9135
2382,廣達,18,1,17,群益金鼎-東大,2024-09-10,9135
3360,尚立,16,0,16,群益金鼎-東大,2024-09-10,9135
00751B,元大AAA至A公司債,21,6,15,群益金鼎-東大,2024-09-10,9135
2337,旺宏,16,1,15,群益金鼎-東大,2024-09-10,9135
2408,南亞科,15,0,15,群益金鼎-東大,2024-09-10,9135
00664R,國泰臺灣加權反1,15,0,15,群益金鼎-東大,2024-09-10,9135
3481,群創,17,3,14,群益金鼎-東大,2024-09-10,9135
6217,中探針,20,6,14,群益金鼎-東大,2024-09-10,9135
1540,喬福,19,5,14,群益金鼎-東大,2024-09-10,9135
00946,群益科技高息成長,14,0,14,群益金鼎-東大,2024-09-10,9135
2542,興富發,13,0,13,群益金鼎-東大,2024-09-10,9135
2543,皇昌,13,0,13,群益金鼎-東大,2024-09-10,9135
00891,中信關鍵半導體,12,0,12,群益金鼎-東大,2024-09-10,9135
3047,訊舟,16,4,12,群益金鼎-東大,2024-09-10,9135
2313,華通,14,2,12,群益金鼎-東大,2024-09-10,9135
00927,群益半導體收益,11,0,11,群益金鼎-東大,2024-09-10,9135
4555,氣立,10,0,10,群益金鼎-東大,2024-09-10,9135
4561,健椿,10,0,10,群益金鼎-東大,2024-09-10,9135
00673R,期元大S＆P原油反1,10,0,10,群益金鼎-東大,2024-09-10,9135
2442,新美齊,10,0,10,群益金鼎-東大,2024-09-10,9135
6125,廣運,11,1,10,群益金鼎-東大,2024-09-10,9135
2497,怡利電,260,65,195,群益金鼎-東大,2024-09-11,9135
00687B,國泰20年美債,284,131,153,群益金鼎-東大,2024-09-11,9135
00948B,中信優息投資級債,137,2,135,群益金鼎-東大,2024-09-11,9135
00929,復華台灣科技優息,98,6,92,群益金鼎-東大,2024-09-11,9135
00664R,國泰臺灣加權反1,88,0,88,群益金鼎-東大,2024-09-11,9135
2347,聯強,88,2,86,群益金鼎-東大,2024-09-11,9135
2897A,王道銀甲特,63,0,63,群益金鼎-東大,2024-09-11,9135
00933B,國泰10Y+金融債,60,0,60,群益金鼎-東大,2024-09-11,9135
00680L,元大美債20正2,201,156,45,群益金鼎-東大,2024-09-11,9135
00940,元大台灣價值高息,44,0,44,群益金鼎-東大,2024-09-11,9135
00878,國泰永續高股息,40,6,34,群益金鼎-東大,2024-09-11,9135
00715L,期街口布蘭特正2,39,5,34,群益金鼎-東大,2024-09-11,9135
2891,中信金,44,13,31,群益金鼎-東大,2024-09-11,9135
5309,系統電,34,5,29,群益金鼎-東大,2024-09-11,9135
00713,元大台灣高息低波,29,3,26,群益金鼎-東大,2024-09-11,9135
00937B,群益ESG投等債20,45,21,24,群益金鼎-東大,2024-09-11,9135
00934,中信成長高股息,22,0,22,群益金鼎-東大,2024-09-11,9135
3062,建漢,80,60,20,群益金鼎-東大,2024-09-11,9135
2542,興富發,19,1,18,群益金鼎-東大,2024-09-11,9135
1711,永光,25,8,17,群益金鼎-東大,2024-09-11,9135
00857B,永豐20年美公債,20,3,17,群益金鼎-東大,2024-09-11,9135
2442,新美齊,20,4,16,群益金鼎-東大,2024-09-11,9135
1709,和益,17,1,16,群益金鼎-東大,2024-09-11,9135
6514,芮特-KY,16,0,16,群益金鼎-東大,2024-09-11,9135
00882,中信中國高股息,18,3,15,群益金鼎-東大,2024-09-11,9135
3037,欣興,16,1,15,群益金鼎-東大,2024-09-11,9135
2371,大同,22,7,15,群益金鼎-東大,2024-09-11,9135
6114,久威,15,0,15,群益金鼎-東大,2024-09-11,9135
00671R,富邦NASDAQ反1,15,0,15,群益金鼎-東大,2024-09-11,9135
1904,正隆,21,6,15,群益金鼎-東大,2024-09-11,9135
1584,精剛,17,3,14,群益金鼎-東大,2024-09-11,9135
4956,光鋐,13,0,13,群益金鼎-東大,2024-09-11,9135
00919,群益台灣精選高息,30,17,13,群益金鼎-東大,2024-09-11,9135
00706L,期元大S＆P日圓正2,15,3,12,群益金鼎-東大,2024-09-11,9135
4566,時碩工業,28,16,12,群益金鼎-東大,2024-09-11,9135
00712,復華富時不動產,12,0,12,群益金鼎-東大,2024-09-11,9135
2801,彰銀,13,2,11,群益金鼎-東大,2024-09-11,9135
3290,東浦,14,3,11,群益金鼎-東大,2024-09-11,9135
1710,東聯,11,0,11,群益金鼎-東大,2024-09-11,9135
6194,育富,15,4,11,群益金鼎-東大,2024-09-11,9135
3189,景碩,11,0,11,群益金鼎-東大,2024-09-11,9135
2890,永豐金,10,0,10,群益金鼎-東大,2024-09-11,9135
2515,中工,10,0,10,群益金鼎-東大,2024-09-11,9135
2408,南亞科,11,1,10,群益金鼎-東大,2024-09-11,9135
2208,台船,10,0,10,群益金鼎-東大,2024-09-11,9135
2109,華豐,10,0,10,群益金鼎-東大,2024-09-11,9135
1905,華紙,10,1,9,群益金鼎-東大,2024-09-11,9135
4729,熒茂,9,0,9,群益金鼎-東大,2024-09-11,9135
1533,車王電,11,2,9,群益金鼎-東大,2024-09-11,9135
6257,矽格,12,3,9,群益金鼎-東大,2024-09-11,9135
00632R,元大台灣50反1,478,30,448,群益金鼎-東大,2024-09-12,9135
00687B,國泰20年美債,407,48,359,群益金鼎-東大,2024-09-12,9135
2409,友達,151,3,148,群益金鼎-東大,2024-09-12,9135
5309,系統電,146,0,146,群益金鼎-東大,2024-09-12,9135
00937B,群益ESG投等債20,175,42,133,群益金鼎-東大,2024-09-12,9135
3303,岱稜,109,8,101,群益金鼎-東大,2024-09-12,9135
00671R,富邦NASDAQ反1,70,0,70,群益金鼎-東大,2024-09-12,9135
2891,中信金,65,0,65,群益金鼎-東大,2024-09-12,9135
3189,景碩,63,2,61,群益金鼎-東大,2024-09-12,9135
00929,復華台灣科技優息,91,31,60,群益金鼎-東大,2024-09-12,9135
00720B,元大投資級公司債,59,1,58,群益金鼎-東大,2024-09-12,9135
3673,TPK-KY,58,1,57,群益金鼎-東大,2024-09-12,9135
00948B,中信優息投資級債,51,2,49,群益金鼎-東大,2024-09-12,9135
3019,亞光,49,2,47,群益金鼎-東大,2024-09-12,9135
2344,華邦電,36,1,35,群益金鼎-東大,2024-09-12,9135
3663,鑫科,31,0,31,群益金鼎-東大,2024-09-12,9135
2347,聯強,35,4,31,群益金鼎-東大,2024-09-12,9135
00933B,國泰10Y+金融債,30,3,27,群益金鼎-東大,2024-09-12,9135
00673R,期元大S＆P原油反1,30,5,25,群益金鼎-東大,2024-09-12,9135
3312,弘憶股,28,3,25,群益金鼎-東大,2024-09-12,9135
2002,中鋼,31,8,23,群益金鼎-東大,2024-09-12,9135
2070,精湛,27,7,20,群益金鼎-東大,2024-09-12,9135
3022,威強電,20,1,19,群益金鼎-東大,2024-09-12,9135
5443,均豪,134,116,18,群益金鼎-東大,2024-09-12,9135
00751B,元大AAA至A公司債,18,0,18,群益金鼎-東大,2024-09-12,9135
6187,萬潤,36,19,17,群益金鼎-東大,2024-09-12,9135
2887,台新金,25,8,17,群益金鼎-東大,2024-09-12,9135
2897A,王道銀甲特,16,0,16,群益金鼎-東大,2024-09-12,9135
4933,友輝,24,9,15,群益金鼎-東大,2024-09-12,9135
2888A,新光金甲特,15,0,15,群益金鼎-東大,2024-09-12,9135
6207,雷科,15,0,15,群益金鼎-東大,2024-09-12,9135
4919,新唐,16,1,15,群益金鼎-東大,2024-09-12,9135
6664,群翊,14,0,14,群益金鼎-東大,2024-09-12,9135
2243,宏旭-KY,13,0,13,群益金鼎-東大,2024-09-12,9135
2603,長榮,14,1,13,群益金鼎-東大,2024-09-12,9135
5236,凌陽創新,13,0,13,群益金鼎-東大,2024-09-12,9135
3081,聯亞,12,0,12,群益金鼎-東大,2024-09-12,9135
3227,原相,23,11,12,群益金鼎-東大,2024-09-12,9135
6152,百一,17,6,11,群益金鼎-東大,2024-09-12,9135
8150,南茂,10,0,10,群益金鼎-東大,2024-09-12,9135
00857B,永豐20年美公債,10,0,10,群益金鼎-東大,2024-09-12,9135
3360,尚立,10,0,10,群益金鼎-東大,2024-09-12,9135
3498,陽程,13,3,10,群益金鼎-東大,2024-09-12,9135
6204,艾華,10,0,10,群益金鼎-東大,2024-09-12,9135
00733,富邦臺灣中小,10,0,10,群益金鼎-東大,2024-09-12,9135
6514,芮特-KY,9,0,9,群益金鼎-東大,2024-09-12,9135
6274,台燿,14,6,8,群益金鼎-東大,2024-09-12,9135
00919,群益台灣精選高息,21,13,8,群益金鼎-東大,2024-09-12,9135
2618,長榮航,12,5,7,群益金鼎-東大,2024-09-12,9135
3715,定穎投控,8,1,7,群益金鼎-東大,2024-09-12,9135
00687B,國泰20年美債,680,69,611,群益金鼎-東大,2024-09-13,9135
00943,兆豐電子高息等權,215,0,215,群益金鼎-東大,2024-09-13,9135
00632R,元大台灣50反1,135,27,108,群益金鼎-東大,2024-09-13,9135
00680L,元大美債20正2,96,10,86,群益金鼎-東大,2024-09-13,9135
00715L,期街口布蘭特正2,111,35,76,群益金鼎-東大,2024-09-13,9135
00919,群益台灣精選高息,63,15,48,群益金鼎-東大,2024-09-13,9135
8150,南茂,63,20,43,群益金鼎-東大,2024-09-13,9135
2347,聯強,49,7,42,群益金鼎-東大,2024-09-13,9135
6829,千附精密,63,23,40,群益金鼎-東大,2024-09-13,9135
3062,建漢,65,30,35,群益金鼎-東大,2024-09-13,9135
00751B,元大AAA至A公司債,28,0,28,群益金鼎-東大,2024-09-13,9135
2388,威盛,33,7,26,群益金鼎-東大,2024-09-13,9135
2070,精湛,99,76,23,群益金鼎-東大,2024-09-13,9135
00948B,中信優息投資級債,22,0,22,群益金鼎-東大,2024-09-13,9135
00945B,凱基美國非投等債,21,0,21,群益金鼎-東大,2024-09-13,9135
8111,立��,22,1,21,群益金鼎-東大,2024-09-13,9135
6505,台塑化,23,3,20,群益金鼎-東大,2024-09-13,9135
00688L,國泰20年美債正2,18,0,18,群益金鼎-東大,2024-09-13,9135
5309,系統電,18,0,18,群益金鼎-東大,2024-09-13,9135
00631L,元大台灣50正2,19,2,17,群益金鼎-東大,2024-09-13,9135
00795B,中信美國公債20年,16,0,16,群益金鼎-東大,2024-09-13,9135
1808,潤隆,15,0,15,群益金鼎-東大,2024-09-13,9135
00918,大華優利高填息30,15,0,15,群益金鼎-東大,2024-09-13,9135
1313,聯成,15,0,15,群益金鼎-東大,2024-09-13,9135
2399,映泰,62,47,15,群益金鼎-東大,2024-09-13,9135
00915,凱基優選高股息30,15,0,15,群益金鼎-東大,2024-09-13,9135
3013,晟銘電,23,10,13,群益金鼎-東大,2024-09-13,9135
2425,承啟,12,0,12,群益金鼎-東大,2024-09-13,9135
00878,國泰永續高股息,12,0,12,群益金鼎-東大,2024-09-13,9135
8070,長華*,119,107,12,群益金鼎-東大,2024-09-13,9135
2497,怡利電,39,28,11,群益金鼎-東大,2024-09-13,9135
00635U,期元大S＆P黃金,11,0,11,群益金鼎-東大,2024-09-13,9135
5443,均豪,33,22,11,群益金鼎-東大,2024-09-13,9135
2313,華通,13,3,10,群益金鼎-東大,2024-09-13,9135
1605,華新,10,0,10,群益金鼎-東大,2024-09-13,9135
00637L,元大滬深300正2,410,400,10,群益金鼎-東大,2024-09-13,9135
1522,堤維西,21,11,10,群益金鼎-東大,2024-09-13,9135
2883,凱基金,11,1,10,群益金鼎-東大,2024-09-13,9135
00933B,國泰10Y+金融債,30,20,10,群益金鼎-東大,2024-09-13,9135
2303,聯電,10,1,9,群益金鼎-東大,2024-09-13,9135
2897A,王道銀甲特,9,0,9,群益金鼎-東大,2024-09-13,9135
3059,華晶科,9,0,9,群益金鼎-東大,2024-09-13,9135
00940,元大台灣價值高息,13,4,9,群益金鼎-東大,2024-09-13,9135
2615,萬海,10,1,9,群益金鼎-東大,2024-09-13,9135
00673R,期元大S＆P原油反1,11,3,8,群益金鼎-東大,2024-09-13,9135
3048,益登,10,2,8,群益金鼎-東大,2024-09-13,9135
3489,森寶,8,0,8,群益金鼎-東大,2024-09-13,9135
5347,世界,8,1,7,群益金鼎-東大,2024-09-13,9135
00923,群益台ESG低碳50,7,0,7,群益金鼎-東大,2024-09-13,9135
3706,神達,8,1,7,群益金鼎-東大,2024-09-13,9135
00918,大華優利高填息30,349,3,346,群益金鼎-東大,2024-09-16,9135
00687B,國泰20年美債,183,11,172,群益金鼎-東大,2024-09-16,9135
3360,尚立,149,41,108,群益金鼎-東大,2024-09-16,9135
1718,中纖,109,16,93,群益金鼎-東大,2024-09-16,9135
1721,三晃,114,25,89,群益金鼎-東大,2024-09-16,9135
2426,鼎元,122,38,84,群益金鼎-東大,2024-09-16,9135
3714,富采,58,0,58,群益金鼎-東大,2024-09-16,9135
9907,統一實,57,0,57,群益金鼎-東大,2024-09-16,9135
00948B,中信優息投資級債,52,0,52,群益金鼎-東大,2024-09-16,9135
2515,中工,55,3,52,群益金鼎-東大,2024-09-16,9135
2347,聯強,49,0,49,群益金鼎-東大,2024-09-16,9135
00679B,元大美債20年,53,7,46,群益金鼎-東大,2024-09-16,9135
1727,中華化,75,30,45,群益金鼎-東大,2024-09-16,9135
00915,凱基優選高股息30,40,5,35,群益金鼎-東大,2024-09-16,9135
00680L,元大美債20正2,93,59,34,群益金鼎-東大,2024-09-16,9135
6546,正基,42,10,32,群益金鼎-東大,2024-09-16,9135
3019,亞光,35,3,32,群益金鼎-東大,2024-09-16,9135
2801,彰銀,30,0,30,群益金鼎-東大,2024-09-16,9135
8937,合騏,29,0,29,群益金鼎-東大,2024-09-16,9135
00857B,永豐20年美公債,29,0,29,群益金鼎-東大,2024-09-16,9135
00919,群益台灣精選高息,34,5,29,群益金鼎-東大,2024-09-16,9135
00720B,元大投資級公司債,30,1,29,群益金鼎-東大,2024-09-16,9135
3209,全科,24,0,24,群益金鼎-東大,2024-09-16,9135
1735,日勝化,23,0,23,群益金鼎-東大,2024-09-16,9135
6187,萬潤,37,16,21,群益金鼎-東大,2024-09-16,9135
2344,華邦電,24,3,21,群益金鼎-東大,2024-09-16,9135
9938,百和,23,2,21,群益金鼎-東大,2024-09-16,9135
6142,友勁,21,0,21,群益金鼎-東大,2024-09-16,9135
3665,貿聯-KY,20,0,20,群益金鼎-東大,2024-09-16,9135
00934,中信成長高股息,18,0,18,群益金鼎-東大,2024-09-16,9135
00795B,中信美國公債20年,18,0,18,群益金鼎-東大,2024-09-16,9135
00946,群益科技高息成長,18,0,18,群益金鼎-東大,2024-09-16,9135
3705,永信,16,0,16,群益金鼎-東大,2024-09-16,9135
2603,長榮,15,0,15,群益金鼎-東大,2024-09-16,9135
5014,建錩,15,0,15,群益金鼎-東大,2024-09-16,9135
00637L,元大滬深300正2,30,15,15,群益金鼎-東大,2024-09-16,9135
6164,華興,15,0,15,群益金鼎-東大,2024-09-16,9135
3021,鴻名,17,3,14,群益金鼎-東大,2024-09-16,9135
8028,昇陽半導體,21,8,13,群益金鼎-東大,2024-09-16,9135
1522,堤維西,15,3,12,群益金鼎-東大,2024-09-16,9135
4755,三福化,14,2,12,群益金鼎-東大,2024-09-16,9135
4188,安克,12,0,12,群益金鼎-東大,2024-09-16,9135
2324,仁寶,14,2,12,群益金鼎-東大,2024-09-16,9135
00713,元大台灣高息低波,12,0,12,群益金鼎-東大,2024-09-16,9135
0056,元大高股息,11,0,11,群益金鼎-東大,2024-09-16,9135
2891,中信金,18,7,11,群益金鼎-東大,2024-09-16,9135
2356,英業達,13,2,11,群益金鼎-東大,2024-09-16,9135
00715L,期街口布蘭特正2,61,50,11,群益金鼎-東大,2024-09-16,9135
00878,國泰永續高股息,12,2,10,群益金鼎-東大,2024-09-16,9135
2402,毅嘉,10,0,10,群益金鼎-東大,2024-09-16,9135
00929,復華台灣科技優息,218,0,218,群益金鼎-東大,2024-09-18,9135
00930,永豐ESG低碳高息,81,0,81,群益金鼎-東大,2024-09-18,9135
6830,汎銓,80,2,78,群益金鼎-東大,2024-09-18,9135
00948B,中信優息投資級債,51,0,51,群益金鼎-東大,2024-09-18,9135
3289,宜特,62,11,51,群益金鼎-東大,2024-09-18,9135
00919,群益台灣精選高息,48,3,45,群益金鼎-東大,2024-09-18,9135
00918,大華優利高填息30,41,0,41,群益金鼎-東大,2024-09-18,9135
00679B,元大美債20年,88,49,39,群益金鼎-東大,2024-09-18,9135
00915,凱基優選高股息30,36,0,36,群益金鼎-東大,2024-09-18,9135
00687B,國泰20年美債,85,49,36,群益金鼎-東大,2024-09-18,9135
00940,元大台灣價值高息,39,3,36,群益金鼎-東大,2024-09-18,9135
2317,鴻海,35,1,34,群益金鼎-東大,2024-09-18,9135
2515,中工,51,20,31,群益金鼎-東大,2024-09-18,9135
00715L,期街口布蘭特正2,40,11,29,群益金鼎-東大,2024-09-18,9135
00713,元大台灣高息低波,32,4,28,群益金鼎-東大,2024-09-18,9135
8150,南茂,36,11,25,群益金鼎-東大,2024-09-18,9135
6829,千附精密,31,6,25,群益金鼎-東大,2024-09-18,9135
0056,元大高股息,23,0,23,群益金鼎-東大,2024-09-18,9135
1570,力肯,20,0,20,群益金鼎-東大,2024-09-18,9135
2888A,新光金甲特,20,0,20,群益金鼎-東大,2024-09-18,9135
1785,光洋科,51,32,19,群益金鼎-東大,2024-09-18,9135
00934,中信成長高股息,18,0,18,群益金鼎-東大,2024-09-18,9135
6133,金橋,18,0,18,群益金鼎-東大,2024-09-18,9135
2344,華邦電,21,5,16,群益金鼎-東大,2024-09-18,9135
00786B,元大10年IG銀行債,16,0,16,群益金鼎-東大,2024-09-18,9135
1434,福懋,15,0,15,群益金鼎-東大,2024-09-18,9135
4906,正文,15,0,15,群益金鼎-東大,2024-09-18,9135
6288,聯嘉,15,0,15,群益金鼎-東大,2024-09-18,9135
00935,野村臺灣新科技50,21,8,13,群益金鼎-東大,2024-09-18,9135
3062,建漢,25,13,12,群益金鼎-東大,2024-09-18,9135
4958,臻鼎-KY,12,0,12,群益金鼎-東大,2024-09-18,9135
00946,群益科技高息成長,12,0,12,群益金鼎-東大,2024-09-18,9135
3081,聯亞,12,0,12,群益金鼎-東大,2024-09-18,9135
2347,聯強,17,5,12,群益金鼎-東大,2024-09-18,9135
2888,新光金,146,135,11,群益金鼎-東大,2024-09-18,9135
2303,聯電,11,0,11,群益金鼎-東大,2024-09-18,9135
6168,宏齊,11,0,11,群益金鼎-東大,2024-09-18,9135
3702,大聯大,11,0,11,群益金鼎-東大,2024-09-18,9135
2313,華通,11,1,10,群益金鼎-東大,2024-09-18,9135
5905,南仁湖,37,27,10,群益金鼎-東大,2024-09-18,9135
6274,台燿,12,2,10,群益金鼎-東大,2024-09-18,9135
4977,眾達-KY,85,75,10,群益金鼎-東大,2024-09-18,9135
3049,精金,50,40,10,群益金鼎-東大,2024-09-18,9135
3450,聯鈞,10,0,10,群益金鼎-東大,2024-09-18,9135
3231,緯創,11,1,10,群益金鼎-東大,2024-09-18,9135
3406,玉晶光,9,0,9,群益金鼎-東大,2024-09-18,9135
3147,大綜,9,0,9,群益金鼎-東大,2024-09-18,9135
00706L,期元大S＆P日圓正2,9,0,9,群益金鼎-東大,2024-09-18,9135
5234,達興材料,14,5,9,群益金鼎-東大,2024-09-18,9135
6517,保勝光學,8,0,8,群益金鼎-東大,2024-09-18,9135
00937B,群益ESG投等債20,1429,52,1377,群益金鼎-東大,2024-09-19,9135
00948B,中信優息投資級債,139,0,139,群益金鼎-東大,2024-09-19,9135
00680L,元大美債20正2,202,66,136,群益金鼎-東大,2024-09-19,9135
2347,聯強,102,10,92,群益金鼎-東大,2024-09-19,9135
00929,復華台灣科技優息,83,1,82,群益金鼎-東大,2024-09-19,9135
00687B,國泰20年美債,182,105,77,群益金鼎-東大,2024-09-19,9135
2897A,王道銀甲特,76,0,76,群益金鼎-東大,2024-09-19,9135
00740B,富邦全球投等債,75,0,75,群益金鼎-東大,2024-09-19,9135
00679B,元大美債20年,93,25,68,群益金鼎-東大,2024-09-19,9135
00720B,元大投資級公司債,70,6,64,群益金鼎-東大,2024-09-19,9135
4526,東台,66,5,61,群益金鼎-東大,2024-09-19,9135
8150,南茂,87,26,61,群益金鼎-東大,2024-09-19,9135
00753L,中信中國50正2,60,0,60,群益金鼎-東大,2024-09-19,9135
3663,鑫科,57,6,51,群益金鼎-東大,2024-09-19,9135
4716,大立,71,22,49,群益金鼎-東大,2024-09-19,9135
00919,群益台灣精選高息,51,5,46,群益金鼎-東大,2024-09-19,9135
6830,汎銓,53,7,46,群益金鼎-東大,2024-09-19,9135
1313,聯成,45,0,45,群益金鼎-東大,2024-09-19,9135
6288,聯嘉,55,12,43,群益金鼎-東大,2024-09-19,9135
00696B,富邦美債20年,38,0,38,群益金鼎-東大,2024-09-19,9135
3702,大聯大,35,0,35,群益金鼎-東大,2024-09-19,9135
3049,精金,65,33,32,群益金鼎-東大,2024-09-19,9135
3501,維熹,32,0,32,群益金鼎-東大,2024-09-19,9135
1711,永光,66,37,29,群益金鼎-東大,2024-09-19,9135
00642U,期元大S＆P石油,28,0,28,群益金鼎-東大,2024-09-19,9135
6285,啟��,27,0,27,群益金鼎-東大,2024-09-19,9135
3605,宏致,31,5,26,群益金鼎-東大,2024-09-19,9135
2349,錸德,29,4,25,群益金鼎-東大,2024-09-19,9135
00795B,中信美國公債20年,24,0,24,群益金鼎-東大,2024-09-19,9135
00959B,大華投等美債15Y+,22,0,22,群益金鼎-東大,2024-09-19,9135
2369,菱生,21,0,21,群益金鼎-東大,2024-09-19,9135
2601,益航,20,0,20,群益金鼎-東大,2024-09-19,9135
6570,維田,22,2,20,群益金鼎-東大,2024-09-19,9135
00631L,元大台灣50正2,25,6,19,群益金鼎-東大,2024-09-19,9135
4543,萬在,21,2,19,群益金鼎-東大,2024-09-19,9135
2838A,聯邦銀甲特,49,30,19,群益金鼎-東大,2024-09-19,9135
1776,展宇,54,36,18,群益金鼎-東大,2024-09-19,9135
2891,中信金,27,10,17,群益金鼎-東大,2024-09-19,9135
3036,文曄,17,0,17,群益金鼎-東大,2024-09-19,9135
5469,瀚宇博,16,0,16,群益金鼎-東大,2024-09-19,9135
2454,聯發科,15,0,15,群益金鼎-東大,2024-09-19,9135
00878,國泰永續高股息,16,1,15,群益金鼎-東大,2024-09-19,9135
4561,健椿,23,8,15,群益金鼎-東大,2024-09-19,9135
6148,驊宏資,15,0,15,群益金鼎-東大,2024-09-19,9135
3550,聯穎,14,2,12,群益金鼎-東大,2024-09-19,9135
4306,炎洲,12,0,12,群益金鼎-東大,2024-09-19,9135
2610,華航,15,5,10,群益金鼎-東大,2024-09-19,9135
2409,友達,12,2,10,群益金鼎-東大,2024-09-19,9135
1219,福壽,10,0,10,群益金鼎-東大,2024-09-19,9135
1539,巨庭,10,0,10,群益金鼎-東大,2024-09-19,9135
00637L,元大滬深300正2,693,360,333,群益金鼎-東大,2024-09-20,9135
00687B,國泰20年美債,254,91,163,群益金鼎-東大,2024-09-20,9135
2347,聯強,131,12,119,群益金鼎-東大,2024-09-20,9135
00632R,元大台灣50反1,110,0,110,群益金鼎-東大,2024-09-20,9135
1711,永光,226,117,109,群益金鼎-東大,2024-09-20,9135
2399,映泰,207,106,101,群益金鼎-東大,2024-09-20,9135
2897A,王道銀甲特,94,1,93,群益金鼎-東大,2024-09-20,9135
00679B,元大美債20年,67,1,66,群益金鼎-東大,2024-09-20,9135
3715,定穎投控,75,16,59,群益金鼎-東大,2024-09-20,9135
00934,中信成長高股息,54,0,54,群益金鼎-東大,2024-09-20,9135
1727,中華化,58,6,52,群益金鼎-東大,2024-09-20,9135
1717,長興,51,1,50,群益金鼎-東大,2024-09-20,9135
00948B,中信優息投資級債,83,41,42,群益金鼎-東大,2024-09-20,9135
00720B,元大投資級公司債,42,0,42,群益金鼎-東大,2024-09-20,9135
2838A,聯邦銀甲特,39,0,39,群益金鼎-東大,2024-09-20,9135
6217,中探針,40,3,37,群益金鼎-東大,2024-09-20,9135
00878,國泰永續高股息,36,4,32,群益金鼎-東大,2024-09-20,9135
2905,三商,30,0,30,群益金鼎-東大,2024-09-20,9135
8064,東捷,91,63,28,群益金鼎-東大,2024-09-20,9135
1522,堤維西,28,2,26,群益金鼎-東大,2024-09-20,9135
2486,一詮,27,2,25,群益金鼎-東大,2024-09-20,9135
00688L,國泰20年美債正2,25,0,25,群益金鼎-東大,2024-09-20,9135
6829,千附精密,25,0,25,群益金鼎-東大,2024-09-20,9135
1540,喬福,34,11,23,群益金鼎-東大,2024-09-20,9135
2887,台新金,22,0,22,群益金鼎-東大,2024-09-20,9135
00696B,富邦美債20年,22,0,22,群益金鼎-東大,2024-09-20,9135
2464,盟立,48,27,21,群益金鼎-東大,2024-09-20,9135
3013,晟銘電,33,12,21,群益金鼎-東大,2024-09-20,9135
00946,群益科技高息成長,20,1,19,群益金鼎-東大,2024-09-20,9135
00960,野村全球航運龍頭,18,0,18,群益金鼎-東大,2024-09-20,9135
3379,彬台,19,1,18,群益金鼎-東大,2024-09-20,9135
4306,炎洲,18,0,18,群益金鼎-東大,2024-09-20,9135
4542,科嶠,30,12,18,群益金鼎-東大,2024-09-20,9135
2303,聯電,19,2,17,群益金鼎-東大,2024-09-20,9135
2601,益航,17,0,17,群益金鼎-東大,2024-09-20,9135
00915,凱基優選高股息30,20,4,16,群益金鼎-東大,2024-09-20,9135
00635U,期元大S＆P黃金,15,0,15,群益金鼎-東大,2024-09-20,9135
2881A,富邦特,15,0,15,群益金鼎-東大,2024-09-20,9135
6163,華電網,16,1,15,群益金鼎-東大,2024-09-20,9135
3550,聯穎,32,17,15,群益金鼎-東大,2024-09-20,9135
5512,力麒,14,0,14,群益金鼎-東大,2024-09-20,9135
3049,精金,70,56,14,群益金鼎-東大,2024-09-20,9135
00633L,富邦上証正2,14,0,14,群益金鼎-東大,2024-09-20,9135
1101,台泥,14,1,13,群益金鼎-東大,2024-09-20,9135
3703,欣陸,12,0,12,群益金鼎-東大,2024-09-20,9135
2495,普安,13,1,12,群益金鼎-東大,2024-09-20,9135
2352,佳世達,12,0,12,群益金鼎-東大,2024-09-20,9135
3597,映興,21,10,11,群益金鼎-東大,2024-09-20,9135
0056,元大高股息,15,4,11,群益金鼎-東大,2024-09-20,9135
00951,台新日本半導體,11,0,11,群益金鼎-東大,2024-09-20,9135
00919,群益台灣精選高息,354,4,350,群益金鼎-東大,2024-09-23,9135
00929,復華台灣科技優息,158,1,157,群益金鼎-東大,2024-09-23,9135
2897A,王道銀甲特,150,0,150,群益金鼎-東大,2024-09-23,9135
00937B,群益ESG投等債20,136,35,101,群益金鼎-東大,2024-09-23,9135
00687B,國泰20年美債,139,43,96,群益金鼎-東大,2024-09-23,9135
2399,映泰,103,16,87,群益金鼎-東大,2024-09-23,9135
2347,聯強,97,12,85,群益金鼎-東大,2024-09-23,9135
2062,橋椿,71,9,62,群益金鼎-東大,2024-09-23,9135
00945B,凱基美國非投等債,60,0,60,群益金鼎-東大,2024-09-23,9135
3715,定穎投控,126,67,59,群益金鼎-東大,2024-09-23,9135
00882,中信中國高股息,57,0,57,群益金鼎-東大,2024-09-23,9135
00960,野村全球航運龍頭,54,0,54,群益金鼎-東大,2024-09-23,9135
2888,新光金,88,38,50,群益金鼎-東大,2024-09-23,9135
8176,智捷,50,0,50,群益金鼎-東大,2024-09-23,9135
00679B,元大美債20年,121,83,38,群益金鼎-東大,2024-09-23,9135
00948B,中信優息投資級債,35,0,35,群益金鼎-東大,2024-09-23,9135
00696B,富邦美債20年,33,0,33,群益金鼎-東大,2024-09-23,9135
2442,新美齊,55,24,31,群益金鼎-東大,2024-09-23,9135
00713,元大台灣高息低波,35,4,31,群益金鼎-東大,2024-09-23,9135
5309,系統電,24,0,24,群益金鼎-東大,2024-09-23,9135
1584,精剛,25,1,24,群益金鼎-東大,2024-09-23,9135
1785,光洋科,43,19,24,群益金鼎-東大,2024-09-23,9135
6177,達麗,22,0,22,群益金鼎-東大,2024-09-23,9135
8927,北基,20,0,20,群益金鼎-東大,2024-09-23,9135
00706L,期元大S＆P日圓正2,27,8,19,群益金鼎-東大,2024-09-23,9135
3010,華立,20,2,18,群益金鼎-東大,2024-09-23,9135
6532,瑞耘,17,1,16,群益金鼎-東大,2024-09-23,9135
2495,普安,23,8,15,群益金鼎-東大,2024-09-23,9135
8027,鈦昇,28,14,14,群益金鼎-東大,2024-09-23,9135
1710,東聯,13,0,13,群益金鼎-東大,2024-09-23,9135
8150,南茂,13,0,13,群益金鼎-東大,2024-09-23,9135
3049,精金,31,19,12,群益金鼎-東大,2024-09-23,9135
00673R,期元大S＆P原油反1,12,0,12,群益金鼎-東大,2024-09-23,9135
2464,盟立,19,7,12,群益金鼎-東大,2024-09-23,9135
6217,中探針,11,0,11,群益金鼎-東大,2024-09-23,9135
3673,TPK-KY,12,1,11,群益金鼎-東大,2024-09-23,9135
5608,四維航,11,0,11,群益金鼎-東大,2024-09-23,9135
3703,欣陸,11,0,11,群益金鼎-東大,2024-09-23,9135
2312,金寶,18,8,10,群益金鼎-東大,2024-09-23,9135
2915,潤泰全,10,0,10,群益金鼎-東大,2024-09-23,9135
6283,淳安,10,0,10,群益金鼎-東大,2024-09-23,9135
00738U,期元大道瓊白銀,10,0,10,群益金鼎-東大,2024-09-23,9135
00900,富邦特選高股息30,10,0,10,群益金鼎-東大,2024-09-23,9135
3607,谷崧,10,0,10,群益金鼎-東大,2024-09-23,9135
8089,康全電訊,10,0,10,群益金鼎-東大,2024-09-23,9135
1438,三地開發,10,1,9,群益金鼎-東大,2024-09-23,9135
1524,耿鼎,13,4,9,群益金鼎-東大,2024-09-23,9135
4766,南寶,11,2,9,群益金鼎-東大,2024-09-23,9135
2204,中華,9,0,9,群益金鼎-東大,2024-09-23,9135
00795B,中信美國公債20年,12,4,8,群益金鼎-東大,2024-09-23,9135
00688L,國泰20年美債正2,260,10,250,群益金鼎-東大,2024-09-24,9135
00680L,元大美債20正2,338,115,223,群益金鼎-東大,2024-09-24,9135
00632R,元大台灣50反1,125,7,118,群益金鼎-東大,2024-09-24,9135
00696B,富邦美債20年,91,10,81,群益金鼎-東大,2024-09-24,9135
2347,聯強,83,8,75,群益金鼎-東大,2024-09-24,9135
00679B,元大美債20年,76,3,73,群益金鼎-東大,2024-09-24,9135
8111,立��,69,7,62,群益金鼎-東大,2024-09-24,9135
00706L,期元大S＆P日圓正2,72,12,60,群益金鼎-東大,2024-09-24,9135
1217,愛之味,60,0,60,群益金鼎-東大,2024-09-24,9135
6241,易通展,55,0,55,群益金鼎-東大,2024-09-24,9135
2630,亞航,46,5,41,群益金鼎-東大,2024-09-24,9135
00937B,群益ESG投等債20,112,75,37,群益金鼎-東大,2024-09-24,9135
2609,陽明,132,96,36,群益金鼎-東大,2024-09-24,9135
6830,汎銓,43,9,34,群益金鼎-東大,2024-09-24,9135
00720B,元大投資級公司債,33,0,33,群益金鼎-東大,2024-09-24,9135
5438,東友,30,0,30,群益金鼎-東大,2024-09-24,9135
00948B,中信優息投資級債,28,0,28,群益金鼎-東大,2024-09-24,9135
00740B,富邦全球投等債,28,0,28,群益金鼎-東大,2024-09-24,9135
3231,緯創,30,2,28,群益金鼎-東大,2024-09-24,9135
6163,華電網,55,28,27,群益金鼎-東大,2024-09-24,9135
3673,TPK-KY,39,12,27,群益金鼎-東大,2024-09-24,9135
8150,南茂,26,0,26,群益金鼎-東大,2024-09-24,9135
2349,錸德,26,1,25,群益金鼎-東大,2024-09-24,9135
3264,欣銓,25,0,25,群益金鼎-東大,2024-09-24,9135
4513,福裕,38,13,25,群益金鼎-東大,2024-09-24,9135
2888,新光金,24,0,24,群益金鼎-東大,2024-09-24,9135
3062,建漢,27,3,24,群益金鼎-東大,2024-09-24,9135
3019,亞光,24,1,23,群益金鼎-東大,2024-09-24,9135
3710,連展投控,22,0,22,群益金鼎-東大,2024-09-24,9135
00687B,國泰20年美債,177,155,22,群益金鼎-東大,2024-09-24,9135
3702,大聯大,20,0,20,群益金鼎-東大,2024-09-24,9135
4729,熒茂,24,4,20,群益金鼎-東大,2024-09-24,9135
6213,聯茂,20,0,20,群益金鼎-東大,2024-09-24,9135
2505,國揚,23,4,19,群益金鼎-東大,2024-09-24,9135
5469,瀚宇博,35,17,18,群益金鼎-東大,2024-09-24,9135
3564,其陽,24,7,17,群益金鼎-東大,2024-09-24,9135
3010,華立,17,0,17,群益金鼎-東大,2024-09-24,9135
3481,群創,17,1,16,群益金鼎-東大,2024-09-24,9135
00919,群益台灣精選高息,19,4,15,群益金鼎-東大,2024-09-24,9135
3430,奇鈦科,15,0,15,群益金鼎-東大,2024-09-24,9135
8032,光菱,19,4,15,群益金鼎-東大,2024-09-24,9135
3450,聯鈞,48,34,14,群益金鼎-東大,2024-09-24,9135
00931B,統一美債20年,15,2,13,群益金鼎-東大,2024-09-24,9135
00929,復華台灣科技優息,32,19,13,群益金鼎-東大,2024-09-24,9135
6706,惠特,18,6,12,群益金鼎-東大,2024-09-24,9135
8404,百和興業-KY,12,0,12,群益金鼎-東大,2024-09-24,9135
00960,野村全球航運龍頭,25,13,12,群益金鼎-東大,2024-09-24,9135
5347,世界,14,2,12,群益金鼎-東大,2024-09-24,9135
4909,新復興,29,17,12,群益金鼎-東大,2024-09-24,9135
2610,華航,13,2,11,群益金鼎-東大,2024-09-24,9135
00632R,元大台灣50反1,205,30,175,群益金鼎-東大,2024-09-25,9135
2412,中華電,120,2,118,群益金鼎-東大,2024-09-25,9135
00687B,國泰20年美債,141,35,106,群益金鼎-東大,2024-09-25,9135
8076,伍豐,105,3,102,群益金鼎-東大,2024-09-25,9135
00679B,元大美債20年,96,20,76,群益金鼎-東大,2024-09-25,9135
00937B,群益ESG投等債20,99,46,53,群益金鼎-東大,2024-09-25,9135
00753L,中信中國50正2,50,0,50,群益金鼎-東大,2024-09-25,9135
5213,亞昕,50,1,49,群益金鼎-東大,2024-09-25,9135
00665L,富邦�琤肭磪囓�2,48,0,48,群益金鼎-東大,2024-09-25,9135
00929,復華台灣科技優息,48,0,48,群益金鼎-東大,2024-09-25,9135
3047,訊舟,64,22,42,群益金鼎-東大,2024-09-25,9135
2618,長榮航,40,1,39,群益金鼎-東大,2024-09-25,9135
2449,京元電子,41,10,31,群益金鼎-東大,2024-09-25,9135
2002,中鋼,30,0,30,群益金鼎-東大,2024-09-25,9135
2601,益航,30,0,30,群益金鼎-東大,2024-09-25,9135
00931B,統一美債20年,29,0,29,群益金鼎-東大,2024-09-25,9135
1605,華新,30,1,29,群益金鼎-東大,2024-09-25,9135
3284,太普高,29,2,27,群益金鼎-東大,2024-09-25,9135
00948B,中信優息投資級債,25,0,25,群益金鼎-東大,2024-09-25,9135
8240,華宏,27,4,23,群益金鼎-東大,2024-09-25,9135
6288,聯嘉,22,0,22,群益金鼎-東大,2024-09-25,9135
8429,金麗-KY,22,0,22,群益金鼎-東大,2024-09-25,9135
2881A,富邦特,20,0,20,群益金鼎-東大,2024-09-25,9135
2838A,聯邦銀甲特,20,0,20,群益金鼎-東大,2024-09-25,9135
3122,笙泉,19,0,19,群益金鼎-東大,2024-09-25,9135
2636,台驊控股,18,0,18,群益金鼎-東大,2024-09-25,9135
00675L,富邦臺灣加權正2,17,0,17,群益金鼎-東大,2024-09-25,9135
6233,旺玖,18,2,16,群益金鼎-東大,2024-09-25,9135
6829,千附精密,45,30,15,群益金鼎-東大,2024-09-25,9135
00680L,元大美債20正2,15,0,15,群益金鼎-東大,2024-09-25,9135
6138,茂達,54,39,15,群益金鼎-東大,2024-09-25,9135
3715,定穎投控,37,22,15,群益金鼎-東大,2024-09-25,9135
2603,長榮,34,20,14,群益金鼎-東大,2024-09-25,9135
2605,新興,14,0,14,群益金鼎-東大,2024-09-25,9135
6967,汎瑋材料,14,0,14,群益金鼎-東大,2024-09-25,9135
6548,長科*,17,3,14,群益金鼎-東大,2024-09-25,9135
2436,偉詮電,84,71,13,群益金鼎-東大,2024-09-25,9135
8996,高力,13,0,13,群益金鼎-東大,2024-09-25,9135
6830,汎銓,12,0,12,群益金鼎-東大,2024-09-25,9135
2884,玉山金,12,0,12,群益金鼎-東大,2024-09-25,9135
00655L,國泰中國A50正2,27,15,12,群益金鼎-東大,2024-09-25,9135
2495,普安,13,1,12,群益金鼎-東大,2024-09-25,9135
6235,華孚,13,2,11,群益金鼎-東大,2024-09-25,9135
2104,國際中橡,11,0,11,群益金鼎-東大,2024-09-25,9135
8112,至上,11,0,11,群益金鼎-東大,2024-09-25,9135
4729,熒茂,11,0,11,群益金鼎-東大,2024-09-25,9135
2365,昆盈,77,66,11,群益金鼎-東大,2024-09-25,9135
2497,怡利電,28,17,11,群益金鼎-東大,2024-09-25,9135
1308,亞聚,10,0,10,群益金鼎-東大,2024-09-25,9135
1459,聯發,10,0,10,群益金鼎-東大,2024-09-25,9135
00948B,中信優息投資級債,434,0,434,群益金鼎-東大,2024-09-26,9135
00688L,國泰20年美債正2,245,0,245,群益金鼎-東大,2024-09-26,9135
00687B,國泰20年美債,239,7,232,群益金鼎-東大,2024-09-26,9135
00680L,元大美債20正2,220,1,219,群益金鼎-東大,2024-09-26,9135
00937B,群益ESG投等債20,136,10,126,群益金鼎-東大,2024-09-26,9135
00706L,期元大S＆P日圓正2,114,0,114,群益金鼎-東大,2024-09-26,9135
2347,聯強,118,8,110,群益金鼎-東大,2024-09-26,9135
3550,聯穎,97,4,93,群益金鼎-東大,2024-09-26,9135
3189,景碩,92,1,91,群益金鼎-東大,2024-09-26,9135
00715L,期街口布蘭特正2,62,0,62,群益金鼎-東大,2024-09-26,9135
00960,野村全球航運龍頭,101,42,59,群益金鼎-東大,2024-09-26,9135
2317,鴻海,61,8,53,群益金鼎-東大,2024-09-26,9135
00795B,中信美國公債20年,51,0,51,群益金鼎-東大,2024-09-26,9135
6241,易通展,51,0,51,群益金鼎-東大,2024-09-26,9135
00679B,元大美債20年,57,10,47,群益金鼎-東大,2024-09-26,9135
00918,大華優利高填息30,41,0,41,群益金鼎-東大,2024-09-26,9135
3615,安可,35,1,34,群益金鼎-東大,2024-09-26,9135
3147,大綜,33,0,33,群益金鼎-東大,2024-09-26,9135
00915,凱基優選高股息30,31,0,31,群益金鼎-東大,2024-09-26,9135
9105,泰金寶-DR,30,0,30,群益金鼎-東大,2024-09-26,9135
2542,興富發,41,12,29,群益金鼎-東大,2024-09-26,9135
3022,威強電,27,0,27,群益金鼎-東大,2024-09-26,9135
6138,茂達,35,10,25,群益金鼎-東大,2024-09-26,9135
3264,欣銓,25,0,25,群益金鼎-東大,2024-09-26,9135
00712,復華富時不動產,27,4,23,群益金鼎-東大,2024-09-26,9135
2352,佳世達,22,0,22,群益金鼎-東大,2024-09-26,9135
8076,伍豐,30,8,22,群益金鼎-東大,2024-09-26,9135
6213,聯茂,22,0,22,群益金鼎-東大,2024-09-26,9135
00740B,富邦全球投等債,20,0,20,群益金鼎-東大,2024-09-26,9135
00956,中信日經高股息,20,0,20,群益金鼎-東大,2024-09-26,9135
00952,凱基台灣AI50,22,2,20,群益金鼎-東大,2024-09-26,9135
8093,保銳,20,0,20,群益金鼎-東大,2024-09-26,9135
4908,前鼎,19,0,19,群益金鼎-東大,2024-09-26,9135
3167,大量,19,0,19,群益金鼎-東大,2024-09-26,9135
00696B,富邦美債20年,18,0,18,群益金鼎-東大,2024-09-26,9135
1313,聯成,15,0,15,群益金鼎-東大,2024-09-26,9135
1785,光洋科,28,13,15,群益金鼎-東大,2024-09-26,9135
2439,美律,15,0,15,群益金鼎-東大,2024-09-26,9135
4909,新復興,62,48,14,群益金鼎-東大,2024-09-26,9135
2419,仲琦,14,0,14,群益金鼎-東大,2024-09-26,9135
2312,金寶,58,44,14,群益金鼎-東大,2024-09-26,9135
5309,系統電,13,0,13,群益金鼎-東大,2024-09-26,9135
4527,方土霖,13,0,13,群益金鼎-東大,2024-09-26,9135
00720B,元大投資級公司債,13,0,13,群益金鼎-東大,2024-09-26,9135
2363,矽統,40,28,12,群益金鼎-東大,2024-09-26,9135
2365,昆盈,15,3,12,群益金鼎-東大,2024-09-26,9135
3163,波若威,15,4,11,群益金鼎-東大,2024-09-26,9135
2464,盟立,12,1,11,群益金鼎-東大,2024-09-26,9135
1586,和勤,11,0,11,群益金鼎-東大,2024-09-26,9135
2402,毅嘉,11,1,10,群益金鼎-東大,2024-09-26,9135
00937B,群益ESG投等債20,140,1,139,群益金鼎-東大,2024-09-27,9135
00632R,元大台灣50反1,230,100,130,群益金鼎-東大,2024-09-27,9135
00687B,國泰20年美債,132,8,124,群益金鼎-東大,2024-09-27,9135
00712,復華富時不動產,123,0,123,群益金鼎-東大,2024-09-27,9135
5014,建錩,102,0,102,群益金鼎-東大,2024-09-27,9135
00706L,期元大S＆P日圓正2,93,0,93,群益金鼎-東大,2024-09-27,9135
00948B,中信優息投資級債,82,0,82,群益金鼎-東大,2024-09-27,9135
00665L,富邦�琤肭磪囓�2,111,43,68,群益金鼎-東大,2024-09-27,9135
3483,力致,62,4,58,群益金鼎-東大,2024-09-27,9135
00696B,富邦美債20年,53,1,52,群益金鼎-東大,2024-09-27,9135
2891,中信金,55,3,52,群益金鼎-東大,2024-09-27,9135
6246,臺龍,51,1,50,群益金鼎-東大,2024-09-27,9135
6568,宏觀,42,0,42,群益金鼎-東大,2024-09-27,9135
2032,新鋼,37,0,37,群益金鼎-東大,2024-09-27,9135
00715L,期街口布蘭特正2,84,50,34,群益金鼎-東大,2024-09-27,9135
00960,野村全球航運龍頭,52,20,32,群益金鼎-東大,2024-09-27,9135
8150,南茂,30,1,29,群益金鼎-東大,2024-09-27,9135
2929,淘帝-KY,21,1,20,群益金鼎-東大,2024-09-27,9135
2104,國際中橡,20,0,20,群益金鼎-東大,2024-09-27,9135
2601,益航,19,0,19,群益金鼎-東大,2024-09-27,9135
00651R,復華香港反1,27,8,19,群益金鼎-東大,2024-09-27,9135
6233,旺玖,19,0,19,群益金鼎-東大,2024-09-27,9135
00935,野村臺灣新科技50,20,1,19,群益金鼎-東大,2024-09-27,9135
00740B,富邦全球投等債,19,0,19,群益金鼎-東大,2024-09-27,9135
6782,視陽,19,0,19,群益金鼎-東大,2024-09-27,9135
2436,偉詮電,20,1,19,群益金鼎-東大,2024-09-27,9135
5871,中租-KY,23,4,19,群益金鼎-東大,2024-09-27,9135
2382,廣達,24,6,18,群益金鼎-東大,2024-09-27,9135
6570,維田,35,18,17,群益金鼎-東大,2024-09-27,9135
2886,兆豐金,17,0,17,群益金鼎-東大,2024-09-27,9135
00675L,富邦臺灣加權正2,17,1,16,群益金鼎-東大,2024-09-27,9135
00795B,中信美國公債20年,16,0,16,群益金鼎-東大,2024-09-27,9135
8076,伍豐,16,0,16,群益金鼎-東大,2024-09-27,9135
5386,青雲,31,15,16,群益金鼎-東大,2024-09-27,9135
00926,凱基全球菁英55,15,0,15,群益金鼎-東大,2024-09-27,9135
00933B,國泰10Y+金融債,17,3,14,群益金鼎-東大,2024-09-27,9135
2031,新光鋼,16,2,14,群益金鼎-東大,2024-09-27,9135
6177,達麗,16,2,14,群益金鼎-東大,2024-09-27,9135
3062,建漢,14,0,14,群益金鼎-東大,2024-09-27,9135
00751B,元大AAA至A公司債,14,1,13,群益金鼎-東大,2024-09-27,9135
1305,華夏,13,0,13,群益金鼎-東大,2024-09-27,9135
2888,新光金,14,2,12,群益金鼎-東大,2024-09-27,9135
00673R,期元大S＆P原油反1,50,38,12,群益金鼎-東大,2024-09-27,9135
1735,日勝化,16,4,12,群益金鼎-東大,2024-09-27,9135
2913,農林,15,3,12,群益金鼎-東大,2024-09-27,9135
2486,一詮,27,16,11,群益金鼎-東大,2024-09-27,9135
8110,華東,11,0,11,群益金鼎-東大,2024-09-27,9135
00720B,元大投資級公司債,11,0,11,群益金鼎-東大,2024-09-27,9135
4729,熒茂,67,56,11,群益金鼎-東大,2024-09-27,9135
00958B,永豐ESG銀行債15,10,0,10,群益金鼎-東大,2024-09-27,9135
00679B,元大美債20年,176,0,176,群益金鼎-東大,2024-09-30,9135
00929,復華台灣科技優息,155,9,146,群益金鼎-東大,2024-09-30,9135
2014,中鴻,320,185,135,群益金鼎-東大,2024-09-30,9135
8070,長華*,117,11,106,群益金鼎-東大,2024-09-30,9135
3045,台灣大,500,400,100,群益金鼎-東大,2024-09-30,9135
00637L,元大滬深300正2,1105,1011,94,群益金鼎-東大,2024-09-30,9135
00919,群益台灣精選高息,101,16,85,群益金鼎-東大,2024-09-30,9135
2362,藍天,90,21,69,群益金鼎-東大,2024-09-30,9135
00948B,中信優息投資級債,67,0,67,群益金鼎-東大,2024-09-30,9135
00687B,國泰20年美債,71,8,63,群益金鼎-東大,2024-09-30,9135
3550,聯穎,79,21,58,群益金鼎-東大,2024-09-30,9135
00937B,群益ESG投等債20,68,10,58,群益金鼎-東大,2024-09-30,9135
00935,野村臺灣新科技50,40,0,40,群益金鼎-東大,2024-09-30,9135
2897B,王道銀乙特,51,17,34,群益金鼎-東大,2024-09-30,9135
00688L,國泰20年美債正2,35,2,33,群益金鼎-東大,2024-09-30,9135
1776,展宇,33,2,31,群益金鼎-東大,2024-09-30,9135
8028,昇陽半導體,30,3,27,群益金鼎-東大,2024-09-30,9135
1101,台泥,28,4,24,群益金鼎-東大,2024-09-30,9135
2486,一詮,27,5,22,群益金鼎-東大,2024-09-30,9135
1340,勝悅-KY,22,1,21,群益金鼎-東大,2024-09-30,9135
3019,亞光,22,1,21,群益金鼎-東大,2024-09-30,9135
6265,方土昶,21,0,21,群益金鼎-東大,2024-09-30,9135
3576,聯合再生,20,0,20,群益金鼎-東大,2024-09-30,9135
3049,精金,22,2,20,群益金鼎-東大,2024-09-30,9135
00671R,富邦NASDAQ反1,20,0,20,群益金鼎-東大,2024-09-30,9135
3481,群創,33,13,20,群益金鼎-東大,2024-09-30,9135
00753L,中信中國50正2,31,11,20,群益金鼎-東大,2024-09-30,9135
1309,台達化,68,48,20,群益金鼎-東大,2024-09-30,9135
2442,新美齊,19,0,19,群益金鼎-東大,2024-09-30,9135
00952,凱基台灣AI50,21,2,19,群益金鼎-東大,2024-09-30,9135
2641,正德,20,2,18,群益金鼎-東大,2024-09-30,9135
00752,中信中國50,27,9,18,群益金鼎-東大,2024-09-30,9135
6509,聚和,18,1,17,群益金鼎-東大,2024-09-30,9135
6026,福邦證,17,0,17,群益金鼎-東大,2024-09-30,9135
1909,榮成,17,1,16,群益金鼎-東大,2024-09-30,9135
00651R,復華香港反1,25,9,16,群益金鼎-東大,2024-09-30,9135
00725B,國泰投資級公司債,21,5,16,群益金鼎-東大,2024-09-30,9135
2455,全新,26,11,15,群益金鼎-東大,2024-09-30,9135
2347,聯強,23,8,15,群益金鼎-東大,2024-09-30,9135
2032,新鋼,15,0,15,群益金鼎-東大,2024-09-30,9135
00891,中信關鍵半導體,14,0,14,群益金鼎-東大,2024-09-30,9135
6138,茂達,16,2,14,群益金鼎-東大,2024-09-30,9135
2330,台積電,21,8,13,群益金鼎-東大,2024-09-30,9135
5608,四維航,18,5,13,群益金鼎-東大,2024-09-30,9135
3305,昇貿,16,3,13,群益金鼎-東大,2024-09-30,9135
1727,中華化,14,2,12,群益金鼎-東大,2024-09-30,9135
0056,元大高股息,12,1,11,群益金鼎-東大,2024-09-30,9135
2497,怡利電,20,9,11,群益金鼎-東大,2024-09-30,9135
3702,大聯大,11,0,11,群益金鼎-東大,2024-09-30,9135
1605,華新,11,0,11,群益金鼎-東大,2024-09-30,9135
00706L,期元大S＆P日圓正2,110,0,110,群益金鼎-東大,2024-10-01,9135
2312,金寶,100,5,95,群益金鼎-東大,2024-10-01,9135
2347,聯強,82,5,77,群益金鼎-東大,2024-10-01,9135
2801,彰銀,51,0,51,群益金鼎-東大,2024-10-01,9135
00688L,國泰20年美債正2,50,0,50,群益金鼎-東大,2024-10-01,9135
00929,復華台灣科技優息,85,36,49,群益金鼎-東大,2024-10-01,9135
0056,元大高股息,35,0,35,群益金鼎-東大,2024-10-01,9135
00671R,富邦NASDAQ反1,35,0,35,群益金鼎-東大,2024-10-01,9135
3481,群創,55,23,32,群益金鼎-東大,2024-10-01,9135
1605,華新,30,0,30,群益金鼎-東大,2024-10-01,9135
6151,晉倫,38,12,26,群益金鼎-東大,2024-10-01,9135
2243,宏旭-KY,38,13,25,群益金鼎-東大,2024-10-01,9135
00915,凱基優選高股息30,23,0,23,群益金鼎-東大,2024-10-01,9135
00960,野村全球航運龍頭,22,0,22,群益金鼎-東大,2024-10-01,9135
2888,新光金,22,0,22,群益金鼎-東大,2024-10-01,9135
00650L,復華香港正2,21,0,21,群益金鼎-東大,2024-10-01,9135
2845,遠東銀,20,0,20,群益金鼎-東大,2024-10-01,9135
3711,日月光投控,21,1,20,群益金鼎-東大,2024-10-01,9135
00940,元大台灣價值高息,22,5,17,群益金鼎-東大,2024-10-01,9135
3550,聯穎,22,6,16,群益金鼎-東大,2024-10-01,9135
8150,南茂,16,1,15,群益金鼎-東大,2024-10-01,9135
2399,映泰,83,68,15,群益金鼎-東大,2024-10-01,9135
4915,致伸,14,0,14,群益金鼎-東大,2024-10-01,9135
2385,群光,12,0,12,群益金鼎-東大,2024-10-01,9135
3499,環天科,12,0,12,群益金鼎-東大,2024-10-01,9135
2903,遠百,12,0,12,群益金鼎-東大,2024-10-01,9135
4989,榮科,12,0,12,群益金鼎-東大,2024-10-01,9135
2605,新興,13,1,12,群益金鼎-東大,2024-10-01,9135
00937B,群益ESG投等債20,22,10,12,群益金鼎-東大,2024-10-01,9135
2070,精湛,28,17,11,群益金鼎-東大,2024-10-01,9135
3715,定穎投控,36,25,11,群益金鼎-東大,2024-10-01,9135
00923,群益台ESG低碳50,11,0,11,群益金鼎-東大,2024-10-01,9135
1904,正隆,12,1,11,群益金鼎-東大,2024-10-01,9135
00919,群益台灣精選高息,38,28,10,群益金鼎-東大,2024-10-01,9135
3360,尚立,14,4,10,群益金鼎-東大,2024-10-01,9135
2062,橋椿,12,2,10,群益金鼎-東大,2024-10-01,9135
00881,國泰台灣5G+,10,0,10,群益金鼎-東大,2024-10-01,9135
2038,海光,10,0,10,群益金鼎-東大,2024-10-01,9135
00713,元大台灣高息低波,17,8,9,群益金鼎-東大,2024-10-01,9135
3010,華立,9,0,9,群益金鼎-東大,2024-10-01,9135
4979,華星光,89,80,9,群益金鼎-東大,2024-10-01,9135
2609,陽明,26,17,9,群益金鼎-東大,2024-10-01,9135
2618,長榮航,9,1,8,群益金鼎-東大,2024-10-01,9135
4563,百德,23,15,8,群益金鼎-東大,2024-10-01,9135
006208,富邦台50,10,2,8,群益金鼎-東大,2024-10-01,9135
3013,晟銘電,19,12,7,群益金鼎-東大,2024-10-01,9135
6770,力積電,13,6,7,群益金鼎-東大,2024-10-01,9135
1540,喬福,8,1,7,群益金鼎-東大,2024-10-01,9135
3402,漢科,7,0,7,群益金鼎-東大,2024-10-01,9135
3580,友威科,32,25,7,群益金鼎-東大,2024-10-01,9135
00753L,中信中國50正2,541,33,508,群益金鼎-東大,2024-10-04,9135
00665L,富邦�琤肭磪囓�2,502,33,469,群益金鼎-東大,2024-10-04,9135
00637L,元大滬深300正2,1257,806,451,群益金鼎-東大,2024-10-04,9135
00679B,元大美債20年,221,2,219,群益金鼎-東大,2024-10-04,9135
2888,新光金,210,20,190,群益金鼎-東大,2024-10-04,9135
2419,仲琦,210,22,188,群益金鼎-東大,2024-10-04,9135
3045,台灣大,370,272,98,群益金鼎-東大,2024-10-04,9135
00919,群益台灣精選高息,110,18,92,群益金鼎-東大,2024-10-04,9135
00671R,富邦NASDAQ反1,50,0,50,群益金鼎-東大,2024-10-04,9135
00940,元大台灣價值高息,56,8,48,群益金鼎-東大,2024-10-04,9135
2618,長榮航,46,4,42,群益金鼎-東大,2024-10-04,9135
2498,宏達電,96,54,42,群益金鼎-東大,2024-10-04,9135
0056,元大高股息,42,0,42,群益金鼎-東大,2024-10-04,9135
5876,上海商銀,37,0,37,群益金鼎-東大,2024-10-04,9135
00929,復華台灣科技優息,90,54,36,群益金鼎-東大,2024-10-04,9135
3580,友威科,37,2,35,群益金鼎-東大,2024-10-04,9135
2312,金寶,35,0,35,群益金鼎-東大,2024-10-04,9135
2497,怡利電,58,25,33,群益金鼎-東大,2024-10-04,9135
00706L,期元大S＆P日圓正2,33,0,33,群益金鼎-東大,2024-10-04,9135
6241,易通展,32,0,32,群益金鼎-東大,2024-10-04,9135
00712,復華富時不動產,31,0,31,群益金鼎-東大,2024-10-04,9135
00878,國泰永續高股息,36,5,31,群益金鼎-東大,2024-10-04,9135
00937B,群益ESG投等債20,32,2,30,群益金鼎-東大,2024-10-04,9135
00948B,中信優息投資級債,27,0,27,群益金鼎-東大,2024-10-04,9135
2610,華航,26,1,25,群益金鼎-東大,2024-10-04,9135
00650L,復華香港正2,40,15,25,群益金鼎-東大,2024-10-04,9135
5347,世界,27,2,25,群益金鼎-東大,2024-10-04,9135
00713,元大台灣高息低波,22,0,22,群益金鼎-東大,2024-10-04,9135
3041,揚智,21,0,21,群益金鼎-東大,2024-10-04,9135
00720B,元大投資級公司債,23,2,21,群益金鼎-東大,2024-10-04,9135
2905,三商,20,0,20,群益金鼎-東大,2024-10-04,9135
2609,陽明,137,117,20,群益金鼎-東大,2024-10-04,9135
2303,聯電,21,2,19,群益金鼎-東大,2024-10-04,9135
00960,野村全球航運龍頭,19,1,18,群益金鼎-東大,2024-10-04,9135
00651R,復華香港反1,18,2,16,群益金鼎-東大,2024-10-04,9135
6163,華電網,16,0,16,群益金鼎-東大,2024-10-04,9135
2603,長榮,19,4,15,群益金鼎-東大,2024-10-04,9135
1303,南亞,21,6,15,群益金鼎-東大,2024-10-04,9135
00740B,富邦全球投等債,15,0,15,群益金鼎-東大,2024-10-04,9135
2515,中工,15,0,15,群益金鼎-東大,2024-10-04,9135
2641,正德,13,0,13,群益金鼎-東大,2024-10-04,9135
8039,台虹,17,4,13,群益金鼎-東大,2024-10-04,9135
3374,精材,26,13,13,群益金鼎-東大,2024-10-04,9135
8070,長華*,62,50,12,群益金鼎-東大,2024-10-04,9135
1569,濱川,14,2,12,群益金鼎-東大,2024-10-04,9135
2834,臺企銀,14,2,12,群益金鼎-東大,2024-10-04,9135
2382,廣達,14,2,12,群益金鼎-東大,2024-10-04,9135
3363,上詮,13,1,12,群益金鼎-東大,2024-10-04,9135
4971,IET-KY,12,1,11,群益金鼎-東大,2024-10-04,9135
2425,承啟,11,0,11,群益金鼎-東大,2024-10-04,9135
00637L,元大滬深300正2,622,360,262,群益金鼎-東大,2024-10-07,9135
00706L,期元大S＆P日圓正2,135,1,134,群益金鼎-東大,2024-10-07,9135
00753L,中信中國50正2,135,11,124,群益金鼎-東大,2024-10-07,9135
00725B,國泰投資級公司債,129,5,124,群益金鼎-東大,2024-10-07,9135
00927,群益半導體收益,94,0,94,群益金鼎-東大,2024-10-07,9135
00632R,元大台灣50反1,80,0,80,群益金鼎-東大,2024-10-07,9135
00752,中信中國50,77,0,77,群益金鼎-東大,2024-10-07,9135
00671R,富邦NASDAQ反1,70,0,70,群益金鼎-東大,2024-10-07,9135
1569,濱川,107,51,56,群益金鼎-東大,2024-10-07,9135
00907,永豐優息存股,56,0,56,群益金鼎-東大,2024-10-07,9135
1522,堤維西,55,1,54,群益金鼎-東大,2024-10-07,9135
2362,藍天,61,11,50,群益金鼎-東大,2024-10-07,9135
00932,兆豐永續高息等權,47,0,47,群益金鼎-東大,2024-10-07,9135
00937B,群益ESG投等債20,50,5,45,群益金鼎-東大,2024-10-07,9135
6288,聯嘉,47,2,45,群益金鼎-東大,2024-10-07,9135
8404,百和興業-KY,54,10,44,群益金鼎-東大,2024-10-07,9135
00665L,富邦�琤肭磪囓�2,46,3,43,群益金鼎-東大,2024-10-07,9135
00921,兆豐龍頭等權重,43,0,43,群益金鼎-東大,2024-10-07,9135
00930,永豐ESG低碳高息,42,0,42,群益金鼎-東大,2024-10-07,9135
00687B,國泰20年美債,73,32,41,群益金鼎-東大,2024-10-07,9135
2486,一詮,69,30,39,群益金鼎-東大,2024-10-07,9135
3591,艾笛森,38,1,37,群益金鼎-東大,2024-10-07,9135
00795B,中信美國公債20年,36,0,36,群益金鼎-東大,2024-10-07,9135
00919,群益台灣精選高息,45,12,33,群益金鼎-東大,2024-10-07,9135
00878,國泰永續高股息,34,1,33,群益金鼎-東大,2024-10-07,9135
3437,榮創,31,1,30,群益金鼎-東大,2024-10-07,9135
00948B,中信優息投資級債,30,0,30,群益金鼎-東大,2024-10-07,9135
2867,三商壽,28,0,28,群益金鼎-東大,2024-10-07,9135
2349,錸德,25,1,24,群益金鼎-東大,2024-10-07,9135
5309,系統電,32,8,24,群益金鼎-東大,2024-10-07,9135
00679B,元大美債20年,34,11,23,群益金鼎-東大,2024-10-07,9135
2354,鴻準,21,0,21,群益金鼎-東大,2024-10-07,9135
1307,三芳,23,3,20,群益金鼎-東大,2024-10-07,9135
00915,凱基優選高股息30,23,3,20,群益金鼎-東大,2024-10-07,9135
9907,統一實,20,0,20,群益金鼎-東大,2024-10-07,9135
00651R,復華香港反1,21,2,19,群益金鼎-東大,2024-10-07,9135
1721,三晃,20,2,18,群益金鼎-東大,2024-10-07,9135
1416,廣豐,18,0,18,群益金鼎-東大,2024-10-07,9135
2002,中鋼,20,3,17,群益金鼎-東大,2024-10-07,9135
1447,力鵬,17,0,17,群益金鼎-東大,2024-10-07,9135
2353,宏��,15,0,15,群益金鼎-東大,2024-10-07,9135
5521,工信,16,1,15,群益金鼎-東大,2024-10-07,9135
2515,中工,30,16,14,群益金鼎-東大,2024-10-07,9135
2399,映泰,58,44,14,群益金鼎-東大,2024-10-07,9135
2495,普安,44,30,14,群益金鼎-東大,2024-10-07,9135
00882,中信中國高股息,96,83,13,群益金鼎-東大,2024-10-07,9135
2393,億光,15,2,13,群益金鼎-東大,2024-10-07,9135
0056,元大高股息,27,14,13,群益金鼎-東大,2024-10-07,9135
2886,兆豐金,12,0,12,群益金鼎-東大,2024-10-07,9135
6241,易通展,12,0,12,群益金鼎-東大,2024-10-07,9135
00665L,富邦�琤肭磪囓�2,450,51,399,群益金鼎-東大,2024-10-08,9135
00680L,元大美債20正2,160,11,149,群益金鼎-東大,2024-10-08,9135
00679B,元大美債20年,122,18,104,群益金鼎-東大,2024-10-08,9135
00940,元大台灣價值高息,93,0,93,群益金鼎-東大,2024-10-08,9135
00687B,國泰20年美債,94,3,91,群益金鼎-東大,2024-10-08,9135
00929,復華台灣科技優息,82,1,81,群益金鼎-東大,2024-10-08,9135
00948B,中信優息投資級債,91,20,71,群益金鼎-東大,2024-10-08,9135
00688L,國泰20年美債正2,75,7,68,群益金鼎-東大,2024-10-08,9135
00650L,復華香港正2,67,0,67,群益金鼎-東大,2024-10-08,9135
00905,FT臺灣Smart,60,0,60,群益金鼎-東大,2024-10-08,9135
00673R,期元大S＆P原油反1,55,0,55,群益金鼎-東大,2024-10-08,9135
020031,統一IC設計臺灣N,50,0,50,群益金鼎-東大,2024-10-08,9135
6274,台燿,55,19,36,群益金鼎-東大,2024-10-08,9135
2812,台中銀,35,0,35,群益金鼎-東大,2024-10-08,9135
2362,藍天,72,38,34,群益金鼎-東大,2024-10-08,9135
3550,聯穎,37,3,34,群益金鼎-東大,2024-10-08,9135
1314,中石化,147,115,32,群益金鼎-東大,2024-10-08,9135
00643,群益深証中小,31,0,31,群益金鼎-東大,2024-10-08,9135
2897A,王道銀甲特,31,0,31,群益金鼎-東大,2024-10-08,9135
00919,群益台灣精選高息,86,60,26,群益金鼎-東大,2024-10-08,9135
3010,華立,26,0,26,群益金鼎-東大,2024-10-08,9135
0056,元大高股息,23,0,23,群益金鼎-東大,2024-10-08,9135
00655L,國泰中國A50正2,38,15,23,群益金鼎-東大,2024-10-08,9135
00922,國泰台灣領袖50,22,0,22,群益金鼎-東大,2024-10-08,9135
2347,聯強,23,2,21,群益金鼎-東大,2024-10-08,9135
6207,雷科,48,27,21,群益金鼎-東大,2024-10-08,9135
3481,群創,21,0,21,群益金鼎-東大,2024-10-08,9135
4909,新復興,24,5,19,群益金鼎-東大,2024-10-08,9135
00639,富邦深100,24,5,19,群益金鼎-東大,2024-10-08,9135
5014,建錩,33,14,19,群益金鼎-東大,2024-10-08,9135
0061,元大寶滬深,38,20,18,群益金鼎-東大,2024-10-08,9135
00795B,中信美國公債20年,22,4,18,群益金鼎-東大,2024-10-08,9135
1340,勝悅-KY,18,0,18,群益金鼎-東大,2024-10-08,9135
2444,兆勁,15,0,15,群益金鼎-東大,2024-10-08,9135
2845,遠東銀,15,0,15,群益金鼎-東大,2024-10-08,9135
00642U,期元大S＆P石油,15,0,15,群益金鼎-東大,2024-10-08,9135
6150,撼訊,15,0,15,群益金鼎-東大,2024-10-08,9135
4967,十銓,15,0,15,群益金鼎-東大,2024-10-08,9135
6509,聚和,14,1,13,群益金鼎-東大,2024-10-08,9135
1540,喬福,15,2,13,群益金鼎-東大,2024-10-08,9135
2317,鴻海,20,6,14,群益金鼎-東大,2024-10-08,9135
4956,光鋐,28,15,13,群益金鼎-東大,2024-10-08,9135
2409,友達,13,0,13,群益金鼎-東大,2024-10-08,9135
00720B,元大投資級公司債,13,0,13,群益金鼎-東大,2024-10-08,9135
3522,御嵿,13,0,13,群益金鼎-東大,2024-10-08,9135
2838A,聯邦銀甲特,41,29,12,群益金鼎-東大,2024-10-08,9135
00936,台新永續高息中小,12,0,12,群益金鼎-東大,2024-10-08,9135
3163,波若威,47,35,12,群益金鼎-東大,2024-10-08,9135
2376,技嘉,11,0,11,群益金鼎-東大,2024-10-08,9135
3231,緯創,87,76,11,群益金鼎-東大,2024-10-08,9135
00937B,群益ESG投等債20,159,22,137,群益金鼎-東大,2024-10-09,9135
00948B,中信優息投資級債,125,0,125,群益金鼎-東大,2024-10-09,9135
00934,中信成長高股息,91,0,91,群益金鼎-東大,2024-10-09,9135
00687B,國泰20年美債,90,0,90,群益金鼎-東大,2024-10-09,9135
00679B,元大美債20年,81,15,66,群益金鼎-東大,2024-10-09,9135
00650L,復華香港正2,67,4,63,群益金鼎-東大,2024-10-09,9135
2002,中鋼,54,1,53,群益金鼎-東大,2024-10-09,9135
00680L,元大美債20正2,62,10,52,群益金鼎-東大,2024-10-09,9135
2419,仲琦,63,11,52,群益金鼎-東大,2024-10-09,9135
8076,伍豐,51,0,51,群益金鼎-東大,2024-10-09,9135
00632R,元大台灣50反1,50,0,50,群益金鼎-東大,2024-10-09,9135
2363,矽統,161,113,48,群益金鼎-東大,2024-10-09,9135
00753L,中信中國50正2,566,520,46,群益金鼎-東大,2024-10-09,9135
00696B,富邦美債20年,45,0,45,群益金鼎-東大,2024-10-09,9135
00795B,中信美國公債20年,41,0,41,群益金鼎-東大,2024-10-09,9135
00637L,元大滬深300正2,880,839,41,群益金鼎-東大,2024-10-09,9135
1815,富喬,40,0,40,群益金鼎-東大,2024-10-09,9135
3550,聯穎,58,20,38,群益金鼎-東大,2024-10-09,9135
3615,安可,61,24,37,群益金鼎-東大,2024-10-09,9135
00662,富邦NASDAQ,36,0,36,群益金鼎-東大,2024-10-09,9135
2206,三陽工業,33,0,33,群益金鼎-東大,2024-10-09,9135
3041,揚智,41,8,33,群益金鼎-東大,2024-10-09,9135
1314,中石化,281,250,31,群益金鼎-東大,2024-10-09,9135
00881,國泰台灣5G+,31,0,31,群益金鼎-東大,2024-10-09,9135
00882,中信中國高股息,52,23,29,群益金鼎-東大,2024-10-09,9135
00922,國泰台灣領袖50,31,5,26,群益金鼎-東大,2024-10-09,9135
00700,富邦�琤肭磪�,26,0,26,群益金鼎-東大,2024-10-09,9135
00688L,國泰20年美債正2,25,0,25,群益金鼎-東大,2024-10-09,9135
1718,中纖,26,2,24,群益金鼎-東大,2024-10-09,9135
3060,銘異,38,14,24,群益金鼎-東大,2024-10-09,9135
1303,南亞,22,0,22,群益金鼎-東大,2024-10-09,9135
6509,聚和,21,0,21,群益金鼎-東大,2024-10-09,9135
2618,長榮航,22,1,21,群益金鼎-東大,2024-10-09,9135
00643,群益深証中小,21,0,21,群益金鼎-東大,2024-10-09,9135
3010,華立,24,3,21,群益金鼎-東大,2024-10-09,9135
1569,濱川,73,53,20,群益金鼎-東大,2024-10-09,9135
6016,康和證,20,0,20,群益金鼎-東大,2024-10-09,9135
2897,王道銀行,20,0,20,群益金鼎-東大,2024-10-09,9135
00636,國泰中國A50,22,3,19,群益金鼎-東大,2024-10-09,9135
4303,信立,19,0,19,群益金鼎-東大,2024-10-09,9135
3083,網龍,17,0,17,群益金鼎-東大,2024-10-09,9135
2442,新美齊,17,0,17,群益金鼎-東大,2024-10-09,9135
5443,均豪,34,18,16,群益金鼎-東大,2024-10-09,9135
1708,東鹼,16,0,16,群益金鼎-東大,2024-10-09,9135
3231,緯創,25,9,16,群益金鼎-東大,2024-10-09,9135
6187,萬潤,35,19,16,群益金鼎-東大,2024-10-09,9135
1904,正隆,15,0,15,群益金鼎-東大,2024-10-09,9135
2489,瑞軒,15,0,15,群益金鼎-東大,2024-10-09,9135
3049,精金,45,31,14,群益金鼎-東大,2024-10-09,9135
00933B,國泰10Y+金融債,15,1,14,群益金鼎-東大,2024-10-09,9135
00937B,群益ESG投等債20,651,1,650,群益金鼎-東大,2024-10-11,9135
00680L,元大美債20正2,130,12,118,群益金鼎-東大,2024-10-11,9135
2449,京元電子,112,8,104,群益金鼎-東大,2024-10-11,9135
00687B,國泰20年美債,111,20,91,群益金鼎-東大,2024-10-11,9135
00948B,中信優息投資級債,107,42,65,群益金鼎-東大,2024-10-11,9135
00637L,元大滬深300正2,1691,1630,61,群益金鼎-東大,2024-10-11,9135
2867,三商壽,50,0,50,群益金鼎-東大,2024-10-11,9135
00715L,期街口布蘭特正2,58,9,49,群益金鼎-東大,2024-10-11,9135
00725B,國泰投資級公司債,45,0,45,群益金鼎-東大,2024-10-11,9135
6246,臺龍,45,0,45,群益金鼎-東大,2024-10-11,9135
6241,易通展,45,0,45,群益金鼎-東大,2024-10-11,9135
00915,凱基優選高股息30,45,1,44,群益金鼎-東大,2024-10-11,9135
3162,精確,42,2,40,群益金鼎-東大,2024-10-11,9135
6585,鼎基,38,0,38,群益金鼎-東大,2024-10-11,9135
2317,鴻海,57,22,35,群益金鼎-東大,2024-10-11,9135
3715,定穎投控,53,18,35,群益金鼎-東大,2024-10-11,9135
2888,新光金,33,0,33,群益金鼎-東大,2024-10-11,9135
00919,群益台灣精選高息,64,32,32,群益金鼎-東大,2024-10-11,9135
3257,虹冠電,31,0,31,群益金鼎-東大,2024-10-11,9135
3710,連展投控,27,0,27,群益金鼎-東大,2024-10-11,9135
3167,大量,27,1,26,群益金鼎-東大,2024-10-11,9135
6224,聚鼎,27,1,26,群益金鼎-東大,2024-10-11,9135
2007,燁興,25,0,25,群益金鼎-東大,2024-10-11,9135
00688L,國泰20年美債正2,23,0,23,群益金鼎-東大,2024-10-11,9135
8150,南茂,23,0,23,群益金鼎-東大,2024-10-11,9135
3714,富采,80,57,23,群益金鼎-東大,2024-10-11,9135
00641R,富邦日本反1,18,0,18,群益金鼎-東大,2024-10-11,9135
00753L,中信中國50正2,319,301,18,群益金鼎-東大,2024-10-11,9135
00713,元大台灣高息低波,20,3,17,群益金鼎-東大,2024-10-11,9135
3037,欣興,17,1,16,群益金鼎-東大,2024-10-11,9135
1308,亞聚,15,0,15,群益金鼎-東大,2024-10-11,9135
6609,瀧澤科,22,7,15,群益金鼎-東大,2024-10-11,9135
6194,育富,13,0,13,群益金鼎-東大,2024-10-11,9135
5488,松普,13,0,13,群益金鼎-東大,2024-10-11,9135
00960,野村全球航運龍頭,13,0,13,群益金鼎-東大,2024-10-11,9135
3010,華立,13,1,12,群益金鼎-東大,2024-10-11,9135
2388,威盛,15,3,12,群益金鼎-東大,2024-10-11,9135
2834,臺企銀,12,0,12,群益金鼎-東大,2024-10-11,9135
3709,鑫聯大投控,12,0,12,群益金鼎-東大,2024-10-11,9135
00795B,中信美國公債20年,16,4,12,群益金鼎-東大,2024-10-11,9135
00639,富邦深100,12,0,12,群益金鼎-東大,2024-10-11,9135
6761,穩得,13,1,12,群益金鼎-東大,2024-10-11,9135
00655L,國泰中國A50正2,11,0,11,群益金鼎-東大,2024-10-11,9135
4729,熒茂,12,1,11,群益金鼎-東大,2024-10-11,9135
00665L,富邦�琤肭磪囓�2,18,7,11,群益金鼎-東大,2024-10-11,9135
3494,誠研,10,0,10,群益金鼎-東大,2024-10-11,9135
1309,台達化,10,0,10,群益金鼎-東大,2024-10-11,9135
3115,富榮綱,10,0,10,群益金鼎-東大,2024-10-11,9135
6509,聚和,15,5,10,群益金鼎-東大,2024-10-11,9135
6570,維田,10,0,10,群益金鼎-東大,2024-10-11,9135
00937B,群益ESG投等債20,507,27,480,群益金鼎-東大,2024-10-14,9135
00948B,中信優息投資級債,120,0,120,群益金鼎-東大,2024-10-14,9135
2312,金寶,183,73,110,群益金鼎-東大,2024-10-14,9135
3615,安可,95,6,89,群益金鼎-東大,2024-10-14,9135
00687B,國泰20年美債,149,64,85,群益金鼎-東大,2024-10-14,9135
00887,永豐中國科技50大,74,0,74,群益金鼎-東大,2024-10-14,9135
5521,工信,72,0,72,群益金鼎-東大,2024-10-14,9135
00633L,富邦上証正2,74,3,71,群益金鼎-東大,2024-10-14,9135
00720B,元大投資級公司債,75,8,67,群益金鼎-東大,2024-10-14,9135
00912,中信臺灣智慧50,71,5,66,群益金鼎-東大,2024-10-14,9135
00673R,期元大S＆P原油反1,60,3,57,群益金鼎-東大,2024-10-14,9135
00918,大華優利高填息30,56,0,56,群益金鼎-東大,2024-10-14,9135
00905,FT臺灣Smart,55,0,55,群益金鼎-東大,2024-10-14,9135
2929,淘帝-KY,50,0,50,群益金鼎-東大,2024-10-14,9135
5907,大洋-KY,49,0,49,群益金鼎-東大,2024-10-14,9135
2618,長榮航,47,1,46,群益金鼎-東大,2024-10-14,9135
00639,富邦深100,40,0,40,群益金鼎-東大,2024-10-14,9135
00927,群益半導體收益,36,0,36,群益金鼎-東大,2024-10-14,9135
00907,永豐優息存股,35,0,35,群益金鼎-東大,2024-10-14,9135
00764B,群益25年美債,34,0,34,群益金鼎-東大,2024-10-14,9135
8383,千附,34,0,34,群益金鼎-東大,2024-10-14,9135
8404,百和興業-KY,35,1,34,群益金鼎-東大,2024-10-14,9135
00751B,元大AAA至A公司債,40,7,33,群益金鼎-東大,2024-10-14,9135
00932,兆豐永續高息等權,33,0,33,群益金鼎-東大,2024-10-14,9135
00712,復華富時不動產,31,0,31,群益金鼎-東大,2024-10-14,9135
2887,台新金,35,5,30,群益金鼎-東大,2024-10-14,9135
00921,兆豐龍頭等權重,30,0,30,群益金鼎-東大,2024-10-14,9135
2888,新光金,49,19,30,群益金鼎-東大,2024-10-14,9135
2399,映泰,101,72,29,群益金鼎-東大,2024-10-14,9135
00930,永豐ESG低碳高息,29,0,29,群益金鼎-東大,2024-10-14,9135
2363,矽統,32,3,29,群益金鼎-東大,2024-10-14,9135
00934,中信成長高股息,29,1,28,群益金鼎-東大,2024-10-14,9135
4909,新復興,36,9,27,群益金鼎-東大,2024-10-14,9135
8011,台通,30,4,26,群益金鼎-東大,2024-10-14,9135
3710,連展投控,40,14,26,群益金鼎-東大,2024-10-14,9135
00922,國泰台灣領袖50,24,0,24,群益金鼎-東大,2024-10-14,9135
00915,凱基優選高股息30,23,0,23,群益金鼎-東大,2024-10-14,9135
1808,潤隆,22,0,22,群益金鼎-東大,2024-10-14,9135
2347,聯強,22,0,22,群益金鼎-東大,2024-10-14,9135
0056,元大高股息,24,3,21,群益金鼎-東大,2024-10-14,9135
9908,大台北,20,0,20,群益金鼎-東大,2024-10-14,9135
3163,波若威,33,14,19,群益金鼎-東大,2024-10-14,9135
00713,元大台灣高息低波,20,1,19,群益金鼎-東大,2024-10-14,9135
6168,宏齊,23,4,19,群益金鼎-東大,2024-10-14,9135
00696B,富邦美債20年,18,0,18,群益金鼎-東大,2024-10-14,9135
6241,易通展,20,2,18,群益金鼎-東大,2024-10-14,9135
00731,復華富時高息低波,17,0,17,群益金鼎-東大,2024-10-14,9135
00933B,國泰10Y+金融債,16,0,16,群益金鼎-東大,2024-10-14,9135
1711,永光,16,0,16,群益金鼎-東大,2024-10-14,9135
2412,中華電,186,170,16,群益金鼎-東大,2024-10-14,9135
00948B,中信優息投資級債,249,0,249,群益金鼎-東大,2024-10-15,9135
00937B,群益ESG投等債20,146,14,132,群益金鼎-東大,2024-10-15,9135
00679B,元大美債20年,113,0,113,群益金鼎-東大,2024-10-15,9135
00919,群益台灣精選高息,120,11,109,群益金鼎-東大,2024-10-15,9135
00687B,國泰20年美債,98,15,83,群益金鼎-東大,2024-10-15,9135
00688L,國泰20年美債正2,69,0,69,群益金鼎-東大,2024-10-15,9135
00650L,復華香港正2,61,0,61,群益金鼎-東大,2024-10-15,9135
020031,統一IC設計臺灣N,60,0,60,群益金鼎-東大,2024-10-15,9135
00887,永豐中國科技50大,76,19,57,群益金鼎-東大,2024-10-15,9135
00720B,元大投資級公司債,53,0,53,群益金鼎-東大,2024-10-15,9135
00639,富邦深100,52,0,52,群益金鼎-東大,2024-10-15,9135
00713,元大台灣高息低波,40,0,40,群益金鼎-東大,2024-10-15,9135
00795B,中信美國公債20年,38,2,36,群益金鼎-東大,2024-10-15,9135
9105,泰金寶-DR,36,4,32,群益金鼎-東大,2024-10-15,9135
00715L,期街口布蘭特正2,31,0,31,群益金鼎-東大,2024-10-15,9135
020034,元大IC設計N,30,0,30,群益金鼎-東大,2024-10-15,9135
2206,三陽工業,30,0,30,群益金鼎-東大,2024-10-15,9135
2363,矽統,78,48,30,群益金鼎-東大,2024-10-15,9135
1464,得力,29,0,29,群益金鼎-東大,2024-10-15,9135
6213,聯茂,29,2,27,群益金鼎-東大,2024-10-15,9135
6226,光鼎,25,0,25,群益金鼎-東大,2024-10-15,9135
3149,正達,81,57,24,群益金鼎-東大,2024-10-15,9135
6207,雷科,29,6,23,群益金鼎-東大,2024-10-15,9135
1314,中石化,72,50,22,群益金鼎-東大,2024-10-15,9135
6244,茂迪,20,0,20,群益金鼎-東大,2024-10-15,9135
00915,凱基優選高股息30,52,32,20,群益金鼎-東大,2024-10-15,9135
2867,三商壽,20,0,20,群益金鼎-東大,2024-10-15,9135
8070,長華*,27,7,20,群益金鼎-東大,2024-10-15,9135
2887,台新金,23,5,18,群益金鼎-東大,2024-10-15,9135
00878,國泰永續高股息,22,4,18,群益金鼎-東大,2024-10-15,9135
00712,復華富時不動產,21,4,17,群益金鼎-東大,2024-10-15,9135
00706L,期元大S＆P日圓正2,16,0,16,群益金鼎-東大,2024-10-15,9135
2515,中工,15,0,15,群益金鼎-東大,2024-10-15,9135
1432,大魯閣,13,0,13,群益金鼎-東大,2024-10-15,9135
5452,佶優,128,115,13,群益金鼎-東大,2024-10-15,9135
1303,南亞,12,0,12,群益金鼎-東大,2024-10-15,9135
00740B,富邦全球投等債,12,0,12,群益金鼎-東大,2024-10-15,9135
6425,易發,15,3,12,群益金鼎-東大,2024-10-15,9135
5443,均豪,16,4,12,群益金鼎-東大,2024-10-15,9135
2441,超豐,20,8,12,群益金鼎-東大,2024-10-15,9135
5234,達興材料,11,0,11,群益金鼎-東大,2024-10-15,9135
6194,育富,11,0,11,群益金鼎-東大,2024-10-15,9135
1786,科妍,11,0,11,群益金鼎-東大,2024-10-15,9135
4716,大立,11,0,11,群益金鼎-東大,2024-10-15,9135
6218,豪勉,10,0,10,群益金鼎-東大,2024-10-15,9135
3605,宏致,21,11,10,群益金鼎-東大,2024-10-15,9135
8150,南茂,10,0,10,群益金鼎-東大,2024-10-15,9135
00907,永豐優息存股,10,0,10,群益金鼎-東大,2024-10-15,9135
3511,矽瑪,13,3,10,群益金鼎-東大,2024-10-15,9135
911868,同方友友-DR,10,0,10,群益金鼎-東大,2024-10-15,9135
3714,富采,124,3,121,群益金鼎-東大,2024-10-16,9135
3615,安可,265,153,112,群益金鼎-東大,2024-10-16,9135
00922,國泰台灣領袖50,74,3,71,群益金鼎-東大,2024-10-16,9135
00887,永豐中國科技50大,73,5,68,群益金鼎-東大,2024-10-16,9135
1464,得力,66,0,66,群益金鼎-東大,2024-10-16,9135
2891,中信金,67,8,59,群益金鼎-東大,2024-10-16,9135
00650L,復華香港正2,56,0,56,群益金鼎-東大,2024-10-16,9135
00687B,國泰20年美債,62,7,55,群益金鼎-東大,2024-10-16,9135
1540,喬福,70,21,49,群益金鼎-東大,2024-10-16,9135
3031,佰鴻,45,0,45,群益金鼎-東大,2024-10-16,9135
00696B,富邦美債20年,44,0,44,群益金鼎-東大,2024-10-16,9135
6220,岳豐,41,0,41,群益金鼎-東大,2024-10-16,9135
00679B,元大美債20年,58,18,40,群益金鼎-東大,2024-10-16,9135
6568,宏觀,35,0,35,群益金鼎-東大,2024-10-16,9135
2429,銘旺科,30,0,30,群益金鼎-東大,2024-10-16,9135
4956,光鋐,58,30,28,群益金鼎-東大,2024-10-16,9135
0056,元大高股息,30,5,25,群益金鼎-東大,2024-10-16,9135
00929,復華台灣科技優息,56,32,24,群益金鼎-東大,2024-10-16,9135
8383,千附,23,0,23,群益金鼎-東大,2024-10-16,9135
00878,國泰永續高股息,29,7,22,群益金鼎-東大,2024-10-16,9135
00632R,元大台灣50反1,22,1,21,群益金鼎-東大,2024-10-16,9135
1303,南亞,20,1,19,群益金鼎-東大,2024-10-16,9135
2317,鴻海,34,15,19,群益金鼎-東大,2024-10-16,9135
00631L,元大台灣50正2,34,16,18,群益金鼎-東大,2024-10-16,9135
2347,聯強,19,1,18,群益金鼎-東大,2024-10-16,9135
1721,三晃,18,0,18,群益金鼎-東大,2024-10-16,9135
00639,富邦深100,18,0,18,群益金鼎-東大,2024-10-16,9135
6830,汎銓,30,12,18,群益金鼎-東大,2024-10-16,9135
2486,一詮,29,12,17,群益金鼎-東大,2024-10-16,9135
00795B,中信美國公債20年,17,0,17,群益金鼎-東大,2024-10-16,9135
00881,國泰台灣5G+,16,1,15,群益金鼎-東大,2024-10-16,9135
3010,華立,18,3,15,群益金鼎-東大,2024-10-16,9135
00720B,元大投資級公司債,14,0,14,群益金鼎-東大,2024-10-16,9135
00725B,國泰投資級公司債,14,0,14,群益金鼎-東大,2024-10-16,9135
6642,富致,14,0,14,群益金鼎-東大,2024-10-16,9135
00637L,元大滬深300正2,609,595,14,群益金鼎-東大,2024-10-16,9135
3430,奇鈦科,14,0,14,群益金鼎-東大,2024-10-16,9135
6425,易發,18,4,14,群益金鼎-東大,2024-10-16,9135
2236,百達-KY,13,0,13,群益金鼎-東大,2024-10-16,9135
6108,競國,13,0,13,群益金鼎-東大,2024-10-16,9135
2409,友達,13,1,12,群益金鼎-東大,2024-10-16,9135
6138,茂達,12,0,12,群益金鼎-東大,2024-10-16,9135
2617,台航,11,0,11,群益金鼎-東大,2024-10-16,9135
5403,中菲,11,0,11,群益金鼎-東大,2024-10-16,9135
00830,國泰費城半導體,11,0,11,群益金鼎-東大,2024-10-16,9135
00636,國泰中國A50,10,0,10,群益金鼎-東大,2024-10-16,9135
3037,欣興,17,7,10,群益金鼎-東大,2024-10-16,9135
00642U,期元大S＆P石油,10,0,10,群益金鼎-東大,2024-10-16,9135
00960,野村全球航運龍頭,10,0,10,群益金鼎-東大,2024-10-16,9135
5234,達興材料,11,1,10,群益金鼎-東大,2024-10-16,9135
00945B,凱基美國非投等債,127,0,127,群益金鼎-東大,2024-10-17,9135
00948B,中信優息投資級債,126,20,106,群益金鼎-東大,2024-10-17,9135
00937B,群益ESG投等債20,84,15,69,群益金鼎-東大,2024-10-17,9135
00953B,群益優選非投等債,65,0,65,群益金鼎-東大,2024-10-17,9135
2365,昆盈,76,16,60,群益金鼎-東大,2024-10-17,9135
00887,永豐中國科技50大,61,4,57,群益金鼎-東大,2024-10-17,9135
3615,安可,59,7,52,群益金鼎-東大,2024-10-17,9135
0056,元大高股息,65,14,51,群益金鼎-東大,2024-10-17,9135
00720B,元大投資級公司債,46,0,46,群益金鼎-東大,2024-10-17,9135
00706L,期元大S＆P日圓正2,42,0,42,群益金鼎-東大,2024-10-17,9135
8070,長華*,54,16,38,群益金鼎-東大,2024-10-17,9135
00912,中信臺灣智慧50,37,0,37,群益金鼎-東大,2024-10-17,9135
00922,國泰台灣領袖50,44,10,34,群益金鼎-東大,2024-10-17,9135
4549,桓達,32,0,32,群益金鼎-東大,2024-10-17,9135
00882,中信中國高股息,27,0,27,群益金鼎-東大,2024-10-17,9135
00927,群益半導體收益,25,0,25,群益金鼎-東大,2024-10-17,9135
6830,汎銓,29,7,22,群益金鼎-東大,2024-10-17,9135
3715,定穎投控,22,0,22,群益金鼎-東大,2024-10-17,9135
00637L,元大滬深300正2,21,0,21,群益金鼎-東大,2024-10-17,9135
00928,中信上櫃ESG30,20,0,20,群益金鼎-東大,2024-10-17,9135
3234,光環,20,0,20,群益金鼎-東大,2024-10-17,9135
2929,淘帝-KY,23,3,20,群益金鼎-東大,2024-10-17,9135
1447,力鵬,20,0,20,群益金鼎-東大,2024-10-17,9135
00741B,富邦全球非投等債,20,0,20,群益金鼎-東大,2024-10-17,9135
1528,恩德,50,31,19,群益金鼎-東大,2024-10-17,9135
8064,東捷,56,37,19,群益金鼎-東大,2024-10-17,9135
9938,百和,21,3,18,群益金鼎-東大,2024-10-17,9135
4979,華星光,31,13,18,群益金鼎-東大,2024-10-17,9135
00932,兆豐永續高息等權,18,0,18,群益金鼎-東大,2024-10-17,9135
00943,兆豐電子高息等權,18,0,18,群益金鼎-東大,2024-10-17,9135
2610,華航,20,3,17,群益金鼎-東大,2024-10-17,9135
3580,友威科,19,3,16,群益金鼎-東大,2024-10-17,9135
2618,長榮航,17,2,15,群益金鼎-東大,2024-10-17,9135
00907,永豐優息存股,15,0,15,群益金鼎-東大,2024-10-17,9135
00959B,大華投等美債15Y+,15,0,15,群益金鼎-東大,2024-10-17,9135
6134,萬旭,53,38,15,群益金鼎-東大,2024-10-17,9135
2330,台積電,173,159,14,群益金鼎-東大,2024-10-17,9135
4542,科嶠,46,32,14,群益金鼎-東大,2024-10-17,9135
3374,精材,16,3,13,群益金鼎-東大,2024-10-17,9135
00921,兆豐龍頭等權重,13,0,13,群益金鼎-東大,2024-10-17,9135
00930,永豐ESG低碳高息,13,0,13,群益金鼎-東大,2024-10-17,9135
4956,光鋐,51,38,13,群益金鼎-東大,2024-10-17,9135
5488,松普,13,0,13,群益金鼎-東大,2024-10-17,9135
5452,佶優,23,10,13,群益金鼎-東大,2024-10-17,9135
6546,正基,15,3,12,群益金鼎-東大,2024-10-17,9135
00934,中信成長高股息,12,0,12,群益金鼎-東大,2024-10-17,9135
00725B,國泰投資級公司債,16,4,12,群益金鼎-東大,2024-10-17,9135
2303,聯電,13,1,12,群益金鼎-東大,2024-10-17,9135
4729,熒茂,13,2,11,群益金鼎-東大,2024-10-17,9135
3675,德微,12,1,11,群益金鼎-東大,2024-10-17,9135
00948B,中信優息投資級債,261,0,261,群益金鼎-東大,2024-10-18,9135
00679B,元大美債20年,174,0,174,群益金鼎-東大,2024-10-18,9135
00937B,群益ESG投等債20,157,0,157,群益金鼎-東大,2024-10-18,9135
00761B,國泰A級公司債,120,0,120,群益金鼎-東大,2024-10-18,9135
00662,富邦NASDAQ,102,0,102,群益金鼎-東大,2024-10-18,9135
00687B,國泰20年美債,112,22,90,群益金鼎-東大,2024-10-18,9135
00706L,期元大S＆P日圓正2,55,0,55,群益金鼎-東大,2024-10-18,9135
5347,世界,40,2,38,群益金鼎-東大,2024-10-18,9135
00795B,中信美國公債20年,35,0,35,群益金鼎-東大,2024-10-18,9135
00878,國泰永續高股息,38,4,34,群益金鼎-東大,2024-10-18,9135
1314,中石化,238,205,33,群益金鼎-東大,2024-10-18,9135
3257,虹冠電,31,0,31,群益金鼎-東大,2024-10-18,9135
00650L,復華香港正2,30,0,30,群益金鼎-東大,2024-10-18,9135
00713,元大台灣高息低波,29,0,29,群益金鼎-東大,2024-10-18,9135
00945B,凱基美國非投等債,28,0,28,群益金鼎-東大,2024-10-18,9135
0056,元大高股息,30,3,27,群益金鼎-東大,2024-10-18,9135
8039,台虹,25,0,25,群益金鼎-東大,2024-10-18,9135
4716,大立,24,0,24,群益金鼎-東大,2024-10-18,9135
00887,永豐中國科技50大,49,25,24,群益金鼎-東大,2024-10-18,9135
6425,易發,27,3,24,群益金鼎-東大,2024-10-18,9135
2609,陽明,29,5,24,群益金鼎-東大,2024-10-18,9135
4956,光鋐,21,0,21,群益金鼎-東大,2024-10-18,9135
00942B,台新美A公司債20+,21,0,21,群益金鼎-東大,2024-10-18,9135
6509,聚和,20,0,20,群益金鼎-東大,2024-10-18,9135
6753,龍德造船,20,0,20,群益金鼎-東大,2024-10-18,9135
2363,矽統,31,12,19,群益金鼎-東大,2024-10-18,9135
6530,創威,19,1,18,群益金鼎-東大,2024-10-18,9135
1528,恩德,20,2,18,群益金鼎-東大,2024-10-18,9135
3450,聯鈞,85,67,18,群益金鼎-東大,2024-10-18,9135
3010,華立,18,1,17,群益金鼎-東大,2024-10-18,9135
00631L,元大台灣50正2,31,15,16,群益金鼎-東大,2024-10-18,9135
00933B,國泰10Y+金融債,16,0,16,群益金鼎-東大,2024-10-18,9135
8070,長華*,19,3,16,群益金鼎-東大,2024-10-18,9135
2495,普安,21,5,16,群益金鼎-東大,2024-10-18,9135
3011,今皓,17,1,16,群益金鼎-東大,2024-10-18,9135
3035,智原,17,1,16,群益金鼎-東大,2024-10-18,9135
2303,聯電,15,1,14,群益金鼎-東大,2024-10-18,9135
5443,均豪,23,9,14,群益金鼎-東大,2024-10-18,9135
00960,野村全球航運龍頭,13,0,13,群益金鼎-東大,2024-10-18,9135
1711,永光,29,16,13,群益金鼎-東大,2024-10-18,9135
8111,立��,12,0,12,群益金鼎-東大,2024-10-18,9135
4968,立積,12,0,12,群益金鼎-東大,2024-10-18,9135
3149,正達,16,4,12,群益金鼎-東大,2024-10-18,9135
6550,北極星藥業-KY,12,0,12,群益金鼎-東大,2024-10-18,9135
3037,欣興,11,0,11,群益金鼎-東大,2024-10-18,9135
00740B,富邦全球投等債,11,0,11,群益金鼎-東大,2024-10-18,9135
0061,元大寶滬深,11,0,11,群益金鼎-東大,2024-10-18,9135
6147,頎邦,11,0,11,群益金鼎-東大,2024-10-18,9135
6108,競國,14,3,11,群益金鼎-東大,2024-10-18,9135
00720B,元大投資級公司債,11,0,11,群益金鼎-東大,2024-10-18,9135
00937B,群益ESG投等債20,357,3,354,群益金鼎-東大,2024-10-21,9135
00945B,凱基美國非投等債,205,0,205,群益金鼎-東大,2024-10-21,9135
00687B,國泰20年美債,173,0,173,群益金鼎-東大,2024-10-21,9135
3714,富采,112,4,108,群益金鼎-東大,2024-10-21,9135
2347,聯強,55,0,55,群益金鼎-東大,2024-10-21,9135
00679B,元大美債20年,46,1,45,群益金鼎-東大,2024-10-21,9135
00637L,元大滬深300正2,44,0,44,群益金鼎-東大,2024-10-21,9135
1597,直得,46,2,44,群益金鼎-東大,2024-10-21,9135
6763,綠界科技*,44,0,44,群益金鼎-東大,2024-10-21,9135
2891,中信金,55,16,39,群益金鼎-東大,2024-10-21,9135
6120,達運,40,1,39,群益金鼎-東大,2024-10-21,9135
0056,元大高股息,46,10,36,群益金鼎-東大,2024-10-21,9135
00639,富邦深100,35,0,35,群益金鼎-東大,2024-10-21,9135
1314,中石化,33,0,33,群益金鼎-東大,2024-10-21,9135
00665L,富邦�琤肭磪囓�2,31,0,31,群益金鼎-東大,2024-10-21,9135
2363,矽統,137,106,31,群益金鼎-東大,2024-10-21,9135
3689,湧德,26,0,26,群益金鼎-東大,2024-10-21,9135
00918,大華優利高填息30,40,16,24,群益金鼎-東大,2024-10-21,9135
4533,協易機,27,4,23,群益金鼎-東大,2024-10-21,9135
00715L,期街口布蘭特正2,23,0,23,群益金鼎-東大,2024-10-21,9135
6753,龍德造船,23,0,23,群益金鼎-東大,2024-10-21,9135
3257,虹冠電,25,2,23,群益金鼎-東大,2024-10-21,9135
00887,永豐中國科技50大,35,13,22,群益金鼎-東大,2024-10-21,9135
00680L,元大美債20正2,22,0,22,群益金鼎-東大,2024-10-21,9135
00959B,大華投等美債15Y+,20,0,20,群益金鼎-東大,2024-10-21,9135
1313,聯成,20,0,20,群益金鼎-東大,2024-10-21,9135
00632R,元大台灣50反1,20,0,20,群益金鼎-東大,2024-10-21,9135
3060,銘異,20,1,19,群益金鼎-東大,2024-10-21,9135
2883,凱基金,24,5,19,群益金鼎-東大,2024-10-21,9135
00713,元大台灣高息低波,24,6,18,群益金鼎-東大,2024-10-21,9135
3011,今皓,42,25,17,群益金鼎-東大,2024-10-21,9135
00725B,國泰投資級公司債,17,0,17,群益金鼎-東大,2024-10-21,9135
9946,三發地產,19,2,17,群益金鼎-東大,2024-10-21,9135
00671R,富邦NASDAQ反1,15,0,15,群益金鼎-東大,2024-10-21,9135
00795B,中信美國公債20年,14,0,14,群益金鼎-東大,2024-10-21,9135
2356,英業達,15,1,14,群益金鼎-東大,2024-10-21,9135
2303,聯電,14,0,14,群益金鼎-東大,2024-10-21,9135
00919,群益台灣精選高息,24,10,14,群益金鼎-東大,2024-10-21,9135
6104,創惟,15,2,13,群益金鼎-東大,2024-10-21,9135
6742,澤米,15,3,12,群益金鼎-東大,2024-10-21,9135
4561,健椿,13,2,11,群益金鼎-東大,2024-10-21,9135
4576,大銀微系統,59,48,11,群益金鼎-東大,2024-10-21,9135
00631L,元大台灣50正2,11,0,11,群益金鼎-東大,2024-10-21,9135
2882,國泰金,11,0,11,群益金鼎-東大,2024-10-21,9135
00922,國泰台灣領袖50,12,2,10,群益金鼎-東大,2024-10-21,9135
00923,群益台ESG低碳50,10,0,10,群益金鼎-東大,2024-10-21,9135
00915,凱基優選高股息30,10,0,10,群益金鼎-東大,2024-10-21,9135
6288,聯嘉,10,0,10,群益金鼎-東大,2024-10-21,9135
6127,九豪,22,12,10,群益金鼎-東大,2024-10-21,9135
2349,錸德,10,0,10,群益金鼎-東大,2024-10-21,9135
00937B,群益ESG投等債20,551,60,491,群益金鼎-東大,2024-10-22,9135
00945B,凱基美國非投等債,406,0,406,群益金鼎-東大,2024-10-22,9135
00948B,中信優息投資級債,301,0,301,群益金鼎-東大,2024-10-22,9135
00795B,中信美國公債20年,238,12,226,群益金鼎-東大,2024-10-22,9135
00929,復華台灣科技優息,247,25,222,群益金鼎-東大,2024-10-22,9135
00953B,群益優選非投等債,170,0,170,群益金鼎-東大,2024-10-22,9135
00687B,國泰20年美債,186,19,167,群益金鼎-東大,2024-10-22,9135
00680L,元大美債20正2,120,20,100,群益金鼎-東大,2024-10-22,9135
00679B,元大美債20年,155,65,90,群益金鼎-東大,2024-10-22,9135
00706L,期元大S＆P日圓正2,87,0,87,群益金鼎-東大,2024-10-22,9135
3257,虹冠電,83,0,83,群益金鼎-東大,2024-10-22,9135
3303,岱稜,81,1,80,群益金鼎-東大,2024-10-22,9135
00712,復華富時不動產,66,3,63,群益金鼎-東大,2024-10-22,9135
3031,佰鴻,55,0,55,群益金鼎-東大,2024-10-22,9135
3189,景碩,134,82,52,群益金鼎-東大,2024-10-22,9135
00751B,元大AAA至A公司債,55,3,52,群益金鼎-東大,2024-10-22,9135
1569,濱川,50,1,49,群益金鼎-東大,2024-10-22,9135
1595,川寶,58,20,38,群益金鼎-東大,2024-10-22,9135
00720B,元大投資級公司債,39,1,38,群益金鼎-東大,2024-10-22,9135
00905,FT臺灣Smart,34,0,34,群益金鼎-東大,2024-10-22,9135
1721,三晃,33,3,30,群益金鼎-東大,2024-10-22,9135
00753L,中信中國50正2,47,22,25,群益金鼎-東大,2024-10-22,9135
3011,今皓,29,5,24,群益金鼎-東大,2024-10-22,9135
5328,華容,24,0,24,群益金鼎-東大,2024-10-22,9135
3535,晶彩科,57,34,23,群益金鼎-東大,2024-10-22,9135
6220,岳豐,22,0,22,群益金鼎-東大,2024-10-22,9135
00688L,國泰20年美債正2,47,25,22,群益金鼎-東大,2024-10-22,9135
00959B,大華投等美債15Y+,22,0,22,群益金鼎-東大,2024-10-22,9135
2615,萬海,45,23,22,群益金鼎-東大,2024-10-22,9135
4729,熒茂,67,46,21,群益金鼎-東大,2024-10-22,9135
2412,中華電,22,1,21,群益金鼎-東大,2024-10-22,9135
00960,野村全球航運龍頭,20,0,20,群益金鼎-東大,2024-10-22,9135
4956,光鋐,20,0,20,群益金鼎-東大,2024-10-22,9135
00923,群益台ESG低碳50,20,0,20,群益金鼎-東大,2024-10-22,9135
6753,龍德造船,20,0,20,群益金鼎-東大,2024-10-22,9135
3093,港建*,19,0,19,群益金鼎-東大,2024-10-22,9135
5386,青雲,26,7,19,群益金鼎-東大,2024-10-22,9135
00713,元大台灣高息低波,17,0,17,群益金鼎-東大,2024-10-22,9135
6609,瀧澤科,30,14,16,群益金鼎-東大,2024-10-22,9135
00725B,國泰投資級公司債,15,0,15,群益金鼎-東大,2024-10-22,9135
6727,亞泰金屬,20,5,15,群益金鼎-東大,2024-10-22,9135
8046,南電,18,3,15,群益金鼎-東大,2024-10-22,9135
4561,健椿,16,2,14,群益金鼎-東大,2024-10-22,9135
3290,東浦,15,2,13,群益金鼎-東大,2024-10-22,9135
6658,聯策,27,15,12,群益金鼎-東大,2024-10-22,9135
3537,堡達,12,0,12,群益金鼎-東大,2024-10-22,9135
00942B,台新美A公司債20+,12,0,12,群益金鼎-東大,2024-10-22,9135
0056,元大高股息,11,0,11,群益金鼎-東大,2024-10-22,9135
2399,映泰,26,15,11,群益金鼎-東大,2024-10-22,9135
2369,菱生,20,9,11,群益金鼎-東大,2024-10-22,9135
00937B,群益ESG投等債20,235,34,201,群益金鼎-東大,2024-10-23,9135
00948B,中信優息投資級債,159,0,159,群益金鼎-東大,2024-10-23,9135
2431,聯昌,124,4,120,群益金鼎-東大,2024-10-23,9135
3615,安可,88,0,88,群益金鼎-東大,2024-10-23,9135
00929,復華台灣科技優息,101,16,85,群益金鼎-東大,2024-10-23,9135
00878,國泰永續高股息,80,1,79,群益金鼎-東大,2024-10-23,9135
2312,金寶,67,7,60,群益金鼎-東大,2024-10-23,9135
00720B,元大投資級公司債,60,0,60,群益金鼎-東大,2024-10-23,9135
00706L,期元大S＆P日圓正2,40,0,40,群益金鼎-東大,2024-10-23,9135
0056,元大高股息,36,0,36,群益金鼎-東大,2024-10-23,9135
00687B,國泰20年美債,40,9,31,群益金鼎-東大,2024-10-23,9135
3060,銘異,31,0,31,群益金鼎-東大,2024-10-23,9135
00756B,群益投等新興公債,30,0,30,群益金鼎-東大,2024-10-23,9135
00632R,元大台灣50反1,30,0,30,群益金鼎-東大,2024-10-23,9135
00712,復華富時不動產,29,0,29,群益金鼎-東大,2024-10-23,9135
00680L,元大美債20正2,26,0,26,群益金鼎-東大,2024-10-23,9135
4729,熒茂,24,0,24,群益金鼎-東大,2024-10-23,9135
6151,晉倫,109,87,22,群益金鼎-東大,2024-10-23,9135
00673R,期元大S＆P原油反1,21,0,21,群益金鼎-東大,2024-10-23,9135
3231,緯創,34,13,21,群益金鼎-東大,2024-10-23,9135
6165,浪凡,20,0,20,群益金鼎-東大,2024-10-23,9135
3714,富采,20,0,20,群益金鼎-東大,2024-10-23,9135
6241,易通展,20,0,20,群益金鼎-東大,2024-10-23,9135
00938,凱基優選30,20,0,20,群益金鼎-東大,2024-10-23,9135
6197,佳必琪,55,35,20,群益金鼎-東大,2024-10-23,9135
5347,世界,18,0,18,群益金鼎-東大,2024-10-23,9135
2543,皇昌,19,2,17,群益金鼎-東大,2024-10-23,9135
2486,一詮,80,63,17,群益金鼎-東大,2024-10-23,9135
1569,濱川,24,7,17,群益金鼎-東大,2024-10-23,9135
1711,永光,30,14,16,群益金鼎-東大,2024-10-23,9135
1721,三晃,42,26,16,群益金鼎-東大,2024-10-23,9135
00679B,元大美債20年,25,9,16,群益金鼎-東大,2024-10-23,9135
4533,協易機,17,2,15,群益金鼎-東大,2024-10-23,9135
3702,大聯大,14,0,14,群益金鼎-東大,2024-10-23,9135
6220,岳豐,14,0,14,群益金鼎-東大,2024-10-23,9135
3581,博磊,15,1,14,群益金鼎-東大,2024-10-23,9135
6127,九豪,13,0,13,群益金鼎-東大,2024-10-23,9135
5202,力新,17,4,13,群益金鼎-東大,2024-10-23,9135
2354,鴻準,13,0,13,群益金鼎-東大,2024-10-23,9135
00713,元大台灣高息低波,12,0,12,群益金鼎-東大,2024-10-23,9135
2352,佳世達,12,0,12,群益金鼎-東大,2024-10-23,9135
00637L,元大滬深300正2,42,30,12,群益金鼎-東大,2024-10-23,9135
3564,其陽,12,0,12,群益金鼎-東大,2024-10-23,9135
2409,友達,14,2,12,群益金鼎-東大,2024-10-23,9135
5284,jpp-KY,29,17,12,群益金鼎-東大,2024-10-23,9135
00922,國泰台灣領袖50,14,3,11,群益金鼎-東大,2024-10-23,9135
1309,台達化,42,31,11,群益金鼎-東大,2024-10-23,9135
00751B,元大AAA至A公司債,12,2,10,群益金鼎-東大,2024-10-23,9135
1802,台玻,11,1,10,群益金鼎-東大,2024-10-23,9135
2542,興富發,10,0,10,群益金鼎-東大,2024-10-23,9135
00937B,群益ESG投等債20,591,0,591,群益金鼎-東大,2024-10-24,9135
00687B,國泰20年美債,228,10,218,群益金鼎-東大,2024-10-24,9135
2312,金寶,107,3,104,群益金鼎-東大,2024-10-24,9135
00679B,元大美債20年,151,54,97,群益金鼎-東大,2024-10-24,9135
00948B,中信優息投資級債,96,0,96,群益金鼎-東大,2024-10-24,9135
2891,中信金,74,13,61,群益金鼎-東大,2024-10-24,9135
00712,復華富時不動產,60,12,48,群益金鼎-東大,2024-10-24,9135
2462,良得電,43,2,41,群益金鼎-東大,2024-10-24,9135
8064,東捷,64,25,39,群益金鼎-東大,2024-10-24,9135
0056,元大高股息,37,1,36,群益金鼎-東大,2024-10-24,9135
2317,鴻海,41,7,34,群益金鼎-東大,2024-10-24,9135
1786,科妍,30,0,30,群益金鼎-東大,2024-10-24,9135
3060,銘異,51,21,30,群益金鼎-東大,2024-10-24,9135
3013,晟銘電,42,13,29,群益金鼎-東大,2024-10-24,9135
00878,國泰永續高股息,28,0,28,群益金鼎-東大,2024-10-24,9135
3535,晶彩科,30,3,27,群益金鼎-東大,2024-10-24,9135
00795B,中信美國公債20年,27,0,27,群益金鼎-東大,2024-10-24,9135
00929,復華台灣科技優息,43,17,26,群益金鼎-東大,2024-10-24,9135
3231,緯創,31,5,26,群益金鼎-東大,2024-10-24,9135
2449,京元電子,32,6,26,群益金鼎-東大,2024-10-24,9135
3035,智原,26,1,25,群益金鼎-東大,2024-10-24,9135
8070,長華*,24,0,24,群益金鼎-東大,2024-10-24,9135
1528,恩德,281,258,23,群益金鼎-東大,2024-10-24,9135
00918,大華優利高填息30,21,0,21,群益金鼎-東大,2024-10-24,9135
3290,東浦,21,0,21,群益金鼎-東大,2024-10-24,9135
00741B,富邦全球非投等債,20,0,20,群益金鼎-東大,2024-10-24,9135
00919,群益台灣精選高息,20,0,20,群益金鼎-東大,2024-10-24,9135
00938,凱基優選30,60,41,19,群益金鼎-東大,2024-10-24,9135
3257,虹冠電,25,6,19,群益金鼎-東大,2024-10-24,9135
6509,聚和,19,1,18,群益金鼎-東大,2024-10-24,9135
3665,貿聯-KY,20,2,18,群益金鼎-東大,2024-10-24,9135
00950B,凱基A級公司債,16,0,16,群益金鼎-東大,2024-10-24,9135
2388,威盛,39,24,15,群益金鼎-東大,2024-10-24,9135
5469,瀚宇博,15,0,15,群益金鼎-東大,2024-10-24,9135
00923,群益台ESG低碳50,15,0,15,群益金鼎-東大,2024-10-24,9135
3037,欣興,18,3,15,群益金鼎-東大,2024-10-24,9135
1802,台玻,23,8,15,群益金鼎-東大,2024-10-24,9135
00764B,群益25年美債,14,0,14,群益金鼎-東大,2024-10-24,9135
6167,久正,14,0,14,群益金鼎-東大,2024-10-24,9135
00952,凱基台灣AI50,12,0,12,群益金鼎-東大,2024-10-24,9135
00631L,元大台灣50正2,12,1,11,群益金鼎-東大,2024-10-24,9135
00922,國泰台灣領袖50,12,2,10,群益金鼎-東大,2024-10-24,9135
3691,碩禾,10,0,10,群益金鼎-東大,2024-10-24,9135
2349,錸德,10,0,10,群益金鼎-東大,2024-10-24,9135
3406,玉晶光,10,0,10,群益金鼎-東大,2024-10-24,9135
00949,復華日本龍頭,10,0,10,群益金鼎-東大,2024-10-24,9135
2302,麗正,10,0,10,群益金鼎-東大,2024-10-24,9135
3498,陽程,10,0,10,群益金鼎-東大,2024-10-24,9135
4513,福裕,12,2,10,群益金鼎-東大,2024-10-24,9135
6603,富強鑫,10,0,10,群益金鼎-東大,2024-10-24,9135
4510,高鋒,467,1,466,群益金鼎-東大,2024-10-25,9135
00687B,國泰20年美債,328,3,325,群益金鼎-東大,2024-10-25,9135
3615,安可,173,21,152,群益金鼎-東大,2024-10-25,9135
00950B,凱基A級公司債,103,0,103,群益金鼎-東大,2024-10-25,9135
00680L,元大美債20正2,115,15,100,群益金鼎-東大,2024-10-25,9135
3231,緯創,164,103,61,群益金鼎-東大,2024-10-25,9135
6509,聚和,76,18,58,群益金鼎-東大,2024-10-25,9135
2344,華邦電,56,2,54,群益金鼎-東大,2024-10-25,9135
00753L,中信中國50正2,60,15,45,群益金鼎-東大,2024-10-25,9135
6142,友勁,41,0,41,群益金鼎-東大,2024-10-25,9135
00679B,元大美債20年,35,0,35,群益金鼎-東大,2024-10-25,9135
00919,群益台灣精選高息,35,4,31,群益金鼎-東大,2024-10-25,9135
2354,鴻準,207,176,31,群益金鼎-東大,2024-10-25,9135
00948B,中信優息投資級債,30,5,25,群益金鼎-東大,2024-10-25,9135
3162,精確,22,0,22,群益金鼎-東大,2024-10-25,9135
3149,正達,22,0,22,群益金鼎-東大,2024-10-25,9135
6133,金橋,22,0,22,群益金鼎-東大,2024-10-25,9135
5386,青雲,24,3,21,群益金鼎-東大,2024-10-25,9135
2615,萬海,27,6,21,群益金鼎-東大,2024-10-25,9135
1718,中纖,20,0,20,群益金鼎-東大,2024-10-25,9135
1905,華紙,20,0,20,群益金鼎-東大,2024-10-25,9135
6288,聯嘉,24,7,17,群益金鼎-東大,2024-10-25,9135
3665,貿聯-KY,16,0,16,群益金鼎-東大,2024-10-25,9135
2399,映泰,17,1,16,群益金鼎-東大,2024-10-25,9135
1568,倉佑,15,0,15,群益金鼎-東大,2024-10-25,9135
00725B,國泰投資級公司債,14,0,14,群益金鼎-東大,2024-10-25,9135
4558,寶緯,14,0,14,群益金鼎-東大,2024-10-25,9135
00665L,富邦�琤肭磪囓�2,15,1,14,群益金鼎-東大,2024-10-25,9135
00675L,富邦臺灣加權正2,23,9,14,群益金鼎-東大,2024-10-25,9135
3430,奇鈦科,13,0,13,群益金鼎-東大,2024-10-25,9135
4123,晟德,14,2,12,群益金鼎-東大,2024-10-25,9135
2897,王道銀行,12,0,12,群益金鼎-東大,2024-10-25,9135
00959B,大華投等美債15Y+,12,0,12,群益金鼎-東大,2024-10-25,9135
00715L,期街口布蘭特正2,12,0,12,群益金鼎-東大,2024-10-25,9135
1904,正隆,11,0,11,群益金鼎-東大,2024-10-25,9135
2812,台中銀,11,0,11,群益金鼎-東大,2024-10-25,9135
6753,龍德造船,11,0,11,群益金鼎-東大,2024-10-25,9135
00953B,群益優選非投等債,11,0,11,群益金鼎-東大,2024-10-25,9135
1536,和大,28,17,11,群益金鼎-東大,2024-10-25,9135
3402,漢科,37,26,11,群益金鼎-東大,2024-10-25,9135
4931,新盛力,15,5,10,群益金鼎-東大,2024-10-25,9135
3707,漢磊,12,2,10,群益金鼎-東大,2024-10-25,9135
00655L,國泰中國A50正2,10,0,10,群益金鼎-東大,2024-10-25,9135
00795B,中信美國公債20年,9,0,9,群益金鼎-東大,2024-10-25,9135
2413,環科,9,0,9,群益金鼎-東大,2024-10-25,9135
4952,凌通,11,3,8,群益金鼎-東大,2024-10-25,9135
3483,力致,8,0,8,群益金鼎-東大,2024-10-25,9135
4532,瑞智,8,0,8,群益金鼎-東大,2024-10-25,9135
2495,普安,215,207,8,群益金鼎-東大,2024-10-25,9135
2303,聯電,7,0,7,群益金鼎-東大,2024-10-25,9135
00937B,群益ESG投等債20,369,52,317,群益金鼎-東大,2024-10-28,9135
00948B,中信優息投資級債,147,5,142,群益金鼎-東大,2024-10-28,9135
2312,金寶,156,17,139,群益金鼎-東大,2024-10-28,9135
2354,鴻準,165,29,136,群益金鼎-東大,2024-10-28,9135
2303,聯電,97,0,97,群益金鼎-東大,2024-10-28,9135
00679B,元大美債20年,80,0,80,群益金鼎-東大,2024-10-28,9135
00687B,國泰20年美債,75,20,55,群益金鼎-東大,2024-10-28,9135
2374,佳能,55,1,54,群益金鼎-東大,2024-10-28,9135
2302,麗正,53,0,53,群益金鼎-東大,2024-10-28,9135
00950B,凱基A級公司債,51,0,51,群益金鼎-東大,2024-10-28,9135
5202,力新,58,8,50,群益金鼎-東大,2024-10-28,9135
6830,汎銓,69,20,49,群益金鼎-東大,2024-10-28,9135
1464,得力,45,0,45,群益金鼎-東大,2024-10-28,9135
6509,聚和,49,7,42,群益金鼎-東大,2024-10-28,9135
2881,富邦金,39,0,39,群益金鼎-東大,2024-10-28,9135
00878,國泰永續高股息,40,3,37,群益金鼎-東大,2024-10-28,9135
00715L,期街口布蘭特正2,35,0,35,群益金鼎-東大,2024-10-28,9135
3236,千如,33,0,33,群益金鼎-東大,2024-10-28,9135
00933B,國泰10Y+金融債,31,0,31,群益金鼎-東大,2024-10-28,9135
2883,凱基金,39,10,29,群益金鼎-東大,2024-10-28,9135
2369,菱生,33,4,29,群益金鼎-東大,2024-10-28,9135
2429,銘旺科,24,0,24,群益金鼎-東大,2024-10-28,9135
2609,陽明,182,159,23,群益金鼎-東大,2024-10-28,9135
3167,大量,30,9,21,群益金鼎-東大,2024-10-28,9135
3010,華立,21,0,21,群益金鼎-東大,2024-10-28,9135
2317,鴻海,35,14,21,群益金鼎-東大,2024-10-28,9135
00761B,國泰A級公司債,22,2,20,群益金鼎-東大,2024-10-28,9135
5328,華容,20,0,20,群益金鼎-東大,2024-10-28,9135
00919,群益台灣精選高息,33,13,20,群益金鼎-東大,2024-10-28,9135
6120,達運,20,1,19,群益金鼎-東大,2024-10-28,9135
00720B,元大投資級公司債,18,0,18,群益金鼎-東大,2024-10-28,9135
3162,精確,19,1,18,群益金鼎-東大,2024-10-28,9135
00959B,大華投等美債15Y+,17,0,17,群益金鼎-東大,2024-10-28,9135
3710,連展投控,16,0,16,群益金鼎-東大,2024-10-28,9135
3665,貿聯-KY,16,0,16,群益金鼎-東大,2024-10-28,9135
00795B,中信美國公債20年,14,0,14,群益金鼎-東大,2024-10-28,9135
00929,復華台灣科技優息,17,3,14,群益金鼎-東大,2024-10-28,9135
00772B,中信高評級公司債,14,0,14,群益金鼎-東大,2024-10-28,9135
00688L,國泰20年美債正2,17,3,14,群益金鼎-東大,2024-10-28,9135
00706L,期元大S＆P日圓正2,13,0,13,群益金鼎-東大,2024-10-28,9135
006208,富邦台50,12,0,12,群益金鼎-東大,2024-10-28,9135
2891,中信金,13,1,12,群益金鼎-東大,2024-10-28,9135
2477,美隆電,46,34,12,群益金鼎-東大,2024-10-28,9135
2392,正崴,12,0,12,群益金鼎-東大,2024-10-28,9135
2608,嘉里大榮,12,1,11,群益金鼎-東大,2024-10-28,9135
8261,富鼎,11,0,11,群益金鼎-東大,2024-10-28,9135
00631L,元大台灣50正2,10,0,10,群益金鼎-東大,2024-10-28,9135
6241,易通展,10,0,10,群益金鼎-東大,2024-10-28,9135
00696B,富邦美債20年,10,0,10,群益金鼎-東大,2024-10-28,9135
2850,新產,10,0,10,群益金鼎-東大,2024-10-28,9135
00953B,群益優選非投等債,172,6,166,群益金鼎-東大,2024-10-29,9135
00715L,期街口布蘭特正2,115,0,115,群益金鼎-東大,2024-10-29,9135
00919,群益台灣精選高息,131,26,105,群益金鼎-東大,2024-10-29,9135
6288,聯嘉,68,0,68,群益金鼎-東大,2024-10-29,9135
6509,聚和,65,2,63,群益金鼎-東大,2024-10-29,9135
00878,國泰永續高股息,62,0,62,群益金鼎-東大,2024-10-29,9135
2537,聯上發,51,1,50,群益金鼎-東大,2024-10-29,9135
0056,元大高股息,46,1,45,群益金鼎-東大,2024-10-29,9135
2303,聯電,44,0,44,群益金鼎-東大,2024-10-29,9135
2883,凱基金,40,0,40,群益金鼎-東大,2024-10-29,9135
00959B,大華投等美債15Y+,40,0,40,群益金鼎-東大,2024-10-29,9135
00679B,元大美債20年,47,15,32,群益金鼎-東大,2024-10-29,9135
00756B,群益投等新興公債,30,0,30,群益金鼎-東大,2024-10-29,9135
8261,富鼎,30,3,27,群益金鼎-東大,2024-10-29,9135
5347,世界,32,6,26,群益金鼎-東大,2024-10-29,9135
00929,復華台灣科技優息,74,49,25,群益金鼎-東大,2024-10-29,9135
00950B,凱基A級公司債,23,0,23,群益金鼎-東大,2024-10-29,9135
00712,復華富時不動產,21,0,21,群益金鼎-東大,2024-10-29,9135
6134,萬旭,24,3,21,群益金鼎-東大,2024-10-29,9135
006208,富邦台50,22,1,21,群益金鼎-東大,2024-10-29,9135
0050,元大台灣50,22,1,21,群益金鼎-東大,2024-10-29,9135
6239,力成,19,0,19,群益金鼎-東大,2024-10-29,9135
2646,星宇航空,23,4,19,群益金鼎-東大,2024-10-29,9135
3010,華立,18,0,18,群益金鼎-東大,2024-10-29,9135
00753L,中信中國50正2,18,0,18,群益金鼎-東大,2024-10-29,9135
6151,晉倫,18,0,18,群益金鼎-東大,2024-10-29,9135
2363,矽統,16,0,16,群益金鼎-東大,2024-10-29,9135
00631L,元大台灣50正2,31,16,15,群益金鼎-東大,2024-10-29,9135
00708L,期元大S＆P黃金正2,14,0,14,群益金鼎-東大,2024-10-29,9135
00927,群益半導體收益,14,0,14,群益金鼎-東大,2024-10-29,9135
2413,環科,20,7,13,群益金鼎-東大,2024-10-29,9135
00665L,富邦�琤肭磪囓�2,15,3,12,群益金鼎-東大,2024-10-29,9135
3535,晶彩科,13,1,12,群益金鼎-東大,2024-10-29,9135
2312,金寶,57,45,12,群益金鼎-東大,2024-10-29,9135
00938,凱基優選30,12,0,12,群益金鼎-東大,2024-10-29,9135
3037,欣興,21,9,12,群益金鼎-東大,2024-10-29,9135
2887,台新金,12,0,12,群益金鼎-東大,2024-10-29,9135
2881,富邦金,11,0,11,群益金鼎-東大,2024-10-29,9135
2880,華南金,11,0,11,群益金鼎-東大,2024-10-29,9135
5202,力新,34,23,11,群益金鼎-東大,2024-10-29,9135
00685L,群益臺灣加權正2,11,0,11,群益金鼎-東大,2024-10-29,9135
6235,華孚,12,1,11,群益金鼎-東大,2024-10-29,9135
00664R,國泰臺灣加權反1,10,0,10,群益金鼎-東大,2024-10-29,9135
2897,王道銀行,10,0,10,群益金鼎-東大,2024-10-29,9135
4139,馬光-KY,12,2,10,群益金鼎-東大,2024-10-29,9135
2601,益航,10,0,10,群益金鼎-東大,2024-10-29,9135
6241,易通展,10,0,10,群益金鼎-東大,2024-10-29,9135
2834,臺企銀,12,2,10,群益金鼎-東大,2024-10-29,9135
2354,鴻準,34,24,10,群益金鼎-東大,2024-10-29,9135
00692,富邦公司治理,9,0,9,群益金鼎-東大,2024-10-29,9135
00637L,元大滬深300正2,216,43,173,群益金鼎-東大,2024-10-30,9135
00919,群益台灣精選高息,102,5,97,群益金鼎-東大,2024-10-30,9135
00687B,國泰20年美債,59,0,59,群益金鼎-東大,2024-10-30,9135
3325,旭品,57,6,51,群益金鼎-東大,2024-10-30,9135
00950B,凱基A級公司債,35,0,35,群益金鼎-東大,2024-10-30,9135
00937B,群益ESG投等債20,62,30,32,群益金鼎-東大,2024-10-30,9135
3231,緯創,58,27,31,群益金鼎-東大,2024-10-30,9135
00715L,期街口布蘭特正2,30,0,30,群益金鼎-東大,2024-10-30,9135
2328,廣宇,30,6,24,群益金鼎-東大,2024-10-30,9135
6509,聚和,27,4,23,群益金鼎-東大,2024-10-30,9135
6191,精成科,22,0,22,群益金鼎-東大,2024-10-30,9135
5347,世界,23,2,21,群益金鼎-東大,2024-10-30,9135
2383,台光電,20,0,20,群益金鼎-東大,2024-10-30,9135
2472,立隆電,20,0,20,群益金鼎-東大,2024-10-30,9135
00933B,國泰10Y+金融債,19,0,19,群益金鼎-東大,2024-10-30,9135
2382,廣達,22,3,19,群益金鼎-東大,2024-10-30,9135
00929,復華台灣科技優息,23,5,18,群益金鼎-東大,2024-10-30,9135
8150,南茂,18,0,18,群益金鼎-東大,2024-10-30,9135
00712,復華富時不動產,18,0,18,群益金鼎-東大,2024-10-30,9135
00878,國泰永續高股息,18,1,17,群益金鼎-東大,2024-10-30,9135
3686,達能,16,0,16,群益金鼎-東大,2024-10-30,9135
8044,網家,35,20,15,群益金鼎-東大,2024-10-30,9135
2606,裕民,17,3,14,群益金鼎-東大,2024-10-30,9135
3704,合勤控,34,21,13,群益金鼎-東大,2024-10-30,9135
3360,尚立,12,0,12,群益金鼎-東大,2024-10-30,9135
6288,聯嘉,12,0,12,群益金鼎-東大,2024-10-30,9135
4139,馬光-KY,11,0,11,群益金鼎-東大,2024-10-30,9135
2337,旺宏,11,0,11,群益金鼎-東大,2024-10-30,9135
2354,鴻準,219,209,10,群益金鼎-東大,2024-10-30,9135
2303,聯電,10,0,10,群益金鼎-東大,2024-10-30,9135
3162,精確,10,0,10,群益金鼎-東大,2024-10-30,9135
1540,喬福,11,1,10,群益金鼎-東大,2024-10-30,9135
2897,王道銀行,10,0,10,群益金鼎-東大,2024-10-30,9135
00948B,中信優息投資級債,10,0,10,群益金鼎-東大,2024-10-30,9135
00639,富邦深100,10,0,10,群益金鼎-東大,2024-10-30,9135
3715,定穎投控,11,1,10,群益金鼎-東大,2024-10-30,9135
00642U,期元大S＆P石油,10,0,10,群益金鼎-東大,2024-10-30,9135
0056,元大高股息,12,2,10,群益金鼎-東大,2024-10-30,9135
8277,商丞,10,0,10,群益金鼎-東大,2024-10-30,9135
3481,群創,18,9,9,群益金鼎-東大,2024-10-30,9135
4532,瑞智,9,0,9,群益金鼎-東大,2024-10-30,9135
6438,迅得,9,0,9,群益金鼎-東大,2024-10-30,9135
8085,福華,9,0,9,群益金鼎-東大,2024-10-30,9135
3615,安可,10,1,9,群益金鼎-東大,2024-10-30,9135
2332,友訊,9,0,9,群益金鼎-東大,2024-10-30,9135
00665L,富邦�琤肭磪囓�2,13,5,8,群益金鼎-東大,2024-10-30,9135
2486,一詮,17,9,8,群益金鼎-東大,2024-10-30,9135
3033,威健,8,0,8,群益金鼎-東大,2024-10-30,9135
00918,大華優利高填息30,8,0,8,群益金鼎-東大,2024-10-30,9135
00940,元大台灣價值高息,15,7,8,群益金鼎-東大,2024-10-30,9135
2845,遠東銀,510,0,510,群益金鼎-東大,2024-11-01,9135
00687B,國泰20年美債,125,0,125,群益金鼎-東大,2024-11-01,9135
00878,國泰永續高股息,87,0,87,群益金鼎-東大,2024-11-01,9135
00679B,元大美債20年,85,2,83,群益金鼎-東大,2024-11-01,9135
00953B,群益優選非投等債,34,0,34,群益金鼎-東大,2024-11-01,9135
00919,群益台灣精選高息,33,1,32,群益金鼎-東大,2024-11-01,9135
00948B,中信優息投資級債,31,0,31,群益金鼎-東大,2024-11-01,9135
00937B,群益ESG投等債20,70,40,30,群益金鼎-東大,2024-11-01,9135
00680L,元大美債20正2,32,6,26,群益金鼎-東大,2024-11-01,9135
2365,昆盈,25,0,25,群益金鼎-東大,2024-11-01,9135
0056,元大高股息,26,3,23,群益金鼎-東大,2024-11-01,9135
00891,中信關鍵半導體,21,0,21,群益金鼎-東大,2024-11-01,9135
00959B,大華投等美債15Y+,21,0,21,群益金鼎-東大,2024-11-01,9135
912000,晨訊科-DR,20,0,20,群益金鼎-東大,2024-11-01,9135
00642U,期元大S＆P石油,20,0,20,群益金鼎-東大,2024-11-01,9135
4716,大立,20,0,20,群益金鼎-東大,2024-11-01,9135
2344,華邦電,20,1,19,群益金鼎-東大,2024-11-01,9135
00631L,元大台灣50正2,19,1,18,群益金鼎-東大,2024-11-01,9135
6509,聚和,21,3,18,群益金鼎-東大,2024-11-01,9135
006208,富邦台50,21,3,18,群益金鼎-東大,2024-11-01,9135
2880,華南金,17,0,17,群益金鼎-東大,2024-11-01,9135
2317,鴻海,54,38,16,群益金鼎-東大,2024-11-01,9135
2408,南亞科,17,1,16,群益金鼎-東大,2024-11-01,9135
00713,元大台灣高息低波,16,1,15,群益金鼎-東大,2024-11-01,9135
3580,友威科,15,1,14,群益金鼎-東大,2024-11-01,9135
6241,易通展,15,1,14,群益金鼎-東大,2024-11-01,9135
3447,展達,15,1,14,群益金鼎-東大,2024-11-01,9135
00927,群益半導體收益,12,0,12,群益金鼎-東大,2024-11-01,9135
00673R,期元大S＆P原油反1,12,0,12,群益金鼎-東大,2024-11-01,9135
00951,台新日本半導體,12,0,12,群益金鼎-東大,2024-11-01,9135
8107,大億金茂,61,49,12,群益金鼎-東大,2024-11-01,9135
00830,國泰費城半導體,11,0,11,群益金鼎-東大,2024-11-01,9135
2328,廣宇,18,7,11,群益金鼎-東大,2024-11-01,9135
3663,鑫科,14,3,11,群益金鼎-東大,2024-11-01,9135
6285,啟��,11,0,11,群益金鼎-東大,2024-11-01,9135
00950B,凱基A級公司債,11,0,11,群益金鼎-東大,2024-11-01,9135
2834,臺企銀,11,0,11,群益金鼎-東大,2024-11-01,9135
3711,日月光投控,11,1,10,群益金鼎-東大,2024-11-01,9135
1309,台達化,10,0,10,群益金鼎-東大,2024-11-01,9135
5443,均豪,11,1,10,群益金鼎-東大,2024-11-01,9135
00671R,富邦NASDAQ反1,10,0,10,群益金鼎-東大,2024-11-01,9135
1711,永光,11,1,10,群益金鼎-東大,2024-11-01,9135
00885,富邦越南,10,0,10,群益金鼎-東大,2024-11-01,9135
2897,王道銀行,10,0,10,群益金鼎-東大,2024-11-01,9135
1313,聯成,10,0,10,群益金鼎-東大,2024-11-01,9135
00688L,國泰20年美債正2,11,1,10,群益金鼎-東大,2024-11-01,9135
5227,立凱-KY,10,0,10,群益金鼎-東大,2024-11-01,9135
4532,瑞智,10,0,10,群益金鼎-東大,2024-11-01,9135
00675L,富邦臺灣加權正2,19,9,10,群益金鼎-東大,2024-11-01,9135
3030,德律,10,1,9,群益金鼎-東大,2024-11-01,9135
00937B,群益ESG投等債20,316,101,215,群益金鼎-東大,2024-11-04,9135
00688L,國泰20年美債正2,154,2,152,群益金鼎-東大,2024-11-04,9135
00948B,中信優息投資級債,129,0,129,群益金鼎-東大,2024-11-04,9135
2409,友達,127,0,127,群益金鼎-東大,2024-11-04,9135
00940,元大台灣價值高息,112,3,109,群益金鼎-東大,2024-11-04,9135
00712,復華富時不動產,104,4,100,群益金鼎-東大,2024-11-04,9135
00679B,元大美債20年,87,0,87,群益金鼎-東大,2024-11-04,9135
3230,錦明,73,5,68,群益金鼎-東大,2024-11-04,9135
00959B,大華投等美債15Y+,57,0,57,群益金鼎-東大,2024-11-04,9135
6509,聚和,54,0,54,群益金鼎-東大,2024-11-04,9135
2354,鴻準,146,97,49,群益金鼎-東大,2024-11-04,9135
00878,國泰永續高股息,52,3,49,群益金鼎-東大,2024-11-04,9135
5426,振發,87,41,46,群益金鼎-東大,2024-11-04,9135
5608,四維航,51,5,46,群益金鼎-東大,2024-11-04,9135
00680L,元大美債20正2,112,67,45,群益金鼎-東大,2024-11-04,9135
00687B,國泰20年美債,57,19,38,群益金鼎-東大,2024-11-04,9135
00637L,元大滬深300正2,31,0,31,群益金鼎-東大,2024-11-04,9135
00929,復華台灣科技優息,60,35,25,群益金鼎-東大,2024-11-04,9135
00751B,元大AAA至A公司債,24,0,24,群益金鼎-東大,2024-11-04,9135
2493,揚博,74,52,22,群益金鼎-東大,2024-11-04,9135
00930,永豐ESG低碳高息,20,0,20,群益金鼎-東大,2024-11-04,9135
2609,陽明,26,7,19,群益金鼎-東大,2024-11-04,9135
2646,星宇航空,42,24,18,群益金鼎-東大,2024-11-04,9135
6770,力積電,23,6,17,群益金鼎-東大,2024-11-04,9135
3702,大聯大,17,0,17,群益金鼎-東大,2024-11-04,9135
4190,佐登-KY,15,0,15,群益金鼎-東大,2024-11-04,9135
00713,元大台灣高息低波,15,1,14,群益金鼎-東大,2024-11-04,9135
2303,聯電,24,11,13,群益金鼎-東大,2024-11-04,9135
00725B,國泰投資級公司債,13,0,13,群益金鼎-東大,2024-11-04,9135
00753L,中信中國50正2,13,0,13,群益金鼎-東大,2024-11-04,9135
4541,晟田,12,0,12,群益金鼎-東大,2024-11-04,9135
3037,欣興,27,15,12,群益金鼎-東大,2024-11-04,9135
3019,亞光,19,8,11,群益金鼎-東大,2024-11-04,9135
6658,聯策,48,37,11,群益金鼎-東大,2024-11-04,9135
00720B,元大投資級公司債,10,0,10,群益金鼎-東大,2024-11-04,9135
2887,台新金,10,0,10,群益金鼎-東大,2024-11-04,9135
1466,聚隆,10,0,10,群益金鼎-東大,2024-11-04,9135
00950B,凱基A級公司債,10,0,10,群益金鼎-東大,2024-11-04,9135
00738U,期元大道瓊白銀,10,0,10,群益金鼎-東大,2024-11-04,9135
5488,松普,10,0,10,群益金鼎-東大,2024-11-04,9135
00915,凱基優選高股息30,30,20,10,群益金鼎-東大,2024-11-04,9135
0056,元大高股息,19,10,9,群益金鼎-東大,2024-11-04,9135
4919,新唐,12,3,9,群益金鼎-東大,2024-11-04,9135
6763,綠界科技*,9,0,9,群益金鼎-東大,2024-11-04,9135
2328,廣宇,30,22,8,群益金鼎-東大,2024-11-04,9135
4967,十銓,8,0,8,群益金鼎-東大,2024-11-04,9135
1213,大飲,8,0,8,群益金鼎-東大,2024-11-04,9135
00932,兆豐永續高息等權,7,0,7,群益金鼎-東大,2024-11-04,9135
6197,佳必琪,31,24,7,群益金鼎-東大,2024-11-04,9135
3583,辛耘,9,2,7,群益金鼎-東大,2024-11-04,9135
00639,富邦深100,149,0,149,群益金鼎-東大,2024-11-05,9135
3049,精金,228,112,116,群益金鼎-東大,2024-11-05,9135
00953B,群益優選非投等債,105,1,104,群益金鼎-東大,2024-11-05,9135
00959B,大華投等美債15Y+,84,0,84,群益金鼎-東大,2024-11-05,9135
00937B,群益ESG投等債20,153,88,65,群益金鼎-東大,2024-11-05,9135
2344,華邦電,44,1,43,群益金鼎-東大,2024-11-05,9135
3236,千如,30,5,25,群益金鼎-東大,2024-11-05,9135
2303,聯電,43,21,22,群益金鼎-東大,2024-11-05,9135
00932,兆豐永續高息等權,22,0,22,群益金鼎-東大,2024-11-05,9135
2646,星宇航空,21,0,21,群益金鼎-東大,2024-11-05,9135
2633,台灣高鐵,20,0,20,群益金鼎-東大,2024-11-05,9135
3535,晶彩科,20,0,20,群益金鼎-東大,2024-11-05,9135
5608,四維航,20,1,19,群益金鼎-東大,2024-11-05,9135
1307,三芳,43,25,18,群益金鼎-東大,2024-11-05,9135
4991,環宇-KY,29,12,17,群益金鼎-東大,2024-11-05,9135
5478,智冠,16,0,16,群益金鼎-東大,2024-11-05,9135
3615,安可,41,26,15,群益金鼎-東大,2024-11-05,9135
00713,元大台灣高息低波,17,2,15,群益金鼎-東大,2024-11-05,9135
3230,錦明,17,2,15,群益金鼎-東大,2024-11-05,9135
00878,國泰永續高股息,16,1,15,群益金鼎-東大,2024-11-05,9135
00915,凱基優選高股息30,14,0,14,群益金鼎-東大,2024-11-05,9135
2243,宏旭-KY,14,0,14,群益金鼎-東大,2024-11-05,9135
2615,萬海,123,109,14,群益金鼎-東大,2024-11-05,9135
2413,環科,16,2,14,群益金鼎-東大,2024-11-05,9135
6274,台燿,14,0,14,群益金鼎-東大,2024-11-05,9135
00940,元大台灣價值高息,14,1,13,群益金鼎-東大,2024-11-05,9135
1519,華城,15,2,13,群益金鼎-東大,2024-11-05,9135
3580,友威科,14,2,12,群益金鼎-東大,2024-11-05,9135
4956,光鋐,14,2,12,群益金鼎-東大,2024-11-05,9135
1540,喬福,22,11,11,群益金鼎-東大,2024-11-05,9135
00679B,元大美債20年,11,1,10,群益金鼎-東大,2024-11-05,9135
3312,弘憶股,12,2,10,群益金鼎-東大,2024-11-05,9135
3019,亞光,19,9,10,群益金鼎-東大,2024-11-05,9135
2489,瑞軒,11,1,10,群益金鼎-東大,2024-11-05,9135
00938,凱基優選30,11,1,10,群益金鼎-東大,2024-11-05,9135
1475,業旺,10,0,10,群益金鼎-東大,2024-11-05,9135
00756B,群益投等新興公債,10,0,10,群益金鼎-東大,2024-11-05,9135
00725B,國泰投資級公司債,10,0,10,群益金鼎-東大,2024-11-05,9135
00633L,富邦上証正2,15,5,10,群益金鼎-東大,2024-11-05,9135
00948B,中信優息投資級債,10,0,10,群益金鼎-東大,2024-11-05,9135
8089,康全電訊,10,0,10,群益金鼎-東大,2024-11-05,9135
00950B,凱基A級公司債,10,0,10,群益金鼎-東大,2024-11-05,9135
00632R,元大台灣50反1,10,0,10,群益金鼎-東大,2024-11-05,9135
3490,單井,20,11,9,群益金鼎-東大,2024-11-05,9135
6509,聚和,10,1,9,群益金鼎-東大,2024-11-05,9135
00712,復華富時不動產,10,1,9,群益金鼎-東大,2024-11-05,9135
3013,晟銘電,17,8,9,群益金鼎-東大,2024-11-05,9135
8047,星雲,11,2,9,群益金鼎-東大,2024-11-05,9135
4977,眾達-KY,9,0,9,群益金鼎-東大,2024-11-05,9135
2888,新光金,8,0,8,群益金鼎-東大,2024-11-05,9135
00937B,群益ESG投等債20,254,52,202,群益金鼎-東大,2024-11-06,9135
00948B,中信優息投資級債,169,5,164,群益金鼎-東大,2024-11-06,9135
00959B,大華投等美債15Y+,164,5,159,群益金鼎-東大,2024-11-06,9135
00637L,元大滬深300正2,290,139,151,群益金鼎-東大,2024-11-06,9135
00687B,國泰20年美債,197,71,126,群益金鼎-東大,2024-11-06,9135
2610,華航,115,0,115,群益金鼎-東大,2024-11-06,9135
00679B,元大美債20年,135,62,73,群益金鼎-東大,2024-11-06,9135
00919,群益台灣精選高息,50,5,45,群益金鼎-東大,2024-11-06,9135
8150,南茂,41,0,41,群益金鼎-東大,2024-11-06,9135
00795B,中信美國公債20年,39,0,39,群益金鼎-東大,2024-11-06,9135
2344,華邦電,37,1,36,群益金鼎-東大,2024-11-06,9135
4991,環宇-KY,50,17,33,群益金鼎-東大,2024-11-06,9135
6589,台康生技,31,1,30,群益金鼎-東大,2024-11-06,9135
8047,星雲,35,6,29,群益金鼎-東大,2024-11-06,9135
00706L,期元大S＆P日圓正2,37,12,25,群益金鼎-東大,2024-11-06,9135
00650L,復華香港正2,25,1,24,群益金鼎-東大,2024-11-06,9135
4958,臻鼎-KY,21,0,21,群益金鼎-東大,2024-11-06,9135
2883,凱基金,21,1,20,群益金鼎-東大,2024-11-06,9135
00675L,富邦臺灣加權正2,33,14,19,群益金鼎-東大,2024-11-06,9135
6438,迅得,33,15,18,群益金鼎-東大,2024-11-06,9135
5347,世界,34,16,18,群益金鼎-東大,2024-11-06,9135
2601,益航,17,0,17,群益金鼎-東大,2024-11-06,9135
2312,金寶,180,164,16,群益金鼎-東大,2024-11-06,9135
2419,仲琦,18,2,16,群益金鼎-東大,2024-11-06,9135
00730,富邦臺灣優質高息,17,1,16,群益金鼎-東大,2024-11-06,9135
2399,映泰,19,4,15,群益金鼎-東大,2024-11-06,9135
3149,正達,17,2,15,群益金鼎-東大,2024-11-06,9135
2303,聯電,30,16,14,群益金鼎-東大,2024-11-06,9135
1316,上曜,15,1,14,群益金鼎-東大,2024-11-06,9135
00720B,元大投資級公司債,15,2,13,群益金鼎-東大,2024-11-06,9135
00953B,群益優選非投等債,14,1,13,群益金鼎-東大,2024-11-06,9135
2486,一詮,16,4,12,群益金鼎-東大,2024-11-06,9135
6156,松上,12,0,12,群益金鼎-東大,2024-11-06,9135
00751B,元大AAA至A公司債,11,0,11,群益金鼎-東大,2024-11-06,9135
2413,環科,25,14,11,群益金鼎-東大,2024-11-06,9135
6706,惠特,12,1,11,群益金鼎-東大,2024-11-06,9135
2328,廣宇,10,0,10,群益金鼎-東大,2024-11-06,9135
2485,兆赫,10,0,10,群益金鼎-東大,2024-11-06,9135
00900,富邦特選高股息30,10,0,10,群益金鼎-東大,2024-11-06,9135
2515,中工,10,0,10,群益金鼎-東大,2024-11-06,9135
5227,立凱-KY,10,0,10,群益金鼎-東大,2024-11-06,9135
6104,創惟,17,7,10,群益金鼎-東大,2024-11-06,9135
00931B,統一美債20年,10,0,10,群益金鼎-東大,2024-11-06,9135
00893,國泰智能電動車,10,0,10,群益金鼎-東大,2024-11-06,9135
2634,漢翔,10,0,10,群益金鼎-東大,2024-11-06,9135
2897,王道銀行,10,0,10,群益金鼎-東大,2024-11-06,9135
3010,華立,10,1,9,群益金鼎-東大,2024-11-06,9135
1536,和大,10,1,9,群益金鼎-東大,2024-11-06,9135
911868,同方友友-DR,9,0,9,群益金鼎-東大,2024-11-06,9135
00665L,富邦�琤肭磪囓�2,8,0,8,群益金鼎-東大,2024-11-06,9135
00688L,國泰20年美債正2,488,0,488,群益金鼎-東大,2024-11-07,9135
00795B,中信美國公債20年,189,30,159,群益金鼎-東大,2024-11-07,9135
9105,泰金寶-DR,202,64,138,群益金鼎-東大,2024-11-07,9135
5483,中美晶,41,0,41,群益金鼎-東大,2024-11-07,9135
2892,第一金,35,0,35,群益金鼎-東大,2024-11-07,9135
3715,定穎投控,41,7,34,群益金鼎-東大,2024-11-07,9135
3231,緯創,50,18,32,群益金鼎-東大,2024-11-07,9135
2014,中鴻,35,6,29,群益金鼎-東大,2024-11-07,9135
00953B,群益優選非投等債,27,0,27,群益金鼎-東大,2024-11-07,9135
1466,聚隆,25,0,25,群益金鼎-東大,2024-11-07,9135
2317,鴻海,79,54,25,群益金鼎-東大,2024-11-07,9135
6770,力積電,28,5,23,群益金鼎-東大,2024-11-07,9135
00943,兆豐電子高息等權,20,0,20,群益金鼎-東大,2024-11-07,9135
2303,聯電,50,30,20,群益金鼎-東大,2024-11-07,9135
00878,國泰永續高股息,32,13,19,群益金鼎-東大,2024-11-07,9135
3551,世禾,19,1,18,群益金鼎-東大,2024-11-07,9135
2383,台光電,22,5,17,群益金鼎-東大,2024-11-07,9135
1301,台塑,24,7,17,群益金鼎-東大,2024-11-07,9135
6509,聚和,21,5,16,群益金鼎-東大,2024-11-07,9135
2027,大成鋼,47,31,16,群益金鼎-東大,2024-11-07,9135
00679B,元大美債20年,24,9,15,群益金鼎-東大,2024-11-07,9135
00687B,國泰20年美債,27,12,15,群益金鼎-東大,2024-11-07,9135
2328,廣宇,17,3,14,群益金鼎-東大,2024-11-07,9135
3019,亞光,20,6,14,群益金鼎-東大,2024-11-07,9135
3498,陽程,17,4,13,群益金鼎-東大,2024-11-07,9135
6763,綠界科技*,12,0,12,群益金鼎-東大,2024-11-07,9135
00690,兆豐藍籌30,12,0,12,群益金鼎-東大,2024-11-07,9135
4906,正文,13,1,12,群益金鼎-東大,2024-11-07,9135
6438,迅得,47,35,12,群益金鼎-東大,2024-11-07,9135
2881,富邦金,14,2,12,群益金鼎-東大,2024-11-07,9135
1536,和大,45,34,11,群益金鼎-東大,2024-11-07,9135
2002,中鋼,11,0,11,群益金鼎-東大,2024-11-07,9135
6125,廣運,13,2,11,群益金鼎-東大,2024-11-07,9135
00633L,富邦上証正2,12,1,11,群益金鼎-東大,2024-11-07,9135
2038,海光,16,5,11,群益金鼎-東大,2024-11-07,9135
911868,同方友友-DR,11,0,11,群益金鼎-東大,2024-11-07,9135
8150,南茂,13,2,11,群益金鼎-東大,2024-11-07,9135
3162,精確,11,0,11,群益金鼎-東大,2024-11-07,9135
5202,力新,10,0,10,群益金鼎-東大,2024-11-07,9135
1524,耿鼎,20,10,10,群益金鼎-東大,2024-11-07,9135
5386,青雲,41,31,10,群益金鼎-東大,2024-11-07,9135
00706L,期元大S＆P日圓正2,10,0,10,群益金鼎-東大,2024-11-07,9135
00730,富邦臺灣優質高息,10,0,10,群益金鼎-東大,2024-11-07,9135
6147,頎邦,10,0,10,群益金鼎-東大,2024-11-07,9135
1785,光洋科,10,1,9,群益金鼎-東大,2024-11-07,9135
3006,晶豪科,12,3,9,群益金鼎-東大,2024-11-07,9135
4903,聯光通,29,20,9,群益金鼎-東大,2024-11-07,9135
00918,大華優利高填息30,24,15,9,群益金鼎-東大,2024-11-07,9135
4956,光鋐,10,1,9,群益金鼎-東大,2024-11-07,9135
4721,美琪瑪,8,0,8,群益金鼎-東大,2024-11-07,9135
00945B,凱基美國非投等債,200,0,200,群益金鼎-東大,2024-11-08,9135
00878,國泰永續高股息,130,24,106,群益金鼎-東大,2024-11-08,9135
00959B,大華投等美債15Y+,93,0,93,群益金鼎-東大,2024-11-08,9135
00637L,元大滬深300正2,102,39,63,群益金鼎-東大,2024-11-08,9135
2312,金寶,69,7,62,群益金鼎-東大,2024-11-08,9135
00891,中信關鍵半導體,54,0,54,群益金鼎-東大,2024-11-08,9135
00751B,元大AAA至A公司債,54,6,48,群益金鼎-東大,2024-11-08,9135
00894,中信小資高價30,46,0,46,群益金鼎-東大,2024-11-08,9135
00948B,中信優息投資級債,46,0,46,群益金鼎-東大,2024-11-08,9135
3062,建漢,60,20,40,群益金鼎-東大,2024-11-08,9135
6727,亞泰金屬,36,0,36,群益金鼎-東大,2024-11-08,9135
2303,聯電,38,3,35,群益金鼎-東大,2024-11-08,9135
00632R,元大台灣50反1,32,0,32,群益金鼎-東大,2024-11-08,9135
00936,台新永續高息中小,30,0,30,群益金鼎-東大,2024-11-08,9135
1313,聯成,30,0,30,群益金鼎-東大,2024-11-08,9135
00679B,元大美債20年,32,2,30,群益金鼎-東大,2024-11-08,9135
00730,富邦臺灣優質高息,28,0,28,群益金鼎-東大,2024-11-08,9135
00690,兆豐藍籌30,28,0,28,群益金鼎-東大,2024-11-08,9135
2392,正崴,149,123,26,群益金鼎-東大,2024-11-08,9135
3037,欣興,48,25,23,群益金鼎-東大,2024-11-08,9135
00953B,群益優選非投等債,29,6,23,群益金鼎-東大,2024-11-08,9135
00915,凱基優選高股息30,23,3,20,群益金鼎-東大,2024-11-08,9135
00673R,期元大S＆P原油反1,20,0,20,群益金鼎-東大,2024-11-08,9135
00931B,統一美債20年,20,0,20,群益金鼎-東大,2024-11-08,9135
2313,華通,25,5,20,群益金鼎-東大,2024-11-08,9135
1471,首利,20,0,20,群益金鼎-東大,2024-11-08,9135
3450,聯鈞,65,45,20,群益金鼎-東大,2024-11-08,9135
1303,南亞,20,0,20,群益金鼎-東大,2024-11-08,9135
2891,中信金,19,2,17,群益金鼎-東大,2024-11-08,9135
1466,聚隆,19,2,17,群益金鼎-東大,2024-11-08,9135
8150,南茂,21,5,16,群益金鼎-東大,2024-11-08,9135
00720B,元大投資級公司債,18,2,16,群益金鼎-東大,2024-11-08,9135
4167,松瑞藥,16,0,16,群益金鼎-東大,2024-11-08,9135
2388,威盛,25,10,15,群益金鼎-東大,2024-11-08,9135
2436,偉詮電,15,0,15,群益金鼎-東大,2024-11-08,9135
3213,茂訊,15,0,15,群益金鼎-東大,2024-11-08,9135
2354,鴻準,196,181,15,群益金鼎-東大,2024-11-08,9135
1711,永光,14,0,14,群益金鼎-東大,2024-11-08,9135
1528,恩德,16,2,14,群益金鼎-東大,2024-11-08,9135
3049,精金,15,1,14,群益金鼎-東大,2024-11-08,9135
1220,台榮,15,1,14,群益金鼎-東大,2024-11-08,9135
4909,新復興,15,1,14,群益金鼎-東大,2024-11-08,9135
2601,益航,12,0,12,群益金鼎-東大,2024-11-08,9135
2328,廣宇,11,0,11,群益金鼎-東大,2024-11-08,9135
6830,汎銓,14,3,11,群益金鼎-東大,2024-11-08,9135
2324,仁寶,12,1,11,群益金鼎-東大,2024-11-08,9135
00662,富邦NASDAQ,10,0,10,群益金鼎-東大,2024-11-08,9135
5227,立凱-KY,10,0,10,群益金鼎-東大,2024-11-08,9135
6271,同欣電,10,0,10,群益金鼎-東大,2024-11-08,9135
4906,正文,10,0,10,群益金鼎-東大,2024-11-08,9135
00937B,群益ESG投等債20,359,94,265,群益金鼎-東大,2024-11-11,9135
00878,國泰永續高股息,218,31,187,群益金鼎-東大,2024-11-11,9135
006208,富邦台50,113,6,107,群益金鼎-東大,2024-11-11,9135
2312,金寶,99,7,92,群益金鼎-東大,2024-11-11,9135
0056,元大高股息,74,0,74,群益金鼎-東大,2024-11-11,9135
00959B,大華投等美債15Y+,70,0,70,群益金鼎-東大,2024-11-11,9135
00919,群益台灣精選高息,53,5,48,群益金鼎-東大,2024-11-11,9135
00650L,復華香港正2,47,0,47,群益金鼎-東大,2024-11-11,9135
3481,群創,56,10,46,群益金鼎-東大,2024-11-11,9135
00895,富邦未來車,40,0,40,群益金鼎-東大,2024-11-11,9135
00893,國泰智能電動車,40,2,38,群益金鼎-東大,2024-11-11,9135
2303,聯電,37,2,35,群益金鼎-東大,2024-11-11,9135
2615,萬海,36,5,31,群益金鼎-東大,2024-11-11,9135
6147,頎邦,24,0,24,群益金鼎-東大,2024-11-11,9135
2301,光寶科,36,13,23,群益金鼎-東大,2024-11-11,9135
1447,力鵬,30,7,23,群益金鼎-東大,2024-11-11,9135
2887,台新金,23,0,23,群益金鼎-東大,2024-11-11,9135
4807,日成-KY,22,0,22,群益金鼎-東大,2024-11-11,9135
00945B,凱基美國非投等債,25,3,22,群益金鼎-東大,2024-11-11,9135
1786,科妍,22,0,22,群益金鼎-東大,2024-11-11,9135
2834,臺企銀,30,9,21,群益金鼎-東大,2024-11-11,9135
1326,台化,31,10,21,群益金鼎-東大,2024-11-11,9135
00679B,元大美債20年,31,10,21,群益金鼎-東大,2024-11-11,9135
00891,中信關鍵半導體,20,0,20,群益金鼎-東大,2024-11-11,9135
5488,松普,34,15,19,群益金鼎-東大,2024-11-11,9135
00631L,元大台灣50正2,20,4,16,群益金鼎-東大,2024-11-11,9135
00753L,中信中國50正2,25,10,15,群益金鼎-東大,2024-11-11,9135
3230,錦明,52,37,15,群益金鼎-東大,2024-11-11,9135
6727,亞泰金屬,15,0,15,群益金鼎-東大,2024-11-11,9135
1316,上曜,14,0,14,群益金鼎-東大,2024-11-11,9135
8240,華宏,37,23,14,群益金鼎-東大,2024-11-11,9135
6244,茂迪,15,1,14,群益金鼎-東大,2024-11-11,9135
2605,新興,13,0,13,群益金鼎-東大,2024-11-11,9135
2609,陽明,23,11,12,群益金鼎-東大,2024-11-11,9135
2882,國泰金,12,0,12,群益金鼎-東大,2024-11-11,9135
1605,華新,12,0,12,群益金鼎-東大,2024-11-11,9135
2892,第一金,12,0,12,群益金鼎-東大,2024-11-11,9135
8096,擎亞,41,30,11,群益金鼎-東大,2024-11-11,9135
00670L,富邦NASDAQ正2,13,2,11,群益金鼎-東大,2024-11-11,9135
2486,一詮,17,7,10,群益金鼎-東大,2024-11-11,9135
5227,立凱-KY,10,0,10,群益金鼎-東大,2024-11-11,9135
00943,兆豐電子高息等權,10,0,10,群益金鼎-東大,2024-11-11,9135
1449,佳和,15,5,10,群益金鼎-東大,2024-11-11,9135
9105,泰金寶-DR,10,0,10,群益金鼎-東大,2024-11-11,9135
6530,創威,11,1,10,群益金鼎-東大,2024-11-11,9135
2401,凌陽,13,3,10,群益金鼎-東大,2024-11-11,9135
3494,誠研,10,0,10,群益金鼎-東大,2024-11-11,9135
6288,聯嘉,36,26,10,群益金鼎-東大,2024-11-11,9135
2317,鴻海,13,4,9,群益金鼎-東大,2024-11-11,9135
3037,欣興,67,58,9,群益金鼎-東大,2024-11-11,9135
00878,國泰永續高股息,134,0,134,群益金鼎-東大,2024-11-12,9135
2409,友達,114,0,114,群益金鼎-東大,2024-11-12,9135
00650L,復華香港正2,112,0,112,群益金鼎-東大,2024-11-12,9135
00715L,期街口布蘭特正2,111,0,111,群益金鼎-東大,2024-11-12,9135
2609,陽明,136,25,111,群益金鼎-東大,2024-11-12,9135
00915,凱基優選高股息30,70,0,70,群益金鼎-東大,2024-11-12,9135
00929,復華台灣科技優息,109,40,69,群益金鼎-東大,2024-11-12,9135
4931,新盛力,83,28,55,群益金鼎-東大,2024-11-12,9135
4303,信立,58,5,53,群益金鼎-東大,2024-11-12,9135
00919,群益台灣精選高息,98,46,52,群益金鼎-東大,2024-11-12,9135
0056,元大高股息,67,20,47,群益金鼎-東大,2024-11-12,9135
00943,兆豐電子高息等權,47,0,47,群益金鼎-東大,2024-11-12,9135
4807,日成-KY,105,58,47,群益金鼎-東大,2024-11-12,9135
00936,台新永續高息中小,41,0,41,群益金鼎-東大,2024-11-12,9135
1714,和桐,35,0,35,群益金鼎-東大,2024-11-12,9135
9105,泰金寶-DR,34,0,34,群益金鼎-東大,2024-11-12,9135
5309,系統電,66,32,34,群益金鼎-東大,2024-11-12,9135
00753L,中信中國50正2,37,5,32,群益金鼎-東大,2024-11-12,9135
00713,元大台灣高息低波,33,1,32,群益金鼎-東大,2024-11-12,9135
00940,元大台灣價值高息,28,0,28,群益金鼎-東大,2024-11-12,9135
00631L,元大台灣50正2,28,1,27,群益金鼎-東大,2024-11-12,9135
2892,第一金,27,0,27,群益金鼎-東大,2024-11-12,9135
3211,順達,97,73,24,群益金鼎-東大,2024-11-12,9135
2882,國泰金,23,0,23,群益金鼎-東大,2024-11-12,9135
5871,中租-KY,23,0,23,群益金鼎-東大,2024-11-12,9135
2891,中信金,22,0,22,群益金鼎-東大,2024-11-12,9135
5243,乙盛-KY,39,17,22,群益金鼎-東大,2024-11-12,9135
2392,正崴,42,21,21,群益金鼎-東大,2024-11-12,9135
2330,台積電,105,86,19,群益金鼎-東大,2024-11-12,9135
00685L,群益臺灣加權正2,19,0,19,群益金鼎-東大,2024-11-12,9135
2834,臺企銀,18,0,18,群益金鼎-東大,2024-11-12,9135
00665L,富邦�琤肭磪囓�2,26,8,18,群益金鼎-東大,2024-11-12,9135
00932,兆豐永續高息等權,17,0,17,群益金鼎-東大,2024-11-12,9135
00918,大華優利高填息30,40,24,16,群益金鼎-東大,2024-11-12,9135
3481,群創,28,12,16,群益金鼎-東大,2024-11-12,9135
3010,華立,17,2,15,群益金鼎-東大,2024-11-12,9135
2883B,凱基金乙特,15,0,15,群益金鼎-東大,2024-11-12,9135
4977,眾達-KY,18,3,15,群益金鼎-東大,2024-11-12,9135
6763,綠界科技*,57,43,14,群益金鼎-東大,2024-11-12,9135
5398,慕康生醫,14,0,14,群益金鼎-東大,2024-11-12,9135
2303,聯電,35,21,14,群益金鼎-東大,2024-11-12,9135
3062,建漢,24,10,14,群益金鼎-東大,2024-11-12,9135
006208,富邦台50,14,2,12,群益金鼎-東大,2024-11-12,9135
6509,聚和,14,2,12,群益金鼎-東大,2024-11-12,9135
2637,慧洋-KY,23,11,12,群益金鼎-東大,2024-11-12,9135
1220,台榮,11,0,11,群益金鼎-東大,2024-11-12,9135
2887,台新金,11,0,11,群益金鼎-東大,2024-11-12,9135
6505,台塑化,11,0,11,群益金鼎-東大,2024-11-12,9135
1513,中興電,11,1,10,群益金鼎-東大,2024-11-12,9135
6147,頎邦,11,1,10,群益金鼎-東大,2024-11-12,9135
00948B,中信優息投資級債,120,0,120,群益金鼎-東大,2024-11-13,9135
3481,群創,122,12,110,群益金鼎-東大,2024-11-13,9135
00937B,群益ESG投等債20,105,5,100,群益金鼎-東大,2024-11-13,9135
2206,三陽工業,102,2,100,群益金鼎-東大,2024-11-13,9135
5347,世界,75,0,75,群益金鼎-東大,2024-11-13,9135
00878,國泰永續高股息,75,6,69,群益金鼎-東大,2024-11-13,9135
00905,FT臺灣Smart,52,0,52,群益金鼎-東大,2024-11-13,9135
00679B,元大美債20年,64,17,47,群益金鼎-東大,2024-11-13,9135
00706L,期元大S＆P日圓正2,44,0,44,群益金鼎-東大,2024-11-13,9135
00929,復華台灣科技優息,50,8,42,群益金鼎-東大,2024-11-13,9135
00637L,元大滬深300正2,47,9,38,群益金鼎-東大,2024-11-13,9135
4977,眾達-KY,81,45,36,群益金鼎-東大,2024-11-13,9135
3031,佰鴻,34,0,34,群益金鼎-東大,2024-11-13,9135
4931,新盛力,48,14,34,群益金鼎-東大,2024-11-13,9135
3706,神達,92,59,33,群益金鼎-東大,2024-11-13,9135
00650L,復華香港正2,32,2,30,群益金鼎-東大,2024-11-13,9135
9105,泰金寶-DR,130,101,29,群益金鼎-東大,2024-11-13,9135
00918,大華優利高填息30,30,2,28,群益金鼎-東大,2024-11-13,9135
2883,凱基金,28,0,28,群益金鼎-東大,2024-11-13,9135
00951,台新日本半導體,25,0,25,群益金鼎-東大,2024-11-13,9135
2354,鴻準,46,21,25,群益金鼎-東大,2024-11-13,9135
2834,臺企銀,30,6,24,群益金鼎-東大,2024-11-13,9135
00795B,中信美國公債20年,34,10,24,群益金鼎-東大,2024-11-13,9135
2882,國泰金,23,0,23,群益金鼎-東大,2024-11-13,9135
00720B,元大投資級公司債,25,3,22,群益金鼎-東大,2024-11-13,9135
2495,普安,66,45,21,群益金鼎-東大,2024-11-13,9135
8150,南茂,20,0,20,群益金鼎-東大,2024-11-13,9135
00923,群益台ESG低碳50,20,0,20,群益金鼎-東大,2024-11-13,9135
6859,伯特光,18,0,18,群益金鼎-東大,2024-11-13,9135
5434,崇越,16,0,16,群益金鼎-東大,2024-11-13,9135
9946,三發地產,18,2,16,群益金鼎-東大,2024-11-13,9135
00830,國泰費城半導體,15,0,15,群益金鼎-東大,2024-11-13,9135
4147,中裕,15,0,15,群益金鼎-東大,2024-11-13,9135
2349,錸德,49,34,15,群益金鼎-東大,2024-11-13,9135
2881,富邦金,13,0,13,群益金鼎-東大,2024-11-13,9135
2328,廣宇,20,7,13,群益金鼎-東大,2024-11-13,9135
2412,中華電,13,0,13,群益金鼎-東大,2024-11-13,9135
7703,銳澤,13,0,13,群益金鼎-東大,2024-11-13,9135
6438,迅得,32,19,13,群益金鼎-東大,2024-11-13,9135
2303,聯電,12,0,12,群益金鼎-東大,2024-11-13,9135
8404,百和興業-KY,12,0,12,群益金鼎-東大,2024-11-13,9135
2801,彰銀,12,0,12,群益金鼎-東大,2024-11-13,9135
4562,穎漢,12,0,12,群益金鼎-東大,2024-11-13,9135
1708,東鹼,17,5,12,群益金鼎-東大,2024-11-13,9135
3211,順達,51,39,12,群益金鼎-東大,2024-11-13,9135
2892,第一金,12,1,11,群益金鼎-東大,2024-11-13,9135
2915,潤泰全,14,3,11,群益金鼎-東大,2024-11-13,9135
3665,貿聯-KY,11,0,11,群益金鼎-東大,2024-11-13,9135
2633,台灣高鐵,10,0,10,群益金鼎-東大,2024-11-13,9135
2891,中信金,12,2,10,群益金鼎-東大,2024-11-13,9135
00878,國泰永續高股息,164,0,164,群益金鼎-東大,2024-11-14,9135
00671R,富邦NASDAQ反1,130,0,130,群益金鼎-東大,2024-11-14,9135
00948B,中信優息投資級債,84,0,84,群益金鼎-東大,2024-11-14,9135
0056,元大高股息,66,1,65,群益金鼎-東大,2024-11-14,9135
2845,遠東銀,51,0,51,群益金鼎-東大,2024-11-14,9135
00959B,大華投等美債15Y+,50,0,50,群益金鼎-東大,2024-11-14,9135
00915,凱基優選高股息30,50,1,49,群益金鼎-東大,2024-11-14,9135
2332,友訊,45,2,43,群益金鼎-東大,2024-11-14,9135
4977,眾達-KY,47,5,42,群益金鼎-東大,2024-11-14,9135
00929,復華台灣科技優息,58,17,41,群益金鼎-東大,2024-11-14,9135
2317,鴻海,43,6,37,群益金鼎-東大,2024-11-14,9135
2618,長榮航,98,61,37,群益金鼎-東大,2024-11-14,9135
00951,台新日本半導體,39,2,37,群益金鼎-東大,2024-11-14,9135
2303,聯電,34,2,32,群益金鼎-東大,2024-11-14,9135
6226,光鼎,30,0,30,群益金鼎-東大,2024-11-14,9135
2344,華邦電,32,4,28,群益金鼎-東大,2024-11-14,9135
00938,凱基優選30,45,20,25,群益金鼎-東大,2024-11-14,9135
5347,世界,26,2,24,群益金鼎-東大,2024-11-14,9135
00680L,元大美債20正2,30,8,22,群益金鼎-東大,2024-11-14,9135
3481,群創,24,2,22,群益金鼎-東大,2024-11-14,9135
00706L,期元大S＆P日圓正2,27,5,22,群益金鼎-東大,2024-11-14,9135
3663,鑫科,32,11,21,群益金鼎-東大,2024-11-14,9135
00688L,國泰20年美債正2,20,1,19,群益金鼎-東大,2024-11-14,9135
00679B,元大美債20年,34,16,18,群益金鼎-東大,2024-11-14,9135
8261,富鼎,29,11,18,群益金鼎-東大,2024-11-14,9135
2892,第一金,18,0,18,群益金鼎-東大,2024-11-14,9135
2409,友達,17,0,17,群益金鼎-東大,2024-11-14,9135
3231,緯創,22,5,17,群益金鼎-東大,2024-11-14,9135
3010,華立,17,1,16,群益金鼎-東大,2024-11-14,9135
2880,華南金,16,0,16,群益金鼎-東大,2024-11-14,9135
6138,茂達,16,0,16,群益金鼎-東大,2024-11-14,9135
2356,英業達,30,15,15,群益金鼎-東大,2024-11-14,9135
00942B,台新美A公司債20+,15,0,15,群益金鼎-東大,2024-11-14,9135
2646,星宇航空,16,1,15,群益金鼎-東大,2024-11-14,9135
0050,元大台灣50,14,0,14,群益金鼎-東大,2024-11-14,9135
00733,富邦臺灣中小,14,0,14,群益金鼎-東大,2024-11-14,9135
2405,輔信,15,1,14,群益金鼎-東大,2024-11-14,9135
1786,科妍,16,2,14,群益金鼎-東大,2024-11-14,9135
2383,台光電,19,6,13,群益金鼎-東大,2024-11-14,9135
2610,華航,27,14,13,群益金鼎-東大,2024-11-14,9135
2881,富邦金,13,0,13,群益金鼎-東大,2024-11-14,9135
00922,國泰台灣領袖50,13,1,12,群益金鼎-東大,2024-11-14,9135
6548,長科*,12,0,12,群益金鼎-東大,2024-11-14,9135
2449,京元電子,22,10,12,群益金鼎-東大,2024-11-14,9135
1314,中石化,102,90,12,群益金鼎-東大,2024-11-14,9135
3013,晟銘電,39,27,12,群益金鼎-東大,2024-11-14,9135
00720B,元大投資級公司債,12,0,12,群益金鼎-東大,2024-11-14,9135
5398,慕康生醫,13,2,11,群益金鼎-東大,2024-11-14,9135
00712,復華富時不動產,11,0,11,群益金鼎-東大,2024-11-14,9135
2382,廣達,19,8,11,群益金鼎-東大,2024-11-14,9135
2354,鴻準,609,293,316,群益金鼎-東大,2024-11-15,9135
00795B,中信美國公債20年,242,0,242,群益金鼎-東大,2024-11-15,9135
00878,國泰永續高股息,219,35,184,群益金鼎-東大,2024-11-15,9135
00945B,凱基美國非投等債,120,0,120,群益金鼎-東大,2024-11-15,9135
9105,泰金寶-DR,139,29,110,群益金鼎-東大,2024-11-15,9135
4931,新盛力,113,18,95,群益金鼎-東大,2024-11-15,9135
3706,神達,254,186,68,群益金鼎-東大,2024-11-15,9135
2449,京元電子,67,8,59,群益金鼎-東大,2024-11-15,9135
2603,長榮,72,15,57,群益金鼎-東大,2024-11-15,9135
00637L,元大滬深300正2,62,13,49,群益金鼎-東大,2024-11-15,9135
00918,大華優利高填息30,43,1,42,群益金鼎-東大,2024-11-15,9135
00938,凱基優選30,39,0,39,群益金鼎-東大,2024-11-15,9135
2317,鴻海,60,21,39,群益金鼎-東大,2024-11-15,9135
00948B,中信優息投資級債,43,5,38,群益金鼎-東大,2024-11-15,9135
2382,廣達,51,16,35,群益金鼎-東大,2024-11-15,9135
2615,萬海,34,5,29,群益金鼎-東大,2024-11-15,9135
3711,日月光投控,30,2,28,群益金鼎-東大,2024-11-15,9135
0056,元大高股息,38,16,22,群益金鼎-東大,2024-11-15,9135
3211,順達,21,1,20,群益金鼎-東大,2024-11-15,9135
00715L,期街口布蘭特正2,20,0,20,群益金鼎-東大,2024-11-15,9135
6558,興能高,48,32,16,群益金鼎-東大,2024-11-15,9135
2880,華南金,16,0,16,群益金鼎-東大,2024-11-15,9135
00915,凱基優選高股息30,15,0,15,群益金鼎-東大,2024-11-15,9135
8028,昇陽半導體,17,2,15,群益金鼎-東大,2024-11-15,9135
2069,運錩,15,0,15,群益金鼎-東大,2024-11-15,9135
00679B,元大美債20年,16,1,15,群益金鼎-東大,2024-11-15,9135
3704,合勤控,15,1,14,群益金鼎-東大,2024-11-15,9135
3450,聯鈞,24,13,11,群益金鼎-東大,2024-11-15,9135
00941,中信上游半導體,11,0,11,群益金鼎-東大,2024-11-15,9135
4729,熒茂,19,8,11,群益金鼎-東大,2024-11-15,9135
00927,群益半導體收益,10,0,10,群益金鼎-東大,2024-11-15,9135
2208,台船,10,0,10,群益金鼎-東大,2024-11-15,9135
00830,國泰費城半導體,10,0,10,群益金鼎-東大,2024-11-15,9135
00650L,復華香港正2,10,0,10,群益金鼎-東大,2024-11-15,9135
8404,百和興業-KY,10,0,10,群益金鼎-東大,2024-11-15,9135
00933B,國泰10Y+金融債,10,0,10,群益金鼎-東大,2024-11-15,9135
4142,國光生,10,0,10,群益金鼎-東大,2024-11-15,9135
1587,吉茂,24,15,9,群益金鼎-東大,2024-11-15,9135
4438,廣越,10,1,9,群益金鼎-東大,2024-11-15,9135
6770,力積電,9,0,9,群益金鼎-東大,2024-11-15,9135
6405,悅城,17,8,9,群益金鼎-東大,2024-11-15,9135
6951,青新-創,9,0,9,群益金鼎-東大,2024-11-15,9135
1524,耿鼎,25,17,8,群益金鼎-東大,2024-11-15,9135
4768,晶呈科技,8,0,8,群益金鼎-東大,2024-11-15,9135
2313,華通,8,0,8,群益金鼎-東大,2024-11-15,9135
2324,仁寶,20,12,8,群益金鼎-東大,2024-11-15,9135
3010,華立,7,0,7,群益金鼎-東大,2024-11-15,9135
1229,聯華,7,0,7,群益金鼎-東大,2024-11-15,9135
6431,光麗-KY,7,0,7,群益金鼎-東大,2024-11-15,9135
8383,千附,7,0,7,群益金鼎-東大,2024-11-15,9135
2312,金寶,310,87,223,群益金鼎-東大,2024-11-18,9135
00878,國泰永續高股息,203,14,189,群益金鼎-東大,2024-11-18,9135
00632R,元大台灣50反1,120,0,120,群益金鼎-東大,2024-11-18,9135
00937B,群益ESG投等債20,104,3,101,群益金鼎-東大,2024-11-18,9135
9105,泰金寶-DR,112,24,88,群益金鼎-東大,2024-11-18,9135
00929,復華台灣科技優息,69,3,66,群益金鼎-東大,2024-11-18,9135
00915,凱基優選高股息30,48,0,48,群益金鼎-東大,2024-11-18,9135
00938,凱基優選30,68,20,48,群益金鼎-東大,2024-11-18,9135
1220,台榮,38,0,38,群益金鼎-東大,2024-11-18,9135
00713,元大台灣高息低波,36,0,36,群益金鼎-東大,2024-11-18,9135
2834,臺企銀,48,12,36,群益金鼎-東大,2024-11-18,9135
4931,新盛力,36,1,35,群益金鼎-東大,2024-11-18,9135
00715L,期街口布蘭特正2,56,23,33,群益金鼎-東大,2024-11-18,9135
2641,正德,33,0,33,群益金鼎-東大,2024-11-18,9135
2881,富邦金,31,1,30,群益金鼎-東大,2024-11-18,9135
00945B,凱基美國非投等債,30,0,30,群益金鼎-東大,2024-11-18,9135
3712,永崴投控,36,7,29,群益金鼎-東大,2024-11-18,9135
00919,群益台灣精選高息,29,1,28,群益金鼎-東大,2024-11-18,9135
00941,中信上游半導體,24,0,24,群益金鼎-東大,2024-11-18,9135
5515,建國,24,0,24,群益金鼎-東大,2024-11-18,9135
9904,寶成,28,7,21,群益金鼎-東大,2024-11-18,9135
2891,中信金,20,0,20,群益金鼎-東大,2024-11-18,9135
00669R,國泰美國道瓊反1,20,0,20,群益金鼎-東大,2024-11-18,9135
6266,泰詠,20,0,20,群益金鼎-東大,2024-11-18,9135
0056,元大高股息,27,8,19,群益金鼎-東大,2024-11-18,9135
1605,華新,20,1,19,群益金鼎-東大,2024-11-18,9135
2414,精技,17,0,17,群益金鼎-東大,2024-11-18,9135
00905,FT臺灣Smart,17,1,16,群益金鼎-東大,2024-11-18,9135
00650L,復華香港正2,15,0,15,群益金鼎-東大,2024-11-18,9135
3665,貿聯-KY,18,3,15,群益金鼎-東大,2024-11-18,9135
2371,大同,17,3,14,群益金鼎-東大,2024-11-18,9135
00795B,中信美國公債20年,14,0,14,群益金鼎-東大,2024-11-18,9135
6229,研通,12,0,12,群益金鼎-東大,2024-11-18,9135
3580,友威科,12,0,12,群益金鼎-東大,2024-11-18,9135
3059,華晶科,11,0,11,群益金鼎-東大,2024-11-18,9135
00918,大華優利高填息30,11,1,10,群益金鼎-東大,2024-11-18,9135
0050,元大台灣50,12,2,10,群益金鼎-東大,2024-11-18,9135
4977,眾達-KY,61,51,10,群益金鼎-東大,2024-11-18,9135
2545,皇翔,10,0,10,群益金鼎-東大,2024-11-18,9135
2324,仁寶,42,32,10,群益金鼎-東大,2024-11-18,9135
2303,聯電,11,1,10,群益金鼎-東大,2024-11-18,9135
6217,中探針,11,1,10,群益金鼎-東大,2024-11-18,9135
6174,安��,10,0,10,群益金鼎-東大,2024-11-18,9135
00671R,富邦NASDAQ反1,10,0,10,群益金鼎-東大,2024-11-18,9135
5321,美而快,10,1,9,群益金鼎-東大,2024-11-18,9135
2382,廣達,21,12,9,群益金鼎-東大,2024-11-18,9135
2353,宏��,10,1,9,群益金鼎-東大,2024-11-18,9135
1711,永光,9,0,9,群益金鼎-東大,2024-11-18,9135
8070,長華*,9,0,9,群益金鼎-東大,2024-11-18,9135
2888,新光金,16,7,9,群益金鼎-東大,2024-11-18,9135
00878,國泰永續高股息,342,5,337,群益金鼎-東大,2024-11-19,9135
00637L,元大滬深300正2,272,150,122,群益金鼎-東大,2024-11-19,9135
4174,浩鼎,97,1,96,群益金鼎-東大,2024-11-19,9135
9105,泰金寶-DR,187,96,91,群益金鼎-東大,2024-11-19,9135
00937B,群益ESG投等債20,89,11,78,群益金鼎-東大,2024-11-19,9135
2312,金寶,406,338,68,群益金鼎-東大,2024-11-19,9135
3231,緯創,76,11,65,群益金鼎-東大,2024-11-19,9135
2354,鴻準,137,78,59,群益金鼎-東大,2024-11-19,9135
00953B,群益優選非投等債,44,0,44,群益金鼎-東大,2024-11-19,9135
2303,聯電,30,2,28,群益金鼎-東大,2024-11-19,9135
2105,正新,33,6,27,群益金鼎-東大,2024-11-19,9135
3450,聯鈞,73,49,24,群益金鼎-東大,2024-11-19,9135
2891,中信金,26,2,24,群益金鼎-東大,2024-11-19,9135
2382,廣達,22,1,21,群益金鼎-東大,2024-11-19,9135
1711,永光,21,0,21,群益金鼎-東大,2024-11-19,9135
5347,世界,21,0,21,群益金鼎-東大,2024-11-19,9135
00929,復華台灣科技優息,54,34,20,群益金鼎-東大,2024-11-19,9135
2888,新光金,22,2,20,群益金鼎-東大,2024-11-19,9135
6706,惠特,22,2,20,群益金鼎-東大,2024-11-19,9135
00713,元大台灣高息低波,21,5,16,群益金鼎-東大,2024-11-19,9135
2890,永豐金,16,0,16,群益金鼎-東大,2024-11-19,9135
3706,神達,154,140,14,群益金鼎-東大,2024-11-19,9135
0056,元大高股息,24,10,14,群益金鼎-東大,2024-11-19,9135
8070,長華*,15,1,14,群益金鼎-東大,2024-11-19,9135
2317,鴻海,21,8,13,群益金鼎-東大,2024-11-19,9135
00918,大華優利高填息30,13,0,13,群益金鼎-東大,2024-11-19,9135
00673R,期元大S＆P原油反1,12,0,12,群益金鼎-東大,2024-11-19,9135
3030,德律,12,0,12,群益金鼎-東大,2024-11-19,9135
4991,環宇-KY,12,0,12,群益金鼎-東大,2024-11-19,9135
6438,迅得,16,4,12,群益金鼎-東大,2024-11-19,9135
1301,台塑,14,3,11,群益金鼎-東大,2024-11-19,9135
2883,凱基金,11,0,11,群益金鼎-東大,2024-11-19,9135
2845,遠東銀,15,4,11,群益金鼎-東大,2024-11-19,9135
2457,飛宏,18,7,11,群益金鼎-東大,2024-11-19,9135
00751B,元大AAA至A公司債,11,0,11,群益金鼎-東大,2024-11-19,9135
3663,鑫科,10,0,10,群益金鼎-東大,2024-11-19,9135
8429,金麗-KY,10,0,10,群益金鼎-東大,2024-11-19,9135
00650L,復華香港正2,10,0,10,群益金鼎-東大,2024-11-19,9135
00936,台新永續高息中小,9,0,9,群益金鼎-東大,2024-11-19,9135
00932,兆豐永續高息等權,8,0,8,群益金鼎-東大,2024-11-19,9135
6770,力積電,8,0,8,群益金鼎-東大,2024-11-19,9135
1605,華新,10,2,8,群益金鼎-東大,2024-11-19,9135
8415,大國鋼,8,0,8,群益金鼎-東大,2024-11-19,9135
00930,永豐ESG低碳高息,7,0,7,群益金鼎-東大,2024-11-19,9135
4903,聯光通,17,10,7,群益金鼎-東大,2024-11-19,9135
3625,西勝,7,0,7,群益金鼎-東大,2024-11-19,9135
3031,佰鴻,7,0,7,群益金鼎-東大,2024-11-19,9135
6669,緯穎,8,1,7,群益金鼎-東大,2024-11-19,9135
00882,中信中國高股息,6,0,6,群益金鼎-東大,2024-11-19,9135
3615,安可,27,21,6,群益金鼎-東大,2024-11-19,9135
00937B,群益ESG投等債20,600,1,599,群益金鼎-東大,2024-11-20,9135
00919,群益台灣精選高息,400,12,388,群益金鼎-東大,2024-11-20,9135
00878,國泰永續高股息,145,1,144,群益金鼎-東大,2024-11-20,9135
3481,群創,100,0,100,群益金鼎-東大,2024-11-20,9135
2349,錸德,69,20,49,群益金鼎-東大,2024-11-20,9135
3081,聯亞,67,22,45,群益金鼎-東大,2024-11-20,9135
6015,宏遠證,40,3,37,群益金鼎-東大,2024-11-20,9135
2890,永豐金,36,0,36,群益金鼎-東大,2024-11-20,9135
5347,世界,36,1,35,群益金鼎-東大,2024-11-20,9135
00915,凱基優選高股息30,35,0,35,群益金鼎-東大,2024-11-20,9135
2312,金寶,69,39,30,群益金鼎-東大,2024-11-20,9135
00900,富邦特選高股息30,30,3,27,群益金鼎-東大,2024-11-20,9135
2883,凱基金,25,0,25,群益金鼎-東大,2024-11-20,9135
00948B,中信優息投資級債,24,0,24,群益金鼎-東大,2024-11-20,9135
2881,富邦金,22,0,22,群益金鼎-東大,2024-11-20,9135
4956,光鋐,31,9,22,群益金鼎-東大,2024-11-20,9135
2405,輔信,20,0,20,群益金鼎-東大,2024-11-20,9135
9105,泰金寶-DR,70,51,19,群益金鼎-東大,2024-11-20,9135
3037,欣興,25,8,17,群益金鼎-東大,2024-11-20,9135
2356,英業達,37,21,16,群益金鼎-東大,2024-11-20,9135
2392,正崴,18,2,16,群益金鼎-東大,2024-11-20,9135
8996,高力,19,4,15,群益金鼎-東大,2024-11-20,9135
3702,大聯大,15,0,15,群益金鼎-東大,2024-11-20,9135
8070,長華*,19,5,14,群益金鼎-東大,2024-11-20,9135
9911,櫻花,14,0,14,群益金鼎-東大,2024-11-20,9135
0056,元大高股息,14,1,13,群益金鼎-東大,2024-11-20,9135
3010,華立,15,2,13,群益金鼎-東大,2024-11-20,9135
8028,昇陽半導體,19,7,12,群益金鼎-東大,2024-11-20,9135
2464,盟立,12,0,12,群益金鼎-東大,2024-11-20,9135
6416,瑞祺電通,13,2,11,群益金鼎-東大,2024-11-20,9135
3706,神達,93,82,11,群益金鼎-東大,2024-11-20,9135
00713,元大台灣高息低波,14,3,11,群益金鼎-東大,2024-11-20,9135
00905,FT臺灣Smart,10,0,10,群益金鼎-東大,2024-11-20,9135
00650L,復華香港正2,10,0,10,群益金鼎-東大,2024-11-20,9135
6278,台表科,11,1,10,群益金鼎-東大,2024-11-20,9135
3663,鑫科,10,0,10,群益金鼎-東大,2024-11-20,9135
00675L,富邦臺灣加權正2,17,8,9,群益金鼎-東大,2024-11-20,9135
4979,華星光,13,4,9,群益金鼎-東大,2024-11-20,9135
1616,億泰,10,1,9,群益金鼎-東大,2024-11-20,9135
00679B,元大美債20年,17,8,9,群益金鼎-東大,2024-11-20,9135
3231,緯創,12,3,9,群益金鼎-東大,2024-11-20,9135
3049,精金,9,0,9,群益金鼎-東大,2024-11-20,9135
1522,堤維西,9,1,8,群益金鼎-東大,2024-11-20,9135
00633L,富邦上証正2,8,0,8,群益金鼎-東大,2024-11-20,9135
00922,國泰台灣領袖50,7,0,7,群益金鼎-東大,2024-11-20,9135
3323,加百裕,22,15,7,群益金鼎-東大,2024-11-20,9135
5438,東友,10,3,7,群益金鼎-東大,2024-11-20,9135
00951,台新日本半導體,7,0,7,群益金鼎-東大,2024-11-20,9135
00830,國泰費城半導體,7,0,7,群益金鼎-東大,2024-11-20,9135
8255,朋程,7,0,7,群益金鼎-東大,2024-11-20,9135
00919,群益台灣精選高息,265,0,265,群益金鼎-東大,2024-11-21,9135
00712,復華富時不動產,102,0,102,群益金鼎-東大,2024-11-21,9135
1569,濱川,217,118,99,群益金鼎-東大,2024-11-21,9135
4931,新盛力,100,8,92,群益金鼎-東大,2024-11-21,9135
00878,國泰永續高股息,62,0,62,群益金鼎-東大,2024-11-21,9135
9105,泰金寶-DR,254,202,52,群益金鼎-東大,2024-11-21,9135
00905,FT臺灣Smart,48,1,47,群益金鼎-東大,2024-11-21,9135
2881,富邦金,47,0,47,群益金鼎-東大,2024-11-21,9135
5426,振發,40,0,40,群益金鼎-東大,2024-11-21,9135
2349,錸德,72,33,39,群益金鼎-東大,2024-11-21,9135
6830,汎銓,38,1,37,群益金鼎-東大,2024-11-21,9135
2353,宏��,33,3,30,群益金鼎-東大,2024-11-21,9135
00730,富邦臺灣優質高息,30,0,30,群益金鼎-東大,2024-11-21,9135
006208,富邦台50,31,1,30,群益金鼎-東大,2024-11-21,9135
2890,永豐金,27,0,27,群益金鼎-東大,2024-11-21,9135
3673,TPK-KY,27,0,27,群益金鼎-東大,2024-11-21,9135
9904,寶成,43,16,27,群益金鼎-東大,2024-11-21,9135
3702,大聯大,26,0,26,群益金鼎-東大,2024-11-21,9135
8404,百和興業-KY,24,0,24,群益金鼎-東大,2024-11-21,9135
00706L,期元大S＆P日圓正2,20,0,20,群益金鼎-東大,2024-11-21,9135
2303,聯電,20,0,20,群益金鼎-東大,2024-11-21,9135
4977,眾達-KY,36,17,19,群益金鼎-東大,2024-11-21,9135
2317,鴻海,21,2,19,群益金鼎-東大,2024-11-21,9135
1471,首利,16,0,16,群益金鼎-東大,2024-11-21,9135
4558,寶緯,15,0,15,群益金鼎-東大,2024-11-21,9135
2882,國泰金,13,0,13,群益金鼎-東大,2024-11-21,9135
2886,兆豐金,12,0,12,群益金鼎-東大,2024-11-21,9135
2376,技嘉,15,4,11,群益金鼎-東大,2024-11-21,9135
3711,日月光投控,12,1,11,群益金鼎-東大,2024-11-21,9135
2022,聚亨,10,0,10,群益金鼎-東大,2024-11-21,9135
3019,亞光,11,1,10,群益金鼎-東大,2024-11-21,9135
2201,裕隆,10,0,10,群益金鼎-東大,2024-11-21,9135
8086,宏捷科,10,0,10,群益金鼎-東大,2024-11-21,9135
4113,聯上,11,1,10,群益金鼎-東大,2024-11-21,9135
00933B,國泰10Y+金融債,10,0,10,群益金鼎-東大,2024-11-21,9135
00915,凱基優選高股息30,9,0,9,群益金鼎-東大,2024-11-21,9135
6282,康舒,19,10,9,群益金鼎-東大,2024-11-21,9135
2371,大同,9,1,8,群益金鼎-東大,2024-11-21,9135
0056,元大高股息,8,1,7,群益金鼎-東大,2024-11-21,9135
4956,光鋐,7,0,7,群益金鼎-東大,2024-11-21,9135
6151,晉倫,10,3,7,群益金鼎-東大,2024-11-21,9135
2464,盟立,7,0,7,群益金鼎-東大,2024-11-21,9135
3388,崇越電,6,0,6,群益金鼎-東大,2024-11-21,9135
3704,合勤控,6,0,6,群益金鼎-東大,2024-11-21,9135
6438,迅得,14,8,6,群益金鼎-東大,2024-11-21,9135
6693,廣閎科,8,2,6,群益金鼎-東大,2024-11-21,9135
00948B,中信優息投資級債,6,0,6,群益金鼎-東大,2024-11-21,9135
00881,國泰台灣5G+,6,0,6,群益金鼎-東大,2024-11-21,9135
2634,漢翔,6,0,6,群益金鼎-東大,2024-11-21,9135
8089,康全電訊,6,0,6,群益金鼎-東大,2024-11-21,9135
1815,富喬,341,66,275,群益金鼎-東大,2024-11-22,9135
9105,泰金寶-DR,304,157,147,群益金鼎-東大,2024-11-22,9135
00919,群益台灣精選高息,152,10,142,群益金鼎-東大,2024-11-22,9135
00953B,群益優選非投等債,107,0,107,群益金鼎-東大,2024-11-22,9135
2371,大同,130,66,64,群益金鼎-東大,2024-11-22,9135
1802,台玻,93,33,60,群益金鼎-東大,2024-11-22,9135
4931,新盛力,61,4,57,群益金鼎-東大,2024-11-22,9135
00864B,中信美國公債0-1,56,0,56,群益金鼎-東大,2024-11-22,9135
1313,聯成,50,0,50,群益金鼎-東大,2024-11-22,9135
6548,長科*,42,0,42,群益金鼎-東大,2024-11-22,9135
00878,國泰永續高股息,65,26,39,群益金鼎-東大,2024-11-22,9135
2392,正崴,50,13,37,群益金鼎-東大,2024-11-22,9135
8163,達方,37,6,31,群益金鼎-東大,2024-11-22,9135
2316,楠梓電,32,1,31,群益金鼎-東大,2024-11-22,9135
00915,凱基優選高股息30,34,4,30,群益金鼎-東大,2024-11-22,9135
00959B,大華投等美債15Y+,30,0,30,群益金鼎-東大,2024-11-22,9135
00909,國泰數位支付服務,30,1,29,群益金鼎-東大,2024-11-22,9135
2888,新光金,26,0,26,群益金鼎-東大,2024-11-22,9135
00673R,期元大S＆P原油反1,20,0,20,群益金鼎-東大,2024-11-22,9135
2387,精元,22,2,20,群益金鼎-東大,2024-11-22,9135
4729,熒茂,24,4,20,群益金鼎-東大,2024-11-22,9135
3511,矽瑪,49,29,20,群益金鼎-東大,2024-11-22,9135
2324,仁寶,24,5,19,群益金鼎-東大,2024-11-22,9135
2867,三商壽,18,0,18,群益金鼎-東大,2024-11-22,9135
00637L,元大滬深300正2,17,0,17,群益金鼎-東大,2024-11-22,9135
3702,大聯大,18,2,16,群益金鼎-東大,2024-11-22,9135
3078,僑威,15,0,15,群益金鼎-東大,2024-11-22,9135
1218,泰山,20,5,15,群益金鼎-東大,2024-11-22,9135
00713,元大台灣高息低波,13,0,13,群益金鼎-東大,2024-11-22,9135
4973,廣穎,13,0,13,群益金鼎-東大,2024-11-22,9135
1808,潤隆,12,0,12,群益金鼎-東大,2024-11-22,9135
00632R,元大台灣50反1,12,0,12,群益金鼎-東大,2024-11-22,9135
3189,景碩,12,0,12,群益金鼎-東大,2024-11-22,9135
4113,聯上,12,0,12,群益金鼎-東大,2024-11-22,9135
00631L,元大台灣50正2,12,0,12,群益金鼎-東大,2024-11-22,9135
00948B,中信優息投資級債,11,0,11,群益金鼎-東大,2024-11-22,9135
2303,聯電,15,5,10,群益金鼎-東大,2024-11-22,9135
5356,協益,10,0,10,群益金鼎-東大,2024-11-22,9135
8089,康全電訊,15,5,10,群益金鼎-東大,2024-11-22,9135
1446,宏和,12,2,10,群益金鼎-東大,2024-11-22,9135
8404,百和興業-KY,9,0,9,群益金鼎-東大,2024-11-22,9135
1799,易威,8,0,8,群益金鼎-東大,2024-11-22,9135
6134,萬旭,9,1,8,群益金鼎-東大,2024-11-22,9135
6229,研通,8,0,8,群益金鼎-東大,2024-11-22,9135
3450,聯鈞,51,43,8,群益金鼎-東大,2024-11-22,9135
3548,兆利,43,35,8,群益金鼎-東大,2024-11-22,9135
2539,櫻花建,8,1,7,群益金鼎-東大,2024-11-22,9135
6584,南俊國際,13,6,7,群益金鼎-東大,2024-11-22,9135
6509,聚和,13,6,7,群益金鼎-東大,2024-11-22,9135
2402,毅嘉,10,3,7,群益金鼎-東大,2024-11-22,9135
1815,富喬,311,58,253,群益金鼎-東大,2024-11-25,9135
00953B,群益優選非投等債,150,0,150,群益金鼎-東大,2024-11-25,9135
6288,聯嘉,59,0,59,群益金鼎-東大,2024-11-25,9135
00637L,元大滬深300正2,678,620,58,群益金鼎-東大,2024-11-25,9135
1802,台玻,178,128,50,群益金鼎-東大,2024-11-25,9135
00631L,元大台灣50正2,55,6,49,群益金鼎-東大,2024-11-25,9135
2312,金寶,221,173,48,群益金鼎-東大,2024-11-25,9135
00959B,大華投等美債15Y+,45,0,45,群益金鼎-東大,2024-11-25,9135
5347,世界,45,2,43,群益金鼎-東大,2024-11-25,9135
4931,新盛力,59,20,39,群益金鼎-東大,2024-11-25,9135
9105,泰金寶-DR,137,100,37,群益金鼎-東大,2024-11-25,9135
2515,中工,36,5,31,群益金鼎-東大,2024-11-25,9135
2324,仁寶,58,29,29,群益金鼎-東大,2024-11-25,9135
00673R,期元大S＆P原油反1,25,0,25,群益金鼎-東大,2024-11-25,9135
6282,康舒,49,25,24,群益金鼎-東大,2024-11-25,9135
3090,日電貿,32,8,24,群益金鼎-東大,2024-11-25,9135
3211,順達,24,0,24,群益金鼎-東大,2024-11-25,9135
8028,昇陽半導體,64,41,23,群益金鼎-東大,2024-11-25,9135
6265,方土昶,23,0,23,群益金鼎-東大,2024-11-25,9135
2610,華航,40,17,23,群益金鼎-東大,2024-11-25,9135
2891,中信金,31,9,22,群益金鼎-東大,2024-11-25,9135
00751B,元大AAA至A公司債,21,1,20,群益金鼎-東大,2024-11-25,9135
3706,神達,122,102,20,群益金鼎-東大,2024-11-25,9135
2303,聯電,20,5,15,群益金鼎-東大,2024-11-25,9135
00948B,中信優息投資級債,15,0,15,群益金鼎-東大,2024-11-25,9135
3167,大量,17,2,15,群益金鼎-東大,2024-11-25,9135
2888,新光金,14,0,14,群益金鼎-東大,2024-11-25,9135
8171,天宇,17,4,13,群益金鼎-東大,2024-11-25,9135
2347,聯強,13,0,13,群益金鼎-東大,2024-11-25,9135
2426,鼎元,14,1,13,群益金鼎-東大,2024-11-25,9135
2601,益航,13,0,13,群益金鼎-東大,2024-11-25,9135
00715L,期街口布蘭特正2,15,2,13,群益金鼎-東大,2024-11-25,9135
1449,佳和,36,24,12,群益金鼎-東大,2024-11-25,9135
00706L,期元大S＆P日圓正2,12,0,12,群益金鼎-東大,2024-11-25,9135
00671R,富邦NASDAQ反1,12,0,12,群益金鼎-東大,2024-11-25,9135
6658,聯策,12,0,12,群益金鼎-東大,2024-11-25,9135
3149,正達,15,3,12,群益金鼎-東大,2024-11-25,9135
00639,富邦深100,12,0,12,群益金鼎-東大,2024-11-25,9135
2392,正崴,80,68,12,群益金鼎-東大,2024-11-25,9135
00878,國泰永續高股息,15,4,11,群益金鼎-東大,2024-11-25,9135
2449,京元電子,21,10,11,群益金鼎-東大,2024-11-25,9135
3376,新日興,12,1,11,群益金鼎-東大,2024-11-25,9135
5871,中租-KY,10,0,10,群益金鼎-東大,2024-11-25,9135
3081,聯亞,12,2,10,群益金鼎-東大,2024-11-25,9135
1710,東聯,10,0,10,群益金鼎-東大,2024-11-25,9135
1597,直得,10,0,10,群益金鼎-東大,2024-11-25,9135
1446,宏和,11,1,10,群益金鼎-東大,2024-11-25,9135
3710,連展投控,10,0,10,群益金鼎-東大,2024-11-25,9135
00930,永豐ESG低碳高息,9,0,9,群益金鼎-東大,2024-11-25,9135
00650L,復華香港正2,40,31,9,群益金鼎-東大,2024-11-25,9135
3090,日電貿,287,0,287,群益金鼎-東大,2024-11-26,9135
2356,英業達,230,24,206,群益金鼎-東大,2024-11-26,9135
1815,富喬,92,31,61,群益金鼎-東大,2024-11-26,9135
2317,鴻海,53,0,53,群益金鼎-東大,2024-11-26,9135
00929,復華台灣科技優息,55,4,51,群益金鼎-東大,2024-11-26,9135
1540,喬福,57,17,40,群益金鼎-東大,2024-11-26,9135
00953B,群益優選非投等債,40,0,40,群益金鼎-東大,2024-11-26,9135
8431,匯鑽科,38,0,38,群益金鼎-東大,2024-11-26,9135
00919,群益台灣精選高息,38,2,36,群益金鼎-東大,2024-11-26,9135
00951,台新日本半導體,32,0,32,群益金鼎-東大,2024-11-26,9135
00878,國泰永續高股息,38,9,29,群益金鼎-東大,2024-11-26,9135
1449,佳和,31,3,28,群益金鼎-東大,2024-11-26,9135
6234,高僑,41,15,26,群益金鼎-東大,2024-11-26,9135
5309,系統電,60,38,22,群益金鼎-東大,2024-11-26,9135
3710,連展投控,20,0,20,群益金鼎-東大,2024-11-26,9135
6104,創惟,36,18,18,群益金鼎-東大,2024-11-26,9135
1616,億泰,16,1,15,群益金鼎-東大,2024-11-26,9135
5227,立凱-KY,15,0,15,群益金鼎-東大,2024-11-26,9135
00715L,期街口布蘭特正2,14,0,14,群益金鼎-東大,2024-11-26,9135
3597,映興,24,10,14,群益金鼎-東大,2024-11-26,9135
2881,富邦金,15,1,14,群益金鼎-東大,2024-11-26,9135
1809,中釉,13,0,13,群益金鼎-東大,2024-11-26,9135
2344,華邦電,14,2,12,群益金鼎-東大,2024-11-26,9135
6962,ITH-KY,14,2,12,群益金鼎-東大,2024-11-26,9135
006208,富邦台50,15,3,12,群益金鼎-東大,2024-11-26,9135
00881,國泰台灣5G+,11,0,11,群益金鼎-東大,2024-11-26,9135
2419,仲琦,15,4,11,群益金鼎-東大,2024-11-26,9135
2330,台積電,11,0,11,群益金鼎-東大,2024-11-26,9135
2890,永豐金,10,0,10,群益金鼎-東大,2024-11-26,9135
00954,中信日本半導體,10,0,10,群益金鼎-東大,2024-11-26,9135
00945B,凱基美國非投等債,10,0,10,群益金鼎-東大,2024-11-26,9135
4956,光鋐,12,2,10,群益金鼎-東大,2024-11-26,9135
1528,恩德,21,11,10,群益金鼎-東大,2024-11-26,9135
2353,宏��,10,0,10,群益金鼎-東大,2024-11-26,9135
2882,國泰金,10,0,10,群益金鼎-東大,2024-11-26,9135
2495,普安,12,3,9,群益金鼎-東大,2024-11-26,9135
1218,泰山,10,1,9,群益金鼎-東大,2024-11-26,9135
4979,華星光,75,66,9,群益金鼎-東大,2024-11-26,9135
5243,乙盛-KY,10,1,9,群益金鼎-東大,2024-11-26,9135
2367,燿華,10,2,8,群益金鼎-東大,2024-11-26,9135
2444,兆勁,8,0,8,群益金鼎-東大,2024-11-26,9135
1316,上曜,8,0,8,群益金鼎-東大,2024-11-26,9135
2464,盟立,9,1,8,群益金鼎-東大,2024-11-26,9135
1319,東陽,36,29,7,群益金鼎-東大,2024-11-26,9135
2382,廣達,7,0,7,群益金鼎-東大,2024-11-26,9135
1560,中砂,7,0,7,群益金鼎-東大,2024-11-26,9135
6451,訊芯-KY,8,1,7,群益金鼎-東大,2024-11-26,9135
00950B,凱基A級公司債,7,0,7,群益金鼎-東大,2024-11-26,9135
00905,FT臺灣Smart,7,0,7,群益金鼎-東大,2024-11-26,9135
3234,光環,7,0,7,群益金鼎-東大,2024-11-26,9135
00919,群益台灣精選高息,162,1,161,群益金鼎-東大,2024-11-27,9135
00929,復華台灣科技優息,149,0,149,群益金鼎-東大,2024-11-27,9135
00878,國泰永續高股息,153,51,102,群益金鼎-東大,2024-11-27,9135
0056,元大高股息,59,2,57,群益金鼎-東大,2024-11-27,9135
4931,新盛力,59,4,55,群益金鼎-東大,2024-11-27,9135
00706L,期元大S＆P日圓正2,60,10,50,群益金鼎-東大,2024-11-27,9135
2061,風青,50,0,50,群益金鼎-東大,2024-11-27,9135
00751B,元大AAA至A公司債,50,0,50,群益金鼎-東大,2024-11-27,9135
00915,凱基優選高股息30,48,1,47,群益金鼎-東大,2024-11-27,9135
2317,鴻海,92,50,42,群益金鼎-東大,2024-11-27,9135
00918,大華優利高填息30,41,0,41,群益金鼎-東大,2024-11-27,9135
2609,陽明,65,25,40,群益金鼎-東大,2024-11-27,9135
00940,元大台灣價值高息,41,6,35,群益金鼎-東大,2024-11-27,9135
6257,矽格,35,0,35,群益金鼎-東大,2024-11-27,9135
9105,泰金寶-DR,72,37,35,群益金鼎-東大,2024-11-27,9135
00713,元大台灣高息低波,36,3,33,群益金鼎-東大,2024-11-27,9135
00891,中信關鍵半導體,31,0,31,群益金鼎-東大,2024-11-27,9135
2834,臺企銀,29,0,29,群益金鼎-東大,2024-11-27,9135
5347,世界,48,20,28,群益金鼎-東大,2024-11-27,9135
2330,台積電,85,60,25,群益金鼎-東大,2024-11-27,9135
3037,欣興,33,8,25,群益金鼎-東大,2024-11-27,9135
2303,聯電,30,6,24,群益金鼎-東大,2024-11-27,9135
2352,佳世達,24,0,24,群益金鼎-東大,2024-11-27,9135
2382,廣達,24,3,21,群益金鼎-東大,2024-11-27,9135
1569,濱川,22,1,21,群益金鼎-東大,2024-11-27,9135
00927,群益半導體收益,21,0,21,群益金鼎-東大,2024-11-27,9135
006208,富邦台50,19,0,19,群益金鼎-東大,2024-11-27,9135
1536,和大,33,17,16,群益金鼎-東大,2024-11-27,9135
3162,精確,31,15,16,群益金鼎-東大,2024-11-27,9135
6214,精誠,15,0,15,群益金鼎-東大,2024-11-27,9135
4113,聯上,15,0,15,群益金鼎-東大,2024-11-27,9135
2603,長榮,22,8,14,群益金鼎-東大,2024-11-27,9135
6472,保瑞,13,0,13,群益金鼎-東大,2024-11-27,9135
4562,穎漢,24,12,12,群益金鼎-東大,2024-11-27,9135
00676R,富邦臺灣加權反1,12,0,12,群益金鼎-東大,2024-11-27,9135
3059,華晶科,12,0,12,群益金鼎-東大,2024-11-27,9135
3231,緯創,21,9,12,群益金鼎-東大,2024-11-27,9135
3035,智原,11,0,11,群益金鼎-東大,2024-11-27,9135
00881,國泰台灣5G+,10,0,10,群益金鼎-東大,2024-11-27,9135
4147,中裕,10,0,10,群益金鼎-東大,2024-11-27,9135
2641,正德,10,0,10,群益金鼎-東大,2024-11-27,9135
8431,匯鑽科,10,0,10,群益金鼎-東大,2024-11-27,9135
8404,百和興業-KY,11,1,10,群益金鼎-東大,2024-11-27,9135
00631L,元大台灣50正2,9,0,9,群益金鼎-東大,2024-11-27,9135
6156,松上,46,37,9,群益金鼎-東大,2024-11-27,9135
6763,綠界科技*,31,22,9,群益金鼎-東大,2024-11-27,9135
6548,長科*,10,1,9,群益金鼎-東大,2024-11-27,9135
3230,錦明,9,1,8,群益金鼎-東大,2024-11-27,9135
5871,中租-KY,8,0,8,群益金鼎-東大,2024-11-27,9135
00900,富邦特選高股息30,8,0,8,群益金鼎-東大,2024-11-27,9135
2312,金寶,173,63,110,群益金鼎-東大,2024-11-28,9135
00878,國泰永續高股息,99,0,99,群益金鼎-東大,2024-11-28,9135
2344,華邦電,60,1,59,群益金鼎-東大,2024-11-28,9135
00953B,群益優選非投等債,50,0,50,群益金鼎-東大,2024-11-28,9135
9105,泰金寶-DR,184,136,48,群益金鼎-東大,2024-11-28,9135
3231,緯創,53,6,47,群益金鼎-東大,2024-11-28,9135
00919,群益台灣精選高息,89,45,44,群益金鼎-東大,2024-11-28,9135
8929,富堡,36,2,34,群益金鼎-東大,2024-11-28,9135
1531,高林股,30,0,30,群益金鼎-東大,2024-11-28,9135
2303,聯電,31,4,27,群益金鼎-東大,2024-11-28,9135
00664R,國泰臺灣加權反1,31,6,25,群益金鼎-東大,2024-11-28,9135
00940,元大台灣價值高息,34,11,23,群益金鼎-東大,2024-11-28,9135
4510,高鋒,60,38,22,群益金鼎-東大,2024-11-28,9135
00959B,大華投等美債15Y+,25,5,20,群益金鼎-東大,2024-11-28,9135
2323,中環,20,0,20,群益金鼎-東大,2024-11-28,9135
1708,東鹼,18,0,18,群益金鼎-東大,2024-11-28,9135
1569,濱川,18,2,16,群益金鼎-東大,2024-11-28,9135
2317,鴻海,36,20,16,群益金鼎-東大,2024-11-28,9135
00891,中信關鍵半導體,15,0,15,群益金鼎-東大,2024-11-28,9135
00830,國泰費城半導體,14,0,14,群益金鼎-東大,2024-11-28,9135
00713,元大台灣高息低波,13,0,13,群益金鼎-東大,2024-11-28,9135
2354,鴻準,37,24,13,群益金鼎-東大,2024-11-28,9135
4971,IET-KY,27,14,13,群益金鼎-東大,2024-11-28,9135
8131,福懋科,13,0,13,群益金鼎-東大,2024-11-28,9135
3062,建漢,16,3,13,群益金鼎-東大,2024-11-28,9135
2243,宏旭-KY,13,0,13,群益金鼎-東大,2024-11-28,9135
00918,大華優利高填息30,12,0,12,群益金鼎-東大,2024-11-28,9135
00676R,富邦臺灣加權反1,12,0,12,群益金鼎-東大,2024-11-28,9135
6127,九豪,24,12,12,群益金鼎-東大,2024-11-28,9135
5465,富驊,25,14,11,群益金鼎-東大,2024-11-28,9135
4562,穎漢,18,7,11,群益金鼎-東大,2024-11-28,9135
00915,凱基優選高股息30,11,0,11,群益金鼎-東大,2024-11-28,9135
8171,天宇,15,4,11,群益金鼎-東大,2024-11-28,9135
2489,瑞軒,10,0,10,群益金鼎-東大,2024-11-28,9135
4968,立積,11,1,10,群益金鼎-東大,2024-11-28,9135
00945B,凱基美國非投等債,10,0,10,群益金鼎-東大,2024-11-28,9135
5371,中光電,10,0,10,群益金鼎-東大,2024-11-28,9135
2515,中工,10,0,10,群益金鼎-東大,2024-11-28,9135
6548,長科*,11,2,9,群益金鼎-東大,2024-11-28,9135
00948B,中信優息投資級債,40,31,9,群益金鼎-東大,2024-11-28,9135
3450,聯鈞,37,28,9,群益金鼎-東大,2024-11-28,9135
1560,中砂,9,1,8,群益金鼎-東大,2024-11-28,9135
2453,凌群,8,0,8,群益金鼎-東大,2024-11-28,9135
00637L,元大滬深300正2,11,3,8,群益金鼎-東大,2024-11-28,9135
2204,中華,20,12,8,群益金鼎-東大,2024-11-28,9135
6603,富強鑫,7,0,7,群益金鼎-東大,2024-11-28,9135
3522,御嵿,7,0,7,群益金鼎-東大,2024-11-28,9135
6799,來頡,8,1,7,群益金鼎-東大,2024-11-28,9135
3323,加百裕,33,26,7,群益金鼎-東大,2024-11-28,9135
0056,元大高股息,26,19,7,群益金鼎-東大,2024-11-28,9135
00953B,群益優選非投等債,171,3,168,群益金鼎-東大,2024-11-29,9135
3211,順達,187,89,98,群益金鼎-東大,2024-11-29,9135
00959B,大華投等美債15Y+,85,0,85,群益金鼎-東大,2024-11-29,9135
2312,金寶,97,30,67,群益金鼎-東大,2024-11-29,9135
3591,艾笛森,62,6,56,群益金鼎-東大,2024-11-29,9135
2801,彰銀,45,0,45,群益金鼎-東大,2024-11-29,9135
3710,連展投控,40,0,40,群益金鼎-東大,2024-11-29,9135
8104,錸寶,42,9,33,群益金鼎-東大,2024-11-29,9135
4931,新盛力,88,58,30,群益金鼎-東大,2024-11-29,9135
3105,穩懋,31,1,30,群益金鼎-東大,2024-11-29,9135
2317,鴻海,37,13,24,群益金鼎-東大,2024-11-29,9135
8431,匯鑽科,21,0,21,群益金鼎-東大,2024-11-29,9135
2609,陽明,27,6,21,群益金鼎-東大,2024-11-29,9135
9105,泰金寶-DR,42,21,21,群益金鼎-東大,2024-11-29,9135
2834,臺企銀,22,2,20,群益金鼎-東大,2024-11-29,9135
3010,華立,23,3,20,群益金鼎-東大,2024-11-29,9135
00919,群益台灣精選高息,26,7,19,群益金鼎-東大,2024-11-29,9135
00929,復華台灣科技優息,25,6,19,群益金鼎-東大,2024-11-29,9135
6757,台灣虎航,25,6,19,群益金鼎-東大,2024-11-29,9135
2890,永豐金,16,0,16,群益金鼎-東大,2024-11-29,9135
00950B,凱基A級公司債,15,0,15,群益金鼎-東大,2024-11-29,9135
2495,普安,15,0,15,群益金鼎-東大,2024-11-29,9135
6770,力積電,16,1,15,群益金鼎-東大,2024-11-29,9135
8070,長華*,16,3,13,群益金鼎-東大,2024-11-29,9135
2303,聯電,12,0,12,群益金鼎-東大,2024-11-29,9135
3231,緯創,65,53,12,群益金鼎-東大,2024-11-29,9135
1605,華新,14,3,11,群益金鼎-東大,2024-11-29,9135
006208,富邦台50,13,2,11,群益金鼎-東大,2024-11-29,9135
5309,系統電,37,26,11,群益金鼎-東大,2024-11-29,9135
1301,台塑,11,1,10,群益金鼎-東大,2024-11-29,9135
8927,北基,10,0,10,群益金鼎-東大,2024-11-29,9135
5876,上海商銀,10,0,10,群益金鼎-東大,2024-11-29,9135
2891,中信金,18,8,10,群益金鼎-東大,2024-11-29,9135
8261,富鼎,10,0,10,群益金鼎-東大,2024-11-29,9135
2892,第一金,10,0,10,群益金鼎-東大,2024-11-29,9135
2809,京城銀,10,0,10,群益金鼎-東大,2024-11-29,9135
6188,廣明,10,0,10,群益金鼎-東大,2024-11-29,9135
2002,中鋼,10,1,9,群益金鼎-東大,2024-11-29,9135
6558,興能高,28,19,9,群益金鼎-東大,2024-11-29,9135
1815,富喬,19,10,9,群益金鼎-東大,2024-11-29,9135
4991,環宇-KY,15,6,9,群益金鼎-東大,2024-11-29,9135
2392,正崴,40,32,8,群益金鼎-東大,2024-11-29,9135
8027,鈦昇,8,0,8,群益金鼎-東大,2024-11-29,9135
2603,長榮,11,3,8,群益金鼎-東大,2024-11-29,9135
2881,富邦金,10,3,7,群益金鼎-東大,2024-11-29,9135
6859,伯特光,7,0,7,群益金鼎-東大,2024-11-29,9135
00918,大華優利高填息30,7,0,7,群益金鼎-東大,2024-11-29,9135
4147,中裕,7,0,7,群益金鼎-東大,2024-11-29,9135
9904,寶成,7,0,7,群益金鼎-東大,2024-11-29,9135
2486,一詮,7,0,7,群益金鼎-東大,2024-11-29,9135
00953B,群益優選非投等債,299,0,299,群益金鼎-東大,2024-12-02,9135
9105,泰金寶-DR,204,14,190,群益金鼎-東大,2024-12-02,9135
4303,信立,170,38,132,群益金鼎-東大,2024-12-02,9135
2312,金寶,168,78,90,群益金鼎-東大,2024-12-02,9135
2633,台灣高鐵,60,0,60,群益金鼎-東大,2024-12-02,9135
3230,錦明,47,0,47,群益金鼎-東大,2024-12-02,9135
00632R,元大台灣50反1,35,0,35,群益金鼎-東大,2024-12-02,9135
00950B,凱基A級公司債,33,0,33,群益金鼎-東大,2024-12-02,9135
2897B,王道銀乙特,32,0,32,群益金鼎-東大,2024-12-02,9135
2618,長榮航,62,30,32,群益金鼎-東大,2024-12-02,9135
2033,佳大,30,0,30,群益金鼎-東大,2024-12-02,9135
5439,高技,82,55,27,群益金鼎-東大,2024-12-02,9135
3558,神準,31,4,27,群益金鼎-東大,2024-12-02,9135
3710,連展投控,26,0,26,群益金鼎-東大,2024-12-02,9135
1569,濱川,24,0,24,群益金鼎-東大,2024-12-02,9135
2303,聯電,23,1,22,群益金鼎-東大,2024-12-02,9135
6175,立敦,22,0,22,群益金鼎-東大,2024-12-02,9135
4510,高鋒,39,17,22,群益金鼎-東大,2024-12-02,9135
00945B,凱基美國非投等債,20,0,20,群益金鼎-東大,2024-12-02,9135
2354,鴻準,87,68,19,群益金鼎-東大,2024-12-02,9135
3450,聯鈞,36,20,16,群益金鼎-東大,2024-12-02,9135
00650L,復華香港正2,16,0,16,群益金鼎-東大,2024-12-02,9135
8070,長華*,16,1,15,群益金鼎-東大,2024-12-02,9135
00687B,國泰20年美債,20,5,15,群益金鼎-東大,2024-12-02,9135
2515,中工,15,0,15,群益金鼎-東大,2024-12-02,9135
6548,長科*,14,0,14,群益金鼎-東大,2024-12-02,9135
6426,統新,15,1,14,群益金鼎-東大,2024-12-02,9135
6862,三集瑞-KY,14,0,14,群益金鼎-東大,2024-12-02,9135
2317,鴻海,34,20,14,群益金鼎-東大,2024-12-02,9135
3211,順達,99,86,13,群益金鼎-東大,2024-12-02,9135
3498,陽程,16,3,13,群益金鼎-東大,2024-12-02,9135
1708,東鹼,13,0,13,群益金鼎-東大,2024-12-02,9135
3712,永崴投控,14,1,13,群益金鼎-東大,2024-12-02,9135
00725B,國泰投資級公司債,12,0,12,群益金鼎-東大,2024-12-02,9135
00719B,元大美債1-3,12,0,12,群益金鼎-東大,2024-12-02,9135
3059,華晶科,11,0,11,群益金鼎-東大,2024-12-02,9135
6213,聯茂,11,0,11,群益金鼎-東大,2024-12-02,9135
8131,福懋科,11,0,11,群益金鼎-東大,2024-12-02,9135
2345,智邦,23,12,11,群益金鼎-東大,2024-12-02,9135
3033,威健,11,0,11,群益金鼎-東大,2024-12-02,9135
6285,啟��,12,2,10,群益金鼎-東大,2024-12-02,9135
3021,鴻名,16,6,10,群益金鼎-東大,2024-12-02,9135
1532,勤美,11,1,10,群益金鼎-東大,2024-12-02,9135
00908,富邦入息REITs+,10,0,10,群益金鼎-東大,2024-12-02,9135
6188,廣明,10,0,10,群益金鼎-東大,2024-12-02,9135
1802,台玻,11,2,9,群益金鼎-東大,2024-12-02,9135
2451,創見,8,0,8,群益金鼎-東大,2024-12-02,9135
00918,大華優利高填息30,9,1,8,群益金鼎-東大,2024-12-02,9135
8114,振樺電,8,0,8,群益金鼎-東大,2024-12-02,9135
2426,鼎元,17,9,8,群益金鼎-東大,2024-12-02,9135
9105,泰金寶-DR,144,35,109,群益金鼎-東大,2024-12-03,9135
1316,上曜,100,0,100,群益金鼎-東大,2024-12-03,9135
00919,群益台灣精選高息,159,63,96,群益金鼎-東大,2024-12-03,9135
2646,星宇航空,98,12,86,群益金鼎-東大,2024-12-03,9135
00953B,群益優選非投等債,95,10,85,群益金鼎-東大,2024-12-03,9135
00878,國泰永續高股息,59,1,58,群益金鼎-東大,2024-12-03,9135
4729,熒茂,58,2,56,群益金鼎-東大,2024-12-03,9135
00632R,元大台灣50反1,45,2,43,群益金鼎-東大,2024-12-03,9135
2897B,王道銀乙特,40,0,40,群益金鼎-東大,2024-12-03,9135
5864,致和證,42,3,39,群益金鼎-東大,2024-12-03,9135
2312,金寶,50,13,37,群益金鼎-東大,2024-12-03,9135
2347,聯強,39,2,37,群益金鼎-東大,2024-12-03,9135
4956,光鋐,35,0,35,群益金鼎-東大,2024-12-03,9135
3019,亞光,41,7,34,群益金鼎-東大,2024-12-03,9135
4113,聯上,30,0,30,群益金鼎-東大,2024-12-03,9135
2618,長榮航,47,18,29,群益金鼎-東大,2024-12-03,9135
3114,好德,25,0,25,群益金鼎-東大,2024-12-03,9135
6558,興能高,22,0,22,群益金鼎-東大,2024-12-03,9135
4977,眾達-KY,29,10,19,群益金鼎-東大,2024-12-03,9135
2405,輔信,19,3,16,群益金鼎-東大,2024-12-03,9135
3033,威健,16,0,16,群益金鼎-東大,2024-12-03,9135
3702,大聯大,30,14,16,群益金鼎-東大,2024-12-03,9135
5443,均豪,18,3,15,群益金鼎-東大,2024-12-03,9135
2385,群光,15,0,15,群益金鼎-東大,2024-12-03,9135
00713,元大台灣高息低波,15,1,14,群益金鼎-東大,2024-12-03,9135
00687B,國泰20年美債,45,31,14,群益金鼎-東大,2024-12-03,9135
3003,健和興,12,0,12,群益金鼎-東大,2024-12-03,9135
6117,迎廣,12,0,12,群益金鼎-東大,2024-12-03,9135
2615,萬海,15,3,12,群益金鼎-東大,2024-12-03,9135
3597,映興,20,9,11,群益金鼎-東大,2024-12-03,9135
911868,同方友友-DR,11,0,11,群益金鼎-東大,2024-12-03,9135
9945,潤泰新,11,0,11,群益金鼎-東大,2024-12-03,9135
2028,威致,11,0,11,群益金鼎-東大,2024-12-03,9135
00650L,復華香港正2,10,0,10,群益金鼎-東大,2024-12-03,9135
3209,全科,10,0,10,群益金鼎-東大,2024-12-03,9135
1710,東聯,11,1,10,群益金鼎-東大,2024-12-03,9135
8042,金山電,20,10,10,群益金鼎-東大,2024-12-03,9135
0056,元大高股息,24,14,10,群益金鼎-東大,2024-12-03,9135
8431,匯鑽科,9,0,9,群益金鼎-東大,2024-12-03,9135
2392,正崴,10,1,9,群益金鼎-東大,2024-12-03,9135
1815,富喬,30,21,9,群益金鼎-東大,2024-12-03,9135
2317,鴻海,31,23,8,群益金鼎-東大,2024-12-03,9135
6757,台灣虎航,13,5,8,群益金鼎-東大,2024-12-03,9135
3021,鴻名,8,0,8,群益金鼎-東大,2024-12-03,9135
5388,中磊,16,8,8,群益金鼎-東大,2024-12-03,9135
2365,昆盈,10,2,8,群益金鼎-東大,2024-12-03,9135
4991,環宇-KY,74,66,8,群益金鼎-東大,2024-12-03,9135
4968,立積,9,1,8,群益金鼎-東大,2024-12-03,9135
5706,鳳凰,7,0,7,群益金鼎-東大,2024-12-03,9135
2313,華通,7,0,7,群益金鼎-東大,2024-12-03,9135
3323,加百裕,252,94,158,群益金鼎-東大,2024-12-04,9135
5309,系統電,146,39,107,群益金鼎-東大,2024-12-04,9135
2891,中信金,105,5,100,群益金鼎-東大,2024-12-04,9135
2486,一詮,111,11,100,群益金鼎-東大,2024-12-04,9135
8171,天宇,99,8,91,群益金鼎-東大,2024-12-04,9135
3078,僑威,80,2,78,群益金鼎-東大,2024-12-04,9135
3591,艾笛森,104,37,67,群益金鼎-東大,2024-12-04,9135
00919,群益台灣精選高息,61,1,60,群益金鼎-東大,2024-12-04,9135
00945B,凱基美國非投等債,50,0,50,群益金鼎-東大,2024-12-04,9135
00953B,群益優選非投等債,49,2,47,群益金鼎-東大,2024-12-04,9135
2347,聯強,48,6,42,群益金鼎-東大,2024-12-04,9135
00948B,中信優息投資級債,60,19,41,群益金鼎-東大,2024-12-04,9135
2610,華航,52,15,37,群益金鼎-東大,2024-12-04,9135
1605,華新,34,0,34,群益金鼎-東大,2024-12-04,9135
00918,大華優利高填息30,34,2,32,群益金鼎-東大,2024-12-04,9135
00713,元大台灣高息低波,33,2,31,群益金鼎-東大,2024-12-04,9135
00950B,凱基A級公司債,27,0,27,群益金鼎-東大,2024-12-04,9135
00679B,元大美債20年,51,24,27,群益金鼎-東大,2024-12-04,9135
00687B,國泰20年美債,44,17,27,群益金鼎-東大,2024-12-04,9135
2897B,王道銀乙特,24,0,24,群益金鼎-東大,2024-12-04,9135
00712,復華富時不動產,26,5,21,群益金鼎-東大,2024-12-04,9135
6589,台康生技,21,0,21,群益金鼎-東大,2024-12-04,9135
00665L,富邦�琤肭磪囓�2,40,20,20,群益金鼎-東大,2024-12-04,9135
00959B,大華投等美債15Y+,20,0,20,群益金鼎-東大,2024-12-04,9135
8028,昇陽半導體,32,15,17,群益金鼎-東大,2024-12-04,9135
2542,興富發,17,0,17,群益金鼎-東大,2024-12-04,9135
3694,海華,18,2,16,群益金鼎-東大,2024-12-04,9135
4510,高鋒,17,1,16,群益金鼎-東大,2024-12-04,9135
2241,艾姆勒,15,0,15,群益金鼎-東大,2024-12-04,9135
2492,華新科,16,3,13,群益金鼎-東大,2024-12-04,9135
3548,兆利,20,7,13,群益金鼎-東大,2024-12-04,9135
2888,新光金,13,0,13,群益金鼎-東大,2024-12-04,9135
6530,創威,28,16,12,群益金鼎-東大,2024-12-04,9135
5244,弘凱,70,58,12,群益金鼎-東大,2024-12-04,9135
00926,凱基全球菁英55,13,1,12,群益金鼎-東大,2024-12-04,9135
2204,中華,11,0,11,群益金鼎-東大,2024-12-04,9135
4157,太景*-KY,11,0,11,群益金鼎-東大,2024-12-04,9135
6187,萬潤,16,6,10,群益金鼎-東大,2024-12-04,9135
2449,京元電子,10,0,10,群益金鼎-東大,2024-12-04,9135
2543,皇昌,10,0,10,群益金鼎-東大,2024-12-04,9135
00673R,期元大S＆P原油反1,10,0,10,群益金鼎-東大,2024-12-04,9135
00965,元大航太防衛科技,10,0,10,群益金鼎-東大,2024-12-04,9135
2317,鴻海,21,12,9,群益金鼎-東大,2024-12-04,9135
2305,全友,9,0,9,群益金鼎-東大,2024-12-04,9135
2382,廣達,9,0,9,群益金鼎-東大,2024-12-04,9135
5483,中美晶,9,0,9,群益金鼎-東大,2024-12-04,9135
3021,鴻名,8,0,8,群益金鼎-東大,2024-12-04,9135
00651R,復華香港反1,8,0,8,群益金鼎-東大,2024-12-04,9135
911868,同方友友-DR,8,0,8,群益金鼎-東大,2024-12-04,9135
4908,前鼎,30,22,8,群益金鼎-東大,2024-12-04,9135
00953B,群益優選非投等債,471,20,451,群益金鼎-東大,2024-12-05,9135
4306,炎洲,200,0,200,群益金鼎-東大,2024-12-05,9135
4303,信立,145,19,126,群益金鼎-東大,2024-12-05,9135
3548,兆利,125,13,112,群益金鼎-東大,2024-12-05,9135
2312,金寶,78,4,74,群益金鼎-東大,2024-12-05,9135
1336,台翰,65,0,65,群益金鼎-東大,2024-12-05,9135
2002,中鋼,60,0,60,群益金鼎-東大,2024-12-05,9135
00878,國泰永續高股息,55,2,53,群益金鼎-東大,2024-12-05,9135
00756B,群益投等新興公債,50,0,50,群益金鼎-東大,2024-12-05,9135
2897B,王道銀乙特,36,0,36,群益金鼎-東大,2024-12-05,9135
2495,普安,42,10,32,群益金鼎-東大,2024-12-05,9135
00665L,富邦�琤肭磪囓�2,28,0,28,群益金鼎-東大,2024-12-05,9135
6763,綠界科技*,38,12,26,群益金鼎-東大,2024-12-05,9135
00948B,中信優息投資級債,25,1,24,群益金鼎-東大,2024-12-05,9135
2303,聯電,23,3,20,群益金鼎-東大,2024-12-05,9135
4991,環宇-KY,37,18,19,群益金鼎-東大,2024-12-05,9135
3545,敦泰,20,1,19,群益金鼎-東大,2024-12-05,9135
00715L,期街口布蘭特正2,19,0,19,群益金鼎-東大,2024-12-05,9135
1721,三晃,19,1,18,群益金鼎-東大,2024-12-05,9135
4908,前鼎,79,61,18,群益金鼎-東大,2024-12-05,9135
1528,恩德,17,0,17,群益金鼎-東大,2024-12-05,9135
00640L,富邦日本正2,17,0,17,群益金鼎-東大,2024-12-05,9135
2371,大同,20,3,17,群益金鼎-東大,2024-12-05,9135
6288,聯嘉,18,1,17,群益金鼎-東大,2024-12-05,9135
2881A,富邦特,16,0,16,群益金鼎-東大,2024-12-05,9135
6548,長科*,15,0,15,群益金鼎-東大,2024-12-05,9135
2317,鴻海,20,5,15,群益金鼎-東大,2024-12-05,9135
00945B,凱基美國非投等債,15,0,15,群益金鼎-東大,2024-12-05,9135
3522,御嵿,15,0,15,群益金鼎-東大,2024-12-05,9135
00650L,復華香港正2,15,0,15,群益金鼎-東大,2024-12-05,9135
6578,達邦蛋白,15,0,15,群益金鼎-東大,2024-12-05,9135
3289,宜特,22,8,14,群益金鼎-東大,2024-12-05,9135
6509,聚和,14,0,14,群益金鼎-東大,2024-12-05,9135
2375,凱美,92,79,13,群益金鼎-東大,2024-12-05,9135
00909,國泰數位支付服務,13,0,13,群益金鼎-東大,2024-12-05,9135
1708,東鹼,13,0,13,群益金鼎-東大,2024-12-05,9135
1464,得力,12,0,12,群益金鼎-東大,2024-12-05,9135
2838A,聯邦銀甲特,12,0,12,群益金鼎-東大,2024-12-05,9135
4977,眾達-KY,48,36,12,群益金鼎-東大,2024-12-05,9135
6282,康舒,12,0,12,群益金鼎-東大,2024-12-05,9135
5439,高技,59,48,11,群益金鼎-東大,2024-12-05,9135
3628,盈正,14,3,11,群益金鼎-東大,2024-12-05,9135
8042,金山電,22,11,11,群益金鼎-東大,2024-12-05,9135
5328,華容,23,12,11,群益金鼎-東大,2024-12-05,9135
5386,青雲,10,0,10,群益金鼎-東大,2024-12-05,9135
3702,大聯大,10,0,10,群益金鼎-東大,2024-12-05,9135
1710,東聯,10,0,10,群益金鼎-東大,2024-12-05,9135
2641,正德,10,0,10,群益金鼎-東大,2024-12-05,9135
3090,日電貿,61,52,9,群益金鼎-東大,2024-12-05,9135
00712,復華富時不動產,9,0,9,群益金鼎-東大,2024-12-05,9135
00953B,群益優選非投等債,322,0,322,群益金鼎-東大,2024-12-06,9135
5512,力麒,200,0,200,群益金鼎-東大,2024-12-06,9135
2495,普安,138,0,138,群益金鼎-東大,2024-12-06,9135
4306,炎洲,103,0,103,群益金鼎-東大,2024-12-06,9135
3706,神達,178,130,48,群益金鼎-東大,2024-12-06,9135
2002,中鋼,42,0,42,群益金鼎-東大,2024-12-06,9135
6163,華電網,43,3,40,群益金鼎-東大,2024-12-06,9135
00915,凱基優選高股息30,49,9,40,群益金鼎-東大,2024-12-06,9135
00878,國泰永續高股息,83,45,38,群益金鼎-東大,2024-12-06,9135
00951,台新日本半導體,37,0,37,群益金鼎-東大,2024-12-06,9135
1605,華新,49,14,35,群益金鼎-東大,2024-12-06,9135
0056,元大高股息,47,14,33,群益金鼎-東大,2024-12-06,9135
6426,統新,44,11,33,群益金鼎-東大,2024-12-06,9135
3548,兆利,40,8,32,群益金鼎-東大,2024-12-06,9135
6288,聯嘉,32,2,30,群益金鼎-東大,2024-12-06,9135
3522,御嵿,29,0,29,群益金鼎-東大,2024-12-06,9135
2312,金寶,98,71,27,群益金鼎-東大,2024-12-06,9135
2392,正崴,31,9,22,群益金鼎-東大,2024-12-06,9135
3078,僑威,31,9,22,群益金鼎-東大,2024-12-06,9135
2610,華航,26,6,20,群益金鼎-東大,2024-12-06,9135
00909,國泰數位支付服務,26,7,19,群益金鼎-東大,2024-12-06,9135
00715L,期街口布蘭特正2,19,0,19,群益金鼎-東大,2024-12-06,9135
8097,常珵,26,8,18,群益金鼎-東大,2024-12-06,9135
00959B,大華投等美債15Y+,15,0,15,群益金鼎-東大,2024-12-06,9135
4991,環宇-KY,52,37,15,群益金鼎-東大,2024-12-06,9135
3029,零壹,101,86,15,群益金鼎-東大,2024-12-06,9135
5536,聖暉*,14,0,14,群益金鼎-東大,2024-12-06,9135
1815,富喬,26,12,14,群益金鼎-東大,2024-12-06,9135
6693,廣閎科,14,0,14,群益金鼎-東大,2024-12-06,9135
2472,立隆電,16,3,13,群益金鼎-東大,2024-12-06,9135
3558,神準,13,0,13,群益金鼎-東大,2024-12-06,9135
3296,勝德,12,0,12,群益金鼎-東大,2024-12-06,9135
00962,台新AI優息動能,12,0,12,群益金鼎-東大,2024-12-06,9135
3037,欣興,16,4,12,群益金鼎-東大,2024-12-06,9135
4953,緯軟,16,4,12,群益金鼎-東大,2024-12-06,9135
2405,輔信,27,16,11,群益金鼎-東大,2024-12-06,9135
1449,佳和,58,47,11,群益金鼎-東大,2024-12-06,9135
00916,國泰全球品牌50,11,0,11,群益金鼎-東大,2024-12-06,9135
5519,隆大,10,0,10,群益金鼎-東大,2024-12-06,9135
3059,華晶科,10,0,10,群益金鼎-東大,2024-12-06,9135
00713,元大台灣高息低波,10,0,10,群益金鼎-東大,2024-12-06,9135
00936,台新永續高息中小,10,0,10,群益金鼎-東大,2024-12-06,9135
1616,億泰,10,0,10,群益金鼎-東大,2024-12-06,9135
00932,兆豐永續高息等權,10,0,10,群益金鼎-東大,2024-12-06,9135
00712,復華富時不動產,10,0,10,群益金鼎-東大,2024-12-06,9135
00928,中信上櫃ESG30,10,0,10,群益金鼎-東大,2024-12-06,9135
1785,光洋科,75,65,10,群益金鼎-東大,2024-12-06,9135
6188,廣明,9,0,9,群益金鼎-東大,2024-12-06,9135
1301,台塑,9,0,9,群益金鼎-東大,2024-12-06,9135
8150,南茂,9,0,9,群益金鼎-東大,2024-12-06,9135
00953B,群益優選非投等債,655,0,655,群益金鼎-東大,2024-12-09,9135
2206,三陽工業,240,0,240,群益金鼎-東大,2024-12-09,9135
00639,富邦深100,150,0,150,群益金鼎-東大,2024-12-09,9135
2495,普安,82,0,82,群益金鼎-東大,2024-12-09,9135
4577,達航科技,78,0,78,群益金鼎-東大,2024-12-09,9135
4306,炎洲,75,0,75,群益金鼎-東大,2024-12-09,9135
2324,仁寶,155,97,58,群益金鼎-東大,2024-12-09,9135
3376,新日興,54,0,54,群益金鼎-東大,2024-12-09,9135
00715L,期街口布蘭特正2,53,0,53,群益金鼎-東大,2024-12-09,9135
00878,國泰永續高股息,46,2,44,群益金鼎-東大,2024-12-09,9135
1904,正隆,47,3,44,群益金鼎-東大,2024-12-09,9135
00915,凱基優選高股息30,38,1,37,群益金鼎-東大,2024-12-09,9135
00713,元大台灣高息低波,34,0,34,群益金鼎-東大,2024-12-09,9135
3706,神達,65,39,26,群益金鼎-東大,2024-12-09,9135
6226,光鼎,26,0,26,群益金鼎-東大,2024-12-09,9135
2615,萬海,47,22,25,群益金鼎-東大,2024-12-09,9135
3021,鴻名,26,2,24,群益金鼎-東大,2024-12-09,9135
4931,新盛力,27,4,23,群益金鼎-東大,2024-12-09,9135
2646,星宇航空,23,0,23,群益金鼎-東大,2024-12-09,9135
3221,台嘉碩,22,0,22,群益金鼎-東大,2024-12-09,9135
4953,緯軟,36,14,22,群益金鼎-東大,2024-12-09,9135
3088,艾訊,22,1,21,群益金鼎-東大,2024-12-09,9135
2208,台船,21,0,21,群益金鼎-東大,2024-12-09,9135
00671R,富邦NASDAQ反1,20,0,20,群益金鼎-東大,2024-12-09,9135
2472,立隆電,30,10,20,群益金鼎-東大,2024-12-09,9135
8150,南茂,19,0,19,群益金鼎-東大,2024-12-09,9135
2801,彰銀,29,10,19,群益金鼎-東大,2024-12-09,9135
2312,金寶,25,6,19,群益金鼎-東大,2024-12-09,9135
5315,光聯,18,0,18,群益金鼎-東大,2024-12-09,9135
00751B,元大AAA至A公司債,19,1,18,群益金鼎-東大,2024-12-09,9135
3548,兆利,22,4,18,群益金鼎-東大,2024-12-09,9135
1524,耿鼎,28,12,16,群益金鼎-東大,2024-12-09,9135
00951,台新日本半導體,17,1,16,群益金鼎-東大,2024-12-09,9135
2353,宏��,25,9,16,群益金鼎-東大,2024-12-09,9135
2317,鴻海,17,1,16,群益金鼎-東大,2024-12-09,9135
2354,鴻準,42,27,15,群益金鼎-東大,2024-12-09,9135
5284,jpp-KY,18,3,15,群益金鼎-東大,2024-12-09,9135
00650L,復華香港正2,15,0,15,群益金鼎-東大,2024-12-09,9135
4113,聯上,15,0,15,群益金鼎-東大,2024-12-09,9135
4571,鈞興-KY,16,1,15,群益金鼎-東大,2024-12-09,9135
4977,眾達-KY,52,39,13,群益金鼎-東大,2024-12-09,9135
00945B,凱基美國非投等債,20,8,12,群益金鼎-東大,2024-12-09,9135
2471,資通,19,7,12,群益金鼎-東大,2024-12-09,9135
6770,力積電,14,2,12,群益金鼎-東大,2024-12-09,9135
6962,ITH-KY,12,1,11,群益金鼎-東大,2024-12-09,9135
3090,日電貿,13,2,11,群益金鼎-東大,2024-12-09,9135
5871,中租-KY,10,0,10,群益金鼎-東大,2024-12-09,9135
00631L,元大台灣50正2,36,26,10,群益金鼎-東大,2024-12-09,9135
00930,永豐ESG低碳高息,10,0,10,群益金鼎-東大,2024-12-09,9135
1444,力麗,10,0,10,群益金鼎-東大,2024-12-09,9135
00945B,凱基美國非投等債,129,0,129,群益金鼎-東大,2024-12-10,9135
00918,大華優利高填息30,116,0,116,群益金鼎-東大,2024-12-10,9135
00953B,群益優選非投等債,79,0,79,群益金鼎-東大,2024-12-10,9135
00915,凱基優選高股息30,73,1,72,群益金鼎-東大,2024-12-10,9135
00662,富邦NASDAQ,71,0,71,群益金鼎-東大,2024-12-10,9135
00687B,國泰20年美債,52,7,45,群益金鼎-東大,2024-12-10,9135
1303,南亞,42,0,42,群益金鼎-東大,2024-12-10,9135
00931B,統一美債20年,40,0,40,群益金鼎-東大,2024-12-10,9135
00679B,元大美債20年,67,30,37,群益金鼎-東大,2024-12-10,9135
2317,鴻海,40,5,35,群益金鼎-東大,2024-12-10,9135
00919,群益台灣精選高息,37,3,34,群益金鼎-東大,2024-12-10,9135
2324,仁寶,32,0,32,群益金鼎-東大,2024-12-10,9135
0056,元大高股息,32,2,30,群益金鼎-東大,2024-12-10,9135
2206,三陽工業,30,0,30,群益金鼎-東大,2024-12-10,9135
3221,台嘉碩,29,1,28,群益金鼎-東大,2024-12-10,9135
2610,華航,31,6,25,群益金鼎-東大,2024-12-10,9135
2609,陽明,42,19,23,群益金鼎-東大,2024-12-10,9135
00878,國泰永續高股息,38,15,23,群益金鼎-東大,2024-12-10,9135
2353,宏��,28,5,23,群益金鼎-東大,2024-12-10,9135
00706L,期元大S＆P日圓正2,21,0,21,群益金鼎-東大,2024-12-10,9135
00926,凱基全球菁英55,21,0,21,群益金鼎-東大,2024-12-10,9135
00713,元大台灣高息低波,30,10,20,群益金鼎-東大,2024-12-10,9135
00633L,富邦上証正2,22,2,20,群益金鼎-東大,2024-12-10,9135
3548,兆利,17,1,16,群益金鼎-東大,2024-12-10,9135
5315,光聯,16,0,16,群益金鼎-東大,2024-12-10,9135
00937B,群益ESG投等債20,21,5,16,群益金鼎-東大,2024-12-10,9135
1815,富喬,29,13,16,群益金鼎-東大,2024-12-10,9135
00751B,元大AAA至A公司債,15,0,15,群益金鼎-東大,2024-12-10,9135
2362,藍天,20,5,15,群益金鼎-東大,2024-12-10,9135
4577,達航科技,14,0,14,群益金鼎-東大,2024-12-10,9135
2382,廣達,12,0,12,群益金鼎-東大,2024-12-10,9135
2801,彰銀,12,0,12,群益金鼎-東大,2024-12-10,9135
2516,新建,12,0,12,群益金鼎-東大,2024-12-10,9135
4714,永捷,12,0,12,群益金鼎-東大,2024-12-10,9135
3162,精確,13,2,11,群益金鼎-東大,2024-12-10,9135
00655L,國泰中國A50正2,11,0,11,群益金鼎-東大,2024-12-10,9135
2383,台光電,20,9,11,群益金鼎-東大,2024-12-10,9135
1227,佳格,10,0,10,群益金鼎-東大,2024-12-10,9135
00948B,中信優息投資級債,20,10,10,群益金鼎-東大,2024-12-10,9135
5519,隆大,10,0,10,群益金鼎-東大,2024-12-10,9135
1710,東聯,10,0,10,群益金鼎-東大,2024-12-10,9135
2897,王道銀行,10,0,10,群益金鼎-東大,2024-12-10,9135
6509,聚和,10,0,10,群益金鼎-東大,2024-12-10,9135
1711,永光,10,0,10,群益金鼎-東大,2024-12-10,9135
5425,台半,10,0,10,群益金鼎-東大,2024-12-10,9135
00959B,大華投等美債15Y+,10,0,10,群益金鼎-東大,2024-12-10,9135
6257,矽格,10,0,10,群益金鼎-東大,2024-12-10,9135
1314,中石化,10,0,10,群益金鼎-東大,2024-12-10,9135
2347,聯強,11,1,10,群益金鼎-東大,2024-12-10,9135
00639,富邦深100,25,15,10,群益金鼎-東大,2024-12-10,9135
00945B,凱基美國非投等債,380,0,380,群益金鼎-東大,2024-12-11,9135
00637L,元大滬深300正2,131,15,116,群益金鼎-東大,2024-12-11,9135
00919,群益台灣精選高息,156,52,104,群益金鼎-東大,2024-12-11,9135
00918,大華優利高填息30,101,0,101,群益金鼎-東大,2024-12-11,9135
2206,三陽工業,90,0,90,群益金鼎-東大,2024-12-11,9135
00937B,群益ESG投等債20,70,3,67,群益金鼎-東大,2024-12-11,9135
2820,華票,61,0,61,群益金鼎-東大,2024-12-11,9135
00915,凱基優選高股息30,60,0,60,群益金鼎-東大,2024-12-11,9135
3234,光環,58,3,55,群益金鼎-東大,2024-12-11,9135
00878,國泰永續高股息,52,0,52,群益金鼎-東大,2024-12-11,9135
3221,台嘉碩,50,0,50,群益金鼎-東大,2024-12-11,9135
2609,陽明,87,50,37,群益金鼎-東大,2024-12-11,9135
4576,大銀微系統,33,0,33,群益金鼎-東大,2024-12-11,9135
2317,鴻海,37,7,30,群益金鼎-東大,2024-12-11,9135
00959B,大華投等美債15Y+,30,0,30,群益金鼎-東大,2024-12-11,9135
4991,環宇-KY,62,32,30,群益金鼎-東大,2024-12-11,9135
9105,泰金寶-DR,34,7,27,群益金鼎-東大,2024-12-11,9135
5371,中光電,29,2,27,群益金鼎-東大,2024-12-11,9135
8089,康全電訊,32,6,26,群益金鼎-東大,2024-12-11,9135
3019,亞光,49,23,26,群益金鼎-東大,2024-12-11,9135
6509,聚和,26,0,26,群益金鼎-東大,2024-12-11,9135
1569,濱川,28,3,25,群益金鼎-東大,2024-12-11,9135
2885,元大金,24,0,24,群益金鼎-東大,2024-12-11,9135
00688L,國泰20年美債正2,24,0,24,群益金鼎-東大,2024-12-11,9135
00687B,國泰20年美債,36,16,20,群益金鼎-東大,2024-12-11,9135
2308,台達電,25,6,19,群益金鼎-東大,2024-12-11,9135
0056,元大高股息,20,2,18,群益金鼎-東大,2024-12-11,9135
8215,明基材,17,0,17,群益金鼎-東大,2024-12-11,9135
00795B,中信美國公債20年,16,1,15,群益金鼎-東大,2024-12-11,9135
00650L,復華香港正2,15,0,15,群益金鼎-東大,2024-12-11,9135
2610,華航,17,2,15,群益金鼎-東大,2024-12-11,9135
5426,振發,18,5,13,群益金鼎-東大,2024-12-11,9135
1437,勤益控,13,0,13,群益金鼎-東大,2024-12-11,9135
3211,順達,56,43,13,群益金鼎-東大,2024-12-11,9135
5347,世界,17,5,12,群益金鼎-東大,2024-12-11,9135
4729,熒茂,12,0,12,群益金鼎-東大,2024-12-11,9135
5309,系統電,13,2,11,群益金鼎-東大,2024-12-11,9135
1464,得力,12,1,11,群益金鼎-東大,2024-12-11,9135
2886,兆豐金,11,0,11,群益金鼎-東大,2024-12-11,9135
1605,華新,11,0,11,群益金鼎-東大,2024-12-11,9135
2603,長榮,11,0,11,群益金鼎-東大,2024-12-11,9135
2385,群光,11,1,10,群益金鼎-東大,2024-12-11,9135
1314,中石化,10,0,10,群益金鼎-東大,2024-12-11,9135
2801,彰銀,10,0,10,群益金鼎-東大,2024-12-11,9135
6799,來頡,10,0,10,群益金鼎-東大,2024-12-11,9135
006208,富邦台50,10,0,10,群益金鼎-東大,2024-12-11,9135
1711,永光,11,2,9,群益金鼎-東大,2024-12-11,9135
3706,神達,67,58,9,群益金鼎-東大,2024-12-11,9135
1442,名軒,9,0,9,群益金鼎-東大,2024-12-11,9135
00751B,元大AAA至A公司債,10,1,9,群益金鼎-東大,2024-12-11,9135
00945B,凱基美國非投等債,212,1,211,群益金鼎-東大,2024-12-12,9135
00937B,群益ESG投等債20,145,0,145,群益金鼎-東大,2024-12-12,9135
2312,金寶,179,34,145,群益金鼎-東大,2024-12-12,9135
00918,大華優利高填息30,129,10,119,群益金鼎-東大,2024-12-12,9135
00680L,元大美債20正2,105,0,105,群益金鼎-東大,2024-12-12,9135
3694,海華,90,10,80,群益金鼎-東大,2024-12-12,9135
00687B,國泰20年美債,69,0,69,群益金鼎-東大,2024-12-12,9135
00948B,中信優息投資級債,66,0,66,群益金鼎-東大,2024-12-12,9135
00679B,元大美債20年,76,10,66,群益金鼎-東大,2024-12-12,9135
00922,國泰台灣領袖50,50,0,50,群益金鼎-東大,2024-12-12,9135
2374,佳能,79,32,47,群益金鼎-東大,2024-12-12,9135
0056,元大高股息,56,9,47,群益金鼎-東大,2024-12-12,9135
00919,群益台灣精選高息,37,5,32,群益金鼎-東大,2024-12-12,9135
2543,皇昌,30,0,30,群益金鼎-東大,2024-12-12,9135
00713,元大台灣高息低波,29,0,29,群益金鼎-東大,2024-12-12,9135
00953B,群益優選非投等債,28,0,28,群益金鼎-東大,2024-12-12,9135
2317,鴻海,44,19,25,群益金鼎-東大,2024-12-12,9135
00640L,富邦日本正2,22,0,22,群益金鼎-東大,2024-12-12,9135
8070,長華*,22,0,22,群益金鼎-東大,2024-12-12,9135
1524,耿鼎,26,6,20,群益金鼎-東大,2024-12-12,9135
00751B,元大AAA至A公司債,20,0,20,群益金鼎-東大,2024-12-12,9135
4576,大銀微系統,18,2,16,群益金鼎-東大,2024-12-12,9135
00926,凱基全球菁英55,16,0,16,群益金鼎-東大,2024-12-12,9135
2104,國際中橡,16,0,16,群益金鼎-東大,2024-12-12,9135
00795B,中信美國公債20年,21,6,15,群益金鼎-東大,2024-12-12,9135
6163,華電網,22,8,14,群益金鼎-東大,2024-12-12,9135
5465,富驊,14,0,14,群益金鼎-東大,2024-12-12,9135
4977,眾達-KY,32,20,12,群益金鼎-東大,2024-12-12,9135
2371,大同,18,6,12,群益金鼎-東大,2024-12-12,9135
00950B,凱基A級公司債,12,0,12,群益金鼎-東大,2024-12-12,9135
6877,鏵友益,24,12,12,群益金鼎-東大,2024-12-12,9135
6425,易發,12,0,12,群益金鼎-東大,2024-12-12,9135
2426,鼎元,11,0,11,群益金鼎-東大,2024-12-12,9135
9105,泰金寶-DR,32,21,11,群益金鼎-東大,2024-12-12,9135
2820,華票,10,0,10,群益金鼎-東大,2024-12-12,9135
00930,永豐ESG低碳高息,10,0,10,群益金鼎-東大,2024-12-12,9135
00959B,大華投等美債15Y+,10,0,10,群益金鼎-東大,2024-12-12,9135
6509,聚和,10,0,10,群益金鼎-東大,2024-12-12,9135
00650L,復華香港正2,10,0,10,群益金鼎-東大,2024-12-12,9135
00673R,期元大S＆P原油反1,10,0,10,群益金鼎-東大,2024-12-12,9135
6405,悅城,10,0,10,群益金鼎-東大,2024-12-12,9135
2887,台新金,10,1,9,群益金鼎-東大,2024-12-12,9135
00915,凱基優選高股息30,10,2,8,群益金鼎-東大,2024-12-12,9135
2603,長榮,13,5,8,群益金鼎-東大,2024-12-12,9135
3450,聯鈞,24,16,8,群益金鼎-東大,2024-12-12,9135
6140,訊達,8,0,8,群益金鼎-東大,2024-12-12,9135
00931B,統一美債20年,8,0,8,群益金鼎-東大,2024-12-12,9135
00665L,富邦�琤肭磪囓�2,18,11,7,群益金鼎-東大,2024-12-12,9135
1808,潤隆,10,3,7,群益金鼎-東大,2024-12-12,9135
2363,矽統,13,6,7,群益金鼎-東大,2024-12-12,9135
00937B,群益ESG投等債20,728,0,728,群益金鼎-東大,2024-12-13,9135
00945B,凱基美國非投等債,228,0,228,群益金鼎-東大,2024-12-13,9135
4931,新盛力,126,13,113,群益金鼎-東大,2024-12-13,9135
00959B,大華投等美債15Y+,110,0,110,群益金鼎-東大,2024-12-13,9135
8277,商丞,105,0,105,群益金鼎-東大,2024-12-13,9135
00637L,元大滬深300正2,197,102,95,群益金鼎-東大,2024-12-13,9135
00918,大華優利高填息30,77,0,77,群益金鼎-東大,2024-12-13,9135
00919,群益台灣精選高息,71,19,52,群益金鼎-東大,2024-12-13,9135
3591,艾笛森,50,0,50,群益金鼎-東大,2024-12-13,9135
00922,國泰台灣領袖50,50,1,49,群益金鼎-東大,2024-12-13,9135
00948B,中信優息投資級債,48,0,48,群益金鼎-東大,2024-12-13,9135
00907,永豐優息存股,47,0,47,群益金鼎-東大,2024-12-13,9135
00679B,元大美債20年,63,18,45,群益金鼎-東大,2024-12-13,9135
5347,世界,41,0,41,群益金鼎-東大,2024-12-13,9135
2317,鴻海,56,18,38,群益金鼎-東大,2024-12-13,9135
00650L,復華香港正2,35,0,35,群益金鼎-東大,2024-12-13,9135
00915,凱基優選高股息30,34,2,32,群益金鼎-東大,2024-12-13,9135
00706L,期元大S＆P日圓正2,32,0,32,群益金鼎-東大,2024-12-13,9135
6548,長科*,32,0,32,群益金鼎-東大,2024-12-13,9135
1303,南亞,33,3,30,群益金鼎-東大,2024-12-13,9135
1605,華新,38,9,29,群益金鼎-東大,2024-12-13,9135
6153,嘉聯益,22,0,22,群益金鼎-東大,2024-12-13,9135
00878,國泰永續高股息,26,5,21,群益金鼎-東大,2024-12-13,9135
2353,宏��,21,0,21,群益金鼎-東大,2024-12-13,9135
4113,聯上,20,0,20,群益金鼎-東大,2024-12-13,9135
1905,華紙,20,0,20,群益金鼎-東大,2024-12-13,9135
2838,聯邦銀,20,0,20,群益金鼎-東大,2024-12-13,9135
2426,鼎元,19,0,19,群益金鼎-東大,2024-12-13,9135
00940,元大台灣價值高息,17,0,17,群益金鼎-東大,2024-12-13,9135
1522,堤維西,18,1,17,群益金鼎-東大,2024-12-13,9135
00713,元大台灣高息低波,17,1,16,群益金鼎-東大,2024-12-13,9135
3221,台嘉碩,16,0,16,群益金鼎-東大,2024-12-13,9135
2891,中信金,21,5,16,群益金鼎-東大,2024-12-13,9135
3580,友威科,16,0,16,群益金鼎-東大,2024-12-13,9135
0056,元大高股息,24,9,15,群益金鼎-東大,2024-12-13,9135
3211,順達,57,43,14,群益金鼎-東大,2024-12-13,9135
00950B,凱基A級公司債,14,0,14,群益金鼎-東大,2024-12-13,9135
2401,凌陽,14,0,14,群益金鼎-東大,2024-12-13,9135
00665L,富邦�琤肭磪囓�2,14,0,14,群益金鼎-東大,2024-12-13,9135
00926,凱基全球菁英55,14,0,14,群益金鼎-東大,2024-12-13,9135
2025,千興,13,0,13,群益金鼎-東大,2024-12-13,9135
2313,華通,18,6,12,群益金鼎-東大,2024-12-13,9135
00909,國泰數位支付服務,12,0,12,群益金鼎-東大,2024-12-13,9135
1513,中興電,14,3,11,群益金鼎-東大,2024-12-13,9135
2890,永豐金,11,0,11,群益金鼎-東大,2024-12-13,9135
2356,英業達,13,2,11,群益金鼎-東大,2024-12-13,9135
00917,中信特選金融,10,0,10,群益金鼎-東大,2024-12-13,9135
00639,富邦深100,10,0,10,群益金鼎-東大,2024-12-13,9135
1437,勤益控,10,0,10,群益金鼎-東大,2024-12-13,9135
8038,長園科,10,0,10,群益金鼎-東大,2024-12-13,9135
00945B,凱基美國非投等債,231,0,231,群益金鼎-東大,2024-12-16,9135
00937B,群益ESG投等債20,141,0,141,群益金鼎-東大,2024-12-16,9135
00680L,元大美債20正2,106,0,106,群益金鼎-東大,2024-12-16,9135
00679B,元大美債20年,116,10,106,群益金鼎-東大,2024-12-16,9135
00919,群益台灣精選高息,103,2,101,群益金鼎-東大,2024-12-16,9135
00953B,群益優選非投等債,73,0,73,群益金鼎-東大,2024-12-16,9135
00687B,國泰20年美債,84,11,73,群益金鼎-東大,2024-12-16,9135
00918,大華優利高填息30,53,0,53,群益金鼎-東大,2024-12-16,9135
00673R,期元大S＆P原油反1,50,0,50,群益金鼎-東大,2024-12-16,9135
2382,廣達,73,24,49,群益金鼎-東大,2024-12-16,9135
3450,聯鈞,83,35,48,群益金鼎-東大,2024-12-16,9135
00915,凱基優選高股息30,54,7,47,群益金鼎-東大,2024-12-16,9135
00948B,中信優息投資級債,86,50,36,群益金鼎-東大,2024-12-16,9135
00930,永豐ESG低碳高息,34,0,34,群益金鼎-東大,2024-12-16,9135
3040,遠見,30,0,30,群益金鼎-東大,2024-12-16,9135
2488,漢平,30,0,30,群益金鼎-東大,2024-12-16,9135
00671R,富邦NASDAQ反1,25,0,25,群益金鼎-東大,2024-12-16,9135
4111,濟生,25,0,25,群益金鼎-東大,2024-12-16,9135
00946,群益科技高息成長,24,0,24,群益金鼎-東大,2024-12-16,9135
2363,矽統,25,2,23,群益金鼎-東大,2024-12-16,9135
00959B,大華投等美債15Y+,22,0,22,群益金鼎-東大,2024-12-16,9135
5443,均豪,22,0,22,群益金鼎-東大,2024-12-16,9135
2609,陽明,39,18,21,群益金鼎-東大,2024-12-16,9135
3597,映興,21,1,20,群益金鼎-東大,2024-12-16,9135
3715,定穎投控,23,4,19,群益金鼎-東大,2024-12-16,9135
00665L,富邦�琤肭磪囓�2,31,12,19,群益金鼎-東大,2024-12-16,9135
4560,強信-KY,19,0,19,群益金鼎-東大,2024-12-16,9135
2610,華航,31,12,19,群益金鼎-東大,2024-12-16,9135
1785,光洋科,20,2,18,群益金鼎-東大,2024-12-16,9135
00725B,國泰投資級公司債,22,5,17,群益金鼎-東大,2024-12-16,9135
2312,金寶,20,3,17,群益金鼎-東大,2024-12-16,9135
0056,元大高股息,28,12,16,群益金鼎-東大,2024-12-16,9135
2317,鴻海,34,19,15,群益金鼎-東大,2024-12-16,9135
00751B,元大AAA至A公司債,25,10,15,群益金鼎-東大,2024-12-16,9135
2845,遠東銀,15,0,15,群益金鼎-東大,2024-12-16,9135
8383,千附,15,0,15,群益金鼎-東大,2024-12-16,9135
1783,和康生,14,0,14,群益金鼎-東大,2024-12-16,9135
2409,友達,20,7,13,群益金鼎-東大,2024-12-16,9135
1786,科妍,13,0,13,群益金鼎-東大,2024-12-16,9135
5439,高技,21,8,13,群益金鼎-東大,2024-12-16,9135
6548,長科*,15,2,13,群益金鼎-東大,2024-12-16,9135
2486,一詮,53,40,13,群益金鼎-東大,2024-12-16,9135
3037,欣興,17,5,12,群益金鼎-東大,2024-12-16,9135
6257,矽格,12,0,12,群益金鼎-東大,2024-12-16,9135
3014,聯陽,12,0,12,群益金鼎-東大,2024-12-16,9135
5315,光聯,12,1,11,群益金鼎-東大,2024-12-16,9135
3231,緯創,18,7,11,群益金鼎-東大,2024-12-16,9135
8432,東生華,11,0,11,群益金鼎-東大,2024-12-16,9135
6282,康舒,11,0,11,群益金鼎-東大,2024-12-16,9135
3163,波若威,14,3,11,群益金鼎-東大,2024-12-16,9135
00937B,群益ESG投等債20,660,10,650,群益金鼎-東大,2024-12-17,9135
9105,泰金寶-DR,478,72,406,群益金鼎-東大,2024-12-17,9135
00948B,中信優息投資級債,99,0,99,群益金鼎-東大,2024-12-17,9135
00918,大華優利高填息30,104,10,94,群益金鼎-東大,2024-12-17,9135
00687B,國泰20年美債,90,0,90,群益金鼎-東大,2024-12-17,9135
00650L,復華香港正2,94,10,84,群益金鼎-東大,2024-12-17,9135
2365,昆盈,83,1,82,群益金鼎-東大,2024-12-17,9135
00953B,群益優選非投等債,78,0,78,群益金鼎-東大,2024-12-17,9135
2374,佳能,97,50,47,群益金鼎-東大,2024-12-17,9135
2002,中鋼,46,0,46,群益金鼎-東大,2024-12-17,9135
0056,元大高股息,63,18,45,群益金鼎-東大,2024-12-17,9135
00915,凱基優選高股息30,37,0,37,群益金鼎-東大,2024-12-17,9135
2382,廣達,34,0,34,群益金鼎-東大,2024-12-17,9135
3019,亞光,64,32,32,群益金鼎-東大,2024-12-17,9135
00713,元大台灣高息低波,31,0,31,群益金鼎-東大,2024-12-17,9135
2618,長榮航,45,15,30,群益金鼎-東大,2024-12-17,9135
2368,金像電,39,12,27,群益金鼎-東大,2024-12-17,9135
00673R,期元大S＆P原油反1,25,0,25,群益金鼎-東大,2024-12-17,9135
4306,炎洲,24,0,24,群益金鼎-東大,2024-12-17,9135
00945B,凱基美國非投等債,24,0,24,群益金鼎-東大,2024-12-17,9135
6188,廣明,26,3,23,群益金鼎-東大,2024-12-17,9135
00950B,凱基A級公司債,20,0,20,群益金鼎-東大,2024-12-17,9135
2417,圓剛,24,4,20,群益金鼎-東大,2024-12-17,9135
2313,華通,64,46,18,群益金鼎-東大,2024-12-17,9135
2409,友達,19,1,18,群益金鼎-東大,2024-12-17,9135
4510,高鋒,77,59,18,群益金鼎-東大,2024-12-17,9135
2609,陽明,24,6,18,群益金鼎-東大,2024-12-17,9135
2891,中信金,21,3,18,群益金鼎-東大,2024-12-17,9135
6962,ITH-KY,19,2,17,群益金鼎-東大,2024-12-17,9135
00751B,元大AAA至A公司債,16,0,16,群益金鼎-東大,2024-12-17,9135
8042,金山電,15,0,15,群益金鼎-東大,2024-12-17,9135
2355,敬鵬,19,4,15,群益金鼎-東大,2024-12-17,9135
00900,富邦特選高股息30,15,0,15,群益金鼎-東大,2024-12-17,9135
00671R,富邦NASDAQ反1,15,0,15,群益金鼎-東大,2024-12-17,9135
2303,聯電,39,25,14,群益金鼎-東大,2024-12-17,9135
2890,永豐金,14,1,13,群益金鼎-東大,2024-12-17,9135
2464,盟立,15,2,13,群益金鼎-東大,2024-12-17,9135
00647L,元大S＆P500正2,13,0,13,群益金鼎-東大,2024-12-17,9135
6596,寬宏藝術,13,0,13,群益金鼎-東大,2024-12-17,9135
8255,朋程,16,3,13,群益金鼎-東大,2024-12-17,9135
2488,漢平,13,0,13,群益金鼎-東大,2024-12-17,9135
6425,易發,14,2,12,群益金鼎-東大,2024-12-17,9135
8249,菱光,31,19,12,群益金鼎-東大,2024-12-17,9135
00959B,大華投等美債15Y+,12,0,12,群益金鼎-東大,2024-12-17,9135
2317,鴻海,30,19,11,群益金鼎-東大,2024-12-17,9135
2449,京元電子,14,3,11,群益金鼎-東大,2024-12-17,9135
2314,台揚,11,0,11,群益金鼎-東大,2024-12-17,9135
5388,中磊,11,0,11,群益金鼎-東大,2024-12-17,9135
6789,采鈺,12,1,11,群益金鼎-東大,2024-12-17,9135
5371,中光電,31,20,11,群益金鼎-東大,2024-12-17,9135
00945B,凱基美國非投等債,326,2,324,群益金鼎-東大,2024-12-18,9135
00937B,群益ESG投等債20,196,1,195,群益金鼎-東大,2024-12-18,9135
00953B,群益優選非投等債,347,200,147,群益金鼎-東大,2024-12-18,9135
2374,佳能,144,26,118,群益金鼎-東大,2024-12-18,9135
2610,華航,127,11,116,群益金鼎-東大,2024-12-18,9135
00948B,中信優息投資級債,90,0,90,群益金鼎-東大,2024-12-18,9135
3665,貿聯-KY,70,1,69,群益金鼎-東大,2024-12-18,9135
3231,緯創,116,51,65,群益金鼎-東大,2024-12-18,9135
2312,金寶,66,5,61,群益金鼎-東大,2024-12-18,9135
2002,中鋼,60,0,60,群益金鼎-東大,2024-12-18,9135
00712,復華富時不動產,68,10,58,群益金鼎-東大,2024-12-18,9135
2206,三陽工業,50,0,50,群益金鼎-東大,2024-12-18,9135
3706,神達,73,31,42,群益金鼎-東大,2024-12-18,9135
00909,國泰數位支付服務,32,0,32,群益金鼎-東大,2024-12-18,9135
00720B,元大投資級公司債,31,0,31,群益金鼎-東大,2024-12-18,9135
00918,大華優利高填息30,92,62,30,群益金鼎-東大,2024-12-18,9135
2886,兆豐金,30,1,29,群益金鼎-東大,2024-12-18,9135
1815,富喬,44,18,26,群益金鼎-東大,2024-12-18,9135
4974,亞泰,34,9,25,群益金鼎-東大,2024-12-18,9135
00687B,國泰20年美債,25,1,24,群益金鼎-東大,2024-12-18,9135
8111,立��,76,52,24,群益金鼎-東大,2024-12-18,9135
2365,昆盈,36,16,20,群益金鼎-東大,2024-12-18,9135
1569,濱川,18,0,18,群益金鼎-東大,2024-12-18,9135
6962,ITH-KY,21,5,16,群益金鼎-東大,2024-12-18,9135
00950B,凱基A級公司債,16,0,16,群益金鼎-東大,2024-12-18,9135
2603,長榮,15,0,15,群益金鼎-東大,2024-12-18,9135
1786,科妍,15,0,15,群益金鼎-東大,2024-12-18,9135
00919,群益台灣精選高息,73,58,15,群益金鼎-東大,2024-12-18,9135
3558,神準,15,0,15,群益金鼎-東大,2024-12-18,9135
2353,宏��,15,1,14,群益金鼎-東大,2024-12-18,9135
00926,凱基全球菁英55,13,0,13,群益金鼎-東大,2024-12-18,9135
2359,所羅門,35,22,13,群益金鼎-東大,2024-12-18,9135
2317,鴻海,19,6,13,群益金鼎-東大,2024-12-18,9135
00679B,元大美債20年,18,5,13,群益金鼎-東大,2024-12-18,9135
4540,全球傳動,65,54,11,群益金鼎-東大,2024-12-18,9135
2883,凱基金,12,1,11,群益金鼎-東大,2024-12-18,9135
4952,凌通,17,6,11,群益金鼎-東大,2024-12-18,9135
2488,漢平,12,1,11,群益金鼎-東大,2024-12-18,9135
4977,眾達-KY,19,9,10,群益金鼎-東大,2024-12-18,9135
5443,均豪,10,0,10,群益金鼎-東大,2024-12-18,9135
3057,喬鼎,10,0,10,群益金鼎-東大,2024-12-18,9135
2408,南亞科,37,27,10,群益金鼎-東大,2024-12-18,9135
6873,泓德能源,10,0,10,群益金鼎-東大,2024-12-18,9135
2880,華南金,10,0,10,群益金鼎-東大,2024-12-18,9135
00676R,富邦臺灣加權反1,10,0,10,群益金鼎-東大,2024-12-18,9135
00680L,元大美債20正2,10,0,10,群益金鼎-東大,2024-12-18,9135
00713,元大台灣高息低波,12,3,9,群益金鼎-東大,2024-12-18,9135
3010,華立,11,2,9,群益金鼎-東大,2024-12-18,9135
3035,智原,11,2,9,群益金鼎-東大,2024-12-18,9135
1904,正隆,12,3,9,群益金鼎-東大,2024-12-18,9135
00937B,群益ESG投等債20,556,31,525,群益金鼎-東大,2024-12-19,9135
2206,三陽工業,190,0,190,群益金鼎-東大,2024-12-19,9135
00948B,中信優息投資級債,162,20,142,群益金鼎-東大,2024-12-19,9135
00688L,國泰20年美債正2,117,10,107,群益金鼎-東大,2024-12-19,9135
2317,鴻海,100,13,87,群益金鼎-東大,2024-12-19,9135
00687B,國泰20年美債,88,1,87,群益金鼎-東大,2024-12-19,9135
2845,遠東銀,70,0,70,群益金鼎-東大,2024-12-19,9135
00878,國泰永續高股息,64,6,58,群益金鼎-東大,2024-12-19,9135
00970B,新光BBB投等債20,57,0,57,群益金鼎-東大,2024-12-19,9135
3231,緯創,55,3,52,群益金鼎-東大,2024-12-19,9135
6209,今國光,110,67,43,群益金鼎-東大,2024-12-19,9135
2374,佳能,106,64,42,群益金鼎-東大,2024-12-19,9135
6215,和椿,57,16,41,群益金鼎-東大,2024-12-19,9135
8183,精星,37,0,37,群益金鼎-東大,2024-12-19,9135
00706L,期元大S＆P日圓正2,41,5,36,群益金鼎-東大,2024-12-19,9135
00941,中信上游半導體,35,0,35,群益金鼎-東大,2024-12-19,9135
00720B,元大投資級公司債,43,10,33,群益金鼎-東大,2024-12-19,9135
00795B,中信美國公債20年,32,0,32,群益金鼎-東大,2024-12-19,9135
00966B,統一ESG投等債15,30,0,30,群益金鼎-東大,2024-12-19,9135
2382,廣達,32,3,29,群益金鼎-東大,2024-12-19,9135
3041,揚智,30,1,29,群益金鼎-東大,2024-12-19,9135
2609,陽明,29,2,27,群益金鼎-東大,2024-12-19,9135
2883,凱基金,28,1,27,群益金鼎-東大,2024-12-19,9135
2801,彰銀,26,0,26,群益金鼎-東大,2024-12-19,9135
00712,復華富時不動產,42,16,26,群益金鼎-東大,2024-12-19,9135
00670L,富邦NASDAQ正2,26,1,25,群益金鼎-東大,2024-12-19,9135
00950B,凱基A級公司債,24,0,24,群益金鼎-東大,2024-12-19,9135
2880,華南金,24,0,24,群益金鼎-東大,2024-12-19,9135
00922,國泰台灣領袖50,23,0,23,群益金鼎-東大,2024-12-19,9135
1303,南亞,23,0,23,群益金鼎-東大,2024-12-19,9135
2834,臺企銀,24,1,23,群益金鼎-東大,2024-12-19,9135
00959B,大華投等美債15Y+,23,0,23,群益金鼎-東大,2024-12-19,9135
00830,國泰費城半導體,20,0,20,群益金鼎-東大,2024-12-19,9135
00951,台新日本半導體,20,0,20,群益金鼎-東大,2024-12-19,9135
2408,南亞科,55,35,20,群益金鼎-東大,2024-12-19,9135
5278,尚凡*,20,0,20,群益金鼎-東大,2024-12-19,9135
2739,寒舍,20,0,20,群益金鼎-東大,2024-12-19,9135
00926,凱基全球菁英55,19,0,19,群益金鼎-東大,2024-12-19,9135
0056,元大高股息,22,4,18,群益金鼎-東大,2024-12-19,9135
00909,國泰數位支付服務,30,14,16,群益金鼎-東大,2024-12-19,9135
00918,大華優利高填息30,38,23,15,群益金鼎-東大,2024-12-19,9135
00713,元大台灣高息低波,21,6,15,群益金鼎-東大,2024-12-19,9135
00650L,復華香港正2,15,0,15,群益金鼎-東大,2024-12-19,9135
2618,長榮航,19,4,15,群益金鼎-東大,2024-12-19,9135
2449,京元電子,18,4,14,群益金鼎-東大,2024-12-19,9135
5392,能率,15,1,14,群益金鼎-東大,2024-12-19,9135
4563,百德,13,0,13,群益金鼎-東大,2024-12-19,9135
3704,合勤控,117,104,13,群益金鼎-東大,2024-12-19,9135
2881,富邦金,15,2,13,群益金鼎-東大,2024-12-19,9135
3019,亞光,155,142,13,群益金鼎-東大,2024-12-19,9135
