Ticker,Name,buy,sell,diff,Branch,Date,Branch_Code
3481,群創,302,0,302,群益金鼎-西松,2023-01-03,9136
1513,中興電,110,60,50,群益金鼎-西松,2023-01-03,9136
5009,榮剛,44,7,37,群益金鼎-西松,2023-01-03,9136
3708,上緯投控,37,6,31,群益金鼎-西松,2023-01-03,9136
6806,森崴能源,36,13,23,群益金鼎-西松,2023-01-03,9136
3466,德晉,22,0,22,群益金鼎-西松,2023-01-03,9136
00679B,元大美債20年,17,0,17,群益金鼎-西松,2023-01-03,9136
2609,陽明,21,4,17,群益金鼎-西松,2023-01-03,9136
1605,華新,123,107,16,群益金鼎-西松,2023-01-03,9136
1714,和桐,15,0,15,群益金鼎-西松,2023-01-03,9136
00673R,期元大S＆P原油反1,13,0,13,群益金鼎-西松,2023-01-03,9136
4566,時碩工業,13,0,13,群益金鼎-西松,2023-01-03,9136
1701,中化,14,2,12,群益金鼎-西松,2023-01-03,9136
6118,建達,10,0,10,群益金鼎-西松,2023-01-03,9136
00878,國泰永續高股息,10,1,9,群益金鼎-西松,2023-01-03,9136
1442,名軒,10,1,9,群益金鼎-西松,2023-01-03,9136
2338,光罩,10,2,8,群益金鼎-西松,2023-01-03,9136
3035,智原,20,12,8,群益金鼎-西松,2023-01-03,9136
2610,華航,8,1,7,群益金鼎-西松,2023-01-03,9136
6741,91APP*-KY,10,3,7,群益金鼎-西松,2023-01-03,9136
4114,健喬,10,4,6,群益金鼎-西松,2023-01-03,9136
2399,映泰,7,1,6,群益金鼎-西松,2023-01-03,9136
00893,國泰智能電動車,5,0,5,群益金鼎-西松,2023-01-03,9136
00700,富邦�琤肭磪�,5,0,5,群益金鼎-西松,2023-01-03,9136
2371,大同,5,0,5,群益金鼎-西松,2023-01-03,9136
2498,宏達電,7,2,5,群益金鼎-西松,2023-01-03,9136
2615,萬海,18,13,5,群益金鼎-西松,2023-01-03,9136
2618,長榮航,6,1,5,群益金鼎-西松,2023-01-03,9136
2890,永豐金,5,0,5,群益金鼎-西松,2023-01-03,9136
8933,愛地雅,5,0,5,群益金鼎-西松,2023-01-03,9136
2345,智邦,4,0,4,群益金鼎-西松,2023-01-03,9136
9921,巨大,4,0,4,群益金鼎-西松,2023-01-03,9136
00710B,復華彭博非投等債,4,0,4,群益金鼎-西松,2023-01-03,9136
00637L,元大滬深300正2,9,5,4,群益金鼎-西松,2023-01-03,9136
1529,樂事綠能,4,0,4,群益金鼎-西松,2023-01-03,9136
2062,橋椿,4,0,4,群益金鼎-西松,2023-01-03,9136
2236,百達-KY,4,0,4,群益金鼎-西松,2023-01-03,9136
3189,景碩,18,14,4,群益金鼎-西松,2023-01-03,9136
4938,和碩,4,0,4,群益金鼎-西松,2023-01-03,9136
6186,新潤,4,0,4,群益金鼎-西松,2023-01-03,9136
6548,長科*,4,0,4,群益金鼎-西松,2023-01-03,9136
6589,台康生技,6,2,4,群益金鼎-西松,2023-01-03,9136
0050,元大台灣50,3,0,3,群益金鼎-西松,2023-01-03,9136
2317,鴻海,21,18,3,群益金鼎-西松,2023-01-03,9136
0056,元大高股息,3,0,3,群益金鼎-西松,2023-01-03,9136
1101,台泥,3,0,3,群益金鼎-西松,2023-01-03,9136
1718,中纖,3,0,3,群益金鼎-西松,2023-01-03,9136
1722,台肥,3,0,3,群益金鼎-西松,2023-01-03,9136
3169,亞信,3,0,3,群益金鼎-西松,2023-01-03,9136
3217,優群,3,0,3,群益金鼎-西松,2023-01-03,9136
2929,淘帝-KY,150,2,148,群益金鼎-西松,2023-01-04,9136
1701,中化,61,7,54,群益金鼎-西松,2023-01-04,9136
3592,瑞鼎,42,2,40,群益金鼎-西松,2023-01-04,9136
1519,華城,76,37,39,群益金鼎-西松,2023-01-04,9136
00712,復華富時不動產,30,0,30,群益金鼎-西松,2023-01-04,9136
00715L,期街口布蘭特正2,26,0,26,群益金鼎-西松,2023-01-04,9136
2609,陽明,29,4,25,群益金鼎-西松,2023-01-04,9136
00637L,元大滬深300正2,30,5,25,群益金鼎-西松,2023-01-04,9136
00700,富邦�琤肭磪�,24,0,24,群益金鼎-西松,2023-01-04,9136
1539,巨庭,22,0,22,群益金鼎-西松,2023-01-04,9136
2303,聯電,30,9,21,群益金鼎-西松,2023-01-04,9136
2409,友達,22,2,20,群益金鼎-西松,2023-01-04,9136
1795,美時,15,2,13,群益金鼎-西松,2023-01-04,9136
1760,寶齡富錦,12,0,12,群益金鼎-西松,2023-01-04,9136
1442,名軒,13,2,11,群益金鼎-西松,2023-01-04,9136
2328,廣宇,15,4,11,群益金鼎-西松,2023-01-04,9136
3380,明泰,13,2,11,群益金鼎-西松,2023-01-04,9136
1714,和桐,10,0,10,群益金鼎-西松,2023-01-04,9136
2014,中鴻,10,0,10,群益金鼎-西松,2023-01-04,9136
2312,金寶,10,0,10,群益金鼎-西松,2023-01-04,9136
8927,北基,10,0,10,群益金鼎-西松,2023-01-04,9136
6443,元晶,22,12,10,群益金鼎-西松,2023-01-04,9136
3162,精確,23,14,9,群益金鼎-西松,2023-01-04,9136
3518,柏騰,9,0,9,群益金鼎-西松,2023-01-04,9136
4167,松瑞藥,10,1,9,群益金鼎-西松,2023-01-04,9136
2317,鴻海,19,10,9,群益金鼎-西松,2023-01-04,9136
2368,金像電,8,0,8,群益金鼎-西松,2023-01-04,9136
3083,網龍,8,0,8,群益金鼎-西松,2023-01-04,9136
3712,永崴投控,14,6,8,群益金鼎-西松,2023-01-04,9136
00679B,元大美債20年,7,0,7,群益金鼎-西松,2023-01-04,9136
2605,新興,7,0,7,群益金鼎-西松,2023-01-04,9136
3232,昱捷,7,0,7,群益金鼎-西松,2023-01-04,9136
6233,旺玖,22,15,7,群益金鼎-西松,2023-01-04,9136
00710B,復華彭博非投等債,6,0,6,群益金鼎-西松,2023-01-04,9136
1536,和大,6,0,6,群益金鼎-西松,2023-01-04,9136
2243,宏旭-KY,6,0,6,群益金鼎-西松,2023-01-04,9136
2610,華航,6,0,6,群益金鼎-西松,2023-01-04,9136
00895,富邦未來車,5,0,5,群益金鼎-西松,2023-01-04,9136
9802,鈺齊-KY,5,0,5,群益金鼎-西松,2023-01-04,9136
2027,大成鋼,6,1,5,群益金鼎-西松,2023-01-04,9136
2345,智邦,8,3,5,群益金鼎-西松,2023-01-04,9136
00642U,期元大S＆P石油,5,0,5,群益金鼎-西松,2023-01-04,9136
3576,聯合再生,6,1,5,群益金鼎-西松,2023-01-04,9136
6133,金橋,5,0,5,群益金鼎-西松,2023-01-04,9136
9919,康那香,5,0,5,群益金鼎-西松,2023-01-04,9136
2603,長榮,8,4,4,群益金鼎-西松,2023-01-04,9136
2002,中鋼,6,2,4,群益金鼎-西松,2023-01-04,9136
2236,百達-KY,4,0,4,群益金鼎-西松,2023-01-04,9136
2704,國賓,4,0,4,群益金鼎-西松,2023-01-04,9136
3481,群創,12,8,4,群益金鼎-西松,2023-01-04,9136
6124,業強,1353,0,1353,群益金鼎-西松,2023-01-05,9136
6274,台燿,106,5,101,群益金鼎-西松,2023-01-05,9136
2929,淘帝-KY,94,2,92,群益金鼎-西松,2023-01-05,9136
00715L,期街口布蘭特正2,31,0,31,群益金鼎-西松,2023-01-05,9136
1519,華城,167,138,29,群益金鼎-西松,2023-01-05,9136
6643,M31,26,2,24,群益金鼎-西松,2023-01-05,9136
3162,精確,22,1,21,群益金鼎-西松,2023-01-05,9136
6719,力智,21,0,21,群益金鼎-西松,2023-01-05,9136
1714,和桐,20,0,20,群益金鼎-西松,2023-01-05,9136
6143,振曜,19,3,16,群益金鼎-西松,2023-01-05,9136
3013,晟銘電,16,0,16,群益金鼎-西松,2023-01-05,9136
2614,東森,20,5,15,群益金鼎-西松,2023-01-05,9136
4533,協易機,15,0,15,群益金鼎-西松,2023-01-05,9136
00641R,富邦日本反1,14,0,14,群益金鼎-西松,2023-01-05,9136
1565,精華,15,1,14,群益金鼎-西松,2023-01-05,9136
2034,允強,12,0,12,群益金鼎-西松,2023-01-05,9136
2603,長榮,13,2,11,群益金鼎-西松,2023-01-05,9136
2243,宏旭-KY,11,0,11,群益金鼎-西松,2023-01-05,9136
3704,合勤控,13,2,11,群益金鼎-西松,2023-01-05,9136
00642U,期元大S＆P石油,10,0,10,群益金鼎-西松,2023-01-05,9136
2617,台航,10,0,10,群益金鼎-西松,2023-01-05,9136
3149,正達,10,0,10,群益金鼎-西松,2023-01-05,9136
2317,鴻海,11,2,9,群益金鼎-西松,2023-01-05,9136
1101,台泥,13,4,9,群益金鼎-西松,2023-01-05,9136
2328,廣宇,9,1,8,群益金鼎-西松,2023-01-05,9136
1529,樂事綠能,9,2,7,群益金鼎-西松,2023-01-05,9136
2211,長榮鋼,9,2,7,群益金鼎-西松,2023-01-05,9136
2419,仲琦,29,22,7,群益金鼎-西松,2023-01-05,9136
2482,連宇,7,0,7,群益金鼎-西松,2023-01-05,9136
2642,宅配通,7,0,7,群益金鼎-西松,2023-01-05,9136
3033,威健,7,0,7,群益金鼎-西松,2023-01-05,9136
00632R,元大台灣50反1,6,0,6,群益金鼎-西松,2023-01-05,9136
2368,金像電,7,1,6,群益金鼎-西松,2023-01-05,9136
3083,網龍,7,1,6,群益金鼎-西松,2023-01-05,9136
9802,鈺齊-KY,12,7,5,群益金鼎-西松,2023-01-05,9136
3189,景碩,12,7,5,群益金鼎-西松,2023-01-05,9136
00728,第一金工業30,5,0,5,群益金鼎-西松,2023-01-05,9136
1454,台富,5,0,5,群益金鼎-西松,2023-01-05,9136
2401,凌陽,5,0,5,群益金鼎-西松,2023-01-05,9136
2915,潤泰全,5,0,5,群益金鼎-西松,2023-01-05,9136
3027,盛達,12,7,5,群益金鼎-西松,2023-01-05,9136
3038,全台,5,0,5,群益金鼎-西松,2023-01-05,9136
3051,力特,5,0,5,群益金鼎-西松,2023-01-05,9136
4977,眾達-KY,9,4,5,群益金鼎-西松,2023-01-05,9136
5905,南仁湖,5,0,5,群益金鼎-西松,2023-01-05,9136
6111,大宇資,6,1,5,群益金鼎-西松,2023-01-05,9136
6147,頎邦,5,0,5,群益金鼎-西松,2023-01-05,9136
2303,聯電,6,2,4,群益金鼎-西松,2023-01-05,9136
2753,八方雲集,5,1,4,群益金鼎-西松,2023-01-05,9136
3017,奇鋐,4,0,4,群益金鼎-西松,2023-01-05,9136
4763,材料-KY,65,6,59,群益金鼎-西松,2023-01-06,9136
3221,台嘉碩,50,0,50,群益金鼎-西松,2023-01-06,9136
3037,欣興,71,22,49,群益金鼎-西松,2023-01-06,9136
1519,華城,45,3,42,群益金鼎-西松,2023-01-06,9136
6111,大宇資,40,0,40,群益金鼎-西松,2023-01-06,9136
6782,視陽,33,0,33,群益金鼎-西松,2023-01-06,9136
00632R,元大台灣50反1,36,5,31,群益金鼎-西松,2023-01-06,9136
8069,元太,36,8,28,群益金鼎-西松,2023-01-06,9136
00753L,中信中國50正2,109,92,17,群益金鼎-西松,2023-01-06,9136
00902,中信電池及儲能,15,0,15,群益金鼎-西松,2023-01-06,9136
1714,和桐,15,0,15,群益金鼎-西松,2023-01-06,9136
1442,名軒,16,3,13,群益金鼎-西松,2023-01-06,9136
2614,東森,12,0,12,群益金鼎-西松,2023-01-06,9136
3035,智原,15,3,12,群益金鼎-西松,2023-01-06,9136
1101,台泥,11,0,11,群益金鼎-西松,2023-01-06,9136
4114,健喬,27,17,10,群益金鼎-西松,2023-01-06,9136
2034,允強,10,0,10,群益金鼎-西松,2023-01-06,9136
2889,國票金,10,0,10,群益金鼎-西松,2023-01-06,9136
1701,中化,10,1,9,群益金鼎-西松,2023-01-06,9136
2498,宏達電,37,28,9,群益金鼎-西松,2023-01-06,9136
9955,佳龍,22,13,9,群益金鼎-西松,2023-01-06,9136
6719,力智,9,0,9,群益金鼎-西松,2023-01-06,9136
1605,華新,51,43,8,群益金鼎-西松,2023-01-06,9136
1529,樂事綠能,7,0,7,群益金鼎-西松,2023-01-06,9136
1752,南光,21,15,6,群益金鼎-西松,2023-01-06,9136
2547,日勝生,5,0,5,群益金鼎-西松,2023-01-06,9136
2851,中再保,5,0,5,群益金鼎-西松,2023-01-06,9136
2915,潤泰全,5,0,5,群益金鼎-西松,2023-01-06,9136
4167,松瑞藥,9,4,5,群益金鼎-西松,2023-01-06,9136
5905,南仁湖,5,0,5,群益金鼎-西松,2023-01-06,9136
6679,鈺太,6,1,5,群益金鼎-西松,2023-01-06,9136
2317,鴻海,8,3,5,群益金鼎-西松,2023-01-06,9136
3704,合勤控,5,1,4,群益金鼎-西松,2023-01-06,9136
1565,精華,4,0,4,群益金鼎-西松,2023-01-06,9136
00641R,富邦日本反1,4,0,4,群益金鼎-西松,2023-01-06,9136
1618,合機,4,0,4,群益金鼎-西松,2023-01-06,9136
1785,光洋科,4,0,4,群益金鼎-西松,2023-01-06,9136
2636,台驊控股,4,0,4,群益金鼎-西松,2023-01-06,9136
4153,鈺緯,4,0,4,群益金鼎-西松,2023-01-06,9136
4168,醣聯,4,0,4,群益金鼎-西松,2023-01-06,9136
4958,臻鼎-KY,5,1,4,群益金鼎-西松,2023-01-06,9136
5353,台林,4,0,4,群益金鼎-西松,2023-01-06,9136
00878,國泰永續高股息,3,0,3,群益金鼎-西松,2023-01-06,9136
1471,首利,3,0,3,群益金鼎-西松,2023-01-06,9136
00720B,元大投資級公司債,3,0,3,群益金鼎-西松,2023-01-06,9136
2243,宏旭-KY,3,0,3,群益金鼎-西松,2023-01-06,9136
3017,奇鋐,3,0,3,群益金鼎-西松,2023-01-06,9136
3714,富采,14,11,3,群益金鼎-西松,2023-01-06,9136
1304,台聚,2,0,2,群益金鼎-西松,2023-01-06,9136
00701,國泰股利精選30,2,0,2,群益金鼎-西松,2023-01-06,9136
00632R,元大台灣50反1,140,0,140,群益金鼎-西松,2023-01-09,9136
00637L,元大滬深300正2,103,10,93,群益金鼎-西松,2023-01-09,9136
3592,瑞鼎,77,1,76,群益金鼎-西松,2023-01-09,9136
6274,台燿,53,3,50,群益金鼎-西松,2023-01-09,9136
2360,致茂,28,0,28,群益金鼎-西松,2023-01-09,9136
3624,光頡,29,1,28,群益金鼎-西松,2023-01-09,9136
8227,巨有科技,25,0,25,群益金鼎-西松,2023-01-09,9136
2610,華航,22,2,20,群益金鼎-西松,2023-01-09,9136
1301,台塑,20,0,20,群益金鼎-西松,2023-01-09,9136
00650L,復華香港正2,20,0,20,群益金鼎-西松,2023-01-09,9136
2515,中工,20,0,20,群益金鼎-西松,2023-01-09,9136
4162,智擎,22,2,20,群益金鼎-西松,2023-01-09,9136
6186,新潤,20,0,20,群益金鼎-西松,2023-01-09,9136
1519,華城,12,0,12,群益金鼎-西松,2023-01-09,9136
3481,群創,16,4,12,群益金鼎-西松,2023-01-09,9136
1504,東元,10,0,10,群益金鼎-西松,2023-01-09,9136
1342,八貫,10,0,10,群益金鼎-西松,2023-01-09,9136
00770,國泰北美科技,10,0,10,群益金鼎-西松,2023-01-09,9136
00655L,國泰中國A50正2,10,0,10,群益金鼎-西松,2023-01-09,9136
2380,虹光,10,0,10,群益金鼎-西松,2023-01-09,9136
2444,兆勁,10,0,10,群益金鼎-西松,2023-01-09,9136
2836,高雄銀,10,0,10,群益金鼎-西松,2023-01-09,9136
8105,凌巨,10,0,10,群益金鼎-西松,2023-01-09,9136
2916,滿心,10,0,10,群益金鼎-西松,2023-01-09,9136
00885,富邦越南,10,1,9,群益金鼎-西松,2023-01-09,9136
8086,宏捷科,21,12,9,群益金鼎-西松,2023-01-09,9136
6139,亞翔,11,4,7,群益金鼎-西松,2023-01-09,9136
1760,寶齡富錦,7,0,7,群益金鼎-西松,2023-01-09,9136
3498,陽程,6,0,6,群益金鼎-西松,2023-01-09,9136
5269,祥碩,7,1,6,群益金鼎-西松,2023-01-09,9136
6719,力智,8,2,6,群益金鼎-西松,2023-01-09,9136
2345,智邦,7,2,5,群益金鼎-西松,2023-01-09,9136
00642U,期元大S＆P石油,5,0,5,群益金鼎-西松,2023-01-09,9136
1536,和大,5,0,5,群益金鼎-西松,2023-01-09,9136
1539,巨庭,5,0,5,群益金鼎-西松,2023-01-09,9136
3035,智原,10,5,5,群益金鼎-西松,2023-01-09,9136
3455,由田,5,0,5,群益金鼎-西松,2023-01-09,9136
3518,柏騰,5,0,5,群益金鼎-西松,2023-01-09,9136
6129,普誠,25,20,5,群益金鼎-西松,2023-01-09,9136
6679,鈺太,5,0,5,群益金鼎-西松,2023-01-09,9136
3466,德晉,4,0,4,群益金鼎-西松,2023-01-09,9136
2419,仲琦,4,0,4,群益金鼎-西松,2023-01-09,9136
2851,中再保,4,0,4,群益金鼎-西松,2023-01-09,9136
3006,晶豪科,6,2,4,群益金鼎-西松,2023-01-09,9136
3501,維熹,4,0,4,群益金鼎-西松,2023-01-09,9136
6472,保瑞,4,0,4,群益金鼎-西松,2023-01-09,9136
8446,華研,4,0,4,群益金鼎-西松,2023-01-09,9136
2014,中鴻,10,7,3,群益金鼎-西松,2023-01-09,9136
2211,長榮鋼,3,0,3,群益金鼎-西松,2023-01-09,9136
2351,順德,3,0,3,群益金鼎-西松,2023-01-09,9136
6124,業強,1217,0,1217,群益金鼎-西松,2023-01-10,9136
2812,台中銀,130,1,129,群益金鼎-西松,2023-01-10,9136
1513,中興電,90,10,80,群益金鼎-西松,2023-01-10,9136
4763,材料-KY,79,6,73,群益金鼎-西松,2023-01-10,9136
00878,國泰永續高股息,71,11,60,群益金鼎-西松,2023-01-10,9136
6274,台燿,58,8,50,群益金鼎-西松,2023-01-10,9136
2377,微星,27,0,27,群益金鼎-西松,2023-01-10,9136
1605,華新,29,4,25,群益金鼎-西松,2023-01-10,9136
2867,三商壽,25,0,25,群益金鼎-西松,2023-01-10,9136
2034,允強,20,0,20,群益金鼎-西松,2023-01-10,9136
2836,高雄銀,20,0,20,群益金鼎-西松,2023-01-10,9136
2883,凱基金,20,1,19,群益金鼎-西松,2023-01-10,9136
6443,元晶,31,14,17,群益金鼎-西松,2023-01-10,9136
2834,臺企銀,15,4,11,群益金鼎-西松,2023-01-10,9136
1314,中石化,10,0,10,群益金鼎-西松,2023-01-10,9136
1529,樂事綠能,10,0,10,群益金鼎-西松,2023-01-10,9136
2027,大成鋼,21,11,10,群益金鼎-西松,2023-01-10,9136
2634,漢翔,10,0,10,群益金鼎-西松,2023-01-10,9136
2890,永豐金,10,0,10,群益金鼎-西松,2023-01-10,9136
5410,國眾,10,0,10,群益金鼎-西松,2023-01-10,9136
6472,保瑞,10,0,10,群益金鼎-西松,2023-01-10,9136
00852L,國泰美國道瓊正2,10,1,9,群益金鼎-西松,2023-01-10,9136
3189,景碩,19,10,9,群益金鼎-西松,2023-01-10,9136
4915,致伸,10,1,9,群益金鼎-西松,2023-01-10,9136
00885,富邦越南,7,0,7,群益金鼎-西松,2023-01-10,9136
3687,歐買尬,7,0,7,群益金鼎-西松,2023-01-10,9136
00830,國泰費城半導體,10,4,6,群益金鼎-西松,2023-01-10,9136
8016,矽創,6,0,6,群益金鼎-西松,2023-01-10,9136
00650L,復華香港正2,5,0,5,群益金鼎-西松,2023-01-10,9136
1336,台翰,5,0,5,群益金鼎-西松,2023-01-10,9136
1444,力麗,5,0,5,群益金鼎-西松,2023-01-10,9136
1609,大亞,5,0,5,群益金鼎-西松,2023-01-10,9136
1810,和成,5,0,5,群益金鼎-西松,2023-01-10,9136
2243,宏旭-KY,5,0,5,群益金鼎-西松,2023-01-10,9136
2317,鴻海,8,3,5,群益金鼎-西松,2023-01-10,9136
2538,基泰,5,0,5,群益金鼎-西松,2023-01-10,9136
3093,港建*,5,0,5,群益金鼎-西松,2023-01-10,9136
3162,精確,5,0,5,群益金鼎-西松,2023-01-10,9136
3163,波若威,13,8,5,群益金鼎-西松,2023-01-10,9136
3479,安勤,6,1,5,群益金鼎-西松,2023-01-10,9136
4167,松瑞藥,11,6,5,群益金鼎-西松,2023-01-10,9136
6148,驊宏資,5,0,5,群益金鼎-西松,2023-01-10,9136
6282,康舒,5,0,5,群益金鼎-西松,2023-01-10,9136
6741,91APP*-KY,11,6,5,群益金鼎-西松,2023-01-10,9136
8249,菱光,9,4,5,群益金鼎-西松,2023-01-10,9136
00647L,元大S＆P500正2,4,0,4,群益金鼎-西松,2023-01-10,9136
00670L,富邦NASDAQ正2,4,0,4,群益金鼎-西松,2023-01-10,9136
1736,喬山,4,0,4,群益金鼎-西松,2023-01-10,9136
2328,廣宇,4,0,4,群益金鼎-西松,2023-01-10,9136
3704,合勤控,6,2,4,群益金鼎-西松,2023-01-10,9136
5258,虹堡,149,22,127,群益金鼎-西松,2023-01-11,9136
2812,台中銀,100,0,100,群益金鼎-西松,2023-01-11,9136
2897,王道銀行,71,10,61,群益金鼎-西松,2023-01-11,9136
00753L,中信中國50正2,40,3,37,群益金鼎-西松,2023-01-11,9136
2618,長榮航,67,30,37,群益金鼎-西松,2023-01-11,9136
00665L,富邦�琤肭磪囓�2,50,20,30,群益金鼎-西松,2023-01-11,9136
2897A,王道銀甲特,30,0,30,群益金鼎-西松,2023-01-11,9136
0056,元大高股息,30,2,28,群益金鼎-西松,2023-01-11,9136
2457,飛宏,26,2,24,群益金鼎-西松,2023-01-11,9136
3588,通嘉,20,0,20,群益金鼎-西松,2023-01-11,9136
3163,波若威,15,1,14,群益金鼎-西松,2023-01-11,9136
2889,國票金,13,0,13,群益金鼎-西松,2023-01-11,9136
2883,凱基金,12,0,12,群益金鼎-西松,2023-01-11,9136
3380,明泰,22,10,12,群益金鼎-西松,2023-01-11,9136
6185,幃翔,13,1,12,群益金鼎-西松,2023-01-11,9136
6239,力成,35,23,12,群益金鼎-西松,2023-01-11,9136
1101,台泥,12,1,11,群益金鼎-西松,2023-01-11,9136
1584,精剛,24,13,11,群益金鼎-西松,2023-01-11,9136
6148,驊宏資,11,0,11,群益金鼎-西松,2023-01-11,9136
00632R,元大台灣50反1,30,20,10,群益金鼎-西松,2023-01-11,9136
3297,杭特,10,0,10,群益金鼎-西松,2023-01-11,9136
8105,凌巨,10,0,10,群益金鼎-西松,2023-01-11,9136
6719,力智,13,4,9,群益金鼎-西松,2023-01-11,9136
2243,宏旭-KY,8,0,8,群益金鼎-西松,2023-01-11,9136
6865,偉康科技,9,1,8,群益金鼎-西松,2023-01-11,9136
1701,中化,11,3,8,群益金鼎-西松,2023-01-11,9136
8046,南電,7,0,7,群益金鼎-西松,2023-01-11,9136
1442,名軒,23,16,7,群益金鼎-西松,2023-01-11,9136
4979,華星光,14,8,6,群益金鼎-西松,2023-01-11,9136
8942,森鉅,6,0,6,群益金鼎-西松,2023-01-11,9136
1217,愛之味,5,0,5,群益金鼎-西松,2023-01-11,9136
2412,中華電,10,5,5,群益金鼎-西松,2023-01-11,9136
3081,聯亞,5,0,5,群益金鼎-西松,2023-01-11,9136
3466,德晉,9,4,5,群益金鼎-西松,2023-01-11,9136
3665,貿聯-KY,5,0,5,群益金鼎-西松,2023-01-11,9136
3702,大聯大,5,0,5,群益金鼎-西松,2023-01-11,9136
4903,聯光通,5,0,5,群益金鼎-西松,2023-01-11,9136
6109,亞元,5,0,5,群益金鼎-西松,2023-01-11,9136
8033,雷虎,5,0,5,群益金鼎-西松,2023-01-11,9136
1305,華夏,4,0,4,群益金鼎-西松,2023-01-11,9136
2313,華通,11,7,4,群益金鼎-西松,2023-01-11,9136
2351,順德,7,3,4,群益金鼎-西松,2023-01-11,9136
2609,陽明,27,23,4,群益金鼎-西松,2023-01-11,9136
3518,柏騰,4,0,4,群益金鼎-西松,2023-01-11,9136
3687,歐買尬,4,0,4,群益金鼎-西松,2023-01-11,9136
4737,華廣,4,0,4,群益金鼎-西松,2023-01-11,9136
6472,保瑞,5,1,4,群益金鼎-西松,2023-01-11,9136
8446,華研,4,0,4,群益金鼎-西松,2023-01-11,9136
2834,臺企銀,4,0,4,群益金鼎-西松,2023-01-11,9136
00919,群益台灣精選高息,3,0,3,群益金鼎-西松,2023-01-11,9136
00773B,中信優先金融債,85,0,85,群益金鼎-西松,2023-01-12,9136
00753L,中信中國50正2,66,4,62,群益金鼎-西松,2023-01-12,9136
4119,旭富,50,0,50,群益金鼎-西松,2023-01-12,9136
3704,合勤控,49,8,41,群益金鼎-西松,2023-01-12,9136
00665L,富邦�琤肭磪囓�2,50,10,40,群益金鼎-西松,2023-01-12,9136
2444,兆勁,40,0,40,群益金鼎-西松,2023-01-12,9136
0056,元大高股息,41,5,36,群益金鼎-西松,2023-01-12,9136
00882,中信中國高股息,34,0,34,群益金鼎-西松,2023-01-12,9136
3037,欣興,34,1,33,群益金鼎-西松,2023-01-12,9136
00650L,復華香港正2,30,0,30,群益金鼎-西松,2023-01-12,9136
1714,和桐,24,0,24,群益金鼎-西松,2023-01-12,9136
5425,台半,22,0,22,群益金鼎-西松,2023-01-12,9136
00637L,元大滬深300正2,50,30,20,群益金鼎-西松,2023-01-12,9136
2618,長榮航,17,0,17,群益金鼎-西松,2023-01-12,9136
2880,華南金,17,0,17,群益金鼎-西松,2023-01-12,9136
5321,美而快,24,8,16,群益金鼎-西松,2023-01-12,9136
3481,群創,13,0,13,群益金鼎-西松,2023-01-12,9136
8255,朋程,17,5,12,群益金鼎-西松,2023-01-12,9136
8046,南電,15,4,11,群益金鼎-西松,2023-01-12,9136
3297,杭特,20,10,10,群益金鼎-西松,2023-01-12,9136
2409,友達,10,1,9,群益金鼎-西松,2023-01-12,9136
2609,陽明,12,4,8,群益金鼎-西松,2023-01-12,9136
6182,合晶,15,7,8,群益金鼎-西松,2023-01-12,9136
6719,力智,11,3,8,群益金鼎-西松,2023-01-12,9136
1605,華新,28,21,7,群益金鼎-西松,2023-01-12,9136
2243,宏旭-KY,7,0,7,群益金鼎-西松,2023-01-12,9136
2302,麗正,7,0,7,群益金鼎-西松,2023-01-12,9136
2892,第一金,7,0,7,群益金鼎-西松,2023-01-12,9136
4550,長佳,7,0,7,群益金鼎-西松,2023-01-12,9136
6741,91APP*-KY,8,1,7,群益金鼎-西松,2023-01-12,9136
1442,名軒,6,0,6,群益金鼎-西松,2023-01-12,9136
2542,興富發,6,0,6,群益金鼎-西松,2023-01-12,9136
2636,台驊控股,6,0,6,群益金鼎-西松,2023-01-12,9136
3707,漢磊,6,0,6,群益金鼎-西松,2023-01-12,9136
5281,大峽谷-KY,6,0,6,群益金鼎-西松,2023-01-12,9136
2603,長榮,5,0,5,群益金鼎-西松,2023-01-12,9136
1795,美時,19,14,5,群益金鼎-西松,2023-01-12,9136
8081,致新,5,0,5,群益金鼎-西松,2023-01-12,9136
8110,華東,5,0,5,群益金鼎-西松,2023-01-12,9136
1760,寶齡富錦,4,0,4,群益金鼎-西松,2023-01-12,9136
2380,虹光,4,0,4,群益金鼎-西松,2023-01-12,9136
0050,元大台灣50,5,1,4,群益金鼎-西松,2023-01-12,9136
2929,淘帝-KY,4,0,4,群益金鼎-西松,2023-01-12,9136
3163,波若威,9,5,4,群益金鼎-西松,2023-01-12,9136
3518,柏騰,6,2,4,群益金鼎-西松,2023-01-12,9136
6244,茂迪,5,1,4,群益金鼎-西松,2023-01-12,9136
5371,中光電,4,1,3,群益金鼎-西松,2023-01-12,9136
1432,大魯閣,3,0,3,群益金鼎-西松,2023-01-12,9136
00673R,期元大S＆P原油反1,3,0,3,群益金鼎-西松,2023-01-12,9136
1906,寶隆,3,0,3,群益金鼎-西松,2023-01-12,9136
00632R,元大台灣50反1,116,41,75,群益金鼎-西松,2023-01-13,9136
00665L,富邦�琤肭磪囓�2,50,0,50,群益金鼎-西松,2023-01-13,9136
00753L,中信中國50正2,50,30,20,群益金鼎-西松,2023-01-13,9136
3035,智原,21,3,18,群益金鼎-西松,2023-01-13,9136
00878,國泰永續高股息,26,10,16,群益金鼎-西松,2023-01-13,9136
1432,大魯閣,15,0,15,群益金鼎-西松,2023-01-13,9136
6488,環球晶,16,2,14,群益金鼎-西松,2023-01-13,9136
2498,宏達電,12,1,11,群益金鼎-西松,2023-01-13,9136
00673R,期元大S＆P原油反1,10,0,10,群益金鼎-西松,2023-01-13,9136
3701,大眾控,10,0,10,群益金鼎-西松,2023-01-13,9136
2916,滿心,9,0,9,群益金鼎-西松,2023-01-13,9136
4564,元翎,8,0,8,群益金鼎-西松,2023-01-13,9136
6782,視陽,8,0,8,群益金鼎-西松,2023-01-13,9136
2313,華通,7,0,7,群益金鼎-西松,2023-01-13,9136
2881,富邦金,7,0,7,群益金鼎-西松,2023-01-13,9136
6182,合晶,19,12,7,群益金鼎-西松,2023-01-13,9136
6443,元晶,13,6,7,群益金鼎-西松,2023-01-13,9136
1752,南光,7,1,6,群益金鼎-西松,2023-01-13,9136
5258,虹堡,7,1,6,群益金鼎-西松,2023-01-13,9136
1326,台化,5,0,5,群益金鼎-西松,2023-01-13,9136
1325,恆大,5,0,5,群益金鼎-西松,2023-01-13,9136
2332,友訊,5,0,5,群益金鼎-西松,2023-01-13,9136
3044,健鼎,5,0,5,群益金鼎-西松,2023-01-13,9136
3702,大聯大,5,0,5,群益金鼎-西松,2023-01-13,9136
6190,萬泰科,5,0,5,群益金鼎-西松,2023-01-13,9136
6691,洋基工程,5,0,5,群益金鼎-西松,2023-01-13,9136
8046,南電,43,38,5,群益金鼎-西松,2023-01-13,9136
2328,廣宇,5,1,4,群益金鼎-西松,2023-01-13,9136
2484,希華,4,0,4,群益金鼎-西松,2023-01-13,9136
2915,潤泰全,4,0,4,群益金鼎-西松,2023-01-13,9136
3105,穩懋,9,5,4,群益金鼎-西松,2023-01-13,9136
8081,致新,5,1,4,群益金鼎-西松,2023-01-13,9136
8442,威宏-KY,4,0,4,群益金鼎-西松,2023-01-13,9136
2454,聯發科,3,0,3,群益金鼎-西松,2023-01-13,9136
1316,上曜,3,0,3,群益金鼎-西松,2023-01-13,9136
00900,富邦特選高股息30,3,0,3,群益金鼎-西松,2023-01-13,9136
1460,宏遠,3,0,3,群益金鼎-西松,2023-01-13,9136
1795,美時,9,6,3,群益金鼎-西松,2023-01-13,9136
3518,柏騰,3,0,3,群益金鼎-西松,2023-01-13,9136
3704,合勤控,4,1,3,群益金鼎-西松,2023-01-13,9136
4977,眾達-KY,3,0,3,群益金鼎-西松,2023-01-13,9136
5347,世界,3,0,3,群益金鼎-西松,2023-01-13,9136
6139,亞翔,3,0,3,群益金鼎-西松,2023-01-13,9136
6274,台燿,4,1,3,群益金鼎-西松,2023-01-13,9136
8050,廣積,3,0,3,群益金鼎-西松,2023-01-13,9136
006208,富邦台50,2,0,2,群益金鼎-西松,2023-01-13,9136
3008,大立光,2,0,2,群益金鼎-西松,2023-01-13,9136
1227,佳格,2,0,2,群益金鼎-西松,2023-01-13,9136
1304,台聚,3,1,2,群益金鼎-西松,2023-01-13,9136
1301,台塑,2,0,2,群益金鼎-西松,2023-01-13,9136
2888,新光金,343,13,330,群益金鼎-西松,2023-01-16,9136
8091,翔名,150,4,146,群益金鼎-西松,2023-01-16,9136
2882,國泰金,101,0,101,群益金鼎-西松,2023-01-16,9136
2201,裕隆,95,3,92,群益金鼎-西松,2023-01-16,9136
00679B,元大美債20年,54,0,54,群益金鼎-西松,2023-01-16,9136
4119,旭富,50,0,50,群益金鼎-西松,2023-01-16,9136
2881,富邦金,51,16,35,群益金鼎-西松,2023-01-16,9136
6005,群益證,34,0,34,群益金鼎-西松,2023-01-16,9136
8050,廣積,32,0,32,群益金鼎-西松,2023-01-16,9136
00753L,中信中國50正2,58,36,22,群益金鼎-西松,2023-01-16,9136
00713,元大台灣高息低波,20,0,20,群益金鼎-西松,2023-01-16,9136
00665L,富邦�琤肭磪囓�2,60,40,20,群益金鼎-西松,2023-01-16,9136
2034,允強,20,0,20,群益金鼎-西松,2023-01-16,9136
6125,廣運,20,0,20,群益金鼎-西松,2023-01-16,9136
2317,鴻海,15,0,15,群益金鼎-西松,2023-01-16,9136
2412,中華電,15,0,15,群益金鼎-西松,2023-01-16,9136
2444,兆勁,15,1,14,群益金鼎-西松,2023-01-16,9136
6770,力積電,14,1,13,群益金鼎-西松,2023-01-16,9136
2027,大成鋼,11,0,11,群益金鼎-西松,2023-01-16,9136
00636,國泰中國A50,10,0,10,群益金鼎-西松,2023-01-16,9136
2618,長榮航,10,0,10,群益金鼎-西松,2023-01-16,9136
2911,麗嬰房,10,0,10,群益金鼎-西松,2023-01-16,9136
5410,國眾,10,0,10,群益金鼎-西松,2023-01-16,9136
6643,M31,11,1,10,群益金鼎-西松,2023-01-16,9136
8027,鈦昇,10,0,10,群益金鼎-西松,2023-01-16,9136
2303,聯電,15,5,10,群益金鼎-西松,2023-01-16,9136
00878,國泰永續高股息,9,0,9,群益金鼎-西松,2023-01-16,9136
1104,環泥,9,0,9,群益金鼎-西松,2023-01-16,9136
2636,台驊控股,18,10,8,群益金鼎-西松,2023-01-16,9136
2609,陽明,12,5,7,群益金鼎-西松,2023-01-16,9136
00632R,元大台灣50反1,27,20,7,群益金鼎-西松,2023-01-16,9136
3518,柏騰,7,0,7,群益金鼎-西松,2023-01-16,9136
6026,福邦證,7,0,7,群益金鼎-西松,2023-01-16,9136
2368,金像電,6,0,6,群益金鼎-西松,2023-01-16,9136
3035,智原,6,1,5,群益金鼎-西松,2023-01-16,9136
00635U,期元大S＆P黃金,5,0,5,群益金鼎-西松,2023-01-16,9136
1605,華新,5,0,5,群益金鼎-西松,2023-01-16,9136
2371,大同,5,0,5,群益金鼎-西松,2023-01-16,9136
4763,材料-KY,12,7,5,群益金鼎-西松,2023-01-16,9136
5608,四維航,5,0,5,群益金鼎-西松,2023-01-16,9136
6589,台康生技,8,3,5,群益金鼎-西松,2023-01-16,9136
6719,力智,5,0,5,群益金鼎-西松,2023-01-16,9136
8046,南電,8,3,5,群益金鼎-西松,2023-01-16,9136
8358,金居,10,5,5,群益金鼎-西松,2023-01-16,9136
9938,百和,5,0,5,群益金鼎-西松,2023-01-16,9136
00882,中信中國高股息,5,0,5,群益金鼎-西松,2023-01-16,9136
6691,洋基工程,4,0,4,群益金鼎-西松,2023-01-16,9136
006208,富邦台50,4,0,4,群益金鼎-西松,2023-01-16,9136
1256,鮮活果汁-KY,3,0,3,群益金鼎-西松,2023-01-16,9136
00773B,中信優先金融債,3,0,3,群益金鼎-西松,2023-01-16,9136
2618,長榮航,511,1,510,群益金鼎-西松,2023-01-17,9136
00679B,元大美債20年,102,0,102,群益金鼎-西松,2023-01-17,9136
00881,國泰台灣5G+,86,2,84,群益金鼎-西松,2023-01-17,9136
2377,微星,70,0,70,群益金鼎-西松,2023-01-17,9136
2884,玉山金,62,0,62,群益金鼎-西松,2023-01-17,9136
1513,中興電,87,30,57,群益金鼎-西松,2023-01-17,9136
00665L,富邦�琤肭磪囓�2,64,20,44,群益金鼎-西松,2023-01-17,9136
00753L,中信中國50正2,53,20,33,群益金鼎-西松,2023-01-17,9136
00878,國泰永續高股息,23,0,23,群益金鼎-西松,2023-01-17,9136
0056,元大高股息,22,0,22,群益金鼎-西松,2023-01-17,9136
2412,中華電,21,0,21,群益金鼎-西松,2023-01-17,9136
4743,合一,21,1,20,群益金鼎-西松,2023-01-17,9136
00638R,元大滬深300反1,18,0,18,群益金鼎-西松,2023-01-17,9136
3481,群創,17,0,17,群益金鼎-西松,2023-01-17,9136
6005,群益證,16,0,16,群益金鼎-西松,2023-01-17,9136
2409,友達,15,2,13,群益金鼎-西松,2023-01-17,9136
2609,陽明,20,8,12,群益金鼎-西松,2023-01-17,9136
1104,環泥,11,0,11,群益金鼎-西松,2023-01-17,9136
00891,中信關鍵半導體,11,0,11,群益金鼎-西松,2023-01-17,9136
00882,中信中國高股息,11,0,11,群益金鼎-西松,2023-01-17,9136
2356,英業達,11,0,11,群益金鼎-西松,2023-01-17,9136
00901,永豐智能車供應鏈,10,0,10,群益金鼎-西松,2023-01-17,9136
00896,中信綠能及電動車,10,0,10,群益金鼎-西松,2023-01-17,9136
5321,美而快,20,10,10,群益金鼎-西松,2023-01-17,9136
1504,東元,10,0,10,群益金鼎-西松,2023-01-17,9136
2317,鴻海,8,0,8,群益金鼎-西松,2023-01-17,9136
3162,精確,8,0,8,群益金鼎-西松,2023-01-17,9136
8049,晶采,8,0,8,群益金鼎-西松,2023-01-17,9136
3037,欣興,12,4,8,群益金鼎-西松,2023-01-17,9136
006208,富邦台50,9,2,7,群益金鼎-西松,2023-01-17,9136
2614,東森,7,0,7,群益金鼎-西松,2023-01-17,9136
4737,華廣,7,0,7,群益金鼎-西松,2023-01-17,9136
6237,驊訊,7,0,7,群益金鼎-西松,2023-01-17,9136
1108,幸福,5,0,5,群益金鼎-西松,2023-01-17,9136
1231,聯華食,5,0,5,群益金鼎-西松,2023-01-17,9136
00633L,富邦上証正2,5,0,5,群益金鼎-西松,2023-01-17,9136
1712,興農,5,0,5,群益金鼎-西松,2023-01-17,9136
2002,中鋼,5,0,5,群益金鼎-西松,2023-01-17,9136
2313,華通,5,0,5,群益金鼎-西松,2023-01-17,9136
2455,全新,8,3,5,群益金鼎-西松,2023-01-17,9136
2891,中信金,5,0,5,群益金鼎-西松,2023-01-17,9136
3508,位速,5,0,5,群益金鼎-西松,2023-01-17,9136
4564,元翎,5,0,5,群益金鼎-西松,2023-01-17,9136
5263,智崴,5,0,5,群益金鼎-西松,2023-01-17,9136
5469,瀚宇博,5,0,5,群益金鼎-西松,2023-01-17,9136
6182,合晶,5,0,5,群益金鼎-西松,2023-01-17,9136
1529,樂事綠能,6,2,4,群益金鼎-西松,2023-01-17,9136
2897,王道銀行,4,0,4,群益金鼎-西松,2023-01-17,9136
3587,閎康,4,0,4,群益金鼎-西松,2023-01-17,9136
8171,天宇,7,3,4,群益金鼎-西松,2023-01-17,9136
2354,鴻準,121,12,109,群益金鼎-西松,2023-01-30,9136
3624,光頡,101,1,100,群益金鼎-西松,2023-01-30,9136
1605,華新,296,215,81,群益金鼎-西松,2023-01-30,9136
2392,正崴,65,0,65,群益金鼎-西松,2023-01-30,9136
00773B,中信優先金融債,57,0,57,群益金鼎-西松,2023-01-30,9136
2897,王道銀行,50,0,50,群益金鼎-西松,2023-01-30,9136
3221,台嘉碩,50,0,50,群益金鼎-西松,2023-01-30,9136
2317,鴻海,39,2,37,群益金鼎-西松,2023-01-30,9136
4162,智擎,40,11,29,群益金鼎-西松,2023-01-30,9136
00655L,國泰中國A50正2,20,0,20,群益金鼎-西松,2023-01-30,9136
00637L,元大滬深300正2,67,50,17,群益金鼎-西松,2023-01-30,9136
2014,中鴻,24,9,15,群益金鼎-西松,2023-01-30,9136
1519,華城,16,3,13,群益金鼎-西松,2023-01-30,9136
3231,緯創,16,4,12,群益金鼎-西松,2023-01-30,9136
4746,台耀,13,1,12,群益金鼎-西松,2023-01-30,9136
2412,中華電,11,0,11,群益金鼎-西松,2023-01-30,9136
2344,華邦電,20,9,11,群益金鼎-西松,2023-01-30,9136
3027,盛達,15,4,11,群益金鼎-西松,2023-01-30,9136
6189,豐藝,10,0,10,群益金鼎-西松,2023-01-30,9136
00909,國泰數位支付服務,10,0,10,群益金鼎-西松,2023-01-30,9136
1229,聯華,10,0,10,群益金鼎-西松,2023-01-30,9136
1313,聯成,12,2,10,群益金鼎-西松,2023-01-30,9136
2301,光寶科,10,0,10,群益金鼎-西松,2023-01-30,9136
2905,三商,10,0,10,群益金鼎-西松,2023-01-30,9136
5309,系統電,10,0,10,群益金鼎-西松,2023-01-30,9136
5475,德宏,10,0,10,群益金鼎-西松,2023-01-30,9136
6164,華興,10,0,10,群益金鼎-西松,2023-01-30,9136
8016,矽創,11,1,10,群益金鼎-西松,2023-01-30,9136
3346,麗清,10,2,8,群益金鼎-西松,2023-01-30,9136
4968,立積,9,1,8,群益金鼎-西松,2023-01-30,9136
6180,橘子,14,6,8,群益金鼎-西松,2023-01-30,9136
3034,聯詠,8,0,8,群益金鼎-西松,2023-01-30,9136
2031,新光鋼,8,1,7,群益金鼎-西松,2023-01-30,9136
3010,華立,7,0,7,群益金鼎-西松,2023-01-30,9136
3178,公準,7,0,7,群益金鼎-西松,2023-01-30,9136
3265,台星科,7,0,7,群益金鼎-西松,2023-01-30,9136
5263,智崴,7,0,7,群益金鼎-西松,2023-01-30,9136
6150,撼訊,11,4,7,群益金鼎-西松,2023-01-30,9136
6788,華景電,12,5,7,群益金鼎-西松,2023-01-30,9136
9938,百和,10,3,7,群益金鼎-西松,2023-01-30,9136
1104,環泥,6,0,6,群益金鼎-西松,2023-01-30,9136
2380,虹光,6,0,6,群益金鼎-西松,2023-01-30,9136
2458,義隆,6,0,6,群益金鼎-西松,2023-01-30,9136
3189,景碩,10,4,6,群益金鼎-西松,2023-01-30,9136
6139,亞翔,6,0,6,群益金鼎-西松,2023-01-30,9136
6689,伊雲谷,6,0,6,群益金鼎-西松,2023-01-30,9136
1560,中砂,6,1,5,群益金鼎-西松,2023-01-30,9136
2312,金寶,5,0,5,群益金鼎-西松,2023-01-30,9136
3617,碩天,5,0,5,群益金鼎-西松,2023-01-30,9136
4915,致伸,6,1,5,群益金鼎-西松,2023-01-30,9136
2204,中華,340,1,339,群益金鼎-西松,2023-01-31,9136
5309,系統電,184,8,176,群益金鼎-西松,2023-01-31,9136
00878,國泰永續高股息,146,12,134,群益金鼎-西松,2023-01-31,9136
1513,中興電,179,59,120,群益金鼎-西松,2023-01-31,9136
2885,元大金,102,0,102,群益金鼎-西松,2023-01-31,9136
3027,盛達,88,17,71,群益金鼎-西松,2023-01-31,9136
00665L,富邦�琤肭磪囓�2,70,0,70,群益金鼎-西松,2023-01-31,9136
00753L,中信中國50正2,62,0,62,群益金鼎-西松,2023-01-31,9136
2888,新光金,84,22,62,群益金鼎-西松,2023-01-31,9136
6005,群益證,60,0,60,群益金鼎-西松,2023-01-31,9136
2371,大同,50,0,50,群益金鼎-西松,2023-01-31,9136
3221,台嘉碩,50,0,50,群益金鼎-西松,2023-01-31,9136
6770,力積電,55,10,45,群益金鼎-西松,2023-01-31,9136
00903,富邦元宇宙,40,0,40,群益金鼎-西松,2023-01-31,9136
00905,FT臺灣Smart,39,0,39,群益金鼎-西松,2023-01-31,9136
3711,日月光投控,51,16,35,群益金鼎-西松,2023-01-31,9136
1308,亞聚,32,0,32,群益金鼎-西松,2023-01-31,9136
00679B,元大美債20年,29,0,29,群益金鼎-西松,2023-01-31,9136
4171,瑞基,23,0,23,群益金鼎-西松,2023-01-31,9136
2328,廣宇,34,12,22,群益金鼎-西松,2023-01-31,9136
2344,華邦電,24,4,20,群益金鼎-西松,2023-01-31,9136
3264,欣銓,20,1,19,群益金鼎-西松,2023-01-31,9136
2201,裕隆,47,28,19,群益金鼎-西松,2023-01-31,9136
1524,耿鼎,15,0,15,群益金鼎-西松,2023-01-31,9136
2392,正崴,25,10,15,群益金鼎-西松,2023-01-31,9136
4763,材料-KY,27,12,15,群益金鼎-西松,2023-01-31,9136
8050,廣積,15,0,15,群益金鼎-西松,2023-01-31,9136
2618,長榮航,23,9,14,群益金鼎-西松,2023-01-31,9136
4960,誠美材,14,0,14,群益金鼎-西松,2023-01-31,9136
00772B,中信高評級公司債,13,0,13,群益金鼎-西松,2023-01-31,9136
6186,新潤,15,2,13,群益金鼎-西松,2023-01-31,9136
2014,中鴻,12,0,12,群益金鼎-西松,2023-01-31,9136
3013,晟銘電,12,0,12,群益金鼎-西松,2023-01-31,9136
5009,榮剛,11,0,11,群益金鼎-西松,2023-01-31,9136
8046,南電,20,9,11,群益金鼎-西松,2023-01-31,9136
2406,國碩,10,0,10,群益金鼎-西松,2023-01-31,9136
2412,中華電,13,3,10,群益金鼎-西松,2023-01-31,9136
00664R,國泰臺灣加權反1,10,0,10,群益金鼎-西松,2023-01-31,9136
00632R,元大台灣50反1,110,100,10,群益金鼎-西松,2023-01-31,9136
00637L,元大滬深300正2,10,0,10,群益金鼎-西松,2023-01-31,9136
00636,國泰中國A50,10,0,10,群益金鼎-西松,2023-01-31,9136
2441,超豐,10,0,10,群益金鼎-西松,2023-01-31,9136
3265,台星科,10,0,10,群益金鼎-西松,2023-01-31,9136
3714,富采,13,3,10,群益金鼎-西松,2023-01-31,9136
5351,鈺創,11,1,10,群益金鼎-西松,2023-01-31,9136
8038,長園科,10,0,10,群益金鼎-西松,2023-01-31,9136
2890,永豐金,9,0,9,群益金鼎-西松,2023-01-31,9136
8476,台境*,9,0,9,群益金鼎-西松,2023-01-31,9136
2303,聯電,144,136,8,群益金鼎-西松,2023-01-31,9136
6104,創惟,8,1,7,群益金鼎-西松,2023-01-31,9136
6161,捷波,100,0,100,群益金鼎-西松,2023-02-01,9136
00665L,富邦�琤肭磪囓�2,100,30,70,群益金鼎-西松,2023-02-01,9136
5009,榮剛,86,17,69,群益金鼎-西松,2023-02-01,9136
5309,系統電,67,5,62,群益金鼎-西松,2023-02-01,9136
00753L,中信中國50正2,81,25,56,群益金鼎-西松,2023-02-01,9136
2881,富邦金,56,0,56,群益金鼎-西松,2023-02-01,9136
0056,元大高股息,56,1,55,群益金鼎-西松,2023-02-01,9136
2409,友達,74,20,54,群益金鼎-西松,2023-02-01,9136
3481,群創,37,1,36,群益金鼎-西松,2023-02-01,9136
1609,大亞,43,13,30,群益金鼎-西松,2023-02-01,9136
2392,正崴,33,5,28,群益金鼎-西松,2023-02-01,9136
2204,中華,27,4,23,群益金鼎-西松,2023-02-01,9136
6104,創惟,24,1,23,群益金鼎-西松,2023-02-01,9136
6770,力積電,30,8,22,群益金鼎-西松,2023-02-01,9136
00905,FT臺灣Smart,20,0,20,群益金鼎-西松,2023-02-01,9136
00655L,國泰中國A50正2,20,0,20,群益金鼎-西松,2023-02-01,9136
6443,元晶,33,14,19,群益金鼎-西松,2023-02-01,9136
6285,啟��,16,0,16,群益金鼎-西松,2023-02-01,9136
00648R,元大S＆P500反1,15,0,15,群益金鼎-西松,2023-02-01,9136
1432,大魯閣,15,0,15,群益金鼎-西松,2023-02-01,9136
2634,漢翔,20,5,15,群益金鼎-西松,2023-02-01,9136
8222,寶一,12,0,12,群益金鼎-西松,2023-02-01,9136
1301,台塑,11,0,11,群益金鼎-西松,2023-02-01,9136
00878,國泰永續高股息,20,10,10,群益金鼎-西松,2023-02-01,9136
2353,宏��,10,0,10,群益金鼎-西松,2023-02-01,9136
3712,永崴投控,10,0,10,群益金鼎-西松,2023-02-01,9136
4906,正文,10,0,10,群益金鼎-西松,2023-02-01,9136
6282,康舒,15,5,10,群益金鼎-西松,2023-02-01,9136
8044,網家,12,2,10,群益金鼎-西松,2023-02-01,9136
00885,富邦越南,10,0,10,群益金鼎-西松,2023-02-01,9136
3624,光頡,13,4,9,群益金鼎-西松,2023-02-01,9136
6550,北極星藥業-KY,8,0,8,群益金鼎-西松,2023-02-01,9136
1810,和成,14,6,8,群益金鼎-西松,2023-02-01,9136
2009,第一銅,23,15,8,群益金鼎-西松,2023-02-01,9136
2883,凱基金,7,0,7,群益金鼎-西松,2023-02-01,9136
8050,廣積,7,0,7,群益金鼎-西松,2023-02-01,9136
1108,幸福,6,0,6,群益金鼎-西松,2023-02-01,9136
2929,淘帝-KY,16,10,6,群益金鼎-西松,2023-02-01,9136
4979,華星光,18,12,6,群益金鼎-西松,2023-02-01,9136
8261,富鼎,7,1,6,群益金鼎-西松,2023-02-01,9136
00637L,元大滬深300正2,6,1,5,群益金鼎-西松,2023-02-01,9136
3515,華擎,5,0,5,群益金鼎-西松,2023-02-01,9136
4148,全宇生技-KY,5,0,5,群益金鼎-西松,2023-02-01,9136
5351,鈺創,6,1,5,群益金鼎-西松,2023-02-01,9136
6118,建達,5,0,5,群益金鼎-西松,2023-02-01,9136
6164,華興,5,0,5,群益金鼎-西松,2023-02-01,9136
6679,鈺太,10,5,5,群益金鼎-西松,2023-02-01,9136
9938,百和,5,0,5,群益金鼎-西松,2023-02-01,9136
2888,新光金,10,5,5,群益金鼎-西松,2023-02-01,9136
2603,長榮,6,2,4,群益金鼎-西松,2023-02-01,9136
5425,台半,204,17,187,群益金鼎-西松,2023-02-02,9136
6282,康舒,175,21,154,群益金鼎-西松,2023-02-02,9136
00632R,元大台灣50反1,169,25,144,群益金鼎-西松,2023-02-02,9136
2392,正崴,101,7,94,群益金鼎-西松,2023-02-02,9136
6161,捷波,65,0,65,群益金鼎-西松,2023-02-02,9136
00637L,元大滬深300正2,58,0,58,群益金鼎-西松,2023-02-02,9136
9105,泰金寶-DR,40,0,40,群益金鼎-西松,2023-02-02,9136
3576,聯合再生,35,5,30,群益金鼎-西松,2023-02-02,9136
00720B,元大投資級公司債,28,0,28,群益金鼎-西松,2023-02-02,9136
2328,廣宇,30,5,25,群益金鼎-西松,2023-02-02,9136
2618,長榮航,39,16,23,群益金鼎-西松,2023-02-02,9136
2317,鴻海,30,7,23,群益金鼎-西松,2023-02-02,9136
2363,矽統,67,44,23,群益金鼎-西松,2023-02-02,9136
00885,富邦越南,41,20,21,群益金鼎-西松,2023-02-02,9136
00655L,國泰中國A50正2,20,0,20,群益金鼎-西松,2023-02-02,9136
00679B,元大美債20年,20,0,20,群益金鼎-西松,2023-02-02,9136
8069,元太,48,28,20,群益金鼎-西松,2023-02-02,9136
1810,和成,27,8,19,群益金鼎-西松,2023-02-02,9136
3037,欣興,56,38,18,群益金鼎-西松,2023-02-02,9136
4162,智擎,21,3,18,群益金鼎-西松,2023-02-02,9136
2377,微星,17,0,17,群益金鼎-西松,2023-02-02,9136
2413,環科,16,0,16,群益金鼎-西松,2023-02-02,9136
2059,川湖,16,1,15,群益金鼎-西松,2023-02-02,9136
00680L,元大美債20正2,14,0,14,群益金鼎-西松,2023-02-02,9136
6527,明達醫,14,0,14,群益金鼎-西松,2023-02-02,9136
2891,中信金,13,0,13,群益金鼎-西松,2023-02-02,9136
00712,復華富時不動產,12,1,11,群益金鼎-西松,2023-02-02,9136
2329,華泰,11,0,11,群益金鼎-西松,2023-02-02,9136
2883,凱基金,16,5,11,群益金鼎-西松,2023-02-02,9136
6188,廣明,12,1,11,群益金鼎-西松,2023-02-02,9136
6719,力智,11,0,11,群益金鼎-西松,2023-02-02,9136
8358,金居,22,11,11,群益金鼎-西松,2023-02-02,9136
2444,兆勁,10,0,10,群益金鼎-西松,2023-02-02,9136
5475,德宏,10,0,10,群益金鼎-西松,2023-02-02,9136
8050,廣積,10,0,10,群益金鼎-西松,2023-02-02,9136
2204,中華,9,0,9,群益金鼎-西松,2023-02-02,9136
3019,亞光,12,3,9,群益金鼎-西松,2023-02-02,9136
3443,創意,11,2,9,群益金鼎-西松,2023-02-02,9136
6129,普誠,19,10,9,群益金鼎-西松,2023-02-02,9136
2614,東森,8,0,8,群益金鼎-西松,2023-02-02,9136
6173,信昌電,8,0,8,群益金鼎-西松,2023-02-02,9136
8088,品安,8,0,8,群益金鼎-西松,2023-02-02,9136
2014,中鴻,7,0,7,群益金鼎-西松,2023-02-02,9136
2201,裕隆,22,15,7,群益金鼎-西松,2023-02-02,9136
2497,怡利電,13,6,7,群益金鼎-西松,2023-02-02,9136
2812,台中銀,7,0,7,群益金鼎-西松,2023-02-02,9136
5351,鈺創,16,9,7,群益金鼎-西松,2023-02-02,9136
8070,長華*,7,0,7,群益金鼎-西松,2023-02-02,9136
1609,大亞,15,8,7,群益金鼎-西松,2023-02-02,9136
2481,強茂,6,0,6,群益金鼎-西松,2023-02-02,9136
4919,新唐,305,13,292,群益金鼎-西松,2023-02-03,9136
9802,鈺齊-KY,100,0,100,群益金鼎-西松,2023-02-03,9136
00753L,中信中國50正2,123,52,71,群益金鼎-西松,2023-02-03,9136
00665L,富邦�琤肭磪囓�2,121,61,60,群益金鼎-西松,2023-02-03,9136
8454,富邦媒,52,0,52,群益金鼎-西松,2023-02-03,9136
2610,華航,46,11,35,群益金鼎-西松,2023-02-03,9136
6161,捷波,34,0,34,群益金鼎-西松,2023-02-03,9136
2303,聯電,71,38,33,群益金鼎-西松,2023-02-03,9136
00637L,元大滬深300正2,33,0,33,群益金鼎-西松,2023-02-03,9136
6142,友勁,30,0,30,群益金鼎-西松,2023-02-03,9136
9105,泰金寶-DR,29,0,29,群益金鼎-西松,2023-02-03,9136
5351,鈺創,36,9,27,群益金鼎-西松,2023-02-03,9136
00918,大華優利高填息30,26,0,26,群益金鼎-西松,2023-02-03,9136
6104,創惟,83,58,25,群益金鼎-西松,2023-02-03,9136
2498,宏達電,58,33,25,群益金鼎-西松,2023-02-03,9136
3037,欣興,48,24,24,群益金鼎-西松,2023-02-03,9136
3035,智原,42,19,23,群益金鼎-西松,2023-02-03,9136
2603,長榮,26,6,20,群益金鼎-西松,2023-02-03,9136
2392,正崴,20,0,20,群益金鼎-西松,2023-02-03,9136
6527,明達醫,20,0,20,群益金鼎-西松,2023-02-03,9136
8105,凌巨,21,2,19,群益金鼎-西松,2023-02-03,9136
6643,M31,20,3,17,群益金鼎-西松,2023-02-03,9136
3653,健策,16,0,16,群益金鼎-西松,2023-02-03,9136
3027,盛達,40,25,15,群益金鼎-西松,2023-02-03,9136
3265,台星科,15,0,15,群益金鼎-西松,2023-02-03,9136
6443,元晶,13,0,13,群益金鼎-西松,2023-02-03,9136
00882,中信中國高股息,12,0,12,群益金鼎-西松,2023-02-03,9136
6129,普誠,15,3,12,群益金鼎-西松,2023-02-03,9136
9945,潤泰新,12,0,12,群益金鼎-西松,2023-02-03,9136
2344,華邦電,13,2,11,群益金鼎-西松,2023-02-03,9136
2409,友達,11,0,11,群益金鼎-西松,2023-02-03,9136
3362,先進光,14,3,11,群益金鼎-西松,2023-02-03,9136
3041,揚智,11,0,11,群益金鼎-西松,2023-02-03,9136
2353,宏��,10,0,10,群益金鼎-西松,2023-02-03,9136
6414,樺漢,10,0,10,群益金鼎-西松,2023-02-03,9136
2634,漢翔,12,2,10,群益金鼎-西松,2023-02-03,9136
1809,中釉,10,0,10,群益金鼎-西松,2023-02-03,9136
2801,彰銀,10,0,10,群益金鼎-西松,2023-02-03,9136
3558,神準,14,4,10,群益金鼎-西松,2023-02-03,9136
3630,新鉅科,10,0,10,群益金鼎-西松,2023-02-03,9136
00720B,元大投資級公司債,9,0,9,群益金鼎-西松,2023-02-03,9136
6770,力積電,8,0,8,群益金鼎-西松,2023-02-03,9136
00878,國泰永續高股息,15,7,8,群益金鼎-西松,2023-02-03,9136
00633L,富邦上証正2,8,0,8,群益金鼎-西松,2023-02-03,9136
2615,萬海,23,15,8,群益金鼎-西松,2023-02-03,9136
4746,台耀,8,0,8,群益金鼎-西松,2023-02-03,9136
5215,科嘉-KY,8,0,8,群益金鼎-西松,2023-02-03,9136
1524,耿鼎,12,5,7,群益金鼎-西松,2023-02-03,9136
2609,陽明,27,20,7,群益金鼎-西松,2023-02-03,9136
2881,富邦金,7,0,7,群益金鼎-西松,2023-02-03,9136
00878,國泰永續高股息,148,2,146,群益金鼎-西松,2023-02-06,9136
00753L,中信中國50正2,129,26,103,群益金鼎-西松,2023-02-06,9136
00665L,富邦�琤肭磪囓�2,120,20,100,群益金鼎-西松,2023-02-06,9136
2330,台積電,100,1,99,群益金鼎-西松,2023-02-06,9136
2317,鴻海,75,13,62,群益金鼎-西松,2023-02-06,9136
4763,材料-KY,66,5,61,群益金鼎-西松,2023-02-06,9136
1305,華夏,54,1,53,群益金鼎-西松,2023-02-06,9136
8171,天宇,50,0,50,群益金鼎-西松,2023-02-06,9136
3017,奇鋐,42,2,40,群益金鼎-西松,2023-02-06,9136
2347,聯強,30,3,27,群益金鼎-西松,2023-02-06,9136
2014,中鴻,28,2,26,群益金鼎-西松,2023-02-06,9136
00713,元大台灣高息低波,26,0,26,群益金鼎-西松,2023-02-06,9136
2929,淘帝-KY,25,0,25,群益金鼎-西松,2023-02-06,9136
2883,凱基金,21,0,21,群益金鼎-西松,2023-02-06,9136
3710,連展投控,20,0,20,群益金鼎-西松,2023-02-06,9136
2344,華邦電,25,5,20,群益金鼎-西松,2023-02-06,9136
6257,矽格,20,1,19,群益金鼎-西松,2023-02-06,9136
00637L,元大滬深300正2,16,0,16,群益金鼎-西松,2023-02-06,9136
2303,聯電,17,2,15,群益金鼎-西松,2023-02-06,9136
2368,金像電,23,8,15,群益金鼎-西松,2023-02-06,9136
1304,台聚,13,1,12,群益金鼎-西松,2023-02-06,9136
00882,中信中國高股息,12,0,12,群益金鼎-西松,2023-02-06,9136
1584,精剛,27,16,11,群益金鼎-西松,2023-02-06,9136
5351,鈺創,17,6,11,群益金鼎-西松,2023-02-06,9136
3207,耀勝,15,5,10,群益金鼎-西松,2023-02-06,9136
6182,合晶,10,0,10,群益金鼎-西松,2023-02-06,9136
9802,鈺齊-KY,10,0,10,群益金鼎-西松,2023-02-06,9136
00633L,富邦上証正2,9,0,9,群益金鼎-西松,2023-02-06,9136
2614,東森,9,0,9,群益金鼎-西松,2023-02-06,9136
0056,元大高股息,8,0,8,群益金鼎-西松,2023-02-06,9136
3260,威剛,10,2,8,群益金鼎-西松,2023-02-06,9136
3558,神準,19,11,8,群益金鼎-西松,2023-02-06,9136
8454,富邦媒,8,0,8,群益金鼎-西松,2023-02-06,9136
00642U,期元大S＆P石油,7,0,7,群益金鼎-西松,2023-02-06,9136
1783,和康生,12,5,7,群益金鼎-西松,2023-02-06,9136
2313,華通,7,0,7,群益金鼎-西松,2023-02-06,9136
3545,敦泰,10,3,7,群益金鼎-西松,2023-02-06,9136
8046,南電,9,3,6,群益金鼎-西松,2023-02-06,9136
1795,美時,32,26,6,群益金鼎-西松,2023-02-06,9136
2383,台光電,6,0,6,群益金鼎-西松,2023-02-06,9136
2419,仲琦,6,0,6,群益金鼎-西松,2023-02-06,9136
3703,欣陸,6,0,6,群益金鼎-西松,2023-02-06,9136
4979,華星光,12,6,6,群益金鼎-西松,2023-02-06,9136
3443,創意,12,7,5,群益金鼎-西松,2023-02-06,9136
00650L,復華香港正2,5,0,5,群益金鼎-西松,2023-02-06,9136
1476,儒鴻,5,0,5,群益金鼎-西松,2023-02-06,9136
2812,台中銀,5,0,5,群益金鼎-西松,2023-02-06,9136
4162,智擎,12,7,5,群益金鼎-西松,2023-02-06,9136
5425,台半,8,3,5,群益金鼎-西松,2023-02-06,9136
6245,立端,12,7,5,群益金鼎-西松,2023-02-06,9136
2303,聯電,87,9,78,群益金鼎-西松,2023-02-07,9136
4763,材料-KY,98,25,73,群益金鼎-西松,2023-02-07,9136
2330,台積電,54,2,52,群益金鼎-西松,2023-02-07,9136
8091,翔名,50,0,50,群益金鼎-西松,2023-02-07,9136
8171,天宇,50,1,49,群益金鼎-西松,2023-02-07,9136
00878,國泰永續高股息,46,0,46,群益金鼎-西松,2023-02-07,9136
1605,華新,24,0,24,群益金鼎-西松,2023-02-07,9136
2344,華邦電,54,32,22,群益金鼎-西松,2023-02-07,9136
0056,元大高股息,21,0,21,群益金鼎-西松,2023-02-07,9136
00637L,元大滬深300正2,28,10,18,群益金鼎-西松,2023-02-07,9136
2317,鴻海,16,0,16,群益金鼎-西松,2023-02-07,9136
00679B,元大美債20年,15,0,15,群益金鼎-西松,2023-02-07,9136
6257,矽格,15,0,15,群益金鼎-西松,2023-02-07,9136
2929,淘帝-KY,14,0,14,群益金鼎-西松,2023-02-07,9136
3232,昱捷,13,0,13,群益金鼎-西松,2023-02-07,9136
6782,視陽,11,0,11,群益金鼎-西松,2023-02-07,9136
4960,誠美材,10,0,10,群益金鼎-西松,2023-02-07,9136
3297,杭特,10,0,10,群益金鼎-西松,2023-02-07,9136
2498,宏達電,10,1,9,群益金鼎-西松,2023-02-07,9136
6245,立端,13,4,9,群益金鼎-西松,2023-02-07,9136
4130,健亞,10,1,9,群益金鼎-西松,2023-02-07,9136
2342,茂矽,8,0,8,群益金鼎-西松,2023-02-07,9136
4142,國光生,11,3,8,群益金鼎-西松,2023-02-07,9136
6188,廣明,8,0,8,群益金鼎-西松,2023-02-07,9136
2881,富邦金,7,0,7,群益金鼎-西松,2023-02-07,9136
2618,長榮航,16,9,7,群益金鼎-西松,2023-02-07,9136
6202,盛群,7,0,7,群益金鼎-西松,2023-02-07,9136
00715L,期街口布蘭特正2,6,0,6,群益金鼎-西松,2023-02-07,9136
2915,潤泰全,7,1,6,群益金鼎-西松,2023-02-07,9136
6104,創惟,7,1,6,群益金鼎-西松,2023-02-07,9136
4726,永昕,6,1,5,群益金鼎-西松,2023-02-07,9136
1701,中化,7,2,5,群益金鼎-西松,2023-02-07,9136
2027,大成鋼,7,2,5,群益金鼎-西松,2023-02-07,9136
2408,南亞科,6,1,5,群益金鼎-西松,2023-02-07,9136
3163,波若威,10,5,5,群益金鼎-西松,2023-02-07,9136
5871,中租-KY,5,0,5,群益金鼎-西松,2023-02-07,9136
6116,彩晶,11,6,5,群益金鼎-西松,2023-02-07,9136
6205,詮欣,13,8,5,群益金鼎-西松,2023-02-07,9136
8104,錸寶,5,0,5,群益金鼎-西松,2023-02-07,9136
00730,富邦臺灣優質高息,5,0,5,群益金鼎-西松,2023-02-07,9136
1513,中興電,6,2,4,群益金鼎-西松,2023-02-07,9136
2368,金像電,6,2,4,群益金鼎-西松,2023-02-07,9136
2609,陽明,6,2,4,群益金鼎-西松,2023-02-07,9136
2884,玉山金,4,0,4,群益金鼎-西松,2023-02-07,9136
3169,亞信,4,0,4,群益金鼎-西松,2023-02-07,9136
3207,耀勝,4,0,4,群益金鼎-西松,2023-02-07,9136
3548,兆利,4,0,4,群益金鼎-西松,2023-02-07,9136
6180,橘子,4,0,4,群益金鼎-西松,2023-02-07,9136
6441,廣錠,5,1,4,群益金鼎-西松,2023-02-07,9136
8103,瀚荃,4,0,4,群益金鼎-西松,2023-02-07,9136
6005,群益證,240,0,240,群益金鼎-西松,2023-02-08,9136
00632R,元大台灣50反1,204,0,204,群益金鼎-西松,2023-02-08,9136
6274,台燿,180,0,180,群益金鼎-西松,2023-02-08,9136
00637L,元大滬深300正2,147,0,147,群益金鼎-西松,2023-02-08,9136
00878,國泰永續高股息,127,0,127,群益金鼎-西松,2023-02-08,9136
00900,富邦特選高股息30,100,3,97,群益金鼎-西松,2023-02-08,9136
3710,連展投控,41,0,41,群益金鼎-西松,2023-02-08,9136
8454,富邦媒,40,0,40,群益金鼎-西松,2023-02-08,9136
00665L,富邦�琤肭磪囓�2,55,20,35,群益金鼎-西松,2023-02-08,9136
00753L,中信中國50正2,54,20,34,群益金鼎-西松,2023-02-08,9136
2401,凌陽,54,20,34,群益金鼎-西松,2023-02-08,9136
6205,詮欣,31,0,31,群益金鼎-西松,2023-02-08,9136
1308,亞聚,30,1,29,群益金鼎-西松,2023-02-08,9136
00720B,元大投資級公司債,25,0,25,群益金鼎-西松,2023-02-08,9136
2358,廷鑫,25,0,25,群益金鼎-西松,2023-02-08,9136
2342,茂矽,18,0,18,群益金鼎-西松,2023-02-08,9136
4128,中天,25,7,18,群益金鼎-西松,2023-02-08,9136
4958,臻鼎-KY,21,3,18,群益金鼎-西松,2023-02-08,9136
4114,健喬,42,25,17,群益金鼎-西松,2023-02-08,9136
00680L,元大美債20正2,16,0,16,群益金鼎-西松,2023-02-08,9136
8091,翔名,15,0,15,群益金鼎-西松,2023-02-08,9136
3037,欣興,32,17,15,群益金鼎-西松,2023-02-08,9136
2312,金寶,14,0,14,群益金鼎-西松,2023-02-08,9136
00633L,富邦上証正2,14,1,13,群益金鼎-西松,2023-02-08,9136
1513,中興電,20,8,12,群益金鼎-西松,2023-02-08,9136
2328,廣宇,13,1,12,群益金鼎-西松,2023-02-08,9136
5258,虹堡,12,0,12,群益金鼎-西松,2023-02-08,9136
2888,新光金,12,0,12,群益金鼎-西松,2023-02-08,9136
2243,宏旭-KY,11,0,11,群益金鼎-西松,2023-02-08,9136
3498,陽程,10,0,10,群益金鼎-西松,2023-02-08,9136
6257,矽格,10,0,10,群益金鼎-西松,2023-02-08,9136
6799,來頡,15,5,10,群益金鼎-西松,2023-02-08,9136
00679B,元大美債20年,12,3,9,群益金鼎-西松,2023-02-08,9136
2002,中鋼,10,1,9,群益金鼎-西松,2023-02-08,9136
3046,建��,28,19,9,群益金鼎-西松,2023-02-08,9136
00891,中信關鍵半導體,10,2,8,群益金鼎-西松,2023-02-08,9136
1584,精剛,60,52,8,群益金鼎-西松,2023-02-08,9136
2314,台揚,9,1,8,群益金鼎-西松,2023-02-08,9136
2915,潤泰全,8,0,8,群益金鼎-西松,2023-02-08,9136
3594,磐儀,10,2,8,群益金鼎-西松,2023-02-08,9136
8028,昇陽半導體,8,0,8,群益金鼎-西松,2023-02-08,9136
6282,康舒,9,2,7,群益金鼎-西松,2023-02-08,9136
2375,凱美,7,0,7,群益金鼎-西松,2023-02-08,9136
5351,鈺創,7,0,7,群益金鼎-西松,2023-02-08,9136
5425,台半,7,0,7,群益金鼎-西松,2023-02-08,9136
00772B,中信高評級公司債,6,0,6,群益金鼎-西松,2023-02-08,9136
2023,燁輝,6,0,6,群益金鼎-西松,2023-02-08,9136
3545,敦泰,6,0,6,群益金鼎-西松,2023-02-08,9136
5347,世界,11,5,6,群益金鼎-西松,2023-02-08,9136
9938,百和,8,2,6,群益金鼎-西松,2023-02-08,9136
3209,全科,172,10,162,群益金鼎-西松,2023-02-09,9136
1605,華新,143,3,140,群益金鼎-西松,2023-02-09,9136
6215,和椿,92,1,91,群益金鼎-西松,2023-02-09,9136
1584,精剛,107,16,91,群益金鼎-西松,2023-02-09,9136
6274,台燿,70,0,70,群益金鼎-西松,2023-02-09,9136
3037,欣興,72,4,68,群益金鼎-西松,2023-02-09,9136
4119,旭富,60,0,60,群益金鼎-西松,2023-02-09,9136
3481,群創,54,3,51,群益金鼎-西松,2023-02-09,9136
00632R,元大台灣50反1,45,6,39,群益金鼎-西松,2023-02-09,9136
8171,天宇,62,30,32,群益金鼎-西松,2023-02-09,9136
2344,華邦電,55,25,30,群益金鼎-西松,2023-02-09,9136
00772B,中信高評級公司債,26,0,26,群益金鼎-西松,2023-02-09,9136
4533,協易機,26,1,25,群益金鼎-西松,2023-02-09,9136
4966,譜瑞-KY,22,0,22,群益金鼎-西松,2023-02-09,9136
1609,大亞,26,5,21,群益金鼎-西松,2023-02-09,9136
6116,彩晶,20,0,20,群益金鼎-西松,2023-02-09,9136
2515,中工,20,2,18,群益金鼎-西松,2023-02-09,9136
00679B,元大美債20年,17,0,17,群益金鼎-西松,2023-02-09,9136
2308,台達電,20,3,17,群益金鼎-西松,2023-02-09,9136
2392,正崴,27,12,15,群益金鼎-西松,2023-02-09,9136
00720B,元大投資級公司債,15,0,15,群益金鼎-西松,2023-02-09,9136
4162,智擎,18,7,11,群益金鼎-西松,2023-02-09,9136
8046,南電,17,6,11,群益金鼎-西松,2023-02-09,9136
00885,富邦越南,10,0,10,群益金鼎-西松,2023-02-09,9136
2399,映泰,10,0,10,群益金鼎-西松,2023-02-09,9136
2409,友達,23,14,9,群益金鼎-西松,2023-02-09,9136
4114,健喬,12,3,9,群益金鼎-西松,2023-02-09,9136
2303,聯電,85,76,9,群益金鼎-西松,2023-02-09,9136
6643,M31,16,7,9,群益金鼎-西松,2023-02-09,9136
5009,榮剛,32,23,9,群益金鼎-西松,2023-02-09,9136
00878,國泰永續高股息,23,15,8,群益金鼎-西松,2023-02-09,9136
2367,燿華,10,2,8,群益金鼎-西松,2023-02-09,9136
2545,皇翔,16,8,8,群益金鼎-西松,2023-02-09,9136
8049,晶采,8,0,8,群益金鼎-西松,2023-02-09,9136
2401,凌陽,7,0,7,群益金鼎-西松,2023-02-09,9136
4763,材料-KY,11,4,7,群益金鼎-西松,2023-02-09,9136
6122,擎邦,7,0,7,群益金鼎-西松,2023-02-09,9136
6550,北極星藥業-KY,7,0,7,群益金鼎-西松,2023-02-09,9136
2368,金像電,8,2,6,群益金鼎-西松,2023-02-09,9136
6443,元晶,6,0,6,群益金鼎-西松,2023-02-09,9136
2801,彰銀,6,0,6,群益金鼎-西松,2023-02-09,9136
6213,聯茂,9,3,6,群益金鼎-西松,2023-02-09,9136
2614,東森,5,0,5,群益金鼎-西松,2023-02-09,9136
3033,威健,5,0,5,群益金鼎-西松,2023-02-09,9136
3338,泰碩,5,0,5,群益金鼎-西松,2023-02-09,9136
3680,家登,7,2,5,群益金鼎-西松,2023-02-09,9136
4130,健亞,5,0,5,群益金鼎-西松,2023-02-09,9136
5302,太欣,5,0,5,群益金鼎-西松,2023-02-09,9136
00882,中信中國高股息,5,0,5,群益金鼎-西松,2023-02-09,9136
1795,美時,8,4,4,群益金鼎-西松,2023-02-09,9136
00637L,元大滬深300正2,183,0,183,群益金鼎-西松,2023-02-10,9136
3017,奇鋐,62,4,58,群益金鼎-西松,2023-02-10,9136
6527,明達醫,54,0,54,群益金鼎-西松,2023-02-10,9136
6274,台燿,53,0,53,群益金鼎-西松,2023-02-10,9136
6005,群益證,50,0,50,群益金鼎-西松,2023-02-10,9136
1101,台泥,50,1,49,群益金鼎-西松,2023-02-10,9136
00632R,元大台灣50反1,31,0,31,群益金鼎-西松,2023-02-10,9136
3594,磐儀,35,7,28,群益金鼎-西松,2023-02-10,9136
2609,陽明,28,2,26,群益金鼎-西松,2023-02-10,9136
5009,榮剛,26,4,22,群益金鼎-西松,2023-02-10,9136
1701,中化,31,9,22,群益金鼎-西松,2023-02-10,9136
2929,淘帝-KY,22,0,22,群益金鼎-西松,2023-02-10,9136
2344,華邦電,37,16,21,群益金鼎-西松,2023-02-10,9136
00878,國泰永續高股息,72,52,20,群益金鼎-西松,2023-02-10,9136
00903,富邦元宇宙,20,0,20,群益金鼎-西松,2023-02-10,9136
4533,協易機,20,0,20,群益金鼎-西松,2023-02-10,9136
6266,泰詠,20,0,20,群益金鼎-西松,2023-02-10,9136
6143,振曜,19,0,19,群益金鼎-西松,2023-02-10,9136
1605,華新,24,9,15,群益金鼎-西松,2023-02-10,9136
3162,精確,15,2,13,群益金鼎-西松,2023-02-10,9136
2409,友達,13,0,13,群益金鼎-西松,2023-02-10,9136
00720B,元大投資級公司債,12,1,11,群益金鼎-西松,2023-02-10,9136
2412,中華電,11,0,11,群益金鼎-西松,2023-02-10,9136
1524,耿鼎,11,0,11,群益金鼎-西松,2023-02-10,9136
2401,凌陽,15,4,11,群益金鼎-西松,2023-02-10,9136
00679B,元大美債20年,11,1,10,群益金鼎-西松,2023-02-10,9136
6188,廣明,12,2,10,群益金鼎-西松,2023-02-10,9136
2014,中鴻,10,0,10,群益金鼎-西松,2023-02-10,9136
2358,廷鑫,10,0,10,群益金鼎-西松,2023-02-10,9136
2468,華經,11,1,10,群益金鼎-西松,2023-02-10,9136
2889,國票金,10,0,10,群益金鼎-西松,2023-02-10,9136
3297,杭特,10,0,10,群益金鼎-西松,2023-02-10,9136
4739,康普,10,0,10,群益金鼎-西松,2023-02-10,9136
4966,譜瑞-KY,10,0,10,群益金鼎-西松,2023-02-10,9136
6509,聚和,16,6,10,群益金鼎-西松,2023-02-10,9136
8046,南電,10,0,10,群益金鼎-西松,2023-02-10,9136
8072,陞泰,10,0,10,群益金鼎-西松,2023-02-10,9136
3481,群創,10,1,9,群益金鼎-西松,2023-02-10,9136
6257,矽格,9,0,9,群益金鼎-西松,2023-02-10,9136
2618,長榮航,11,3,8,群益金鼎-西松,2023-02-10,9136
00712,復華富時不動產,8,0,8,群益金鼎-西松,2023-02-10,9136
4968,立積,8,0,8,群益金鼎-西松,2023-02-10,9136
2498,宏達電,12,4,8,群益金鼎-西松,2023-02-10,9136
1326,台化,7,0,7,群益金鼎-西松,2023-02-10,9136
0050,元大台灣50,7,0,7,群益金鼎-西松,2023-02-10,9136
2313,華通,7,0,7,群益金鼎-西松,2023-02-10,9136
2610,華航,8,1,7,群益金鼎-西松,2023-02-10,9136
6237,驊訊,7,0,7,群益金鼎-西松,2023-02-10,9136
3030,德律,6,0,6,群益金鼎-西松,2023-02-10,9136
3707,漢磊,9,3,6,群益金鼎-西松,2023-02-10,9136
2303,聯電,148,2,146,群益金鼎-西松,2023-02-13,9136
3624,光頡,117,0,117,群益金鼎-西松,2023-02-13,9136
2731,雄獅,88,0,88,群益金鼎-西松,2023-02-13,9136
3034,聯詠,86,1,85,群益金鼎-西松,2023-02-13,9136
3013,晟銘電,79,0,79,群益金鼎-西松,2023-02-13,9136
1512,瑞利,60,0,60,群益金鼎-西松,2023-02-13,9136
2618,長榮航,55,0,55,群益金鼎-西松,2023-02-13,9136
4919,新唐,54,1,53,群益金鼎-西松,2023-02-13,9136
00665L,富邦�琤肭磪囓�2,50,0,50,群益金鼎-西松,2023-02-13,9136
3017,奇鋐,140,99,41,群益金鼎-西松,2023-02-13,9136
9910,豐泰,40,0,40,群益金鼎-西松,2023-02-13,9136
3711,日月光投控,34,8,26,群益金鼎-西松,2023-02-13,9136
6182,合晶,23,0,23,群益金鼎-西松,2023-02-13,9136
6799,來頡,21,0,21,群益金鼎-西松,2023-02-13,9136
2344,華邦電,26,6,20,群益金鼎-西松,2023-02-13,9136
3710,連展投控,20,0,20,群益金鼎-西松,2023-02-13,9136
2609,陽明,40,22,18,群益金鼎-西松,2023-02-13,9136
8038,長園科,18,0,18,群益金鼎-西松,2023-02-13,9136
2610,華航,17,0,17,群益金鼎-西松,2023-02-13,9136
00680L,元大美債20正2,15,0,15,群益金鼎-西松,2023-02-13,9136
00637L,元大滬深300正2,45,32,13,群益金鼎-西松,2023-02-13,9136
1810,和成,17,5,12,群益金鼎-西松,2023-02-13,9136
6516,勤崴國際,12,0,12,群益金鼎-西松,2023-02-13,9136
1795,美時,29,18,11,群益金鼎-西松,2023-02-13,9136
2884,玉山金,11,0,11,群益金鼎-西松,2023-02-13,9136
3027,盛達,33,22,11,群益金鼎-西松,2023-02-13,9136
8222,寶一,48,37,11,群益金鼎-西松,2023-02-13,9136
00720B,元大投資級公司債,10,0,10,群益金鼎-西松,2023-02-13,9136
00903,富邦元宇宙,10,0,10,群益金鼎-西松,2023-02-13,9136
1605,華新,10,0,10,群益金鼎-西松,2023-02-13,9136
1734,杏輝,10,0,10,群益金鼎-西松,2023-02-13,9136
2206,三陽工業,10,0,10,群益金鼎-西松,2023-02-13,9136
2243,宏旭-KY,10,0,10,群益金鼎-西松,2023-02-13,9136
2406,國碩,10,0,10,群益金鼎-西松,2023-02-13,9136
2515,中工,20,10,10,群益金鼎-西松,2023-02-13,9136
2929,淘帝-KY,10,0,10,群益金鼎-西松,2023-02-13,9136
4931,新盛力,19,9,10,群益金鼎-西松,2023-02-13,9136
6257,矽格,10,0,10,群益金鼎-西松,2023-02-13,9136
00772B,中信高評級公司債,10,1,9,群益金鼎-西松,2023-02-13,9136
1701,中化,12,3,9,群益金鼎-西松,2023-02-13,9136
2455,全新,9,0,9,群益金鼎-西松,2023-02-13,9136
2603,長榮,10,2,8,群益金鼎-西松,2023-02-13,9136
2409,友達,8,0,8,群益金鼎-西松,2023-02-13,9136
00679B,元大美債20年,8,0,8,群益金鼎-西松,2023-02-13,9136
6695,芯鼎,8,0,8,群益金鼎-西松,2023-02-13,9136
4743,合一,8,1,7,群益金鼎-西松,2023-02-13,9136
3231,緯創,20,13,7,群益金鼎-西松,2023-02-13,9136
1316,上曜,6,0,6,群益金鼎-西松,2023-02-13,9136
3664,安瑞-KY,6,0,6,群益金鼎-西松,2023-02-13,9136
6589,台康生技,8,2,6,群益金鼎-西松,2023-02-13,9136
2330,台積電,87,4,83,群益金鼎-西松,2023-02-14,9136
8171,天宇,76,0,76,群益金鼎-西松,2023-02-14,9136
6770,力積電,53,2,51,群益金鼎-西松,2023-02-14,9136
3231,緯創,30,0,30,群益金鼎-西松,2023-02-14,9136
1605,華新,44,16,28,群益金鼎-西松,2023-02-14,9136
1101,台泥,30,5,25,群益金鼎-西松,2023-02-14,9136
2609,陽明,26,5,21,群益金鼎-西松,2023-02-14,9136
00878,國泰永續高股息,37,19,18,群益金鼎-西松,2023-02-14,9136
1810,和成,17,1,16,群益金鼎-西松,2023-02-14,9136
2027,大成鋼,16,0,16,群益金鼎-西松,2023-02-14,9136
3033,威健,15,0,15,群益金鼎-西松,2023-02-14,9136
3114,好德,14,0,14,群益金鼎-西松,2023-02-14,9136
00720B,元大投資級公司債,13,0,13,群益金鼎-西松,2023-02-14,9136
00893,國泰智能電動車,12,0,12,群益金鼎-西松,2023-02-14,9136
2515,中工,11,0,11,群益金鼎-西松,2023-02-14,9136
6541,泰福-KY,10,0,10,群益金鼎-西松,2023-02-14,9136
00680L,元大美債20正2,10,0,10,群益金鼎-西松,2023-02-14,9136
00905,FT臺灣Smart,10,0,10,群益金鼎-西松,2023-02-14,9136
00901,永豐智能車供應鏈,10,0,10,群益金鼎-西松,2023-02-14,9136
1783,和康生,10,0,10,群益金鼎-西松,2023-02-14,9136
5009,榮剛,26,17,9,群益金鼎-西松,2023-02-14,9136
8033,雷虎,17,8,9,群益金鼎-西松,2023-02-14,9136
8091,翔名,9,0,9,群益金鼎-西松,2023-02-14,9136
8227,巨有科技,15,6,9,群益金鼎-西松,2023-02-14,9136
3406,玉晶光,12,4,8,群益金鼎-西松,2023-02-14,9136
4746,台耀,8,0,8,群益金鼎-西松,2023-02-14,9136
1442,名軒,14,7,7,群益金鼎-西松,2023-02-14,9136
1584,精剛,10,3,7,群益金鼎-西松,2023-02-14,9136
4931,新盛力,8,1,7,群益金鼎-西松,2023-02-14,9136
8927,北基,7,0,7,群益金鼎-西松,2023-02-14,9136
4114,健喬,15,9,6,群益金鼎-西松,2023-02-14,9136
6235,華孚,7,1,6,群益金鼎-西松,2023-02-14,9136
6288,聯嘉,6,0,6,群益金鼎-西松,2023-02-14,9136
3029,零壹,6,0,6,群益金鼎-西松,2023-02-14,9136
5347,世界,8,2,6,群益金鼎-西松,2023-02-14,9136
2634,漢翔,11,5,6,群益金鼎-西松,2023-02-14,9136
1517,利奇,5,0,5,群益金鼎-西松,2023-02-14,9136
3030,德律,5,0,5,群益金鼎-西松,2023-02-14,9136
3092,鴻碩,5,0,5,群益金鼎-西松,2023-02-14,9136
3704,合勤控,6,1,5,群益金鼎-西松,2023-02-14,9136
5315,光聯,5,0,5,群益金鼎-西松,2023-02-14,9136
5410,國眾,5,0,5,群益金鼎-西松,2023-02-14,9136
6245,立端,7,2,5,群益金鼎-西松,2023-02-14,9136
6669,緯穎,5,0,5,群益金鼎-西松,2023-02-14,9136
2338,光罩,4,0,4,群益金鼎-西松,2023-02-14,9136
2308,台達電,4,0,4,群益金鼎-西松,2023-02-14,9136
00772B,中信高評級公司債,4,0,4,群益金鼎-西松,2023-02-14,9136
1701,中化,4,0,4,群益金鼎-西松,2023-02-14,9136
2049,上銀,4,0,4,群益金鼎-西松,2023-02-14,9136
2454,聯發科,4,0,4,群益金鼎-西松,2023-02-14,9136
2881,富邦金,164,1,163,群益金鼎-西松,2023-02-15,9136
00773B,中信優先金融債,135,0,135,群益金鼎-西松,2023-02-15,9136
3013,晟銘電,133,22,111,群益金鼎-西松,2023-02-15,9136
2303,聯電,134,33,101,群益金鼎-西松,2023-02-15,9136
5410,國眾,91,2,89,群益金鼎-西松,2023-02-15,9136
00878,國泰永續高股息,52,0,52,群益金鼎-西松,2023-02-15,9136
5284,jpp-KY,52,4,48,群益金鼎-西松,2023-02-15,9136
3710,連展投控,42,0,42,群益金鼎-西松,2023-02-15,9136
1513,中興電,301,260,41,群益金鼎-西松,2023-02-15,9136
2706,第一店,30,0,30,群益金鼎-西松,2023-02-15,9136
2836,高雄銀,20,0,20,群益金鼎-西松,2023-02-15,9136
9902,台火,20,0,20,群益金鼎-西松,2023-02-15,9136
00637L,元大滬深300正2,92,75,17,群益金鼎-西松,2023-02-15,9136
6517,保勝光學,16,0,16,群益金鼎-西松,2023-02-15,9136
2486,一詮,15,0,15,群益金鼎-西松,2023-02-15,9136
3552,同致,16,1,15,群益金鼎-西松,2023-02-15,9136
6188,廣明,14,0,14,群益金鼎-西松,2023-02-15,9136
2022,聚亨,12,0,12,群益金鼎-西松,2023-02-15,9136
8112,至上,12,0,12,群益金鼎-西松,2023-02-15,9136
00665L,富邦�琤肭磪囓�2,101,90,11,群益金鼎-西松,2023-02-15,9136
3558,神準,21,10,11,群益金鼎-西松,2023-02-15,9136
00720B,元大投資級公司債,10,0,10,群益金鼎-西松,2023-02-15,9136
2615,萬海,10,0,10,群益金鼎-西松,2023-02-15,9136
2014,中鴻,10,0,10,群益金鼎-西松,2023-02-15,9136
2206,三陽工業,36,26,10,群益金鼎-西松,2023-02-15,9136
3114,好德,10,0,10,群益金鼎-西松,2023-02-15,9136
4746,台耀,10,0,10,群益金鼎-西松,2023-02-15,9136
3034,聯詠,10,1,9,群益金鼎-西松,2023-02-15,9136
5706,鳳凰,12,3,9,群益金鼎-西松,2023-02-15,9136
2371,大同,9,1,8,群益金鼎-西松,2023-02-15,9136
2484,希華,10,2,8,群益金鼎-西松,2023-02-15,9136
3062,建漢,8,0,8,群益金鼎-西松,2023-02-15,9136
2317,鴻海,15,7,8,群益金鼎-西松,2023-02-15,9136
4919,新唐,8,0,8,群益金鼎-西松,2023-02-15,9136
00753L,中信中國50正2,57,50,7,群益金鼎-西松,2023-02-15,9136
2885,元大金,7,0,7,群益金鼎-西松,2023-02-15,9136
2867,三商壽,6,0,6,群益金鼎-西松,2023-02-15,9136
2887,台新金,6,0,6,群益金鼎-西松,2023-02-15,9136
3438,類比科,6,0,6,群益金鼎-西松,2023-02-15,9136
6282,康舒,9,3,6,群益金鼎-西松,2023-02-15,9136
8222,寶一,17,11,6,群益金鼎-西松,2023-02-15,9136
9907,統一實,6,0,6,群益金鼎-西松,2023-02-15,9136
1457,宜進,5,0,5,群益金鼎-西松,2023-02-15,9136
00900,富邦特選高股息30,5,0,5,群益金鼎-西松,2023-02-15,9136
2609,陽明,7,2,5,群益金鼎-西松,2023-02-15,9136
3221,台嘉碩,11,6,5,群益金鼎-西松,2023-02-15,9136
3545,敦泰,5,0,5,群益金鼎-西松,2023-02-15,9136
4533,協易機,5,0,5,群益金鼎-西松,2023-02-15,9136
4915,致伸,5,0,5,群益金鼎-西松,2023-02-15,9136
5347,世界,10,5,5,群益金鼎-西松,2023-02-15,9136
2330,台積電,113,12,101,群益金鼎-西松,2023-02-16,9136
2891,中信金,101,1,100,群益金鼎-西松,2023-02-16,9136
3665,貿聯-KY,72,1,71,群益金鼎-西松,2023-02-16,9136
2201,裕隆,76,5,71,群益金鼎-西松,2023-02-16,9136
00637L,元大滬深300正2,90,27,63,群益金鼎-西松,2023-02-16,9136
8069,元太,90,41,49,群益金鼎-西松,2023-02-16,9136
00878,國泰永續高股息,66,22,44,群益金鼎-西松,2023-02-16,9136
00753L,中信中國50正2,102,60,42,群益金鼎-西松,2023-02-16,9136
00632R,元大台灣50反1,120,80,40,群益金鼎-西松,2023-02-16,9136
00751B,元大AAA至A公司債,35,0,35,群益金鼎-西松,2023-02-16,9136
6186,新潤,27,0,27,群益金鼎-西松,2023-02-16,9136
00679B,元大美債20年,23,0,23,群益金鼎-西松,2023-02-16,9136
00900,富邦特選高股息30,21,0,21,群益金鼎-西松,2023-02-16,9136
3013,晟銘電,122,103,19,群益金鼎-西松,2023-02-16,9136
6670,復盛應用,19,0,19,群益金鼎-西松,2023-02-16,9136
2337,旺宏,17,0,17,群益金鼎-西松,2023-02-16,9136
2453,凌群,18,2,16,群益金鼎-西松,2023-02-16,9136
6531,愛普*,27,11,16,群益金鼎-西松,2023-02-16,9136
6799,來頡,16,0,16,群益金鼎-西松,2023-02-16,9136
8421,旭源,15,0,15,群益金鼎-西松,2023-02-16,9136
6276,安鈦克,15,0,15,群益金鼎-西松,2023-02-16,9136
6284,佳邦,15,2,13,群益金鼎-西松,2023-02-16,9136
00680L,元大美債20正2,11,0,11,群益金鼎-西松,2023-02-16,9136
3479,安勤,12,1,11,群益金鼎-西松,2023-02-16,9136
5274,信驊,11,0,11,群益金鼎-西松,2023-02-16,9136
00720B,元大投資級公司債,10,0,10,群益金鼎-西松,2023-02-16,9136
2342,茂矽,10,0,10,群益金鼎-西松,2023-02-16,9136
2358,廷鑫,10,0,10,群益金鼎-西松,2023-02-16,9136
2515,中工,10,0,10,群益金鼎-西松,2023-02-16,9136
4533,協易機,10,0,10,群益金鼎-西松,2023-02-16,9136
1609,大亞,11,2,9,群益金鼎-西松,2023-02-16,9136
4160,訊聯基因,9,0,9,群益金鼎-西松,2023-02-16,9136
6104,創惟,11,2,9,群益金鼎-西松,2023-02-16,9136
3114,好德,8,0,8,群益金鼎-西松,2023-02-16,9136
4976,佳凌,8,0,8,群益金鼎-西松,2023-02-16,9136
6175,立敦,8,0,8,群益金鼎-西松,2023-02-16,9136
00772B,中信高評級公司債,7,0,7,群益金鼎-西松,2023-02-16,9136
2002,中鋼,7,0,7,群益金鼎-西松,2023-02-16,9136
2476,鉅祥,7,0,7,群益金鼎-西松,2023-02-16,9136
5258,虹堡,8,1,7,群益金鼎-西松,2023-02-16,9136
2368,金像電,6,0,6,群益金鼎-西松,2023-02-16,9136
2484,希華,7,1,6,群益金鼎-西松,2023-02-16,9136
2527,宏璟,6,0,6,群益金鼎-西松,2023-02-16,9136
3189,景碩,7,1,6,群益金鼎-西松,2023-02-16,9136
3207,耀勝,7,1,6,群益金鼎-西松,2023-02-16,9136
3518,柏騰,6,0,6,群益金鼎-西松,2023-02-16,9136
6123,上奇,6,0,6,群益金鼎-西松,2023-02-16,9136
6477,安集,6,0,6,群益金鼎-西松,2023-02-16,9136
6485,點序,6,0,6,群益金鼎-西松,2023-02-16,9136
6517,保勝光學,6,0,6,群益金鼎-西松,2023-02-16,9136
2610,華航,237,24,213,群益金鼎-西松,2023-02-17,9136
9105,泰金寶-DR,151,0,151,群益金鼎-西松,2023-02-17,9136
2881,富邦金,86,1,85,群益金鼎-西松,2023-02-17,9136
4961,天鈺,113,31,82,群益金鼎-西松,2023-02-17,9136
00637L,元大滬深300正2,110,45,65,群益金鼎-西松,2023-02-17,9136
9958,世紀鋼,61,0,61,群益金鼎-西松,2023-02-17,9136
6770,力積電,54,1,53,群益金鼎-西松,2023-02-17,9136
00665L,富邦�琤肭磪囓�2,100,51,49,群益金鼎-西松,2023-02-17,9136
4763,材料-KY,43,3,40,群益金鼎-西松,2023-02-17,9136
3592,瑞鼎,32,5,27,群益金鼎-西松,2023-02-17,9136
00751B,元大AAA至A公司債,26,0,26,群益金鼎-西松,2023-02-17,9136
6186,新潤,32,6,26,群益金鼎-西松,2023-02-17,9136
3024,憶聲,21,0,21,群益金鼎-西松,2023-02-17,9136
2221,大甲,20,0,20,群益金鼎-西松,2023-02-17,9136
8454,富邦媒,20,0,20,群益金鼎-西松,2023-02-17,9136
9902,台火,20,0,20,群益金鼎-西松,2023-02-17,9136
00720B,元大投資級公司債,18,0,18,群益金鼎-西松,2023-02-17,9136
00753L,中信中國50正2,105,90,15,群益金鼎-西松,2023-02-17,9136
00903,富邦元宇宙,15,0,15,群益金鼎-西松,2023-02-17,9136
6443,元晶,17,2,15,群益金鼎-西松,2023-02-17,9136
00893,國泰智能電動車,18,4,14,群益金鼎-西松,2023-02-17,9136
1584,精剛,41,28,13,群益金鼎-西松,2023-02-17,9136
3231,緯創,12,0,12,群益金鼎-西松,2023-02-17,9136
3551,世禾,13,1,12,群益金鼎-西松,2023-02-17,9136
2328,廣宇,11,0,11,群益金鼎-西松,2023-02-17,9136
8261,富鼎,11,0,11,群益金鼎-西松,2023-02-17,9136
00688L,國泰20年美債正2,10,0,10,群益金鼎-西松,2023-02-17,9136
2915,潤泰全,10,0,10,群益金鼎-西松,2023-02-17,9136
4526,東台,10,0,10,群益金鼎-西松,2023-02-17,9136
3702,大聯大,10,0,10,群益金鼎-西松,2023-02-17,9136
00633L,富邦上証正2,10,1,9,群益金鼎-西松,2023-02-17,9136
2885,元大金,9,0,9,群益金鼎-西松,2023-02-17,9136
6690,安�硌穈T,9,0,9,群益金鼎-西松,2023-02-17,9136
6719,力智,14,5,9,群益金鼎-西松,2023-02-17,9136
2375,凱美,19,11,8,群益金鼎-西松,2023-02-17,9136
6531,愛普*,15,7,8,群益金鼎-西松,2023-02-17,9136
3545,敦泰,10,2,8,群益金鼎-西松,2023-02-17,9136
4919,新唐,9,3,6,群益金鼎-西松,2023-02-17,9136
0056,元大高股息,6,0,6,群益金鼎-西松,2023-02-17,9136
2383,台光電,6,0,6,群益金鼎-西松,2023-02-17,9136
3710,連展投控,6,0,6,群益金鼎-西松,2023-02-17,9136
3711,日月光投控,6,0,6,群益金鼎-西松,2023-02-17,9136
1512,瑞利,5,0,5,群益金鼎-西松,2023-02-17,9136
2368,金像電,10,5,5,群益金鼎-西松,2023-02-17,9136
2399,映泰,5,0,5,群益金鼎-西松,2023-02-17,9136
2458,義隆,5,0,5,群益金鼎-西松,2023-02-17,9136
2736,富野,5,0,5,群益金鼎-西松,2023-02-17,9136
3455,由田,5,0,5,群益金鼎-西松,2023-02-17,9136
3535,晶彩科,5,0,5,群益金鼎-西松,2023-02-17,9136
3706,神達,5,0,5,群益金鼎-西松,2023-02-17,9136
1455,集盛,100,0,100,群益金鼎-西松,2023-02-20,9136
3710,連展投控,51,0,51,群益金鼎-西松,2023-02-20,9136
6274,台燿,51,1,50,群益金鼎-西松,2023-02-20,9136
9105,泰金寶-DR,50,0,50,群益金鼎-西松,2023-02-20,9136
1504,東元,52,8,44,群益金鼎-西松,2023-02-20,9136
00637L,元大滬深300正2,102,62,40,群益金鼎-西松,2023-02-20,9136
1514,亞力,40,5,35,群益金鼎-西松,2023-02-20,9136
6531,愛普*,53,18,35,群益金鼎-西松,2023-02-20,9136
1103,嘉泥,33,0,33,群益金鼎-西松,2023-02-20,9136
1605,華新,34,5,29,群益金鼎-西松,2023-02-20,9136
2208,台船,33,7,26,群益金鼎-西松,2023-02-20,9136
3035,智原,27,1,26,群益金鼎-西松,2023-02-20,9136
00720B,元大投資級公司債,25,0,25,群益金鼎-西松,2023-02-20,9136
8091,翔名,22,0,22,群益金鼎-西松,2023-02-20,9136
2618,長榮航,28,7,21,群益金鼎-西松,2023-02-20,9136
2891,中信金,21,0,21,群益金鼎-西松,2023-02-20,9136
2732,六角,20,0,20,群益金鼎-西松,2023-02-20,9136
4119,旭富,20,0,20,群益金鼎-西松,2023-02-20,9136
4128,中天,33,13,20,群益金鼎-西松,2023-02-20,9136
5469,瀚宇博,20,0,20,群益金鼎-西松,2023-02-20,9136
8933,愛地雅,20,0,20,群益金鼎-西松,2023-02-20,9136
2457,飛宏,73,53,20,群益金鼎-西松,2023-02-20,9136
1101,台泥,20,3,17,群益金鼎-西松,2023-02-20,9136
2401,凌陽,17,0,17,群益金鼎-西松,2023-02-20,9136
3027,盛達,27,10,17,群益金鼎-西松,2023-02-20,9136
3322,建舜電,15,0,15,群益金鼎-西松,2023-02-20,9136
6164,華興,15,0,15,群益金鼎-西松,2023-02-20,9136
1503,士電,22,10,12,群益金鼎-西松,2023-02-20,9136
3552,同致,14,2,12,群益金鼎-西松,2023-02-20,9136
3594,磐儀,23,11,12,群益金鼎-西松,2023-02-20,9136
2303,聯電,26,14,12,群益金鼎-西松,2023-02-20,9136
0056,元大高股息,13,2,11,群益金鼎-西松,2023-02-20,9136
00715L,期街口布蘭特正2,11,0,11,群益金鼎-西松,2023-02-20,9136
00713,元大台灣高息低波,11,0,11,群益金鼎-西松,2023-02-20,9136
00712,復華富時不動產,11,0,11,群益金鼎-西松,2023-02-20,9136
3013,晟銘電,11,0,11,群益金鼎-西松,2023-02-20,9136
6116,彩晶,45,34,11,群益金鼎-西松,2023-02-20,9136
6719,力智,11,0,11,群益金鼎-西松,2023-02-20,9136
6874,倍力,11,0,11,群益金鼎-西松,2023-02-20,9136
2342,茂矽,10,0,10,群益金鼎-西松,2023-02-20,9136
00903,富邦元宇宙,10,0,10,群益金鼎-西松,2023-02-20,9136
00877,復華中國5G,10,0,10,群益金鼎-西松,2023-02-20,9136
1529,樂事綠能,11,1,10,群益金鼎-西松,2023-02-20,9136
2444,兆勁,10,0,10,群益金鼎-西松,2023-02-20,9136
3033,威健,10,0,10,群益金鼎-西松,2023-02-20,9136
4804,大略-KY,10,0,10,群益金鼎-西松,2023-02-20,9136
5521,工信,10,0,10,群益金鼎-西松,2023-02-20,9136
6547,高端疫苗,10,0,10,群益金鼎-西松,2023-02-20,9136
8038,長園科,10,0,10,群益金鼎-西松,2023-02-20,9136
8261,富鼎,10,0,10,群益金鼎-西松,2023-02-20,9136
00720B,元大投資級公司債,131,0,131,群益金鼎-西松,2023-02-21,9136
4119,旭富,131,0,131,群益金鼎-西松,2023-02-21,9136
3114,好德,73,0,73,群益金鼎-西松,2023-02-21,9136
2461,光群雷,71,0,71,群益金鼎-西松,2023-02-21,9136
3037,欣興,63,4,59,群益金鼎-西松,2023-02-21,9136
2884,玉山金,75,18,57,群益金鼎-西松,2023-02-21,9136
4904,遠傳,54,0,54,群益金鼎-西松,2023-02-21,9136
4960,誠美材,51,0,51,群益金鼎-西松,2023-02-21,9136
00882,中信中國高股息,50,0,50,群益金鼎-西松,2023-02-21,9136
6116,彩晶,56,23,33,群益金鼎-西松,2023-02-21,9136
3049,精金,25,0,25,群益金鼎-西松,2023-02-21,9136
8222,寶一,52,28,24,群益金鼎-西松,2023-02-21,9136
00637L,元大滬深300正2,108,86,22,群益金鼎-西松,2023-02-21,9136
2883,凱基金,22,0,22,群益金鼎-西松,2023-02-21,9136
8261,富鼎,22,0,22,群益金鼎-西松,2023-02-21,9136
8033,雷虎,25,3,22,群益金鼎-西松,2023-02-21,9136
2201,裕隆,34,13,21,群益金鼎-西松,2023-02-21,9136
00878,國泰永續高股息,24,5,19,群益金鼎-西松,2023-02-21,9136
3664,安瑞-KY,18,1,17,群益金鼎-西松,2023-02-21,9136
2906,高林,26,9,17,群益金鼎-西松,2023-02-21,9136
1584,精剛,123,107,16,群益金鼎-西松,2023-02-21,9136
3444,利機,16,0,16,群益金鼎-西松,2023-02-21,9136
2882,國泰金,15,1,14,群益金鼎-西松,2023-02-21,9136
3189,景碩,19,5,14,群益金鼎-西松,2023-02-21,9136
2376,技嘉,15,2,13,群益金鼎-西松,2023-02-21,9136
2231,為升,12,0,12,群益金鼎-西松,2023-02-21,9136
2409,友達,20,8,12,群益金鼎-西松,2023-02-21,9136
1514,亞力,25,13,12,群益金鼎-西松,2023-02-21,9136
1742,台蠟,11,0,11,群益金鼎-西松,2023-02-21,9136
5701,劍湖山,12,1,11,群益金鼎-西松,2023-02-21,9136
6245,立端,20,9,11,群益金鼎-西松,2023-02-21,9136
00772B,中信高評級公司債,10,0,10,群益金鼎-西松,2023-02-21,9136
1906,寶隆,10,0,10,群益金鼎-西松,2023-02-21,9136
2368,金像電,23,13,10,群益金鼎-西松,2023-02-21,9136
4529,淳紳,10,0,10,群益金鼎-西松,2023-02-21,9136
5244,弘凱,10,0,10,群益金鼎-西松,2023-02-21,9136
2498,宏達電,45,36,9,群益金鼎-西松,2023-02-21,9136
1342,八貫,18,10,8,群益金鼎-西松,2023-02-21,9136
8069,元太,33,25,8,群益金鼎-西松,2023-02-21,9136
5706,鳳凰,9,1,8,群益金鼎-西松,2023-02-21,9136
2313,華通,14,7,7,群益金鼎-西松,2023-02-21,9136
2340,台亞,7,0,7,群益金鼎-西松,2023-02-21,9136
2929,淘帝-KY,8,1,7,群益金鼎-西松,2023-02-21,9136
4919,新唐,8,1,7,群益金鼎-西松,2023-02-21,9136
2206,三陽工業,12,6,6,群益金鼎-西松,2023-02-21,9136
3027,盛達,8,2,6,群益金鼎-西松,2023-02-21,9136
6288,聯嘉,6,0,6,群益金鼎-西松,2023-02-21,9136
8227,巨有科技,6,0,6,群益金鼎-西松,2023-02-21,9136
01002T,土銀國泰R1,5,0,5,群益金鼎-西松,2023-02-21,9136
1752,南光,5,0,5,群益金鼎-西松,2023-02-21,9136
9958,世紀鋼,80,0,80,群益金鼎-西松,2023-02-22,9136
8091,翔名,46,0,46,群益金鼎-西松,2023-02-22,9136
1442,名軒,43,1,42,群益金鼎-西松,2023-02-22,9136
2344,華邦電,41,9,32,群益金鼎-西松,2023-02-22,9136
6182,合晶,30,1,29,群益金鼎-西松,2023-02-22,9136
3034,聯詠,27,1,26,群益金鼎-西松,2023-02-22,9136
8478,東哥遊艇,37,11,26,群益金鼎-西松,2023-02-22,9136
2603,長榮,29,5,24,群益金鼎-西松,2023-02-22,9136
4536,拓凱,23,2,21,群益金鼎-西松,2023-02-22,9136
6005,群益證,21,0,21,群益金鼎-西松,2023-02-22,9136
00637L,元大滬深300正2,20,0,20,群益金鼎-西松,2023-02-22,9136
2889,國票金,20,0,20,群益金鼎-西松,2023-02-22,9136
00893,國泰智能電動車,18,0,18,群益金鼎-西松,2023-02-22,9136
6282,康舒,28,13,15,群益金鼎-西松,2023-02-22,9136
6874,倍力,15,0,15,群益金鼎-西松,2023-02-22,9136
8033,雷虎,49,34,15,群益金鼎-西松,2023-02-22,9136
00720B,元大投資級公司債,14,0,14,群益金鼎-西松,2023-02-22,9136
2303,聯電,23,9,14,群益金鼎-西松,2023-02-22,9136
6116,彩晶,14,0,14,群益金鼎-西松,2023-02-22,9136
8222,寶一,23,9,14,群益金鼎-西松,2023-02-22,9136
2884,玉山金,19,5,14,群益金鼎-西松,2023-02-22,9136
3037,欣興,24,11,13,群益金鼎-西松,2023-02-22,9136
3207,耀勝,20,7,13,群益金鼎-西松,2023-02-22,9136
4716,大立,13,0,13,群益金鼎-西松,2023-02-22,9136
00772B,中信高評級公司債,13,0,13,群益金鼎-西松,2023-02-22,9136
3419,譁裕,14,2,12,群益金鼎-西松,2023-02-22,9136
1569,濱川,11,0,11,群益金鼎-西松,2023-02-22,9136
8046,南電,13,2,11,群益金鼎-西松,2023-02-22,9136
00712,復華富時不動產,11,0,11,群益金鼎-西松,2023-02-22,9136
5269,祥碩,11,0,11,群益金鼎-西松,2023-02-22,9136
2049,上銀,11,1,10,群益金鼎-西松,2023-02-22,9136
2342,茂矽,10,0,10,群益金鼎-西松,2023-02-22,9136
2836,高雄銀,10,0,10,群益金鼎-西松,2023-02-22,9136
3049,精金,10,0,10,群益金鼎-西松,2023-02-22,9136
8171,天宇,10,0,10,群益金鼎-西松,2023-02-22,9136
9902,台火,10,0,10,群益金鼎-西松,2023-02-22,9136
3035,智原,12,3,9,群益金鼎-西松,2023-02-22,9136
2382,廣達,10,1,9,群益金鼎-西松,2023-02-22,9136
2618,長榮航,16,7,9,群益金鼎-西松,2023-02-22,9136
6411,晶焱,12,3,9,群益金鼎-西松,2023-02-22,9136
0056,元大高股息,10,2,8,群益金鼎-西松,2023-02-22,9136
2208,台船,13,5,8,群益金鼎-西松,2023-02-22,9136
2328,廣宇,8,0,8,群益金鼎-西松,2023-02-22,9136
2383,台光電,8,0,8,群益金鼎-西松,2023-02-22,9136
3551,世禾,8,0,8,群益金鼎-西松,2023-02-22,9136
2454,聯發科,7,0,7,群益金鼎-西松,2023-02-22,9136
0050,元大台灣50,7,0,7,群益金鼎-西松,2023-02-22,9136
3105,穩懋,9,2,7,群益金鼎-西松,2023-02-22,9136
4977,眾達-KY,7,0,7,群益金鼎-西松,2023-02-22,9136
2891,中信金,6,0,6,群益金鼎-西松,2023-02-22,9136
4113,聯上,407,0,407,群益金鼎-西松,2023-02-23,9136
00632R,元大台灣50反1,299,65,234,群益金鼎-西松,2023-02-23,9136
2376,技嘉,137,11,126,群益金鼎-西松,2023-02-23,9136
1519,華城,106,1,105,群益金鼎-西松,2023-02-23,9136
3481,群創,82,2,80,群益金鼎-西松,2023-02-23,9136
2330,台積電,82,5,77,群益金鼎-西松,2023-02-23,9136
2482,連宇,74,2,72,群益金鼎-西松,2023-02-23,9136
2303,聯電,73,9,64,群益金鼎-西松,2023-02-23,9136
6274,台燿,51,1,50,群益金鼎-西松,2023-02-23,9136
1605,華新,43,2,41,群益金鼎-西松,2023-02-23,9136
2727,王品,40,1,39,群益金鼎-西松,2023-02-23,9136
00882,中信中國高股息,32,0,32,群益金鼎-西松,2023-02-23,9136
00637L,元大滬深300正2,58,27,31,群益金鼎-西松,2023-02-23,9136
1455,集盛,30,0,30,群益金鼎-西松,2023-02-23,9136
00642U,期元大S＆P石油,29,0,29,群益金鼎-西松,2023-02-23,9136
5608,四維航,26,3,23,群益金鼎-西松,2023-02-23,9136
6285,啟��,20,0,20,群益金鼎-西松,2023-02-23,9136
1591,駿吉-KY,17,0,17,群益金鼎-西松,2023-02-23,9136
8086,宏捷科,17,0,17,群益金鼎-西松,2023-02-23,9136
5475,德宏,16,0,16,群益金鼎-西松,2023-02-23,9136
00712,復華富時不動產,16,0,16,群益金鼎-西松,2023-02-23,9136
00715L,期街口布蘭特正2,14,0,14,群益金鼎-西松,2023-02-23,9136
2712,遠雄來,19,5,14,群益金鼎-西松,2023-02-23,9136
3406,玉晶光,17,3,14,群益金鼎-西松,2023-02-23,9136
5512,力麒,16,2,14,群益金鼎-西松,2023-02-23,9136
6531,愛普*,41,27,14,群益金鼎-西松,2023-02-23,9136
6515,穎崴,13,0,13,群益金鼎-西松,2023-02-23,9136
8033,雷虎,18,5,13,群益金鼎-西松,2023-02-23,9136
3594,磐儀,19,7,12,群益金鼎-西松,2023-02-23,9136
9802,鈺齊-KY,11,0,11,群益金鼎-西松,2023-02-23,9136
00720B,元大投資級公司債,10,0,10,群益金鼎-西松,2023-02-23,9136
2064,晉椿,10,0,10,群益金鼎-西松,2023-02-23,9136
2701,萬企,10,0,10,群益金鼎-西松,2023-02-23,9136
2903,遠百,10,0,10,群益金鼎-西松,2023-02-23,9136
3207,耀勝,13,3,10,群益金鼎-西松,2023-02-23,9136
3494,誠研,10,0,10,群益金鼎-西松,2023-02-23,9136
3710,連展投控,10,0,10,群益金鼎-西松,2023-02-23,9136
4174,浩鼎,10,0,10,群益金鼎-西松,2023-02-23,9136
5469,瀚宇博,10,0,10,群益金鼎-西松,2023-02-23,9136
6016,康和證,10,0,10,群益金鼎-西松,2023-02-23,9136
3029,零壹,13,3,10,群益金鼎-西松,2023-02-23,9136
2618,長榮航,9,0,9,群益金鼎-西松,2023-02-23,9136
6161,捷波,9,0,9,群益金鼎-西松,2023-02-23,9136
6616,特昇-KY,9,0,9,群益金鼎-西松,2023-02-23,9136
1514,亞力,27,18,9,群益金鼎-西松,2023-02-23,9136
00633L,富邦上証正2,8,0,8,群益金鼎-西松,2023-02-23,9136
2884,玉山金,10,2,8,群益金鼎-西松,2023-02-23,9136
3664,安瑞-KY,8,0,8,群益金鼎-西松,2023-02-23,9136
6684,安格,8,0,8,群益金鼎-西松,2023-02-23,9136
3673,TPK-KY,11,3,8,群益金鼎-西松,2023-02-23,9136
2634,漢翔,130,4,126,群益金鼎-西松,2023-02-24,9136
1504,東元,100,10,90,群益金鼎-西松,2023-02-24,9136
00637L,元大滬深300正2,116,60,56,群益金鼎-西松,2023-02-24,9136
2739,寒舍,52,0,52,群益金鼎-西松,2023-02-24,9136
00753L,中信中國50正2,50,0,50,群益金鼎-西松,2023-02-24,9136
6186,新潤,45,0,45,群益金鼎-西松,2023-02-24,9136
00665L,富邦�琤肭磪囓�2,52,10,42,群益金鼎-西松,2023-02-24,9136
1605,華新,44,6,38,群益金鼎-西松,2023-02-24,9136
00712,復華富時不動產,26,0,26,群益金鼎-西松,2023-02-24,9136
3520,華盈,27,1,26,群益金鼎-西松,2023-02-24,9136
00882,中信中國高股息,34,9,25,群益金鼎-西松,2023-02-24,9136
1786,科妍,25,0,25,群益金鼎-西松,2023-02-24,9136
6005,群益證,25,0,25,群益金鼎-西松,2023-02-24,9136
2601,益航,23,2,21,群益金鼎-西松,2023-02-24,9136
00877,復華中國5G,20,0,20,群益金鼎-西松,2023-02-24,9136
2641,正德,31,13,18,群益金鼎-西松,2023-02-24,9136
3163,波若威,18,2,16,群益金鼎-西松,2023-02-24,9136
8050,廣積,18,2,16,群益金鼎-西松,2023-02-24,9136
2498,宏達電,23,10,13,群益金鼎-西松,2023-02-24,9136
00878,國泰永續高股息,17,4,13,群益金鼎-西松,2023-02-24,9136
1316,上曜,12,0,12,群益金鼎-西松,2023-02-24,9136
3017,奇鋐,19,7,12,群益金鼎-西松,2023-02-24,9136
4968,立積,12,1,11,群益金鼎-西松,2023-02-24,9136
1584,精剛,31,20,11,群益金鼎-西松,2023-02-24,9136
1336,台翰,10,0,10,群益金鼎-西松,2023-02-24,9136
2801,彰銀,10,0,10,群益金鼎-西松,2023-02-24,9136
2845,遠東銀,10,0,10,群益金鼎-西松,2023-02-24,9136
3494,誠研,10,0,10,群益金鼎-西松,2023-02-24,9136
2317,鴻海,12,2,10,群益金鼎-西松,2023-02-24,9136
2617,台航,24,15,9,群益金鼎-西松,2023-02-24,9136
00633L,富邦上証正2,14,7,7,群益金鼎-西松,2023-02-24,9136
2618,長榮航,9,2,7,群益金鼎-西松,2023-02-24,9136
3105,穩懋,8,1,7,群益金鼎-西松,2023-02-24,9136
3162,精確,9,2,7,群益金鼎-西松,2023-02-24,9136
3714,富采,7,0,7,群益金鼎-西松,2023-02-24,9136
6118,建達,12,5,7,群益金鼎-西松,2023-02-24,9136
6182,合晶,8,1,7,群益金鼎-西松,2023-02-24,9136
8016,矽創,9,2,7,群益金鼎-西松,2023-02-24,9136
1514,亞力,6,0,6,群益金鼎-西松,2023-02-24,9136
2328,廣宇,6,0,6,群益金鼎-西松,2023-02-24,9136
3693,營邦,6,0,6,群益金鼎-西松,2023-02-24,9136
4113,聯上,6,0,6,群益金鼎-西松,2023-02-24,9136
5351,鈺創,7,1,6,群益金鼎-西松,2023-02-24,9136
6116,彩晶,6,0,6,群益金鼎-西松,2023-02-24,9136
6188,廣明,6,0,6,群益金鼎-西松,2023-02-24,9136
8489,三貝德,6,0,6,群益金鼎-西松,2023-02-24,9136
3703,欣陸,5,0,5,群益金鼎-西松,2023-02-24,9136
6411,晶焱,5,0,5,群益金鼎-西松,2023-02-24,9136
1210,大成,5,0,5,群益金鼎-西松,2023-02-24,9136
00680L,元大美債20正2,5,0,5,群益金鼎-西松,2023-02-24,9136
2344,華邦電,85,10,75,群益金鼎-西松,2023-03-01,9136
2489,瑞軒,70,0,70,群益金鼎-西松,2023-03-01,9136
1605,華新,88,26,62,群益金鼎-西松,2023-03-01,9136
2732,六角,49,0,49,群益金鼎-西松,2023-03-01,9136
00878,國泰永續高股息,49,0,49,群益金鼎-西松,2023-03-01,9136
2618,長榮航,60,20,40,群益金鼎-西松,2023-03-01,9136
2610,華航,52,22,30,群益金鼎-西松,2023-03-01,9136
3321,同泰,30,0,30,群益金鼎-西松,2023-03-01,9136
3481,群創,37,7,30,群益金鼎-西松,2023-03-01,9136
2834,臺企銀,30,4,26,群益金鼎-西松,2023-03-01,9136
4113,聯上,29,5,24,群益金鼎-西松,2023-03-01,9136
3706,神達,21,0,21,群益金鼎-西松,2023-03-01,9136
3419,譁裕,20,0,20,群益金鼎-西松,2023-03-01,9136
6182,合晶,19,0,19,群益金鼎-西松,2023-03-01,9136
2882,國泰金,18,0,18,群益金鼎-西松,2023-03-01,9136
00665L,富邦�琤肭磪囓�2,50,32,18,群益金鼎-西松,2023-03-01,9136
00712,復華富時不動產,16,0,16,群益金鼎-西松,2023-03-01,9136
00720B,元大投資級公司債,16,0,16,群益金鼎-西松,2023-03-01,9136
6531,愛普*,26,10,16,群益金鼎-西松,2023-03-01,9136
3322,建舜電,15,0,15,群益金鼎-西松,2023-03-01,9136
3702,大聯大,15,1,14,群益金鼎-西松,2023-03-01,9136
3029,零壹,13,0,13,群益金鼎-西松,2023-03-01,9136
3105,穩懋,13,1,12,群益金鼎-西松,2023-03-01,9136
6799,來頡,16,5,11,群益金鼎-西松,2023-03-01,9136
9945,潤泰新,11,0,11,群益金鼎-西松,2023-03-01,9136
2637,慧洋-KY,10,0,10,群益金鼎-西松,2023-03-01,9136
00680L,元大美債20正2,10,0,10,群益金鼎-西松,2023-03-01,9136
00753L,中信中國50正2,50,40,10,群益金鼎-西松,2023-03-01,9136
1218,泰山,10,0,10,群益金鼎-西松,2023-03-01,9136
1584,精剛,29,19,10,群益金鼎-西松,2023-03-01,9136
2002,中鋼,10,0,10,群益金鼎-西松,2023-03-01,9136
2461,光群雷,10,0,10,群益金鼎-西松,2023-03-01,9136
2515,中工,10,0,10,群益金鼎-西松,2023-03-01,9136
2616,山隆,10,0,10,群益金鼎-西松,2023-03-01,9136
2801,彰銀,10,0,10,群益金鼎-西松,2023-03-01,9136
3406,玉晶光,10,0,10,群益金鼎-西松,2023-03-01,9136
9105,泰金寶-DR,10,0,10,群益金鼎-西松,2023-03-01,9136
2317,鴻海,16,7,9,群益金鼎-西松,2023-03-01,9136
5009,榮剛,13,4,9,群益金鼎-西松,2023-03-01,9136
2892,第一金,10,1,9,群益金鼎-西松,2023-03-01,9136
8227,巨有科技,11,3,8,群益金鼎-西松,2023-03-01,9136
1219,福壽,8,0,8,群益金鼎-西松,2023-03-01,9136
1524,耿鼎,10,2,8,群益金鼎-西松,2023-03-01,9136
1907,永豐餘,8,0,8,群益金鼎-西松,2023-03-01,9136
2108,南帝,8,0,8,群益金鼎-西松,2023-03-01,9136
2337,旺宏,7,0,7,群益金鼎-西松,2023-03-01,9136
3036,文曄,7,0,7,群益金鼎-西松,2023-03-01,9136
3708,上緯投控,7,0,7,群益金鼎-西松,2023-03-01,9136
6616,特昇-KY,7,0,7,群益金鼎-西松,2023-03-01,9136
00772B,中信高評級公司債,16,10,6,群益金鼎-西松,2023-03-01,9136
00637L,元大滬深300正2,105,20,85,群益金鼎-西松,2023-03-02,9136
00878,國泰永續高股息,79,6,73,群益金鼎-西松,2023-03-02,9136
2618,長榮航,78,5,73,群益金鼎-西松,2023-03-02,9136
3338,泰碩,50,2,48,群益金鼎-西松,2023-03-02,9136
3481,群創,54,11,43,群益金鼎-西松,2023-03-02,9136
8033,雷虎,53,10,43,群益金鼎-西松,2023-03-02,9136
00772B,中信高評級公司債,37,0,37,群益金鼎-西松,2023-03-02,9136
2303,聯電,151,115,36,群益金鼎-西松,2023-03-02,9136
1513,中興電,34,0,34,群益金鼎-西松,2023-03-02,9136
00712,復華富時不動產,31,0,31,群益金鼎-西松,2023-03-02,9136
4763,材料-KY,34,3,31,群益金鼎-西松,2023-03-02,9136
1442,名軒,22,0,22,群益金鼎-西松,2023-03-02,9136
2634,漢翔,16,0,16,群益金鼎-西松,2023-03-02,9136
4919,新唐,19,3,16,群益金鼎-西松,2023-03-02,9136
00632R,元大台灣50反1,70,55,15,群益金鼎-西松,2023-03-02,9136
1565,精華,15,0,15,群益金鼎-西松,2023-03-02,9136
2201,裕隆,13,0,13,群益金鼎-西松,2023-03-02,9136
5608,四維航,22,9,13,群益金鼎-西松,2023-03-02,9136
2834,臺企銀,11,0,11,群益金鼎-西松,2023-03-02,9136
6547,高端疫苗,10,0,10,群益金鼎-西松,2023-03-02,9136
2888,新光金,10,0,10,群益金鼎-西松,2023-03-02,9136
2889,國票金,10,0,10,群益金鼎-西松,2023-03-02,9136
3005,神基,10,0,10,群益金鼎-西松,2023-03-02,9136
6005,群益證,10,0,10,群益金鼎-西松,2023-03-02,9136
8070,長華*,10,0,10,群益金鼎-西松,2023-03-02,9136
2727,王品,12,2,10,群益金鼎-西松,2023-03-02,9136
1101,台泥,9,0,9,群益金鼎-西松,2023-03-02,9136
3594,磐儀,57,48,9,群益金鼎-西松,2023-03-02,9136
3702,大聯大,9,0,9,群益金鼎-西松,2023-03-02,9136
4503,金雨,9,0,9,群益金鼎-西松,2023-03-02,9136
2515,中工,10,2,8,群益金鼎-西松,2023-03-02,9136
3645,達邁,8,0,8,群益金鼎-西松,2023-03-02,9136
6799,來頡,11,3,8,群益金鼎-西松,2023-03-02,9136
8091,翔名,8,0,8,群益金鼎-西松,2023-03-02,9136
4746,台耀,7,0,7,群益金鼎-西松,2023-03-02,9136
8171,天宇,14,7,7,群益金鼎-西松,2023-03-02,9136
8996,高力,7,0,7,群益金鼎-西松,2023-03-02,9136
2486,一詮,6,0,6,群益金鼎-西松,2023-03-02,9136
3535,晶彩科,6,0,6,群益金鼎-西松,2023-03-02,9136
4968,立積,6,0,6,群益金鼎-西松,2023-03-02,9136
6176,瑞儀,6,0,6,群益金鼎-西松,2023-03-02,9136
2454,聯發科,7,1,6,群益金鼎-西松,2023-03-02,9136
00720B,元大投資級公司債,5,0,5,群益金鼎-西松,2023-03-02,9136
00751B,元大AAA至A公司債,5,0,5,群益金鼎-西松,2023-03-02,9136
01002T,土銀國泰R1,5,0,5,群益金鼎-西松,2023-03-02,9136
2399,映泰,5,0,5,群益金鼎-西松,2023-03-02,9136
2712,遠雄來,5,0,5,群益金鼎-西松,2023-03-02,9136
4114,健喬,5,0,5,群益金鼎-西松,2023-03-02,9136
6257,矽格,5,0,5,群益金鼎-西松,2023-03-02,9136
00893,國泰智能電動車,4,0,4,群益金鼎-西松,2023-03-02,9136
00632R,元大台灣50反1,275,5,270,群益金鼎-西松,2023-03-03,9136
2482,連宇,186,10,176,群益金鼎-西松,2023-03-03,9136
00878,國泰永續高股息,107,2,105,群益金鼎-西松,2023-03-03,9136
2457,飛宏,112,13,99,群益金鼎-西松,2023-03-03,9136
3591,艾笛森,100,16,84,群益金鼎-西松,2023-03-03,9136
2344,華邦電,129,47,82,群益金鼎-西松,2023-03-03,9136
2317,鴻海,50,11,39,群益金鼎-西松,2023-03-03,9136
2845,遠東銀,36,0,36,群益金鼎-西松,2023-03-03,9136
00712,復華富時不動產,32,0,32,群益金鼎-西松,2023-03-03,9136
1442,名軒,23,0,23,群益金鼎-西松,2023-03-03,9136
6770,力積電,20,0,20,群益金鼎-西松,2023-03-03,9136
6266,泰詠,20,0,20,群益金鼎-西松,2023-03-03,9136
3710,連展投控,20,0,20,群益金鼎-西松,2023-03-03,9136
8478,東哥遊艇,24,4,20,群益金鼎-西松,2023-03-03,9136
2618,長榮航,20,1,19,群益金鼎-西松,2023-03-03,9136
8110,華東,17,1,16,群益金鼎-西松,2023-03-03,9136
8454,富邦媒,16,0,16,群益金鼎-西松,2023-03-03,9136
8227,巨有科技,43,27,16,群益金鼎-西松,2023-03-03,9136
1565,精華,15,0,15,群益金鼎-西松,2023-03-03,9136
1810,和成,25,10,15,群益金鼎-西松,2023-03-03,9136
5608,四維航,17,3,14,群益金鼎-西松,2023-03-03,9136
6799,來頡,17,3,14,群益金鼎-西松,2023-03-03,9136
8215,明基材,14,0,14,群益金鼎-西松,2023-03-03,9136
1752,南光,19,6,13,群益金鼎-西松,2023-03-03,9136
6235,華孚,34,22,12,群益金鼎-西松,2023-03-03,9136
5340,建榮,12,0,12,群益金鼎-西松,2023-03-03,9136
1906,寶隆,10,0,10,群益金鼎-西松,2023-03-03,9136
3321,同泰,10,0,10,群益金鼎-西松,2023-03-03,9136
4966,譜瑞-KY,10,0,10,群益金鼎-西松,2023-03-03,9136
2834,臺企銀,21,12,9,群益金鼎-西松,2023-03-03,9136
1605,華新,62,54,8,群益金鼎-西松,2023-03-03,9136
2607,榮運,10,2,8,群益金鼎-西松,2023-03-03,9136
00637L,元大滬深300正2,28,20,8,群益金鼎-西松,2023-03-03,9136
2498,宏達電,7,0,7,群益金鼎-西松,2023-03-03,9136
5351,鈺創,8,1,7,群益金鼎-西松,2023-03-03,9136
3711,日月光投控,7,0,7,群益金鼎-西松,2023-03-03,9136
3027,盛達,7,1,6,群益金鼎-西松,2023-03-03,9136
4934,太極,6,0,6,群益金鼎-西松,2023-03-03,9136
00891,中信關鍵半導體,5,0,5,群益金鼎-西松,2023-03-03,9136
1709,和益,8,3,5,群益金鼎-西松,2023-03-03,9136
2375,凱美,5,0,5,群益金鼎-西松,2023-03-03,9136
2601,益航,5,0,5,群益金鼎-西松,2023-03-03,9136
3652,精聯,7,2,5,群益金鼎-西松,2023-03-03,9136
6143,振曜,5,0,5,群益金鼎-西松,2023-03-03,9136
6666,羅麗芬-KY,5,0,5,群益金鼎-西松,2023-03-03,9136
6859,伯特光,5,0,5,群益金鼎-西松,2023-03-03,9136
8046,南電,13,8,5,群益金鼎-西松,2023-03-03,9136
8431,匯鑽科,5,0,5,群益金鼎-西松,2023-03-03,9136
9945,潤泰新,5,0,5,群益金鼎-西松,2023-03-03,9136
3094,聯傑,5,0,5,群益金鼎-西松,2023-03-03,9136
5521,工信,186,0,186,群益金鼎-西松,2023-03-06,9136
2409,友達,161,0,161,群益金鼎-西松,2023-03-06,9136
6143,振曜,118,1,117,群益金鼎-西松,2023-03-06,9136
2344,華邦電,134,37,97,群益金鼎-西松,2023-03-06,9136
2345,智邦,74,4,70,群益金鼎-西松,2023-03-06,9136
2481,強茂,76,7,69,群益金鼎-西松,2023-03-06,9136
00632R,元大台灣50反1,208,145,63,群益金鼎-西松,2023-03-06,9136
6770,力積電,61,7,54,群益金鼎-西松,2023-03-06,9136
6274,台燿,55,4,51,群益金鼎-西松,2023-03-06,9136
3526,凡甲,40,0,40,群益金鼎-西松,2023-03-06,9136
4763,材料-KY,46,6,40,群益金鼎-西松,2023-03-06,9136
6116,彩晶,128,94,34,群益金鼎-西松,2023-03-06,9136
8222,寶一,53,22,31,群益金鼎-西松,2023-03-06,9136
00633L,富邦上証正2,36,6,30,群益金鼎-西松,2023-03-06,9136
2618,長榮航,27,0,27,群益金鼎-西松,2023-03-06,9136
2609,陽明,40,14,26,群益金鼎-西松,2023-03-06,9136
00772B,中信高評級公司債,25,0,25,群益金鼎-西松,2023-03-06,9136
3207,耀勝,28,5,23,群益金鼎-西松,2023-03-06,9136
2337,旺宏,20,0,20,群益金鼎-西松,2023-03-06,9136
1584,精剛,23,7,16,群益金鼎-西松,2023-03-06,9136
3005,神基,25,9,16,群益金鼎-西松,2023-03-06,9136
3027,盛達,15,0,15,群益金鼎-西松,2023-03-06,9136
4953,緯軟,15,1,14,群益金鼎-西松,2023-03-06,9136
1101,台泥,13,0,13,群益金鼎-西松,2023-03-06,9136
6288,聯嘉,12,1,11,群益金鼎-西松,2023-03-06,9136
3624,光頡,10,0,10,群益金鼎-西松,2023-03-06,9136
00877,復華中國5G,10,0,10,群益金鼎-西松,2023-03-06,9136
1565,精華,10,0,10,群益金鼎-西松,2023-03-06,9136
1570,力肯,10,0,10,群益金鼎-西松,2023-03-06,9136
2535,達欣工,10,0,10,群益金鼎-西松,2023-03-06,9136
2732,六角,25,15,10,群益金鼎-西松,2023-03-06,9136
4174,浩鼎,10,0,10,群益金鼎-西松,2023-03-06,9136
4543,萬在,10,0,10,群益金鼎-西松,2023-03-06,9136
6164,華興,10,0,10,群益金鼎-西松,2023-03-06,9136
6517,保勝光學,10,0,10,群益金鼎-西松,2023-03-06,9136
6788,華景電,10,0,10,群益金鼎-西松,2023-03-06,9136
3675,德微,15,6,9,群益金鼎-西松,2023-03-06,9136
6188,廣明,12,3,9,群益金鼎-西松,2023-03-06,9136
8440,綠電,11,2,9,群益金鼎-西松,2023-03-06,9136
00676R,富邦臺灣加權反1,8,0,8,群益金鼎-西松,2023-03-06,9136
1701,中化,7,0,7,群益金鼎-西松,2023-03-06,9136
2641,正德,9,2,7,群益金鼎-西松,2023-03-06,9136
6576,逸達,7,0,7,群益金鼎-西松,2023-03-06,9136
2501,國建,6,0,6,群益金鼎-西松,2023-03-06,9136
2891,中信金,6,0,6,群益金鼎-西松,2023-03-06,9136
3661,世芯-KY,8,2,6,群益金鼎-西松,2023-03-06,9136
4960,誠美材,5,0,5,群益金鼎-西松,2023-03-06,9136
00637L,元大滬深300正2,44,39,5,群益金鼎-西松,2023-03-06,9136
1215,卜蜂,6,1,5,群益金鼎-西松,2023-03-06,9136
1569,濱川,5,0,5,群益金鼎-西松,2023-03-06,9136
2457,飛宏,253,146,107,群益金鼎-西松,2023-03-07,9136
6279,胡連,81,0,81,群益金鼎-西松,2023-03-07,9136
3321,同泰,57,0,57,群益金鼎-西松,2023-03-07,9136
1605,華新,106,51,55,群益金鼎-西松,2023-03-07,9136
2889,國票金,60,6,54,群益金鼎-西松,2023-03-07,9136
5425,台半,57,10,47,群益金鼎-西松,2023-03-07,9136
6770,力積電,76,35,41,群益金鼎-西松,2023-03-07,9136
3481,群創,73,33,40,群益金鼎-西松,2023-03-07,9136
6116,彩晶,39,0,39,群益金鼎-西松,2023-03-07,9136
00877,復華中國5G,30,0,30,群益金鼎-西松,2023-03-07,9136
4119,旭富,30,0,30,群益金鼎-西松,2023-03-07,9136
00637L,元大滬深300正2,42,14,28,群益金鼎-西松,2023-03-07,9136
3141,晶宏,28,0,28,群益金鼎-西松,2023-03-07,9136
006208,富邦台50,26,0,26,群益金鼎-西松,2023-03-07,9136
2371,大同,30,4,26,群益金鼎-西松,2023-03-07,9136
3047,訊舟,26,0,26,群益金鼎-西松,2023-03-07,9136
2328,廣宇,31,7,24,群益金鼎-西松,2023-03-07,9136
2482,連宇,54,30,24,群益金鼎-西松,2023-03-07,9136
1524,耿鼎,33,10,23,群益金鼎-西松,2023-03-07,9136
2303,聯電,74,52,22,群益金鼎-西松,2023-03-07,9136
00878,國泰永續高股息,34,13,21,群益金鼎-西松,2023-03-07,9136
1314,中石化,20,0,20,群益金鼎-西松,2023-03-07,9136
2867,三商壽,20,0,20,群益金鼎-西松,2023-03-07,9136
3042,晶技,20,0,20,群益金鼎-西松,2023-03-07,9136
6153,嘉聯益,20,0,20,群益金鼎-西松,2023-03-07,9136
1513,中興電,50,34,16,群益金鼎-西松,2023-03-07,9136
2344,華邦電,35,20,15,群益金鼎-西松,2023-03-07,9136
1460,宏遠,15,0,15,群益金鼎-西松,2023-03-07,9136
00713,元大台灣高息低波,15,0,15,群益金鼎-西松,2023-03-07,9136
1907,永豐餘,14,0,14,群益金鼎-西松,2023-03-07,9136
6188,廣明,15,2,13,群益金鼎-西松,2023-03-07,9136
2486,一詮,28,16,12,群益金鼎-西松,2023-03-07,9136
2497,怡利電,12,0,12,群益金鼎-西松,2023-03-07,9136
8112,至上,13,1,12,群益金鼎-西松,2023-03-07,9136
2206,三陽工業,12,2,10,群益金鼎-西松,2023-03-07,9136
2329,華泰,10,0,10,群益金鼎-西松,2023-03-07,9136
2886,兆豐金,10,0,10,群益金鼎-西松,2023-03-07,9136
5443,均豪,10,0,10,群益金鼎-西松,2023-03-07,9136
6531,愛普*,15,5,10,群益金鼎-西松,2023-03-07,9136
1442,名軒,10,0,10,群益金鼎-西松,2023-03-07,9136
1591,駿吉-KY,13,3,10,群益金鼎-西松,2023-03-07,9136
3413,京鼎,9,0,9,群益金鼎-西松,2023-03-07,9136
2618,長榮航,20,11,9,群益金鼎-西松,2023-03-07,9136
6118,建達,10,1,9,群益金鼎-西松,2023-03-07,9136
2330,台積電,10,1,9,群益金鼎-西松,2023-03-07,9136
3019,亞光,14,6,8,群益金鼎-西松,2023-03-07,9136
3207,耀勝,8,0,8,群益金鼎-西松,2023-03-07,9136
1710,東聯,11,3,8,群益金鼎-西松,2023-03-07,9136
2603,長榮,11,4,7,群益金鼎-西松,2023-03-07,9136
2615,萬海,7,0,7,群益金鼎-西松,2023-03-07,9136
2888,新光金,308,0,308,群益金鼎-西松,2023-03-08,9136
5285,界霖,241,5,236,群益金鼎-西松,2023-03-08,9136
3356,奇偶,128,1,127,群益金鼎-西松,2023-03-08,9136
8171,天宇,70,1,69,群益金鼎-西松,2023-03-08,9136
00632R,元大台灣50反1,72,17,55,群益金鼎-西松,2023-03-08,9136
2881,富邦金,42,0,42,群益金鼎-西松,2023-03-08,9136
1504,東元,128,88,40,群益金鼎-西松,2023-03-08,9136
1442,名軒,40,5,35,群益金鼎-西松,2023-03-08,9136
4763,材料-KY,39,7,32,群益金鼎-西松,2023-03-08,9136
5230,雷笛克光學,31,0,31,群益金鼎-西松,2023-03-08,9136
00715L,期街口布蘭特正2,27,0,27,群益金鼎-西松,2023-03-08,9136
0056,元大高股息,24,0,24,群益金鼎-西松,2023-03-08,9136
2419,仲琦,25,1,24,群益金鼎-西松,2023-03-08,9136
2014,中鴻,22,0,22,群益金鼎-西松,2023-03-08,9136
00637L,元大滬深300正2,67,45,22,群益金鼎-西松,2023-03-08,9136
2314,台揚,23,1,22,群益金鼎-西松,2023-03-08,9136
3675,德微,27,6,21,群益金鼎-西松,2023-03-08,9136
00878,國泰永續高股息,23,3,20,群益金鼎-西松,2023-03-08,9136
4113,聯上,20,0,20,群益金鼎-西松,2023-03-08,9136
2634,漢翔,36,17,19,群益金鼎-西松,2023-03-08,9136
00923,群益台ESG低碳50,49,30,19,群益金鼎-西松,2023-03-08,9136
2820,華票,16,0,16,群益金鼎-西松,2023-03-08,9136
00893,國泰智能電動車,20,5,15,群益金鼎-西松,2023-03-08,9136
2405,輔信,15,0,15,群益金鼎-西松,2023-03-08,9136
2489,瑞軒,15,0,15,群益金鼎-西松,2023-03-08,9136
3518,柏騰,15,0,15,群益金鼎-西松,2023-03-08,9136
4304,勝昱,15,0,15,群益金鼎-西松,2023-03-08,9136
2801,彰銀,15,1,14,群益金鼎-西松,2023-03-08,9136
2208,台船,13,0,13,群益金鼎-西松,2023-03-08,9136
3419,譁裕,13,0,13,群益金鼎-西松,2023-03-08,9136
6517,保勝光學,13,0,13,群益金鼎-西松,2023-03-08,9136
6234,高僑,18,6,12,群益金鼎-西松,2023-03-08,9136
6285,啟��,12,0,12,群益金鼎-西松,2023-03-08,9136
2375,凱美,15,4,11,群益金鼎-西松,2023-03-08,9136
3260,威剛,11,0,11,群益金鼎-西松,2023-03-08,9136
4114,健喬,13,2,11,群益金鼎-西松,2023-03-08,9136
6164,華興,11,0,11,群益金鼎-西松,2023-03-08,9136
8227,巨有科技,12,1,11,群益金鼎-西松,2023-03-08,9136
4976,佳凌,22,11,11,群益金鼎-西松,2023-03-08,9136
2603,長榮,12,2,10,群益金鼎-西松,2023-03-08,9136
1102,亞泥,13,3,10,群益金鼎-西松,2023-03-08,9136
1303,南亞,10,0,10,群益金鼎-西松,2023-03-08,9136
1503,士電,24,14,10,群益金鼎-西松,2023-03-08,9136
1565,精華,10,0,10,群益金鼎-西松,2023-03-08,9136
1711,永光,10,0,10,群益金鼎-西松,2023-03-08,9136
2834,臺企銀,10,0,10,群益金鼎-西松,2023-03-08,9136
2482,連宇,25,16,9,群益金鼎-西松,2023-03-08,9136
2344,華邦電,15,7,8,群益金鼎-西松,2023-03-08,9136
2371,大同,48,40,8,群益金鼎-西松,2023-03-08,9136
3362,先進光,21,13,8,群益金鼎-西松,2023-03-08,9136
2618,長榮航,206,2,204,群益金鼎-西松,2023-03-09,9136
2457,飛宏,244,84,160,群益金鼎-西松,2023-03-09,9136
2881,富邦金,153,0,153,群益金鼎-西松,2023-03-09,9136
3481,群創,75,0,75,群益金鼎-西松,2023-03-09,9136
6282,康舒,63,6,57,群益金鼎-西松,2023-03-09,9136
00637L,元大滬深300正2,55,5,50,群益金鼎-西松,2023-03-09,9136
1442,名軒,43,0,43,群益金鼎-西松,2023-03-09,9136
9105,泰金寶-DR,50,11,39,群益金鼎-西松,2023-03-09,9136
8171,天宇,30,0,30,群益金鼎-西松,2023-03-09,9136
00642U,期元大S＆P石油,25,0,25,群益金鼎-西松,2023-03-09,9136
00715L,期街口布蘭特正2,25,0,25,群益金鼎-西松,2023-03-09,9136
00923,群益台ESG低碳50,36,11,25,群益金鼎-西松,2023-03-09,9136
1460,宏遠,21,0,21,群益金鼎-西松,2023-03-09,9136
1584,精剛,27,6,21,群益金鼎-西松,2023-03-09,9136
2368,金像電,23,2,21,群益金鼎-西松,2023-03-09,9136
00882,中信中國高股息,20,0,20,群益金鼎-西松,2023-03-09,9136
00720B,元大投資級公司債,20,0,20,群益金鼎-西松,2023-03-09,9136
2352,佳世達,51,31,20,群益金鼎-西松,2023-03-09,9136
8091,翔名,20,0,20,群益金鼎-西松,2023-03-09,9136
8927,北基,20,0,20,群益金鼎-西松,2023-03-09,9136
2317,鴻海,20,0,20,群益金鼎-西松,2023-03-09,9136
6443,元晶,34,16,18,群益金鼎-西松,2023-03-09,9136
1303,南亞,17,0,17,群益金鼎-西松,2023-03-09,9136
2609,陽明,28,12,16,群益金鼎-西松,2023-03-09,9136
8163,達方,20,6,14,群益金鼎-西松,2023-03-09,9136
2886,兆豐金,13,0,13,群益金鼎-西松,2023-03-09,9136
4114,健喬,12,0,12,群益金鼎-西松,2023-03-09,9136
2884,玉山金,12,0,12,群益金鼎-西松,2023-03-09,9136
2312,金寶,11,0,11,群益金鼎-西松,2023-03-09,9136
2383,台光電,11,0,11,群益金鼎-西松,2023-03-09,9136
3264,欣銓,11,0,11,群益金鼎-西松,2023-03-09,9136
2353,宏��,10,0,10,群益金鼎-西松,2023-03-09,9136
2820,華票,10,0,10,群益金鼎-西松,2023-03-09,9136
1434,福懋,10,0,10,群益金鼎-西松,2023-03-09,9136
00632R,元大台灣50反1,10,0,10,群益金鼎-西松,2023-03-09,9136
2027,大成鋼,10,0,10,群益金鼎-西松,2023-03-09,9136
2476,鉅祥,10,0,10,群益金鼎-西松,2023-03-09,9136
2610,華航,26,16,10,群益金鼎-西松,2023-03-09,9136
6209,今國光,10,0,10,群益金鼎-西松,2023-03-09,9136
6266,泰詠,17,7,10,群益金鼎-西松,2023-03-09,9136
6531,愛普*,39,29,10,群益金鼎-西松,2023-03-09,9136
00712,復華富時不動產,9,0,9,群益金鼎-西松,2023-03-09,9136
1432,大魯閣,10,1,9,群益金鼎-西松,2023-03-09,9136
2313,華通,11,2,9,群益金鼎-西松,2023-03-09,9136
6116,彩晶,9,0,9,群益金鼎-西松,2023-03-09,9136
6290,良維,9,0,9,群益金鼎-西松,2023-03-09,9136
1101,台泥,12,4,8,群益金鼎-西松,2023-03-09,9136
2328,廣宇,9,1,8,群益金鼎-西松,2023-03-09,9136
4979,華星光,8,0,8,群益金鼎-西松,2023-03-09,9136
8227,巨有科技,23,15,8,群益金鼎-西松,2023-03-09,9136
6719,力智,171,4,167,群益金鼎-西松,2023-03-10,9136
5289,宜鼎,160,3,157,群益金鼎-西松,2023-03-10,9136
00878,國泰永續高股息,126,0,126,群益金鼎-西松,2023-03-10,9136
3362,先進光,80,3,77,群益金鼎-西松,2023-03-10,9136
2883,凱基金,66,0,66,群益金鼎-西松,2023-03-10,9136
2457,飛宏,290,240,50,群益金鼎-西松,2023-03-10,9136
4903,聯光通,50,1,49,群益金鼎-西松,2023-03-10,9136
00923,群益台ESG低碳50,45,0,45,群益金鼎-西松,2023-03-10,9136
00712,復華富時不動產,37,0,37,群益金鼎-西松,2023-03-10,9136
2609,陽明,135,103,32,群益金鼎-西松,2023-03-10,9136
00715L,期街口布蘭特正2,31,0,31,群益金鼎-西松,2023-03-10,9136
8171,天宇,30,2,28,群益金鼎-西松,2023-03-10,9136
1605,華新,31,4,27,群益金鼎-西松,2023-03-10,9136
2743,山富,31,5,26,群益金鼎-西松,2023-03-10,9136
2882,國泰金,28,4,24,群益金鼎-西松,2023-03-10,9136
4162,智擎,23,0,23,群益金鼎-西松,2023-03-10,9136
2344,華邦電,35,14,21,群益金鼎-西松,2023-03-10,9136
0056,元大高股息,21,1,20,群益金鼎-西松,2023-03-10,9136
00891,中信關鍵半導體,20,0,20,群益金鼎-西松,2023-03-10,9136
4977,眾達-KY,22,3,19,群益金鼎-西松,2023-03-10,9136
2014,中鴻,20,2,18,群益金鼎-西松,2023-03-10,9136
5388,中磊,29,12,17,群益金鼎-西松,2023-03-10,9136
3231,緯創,16,0,16,群益金鼎-西松,2023-03-10,9136
1336,台翰,15,0,15,群益金鼎-西松,2023-03-10,9136
6282,康舒,20,6,14,群益金鼎-西松,2023-03-10,9136
2317,鴻海,13,0,13,群益金鼎-西松,2023-03-10,9136
00642U,期元大S＆P石油,13,0,13,群益金鼎-西松,2023-03-10,9136
3714,富采,13,0,13,群益金鼎-西松,2023-03-10,9136
2303,聯電,29,17,12,群益金鼎-西松,2023-03-10,9136
2359,所羅門,16,4,12,群益金鼎-西松,2023-03-10,9136
5475,德宏,12,0,12,群益金鼎-西松,2023-03-10,9136
1536,和大,11,0,11,群益金鼎-西松,2023-03-10,9136
2413,環科,29,18,11,群益金鼎-西松,2023-03-10,9136
00664R,國泰臺灣加權反1,10,0,10,群益金鼎-西松,2023-03-10,9136
1326,台化,10,0,10,群益金鼎-西松,2023-03-10,9136
1609,大亞,12,2,10,群益金鼎-西松,2023-03-10,9136
1616,億泰,10,0,10,群益金鼎-西松,2023-03-10,9136
2641,正德,12,2,10,群益金鼎-西松,2023-03-10,9136
2801,彰銀,10,0,10,群益金鼎-西松,2023-03-10,9136
3041,揚智,10,0,10,群益金鼎-西松,2023-03-10,9136
6679,鈺太,18,8,10,群益金鼎-西松,2023-03-10,9136
8927,北基,10,0,10,群益金鼎-西松,2023-03-10,9136
6770,力積電,10,0,10,群益金鼎-西松,2023-03-10,9136
2482,連宇,29,20,9,群益金鼎-西松,2023-03-10,9136
2328,廣宇,10,1,9,群益金鼎-西松,2023-03-10,9136
2402,毅嘉,55,46,9,群益金鼎-西松,2023-03-10,9136
1101,台泥,11,3,8,群益金鼎-西松,2023-03-10,9136
00905,FT臺灣Smart,8,0,8,群益金鼎-西松,2023-03-10,9136
2313,華通,12,4,8,群益金鼎-西松,2023-03-10,9136
4113,聯上,8,0,8,群益金鼎-西松,2023-03-10,9136
3209,全科,103,0,103,群益金鼎-西松,2023-03-13,9136
00878,國泰永續高股息,79,0,79,群益金鼎-西松,2023-03-13,9136
6182,合晶,68,8,60,群益金鼎-西松,2023-03-13,9136
5309,系統電,63,7,56,群益金鼎-西松,2023-03-13,9136
4903,聯光通,52,0,52,群益金鼎-西松,2023-03-13,9136
2454,聯發科,51,2,49,群益金鼎-西松,2023-03-13,9136
2889,國票金,42,0,42,群益金鼎-西松,2023-03-13,9136
2634,漢翔,44,4,40,群益金鼎-西松,2023-03-13,9136
3207,耀勝,35,1,34,群益金鼎-西松,2023-03-13,9136
2489,瑞軒,31,0,31,群益金鼎-西松,2023-03-13,9136
8390,金益鼎,32,1,31,群益金鼎-西松,2023-03-13,9136
2609,陽明,44,13,31,群益金鼎-西松,2023-03-13,9136
9955,佳龍,59,33,26,群益金鼎-西松,2023-03-13,9136
2888,新光金,22,1,21,群益金鼎-西松,2023-03-13,9136
6719,力智,24,3,21,群益金鼎-西松,2023-03-13,9136
6589,台康生技,20,1,19,群益金鼎-西松,2023-03-13,9136
5009,榮剛,41,23,18,群益金鼎-西松,2023-03-13,9136
3037,欣興,20,3,17,群益金鼎-西松,2023-03-13,9136
2618,長榮航,14,1,13,群益金鼎-西松,2023-03-13,9136
1524,耿鼎,13,0,13,群益金鼎-西松,2023-03-13,9136
2457,飛宏,21,8,13,群益金鼎-西松,2023-03-13,9136
2427,三商電,13,1,12,群益金鼎-西松,2023-03-13,9136
4129A,聯合甲特,12,0,12,群益金鼎-西松,2023-03-13,9136
5425,台半,14,2,12,群益金鼎-西松,2023-03-13,9136
2883,凱基金,12,1,11,群益金鼎-西松,2023-03-13,9136
1438,三地開發,11,0,11,群益金鼎-西松,2023-03-13,9136
3624,光頡,11,0,11,群益金鼎-西松,2023-03-13,9136
4746,台耀,11,0,11,群益金鼎-西松,2023-03-13,9136
1339,昭輝,10,0,10,群益金鼎-西松,2023-03-13,9136
2801,彰銀,10,0,10,群益金鼎-西松,2023-03-13,9136
2906,高林,10,0,10,群益金鼎-西松,2023-03-13,9136
3236,千如,33,23,10,群益金鼎-西松,2023-03-13,9136
6499,益安,10,0,10,群益金鼎-西松,2023-03-13,9136
8049,晶采,10,0,10,群益金鼎-西松,2023-03-13,9136
8927,北基,10,0,10,群益金鼎-西松,2023-03-13,9136
2328,廣宇,10,1,9,群益金鼎-西松,2023-03-13,9136
00751B,元大AAA至A公司債,8,0,8,群益金鼎-西松,2023-03-13,9136
3046,建��,18,10,8,群益金鼎-西松,2023-03-13,9136
6561,是方,8,0,8,群益金鼎-西松,2023-03-13,9136
2534,宏盛,7,0,7,群益金鼎-西松,2023-03-13,9136
2313,華通,12,5,7,群益金鼎-西松,2023-03-13,9136
2845,遠東銀,7,0,7,群益金鼎-西松,2023-03-13,9136
6104,創惟,12,5,7,群益金鼎-西松,2023-03-13,9136
1785,光洋科,6,0,6,群益金鼎-西松,2023-03-13,9136
2812,台中銀,6,0,6,群益金鼎-西松,2023-03-13,9136
3360,尚立,6,0,6,群益金鼎-西松,2023-03-13,9136
4960,誠美材,6,0,6,群益金鼎-西松,2023-03-13,9136
2882,國泰金,7,2,5,群益金鼎-西松,2023-03-13,9136
4564,元翎,6,1,5,群益金鼎-西松,2023-03-13,9136
1109,信大,5,0,5,群益金鼎-西松,2023-03-13,9136
2457,飛宏,213,81,132,群益金鼎-西松,2023-03-14,9136
4113,聯上,93,0,93,群益金鼎-西松,2023-03-14,9136
3481,群創,88,5,83,群益金鼎-西松,2023-03-14,9136
00878,國泰永續高股息,77,2,75,群益金鼎-西松,2023-03-14,9136
2834,臺企銀,60,0,60,群益金鼎-西松,2023-03-14,9136
2609,陽明,69,17,52,群益金鼎-西松,2023-03-14,9136
00665L,富邦�琤肭磪囓�2,50,0,50,群益金鼎-西松,2023-03-14,9136
2610,華航,43,3,40,群益金鼎-西松,2023-03-14,9136
00679B,元大美債20年,40,6,34,群益金鼎-西松,2023-03-14,9136
2883,凱基金,30,0,30,群益金鼎-西松,2023-03-14,9136
1709,和益,32,6,26,群益金鼎-西松,2023-03-14,9136
00637L,元大滬深300正2,45,20,25,群益金鼎-西松,2023-03-14,9136
6116,彩晶,25,0,25,群益金鼎-西松,2023-03-14,9136
2303,聯電,25,1,24,群益金鼎-西松,2023-03-14,9136
1605,華新,40,16,24,群益金鼎-西松,2023-03-14,9136
00893,國泰智能電動車,22,2,20,群益金鼎-西松,2023-03-14,9136
00642U,期元大S＆P石油,20,0,20,群益金鼎-西松,2023-03-14,9136
2482,連宇,23,3,20,群益金鼎-西松,2023-03-14,9136
2836,高雄銀,20,0,20,群益金鼎-西松,2023-03-14,9136
8227,巨有科技,23,6,17,群益金鼎-西松,2023-03-14,9136
00923,群益台ESG低碳50,16,0,16,群益金鼎-西松,2023-03-14,9136
5309,系統電,15,0,15,群益金鼎-西松,2023-03-14,9136
00902,中信電池及儲能,13,0,13,群益金鼎-西松,2023-03-14,9136
2409,友達,12,0,12,群益金鼎-西松,2023-03-14,9136
6589,台康生技,16,4,12,群益金鼎-西松,2023-03-14,9136
0050,元大台灣50,11,0,11,群益金鼎-西松,2023-03-14,9136
6235,華孚,22,11,11,群益金鼎-西松,2023-03-14,9136
1434,福懋,10,0,10,群益金鼎-西松,2023-03-14,9136
3028,增你強,10,0,10,群益金鼎-西松,2023-03-14,9136
1316,上曜,12,2,10,群益金鼎-西松,2023-03-14,9136
1336,台翰,10,0,10,群益金鼎-西松,2023-03-14,9136
2376,技嘉,11,1,10,群益金鼎-西松,2023-03-14,9136
6244,茂迪,31,21,10,群益金鼎-西松,2023-03-14,9136
6257,矽格,10,0,10,群益金鼎-西松,2023-03-14,9136
2889,國票金,12,2,10,群益金鼎-西松,2023-03-14,9136
2887,台新金,9,0,9,群益金鼎-西松,2023-03-14,9136
6770,力積電,9,0,9,群益金鼎-西松,2023-03-14,9136
1217,愛之味,10,1,9,群益金鼎-西松,2023-03-14,9136
2355,敬鵬,9,0,9,群益金鼎-西松,2023-03-14,9136
8927,北基,10,1,9,群益金鼎-西松,2023-03-14,9136
00713,元大台灣高息低波,7,0,7,群益金鼎-西松,2023-03-14,9136
2317,鴻海,11,4,7,群益金鼎-西松,2023-03-14,9136
3702,大聯大,7,0,7,群益金鼎-西松,2023-03-14,9136
00712,復華富時不動產,7,0,7,群益金鼎-西松,2023-03-14,9136
0056,元大高股息,6,0,6,群益金鼎-西松,2023-03-14,9136
1524,耿鼎,6,0,6,群益金鼎-西松,2023-03-14,9136
2891,中信金,6,1,5,群益金鼎-西松,2023-03-14,9136
2885,元大金,5,0,5,群益金鼎-西松,2023-03-14,9136
3707,漢磊,5,0,5,群益金鼎-西松,2023-03-14,9136
2332,友訊,6,1,5,群益金鼎-西松,2023-03-14,9136
2610,華航,153,2,151,群益金鼎-西松,2023-03-15,9136
2344,華邦電,158,11,147,群益金鼎-西松,2023-03-15,9136
00632R,元大台灣50反1,185,57,128,群益金鼎-西松,2023-03-15,9136
00720B,元大投資級公司債,102,0,102,群益金鼎-西松,2023-03-15,9136
00878,國泰永續高股息,94,5,89,群益金鼎-西松,2023-03-15,9136
3624,光頡,96,8,88,群益金鼎-西松,2023-03-15,9136
2707,晶華,70,0,70,群益金鼎-西松,2023-03-15,9136
1718,中纖,50,0,50,群益金鼎-西松,2023-03-15,9136
4763,材料-KY,47,15,32,群益金鼎-西松,2023-03-15,9136
1709,和益,30,4,26,群益金鼎-西松,2023-03-15,9136
2636,台驊控股,25,0,25,群益金鼎-西松,2023-03-15,9136
1402,遠東新,25,0,25,群益金鼎-西松,2023-03-15,9136
00679B,元大美債20年,31,6,25,群益金鼎-西松,2023-03-15,9136
3321,同泰,20,0,20,群益金鼎-西松,2023-03-15,9136
9105,泰金寶-DR,20,0,20,群益金鼎-西松,2023-03-15,9136
2886,兆豐金,17,0,17,群益金鼎-西松,2023-03-15,9136
2630,亞航,14,0,14,群益金鼎-西松,2023-03-15,9136
2545,皇翔,12,0,12,群益金鼎-西松,2023-03-15,9136
3138,耀登,12,0,12,群益金鼎-西松,2023-03-15,9136
6133,金橋,12,0,12,群益金鼎-西松,2023-03-15,9136
6770,力積電,12,0,12,群益金鼎-西松,2023-03-15,9136
00713,元大台灣高息低波,11,0,11,群益金鼎-西松,2023-03-15,9136
3032,偉訓,25,14,11,群益金鼎-西松,2023-03-15,9136
00751B,元大AAA至A公司債,10,0,10,群益金鼎-西松,2023-03-15,9136
2363,矽統,10,0,10,群益金鼎-西松,2023-03-15,9136
2515,中工,34,24,10,群益金鼎-西松,2023-03-15,9136
2888,新光金,10,0,10,群益金鼎-西松,2023-03-15,9136
4953,緯軟,10,0,10,群益金鼎-西松,2023-03-15,9136
6690,安�硌穈T,11,1,10,群益金鼎-西松,2023-03-15,9136
8112,至上,14,4,10,群益金鼎-西松,2023-03-15,9136
1513,中興電,11,2,9,群益金鼎-西松,2023-03-15,9136
2476,鉅祥,13,5,8,群益金鼎-西松,2023-03-15,9136
2887,台新金,9,1,8,群益金鼎-西松,2023-03-15,9136
2889,國票金,13,5,8,群益金鼎-西松,2023-03-15,9136
6288,聯嘉,10,2,8,群益金鼎-西松,2023-03-15,9136
4157,太景*-KY,7,0,7,群益金鼎-西松,2023-03-15,9136
00923,群益台ESG低碳50,6,0,6,群益金鼎-西松,2023-03-15,9136
1303,南亞,6,0,6,群益金鼎-西松,2023-03-15,9136
2342,茂矽,6,0,6,群益金鼎-西松,2023-03-15,9136
2891,中信金,5,0,5,群益金鼎-西松,2023-03-15,9136
3037,欣興,6,1,5,群益金鼎-西松,2023-03-15,9136
2820,華票,5,0,5,群益金鼎-西松,2023-03-15,9136
1447,力鵬,5,0,5,群益金鼎-西松,2023-03-15,9136
1314,中石化,5,0,5,群益金鼎-西松,2023-03-15,9136
00642U,期元大S＆P石油,5,0,5,群益金鼎-西松,2023-03-15,9136
2890,永豐金,5,0,5,群益金鼎-西松,2023-03-15,9136
3005,神基,5,0,5,群益金鼎-西松,2023-03-15,9136
3045,台灣大,5,0,5,群益金鼎-西松,2023-03-15,9136
3062,建漢,5,0,5,群益金鼎-西松,2023-03-15,9136
3264,欣銓,5,0,5,群益金鼎-西松,2023-03-15,9136
3209,全科,103,1,102,群益金鼎-西松,2023-03-16,9136
2707,晶華,81,0,81,群益金鼎-西松,2023-03-16,9136
2834,臺企銀,107,31,76,群益金鼎-西松,2023-03-16,9136
00753L,中信中國50正2,80,30,50,群益金鼎-西松,2023-03-16,9136
00878,國泰永續高股息,36,0,36,群益金鼎-西松,2023-03-16,9136
4903,聯光通,31,0,31,群益金鼎-西松,2023-03-16,9136
8261,富鼎,30,0,30,群益金鼎-西松,2023-03-16,9136
00642U,期元大S＆P石油,29,0,29,群益金鼎-西松,2023-03-16,9136
6593,台灣銘板,30,2,28,群益金鼎-西松,2023-03-16,9136
2884,玉山金,27,1,26,群益金鼎-西松,2023-03-16,9136
1584,精剛,60,34,26,群益金鼎-西松,2023-03-16,9136
00713,元大台灣高息低波,24,0,24,群益金鼎-西松,2023-03-16,9136
2888,新光金,25,2,23,群益金鼎-西松,2023-03-16,9136
8027,鈦昇,20,0,20,群益金鼎-西松,2023-03-16,9136
00679B,元大美債20年,24,4,20,群益金鼎-西松,2023-03-16,9136
00664R,國泰臺灣加權反1,20,2,18,群益金鼎-西松,2023-03-16,9136
2882,國泰金,22,4,18,群益金鼎-西松,2023-03-16,9136
2330,台積電,141,125,16,群益金鼎-西松,2023-03-16,9136
2867,三商壽,20,4,16,群益金鼎-西松,2023-03-16,9136
9907,統一實,16,0,16,群益金鼎-西松,2023-03-16,9136
6164,華興,17,2,15,群益金鼎-西松,2023-03-16,9136
8049,晶采,15,0,15,群益金鼎-西松,2023-03-16,9136
2891,中信金,17,3,14,群益金鼎-西松,2023-03-16,9136
9945,潤泰新,23,9,14,群益金鼎-西松,2023-03-16,9136
2897,王道銀行,13,0,13,群益金鼎-西松,2023-03-16,9136
5452,佶優,14,1,13,群益金鼎-西松,2023-03-16,9136
2603,長榮,45,32,13,群益金鼎-西松,2023-03-16,9136
6266,泰詠,12,0,12,群益金鼎-西松,2023-03-16,9136
2615,萬海,12,1,11,群益金鼎-西松,2023-03-16,9136
1605,華新,13,2,11,群益金鼎-西松,2023-03-16,9136
2845,遠東銀,12,0,12,群益金鼎-西松,2023-03-16,9136
6679,鈺太,11,0,11,群益金鼎-西松,2023-03-16,9136
2542,興富發,10,0,10,群益金鼎-西松,2023-03-16,9136
00903,富邦元宇宙,10,0,10,群益金鼎-西松,2023-03-16,9136
00662,富邦NASDAQ,10,0,10,群益金鼎-西松,2023-03-16,9136
2885,元大金,10,0,10,群益金鼎-西松,2023-03-16,9136
3017,奇鋐,11,1,10,群益金鼎-西松,2023-03-16,9136
3321,同泰,10,0,10,群益金鼎-西松,2023-03-16,9136
3706,神達,10,0,10,群益金鼎-西松,2023-03-16,9136
5309,系統電,10,0,10,群益金鼎-西松,2023-03-16,9136
5475,德宏,10,0,10,群益金鼎-西松,2023-03-16,9136
6257,矽格,10,0,10,群益金鼎-西松,2023-03-16,9136
3056,富華新,10,1,9,群益金鼎-西松,2023-03-16,9136
8936,國統,10,1,9,群益金鼎-西松,2023-03-16,9136
00637L,元大滬深300正2,30,22,8,群益金鼎-西松,2023-03-16,9136
1611,中電,27,19,8,群益金鼎-西松,2023-03-16,9136
3032,偉訓,8,0,8,群益金鼎-西松,2023-03-16,9136
4164,承業醫,10,2,8,群益金鼎-西松,2023-03-16,9136
2889,國票金,15,7,8,群益金鼎-西松,2023-03-16,9136
6770,力積電,7,0,7,群益金鼎-西松,2023-03-16,9136
00632R,元大台灣50反1,485,65,420,群益金鼎-西松,2023-03-17,9136
2888,新光金,300,0,300,群益金鼎-西松,2023-03-17,9136
2330,台積電,135,6,129,群益金鼎-西松,2023-03-17,9136
00665L,富邦�琤肭磪囓�2,80,0,80,群益金鼎-西松,2023-03-17,9136
1442,名軒,100,40,60,群益金鼎-西松,2023-03-17,9136
00715L,期街口布蘭特正2,56,1,55,群益金鼎-西松,2023-03-17,9136
9939,宏全,39,2,37,群益金鼎-西松,2023-03-17,9136
8050,廣積,35,1,34,群益金鼎-西松,2023-03-17,9136
2609,陽明,33,2,31,群益金鼎-西松,2023-03-17,9136
00753L,中信中國50正2,50,20,30,群益金鼎-西松,2023-03-17,9136
00903,富邦元宇宙,70,40,30,群益金鼎-西松,2023-03-17,9136
00679B,元大美債20年,25,0,25,群益金鼎-西松,2023-03-17,9136
00652,富邦印度,20,0,20,群益金鼎-西松,2023-03-17,9136
2890,永豐金,20,0,20,群益金鼎-西松,2023-03-17,9136
2376,技嘉,18,1,17,群益金鼎-西松,2023-03-17,9136
4304,勝昱,14,0,14,群益金鼎-西松,2023-03-17,9136
3704,合勤控,16,3,13,群益金鼎-西松,2023-03-17,9136
00878,國泰永續高股息,21,8,13,群益金鼎-西松,2023-03-17,9136
5452,佶優,13,0,13,群益金鼎-西松,2023-03-17,9136
2401,凌陽,12,0,12,群益金鼎-西松,2023-03-17,9136
2754,亞洲藏壽司,12,0,12,群益金鼎-西松,2023-03-17,9136
2882,國泰金,12,0,12,群益金鼎-西松,2023-03-17,9136
3032,偉訓,12,0,12,群益金鼎-西松,2023-03-17,9136
5289,宜鼎,15,3,12,群益金鼎-西松,2023-03-17,9136
00885,富邦越南,11,0,11,群益金鼎-西松,2023-03-17,9136
6443,元晶,27,16,11,群益金鼎-西松,2023-03-17,9136
2359,所羅門,10,0,10,群益金鼎-西松,2023-03-17,9136
2618,長榮航,15,5,10,群益金鼎-西松,2023-03-17,9136
2884,玉山金,10,0,10,群益金鼎-西松,2023-03-17,9136
3702,大聯大,10,0,10,群益金鼎-西松,2023-03-17,9136
6129,普誠,10,0,10,群益金鼎-西松,2023-03-17,9136
4162,智擎,9,0,9,群益金鼎-西松,2023-03-17,9136
6547,高端疫苗,9,0,9,群益金鼎-西松,2023-03-17,9136
3019,亞光,8,0,8,群益金鼎-西松,2023-03-17,9136
00850,元大臺灣ESG永續,8,0,8,群益金鼎-西松,2023-03-17,9136
1609,大亞,8,0,8,群益金鼎-西松,2023-03-17,9136
2313,華通,8,0,8,群益金鼎-西松,2023-03-17,9136
2409,友達,10,2,8,群益金鼎-西松,2023-03-17,9136
6122,擎邦,8,0,8,群益金鼎-西松,2023-03-17,9136
6416,瑞祺電通,8,0,8,群益金鼎-西松,2023-03-17,9136
1513,中興電,22,15,7,群益金鼎-西松,2023-03-17,9136
2883,凱基金,9,2,7,群益金鼎-西松,2023-03-17,9136
3169,亞信,6,0,6,群益金鼎-西松,2023-03-17,9136
9904,寶成,6,0,6,群益金鼎-西松,2023-03-17,9136
2891,中信金,6,0,6,群益金鼎-西松,2023-03-17,9136
3661,世芯-KY,10,5,5,群益金鼎-西松,2023-03-17,9136
00751B,元大AAA至A公司債,5,0,5,群益金鼎-西松,2023-03-17,9136
00650L,復華香港正2,5,0,5,群益金鼎-西松,2023-03-17,9136
1611,中電,5,0,5,群益金鼎-西松,2023-03-17,9136
2392,正崴,5,0,5,群益金鼎-西松,2023-03-17,9136
1504,東元,117,3,114,群益金鼎-西松,2023-03-20,9136
1605,華新,62,7,55,群益金鼎-西松,2023-03-20,9136
2002,中鋼,57,5,52,群益金鼎-西松,2023-03-20,9136
00637L,元大滬深300正2,48,5,43,群益金鼎-西松,2023-03-20,9136
2303,聯電,57,25,32,群益金鼎-西松,2023-03-20,9136
8016,矽創,31,5,26,群益金鼎-西松,2023-03-20,9136
00878,國泰永續高股息,25,0,25,群益金鼎-西松,2023-03-20,9136
3062,建漢,22,0,22,群益金鼎-西松,2023-03-20,9136
2834,臺企銀,20,0,20,群益金鼎-西松,2023-03-20,9136
3032,偉訓,20,0,20,群益金鼎-西松,2023-03-20,9136
3481,群創,25,5,20,群益金鼎-西松,2023-03-20,9136
00642U,期元大S＆P石油,19,0,19,群益金鼎-西松,2023-03-20,9136
2881,富邦金,16,0,16,群益金鼎-西松,2023-03-20,9136
6690,安�硌穈T,21,5,16,群益金鼎-西松,2023-03-20,9136
2882,國泰金,13,0,13,群益金鼎-西松,2023-03-20,9136
2754,亞洲藏壽司,13,0,13,群益金鼎-西松,2023-03-20,9136
2609,陽明,17,5,12,群益金鼎-西松,2023-03-20,9136
00632R,元大台灣50反1,11,0,11,群益金鼎-西松,2023-03-20,9136
4304,勝昱,11,0,11,群益金鼎-西松,2023-03-20,9136
4977,眾達-KY,13,2,11,群益金鼎-西松,2023-03-20,9136
9945,潤泰新,24,13,11,群益金鼎-西松,2023-03-20,9136
3691,碩禾,17,6,11,群益金鼎-西松,2023-03-20,9136
3673,TPK-KY,10,0,10,群益金鼎-西松,2023-03-20,9136
8936,國統,27,17,10,群益金鼎-西松,2023-03-20,9136
2836,高雄銀,10,0,10,群益金鼎-西松,2023-03-20,9136
3162,精確,11,1,10,群益金鼎-西松,2023-03-20,9136
6753,龍德造船,10,0,10,群益金鼎-西松,2023-03-20,9136
2614,東森,10,0,10,群益金鼎-西松,2023-03-20,9136
2603,長榮,8,0,8,群益金鼎-西松,2023-03-20,9136
00923,群益台ESG低碳50,8,0,8,群益金鼎-西松,2023-03-20,9136
2645,長榮航太,10,2,8,群益金鼎-西松,2023-03-20,9136
6719,力智,10,2,8,群益金鼎-西松,2023-03-20,9136
2630,亞航,7,0,7,群益金鼎-西松,2023-03-20,9136
5410,國眾,7,0,7,群益金鼎-西松,2023-03-20,9136
6531,愛普*,54,47,7,群益金鼎-西松,2023-03-20,9136
8222,寶一,14,7,7,群益金鼎-西松,2023-03-20,9136
2888,新光金,6,0,6,群益金鼎-西松,2023-03-20,9136
6129,普誠,6,0,6,群益金鼎-西松,2023-03-20,9136
00715L,期街口布蘭特正2,14,8,6,群益金鼎-西松,2023-03-20,9136
1514,亞力,5,0,5,群益金鼎-西松,2023-03-20,9136
1519,華城,7,2,5,群益金鼎-西松,2023-03-20,9136
1528,恩德,5,0,5,群益金鼎-西松,2023-03-20,9136
1611,中電,5,0,5,群益金鼎-西松,2023-03-20,9136
1810,和成,5,0,5,群益金鼎-西松,2023-03-20,9136
2880,華南金,5,0,5,群益金鼎-西松,2023-03-20,9136
3682,亞太電,5,0,5,群益金鼎-西松,2023-03-20,9136
3704,合勤控,5,0,5,群益金鼎-西松,2023-03-20,9136
4903,聯光通,5,0,5,群益金鼎-西松,2023-03-20,9136
6679,鈺太,5,0,5,群益金鼎-西松,2023-03-20,9136
8927,北基,5,0,5,群益金鼎-西松,2023-03-20,9136
00632R,元大台灣50反1,156,5,151,群益金鼎-西松,2023-03-21,9136
00902,中信電池及儲能,127,0,127,群益金鼎-西松,2023-03-21,9136
3324,雙鴻,105,2,103,群益金鼎-西松,2023-03-21,9136
00665L,富邦�琤肭磪囓�2,100,0,100,群益金鼎-西松,2023-03-21,9136
00753L,中信中國50正2,50,0,50,群益金鼎-西松,2023-03-21,9136
6443,元晶,72,24,48,群益金鼎-西松,2023-03-21,9136
2884,玉山金,32,0,32,群益金鼎-西松,2023-03-21,9136
6163,華電網,32,0,32,群益金鼎-西松,2023-03-21,9136
2609,陽明,40,12,28,群益金鼎-西松,2023-03-21,9136
3029,零壹,28,1,27,群益金鼎-西松,2023-03-21,9136
3032,偉訓,26,1,25,群益金鼎-西松,2023-03-21,9136
2834,臺企銀,32,10,22,群益金鼎-西松,2023-03-21,9136
00715L,期街口布蘭特正2,46,25,21,群益金鼎-西松,2023-03-21,9136
3321,同泰,20,0,20,群益金鼎-西松,2023-03-21,9136
5465,富驊,20,0,20,群益金鼎-西松,2023-03-21,9136
6148,驊宏資,20,2,18,群益金鼎-西松,2023-03-21,9136
4157,太景*-KY,27,10,17,群益金鼎-西松,2023-03-21,9136
6235,華孚,18,2,16,群益金鼎-西松,2023-03-21,9136
2014,中鴻,14,0,14,群益金鼎-西松,2023-03-21,9136
3027,盛達,15,1,14,群益金鼎-西松,2023-03-21,9136
3711,日月光投控,14,0,14,群益金鼎-西松,2023-03-21,9136
2027,大成鋼,13,0,13,群益金鼎-西松,2023-03-21,9136
1503,士電,14,1,13,群益金鼎-西松,2023-03-21,9136
2303,聯電,23,11,12,群益金鼎-西松,2023-03-21,9136
6561,是方,11,0,11,群益金鼎-西松,2023-03-21,9136
00652,富邦印度,10,0,10,群益金鼎-西松,2023-03-21,9136
2885,元大金,10,0,10,群益金鼎-西松,2023-03-21,9136
3169,亞信,10,0,10,群益金鼎-西松,2023-03-21,9136
3631,晟楠,10,0,10,群益金鼎-西松,2023-03-21,9136
5512,力麒,10,0,10,群益金鼎-西松,2023-03-21,9136
6243,迅杰,11,1,10,群益金鼎-西松,2023-03-21,9136
8927,北基,10,0,10,群益金鼎-西松,2023-03-21,9136
00878,國泰永續高股息,11,2,9,群益金鼎-西松,2023-03-21,9136
6669,緯穎,9,0,9,群益金鼎-西松,2023-03-21,9136
2375,凱美,9,0,9,群益金鼎-西松,2023-03-21,9136
3088,艾訊,8,0,8,群益金鼎-西松,2023-03-21,9136
2754,亞洲藏壽司,8,0,8,群益金鼎-西松,2023-03-21,9136
3290,東浦,7,0,7,群益金鼎-西松,2023-03-21,9136
6116,彩晶,12,5,7,群益金鼎-西松,2023-03-21,9136
8033,雷虎,10,3,7,群益金鼎-西松,2023-03-21,9136
2603,長榮,7,1,6,群益金鼎-西松,2023-03-21,9136
00642U,期元大S＆P石油,6,0,6,群益金鼎-西松,2023-03-21,9136
00908,富邦入息REITs+,6,0,6,群益金鼎-西松,2023-03-21,9136
4967,十銓,7,1,6,群益金鼎-西松,2023-03-21,9136
5452,佶優,11,5,6,群益金鼎-西松,2023-03-21,9136
6231,系微,6,0,6,群益金鼎-西松,2023-03-21,9136
00917,中信特選金融,5,0,5,群益金鼎-西松,2023-03-21,9136
00891,中信關鍵半導體,5,0,5,群益金鼎-西松,2023-03-21,9136
1612,宏泰,5,0,5,群益金鼎-西松,2023-03-21,9136
1810,和成,5,0,5,群益金鼎-西松,2023-03-21,9136
1504,東元,817,132,685,群益金鼎-西松,2023-03-22,9136
3324,雙鴻,247,15,232,群益金鼎-西松,2023-03-22,9136
8050,廣積,171,3,168,群益金鼎-西松,2023-03-22,9136
00632R,元大台灣50反1,266,150,116,群益金鼎-西松,2023-03-22,9136
5291,邑昇,85,0,85,群益金鼎-西松,2023-03-22,9136
8171,天宇,72,0,72,群益金鼎-西松,2023-03-22,9136
3321,同泰,60,0,60,群益金鼎-西松,2023-03-22,9136
2317,鴻海,53,5,48,群益金鼎-西松,2023-03-22,9136
2302,麗正,57,23,34,群益金鼎-西松,2023-03-22,9136
2409,友達,33,0,33,群益金鼎-西松,2023-03-22,9136
2601,益航,33,0,33,群益金鼎-西松,2023-03-22,9136
3032,偉訓,31,0,31,群益金鼎-西松,2023-03-22,9136
8927,北基,30,0,30,群益金鼎-西松,2023-03-22,9136
2634,漢翔,28,4,24,群益金鼎-西松,2023-03-22,9136
3013,晟銘電,23,0,23,群益金鼎-西松,2023-03-22,9136
00885,富邦越南,22,0,22,群益金鼎-西松,2023-03-22,9136
00753L,中信中國50正2,50,30,20,群益金鼎-西松,2023-03-22,9136
3207,耀勝,25,5,20,群益金鼎-西松,2023-03-22,9136
6140,訊達,20,0,20,群益金鼎-西松,2023-03-22,9136
1605,華新,21,1,20,群益金鼎-西松,2023-03-22,9136
3704,合勤控,21,1,20,群益金鼎-西松,2023-03-22,9136
00715L,期街口布蘭特正2,18,0,18,群益金鼎-西松,2023-03-22,9136
5211,蒙恬,17,0,17,群益金鼎-西松,2023-03-22,9136
2402,毅嘉,15,0,15,群益金鼎-西松,2023-03-22,9136
1609,大亞,13,1,12,群益金鼎-西松,2023-03-22,9136
3715,定穎投控,12,0,12,群益金鼎-西松,2023-03-22,9136
2609,陽明,16,5,11,群益金鼎-西松,2023-03-22,9136
8176,智捷,11,0,11,群益金鼎-西松,2023-03-22,9136
1303,南亞,10,0,10,群益金鼎-西松,2023-03-22,9136
1513,中興電,20,10,10,群益金鼎-西松,2023-03-22,9136
2371,大同,10,0,10,群益金鼎-西松,2023-03-22,9136
3712,永崴投控,10,0,10,群益金鼎-西松,2023-03-22,9136
6101,寬魚國際,10,0,10,群益金鼎-西松,2023-03-22,9136
6109,亞元,12,2,10,群益金鼎-西松,2023-03-22,9136
6164,華興,10,0,10,群益金鼎-西松,2023-03-22,9136
2457,飛宏,22,13,9,群益金鼎-西松,2023-03-22,9136
3038,全台,9,0,9,群益金鼎-西松,2023-03-22,9136
3576,聯合再生,16,7,9,群益金鼎-西松,2023-03-22,9136
3047,訊舟,8,0,8,群益金鼎-西松,2023-03-22,9136
4432,銘旺實,9,1,8,群益金鼎-西松,2023-03-22,9136
6690,安�硌穈T,8,0,8,群益金鼎-西松,2023-03-22,9136
6282,康舒,7,0,7,群益金鼎-西松,2023-03-22,9136
1584,精剛,11,4,7,群益金鼎-西松,2023-03-22,9136
3094,聯傑,7,0,7,群益金鼎-西松,2023-03-22,9136
1560,中砂,9,3,6,群益金鼎-西松,2023-03-22,9136
2486,一詮,9,3,6,群益金鼎-西松,2023-03-22,9136
3034,聯詠,6,0,6,群益金鼎-西松,2023-03-22,9136
3234,光環,6,0,6,群益金鼎-西松,2023-03-22,9136
3545,敦泰,6,0,6,群益金鼎-西松,2023-03-22,9136
5258,虹堡,9,3,6,群益金鼎-西松,2023-03-22,9136
00878,國泰永續高股息,206,34,172,群益金鼎-西松,2023-03-23,9136
2634,漢翔,108,18,90,群益金鼎-西松,2023-03-23,9136
1504,東元,280,224,56,群益金鼎-西松,2023-03-23,9136
5291,邑昇,55,0,55,群益金鼎-西松,2023-03-23,9136
4763,材料-KY,44,3,41,群益金鼎-西松,2023-03-23,9136
2330,台積電,101,60,41,群益金鼎-西松,2023-03-23,9136
8936,國統,40,1,39,群益金鼎-西松,2023-03-23,9136
00751B,元大AAA至A公司債,36,0,36,群益金鼎-西松,2023-03-23,9136
2303,聯電,73,38,35,群益金鼎-西松,2023-03-23,9136
00632R,元大台灣50反1,45,10,35,群益金鼎-西松,2023-03-23,9136
2399,映泰,35,0,35,群益金鼎-西松,2023-03-23,9136
3419,譁裕,30,0,30,群益金鼎-西松,2023-03-23,9136
2457,飛宏,32,3,29,群益金鼎-西松,2023-03-23,9136
3037,欣興,47,24,23,群益金鼎-西松,2023-03-23,9136
2889,國票金,39,17,22,群益金鼎-西松,2023-03-23,9136
2515,中工,20,0,20,群益金鼎-西松,2023-03-23,9136
2609,陽明,33,14,19,群益金鼎-西松,2023-03-23,9136
3321,同泰,19,0,19,群益金鼎-西松,2023-03-23,9136
3032,偉訓,18,0,18,群益金鼎-西松,2023-03-23,9136
3481,群創,36,20,16,群益金鼎-西松,2023-03-23,9136
3483,力致,15,0,15,群益金鼎-西松,2023-03-23,9136
9945,潤泰新,18,3,15,群益金鼎-西松,2023-03-23,9136
00715L,期街口布蘭特正2,15,2,13,群益金鼎-西松,2023-03-23,9136
1316,上曜,12,0,12,群益金鼎-西松,2023-03-23,9136
3025,星通,25,13,12,群益金鼎-西松,2023-03-23,9136
6414,樺漢,11,0,11,群益金鼎-西松,2023-03-23,9136
3207,耀勝,11,0,11,群益金鼎-西松,2023-03-23,9136
3466,德晉,11,0,11,群益金鼎-西松,2023-03-23,9136
3693,營邦,13,2,11,群益金鼎-西松,2023-03-23,9136
2344,華邦電,20,10,10,群益金鼎-西松,2023-03-23,9136
1402,遠東新,10,0,10,群益金鼎-西松,2023-03-23,9136
00652,富邦印度,10,0,10,群益金鼎-西松,2023-03-23,9136
2888,新光金,10,0,10,群益金鼎-西松,2023-03-23,9136
2890,永豐金,10,0,10,群益金鼎-西松,2023-03-23,9136
4533,協易機,15,5,10,群益金鼎-西松,2023-03-23,9136
6140,訊達,10,0,10,群益金鼎-西松,2023-03-23,9136
6770,力積電,11,1,10,群益金鼎-西松,2023-03-23,9136
8163,達方,10,0,10,群益金鼎-西松,2023-03-23,9136
8924,大田,10,0,10,群益金鼎-西松,2023-03-23,9136
1809,中釉,10,1,9,群益金鼎-西松,2023-03-23,9136
4919,新唐,45,36,9,群益金鼎-西松,2023-03-23,9136
6143,振曜,13,4,9,群益金鼎-西松,2023-03-23,9136
6282,康舒,11,2,9,群益金鼎-西松,2023-03-23,9136
2427,三商電,15,7,8,群益金鼎-西松,2023-03-23,9136
2476,鉅祥,8,0,8,群益金鼎-西松,2023-03-23,9136
2637,慧洋-KY,10,2,8,群益金鼎-西松,2023-03-23,9136
3322,建舜電,11,3,8,群益金鼎-西松,2023-03-23,9136
00720B,元大投資級公司債,7,0,7,群益金鼎-西松,2023-03-23,9136
1524,耿鼎,15,8,7,群益金鼎-西松,2023-03-23,9136
2108,南帝,7,0,7,群益金鼎-西松,2023-03-23,9136
3481,群創,170,11,159,群益金鼎-西松,2023-03-24,9136
8201,無敵,150,0,150,群益金鼎-西松,2023-03-24,9136
00878,國泰永續高股息,151,22,129,群益金鼎-西松,2023-03-24,9136
00720B,元大投資級公司債,80,0,80,群益金鼎-西松,2023-03-24,9136
3437,榮創,118,38,80,群益金鼎-西松,2023-03-24,9136
2743,山富,64,0,64,群益金鼎-西松,2023-03-24,9136
2492,華新科,60,0,60,群益金鼎-西松,2023-03-24,9136
1442,名軒,52,2,50,群益金鼎-西松,2023-03-24,9136
6443,元晶,65,17,48,群益金鼎-西松,2023-03-24,9136
6152,百一,40,0,40,群益金鼎-西松,2023-03-24,9136
2890,永豐金,37,0,37,群益金鼎-西松,2023-03-24,9136
3321,同泰,36,0,36,群益金鼎-西松,2023-03-24,9136
0056,元大高股息,50,17,33,群益金鼎-西松,2023-03-24,9136
1451,年興,29,0,29,群益金鼎-西松,2023-03-24,9136
2609,陽明,30,1,29,群益金鼎-西松,2023-03-24,9136
3715,定穎投控,30,3,27,群益金鼎-西松,2023-03-24,9136
3324,雙鴻,31,5,26,群益金鼎-西松,2023-03-24,9136
6690,安�硌穈T,26,0,26,群益金鼎-西松,2023-03-24,9136
2303,聯電,28,3,25,群益金鼎-西松,2023-03-24,9136
1605,華新,75,54,21,群益金鼎-西松,2023-03-24,9136
00753L,中信中國50正2,50,30,20,群益金鼎-西松,2023-03-24,9136
00665L,富邦�琤肭磪囓�2,130,110,20,群益金鼎-西松,2023-03-24,9136
1434,福懋,20,0,20,群益金鼎-西松,2023-03-24,9136
2515,中工,20,0,20,群益金鼎-西松,2023-03-24,9136
3532,台勝科,20,0,20,群益金鼎-西松,2023-03-24,9136
2603,長榮,23,4,19,群益金鼎-西松,2023-03-24,9136
2889,國票金,20,1,19,群益金鼎-西松,2023-03-24,9136
6104,創惟,20,1,19,群益金鼎-西松,2023-03-24,9136
00751B,元大AAA至A公司債,15,0,15,群益金鼎-西松,2023-03-24,9136
2809,京城銀,15,0,15,群益金鼎-西松,2023-03-24,9136
2455,全新,19,5,14,群益金鼎-西松,2023-03-24,9136
00637L,元大滬深300正2,18,5,13,群益金鼎-西松,2023-03-24,9136
2104,國際中橡,14,1,13,群益金鼎-西松,2023-03-24,9136
3032,偉訓,12,0,12,群益金鼎-西松,2023-03-24,9136
4541,晟田,12,1,11,群益金鼎-西松,2023-03-24,9136
2883,凱基金,21,10,11,群益金鼎-西松,2023-03-24,9136
00712,復華富時不動產,10,0,10,群益金鼎-西松,2023-03-24,9136
2834,臺企銀,10,0,10,群益金鼎-西松,2023-03-24,9136
4960,誠美材,20,10,10,群益金鼎-西松,2023-03-24,9136
00715L,期街口布蘭特正2,72,62,10,群益金鼎-西松,2023-03-24,9136
00632R,元大台灣50反1,10,0,10,群益金鼎-西松,2023-03-24,9136
00885,富邦越南,10,0,10,群益金鼎-西松,2023-03-24,9136
3499,環天科,13,3,10,群益金鼎-西松,2023-03-24,9136
4916,事欣科,10,0,10,群益金鼎-西松,2023-03-24,9136
6257,矽格,20,10,10,群益金鼎-西松,2023-03-24,9136
6592,和潤企業,10,0,10,群益金鼎-西松,2023-03-24,9136
8033,雷虎,13,3,10,群益金鼎-西松,2023-03-24,9136
6863,永道-KY,9,0,9,群益金鼎-西松,2023-03-24,9136
3005,神基,11,3,8,群益金鼎-西松,2023-03-24,9136
5289,宜鼎,15,7,8,群益金鼎-西松,2023-03-24,9136
2344,華邦電,558,3,555,群益金鼎-西松,2023-03-27,9136
2208,台船,171,0,171,群益金鼎-西松,2023-03-27,9136
2408,南亞科,136,1,135,群益金鼎-西松,2023-03-27,9136
2330,台積電,119,5,114,群益金鼎-西松,2023-03-27,9136
6235,華孚,121,13,108,群益金鼎-西松,2023-03-27,9136
3321,同泰,99,0,99,群益金鼎-西松,2023-03-27,9136
3027,盛達,95,10,85,群益金鼎-西松,2023-03-27,9136
1605,華新,114,54,60,群益金鼎-西松,2023-03-27,9136
5291,邑昇,60,0,60,群益金鼎-西松,2023-03-27,9136
3715,定穎投控,59,0,59,群益金鼎-西松,2023-03-27,9136
3032,偉訓,56,0,56,群益金鼎-西松,2023-03-27,9136
4147,中裕,52,5,47,群益金鼎-西松,2023-03-27,9136
2743,山富,43,0,43,群益金鼎-西松,2023-03-27,9136
2303,聯電,44,4,40,群益金鼎-西松,2023-03-27,9136
3037,欣興,55,15,40,群益金鼎-西松,2023-03-27,9136
3231,緯創,54,23,31,群益金鼎-西松,2023-03-27,9136
2342,茂矽,37,12,25,群益金鼎-西松,2023-03-27,9136
0056,元大高股息,26,2,24,群益金鼎-西松,2023-03-27,9136
00715L,期街口布蘭特正2,24,0,24,群益金鼎-西松,2023-03-27,9136
00720B,元大投資級公司債,21,0,21,群益金鼎-西松,2023-03-27,9136
2891,中信金,21,0,21,群益金鼎-西松,2023-03-27,9136
2887,台新金,20,0,20,群益金鼎-西松,2023-03-27,9136
3591,艾笛森,20,0,20,群益金鼎-西松,2023-03-27,9136
00637L,元大滬深300正2,30,10,20,群益金鼎-西松,2023-03-27,9136
1434,福懋,20,0,20,群益金鼎-西松,2023-03-27,9136
6275,元山,20,0,20,群益金鼎-西松,2023-03-27,9136
4971,IET-KY,35,16,19,群益金鼎-西松,2023-03-27,9136
8299,群聯,20,4,16,群益金鼎-西松,2023-03-27,9136
6443,元晶,41,26,15,群益金鼎-西松,2023-03-27,9136
1416,廣豐,14,0,14,群益金鼎-西松,2023-03-27,9136
6182,合晶,30,16,14,群益金鼎-西松,2023-03-27,9136
6415,矽力*-KY,13,0,13,群益金鼎-西松,2023-03-27,9136
3088,艾訊,12,0,12,群益金鼎-西松,2023-03-27,9136
3711,日月光投控,12,0,12,群益金鼎-西松,2023-03-27,9136
2645,長榮航太,14,2,12,群益金鼎-西松,2023-03-27,9136
6770,力積電,13,1,12,群益金鼎-西松,2023-03-27,9136
8121,越峰,16,4,12,群益金鼎-西松,2023-03-27,9136
2392,正崴,11,0,11,群益金鼎-西松,2023-03-27,9136
2413,環科,11,0,11,群益金鼎-西松,2023-03-27,9136
8255,朋程,33,22,11,群益金鼎-西松,2023-03-27,9136
00882,中信中國高股息,10,0,10,群益金鼎-西松,2023-03-27,9136
3014,聯陽,10,0,10,群益金鼎-西松,2023-03-27,9136
1304,台聚,10,0,10,群益金鼎-西松,2023-03-27,9136
1455,集盛,10,0,10,群益金鼎-西松,2023-03-27,9136
1524,耿鼎,12,2,10,群益金鼎-西松,2023-03-27,9136
2106,建大,10,0,10,群益金鼎-西松,2023-03-27,9136
2429,銘旺科,10,0,10,群益金鼎-西松,2023-03-27,9136
2457,飛宏,15,5,10,群益金鼎-西松,2023-03-27,9136
2515,中工,20,10,10,群益金鼎-西松,2023-03-27,9136
3447,展達,10,0,10,群益金鼎-西松,2023-03-27,9136
6197,佳必琪,72,0,72,群益金鼎-西松,2023-03-28,9136
00720B,元大投資級公司債,55,0,55,群益金鼎-西松,2023-03-28,9136
4966,譜瑞-KY,47,1,46,群益金鼎-西松,2023-03-28,9136
2481,強茂,42,3,39,群益金鼎-西松,2023-03-28,9136
6160,欣技,41,2,39,群益金鼎-西松,2023-03-28,9136
3037,欣興,44,7,37,群益金鼎-西松,2023-03-28,9136
3563,牧德,34,0,34,群益金鼎-西松,2023-03-28,9136
6182,合晶,41,7,34,群益金鼎-西松,2023-03-28,9136
6651,全宇昕,36,6,30,群益金鼎-西松,2023-03-28,9136
6285,啟��,29,1,28,群益金鼎-西松,2023-03-28,9136
8255,朋程,29,2,27,群益金鼎-西松,2023-03-28,9136
00751B,元大AAA至A公司債,23,0,23,群益金鼎-西松,2023-03-28,9136
6531,愛普*,28,5,23,群益金鼎-西松,2023-03-28,9136
6550,北極星藥業-KY,23,0,23,群益金鼎-西松,2023-03-28,9136
1301,台塑,25,3,22,群益金鼎-西松,2023-03-28,9136
2371,大同,33,11,22,群益金鼎-西松,2023-03-28,9136
8222,寶一,25,5,20,群益金鼎-西松,2023-03-28,9136
2211,長榮鋼,16,0,16,群益金鼎-西松,2023-03-28,9136
2409,友達,23,7,16,群益金鼎-西松,2023-03-28,9136
3321,同泰,16,0,16,群益金鼎-西松,2023-03-28,9136
2486,一詮,15,0,15,群益金鼎-西松,2023-03-28,9136
2515,中工,15,0,15,群益金鼎-西松,2023-03-28,9136
6288,聯嘉,16,2,14,群益金鼎-西松,2023-03-28,9136
00878,國泰永續高股息,28,15,13,群益金鼎-西松,2023-03-28,9136
3162,精確,13,0,13,群益金鼎-西松,2023-03-28,9136
00679B,元大美債20年,11,0,11,群益金鼎-西松,2023-03-28,9136
2344,華邦電,15,4,11,群益金鼎-西松,2023-03-28,9136
3673,TPK-KY,11,0,11,群益金鼎-西松,2023-03-28,9136
6168,宏齊,12,1,11,群益金鼎-西松,2023-03-28,9136
2609,陽明,16,5,11,群益金鼎-西松,2023-03-28,9136
6547,高端疫苗,10,0,10,群益金鼎-西松,2023-03-28,9136
2340,台亞,10,0,10,群益金鼎-西松,2023-03-28,9136
00715L,期街口布蘭特正2,10,0,10,群益金鼎-西松,2023-03-28,9136
00652,富邦印度,10,0,10,群益金鼎-西松,2023-03-28,9136
00881,國泰台灣5G+,10,0,10,群益金鼎-西松,2023-03-28,9136
2881,富邦金,10,0,10,群益金鼎-西松,2023-03-28,9136
3653,健策,11,1,10,群益金鼎-西松,2023-03-28,9136
5465,富驊,10,0,10,群益金鼎-西松,2023-03-28,9136
6140,訊達,10,0,10,群益金鼎-西松,2023-03-28,9136
6244,茂迪,10,0,10,群益金鼎-西松,2023-03-28,9136
6414,樺漢,10,0,10,群益金鼎-西松,2023-03-28,9136
00882,中信中國高股息,8,0,8,群益金鼎-西松,2023-03-28,9136
5285,界霖,9,1,8,群益金鼎-西松,2023-03-28,9136
6753,龍德造船,10,2,8,群益金鼎-西松,2023-03-28,9136
00773B,中信優先金融債,7,0,7,群益金鼎-西松,2023-03-28,9136
2328,廣宇,7,0,7,群益金鼎-西松,2023-03-28,9136
0056,元大高股息,7,1,6,群益金鼎-西松,2023-03-28,9136
1316,上曜,6,0,6,群益金鼎-西松,2023-03-28,9136
1603,華電,6,0,6,群益金鼎-西松,2023-03-28,9136
2498,宏達電,6,0,6,群益金鼎-西松,2023-03-28,9136
4114,健喬,226,1,225,群益金鼎-西松,2023-03-29,9136
8171,天宇,200,0,200,群益金鼎-西松,2023-03-29,9136
2408,南亞科,140,0,140,群益金鼎-西松,2023-03-29,9136
1504,東元,111,10,101,群益金鼎-西松,2023-03-29,9136
6770,力積電,77,0,77,群益金鼎-西松,2023-03-29,9136
5258,虹堡,63,5,58,群益金鼎-西松,2023-03-29,9136
0050,元大台灣50,50,0,50,群益金鼎-西松,2023-03-29,9136
3321,同泰,50,0,50,群益金鼎-西松,2023-03-29,9136
6244,茂迪,45,0,45,群益金鼎-西松,2023-03-29,9136
00753L,中信中國50正2,101,70,31,群益金鼎-西松,2023-03-29,9136
00885,富邦越南,31,0,31,群益金鼎-西松,2023-03-29,9136
2303,聯電,51,21,30,群益金鼎-西松,2023-03-29,9136
2845,遠東銀,30,0,30,群益金鼎-西松,2023-03-29,9136
3032,偉訓,29,2,27,群益金鼎-西松,2023-03-29,9136
6257,矽格,22,0,22,群益金鼎-西松,2023-03-29,9136
2457,飛宏,29,8,21,群益金鼎-西松,2023-03-29,9136
1710,東聯,20,0,20,群益金鼎-西松,2023-03-29,9136
6182,合晶,17,1,16,群益金鼎-西松,2023-03-29,9136
00882,中信中國高股息,16,1,15,群益金鼎-西松,2023-03-29,9136
6485,點序,17,3,14,群益金鼎-西松,2023-03-29,9136
3162,精確,13,0,13,群益金鼎-西松,2023-03-29,9136
2889,國票金,17,5,12,群益金鼎-西松,2023-03-29,9136
3035,智原,15,4,11,群益金鼎-西松,2023-03-29,9136
00772B,中信高評級公司債,10,0,10,群益金鼎-西松,2023-03-29,9136
2867,三商壽,10,0,10,群益金鼎-西松,2023-03-29,9136
1434,福懋,10,0,10,群益金鼎-西松,2023-03-29,9136
00687B,國泰20年美債,10,0,10,群益金鼎-西松,2023-03-29,9136
1455,集盛,10,0,10,群益金鼎-西松,2023-03-29,9136
2453,凌群,15,5,10,群益金鼎-西松,2023-03-29,9136
2836,高雄銀,10,0,10,群益金鼎-西松,2023-03-29,9136
6233,旺玖,10,0,10,群益金鼎-西松,2023-03-29,9136
6414,樺漢,10,0,10,群益金鼎-西松,2023-03-29,9136
4971,IET-KY,12,3,9,群益金鼎-西松,2023-03-29,9136
5490,同亨,9,0,9,群益金鼎-西松,2023-03-29,9136
4763,材料-KY,9,0,9,群益金鼎-西松,2023-03-29,9136
00878,國泰永續高股息,13,5,8,群益金鼎-西松,2023-03-29,9136
1503,士電,8,0,8,群益金鼎-西松,2023-03-29,9136
5215,科嘉-KY,8,0,8,群益金鼎-西松,2023-03-29,9136
00679B,元大美債20年,7,0,7,群益金鼎-西松,2023-03-29,9136
5425,台半,18,11,7,群益金鼎-西松,2023-03-29,9136
00773B,中信優先金融債,7,0,7,群益金鼎-西松,2023-03-29,9136
1584,精剛,7,0,7,群益金鼎-西松,2023-03-29,9136
2332,友訊,7,0,7,群益金鼎-西松,2023-03-29,9136
3105,穩懋,31,25,6,群益金鼎-西松,2023-03-29,9136
4968,立積,5,0,5,群益金鼎-西松,2023-03-29,9136
00903,富邦元宇宙,5,0,5,群益金鼎-西松,2023-03-29,9136
1760,寶齡富錦,12,7,5,群益金鼎-西松,2023-03-29,9136
2739,寒舍,5,0,5,群益金鼎-西松,2023-03-29,9136
8044,網家,5,0,5,群益金鼎-西松,2023-03-29,9136
8069,元太,7,2,5,群益金鼎-西松,2023-03-29,9136
2342,茂矽,142,2,140,群益金鼎-西松,2023-03-30,9136
3032,偉訓,94,20,74,群益金鼎-西松,2023-03-30,9136
00665L,富邦�琤肭磪囓�2,60,30,30,群益金鼎-西松,2023-03-30,9136
00753L,中信中國50正2,60,30,30,群益金鼎-西松,2023-03-30,9136
2409,友達,25,0,25,群益金鼎-西松,2023-03-30,9136
2489,瑞軒,25,0,25,群益金鼎-西松,2023-03-30,9136
3321,同泰,22,0,22,群益金鼎-西松,2023-03-30,9136
2528,皇普,18,0,18,群益金鼎-西松,2023-03-30,9136
3481,群創,18,0,18,群益金鼎-西松,2023-03-30,9136
00891,中信關鍵半導體,15,0,15,群益金鼎-西松,2023-03-30,9136
3483,力致,16,2,14,群益金鼎-西松,2023-03-30,9136
3231,緯創,30,18,12,群益金鼎-西松,2023-03-30,9136
8050,廣積,19,7,12,群益金鼎-西松,2023-03-30,9136
3653,健策,11,0,11,群益金鼎-西松,2023-03-30,9136
00715L,期街口布蘭特正2,10,0,10,群益金鼎-西松,2023-03-30,9136
3042,晶技,10,0,10,群益金鼎-西松,2023-03-30,9136
6152,百一,12,2,10,群益金鼎-西松,2023-03-30,9136
6733,博晟生醫,10,0,10,群益金鼎-西松,2023-03-30,9136
1609,大亞,10,0,10,群益金鼎-西松,2023-03-30,9136
6133,金橋,40,31,9,群益金鼎-西松,2023-03-30,9136
2534,宏盛,10,1,9,群益金鼎-西松,2023-03-30,9136
2618,長榮航,9,0,9,群益金鼎-西松,2023-03-30,9136
3162,精確,8,0,8,群益金鼎-西松,2023-03-30,9136
4114,健喬,10,3,7,群益金鼎-西松,2023-03-30,9136
4971,IET-KY,7,0,7,群益金鼎-西松,2023-03-30,9136
8047,星雲,7,0,7,群益金鼎-西松,2023-03-30,9136
8088,品安,11,4,7,群益金鼎-西松,2023-03-30,9136
00642U,期元大S＆P石油,6,0,6,群益金鼎-西松,2023-03-30,9136
00632R,元大台灣50反1,56,50,6,群益金鼎-西松,2023-03-30,9136
2328,廣宇,6,0,6,群益金鼎-西松,2023-03-30,9136
2609,陽明,13,7,6,群益金鼎-西松,2023-03-30,9136
3290,東浦,27,21,6,群益金鼎-西松,2023-03-30,9136
00772B,中信高評級公司債,5,0,5,群益金鼎-西松,2023-03-30,9136
2867,三商壽,5,0,5,群益金鼎-西松,2023-03-30,9136
3029,零壹,6,1,5,群益金鼎-西松,2023-03-30,9136
1760,寶齡富錦,6,1,5,群益金鼎-西松,2023-03-30,9136
1762,中化生,5,0,5,群益金鼎-西松,2023-03-30,9136
1810,和成,5,0,5,群益金鼎-西松,2023-03-30,9136
2883,凱基金,5,0,5,群益金鼎-西松,2023-03-30,9136
3206,志豐,5,0,5,群益金鼎-西松,2023-03-30,9136
3312,弘憶股,5,0,5,群益金鼎-西松,2023-03-30,9136
4533,協易機,5,0,5,群益金鼎-西松,2023-03-30,9136
4967,十銓,6,1,5,群益金鼎-西松,2023-03-30,9136
5469,瀚宇博,5,0,5,群益金鼎-西松,2023-03-30,9136
6164,華興,5,0,5,群益金鼎-西松,2023-03-30,9136
6224,聚鼎,5,0,5,群益金鼎-西松,2023-03-30,9136
6715,嘉基,11,6,5,群益金鼎-西松,2023-03-30,9136
6770,力積電,5,0,5,群益金鼎-西松,2023-03-30,9136
00882,中信中國高股息,4,0,4,群益金鼎-西松,2023-03-30,9136
00679B,元大美債20年,4,0,4,群益金鼎-西松,2023-03-30,9136
00632R,元大台灣50反1,182,100,82,群益金鼎-西松,2023-03-31,9136
3006,晶豪科,78,3,75,群益金鼎-西松,2023-03-31,9136
3032,偉訓,153,106,47,群益金鼎-西松,2023-03-31,9136
3321,同泰,41,0,41,群益金鼎-西松,2023-03-31,9136
6470,宇智,35,1,34,群益金鼎-西松,2023-03-31,9136
3664,安瑞-KY,31,0,31,群益金鼎-西松,2023-03-31,9136
6770,力積電,97,67,30,群益金鼎-西松,2023-03-31,9136
3231,緯創,30,2,28,群益金鼎-西松,2023-03-31,9136
3088,艾訊,22,0,22,群益金鼎-西松,2023-03-31,9136
2105,正新,20,0,20,群益金鼎-西松,2023-03-31,9136
4960,誠美材,20,0,20,群益金鼎-西松,2023-03-31,9136
9907,統一實,26,7,19,群益金鼎-西松,2023-03-31,9136
3483,力致,16,0,16,群益金鼎-西松,2023-03-31,9136
3711,日月光投控,19,5,14,群益金鼎-西松,2023-03-31,9136
8227,巨有科技,21,7,14,群益金鼎-西松,2023-03-31,9136
5203,訊連,14,1,13,群益金鼎-西松,2023-03-31,9136
8931,大汽電,11,0,11,群益金鼎-西松,2023-03-31,9136
1451,年興,10,0,10,群益金鼎-西松,2023-03-31,9136
1584,精剛,32,22,10,群益金鼎-西松,2023-03-31,9136
3047,訊舟,10,0,10,群益金鼎-西松,2023-03-31,9136
4113,聯上,10,0,10,群益金鼎-西松,2023-03-31,9136
1718,中纖,9,0,9,群益金鼎-西松,2023-03-31,9136
8277,商丞,9,0,9,群益金鼎-西松,2023-03-31,9136
2834,臺企銀,11,2,9,群益金鼎-西松,2023-03-31,9136
2211,長榮鋼,8,0,8,群益金鼎-西松,2023-03-31,9136
2441,超豐,8,0,8,群益金鼎-西松,2023-03-31,9136
2732,六角,8,0,8,群益金鼎-西松,2023-03-31,9136
4973,廣穎,12,4,8,群益金鼎-西松,2023-03-31,9136
1513,中興電,8,1,7,群益金鼎-西松,2023-03-31,9136
2337,旺宏,33,26,7,群益金鼎-西松,2023-03-31,9136
00751B,元大AAA至A公司債,6,0,6,群益金鼎-西松,2023-03-31,9136
2615,萬海,7,1,6,群益金鼎-西松,2023-03-31,9136
8086,宏捷科,7,2,5,群益金鼎-西松,2023-03-31,9136
1760,寶齡富錦,5,0,5,群益金鼎-西松,2023-03-31,9136
2108,南帝,5,0,5,群益金鼎-西松,2023-03-31,9136
2528,皇普,5,0,5,群益金鼎-西松,2023-03-31,9136
2538,基泰,5,0,5,群益金鼎-西松,2023-03-31,9136
3013,晟銘電,10,5,5,群益金鼎-西松,2023-03-31,9136
3041,揚智,5,0,5,群益金鼎-西松,2023-03-31,9136
3042,晶技,5,0,5,群益金鼎-西松,2023-03-31,9136
3576,聯合再生,5,0,5,群益金鼎-西松,2023-03-31,9136
4528,江興鍛,5,0,5,群益金鼎-西松,2023-03-31,9136
5289,宜鼎,7,2,5,群益金鼎-西松,2023-03-31,9136
6113,亞矽,5,0,5,群益金鼎-西松,2023-03-31,9136
6531,愛普*,10,5,5,群益金鼎-西松,2023-03-31,9136
6416,瑞祺電通,4,0,4,群益金鼎-西松,2023-03-31,9136
2609,陽明,11,7,4,群益金鼎-西松,2023-03-31,9136
3078,僑威,6,2,4,群益金鼎-西松,2023-03-31,9136
6165,浪凡,4,0,4,群益金鼎-西松,2023-03-31,9136
6189,豐藝,4,0,4,群益金鼎-西松,2023-03-31,9136
1519,華城,407,8,399,群益金鼎-西松,2023-04-06,9136
3032,偉訓,301,156,145,群益金鼎-西松,2023-04-06,9136
2515,中工,70,0,70,群益金鼎-西松,2023-04-06,9136
1442,名軒,100,50,50,群益金鼎-西松,2023-04-06,9136
4113,聯上,49,0,49,群益金鼎-西松,2023-04-06,9136
2344,華邦電,41,0,41,群益金鼎-西松,2023-04-06,9136
0056,元大高股息,41,0,41,群益金鼎-西松,2023-04-06,9136
00650L,復華香港正2,41,0,41,群益金鼎-西松,2023-04-06,9136
00680L,元大美債20正2,50,10,40,群益金鼎-西松,2023-04-06,9136
8028,昇陽半導體,35,2,33,群益金鼎-西松,2023-04-06,9136
3035,智原,40,9,31,群益金鼎-西松,2023-04-06,9136
00753L,中信中國50正2,50,20,30,群益金鼎-西松,2023-04-06,9136
6182,合晶,30,0,30,群益金鼎-西松,2023-04-06,9136
8069,元太,32,3,29,群益金鼎-西松,2023-04-06,9136
00637L,元大滬深300正2,29,0,29,群益金鼎-西松,2023-04-06,9136
2303,聯電,52,26,26,群益金鼎-西松,2023-04-06,9136
6209,今國光,25,0,25,群益金鼎-西松,2023-04-06,9136
8033,雷虎,25,0,25,群益金鼎-西松,2023-04-06,9136
2034,允強,20,0,20,群益金鼎-西松,2023-04-06,9136
2867,三商壽,20,0,20,群益金鼎-西松,2023-04-06,9136
6416,瑞祺電通,21,1,20,群益金鼎-西松,2023-04-06,9136
8070,長華*,18,0,18,群益金鼎-西松,2023-04-06,9136
2317,鴻海,20,3,17,群益金鼎-西松,2023-04-06,9136
6589,台康生技,30,13,17,群益金鼎-西松,2023-04-06,9136
2337,旺宏,16,0,16,群益金鼎-西松,2023-04-06,9136
3518,柏騰,42,26,16,群益金鼎-西松,2023-04-06,9136
2609,陽明,15,1,14,群益金鼎-西松,2023-04-06,9136
2882,國泰金,14,0,14,群益金鼎-西松,2023-04-06,9136
00878,國泰永續高股息,14,0,14,群益金鼎-西松,2023-04-06,9136
1309,台達化,12,0,12,群益金鼎-西松,2023-04-06,9136
3025,星通,32,20,12,群益金鼎-西松,2023-04-06,9136
3163,波若威,12,0,12,群益金鼎-西松,2023-04-06,9136
3324,雙鴻,13,2,11,群益金鼎-西松,2023-04-06,9136
6548,長科*,13,2,11,群益金鼎-西松,2023-04-06,9136
2329,華泰,10,0,10,群益金鼎-西松,2023-04-06,9136
2905,三商,10,0,10,群益金鼎-西松,2023-04-06,9136
3664,安瑞-KY,11,1,10,群益金鼎-西松,2023-04-06,9136
4903,聯光通,10,0,10,群益金鼎-西松,2023-04-06,9136
4960,誠美材,10,0,10,群益金鼎-西松,2023-04-06,9136
6116,彩晶,10,0,10,群益金鼎-西松,2023-04-06,9136
6257,矽格,10,0,10,群益金鼎-西松,2023-04-06,9136
00673R,期元大S＆P原油反1,9,0,9,群益金鼎-西松,2023-04-06,9136
1609,大亞,16,7,9,群益金鼎-西松,2023-04-06,9136
00893,國泰智能電動車,8,0,8,群益金鼎-西松,2023-04-06,9136
2618,長榮航,12,4,8,群益金鼎-西松,2023-04-06,9136
2402,毅嘉,15,7,8,群益金鼎-西松,2023-04-06,9136
2641,正德,7,0,7,群益金鼎-西松,2023-04-06,9136
8068,全達,7,0,7,群益金鼎-西松,2023-04-06,9136
00679B,元大美債20年,9,2,7,群益金鼎-西松,2023-04-06,9136
1560,中砂,8,2,6,群益金鼎-西松,2023-04-06,9136
6209,今國光,182,5,177,群益金鼎-西松,2023-04-07,9136
1609,大亞,213,98,115,群益金鼎-西松,2023-04-07,9136
00903,富邦元宇宙,62,5,57,群益金鼎-西松,2023-04-07,9136
5388,中磊,53,0,53,群益金鼎-西松,2023-04-07,9136
1504,東元,60,12,48,群益金鼎-西松,2023-04-07,9136
3032,偉訓,183,136,47,群益金鼎-西松,2023-04-07,9136
4977,眾達-KY,55,17,38,群益金鼎-西松,2023-04-07,9136
5498,凱崴,30,0,30,群益金鼎-西松,2023-04-07,9136
2884,玉山金,25,0,25,群益金鼎-西松,2023-04-07,9136
2834,臺企銀,25,0,25,群益金鼎-西松,2023-04-07,9136
00878,國泰永續高股息,24,0,24,群益金鼎-西松,2023-04-07,9136
4113,聯上,22,0,22,群益金鼎-西松,2023-04-07,9136
00650L,復華香港正2,20,0,20,群益金鼎-西松,2023-04-07,9136
8234,新漢,20,0,20,群益金鼎-西松,2023-04-07,9136
5309,系統電,16,0,16,群益金鼎-西松,2023-04-07,9136
2332,友訊,15,0,15,群益金鼎-西松,2023-04-07,9136
00712,復華富時不動產,14,0,14,群益金鼎-西松,2023-04-07,9136
00720B,元大投資級公司債,11,0,11,群益金鼎-西松,2023-04-07,9136
2308,台達電,10,0,10,群益金鼎-西松,2023-04-07,9136
2243,宏旭-KY,10,0,10,群益金鼎-西松,2023-04-07,9136
2349,錸德,10,0,10,群益金鼎-西松,2023-04-07,9136
2515,中工,10,0,10,群益金鼎-西松,2023-04-07,9136
3518,柏騰,10,0,10,群益金鼎-西松,2023-04-07,9136
6257,矽格,10,0,10,群益金鼎-西松,2023-04-07,9136
6477,安集,23,13,10,群益金鼎-西松,2023-04-07,9136
6531,愛普*,15,5,10,群益金鼎-西松,2023-04-07,9136
3664,安瑞-KY,10,1,9,群益金鼎-西松,2023-04-07,9136
5222,全訊,21,12,9,群益金鼎-西松,2023-04-07,9136
6226,光鼎,8,0,8,群益金鼎-西松,2023-04-07,9136
6753,龍德造船,8,0,8,群益金鼎-西松,2023-04-07,9136
1437,勤益控,21,15,6,群益金鼎-西松,2023-04-07,9136
2236,百達-KY,6,0,6,群益金鼎-西松,2023-04-07,9136
2528,皇普,26,20,6,群益金鼎-西松,2023-04-07,9136
3231,緯創,6,0,6,群益金鼎-西松,2023-04-07,9136
3576,聯合再生,6,0,6,群益金鼎-西松,2023-04-07,9136
4130,健亞,6,0,6,群益金鼎-西松,2023-04-07,9136
8440,綠電,10,4,6,群益金鼎-西松,2023-04-07,9136
00632R,元大台灣50反1,65,60,5,群益金鼎-西松,2023-04-07,9136
1611,中電,5,0,5,群益金鼎-西松,2023-04-07,9136
1906,寶隆,5,0,5,群益金鼎-西松,2023-04-07,9136
2732,六角,5,0,5,群益金鼎-西松,2023-04-07,9136
6147,頎邦,5,0,5,群益金鼎-西松,2023-04-07,9136
2302,麗正,4,0,4,群益金鼎-西松,2023-04-07,9136
1301,台塑,4,0,4,群益金鼎-西松,2023-04-07,9136
00673R,期元大S＆P原油反1,4,0,4,群益金鼎-西松,2023-04-07,9136
1603,華電,4,0,4,群益金鼎-西松,2023-04-07,9136
2314,台揚,5,1,4,群益金鼎-西松,2023-04-07,9136
2402,毅嘉,4,0,4,群益金鼎-西松,2023-04-07,9136
2413,環科,4,0,4,群益金鼎-西松,2023-04-07,9136
4121,優盛,4,0,4,群益金鼎-西松,2023-04-07,9136
2208,台船,203,0,203,群益金鼎-西松,2023-04-10,9136
2330,台積電,117,0,117,群益金鼎-西松,2023-04-10,9136
00753L,中信中國50正2,120,20,100,群益金鼎-西松,2023-04-10,9136
2340,台亞,100,0,100,群益金鼎-西松,2023-04-10,9136
9958,世紀鋼,138,77,61,群益金鼎-西松,2023-04-10,9136
2344,華邦電,58,19,39,群益金鼎-西松,2023-04-10,9136
3032,偉訓,31,0,31,群益金鼎-西松,2023-04-10,9136
6257,矽格,30,0,30,群益金鼎-西松,2023-04-10,9136
2834,臺企銀,25,0,25,群益金鼎-西松,2023-04-10,9136
1762,中化生,22,0,22,群益金鼎-西松,2023-04-10,9136
6142,友勁,22,0,22,群益金鼎-西松,2023-04-10,9136
1444,力麗,20,0,20,群益金鼎-西松,2023-04-10,9136
5465,富驊,20,1,19,群益金鼎-西松,2023-04-10,9136
00673R,期元大S＆P原油反1,16,0,16,群益金鼎-西松,2023-04-10,9136
3576,聯合再生,15,0,15,群益金鼎-西松,2023-04-10,9136
6163,華電網,16,1,15,群益金鼎-西松,2023-04-10,9136
3025,星通,20,6,14,群益金鼎-西松,2023-04-10,9136
00679B,元大美債20年,13,0,13,群益金鼎-西松,2023-04-10,9136
2609,陽明,13,0,13,群益金鼎-西松,2023-04-10,9136
00637L,元大滬深300正2,14,2,12,群益金鼎-西松,2023-04-10,9136
1503,士電,28,17,11,群益金鼎-西松,2023-04-10,9136
1524,耿鼎,12,1,11,群益金鼎-西松,2023-04-10,9136
2402,毅嘉,11,0,11,群益金鼎-西松,2023-04-10,9136
6669,緯穎,12,1,11,群益金鼎-西松,2023-04-10,9136
00720B,元大投資級公司債,10,0,10,群益金鼎-西松,2023-04-10,9136
3006,晶豪科,11,1,10,群益金鼎-西松,2023-04-10,9136
2308,台達電,10,0,10,群益金鼎-西松,2023-04-10,9136
2408,南亞科,11,1,10,群益金鼎-西松,2023-04-10,9136
2439,美律,11,1,10,群益金鼎-西松,2023-04-10,9136
2528,皇普,13,3,10,群益金鼎-西松,2023-04-10,9136
5701,劍湖山,10,0,10,群益金鼎-西松,2023-04-10,9136
6127,九豪,10,0,10,群益金鼎-西松,2023-04-10,9136
6205,詮欣,10,0,10,群益金鼎-西松,2023-04-10,9136
6414,樺漢,10,0,10,群益金鼎-西松,2023-04-10,9136
9907,統一實,10,0,10,群益金鼎-西松,2023-04-10,9136
2634,漢翔,16,7,9,群益金鼎-西松,2023-04-10,9136
2363,矽統,10,1,9,群益金鼎-西松,2023-04-10,9136
2603,長榮,9,1,8,群益金鼎-西松,2023-04-10,9136
3035,智原,10,2,8,群益金鼎-西松,2023-04-10,9136
5269,祥碩,10,2,8,群益金鼎-西松,2023-04-10,9136
6461,益得,8,0,8,群益金鼎-西松,2023-04-10,9136
1708,東鹼,8,1,7,群益金鼎-西松,2023-04-10,9136
6166,凌華,7,0,7,群益金鼎-西松,2023-04-10,9136
8028,昇陽半導體,9,2,7,群益金鼎-西松,2023-04-10,9136
8068,全達,7,0,7,群益金鼎-西松,2023-04-10,9136
2328,廣宇,6,0,6,群益金鼎-西松,2023-04-10,9136
3711,日月光投控,6,0,6,群益金鼎-西松,2023-04-10,9136
5876,上海商銀,6,0,6,群益金鼎-西松,2023-04-10,9136
6733,博晟生醫,5,0,5,群益金鼎-西松,2023-04-10,9136
00665L,富邦�琤肭磪囓�2,65,60,5,群益金鼎-西松,2023-04-10,9136
2867,三商壽,300,20,280,群益金鼎-西松,2023-04-11,9136
6209,今國光,280,0,280,群益金鼎-西松,2023-04-11,9136
3260,威剛,202,1,201,群益金鼎-西松,2023-04-11,9136
3032,偉訓,75,1,74,群益金鼎-西松,2023-04-11,9136
00665L,富邦�琤肭磪囓�2,60,0,60,群益金鼎-西松,2023-04-11,9136
2929,淘帝-KY,54,0,54,群益金鼎-西松,2023-04-11,9136
00753L,中信中國50正2,50,0,50,群益金鼎-西松,2023-04-11,9136
5243,乙盛-KY,51,2,49,群益金鼎-西松,2023-04-11,9136
2495,普安,44,0,44,群益金鼎-西松,2023-04-11,9136
00650L,復華香港正2,40,1,39,群益金鼎-西松,2023-04-11,9136
6732,昇佳電子,38,1,37,群益金鼎-西松,2023-04-11,9136
2368,金像電,45,12,33,群益金鼎-西松,2023-04-11,9136
5309,系統電,30,4,26,群益金鼎-西松,2023-04-11,9136
2634,漢翔,25,3,22,群益金鼎-西松,2023-04-11,9136
2344,華邦電,68,47,21,群益金鼎-西松,2023-04-11,9136
00680L,元大美債20正2,20,0,20,群益金鼎-西松,2023-04-11,9136
0056,元大高股息,24,4,20,群益金鼎-西松,2023-04-11,9136
2022,聚亨,20,0,20,群益金鼎-西松,2023-04-11,9136
3518,柏騰,27,8,19,群益金鼎-西松,2023-04-11,9136
00637L,元大滬深300正2,29,11,18,群益金鼎-西松,2023-04-11,9136
3706,神達,17,0,17,群益金鼎-西松,2023-04-11,9136
5203,訊連,17,0,17,群益金鼎-西松,2023-04-11,9136
3576,聯合再生,15,0,15,群益金鼎-西松,2023-04-11,9136
1605,華新,14,0,14,群益金鼎-西松,2023-04-11,9136
2428,興勤,13,0,13,群益金鼎-西松,2023-04-11,9136
2451,創見,13,0,13,群益金鼎-西松,2023-04-11,9136
1762,中化生,15,3,12,群益金鼎-西松,2023-04-11,9136
6129,普誠,12,0,12,群益金鼎-西松,2023-04-11,9136
6182,合晶,15,3,12,群益金鼎-西松,2023-04-11,9136
1618,合機,15,4,11,群益金鼎-西松,2023-04-11,9136
4113,聯上,11,0,11,群益金鼎-西松,2023-04-11,9136
4979,華星光,14,3,11,群益金鼎-西松,2023-04-11,9136
4903,聯光通,10,0,10,群益金鼎-西松,2023-04-11,9136
4960,誠美材,10,0,10,群益金鼎-西松,2023-04-11,9136
8112,至上,10,0,10,群益金鼎-西松,2023-04-11,9136
8111,立��,10,0,10,群益金鼎-西松,2023-04-11,9136
1609,大亞,14,5,9,群益金鼎-西松,2023-04-11,9136
3047,訊舟,8,0,8,群益金鼎-西松,2023-04-11,9136
8074,鉅橡,8,0,8,群益金鼎-西松,2023-04-11,9136
8110,華東,10,2,8,群益金鼎-西松,2023-04-11,9136
3447,展達,7,0,7,群益金鼎-西松,2023-04-11,9136
6244,茂迪,7,0,7,群益金鼎-西松,2023-04-11,9136
2303,聯電,9,2,7,群益金鼎-西松,2023-04-11,9136
3033,威健,7,0,7,群益金鼎-西松,2023-04-11,9136
4977,眾達-KY,8,1,7,群益金鼎-西松,2023-04-11,9136
6186,新潤,7,0,7,群益金鼎-西松,2023-04-11,9136
00878,國泰永續高股息,35,28,7,群益金鼎-西松,2023-04-11,9136
00712,復華富時不動產,6,0,6,群益金鼎-西松,2023-04-11,9136
00633L,富邦上証正2,6,0,6,群益金鼎-西松,2023-04-11,9136
3324,雙鴻,10,4,6,群益金鼎-西松,2023-04-11,9136
6129,普誠,95,1,94,群益金鼎-西松,2023-04-12,9136
3027,盛達,123,47,76,群益金鼎-西松,2023-04-12,9136
3032,偉訓,78,5,73,群益金鼎-西松,2023-04-12,9136
6443,元晶,73,9,64,群益金鼎-西松,2023-04-12,9136
00637L,元大滬深300正2,62,0,62,群益金鼎-西松,2023-04-12,9136
8299,群聯,61,2,59,群益金鼎-西松,2023-04-12,9136
1609,大亞,130,72,58,群益金鼎-西松,2023-04-12,9136
1514,亞力,97,43,54,群益金鼎-西松,2023-04-12,9136
2913,農林,50,0,50,群益金鼎-西松,2023-04-12,9136
9921,巨大,50,6,44,群益金鼎-西松,2023-04-12,9136
2303,聯電,65,24,41,群益金鼎-西松,2023-04-12,9136
4960,誠美材,40,0,40,群益金鼎-西松,2023-04-12,9136
00679B,元大美債20年,37,0,37,群益金鼎-西松,2023-04-12,9136
1513,中興電,52,21,31,群益金鼎-西松,2023-04-12,9136
8234,新漢,31,1,30,群益金鼎-西松,2023-04-12,9136
00680L,元大美債20正2,28,0,28,群益金鼎-西松,2023-04-12,9136
6806,森崴能源,39,12,27,群益金鼎-西松,2023-04-12,9136
2634,漢翔,82,59,23,群益金鼎-西松,2023-04-12,9136
2329,華泰,27,5,22,群益金鼎-西松,2023-04-12,9136
2409,友達,37,16,21,群益金鼎-西松,2023-04-12,9136
1722,台肥,20,0,20,群益金鼎-西松,2023-04-12,9136
2801,彰銀,20,0,20,群益金鼎-西松,2023-04-12,9136
6217,中探針,22,2,20,群益金鼎-西松,2023-04-12,9136
3338,泰碩,20,1,19,群益金鼎-西松,2023-04-12,9136
00673R,期元大S＆P原油反1,18,0,18,群益金鼎-西松,2023-04-12,9136
1795,美時,21,3,18,群益金鼎-西松,2023-04-12,9136
2486,一詮,13,0,13,群益金鼎-西松,2023-04-12,9136
2890,永豐金,13,0,13,群益金鼎-西松,2023-04-12,9136
4977,眾達-KY,13,1,12,群益金鼎-西松,2023-04-12,9136
6265,方土昶,11,0,11,群益金鼎-西松,2023-04-12,9136
8183,精星,13,2,11,群益金鼎-西松,2023-04-12,9136
1762,中化生,10,0,10,群益金鼎-西松,2023-04-12,9136
2014,中鴻,10,0,10,群益金鼎-西松,2023-04-12,9136
2211,長榮鋼,10,0,10,群益金鼎-西松,2023-04-12,9136
2331,精英,10,0,10,群益金鼎-西松,2023-04-12,9136
2429,銘旺科,10,0,10,群益金鼎-西松,2023-04-12,9136
3380,明泰,10,0,10,群益金鼎-西松,2023-04-12,9136
3664,安瑞-KY,10,0,10,群益金鼎-西松,2023-04-12,9136
4968,立積,15,5,10,群益金鼎-西松,2023-04-12,9136
2344,華邦電,24,15,9,群益金鼎-西松,2023-04-12,9136
3715,定穎投控,11,2,9,群益金鼎-西松,2023-04-12,9136
6789,采鈺,9,0,9,群益金鼎-西松,2023-04-12,9136
1442,名軒,15,7,8,群益金鼎-西松,2023-04-12,9136
2313,華通,21,13,8,群益金鼎-西松,2023-04-12,9136
6223,旺矽,14,6,8,群益金鼎-西松,2023-04-12,9136
2330,台積電,10,2,8,群益金鼎-西松,2023-04-12,9136
00712,復華富時不動產,7,0,7,群益金鼎-西松,2023-04-12,9136
1584,精剛,46,39,7,群益金鼎-西松,2023-04-12,9136
2367,燿華,10,3,7,群益金鼎-西松,2023-04-12,9136
3711,日月光投控,9,2,7,群益金鼎-西松,2023-04-12,9136
2634,漢翔,293,56,237,群益金鼎-西松,2023-04-13,9136
3032,偉訓,228,0,228,群益金鼎-西松,2023-04-13,9136
5521,工信,217,1,216,群益金鼎-西松,2023-04-13,9136
2208,台船,200,26,174,群益金鼎-西松,2023-04-13,9136
2358,廷鑫,110,10,100,群益金鼎-西松,2023-04-13,9136
2867,三商壽,100,8,92,群益金鼎-西松,2023-04-13,9136
6732,昇佳電子,72,2,70,群益金鼎-西松,2023-04-13,9136
00673R,期元大S＆P原油反1,61,0,61,群益金鼎-西松,2023-04-13,9136
1722,台肥,60,0,60,群益金鼎-西松,2023-04-13,9136
3011,今皓,55,1,54,群益金鼎-西松,2023-04-13,9136
1605,華新,56,4,52,群益金鼎-西松,2023-04-13,9136
1514,亞力,60,9,51,群益金鼎-西松,2023-04-13,9136
3576,聯合再生,64,18,46,群益金鼎-西松,2023-04-13,9136
6129,普誠,43,3,40,群益金鼎-西松,2023-04-13,9136
6163,華電網,158,118,40,群益金鼎-西松,2023-04-13,9136
6179,亞通,44,5,39,群益金鼎-西松,2023-04-13,9136
2633,台灣高鐵,36,0,36,群益金鼎-西松,2023-04-13,9136
1718,中纖,45,10,35,群益金鼎-西松,2023-04-13,9136
2313,華通,39,8,31,群益金鼎-西松,2023-04-13,9136
4960,誠美材,30,0,30,群益金鼎-西松,2023-04-13,9136
6116,彩晶,29,0,29,群益金鼎-西松,2023-04-13,9136
1301,台塑,25,0,25,群益金鼎-西松,2023-04-13,9136
2367,燿華,25,0,25,群益金鼎-西松,2023-04-13,9136
2344,華邦電,24,3,21,群益金鼎-西松,2023-04-13,9136
8383,千附,29,8,21,群益金鼎-西松,2023-04-13,9136
3711,日月光投控,20,0,20,群益金鼎-西松,2023-04-13,9136
2801,彰銀,20,0,20,群益金鼎-西松,2023-04-13,9136
6753,龍德造船,24,6,18,群益金鼎-西松,2023-04-13,9136
9945,潤泰新,18,0,18,群益金鼎-西松,2023-04-13,9136
00772B,中信高評級公司債,16,0,16,群益金鼎-西松,2023-04-13,9136
1316,上曜,18,2,16,群益金鼎-西松,2023-04-13,9136
5321,美而快,15,0,15,群益金鼎-西松,2023-04-13,9136
1584,精剛,63,49,14,群益金鼎-西松,2023-04-13,9136
6770,力積電,13,0,13,群益金鼎-西松,2023-04-13,9136
1503,士電,17,5,12,群益金鼎-西松,2023-04-13,9136
2206,三陽工業,15,3,12,群益金鼎-西松,2023-04-13,9136
3338,泰碩,12,0,12,群益金鼎-西松,2023-04-13,9136
00712,復華富時不動產,11,0,11,群益金鼎-西松,2023-04-13,9136
1442,名軒,12,1,11,群益金鼎-西松,2023-04-13,9136
2332,友訊,11,0,11,群益金鼎-西松,2023-04-13,9136
6231,系微,11,0,11,群益金鼎-西松,2023-04-13,9136
8046,南電,11,0,11,群益金鼎-西松,2023-04-13,9136
00923,群益台ESG低碳50,11,1,10,群益金鼎-西松,2023-04-13,9136
3481,群創,47,36,11,群益金鼎-西松,2023-04-13,9136
1314,中石化,10,0,10,群益金鼎-西松,2023-04-13,9136
00687B,國泰20年美債,10,0,10,群益金鼎-西松,2023-04-13,9136
2022,聚亨,10,0,10,群益金鼎-西松,2023-04-13,9136
2429,銘旺科,10,0,10,群益金鼎-西松,2023-04-13,9136
2547,日勝生,10,0,10,群益金鼎-西松,2023-04-13,9136
3169,亞信,19,9,10,群益金鼎-西松,2023-04-13,9136
6234,高僑,420,19,401,群益金鼎-西松,2023-04-14,9136
6005,群益證,441,142,299,群益金鼎-西松,2023-04-14,9136
2634,漢翔,234,64,170,群益金鼎-西松,2023-04-14,9136
5328,華容,82,0,82,群益金鼎-西松,2023-04-14,9136
8464,億豐,80,0,80,群益金鼎-西松,2023-04-14,9136
00673R,期元大S＆P原油反1,60,0,60,群益金鼎-西松,2023-04-14,9136
2515,中工,109,50,59,群益金鼎-西松,2023-04-14,9136
00878,國泰永續高股息,55,7,48,群益金鼎-西松,2023-04-14,9136
00679B,元大美債20年,47,0,47,群益金鼎-西松,2023-04-14,9136
6274,台燿,51,4,47,群益金鼎-西松,2023-04-14,9136
00632R,元大台灣50反1,70,25,45,群益金鼎-西松,2023-04-14,9136
6235,華孚,59,15,44,群益金鼎-西松,2023-04-14,9136
9105,泰金寶-DR,40,0,40,群益金鼎-西松,2023-04-14,9136
1513,中興電,51,19,32,群益金鼎-西松,2023-04-14,9136
0056,元大高股息,31,0,31,群益金鼎-西松,2023-04-14,9136
6782,視陽,31,1,30,群益金鼎-西松,2023-04-14,9136
1314,中石化,32,3,29,群益金鼎-西松,2023-04-14,9136
2801,彰銀,26,0,26,群益金鼎-西松,2023-04-14,9136
00885,富邦越南,22,0,22,群益金鼎-西松,2023-04-14,9136
2402,毅嘉,41,19,22,群益金鼎-西松,2023-04-14,9136
00637L,元大滬深300正2,26,5,21,群益金鼎-西松,2023-04-14,9136
4119,旭富,22,1,21,群益金鼎-西松,2023-04-14,9136
6531,愛普*,25,4,21,群益金鼎-西松,2023-04-14,9136
6806,森崴能源,26,5,21,群益金鼎-西松,2023-04-14,9136
3324,雙鴻,21,1,20,群益金鼎-西松,2023-04-14,9136
3706,神達,20,0,20,群益金鼎-西松,2023-04-14,9136
2303,聯電,23,4,19,群益金鼎-西松,2023-04-14,9136
5309,系統電,21,2,19,群益金鼎-西松,2023-04-14,9136
2382,廣達,21,4,17,群益金鼎-西松,2023-04-14,9136
6176,瑞儀,24,8,16,群益金鼎-西松,2023-04-14,9136
1301,台塑,16,0,16,群益金鼎-西松,2023-04-14,9136
6290,良維,20,4,16,群益金鼎-西松,2023-04-14,9136
00687B,國泰20年美債,15,0,15,群益金鼎-西松,2023-04-14,9136
2413,環科,19,4,15,群益金鼎-西松,2023-04-14,9136
2867,三商壽,22,7,15,群益金鼎-西松,2023-04-14,9136
3419,譁裕,15,0,15,群益金鼎-西松,2023-04-14,9136
6153,嘉聯益,15,0,15,群益金鼎-西松,2023-04-14,9136
2883,凱基金,18,4,14,群益金鼎-西松,2023-04-14,9136
2743,山富,14,0,14,群益金鼎-西松,2023-04-14,9136
3338,泰碩,24,10,14,群益金鼎-西松,2023-04-14,9136
6195,詩肯,14,0,14,群益金鼎-西松,2023-04-14,9136
00720B,元大投資級公司債,13,0,13,群益金鼎-西松,2023-04-14,9136
00751B,元大AAA至A公司債,12,0,12,群益金鼎-西松,2023-04-14,9136
6026,福邦證,14,2,12,群益金鼎-西松,2023-04-14,9136
1584,精剛,38,27,11,群益金鼎-西松,2023-04-14,9136
1722,台肥,11,0,11,群益金鼎-西松,2023-04-14,9136
1519,華城,18,8,10,群益金鼎-西松,2023-04-14,9136
2313,華通,11,1,10,群益金鼎-西松,2023-04-14,9136
2429,銘旺科,10,0,10,群益金鼎-西松,2023-04-14,9136
3380,明泰,10,0,10,群益金鼎-西松,2023-04-14,9136
00720B,元大投資級公司債,247,0,247,群益金鼎-西松,2023-04-17,9136
3032,偉訓,242,1,241,群益金鼎-西松,2023-04-17,9136
2501,國建,220,0,220,群益金鼎-西松,2023-04-17,9136
00772B,中信高評級公司債,101,0,101,群益金鼎-西松,2023-04-17,9136
2634,漢翔,178,103,75,群益金鼎-西松,2023-04-17,9136
00885,富邦越南,70,0,70,群益金鼎-西松,2023-04-17,9136
00679B,元大美債20年,60,0,60,群益金鼎-西松,2023-04-17,9136
2402,毅嘉,67,7,60,群益金鼎-西松,2023-04-17,9136
6235,華孚,57,6,51,群益金鼎-西松,2023-04-17,9136
2312,金寶,46,0,46,群益金鼎-西松,2023-04-17,9136
3481,群創,46,1,45,群益金鼎-西松,2023-04-17,9136
00877,復華中國5G,31,0,31,群益金鼎-西松,2023-04-17,9136
2329,華泰,30,2,28,群益金鼎-西松,2023-04-17,9136
3056,富華新,30,3,27,群益金鼎-西松,2023-04-17,9136
2405,輔信,24,0,24,群益金鼎-西松,2023-04-17,9136
3441,聯一光,23,0,23,群益金鼎-西松,2023-04-17,9136
6244,茂迪,24,2,22,群益金鼎-西松,2023-04-17,9136
00712,復華富時不動產,19,0,19,群益金鼎-西松,2023-04-17,9136
2382,廣達,27,11,16,群益金鼎-西松,2023-04-17,9136
1308,亞聚,15,0,15,群益金鼎-西松,2023-04-17,9136
2630,亞航,33,18,15,群益金鼎-西松,2023-04-17,9136
6180,橘子,14,1,13,群益金鼎-西松,2023-04-17,9136
3071,協禧,25,13,12,群益金鼎-西松,2023-04-17,9136
3712,永崴投控,17,5,12,群益金鼎-西松,2023-04-17,9136
5258,虹堡,16,4,12,群益金鼎-西松,2023-04-17,9136
9921,巨大,13,1,12,群益金鼎-西松,2023-04-17,9136
1605,華新,61,50,11,群益金鼎-西松,2023-04-17,9136
2618,長榮航,11,0,11,群益金鼎-西松,2023-04-17,9136
4114,健喬,13,2,11,群益金鼎-西松,2023-04-17,9136
6245,立端,11,0,11,群益金鼎-西松,2023-04-17,9136
6547,高端疫苗,13,2,11,群益金鼎-西松,2023-04-17,9136
2449,京元電子,11,0,11,群益金鼎-西松,2023-04-17,9136
2104,國際中橡,10,0,10,群益金鼎-西松,2023-04-17,9136
2362,藍天,10,0,10,群益金鼎-西松,2023-04-17,9136
3450,聯鈞,10,0,10,群益金鼎-西松,2023-04-17,9136
4903,聯光通,10,0,10,群益金鼎-西松,2023-04-17,9136
5222,全訊,14,4,10,群益金鼎-西松,2023-04-17,9136
6550,北極星藥業-KY,10,0,10,群益金鼎-西松,2023-04-17,9136
1524,耿鼎,10,1,9,群益金鼎-西松,2023-04-17,9136
4304,勝昱,10,1,9,群益金鼎-西松,2023-04-17,9136
2409,友達,14,6,8,群益金鼎-西松,2023-04-17,9136
6417,韋僑,10,2,8,群益金鼎-西松,2023-04-17,9136
6548,長科*,8,0,8,群益金鼎-西松,2023-04-17,9136
1513,中興電,17,10,7,群益金鼎-西松,2023-04-17,9136
1584,精剛,8,1,7,群益金鼎-西松,2023-04-17,9136
2206,三陽工業,10,3,7,群益金鼎-西松,2023-04-17,9136
2313,華通,14,7,7,群益金鼎-西松,2023-04-17,9136
3207,耀勝,12,5,7,群益金鼎-西松,2023-04-17,9136
00687B,國泰20年美債,6,0,6,群益金鼎-西松,2023-04-17,9136
3374,精材,6,0,6,群益金鼎-西松,2023-04-17,9136
00751B,元大AAA至A公司債,403,0,403,群益金鼎-西松,2023-04-18,9136
2501,國建,181,0,181,群益金鼎-西松,2023-04-18,9136
3011,今皓,164,0,164,群益金鼎-西松,2023-04-18,9136
1444,力麗,115,0,115,群益金鼎-西松,2023-04-18,9136
3032,偉訓,110,7,103,群益金鼎-西松,2023-04-18,9136
3056,富華新,100,8,92,群益金鼎-西松,2023-04-18,9136
1519,華城,83,9,74,群益金鼎-西松,2023-04-18,9136
1605,華新,83,13,70,群益金鼎-西松,2023-04-18,9136
2515,中工,75,12,63,群益金鼎-西松,2023-04-18,9136
00679B,元大美債20年,61,0,61,群益金鼎-西松,2023-04-18,9136
00712,復華富時不動產,55,0,55,群益金鼎-西松,2023-04-18,9136
1442,名軒,45,1,44,群益金鼎-西松,2023-04-18,9136
5009,榮剛,52,13,39,群益金鼎-西松,2023-04-18,9136
9927,泰銘,30,0,30,群益金鼎-西松,2023-04-18,9136
00720B,元大投資級公司債,29,0,29,群益金鼎-西松,2023-04-18,9136
2337,旺宏,26,0,26,群益金鼎-西松,2023-04-18,9136
6443,元晶,43,18,25,群益金鼎-西松,2023-04-18,9136
00673R,期元大S＆P原油反1,40,20,20,群益金鼎-西松,2023-04-18,9136
2347,聯強,20,1,19,群益金鼎-西松,2023-04-18,9136
5512,力麒,20,2,18,群益金鼎-西松,2023-04-18,9136
8112,至上,16,0,16,群益金鼎-西松,2023-04-18,9136
00680L,元大美債20正2,16,0,16,群益金鼎-西松,2023-04-18,9136
2329,華泰,15,0,15,群益金鼎-西松,2023-04-18,9136
6186,新潤,15,0,15,群益金鼎-西松,2023-04-18,9136
00687B,國泰20年美債,14,0,14,群益金鼎-西松,2023-04-18,9136
2481,強茂,17,3,14,群益金鼎-西松,2023-04-18,9136
4977,眾達-KY,21,8,13,群益金鼎-西松,2023-04-18,9136
3545,敦泰,12,0,12,群益金鼎-西松,2023-04-18,9136
00877,復華中國5G,12,0,12,群益金鼎-西松,2023-04-18,9136
2313,華通,27,15,12,群益金鼎-西松,2023-04-18,9136
3047,訊舟,20,8,12,群益金鼎-西松,2023-04-18,9136
4113,聯上,12,0,12,群益金鼎-西松,2023-04-18,9136
4976,佳凌,12,0,12,群益金鼎-西松,2023-04-18,9136
5452,佶優,12,0,12,群益金鼎-西松,2023-04-18,9136
8105,凌巨,13,1,12,群益金鼎-西松,2023-04-18,9136
00772B,中信高評級公司債,12,0,12,群益金鼎-西松,2023-04-18,9136
2457,飛宏,16,5,11,群益金鼎-西松,2023-04-18,9136
2486,一詮,19,8,11,群益金鼎-西松,2023-04-18,9136
6163,華電網,21,10,11,群益金鼎-西松,2023-04-18,9136
6180,橘子,11,0,11,群益金鼎-西松,2023-04-18,9136
3163,波若威,19,8,11,群益金鼎-西松,2023-04-18,9136
1710,東聯,10,0,10,群益金鼎-西松,2023-04-18,9136
3052,夆典,10,0,10,群益金鼎-西松,2023-04-18,9136
3303,岱稜,10,0,10,群益金鼎-西松,2023-04-18,9136
6125,廣運,10,0,10,群益金鼎-西松,2023-04-18,9136
8477,創業家,10,0,10,群益金鼎-西松,2023-04-18,9136
8926,台汽電,15,5,10,群益金鼎-西松,2023-04-18,9136
9955,佳龍,10,0,10,群益金鼎-西松,2023-04-18,9136
1762,中化生,10,1,9,群益金鼎-西松,2023-04-18,9136
2359,所羅門,14,5,9,群益金鼎-西松,2023-04-18,9136
5351,鈺創,342,0,342,群益金鼎-西松,2023-04-19,9136
2634,漢翔,210,8,202,群益金鼎-西松,2023-04-19,9136
3224,三顧,100,1,99,群益金鼎-西松,2023-04-19,9136
2457,飛宏,106,15,91,群益金鼎-西松,2023-04-19,9136
2347,聯強,50,1,49,群益金鼎-西松,2023-04-19,9136
3481,群創,47,2,45,群益金鼎-西松,2023-04-19,9136
6531,愛普*,50,6,44,群益金鼎-西松,2023-04-19,9136
6005,群益證,93,59,34,群益金鼎-西松,2023-04-19,9136
6244,茂迪,58,31,27,群益金鼎-西松,2023-04-19,9136
4157,太景*-KY,25,0,25,群益金鼎-西松,2023-04-19,9136
8068,全達,25,0,25,群益金鼎-西松,2023-04-19,9136
8477,創業家,24,0,24,群益金鼎-西松,2023-04-19,9136
2313,華通,24,2,22,群益金鼎-西松,2023-04-19,9136
3011,今皓,21,0,21,群益金鼎-西松,2023-04-19,9136
2303,聯電,21,1,20,群益金鼎-西松,2023-04-19,9136
2748,雲品,20,0,20,群益金鼎-西松,2023-04-19,9136
6112,邁達特,20,0,20,群益金鼎-西松,2023-04-19,9136
00673R,期元大S＆P原油反1,20,0,20,群益金鼎-西松,2023-04-19,9136
2409,友達,21,1,20,群益金鼎-西松,2023-04-19,9136
1513,中興電,23,4,19,群益金鼎-西松,2023-04-19,9136
1514,亞力,22,3,19,群益金鼎-西松,2023-04-19,9136
6167,久正,20,1,19,群益金鼎-西松,2023-04-19,9136
00642U,期元大S＆P石油,18,0,18,群益金鼎-西松,2023-04-19,9136
00888,永豐台灣ESG,16,0,16,群益金鼎-西松,2023-04-19,9136
2376,技嘉,16,0,16,群益金鼎-西松,2023-04-19,9136
2201,裕隆,23,8,15,群益金鼎-西松,2023-04-19,9136
2236,百達-KY,15,0,15,群益金鼎-西松,2023-04-19,9136
6177,達麗,15,0,15,群益金鼎-西松,2023-04-19,9136
00712,復華富時不動產,14,0,14,群益金鼎-西松,2023-04-19,9136
2888,新光金,13,0,13,群益金鼎-西松,2023-04-19,9136
2331,精英,18,5,13,群益金鼎-西松,2023-04-19,9136
00680L,元大美債20正2,12,0,12,群益金鼎-西松,2023-04-19,9136
3545,敦泰,12,1,11,群益金鼎-西松,2023-04-19,9136
3037,欣興,13,2,11,群益金鼎-西松,2023-04-19,9136
1326,台化,10,0,10,群益金鼎-西松,2023-04-19,9136
1734,杏輝,10,0,10,群益金鼎-西松,2023-04-19,9136
2722,夏都,21,11,10,群益金鼎-西松,2023-04-19,9136
2884,玉山金,10,0,10,群益金鼎-西松,2023-04-19,9136
6205,詮欣,10,0,10,群益金鼎-西松,2023-04-19,9136
6417,韋僑,14,4,10,群益金鼎-西松,2023-04-19,9136
6499,益安,10,0,10,群益金鼎-西松,2023-04-19,9136
8222,寶一,15,5,10,群益金鼎-西松,2023-04-19,9136
5203,訊連,10,1,9,群益金鼎-西松,2023-04-19,9136
3071,協禧,9,0,9,群益金鼎-西松,2023-04-19,9136
3189,景碩,9,0,9,群益金鼎-西松,2023-04-19,9136
4164,承業醫,14,5,9,群益金鼎-西松,2023-04-19,9136
8111,立��,10,1,9,群益金鼎-西松,2023-04-19,9136
0056,元大高股息,9,0,9,群益金鼎-西松,2023-04-19,9136
4979,華星光,18,10,8,群益金鼎-西松,2023-04-19,9136
2330,台積電,9,1,8,群益金鼎-西松,2023-04-19,9136
3078,僑威,115,6,109,群益金鼎-西松,2023-04-20,9136
5351,鈺創,88,8,80,群益金鼎-西松,2023-04-20,9136
2913,農林,71,22,49,群益金鼎-西松,2023-04-20,9136
4119,旭富,48,3,45,群益金鼎-西松,2023-04-20,9136
1460,宏遠,37,0,37,群益金鼎-西松,2023-04-20,9136
3032,偉訓,34,3,31,群益金鼎-西松,2023-04-20,9136
1519,華城,45,15,30,群益金鼎-西松,2023-04-20,9136
8046,南電,26,0,26,群益金鼎-西松,2023-04-20,9136
1442,名軒,21,0,21,群益金鼎-西松,2023-04-20,9136
6167,久正,20,0,20,群益金鼎-西松,2023-04-20,9136
6282,康舒,82,62,20,群益金鼎-西松,2023-04-20,9136
5321,美而快,20,1,19,群益金鼎-西松,2023-04-20,9136
00642U,期元大S＆P石油,18,0,18,群益金鼎-西松,2023-04-20,9136
00637L,元大滬深300正2,48,30,18,群益金鼎-西松,2023-04-20,9136
3576,聯合再生,27,12,15,群益金鼎-西松,2023-04-20,9136
4174,浩鼎,15,0,15,群益金鼎-西松,2023-04-20,9136
00715L,期街口布蘭特正2,14,0,14,群益金鼎-西松,2023-04-20,9136
6690,安�硌穈T,14,0,14,群益金鼎-西松,2023-04-20,9136
2888,新光金,13,0,13,群益金鼎-西松,2023-04-20,9136
00679B,元大美債20年,18,5,13,群益金鼎-西松,2023-04-20,9136
2453,凌群,14,1,13,群益金鼎-西松,2023-04-20,9136
2484,希華,15,2,13,群益金鼎-西松,2023-04-20,9136
2609,陽明,22,9,13,群益金鼎-西松,2023-04-20,9136
00720B,元大投資級公司債,11,0,11,群益金鼎-西松,2023-04-20,9136
2328,廣宇,24,13,11,群益金鼎-西松,2023-04-20,9136
2603,長榮,20,9,11,群益金鼎-西松,2023-04-20,9136
3019,亞光,11,0,11,群益金鼎-西松,2023-04-20,9136
3162,精確,12,1,11,群益金鼎-西松,2023-04-20,9136
5353,台林,11,0,11,群益金鼎-西松,2023-04-20,9136
2402,毅嘉,14,4,10,群益金鼎-西松,2023-04-20,9136
00885,富邦越南,10,0,10,群益金鼎-西松,2023-04-20,9136
1584,精剛,10,0,10,群益金鼎-西松,2023-04-20,9136
1714,和桐,10,0,10,群益金鼎-西松,2023-04-20,9136
1809,中釉,113,103,10,群益金鼎-西松,2023-04-20,9136
1903,士紙,10,0,10,群益金鼎-西松,2023-04-20,9136
3038,全台,15,5,10,群益金鼎-西松,2023-04-20,9136
3706,神達,10,0,10,群益金鼎-西松,2023-04-20,9136
8111,立��,10,0,10,群益金鼎-西松,2023-04-20,9136
8927,北基,10,0,10,群益金鼎-西松,2023-04-20,9136
2498,宏達電,11,2,9,群益金鼎-西松,2023-04-20,9136
2884,玉山金,10,1,9,群益金鼎-西松,2023-04-20,9136
8069,元太,11,3,8,群益金鼎-西松,2023-04-20,9136
00633L,富邦上証正2,10,2,8,群益金鼎-西松,2023-04-20,9136
1513,中興電,29,21,8,群益金鼎-西松,2023-04-20,9136
1904,正隆,26,18,8,群益金鼎-西松,2023-04-20,9136
4162,智擎,11,3,8,群益金鼎-西松,2023-04-20,9136
4541,晟田,8,0,8,群益金鼎-西松,2023-04-20,9136
5452,佶優,8,0,8,群益金鼎-西松,2023-04-20,9136
5512,力麒,10,2,8,群益金鼎-西松,2023-04-20,9136
6005,群益證,30,22,8,群益金鼎-西松,2023-04-20,9136
2208,台船,557,10,547,群益金鼎-西松,2023-04-21,9136
00687B,國泰20年美債,445,0,445,群益金鼎-西松,2023-04-21,9136
2634,漢翔,216,14,202,群益金鼎-西松,2023-04-21,9136
5302,太欣,180,0,180,群益金鼎-西松,2023-04-21,9136
3032,偉訓,286,127,159,群益金鼎-西松,2023-04-21,9136
6829,千附精密,103,3,100,群益金鼎-西松,2023-04-21,9136
2330,台積電,89,1,88,群益金鼎-西松,2023-04-21,9136
6182,合晶,75,1,74,群益金鼎-西松,2023-04-21,9136
2383,台光電,63,0,63,群益金鼎-西松,2023-04-21,9136
2609,陽明,56,0,56,群益金鼎-西松,2023-04-21,9136
5309,系統電,60,4,56,群益金鼎-西松,2023-04-21,9136
00665L,富邦�琤肭磪囓�2,140,90,50,群益金鼎-西松,2023-04-21,9136
1460,宏遠,43,0,43,群益金鼎-西松,2023-04-21,9136
00679B,元大美債20年,39,0,39,群益金鼎-西松,2023-04-21,9136
3707,漢磊,35,4,31,群益金鼎-西松,2023-04-21,9136
6271,同欣電,31,3,28,群益金鼎-西松,2023-04-21,9136
8927,北基,27,0,27,群益金鼎-西松,2023-04-21,9136
3058,立德,25,0,25,群益金鼎-西松,2023-04-21,9136
6690,安�硌穈T,25,0,25,群益金鼎-西松,2023-04-21,9136
5490,同亨,26,3,23,群益金鼎-西松,2023-04-21,9136
8033,雷虎,21,0,21,群益金鼎-西松,2023-04-21,9136
00637L,元大滬深300正2,20,0,20,群益金鼎-西松,2023-04-21,9136
8038,長園科,20,0,20,群益金鼎-西松,2023-04-21,9136
1108,幸福,20,1,19,群益金鼎-西松,2023-04-21,9136
2888,新光金,19,0,19,群益金鼎-西松,2023-04-21,9136
8049,晶采,18,0,18,群益金鼎-西松,2023-04-21,9136
2344,華邦電,17,0,17,群益金鼎-西松,2023-04-21,9136
2486,一詮,16,0,16,群益金鼎-西松,2023-04-21,9136
00715L,期街口布蘭特正2,14,0,14,群益金鼎-西松,2023-04-21,9136
6244,茂迪,15,1,14,群益金鼎-西松,2023-04-21,9136
2206,三陽工業,14,1,13,群益金鼎-西松,2023-04-21,9136
00673R,期元大S＆P原油反1,20,7,13,群益金鼎-西松,2023-04-21,9136
1611,中電,16,3,13,群益金鼎-西松,2023-04-21,9136
1760,寶齡富錦,16,3,13,群益金鼎-西松,2023-04-21,9136
00708L,期元大S＆P黃金正2,12,0,12,群益金鼎-西松,2023-04-21,9136
1710,東聯,52,40,12,群益金鼎-西松,2023-04-21,9136
2601,益航,20,8,12,群益金鼎-西松,2023-04-21,9136
8234,新漢,12,0,12,群益金鼎-西松,2023-04-21,9136
00888,永豐台灣ESG,11,0,11,群益金鼎-西松,2023-04-21,9136
3576,聯合再生,11,0,11,群益金鼎-西松,2023-04-21,9136
5457,宣德,11,0,11,群益金鼎-西松,2023-04-21,9136
1718,中纖,10,0,10,群益金鼎-西松,2023-04-21,9136
2867,三商壽,10,0,10,群益金鼎-西松,2023-04-21,9136
3715,定穎投控,10,0,10,群益金鼎-西松,2023-04-21,9136
4934,太極,10,0,10,群益金鼎-西松,2023-04-21,9136
6167,久正,10,0,10,群益金鼎-西松,2023-04-21,9136
6499,益安,10,0,10,群益金鼎-西松,2023-04-21,9136
0056,元大高股息,9,0,9,群益金鼎-西松,2023-04-21,9136
2002,中鋼,11,3,8,群益金鼎-西松,2023-04-21,9136
2328,廣宇,9,1,8,群益金鼎-西松,2023-04-21,9136
2208,台船,253,1,252,群益金鼎-西松,2023-04-24,9136
2634,漢翔,239,27,212,群益金鼎-西松,2023-04-24,9136
6116,彩晶,82,0,82,群益金鼎-西松,2023-04-24,9136
00715L,期街口布蘭特正2,68,2,66,群益金鼎-西松,2023-04-24,9136
00772B,中信高評級公司債,39,0,39,群益金鼎-西松,2023-04-24,9136
00637L,元大滬深300正2,62,25,37,群益金鼎-西松,2023-04-24,9136
1101,台泥,51,19,32,群益金鼎-西松,2023-04-24,9136
6182,合晶,30,5,25,群益金鼎-西松,2023-04-24,9136
1810,和成,25,0,25,群益金鼎-西松,2023-04-24,9136
8222,寶一,25,3,22,群益金鼎-西松,2023-04-24,9136
00687B,國泰20年美債,20,0,20,群益金鼎-西松,2023-04-24,9136
00633L,富邦上証正2,21,3,18,群益金鼎-西松,2023-04-24,9136
2618,長榮航,20,2,18,群益金鼎-西松,2023-04-24,9136
00679B,元大美債20年,17,0,17,群益金鼎-西松,2023-04-24,9136
6690,安�硌穈T,17,2,15,群益金鼎-西松,2023-04-24,9136
1762,中化生,12,0,12,群益金鼎-西松,2023-04-24,9136
6770,力積電,12,1,11,群益金鼎-西松,2023-04-24,9136
5465,富驊,10,0,10,群益金鼎-西松,2023-04-24,9136
006208,富邦台50,10,0,10,群益金鼎-西松,2023-04-24,9136
2313,華通,12,2,10,群益金鼎-西松,2023-04-24,9136
1103,嘉泥,10,0,10,群益金鼎-西松,2023-04-24,9136
1909,榮成,10,0,10,群益金鼎-西松,2023-04-24,9136
2312,金寶,10,0,10,群益金鼎-西松,2023-04-24,9136
2881A,富邦特,10,0,10,群益金鼎-西松,2023-04-24,9136
6112,邁達特,10,0,10,群益金鼎-西松,2023-04-24,9136
6164,華興,10,0,10,群益金鼎-西松,2023-04-24,9136
00878,國泰永續高股息,9,0,9,群益金鼎-西松,2023-04-24,9136
2010,春源,10,1,9,群益金鼎-西松,2023-04-24,9136
2515,中工,15,6,9,群益金鼎-西松,2023-04-24,9136
3652,精聯,9,0,9,群益金鼎-西松,2023-04-24,9136
6806,森崴能源,18,9,9,群益金鼎-西松,2023-04-24,9136
9907,統一實,9,0,9,群益金鼎-西松,2023-04-24,9136
4147,中裕,40,32,8,群益金鼎-西松,2023-04-24,9136
2303,聯電,10,3,7,群益金鼎-西松,2023-04-24,9136
2457,飛宏,18,11,7,群益金鼎-西松,2023-04-24,9136
2495,普安,13,6,7,群益金鼎-西松,2023-04-24,9136
2838A,聯邦銀甲特,7,0,7,群益金鼎-西松,2023-04-24,9136
3013,晟銘電,31,24,7,群益金鼎-西松,2023-04-24,9136
3710,連展投控,7,0,7,群益金鼎-西松,2023-04-24,9136
5490,同亨,7,0,7,群益金鼎-西松,2023-04-24,9136
1513,中興電,11,5,6,群益金鼎-西松,2023-04-24,9136
2066,世德,6,0,6,群益金鼎-西松,2023-04-24,9136
2913,農林,9,3,6,群益金鼎-西松,2023-04-24,9136
3035,智原,9,3,6,群益金鼎-西松,2023-04-24,9136
4977,眾達-KY,7,1,6,群益金鼎-西松,2023-04-24,9136
6244,茂迪,11,5,6,群益金鼎-西松,2023-04-24,9136
2031,新光鋼,5,0,5,群益金鼎-西松,2023-04-24,9136
1760,寶齡富錦,6,1,5,群益金鼎-西松,2023-04-24,9136
2329,華泰,5,0,5,群益金鼎-西松,2023-04-24,9136
3033,威健,5,0,5,群益金鼎-西松,2023-04-24,9136
00687B,國泰20年美債,320,0,320,群益金鼎-西松,2023-04-25,9136
00637L,元大滬深300正2,275,47,228,群益金鼎-西松,2023-04-25,9136
6234,高僑,200,0,200,群益金鼎-西松,2023-04-25,9136
00878,國泰永續高股息,91,0,91,群益金鼎-西松,2023-04-25,9136
00753L,中信中國50正2,80,22,58,群益金鼎-西松,2023-04-25,9136
5222,全訊,61,3,58,群益金鼎-西松,2023-04-25,9136
00679B,元大美債20年,48,0,48,群益金鼎-西松,2023-04-25,9136
1101,台泥,49,7,42,群益金鼎-西松,2023-04-25,9136
1455,集盛,36,1,35,群益金鼎-西松,2023-04-25,9136
3025,星通,35,0,35,群益金鼎-西松,2023-04-25,9136
1904,正隆,53,20,33,群益金鼎-西松,2023-04-25,9136
00676R,富邦臺灣加權反1,32,0,32,群益金鼎-西松,2023-04-25,9136
0056,元大高股息,33,2,31,群益金鼎-西松,2023-04-25,9136
1909,榮成,40,10,30,群益金鼎-西松,2023-04-25,9136
9945,潤泰新,30,3,27,群益金鼎-西松,2023-04-25,9136
5347,世界,23,0,23,群益金鼎-西松,2023-04-25,9136
00877,復華中國5G,21,0,21,群益金鼎-西松,2023-04-25,9136
4966,譜瑞-KY,20,0,20,群益金鼎-西松,2023-04-25,9136
2915,潤泰全,17,2,15,群益金鼎-西松,2023-04-25,9136
00772B,中信高評級公司債,15,0,15,群益金鼎-西松,2023-04-25,9136
3406,玉晶光,15,0,15,群益金鼎-西松,2023-04-25,9136
3481,群創,20,5,15,群益金鼎-西松,2023-04-25,9136
4147,中裕,40,25,15,群益金鼎-西松,2023-04-25,9136
6167,久正,15,0,15,群益金鼎-西松,2023-04-25,9136
2368,金像電,16,2,14,群益金鼎-西松,2023-04-25,9136
4113,聯上,15,1,14,群益金鼎-西松,2023-04-25,9136
6005,群益證,22,8,14,群益金鼎-西松,2023-04-25,9136
1504,東元,18,6,12,群益金鼎-西松,2023-04-25,9136
2002,中鋼,12,0,12,群益金鼎-西松,2023-04-25,9136
2328,廣宇,13,1,12,群益金鼎-西松,2023-04-25,9136
2888,新光金,13,2,11,群益金鼎-西松,2023-04-25,9136
6182,合晶,36,26,10,群益金鼎-西松,2023-04-25,9136
5388,中磊,10,0,10,群益金鼎-西松,2023-04-25,9136
1906,寶隆,10,0,10,群益金鼎-西松,2023-04-25,9136
2867,三商壽,10,0,10,群益金鼎-西松,2023-04-25,9136
3419,譁裕,12,2,10,群益金鼎-西松,2023-04-25,9136
4114,健喬,10,0,10,群益金鼎-西松,2023-04-25,9136
6282,康舒,36,26,10,群益金鼎-西松,2023-04-25,9136
6548,長科*,13,3,10,群益金鼎-西松,2023-04-25,9136
8927,北基,10,0,10,群益金鼎-西松,2023-04-25,9136
1442,名軒,40,31,9,群益金鼎-西松,2023-04-25,9136
1721,三晃,46,37,9,群益金鼎-西松,2023-04-25,9136
2347,聯強,10,1,9,群益金鼎-西松,2023-04-25,9136
4746,台耀,9,0,9,群益金鼎-西松,2023-04-25,9136
5321,美而快,9,0,9,群益金鼎-西松,2023-04-25,9136
6235,華孚,10,1,9,群益金鼎-西松,2023-04-25,9136
0050,元大台灣50,8,0,8,群益金鼎-西松,2023-04-25,9136
00715L,期街口布蘭特正2,17,9,8,群益金鼎-西松,2023-04-25,9136
00633L,富邦上証正2,11,3,8,群益金鼎-西松,2023-04-25,9136
00923,群益台ESG低碳50,8,0,8,群益金鼎-西松,2023-04-25,9136
00679B,元大美債20年,192,32,160,群益金鼎-西松,2023-04-26,9136
4979,華星光,125,2,123,群益金鼎-西松,2023-04-26,9136
6234,高僑,100,0,100,群益金鼎-西松,2023-04-26,9136
1101,台泥,76,4,72,群益金鼎-西松,2023-04-26,9136
4961,天鈺,52,1,51,群益金鼎-西松,2023-04-26,9136
2834,臺企銀,30,0,30,群益金鼎-西松,2023-04-26,9136
00885,富邦越南,27,0,27,群益金鼎-西松,2023-04-26,9136
6116,彩晶,23,0,23,群益金鼎-西松,2023-04-26,9136
8049,晶采,23,0,23,群益金鼎-西松,2023-04-26,9136
1904,正隆,35,14,21,群益金鼎-西松,2023-04-26,9136
1308,亞聚,20,0,20,群益金鼎-西松,2023-04-26,9136
00676R,富邦臺灣加權反1,20,0,20,群益金鼎-西松,2023-04-26,9136
00715L,期街口布蘭特正2,35,17,18,群益金鼎-西松,2023-04-26,9136
2888,新光金,18,0,18,群益金鼎-西松,2023-04-26,9136
2337,旺宏,29,12,17,群益金鼎-西松,2023-04-26,9136
8112,至上,16,0,16,群益金鼎-西松,2023-04-26,9136
2515,中工,16,1,15,群益金鼎-西松,2023-04-26,9136
2634,漢翔,21,6,15,群益金鼎-西松,2023-04-26,9136
2915,潤泰全,17,2,15,群益金鼎-西松,2023-04-26,9136
6244,茂迪,22,7,15,群益金鼎-西松,2023-04-26,9136
6182,合晶,25,11,14,群益金鼎-西松,2023-04-26,9136
00878,國泰永續高股息,16,3,13,群益金鼎-西松,2023-04-26,9136
00712,復華富時不動產,12,0,12,群益金鼎-西松,2023-04-26,9136
2002,中鋼,12,0,12,群益金鼎-西松,2023-04-26,9136
2471,資通,49,37,12,群益金鼎-西松,2023-04-26,9136
3035,智原,41,29,12,群益金鼎-西松,2023-04-26,9136
4121,優盛,13,1,12,群益金鼎-西松,2023-04-26,9136
8996,高力,22,11,11,群益金鼎-西松,2023-04-26,9136
3013,晟銘電,11,0,11,群益金鼎-西松,2023-04-26,9136
1709,和益,10,0,10,群益金鼎-西松,2023-04-26,9136
00891,中信關鍵半導體,10,0,10,群益金鼎-西松,2023-04-26,9136
2347,聯強,10,0,10,群益金鼎-西松,2023-04-26,9136
2883B,凱基金乙特,10,0,10,群益金鼎-西松,2023-04-26,9136
1513,中興電,11,2,9,群益金鼎-西松,2023-04-26,9136
1611,中電,9,0,9,群益金鼎-西松,2023-04-26,9136
4113,聯上,10,1,9,群益金鼎-西松,2023-04-26,9136
6129,普誠,9,0,9,群益金鼎-西松,2023-04-26,9136
2609,陽明,17,9,8,群益金鼎-西松,2023-04-26,9136
2457,飛宏,15,7,8,群益金鼎-西松,2023-04-26,9136
1310,台苯,58,50,8,群益金鼎-西松,2023-04-26,9136
1762,中化生,8,0,8,群益金鼎-西松,2023-04-26,9136
3032,偉訓,8,0,8,群益金鼎-西松,2023-04-26,9136
3324,雙鴻,8,0,8,群益金鼎-西松,2023-04-26,9136
2618,長榮航,10,3,7,群益金鼎-西松,2023-04-26,9136
2603,長榮,7,0,7,群益金鼎-西松,2023-04-26,9136
1760,寶齡富錦,6,0,6,群益金鼎-西松,2023-04-26,9136
1806,冠軍,5,0,5,群益金鼎-西松,2023-04-26,9136
2405,輔信,5,0,5,群益金鼎-西松,2023-04-26,9136
2495,普安,5,0,5,群益金鼎-西松,2023-04-26,9136
3027,盛達,5,0,5,群益金鼎-西松,2023-04-26,9136
3032,偉訓,103,0,103,群益金鼎-西松,2023-04-27,9136
2801,彰銀,80,1,79,群益金鼎-西松,2023-04-27,9136
2408,南亞科,48,1,47,群益金鼎-西松,2023-04-27,9136
8222,寶一,55,8,47,群益金鼎-西松,2023-04-27,9136
2317,鴻海,38,0,38,群益金鼎-西松,2023-04-27,9136
3324,雙鴻,36,13,23,群益金鼎-西松,2023-04-27,9136
00665L,富邦�琤肭磪囓�2,80,60,20,群益金鼎-西松,2023-04-27,9136
1442,名軒,20,0,20,群益金鼎-西松,2023-04-27,9136
1605,華新,33,14,19,群益金鼎-西松,2023-04-27,9136
00679B,元大美債20年,15,0,15,群益金鼎-西松,2023-04-27,9136
1611,中電,15,0,15,群益金鼎-西松,2023-04-27,9136
2105,正新,15,0,15,群益金鼎-西松,2023-04-27,9136
00642U,期元大S＆P石油,13,0,13,群益金鼎-西松,2023-04-27,9136
1231,聯華食,13,0,13,群益金鼎-西松,2023-04-27,9136
00891,中信關鍵半導體,12,0,12,群益金鼎-西松,2023-04-27,9136
5465,富驊,12,0,12,群益金鼎-西松,2023-04-27,9136
8011,台通,13,1,12,群益金鼎-西松,2023-04-27,9136
1513,中興電,12,1,11,群益金鼎-西松,2023-04-27,9136
4903,聯光通,11,0,11,群益金鼎-西松,2023-04-27,9136
5371,中光電,11,0,11,群益金鼎-西松,2023-04-27,9136
9955,佳龍,49,38,11,群益金鼎-西松,2023-04-27,9136
00720B,元大投資級公司債,11,1,10,群益金鼎-西松,2023-04-27,9136
1711,永光,70,60,10,群益金鼎-西松,2023-04-27,9136
2104,國際中橡,10,0,10,群益金鼎-西松,2023-04-27,9136
2211,長榮鋼,10,0,10,群益金鼎-西松,2023-04-27,9136
2371,大同,10,0,10,群益金鼎-西松,2023-04-27,9136
2887E,台新戊特,10,0,10,群益金鼎-西松,2023-04-27,9136
6244,茂迪,40,30,10,群益金鼎-西松,2023-04-27,9136
6443,元晶,10,0,10,群益金鼎-西松,2023-04-27,9136
1905,華紙,11,2,9,群益金鼎-西松,2023-04-27,9136
2344,華邦電,11,2,9,群益金鼎-西松,2023-04-27,9136
2886,兆豐金,9,0,9,群益金鼎-西松,2023-04-27,9136
3011,今皓,9,0,9,群益金鼎-西松,2023-04-27,9136
3363,上詮,10,1,9,群益金鼎-西松,2023-04-27,9136
6770,力積電,10,1,9,群益金鼎-西松,2023-04-27,9136
1810,和成,11,2,9,群益金鼎-西松,2023-04-27,9136
3105,穩懋,11,3,8,群益金鼎-西松,2023-04-27,9136
1101,台泥,8,0,8,群益金鼎-西松,2023-04-27,9136
3017,奇鋐,31,23,8,群益金鼎-西松,2023-04-27,9136
4121,優盛,13,5,8,群益金鼎-西松,2023-04-27,9136
4763,材料-KY,7,0,7,群益金鼎-西松,2023-04-27,9136
2022,聚亨,7,0,7,群益金鼎-西松,2023-04-27,9136
1907,永豐餘,7,0,7,群益金鼎-西松,2023-04-27,9136
2002,中鋼,17,11,6,群益金鼎-西松,2023-04-27,9136
00712,復華富時不動產,6,0,6,群益金鼎-西松,2023-04-27,9136
3037,欣興,7,1,6,群益金鼎-西松,2023-04-27,9136
2610,華航,12,6,6,群益金鼎-西松,2023-04-27,9136
2890,永豐金,6,0,6,群益金鼎-西松,2023-04-27,9136
8050,廣積,6,0,6,群益金鼎-西松,2023-04-27,9136
2454,聯發科,7,1,6,群益金鼎-西松,2023-04-27,9136
8222,寶一,161,8,153,群益金鼎-西松,2023-04-28,9136
00720B,元大投資級公司債,114,0,114,群益金鼎-西松,2023-04-28,9136
00632R,元大台灣50反1,100,5,95,群益金鼎-西松,2023-04-28,9136
2634,漢翔,111,37,74,群益金鼎-西松,2023-04-28,9136
2409,友達,61,0,61,群益金鼎-西松,2023-04-28,9136
3011,今皓,61,5,56,群益金鼎-西松,2023-04-28,9136
2498,宏達電,54,2,52,群益金鼎-西松,2023-04-28,9136
3481,群創,45,1,44,群益金鼎-西松,2023-04-28,9136
4979,華星光,42,5,37,群益金鼎-西松,2023-04-28,9136
00665L,富邦�琤肭磪囓�2,60,30,30,群益金鼎-西松,2023-04-28,9136
1909,榮成,30,0,30,群益金鼎-西松,2023-04-28,9136
4119,旭富,30,0,30,群益金鼎-西松,2023-04-28,9136
3037,欣興,64,36,28,群益金鼎-西松,2023-04-28,9136
3324,雙鴻,28,5,23,群益金鼎-西松,2023-04-28,9136
6806,森崴能源,32,12,20,群益金鼎-西松,2023-04-28,9136
3207,耀勝,20,0,20,群益金鼎-西松,2023-04-28,9136
2883,凱基金,20,1,19,群益金鼎-西松,2023-04-28,9136
3419,譁裕,21,2,19,群益金鼎-西松,2023-04-28,9136
00648R,元大S＆P500反1,17,0,17,群益金鼎-西松,2023-04-28,9136
1513,中興電,21,4,17,群益金鼎-西松,2023-04-28,9136
4916,事欣科,71,54,17,群益金鼎-西松,2023-04-28,9136
5425,台半,20,4,16,群益金鼎-西松,2023-04-28,9136
1710,東聯,15,0,15,群益金鼎-西松,2023-04-28,9136
3715,定穎投控,15,0,15,群益金鼎-西松,2023-04-28,9136
1514,亞力,13,0,13,群益金鼎-西松,2023-04-28,9136
2605,新興,13,0,13,群益金鼎-西松,2023-04-28,9136
00923,群益台ESG低碳50,12,0,12,群益金鼎-西松,2023-04-28,9136
00679B,元大美債20年,12,0,12,群益金鼎-西松,2023-04-28,9136
5465,富驊,12,0,12,群益金鼎-西松,2023-04-28,9136
6244,茂迪,20,9,11,群益金鼎-西松,2023-04-28,9136
3321,同泰,11,0,11,群益金鼎-西松,2023-04-28,9136
4113,聯上,11,0,11,群益金鼎-西松,2023-04-28,9136
8088,品安,11,0,11,群益金鼎-西松,2023-04-28,9136
8996,高力,17,6,11,群益金鼎-西松,2023-04-28,9136
00900,富邦特選高股息30,10,0,10,群益金鼎-西松,2023-04-28,9136
1906,寶隆,10,0,10,群益金鼎-西松,2023-04-28,9136
2615,萬海,13,3,10,群益金鼎-西松,2023-04-28,9136
3704,合勤控,10,0,10,群益金鼎-西松,2023-04-28,9136
6112,邁達特,10,0,10,群益金鼎-西松,2023-04-28,9136
6257,矽格,10,0,10,群益金鼎-西松,2023-04-28,9136
6266,泰詠,10,0,10,群益金鼎-西松,2023-04-28,9136
6282,康舒,11,1,10,群益金鼎-西松,2023-04-28,9136
3374,精材,11,1,10,群益金鼎-西松,2023-04-28,9136
2344,華邦電,23,14,9,群益金鼎-西松,2023-04-28,9136
3017,奇鋐,15,6,9,群益金鼎-西松,2023-04-28,9136
2603,長榮,7,0,7,群益金鼎-西松,2023-04-28,9136
1529,樂事綠能,7,0,7,群益金鼎-西松,2023-04-28,9136
5269,祥碩,7,0,7,群益金鼎-西松,2023-04-28,9136
8011,台通,7,0,7,群益金鼎-西松,2023-04-28,9136
6589,台康生技,7,0,7,群益金鼎-西松,2023-04-28,9136
00687B,國泰20年美債,501,0,501,群益金鼎-西松,2023-05-02,9136
00795B,中信美國公債20年,300,0,300,群益金鼎-西松,2023-05-02,9136
00720B,元大投資級公司債,129,0,129,群益金鼎-西松,2023-05-02,9136
2204,中華,120,0,120,群益金鼎-西松,2023-05-02,9136
4961,天鈺,101,0,101,群益金鼎-西松,2023-05-02,9136
1514,亞力,95,29,66,群益金鼎-西松,2023-05-02,9136
00679B,元大美債20年,61,0,61,群益金鼎-西松,2023-05-02,9136
6712,長聖,50,0,50,群益金鼎-西松,2023-05-02,9136
8110,華東,50,1,49,群益金鼎-西松,2023-05-02,9136
2105,正新,46,0,46,群益金鼎-西松,2023-05-02,9136
1101,台泥,48,3,45,群益金鼎-西松,2023-05-02,9136
6288,聯嘉,45,2,43,群益金鼎-西松,2023-05-02,9136
2382,廣達,60,22,38,群益金鼎-西松,2023-05-02,9136
2104,國際中橡,35,0,35,群益金鼎-西松,2023-05-02,9136
1609,大亞,45,13,32,群益金鼎-西松,2023-05-02,9136
6143,振曜,31,0,31,群益金鼎-西松,2023-05-02,9136
8114,振樺電,30,0,30,群益金鼎-西松,2023-05-02,9136
4726,永昕,26,0,26,群益金鼎-西松,2023-05-02,9136
6129,普誠,26,0,26,群益金鼎-西松,2023-05-02,9136
2609,陽明,26,2,24,群益金鼎-西松,2023-05-02,9136
4173,久裕,24,0,24,群益金鼎-西松,2023-05-02,9136
6122,擎邦,22,0,22,群益金鼎-西松,2023-05-02,9136
2601,益航,20,0,20,群益金鼎-西松,2023-05-02,9136
2883B,凱基金乙特,20,0,20,群益金鼎-西松,2023-05-02,9136
2886,兆豐金,20,0,20,群益金鼎-西松,2023-05-02,9136
8261,富鼎,20,0,20,群益金鼎-西松,2023-05-02,9136
00772B,中信高評級公司債,20,1,19,群益金鼎-西松,2023-05-02,9136
1513,中興電,67,49,18,群益金鼎-西松,2023-05-02,9136
3702,大聯大,17,0,17,群益金鼎-西松,2023-05-02,9136
6180,橘子,16,0,16,群益金鼎-西松,2023-05-02,9136
8454,富邦媒,15,0,15,群益金鼎-西松,2023-05-02,9136
8074,鉅橡,15,0,15,群益金鼎-西松,2023-05-02,9136
2603,長榮,19,5,14,群益金鼎-西松,2023-05-02,9136
8996,高力,22,8,14,群益金鼎-西松,2023-05-02,9136
4121,優盛,11,0,11,群益金鼎-西松,2023-05-02,9136
4903,聯光通,11,0,11,群益金鼎-西松,2023-05-02,9136
00637L,元大滬深300正2,22,12,10,群益金鼎-西松,2023-05-02,9136
2352,佳世達,12,2,10,群益金鼎-西松,2023-05-02,9136
2834,臺企銀,10,0,10,群益金鼎-西松,2023-05-02,9136
2845,遠東銀,10,0,10,群益金鼎-西松,2023-05-02,9136
3363,上詮,12,2,10,群益金鼎-西松,2023-05-02,9136
6531,愛普*,10,0,10,群益金鼎-西松,2023-05-02,9136
1809,中釉,9,0,9,群益金鼎-西松,2023-05-02,9136
2492,華新科,16,7,9,群益金鼎-西松,2023-05-02,9136
3708,上緯投控,10,1,9,群益金鼎-西松,2023-05-02,9136
4916,事欣科,10,1,9,群益金鼎-西松,2023-05-02,9136
1503,士電,27,18,9,群益金鼎-西松,2023-05-02,9136
2208,台船,8,0,8,群益金鼎-西松,2023-05-02,9136
4541,晟田,10,2,8,群益金鼎-西松,2023-05-02,9136
1589,永冠-KY,7,0,7,群益金鼎-西松,2023-05-02,9136
6234,高僑,201,0,201,群益金鼎-西松,2023-05-03,9136
8222,寶一,108,9,99,群益金鼎-西松,2023-05-03,9136
00715L,期街口布蘭特正2,96,0,96,群益金鼎-西松,2023-05-03,9136
2342,茂矽,72,0,72,群益金鼎-西松,2023-05-03,9136
1905,華紙,235,174,61,群益金鼎-西松,2023-05-03,9136
5222,全訊,63,10,53,群益金鼎-西松,2023-05-03,9136
2801,彰銀,52,0,52,群益金鼎-西松,2023-05-03,9136
00665L,富邦�琤肭磪囓�2,50,0,50,群益金鼎-西松,2023-05-03,9136
1503,士電,51,9,42,群益金鼎-西松,2023-05-03,9136
00712,復華富時不動產,34,0,34,群益金鼎-西松,2023-05-03,9136
3419,譁裕,93,59,34,群益金鼎-西松,2023-05-03,9136
3481,群創,64,30,34,群益金鼎-西松,2023-05-03,9136
00878,國泰永續高股息,52,22,30,群益金鼎-西松,2023-05-03,9136
00637L,元大滬深300正2,25,0,25,群益金鼎-西松,2023-05-03,9136
2609,陽明,29,4,25,群益金鼎-西松,2023-05-03,9136
5498,凱崴,23,0,23,群益金鼎-西松,2023-05-03,9136
2409,友達,22,0,22,群益金鼎-西松,2023-05-03,9136
2913,農林,46,24,22,群益金鼎-西松,2023-05-03,9136
1442,名軒,20,0,20,群益金鼎-西松,2023-05-03,9136
5465,富驊,26,6,20,群益金鼎-西松,2023-05-03,9136
3032,偉訓,20,1,19,群益金鼎-西松,2023-05-03,9136
6167,久正,40,21,19,群益金鼎-西松,2023-05-03,9136
2603,長榮,21,3,18,群益金鼎-西松,2023-05-03,9136
3558,神準,19,2,17,群益金鼎-西松,2023-05-03,9136
3576,聯合再生,16,0,16,群益金鼎-西松,2023-05-03,9136
3715,定穎投控,16,0,16,群益金鼎-西松,2023-05-03,9136
00642U,期元大S＆P石油,15,0,15,群益金鼎-西松,2023-05-03,9136
1570,力肯,15,0,15,群益金鼎-西松,2023-05-03,9136
8114,振樺電,15,0,15,群益金鼎-西松,2023-05-03,9136
2376,技嘉,15,1,14,群益金鼎-西松,2023-05-03,9136
3147,大綜,45,31,14,群益金鼎-西松,2023-05-03,9136
3712,永崴投控,20,6,14,群益金鼎-西松,2023-05-03,9136
1711,永光,13,0,13,群益金鼎-西松,2023-05-03,9136
3025,星通,15,2,13,群益金鼎-西松,2023-05-03,9136
2344,華邦電,17,5,12,群益金鼎-西松,2023-05-03,9136
1101,台泥,12,0,12,群益金鼎-西松,2023-05-03,9136
2481,強茂,12,0,12,群益金鼎-西松,2023-05-03,9136
00924,復華S＆P500成長,11,0,11,群益金鼎-西松,2023-05-03,9136
1513,中興電,16,5,11,群益金鼎-西松,2023-05-03,9136
1460,宏遠,10,0,10,群益金鼎-西松,2023-05-03,9136
2312,金寶,10,0,10,群益金鼎-西松,2023-05-03,9136
3522,御嵿,10,0,10,群益金鼎-西松,2023-05-03,9136
2884,玉山金,12,2,10,群益金鼎-西松,2023-05-03,9136
2453,凌群,10,1,9,群益金鼎-西松,2023-05-03,9136
4919,新唐,12,3,9,群益金鼎-西松,2023-05-03,9136
00687B,國泰20年美債,10,2,8,群益金鼎-西松,2023-05-03,9136
1313,聯成,8,0,8,群益金鼎-西松,2023-05-03,9136
6005,群益證,8,0,8,群益金鼎-西松,2023-05-03,9136
4763,材料-KY,9,2,7,群益金鼎-西松,2023-05-03,9136
8454,富邦媒,7,0,7,群益金鼎-西松,2023-05-03,9136
3479,安勤,79,0,79,群益金鼎-西松,2023-05-04,9136
2342,茂矽,65,0,65,群益金鼎-西松,2023-05-04,9136
00679B,元大美債20年,49,1,48,群益金鼎-西松,2023-05-04,9136
3017,奇鋐,65,19,46,群益金鼎-西松,2023-05-04,9136
1710,東聯,45,0,45,群益金鼎-西松,2023-05-04,9136
00712,復華富時不動產,44,0,44,群益金鼎-西松,2023-05-04,9136
6589,台康生技,47,9,38,群益金鼎-西松,2023-05-04,9136
3443,創意,34,3,31,群益金鼎-西松,2023-05-04,9136
1442,名軒,30,0,30,群益金鼎-西松,2023-05-04,9136
00642U,期元大S＆P石油,28,0,28,群益金鼎-西松,2023-05-04,9136
5465,富驊,23,0,23,群益金鼎-西松,2023-05-04,9136
8454,富邦媒,23,0,23,群益金鼎-西松,2023-05-04,9136
3202,樺晟,23,2,21,群益金鼎-西松,2023-05-04,9136
6167,久正,32,11,21,群益金鼎-西松,2023-05-04,9136
1314,中石化,20,0,20,群益金鼎-西松,2023-05-04,9136
3661,世芯-KY,19,0,19,群益金鼎-西松,2023-05-04,9136
3712,永崴投控,27,9,18,群益金鼎-西松,2023-05-04,9136
1101,台泥,22,5,17,群益金鼎-西松,2023-05-04,9136
1731,美吾華,15,0,15,群益金鼎-西松,2023-05-04,9136
4533,協易機,15,0,15,群益金鼎-西松,2023-05-04,9136
2618,長榮航,20,6,14,群益金鼎-西松,2023-05-04,9136
2408,南亞科,18,5,13,群益金鼎-西松,2023-05-04,9136
2615,萬海,11,0,11,群益金鼎-西松,2023-05-04,9136
00924,復華S＆P500成長,11,0,11,群益金鼎-西松,2023-05-04,9136
4919,新唐,11,0,11,群益金鼎-西松,2023-05-04,9136
5351,鈺創,11,0,11,群益金鼎-西松,2023-05-04,9136
1310,台苯,11,0,11,群益金鼎-西松,2023-05-04,9136
00772B,中信高評級公司債,10,0,10,群益金鼎-西松,2023-05-04,9136
2880,華南金,10,0,10,群益金鼎-西松,2023-05-04,9136
2913,農林,10,0,10,群益金鼎-西松,2023-05-04,9136
6163,華電網,10,0,10,群益金鼎-西松,2023-05-04,9136
4541,晟田,11,2,9,群益金鼎-西松,2023-05-04,9136
1611,中電,10,2,8,群益金鼎-西松,2023-05-04,9136
2409,友達,13,5,8,群益金鼎-西松,2023-05-04,9136
2633,台灣高鐵,8,0,8,群益金鼎-西松,2023-05-04,9136
3518,柏騰,9,1,8,群益金鼎-西松,2023-05-04,9136
6005,群益證,8,0,8,群益金鼎-西松,2023-05-04,9136
2206,三陽工業,61,54,7,群益金鼎-西松,2023-05-04,9136
2303,聯電,10,3,7,群益金鼎-西松,2023-05-04,9136
2497,怡利電,7,0,7,群益金鼎-西松,2023-05-04,9136
3011,今皓,7,0,7,群益金鼎-西松,2023-05-04,9136
3701,大眾控,7,0,7,群益金鼎-西松,2023-05-04,9136
6535,順藥,12,5,7,群益金鼎-西松,2023-05-04,9136
2457,飛宏,11,4,7,群益金鼎-西松,2023-05-04,9136
00751B,元大AAA至A公司債,6,0,6,群益金鼎-西松,2023-05-04,9136
2353,宏��,6,0,6,群益金鼎-西松,2023-05-04,9136
2404,漢唐,6,0,6,群益金鼎-西松,2023-05-04,9136
5356,協益,6,0,6,群益金鼎-西松,2023-05-04,9136
1718,中纖,5,0,5,群益金鼎-西松,2023-05-04,9136
1504,東元,23,18,5,群益金鼎-西松,2023-05-04,9136
00772B,中信高評級公司債,123,0,123,群益金鼎-西松,2023-05-05,9136
00751B,元大AAA至A公司債,101,0,101,群益金鼎-西松,2023-05-05,9136
3483,力致,97,0,97,群益金鼎-西松,2023-05-05,9136
00715L,期街口布蘭特正2,64,0,64,群益金鼎-西松,2023-05-05,9136
6167,久正,55,0,55,群益金鼎-西松,2023-05-05,9136
3324,雙鴻,42,6,36,群益金鼎-西松,2023-05-05,9136
3703,欣陸,31,0,31,群益金鼎-西松,2023-05-05,9136
6111,大宇資,38,7,31,群益金鼎-西松,2023-05-05,9136
3011,今皓,27,0,27,群益金鼎-西松,2023-05-05,9136
4114,健喬,26,0,26,群益金鼎-西松,2023-05-05,9136
3338,泰碩,67,41,26,群益金鼎-西松,2023-05-05,9136
00679B,元大美債20年,25,0,25,群益金鼎-西松,2023-05-05,9136
1451,年興,25,0,25,群益金鼎-西松,2023-05-05,9136
6005,群益證,36,14,22,群益金鼎-西松,2023-05-05,9136
00878,國泰永續高股息,21,0,21,群益金鼎-西松,2023-05-05,9136
8454,富邦媒,21,1,20,群益金鼎-西松,2023-05-05,9136
2303,聯電,23,5,18,群益金鼎-西松,2023-05-05,9136
1609,大亞,28,11,17,群益金鼎-西松,2023-05-05,9136
00753L,中信中國50正2,160,144,16,群益金鼎-西松,2023-05-05,9136
2498,宏達電,17,3,14,群益金鼎-西松,2023-05-05,9136
8431,匯鑽科,14,0,14,群益金鼎-西松,2023-05-05,9136
00924,復華S＆P500成長,13,0,13,群益金鼎-西松,2023-05-05,9136
6244,茂迪,18,6,12,群益金鼎-西松,2023-05-05,9136
5321,美而快,24,12,12,群益金鼎-西松,2023-05-05,9136
1503,士電,15,4,11,群益金鼎-西松,2023-05-05,9136
6191,精成科,11,0,11,群益金鼎-西松,2023-05-05,9136
5465,富驊,10,0,10,群益金鼎-西松,2023-05-05,9136
1586,和勤,10,0,10,群益金鼎-西松,2023-05-05,9136
1712,興農,10,0,10,群益金鼎-西松,2023-05-05,9136
3013,晟銘電,10,0,10,群益金鼎-西松,2023-05-05,9136
3202,樺晟,10,0,10,群益金鼎-西松,2023-05-05,9136
6160,欣技,10,0,10,群益金鼎-西松,2023-05-05,9136
6235,華孚,10,0,10,群益金鼎-西松,2023-05-05,9136
3308,聯德,10,0,10,群益金鼎-西松,2023-05-05,9136
00720B,元大投資級公司債,8,0,8,群益金鼎-西松,2023-05-05,9136
3687,歐買尬,29,21,8,群益金鼎-西松,2023-05-05,9136
1608,華榮,7,0,7,群益金鼎-西松,2023-05-05,9136
6589,台康生技,30,23,7,群益金鼎-西松,2023-05-05,9136
8215,明基材,7,1,6,群益金鼎-西松,2023-05-05,9136
2313,華通,8,2,6,群益金鼎-西松,2023-05-05,9136
3071,協禧,8,2,6,群益金鼎-西松,2023-05-05,9136
8038,長園科,6,0,6,群益金鼎-西松,2023-05-05,9136
6515,穎崴,6,0,6,群益金鼎-西松,2023-05-05,9136
4123,晟德,9,3,6,群益金鼎-西松,2023-05-05,9136
1904,正隆,5,0,5,群益金鼎-西松,2023-05-05,9136
6488,環球晶,6,1,5,群益金鼎-西松,2023-05-05,9136
1444,力麗,5,0,5,群益金鼎-西松,2023-05-05,9136
00690,兆豐藍籌30,5,0,5,群益金鼎-西松,2023-05-05,9136
1721,三晃,5,0,5,群益金鼎-西松,2023-05-05,9136
2014,中鴻,10,5,5,群益金鼎-西松,2023-05-05,9136
00878,國泰永續高股息,190,10,180,群益金鼎-西松,2023-05-08,9136
6219,富旺,117,0,117,群益金鼎-西松,2023-05-08,9136
2371,大同,101,23,78,群益金鼎-西松,2023-05-08,9136
8033,雷虎,59,4,55,群益金鼎-西松,2023-05-08,9136
1609,大亞,78,28,50,群益金鼎-西松,2023-05-08,9136
1605,華新,64,17,47,群益金鼎-西松,2023-05-08,9136
3231,緯創,49,7,42,群益金鼎-西松,2023-05-08,9136
1612,宏泰,30,0,30,群益金鼎-西松,2023-05-08,9136
3325,旭品,30,0,30,群益金鼎-西松,2023-05-08,9136
1442,名軒,27,0,27,群益金鼎-西松,2023-05-08,9136
6167,久正,22,0,22,群益金鼎-西松,2023-05-08,9136
1519,華城,31,10,21,群益金鼎-西松,2023-05-08,9136
6456,GIS-KY,20,0,20,群益金鼎-西松,2023-05-08,9136
6589,台康生技,33,14,19,群益金鼎-西松,2023-05-08,9136
2421,建準,63,45,18,群益金鼎-西松,2023-05-08,9136
6443,元晶,16,0,16,群益金鼎-西松,2023-05-08,9136
3714,富采,21,7,14,群益金鼎-西松,2023-05-08,9136
2883,凱基金,15,2,13,群益金鼎-西松,2023-05-08,9136
6138,茂達,18,5,13,群益金鼎-西松,2023-05-08,9136
2609,陽明,27,15,12,群益金鼎-西松,2023-05-08,9136
4909,新復興,12,0,12,群益金鼎-西松,2023-05-08,9136
5483,中美晶,16,4,12,群益金鼎-西松,2023-05-08,9136
6257,矽格,12,0,12,群益金鼎-西松,2023-05-08,9136
00772B,中信高評級公司債,11,0,11,群益金鼎-西松,2023-05-08,9136
1101,台泥,12,1,11,群益金鼎-西松,2023-05-08,9136
6177,達麗,10,0,10,群益金鼎-西松,2023-05-08,9136
2601,益航,10,0,10,群益金鼎-西松,2023-05-08,9136
2886,兆豐金,10,0,10,群益金鼎-西松,2023-05-08,9136
6226,光鼎,10,0,10,群益金鼎-西松,2023-05-08,9136
6499,益安,10,0,10,群益金鼎-西松,2023-05-08,9136
8027,鈦昇,10,0,10,群益金鼎-西松,2023-05-08,9136
3022,威強電,13,4,9,群益金鼎-西松,2023-05-08,9136
00648R,元大S＆P500反1,8,0,8,群益金鼎-西松,2023-05-08,9136
6244,茂迪,8,0,8,群益金鼎-西松,2023-05-08,9136
3363,上詮,10,2,8,群益金鼎-西松,2023-05-08,9136
3703,欣陸,7,0,7,群益金鼎-西松,2023-05-08,9136
2204,中華,8,1,7,群益金鼎-西松,2023-05-08,9136
4541,晟田,25,18,7,群益金鼎-西松,2023-05-08,9136
00751B,元大AAA至A公司債,6,0,6,群益金鼎-西松,2023-05-08,9136
2492,華新科,6,0,6,群益金鼎-西松,2023-05-08,9136
2504,國產,6,0,6,群益金鼎-西松,2023-05-08,9136
2905,三商,6,0,6,群益金鼎-西松,2023-05-08,9136
3591,艾笛森,10,4,6,群益金鼎-西松,2023-05-08,9136
6173,信昌電,9,3,6,群益金鼎-西松,2023-05-08,9136
2331,精英,5,0,5,群益金鼎-西松,2023-05-08,9136
00712,復華富時不動產,5,0,5,群益金鼎-西松,2023-05-08,9136
1810,和成,5,0,5,群益金鼎-西松,2023-05-08,9136
6125,廣運,5,0,5,群益金鼎-西松,2023-05-08,9136
00653L,富邦印度正2,5,0,5,群益金鼎-西松,2023-05-08,9136
00632R,元大台灣50反1,5,0,5,群益金鼎-西松,2023-05-08,9136
8046,南電,152,32,120,群益金鼎-西松,2023-05-09,9136
6111,大宇資,107,0,107,群益金鼎-西松,2023-05-09,9136
00751B,元大AAA至A公司債,60,0,60,群益金鼎-西松,2023-05-09,9136
3032,偉訓,56,0,56,群益金鼎-西松,2023-05-09,9136
8099,大世科,60,5,55,群益金鼎-西松,2023-05-09,9136
2634,漢翔,49,8,41,群益金鼎-西松,2023-05-09,9136
1605,華新,54,15,39,群益金鼎-西松,2023-05-09,9136
1513,中興電,61,29,32,群益金鼎-西松,2023-05-09,9136
3321,同泰,31,0,31,群益金鼎-西松,2023-05-09,9136
8234,新漢,31,0,31,群益金鼎-西松,2023-05-09,9136
2883B,凱基金乙特,30,0,30,群益金鼎-西松,2023-05-09,9136
4119,旭富,80,50,30,群益金鼎-西松,2023-05-09,9136
2337,旺宏,30,1,29,群益金鼎-西松,2023-05-09,9136
4503,金雨,30,1,29,群益金鼎-西松,2023-05-09,9136
00772B,中信高評級公司債,26,0,26,群益金鼎-西松,2023-05-09,9136
3058,立德,24,2,22,群益金鼎-西松,2023-05-09,9136
5410,國眾,21,0,21,群益金鼎-西松,2023-05-09,9136
8049,晶采,20,0,20,群益金鼎-西松,2023-05-09,9136
6791,虎門科技,19,0,19,群益金鼎-西松,2023-05-09,9136
1504,東元,25,7,18,群益金鼎-西松,2023-05-09,9136
00720B,元大投資級公司債,17,0,17,群益金鼎-西松,2023-05-09,9136
3490,單井,16,0,16,群益金鼎-西松,2023-05-09,9136
4113,聯上,15,0,15,群益金鼎-西松,2023-05-09,9136
4760,勤凱,15,0,15,群益金鼎-西松,2023-05-09,9136
00878,國泰永續高股息,15,0,15,群益金鼎-西松,2023-05-09,9136
00679B,元大美債20年,13,0,13,群益金鼎-西松,2023-05-09,9136
2609,陽明,16,3,13,群益金鼎-西松,2023-05-09,9136
4953,緯軟,13,0,13,群益金鼎-西松,2023-05-09,9136
3231,緯創,45,33,12,群益金鼎-西松,2023-05-09,9136
5465,富驊,11,0,11,群益金鼎-西松,2023-05-09,9136
6138,茂達,12,1,11,群益金鼎-西松,2023-05-09,9136
6167,久正,11,0,11,群益金鼎-西松,2023-05-09,9136
1760,寶齡富錦,10,0,10,群益金鼎-西松,2023-05-09,9136
1734,杏輝,10,0,10,群益金鼎-西松,2023-05-09,9136
2349,錸德,10,0,10,群益金鼎-西松,2023-05-09,9136
2382,廣達,21,11,10,群益金鼎-西松,2023-05-09,9136
4919,新唐,10,0,10,群益金鼎-西松,2023-05-09,9136
6005,群益證,10,0,10,群益金鼎-西松,2023-05-09,9136
6188,廣明,11,1,10,群益金鼎-西松,2023-05-09,9136
6443,元晶,12,2,10,群益金鼎-西松,2023-05-09,9136
9962,有益,10,0,10,群益金鼎-西松,2023-05-09,9136
3071,協禧,10,1,9,群益金鼎-西松,2023-05-09,9136
3715,定穎投控,22,13,9,群益金鼎-西松,2023-05-09,9136
3545,敦泰,9,1,8,群益金鼎-西松,2023-05-09,9136
1584,精剛,10,2,8,群益金鼎-西松,2023-05-09,9136
4967,十銓,8,0,8,群益金鼎-西松,2023-05-09,9136
6182,合晶,7,0,7,群益金鼎-西松,2023-05-09,9136
3037,欣興,13,6,7,群益金鼎-西松,2023-05-09,9136
1519,華城,51,44,7,群益金鼎-西松,2023-05-09,9136
2328,廣宇,7,0,7,群益金鼎-西松,2023-05-09,9136
8033,雷虎,167,2,165,群益金鼎-西松,2023-05-10,9136
00772B,中信高評級公司債,64,0,64,群益金鼎-西松,2023-05-10,9136
00878,國泰永續高股息,74,11,63,群益金鼎-西松,2023-05-10,9136
00637L,元大滬深300正2,85,25,60,群益金鼎-西松,2023-05-10,9136
8085,福華,60,0,60,群益金鼎-西松,2023-05-10,9136
8099,大世科,55,0,55,群益金鼎-西松,2023-05-10,9136
3202,樺晟,50,0,50,群益金鼎-西松,2023-05-10,9136
6712,長聖,52,2,50,群益金鼎-西松,2023-05-10,9136
00687B,國泰20年美債,46,0,46,群益金鼎-西松,2023-05-10,9136
00679B,元大美債20年,42,0,42,群益金鼎-西松,2023-05-10,9136
5483,中美晶,38,0,38,群益金鼎-西松,2023-05-10,9136
3231,緯創,46,14,32,群益金鼎-西松,2023-05-10,9136
1503,士電,25,3,22,群益金鼎-西松,2023-05-10,9136
4503,金雨,35,13,22,群益金鼎-西松,2023-05-10,9136
6005,群益證,21,0,21,群益金鼎-西松,2023-05-10,9136
1609,大亞,22,5,17,群益金鼎-西松,2023-05-10,9136
00877,復華中國5G,23,8,15,群益金鼎-西松,2023-05-10,9136
3033,威健,15,0,15,群益金鼎-西松,2023-05-10,9136
9945,潤泰新,14,0,14,群益金鼎-西松,2023-05-10,9136
4760,勤凱,13,0,13,群益金鼎-西松,2023-05-10,9136
4763,材料-KY,18,6,12,群益金鼎-西松,2023-05-10,9136
00924,復華S＆P500成長,11,0,11,群益金鼎-西松,2023-05-10,9136
2883B,凱基金乙特,11,0,11,群益金鼎-西松,2023-05-10,9136
4123,晟德,11,0,11,群益金鼎-西松,2023-05-10,9136
6138,茂達,12,1,11,群益金鼎-西松,2023-05-10,9136
2888,新光金,11,0,11,群益金鼎-西松,2023-05-10,9136
2344,華邦電,24,14,10,群益金鼎-西松,2023-05-10,9136
1304,台聚,10,0,10,群益金鼎-西松,2023-05-10,9136
1326,台化,10,0,10,群益金鼎-西松,2023-05-10,9136
3017,奇鋐,11,1,10,群益金鼎-西松,2023-05-10,9136
3362,先進光,10,0,10,群益金鼎-西松,2023-05-10,9136
3594,磐儀,10,0,10,群益金鼎-西松,2023-05-10,9136
6235,華孚,13,3,10,群益金鼎-西松,2023-05-10,9136
8114,振樺電,10,0,10,群益金鼎-西松,2023-05-10,9136
9919,康那香,10,0,10,群益金鼎-西松,2023-05-10,9136
6274,台燿,9,0,9,群益金鼎-西松,2023-05-10,9136
3701,大眾控,9,0,9,群益金鼎-西松,2023-05-10,9136
5381,合正,8,0,8,群益金鼎-西松,2023-05-10,9136
6806,森崴能源,44,36,8,群益金鼎-西松,2023-05-10,9136
6213,聯茂,9,2,7,群益金鼎-西松,2023-05-10,9136
1442,名軒,7,0,7,群益金鼎-西松,2023-05-10,9136
5410,國眾,7,0,7,群益金鼎-西松,2023-05-10,9136
1337,再生-KY,13,6,7,群益金鼎-西松,2023-05-10,9136
2330,台積電,6,0,6,群益金鼎-西松,2023-05-10,9136
8996,高力,13,7,6,群益金鼎-西松,2023-05-10,9136
5452,佶優,6,0,6,群益金鼎-西松,2023-05-10,9136
6112,邁達特,6,0,6,群益金鼎-西松,2023-05-10,9136
8069,元太,10,4,6,群益金鼎-西松,2023-05-10,9136
00712,復華富時不動產,5,0,5,群益金鼎-西松,2023-05-10,9136
2352,佳世達,8,3,5,群益金鼎-西松,2023-05-10,9136
3701,大眾控,147,0,147,群益金鼎-西松,2023-05-11,9136
3324,雙鴻,113,17,96,群益金鼎-西松,2023-05-11,9136
5309,系統電,101,25,76,群益金鼎-西松,2023-05-11,9136
4113,聯上,80,5,75,群益金鼎-西松,2023-05-11,9136
00751B,元大AAA至A公司債,47,0,47,群益金鼎-西松,2023-05-11,9136
8085,福華,42,0,42,群益金鼎-西松,2023-05-11,9136
2610,華航,43,7,36,群益金鼎-西松,2023-05-11,9136
1718,中纖,35,0,35,群益金鼎-西松,2023-05-11,9136
2609,陽明,30,4,26,群益金鼎-西松,2023-05-11,9136
2834,臺企銀,25,0,25,群益金鼎-西松,2023-05-11,9136
8114,振樺電,20,0,20,群益金鼎-西松,2023-05-11,9136
2402,毅嘉,20,0,20,群益金鼎-西松,2023-05-11,9136
3481,群創,20,0,20,群益金鼎-西松,2023-05-11,9136
3588,通嘉,20,0,20,群益金鼎-西松,2023-05-11,9136
9907,統一實,20,0,20,群益金鼎-西松,2023-05-11,9136
1611,中電,20,1,19,群益金鼎-西松,2023-05-11,9136
4763,材料-KY,18,1,17,群益金鼎-西松,2023-05-11,9136
00772B,中信高評級公司債,15,0,15,群益金鼎-西松,2023-05-11,9136
1721,三晃,15,0,15,群益金鼎-西松,2023-05-11,9136
2313,華通,16,1,15,群益金鼎-西松,2023-05-11,9136
00878,國泰永續高股息,15,0,15,群益金鼎-西松,2023-05-11,9136
3038,全台,14,0,14,群益金鼎-西松,2023-05-11,9136
1605,華新,13,0,13,群益金鼎-西松,2023-05-11,9136
2883,凱基金,21,8,13,群益金鼎-西松,2023-05-11,9136
2542,興富發,15,3,12,群益金鼎-西松,2023-05-11,9136
6167,久正,12,0,12,群益金鼎-西松,2023-05-11,9136
00637L,元大滬深300正2,10,0,10,群益金鼎-西松,2023-05-11,9136
00687B,國泰20年美債,10,0,10,群益金鼎-西松,2023-05-11,9136
00923,群益台ESG低碳50,10,0,10,群益金鼎-西松,2023-05-11,9136
1776,展宇,10,0,10,群益金鼎-西松,2023-05-11,9136
2497,怡利電,10,0,10,群益金鼎-西松,2023-05-11,9136
2891,中信金,10,0,10,群益金鼎-西松,2023-05-11,9136
3047,訊舟,10,0,10,群益金鼎-西松,2023-05-11,9136
5876,上海商銀,10,0,10,群益金鼎-西松,2023-05-11,9136
9945,潤泰新,12,2,10,群益金鼎-西松,2023-05-11,9136
3707,漢磊,10,0,10,群益金鼎-西松,2023-05-11,9136
1101,台泥,13,4,9,群益金鼎-西松,2023-05-11,9136
00713,元大台灣高息低波,9,0,9,群益金鼎-西松,2023-05-11,9136
2736,富野,9,0,9,群益金鼎-西松,2023-05-11,9136
2881,富邦金,15,6,9,群益金鼎-西松,2023-05-11,9136
8046,南電,9,0,9,群益金鼎-西松,2023-05-11,9136
00679B,元大美債20年,8,0,8,群益金鼎-西松,2023-05-11,9136
2702,華園,8,0,8,群益金鼎-西松,2023-05-11,9136
2884,玉山金,10,2,8,群益金鼎-西松,2023-05-11,9136
6733,博晟生醫,8,0,8,群益金鼎-西松,2023-05-11,9136
2618,長榮航,8,1,7,群益金鼎-西松,2023-05-11,9136
5321,美而快,21,14,7,群益金鼎-西松,2023-05-11,9136
2409,友達,7,0,7,群益金鼎-西松,2023-05-11,9136
6005,群益證,7,0,7,群益金鼎-西松,2023-05-11,9136
6538,倉和,8,1,7,群益金鼎-西松,2023-05-11,9136
6712,長聖,82,2,80,群益金鼎-西松,2023-05-12,9136
2457,飛宏,112,38,74,群益金鼎-西松,2023-05-12,9136
8085,福華,63,0,63,群益金鼎-西松,2023-05-12,9136
6829,千附精密,51,0,51,群益金鼎-西松,2023-05-12,9136
6235,華孚,55,7,48,群益金鼎-西松,2023-05-12,9136
00637L,元大滬深300正2,40,0,40,群益金鼎-西松,2023-05-12,9136
2376,技嘉,45,6,39,群益金鼎-西松,2023-05-12,9136
6288,聯嘉,40,6,34,群益金鼎-西松,2023-05-12,9136
1101,台泥,25,0,25,群益金鼎-西松,2023-05-12,9136
2371,大同,136,114,22,群益金鼎-西松,2023-05-12,9136
2317,鴻海,32,10,22,群益金鼎-西松,2023-05-12,9136
3189,景碩,20,0,20,群益金鼎-西松,2023-05-12,9136
6112,邁達特,22,2,20,群益金鼎-西松,2023-05-12,9136
8410,森田,20,0,20,群益金鼎-西松,2023-05-12,9136
9945,潤泰新,15,0,15,群益金鼎-西松,2023-05-12,9136
00773B,中信優先金融債,18,3,15,群益金鼎-西松,2023-05-12,9136
3058,立德,15,0,15,群益金鼎-西松,2023-05-12,9136
3265,台星科,15,0,15,群益金鼎-西松,2023-05-12,9136
3703,欣陸,15,0,15,群益金鼎-西松,2023-05-12,9136
9907,統一實,15,0,15,群益金鼎-西松,2023-05-12,9136
00633L,富邦上証正2,14,0,14,群益金鼎-西松,2023-05-12,9136
6276,安鈦克,15,1,14,群益金鼎-西松,2023-05-12,9136
1796,金穎生技,14,1,13,群益金鼎-西松,2023-05-12,9136
6142,友勁,12,0,12,群益金鼎-西松,2023-05-12,9136
6592,和潤企業,12,0,12,群益金鼎-西松,2023-05-12,9136
4123,晟德,13,2,11,群益金鼎-西松,2023-05-12,9136
00712,復華富時不動產,11,0,11,群益金鼎-西松,2023-05-12,9136
1608,華榮,10,0,10,群益金鼎-西松,2023-05-12,9136
4147,中裕,32,22,10,群益金鼎-西松,2023-05-12,9136
5484,慧友,10,0,10,群益金鼎-西松,2023-05-12,9136
5706,鳳凰,11,1,10,群益金鼎-西松,2023-05-12,9136
8114,振樺電,10,0,10,群益金鼎-西松,2023-05-12,9136
2303,聯電,11,1,10,群益金鼎-西松,2023-05-12,9136
6185,幃翔,10,1,9,群益金鼎-西松,2023-05-12,9136
6576,逸達,9,0,9,群益金鼎-西松,2023-05-12,9136
1762,中化生,8,0,8,群益金鼎-西松,2023-05-12,9136
2605,新興,7,0,7,群益金鼎-西松,2023-05-12,9136
3017,奇鋐,11,4,7,群益金鼎-西松,2023-05-12,9136
5381,合正,7,0,7,群益金鼎-西松,2023-05-12,9136
8038,長園科,16,9,7,群益金鼎-西松,2023-05-12,9136
2882,國泰金,8,2,6,群益金鼎-西松,2023-05-12,9136
6770,力積電,7,1,6,群益金鼎-西松,2023-05-12,9136
0056,元大高股息,6,0,6,群益金鼎-西松,2023-05-12,9136
00882,中信中國高股息,6,0,6,群益金鼎-西松,2023-05-12,9136
00772B,中信高評級公司債,6,0,6,群益金鼎-西松,2023-05-12,9136
3234,光環,6,0,6,群益金鼎-西松,2023-05-12,9136
3272,東碩,6,0,6,群益金鼎-西松,2023-05-12,9136
5488,松普,6,0,6,群益金鼎-西松,2023-05-12,9136
6285,啟��,18,12,6,群益金鼎-西松,2023-05-12,9136
6538,倉和,6,0,6,群益金鼎-西松,2023-05-12,9136
00687B,國泰20年美債,801,0,801,群益金鼎-西松,2023-05-15,9136
1504,東元,186,4,182,群益金鼎-西松,2023-05-15,9136
6276,安鈦克,73,0,73,群益金鼎-西松,2023-05-15,9136
3224,三顧,93,23,70,群益金鼎-西松,2023-05-15,9136
00878,國泰永續高股息,68,10,58,群益金鼎-西松,2023-05-15,9136
6005,群益證,113,68,45,群益金鼎-西松,2023-05-15,9136
00679B,元大美債20年,38,0,38,群益金鼎-西松,2023-05-15,9136
6235,華孚,111,73,38,群益金鼎-西松,2023-05-15,9136
2317,鴻海,42,4,38,群益金鼎-西松,2023-05-15,9136
00751B,元大AAA至A公司債,29,0,29,群益金鼎-西松,2023-05-15,9136
4119,旭富,27,0,27,群益金鼎-西松,2023-05-15,9136
00772B,中信高評級公司債,26,0,26,群益金鼎-西松,2023-05-15,9136
00900,富邦特選高股息30,24,0,24,群益金鼎-西松,2023-05-15,9136
00715L,期街口布蘭特正2,24,0,24,群益金鼎-西松,2023-05-15,9136
2409,友達,20,0,20,群益金鼎-西松,2023-05-15,9136
6101,寬魚國際,20,0,20,群益金鼎-西松,2023-05-15,9136
2618,長榮航,18,0,18,群益金鼎-西松,2023-05-15,9136
2376,技嘉,15,0,15,群益金鼎-西松,2023-05-15,9136
3363,上詮,25,11,14,群益金鼎-西松,2023-05-15,9136
1337,再生-KY,25,12,13,群益金鼎-西松,2023-05-15,9136
3038,全台,13,1,12,群益金鼎-西松,2023-05-15,9136
00642U,期元大S＆P石油,11,0,11,群益金鼎-西松,2023-05-15,9136
2022,聚亨,12,1,11,群益金鼎-西松,2023-05-15,9136
6244,茂迪,13,3,10,群益金鼎-西松,2023-05-15,9136
00882,中信中國高股息,10,0,10,群益金鼎-西松,2023-05-15,9136
6846,綠茵,10,0,10,群益金鼎-西松,2023-05-15,9136
2430,燦坤,9,0,9,群益金鼎-西松,2023-05-15,9136
5321,美而快,9,0,9,群益金鼎-西松,2023-05-15,9136
8076,伍豐,63,54,9,群益金鼎-西松,2023-05-15,9136
2303,聯電,12,4,8,群益金鼎-西松,2023-05-15,9136
0056,元大高股息,8,0,8,群益金鼎-西松,2023-05-15,9136
1101,台泥,8,0,8,群益金鼎-西松,2023-05-15,9136
2344,華邦電,9,2,7,群益金鼎-西松,2023-05-15,9136
3034,聯詠,8,1,7,群益金鼎-西松,2023-05-15,9136
00633L,富邦上証正2,12,6,6,群益金鼎-西松,2023-05-15,9136
00905,FT臺灣Smart,6,0,6,群益金鼎-西松,2023-05-15,9136
3025,星通,6,0,6,群益金鼎-西松,2023-05-15,9136
3661,世芯-KY,6,0,6,群益金鼎-西松,2023-05-15,9136
6164,華興,6,0,6,群益金鼎-西松,2023-05-15,9136
6442,光聖,6,0,6,群益金鼎-西松,2023-05-15,9136
6527,明達醫,6,0,6,群益金鼎-西松,2023-05-15,9136
3046,建��,8,2,6,群益金鼎-西松,2023-05-15,9136
9945,潤泰新,13,8,5,群益金鼎-西松,2023-05-15,9136
2330,台積電,5,0,5,群益金鼎-西松,2023-05-15,9136
6415,矽力*-KY,7,2,5,群益金鼎-西松,2023-05-15,9136
2476,鉅祥,5,0,5,群益金鼎-西松,2023-05-15,9136
2845,遠東銀,5,0,5,群益金鼎-西松,2023-05-15,9136
2880,華南金,5,0,5,群益金鼎-西松,2023-05-15,9136
2915,潤泰全,9,4,5,群益金鼎-西松,2023-05-15,9136
3032,偉訓,5,0,5,群益金鼎-西松,2023-05-15,9136
00687B,國泰20年美債,489,0,489,群益金鼎-西松,2023-05-16,9136
00632R,元大台灣50反1,235,0,235,群益金鼎-西松,2023-05-16,9136
6712,長聖,92,5,87,群益金鼎-西松,2023-05-16,9136
00751B,元大AAA至A公司債,83,0,83,群益金鼎-西松,2023-05-16,9136
6219,富旺,74,0,74,群益金鼎-西松,2023-05-16,9136
00679B,元大美債20年,55,2,53,群益金鼎-西松,2023-05-16,9136
2427,三商電,53,3,50,群益金鼎-西松,2023-05-16,9136
6829,千附精密,50,0,50,群益金鼎-西松,2023-05-16,9136
00680L,元大美債20正2,46,0,46,群益金鼎-西松,2023-05-16,9136
00665L,富邦�琤肭磪囓�2,80,50,30,群益金鼎-西松,2023-05-16,9136
1504,東元,41,11,30,群益金鼎-西松,2023-05-16,9136
00720B,元大投資級公司債,23,0,23,群益金鼎-西松,2023-05-16,9136
6499,益安,21,0,21,群益金鼎-西松,2023-05-16,9136
2722,夏都,30,10,20,群益金鼎-西松,2023-05-16,9136
6846,綠茵,19,0,19,群益金鼎-西松,2023-05-16,9136
2317,鴻海,19,1,18,群益金鼎-西松,2023-05-16,9136
1337,再生-KY,21,3,18,群益金鼎-西松,2023-05-16,9136
00642U,期元大S＆P石油,17,0,17,群益金鼎-西松,2023-05-16,9136
4971,IET-KY,16,0,16,群益金鼎-西松,2023-05-16,9136
1442,名軒,15,0,15,群益金鼎-西松,2023-05-16,9136
2313,華通,15,0,15,群益金鼎-西松,2023-05-16,9136
3017,奇鋐,18,3,15,群益金鼎-西松,2023-05-16,9136
3037,欣興,26,11,15,群益金鼎-西松,2023-05-16,9136
2331,精英,13,0,13,群益金鼎-西松,2023-05-16,9136
00772B,中信高評級公司債,12,0,12,群益金鼎-西松,2023-05-16,9136
2453,凌群,15,3,12,群益金鼎-西松,2023-05-16,9136
00877,復華中國5G,10,0,10,群益金鼎-西松,2023-05-16,9136
2344,華邦電,18,8,10,群益金鼎-西松,2023-05-16,9136
2489,瑞軒,10,0,10,群益金鼎-西松,2023-05-16,9136
2705,六福,10,0,10,群益金鼎-西松,2023-05-16,9136
3308,聯德,18,8,10,群益金鼎-西松,2023-05-16,9136
4968,立積,11,1,10,群益金鼎-西松,2023-05-16,9136
3034,聯詠,10,1,9,群益金鼎-西松,2023-05-16,9136
3363,上詮,29,20,9,群益金鼎-西松,2023-05-16,9136
5258,虹堡,10,1,9,群益金鼎-西松,2023-05-16,9136
3078,僑威,11,3,8,群益金鼎-西松,2023-05-16,9136
2337,旺宏,7,0,7,群益金鼎-西松,2023-05-16,9136
4417,金洲,6,0,6,群益金鼎-西松,2023-05-16,9136
6244,茂迪,10,4,6,群益金鼎-西松,2023-05-16,9136
2882,國泰金,12,6,6,群益金鼎-西松,2023-05-16,9136
00917,中信特選金融,5,0,5,群益金鼎-西松,2023-05-16,9136
1519,華城,23,18,5,群益金鼎-西松,2023-05-16,9136
1529,樂事綠能,5,0,5,群益金鼎-西松,2023-05-16,9136
2867,三商壽,5,0,5,群益金鼎-西松,2023-05-16,9136
3625,西勝,5,0,5,群益金鼎-西松,2023-05-16,9136
4728,雙美,6,1,5,群益金鼎-西松,2023-05-16,9136
6235,華孚,109,104,5,群益金鼎-西松,2023-05-16,9136
6275,元山,7,2,5,群益金鼎-西松,2023-05-16,9136
6689,伊雲谷,6,1,5,群益金鼎-西松,2023-05-16,9136
3661,世芯-KY,10,6,4,群益金鼎-西松,2023-05-16,9136
00687B,國泰20年美債,1202,0,1202,群益金鼎-西松,2023-05-17,9136
00632R,元大台灣50反1,270,10,260,群益金鼎-西松,2023-05-17,9136
6234,高僑,200,1,199,群益金鼎-西松,2023-05-17,9136
2736,富野,105,5,100,群益金鼎-西松,2023-05-17,9136
00878,國泰永續高股息,86,4,82,群益金鼎-西松,2023-05-17,9136
8454,富邦媒,50,0,50,群益金鼎-西松,2023-05-17,9136
2303,聯電,51,3,48,群益金鼎-西松,2023-05-17,9136
1608,華榮,46,8,38,群益金鼎-西松,2023-05-17,9136
6185,幃翔,36,1,35,群益金鼎-西松,2023-05-17,9136
2427,三商電,50,20,30,群益金鼎-西松,2023-05-17,9136
3324,雙鴻,30,3,27,群益金鼎-西松,2023-05-17,9136
2371,大同,26,0,26,群益金鼎-西松,2023-05-17,9136
3363,上詮,49,28,21,群益金鼎-西松,2023-05-17,9136
00720B,元大投資級公司債,20,0,20,群益金鼎-西松,2023-05-17,9136
1314,中石化,20,0,20,群益金鼎-西松,2023-05-17,9136
2883B,凱基金乙特,20,0,20,群益金鼎-西松,2023-05-17,9136
4938,和碩,20,0,20,群益金鼎-西松,2023-05-17,9136
8050,廣積,20,0,20,群益金鼎-西松,2023-05-17,9136
4147,中裕,20,3,17,群益金鼎-西松,2023-05-17,9136
6179,亞通,28,11,17,群益金鼎-西松,2023-05-17,9136
00637L,元大滬深300正2,25,10,15,群益金鼎-西松,2023-05-17,9136
00715L,期街口布蘭特正2,19,5,14,群益金鼎-西松,2023-05-17,9136
00633L,富邦上証正2,14,0,14,群益金鼎-西松,2023-05-17,9136
1727,中華化,14,0,14,群益金鼎-西松,2023-05-17,9136
2402,毅嘉,16,2,14,群益金鼎-西松,2023-05-17,9136
6223,旺矽,16,4,12,群益金鼎-西松,2023-05-17,9136
2313,華通,13,2,11,群益金鼎-西松,2023-05-17,9136
2368,金像電,16,5,11,群益金鼎-西松,2023-05-17,9136
4306,炎洲,11,0,11,群益金鼎-西松,2023-05-17,9136
00900,富邦特選高股息30,10,0,10,群益金鼎-西松,2023-05-17,9136
2331,精英,10,0,10,群益金鼎-西松,2023-05-17,9136
5347,世界,11,1,10,群益金鼎-西松,2023-05-17,9136
9955,佳龍,10,0,10,群益金鼎-西松,2023-05-17,9136
00712,復華富時不動產,9,0,9,群益金鼎-西松,2023-05-17,9136
2421,建準,20,11,9,群益金鼎-西松,2023-05-17,9136
00772B,中信高評級公司債,11,3,8,群益金鼎-西松,2023-05-17,9136
1810,和成,10,2,8,群益金鼎-西松,2023-05-17,9136
2618,長榮航,24,16,8,群益金鼎-西松,2023-05-17,9136
5302,太欣,8,0,8,群益金鼎-西松,2023-05-17,9136
1513,中興電,15,8,7,群益金鼎-西松,2023-05-17,9136
3481,群創,8,1,7,群益金鼎-西松,2023-05-17,9136
6285,啟��,9,2,7,群益金鼎-西松,2023-05-17,9136
2342,茂矽,6,0,6,群益金鼎-西松,2023-05-17,9136
2442,新美齊,6,0,6,群益金鼎-西松,2023-05-17,9136
6244,茂迪,6,0,6,群益金鼎-西松,2023-05-17,9136
6282,康舒,6,0,6,群益金鼎-西松,2023-05-17,9136
5227,立凱-KY,5,0,5,群益金鼎-西松,2023-05-17,9136
3017,奇鋐,6,1,5,群益金鼎-西松,2023-05-17,9136
1762,中化生,10,5,5,群益金鼎-西松,2023-05-17,9136
3207,耀勝,11,6,5,群益金鼎-西松,2023-05-17,9136
3231,緯創,531,43,488,群益金鼎-西松,2023-05-18,9136
3711,日月光投控,201,4,197,群益金鼎-西松,2023-05-18,9136
6234,高僑,100,0,100,群益金鼎-西松,2023-05-18,9136
2063,世鎧,52,0,52,群益金鼎-西松,2023-05-18,9136
3363,上詮,60,8,52,群益金鼎-西松,2023-05-18,9136
00632R,元大台灣50反1,62,15,47,群益金鼎-西松,2023-05-18,9136
3224,三顧,45,2,43,群益金鼎-西松,2023-05-18,9136
2409,友達,109,74,35,群益金鼎-西松,2023-05-18,9136
1519,華城,64,29,35,群益金鼎-西松,2023-05-18,9136
2634,漢翔,52,19,33,群益金鼎-西松,2023-05-18,9136
1905,華紙,47,15,32,群益金鼎-西松,2023-05-18,9136
00751B,元大AAA至A公司債,27,0,27,群益金鼎-西松,2023-05-18,9136
00673R,期元大S＆P原油反1,24,0,24,群益金鼎-西松,2023-05-18,9136
2402,毅嘉,26,2,24,群益金鼎-西松,2023-05-18,9136
3017,奇鋐,23,2,21,群益金鼎-西松,2023-05-18,9136
00924,復華S＆P500成長,20,0,20,群益金鼎-西松,2023-05-18,9136
4113,聯上,20,0,20,群益金鼎-西松,2023-05-18,9136
8049,晶采,18,0,18,群益金鼎-西松,2023-05-18,9136
6282,康舒,29,12,17,群益金鼎-西松,2023-05-18,9136
2609,陽明,14,1,13,群益金鼎-西松,2023-05-18,9136
6233,旺玖,12,0,12,群益金鼎-西松,2023-05-18,9136
4938,和碩,11,0,11,群益金鼎-西松,2023-05-18,9136
00680L,元大美債20正2,10,0,10,群益金鼎-西松,2023-05-18,9136
1316,上曜,10,0,10,群益金鼎-西松,2023-05-18,9136
2491,吉祥全,11,1,10,群益金鼎-西松,2023-05-18,9136
2883,凱基金,12,2,10,群益金鼎-西松,2023-05-18,9136
3356,奇偶,10,0,10,群益金鼎-西松,2023-05-18,9136
5706,鳳凰,10,0,10,群益金鼎-西松,2023-05-18,9136
6690,安�硌穈T,10,0,10,群益金鼎-西松,2023-05-18,9136
3576,聯合再生,11,1,10,群益金鼎-西松,2023-05-18,9136
2610,華航,34,25,9,群益金鼎-西松,2023-05-18,9136
8076,伍豐,23,14,9,群益金鼎-西松,2023-05-18,9136
6441,廣錠,10,1,9,群益金鼎-西松,2023-05-18,9136
3003,健和興,11,3,8,群益金鼎-西松,2023-05-18,9136
5381,合正,8,0,8,群益金鼎-西松,2023-05-18,9136
1503,士電,26,18,8,群益金鼎-西松,2023-05-18,9136
00690,兆豐藍籌30,7,0,7,群益金鼎-西松,2023-05-18,9136
3202,樺晟,10,3,7,群益金鼎-西松,2023-05-18,9136
4503,金雨,7,0,7,群益金鼎-西松,2023-05-18,9136
00919,群益台灣精選高息,6,0,6,群益金鼎-西松,2023-05-18,9136
1210,大成,10,4,6,群益金鼎-西松,2023-05-18,9136
1319,東陽,6,0,6,群益金鼎-西松,2023-05-18,9136
1568,倉佑,6,0,6,群益金鼎-西松,2023-05-18,9136
2530,華建,6,0,6,群益金鼎-西松,2023-05-18,9136
8087,麗升能源,6,0,6,群益金鼎-西松,2023-05-18,9136
8222,寶一,17,12,5,群益金鼎-西松,2023-05-18,9136
00687B,國泰20年美債,5,0,5,群益金鼎-西松,2023-05-18,9136
1514,亞力,13,8,5,群益金鼎-西松,2023-05-18,9136
1720,生達,5,0,5,群益金鼎-西松,2023-05-18,9136
2457,飛宏,14,9,5,群益金鼎-西松,2023-05-18,9136
2312,金寶,165,0,165,群益金鼎-西松,2023-05-19,9136
8222,寶一,102,7,95,群益金鼎-西松,2023-05-19,9136
00687B,國泰20年美債,63,0,63,群益金鼎-西松,2023-05-19,9136
6282,康舒,96,34,62,群益金鼎-西松,2023-05-19,9136
3224,三顧,55,0,55,群益金鼎-西松,2023-05-19,9136
00751B,元大AAA至A公司債,47,0,47,群益金鼎-西松,2023-05-19,9136
2382,廣達,44,10,34,群益金鼎-西松,2023-05-19,9136
3231,緯創,101,69,32,群益金鼎-西松,2023-05-19,9136
2399,映泰,35,5,30,群益金鼎-西松,2023-05-19,9136
2745,五福,29,0,29,群益金鼎-西松,2023-05-19,9136
5258,虹堡,50,22,28,群益金鼎-西松,2023-05-19,9136
00637L,元大滬深300正2,33,8,25,群益金鼎-西松,2023-05-19,9136
00633L,富邦上証正2,31,6,25,群益金鼎-西松,2023-05-19,9136
1605,華新,25,2,23,群益金鼎-西松,2023-05-19,9136
2705,六福,20,0,20,群益金鼎-西松,2023-05-19,9136
3028,增你強,20,0,20,群益金鼎-西松,2023-05-19,9136
4147,中裕,23,3,20,群益金鼎-西松,2023-05-19,9136
2377,微星,20,2,18,群益金鼎-西松,2023-05-19,9136
00674R,期元大S＆P黃金反1,16,0,16,群益金鼎-西松,2023-05-19,9136
5009,榮剛,21,5,16,群益金鼎-西松,2023-05-19,9136
00924,復華S＆P500成長,14,0,14,群益金鼎-西松,2023-05-19,9136
3444,利機,15,1,14,群益金鼎-西松,2023-05-19,9136
00696B,富邦美債20年,11,0,11,群益金鼎-西松,2023-05-19,9136
2408,南亞科,11,0,11,群益金鼎-西松,2023-05-19,9136
1785,光洋科,10,0,10,群益金鼎-西松,2023-05-19,9136
2323,中環,11,1,10,群益金鼎-西松,2023-05-19,9136
2453,凌群,41,31,10,群益金鼎-西松,2023-05-19,9136
3209,全科,10,0,10,群益金鼎-西松,2023-05-19,9136
3529,力旺,10,0,10,群益金鼎-西松,2023-05-19,9136
3701,大眾控,10,0,10,群益金鼎-西松,2023-05-19,9136
6163,華電網,10,0,10,群益金鼎-西松,2023-05-19,9136
6589,台康生技,10,0,10,群益金鼎-西松,2023-05-19,9136
8049,晶采,10,0,10,群益金鼎-西松,2023-05-19,9136
00679B,元大美債20年,25,16,9,群益金鼎-西松,2023-05-19,9136
2022,聚亨,9,0,9,群益金鼎-西松,2023-05-19,9136
6509,聚和,12,3,9,群益金鼎-西松,2023-05-19,9136
2603,長榮,11,3,8,群益金鼎-西松,2023-05-19,9136
00708L,期元大S＆P黃金正2,8,0,8,群益金鼎-西松,2023-05-19,9136
2468,華經,8,0,8,群益金鼎-西松,2023-05-19,9136
6244,茂迪,10,2,8,群益金鼎-西松,2023-05-19,9136
8038,長園科,9,1,8,群益金鼎-西松,2023-05-19,9136
00713,元大台灣高息低波,10,3,7,群益金鼎-西松,2023-05-19,9136
3046,建��,17,10,7,群益金鼎-西松,2023-05-19,9136
00720B,元大投資級公司債,6,0,6,群益金鼎-西松,2023-05-19,9136
2712,遠雄來,8,2,6,群益金鼎-西松,2023-05-19,9136
3033,威健,6,0,6,群益金鼎-西松,2023-05-19,9136
6770,力積電,6,0,6,群益金鼎-西松,2023-05-19,9136
3576,聯合再生,6,0,6,群益金鼎-西松,2023-05-19,9136
00919,群益台灣精選高息,5,0,5,群益金鼎-西松,2023-05-19,9136
2063,世鎧,5,0,5,群益金鼎-西松,2023-05-19,9136
3224,三顧,200,0,200,群益金鼎-西松,2023-05-22,9136
6235,華孚,105,3,102,群益金鼎-西松,2023-05-22,9136
6223,旺矽,54,3,51,群益金鼎-西松,2023-05-22,9136
3363,上詮,51,2,49,群益金鼎-西松,2023-05-22,9136
3202,樺晟,55,7,48,群益金鼎-西松,2023-05-22,9136
00715L,期街口布蘭特正2,45,0,45,群益金鼎-西松,2023-05-22,9136
3491,昇達科,42,0,42,群益金鼎-西松,2023-05-22,9136
2421,建準,62,24,38,群益金鼎-西松,2023-05-22,9136
00878,國泰永續高股息,35,2,33,群益金鼎-西松,2023-05-22,9136
1809,中釉,30,0,30,群益金鼎-西松,2023-05-22,9136
1591,駿吉-KY,29,0,29,群益金鼎-西松,2023-05-22,9136
2302,麗正,30,1,29,群益金鼎-西松,2023-05-22,9136
2303,聯電,30,5,25,群益金鼎-西松,2023-05-22,9136
00877,復華中國5G,20,0,20,群益金鼎-西松,2023-05-22,9136
3071,協禧,20,0,20,群益金鼎-西松,2023-05-22,9136
2027,大成鋼,20,0,20,群益金鼎-西松,2023-05-22,9136
9933,中鼎,15,0,15,群益金鼎-西松,2023-05-22,9136
00687B,國泰20年美債,14,0,14,群益金鼎-西松,2023-05-22,9136
3005,神基,16,2,14,群益金鼎-西松,2023-05-22,9136
3008,大立光,14,0,14,群益金鼎-西松,2023-05-22,9136
3231,緯創,20,7,13,群益金鼎-西松,2023-05-22,9136
8046,南電,14,1,13,群益金鼎-西松,2023-05-22,9136
2031,新光鋼,12,0,12,群益金鼎-西松,2023-05-22,9136
8454,富邦媒,12,0,12,群益金鼎-西松,2023-05-22,9136
00713,元大台灣高息低波,12,0,12,群益金鼎-西松,2023-05-22,9136
3025,星通,24,13,11,群益金鼎-西松,2023-05-22,9136
3029,零壹,11,0,11,群益金鼎-西松,2023-05-22,9136
00679B,元大美債20年,25,15,10,群益金鼎-西松,2023-05-22,9136
00795B,中信美國公債20年,10,0,10,群益金鼎-西松,2023-05-22,9136
1734,杏輝,10,0,10,群益金鼎-西松,2023-05-22,9136
2867,三商壽,10,0,10,群益金鼎-西松,2023-05-22,9136
3056,富華新,10,0,10,群益金鼎-西松,2023-05-22,9136
3178,公準,14,4,10,群益金鼎-西松,2023-05-22,9136
00751B,元大AAA至A公司債,12,3,9,群益金鼎-西松,2023-05-22,9136
2313,華通,10,1,9,群益金鼎-西松,2023-05-22,9136
5465,富驊,10,1,9,群益金鼎-西松,2023-05-22,9136
00674R,期元大S＆P黃金反1,8,0,8,群益金鼎-西松,2023-05-22,9136
6672,騰輝電子-KY,10,2,8,群益金鼎-西松,2023-05-22,9136
2201,裕隆,20,13,7,群益金鼎-西松,2023-05-22,9136
1584,精剛,11,5,6,群益金鼎-西松,2023-05-22,9136
2323,中環,6,0,6,群益金鼎-西松,2023-05-22,9136
4111,濟生,6,0,6,群益金鼎-西松,2023-05-22,9136
6770,力積電,6,0,6,群益金鼎-西松,2023-05-22,9136
6799,來頡,6,0,6,群益金鼎-西松,2023-05-22,9136
8038,長園科,7,1,6,群益金鼎-西松,2023-05-22,9136
00772B,中信高評級公司債,5,0,5,群益金鼎-西松,2023-05-22,9136
1310,台苯,5,0,5,群益金鼎-西松,2023-05-22,9136
1447,力鵬,5,0,5,群益金鼎-西松,2023-05-22,9136
2352,佳世達,5,0,5,群益金鼎-西松,2023-05-22,9136
2480,敦陽科,5,0,5,群益金鼎-西松,2023-05-22,9136
3324,雙鴻,101,0,101,群益金鼎-西松,2023-05-23,9136
4979,華星光,100,5,95,群益金鼎-西松,2023-05-23,9136
3290,東浦,59,10,49,群益金鼎-西松,2023-05-23,9136
2867,三商壽,50,2,48,群益金鼎-西松,2023-05-23,9136
2409,友達,50,7,43,群益金鼎-西松,2023-05-23,9136
00637L,元大滬深300正2,55,15,40,群益金鼎-西松,2023-05-23,9136
00680L,元大美債20正2,32,0,32,群益金鼎-西松,2023-05-23,9136
2208,台船,33,1,32,群益金鼎-西松,2023-05-23,9136
1513,中興電,54,22,32,群益金鼎-西松,2023-05-23,9136
3481,群創,59,28,31,群益金鼎-西松,2023-05-23,9136
5905,南仁湖,155,125,30,群益金鼎-西松,2023-05-23,9136
8086,宏捷科,31,1,30,群益金鼎-西松,2023-05-23,9136
00687B,國泰20年美債,28,0,28,群益金鼎-西松,2023-05-23,9136
8011,台通,25,0,25,群益金鼎-西松,2023-05-23,9136
8222,寶一,28,3,25,群益金鼎-西松,2023-05-23,9136
2882,國泰金,23,1,22,群益金鼎-西松,2023-05-23,9136
00877,復華中國5G,20,0,20,群益金鼎-西松,2023-05-23,9136
2201,裕隆,51,31,20,群益金鼎-西松,2023-05-23,9136
2313,華通,20,0,20,群益金鼎-西松,2023-05-23,9136
2537,聯上發,20,0,20,群益金鼎-西松,2023-05-23,9136
2836,高雄銀,20,0,20,群益金鼎-西松,2023-05-23,9136
6576,逸達,20,0,20,群益金鼎-西松,2023-05-23,9136
9943,好樂迪,20,0,20,群益金鼎-西松,2023-05-23,9136
2515,中工,20,1,19,群益金鼎-西松,2023-05-23,9136
6535,順藥,20,1,19,群益金鼎-西松,2023-05-23,9136
2376,技嘉,18,0,18,群益金鼎-西松,2023-05-23,9136
00673R,期元大S＆P原油反1,20,3,17,群益金鼎-西松,2023-05-23,9136
00696B,富邦美債20年,17,0,17,群益金鼎-西松,2023-05-23,9136
5511,德昌,20,3,17,群益金鼎-西松,2023-05-23,9136
00772B,中信高評級公司債,15,0,15,群益金鼎-西松,2023-05-23,9136
1519,華城,54,40,14,群益金鼎-西松,2023-05-23,9136
2317,鴻海,13,0,13,群益金鼎-西松,2023-05-23,9136
8464,億豐,16,3,13,群益金鼎-西松,2023-05-23,9136
3231,緯創,91,78,13,群益金鼎-西松,2023-05-23,9136
2734,易飛網,17,5,12,群益金鼎-西松,2023-05-23,9136
3202,樺晟,14,2,12,群益金鼎-西松,2023-05-23,9136
1605,華新,11,0,11,群益金鼎-西松,2023-05-23,9136
4977,眾達-KY,13,2,11,群益金鼎-西松,2023-05-23,9136
6446,藥華藥,15,5,10,群益金鼎-西松,2023-05-23,9136
1783,和康生,10,0,10,群益金鼎-西松,2023-05-23,9136
1809,中釉,10,0,10,群益金鼎-西松,2023-05-23,9136
3715,定穎投控,10,0,10,群益金鼎-西松,2023-05-23,9136
4915,致伸,10,0,10,群益金鼎-西松,2023-05-23,9136
6142,友勁,10,0,10,群益金鼎-西松,2023-05-23,9136
6690,安�硌穈T,10,0,10,群益金鼎-西松,2023-05-23,9136
3044,健鼎,9,0,9,群益金鼎-西松,2023-05-23,9136
1514,亞力,19,10,9,群益金鼎-西松,2023-05-23,9136
9945,潤泰新,10,1,9,群益金鼎-西松,2023-05-23,9136
2634,漢翔,23,15,8,群益金鼎-西松,2023-05-23,9136
2399,映泰,10,3,7,群益金鼎-西松,2023-05-23,9136
00637L,元大滬深300正2,245,10,235,群益金鼎-西松,2023-05-24,9136
1810,和成,93,31,62,群益金鼎-西松,2023-05-24,9136
6245,立端,55,0,55,群益金鼎-西松,2023-05-24,9136
00687B,國泰20年美債,47,0,47,群益金鼎-西松,2023-05-24,9136
4744,皇將,35,1,34,群益金鼎-西松,2023-05-24,9136
00633L,富邦上証正2,33,0,33,群益金鼎-西松,2023-05-24,9136
2611,志信,78,48,30,群益金鼎-西松,2023-05-24,9136
2702,華園,33,4,29,群益金鼎-西松,2023-05-24,9136
00878,國泰永續高股息,28,0,28,群益金鼎-西松,2023-05-24,9136
3231,緯創,105,79,26,群益金鼎-西松,2023-05-24,9136
3356,奇偶,22,0,22,群益金鼎-西松,2023-05-24,9136
00673R,期元大S＆P原油反1,20,0,20,群益金鼎-西松,2023-05-24,9136
3092,鴻碩,19,0,19,群益金鼎-西松,2023-05-24,9136
3498,陽程,18,0,18,群益金鼎-西松,2023-05-24,9136
6125,廣運,15,0,15,群益金鼎-西松,2023-05-24,9136
2330,台積電,21,6,15,群益金鼎-西松,2023-05-24,9136
00882,中信中國高股息,14,0,14,群益金鼎-西松,2023-05-24,9136
00772B,中信高評級公司債,14,0,14,群益金鼎-西松,2023-05-24,9136
5321,美而快,12,0,12,群益金鼎-西松,2023-05-24,9136
3406,玉晶光,10,0,10,群益金鼎-西松,2023-05-24,9136
00877,復華中國5G,12,2,10,群益金鼎-西松,2023-05-24,9136
00632R,元大台灣50反1,68,58,10,群益金鼎-西松,2023-05-24,9136
2312,金寶,10,0,10,群益金鼎-西松,2023-05-24,9136
2515,中工,10,0,10,群益金鼎-西松,2023-05-24,9136
2867,三商壽,10,0,10,群益金鼎-西松,2023-05-24,9136
2882,國泰金,11,1,10,群益金鼎-西松,2023-05-24,9136
3675,德微,10,0,10,群益金鼎-西松,2023-05-24,9136
4503,金雨,10,0,10,群益金鼎-西松,2023-05-24,9136
4564,元翎,16,6,10,群益金鼎-西松,2023-05-24,9136
8049,晶采,10,0,10,群益金鼎-西松,2023-05-24,9136
8059,凱碩,10,0,10,群益金鼎-西松,2023-05-24,9136
3707,漢磊,10,0,10,群益金鼎-西松,2023-05-24,9136
2913,農林,9,0,9,群益金鼎-西松,2023-05-24,9136
00753L,中信中國50正2,7,0,7,群益金鼎-西松,2023-05-24,9136
00720B,元大投資級公司債,7,0,7,群益金鼎-西松,2023-05-24,9136
3029,零壹,8,1,7,群益金鼎-西松,2023-05-24,9136
2376,技嘉,40,33,7,群益金鼎-西松,2023-05-24,9136
1905,華紙,13,7,6,群益金鼎-西松,2023-05-24,9136
5009,榮剛,14,8,6,群益金鼎-西松,2023-05-24,9136
00674R,期元大S＆P黃金反1,6,0,6,群益金鼎-西松,2023-05-24,9136
2610,華航,6,0,6,群益金鼎-西松,2023-05-24,9136
3047,訊舟,6,0,6,群益金鼎-西松,2023-05-24,9136
3078,僑威,10,4,6,群益金鼎-西松,2023-05-24,9136
3105,穩懋,8,2,6,群益金鼎-西松,2023-05-24,9136
3704,合勤控,7,1,6,群益金鼎-西松,2023-05-24,9136
6282,康舒,13,7,6,群益金鼎-西松,2023-05-24,9136
2368,金像電,10,5,5,群益金鼎-西松,2023-05-24,9136
0056,元大高股息,5,0,5,群益金鼎-西松,2023-05-24,9136
00928,中信上櫃ESG30,5,0,5,群益金鼎-西松,2023-05-24,9136
00893,國泰智能電動車,7,2,5,群益金鼎-西松,2023-05-24,9136
1504,東元,115,3,112,群益金鼎-西松,2023-05-25,9136
8222,寶一,101,0,101,群益金鼎-西松,2023-05-25,9136
2303,聯電,111,10,101,群益金鼎-西松,2023-05-25,9136
2371,大同,67,12,55,群益金鼎-西松,2023-05-25,9136
1909,榮成,50,0,50,群益金鼎-西松,2023-05-25,9136
6285,啟��,49,1,48,群益金鼎-西松,2023-05-25,9136
00637L,元大滬深300正2,65,20,45,群益金鼎-西松,2023-05-25,9136
00753L,中信中國50正2,43,0,43,群益金鼎-西松,2023-05-25,9136
4915,致伸,47,13,34,群益金鼎-西松,2023-05-25,9136
00882,中信中國高股息,32,0,32,群益金鼎-西松,2023-05-25,9136
00878,國泰永續高股息,28,1,27,群益金鼎-西松,2023-05-25,9136
6531,愛普*,30,3,27,群益金鼎-西松,2023-05-25,9136
2352,佳世達,27,0,27,群益金鼎-西松,2023-05-25,9136
2883,凱基金,32,6,26,群益金鼎-西松,2023-05-25,9136
2399,映泰,30,5,25,群益金鼎-西松,2023-05-25,9136
5498,凱崴,25,0,25,群益金鼎-西松,2023-05-25,9136
2402,毅嘉,24,1,23,群益金鼎-西松,2023-05-25,9136
5309,系統電,23,0,23,群益金鼎-西松,2023-05-25,9136
2882,國泰金,22,0,22,群益金鼎-西松,2023-05-25,9136
1605,華新,21,0,21,群益金鼎-西松,2023-05-25,9136
1104,環泥,20,0,20,群益金鼎-西松,2023-05-25,9136
4147,中裕,22,2,20,群益金鼎-西松,2023-05-25,9136
4903,聯光通,20,0,20,群益金鼎-西松,2023-05-25,9136
4744,皇將,18,0,18,群益金鼎-西松,2023-05-25,9136
2442,新美齊,17,0,17,群益金鼎-西松,2023-05-25,9136
3207,耀勝,17,0,17,群益金鼎-西松,2023-05-25,9136
2317,鴻海,18,2,16,群益金鼎-西松,2023-05-25,9136
00830,國泰費城半導體,16,4,12,群益金鼎-西松,2023-05-25,9136
2027,大成鋼,12,0,12,群益金鼎-西松,2023-05-25,9136
6770,力積電,13,1,12,群益金鼎-西松,2023-05-25,9136
3701,大眾控,12,0,12,群益金鼎-西松,2023-05-25,9136
00673R,期元大S＆P原油反1,10,0,10,群益金鼎-西松,2023-05-25,9136
2515,中工,10,0,10,群益金鼎-西松,2023-05-25,9136
2633,台灣高鐵,10,0,10,群益金鼎-西松,2023-05-25,9136
2888,新光金,10,0,10,群益金鼎-西松,2023-05-25,9136
6163,華電網,10,0,10,群益金鼎-西松,2023-05-25,9136
6190,萬泰科,11,1,10,群益金鼎-西松,2023-05-25,9136
00632R,元大台灣50反1,19,10,9,群益金鼎-西松,2023-05-25,9136
1809,中釉,10,1,9,群益金鼎-西松,2023-05-25,9136
2630,亞航,10,1,9,群益金鼎-西松,2023-05-25,9136
3481,群創,13,4,9,群益金鼎-西松,2023-05-25,9136
2603,長榮,10,2,8,群益金鼎-西松,2023-05-25,9136
00687B,國泰20年美債,8,0,8,群益金鼎-西松,2023-05-25,9136
1310,台苯,25,17,8,群益金鼎-西松,2023-05-25,9136
3092,鴻碩,8,0,8,群益金鼎-西松,2023-05-25,9136
3374,精材,10,2,8,群益金鼎-西松,2023-05-25,9136
6239,力成,9,1,8,群益金鼎-西松,2023-05-25,9136
8436,大江,8,0,8,群益金鼎-西松,2023-05-25,9136
8454,富邦媒,9,1,8,群益金鼎-西松,2023-05-25,9136
00633L,富邦上証正2,7,0,7,群益金鼎-西松,2023-05-25,9136
6124,業強,213,0,213,群益金鼎-西松,2023-05-26,9136
3231,緯創,320,175,145,群益金鼎-西松,2023-05-26,9136
6829,千附精密,100,0,100,群益金鼎-西松,2023-05-26,9136
3224,三顧,99,0,99,群益金鼎-西松,2023-05-26,9136
00637L,元大滬深300正2,115,28,87,群益金鼎-西松,2023-05-26,9136
6282,康舒,99,20,79,群益金鼎-西松,2023-05-26,9136
00632R,元大台灣50反1,72,20,52,群益金鼎-西松,2023-05-26,9136
5309,系統電,40,0,40,群益金鼎-西松,2023-05-26,9136
00712,復華富時不動產,39,0,39,群益金鼎-西松,2023-05-26,9136
3481,群創,74,45,29,群益金鼎-西松,2023-05-26,9136
00715L,期街口布蘭特正2,25,0,25,群益金鼎-西松,2023-05-26,9136
3011,今皓,25,2,23,群益金鼎-西松,2023-05-26,9136
3029,零壹,28,5,23,群益金鼎-西松,2023-05-26,9136
2376,技嘉,47,24,23,群益金鼎-西松,2023-05-26,9136
00895,富邦未來車,22,0,22,群益金鼎-西松,2023-05-26,9136
2399,映泰,31,9,22,群益金鼎-西松,2023-05-26,9136
00751B,元大AAA至A公司債,20,0,20,群益金鼎-西松,2023-05-26,9136
5876,上海商銀,20,0,20,群益金鼎-西松,2023-05-26,9136
2323,中環,26,8,18,群益金鼎-西松,2023-05-26,9136
2408,南亞科,21,3,18,群益金鼎-西松,2023-05-26,9136
1605,華新,20,3,17,群益金鼎-西松,2023-05-26,9136
5258,虹堡,23,6,17,群益金鼎-西松,2023-05-26,9136
2328,廣宇,14,1,13,群益金鼎-西松,2023-05-26,9136
4953,緯軟,15,2,13,群益金鼎-西松,2023-05-26,9136
8046,南電,14,1,13,群益金鼎-西松,2023-05-26,9136
3092,鴻碩,12,0,12,群益金鼎-西松,2023-05-26,9136
2449,京元電子,25,13,12,群益金鼎-西松,2023-05-26,9136
3406,玉晶光,11,0,11,群益金鼎-西松,2023-05-26,9136
5871,中租-KY,11,0,11,群益金鼎-西松,2023-05-26,9136
2882,國泰金,11,0,11,群益金鼎-西松,2023-05-26,9136
6185,幃翔,11,0,11,群益金鼎-西松,2023-05-26,9136
1513,中興電,14,4,10,群益金鼎-西松,2023-05-26,9136
1809,中釉,10,0,10,群益金鼎-西松,2023-05-26,9136
1909,榮成,20,10,10,群益金鼎-西松,2023-05-26,9136
2312,金寶,10,0,10,群益金鼎-西松,2023-05-26,9136
2515,中工,10,0,10,群益金鼎-西松,2023-05-26,9136
2888,新光金,10,0,10,群益金鼎-西松,2023-05-26,9136
3259,鑫創,10,0,10,群益金鼎-西松,2023-05-26,9136
3260,威剛,11,1,10,群益金鼎-西松,2023-05-26,9136
4157,太景*-KY,10,0,10,群益金鼎-西松,2023-05-26,9136
6531,愛普*,11,1,10,群益金鼎-西松,2023-05-26,9136
6806,森崴能源,12,2,10,群益金鼎-西松,2023-05-26,9136
8049,晶采,10,0,10,群益金鼎-西松,2023-05-26,9136
2633,台灣高鐵,10,1,9,群益金鼎-西松,2023-05-26,9136
2637,慧洋-KY,9,0,9,群益金鼎-西松,2023-05-26,9136
6184,大豐電,9,0,9,群益金鼎-西松,2023-05-26,9136
8155,博智,12,3,9,群益金鼎-西松,2023-05-26,9136
9802,鈺齊-KY,10,1,9,群益金鼎-西松,2023-05-26,9136
4564,元翎,219,211,8,群益金鼎-西松,2023-05-26,9136
6244,茂迪,9,1,8,群益金鼎-西松,2023-05-26,9136
5328,華容,350,25,325,群益金鼎-西松,2023-05-29,9136
3231,緯創,289,139,150,群益金鼎-西松,2023-05-29,9136
00637L,元大滬深300正2,128,3,125,群益金鼎-西松,2023-05-29,9136
8033,雷虎,109,1,108,群益金鼎-西松,2023-05-29,9136
8112,至上,100,1,99,群益金鼎-西松,2023-05-29,9136
2461,光群雷,55,1,54,群益金鼎-西松,2023-05-29,9136
8085,福華,56,5,51,群益金鼎-西松,2023-05-29,9136
3209,全科,50,0,50,群益金鼎-西松,2023-05-29,9136
0056,元大高股息,47,4,43,群益金鼎-西松,2023-05-29,9136
2356,英業達,55,14,41,群益金鼎-西松,2023-05-29,9136
2618,長榮航,81,41,40,群益金鼎-西松,2023-05-29,9136
00632R,元大台灣50反1,60,30,30,群益金鼎-西松,2023-05-29,9136
1609,大亞,32,3,29,群益金鼎-西松,2023-05-29,9136
6770,力積電,31,3,28,群益金鼎-西松,2023-05-29,9136
1460,宏遠,24,0,24,群益金鼎-西松,2023-05-29,9136
2211,長榮鋼,24,0,24,群益金鼎-西松,2023-05-29,9136
00712,復華富時不動產,23,0,23,群益金鼎-西松,2023-05-29,9136
00878,國泰永續高股息,25,3,22,群益金鼎-西松,2023-05-29,9136
00673R,期元大S＆P原油反1,20,0,20,群益金鼎-西松,2023-05-29,9136
2006,東和鋼鐵,20,0,20,群益金鼎-西松,2023-05-29,9136
6443,元晶,30,10,20,群益金鼎-西松,2023-05-29,9136
3363,上詮,21,5,16,群益金鼎-西松,2023-05-29,9136
2308,台達電,15,1,14,群益金鼎-西松,2023-05-29,9136
00679B,元大美債20年,15,1,14,群益金鼎-西松,2023-05-29,9136
2449,京元電子,24,10,14,群益金鼎-西松,2023-05-29,9136
6190,萬泰科,14,0,14,群益金鼎-西松,2023-05-29,9136
2425,承啟,18,5,13,群益金鼎-西松,2023-05-29,9136
1608,華榮,34,22,12,群益金鼎-西松,2023-05-29,9136
2421,建準,20,8,12,群益金鼎-西松,2023-05-29,9136
3232,昱捷,12,0,12,群益金鼎-西松,2023-05-29,9136
7402,邑錡,22,10,12,群益金鼎-西松,2023-05-29,9136
8046,南電,28,16,12,群益金鼎-西松,2023-05-29,9136
1319,東陽,12,1,11,群益金鼎-西松,2023-05-29,9136
1727,中華化,11,0,11,群益金鼎-西松,2023-05-29,9136
3207,耀勝,12,1,11,群益金鼎-西松,2023-05-29,9136
00715L,期街口布蘭特正2,11,0,11,群益金鼎-西松,2023-05-29,9136
00664R,國泰臺灣加權反1,10,0,10,群益金鼎-西松,2023-05-29,9136
2472,立隆電,10,0,10,群益金鼎-西松,2023-05-29,9136
2515,中工,10,0,10,群益金鼎-西松,2023-05-29,9136
3287,廣寰科,12,2,10,群益金鼎-西松,2023-05-29,9136
8086,宏捷科,12,2,10,群益金鼎-西松,2023-05-29,9136
2601,益航,9,0,9,群益金鼎-西松,2023-05-29,9136
3265,台星科,20,11,9,群益金鼎-西松,2023-05-29,9136
6485,點序,13,4,9,群益金鼎-西松,2023-05-29,9136
00882,中信中國高股息,8,0,8,群益金鼎-西松,2023-05-29,9136
2634,漢翔,10,2,8,群益金鼎-西松,2023-05-29,9136
6213,聯茂,15,8,7,群益金鼎-西松,2023-05-29,9136
2324,仁寶,18,11,7,群益金鼎-西松,2023-05-29,9136
2368,金像電,11,4,7,群益金鼎-西松,2023-05-29,9136
3356,奇偶,7,0,7,群益金鼎-西松,2023-05-29,9136
00637L,元大滬深300正2,285,10,275,群益金鼎-西松,2023-05-30,9136
2371,大同,252,4,248,群益金鼎-西松,2023-05-30,9136
00680L,元大美債20正2,60,0,60,群益金鼎-西松,2023-05-30,9136
6829,千附精密,50,0,50,群益金鼎-西松,2023-05-30,9136
1909,榮成,40,0,40,群益金鼎-西松,2023-05-30,9136
2201,裕隆,72,35,37,群益金鼎-西松,2023-05-30,9136
00878,國泰永續高股息,85,57,28,群益金鼎-西松,2023-05-30,9136
2330,台積電,31,4,27,群益金鼎-西松,2023-05-30,9136
1513,中興電,41,14,27,群益金鼎-西松,2023-05-30,9136
6244,茂迪,24,0,24,群益金鼎-西松,2023-05-30,9136
3339,泰谷,21,0,21,群益金鼎-西松,2023-05-30,9136
2610,華航,29,9,20,群益金鼎-西松,2023-05-30,9136
5468,凱鈺,20,0,20,群益金鼎-西松,2023-05-30,9136
3362,先進光,20,2,18,群益金鼎-西松,2023-05-30,9136
6129,普誠,17,0,17,群益金鼎-西松,2023-05-30,9136
6160,欣技,23,6,17,群益金鼎-西松,2023-05-30,9136
3037,欣興,21,6,15,群益金鼎-西松,2023-05-30,9136
2884,玉山金,14,0,14,群益金鼎-西松,2023-05-30,9136
2401,凌陽,15,2,13,群益金鼎-西松,2023-05-30,9136
2211,長榮鋼,13,0,13,群益金鼎-西松,2023-05-30,9136
5425,台半,15,2,13,群益金鼎-西松,2023-05-30,9136
2888,新光金,13,0,13,群益金鼎-西松,2023-05-30,9136
2605,新興,12,0,12,群益金鼎-西松,2023-05-30,9136
00715L,期街口布蘭特正2,11,0,11,群益金鼎-西松,2023-05-30,9136
2382,廣達,29,18,11,群益金鼎-西松,2023-05-30,9136
4961,天鈺,10,0,10,群益金鼎-西松,2023-05-30,9136
2867,三商壽,10,0,10,群益金鼎-西松,2023-05-30,9136
2349,錸德,10,0,10,群益金鼎-西松,2023-05-30,9136
3078,僑威,14,4,10,群益金鼎-西松,2023-05-30,9136
6235,華孚,12,2,10,群益金鼎-西松,2023-05-30,9136
6715,嘉基,10,0,10,群益金鼎-西松,2023-05-30,9136
5351,鈺創,9,0,9,群益金鼎-西松,2023-05-30,9136
0056,元大高股息,13,4,9,群益金鼎-西松,2023-05-30,9136
2421,建準,15,6,9,群益金鼎-西松,2023-05-30,9136
2634,漢翔,13,4,9,群益金鼎-西松,2023-05-30,9136
1722,台肥,8,0,8,群益金鼎-西松,2023-05-30,9136
2063,世鎧,8,0,8,群益金鼎-西松,2023-05-30,9136
2365,昆盈,8,0,8,群益金鼎-西松,2023-05-30,9136
3094,聯傑,9,1,8,群益金鼎-西松,2023-05-30,9136
3373,熱映,8,0,8,群益金鼎-西松,2023-05-30,9136
9907,統一實,8,0,8,群益金鼎-西松,2023-05-30,9136
2883B,凱基金乙特,8,0,8,群益金鼎-西松,2023-05-30,9136
00882,中信中國高股息,8,1,7,群益金鼎-西松,2023-05-30,9136
3576,聯合再生,7,0,7,群益金鼎-西松,2023-05-30,9136
3013,晟銘電,19,12,7,群益金鼎-西松,2023-05-30,9136
2002,中鋼,6,0,6,群益金鼎-西松,2023-05-30,9136
2313,華通,9,3,6,群益金鼎-西松,2023-05-30,9136
2388,威盛,6,0,6,群益金鼎-西松,2023-05-30,9136
2409,友達,6,0,6,群益金鼎-西松,2023-05-30,9136
2601,益航,6,0,6,群益金鼎-西松,2023-05-30,9136
00715L,期街口布蘭特正2,95,0,95,群益金鼎-西松,2023-05-31,9136
6235,華孚,100,6,94,群益金鼎-西松,2023-05-31,9136
2402,毅嘉,93,7,86,群益金鼎-西松,2023-05-31,9136
8033,雷虎,53,2,51,群益金鼎-西松,2023-05-31,9136
6282,康舒,60,11,49,群益金鼎-西松,2023-05-31,9136
8040,九暘,46,0,46,群益金鼎-西松,2023-05-31,9136
00919,群益台灣精選高息,32,0,32,群益金鼎-西松,2023-05-31,9136
00642U,期元大S＆P石油,30,0,30,群益金鼎-西松,2023-05-31,9136
8085,福華,30,0,30,群益金鼎-西松,2023-05-31,9136
2605,新興,26,0,26,群益金鼎-西松,2023-05-31,9136
3362,先進光,31,5,26,群益金鼎-西松,2023-05-31,9136
1524,耿鼎,25,1,24,群益金鼎-西松,2023-05-31,9136
6191,精成科,24,0,24,群益金鼎-西松,2023-05-31,9136
00637L,元大滬深300正2,33,10,23,群益金鼎-西松,2023-05-31,9136
2801,彰銀,22,0,22,群益金鼎-西松,2023-05-31,9136
3376,新日興,20,0,20,群益金鼎-西松,2023-05-31,9136
6584,南俊國際,20,1,19,群益金鼎-西松,2023-05-31,9136
00882,中信中國高股息,20,1,19,群益金鼎-西松,2023-05-31,9136
2313,華通,16,0,16,群益金鼎-西松,2023-05-31,9136
6531,愛普*,33,18,15,群益金鼎-西松,2023-05-31,9136
4157,太景*-KY,15,0,15,群益金鼎-西松,2023-05-31,9136
2382,廣達,18,4,14,群益金鼎-西松,2023-05-31,9136
00878,國泰永續高股息,13,0,13,群益金鼎-西松,2023-05-31,9136
2615,萬海,13,0,13,群益金鼎-西松,2023-05-31,9136
3037,欣興,21,10,11,群益金鼎-西松,2023-05-31,9136
2201,裕隆,19,8,11,群益金鼎-西松,2023-05-31,9136
3701,大眾控,11,0,11,群益金鼎-西松,2023-05-31,9136
5243,乙盛-KY,11,0,11,群益金鼎-西松,2023-05-31,9136
00696B,富邦美債20年,10,0,10,群益金鼎-西松,2023-05-31,9136
00680L,元大美債20正2,10,0,10,群益金鼎-西松,2023-05-31,9136
00903,富邦元宇宙,10,0,10,群益金鼎-西松,2023-05-31,9136
1460,宏遠,10,0,10,群益金鼎-西松,2023-05-31,9136
2845,遠東銀,10,0,10,群益金鼎-西松,2023-05-31,9136
3406,玉晶光,10,0,10,群益金鼎-西松,2023-05-31,9136
4417,金洲,10,0,10,群益金鼎-西松,2023-05-31,9136
6443,元晶,11,1,10,群益金鼎-西松,2023-05-31,9136
2337,旺宏,9,0,9,群益金鼎-西松,2023-05-31,9136
2465,麗臺,9,0,9,群益金鼎-西松,2023-05-31,9136
2063,世鎧,8,0,8,群益金鼎-西松,2023-05-31,9136
2812,台中銀,7,0,7,群益金鼎-西松,2023-05-31,9136
2603,長榮,9,3,6,群益金鼎-西松,2023-05-31,9136
2634,漢翔,11,5,6,群益金鼎-西松,2023-05-31,9136
1101,台泥,6,0,6,群益金鼎-西松,2023-05-31,9136
1802,台玻,6,0,6,群益金鼎-西松,2023-05-31,9136
2353,宏��,6,0,6,群益金鼎-西松,2023-05-31,9136
4916,事欣科,6,0,6,群益金鼎-西松,2023-05-31,9136
8222,寶一,6,0,6,群益金鼎-西松,2023-05-31,9136
8940,新天地,6,0,6,群益金鼎-西松,2023-05-31,9136
0056,元大高股息,7,2,5,群益金鼎-西松,2023-05-31,9136
00891,中信關鍵半導體,5,0,5,群益金鼎-西松,2023-05-31,9136
6282,康舒,661,141,520,群益金鼎-西松,2023-06-01,9136
2356,英業達,227,8,219,群益金鼎-西松,2023-06-01,9136
2457,飛宏,239,44,195,群益金鼎-西松,2023-06-01,9136
3231,緯創,170,46,124,群益金鼎-西松,2023-06-01,9136
2323,中環,90,8,82,群益金鼎-西松,2023-06-01,9136
2618,長榮航,224,169,55,群益金鼎-西松,2023-06-01,9136
3504,揚明光,52,1,51,群益金鼎-西松,2023-06-01,9136
8112,至上,51,0,51,群益金鼎-西松,2023-06-01,9136
00715L,期街口布蘭特正2,47,0,47,群益金鼎-西松,2023-06-01,9136
2303,聯電,48,3,45,群益金鼎-西松,2023-06-01,9136
2331,精英,46,6,40,群益金鼎-西松,2023-06-01,9136
2301,光寶科,39,4,35,群益金鼎-西松,2023-06-01,9136
00679B,元大美債20年,31,0,31,群益金鼎-西松,2023-06-01,9136
2888,新光金,26,0,26,群益金鼎-西松,2023-06-01,9136
2610,華航,94,68,26,群益金鼎-西松,2023-06-01,9136
2201,裕隆,133,109,24,群益金鼎-西松,2023-06-01,9136
8099,大世科,23,0,23,群益金鼎-西松,2023-06-01,9136
1503,士電,22,2,20,群益金鼎-西松,2023-06-01,9136
2371,大同,138,118,20,群益金鼎-西松,2023-06-01,9136
1609,大亞,21,2,19,群益金鼎-西松,2023-06-01,9136
4417,金洲,18,0,18,群益金鼎-西松,2023-06-01,9136
3362,先進光,50,34,16,群益金鼎-西松,2023-06-01,9136
6180,橘子,20,4,16,群益金鼎-西松,2023-06-01,9136
3058,立德,15,0,15,群益金鼎-西松,2023-06-01,9136
1525,江申,15,0,15,群益金鼎-西松,2023-06-01,9136
2427,三商電,15,0,15,群益金鼎-西松,2023-06-01,9136
5347,世界,14,0,14,群益金鼎-西松,2023-06-01,9136
5876,上海商銀,14,0,14,群益金鼎-西松,2023-06-01,9136
6112,邁達特,17,3,14,群益金鼎-西松,2023-06-01,9136
00919,群益台灣精選高息,13,0,13,群益金鼎-西松,2023-06-01,9136
00687B,國泰20年美債,12,0,12,群益金鼎-西松,2023-06-01,9136
3701,大眾控,12,0,12,群益金鼎-西松,2023-06-01,9136
3029,零壹,12,1,11,群益金鼎-西松,2023-06-01,9136
3083,網龍,12,1,11,群益金鼎-西松,2023-06-01,9136
3202,樺晟,11,0,11,群益金鼎-西松,2023-06-01,9136
6443,元晶,11,0,11,群益金鼎-西松,2023-06-01,9136
00908,富邦入息REITs+,10,0,10,群益金鼎-西松,2023-06-01,9136
00642U,期元大S＆P石油,10,0,10,群益金鼎-西松,2023-06-01,9136
2883,凱基金,10,0,10,群益金鼎-西松,2023-06-01,9136
2891,中信金,10,0,10,群益金鼎-西松,2023-06-01,9136
6209,今國光,15,5,10,群益金鼎-西松,2023-06-01,9136
8076,伍豐,22,12,10,群益金鼎-西松,2023-06-01,9136
5706,鳳凰,13,4,9,群益金鼎-西松,2023-06-01,9136
3094,聯傑,11,2,9,群益金鼎-西松,2023-06-01,9136
6191,精成科,10,1,9,群益金鼎-西松,2023-06-01,9136
8040,九暘,9,0,9,群益金鼎-西松,2023-06-01,9136
00712,復華富時不動產,8,0,8,群益金鼎-西松,2023-06-01,9136
00674R,期元大S＆P黃金反1,8,0,8,群益金鼎-西松,2023-06-01,9136
2472,立隆電,11,3,8,群益金鼎-西松,2023-06-01,9136
2734,易飛網,11,3,8,群益金鼎-西松,2023-06-01,9136
00893,國泰智能電動車,1000,1,999,群益金鼎-西松,2023-06-02,9136
00895,富邦未來車,1000,3,997,群益金鼎-西松,2023-06-02,9136
00632R,元大台灣50反1,156,60,96,群益金鼎-西松,2023-06-02,9136
6282,康舒,113,52,61,群益金鼎-西松,2023-06-02,9136
2515,中工,69,10,59,群益金鼎-西松,2023-06-02,9136
3687,歐買尬,67,15,52,群益金鼎-西松,2023-06-02,9136
3231,緯創,184,136,48,群益金鼎-西松,2023-06-02,9136
2331,精英,68,21,47,群益金鼎-西松,2023-06-02,9136
00673R,期元大S＆P原油反1,46,0,46,群益金鼎-西松,2023-06-02,9136
2610,華航,71,31,40,群益金鼎-西松,2023-06-02,9136
1519,華城,46,11,35,群益金鼎-西松,2023-06-02,9136
3033,威健,34,1,33,群益金鼎-西松,2023-06-02,9136
2356,英業達,39,9,30,群益金鼎-西松,2023-06-02,9136
2313,華通,39,9,30,群益金鼎-西松,2023-06-02,9136
2421,建準,37,8,29,群益金鼎-西松,2023-06-02,9136
2484,希華,30,1,29,群益金鼎-西松,2023-06-02,9136
4938,和碩,53,28,25,群益金鼎-西松,2023-06-02,9136
4958,臻鼎-KY,23,0,23,群益金鼎-西松,2023-06-02,9136
1101,台泥,25,4,21,群益金鼎-西松,2023-06-02,9136
1514,亞力,32,12,20,群益金鼎-西松,2023-06-02,9136
1802,台玻,20,0,20,群益金鼎-西松,2023-06-02,9136
2472,立隆電,20,0,20,群益金鼎-西松,2023-06-02,9136
2867,三商壽,20,0,20,群益金鼎-西松,2023-06-02,9136
4147,中裕,25,5,20,群益金鼎-西松,2023-06-02,9136
2801,彰銀,20,1,19,群益金鼎-西松,2023-06-02,9136
2489,瑞軒,19,0,19,群益金鼎-西松,2023-06-02,9136
1504,東元,20,2,18,群益金鼎-西松,2023-06-02,9136
1905,華紙,82,64,18,群益金鼎-西松,2023-06-02,9136
1591,駿吉-KY,40,24,16,群益金鼎-西松,2023-06-02,9136
3321,同泰,15,0,15,群益金鼎-西松,2023-06-02,9136
00648R,元大S＆P500反1,14,0,14,群益金鼎-西松,2023-06-02,9136
8084,巨虹,12,0,12,群益金鼎-西松,2023-06-02,9136
2393,億光,11,0,11,群益金鼎-西松,2023-06-02,9136
00882,中信中國高股息,12,1,11,群益金鼎-西松,2023-06-02,9136
1310,台苯,10,0,10,群益金鼎-西松,2023-06-02,9136
1217,愛之味,10,0,10,群益金鼎-西松,2023-06-02,9136
00664R,國泰臺灣加權反1,10,0,10,群益金鼎-西松,2023-06-02,9136
1477,聚陽,10,0,10,群益金鼎-西松,2023-06-02,9136
2359,所羅門,10,0,10,群益金鼎-西松,2023-06-02,9136
2913,農林,41,31,10,群益金鼎-西松,2023-06-02,9136
3013,晟銘電,16,6,10,群益金鼎-西松,2023-06-02,9136
3202,樺晟,10,0,10,群益金鼎-西松,2023-06-02,9136
3591,艾笛森,10,0,10,群益金鼎-西松,2023-06-02,9136
5871,中租-KY,10,0,10,群益金鼎-西松,2023-06-02,9136
2634,漢翔,28,18,10,群益金鼎-西松,2023-06-02,9136
00713,元大台灣高息低波,10,0,10,群益金鼎-西松,2023-06-02,9136
3037,欣興,19,10,9,群益金鼎-西松,2023-06-02,9136
1904,正隆,10,1,9,群益金鼎-西松,2023-06-02,9136
4543,萬在,18,9,9,群益金鼎-西松,2023-06-02,9136
2427,三商電,11,3,8,群益金鼎-西松,2023-06-02,9136
3324,雙鴻,283,0,283,群益金鼎-西松,2023-06-05,9136
2515,中工,153,26,127,群益金鼎-西松,2023-06-05,9136
00673R,期元大S＆P原油反1,87,0,87,群益金鼎-西松,2023-06-05,9136
3707,漢磊,67,10,57,群益金鼎-西松,2023-06-05,9136
2317,鴻海,57,1,56,群益金鼎-西松,2023-06-05,9136
00680L,元大美債20正2,55,0,55,群益金鼎-西松,2023-06-05,9136
6125,廣運,52,2,50,群益金鼎-西松,2023-06-05,9136
3231,緯創,68,18,50,群益金鼎-西松,2023-06-05,9136
2303,聯電,44,1,43,群益金鼎-西松,2023-06-05,9136
00637L,元大滬深300正2,52,12,40,群益金鼎-西松,2023-06-05,9136
8085,福華,40,0,40,群益金鼎-西松,2023-06-05,9136
1504,東元,47,7,40,群益金鼎-西松,2023-06-05,9136
2382,廣達,45,6,39,群益金鼎-西松,2023-06-05,9136
2501,國建,39,0,39,群益金鼎-西松,2023-06-05,9136
4960,誠美材,35,0,35,群益金鼎-西松,2023-06-05,9136
1809,中釉,43,10,33,群益金鼎-西松,2023-06-05,9136
2891,中信金,32,0,32,群益金鼎-西松,2023-06-05,9136
2313,華通,25,0,25,群益金鼎-西松,2023-06-05,9136
8255,朋程,24,0,24,群益金鼎-西松,2023-06-05,9136
1101,台泥,27,4,23,群益金鼎-西松,2023-06-05,9136
00772B,中信高評級公司債,23,0,23,群益金鼎-西松,2023-06-05,9136
2482,連宇,23,2,21,群益金鼎-西松,2023-06-05,9136
5258,虹堡,26,5,21,群益金鼎-西松,2023-06-05,9136
2836,高雄銀,20,0,20,群益金鼎-西松,2023-06-05,9136
6443,元晶,31,11,20,群益金鼎-西松,2023-06-05,9136
2489,瑞軒,18,0,18,群益金鼎-西松,2023-06-05,9136
5009,榮剛,24,7,17,群益金鼎-西松,2023-06-05,9136
6753,龍德造船,18,1,17,群益金鼎-西松,2023-06-05,9136
2610,華航,26,12,14,群益金鼎-西松,2023-06-05,9136
2206,三陽工業,14,0,14,群益金鼎-西松,2023-06-05,9136
3027,盛達,15,1,14,群益金鼎-西松,2023-06-05,9136
6278,台表科,14,0,14,群益金鼎-西松,2023-06-05,9136
2368,金像電,29,16,13,群益金鼎-西松,2023-06-05,9136
2344,華邦電,14,2,12,群益金鼎-西松,2023-06-05,9136
1795,美時,14,4,10,群益金鼎-西松,2023-06-05,9136
3706,神達,21,11,10,群益金鼎-西松,2023-06-05,9136
3034,聯詠,11,1,10,群益金鼎-西松,2023-06-05,9136
00648R,元大S＆P500反1,10,0,10,群益金鼎-西松,2023-06-05,9136
1417,嘉裕,10,0,10,群益金鼎-西松,2023-06-05,9136
1714,和桐,110,100,10,群益金鼎-西松,2023-06-05,9136
2017,官田鋼,10,0,10,群益金鼎-西松,2023-06-05,9136
2883B,凱基金乙特,10,0,10,群益金鼎-西松,2023-06-05,9136
3321,同泰,10,0,10,群益金鼎-西松,2023-06-05,9136
6274,台燿,16,6,10,群益金鼎-西松,2023-06-05,9136
8021,尖點,10,0,10,群益金鼎-西松,2023-06-05,9136
2327,國巨,9,0,9,群益金鼎-西松,2023-06-05,9136
1442,名軒,10,1,9,群益金鼎-西松,2023-06-05,9136
2707,晶華,10,1,9,群益金鼎-西松,2023-06-05,9136
5478,智冠,10,1,9,群益金鼎-西松,2023-06-05,9136
6185,幃翔,10,1,9,群益金鼎-西松,2023-06-05,9136
8069,元太,65,4,61,群益金鼎-西松,2023-06-06,9136
00720B,元大投資級公司債,55,0,55,群益金鼎-西松,2023-06-06,9136
00679B,元大美債20年,51,0,51,群益金鼎-西松,2023-06-06,9136
2402,毅嘉,50,7,43,群益金鼎-西松,2023-06-06,9136
4121,優盛,43,2,41,群益金鼎-西松,2023-06-06,9136
1442,名軒,40,0,40,群益金鼎-西松,2023-06-06,9136
8085,福華,40,0,40,群益金鼎-西松,2023-06-06,9136
2482,連宇,46,7,39,群益金鼎-西松,2023-06-06,9136
2355,敬鵬,38,0,38,群益金鼎-西松,2023-06-06,9136
3047,訊舟,34,7,27,群益金鼎-西松,2023-06-06,9136
2888,新光金,32,6,26,群益金鼎-西松,2023-06-06,9136
1609,大亞,89,68,21,群益金鼎-西松,2023-06-06,9136
00877,復華中國5G,20,0,20,群益金鼎-西松,2023-06-06,9136
4581,光隆精密-KY,20,0,20,群益金鼎-西松,2023-06-06,9136
6239,力成,20,0,20,群益金鼎-西松,2023-06-06,9136
3481,群創,40,22,18,群益金鼎-西松,2023-06-06,9136
5321,美而快,18,0,18,群益金鼎-西松,2023-06-06,9136
1460,宏遠,17,0,17,群益金鼎-西松,2023-06-06,9136
00882,中信中國高股息,16,0,16,群益金鼎-西松,2023-06-06,9136
1104,環泥,15,0,15,群益金鼎-西松,2023-06-06,9136
00712,復華富時不動產,15,0,15,群益金鼎-西松,2023-06-06,9136
4977,眾達-KY,12,0,12,群益金鼎-西松,2023-06-06,9136
00751B,元大AAA至A公司債,12,0,12,群益金鼎-西松,2023-06-06,9136
2399,映泰,14,2,12,群益金鼎-西松,2023-06-06,9136
4906,正文,12,0,12,群益金鼎-西松,2023-06-06,9136
4915,致伸,12,0,12,群益金鼎-西松,2023-06-06,9136
6185,幃翔,12,0,12,群益金鼎-西松,2023-06-06,9136
1101,台泥,11,0,11,群益金鼎-西松,2023-06-06,9136
00919,群益台灣精選高息,11,0,11,群益金鼎-西松,2023-06-06,9136
2376,技嘉,11,0,11,群益金鼎-西松,2023-06-06,9136
3701,大眾控,14,3,11,群益金鼎-西松,2023-06-06,9136
4931,新盛力,25,14,11,群益金鼎-西松,2023-06-06,9136
2356,英業達,16,6,10,群益金鼎-西松,2023-06-06,9136
2457,飛宏,17,7,10,群益金鼎-西松,2023-06-06,9136
2492,華新科,10,0,10,群益金鼎-西松,2023-06-06,9136
4147,中裕,12,2,10,群益金鼎-西松,2023-06-06,9136
4960,誠美材,10,0,10,群益金鼎-西松,2023-06-06,9136
8086,宏捷科,10,0,10,群益金鼎-西松,2023-06-06,9136
1513,中興電,10,1,9,群益金鼎-西松,2023-06-06,9136
2421,建準,12,3,9,群益金鼎-西松,2023-06-06,9136
3583,辛耘,22,13,9,群益金鼎-西松,2023-06-06,9136
6244,茂迪,9,0,9,群益金鼎-西松,2023-06-06,9136
8064,東捷,11,2,9,群益金鼎-西松,2023-06-06,9136
2891,中信金,14,6,8,群益金鼎-西松,2023-06-06,9136
3033,威健,10,2,8,群益金鼎-西松,2023-06-06,9136
2353,宏��,7,0,7,群益金鼎-西松,2023-06-06,9136
2388,威盛,10,3,7,群益金鼎-西松,2023-06-06,9136
6179,亞通,12,5,7,群益金鼎-西松,2023-06-06,9136
6190,萬泰科,10,3,7,群益金鼎-西松,2023-06-06,9136
2801,彰銀,7,0,7,群益金鼎-西松,2023-06-06,9136
00753L,中信中國50正2,130,0,130,群益金鼎-西松,2023-06-07,9136
1710,東聯,108,0,108,群益金鼎-西松,2023-06-07,9136
2618,長榮航,110,7,103,群益金鼎-西松,2023-06-07,9136
00665L,富邦�琤肭磪囓�2,100,10,90,群益金鼎-西松,2023-06-07,9136
00632R,元大台灣50反1,62,0,62,群益金鼎-西松,2023-06-07,9136
2501,國建,61,0,61,群益金鼎-西松,2023-06-07,9136
1905,華紙,53,3,50,群益金鼎-西松,2023-06-07,9136
2313,華通,48,1,47,群益金鼎-西松,2023-06-07,9136
2371,大同,50,5,45,群益金鼎-西松,2023-06-07,9136
1810,和成,44,0,44,群益金鼎-西松,2023-06-07,9136
2883B,凱基金乙特,36,0,36,群益金鼎-西松,2023-06-07,9136
2705,六福,120,85,35,群益金鼎-西松,2023-06-07,9136
1519,華城,34,0,34,群益金鼎-西松,2023-06-07,9136
2867,三商壽,32,0,32,群益金鼎-西松,2023-06-07,9136
2891,中信金,32,2,30,群益金鼎-西松,2023-06-07,9136
2515,中工,32,3,29,群益金鼎-西松,2023-06-07,9136
6278,台表科,26,0,26,群益金鼎-西松,2023-06-07,9136
3481,群創,27,4,23,群益金鼎-西松,2023-06-07,9136
2352,佳世達,29,6,23,群益金鼎-西松,2023-06-07,9136
00878,國泰永續高股息,23,1,22,群益金鼎-西松,2023-06-07,9136
1419,新紡,20,0,20,群益金鼎-西松,2023-06-07,9136
1460,宏遠,22,3,19,群益金鼎-西松,2023-06-07,9136
2402,毅嘉,20,1,19,群益金鼎-西松,2023-06-07,9136
6843,進典,20,1,19,群益金鼎-西松,2023-06-07,9136
2634,漢翔,38,21,17,群益金鼎-西松,2023-06-07,9136
3047,訊舟,17,0,17,群益金鼎-西松,2023-06-07,9136
8150,南茂,15,0,15,群益金鼎-西松,2023-06-07,9136
1605,華新,13,0,13,群益金鼎-西松,2023-06-07,9136
0056,元大高股息,14,1,13,群益金鼎-西松,2023-06-07,9136
3037,欣興,24,12,12,群益金鼎-西松,2023-06-07,9136
6243,迅杰,12,0,12,群益金鼎-西松,2023-06-07,9136
6690,安�硌穈T,12,0,12,群益金鼎-西松,2023-06-07,9136
00891,中信關鍵半導體,15,4,11,群益金鼎-西松,2023-06-07,9136
00688L,國泰20年美債正2,11,0,11,群益金鼎-西松,2023-06-07,9136
2427,三商電,18,7,11,群益金鼎-西松,2023-06-07,9136
3260,威剛,13,2,11,群益金鼎-西松,2023-06-07,9136
8255,朋程,11,0,11,群益金鼎-西松,2023-06-07,9136
8046,南電,14,4,10,群益金鼎-西松,2023-06-07,9136
00706L,期元大S＆P日圓正2,10,0,10,群益金鼎-西松,2023-06-07,9136
006205,富邦上証,10,0,10,群益金鼎-西松,2023-06-07,9136
00648R,元大S＆P500反1,10,0,10,群益金鼎-西松,2023-06-07,9136
1906,寶隆,10,0,10,群益金鼎-西松,2023-06-07,9136
2409,友達,13,3,10,群益金鼎-西松,2023-06-07,9136
3701,大眾控,10,0,10,群益金鼎-西松,2023-06-07,9136
5301,寶得利,10,0,10,群益金鼎-西松,2023-06-07,9136
8084,巨虹,10,0,10,群益金鼎-西松,2023-06-07,9136
9105,泰金寶-DR,10,0,10,群益金鼎-西松,2023-06-07,9136
9945,潤泰新,18,8,10,群益金鼎-西松,2023-06-07,9136
1815,富喬,10,1,9,群益金鼎-西松,2023-06-07,9136
2337,旺宏,11,2,9,群益金鼎-西松,2023-06-07,9136
1217,愛之味,132,1,131,群益金鼎-西松,2023-06-08,9136
2455,全新,103,0,103,群益金鼎-西松,2023-06-08,9136
2382,廣達,97,4,93,群益金鼎-西松,2023-06-08,9136
5425,台半,85,1,84,群益金鼎-西松,2023-06-08,9136
2618,長榮航,73,13,60,群益金鼎-西松,2023-06-08,9136
3037,欣興,77,19,58,群益金鼎-西松,2023-06-08,9136
00680L,元大美債20正2,53,0,53,群益金鼎-西松,2023-06-08,9136
6226,光鼎,50,0,50,群益金鼎-西松,2023-06-08,9136
2337,旺宏,38,3,35,群益金鼎-西松,2023-06-08,9136
00712,復華富時不動產,31,0,31,群益金鼎-西松,2023-06-08,9136
1432,大魯閣,30,1,29,群益金鼎-西松,2023-06-08,9136
2383,台光電,31,3,28,群益金鼎-西松,2023-06-08,9136
3583,辛耘,41,16,25,群益金鼎-西松,2023-06-08,9136
00679B,元大美債20年,24,0,24,群益金鼎-西松,2023-06-08,9136
1903,士紙,49,26,23,群益金鼎-西松,2023-06-08,9136
5302,太欣,22,0,22,群益金鼎-西松,2023-06-08,9136
00882,中信中國高股息,20,0,20,群益金鼎-西松,2023-06-08,9136
2409,友達,20,0,20,群益金鼎-西松,2023-06-08,9136
4960,誠美材,20,0,20,群益金鼎-西松,2023-06-08,9136
00772B,中信高評級公司債,19,0,19,群益金鼎-西松,2023-06-08,9136
6278,台表科,19,1,18,群益金鼎-西松,2023-06-08,9136
9945,潤泰新,23,5,18,群益金鼎-西松,2023-06-08,9136
2888,新光金,18,0,18,群益金鼎-西松,2023-06-08,9136
00720B,元大投資級公司債,17,0,17,群益金鼎-西松,2023-06-08,9136
2312,金寶,15,0,15,群益金鼎-西松,2023-06-08,9136
2547,日勝生,15,0,15,群益金鼎-西松,2023-06-08,9136
2882,國泰金,15,0,15,群益金鼎-西松,2023-06-08,9136
0056,元大高股息,14,0,14,群益金鼎-西松,2023-06-08,9136
2344,華邦電,17,3,14,群益金鼎-西松,2023-06-08,9136
3481,群創,26,12,14,群益金鼎-西松,2023-06-08,9136
6285,啟��,28,15,13,群益金鼎-西松,2023-06-08,9136
1101,台泥,14,2,12,群益金鼎-西松,2023-06-08,9136
00919,群益台灣精選高息,12,0,12,群益金鼎-西松,2023-06-08,9136
3078,僑威,32,20,12,群益金鼎-西松,2023-06-08,9136
8358,金居,19,7,12,群益金鼎-西松,2023-06-08,9136
1519,華城,11,0,11,群益金鼎-西松,2023-06-08,9136
1605,華新,13,2,11,群益金鼎-西松,2023-06-08,9136
6288,聯嘉,11,0,11,群益金鼎-西松,2023-06-08,9136
8046,南電,11,0,11,群益金鼎-西松,2023-06-08,9136
8255,朋程,17,7,10,群益金鼎-西松,2023-06-08,9136
1714,和桐,10,0,10,群益金鼎-西松,2023-06-08,9136
1734,杏輝,15,5,10,群益金鼎-西松,2023-06-08,9136
2313,華通,30,20,10,群益金鼎-西松,2023-06-08,9136
2615,萬海,10,0,10,群益金鼎-西松,2023-06-08,9136
2812,台中銀,10,0,10,群益金鼎-西松,2023-06-08,9136
3056,富華新,10,0,10,群益金鼎-西松,2023-06-08,9136
3591,艾笛森,10,0,10,群益金鼎-西松,2023-06-08,9136
4113,聯上,10,0,10,群益金鼎-西松,2023-06-08,9136
6163,華電網,10,0,10,群益金鼎-西松,2023-06-08,9136
6414,樺漢,10,0,10,群益金鼎-西松,2023-06-08,9136
2324,仁寶,270,6,264,群益金鼎-西松,2023-06-09,9136
5302,太欣,210,1,209,群益金鼎-西松,2023-06-09,9136
1710,東聯,100,3,97,群益金鼎-西松,2023-06-09,9136
00679B,元大美債20年,81,0,81,群益金鼎-西松,2023-06-09,9136
2382,廣達,105,26,79,群益金鼎-西松,2023-06-09,9136
1432,大魯閣,70,1,69,群益金鼎-西松,2023-06-09,9136
00712,復華富時不動產,75,11,64,群益金鼎-西松,2023-06-09,9136
2349,錸德,40,0,40,群益金鼎-西松,2023-06-09,9136
1419,新紡,56,20,36,群益金鼎-西松,2023-06-09,9136
3712,永崴投控,30,0,30,群益金鼎-西松,2023-06-09,9136
00919,群益台灣精選高息,28,0,28,群益金鼎-西松,2023-06-09,9136
5340,建榮,30,2,28,群益金鼎-西松,2023-06-09,9136
2891,中信金,26,1,25,群益金鼎-西松,2023-06-09,9136
1605,華新,36,20,16,群益金鼎-西松,2023-06-09,9136
2883,凱基金,16,0,16,群益金鼎-西松,2023-06-09,9136
2439,美律,15,0,15,群益金鼎-西松,2023-06-09,9136
3680,家登,15,0,15,群益金鼎-西松,2023-06-09,9136
6278,台表科,15,0,15,群益金鼎-西松,2023-06-09,9136
2376,技嘉,29,14,15,群益金鼎-西松,2023-06-09,9136
1802,台玻,14,1,13,群益金鼎-西松,2023-06-09,9136
2308,台達電,11,0,11,群益金鼎-西松,2023-06-09,9136
8091,翔名,11,0,11,群益金鼎-西松,2023-06-09,9136
2328,廣宇,34,24,10,群益金鼎-西松,2023-06-09,9136
00715L,期街口布蘭特正2,10,0,10,群益金鼎-西松,2023-06-09,9136
1533,車王電,17,7,10,群益金鼎-西松,2023-06-09,9136
3518,柏騰,10,0,10,群益金鼎-西松,2023-06-09,9136
4113,聯上,10,0,10,群益金鼎-西松,2023-06-09,9136
4506,崇友,10,0,10,群益金鼎-西松,2023-06-09,9136
6664,群翊,10,0,10,群益金鼎-西松,2023-06-09,9136
8034,榮群,13,3,10,群益金鼎-西松,2023-06-09,9136
00929,復華台灣科技優息,10,0,10,群益金鼎-西松,2023-06-09,9136
3481,群創,13,4,9,群益金鼎-西松,2023-06-09,9136
6191,精成科,15,6,9,群益金鼎-西松,2023-06-09,9136
6443,元晶,10,1,9,群益金鼎-西松,2023-06-09,9136
1409,新纖,8,0,8,群益金鼎-西松,2023-06-09,9136
2337,旺宏,8,0,8,群益金鼎-西松,2023-06-09,9136
2611,志信,8,0,8,群益金鼎-西松,2023-06-09,9136
6288,聯嘉,9,1,8,群益金鼎-西松,2023-06-09,9136
8084,巨虹,8,0,8,群益金鼎-西松,2023-06-09,9136
3033,威健,8,0,8,群益金鼎-西松,2023-06-09,9136
2705,六福,16,9,7,群益金鼎-西松,2023-06-09,9136
3362,先進光,10,3,7,群益金鼎-西松,2023-06-09,9136
4938,和碩,7,0,7,群益金鼎-西松,2023-06-09,9136
6477,安集,11,4,7,群益金鼎-西松,2023-06-09,9136
6125,廣運,14,8,6,群益金鼎-西松,2023-06-09,9136
1514,亞力,6,0,6,群益金鼎-西松,2023-06-09,9136
1524,耿鼎,10,4,6,群益金鼎-西松,2023-06-09,9136
2399,映泰,34,28,6,群益金鼎-西松,2023-06-09,9136
2425,承啟,9,3,6,群益金鼎-西松,2023-06-09,9136
3083,網龍,6,0,6,群益金鼎-西松,2023-06-09,9136
2888,新光金,372,59,313,群益金鼎-西松,2023-06-12,9136
6235,華孚,107,6,101,群益金鼎-西松,2023-06-12,9136
2547,日勝生,100,0,100,群益金鼎-西松,2023-06-12,9136
2337,旺宏,71,0,71,群益金鼎-西松,2023-06-12,9136
3032,偉訓,74,3,71,群益金鼎-西松,2023-06-12,9136
5410,國眾,58,0,58,群益金鼎-西松,2023-06-12,9136
3231,緯創,70,18,52,群益金鼎-西松,2023-06-12,9136
2376,技嘉,56,9,47,群益金鼎-西松,2023-06-12,9136
00929,復華台灣科技優息,37,0,37,群益金鼎-西松,2023-06-12,9136
2618,長榮航,55,18,37,群益金鼎-西松,2023-06-12,9136
5309,系統電,36,0,36,群益金鼎-西松,2023-06-12,9136
6288,聯嘉,43,8,35,群益金鼎-西松,2023-06-12,9136
3481,群創,45,11,34,群益金鼎-西松,2023-06-12,9136
1513,中興電,34,2,32,群益金鼎-西松,2023-06-12,9136
1718,中纖,30,0,30,群益金鼎-西松,2023-06-12,9136
3374,精材,32,2,30,群益金鼎-西松,2023-06-12,9136
6126,信音,30,0,30,群益金鼎-西松,2023-06-12,9136
2882,國泰金,26,0,26,群益金鼎-西松,2023-06-12,9136
1460,宏遠,26,0,26,群益金鼎-西松,2023-06-12,9136
1533,車王電,31,6,25,群益金鼎-西松,2023-06-12,9136
2317,鴻海,79,56,23,群益金鼎-西松,2023-06-12,9136
4952,凌通,22,0,22,群益金鼎-西松,2023-06-12,9136
4977,眾達-KY,24,2,22,群益金鼎-西松,2023-06-12,9136
1419,新紡,21,0,21,群益金鼎-西松,2023-06-12,9136
1903,士紙,25,4,21,群益金鼎-西松,2023-06-12,9136
6282,康舒,23,2,21,群益金鼎-西松,2023-06-12,9136
1714,和桐,20,0,20,群益金鼎-西松,2023-06-12,9136
2891,中信金,20,2,18,群益金鼎-西松,2023-06-12,9136
2313,華通,18,0,18,群益金鼎-西松,2023-06-12,9136
8927,北基,18,0,18,群益金鼎-西松,2023-06-12,9136
1614,三洋電,16,0,16,群益金鼎-西松,2023-06-12,9136
2377,微星,17,1,16,群益金鼎-西松,2023-06-12,9136
3058,立德,16,0,16,群益金鼎-西松,2023-06-12,9136
0056,元大高股息,32,17,15,群益金鼎-西松,2023-06-12,9136
2371,大同,20,5,15,群益金鼎-西松,2023-06-12,9136
2634,漢翔,17,2,15,群益金鼎-西松,2023-06-12,9136
2637,慧洋-KY,15,0,15,群益金鼎-西松,2023-06-12,9136
1568,倉佑,22,8,14,群益金鼎-西松,2023-06-12,9136
6223,旺矽,15,1,14,群益金鼎-西松,2023-06-12,9136
00679B,元大美債20年,13,0,13,群益金鼎-西松,2023-06-12,9136
9945,潤泰新,13,0,13,群益金鼎-西松,2023-06-12,9136
3025,星通,24,12,12,群益金鼎-西松,2023-06-12,9136
6244,茂迪,12,0,12,群益金鼎-西松,2023-06-12,9136
1802,台玻,11,0,11,群益金鼎-西松,2023-06-12,9136
3576,聯合再生,11,0,11,群益金鼎-西松,2023-06-12,9136
00923,群益台ESG低碳50,20,9,11,群益金鼎-西松,2023-06-12,9136
2402,毅嘉,12,1,11,群益金鼎-西松,2023-06-12,9136
2356,英業達,27,16,11,群益金鼎-西松,2023-06-12,9136
00633L,富邦上証正2,10,0,10,群益金鼎-西松,2023-06-12,9136
00642U,期元大S＆P石油,10,0,10,群益金鼎-西松,2023-06-12,9136
00712,復華富時不動產,206,0,206,群益金鼎-西松,2023-06-13,9136
2883,凱基金,151,1,150,群益金鼎-西松,2023-06-13,9136
2356,英業達,212,75,137,群益金鼎-西松,2023-06-13,9136
3017,奇鋐,107,11,96,群益金鼎-西松,2023-06-13,9136
2888,新光金,96,5,91,群益金鼎-西松,2023-06-13,9136
00632R,元大台灣50反1,88,5,83,群益金鼎-西松,2023-06-13,9136
00679B,元大美債20年,56,0,56,群益金鼎-西松,2023-06-13,9136
00680L,元大美債20正2,51,0,51,群益金鼎-西松,2023-06-13,9136
00919,群益台灣精選高息,50,3,47,群益金鼎-西松,2023-06-13,9136
2547,日勝生,42,0,42,群益金鼎-西松,2023-06-13,9136
00637L,元大滬深300正2,70,30,40,群益金鼎-西松,2023-06-13,9136
3324,雙鴻,27,1,26,群益金鼎-西松,2023-06-13,9136
6664,群翊,22,1,21,群益金鼎-西松,2023-06-13,9136
00642U,期元大S＆P石油,19,0,19,群益金鼎-西松,2023-06-13,9136
3294,英濟,17,0,17,群益金鼎-西松,2023-06-13,9136
6271,同欣電,21,4,17,群益金鼎-西松,2023-06-13,9136
9921,巨大,17,0,17,群益金鼎-西松,2023-06-13,9136
2382,廣達,36,19,17,群益金鼎-西松,2023-06-13,9136
2515,中工,32,16,16,群益金鼎-西松,2023-06-13,9136
3090,日電貿,26,10,16,群益金鼎-西松,2023-06-13,9136
3078,僑威,20,5,15,群益金鼎-西松,2023-06-13,9136
3162,精確,15,0,15,群益金鼎-西松,2023-06-13,9136
2313,華通,23,10,13,群益金鼎-西松,2023-06-13,9136
8358,金居,15,2,13,群益金鼎-西松,2023-06-13,9136
3576,聯合再生,12,0,12,群益金鼎-西松,2023-06-13,9136
2449,京元電子,21,9,12,群益金鼎-西松,2023-06-13,9136
00922,國泰台灣領袖50,12,0,12,群益金鼎-西松,2023-06-13,9136
1409,新纖,12,0,12,群益金鼎-西松,2023-06-13,9136
3005,神基,14,2,12,群益金鼎-西松,2023-06-13,9136
00882,中信中國高股息,12,1,11,群益金鼎-西松,2023-06-13,9136
6213,聯茂,12,2,10,群益金鼎-西松,2023-06-13,9136
3035,智原,21,11,10,群益金鼎-西松,2023-06-13,9136
3052,夆典,10,0,10,群益金鼎-西松,2023-06-13,9136
5302,太欣,10,0,10,群益金鼎-西松,2023-06-13,9136
6026,福邦證,10,0,10,群益金鼎-西松,2023-06-13,9136
6606,建德工業,10,0,10,群益金鼎-西松,2023-06-13,9136
8422,可寧衛,10,0,10,群益金鼎-西松,2023-06-13,9136
4968,立積,10,2,8,群益金鼎-西松,2023-06-13,9136
00772B,中信高評級公司債,8,0,8,群益金鼎-西松,2023-06-13,9136
1449,佳和,8,0,8,群益金鼎-西松,2023-06-13,9136
00633L,富邦上証正2,6,0,6,群益金鼎-西松,2023-06-13,9136
3545,敦泰,11,5,6,群益金鼎-西松,2023-06-13,9136
4977,眾達-KY,6,0,6,群益金鼎-西松,2023-06-13,9136
8436,大江,6,0,6,群益金鼎-西松,2023-06-13,9136
9924,福興,6,0,6,群益金鼎-西松,2023-06-13,9136
2816,旺旺保,6,0,6,群益金鼎-西松,2023-06-13,9136
00757,統一FANG+,5,0,5,群益金鼎-西松,2023-06-13,9136
1104,環泥,5,0,5,群益金鼎-西松,2023-06-13,9136
1218,泰山,5,0,5,群益金鼎-西松,2023-06-13,9136
2516,新建,5,0,5,群益金鼎-西松,2023-06-13,9136
2610,華航,285,106,179,群益金鼎-西松,2023-06-14,9136
3231,緯創,260,98,162,群益金鼎-西松,2023-06-14,9136
4906,正文,115,1,114,群益金鼎-西松,2023-06-14,9136
00919,群益台灣精選高息,115,1,114,群益金鼎-西松,2023-06-14,9136
2409,友達,113,0,113,群益金鼎-西松,2023-06-14,9136
3032,偉訓,114,18,96,群益金鼎-西松,2023-06-14,9136
00753L,中信中國50正2,80,20,60,群益金鼎-西松,2023-06-14,9136
00665L,富邦�琤肭磪囓�2,80,20,60,群益金鼎-西松,2023-06-14,9136
2547,日勝生,50,0,50,群益金鼎-西松,2023-06-14,9136
00679B,元大美債20年,41,0,41,群益金鼎-西松,2023-06-14,9136
00929,復華台灣科技優息,41,0,41,群益金鼎-西松,2023-06-14,9136
2461,光群雷,38,0,38,群益金鼎-西松,2023-06-14,9136
2022,聚亨,30,0,30,群益金鼎-西松,2023-06-14,9136
00673R,期元大S＆P原油反1,23,0,23,群益金鼎-西松,2023-06-14,9136
2353,宏��,20,0,20,群益金鼎-西松,2023-06-14,9136
3583,辛耘,23,3,20,群益金鼎-西松,2023-06-14,9136
3707,漢磊,32,14,18,群益金鼎-西松,2023-06-14,9136
3308,聯德,17,1,16,群益金鼎-西松,2023-06-14,9136
2313,華通,16,1,15,群益金鼎-西松,2023-06-14,9136
4967,十銓,16,1,15,群益金鼎-西松,2023-06-14,9136
6164,華興,15,0,15,群益金鼎-西松,2023-06-14,9136
3481,群創,28,15,13,群益金鼎-西松,2023-06-14,9136
2349,錸德,11,0,11,群益金鼎-西松,2023-06-14,9136
3025,星通,11,0,11,群益金鼎-西松,2023-06-14,9136
8454,富邦媒,12,1,11,群益金鼎-西松,2023-06-14,9136
00795B,中信美國公債20年,10,0,10,群益金鼎-西松,2023-06-14,9136
1611,中電,12,2,10,群益金鼎-西松,2023-06-14,9136
2480,敦陽科,13,3,10,群益金鼎-西松,2023-06-14,9136
2891,中信金,10,0,10,群益金鼎-西松,2023-06-14,9136
6245,立端,9,0,9,群益金鼎-西松,2023-06-14,9136
1802,台玻,9,0,9,群益金鼎-西松,2023-06-14,9136
3483,力致,11,2,9,群益金鼎-西松,2023-06-14,9136
2344,華邦電,16,7,9,群益金鼎-西松,2023-06-14,9136
2250,IKKA-KY,8,0,8,群益金鼎-西松,2023-06-14,9136
3037,欣興,21,14,7,群益金鼎-西松,2023-06-14,9136
1419,新紡,7,0,7,群益金鼎-西松,2023-06-14,9136
3617,碩天,7,0,7,群益金鼎-西松,2023-06-14,9136
6185,幃翔,7,0,7,群益金鼎-西松,2023-06-14,9136
8937,合騏,7,0,7,群益金鼎-西松,2023-06-14,9136
2705,六福,17,11,6,群益金鼎-西松,2023-06-14,9136
1568,倉佑,6,0,6,群益金鼎-西松,2023-06-14,9136
2308,台達電,18,12,6,群益金鼎-西松,2023-06-14,9136
00772B,中信高評級公司債,6,0,6,群益金鼎-西松,2023-06-14,9136
00891,中信關鍵半導體,6,0,6,群益金鼎-西松,2023-06-14,9136
1903,士紙,7,1,6,群益金鼎-西松,2023-06-14,9136
2457,飛宏,24,18,6,群益金鼎-西松,2023-06-14,9136
2734,易飛網,6,0,6,群益金鼎-西松,2023-06-14,9136
6005,群益證,6,0,6,群益金鼎-西松,2023-06-14,9136
6558,興能高,6,0,6,群益金鼎-西松,2023-06-14,9136
2301,光寶科,6,1,5,群益金鼎-西松,2023-06-14,9136
2610,華航,656,281,375,群益金鼎-西松,2023-06-15,9136
3706,神達,280,85,195,群益金鼎-西松,2023-06-15,9136
4533,協易機,113,3,110,群益金鼎-西松,2023-06-15,9136
00919,群益台灣精選高息,85,0,85,群益金鼎-西松,2023-06-15,9136
2888,新光金,82,0,82,群益金鼎-西松,2023-06-15,9136
3017,奇鋐,88,7,81,群益金鼎-西松,2023-06-15,9136
6138,茂達,75,0,75,群益金鼎-西松,2023-06-15,9136
4129,聯合,62,2,60,群益金鼎-西松,2023-06-15,9136
8076,伍豐,69,13,56,群益金鼎-西松,2023-06-15,9136
2211,長榮鋼,50,1,49,群益金鼎-西松,2023-06-15,9136
8085,福華,43,1,42,群益金鼎-西松,2023-06-15,9136
2301,光寶科,58,21,37,群益金鼎-西松,2023-06-15,9136
00878,國泰永續高股息,50,15,35,群益金鼎-西松,2023-06-15,9136
00712,復華富時不動產,33,1,32,群益金鼎-西松,2023-06-15,9136
00715L,期街口布蘭特正2,32,0,32,群益金鼎-西松,2023-06-15,9136
1471,首利,30,0,30,群益金鼎-西松,2023-06-15,9136
2371,大同,141,111,30,群益金鼎-西松,2023-06-15,9136
3374,精材,22,1,21,群益金鼎-西松,2023-06-15,9136
2472,立隆電,20,0,20,群益金鼎-西松,2023-06-15,9136
2547,日勝生,20,0,20,群益金鼎-西松,2023-06-15,9136
9938,百和,20,0,20,群益金鼎-西松,2023-06-15,9136
3483,力致,23,4,19,群益金鼎-西松,2023-06-15,9136
00900,富邦特選高股息30,30,12,18,群益金鼎-西松,2023-06-15,9136
00893,國泰智能電動車,25,8,17,群益金鼎-西松,2023-06-15,9136
2498,宏達電,16,0,16,群益金鼎-西松,2023-06-15,9136
2359,所羅門,51,35,16,群益金鼎-西松,2023-06-15,9136
00679B,元大美債20年,17,2,15,群益金鼎-西松,2023-06-15,9136
2063,世鎧,15,0,15,群益金鼎-西松,2023-06-15,9136
2891,中信金,15,0,15,群益金鼎-西松,2023-06-15,9136
3033,威健,18,3,15,群益金鼎-西松,2023-06-15,9136
1514,亞力,17,3,14,群益金鼎-西松,2023-06-15,9136
00632R,元大台灣50反1,14,0,14,群益金鼎-西松,2023-06-15,9136
1609,大亞,142,128,14,群益金鼎-西松,2023-06-15,9136
4113,聯上,13,0,13,群益金鼎-西松,2023-06-15,9136
4979,華星光,13,1,12,群益金鼎-西松,2023-06-15,9136
1591,駿吉-KY,11,0,11,群益金鼎-西松,2023-06-15,9136
3260,威剛,13,2,11,群益金鼎-西松,2023-06-15,9136
3265,台星科,12,1,11,群益金鼎-西松,2023-06-15,9136
6606,建德工業,11,0,11,群益金鼎-西松,2023-06-15,9136
2356,英業達,286,276,10,群益金鼎-西松,2023-06-15,9136
00882,中信中國高股息,10,0,10,群益金鼎-西松,2023-06-15,9136
00895,富邦未來車,10,0,10,群益金鼎-西松,2023-06-15,9136
00926,凱基全球菁英55,10,0,10,群益金鼎-西松,2023-06-15,9136
00665L,富邦�琤肭磪囓�2,70,60,10,群益金鼎-西松,2023-06-15,9136
1218,泰山,14,4,10,群益金鼎-西松,2023-06-15,9136
2353,宏��,10,0,10,群益金鼎-西松,2023-06-15,9136
2515,中工,10,0,10,群益金鼎-西松,2023-06-15,9136
2834,臺企銀,10,0,10,群益金鼎-西松,2023-06-15,9136
4174,浩鼎,10,0,10,群益金鼎-西松,2023-06-15,9136
6163,華電網,10,0,10,群益金鼎-西松,2023-06-15,9136
2409,友達,358,126,232,群益金鼎-西松,2023-06-16,9136
00712,復華富時不動產,224,0,224,群益金鼎-西松,2023-06-16,9136
3231,緯創,207,62,145,群益金鼎-西松,2023-06-16,9136
2610,華航,589,455,134,群益金鼎-西松,2023-06-16,9136
1605,華新,160,34,126,群益金鼎-西松,2023-06-16,9136
2324,仁寶,159,60,99,群益金鼎-西松,2023-06-16,9136
2618,長榮航,188,93,95,群益金鼎-西松,2023-06-16,9136
00665L,富邦�琤肭磪囓�2,80,0,80,群益金鼎-西松,2023-06-16,9136
00919,群益台灣精選高息,70,12,58,群益金鼎-西松,2023-06-16,9136
1611,中電,56,1,55,群益金鼎-西松,2023-06-16,9136
1477,聚陽,48,6,42,群益金鼎-西松,2023-06-16,9136
3324,雙鴻,44,5,39,群益金鼎-西松,2023-06-16,9136
2331,精英,48,11,37,群益金鼎-西松,2023-06-16,9136
3032,偉訓,45,11,34,群益金鼎-西松,2023-06-16,9136
6282,康舒,34,1,33,群益金鼎-西松,2023-06-16,9136
6179,亞通,29,0,29,群益金鼎-西松,2023-06-16,9136
6806,森崴能源,29,0,29,群益金鼎-西松,2023-06-16,9136
2736,富野,30,1,29,群益金鼎-西松,2023-06-16,9136
5347,世界,28,0,28,群益金鼎-西松,2023-06-16,9136
3042,晶技,26,1,25,群益金鼎-西松,2023-06-16,9136
2105,正新,24,0,24,群益金鼎-西松,2023-06-16,9136
3022,威強電,27,4,23,群益金鼎-西松,2023-06-16,9136
4744,皇將,23,0,23,群益金鼎-西松,2023-06-16,9136
5483,中美晶,29,6,23,群益金鼎-西松,2023-06-16,9136
5521,工信,23,0,23,群益金鼎-西松,2023-06-16,9136
2312,金寶,100,79,21,群益金鼎-西松,2023-06-16,9136
3481,群創,23,2,21,群益金鼎-西松,2023-06-16,9136
4938,和碩,22,1,21,群益金鼎-西松,2023-06-16,9136
2472,立隆電,20,0,20,群益金鼎-西松,2023-06-16,9136
2520,冠德,20,0,20,群益金鼎-西松,2023-06-16,9136
00679B,元大美債20年,17,0,17,群益金鼎-西松,2023-06-16,9136
2376,技嘉,34,17,17,群益金鼎-西松,2023-06-16,9136
00632R,元大台灣50反1,15,0,15,群益金鼎-西松,2023-06-16,9136
1570,力肯,15,0,15,群益金鼎-西松,2023-06-16,9136
2489,瑞軒,15,0,15,群益金鼎-西松,2023-06-16,9136
1608,華榮,13,0,13,群益金鼎-西松,2023-06-16,9136
1519,華城,47,35,12,群益金鼎-西松,2023-06-16,9136
2353,宏��,25,13,12,群益金鼎-西松,2023-06-16,9136
1503,士電,18,6,12,群益金鼎-西松,2023-06-16,9136
2734,易飛網,11,0,11,群益金鼎-西松,2023-06-16,9136
1307,三芳,11,0,11,群益金鼎-西松,2023-06-16,9136
2349,錸德,11,0,11,群益金鼎-西松,2023-06-16,9136
3005,神基,11,0,11,群益金鼎-西松,2023-06-16,9136
4147,中裕,11,0,11,群益金鼎-西松,2023-06-16,9136
00895,富邦未來車,11,1,10,群益金鼎-西松,2023-06-16,9136
00687B,國泰20年美債,10,0,10,群益金鼎-西松,2023-06-16,9136
2029,盛餘,10,0,10,群益金鼎-西松,2023-06-16,9136
2328,廣宇,10,0,10,群益金鼎-西松,2023-06-16,9136
2332,友訊,10,0,10,群益金鼎-西松,2023-06-16,9136
2633,台灣高鐵,10,0,10,群益金鼎-西松,2023-06-16,9136
2888,新光金,304,7,297,群益金鼎-西松,2023-06-19,9136
3231,緯創,218,27,191,群益金鼎-西松,2023-06-19,9136
2405,輔信,202,11,191,群益金鼎-西松,2023-06-19,9136
1504,東元,122,11,111,群益金鼎-西松,2023-06-19,9136
6234,高僑,112,12,100,群益金鼎-西松,2023-06-19,9136
00665L,富邦�琤肭磪囓�2,110,20,90,群益金鼎-西松,2023-06-19,9136
3011,今皓,80,1,79,群益金鼎-西松,2023-06-19,9136
2324,仁寶,63,1,62,群益金鼎-西松,2023-06-19,9136
5289,宜鼎,55,0,55,群益金鼎-西松,2023-06-19,9136
2427,三商電,57,3,54,群益金鼎-西松,2023-06-19,9136
00632R,元大台灣50反1,50,0,50,群益金鼎-西松,2023-06-19,9136
8940,新天地,45,0,45,群益金鼎-西松,2023-06-19,9136
8222,寶一,52,12,40,群益金鼎-西松,2023-06-19,9136
6120,達運,74,36,38,群益金鼎-西松,2023-06-19,9136
2312,金寶,71,35,36,群益金鼎-西松,2023-06-19,9136
00637L,元大滬深300正2,45,10,35,群益金鼎-西松,2023-06-19,9136
2303,聯電,35,1,34,群益金鼎-西松,2023-06-19,9136
2014,中鴻,35,2,33,群益金鼎-西松,2023-06-19,9136
2353,宏��,33,3,30,群益金鼎-西松,2023-06-19,9136
00878,國泰永續高股息,36,7,29,群益金鼎-西松,2023-06-19,9136
4744,皇將,29,0,29,群益金鼎-西松,2023-06-19,9136
6415,矽力*-KY,29,2,27,群益金鼎-西松,2023-06-19,9136
3515,華擎,27,1,26,群益金鼎-西松,2023-06-19,9136
4967,十銓,36,12,24,群益金鼎-西松,2023-06-19,9136
00725B,國泰投資級公司債,23,0,23,群益金鼎-西松,2023-06-19,9136
8996,高力,22,1,21,群益金鼎-西松,2023-06-19,9136
5483,中美晶,20,0,20,群益金鼎-西松,2023-06-19,9136
1605,華新,49,32,17,群益金鼎-西松,2023-06-19,9136
1503,士電,29,12,17,群益金鼎-西松,2023-06-19,9136
00712,復華富時不動產,18,2,16,群益金鼎-西松,2023-06-19,9136
2515,中工,15,0,15,群益金鼎-西松,2023-06-19,9136
2421,建準,23,9,14,群益金鼎-西松,2023-06-19,9136
2504,國產,14,0,14,群益金鼎-西松,2023-06-19,9136
4903,聯光通,13,0,13,群益金鼎-西松,2023-06-19,9136
2609,陽明,12,0,12,群益金鼎-西松,2023-06-19,9136
1304,台聚,11,0,11,群益金鼎-西松,2023-06-19,9136
1529,樂事綠能,12,1,11,群益金鼎-西松,2023-06-19,9136
2344,華邦電,13,2,11,群益金鼎-西松,2023-06-19,9136
2702,華園,11,0,11,群益金鼎-西松,2023-06-19,9136
2883,凱基金,11,1,10,群益金鼎-西松,2023-06-19,9136
3014,聯陽,10,0,10,群益金鼎-西松,2023-06-19,9136
3032,偉訓,10,0,10,群益金鼎-西松,2023-06-19,9136
4979,華星光,13,3,10,群益金鼎-西松,2023-06-19,9136
6829,千附精密,10,0,10,群益金鼎-西松,2023-06-19,9136
8403,盛弘,10,0,10,群益金鼎-西松,2023-06-19,9136
4406,新昕纖,9,0,9,群益金鼎-西松,2023-06-19,9136
2429,銘旺科,10,2,8,群益金鼎-西松,2023-06-19,9136
2645,長榮航太,10,2,8,群益金鼎-西松,2023-06-19,9136
2301,光寶科,11,3,8,群益金鼎-西松,2023-06-19,9136
2812,台中銀,7,0,7,群益金鼎-西松,2023-06-19,9136
2371,大同,181,23,158,群益金鼎-西松,2023-06-20,9136
1609,大亞,106,5,101,群益金鼎-西松,2023-06-20,9136
2618,長榮航,163,81,82,群益金鼎-西松,2023-06-20,9136
2801,彰銀,68,0,68,群益金鼎-西松,2023-06-20,9136
00753L,中信中國50正2,70,4,66,群益金鼎-西松,2023-06-20,9136
1605,華新,60,18,42,群益金鼎-西松,2023-06-20,9136
2337,旺宏,42,0,42,群益金鼎-西松,2023-06-20,9136
3032,偉訓,46,12,34,群益金鼎-西松,2023-06-20,9136
00919,群益台灣精選高息,32,0,32,群益金鼎-西松,2023-06-20,9136
3481,群創,52,20,32,群益金鼎-西松,2023-06-20,9136
3693,營邦,33,6,27,群益金鼎-西松,2023-06-20,9136
6282,康舒,27,1,26,群益金鼎-西松,2023-06-20,9136
2354,鴻準,23,0,23,群益金鼎-西松,2023-06-20,9136
3011,今皓,23,0,23,群益金鼎-西松,2023-06-20,9136
2382,廣達,37,17,20,群益金鼎-西松,2023-06-20,9136
6120,達運,20,2,18,群益金鼎-西松,2023-06-20,9136
8403,盛弘,20,2,18,群益金鼎-西松,2023-06-20,9136
2883,凱基金,16,0,16,群益金鼎-西松,2023-06-20,9136
5347,世界,15,0,15,群益金鼎-西松,2023-06-20,9136
2515,中工,15,0,15,群益金鼎-西松,2023-06-20,9136
6264,富裔,15,0,15,群益金鼎-西松,2023-06-20,9136
2454,聯發科,21,7,14,群益金鼎-西松,2023-06-20,9136
2412,中華電,14,0,14,群益金鼎-西松,2023-06-20,9136
2888,新光金,17,3,14,群益金鼎-西松,2023-06-20,9136
2344,華邦電,16,2,14,群益金鼎-西松,2023-06-20,9136
00878,國泰永續高股息,47,34,13,群益金鼎-西松,2023-06-20,9136
00720B,元大投資級公司債,12,0,12,群益金鼎-西松,2023-06-20,9136
8033,雷虎,12,0,12,群益金鼎-西松,2023-06-20,9136
6278,台表科,13,1,12,群益金鼎-西松,2023-06-20,9136
00706L,期元大S＆P日圓正2,11,0,11,群益金鼎-西松,2023-06-20,9136
00795B,中信美國公債20年,11,0,11,群益金鼎-西松,2023-06-20,9136
2328,廣宇,11,0,11,群益金鼎-西松,2023-06-20,9136
2368,金像電,25,14,11,群益金鼎-西松,2023-06-20,9136
3596,智易,11,0,11,群益金鼎-西松,2023-06-20,9136
6592,和潤企業,11,0,11,群益金鼎-西松,2023-06-20,9136
8255,朋程,10,0,10,群益金鼎-西松,2023-06-20,9136
5426,振發,10,0,10,群益金鼎-西松,2023-06-20,9136
2329,華泰,10,0,10,群益金鼎-西松,2023-06-20,9136
4916,事欣科,15,5,10,群益金鼎-西松,2023-06-20,9136
6164,華興,10,0,10,群益金鼎-西松,2023-06-20,9136
6840,東研信超,10,0,10,群益金鼎-西松,2023-06-20,9136
00892,富邦台灣半導體,10,0,10,群益金鼎-西松,2023-06-20,9136
2739,寒舍,11,1,10,群益金鼎-西松,2023-06-20,9136
3260,威剛,18,9,9,群益金鼎-西松,2023-06-20,9136
6165,浪凡,9,0,9,群益金鼎-西松,2023-06-20,9136
6217,中探針,10,1,9,群益金鼎-西松,2023-06-20,9136
6806,森崴能源,9,0,9,群益金鼎-西松,2023-06-20,9136
1303,南亞,8,0,8,群益金鼎-西松,2023-06-20,9136
3564,其陽,15,7,8,群益金鼎-西松,2023-06-20,9136
5876,上海商銀,8,0,8,群益金鼎-西松,2023-06-20,9136
1471,首利,300,5,295,群益金鼎-西松,2023-06-21,9136
00751B,元大AAA至A公司債,150,9,141,群益金鼎-西松,2023-06-21,9136
4566,時碩工業,103,3,100,群益金鼎-西松,2023-06-21,9136
2706,第一店,102,4,98,群益金鼎-西松,2023-06-21,9136
3481,群創,252,158,94,群益金鼎-西松,2023-06-21,9136
2323,中環,94,15,79,群益金鼎-西松,2023-06-21,9136
3202,樺晟,63,2,61,群益金鼎-西松,2023-06-21,9136
2402,毅嘉,66,6,60,群益金鼎-西松,2023-06-21,9136
00632R,元大台灣50反1,60,5,55,群益金鼎-西松,2023-06-21,9136
00712,復華富時不動產,53,0,53,群益金鼎-西松,2023-06-21,9136
3231,緯創,121,73,48,群益金鼎-西松,2023-06-21,9136
8403,盛弘,40,0,40,群益金鼎-西松,2023-06-21,9136
3483,力致,55,19,36,群益金鼎-西松,2023-06-21,9136
6282,康舒,63,31,32,群益金鼎-西松,2023-06-21,9136
3552,同致,30,0,30,群益金鼎-西松,2023-06-21,9136
00882,中信中國高股息,30,0,30,群益金鼎-西松,2023-06-21,9136
00753L,中信中國50正2,58,30,28,群益金鼎-西松,2023-06-21,9136
2888,新光金,27,1,26,群益金鼎-西松,2023-06-21,9136
00713,元大台灣高息低波,23,0,23,群益金鼎-西松,2023-06-21,9136
1605,華新,23,0,23,群益金鼎-西松,2023-06-21,9136
6126,信音,20,0,20,群益金鼎-西松,2023-06-21,9136
8940,新天地,20,0,20,群益金鼎-西松,2023-06-21,9136
3706,神達,25,7,18,群益金鼎-西松,2023-06-21,9136
2382,廣達,28,10,18,群益金鼎-西松,2023-06-21,9136
2337,旺宏,16,0,16,群益金鼎-西松,2023-06-21,9136
2634,漢翔,29,13,16,群益金鼎-西松,2023-06-21,9136
00878,國泰永續高股息,63,49,14,群益金鼎-西松,2023-06-21,9136
4916,事欣科,166,153,13,群益金鼎-西松,2023-06-21,9136
2601,益航,12,0,12,群益金鼎-西松,2023-06-21,9136
3545,敦泰,12,0,12,群益金鼎-西松,2023-06-21,9136
00891,中信關鍵半導體,11,0,11,群益金鼎-西松,2023-06-21,9136
1514,亞力,13,2,11,群益金鼎-西松,2023-06-21,9136
2211,長榮鋼,11,0,11,群益金鼎-西松,2023-06-21,9136
00772B,中信高評級公司債,26,15,11,群益金鼎-西松,2023-06-21,9136
1714,和桐,10,0,10,群益金鼎-西松,2023-06-21,9136
2707,晶華,11,1,10,群益金鼎-西松,2023-06-21,9136
00637L,元大滬深300正2,20,10,10,群益金鼎-西松,2023-06-21,9136
00881,國泰台灣5G+,10,0,10,群益金鼎-西松,2023-06-21,9136
2308,台達電,11,1,10,群益金鼎-西松,2023-06-21,9136
2705,六福,53,43,10,群益金鼎-西松,2023-06-21,9136
3325,旭品,38,28,10,群益金鼎-西松,2023-06-21,9136
4503,金雨,10,0,10,群益金鼎-西松,2023-06-21,9136
6244,茂迪,11,1,10,群益金鼎-西松,2023-06-21,9136
2303,聯電,34,24,10,群益金鼎-西松,2023-06-21,9136
6112,邁達特,26,17,9,群益金鼎-西松,2023-06-21,9136
1513,中興電,10,3,7,群益金鼎-西松,2023-06-21,9136
8069,元太,7,0,7,群益金鼎-西松,2023-06-21,9136
00929,復華台灣科技優息,7,0,7,群益金鼎-西松,2023-06-21,9136
2498,宏達電,7,0,7,群益金鼎-西松,2023-06-21,9136
3693,營邦,14,7,7,群益金鼎-西松,2023-06-21,9136
1802,台玻,206,0,206,群益金鼎-西松,2023-06-26,9136
1907,永豐餘,197,7,190,群益金鼎-西松,2023-06-26,9136
4566,時碩工業,94,5,89,群益金鼎-西松,2023-06-26,9136
3545,敦泰,88,1,87,群益金鼎-西松,2023-06-26,9136
00715L,期街口布蘭特正2,80,0,80,群益金鼎-西松,2023-06-26,9136
9105,泰金寶-DR,60,0,60,群益金鼎-西松,2023-06-26,9136
00642U,期元大S＆P石油,58,0,58,群益金鼎-西松,2023-06-26,9136
2312,金寶,55,1,54,群益金鼎-西松,2023-06-26,9136
1101,台泥,50,0,50,群益金鼎-西松,2023-06-26,9136
00637L,元大滬深300正2,49,5,44,群益金鼎-西松,2023-06-26,9136
3231,緯創,90,58,32,群益金鼎-西松,2023-06-26,9136
2382,廣達,31,1,30,群益金鼎-西松,2023-06-26,9136
2515,中工,30,0,30,群益金鼎-西松,2023-06-26,9136
3032,偉訓,37,10,27,群益金鼎-西松,2023-06-26,9136
2610,華航,97,71,26,群益金鼎-西松,2023-06-26,9136
1605,華新,32,11,21,群益金鼎-西松,2023-06-26,9136
8940,新天地,21,0,21,群益金鼎-西松,2023-06-26,9136
00877,復華中國5G,20,0,20,群益金鼎-西松,2023-06-26,9136
2472,立隆電,20,0,20,群益金鼎-西松,2023-06-26,9136
3706,神達,54,34,20,群益金鼎-西松,2023-06-26,9136
4960,誠美材,20,0,20,群益金鼎-西松,2023-06-26,9136
8277,商丞,20,0,20,群益金鼎-西松,2023-06-26,9136
6217,中探針,21,2,19,群益金鼎-西松,2023-06-26,9136
2338,光罩,18,1,17,群益金鼎-西松,2023-06-26,9136
2353,宏��,20,3,17,群益金鼎-西松,2023-06-26,9136
4979,華星光,18,2,16,群益金鼎-西松,2023-06-26,9136
1301,台塑,14,0,14,群益金鼎-西松,2023-06-26,9136
2883,凱基金,14,0,14,群益金鼎-西松,2023-06-26,9136
6244,茂迪,14,0,14,群益金鼎-西松,2023-06-26,9136
2359,所羅門,14,1,13,群益金鼎-西松,2023-06-26,9136
3673,TPK-KY,15,2,13,群益金鼎-西松,2023-06-26,9136
5347,世界,13,0,13,群益金鼎-西松,2023-06-26,9136
2344,華邦電,20,8,12,群益金鼎-西松,2023-06-26,9136
6125,廣運,71,59,12,群益金鼎-西松,2023-06-26,9136
00679B,元大美債20年,12,0,12,群益金鼎-西松,2023-06-26,9136
3037,欣興,13,3,10,群益金鼎-西松,2023-06-26,9136
2014,中鴻,10,0,10,群益金鼎-西松,2023-06-26,9136
00680L,元大美債20正2,12,2,10,群益金鼎-西松,2023-06-26,9136
1522,堤維西,13,3,10,群益金鼎-西松,2023-06-26,9136
2329,華泰,10,0,10,群益金鼎-西松,2023-06-26,9136
2614,東森,10,0,10,群益金鼎-西松,2023-06-26,9136
2889,國票金,10,0,10,群益金鼎-西松,2023-06-26,9136
3005,神基,11,1,10,群益金鼎-西松,2023-06-26,9136
4147,中裕,10,0,10,群益金鼎-西松,2023-06-26,9136
8255,朋程,10,0,10,群益金鼎-西松,2023-06-26,9136
00893,國泰智能電動車,12,2,10,群益金鼎-西松,2023-06-26,9136
2330,台積電,40,30,10,群益金鼎-西松,2023-06-26,9136
2308,台達電,10,1,9,群益金鼎-西松,2023-06-26,9136
3362,先進光,13,4,9,群益金鼎-西松,2023-06-26,9136
3374,精材,10,1,9,群益金鼎-西松,2023-06-26,9136
6120,達運,480,3,477,群益金鼎-西松,2023-06-27,9136
2014,中鴻,153,4,149,群益金鼎-西松,2023-06-27,9136
00632R,元大台灣50反1,162,65,97,群益金鼎-西松,2023-06-27,9136
00878,國泰永續高股息,131,42,89,群益金鼎-西松,2023-06-27,9136
1605,華新,93,5,88,群益金鼎-西松,2023-06-27,9136
2707,晶華,88,1,87,群益金鼎-西松,2023-06-27,9136
2409,友達,73,0,73,群益金鼎-西松,2023-06-27,9136
1513,中興電,95,26,69,群益金鼎-西松,2023-06-27,9136
3011,今皓,65,29,36,群益金鼎-西松,2023-06-27,9136
1785,光洋科,39,4,35,群益金鼎-西松,2023-06-27,9136
6226,光鼎,30,0,30,群益金鼎-西松,2023-06-27,9136
2382,廣達,34,5,29,群益金鼎-西松,2023-06-27,9136
4128,中天,45,22,23,群益金鼎-西松,2023-06-27,9136
2354,鴻準,25,3,22,群益金鼎-西松,2023-06-27,9136
2340,台亞,46,25,21,群益金鼎-西松,2023-06-27,9136
4566,時碩工業,27,7,20,群益金鼎-西松,2023-06-27,9136
8112,至上,21,1,20,群益金鼎-西松,2023-06-27,9136
2610,華航,64,45,19,群益金鼎-西松,2023-06-27,9136
2427,三商電,53,34,19,群益金鼎-西松,2023-06-27,9136
2489,瑞軒,32,14,18,群益金鼎-西松,2023-06-27,9136
2344,華邦電,25,8,17,群益金鼎-西松,2023-06-27,9136
6217,中探針,21,4,17,群益金鼎-西松,2023-06-27,9136
00637L,元大滬深300正2,31,15,16,群益金鼎-西松,2023-06-27,9136
2323,中環,27,12,15,群益金鼎-西松,2023-06-27,9136
2328,廣宇,29,14,15,群益金鼎-西松,2023-06-27,9136
3715,定穎投控,20,5,15,群益金鼎-西松,2023-06-27,9136
2412,中華電,14,0,14,群益金鼎-西松,2023-06-27,9136
1528,恩德,15,2,13,群益金鼎-西松,2023-06-27,9136
2402,毅嘉,16,3,13,群益金鼎-西松,2023-06-27,9136
2439,美律,13,0,13,群益金鼎-西松,2023-06-27,9136
3017,奇鋐,13,0,13,群益金鼎-西松,2023-06-27,9136
8069,元太,20,9,11,群益金鼎-西松,2023-06-27,9136
8255,朋程,11,1,10,群益金鼎-西松,2023-06-27,9136
00665L,富邦�琤肭磪囓�2,50,40,10,群益金鼎-西松,2023-06-27,9136
00924,復華S＆P500成長,10,0,10,群益金鼎-西松,2023-06-27,9136
2329,華泰,10,0,10,群益金鼎-西松,2023-06-27,9136
2834,臺企銀,10,0,10,群益金鼎-西松,2023-06-27,9136
3038,全台,26,16,10,群益金鼎-西松,2023-06-27,9136
3704,合勤控,10,0,10,群益金鼎-西松,2023-06-27,9136
6462,神盾,10,0,10,群益金鼎-西松,2023-06-27,9136
00929,復華台灣科技優息,9,0,9,群益金鼎-西松,2023-06-27,9136
2201,裕隆,9,0,9,群益金鼎-西松,2023-06-27,9136
2492,華新科,9,0,9,群益金鼎-西松,2023-06-27,9136
3207,耀勝,9,0,9,群益金鼎-西松,2023-06-27,9136
4102,永日,62,53,9,群益金鼎-西松,2023-06-27,9136
00757,統一FANG+,8,0,8,群益金鼎-西松,2023-06-27,9136
00891,中信關鍵半導體,8,0,8,群益金鼎-西松,2023-06-27,9136
2468,華經,8,0,8,群益金鼎-西松,2023-06-27,9136
4979,華星光,14,6,8,群益金鼎-西松,2023-06-27,9136
6139,亞翔,8,0,8,群益金鼎-西松,2023-06-27,9136
1605,華新,121,37,84,群益金鼎-西松,2023-06-28,9136
2371,大同,140,58,82,群益金鼎-西松,2023-06-28,9136
3260,威剛,53,5,48,群益金鼎-西松,2023-06-28,9136
2707,晶華,33,0,33,群益金鼎-西松,2023-06-28,9136
3013,晟銘電,32,0,32,群益金鼎-西松,2023-06-28,9136
00687B,國泰20年美債,31,0,31,群益金鼎-西松,2023-06-28,9136
2337,旺宏,30,0,30,群益金鼎-西松,2023-06-28,9136
3481,群創,27,3,24,群益金鼎-西松,2023-06-28,9136
6217,中探針,21,0,21,群益金鼎-西松,2023-06-28,9136
6841,長佳智能,21,0,21,群益金鼎-西松,2023-06-28,9136
6550,北極星藥業-KY,20,0,20,群益金鼎-西松,2023-06-28,9136
2745,五福,20,0,20,群益金鼎-西松,2023-06-28,9136
2609,陽明,24,5,19,群益金鼎-西松,2023-06-28,9136
2906,高林,30,11,19,群益金鼎-西松,2023-06-28,9136
4906,正文,30,11,19,群益金鼎-西松,2023-06-28,9136
00720B,元大投資級公司債,18,0,18,群益金鼎-西松,2023-06-28,9136
00642U,期元大S＆P石油,18,3,15,群益金鼎-西松,2023-06-28,9136
2883,凱基金,14,0,14,群益金鼎-西松,2023-06-28,9136
3264,欣銓,11,0,11,群益金鼎-西松,2023-06-28,9136
00877,復華中國5G,10,0,10,群益金鼎-西松,2023-06-28,9136
00665L,富邦�琤肭磪囓�2,80,70,10,群益金鼎-西松,2023-06-28,9136
00679B,元大美債20年,11,1,10,群益金鼎-西松,2023-06-28,9136
2363,矽統,10,0,10,群益金鼎-西松,2023-06-28,9136
2472,立隆電,10,0,10,群益金鼎-西松,2023-06-28,9136
3479,安勤,11,1,10,群益金鼎-西松,2023-06-28,9136
4581,光隆精密-KY,10,0,10,群益金鼎-西松,2023-06-28,9136
4960,誠美材,10,0,10,群益金鼎-西松,2023-06-28,9136
5309,系統電,10,0,10,群益金鼎-西松,2023-06-28,9136
8936,國統,13,3,10,群益金鼎-西松,2023-06-28,9136
8940,新天地,10,0,10,群益金鼎-西松,2023-06-28,9136
3037,欣興,9,1,8,群益金鼎-西松,2023-06-28,9136
6472,保瑞,14,6,8,群益金鼎-西松,2023-06-28,9136
3706,神達,13,5,8,群益金鼎-西松,2023-06-28,9136
1101,台泥,8,0,8,群益金鼎-西松,2023-06-28,9136
1301,台塑,7,0,7,群益金鼎-西松,2023-06-28,9136
2427,三商電,7,0,7,群益金鼎-西松,2023-06-28,9136
4938,和碩,6,0,6,群益金鼎-西松,2023-06-28,9136
1522,堤維西,11,5,6,群益金鼎-西松,2023-06-28,9136
2734,易飛網,6,0,6,群益金鼎-西松,2023-06-28,9136
2887,台新金,6,0,6,群益金鼎-西松,2023-06-28,9136
5381,合正,6,0,6,群益金鼎-西松,2023-06-28,9136
6290,良維,7,1,6,群益金鼎-西松,2023-06-28,9136
8996,高力,6,0,6,群益金鼎-西松,2023-06-28,9136
00675L,富邦臺灣加權正2,5,0,5,群益金鼎-西松,2023-06-28,9136
1444,力麗,5,0,5,群益金鼎-西松,2023-06-28,9136
1471,首利,6,1,5,群益金鼎-西松,2023-06-28,9136
1810,和成,5,0,5,群益金鼎-西松,2023-06-28,9136
2739,寒舍,5,0,5,群益金鼎-西松,2023-06-28,9136
3046,建��,5,0,5,群益金鼎-西松,2023-06-28,9136
3321,同泰,5,0,5,群益金鼎-西松,2023-06-28,9136
2344,華邦電,292,39,253,群益金鼎-西松,2023-06-29,9136
2618,長榮航,148,45,103,群益金鼎-西松,2023-06-29,9136
2409,友達,88,1,87,群益金鼎-西松,2023-06-29,9136
2634,漢翔,96,36,60,群益金鼎-西松,2023-06-29,9136
00665L,富邦�琤肭磪囓�2,50,0,50,群益金鼎-西松,2023-06-29,9136
2330,台積電,47,1,46,群益金鼎-西松,2023-06-29,9136
3202,樺晟,43,1,42,群益金鼎-西松,2023-06-29,9136
6285,啟��,43,8,35,群益金鼎-西松,2023-06-29,9136
4157,太景*-KY,46,13,33,群益金鼎-西松,2023-06-29,9136
00632R,元大台灣50反1,100,70,30,群益金鼎-西松,2023-06-29,9136
3711,日月光投控,30,3,27,群益金鼎-西松,2023-06-29,9136
2610,華航,47,21,26,群益金鼎-西松,2023-06-29,9136
1605,華新,67,41,26,群益金鼎-西松,2023-06-29,9136
00919,群益台灣精選高息,28,2,26,群益金鼎-西松,2023-06-29,9136
3028,增你強,20,0,20,群益金鼎-西松,2023-06-29,9136
2303,聯電,28,10,18,群益金鼎-西松,2023-06-29,9136
1444,力麗,19,2,17,群益金鼎-西松,2023-06-29,9136
00637L,元大滬深300正2,31,15,16,群益金鼎-西松,2023-06-29,9136
6531,愛普*,18,4,14,群益金鼎-西松,2023-06-29,9136
2317,鴻海,18,5,13,群益金鼎-西松,2023-06-29,9136
2603,長榮,39,28,11,群益金鼎-西松,2023-06-29,9136
3005,神基,19,9,10,群益金鼎-西松,2023-06-29,9136
8255,朋程,11,1,10,群益金鼎-西松,2023-06-29,9136
1314,中石化,10,0,10,群益金鼎-西松,2023-06-29,9136
1611,中電,10,0,10,群益金鼎-西松,2023-06-29,9136
2888,新光金,11,1,10,群益金鼎-西松,2023-06-29,9136
4207,環泰,10,0,10,群益金鼎-西松,2023-06-29,9136
8277,商丞,12,2,10,群益金鼎-西松,2023-06-29,9136
2915,潤泰全,10,0,10,群益金鼎-西松,2023-06-29,9136
2338,光罩,10,1,9,群益金鼎-西松,2023-06-29,9136
4503,金雨,10,1,9,群益金鼎-西松,2023-06-29,9136
4906,正文,13,4,9,群益金鼎-西松,2023-06-29,9136
2312,金寶,8,0,8,群益金鼎-西松,2023-06-29,9136
2353,宏��,9,1,8,群益金鼎-西松,2023-06-29,9136
00882,中信中國高股息,8,0,8,群益金鼎-西松,2023-06-29,9136
2313,華通,13,6,7,群益金鼎-西松,2023-06-29,9136
00679B,元大美債20年,7,0,7,群益金鼎-西松,2023-06-29,9136
1789,神隆,7,0,7,群益金鼎-西松,2023-06-29,9136
2882,國泰金,6,0,6,群益金鼎-西松,2023-06-29,9136
3025,星通,6,0,6,群益金鼎-西松,2023-06-29,9136
3447,展達,6,0,6,群益金鼎-西松,2023-06-29,9136
5347,世界,6,0,6,群益金鼎-西松,2023-06-29,9136
5452,佶優,9,3,6,群益金鼎-西松,2023-06-29,9136
5488,松普,6,0,6,群益金鼎-西松,2023-06-29,9136
1711,永光,5,0,5,群益金鼎-西松,2023-06-29,9136
00772B,中信高評級公司債,5,0,5,群益金鼎-西松,2023-06-29,9136
00661,元大日經225,5,0,5,群益金鼎-西松,2023-06-29,9136
1417,嘉裕,5,0,5,群益金鼎-西松,2023-06-29,9136
1449,佳和,6,1,5,群益金鼎-西松,2023-06-29,9136
1785,光洋科,5,0,5,群益金鼎-西松,2023-06-29,9136
00679B,元大美債20年,115,0,115,群益金鼎-西松,2023-06-30,9136
2748,雲品,100,0,100,群益金鼎-西松,2023-06-30,9136
00715L,期街口布蘭特正2,201,106,95,群益金鼎-西松,2023-06-30,9136
2618,長榮航,90,26,64,群益金鼎-西松,2023-06-30,9136
3231,緯創,214,158,56,群益金鼎-西松,2023-06-30,9136
4906,正文,63,20,43,群益金鼎-西松,2023-06-30,9136
00687B,國泰20年美債,42,0,42,群益金鼎-西松,2023-06-30,9136
2888,新光金,41,9,32,群益金鼎-西松,2023-06-30,9136
4157,太景*-KY,41,12,29,群益金鼎-西松,2023-06-30,9136
8210,勤誠,63,35,28,群益金鼎-西松,2023-06-30,9136
6139,亞翔,26,0,26,群益金鼎-西松,2023-06-30,9136
00720B,元大投資級公司債,25,0,25,群益金鼎-西松,2023-06-30,9136
3017,奇鋐,81,56,25,群益金鼎-西松,2023-06-30,9136
2317,鴻海,56,34,22,群益金鼎-西松,2023-06-30,9136
2881,富邦金,22,0,22,群益金鼎-西松,2023-06-30,9136
6217,中探針,21,0,21,群益金鼎-西松,2023-06-30,9136
1218,泰山,20,0,20,群益金鼎-西松,2023-06-30,9136
2312,金寶,22,3,19,群益金鼎-西松,2023-06-30,9136
5439,高技,20,2,18,群益金鼎-西松,2023-06-30,9136
2603,長榮,64,47,17,群益金鼎-西松,2023-06-30,9136
2027,大成鋼,17,1,16,群益金鼎-西松,2023-06-30,9136
4744,皇將,15,0,15,群益金鼎-西松,2023-06-30,9136
2382,廣達,27,12,15,群益金鼎-西松,2023-06-30,9136
3011,今皓,19,5,14,群益金鼎-西松,2023-06-30,9136
1513,中興電,31,17,14,群益金鼎-西松,2023-06-30,9136
2324,仁寶,14,1,13,群益金鼎-西松,2023-06-30,9136
2353,宏��,12,0,12,群益金鼎-西松,2023-06-30,9136
00706L,期元大S＆P日圓正2,11,0,11,群益金鼎-西松,2023-06-30,9136
3034,聯詠,15,5,10,群益金鼎-西松,2023-06-30,9136
2390,云辰,10,0,10,群益金鼎-西松,2023-06-30,9136
4503,金雨,10,0,10,群益金鼎-西松,2023-06-30,9136
8086,宏捷科,11,1,10,群益金鼎-西松,2023-06-30,9136
2376,技嘉,14,5,9,群益金鼎-西松,2023-06-30,9136
2331,精英,13,4,9,群益金鼎-西松,2023-06-30,9136
2882,國泰金,11,2,9,群益金鼎-西松,2023-06-30,9136
3038,全台,9,0,9,群益金鼎-西松,2023-06-30,9136
4147,中裕,33,25,8,群益金鼎-西松,2023-06-30,9136
00919,群益台灣精選高息,8,0,8,群益金鼎-西松,2023-06-30,9136
3711,日月光投控,8,0,8,群益金鼎-西松,2023-06-30,9136
00680L,元大美債20正2,7,0,7,群益金鼎-西松,2023-06-30,9136
1605,華新,20,13,7,群益金鼎-西松,2023-06-30,9136
1609,大亞,10,3,7,群益金鼎-西松,2023-06-30,9136
2301,光寶科,7,0,7,群益金鼎-西松,2023-06-30,9136
3363,上詮,7,0,7,群益金鼎-西松,2023-06-30,9136
3483,力致,13,6,7,群益金鼎-西松,2023-06-30,9136
00891,中信關鍵半導體,6,0,6,群益金鼎-西松,2023-06-30,9136
2313,華通,12,6,6,群益金鼎-西松,2023-06-30,9136
3037,欣興,12,6,6,群益金鼎-西松,2023-06-30,9136
3518,柏騰,7,1,6,群益金鼎-西松,2023-06-30,9136
6166,凌華,21,15,6,群益金鼎-西松,2023-06-30,9136
3038,全台,127,3,124,群益金鼎-西松,2023-07-03,9136
2317,鴻海,133,48,85,群益金鼎-西松,2023-07-03,9136
00632R,元大台灣50反1,85,0,85,群益金鼎-西松,2023-07-03,9136
2451,創見,50,0,50,群益金鼎-西松,2023-07-03,9136
5258,虹堡,37,0,37,群益金鼎-西松,2023-07-03,9136
6669,緯穎,38,3,35,群益金鼎-西松,2023-07-03,9136
2888,新光金,32,0,32,群益金鼎-西松,2023-07-03,9136
3231,緯創,88,58,30,群益金鼎-西松,2023-07-03,9136
2382,廣達,80,52,28,群益金鼎-西松,2023-07-03,9136
1460,宏遠,27,1,26,群益金鼎-西松,2023-07-03,9136
00673R,期元大S＆P原油反1,25,0,25,群益金鼎-西松,2023-07-03,9136
2881,富邦金,26,1,25,群益金鼎-西松,2023-07-03,9136
6148,驊宏資,26,2,24,群益金鼎-西松,2023-07-03,9136
3481,群創,25,3,22,群益金鼎-西松,2023-07-03,9136
3518,柏騰,26,5,21,群益金鼎-西松,2023-07-03,9136
2349,錸德,20,0,20,群益金鼎-西松,2023-07-03,9136
2801,彰銀,20,0,20,群益金鼎-西松,2023-07-03,9136
9105,泰金寶-DR,20,0,20,群益金鼎-西松,2023-07-03,9136
6116,彩晶,20,1,19,群益金鼎-西松,2023-07-03,9136
2337,旺宏,18,0,18,群益金鼎-西松,2023-07-03,9136
3207,耀勝,29,12,17,群益金鼎-西松,2023-07-03,9136
3033,威健,18,1,17,群益金鼎-西松,2023-07-03,9136
2634,漢翔,30,15,15,群益金鼎-西松,2023-07-03,9136
2354,鴻準,14,0,14,群益金鼎-西松,2023-07-03,9136
3017,奇鋐,21,7,14,群益金鼎-西松,2023-07-03,9136
4566,時碩工業,15,1,14,群益金鼎-西松,2023-07-03,9136
2915,潤泰全,15,2,13,群益金鼎-西松,2023-07-03,9136
3673,TPK-KY,13,0,13,群益金鼎-西松,2023-07-03,9136
2313,華通,25,13,12,群益金鼎-西松,2023-07-03,9136
2356,英業達,23,11,12,群益金鼎-西松,2023-07-03,9136
5609,中菲行,11,0,11,群益金鼎-西松,2023-07-03,9136
00679B,元大美債20年,12,1,11,群益金鼎-西松,2023-07-03,9136
2308,台達電,11,1,10,群益金鼎-西松,2023-07-03,9136
2408,南亞科,10,0,10,群益金鼎-西松,2023-07-03,9136
3006,晶豪科,10,0,10,群益金鼎-西松,2023-07-03,9136
3049,精金,10,0,10,群益金鼎-西松,2023-07-03,9136
3265,台星科,11,1,10,群益金鼎-西松,2023-07-03,9136
2303,聯電,12,2,10,群益金鼎-西松,2023-07-03,9136
5425,台半,11,2,9,群益金鼎-西松,2023-07-03,9136
1714,和桐,9,0,9,群益金鼎-西松,2023-07-03,9136
3078,僑威,11,2,9,群益金鼎-西松,2023-07-03,9136
4175,杏一,9,0,9,群益金鼎-西松,2023-07-03,9136
6290,良維,10,1,9,群益金鼎-西松,2023-07-03,9136
2383,台光電,14,5,9,群益金鼎-西松,2023-07-03,9136
1313,聯成,10,2,8,群益金鼎-西松,2023-07-03,9136
2359,所羅門,10,2,8,群益金鼎-西松,2023-07-03,9136
3406,玉晶光,11,3,8,群益金鼎-西松,2023-07-03,9136
6223,旺矽,14,7,7,群益金鼎-西松,2023-07-03,9136
3045,台灣大,7,0,7,群益金鼎-西松,2023-07-03,9136
1795,美時,10,3,7,群益金鼎-西松,2023-07-03,9136
2312,金寶,271,2,269,群益金鼎-西松,2023-07-04,9136
4541,晟田,201,0,201,群益金鼎-西松,2023-07-04,9136
0056,元大高股息,132,18,114,群益金鼎-西松,2023-07-04,9136
1605,華新,69,18,51,群益金鼎-西松,2023-07-04,9136
2301,光寶科,102,52,50,群益金鼎-西松,2023-07-04,9136
2609,陽明,101,58,43,群益金鼎-西松,2023-07-04,9136
4938,和碩,38,0,38,群益金鼎-西松,2023-07-04,9136
2618,長榮航,54,21,33,群益金鼎-西松,2023-07-04,9136
2881,富邦金,40,12,28,群益金鼎-西松,2023-07-04,9136
00720B,元大投資級公司債,34,6,28,群益金鼎-西松,2023-07-04,9136
4157,太景*-KY,56,30,26,群益金鼎-西松,2023-07-04,9136
2323,中環,30,5,25,群益金鼎-西松,2023-07-04,9136
2331,精英,25,3,22,群益金鼎-西松,2023-07-04,9136
2317,鴻海,37,16,21,群益金鼎-西松,2023-07-04,9136
2801,彰銀,22,1,21,群益金鼎-西松,2023-07-04,9136
00753L,中信中國50正2,50,30,20,群益金鼎-西松,2023-07-04,9136
00665L,富邦�琤肭磪囓�2,50,30,20,群益金鼎-西松,2023-07-04,9136
1460,宏遠,22,2,20,群益金鼎-西松,2023-07-04,9136
2745,五福,20,0,20,群益金鼎-西松,2023-07-04,9136
3028,增你強,20,0,20,群益金鼎-西松,2023-07-04,9136
4960,誠美材,20,0,20,群益金鼎-西松,2023-07-04,9136
6217,中探針,21,1,20,群益金鼎-西松,2023-07-04,9136
00679B,元大美債20年,19,0,19,群益金鼎-西松,2023-07-04,9136
1795,美時,16,1,15,群益金鼎-西松,2023-07-04,9136
8210,勤誠,15,0,15,群益金鼎-西松,2023-07-04,9136
3058,立德,14,0,14,群益金鼎-西松,2023-07-04,9136
3062,建漢,14,0,14,群益金鼎-西松,2023-07-04,9136
8086,宏捷科,16,2,14,群益金鼎-西松,2023-07-04,9136
3037,欣興,21,8,13,群益金鼎-西松,2023-07-04,9136
3689,湧德,13,0,13,群益金鼎-西松,2023-07-04,9136
5426,振發,15,2,13,群益金鼎-西松,2023-07-04,9136
2615,萬海,25,12,13,群益金鼎-西松,2023-07-04,9136
2382,廣達,51,38,13,群益金鼎-西松,2023-07-04,9136
1584,精剛,17,5,12,群益金鼎-西松,2023-07-04,9136
2030,彰源,12,0,12,群益金鼎-西松,2023-07-04,9136
00919,群益台灣精選高息,16,5,11,群益金鼎-西松,2023-07-04,9136
6285,啟��,11,1,10,群益金鼎-西松,2023-07-04,9136
2368,金像電,24,14,10,群益金鼎-西松,2023-07-04,9136
6112,邁達特,16,6,10,群益金鼎-西松,2023-07-04,9136
00673R,期元大S＆P原油反1,10,0,10,群益金鼎-西松,2023-07-04,9136
00632R,元大台灣50反1,10,0,10,群益金鼎-西松,2023-07-04,9136
1611,中電,13,3,10,群益金鼎-西松,2023-07-04,9136
2439,美律,10,0,10,群益金鼎-西松,2023-07-04,9136
3308,聯德,13,3,10,群益金鼎-西松,2023-07-04,9136
5299,杰力,10,0,10,群益金鼎-西松,2023-07-04,9136
6442,光聖,10,0,10,群益金鼎-西松,2023-07-04,9136
5388,中磊,13,3,10,群益金鼎-西松,2023-07-04,9136
2356,英業達,34,25,9,群益金鼎-西松,2023-07-04,9136
4543,萬在,9,0,9,群益金鼎-西松,2023-07-04,9136
9945,潤泰新,9,0,9,群益金鼎-西松,2023-07-04,9136
4532,瑞智,124,0,124,群益金鼎-西松,2023-07-05,9136
6282,康舒,177,72,105,群益金鼎-西松,2023-07-05,9136
2705,六福,62,0,62,群益金鼎-西松,2023-07-05,9136
00929,復華台灣科技優息,50,0,50,群益金鼎-西松,2023-07-05,9136
00665L,富邦�琤肭磪囓�2,50,0,50,群益金鼎-西松,2023-07-05,9136
2451,創見,40,0,40,群益金鼎-西松,2023-07-05,9136
2317,鴻海,58,18,40,群益金鼎-西松,2023-07-05,9136
2301,光寶科,30,1,29,群益金鼎-西松,2023-07-05,9136
6125,廣運,30,4,26,群益金鼎-西松,2023-07-05,9136
3564,其陽,24,0,24,群益金鼎-西松,2023-07-05,9136
1605,華新,45,24,21,群益金鼎-西松,2023-07-05,9136
2614,東森,21,0,21,群益金鼎-西松,2023-07-05,9136
3025,星通,27,6,21,群益金鼎-西松,2023-07-05,9136
00673R,期元大S＆P原油反1,20,0,20,群益金鼎-西松,2023-07-05,9136
2545,皇翔,20,0,20,群益金鼎-西松,2023-07-05,9136
2801,彰銀,34,14,20,群益金鼎-西松,2023-07-05,9136
2344,華邦電,19,0,19,群益金鼎-西松,2023-07-05,9136
6285,啟��,34,17,17,群益金鼎-西松,2023-07-05,9136
2427,三商電,26,9,17,群益金鼎-西松,2023-07-05,9136
4938,和碩,16,0,16,群益金鼎-西松,2023-07-05,9136
00637L,元大滬深300正2,25,10,15,群益金鼎-西松,2023-07-05,9136
00882,中信中國高股息,14,0,14,群益金鼎-西松,2023-07-05,9136
2883,凱基金,17,3,14,群益金鼎-西松,2023-07-05,9136
3689,湧德,14,0,14,群益金鼎-西松,2023-07-05,9136
4572,駐龍,14,0,14,群益金鼎-西松,2023-07-05,9136
00679B,元大美債20年,13,0,13,群益金鼎-西松,2023-07-05,9136
1326,台化,13,0,13,群益金鼎-西松,2023-07-05,9136
1611,中電,28,15,13,群益金鼎-西松,2023-07-05,9136
1708,東鹼,13,0,13,群益金鼎-西松,2023-07-05,9136
2356,英業達,23,10,13,群益金鼎-西松,2023-07-05,9136
3231,緯創,111,98,13,群益金鼎-西松,2023-07-05,9136
2504,國產,12,0,12,群益金鼎-西松,2023-07-05,9136
3207,耀勝,12,0,12,群益金鼎-西松,2023-07-05,9136
5871,中租-KY,13,1,12,群益金鼎-西松,2023-07-05,9136
4157,太景*-KY,11,0,11,群益金鼎-西松,2023-07-05,9136
1522,堤維西,14,3,11,群益金鼎-西松,2023-07-05,9136
3005,神基,12,1,11,群益金鼎-西松,2023-07-05,9136
3712,永崴投控,11,0,11,群益金鼎-西松,2023-07-05,9136
4123,晟德,11,0,11,群益金鼎-西松,2023-07-05,9136
3037,欣興,11,0,11,群益金鼎-西松,2023-07-05,9136
2208,台船,10,0,10,群益金鼎-西松,2023-07-05,9136
6438,迅得,12,2,10,群益金鼎-西松,2023-07-05,9136
00632R,元大台灣50反1,30,20,10,群益金鼎-西松,2023-07-05,9136
2367,燿華,15,5,10,群益金鼎-西松,2023-07-05,9136
2405,輔信,10,0,10,群益金鼎-西松,2023-07-05,9136
2488,漢平,10,0,10,群益金鼎-西松,2023-07-05,9136
4130,健亞,10,0,10,群益金鼎-西松,2023-07-05,9136
6176,瑞儀,10,0,10,群益金鼎-西松,2023-07-05,9136
8085,福華,10,0,10,群益金鼎-西松,2023-07-05,9136
2606,裕民,11,2,9,群益金鼎-西松,2023-07-05,9136
3324,雙鴻,88,0,88,群益金鼎-西松,2023-07-06,9136
8210,勤誠,75,0,75,群益金鼎-西松,2023-07-06,9136
00929,復華台灣科技優息,80,10,70,群益金鼎-西松,2023-07-06,9136
00687B,國泰20年美債,64,0,64,群益金鼎-西松,2023-07-06,9136
3231,緯創,205,144,61,群益金鼎-西松,2023-07-06,9136
3587,閎康,59,3,56,群益金鼎-西松,2023-07-06,9136
2801,彰銀,56,2,54,群益金鼎-西松,2023-07-06,9136
2002,中鋼,52,0,52,群益金鼎-西松,2023-07-06,9136
2618,長榮航,104,61,43,群益金鼎-西松,2023-07-06,9136
2317,鴻海,64,21,43,群益金鼎-西松,2023-07-06,9136
4938,和碩,42,0,42,群益金鼎-西松,2023-07-06,9136
4903,聯光通,38,0,38,群益金鼎-西松,2023-07-06,9136
2888,新光金,35,0,35,群益金鼎-西松,2023-07-06,9136
6443,元晶,31,0,31,群益金鼎-西松,2023-07-06,9136
6182,合晶,37,7,30,群益金鼎-西松,2023-07-06,9136
2330,台積電,30,1,29,群益金鼎-西松,2023-07-06,9136
3037,欣興,29,0,29,群益金鼎-西松,2023-07-06,9136
4119,旭富,26,0,26,群益金鼎-西松,2023-07-06,9136
2359,所羅門,26,1,25,群益金鼎-西松,2023-07-06,9136
00637L,元大滬深300正2,50,25,25,群益金鼎-西松,2023-07-06,9136
3707,漢磊,30,5,25,群益金鼎-西松,2023-07-06,9136
00878,國泰永續高股息,31,7,24,群益金鼎-西松,2023-07-06,9136
3481,群創,34,10,24,群益金鼎-西松,2023-07-06,9136
4755,三福化,23,0,23,群益金鼎-西松,2023-07-06,9136
6142,友勁,22,0,22,群益金鼎-西松,2023-07-06,9136
1471,首利,28,7,21,群益金鼎-西松,2023-07-06,9136
6217,中探針,21,0,21,群益金鼎-西松,2023-07-06,9136
8255,朋程,20,0,20,群益金鼎-西松,2023-07-06,9136
2323,中環,20,1,19,群益金鼎-西松,2023-07-06,9136
2337,旺宏,19,0,19,群益金鼎-西松,2023-07-06,9136
6282,康舒,80,62,18,群益金鼎-西松,2023-07-06,9136
2303,聯電,19,1,18,群益金鼎-西松,2023-07-06,9136
3706,神達,25,8,17,群益金鼎-西松,2023-07-06,9136
9945,潤泰新,21,4,17,群益金鼎-西松,2023-07-06,9136
2882,國泰金,17,1,16,群益金鼎-西松,2023-07-06,9136
2371,大同,17,1,16,群益金鼎-西松,2023-07-06,9136
2883,凱基金,16,0,16,群益金鼎-西松,2023-07-06,9136
00673R,期元大S＆P原油反1,15,0,15,群益金鼎-西松,2023-07-06,9136
00923,群益台ESG低碳50,15,0,15,群益金鼎-西松,2023-07-06,9136
1718,中纖,15,0,15,群益金鼎-西松,2023-07-06,9136
1802,台玻,17,2,15,群益金鼎-西松,2023-07-06,9136
2312,金寶,16,1,15,群益金鼎-西松,2023-07-06,9136
2313,華通,17,2,15,群益金鼎-西松,2023-07-06,9136
8936,國統,15,0,15,群益金鼎-西松,2023-07-06,9136
2328,廣宇,13,0,13,群益金鼎-西松,2023-07-06,9136
2356,英業達,20,7,13,群益金鼎-西松,2023-07-06,9136
3260,威剛,15,2,13,群益金鼎-西松,2023-07-06,9136
5309,系統電,13,0,13,群益金鼎-西松,2023-07-06,9136
00919,群益台灣精選高息,14,2,12,群益金鼎-西松,2023-07-06,9136
5512,力麒,12,0,12,群益金鼎-西松,2023-07-06,9136
3060,銘異,95,4,91,群益金鼎-西松,2023-07-07,9136
8085,福華,86,0,86,群益金鼎-西松,2023-07-07,9136
6829,千附精密,65,0,65,群益金鼎-西松,2023-07-07,9136
3032,偉訓,60,2,58,群益金鼎-西松,2023-07-07,9136
00720B,元大投資級公司債,57,0,57,群益金鼎-西松,2023-07-07,9136
8403,盛弘,50,0,50,群益金鼎-西松,2023-07-07,9136
00679B,元大美債20年,46,0,46,群益金鼎-西松,2023-07-07,9136
2022,聚亨,42,0,42,群益金鼎-西松,2023-07-07,9136
8105,凌巨,37,0,37,群益金鼎-西松,2023-07-07,9136
00688L,國泰20年美債正2,30,0,30,群益金鼎-西松,2023-07-07,9136
2344,華邦電,32,6,26,群益金鼎-西松,2023-07-07,9136
00772B,中信高評級公司債,25,0,25,群益金鼎-西松,2023-07-07,9136
6182,合晶,30,6,24,群益金鼎-西松,2023-07-07,9136
3564,其陽,24,1,23,群益金鼎-西松,2023-07-07,9136
6217,中探針,23,0,23,群益金鼎-西松,2023-07-07,9136
2409,友達,27,5,22,群益金鼎-西松,2023-07-07,9136
1218,泰山,22,0,22,群益金鼎-西松,2023-07-07,9136
2888,新光金,24,2,22,群益金鼎-西松,2023-07-07,9136
2515,中工,20,0,20,群益金鼎-西松,2023-07-07,9136
6205,詮欣,20,0,20,群益金鼎-西松,2023-07-07,9136
3707,漢磊,19,0,19,群益金鼎-西松,2023-07-07,9136
1432,大魯閣,18,0,18,群益金鼎-西松,2023-07-07,9136
3025,星通,39,21,18,群益金鼎-西松,2023-07-07,9136
5347,世界,17,0,17,群益金鼎-西松,2023-07-07,9136
2634,漢翔,21,4,17,群益金鼎-西松,2023-07-07,9136
6125,廣運,19,2,17,群益金鼎-西松,2023-07-07,9136
00680L,元大美債20正2,15,0,15,群益金鼎-西松,2023-07-07,9136
1626,艾美特-KY,17,2,15,群益金鼎-西松,2023-07-07,9136
2063,世鎧,15,0,15,群益金鼎-西松,2023-07-07,9136
8092,建暐,15,0,15,群益金鼎-西松,2023-07-07,9136
6443,元晶,20,6,14,群益金鼎-西松,2023-07-07,9136
3093,港建*,14,0,14,群益金鼎-西松,2023-07-07,9136
3380,明泰,17,3,14,群益金鼎-西松,2023-07-07,9136
5309,系統電,21,7,14,群益金鼎-西松,2023-07-07,9136
6244,茂迪,17,3,14,群益金鼎-西松,2023-07-07,9136
8050,廣積,15,1,14,群益金鼎-西松,2023-07-07,9136
2388,威盛,27,14,13,群益金鼎-西松,2023-07-07,9136
2301,光寶科,50,38,12,群益金鼎-西松,2023-07-07,9136
2356,英業達,18,6,12,群益金鼎-西松,2023-07-07,9136
4566,時碩工業,15,3,12,群益金鼎-西松,2023-07-07,9136
6156,松上,13,1,12,群益金鼎-西松,2023-07-07,9136
6426,統新,12,0,12,群益金鼎-西松,2023-07-07,9136
1460,宏遠,11,0,11,群益金鼎-西松,2023-07-07,9136
2367,燿華,11,0,11,群益金鼎-西松,2023-07-07,9136
2408,南亞科,14,3,11,群益金鼎-西松,2023-07-07,9136
6770,力積電,12,1,11,群益金鼎-西松,2023-07-07,9136
3558,神準,11,1,10,群益金鼎-西松,2023-07-07,9136
00753L,中信中國50正2,10,0,10,群益金鼎-西松,2023-07-07,9136
1513,中興電,17,7,10,群益金鼎-西松,2023-07-07,9136
2836,高雄銀,10,0,10,群益金鼎-西松,2023-07-07,9136
2356,英業達,154,1,153,群益金鼎-西松,2023-07-10,9136
0056,元大高股息,79,1,78,群益金鼎-西松,2023-07-10,9136
1785,光洋科,58,1,57,群益金鼎-西松,2023-07-10,9136
00679B,元大美債20年,49,0,49,群益金鼎-西松,2023-07-10,9136
4960,誠美材,48,0,48,群益金鼎-西松,2023-07-10,9136
00673R,期元大S＆P原油反1,46,0,46,群益金鼎-西松,2023-07-10,9136
6217,中探針,40,0,40,群益金鼎-西松,2023-07-10,9136
9958,世紀鋼,46,6,40,群益金鼎-西松,2023-07-10,9136
00929,復華台灣科技優息,37,0,37,群益金鼎-西松,2023-07-10,9136
2376,技嘉,35,4,31,群益金鼎-西松,2023-07-10,9136
3707,漢磊,46,17,29,群益金鼎-西松,2023-07-10,9136
3664,安瑞-KY,27,0,27,群益金鼎-西松,2023-07-10,9136
2610,華航,24,1,23,群益金鼎-西松,2023-07-10,9136
2615,萬海,22,1,21,群益金鼎-西松,2023-07-10,9136
1802,台玻,21,0,21,群益金鼎-西松,2023-07-10,9136
2313,華通,24,3,21,群益金鼎-西松,2023-07-10,9136
3576,聯合再生,21,0,21,群益金鼎-西松,2023-07-10,9136
3362,先進光,27,7,20,群益金鼎-西松,2023-07-10,9136
2801,彰銀,20,0,20,群益金鼎-西松,2023-07-10,9136
1504,東元,22,3,19,群益金鼎-西松,2023-07-10,9136
6139,亞翔,20,2,18,群益金鼎-西松,2023-07-10,9136
6208,日揚,15,0,15,群益金鼎-西松,2023-07-10,9136
6770,力積電,15,0,15,群益金鼎-西松,2023-07-10,9136
00927,群益半導體收益,14,0,14,群益金鼎-西松,2023-07-10,9136
2603,長榮,16,2,14,群益金鼎-西松,2023-07-10,9136
5347,世界,12,0,12,群益金鼎-西松,2023-07-10,9136
00882,中信中國高股息,12,0,12,群益金鼎-西松,2023-07-10,9136
3321,同泰,11,0,11,群益金鼎-西松,2023-07-10,9136
3711,日月光投控,11,0,11,群益金鼎-西松,2023-07-10,9136
3042,晶技,10,0,10,群益金鼎-西松,2023-07-10,9136
00637L,元大滬深300正2,34,24,10,群益金鼎-西松,2023-07-10,9136
1503,士電,14,4,10,群益金鼎-西松,2023-07-10,9136
1522,堤維西,10,0,10,群益金鼎-西松,2023-07-10,9136
2031,新光鋼,10,0,10,群益金鼎-西松,2023-07-10,9136
3038,全台,12,2,10,群益金鼎-西松,2023-07-10,9136
3305,昇貿,14,4,10,群益金鼎-西松,2023-07-10,9136
3701,大眾控,10,0,10,群益金鼎-西松,2023-07-10,9136
6140,訊達,10,0,10,群益金鼎-西松,2023-07-10,9136
6690,安�硌穈T,12,2,10,群益金鼎-西松,2023-07-10,9136
1609,大亞,13,4,9,群益金鼎-西松,2023-07-10,9136
00720B,元大投資級公司債,9,0,9,群益金鼎-西松,2023-07-10,9136
2880,華南金,9,0,9,群益金鼎-西松,2023-07-10,9136
8131,福懋科,9,0,9,群益金鼎-西松,2023-07-10,9136
8163,達方,9,0,9,群益金鼎-西松,2023-07-10,9136
00773B,中信優先金融債,8,0,8,群益金鼎-西松,2023-07-10,9136
2312,金寶,8,0,8,群益金鼎-西松,2023-07-10,9136
2367,燿華,8,0,8,群益金鼎-西松,2023-07-10,9136
2809,京城銀,8,0,8,群益金鼎-西松,2023-07-10,9136
3018,隆銘綠能,8,0,8,群益金鼎-西松,2023-07-10,9136
4532,瑞智,25,17,8,群益金鼎-西松,2023-07-10,9136
0056,元大高股息,144,7,137,群益金鼎-西松,2023-07-11,9136
6282,康舒,118,9,109,群益金鼎-西松,2023-07-11,9136
3707,漢磊,106,3,103,群益金鼎-西松,2023-07-11,9136
00632R,元大台灣50反1,90,0,90,群益金鼎-西松,2023-07-11,9136
5410,國眾,70,0,70,群益金鼎-西松,2023-07-11,9136
2498,宏達電,50,1,49,群益金鼎-西松,2023-07-11,9136
3024,憶聲,50,1,49,群益金鼎-西松,2023-07-11,9136
4566,時碩工業,48,1,47,群益金鼎-西松,2023-07-11,9136
8085,福華,43,0,43,群益金鼎-西松,2023-07-11,9136
00751B,元大AAA至A公司債,39,0,39,群益金鼎-西松,2023-07-11,9136
2444,兆勁,37,0,37,群益金鼎-西松,2023-07-11,9136
2301,光寶科,49,16,33,群益金鼎-西松,2023-07-11,9136
4526,東台,23,0,23,群益金鼎-西松,2023-07-11,9136
2382,廣達,68,46,22,群益金鼎-西松,2023-07-11,9136
2323,中環,28,8,20,群益金鼎-西松,2023-07-11,9136
3032,偉訓,31,11,20,群益金鼎-西松,2023-07-11,9136
5284,jpp-KY,20,0,20,群益金鼎-西松,2023-07-11,9136
6101,寬魚國際,20,0,20,群益金鼎-西松,2023-07-11,9136
6182,合晶,23,3,20,群益金鼎-西松,2023-07-11,9136
2340,台亞,66,47,19,群益金鼎-西松,2023-07-11,9136
6257,矽格,20,1,19,群益金鼎-西松,2023-07-11,9136
8403,盛弘,20,1,19,群益金鼎-西松,2023-07-11,9136
2368,金像電,32,14,18,群益金鼎-西松,2023-07-11,9136
00885,富邦越南,27,10,17,群益金鼎-西松,2023-07-11,9136
1604,聲寶,16,0,16,群益金鼎-西松,2023-07-11,9136
2308,台達電,16,0,16,群益金鼎-西松,2023-07-11,9136
4927,泰鼎-KY,17,1,16,群益金鼎-西松,2023-07-11,9136
3665,貿聯-KY,15,0,15,群益金鼎-西松,2023-07-11,9136
00679B,元大美債20年,13,0,13,群益金鼎-西松,2023-07-11,9136
8112,至上,13,0,13,群益金鼎-西松,2023-07-11,9136
3005,神基,15,3,12,群益金鼎-西松,2023-07-11,9136
4527,方土霖,12,0,12,群益金鼎-西松,2023-07-11,9136
8261,富鼎,12,0,12,群益金鼎-西松,2023-07-11,9136
3356,奇偶,11,0,11,群益金鼎-西松,2023-07-11,9136
5876,上海商銀,11,0,11,群益金鼎-西松,2023-07-11,9136
1301,台塑,14,4,10,群益金鼎-西松,2023-07-11,9136
00680L,元大美債20正2,10,0,10,群益金鼎-西松,2023-07-11,9136
2436,偉詮電,15,5,10,群益金鼎-西松,2023-07-11,9136
2472,立隆電,10,0,10,群益金鼎-西松,2023-07-11,9136
5351,鈺創,10,0,10,群益金鼎-西松,2023-07-11,9136
6140,訊達,10,0,10,群益金鼎-西松,2023-07-11,9136
8059,凱碩,10,0,10,群益金鼎-西松,2023-07-11,9136
8210,勤誠,10,0,10,群益金鼎-西松,2023-07-11,9136
2201,裕隆,10,1,9,群益金鼎-西松,2023-07-11,9136
4746,台耀,9,0,9,群益金鼎-西松,2023-07-11,9136
6223,旺矽,10,1,9,群益金鼎-西松,2023-07-11,9136
1762,中化生,8,0,8,群益金鼎-西松,2023-07-11,9136
1513,中興電,10,2,8,群益金鼎-西松,2023-07-11,9136
2312,金寶,17,9,8,群益金鼎-西松,2023-07-11,9136
3016,嘉晶,10,2,8,群益金鼎-西松,2023-07-11,9136
2356,英業達,266,45,221,群益金鼎-西松,2023-07-12,9136
2377,微星,65,0,65,群益金鼎-西松,2023-07-12,9136
3037,欣興,58,8,50,群益金鼎-西松,2023-07-12,9136
2211,長榮鋼,50,2,48,群益金鼎-西松,2023-07-12,9136
3231,緯創,123,81,42,群益金鼎-西松,2023-07-12,9136
2301,光寶科,104,62,42,群益金鼎-西松,2023-07-12,9136
2303,聯電,48,11,37,群益金鼎-西松,2023-07-12,9136
3306,鼎天,35,0,35,群益金鼎-西松,2023-07-12,9136
2376,技嘉,71,38,33,群益金鼎-西松,2023-07-12,9136
8092,建暐,38,5,33,群益金鼎-西松,2023-07-12,9136
00673R,期元大S＆P原油反1,28,0,28,群益金鼎-西松,2023-07-12,9136
2515,中工,27,1,26,群益金鼎-西松,2023-07-12,9136
5425,台半,25,2,23,群益金鼎-西松,2023-07-12,9136
3481,群創,70,48,22,群益金鼎-西松,2023-07-12,9136
00679B,元大美債20年,21,0,21,群益金鼎-西松,2023-07-12,9136
6187,萬潤,22,2,20,群益金鼎-西松,2023-07-12,9136
8403,盛弘,20,0,20,群益金鼎-西松,2023-07-12,9136
6182,合晶,24,5,19,群益金鼎-西松,2023-07-12,9136
00927,群益半導體收益,17,0,17,群益金鼎-西松,2023-07-12,9136
3483,力致,69,52,17,群益金鼎-西松,2023-07-12,9136
4968,立積,17,0,17,群益金鼎-西松,2023-07-12,9136
6140,訊達,17,0,17,群益金鼎-西松,2023-07-12,9136
3092,鴻碩,16,0,16,群益金鼎-西松,2023-07-12,9136
2359,所羅門,15,0,15,群益金鼎-西松,2023-07-12,9136
2409,友達,19,4,15,群益金鼎-西松,2023-07-12,9136
5258,虹堡,43,28,15,群益金鼎-西松,2023-07-12,9136
3322,建舜電,14,0,14,群益金鼎-西松,2023-07-12,9136
2331,精英,13,0,13,群益金鼎-西松,2023-07-12,9136
5483,中美晶,18,5,13,群益金鼎-西松,2023-07-12,9136
9945,潤泰新,12,0,12,群益金鼎-西松,2023-07-12,9136
2609,陽明,31,20,11,群益金鼎-西松,2023-07-12,9136
2883,凱基金,11,0,11,群益金鼎-西松,2023-07-12,9136
2603,長榮,20,10,10,群益金鼎-西松,2023-07-12,9136
4157,太景*-KY,22,12,10,群益金鼎-西松,2023-07-12,9136
00772B,中信高評級公司債,10,0,10,群益金鼎-西松,2023-07-12,9136
00877,復華中國5G,20,10,10,群益金鼎-西松,2023-07-12,9136
1529,樂事綠能,11,1,10,群益金鼎-西松,2023-07-12,9136
2017,官田鋼,10,0,10,群益金鼎-西松,2023-07-12,9136
2889,國票金,10,0,10,群益金鼎-西松,2023-07-12,9136
3025,星通,31,21,10,群益金鼎-西松,2023-07-12,9136
3289,宜特,20,10,10,群益金鼎-西松,2023-07-12,9136
4402,郡都開發,10,0,10,群益金鼎-西松,2023-07-12,9136
4538,大詠城,10,0,10,群益金鼎-西松,2023-07-12,9136
6150,撼訊,10,0,10,群益金鼎-西松,2023-07-12,9136
6266,泰詠,10,0,10,群益金鼎-西松,2023-07-12,9136
8069,元太,13,3,10,群益金鼎-西松,2023-07-12,9136
8210,勤誠,31,21,10,群益金鼎-西松,2023-07-12,9136
3189,景碩,9,0,9,群益金鼎-西松,2023-07-12,9136
4303,信立,9,0,9,群益金鼎-西松,2023-07-12,9136
8201,無敵,9,0,9,群益金鼎-西松,2023-07-12,9136
2618,長榮航,318,36,282,群益金鼎-西松,2023-07-13,9136
2324,仁寶,178,12,166,群益金鼎-西松,2023-07-13,9136
2409,友達,148,0,148,群益金鼎-西松,2023-07-13,9136
2610,華航,145,49,96,群益金鼎-西松,2023-07-13,9136
3704,合勤控,206,112,94,群益金鼎-西松,2023-07-13,9136
00632R,元大台灣50反1,131,55,76,群益金鼎-西松,2023-07-13,9136
2211,長榮鋼,51,0,51,群益金鼎-西松,2023-07-13,9136
8201,無敵,35,0,35,群益金鼎-西松,2023-07-13,9136
6182,合晶,35,0,35,群益金鼎-西松,2023-07-13,9136
2368,金像電,47,17,30,群益金鼎-西松,2023-07-13,9136
6274,台燿,33,5,28,群益金鼎-西松,2023-07-13,9136
5483,中美晶,32,5,27,群益金鼎-西松,2023-07-13,9136
6841,長佳智能,25,0,25,群益金鼎-西松,2023-07-13,9136
2421,建準,39,16,23,群益金鼎-西松,2023-07-13,9136
2881,富邦金,23,1,22,群益金鼎-西松,2023-07-13,9136
2745,五福,21,0,21,群益金鼎-西松,2023-07-13,9136
3588,通嘉,20,0,20,群益金鼎-西松,2023-07-13,9136
2353,宏��,26,7,19,群益金鼎-西松,2023-07-13,9136
1609,大亞,19,2,17,群益金鼎-西松,2023-07-13,9136
2707,晶華,20,3,17,群益金鼎-西松,2023-07-13,9136
6470,宇智,25,9,16,群益金鼎-西松,2023-07-13,9136
6285,啟��,18,3,15,群益金鼎-西松,2023-07-13,9136
8096,擎亞,15,0,15,群益金鼎-西松,2023-07-13,9136
00900,富邦特選高股息30,20,6,14,群益金鼎-西松,2023-07-13,9136
3078,僑威,21,9,12,群益金鼎-西松,2023-07-13,9136
6111,大宇資,17,5,12,群益金鼎-西松,2023-07-13,9136
00930,永豐ESG低碳高息,10,0,10,群益金鼎-西松,2023-07-13,9136
1808,潤隆,10,0,10,群益金鼎-西松,2023-07-13,9136
1809,中釉,10,0,10,群益金鼎-西松,2023-07-13,9136
4113,聯上,10,0,10,群益金鼎-西松,2023-07-13,9136
2354,鴻準,20,10,10,群益金鼎-西松,2023-07-13,9136
00772B,中信高評級公司債,9,0,9,群益金鼎-西松,2023-07-13,9136
00929,復華台灣科技優息,9,0,9,群益金鼎-西松,2023-07-13,9136
2497,怡利電,9,0,9,群益金鼎-西松,2023-07-13,9136
2891,中信金,10,1,9,群益金鼎-西松,2023-07-13,9136
3406,玉晶光,13,4,9,群益金鼎-西松,2023-07-13,9136
4533,協易機,17,8,9,群益金鼎-西松,2023-07-13,9136
00891,中信關鍵半導體,8,0,8,群益金鼎-西松,2023-07-13,9136
3596,智易,12,4,8,群益金鼎-西松,2023-07-13,9136
6550,北極星藥業-KY,8,0,8,群益金鼎-西松,2023-07-13,9136
6591,動力-KY,8,0,8,群益金鼎-西松,2023-07-13,9136
8255,朋程,15,7,8,群益金鼎-西松,2023-07-13,9136
00927,群益半導體收益,7,0,7,群益金鼎-西松,2023-07-13,9136
1101,台泥,10,3,7,群益金鼎-西松,2023-07-13,9136
2359,所羅門,20,13,7,群益金鼎-西松,2023-07-13,9136
3711,日月光投控,8,1,7,群益金鼎-西松,2023-07-13,9136
5864,致和證,7,0,7,群益金鼎-西松,2023-07-13,9136
00703,台新MSCI中國,6,0,6,群益金鼎-西松,2023-07-13,9136
1604,聲寶,6,0,6,群益金鼎-西松,2023-07-13,9136
2415,錩新,6,0,6,群益金鼎-西松,2023-07-13,9136
2356,英業達,342,51,291,群益金鼎-西松,2023-07-14,9136
2371,大同,230,6,224,群益金鼎-西松,2023-07-14,9136
3483,力致,171,1,170,群益金鼎-西松,2023-07-14,9136
2610,華航,179,46,133,群益金鼎-西松,2023-07-14,9136
2382,廣達,127,61,66,群益金鼎-西松,2023-07-14,9136
3362,先進光,61,4,57,群益金鼎-西松,2023-07-14,9136
6185,幃翔,51,0,51,群益金鼎-西松,2023-07-14,9136
00900,富邦特選高股息30,56,6,50,群益金鼎-西松,2023-07-14,9136
00665L,富邦�琤肭磪囓�2,50,0,50,群益金鼎-西松,2023-07-14,9136
3231,緯創,99,51,48,群益金鼎-西松,2023-07-14,9136
1503,士電,56,10,46,群益金鼎-西松,2023-07-14,9136
6285,啟��,43,3,40,群益金鼎-西松,2023-07-14,9136
8059,凱碩,39,0,39,群益金鼎-西松,2023-07-14,9136
9921,巨大,39,0,39,群益金鼎-西松,2023-07-14,9136
2376,技嘉,40,4,36,群益金鼎-西松,2023-07-14,9136
00878,國泰永續高股息,48,16,32,群益金鼎-西松,2023-07-14,9136
6257,矽格,30,2,28,群益金鼎-西松,2023-07-14,9136
00706L,期元大S＆P日圓正2,25,0,25,群益金鼎-西松,2023-07-14,9136
00680L,元大美債20正2,24,0,24,群益金鼎-西松,2023-07-14,9136
8201,無敵,24,0,24,群益金鼎-西松,2023-07-14,9136
2603,長榮,25,2,23,群益金鼎-西松,2023-07-14,9136
3163,波若威,26,5,21,群益金鼎-西松,2023-07-14,9136
8358,金居,23,2,21,群益金鼎-西松,2023-07-14,9136
1471,首利,23,4,19,群益金鼎-西松,2023-07-14,9136
1560,中砂,30,12,18,群益金鼎-西松,2023-07-14,9136
2023,燁輝,20,2,18,群益金鼎-西松,2023-07-14,9136
8085,福華,18,0,18,群益金鼎-西松,2023-07-14,9136
2344,華邦電,23,7,16,群益金鼎-西松,2023-07-14,9136
2380,虹光,16,0,16,群益金鼎-西松,2023-07-14,9136
3356,奇偶,18,2,16,群益金鼎-西松,2023-07-14,9136
00929,復華台灣科技優息,14,0,14,群益金鼎-西松,2023-07-14,9136
3406,玉晶光,13,0,13,群益金鼎-西松,2023-07-14,9136
4188,安克,12,0,12,群益金鼎-西松,2023-07-14,9136
6532,瑞耘,12,0,12,群益金鼎-西松,2023-07-14,9136
8936,國統,19,7,12,群益金鼎-西松,2023-07-14,9136
00720B,元大投資級公司債,11,0,11,群益金鼎-西松,2023-07-14,9136
3363,上詮,29,18,11,群益金鼎-西松,2023-07-14,9136
3624,光頡,11,0,11,群益金鼎-西松,2023-07-14,9136
5864,致和證,11,0,11,群益金鼎-西松,2023-07-14,9136
3017,奇鋐,21,11,10,群益金鼎-西松,2023-07-14,9136
00637L,元大滬深300正2,10,0,10,群益金鼎-西松,2023-07-14,9136
00664R,國泰臺灣加權反1,10,0,10,群益金鼎-西松,2023-07-14,9136
00930,永豐ESG低碳高息,10,0,10,群益金鼎-西松,2023-07-14,9136
2465,麗臺,10,0,10,群益金鼎-西松,2023-07-14,9136
2615,萬海,10,0,10,群益金鼎-西松,2023-07-14,9136
2801,彰銀,10,0,10,群益金鼎-西松,2023-07-14,9136
4908,前鼎,11,1,10,群益金鼎-西松,2023-07-14,9136
6288,聯嘉,11,1,10,群益金鼎-西松,2023-07-14,9136
9105,泰金寶-DR,10,0,10,群益金鼎-西松,2023-07-14,9136
9955,佳龍,10,0,10,群益金鼎-西松,2023-07-14,9136
3481,群創,212,4,208,群益金鼎-西松,2023-07-17,9136
2419,仲琦,112,15,97,群益金鼎-西松,2023-07-17,9136
6185,幃翔,91,1,90,群益金鼎-西松,2023-07-17,9136
00929,復華台灣科技優息,79,1,78,群益金鼎-西松,2023-07-17,9136
2313,華通,162,85,77,群益金鼎-西松,2023-07-17,9136
2382,廣達,68,11,57,群益金鼎-西松,2023-07-17,9136
3363,上詮,51,4,47,群益金鼎-西松,2023-07-17,9136
3231,緯創,61,16,45,群益金鼎-西松,2023-07-17,9136
6188,廣明,48,5,43,群益金鼎-西松,2023-07-17,9136
2492,華新科,53,15,38,群益金鼎-西松,2023-07-17,9136
2359,所羅門,43,6,37,群益金鼎-西松,2023-07-17,9136
1432,大魯閣,33,0,33,群益金鼎-西松,2023-07-17,9136
1609,大亞,42,11,31,群益金鼎-西松,2023-07-17,9136
8933,愛地雅,31,1,30,群益金鼎-西松,2023-07-17,9136
00637L,元大滬深300正2,30,0,30,群益金鼎-西松,2023-07-17,9136
2609,陽明,33,3,30,群益金鼎-西松,2023-07-17,9136
2449,京元電子,36,7,29,群益金鼎-西松,2023-07-17,9136
00900,富邦特選高股息30,28,0,28,群益金鼎-西松,2023-07-17,9136
3645,達邁,30,2,28,群益金鼎-西松,2023-07-17,9136
8112,至上,31,5,26,群益金鼎-西松,2023-07-17,9136
2328,廣宇,34,9,25,群益金鼎-西松,2023-07-17,9136
1711,永光,31,6,25,群益金鼎-西松,2023-07-17,9136
4532,瑞智,27,2,25,群益金鼎-西松,2023-07-17,9136
8092,建暐,23,0,23,群益金鼎-西松,2023-07-17,9136
3515,華擎,29,7,22,群益金鼎-西松,2023-07-17,9136
2301,光寶科,45,24,21,群益金鼎-西松,2023-07-17,9136
00642U,期元大S＆P石油,25,5,20,群益金鼎-西松,2023-07-17,9136
3025,星通,16,0,16,群益金鼎-西松,2023-07-17,9136
2481,強茂,41,26,15,群益金鼎-西松,2023-07-17,9136
3380,明泰,27,12,15,群益金鼎-西松,2023-07-17,9136
3483,力致,17,2,15,群益金鼎-西松,2023-07-17,9136
1101,台泥,13,0,13,群益金鼎-西松,2023-07-17,9136
2486,一詮,13,0,13,群益金鼎-西松,2023-07-17,9136
3321,同泰,13,0,13,群益金鼎-西松,2023-07-17,9136
5483,中美晶,14,1,13,群益金鼎-西松,2023-07-17,9136
00679B,元大美債20年,12,0,12,群益金鼎-西松,2023-07-17,9136
2504,國產,12,0,12,群益金鼎-西松,2023-07-17,9136
8210,勤誠,30,18,12,群益金鼎-西松,2023-07-17,9136
6584,南俊國際,13,1,12,群益金鼎-西松,2023-07-17,9136
00878,國泰永續高股息,29,18,11,群益金鼎-西松,2023-07-17,9136
1504,東元,13,2,11,群益金鼎-西松,2023-07-17,9136
1618,合機,13,2,11,群益金鼎-西松,2023-07-17,9136
2441,超豐,11,0,11,群益金鼎-西松,2023-07-17,9136
2605,新興,11,0,11,群益金鼎-西松,2023-07-17,9136
4903,聯光通,11,0,11,群益金鼎-西松,2023-07-17,9136
2615,萬海,10,0,10,群益金鼎-西松,2023-07-17,9136
00930,永豐ESG低碳高息,10,0,10,群益金鼎-西松,2023-07-17,9136
2889,國票金,10,0,10,群益金鼎-西松,2023-07-17,9136
3232,昱捷,10,0,10,群益金鼎-西松,2023-07-17,9136
1210,大成,10,0,10,群益金鼎-西松,2023-07-17,9136
4938,和碩,235,49,186,群益金鼎-西松,2023-07-18,9136
00720B,元大投資級公司債,112,0,112,群益金鼎-西松,2023-07-18,9136
2890,永豐金,100,0,100,群益金鼎-西松,2023-07-18,9136
00929,復華台灣科技優息,89,0,89,群益金鼎-西松,2023-07-18,9136
2324,仁寶,153,76,77,群益金鼎-西松,2023-07-18,9136
2888,新光金,69,8,61,群益金鼎-西松,2023-07-18,9136
2312,金寶,143,91,52,群益金鼎-西松,2023-07-18,9136
00882,中信中國高股息,50,0,50,群益金鼎-西松,2023-07-18,9136
2515,中工,50,0,50,群益金鼎-西松,2023-07-18,9136
8050,廣積,48,9,39,群益金鼎-西松,2023-07-18,9136
6282,康舒,76,41,35,群益金鼎-西松,2023-07-18,9136
2609,陽明,53,19,34,群益金鼎-西松,2023-07-18,9136
3481,群創,35,3,32,群益金鼎-西松,2023-07-18,9136
3515,華擎,61,32,29,群益金鼎-西松,2023-07-18,9136
3231,緯創,70,43,27,群益金鼎-西松,2023-07-18,9136
2412,中華電,24,0,24,群益金鼎-西松,2023-07-18,9136
6285,啟��,56,33,23,群益金鼎-西松,2023-07-18,9136
6188,廣明,60,38,22,群益金鼎-西松,2023-07-18,9136
2883,凱基金,23,2,21,群益金鼎-西松,2023-07-18,9136
00722B,群益投資級電信債,20,0,20,群益金鼎-西松,2023-07-18,9136
3706,神達,86,66,20,群益金鼎-西松,2023-07-18,9136
2376,技嘉,47,28,19,群益金鼎-西松,2023-07-18,9136
8109,博大,19,0,19,群益金鼎-西松,2023-07-18,9136
4908,前鼎,20,2,18,群益金鼎-西松,2023-07-18,9136
6143,振曜,22,4,18,群益金鼎-西松,2023-07-18,9136
6116,彩晶,24,6,18,群益金鼎-西松,2023-07-18,9136
2301,光寶科,58,41,17,群益金鼎-西松,2023-07-18,9136
2328,廣宇,44,28,16,群益金鼎-西松,2023-07-18,9136
1711,永光,17,1,16,群益金鼎-西松,2023-07-18,9136
8936,國統,16,0,16,群益金鼎-西松,2023-07-18,9136
00637L,元大滬深300正2,25,10,15,群益金鼎-西松,2023-07-18,9136
3346,麗清,16,1,15,群益金鼎-西松,2023-07-18,9136
8059,凱碩,15,0,15,群益金鼎-西松,2023-07-18,9136
00712,復華富時不動產,13,0,13,群益金鼎-西松,2023-07-18,9136
2352,佳世達,52,39,13,群益金鼎-西松,2023-07-18,9136
3078,僑威,40,27,13,群益金鼎-西松,2023-07-18,9136
6257,矽格,14,1,13,群益金鼎-西松,2023-07-18,9136
2374,佳能,13,1,12,群益金鼎-西松,2023-07-18,9136
2497,怡利電,13,1,12,群益金鼎-西松,2023-07-18,9136
2615,萬海,12,0,12,群益金鼎-西松,2023-07-18,9136
6218,豪勉,14,2,12,群益金鼎-西松,2023-07-18,9136
2382,廣達,34,22,12,群益金鼎-西松,2023-07-18,9136
1802,台玻,11,0,11,群益金鼎-西松,2023-07-18,9136
2542,興富發,11,0,11,群益金鼎-西松,2023-07-18,9136
3362,先進光,13,2,11,群益金鼎-西松,2023-07-18,9136
5321,美而快,11,0,11,群益金鼎-西松,2023-07-18,9136
6532,瑞耘,11,0,11,群益金鼎-西松,2023-07-18,9136
00930,永豐ESG低碳高息,10,0,10,群益金鼎-西松,2023-07-18,9136
1455,集盛,10,0,10,群益金鼎-西松,2023-07-18,9136
2362,藍天,10,0,10,群益金鼎-西松,2023-07-18,9136
2356,英業達,252,131,121,群益金鼎-西松,2023-07-19,9136
00878,國泰永續高股息,109,6,103,群益金鼎-西松,2023-07-19,9136
4977,眾達-KY,95,6,89,群益金鼎-西松,2023-07-19,9136
2316,楠梓電,93,17,76,群益金鼎-西松,2023-07-19,9136
2353,宏��,68,16,52,群益金鼎-西松,2023-07-19,9136
3013,晟銘電,52,5,47,群益金鼎-西松,2023-07-19,9136
00642U,期元大S＆P石油,40,0,40,群益金鼎-西松,2023-07-19,9136
2324,仁寶,85,47,38,群益金鼎-西松,2023-07-19,9136
6217,中探針,37,0,37,群益金鼎-西松,2023-07-19,9136
3661,世芯-KY,46,12,34,群益金鼎-西松,2023-07-19,9136
6185,幃翔,27,0,27,群益金鼎-西松,2023-07-19,9136
2412,中華電,25,0,25,群益金鼎-西松,2023-07-19,9136
00712,復華富時不動產,25,1,24,群益金鼎-西松,2023-07-19,9136
2312,金寶,46,22,24,群益金鼎-西松,2023-07-19,9136
1560,中砂,52,30,22,群益金鼎-西松,2023-07-19,9136
6129,普誠,22,0,22,群益金鼎-西松,2023-07-19,9136
0056,元大高股息,30,9,21,群益金鼎-西松,2023-07-19,9136
2609,陽明,37,16,21,群益金鼎-西松,2023-07-19,9136
3005,神基,21,0,21,群益金鼎-西松,2023-07-19,9136
3035,智原,30,10,20,群益金鼎-西松,2023-07-19,9136
8255,朋程,20,0,20,群益金鼎-西松,2023-07-19,9136
00919,群益台灣精選高息,23,5,18,群益金鼎-西松,2023-07-19,9136
3706,神達,252,234,18,群益金鼎-西松,2023-07-19,9136
2371,大同,17,2,15,群益金鼎-西松,2023-07-19,9136
3712,永崴投控,15,0,15,群益金鼎-西松,2023-07-19,9136
6282,康舒,19,4,15,群益金鼎-西松,2023-07-19,9136
2329,華泰,35,21,14,群益金鼎-西松,2023-07-19,9136
2482,連宇,15,1,14,群益金鼎-西松,2023-07-19,9136
4175,杏一,15,1,14,群益金鼎-西松,2023-07-19,9136
00882,中信中國高股息,27,14,13,群益金鼎-西松,2023-07-19,9136
2313,華通,29,16,13,群益金鼎-西松,2023-07-19,9136
2317,鴻海,23,10,13,群益金鼎-西松,2023-07-19,9136
2915,潤泰全,13,0,13,群益金鼎-西松,2023-07-19,9136
1609,大亞,16,4,12,群益金鼎-西松,2023-07-19,9136
2368,金像電,27,15,12,群益金鼎-西松,2023-07-19,9136
1736,喬山,12,0,12,群益金鼎-西松,2023-07-19,9136
2402,毅嘉,12,0,12,群益金鼎-西松,2023-07-19,9136
6235,華孚,19,8,11,群益金鼎-西松,2023-07-19,9136
00929,復華台灣科技優息,11,0,11,群益金鼎-西松,2023-07-19,9136
2377,微星,12,1,11,群益金鼎-西松,2023-07-19,9136
3036,文曄,11,0,11,群益金鼎-西松,2023-07-19,9136
3576,聯合再生,10,0,10,群益金鼎-西松,2023-07-19,9136
00877,復華中國5G,10,0,10,群益金鼎-西松,2023-07-19,9136
00930,永豐ESG低碳高息,10,0,10,群益金鼎-西松,2023-07-19,9136
1809,中釉,10,0,10,群益金鼎-西松,2023-07-19,9136
2331,精英,10,0,10,群益金鼎-西松,2023-07-19,9136
2415,錩新,10,0,10,群益金鼎-西松,2023-07-19,9136
2812,台中銀,10,0,10,群益金鼎-西松,2023-07-19,9136
2883,凱基金,10,0,10,群益金鼎-西松,2023-07-19,9136
3232,昱捷,10,0,10,群益金鼎-西松,2023-07-19,9136
6235,華孚,88,7,81,群益金鼎-西松,2023-07-20,9136
2303,聯電,89,21,68,群益金鼎-西松,2023-07-20,9136
2206,三陽工業,53,3,50,群益金鼎-西松,2023-07-20,9136
2801,彰銀,50,1,49,群益金鼎-西松,2023-07-20,9136
2382,廣達,84,39,45,群益金鼎-西松,2023-07-20,9136
2330,台積電,36,0,36,群益金鼎-西松,2023-07-20,9136
3231,緯創,46,15,31,群益金鼎-西松,2023-07-20,9136
3017,奇鋐,47,19,28,群益金鼎-西松,2023-07-20,9136
1903,士紙,26,0,26,群益金鼎-西松,2023-07-20,9136
00877,復華中國5G,22,0,22,群益金鼎-西松,2023-07-20,9136
00929,復華台灣科技優息,22,0,22,群益金鼎-西松,2023-07-20,9136
3289,宜特,122,101,21,群益金鼎-西松,2023-07-20,9136
4908,前鼎,22,3,19,群益金鼎-西松,2023-07-20,9136
3037,欣興,43,26,17,群益金鼎-西松,2023-07-20,9136
2344,華邦電,18,1,17,群益金鼎-西松,2023-07-20,9136
8021,尖點,17,0,17,群益金鼎-西松,2023-07-20,9136
4938,和碩,31,15,16,群益金鼎-西松,2023-07-20,9136
1529,樂事綠能,19,4,15,群益金鼎-西松,2023-07-20,9136
2312,金寶,20,5,15,群益金鼎-西松,2023-07-20,9136
3024,憶聲,20,5,15,群益金鼎-西松,2023-07-20,9136
1102,亞泥,13,0,13,群益金鼎-西松,2023-07-20,9136
2313,華通,16,3,13,群益金鼎-西松,2023-07-20,9136
1789,神隆,13,1,12,群益金鼎-西松,2023-07-20,9136
2376,技嘉,12,0,12,群益金鼎-西松,2023-07-20,9136
2405,輔信,18,6,12,群益金鼎-西松,2023-07-20,9136
2324,仁寶,17,6,11,群益金鼎-西松,2023-07-20,9136
3702,大聯大,11,0,11,群益金鼎-西松,2023-07-20,9136
6188,廣明,27,16,11,群益金鼎-西松,2023-07-20,9136
8227,巨有科技,11,0,11,群益金鼎-西松,2023-07-20,9136
2317,鴻海,14,4,10,群益金鼎-西松,2023-07-20,9136
3232,昱捷,10,0,10,群益金鼎-西松,2023-07-20,9136
4532,瑞智,10,0,10,群益金鼎-西松,2023-07-20,9136
6796,晉弘,10,0,10,群益金鼎-西松,2023-07-20,9136
9958,世紀鋼,10,0,10,群益金鼎-西松,2023-07-20,9136
3706,神達,23,13,10,群益金鼎-西松,2023-07-20,9136
2352,佳世達,14,5,9,群益金鼎-西松,2023-07-20,9136
2748,雲品,10,1,9,群益金鼎-西松,2023-07-20,9136
3305,昇貿,10,1,9,群益金鼎-西松,2023-07-20,9136
5452,佶優,7,0,7,群益金鼎-西松,2023-07-20,9136
6123,上奇,7,0,7,群益金鼎-西松,2023-07-20,9136
3324,雙鴻,8,2,6,群益金鼎-西松,2023-07-20,9136
3362,先進光,7,1,6,群益金鼎-西松,2023-07-20,9136
6143,振曜,6,0,6,群益金鼎-西松,2023-07-20,9136
6164,華興,6,0,6,群益金鼎-西松,2023-07-20,9136
6472,保瑞,6,0,6,群益金鼎-西松,2023-07-20,9136
00669R,國泰美國道瓊反1,5,0,5,群益金鼎-西松,2023-07-20,9136
00665L,富邦�琤肭磪囓�2,100,95,5,群益金鼎-西松,2023-07-20,9136
1711,永光,5,0,5,群益金鼎-西松,2023-07-20,9136
3057,喬鼎,5,0,5,群益金鼎-西松,2023-07-20,9136
3071,協禧,8,3,5,群益金鼎-西松,2023-07-20,9136
3013,晟銘電,271,49,222,群益金鼎-西松,2023-07-21,9136
3689,湧德,202,3,199,群益金鼎-西松,2023-07-21,9136
2801,彰銀,150,13,137,群益金鼎-西松,2023-07-21,9136
2890,永豐金,104,11,93,群益金鼎-西松,2023-07-21,9136
2330,台積電,112,24,88,群益金鼎-西松,2023-07-21,9136
3231,緯創,96,16,80,群益金鼎-西松,2023-07-21,9136
0056,元大高股息,71,2,69,群益金鼎-西松,2023-07-21,9136
2421,建準,84,30,54,群益金鼎-西松,2023-07-21,9136
00929,復華台灣科技優息,40,0,40,群益金鼎-西松,2023-07-21,9136
3035,智原,49,21,28,群益金鼎-西松,2023-07-21,9136
5009,榮剛,26,0,26,群益金鼎-西松,2023-07-21,9136
6499,益安,25,0,25,群益金鼎-西松,2023-07-21,9136
8442,威宏-KY,25,0,25,群益金鼎-西松,2023-07-21,9136
1605,華新,76,55,21,群益金鼎-西松,2023-07-21,9136
3481,群創,16,0,16,群益金鼎-西松,2023-07-21,9136
2881,富邦金,12,0,12,群益金鼎-西松,2023-07-21,9136
5425,台半,12,0,12,群益金鼎-西松,2023-07-21,9136
2337,旺宏,11,0,11,群益金鼎-西松,2023-07-21,9136
2303,聯電,36,25,11,群益金鼎-西松,2023-07-21,9136
6274,台燿,14,3,11,群益金鼎-西松,2023-07-21,9136
00715L,期街口布蘭特正2,10,0,10,群益金鼎-西松,2023-07-21,9136
00877,復華中國5G,10,0,10,群益金鼎-西松,2023-07-21,9136
3356,奇偶,10,0,10,群益金鼎-西松,2023-07-21,9136
1102,亞泥,9,0,9,群益金鼎-西松,2023-07-21,9136
2206,三陽工業,9,0,9,群益金鼎-西松,2023-07-21,9136
00720B,元大投資級公司債,9,0,9,群益金鼎-西松,2023-07-21,9136
2371,大同,31,22,9,群益金鼎-西松,2023-07-21,9136
6197,佳必琪,9,0,9,群益金鼎-西松,2023-07-21,9136
8086,宏捷科,9,0,9,群益金鼎-西松,2023-07-21,9136
00680L,元大美債20正2,12,4,8,群益金鼎-西松,2023-07-21,9136
1609,大亞,17,9,8,群益金鼎-西松,2023-07-21,9136
3305,昇貿,13,5,8,群益金鼎-西松,2023-07-21,9136
1504,東元,8,0,8,群益金鼎-西松,2023-07-21,9136
6016,康和證,10,2,8,群益金鼎-西松,2023-07-21,9136
00888,永豐台灣ESG,7,0,7,群益金鼎-西松,2023-07-21,9136
3264,欣銓,7,0,7,群益金鼎-西松,2023-07-21,9136
3037,欣興,18,11,7,群益金鼎-西松,2023-07-21,9136
00923,群益台ESG低碳50,7,0,7,群益金鼎-西松,2023-07-21,9136
1727,中華化,21,14,7,群益金鼎-西松,2023-07-21,9136
2351,順德,7,0,7,群益金鼎-西松,2023-07-21,9136
2492,華新科,7,0,7,群益金鼎-西松,2023-07-21,9136
2634,漢翔,8,1,7,群益金鼎-西松,2023-07-21,9136
3324,雙鴻,28,21,7,群益金鼎-西松,2023-07-21,9136
4953,緯軟,8,1,7,群益金鼎-西松,2023-07-21,9136
00712,復華富時不動產,6,0,6,群益金鼎-西松,2023-07-21,9136
2344,華邦電,9,3,6,群益金鼎-西松,2023-07-21,9136
2882,國泰金,6,0,6,群益金鼎-西松,2023-07-21,9136
6796,晉弘,7,1,6,群益金鼎-西松,2023-07-21,9136
6669,緯穎,7,1,6,群益金鼎-西松,2023-07-21,9136
3682,亞太電,20,15,5,群益金鼎-西松,2023-07-21,9136
6282,康舒,399,0,399,群益金鼎-西松,2023-07-24,9136
2891,中信金,203,1,202,群益金鼎-西松,2023-07-24,9136
3231,緯創,123,12,111,群益金鼎-西松,2023-07-24,9136
2890,永豐金,99,0,99,群益金鼎-西松,2023-07-24,9136
2353,宏��,109,43,66,群益金鼎-西松,2023-07-24,9136
2303,聯電,62,4,58,群益金鼎-西松,2023-07-24,9136
2421,建準,110,61,49,群益金鼎-西松,2023-07-24,9136
1609,大亞,52,7,45,群益金鼎-西松,2023-07-24,9136
6275,元山,52,7,45,群益金鼎-西松,2023-07-24,9136
4128,中天,41,0,41,群益金鼎-西松,2023-07-24,9136
4906,正文,42,1,41,群益金鼎-西松,2023-07-24,9136
6217,中探針,41,2,39,群益金鼎-西松,2023-07-24,9136
4532,瑞智,37,0,37,群益金鼎-西松,2023-07-24,9136
2383,台光電,42,6,36,群益金鼎-西松,2023-07-24,9136
5452,佶優,34,4,30,群益金鼎-西松,2023-07-24,9136
5388,中磊,30,0,30,群益金鼎-西松,2023-07-24,9136
00882,中信中國高股息,29,0,29,群益金鼎-西松,2023-07-24,9136
2316,楠梓電,29,1,28,群益金鼎-西松,2023-07-24,9136
2610,華航,27,0,27,群益金鼎-西松,2023-07-24,9136
6277,宏正,27,0,27,群益金鼎-西松,2023-07-24,9136
2356,英業達,31,4,27,群益金鼎-西松,2023-07-24,9136
2461,光群雷,72,46,26,群益金鼎-西松,2023-07-24,9136
5309,系統電,22,2,20,群益金鼎-西松,2023-07-24,9136
6214,精誠,21,1,20,群益金鼎-西松,2023-07-24,9136
00885,富邦越南,34,15,19,群益金鼎-西松,2023-07-24,9136
6125,廣運,21,2,19,群益金鼎-西松,2023-07-24,9136
1504,東元,16,1,15,群益金鼎-西松,2023-07-24,9136
1102,亞泥,14,0,14,群益金鼎-西松,2023-07-24,9136
5474,聰泰,18,4,14,群益金鼎-西松,2023-07-24,9136
8210,勤誠,18,6,12,群益金鼎-西松,2023-07-24,9136
00642U,期元大S＆P石油,14,3,11,群益金鼎-西松,2023-07-24,9136
2371,大同,24,13,11,群益金鼎-西松,2023-07-24,9136
3706,神達,18,7,11,群益金鼎-西松,2023-07-24,9136
6245,立端,12,1,11,群益金鼎-西松,2023-07-24,9136
1513,中興電,23,13,10,群益金鼎-西松,2023-07-24,9136
2313,華通,11,1,10,群益金鼎-西松,2023-07-24,9136
2376,技嘉,23,13,10,群益金鼎-西松,2023-07-24,9136
3419,譁裕,10,0,10,群益金鼎-西松,2023-07-24,9136
5457,宣德,10,0,10,群益金鼎-西松,2023-07-24,9136
6016,康和證,10,0,10,群益金鼎-西松,2023-07-24,9136
8155,博智,10,0,10,群益金鼎-西松,2023-07-24,9136
2323,中環,10,1,9,群益金鼎-西松,2023-07-24,9136
2497,怡利電,10,1,9,群益金鼎-西松,2023-07-24,9136
6290,良維,10,1,9,群益金鼎-西松,2023-07-24,9136
8938,明安,9,0,9,群益金鼎-西松,2023-07-24,9136
3338,泰碩,19,11,8,群益金鼎-西松,2023-07-24,9136
6274,台燿,23,15,8,群益金鼎-西松,2023-07-24,9136
6533,晶心科,12,4,8,群益金鼎-西松,2023-07-24,9136
6592,和潤企業,8,0,8,群益金鼎-西松,2023-07-24,9136
8227,巨有科技,8,0,8,群益金鼎-西松,2023-07-24,9136
3013,晟銘電,207,1,206,群益金鼎-西松,2023-07-25,9136
00679B,元大美債20年,51,0,51,群益金鼎-西松,2023-07-25,9136
3689,湧德,103,53,50,群益金鼎-西松,2023-07-25,9136
5452,佶優,68,20,48,群益金鼎-西松,2023-07-25,9136
6416,瑞祺電通,46,0,46,群益金鼎-西松,2023-07-25,9136
00712,復華富時不動產,41,0,41,群益金鼎-西松,2023-07-25,9136
00680L,元大美債20正2,28,0,28,群益金鼎-西松,2023-07-25,9136
00878,國泰永續高股息,46,22,24,群益金鼎-西松,2023-07-25,9136
4129,聯合,23,0,23,群益金鼎-西松,2023-07-25,9136
2382,廣達,101,79,22,群益金鼎-西松,2023-07-25,9136
2368,金像電,29,7,22,群益金鼎-西松,2023-07-25,9136
0056,元大高股息,50,29,21,群益金鼎-西松,2023-07-25,9136
2002,中鋼,21,0,21,群益金鼎-西松,2023-07-25,9136
2801,彰銀,20,0,20,群益金鼎-西松,2023-07-25,9136
6016,康和證,20,0,20,群益金鼎-西松,2023-07-25,9136
6116,彩晶,27,7,20,群益金鼎-西松,2023-07-25,9136
6217,中探針,20,0,20,群益金鼎-西松,2023-07-25,9136
2329,華泰,24,4,20,群益金鼎-西松,2023-07-25,9136
3227,原相,20,0,20,群益金鼎-西松,2023-07-25,9136
1609,大亞,32,13,19,群益金鼎-西松,2023-07-25,9136
1101,台泥,26,8,18,群益金鼎-西松,2023-07-25,9136
00927,群益半導體收益,20,2,18,群益金鼎-西松,2023-07-25,9136
3702,大聯大,18,0,18,群益金鼎-西松,2023-07-25,9136
6531,愛普*,16,1,15,群益金鼎-西松,2023-07-25,9136
00632R,元大台灣50反1,15,0,15,群益金鼎-西松,2023-07-25,9136
00753L,中信中國50正2,15,0,15,群益金鼎-西松,2023-07-25,9136
6147,頎邦,15,0,15,群益金鼎-西松,2023-07-25,9136
2376,技嘉,25,11,14,群益金鼎-西松,2023-07-25,9136
2464,盟立,15,2,13,群益金鼎-西松,2023-07-25,9136
1560,中砂,41,29,12,群益金鼎-西松,2023-07-25,9136
2542,興富發,12,0,12,群益金鼎-西松,2023-07-25,9136
00919,群益台灣精選高息,12,0,12,群益金鼎-西松,2023-07-25,9136
2436,偉詮電,12,0,12,群益金鼎-西松,2023-07-25,9136
3711,日月光投控,21,9,12,群益金鼎-西松,2023-07-25,9136
6548,長科*,12,0,12,群益金鼎-西松,2023-07-25,9136
1907,永豐餘,12,0,12,群益金鼎-西松,2023-07-25,9136
3558,神準,13,2,11,群益金鼎-西松,2023-07-25,9136
00885,富邦越南,11,0,11,群益金鼎-西松,2023-07-25,9136
3264,欣銓,11,0,11,群益金鼎-西松,2023-07-25,9136
5347,世界,14,3,11,群益金鼎-西松,2023-07-25,9136
1477,聚陽,10,0,10,群益金鼎-西松,2023-07-25,9136
00673R,期元大S＆P原油反1,10,0,10,群益金鼎-西松,2023-07-25,9136
2610,華航,15,5,10,群益金鼎-西松,2023-07-25,9136
3515,華擎,22,12,10,群益金鼎-西松,2023-07-25,9136
3693,營邦,17,7,10,群益金鼎-西松,2023-07-25,9136
3701,大眾控,10,0,10,群益金鼎-西松,2023-07-25,9136
5531,鄉林,10,0,10,群益金鼎-西松,2023-07-25,9136
1301,台塑,9,0,9,群益金鼎-西松,2023-07-25,9136
3324,雙鴻,12,3,9,群益金鼎-西松,2023-07-25,9136
2419,仲琦,8,0,8,群益金鼎-西松,2023-07-25,9136
3481,群創,176,45,131,群益金鼎-西松,2023-07-26,9136
2382,廣達,182,87,95,群益金鼎-西松,2023-07-26,9136
00673R,期元大S＆P原油反1,87,0,87,群益金鼎-西松,2023-07-26,9136
8085,福華,80,0,80,群益金鼎-西松,2023-07-26,9136
2329,華泰,110,42,68,群益金鼎-西松,2023-07-26,9136
2731,雄獅,61,1,60,群益金鼎-西松,2023-07-26,9136
1609,大亞,56,2,54,群益金鼎-西松,2023-07-26,9136
00665L,富邦�琤肭磪囓�2,50,0,50,群益金鼎-西松,2023-07-26,9136
2301,光寶科,96,46,50,群益金鼎-西松,2023-07-26,9136
2421,建準,51,6,45,群益金鼎-西松,2023-07-26,9136
6016,康和證,38,0,38,群益金鼎-西松,2023-07-26,9136
00878,國泰永續高股息,63,26,37,群益金鼎-西松,2023-07-26,9136
00927,群益半導體收益,37,0,37,群益金鼎-西松,2023-07-26,9136
2520,冠德,33,0,33,群益金鼎-西松,2023-07-26,9136
2354,鴻準,31,0,31,群益金鼎-西松,2023-07-26,9136
6217,中探針,30,0,30,群益金鼎-西松,2023-07-26,9136
3306,鼎天,28,0,28,群益金鼎-西松,2023-07-26,9136
2313,華通,26,1,25,群益金鼎-西松,2023-07-26,9136
00900,富邦特選高股息30,23,1,22,群益金鼎-西松,2023-07-26,9136
5483,中美晶,21,1,20,群益金鼎-西松,2023-07-26,9136
2645,長榮航太,20,0,20,群益金鼎-西松,2023-07-26,9136
6125,廣運,26,6,20,群益金鼎-西松,2023-07-26,9136
1319,東陽,21,3,18,群益金鼎-西松,2023-07-26,9136
1101,台泥,17,0,17,群益金鼎-西松,2023-07-26,9136
6770,力積電,17,0,17,群益金鼎-西松,2023-07-26,9136
8050,廣積,19,3,16,群益金鼎-西松,2023-07-26,9136
1217,愛之味,16,0,16,群益金鼎-西松,2023-07-26,9136
3711,日月光投控,22,7,15,群益金鼎-西松,2023-07-26,9136
2882,國泰金,26,11,15,群益金鼎-西松,2023-07-26,9136
4155,訊映,15,0,15,群益金鼎-西松,2023-07-26,9136
2352,佳世達,17,3,14,群益金鼎-西松,2023-07-26,9136
5347,世界,16,2,14,群益金鼎-西松,2023-07-26,9136
6196,帆宣,15,1,14,群益金鼎-西松,2023-07-26,9136
2328,廣宇,23,10,13,群益金鼎-西松,2023-07-26,9136
2887,台新金,20,8,12,群益金鼎-西松,2023-07-26,9136
2405,輔信,26,15,11,群益金鼎-西松,2023-07-26,9136
2618,長榮航,21,10,11,群益金鼎-西松,2023-07-26,9136
6163,華電網,11,0,11,群益金鼎-西松,2023-07-26,9136
6416,瑞祺電通,11,0,11,群益金鼎-西松,2023-07-26,9136
6589,台康生技,11,0,11,群益金鼎-西松,2023-07-26,9136
00679B,元大美債20年,10,0,10,群益金鼎-西松,2023-07-26,9136
00930,永豐ESG低碳高息,10,0,10,群益金鼎-西松,2023-07-26,9136
1809,中釉,10,0,10,群益金鼎-西松,2023-07-26,9136
2356,英業達,13,3,10,群益金鼎-西松,2023-07-26,9136
2402,毅嘉,11,1,10,群益金鼎-西松,2023-07-26,9136
8210,勤誠,11,1,10,群益金鼎-西松,2023-07-26,9136
2344,華邦電,14,5,9,群益金鼎-西松,2023-07-26,9136
3356,奇偶,11,2,9,群益金鼎-西松,2023-07-26,9136
4532,瑞智,46,37,9,群益金鼎-西松,2023-07-26,9136
5452,佶優,9,0,9,群益金鼎-西松,2023-07-26,9136
1301,台塑,142,0,142,群益金鼎-西松,2023-07-27,9136
6125,廣運,140,42,98,群益金鼎-西松,2023-07-27,9136
3481,群創,506,416,90,群益金鼎-西松,2023-07-27,9136
2888,新光金,128,50,78,群益金鼎-西松,2023-07-27,9136
00673R,期元大S＆P原油反1,70,0,70,群益金鼎-西松,2023-07-27,9136
6235,華孚,78,17,61,群益金鼎-西松,2023-07-27,9136
5608,四維航,50,0,50,群益金鼎-西松,2023-07-27,9136
2883,凱基金,52,10,42,群益金鼎-西松,2023-07-27,9136
2353,宏��,44,3,41,群益金鼎-西松,2023-07-27,9136
2303,聯電,44,10,34,群益金鼎-西松,2023-07-27,9136
3013,晟銘電,35,1,34,群益金鼎-西松,2023-07-27,9136
00772B,中信高評級公司債,31,0,31,群益金鼎-西松,2023-07-27,9136
00878,國泰永續高股息,135,109,26,群益金鼎-西松,2023-07-27,9136
4532,瑞智,86,61,25,群益金鼎-西松,2023-07-27,9136
1313,聯成,22,0,22,群益金鼎-西松,2023-07-27,9136
00773B,中信優先金融債,20,0,20,群益金鼎-西松,2023-07-27,9136
5522,遠雄,20,0,20,群益金鼎-西松,2023-07-27,9136
1786,科妍,21,3,18,群益金鼎-西松,2023-07-27,9136
2369,菱生,22,4,18,群益金鼎-西松,2023-07-27,9136
6217,中探針,20,2,18,群益金鼎-西松,2023-07-27,9136
6576,逸達,18,0,18,群益金鼎-西松,2023-07-27,9136
3037,欣興,24,7,17,群益金鼎-西松,2023-07-27,9136
2317,鴻海,20,5,15,群益金鼎-西松,2023-07-27,9136
2618,長榮航,39,25,14,群益金鼎-西松,2023-07-27,9136
00930,永豐ESG低碳高息,13,0,13,群益金鼎-西松,2023-07-27,9136
2301,光寶科,75,62,13,群益金鼎-西松,2023-07-27,9136
2401,凌陽,13,0,13,群益金鼎-西松,2023-07-27,9136
4967,十銓,11,0,11,群益金鼎-西松,2023-07-27,9136
8050,廣積,12,1,11,群益金鼎-西松,2023-07-27,9136
00642U,期元大S＆P石油,10,0,10,群益金鼎-西松,2023-07-27,9136
00664R,國泰臺灣加權反1,10,0,10,群益金鼎-西松,2023-07-27,9136
1307,三芳,10,0,10,群益金鼎-西松,2023-07-27,9136
2377,微星,11,1,10,群益金鼎-西松,2023-07-27,9136
3059,華晶科,11,1,10,群益金鼎-西松,2023-07-27,9136
1102,亞泥,9,0,9,群益金鼎-西松,2023-07-27,9136
1560,中砂,35,26,9,群益金鼎-西松,2023-07-27,9136
00919,群益台灣精選高息,10,2,8,群益金鼎-西松,2023-07-27,9136
2313,華通,10,2,8,群益金鼎-西松,2023-07-27,9136
5452,佶優,10,2,8,群益金鼎-西松,2023-07-27,9136
6188,廣明,22,14,8,群益金鼎-西松,2023-07-27,9136
8103,瀚荃,7,0,7,群益金鼎-西松,2023-07-27,9136
8176,智捷,7,0,7,群益金鼎-西松,2023-07-27,9136
2340,台亞,8,2,6,群益金鼎-西松,2023-07-27,9136
2412,中華電,6,0,6,群益金鼎-西松,2023-07-27,9136
3056,富華新,12,6,6,群益金鼎-西松,2023-07-27,9136
4916,事欣科,6,0,6,群益金鼎-西松,2023-07-27,9136
8210,勤誠,6,0,6,群益金鼎-西松,2023-07-27,9136
1709,和益,6,0,6,群益金鼎-西松,2023-07-27,9136
6015,宏遠證,6,0,6,群益金鼎-西松,2023-07-27,9136
3189,景碩,5,0,5,群益金鼎-西松,2023-07-27,9136
3231,緯創,243,62,181,群益金鼎-西松,2023-07-28,9136
00679B,元大美債20年,156,0,156,群益金鼎-西松,2023-07-28,9136
2382,廣達,201,57,144,群益金鼎-西松,2023-07-28,9136
2609,陽明,176,57,119,群益金鼎-西松,2023-07-28,9136
2890,永豐金,100,1,99,群益金鼎-西松,2023-07-28,9136
2402,毅嘉,104,16,88,群益金鼎-西松,2023-07-28,9136
2464,盟立,81,0,81,群益金鼎-西松,2023-07-28,9136
00720B,元大投資級公司債,76,2,74,群益金鼎-西松,2023-07-28,9136
00753L,中信中國50正2,117,50,67,群益金鼎-西松,2023-07-28,9136
1905,華紙,80,18,62,群益金鼎-西松,2023-07-28,9136
2027,大成鋼,66,16,50,群益金鼎-西松,2023-07-28,9136
00673R,期元大S＆P原油反1,60,10,50,群益金鼎-西松,2023-07-28,9136
00665L,富邦�琤肭磪囓�2,100,50,50,群益金鼎-西松,2023-07-28,9136
2330,台積電,49,2,47,群益金鼎-西松,2023-07-28,9136
00919,群益台灣精選高息,40,0,40,群益金鼎-西松,2023-07-28,9136
2610,華航,39,0,39,群益金鼎-西松,2023-07-28,9136
2409,友達,63,26,37,群益金鼎-西松,2023-07-28,9136
2405,輔信,33,0,33,群益金鼎-西松,2023-07-28,9136
1304,台聚,30,0,30,群益金鼎-西松,2023-07-28,9136
5531,鄉林,30,0,30,群益金鼎-西松,2023-07-28,9136
00642U,期元大S＆P石油,35,7,28,群益金鼎-西松,2023-07-28,9136
00687B,國泰20年美債,26,1,25,群益金鼎-西松,2023-07-28,9136
00688L,國泰20年美債正2,25,0,25,群益金鼎-西松,2023-07-28,9136
2605,新興,26,3,23,群益金鼎-西松,2023-07-28,9136
2376,技嘉,23,0,23,群益金鼎-西松,2023-07-28,9136
3481,群創,76,54,22,群益金鼎-西松,2023-07-28,9136
3032,偉訓,22,0,22,群益金鼎-西松,2023-07-28,9136
6196,帆宣,26,4,22,群益金鼎-西松,2023-07-28,9136
1907,永豐餘,23,2,21,群益金鼎-西松,2023-07-28,9136
6116,彩晶,41,20,21,群益金鼎-西松,2023-07-28,9136
2023,燁輝,20,0,20,群益金鼎-西松,2023-07-28,9136
2356,英業達,21,2,19,群益金鼎-西松,2023-07-28,9136
5483,中美晶,19,0,19,群益金鼎-西松,2023-07-28,9136
4532,瑞智,20,1,19,群益金鼎-西松,2023-07-28,9136
6274,台燿,55,38,17,群益金鼎-西松,2023-07-28,9136
00772B,中信高評級公司債,15,0,15,群益金鼎-西松,2023-07-28,9136
3217,優群,20,5,15,群益金鼎-西松,2023-07-28,9136
2349,錸德,20,5,15,群益金鼎-西松,2023-07-28,9136
6185,幃翔,13,0,13,群益金鼎-西松,2023-07-28,9136
9943,好樂迪,13,0,13,群益金鼎-西松,2023-07-28,9136
3081,聯亞,26,13,13,群益金鼎-西松,2023-07-28,9136
2312,金寶,15,4,11,群益金鼎-西松,2023-07-28,9136
6148,驊宏資,26,15,11,群益金鼎-西松,2023-07-28,9136
2481,強茂,11,1,10,群益金鼎-西松,2023-07-28,9136
00877,復華中國5G,10,0,10,群益金鼎-西松,2023-07-28,9136
2428,興勤,10,0,10,群益金鼎-西松,2023-07-28,9136
2707,晶華,10,0,10,群益金鼎-西松,2023-07-28,9136
6143,振曜,10,0,10,群益金鼎-西松,2023-07-28,9136
6770,力積電,21,11,10,群益金鼎-西松,2023-07-28,9136
8390,金益鼎,10,0,10,群益金鼎-西松,2023-07-28,9136
00878,國泰永續高股息,234,12,222,群益金鼎-西松,2023-07-31,9136
2409,友達,201,4,197,群益金鼎-西松,2023-07-31,9136
4979,華星光,299,121,178,群益金鼎-西松,2023-07-31,9136
00900,富邦特選高股息30,108,0,108,群益金鼎-西松,2023-07-31,9136
2324,仁寶,98,0,98,群益金鼎-西松,2023-07-31,9136
00679B,元大美債20年,56,0,56,群益金鼎-西松,2023-07-31,9136
2610,華航,59,5,54,群益金鼎-西松,2023-07-31,9136
5608,四維航,51,0,51,群益金鼎-西松,2023-07-31,9136
2402,毅嘉,49,5,44,群益金鼎-西松,2023-07-31,9136
2883,凱基金,51,10,41,群益金鼎-西松,2023-07-31,9136
6016,康和證,37,0,37,群益金鼎-西松,2023-07-31,9136
2206,三陽工業,33,1,32,群益金鼎-西松,2023-07-31,9136
2301,光寶科,101,70,31,群益金鼎-西松,2023-07-31,9136
3231,緯創,93,62,31,群益金鼎-西松,2023-07-31,9136
00632R,元大台灣50反1,36,5,31,群益金鼎-西松,2023-07-31,9136
5483,中美晶,30,0,30,群益金鼎-西松,2023-07-31,9136
0056,元大高股息,37,8,29,群益金鼎-西松,2023-07-31,9136
8358,金居,39,14,25,群益金鼎-西松,2023-07-31,9136
2328,廣宇,59,34,25,群益金鼎-西松,2023-07-31,9136
6531,愛普*,30,6,24,群益金鼎-西松,2023-07-31,9136
3693,營邦,31,7,24,群益金鼎-西松,2023-07-31,9136
2603,長榮,25,4,21,群益金鼎-西松,2023-07-31,9136
3078,僑威,26,5,21,群益金鼎-西松,2023-07-31,9136
3711,日月光投控,21,1,20,群益金鼎-西松,2023-07-31,9136
2618,長榮航,51,31,20,群益金鼎-西松,2023-07-31,9136
6244,茂迪,21,1,20,群益金鼎-西松,2023-07-31,9136
8050,廣積,24,6,18,群益金鼎-西松,2023-07-31,9136
3706,神達,22,5,17,群益金鼎-西松,2023-07-31,9136
2329,華泰,25,9,16,群益金鼎-西松,2023-07-31,9136
3037,欣興,17,2,15,群益金鼎-西松,2023-07-31,9136
2609,陽明,20,5,15,群益金鼎-西松,2023-07-31,9136
6223,旺矽,14,0,14,群益金鼎-西松,2023-07-31,9136
3163,波若威,24,11,13,群益金鼎-西松,2023-07-31,9136
00919,群益台灣精選高息,13,0,13,群益金鼎-西松,2023-07-31,9136
00687B,國泰20年美債,13,1,12,群益金鼎-西松,2023-07-31,9136
2027,大成鋼,12,0,12,群益金鼎-西松,2023-07-31,9136
3591,艾笛森,12,0,12,群益金鼎-西松,2023-07-31,9136
1210,大成,11,0,11,群益金鼎-西松,2023-07-31,9136
6290,良維,12,1,11,群益金鼎-西松,2023-07-31,9136
3189,景碩,12,2,10,群益金鼎-西松,2023-07-31,9136
2515,中工,10,0,10,群益金鼎-西松,2023-07-31,9136
3264,欣銓,42,32,10,群益金鼎-西松,2023-07-31,9136
4164,承業醫,10,0,10,群益金鼎-西松,2023-07-31,9136
5876,上海商銀,10,0,10,群益金鼎-西松,2023-07-31,9136
2801,彰銀,10,1,9,群益金鼎-西松,2023-07-31,9136
4938,和碩,9,0,9,群益金鼎-西松,2023-07-31,9136
3321,同泰,9,0,9,群益金鼎-西松,2023-07-31,9136
6196,帆宣,30,21,9,群益金鼎-西松,2023-07-31,9136
6282,康舒,46,37,9,群益金鼎-西松,2023-07-31,9136
6792,詠業,15,6,9,群益金鼎-西松,2023-07-31,9136
4979,華星光,133,25,108,群益金鼎-西松,2023-08-01,9136
2363,矽統,129,23,106,群益金鼎-西松,2023-08-01,9136
2731,雄獅,104,7,97,群益金鼎-西松,2023-08-01,9136
00632R,元大台灣50反1,60,0,60,群益金鼎-西松,2023-08-01,9136
2897,王道銀行,50,0,50,群益金鼎-西松,2023-08-01,9136
2352,佳世達,61,13,48,群益金鼎-西松,2023-08-01,9136
00753L,中信中國50正2,76,28,48,群益金鼎-西松,2023-08-01,9136
6235,華孚,53,5,48,群益金鼎-西松,2023-08-01,9136
2883,凱基金,50,7,43,群益金鼎-西松,2023-08-01,9136
2331,精英,38,0,38,群益金鼎-西松,2023-08-01,9136
2382,廣達,249,214,35,群益金鼎-西松,2023-08-01,9136
3558,神準,43,12,31,群益金鼎-西松,2023-08-01,9136
5608,四維航,30,0,30,群益金鼎-西松,2023-08-01,9136
6207,雷科,31,1,30,群益金鼎-西松,2023-08-01,9136
00878,國泰永續高股息,44,21,23,群益金鼎-西松,2023-08-01,9136
2449,京元電子,27,6,21,群益金鼎-西松,2023-08-01,9136
3011,今皓,21,0,21,群益金鼎-西松,2023-08-01,9136
2891,中信金,19,0,19,群益金鼎-西松,2023-08-01,9136
2313,華通,17,1,16,群益金鼎-西松,2023-08-01,9136
2332,友訊,16,0,16,群益金鼎-西松,2023-08-01,9136
1513,中興電,21,6,15,群益金鼎-西松,2023-08-01,9136
6231,系微,15,0,15,群益金鼎-西松,2023-08-01,9136
3081,聯亞,15,1,14,群益金鼎-西松,2023-08-01,9136
3033,威健,18,5,13,群益金鼎-西松,2023-08-01,9136
1313,聯成,13,0,13,群益金鼎-西松,2023-08-01,9136
1504,東元,15,2,13,群益金鼎-西松,2023-08-01,9136
2356,英業達,21,8,13,群益金鼎-西松,2023-08-01,9136
00923,群益台ESG低碳50,12,0,12,群益金鼎-西松,2023-08-01,9136
00680L,元大美債20正2,22,10,12,群益金鼎-西松,2023-08-01,9136
2317,鴻海,54,42,12,群益金鼎-西松,2023-08-01,9136
3583,辛耘,14,2,12,群益金鼎-西松,2023-08-01,9136
6191,精成科,13,1,12,群益金鼎-西松,2023-08-01,9136
2301,光寶科,45,34,11,群益金鼎-西松,2023-08-01,9136
3576,聯合再生,11,0,11,群益金鼎-西松,2023-08-01,9136
6239,力成,16,6,10,群益金鼎-西松,2023-08-01,9136
1101,台泥,10,0,10,群益金鼎-西松,2023-08-01,9136
00713,元大台灣高息低波,10,0,10,群益金鼎-西松,2023-08-01,9136
00665L,富邦�琤肭磪囓�2,50,40,10,群益金鼎-西松,2023-08-01,9136
2007,燁興,10,0,10,群益金鼎-西松,2023-08-01,9136
2851,中再保,10,0,10,群益金鼎-西松,2023-08-01,9136
3052,夆典,10,0,10,群益金鼎-西松,2023-08-01,9136
6841,長佳智能,10,0,10,群益金鼎-西松,2023-08-01,9136
3105,穩懋,21,12,9,群益金鼎-西松,2023-08-01,9136
1609,大亞,9,0,9,群益金鼎-西松,2023-08-01,9136
2329,華泰,14,5,9,群益金鼎-西松,2023-08-01,9136
8050,廣積,11,2,9,群益金鼎-西松,2023-08-01,9136
6282,康舒,20,12,8,群益金鼎-西松,2023-08-01,9136
00882,中信中國高股息,8,0,8,群益金鼎-西松,2023-08-01,9136
2376,技嘉,12,4,8,群益金鼎-西松,2023-08-01,9136
3706,神達,10,2,8,群益金鼎-西松,2023-08-01,9136
2891,中信金,194,7,187,群益金鼎-西松,2023-08-02,9136
00923,群益台ESG低碳50,107,0,107,群益金鼎-西松,2023-08-02,9136
00929,復華台灣科技優息,98,2,96,群益金鼎-西松,2023-08-02,9136
2618,長榮航,76,2,74,群益金鼎-西松,2023-08-02,9136
00878,國泰永續高股息,88,21,67,群益金鼎-西松,2023-08-02,9136
00665L,富邦�琤肭磪囓�2,50,0,50,群益金鼎-西松,2023-08-02,9136
5425,台半,49,2,47,群益金鼎-西松,2023-08-02,9136
2382,廣達,135,90,45,群益金鼎-西松,2023-08-02,9136
2801,彰銀,44,0,44,群益金鼎-西松,2023-08-02,9136
3056,富華新,41,0,41,群益金鼎-西松,2023-08-02,9136
2409,友達,43,3,40,群益金鼎-西松,2023-08-02,9136
00772B,中信高評級公司債,39,0,39,群益金鼎-西松,2023-08-02,9136
2888,新光金,37,0,37,群益金鼎-西松,2023-08-02,9136
3037,欣興,39,7,32,群益金鼎-西松,2023-08-02,9136
0056,元大高股息,29,1,28,群益金鼎-西松,2023-08-02,9136
1217,愛之味,25,1,24,群益金鼎-西松,2023-08-02,9136
2883,凱基金,24,1,23,群益金鼎-西松,2023-08-02,9136
1319,東陽,22,0,22,群益金鼎-西松,2023-08-02,9136
2312,金寶,27,5,22,群益金鼎-西松,2023-08-02,9136
6770,力積電,22,0,22,群益金鼎-西松,2023-08-02,9136
2344,華邦電,21,0,21,群益金鼎-西松,2023-08-02,9136
4919,新唐,26,5,21,群益金鼎-西松,2023-08-02,9136
00679B,元大美債20年,20,0,20,群益金鼎-西松,2023-08-02,9136
1809,中釉,20,0,20,群益金鼎-西松,2023-08-02,9136
6101,寬魚國際,20,0,20,群益金鼎-西松,2023-08-02,9136
8050,廣積,22,2,20,群益金鼎-西松,2023-08-02,9136
3481,群創,26,7,19,群益金鼎-西松,2023-08-02,9136
2301,光寶科,58,40,18,群益金鼎-西松,2023-08-02,9136
2887,台新金,18,0,18,群益金鼎-西松,2023-08-02,9136
2002,中鋼,17,0,17,群益金鼎-西松,2023-08-02,9136
00720B,元大投資級公司債,17,0,17,群益金鼎-西松,2023-08-02,9136
2881,富邦金,19,3,16,群益金鼎-西松,2023-08-02,9136
2332,友訊,16,0,16,群益金鼎-西松,2023-08-02,9136
2363,矽統,16,0,16,群益金鼎-西松,2023-08-02,9136
00687B,國泰20年美債,15,0,15,群益金鼎-西松,2023-08-02,9136
3033,威健,15,2,13,群益金鼎-西松,2023-08-02,9136
00751B,元大AAA至A公司債,13,0,13,群益金鼎-西松,2023-08-02,9136
2882,國泰金,19,6,13,群益金鼎-西松,2023-08-02,9136
3325,旭品,25,13,12,群益金鼎-西松,2023-08-02,9136
00680L,元大美債20正2,11,0,11,群益金鼎-西松,2023-08-02,9136
5880,合庫金,10,0,10,群益金鼎-西松,2023-08-02,9136
00673R,期元大S＆P原油反1,10,0,10,群益金鼎-西松,2023-08-02,9136
1314,中石化,10,0,10,群益金鼎-西松,2023-08-02,9136
1582,信錦,10,0,10,群益金鼎-西松,2023-08-02,9136
2358,廷鑫,10,0,10,群益金鼎-西松,2023-08-02,9136
2427,三商電,10,0,10,群益金鼎-西松,2023-08-02,9136
3036,文曄,10,0,10,群益金鼎-西松,2023-08-02,9136
3051,力特,11,1,10,群益金鼎-西松,2023-08-02,9136
3588,通嘉,10,0,10,群益金鼎-西松,2023-08-02,9136
5347,世界,18,8,10,群益金鼎-西松,2023-08-02,9136
1605,華新,196,24,172,群益金鼎-西松,2023-08-04,9136
2382,廣達,208,67,141,群益金鼎-西松,2023-08-04,9136
2891,中信金,113,0,113,群益金鼎-西松,2023-08-04,9136
00673R,期元大S＆P原油反1,82,0,82,群益金鼎-西松,2023-08-04,9136
00680L,元大美債20正2,92,14,78,群益金鼎-西松,2023-08-04,9136
00688L,國泰20年美債正2,57,5,52,群益金鼎-西松,2023-08-04,9136
00929,復華台灣科技優息,50,0,50,群益金鼎-西松,2023-08-04,9136
00679B,元大美債20年,48,0,48,群益金鼎-西松,2023-08-04,9136
3231,緯創,302,261,41,群益金鼎-西松,2023-08-04,9136
00857B,永豐20年美公債,40,0,40,群益金鼎-西松,2023-08-04,9136
00900,富邦特選高股息30,37,2,35,群益金鼎-西松,2023-08-04,9136
2344,華邦電,38,3,35,群益金鼎-西松,2023-08-04,9136
2464,盟立,51,16,35,群益金鼎-西松,2023-08-04,9136
6218,豪勉,39,8,31,群益金鼎-西松,2023-08-04,9136
00878,國泰永續高股息,56,29,27,群益金鼎-西松,2023-08-04,9136
00720B,元大投資級公司債,26,0,26,群益金鼎-西松,2023-08-04,9136
3017,奇鋐,29,5,24,群益金鼎-西松,2023-08-04,9136
2356,英業達,44,21,23,群益金鼎-西松,2023-08-04,9136
2352,佳世達,38,16,22,群益金鼎-西松,2023-08-04,9136
9938,百和,20,0,20,群益金鼎-西松,2023-08-04,9136
1513,中興電,26,9,17,群益金鼎-西松,2023-08-04,9136
1519,華城,22,5,17,群益金鼎-西松,2023-08-04,9136
1609,大亞,18,1,17,群益金鼎-西松,2023-08-04,9136
00924,復華S＆P500成長,16,0,16,群益金鼎-西松,2023-08-04,9136
1536,和大,15,0,15,群益金鼎-西松,2023-08-04,9136
3033,威健,15,0,15,群益金鼎-西松,2023-08-04,9136
3035,智原,14,1,13,群益金鼎-西松,2023-08-04,9136
00687B,國泰20年美債,14,1,13,群益金鼎-西松,2023-08-04,9136
4746,台耀,13,1,12,群益金鼎-西松,2023-08-04,9136
3576,聯合再生,13,1,12,群益金鼎-西松,2023-08-04,9136
2376,技嘉,14,2,12,群益金鼎-西松,2023-08-04,9136
00764B,群益25年美債,10,0,10,群益金鼎-西松,2023-08-04,9136
3163,波若威,11,1,10,群益金鼎-西松,2023-08-04,9136
3706,神達,16,7,9,群益金鼎-西松,2023-08-04,9136
6531,愛普*,12,3,9,群益金鼎-西松,2023-08-04,9136
2206,三陽工業,9,0,9,群益金鼎-西松,2023-08-04,9136
3714,富采,9,0,9,群益金鼎-西松,2023-08-04,9136
5439,高技,10,1,9,群益金鼎-西松,2023-08-04,9136
6576,逸達,9,0,9,群益金鼎-西松,2023-08-04,9136
2892,第一金,9,0,9,群益金鼎-西松,2023-08-04,9136
2440,太空梭,8,0,8,群益金鼎-西松,2023-08-04,9136
3037,欣興,8,0,8,群益金鼎-西松,2023-08-04,9136
3481,群創,12,4,8,群益金鼎-西松,2023-08-04,9136
1210,大成,8,0,8,群益金鼎-西松,2023-08-04,9136
6592,和潤企業,8,1,7,群益金鼎-西松,2023-08-04,9136
1319,東陽,8,1,7,群益金鼎-西松,2023-08-04,9136
8255,朋程,8,1,7,群益金鼎-西松,2023-08-04,9136
00772B,中信高評級公司債,7,0,7,群益金鼎-西松,2023-08-04,9136
00751B,元大AAA至A公司債,6,0,6,群益金鼎-西松,2023-08-04,9136
2618,長榮航,6,0,6,群益金鼎-西松,2023-08-04,9136
1504,東元,100,1,99,群益金鼎-西松,2023-08-07,9136
00753L,中信中國50正2,60,0,60,群益金鼎-西松,2023-08-07,9136
2402,毅嘉,55,3,52,群益金鼎-西松,2023-08-07,9136
4904,遠傳,51,0,51,群益金鼎-西松,2023-08-07,9136
00929,復華台灣科技優息,50,0,50,群益金鼎-西松,2023-08-07,9136
6869,雲豹能源,45,0,45,群益金鼎-西松,2023-08-07,9136
3231,緯創,112,69,43,群益金鼎-西松,2023-08-07,9136
6535,順藥,36,0,36,群益金鼎-西松,2023-08-07,9136
2891,中信金,26,0,26,群益金鼎-西松,2023-08-07,9136
00673R,期元大S＆P原油反1,26,0,26,群益金鼎-西松,2023-08-07,9136
2316,楠梓電,25,0,25,群益金鼎-西松,2023-08-07,9136
00900,富邦特選高股息30,20,0,20,群益金鼎-西松,2023-08-07,9136
2464,盟立,20,1,19,群益金鼎-西松,2023-08-07,9136
3583,辛耘,32,13,19,群益金鼎-西松,2023-08-07,9136
00878,國泰永續高股息,30,12,18,群益金鼎-西松,2023-08-07,9136
8049,晶采,18,0,18,群益金鼎-西松,2023-08-07,9136
4938,和碩,20,3,17,群益金鼎-西松,2023-08-07,9136
00923,群益台ESG低碳50,16,0,16,群益金鼎-西松,2023-08-07,9136
3044,健鼎,28,14,14,群益金鼎-西松,2023-08-07,9136
2883,凱基金,13,0,13,群益金鼎-西松,2023-08-07,9136
2409,友達,18,6,12,群益金鼎-西松,2023-08-07,9136
00680L,元大美債20正2,12,0,12,群益金鼎-西松,2023-08-07,9136
2301,光寶科,49,37,12,群益金鼎-西松,2023-08-07,9136
3056,富華新,11,0,11,群益金鼎-西松,2023-08-07,9136
00720B,元大投資級公司債,10,0,10,群益金鼎-西松,2023-08-07,9136
00795B,中信美國公債20年,10,0,10,群益金鼎-西松,2023-08-07,9136
9955,佳龍,10,0,10,群益金鼎-西松,2023-08-07,9136
00679B,元大美債20年,9,0,9,群益金鼎-西松,2023-08-07,9136
2324,仁寶,10,1,9,群益金鼎-西松,2023-08-07,9136
2367,燿華,9,0,9,群益金鼎-西松,2023-08-07,9136
2882,國泰金,10,1,9,群益金鼎-西松,2023-08-07,9136
6669,緯穎,13,4,9,群益金鼎-西松,2023-08-07,9136
2382,廣達,90,82,8,群益金鼎-西松,2023-08-07,9136
2014,中鴻,17,9,8,群益金鼎-西松,2023-08-07,9136
00894,中信小資高價30,8,0,8,群益金鼎-西松,2023-08-07,9136
9958,世紀鋼,10,2,8,群益金鼎-西松,2023-08-07,9136
3576,聯合再生,7,0,7,群益金鼎-西松,2023-08-07,9136
00637L,元大滬深300正2,17,10,7,群益金鼎-西松,2023-08-07,9136
1907,永豐餘,7,0,7,群益金鼎-西松,2023-08-07,9136
2352,佳世達,14,7,7,群益金鼎-西松,2023-08-07,9136
8358,金居,7,0,7,群益金鼎-西松,2023-08-07,9136
5871,中租-KY,7,1,6,群益金鼎-西松,2023-08-07,9136
8050,廣積,11,5,6,群益金鼎-西松,2023-08-07,9136
2458,義隆,8,2,6,群益金鼎-西松,2023-08-07,9136
00706L,期元大S＆P日圓正2,6,0,6,群益金鼎-西松,2023-08-07,9136
2881,富邦金,6,0,6,群益金鼎-西松,2023-08-07,9136
2886,兆豐金,6,0,6,群益金鼎-西松,2023-08-07,9136
4746,台耀,6,0,6,群益金鼎-西松,2023-08-07,9136
6026,福邦證,6,0,6,群益金鼎-西松,2023-08-07,9136
6274,台燿,38,32,6,群益金鼎-西松,2023-08-07,9136
3231,緯創,378,220,158,群益金鼎-西松,2023-08-08,9136
2356,英業達,149,33,116,群益金鼎-西松,2023-08-08,9136
3044,健鼎,82,21,61,群益金鼎-西松,2023-08-08,9136
2368,金像電,63,9,54,群益金鼎-西松,2023-08-08,9136
2883,凱基金,53,2,51,群益金鼎-西松,2023-08-08,9136
00665L,富邦�琤肭磪囓�2,50,0,50,群益金鼎-西松,2023-08-08,9136
00900,富邦特選高股息30,47,0,47,群益金鼎-西松,2023-08-08,9136
9958,世紀鋼,46,1,45,群益金鼎-西松,2023-08-08,9136
2363,矽統,45,8,37,群益金鼎-西松,2023-08-08,9136
3056,富華新,37,3,34,群益金鼎-西松,2023-08-08,9136
00923,群益台ESG低碳50,30,0,30,群益金鼎-西松,2023-08-08,9136
2801,彰銀,21,0,21,群益金鼎-西松,2023-08-08,9136
2881,富邦金,21,0,21,群益金鼎-西松,2023-08-08,9136
2888,新光金,21,0,21,群益金鼎-西松,2023-08-08,9136
1210,大成,26,5,21,群益金鼎-西松,2023-08-08,9136
2836,高雄銀,20,0,20,群益金鼎-西松,2023-08-08,9136
2887,台新金,19,0,19,群益金鼎-西松,2023-08-08,9136
2891,中信金,20,2,18,群益金鼎-西松,2023-08-08,9136
6770,力積電,16,0,16,群益金鼎-西松,2023-08-08,9136
5880,合庫金,15,0,15,群益金鼎-西松,2023-08-08,9136
5299,杰力,15,0,15,群益金鼎-西松,2023-08-08,9136
6138,茂達,15,0,15,群益金鼎-西松,2023-08-08,9136
3324,雙鴻,31,17,14,群益金鼎-西松,2023-08-08,9136
00931B,統一美債20年,33,20,13,群益金鼎-西松,2023-08-08,9136
2430,燦坤,13,0,13,群益金鼎-西松,2023-08-08,9136
00680L,元大美債20正2,12,0,12,群益金鼎-西松,2023-08-08,9136
2062,橋椿,12,0,12,群益金鼎-西松,2023-08-08,9136
3711,日月光投控,14,3,11,群益金鼎-西松,2023-08-08,9136
2303,聯電,11,0,11,群益金鼎-西松,2023-08-08,9136
2913,農林,16,5,11,群益金鼎-西松,2023-08-08,9136
2352,佳世達,10,0,10,群益金鼎-西松,2023-08-08,9136
00706L,期元大S＆P日圓正2,10,0,10,群益金鼎-西松,2023-08-08,9136
00795B,中信美國公債20年,10,0,10,群益金鼎-西松,2023-08-08,9136
00669R,國泰美國道瓊反1,10,0,10,群益金鼎-西松,2023-08-08,9136
2834,臺企銀,10,0,10,群益金鼎-西松,2023-08-08,9136
3325,旭品,13,3,10,群益金鼎-西松,2023-08-08,9136
6214,精誠,11,1,10,群益金鼎-西松,2023-08-08,9136
2376,技嘉,18,9,9,群益金鼎-西松,2023-08-08,9136
1101,台泥,13,4,9,群益金鼎-西松,2023-08-08,9136
2340,台亞,10,1,9,群益金鼎-西松,2023-08-08,9136
2367,燿華,9,0,9,群益金鼎-西松,2023-08-08,9136
00687B,國泰20年美債,8,0,8,群益金鼎-西松,2023-08-08,9136
3583,辛耘,20,12,8,群益金鼎-西松,2023-08-08,9136
3596,智易,13,5,8,群益金鼎-西松,2023-08-08,9136
6239,力成,7,0,7,群益金鼎-西松,2023-08-08,9136
2344,華邦電,7,0,7,群益金鼎-西松,2023-08-08,9136
1513,中興電,7,1,6,群益金鼎-西松,2023-08-08,9136
1789,神隆,6,0,6,群益金鼎-西松,2023-08-08,9136
3714,富采,6,0,6,群益金鼎-西松,2023-08-08,9136
5452,佶優,23,17,6,群益金鼎-西松,2023-08-08,9136
00878,國泰永續高股息,212,1,211,群益金鼎-西松,2023-08-09,9136
00900,富邦特選高股息30,183,0,183,群益金鼎-西松,2023-08-09,9136
00679B,元大美債20年,127,0,127,群益金鼎-西松,2023-08-09,9136
2402,毅嘉,124,7,117,群益金鼎-西松,2023-08-09,9136
2330,台積電,112,1,111,群益金鼎-西松,2023-08-09,9136
00751B,元大AAA至A公司債,51,0,51,群益金鼎-西松,2023-08-09,9136
00929,復華台灣科技優息,50,0,50,群益金鼎-西松,2023-08-09,9136
00923,群益台ESG低碳50,28,0,28,群益金鼎-西松,2023-08-09,9136
2376,技嘉,31,3,28,群益金鼎-西松,2023-08-09,9136
2317,鴻海,27,3,24,群益金鼎-西松,2023-08-09,9136
00931B,統一美債20年,33,10,23,群益金鼎-西松,2023-08-09,9136
3624,光頡,21,0,21,群益金鼎-西松,2023-08-09,9136
6205,詮欣,21,0,21,群益金鼎-西松,2023-08-09,9136
2465,麗臺,20,0,20,群益金鼎-西松,2023-08-09,9136
0056,元大高股息,26,8,18,群益金鼎-西松,2023-08-09,9136
2890,永豐金,19,2,17,群益金鼎-西松,2023-08-09,9136
00642U,期元大S＆P石油,20,4,16,群益金鼎-西松,2023-08-09,9136
1605,華新,18,2,16,群益金鼎-西松,2023-08-09,9136
2329,華泰,15,1,14,群益金鼎-西松,2023-08-09,9136
9938,百和,13,0,13,群益金鼎-西松,2023-08-09,9136
2409,友達,23,10,13,群益金鼎-西松,2023-08-09,9136
2882,國泰金,16,3,13,群益金鼎-西松,2023-08-09,9136
1471,首利,12,0,12,群益金鼎-西松,2023-08-09,9136
2610,華航,55,44,11,群益金鼎-西松,2023-08-09,9136
3707,漢磊,12,2,10,群益金鼎-西松,2023-08-09,9136
00907,永豐優息存股,10,0,10,群益金鼎-西松,2023-08-09,9136
00706L,期元大S＆P日圓正2,10,0,10,群益金鼎-西松,2023-08-09,9136
00877,復華中國5G,10,0,10,群益金鼎-西松,2023-08-09,9136
2457,飛宏,11,1,10,群益金鼎-西松,2023-08-09,9136
2489,瑞軒,10,0,10,群益金鼎-西松,2023-08-09,9136
3305,昇貿,10,0,10,群益金鼎-西松,2023-08-09,9136
9802,鈺齊-KY,10,0,10,群益金鼎-西松,2023-08-09,9136
00795B,中信美國公債20年,9,0,9,群益金鼎-西松,2023-08-09,9136
3163,波若威,12,3,9,群益金鼎-西松,2023-08-09,9136
00885,富邦越南,8,0,8,群益金鼎-西松,2023-08-09,9136
3481,群創,15,8,7,群益金鼎-西松,2023-08-09,9136
8086,宏捷科,7,0,7,群益金鼎-西松,2023-08-09,9136
2344,華邦電,7,0,7,群益金鼎-西松,2023-08-09,9136
3564,其陽,7,0,7,群益金鼎-西松,2023-08-09,9136
6185,幃翔,7,0,7,群益金鼎-西松,2023-08-09,9136
6279,胡連,7,0,7,群益金鼎-西松,2023-08-09,9136
00919,群益台灣精選高息,6,0,6,群益金鼎-西松,2023-08-09,9136
00712,復華富時不動產,6,0,6,群益金鼎-西松,2023-08-09,9136
2002,中鋼,6,0,6,群益金鼎-西松,2023-08-09,9136
2206,三陽工業,14,8,6,群益金鼎-西松,2023-08-09,9136
2313,華通,7,1,6,群益金鼎-西松,2023-08-09,9136
2383,台光電,8,2,6,群益金鼎-西松,2023-08-09,9136
2634,漢翔,8,2,6,群益金鼎-西松,2023-08-09,9136
3056,富華新,6,0,6,群益金鼎-西松,2023-08-09,9136
5452,佶優,11,5,6,群益金鼎-西松,2023-08-09,9136
2801,彰銀,251,0,251,群益金鼎-西松,2023-08-10,9136
2610,華航,228,30,198,群益金鼎-西松,2023-08-10,9136
3481,群創,154,1,153,群益金鼎-西松,2023-08-10,9136
9802,鈺齊-KY,138,0,138,群益金鼎-西松,2023-08-10,9136
00878,國泰永續高股息,105,12,93,群益金鼎-西松,2023-08-10,9136
00929,復華台灣科技優息,80,0,80,群益金鼎-西松,2023-08-10,9136
00900,富邦特選高股息30,68,0,68,群益金鼎-西松,2023-08-10,9136
2331,精英,60,0,60,群益金鼎-西松,2023-08-10,9136
00751B,元大AAA至A公司債,50,0,50,群益金鼎-西松,2023-08-10,9136
2913,農林,51,6,45,群益金鼎-西松,2023-08-10,9136
2888,新光金,88,50,38,群益金鼎-西松,2023-08-10,9136
00795B,中信美國公債20年,31,0,31,群益金鼎-西松,2023-08-10,9136
0056,元大高股息,39,11,28,群益金鼎-西松,2023-08-10,9136
00923,群益台ESG低碳50,26,0,26,群益金鼎-西松,2023-08-10,9136
2324,仁寶,22,1,21,群益金鼎-西松,2023-08-10,9136
4763,材料-KY,21,1,20,群益金鼎-西松,2023-08-10,9136
2201,裕隆,20,0,20,群益金鼎-西松,2023-08-10,9136
00753L,中信中國50正2,50,30,20,群益金鼎-西松,2023-08-10,9136
00680L,元大美債20正2,20,0,20,群益金鼎-西松,2023-08-10,9136
2027,大成鋼,20,0,20,群益金鼎-西松,2023-08-10,9136
3032,偉訓,19,0,19,群益金鼎-西松,2023-08-10,9136
2409,友達,20,2,18,群益金鼎-西松,2023-08-10,9136
2371,大同,20,3,17,群益金鼎-西松,2023-08-10,9136
6531,愛普*,16,1,15,群益金鼎-西松,2023-08-10,9136
2104,國際中橡,15,0,15,群益金鼎-西松,2023-08-10,9136
1605,華新,23,9,14,群益金鼎-西松,2023-08-10,9136
1802,台玻,15,1,14,群益金鼎-西松,2023-08-10,9136
6576,逸達,14,0,14,群益金鼎-西松,2023-08-10,9136
2368,金像電,22,8,14,群益金鼎-西松,2023-08-10,9136
3037,欣興,14,1,13,群益金鼎-西松,2023-08-10,9136
1907,永豐餘,16,4,12,群益金鼎-西松,2023-08-10,9136
1513,中興電,14,2,12,群益金鼎-西松,2023-08-10,9136
00712,復華富時不動產,12,0,12,群益金鼎-西松,2023-08-10,9136
00919,群益台灣精選高息,12,0,12,群益金鼎-西松,2023-08-10,9136
00706L,期元大S＆P日圓正2,12,0,12,群益金鼎-西松,2023-08-10,9136
00772B,中信高評級公司債,11,0,11,群益金鼎-西松,2023-08-10,9136
2328,廣宇,11,0,11,群益金鼎-西松,2023-08-10,9136
00720B,元大投資級公司債,10,0,10,群益金鼎-西松,2023-08-10,9136
00877,復華中國5G,10,0,10,群益金鼎-西松,2023-08-10,9136
3011,今皓,10,0,10,群益金鼎-西松,2023-08-10,9136
00927,群益半導體收益,9,0,9,群益金鼎-西松,2023-08-10,9136
2312,金寶,9,0,9,群益金鼎-西松,2023-08-10,9136
5309,系統電,9,0,9,群益金鼎-西松,2023-08-10,9136
6188,廣明,42,33,9,群益金鼎-西松,2023-08-10,9136
6790,永豐實,9,0,9,群益金鼎-西松,2023-08-10,9136
2208,台船,8,0,8,群益金鼎-西松,2023-08-10,9136
00907,永豐優息存股,8,0,8,群益金鼎-西松,2023-08-10,9136
8040,九暘,8,0,8,群益金鼎-西松,2023-08-10,9136
3558,神準,8,1,7,群益金鼎-西松,2023-08-10,9136
2886,兆豐金,8,1,7,群益金鼎-西松,2023-08-10,9136
3325,旭品,471,2,469,群益金鼎-西松,2023-08-11,9136
3231,緯創,249,62,187,群益金鼎-西松,2023-08-11,9136
00772B,中信高評級公司債,101,0,101,群益金鼎-西松,2023-08-11,9136
2382,廣達,300,219,81,群益金鼎-西松,2023-08-11,9136
2356,英業達,72,13,59,群益金鼎-西松,2023-08-11,9136
6712,長聖,61,12,49,群益金鼎-西松,2023-08-11,9136
1532,勤美,32,0,32,群益金鼎-西松,2023-08-11,9136
00679B,元大美債20年,31,0,31,群益金鼎-西松,2023-08-11,9136
2376,技嘉,90,62,28,群益金鼎-西松,2023-08-11,9136
00706L,期元大S＆P日圓正2,27,0,27,群益金鼎-西松,2023-08-11,9136
6672,騰輝電子-KY,30,3,27,群益金鼎-西松,2023-08-11,9136
00687B,國泰20年美債,26,0,26,群益金鼎-西松,2023-08-11,9136
6125,廣運,27,4,23,群益金鼎-西松,2023-08-11,9136
1722,台肥,20,0,20,群益金鼎-西松,2023-08-11,9136
3037,欣興,22,4,18,群益金鼎-西松,2023-08-11,9136
2892,第一金,20,2,18,群益金鼎-西松,2023-08-11,9136
00929,復華台灣科技優息,17,0,17,群益金鼎-西松,2023-08-11,9136
00637L,元大滬深300正2,42,25,17,群益金鼎-西松,2023-08-11,9136
00923,群益台ESG低碳50,17,0,17,群益金鼎-西松,2023-08-11,9136
00900,富邦特選高股息30,17,0,17,群益金鼎-西松,2023-08-11,9136
6223,旺矽,28,13,15,群益金鼎-西松,2023-08-11,9136
00795B,中信美國公債20年,15,0,15,群益金鼎-西松,2023-08-11,9136
2409,友達,14,0,14,群益金鼎-西松,2023-08-11,9136
00673R,期元大S＆P原油反1,14,0,14,群益金鼎-西松,2023-08-11,9136
00753L,中信中國50正2,14,0,14,群益金鼎-西松,2023-08-11,9136
2363,矽統,38,24,14,群益金鼎-西松,2023-08-11,9136
2344,華邦電,16,3,13,群益金鼎-西松,2023-08-11,9136
2342,茂矽,12,0,12,群益金鼎-西松,2023-08-11,9136
2481,強茂,11,0,11,群益金鼎-西松,2023-08-11,9136
2317,鴻海,21,10,11,群益金鼎-西松,2023-08-11,9136
2377,微星,11,0,11,群益金鼎-西松,2023-08-11,9136
6547,高端疫苗,12,1,11,群益金鼎-西松,2023-08-11,9136
3483,力致,13,3,10,群益金鼎-西松,2023-08-11,9136
1319,東陽,12,2,10,群益金鼎-西松,2023-08-11,9136
00773B,中信優先金融債,10,0,10,群益金鼎-西松,2023-08-11,9136
00642U,期元大S＆P石油,10,0,10,群益金鼎-西松,2023-08-11,9136
2211,長榮鋼,10,0,10,群益金鼎-西松,2023-08-11,9136
2301,光寶科,23,13,10,群益金鼎-西松,2023-08-11,9136
2515,中工,10,0,10,群益金鼎-西松,2023-08-11,9136
2704,國賓,10,0,10,群益金鼎-西松,2023-08-11,9136
3305,昇貿,10,0,10,群益金鼎-西松,2023-08-11,9136
6190,萬泰科,10,0,10,群益金鼎-西松,2023-08-11,9136
9802,鈺齊-KY,10,0,10,群益金鼎-西松,2023-08-11,9136
3715,定穎投控,9,0,9,群益金鼎-西松,2023-08-11,9136
00720B,元大投資級公司債,8,0,8,群益金鼎-西松,2023-08-11,9136
2520,冠德,8,0,8,群益金鼎-西松,2023-08-11,9136
6770,力積電,8,0,8,群益金鼎-西松,2023-08-11,9136
2204,中華,9,2,7,群益金鼎-西松,2023-08-11,9136
2618,長榮航,111,104,7,群益金鼎-西松,2023-08-11,9136
4906,正文,7,0,7,群益金鼎-西松,2023-08-11,9136
2382,廣達,285,48,237,群益金鼎-西松,2023-08-14,9136
3035,智原,166,8,158,群益金鼎-西松,2023-08-14,9136
00720B,元大投資級公司債,140,0,140,群益金鼎-西松,2023-08-14,9136
3044,健鼎,93,24,69,群益金鼎-西松,2023-08-14,9136
00900,富邦特選高股息30,63,0,63,群益金鼎-西松,2023-08-14,9136
00751B,元大AAA至A公司債,57,0,57,群益金鼎-西松,2023-08-14,9136
8110,華東,50,0,50,群益金鼎-西松,2023-08-14,9136
2363,矽統,69,20,49,群益金鼎-西松,2023-08-14,9136
2883,凱基金,49,0,49,群益金鼎-西松,2023-08-14,9136
2323,中環,50,4,46,群益金鼎-西松,2023-08-14,9136
3483,力致,65,20,45,群益金鼎-西松,2023-08-14,9136
2371,大同,41,0,41,群益金鼎-西松,2023-08-14,9136
9802,鈺齊-KY,40,0,40,群益金鼎-西松,2023-08-14,9136
2618,長榮航,70,35,35,群益金鼎-西松,2023-08-14,9136
00929,復華台灣科技優息,35,0,35,群益金鼎-西松,2023-08-14,9136
00878,國泰永續高股息,37,5,32,群益金鼎-西松,2023-08-14,9136
00923,群益台ESG低碳50,31,0,31,群益金鼎-西松,2023-08-14,9136
1909,榮成,31,0,31,群益金鼎-西松,2023-08-14,9136
2892,第一金,30,0,30,群益金鼎-西松,2023-08-14,9136
3686,達能,30,0,30,群益金鼎-西松,2023-08-14,9136
6770,力積電,42,13,29,群益金鼎-西松,2023-08-14,9136
2890,永豐金,23,0,23,群益金鼎-西松,2023-08-14,9136
1314,中石化,25,3,22,群益金鼎-西松,2023-08-14,9136
4123,晟德,28,6,22,群益金鼎-西松,2023-08-14,9136
0056,元大高股息,34,12,22,群益金鼎-西松,2023-08-14,9136
00637L,元大滬深300正2,29,8,21,群益金鼎-西松,2023-08-14,9136
9945,潤泰新,21,0,21,群益金鼎-西松,2023-08-14,9136
2707,晶華,20,0,20,群益金鼎-西松,2023-08-14,9136
00919,群益台灣精選高息,20,0,20,群益金鼎-西松,2023-08-14,9136
3092,鴻碩,20,1,19,群益金鼎-西松,2023-08-14,9136
6446,藥華藥,19,0,19,群益金鼎-西松,2023-08-14,9136
00795B,中信美國公債20年,18,0,18,群益金鼎-西松,2023-08-14,9136
6282,康舒,17,1,16,群益金鼎-西松,2023-08-14,9136
006208,富邦台50,15,0,15,群益金鼎-西松,2023-08-14,9136
2211,長榮鋼,15,0,15,群益金鼎-西松,2023-08-14,9136
2801,彰銀,21,7,14,群益金鼎-西松,2023-08-14,9136
2883B,凱基金乙特,14,0,14,群益金鼎-西松,2023-08-14,9136
3078,僑威,16,2,14,群益金鼎-西松,2023-08-14,9136
2891,中信金,14,1,13,群益金鼎-西松,2023-08-14,9136
2836,高雄銀,13,0,13,群益金鼎-西松,2023-08-14,9136
3581,博磊,13,0,13,群益金鼎-西松,2023-08-14,9136
00931B,統一美債20年,12,0,12,群益金鼎-西松,2023-08-14,9136
2497,怡利電,12,0,12,群益金鼎-西松,2023-08-14,9136
2451,創見,11,0,11,群益金鼎-西松,2023-08-14,9136
6005,群益證,11,0,11,群益金鼎-西松,2023-08-14,9136
1795,美時,13,3,10,群益金鼎-西松,2023-08-14,9136
3017,奇鋐,15,5,10,群益金鼎-西松,2023-08-14,9136
1587,吉茂,10,0,10,群益金鼎-西松,2023-08-14,9136
1718,中纖,10,0,10,群益金鼎-西松,2023-08-14,9136
2014,中鴻,20,10,10,群益金鼎-西松,2023-08-14,9136
00720B,元大投資級公司債,106,0,106,群益金鼎-西松,2023-08-15,9136
2363,矽統,112,9,103,群益金鼎-西松,2023-08-15,9136
2618,長榮航,121,33,88,群益金鼎-西松,2023-08-15,9136
2317,鴻海,94,12,82,群益金鼎-西松,2023-08-15,9136
00680L,元大美債20正2,75,0,75,群益金鼎-西松,2023-08-15,9136
00687B,國泰20年美債,92,20,72,群益金鼎-西松,2023-08-15,9136
00923,群益台ESG低碳50,71,0,71,群益金鼎-西松,2023-08-15,9136
9802,鈺齊-KY,48,0,48,群益金鼎-西松,2023-08-15,9136
00632R,元大台灣50反1,60,16,44,群益金鼎-西松,2023-08-15,9136
00900,富邦特選高股息30,33,0,33,群益金鼎-西松,2023-08-15,9136
3044,健鼎,35,4,31,群益金鼎-西松,2023-08-15,9136
1909,榮成,30,0,30,群益金鼎-西松,2023-08-15,9136
2892,第一金,29,0,29,群益金鼎-西松,2023-08-15,9136
6531,愛普*,27,0,27,群益金鼎-西松,2023-08-15,9136
00882,中信中國高股息,26,0,26,群益金鼎-西松,2023-08-15,9136
2324,仁寶,182,159,23,群益金鼎-西松,2023-08-15,9136
2316,楠梓電,20,0,20,群益金鼎-西松,2023-08-15,9136
6576,逸達,19,0,19,群益金鼎-西松,2023-08-15,9136
6446,藥華藥,23,6,17,群益金鼎-西松,2023-08-15,9136
3033,威健,15,0,15,群益金鼎-西松,2023-08-15,9136
3213,茂訊,19,4,15,群益金鼎-西松,2023-08-15,9136
6125,廣運,15,1,14,群益金鼎-西松,2023-08-15,9136
3481,群創,19,5,14,群益金鼎-西松,2023-08-15,9136
2890,永豐金,13,0,13,群益金鼎-西松,2023-08-15,9136
2883,凱基金,13,0,13,群益金鼎-西松,2023-08-15,9136
6770,力積電,13,0,13,群益金鼎-西松,2023-08-15,9136
8112,至上,13,1,12,群益金鼎-西松,2023-08-15,9136
2886,兆豐金,10,0,10,群益金鼎-西松,2023-08-15,9136
00642U,期元大S＆P石油,10,0,10,群益金鼎-西松,2023-08-15,9136
00929,復華台灣科技優息,11,1,10,群益金鼎-西松,2023-08-15,9136
00927,群益半導體收益,10,0,10,群益金鼎-西松,2023-08-15,9136
2313,華通,16,6,10,群益金鼎-西松,2023-08-15,9136
3680,家登,10,0,10,群益金鼎-西松,2023-08-15,9136
5426,振發,10,0,10,群益金鼎-西松,2023-08-15,9136
6016,康和證,10,0,10,群益金鼎-西松,2023-08-15,9136
1301,台塑,9,0,9,群益金鼎-西松,2023-08-15,9136
1101,台泥,12,4,8,群益金鼎-西松,2023-08-15,9136
00885,富邦越南,8,0,8,群益金鼎-西松,2023-08-15,9136
2353,宏��,13,6,7,群益金鼎-西松,2023-08-15,9136
2382,廣達,87,80,7,群益金鼎-西松,2023-08-15,9136
3483,力致,18,11,7,群益金鼎-西松,2023-08-15,9136
0050,元大台灣50,6,0,6,群益金鼎-西松,2023-08-15,9136
1102,亞泥,6,0,6,群益金鼎-西松,2023-08-15,9136
2887,台新金,6,0,6,群益金鼎-西松,2023-08-15,9136
3056,富華新,6,0,6,群益金鼎-西松,2023-08-15,9136
2330,台積電,5,0,5,群益金鼎-西松,2023-08-15,9136
2421,建準,34,29,5,群益金鼎-西松,2023-08-15,9136
1402,遠東新,5,0,5,群益金鼎-西松,2023-08-15,9136
2022,聚亨,5,0,5,群益金鼎-西松,2023-08-15,9136
2211,長榮鋼,5,0,5,群益金鼎-西松,2023-08-15,9136
2324,仁寶,582,20,562,群益金鼎-西松,2023-08-16,9136
2880,華南金,49,0,49,群益金鼎-西松,2023-08-16,9136
00923,群益台ESG低碳50,48,7,41,群益金鼎-西松,2023-08-16,9136
00680L,元大美債20正2,38,0,38,群益金鼎-西松,2023-08-16,9136
1101,台泥,36,0,36,群益金鼎-西松,2023-08-16,9136
2891,中信金,33,0,33,群益金鼎-西松,2023-08-16,9136
2886,兆豐金,26,0,26,群益金鼎-西松,2023-08-16,9136
00929,復華台灣科技優息,25,1,24,群益金鼎-西松,2023-08-16,9136
3481,群創,26,3,23,群益金鼎-西松,2023-08-16,9136
2303,聯電,31,10,21,群益金鼎-西松,2023-08-16,9136
00712,復華富時不動產,21,0,21,群益金鼎-西松,2023-08-16,9136
2609,陽明,32,13,19,群益金鼎-西松,2023-08-16,9136
00900,富邦特選高股息30,19,0,19,群益金鼎-西松,2023-08-16,9136
00720B,元大投資級公司債,19,0,19,群益金鼎-西松,2023-08-16,9136
1319,東陽,21,2,19,群益金鼎-西松,2023-08-16,9136
00687B,國泰20年美債,15,0,15,群益金鼎-西松,2023-08-16,9136
2892,第一金,16,1,15,群益金鼎-西松,2023-08-16,9136
3680,家登,15,0,15,群益金鼎-西松,2023-08-16,9136
8049,晶采,15,0,15,群益金鼎-西松,2023-08-16,9136
6125,廣運,17,3,14,群益金鼎-西松,2023-08-16,9136
1802,台玻,13,0,13,群益金鼎-西松,2023-08-16,9136
3715,定穎投控,23,10,13,群益金鼎-西松,2023-08-16,9136
0050,元大台灣50,12,0,12,群益金鼎-西松,2023-08-16,9136
8069,元太,12,1,11,群益金鼎-西松,2023-08-16,9136
2881,富邦金,11,1,10,群益金鼎-西松,2023-08-16,9136
00632R,元大台灣50反1,10,0,10,群益金鼎-西松,2023-08-16,9136
1432,大魯閣,10,0,10,群益金鼎-西松,2023-08-16,9136
2887,台新金,10,0,10,群益金鼎-西松,2023-08-16,9136
4113,聯上,10,0,10,群益金鼎-西松,2023-08-16,9136
4763,材料-KY,20,10,10,群益金鼎-西松,2023-08-16,9136
2317,鴻海,16,7,9,群益金鼎-西松,2023-08-16,9136
00878,國泰永續高股息,21,12,9,群益金鼎-西松,2023-08-16,9136
3682,亞太電,9,0,9,群益金鼎-西松,2023-08-16,9136
00882,中信中國高股息,7,0,7,群益金鼎-西松,2023-08-16,9136
3213,茂訊,8,1,7,群益金鼎-西松,2023-08-16,9136
4909,新復興,7,0,7,群益金鼎-西松,2023-08-16,9136
5531,鄉林,7,0,7,群益金鼎-西松,2023-08-16,9136
1301,台塑,6,0,6,群益金鼎-西松,2023-08-16,9136
2313,華通,11,5,6,群益金鼎-西松,2023-08-16,9136
2314,台揚,6,0,6,群益金鼎-西松,2023-08-16,9136
2371,大同,6,0,6,群益金鼎-西松,2023-08-16,9136
9945,潤泰新,6,0,6,群益金鼎-西松,2023-08-16,9136
8210,勤誠,13,7,6,群益金鼎-西松,2023-08-16,9136
00637L,元大滬深300正2,20,15,5,群益金鼎-西松,2023-08-16,9136
1307,三芳,5,0,5,群益金鼎-西松,2023-08-16,9136
2206,三陽工業,5,0,5,群益金鼎-西松,2023-08-16,9136
2344,華邦電,5,0,5,群益金鼎-西松,2023-08-16,9136
2542,興富發,5,0,5,群益金鼎-西松,2023-08-16,9136
2845,遠東銀,5,0,5,群益金鼎-西松,2023-08-16,9136
3260,威剛,5,0,5,群益金鼎-西松,2023-08-16,9136
00687B,國泰20年美債,274,10,264,群益金鼎-西松,2023-08-17,9136
3231,緯創,151,65,86,群益金鼎-西松,2023-08-17,9136
2330,台積電,123,45,78,群益金鼎-西松,2023-08-17,9136
2382,廣達,232,154,78,群益金鼎-西松,2023-08-17,9136
2301,光寶科,97,30,67,群益金鼎-西松,2023-08-17,9136
2881,富邦金,54,0,54,群益金鼎-西松,2023-08-17,9136
00772B,中信高評級公司債,51,0,51,群益金鼎-西松,2023-08-17,9136
2891,中信金,46,2,44,群益金鼎-西松,2023-08-17,9136
3017,奇鋐,40,3,37,群益金鼎-西松,2023-08-17,9136
00680L,元大美債20正2,31,2,29,群益金鼎-西松,2023-08-17,9136
2329,華泰,33,5,28,群益金鼎-西松,2023-08-17,9136
8210,勤誠,47,20,27,群益金鼎-西松,2023-08-17,9136
00753L,中信中國50正2,25,0,25,群益金鼎-西松,2023-08-17,9136
6116,彩晶,25,0,25,群益金鼎-西松,2023-08-17,9136
3689,湧德,24,1,23,群益金鼎-西松,2023-08-17,9136
2888,新光金,21,0,21,群益金鼎-西松,2023-08-17,9136
00900,富邦特選高股息30,21,0,21,群益金鼎-西松,2023-08-17,9136
2610,華航,24,4,20,群益金鼎-西松,2023-08-17,9136
2836,高雄銀,20,0,20,群益金鼎-西松,2023-08-17,9136
00923,群益台ESG低碳50,23,5,18,群益金鼎-西松,2023-08-17,9136
5371,中光電,21,4,17,群益金鼎-西松,2023-08-17,9136
2363,矽統,58,42,16,群益金鼎-西松,2023-08-17,9136
2002,中鋼,17,1,16,群益金鼎-西松,2023-08-17,9136
2451,創見,16,0,16,群益金鼎-西松,2023-08-17,9136
2497,怡利電,16,1,15,群益金鼎-西松,2023-08-17,9136
2892,第一金,14,0,14,群益金鼎-西松,2023-08-17,9136
1101,台泥,14,0,14,群益金鼎-西松,2023-08-17,9136
00882,中信中國高股息,13,0,13,群益金鼎-西松,2023-08-17,9136
3092,鴻碩,12,0,12,群益金鼎-西松,2023-08-17,9136
00891,中信關鍵半導體,11,0,11,群益金鼎-西松,2023-08-17,9136
00720B,元大投資級公司債,10,0,10,群益金鼎-西松,2023-08-17,9136
1326,台化,10,0,10,群益金鼎-西松,2023-08-17,9136
3213,茂訊,12,2,10,群益金鼎-西松,2023-08-17,9136
3694,海華,10,0,10,群益金鼎-西松,2023-08-17,9136
8021,尖點,10,0,10,群益金鼎-西松,2023-08-17,9136
00929,復華台灣科技優息,9,0,9,群益金鼎-西松,2023-08-17,9136
2618,長榮航,17,8,9,群益金鼎-西松,2023-08-17,9136
2915,潤泰全,9,0,9,群益金鼎-西松,2023-08-17,9136
3706,神達,12,3,9,群益金鼎-西松,2023-08-17,9136
5876,上海商銀,9,0,9,群益金鼎-西松,2023-08-17,9136
6770,力積電,17,8,9,群益金鼎-西松,2023-08-17,9136
2303,聯電,11,3,8,群益金鼎-西松,2023-08-17,9136
1710,東聯,11,3,8,群益金鼎-西松,2023-08-17,9136
2388,威盛,12,4,8,群益金鼎-西松,2023-08-17,9136
3013,晟銘電,8,0,8,群益金鼎-西松,2023-08-17,9136
3131,弘塑,7,0,7,群益金鼎-西松,2023-08-17,9136
2368,金像電,38,31,7,群益金鼎-西松,2023-08-17,9136
1722,台肥,6,0,6,群益金鼎-西松,2023-08-17,9136
1904,正隆,6,0,6,群益金鼎-西松,2023-08-17,9136
2027,大成鋼,6,0,6,群益金鼎-西松,2023-08-17,9136
3231,緯創,421,78,343,群益金鼎-西松,2023-08-18,9136
3044,健鼎,107,15,92,群益金鼎-西松,2023-08-18,9136
00687B,國泰20年美債,70,0,70,群益金鼎-西松,2023-08-18,9136
2313,華通,66,0,66,群益金鼎-西松,2023-08-18,9136
00753L,中信中國50正2,50,0,50,群益金鼎-西松,2023-08-18,9136
8059,凱碩,39,0,39,群益金鼎-西松,2023-08-18,9136
3483,力致,58,22,36,群益金鼎-西松,2023-08-18,9136
2301,光寶科,70,37,33,群益金鼎-西松,2023-08-18,9136
2890,永豐金,31,0,31,群益金鼎-西松,2023-08-18,9136
2409,友達,27,1,26,群益金鼎-西松,2023-08-18,9136
2383,台光電,24,0,24,群益金鼎-西松,2023-08-18,9136
6187,萬潤,25,1,24,群益金鼎-西松,2023-08-18,9136
3704,合勤控,25,2,23,群益金鼎-西松,2023-08-18,9136
2363,矽統,131,110,21,群益金鼎-西松,2023-08-18,9136
3693,營邦,26,6,20,群益金鼎-西松,2023-08-18,9136
2034,允強,20,0,20,群益金鼎-西松,2023-08-18,9136
6285,啟��,55,39,16,群益金鼎-西松,2023-08-18,9136
1319,東陽,42,27,15,群益金鼎-西松,2023-08-18,9136
3706,神達,83,68,15,群益金鼎-西松,2023-08-18,9136
5531,鄉林,14,0,14,群益金鼎-西松,2023-08-18,9136
00878,國泰永續高股息,36,23,13,群益金鼎-西松,2023-08-18,9136
00923,群益台ESG低碳50,12,0,12,群益金鼎-西松,2023-08-18,9136
1101,台泥,12,0,12,群益金鼎-西松,2023-08-18,9136
2892,第一金,11,0,11,群益金鼎-西松,2023-08-18,9136
2211,長榮鋼,11,0,11,群益金鼎-西松,2023-08-18,9136
2344,華邦電,13,2,11,群益金鼎-西松,2023-08-18,9136
00929,復華台灣科技優息,12,2,10,群益金鼎-西松,2023-08-18,9136
1591,駿吉-KY,13,3,10,群益金鼎-西松,2023-08-18,9136
2201,裕隆,10,0,10,群益金鼎-西松,2023-08-18,9136
2353,宏��,10,0,10,群益金鼎-西松,2023-08-18,9136
2888,新光金,20,10,10,群益金鼎-西松,2023-08-18,9136
3032,偉訓,10,0,10,群益金鼎-西松,2023-08-18,9136
9105,泰金寶-DR,10,0,10,群益金鼎-西松,2023-08-18,9136
2891,中信金,13,4,9,群益金鼎-西松,2023-08-18,9136
1584,精剛,9,0,9,群益金鼎-西松,2023-08-18,9136
0056,元大高股息,28,19,9,群益金鼎-西松,2023-08-18,9136
1603,華電,10,1,9,群益金鼎-西松,2023-08-18,9136
2329,華泰,31,22,9,群益金鼎-西松,2023-08-18,9136
2641,正德,10,1,9,群益金鼎-西松,2023-08-18,9136
8050,廣積,16,8,8,群益金鼎-西松,2023-08-18,9136
00712,復華富時不動產,8,0,8,群益金鼎-西松,2023-08-18,9136
2887,台新金,10,2,8,群益金鼎-西松,2023-08-18,9136
3037,欣興,10,3,7,群益金鼎-西松,2023-08-18,9136
00720B,元大投資級公司債,7,0,7,群益金鼎-西松,2023-08-18,9136
2421,建準,42,35,7,群益金鼎-西松,2023-08-18,9136
1529,樂事綠能,7,0,7,群益金鼎-西松,2023-08-18,9136
2027,大成鋼,7,0,7,群益金鼎-西松,2023-08-18,9136
8069,元太,10,3,7,群益金鼎-西松,2023-08-18,9136
00882,中信中國高股息,7,0,7,群益金鼎-西松,2023-08-18,9136
1789,神隆,6,0,6,群益金鼎-西松,2023-08-18,9136
3483,力致,145,27,118,群益金鼎-西松,2023-08-21,9136
5608,四維航,105,0,105,群益金鼎-西松,2023-08-21,9136
2610,華航,85,0,85,群益金鼎-西松,2023-08-21,9136
2618,長榮航,62,0,62,群益金鼎-西松,2023-08-21,9136
6125,廣運,52,17,35,群益金鼎-西松,2023-08-21,9136
6235,華孚,41,17,24,群益金鼎-西松,2023-08-21,9136
6770,力積電,24,0,24,群益金鼎-西松,2023-08-21,9136
1519,華城,20,3,17,群益金鼎-西松,2023-08-21,9136
00882,中信中國高股息,15,0,15,群益金鼎-西松,2023-08-21,9136
00927,群益半導體收益,15,0,15,群益金鼎-西松,2023-08-21,9136
00680L,元大美債20正2,15,0,15,群益金鼎-西松,2023-08-21,9136
2344,華邦電,14,1,13,群益金鼎-西松,2023-08-21,9136
2211,長榮鋼,13,0,13,群益金鼎-西松,2023-08-21,9136
2376,技嘉,13,1,12,群益金鼎-西松,2023-08-21,9136
2883,凱基金,12,0,12,群益金鼎-西松,2023-08-21,9136
00720B,元大投資級公司債,11,0,11,群益金鼎-西松,2023-08-21,9136
2408,南亞科,11,0,11,群益金鼎-西松,2023-08-21,9136
1802,台玻,10,0,10,群益金鼎-西松,2023-08-21,9136
5302,太欣,10,0,10,群益金鼎-西松,2023-08-21,9136
3362,先進光,9,0,9,群益金鼎-西松,2023-08-21,9136
1504,東元,8,0,8,群益金鼎-西松,2023-08-21,9136
2345,智邦,9,1,8,群益金鼎-西松,2023-08-21,9136
3037,欣興,9,2,7,群益金鼎-西松,2023-08-21,9136
2313,華通,9,2,7,群益金鼎-西松,2023-08-21,9136
2374,佳能,12,5,7,群益金鼎-西松,2023-08-21,9136
2887,台新金,7,0,7,群益金鼎-西松,2023-08-21,9136
6108,競國,7,0,7,群益金鼎-西松,2023-08-21,9136
2605,新興,7,1,6,群益金鼎-西松,2023-08-21,9136
3092,鴻碩,6,0,6,群益金鼎-西松,2023-08-21,9136
4543,萬在,7,1,6,群益金鼎-西松,2023-08-21,9136
6191,精成科,6,0,6,群益金鼎-西松,2023-08-21,9136
00929,復華台灣科技優息,5,0,5,群益金鼎-西松,2023-08-21,9136
00687B,國泰20年美債,5,0,5,群益金鼎-西松,2023-08-21,9136
00753L,中信中國50正2,55,50,5,群益金鼎-西松,2023-08-21,9136
2516,新建,5,0,5,群益金鼎-西松,2023-08-21,9136
2812,台中銀,5,0,5,群益金鼎-西松,2023-08-21,9136
2855,統一證,5,0,5,群益金鼎-西松,2023-08-21,9136
2886,兆豐金,5,0,5,群益金鼎-西松,2023-08-21,9136
3078,僑威,6,1,5,群益金鼎-西松,2023-08-21,9136
4908,前鼎,5,0,5,群益金鼎-西松,2023-08-21,9136
6672,騰輝電子-KY,5,0,5,群益金鼎-西松,2023-08-21,9136
6691,洋基工程,5,0,5,群益金鼎-西松,2023-08-21,9136
9904,寶成,5,0,5,群益金鼎-西松,2023-08-21,9136
2888,新光金,7,2,5,群益金鼎-西松,2023-08-21,9136
3321,同泰,5,0,5,群益金鼎-西松,2023-08-21,9136
2880,華南金,4,0,4,群益金鼎-西松,2023-08-21,9136
00923,群益台ESG低碳50,4,0,4,群益金鼎-西松,2023-08-21,9136
2606,裕民,5,1,4,群益金鼎-西松,2023-08-21,9136
4906,正文,6,2,4,群益金鼎-西松,2023-08-21,9136
3689,湧德,24,20,4,群益金鼎-西松,2023-08-21,9136
2363,矽統,209,24,185,群益金鼎-西松,2023-08-22,9136
6869,雲豹能源,55,0,55,群益金鼎-西松,2023-08-22,9136
2211,長榮鋼,51,0,51,群益金鼎-西松,2023-08-22,9136
00929,復華台灣科技優息,51,10,41,群益金鼎-西松,2023-08-22,9136
6139,亞翔,35,0,35,群益金鼎-西松,2023-08-22,9136
2409,友達,35,1,34,群益金鼎-西松,2023-08-22,9136
2382,廣達,99,75,24,群益金鼎-西松,2023-08-22,9136
3483,力致,45,21,24,群益金鼎-西松,2023-08-22,9136
6290,良維,20,0,20,群益金鼎-西松,2023-08-22,9136
2312,金寶,21,3,18,群益金鼎-西松,2023-08-22,9136
2329,華泰,28,10,18,群益金鼎-西松,2023-08-22,9136
00882,中信中國高股息,14,0,14,群益金鼎-西松,2023-08-22,9136
2354,鴻準,14,0,14,群益金鼎-西松,2023-08-22,9136
3324,雙鴻,14,1,13,群益金鼎-西松,2023-08-22,9136
2376,技嘉,39,26,13,群益金鼎-西松,2023-08-22,9136
2891,中信金,12,0,12,群益金鼎-西松,2023-08-22,9136
1513,中興電,12,0,12,群益金鼎-西松,2023-08-22,9136
00680L,元大美債20正2,13,1,12,群益金鼎-西松,2023-08-22,9136
2371,大同,12,0,12,群益金鼎-西松,2023-08-22,9136
00637L,元大滬深300正2,58,47,11,群益金鼎-西松,2023-08-22,9136
2610,華航,21,10,11,群益金鼎-西松,2023-08-22,9136
2883B,凱基金乙特,11,0,11,群益金鼎-西松,2023-08-22,9136
4766,南寶,10,0,10,群益金鼎-西松,2023-08-22,9136
6499,益安,10,0,10,群益金鼎-西松,2023-08-22,9136
8358,金居,11,2,9,群益金鼎-西松,2023-08-22,9136
2401,凌陽,12,3,9,群益金鼎-西松,2023-08-22,9136
6191,精成科,13,4,9,群益金鼎-西松,2023-08-22,9136
00895,富邦未來車,8,0,8,群益金鼎-西松,2023-08-22,9136
6108,競國,8,0,8,群益金鼎-西松,2023-08-22,9136
3078,僑威,8,1,7,群益金鼎-西松,2023-08-22,9136
00878,國泰永續高股息,6,0,6,群益金鼎-西松,2023-08-22,9136
3707,漢磊,6,0,6,群益金鼎-西松,2023-08-22,9136
00679B,元大美債20年,6,0,6,群益金鼎-西松,2023-08-22,9136
2419,仲琦,7,1,6,群益金鼎-西松,2023-08-22,9136
2606,裕民,7,1,6,群益金鼎-西松,2023-08-22,9136
2897,王道銀行,6,0,6,群益金鼎-西松,2023-08-22,9136
8210,勤誠,18,12,6,群益金鼎-西松,2023-08-22,9136
6170,統振,6,1,5,群益金鼎-西松,2023-08-22,9136
1102,亞泥,5,0,5,群益金鼎-西松,2023-08-22,9136
2882,國泰金,6,1,5,群益金鼎-西松,2023-08-22,9136
3294,英濟,5,0,5,群益金鼎-西松,2023-08-22,9136
00751B,元大AAA至A公司債,5,0,5,群益金鼎-西松,2023-08-22,9136
2353,宏��,8,3,5,群益金鼎-西松,2023-08-22,9136
2374,佳能,5,0,5,群益金鼎-西松,2023-08-22,9136
3419,譁裕,5,0,5,群益金鼎-西松,2023-08-22,9136
3567,逸昌,6,1,5,群益金鼎-西松,2023-08-22,9136
5410,國眾,5,0,5,群益金鼎-西松,2023-08-22,9136
6197,佳必琪,7,2,5,群益金鼎-西松,2023-08-22,9136
6672,騰輝電子-KY,5,0,5,群益金鼎-西松,2023-08-22,9136
2337,旺宏,10,5,5,群益金鼎-西松,2023-08-22,9136
3231,緯創,341,26,315,群益金鼎-西松,2023-08-23,9136
3483,力致,508,222,286,群益金鼎-西松,2023-08-23,9136
00712,復華富時不動產,101,0,101,群益金鼎-西松,2023-08-23,9136
2605,新興,47,0,47,群益金鼎-西松,2023-08-23,9136
00650L,復華香港正2,44,0,44,群益金鼎-西松,2023-08-23,9136
3043,科風,34,0,34,群益金鼎-西松,2023-08-23,9136
2382,廣達,88,59,29,群益金鼎-西松,2023-08-23,9136
2359,所羅門,27,0,27,群益金鼎-西松,2023-08-23,9136
2618,長榮航,36,11,25,群益金鼎-西松,2023-08-23,9136
2367,燿華,35,13,22,群益金鼎-西松,2023-08-23,9136
2312,金寶,21,0,21,群益金鼎-西松,2023-08-23,9136
3005,神基,21,0,21,群益金鼎-西松,2023-08-23,9136
00909,國泰數位支付服務,20,0,20,群益金鼎-西松,2023-08-23,9136
6257,矽格,19,1,18,群益金鼎-西松,2023-08-23,9136
6799,來頡,18,0,18,群益金鼎-西松,2023-08-23,9136
3163,波若威,26,10,16,群益金鼎-西松,2023-08-23,9136
6235,華孚,16,0,16,群益金鼎-西松,2023-08-23,9136
2301,光寶科,45,30,15,群益金鼎-西松,2023-08-23,9136
00929,復華台灣科技優息,36,23,13,群益金鼎-西松,2023-08-23,9136
6139,亞翔,15,3,12,群益金鼎-西松,2023-08-23,9136
1109,信大,11,0,11,群益金鼎-西松,2023-08-23,9136
00679B,元大美債20年,17,6,11,群益金鼎-西松,2023-08-23,9136
4979,華星光,45,35,10,群益金鼎-西松,2023-08-23,9136
00751B,元大AAA至A公司債,10,0,10,群益金鼎-西松,2023-08-23,9136
2884,玉山金,10,0,10,群益金鼎-西松,2023-08-23,9136
3013,晟銘電,114,104,10,群益金鼎-西松,2023-08-23,9136
3715,定穎投控,49,39,10,群益金鼎-西松,2023-08-23,9136
5371,中光電,10,0,10,群益金鼎-西松,2023-08-23,9136
5512,力麒,10,0,10,群益金鼎-西松,2023-08-23,9136
8049,晶采,10,0,10,群益金鼎-西松,2023-08-23,9136
9934,成霖,10,0,10,群益金鼎-西松,2023-08-23,9136
5876,上海商銀,9,0,9,群益金鼎-西松,2023-08-23,9136
2634,漢翔,19,11,8,群益金鼎-西松,2023-08-23,9136
1517,利奇,8,0,8,群益金鼎-西松,2023-08-23,9136
6576,逸達,8,0,8,群益金鼎-西松,2023-08-23,9136
2421,建準,19,12,7,群益金鼎-西松,2023-08-23,9136
6669,緯穎,11,4,7,群益金鼎-西松,2023-08-23,9136
2383,台光電,9,3,6,群益金鼎-西松,2023-08-23,9136
2609,陽明,11,5,6,群益金鼎-西松,2023-08-23,9136
2883,凱基金,6,0,6,群益金鼎-西松,2023-08-23,9136
3311,閎暉,6,0,6,群益金鼎-西松,2023-08-23,9136
6167,久正,25,19,6,群益金鼎-西松,2023-08-23,9136
6275,元山,6,0,6,群益金鼎-西松,2023-08-23,9136
7402,邑錡,6,0,6,群益金鼎-西松,2023-08-23,9136
6125,廣運,28,23,5,群益金鼎-西松,2023-08-23,9136
00632R,元大台灣50反1,5,0,5,群益金鼎-西松,2023-08-23,9136
00881,國泰台灣5G+,5,0,5,群益金鼎-西松,2023-08-23,9136
2376,技嘉,11,6,5,群益金鼎-西松,2023-08-23,9136
2520,冠德,5,0,5,群益金鼎-西松,2023-08-23,9136
2637,慧洋-KY,5,0,5,群益金鼎-西松,2023-08-23,9136
9802,鈺齊-KY,113,3,110,群益金鼎-西松,2023-08-24,9136
3231,緯創,151,102,49,群益金鼎-西松,2023-08-24,9136
2331,精英,106,64,42,群益金鼎-西松,2023-08-24,9136
00929,復華台灣科技優息,91,51,40,群益金鼎-西松,2023-08-24,9136
1316,上曜,40,0,40,群益金鼎-西松,2023-08-24,9136
2382,廣達,116,88,28,群益金鼎-西松,2023-08-24,9136
8069,元太,28,1,27,群益金鼎-西松,2023-08-24,9136
2314,台揚,26,0,26,群益金鼎-西松,2023-08-24,9136
8049,晶采,26,0,26,群益金鼎-西松,2023-08-24,9136
2888,新光金,24,0,24,群益金鼎-西松,2023-08-24,9136
00632R,元大台灣50反1,20,0,20,群益金鼎-西松,2023-08-24,9136
2419,仲琦,85,65,20,群益金鼎-西松,2023-08-24,9136
2528,皇普,20,0,20,群益金鼎-西松,2023-08-24,9136
2883B,凱基金乙特,20,0,20,群益金鼎-西松,2023-08-24,9136
6005,群益證,20,0,20,群益金鼎-西松,2023-08-24,9136
00895,富邦未來車,20,1,19,群益金鼎-西松,2023-08-24,9136
00687B,國泰20年美債,20,1,19,群益金鼎-西松,2023-08-24,9136
2425,承啟,20,1,19,群益金鼎-西松,2023-08-24,9136
3013,晟銘電,30,11,19,群益金鼎-西松,2023-08-24,9136
5876,上海商銀,17,0,17,群益金鼎-西松,2023-08-24,9136
2337,旺宏,19,2,17,群益金鼎-西松,2023-08-24,9136
6139,亞翔,27,11,16,群益金鼎-西松,2023-08-24,9136
6414,樺漢,16,1,15,群益金鼎-西松,2023-08-24,9136
2376,技嘉,48,33,15,群益金鼎-西松,2023-08-24,9136
3715,定穎投控,23,10,13,群益金鼎-西松,2023-08-24,9136
6156,松上,13,0,13,群益金鼎-西松,2023-08-24,9136
2634,漢翔,74,61,13,群益金鼎-西松,2023-08-24,9136
2324,仁寶,26,14,12,群益金鼎-西松,2023-08-24,9136
2615,萬海,11,0,11,群益金鼎-西松,2023-08-24,9136
2618,長榮航,20,9,11,群益金鼎-西松,2023-08-24,9136
2882,國泰金,13,2,11,群益金鼎-西松,2023-08-24,9136
3045,台灣大,11,0,11,群益金鼎-西松,2023-08-24,9136
2449,京元電子,216,206,10,群益金鼎-西松,2023-08-24,9136
00680L,元大美債20正2,10,0,10,群益金鼎-西松,2023-08-24,9136
2883,凱基金,10,0,10,群益金鼎-西松,2023-08-24,9136
4541,晟田,10,0,10,群益金鼎-西松,2023-08-24,9136
5701,劍湖山,10,0,10,群益金鼎-西松,2023-08-24,9136
6016,康和證,10,0,10,群益金鼎-西松,2023-08-24,9136
2485,兆赫,17,9,8,群益金鼎-西松,2023-08-24,9136
2002,中鋼,7,0,7,群益金鼎-西松,2023-08-24,9136
2421,建準,52,45,7,群益金鼎-西松,2023-08-24,9136
2329,華泰,14,8,6,群益金鼎-西松,2023-08-24,9136
5469,瀚宇博,7,1,6,群益金鼎-西松,2023-08-24,9136
8210,勤誠,14,9,5,群益金鼎-西松,2023-08-24,9136
00922,國泰台灣領袖50,5,0,5,群益金鼎-西松,2023-08-24,9136
2332,友訊,22,17,5,群益金鼎-西松,2023-08-24,9136
2399,映泰,19,14,5,群益金鼎-西松,2023-08-24,9136
2892,第一金,5,0,5,群益金鼎-西松,2023-08-24,9136
3051,力特,7,2,5,群益金鼎-西松,2023-08-24,9136
3305,昇貿,15,10,5,群益金鼎-西松,2023-08-24,9136
4906,正文,406,86,320,群益金鼎-西松,2023-08-25,9136
3231,緯創,1179,1010,169,群益金鼎-西松,2023-08-25,9136
2610,華航,199,92,107,群益金鼎-西松,2023-08-25,9136
00878,國泰永續高股息,92,7,85,群益金鼎-西松,2023-08-25,9136
6669,緯穎,78,5,73,群益金鼎-西松,2023-08-25,9136
2888,新光金,50,0,50,群益金鼎-西松,2023-08-25,9136
3094,聯傑,54,6,48,群益金鼎-西松,2023-08-25,9136
2486,一詮,45,1,44,群益金鼎-西松,2023-08-25,9136
2634,漢翔,43,4,39,群益金鼎-西松,2023-08-25,9136
2303,聯電,36,1,35,群益金鼎-西松,2023-08-25,9136
00900,富邦特選高股息30,32,0,32,群益金鼎-西松,2023-08-25,9136
2301,光寶科,33,6,27,群益金鼎-西松,2023-08-25,9136
0056,元大高股息,29,2,27,群益金鼎-西松,2023-08-25,9136
3037,欣興,44,21,23,群益金鼎-西松,2023-08-25,9136
2409,友達,21,1,20,群益金鼎-西松,2023-08-25,9136
2356,英業達,19,0,19,群益金鼎-西松,2023-08-25,9136
3715,定穎投控,20,1,19,群益金鼎-西松,2023-08-25,9136
3693,營邦,19,2,17,群益金鼎-西松,2023-08-25,9136
1303,南亞,16,0,16,群益金鼎-西松,2023-08-25,9136
2618,長榮航,21,6,15,群益金鼎-西松,2023-08-25,9136
2485,兆赫,52,38,14,群益金鼎-西松,2023-08-25,9136
2328,廣宇,12,1,11,群益金鼎-西松,2023-08-25,9136
3163,波若威,17,6,11,群益金鼎-西松,2023-08-25,9136
6235,華孚,19,8,11,群益金鼎-西松,2023-08-25,9136
8358,金居,12,1,11,群益金鼎-西松,2023-08-25,9136
00680L,元大美債20正2,10,0,10,群益金鼎-西松,2023-08-25,9136
2406,國碩,10,0,10,群益金鼎-西松,2023-08-25,9136
6177,達麗,10,0,10,群益金鼎-西松,2023-08-25,9136
8021,尖點,10,0,10,群益金鼎-西松,2023-08-25,9136
00715L,期街口布蘭特正2,9,0,9,群益金鼎-西松,2023-08-25,9136
2344,華邦電,9,0,9,群益金鼎-西松,2023-08-25,9136
00919,群益台灣精選高息,10,1,9,群益金鼎-西松,2023-08-25,9136
3532,台勝科,8,0,8,群益金鼎-西松,2023-08-25,9136
00923,群益台ESG低碳50,8,0,8,群益金鼎-西松,2023-08-25,9136
1760,寶齡富錦,8,0,8,群益金鼎-西松,2023-08-25,9136
2371,大同,10,2,8,群益金鼎-西松,2023-08-25,9136
6770,力積電,8,0,8,群益金鼎-西松,2023-08-25,9136
7402,邑錡,8,0,8,群益金鼎-西松,2023-08-25,9136
1217,愛之味,7,0,7,群益金鼎-西松,2023-08-25,9136
00751B,元大AAA至A公司債,12,5,7,群益金鼎-西松,2023-08-25,9136
1522,堤維西,20,13,7,群益金鼎-西松,2023-08-25,9136
2353,宏��,9,2,7,群益金鼎-西松,2023-08-25,9136
6285,啟��,28,21,7,群益金鼎-西松,2023-08-25,9136
8033,雷虎,8,1,7,群益金鼎-西松,2023-08-25,9136
6170,統振,8,1,7,群益金鼎-西松,2023-08-25,9136
2887,台新金,7,0,7,群益金鼎-西松,2023-08-25,9136
00924,復華S＆P500成長,7,0,7,群益金鼎-西松,2023-08-25,9136
6829,千附精密,10,4,6,群益金鼎-西松,2023-08-25,9136
00916,國泰全球品牌50,6,0,6,群益金鼎-西松,2023-08-25,9136
00893,國泰智能電動車,6,0,6,群益金鼎-西松,2023-08-25,9136
2331,精英,1448,896,552,群益金鼎-西松,2023-08-28,9136
2363,矽統,109,15,94,群益金鼎-西松,2023-08-28,9136
4979,華星光,87,3,84,群益金鼎-西松,2023-08-28,9136
2618,長榮航,76,13,63,群益金鼎-西松,2023-08-28,9136
3231,緯創,179,119,60,群益金鼎-西松,2023-08-28,9136
1737,臺鹽,56,1,55,群益金鼎-西松,2023-08-28,9136
4944,兆遠,50,0,50,群益金鼎-西松,2023-08-28,9136
2888,新光金,49,0,49,群益金鼎-西松,2023-08-28,9136
00637L,元大滬深300正2,105,65,40,群益金鼎-西松,2023-08-28,9136
2634,漢翔,61,30,31,群益金鼎-西松,2023-08-28,9136
2324,仁寶,36,6,30,群益金鼎-西松,2023-08-28,9136
00878,國泰永續高股息,36,7,29,群益金鼎-西松,2023-08-28,9136
2393,億光,20,0,20,群益金鼎-西松,2023-08-28,9136
3149,正達,20,0,20,群益金鼎-西松,2023-08-28,9136
2382,廣達,70,51,19,群益金鼎-西松,2023-08-28,9136
4916,事欣科,18,0,18,群益金鼎-西松,2023-08-28,9136
1522,堤維西,16,0,16,群益金鼎-西松,2023-08-28,9136
3576,聯合再生,15,0,15,群益金鼎-西松,2023-08-28,9136
8050,廣積,16,1,15,群益金鼎-西松,2023-08-28,9136
3037,欣興,17,2,15,群益金鼎-西松,2023-08-28,9136
0056,元大高股息,15,1,14,群益金鼎-西松,2023-08-28,9136
6116,彩晶,20,6,14,群益金鼎-西松,2023-08-28,9136
00753L,中信中國50正2,13,0,13,群益金鼎-西松,2023-08-28,9136
6168,宏齊,13,0,13,群益金鼎-西松,2023-08-28,9136
2317,鴻海,13,1,12,群益金鼎-西松,2023-08-28,9136
2356,英業達,19,7,12,群益金鼎-西松,2023-08-28,9136
2485,兆赫,64,53,11,群益金鼎-西松,2023-08-28,9136
1519,華城,10,0,10,群益金鼎-西松,2023-08-28,9136
2884,玉山金,10,0,10,群益金鼎-西松,2023-08-28,9136
00680L,元大美債20正2,15,5,10,群益金鼎-西松,2023-08-28,9136
2023,燁輝,10,0,10,群益金鼎-西松,2023-08-28,9136
4967,十銓,10,0,10,群益金鼎-西松,2023-08-28,9136
6147,頎邦,10,0,10,群益金鼎-西松,2023-08-28,9136
6214,精誠,10,0,10,群益金鼎-西松,2023-08-28,9136
2371,大同,9,0,9,群益金鼎-西松,2023-08-28,9136
5009,榮剛,10,2,8,群益金鼎-西松,2023-08-28,9136
6770,力積電,11,3,8,群益金鼎-西松,2023-08-28,9136
2388,威盛,10,3,7,群益金鼎-西松,2023-08-28,9136
2355,敬鵬,8,1,7,群益金鼎-西松,2023-08-28,9136
3289,宜特,7,0,7,群益金鼎-西松,2023-08-28,9136
1471,首利,11,5,6,群益金鼎-西松,2023-08-28,9136
2401,凌陽,10,4,6,群益金鼎-西松,2023-08-28,9136
2498,宏達電,6,0,6,群益金鼎-西松,2023-08-28,9136
3092,鴻碩,6,0,6,群益金鼎-西松,2023-08-28,9136
6271,同欣電,6,0,6,群益金鼎-西松,2023-08-28,9136
1319,東陽,30,25,5,群益金鼎-西松,2023-08-28,9136
1301,台塑,5,0,5,群益金鼎-西松,2023-08-28,9136
1789,神隆,5,0,5,群益金鼎-西松,2023-08-28,9136
2353,宏��,13,8,5,群益金鼎-西松,2023-08-28,9136
5410,國眾,5,0,5,群益金鼎-西松,2023-08-28,9136
2330,台積電,112,1,111,群益金鼎-西松,2023-08-29,9136
00929,復華台灣科技優息,76,2,74,群益金鼎-西松,2023-08-29,9136
4906,正文,58,3,55,群益金鼎-西松,2023-08-29,9136
0056,元大高股息,34,0,34,群益金鼎-西松,2023-08-29,9136
2376,技嘉,45,15,30,群益金鼎-西松,2023-08-29,9136
2409,友達,21,0,21,群益金鼎-西松,2023-08-29,9136
2301,光寶科,26,6,20,群益金鼎-西松,2023-08-29,9136
2363,矽統,61,42,19,群益金鼎-西松,2023-08-29,9136
1409,新纖,17,0,17,群益金鼎-西松,2023-08-29,9136
2377,微星,12,0,12,群益金鼎-西松,2023-08-29,9136
2317,鴻海,17,6,11,群益金鼎-西松,2023-08-29,9136
2002,中鋼,11,1,10,群益金鼎-西松,2023-08-29,9136
2023,燁輝,10,0,10,群益金鼎-西松,2023-08-29,9136
6285,啟��,50,41,9,群益金鼎-西松,2023-08-29,9136
2464,盟立,8,0,8,群益金鼎-西松,2023-08-29,9136
2634,漢翔,27,19,8,群益金鼎-西松,2023-08-29,9136
5880,合庫金,8,0,8,群益金鼎-西松,2023-08-29,9136
00919,群益台灣精選高息,7,0,7,群益金鼎-西松,2023-08-29,9136
2887,台新金,7,0,7,群益金鼎-西松,2023-08-29,9136
2485,兆赫,14,7,7,群益金鼎-西松,2023-08-29,9136
6547,高端疫苗,7,0,7,群益金鼎-西松,2023-08-29,9136
2328,廣宇,9,3,6,群益金鼎-西松,2023-08-29,9136
6191,精成科,6,0,6,群益金鼎-西松,2023-08-29,9136
00922,國泰台灣領袖50,5,0,5,群益金鼎-西松,2023-08-29,9136
2367,燿華,5,0,5,群益金鼎-西松,2023-08-29,9136
2888,新光金,5,0,5,群益金鼎-西松,2023-08-29,9136
3078,僑威,11,6,5,群益金鼎-西松,2023-08-29,9136
5348,正能量智能,5,0,5,群益金鼎-西松,2023-08-29,9136
6235,華孚,9,4,5,群益金鼎-西松,2023-08-29,9136
8467,波力-KY,5,0,5,群益金鼎-西松,2023-08-29,9136
9103,美德醫療-DR,5,0,5,群益金鼎-西松,2023-08-29,9136
1471,首利,6,1,5,群益金鼎-西松,2023-08-29,9136
2880,華南金,4,0,4,群益金鼎-西松,2023-08-29,9136
8033,雷虎,4,0,4,群益金鼎-西松,2023-08-29,9136
2368,金像電,6,2,4,群益金鼎-西松,2023-08-29,9136
1108,幸福,4,0,4,群益金鼎-西松,2023-08-29,9136
2329,華泰,5,1,4,群益金鼎-西松,2023-08-29,9136
3163,波若威,9,5,4,群益金鼎-西松,2023-08-29,9136
6167,久正,6,2,4,群益金鼎-西松,2023-08-29,9136
6443,元晶,5,1,4,群益金鼎-西松,2023-08-29,9136
9933,中鼎,4,0,4,群益金鼎-西松,2023-08-29,9136
3443,創意,8,4,4,群益金鼎-西松,2023-08-29,9136
3583,辛耘,5,2,3,群益金鼎-西松,2023-08-29,9136
2481,強茂,3,0,3,群益金鼎-西松,2023-08-29,9136
2449,京元電子,17,14,3,群益金鼎-西松,2023-08-29,9136
2913,農林,3,0,3,群益金鼎-西松,2023-08-29,9136
3024,憶聲,3,0,3,群益金鼎-西松,2023-08-29,9136
3043,科風,3,0,3,群益金鼎-西松,2023-08-29,9136
3306,鼎天,3,0,3,群益金鼎-西松,2023-08-29,9136
3715,定穎投控,27,24,3,群益金鼎-西松,2023-08-29,9136
6213,聯茂,274,8,266,群益金鼎-西松,2023-08-30,9136
2618,長榮航,210,20,190,群益金鼎-西松,2023-08-30,9136
2317,鴻海,106,3,103,群益金鼎-西松,2023-08-30,9136
8210,勤誠,74,2,72,群益金鼎-西松,2023-08-30,9136
4979,華星光,73,5,68,群益金鼎-西松,2023-08-30,9136
00637L,元大滬深300正2,54,10,44,群益金鼎-西松,2023-08-30,9136
2390,云辰,40,0,40,群益金鼎-西松,2023-08-30,9136
3481,群創,31,1,30,群益金鼎-西松,2023-08-30,9136
2367,燿華,27,0,27,群益金鼎-西松,2023-08-30,9136
9958,世紀鋼,28,3,25,群益金鼎-西松,2023-08-30,9136
3035,智原,35,13,22,群益金鼎-西松,2023-08-30,9136
3017,奇鋐,23,5,18,群益金鼎-西松,2023-08-30,9136
00931B,統一美債20年,35,20,15,群益金鼎-西松,2023-08-30,9136
2881,富邦金,15,0,15,群益金鼎-西松,2023-08-30,9136
3518,柏騰,14,0,14,群益金鼎-西松,2023-08-30,9136
2409,友達,13,0,13,群益金鼎-西松,2023-08-30,9136
4967,十銓,12,0,12,群益金鼎-西松,2023-08-30,9136
1319,東陽,55,43,12,群益金鼎-西松,2023-08-30,9136
2609,陽明,12,1,11,群益金鼎-西松,2023-08-30,9136
00909,國泰數位支付服務,10,0,10,群益金鼎-西松,2023-08-30,9136
2520,冠德,10,0,10,群益金鼎-西松,2023-08-30,9136
2615,萬海,10,0,10,群益金鼎-西松,2023-08-30,9136
3041,揚智,10,0,10,群益金鼎-西松,2023-08-30,9136
3653,健策,10,0,10,群益金鼎-西松,2023-08-30,9136
2355,敬鵬,22,13,9,群益金鼎-西松,2023-08-30,9136
2301,光寶科,19,11,8,群益金鼎-西松,2023-08-30,9136
1316,上曜,16,8,8,群益金鼎-西松,2023-08-30,9136
6796,晉弘,8,0,8,群益金鼎-西松,2023-08-30,9136
2634,漢翔,17,10,7,群益金鼎-西松,2023-08-30,9136
00633L,富邦上証正2,7,0,7,群益金鼎-西松,2023-08-30,9136
5347,世界,7,0,7,群益金鼎-西松,2023-08-30,9136
5371,中光電,20,13,7,群益金鼎-西松,2023-08-30,9136
6168,宏齊,8,1,7,群益金鼎-西松,2023-08-30,9136
2376,技嘉,36,29,7,群益金鼎-西松,2023-08-30,9136
006207,復華滬深,6,0,6,群益金鼎-西松,2023-08-30,9136
3325,旭品,11,5,6,群益金鼎-西松,2023-08-30,9136
6472,保瑞,7,1,6,群益金鼎-西松,2023-08-30,9136
8234,新漢,6,0,6,群益金鼎-西松,2023-08-30,9136
2883,凱基金,5,0,5,群益金鼎-西松,2023-08-30,9136
2399,映泰,9,4,5,群益金鼎-西松,2023-08-30,9136
2405,輔信,5,0,5,群益金鼎-西松,2023-08-30,9136
2449,京元電子,7,2,5,群益金鼎-西松,2023-08-30,9136
2641,正德,5,0,5,群益金鼎-西松,2023-08-30,9136
4147,中裕,6,1,5,群益金鼎-西松,2023-08-30,9136
5351,鈺創,5,0,5,群益金鼎-西松,2023-08-30,9136
5410,國眾,5,0,5,群益金鼎-西松,2023-08-30,9136
5876,上海商銀,5,0,5,群益金鼎-西松,2023-08-30,9136
6194,育富,5,0,5,群益金鼎-西松,2023-08-30,9136
6538,倉和,8,3,5,群益金鼎-西松,2023-08-30,9136
2891,中信金,6,2,4,群益金鼎-西松,2023-08-30,9136
2408,南亞科,201,1,200,群益金鼎-西松,2023-08-31,9136
6213,聯茂,237,41,196,群益金鼎-西松,2023-08-31,9136
2330,台積電,63,0,63,群益金鼎-西松,2023-08-31,9136
3260,威剛,84,32,52,群益金鼎-西松,2023-08-31,9136
5225,東科-KY,52,2,50,群益金鼎-西松,2023-08-31,9136
00929,復華台灣科技優息,47,0,47,群益金鼎-西松,2023-08-31,9136
2303,聯電,44,4,40,群益金鼎-西松,2023-08-31,9136
2363,矽統,39,7,32,群益金鼎-西松,2023-08-31,9136
2337,旺宏,36,5,31,群益金鼎-西松,2023-08-31,9136
00665L,富邦�琤肭磪囓�2,30,0,30,群益金鼎-西松,2023-08-31,9136
3035,智原,31,8,23,群益金鼎-西松,2023-08-31,9136
2376,技嘉,43,21,22,群益金鼎-西松,2023-08-31,9136
5347,世界,22,0,22,群益金鼎-西松,2023-08-31,9136
00923,群益台ESG低碳50,21,0,21,群益金鼎-西松,2023-08-31,9136
2520,冠德,25,4,21,群益金鼎-西松,2023-08-31,9136
00753L,中信中國50正2,20,0,20,群益金鼎-西松,2023-08-31,9136
1591,駿吉-KY,20,0,20,群益金鼎-西松,2023-08-31,9136
6139,亞翔,20,0,20,群益金鼎-西松,2023-08-31,9136
3711,日月光投控,19,1,18,群益金鼎-西松,2023-08-31,9136
2313,華通,23,6,17,群益金鼎-西松,2023-08-31,9136
3693,營邦,18,1,17,群益金鼎-西松,2023-08-31,9136
1316,上曜,16,0,16,群益金鼎-西松,2023-08-31,9136
2367,燿華,23,7,16,群益金鼎-西松,2023-08-31,9136
6168,宏齊,16,1,15,群益金鼎-西松,2023-08-31,9136
2890,永豐金,12,0,12,群益金鼎-西松,2023-08-31,9136
00679B,元大美債20年,12,0,12,群益金鼎-西松,2023-08-31,9136
2615,萬海,11,0,11,群益金鼎-西松,2023-08-31,9136
6547,高端疫苗,13,3,10,群益金鼎-西松,2023-08-31,9136
1216,統一,10,0,10,群益金鼎-西松,2023-08-31,9136
00706L,期元大S＆P日圓正2,10,0,10,群益金鼎-西松,2023-08-31,9136
2801,彰銀,10,0,10,群益金鼎-西松,2023-08-31,9136
2882,國泰金,10,0,10,群益金鼎-西松,2023-08-31,9136
3014,聯陽,10,0,10,群益金鼎-西松,2023-08-31,9136
6147,頎邦,12,2,10,群益金鼎-西松,2023-08-31,9136
3706,神達,13,5,8,群益金鼎-西松,2023-08-31,9136
6488,環球晶,10,2,8,群益金鼎-西松,2023-08-31,9136
2881,富邦金,8,0,8,群益金鼎-西松,2023-08-31,9136
3325,旭品,10,2,8,群益金鼎-西松,2023-08-31,9136
8358,金居,15,7,8,群益金鼎-西松,2023-08-31,9136
2355,敬鵬,9,2,7,群益金鼎-西松,2023-08-31,9136
2634,漢翔,19,12,7,群益金鼎-西松,2023-08-31,9136
2748,雲品,7,0,7,群益金鼎-西松,2023-08-31,9136
6274,台燿,7,0,7,群益金鼎-西松,2023-08-31,9136
00878,國泰永續高股息,12,6,6,群益金鼎-西松,2023-08-31,9136
2301,光寶科,19,13,6,群益金鼎-西松,2023-08-31,9136
00637L,元大滬深300正2,13,7,6,群益金鼎-西松,2023-08-31,9136
00715L,期街口布蘭特正2,6,0,6,群益金鼎-西松,2023-08-31,9136
1795,美時,6,0,6,群益金鼎-西松,2023-08-31,9136
3548,兆利,11,5,6,群益金鼎-西松,2023-08-31,9136
4113,聯上,6,0,6,群益金鼎-西松,2023-08-31,9136
2353,宏��,401,0,401,群益金鼎-西松,2023-09-01,9136
2337,旺宏,130,0,130,群益金鼎-西松,2023-09-01,9136
2243,宏旭-KY,100,0,100,群益金鼎-西松,2023-09-01,9136
2485,兆赫,109,19,90,群益金鼎-西松,2023-09-01,9136
3231,緯創,203,139,64,群益金鼎-西松,2023-09-01,9136
3011,今皓,56,3,53,群益金鼎-西松,2023-09-01,9136
2409,友達,50,0,50,群益金鼎-西松,2023-09-01,9136
00929,復華台灣科技優息,58,10,48,群益金鼎-西松,2023-09-01,9136
6126,信音,45,1,44,群益金鼎-西松,2023-09-01,9136
9802,鈺齊-KY,39,0,39,群益金鼎-西松,2023-09-01,9136
2356,英業達,41,5,36,群益金鼎-西松,2023-09-01,9136
00919,群益台灣精選高息,34,4,30,群益金鼎-西松,2023-09-01,9136
00882,中信中國高股息,30,0,30,群益金鼎-西松,2023-09-01,9136
00650L,復華香港正2,30,0,30,群益金鼎-西松,2023-09-01,9136
2883,凱基金,32,2,30,群益金鼎-西松,2023-09-01,9136
2312,金寶,26,1,25,群益金鼎-西松,2023-09-01,9136
2615,萬海,22,0,22,群益金鼎-西松,2023-09-01,9136
00673R,期元大S＆P原油反1,71,50,21,群益金鼎-西松,2023-09-01,9136
2382,廣達,77,58,19,群益金鼎-西松,2023-09-01,9136
3264,欣銓,21,2,19,群益金鼎-西松,2023-09-01,9136
5225,東科-KY,20,1,19,群益金鼎-西松,2023-09-01,9136
3163,波若威,30,15,15,群益金鼎-西松,2023-09-01,9136
1605,華新,15,3,12,群益金鼎-西松,2023-09-01,9136
6285,啟��,22,10,12,群益金鼎-西松,2023-09-01,9136
00932,兆豐永續高息等權,12,0,12,群益金鼎-西松,2023-09-01,9136
2867,三商壽,11,0,11,群益金鼎-西松,2023-09-01,9136
4967,十銓,13,2,11,群益金鼎-西松,2023-09-01,9136
2301,光寶科,13,3,10,群益金鼎-西松,2023-09-01,9136
2329,華泰,16,6,10,群益金鼎-西松,2023-09-01,9136
6592B,和潤企業乙特,10,0,10,群益金鼎-西松,2023-09-01,9136
6547,高端疫苗,10,1,9,群益金鼎-西松,2023-09-01,9136
00706L,期元大S＆P日圓正2,9,0,9,群益金鼎-西松,2023-09-01,9136
2313,華通,14,5,9,群益金鼎-西松,2023-09-01,9136
3078,僑威,13,4,9,群益金鼎-西松,2023-09-01,9136
3703,欣陸,10,1,9,群益金鼎-西松,2023-09-01,9136
4909,新復興,16,7,9,群益金鼎-西松,2023-09-01,9136
0056,元大高股息,10,2,8,群益金鼎-西松,2023-09-01,9136
2369,菱生,12,4,8,群益金鼎-西松,2023-09-01,9136
3432,台端,10,2,8,群益金鼎-西松,2023-09-01,9136
2542,興富發,7,0,7,群益金鼎-西松,2023-09-01,9136
3037,欣興,7,0,7,群益金鼎-西松,2023-09-01,9136
3234,光環,7,0,7,群益金鼎-西松,2023-09-01,9136
3545,敦泰,7,0,7,群益金鼎-西松,2023-09-01,9136
4113,聯上,7,0,7,群益金鼎-西松,2023-09-01,9136
6191,精成科,7,0,7,群益金鼎-西松,2023-09-01,9136
6535,順藥,7,0,7,群益金鼎-西松,2023-09-01,9136
2436,偉詮電,15,9,6,群益金鼎-西松,2023-09-01,9136
8358,金居,6,0,6,群益金鼎-西松,2023-09-01,9136
9950,萬國通,8,2,6,群益金鼎-西松,2023-09-01,9136
2368,金像電,9,3,6,群益金鼎-西松,2023-09-01,9136
00900,富邦特選高股息30,160,1,159,群益金鼎-西松,2023-09-04,9136
3706,神達,97,20,77,群益金鼎-西松,2023-09-04,9136
00673R,期元大S＆P原油反1,73,0,73,群益金鼎-西松,2023-09-04,9136
00720B,元大投資級公司債,55,0,55,群益金鼎-西松,2023-09-04,9136
2303,聯電,49,3,46,群益金鼎-西松,2023-09-04,9136
2371,大同,49,15,34,群益金鼎-西松,2023-09-04,9136
6770,力積電,38,5,33,群益金鼎-西松,2023-09-04,9136
2888,新光金,35,4,31,群益金鼎-西松,2023-09-04,9136
3011,今皓,31,0,31,群益金鼎-西松,2023-09-04,9136
00915,凱基優選高股息30,30,0,30,群益金鼎-西松,2023-09-04,9136
3047,訊舟,24,0,24,群益金鼎-西松,2023-09-04,9136
3481,群創,24,0,24,群益金鼎-西松,2023-09-04,9136
2374,佳能,23,0,23,群益金鼎-西松,2023-09-04,9136
1504,東元,24,4,20,群益金鼎-西松,2023-09-04,9136
8110,華東,21,2,19,群益金鼎-西松,2023-09-04,9136
00679B,元大美債20年,25,7,18,群益金鼎-西松,2023-09-04,9136
00923,群益台ESG低碳50,17,0,17,群益金鼎-西松,2023-09-04,9136
00919,群益台灣精選高息,16,0,16,群益金鼎-西松,2023-09-04,9136
00932,兆豐永續高息等權,16,0,16,群益金鼎-西松,2023-09-04,9136
3051,力特,26,11,15,群益金鼎-西松,2023-09-04,9136
2455,全新,15,2,13,群益金鼎-西松,2023-09-04,9136
00929,復華台灣科技優息,56,44,12,群益金鼎-西松,2023-09-04,9136
00752,中信中國50,11,0,11,群益金鼎-西松,2023-09-04,9136
1210,大成,12,1,11,群益金鼎-西松,2023-09-04,9136
1316,上曜,10,0,10,群益金鼎-西松,2023-09-04,9136
3207,耀勝,10,0,10,群益金鼎-西松,2023-09-04,9136
6531,愛普*,25,15,10,群益金鼎-西松,2023-09-04,9136
6690,安�硌穈T,10,0,10,群益金鼎-西松,2023-09-04,9136
8358,金居,12,2,10,群益金鼎-西松,2023-09-04,9136
5531,鄉林,9,0,9,群益金鼎-西松,2023-09-04,9136
8068,全達,9,0,9,群益金鼎-西松,2023-09-04,9136
2618,長榮航,95,86,9,群益金鼎-西松,2023-09-04,9136
2887,台新金,10,2,8,群益金鼎-西松,2023-09-04,9136
1109,信大,8,0,8,群益金鼎-西松,2023-09-04,9136
2236,百達-KY,10,2,8,群益金鼎-西松,2023-09-04,9136
2331,精英,8,0,8,群益金鼎-西松,2023-09-04,9136
2409,友達,8,0,8,群益金鼎-西松,2023-09-04,9136
3416,融程電,8,0,8,群益金鼎-西松,2023-09-04,9136
3617,碩天,8,0,8,群益金鼎-西松,2023-09-04,9136
6173,信昌電,9,1,8,群益金鼎-西松,2023-09-04,9136
6282,康舒,8,0,8,群益金鼎-西松,2023-09-04,9136
00706L,期元大S＆P日圓正2,7,0,7,群益金鼎-西松,2023-09-04,9136
2402,毅嘉,40,33,7,群益金鼎-西松,2023-09-04,9136
2449,京元電子,14,7,7,群益金鼎-西松,2023-09-04,9136
3071,協禧,30,23,7,群益金鼎-西松,2023-09-04,9136
6156,松上,20,13,7,群益金鼎-西松,2023-09-04,9136
6712,長聖,8,1,7,群益金鼎-西松,2023-09-04,9136
9927,泰銘,7,0,7,群益金鼎-西松,2023-09-04,9136
3483,力致,11,5,6,群益金鼎-西松,2023-09-04,9136
4532,瑞智,6,0,6,群益金鼎-西松,2023-09-04,9136
2303,聯電,525,8,517,群益金鼎-西松,2023-09-05,9136
3044,健鼎,230,7,223,群益金鼎-西松,2023-09-05,9136
2618,長榮航,103,1,102,群益金鼎-西松,2023-09-05,9136
00919,群益台灣精選高息,59,0,59,群益金鼎-西松,2023-09-05,9136
6213,聯茂,85,34,51,群益金鼎-西松,2023-09-05,9136
00665L,富邦�琤肭磪囓�2,50,0,50,群益金鼎-西松,2023-09-05,9136
2312,金寶,42,0,42,群益金鼎-西松,2023-09-05,9136
2363,矽統,86,56,30,群益金鼎-西松,2023-09-05,9136
6531,愛普*,71,41,30,群益金鼎-西松,2023-09-05,9136
6223,旺矽,35,6,29,群益金鼎-西松,2023-09-05,9136
3481,群創,28,2,26,群益金鼎-西松,2023-09-05,9136
00929,復華台灣科技優息,40,15,25,群益金鼎-西松,2023-09-05,9136
00637L,元大滬深300正2,21,0,21,群益金鼎-西松,2023-09-05,9136
00751B,元大AAA至A公司債,20,0,20,群益金鼎-西松,2023-09-05,9136
00650L,復華香港正2,30,10,20,群益金鼎-西松,2023-09-05,9136
2451,創見,20,0,20,群益金鼎-西松,2023-09-05,9136
6143,振曜,37,17,20,群益金鼎-西松,2023-09-05,9136
2399,映泰,20,1,19,群益金鼎-西松,2023-09-05,9136
5381,合正,41,23,18,群益金鼎-西松,2023-09-05,9136
00673R,期元大S＆P原油反1,17,0,17,群益金鼎-西松,2023-09-05,9136
2610,華航,29,12,17,群益金鼎-西松,2023-09-05,9136
6282,康舒,22,5,17,群益金鼎-西松,2023-09-05,9136
3257,虹冠電,16,2,14,群益金鼎-西松,2023-09-05,9136
00713,元大台灣高息低波,11,0,11,群益金鼎-西松,2023-09-05,9136
00720B,元大投資級公司債,11,0,11,群益金鼎-西松,2023-09-05,9136
1802,台玻,34,23,11,群益金鼎-西松,2023-09-05,9136
2374,佳能,12,1,11,群益金鼎-西松,2023-09-05,9136
6257,矽格,17,6,11,群益金鼎-西松,2023-09-05,9136
3558,神準,11,0,11,群益金鼎-西松,2023-09-05,9136
4916,事欣科,10,1,9,群益金鼎-西松,2023-09-05,9136
1584,精剛,36,28,8,群益金鼎-西松,2023-09-05,9136
00753L,中信中國50正2,57,50,7,群益金鼎-西松,2023-09-05,9136
2236,百達-KY,7,0,7,群益金鼎-西松,2023-09-05,9136
2324,仁寶,7,1,6,群益金鼎-西松,2023-09-05,9136
1795,美時,6,0,6,群益金鼎-西松,2023-09-05,9136
2605,新興,6,0,6,群益金鼎-西松,2023-09-05,9136
3622,洋華,6,0,6,群益金鼎-西松,2023-09-05,9136
3715,定穎投控,13,7,6,群益金鼎-西松,2023-09-05,9136
6167,久正,6,0,6,群益金鼎-西松,2023-09-05,9136
8033,雷虎,6,0,6,群益金鼎-西松,2023-09-05,9136
8046,南電,6,0,6,群益金鼎-西松,2023-09-05,9136
9927,泰銘,7,1,6,群益金鼎-西松,2023-09-05,9136
3034,聯詠,9,3,6,群益金鼎-西松,2023-09-05,9136
4147,中裕,8,2,6,群益金鼎-西松,2023-09-05,9136
4938,和碩,5,0,5,群益金鼎-西松,2023-09-05,9136
00915,凱基優選高股息30,5,0,5,群益金鼎-西松,2023-09-05,9136
00679B,元大美債20年,5,0,5,群益金鼎-西松,2023-09-05,9136
00896,中信綠能及電動車,5,0,5,群益金鼎-西松,2023-09-05,9136
2488,漢平,5,0,5,群益金鼎-西松,2023-09-05,9136
2809,京城銀,5,0,5,群益金鼎-西松,2023-09-05,9136
00795B,中信美國公債20年,232,0,232,群益金鼎-西松,2023-09-06,9136
2303,聯電,105,13,92,群益金鼎-西松,2023-09-06,9136
00919,群益台灣精選高息,101,22,79,群益金鼎-西松,2023-09-06,9136
3481,群創,531,473,58,群益金鼎-西松,2023-09-06,9136
2356,英業達,62,11,51,群益金鼎-西松,2023-09-06,9136
5351,鈺創,45,2,43,群益金鼎-西松,2023-09-06,9136
2409,友達,536,497,39,群益金鼎-西松,2023-09-06,9136
00929,復華台灣科技優息,55,18,37,群益金鼎-西松,2023-09-06,9136
5302,太欣,35,0,35,群益金鼎-西松,2023-09-06,9136
2504,國產,31,0,31,群益金鼎-西松,2023-09-06,9136
2634,漢翔,31,3,28,群益金鼎-西松,2023-09-06,9136
3362,先進光,24,0,24,群益金鼎-西松,2023-09-06,9136
00857B,永豐20年美公債,20,0,20,群益金鼎-西松,2023-09-06,9136
5381,合正,27,7,20,群益金鼎-西松,2023-09-06,9136
00900,富邦特選高股息30,19,0,19,群益金鼎-西松,2023-09-06,9136
6257,矽格,29,10,19,群益金鼎-西松,2023-09-06,9136
0056,元大高股息,19,1,18,群益金鼎-西松,2023-09-06,9136
5274,信驊,18,0,18,群益金鼎-西松,2023-09-06,9136
00673R,期元大S＆P原油反1,18,0,18,群益金鼎-西松,2023-09-06,9136
2401,凌陽,18,2,16,群益金鼎-西松,2023-09-06,9136
6150,撼訊,16,0,16,群益金鼎-西松,2023-09-06,9136
2027,大成鋼,15,0,15,群益金鼎-西松,2023-09-06,9136
2376,技嘉,17,2,15,群益金鼎-西松,2023-09-06,9136
8210,勤誠,17,2,15,群益金鼎-西松,2023-09-06,9136
00751B,元大AAA至A公司債,14,0,14,群益金鼎-西松,2023-09-06,9136
1802,台玻,15,1,14,群益金鼎-西松,2023-09-06,9136
2891,中信金,14,0,14,群益金鼎-西松,2023-09-06,9136
3231,緯創,20,6,14,群益金鼎-西松,2023-09-06,9136
006207,復華滬深,14,1,13,群益金鼎-西松,2023-09-06,9136
00931B,統一美債20年,12,0,12,群益金鼎-西松,2023-09-06,9136
4763,材料-KY,13,1,12,群益金鼎-西松,2023-09-06,9136
2308,台達電,11,0,11,群益金鼎-西松,2023-09-06,9136
00720B,元大投資級公司債,11,0,11,群益金鼎-西松,2023-09-06,9136
00637L,元大滬深300正2,16,5,11,群益金鼎-西松,2023-09-06,9136
4532,瑞智,11,0,11,群益金鼎-西松,2023-09-06,9136
2881,富邦金,10,0,10,群益金鼎-西松,2023-09-06,9136
6488,環球晶,10,0,10,群益金鼎-西松,2023-09-06,9136
00896,中信綠能及電動車,10,0,10,群益金鼎-西松,2023-09-06,9136
1417,嘉裕,10,0,10,群益金鼎-西松,2023-09-06,9136
1471,首利,11,1,10,群益金鼎-西松,2023-09-06,9136
2316,楠梓電,12,2,10,群益金鼎-西松,2023-09-06,9136
2427,三商電,10,0,10,群益金鼎-西松,2023-09-06,9136
3038,全台,10,0,10,群益金鼎-西松,2023-09-06,9136
3209,全科,10,0,10,群益金鼎-西松,2023-09-06,9136
4960,誠美材,10,0,10,群益金鼎-西松,2023-09-06,9136
6164,華興,10,0,10,群益金鼎-西松,2023-09-06,9136
8021,尖點,10,0,10,群益金鼎-西松,2023-09-06,9136
2301,光寶科,14,5,9,群益金鼎-西松,2023-09-06,9136
2834,臺企銀,9,0,9,群益金鼎-西松,2023-09-06,9136
3017,奇鋐,11,2,9,群益金鼎-西松,2023-09-06,9136
00687B,國泰20年美債,904,1,903,群益金鼎-西松,2023-09-07,9136
2376,技嘉,138,35,103,群益金鼎-西松,2023-09-07,9136
2313,華通,126,57,69,群益金鼎-西松,2023-09-07,9136
00929,復華台灣科技優息,53,0,53,群益金鼎-西松,2023-09-07,9136
2303,聯電,57,5,52,群益金鼎-西松,2023-09-07,9136
00795B,中信美國公債20年,50,0,50,群益金鼎-西松,2023-09-07,9136
00720B,元大投資級公司債,50,0,50,群益金鼎-西松,2023-09-07,9136
00919,群益台灣精選高息,32,1,31,群益金鼎-西松,2023-09-07,9136
00637L,元大滬深300正2,30,5,25,群益金鼎-西松,2023-09-07,9136
6191,精成科,38,15,23,群益金鼎-西松,2023-09-07,9136
5009,榮剛,22,0,22,群益金鼎-西松,2023-09-07,9136
00673R,期元大S＆P原油反1,20,0,20,群益金鼎-西松,2023-09-07,9136
2504,國產,19,0,19,群益金鼎-西松,2023-09-07,9136
2027,大成鋼,20,2,18,群益金鼎-西松,2023-09-07,9136
6139,亞翔,23,7,16,群益金鼎-西松,2023-09-07,9136
00900,富邦特選高股息30,15,0,15,群益金鼎-西松,2023-09-07,9136
3693,營邦,13,2,11,群益金鼎-西松,2023-09-07,9136
00932,兆豐永續高息等權,10,0,10,群益金鼎-西松,2023-09-07,9136
00877,復華中國5G,10,0,10,群益金鼎-西松,2023-09-07,9136
2337,旺宏,25,15,10,群益金鼎-西松,2023-09-07,9136
2344,華邦電,10,0,10,群益金鼎-西松,2023-09-07,9136
3045,台灣大,10,0,10,群益金鼎-西松,2023-09-07,9136
9938,百和,12,2,10,群益金鼎-西松,2023-09-07,9136
3036,文曄,9,0,9,群益金鼎-西松,2023-09-07,9136
3062,建漢,9,0,9,群益金鼎-西松,2023-09-07,9136
4533,協易機,98,89,9,群益金鼎-西松,2023-09-07,9136
1301,台塑,8,0,8,群益金鼎-西松,2023-09-07,9136
2354,鴻準,8,0,8,群益金鼎-西松,2023-09-07,9136
2375,凱美,8,0,8,群益金鼎-西松,2023-09-07,9136
6505,台塑化,7,0,7,群益金鼎-西松,2023-09-07,9136
00902,中信電池及儲能,7,0,7,群益金鼎-西松,2023-09-07,9136
2301,光寶科,12,6,6,群益金鼎-西松,2023-09-07,9136
2409,友達,25,19,6,群益金鼎-西松,2023-09-07,9136
2614,東森,8,2,6,群益金鼎-西松,2023-09-07,9136
3260,威剛,23,17,6,群益金鼎-西松,2023-09-07,9136
3363,上詮,34,28,6,群益金鼎-西松,2023-09-07,9136
4906,正文,6,0,6,群益金鼎-西松,2023-09-07,9136
4909,新復興,15,9,6,群益金鼎-西松,2023-09-07,9136
9934,成霖,6,0,6,群益金鼎-西松,2023-09-07,9136
8048,德勝,6,0,6,群益金鼎-西松,2023-09-07,9136
8112,至上,36,30,6,群益金鼎-西松,2023-09-07,9136
6203,海韻電,5,0,5,群益金鼎-西松,2023-09-07,9136
2328,廣宇,6,1,5,群益金鼎-西松,2023-09-07,9136
00915,凱基優選高股息30,5,0,5,群益金鼎-西松,2023-09-07,9136
1434,福懋,5,0,5,群益金鼎-西松,2023-09-07,9136
1723,中碳,5,0,5,群益金鼎-西松,2023-09-07,9136
2421,建準,11,6,5,群益金鼎-西松,2023-09-07,9136
2488,漢平,5,0,5,群益金鼎-西松,2023-09-07,9136
3548,兆利,12,7,5,群益金鼎-西松,2023-09-07,9136
4953,緯軟,5,0,5,群益金鼎-西松,2023-09-07,9136
00637L,元大滬深300正2,518,4,514,群益金鼎-西松,2023-09-08,9136
9802,鈺齊-KY,275,0,275,群益金鼎-西松,2023-09-08,9136
00929,復華台灣科技優息,135,0,135,群益金鼎-西松,2023-09-08,9136
2618,長榮航,122,4,118,群益金鼎-西松,2023-09-08,9136
8299,群聯,109,2,107,群益金鼎-西松,2023-09-08,9136
00919,群益台灣精選高息,83,15,68,群益金鼎-西松,2023-09-08,9136
9105,泰金寶-DR,75,10,65,群益金鼎-西松,2023-09-08,9136
3006,晶豪科,56,1,55,群益金鼎-西松,2023-09-08,9136
00918,大華優利高填息30,49,0,49,群益金鼎-西松,2023-09-08,9136
8016,矽創,37,1,36,群益金鼎-西松,2023-09-08,9136
2324,仁寶,45,10,35,群益金鼎-西松,2023-09-08,9136
3481,群創,32,3,29,群益金鼎-西松,2023-09-08,9136
2436,偉詮電,44,20,24,群益金鼎-西松,2023-09-08,9136
2337,旺宏,26,2,24,群益金鼎-西松,2023-09-08,9136
00892,富邦台灣半導體,22,0,22,群益金鼎-西松,2023-09-08,9136
3260,威剛,44,22,22,群益金鼎-西松,2023-09-08,9136
00753L,中信中國50正2,21,0,21,群益金鼎-西松,2023-09-08,9136
6278,台表科,20,0,20,群益金鼎-西松,2023-09-08,9136
2888,新光金,20,0,20,群益金鼎-西松,2023-09-08,9136
3323,加百裕,16,0,16,群益金鼎-西松,2023-09-08,9136
9927,泰銘,15,0,15,群益金鼎-西松,2023-09-08,9136
2329,華泰,16,2,14,群益金鼎-西松,2023-09-08,9136
00881,國泰台灣5G+,13,0,13,群益金鼎-西松,2023-09-08,9136
4953,緯軟,17,4,13,群益金鼎-西松,2023-09-08,9136
2356,英業達,17,5,12,群益金鼎-西松,2023-09-08,9136
5009,榮剛,12,0,12,群益金鼎-西松,2023-09-08,9136
00878,國泰永續高股息,11,0,11,群益金鼎-西松,2023-09-08,9136
4977,眾達-KY,17,6,11,群益金鼎-西松,2023-09-08,9136
1101,台泥,13,2,11,群益金鼎-西松,2023-09-08,9136
9928,中視,10,0,10,群益金鼎-西松,2023-09-08,9136
006207,復華滬深,9,0,9,群益金鼎-西松,2023-09-08,9136
3046,建��,24,16,8,群益金鼎-西松,2023-09-08,9136
3037,欣興,8,0,8,群益金鼎-西松,2023-09-08,9136
1313,聯成,8,0,8,群益金鼎-西松,2023-09-08,9136
1522,堤維西,12,4,8,群益金鼎-西松,2023-09-08,9136
3013,晟銘電,9,1,8,群益金鼎-西松,2023-09-08,9136
8112,至上,15,7,8,群益金鼎-西松,2023-09-08,9136
2634,漢翔,18,11,7,群益金鼎-西松,2023-09-08,9136
2420,新巨,7,0,7,群益金鼎-西松,2023-09-08,9136
2630,亞航,10,3,7,群益金鼎-西松,2023-09-08,9136
00902,中信電池及儲能,7,0,7,群益金鼎-西松,2023-09-08,9136
6191,精成科,29,23,6,群益金鼎-西松,2023-09-08,9136
00900,富邦特選高股息30,6,0,6,群益金鼎-西松,2023-09-08,9136
2464,盟立,9,3,6,群益金鼎-西松,2023-09-08,9136
6279,胡連,9,3,6,群益金鼎-西松,2023-09-08,9136
8069,元太,10,4,6,群益金鼎-西松,2023-09-08,9136
2330,台積電,7,1,6,群益金鼎-西松,2023-09-08,9136
3042,晶技,7,2,5,群益金鼎-西松,2023-09-08,9136
2331,精英,7,2,5,群益金鼎-西松,2023-09-08,9136
2374,佳能,5,0,5,群益金鼎-西松,2023-09-08,9136
00751B,元大AAA至A公司債,87,0,87,群益金鼎-西松,2023-09-11,9136
00878,國泰永續高股息,90,5,85,群益金鼎-西松,2023-09-11,9136
00919,群益台灣精選高息,69,0,69,群益金鼎-西松,2023-09-11,9136
6235,華孚,44,4,40,群益金鼎-西松,2023-09-11,9136
00929,復華台灣科技優息,37,3,34,群益金鼎-西松,2023-09-11,9136
0056,元大高股息,42,10,32,群益金鼎-西松,2023-09-11,9136
6770,力積電,26,0,26,群益金鼎-西松,2023-09-11,9136
3481,群創,29,5,24,群益金鼎-西松,2023-09-11,9136
3260,威剛,35,13,22,群益金鼎-西松,2023-09-11,9136
00725B,國泰投資級公司債,20,0,20,群益金鼎-西松,2023-09-11,9136
2337,旺宏,20,0,20,群益金鼎-西松,2023-09-11,9136
2836,高雄銀,20,0,20,群益金鼎-西松,2023-09-11,9136
3011,今皓,20,0,20,群益金鼎-西松,2023-09-11,9136
00923,群益台ESG低碳50,19,0,19,群益金鼎-西松,2023-09-11,9136
3552,同致,20,2,18,群益金鼎-西松,2023-09-11,9136
00932,兆豐永續高息等權,17,0,17,群益金鼎-西松,2023-09-11,9136
00918,大華優利高填息30,17,0,17,群益金鼎-西松,2023-09-11,9136
2313,華通,20,4,16,群益金鼎-西松,2023-09-11,9136
8227,巨有科技,19,3,16,群益金鼎-西松,2023-09-11,9136
2630,亞航,67,52,15,群益金鼎-西松,2023-09-11,9136
2906,高林,15,0,15,群益金鼎-西松,2023-09-11,9136
2376,技嘉,118,106,12,群益金鼎-西松,2023-09-11,9136
2884,玉山金,12,0,12,群益金鼎-西松,2023-09-11,9136
6274,台燿,16,4,12,群益金鼎-西松,2023-09-11,9136
3715,定穎投控,36,24,12,群益金鼎-西松,2023-09-11,9136
00720B,元大投資級公司債,11,0,11,群益金鼎-西松,2023-09-11,9136
00900,富邦特選高股息30,11,0,11,群益金鼎-西松,2023-09-11,9136
2362,藍天,11,0,11,群益金鼎-西松,2023-09-11,9136
00712,復華富時不動產,10,0,10,群益金鼎-西松,2023-09-11,9136
00722B,群益投資級電信債,10,0,10,群益金鼎-西松,2023-09-11,9136
2371,大同,10,0,10,群益金鼎-西松,2023-09-11,9136
2393,億光,10,0,10,群益金鼎-西松,2023-09-11,9136
6451,訊芯-KY,14,4,10,群益金鼎-西松,2023-09-11,9136
6821,聯寶,10,0,10,群益金鼎-西松,2023-09-11,9136
00713,元大台灣高息低波,10,0,10,群益金鼎-西松,2023-09-11,9136
2883,凱基金,10,1,9,群益金鼎-西松,2023-09-11,9136
00881,國泰台灣5G+,11,2,9,群益金鼎-西松,2023-09-11,9136
1605,華新,9,0,9,群益金鼎-西松,2023-09-11,9136
2392,正崴,10,1,9,群益金鼎-西松,2023-09-11,9136
2409,友達,13,4,9,群益金鼎-西松,2023-09-11,9136
3163,波若威,32,23,9,群益金鼎-西松,2023-09-11,9136
4938,和碩,9,0,9,群益金鼎-西松,2023-09-11,9136
4977,眾達-KY,9,0,9,群益金鼎-西松,2023-09-11,9136
8033,雷虎,17,8,9,群益金鼎-西松,2023-09-11,9136
2458,義隆,9,1,8,群益金鼎-西松,2023-09-11,9136
2436,偉詮電,11,4,7,群益金鼎-西松,2023-09-11,9136
2488,漢平,7,0,7,群益金鼎-西松,2023-09-11,9136
2887,台新金,6,0,6,群益金鼎-西松,2023-09-11,9136
5284,jpp-KY,7,1,6,群益金鼎-西松,2023-09-11,9136
6139,亞翔,10,4,6,群益金鼎-西松,2023-09-11,9136
6125,廣運,129,14,115,群益金鼎-西松,2023-09-12,9136
2382,廣達,123,31,92,群益金鼎-西松,2023-09-12,9136
3231,緯創,157,67,90,群益金鼎-西松,2023-09-12,9136
00720B,元大投資級公司債,60,0,60,群益金鼎-西松,2023-09-12,9136
2427,三商電,50,11,39,群益金鼎-西松,2023-09-12,9136
3481,群創,38,1,37,群益金鼎-西松,2023-09-12,9136
2358,廷鑫,30,0,30,群益金鼎-西松,2023-09-12,9136
2630,亞航,31,1,30,群益金鼎-西松,2023-09-12,9136
3051,力特,40,11,29,群益金鼎-西松,2023-09-12,9136
2363,矽統,54,27,27,群益金鼎-西松,2023-09-12,9136
0056,元大高股息,24,0,24,群益金鼎-西松,2023-09-12,9136
00919,群益台灣精選高息,24,0,24,群益金鼎-西松,2023-09-12,9136
2609,陽明,27,5,22,群益金鼎-西松,2023-09-12,9136
2884,玉山金,21,0,21,群益金鼎-西松,2023-09-12,9136
2618,長榮航,24,5,19,群益金鼎-西松,2023-09-12,9136
3715,定穎投控,32,16,16,群益金鼎-西松,2023-09-12,9136
3588,通嘉,17,2,15,群益金鼎-西松,2023-09-12,9136
3704,合勤控,18,3,15,群益金鼎-西松,2023-09-12,9136
5258,虹堡,19,6,13,群益金鼎-西松,2023-09-12,9136
3006,晶豪科,14,1,13,群益金鼎-西松,2023-09-12,9136
6235,華孚,13,2,11,群益金鼎-西松,2023-09-12,9136
6531,愛普*,15,5,10,群益金鼎-西松,2023-09-12,9136
00722B,群益投資級電信債,10,0,10,群益金鼎-西松,2023-09-12,9136
00687B,國泰20年美債,10,0,10,群益金鼎-西松,2023-09-12,9136
1210,大成,10,0,10,群益金鼎-西松,2023-09-12,9136
2428,興勤,10,0,10,群益金鼎-西松,2023-09-12,9136
2504,國產,10,0,10,群益金鼎-西松,2023-09-12,9136
00929,復華台灣科技優息,93,85,8,群益金鼎-西松,2023-09-12,9136
8201,無敵,8,0,8,群益金鼎-西松,2023-09-12,9136
6770,力積電,10,2,8,群益金鼎-西松,2023-09-12,9136
00715L,期街口布蘭特正2,7,0,7,群益金鼎-西松,2023-09-12,9136
2405,輔信,7,0,7,群益金鼎-西松,2023-09-12,9136
3036,文曄,7,0,7,群益金鼎-西松,2023-09-12,9136
3213,茂訊,17,10,7,群益金鼎-西松,2023-09-12,9136
4916,事欣科,7,0,7,群益金鼎-西松,2023-09-12,9136
5009,榮剛,7,0,7,群益金鼎-西松,2023-09-12,9136
6432,今展科,7,0,7,群益金鼎-西松,2023-09-12,9136
8069,元太,7,1,6,群益金鼎-西松,2023-09-12,9136
2610,華航,6,0,6,群益金鼎-西松,2023-09-12,9136
3014,聯陽,6,0,6,群益金鼎-西松,2023-09-12,9136
6269,台郡,6,0,6,群益金鼎-西松,2023-09-12,9136
6821,聯寶,6,0,6,群益金鼎-西松,2023-09-12,9136
00740B,富邦全球投等債,5,0,5,群益金鼎-西松,2023-09-12,9136
2392,正崴,5,0,5,群益金鼎-西松,2023-09-12,9136
2481,強茂,5,0,5,群益金鼎-西松,2023-09-12,9136
3260,威剛,24,19,5,群益金鼎-西松,2023-09-12,9136
3346,麗清,11,6,5,群益金鼎-西松,2023-09-12,9136
3703,欣陸,5,0,5,群益金鼎-西松,2023-09-12,9136
9939,宏全,5,0,5,群益金鼎-西松,2023-09-12,9136
00878,國泰永續高股息,27,23,4,群益金鼎-西松,2023-09-12,9136
9802,鈺齊-KY,220,0,220,群益金鼎-西松,2023-09-13,9136
2883,凱基金,150,0,150,群益金鼎-西松,2023-09-13,9136
00919,群益台灣精選高息,90,5,85,群益金鼎-西松,2023-09-13,9136
3231,緯創,88,27,61,群益金鼎-西松,2023-09-13,9136
00725B,國泰投資級公司債,39,0,39,群益金鼎-西松,2023-09-13,9136
2884,玉山金,35,0,35,群益金鼎-西松,2023-09-13,9136
00878,國泰永續高股息,34,1,33,群益金鼎-西松,2023-09-13,9136
2486,一詮,40,8,32,群益金鼎-西松,2023-09-13,9136
00722B,群益投資級電信債,30,0,30,群益金鼎-西松,2023-09-13,9136
3711,日月光投控,26,0,26,群益金鼎-西松,2023-09-13,9136
4128,中天,23,1,22,群益金鼎-西松,2023-09-13,9136
3019,亞光,21,0,21,群益金鼎-西松,2023-09-13,9136
2376,技嘉,47,27,20,群益金鼎-西松,2023-09-13,9136
00637L,元大滬深300正2,22,2,20,群益金鼎-西松,2023-09-13,9136
8016,矽創,19,1,18,群益金鼎-西松,2023-09-13,9136
00753L,中信中國50正2,67,50,17,群益金鼎-西松,2023-09-13,9136
2618,長榮航,21,4,17,群益金鼎-西松,2023-09-13,9136
3294,英濟,16,1,15,群益金鼎-西松,2023-09-13,9136
2330,台積電,13,0,13,群益金鼎-西松,2023-09-13,9136
00882,中信中國高股息,12,0,12,群益金鼎-西松,2023-09-13,9136
2402,毅嘉,13,1,12,群益金鼎-西松,2023-09-13,9136
2881,富邦金,12,0,12,群益金鼎-西松,2023-09-13,9136
3081,聯亞,14,2,12,群益金鼎-西松,2023-09-13,9136
5009,榮剛,12,0,12,群益金鼎-西松,2023-09-13,9136
00887,永豐中國科技50大,11,0,11,群益金鼎-西松,2023-09-13,9136
2890,永豐金,10,0,10,群益金鼎-西松,2023-09-13,9136
2337,旺宏,10,0,10,群益金鼎-西松,2023-09-13,9136
5215,科嘉-KY,17,7,10,群益金鼎-西松,2023-09-13,9136
2891,中信金,10,1,9,群益金鼎-西松,2023-09-13,9136
00902,中信電池及儲能,8,0,8,群益金鼎-西松,2023-09-13,9136
00713,元大台灣高息低波,8,0,8,群益金鼎-西松,2023-09-13,9136
1471,首利,10,2,8,群益金鼎-西松,2023-09-13,9136
4977,眾達-KY,22,14,8,群益金鼎-西松,2023-09-13,9136
2449,京元電子,7,0,7,群益金鼎-西松,2023-09-13,9136
2887,台新金,7,0,7,群益金鼎-西松,2023-09-13,9136
8147,正淩,12,5,7,群益金鼎-西松,2023-09-13,9136
00706L,期元大S＆P日圓正2,6,0,6,群益金鼎-西松,2023-09-13,9136
1339,昭輝,10,4,6,群益金鼎-西松,2023-09-13,9136
1513,中興電,6,0,6,群益金鼎-西松,2023-09-13,9136
3209,全科,6,0,6,群益金鼎-西松,2023-09-13,9136
3324,雙鴻,8,2,6,群益金鼎-西松,2023-09-13,9136
3645,達邁,6,0,6,群益金鼎-西松,2023-09-13,9136
6592B,和潤企業乙特,6,0,6,群益金鼎-西松,2023-09-13,9136
6821,聯寶,6,0,6,群益金鼎-西松,2023-09-13,9136
1210,大成,6,0,6,群益金鼎-西松,2023-09-13,9136
5243,乙盛-KY,6,1,5,群益金鼎-西松,2023-09-13,9136
2104,國際中橡,5,0,5,群益金鼎-西松,2023-09-13,9136
2332,友訊,5,0,5,群益金鼎-西松,2023-09-13,9136
2371,大同,12,7,5,群益金鼎-西松,2023-09-13,9136
2387,精元,8,3,5,群益金鼎-西松,2023-09-13,9136
00929,復華台灣科技優息,284,3,281,群益金鼎-西松,2023-09-14,9136
2606,裕民,125,3,122,群益金鼎-西松,2023-09-14,9136
00931B,統一美債20年,110,0,110,群益金鼎-西松,2023-09-14,9136
2618,長榮航,104,1,103,群益金鼎-西松,2023-09-14,9136
00919,群益台灣精選高息,100,16,84,群益金鼎-西松,2023-09-14,9136
2376,技嘉,75,24,51,群益金鼎-西松,2023-09-14,9136
3035,智原,62,12,50,群益金鼎-西松,2023-09-14,9136
3481,群創,52,7,45,群益金鼎-西松,2023-09-14,9136
2486,一詮,171,138,33,群益金鼎-西松,2023-09-14,9136
8046,南電,34,1,33,群益金鼎-西松,2023-09-14,9136
2317,鴻海,32,3,29,群益金鼎-西松,2023-09-14,9136
2303,聯電,43,14,29,群益金鼎-西松,2023-09-14,9136
2301,光寶科,26,3,23,群益金鼎-西松,2023-09-14,9136
3680,家登,22,0,22,群益金鼎-西松,2023-09-14,9136
00722B,群益投資級電信債,20,0,20,群益金鼎-西松,2023-09-14,9136
2801,彰銀,17,0,17,群益金鼎-西松,2023-09-14,9136
3596,智易,16,1,15,群益金鼎-西松,2023-09-14,9136
4977,眾達-KY,24,9,15,群益金鼎-西松,2023-09-14,9136
2371,大同,13,0,13,群益金鼎-西松,2023-09-14,9136
0056,元大高股息,36,23,13,群益金鼎-西松,2023-09-14,9136
8210,勤誠,16,3,13,群益金鼎-西松,2023-09-14,9136
1101,台泥,12,0,12,群益金鼎-西松,2023-09-14,9136
00752,中信中國50,11,0,11,群益金鼎-西松,2023-09-14,9136
00877,復華中國5G,10,0,10,群益金鼎-西松,2023-09-14,9136
00724B,群益投資級金融債,10,0,10,群益金鼎-西松,2023-09-14,9136
2062,橋椿,10,0,10,群益金鼎-西松,2023-09-14,9136
6269,台郡,10,0,10,群益金鼎-西松,2023-09-14,9136
6715,嘉基,10,0,10,群益金鼎-西松,2023-09-14,9136
3017,奇鋐,10,0,10,群益金鼎-西松,2023-09-14,9136
4979,華星光,18,9,9,群益金鼎-西松,2023-09-14,9136
3450,聯鈞,25,16,9,群益金鼎-西松,2023-09-14,9136
2340,台亞,8,1,7,群益金鼎-西松,2023-09-14,9136
3014,聯陽,22,15,7,群益金鼎-西松,2023-09-14,9136
6231,系微,9,3,6,群益金鼎-西松,2023-09-14,9136
2344,華邦電,10,4,6,群益金鼎-西松,2023-09-14,9136
3515,華擎,6,0,6,群益金鼎-西松,2023-09-14,9136
5009,榮剛,6,0,6,群益金鼎-西松,2023-09-14,9136
2462,良得電,6,0,6,群益金鼎-西松,2023-09-14,9136
9938,百和,12,7,5,群益金鼎-西松,2023-09-14,9136
00896,中信綠能及電動車,5,0,5,群益金鼎-西松,2023-09-14,9136
1524,耿鼎,18,13,5,群益金鼎-西松,2023-09-14,9136
2401,凌陽,8,3,5,群益金鼎-西松,2023-09-14,9136
3028,增你強,5,0,5,群益金鼎-西松,2023-09-14,9136
3033,威健,5,0,5,群益金鼎-西松,2023-09-14,9136
3062,建漢,11,6,5,群益金鼎-西松,2023-09-14,9136
3338,泰碩,7,2,5,群益金鼎-西松,2023-09-14,9136
4739,康普,7,2,5,群益金鼎-西松,2023-09-14,9136
4934,太極,5,0,5,群益金鼎-西松,2023-09-14,9136
6679,鈺太,6,1,5,群益金鼎-西松,2023-09-14,9136
6792,詠業,6,1,5,群益金鼎-西松,2023-09-14,9136
6285,啟��,308,1,307,群益金鼎-西松,2023-09-15,9136
2408,南亞科,203,7,196,群益金鼎-西松,2023-09-15,9136
3481,群創,161,1,160,群益金鼎-西松,2023-09-15,9136
00929,復華台灣科技優息,115,7,108,群益金鼎-西松,2023-09-15,9136
4967,十銓,65,14,51,群益金鼎-西松,2023-09-15,9136
00915,凱基優選高股息30,32,0,32,群益金鼎-西松,2023-09-15,9136
1802,台玻,32,0,32,群益金鼎-西松,2023-09-15,9136
00918,大華優利高填息30,31,1,30,群益金鼎-西松,2023-09-15,9136
00931B,統一美債20年,29,0,29,群益金鼎-西松,2023-09-15,9136
3234,光環,32,5,27,群益金鼎-西松,2023-09-15,9136
00919,群益台灣精選高息,38,13,25,群益金鼎-西松,2023-09-15,9136
4966,譜瑞-KY,24,0,24,群益金鼎-西松,2023-09-15,9136
2405,輔信,32,11,21,群益金鼎-西松,2023-09-15,9136
6125,廣運,55,34,21,群益金鼎-西松,2023-09-15,9136
00722B,群益投資級電信債,20,0,20,群益金鼎-西松,2023-09-15,9136
2606,裕民,23,3,20,群益金鼎-西松,2023-09-15,9136
3450,聯鈞,96,76,20,群益金鼎-西松,2023-09-15,9136
2303,聯電,24,5,19,群益金鼎-西松,2023-09-15,9136
00715L,期街口布蘭特正2,20,2,18,群益金鼎-西松,2023-09-15,9136
3008,大立光,19,1,18,群益金鼎-西松,2023-09-15,9136
4916,事欣科,17,0,17,群益金鼎-西松,2023-09-15,9136
2382,廣達,25,10,15,群益金鼎-西松,2023-09-15,9136
00706L,期元大S＆P日圓正2,15,0,15,群益金鼎-西松,2023-09-15,9136
00637L,元大滬深300正2,38,23,15,群益金鼎-西松,2023-09-15,9136
2634,漢翔,15,0,15,群益金鼎-西松,2023-09-15,9136
2641,正德,73,60,13,群益金鼎-西松,2023-09-15,9136
2527,宏璟,13,0,13,群益金鼎-西松,2023-09-15,9136
2890,永豐金,12,1,11,群益金鼎-西松,2023-09-15,9136
4113,聯上,13,2,11,群益金鼎-西松,2023-09-15,9136
00877,復華中國5G,10,0,10,群益金鼎-西松,2023-09-15,9136
00639,富邦深100,10,0,10,群益金鼎-西松,2023-09-15,9136
00725B,國泰投資級公司債,10,0,10,群益金鼎-西松,2023-09-15,9136
1471,首利,10,0,10,群益金鼎-西松,2023-09-15,9136
6120,達運,10,0,10,群益金鼎-西松,2023-09-15,9136
6442,光聖,11,1,10,群益金鼎-西松,2023-09-15,9136
00850,元大臺灣ESG永續,10,0,10,群益金鼎-西松,2023-09-15,9136
3035,智原,16,6,10,群益金鼎-西松,2023-09-15,9136
8011,台通,10,1,9,群益金鼎-西松,2023-09-15,9136
2027,大成鋼,10,1,9,群益金鼎-西松,2023-09-15,9136
2317,鴻海,19,11,8,群益金鼎-西松,2023-09-15,9136
3231,緯創,23,15,8,群益金鼎-西松,2023-09-15,9136
1522,堤維西,13,5,8,群益金鼎-西松,2023-09-15,9136
5457,宣德,7,0,7,群益金鼎-西松,2023-09-15,9136
5258,虹堡,7,1,6,群益金鼎-西松,2023-09-15,9136
3363,上詮,9,3,6,群益金鼎-西松,2023-09-15,9136
3308,聯德,6,0,6,群益金鼎-西松,2023-09-15,9136
2504,國產,5,0,5,群益金鼎-西松,2023-09-15,9136
00896,中信綠能及電動車,5,0,5,群益金鼎-西松,2023-09-15,9136
1808,潤隆,5,0,5,群益金鼎-西松,2023-09-15,9136
2313,華通,173,168,5,群益金鼎-西松,2023-09-15,9136
00929,復華台灣科技優息,76,2,74,群益金鼎-西松,2023-09-18,9136
3011,今皓,63,1,62,群益金鼎-西松,2023-09-18,9136
00919,群益台灣精選高息,59,0,59,群益金鼎-西松,2023-09-18,9136
3231,緯創,61,4,57,群益金鼎-西松,2023-09-18,9136
2382,廣達,62,6,56,群益金鼎-西松,2023-09-18,9136
00751B,元大AAA至A公司債,51,0,51,群益金鼎-西松,2023-09-18,9136
4906,正文,51,0,51,群益金鼎-西松,2023-09-18,9136
2462,良得電,72,24,48,群益金鼎-西松,2023-09-18,9136
8016,矽創,48,5,43,群益金鼎-西松,2023-09-18,9136
6446,藥華藥,45,3,42,群益金鼎-西松,2023-09-18,9136
6125,廣運,61,22,39,群益金鼎-西松,2023-09-18,9136
2363,矽統,117,85,32,群益金鼎-西松,2023-09-18,9136
1101,台泥,32,0,32,群益金鼎-西松,2023-09-18,9136
2330,台積電,39,10,29,群益金鼎-西松,2023-09-18,9136
1319,東陽,38,11,27,群益金鼎-西松,2023-09-18,9136
2355,敬鵬,28,2,26,群益金鼎-西松,2023-09-18,9136
4402,郡都開發,25,0,25,群益金鼎-西松,2023-09-18,9136
3545,敦泰,45,20,25,群益金鼎-西松,2023-09-18,9136
9958,世紀鋼,26,2,24,群益金鼎-西松,2023-09-18,9136
2486,一詮,33,10,23,群益金鼎-西松,2023-09-18,9136
2605,新興,22,4,18,群益金鼎-西松,2023-09-18,9136
3588,通嘉,22,5,17,群益金鼎-西松,2023-09-18,9136
4977,眾達-KY,23,7,16,群益金鼎-西松,2023-09-18,9136
2354,鴻準,15,0,15,群益金鼎-西松,2023-09-18,9136
8054,安國,15,0,15,群益金鼎-西松,2023-09-18,9136
00878,國泰永續高股息,15,0,15,群益金鼎-西松,2023-09-18,9136
00918,大華優利高填息30,13,0,13,群益金鼎-西松,2023-09-18,9136
2409,友達,14,1,13,群益金鼎-西松,2023-09-18,9136
2436,偉詮電,12,1,11,群益金鼎-西松,2023-09-18,9136
3276,宇環,11,0,11,群益金鼎-西松,2023-09-18,9136
8040,九暘,11,0,11,群益金鼎-西松,2023-09-18,9136
2367,燿華,18,7,11,群益金鼎-西松,2023-09-18,9136
2344,華邦電,28,18,10,群益金鼎-西松,2023-09-18,9136
00725B,國泰投資級公司債,10,0,10,群益金鼎-西松,2023-09-18,9136
00722B,群益投資級電信債,10,0,10,群益金鼎-西松,2023-09-18,9136
00897,富邦基因免疫生技,10,0,10,群益金鼎-西松,2023-09-18,9136
1808,潤隆,10,0,10,群益金鼎-西松,2023-09-18,9136
2890,永豐金,10,0,10,群益金鼎-西松,2023-09-18,9136
6288,聯嘉,10,0,10,群益金鼎-西松,2023-09-18,9136
00882,中信中國高股息,9,0,9,群益金鼎-西松,2023-09-18,9136
2603,長榮,27,18,9,群益金鼎-西松,2023-09-18,9136
00924,復華S＆P500成長,9,0,9,群益金鼎-西松,2023-09-18,9136
3081,聯亞,11,2,9,群益金鼎-西松,2023-09-18,9136
6451,訊芯-KY,24,15,9,群益金鼎-西松,2023-09-18,9136
6806,森崴能源,13,4,9,群益金鼎-西松,2023-09-18,9136
4961,天鈺,10,2,8,群益金鼎-西松,2023-09-18,9136
8033,雷虎,10,2,8,群益金鼎-西松,2023-09-18,9136
00923,群益台ESG低碳50,8,0,8,群益金鼎-西松,2023-09-18,9136
2399,映泰,7,0,7,群益金鼎-西松,2023-09-18,9136
2618,長榮航,7,0,7,群益金鼎-西松,2023-09-18,9136
3276,宇環,94,0,94,群益金鼎-西松,2023-09-19,9136
2344,華邦電,63,10,53,群益金鼎-西松,2023-09-19,9136
3036,文曄,93,48,45,群益金鼎-西松,2023-09-19,9136
00919,群益台灣精選高息,38,6,32,群益金鼎-西松,2023-09-19,9136
2356,英業達,35,3,32,群益金鼎-西松,2023-09-19,9136
1524,耿鼎,26,0,26,群益金鼎-西松,2023-09-19,9136
2851,中再保,20,0,20,群益金鼎-西松,2023-09-19,9136
6125,廣運,25,6,19,群益金鼎-西松,2023-09-19,9136
6901,鑽石投資,19,3,16,群益金鼎-西松,2023-09-19,9136
3380,明泰,16,0,16,群益金鼎-西松,2023-09-19,9136
9928,中視,16,0,16,群益金鼎-西松,2023-09-19,9136
4763,材料-KY,15,0,15,群益金鼎-西松,2023-09-19,9136
6257,矽格,29,14,15,群益金鼎-西松,2023-09-19,9136
3558,神準,15,0,15,群益金鼎-西松,2023-09-19,9136
2332,友訊,15,1,14,群益金鼎-西松,2023-09-19,9136
2313,華通,69,57,12,群益金鼎-西松,2023-09-19,9136
00878,國泰永續高股息,13,2,11,群益金鼎-西松,2023-09-19,9136
2368,金像電,13,2,11,群益金鼎-西松,2023-09-19,9136
2409,友達,11,0,11,群益金鼎-西松,2023-09-19,9136
2345,智邦,10,0,10,群益金鼎-西松,2023-09-19,9136
2354,鴻準,17,7,10,群益金鼎-西松,2023-09-19,9136
2428,興勤,10,0,10,群益金鼎-西松,2023-09-19,9136
3419,譁裕,10,0,10,群益金鼎-西松,2023-09-19,9136
8054,安國,17,7,10,群益金鼎-西松,2023-09-19,9136
2388,威盛,24,15,9,群益金鼎-西松,2023-09-19,9136
2406,國碩,9,0,9,群益金鼎-西松,2023-09-19,9136
2486,一詮,11,2,9,群益金鼎-西松,2023-09-19,9136
00929,復華台灣科技優息,25,16,9,群益金鼎-西松,2023-09-19,9136
2630,亞航,8,0,8,群益金鼎-西松,2023-09-19,9136
4977,眾達-KY,7,0,7,群益金鼎-西松,2023-09-19,9136
00706L,期元大S＆P日圓正2,7,0,7,群益金鼎-西松,2023-09-19,9136
2641,正德,7,0,7,群益金鼎-西松,2023-09-19,9136
3163,波若威,12,5,7,群益金鼎-西松,2023-09-19,9136
4979,華星光,15,8,7,群益金鼎-西松,2023-09-19,9136
6285,啟��,22,15,7,群益金鼎-西松,2023-09-19,9136
2330,台積電,8,1,7,群益金鼎-西松,2023-09-19,9136
2449,京元電子,20,14,6,群益金鼎-西松,2023-09-19,9136
3231,緯創,63,57,6,群益金鼎-西松,2023-09-19,9136
00932,兆豐永續高息等權,6,0,6,群益金鼎-西松,2023-09-19,9136
00882,中信中國高股息,6,0,6,群益金鼎-西松,2023-09-19,9136
00892,富邦台灣半導體,6,0,6,群益金鼎-西松,2023-09-19,9136
3189,景碩,6,0,6,群益金鼎-西松,2023-09-19,9136
6472,保瑞,7,1,6,群益金鼎-西松,2023-09-19,9136
00877,復華中國5G,6,0,6,群益金鼎-西松,2023-09-19,9136
1522,堤維西,23,18,5,群益金鼎-西松,2023-09-19,9136
2233,宇隆,5,0,5,群益金鼎-西松,2023-09-19,9136
3483,力致,5,0,5,群益金鼎-西松,2023-09-19,9136
3714,富采,5,0,5,群益金鼎-西松,2023-09-19,9136
5469,瀚宇博,5,0,5,群益金鼎-西松,2023-09-19,9136
6203,海韻電,5,0,5,群益金鼎-西松,2023-09-19,9136
2204,中華,144,4,140,群益金鼎-西松,2023-09-20,9136
00919,群益台灣精選高息,103,0,103,群益金鼎-西松,2023-09-20,9136
3231,緯創,69,22,47,群益金鼎-西松,2023-09-20,9136
6829,千附精密,43,0,43,群益金鼎-西松,2023-09-20,9136
2881,富邦金,37,0,37,群益金鼎-西松,2023-09-20,9136
2376,技嘉,38,7,31,群益金鼎-西松,2023-09-20,9136
00878,國泰永續高股息,30,2,28,群益金鼎-西松,2023-09-20,9136
0056,元大高股息,25,0,25,群益金鼎-西松,2023-09-20,9136
6901,鑽石投資,24,2,22,群益金鼎-西松,2023-09-20,9136
6770,力積電,22,0,22,群益金鼎-西松,2023-09-20,9136
2354,鴻準,23,2,21,群益金鼎-西松,2023-09-20,9136
00725B,國泰投資級公司債,20,0,20,群益金鼎-西松,2023-09-20,9136
8358,金居,20,0,20,群益金鼎-西松,2023-09-20,9136
2605,新興,28,10,18,群益金鼎-西松,2023-09-20,9136
2317,鴻海,17,0,17,群益金鼎-西松,2023-09-20,9136
00706L,期元大S＆P日圓正2,15,0,15,群益金鼎-西松,2023-09-20,9136
1477,聚陽,15,0,15,群益金鼎-西松,2023-09-20,9136
2618,長榮航,21,6,15,群益金鼎-西松,2023-09-20,9136
1605,華新,25,10,15,群益金鼎-西松,2023-09-20,9136
3028,增你強,14,0,14,群益金鼎-西松,2023-09-20,9136
2392,正崴,12,0,12,群益金鼎-西松,2023-09-20,9136
4967,十銓,12,0,12,群益金鼎-西松,2023-09-20,9136
2382,廣達,42,31,11,群益金鼎-西松,2023-09-20,9136
3005,神基,22,11,11,群益金鼎-西松,2023-09-20,9136
4908,前鼎,42,31,11,群益金鼎-西松,2023-09-20,9136
1210,大成,10,0,10,群益金鼎-西松,2023-09-20,9136
3081,聯亞,10,0,10,群益金鼎-西松,2023-09-20,9136
4102,永日,10,0,10,群益金鼎-西松,2023-09-20,9136
5234,達興材料,11,1,10,群益金鼎-西松,2023-09-20,9136
6485,點序,14,5,9,群益金鼎-西松,2023-09-20,9136
3703,欣陸,10,2,8,群益金鼎-西松,2023-09-20,9136
4916,事欣科,9,1,8,群益金鼎-西松,2023-09-20,9136
00915,凱基優選高股息30,8,0,8,群益金鼎-西松,2023-09-20,9136
2331,精英,8,0,8,群益金鼎-西松,2023-09-20,9136
00713,元大台灣高息低波,9,1,8,群益金鼎-西松,2023-09-20,9136
5515,建國,8,0,8,群益金鼎-西松,2023-09-20,9136
1101,台泥,7,0,7,群益金鼎-西松,2023-09-20,9136
2206,三陽工業,8,1,7,群益金鼎-西松,2023-09-20,9136
1815,富喬,8,1,7,群益金鼎-西松,2023-09-20,9136
6821,聯寶,7,0,7,群益金鼎-西松,2023-09-20,9136
1584,精剛,28,21,7,群益金鼎-西松,2023-09-20,9136
1809,中釉,6,0,6,群益金鼎-西松,2023-09-20,9136
2535,達欣工,7,1,6,群益金鼎-西松,2023-09-20,9136
2603,長榮,16,10,6,群益金鼎-西松,2023-09-20,9136
3090,日電貿,6,0,6,群益金鼎-西松,2023-09-20,9136
3092,鴻碩,6,0,6,群益金鼎-西松,2023-09-20,9136
3276,宇環,9,3,6,群益金鼎-西松,2023-09-20,9136
5222,全訊,6,0,6,群益金鼎-西松,2023-09-20,9136
5439,高技,7,1,6,群益金鼎-西松,2023-09-20,9136
2330,台積電,6,0,6,群益金鼎-西松,2023-09-20,9136
00929,復華台灣科技優息,446,89,357,群益金鼎-西松,2023-09-21,9136
3231,緯創,151,27,124,群益金鼎-西松,2023-09-21,9136
2606,裕民,107,9,98,群益金鼎-西松,2023-09-21,9136
00919,群益台灣精選高息,87,3,84,群益金鼎-西松,2023-09-21,9136
2356,英業達,106,50,56,群益金鼎-西松,2023-09-21,9136
00878,國泰永續高股息,49,2,47,群益金鼎-西松,2023-09-21,9136
1314,中石化,34,0,34,群益金鼎-西松,2023-09-21,9136
2641,正德,34,3,31,群益金鼎-西松,2023-09-21,9136
3706,神達,32,3,29,群益金鼎-西松,2023-09-21,9136
1504,東元,30,2,28,群益金鼎-西松,2023-09-21,9136
6165,浪凡,28,0,28,群益金鼎-西松,2023-09-21,9136
2367,燿華,28,1,27,群益金鼎-西松,2023-09-21,9136
2618,長榮航,26,0,26,群益金鼎-西松,2023-09-21,9136
006208,富邦台50,26,0,26,群益金鼎-西松,2023-09-21,9136
00632R,元大台灣50反1,21,0,21,群益金鼎-西松,2023-09-21,9136
1708,東鹼,20,0,20,群益金鼎-西松,2023-09-21,9136
3163,波若威,18,2,16,群益金鼎-西松,2023-09-21,9136
3693,營邦,25,10,15,群益金鼎-西松,2023-09-21,9136
6285,啟��,54,40,14,群益金鼎-西松,2023-09-21,9136
2317,鴻海,14,1,13,群益金鼎-西松,2023-09-21,9136
00680L,元大美債20正2,12,0,12,群益金鼎-西松,2023-09-21,9136
2455,全新,12,0,12,群益金鼎-西松,2023-09-21,9136
2535,達欣工,11,0,11,群益金鼎-西松,2023-09-21,9136
00923,群益台ESG低碳50,10,0,10,群益金鼎-西松,2023-09-21,9136
00918,大華優利高填息30,10,0,10,群益金鼎-西松,2023-09-21,9136
00764B,群益25年美債,10,0,10,群益金鼎-西松,2023-09-21,9136
1471,首利,10,0,10,群益金鼎-西松,2023-09-21,9136
2353,宏��,10,0,10,群益金鼎-西松,2023-09-21,9136
2882,國泰金,10,0,10,群益金鼎-西松,2023-09-21,9136
3149,正達,10,0,10,群益金鼎-西松,2023-09-21,9136
4746,台耀,10,0,10,群益金鼎-西松,2023-09-21,9136
4979,華星光,22,12,10,群益金鼎-西松,2023-09-21,9136
6451,訊芯-KY,16,6,10,群益金鼎-西松,2023-09-21,9136
00637L,元大滬深300正2,9,0,9,群益金鼎-西松,2023-09-21,9136
6168,宏齊,9,0,9,群益金鼎-西松,2023-09-21,9136
0050,元大台灣50,11,2,9,群益金鼎-西松,2023-09-21,9136
1584,精剛,27,19,8,群益金鼎-西松,2023-09-21,9136
6757,台灣虎航,8,0,8,群益金鼎-西松,2023-09-21,9136
5880,合庫金,8,1,7,群益金鼎-西松,2023-09-21,9136
00932,兆豐永續高息等權,7,0,7,群益金鼎-西松,2023-09-21,9136
3037,欣興,8,1,7,群益金鼎-西松,2023-09-21,9136
2330,台積電,18,11,7,群益金鼎-西松,2023-09-21,9136
2887,台新金,6,0,6,群益金鼎-西松,2023-09-21,9136
2301,光寶科,7,1,6,群益金鼎-西松,2023-09-21,9136
00753L,中信中國50正2,6,0,6,群益金鼎-西松,2023-09-21,9136
2458,義隆,6,0,6,群益金鼎-西松,2023-09-21,9136
3596,智易,6,0,6,群益金鼎-西松,2023-09-21,9136
2603,長榮,12,7,5,群益金鼎-西松,2023-09-21,9136
2504,國產,12,7,5,群益金鼎-西松,2023-09-21,9136
8112,至上,6,1,5,群益金鼎-西松,2023-09-21,9136
00919,群益台灣精選高息,83,0,83,群益金鼎-西松,2023-09-22,9136
3036,文曄,100,25,75,群益金鼎-西松,2023-09-22,9136
6168,宏齊,43,0,43,群益金鼎-西松,2023-09-22,9136
00931B,統一美債20年,40,0,40,群益金鼎-西松,2023-09-22,9136
00712,復華富時不動產,35,0,35,群益金鼎-西松,2023-09-22,9136
3037,欣興,41,9,32,群益金鼎-西松,2023-09-22,9136
2515,中工,30,0,30,群益金鼎-西松,2023-09-22,9136
3017,奇鋐,31,5,26,群益金鼎-西松,2023-09-22,9136
00929,復華台灣科技優息,25,2,23,群益金鼎-西松,2023-09-22,9136
3450,聯鈞,122,101,21,群益金鼎-西松,2023-09-22,9136
00720B,元大投資級公司債,20,0,20,群益金鼎-西松,2023-09-22,9136
00722B,群益投資級電信債,20,0,20,群益金鼎-西松,2023-09-22,9136
2618,長榮航,23,3,20,群益金鼎-西松,2023-09-22,9136
2356,英業達,25,7,18,群益金鼎-西松,2023-09-22,9136
2535,達欣工,16,0,16,群益金鼎-西松,2023-09-22,9136
3596,智易,17,1,16,群益金鼎-西松,2023-09-22,9136
2330,台積電,16,1,15,群益金鼎-西松,2023-09-22,9136
1584,精剛,43,28,15,群益金鼎-西松,2023-09-22,9136
00932,兆豐永續高息等權,14,0,14,群益金鼎-西松,2023-09-22,9136
3032,偉訓,14,0,14,群益金鼎-西松,2023-09-22,9136
00680L,元大美債20正2,12,0,12,群益金鼎-西松,2023-09-22,9136
2303,聯電,14,2,12,群益金鼎-西松,2023-09-22,9136
4977,眾達-KY,16,4,12,群益金鼎-西松,2023-09-22,9136
1524,耿鼎,20,9,11,群益金鼎-西松,2023-09-22,9136
2316,楠梓電,17,6,11,群益金鼎-西松,2023-09-22,9136
5522,遠雄,11,0,11,群益金鼎-西松,2023-09-22,9136
00740B,富邦全球投等債,10,0,10,群益金鼎-西松,2023-09-22,9136
00725B,國泰投資級公司債,10,0,10,群益金鼎-西松,2023-09-22,9136
1101,台泥,13,3,10,群益金鼎-西松,2023-09-22,9136
3081,聯亞,10,2,8,群益金鼎-西松,2023-09-22,9136
3483,力致,14,6,8,群益金鼎-西松,2023-09-22,9136
9927,泰銘,8,0,8,群益金鼎-西松,2023-09-22,9136
1815,富喬,8,1,7,群益金鼎-西松,2023-09-22,9136
6456,GIS-KY,7,0,7,群益金鼎-西松,2023-09-22,9136
3051,力特,8,2,6,群益金鼎-西松,2023-09-22,9136
6285,啟��,8,2,6,群益金鼎-西松,2023-09-22,9136
00687B,國泰20年美債,5,0,5,群益金鼎-西松,2023-09-22,9136
3231,緯創,15,10,5,群益金鼎-西松,2023-09-22,9136
2399,映泰,5,0,5,群益金鼎-西松,2023-09-22,9136
2014,中鴻,5,0,5,群益金鼎-西松,2023-09-22,9136
2891,中信金,5,0,5,群益金鼎-西松,2023-09-22,9136
3323,加百裕,5,0,5,群益金鼎-西松,2023-09-22,9136
4915,致伸,15,10,5,群益金鼎-西松,2023-09-22,9136
5465,富驊,5,0,5,群益金鼎-西松,2023-09-22,9136
6901,鑽石投資,8,3,5,群益金鼎-西松,2023-09-22,9136
00885,富邦越南,4,0,4,群益金鼎-西松,2023-09-22,9136
2073,雄順,4,0,4,群益金鼎-西松,2023-09-22,9136
2905,三商,4,0,4,群益金鼎-西松,2023-09-22,9136
3028,增你強,4,0,4,群益金鼎-西松,2023-09-22,9136
3520,華盈,4,0,4,群益金鼎-西松,2023-09-22,9136
3450,聯鈞,110,36,74,群益金鼎-西松,2023-09-25,9136
00712,復華富時不動產,62,0,62,群益金鼎-西松,2023-09-25,9136
00919,群益台灣精選高息,48,0,48,群益金鼎-西松,2023-09-25,9136
3715,定穎投控,79,31,48,群益金鼎-西松,2023-09-25,9136
2883B,凱基金乙特,40,0,40,群益金鼎-西松,2023-09-25,9136
00751B,元大AAA至A公司債,22,0,22,群益金鼎-西松,2023-09-25,9136
3037,欣興,17,1,16,群益金鼎-西松,2023-09-25,9136
3260,威剛,22,6,16,群益金鼎-西松,2023-09-25,9136
00929,復華台灣科技優息,21,6,15,群益金鼎-西松,2023-09-25,9136
2317,鴻海,16,1,15,群益金鼎-西松,2023-09-25,9136
00679B,元大美債20年,20,6,14,群益金鼎-西松,2023-09-25,9136
6531,愛普*,29,15,14,群益金鼎-西松,2023-09-25,9136
2461,光群雷,13,0,13,群益金鼎-西松,2023-09-25,9136
3673,TPK-KY,13,0,13,群益金鼎-西松,2023-09-25,9136
4908,前鼎,16,4,12,群益金鼎-西松,2023-09-25,9136
9945,潤泰新,11,0,11,群益金鼎-西松,2023-09-25,9136
2363,矽統,27,16,11,群益金鼎-西松,2023-09-25,9136
1101,台泥,10,0,10,群益金鼎-西松,2023-09-25,9136
2402,毅嘉,10,0,10,群益金鼎-西松,2023-09-25,9136
3036,文曄,14,4,10,群益金鼎-西松,2023-09-25,9136
4915,致伸,15,5,10,群益金鼎-西松,2023-09-25,9136
6757,台灣虎航,10,0,10,群益金鼎-西松,2023-09-25,9136
00898,國泰基因免疫革命,9,0,9,群益金鼎-西松,2023-09-25,9136
5340,建榮,9,0,9,群益金鼎-西松,2023-09-25,9136
6585,鼎基,9,0,9,群益金鼎-西松,2023-09-25,9136
2376,技嘉,35,27,8,群益金鼎-西松,2023-09-25,9136
4747,強生,8,0,8,群益金鼎-西松,2023-09-25,9136
2105,正新,8,1,7,群益金鼎-西松,2023-09-25,9136
2368,金像電,15,8,7,群益金鼎-西松,2023-09-25,9136
3032,偉訓,7,0,7,群益金鼎-西松,2023-09-25,9136
4977,眾達-KY,7,0,7,群益金鼎-西松,2023-09-25,9136
6150,撼訊,10,3,7,群益金鼎-西松,2023-09-25,9136
1584,精剛,37,31,6,群益金鼎-西松,2023-09-25,9136
00931B,統一美債20年,6,0,6,群益金鼎-西松,2023-09-25,9136
1717,長興,8,2,6,群益金鼎-西松,2023-09-25,9136
3049,精金,6,0,6,群益金鼎-西松,2023-09-25,9136
4543,萬在,6,0,6,群益金鼎-西松,2023-09-25,9136
5515,建國,6,0,6,群益金鼎-西松,2023-09-25,9136
00909,國泰數位支付服務,5,0,5,群益金鼎-西松,2023-09-25,9136
00923,群益台ESG低碳50,5,0,5,群益金鼎-西松,2023-09-25,9136
3017,奇鋐,5,0,5,群益金鼎-西松,2023-09-25,9136
3252,海灣,5,0,5,群益金鼎-西松,2023-09-25,9136
3685,元創精密,5,0,5,群益金鼎-西松,2023-09-25,9136
9911,櫻花,5,0,5,群益金鼎-西松,2023-09-25,9136
9927,泰銘,5,0,5,群益金鼎-西松,2023-09-25,9136
1319,東陽,67,63,4,群益金鼎-西松,2023-09-25,9136
2891,中信金,4,0,4,群益金鼎-西松,2023-09-25,9136
3028,增你強,4,0,4,群益金鼎-西松,2023-09-25,9136
3703,欣陸,4,0,4,群益金鼎-西松,2023-09-25,9136
4147,中裕,5,1,4,群益金鼎-西松,2023-09-25,9136
2888,新光金,62,4,58,群益金鼎-西松,2023-09-26,9136
5347,世界,54,0,54,群益金鼎-西松,2023-09-26,9136
6125,廣運,82,30,52,群益金鼎-西松,2023-09-26,9136
00919,群益台灣精選高息,48,1,47,群益金鼎-西松,2023-09-26,9136
4402,郡都開發,40,0,40,群益金鼎-西松,2023-09-26,9136
2493,揚博,37,0,37,群益金鼎-西松,2023-09-26,9136
2317,鴻海,46,13,33,群益金鼎-西松,2023-09-26,9136
1815,富喬,165,132,33,群益金鼎-西松,2023-09-26,9136
1522,堤維西,43,11,32,群益金鼎-西松,2023-09-26,9136
3231,緯創,55,24,31,群益金鼎-西松,2023-09-26,9136
5009,榮剛,31,0,31,群益金鼎-西松,2023-09-26,9136
2338,光罩,31,0,31,群益金鼎-西松,2023-09-26,9136
2356,英業達,35,6,29,群益金鼎-西松,2023-09-26,9136
2882,國泰金,30,2,28,群益金鼎-西松,2023-09-26,9136
2206,三陽工業,51,25,26,群益金鼎-西松,2023-09-26,9136
00637L,元大滬深300正2,25,1,24,群益金鼎-西松,2023-09-26,9136
4706,大恭,23,0,23,群益金鼎-西松,2023-09-26,9136
4123,晟德,20,0,20,群益金鼎-西松,2023-09-26,9136
2881,富邦金,19,0,19,群益金鼎-西松,2023-09-26,9136
00679B,元大美債20年,25,7,18,群益金鼎-西松,2023-09-26,9136
2382,廣達,29,11,18,群益金鼎-西松,2023-09-26,9136
00878,國泰永續高股息,19,2,17,群益金鼎-西松,2023-09-26,9136
6770,力積電,17,0,17,群益金鼎-西松,2023-09-26,9136
2880,華南金,15,0,15,群益金鼎-西松,2023-09-26,9136
3711,日月光投控,15,0,15,群益金鼎-西松,2023-09-26,9136
3037,欣興,16,2,14,群益金鼎-西松,2023-09-26,9136
9945,潤泰新,14,0,14,群益金鼎-西松,2023-09-26,9136
5880,合庫金,13,0,13,群益金鼎-西松,2023-09-26,9136
00712,復華富時不動產,23,10,13,群益金鼎-西松,2023-09-26,9136
2344,華邦電,14,1,13,群益金鼎-西松,2023-09-26,9136
1101,台泥,12,0,12,群益金鼎-西松,2023-09-26,9136
3706,神達,26,14,12,群益金鼎-西松,2023-09-26,9136
4919,新唐,12,0,12,群益金鼎-西松,2023-09-26,9136
2634,漢翔,14,3,11,群益金鼎-西松,2023-09-26,9136
3308,聯德,11,0,11,群益金鼎-西松,2023-09-26,9136
2455,全新,10,0,10,群益金鼎-西松,2023-09-26,9136
5381,合正,10,0,10,群益金鼎-西松,2023-09-26,9136
6288,聯嘉,11,1,10,群益金鼎-西松,2023-09-26,9136
3032,偉訓,14,5,9,群益金鼎-西松,2023-09-26,9136
3036,文曄,17,8,9,群益金鼎-西松,2023-09-26,9136
4952,凌通,8,0,8,群益金鼎-西松,2023-09-26,9136
6757,台灣虎航,8,0,8,群益金鼎-西松,2023-09-26,9136
2303,聯電,17,10,7,群益金鼎-西松,2023-09-26,9136
00687B,國泰20年美債,7,0,7,群益金鼎-西松,2023-09-26,9136
2002,中鋼,7,0,7,群益金鼎-西松,2023-09-26,9136
00923,群益台ESG低碳50,7,0,7,群益金鼎-西松,2023-09-26,9136
2535,達欣工,7,0,7,群益金鼎-西松,2023-09-26,9136
4113,聯上,7,0,7,群益金鼎-西松,2023-09-26,9136
6257,矽格,8,1,7,群益金鼎-西松,2023-09-26,9136
2606,裕民,6,0,6,群益金鼎-西松,2023-09-26,9136
00929,復華台灣科技優息,58,1,57,群益金鼎-西松,2023-09-27,9136
4402,郡都開發,49,0,49,群益金鼎-西松,2023-09-27,9136
3231,緯創,57,20,37,群益金鼎-西松,2023-09-27,9136
2376,技嘉,50,28,22,群益金鼎-西松,2023-09-27,9136
3450,聯鈞,28,7,21,群益金鼎-西松,2023-09-27,9136
00676R,富邦臺灣加權反1,20,0,20,群益金鼎-西松,2023-09-27,9136
2337,旺宏,20,0,20,群益金鼎-西松,2023-09-27,9136
3036,文曄,37,17,20,群益金鼎-西松,2023-09-27,9136
3715,定穎投控,40,20,20,群益金鼎-西松,2023-09-27,9136
2338,光罩,19,0,19,群益金鼎-西松,2023-09-27,9136
2356,英業達,22,3,19,群益金鼎-西松,2023-09-27,9136
3017,奇鋐,24,6,18,群益金鼎-西松,2023-09-27,9136
2317,鴻海,44,28,16,群益金鼎-西松,2023-09-27,9136
3481,群創,21,5,16,群益金鼎-西松,2023-09-27,9136
1312,國喬,16,0,16,群益金鼎-西松,2023-09-27,9136
5465,富驊,15,0,15,群益金鼎-西松,2023-09-27,9136
00919,群益台灣精選高息,12,0,12,群益金鼎-西松,2023-09-27,9136
6288,聯嘉,12,0,12,群益金鼎-西松,2023-09-27,9136
4961,天鈺,16,4,12,群益金鼎-西松,2023-09-27,9136
00679B,元大美債20年,11,0,11,群益金鼎-西松,2023-09-27,9136
1618,合機,13,2,11,群益金鼎-西松,2023-09-27,9136
3078,僑威,11,0,11,群益金鼎-西松,2023-09-27,9136
2504,國產,10,0,10,群益金鼎-西松,2023-09-27,9136
1711,永光,10,0,10,群益金鼎-西松,2023-09-27,9136
8049,晶采,10,0,10,群益金鼎-西松,2023-09-27,9136
00712,復華富時不動產,10,0,10,群益金鼎-西松,2023-09-27,9136
1101,台泥,9,0,9,群益金鼎-西松,2023-09-27,9136
1560,中砂,23,14,9,群益金鼎-西松,2023-09-27,9136
00751B,元大AAA至A公司債,9,0,9,群益金鼎-西松,2023-09-27,9136
3037,欣興,10,2,8,群益金鼎-西松,2023-09-27,9136
2002,中鋼,14,6,8,群益金鼎-西松,2023-09-27,9136
6168,宏齊,8,0,8,群益金鼎-西松,2023-09-27,9136
6770,力積電,8,0,8,群益金鼎-西松,2023-09-27,9136
00637L,元大滬深300正2,37,30,7,群益金鼎-西松,2023-09-27,9136
2535,達欣工,7,0,7,群益金鼎-西松,2023-09-27,9136
2542,興富發,7,0,7,群益金鼎-西松,2023-09-27,9136
00878,國泰永續高股息,7,1,6,群益金鼎-西松,2023-09-27,9136
00932,兆豐永續高息等權,6,0,6,群益金鼎-西松,2023-09-27,9136
1301,台塑,6,0,6,群益金鼎-西松,2023-09-27,9136
00923,群益台ESG低碳50,13,7,6,群益金鼎-西松,2023-09-27,9136
6485,點序,6,0,6,群益金鼎-西松,2023-09-27,9136
6841,長佳智能,6,0,6,群益金鼎-西松,2023-09-27,9136
8088,品安,6,0,6,群益金鼎-西松,2023-09-27,9136
1609,大亞,6,1,5,群益金鼎-西松,2023-09-27,9136
00909,國泰數位支付服務,5,0,5,群益金鼎-西松,2023-09-27,9136
00881,國泰台灣5G+,5,0,5,群益金鼎-西松,2023-09-27,9136
1321,大洋,5,0,5,群益金鼎-西松,2023-09-27,9136
2449,京元電子,5,0,5,群益金鼎-西松,2023-09-27,9136
4908,前鼎,27,22,5,群益金鼎-西松,2023-09-27,9136
6418,詠昇,6,1,5,群益金鼎-西松,2023-09-27,9136
2382,廣達,129,60,69,群益金鼎-西松,2023-09-28,9136
00919,群益台灣精選高息,65,0,65,群益金鼎-西松,2023-09-28,9136
3017,奇鋐,64,10,54,群益金鼎-西松,2023-09-28,9136
00679B,元大美債20年,48,0,48,群益金鼎-西松,2023-09-28,9136
2356,英業達,48,9,39,群益金鼎-西松,2023-09-28,9136
1101,台泥,31,0,31,群益金鼎-西松,2023-09-28,9136
2354,鴻準,30,1,29,群益金鼎-西松,2023-09-28,9136
2329,華泰,30,3,27,群益金鼎-西松,2023-09-28,9136
5426,振發,27,0,27,群益金鼎-西松,2023-09-28,9136
6196,帆宣,22,1,21,群益金鼎-西松,2023-09-28,9136
00712,復華富時不動產,20,0,20,群益金鼎-西松,2023-09-28,9136
6669,緯穎,20,0,20,群益金鼎-西松,2023-09-28,9136
00637L,元大滬深300正2,30,10,20,群益金鼎-西松,2023-09-28,9136
2206,三陽工業,20,4,16,群益金鼎-西松,2023-09-28,9136
2408,南亞科,15,0,15,群益金鼎-西松,2023-09-28,9136
3036,文曄,76,62,14,群益金鼎-西松,2023-09-28,9136
3231,緯創,72,59,13,群益金鼎-西松,2023-09-28,9136
1524,耿鼎,15,3,12,群益金鼎-西松,2023-09-28,9136
6122,擎邦,17,5,12,群益金鼎-西松,2023-09-28,9136
3044,健鼎,24,13,11,群益金鼎-西松,2023-09-28,9136
8210,勤誠,17,6,11,群益金鼎-西松,2023-09-28,9136
00929,復華台灣科技優息,12,2,10,群益金鼎-西松,2023-09-28,9136
2888,新光金,10,0,10,群益金鼎-西松,2023-09-28,9136
2002,中鋼,9,0,9,群益金鼎-西松,2023-09-28,9136
2883,凱基金,10,1,9,群益金鼎-西松,2023-09-28,9136
2025,千興,10,1,9,群益金鼎-西松,2023-09-28,9136
6213,聯茂,14,5,9,群益金鼎-西松,2023-09-28,9136
2344,華邦電,8,0,8,群益金鼎-西松,2023-09-28,9136
00715L,期街口布蘭特正2,10,3,7,群益金鼎-西松,2023-09-28,9136
2377,微星,7,0,7,群益金鼎-西松,2023-09-28,9136
3006,晶豪科,7,0,7,群益金鼎-西松,2023-09-28,9136
3704,合勤控,6,0,6,群益金鼎-西松,2023-09-28,9136
5381,合正,6,0,6,群益金鼎-西松,2023-09-28,9136
00878,國泰永續高股息,7,1,6,群益金鼎-西松,2023-09-28,9136
2363,矽統,13,7,6,群益金鼎-西松,2023-09-28,9136
3693,營邦,5,0,5,群益金鼎-西松,2023-09-28,9136
2442,新美齊,5,0,5,群益金鼎-西松,2023-09-28,9136
2073,雄順,5,0,5,群益金鼎-西松,2023-09-28,9136
2409,友達,7,2,5,群益金鼎-西松,2023-09-28,9136
2892,第一金,5,0,5,群益金鼎-西松,2023-09-28,9136
3088,艾訊,5,0,5,群益金鼎-西松,2023-09-28,9136
4542,科嶠,10,5,5,群益金鼎-西松,2023-09-28,9136
8049,晶采,5,0,5,群益金鼎-西松,2023-09-28,9136
3163,波若威,16,11,5,群益金鼎-西松,2023-09-28,9136
00757,統一FANG+,4,0,4,群益金鼎-西松,2023-09-28,9136
2441,超豐,4,0,4,群益金鼎-西松,2023-09-28,9136
6282,康舒,4,0,4,群益金鼎-西松,2023-09-28,9136
5243,乙盛-KY,4,0,4,群益金鼎-西松,2023-09-28,9136
2461,光群雷,4,0,4,群益金鼎-西松,2023-09-28,9136
00687B,國泰20年美債,4,0,4,群益金鼎-西松,2023-09-28,9136
6168,宏齊,111,4,107,群益金鼎-西松,2023-10-02,9136
3231,緯創,191,86,105,群益金鼎-西松,2023-10-02,9136
3481,群創,67,0,67,群益金鼎-西松,2023-10-02,9136
5465,富驊,58,0,58,群益金鼎-西松,2023-10-02,9136
3017,奇鋐,60,3,57,群益金鼎-西松,2023-10-02,9136
00720B,元大投資級公司債,52,0,52,群益金鼎-西松,2023-10-02,9136
00632R,元大台灣50反1,45,0,45,群益金鼎-西松,2023-10-02,9136
2358,廷鑫,32,0,32,群益金鼎-西松,2023-10-02,9136
6125,廣運,55,27,28,群益金鼎-西松,2023-10-02,9136
2383,台光電,27,2,25,群益金鼎-西松,2023-10-02,9136
00929,復華台灣科技優息,25,4,21,群益金鼎-西松,2023-10-02,9136
2331,精英,20,0,20,群益金鼎-西松,2023-10-02,9136
00687B,國泰20年美債,20,0,20,群益金鼎-西松,2023-10-02,9136
3693,營邦,21,2,19,群益金鼎-西松,2023-10-02,9136
3322,建舜電,18,0,18,群益金鼎-西松,2023-10-02,9136
5426,振發,17,0,17,群益金鼎-西松,2023-10-02,9136
2399,映泰,22,6,16,群益金鼎-西松,2023-10-02,9136
2368,金像電,22,7,15,群益金鼎-西松,2023-10-02,9136
3704,合勤控,13,0,13,群益金鼎-西松,2023-10-02,9136
5258,虹堡,13,2,11,群益金鼎-西松,2023-10-02,9136
1503,士電,10,0,10,群益金鼎-西松,2023-10-02,9136
1611,中電,10,0,10,群益金鼎-西松,2023-10-02,9136
2888,新光金,10,0,10,群益金鼎-西松,2023-10-02,9136
2421,建準,22,13,9,群益金鼎-西松,2023-10-02,9136
00919,群益台灣精選高息,9,0,9,群益金鼎-西松,2023-10-02,9136
2881,富邦金,10,1,9,群益金鼎-西松,2023-10-02,9136
3373,熱映,9,0,9,群益金鼎-西松,2023-10-02,9136
3706,神達,9,1,8,群益金鼎-西松,2023-10-02,9136
00680L,元大美債20正2,8,0,8,群益金鼎-西松,2023-10-02,9136
2206,三陽工業,7,0,7,群益金鼎-西松,2023-10-02,9136
1618,合機,11,4,7,群益金鼎-西松,2023-10-02,9136
2354,鴻準,19,12,7,群益金鼎-西松,2023-10-02,9136
2882,國泰金,7,0,7,群益金鼎-西松,2023-10-02,9136
6191,精成科,9,2,7,群益金鼎-西松,2023-10-02,9136
1471,首利,8,2,6,群益金鼎-西松,2023-10-02,9136
2605,新興,6,0,6,群益金鼎-西松,2023-10-02,9136
2022,聚亨,6,0,6,群益金鼎-西松,2023-10-02,9136
2409,友達,7,1,6,群益金鼎-西松,2023-10-02,9136
2812,台中銀,6,0,6,群益金鼎-西松,2023-10-02,9136
5511,德昌,6,0,6,群益金鼎-西松,2023-10-02,9136
3483,力致,7,2,5,群益金鼎-西松,2023-10-02,9136
1102,亞泥,5,0,5,群益金鼎-西松,2023-10-02,9136
00909,國泰數位支付服務,5,0,5,群益金鼎-西松,2023-10-02,9136
00850,元大臺灣ESG永續,5,0,5,群益金鼎-西松,2023-10-02,9136
00740B,富邦全球投等債,5,0,5,群益金鼎-西松,2023-10-02,9136
2609,陽明,6,1,5,群益金鼎-西松,2023-10-02,9136
3294,英濟,5,0,5,群益金鼎-西松,2023-10-02,9136
4961,天鈺,6,1,5,群益金鼎-西松,2023-10-02,9136
5348,正能量智能,5,0,5,群益金鼎-西松,2023-10-02,9136
8049,晶采,5,0,5,群益金鼎-西松,2023-10-02,9136
6125,廣運,95,0,95,群益金鼎-西松,2023-10-03,9136
00931B,統一美債20年,69,0,69,群益金鼎-西松,2023-10-03,9136
00637L,元大滬深300正2,53,5,48,群益金鼎-西松,2023-10-03,9136
6274,台燿,56,18,38,群益金鼎-西松,2023-10-03,9136
0056,元大高股息,46,9,37,群益金鼎-西松,2023-10-03,9136
2468,華經,30,1,29,群益金鼎-西松,2023-10-03,9136
4938,和碩,29,0,29,群益金鼎-西松,2023-10-03,9136
2882,國泰金,24,0,24,群益金鼎-西松,2023-10-03,9136
3231,緯創,42,19,23,群益金鼎-西松,2023-10-03,9136
2002,中鋼,23,1,22,群益金鼎-西松,2023-10-03,9136
4906,正文,22,0,22,群益金鼎-西松,2023-10-03,9136
2382,廣達,38,20,18,群益金鼎-西松,2023-10-03,9136
4543,萬在,15,0,15,群益金鼎-西松,2023-10-03,9136
2888,新光金,14,0,14,群益金鼎-西松,2023-10-03,9136
3322,建舜電,58,44,14,群益金鼎-西松,2023-10-03,9136
6213,聯茂,28,14,14,群益金鼎-西松,2023-10-03,9136
5426,振發,13,0,13,群益金鼎-西松,2023-10-03,9136
1605,華新,12,0,12,群益金鼎-西松,2023-10-03,9136
2345,智邦,12,0,12,群益金鼎-西松,2023-10-03,9136
2618,長榮航,38,26,12,群益金鼎-西松,2023-10-03,9136
00882,中信中國高股息,11,0,11,群益金鼎-西松,2023-10-03,9136
00919,群益台灣精選高息,12,1,11,群益金鼎-西松,2023-10-03,9136
2316,楠梓電,15,4,11,群益金鼎-西松,2023-10-03,9136
4908,前鼎,35,24,11,群益金鼎-西松,2023-10-03,9136
5511,德昌,11,0,11,群益金鼎-西松,2023-10-03,9136
2603,長榮,12,1,11,群益金鼎-西松,2023-10-03,9136
00688L,國泰20年美債正2,10,0,10,群益金鼎-西松,2023-10-03,9136
2883,凱基金,10,0,10,群益金鼎-西松,2023-10-03,9136
3013,晟銘電,22,12,10,群益金鼎-西松,2023-10-03,9136
3017,奇鋐,14,4,10,群益金鼎-西松,2023-10-03,9136
3325,旭品,39,29,10,群益金鼎-西松,2023-10-03,9136
3406,玉晶光,10,0,10,群益金鼎-西松,2023-10-03,9136
3481,群創,23,13,10,群益金鼎-西松,2023-10-03,9136
4173,久裕,10,0,10,群益金鼎-西松,2023-10-03,9136
4915,致伸,10,0,10,群益金鼎-西松,2023-10-03,9136
8210,勤誠,11,1,10,群益金鼎-西松,2023-10-03,9136
8936,國統,10,0,10,群益金鼎-西松,2023-10-03,9136
00720B,元大投資級公司債,9,0,9,群益金鼎-西松,2023-10-03,9136
2356,英業達,24,15,9,群益金鼎-西松,2023-10-03,9136
2610,華航,10,2,8,群益金鼎-西松,2023-10-03,9136
2301,光寶科,9,2,7,群益金鼎-西松,2023-10-03,9136
00922,國泰台灣領袖50,7,0,7,群益金鼎-西松,2023-10-03,9136
00687B,國泰20年美債,7,0,7,群益金鼎-西松,2023-10-03,9136
2073,雄順,7,0,7,群益金鼎-西松,2023-10-03,9136
2405,輔信,10,3,7,群益金鼎-西松,2023-10-03,9136
3264,欣銓,7,0,7,群益金鼎-西松,2023-10-03,9136
8028,昇陽半導體,6,0,6,群益金鼎-西松,2023-10-03,9136
2634,漢翔,8,2,6,群益金鼎-西松,2023-10-03,9136
00878,國泰永續高股息,6,0,6,群益金鼎-西松,2023-10-03,9136
1612,宏泰,6,0,6,群益金鼎-西松,2023-10-03,9136
00929,復華台灣科技優息,92,5,87,群益金鼎-西松,2023-10-04,9136
2324,仁寶,60,0,60,群益金鼎-西松,2023-10-04,9136
0056,元大高股息,54,1,53,群益金鼎-西松,2023-10-04,9136
2427,三商電,44,0,44,群益金鼎-西松,2023-10-04,9136
2363,矽統,45,8,37,群益金鼎-西松,2023-10-04,9136
3231,緯創,51,16,35,群益金鼎-西松,2023-10-04,9136
00712,復華富時不動產,35,1,34,群益金鼎-西松,2023-10-04,9136
00919,群益台灣精選高息,35,4,31,群益金鼎-西松,2023-10-04,9136
2329,華泰,28,0,28,群益金鼎-西松,2023-10-04,9136
00637L,元大滬深300正2,32,7,25,群益金鼎-西松,2023-10-04,9136
1560,中砂,48,23,25,群益金鼎-西松,2023-10-04,9136
00931B,統一美債20年,39,15,24,群益金鼎-西松,2023-10-04,9136
00687B,國泰20年美債,23,0,23,群益金鼎-西松,2023-10-04,9136
2892,第一金,22,0,22,群益金鼎-西松,2023-10-04,9136
4162,智擎,21,0,21,群益金鼎-西松,2023-10-04,9136
2002,中鋼,17,0,17,群益金鼎-西松,2023-10-04,9136
2014,中鴻,17,0,17,群益金鼎-西松,2023-10-04,9136
2356,英業達,52,35,17,群益金鼎-西松,2023-10-04,9136
00922,國泰台灣領袖50,16,0,16,群益金鼎-西松,2023-10-04,9136
00679B,元大美債20年,23,8,15,群益金鼎-西松,2023-10-04,9136
2884,玉山金,22,7,15,群益金鼎-西松,2023-10-04,9136
5272,笙科,16,1,15,群益金鼎-西松,2023-10-04,9136
8435,鉅邁,15,0,15,群益金鼎-西松,2023-10-04,9136
2436,偉詮電,14,0,14,群益金鼎-西松,2023-10-04,9136
1605,華新,19,6,13,群益金鼎-西松,2023-10-04,9136
6288,聯嘉,14,1,13,群益金鼎-西松,2023-10-04,9136
2891,中信金,12,0,12,群益金鼎-西松,2023-10-04,9136
2731,雄獅,12,0,12,群益金鼎-西松,2023-10-04,9136
2344,華邦電,12,0,12,群益金鼎-西松,2023-10-04,9136
2303,聯電,11,0,11,群益金鼎-西松,2023-10-04,9136
3081,聯亞,12,1,11,群益金鼎-西松,2023-10-04,9136
1227,佳格,10,0,10,群益金鼎-西松,2023-10-04,9136
00646,元大S＆P500,10,0,10,群益金鼎-西松,2023-10-04,9136
2801,彰銀,10,0,10,群益金鼎-西松,2023-10-04,9136
4306,炎洲,10,0,10,群益金鼎-西松,2023-10-04,9136
6531,愛普*,10,0,10,群益金鼎-西松,2023-10-04,9136
9946,三發地產,10,0,10,群益金鼎-西松,2023-10-04,9136
00923,群益台ESG低碳50,9,0,9,群益金鼎-西松,2023-10-04,9136
2538,基泰,22,13,9,群益金鼎-西松,2023-10-04,9136
3094,聯傑,11,2,9,群益金鼎-西松,2023-10-04,9136
2330,台積電,10,1,9,群益金鼎-西松,2023-10-04,9136
2206,三陽工業,10,1,9,群益金鼎-西松,2023-10-04,9136
2882,國泰金,9,1,8,群益金鼎-西松,2023-10-04,9136
3591,艾笛森,8,0,8,群益金鼎-西松,2023-10-04,9136
00751B,元大AAA至A公司債,7,0,7,群益金鼎-西松,2023-10-04,9136
2883,凱基金,7,0,7,群益金鼎-西松,2023-10-04,9136
0050,元大台灣50,7,0,7,群益金鼎-西松,2023-10-04,9136
2412,中華電,6,0,6,群益金鼎-西松,2023-10-04,9136
1301,台塑,6,0,6,群益金鼎-西松,2023-10-04,9136
1303,南亞,6,0,6,群益金鼎-西松,2023-10-04,9136
2618,長榮航,102,34,68,群益金鼎-西松,2023-10-05,9136
2376,技嘉,54,1,53,群益金鼎-西松,2023-10-05,9136
2486,一詮,74,26,48,群益金鼎-西松,2023-10-05,9136
00931B,統一美債20年,41,0,41,群益金鼎-西松,2023-10-05,9136
00712,復華富時不動產,33,0,33,群益金鼎-西松,2023-10-05,9136
2610,華航,43,12,31,群益金鼎-西松,2023-10-05,9136
5388,中磊,30,0,30,群益金鼎-西松,2023-10-05,9136
2417,圓剛,52,24,28,群益金鼎-西松,2023-10-05,9136
3037,欣興,24,0,24,群益金鼎-西松,2023-10-05,9136
1603,華電,22,0,22,群益金鼎-西松,2023-10-05,9136
00725B,國泰投資級公司債,20,0,20,群益金鼎-西松,2023-10-05,9136
00722B,群益投資級電信債,20,0,20,群益金鼎-西松,2023-10-05,9136
00715L,期街口布蘭特正2,17,0,17,群益金鼎-西松,2023-10-05,9136
3032,偉訓,18,1,17,群益金鼎-西松,2023-10-05,9136
00632R,元大台灣50反1,50,35,15,群益金鼎-西松,2023-10-05,9136
3558,神準,15,0,15,群益金鼎-西松,2023-10-05,9136
6235,華孚,19,4,15,群益金鼎-西松,2023-10-05,9136
6438,迅得,15,0,15,群益金鼎-西松,2023-10-05,9136
3044,健鼎,14,0,14,群益金鼎-西松,2023-10-05,9136
1560,中砂,34,21,13,群益金鼎-西松,2023-10-05,9136
3078,僑威,13,0,13,群益金鼎-西松,2023-10-05,9136
3013,晟銘電,14,2,12,群益金鼎-西松,2023-10-05,9136
3234,光環,14,2,12,群益金鼎-西松,2023-10-05,9136
6231,系微,12,1,11,群益金鼎-西松,2023-10-05,9136
1519,華城,16,6,10,群益金鼎-西松,2023-10-05,9136
2313,華通,19,9,10,群益金鼎-西松,2023-10-05,9136
3264,欣銓,10,0,10,群益金鼎-西松,2023-10-05,9136
4532,瑞智,10,0,10,群益金鼎-西松,2023-10-05,9136
6288,聯嘉,11,1,10,群益金鼎-西松,2023-10-05,9136
8271,宇瞻,10,0,10,群益金鼎-西松,2023-10-05,9136
5225,東科-KY,10,1,9,群益金鼎-西松,2023-10-05,9136
5272,笙科,19,10,9,群益金鼎-西松,2023-10-05,9136
8227,巨有科技,11,2,9,群益金鼎-西松,2023-10-05,9136
8996,高力,10,1,9,群益金鼎-西松,2023-10-05,9136
4979,華星光,8,0,8,群益金鼎-西松,2023-10-05,9136
6451,訊芯-KY,20,12,8,群益金鼎-西松,2023-10-05,9136
2382,廣達,8,1,7,群益金鼎-西松,2023-10-05,9136
3122,笙泉,23,16,7,群益金鼎-西松,2023-10-05,9136
6274,台燿,21,15,6,群益金鼎-西松,2023-10-05,9136
00719B,元大美債1-3,6,0,6,群益金鼎-西松,2023-10-05,9136
6684,安格,8,2,6,群益金鼎-西松,2023-10-05,9136
9946,三發地產,6,0,6,群益金鼎-西松,2023-10-05,9136
2002,中鋼,5,0,5,群益金鼎-西松,2023-10-05,9136
00909,國泰數位支付服務,5,0,5,群益金鼎-西松,2023-10-05,9136
2812,台中銀,5,0,5,群益金鼎-西松,2023-10-05,9136
3038,全台,5,0,5,群益金鼎-西松,2023-10-05,9136
3217,優群,5,0,5,群益金鼎-西松,2023-10-05,9136
3491,昇達科,5,0,5,群益金鼎-西松,2023-10-05,9136
3715,定穎投控,25,20,5,群益金鼎-西松,2023-10-05,9136
6585,鼎基,5,0,5,群益金鼎-西松,2023-10-05,9136
00929,復華台灣科技優息,84,5,79,群益金鼎-西松,2023-10-06,9136
2329,華泰,57,1,56,群益金鼎-西松,2023-10-06,9136
3276,宇環,37,2,35,群益金鼎-西松,2023-10-06,9136
6187,萬潤,33,1,32,群益金鼎-西松,2023-10-06,9136
00725B,國泰投資級公司債,30,0,30,群益金鼎-西松,2023-10-06,9136
6104,創惟,30,0,30,群益金鼎-西松,2023-10-06,9136
3014,聯陽,25,1,24,群益金鼎-西松,2023-10-06,9136
00931B,統一美債20年,22,0,22,群益金鼎-西松,2023-10-06,9136
1324,地球,20,0,20,群益金鼎-西松,2023-10-06,9136
2465,麗臺,20,1,19,群益金鼎-西松,2023-10-06,9136
3325,旭品,22,3,19,群益金鼎-西松,2023-10-06,9136
2382,廣達,27,8,19,群益金鼎-西松,2023-10-06,9136
2354,鴻準,19,1,18,群益金鼎-西松,2023-10-06,9136
6122,擎邦,33,15,18,群益金鼎-西松,2023-10-06,9136
6451,訊芯-KY,21,4,17,群益金鼎-西松,2023-10-06,9136
8210,勤誠,16,1,15,群益金鼎-西松,2023-10-06,9136
1722,台肥,20,6,14,群益金鼎-西松,2023-10-06,9136
3481,群創,16,2,14,群益金鼎-西松,2023-10-06,9136
4113,聯上,15,1,14,群益金鼎-西松,2023-10-06,9136
3483,力致,19,6,13,群益金鼎-西松,2023-10-06,9136
0056,元大高股息,27,14,13,群益金鼎-西松,2023-10-06,9136
1210,大成,12,0,12,群益金鼎-西松,2023-10-06,9136
5426,振發,12,0,12,群益金鼎-西松,2023-10-06,9136
00751B,元大AAA至A公司債,11,0,11,群益金鼎-西松,2023-10-06,9136
00722B,群益投資級電信債,11,0,11,群益金鼎-西松,2023-10-06,9136
1513,中興電,11,0,11,群益金鼎-西松,2023-10-06,9136
3005,神基,11,0,11,群益金鼎-西松,2023-10-06,9136
2486,一詮,22,12,10,群益金鼎-西松,2023-10-06,9136
00909,國泰數位支付服務,10,0,10,群益金鼎-西松,2023-10-06,9136
00922,國泰台灣領袖50,10,0,10,群益金鼎-西松,2023-10-06,9136
00712,復華富時不動產,9,0,9,群益金鼎-西松,2023-10-06,9136
2618,長榮航,10,2,8,群益金鼎-西松,2023-10-06,9136
3545,敦泰,8,0,8,群益金鼎-西松,2023-10-06,9136
6191,精成科,9,1,8,群益金鼎-西松,2023-10-06,9136
2344,華邦電,18,11,7,群益金鼎-西松,2023-10-06,9136
2388,威盛,7,0,7,群益金鼎-西松,2023-10-06,9136
2399,映泰,14,7,7,群益金鼎-西松,2023-10-06,9136
6156,松上,10,3,7,群益金鼎-西松,2023-10-06,9136
2073,雄順,6,0,6,群益金鼎-西松,2023-10-06,9136
4714,永捷,6,0,6,群益金鼎-西松,2023-10-06,9136
6285,啟��,12,6,6,群益金鼎-西松,2023-10-06,9136
8478,東哥遊艇,6,0,6,群益金鼎-西松,2023-10-06,9136
5258,虹堡,8,2,6,群益金鼎-西松,2023-10-06,9136
9105,泰金寶-DR,5,0,5,群益金鼎-西松,2023-10-06,9136
3037,欣興,5,0,5,群益金鼎-西松,2023-10-06,9136
6235,華孚,38,33,5,群益金鼎-西松,2023-10-06,9136
2356,英業達,11,6,5,群益金鼎-西松,2023-10-06,9136
1101,台泥,5,0,5,群益金鼎-西松,2023-10-06,9136
00632R,元大台灣50反1,5,0,5,群益金鼎-西松,2023-10-06,9136
2014,中鴻,5,0,5,群益金鼎-西松,2023-10-06,9136
3231,緯創,294,121,173,群益金鼎-西松,2023-10-11,9136
6125,廣運,87,1,86,群益金鼎-西松,2023-10-11,9136
00772B,中信高評級公司債,130,46,84,群益金鼎-西松,2023-10-11,9136
00632R,元大台灣50反1,75,5,70,群益金鼎-西松,2023-10-11,9136
2890,永豐金,50,4,46,群益金鼎-西松,2023-10-11,9136
2486,一詮,43,14,29,群益金鼎-西松,2023-10-11,9136
00773B,中信優先金融債,30,1,29,群益金鼎-西松,2023-10-11,9136
6189,豐藝,30,6,24,群益金鼎-西松,2023-10-11,9136
2399,映泰,29,6,23,群益金鼎-西松,2023-10-11,9136
1529,樂事綠能,22,0,22,群益金鼎-西松,2023-10-11,9136
1504,東元,21,0,21,群益金鼎-西松,2023-10-11,9136
2353,宏��,21,0,21,群益金鼎-西松,2023-10-11,9136
4113,聯上,21,0,21,群益金鼎-西松,2023-10-11,9136
2468,華經,20,0,20,群益金鼎-西松,2023-10-11,9136
00888,永豐台灣ESG,20,0,20,群益金鼎-西松,2023-10-11,9136
8210,勤誠,21,2,19,群益金鼎-西松,2023-10-11,9136
00687B,國泰20年美債,17,0,17,群益金鼎-西松,2023-10-11,9136
4306,炎洲,17,0,17,群益金鼎-西松,2023-10-11,9136
00929,復華台灣科技優息,15,0,15,群益金鼎-西松,2023-10-11,9136
3666,光耀,15,0,15,群益金鼎-西松,2023-10-11,9136
4162,智擎,15,1,14,群益金鼎-西松,2023-10-11,9136
2641,正德,23,10,13,群益金鼎-西松,2023-10-11,9136
00751B,元大AAA至A公司債,12,0,12,群益金鼎-西松,2023-10-11,9136
6244,茂迪,12,0,12,群益金鼎-西松,2023-10-11,9136
6451,訊芯-KY,16,5,11,群益金鼎-西松,2023-10-11,9136
00919,群益台灣精選高息,10,0,10,群益金鼎-西松,2023-10-11,9136
1307,三芳,10,0,10,群益金鼎-西松,2023-10-11,9136
2002,中鋼,10,0,10,群益金鼎-西松,2023-10-11,9136
3088,艾訊,14,4,10,群益金鼎-西松,2023-10-11,9136
3276,宇環,31,21,10,群益金鼎-西松,2023-10-11,9136
3037,欣興,10,1,9,群益金鼎-西松,2023-10-11,9136
6712,長聖,9,0,9,群益金鼎-西松,2023-10-11,9136
3006,晶豪科,39,31,8,群益金鼎-西松,2023-10-11,9136
2427,三商電,10,2,8,群益金鼎-西松,2023-10-11,9136
3529,力旺,8,0,8,群益金鼎-西松,2023-10-11,9136
4915,致伸,8,0,8,群益金鼎-西松,2023-10-11,9136
6187,萬潤,10,2,8,群益金鼎-西松,2023-10-11,9136
8358,金居,14,6,8,群益金鼎-西松,2023-10-11,9136
3715,定穎投控,21,14,7,群益金鼎-西松,2023-10-11,9136
2108,南帝,7,0,7,群益金鼎-西松,2023-10-11,9136
00706L,期元大S＆P日圓正2,7,0,7,群益金鼎-西松,2023-10-11,9136
2428,興勤,10,3,7,群益金鼎-西松,2023-10-11,9136
3217,優群,7,0,7,群益金鼎-西松,2023-10-11,9136
3545,敦泰,7,0,7,群益金鼎-西松,2023-10-11,9136
8227,巨有科技,12,5,7,群益金鼎-西松,2023-10-11,9136
4714,永捷,8,2,6,群益金鼎-西松,2023-10-11,9136
8069,元太,10,4,6,群益金鼎-西松,2023-10-11,9136
1339,昭輝,6,0,6,群益金鼎-西松,2023-10-11,9136
1515,力山,6,0,6,群益金鼎-西松,2023-10-11,9136
2497,怡利電,6,0,6,群益金鼎-西松,2023-10-11,9136
2382,廣達,379,41,338,群益金鼎-西松,2023-10-12,9136
2363,矽統,164,62,102,群益金鼎-西松,2023-10-12,9136
2890,永豐金,150,50,100,群益金鼎-西松,2023-10-12,9136
6168,宏齊,46,9,37,群益金鼎-西松,2023-10-12,9136
00712,復華富時不動產,24,0,24,群益金鼎-西松,2023-10-12,9136
00885,富邦越南,20,0,20,群益金鼎-西松,2023-10-12,9136
2515,中工,20,0,20,群益金鼎-西松,2023-10-12,9136
6235,華孚,22,4,18,群益金鼎-西松,2023-10-12,9136
2888,新光金,15,0,15,群益金鼎-西松,2023-10-12,9136
4919,新唐,12,0,12,群益金鼎-西松,2023-10-12,9136
8996,高力,23,11,12,群益金鼎-西松,2023-10-12,9136
8358,金居,16,5,11,群益金鼎-西松,2023-10-12,9136
2228,劍麟,11,1,10,群益金鼎-西松,2023-10-12,9136
2468,華經,10,0,10,群益金鼎-西松,2023-10-12,9136
3234,光環,10,0,10,群益金鼎-西松,2023-10-12,9136
8048,德勝,10,0,10,群益金鼎-西松,2023-10-12,9136
00706L,期元大S＆P日圓正2,9,0,9,群益金鼎-西松,2023-10-12,9136
3094,聯傑,12,3,9,群益金鼎-西松,2023-10-12,9136
2883,凱基金,33,24,9,群益金鼎-西松,2023-10-12,9136
00642U,期元大S＆P石油,8,0,8,群益金鼎-西松,2023-10-12,9136
2538,基泰,8,0,8,群益金鼎-西松,2023-10-12,9136
3325,旭品,11,3,8,群益金鼎-西松,2023-10-12,9136
4714,永捷,8,0,8,群益金鼎-西松,2023-10-12,9136
6196,帆宣,8,0,8,群益金鼎-西松,2023-10-12,9136
3014,聯陽,7,0,7,群益金鼎-西松,2023-10-12,9136
3276,宇環,14,7,7,群益金鼎-西松,2023-10-12,9136
8176,智捷,8,1,7,群益金鼎-西松,2023-10-12,9136
00922,國泰台灣領袖50,6,0,6,群益金鼎-西松,2023-10-12,9136
1536,和大,6,0,6,群益金鼎-西松,2023-10-12,9136
1603,華電,27,21,6,群益金鼎-西松,2023-10-12,9136
2025,千興,10,4,6,群益金鼎-西松,2023-10-12,9136
2073,雄順,6,0,6,群益金鼎-西松,2023-10-12,9136
2204,中華,6,0,6,群益金鼎-西松,2023-10-12,9136
2207,和泰車,6,0,6,群益金鼎-西松,2023-10-12,9136
4977,眾達-KY,6,0,6,群益金鼎-西松,2023-10-12,9136
6531,愛普*,16,10,6,群益金鼎-西松,2023-10-12,9136
00891,中信關鍵半導體,8,3,5,群益金鼎-西松,2023-10-12,9136
2615,萬海,5,0,5,群益金鼎-西松,2023-10-12,9136
2356,英業達,20,15,5,群益金鼎-西松,2023-10-12,9136
2465,麗臺,9,4,5,群益金鼎-西松,2023-10-12,9136
2845,遠東銀,5,0,5,群益金鼎-西松,2023-10-12,9136
3017,奇鋐,18,13,5,群益金鼎-西松,2023-10-12,9136
4915,致伸,5,0,5,群益金鼎-西松,2023-10-12,9136
6005,群益證,5,0,5,群益金鼎-西松,2023-10-12,9136
6274,台燿,41,37,4,群益金鼎-西松,2023-10-12,9136
2409,友達,5,1,4,群益金鼎-西松,2023-10-12,9136
1524,耿鼎,5,1,4,群益金鼎-西松,2023-10-12,9136
1584,精剛,4,0,4,群益金鼎-西松,2023-10-12,9136
1802,台玻,4,0,4,群益金鼎-西松,2023-10-12,9136
3078,僑威,9,5,4,群益金鼎-西松,2023-10-12,9136
2890,永豐金,101,27,74,群益金鼎-西松,2023-10-13,9136
6168,宏齊,68,18,50,群益金鼎-西松,2023-10-13,9136
0056,元大高股息,53,4,49,群益金鼎-西松,2023-10-13,9136
2356,英業達,97,50,47,群益金鼎-西松,2023-10-13,9136
00637L,元大滬深300正2,45,0,45,群益金鼎-西松,2023-10-13,9136
2618,長榮航,29,0,29,群益金鼎-西松,2023-10-13,9136
3231,緯創,37,11,26,群益金鼎-西松,2023-10-13,9136
2367,燿華,25,0,25,群益金鼎-西松,2023-10-13,9136
6164,華興,25,0,25,群益金鼎-西松,2023-10-13,9136
2883,凱基金,33,10,23,群益金鼎-西松,2023-10-13,9136
3325,旭品,22,0,22,群益金鼎-西松,2023-10-13,9136
3533,嘉澤,20,0,20,群益金鼎-西松,2023-10-13,9136
2607,榮運,29,10,19,群益金鼎-西松,2023-10-13,9136
2324,仁寶,17,0,17,群益金鼎-西松,2023-10-13,9136
00720B,元大投資級公司債,17,0,17,群益金鼎-西松,2023-10-13,9136
6024,群益期,15,0,15,群益金鼎-西松,2023-10-13,9136
6187,萬潤,14,0,14,群益金鼎-西松,2023-10-13,9136
3163,波若威,26,13,13,群益金鼎-西松,2023-10-13,9136
2376,技嘉,13,0,13,群益金鼎-西松,2023-10-13,9136
00878,國泰永續高股息,12,1,11,群益金鼎-西松,2023-10-13,9136
2344,華邦電,12,1,11,群益金鼎-西松,2023-10-13,9136
3224,三顧,11,0,11,群益金鼎-西松,2023-10-13,9136
1210,大成,10,0,10,群益金鼎-西松,2023-10-13,9136
2427,三商電,20,10,10,群益金鼎-西松,2023-10-13,9136
2516,新建,10,0,10,群益金鼎-西松,2023-10-13,9136
2883B,凱基金乙特,10,0,10,群益金鼎-西松,2023-10-13,9136
3406,玉晶光,10,0,10,群益金鼎-西松,2023-10-13,9136
3703,欣陸,10,0,10,群益金鼎-西松,2023-10-13,9136
4967,十銓,11,1,10,群益金鼎-西松,2023-10-13,9136
3443,創意,10,0,10,群益金鼎-西松,2023-10-13,9136
4979,華星光,31,21,10,群益金鼎-西松,2023-10-13,9136
2340,台亞,9,0,9,群益金鼎-西松,2023-10-13,9136
6274,台燿,9,1,8,群益金鼎-西松,2023-10-13,9136
00919,群益台灣精選高息,8,0,8,群益金鼎-西松,2023-10-13,9136
2886,兆豐金,8,0,8,群益金鼎-西松,2023-10-13,9136
2352,佳世達,8,1,7,群益金鼎-西松,2023-10-13,9136
2371,大同,7,0,7,群益金鼎-西松,2023-10-13,9136
2887,台新金,7,0,7,群益金鼎-西松,2023-10-13,9136
9938,百和,17,10,7,群益金鼎-西松,2023-10-13,9136
5258,虹堡,6,0,6,群益金鼎-西松,2023-10-13,9136
2486,一詮,24,18,6,群益金鼎-西松,2023-10-13,9136
00687B,國泰20年美債,6,0,6,群益金鼎-西松,2023-10-13,9136
1515,力山,6,0,6,群益金鼎-西松,2023-10-13,9136
3006,晶豪科,9,3,6,群益金鼎-西松,2023-10-13,9136
3025,星通,12,6,6,群益金鼎-西松,2023-10-13,9136
3545,敦泰,8,2,6,群益金鼎-西松,2023-10-13,9136
6237,驊訊,6,0,6,群益金鼎-西松,2023-10-13,9136
8996,高力,6,0,6,群益金鼎-西松,2023-10-13,9136
1513,中興電,6,0,6,群益金鼎-西松,2023-10-13,9136
2301,光寶科,14,9,5,群益金鼎-西松,2023-10-13,9136
2618,長榮航,85,37,48,群益金鼎-西松,2023-10-16,9136
3011,今皓,45,0,45,群益金鼎-西松,2023-10-16,9136
2344,華邦電,34,0,34,群益金鼎-西松,2023-10-16,9136
00919,群益台灣精選高息,29,0,29,群益金鼎-西松,2023-10-16,9136
0056,元大高股息,28,2,26,群益金鼎-西松,2023-10-16,9136
2363,矽統,335,309,26,群益金鼎-西松,2023-10-16,9136
6168,宏齊,26,0,26,群益金鼎-西松,2023-10-16,9136
2356,英業達,35,14,21,群益金鼎-西松,2023-10-16,9136
1905,華紙,35,14,21,群益金鼎-西松,2023-10-16,9136
6282,康舒,26,6,20,群益金鼎-西松,2023-10-16,9136
2449,京元電子,26,7,19,群益金鼎-西松,2023-10-16,9136
00720B,元大投資級公司債,65,48,17,群益金鼎-西松,2023-10-16,9136
6237,驊訊,17,0,17,群益金鼎-西松,2023-10-16,9136
2610,華航,16,1,15,群益金鼎-西松,2023-10-16,9136
00637L,元大滬深300正2,15,0,15,群益金鼎-西松,2023-10-16,9136
2390,云辰,15,0,15,群益金鼎-西松,2023-10-16,9136
00922,國泰台灣領袖50,14,0,14,群益金鼎-西松,2023-10-16,9136
3037,欣興,35,23,12,群益金鼎-西松,2023-10-16,9136
2201,裕隆,12,0,12,群益金鼎-西松,2023-10-16,9136
3231,緯創,41,29,12,群益金鼎-西松,2023-10-16,9136
5457,宣德,12,0,12,群益金鼎-西松,2023-10-16,9136
2002,中鋼,11,0,11,群益金鼎-西松,2023-10-16,9136
6505,台塑化,11,0,11,群益金鼎-西松,2023-10-16,9136
2324,仁寶,10,0,10,群益金鼎-西松,2023-10-16,9136
1303,南亞,10,0,10,群益金鼎-西松,2023-10-16,9136
4967,十銓,15,5,10,群益金鼎-西松,2023-10-16,9136
00725B,國泰投資級公司債,10,0,10,群益金鼎-西松,2023-10-16,9136
00878,國泰永續高股息,10,0,10,群益金鼎-西松,2023-10-16,9136
2374,佳能,10,0,10,群益金鼎-西松,2023-10-16,9136
4306,炎洲,10,0,10,群益金鼎-西松,2023-10-16,9136
6274,台燿,26,16,10,群益金鼎-西松,2023-10-16,9136
2371,大同,9,0,9,群益金鼎-西松,2023-10-16,9136
2409,友達,10,1,9,群益金鼎-西松,2023-10-16,9136
6120,達運,9,0,9,群益金鼎-西松,2023-10-16,9136
1802,台玻,8,0,8,群益金鼎-西松,2023-10-16,9136
2486,一詮,26,18,8,群益金鼎-西松,2023-10-16,9136
3206,志豐,7,0,7,群益金鼎-西松,2023-10-16,9136
4979,華星光,22,15,7,群益金鼎-西松,2023-10-16,9136
6024,群益期,7,0,7,群益金鼎-西松,2023-10-16,9136
8069,元太,6,0,6,群益金鼎-西松,2023-10-16,9136
6235,華孚,7,1,6,群益金鼎-西松,2023-10-16,9136
1339,昭輝,6,0,6,群益金鼎-西松,2023-10-16,9136
3006,晶豪科,7,1,6,群益金鼎-西松,2023-10-16,9136
1605,華新,10,5,5,群益金鼎-西松,2023-10-16,9136
00931B,統一美債20年,5,0,5,群益金鼎-西松,2023-10-16,9136
00929,復華台灣科技優息,5,0,5,群益金鼎-西松,2023-10-16,9136
1718,中纖,5,0,5,群益金鼎-西松,2023-10-16,9136
2332,友訊,5,0,5,群益金鼎-西松,2023-10-16,9136
2351,順德,5,0,5,群益金鼎-西松,2023-10-16,9136
2368,金像電,7,2,5,群益金鼎-西松,2023-10-16,9136
3481,群創,158,0,158,群益金鼎-西松,2023-10-17,9136
2376,技嘉,157,5,152,群益金鼎-西松,2023-10-17,9136
3224,三顧,45,0,45,群益金鼎-西松,2023-10-17,9136
2610,華航,47,6,41,群益金鼎-西松,2023-10-17,9136
00637L,元大滬深300正2,40,0,40,群益金鼎-西松,2023-10-17,9136
2317,鴻海,32,0,32,群益金鼎-西松,2023-10-17,9136
2201,裕隆,28,0,28,群益金鼎-西松,2023-10-17,9136
2332,友訊,26,0,26,群益金鼎-西松,2023-10-17,9136
0056,元大高股息,30,5,25,群益金鼎-西松,2023-10-17,9136
3217,優群,25,0,25,群益金鼎-西松,2023-10-17,9136
00687B,國泰20年美債,21,0,21,群益金鼎-西松,2023-10-17,9136
6231,系微,23,2,21,群益金鼎-西松,2023-10-17,9136
6451,訊芯-KY,23,2,21,群益金鼎-西松,2023-10-17,9136
1815,富喬,70,50,20,群益金鼎-西松,2023-10-17,9136
00929,復華台灣科技優息,26,6,20,群益金鼎-西松,2023-10-17,9136
8040,九暘,20,0,20,群益金鼎-西松,2023-10-17,9136
8054,安國,20,0,20,群益金鼎-西松,2023-10-17,9136
00720B,元大投資級公司債,19,0,19,群益金鼎-西松,2023-10-17,9136
2356,英業達,24,10,14,群益金鼎-西松,2023-10-17,9136
2352,佳世達,17,3,14,群益金鼎-西松,2023-10-17,9136
4979,華星光,21,7,14,群益金鼎-西松,2023-10-17,9136
00878,國泰永續高股息,14,0,14,群益金鼎-西松,2023-10-17,9136
6510,精測,13,0,13,群益金鼎-西松,2023-10-17,9136
2618,長榮航,29,17,12,群益金鼎-西松,2023-10-17,9136
5009,榮剛,12,0,12,群益金鼎-西松,2023-10-17,9136
2354,鴻準,12,0,12,群益金鼎-西松,2023-10-17,9136
2645,長榮航太,14,2,12,群益金鼎-西松,2023-10-17,9136
2449,京元電子,17,6,11,群益金鼎-西松,2023-10-17,9136
1303,南亞,10,0,10,群益金鼎-西松,2023-10-17,9136
00632R,元大台灣50反1,10,0,10,群益金鼎-西松,2023-10-17,9136
2465,麗臺,10,0,10,群益金鼎-西松,2023-10-17,9136
3006,晶豪科,10,0,10,群益金鼎-西松,2023-10-17,9136
3094,聯傑,11,1,10,群益金鼎-西松,2023-10-17,9136
3338,泰碩,10,0,10,群益金鼎-西松,2023-10-17,9136
4148,全宇生技-KY,10,0,10,群益金鼎-西松,2023-10-17,9136
5457,宣德,10,0,10,群益金鼎-西松,2023-10-17,9136
6214,精誠,10,0,10,群益金鼎-西松,2023-10-17,9136
6414,樺漢,10,0,10,群益金鼎-西松,2023-10-17,9136
8176,智捷,10,0,10,群益金鼎-西松,2023-10-17,9136
2891,中信金,9,0,9,群益金鼎-西松,2023-10-17,9136
2369,菱生,12,3,9,群益金鼎-西松,2023-10-17,9136
2427,三商電,10,1,9,群益金鼎-西松,2023-10-17,9136
3207,耀勝,10,1,9,群益金鼎-西松,2023-10-17,9136
3715,定穎投控,40,32,8,群益金鼎-西松,2023-10-17,9136
3017,奇鋐,21,13,8,群益金鼎-西松,2023-10-17,9136
4960,誠美材,10,2,8,群益金鼎-西松,2023-10-17,9136
3078,僑威,9,2,7,群益金鼎-西松,2023-10-17,9136
4944,兆遠,7,0,7,群益金鼎-西松,2023-10-17,9136
6585,鼎基,7,0,7,群益金鼎-西松,2023-10-17,9136
8996,高力,10,4,6,群益金鼎-西松,2023-10-17,9136
2330,台積電,276,1,275,群益金鼎-西松,2023-10-18,9136
3037,欣興,131,1,130,群益金鼎-西松,2023-10-18,9136
0056,元大高股息,70,15,55,群益金鼎-西松,2023-10-18,9136
3308,聯德,67,17,50,群益金鼎-西松,2023-10-18,9136
6168,宏齊,105,61,44,群益金鼎-西松,2023-10-18,9136
6901,鑽石投資,33,0,33,群益金鼎-西松,2023-10-18,9136
00878,國泰永續高股息,35,3,32,群益金鼎-西松,2023-10-18,9136
2388,威盛,104,73,31,群益金鼎-西松,2023-10-18,9136
2108,南帝,30,0,30,群益金鼎-西松,2023-10-18,9136
2317,鴻海,44,17,27,群益金鼎-西松,2023-10-18,9136
6770,力積電,27,0,27,群益金鼎-西松,2023-10-18,9136
00919,群益台灣精選高息,25,1,24,群益金鼎-西松,2023-10-18,9136
4908,前鼎,55,31,24,群益金鼎-西松,2023-10-18,9136
2618,長榮航,34,11,23,群益金鼎-西松,2023-10-18,9136
1471,首利,21,0,21,群益金鼎-西松,2023-10-18,9136
2352,佳世達,23,4,19,群益金鼎-西松,2023-10-18,9136
6125,廣運,20,1,19,群益金鼎-西松,2023-10-18,9136
2313,華通,21,3,18,群益金鼎-西松,2023-10-18,9136
6233,旺玖,18,1,17,群益金鼎-西松,2023-10-18,9136
3537,堡達,16,0,16,群益金鼎-西松,2023-10-18,9136
3588,通嘉,21,5,16,群益金鼎-西松,2023-10-18,9136
5009,榮剛,16,0,16,群益金鼎-西松,2023-10-18,9136
2303,聯電,25,9,16,群益金鼎-西松,2023-10-18,9136
1314,中石化,20,5,15,群益金鼎-西松,2023-10-18,9136
4967,十銓,16,1,15,群益金鼎-西松,2023-10-18,9136
3081,聯亞,12,0,12,群益金鼎-西松,2023-10-18,9136
00922,國泰台灣領袖50,12,0,12,群益金鼎-西松,2023-10-18,9136
5511,德昌,12,0,12,群益金鼎-西松,2023-10-18,9136
1802,台玻,11,0,11,群益金鼎-西松,2023-10-18,9136
3048,益登,10,0,10,群益金鼎-西松,2023-10-18,9136
1710,東聯,10,0,10,群益金鼎-西松,2023-10-18,9136
1752,南光,10,0,10,群益金鼎-西松,2023-10-18,9136
2465,麗臺,10,0,10,群益金鼎-西松,2023-10-18,9136
2615,萬海,10,0,10,群益金鼎-西松,2023-10-18,9136
2801,彰銀,10,0,10,群益金鼎-西松,2023-10-18,9136
2836,高雄銀,10,0,10,群益金鼎-西松,2023-10-18,9136
6214,精誠,10,0,10,群益金鼎-西松,2023-10-18,9136
6290,良維,10,0,10,群益金鼎-西松,2023-10-18,9136
8105,凌巨,10,0,10,群益金鼎-西松,2023-10-18,9136
00932,兆豐永續高息等權,9,0,9,群益金鼎-西松,2023-10-18,9136
00712,復華富時不動產,8,0,8,群益金鼎-西松,2023-10-18,9136
2603,長榮,8,0,8,群益金鼎-西松,2023-10-18,9136
3693,營邦,18,11,7,群益金鼎-西松,2023-10-18,9136
1101,台泥,7,0,7,群益金鼎-西松,2023-10-18,9136
00706L,期元大S＆P日圓正2,7,0,7,群益金鼎-西松,2023-10-18,9136
00687B,國泰20年美債,7,0,7,群益金鼎-西松,2023-10-18,9136
00642U,期元大S＆P石油,7,0,7,群益金鼎-西松,2023-10-18,9136
3224,三顧,7,0,7,群益金鼎-西松,2023-10-18,9136
3260,威剛,22,15,7,群益金鼎-西松,2023-10-18,9136
3701,大眾控,10,3,7,群益金鼎-西松,2023-10-18,9136
1326,台化,212,0,212,群益金鼎-西松,2023-10-19,9136
00929,復華台灣科技優息,153,0,153,群益金鼎-西松,2023-10-19,9136
2542,興富發,116,0,116,群益金鼎-西松,2023-10-19,9136
00637L,元大滬深300正2,111,1,110,群益金鼎-西松,2023-10-19,9136
00687B,國泰20年美債,101,0,101,群益金鼎-西松,2023-10-19,9136
0056,元大高股息,97,0,97,群益金鼎-西松,2023-10-19,9136
2002,中鋼,96,0,96,群益金鼎-西松,2023-10-19,9136
4979,華星光,83,3,80,群益金鼎-西松,2023-10-19,9136
00878,國泰永續高股息,66,0,66,群益金鼎-西松,2023-10-19,9136
1303,南亞,54,1,53,群益金鼎-西松,2023-10-19,9136
00933B,國泰10Y+金融債,44,0,44,群益金鼎-西松,2023-10-19,9136
00720B,元大投資級公司債,36,0,36,群益金鼎-西松,2023-10-19,9136
6770,力積電,34,0,34,群益金鼎-西松,2023-10-19,9136
8040,九暘,34,1,33,群益金鼎-西松,2023-10-19,9136
2317,鴻海,56,25,31,群益金鼎-西松,2023-10-19,9136
00632R,元大台灣50反1,20,0,20,群益金鼎-西松,2023-10-19,9136
2468,華經,20,0,20,群益金鼎-西松,2023-10-19,9136
5009,榮剛,19,0,19,群益金鼎-西松,2023-10-19,9136
2382,廣達,43,24,19,群益金鼎-西松,2023-10-19,9136
6276,安鈦克,25,7,18,群益金鼎-西松,2023-10-19,9136
1524,耿鼎,16,1,15,群益金鼎-西松,2023-10-19,9136
1101,台泥,15,0,15,群益金鼎-西松,2023-10-19,9136
00712,復華富時不動產,15,0,15,群益金鼎-西松,2023-10-19,9136
00931B,統一美債20年,14,0,14,群益金鼎-西松,2023-10-19,9136
00919,群益台灣精選高息,12,0,12,群益金鼎-西松,2023-10-19,9136
00753L,中信中國50正2,12,0,12,群益金鼎-西松,2023-10-19,9136
00680L,元大美債20正2,11,0,11,群益金鼎-西松,2023-10-19,9136
3035,智原,17,6,11,群益金鼎-西松,2023-10-19,9136
8150,南茂,11,0,11,群益金鼎-西松,2023-10-19,9136
00900,富邦特選高股息30,10,0,10,群益金鼎-西松,2023-10-19,9136
2356,英業達,39,29,10,群益金鼎-西松,2023-10-19,9136
2374,佳能,10,0,10,群益金鼎-西松,2023-10-19,9136
3218,大學光,10,0,10,群益金鼎-西松,2023-10-19,9136
4102,永日,10,0,10,群益金鼎-西松,2023-10-19,9136
6150,撼訊,10,0,10,群益金鼎-西松,2023-10-19,9136
6187,萬潤,14,5,9,群益金鼎-西松,2023-10-19,9136
6526,達發,9,0,9,群益金鼎-西松,2023-10-19,9136
00882,中信中國高股息,8,0,8,群益金鼎-西松,2023-10-19,9136
2618,長榮航,9,1,8,群益金鼎-西松,2023-10-19,9136
3615,安可,8,0,8,群益金鼎-西松,2023-10-19,9136
00893,國泰智能電動車,7,0,7,群益金鼎-西松,2023-10-19,9136
1734,杏輝,7,0,7,群益金鼎-西松,2023-10-19,9136
2369,菱生,7,0,7,群益金鼎-西松,2023-10-19,9136
00922,國泰台灣領袖50,6,0,6,群益金鼎-西松,2023-10-19,9136
00772B,中信高評級公司債,6,0,6,群益金鼎-西松,2023-10-19,9136
00642U,期元大S＆P石油,6,0,6,群益金鼎-西松,2023-10-19,9136
00751B,元大AAA至A公司債,6,0,6,群益金鼎-西松,2023-10-19,9136
00923,群益台ESG低碳50,6,0,6,群益金鼎-西松,2023-10-19,9136
1795,美時,10,4,6,群益金鼎-西松,2023-10-19,9136
2328,廣宇,6,0,6,群益金鼎-西松,2023-10-19,9136
2303,聯電,189,62,127,群益金鼎-西松,2023-10-20,9136
1605,華新,113,0,113,群益金鼎-西松,2023-10-20,9136
2363,矽統,80,26,54,群益金鼎-西松,2023-10-20,9136
3224,三顧,37,0,37,群益金鼎-西松,2023-10-20,9136
2369,菱生,46,14,32,群益金鼎-西松,2023-10-20,9136
00878,國泰永續高股息,30,1,29,群益金鼎-西松,2023-10-20,9136
2610,華航,26,2,24,群益金鼎-西松,2023-10-20,9136
2618,長榮航,27,5,22,群益金鼎-西松,2023-10-20,9136
00919,群益台灣精選高息,21,0,21,群益金鼎-西松,2023-10-20,9136
2891,中信金,20,0,20,群益金鼎-西松,2023-10-20,9136
2888,新光金,20,0,20,群益金鼎-西松,2023-10-20,9136
2609,陽明,23,4,19,群益金鼎-西松,2023-10-20,9136
2388,威盛,20,5,15,群益金鼎-西松,2023-10-20,9136
00687B,國泰20年美債,12,0,12,群益金鼎-西松,2023-10-20,9136
4979,華星光,12,0,12,群益金鼎-西松,2023-10-20,9136
6770,力積電,18,7,11,群益金鼎-西松,2023-10-20,9136
3545,敦泰,10,0,10,群益金鼎-西松,2023-10-20,9136
2023,燁輝,10,0,10,群益金鼎-西松,2023-10-20,9136
2455,全新,10,0,10,群益金鼎-西松,2023-10-20,9136
6143,振曜,10,0,10,群益金鼎-西松,2023-10-20,9136
2458,義隆,17,8,9,群益金鼎-西松,2023-10-20,9136
00893,國泰智能電動車,8,0,8,群益金鼎-西松,2023-10-20,9136
2208,台船,8,0,8,群益金鼎-西松,2023-10-20,9136
00929,復華台灣科技優息,8,0,8,群益金鼎-西松,2023-10-20,9136
3122,笙泉,51,43,8,群益金鼎-西松,2023-10-20,9136
6158,禾昌,11,3,8,群益金鼎-西松,2023-10-20,9136
6269,台郡,8,0,8,群益金鼎-西松,2023-10-20,9136
8390,金益鼎,9,1,8,群益金鼎-西松,2023-10-20,9136
6472,保瑞,8,1,7,群益金鼎-西松,2023-10-20,9136
00706L,期元大S＆P日圓正2,7,0,7,群益金鼎-西松,2023-10-20,9136
00673R,期元大S＆P原油反1,7,0,7,群益金鼎-西松,2023-10-20,9136
1795,美時,8,1,7,群益金鼎-西松,2023-10-20,9136
2073,雄順,7,0,7,群益金鼎-西松,2023-10-20,9136
3518,柏騰,7,0,7,群益金鼎-西松,2023-10-20,9136
3557,嘉威,7,0,7,群益金鼎-西松,2023-10-20,9136
2542,興富發,6,0,6,群益金鼎-西松,2023-10-20,9136
3231,緯創,29,23,6,群益金鼎-西松,2023-10-20,9136
3268,海德威,6,0,6,群益金鼎-西松,2023-10-20,9136
4714,永捷,6,0,6,群益金鼎-西松,2023-10-20,9136
6182,合晶,5,0,5,群益金鼎-西松,2023-10-20,9136
1210,大成,5,0,5,群益金鼎-西松,2023-10-20,9136
00637L,元大滬深300正2,11,6,5,群益金鼎-西松,2023-10-20,9136
1314,中石化,5,0,5,群益金鼎-西松,2023-10-20,9136
1603,華電,6,1,5,群益金鼎-西松,2023-10-20,9136
2014,中鴻,5,0,5,群益金鼎-西松,2023-10-20,9136
2462,良得電,6,1,5,群益金鼎-西松,2023-10-20,9136
3078,僑威,10,5,5,群益金鼎-西松,2023-10-20,9136
4113,聯上,5,0,5,群益金鼎-西松,2023-10-20,9136
4147,中裕,5,0,5,群益金鼎-西松,2023-10-20,9136
4162,智擎,7,2,5,群益金鼎-西松,2023-10-20,9136
2409,友達,159,0,159,群益金鼎-西松,2023-10-23,9136
6244,茂迪,119,8,111,群益金鼎-西松,2023-10-23,9136
4960,誠美材,100,0,100,群益金鼎-西松,2023-10-23,9136
2317,鴻海,109,28,81,群益金鼎-西松,2023-10-23,9136
2801,彰銀,60,0,60,群益金鼎-西松,2023-10-23,9136
3224,三顧,56,1,55,群益金鼎-西松,2023-10-23,9136
1101,台泥,25,0,25,群益金鼎-西松,2023-10-23,9136
00687B,國泰20年美債,23,0,23,群益金鼎-西松,2023-10-23,9136
00929,復華台灣科技優息,23,2,21,群益金鼎-西松,2023-10-23,9136
00919,群益台灣精選高息,21,1,20,群益金鼎-西松,2023-10-23,9136
3715,定穎投控,36,16,20,群益金鼎-西松,2023-10-23,9136
8040,九暘,19,0,19,群益金鼎-西松,2023-10-23,9136
00878,國泰永續高股息,19,0,19,群益金鼎-西松,2023-10-23,9136
1303,南亞,16,0,16,群益金鼎-西松,2023-10-23,9136
2633,台灣高鐵,15,0,15,群益金鼎-西松,2023-10-23,9136
6187,萬潤,23,8,15,群益金鼎-西松,2023-10-23,9136
6122,擎邦,17,3,14,群益金鼎-西松,2023-10-23,9136
6770,力積電,12,0,12,群益金鼎-西松,2023-10-23,9136
00931B,統一美債20年,11,0,11,群益金鼎-西松,2023-10-23,9136
00712,復華富時不動產,11,0,11,群益金鼎-西松,2023-10-23,9136
00751B,元大AAA至A公司債,10,0,10,群益金鼎-西松,2023-10-23,9136
2610,華航,10,0,10,群益金鼎-西松,2023-10-23,9136
9919,康那香,10,0,10,群益金鼎-西松,2023-10-23,9136
8210,勤誠,10,1,9,群益金鼎-西松,2023-10-23,9136
2104,國際中橡,9,0,9,群益金鼎-西松,2023-10-23,9136
2356,英業達,30,21,9,群益金鼎-西松,2023-10-23,9136
2486,一詮,11,2,9,群益金鼎-西松,2023-10-23,9136
8150,南茂,14,5,9,群益金鼎-西松,2023-10-23,9136
2002,中鋼,8,0,8,群益金鼎-西松,2023-10-23,9136
2458,義隆,22,14,8,群益金鼎-西松,2023-10-23,9136
00933B,國泰10Y+金融債,7,0,7,群益金鼎-西松,2023-10-23,9136
2891,中信金,7,0,7,群益金鼎-西松,2023-10-23,9136
00679B,元大美債20年,6,0,6,群益金鼎-西松,2023-10-23,9136
00924,復華S＆P500成長,6,0,6,群益金鼎-西松,2023-10-23,9136
00857B,永豐20年美公債,6,0,6,群益金鼎-西松,2023-10-23,9136
2415,錩新,6,0,6,群益金鼎-西松,2023-10-23,9136
2417,圓剛,6,0,6,群益金鼎-西松,2023-10-23,9136
3545,敦泰,9,3,6,群益金鼎-西松,2023-10-23,9136
3588,通嘉,6,0,6,群益金鼎-西松,2023-10-23,9136
4953,緯軟,6,0,6,群益金鼎-西松,2023-10-23,9136
4979,華星光,6,0,6,群益金鼎-西松,2023-10-23,9136
5876,上海商銀,6,0,6,群益金鼎-西松,2023-10-23,9136
3036,文曄,40,34,6,群益金鼎-西松,2023-10-23,9136
00757,統一FANG+,5,0,5,群益金鼎-西松,2023-10-23,9136
00631L,元大台灣50正2,5,0,5,群益金鼎-西松,2023-10-23,9136
00923,群益台ESG低碳50,8,3,5,群益金鼎-西松,2023-10-23,9136
00882,中信中國高股息,5,0,5,群益金鼎-西松,2023-10-23,9136
00637L,元大滬深300正2,5,0,5,群益金鼎-西松,2023-10-23,9136
2313,華通,19,14,5,群益金鼎-西松,2023-10-23,9136
3260,威剛,9,4,5,群益金鼎-西松,2023-10-23,9136
2324,仁寶,450,1,449,群益金鼎-西松,2023-10-24,9136
2382,廣達,225,39,186,群益金鼎-西松,2023-10-24,9136
00933B,國泰10Y+金融債,152,3,149,群益金鼎-西松,2023-10-24,9136
00929,復華台灣科技優息,108,0,108,群益金鼎-西松,2023-10-24,9136
3231,緯創,206,103,103,群益金鼎-西松,2023-10-24,9136
5388,中磊,100,0,100,群益金鼎-西松,2023-10-24,9136
2363,矽統,93,2,91,群益金鼎-西松,2023-10-24,9136
2317,鴻海,73,6,67,群益金鼎-西松,2023-10-24,9136
3224,三顧,55,0,55,群益金鼎-西松,2023-10-24,9136
00637L,元大滬深300正2,60,10,50,群益金鼎-西松,2023-10-24,9136
6168,宏齊,76,27,49,群益金鼎-西松,2023-10-24,9136
2376,技嘉,52,13,39,群益金鼎-西松,2023-10-24,9136
6125,廣運,40,1,39,群益金鼎-西松,2023-10-24,9136
2369,菱生,46,17,29,群益金鼎-西松,2023-10-24,9136
6669,緯穎,29,4,25,群益金鼎-西松,2023-10-24,9136
00878,國泰永續高股息,22,0,22,群益金鼎-西松,2023-10-24,9136
3234,光環,24,3,21,群益金鼎-西松,2023-10-24,9136
4542,科嶠,28,7,21,群益金鼎-西松,2023-10-24,9136
00676R,富邦臺灣加權反1,20,0,20,群益金鼎-西松,2023-10-24,9136
6237,驊訊,18,0,18,群益金鼎-西松,2023-10-24,9136
1524,耿鼎,24,6,18,群益金鼎-西松,2023-10-24,9136
3693,營邦,16,1,15,群益金鼎-西松,2023-10-24,9136
1109,信大,12,0,12,群益金鼎-西松,2023-10-24,9136
00680L,元大美債20正2,12,0,12,群益金鼎-西松,2023-10-24,9136
1314,中石化,12,0,12,群益金鼎-西松,2023-10-24,9136
3014,聯陽,12,0,12,群益金鼎-西松,2023-10-24,9136
00665L,富邦�琤肭磪囓�2,50,40,10,群益金鼎-西松,2023-10-24,9136
2734,易飛網,10,0,10,群益金鼎-西松,2023-10-24,9136
3207,耀勝,10,0,10,群益金鼎-西松,2023-10-24,9136
5511,德昌,10,0,10,群益金鼎-西松,2023-10-24,9136
6126,信音,10,0,10,群益金鼎-西松,2023-10-24,9136
2023,燁輝,9,0,9,群益金鼎-西松,2023-10-24,9136
2329,華泰,12,3,9,群益金鼎-西松,2023-10-24,9136
2401,凌陽,9,0,9,群益金鼎-西松,2023-10-24,9136
3661,世芯-KY,9,0,9,群益金鼎-西松,2023-10-24,9136
4979,華星光,72,63,9,群益金鼎-西松,2023-10-24,9136
3017,奇鋐,17,8,9,群益金鼎-西松,2023-10-24,9136
00919,群益台灣精選高息,9,1,8,群益金鼎-西松,2023-10-24,9136
00712,復華富時不動產,9,1,8,群益金鼎-西松,2023-10-24,9136
00931B,統一美債20年,7,0,7,群益金鼎-西松,2023-10-24,9136
3032,偉訓,7,0,7,群益金鼎-西松,2023-10-24,9136
3545,敦泰,13,6,7,群益金鼎-西松,2023-10-24,9136
3715,定穎投控,29,22,7,群益金鼎-西松,2023-10-24,9136
00923,群益台ESG低碳50,6,0,6,群益金鼎-西松,2023-10-24,9136
1711,永光,6,0,6,群益金鼎-西松,2023-10-24,9136
4977,眾達-KY,6,0,6,群益金鼎-西松,2023-10-24,9136
6156,松上,6,0,6,群益金鼎-西松,2023-10-24,9136
2303,聯電,17,11,6,群益金鼎-西松,2023-10-24,9136
2027,大成鋼,5,0,5,群益金鼎-西松,2023-10-24,9136
3051,力特,10,5,5,群益金鼎-西松,2023-10-24,9136
2376,技嘉,104,2,102,群益金鼎-西松,2023-10-25,9136
00680L,元大美債20正2,83,0,83,群益金鼎-西松,2023-10-25,9136
0056,元大高股息,40,1,39,群益金鼎-西松,2023-10-25,9136
8040,九暘,46,10,36,群益金鼎-西松,2023-10-25,9136
2405,輔信,39,4,35,群益金鼎-西松,2023-10-25,9136
2337,旺宏,37,6,31,群益金鼎-西松,2023-10-25,9136
00706L,期元大S＆P日圓正2,26,0,26,群益金鼎-西松,2023-10-25,9136
1314,中石化,25,0,25,群益金鼎-西松,2023-10-25,9136
00712,復華富時不動產,23,0,23,群益金鼎-西松,2023-10-25,9136
2838,聯邦銀,20,0,20,群益金鼎-西松,2023-10-25,9136
4542,科嶠,20,0,20,群益金鼎-西松,2023-10-25,9136
3701,大眾控,18,0,18,群益金鼎-西松,2023-10-25,9136
6531,愛普*,19,1,18,群益金鼎-西松,2023-10-25,9136
2883,凱基金,18,1,17,群益金鼎-西松,2023-10-25,9136
3535,晶彩科,17,0,17,群益金鼎-西松,2023-10-25,9136
3025,星通,17,2,15,群益金鼎-西松,2023-10-25,9136
1795,美時,13,0,13,群益金鼎-西松,2023-10-25,9136
6112,邁達特,13,0,13,群益金鼎-西松,2023-10-25,9136
00751B,元大AAA至A公司債,12,0,12,群益金鼎-西松,2023-10-25,9136
3450,聯鈞,15,3,12,群益金鼎-西松,2023-10-25,9136
6168,宏齊,18,6,12,群益金鼎-西松,2023-10-25,9136
2449,京元電子,13,2,11,群益金鼎-西松,2023-10-25,9136
4934,太極,11,0,11,群益金鼎-西松,2023-10-25,9136
5351,鈺創,11,0,11,群益金鼎-西松,2023-10-25,9136
2323,中環,10,0,10,群益金鼎-西松,2023-10-25,9136
2329,華泰,26,16,10,群益金鼎-西松,2023-10-25,9136
2610,華航,10,0,10,群益金鼎-西松,2023-10-25,9136
4102,永日,10,0,10,群益金鼎-西松,2023-10-25,9136
5340,建榮,11,1,10,群益金鼎-西松,2023-10-25,9136
2308,台達電,10,1,9,群益金鼎-西松,2023-10-25,9136
8110,華東,19,10,9,群益金鼎-西松,2023-10-25,9136
2454,聯發科,17,9,8,群益金鼎-西松,2023-10-25,9136
1604,聲寶,8,0,8,群益金鼎-西松,2023-10-25,9136
2486,一詮,20,12,8,群益金鼎-西松,2023-10-25,9136
2457,飛宏,10,3,7,群益金鼎-西松,2023-10-25,9136
00878,國泰永續高股息,9,3,6,群益金鼎-西松,2023-10-25,9136
3189,景碩,6,0,6,群益金鼎-西松,2023-10-25,9136
2363,矽統,9,3,6,群益金鼎-西松,2023-10-25,9136
3078,僑威,16,10,6,群益金鼎-西松,2023-10-25,9136
3481,群創,13,7,6,群益金鼎-西松,2023-10-25,9136
4979,華星光,7,1,6,群益金鼎-西松,2023-10-25,9136
6187,萬潤,8,2,6,群益金鼎-西松,2023-10-25,9136
3035,智原,14,9,5,群益金鼎-西松,2023-10-25,9136
2485,兆赫,5,0,5,群益金鼎-西松,2023-10-25,9136
1324,地球,5,0,5,群益金鼎-西松,2023-10-25,9136
1603,華電,5,0,5,群益金鼎-西松,2023-10-25,9136
1710,東聯,5,0,5,群益金鼎-西松,2023-10-25,9136
2367,燿華,11,6,5,群益金鼎-西松,2023-10-25,9136
2867,三商壽,5,0,5,群益金鼎-西松,2023-10-25,9136
2905,三商,5,0,5,群益金鼎-西松,2023-10-25,9136
00933B,國泰10Y+金融債,168,67,101,群益金鼎-西松,2023-10-26,9136
00751B,元大AAA至A公司債,66,0,66,群益金鼎-西松,2023-10-26,9136
00687B,國泰20年美債,59,0,59,群益金鼎-西松,2023-10-26,9136
00929,復華台灣科技優息,78,27,51,群益金鼎-西松,2023-10-26,9136
00919,群益台灣精選高息,51,0,51,群益金鼎-西松,2023-10-26,9136
2303,聯電,61,14,47,群益金鼎-西松,2023-10-26,9136
3704,合勤控,29,0,29,群益金鼎-西松,2023-10-26,9136
00892,富邦台灣半導體,26,0,26,群益金鼎-西松,2023-10-26,9136
00631L,元大台灣50正2,26,0,26,群益金鼎-西松,2023-10-26,9136
00878,國泰永續高股息,23,0,23,群益金鼎-西松,2023-10-26,9136
00670L,富邦NASDAQ正2,21,0,21,群益金鼎-西松,2023-10-26,9136
8049,晶采,20,0,20,群益金鼎-西松,2023-10-26,9136
2344,華邦電,18,0,18,群益金鼎-西松,2023-10-26,9136
8358,金居,17,0,17,群益金鼎-西松,2023-10-26,9136
2436,偉詮電,16,0,16,群益金鼎-西松,2023-10-26,9136
00757,統一FANG+,12,0,12,群益金鼎-西松,2023-10-26,9136
5302,太欣,12,0,12,群益金鼎-西松,2023-10-26,9136
5347,世界,11,0,11,群益金鼎-西松,2023-10-26,9136
2455,全新,22,11,11,群益金鼎-西松,2023-10-26,9136
8046,南電,11,0,11,群益金鼎-西松,2023-10-26,9136
2313,華通,10,0,10,群益金鼎-西松,2023-10-26,9136
1301,台塑,10,0,10,群益金鼎-西松,2023-10-26,9136
2337,旺宏,19,9,10,群益金鼎-西松,2023-10-26,9136
2427,三商電,10,0,10,群益金鼎-西松,2023-10-26,9136
3032,偉訓,11,1,10,群益金鼎-西松,2023-10-26,9136
4908,前鼎,32,22,10,群益金鼎-西松,2023-10-26,9136
6126,信音,10,0,10,群益金鼎-西松,2023-10-26,9136
2883,凱基金,10,0,10,群益金鼎-西松,2023-10-26,9136
2317,鴻海,9,0,9,群益金鼎-西松,2023-10-26,9136
00922,國泰台灣領袖50,9,0,9,群益金鼎-西松,2023-10-26,9136
00706L,期元大S＆P日圓正2,9,0,9,群益金鼎-西松,2023-10-26,9136
00646,元大S＆P500,9,0,9,群益金鼎-西松,2023-10-26,9136
2465,麗臺,11,3,8,群益金鼎-西松,2023-10-26,9136
3122,笙泉,8,0,8,群益金鼎-西松,2023-10-26,9136
4743,合一,11,3,8,群益金鼎-西松,2023-10-26,9136
2330,台積電,11,3,8,群益金鼎-西松,2023-10-26,9136
2368,金像電,12,4,8,群益金鼎-西松,2023-10-26,9136
3037,欣興,12,5,7,群益金鼎-西松,2023-10-26,9136
00893,國泰智能電動車,8,1,7,群益金鼎-西松,2023-10-26,9136
00679B,元大美債20年,7,0,7,群益金鼎-西松,2023-10-26,9136
00927,群益半導體收益,7,0,7,群益金鼎-西松,2023-10-26,9136
2618,長榮航,13,6,7,群益金鼎-西松,2023-10-26,9136
3025,星通,28,21,7,群益金鼎-西松,2023-10-26,9136
2382,廣達,15,8,7,群益金鼎-西松,2023-10-26,9136
0050,元大台灣50,7,0,7,群益金鼎-西松,2023-10-26,9136
5289,宜鼎,6,0,6,群益金鼎-西松,2023-10-26,9136
3028,增你強,6,0,6,群益金鼎-西松,2023-10-26,9136
3450,聯鈞,9,3,6,群益金鼎-西松,2023-10-26,9136
3715,定穎投控,14,8,6,群益金鼎-西松,2023-10-26,9136
6116,彩晶,6,0,6,群益金鼎-西松,2023-10-26,9136
2369,菱生,132,7,125,群益金鼎-西松,2023-10-27,9136
6603,富強鑫,110,0,110,群益金鼎-西松,2023-10-27,9136
5388,中磊,101,0,101,群益金鼎-西松,2023-10-27,9136
1815,富喬,50,0,50,群益金鼎-西松,2023-10-27,9136
3450,聯鈞,51,1,50,群益金鼎-西松,2023-10-27,9136
3032,偉訓,49,6,43,群益金鼎-西松,2023-10-27,9136
2317,鴻海,44,2,42,群益金鼎-西松,2023-10-27,9136
2356,英業達,88,46,42,群益金鼎-西松,2023-10-27,9136
00919,群益台灣精選高息,33,3,30,群益金鼎-西松,2023-10-27,9136
2337,旺宏,25,0,25,群益金鼎-西松,2023-10-27,9136
2409,友達,21,0,21,群益金鼎-西松,2023-10-27,9136
9105,泰金寶-DR,21,0,21,群益金鼎-西松,2023-10-27,9136
00909,國泰數位支付服務,20,0,20,群益金鼎-西松,2023-10-27,9136
00676R,富邦臺灣加權反1,20,0,20,群益金鼎-西松,2023-10-27,9136
6442,光聖,22,3,19,群益金鼎-西松,2023-10-27,9136
8049,晶采,20,1,19,群益金鼎-西松,2023-10-27,9136
00679B,元大美債20年,19,0,19,群益金鼎-西松,2023-10-27,9136
3162,精確,16,0,16,群益金鼎-西松,2023-10-27,9136
3438,類比科,15,0,15,群益金鼎-西松,2023-10-27,9136
2352,佳世達,18,4,14,群益金鼎-西松,2023-10-27,9136
1471,首利,13,0,13,群益金鼎-西松,2023-10-27,9136
00650L,復華香港正2,13,0,13,群益金鼎-西松,2023-10-27,9136
3207,耀勝,13,0,13,群益金鼎-西松,2023-10-27,9136
4123,晟德,13,0,13,群益金鼎-西松,2023-10-27,9136
00878,國泰永續高股息,12,0,12,群益金鼎-西松,2023-10-27,9136
2344,華邦電,11,0,11,群益金鼎-西松,2023-10-27,9136
1314,中石化,10,0,10,群益金鼎-西松,2023-10-27,9136
1560,中砂,36,26,10,群益金鼎-西松,2023-10-27,9136
3306,鼎天,10,0,10,群益金鼎-西松,2023-10-27,9136
5460,同協,10,0,10,群益金鼎-西松,2023-10-27,9136
3483,力致,15,6,9,群益金鼎-西松,2023-10-27,9136
6257,矽格,19,11,8,群益金鼎-西松,2023-10-27,9136
0056,元大高股息,8,0,8,群益金鼎-西松,2023-10-27,9136
2382,廣達,37,30,7,群益金鼎-西松,2023-10-27,9136
2303,聯電,7,0,7,群益金鼎-西松,2023-10-27,9136
6703,軒郁,9,2,7,群益金鼎-西松,2023-10-27,9136
2425,承啟,6,0,6,群益金鼎-西松,2023-10-27,9136
3276,宇環,15,9,6,群益金鼎-西松,2023-10-27,9136
3518,柏騰,6,0,6,群益金鼎-西松,2023-10-27,9136
6418,詠昇,7,1,6,群益金鼎-西松,2023-10-27,9136
6821,聯寶,10,4,6,群益金鼎-西松,2023-10-27,9136
2883,凱基金,6,0,6,群益金鼎-西松,2023-10-27,9136
1519,華城,5,0,5,群益金鼎-西松,2023-10-27,9136
00882,中信中國高股息,5,0,5,群益金鼎-西松,2023-10-27,9136
1760,寶齡富錦,5,0,5,群益金鼎-西松,2023-10-27,9136
2838,聯邦銀,5,0,5,群益金鼎-西松,2023-10-27,9136
3406,玉晶光,5,0,5,群益金鼎-西松,2023-10-27,9136
5443,均豪,5,0,5,群益金鼎-西松,2023-10-27,9136
6111,大宇資,5,0,5,群益金鼎-西松,2023-10-27,9136
8044,網家,5,0,5,群益金鼎-西松,2023-10-27,9136
00878,國泰永續高股息,199,0,199,群益金鼎-西松,2023-10-30,9136
00919,群益台灣精選高息,70,9,61,群益金鼎-西松,2023-10-30,9136
8432,東生華,54,0,54,群益金鼎-西松,2023-10-30,9136
2356,英業達,62,30,32,群益金鼎-西松,2023-10-30,9136
2485,兆赫,99,73,26,群益金鼎-西松,2023-10-30,9136
4743,合一,26,0,26,群益金鼎-西松,2023-10-30,9136
2883,凱基金,25,0,25,群益金鼎-西松,2023-10-30,9136
4960,誠美材,25,0,25,群益金鼎-西松,2023-10-30,9136
3207,耀勝,23,0,23,群益金鼎-西松,2023-10-30,9136
00753L,中信中國50正2,20,0,20,群益金鼎-西松,2023-10-30,9136
1303,南亞,20,0,20,群益金鼎-西松,2023-10-30,9136
6237,驊訊,20,1,19,群益金鼎-西松,2023-10-30,9136
5289,宜鼎,18,0,18,群益金鼎-西松,2023-10-30,9136
2880,華南金,17,0,17,群益金鼎-西松,2023-10-30,9136
2801,彰銀,15,0,15,群益金鼎-西松,2023-10-30,9136
2618,長榮航,15,1,14,群益金鼎-西松,2023-10-30,9136
2317,鴻海,71,58,13,群益金鼎-西松,2023-10-30,9136
3481,群創,15,2,13,群益金鼎-西松,2023-10-30,9136
00885,富邦越南,11,0,11,群益金鼎-西松,2023-10-30,9136
2891,中信金,10,0,10,群益金鼎-西松,2023-10-30,9136
1314,中石化,10,0,10,群益金鼎-西松,2023-10-30,9136
00676R,富邦臺灣加權反1,10,0,10,群益金鼎-西松,2023-10-30,9136
1760,寶齡富錦,10,0,10,群益金鼎-西松,2023-10-30,9136
3450,聯鈞,10,0,10,群益金鼎-西松,2023-10-30,9136
5258,虹堡,12,2,10,群益金鼎-西松,2023-10-30,9136
5521,工信,10,0,10,群益金鼎-西松,2023-10-30,9136
5607,遠雄港,10,0,10,群益金鼎-西松,2023-10-30,9136
6550,北極星藥業-KY,10,0,10,群益金鼎-西松,2023-10-30,9136
8240,華宏,10,0,10,群益金鼎-西松,2023-10-30,9136
00858,永豐美國500大,9,0,9,群益金鼎-西松,2023-10-30,9136
2462,良得電,10,1,9,群益金鼎-西松,2023-10-30,9136
6143,振曜,8,0,8,群益金鼎-西松,2023-10-30,9136
3011,今皓,7,0,7,群益金鼎-西松,2023-10-30,9136
2337,旺宏,8,1,7,群益金鼎-西松,2023-10-30,9136
2401,凌陽,6,0,6,群益金鼎-西松,2023-10-30,9136
2465,麗臺,7,1,6,群益金鼎-西松,2023-10-30,9136
2905,三商,6,0,6,群益金鼎-西松,2023-10-30,9136
6168,宏齊,27,21,6,群益金鼎-西松,2023-10-30,9136
8054,安國,21,15,6,群益金鼎-西松,2023-10-30,9136
2454,聯發科,25,20,5,群益金鼎-西松,2023-10-30,9136
00632R,元大台灣50反1,10,5,5,群益金鼎-西松,2023-10-30,9136
3021,鴻名,5,0,5,群益金鼎-西松,2023-10-30,9136
6770,力積電,5,0,5,群益金鼎-西松,2023-10-30,9136
8028,昇陽半導體,5,0,5,群益金鼎-西松,2023-10-30,9136
0050,元大台灣50,4,0,4,群益金鼎-西松,2023-10-30,9136
00679B,元大美債20年,4,0,4,群益金鼎-西松,2023-10-30,9136
1785,光洋科,4,0,4,群益金鼎-西松,2023-10-30,9136
2535,達欣工,4,0,4,群益金鼎-西松,2023-10-30,9136
3122,笙泉,12,8,4,群益金鼎-西松,2023-10-30,9136
5272,笙科,8,4,4,群益金鼎-西松,2023-10-30,9136
6603,富強鑫,1731,0,1731,群益金鼎-西松,2023-10-31,9136
00929,復華台灣科技優息,160,0,160,群益金鼎-西松,2023-10-31,9136
00919,群益台灣精選高息,100,5,95,群益金鼎-西松,2023-10-31,9136
3324,雙鴻,80,0,80,群益金鼎-西松,2023-10-31,9136
00679B,元大美債20年,52,0,52,群益金鼎-西松,2023-10-31,9136
00878,國泰永續高股息,31,0,31,群益金鼎-西松,2023-10-31,9136
8040,九暘,26,1,25,群益金鼎-西松,2023-10-31,9136
3702,大聯大,40,15,25,群益金鼎-西松,2023-10-31,9136
2313,華通,33,9,24,群益金鼎-西松,2023-10-31,9136
0056,元大高股息,21,0,21,群益金鼎-西松,2023-10-31,9136
2201,裕隆,19,0,19,群益金鼎-西松,2023-10-31,9136
2618,長榮航,53,34,19,群益金鼎-西松,2023-10-31,9136
3207,耀勝,16,0,16,群益金鼎-西松,2023-10-31,9136
8454,富邦媒,15,0,15,群益金鼎-西松,2023-10-31,9136
2301,光寶科,20,5,15,群益金鼎-西松,2023-10-31,9136
3094,聯傑,22,7,15,群益金鼎-西松,2023-10-31,9136
6126,信音,15,0,15,群益金鼎-西松,2023-10-31,9136
2363,矽統,16,2,14,群益金鼎-西松,2023-10-31,9136
3032,偉訓,14,0,14,群益金鼎-西松,2023-10-31,9136
6168,宏齊,22,8,14,群益金鼎-西松,2023-10-31,9136
2409,友達,12,1,11,群益金鼎-西松,2023-10-31,9136
2458,義隆,11,0,11,群益金鼎-西松,2023-10-31,9136
2731,雄獅,11,0,11,群益金鼎-西松,2023-10-31,9136
3450,聯鈞,13,2,11,群益金鼎-西松,2023-10-31,9136
2454,聯發科,15,4,11,群益金鼎-西松,2023-10-31,9136
2317,鴻海,26,15,11,群益金鼎-西松,2023-10-31,9136
00751B,元大AAA至A公司債,10,0,10,群益金鼎-西松,2023-10-31,9136
00885,富邦越南,10,0,10,群益金鼎-西松,2023-10-31,9136
2388,威盛,16,6,10,群益金鼎-西松,2023-10-31,9136
2516,新建,10,0,10,群益金鼎-西松,2023-10-31,9136
3481,群創,14,4,10,群益金鼎-西松,2023-10-31,9136
6257,矽格,10,0,10,群益金鼎-西松,2023-10-31,9136
6284,佳邦,10,0,10,群益金鼎-西松,2023-10-31,9136
2887,台新金,9,0,9,群益金鼎-西松,2023-10-31,9136
3530,晶相光,13,4,9,群益金鼎-西松,2023-10-31,9136
2610,華航,8,0,8,群益金鼎-西松,2023-10-31,9136
9919,康那香,10,2,8,群益金鼎-西松,2023-10-31,9136
2609,陽明,8,0,8,群益金鼎-西松,2023-10-31,9136
00893,國泰智能電動車,7,0,7,群益金鼎-西松,2023-10-31,9136
2417,圓剛,9,2,7,群益金鼎-西松,2023-10-31,9136
6271,同欣電,10,3,7,群益金鼎-西松,2023-10-31,9136
3704,合勤控,17,10,7,群益金鼎-西松,2023-10-31,9136
1504,東元,6,0,6,群益金鼎-西松,2023-10-31,9136
6244,茂迪,7,1,6,群益金鼎-西松,2023-10-31,9136
6821,聯寶,9,3,6,群益金鼎-西松,2023-10-31,9136
8069,元太,8,2,6,群益金鼎-西松,2023-10-31,9136
6005,群益證,5,0,5,群益金鼎-西松,2023-10-31,9136
2457,飛宏,5,0,5,群益金鼎-西松,2023-10-31,9136
00706L,期元大S＆P日圓正2,5,0,5,群益金鼎-西松,2023-10-31,9136
00692,富邦公司治理,5,0,5,群益金鼎-西松,2023-10-31,9136
5258,虹堡,353,3,350,群益金鼎-西松,2023-11-01,9136
00687B,國泰20年美債,104,0,104,群益金鼎-西松,2023-11-01,9136
00679B,元大美債20年,101,0,101,群益金鼎-西松,2023-11-01,9136
00878,國泰永續高股息,74,1,73,群益金鼎-西松,2023-11-01,9136
4966,譜瑞-KY,62,0,62,群益金鼎-西松,2023-11-01,9136
2363,矽統,50,2,48,群益金鼎-西松,2023-11-01,9136
2454,聯發科,36,3,33,群益金鼎-西松,2023-11-01,9136
2023,燁輝,20,3,17,群益金鼎-西松,2023-11-01,9136
4167,松瑞藥,40,24,16,群益金鼎-西松,2023-11-01,9136
1795,美時,23,8,15,群益金鼎-西松,2023-11-01,9136
2427,三商電,15,0,15,群益金鼎-西松,2023-11-01,9136
1815,富喬,16,1,15,群益金鼎-西松,2023-11-01,9136
2409,友達,13,0,13,群益金鼎-西松,2023-11-01,9136
2610,華航,15,2,13,群益金鼎-西松,2023-11-01,9136
1710,東聯,11,0,11,群益金鼎-西松,2023-11-01,9136
3481,群創,13,2,11,群益金鼎-西松,2023-11-01,9136
8227,巨有科技,11,0,11,群益金鼎-西松,2023-11-01,9136
2884,玉山金,10,0,10,群益金鼎-西松,2023-11-01,9136
4934,太極,10,0,10,群益金鼎-西松,2023-11-01,9136
6290,良維,10,0,10,群益金鼎-西松,2023-11-01,9136
6757,台灣虎航,10,0,10,群益金鼎-西松,2023-11-01,9136
6841,長佳智能,10,0,10,群益金鼎-西松,2023-11-01,9136
2497,怡利電,9,0,9,群益金鼎-西松,2023-11-01,9136
00934,中信成長高股息,8,0,8,群益金鼎-西松,2023-11-01,9136
5356,協益,8,0,8,群益金鼎-西松,2023-11-01,9136
00751B,元大AAA至A公司債,7,0,7,群益金鼎-西松,2023-11-01,9136
00664R,國泰臺灣加權反1,7,0,7,群益金鼎-西松,2023-11-01,9136
6415,矽力*-KY,8,1,7,群益金鼎-西松,2023-11-01,9136
2308,台達電,6,0,6,群益金鼎-西松,2023-11-01,9136
2317,鴻海,11,5,6,群益金鼎-西松,2023-11-01,9136
3078,僑威,8,2,6,群益金鼎-西松,2023-11-01,9136
3207,耀勝,6,0,6,群益金鼎-西松,2023-11-01,9136
3363,上詮,11,5,6,群益金鼎-西松,2023-11-01,9136
3450,聯鈞,11,5,6,群益金鼎-西松,2023-11-01,9136
0056,元大高股息,5,0,5,群益金鼎-西松,2023-11-01,9136
3035,智原,10,5,5,群益金鼎-西松,2023-11-01,9136
1101,台泥,5,0,5,群益金鼎-西松,2023-11-01,9136
00900,富邦特選高股息30,5,0,5,群益金鼎-西松,2023-11-01,9136
1527,鑽全,5,0,5,群益金鼎-西松,2023-11-01,9136
1708,東鹼,5,0,5,群益金鼎-西松,2023-11-01,9136
1731,美吾華,5,0,5,群益金鼎-西松,2023-11-01,9136
2344,華邦電,10,5,5,群益金鼎-西松,2023-11-01,9136
2488,漢平,5,0,5,群益金鼎-西松,2023-11-01,9136
2801,彰銀,5,0,5,群益金鼎-西松,2023-11-01,9136
2851,中再保,5,0,5,群益金鼎-西松,2023-11-01,9136
3189,景碩,5,0,5,群益金鼎-西松,2023-11-01,9136
3714,富采,10,5,5,群益金鼎-西松,2023-11-01,9136
5388,中磊,5,0,5,群益金鼎-西松,2023-11-01,9136
5457,宣德,5,0,5,群益金鼎-西松,2023-11-01,9136
8028,昇陽半導體,5,0,5,群益金鼎-西松,2023-11-01,9136
00929,復華台灣科技優息,116,3,113,群益金鼎-西松,2023-11-02,9136
00632R,元大台灣50反1,115,5,110,群益金鼎-西松,2023-11-02,9136
2736,富野,105,4,101,群益金鼎-西松,2023-11-02,9136
1314,中石化,89,0,89,群益金鼎-西松,2023-11-02,9136
0056,元大高股息,43,1,42,群益金鼎-西松,2023-11-02,9136
3653,健策,27,0,27,群益金鼎-西松,2023-11-02,9136
8049,晶采,20,0,20,群益金鼎-西松,2023-11-02,9136
6150,撼訊,23,5,18,群益金鼎-西松,2023-11-02,9136
00679B,元大美債20年,18,1,17,群益金鼎-西松,2023-11-02,9136
6173,信昌電,20,3,17,群益金鼎-西松,2023-11-02,9136
8016,矽創,18,1,17,群益金鼎-西松,2023-11-02,9136
2367,燿華,20,5,15,群益金鼎-西松,2023-11-02,9136
3122,笙泉,26,12,14,群益金鼎-西松,2023-11-02,9136
2313,華通,29,16,13,群益金鼎-西松,2023-11-02,9136
3693,營邦,15,2,13,群益金鼎-西松,2023-11-02,9136
4763,材料-KY,16,4,12,群益金鼎-西松,2023-11-02,9136
8210,勤誠,11,0,11,群益金鼎-西松,2023-11-02,9136
00931B,統一美債20年,10,0,10,群益金鼎-西松,2023-11-02,9136
3029,零壹,10,0,10,群益金鼎-西松,2023-11-02,9136
4909,新復興,10,0,10,群益金鼎-西松,2023-11-02,9136
3036,文曄,11,2,9,群益金鼎-西松,2023-11-02,9136
5355,佳總,9,0,9,群益金鼎-西松,2023-11-02,9136
00637L,元大滬深300正2,29,21,8,群益金鼎-西松,2023-11-02,9136
00687B,國泰20年美債,8,0,8,群益金鼎-西松,2023-11-02,9136
2543,皇昌,8,0,8,群益金鼎-西松,2023-11-02,9136
6531,愛普*,32,25,7,群益金鼎-西松,2023-11-02,9136
3545,敦泰,15,8,7,群益金鼎-西松,2023-11-02,9136
5258,虹堡,9,3,6,群益金鼎-西松,2023-11-02,9136
1308,亞聚,5,0,5,群益金鼎-西松,2023-11-02,9136
00751B,元大AAA至A公司債,5,0,5,群益金鼎-西松,2023-11-02,9136
00878,國泰永續高股息,5,0,5,群益金鼎-西松,2023-11-02,9136
2364,倫飛,5,0,5,群益金鼎-西松,2023-11-02,9136
3703,欣陸,5,0,5,群益金鼎-西松,2023-11-02,9136
6411,晶焱,5,0,5,群益金鼎-西松,2023-11-02,9136
6679,鈺太,5,0,5,群益金鼎-西松,2023-11-02,9136
9943,好樂迪,5,0,5,群益金鼎-西松,2023-11-02,9136
3715,定穎投控,13,8,5,群益金鼎-西松,2023-11-02,9136
2382,廣達,37,33,4,群益金鼎-西松,2023-11-02,9136
2492,華新科,5,1,4,群益金鼎-西松,2023-11-02,9136
3711,日月光投控,4,0,4,群益金鼎-西松,2023-11-02,9136
1907,永豐餘,4,0,4,群益金鼎-西松,2023-11-02,9136
00633L,富邦上証正2,5,1,4,群益金鼎-西松,2023-11-02,9136
2417,圓剛,5,1,4,群益金鼎-西松,2023-11-02,9136
4979,華星光,7,3,4,群益金鼎-西松,2023-11-02,9136
6168,宏齊,12,8,4,群益金鼎-西松,2023-11-02,9136
6274,台燿,11,7,4,群益金鼎-西松,2023-11-02,9136
6592A,和潤企業甲特,4,0,4,群益金鼎-西松,2023-11-02,9136
5289,宜鼎,5,1,4,群益金鼎-西松,2023-11-02,9136
6235,華孚,11,8,3,群益金鼎-西松,2023-11-02,9136
00670L,富邦NASDAQ正2,3,0,3,群益金鼎-西松,2023-11-02,9136
00715L,期街口布蘭特正2,1886,0,1886,群益金鼎-西松,2023-11-03,9136
6603,富強鑫,1064,0,1064,群益金鼎-西松,2023-11-03,9136
3324,雙鴻,350,0,350,群益金鼎-西松,2023-11-03,9136
00935,野村臺灣新科技50,55,5,50,群益金鼎-西松,2023-11-03,9136
1815,富喬,132,87,45,群益金鼎-西松,2023-11-03,9136
8040,九暘,41,0,41,群益金鼎-西松,2023-11-03,9136
3213,茂訊,32,1,31,群益金鼎-西松,2023-11-03,9136
3703,欣陸,30,2,28,群益金鼎-西松,2023-11-03,9136
3006,晶豪科,29,5,24,群益金鼎-西松,2023-11-03,9136
00919,群益台灣精選高息,32,9,23,群益金鼎-西松,2023-11-03,9136
0056,元大高股息,23,1,22,群益金鼎-西松,2023-11-03,9136
1449,佳和,20,0,20,群益金鼎-西松,2023-11-03,9136
2458,義隆,53,33,20,群益金鼎-西松,2023-11-03,9136
3231,緯創,101,81,20,群益金鼎-西松,2023-11-03,9136
00878,國泰永續高股息,16,0,16,群益金鼎-西松,2023-11-03,9136
2838,聯邦銀,15,0,15,群益金鼎-西松,2023-11-03,9136
9958,世紀鋼,15,0,15,群益金鼎-西松,2023-11-03,9136
2363,矽統,56,42,14,群益金鼎-西松,2023-11-03,9136
2486,一詮,32,18,14,群益金鼎-西松,2023-11-03,9136
5258,虹堡,18,4,14,群益金鼎-西松,2023-11-03,9136
8086,宏捷科,26,13,13,群益金鼎-西松,2023-11-03,9136
6168,宏齊,14,3,11,群益金鼎-西松,2023-11-03,9136
00931B,統一美債20年,10,0,10,群益金鼎-西松,2023-11-03,9136
00687B,國泰20年美債,10,0,10,群益金鼎-西松,2023-11-03,9136
2504,國產,10,0,10,群益金鼎-西松,2023-11-03,9136
5347,世界,10,0,10,群益金鼎-西松,2023-11-03,9136
6443,元晶,10,0,10,群益金鼎-西松,2023-11-03,9136
1339,昭輝,9,0,9,群益金鼎-西松,2023-11-03,9136
4979,華星光,13,4,9,群益金鼎-西松,2023-11-03,9136
1524,耿鼎,10,2,8,群益金鼎-西松,2023-11-03,9136
2353,宏��,8,0,8,群益金鼎-西松,2023-11-03,9136
6531,愛普*,15,7,8,群益金鼎-西松,2023-11-03,9136
3260,威剛,11,4,7,群益金鼎-西松,2023-11-03,9136
2465,麗臺,7,0,7,群益金鼎-西松,2023-11-03,9136
2816,旺旺保,7,0,7,群益金鼎-西松,2023-11-03,9136
2939,永邑-KY,7,0,7,群益金鼎-西松,2023-11-03,9136
3090,日電貿,7,0,7,群益金鼎-西松,2023-11-03,9136
3322,建舜電,7,0,7,群益金鼎-西松,2023-11-03,9136
8092,建暐,7,0,7,群益金鼎-西松,2023-11-03,9136
8150,南茂,7,0,7,群益金鼎-西松,2023-11-03,9136
6189,豐藝,8,2,6,群益金鼎-西松,2023-11-03,9136
2382,廣達,22,16,6,群益金鼎-西松,2023-11-03,9136
4743,合一,9,3,6,群益金鼎-西松,2023-11-03,9136
6414,樺漢,6,0,6,群益金鼎-西松,2023-11-03,9136
00719B,元大美債1-3,6,0,6,群益金鼎-西松,2023-11-03,9136
3032,偉訓,13,7,6,群益金鼎-西松,2023-11-03,9136
5348,正能量智能,6,0,6,群益金鼎-西松,2023-11-03,9136
5607,遠雄港,6,0,6,群益金鼎-西松,2023-11-03,9136
00679B,元大美債20年,11,5,6,群益金鼎-西松,2023-11-03,9136
2368,金像電,8,2,6,群益金鼎-西松,2023-11-03,9136
6603,富強鑫,302,0,302,群益金鼎-西松,2023-11-06,9136
2363,矽統,151,16,135,群益金鼎-西松,2023-11-06,9136
00687B,國泰20年美債,105,0,105,群益金鼎-西松,2023-11-06,9136
0056,元大高股息,80,5,75,群益金鼎-西松,2023-11-06,9136
3105,穩懋,54,7,47,群益金鼎-西松,2023-11-06,9136
00929,復華台灣科技優息,62,23,39,群益金鼎-西松,2023-11-06,9136
6156,松上,45,8,37,群益金鼎-西松,2023-11-06,9136
1231,聯華食,33,0,33,群益金鼎-西松,2023-11-06,9136
4979,華星光,43,11,32,群益金鼎-西松,2023-11-06,9136
2313,華通,49,23,26,群益金鼎-西松,2023-11-06,9136
5258,虹堡,35,10,25,群益金鼎-西松,2023-11-06,9136
2486,一詮,45,22,23,群益金鼎-西松,2023-11-06,9136
2388,威盛,30,8,22,群益金鼎-西松,2023-11-06,9136
00720B,元大投資級公司債,20,0,20,群益金鼎-西松,2023-11-06,9136
2634,漢翔,20,1,19,群益金鼎-西松,2023-11-06,9136
6147,頎邦,15,0,15,群益金鼎-西松,2023-11-06,9136
2610,華航,13,0,13,群益金鼎-西松,2023-11-06,9136
00772B,中信高評級公司債,12,0,12,群益金鼎-西松,2023-11-06,9136
00878,國泰永續高股息,11,0,11,群益金鼎-西松,2023-11-06,9136
3231,緯創,72,61,11,群益金鼎-西松,2023-11-06,9136
00885,富邦越南,11,0,11,群益金鼎-西松,2023-11-06,9136
1809,中釉,11,0,11,群益金鼎-西松,2023-11-06,9136
2303,聯電,24,13,11,群益金鼎-西松,2023-11-06,9136
2408,南亞科,45,35,10,群益金鼎-西松,2023-11-06,9136
2838,聯邦銀,10,0,10,群益金鼎-西松,2023-11-06,9136
2851,中再保,10,0,10,群益金鼎-西松,2023-11-06,9136
4968,立積,12,2,10,群益金鼎-西松,2023-11-06,9136
6282,康舒,10,0,10,群益金鼎-西松,2023-11-06,9136
9933,中鼎,10,0,10,群益金鼎-西松,2023-11-06,9136
1795,美時,10,1,9,群益金鼎-西松,2023-11-06,9136
1802,台玻,9,0,9,群益金鼎-西松,2023-11-06,9136
00909,國泰數位支付服務,8,0,8,群益金鼎-西松,2023-11-06,9136
2207,和泰車,8,0,8,群益金鼎-西松,2023-11-06,9136
00786B,元大10年IG銀行債,7,0,7,群益金鼎-西松,2023-11-06,9136
3362,先進光,9,2,7,群益金鼎-西松,2023-11-06,9136
3592,瑞鼎,7,0,7,群益金鼎-西松,2023-11-06,9136
5234,達興材料,7,0,7,群益金鼎-西松,2023-11-06,9136
6202,盛群,7,0,7,群益金鼎-西松,2023-11-06,9136
8112,至上,7,0,7,群益金鼎-西松,2023-11-06,9136
6585,鼎基,7,1,6,群益金鼎-西松,2023-11-06,9136
3293,鈊象,6,0,6,群益金鼎-西松,2023-11-06,9136
00891,中信關鍵半導體,6,1,5,群益金鼎-西松,2023-11-06,9136
6182,合晶,6,1,5,群益金鼎-西松,2023-11-06,9136
2211,長榮鋼,5,0,5,群益金鼎-西松,2023-11-06,9136
2441,超豐,5,0,5,群益金鼎-西松,2023-11-06,9136
2605,新興,5,0,5,群益金鼎-西松,2023-11-06,9136
3036,文曄,15,10,5,群益金鼎-西松,2023-11-06,9136
4148,全宇生技-KY,5,0,5,群益金鼎-西松,2023-11-06,9136
5269,祥碩,5,0,5,群益金鼎-西松,2023-11-06,9136
8068,全達,5,0,5,群益金鼎-西松,2023-11-06,9136
6603,富強鑫,150,0,150,群益金鼎-西松,2023-11-07,9136
2455,全新,77,5,72,群益金鼎-西松,2023-11-07,9136
8936,國統,66,4,62,群益金鼎-西松,2023-11-07,9136
6156,松上,63,4,59,群益金鼎-西松,2023-11-07,9136
1560,中砂,62,27,35,群益金鼎-西松,2023-11-07,9136
00688L,國泰20年美債正2,30,0,30,群益金鼎-西松,2023-11-07,9136
4167,松瑞藥,30,0,30,群益金鼎-西松,2023-11-07,9136
2401,凌陽,33,5,28,群益金鼎-西松,2023-11-07,9136
5706,鳳凰,22,0,22,群益金鼎-西松,2023-11-07,9136
3317,尼克森,25,4,21,群益金鼎-西松,2023-11-07,9136
2515,中工,21,1,20,群益金鼎-西松,2023-11-07,9136
00885,富邦越南,20,0,20,群益金鼎-西松,2023-11-07,9136
8110,華東,20,0,20,群益金鼎-西松,2023-11-07,9136
6531,愛普*,22,7,15,群益金鼎-西松,2023-11-07,9136
8432,東生華,15,0,15,群益金鼎-西松,2023-11-07,9136
00934,中信成長高股息,14,0,14,群益金鼎-西松,2023-11-07,9136
4979,華星光,16,2,14,群益金鼎-西松,2023-11-07,9136
00919,群益台灣精選高息,13,0,13,群益金鼎-西松,2023-11-07,9136
6168,宏齊,13,0,13,群益金鼎-西松,2023-11-07,9136
8069,元太,12,0,12,群益金鼎-西松,2023-11-07,9136
2376,技嘉,14,2,12,群益金鼎-西松,2023-11-07,9136
3548,兆利,16,4,12,群益金鼎-西松,2023-11-07,9136
6244,茂迪,12,0,12,群益金鼎-西松,2023-11-07,9136
00650L,復華香港正2,11,0,11,群益金鼎-西松,2023-11-07,9136
6197,佳必琪,21,10,11,群益金鼎-西松,2023-11-07,9136
00712,復華富時不動產,10,0,10,群益金鼎-西松,2023-11-07,9136
2109,華豐,10,0,10,群益金鼎-西松,2023-11-07,9136
2206,三陽工業,10,0,10,群益金鼎-西松,2023-11-07,9136
3062,建漢,10,0,10,群益金鼎-西松,2023-11-07,9136
4533,協易機,10,0,10,群益金鼎-西松,2023-11-07,9136
6414,樺漢,12,2,10,群益金鼎-西松,2023-11-07,9136
0056,元大高股息,10,1,9,群益金鼎-西松,2023-11-07,9136
1514,亞力,10,1,9,群益金鼎-西松,2023-11-07,9136
2303,聯電,21,12,9,群益金鼎-西松,2023-11-07,9136
2486,一詮,34,25,9,群益金鼎-西松,2023-11-07,9136
2317,鴻海,9,1,8,群益金鼎-西松,2023-11-07,9136
3711,日月光投控,11,3,8,群益金鼎-西松,2023-11-07,9136
00929,復華台灣科技優息,12,6,6,群益金鼎-西松,2023-11-07,9136
4908,前鼎,14,8,6,群益金鼎-西松,2023-11-07,9136
00715L,期街口布蘭特正2,6,0,6,群益金鼎-西松,2023-11-07,9136
3322,建舜電,6,0,6,群益金鼎-西松,2023-11-07,9136
3481,群創,8,3,5,群益金鼎-西松,2023-11-07,9136
1795,美時,7,2,5,群益金鼎-西松,2023-11-07,9136
00679B,元大美債20年,5,0,5,群益金鼎-西松,2023-11-07,9136
1789,神隆,6,1,5,群益金鼎-西松,2023-11-07,9136
1815,富喬,56,51,5,群益金鼎-西松,2023-11-07,9136
2851,中再保,5,0,5,群益金鼎-西松,2023-11-07,9136
2888,新光金,5,0,5,群益金鼎-西松,2023-11-07,9136
3176,基亞,5,0,5,群益金鼎-西松,2023-11-07,9136
6526,達發,6,1,5,群益金鼎-西松,2023-11-07,9136
3324,雙鴻,233,3,230,群益金鼎-西松,2023-11-08,9136
2303,聯電,105,5,100,群益金鼎-西松,2023-11-08,9136
3231,緯創,127,60,67,群益金鼎-西松,2023-11-08,9136
5347,世界,48,1,47,群益金鼎-西松,2023-11-08,9136
2618,長榮航,44,6,38,群益金鼎-西松,2023-11-08,9136
3034,聯詠,41,10,31,群益金鼎-西松,2023-11-08,9136
4414,如興,27,0,27,群益金鼎-西松,2023-11-08,9136
3032,偉訓,44,18,26,群益金鼎-西松,2023-11-08,9136
00919,群益台灣精選高息,25,0,25,群益金鼎-西松,2023-11-08,9136
3060,銘異,20,0,20,群益金鼎-西松,2023-11-08,9136
3221,台嘉碩,20,0,20,群益金鼎-西松,2023-11-08,9136
1815,富喬,105,89,16,群益金鼎-西松,2023-11-08,9136
0056,元大高股息,21,6,15,群益金鼎-西松,2023-11-08,9136
6603,富強鑫,25,10,15,群益金鼎-西松,2023-11-08,9136
3545,敦泰,15,2,13,群益金鼎-西松,2023-11-08,9136
6016,康和證,12,0,12,群益金鼎-西松,2023-11-08,9136
8043,蜜望實,12,0,12,群益金鼎-西松,2023-11-08,9136
00933B,國泰10Y+金融債,11,0,11,群益金鼎-西松,2023-11-08,9136
00642U,期元大S＆P石油,10,0,10,群益金鼎-西松,2023-11-08,9136
00936,台新永續高息中小,10,0,10,群益金鼎-西松,2023-11-08,9136
2427,三商電,10,0,10,群益金鼎-西松,2023-11-08,9136
4128,中天,15,5,10,群益金鼎-西松,2023-11-08,9136
6243,迅杰,10,0,10,群益金鼎-西松,2023-11-08,9136
2884,玉山金,9,0,9,群益金鼎-西松,2023-11-08,9136
4113,聯上,9,0,9,群益金鼎-西松,2023-11-08,9136
6244,茂迪,18,9,9,群益金鼎-西松,2023-11-08,9136
6770,力積電,9,0,9,群益金鼎-西松,2023-11-08,9136
6667,信紘科,8,0,8,群益金鼎-西松,2023-11-08,9136
6901,鑽石投資,13,5,8,群益金鼎-西松,2023-11-08,9136
1514,亞力,10,3,7,群益金鼎-西松,2023-11-08,9136
1609,大亞,7,0,7,群益金鼎-西松,2023-11-08,9136
2388,威盛,10,3,7,群益金鼎-西松,2023-11-08,9136
3481,群創,14,7,7,群益金鼎-西松,2023-11-08,9136
2356,英業達,50,44,6,群益金鼎-西松,2023-11-08,9136
5272,笙科,6,0,6,群益金鼎-西松,2023-11-08,9136
6117,迎廣,13,7,6,群益金鼎-西松,2023-11-08,9136
6541,泰福-KY,6,0,6,群益金鼎-西松,2023-11-08,9136
6643,M31,10,4,6,群益金鼎-西松,2023-11-08,9136
00929,復華台灣科技優息,5,0,5,群益金鼎-西松,2023-11-08,9136
00934,中信成長高股息,5,0,5,群益金鼎-西松,2023-11-08,9136
00907,永豐優息存股,5,0,5,群益金鼎-西松,2023-11-08,9136
00857B,永豐20年美公債,8,3,5,群益金鼎-西松,2023-11-08,9136
1789,神隆,13,8,5,群益金鼎-西松,2023-11-08,9136
2316,楠梓電,5,0,5,群益金鼎-西松,2023-11-08,9136
2439,美律,6,1,5,群益金鼎-西松,2023-11-08,9136
2851,中再保,5,0,5,群益金鼎-西松,2023-11-08,9136
3260,威剛,6,1,5,群益金鼎-西松,2023-11-08,9136
6585,鼎基,10,5,5,群益金鼎-西松,2023-11-08,9136
6763,綠界科技*,5,0,5,群益金鼎-西松,2023-11-08,9136
8086,宏捷科,6,1,5,群益金鼎-西松,2023-11-08,9136
6138,茂達,300,10,290,群益金鼎-西松,2023-11-09,9136
6603,富強鑫,915,800,115,群益金鼎-西松,2023-11-09,9136
00715L,期街口布蘭特正2,103,1,102,群益金鼎-西松,2023-11-09,9136
00687B,國泰20年美債,103,4,99,群益金鼎-西松,2023-11-09,9136
8049,晶采,60,0,60,群益金鼎-西松,2023-11-09,9136
4979,華星光,53,3,50,群益金鼎-西松,2023-11-09,9136
3231,緯創,144,98,46,群益金鼎-西松,2023-11-09,9136
5347,世界,41,0,41,群益金鼎-西松,2023-11-09,9136
2376,技嘉,54,17,37,群益金鼎-西松,2023-11-09,9136
3032,偉訓,45,12,33,群益金鼎-西松,2023-11-09,9136
3122,笙泉,48,17,31,群益金鼎-西松,2023-11-09,9136
00885,富邦越南,30,1,29,群益金鼎-西松,2023-11-09,9136
6805,富世達,31,3,28,群益金鼎-西松,2023-11-09,9136
6846,綠茵,28,0,28,群益金鼎-西松,2023-11-09,9136
2317,鴻海,28,4,24,群益金鼎-西松,2023-11-09,9136
1449,佳和,24,0,24,群益金鼎-西松,2023-11-09,9136
2329,華泰,28,5,23,群益金鼎-西松,2023-11-09,9136
2313,華通,57,35,22,群益金鼎-西松,2023-11-09,9136
6244,茂迪,21,0,21,群益金鼎-西松,2023-11-09,9136
3605,宏致,20,0,20,群益金鼎-西松,2023-11-09,9136
6189,豐藝,31,11,20,群益金鼎-西松,2023-11-09,9136
6168,宏齊,20,1,19,群益金鼎-西松,2023-11-09,9136
8011,台通,21,2,19,群益金鼎-西松,2023-11-09,9136
8043,蜜望實,16,0,16,群益金鼎-西松,2023-11-09,9136
4953,緯軟,14,0,14,群益金鼎-西松,2023-11-09,9136
00929,復華台灣科技優息,12,0,12,群益金鼎-西松,2023-11-09,9136
6933,AMAX-KY,12,0,12,群益金鼎-西松,2023-11-09,9136
00919,群益台灣精選高息,12,1,11,群益金鼎-西松,2023-11-09,9136
00935,野村臺灣新科技50,11,0,11,群益金鼎-西松,2023-11-09,9136
3024,憶聲,10,0,10,群益金鼎-西松,2023-11-09,9136
00665L,富邦�琤肭磪囓�2,10,0,10,群益金鼎-西松,2023-11-09,9136
6197,佳必琪,22,12,10,群益金鼎-西松,2023-11-09,9136
9105,泰金寶-DR,10,0,10,群益金鼎-西松,2023-11-09,9136
00637L,元大滬深300正2,10,1,9,群益金鼎-西松,2023-11-09,9136
6442,光聖,10,1,9,群益金鼎-西松,2023-11-09,9136
2451,創見,9,1,8,群益金鼎-西松,2023-11-09,9136
3706,神達,8,0,8,群益金鼎-西松,2023-11-09,9136
4968,立積,8,0,8,群益金鼎-西松,2023-11-09,9136
5388,中磊,10,3,7,群益金鼎-西松,2023-11-09,9136
00706L,期元大S＆P日圓正2,7,0,7,群益金鼎-西松,2023-11-09,9136
5321,美而快,11,4,7,群益金鼎-西松,2023-11-09,9136
1210,大成,7,1,6,群益金鼎-西松,2023-11-09,9136
2356,英業達,23,17,6,群益金鼎-西松,2023-11-09,9136
2610,華航,7,1,6,群益金鼎-西松,2023-11-09,9136
3224,三顧,6,0,6,群益金鼎-西松,2023-11-09,9136
3376,新日興,41,35,6,群益金鼎-西松,2023-11-09,9136
5309,系統電,6,0,6,群益金鼎-西松,2023-11-09,9136
6285,啟��,7,2,5,群益金鼎-西松,2023-11-09,9136
2344,華邦電,11,6,5,群益金鼎-西松,2023-11-09,9136
1524,耿鼎,5,0,5,群益金鼎-西松,2023-11-09,9136
6603,富強鑫,107,0,107,群益金鼎-西松,2023-11-10,9136
3205,佰研,95,1,94,群益金鼎-西松,2023-11-10,9136
00679B,元大美債20年,178,99,79,群益金鼎-西松,2023-11-10,9136
3231,緯創,125,82,43,群益金鼎-西松,2023-11-10,9136
2363,矽統,48,15,33,群益金鼎-西松,2023-11-10,9136
8049,晶采,30,0,30,群益金鼎-西松,2023-11-10,9136
2356,英業達,40,11,29,群益金鼎-西松,2023-11-10,9136
4743,合一,45,16,29,群益金鼎-西松,2023-11-10,9136
4162,智擎,29,2,27,群益金鼎-西松,2023-11-10,9136
3715,定穎投控,31,5,26,群益金鼎-西松,2023-11-10,9136
9958,世紀鋼,27,1,26,群益金鼎-西松,2023-11-10,9136
5258,虹堡,25,0,25,群益金鼎-西松,2023-11-10,9136
00933B,國泰10Y+金融債,26,2,24,群益金鼎-西松,2023-11-10,9136
5009,榮剛,21,0,21,群益金鼎-西松,2023-11-10,9136
8059,凱碩,21,0,21,群益金鼎-西松,2023-11-10,9136
2618,長榮航,28,9,19,群益金鼎-西松,2023-11-10,9136
00936,台新永續高息中小,18,0,18,群益金鼎-西松,2023-11-10,9136
2382,廣達,24,7,17,群益金鼎-西松,2023-11-10,9136
2376,技嘉,19,3,16,群益金鼎-西松,2023-11-10,9136
1210,大成,15,0,15,群益金鼎-西松,2023-11-10,9136
2353,宏��,15,1,14,群益金鼎-西松,2023-11-10,9136
2486,一詮,14,0,14,群益金鼎-西松,2023-11-10,9136
6235,華孚,17,3,14,群益金鼎-西松,2023-11-10,9136
6143,振曜,16,3,13,群益金鼎-西松,2023-11-10,9136
6168,宏齊,23,10,13,群益金鼎-西松,2023-11-10,9136
1582,信錦,15,2,13,群益金鼎-西松,2023-11-10,9136
00715L,期街口布蘭特正2,15,3,12,群益金鼎-西松,2023-11-10,9136
00637L,元大滬深300正2,10,0,10,群益金鼎-西松,2023-11-10,9136
4908,前鼎,11,1,10,群益金鼎-西松,2023-11-10,9136
00934,中信成長高股息,9,0,9,群益金鼎-西松,2023-11-10,9136
00706L,期元大S＆P日圓正2,8,0,8,群益金鼎-西松,2023-11-10,9136
2352,佳世達,8,0,8,群益金鼎-西松,2023-11-10,9136
3078,僑威,12,4,8,群益金鼎-西松,2023-11-10,9136
00712,復華富時不動產,8,0,8,群益金鼎-西松,2023-11-10,9136
3545,敦泰,9,2,7,群益金鼎-西松,2023-11-10,9136
2421,建準,10,3,7,群益金鼎-西松,2023-11-10,9136
4164,承業醫,7,0,7,群益金鼎-西松,2023-11-10,9136
6213,聯茂,10,3,7,群益金鼎-西松,2023-11-10,9136
6933,AMAX-KY,7,0,7,群益金鼎-西松,2023-11-10,9136
00891,中信關鍵半導體,8,1,7,群益金鼎-西松,2023-11-10,9136
2317,鴻海,7,0,7,群益金鼎-西松,2023-11-10,9136
2201,裕隆,6,0,6,群益金鼎-西松,2023-11-10,9136
2399,映泰,6,0,6,群益金鼎-西松,2023-11-10,9136
3011,今皓,6,0,6,群益金鼎-西松,2023-11-10,9136
3032,偉訓,7,1,6,群益金鼎-西松,2023-11-10,9136
3481,群創,6,0,6,群益金鼎-西松,2023-11-10,9136
6541,泰福-KY,6,0,6,群益金鼎-西松,2023-11-10,9136
5521,工信,5,0,5,群益金鼎-西松,2023-11-10,9136
00857B,永豐20年美公債,5,0,5,群益金鼎-西松,2023-11-10,9136
2073,雄順,5,0,5,群益金鼎-西松,2023-11-10,9136
2382,廣達,171,55,116,群益金鼎-西松,2023-11-13,9136
6168,宏齊,102,12,90,群益金鼎-西松,2023-11-13,9136
00665L,富邦�琤肭磪囓�2,80,0,80,群益金鼎-西松,2023-11-13,9136
00679B,元大美債20年,51,0,51,群益金鼎-西松,2023-11-13,9136
00753L,中信中國50正2,51,0,51,群益金鼎-西松,2023-11-13,9136
2363,矽統,62,14,48,群益金鼎-西松,2023-11-13,9136
00929,復華台灣科技優息,53,7,46,群益金鼎-西松,2023-11-13,9136
1582,信錦,28,0,28,群益金鼎-西松,2023-11-13,9136
00715L,期街口布蘭特正2,30,3,27,群益金鼎-西松,2023-11-13,9136
2449,京元電子,55,31,24,群益金鼎-西松,2023-11-13,9136
2369,菱生,25,3,22,群益金鼎-西松,2023-11-13,9136
00637L,元大滬深300正2,22,2,20,群益金鼎-西松,2023-11-13,9136
2002,中鋼,20,0,20,群益金鼎-西松,2023-11-13,9136
6657,華安,20,1,19,群益金鼎-西松,2023-11-13,9136
2618,長榮航,31,13,18,群益金鼎-西松,2023-11-13,9136
3035,智原,24,7,17,群益金鼎-西松,2023-11-13,9136
4979,華星光,16,0,16,群益金鼎-西松,2023-11-13,9136
1101,台泥,22,6,16,群益金鼎-西松,2023-11-13,9136
00931B,統一美債20年,15,0,15,群益金鼎-西松,2023-11-13,9136
3276,宇環,17,2,15,群益金鼎-西松,2023-11-13,9136
6139,亞翔,36,22,14,群益金鼎-西松,2023-11-13,9136
00662,富邦NASDAQ,13,0,13,群益金鼎-西松,2023-11-13,9136
1460,宏遠,13,0,13,群益金鼎-西松,2023-11-13,9136
3122,笙泉,20,7,13,群益金鼎-西松,2023-11-13,9136
00878,國泰永續高股息,15,3,12,群益金鼎-西松,2023-11-13,9136
1314,中石化,12,0,12,群益金鼎-西松,2023-11-13,9136
5234,達興材料,12,0,12,群益金鼎-西松,2023-11-13,9136
2891,中信金,11,1,10,群益金鼎-西松,2023-11-13,9136
3706,神達,10,0,10,群益金鼎-西松,2023-11-13,9136
6116,彩晶,10,0,10,群益金鼎-西松,2023-11-13,9136
6191,精成科,10,0,10,群益金鼎-西松,2023-11-13,9136
8936,國統,11,1,10,群益金鼎-西松,2023-11-13,9136
6189,豐藝,18,9,9,群益金鼎-西松,2023-11-13,9136
2377,微星,8,0,8,群益金鼎-西松,2023-11-13,9136
1303,南亞,8,0,8,群益金鼎-西松,2023-11-13,9136
00857B,永豐20年美公債,8,0,8,群益金鼎-西松,2023-11-13,9136
2029,盛餘,8,0,8,群益金鼎-西松,2023-11-13,9136
3213,茂訊,8,0,8,群益金鼎-西松,2023-11-13,9136
00751B,元大AAA至A公司債,7,0,7,群益金鼎-西松,2023-11-13,9136
00687B,國泰20年美債,7,0,7,群益金鼎-西松,2023-11-13,9136
6187,萬潤,8,1,7,群益金鼎-西松,2023-11-13,9136
6282,康舒,16,10,6,群益金鼎-西松,2023-11-13,9136
3545,敦泰,10,4,6,群益金鼎-西松,2023-11-13,9136
00916,國泰全球品牌50,6,0,6,群益金鼎-西松,2023-11-13,9136
6770,力積電,6,0,6,群益金鼎-西松,2023-11-13,9136
8046,南電,7,1,6,群益金鼎-西松,2023-11-13,9136
2027,大成鋼,5,0,5,群益金鼎-西松,2023-11-13,9136
2104,國際中橡,5,0,5,群益金鼎-西松,2023-11-13,9136
2329,華泰,14,9,5,群益金鼎-西松,2023-11-13,9136
2851,中再保,5,0,5,群益金鼎-西松,2023-11-13,9136
3481,群創,150,1,149,群益金鼎-西松,2023-11-14,9136
2303,聯電,74,1,73,群益金鼎-西松,2023-11-14,9136
3036,文曄,63,5,58,群益金鼎-西松,2023-11-14,9136
1815,富喬,54,3,51,群益金鼎-西松,2023-11-14,9136
2401,凌陽,51,0,51,群益金鼎-西松,2023-11-14,9136
3094,聯傑,52,1,51,群益金鼎-西松,2023-11-14,9136
2402,毅嘉,42,10,32,群益金鼎-西松,2023-11-14,9136
3231,緯創,164,134,30,群益金鼎-西松,2023-11-14,9136
8940,新天地,30,0,30,群益金鼎-西松,2023-11-14,9136
3122,笙泉,36,15,21,群益金鼎-西松,2023-11-14,9136
4113,聯上,21,0,21,群益金鼎-西松,2023-11-14,9136
00637L,元大滬深300正2,23,3,20,群益金鼎-西松,2023-11-14,9136
2465,麗臺,20,0,20,群益金鼎-西松,2023-11-14,9136
6133,金橋,20,0,20,群益金鼎-西松,2023-11-14,9136
4763,材料-KY,25,5,20,群益金鼎-西松,2023-11-14,9136
3545,敦泰,82,63,19,群益金鼎-西松,2023-11-14,9136
8936,國統,16,0,16,群益金鼎-西松,2023-11-14,9136
2417,圓剛,22,8,14,群益金鼎-西松,2023-11-14,9136
6282,康舒,25,12,13,群益金鼎-西松,2023-11-14,9136
00632R,元大台灣50反1,12,0,12,群益金鼎-西松,2023-11-14,9136
2610,華航,12,0,12,群益金鼎-西松,2023-11-14,9136
2206,三陽工業,13,2,11,群益金鼎-西松,2023-11-14,9136
2313,華通,17,6,11,群益金鼎-西松,2023-11-14,9136
00772B,中信高評級公司債,11,0,11,群益金鼎-西松,2023-11-14,9136
2618,長榮航,15,4,11,群益金鼎-西松,2023-11-14,9136
3702,大聯大,11,1,10,群益金鼎-西松,2023-11-14,9136
1471,首利,10,0,10,群益金鼎-西松,2023-11-14,9136
1608,華榮,10,0,10,群益金鼎-西松,2023-11-14,9136
2243,宏旭-KY,10,0,10,群益金鼎-西松,2023-11-14,9136
2515,中工,10,0,10,群益金鼎-西松,2023-11-14,9136
9105,泰金寶-DR,10,0,10,群益金鼎-西松,2023-11-14,9136
2609,陽明,15,6,9,群益金鼎-西松,2023-11-14,9136
8011,台通,13,4,9,群益金鼎-西松,2023-11-14,9136
8110,華東,10,1,9,群益金鼎-西松,2023-11-14,9136
6202,盛群,11,3,8,群益金鼎-西松,2023-11-14,9136
3078,僑威,9,1,8,群益金鼎-西松,2023-11-14,9136
3034,聯詠,10,3,7,群益金鼎-西松,2023-11-14,9136
1101,台泥,7,0,7,群益金鼎-西松,2023-11-14,9136
6117,迎廣,9,2,7,群益金鼎-西松,2023-11-14,9136
8054,安國,7,0,7,群益金鼎-西松,2023-11-14,9136
1514,亞力,6,0,6,群益金鼎-西松,2023-11-14,9136
3188,鑫龍騰,6,0,6,群益金鼎-西松,2023-11-14,9136
3260,威剛,8,2,6,群益金鼎-西松,2023-11-14,9136
6139,亞翔,9,3,6,群益金鼎-西松,2023-11-14,9136
3035,智原,9,3,6,群益金鼎-西松,2023-11-14,9136
5871,中租-KY,5,0,5,群益金鼎-西松,2023-11-14,9136
1449,佳和,5,0,5,群益金鼎-西松,2023-11-14,9136
00857B,永豐20年美公債,5,0,5,群益金鼎-西松,2023-11-14,9136
1721,三晃,5,0,5,群益金鼎-西松,2023-11-14,9136
1783,和康生,5,0,5,群益金鼎-西松,2023-11-14,9136
3376,新日興,206,2,204,群益金鼎-西松,2023-11-15,9136
6603,富強鑫,167,1,166,群益金鼎-西松,2023-11-15,9136
4979,華星光,137,1,136,群益金鼎-西松,2023-11-15,9136
3006,晶豪科,116,7,109,群益金鼎-西松,2023-11-15,9136
2363,矽統,205,101,104,群益金鼎-西松,2023-11-15,9136
00679B,元大美債20年,103,1,102,群益金鼎-西松,2023-11-15,9136
00929,復華台灣科技優息,82,0,82,群益金鼎-西松,2023-11-15,9136
6188,廣明,46,6,40,群益金鼎-西松,2023-11-15,9136
8091,翔名,39,0,39,群益金鼎-西松,2023-11-15,9136
6679,鈺太,34,0,34,群益金鼎-西松,2023-11-15,9136
2369,菱生,51,20,31,群益金鼎-西松,2023-11-15,9136
2838,聯邦銀,30,1,29,群益金鼎-西松,2023-11-15,9136
1519,華城,33,7,26,群益金鼎-西松,2023-11-15,9136
1540,喬福,25,0,25,群益金鼎-西松,2023-11-15,9136
00878,國泰永續高股息,31,9,22,群益金鼎-西松,2023-11-15,9136
6284,佳邦,23,1,22,群益金鼎-西松,2023-11-15,9136
00751B,元大AAA至A公司債,21,0,21,群益金鼎-西松,2023-11-15,9136
2371,大同,21,0,21,群益金鼎-西松,2023-11-15,9136
00935,野村臺灣新科技50,24,5,19,群益金鼎-西松,2023-11-15,9136
1301,台塑,31,13,18,群益金鼎-西松,2023-11-15,9136
4572,駐龍,18,0,18,群益金鼎-西松,2023-11-15,9136
4113,聯上,15,0,15,群益金鼎-西松,2023-11-15,9136
00632R,元大台灣50反1,13,0,13,群益金鼎-西松,2023-11-15,9136
2543,皇昌,15,2,13,群益金鼎-西松,2023-11-15,9136
6150,撼訊,18,5,13,群益金鼎-西松,2023-11-15,9136
6770,力積電,22,9,13,群益金鼎-西松,2023-11-15,9136
2355,敬鵬,20,7,13,群益金鼎-西松,2023-11-15,9136
3715,定穎投控,20,8,12,群益金鼎-西松,2023-11-15,9136
6143,振曜,13,1,12,群益金鼎-西松,2023-11-15,9136
3045,台灣大,11,0,11,群益金鼎-西松,2023-11-15,9136
3306,鼎天,11,0,11,群益金鼎-西松,2023-11-15,9136
6664,群翊,12,1,11,群益金鼎-西松,2023-11-15,9136
2353,宏��,14,4,10,群益金鼎-西松,2023-11-15,9136
3260,威剛,15,5,10,群益金鼎-西松,2023-11-15,9136
3276,宇環,11,1,10,群益金鼎-西松,2023-11-15,9136
6197,佳必琪,10,0,10,群益金鼎-西松,2023-11-15,9136
6237,驊訊,12,2,10,群益金鼎-西松,2023-11-15,9136
6799,來頡,10,0,10,群益金鼎-西松,2023-11-15,9136
00857B,永豐20年美公債,9,0,9,群益金鼎-西松,2023-11-15,9136
8110,華東,11,2,9,群益金鼎-西松,2023-11-15,9136
3308,聯德,8,0,8,群益金鼎-西松,2023-11-15,9136
2486,一詮,12,4,8,群益金鼎-西松,2023-11-15,9136
00706L,期元大S＆P日圓正2,7,0,7,群益金鼎-西松,2023-11-15,9136
3122,笙泉,49,42,7,群益金鼎-西松,2023-11-15,9136
4743,合一,7,0,7,群益金鼎-西松,2023-11-15,9136
1815,富喬,44,38,6,群益金鼎-西松,2023-11-15,9136
3032,偉訓,6,0,6,群益金鼎-西松,2023-11-15,9136
4939,亞電,6,0,6,群益金鼎-西松,2023-11-15,9136
8996,高力,14,8,6,群益金鼎-西松,2023-11-15,9136
2890,永豐金,11,5,6,群益金鼎-西松,2023-11-15,9136
00687B,國泰20年美債,102,0,102,群益金鼎-西松,2023-11-16,9136
4770,上品,89,0,89,群益金鼎-西松,2023-11-16,9136
00929,復華台灣科技優息,71,0,71,群益金鼎-西松,2023-11-16,9136
2303,聯電,74,6,68,群益金鼎-西松,2023-11-16,9136
2363,矽統,54,20,34,群益金鼎-西松,2023-11-16,9136
2344,華邦電,39,5,34,群益金鼎-西松,2023-11-16,9136
3231,緯創,101,70,31,群益金鼎-西松,2023-11-16,9136
1326,台化,30,0,30,群益金鼎-西松,2023-11-16,9136
2607,榮運,24,0,24,群益金鼎-西松,2023-11-16,9136
3006,晶豪科,28,4,24,群益金鼎-西松,2023-11-16,9136
2352,佳世達,22,0,22,群益金鼎-西松,2023-11-16,9136
3122,笙泉,38,16,22,群益金鼎-西松,2023-11-16,9136
3694,海華,22,0,22,群益金鼎-西松,2023-11-16,9136
3308,聯德,21,0,21,群益金鼎-西松,2023-11-16,9136
00878,國泰永續高股息,20,0,20,群益金鼎-西松,2023-11-16,9136
00637L,元大滬深300正2,20,0,20,群益金鼎-西松,2023-11-16,9136
6125,廣運,24,5,19,群益金鼎-西松,2023-11-16,9136
00720B,元大投資級公司債,18,0,18,群益金鼎-西松,2023-11-16,9136
3701,大眾控,18,0,18,群益金鼎-西松,2023-11-16,9136
3715,定穎投控,28,11,17,群益金鼎-西松,2023-11-16,9136
2488,漢平,18,2,16,群益金鼎-西松,2023-11-16,9136
0056,元大高股息,15,0,15,群益金鼎-西松,2023-11-16,9136
2367,燿華,23,8,15,群益金鼎-西松,2023-11-16,9136
2705,六福,15,0,15,群益金鼎-西松,2023-11-16,9136
6456,GIS-KY,16,1,15,群益金鼎-西松,2023-11-16,9136
6799,來頡,14,0,14,群益金鼎-西松,2023-11-16,9136
1809,中釉,13,0,13,群益金鼎-西松,2023-11-16,9136
8112,至上,14,1,13,群益金鼎-西松,2023-11-16,9136
8016,矽創,12,0,12,群益金鼎-西松,2023-11-16,9136
2377,微星,12,0,12,群益金鼎-西松,2023-11-16,9136
2465,麗臺,12,0,12,群益金鼎-西松,2023-11-16,9136
3078,僑威,16,5,11,群益金鼎-西松,2023-11-16,9136
6150,撼訊,12,1,11,群益金鼎-西松,2023-11-16,9136
6213,聯茂,10,0,10,群益金鼎-西松,2023-11-16,9136
8111,立��,10,0,10,群益金鼎-西松,2023-11-16,9136
1519,華城,13,3,10,群益金鼎-西松,2023-11-16,9136
3017,奇鋐,14,5,9,群益金鼎-西松,2023-11-16,9136
3362,先進光,13,4,9,群益金鼎-西松,2023-11-16,9136
3094,聯傑,10,1,9,群益金鼎-西松,2023-11-16,9136
00891,中信關鍵半導體,10,2,8,群益金鼎-西松,2023-11-16,9136
2356,英業達,43,35,8,群益金鼎-西松,2023-11-16,9136
2402,毅嘉,30,22,8,群益金鼎-西松,2023-11-16,9136
2883B,凱基金乙特,8,0,8,群益金鼎-西松,2023-11-16,9136
6138,茂達,8,0,8,群益金鼎-西松,2023-11-16,9136
6188,廣明,9,1,8,群益金鼎-西松,2023-11-16,9136
00679B,元大美債20年,7,0,7,群益金鼎-西松,2023-11-16,9136
1514,亞力,7,0,7,群益金鼎-西松,2023-11-16,9136
3481,群創,10,4,6,群益金鼎-西松,2023-11-16,9136
2313,華通,8,2,6,群益金鼎-西松,2023-11-16,9136
2421,建準,6,0,6,群益金鼎-西松,2023-11-16,9136
2303,聯電,939,162,777,群益金鼎-西松,2023-11-17,9136
8996,高力,221,39,182,群益金鼎-西松,2023-11-17,9136
3308,聯德,111,10,101,群益金鼎-西松,2023-11-17,9136
00715L,期街口布蘭特正2,89,0,89,群益金鼎-西松,2023-11-17,9136
2618,長榮航,120,69,51,群益金鼎-西松,2023-11-17,9136
00637L,元大滬深300正2,47,0,47,群益金鼎-西松,2023-11-17,9136
1326,台化,42,0,42,群益金鼎-西松,2023-11-17,9136
3035,智原,64,30,34,群益金鼎-西松,2023-11-17,9136
00687B,國泰20年美債,30,0,30,群益金鼎-西松,2023-11-17,9136
5864,致和證,30,0,30,群益金鼎-西松,2023-11-17,9136
2367,燿華,25,1,24,群益金鼎-西松,2023-11-17,9136
2353,宏��,33,10,23,群益金鼎-西松,2023-11-17,9136
3701,大眾控,22,0,22,群益金鼎-西松,2023-11-17,9136
3588,通嘉,20,0,20,群益金鼎-西松,2023-11-17,9136
2897,王道銀行,20,0,20,群益金鼎-西松,2023-11-17,9136
00712,復華富時不動產,19,1,18,群益金鼎-西松,2023-11-17,9136
3207,耀勝,18,0,18,群益金鼎-西松,2023-11-17,9136
3450,聯鈞,17,0,17,群益金鼎-西松,2023-11-17,9136
6276,安鈦克,24,8,16,群益金鼎-西松,2023-11-17,9136
6585,鼎基,16,0,16,群益金鼎-西松,2023-11-17,9136
00642U,期元大S＆P石油,15,0,15,群益金鼎-西松,2023-11-17,9136
5381,合正,15,0,15,群益金鼎-西松,2023-11-17,9136
2371,大同,13,0,13,群益金鼎-西松,2023-11-17,9136
6414,樺漢,13,2,11,群益金鼎-西松,2023-11-17,9136
2498,宏達電,12,2,10,群益金鼎-西松,2023-11-17,9136
6209,今國光,10,0,10,群益金鼎-西松,2023-11-17,9136
1560,中砂,33,24,9,群益金鼎-西松,2023-11-17,9136
2106,建大,10,1,9,群益金鼎-西松,2023-11-17,9136
00753L,中信中國50正2,58,50,8,群益金鼎-西松,2023-11-17,9136
8176,智捷,8,0,8,群益金鼎-西松,2023-11-17,9136
1503,士電,7,0,7,群益金鼎-西松,2023-11-17,9136
2401,凌陽,10,3,7,群益金鼎-西松,2023-11-17,9136
3232,昱捷,7,0,7,群益金鼎-西松,2023-11-17,9136
5534,長虹,7,0,7,群益金鼎-西松,2023-11-17,9136
1815,富喬,9,3,6,群益金鼎-西松,2023-11-17,9136
2376,技嘉,6,0,6,群益金鼎-西松,2023-11-17,9136
2405,輔信,7,1,6,群益金鼎-西松,2023-11-17,9136
2731,雄獅,17,11,6,群益金鼎-西松,2023-11-17,9136
2883,凱基金,14,8,6,群益金鼎-西松,2023-11-17,9136
3041,揚智,21,15,6,群益金鼎-西松,2023-11-17,9136
3228,金麗科,7,1,6,群益金鼎-西松,2023-11-17,9136
3234,光環,6,0,6,群益金鼎-西松,2023-11-17,9136
6150,撼訊,6,0,6,群益金鼎-西松,2023-11-17,9136
8467,波力-KY,6,0,6,群益金鼎-西松,2023-11-17,9136
4763,材料-KY,7,1,6,群益金鼎-西松,2023-11-17,9136
2330,台積電,15,10,5,群益金鼎-西松,2023-11-17,9136
00936,台新永續高息中小,5,0,5,群益金鼎-西松,2023-11-17,9136
00719B,元大美債1-3,5,0,5,群益金鼎-西松,2023-11-17,9136
1321,大洋,5,0,5,群益金鼎-西松,2023-11-17,9136
2014,中鴻,5,0,5,群益金鼎-西松,2023-11-17,9136
2363,矽統,142,22,120,群益金鼎-西松,2023-11-20,9136
2618,長榮航,132,67,65,群益金鼎-西松,2023-11-20,9136
00885,富邦越南,62,4,58,群益金鼎-西松,2023-11-20,9136
1109,信大,50,0,50,群益金鼎-西松,2023-11-20,9136
2258,鴻華先進-創,50,0,50,群益金鼎-西松,2023-11-20,9136
00637L,元大滬深300正2,42,12,30,群益金鼎-西松,2023-11-20,9136
2543,皇昌,34,10,24,群益金鼎-西松,2023-11-20,9136
5351,鈺創,27,3,24,群益金鼎-西松,2023-11-20,9136
4113,聯上,23,0,23,群益金鼎-西松,2023-11-20,9136
6237,驊訊,24,3,21,群益金鼎-西松,2023-11-20,9136
3231,緯創,32,12,20,群益金鼎-西松,2023-11-20,9136
9945,潤泰新,20,0,20,群益金鼎-西松,2023-11-20,9136
3454,晶睿,20,1,19,群益金鼎-西松,2023-11-20,9136
2303,聯電,39,20,19,群益金鼎-西松,2023-11-20,9136
4174,浩鼎,15,0,15,群益金鼎-西松,2023-11-20,9136
6138,茂達,22,7,15,群益金鼎-西松,2023-11-20,9136
4746,台耀,19,5,14,群益金鼎-西松,2023-11-20,9136
1795,美時,12,0,12,群益金鼎-西松,2023-11-20,9136
2436,偉詮電,27,15,12,群益金鼎-西松,2023-11-20,9136
6143,振曜,27,15,12,群益金鼎-西松,2023-11-20,9136
00753L,中信中國50正2,61,50,11,群益金鼎-西松,2023-11-20,9136
00751B,元大AAA至A公司債,11,0,11,群益金鼎-西松,2023-11-20,9136
8936,國統,25,14,11,群益金鼎-西松,2023-11-20,9136
00936,台新永續高息中小,10,0,10,群益金鼎-西松,2023-11-20,9136
2317,鴻海,12,2,10,群益金鼎-西松,2023-11-20,9136
2357,華碩,10,0,10,群益金鼎-西松,2023-11-20,9136
5531,鄉林,10,0,10,群益金鼎-西松,2023-11-20,9136
6127,九豪,24,14,10,群益金鼎-西松,2023-11-20,9136
6177,達麗,10,0,10,群益金鼎-西松,2023-11-20,9136
6231,系微,13,3,10,群益金鼎-西松,2023-11-20,9136
6477,安集,10,0,10,群益金鼎-西松,2023-11-20,9136
00933B,國泰10Y+金融債,9,0,9,群益金鼎-西松,2023-11-20,9136
2344,華邦電,16,7,9,群益金鼎-西松,2023-11-20,9136
3588,通嘉,11,2,9,群益金鼎-西松,2023-11-20,9136
00679B,元大美債20年,8,0,8,群益金鼎-西松,2023-11-20,9136
4744,皇將,8,0,8,群益金鼎-西松,2023-11-20,9136
6415,矽力*-KY,10,2,8,群益金鼎-西松,2023-11-20,9136
5009,榮剛,8,0,8,群益金鼎-西松,2023-11-20,9136
4961,天鈺,9,1,8,群益金鼎-西松,2023-11-20,9136
2401,凌陽,12,5,7,群益金鼎-西松,2023-11-20,9136
3013,晟銘電,9,2,7,群益金鼎-西松,2023-11-20,9136
3122,笙泉,32,25,7,群益金鼎-西松,2023-11-20,9136
6672,騰輝電子-KY,8,1,7,群益金鼎-西松,2023-11-20,9136
00931B,統一美債20年,6,0,6,群益金鼎-西松,2023-11-20,9136
2332,友訊,6,0,6,群益金鼎-西松,2023-11-20,9136
2382,廣達,14,8,6,群益金鼎-西松,2023-11-20,9136
2409,友達,8,2,6,群益金鼎-西松,2023-11-20,9136
3260,威剛,9,3,6,群益金鼎-西松,2023-11-20,9136
6418,詠昇,6,0,6,群益金鼎-西松,2023-11-20,9136
8034,榮群,33,27,6,群益金鼎-西松,2023-11-20,9136
00637L,元大滬深300正2,499,51,448,群益金鼎-西松,2023-11-21,9136
3231,緯創,497,64,433,群益金鼎-西松,2023-11-21,9136
3483,力致,268,17,251,群益金鼎-西松,2023-11-21,9136
2618,長榮航,93,33,60,群益金鼎-西松,2023-11-21,9136
4906,正文,52,2,50,群益金鼎-西松,2023-11-21,9136
4129,聯合,41,1,40,群益金鼎-西松,2023-11-21,9136
2882,國泰金,42,2,40,群益金鼎-西松,2023-11-21,9136
2317,鴻海,60,26,34,群益金鼎-西松,2023-11-21,9136
00929,復華台灣科技優息,44,11,33,群益金鼎-西松,2023-11-21,9136
00665L,富邦�琤肭磪囓�2,32,0,32,群益金鼎-西松,2023-11-21,9136
6237,驊訊,36,5,31,群益金鼎-西松,2023-11-21,9136
2889,國票金,30,0,30,群益金鼎-西松,2023-11-21,9136
00632R,元大台灣50反1,28,0,28,群益金鼎-西松,2023-11-21,9136
3032,偉訓,28,1,27,群益金鼎-西松,2023-11-21,9136
1815,富喬,25,1,24,群益金鼎-西松,2023-11-21,9136
3163,波若威,29,6,23,群益金鼎-西松,2023-11-21,9136
3701,大眾控,33,10,23,群益金鼎-西松,2023-11-21,9136
3036,文曄,26,5,21,群益金鼎-西松,2023-11-21,9136
2417,圓剛,27,7,20,群益金鼎-西松,2023-11-21,9136
6270,倍微,20,0,20,群益金鼎-西松,2023-11-21,9136
3576,聯合再生,20,0,20,群益金鼎-西松,2023-11-21,9136
4113,聯上,20,1,19,群益金鼎-西松,2023-11-21,9136
2329,華泰,28,10,18,群益金鼎-西松,2023-11-21,9136
6770,力積電,24,6,18,群益金鼎-西松,2023-11-21,9136
8054,安國,21,3,18,群益金鼎-西松,2023-11-21,9136
6127,九豪,16,0,16,群益金鼎-西松,2023-11-21,9136
00650L,復華香港正2,15,0,15,群益金鼎-西松,2023-11-21,9136
2316,楠梓電,15,0,15,群益金鼎-西松,2023-11-21,9136
4934,太極,15,0,15,群益金鼎-西松,2023-11-21,9136
2382,廣達,26,11,15,群益金鼎-西松,2023-11-21,9136
3504,揚明光,14,0,14,群益金鼎-西松,2023-11-21,9136
2355,敬鵬,42,28,14,群益金鼎-西松,2023-11-21,9136
00934,中信成長高股息,12,0,12,群益金鼎-西松,2023-11-21,9136
00935,野村臺灣新科技50,11,0,11,群益金鼎-西松,2023-11-21,9136
00679B,元大美債20年,11,0,11,群益金鼎-西松,2023-11-21,9136
3078,僑威,17,6,11,群益金鼎-西松,2023-11-21,9136
4542,科嶠,12,1,11,群益金鼎-西松,2023-11-21,9136
2330,台積電,21,11,10,群益金鼎-西松,2023-11-21,9136
3715,定穎投控,22,12,10,群益金鼎-西松,2023-11-21,9136
00919,群益台灣精選高息,10,0,10,群益金鼎-西松,2023-11-21,9136
1339,昭輝,15,5,10,群益金鼎-西松,2023-11-21,9136
1785,光洋科,10,0,10,群益金鼎-西松,2023-11-21,9136
3234,光環,11,1,10,群益金鼎-西松,2023-11-21,9136
3287,廣寰科,10,0,10,群益金鼎-西松,2023-11-21,9136
9945,潤泰新,10,0,10,群益金鼎-西松,2023-11-21,9136
5009,榮剛,10,1,9,群益金鼎-西松,2023-11-21,9136
2331,精英,10,1,9,群益金鼎-西松,2023-11-21,9136
2402,毅嘉,10,1,9,群益金鼎-西松,2023-11-21,9136
2506,太設,9,0,9,群益金鼎-西松,2023-11-21,9136
5292,華懋,9,0,9,群益金鼎-西松,2023-11-21,9136
3060,銘異,113,0,113,群益金鼎-西松,2023-11-22,9136
2363,矽統,280,211,69,群益金鼎-西松,2023-11-22,9136
00753L,中信中國50正2,50,0,50,群益金鼎-西松,2023-11-22,9136
00665L,富邦�琤肭磪囓�2,50,0,50,群益金鼎-西松,2023-11-22,9136
3231,緯創,100,54,46,群益金鼎-西松,2023-11-22,9136
00637L,元大滬深300正2,40,0,40,群益金鼎-西松,2023-11-22,9136
2356,英業達,110,71,39,群益金鼎-西松,2023-11-22,9136
6125,廣運,41,11,30,群益金鼎-西松,2023-11-22,9136
00919,群益台灣精選高息,29,1,28,群益金鼎-西松,2023-11-22,9136
2405,輔信,30,5,25,群益金鼎-西松,2023-11-22,9136
4543,萬在,38,14,24,群益金鼎-西松,2023-11-22,9136
2382,廣達,39,15,24,群益金鼎-西松,2023-11-22,9136
0056,元大高股息,23,0,23,群益金鼎-西松,2023-11-22,9136
2301,光寶科,21,0,21,群益金鼎-西松,2023-11-22,9136
00878,國泰永續高股息,20,0,20,群益金鼎-西松,2023-11-22,9136
00877,復華中國5G,20,0,20,群益金鼎-西松,2023-11-22,9136
3706,神達,20,1,19,群益金鼎-西松,2023-11-22,9136
2353,宏��,39,20,19,群益金鼎-西松,2023-11-22,9136
3481,群創,22,4,18,群益金鼎-西松,2023-11-22,9136
3265,台星科,16,0,16,群益金鼎-西松,2023-11-22,9136
8227,巨有科技,20,4,16,群益金鼎-西松,2023-11-22,9136
2313,華通,47,32,15,群益金鼎-西松,2023-11-22,9136
6104,創惟,19,5,14,群益金鼎-西松,2023-11-22,9136
6533,晶心科,14,2,12,群益金鼎-西松,2023-11-22,9136
3518,柏騰,11,0,11,群益金鼎-西松,2023-11-22,9136
00679B,元大美債20年,10,0,10,群益金鼎-西松,2023-11-22,9136
6901,鑽石投資,10,0,10,群益金鼎-西松,2023-11-22,9136
8255,朋程,9,0,9,群益金鼎-西松,2023-11-22,9136
00687B,國泰20年美債,8,0,8,群益金鼎-西松,2023-11-22,9136
6664,群翊,10,2,8,群益金鼎-西松,2023-11-22,9136
2603,長榮,8,1,7,群益金鼎-西松,2023-11-22,9136
6770,力積電,8,1,7,群益金鼎-西松,2023-11-22,9136
8086,宏捷科,7,0,7,群益金鼎-西松,2023-11-22,9136
2376,技嘉,10,4,6,群益金鼎-西松,2023-11-22,9136
00934,中信成長高股息,6,0,6,群益金鼎-西松,2023-11-22,9136
2201,裕隆,6,0,6,群益金鼎-西松,2023-11-22,9136
2485,兆赫,13,7,6,群益金鼎-西松,2023-11-22,9136
2610,華航,17,11,6,群益金鼎-西松,2023-11-22,9136
3438,類比科,6,0,6,群益金鼎-西松,2023-11-22,9136
4737,華廣,6,0,6,群益金鼎-西松,2023-11-22,9136
8034,榮群,6,0,6,群益金鼎-西松,2023-11-22,9136
2317,鴻海,10,4,6,群益金鼎-西松,2023-11-22,9136
1339,昭輝,5,0,5,群益金鼎-西松,2023-11-22,9136
1521,大億,5,0,5,群益金鼎-西松,2023-11-22,9136
2515,中工,20,15,5,群益金鼎-西松,2023-11-22,9136
2851,中再保,5,0,5,群益金鼎-西松,2023-11-22,9136
3289,宜特,5,0,5,群益金鼎-西松,2023-11-22,9136
3325,旭品,8,3,5,群益金鼎-西松,2023-11-22,9136
5227,立凱-KY,5,0,5,群益金鼎-西松,2023-11-22,9136
5292,華懋,5,0,5,群益金鼎-西松,2023-11-22,9136
8261,富鼎,84,1,83,群益金鼎-西松,2023-11-23,9136
8040,九暘,79,1,78,群益金鼎-西松,2023-11-23,9136
4968,立積,41,1,40,群益金鼎-西松,2023-11-23,9136
1504,東元,38,1,37,群益金鼎-西松,2023-11-23,9136
00637L,元大滬深300正2,35,0,35,群益金鼎-西松,2023-11-23,9136
3006,晶豪科,44,10,34,群益金鼎-西松,2023-11-23,9136
3060,銘異,30,0,30,群益金鼎-西松,2023-11-23,9136
5009,榮剛,29,1,28,群益金鼎-西松,2023-11-23,9136
1582,信錦,27,4,23,群益金鼎-西松,2023-11-23,9136
3059,華晶科,32,9,23,群益金鼎-西松,2023-11-23,9136
2356,英業達,28,6,22,群益金鼎-西松,2023-11-23,9136
4542,科嶠,22,0,22,群益金鼎-西松,2023-11-23,9136
6237,驊訊,60,39,21,群益金鼎-西松,2023-11-23,9136
3374,精材,24,4,20,群益金鼎-西松,2023-11-23,9136
2402,毅嘉,20,0,20,群益金鼎-西松,2023-11-23,9136
3576,聯合再生,20,0,20,群益金鼎-西松,2023-11-23,9136
00919,群益台灣精選高息,19,0,19,群益金鼎-西松,2023-11-23,9136
2317,鴻海,18,1,17,群益金鼎-西松,2023-11-23,9136
2457,飛宏,20,3,17,群益金鼎-西松,2023-11-23,9136
3105,穩懋,23,6,17,群益金鼎-西松,2023-11-23,9136
3545,敦泰,24,7,17,群益金鼎-西松,2023-11-23,9136
3231,緯創,27,11,16,群益金鼎-西松,2023-11-23,9136
0056,元大高股息,16,1,15,群益金鼎-西松,2023-11-23,9136
3078,僑威,47,32,15,群益金鼎-西松,2023-11-23,9136
3706,神達,16,2,14,群益金鼎-西松,2023-11-23,9136
1314,中石化,13,0,13,群益金鼎-西松,2023-11-23,9136
1524,耿鼎,16,3,13,群益金鼎-西松,2023-11-23,9136
2618,長榮航,66,53,13,群益金鼎-西松,2023-11-23,9136
8054,安國,62,49,13,群益金鼎-西松,2023-11-23,9136
00933B,國泰10Y+金融債,12,0,12,群益金鼎-西松,2023-11-23,9136
4543,萬在,16,4,12,群益金鼎-西松,2023-11-23,9136
00877,復華中國5G,21,10,11,群益金鼎-西松,2023-11-23,9136
2401,凌陽,19,8,11,群益金鼎-西松,2023-11-23,9136
5515,建國,31,20,11,群益金鼎-西松,2023-11-23,9136
3062,建漢,10,0,10,群益金鼎-西松,2023-11-23,9136
3169,亞信,20,10,10,群益金鼎-西松,2023-11-23,9136
5471,松翰,13,3,10,群益金鼎-西松,2023-11-23,9136
6026,福邦證,10,0,10,群益金鼎-西松,2023-11-23,9136
6133,金橋,10,0,10,群益金鼎-西松,2023-11-23,9136
6417,韋僑,11,1,10,群益金鼎-西松,2023-11-23,9136
8183,精星,9,0,9,群益金鼎-西松,2023-11-23,9136
00935,野村臺灣新科技50,9,0,9,群益金鼎-西松,2023-11-23,9136
2476,鉅祥,10,1,9,群益金鼎-西松,2023-11-23,9136
4113,聯上,21,12,9,群益金鼎-西松,2023-11-23,9136
5236,凌陽創新,10,1,9,群益金鼎-西松,2023-11-23,9136
6187,萬潤,11,2,9,群益金鼎-西松,2023-11-23,9136
6288,聯嘉,10,1,9,群益金鼎-西松,2023-11-23,9136
1101,台泥,8,0,8,群益金鼎-西松,2023-11-23,9136
5607,遠雄港,10,2,8,群益金鼎-西松,2023-11-23,9136
3588,通嘉,10,2,8,群益金鼎-西松,2023-11-23,9136
00637L,元大滬深300正2,500,27,473,群益金鼎-西松,2023-11-24,9136
2368,金像電,170,1,169,群益金鼎-西松,2023-11-24,9136
3224,三顧,128,0,128,群益金鼎-西松,2023-11-24,9136
6274,台燿,113,11,102,群益金鼎-西松,2023-11-24,9136
2618,長榮航,74,3,71,群益金鼎-西松,2023-11-24,9136
3666,光耀,50,0,50,群益金鼎-西松,2023-11-24,9136
2382,廣達,52,9,43,群益金鼎-西松,2023-11-24,9136
2359,所羅門,30,0,30,群益金鼎-西松,2023-11-24,9136
3703,欣陸,30,0,30,群益金鼎-西松,2023-11-24,9136
6222,上揚,30,0,30,群益金鼎-西松,2023-11-24,9136
3105,穩懋,33,6,27,群益金鼎-西松,2023-11-24,9136
6245,立端,50,23,27,群益金鼎-西松,2023-11-24,9136
2455,全新,34,11,23,群益金鼎-西松,2023-11-24,9136
2313,華通,41,19,22,群益金鼎-西松,2023-11-24,9136
3437,榮創,35,14,21,群益金鼎-西松,2023-11-24,9136
00720B,元大投資級公司債,21,0,21,群益金鼎-西松,2023-11-24,9136
00877,復華中國5G,20,0,20,群益金鼎-西松,2023-11-24,9136
2515,中工,20,0,20,群益金鼎-西松,2023-11-24,9136
3060,銘異,19,2,17,群益金鼎-西松,2023-11-24,9136
6290,良維,15,0,15,群益金鼎-西松,2023-11-24,9136
3006,晶豪科,21,7,14,群益金鼎-西松,2023-11-24,9136
3032,偉訓,34,21,13,群益金鼎-西松,2023-11-24,9136
4113,聯上,20,8,12,群益金鼎-西松,2023-11-24,9136
6829,千附精密,12,0,12,群益金鼎-西松,2023-11-24,9136
8446,華研,11,0,11,群益金鼎-西松,2023-11-24,9136
3558,神準,10,0,10,群益金鼎-西松,2023-11-24,9136
00679B,元大美債20年,20,10,10,群益金鼎-西松,2023-11-24,9136
5388,中磊,10,0,10,群益金鼎-西松,2023-11-24,9136
6526,達發,10,0,10,群益金鼎-西松,2023-11-24,9136
6863,永道-KY,10,0,10,群益金鼎-西松,2023-11-24,9136
8086,宏捷科,10,0,10,群益金鼎-西松,2023-11-24,9136
3518,柏騰,9,0,9,群益金鼎-西松,2023-11-24,9136
8261,富鼎,9,0,9,群益金鼎-西松,2023-11-24,9136
00885,富邦越南,8,0,8,群益金鼎-西松,2023-11-24,9136
00715L,期街口布蘭特正2,14,6,8,群益金鼎-西松,2023-11-24,9136
2356,英業達,49,41,8,群益金鼎-西松,2023-11-24,9136
00680L,元大美債20正2,10,3,7,群益金鼎-西松,2023-11-24,9136
3706,神達,10,3,7,群益金鼎-西松,2023-11-24,9136
2731,雄獅,7,0,7,群益金鼎-西松,2023-11-24,9136
2888,新光金,12,5,7,群益金鼎-西松,2023-11-24,9136
6271,同欣電,7,0,7,群益金鼎-西松,2023-11-24,9136
1338,廣華-KY,6,0,6,群益金鼎-西松,2023-11-24,9136
1584,精剛,7,1,6,群益金鼎-西松,2023-11-24,9136
2417,圓剛,13,7,6,群益金鼎-西松,2023-11-24,9136
3037,欣興,6,0,6,群益金鼎-西松,2023-11-24,9136
3669,圓展,6,0,6,群益金鼎-西松,2023-11-24,9136
5225,東科-KY,6,0,6,群益金鼎-西松,2023-11-24,9136
8069,元太,6,0,6,群益金鼎-西松,2023-11-24,9136
8255,朋程,6,0,6,群益金鼎-西松,2023-11-24,9136
9943,好樂迪,6,0,6,群益金鼎-西松,2023-11-24,9136
00637L,元大滬深300正2,536,0,536,群益金鼎-西松,2023-11-27,9136
2883,凱基金,302,27,275,群益金鼎-西松,2023-11-27,9136
2353,宏��,231,0,231,群益金鼎-西松,2023-11-27,9136
2408,南亞科,51,1,50,群益金鼎-西松,2023-11-27,9136
6603,富強鑫,50,0,50,群益金鼎-西松,2023-11-27,9136
8940,新天地,30,0,30,群益金鼎-西松,2023-11-27,9136
1815,富喬,38,10,28,群益金鼎-西松,2023-11-27,9136
00934,中信成長高股息,27,0,27,群益金鼎-西松,2023-11-27,9136
2303,聯電,42,20,22,群益金鼎-西松,2023-11-27,9136
1584,精剛,27,5,22,群益金鼎-西松,2023-11-27,9136
00715L,期街口布蘭特正2,34,13,21,群益金鼎-西松,2023-11-27,9136
2515,中工,20,0,20,群益金鼎-西松,2023-11-27,9136
2637,慧洋-KY,20,0,20,群益金鼎-西松,2023-11-27,9136
3231,緯創,104,85,19,群益金鼎-西松,2023-11-27,9136
6282,康舒,23,4,19,群益金鼎-西松,2023-11-27,9136
2382,廣達,36,17,19,群益金鼎-西松,2023-11-27,9136
6235,華孚,38,20,18,群益金鼎-西松,2023-11-27,9136
2002,中鋼,21,4,17,群益金鼎-西松,2023-11-27,9136
2436,偉詮電,24,7,17,群益金鼎-西松,2023-11-27,9136
8112,至上,17,1,16,群益金鼎-西松,2023-11-27,9136
6244,茂迪,16,0,16,群益金鼎-西松,2023-11-27,9136
2356,英業達,21,6,15,群益金鼎-西松,2023-11-27,9136
3189,景碩,27,13,14,群益金鼎-西松,2023-11-27,9136
8086,宏捷科,34,22,12,群益金鼎-西松,2023-11-27,9136
00933B,國泰10Y+金融債,12,0,12,群益金鼎-西松,2023-11-27,9136
2461,光群雷,12,0,12,群益金鼎-西松,2023-11-27,9136
0056,元大高股息,11,0,11,群益金鼎-西松,2023-11-27,9136
2641,正德,11,0,11,群益金鼎-西松,2023-11-27,9136
00878,國泰永續高股息,11,1,10,群益金鼎-西松,2023-11-27,9136
00919,群益台灣精選高息,11,1,10,群益金鼎-西松,2023-11-27,9136
00922,國泰台灣領袖50,10,0,10,群益金鼎-西松,2023-11-27,9136
00877,復華中國5G,10,0,10,群益金鼎-西松,2023-11-27,9136
1904,正隆,10,0,10,群益金鼎-西松,2023-11-27,9136
9933,中鼎,10,0,10,群益金鼎-西松,2023-11-27,9136
2610,華航,13,4,9,群益金鼎-西松,2023-11-27,9136
2634,漢翔,11,2,9,群益金鼎-西松,2023-11-27,9136
4916,事欣科,9,0,9,群益金鼎-西松,2023-11-27,9136
8069,元太,9,0,9,群益金鼎-西松,2023-11-27,9136
1504,東元,11,2,9,群益金鼎-西松,2023-11-27,9136
1513,中興電,15,6,9,群益金鼎-西松,2023-11-27,9136
4167,松瑞藥,9,1,8,群益金鼎-西松,2023-11-27,9136
6494,九齊,13,5,8,群益金鼎-西松,2023-11-27,9136
2890,永豐金,8,0,8,群益金鼎-西松,2023-11-27,9136
2615,萬海,7,0,7,群益金鼎-西松,2023-11-27,9136
2201,裕隆,7,0,7,群益金鼎-西松,2023-11-27,9136
3037,欣興,7,0,7,群益金鼎-西松,2023-11-27,9136
3094,聯傑,7,0,7,群益金鼎-西松,2023-11-27,9136
3224,三顧,7,0,7,群益金鼎-西松,2023-11-27,9136
00915,凱基優選高股息30,6,0,6,群益金鼎-西松,2023-11-27,9136
5347,世界,28,22,6,群益金鼎-西松,2023-11-27,9136
00637L,元大滬深300正2,214,0,214,群益金鼎-西松,2023-11-28,9136
00632R,元大台灣50反1,205,0,205,群益金鼎-西松,2023-11-28,9136
9919,康那香,132,25,107,群益金鼎-西松,2023-11-28,9136
2891,中信金,100,10,90,群益金鼎-西松,2023-11-28,9136
00679B,元大美債20年,51,0,51,群益金鼎-西松,2023-11-28,9136
00919,群益台灣精選高息,50,2,48,群益金鼎-西松,2023-11-28,9136
00929,復華台灣科技優息,46,6,40,群益金鼎-西松,2023-11-28,9136
3035,智原,50,19,31,群益金鼎-西松,2023-11-28,9136
3362,先進光,32,5,27,群益金鼎-西松,2023-11-28,9136
2303,聯電,34,14,20,群益金鼎-西松,2023-11-28,9136
2606,裕民,31,11,20,群益金鼎-西松,2023-11-28,9136
3060,銘異,20,0,20,群益金鼎-西松,2023-11-28,9136
2371,大同,17,0,17,群益金鼎-西松,2023-11-28,9136
6603,富強鑫,16,0,16,群益金鼎-西松,2023-11-28,9136
4968,立積,23,8,15,群益金鼎-西松,2023-11-28,9136
2641,正德,18,4,14,群益金鼎-西松,2023-11-28,9136
2317,鴻海,16,3,13,群益金鼎-西松,2023-11-28,9136
1101,台泥,21,8,13,群益金鼎-西松,2023-11-28,9136
5292,華懋,13,1,12,群益金鼎-西松,2023-11-28,9136
5347,世界,11,0,11,群益金鼎-西松,2023-11-28,9136
6197,佳必琪,31,20,11,群益金鼎-西松,2023-11-28,9136
00885,富邦越南,11,0,11,群益金鼎-西松,2023-11-28,9136
00877,復華中國5G,10,0,10,群益金鼎-西松,2023-11-28,9136
4306,炎洲,10,0,10,群益金鼎-西松,2023-11-28,9136
5009,榮剛,10,0,10,群益金鼎-西松,2023-11-28,9136
6462,神盾,13,3,10,群益金鼎-西松,2023-11-28,9136
8049,晶采,10,0,10,群益金鼎-西松,2023-11-28,9136
4979,華星光,11,2,9,群益金鼎-西松,2023-11-28,9136
2605,新興,13,4,9,群益金鼎-西松,2023-11-28,9136
1513,中興電,33,25,8,群益金鼎-西松,2023-11-28,9136
4973,廣穎,8,0,8,群益金鼎-西松,2023-11-28,9136
5481,新華,8,0,8,群益金鼎-西松,2023-11-28,9136
6129,普誠,8,0,8,群益金鼎-西松,2023-11-28,9136
8021,尖點,8,0,8,群益金鼎-西松,2023-11-28,9136
2630,亞航,13,6,7,群益金鼎-西松,2023-11-28,9136
6111,大宇資,7,0,7,群益金鼎-西松,2023-11-28,9136
6282,康舒,7,0,7,群益金鼎-西松,2023-11-28,9136
6139,亞翔,30,23,7,群益金鼎-西松,2023-11-28,9136
1582,信錦,8,1,7,群益金鼎-西松,2023-11-28,9136
2356,英業達,11,5,6,群益金鼎-西松,2023-11-28,9136
3704,合勤控,10,4,6,群益金鼎-西松,2023-11-28,9136
4157,太景*-KY,9,3,6,群益金鼎-西松,2023-11-28,9136
6122,擎邦,7,1,6,群益金鼎-西松,2023-11-28,9136
5269,祥碩,9,3,6,群益金鼎-西松,2023-11-28,9136
8936,國統,18,12,6,群益金鼎-西松,2023-11-28,9136
00687B,國泰20年美債,5,0,5,群益金鼎-西松,2023-11-28,9136
3537,堡達,5,0,5,群益金鼎-西松,2023-11-28,9136
4414,如興,5,0,5,群益金鼎-西松,2023-11-28,9136
5243,乙盛-KY,5,0,5,群益金鼎-西松,2023-11-28,9136
5351,鈺創,25,20,5,群益金鼎-西松,2023-11-28,9136
2492,華新科,79,3,76,群益金鼎-西松,2023-11-29,9136
00637L,元大滬深300正2,122,50,72,群益金鼎-西松,2023-11-29,9136
6129,普誠,57,0,57,群益金鼎-西松,2023-11-29,9136
2515,中工,43,0,43,群益金鼎-西松,2023-11-29,9136
9103,美德醫療-DR,37,0,37,群益金鼎-西松,2023-11-29,9136
3362,先進光,29,0,29,群益金鼎-西松,2023-11-29,9136
2618,長榮航,27,3,24,群益金鼎-西松,2023-11-29,9136
9927,泰銘,28,4,24,群益金鼎-西松,2023-11-29,9136
00885,富邦越南,20,0,20,群益金鼎-西松,2023-11-29,9136
00679B,元大美債20年,20,0,20,群益金鼎-西松,2023-11-29,9136
1710,東聯,22,2,20,群益金鼎-西松,2023-11-29,9136
6147,頎邦,20,0,20,群益金鼎-西松,2023-11-29,9136
3207,耀勝,30,10,20,群益金鼎-西松,2023-11-29,9136
3231,緯創,28,9,19,群益金鼎-西松,2023-11-29,9136
6894,衛司特,16,0,16,群益金鼎-西松,2023-11-29,9136
4938,和碩,15,0,15,群益金鼎-西松,2023-11-29,9136
2609,陽明,13,0,13,群益金鼎-西松,2023-11-29,9136
1101,台泥,12,0,12,群益金鼎-西松,2023-11-29,9136
1319,東陽,11,0,11,群益金鼎-西松,2023-11-29,9136
3481,群創,12,1,11,群益金鼎-西松,2023-11-29,9136
3587,閎康,13,2,11,群益金鼎-西松,2023-11-29,9136
6488,環球晶,11,0,11,群益金鼎-西松,2023-11-29,9136
00919,群益台灣精選高息,10,0,10,群益金鼎-西松,2023-11-29,9136
0055,元大MSCI金融,10,0,10,群益金鼎-西松,2023-11-29,9136
00877,復華中國5G,10,0,10,群益金鼎-西松,2023-11-29,9136
00857B,永豐20年美公債,10,0,10,群益金鼎-西松,2023-11-29,9136
00715L,期街口布蘭特正2,10,0,10,群益金鼎-西松,2023-11-29,9136
1809,中釉,10,0,10,群益金鼎-西松,2023-11-29,9136
2883B,凱基金乙特,10,0,10,群益金鼎-西松,2023-11-29,9136
4121,優盛,46,36,10,群益金鼎-西松,2023-11-29,9136
5210,寶碩,10,0,10,群益金鼎-西松,2023-11-29,9136
9940,信義,10,0,10,群益金鼎-西松,2023-11-29,9136
6243,迅杰,36,27,9,群益金鼎-西松,2023-11-29,9136
00933B,國泰10Y+金融債,10,1,9,群益金鼎-西松,2023-11-29,9136
3645,達邁,9,0,9,群益金鼎-西松,2023-11-29,9136
3035,智原,29,20,9,群益金鼎-西松,2023-11-29,9136
00882,中信中國高股息,8,0,8,群益金鼎-西松,2023-11-29,9136
2883,凱基金,18,10,8,群益金鼎-西松,2023-11-29,9136
2363,矽統,17,9,8,群益金鼎-西松,2023-11-29,9136
1513,中興電,7,0,7,群益金鼎-西松,2023-11-29,9136
3260,威剛,11,4,7,群益金鼎-西松,2023-11-29,9136
2458,義隆,7,0,7,群益金鼎-西松,2023-11-29,9136
3047,訊舟,10,3,7,群益金鼎-西松,2023-11-29,9136
5236,凌陽創新,7,0,7,群益金鼎-西松,2023-11-29,9136
5471,松翰,7,0,7,群益金鼎-西松,2023-11-29,9136
5608,四維航,7,0,7,群益金鼎-西松,2023-11-29,9136
00720B,元大投資級公司債,7,0,7,群益金鼎-西松,2023-11-29,9136
2367,燿華,7,1,6,群益金鼎-西松,2023-11-29,9136
4968,立積,7,1,6,群益金鼎-西松,2023-11-29,9136
2615,萬海,5,0,5,群益金鼎-西松,2023-11-29,9136
00931B,統一美債20年,500,2,498,群益金鼎-西松,2023-11-30,9136
2897,王道銀行,250,0,250,群益金鼎-西松,2023-11-30,9136
00933B,國泰10Y+金融債,146,40,106,群益金鼎-西松,2023-11-30,9136
2353,宏��,109,13,96,群益金鼎-西松,2023-11-30,9136
4543,萬在,54,2,52,群益金鼎-西松,2023-11-30,9136
00650L,復華香港正2,50,0,50,群益金鼎-西松,2023-11-30,9136
9921,巨大,49,1,48,群益金鼎-西松,2023-11-30,9136
1591,駿吉-KY,39,1,38,群益金鼎-西松,2023-11-30,9136
3207,耀勝,30,0,30,群益金鼎-西松,2023-11-30,9136
5439,高技,31,1,30,群益金鼎-西松,2023-11-30,9136
2482,連宇,29,0,29,群益金鼎-西松,2023-11-30,9136
3682,亞太電,42,20,22,群益金鼎-西松,2023-11-30,9136
4113,聯上,22,1,21,群益金鼎-西松,2023-11-30,9136
6451,訊芯-KY,21,0,21,群益金鼎-西松,2023-11-30,9136
6244,茂迪,19,0,19,群益金鼎-西松,2023-11-30,9136
3005,神基,20,2,18,群益金鼎-西松,2023-11-30,9136
2356,英業達,20,4,16,群益金鼎-西松,2023-11-30,9136
1314,中石化,15,0,15,群益金鼎-西松,2023-11-30,9136
00751B,元大AAA至A公司債,15,0,15,群益金鼎-西松,2023-11-30,9136
3231,緯創,26,12,14,群益金鼎-西松,2023-11-30,9136
6274,台燿,13,0,13,群益金鼎-西松,2023-11-30,9136
00882,中信中國高股息,11,0,11,群益金鼎-西松,2023-11-30,9136
3317,尼克森,19,8,11,群益金鼎-西松,2023-11-30,9136
3362,先進光,10,0,10,群益金鼎-西松,2023-11-30,9136
2515,中工,10,0,10,群益金鼎-西松,2023-11-30,9136
5474,聰泰,10,0,10,群益金鼎-西松,2023-11-30,9136
8150,南茂,10,0,10,群益金鼎-西松,2023-11-30,9136
9934,成霖,10,0,10,群益金鼎-西松,2023-11-30,9136
00919,群益台灣精選高息,12,3,9,群益金鼎-西松,2023-11-30,9136
3013,晟銘電,57,48,9,群益金鼎-西松,2023-11-30,9136
3702,大聯大,15,6,9,群益金鼎-西松,2023-11-30,9136
3006,晶豪科,22,13,9,群益金鼎-西松,2023-11-30,9136
5608,四維航,11,2,9,群益金鼎-西松,2023-11-30,9136
6120,達運,9,0,9,群益金鼎-西松,2023-11-30,9136
6164,華興,9,0,9,群益金鼎-西松,2023-11-30,9136
6257,矽格,13,5,8,群益金鼎-西松,2023-11-30,9136
2201,裕隆,8,0,8,群益金鼎-西松,2023-11-30,9136
2258,鴻華先進-創,8,0,8,群益金鼎-西松,2023-11-30,9136
3022,威強電,11,3,8,群益金鼎-西松,2023-11-30,9136
3694,海華,8,0,8,群益金鼎-西松,2023-11-30,9136
6488,環球晶,9,1,8,群益金鼎-西松,2023-11-30,9136
1445,大宇,7,0,7,群益金鼎-西松,2023-11-30,9136
1101,台泥,10,3,7,群益金鼎-西松,2023-11-30,9136
2017,官田鋼,7,0,7,群益金鼎-西松,2023-11-30,9136
3036,文曄,11,4,7,群益金鼎-西松,2023-11-30,9136
5272,笙科,8,1,7,群益金鼎-西松,2023-11-30,9136
00934,中信成長高股息,6,0,6,群益金鼎-西松,2023-11-30,9136
2329,華泰,66,60,6,群益金鼎-西松,2023-11-30,9136
3017,奇鋐,7,1,6,群益金鼎-西松,2023-11-30,9136
1303,南亞,6,0,6,群益金鼎-西松,2023-11-30,9136
2888,新光金,80,2,78,群益金鼎-西松,2023-12-01,9136
00715L,期街口布蘭特正2,82,5,77,群益金鼎-西松,2023-12-01,9136
00637L,元大滬深300正2,124,50,74,群益金鼎-西松,2023-12-01,9136
4533,協易機,73,0,73,群益金鼎-西松,2023-12-01,9136
00679B,元大美債20年,55,0,55,群益金鼎-西松,2023-12-01,9136
4968,立積,66,12,54,群益金鼎-西松,2023-12-01,9136
00919,群益台灣精選高息,37,2,35,群益金鼎-西松,2023-12-01,9136
3443,創意,34,1,33,群益金鼎-西松,2023-12-01,9136
3060,銘異,25,1,24,群益金鼎-西松,2023-12-01,9136
6237,驊訊,25,1,24,群益金鼎-西松,2023-12-01,9136
6108,競國,21,0,21,群益金鼎-西松,2023-12-01,9136
2324,仁寶,20,0,20,群益金鼎-西松,2023-12-01,9136
00642U,期元大S＆P石油,20,0,20,群益金鼎-西松,2023-12-01,9136
2014,中鴻,20,0,20,群益金鼎-西松,2023-12-01,9136
3207,耀勝,20,0,20,群益金鼎-西松,2023-12-01,9136
3362,先進光,19,0,19,群益金鼎-西松,2023-12-01,9136
1101,台泥,19,1,18,群益金鼎-西松,2023-12-01,9136
2618,長榮航,22,6,16,群益金鼎-西松,2023-12-01,9136
2359,所羅門,15,0,15,群益金鼎-西松,2023-12-01,9136
1314,中石化,14,0,14,群益金鼎-西松,2023-12-01,9136
00900,富邦特選高股息30,14,0,14,群益金鼎-西松,2023-12-01,9136
3032,偉訓,18,5,13,群益金鼎-西松,2023-12-01,9136
3687,歐買尬,15,2,13,群益金鼎-西松,2023-12-01,9136
8299,群聯,13,2,11,群益金鼎-西松,2023-12-01,9136
00915,凱基優選高股息30,11,0,11,群益金鼎-西松,2023-12-01,9136
6104,創惟,11,0,11,群益金鼎-西松,2023-12-01,9136
8086,宏捷科,12,1,11,群益金鼎-西松,2023-12-01,9136
2301,光寶科,10,0,10,群益金鼎-西松,2023-12-01,9136
00877,復華中國5G,10,0,10,群益金鼎-西松,2023-12-01,9136
1316,上曜,10,0,10,群益金鼎-西松,2023-12-01,9136
2515,中工,10,0,10,群益金鼎-西松,2023-12-01,9136
2891,中信金,10,0,10,群益金鼎-西松,2023-12-01,9136
2353,宏��,73,64,9,群益金鼎-西松,2023-12-01,9136
3078,僑威,12,3,9,群益金鼎-西松,2023-12-01,9136
3479,安勤,14,5,9,群益金鼎-西松,2023-12-01,9136
5439,高技,11,2,9,群益金鼎-西松,2023-12-01,9136
3374,精材,10,2,8,群益金鼎-西松,2023-12-01,9136
2382,廣達,13,5,8,群益金鼎-西松,2023-12-01,9136
1591,駿吉-KY,23,15,8,群益金鼎-西松,2023-12-01,9136
1742,台蠟,8,0,8,群益金鼎-西松,2023-12-01,9136
3122,笙泉,13,5,8,群益金鼎-西松,2023-12-01,9136
3321,同泰,10,2,8,群益金鼎-西松,2023-12-01,9136
8021,尖點,8,0,8,群益金鼎-西松,2023-12-01,9136
2886,兆豐金,7,0,7,群益金鼎-西松,2023-12-01,9136
2481,強茂,14,7,7,群益金鼎-西松,2023-12-01,9136
3043,科風,7,0,7,群益金鼎-西松,2023-12-01,9136
3363,上詮,9,2,7,群益金鼎-西松,2023-12-01,9136
6122,擎邦,7,0,7,群益金鼎-西松,2023-12-01,9136
6150,撼訊,7,0,7,群益金鼎-西松,2023-12-01,9136
6233,旺玖,8,1,7,群益金鼎-西松,2023-12-01,9136
00715L,期街口布蘭特正2,93,0,93,群益金鼎-西松,2023-12-04,9136
1904,正隆,95,26,69,群益金鼎-西松,2023-12-04,9136
3011,今皓,109,50,59,群益金鼎-西松,2023-12-04,9136
2258,鴻華先進-創,54,0,54,群益金鼎-西松,2023-12-04,9136
2353,宏��,55,3,52,群益金鼎-西松,2023-12-04,9136
00632R,元大台灣50反1,51,0,51,群益金鼎-西松,2023-12-04,9136
00637L,元大滬深300正2,50,0,50,群益金鼎-西松,2023-12-04,9136
2313,華通,55,6,49,群益金鼎-西松,2023-12-04,9136
1708,東鹼,50,2,48,群益金鼎-西松,2023-12-04,9136
2062,橋椿,48,0,48,群益金鼎-西松,2023-12-04,9136
00751B,元大AAA至A公司債,46,0,46,群益金鼎-西松,2023-12-04,9136
2883,凱基金,45,1,44,群益金鼎-西松,2023-12-04,9136
3032,偉訓,37,0,37,群益金鼎-西松,2023-12-04,9136
00650L,復華香港正2,55,20,35,群益金鼎-西松,2023-12-04,9136
6233,旺玖,38,3,35,群益金鼎-西松,2023-12-04,9136
3231,緯創,37,7,30,群益金鼎-西松,2023-12-04,9136
2515,中工,30,1,29,群益金鼎-西松,2023-12-04,9136
2637,慧洋-KY,25,3,22,群益金鼎-西松,2023-12-04,9136
5225,東科-KY,21,0,21,群益金鼎-西松,2023-12-04,9136
6005,群益證,21,0,21,群益金鼎-西松,2023-12-04,9136
00679B,元大美債20年,20,0,20,群益金鼎-西松,2023-12-04,9136
6426,統新,23,4,19,群益金鼎-西松,2023-12-04,9136
4157,太景*-KY,18,1,17,群益金鼎-西松,2023-12-04,9136
00929,復華台灣科技優息,18,2,16,群益金鼎-西松,2023-12-04,9136
4142,國光生,15,0,15,群益金鼎-西松,2023-12-04,9136
4174,浩鼎,15,0,15,群益金鼎-西松,2023-12-04,9136
3363,上詮,18,4,14,群益金鼎-西松,2023-12-04,9136
6285,啟��,20,6,14,群益金鼎-西松,2023-12-04,9136
00919,群益台灣精選高息,17,3,14,群益金鼎-西松,2023-12-04,9136
2376,技嘉,26,13,13,群益金鼎-西松,2023-12-04,9136
8086,宏捷科,13,0,13,群益金鼎-西松,2023-12-04,9136
3483,力致,16,3,13,群益金鼎-西松,2023-12-04,9136
6271,同欣電,14,1,13,群益金鼎-西松,2023-12-04,9136
3094,聯傑,13,0,13,群益金鼎-西松,2023-12-04,9136
00923,群益台ESG低碳50,12,0,12,群益金鼎-西松,2023-12-04,9136
1314,中石化,12,0,12,群益金鼎-西松,2023-12-04,9136
3715,定穎投控,19,7,12,群益金鼎-西松,2023-12-04,9136
1101,台泥,11,0,11,群益金鼎-西松,2023-12-04,9136
3078,僑威,17,6,11,群益金鼎-西松,2023-12-04,9136
00642U,期元大S＆P石油,10,0,10,群益金鼎-西松,2023-12-04,9136
00665L,富邦�琤肭磪囓�2,60,50,10,群益金鼎-西松,2023-12-04,9136
1809,中釉,12,2,10,群益金鼎-西松,2023-12-04,9136
2380,虹光,10,0,10,群益金鼎-西松,2023-12-04,9136
2615,萬海,16,6,10,群益金鼎-西松,2023-12-04,9136
2882,國泰金,11,1,10,群益金鼎-西松,2023-12-04,9136
3163,波若威,11,1,10,群益金鼎-西松,2023-12-04,9136
5521,工信,10,0,10,群益金鼎-西松,2023-12-04,9136
2618,長榮航,17,8,9,群益金鼎-西松,2023-12-04,9136
2481,強茂,9,0,9,群益金鼎-西松,2023-12-04,9136
3138,耀登,10,1,9,群益金鼎-西松,2023-12-04,9136
00637L,元大滬深300正2,604,20,584,群益金鼎-西松,2023-12-05,9136
9103,美德醫療-DR,183,0,183,群益金鼎-西松,2023-12-05,9136
00919,群益台灣精選高息,76,0,76,群益金鼎-西松,2023-12-05,9136
00929,復華台灣科技優息,63,3,60,群益金鼎-西松,2023-12-05,9136
00650L,復華香港正2,50,0,50,群益金鼎-西松,2023-12-05,9136
2303,聯電,44,2,42,群益金鼎-西松,2023-12-05,9136
00877,復華中國5G,41,0,41,群益金鼎-西松,2023-12-05,9136
00687B,國泰20年美債,42,2,40,群益金鼎-西松,2023-12-05,9136
4113,聯上,56,21,35,群益金鼎-西松,2023-12-05,9136
3060,銘異,31,0,31,群益金鼎-西松,2023-12-05,9136
4167,松瑞藥,40,9,31,群益金鼎-西松,2023-12-05,9136
00652,富邦印度,25,1,24,群益金鼎-西松,2023-12-05,9136
2367,燿華,30,7,23,群益金鼎-西松,2023-12-05,9136
00918,大華優利高填息30,21,0,21,群益金鼎-西松,2023-12-05,9136
1815,富喬,21,0,21,群益金鼎-西松,2023-12-05,9136
4909,新復興,18,1,17,群益金鼎-西松,2023-12-05,9136
6257,矽格,21,4,17,群益金鼎-西松,2023-12-05,9136
2371,大同,16,0,16,群益金鼎-西松,2023-12-05,9136
2618,長榮航,27,11,16,群益金鼎-西松,2023-12-05,9136
1760,寶齡富錦,20,5,15,群益金鼎-西松,2023-12-05,9136
9945,潤泰新,15,0,15,群益金鼎-西松,2023-12-05,9136
5347,世界,15,1,14,群益金鼎-西松,2023-12-05,9136
00935,野村臺灣新科技50,13,0,13,群益金鼎-西松,2023-12-05,9136
1605,華新,18,6,12,群益金鼎-西松,2023-12-05,9136
00706L,期元大S＆P日圓正2,12,0,12,群益金鼎-西松,2023-12-05,9136
6245,立端,13,1,12,群益金鼎-西松,2023-12-05,9136
6805,富世達,11,0,11,群益金鼎-西松,2023-12-05,9136
00720B,元大投資級公司債,11,0,11,群益金鼎-西松,2023-12-05,9136
5225,東科-KY,11,0,11,群益金鼎-西松,2023-12-05,9136
6150,撼訊,31,20,11,群益金鼎-西松,2023-12-05,9136
8155,博智,11,0,11,群益金鼎-西松,2023-12-05,9136
3715,定穎投控,11,0,11,群益金鼎-西松,2023-12-05,9136
6111,大宇資,10,0,10,群益金鼎-西松,2023-12-05,9136
2376,技嘉,12,2,10,群益金鼎-西松,2023-12-05,9136
2402,毅嘉,10,0,10,群益金鼎-西松,2023-12-05,9136
4966,譜瑞-KY,10,0,10,群益金鼎-西松,2023-12-05,9136
6197,佳必琪,14,4,10,群益金鼎-西松,2023-12-05,9136
8059,凱碩,10,0,10,群益金鼎-西松,2023-12-05,9136
00753L,中信中國50正2,9,0,9,群益金鼎-西松,2023-12-05,9136
2882,國泰金,12,3,9,群益金鼎-西松,2023-12-05,9136
3051,力特,10,1,9,群益金鼎-西松,2023-12-05,9136
6122,擎邦,9,0,9,群益金鼎-西松,2023-12-05,9136
3290,東浦,9,0,9,群益金鼎-西松,2023-12-05,9136
00882,中信中國高股息,13,5,8,群益金鼎-西松,2023-12-05,9136
2891,中信金,8,0,8,群益金鼎-西松,2023-12-05,9136
3260,威剛,9,1,8,群益金鼎-西松,2023-12-05,9136
3596,智易,8,0,8,群益金鼎-西松,2023-12-05,9136
4967,十銓,9,1,8,群益金鼎-西松,2023-12-05,9136
5608,四維航,25,17,8,群益金鼎-西松,2023-12-05,9136
3035,智原,13,5,8,群益金鼎-西松,2023-12-05,9136
4113,聯上,112,0,112,群益金鼎-西松,2023-12-06,9136
00929,復華台灣科技優息,93,0,93,群益金鼎-西松,2023-12-06,9136
00919,群益台灣精選高息,83,0,83,群益金鼎-西松,2023-12-06,9136
00757,統一FANG+,75,0,75,群益金鼎-西松,2023-12-06,9136
2905,三商,70,0,70,群益金鼎-西松,2023-12-06,9136
00637L,元大滬深300正2,642,574,68,群益金鼎-西松,2023-12-06,9136
5272,笙科,53,0,53,群益金鼎-西松,2023-12-06,9136
2515,中工,60,20,40,群益金鼎-西松,2023-12-06,9136
00877,復華中國5G,34,0,34,群益金鼎-西松,2023-12-06,9136
0056,元大高股息,32,0,32,群益金鼎-西松,2023-12-06,9136
00642U,期元大S＆P石油,30,2,28,群益金鼎-西松,2023-12-06,9136
6233,旺玖,41,16,25,群益金鼎-西松,2023-12-06,9136
3047,訊舟,22,1,21,群益金鼎-西松,2023-12-06,9136
3689,湧德,20,0,20,群益金鼎-西松,2023-12-06,9136
2303,聯電,20,0,20,群益金鼎-西松,2023-12-06,9136
00751B,元大AAA至A公司債,17,0,17,群益金鼎-西松,2023-12-06,9136
3481,群創,57,41,16,群益金鼎-西松,2023-12-06,9136
1513,中興電,18,3,15,群益金鼎-西松,2023-12-06,9136
3027,盛達,15,0,15,群益金鼎-西松,2023-12-06,9136
9919,康那香,20,5,15,群益金鼎-西松,2023-12-06,9136
1605,華新,18,3,15,群益金鼎-西松,2023-12-06,9136
2367,燿華,26,12,14,群益金鼎-西松,2023-12-06,9136
3234,光環,13,0,13,群益金鼎-西松,2023-12-06,9136
00882,中信中國高股息,12,0,12,群益金鼎-西松,2023-12-06,9136
2356,英業達,28,16,12,群益金鼎-西松,2023-12-06,9136
2369,菱生,12,0,12,群益金鼎-西松,2023-12-06,9136
2883,凱基金,12,0,12,群益金鼎-西松,2023-12-06,9136
3060,銘異,12,0,12,群益金鼎-西松,2023-12-06,9136
00888,永豐台灣ESG,13,2,11,群益金鼎-西松,2023-12-06,9136
5355,佳總,11,0,11,群益金鼎-西松,2023-12-06,9136
00679B,元大美債20年,11,0,11,群益金鼎-西松,2023-12-06,9136
2889,國票金,10,0,10,群益金鼎-西松,2023-12-06,9136
4533,協易機,10,0,10,群益金鼎-西松,2023-12-06,9136
5388,中磊,10,0,10,群益金鼎-西松,2023-12-06,9136
6485,點序,26,16,10,群益金鼎-西松,2023-12-06,9136
2465,麗臺,12,2,10,群益金鼎-西松,2023-12-06,9136
1616,億泰,9,0,9,群益金鼎-西松,2023-12-06,9136
3231,緯創,13,4,9,群益金鼎-西松,2023-12-06,9136
6122,擎邦,9,0,9,群益金鼎-西松,2023-12-06,9136
3029,零壹,8,0,8,群益金鼎-西松,2023-12-06,9136
2427,三商電,7,0,7,群益金鼎-西松,2023-12-06,9136
3706,神達,7,1,6,群益金鼎-西松,2023-12-06,9136
4737,華廣,6,0,6,群益金鼎-西松,2023-12-06,9136
8046,南電,9,3,6,群益金鼎-西松,2023-12-06,9136
9945,潤泰新,6,0,6,群益金鼎-西松,2023-12-06,9136
3443,創意,11,5,6,群益金鼎-西松,2023-12-06,9136
6533,晶心科,6,1,5,群益金鼎-西松,2023-12-06,9136
00907,永豐優息存股,5,0,5,群益金鼎-西松,2023-12-06,9136
00931B,統一美債20年,5,0,5,群益金鼎-西松,2023-12-06,9136
2073,雄順,5,0,5,群益金鼎-西松,2023-12-06,9136
00715L,期街口布蘭特正2,102,8,94,群益金鼎-西松,2023-12-07,9136
00929,復華台灣科技優息,74,0,74,群益金鼎-西松,2023-12-07,9136
2618,長榮航,110,50,60,群益金鼎-西松,2023-12-07,9136
00679B,元大美債20年,83,33,50,群益金鼎-西松,2023-12-07,9136
2303,聯電,40,3,37,群益金鼎-西松,2023-12-07,9136
2376,技嘉,44,15,29,群益金鼎-西松,2023-12-07,9136
00919,群益台灣精選高息,65,40,25,群益金鼎-西松,2023-12-07,9136
4967,十銓,33,10,23,群益金鼎-西松,2023-12-07,9136
4174,浩鼎,24,1,23,群益金鼎-西松,2023-12-07,9136
2337,旺宏,21,0,21,群益金鼎-西松,2023-12-07,9136
2641,正德,20,0,20,群益金鼎-西松,2023-12-07,9136
1612,宏泰,18,2,16,群益金鼎-西松,2023-12-07,9136
8054,安國,35,19,16,群益金鼎-西松,2023-12-07,9136
3035,智原,18,3,15,群益金鼎-西松,2023-12-07,9136
3090,日電貿,15,0,15,群益金鼎-西松,2023-12-07,9136
2882,國泰金,14,0,14,群益金鼎-西松,2023-12-07,9136
2428,興勤,14,0,14,群益金鼎-西松,2023-12-07,9136
4746,台耀,36,22,14,群益金鼎-西松,2023-12-07,9136
00720B,元大投資級公司債,13,0,13,群益金鼎-西松,2023-12-07,9136
3006,晶豪科,14,1,13,群益金鼎-西松,2023-12-07,9136
1609,大亞,73,60,13,群益金鼎-西松,2023-12-07,9136
2402,毅嘉,24,12,12,群益金鼎-西松,2023-12-07,9136
2301,光寶科,16,4,12,群益金鼎-西松,2023-12-07,9136
00882,中信中國高股息,11,0,11,群益金鼎-西松,2023-12-07,9136
3045,台灣大,11,0,11,群益金鼎-西松,2023-12-07,9136
9927,泰銘,11,0,11,群益金鼎-西松,2023-12-07,9136
00877,復華中國5G,10,0,10,群益金鼎-西松,2023-12-07,9136
00662,富邦NASDAQ,10,0,10,群益金鼎-西松,2023-12-07,9136
00632R,元大台灣50反1,10,0,10,群益金鼎-西松,2023-12-07,9136
00642U,期元大S＆P石油,10,0,10,群益金鼎-西松,2023-12-07,9136
1591,駿吉-KY,15,5,10,群益金鼎-西松,2023-12-07,9136
1714,和桐,10,0,10,群益金鼎-西松,2023-12-07,9136
1802,台玻,10,0,10,群益金鼎-西松,2023-12-07,9136
2515,中工,10,0,10,群益金鼎-西松,2023-12-07,9136
2883B,凱基金乙特,10,0,10,群益金鼎-西松,2023-12-07,9136
8050,廣積,11,1,10,群益金鼎-西松,2023-12-07,9136
1455,集盛,9,0,9,群益金鼎-西松,2023-12-07,9136
2359,所羅門,12,3,9,群益金鼎-西松,2023-12-07,9136
2615,萬海,11,2,9,群益金鼎-西松,2023-12-07,9136
3362,先進光,9,0,9,群益金鼎-西松,2023-12-07,9136
3450,聯鈞,18,9,9,群益金鼎-西松,2023-12-07,9136
3714,富采,9,0,9,群益金鼎-西松,2023-12-07,9136
5225,東科-KY,10,2,8,群益金鼎-西松,2023-12-07,9136
6593,台灣銘板,8,0,8,群益金鼎-西松,2023-12-07,9136
8354,冠好,8,0,8,群益金鼎-西松,2023-12-07,9136
3037,欣興,8,1,7,群益金鼎-西松,2023-12-07,9136
00637L,元大滬深300正2,47,40,7,群益金鼎-西松,2023-12-07,9136
00935,野村臺灣新科技50,12,5,7,群益金鼎-西松,2023-12-07,9136
3094,聯傑,8,1,7,群益金鼎-西松,2023-12-07,9136
6150,撼訊,8,1,7,群益金鼎-西松,2023-12-07,9136
00919,群益台灣精選高息,2712,42,2670,群益金鼎-西松,2023-12-08,9136
00665L,富邦�琤肭磪囓�2,110,0,110,群益金鼎-西松,2023-12-08,9136
00753L,中信中國50正2,50,0,50,群益金鼎-西松,2023-12-08,9136
4906,正文,49,4,45,群益金鼎-西松,2023-12-08,9136
5871,中租-KY,50,10,40,群益金鼎-西松,2023-12-08,9136
2888,新光金,40,0,40,群益金鼎-西松,2023-12-08,9136
00715L,期街口布蘭特正2,37,0,37,群益金鼎-西松,2023-12-08,9136
00933B,國泰10Y+金融債,35,0,35,群益金鼎-西松,2023-12-08,9136
2605,新興,65,33,32,群益金鼎-西松,2023-12-08,9136
00687B,國泰20年美債,28,0,28,群益金鼎-西松,2023-12-08,9136
0056,元大高股息,30,4,26,群益金鼎-西松,2023-12-08,9136
00706L,期元大S＆P日圓正2,26,3,23,群益金鼎-西松,2023-12-08,9136
00757,統一FANG+,22,0,22,群益金鼎-西松,2023-12-08,9136
00642U,期元大S＆P石油,22,0,22,群益金鼎-西松,2023-12-08,9136
2610,華航,23,1,22,群益金鼎-西松,2023-12-08,9136
6117,迎廣,23,1,22,群益金鼎-西松,2023-12-08,9136
6197,佳必琪,67,46,21,群益金鼎-西松,2023-12-08,9136
2515,中工,20,0,20,群益金鼎-西松,2023-12-08,9136
3588,通嘉,20,0,20,群益金鼎-西松,2023-12-08,9136
00680L,元大美債20正2,19,0,19,群益金鼎-西松,2023-12-08,9136
6269,台郡,18,0,18,群益金鼎-西松,2023-12-08,9136
00882,中信中國高股息,16,0,16,群益金鼎-西松,2023-12-08,9136
2369,菱生,14,0,14,群益金鼎-西松,2023-12-08,9136
5426,振發,21,7,14,群益金鼎-西松,2023-12-08,9136
3032,偉訓,18,5,13,群益金鼎-西松,2023-12-08,9136
1609,大亞,14,2,12,群益金鼎-西松,2023-12-08,9136
2374,佳能,12,0,12,群益金鼎-西松,2023-12-08,9136
2425,承啟,15,3,12,群益金鼎-西松,2023-12-08,9136
6274,台燿,13,1,12,群益金鼎-西松,2023-12-08,9136
6805,富世達,19,8,11,群益金鼎-西松,2023-12-08,9136
3045,台灣大,11,0,11,群益金鼎-西松,2023-12-08,9136
3545,敦泰,14,3,11,群益金鼎-西松,2023-12-08,9136
9802,鈺齊-KY,11,0,11,群益金鼎-西松,2023-12-08,9136
1618,合機,11,1,10,群益金鼎-西松,2023-12-08,9136
3171,炎洲流通,10,0,10,群益金鼎-西松,2023-12-08,9136
3715,定穎投控,16,6,10,群益金鼎-西松,2023-12-08,9136
6140,訊達,10,0,10,群益金鼎-西松,2023-12-08,9136
6257,矽格,55,46,9,群益金鼎-西松,2023-12-08,9136
1513,中興電,11,2,9,群益金鼎-西松,2023-12-08,9136
1616,億泰,9,0,9,群益金鼎-西松,2023-12-08,9136
3362,先進光,9,0,9,群益金鼎-西松,2023-12-08,9136
3518,柏騰,9,0,9,群益金鼎-西松,2023-12-08,9136
6282,康舒,9,0,9,群益金鼎-西松,2023-12-08,9136
8996,高力,19,11,8,群益金鼎-西松,2023-12-08,9136
2027,大成鋼,8,0,8,群益金鼎-西松,2023-12-08,9136
3035,智原,19,11,8,群益金鼎-西松,2023-12-08,9136
2303,聯電,32,24,8,群益金鼎-西松,2023-12-08,9136
6732,昇佳電子,7,0,7,群益金鼎-西松,2023-12-08,9136
2465,麗臺,7,0,7,群益金鼎-西松,2023-12-08,9136
4131,浩泰,7,0,7,群益金鼎-西松,2023-12-08,9136
00919,群益台灣精選高息,311,4,307,群益金鼎-西松,2023-12-11,9136
6290,良維,101,22,79,群益金鼎-西松,2023-12-11,9136
2365,昆盈,75,10,65,群益金鼎-西松,2023-12-11,9136
00857B,永豐20年美公債,40,0,40,群益金鼎-西松,2023-12-11,9136
2344,華邦電,45,5,40,群益金鼎-西松,2023-12-11,9136
2618,長榮航,53,17,36,群益金鼎-西松,2023-12-11,9136
00687B,國泰20年美債,29,0,29,群益金鼎-西松,2023-12-11,9136
2313,華通,27,0,27,群益金鼎-西松,2023-12-11,9136
2888,新光金,32,5,27,群益金鼎-西松,2023-12-11,9136
00882,中信中國高股息,25,0,25,群益金鼎-西松,2023-12-11,9136
3032,偉訓,24,0,24,群益金鼎-西松,2023-12-11,9136
00753L,中信中國50正2,33,10,23,群益金鼎-西松,2023-12-11,9136
2605,新興,34,11,23,群益金鼎-西松,2023-12-11,9136
2887,台新金,23,1,22,群益金鼎-西松,2023-12-11,9136
2472,立隆電,21,0,21,群益金鼎-西松,2023-12-11,9136
2402,毅嘉,58,39,19,群益金鼎-西松,2023-12-11,9136
3163,波若威,22,3,19,群益金鼎-西松,2023-12-11,9136
1612,宏泰,19,2,17,群益金鼎-西松,2023-12-11,9136
3607,谷崧,19,4,15,群益金鼎-西松,2023-12-11,9136
2368,金像電,21,7,14,群益金鼎-西松,2023-12-11,9136
3045,台灣大,13,0,13,群益金鼎-西松,2023-12-11,9136
2388,威盛,13,1,12,群益金鼎-西松,2023-12-11,9136
4533,協易機,12,0,12,群益金鼎-西松,2023-12-11,9136
5871,中租-KY,16,5,11,群益金鼎-西松,2023-12-11,9136
00929,復華台灣科技優息,19,9,10,群益金鼎-西松,2023-12-11,9136
00918,大華優利高填息30,10,0,10,群益金鼎-西松,2023-12-11,9136
1316,上曜,10,0,10,群益金鼎-西松,2023-12-11,9136
2409,友達,10,0,10,群益金鼎-西松,2023-12-11,9136
3479,安勤,20,10,10,群益金鼎-西松,2023-12-11,9136
6222,上揚,10,0,10,群益金鼎-西松,2023-12-11,9136
6863,永道-KY,10,0,10,群益金鼎-西松,2023-12-11,9136
8150,南茂,10,0,10,群益金鼎-西松,2023-12-11,9136
8467,波力-KY,10,0,10,群益金鼎-西松,2023-12-11,9136
9802,鈺齊-KY,10,0,10,群益金鼎-西松,2023-12-11,9136
1519,華城,9,0,9,群益金鼎-西松,2023-12-11,9136
4532,瑞智,15,6,9,群益金鼎-西松,2023-12-11,9136
5351,鈺創,29,20,9,群益金鼎-西松,2023-12-11,9136
2603,長榮,20,12,8,群益金鼎-西松,2023-12-11,9136
3090,日電貿,8,0,8,群益金鼎-西松,2023-12-11,9136
4303,信立,8,0,8,群益金鼎-西松,2023-12-11,9136
2891,中信金,7,0,7,群益金鼎-西松,2023-12-11,9136
2073,雄順,7,0,7,群益金鼎-西松,2023-12-11,9136
2328,廣宇,7,0,7,群益金鼎-西松,2023-12-11,9136
00679B,元大美債20年,8,2,6,群益金鼎-西松,2023-12-11,9136
00795B,中信美國公債20年,6,0,6,群益金鼎-西松,2023-12-11,9136
2353,宏��,7,1,6,群益金鼎-西松,2023-12-11,9136
2520,冠德,6,0,6,群益金鼎-西松,2023-12-11,9136
2929,淘帝-KY,6,0,6,群益金鼎-西松,2023-12-11,9136
3094,聯傑,6,0,6,群益金鼎-西松,2023-12-11,9136
2301,光寶科,6,1,5,群益金鼎-西松,2023-12-11,9136
00919,群益台灣精選高息,198,7,191,群益金鼎-西松,2023-12-12,9136
00937B,群益ESG投等債20,98,0,98,群益金鼎-西松,2023-12-12,9136
00918,大華優利高填息30,97,0,97,群益金鼎-西松,2023-12-12,9136
2618,長榮航,90,12,78,群益金鼎-西松,2023-12-12,9136
00751B,元大AAA至A公司債,47,0,47,群益金鼎-西松,2023-12-12,9136
6143,振曜,66,21,45,群益金鼎-西松,2023-12-12,9136
4979,華星光,34,2,32,群益金鼎-西松,2023-12-12,9136
2402,毅嘉,43,11,32,群益金鼎-西松,2023-12-12,9136
00931B,統一美債20年,30,0,30,群益金鼎-西松,2023-12-12,9136
3437,榮創,30,0,30,群益金鼎-西松,2023-12-12,9136
00687B,國泰20年美債,28,0,28,群益金鼎-西松,2023-12-12,9136
3380,明泰,27,0,27,群益金鼎-西松,2023-12-12,9136
5355,佳總,36,11,25,群益金鼎-西松,2023-12-12,9136
3163,波若威,21,0,21,群益金鼎-西松,2023-12-12,9136
00882,中信中國高股息,21,0,21,群益金鼎-西松,2023-12-12,9136
00907,永豐優息存股,20,0,20,群益金鼎-西松,2023-12-12,9136
00934,中信成長高股息,20,0,20,群益金鼎-西松,2023-12-12,9136
6282,康舒,20,0,20,群益金鼎-西松,2023-12-12,9136
00933B,國泰10Y+金融債,17,0,17,群益金鼎-西松,2023-12-12,9136
2524,京城,19,5,14,群益金鼎-西松,2023-12-12,9136
3231,緯創,15,1,14,群益金鼎-西松,2023-12-12,9136
2417,圓剛,16,3,13,群益金鼎-西松,2023-12-12,9136
3025,星通,13,0,13,群益金鼎-西松,2023-12-12,9136
00915,凱基優選高股息30,11,0,11,群益金鼎-西松,2023-12-12,9136
4113,聯上,11,0,11,群益金鼎-西松,2023-12-12,9136
8261,富鼎,20,9,11,群益金鼎-西松,2023-12-12,9136
3005,神基,11,1,10,群益金鼎-西松,2023-12-12,9136
00795B,中信美國公債20年,10,0,10,群益金鼎-西松,2023-12-12,9136
1460,宏遠,10,0,10,群益金鼎-西松,2023-12-12,9136
1519,華城,12,2,10,群益金鼎-西松,2023-12-12,9136
2014,中鴻,10,0,10,群益金鼎-西松,2023-12-12,9136
8059,凱碩,10,0,10,群益金鼎-西松,2023-12-12,9136
9105,泰金寶-DR,10,0,10,群益金鼎-西松,2023-12-12,9136
9802,鈺齊-KY,10,0,10,群益金鼎-西松,2023-12-12,9136
9958,世紀鋼,10,0,10,群益金鼎-西松,2023-12-12,9136
4908,前鼎,11,2,9,群益金鼎-西松,2023-12-12,9136
3363,上詮,10,1,9,群益金鼎-西松,2023-12-12,9136
4533,協易機,10,2,8,群益金鼎-西松,2023-12-12,9136
2228,劍麟,8,0,8,群益金鼎-西松,2023-12-12,9136
3035,智原,35,27,8,群益金鼎-西松,2023-12-12,9136
00680L,元大美債20正2,7,0,7,群益金鼎-西松,2023-12-12,9136
1471,首利,7,0,7,群益金鼎-西松,2023-12-12,9136
8034,榮群,52,45,7,群益金鼎-西松,2023-12-12,9136
2881,富邦金,6,0,6,群益金鼎-西松,2023-12-12,9136
3078,僑威,11,5,6,群益金鼎-西松,2023-12-12,9136
1101,台泥,6,0,6,群益金鼎-西松,2023-12-12,9136
2542,興富發,6,0,6,群益金鼎-西松,2023-12-12,9136
2948,寶陞,6,0,6,群益金鼎-西松,2023-12-12,9136
3031,佰鴻,6,0,6,群益金鼎-西松,2023-12-12,9136
3041,揚智,7,1,6,群益金鼎-西松,2023-12-12,9136
2634,漢翔,224,10,214,群益金鼎-西松,2023-12-13,9136
00919,群益台灣精選高息,339,136,203,群益金鼎-西松,2023-12-13,9136
00637L,元大滬深300正2,390,204,186,群益金鼎-西松,2023-12-13,9136
00922,國泰台灣領袖50,130,4,126,群益金鼎-西松,2023-12-13,9136
00688L,國泰20年美債正2,80,0,80,群益金鼎-西松,2023-12-13,9136
00715L,期街口布蘭特正2,115,36,79,群益金鼎-西松,2023-12-13,9136
00929,復華台灣科技優息,83,7,76,群益金鼎-西松,2023-12-13,9136
2515,中工,203,143,60,群益金鼎-西松,2023-12-13,9136
2618,長榮航,60,12,48,群益金鼎-西松,2023-12-13,9136
00642U,期元大S＆P石油,34,0,34,群益金鼎-西松,2023-12-13,9136
2344,華邦電,36,2,34,群益金鼎-西松,2023-12-13,9136
00918,大華優利高填息30,29,0,29,群益金鼎-西松,2023-12-13,9136
00687B,國泰20年美債,26,0,26,群益金鼎-西松,2023-12-13,9136
6282,康舒,27,1,26,群益金鼎-西松,2023-12-13,9136
3706,神達,29,6,23,群益金鼎-西松,2023-12-13,9136
00882,中信中國高股息,21,0,21,群益金鼎-西松,2023-12-13,9136
3552,同致,20,0,20,群益金鼎-西松,2023-12-13,9136
5371,中光電,20,0,20,群益金鼎-西松,2023-12-13,9136
3055,蔚華科,19,0,19,群益金鼎-西松,2023-12-13,9136
6290,良維,22,3,19,群益金鼎-西松,2023-12-13,9136
6937,天虹,19,0,19,群益金鼎-西松,2023-12-13,9136
00878,國泰永續高股息,28,12,16,群益金鼎-西松,2023-12-13,9136
2615,萬海,15,0,15,群益金鼎-西松,2023-12-13,9136
00934,中信成長高股息,14,0,14,群益金鼎-西松,2023-12-13,9136
3090,日電貿,14,0,14,群益金鼎-西松,2023-12-13,9136
2392,正崴,20,7,13,群益金鼎-西松,2023-12-13,9136
2516,新建,16,3,13,群益金鼎-西松,2023-12-13,9136
4933,友輝,15,2,13,群益金鼎-西松,2023-12-13,9136
6550,北極星藥業-KY,13,0,13,群益金鼎-西松,2023-12-13,9136
1605,華新,12,0,12,群益金鼎-西松,2023-12-13,9136
4934,太極,12,0,12,群益金鼎-西松,2023-12-13,9136
2201,裕隆,11,0,11,群益金鼎-西松,2023-12-13,9136
2402,毅嘉,14,3,11,群益金鼎-西松,2023-12-13,9136
00665L,富邦�琤肭磪囓�2,60,50,10,群益金鼎-西松,2023-12-13,9136
1303,南亞,10,0,10,群益金鼎-西松,2023-12-13,9136
2009,第一銅,10,0,10,群益金鼎-西松,2023-12-13,9136
2329,華泰,17,7,10,群益金鼎-西松,2023-12-13,9136
2547,日勝生,10,0,10,群益金鼎-西松,2023-12-13,9136
3171,炎洲流通,10,0,10,群益金鼎-西松,2023-12-13,9136
3234,光環,10,0,10,群益金鼎-西松,2023-12-13,9136
4533,協易機,11,1,10,群益金鼎-西松,2023-12-13,9136
4977,眾達-KY,10,0,10,群益金鼎-西松,2023-12-13,9136
5439,高技,10,0,10,群益金鼎-西松,2023-12-13,9136
6593,台灣銘板,10,0,10,群益金鼎-西松,2023-12-13,9136
2332,友訊,10,1,9,群益金鼎-西松,2023-12-13,9136
3131,弘塑,10,1,9,群益金鼎-西松,2023-12-13,9136
5521,工信,22,13,9,群益金鼎-西松,2023-12-13,9136
2641,正德,8,0,8,群益金鼎-西松,2023-12-13,9136
6209,今國光,8,0,8,群益金鼎-西松,2023-12-13,9136
8068,全達,10,2,8,群益金鼎-西松,2023-12-13,9136
00936,台新永續高息中小,325,2,323,群益金鼎-西松,2023-12-14,9136
2515,中工,281,63,218,群益金鼎-西松,2023-12-14,9136
00929,復華台灣科技優息,293,110,183,群益金鼎-西松,2023-12-14,9136
2888,新光金,150,21,129,群益金鼎-西松,2023-12-14,9136
00687B,國泰20年美債,108,1,107,群益金鼎-西松,2023-12-14,9136
00919,群益台灣精選高息,110,13,97,群益金鼎-西松,2023-12-14,9136
2363,矽統,129,40,89,群益金鼎-西松,2023-12-14,9136
00680L,元大美債20正2,81,0,81,群益金鼎-西松,2023-12-14,9136
2504,國產,50,3,47,群益金鼎-西松,2023-12-14,9136
00922,國泰台灣領袖50,41,0,41,群益金鼎-西松,2023-12-14,9136
00688L,國泰20年美債正2,39,0,39,群益金鼎-西松,2023-12-14,9136
00679B,元大美債20年,39,0,39,群益金鼎-西松,2023-12-14,9136
4113,聯上,35,0,35,群益金鼎-西松,2023-12-14,9136
3037,欣興,51,16,35,群益金鼎-西松,2023-12-14,9136
2009,第一銅,34,0,34,群益金鼎-西松,2023-12-14,9136
5515,建國,39,5,34,群益金鼎-西松,2023-12-14,9136
00830,國泰費城半導體,32,0,32,群益金鼎-西松,2023-12-14,9136
00637L,元大滬深300正2,90,60,30,群益金鼎-西松,2023-12-14,9136
2905,三商,27,0,27,群益金鼎-西松,2023-12-14,9136
2313,華通,54,28,26,群益金鼎-西松,2023-12-14,9136
2365,昆盈,98,74,24,群益金鼎-西松,2023-12-14,9136
3231,緯創,35,12,23,群益金鼎-西松,2023-12-14,9136
6937,天虹,25,2,23,群益金鼎-西松,2023-12-14,9136
8936,國統,23,0,23,群益金鼎-西松,2023-12-14,9136
00882,中信中國高股息,23,0,23,群益金鼎-西松,2023-12-14,9136
6770,力積電,22,4,18,群益金鼎-西松,2023-12-14,9136
3207,耀勝,16,0,16,群益金鼎-西松,2023-12-14,9136
5426,振發,23,7,16,群益金鼎-西松,2023-12-14,9136
00795B,中信美國公債20年,15,0,15,群益金鼎-西松,2023-12-14,9136
6531,愛普*,16,1,15,群益金鼎-西松,2023-12-14,9136
8068,全達,15,0,15,群益金鼎-西松,2023-12-14,9136
00720B,元大投資級公司債,16,2,14,群益金鼎-西松,2023-12-14,9136
6668,中揚光,16,2,14,群益金鼎-西松,2023-12-14,9136
00885,富邦越南,12,0,12,群益金鼎-西松,2023-12-14,9136
8011,台通,14,2,12,群益金鼎-西松,2023-12-14,9136
00900,富邦特選高股息30,16,5,11,群益金鼎-西松,2023-12-14,9136
3479,安勤,12,1,11,群益金鼎-西松,2023-12-14,9136
3362,先進光,16,5,11,群益金鼎-西松,2023-12-14,9136
2425,承啟,31,21,10,群益金鼎-西松,2023-12-14,9136
2476,鉅祥,13,3,10,群益金鼎-西松,2023-12-14,9136
2610,華航,10,0,10,群益金鼎-西松,2023-12-14,9136
2618,長榮航,13,3,10,群益金鼎-西松,2023-12-14,9136
3450,聯鈞,11,1,10,群益金鼎-西松,2023-12-14,9136
6016,康和證,10,0,10,群益金鼎-西松,2023-12-14,9136
6147,頎邦,19,10,9,群益金鼎-西松,2023-12-14,9136
00652,富邦印度,9,0,9,群益金鼎-西松,2023-12-14,9136
2882,國泰金,14,5,9,群益金鼎-西松,2023-12-14,9136
2913,農林,10,1,9,群益金鼎-西松,2023-12-14,9136
2606,裕民,8,0,8,群益金鼎-西松,2023-12-14,9136
2063,世鎧,8,0,8,群益金鼎-西松,2023-12-14,9136
2014,中鴻,206,32,174,群益金鼎-西松,2023-12-15,9136
2888,新光金,150,4,146,群益金鼎-西松,2023-12-15,9136
00830,國泰費城半導體,90,4,86,群益金鼎-西松,2023-12-15,9136
00688L,國泰20年美債正2,66,0,66,群益金鼎-西松,2023-12-15,9136
2605,新興,55,0,55,群益金鼎-西松,2023-12-15,9136
0056,元大高股息,64,11,53,群益金鼎-西松,2023-12-15,9136
00680L,元大美債20正2,136,88,48,群益金鼎-西松,2023-12-15,9136
00696B,富邦美債20年,39,0,39,群益金鼎-西松,2023-12-15,9136
9921,巨大,37,0,37,群益金鼎-西松,2023-12-15,9136
1907,永豐餘,36,0,36,群益金鼎-西松,2023-12-15,9136
00935,野村臺灣新科技50,30,0,30,群益金鼎-西松,2023-12-15,9136
4113,聯上,27,0,27,群益金鼎-西松,2023-12-15,9136
3052,夆典,23,0,23,群益金鼎-西松,2023-12-15,9136
6147,頎邦,26,3,23,群益金鼎-西松,2023-12-15,9136
00632R,元大台灣50反1,22,0,22,群益金鼎-西松,2023-12-15,9136
00673R,期元大S＆P原油反1,20,0,20,群益金鼎-西松,2023-12-15,9136
2897,王道銀行,20,0,20,群益金鼎-西松,2023-12-15,9136
00687B,國泰20年美債,21,3,18,群益金鼎-西松,2023-12-15,9136
2401,凌陽,18,0,18,群益金鼎-西松,2023-12-15,9136
00788B,元大10年IG電能債,15,0,15,群益金鼎-西松,2023-12-15,9136
1101,台泥,15,0,15,群益金鼎-西松,2023-12-15,9136
2402,毅嘉,18,4,14,群益金鼎-西松,2023-12-15,9136
2404,漢唐,14,0,14,群益金鼎-西松,2023-12-15,9136
2949,欣新網,14,0,14,群益金鼎-西松,2023-12-15,9136
2345,智邦,13,0,13,群益金鼎-西松,2023-12-15,9136
2022,聚亨,12,0,12,群益金鼎-西松,2023-12-15,9136
6257,矽格,78,66,12,群益金鼎-西松,2023-12-15,9136
2449,京元電子,34,23,11,群益金鼎-西松,2023-12-15,9136
3005,神基,16,5,11,群益金鼎-西松,2023-12-15,9136
6235,華孚,12,1,11,群益金鼎-西松,2023-12-15,9136
8069,元太,14,4,10,群益金鼎-西松,2023-12-15,9136
1102,亞泥,10,0,10,群益金鼎-西松,2023-12-15,9136
1513,中興電,18,8,10,群益金鼎-西松,2023-12-15,9136
2032,新鋼,10,0,10,群益金鼎-西松,2023-12-15,9136
2368,金像電,10,0,10,群益金鼎-西松,2023-12-15,9136
2409,友達,20,10,10,群益金鼎-西松,2023-12-15,9136
3049,精金,10,0,10,群益金鼎-西松,2023-12-15,9136
3276,宇環,10,0,10,群益金鼎-西松,2023-12-15,9136
3508,位速,10,0,10,群益金鼎-西松,2023-12-15,9136
6133,金橋,10,0,10,群益金鼎-西松,2023-12-15,9136
6672,騰輝電子-KY,11,1,10,群益金鼎-西松,2023-12-15,9136
8050,廣積,10,0,10,群益金鼎-西松,2023-12-15,9136
3008,大立光,10,0,10,群益金鼎-西松,2023-12-15,9136
3706,神達,12,3,9,群益金鼎-西松,2023-12-15,9136
6414,樺漢,10,1,9,群益金鼎-西松,2023-12-15,9136
3017,奇鋐,10,2,8,群益金鼎-西松,2023-12-15,9136
00933B,國泰10Y+金融債,18,10,8,群益金鼎-西松,2023-12-15,9136
2317,鴻海,28,20,8,群益金鼎-西松,2023-12-15,9136
2352,佳世達,8,0,8,群益金鼎-西松,2023-12-15,9136
2476,鉅祥,12,4,8,群益金鼎-西松,2023-12-15,9136
00929,復華台灣科技優息,229,22,207,群益金鼎-西松,2023-12-18,9136
2888,新光金,100,0,100,群益金鼎-西松,2023-12-18,9136
00919,群益台灣精選高息,174,76,98,群益金鼎-西松,2023-12-18,9136
00687B,國泰20年美債,72,1,71,群益金鼎-西松,2023-12-18,9136
9802,鈺齊-KY,68,0,68,群益金鼎-西松,2023-12-18,9136
2356,英業達,72,15,57,群益金鼎-西松,2023-12-18,9136
2618,長榮航,112,57,55,群益金鼎-西松,2023-12-18,9136
00665L,富邦�琤肭磪囓�2,50,0,50,群益金鼎-西松,2023-12-18,9136
00753L,中信中國50正2,60,11,49,群益金鼎-西松,2023-12-18,9136
3047,訊舟,50,6,44,群益金鼎-西松,2023-12-18,9136
00720B,元大投資級公司債,44,7,37,群益金鼎-西松,2023-12-18,9136
00931B,統一美債20年,44,9,35,群益金鼎-西松,2023-12-18,9136
3653,健策,34,0,34,群益金鼎-西松,2023-12-18,9136
2002,中鋼,40,9,31,群益金鼎-西松,2023-12-18,9136
2801,彰銀,25,0,25,群益金鼎-西松,2023-12-18,9136
6805,富世達,21,0,21,群益金鼎-西松,2023-12-18,9136
1714,和桐,20,0,20,群益金鼎-西松,2023-12-18,9136
5871,中租-KY,22,2,20,群益金鼎-西松,2023-12-18,9136
2009,第一銅,20,1,19,群益金鼎-西松,2023-12-18,9136
2606,裕民,27,9,18,群益金鼎-西松,2023-12-18,9136
2374,佳能,18,0,18,群益金鼎-西松,2023-12-18,9136
1905,華紙,24,7,17,群益金鼎-西松,2023-12-18,9136
2883,凱基金,17,0,17,群益金鼎-西松,2023-12-18,9136
3532,台勝科,17,0,17,群益金鼎-西松,2023-12-18,9136
00688L,國泰20年美債正2,17,0,17,群益金鼎-西松,2023-12-18,9136
5425,台半,15,1,14,群益金鼎-西松,2023-12-18,9136
2605,新興,13,0,13,群益金鼎-西松,2023-12-18,9136
6125,廣運,12,0,12,群益金鼎-西松,2023-12-18,9136
2023,燁輝,20,8,12,群益金鼎-西松,2023-12-18,9136
2609,陽明,265,254,11,群益金鼎-西松,2023-12-18,9136
3078,僑威,11,0,11,群益金鼎-西松,2023-12-18,9136
5608,四維航,12,1,11,群益金鼎-西松,2023-12-18,9136
6168,宏齊,20,9,11,群益金鼎-西松,2023-12-18,9136
8040,九暘,11,0,11,群益金鼎-西松,2023-12-18,9136
9105,泰金寶-DR,20,9,11,群益金鼎-西松,2023-12-18,9136
00877,復華中國5G,10,0,10,群益金鼎-西松,2023-12-18,9136
1342,八貫,15,5,10,群益金鼎-西松,2023-12-18,9136
1467,南緯,10,0,10,群益金鼎-西松,2023-12-18,9136
1727,中華化,10,0,10,群益金鼎-西松,2023-12-18,9136
2534,宏盛,10,0,10,群益金鼎-西松,2023-12-18,9136
6188,廣明,11,1,10,群益金鼎-西松,2023-12-18,9136
00918,大華優利高填息30,9,0,9,群益金鼎-西松,2023-12-18,9136
00706L,期元大S＆P日圓正2,11,2,9,群益金鼎-西松,2023-12-18,9136
2505,國揚,10,1,9,群益金鼎-西松,2023-12-18,9136
2614,東森,9,0,9,群益金鼎-西松,2023-12-18,9136
3522,御嵿,12,3,9,群益金鼎-西松,2023-12-18,9136
6179,亞通,11,2,9,群益金鼎-西松,2023-12-18,9136
2882,國泰金,8,0,8,群益金鼎-西松,2023-12-18,9136
3712,永崴投控,10,2,8,群益金鼎-西松,2023-12-18,9136
4113,聯上,8,0,8,群益金鼎-西松,2023-12-18,9136
2323,中環,66,0,66,群益金鼎-西松,2023-12-19,9136
2303,聯電,54,0,54,群益金鼎-西松,2023-12-19,9136
9919,康那香,74,22,52,群益金鼎-西松,2023-12-19,9136
00679B,元大美債20年,55,3,52,群益金鼎-西松,2023-12-19,9136
00933B,國泰10Y+金融債,60,10,50,群益金鼎-西松,2023-12-19,9136
00937B,群益ESG投等債20,72,27,45,群益金鼎-西松,2023-12-19,9136
1605,華新,56,14,42,群益金鼎-西松,2023-12-19,9136
00688L,國泰20年美債正2,35,0,35,群益金鼎-西松,2023-12-19,9136
00878,國泰永續高股息,38,4,34,群益金鼎-西松,2023-12-19,9136
2409,友達,22,1,21,群益金鼎-西松,2023-12-19,9136
2356,英業達,40,20,20,群益金鼎-西松,2023-12-19,9136
5388,中磊,20,0,20,群益金鼎-西松,2023-12-19,9136
2882,國泰金,19,0,19,群益金鼎-西松,2023-12-19,9136
00680L,元大美債20正2,19,0,19,群益金鼎-西松,2023-12-19,9136
9105,泰金寶-DR,19,0,19,群益金鼎-西松,2023-12-19,9136
2615,萬海,32,15,17,群益金鼎-西松,2023-12-19,9136
2027,大成鋼,19,2,17,群益金鼎-西松,2023-12-19,9136
6191,精成科,16,1,15,群益金鼎-西松,2023-12-19,9136
5521,工信,17,4,13,群益金鼎-西松,2023-12-19,9136
6168,宏齊,17,4,13,群益金鼎-西松,2023-12-19,9136
2022,聚亨,50,38,12,群益金鼎-西松,2023-12-19,9136
00715L,期街口布蘭特正2,17,5,12,群益金鼎-西松,2023-12-19,9136
00918,大華優利高填息30,11,0,11,群益金鼎-西松,2023-12-19,9136
00720B,元大投資級公司債,11,0,11,群益金鼎-西松,2023-12-19,9136
00936,台新永續高息中小,11,0,11,群益金鼎-西松,2023-12-19,9136
2017,官田鋼,11,0,11,群益金鼎-西松,2023-12-19,9136
2606,裕民,13,2,11,群益金鼎-西松,2023-12-19,9136
4763,材料-KY,11,0,11,群益金鼎-西松,2023-12-19,9136
0056,元大高股息,15,5,10,群益金鼎-西松,2023-12-19,9136
2838A,聯邦銀甲特,10,0,10,群益金鼎-西松,2023-12-19,9136
2888,新光金,10,0,10,群益金鼎-西松,2023-12-19,9136
4113,聯上,10,0,10,群益金鼎-西松,2023-12-19,9136
6284,佳邦,10,0,10,群益金鼎-西松,2023-12-19,9136
2352,佳世達,10,1,9,群益金鼎-西松,2023-12-19,9136
1467,南緯,9,0,9,群益金鼎-西松,2023-12-19,9136
2367,燿華,10,1,9,群益金鼎-西松,2023-12-19,9136
3376,新日興,10,1,9,群益金鼎-西松,2023-12-19,9136
4973,廣穎,9,0,9,群益金鼎-西松,2023-12-19,9136
5225,東科-KY,11,2,9,群益金鼎-西松,2023-12-19,9136
8054,安國,15,6,9,群益金鼎-西松,2023-12-19,9136
8112,至上,14,5,9,群益金鼎-西松,2023-12-19,9136
6443,元晶,8,0,8,群益金鼎-西松,2023-12-19,9136
2328,廣宇,8,0,8,群益金鼎-西松,2023-12-19,9136
2534,宏盛,8,0,8,群益金鼎-西松,2023-12-19,9136
3532,台勝科,9,1,8,群益金鼎-西松,2023-12-19,9136
2344,華邦電,7,0,7,群益金鼎-西松,2023-12-19,9136
2542,興富發,7,0,7,群益金鼎-西松,2023-12-19,9136
2890,永豐金,7,0,7,群益金鼎-西松,2023-12-19,9136
3623,富晶通,7,0,7,群益金鼎-西松,2023-12-19,9136
6263,普萊德,7,0,7,群益金鼎-西松,2023-12-19,9136
9919,康那香,81,0,81,群益金鼎-西松,2023-12-20,9136
6263,普萊德,63,0,63,群益金鼎-西松,2023-12-20,9136
00919,群益台灣精選高息,62,0,62,群益金鼎-西松,2023-12-20,9136
1409,新纖,60,0,60,群益金鼎-西松,2023-12-20,9136
00918,大華優利高填息30,56,0,56,群益金鼎-西松,2023-12-20,9136
2363,矽統,55,2,53,群益金鼎-西松,2023-12-20,9136
00933B,國泰10Y+金融債,41,1,40,群益金鼎-西松,2023-12-20,9136
8085,福華,43,10,33,群益金鼎-西松,2023-12-20,9136
2312,金寶,39,8,31,群益金鼎-西松,2023-12-20,9136
00637L,元大滬深300正2,30,0,30,群益金鼎-西松,2023-12-20,9136
3715,定穎投控,23,1,22,群益金鼎-西松,2023-12-20,9136
2406,國碩,20,0,20,群益金鼎-西松,2023-12-20,9136
6112,邁達特,21,1,20,群益金鼎-西松,2023-12-20,9136
00679B,元大美債20年,58,41,17,群益金鼎-西松,2023-12-20,9136
00642U,期元大S＆P石油,21,5,16,群益金鼎-西松,2023-12-20,9136
2891,中信金,16,0,16,群益金鼎-西松,2023-12-20,9136
00882,中信中國高股息,15,0,15,群益金鼎-西松,2023-12-20,9136
2303,聯電,16,1,15,群益金鼎-西松,2023-12-20,9136
6143,振曜,15,0,15,群益金鼎-西松,2023-12-20,9136
6275,元山,15,0,15,群益金鼎-西松,2023-12-20,9136
6182,合晶,17,3,14,群益金鼎-西松,2023-12-20,9136
00687B,國泰20年美債,17,4,13,群益金鼎-西松,2023-12-20,9136
4306,炎洲,15,2,13,群益金鼎-西松,2023-12-20,9136
6282,康舒,13,0,13,群益金鼎-西松,2023-12-20,9136
2887,台新金,12,0,12,群益金鼎-西松,2023-12-20,9136
3518,柏騰,12,0,12,群益金鼎-西松,2023-12-20,9136
00937B,群益ESG投等債20,11,0,11,群益金鼎-西松,2023-12-20,9136
1618,合機,13,2,11,群益金鼎-西松,2023-12-20,9136
2603,長榮,22,11,11,群益金鼎-西松,2023-12-20,9136
6122,擎邦,11,0,11,群益金鼎-西松,2023-12-20,9136
1524,耿鼎,14,4,10,群益金鼎-西松,2023-12-20,9136
2601,益航,10,0,10,群益金鼎-西松,2023-12-20,9136
2883,凱基金,10,0,10,群益金鼎-西松,2023-12-20,9136
4142,國光生,10,0,10,群益金鼎-西松,2023-12-20,9136
4934,太極,10,0,10,群益金鼎-西松,2023-12-20,9136
9802,鈺齊-KY,10,0,10,群益金鼎-西松,2023-12-20,9136
3006,晶豪科,18,10,8,群益金鼎-西松,2023-12-20,9136
2643,捷迅,8,0,8,群益金鼎-西松,2023-12-20,9136
1504,東元,9,2,7,群益金鼎-西松,2023-12-20,9136
8112,至上,7,0,7,群益金鼎-西松,2023-12-20,9136
2881,富邦金,8,1,7,群益金鼎-西松,2023-12-20,9136
6138,茂達,29,23,6,群益金鼎-西松,2023-12-20,9136
00720B,元大投資級公司債,7,1,6,群益金鼎-西松,2023-12-20,9136
6231,系微,8,2,6,群益金鼎-西松,2023-12-20,9136
1605,華新,36,30,6,群益金鼎-西松,2023-12-20,9136
2408,南亞科,6,0,6,群益金鼎-西松,2023-12-20,9136
5321,美而快,15,10,5,群益金鼎-西松,2023-12-20,9136
2882,國泰金,6,1,5,群益金鼎-西松,2023-12-20,9136
00788B,元大10年IG電能債,5,0,5,群益金鼎-西松,2023-12-20,9136
00892,富邦台灣半導體,5,0,5,群益金鼎-西松,2023-12-20,9136
2443,昶虹,1600,0,1600,群益金鼎-西松,2023-12-21,9136
2609,陽明,367,235,132,群益金鼎-西松,2023-12-21,9136
00632R,元大台灣50反1,100,4,96,群益金鼎-西松,2023-12-21,9136
1722,台肥,86,0,86,群益金鼎-西松,2023-12-21,9136
00919,群益台灣精選高息,85,3,82,群益金鼎-西松,2023-12-21,9136
2645,長榮航太,53,0,53,群益金鼎-西松,2023-12-21,9136
00665L,富邦�琤肭磪囓�2,50,0,50,群益金鼎-西松,2023-12-21,9136
00929,復華台灣科技優息,50,4,46,群益金鼎-西松,2023-12-21,9136
9105,泰金寶-DR,145,100,45,群益金鼎-西松,2023-12-21,9136
2641,正德,45,7,38,群益金鼎-西松,2023-12-21,9136
2801,彰銀,35,0,35,群益金鼎-西松,2023-12-21,9136
2344,華邦電,37,3,34,群益金鼎-西松,2023-12-21,9136
00878,國泰永續高股息,36,6,30,群益金鼎-西松,2023-12-21,9136
6129,普誠,32,2,30,群益金鼎-西松,2023-12-21,9136
00637L,元大滬深300正2,39,10,29,群益金鼎-西松,2023-12-21,9136
6189,豐藝,31,2,29,群益金鼎-西松,2023-12-21,9136
2363,矽統,27,1,26,群益金鼎-西松,2023-12-21,9136
2365,昆盈,20,0,20,群益金鼎-西松,2023-12-21,9136
2412,中華電,18,0,18,群益金鼎-西松,2023-12-21,9136
00933B,國泰10Y+金融債,16,0,16,群益金鼎-西松,2023-12-21,9136
5425,台半,16,2,14,群益金鼎-西松,2023-12-21,9136
2409,友達,14,1,13,群益金鼎-西松,2023-12-21,9136
2465,麗臺,12,0,12,群益金鼎-西松,2023-12-21,9136
2516,新建,12,0,12,群益金鼎-西松,2023-12-21,9136
2883B,凱基金乙特,12,0,12,群益金鼎-西松,2023-12-21,9136
00891,中信關鍵半導體,11,0,11,群益金鼎-西松,2023-12-21,9136
2891,中信金,13,2,11,群益金鼎-西松,2023-12-21,9136
00877,復華中國5G,22,12,10,群益金鼎-西松,2023-12-21,9136
1524,耿鼎,16,6,10,群益金鼎-西松,2023-12-21,9136
5439,高技,14,4,10,群益金鼎-西松,2023-12-21,9136
6244,茂迪,9,0,9,群益金鼎-西松,2023-12-21,9136
00680L,元大美債20正2,10,2,8,群益金鼎-西松,2023-12-21,9136
2337,旺宏,9,1,8,群益金鼎-西松,2023-12-21,9136
8076,伍豐,8,0,8,群益金鼎-西松,2023-12-21,9136
00882,中信中國高股息,7,0,7,群益金鼎-西松,2023-12-21,9136
1504,東元,11,4,7,群益金鼎-西松,2023-12-21,9136
1591,駿吉-KY,7,0,7,群益金鼎-西松,2023-12-21,9136
2356,英業達,149,142,7,群益金鼎-西松,2023-12-21,9136
2449,京元電子,9,2,7,群益金鼎-西松,2023-12-21,9136
5321,美而快,7,0,7,群益金鼎-西松,2023-12-21,9136
6016,康和證,7,0,7,群益金鼎-西松,2023-12-21,9136
6548,長科*,7,0,7,群益金鼎-西松,2023-12-21,9136
2330,台積電,18,11,7,群益金鼎-西松,2023-12-21,9136
2603,長榮,22,16,6,群益金鼎-西松,2023-12-21,9136
3034,聯詠,6,0,6,群益金鼎-西松,2023-12-21,9136
2404,漢唐,6,0,6,群益金鼎-西松,2023-12-21,9136
2643,捷迅,6,0,6,群益金鼎-西松,2023-12-21,9136
3346,麗清,11,5,6,群益金鼎-西松,2023-12-21,9136
4915,致伸,6,0,6,群益金鼎-西松,2023-12-21,9136
5608,四維航,7,1,6,群益金鼎-西松,2023-12-21,9136
00919,群益台灣精選高息,1304,59,1245,群益金鼎-西松,2023-12-22,9136
2408,南亞科,505,23,482,群益金鼎-西松,2023-12-22,9136
2443,昶虹,1381,1252,129,群益金鼎-西松,2023-12-22,9136
00937B,群益ESG投等債20,85,0,85,群益金鼎-西松,2023-12-22,9136
00665L,富邦�琤肭磪囓�2,80,0,80,群益金鼎-西松,2023-12-22,9136
6129,普誠,53,1,52,群益金鼎-西松,2023-12-22,9136
1722,台肥,44,0,44,群益金鼎-西松,2023-12-22,9136
00877,復華中國5G,30,0,30,群益金鼎-西松,2023-12-22,9136
6412,群電,25,2,23,群益金鼎-西松,2023-12-22,9136
6143,振曜,22,0,22,群益金鼎-西松,2023-12-22,9136
5009,榮剛,27,5,22,群益金鼎-西松,2023-12-22,9136
00772B,中信高評級公司債,20,0,20,群益金鼎-西松,2023-12-22,9136
00753L,中信中國50正2,20,0,20,群益金鼎-西松,2023-12-22,9136
1560,中砂,30,10,20,群益金鼎-西松,2023-12-22,9136
00720B,元大投資級公司債,19,0,19,群益金鼎-西松,2023-12-22,9136
2610,華航,28,9,19,群益金鼎-西松,2023-12-22,9136
00788B,元大10年IG電能債,15,0,15,群益金鼎-西松,2023-12-22,9136
00757,統一FANG+,15,0,15,群益金鼎-西松,2023-12-22,9136
9105,泰金寶-DR,30,15,15,群益金鼎-西松,2023-12-22,9136
00918,大華優利高填息30,14,0,14,群益金鼎-西松,2023-12-22,9136
5512,力麒,15,2,13,群益金鼎-西松,2023-12-22,9136
2331,精英,15,3,12,群益金鼎-西松,2023-12-22,9136
6168,宏齊,11,0,11,群益金鼎-西松,2023-12-22,9136
4979,華星光,11,1,10,群益金鼎-西松,2023-12-22,9136
8011,台通,10,0,10,群益金鼎-西松,2023-12-22,9136
8039,台虹,10,0,10,群益金鼎-西松,2023-12-22,9136
2482,連宇,9,0,9,群益金鼎-西松,2023-12-22,9136
4973,廣穎,9,0,9,群益金鼎-西松,2023-12-22,9136
2353,宏��,56,48,8,群益金鼎-西松,2023-12-22,9136
1308,亞聚,8,0,8,群益金鼎-西松,2023-12-22,9136
2029,盛餘,8,0,8,群益金鼎-西松,2023-12-22,9136
2258,鴻華先進-創,8,0,8,群益金鼎-西松,2023-12-22,9136
00929,復華台灣科技優息,9,2,7,群益金鼎-西松,2023-12-22,9136
5483,中美晶,8,1,7,群益金鼎-西松,2023-12-22,9136
6546,正基,21,14,7,群益金鼎-西松,2023-12-22,9136
00936,台新永續高息中小,6,0,6,群益金鼎-西松,2023-12-22,9136
2409,友達,27,21,6,群益金鼎-西松,2023-12-22,9136
3362,先進光,17,11,6,群益金鼎-西松,2023-12-22,9136
3372,典範,6,0,6,群益金鼎-西松,2023-12-22,9136
5432,新門,6,0,6,群益金鼎-西松,2023-12-22,9136
6189,豐藝,10,4,6,群益金鼎-西松,2023-12-22,9136
00713,元大台灣高息低波,6,0,6,群益金鼎-西松,2023-12-22,9136
00696B,富邦美債20年,5,0,5,群益金鼎-西松,2023-12-22,9136
1321,大洋,5,0,5,群益金鼎-西松,2023-12-22,9136
1326,台化,6,1,5,群益金鼎-西松,2023-12-22,9136
2010,春源,5,0,5,群益金鼎-西松,2023-12-22,9136
2332,友訊,5,0,5,群益金鼎-西松,2023-12-22,9136
2345,智邦,5,0,5,群益金鼎-西松,2023-12-22,9136
2404,漢唐,5,0,5,群益金鼎-西松,2023-12-22,9136
3321,同泰,5,0,5,群益金鼎-西松,2023-12-22,9136
2443,昶虹,1710,499,1211,群益金鼎-西松,2023-12-25,9136
00919,群益台灣精選高息,335,11,324,群益金鼎-西松,2023-12-25,9136
2888,新光金,140,10,130,群益金鼎-西松,2023-12-25,9136
3481,群創,83,32,51,群益金鼎-西松,2023-12-25,9136
2353,宏��,276,236,40,群益金鼎-西松,2023-12-25,9136
00715L,期街口布蘭特正2,49,10,39,群益金鼎-西松,2023-12-25,9136
2344,華邦電,40,3,37,群益金鼎-西松,2023-12-25,9136
6244,茂迪,29,1,28,群益金鼎-西松,2023-12-25,9136
00877,復華中國5G,26,0,26,群益金鼎-西松,2023-12-25,9136
2356,英業達,55,31,24,群益金鼎-西松,2023-12-25,9136
2607,榮運,23,2,21,群益金鼎-西松,2023-12-25,9136
00679B,元大美債20年,21,1,20,群益金鼎-西松,2023-12-25,9136
2405,輔信,20,0,20,群益金鼎-西松,2023-12-25,9136
2481,強茂,20,0,20,群益金鼎-西松,2023-12-25,9136
2618,長榮航,20,0,20,群益金鼎-西松,2023-12-25,9136
2436,偉詮電,19,0,19,群益金鼎-西松,2023-12-25,9136
2317,鴻海,85,70,15,群益金鼎-西松,2023-12-25,9136
6485,點序,17,2,15,群益金鼎-西松,2023-12-25,9136
1584,精剛,15,1,14,群益金鼎-西松,2023-12-25,9136
2363,矽統,15,1,14,群益金鼎-西松,2023-12-25,9136
2465,麗臺,13,0,13,群益金鼎-西松,2023-12-25,9136
3047,訊舟,15,3,12,群益金鼎-西松,2023-12-25,9136
3321,同泰,13,1,12,群益金鼎-西松,2023-12-25,9136
6214,精誠,15,3,12,群益金鼎-西松,2023-12-25,9136
2606,裕民,17,6,11,群益金鼎-西松,2023-12-25,9136
00632R,元大台灣50反1,10,0,10,群益金鼎-西松,2023-12-25,9136
1905,華紙,10,0,10,群益金鼎-西松,2023-12-25,9136
2506,太設,10,0,10,群益金鼎-西松,2023-12-25,9136
2516,新建,10,0,10,群益金鼎-西松,2023-12-25,9136
3540,曜越,10,0,10,群益金鼎-西松,2023-12-25,9136
4303,信立,10,0,10,群益金鼎-西松,2023-12-25,9136
6189,豐藝,10,0,10,群益金鼎-西松,2023-12-25,9136
6684,安格,12,2,10,群益金鼎-西松,2023-12-25,9136
00687B,國泰20年美債,23,14,9,群益金鼎-西松,2023-12-25,9136
00720B,元大投資級公司債,9,0,9,群益金鼎-西松,2023-12-25,9136
2368,金像電,10,1,9,群益金鼎-西松,2023-12-25,9136
00923,群益台ESG低碳50,14,6,8,群益金鼎-西松,2023-12-25,9136
2421,建準,17,9,8,群益金鼎-西松,2023-12-25,9136
2883B,凱基金乙特,8,0,8,群益金鼎-西松,2023-12-25,9136
8016,矽創,7,0,7,群益金鼎-西松,2023-12-25,9136
3211,順達,8,1,7,群益金鼎-西松,2023-12-25,9136
00937B,群益ESG投等債20,7,0,7,群益金鼎-西松,2023-12-25,9136
5228,鈺鎧,7,0,7,群益金鼎-西松,2023-12-25,9136
6770,力積電,7,0,7,群益金鼎-西松,2023-12-25,9136
8050,廣積,7,0,7,群益金鼎-西松,2023-12-25,9136
6182,合晶,6,0,6,群益金鼎-西松,2023-12-25,9136
1321,大洋,6,0,6,群益金鼎-西松,2023-12-25,9136
00680L,元大美債20正2,8,2,6,群益金鼎-西松,2023-12-25,9136
00918,大華優利高填息30,6,0,6,群益金鼎-西松,2023-12-25,9136
1809,中釉,6,0,6,群益金鼎-西松,2023-12-25,9136
00936,台新永續高息中小,400,0,400,群益金鼎-西松,2023-12-26,9136
2443,昶虹,304,0,304,群益金鼎-西松,2023-12-26,9136
2324,仁寶,322,93,229,群益金鼎-西松,2023-12-26,9136
2890,永豐金,100,4,96,群益金鼎-西松,2023-12-26,9136
00687B,國泰20年美債,43,0,43,群益金鼎-西松,2023-12-26,9136
2365,昆盈,36,1,35,群益金鼎-西松,2023-12-26,9136
00632R,元大台灣50反1,40,6,34,群益金鼎-西松,2023-12-26,9136
00929,復華台灣科技優息,36,2,34,群益金鼎-西松,2023-12-26,9136
00877,復華中國5G,32,0,32,群益金鼎-西松,2023-12-26,9136
00637L,元大滬深300正2,30,0,30,群益金鼎-西松,2023-12-26,9136
00751B,元大AAA至A公司債,22,0,22,群益金鼎-西松,2023-12-26,9136
00720B,元大投資級公司債,22,0,22,群益金鼎-西松,2023-12-26,9136
3532,台勝科,21,0,21,群益金鼎-西松,2023-12-26,9136
2002,中鋼,18,1,17,群益金鼎-西松,2023-12-26,9136
2882,國泰金,16,1,15,群益金鼎-西松,2023-12-26,9136
3438,類比科,15,0,15,群益金鼎-西松,2023-12-26,9136
3231,緯創,29,18,11,群益金鼎-西松,2023-12-26,9136
00712,復華富時不動產,11,0,11,群益金鼎-西松,2023-12-26,9136
00878,國泰永續高股息,31,21,10,群益金鼎-西松,2023-12-26,9136
00665L,富邦�琤肭磪囓�2,10,0,10,群益金鼎-西松,2023-12-26,9136
1612,宏泰,10,0,10,群益金鼎-西松,2023-12-26,9136
2377,微星,18,8,10,群益金鼎-西松,2023-12-26,9136
6799,來頡,11,1,10,群益金鼎-西松,2023-12-26,9136
9105,泰金寶-DR,10,0,10,群益金鼎-西松,2023-12-26,9136
00933B,國泰10Y+金融債,10,1,9,群益金鼎-西松,2023-12-26,9136
6533,晶心科,16,8,8,群益金鼎-西松,2023-12-26,9136
1301,台塑,8,0,8,群益金鼎-西松,2023-12-26,9136
2402,毅嘉,16,8,8,群益金鼎-西松,2023-12-26,9136
2889,國票金,12,4,8,群益金鼎-西松,2023-12-26,9136
2337,旺宏,8,0,8,群益金鼎-西松,2023-12-26,9136
2609,陽明,69,62,7,群益金鼎-西松,2023-12-26,9136
3017,奇鋐,6,0,6,群益金鼎-西松,2023-12-26,9136
1584,精剛,6,0,6,群益金鼎-西松,2023-12-26,9136
2023,燁輝,6,0,6,群益金鼎-西松,2023-12-26,9136
3321,同泰,6,0,6,群益金鼎-西松,2023-12-26,9136
3325,旭品,8,2,6,群益金鼎-西松,2023-12-26,9136
4766,南寶,6,0,6,群益金鼎-西松,2023-12-26,9136
1471,首利,5,0,5,群益金鼎-西松,2023-12-26,9136
1513,中興電,8,3,5,群益金鼎-西松,2023-12-26,9136
2618,長榮航,9,4,5,群益金鼎-西松,2023-12-26,9136
3234,光環,5,0,5,群益金鼎-西松,2023-12-26,9136
3374,精材,5,0,5,群益金鼎-西松,2023-12-26,9136
6187,萬潤,5,0,5,群益金鼎-西松,2023-12-26,9136
6188,廣明,5,0,5,群益金鼎-西松,2023-12-26,9136
6191,精成科,5,0,5,群益金鼎-西松,2023-12-26,9136
6679,鈺太,6,1,5,群益金鼎-西松,2023-12-26,9136
6937,天虹,5,0,5,群益金鼎-西松,2023-12-26,9136
1312,國喬,9,4,5,群益金鼎-西松,2023-12-26,9136
00679B,元大美債20年,4,0,4,群益金鼎-西松,2023-12-26,9136
2034,允強,4,0,4,群益金鼎-西松,2023-12-26,9136
2353,宏��,334,89,245,群益金鼎-西松,2023-12-27,9136
2303,聯電,445,231,214,群益金鼎-西松,2023-12-27,9136
4906,正文,96,14,82,群益金鼎-西松,2023-12-27,9136
00665L,富邦�琤肭磪囓�2,50,0,50,群益金鼎-西松,2023-12-27,9136
3321,同泰,43,0,43,群益金鼎-西松,2023-12-27,9136
6288,聯嘉,68,25,43,群益金鼎-西松,2023-12-27,9136
9802,鈺齊-KY,41,0,41,群益金鼎-西松,2023-12-27,9136
00878,國泰永續高股息,97,66,31,群益金鼎-西松,2023-12-27,9136
00753L,中信中國50正2,30,0,30,群益金鼎-西松,2023-12-27,9136
00679B,元大美債20年,29,1,28,群益金鼎-西松,2023-12-27,9136
0056,元大高股息,60,34,26,群益金鼎-西松,2023-12-27,9136
2313,華通,26,1,25,群益金鼎-西松,2023-12-27,9136
8112,至上,24,0,24,群益金鼎-西松,2023-12-27,9136
2883,凱基金,22,1,21,群益金鼎-西松,2023-12-27,9136
6411,晶焱,20,0,20,群益金鼎-西松,2023-12-27,9136
2405,輔信,54,35,19,群益金鼎-西松,2023-12-27,9136
4113,聯上,17,0,17,群益金鼎-西松,2023-12-27,9136
00673R,期元大S＆P原油反1,15,0,15,群益金鼎-西松,2023-12-27,9136
3532,台勝科,15,1,14,群益金鼎-西松,2023-12-27,9136
5425,台半,14,0,14,群益金鼎-西松,2023-12-27,9136
6789,采鈺,16,2,14,群益金鼎-西松,2023-12-27,9136
2618,長榮航,26,13,13,群益金鼎-西松,2023-12-27,9136
2363,矽統,13,0,13,群益金鼎-西松,2023-12-27,9136
6285,啟��,15,3,12,群益金鼎-西松,2023-12-27,9136
00772B,中信高評級公司債,11,0,11,群益金鼎-西松,2023-12-27,9136
00877,復華中國5G,10,0,10,群益金鼎-西松,2023-12-27,9136
00637L,元大滬深300正2,20,10,10,群益金鼎-西松,2023-12-27,9136
2883B,凱基金乙特,10,0,10,群益金鼎-西松,2023-12-27,9136
8936,國統,27,17,10,群益金鼎-西松,2023-12-27,9136
4162,智擎,11,2,9,群益金鼎-西松,2023-12-27,9136
6462,神盾,16,7,9,群益金鼎-西松,2023-12-27,9136
3390,旭軟,26,18,8,群益金鼎-西松,2023-12-27,9136
1795,美時,10,2,8,群益金鼎-西松,2023-12-27,9136
2409,友達,107,99,8,群益金鼎-西松,2023-12-27,9136
2388,威盛,7,0,7,群益金鼎-西松,2023-12-27,9136
5426,振發,7,0,7,群益金鼎-西松,2023-12-27,9136
5522,遠雄,7,0,7,群益金鼎-西松,2023-12-27,9136
1216,統一,6,0,6,群益金鼎-西松,2023-12-27,9136
1316,上曜,6,0,6,群益金鼎-西松,2023-12-27,9136
2014,中鴻,9,3,6,群益金鼎-西松,2023-12-27,9136
3518,柏騰,6,0,6,群益金鼎-西松,2023-12-27,9136
5351,鈺創,6,0,6,群益金鼎-西松,2023-12-27,9136
5398,慕康生醫,6,0,6,群益金鼎-西松,2023-12-27,9136
6561,是方,6,0,6,群益金鼎-西松,2023-12-27,9136
8039,台虹,6,0,6,群益金鼎-西松,2023-12-27,9136
2002,中鋼,6,0,6,群益金鼎-西松,2023-12-27,9136
2379,瑞昱,9,3,6,群益金鼎-西松,2023-12-27,9136
00916,國泰全球品牌50,5,0,5,群益金鼎-西松,2023-12-27,9136
1584,精剛,5,0,5,群益金鼎-西松,2023-12-27,9136
2481,強茂,5,0,5,群益金鼎-西松,2023-12-27,9136
00937B,群益ESG投等債20,275,0,275,群益金鼎-西松,2023-12-28,9136
3706,神達,222,46,176,群益金鼎-西松,2023-12-28,9136
00929,復華台灣科技優息,147,5,142,群益金鼎-西松,2023-12-28,9136
2344,華邦電,176,43,133,群益金鼎-西松,2023-12-28,9136
00715L,期街口布蘭特正2,109,0,109,群益金鼎-西松,2023-12-28,9136
00751B,元大AAA至A公司債,51,0,51,群益金鼎-西松,2023-12-28,9136
3006,晶豪科,50,7,43,群益金鼎-西松,2023-12-28,9136
00919,群益台灣精選高息,58,16,42,群益金鼎-西松,2023-12-28,9136
2356,英業達,86,46,40,群益金鼎-西松,2023-12-28,9136
2313,華通,33,1,32,群益金鼎-西松,2023-12-28,9136
0056,元大高股息,48,20,28,群益金鼎-西松,2023-12-28,9136
6237,驊訊,25,3,22,群益金鼎-西松,2023-12-28,9136
3321,同泰,23,3,20,群益金鼎-西松,2023-12-28,9136
2352,佳世達,20,2,18,群益金鼎-西松,2023-12-28,9136
00642U,期元大S＆P石油,17,0,17,群益金鼎-西松,2023-12-28,9136
2382,廣達,24,7,17,群益金鼎-西松,2023-12-28,9136
8936,國統,47,33,14,群益金鼎-西松,2023-12-28,9136
3231,緯創,26,13,13,群益金鼎-西松,2023-12-28,9136
00935,野村臺灣新科技50,12,0,12,群益金鼎-西松,2023-12-28,9136
2365,昆盈,32,21,11,群益金鼎-西松,2023-12-28,9136
3338,泰碩,14,3,11,群益金鼎-西松,2023-12-28,9136
6179,亞通,20,9,11,群益金鼎-西松,2023-12-28,9136
6189,豐藝,31,20,11,群益金鼎-西松,2023-12-28,9136
6235,華孚,12,1,11,群益金鼎-西松,2023-12-28,9136
6901,鑽石投資,10,0,10,群益金鼎-西松,2023-12-28,9136
3545,敦泰,10,0,10,群益金鼎-西松,2023-12-28,9136
6284,佳邦,10,0,10,群益金鼎-西松,2023-12-28,9136
00885,富邦越南,10,0,10,群益金鼎-西松,2023-12-28,9136
1314,中石化,10,0,10,群益金鼎-西松,2023-12-28,9136
2402,毅嘉,10,0,10,群益金鼎-西松,2023-12-28,9136
2515,中工,10,0,10,群益金鼎-西松,2023-12-28,9136
4906,正文,10,0,10,群益金鼎-西松,2023-12-28,9136
8011,台通,15,5,10,群益金鼎-西松,2023-12-28,9136
1416,廣豐,9,0,9,群益金鼎-西松,2023-12-28,9136
5425,台半,9,0,9,群益金鼎-西松,2023-12-28,9136
2449,京元電子,9,1,8,群益金鼎-西松,2023-12-28,9136
2501,國建,8,0,8,群益金鼎-西松,2023-12-28,9136
2881,富邦金,11,3,8,群益金鼎-西松,2023-12-28,9136
3596,智易,8,0,8,群益金鼎-西松,2023-12-28,9136
00923,群益台ESG低碳50,7,0,7,群益金鼎-西松,2023-12-28,9136
1605,華新,42,35,7,群益金鼎-西松,2023-12-28,9136
6269,台郡,7,0,7,群益金鼎-西松,2023-12-28,9136
2610,華航,7,0,7,群益金鼎-西松,2023-12-28,9136
1513,中興電,34,27,7,群益金鼎-西松,2023-12-28,9136
3390,旭軟,13,7,6,群益金鼎-西松,2023-12-28,9136
6233,旺玖,6,0,6,群益金鼎-西松,2023-12-28,9136
1312,國喬,6,0,6,群益金鼎-西松,2023-12-28,9136
2615,萬海,11,5,6,群益金鼎-西松,2023-12-28,9136
3518,柏騰,6,0,6,群益金鼎-西松,2023-12-28,9136
4770,上品,6,0,6,群益金鼎-西松,2023-12-28,9136
00936,台新永續高息中小,505,0,505,群益金鼎-西松,2023-12-29,9136
2731,雄獅,156,1,155,群益金鼎-西松,2023-12-29,9136
1609,大亞,101,1,100,群益金鼎-西松,2023-12-29,9136
00725B,國泰投資級公司債,50,0,50,群益金鼎-西松,2023-12-29,9136
00919,群益台灣精選高息,43,0,43,群益金鼎-西松,2023-12-29,9136
00642U,期元大S＆P石油,42,2,40,群益金鼎-西松,2023-12-29,9136
00712,復華富時不動產,32,0,32,群益金鼎-西松,2023-12-29,9136
3006,晶豪科,51,21,30,群益金鼎-西松,2023-12-29,9136
00665L,富邦�琤肭磪囓�2,50,20,30,群益金鼎-西松,2023-12-29,9136
2317,鴻海,90,62,28,群益金鼎-西松,2023-12-29,9136
00715L,期街口布蘭特正2,31,5,26,群益金鼎-西松,2023-12-29,9136
3402,漢科,27,2,25,群益金鼎-西松,2023-12-29,9136
00929,復華台灣科技優息,24,0,24,群益金鼎-西松,2023-12-29,9136
2356,英業達,45,22,23,群益金鼎-西松,2023-12-29,9136
5469,瀚宇博,21,0,21,群益金鼎-西松,2023-12-29,9136
2337,旺宏,21,1,20,群益金鼎-西松,2023-12-29,9136
9802,鈺齊-KY,21,1,20,群益金鼎-西松,2023-12-29,9136
6770,力積電,24,6,18,群益金鼎-西松,2023-12-29,9136
8096,擎亞,19,2,17,群益金鼎-西松,2023-12-29,9136
2409,友達,21,4,17,群益金鼎-西松,2023-12-29,9136
9105,泰金寶-DR,15,0,15,群益金鼎-西松,2023-12-29,9136
5351,鈺創,14,1,13,群益金鼎-西松,2023-12-29,9136
6196,帆宣,13,2,11,群益金鼎-西松,2023-12-29,9136
2722,夏都,10,0,10,群益金鼎-西松,2023-12-29,9136
5439,高技,18,8,10,群益金鼎-西松,2023-12-29,9136
8227,巨有科技,10,0,10,群益金鼎-西松,2023-12-29,9136
2402,毅嘉,12,3,9,群益金鼎-西松,2023-12-29,9136
2491,吉祥全,9,0,9,群益金鼎-西松,2023-12-29,9136
4532,瑞智,8,0,8,群益金鼎-西松,2023-12-29,9136
0056,元大高股息,9,2,7,群益金鼎-西松,2023-12-29,9136
3049,精金,7,0,7,群益金鼎-西松,2023-12-29,9136
3260,威剛,11,4,7,群益金鼎-西松,2023-12-29,9136
00722B,群益投資級電信債,6,0,6,群益金鼎-西松,2023-12-29,9136
00923,群益台ESG低碳50,6,0,6,群益金鼎-西松,2023-12-29,9136
1810,和成,6,0,6,群益金鼎-西松,2023-12-29,9136
2501,國建,6,0,6,群益金鼎-西松,2023-12-29,9136
2547,日勝生,6,0,6,群益金鼎-西松,2023-12-29,9136
3374,精材,6,0,6,群益金鼎-西松,2023-12-29,9136
6231,系微,6,0,6,群益金鼎-西松,2023-12-29,9136
00891,中信關鍵半導體,10,4,6,群益金鼎-西松,2023-12-29,9136
1605,華新,35,30,5,群益金鼎-西松,2023-12-29,9136
00669R,國泰美國道瓊反1,5,0,5,群益金鼎-西松,2023-12-29,9136
1304,台聚,5,0,5,群益金鼎-西松,2023-12-29,9136
1503,士電,15,10,5,群益金鼎-西松,2023-12-29,9136
2027,大成鋼,5,0,5,群益金鼎-西松,2023-12-29,9136
2340,台亞,5,0,5,群益金鼎-西松,2023-12-29,9136
2482,連宇,5,0,5,群益金鼎-西松,2023-12-29,9136
4109,加捷生醫,5,0,5,群益金鼎-西松,2023-12-29,9136
4770,上品,5,0,5,群益金鼎-西松,2023-12-29,9136
4958,臻鼎-KY,5,0,5,群益金鼎-西松,2023-12-29,9136
2609,陽明,230,21,209,群益金鼎-西松,2024-01-02,9136
00679B,元大美債20年,180,1,179,群益金鼎-西松,2024-01-02,9136
2330,台積電,98,4,94,群益金鼎-西松,2024-01-02,9136
00772B,中信高評級公司債,100,8,92,群益金鼎-西松,2024-01-02,9136
00919,群益台灣精選高息,85,1,84,群益金鼎-西松,2024-01-02,9136
3231,緯創,77,6,71,群益金鼎-西松,2024-01-02,9136
00637L,元大滬深300正2,50,0,50,群益金鼎-西松,2024-01-02,9136
00918,大華優利高填息30,44,0,44,群益金鼎-西松,2024-01-02,9136
2352,佳世達,41,4,37,群益金鼎-西松,2024-01-02,9136
00712,復華富時不動產,28,0,28,群益金鼎-西松,2024-01-02,9136
00687B,國泰20年美債,25,0,25,群益金鼎-西松,2024-01-02,9136
0056,元大高股息,24,0,24,群益金鼎-西松,2024-01-02,9136
6770,力積電,34,10,24,群益金鼎-西松,2024-01-02,9136
5425,台半,23,1,22,群益金鼎-西松,2024-01-02,9136
4113,聯上,21,0,21,群益金鼎-西松,2024-01-02,9136
3321,同泰,32,11,21,群益金鼎-西松,2024-01-02,9136
1440,南紡,20,0,20,群益金鼎-西松,2024-01-02,9136
2480,敦陽科,20,0,20,群益金鼎-西松,2024-01-02,9136
1795,美時,21,2,19,群益金鼎-西松,2024-01-02,9136
2356,英業達,20,3,17,群益金鼎-西松,2024-01-02,9136
00935,野村臺灣新科技50,16,0,16,群益金鼎-西松,2024-01-02,9136
9802,鈺齊-KY,14,0,14,群益金鼎-西松,2024-01-02,9136
2023,燁輝,14,0,14,群益金鼎-西松,2024-01-02,9136
2376,技嘉,16,4,12,群益金鼎-西松,2024-01-02,9136
00720B,元大投資級公司債,12,0,12,群益金鼎-西松,2024-01-02,9136
00688L,國泰20年美債正2,10,0,10,群益金鼎-西松,2024-01-02,9136
00722B,群益投資級電信債,10,0,10,群益金鼎-西松,2024-01-02,9136
00877,復華中國5G,10,0,10,群益金鼎-西松,2024-01-02,9136
1314,中石化,10,0,10,群益金鼎-西松,2024-01-02,9136
1710,東聯,10,0,10,群益金鼎-西松,2024-01-02,9136
2313,華通,14,4,10,群益金鼎-西松,2024-01-02,9136
2365,昆盈,10,0,10,群益金鼎-西松,2024-01-02,9136
2834,臺企銀,10,0,10,群益金鼎-西松,2024-01-02,9136
00929,復華台灣科技優息,65,55,10,群益金鼎-西松,2024-01-02,9136
3037,欣興,9,0,9,群益金鼎-西松,2024-01-02,9136
3706,神達,9,0,9,群益金鼎-西松,2024-01-02,9136
3260,威剛,8,0,8,群益金鼎-西松,2024-01-02,9136
3264,欣銓,8,0,8,群益金鼎-西松,2024-01-02,9136
3265,台星科,10,2,8,群益金鼎-西松,2024-01-02,9136
6112,邁達特,8,0,8,群益金鼎-西松,2024-01-02,9136
00753L,中信中國50正2,37,30,7,群益金鼎-西松,2024-01-02,9136
2882,國泰金,7,0,7,群益金鼎-西松,2024-01-02,9136
2891,中信金,8,1,7,群益金鼎-西松,2024-01-02,9136
00773B,中信優先金融債,6,0,6,群益金鼎-西松,2024-01-02,9136
3017,奇鋐,7,1,6,群益金鼎-西松,2024-01-02,9136
2457,飛宏,7,1,6,群益金鼎-西松,2024-01-02,9136
6244,茂迪,6,0,6,群益金鼎-西松,2024-01-02,9136
00922,國泰台灣領袖50,6,0,6,群益金鼎-西松,2024-01-02,9136
2454,聯發科,5,0,5,群益金鼎-西松,2024-01-02,9136
2379,瑞昱,5,0,5,群益金鼎-西松,2024-01-02,9136
00937B,群益ESG投等債20,3174,50,3124,群益金鼎-西松,2024-01-03,9136
2443,昶虹,1792,108,1684,群益金鼎-西松,2024-01-03,9136
00919,群益台灣精選高息,548,290,258,群益金鼎-西松,2024-01-03,9136
00929,復華台灣科技優息,159,30,129,群益金鼎-西松,2024-01-03,9136
2344,華邦電,70,1,69,群益金鼎-西松,2024-01-03,9136
4113,聯上,62,1,61,群益金鼎-西松,2024-01-03,9136
3390,旭軟,110,49,61,群益金鼎-西松,2024-01-03,9136
2409,友達,55,0,55,群益金鼎-西松,2024-01-03,9136
2609,陽明,106,55,51,群益金鼎-西松,2024-01-03,9136
6770,力積電,28,0,28,群益金鼎-西松,2024-01-03,9136
00715L,期街口布蘭特正2,38,11,27,群益金鼎-西松,2024-01-03,9136
2356,英業達,31,5,26,群益金鼎-西松,2024-01-03,9136
2618,長榮航,79,53,26,群益金鼎-西松,2024-01-03,9136
2603,長榮,41,15,26,群益金鼎-西松,2024-01-03,9136
00642U,期元大S＆P石油,23,0,23,群益金鼎-西松,2024-01-03,9136
00935,野村臺灣新科技50,23,0,23,群益金鼎-西松,2024-01-03,9136
2014,中鴻,21,0,21,群益金鼎-西松,2024-01-03,9136
3321,同泰,37,17,20,群益金鼎-西松,2024-01-03,9136
3037,欣興,21,1,20,群益金鼎-西松,2024-01-03,9136
00637L,元大滬深300正2,20,0,20,群益金鼎-西松,2024-01-03,9136
2736,富野,20,0,20,群益金鼎-西松,2024-01-03,9136
8096,擎亞,27,7,20,群益金鼎-西松,2024-01-03,9136
00712,復華富時不動產,18,0,18,群益金鼎-西松,2024-01-03,9136
00877,復華中國5G,18,0,18,群益金鼎-西松,2024-01-03,9136
00934,中信成長高股息,17,0,17,群益金鼎-西松,2024-01-03,9136
00891,中信關鍵半導體,16,0,16,群益金鼎-西松,2024-01-03,9136
2515,中工,16,0,16,群益金鼎-西松,2024-01-03,9136
00900,富邦特選高股息30,15,0,15,群益金鼎-西松,2024-01-03,9136
1733,五鼎,17,2,15,群益金鼎-西松,2024-01-03,9136
3221,台嘉碩,16,1,15,群益金鼎-西松,2024-01-03,9136
3653,健策,14,0,14,群益金鼎-西松,2024-01-03,9136
2353,宏��,25,12,13,群益金鼎-西松,2024-01-03,9136
6197,佳必琪,12,0,12,群益金鼎-西松,2024-01-03,9136
2362,藍天,22,10,12,群益金鼎-西松,2024-01-03,9136
2324,仁寶,12,1,11,群益金鼎-西松,2024-01-03,9136
2337,旺宏,11,0,11,群益金鼎-西松,2024-01-03,9136
5009,榮剛,10,0,10,群益金鼎-西松,2024-01-03,9136
2883B,凱基金乙特,10,0,10,群益金鼎-西松,2024-01-03,9136
2887,台新金,10,0,10,群益金鼎-西松,2024-01-03,9136
3376,新日興,10,0,10,群益金鼎-西松,2024-01-03,9136
4973,廣穎,10,0,10,群益金鼎-西松,2024-01-03,9136
5381,合正,10,0,10,群益金鼎-西松,2024-01-03,9136
3035,智原,13,3,10,群益金鼎-西松,2024-01-03,9136
4968,立積,10,0,10,群益金鼎-西松,2024-01-03,9136
3518,柏騰,9,0,9,群益金鼎-西松,2024-01-03,9136
3596,智易,10,1,9,群益金鼎-西松,2024-01-03,9136
5706,鳳凰,9,0,9,群益金鼎-西松,2024-01-03,9136
9945,潤泰新,9,0,9,群益金鼎-西松,2024-01-03,9136
3711,日月光投控,8,0,8,群益金鼎-西松,2024-01-03,9136
1721,三晃,8,0,8,群益金鼎-西松,2024-01-03,9136
2443,昶虹,806,0,806,群益金鼎-西松,2024-01-04,9136
00919,群益台灣精選高息,202,5,197,群益金鼎-西松,2024-01-04,9136
2641,正德,140,7,133,群益金鼎-西松,2024-01-04,9136
00927,群益半導體收益,137,4,133,群益金鼎-西松,2024-01-04,9136
00720B,元大投資級公司債,105,0,105,群益金鼎-西松,2024-01-04,9136
00637L,元大滬深300正2,68,0,68,群益金鼎-西松,2024-01-04,9136
2409,友達,50,0,50,群益金鼎-西松,2024-01-04,9136
2206,三陽工業,53,4,49,群益金鼎-西松,2024-01-04,9136
2454,聯發科,40,6,34,群益金鼎-西松,2024-01-04,9136
4113,聯上,28,0,28,群益金鼎-西松,2024-01-04,9136
6531,愛普*,27,0,27,群益金鼎-西松,2024-01-04,9136
3694,海華,25,5,20,群益金鼎-西松,2024-01-04,9136
6695,芯鼎,21,1,20,群益金鼎-西松,2024-01-04,9136
3321,同泰,40,21,19,群益金鼎-西松,2024-01-04,9136
6284,佳邦,19,0,19,群益金鼎-西松,2024-01-04,9136
6126,信音,17,0,17,群益金鼎-西松,2024-01-04,9136
00929,復華台灣科技優息,15,0,15,群益金鼎-西松,2024-01-04,9136
00679B,元大美債20年,16,1,15,群益金鼎-西松,2024-01-04,9136
00673R,期元大S＆P原油反1,15,0,15,群益金鼎-西松,2024-01-04,9136
3041,揚智,14,0,14,群益金鼎-西松,2024-01-04,9136
3221,台嘉碩,15,1,14,群益金鼎-西松,2024-01-04,9136
6290,良維,13,0,13,群益金鼎-西松,2024-01-04,9136
8096,擎亞,18,6,12,群益金鼎-西松,2024-01-04,9136
3037,欣興,13,1,12,群益金鼎-西松,2024-01-04,9136
0056,元大高股息,12,0,12,群益金鼎-西松,2024-01-04,9136
8046,南電,12,0,12,群益金鼎-西松,2024-01-04,9136
4968,立積,12,0,12,群益金鼎-西松,2024-01-04,9136
00687B,國泰20年美債,11,0,11,群益金鼎-西松,2024-01-04,9136
8112,至上,13,2,11,群益金鼎-西松,2024-01-04,9136
1471,首利,10,0,10,群益金鼎-西松,2024-01-04,9136
4960,誠美材,10,0,10,群益金鼎-西松,2024-01-04,9136
5457,宣德,10,0,10,群益金鼎-西松,2024-01-04,9136
5521,工信,11,1,10,群益金鼎-西松,2024-01-04,9136
5603,陸海,10,0,10,群益金鼎-西松,2024-01-04,9136
6113,亞矽,15,5,10,群益金鼎-西松,2024-01-04,9136
00712,復華富時不動產,9,0,9,群益金鼎-西松,2024-01-04,9136
5450,南良,9,0,9,群益金鼎-西松,2024-01-04,9136
00786B,元大10年IG銀行債,8,0,8,群益金鼎-西松,2024-01-04,9136
3131,弘塑,8,0,8,群益金鼎-西松,2024-01-04,9136
6164,華興,13,5,8,群益金鼎-西松,2024-01-04,9136
3035,智原,16,8,8,群益金鼎-西松,2024-01-04,9136
6271,同欣電,8,1,7,群益金鼎-西松,2024-01-04,9136
2331,精英,8,1,7,群益金鼎-西松,2024-01-04,9136
00751B,元大AAA至A公司債,7,0,7,群益金鼎-西松,2024-01-04,9136
2329,華泰,10,3,7,群益金鼎-西松,2024-01-04,9136
3518,柏騰,7,0,7,群益金鼎-西松,2024-01-04,9136
2353,宏��,15,8,7,群益金鼎-西松,2024-01-04,9136
6669,緯穎,6,0,6,群益金鼎-西松,2024-01-04,9136
006207,復華滬深,6,0,6,群益金鼎-西松,2024-01-04,9136
00935,野村臺灣新科技50,6,0,6,群益金鼎-西松,2024-01-04,9136
00687B,國泰20年美債,316,0,316,群益金鼎-西松,2024-01-05,9136
2443,昶虹,246,0,246,群益金鼎-西松,2024-01-05,9136
3481,群創,220,37,183,群益金鼎-西松,2024-01-05,9136
00937B,群益ESG投等債20,139,3,136,群益金鼎-西松,2024-01-05,9136
1312,國喬,102,1,101,群益金鼎-西松,2024-01-05,9136
2888,新光金,100,1,99,群益金鼎-西松,2024-01-05,9136
2467,志聖,60,0,60,群益金鼎-西松,2024-01-05,9136
00929,復華台灣科技優息,59,0,59,群益金鼎-西松,2024-01-05,9136
2618,長榮航,77,24,53,群益金鼎-西松,2024-01-05,9136
6695,芯鼎,77,36,41,群益金鼎-西松,2024-01-05,9136
2303,聯電,139,103,36,群益金鼎-西松,2024-01-05,9136
6259,百徽,36,0,36,群益金鼎-西松,2024-01-05,9136
00753L,中信中國50正2,35,0,35,群益金鼎-西松,2024-01-05,9136
00680L,元大美債20正2,32,0,32,群益金鼎-西松,2024-01-05,9136
00919,群益台灣精選高息,31,0,31,群益金鼎-西松,2024-01-05,9136
1519,華城,33,2,31,群益金鼎-西松,2024-01-05,9136
4720,德淵,30,0,30,群益金鼎-西松,2024-01-05,9136
2324,仁寶,30,1,29,群益金鼎-西松,2024-01-05,9136
00877,復華中國5G,27,0,27,群益金鼎-西松,2024-01-05,9136
00688L,國泰20年美債正2,21,1,20,群益金鼎-西松,2024-01-05,9136
2356,英業達,33,13,20,群益金鼎-西松,2024-01-05,9136
0056,元大高股息,18,0,18,群益金鼎-西松,2024-01-05,9136
2330,台積電,17,1,16,群益金鼎-西松,2024-01-05,9136
2611,志信,16,1,15,群益金鼎-西松,2024-01-05,9136
2353,宏��,31,17,14,群益金鼎-西松,2024-01-05,9136
6462,神盾,19,7,12,群益金鼎-西松,2024-01-05,9136
9912,偉聯,12,0,12,群益金鼎-西松,2024-01-05,9136
00720B,元大投資級公司債,13,2,11,群益金鼎-西松,2024-01-05,9136
3380,明泰,15,4,11,群益金鼎-西松,2024-01-05,9136
4113,聯上,11,0,11,群益金鼎-西松,2024-01-05,9136
6168,宏齊,11,0,11,群益金鼎-西松,2024-01-05,9136
2489,瑞軒,22,12,10,群益金鼎-西松,2024-01-05,9136
2208,台船,11,1,10,群益金鼎-西松,2024-01-05,9136
2883B,凱基金乙特,10,0,10,群益金鼎-西松,2024-01-05,9136
3207,耀勝,11,1,10,群益金鼎-西松,2024-01-05,9136
3588,通嘉,16,6,10,群益金鼎-西松,2024-01-05,9136
4162,智擎,20,10,10,群益金鼎-西松,2024-01-05,9136
5425,台半,10,0,10,群益金鼎-西松,2024-01-05,9136
8227,巨有科技,10,0,10,群益金鼎-西松,2024-01-05,9136
00931B,統一美債20年,9,0,9,群益金鼎-西松,2024-01-05,9136
2374,佳能,9,0,9,群益金鼎-西松,2024-01-05,9136
2501,國建,10,1,9,群益金鼎-西松,2024-01-05,9136
6143,振曜,9,0,9,群益金鼎-西松,2024-01-05,9136
6196,帆宣,9,1,8,群益金鼎-西松,2024-01-05,9136
00915,凱基優選高股息30,10,3,7,群益金鼎-西松,2024-01-05,9136
4109,加捷生醫,7,0,7,群益金鼎-西松,2024-01-05,9136
3037,欣興,8,1,7,群益金鼎-西松,2024-01-05,9136
00712,復華富時不動產,6,0,6,群益金鼎-西松,2024-01-05,9136
00642U,期元大S＆P石油,6,0,6,群益金鼎-西松,2024-01-05,9136
006207,復華滬深,6,0,6,群益金鼎-西松,2024-01-05,9136
00680L,元大美債20正2,504,0,504,群益金鼎-西松,2024-01-08,9136
00919,群益台灣精選高息,1247,999,248,群益金鼎-西松,2024-01-08,9136
6770,力積電,152,3,149,群益金鼎-西松,2024-01-08,9136
9105,泰金寶-DR,115,0,115,群益金鼎-西松,2024-01-08,9136
00918,大華優利高填息30,101,20,81,群益金鼎-西松,2024-01-08,9136
0056,元大高股息,105,25,80,群益金鼎-西松,2024-01-08,9136
00637L,元大滬深300正2,88,30,58,群益金鼎-西松,2024-01-08,9136
00921,兆豐龍頭等權重,56,0,56,群益金鼎-西松,2024-01-08,9136
00720B,元大投資級公司債,54,0,54,群益金鼎-西松,2024-01-08,9136
00687B,國泰20年美債,39,0,39,群益金鼎-西松,2024-01-08,9136
00929,復華台灣科技優息,42,4,38,群益金鼎-西松,2024-01-08,9136
2881,富邦金,40,6,34,群益金鼎-西松,2024-01-08,9136
00632R,元大台灣50反1,30,0,30,群益金鼎-西松,2024-01-08,9136
3207,耀勝,26,1,25,群益金鼎-西松,2024-01-08,9136
3321,同泰,25,0,25,群益金鼎-西松,2024-01-08,9136
00877,復華中國5G,24,0,24,群益金鼎-西松,2024-01-08,9136
2382,廣達,23,1,22,群益金鼎-西松,2024-01-08,9136
6143,振曜,21,0,21,群益金鼎-西松,2024-01-08,9136
2324,仁寶,21,2,19,群益金鼎-西松,2024-01-08,9136
3163,波若威,18,0,18,群益金鼎-西松,2024-01-08,9136
2353,宏��,45,28,17,群益金鼎-西松,2024-01-08,9136
2611,志信,22,5,17,群益金鼎-西松,2024-01-08,9136
2303,聯電,61,46,15,群益金鼎-西松,2024-01-08,9136
2498,宏達電,22,7,15,群益金鼎-西松,2024-01-08,9136
2313,華通,15,1,14,群益金鼎-西松,2024-01-08,9136
1733,五鼎,13,0,13,群益金鼎-西松,2024-01-08,9136
2543,皇昌,21,9,12,群益金鼎-西松,2024-01-08,9136
1903,士紙,11,0,11,群益金鼎-西松,2024-01-08,9136
00915,凱基優選高股息30,10,0,10,群益金鼎-西松,2024-01-08,9136
1795,美時,12,2,10,群益金鼎-西松,2024-01-08,9136
2007,燁興,10,0,10,群益金鼎-西松,2024-01-08,9136
3030,德律,10,0,10,群益金鼎-西松,2024-01-08,9136
3706,神達,10,0,10,群益金鼎-西松,2024-01-08,9136
6235,華孚,15,5,10,群益金鼎-西松,2024-01-08,9136
2317,鴻海,50,40,10,群益金鼎-西松,2024-01-08,9136
2610,華航,11,2,9,群益金鼎-西松,2024-01-08,9136
3036,文曄,10,1,9,群益金鼎-西松,2024-01-08,9136
2605,新興,8,0,8,群益金鼎-西松,2024-01-08,9136
2634,漢翔,10,2,8,群益金鼎-西松,2024-01-08,9136
6259,百徽,8,0,8,群益金鼎-西松,2024-01-08,9136
3078,僑威,7,0,7,群益金鼎-西松,2024-01-08,9136
00927,群益半導體收益,7,0,7,群益金鼎-西松,2024-01-08,9136
00751B,元大AAA至A公司債,7,0,7,群益金鼎-西松,2024-01-08,9136
2328,廣宇,7,0,7,群益金鼎-西松,2024-01-08,9136
2344,華邦電,7,0,7,群益金鼎-西松,2024-01-08,9136
2486,一詮,13,6,7,群益金鼎-西松,2024-01-08,9136
2547,日勝生,7,0,7,群益金鼎-西松,2024-01-08,9136
3686,達能,7,0,7,群益金鼎-西松,2024-01-08,9136
4157,太景*-KY,7,0,7,群益金鼎-西松,2024-01-08,9136
4909,新復興,8,1,7,群益金鼎-西松,2024-01-08,9136
00725B,國泰投資級公司債,400,0,400,群益金鼎-西松,2024-01-09,9136
1519,華城,135,7,128,群益金鼎-西松,2024-01-09,9136
2324,仁寶,112,11,101,群益金鼎-西松,2024-01-09,9136
00929,復華台灣科技優息,98,5,93,群益金鼎-西松,2024-01-09,9136
3481,群創,69,10,59,群益金鼎-西松,2024-01-09,9136
2615,萬海,46,5,41,群益金鼎-西松,2024-01-09,9136
00830,國泰費城半導體,40,0,40,群益金鼎-西松,2024-01-09,9136
00720B,元大投資級公司債,33,0,33,群益金鼎-西松,2024-01-09,9136
0056,元大高股息,33,2,31,群益金鼎-西松,2024-01-09,9136
00715L,期街口布蘭特正2,23,0,23,群益金鼎-西松,2024-01-09,9136
2409,友達,115,92,23,群益金鼎-西松,2024-01-09,9136
6243,迅杰,22,0,22,群益金鼎-西松,2024-01-09,9136
00918,大華優利高填息30,21,0,21,群益金鼎-西松,2024-01-09,9136
6120,達運,21,0,21,群益金鼎-西松,2024-01-09,9136
00687B,國泰20年美債,21,0,21,群益金鼎-西松,2024-01-09,9136
3035,智原,28,7,21,群益金鼎-西松,2024-01-09,9136
1314,中石化,20,0,20,群益金鼎-西松,2024-01-09,9136
00915,凱基優選高股息30,20,0,20,群益金鼎-西松,2024-01-09,9136
3321,同泰,15,0,15,群益金鼎-西松,2024-01-09,9136
8227,巨有科技,29,14,15,群益金鼎-西松,2024-01-09,9136
6462,神盾,14,0,14,群益金鼎-西松,2024-01-09,9136
6116,彩晶,13,0,13,群益金鼎-西松,2024-01-09,9136
2520,冠德,12,1,11,群益金鼎-西松,2024-01-09,9136
5309,系統電,20,9,11,群益金鼎-西松,2024-01-09,9136
6112,邁達特,11,0,11,群益金鼎-西松,2024-01-09,9136
2356,英業達,14,4,10,群益金鼎-西松,2024-01-09,9136
2303,聯電,22,12,10,群益金鼎-西松,2024-01-09,9136
00642U,期元大S＆P石油,10,0,10,群益金鼎-西松,2024-01-09,9136
1409,新纖,10,0,10,群益金鼎-西松,2024-01-09,9136
2371,大同,12,2,10,群益金鼎-西松,2024-01-09,9136
2888,新光金,10,0,10,群益金鼎-西松,2024-01-09,9136
5388,中磊,10,0,10,群益金鼎-西松,2024-01-09,9136
5864,致和證,10,0,10,群益金鼎-西松,2024-01-09,9136
6770,力積電,13,3,10,群益金鼎-西松,2024-01-09,9136
8299,群聯,10,0,10,群益金鼎-西松,2024-01-09,9136
00921,兆豐龍頭等權重,10,0,10,群益金鼎-西松,2024-01-09,9136
00878,國泰永續高股息,9,0,9,群益金鼎-西松,2024-01-09,9136
2352,佳世達,18,9,9,群益金鼎-西松,2024-01-09,9136
2610,華航,9,0,9,群益金鼎-西松,2024-01-09,9136
5351,鈺創,9,0,9,群益金鼎-西松,2024-01-09,9136
6104,創惟,10,1,9,群益金鼎-西松,2024-01-09,9136
2201,裕隆,8,0,8,群益金鼎-西松,2024-01-09,9136
2634,漢翔,11,3,8,群益金鼎-西松,2024-01-09,9136
6270,倍微,8,0,8,群益金鼎-西松,2024-01-09,9136
3231,緯創,32,25,7,群益金鼎-西松,2024-01-09,9136
3714,富采,7,0,7,群益金鼎-西松,2024-01-09,9136
1605,華新,10,3,7,群益金鼎-西松,2024-01-09,9136
2014,中鴻,8,1,7,群益金鼎-西松,2024-01-09,9136
2486,一詮,7,0,7,群益金鼎-西松,2024-01-09,9136
3094,聯傑,8,1,7,群益金鼎-西松,2024-01-09,9136
00680L,元大美債20正2,2966,0,2966,群益金鼎-西松,2024-01-10,9136
2303,聯電,124,1,123,群益金鼎-西松,2024-01-10,9136
00937B,群益ESG投等債20,136,31,105,群益金鼎-西松,2024-01-10,9136
00927,群益半導體收益,101,0,101,群益金鼎-西松,2024-01-10,9136
00650L,復華香港正2,100,0,100,群益金鼎-西松,2024-01-10,9136
00919,群益台灣精選高息,80,0,80,群益金鼎-西松,2024-01-10,9136
00929,復華台灣科技優息,52,0,52,群益金鼎-西松,2024-01-10,9136
00933B,國泰10Y+金融債,51,0,51,群益金鼎-西松,2024-01-10,9136
00688L,國泰20年美債正2,27,0,27,群益金鼎-西松,2024-01-10,9136
3707,漢磊,32,7,25,群益金鼎-西松,2024-01-10,9136
2301,光寶科,49,29,20,群益金鼎-西松,2024-01-10,9136
1584,精剛,42,22,20,群益金鼎-西松,2024-01-10,9136
3703,欣陸,20,0,20,群益金鼎-西松,2024-01-10,9136
6770,力積電,20,0,20,群益金鼎-西松,2024-01-10,9136
9919,康那香,21,2,19,群益金鼎-西松,2024-01-10,9136
8096,擎亞,29,11,18,群益金鼎-西松,2024-01-10,9136
00882,中信中國高股息,18,0,18,群益金鼎-西松,2024-01-10,9136
2367,燿華,20,2,18,群益金鼎-西松,2024-01-10,9136
5521,工信,16,0,16,群益金鼎-西松,2024-01-10,9136
2102,泰豐,15,0,15,群益金鼎-西松,2024-01-10,9136
8936,國統,15,0,15,群益金鼎-西松,2024-01-10,9136
00770,國泰北美科技,13,0,13,群益金鼎-西松,2024-01-10,9136
3518,柏騰,13,0,13,群益金鼎-西松,2024-01-10,9136
6243,迅杰,22,9,13,群益金鼎-西松,2024-01-10,9136
2308,台達電,13,0,13,群益金鼎-西松,2024-01-10,9136
3207,耀勝,12,0,12,群益金鼎-西松,2024-01-10,9136
5876,上海商銀,13,1,12,群益金鼎-西松,2024-01-10,9136
6143,振曜,11,0,11,群益金鼎-西松,2024-01-10,9136
00857B,永豐20年美公債,10,0,10,群益金鼎-西松,2024-01-10,9136
1474,弘裕,10,0,10,群益金鼎-西松,2024-01-10,9136
1519,華城,13,3,10,群益金鼎-西松,2024-01-10,9136
1802,台玻,10,0,10,群益金鼎-西松,2024-01-10,9136
3131,弘塑,10,0,10,群益金鼎-西松,2024-01-10,9136
5864,致和證,10,0,10,群益金鼎-西松,2024-01-10,9136
6163,華電網,11,1,10,群益金鼎-西松,2024-01-10,9136
9925,新保,11,1,10,群益金鼎-西松,2024-01-10,9136
2609,陽明,44,35,9,群益金鼎-西松,2024-01-10,9136
2371,大同,109,101,8,群益金鼎-西松,2024-01-10,9136
00679B,元大美債20年,7,0,7,群益金鼎-西松,2024-01-10,9136
5211,蒙恬,7,0,7,群益金鼎-西松,2024-01-10,9136
9105,泰金寶-DR,7,0,7,群益金鼎-西松,2024-01-10,9136
2317,鴻海,9,3,6,群益金鼎-西松,2024-01-10,9136
00904,新光臺灣半導體30,6,0,6,群益金鼎-西松,2024-01-10,9136
2014,中鴻,6,0,6,群益金鼎-西松,2024-01-10,9136
4533,協易機,6,0,6,群益金鼎-西松,2024-01-10,9136
5452,佶優,6,0,6,群益金鼎-西松,2024-01-10,9136
6139,亞翔,7,1,6,群益金鼎-西松,2024-01-10,9136
3035,智原,20,14,6,群益金鼎-西松,2024-01-10,9136
2515,中工,5,0,5,群益金鼎-西松,2024-01-10,9136
00641R,富邦日本反1,5,0,5,群益金鼎-西松,2024-01-10,9136
00919,群益台灣精選高息,1548,0,1548,群益金鼎-西松,2024-01-11,9136
00936,台新永續高息中小,200,0,200,群益金鼎-西松,2024-01-11,9136
2362,藍天,142,9,133,群益金鼎-西松,2024-01-11,9136
3321,同泰,106,0,106,群益金鼎-西松,2024-01-11,9136
00929,復華台灣科技優息,81,0,81,群益金鼎-西松,2024-01-11,9136
2329,華泰,62,4,58,群益金鼎-西松,2024-01-11,9136
4979,華星光,64,6,58,群益金鼎-西松,2024-01-11,9136
2301,光寶科,61,7,54,群益金鼎-西松,2024-01-11,9136
00932,兆豐永續高息等權,40,0,40,群益金鼎-西松,2024-01-11,9136
3346,麗清,40,0,40,群益金鼎-西松,2024-01-11,9136
3033,威健,43,5,38,群益金鼎-西松,2024-01-11,9136
6695,芯鼎,63,32,31,群益金鼎-西松,2024-01-11,9136
9802,鈺齊-KY,31,0,31,群益金鼎-西松,2024-01-11,9136
2634,漢翔,35,6,29,群益金鼎-西松,2024-01-11,9136
5258,虹堡,32,6,26,群益金鼎-西松,2024-01-11,9136
2388,威盛,25,3,22,群益金鼎-西松,2024-01-11,9136
00632R,元大台灣50反1,22,0,22,群益金鼎-西松,2024-01-11,9136
1795,美時,26,4,22,群益金鼎-西松,2024-01-11,9136
6120,達運,40,18,22,群益金鼎-西松,2024-01-11,9136
00937B,群益ESG投等債20,21,0,21,群益金鼎-西松,2024-01-11,9136
3703,欣陸,20,0,20,群益金鼎-西松,2024-01-11,9136
4956,光鋐,79,60,19,群益金鼎-西松,2024-01-11,9136
3017,奇鋐,20,1,19,群益金鼎-西松,2024-01-11,9136
2882,國泰金,17,0,17,群益金鼎-西松,2024-01-11,9136
0056,元大高股息,15,1,14,群益金鼎-西松,2024-01-11,9136
2344,華邦電,27,13,14,群益金鼎-西松,2024-01-11,9136
00933B,國泰10Y+金融債,11,0,11,群益金鼎-西松,2024-01-11,9136
00877,復華中國5G,10,0,10,群益金鼎-西松,2024-01-11,9136
00633L,富邦上証正2,10,0,10,群益金鼎-西松,2024-01-11,9136
2377,微星,10,0,10,群益金鼎-西松,2024-01-11,9136
3021,鴻名,10,0,10,群益金鼎-西松,2024-01-11,9136
6196,帆宣,10,0,10,群益金鼎-西松,2024-01-11,9136
6770,力積電,12,2,10,群益金鼎-西松,2024-01-11,9136
8046,南電,10,0,10,群益金鼎-西松,2024-01-11,9136
8076,伍豐,10,0,10,群益金鼎-西松,2024-01-11,9136
6533,晶心科,10,1,9,群益金鼎-西松,2024-01-11,9136
3032,偉訓,43,34,9,群益金鼎-西松,2024-01-11,9136
3207,耀勝,9,0,9,群益金鼎-西松,2024-01-11,9136
5351,鈺創,23,14,9,群益金鼎-西松,2024-01-11,9136
8429,金麗-KY,9,0,9,群益金鼎-西松,2024-01-11,9136
2324,仁寶,12,4,8,群益金鼎-西松,2024-01-11,9136
00680L,元大美債20正2,8,0,8,群益金鼎-西松,2024-01-11,9136
00642U,期元大S＆P石油,8,0,8,群益金鼎-西松,2024-01-11,9136
2408,南亞科,8,0,8,群益金鼎-西松,2024-01-11,9136
2449,京元電子,13,5,8,群益金鼎-西松,2024-01-11,9136
2501,國建,8,0,8,群益金鼎-西松,2024-01-11,9136
00687B,國泰20年美債,6,0,6,群益金鼎-西松,2024-01-11,9136
3006,晶豪科,10,4,6,群益金鼎-西松,2024-01-11,9136
3224,三顧,6,0,6,群益金鼎-西松,2024-01-11,9136
3287,廣寰科,11,5,6,群益金鼎-西松,2024-01-11,9136
2443,昶虹,1139,0,1139,群益金鼎-西松,2024-01-12,9136
00933B,國泰10Y+金融債,400,0,400,群益金鼎-西松,2024-01-12,9136
00720B,元大投資級公司債,401,50,351,群益金鼎-西松,2024-01-12,9136
00725B,國泰投資級公司債,400,88,312,群益金鼎-西松,2024-01-12,9136
00937B,群益ESG投等債20,231,0,231,群益金鼎-西松,2024-01-12,9136
6770,力積電,105,0,105,群益金鼎-西松,2024-01-12,9136
00929,復華台灣科技優息,89,0,89,群益金鼎-西松,2024-01-12,9136
2317,鴻海,55,1,54,群益金鼎-西松,2024-01-12,9136
2634,漢翔,52,17,35,群益金鼎-西松,2024-01-12,9136
3033,威健,34,2,32,群益金鼎-西松,2024-01-12,9136
5222,全訊,32,1,31,群益金鼎-西松,2024-01-12,9136
6026,福邦證,31,0,31,群益金鼎-西松,2024-01-12,9136
00877,復華中國5G,30,0,30,群益金鼎-西松,2024-01-12,9136
1513,中興電,26,5,21,群益金鼎-西松,2024-01-12,9136
3533,嘉澤,26,5,21,群益金鼎-西松,2024-01-12,9136
00632R,元大台灣50反1,50,30,20,群益金鼎-西松,2024-01-12,9136
2408,南亞科,20,0,20,群益金鼎-西松,2024-01-12,9136
9802,鈺齊-KY,20,0,20,群益金鼎-西松,2024-01-12,9136
0056,元大高股息,19,0,19,群益金鼎-西松,2024-01-12,9136
00927,群益半導體收益,17,0,17,群益金鼎-西松,2024-01-12,9136
2423,固緯,16,0,16,群益金鼎-西松,2024-01-12,9136
00753L,中信中國50正2,30,15,15,群益金鼎-西松,2024-01-12,9136
00679B,元大美債20年,15,0,15,群益金鼎-西松,2024-01-12,9136
3035,智原,32,17,15,群益金鼎-西松,2024-01-12,9136
6120,達運,13,0,13,群益金鼎-西松,2024-01-12,9136
1503,士電,29,18,11,群益金鼎-西松,2024-01-12,9136
2618,長榮航,16,5,11,群益金鼎-西松,2024-01-12,9136
4113,聯上,11,0,11,群益金鼎-西松,2024-01-12,9136
4909,新復興,28,17,11,群益金鼎-西松,2024-01-12,9136
00673R,期元大S＆P原油反1,10,0,10,群益金鼎-西松,2024-01-12,9136
1802,台玻,10,0,10,群益金鼎-西松,2024-01-12,9136
2349,錸德,10,0,10,群益金鼎-西松,2024-01-12,9136
2353,宏��,12,2,10,群益金鼎-西松,2024-01-12,9136
2547,日勝生,10,0,10,群益金鼎-西松,2024-01-12,9136
0050,元大台灣50,9,0,9,群益金鼎-西松,2024-01-12,9136
1560,中砂,11,2,9,群益金鼎-西松,2024-01-12,9136
006207,復華滬深,9,0,9,群益金鼎-西松,2024-01-12,9136
3548,兆利,14,5,9,群益金鼎-西松,2024-01-12,9136
00688L,國泰20年美債正2,8,0,8,群益金鼎-西松,2024-01-12,9136
2486,一詮,76,69,7,群益金鼎-西松,2024-01-12,9136
3287,廣寰科,12,5,7,群益金鼎-西松,2024-01-12,9136
4503,金雨,7,0,7,群益金鼎-西松,2024-01-12,9136
5284,jpp-KY,7,0,7,群益金鼎-西松,2024-01-12,9136
2303,聯電,8,2,6,群益金鼎-西松,2024-01-12,9136
4956,光鋐,8,2,6,群益金鼎-西松,2024-01-12,9136
6168,宏齊,13,7,6,群益金鼎-西松,2024-01-12,9136
6189,豐藝,6,0,6,群益金鼎-西松,2024-01-12,9136
00712,復華富時不動產,5,0,5,群益金鼎-西松,2024-01-12,9136
00922,國泰台灣領袖50,5,0,5,群益金鼎-西松,2024-01-12,9136
1616,億泰,5,0,5,群益金鼎-西松,2024-01-12,9136
00929,復華台灣科技優息,165,3,162,群益金鼎-西松,2024-01-15,9136
00665L,富邦�琤肭磪囓�2,130,0,130,群益金鼎-西松,2024-01-15,9136
3481,群創,111,42,69,群益金鼎-西松,2024-01-15,9136
6113,亞矽,63,1,62,群益金鼎-西松,2024-01-15,9136
8096,擎亞,60,5,55,群益金鼎-西松,2024-01-15,9136
1326,台化,54,0,54,群益金鼎-西松,2024-01-15,9136
0056,元大高股息,43,0,43,群益金鼎-西松,2024-01-15,9136
2888,新光金,54,14,40,群益金鼎-西松,2024-01-15,9136
2618,長榮航,39,3,36,群益金鼎-西松,2024-01-15,9136
6125,廣運,36,6,30,群益金鼎-西松,2024-01-15,9136
2887,台新金,22,0,22,群益金鼎-西松,2024-01-15,9136
3321,同泰,24,2,22,群益金鼎-西松,2024-01-15,9136
2331,精英,26,5,21,群益金鼎-西松,2024-01-15,9136
00878,國泰永續高股息,32,14,18,群益金鼎-西松,2024-01-15,9136
3231,緯創,48,32,16,群益金鼎-西松,2024-01-15,9136
2641,正德,18,4,14,群益金鼎-西松,2024-01-15,9136
2890,永豐金,14,0,14,群益金鼎-西松,2024-01-15,9136
3036,文曄,15,3,12,群益金鼎-西松,2024-01-15,9136
00937B,群益ESG投等債20,12,0,12,群益金鼎-西松,2024-01-15,9136
2884,玉山金,12,0,12,群益金鼎-西松,2024-01-15,9136
3008,大立光,12,0,12,群益金鼎-西松,2024-01-15,9136
00720B,元大投資級公司債,11,0,11,群益金鼎-西松,2024-01-15,9136
1795,美時,22,11,11,群益金鼎-西松,2024-01-15,9136
00919,群益台灣精選高息,33,23,10,群益金鼎-西松,2024-01-15,9136
1528,恩德,18,8,10,群益金鼎-西松,2024-01-15,9136
2892,第一金,10,0,10,群益金鼎-西松,2024-01-15,9136
1609,大亞,81,72,9,群益金鼎-西松,2024-01-15,9136
2317,鴻海,10,2,8,群益金鼎-西松,2024-01-15,9136
2308,台達電,8,0,8,群益金鼎-西松,2024-01-15,9136
00904,新光臺灣半導體30,8,0,8,群益金鼎-西松,2024-01-15,9136
00680L,元大美債20正2,10,2,8,群益金鼎-西松,2024-01-15,9136
4938,和碩,8,0,8,群益金鼎-西松,2024-01-15,9136
2634,漢翔,11,4,7,群益金鼎-西松,2024-01-15,9136
3021,鴻名,7,0,7,群益金鼎-西松,2024-01-15,9136
2882,國泰金,7,0,7,群益金鼎-西松,2024-01-15,9136
2392,正崴,6,0,6,群益金鼎-西松,2024-01-15,9136
3055,蔚華科,6,0,6,群益金鼎-西松,2024-01-15,9136
3711,日月光投控,6,0,6,群益金鼎-西松,2024-01-15,9136
6538,倉和,6,0,6,群益金鼎-西松,2024-01-15,9136
6120,達運,6,0,6,群益金鼎-西松,2024-01-15,9136
6643,M31,11,5,6,群益金鼎-西松,2024-01-15,9136
00687B,國泰20年美債,6,0,6,群益金鼎-西松,2024-01-15,9136
1108,幸福,5,0,5,群益金鼎-西松,2024-01-15,9136
1733,五鼎,5,0,5,群益金鼎-西松,2024-01-15,9136
2889,國票金,5,0,5,群益金鼎-西松,2024-01-15,9136
3046,建��,5,0,5,群益金鼎-西松,2024-01-15,9136
3664,安瑞-KY,5,0,5,群益金鼎-西松,2024-01-15,9136
6207,雷科,5,0,5,群益金鼎-西松,2024-01-15,9136
00927,群益半導體收益,4,0,4,群益金鼎-西松,2024-01-15,9136
1612,宏泰,4,0,4,群益金鼎-西松,2024-01-15,9136
2443,昶虹,2015,0,2015,群益金鼎-西松,2024-01-16,9136
00919,群益台灣精選高息,559,0,559,群益金鼎-西松,2024-01-16,9136
0056,元大高股息,154,10,144,群益金鼎-西松,2024-01-16,9136
00650L,復華香港正2,102,0,102,群益金鼎-西松,2024-01-16,9136
00929,復華台灣科技優息,101,0,101,群益金鼎-西松,2024-01-16,9136
1444,力麗,100,0,100,群益金鼎-西松,2024-01-16,9136
00715L,期街口布蘭特正2,77,0,77,群益金鼎-西松,2024-01-16,9136
2356,英業達,91,24,67,群益金鼎-西松,2024-01-16,9136
3035,智原,76,13,63,群益金鼎-西松,2024-01-16,9136
00930,永豐ESG低碳高息,57,0,57,群益金鼎-西松,2024-01-16,9136
6535,順藥,50,1,49,群益金鼎-西松,2024-01-16,9136
00927,群益半導體收益,51,2,49,群益金鼎-西松,2024-01-16,9136
00878,國泰永續高股息,44,1,43,群益金鼎-西松,2024-01-16,9136
1609,大亞,26,0,26,群益金鼎-西松,2024-01-16,9136
00937B,群益ESG投等債20,31,10,21,群益金鼎-西松,2024-01-16,9136
2377,微星,20,0,20,群益金鼎-西松,2024-01-16,9136
8936,國統,21,1,20,群益金鼎-西松,2024-01-16,9136
006207,復華滬深,17,0,17,群益金鼎-西松,2024-01-16,9136
1603,華電,16,0,16,群益金鼎-西松,2024-01-16,9136
4142,國光生,16,0,16,群益金鼎-西松,2024-01-16,9136
3712,永崴投控,14,0,14,群益金鼎-西松,2024-01-16,9136
2023,燁輝,14,1,13,群益金鼎-西松,2024-01-16,9136
5425,台半,15,2,13,群益金鼎-西松,2024-01-16,9136
2888,新光金,12,0,12,群益金鼎-西松,2024-01-16,9136
8092,建暐,12,0,12,群益金鼎-西松,2024-01-16,9136
2892,第一金,11,0,11,群益金鼎-西松,2024-01-16,9136
00922,國泰台灣領袖50,11,0,11,群益金鼎-西松,2024-01-16,9136
1314,中石化,11,0,11,群益金鼎-西松,2024-01-16,9136
8034,榮群,16,5,11,群益金鼎-西松,2024-01-16,9136
2002,中鋼,10,0,10,群益金鼎-西松,2024-01-16,9136
00877,復華中國5G,10,0,10,群益金鼎-西松,2024-01-16,9136
2406,國碩,40,30,10,群益金鼎-西松,2024-01-16,9136
3218,大學光,10,0,10,群益金鼎-西松,2024-01-16,9136
5272,笙科,10,0,10,群益金鼎-西松,2024-01-16,9136
6197,佳必琪,10,0,10,群益金鼎-西松,2024-01-16,9136
00642U,期元大S＆P石油,9,0,9,群益金鼎-西松,2024-01-16,9136
1326,台化,9,0,9,群益金鼎-西松,2024-01-16,9136
2344,華邦電,9,0,9,群益金鼎-西松,2024-01-16,9136
2618,長榮航,11,2,9,群益金鼎-西松,2024-01-16,9136
5225,東科-KY,10,1,9,群益金鼎-西松,2024-01-16,9136
6120,達運,10,1,9,群益金鼎-西松,2024-01-16,9136
2887,台新金,8,0,8,群益金鼎-西松,2024-01-16,9136
3587,閎康,18,10,8,群益金鼎-西松,2024-01-16,9136
00730,富邦臺灣優質高息,8,0,8,群益金鼎-西松,2024-01-16,9136
00687B,國泰20年美債,8,0,8,群益金鼎-西松,2024-01-16,9136
2312,金寶,8,0,8,群益金鼎-西松,2024-01-16,9136
2603,長榮,10,2,8,群益金鼎-西松,2024-01-16,9136
2882,國泰金,8,0,8,群益金鼎-西松,2024-01-16,9136
5457,宣德,10,2,8,群益金鼎-西松,2024-01-16,9136
5876,上海商銀,8,0,8,群益金鼎-西松,2024-01-16,9136
2443,昶虹,305,4,301,群益金鼎-西松,2024-01-17,9136
00937B,群益ESG投等債20,140,0,140,群益金鼎-西松,2024-01-17,9136
3035,智原,208,73,135,群益金鼎-西松,2024-01-17,9136
2409,友達,125,0,125,群益金鼎-西松,2024-01-17,9136
00919,群益台灣精選高息,120,0,120,群益金鼎-西松,2024-01-17,9136
6535,順藥,101,0,101,群益金鼎-西松,2024-01-17,9136
3036,文曄,96,29,67,群益金鼎-西松,2024-01-17,9136
0056,元大高股息,64,0,64,群益金鼎-西松,2024-01-17,9136
2023,燁輝,54,0,54,群益金鼎-西松,2024-01-17,9136
2303,聯電,80,29,51,群益金鼎-西松,2024-01-17,9136
4770,上品,50,0,50,群益金鼎-西松,2024-01-17,9136
2329,華泰,71,23,48,群益金鼎-西松,2024-01-17,9136
00878,國泰永續高股息,34,0,34,群益金鼎-西松,2024-01-17,9136
00929,復華台灣科技優息,36,3,33,群益金鼎-西松,2024-01-17,9136
00882,中信中國高股息,31,0,31,群益金鼎-西松,2024-01-17,9136
2609,陽明,31,4,27,群益金鼎-西松,2024-01-17,9136
00918,大華優利高填息30,26,0,26,群益金鼎-西松,2024-01-17,9136
4960,誠美材,25,1,24,群益金鼎-西松,2024-01-17,9136
5511,德昌,24,0,24,群益金鼎-西松,2024-01-17,9136
2356,英業達,28,6,22,群益金鼎-西松,2024-01-17,9136
2892,第一金,22,0,22,群益金鼎-西松,2024-01-17,9136
00891,中信關鍵半導體,21,0,21,群益金鼎-西松,2024-01-17,9136
9105,泰金寶-DR,20,0,20,群益金鼎-西松,2024-01-17,9136
2618,長榮航,21,3,18,群益金鼎-西松,2024-01-17,9136
2888,新光金,18,0,18,群益金鼎-西松,2024-01-17,9136
3260,威剛,19,2,17,群益金鼎-西松,2024-01-17,9136
2328,廣宇,17,0,17,群益金鼎-西松,2024-01-17,9136
4113,聯上,17,0,17,群益金鼎-西松,2024-01-17,9136
6770,力積電,17,0,17,群益金鼎-西松,2024-01-17,9136
2883,凱基金,17,0,17,群益金鼎-西松,2024-01-17,9136
00922,國泰台灣領袖50,16,0,16,群益金鼎-西松,2024-01-17,9136
1605,華新,16,0,16,群益金鼎-西松,2024-01-17,9136
1795,美時,25,9,16,群益金鼎-西松,2024-01-17,9136
0050,元大台灣50,16,0,16,群益金鼎-西松,2024-01-17,9136
00927,群益半導體收益,15,0,15,群益金鼎-西松,2024-01-17,9136
2002,中鋼,15,0,15,群益金鼎-西松,2024-01-17,9136
2104,國際中橡,15,0,15,群益金鼎-西松,2024-01-17,9136
2353,宏��,16,1,15,群益金鼎-西松,2024-01-17,9136
2402,毅嘉,15,0,15,群益金鼎-西松,2024-01-17,9136
3321,同泰,15,1,14,群益金鼎-西松,2024-01-17,9136
2882,國泰金,16,2,14,群益金鼎-西松,2024-01-17,9136
00686R,群益臺灣加權反1,14,0,14,群益金鼎-西松,2024-01-17,9136
3025,星通,27,13,14,群益金鼎-西松,2024-01-17,9136
2377,微星,13,0,13,群益金鼎-西松,2024-01-17,9136
8011,台通,13,0,13,群益金鼎-西松,2024-01-17,9136
2887,台新金,12,0,12,群益金鼎-西松,2024-01-17,9136
2481,強茂,14,2,12,群益金鼎-西松,2024-01-17,9136
00679B,元大美債20年,11,0,11,群益金鼎-西松,2024-01-17,9136
2344,華邦電,21,10,11,群益金鼎-西松,2024-01-17,9136
6139,亞翔,19,8,11,群益金鼎-西松,2024-01-17,9136
4960,誠美材,130,1,129,群益金鼎-西松,2024-01-18,9136
00715L,期街口布蘭特正2,110,0,110,群益金鼎-西松,2024-01-18,9136
00878,國泰永續高股息,101,2,99,群益金鼎-西松,2024-01-18,9136
2324,仁寶,102,7,95,群益金鼎-西松,2024-01-18,9136
00637L,元大滬深300正2,96,16,80,群益金鼎-西松,2024-01-18,9136
00877,復華中國5G,63,0,63,群益金鼎-西松,2024-01-18,9136
4966,譜瑞-KY,50,0,50,群益金鼎-西松,2024-01-18,9136
6535,順藥,50,0,50,群益金鼎-西松,2024-01-18,9136
00662,富邦NASDAQ,43,0,43,群益金鼎-西松,2024-01-18,9136
0056,元大高股息,43,1,42,群益金鼎-西松,2024-01-18,9136
1528,恩德,42,0,42,群益金鼎-西松,2024-01-18,9136
3481,群創,287,246,41,群益金鼎-西松,2024-01-18,9136
8936,國統,40,0,40,群益金鼎-西松,2024-01-18,9136
2443,昶虹,40,0,40,群益金鼎-西松,2024-01-18,9136
3231,緯創,78,41,37,群益金鼎-西松,2024-01-18,9136
00929,復華台灣科技優息,50,14,36,群益金鼎-西松,2024-01-18,9136
2303,聯電,38,4,34,群益金鼎-西松,2024-01-18,9136
00882,中信中國高股息,30,8,22,群益金鼎-西松,2024-01-18,9136
6239,力成,20,0,20,群益金鼎-西松,2024-01-18,9136
8096,擎亞,23,3,20,群益金鼎-西松,2024-01-18,9136
006207,復華滬深,14,0,14,群益金鼎-西松,2024-01-18,9136
5426,振發,65,51,14,群益金鼎-西松,2024-01-18,9136
2882,國泰金,12,0,12,群益金鼎-西松,2024-01-18,9136
2458,義隆,12,0,12,群益金鼎-西松,2024-01-18,9136
3017,奇鋐,17,5,12,群益金鼎-西松,2024-01-18,9136
00680L,元大美債20正2,11,0,11,群益金鼎-西松,2024-01-18,9136
8112,至上,13,2,11,群益金鼎-西松,2024-01-18,9136
00720B,元大投資級公司債,10,0,10,群益金鼎-西松,2024-01-18,9136
1210,大成,10,0,10,群益金鼎-西松,2024-01-18,9136
00927,群益半導體收益,10,0,10,群益金鼎-西松,2024-01-18,9136
3232,昱捷,10,0,10,群益金鼎-西松,2024-01-18,9136
3321,同泰,42,32,10,群益金鼎-西松,2024-01-18,9136
5347,世界,15,5,10,群益金鼎-西松,2024-01-18,9136
9105,泰金寶-DR,10,0,10,群益金鼎-西松,2024-01-18,9136
3029,零壹,15,5,10,群益金鼎-西松,2024-01-18,9136
00918,大華優利高填息30,9,0,9,群益金鼎-西松,2024-01-18,9136
2449,京元電子,139,130,9,群益金鼎-西松,2024-01-18,9136
6116,彩晶,13,4,9,群益金鼎-西松,2024-01-18,9136
3033,威健,10,2,8,群益金鼎-西松,2024-01-18,9136
6120,達運,17,9,8,群益金鼎-西松,2024-01-18,9136
6205,詮欣,8,0,8,群益金鼎-西松,2024-01-18,9136
6531,愛普*,9,1,8,群益金鼎-西松,2024-01-18,9136
6770,力積電,8,0,8,群益金鼎-西松,2024-01-18,9136
00687B,國泰20年美債,7,0,7,群益金鼎-西松,2024-01-18,9136
00712,復華富時不動產,7,0,7,群益金鼎-西松,2024-01-18,9136
2313,華通,7,0,7,群益金鼎-西松,2024-01-18,9136
2371,大同,7,0,7,群益金鼎-西松,2024-01-18,9136
2409,友達,28,21,7,群益金鼎-西松,2024-01-18,9136
00923,群益台ESG低碳50,6,0,6,群益金鼎-西松,2024-01-18,9136
00922,國泰台灣領袖50,6,0,6,群益金鼎-西松,2024-01-18,9136
2443,昶虹,2340,50,2290,群益金鼎-西松,2024-01-19,9136
3321,同泰,346,21,325,群益金鼎-西松,2024-01-19,9136
3481,群創,309,131,178,群益金鼎-西松,2024-01-19,9136
00937B,群益ESG投等債20,142,0,142,群益金鼎-西松,2024-01-19,9136
00720B,元大投資級公司債,117,1,116,群益金鼎-西松,2024-01-19,9136
00679B,元大美債20年,74,15,59,群益金鼎-西松,2024-01-19,9136
00927,群益半導體收益,62,6,56,群益金鼎-西松,2024-01-19,9136
00725B,國泰投資級公司債,50,0,50,群益金鼎-西松,2024-01-19,9136
6535,順藥,50,0,50,群益金鼎-西松,2024-01-19,9136
00929,復華台灣科技優息,50,6,44,群益金鼎-西松,2024-01-19,9136
00680L,元大美債20正2,41,0,41,群益金鼎-西松,2024-01-19,9136
2317,鴻海,75,41,34,群益金鼎-西松,2024-01-19,9136
00931B,統一美債20年,33,0,33,群益金鼎-西松,2024-01-19,9136
3033,威健,44,12,32,群益金鼎-西松,2024-01-19,9136
00857B,永豐20年美公債,31,0,31,群益金鼎-西松,2024-01-19,9136
2206,三陽工業,30,0,30,群益金鼎-西松,2024-01-19,9136
2618,長榮航,40,10,30,群益金鼎-西松,2024-01-19,9136
2409,友達,68,44,24,群益金鼎-西松,2024-01-19,9136
00904,新光臺灣半導體30,20,0,20,群益金鼎-西松,2024-01-19,9136
1802,台玻,20,0,20,群益金鼎-西松,2024-01-19,9136
2465,麗臺,21,1,20,群益金鼎-西松,2024-01-19,9136
4960,誠美材,31,11,20,群益金鼎-西松,2024-01-19,9136
00688L,國泰20年美債正2,18,0,18,群益金鼎-西松,2024-01-19,9136
6113,亞矽,18,1,17,群益金鼎-西松,2024-01-19,9136
8936,國統,16,0,16,群益金鼎-西松,2024-01-19,9136
00909,國泰數位支付服務,15,0,15,群益金鼎-西松,2024-01-19,9136
0056,元大高股息,13,0,13,群益金鼎-西松,2024-01-19,9136
00687B,國泰20年美債,17,4,13,群益金鼎-西松,2024-01-19,9136
1795,美時,15,2,13,群益金鼎-西松,2024-01-19,9136
6196,帆宣,13,0,13,群益金鼎-西松,2024-01-19,9136
3231,緯創,327,315,12,群益金鼎-西松,2024-01-19,9136
2603,長榮,15,3,12,群益金鼎-西松,2024-01-19,9136
5483,中美晶,12,0,12,群益金鼎-西松,2024-01-19,9136
2303,聯電,25,13,12,群益金鼎-西松,2024-01-19,9136
1101,台泥,18,7,11,群益金鼎-西松,2024-01-19,9136
00673R,期元大S＆P原油反1,10,0,10,群益金鼎-西松,2024-01-19,9136
00722B,群益投資級電信債,10,0,10,群益金鼎-西松,2024-01-19,9136
1504,東元,11,1,10,群益金鼎-西松,2024-01-19,9136
3362,先進光,10,0,10,群益金鼎-西松,2024-01-19,9136
8034,榮群,21,11,10,群益金鼎-西松,2024-01-19,9136
8096,擎亞,23,13,10,群益金鼎-西松,2024-01-19,9136
00882,中信中國高股息,9,0,9,群益金鼎-西松,2024-01-19,9136
6695,芯鼎,11,2,9,群益金鼎-西松,2024-01-19,9136
2353,宏��,13,5,8,群益金鼎-西松,2024-01-19,9136
3289,宜特,8,0,8,群益金鼎-西松,2024-01-19,9136
3596,智易,9,1,8,群益金鼎-西松,2024-01-19,9136
3036,文曄,13,6,7,群益金鼎-西松,2024-01-19,9136
4188,安克,10,3,7,群益金鼎-西松,2024-01-19,9136
6120,達運,7,0,7,群益金鼎-西松,2024-01-19,9136
6274,台燿,9,2,7,群益金鼎-西松,2024-01-19,9136
2382,廣達,196,26,170,群益金鼎-西松,2024-01-22,9136
6531,愛普*,141,5,136,群益金鼎-西松,2024-01-22,9136
3321,同泰,119,15,104,群益金鼎-西松,2024-01-22,9136
3231,緯創,218,115,103,群益金鼎-西松,2024-01-22,9136
3443,創意,78,0,78,群益金鼎-西松,2024-01-22,9136
2618,長榮航,68,4,64,群益金鼎-西松,2024-01-22,9136
00881,國泰台灣5G+,60,0,60,群益金鼎-西松,2024-01-22,9136
8040,九暘,71,12,59,群益金鼎-西松,2024-01-22,9136
00715L,期街口布蘭特正2,44,2,42,群益金鼎-西松,2024-01-22,9136
00929,復華台灣科技優息,48,9,39,群益金鼎-西松,2024-01-22,9136
00918,大華優利高填息30,30,0,30,群益金鼎-西松,2024-01-22,9136
2243,宏旭-KY,30,1,29,群益金鼎-西松,2024-01-22,9136
2353,宏��,60,32,28,群益金鼎-西松,2024-01-22,9136
0056,元大高股息,31,4,27,群益金鼎-西松,2024-01-22,9136
00882,中信中國高股息,30,5,25,群益金鼎-西松,2024-01-22,9136
2313,華通,26,1,25,群益金鼎-西松,2024-01-22,9136
9105,泰金寶-DR,25,5,20,群益金鼎-西松,2024-01-22,9136
2317,鴻海,61,43,18,群益金鼎-西松,2024-01-22,9136
1503,士電,17,0,17,群益金鼎-西松,2024-01-22,9136
2455,全新,23,8,15,群益金鼎-西松,2024-01-22,9136
3715,定穎投控,15,1,14,群益金鼎-西松,2024-01-22,9136
8054,安國,22,8,14,群益金鼎-西松,2024-01-22,9136
00927,群益半導體收益,13,0,13,群益金鼎-西松,2024-01-22,9136
00642U,期元大S＆P石油,12,0,12,群益金鼎-西松,2024-01-22,9136
00931B,統一美債20年,11,0,11,群益金鼎-西松,2024-01-22,9136
6266,泰詠,11,0,11,群益金鼎-西松,2024-01-22,9136
00877,復華中國5G,10,0,10,群益金鼎-西松,2024-01-22,9136
2104,國際中橡,10,0,10,群益金鼎-西松,2024-01-22,9136
4416,三圓,10,0,10,群益金鼎-西松,2024-01-22,9136
6205,詮欣,10,0,10,群益金鼎-西松,2024-01-22,9136
6684,安格,17,7,10,群益金鼎-西松,2024-01-22,9136
2324,仁寶,11,2,9,群益金鼎-西松,2024-01-22,9136
2890,永豐金,9,0,9,群益金鼎-西松,2024-01-22,9136
006207,復華滬深,8,0,8,群益金鼎-西松,2024-01-22,9136
2465,麗臺,10,2,8,群益金鼎-西松,2024-01-22,9136
5425,台半,10,2,8,群益金鼎-西松,2024-01-22,9136
6134,萬旭,9,1,8,群益金鼎-西松,2024-01-22,9136
2610,華航,10,3,7,群益金鼎-西松,2024-01-22,9136
5398,慕康生醫,7,0,7,群益金鼎-西松,2024-01-22,9136
6257,矽格,13,6,7,群益金鼎-西松,2024-01-22,9136
6285,啟��,6,0,6,群益金鼎-西松,2024-01-22,9136
1432,大魯閣,6,0,6,群益金鼎-西松,2024-01-22,9136
4401,東隆興,6,0,6,群益金鼎-西松,2024-01-22,9136
6180,橘子,6,0,6,群益金鼎-西松,2024-01-22,9136
00772B,中信高評級公司債,5,0,5,群益金鼎-西松,2024-01-22,9136
1722,台肥,5,0,5,群益金鼎-西松,2024-01-22,9136
2369,菱生,5,0,5,群益金鼎-西松,2024-01-22,9136
6239,力成,7,2,5,群益金鼎-西松,2024-01-22,9136
3707,漢磊,5,0,5,群益金鼎-西松,2024-01-22,9136
8028,昇陽半導體,5,0,5,群益金鼎-西松,2024-01-22,9136
00937B,群益ESG投等債20,245,0,245,群益金鼎-西松,2024-01-23,9136
3231,緯創,297,61,236,群益金鼎-西松,2024-01-23,9136
6113,亞矽,86,0,86,群益金鼎-西松,2024-01-23,9136
2344,華邦電,41,3,38,群益金鼎-西松,2024-01-23,9136
2369,菱生,50,15,35,群益金鼎-西松,2024-01-23,9136
3481,群創,222,188,34,群益金鼎-西松,2024-01-23,9136
00637L,元大滬深300正2,42,10,32,群益金鼎-西松,2024-01-23,9136
2377,微星,34,2,32,群益金鼎-西松,2024-01-23,9136
2356,英業達,114,86,28,群益金鼎-西松,2024-01-23,9136
00929,復華台灣科技優息,28,1,27,群益金鼎-西松,2024-01-23,9136
00882,中信中國高股息,25,1,24,群益金鼎-西松,2024-01-23,9136
3036,文曄,39,16,23,群益金鼎-西松,2024-01-23,9136
00639,富邦深100,20,0,20,群益金鼎-西松,2024-01-23,9136
5498,凱崴,20,0,20,群益金鼎-西松,2024-01-23,9136
2465,麗臺,20,1,19,群益金鼎-西松,2024-01-23,9136
3545,敦泰,23,5,18,群益金鼎-西松,2024-01-23,9136
00878,國泰永續高股息,22,5,17,群益金鼎-西松,2024-01-23,9136
8110,華東,15,0,15,群益金鼎-西松,2024-01-23,9136
3149,正達,20,5,15,群益金鼎-西松,2024-01-23,9136
3588,通嘉,17,2,15,群益金鼎-西松,2024-01-23,9136
00919,群益台灣精選高息,20,6,14,群益金鼎-西松,2024-01-23,9136
1519,華城,19,5,14,群益金鼎-西松,2024-01-23,9136
6235,華孚,14,1,13,群益金鼎-西松,2024-01-23,9136
3017,奇鋐,21,9,12,群益金鼎-西松,2024-01-23,9136
6239,力成,32,20,12,群益金鼎-西松,2024-01-23,9136
6120,達運,11,0,11,群益金鼎-西松,2024-01-23,9136
00706L,期元大S＆P日圓正2,10,0,10,群益金鼎-西松,2024-01-23,9136
006205,富邦上証,10,0,10,群益金鼎-西松,2024-01-23,9136
2497,怡利電,10,0,10,群益金鼎-西松,2024-01-23,9136
3703,欣陸,10,0,10,群益金鼎-西松,2024-01-23,9136
4123,晟德,10,0,10,群益金鼎-西松,2024-01-23,9136
5464,霖宏,10,0,10,群益金鼎-西松,2024-01-23,9136
2610,華航,21,11,10,群益金鼎-西松,2024-01-23,9136
2376,技嘉,17,8,9,群益金鼎-西松,2024-01-23,9136
6870,騰雲,12,3,9,群益金鼎-西松,2024-01-23,9136
2618,長榮航,20,12,8,群益金鼎-西松,2024-01-23,9136
2329,華泰,24,16,8,群益金鼎-西松,2024-01-23,9136
4109,加捷生醫,8,0,8,群益金鼎-西松,2024-01-23,9136
6125,廣運,10,2,8,群益金鼎-西松,2024-01-23,9136
6112,邁達特,7,0,7,群益金鼎-西松,2024-01-23,9136
3707,漢磊,6,0,6,群益金鼎-西松,2024-01-23,9136
1783,和康生,6,0,6,群益金鼎-西松,2024-01-23,9136
2365,昆盈,7,1,6,群益金鼎-西松,2024-01-23,9136
2449,京元電子,8,2,6,群益金鼎-西松,2024-01-23,9136
3265,台星科,12,6,6,群益金鼎-西松,2024-01-23,9136
5871,中租-KY,6,0,6,群益金鼎-西松,2024-01-23,9136
6170,統振,6,0,6,群益金鼎-西松,2024-01-23,9136
6669,緯穎,7,1,6,群益金鼎-西松,2024-01-23,9136
00680L,元大美債20正2,5,0,5,群益金鼎-西松,2024-01-23,9136
1809,中釉,5,0,5,群益金鼎-西松,2024-01-23,9136
2353,宏��,176,21,155,群益金鼎-西松,2024-01-24,9136
00637L,元大滬深300正2,169,26,143,群益金鼎-西松,2024-01-24,9136
4414,如興,143,0,143,群益金鼎-西松,2024-01-24,9136
00937B,群益ESG投等債20,146,20,126,群益金鼎-西松,2024-01-24,9136
00753L,中信中國50正2,92,0,92,群益金鼎-西松,2024-01-24,9136
00650L,復華香港正2,90,0,90,群益金鼎-西松,2024-01-24,9136
00665L,富邦�琤肭磪囓�2,90,0,90,群益金鼎-西松,2024-01-24,9136
2409,友達,60,1,59,群益金鼎-西松,2024-01-24,9136
6535,順藥,50,1,49,群益金鼎-西松,2024-01-24,9136
00715L,期街口布蘭特正2,24,0,24,群益金鼎-西松,2024-01-24,9136
00919,群益台灣精選高息,22,0,22,群益金鼎-西松,2024-01-24,9136
1513,中興電,22,1,21,群益金鼎-西松,2024-01-24,9136
6462,神盾,38,17,21,群益金鼎-西松,2024-01-24,9136
2362,藍天,20,0,20,群益金鼎-西松,2024-01-24,9136
2421,建準,19,5,14,群益金鼎-西松,2024-01-24,9136
1514,亞力,14,1,13,群益金鼎-西松,2024-01-24,9136
00720B,元大投資級公司債,13,0,13,群益金鼎-西松,2024-01-24,9136
3294,英濟,13,0,13,群益金鼎-西松,2024-01-24,9136
6237,驊訊,24,11,13,群益金鼎-西松,2024-01-24,9136
2365,昆盈,16,5,11,群益金鼎-西松,2024-01-24,9136
2324,仁寶,12,2,10,群益金鼎-西松,2024-01-24,9136
00918,大華優利高填息30,20,10,10,群益金鼎-西松,2024-01-24,9136
2885,元大金,10,0,10,群益金鼎-西松,2024-01-24,9136
3025,星通,18,8,10,群益金鼎-西松,2024-01-24,9136
3703,欣陸,10,0,10,群益金鼎-西松,2024-01-24,9136
6805,富世達,10,0,10,群益金鼎-西松,2024-01-24,9136
9105,泰金寶-DR,10,0,10,群益金鼎-西松,2024-01-24,9136
00929,復華台灣科技優息,11,2,9,群益金鼎-西松,2024-01-24,9136
3029,零壹,10,1,9,群益金鼎-西松,2024-01-24,9136
3037,欣興,10,1,9,群益金鼎-西松,2024-01-24,9136
3596,智易,9,0,9,群益金鼎-西松,2024-01-24,9136
8112,至上,9,0,9,群益金鼎-西松,2024-01-24,9136
9902,台火,9,0,9,群益金鼎-西松,2024-01-24,9136
00882,中信中國高股息,8,0,8,群益金鼎-西松,2024-01-24,9136
2402,毅嘉,8,0,8,群益金鼎-西松,2024-01-24,9136
2501,國建,8,0,8,群益金鼎-西松,2024-01-24,9136
2887,台新金,8,0,8,群益金鼎-西松,2024-01-24,9136
2388,威盛,7,0,7,群益金鼎-西松,2024-01-24,9136
00679B,元大美債20年,7,0,7,群益金鼎-西松,2024-01-24,9136
00633L,富邦上証正2,8,1,7,群益金鼎-西松,2024-01-24,9136
3188,鑫龍騰,7,0,7,群益金鼎-西松,2024-01-24,9136
3321,同泰,17,10,7,群益金鼎-西松,2024-01-24,9136
3231,緯創,57,50,7,群益金鼎-西松,2024-01-24,9136
1519,華城,9,3,6,群益金鼎-西松,2024-01-24,9136
2455,全新,13,7,6,群益金鼎-西松,2024-01-24,9136
3005,神基,11,5,6,群益金鼎-西松,2024-01-24,9136
3521,鴻翊,6,0,6,群益金鼎-西松,2024-01-24,9136
4919,新唐,6,0,6,群益金鼎-西松,2024-01-24,9136
3450,聯鈞,10,4,6,群益金鼎-西松,2024-01-24,9136
3481,群創,62,57,5,群益金鼎-西松,2024-01-24,9136
00937B,群益ESG投等債20,101,15,86,群益金鼎-西松,2024-01-25,9136
00753L,中信中國50正2,76,0,76,群益金鼎-西松,2024-01-25,9136
00929,復華台灣科技優息,75,16,59,群益金鼎-西松,2024-01-25,9136
00679B,元大美債20年,54,0,54,群益金鼎-西松,2024-01-25,9136
2365,昆盈,56,10,46,群益金鼎-西松,2024-01-25,9136
00757,統一FANG+,44,0,44,群益金鼎-西松,2024-01-25,9136
4113,聯上,62,20,42,群益金鼎-西松,2024-01-25,9136
6237,驊訊,39,3,36,群益金鼎-西松,2024-01-25,9136
00687B,國泰20年美債,37,2,35,群益金鼎-西松,2024-01-25,9136
3321,同泰,45,16,29,群益金鼎-西松,2024-01-25,9136
8040,九暘,31,2,29,群益金鼎-西松,2024-01-25,9136
00857B,永豐20年美公債,24,0,24,群益金鼎-西松,2024-01-25,9136
2356,英業達,53,30,23,群益金鼎-西松,2024-01-25,9136
00688L,國泰20年美債正2,22,0,22,群益金鼎-西松,2024-01-25,9136
00655L,國泰中國A50正2,20,0,20,群益金鼎-西松,2024-01-25,9136
3520,華盈,22,2,20,群益金鼎-西松,2024-01-25,9136
00633L,富邦上証正2,34,15,19,群益金鼎-西松,2024-01-25,9136
5426,振發,30,11,19,群益金鼎-西松,2024-01-25,9136
5284,jpp-KY,17,0,17,群益金鼎-西松,2024-01-25,9136
8050,廣積,16,0,16,群益金鼎-西松,2024-01-25,9136
00927,群益半導體收益,20,5,15,群益金鼎-西松,2024-01-25,9136
6531,愛普*,14,0,14,群益金鼎-西松,2024-01-25,9136
8096,擎亞,66,52,14,群益金鼎-西松,2024-01-25,9136
00878,國泰永續高股息,22,9,13,群益金鼎-西松,2024-01-25,9136
2421,建準,15,2,13,群益金鼎-西松,2024-01-25,9136
00720B,元大投資級公司債,16,4,12,群益金鼎-西松,2024-01-25,9136
3047,訊舟,12,0,12,群益金鼎-西松,2024-01-25,9136
3231,緯創,65,53,12,群益金鼎-西松,2024-01-25,9136
4915,致伸,12,0,12,群益金鼎-西松,2024-01-25,9136
00680L,元大美債20正2,11,0,11,群益金鼎-西松,2024-01-25,9136
4162,智擎,11,0,11,群益金鼎-西松,2024-01-25,9136
2382,廣達,18,7,11,群益金鼎-西松,2024-01-25,9136
00665L,富邦�琤肭磪囓�2,10,0,10,群益金鼎-西松,2024-01-25,9136
00933B,國泰10Y+金融債,20,10,10,群益金鼎-西松,2024-01-25,9136
1310,台苯,10,0,10,群益金鼎-西松,2024-01-25,9136
1568,倉佑,10,0,10,群益金鼎-西松,2024-01-25,9136
3615,安可,12,2,10,群益金鼎-西松,2024-01-25,9136
3715,定穎投控,10,0,10,群益金鼎-西松,2024-01-25,9136
00751B,元大AAA至A公司債,9,0,9,群益金鼎-西松,2024-01-25,9136
1210,大成,8,0,8,群益金鼎-西松,2024-01-25,9136
00706L,期元大S＆P日圓正2,7,0,7,群益金鼎-西松,2024-01-25,9136
2329,華泰,14,7,7,群益金鼎-西松,2024-01-25,9136
6414,樺漢,7,0,7,群益金鼎-西松,2024-01-25,9136
2301,光寶科,14,7,7,群益金鼎-西松,2024-01-25,9136
2374,佳能,7,1,6,群益金鼎-西松,2024-01-25,9136
3607,谷崧,6,0,6,群益金鼎-西松,2024-01-25,9136
8021,尖點,6,0,6,群益金鼎-西松,2024-01-25,9136
8467,波力-KY,6,0,6,群益金鼎-西松,2024-01-25,9136
6789,采鈺,5,0,5,群益金鼎-西松,2024-01-25,9136
00786B,元大10年IG銀行債,5,0,5,群益金鼎-西松,2024-01-25,9136
00919,群益台灣精選高息,327,10,317,群益金鼎-西松,2024-01-26,9136
2303,聯電,130,25,105,群益金鼎-西松,2024-01-26,9136
00687B,國泰20年美債,105,1,104,群益金鼎-西松,2024-01-26,9136
4746,台耀,67,6,61,群益金鼎-西松,2024-01-26,9136
00929,復華台灣科技優息,59,1,58,群益金鼎-西松,2024-01-26,9136
00688L,國泰20年美債正2,50,0,50,群益金鼎-西松,2024-01-26,9136
00697B,元大美債7-10,50,0,50,群益金鼎-西松,2024-01-26,9136
00927,群益半導體收益,41,0,41,群益金鼎-西松,2024-01-26,9136
00878,國泰永續高股息,41,1,40,群益金鼎-西松,2024-01-26,9136
4113,聯上,25,0,25,群益金鼎-西松,2024-01-26,9136
00636,國泰中國A50,22,0,22,群益金鼎-西松,2024-01-26,9136
00637L,元大滬深300正2,27,5,22,群益金鼎-西松,2024-01-26,9136
2382,廣達,42,20,22,群益金鼎-西松,2024-01-26,9136
00937B,群益ESG投等債20,21,0,21,群益金鼎-西松,2024-01-26,9136
2377,微星,20,0,20,群益金鼎-西松,2024-01-26,9136
00891,中信關鍵半導體,50,30,20,群益金鼎-西松,2024-01-26,9136
00909,國泰數位支付服務,20,0,20,群益金鼎-西松,2024-01-26,9136
2329,華泰,17,2,15,群益金鼎-西松,2024-01-26,9136
6237,驊訊,16,2,14,群益金鼎-西松,2024-01-26,9136
00918,大華優利高填息30,14,0,14,群益金鼎-西松,2024-01-26,9136
5223,安力-KY,67,53,14,群益金鼎-西松,2024-01-26,9136
00720B,元大投資級公司債,13,0,13,群益金鼎-西松,2024-01-26,9136
00633L,富邦上証正2,20,7,13,群益金鼎-西松,2024-01-26,9136
3321,同泰,15,2,13,群益金鼎-西松,2024-01-26,9136
6143,振曜,13,0,13,群益金鼎-西松,2024-01-26,9136
2367,燿華,12,0,12,群益金鼎-西松,2024-01-26,9136
00650L,復華香港正2,10,0,10,群益金鼎-西松,2024-01-26,9136
00725B,國泰投資級公司債,10,0,10,群益金鼎-西松,2024-01-26,9136
2431,聯昌,10,0,10,群益金鼎-西松,2024-01-26,9136
3672,康聯訊,16,6,10,群益金鼎-西松,2024-01-26,9136
3673,TPK-KY,10,0,10,群益金鼎-西松,2024-01-26,9136
4306,炎洲,10,0,10,群益金鼎-西松,2024-01-26,9136
6196,帆宣,10,0,10,群益金鼎-西松,2024-01-26,9136
6235,華孚,11,1,10,群益金鼎-西松,2024-01-26,9136
2208,台船,10,1,9,群益金鼎-西松,2024-01-26,9136
6113,亞矽,9,0,9,群益金鼎-西松,2024-01-26,9136
6191,精成科,11,2,9,群益金鼎-西松,2024-01-26,9136
6265,方土昶,10,1,9,群益金鼎-西松,2024-01-26,9136
3376,新日興,10,1,9,群益金鼎-西松,2024-01-26,9136
2324,仁寶,13,6,7,群益金鼎-西松,2024-01-26,9136
3037,欣興,14,7,7,群益金鼎-西松,2024-01-26,9136
00753L,中信中國50正2,7,0,7,群益金鼎-西松,2024-01-26,9136
00680L,元大美債20正2,7,0,7,群益金鼎-西松,2024-01-26,9136
3312,弘憶股,9,2,7,群益金鼎-西松,2024-01-26,9136
3714,富采,7,0,7,群益金鼎-西松,2024-01-26,9136
5469,瀚宇博,14,7,7,群益金鼎-西松,2024-01-26,9136
4906,正文,6,0,6,群益金鼎-西松,2024-01-26,9136
1432,大魯閣,7,1,6,群益金鼎-西松,2024-01-26,9136
2486,一詮,12,6,6,群益金鼎-西松,2024-01-26,9136
2501,國建,7,1,6,群益金鼎-西松,2024-01-26,9136
2867,三商壽,120,0,120,群益金鼎-西松,2024-01-29,9136
00665L,富邦�琤肭磪囓�2,80,0,80,群益金鼎-西松,2024-01-29,9136
2885,元大金,50,1,49,群益金鼎-西松,2024-01-29,9136
2736,富野,40,0,40,群益金鼎-西松,2024-01-29,9136
00679B,元大美債20年,36,0,36,群益金鼎-西松,2024-01-29,9136
3438,類比科,37,2,35,群益金鼎-西松,2024-01-29,9136
8059,凱碩,53,21,32,群益金鼎-西松,2024-01-29,9136
00877,復華中國5G,31,0,31,群益金鼎-西松,2024-01-29,9136
00937B,群益ESG投等債20,32,3,29,群益金鼎-西松,2024-01-29,9136
5426,振發,29,0,29,群益金鼎-西松,2024-01-29,9136
5906,台南-KY,29,0,29,群益金鼎-西松,2024-01-29,9136
2882,國泰金,22,1,21,群益金鼎-西松,2024-01-29,9136
00881,國泰台灣5G+,20,0,20,群益金鼎-西松,2024-01-29,9136
00712,復華富時不動產,18,0,18,群益金鼎-西松,2024-01-29,9136
1605,華新,20,2,18,群益金鼎-西松,2024-01-29,9136
6179,亞通,21,4,17,群益金鼎-西松,2024-01-29,9136
00919,群益台灣精選高息,31,15,16,群益金鼎-西松,2024-01-29,9136
2454,聯發科,17,2,15,群益金鼎-西松,2024-01-29,9136
6140,訊達,26,13,13,群益金鼎-西松,2024-01-29,9136
2409,友達,13,2,11,群益金鼎-西松,2024-01-29,9136
00773B,中信優先金融債,10,0,10,群益金鼎-西松,2024-01-29,9136
00722B,群益投資級電信債,10,0,10,群益金鼎-西松,2024-01-29,9136
00650L,復華香港正2,40,30,10,群益金鼎-西松,2024-01-29,9136
006205,富邦上証,10,0,10,群益金鼎-西松,2024-01-29,9136
1560,中砂,12,2,10,群益金鼎-西松,2024-01-29,9136
3230,錦明,10,0,10,群益金鼎-西松,2024-01-29,9136
8107,大億金茂,10,0,10,群益金鼎-西松,2024-01-29,9136
00882,中信中國高股息,10,0,10,群益金鼎-西松,2024-01-29,9136
2382,廣達,17,8,9,群益金鼎-西松,2024-01-29,9136
4979,華星光,10,1,9,群益金鼎-西松,2024-01-29,9136
8105,凌巨,10,1,9,群益金鼎-西松,2024-01-29,9136
00927,群益半導體收益,10,2,8,群益金鼎-西松,2024-01-29,9136
2471,資通,8,0,8,群益金鼎-西松,2024-01-29,9136
6695,芯鼎,13,5,8,群益金鼎-西松,2024-01-29,9136
00687B,國泰20年美債,7,0,7,群益金鼎-西松,2024-01-29,9136
3006,晶豪科,10,3,7,群益金鼎-西松,2024-01-29,9136
2337,旺宏,6,0,6,群益金鼎-西松,2024-01-29,9136
8054,安國,18,12,6,群益金鼎-西松,2024-01-29,9136
00631L,元大台灣50正2,6,0,6,群益金鼎-西松,2024-01-29,9136
00720B,元大投資級公司債,6,0,6,群益金鼎-西松,2024-01-29,9136
3520,華盈,7,1,6,群益金鼎-西松,2024-01-29,9136
8210,勤誠,6,0,6,群益金鼎-西松,2024-01-29,9136
8917,欣泰,6,0,6,群益金鼎-西松,2024-01-29,9136
3296,勝德,5,0,5,群益金鼎-西松,2024-01-29,9136
00786B,元大10年IG銀行債,5,0,5,群益金鼎-西松,2024-01-29,9136
00725B,國泰投資級公司債,5,0,5,群益金鼎-西松,2024-01-29,9136
1305,華夏,5,0,5,群益金鼎-西松,2024-01-29,9136
1815,富喬,5,0,5,群益金鼎-西松,2024-01-29,9136
2356,英業達,15,10,5,群益金鼎-西松,2024-01-29,9136
2610,華航,35,30,5,群益金鼎-西松,2024-01-29,9136
00919,群益台灣精選高息,227,38,189,群益金鼎-西松,2024-01-30,9136
00637L,元大滬深300正2,75,18,57,群益金鼎-西松,2024-01-30,9136
6465,威潤,50,1,49,群益金鼎-西松,2024-01-30,9136
00935,野村臺灣新科技50,50,2,48,群益金鼎-西松,2024-01-30,9136
00937B,群益ESG投等債20,37,0,37,群益金鼎-西松,2024-01-30,9136
1815,富喬,41,5,36,群益金鼎-西松,2024-01-30,9136
00770,國泰北美科技,30,0,30,群益金鼎-西松,2024-01-30,9136
00751B,元大AAA至A公司債,26,0,26,群益金鼎-西松,2024-01-30,9136
00679B,元大美債20年,25,0,25,群益金鼎-西松,2024-01-30,9136
2515,中工,22,0,22,群益金鼎-西松,2024-01-30,9136
6494,九齊,30,9,21,群益金鼎-西松,2024-01-30,9136
00877,復華中國5G,20,0,20,群益金鼎-西松,2024-01-30,9136
4908,前鼎,47,28,19,群益金鼎-西松,2024-01-30,9136
9105,泰金寶-DR,21,6,15,群益金鼎-西松,2024-01-30,9136
2337,旺宏,14,0,14,群益金鼎-西松,2024-01-30,9136
1301,台塑,13,0,13,群益金鼎-西松,2024-01-30,9136
00642U,期元大S＆P石油,13,0,13,群益金鼎-西松,2024-01-30,9136
3481,群創,23,10,13,群益金鼎-西松,2024-01-30,9136
7402,邑錡,13,0,13,群益金鼎-西松,2024-01-30,9136
00636,國泰中國A50,12,0,12,群益金鼎-西松,2024-01-30,9136
3416,融程電,12,0,12,群益金鼎-西松,2024-01-30,9136
1795,美時,13,2,11,群益金鼎-西松,2024-01-30,9136
00933B,國泰10Y+金融債,10,0,10,群益金鼎-西松,2024-01-30,9136
2349,錸德,10,0,10,群益金鼎-西松,2024-01-30,9136
3339,泰谷,10,0,10,群益金鼎-西松,2024-01-30,9136
6451,訊芯-KY,11,1,10,群益金鼎-西松,2024-01-30,9136
2379,瑞昱,10,0,10,群益金鼎-西松,2024-01-30,9136
6811,宏�硌穈T,10,0,10,群益金鼎-西松,2024-01-30,9136
1560,中砂,13,3,10,群益金鼎-西松,2024-01-30,9136
00881,國泰台灣5G+,10,1,9,群益金鼎-西松,2024-01-30,9136
1326,台化,9,0,9,群益金鼎-西松,2024-01-30,9136
3380,明泰,10,1,9,群益金鼎-西松,2024-01-30,9136
5871,中租-KY,8,0,8,群益金鼎-西松,2024-01-30,9136
00688L,國泰20年美債正2,8,0,8,群益金鼎-西松,2024-01-30,9136
2547,日勝生,8,0,8,群益金鼎-西松,2024-01-30,9136
6179,亞通,9,1,8,群益金鼎-西松,2024-01-30,9136
8171,天宇,9,1,8,群益金鼎-西松,2024-01-30,9136
3707,漢磊,7,0,7,群益金鼎-西松,2024-01-30,9136
00687B,國泰20年美債,10,3,7,群益金鼎-西松,2024-01-30,9136
2324,仁寶,7,0,7,群益金鼎-西松,2024-01-30,9136
3005,神基,10,3,7,群益金鼎-西松,2024-01-30,9136
5880,合庫金,7,0,7,群益金鼎-西松,2024-01-30,9136
2892,第一金,6,0,6,群益金鼎-西松,2024-01-30,9136
2388,威盛,6,0,6,群益金鼎-西松,2024-01-30,9136
2891,中信金,10,4,6,群益金鼎-西松,2024-01-30,9136
3073,天方能源,11,5,6,群益金鼎-西松,2024-01-30,9136
4956,光鋐,20,14,6,群益金鼎-西松,2024-01-30,9136
6546,正基,7,1,6,群益金鼎-西松,2024-01-30,9136
2421,建準,36,30,6,群益金鼎-西松,2024-01-30,9136
00733,富邦臺灣中小,6,0,6,群益金鼎-西松,2024-01-30,9136
00933B,國泰10Y+金融債,338,0,338,群益金鼎-西松,2024-01-31,9136
3481,群創,135,11,124,群益金鼎-西松,2024-01-31,9136
00751B,元大AAA至A公司債,107,0,107,群益金鼎-西松,2024-01-31,9136
00937B,群益ESG投等債20,105,11,94,群益金鼎-西松,2024-01-31,9136
00753L,中信中國50正2,56,0,56,群益金鼎-西松,2024-01-31,9136
00927,群益半導體收益,54,0,54,群益金鼎-西松,2024-01-31,9136
00919,群益台灣精選高息,53,0,53,群益金鼎-西松,2024-01-31,9136
2023,燁輝,50,0,50,群益金鼎-西松,2024-01-31,9136
3231,緯創,44,12,32,群益金鼎-西松,2024-01-31,9136
2329,華泰,31,3,28,群益金鼎-西松,2024-01-31,9136
3715,定穎投控,34,8,26,群益金鼎-西松,2024-01-31,9136
6550,北極星藥業-KY,25,0,25,群益金鼎-西松,2024-01-31,9136
00687B,國泰20年美債,25,2,23,群益金鼎-西松,2024-01-31,9136
2369,菱生,33,12,21,群益金鼎-西松,2024-01-31,9136
2609,陽明,25,4,21,群益金鼎-西松,2024-01-31,9136
6770,力積電,17,0,17,群益金鼎-西松,2024-01-31,9136
8054,安國,26,9,17,群益金鼎-西松,2024-01-31,9136
2356,英業達,23,7,16,群益金鼎-西松,2024-01-31,9136
2382,廣達,27,11,16,群益金鼎-西松,2024-01-31,9136
6789,采鈺,17,1,16,群益金鼎-西松,2024-01-31,9136
2330,台積電,17,1,16,群益金鼎-西松,2024-01-31,9136
00686R,群益臺灣加權反1,15,0,15,群益金鼎-西松,2024-01-31,9136
006207,復華滬深,14,0,14,群益金鼎-西松,2024-01-31,9136
3041,揚智,20,6,14,群益金鼎-西松,2024-01-31,9136
4960,誠美材,20,6,14,群益金鼎-西松,2024-01-31,9136
00878,國泰永續高股息,13,0,13,群益金鼎-西松,2024-01-31,9136
2409,友達,13,0,13,群益金鼎-西松,2024-01-31,9136
00720B,元大投資級公司債,15,3,12,群益金鼎-西松,2024-01-31,9136
4113,聯上,12,0,12,群益金鼎-西松,2024-01-31,9136
9105,泰金寶-DR,12,0,12,群益金鼎-西松,2024-01-31,9136
2368,金像電,13,2,11,群益金鼎-西松,2024-01-31,9136
0050,元大台灣50,10,0,10,群益金鼎-西松,2024-01-31,9136
00632R,元大台灣50反1,10,0,10,群益金鼎-西松,2024-01-31,9136
00923,群益台ESG低碳50,11,1,10,群益金鼎-西松,2024-01-31,9136
00931B,統一美債20年,10,0,10,群益金鼎-西松,2024-01-31,9136
1796,金穎生技,12,2,10,群益金鼎-西松,2024-01-31,9136
3313,斐成,10,0,10,群益金鼎-西松,2024-01-31,9136
3563,牧德,10,0,10,群益金鼎-西松,2024-01-31,9136
4906,正文,10,0,10,群益金鼎-西松,2024-01-31,9136
3597,映興,14,5,9,群益金鼎-西松,2024-01-31,9136
8069,元太,16,7,9,群益金鼎-西松,2024-01-31,9136
00891,中信關鍵半導體,9,0,9,群益金鼎-西松,2024-01-31,9136
3380,明泰,8,0,8,群益金鼎-西松,2024-01-31,9136
8011,台通,9,1,8,群益金鼎-西松,2024-01-31,9136
1432,大魯閣,7,0,7,群益金鼎-西松,2024-01-31,9136
2363,矽統,7,0,7,群益金鼎-西松,2024-01-31,9136
2883,凱基金,7,0,7,群益金鼎-西松,2024-01-31,9136
6016,康和證,7,0,7,群益金鼎-西松,2024-01-31,9136
2892,第一金,6,0,6,群益金鼎-西松,2024-01-31,9136
4979,華星光,7,1,6,群益金鼎-西松,2024-01-31,9136
00933B,國泰10Y+金融債,800,0,800,群益金鼎-西松,2024-02-01,9136
00740B,富邦全球投等債,300,0,300,群益金鼎-西松,2024-02-01,9136
00937B,群益ESG投等債20,304,21,283,群益金鼎-西松,2024-02-01,9136
00715L,期街口布蘭特正2,179,40,139,群益金鼎-西松,2024-02-01,9136
00665L,富邦�琤肭磪囓�2,114,0,114,群益金鼎-西松,2024-02-01,9136
00878,國泰永續高股息,53,5,48,群益金鼎-西松,2024-02-01,9136
2409,友達,181,139,42,群益金鼎-西松,2024-02-01,9136
00687B,國泰20年美債,40,0,40,群益金鼎-西松,2024-02-01,9136
00751B,元大AAA至A公司債,30,0,30,群益金鼎-西松,2024-02-01,9136
3321,同泰,41,12,29,群益金鼎-西松,2024-02-01,9136
6695,芯鼎,45,18,27,群益金鼎-西松,2024-02-01,9136
00642U,期元大S＆P石油,25,0,25,群益金鼎-西松,2024-02-01,9136
2356,英業達,28,4,24,群益金鼎-西松,2024-02-01,9136
9105,泰金寶-DR,20,0,20,群益金鼎-西松,2024-02-01,9136
2382,廣達,26,7,19,群益金鼎-西松,2024-02-01,9136
6530,創威,27,8,19,群益金鼎-西松,2024-02-01,9136
5347,世界,17,0,17,群益金鼎-西松,2024-02-01,9136
3017,奇鋐,33,16,17,群益金鼎-西松,2024-02-01,9136
3234,光環,16,0,16,群益金鼎-西松,2024-02-01,9136
6265,方土昶,16,2,14,群益金鼎-西松,2024-02-01,9136
6684,安格,100,86,14,群益金鼎-西松,2024-02-01,9136
8089,康全電訊,14,1,13,群益金鼎-西松,2024-02-01,9136
2812,台中銀,21,9,12,群益金鼎-西松,2024-02-01,9136
1773,勝一,12,0,12,群益金鼎-西松,2024-02-01,9136
6243,迅杰,18,6,12,群益金鼎-西松,2024-02-01,9136
8481,政伸,13,1,12,群益金鼎-西松,2024-02-01,9136
3081,聯亞,12,0,12,群益金鼎-西松,2024-02-01,9136
5493,三聯,11,0,11,群益金鼎-西松,2024-02-01,9136
8936,國統,18,7,11,群益金鼎-西松,2024-02-01,9136
9919,康那香,11,0,11,群益金鼎-西松,2024-02-01,9136
2883,凱基金,10,0,10,群益金鼎-西松,2024-02-01,9136
3062,建漢,10,0,10,群益金鼎-西松,2024-02-01,9136
3313,斐成,10,0,10,群益金鼎-西松,2024-02-01,9136
3363,上詮,19,9,10,群益金鼎-西松,2024-02-01,9136
3535,晶彩科,11,1,10,群益金鼎-西松,2024-02-01,9136
3576,聯合再生,10,0,10,群益金鼎-西松,2024-02-01,9136
4906,正文,10,0,10,群益金鼎-西松,2024-02-01,9136
6785,昱展新藥,10,0,10,群益金鼎-西松,2024-02-01,9136
1603,華電,10,0,10,群益金鼎-西松,2024-02-01,9136
3324,雙鴻,16,6,10,群益金鼎-西松,2024-02-01,9136
4770,上品,9,0,9,群益金鼎-西松,2024-02-01,9136
00891,中信關鍵半導體,15,6,9,群益金鼎-西松,2024-02-01,9136
3645,達邁,9,0,9,群益金鼎-西松,2024-02-01,9136
00679B,元大美債20年,13,4,9,群益金鼎-西松,2024-02-01,9136
2377,微星,10,2,8,群益金鼎-西松,2024-02-01,9136
5516,雙喜,8,0,8,群益金鼎-西松,2024-02-01,9136
6830,汎銓,8,0,8,群益金鼎-西松,2024-02-01,9136
3032,偉訓,8,1,7,群益金鼎-西松,2024-02-01,9136
3511,矽瑪,7,0,7,群益金鼎-西松,2024-02-01,9136
3520,華盈,22,15,7,群益金鼎-西松,2024-02-01,9136
00919,群益台灣精選高息,308,1,307,群益金鼎-西松,2024-02-02,9136
00937B,群益ESG投等債20,287,4,283,群益金鼎-西松,2024-02-02,9136
00715L,期街口布蘭特正2,179,2,177,群益金鼎-西松,2024-02-02,9136
00712,復華富時不動產,64,0,64,群益金鼎-西松,2024-02-02,9136
00881,國泰台灣5G+,60,5,55,群益金鼎-西松,2024-02-02,9136
00725B,國泰投資級公司債,52,0,52,群益金鼎-西松,2024-02-02,9136
00642U,期元大S＆P石油,50,0,50,群益金鼎-西松,2024-02-02,9136
00637L,元大滬深300正2,50,0,50,群益金鼎-西松,2024-02-02,9136
2303,聯電,47,4,43,群益金鼎-西松,2024-02-02,9136
00878,國泰永續高股息,63,26,37,群益金鼎-西松,2024-02-02,9136
00929,復華台灣科技優息,36,0,36,群益金鼎-西松,2024-02-02,9136
2537,聯上發,31,1,30,群益金鼎-西松,2024-02-02,9136
6435,大中,30,0,30,群益金鼎-西松,2024-02-02,9136
3013,晟銘電,29,0,29,群益金鼎-西松,2024-02-02,9136
2409,友達,38,11,27,群益金鼎-西松,2024-02-02,9136
00910,第一金太空衛星,20,0,20,群益金鼎-西松,2024-02-02,9136
8996,高力,25,5,20,群益金鼎-西松,2024-02-02,9136
2421,建準,51,32,19,群益金鼎-西松,2024-02-02,9136
3481,群創,38,22,16,群益金鼎-西松,2024-02-02,9136
2615,萬海,15,1,14,群益金鼎-西松,2024-02-02,9136
8438,昶昕,16,2,14,群益金鼎-西松,2024-02-02,9136
00733,富邦臺灣中小,15,1,14,群益金鼎-西松,2024-02-02,9136
2408,南亞科,13,0,13,群益金鼎-西松,2024-02-02,9136
6257,矽格,14,1,13,群益金鼎-西松,2024-02-02,9136
1773,勝一,12,0,12,群益金鼎-西松,2024-02-02,9136
3588,通嘉,12,0,12,群益金鼎-西松,2024-02-02,9136
3374,精材,11,0,11,群益金鼎-西松,2024-02-02,9136
8432,東生華,11,0,11,群益金鼎-西松,2024-02-02,9136
6805,富世達,11,0,11,群益金鼎-西松,2024-02-02,9136
2603,長榮,15,5,10,群益金鼎-西松,2024-02-02,9136
3033,威健,11,1,10,群益金鼎-西松,2024-02-02,9136
5871,中租-KY,10,0,10,群益金鼎-西松,2024-02-02,9136
1514,亞力,35,25,10,群益金鼎-西松,2024-02-02,9136
1503,士電,14,4,10,群益金鼎-西松,2024-02-02,9136
3576,聯合再生,10,0,10,群益金鼎-西松,2024-02-02,9136
4906,正文,11,1,10,群益金鼎-西松,2024-02-02,9136
6116,彩晶,10,0,10,群益金鼎-西松,2024-02-02,9136
6414,樺漢,10,0,10,群益金鼎-西松,2024-02-02,9136
00688L,國泰20年美債正2,9,0,9,群益金鼎-西松,2024-02-02,9136
1733,五鼎,9,0,9,群益金鼎-西松,2024-02-02,9136
3508,位速,10,1,9,群益金鼎-西松,2024-02-02,9136
6117,迎廣,10,1,9,群益金鼎-西松,2024-02-02,9136
6684,安格,100,91,9,群益金鼎-西松,2024-02-02,9136
00679B,元大美債20年,11,2,9,群益金鼎-西松,2024-02-02,9136
3363,上詮,19,11,8,群益金鼎-西松,2024-02-02,9136
00720B,元大投資級公司債,8,0,8,群益金鼎-西松,2024-02-02,9136
2538,基泰,8,0,8,群益金鼎-西松,2024-02-02,9136
2888,新光金,8,0,8,群益金鼎-西松,2024-02-02,9136
2915,潤泰全,8,0,8,群益金鼎-西松,2024-02-02,9136
3450,聯鈞,8,0,8,群益金鼎-西松,2024-02-02,9136
00919,群益台灣精選高息,192,1,191,群益金鼎-西松,2024-02-05,9136
00929,復華台灣科技優息,93,1,92,群益金鼎-西松,2024-02-05,9136
00720B,元大投資級公司債,88,0,88,群益金鼎-西松,2024-02-05,9136
00878,國泰永續高股息,80,13,67,群益金鼎-西松,2024-02-05,9136
00937B,群益ESG投等債20,71,10,61,群益金鼎-西松,2024-02-05,9136
00679B,元大美債20年,53,0,53,群益金鼎-西松,2024-02-05,9136
00687B,國泰20年美債,48,0,48,群益金鼎-西松,2024-02-05,9136
9802,鈺齊-KY,44,0,44,群益金鼎-西松,2024-02-05,9136
00680L,元大美債20正2,35,0,35,群益金鼎-西松,2024-02-05,9136
00642U,期元大S＆P石油,32,0,32,群益金鼎-西松,2024-02-05,9136
00688L,國泰20年美債正2,30,0,30,群益金鼎-西松,2024-02-05,9136
2303,聯電,32,5,27,群益金鼎-西松,2024-02-05,9136
1528,恩德,33,11,22,群益金鼎-西松,2024-02-05,9136
3036,文曄,22,1,21,群益金鼎-西松,2024-02-05,9136
3687,歐買尬,20,0,20,群益金鼎-西松,2024-02-05,9136
4714,永捷,30,10,20,群益金鼎-西松,2024-02-05,9136
8054,安國,23,3,20,群益金鼎-西松,2024-02-05,9136
00773B,中信優先金融債,18,0,18,群益金鼎-西松,2024-02-05,9136
00751B,元大AAA至A公司債,17,0,17,群益金鼎-西松,2024-02-05,9136
2618,長榮航,40,23,17,群益金鼎-西松,2024-02-05,9136
3219,倚強科,22,5,17,群益金鼎-西松,2024-02-05,9136
5351,鈺創,27,10,17,群益金鼎-西松,2024-02-05,9136
3207,耀勝,15,0,15,群益金鼎-西松,2024-02-05,9136
4142,國光生,16,1,15,群益金鼎-西松,2024-02-05,9136
6531,愛普*,14,0,14,群益金鼎-西松,2024-02-05,9136
006207,復華滬深,13,0,13,群益金鼎-西松,2024-02-05,9136
3531,先益,14,1,13,群益金鼎-西松,2024-02-05,9136
4529,淳紳,13,0,13,群益金鼎-西松,2024-02-05,9136
4908,前鼎,14,1,13,群益金鼎-西松,2024-02-05,9136
00712,復華富時不動產,12,0,12,群益金鼎-西松,2024-02-05,9136
6799,來頡,13,1,12,群益金鼎-西松,2024-02-05,9136
0056,元大高股息,13,1,12,群益金鼎-西松,2024-02-05,9136
00931B,統一美債20年,11,0,11,群益金鼎-西松,2024-02-05,9136
4906,正文,11,0,11,群益金鼎-西松,2024-02-05,9136
3037,欣興,10,0,10,群益金鼎-西松,2024-02-05,9136
5871,中租-KY,10,0,10,群益金鼎-西松,2024-02-05,9136
3363,上詮,11,1,10,群益金鼎-西松,2024-02-05,9136
3450,聯鈞,9,0,9,群益金鼎-西松,2024-02-05,9136
6578,達邦蛋白,11,2,9,群益金鼎-西松,2024-02-05,9136
2329,華泰,21,13,8,群益金鼎-西松,2024-02-05,9136
3550,聯穎,8,0,8,群益金鼎-西松,2024-02-05,9136
00706L,期元大S＆P日圓正2,8,0,8,群益金鼎-西松,2024-02-05,9136
2368,金像電,11,4,7,群益金鼎-西松,2024-02-05,9136
1591,駿吉-KY,7,0,7,群益金鼎-西松,2024-02-05,9136
2509,全坤建,7,0,7,群益金鼎-西松,2024-02-05,9136
6156,松上,7,0,7,群益金鼎-西松,2024-02-05,9136
8210,勤誠,11,4,7,群益金鼎-西松,2024-02-05,9136
00786B,元大10年IG銀行債,6,0,6,群益金鼎-西松,2024-02-05,9136
2363,矽統,8,2,6,群益金鼎-西松,2024-02-05,9136
2419,仲琦,7,1,6,群益金鼎-西松,2024-02-05,9136
2515,中工,391,10,381,群益金鼎-西松,2024-02-15,9136
00937B,群益ESG投等債20,145,50,95,群益金鼎-西松,2024-02-15,9136
6531,愛普*,86,11,75,群益金鼎-西松,2024-02-15,9136
2329,華泰,112,45,67,群益金鼎-西松,2024-02-15,9136
3234,光環,76,10,66,群益金鼎-西松,2024-02-15,9136
2421,建準,79,13,66,群益金鼎-西松,2024-02-15,9136
00665L,富邦�琤肭磪囓�2,50,0,50,群益金鼎-西松,2024-02-15,9136
00632R,元大台灣50反1,45,0,45,群益金鼎-西松,2024-02-15,9136
00878,國泰永續高股息,77,35,42,群益金鼎-西松,2024-02-15,9136
2409,友達,40,0,40,群益金鼎-西松,2024-02-15,9136
4113,聯上,39,0,39,群益金鼎-西松,2024-02-15,9136
00688L,國泰20年美債正2,34,0,34,群益金鼎-西松,2024-02-15,9136
00929,復華台灣科技優息,105,72,33,群益金鼎-西松,2024-02-15,9136
2618,長榮航,45,13,32,群益金鼎-西松,2024-02-15,9136
00687B,國泰20年美債,57,29,28,群益金鼎-西松,2024-02-15,9136
2344,華邦電,28,1,27,群益金鼎-西松,2024-02-15,9136
1785,光洋科,30,4,26,群益金鼎-西松,2024-02-15,9136
3035,智原,32,7,25,群益金鼎-西松,2024-02-15,9136
00751B,元大AAA至A公司債,23,0,23,群益金鼎-西松,2024-02-15,9136
2073,雄順,22,0,22,群益金鼎-西松,2024-02-15,9136
2408,南亞科,35,15,20,群益金鼎-西松,2024-02-15,9136
2892,第一金,19,0,19,群益金鼎-西松,2024-02-15,9136
00680L,元大美債20正2,19,0,19,群益金鼎-西松,2024-02-15,9136
00757,統一FANG+,18,0,18,群益金鼎-西松,2024-02-15,9136
2439,美律,18,0,18,群益金鼎-西松,2024-02-15,9136
2610,華航,18,0,18,群益金鼎-西松,2024-02-15,9136
3036,文曄,22,4,18,群益金鼎-西松,2024-02-15,9136
8096,擎亞,18,0,18,群益金鼎-西松,2024-02-15,9136
6456,GIS-KY,17,0,17,群益金鼎-西松,2024-02-15,9136
00904,新光臺灣半導體30,21,5,16,群益金鼎-西松,2024-02-15,9136
4303,信立,16,0,16,群益金鼎-西松,2024-02-15,9136
00882,中信中國高股息,16,0,16,群益金鼎-西松,2024-02-15,9136
00679B,元大美債20年,47,32,15,群益金鼎-西松,2024-02-15,9136
5222,全訊,13,0,13,群益金鼎-西松,2024-02-15,9136
0056,元大高股息,13,1,12,群益金鼎-西松,2024-02-15,9136
00696B,富邦美債20年,11,0,11,群益金鼎-西松,2024-02-15,9136
00773B,中信優先金融債,11,0,11,群益金鼎-西松,2024-02-15,9136
1413,宏洲,11,0,11,群益金鼎-西松,2024-02-15,9136
00708L,期元大S＆P黃金正2,10,0,10,群益金鼎-西松,2024-02-15,9136
1528,恩德,10,0,10,群益金鼎-西松,2024-02-15,9136
3339,泰谷,10,0,10,群益金鼎-西松,2024-02-15,9136
5521,工信,10,0,10,群益金鼎-西松,2024-02-15,9136
5704,老爺知,19,9,10,群益金鼎-西松,2024-02-15,9136
8047,星雲,10,0,10,群益金鼎-西松,2024-02-15,9136
8081,致新,10,0,10,群益金鼎-西松,2024-02-15,9136
5347,世界,10,0,10,群益金鼎-西松,2024-02-15,9136
00919,群益台灣精選高息,13,3,10,群益金鼎-西松,2024-02-15,9136
3037,欣興,14,5,9,群益金鼎-西松,2024-02-15,9136
3287,廣寰科,9,0,9,群益金鼎-西松,2024-02-15,9136
2891,中信金,8,0,8,群益金鼎-西松,2024-02-15,9136
2515,中工,240,0,240,群益金鼎-西松,2024-02-16,9136
00937B,群益ESG投等債20,128,0,128,群益金鼎-西松,2024-02-16,9136
2382,廣達,68,14,54,群益金鼎-西松,2024-02-16,9136
00679B,元大美債20年,43,0,43,群益金鼎-西松,2024-02-16,9136
00687B,國泰20年美債,37,0,37,群益金鼎-西松,2024-02-16,9136
00725B,國泰投資級公司債,37,0,37,群益金鼎-西松,2024-02-16,9136
00773B,中信優先金融債,35,0,35,群益金鼎-西松,2024-02-16,9136
2363,矽統,31,2,29,群益金鼎-西松,2024-02-16,9136
00857B,永豐20年美公債,27,0,27,群益金鼎-西松,2024-02-16,9136
5521,工信,25,0,25,群益金鼎-西松,2024-02-16,9136
00885,富邦越南,25,0,25,群益金鼎-西松,2024-02-16,9136
2888,新光金,24,0,24,群益金鼎-西松,2024-02-16,9136
2330,台積電,26,3,23,群益金鼎-西松,2024-02-16,9136
3013,晟銘電,23,2,21,群益金鼎-西松,2024-02-16,9136
1720,生達,20,0,20,群益金鼎-西松,2024-02-16,9136
5871,中租-KY,21,2,19,群益金鼎-西松,2024-02-16,9136
00650L,復華香港正2,20,1,19,群益金鼎-西松,2024-02-16,9136
00708L,期元大S＆P黃金正2,18,0,18,群益金鼎-西松,2024-02-16,9136
3372,典範,18,0,18,群益金鼎-西松,2024-02-16,9136
8112,至上,20,2,18,群益金鼎-西松,2024-02-16,9136
00688L,國泰20年美債正2,16,0,16,群益金鼎-西松,2024-02-16,9136
3363,上詮,21,5,16,群益金鼎-西松,2024-02-16,9136
8996,高力,22,7,15,群益金鼎-西松,2024-02-16,9136
6125,廣運,28,13,15,群益金鼎-西松,2024-02-16,9136
6585,鼎基,14,0,14,群益金鼎-西松,2024-02-16,9136
6781,AES-KY,13,0,13,群益金鼎-西松,2024-02-16,9136
6531,愛普*,12,0,12,群益金鼎-西松,2024-02-16,9136
6257,矽格,22,10,12,群益金鼎-西松,2024-02-16,9136
2312,金寶,12,0,12,群益金鼎-西松,2024-02-16,9136
5498,凱崴,12,0,12,群益金鼎-西松,2024-02-16,9136
6550,北極星藥業-KY,12,0,12,群益金鼎-西松,2024-02-16,9136
00753L,中信中國50正2,61,50,11,群益金鼎-西松,2024-02-16,9136
00680L,元大美債20正2,16,5,11,群益金鼎-西松,2024-02-16,9136
2062,橋椿,11,0,11,群益金鼎-西松,2024-02-16,9136
5490,同亨,11,0,11,群益金鼎-西松,2024-02-16,9136
6546,正基,14,3,11,群益金鼎-西松,2024-02-16,9136
9105,泰金寶-DR,11,0,11,群益金鼎-西松,2024-02-16,9136
00751B,元大AAA至A公司債,10,0,10,群益金鼎-西松,2024-02-16,9136
2609,陽明,10,0,10,群益金鼎-西松,2024-02-16,9136
5321,美而快,10,0,10,群益金鼎-西松,2024-02-16,9136
5876,上海商銀,10,0,10,群益金鼎-西松,2024-02-16,9136
6176,瑞儀,10,0,10,群益金鼎-西松,2024-02-16,9136
00882,中信中國高股息,10,0,10,群益金鼎-西松,2024-02-16,9136
4763,材料-KY,9,0,9,群益金鼎-西松,2024-02-16,9136
00927,群益半導體收益,10,1,9,群益金鼎-西松,2024-02-16,9136
3516,亞帝歐,9,0,9,群益金鼎-西松,2024-02-16,9136
4706,大恭,9,0,9,群益金鼎-西松,2024-02-16,9136
2467,志聖,10,1,9,群益金鼎-西松,2024-02-16,9136
6462,神盾,11,2,9,群益金鼎-西松,2024-02-16,9136
00919,群益台灣精選高息,19,11,8,群益金鼎-西松,2024-02-16,9136
6282,康舒,504,13,491,群益金鼎-西松,2024-02-19,9136
00929,復華台灣科技優息,224,8,216,群益金鼎-西松,2024-02-19,9136
4123,晟德,200,0,200,群益金鼎-西松,2024-02-19,9136
00933B,國泰10Y+金融債,150,0,150,群益金鼎-西松,2024-02-19,9136
2515,中工,224,82,142,群益金鼎-西松,2024-02-19,9136
00878,國泰永續高股息,115,7,108,群益金鼎-西松,2024-02-19,9136
2605,新興,91,2,89,群益金鼎-西松,2024-02-19,9136
3481,群創,203,123,80,群益金鼎-西松,2024-02-19,9136
3390,旭軟,75,0,75,群益金鼎-西松,2024-02-19,9136
2495,普安,72,0,72,群益金鼎-西松,2024-02-19,9136
6213,聯茂,60,3,57,群益金鼎-西松,2024-02-19,9136
1815,富喬,71,21,50,群益金鼎-西松,2024-02-19,9136
00637L,元大滬深300正2,85,35,50,群益金鼎-西松,2024-02-19,9136
00665L,富邦�琤肭磪囓�2,90,40,50,群益金鼎-西松,2024-02-19,9136
00687B,國泰20年美債,48,0,48,群益金鼎-西松,2024-02-19,9136
00679B,元大美債20年,34,0,34,群益金鼎-西松,2024-02-19,9136
6191,精成科,35,2,33,群益金鼎-西松,2024-02-19,9136
00882,中信中國高股息,34,1,33,群益金鼎-西松,2024-02-19,9136
2369,菱生,42,11,31,群益金鼎-西松,2024-02-19,9136
2867,三商壽,30,0,30,群益金鼎-西松,2024-02-19,9136
00919,群益台灣精選高息,27,4,23,群益金鼎-西松,2024-02-19,9136
2382,廣達,36,13,23,群益金鼎-西松,2024-02-19,9136
6125,廣運,31,10,21,群益金鼎-西松,2024-02-19,9136
2887,台新金,20,0,20,群益金鼎-西松,2024-02-19,9136
6532,瑞耘,20,0,20,群益金鼎-西松,2024-02-19,9136
2356,英業達,30,12,18,群益金鼎-西松,2024-02-19,9136
3356,奇偶,17,0,17,群益金鼎-西松,2024-02-19,9136
2353,宏��,24,8,16,群益金鼎-西松,2024-02-19,9136
4113,聯上,27,11,16,群益金鼎-西松,2024-02-19,9136
3013,晟銘電,15,0,15,群益金鼎-西松,2024-02-19,9136
2329,華泰,33,19,14,群益金鼎-西松,2024-02-19,9136
2368,金像電,17,3,14,群益金鼎-西松,2024-02-19,9136
6164,華興,22,9,13,群益金鼎-西松,2024-02-19,9136
2101,南港,13,0,13,群益金鼎-西松,2024-02-19,9136
2367,燿華,15,2,13,群益金鼎-西松,2024-02-19,9136
3002,歐格,13,0,13,群益金鼎-西松,2024-02-19,9136
3465,進泰電子,14,1,13,群益金鼎-西松,2024-02-19,9136
5498,凱崴,12,0,12,群益金鼎-西松,2024-02-19,9136
3035,智原,14,3,11,群益金鼎-西松,2024-02-19,9136
00772B,中信高評級公司債,11,0,11,群益金鼎-西松,2024-02-19,9136
2355,敬鵬,23,12,11,群益金鼎-西松,2024-02-19,9136
2388,威盛,11,1,10,群益金鼎-西松,2024-02-19,9136
2905,三商,10,0,10,群益金鼎-西松,2024-02-19,9136
4770,上品,10,0,10,群益金鼎-西松,2024-02-19,9136
8085,福華,39,29,10,群益金鼎-西松,2024-02-19,9136
8432,東生華,10,0,10,群益金鼎-西松,2024-02-19,9136
3231,緯創,33,24,9,群益金鼎-西松,2024-02-19,9136
1409,新纖,11,2,9,群益金鼎-西松,2024-02-19,9136
3058,立德,11,2,9,群益金鼎-西松,2024-02-19,9136
3131,弘塑,10,1,9,群益金鼎-西松,2024-02-19,9136
8085,福華,196,1,195,群益金鼎-西松,2024-02-20,9136
9802,鈺齊-KY,180,0,180,群益金鼎-西松,2024-02-20,9136
00937B,群益ESG投等債20,117,0,117,群益金鼎-西松,2024-02-20,9136
00665L,富邦�琤肭磪囓�2,80,0,80,群益金鼎-西松,2024-02-20,9136
6290,良維,76,5,71,群益金鼎-西松,2024-02-20,9136
00878,國泰永續高股息,60,0,60,群益金鼎-西松,2024-02-20,9136
0056,元大高股息,53,3,50,群益金鼎-西松,2024-02-20,9136
2442,新美齊,50,0,50,群益金鼎-西松,2024-02-20,9136
3234,光環,47,0,47,群益金鼎-西松,2024-02-20,9136
3231,緯創,69,24,45,群益金鼎-西松,2024-02-20,9136
00933B,國泰10Y+金融債,42,0,42,群益金鼎-西松,2024-02-20,9136
4529,淳紳,49,13,36,群益金鼎-西松,2024-02-20,9136
00687B,國泰20年美債,31,0,31,群益金鼎-西松,2024-02-20,9136
2495,普安,30,0,30,群益金鼎-西松,2024-02-20,9136
6126,信音,29,3,26,群益金鼎-西松,2024-02-20,9136
00632R,元大台灣50反1,23,0,23,群益金鼎-西松,2024-02-20,9136
00720B,元大投資級公司債,20,0,20,群益金鼎-西松,2024-02-20,9136
2352,佳世達,22,2,20,群益金鼎-西松,2024-02-20,9136
3230,錦明,20,0,20,群益金鼎-西松,2024-02-20,9136
3673,TPK-KY,25,5,20,群益金鼎-西松,2024-02-20,9136
4961,天鈺,25,5,20,群益金鼎-西松,2024-02-20,9136
2367,燿華,36,18,18,群益金鼎-西松,2024-02-20,9136
6645,金萬林-創,18,0,18,群益金鼎-西松,2024-02-20,9136
6789,采鈺,21,3,18,群益金鼎-西松,2024-02-20,9136
2382,廣達,19,2,17,群益金鼎-西松,2024-02-20,9136
2344,華邦電,17,1,16,群益金鼎-西松,2024-02-20,9136
1809,中釉,20,4,16,群益金鼎-西松,2024-02-20,9136
6741,91APP*-KY,16,0,16,群益金鼎-西松,2024-02-20,9136
00712,復華富時不動產,16,0,16,群益金鼎-西松,2024-02-20,9136
2476,鉅祥,16,1,15,群益金鼎-西松,2024-02-20,9136
4770,上品,21,6,15,群益金鼎-西松,2024-02-20,9136
2332,友訊,16,1,15,群益金鼎-西松,2024-02-20,9136
2368,金像電,16,1,15,群益金鼎-西松,2024-02-20,9136
2331,精英,18,4,14,群益金鼎-西松,2024-02-20,9136
2353,宏��,15,1,14,群益金鼎-西松,2024-02-20,9136
3002,歐格,15,1,14,群益金鼎-西松,2024-02-20,9136
3444,利機,20,6,14,群益金鼎-西松,2024-02-20,9136
6655,科定,15,1,14,群益金鼎-西松,2024-02-20,9136
8110,華東,24,11,13,群益金鼎-西松,2024-02-20,9136
2431,聯昌,14,1,13,群益金鼎-西松,2024-02-20,9136
4113,聯上,13,0,13,群益金鼎-西松,2024-02-20,9136
9105,泰金寶-DR,12,0,12,群益金鼎-西松,2024-02-20,9136
2356,英業達,24,12,12,群益金鼎-西松,2024-02-20,9136
2401,凌陽,13,1,12,群益金鼎-西松,2024-02-20,9136
2615,萬海,16,4,12,群益金鼎-西松,2024-02-20,9136
4706,大恭,16,4,12,群益金鼎-西松,2024-02-20,9136
6735,美達科技,12,0,12,群益金鼎-西松,2024-02-20,9136
2101,南港,15,4,11,群益金鼎-西松,2024-02-20,9136
2371,大同,11,0,11,群益金鼎-西松,2024-02-20,9136
3645,達邁,11,0,11,群益金鼎-西松,2024-02-20,9136
9802,鈺齊-KY,197,0,197,群益金鼎-西松,2024-02-21,9136
00937B,群益ESG投等債20,132,0,132,群益金鼎-西松,2024-02-21,9136
1503,士電,91,6,85,群益金鼎-西松,2024-02-21,9136
2515,中工,173,100,73,群益金鼎-西松,2024-02-21,9136
1514,亞力,67,17,50,群益金鼎-西松,2024-02-21,9136
2442,新美齊,46,0,46,群益金鼎-西松,2024-02-21,9136
00933B,國泰10Y+金融債,44,0,44,群益金鼎-西松,2024-02-21,9136
00687B,國泰20年美債,43,0,43,群益金鼎-西松,2024-02-21,9136
4979,華星光,57,15,42,群益金鼎-西松,2024-02-21,9136
00751B,元大AAA至A公司債,41,0,41,群益金鼎-西松,2024-02-21,9136
00929,復華台灣科技優息,44,3,41,群益金鼎-西松,2024-02-21,9136
006205,富邦上証,36,0,36,群益金鼎-西松,2024-02-21,9136
3231,緯創,51,17,34,群益金鼎-西松,2024-02-21,9136
00712,復華富時不動產,33,0,33,群益金鼎-西松,2024-02-21,9136
00688L,國泰20年美債正2,31,0,31,群益金鼎-西松,2024-02-21,9136
2363,矽統,34,4,30,群益金鼎-西松,2024-02-21,9136
6282,康舒,33,5,28,群益金鼎-西松,2024-02-21,9136
1785,光洋科,28,4,24,群益金鼎-西松,2024-02-21,9136
2312,金寶,24,0,24,群益金鼎-西松,2024-02-21,9136
8085,福華,62,38,24,群益金鼎-西松,2024-02-21,9136
4977,眾達-KY,23,0,23,群益金鼎-西松,2024-02-21,9136
6546,正基,24,1,23,群益金鼎-西松,2024-02-21,9136
2609,陽明,31,13,18,群益金鼎-西松,2024-02-21,9136
1528,恩德,20,2,18,群益金鼎-西松,2024-02-21,9136
006208,富邦台50,16,0,16,群益金鼎-西松,2024-02-21,9136
2303,聯電,21,6,15,群益金鼎-西松,2024-02-21,9136
3481,群創,55,40,15,群益金鼎-西松,2024-02-21,9136
1416,廣豐,14,0,14,群益金鼎-西松,2024-02-21,9136
2489,瑞軒,21,7,14,群益金鼎-西松,2024-02-21,9136
3005,神基,25,11,14,群益金鼎-西松,2024-02-21,9136
2887,台新金,15,1,14,群益金鼎-西松,2024-02-21,9136
3034,聯詠,15,3,12,群益金鼎-西松,2024-02-21,9136
2732,六角,12,0,12,群益金鼎-西松,2024-02-21,9136
3164,景岳,12,0,12,群益金鼎-西松,2024-02-21,9136
00680L,元大美債20正2,11,0,11,群益金鼎-西松,2024-02-21,9136
1717,長興,11,0,11,群益金鼎-西松,2024-02-21,9136
2419,仲琦,11,0,11,群益金鼎-西松,2024-02-21,9136
2476,鉅祥,23,12,11,群益金鼎-西松,2024-02-21,9136
3372,典範,13,2,11,群益金鼎-西松,2024-02-21,9136
00642U,期元大S＆P石油,10,0,10,群益金鼎-西松,2024-02-21,9136
2349,錸德,10,0,10,群益金鼎-西松,2024-02-21,9136
2801,彰銀,10,0,10,群益金鼎-西松,2024-02-21,9136
2356,英業達,16,7,9,群益金鼎-西松,2024-02-21,9136
2460,建通,18,9,9,群益金鼎-西松,2024-02-21,9136
4967,十銓,16,7,9,群益金鼎-西松,2024-02-21,9136
5258,虹堡,14,5,9,群益金鼎-西松,2024-02-21,9136
8096,擎亞,14,5,9,群益金鼎-西松,2024-02-21,9136
4129,聯合,9,0,9,群益金鼎-西松,2024-02-21,9136
00891,中信關鍵半導體,9,0,9,群益金鼎-西松,2024-02-21,9136
00878,國泰永續高股息,32,24,8,群益金鼎-西松,2024-02-21,9136
00937B,群益ESG投等債20,154,0,154,群益金鼎-西松,2024-02-22,9136
8059,凱碩,150,1,149,群益金鼎-西松,2024-02-22,9136
00878,國泰永續高股息,156,34,122,群益金鼎-西松,2024-02-22,9136
00753L,中信中國50正2,162,40,122,群益金鼎-西松,2024-02-22,9136
00637L,元大滬深300正2,135,33,102,群益金鼎-西松,2024-02-22,9136
0056,元大高股息,101,10,91,群益金鼎-西松,2024-02-22,9136
00665L,富邦�琤肭磪囓�2,180,100,80,群益金鼎-西松,2024-02-22,9136
8047,星雲,71,8,63,群益金鼎-西松,2024-02-22,9136
00679B,元大美債20年,62,0,62,群益金鼎-西松,2024-02-22,9136
006205,富邦上証,76,22,54,群益金鼎-西松,2024-02-22,9136
2442,新美齊,50,0,50,群益金鼎-西松,2024-02-22,9136
2887,台新金,41,0,41,群益金鼎-西松,2024-02-22,9136
2371,大同,66,29,37,群益金鼎-西松,2024-02-22,9136
00933B,國泰10Y+金融債,50,14,36,群益金鼎-西松,2024-02-22,9136
3234,光環,32,1,31,群益金鼎-西松,2024-02-22,9136
2409,友達,30,0,30,群益金鼎-西松,2024-02-22,9136
6164,華興,30,1,29,群益金鼎-西松,2024-02-22,9136
6451,訊芯-KY,44,15,29,群益金鼎-西松,2024-02-22,9136
8064,東捷,27,1,26,群益金鼎-西松,2024-02-22,9136
6741,91APP*-KY,23,1,22,群益金鼎-西松,2024-02-22,9136
5443,均豪,28,7,21,群益金鼎-西松,2024-02-22,9136
3081,聯亞,23,2,21,群益金鼎-西松,2024-02-22,9136
6125,廣運,30,10,20,群益金鼎-西松,2024-02-22,9136
2347,聯強,20,0,20,群益金鼎-西松,2024-02-22,9136
2467,志聖,21,1,20,群益金鼎-西松,2024-02-22,9136
3131,弘塑,19,1,18,群益金鼎-西松,2024-02-22,9136
3231,緯創,36,19,17,群益金鼎-西松,2024-02-22,9136
2515,中工,78,62,16,群益金鼎-西松,2024-02-22,9136
2537,聯上發,26,10,16,群益金鼎-西松,2024-02-22,9136
6207,雷科,17,1,16,群益金鼎-西松,2024-02-22,9136
00720B,元大投資級公司債,20,5,15,群益金鼎-西松,2024-02-22,9136
2101,南港,20,5,15,群益金鼎-西松,2024-02-22,9136
8936,國統,19,4,15,群益金鼎-西松,2024-02-22,9136
1718,中纖,14,0,14,群益金鼎-西松,2024-02-22,9136
3689,湧德,18,4,14,群益金鼎-西松,2024-02-22,9136
2484,希華,13,0,13,群益金鼎-西松,2024-02-22,9136
6716,應廣,14,1,13,群益金鼎-西松,2024-02-22,9136
3380,明泰,12,0,12,群益金鼎-西松,2024-02-22,9136
6187,萬潤,13,1,12,群益金鼎-西松,2024-02-22,9136
2884,玉山金,11,0,11,群益金鼎-西松,2024-02-22,9136
2308,台達電,12,1,11,群益金鼎-西松,2024-02-22,9136
00687B,國泰20年美債,39,28,11,群益金鼎-西松,2024-02-22,9136
00650L,復華香港正2,11,0,11,群益金鼎-西松,2024-02-22,9136
4960,誠美材,21,10,11,群益金鼎-西松,2024-02-22,9136
6126,信音,23,12,11,群益金鼎-西松,2024-02-22,9136
2349,錸德,10,0,10,群益金鼎-西松,2024-02-22,9136
00772B,中信高評級公司債,10,0,10,群益金鼎-西松,2024-02-22,9136
2365,昆盈,10,0,10,群益金鼎-西松,2024-02-22,9136
2618,長榮航,15,5,10,群益金鼎-西松,2024-02-22,9136
2801,彰銀,10,0,10,群益金鼎-西松,2024-02-22,9136
00929,復華台灣科技優息,484,60,424,群益金鼎-西松,2024-02-23,9136
00919,群益台灣精選高息,139,31,108,群益金鼎-西松,2024-02-23,9136
2442,新美齊,56,1,55,群益金鼎-西松,2024-02-23,9136
00772B,中信高評級公司債,50,0,50,群益金鼎-西松,2024-02-23,9136
00927,群益半導體收益,56,6,50,群益金鼎-西松,2024-02-23,9136
00632R,元大台灣50反1,58,10,48,群益金鼎-西松,2024-02-23,9136
5521,工信,38,2,36,群益金鼎-西松,2024-02-23,9136
2515,中工,204,170,34,群益金鼎-西松,2024-02-23,9136
00725B,國泰投資級公司債,31,0,31,群益金鼎-西松,2024-02-23,9136
3714,富采,30,0,30,群益金鼎-西松,2024-02-23,9136
4113,聯上,29,0,29,群益金鼎-西松,2024-02-23,9136
2887,台新金,28,0,28,群益金鼎-西松,2024-02-23,9136
4147,中裕,27,1,26,群益金鼎-西松,2024-02-23,9136
00937B,群益ESG投等債20,54,30,24,群益金鼎-西松,2024-02-23,9136
6285,啟��,29,6,23,群益金鼎-西松,2024-02-23,9136
2303,聯電,21,0,21,群益金鼎-西松,2024-02-23,9136
3481,群創,28,7,21,群益金鼎-西松,2024-02-23,9136
4966,譜瑞-KY,20,0,20,群益金鼎-西松,2024-02-23,9136
3059,華晶科,23,4,19,群益金鼎-西松,2024-02-23,9136
2618,長榮航,21,4,17,群益金鼎-西松,2024-02-23,9136
6207,雷科,21,6,15,群益金鼎-西松,2024-02-23,9136
00933B,國泰10Y+金融債,33,20,13,群益金鼎-西松,2024-02-23,9136
1519,華城,22,9,13,群益金鼎-西松,2024-02-23,9136
3535,晶彩科,14,1,13,群益金鼎-西松,2024-02-23,9136
4906,正文,13,0,13,群益金鼎-西松,2024-02-23,9136
6217,中探針,13,0,13,群益金鼎-西松,2024-02-23,9136
2313,華通,59,47,12,群益金鼎-西松,2024-02-23,9136
2607,榮運,11,0,11,群益金鼎-西松,2024-02-23,9136
2888,新光金,11,0,11,群益金鼎-西松,2024-02-23,9136
6189,豐藝,37,26,11,群益金鼎-西松,2024-02-23,9136
6196,帆宣,14,3,11,群益金鼎-西松,2024-02-23,9136
5469,瀚宇博,13,3,10,群益金鼎-西松,2024-02-23,9136
00786B,元大10年IG銀行債,10,0,10,群益金鼎-西松,2024-02-23,9136
1316,上曜,17,7,10,群益金鼎-西松,2024-02-23,9136
1785,光洋科,10,0,10,群益金鼎-西松,2024-02-23,9136
2409,友達,10,0,10,群益金鼎-西松,2024-02-23,9136
3036,文曄,11,1,10,群益金鼎-西松,2024-02-23,9136
3265,台星科,13,3,10,群益金鼎-西松,2024-02-23,9136
00637L,元大滬深300正2,20,11,9,群益金鼎-西松,2024-02-23,9136
00753L,中信中國50正2,15,6,9,群益金鼎-西松,2024-02-23,9136
00931B,統一美債20年,11,2,9,群益金鼎-西松,2024-02-23,9136
3055,蔚華科,20,11,9,群益金鼎-西松,2024-02-23,9136
6187,萬潤,10,1,9,群益金鼎-西松,2024-02-23,9136
00882,中信中國高股息,10,1,9,群益金鼎-西松,2024-02-23,9136
2382,廣達,17,9,8,群益金鼎-西松,2024-02-23,9136
00712,復華富時不動產,12,4,8,群益金鼎-西松,2024-02-23,9136
2421,建準,19,11,8,群益金鼎-西松,2024-02-23,9136
2538,基泰,8,0,8,群益金鼎-西松,2024-02-23,9136
3006,晶豪科,8,0,8,群益金鼎-西松,2024-02-23,9136
3073,天方能源,9,1,8,群益金鼎-西松,2024-02-23,9136
00937B,群益ESG投等債20,667,235,432,群益金鼎-西松,2024-02-26,9136
9802,鈺齊-KY,200,0,200,群益金鼎-西松,2024-02-26,9136
00878,國泰永續高股息,104,11,93,群益金鼎-西松,2024-02-26,9136
00637L,元大滬深300正2,71,1,70,群益金鼎-西松,2024-02-26,9136
00929,復華台灣科技優息,72,10,62,群益金鼎-西松,2024-02-26,9136
00772B,中信高評級公司債,48,0,48,群益金鼎-西松,2024-02-26,9136
00680L,元大美債20正2,42,0,42,群益金鼎-西松,2024-02-26,9136
6168,宏齊,36,1,35,群益金鼎-西松,2024-02-26,9136
2313,華通,40,6,34,群益金鼎-西松,2024-02-26,9136
00715L,期街口布蘭特正2,30,0,30,群益金鼎-西松,2024-02-26,9136
2392,正崴,30,0,30,群益金鼎-西松,2024-02-26,9136
4109,加捷生醫,62,33,29,群益金鼎-西松,2024-02-26,9136
3234,光環,25,0,25,群益金鼎-西松,2024-02-26,9136
3312,弘憶股,30,6,24,群益金鼎-西松,2024-02-26,9136
6104,創惟,25,2,23,群益金鼎-西松,2024-02-26,9136
2449,京元電子,41,20,21,群益金鼎-西松,2024-02-26,9136
2883,凱基金,20,0,20,群益金鼎-西松,2024-02-26,9136
4966,譜瑞-KY,20,0,20,群益金鼎-西松,2024-02-26,9136
3390,旭軟,21,1,20,群益金鼎-西松,2024-02-26,9136
2349,錸德,20,0,20,群益金鼎-西松,2024-02-26,9136
6257,矽格,41,21,20,群益金鼎-西松,2024-02-26,9136
6535,順藥,21,1,20,群益金鼎-西松,2024-02-26,9136
9103,美德醫療-DR,20,0,20,群益金鼎-西松,2024-02-26,9136
1504,東元,63,46,17,群益金鼎-西松,2024-02-26,9136
4162,智擎,18,1,17,群益金鼎-西松,2024-02-26,9136
2337,旺宏,16,0,16,群益金鼎-西松,2024-02-26,9136
3481,群創,16,0,16,群益金鼎-西松,2024-02-26,9136
4113,聯上,21,6,15,群益金鼎-西松,2024-02-26,9136
2364,倫飛,14,0,14,群益金鼎-西松,2024-02-26,9136
3268,海德威,14,0,14,群益金鼎-西松,2024-02-26,9136
5347,世界,14,0,14,群益金鼎-西松,2024-02-26,9136
2405,輔信,22,9,13,群益金鼎-西松,2024-02-26,9136
2353,宏��,13,1,12,群益金鼎-西松,2024-02-26,9136
00918,大華優利高填息30,13,1,12,群益金鼎-西松,2024-02-26,9136
00633L,富邦上証正2,11,0,11,群益金鼎-西松,2024-02-26,9136
00642U,期元大S＆P石油,11,0,11,群益金鼎-西松,2024-02-26,9136
2002,中鋼,11,0,11,群益金鼎-西松,2024-02-26,9136
2834,臺企銀,11,0,11,群益金鼎-西松,2024-02-26,9136
3545,敦泰,11,0,11,群益金鼎-西松,2024-02-26,9136
3653,健策,12,1,11,群益金鼎-西松,2024-02-26,9136
5438,東友,12,1,11,群益金鼎-西松,2024-02-26,9136
3714,富采,10,0,10,群益金鼎-西松,2024-02-26,9136
00857B,永豐20年美公債,10,0,10,群益金鼎-西松,2024-02-26,9136
00795B,中信美國公債20年,10,0,10,群益金鼎-西松,2024-02-26,9136
1342,八貫,10,0,10,群益金鼎-西松,2024-02-26,9136
1710,東聯,10,0,10,群益金鼎-西松,2024-02-26,9136
3711,日月光投控,13,3,10,群益金鼎-西松,2024-02-26,9136
6197,佳必琪,10,0,10,群益金鼎-西松,2024-02-26,9136
6207,雷科,12,2,10,群益金鼎-西松,2024-02-26,9136
6285,啟��,25,15,10,群益金鼎-西松,2024-02-26,9136
6288,聯嘉,309,9,300,群益金鼎-西松,2024-02-27,9136
00687B,國泰20年美債,236,1,235,群益金鼎-西松,2024-02-27,9136
8086,宏捷科,200,1,199,群益金鼎-西松,2024-02-27,9136
2208,台船,198,0,198,群益金鼎-西松,2024-02-27,9136
1513,中興電,200,25,175,群益金鼎-西松,2024-02-27,9136
00878,國泰永續高股息,105,8,97,群益金鼎-西松,2024-02-27,9136
00632R,元大台灣50反1,62,0,62,群益金鼎-西松,2024-02-27,9136
4402,郡都開發,62,0,62,群益金鼎-西松,2024-02-27,9136
6147,頎邦,56,0,56,群益金鼎-西松,2024-02-27,9136
2515,中工,160,108,52,群益金鼎-西松,2024-02-27,9136
00753L,中信中國50正2,50,0,50,群益金鼎-西松,2024-02-27,9136
5516,雙喜,50,0,50,群益金鼎-西松,2024-02-27,9136
5525,順天,50,0,50,群益金鼎-西松,2024-02-27,9136
5398,慕康生醫,39,1,38,群益金鼎-西松,2024-02-27,9136
6292,迅德,54,17,37,群益金鼎-西松,2024-02-27,9136
2313,華通,37,3,34,群益金鼎-西松,2024-02-27,9136
6535,順藥,31,1,30,群益金鼎-西松,2024-02-27,9136
8096,擎亞,28,0,28,群益金鼎-西松,2024-02-27,9136
00637L,元大滬深300正2,55,30,25,群益金鼎-西松,2024-02-27,9136
8027,鈦昇,23,0,23,群益金鼎-西松,2024-02-27,9136
2356,英業達,70,49,21,群益金鼎-西松,2024-02-27,9136
00679B,元大美債20年,25,4,21,群益金鼎-西松,2024-02-27,9136
4967,十銓,20,0,20,群益金鼎-西松,2024-02-27,9136
1806,冠軍,20,0,20,群益金鼎-西松,2024-02-27,9136
5269,祥碩,22,2,20,群益金鼎-西松,2024-02-27,9136
8088,品安,20,0,20,群益金鼎-西松,2024-02-27,9136
2002,中鋼,23,3,20,群益金鼎-西松,2024-02-27,9136
3450,聯鈞,75,56,19,群益金鼎-西松,2024-02-27,9136
3037,欣興,35,17,18,群益金鼎-西松,2024-02-27,9136
00933B,國泰10Y+金融債,27,10,17,群益金鼎-西松,2024-02-27,9136
00919,群益台灣精選高息,97,81,16,群益金鼎-西松,2024-02-27,9136
1773,勝一,20,4,16,群益金鼎-西松,2024-02-27,9136
6248,沛波,19,3,16,群益金鼎-西松,2024-02-27,9136
2329,華泰,29,14,15,群益金鼎-西松,2024-02-27,9136
3217,優群,15,0,15,群益金鼎-西松,2024-02-27,9136
6113,亞矽,19,4,15,群益金鼎-西松,2024-02-27,9136
6139,亞翔,25,10,15,群益金鼎-西松,2024-02-27,9136
1727,中華化,15,0,15,群益金鼎-西松,2024-02-27,9136
3712,永崴投控,14,0,14,群益金鼎-西松,2024-02-27,9136
2809,京城銀,15,1,14,群益金鼎-西松,2024-02-27,9136
2454,聯發科,17,3,14,群益金鼎-西松,2024-02-27,9136
2618,長榮航,13,0,13,群益金鼎-西松,2024-02-27,9136
1338,廣華-KY,17,4,13,群益金鼎-西松,2024-02-27,9136
3545,敦泰,14,1,13,群益金鼎-西松,2024-02-27,9136
3588,通嘉,16,3,13,群益金鼎-西松,2024-02-27,9136
8040,九暘,21,8,13,群益金鼎-西松,2024-02-27,9136
3260,威剛,17,5,12,群益金鼎-西松,2024-02-27,9136
3313,斐成,12,0,12,群益金鼎-西松,2024-02-27,9136
2338,光罩,12,1,11,群益金鼎-西松,2024-02-27,9136
2355,敬鵬,11,0,11,群益金鼎-西松,2024-02-27,9136
00937B,群益ESG投等債20,657,6,651,群益金鼎-西松,2024-02-29,9136
1815,富喬,252,4,248,群益金鼎-西松,2024-02-29,9136
00909,國泰數位支付服務,179,0,179,群益金鼎-西松,2024-02-29,9136
00715L,期街口布蘭特正2,164,0,164,群益金鼎-西松,2024-02-29,9136
2603,長榮,174,27,147,群益金鼎-西松,2024-02-29,9136
00929,復華台灣科技優息,108,6,102,群益金鼎-西松,2024-02-29,9136
2442,新美齊,101,0,101,群益金鼎-西松,2024-02-29,9136
4513,福裕,50,0,50,群益金鼎-西松,2024-02-29,9136
3363,上詮,53,4,49,群益金鼎-西松,2024-02-29,9136
2208,台船,50,2,48,群益金鼎-西松,2024-02-29,9136
00687B,國泰20年美債,45,0,45,群益金鼎-西松,2024-02-29,9136
6126,信音,32,1,31,群益金鼎-西松,2024-02-29,9136
2353,宏��,29,0,29,群益金鼎-西松,2024-02-29,9136
00720B,元大投資級公司債,29,0,29,群益金鼎-西松,2024-02-29,9136
00751B,元大AAA至A公司債,28,0,28,群益金鼎-西松,2024-02-29,9136
1101,台泥,29,2,27,群益金鼎-西松,2024-02-29,9136
3234,光環,28,1,27,群益金鼎-西松,2024-02-29,9136
1785,光洋科,26,2,24,群益金鼎-西松,2024-02-29,9136
1513,中興電,142,119,23,群益金鼎-西松,2024-02-29,9136
2329,華泰,27,6,21,群益金鼎-西松,2024-02-29,9136
2428,興勤,21,0,21,群益金鼎-西松,2024-02-29,9136
4129,聯合,26,5,21,群益金鼎-西松,2024-02-29,9136
1522,堤維西,22,3,19,群益金鼎-西松,2024-02-29,9136
2301,光寶科,21,2,19,群益金鼎-西松,2024-02-29,9136
6179,亞通,21,2,19,群益金鼎-西松,2024-02-29,9136
3268,海德威,18,0,18,群益金鼎-西松,2024-02-29,9136
5398,慕康生醫,17,0,17,群益金鼎-西松,2024-02-29,9136
4113,聯上,17,1,16,群益金鼎-西松,2024-02-29,9136
2303,聯電,16,1,15,群益金鼎-西松,2024-02-29,9136
3689,湧德,19,6,13,群益金鼎-西松,2024-02-29,9136
00919,群益台灣精選高息,18,6,12,群益金鼎-西松,2024-02-29,9136
2887,台新金,15,3,12,群益金鼎-西松,2024-02-29,9136
3714,富采,12,0,12,群益金鼎-西松,2024-02-29,9136
6641,基士德-KY,14,3,11,群益金鼎-西松,2024-02-29,9136
3017,奇鋐,20,10,10,群益金鼎-西松,2024-02-29,9136
2547,日勝生,10,0,10,群益金鼎-西松,2024-02-29,9136
4402,郡都開發,10,0,10,群益金鼎-西松,2024-02-29,9136
5604,中連,19,9,10,群益金鼎-西松,2024-02-29,9136
6147,頎邦,10,0,10,群益金鼎-西松,2024-02-29,9136
2356,英業達,32,22,10,群益金鼎-西松,2024-02-29,9136
1605,華新,10,1,9,群益金鼎-西松,2024-02-29,9136
2061,風青,9,0,9,群益金鼎-西松,2024-02-29,9136
6156,松上,10,1,9,群益金鼎-西松,2024-02-29,9136
6279,胡連,10,1,9,群益金鼎-西松,2024-02-29,9136
6877,鏵友益,9,0,9,群益金鼎-西松,2024-02-29,9136
00632R,元大台灣50反1,8,0,8,群益金鼎-西松,2024-02-29,9136
1256,鮮活果汁-KY,8,0,8,群益金鼎-西松,2024-02-29,9136
2538,基泰,8,0,8,群益金鼎-西松,2024-02-29,9136
3034,聯詠,9,1,8,群益金鼎-西松,2024-02-29,9136
3380,明泰,8,0,8,群益金鼎-西松,2024-02-29,9136
6770,力積電,343,1,342,群益金鼎-西松,2024-03-01,9136
00919,群益台灣精選高息,178,33,145,群益金鼎-西松,2024-03-01,9136
3376,新日興,105,12,93,群益金鼎-西松,2024-03-01,9136
00665L,富邦�琤肭磪囓�2,180,100,80,群益金鼎-西松,2024-03-01,9136
8049,晶采,80,0,80,群益金鼎-西松,2024-03-01,9136
00918,大華優利高填息30,65,1,64,群益金鼎-西松,2024-03-01,9136
00830,國泰費城半導體,50,0,50,群益金鼎-西松,2024-03-01,9136
4513,福裕,51,3,48,群益金鼎-西松,2024-03-01,9136
00637L,元大滬深300正2,50,5,45,群益金鼎-西松,2024-03-01,9136
00757,統一FANG+,38,3,35,群益金鼎-西松,2024-03-01,9136
00937B,群益ESG投等債20,60,26,34,群益金鼎-西松,2024-03-01,9136
00907,永豐優息存股,34,0,34,群益金鼎-西松,2024-03-01,9136
00687B,國泰20年美債,35,3,32,群益金鼎-西松,2024-03-01,9136
2331,精英,32,1,31,群益金鼎-西松,2024-03-01,9136
6288,聯嘉,34,3,31,群益金鼎-西松,2024-03-01,9136
2409,友達,50,20,30,群益金鼎-西松,2024-03-01,9136
6257,矽格,33,4,29,群益金鼎-西松,2024-03-01,9136
1605,華新,28,2,26,群益金鼎-西松,2024-03-01,9136
00720B,元大投資級公司債,25,0,25,群益金鼎-西松,2024-03-01,9136
2534,宏盛,24,0,24,群益金鼎-西松,2024-03-01,9136
3450,聯鈞,39,16,23,群益金鼎-西松,2024-03-01,9136
2371,大同,28,6,22,群益金鼎-西松,2024-03-01,9136
2417,圓剛,22,2,20,群益金鼎-西松,2024-03-01,9136
2442,新美齊,25,5,20,群益金鼎-西松,2024-03-01,9136
3338,泰碩,20,0,20,群益金鼎-西松,2024-03-01,9136
4113,聯上,20,0,20,群益金鼎-西松,2024-03-01,9136
8085,福華,25,5,20,群益金鼎-西松,2024-03-01,9136
2369,菱生,28,9,19,群益金鼎-西松,2024-03-01,9136
3268,海德威,19,0,19,群益金鼎-西松,2024-03-01,9136
6741,91APP*-KY,19,0,19,群益金鼎-西松,2024-03-01,9136
00679B,元大美債20年,28,10,18,群益金鼎-西松,2024-03-01,9136
2303,聯電,18,1,17,群益金鼎-西松,2024-03-01,9136
2355,敬鵬,19,2,17,群益金鼎-西松,2024-03-01,9136
1218,泰山,16,0,16,群益金鼎-西松,2024-03-01,9136
1609,大亞,28,12,16,群益金鼎-西松,2024-03-01,9136
3515,華擎,23,7,16,群益金鼎-西松,2024-03-01,9136
5483,中美晶,16,0,16,群益金鼎-西松,2024-03-01,9136
2329,華泰,31,16,15,群益金鼎-西松,2024-03-01,9136
6126,信音,24,9,15,群益金鼎-西松,2024-03-01,9136
2206,三陽工業,37,23,14,群益金鼎-西松,2024-03-01,9136
00933B,國泰10Y+金融債,25,14,11,群益金鼎-西松,2024-03-01,9136
1301,台塑,11,0,11,群益金鼎-西松,2024-03-01,9136
9105,泰金寶-DR,11,0,11,群益金鼎-西松,2024-03-01,9136
3037,欣興,22,12,10,群益金鼎-西松,2024-03-01,9136
00751B,元大AAA至A公司債,10,0,10,群益金鼎-西松,2024-03-01,9136
00639,富邦深100,10,0,10,群益金鼎-西松,2024-03-01,9136
3219,倚強科,10,0,10,群益金鼎-西松,2024-03-01,9136
3576,聯合再生,10,0,10,群益金鼎-西松,2024-03-01,9136
4542,科嶠,10,0,10,群益金鼎-西松,2024-03-01,9136
4960,誠美材,11,1,10,群益金鼎-西松,2024-03-01,9136
00933B,國泰10Y+金融債,682,11,671,群益金鼎-西松,2024-03-04,9136
00665L,富邦�琤肭磪囓�2,180,0,180,群益金鼎-西松,2024-03-04,9136
00919,群益台灣精選高息,172,3,169,群益金鼎-西松,2024-03-04,9136
00632R,元大台灣50反1,88,0,88,群益金鼎-西松,2024-03-04,9136
2101,南港,61,11,50,群益金鼎-西松,2024-03-04,9136
8996,高力,39,3,36,群益金鼎-西松,2024-03-04,9136
2501,國建,31,0,31,群益金鼎-西松,2024-03-04,9136
2498,宏達電,30,1,29,群益金鼎-西松,2024-03-04,9136
2206,三陽工業,30,1,29,群益金鼎-西松,2024-03-04,9136
3017,奇鋐,32,4,28,群益金鼎-西松,2024-03-04,9136
5483,中美晶,28,0,28,群益金鼎-西松,2024-03-04,9136
3231,緯創,53,25,28,群益金鼎-西松,2024-03-04,9136
5465,富驊,26,0,26,群益金鼎-西松,2024-03-04,9136
6799,來頡,33,7,26,群益金鼎-西松,2024-03-04,9136
2442,新美齊,24,0,24,群益金鼎-西松,2024-03-04,9136
6290,良維,24,2,22,群益金鼎-西松,2024-03-04,9136
2369,菱生,29,7,22,群益金鼎-西松,2024-03-04,9136
2609,陽明,23,2,21,群益金鼎-西松,2024-03-04,9136
00687B,國泰20年美債,26,6,20,群益金鼎-西松,2024-03-04,9136
00688L,國泰20年美債正2,20,0,20,群益金鼎-西松,2024-03-04,9136
1711,永光,21,1,20,群益金鼎-西松,2024-03-04,9136
2355,敬鵬,19,0,19,群益金鼎-西松,2024-03-04,9136
6189,豐藝,18,1,17,群益金鼎-西松,2024-03-04,9136
00878,國泰永續高股息,42,26,16,群益金鼎-西松,2024-03-04,9136
8011,台通,16,0,16,群益金鼎-西松,2024-03-04,9136
9945,潤泰新,18,3,15,群益金鼎-西松,2024-03-04,9136
2409,友達,25,10,15,群益金鼎-西松,2024-03-04,9136
2421,建準,20,5,15,群益金鼎-西松,2024-03-04,9136
3313,斐成,15,0,15,群益金鼎-西松,2024-03-04,9136
2324,仁寶,187,172,15,群益金鼎-西松,2024-03-04,9136
2433,互盛電,14,0,14,群益金鼎-西松,2024-03-04,9136
00679B,元大美債20年,34,21,13,群益金鼎-西松,2024-03-04,9136
3033,威健,14,1,13,群益金鼎-西松,2024-03-04,9136
3188,鑫龍騰,13,0,13,群益金鼎-西松,2024-03-04,9136
4557,永新-KY,13,0,13,群益金鼎-西松,2024-03-04,9136
3712,永崴投控,14,2,12,群益金鼎-西松,2024-03-04,9136
5511,德昌,13,1,12,群益金鼎-西松,2024-03-04,9136
6499,益安,12,0,12,群益金鼎-西松,2024-03-04,9136
2392,正崴,14,3,11,群益金鼎-西松,2024-03-04,9136
2353,宏��,34,23,11,群益金鼎-西松,2024-03-04,9136
2368,金像電,12,1,11,群益金鼎-西松,2024-03-04,9136
6139,亞翔,20,9,11,群益金鼎-西松,2024-03-04,9136
2376,技嘉,20,9,11,群益金鼎-西松,2024-03-04,9136
00655L,國泰中國A50正2,10,0,10,群益金鼎-西松,2024-03-04,9136
1316,上曜,11,1,10,群益金鼎-西松,2024-03-04,9136
1907,永豐餘,10,0,10,群益金鼎-西松,2024-03-04,9136
2399,映泰,10,0,10,群益金鼎-西松,2024-03-04,9136
2462,良得電,10,0,10,群益金鼎-西松,2024-03-04,9136
2915,潤泰全,10,0,10,群益金鼎-西松,2024-03-04,9136
4113,聯上,10,0,10,群益金鼎-西松,2024-03-04,9136
2603,長榮,368,2,366,群益金鼎-西松,2024-03-05,9136
00795B,中信美國公債20年,150,0,150,群益金鼎-西松,2024-03-05,9136
00937B,群益ESG投等債20,125,0,125,群益金鼎-西松,2024-03-05,9136
1514,亞力,186,94,92,群益金鼎-西松,2024-03-05,9136
00679B,元大美債20年,62,2,60,群益金鼎-西松,2024-03-05,9136
3481,群創,58,3,55,群益金鼎-西松,2024-03-05,9136
3702,大聯大,49,3,46,群益金鼎-西松,2024-03-05,9136
00929,復華台灣科技優息,53,15,38,群益金鼎-西松,2024-03-05,9136
8936,國統,34,0,34,群益金鼎-西松,2024-03-05,9136
00712,復華富時不動產,32,0,32,群益金鼎-西松,2024-03-05,9136
00687B,國泰20年美債,47,16,31,群益金鼎-西松,2024-03-05,9136
1718,中纖,30,0,30,群益金鼎-西松,2024-03-05,9136
00632R,元大台灣50反1,25,0,25,群益金鼎-西松,2024-03-05,9136
3088,艾訊,27,4,23,群益金鼎-西松,2024-03-05,9136
00751B,元大AAA至A公司債,22,0,22,群益金鼎-西松,2024-03-05,9136
3708,上緯投控,22,1,21,群益金鼎-西松,2024-03-05,9136
3051,力特,20,0,20,群益金鼎-西松,2024-03-05,9136
1218,泰山,20,0,20,群益金鼎-西松,2024-03-05,9136
1314,中石化,20,0,20,群益金鼎-西松,2024-03-05,9136
1722,台肥,20,0,20,群益金鼎-西松,2024-03-05,9136
2442,新美齊,20,0,20,群益金鼎-西松,2024-03-05,9136
5210,寶碩,20,0,20,群益金鼎-西松,2024-03-05,9136
6205,詮欣,20,0,20,群益金鼎-西松,2024-03-05,9136
00633L,富邦上証正2,20,1,19,群益金鼎-西松,2024-03-05,9136
3380,明泰,20,1,19,群益金鼎-西松,2024-03-05,9136
1789,神隆,18,0,18,群益金鼎-西松,2024-03-05,9136
3092,鴻碩,15,0,15,群益金鼎-西松,2024-03-05,9136
3363,上詮,15,0,15,群益金鼎-西松,2024-03-05,9136
2337,旺宏,19,6,13,群益金鼎-西松,2024-03-05,9136
00915,凱基優選高股息30,13,0,13,群益金鼎-西松,2024-03-05,9136
3518,柏騰,13,0,13,群益金鼎-西松,2024-03-05,9136
00642U,期元大S＆P石油,15,3,12,群益金鼎-西松,2024-03-05,9136
2883,凱基金,12,0,12,群益金鼎-西松,2024-03-05,9136
3230,錦明,12,0,12,群益金鼎-西松,2024-03-05,9136
6125,廣運,17,5,12,群益金鼎-西松,2024-03-05,9136
1326,台化,11,0,11,群益金鼎-西松,2024-03-05,9136
1524,耿鼎,11,0,11,群益金鼎-西松,2024-03-05,9136
2313,華通,11,0,11,群益金鼎-西松,2024-03-05,9136
6192,巨路,11,0,11,群益金鼎-西松,2024-03-05,9136
2324,仁寶,25,15,10,群益金鼎-西松,2024-03-05,9136
00720B,元大投資級公司債,10,0,10,群益金鼎-西松,2024-03-05,9136
1710,東聯,10,0,10,群益金鼎-西松,2024-03-05,9136
1760,寶齡富錦,10,0,10,群益金鼎-西松,2024-03-05,9136
2349,錸德,10,0,10,群益金鼎-西松,2024-03-05,9136
6226,光鼎,10,0,10,群益金鼎-西松,2024-03-05,9136
6613,朋億*,10,0,10,群益金鼎-西松,2024-03-05,9136
6843,進典,10,0,10,群益金鼎-西松,2024-03-05,9136
8011,台通,77,68,9,群益金鼎-西松,2024-03-05,9136
2233,宇隆,10,1,9,群益金鼎-西松,2024-03-05,9136
2329,華泰,14,5,9,群益金鼎-西松,2024-03-05,9136
00665L,富邦�琤肭磪囓�2,270,0,270,群益金鼎-西松,2024-03-06,9136
00919,群益台灣精選高息,272,110,162,群益金鼎-西松,2024-03-06,9136
6126,信音,123,0,123,群益金鼎-西松,2024-03-06,9136
3712,永崴投控,100,0,100,群益金鼎-西松,2024-03-06,9136
00937B,群益ESG投等債20,73,16,57,群益金鼎-西松,2024-03-06,9136
00650L,復華香港正2,52,0,52,群益金鼎-西松,2024-03-06,9136
00680L,元大美債20正2,50,0,50,群益金鼎-西松,2024-03-06,9136
3293,鈊象,47,1,46,群益金鼎-西松,2024-03-06,9136
2331,精英,45,0,45,群益金鼎-西松,2024-03-06,9136
00632R,元大台灣50反1,40,0,40,群益金鼎-西松,2024-03-06,9136
2383,台光電,37,1,36,群益金鼎-西松,2024-03-06,9136
5483,中美晶,32,5,27,群益金鼎-西松,2024-03-06,9136
1785,光洋科,26,1,25,群益金鼎-西松,2024-03-06,9136
2462,良得電,25,0,25,群益金鼎-西松,2024-03-06,9136
2417,圓剛,47,24,23,群益金鼎-西松,2024-03-06,9136
5515,建國,27,5,22,群益金鼎-西松,2024-03-06,9136
2352,佳世達,33,12,21,群益金鼎-西松,2024-03-06,9136
1722,台肥,20,0,20,群益金鼎-西松,2024-03-06,9136
00687B,國泰20年美債,25,5,20,群益金鼎-西松,2024-03-06,9136
5521,工信,20,1,19,群益金鼎-西松,2024-03-06,9136
6179,亞通,26,7,19,群益金鼎-西松,2024-03-06,9136
00929,復華台灣科技優息,78,61,17,群益金鼎-西松,2024-03-06,9136
1608,華榮,19,3,16,群益金鼎-西松,2024-03-06,9136
3673,TPK-KY,16,0,16,群益金鼎-西松,2024-03-06,9136
2324,仁寶,16,1,15,群益金鼎-西松,2024-03-06,9136
00715L,期街口布蘭特正2,20,5,15,群益金鼎-西松,2024-03-06,9136
2344,華邦電,14,0,14,群益金鼎-西松,2024-03-06,9136
6228,全譜,18,4,14,群益金鼎-西松,2024-03-06,9136
3324,雙鴻,20,6,14,群益金鼎-西松,2024-03-06,9136
5388,中磊,15,1,14,群益金鼎-西松,2024-03-06,9136
2615,萬海,13,0,13,群益金鼎-西松,2024-03-06,9136
4303,信立,13,1,12,群益金鼎-西松,2024-03-06,9136
2609,陽明,12,0,12,群益金鼎-西松,2024-03-06,9136
1802,台玻,12,0,12,群益金鼎-西松,2024-03-06,9136
2605,新興,12,0,12,群益金鼎-西松,2024-03-06,9136
3138,耀登,12,0,12,群益金鼎-西松,2024-03-06,9136
9950,萬國通,17,5,12,群益金鼎-西松,2024-03-06,9136
00713,元大台灣高息低波,14,2,12,群益金鼎-西松,2024-03-06,9136
2353,宏��,19,8,11,群益金鼎-西松,2024-03-06,9136
2355,敬鵬,11,0,11,群益金鼎-西松,2024-03-06,9136
2405,輔信,11,0,11,群益金鼎-西松,2024-03-06,9136
3073,天方能源,15,4,11,群益金鼎-西松,2024-03-06,9136
5907,大洋-KY,11,0,11,群益金鼎-西松,2024-03-06,9136
6805,富世達,11,0,11,群益金鼎-西松,2024-03-06,9136
8147,正淩,11,0,11,群益金鼎-西松,2024-03-06,9136
8011,台通,108,97,11,群益金鼎-西松,2024-03-06,9136
00720B,元大投資級公司債,10,0,10,群益金鼎-西松,2024-03-06,9136
1503,士電,11,1,10,群益金鼎-西松,2024-03-06,9136
1806,冠軍,10,0,10,群益金鼎-西松,2024-03-06,9136
2233,宇隆,10,0,10,群益金鼎-西松,2024-03-06,9136
00632R,元大台灣50反1,128,20,108,群益金鼎-西松,2024-03-07,9136
5521,工信,374,296,78,群益金鼎-西松,2024-03-07,9136
8085,福華,79,6,73,群益金鼎-西松,2024-03-07,9136
2417,圓剛,76,12,64,群益金鼎-西松,2024-03-07,9136
00687B,國泰20年美債,70,10,60,群益金鼎-西松,2024-03-07,9136
3481,群創,93,36,57,群益金鼎-西松,2024-03-07,9136
00753L,中信中國50正2,50,0,50,群益金鼎-西松,2024-03-07,9136
00915,凱基優選高股息30,47,1,46,群益金鼎-西松,2024-03-07,9136
4556,旭然,41,0,41,群益金鼎-西松,2024-03-07,9136
1722,台肥,40,0,40,群益金鼎-西松,2024-03-07,9136
4906,正文,50,15,35,群益金鼎-西松,2024-03-07,9136
1319,東陽,50,18,32,群益金鼎-西松,2024-03-07,9136
3708,上緯投控,28,0,28,群益金鼎-西松,2024-03-07,9136
3231,緯創,38,10,28,群益金鼎-西松,2024-03-07,9136
3294,英濟,59,32,27,群益金鼎-西松,2024-03-07,9136
6197,佳必琪,27,0,27,群益金鼎-西松,2024-03-07,9136
00877,復華中國5G,25,0,25,群益金鼎-西松,2024-03-07,9136
00680L,元大美債20正2,25,0,25,群益金鼎-西松,2024-03-07,9136
00751B,元大AAA至A公司債,25,0,25,群益金鼎-西松,2024-03-07,9136
00715L,期街口布蘭特正2,40,15,25,群益金鼎-西松,2024-03-07,9136
4113,聯上,23,0,23,群益金鼎-西松,2024-03-07,9136
6190,萬泰科,23,0,23,群益金鼎-西松,2024-03-07,9136
00904,新光臺灣半導體30,22,0,22,群益金鼎-西松,2024-03-07,9136
4754,國碳科,21,0,21,群益金鼎-西松,2024-03-07,9136
6147,頎邦,26,5,21,群益金鼎-西松,2024-03-07,9136
00688L,國泰20年美債正2,20,0,20,群益金鼎-西松,2024-03-07,9136
1711,永光,20,0,20,群益金鼎-西松,2024-03-07,9136
2421,建準,26,6,20,群益金鼎-西松,2024-03-07,9136
3376,新日興,29,9,20,群益金鼎-西松,2024-03-07,9136
00937B,群益ESG投等債20,29,11,18,群益金鼎-西松,2024-03-07,9136
1513,中興電,24,6,18,群益金鼎-西松,2024-03-07,9136
00878,國泰永續高股息,35,17,18,群益金鼎-西松,2024-03-07,9136
3324,雙鴻,42,24,18,群益金鼎-西松,2024-03-07,9136
2371,大同,18,1,17,群益金鼎-西松,2024-03-07,9136
00712,復華富時不動產,17,0,17,群益金鼎-西松,2024-03-07,9136
2324,仁寶,28,11,17,群益金鼎-西松,2024-03-07,9136
1795,美時,18,2,16,群益金鼎-西松,2024-03-07,9136
2352,佳世達,23,7,16,群益金鼎-西松,2024-03-07,9136
4905,台聯電,15,0,15,群益金鼎-西松,2024-03-07,9136
2368,金像電,20,5,15,群益金鼎-西松,2024-03-07,9136
4907,富宇,17,3,14,群益金鼎-西松,2024-03-07,9136
6516,勤崴國際,16,2,14,群益金鼎-西松,2024-03-07,9136
1582,信錦,20,7,13,群益金鼎-西松,2024-03-07,9136
1609,大亞,16,3,13,群益金鼎-西松,2024-03-07,9136
2486,一詮,22,9,13,群益金鼎-西松,2024-03-07,9136
2812,台中銀,13,0,13,群益金鼎-西松,2024-03-07,9136
6125,廣運,29,16,13,群益金鼎-西松,2024-03-07,9136
1905,華紙,12,0,12,群益金鼎-西松,2024-03-07,9136
6108,競國,12,0,12,群益金鼎-西松,2024-03-07,9136
1102,亞泥,12,1,11,群益金鼎-西松,2024-03-07,9136
8085,福華,293,34,259,群益金鼎-西松,2024-03-08,9136
3163,波若威,199,6,193,群益金鼎-西松,2024-03-08,9136
1722,台肥,120,0,120,群益金鼎-西松,2024-03-08,9136
5272,笙科,96,6,90,群益金鼎-西松,2024-03-08,9136
2317,鴻海,142,57,85,群益金鼎-西松,2024-03-08,9136
3712,永崴投控,92,12,80,群益金鼎-西松,2024-03-08,9136
00632R,元大台灣50反1,91,20,71,群益金鼎-西松,2024-03-08,9136
00715L,期街口布蘭特正2,70,2,68,群益金鼎-西松,2024-03-08,9136
2515,中工,162,102,60,群益金鼎-西松,2024-03-08,9136
4973,廣穎,63,13,50,群益金鼎-西松,2024-03-08,9136
00637L,元大滬深300正2,57,16,41,群益金鼎-西松,2024-03-08,9136
00919,群益台灣精選高息,186,146,40,群益金鼎-西松,2024-03-08,9136
00687B,國泰20年美債,48,10,38,群益金鼎-西松,2024-03-08,9136
3017,奇鋐,39,3,36,群益金鼎-西松,2024-03-08,9136
1456,怡華,52,20,32,群益金鼎-西松,2024-03-08,9136
6197,佳必琪,36,4,32,群益金鼎-西松,2024-03-08,9136
2331,精英,34,3,31,群益金鼎-西松,2024-03-08,9136
4113,聯上,43,12,31,群益金鼎-西松,2024-03-08,9136
6147,頎邦,38,7,31,群益金鼎-西松,2024-03-08,9136
1526,日馳,42,12,30,群益金鼎-西松,2024-03-08,9136
3577,泓格,30,1,29,群益金鼎-西松,2024-03-08,9136
3669,圓展,32,5,27,群益金鼎-西松,2024-03-08,9136
2887,台新金,26,0,26,群益金鼎-西松,2024-03-08,9136
3028,增你強,26,0,26,群益金鼎-西松,2024-03-08,9136
3308,聯德,31,6,25,群益金鼎-西松,2024-03-08,9136
3321,同泰,30,6,24,群益金鼎-西松,2024-03-08,9136
1795,美時,25,2,23,群益金鼎-西松,2024-03-08,9136
3707,漢磊,32,9,23,群益金鼎-西松,2024-03-08,9136
1815,富喬,94,72,22,群益金鼎-西松,2024-03-08,9136
00904,新光臺灣半導體30,21,0,21,群益金鼎-西松,2024-03-08,9136
2328,廣宇,25,4,21,群益金鼎-西松,2024-03-08,9136
4306,炎洲,22,1,21,群益金鼎-西松,2024-03-08,9136
4968,立積,32,11,21,群益金鼎-西松,2024-03-08,9136
00881,國泰台灣5G+,27,6,21,群益金鼎-西松,2024-03-08,9136
6684,安格,130,110,20,群益金鼎-西松,2024-03-08,9136
1301,台塑,19,0,19,群益金鼎-西松,2024-03-08,9136
6654,天正國際,18,0,18,群益金鼎-西松,2024-03-08,9136
6693,廣閎科,28,10,18,群益金鼎-西松,2024-03-08,9136
4953,緯軟,21,4,17,群益金鼎-西松,2024-03-08,9136
5498,凱崴,30,13,17,群益金鼎-西松,2024-03-08,9136
3687,歐買尬,37,21,16,群益金鼎-西松,2024-03-08,9136
3527,聚積,18,2,16,群益金鼎-西松,2024-03-08,9136
6005,群益證,20,4,16,群益金鼎-西松,2024-03-08,9136
00680L,元大美債20正2,15,0,15,群益金鼎-西松,2024-03-08,9136
1517,利奇,16,1,15,群益金鼎-西松,2024-03-08,9136
2233,宇隆,15,0,15,群益金鼎-西松,2024-03-08,9136
8466,美吉吉-KY,18,3,15,群益金鼎-西松,2024-03-08,9136
00927,群益半導體收益,16,2,14,群益金鼎-西松,2024-03-08,9136
8936,國統,36,22,14,群益金鼎-西松,2024-03-08,9136
2506,太設,17,3,14,群益金鼎-西松,2024-03-08,9136
00857B,永豐20年美公債,311,0,311,群益金鼎-西松,2024-03-11,9136
00919,群益台灣精選高息,228,81,147,群益金鼎-西松,2024-03-11,9136
00795B,中信美國公債20年,100,0,100,群益金鼎-西松,2024-03-11,9136
6005,群益證,60,0,60,群益金鼎-西松,2024-03-11,9136
00687B,國泰20年美債,57,1,56,群益金鼎-西松,2024-03-11,9136
2887,台新金,59,5,54,群益金鼎-西松,2024-03-11,9136
2618,長榮航,51,0,51,群益金鼎-西松,2024-03-11,9136
00650L,復華香港正2,50,0,50,群益金鼎-西松,2024-03-11,9136
00634R,富邦上証反1,36,0,36,群益金鼎-西松,2024-03-11,9136
2330,台積電,40,10,30,群益金鼎-西松,2024-03-11,9136
00706L,期元大S＆P日圓正2,20,0,20,群益金鼎-西松,2024-03-11,9136
1416,廣豐,20,0,20,群益金鼎-西松,2024-03-11,9136
2515,中工,30,10,20,群益金鼎-西松,2024-03-11,9136
4113,聯上,27,10,17,群益金鼎-西松,2024-03-11,9136
00725B,國泰投資級公司債,30,15,15,群益金鼎-西松,2024-03-11,9136
1558,伸興,17,2,15,群益金鼎-西松,2024-03-11,9136
2371,大同,17,2,15,群益金鼎-西松,2024-03-11,9136
2603,長榮,33,18,15,群益金鼎-西松,2024-03-11,9136
3617,碩天,16,1,15,群益金鼎-西松,2024-03-11,9136
6143,振曜,70,55,15,群益金鼎-西松,2024-03-11,9136
4958,臻鼎-KY,15,0,15,群益金鼎-西松,2024-03-11,9136
2883,凱基金,40,25,15,群益金鼎-西松,2024-03-11,9136
3312,弘憶股,16,2,14,群益金鼎-西松,2024-03-11,9136
2022,聚亨,13,0,13,群益金鼎-西松,2024-03-11,9136
2367,燿華,30,17,13,群益金鼎-西松,2024-03-11,9136
3028,增你強,13,0,13,群益金鼎-西松,2024-03-11,9136
2449,京元電子,13,1,12,群益金鼎-西松,2024-03-11,9136
00922,國泰台灣領袖50,11,0,11,群益金鼎-西松,2024-03-11,9136
00642U,期元大S＆P石油,11,0,11,群益金鼎-西松,2024-03-11,9136
00923,群益台ESG低碳50,10,0,10,群益金鼎-西松,2024-03-11,9136
6789,采鈺,11,1,10,群益金鼎-西松,2024-03-11,9136
3006,晶豪科,10,0,10,群益金鼎-西松,2024-03-11,9136
3226,至寶電,10,0,10,群益金鼎-西松,2024-03-11,9136
4714,永捷,10,0,10,群益金鼎-西松,2024-03-11,9136
6108,競國,10,0,10,群益金鼎-西松,2024-03-11,9136
6167,久正,12,2,10,群益金鼎-西松,2024-03-11,9136
00891,中信關鍵半導體,10,1,9,群益金鼎-西松,2024-03-11,9136
00643,群益深証中小,9,0,9,群益金鼎-西松,2024-03-11,9136
3044,健鼎,8,0,8,群益金鼎-西松,2024-03-11,9136
3232,昱捷,8,0,8,群益金鼎-西松,2024-03-11,9136
4571,鈞興-KY,13,5,8,群益金鼎-西松,2024-03-11,9136
5272,笙科,8,0,8,群益金鼎-西松,2024-03-11,9136
0056,元大高股息,8,1,7,群益金鼎-西松,2024-03-11,9136
1256,鮮活果汁-KY,7,0,7,群益金鼎-西松,2024-03-11,9136
1316,上曜,30,23,7,群益金鼎-西松,2024-03-11,9136
2352,佳世達,12,5,7,群益金鼎-西松,2024-03-11,9136
3062,建漢,8,1,7,群益金鼎-西松,2024-03-11,9136
6213,聯茂,7,0,7,群益金鼎-西松,2024-03-11,9136
6835,圓裕,8,1,7,群益金鼎-西松,2024-03-11,9136
6894,衛司特,9,2,7,群益金鼎-西松,2024-03-11,9136
00919,群益台灣精選高息,295,46,249,群益金鼎-西松,2024-03-12,9136
00933B,國泰10Y+金融債,167,0,167,群益金鼎-西松,2024-03-12,9136
2801,彰銀,162,0,162,群益金鼎-西松,2024-03-12,9136
00937B,群益ESG投等債20,171,13,158,群益金鼎-西松,2024-03-12,9136
00665L,富邦�琤肭磪囓�2,91,40,51,群益金鼎-西松,2024-03-12,9136
00751B,元大AAA至A公司債,42,0,42,群益金鼎-西松,2024-03-12,9136
3234,光環,42,0,42,群益金鼎-西松,2024-03-12,9136
8996,高力,65,32,33,群益金鼎-西松,2024-03-12,9136
00687B,國泰20年美債,34,1,33,群益金鼎-西松,2024-03-12,9136
2308,台達電,42,10,32,群益金鼎-西松,2024-03-12,9136
2417,圓剛,30,0,30,群益金鼎-西松,2024-03-12,9136
6005,群益證,31,2,29,群益金鼎-西松,2024-03-12,9136
3481,群創,115,89,26,群益金鼎-西松,2024-03-12,9136
4571,鈞興-KY,31,6,25,群益金鼎-西松,2024-03-12,9136
2002,中鋼,24,1,23,群益金鼎-西松,2024-03-12,9136
2855,統一證,20,0,20,群益金鼎-西松,2024-03-12,9136
3207,耀勝,21,1,20,群益金鼎-西松,2024-03-12,9136
4113,聯上,42,22,20,群益金鼎-西松,2024-03-12,9136
5386,青雲,23,3,20,群益金鼎-西松,2024-03-12,9136
2367,燿華,65,46,19,群益金鼎-西松,2024-03-12,9136
1519,華城,18,1,17,群益金鼎-西松,2024-03-12,9136
5245,智晶,23,6,17,群益金鼎-西松,2024-03-12,9136
1316,上曜,29,14,15,群益金鼎-西松,2024-03-12,9136
3308,聯德,14,0,14,群益金鼎-西松,2024-03-12,9136
4577,達航科技,14,1,13,群益金鼎-西松,2024-03-12,9136
2851,中再保,13,0,13,群益金鼎-西松,2024-03-12,9136
1608,華榮,21,9,12,群益金鼎-西松,2024-03-12,9136
2329,華泰,15,3,12,群益金鼎-西松,2024-03-12,9136
2332,友訊,17,5,12,群益金鼎-西松,2024-03-12,9136
6499,益安,12,0,12,群益金鼎-西松,2024-03-12,9136
2024,志聯,11,0,11,群益金鼎-西松,2024-03-12,9136
3706,神達,11,0,11,群益金鼎-西松,2024-03-12,9136
6834,天二科技,11,0,11,群益金鼎-西松,2024-03-12,9136
6596,寬宏藝術,10,0,10,群益金鼎-西松,2024-03-12,9136
1560,中砂,10,0,10,群益金鼎-西松,2024-03-12,9136
3036,文曄,11,1,10,群益金鼎-西松,2024-03-12,9136
3081,聯亞,10,0,10,群益金鼎-西松,2024-03-12,9136
00922,國泰台灣領袖50,10,0,10,群益金鼎-西松,2024-03-12,9136
1514,亞力,17,7,10,群益金鼎-西松,2024-03-12,9136
2428,興勤,10,0,10,群益金鼎-西松,2024-03-12,9136
3051,力特,12,2,10,群益金鼎-西松,2024-03-12,9136
3356,奇偶,10,0,10,群益金鼎-西松,2024-03-12,9136
1504,東元,10,0,10,群益金鼎-西松,2024-03-12,9136
5880,合庫金,10,1,9,群益金鼎-西松,2024-03-12,9136
2352,佳世達,24,15,9,群益金鼎-西松,2024-03-12,9136
2365,昆盈,13,4,9,群益金鼎-西松,2024-03-12,9136
3338,泰碩,15,6,9,群益金鼎-西松,2024-03-12,9136
9924,福興,9,0,9,群益金鼎-西松,2024-03-12,9136
3540,曜越,9,0,9,群益金鼎-西松,2024-03-12,9136
2883,凱基金,12,3,9,群益金鼎-西松,2024-03-12,9136
5483,中美晶,241,4,237,群益金鼎-西松,2024-03-13,9136
00919,群益台灣精選高息,267,45,222,群益金鼎-西松,2024-03-13,9136
2354,鴻準,163,35,128,群益金鼎-西松,2024-03-13,9136
1722,台肥,110,0,110,群益金鼎-西松,2024-03-13,9136
2317,鴻海,303,205,98,群益金鼎-西松,2024-03-13,9136
1785,光洋科,82,3,79,群益金鼎-西松,2024-03-13,9136
3231,緯創,108,30,78,群益金鼎-西松,2024-03-13,9136
6217,中探針,67,1,66,群益金鼎-西松,2024-03-13,9136
4113,聯上,66,6,60,群益金鼎-西松,2024-03-13,9136
9802,鈺齊-KY,60,0,60,群益金鼎-西松,2024-03-13,9136
2851,中再保,53,0,53,群益金鼎-西松,2024-03-13,9136
00740B,富邦全球投等債,50,0,50,群益金鼎-西松,2024-03-13,9136
00637L,元大滬深300正2,51,1,50,群益金鼎-西松,2024-03-13,9136
2023,燁輝,50,0,50,群益金鼎-西松,2024-03-13,9136
8085,福華,50,0,50,群益金鼎-西松,2024-03-13,9136
1605,華新,49,2,47,群益金鼎-西松,2024-03-13,9136
7402,邑錡,59,14,45,群益金鼎-西松,2024-03-13,9136
00933B,國泰10Y+金融債,54,10,44,群益金鼎-西松,2024-03-13,9136
00687B,國泰20年美債,43,4,39,群益金鼎-西松,2024-03-13,9136
00650L,復華香港正2,64,30,34,群益金鼎-西松,2024-03-13,9136
6005,群益證,35,1,34,群益金鼎-西松,2024-03-13,9136
1513,中興電,113,80,33,群益金鼎-西松,2024-03-13,9136
1472,三洋實業,28,0,28,群益金鼎-西松,2024-03-13,9136
00918,大華優利高填息30,43,16,27,群益金鼎-西松,2024-03-13,9136
4945,陞達科技,30,3,27,群益金鼎-西松,2024-03-13,9136
8429,金麗-KY,27,0,27,群益金鼎-西松,2024-03-13,9136
4746,台耀,44,18,26,群益金鼎-西松,2024-03-13,9136
2382,廣達,27,2,25,群益金鼎-西松,2024-03-13,9136
00887,永豐中國科技50大,25,0,25,群益金鼎-西松,2024-03-13,9136
1608,華榮,38,13,25,群益金鼎-西松,2024-03-13,9136
8163,達方,25,0,25,群益金鼎-西松,2024-03-13,9136
2329,華泰,25,2,23,群益金鼎-西松,2024-03-13,9136
6425,易發,54,31,23,群益金鼎-西松,2024-03-13,9136
2351,順德,22,0,22,群益金鼎-西松,2024-03-13,9136
6546,正基,25,3,22,群益金鼎-西松,2024-03-13,9136
4966,譜瑞-KY,21,0,21,群益金鼎-西松,2024-03-13,9136
00753L,中信中國50正2,53,32,21,群益金鼎-西松,2024-03-13,9136
2431,聯昌,23,2,21,群益金鼎-西松,2024-03-13,9136
3324,雙鴻,27,6,21,群益金鼎-西松,2024-03-13,9136
3687,歐買尬,22,1,21,群益金鼎-西松,2024-03-13,9136
5244,弘凱,24,4,20,群益金鼎-西松,2024-03-13,9136
1616,億泰,21,2,19,群益金鼎-西松,2024-03-13,9136
2344,華邦電,19,0,19,群益金鼎-西松,2024-03-13,9136
3025,星通,22,3,19,群益金鼎-西松,2024-03-13,9136
8489,三貝德,30,11,19,群益金鼎-西松,2024-03-13,9136
2353,宏��,21,2,19,群益金鼎-西松,2024-03-13,9136
00751B,元大AAA至A公司債,18,0,18,群益金鼎-西松,2024-03-13,9136
8147,正淩,17,0,17,群益金鼎-西松,2024-03-13,9136
8011,台通,83,67,16,群益金鼎-西松,2024-03-13,9136
00680L,元大美債20正2,16,0,16,群益金鼎-西松,2024-03-13,9136
00919,群益台灣精選高息,827,652,175,群益金鼎-西松,2024-03-14,9136
3483,力致,164,4,160,群益金鼎-西松,2024-03-14,9136
3013,晟銘電,86,0,86,群益金鼎-西松,2024-03-14,9136
00751B,元大AAA至A公司債,70,0,70,群益金鼎-西松,2024-03-14,9136
2618,長榮航,141,91,50,群益金鼎-西松,2024-03-14,9136
2887,台新金,59,15,44,群益金鼎-西松,2024-03-14,9136
3689,湧德,45,1,44,群益金鼎-西松,2024-03-14,9136
00650L,復華香港正2,64,21,43,群益金鼎-西松,2024-03-14,9136
00687B,國泰20年美債,40,0,40,群益金鼎-西松,2024-03-14,9136
00673R,期元大S＆P原油反1,40,0,40,群益金鼎-西松,2024-03-14,9136
00637L,元大滬深300正2,60,20,40,群益金鼎-西松,2024-03-14,9136
00929,復華台灣科技優息,43,4,39,群益金鼎-西松,2024-03-14,9136
3011,今皓,40,5,35,群益金鼎-西松,2024-03-14,9136
00915,凱基優選高股息30,35,0,35,群益金鼎-西松,2024-03-14,9136
2303,聯電,45,12,33,群益金鼎-西松,2024-03-14,9136
4905,台聯電,29,0,29,群益金鼎-西松,2024-03-14,9136
2356,英業達,45,17,28,群益金鼎-西松,2024-03-14,9136
2331,精英,28,0,28,群益金鼎-西松,2024-03-14,9136
1513,中興電,80,53,27,群益金鼎-西松,2024-03-14,9136
2354,鴻準,30,7,23,群益金鼎-西松,2024-03-14,9136
2404,漢唐,24,2,22,群益金鼎-西松,2024-03-14,9136
4906,正文,23,1,22,群益金鼎-西松,2024-03-14,9136
3702,大聯大,21,0,21,群益金鼎-西松,2024-03-14,9136
00877,復華中國5G,20,0,20,群益金鼎-西松,2024-03-14,9136
00918,大華優利高填息30,20,0,20,群益金鼎-西松,2024-03-14,9136
3231,緯創,31,12,19,群益金鼎-西松,2024-03-14,9136
2609,陽明,21,4,17,群益金鼎-西松,2024-03-14,9136
2603,長榮,36,20,16,群益金鼎-西松,2024-03-14,9136
6139,亞翔,20,4,16,群益金鼎-西松,2024-03-14,9136
3321,同泰,21,6,15,群益金鼎-西松,2024-03-14,9136
3376,新日興,15,0,15,群益金鼎-西松,2024-03-14,9136
2515,中工,125,111,14,群益金鼎-西松,2024-03-14,9136
0056,元大高股息,24,11,13,群益金鼎-西松,2024-03-14,9136
4113,聯上,25,12,13,群益金鼎-西松,2024-03-14,9136
6189,豐藝,14,2,12,群益金鼎-西松,2024-03-14,9136
9927,泰銘,12,0,12,群益金鼎-西松,2024-03-14,9136
2382,廣達,22,10,12,群益金鼎-西松,2024-03-14,9136
6462,神盾,17,6,11,群益金鼎-西松,2024-03-14,9136
4306,炎洲,11,0,11,群益金鼎-西松,2024-03-14,9136
4938,和碩,15,4,11,群益金鼎-西松,2024-03-14,9136
5880,合庫金,11,0,11,群益金鼎-西松,2024-03-14,9136
3540,曜越,13,3,10,群益金鼎-西松,2024-03-14,9136
1218,泰山,10,0,10,群益金鼎-西松,2024-03-14,9136
2027,大成鋼,10,0,10,群益金鼎-西松,2024-03-14,9136
2820,華票,10,0,10,群益金鼎-西松,2024-03-14,9136
2883B,凱基金乙特,10,0,10,群益金鼎-西松,2024-03-14,9136
3163,波若威,13,3,10,群益金鼎-西松,2024-03-14,9136
6205,詮欣,10,0,10,群益金鼎-西松,2024-03-14,9136
6234,高僑,10,0,10,群益金鼎-西松,2024-03-14,9136
2801,彰銀,10,0,10,群益金鼎-西松,2024-03-14,9136
00665L,富邦�琤肭磪囓�2,200,0,200,群益金鼎-西松,2024-03-15,9136
00919,群益台灣精選高息,224,70,154,群益金鼎-西松,2024-03-15,9136
2897,王道銀行,101,0,101,群益金鼎-西松,2024-03-15,9136
3483,力致,84,0,84,群益金鼎-西松,2024-03-15,9136
2834,臺企銀,84,5,79,群益金鼎-西松,2024-03-15,9136
2409,友達,82,10,72,群益金鼎-西松,2024-03-15,9136
6735,美達科技,73,20,53,群益金鼎-西松,2024-03-15,9136
8049,晶采,50,0,50,群益金鼎-西松,2024-03-15,9136
2462,良得電,46,0,46,群益金鼎-西松,2024-03-15,9136
00937B,群益ESG投等債20,46,0,46,群益金鼎-西松,2024-03-15,9136
2303,聯電,50,5,45,群益金鼎-西松,2024-03-15,9136
00688L,國泰20年美債正2,41,0,41,群益金鼎-西松,2024-03-15,9136
00676R,富邦臺灣加權反1,40,0,40,群益金鼎-西松,2024-03-15,9136
2618,長榮航,57,17,40,群益金鼎-西松,2024-03-15,9136
2603,長榮,61,25,36,群益金鼎-西松,2024-03-15,9136
00687B,國泰20年美債,36,0,36,群益金鼎-西松,2024-03-15,9136
6869,雲豹能源,36,0,36,群益金鼎-西松,2024-03-15,9136
3017,奇鋐,46,10,36,群益金鼎-西松,2024-03-15,9136
2352,佳世達,35,2,33,群益金鼎-西松,2024-03-15,9136
3312,弘憶股,27,0,27,群益金鼎-西松,2024-03-15,9136
2330,台積電,68,42,26,群益金鼎-西松,2024-03-15,9136
00680L,元大美債20正2,25,0,25,群益金鼎-西松,2024-03-15,9136
3689,湧德,27,2,25,群益金鼎-西松,2024-03-15,9136
4439,冠星-KY,25,0,25,群益金鼎-西松,2024-03-15,9136
00720B,元大投資級公司債,22,0,22,群益金鼎-西松,2024-03-15,9136
2377,微星,25,4,21,群益金鼎-西松,2024-03-15,9136
3037,欣興,21,0,21,群益金鼎-西松,2024-03-15,9136
00650L,復華香港正2,21,0,21,群益金鼎-西松,2024-03-15,9136
2929,淘帝-KY,21,0,21,群益金鼎-西松,2024-03-15,9136
2515,中工,20,0,20,群益金鼎-西松,2024-03-15,9136
8923,時報,19,0,19,群益金鼎-西松,2024-03-15,9136
2022,聚亨,24,6,18,群益金鼎-西松,2024-03-15,9136
6417,韋僑,22,5,17,群益金鼎-西松,2024-03-15,9136
00751B,元大AAA至A公司債,16,0,16,群益金鼎-西松,2024-03-15,9136
3346,麗清,16,0,16,群益金鼎-西松,2024-03-15,9136
8163,達方,16,0,16,群益金鼎-西松,2024-03-15,9136
00878,國泰永續高股息,16,1,15,群益金鼎-西松,2024-03-15,9136
6021,美好證,14,0,14,群益金鼎-西松,2024-03-15,9136
6418,詠昇,14,0,14,群益金鼎-西松,2024-03-15,9136
00713,元大台灣高息低波,13,0,13,群益金鼎-西松,2024-03-15,9136
9945,潤泰新,14,1,13,群益金鼎-西松,2024-03-15,9136
3224,三顧,18,5,13,群益金鼎-西松,2024-03-15,9136
2376,技嘉,34,22,12,群益金鼎-西松,2024-03-15,9136
1303,南亞,12,0,12,群益金鼎-西松,2024-03-15,9136
2243,宏旭-KY,13,1,12,群益金鼎-西松,2024-03-15,9136
2609,陽明,16,4,12,群益金鼎-西松,2024-03-15,9136
2801,彰銀,12,0,12,群益金鼎-西松,2024-03-15,9136
3189,景碩,16,4,12,群益金鼎-西松,2024-03-15,9136
4967,十銓,15,3,12,群益金鼎-西松,2024-03-15,9136
5508,永信建,12,0,12,群益金鼎-西松,2024-03-15,9136
00919,群益台灣精選高息,179,49,130,群益金鼎-西松,2024-03-18,9136
6668,中揚光,65,5,60,群益金鼎-西松,2024-03-18,9136
1303,南亞,58,0,58,群益金鼎-西松,2024-03-18,9136
00687B,國泰20年美債,52,0,52,群益金鼎-西松,2024-03-18,9136
1475,業旺,50,2,48,群益金鼎-西松,2024-03-18,9136
2887,台新金,45,0,45,群益金鼎-西松,2024-03-18,9136
2409,友達,39,1,38,群益金鼎-西松,2024-03-18,9136
3324,雙鴻,43,8,35,群益金鼎-西松,2024-03-18,9136
3483,力致,34,0,34,群益金鼎-西松,2024-03-18,9136
00725B,國泰投資級公司債,32,0,32,群益金鼎-西松,2024-03-18,9136
2308,台達電,31,0,31,群益金鼎-西松,2024-03-18,9136
2106,建大,30,0,30,群益金鼎-西松,2024-03-18,9136
1524,耿鼎,120,97,23,群益金鼎-西松,2024-03-18,9136
1513,中興電,108,87,21,群益金鼎-西松,2024-03-18,9136
2615,萬海,23,2,21,群益金鼎-西松,2024-03-18,9136
00688L,國泰20年美債正2,20,0,20,群益金鼎-西松,2024-03-18,9136
00887,永豐中國科技50大,20,0,20,群益金鼎-西松,2024-03-18,9136
1503,士電,27,7,20,群益金鼎-西松,2024-03-18,9136
6261,久元,20,0,20,群益金鼎-西松,2024-03-18,9136
00931B,統一美債20年,19,0,19,群益金鼎-西松,2024-03-18,9136
8341,日友,18,0,18,群益金鼎-西松,2024-03-18,9136
4961,天鈺,19,1,18,群益金鼎-西松,2024-03-18,9136
2382,廣達,57,40,17,群益金鼎-西松,2024-03-18,9136
9950,萬國通,17,1,16,群益金鼎-西松,2024-03-18,9136
00915,凱基優選高股息30,15,0,15,群益金鼎-西松,2024-03-18,9136
5498,凱崴,16,1,15,群益金鼎-西松,2024-03-18,9136
1593,祺驊,15,1,14,群益金鼎-西松,2024-03-18,9136
3226,至寶電,16,3,13,群益金鼎-西松,2024-03-18,9136
00933B,國泰10Y+金融債,13,0,13,群益金鼎-西松,2024-03-18,9136
00857B,永豐20年美公債,12,0,12,群益金鼎-西松,2024-03-18,9136
00773B,中信優先金融債,12,0,12,群益金鼎-西松,2024-03-18,9136
8096,擎亞,32,20,12,群益金鼎-西松,2024-03-18,9136
00751B,元大AAA至A公司債,11,0,11,群益金鼎-西松,2024-03-18,9136
4768,晶呈科技,12,1,11,群益金鼎-西松,2024-03-18,9136
2324,仁寶,11,0,11,群益金鼎-西松,2024-03-18,9136
00929,復華台灣科技優息,30,19,11,群益金鼎-西松,2024-03-18,9136
3481,群創,10,0,10,群益金鼎-西松,2024-03-18,9136
00706L,期元大S＆P日圓正2,10,0,10,群益金鼎-西松,2024-03-18,9136
00752,中信中國50,10,0,10,群益金鼎-西松,2024-03-18,9136
00636,國泰中國A50,10,0,10,群益金鼎-西松,2024-03-18,9136
1616,億泰,10,0,10,群益金鼎-西松,2024-03-18,9136
1702,南僑,10,0,10,群益金鼎-西松,2024-03-18,9136
3673,TPK-KY,10,0,10,群益金鼎-西松,2024-03-18,9136
6462,神盾,17,7,10,群益金鼎-西松,2024-03-18,9136
2609,陽明,20,11,9,群益金鼎-西松,2024-03-18,9136
1608,華榮,14,5,9,群益金鼎-西松,2024-03-18,9136
2329,華泰,53,44,9,群益金鼎-西松,2024-03-18,9136
2506,太設,10,1,9,群益金鼎-西松,2024-03-18,9136
2719,燦星旅,9,0,9,群益金鼎-西松,2024-03-18,9136
3086,華義,9,0,9,群益金鼎-西松,2024-03-18,9136
00919,群益台灣精選高息,181,82,99,群益金鼎-西松,2024-03-19,9136
00665L,富邦�琤肭磪囓�2,90,0,90,群益金鼎-西松,2024-03-19,9136
3481,群創,75,0,75,群益金鼎-西松,2024-03-19,9136
2409,友達,75,5,70,群益金鼎-西松,2024-03-19,9136
00929,復華台灣科技優息,89,25,64,群益金鼎-西松,2024-03-19,9136
00687B,國泰20年美債,64,0,64,群益金鼎-西松,2024-03-19,9136
6026,福邦證,50,0,50,群益金鼎-西松,2024-03-19,9136
3041,揚智,60,11,49,群益金鼎-西松,2024-03-19,9136
5443,均豪,55,6,49,群益金鼎-西松,2024-03-19,9136
2317,鴻海,73,25,48,群益金鼎-西松,2024-03-19,9136
00937B,群益ESG投等債20,48,3,45,群益金鼎-西松,2024-03-19,9136
2888,新光金,56,11,45,群益金鼎-西松,2024-03-19,9136
2887,台新金,37,0,37,群益金鼎-西松,2024-03-19,9136
6171,大城地產,30,0,30,群益金鼎-西松,2024-03-19,9136
2404,漢唐,29,1,28,群益金鼎-西松,2024-03-19,9136
2885,元大金,24,0,24,群益金鼎-西松,2024-03-19,9136
6417,韋僑,27,3,24,群益金鼎-西松,2024-03-19,9136
2329,華泰,49,27,22,群益金鼎-西松,2024-03-19,9136
2801,彰銀,20,0,20,群益金鼎-西松,2024-03-19,9136
2618,長榮航,33,13,20,群益金鼎-西松,2024-03-19,9136
00650L,復華香港正2,50,30,20,群益金鼎-西松,2024-03-19,9136
2617,台航,21,2,19,群益金鼎-西松,2024-03-19,9136
2062,橋椿,18,0,18,群益金鼎-西松,2024-03-19,9136
2353,宏��,19,1,18,群益金鼎-西松,2024-03-19,9136
6244,茂迪,18,0,18,群益金鼎-西松,2024-03-19,9136
2486,一詮,72,55,17,群益金鼎-西松,2024-03-19,9136
00673R,期元大S＆P原油反1,15,0,15,群益金鼎-西松,2024-03-19,9136
00712,復華富時不動產,33,18,15,群益金鼎-西松,2024-03-19,9136
00941,中信上游半導體,16,1,15,群益金鼎-西松,2024-03-19,9136
1616,億泰,15,0,15,群益金鼎-西松,2024-03-19,9136
2349,錸德,15,0,15,群益金鼎-西松,2024-03-19,9136
3465,進泰電子,15,0,15,群益金鼎-西松,2024-03-19,9136
4113,聯上,16,2,14,群益金鼎-西松,2024-03-19,9136
6005,群益證,20,6,14,群益金鼎-西松,2024-03-19,9136
6538,倉和,14,0,14,群益金鼎-西松,2024-03-19,9136
2201,裕隆,13,0,13,群益金鼎-西松,2024-03-19,9136
5521,工信,13,0,13,群益金鼎-西松,2024-03-19,9136
00933B,國泰10Y+金融債,12,0,12,群益金鼎-西松,2024-03-19,9136
2243,宏旭-KY,19,7,12,群益金鼎-西松,2024-03-19,9136
2367,燿華,27,15,12,群益金鼎-西松,2024-03-19,9136
8147,正淩,13,1,12,群益金鼎-西松,2024-03-19,9136
1605,華新,41,30,11,群益金鼎-西松,2024-03-19,9136
2027,大成鋼,11,0,11,群益金鼎-西松,2024-03-19,9136
4503,金雨,41,30,11,群益金鼎-西松,2024-03-19,9136
2368,金像電,11,1,10,群益金鼎-西松,2024-03-19,9136
00706L,期元大S＆P日圓正2,10,0,10,群益金鼎-西松,2024-03-19,9136
00680L,元大美債20正2,10,0,10,群益金鼎-西松,2024-03-19,9136
1218,泰山,10,0,10,群益金鼎-西松,2024-03-19,9136
2474,可成,10,0,10,群益金鼎-西松,2024-03-19,9136
2812,台中銀,10,0,10,群益金鼎-西松,2024-03-19,9136
00919,群益台灣精選高息,359,98,261,群益金鼎-西松,2024-03-20,9136
00937B,群益ESG投等債20,130,2,128,群益金鼎-西松,2024-03-20,9136
2897,王道銀行,100,0,100,群益金鼎-西松,2024-03-20,9136
2303,聯電,142,61,81,群益金鼎-西松,2024-03-20,9136
1785,光洋科,159,90,69,群益金鼎-西松,2024-03-20,9136
2356,英業達,63,10,53,群益金鼎-西松,2024-03-20,9136
00830,國泰費城半導體,50,0,50,群益金鼎-西松,2024-03-20,9136
6026,福邦證,50,0,50,群益金鼎-西松,2024-03-20,9136
00939,統一台灣高息動能,458,416,42,群益金鼎-西松,2024-03-20,9136
3706,神達,115,74,41,群益金鼎-西松,2024-03-20,9136
4968,立積,39,3,36,群益金鼎-西松,2024-03-20,9136
8443,阿瘦,35,1,34,群益金鼎-西松,2024-03-20,9136
5351,鈺創,30,0,30,群益金鼎-西松,2024-03-20,9136
6462,神盾,38,11,27,群益金鼎-西松,2024-03-20,9136
1313,聯成,25,0,25,群益金鼎-西松,2024-03-20,9136
00687B,國泰20年美債,38,16,22,群益金鼎-西松,2024-03-20,9136
00915,凱基優選高股息30,21,0,21,群益金鼎-西松,2024-03-20,9136
00753L,中信中國50正2,50,30,20,群益金鼎-西松,2024-03-20,9136
1618,合機,20,0,20,群益金鼎-西松,2024-03-20,9136
2428,興勤,20,0,20,群益金鼎-西松,2024-03-20,9136
3047,訊舟,20,0,20,群益金鼎-西松,2024-03-20,9136
6735,美達科技,24,4,20,群益金鼎-西松,2024-03-20,9136
3324,雙鴻,37,18,19,群益金鼎-西松,2024-03-20,9136
2889,國票金,17,0,17,群益金鼎-西松,2024-03-20,9136
3260,威剛,17,0,17,群益金鼎-西松,2024-03-20,9136
5469,瀚宇博,25,8,17,群益金鼎-西松,2024-03-20,9136
3221,台嘉碩,16,0,16,群益金鼎-西松,2024-03-20,9136
5520,力泰,16,0,16,群益金鼎-西松,2024-03-20,9136
2454,聯發科,18,3,15,群益金鼎-西松,2024-03-20,9136
1326,台化,14,0,14,群益金鼎-西松,2024-03-20,9136
2834,臺企銀,14,0,14,群益金鼎-西松,2024-03-20,9136
3672,康聯訊,34,20,14,群益金鼎-西松,2024-03-20,9136
4938,和碩,48,35,13,群益金鼎-西松,2024-03-20,9136
00720B,元大投資級公司債,13,0,13,群益金鼎-西松,2024-03-20,9136
2344,華邦電,13,0,13,群益金鼎-西松,2024-03-20,9136
6753,龍德造船,23,10,13,群益金鼎-西松,2024-03-20,9136
2382,廣達,28,17,11,群益金鼎-西松,2024-03-20,9136
00679B,元大美債20年,11,0,11,群益金鼎-西松,2024-03-20,9136
1587,吉茂,20,9,11,群益金鼎-西松,2024-03-20,9136
1609,大亞,20,9,11,群益金鼎-西松,2024-03-20,9136
2405,輔信,17,6,11,群益金鼎-西松,2024-03-20,9136
2474,可成,11,0,11,群益金鼎-西松,2024-03-20,9136
5347,世界,11,0,11,群益金鼎-西松,2024-03-20,9136
5521,工信,11,0,11,群益金鼎-西松,2024-03-20,9136
00927,群益半導體收益,10,0,10,群益金鼎-西松,2024-03-20,9136
00922,國泰台灣領袖50,10,0,10,群益金鼎-西松,2024-03-20,9136
00933B,國泰10Y+金融債,10,0,10,群益金鼎-西松,2024-03-20,9136
1319,東陽,11,1,10,群益金鼎-西松,2024-03-20,9136
2349,錸德,10,0,10,群益金鼎-西松,2024-03-20,9136
3545,敦泰,10,0,10,群益金鼎-西松,2024-03-20,9136
00939,統一台灣高息動能,436,28,408,群益金鼎-西松,2024-03-21,9136
6026,福邦證,331,3,328,群益金鼎-西松,2024-03-21,9136
6213,聯茂,153,0,153,群益金鼎-西松,2024-03-21,9136
3483,力致,100,1,99,群益金鼎-西松,2024-03-21,9136
3231,緯創,97,10,87,群益金鼎-西松,2024-03-21,9136
00919,群益台灣精選高息,182,103,79,群益金鼎-西松,2024-03-21,9136
00937B,群益ESG投等債20,76,0,76,群益金鼎-西松,2024-03-21,9136
00929,復華台灣科技優息,96,26,70,群益金鼎-西松,2024-03-21,9136
5272,笙科,61,1,60,群益金鼎-西松,2024-03-21,9136
1503,士電,71,17,54,群益金鼎-西松,2024-03-21,9136
6443,元晶,67,16,51,群益金鼎-西松,2024-03-21,9136
6005,群益證,53,4,49,群益金鼎-西松,2024-03-21,9136
6668,中揚光,52,3,49,群益金鼎-西松,2024-03-21,9136
1785,光洋科,73,29,44,群益金鼎-西松,2024-03-21,9136
2014,中鴻,38,0,38,群益金鼎-西松,2024-03-21,9136
2303,聯電,43,11,32,群益金鼎-西松,2024-03-21,9136
00877,復華中國5G,31,0,31,群益金鼎-西松,2024-03-21,9136
3704,合勤控,27,0,27,群益金鼎-西松,2024-03-21,9136
2367,燿華,68,42,26,群益金鼎-西松,2024-03-21,9136
8049,晶采,25,0,25,群益金鼎-西松,2024-03-21,9136
00687B,國泰20年美債,23,0,23,群益金鼎-西松,2024-03-21,9136
6753,龍德造船,23,0,23,群益金鼎-西松,2024-03-21,9136
00720B,元大投資級公司債,29,7,22,群益金鼎-西松,2024-03-21,9136
00651R,復華香港反1,20,0,20,群益金鼎-西松,2024-03-21,9136
3332,幸康,20,0,20,群益金鼎-西松,2024-03-21,9136
9105,泰金寶-DR,20,0,20,群益金鼎-西松,2024-03-21,9136
3088,艾訊,22,3,19,群益金鼎-西松,2024-03-21,9136
2405,輔信,43,25,18,群益金鼎-西松,2024-03-21,9136
3706,神達,70,53,17,群益金鼎-西松,2024-03-21,9136
1725,元禎,16,0,16,群益金鼎-西松,2024-03-21,9136
2603,長榮,19,4,15,群益金鼎-西松,2024-03-21,9136
3312,弘憶股,19,4,15,群益金鼎-西松,2024-03-21,9136
4714,永捷,64,49,15,群益金鼎-西松,2024-03-21,9136
5483,中美晶,16,1,15,群益金鼎-西松,2024-03-21,9136
4938,和碩,15,1,14,群益金鼎-西松,2024-03-21,9136
00933B,國泰10Y+金融債,13,0,13,群益金鼎-西松,2024-03-21,9136
3005,神基,38,26,12,群益金鼎-西松,2024-03-21,9136
3594,磐儀,20,8,12,群益金鼎-西松,2024-03-21,9136
1319,東陽,11,0,11,群益金鼎-西松,2024-03-21,9136
2002,中鋼,11,0,11,群益金鼎-西松,2024-03-21,9136
2404,漢唐,12,1,11,群益金鼎-西松,2024-03-21,9136
3545,敦泰,11,0,11,群益金鼎-西松,2024-03-21,9136
4915,致伸,13,2,11,群益金鼎-西松,2024-03-21,9136
6616,特昇-KY,11,0,11,群益金鼎-西松,2024-03-21,9136
2233,宇隆,10,0,10,群益金鼎-西松,2024-03-21,9136
2329,華泰,14,4,10,群益金鼎-西松,2024-03-21,9136
2472,立隆電,10,0,10,群益金鼎-西松,2024-03-21,9136
2534,宏盛,10,0,10,群益金鼎-西松,2024-03-21,9136
2834,臺企銀,11,1,10,群益金鼎-西松,2024-03-21,9136
2851,中再保,10,0,10,群益金鼎-西松,2024-03-21,9136
00665L,富邦�琤肭磪囓�2,205,0,205,群益金鼎-西松,2024-03-22,9136
3062,建漢,110,7,103,群益金鼎-西松,2024-03-22,9136
00937B,群益ESG投等債20,121,21,100,群益金鼎-西松,2024-03-22,9136
3483,力致,97,2,95,群益金鼎-西松,2024-03-22,9136
2618,長榮航,99,6,93,群益金鼎-西松,2024-03-22,9136
1785,光洋科,96,4,92,群益金鼎-西松,2024-03-22,9136
00915,凱基優選高股息30,88,0,88,群益金鼎-西松,2024-03-22,9136
00929,復華台灣科技優息,93,11,82,群益金鼎-西松,2024-03-22,9136
2308,台達電,106,32,74,群益金鼎-西松,2024-03-22,9136
6026,福邦證,71,0,71,群益金鼎-西松,2024-03-22,9136
00637L,元大滬深300正2,83,23,60,群益金鼎-西松,2024-03-22,9136
3708,上緯投控,67,7,60,群益金鼎-西松,2024-03-22,9136
5483,中美晶,58,0,58,群益金鼎-西松,2024-03-22,9136
00941,中信上游半導體,42,2,40,群益金鼎-西松,2024-03-22,9136
1609,大亞,164,126,38,群益金鼎-西松,2024-03-22,9136
00753L,中信中國50正2,50,12,38,群益金鼎-西松,2024-03-22,9136
2404,漢唐,34,0,34,群益金鼎-西松,2024-03-22,9136
2002,中鋼,31,0,31,群益金鼎-西松,2024-03-22,9136
2603,長榮,38,11,27,群益金鼎-西松,2024-03-22,9136
1815,富喬,26,0,26,群益金鼎-西松,2024-03-22,9136
2303,聯電,35,9,26,群益金鼎-西松,2024-03-22,9136
00881,國泰台灣5G+,36,10,26,群益金鼎-西松,2024-03-22,9136
2317,鴻海,204,180,24,群益金鼎-西松,2024-03-22,9136
2006,東和鋼鐵,20,0,20,群益金鼎-西松,2024-03-22,9136
8111,立��,20,0,20,群益金鼎-西松,2024-03-22,9136
3022,威強電,17,0,17,群益金鼎-西松,2024-03-22,9136
3563,牧德,23,6,17,群益金鼎-西松,2024-03-22,9136
3465,進泰電子,19,3,16,群益金鼎-西松,2024-03-22,9136
6239,力成,17,2,15,群益金鼎-西松,2024-03-22,9136
6770,力積電,17,3,14,群益金鼎-西松,2024-03-22,9136
2486,一詮,56,43,13,群益金鼎-西松,2024-03-22,9136
4714,永捷,91,78,13,群益金鼎-西松,2024-03-22,9136
2371,大同,116,103,13,群益金鼎-西松,2024-03-22,9136
00687B,國泰20年美債,12,0,12,群益金鼎-西松,2024-03-22,9136
2353,宏��,21,9,12,群益金鼎-西松,2024-03-22,9136
2376,技嘉,20,8,12,群益金鼎-西松,2024-03-22,9136
2406,國碩,40,28,12,群益金鼎-西松,2024-03-22,9136
2883,凱基金,12,0,12,群益金鼎-西松,2024-03-22,9136
2354,鴻準,14,3,11,群益金鼎-西松,2024-03-22,9136
2474,可成,11,0,11,群益金鼎-西松,2024-03-22,9136
3577,泓格,14,3,11,群益金鼎-西松,2024-03-22,9136
00877,復華中國5G,10,0,10,群益金鼎-西松,2024-03-22,9136
00688L,國泰20年美債正2,10,0,10,群益金鼎-西松,2024-03-22,9136
00720B,元大投資級公司債,10,0,10,群益金鼎-西松,2024-03-22,9136
00918,大華優利高填息30,10,0,10,群益金鼎-西松,2024-03-22,9136
1304,台聚,10,0,10,群益金鼎-西松,2024-03-22,9136
1316,上曜,34,24,10,群益金鼎-西松,2024-03-22,9136
3617,碩天,10,0,10,群益金鼎-西松,2024-03-22,9136
5469,瀚宇博,37,27,10,群益金鼎-西松,2024-03-22,9136
5498,凱崴,15,5,10,群益金鼎-西松,2024-03-22,9136
00665L,富邦�琤肭磪囓�2,6289,50,6239,群益金鼎-西松,2024-03-25,9136
00637L,元大滬深300正2,5990,32,5958,群益金鼎-西松,2024-03-25,9136
2515,中工,423,26,397,群益金鼎-西松,2024-03-25,9136
4915,致伸,400,5,395,群益金鼎-西松,2024-03-25,9136
1513,中興電,127,23,104,群益金鼎-西松,2024-03-25,9136
2467,志聖,82,3,79,群益金鼎-西松,2024-03-25,9136
00937B,群益ESG投等債20,102,45,57,群益金鼎-西松,2024-03-25,9136
1609,大亞,118,72,46,群益金鼎-西松,2024-03-25,9136
3062,建漢,64,20,44,群益金鼎-西松,2024-03-25,9136
6191,精成科,41,1,40,群益金鼎-西松,2024-03-25,9136
2356,英業達,111,71,40,群益金鼎-西松,2024-03-25,9136
2465,麗臺,34,0,34,群益金鼎-西松,2024-03-25,9136
00877,復華中國5G,31,0,31,群益金鼎-西松,2024-03-25,9136
5272,笙科,30,0,30,群益金鼎-西松,2024-03-25,9136
00941,中信上游半導體,33,5,28,群益金鼎-西松,2024-03-25,9136
00772B,中信高評級公司債,27,0,27,群益金鼎-西松,2024-03-25,9136
00878,國泰永續高股息,32,6,26,群益金鼎-西松,2024-03-25,9136
2609,陽明,25,0,25,群益金鼎-西松,2024-03-25,9136
4113,聯上,23,2,21,群益金鼎-西松,2024-03-25,9136
6414,樺漢,21,1,20,群益金鼎-西松,2024-03-25,9136
3059,華晶科,28,8,20,群益金鼎-西松,2024-03-25,9136
1608,華榮,23,4,19,群益金鼎-西松,2024-03-25,9136
6668,中揚光,21,2,19,群益金鼎-西松,2024-03-25,9136
3260,威剛,18,0,18,群益金鼎-西松,2024-03-25,9136
6197,佳必琪,26,10,16,群益金鼎-西松,2024-03-25,9136
00687B,國泰20年美債,21,5,16,群益金鼎-西松,2024-03-25,9136
2105,正新,15,0,15,群益金鼎-西松,2024-03-25,9136
8054,安國,58,43,15,群益金鼎-西松,2024-03-25,9136
00720B,元大投資級公司債,14,0,14,群益金鼎-西松,2024-03-25,9136
2330,台積電,14,0,14,群益金鼎-西松,2024-03-25,9136
2352,佳世達,14,2,12,群益金鼎-西松,2024-03-25,9136
2382,廣達,15,4,11,群益金鼎-西松,2024-03-25,9136
2501,國建,13,2,11,群益金鼎-西松,2024-03-25,9136
2883,凱基金,21,10,11,群益金鼎-西松,2024-03-25,9136
2233,宇隆,10,0,10,群益金鼎-西松,2024-03-25,9136
2331,精英,10,0,10,群益金鼎-西松,2024-03-25,9136
3013,晟銘電,13,3,10,群益金鼎-西松,2024-03-25,9136
3591,艾笛森,10,0,10,群益金鼎-西松,2024-03-25,9136
5299,杰力,10,0,10,群益金鼎-西松,2024-03-25,9136
2385,群光,10,0,10,群益金鼎-西松,2024-03-25,9136
2303,聯電,20,11,9,群益金鼎-西松,2024-03-25,9136
00933B,國泰10Y+金融債,19,10,9,群益金鼎-西松,2024-03-25,9136
8096,擎亞,9,0,9,群益金鼎-西松,2024-03-25,9136
00706L,期元大S＆P日圓正2,8,0,8,群益金鼎-西松,2024-03-25,9136
2354,鴻準,9,1,8,群益金鼎-西松,2024-03-25,9136
6799,來頡,8,0,8,群益金鼎-西松,2024-03-25,9136
6870,騰雲,9,1,8,群益金鼎-西松,2024-03-25,9136
6188,廣明,40,32,8,群益金鼎-西松,2024-03-25,9136
00679B,元大美債20年,39,31,8,群益金鼎-西松,2024-03-25,9136
00688L,國泰20年美債正2,7,0,7,群益金鼎-西松,2024-03-25,9136
2801,彰銀,490,1,489,群益金鼎-西松,2024-03-26,9136
00939,統一台灣高息動能,468,40,428,群益金鼎-西松,2024-03-26,9136
2371,大同,475,70,405,群益金鼎-西松,2024-03-26,9136
5469,瀚宇博,363,0,363,群益金鼎-西松,2024-03-26,9136
8096,擎亞,150,28,122,群益金鼎-西松,2024-03-26,9136
00881,國泰台灣5G+,118,0,118,群益金鼎-西松,2024-03-26,9136
00919,群益台灣精選高息,236,126,110,群益金鼎-西松,2024-03-26,9136
00937B,群益ESG投等債20,88,10,78,群益金鼎-西松,2024-03-26,9136
00878,國泰永續高股息,73,9,64,群益金鼎-西松,2024-03-26,9136
00929,復華台灣科技優息,72,10,62,群益金鼎-西松,2024-03-26,9136
3481,群創,112,53,59,群益金鼎-西松,2024-03-26,9136
1504,東元,69,14,55,群益金鼎-西松,2024-03-26,9136
8936,國統,69,16,53,群益金鼎-西松,2024-03-26,9136
4113,聯上,37,3,34,群益金鼎-西松,2024-03-26,9136
4938,和碩,41,8,33,群益金鼎-西松,2024-03-26,9136
00679B,元大美債20年,33,0,33,群益金鼎-西松,2024-03-26,9136
2486,一詮,39,7,32,群益金鼎-西松,2024-03-26,9136
6188,廣明,59,28,31,群益金鼎-西松,2024-03-26,9136
00933B,國泰10Y+金融債,30,0,30,群益金鼎-西松,2024-03-26,9136
2330,台積電,36,8,28,群益金鼎-西松,2024-03-26,9136
5426,振發,47,19,28,群益金鼎-西松,2024-03-26,9136
3231,緯創,66,41,25,群益金鼎-西松,2024-03-26,9136
2609,陽明,23,1,22,群益金鼎-西松,2024-03-26,9136
5483,中美晶,21,0,21,群益金鼎-西松,2024-03-26,9136
2356,英業達,51,30,21,群益金鼎-西松,2024-03-26,9136
2303,聯電,24,3,21,群益金鼎-西松,2024-03-26,9136
6443,元晶,23,2,21,群益金鼎-西松,2024-03-26,9136
1595,川寶,21,0,21,群益金鼎-西松,2024-03-26,9136
2618,長榮航,25,5,20,群益金鼎-西松,2024-03-26,9136
4768,晶呈科技,22,2,20,群益金鼎-西松,2024-03-26,9136
2431,聯昌,20,0,20,群益金鼎-西松,2024-03-26,9136
5880,合庫金,20,0,20,群益金鼎-西松,2024-03-26,9136
1301,台塑,19,0,19,群益金鼎-西松,2024-03-26,9136
6215,和椿,33,14,19,群益金鼎-西松,2024-03-26,9136
5258,虹堡,18,0,18,群益金鼎-西松,2024-03-26,9136
6577,勁豐,17,0,17,群益金鼎-西松,2024-03-26,9136
2417,圓剛,62,45,17,群益金鼎-西松,2024-03-26,9136
1513,中興電,77,61,16,群益金鼎-西松,2024-03-26,9136
2433,互盛電,16,0,16,群益金鼎-西松,2024-03-26,9136
6213,聯茂,16,1,15,群益金鼎-西松,2024-03-26,9136
2504,國產,14,0,14,群益金鼎-西松,2024-03-26,9136
3545,敦泰,13,0,13,群益金鼎-西松,2024-03-26,9136
3276,宇環,13,0,13,群益金鼎-西松,2024-03-26,9136
4571,鈞興-KY,24,11,13,群益金鼎-西松,2024-03-26,9136
4912,聯德控股-KY,14,1,13,群益金鼎-西松,2024-03-26,9136
2344,華邦電,14,2,12,群益金鼎-西松,2024-03-26,9136
2301,光寶科,22,10,12,群益金鼎-西松,2024-03-26,9136
8047,星雲,12,0,12,群益金鼎-西松,2024-03-26,9136
00915,凱基優選高股息30,11,0,11,群益金鼎-西松,2024-03-26,9136
00687B,國泰20年美債,13,2,11,群益金鼎-西松,2024-03-26,9136
5469,瀚宇博,617,2,615,群益金鼎-西松,2024-03-27,9136
00665L,富邦�琤肭磪囓�2,180,0,180,群益金鼎-西松,2024-03-27,9136
00919,群益台灣精選高息,86,15,71,群益金鼎-西松,2024-03-27,9136
4526,東台,73,13,60,群益金鼎-西松,2024-03-27,9136
1785,光洋科,62,4,58,群益金鼎-西松,2024-03-27,9136
3596,智易,49,2,47,群益金鼎-西松,2024-03-27,9136
3062,建漢,63,23,40,群益金鼎-西松,2024-03-27,9136
00941,中信上游半導體,39,7,32,群益金鼎-西松,2024-03-27,9136
00877,復華中國5G,30,0,30,群益金鼎-西松,2024-03-27,9136
2634,漢翔,37,8,29,群益金鼎-西松,2024-03-27,9136
2331,精英,28,0,28,群益金鼎-西松,2024-03-27,9136
00772B,中信高評級公司債,27,0,27,群益金鼎-西松,2024-03-27,9136
2515,中工,147,123,24,群益金鼎-西松,2024-03-27,9136
00679B,元大美債20年,29,6,23,群益金鼎-西松,2024-03-27,9136
4958,臻鼎-KY,22,1,21,群益金鼎-西松,2024-03-27,9136
00642U,期元大S＆P石油,21,0,21,群益金鼎-西松,2024-03-27,9136
8923,時報,23,3,20,群益金鼎-西松,2024-03-27,9136
00939,統一台灣高息動能,42,22,20,群益金鼎-西松,2024-03-27,9136
2301,光寶科,26,7,19,群益金鼎-西松,2024-03-27,9136
5244,弘凱,22,3,19,群益金鼎-西松,2024-03-27,9136
2501,國建,19,1,18,群益金鼎-西松,2024-03-27,9136
2884,玉山金,29,11,18,群益金鼎-西松,2024-03-27,9136
5521,工信,15,0,15,群益金鼎-西松,2024-03-27,9136
8261,富鼎,15,0,15,群益金鼎-西松,2024-03-27,9136
3450,聯鈞,14,0,14,群益金鼎-西松,2024-03-27,9136
6244,茂迪,14,0,14,群益金鼎-西松,2024-03-27,9136
2367,燿華,14,1,13,群益金鼎-西松,2024-03-27,9136
3711,日月光投控,13,0,13,群益金鼎-西松,2024-03-27,9136
1609,大亞,63,51,12,群益金鼎-西松,2024-03-27,9136
3363,上詮,12,0,12,群益金鼎-西松,2024-03-27,9136
2511,太子,11,0,11,群益金鼎-西松,2024-03-27,9136
3231,緯創,17,6,11,群益金鼎-西松,2024-03-27,9136
3305,昇貿,11,0,11,群益金鼎-西松,2024-03-27,9136
2534,宏盛,10,0,10,群益金鼎-西松,2024-03-27,9136
2486,一詮,29,19,10,群益金鼎-西松,2024-03-27,9136
2888,新光金,10,0,10,群益金鼎-西松,2024-03-27,9136
3024,憶聲,10,0,10,群益金鼎-西松,2024-03-27,9136
5426,振發,10,0,10,群益金鼎-西松,2024-03-27,9136
6005,群益證,10,0,10,群益金鼎-西松,2024-03-27,9136
6125,廣運,13,3,10,群益金鼎-西松,2024-03-27,9136
9921,巨大,11,1,10,群益金鼎-西松,2024-03-27,9136
2609,陽明,9,0,9,群益金鼎-西松,2024-03-27,9136
4939,亞電,10,1,9,群益金鼎-西松,2024-03-27,9136
6654,天正國際,9,0,9,群益金鼎-西松,2024-03-27,9136
00720B,元大投資級公司債,8,0,8,群益金鼎-西松,2024-03-27,9136
2376,技嘉,8,0,8,群益金鼎-西松,2024-03-27,9136
00706L,期元大S＆P日圓正2,8,0,8,群益金鼎-西松,2024-03-27,9136
3338,泰碩,8,0,8,群益金鼎-西松,2024-03-27,9136
00891,中信關鍵半導體,7,0,7,群益金鼎-西松,2024-03-27,9136
8926,台汽電,7,0,7,群益金鼎-西松,2024-03-27,9136
2371,大同,304,120,184,群益金鼎-西松,2024-03-28,9136
2354,鴻準,281,109,172,群益金鼎-西松,2024-03-28,9136
2421,建準,104,12,92,群益金鼎-西松,2024-03-28,9136
00915,凱基優選高股息30,93,4,89,群益金鼎-西松,2024-03-28,9136
00753L,中信中國50正2,81,0,81,群益金鼎-西松,2024-03-28,9136
1789,神隆,50,3,47,群益金鼎-西松,2024-03-28,9136
2883,凱基金,58,18,40,群益金鼎-西松,2024-03-28,9136
1815,富喬,64,26,38,群益金鼎-西松,2024-03-28,9136
2618,長榮航,50,16,34,群益金鼎-西松,2024-03-28,9136
2515,中工,148,117,31,群益金鼎-西松,2024-03-28,9136
3032,偉訓,30,0,30,群益金鼎-西松,2024-03-28,9136
8936,國統,64,34,30,群益金鼎-西松,2024-03-28,9136
2368,金像電,31,4,27,群益金鼎-西松,2024-03-28,9136
2328,廣宇,72,46,26,群益金鼎-西松,2024-03-28,9136
1605,華新,31,6,25,群益金鼎-西松,2024-03-28,9136
2883B,凱基金乙特,25,0,25,群益金鼎-西松,2024-03-28,9136
3013,晟銘電,41,16,25,群益金鼎-西松,2024-03-28,9136
6462,神盾,34,10,24,群益金鼎-西松,2024-03-28,9136
2303,聯電,50,27,23,群益金鼎-西松,2024-03-28,9136
3512,皇龍,22,0,22,群益金鼎-西松,2024-03-28,9136
8466,美吉吉-KY,29,9,20,群益金鼎-西松,2024-03-28,9136
6859,伯特光,19,0,19,群益金鼎-西松,2024-03-28,9136
00937B,群益ESG投等債20,18,0,18,群益金鼎-西松,2024-03-28,9136
4576,大銀微系統,23,6,17,群益金鼎-西松,2024-03-28,9136
5521,工信,17,0,17,群益金鼎-西松,2024-03-28,9136
2301,光寶科,30,13,17,群益金鼎-西松,2024-03-28,9136
2603,長榮,28,13,15,群益金鼎-西松,2024-03-28,9136
2349,錸德,15,0,15,群益金鼎-西松,2024-03-28,9136
6770,力積電,20,5,15,群益金鼎-西松,2024-03-28,9136
3005,神基,18,4,14,群益金鼎-西松,2024-03-28,9136
5223,安力-KY,15,1,14,群益金鼎-西松,2024-03-28,9136
00891,中信關鍵半導體,13,0,13,群益金鼎-西松,2024-03-28,9136
2486,一詮,18,5,13,群益金鼎-西松,2024-03-28,9136
00923,群益台ESG低碳50,12,0,12,群益金鼎-西松,2024-03-28,9136
00720B,元大投資級公司債,12,0,12,群益金鼎-西松,2024-03-28,9136
2615,萬海,11,0,11,群益金鼎-西松,2024-03-28,9136
3036,文曄,11,0,11,群益金鼎-西松,2024-03-28,9136
2881,富邦金,11,0,11,群益金鼎-西松,2024-03-28,9136
1795,美時,12,1,11,群益金鼎-西松,2024-03-28,9136
1584,精剛,12,2,10,群益金鼎-西松,2024-03-28,9136
2024,志聯,10,0,10,群益金鼎-西松,2024-03-28,9136
2428,興勤,10,0,10,群益金鼎-西松,2024-03-28,9136
5905,南仁湖,10,0,10,群益金鼎-西松,2024-03-28,9136
6577,勁豐,11,1,10,群益金鼎-西松,2024-03-28,9136
2408,南亞科,13,3,10,群益金鼎-西松,2024-03-28,9136
8996,高力,18,9,9,群益金鼎-西松,2024-03-28,9136
00881,國泰台灣5G+,12,3,9,群益金鼎-西松,2024-03-28,9136
8085,福華,13,4,9,群益金鼎-西松,2024-03-28,9136
00687B,國泰20年美債,11,3,8,群益金鼎-西松,2024-03-28,9136
1609,大亞,29,21,8,群益金鼎-西松,2024-03-28,9136
6026,福邦證,100,0,100,群益金鼎-西松,2024-03-29,9136
3013,晟銘電,156,73,83,群益金鼎-西松,2024-03-29,9136
2547,日勝生,87,5,82,群益金鼎-西松,2024-03-29,9136
00918,大華優利高填息30,81,2,79,群益金鼎-西松,2024-03-29,9136
1815,富喬,121,42,79,群益金鼎-西松,2024-03-29,9136
2371,大同,129,57,72,群益金鼎-西松,2024-03-29,9136
00919,群益台灣精選高息,100,45,55,群益金鼎-西松,2024-03-29,9136
3035,智原,58,8,50,群益金鼎-西松,2024-03-29,9136
2472,立隆電,47,0,47,群益金鼎-西松,2024-03-29,9136
2409,友達,42,0,42,群益金鼎-西松,2024-03-29,9136
3029,零壹,40,0,40,群益金鼎-西松,2024-03-29,9136
2354,鴻準,81,43,38,群益金鼎-西松,2024-03-29,9136
2328,廣宇,42,7,35,群益金鼎-西松,2024-03-29,9136
2049,上銀,36,3,33,群益金鼎-西松,2024-03-29,9136
6274,台燿,33,4,29,群益金鼎-西松,2024-03-29,9136
2301,光寶科,45,18,27,群益金鼎-西松,2024-03-29,9136
00929,復華台灣科技優息,45,19,26,群益金鼎-西松,2024-03-29,9136
00941,中信上游半導體,35,13,22,群益金鼎-西松,2024-03-29,9136
1324,地球,25,5,20,群益金鼎-西松,2024-03-29,9136
8085,福華,22,2,20,群益金鼎-西松,2024-03-29,9136
1455,集盛,22,3,19,群益金鼎-西松,2024-03-29,9136
00679B,元大美債20年,18,0,18,群益金鼎-西松,2024-03-29,9136
3551,世禾,18,1,17,群益金鼎-西松,2024-03-29,9136
4991,環宇-KY,25,9,16,群益金鼎-西松,2024-03-29,9136
6257,矽格,27,12,15,群益金鼎-西松,2024-03-29,9136
6457,紘康,25,10,15,群益金鼎-西松,2024-03-29,9136
8092,建暐,16,1,15,群益金鼎-西松,2024-03-29,9136
00772B,中信高評級公司債,15,0,15,群益金鼎-西松,2024-03-29,9136
00939,統一台灣高息動能,30,15,15,群益金鼎-西松,2024-03-29,9136
00632R,元大台灣50反1,14,0,14,群益金鼎-西松,2024-03-29,9136
3481,群創,18,4,14,群益金鼎-西松,2024-03-29,9136
2324,仁寶,31,18,13,群益金鼎-西松,2024-03-29,9136
1301,台塑,16,3,13,群益金鼎-西松,2024-03-29,9136
5309,系統電,18,5,13,群益金鼎-西松,2024-03-29,9136
3032,偉訓,15,3,12,群益金鼎-西松,2024-03-29,9136
00923,群益台ESG低碳50,13,1,12,群益金鼎-西松,2024-03-29,9136
2882,國泰金,21,9,12,群益金鼎-西松,2024-03-29,9136
4764,雙鍵,21,9,12,群益金鼎-西松,2024-03-29,9136
6279,胡連,11,0,11,群益金鼎-西松,2024-03-29,9136
3325,旭品,13,2,11,群益金鼎-西松,2024-03-29,9136
00650L,復華香港正2,10,0,10,群益金鼎-西松,2024-03-29,9136
00673R,期元大S＆P原油反1,10,0,10,群益金鼎-西松,2024-03-29,9136
00877,復華中國5G,10,0,10,群益金鼎-西松,2024-03-29,9136
1436,華友聯,10,0,10,群益金鼎-西松,2024-03-29,9136
2883B,凱基金乙特,10,0,10,群益金鼎-西松,2024-03-29,9136
5511,德昌,12,2,10,群益金鼎-西松,2024-03-29,9136
2313,華通,10,1,9,群益金鼎-西松,2024-03-29,9136
4994,傳奇,11,2,9,群益金鼎-西松,2024-03-29,9136
5474,聰泰,9,0,9,群益金鼎-西松,2024-03-29,9136
2515,中工,12,3,9,群益金鼎-西松,2024-03-29,9136
2303,聯電,136,15,121,群益金鼎-西松,2024-04-01,9136
1795,美時,91,6,85,群益金鼎-西松,2024-04-01,9136
00720B,元大投資級公司債,75,0,75,群益金鼎-西松,2024-04-01,9136
2062,橋椿,72,0,72,群益金鼎-西松,2024-04-01,9136
3231,緯創,83,24,59,群益金鼎-西松,2024-04-01,9136
00939,統一台灣高息動能,79,33,46,群益金鼎-西松,2024-04-01,9136
2382,廣達,52,15,37,群益金鼎-西松,2024-04-01,9136
00751B,元大AAA至A公司債,32,0,32,群益金鼎-西松,2024-04-01,9136
2352,佳世達,31,0,31,群益金鼎-西松,2024-04-01,9136
3711,日月光投控,34,3,31,群益金鼎-西松,2024-04-01,9136
00919,群益台灣精選高息,56,30,26,群益金鼎-西松,2024-04-01,9136
6643,M31,25,0,25,群益金鼎-西松,2024-04-01,9136
4562,穎漢,43,18,25,群益金鼎-西松,2024-04-01,9136
3294,英濟,28,6,22,群益金鼎-西松,2024-04-01,9136
1605,華新,21,0,21,群益金鼎-西松,2024-04-01,9136
2353,宏��,24,3,21,群益金鼎-西松,2024-04-01,9136
2301,光寶科,37,17,20,群益金鼎-西松,2024-04-01,9136
2603,長榮,22,2,20,群益金鼎-西松,2024-04-01,9136
00929,復華台灣科技優息,31,12,19,群益金鼎-西松,2024-04-01,9136
3530,晶相光,19,0,19,群益金鼎-西松,2024-04-01,9136
2371,大同,31,13,18,群益金鼎-西松,2024-04-01,9136
5483,中美晶,18,1,17,群益金鼎-西松,2024-04-01,9136
2009,第一銅,26,9,17,群益金鼎-西松,2024-04-01,9136
2324,仁寶,16,0,16,群益金鼎-西松,2024-04-01,9136
2538,基泰,16,0,16,群益金鼎-西松,2024-04-01,9136
2891,中信金,16,0,16,群益金鼎-西松,2024-04-01,9136
00941,中信上游半導體,23,8,15,群益金鼎-西松,2024-04-01,9136
2888,新光金,20,5,15,群益金鼎-西松,2024-04-01,9136
006207,復華滬深,14,0,14,群益金鼎-西松,2024-04-01,9136
3013,晟銘電,19,7,12,群益金鼎-西松,2024-04-01,9136
3376,新日興,12,1,11,群益金鼎-西松,2024-04-01,9136
00632R,元大台灣50反1,10,0,10,群益金鼎-西松,2024-04-01,9136
1438,三地開發,10,0,10,群益金鼎-西松,2024-04-01,9136
1809,中釉,11,1,10,群益金鼎-西松,2024-04-01,9136
2428,興勤,10,0,10,群益金鼎-西松,2024-04-01,9136
3518,柏騰,10,0,10,群益金鼎-西松,2024-04-01,9136
4306,炎洲,10,0,10,群益金鼎-西松,2024-04-01,9136
5272,笙科,14,4,10,群益金鼎-西松,2024-04-01,9136
5876,上海商銀,10,0,10,群益金鼎-西松,2024-04-01,9136
2392,正崴,13,3,10,群益金鼎-西松,2024-04-01,9136
3164,景岳,9,0,9,群益金鼎-西松,2024-04-01,9136
6239,力成,12,3,9,群益金鼎-西松,2024-04-01,9136
8040,九暘,11,2,9,群益金鼎-西松,2024-04-01,9136
4938,和碩,9,0,9,群益金鼎-西松,2024-04-01,9136
2537,聯上發,10,2,8,群益金鼎-西松,2024-04-01,9136
3712,永崴投控,10,2,8,群益金鼎-西松,2024-04-01,9136
4128,中天,8,0,8,群益金鼎-西松,2024-04-01,9136
4973,廣穎,8,0,8,群益金鼎-西松,2024-04-01,9136
6177,達麗,10,2,8,群益金鼎-西松,2024-04-01,9136
8064,東捷,8,0,8,群益金鼎-西松,2024-04-01,9136
00940,元大台灣價值高息,292,50,242,群益金鼎-西松,2024-04-02,9136
6213,聯茂,224,60,164,群益金鼎-西松,2024-04-02,9136
00929,復華台灣科技優息,185,36,149,群益金鼎-西松,2024-04-02,9136
6282,康舒,128,0,128,群益金鼎-西松,2024-04-02,9136
1815,富喬,107,5,102,群益金鼎-西松,2024-04-02,9136
00687B,國泰20年美債,94,0,94,群益金鼎-西松,2024-04-02,9136
00632R,元大台灣50反1,92,0,92,群益金鼎-西松,2024-04-02,9136
2356,英業達,90,5,85,群益金鼎-西松,2024-04-02,9136
00937B,群益ESG投等債20,92,10,82,群益金鼎-西松,2024-04-02,9136
00939,統一台灣高息動能,77,0,77,群益金鼎-西松,2024-04-02,9136
00720B,元大投資級公司債,49,0,49,群益金鼎-西松,2024-04-02,9136
00688L,國泰20年美債正2,45,0,45,群益金鼎-西松,2024-04-02,9136
6668,中揚光,47,4,43,群益金鼎-西松,2024-04-02,9136
00680L,元大美債20正2,42,0,42,群益金鼎-西松,2024-04-02,9136
00650L,復華香港正2,51,10,41,群益金鼎-西松,2024-04-02,9136
00679B,元大美債20年,41,0,41,群益金鼎-西松,2024-04-02,9136
6472,保瑞,41,3,38,群益金鼎-西松,2024-04-02,9136
6188,廣明,39,6,33,群益金鼎-西松,2024-04-02,9136
00941,中信上游半導體,32,2,30,群益金鼎-西松,2024-04-02,9136
3122,笙泉,33,3,30,群益金鼎-西松,2024-04-02,9136
00933B,國泰10Y+金融債,26,0,26,群益金鼎-西松,2024-04-02,9136
5906,台南-KY,26,0,26,群益金鼎-西松,2024-04-02,9136
00712,復華富時不動產,25,0,25,群益金鼎-西松,2024-04-02,9136
00637L,元大滬深300正2,21,0,21,群益金鼎-西松,2024-04-02,9136
2368,金像電,21,0,21,群益金鼎-西松,2024-04-02,9136
0056,元大高股息,27,7,20,群益金鼎-西松,2024-04-02,9136
2352,佳世達,23,3,20,群益金鼎-西松,2024-04-02,9136
6246,臺龍,20,0,20,群益金鼎-西松,2024-04-02,9136
00795B,中信美國公債20年,19,0,19,群益金鼎-西松,2024-04-02,9136
3577,泓格,23,4,19,群益金鼎-西松,2024-04-02,9136
8089,康全電訊,17,0,17,群益金鼎-西松,2024-04-02,9136
00751B,元大AAA至A公司債,16,0,16,群益金鼎-西松,2024-04-02,9136
6922,宸曜,16,0,16,群益金鼎-西松,2024-04-02,9136
1439,雋揚,15,0,15,群益金鼎-西松,2024-04-02,9136
3027,盛達,15,0,15,群益金鼎-西松,2024-04-02,9136
6643,M31,14,0,14,群益金鼎-西松,2024-04-02,9136
5244,弘凱,15,1,14,群益金鼎-西松,2024-04-02,9136
5386,青雲,15,1,14,群益金鼎-西松,2024-04-02,9136
6805,富世達,22,8,14,群益金鼎-西松,2024-04-02,9136
00878,國泰永續高股息,26,12,14,群益金鼎-西松,2024-04-02,9136
2344,華邦電,16,3,13,群益金鼎-西松,2024-04-02,9136
3548,兆利,14,1,13,群益金鼎-西松,2024-04-02,9136
6015,宏遠證,14,1,13,群益金鼎-西松,2024-04-02,9136
8489,三貝德,21,8,13,群益金鼎-西松,2024-04-02,9136
8054,安國,27,15,12,群益金鼎-西松,2024-04-02,9136
1605,華新,12,0,12,群益金鼎-西松,2024-04-02,9136
2417,圓剛,12,0,12,群益金鼎-西松,2024-04-02,9136
2537,聯上發,37,25,12,群益金鼎-西松,2024-04-02,9136
3450,聯鈞,12,0,12,群益金鼎-西松,2024-04-02,9136
2324,仁寶,12,0,12,群益金鼎-西松,2024-04-02,9136
00940,元大台灣價值高息,256,25,231,群益金鼎-西松,2024-04-03,9136
1101,台泥,162,3,159,群益金鼎-西松,2024-04-03,9136
00665L,富邦�琤肭磪囓�2,180,60,120,群益金鼎-西松,2024-04-03,9136
2504,國產,103,8,95,群益金鼎-西松,2024-04-03,9136
6282,康舒,83,0,83,群益金鼎-西松,2024-04-03,9136
1785,光洋科,81,0,81,群益金鼎-西松,2024-04-03,9136
00929,復華台灣科技優息,65,3,62,群益金鼎-西松,2024-04-03,9136
2615,萬海,55,0,55,群益金鼎-西松,2024-04-03,9136
00676R,富邦臺灣加權反1,50,0,50,群益金鼎-西松,2024-04-03,9136
00937B,群益ESG投等債20,46,0,46,群益金鼎-西松,2024-04-03,9136
00720B,元大投資級公司債,45,0,45,群益金鼎-西松,2024-04-03,9136
00687B,國泰20年美債,52,12,40,群益金鼎-西松,2024-04-03,9136
4113,聯上,49,10,39,群益金鼎-西松,2024-04-03,9136
3450,聯鈞,38,1,37,群益金鼎-西松,2024-04-03,9136
2317,鴻海,45,12,33,群益金鼎-西松,2024-04-03,9136
3704,合勤控,30,0,30,群益金鼎-西松,2024-04-03,9136
4402,郡都開發,30,0,30,群益金鼎-西松,2024-04-03,9136
2382,廣達,40,14,26,群益金鼎-西松,2024-04-03,9136
2301,光寶科,30,5,25,群益金鼎-西松,2024-04-03,9136
2887,台新金,23,0,23,群益金鼎-西松,2024-04-03,9136
00941,中信上游半導體,23,1,22,群益金鼎-西松,2024-04-03,9136
6248,沛波,22,0,22,群益金鼎-西松,2024-04-03,9136
00933B,國泰10Y+金融債,20,0,20,群益金鼎-西松,2024-04-03,9136
2618,長榮航,22,2,20,群益金鼎-西松,2024-04-03,9136
8084,巨虹,26,9,17,群益金鼎-西松,2024-04-03,9136
00927,群益半導體收益,17,0,17,群益金鼎-西松,2024-04-03,9136
3036,文曄,17,1,16,群益金鼎-西松,2024-04-03,9136
3691,碩禾,16,0,16,群益金鼎-西松,2024-04-03,9136
911608,明輝-DR,15,0,15,群益金鼎-西松,2024-04-03,9136
3013,晟銘電,51,36,15,群益金鼎-西松,2024-04-03,9136
5371,中光電,15,2,13,群益金鼎-西松,2024-04-03,9136
00939,統一台灣高息動能,13,0,13,群益金鼎-西松,2024-04-03,9136
2371,大同,20,7,13,群益金鼎-西松,2024-04-03,9136
3545,敦泰,12,0,12,群益金鼎-西松,2024-04-03,9136
00795B,中信美國公債20年,12,0,12,群益金鼎-西松,2024-04-03,9136
6526,達發,12,0,12,群益金鼎-西松,2024-04-03,9136
8059,凱碩,12,0,12,群益金鼎-西松,2024-04-03,9136
00673R,期元大S＆P原油反1,11,0,11,群益金鼎-西松,2024-04-03,9136
00679B,元大美債20年,56,45,11,群益金鼎-西松,2024-04-03,9136
3518,柏騰,13,2,11,群益金鼎-西松,2024-04-03,9136
4958,臻鼎-KY,13,3,10,群益金鼎-西松,2024-04-03,9136
00877,復華中國5G,10,0,10,群益金鼎-西松,2024-04-03,9136
00773B,中信優先金融債,10,0,10,群益金鼎-西松,2024-04-03,9136
00688L,國泰20年美債正2,10,0,10,群益金鼎-西松,2024-04-03,9136
00680L,元大美債20正2,10,0,10,群益金鼎-西松,2024-04-03,9136
1712,興農,10,0,10,群益金鼎-西松,2024-04-03,9136
2610,華航,10,0,10,群益金鼎-西松,2024-04-03,9136
2801,彰銀,10,0,10,群益金鼎-西松,2024-04-03,9136
2883B,凱基金乙特,10,0,10,群益金鼎-西松,2024-04-03,9136
3024,憶聲,10,0,10,群益金鼎-西松,2024-04-03,9136
6005,群益證,190,15,175,群益金鼎-西松,2024-04-08,9136
00940,元大台灣價值高息,111,9,102,群益金鼎-西松,2024-04-08,9136
00665L,富邦�琤肭磪囓�2,90,0,90,群益金鼎-西松,2024-04-08,9136
00929,復華台灣科技優息,78,0,78,群益金鼎-西松,2024-04-08,9136
00687B,國泰20年美債,61,0,61,群益金鼎-西松,2024-04-08,9136
00919,群益台灣精選高息,64,5,59,群益金鼎-西松,2024-04-08,9136
3260,威剛,63,5,58,群益金鼎-西松,2024-04-08,9136
00937B,群益ESG投等債20,52,0,52,群益金鼎-西松,2024-04-08,9136
1442,名軒,51,0,51,群益金鼎-西松,2024-04-08,9136
3481,群創,46,0,46,群益金鼎-西松,2024-04-08,9136
00637L,元大滬深300正2,50,12,38,群益金鼎-西松,2024-04-08,9136
6125,廣運,34,3,31,群益金鼎-西松,2024-04-08,9136
3017,奇鋐,36,5,31,群益金鼎-西松,2024-04-08,9136
00680L,元大美債20正2,30,0,30,群益金鼎-西松,2024-04-08,9136
3321,同泰,29,4,25,群益金鼎-西松,2024-04-08,9136
00941,中信上游半導體,29,5,24,群益金鼎-西松,2024-04-08,9136
00679B,元大美債20年,43,20,23,群益金鼎-西松,2024-04-08,9136
00772B,中信高評級公司債,21,0,21,群益金鼎-西松,2024-04-08,9136
2609,陽明,23,2,21,群益金鼎-西松,2024-04-08,9136
3058,立德,20,0,20,群益金鼎-西松,2024-04-08,9136
3715,定穎投控,23,3,20,群益金鼎-西松,2024-04-08,9136
5371,中光電,29,10,19,群益金鼎-西松,2024-04-08,9136
1524,耿鼎,20,2,18,群益金鼎-西松,2024-04-08,9136
3231,緯創,62,46,16,群益金鼎-西松,2024-04-08,9136
3711,日月光投控,19,3,16,群益金鼎-西松,2024-04-08,9136
6859,伯特光,16,0,16,群益金鼎-西松,2024-04-08,9136
2509,全坤建,15,0,15,群益金鼎-西松,2024-04-08,9136
3362,先進光,17,2,15,群益金鼎-西松,2024-04-08,9136
5508,永信建,15,0,15,群益金鼎-西松,2024-04-08,9136
2356,英業達,21,7,14,群益金鼎-西松,2024-04-08,9136
2511,太子,14,0,14,群益金鼎-西松,2024-04-08,9136
00795B,中信美國公債20年,13,0,13,群益金鼎-西松,2024-04-08,9136
00688L,國泰20年美債正2,28,15,13,群益金鼎-西松,2024-04-08,9136
2352,佳世達,18,5,13,群益金鼎-西松,2024-04-08,9136
2712,遠雄來,13,0,13,群益金鼎-西松,2024-04-08,9136
4746,台耀,14,1,13,群益金鼎-西松,2024-04-08,9136
00918,大華優利高填息30,15,3,12,群益金鼎-西松,2024-04-08,9136
1783,和康生,12,0,12,群益金鼎-西松,2024-04-08,9136
2427,三商電,11,0,11,群益金鼎-西松,2024-04-08,9136
3035,智原,10,0,10,群益金鼎-西松,2024-04-08,9136
5009,榮剛,10,0,10,群益金鼎-西松,2024-04-08,9136
6257,矽格,40,30,10,群益金鼎-西松,2024-04-08,9136
8271,宇瞻,10,0,10,群益金鼎-西松,2024-04-08,9136
8930,青鋼,16,6,10,群益金鼎-西松,2024-04-08,9136
8210,勤誠,11,2,9,群益金鼎-西松,2024-04-08,9136
2344,華邦電,12,3,9,群益金鼎-西松,2024-04-08,9136
4912,聯德控股-KY,10,1,9,群益金鼎-西松,2024-04-08,9136
6285,啟��,9,0,9,群益金鼎-西松,2024-04-08,9136
8064,東捷,10,1,9,群益金鼎-西松,2024-04-08,9136
2903,遠百,8,0,8,群益金鼎-西松,2024-04-08,9136
6282,康舒,100,0,100,群益金鼎-西松,2024-04-09,9136
2883,凱基金,122,24,98,群益金鼎-西松,2024-04-09,9136
00665L,富邦�琤肭磪囓�2,90,0,90,群益金鼎-西松,2024-04-09,9136
00929,復華台灣科技優息,73,2,71,群益金鼎-西松,2024-04-09,9136
1785,光洋科,55,2,53,群益金鼎-西松,2024-04-09,9136
1513,中興電,80,30,50,群益金鼎-西松,2024-04-09,9136
1314,中石化,50,1,49,群益金鼎-西松,2024-04-09,9136
00637L,元大滬深300正2,45,0,45,群益金鼎-西松,2024-04-09,9136
6026,福邦證,42,0,42,群益金鼎-西松,2024-04-09,9136
00679B,元大美債20年,41,0,41,群益金鼎-西松,2024-04-09,9136
1475,業旺,38,0,38,群益金鼎-西松,2024-04-09,9136
2356,英業達,45,8,37,群益金鼎-西松,2024-04-09,9136
3703,欣陸,42,5,37,群益金鼎-西松,2024-04-09,9136
00632R,元大台灣50反1,86,50,36,群益金鼎-西松,2024-04-09,9136
1416,廣豐,30,0,30,群益金鼎-西松,2024-04-09,9136
2365,昆盈,81,53,28,群益金鼎-西松,2024-04-09,9136
3704,合勤控,26,0,26,群益金鼎-西松,2024-04-09,9136
3481,群創,189,165,24,群益金鼎-西松,2024-04-09,9136
4543,萬在,25,2,23,群益金鼎-西松,2024-04-09,9136
3036,文曄,25,3,22,群益金鼎-西松,2024-04-09,9136
1453,大將,24,3,21,群益金鼎-西松,2024-04-09,9136
00877,復華中國5G,20,0,20,群益金鼎-西松,2024-04-09,9136
00725B,國泰投資級公司債,20,0,20,群益金鼎-西松,2024-04-09,9136
1722,台肥,20,0,20,群益金鼎-西松,2024-04-09,9136
4571,鈞興-KY,17,0,17,群益金鼎-西松,2024-04-09,9136
6125,廣運,25,8,17,群益金鼎-西松,2024-04-09,9136
2382,廣達,27,11,16,群益金鼎-西松,2024-04-09,9136
2324,仁寶,17,1,16,群益金鼎-西松,2024-04-09,9136
4303,信立,34,18,16,群益金鼎-西松,2024-04-09,9136
1713,國化,24,9,15,群益金鼎-西松,2024-04-09,9136
5508,永信建,15,0,15,群益金鼎-西松,2024-04-09,9136
9955,佳龍,20,5,15,群益金鼎-西松,2024-04-09,9136
5228,鈺鎧,14,0,14,群益金鼎-西松,2024-04-09,9136
00919,群益台灣精選高息,20,6,14,群益金鼎-西松,2024-04-09,9136
3024,憶聲,11,0,11,群益金鼎-西松,2024-04-09,9136
1519,華城,12,1,11,群益金鼎-西松,2024-04-09,9136
2889,國票金,12,1,11,群益金鼎-西松,2024-04-09,9136
2464,盟立,41,31,10,群益金鼎-西松,2024-04-09,9136
1470,大統新創,10,0,10,群益金鼎-西松,2024-04-09,9136
2820,華票,10,0,10,群益金鼎-西松,2024-04-09,9136
2883B,凱基金乙特,10,0,10,群益金鼎-西松,2024-04-09,9136
3360,尚立,10,0,10,群益金鼎-西松,2024-04-09,9136
4306,炎洲,10,0,10,群益金鼎-西松,2024-04-09,9136
4912,聯德控股-KY,12,2,10,群益金鼎-西松,2024-04-09,9136
6248,沛波,10,0,10,群益金鼎-西松,2024-04-09,9136
6443,元晶,10,0,10,群益金鼎-西松,2024-04-09,9136
8085,福華,10,0,10,群益金鼎-西松,2024-04-09,9136
9946,三發地產,10,0,10,群益金鼎-西松,2024-04-09,9136
3017,奇鋐,15,6,9,群益金鼎-西松,2024-04-09,9136
1455,集盛,11,2,9,群益金鼎-西松,2024-04-09,9136
2888,新光金,120,0,120,群益金鼎-西松,2024-04-10,9136
2009,第一銅,109,28,81,群益金鼎-西松,2024-04-10,9136
00929,復華台灣科技優息,184,118,66,群益金鼎-西松,2024-04-10,9136
00937B,群益ESG投等債20,173,114,59,群益金鼎-西松,2024-04-10,9136
6026,福邦證,59,5,54,群益金鼎-西松,2024-04-10,9136
1609,大亞,98,45,53,群益金鼎-西松,2024-04-10,9136
1504,東元,52,2,50,群益金鼎-西松,2024-04-10,9136
1722,台肥,44,0,44,群益金鼎-西松,2024-04-10,9136
6016,康和證,44,0,44,群益金鼎-西松,2024-04-10,9136
1785,光洋科,43,7,36,群益金鼎-西松,2024-04-10,9136
00795B,中信美國公債20年,30,0,30,群益金鼎-西松,2024-04-10,9136
00720B,元大投資級公司債,28,1,27,群益金鼎-西松,2024-04-10,9136
1514,亞力,109,83,26,群益金鼎-西松,2024-04-10,9136
2002,中鋼,25,2,23,群益金鼎-西松,2024-04-10,9136
00877,復華中國5G,23,0,23,群益金鼎-西松,2024-04-10,9136
2511,太子,23,0,23,群益金鼎-西松,2024-04-10,9136
2382,廣達,32,11,21,群益金鼎-西松,2024-04-10,9136
2882,國泰金,22,2,20,群益金鼎-西松,2024-04-10,9136
006207,復華滬深,20,0,20,群益金鼎-西松,2024-04-10,9136
1314,中石化,30,10,20,群益金鼎-西松,2024-04-10,9136
1101,台泥,21,2,19,群益金鼎-西松,2024-04-10,9136
2109,華豐,20,1,19,群益金鼎-西松,2024-04-10,9136
8085,福華,21,3,18,群益金鼎-西松,2024-04-10,9136
2464,盟立,33,16,17,群益金鼎-西松,2024-04-10,9136
2537,聯上發,17,0,17,群益金鼎-西松,2024-04-10,9136
1503,士電,20,4,16,群益金鼎-西松,2024-04-10,9136
1584,精剛,17,1,16,群益金鼎-西松,2024-04-10,9136
2308,台達電,14,1,13,群益金鼎-西松,2024-04-10,9136
3310,佳穎,13,0,13,群益金鼎-西松,2024-04-10,9136
4402,郡都開發,23,10,13,群益金鼎-西松,2024-04-10,9136
2634,漢翔,46,33,13,群益金鼎-西松,2024-04-10,9136
00637L,元大滬深300正2,20,8,12,群益金鼎-西松,2024-04-10,9136
2201,裕隆,12,0,12,群益金鼎-西松,2024-04-10,9136
2883,凱基金,12,0,12,群益金鼎-西松,2024-04-10,9136
3149,正達,12,0,12,群益金鼎-西松,2024-04-10,9136
4726,永昕,12,0,12,群益金鼎-西松,2024-04-10,9136
6609,瀧澤科,13,1,12,群益金鼎-西松,2024-04-10,9136
2609,陽明,16,4,12,群益金鼎-西松,2024-04-10,9136
2313,華通,17,6,11,群益金鼎-西松,2024-04-10,9136
2383,台光電,14,3,11,群益金鼎-西松,2024-04-10,9136
2376,技嘉,15,5,10,群益金鼎-西松,2024-04-10,9136
3048,益登,10,0,10,群益金鼎-西松,2024-04-10,9136
6416,瑞祺電通,10,0,10,群益金鼎-西松,2024-04-10,9136
8040,九暘,10,0,10,群益金鼎-西松,2024-04-10,9136
8049,晶采,10,0,10,群益金鼎-西松,2024-04-10,9136
2486,一詮,78,69,9,群益金鼎-西松,2024-04-10,9136
3294,英濟,15,6,9,群益金鼎-西松,2024-04-10,9136
3711,日月光投控,13,4,9,群益金鼎-西松,2024-04-10,9136
8088,品安,15,6,9,群益金鼎-西松,2024-04-10,9136
3376,新日興,27,19,8,群益金鼎-西松,2024-04-10,9136
3481,群創,171,4,167,群益金鼎-西松,2024-04-11,9136
0056,元大高股息,120,1,119,群益金鼎-西松,2024-04-11,9136
00929,復華台灣科技優息,94,4,90,群益金鼎-西松,2024-04-11,9136
3324,雙鴻,108,23,85,群益金鼎-西松,2024-04-11,9136
2353,宏��,158,79,79,群益金鼎-西松,2024-04-11,9136
2630,亞航,75,7,68,群益金鼎-西松,2024-04-11,9136
00720B,元大投資級公司債,50,1,49,群益金鼎-西松,2024-04-11,9136
00679B,元大美債20年,78,30,48,群益金鼎-西松,2024-04-11,9136
00878,國泰永續高股息,50,3,47,群益金鼎-西松,2024-04-11,9136
00937B,群益ESG投等債20,93,53,40,群益金鼎-西松,2024-04-11,9136
00725B,國泰投資級公司債,35,0,35,群益金鼎-西松,2024-04-11,9136
00687B,國泰20年美債,34,0,34,群益金鼎-西松,2024-04-11,9136
00673R,期元大S＆P原油反1,30,0,30,群益金鼎-西松,2024-04-11,9136
2014,中鴻,32,8,24,群益金鼎-西松,2024-04-11,9136
8096,擎亞,29,7,22,群益金鼎-西松,2024-04-11,9136
1326,台化,21,0,21,群益金鼎-西松,2024-04-11,9136
00637L,元大滬深300正2,23,3,20,群益金鼎-西松,2024-04-11,9136
2607,榮運,19,0,19,群益金鼎-西松,2024-04-11,9136
2344,華邦電,24,6,18,群益金鼎-西松,2024-04-11,9136
8489,三貝德,22,4,18,群益金鼎-西松,2024-04-11,9136
1608,華榮,17,0,17,群益金鼎-西松,2024-04-11,9136
00919,群益台灣精選高息,21,5,16,群益金鼎-西松,2024-04-11,9136
2354,鴻準,22,6,16,群益金鼎-西松,2024-04-11,9136
6213,聯茂,15,0,15,群益金鼎-西松,2024-04-11,9136
00922,國泰台灣領袖50,15,0,15,群益金鼎-西松,2024-04-11,9136
2401,凌陽,15,0,15,群益金鼎-西松,2024-04-11,9136
3712,永崴投控,15,0,15,群益金鼎-西松,2024-04-11,9136
1301,台塑,14,0,14,群益金鼎-西松,2024-04-11,9136
6244,茂迪,14,0,14,群益金鼎-西松,2024-04-11,9136
3036,文曄,35,21,14,群益金鼎-西松,2024-04-11,9136
00795B,中信美國公債20年,13,0,13,群益金鼎-西松,2024-04-11,9136
1570,力肯,19,6,13,群益金鼎-西松,2024-04-11,9136
2634,漢翔,36,23,13,群益金鼎-西松,2024-04-11,9136
4306,炎洲,12,0,12,群益金鼎-西松,2024-04-11,9136
2317,鴻海,65,53,12,群益金鼎-西松,2024-04-11,9136
00918,大華優利高填息30,12,1,11,群益金鼎-西松,2024-04-11,9136
3260,威剛,19,8,11,群益金鼎-西松,2024-04-11,9136
00933B,國泰10Y+金融債,11,0,11,群益金鼎-西松,2024-04-11,9136
2365,昆盈,11,0,11,群益金鼎-西松,2024-04-11,9136
3059,華晶科,19,8,11,群益金鼎-西松,2024-04-11,9136
4958,臻鼎-KY,10,0,10,群益金鼎-西松,2024-04-11,9136
00877,復華中國5G,20,10,10,群益金鼎-西松,2024-04-11,9136
00632R,元大台灣50反1,10,0,10,群益金鼎-西松,2024-04-11,9136
1303,南亞,10,0,10,群益金鼎-西松,2024-04-11,9136
3078,僑威,10,0,10,群益金鼎-西松,2024-04-11,9136
3308,聯德,14,4,10,群益金鼎-西松,2024-04-11,9136
4714,永捷,70,60,10,群益金鼎-西松,2024-04-11,9136
6269,台郡,10,0,10,群益金鼎-西松,2024-04-11,9136
6933,AMAX-KY,11,1,10,群益金鼎-西松,2024-04-11,9136
8049,晶采,10,0,10,群益金鼎-西松,2024-04-11,9136
00929,復華台灣科技優息,317,52,265,群益金鼎-西松,2024-04-12,9136
2371,大同,249,75,174,群益金鼎-西松,2024-04-12,9136
2610,華航,119,2,117,群益金鼎-西松,2024-04-12,9136
00940,元大台灣價值高息,120,15,105,群益金鼎-西松,2024-04-12,9136
1312,國喬,102,0,102,群益金鼎-西松,2024-04-12,9136
2618,長榮航,83,3,80,群益金鼎-西松,2024-04-12,9136
00720B,元大投資級公司債,74,0,74,群益金鼎-西松,2024-04-12,9136
00919,群益台灣精選高息,72,1,71,群益金鼎-西松,2024-04-12,9136
1608,華榮,92,22,70,群益金鼎-西松,2024-04-12,9136
2382,廣達,80,19,61,群益金鼎-西松,2024-04-12,9136
4113,聯上,85,29,56,群益金鼎-西松,2024-04-12,9136
2609,陽明,55,5,50,群益金鼎-西松,2024-04-12,9136
00937B,群益ESG投等債20,75,30,45,群益金鼎-西松,2024-04-12,9136
2363,矽統,304,264,40,群益金鼎-西松,2024-04-12,9136
1503,士電,51,14,37,群益金鼎-西松,2024-04-12,9136
2329,華泰,42,13,29,群益金鼎-西松,2024-04-12,9136
2506,太設,33,4,29,群益金鼎-西松,2024-04-12,9136
00687B,國泰20年美債,29,0,29,群益金鼎-西松,2024-04-12,9136
8103,瀚荃,28,4,24,群益金鼎-西松,2024-04-12,9136
00679B,元大美債20年,26,3,23,群益金鼎-西松,2024-04-12,9136
3231,緯創,31,8,23,群益金鼎-西松,2024-04-12,9136
3376,新日興,29,8,21,群益金鼎-西松,2024-04-12,9136
1529,樂事綠能,21,0,21,群益金鼎-西松,2024-04-12,9136
3294,英濟,51,30,21,群益金鼎-西松,2024-04-12,9136
00933B,國泰10Y+金融債,20,0,20,群益金鼎-西松,2024-04-12,9136
2106,建大,20,0,20,群益金鼎-西松,2024-04-12,9136
3430,奇鈦科,20,0,20,群益金鼎-西松,2024-04-12,9136
2352,佳世達,19,0,19,群益金鼎-西松,2024-04-12,9136
3312,弘憶股,38,19,19,群益金鼎-西松,2024-04-12,9136
6684,安格,19,1,18,群益金鼎-西松,2024-04-12,9136
00680L,元大美債20正2,17,0,17,群益金鼎-西松,2024-04-12,9136
00795B,中信美國公債20年,16,0,16,群益金鼎-西松,2024-04-12,9136
00878,國泰永續高股息,36,20,16,群益金鼎-西松,2024-04-12,9136
2409,友達,15,0,15,群益金鼎-西松,2024-04-12,9136
4905,台聯電,17,2,15,群益金鼎-西松,2024-04-12,9136
5515,建國,15,0,15,群益金鼎-西松,2024-04-12,9136
4560,強信-KY,16,3,13,群益金鼎-西松,2024-04-12,9136
3715,定穎投控,12,0,12,群益金鼎-西松,2024-04-12,9136
4306,炎洲,17,5,12,群益金鼎-西松,2024-04-12,9136
5521,工信,13,1,12,群益金鼎-西松,2024-04-12,9136
1519,華城,19,7,12,群益金鼎-西松,2024-04-12,9136
00637L,元大滬深300正2,11,0,11,群益金鼎-西松,2024-04-12,9136
00941,中信上游半導體,11,0,11,群益金鼎-西松,2024-04-12,9136
1455,集盛,11,0,11,群益金鼎-西松,2024-04-12,9136
2485,兆赫,11,0,11,群益金鼎-西松,2024-04-12,9136
3481,群創,29,18,11,群益金鼎-西松,2024-04-12,9136
5439,高技,21,10,11,群益金鼎-西松,2024-04-12,9136
2887,台新金,10,0,10,群益金鼎-西松,2024-04-12,9136
2731,雄獅,10,0,10,群益金鼎-西松,2024-04-12,9136
00751B,元大AAA至A公司債,10,0,10,群益金鼎-西松,2024-04-12,9136
00929,復華台灣科技優息,860,109,751,群益金鼎-西松,2024-04-15,9136
00939,統一台灣高息動能,510,74,436,群益金鼎-西松,2024-04-15,9136
2371,大同,288,75,213,群益金鼎-西松,2024-04-15,9136
3056,富華新,200,4,196,群益金鼎-西松,2024-04-15,9136
2618,長榮航,91,0,91,群益金鼎-西松,2024-04-15,9136
1785,光洋科,98,12,86,群益金鼎-西松,2024-04-15,9136
00720B,元大投資級公司債,79,0,79,群益金鼎-西松,2024-04-15,9136
1611,中電,79,0,79,群益金鼎-西松,2024-04-15,9136
00919,群益台灣精選高息,80,5,75,群益金鼎-西松,2024-04-15,9136
00878,國泰永續高股息,50,1,49,群益金鼎-西松,2024-04-15,9136
00937B,群益ESG投等債20,62,15,47,群益金鼎-西松,2024-04-15,9136
3481,群創,46,12,34,群益金鼎-西松,2024-04-15,9136
00891,中信關鍵半導體,38,8,30,群益金鼎-西松,2024-04-15,9136
00715L,期街口布蘭特正2,40,10,30,群益金鼎-西松,2024-04-15,9136
0056,元大高股息,25,0,25,群益金鼎-西松,2024-04-15,9136
00931B,統一美債20年,25,0,25,群益金鼎-西松,2024-04-15,9136
3231,緯創,35,14,21,群益金鼎-西松,2024-04-15,9136
2634,漢翔,217,196,21,群益金鼎-西松,2024-04-15,9136
2344,華邦電,22,2,20,群益金鼎-西松,2024-04-15,9136
00905,FT臺灣Smart,20,0,20,群益金鼎-西松,2024-04-15,9136
5324,士開,25,6,19,群益金鼎-西松,2024-04-15,9136
2317,鴻海,48,29,19,群益金鼎-西松,2024-04-15,9136
4533,協易機,92,75,17,群益金鼎-西松,2024-04-15,9136
3532,台勝科,19,3,16,群益金鼎-西松,2024-04-15,9136
6770,力積電,20,4,16,群益金鼎-西松,2024-04-15,9136
1451,年興,15,0,15,群益金鼎-西松,2024-04-15,9136
3213,茂訊,16,1,15,群益金鼎-西松,2024-04-15,9136
1795,美時,18,4,14,群益金鼎-西松,2024-04-15,9136
2101,南港,24,10,14,群益金鼎-西松,2024-04-15,9136
2367,燿華,43,29,14,群益金鼎-西松,2024-04-15,9136
00933B,國泰10Y+金融債,15,1,14,群益金鼎-西松,2024-04-15,9136
4306,炎洲,13,0,13,群益金鼎-西松,2024-04-15,9136
6197,佳必琪,13,0,13,群益金鼎-西松,2024-04-15,9136
2485,兆赫,12,0,12,群益金鼎-西松,2024-04-15,9136
00909,國泰數位支付服務,12,0,12,群益金鼎-西松,2024-04-15,9136
1455,集盛,22,10,12,群益金鼎-西松,2024-04-15,9136
2867,三商壽,13,1,12,群益金鼎-西松,2024-04-15,9136
2383,台光電,17,5,12,群益金鼎-西松,2024-04-15,9136
00918,大華優利高填息30,11,0,11,群益金鼎-西松,2024-04-15,9136
2476,鉅祥,12,1,11,群益金鼎-西松,2024-04-15,9136
6735,美達科技,14,3,11,群益金鼎-西松,2024-04-15,9136
2353,宏��,21,11,10,群益金鼎-西松,2024-04-15,9136
5521,工信,10,0,10,群益金鼎-西松,2024-04-15,9136
00650L,復華香港正2,10,0,10,群益金鼎-西松,2024-04-15,9136
1256,鮮活果汁-KY,11,1,10,群益金鼎-西松,2024-04-15,9136
1760,寶齡富錦,10,0,10,群益金鼎-西松,2024-04-15,9136
1809,中釉,10,0,10,群益金鼎-西松,2024-04-15,9136
2355,敬鵬,10,0,10,群益金鼎-西松,2024-04-15,9136
2428,興勤,10,0,10,群益金鼎-西松,2024-04-15,9136
2836,高雄銀,10,0,10,群益金鼎-西松,2024-04-15,9136
00937B,群益ESG投等債20,262,5,257,群益金鼎-西松,2024-04-16,9136
00919,群益台灣精選高息,309,88,221,群益金鼎-西松,2024-04-16,9136
00940,元大台灣價值高息,235,20,215,群益金鼎-西松,2024-04-16,9136
00929,復華台灣科技優息,248,52,196,群益金鼎-西松,2024-04-16,9136
00878,國泰永續高股息,135,13,122,群益金鼎-西松,2024-04-16,9136
8096,擎亞,116,13,103,群益金鼎-西松,2024-04-16,9136
1312,國喬,102,0,102,群益金鼎-西松,2024-04-16,9136
00939,統一台灣高息動能,90,2,88,群益金鼎-西松,2024-04-16,9136
3324,雙鴻,67,6,61,群益金鼎-西松,2024-04-16,9136
0056,元大高股息,61,8,53,群益金鼎-西松,2024-04-16,9136
6026,福邦證,50,0,50,群益金鼎-西松,2024-04-16,9136
00891,中信關鍵半導體,41,1,40,群益金鼎-西松,2024-04-16,9136
2724,藝舍-KY,39,0,39,群益金鼎-西松,2024-04-16,9136
2371,大同,159,121,38,群益金鼎-西松,2024-04-16,9136
2367,燿華,40,3,37,群益金鼎-西松,2024-04-16,9136
2344,華邦電,33,0,33,群益金鼎-西松,2024-04-16,9136
00905,FT臺灣Smart,30,0,30,群益金鼎-西松,2024-04-16,9136
2801,彰銀,29,0,29,群益金鼎-西松,2024-04-16,9136
3219,倚強科,38,9,29,群益金鼎-西松,2024-04-16,9136
3434,哲固,29,0,29,群益金鼎-西松,2024-04-16,9136
4533,協易機,30,1,29,群益金鼎-西松,2024-04-16,9136
00715L,期街口布蘭特正2,30,3,27,群益金鼎-西松,2024-04-16,9136
2317,鴻海,86,59,27,群益金鼎-西松,2024-04-16,9136
00922,國泰台灣領袖50,25,0,25,群益金鼎-西松,2024-04-16,9136
6171,大城地產,29,4,25,群益金鼎-西松,2024-04-16,9136
3231,緯創,65,41,24,群益金鼎-西松,2024-04-16,9136
00679B,元大美債20年,24,0,24,群益金鼎-西松,2024-04-16,9136
00687B,國泰20年美債,44,20,24,群益金鼎-西松,2024-04-16,9136
2356,英業達,26,3,23,群益金鼎-西松,2024-04-16,9136
2331,精英,21,0,21,群益金鼎-西松,2024-04-16,9136
2820,華票,21,0,21,群益金鼎-西松,2024-04-16,9136
3481,群創,30,9,21,群益金鼎-西松,2024-04-16,9136
00934,中信成長高股息,20,0,20,群益金鼎-西松,2024-04-16,9136
2382,廣達,42,22,20,群益金鼎-西松,2024-04-16,9136
8049,晶采,20,0,20,群益金鼎-西松,2024-04-16,9136
00712,復華富時不動產,19,0,19,群益金鼎-西松,2024-04-16,9136
6158,禾昌,19,0,19,群益金鼎-西松,2024-04-16,9136
2618,長榮航,20,1,19,群益金鼎-西松,2024-04-16,9136
2301,光寶科,35,16,19,群益金鼎-西松,2024-04-16,9136
1609,大亞,81,63,18,群益金鼎-西松,2024-04-16,9136
5388,中磊,17,0,17,群益金鼎-西松,2024-04-16,9136
2887,台新金,15,0,15,群益金鼎-西松,2024-04-16,9136
5009,榮剛,17,2,15,群益金鼎-西松,2024-04-16,9136
2014,中鴻,15,0,15,群益金鼎-西松,2024-04-16,9136
2476,鉅祥,15,0,15,群益金鼎-西松,2024-04-16,9136
5452,佶優,15,0,15,群益金鼎-西松,2024-04-16,9136
5521,工信,15,0,15,群益金鼎-西松,2024-04-16,9136
2303,聯電,16,2,14,群益金鼎-西松,2024-04-16,9136
2328,廣宇,14,0,14,群益金鼎-西松,2024-04-16,9136
2891,中信金,13,0,13,群益金鼎-西松,2024-04-16,9136
00665L,富邦�琤肭磪囓�2,396,0,396,群益金鼎-西松,2024-04-17,9136
2317,鴻海,188,35,153,群益金鼎-西松,2024-04-17,9136
00929,復華台灣科技優息,108,0,108,群益金鼎-西松,2024-04-17,9136
00937B,群益ESG投等債20,106,0,106,群益金鼎-西松,2024-04-17,9136
0056,元大高股息,92,9,83,群益金鼎-西松,2024-04-17,9136
2467,志聖,80,0,80,群益金鼎-西松,2024-04-17,9136
2618,長榮航,76,1,75,群益金鼎-西松,2024-04-17,9136
00919,群益台灣精選高息,58,1,57,群益金鼎-西松,2024-04-17,9136
00909,國泰數位支付服務,50,1,49,群益金鼎-西松,2024-04-17,9136
6125,廣運,53,7,46,群益金鼎-西松,2024-04-17,9136
00878,國泰永續高股息,46,2,44,群益金鼎-西松,2024-04-17,9136
00941,中信上游半導體,43,0,43,群益金鼎-西松,2024-04-17,9136
2382,廣達,41,4,37,群益金鼎-西松,2024-04-17,9136
6264,富裔,36,0,36,群益金鼎-西松,2024-04-17,9136
00632R,元大台灣50反1,32,0,32,群益金鼎-西松,2024-04-17,9136
00933B,國泰10Y+金融債,29,0,29,群益金鼎-西松,2024-04-17,9136
3481,群創,29,0,29,群益金鼎-西松,2024-04-17,9136
00720B,元大投資級公司債,27,0,27,群益金鼎-西松,2024-04-17,9136
00940,元大台灣價值高息,24,0,24,群益金鼎-西松,2024-04-17,9136
00637L,元大滬深300正2,55,31,24,群益金鼎-西松,2024-04-17,9136
00679B,元大美債20年,54,30,24,群益金鼎-西松,2024-04-17,9136
6535,順藥,20,0,20,群益金鼎-西松,2024-04-17,9136
2353,宏��,21,1,20,群益金鼎-西松,2024-04-17,9136
00725B,國泰投資級公司債,20,0,20,群益金鼎-西松,2024-04-17,9136
1514,亞力,20,0,20,群益金鼎-西松,2024-04-17,9136
2887,台新金,20,0,20,群益金鼎-西松,2024-04-17,9136
2303,聯電,21,2,19,群益金鼎-西松,2024-04-17,9136
4306,炎洲,18,0,18,群益金鼎-西松,2024-04-17,9136
3231,緯創,63,46,17,群益金鼎-西松,2024-04-17,9136
4958,臻鼎-KY,21,4,17,群益金鼎-西松,2024-04-17,9136
3296,勝德,27,10,17,群益金鼎-西松,2024-04-17,9136
00939,統一台灣高息動能,28,15,13,群益金鼎-西松,2024-04-17,9136
00773B,中信優先金融債,13,0,13,群益金鼎-西松,2024-04-17,9136
00687B,國泰20年美債,15,2,13,群益金鼎-西松,2024-04-17,9136
00722B,群益投資級電信債,12,0,12,群益金鼎-西松,2024-04-17,9136
00857B,永豐20年美公債,18,6,12,群益金鼎-西松,2024-04-17,9136
00642U,期元大S＆P石油,12,0,12,群益金鼎-西松,2024-04-17,9136
2515,中工,112,100,12,群益金鼎-西松,2024-04-17,9136
3711,日月光投控,12,0,12,群益金鼎-西松,2024-04-17,9136
2615,萬海,11,0,11,群益金鼎-西松,2024-04-17,9136
3022,威強電,11,0,11,群益金鼎-西松,2024-04-17,9136
3563,牧德,25,14,11,群益金鼎-西松,2024-04-17,9136
00712,復華富時不動產,10,0,10,群益金鼎-西松,2024-04-17,9136
00853B,統一美債10年Aa-,10,0,10,群益金鼎-西松,2024-04-17,9136
2492,華新科,10,0,10,群益金鼎-西松,2024-04-17,9136
3276,宇環,10,0,10,群益金鼎-西松,2024-04-17,9136
6578,達邦蛋白,11,1,10,群益金鼎-西松,2024-04-17,9136
6937,天虹,10,0,10,群益金鼎-西松,2024-04-17,9136
2002,中鋼,11,2,9,群益金鼎-西松,2024-04-17,9136
00905,FT臺灣Smart,9,0,9,群益金鼎-西松,2024-04-17,9136
1609,大亞,253,22,231,群益金鼎-西松,2024-04-18,9136
00937B,群益ESG投等債20,198,37,161,群益金鼎-西松,2024-04-18,9136
9904,寶成,100,2,98,群益金鼎-西松,2024-04-18,9136
4306,炎洲,73,5,68,群益金鼎-西松,2024-04-18,9136
1504,東元,68,6,62,群益金鼎-西松,2024-04-18,9136
3260,威剛,53,1,52,群益金鼎-西松,2024-04-18,9136
6026,福邦證,50,2,48,群益金鼎-西松,2024-04-18,9136
00929,復華台灣科技優息,47,3,44,群益金鼎-西松,2024-04-18,9136
00715L,期街口布蘭特正2,40,0,40,群益金鼎-西松,2024-04-18,9136
2545,皇翔,34,0,34,群益金鼎-西松,2024-04-18,9136
00940,元大台灣價值高息,44,10,34,群益金鼎-西松,2024-04-18,9136
1474,弘裕,30,0,30,群益金鼎-西松,2024-04-18,9136
8443,阿瘦,30,0,30,群益金鼎-西松,2024-04-18,9136
00878,國泰永續高股息,37,8,29,群益金鼎-西松,2024-04-18,9136
6125,廣運,65,39,26,群益金鼎-西松,2024-04-18,9136
2538,基泰,24,0,24,群益金鼎-西松,2024-04-18,9136
00712,復華富時不動產,21,0,21,群益金鼎-西松,2024-04-18,9136
00941,中信上游半導體,25,5,20,群益金鼎-西松,2024-04-18,9136
5309,系統電,20,0,20,群益金鼎-西松,2024-04-18,9136
2939,永邑-KY,22,3,19,群益金鼎-西松,2024-04-18,9136
00733,富邦臺灣中小,18,0,18,群益金鼎-西松,2024-04-18,9136
00933B,國泰10Y+金融債,18,0,18,群益金鼎-西松,2024-04-18,9136
2301,光寶科,27,10,17,群益金鼎-西松,2024-04-18,9136
4912,聯德控股-KY,17,0,17,群益金鼎-西松,2024-04-18,9136
6535,順藥,17,0,17,群益金鼎-西松,2024-04-18,9136
00687B,國泰20年美債,15,0,15,群益金鼎-西松,2024-04-18,9136
3689,湧德,15,0,15,群益金鼎-西松,2024-04-18,9136
2317,鴻海,54,41,13,群益金鼎-西松,2024-04-18,9136
2329,華泰,37,25,12,群益金鼎-西松,2024-04-18,9136
3056,富華新,12,0,12,群益金鼎-西松,2024-04-18,9136
3294,英濟,22,10,12,群益金鼎-西松,2024-04-18,9136
2433,互盛電,11,0,11,群益金鼎-西松,2024-04-18,9136
8440,綠電,13,2,11,群益金鼎-西松,2024-04-18,9136
8155,博智,11,1,10,群益金鼎-西松,2024-04-18,9136
00942B,台新美A公司債20+,10,0,10,群益金鼎-西松,2024-04-18,9136
2406,國碩,14,4,10,群益金鼎-西松,2024-04-18,9136
2641,正德,10,0,10,群益金鼎-西松,2024-04-18,9136
3213,茂訊,10,0,10,群益金鼎-西松,2024-04-18,9136
3712,永崴投控,10,0,10,群益金鼎-西松,2024-04-18,9136
4930,燦星網,11,1,10,群益金鼎-西松,2024-04-18,9136
8271,宇瞻,10,0,10,群益金鼎-西松,2024-04-18,9136
8401,白紗科,10,0,10,群益金鼎-西松,2024-04-18,9136
3312,弘憶股,51,42,9,群益金鼎-西松,2024-04-18,9136
4768,晶呈科技,10,1,9,群益金鼎-西松,2024-04-18,9136
5212,凌網,9,0,9,群益金鼎-西松,2024-04-18,9136
6449,鈺邦,13,4,9,群益金鼎-西松,2024-04-18,9136
00642U,期元大S＆P石油,8,0,8,群益金鼎-西松,2024-04-18,9136
1605,華新,73,65,8,群益金鼎-西松,2024-04-18,9136
3703,欣陸,10,2,8,群益金鼎-西松,2024-04-18,9136
5538,東明-KY,22,14,8,群益金鼎-西松,2024-04-18,9136
00929,復華台灣科技優息,322,35,287,群益金鼎-西松,2024-04-19,9136
00937B,群益ESG投等債20,230,6,224,群益金鼎-西松,2024-04-19,9136
00919,群益台灣精選高息,198,33,165,群益金鼎-西松,2024-04-19,9136
3060,銘異,135,0,135,群益金鼎-西松,2024-04-19,9136
00878,國泰永續高股息,124,5,119,群益金鼎-西松,2024-04-19,9136
00940,元大台灣價值高息,135,18,117,群益金鼎-西松,2024-04-19,9136
00939,統一台灣高息動能,105,5,100,群益金鼎-西松,2024-04-19,9136
00673R,期元大S＆P原油反1,80,0,80,群益金鼎-西松,2024-04-19,9136
0056,元大高股息,85,6,79,群益金鼎-西松,2024-04-19,9136
2618,長榮航,95,21,74,群益金鼎-西松,2024-04-19,9136
5512,力麒,127,58,69,群益金鼎-西松,2024-04-19,9136
2330,台積電,75,9,66,群益金鼎-西松,2024-04-19,9136
00679B,元大美債20年,147,83,64,群益金鼎-西松,2024-04-19,9136
00891,中信關鍵半導體,56,0,56,群益金鼎-西松,2024-04-19,9136
2891,中信金,48,6,42,群益金鼎-西松,2024-04-19,9136
2363,矽統,38,1,37,群益金鼎-西松,2024-04-19,9136
2371,大同,540,504,36,群益金鼎-西松,2024-04-19,9136
2801,彰銀,33,0,33,群益金鼎-西松,2024-04-19,9136
4994,傳奇,34,1,33,群益金鼎-西松,2024-04-19,9136
00637L,元大滬深300正2,32,0,32,群益金鼎-西松,2024-04-19,9136
4306,炎洲,42,10,32,群益金鼎-西松,2024-04-19,9136
3324,雙鴻,34,3,31,群益金鼎-西松,2024-04-19,9136
9802,鈺齊-KY,30,0,30,群益金鼎-西松,2024-04-19,9136
8210,勤誠,33,4,29,群益金鼎-西松,2024-04-19,9136
6213,聯茂,28,0,28,群益金鼎-西松,2024-04-19,9136
3036,文曄,41,16,25,群益金鼎-西松,2024-04-19,9136
2538,基泰,25,0,25,群益金鼎-西松,2024-04-19,9136
1815,富喬,25,0,25,群益金鼎-西松,2024-04-19,9136
00927,群益半導體收益,24,0,24,群益金鼎-西松,2024-04-19,9136
3296,勝德,39,16,23,群益金鼎-西松,2024-04-19,9136
00933B,國泰10Y+金融債,25,2,23,群益金鼎-西松,2024-04-19,9136
2442,新美齊,22,0,22,群益金鼎-西松,2024-04-19,9136
2409,友達,27,6,21,群益金鼎-西松,2024-04-19,9136
00650L,復華香港正2,20,0,20,群益金鼎-西松,2024-04-19,9136
1316,上曜,22,2,20,群益金鼎-西松,2024-04-19,9136
3481,群創,363,343,20,群益金鼎-西松,2024-04-19,9136
4912,聯德控股-KY,20,0,20,群益金鼎-西松,2024-04-19,9136
9955,佳龍,26,6,20,群益金鼎-西松,2024-04-19,9136
00905,FT臺灣Smart,19,0,19,群益金鼎-西松,2024-04-19,9136
2367,燿華,26,7,19,群益金鼎-西松,2024-04-19,9136
3037,欣興,21,3,18,群益金鼎-西松,2024-04-19,9136
6770,力積電,21,3,18,群益金鼎-西松,2024-04-19,9136
2303,聯電,41,23,18,群益金鼎-西松,2024-04-19,9136
2887,台新金,17,0,17,群益金鼎-西松,2024-04-19,9136
5511,德昌,17,0,17,群益金鼎-西松,2024-04-19,9136
00923,群益台ESG低碳50,16,0,16,群益金鼎-西松,2024-04-19,9136
3708,上緯投控,39,23,16,群益金鼎-西松,2024-04-19,9136
3013,晟銘電,88,72,16,群益金鼎-西松,2024-04-19,9136
6901,鑽石投資,23,7,16,群益金鼎-西松,2024-04-19,9136
8936,國統,76,60,16,群益金鼎-西松,2024-04-19,9136
6005,群益證,2995,110,2885,群益金鼎-西松,2024-04-22,9136
2371,大同,431,144,287,群益金鼎-西松,2024-04-22,9136
2317,鴻海,331,69,262,群益金鼎-西松,2024-04-22,9136
00929,復華台灣科技優息,248,0,248,群益金鼎-西松,2024-04-22,9136
00937B,群益ESG投等債20,180,1,179,群益金鼎-西松,2024-04-22,9136
00632R,元大台灣50反1,150,13,137,群益金鼎-西松,2024-04-22,9136
4306,炎洲,121,2,119,群益金鼎-西松,2024-04-22,9136
00919,群益台灣精選高息,77,5,72,群益金鼎-西松,2024-04-22,9136
1532,勤美,51,2,49,群益金鼎-西松,2024-04-22,9136
00679B,元大美債20年,48,0,48,群益金鼎-西松,2024-04-22,9136
00940,元大台灣價值高息,48,3,45,群益金鼎-西松,2024-04-22,9136
3231,緯創,46,13,33,群益金鼎-西松,2024-04-22,9136
8936,國統,69,36,33,群益金鼎-西松,2024-04-22,9136
2547,日勝生,77,47,30,群益金鼎-西松,2024-04-22,9136
6264,富裔,28,1,27,群益金鼎-西松,2024-04-22,9136
00891,中信關鍵半導體,31,6,25,群益金鼎-西松,2024-04-22,9136
2637,慧洋-KY,34,9,25,群益金鼎-西松,2024-04-22,9136
6125,廣運,65,41,24,群益金鼎-西松,2024-04-22,9136
3287,廣寰科,31,8,23,群益金鼎-西松,2024-04-22,9136
6538,倉和,25,2,23,群益金鼎-西松,2024-04-22,9136
00939,統一台灣高息動能,96,74,22,群益金鼎-西松,2024-04-22,9136
00878,國泰永續高股息,21,0,21,群益金鼎-西松,2024-04-22,9136
2365,昆盈,21,0,21,群益金鼎-西松,2024-04-22,9136
5521,工信,58,37,21,群益金鼎-西松,2024-04-22,9136
6805,富世達,26,6,20,群益金鼎-西松,2024-04-22,9136
1785,光洋科,24,5,19,群益金鼎-西松,2024-04-22,9136
3294,英濟,19,1,18,群益金鼎-西松,2024-04-22,9136
3324,雙鴻,29,11,18,群益金鼎-西松,2024-04-22,9136
2363,矽統,27,11,16,群益金鼎-西松,2024-04-22,9136
3577,泓格,18,2,16,群益金鼎-西松,2024-04-22,9136
8440,綠電,17,1,16,群益金鼎-西松,2024-04-22,9136
3712,永崴投控,16,0,16,群益金鼎-西松,2024-04-22,9136
00773B,中信優先金融債,15,0,15,群益金鼎-西松,2024-04-22,9136
2431,聯昌,15,0,15,群益金鼎-西松,2024-04-22,9136
6640,均華,18,3,15,群益金鼎-西松,2024-04-22,9136
2610,華航,28,14,14,群益金鼎-西松,2024-04-22,9136
2303,聯電,15,2,13,群益金鼎-西松,2024-04-22,9136
5432,新門,14,1,13,群益金鼎-西松,2024-04-22,9136
8473,山林水,30,18,12,群益金鼎-西松,2024-04-22,9136
3086,華義,12,0,12,群益金鼎-西松,2024-04-22,9136
3376,新日興,12,0,12,群益金鼎-西松,2024-04-22,9136
8358,金居,12,0,12,群益金鼎-西松,2024-04-22,9136
1443,立益物流,19,8,11,群益金鼎-西松,2024-04-22,9136
1455,集盛,11,0,11,群益金鼎-西松,2024-04-22,9136
4973,廣穎,13,2,11,群益金鼎-西松,2024-04-22,9136
6188,廣明,16,5,11,群益金鼎-西松,2024-04-22,9136
6616,特昇-KY,15,4,11,群益金鼎-西松,2024-04-22,9136
6763,綠界科技*,11,0,11,群益金鼎-西松,2024-04-22,9136
6770,力積電,14,3,11,群益金鼎-西松,2024-04-22,9136
6937,天虹,11,0,11,群益金鼎-西松,2024-04-22,9136
2618,長榮航,534,140,394,群益金鼎-西松,2024-04-23,9136
8210,勤誠,181,3,178,群益金鼎-西松,2024-04-23,9136
2345,智邦,80,1,79,群益金鼎-西松,2024-04-23,9136
00929,復華台灣科技優息,67,5,62,群益金鼎-西松,2024-04-23,9136
00679B,元大美債20年,47,7,40,群益金鼎-西松,2024-04-23,9136
00919,群益台灣精選高息,41,4,37,群益金鼎-西松,2024-04-23,9136
2511,太子,36,0,36,群益金鼎-西松,2024-04-23,9136
6472,保瑞,40,5,35,群益金鼎-西松,2024-04-23,9136
00939,統一台灣高息動能,34,0,34,群益金鼎-西松,2024-04-23,9136
2317,鴻海,77,46,31,群益金鼎-西松,2024-04-23,9136
00712,復華富時不動產,35,5,30,群益金鼎-西松,2024-04-23,9136
2241,艾姆勒,32,2,30,群益金鼎-西松,2024-04-23,9136
2201,裕隆,29,0,29,群益金鼎-西松,2024-04-23,9136
2442,新美齊,30,1,29,群益金鼎-西松,2024-04-23,9136
5531,鄉林,29,1,28,群益金鼎-西松,2024-04-23,9136
2515,中工,33,9,24,群益金鼎-西松,2024-04-23,9136
00878,國泰永續高股息,21,0,21,群益金鼎-西松,2024-04-23,9136
00650L,復華香港正2,21,0,21,群益金鼎-西松,2024-04-23,9136
1439,雋揚,25,4,21,群益金鼎-西松,2024-04-23,9136
2109,華豐,21,0,21,群益金鼎-西松,2024-04-23,9136
1451,年興,18,0,18,群益金鼎-西松,2024-04-23,9136
3703,欣陸,18,1,17,群益金鼎-西松,2024-04-23,9136
1440,南紡,23,7,16,群益金鼎-西松,2024-04-23,9136
6799,來頡,16,0,16,群益金鼎-西松,2024-04-23,9136
5516,雙喜,28,13,15,群益金鼎-西松,2024-04-23,9136
2101,南港,17,3,14,群益金鼎-西松,2024-04-23,9136
00722B,群益投資級電信債,13,0,13,群益金鼎-西松,2024-04-23,9136
00857B,永豐20年美公債,13,0,13,群益金鼎-西松,2024-04-23,9136
3715,定穎投控,14,1,13,群益金鼎-西松,2024-04-23,9136
1443,立益物流,12,0,12,群益金鼎-西松,2024-04-23,9136
1612,宏泰,12,0,12,群益金鼎-西松,2024-04-23,9136
5514,三豐,13,1,12,群益金鼎-西松,2024-04-23,9136
5523,豐謙,12,0,12,群益金鼎-西松,2024-04-23,9136
00891,中信關鍵半導體,11,0,11,群益金鼎-西松,2024-04-23,9136
3024,憶聲,11,0,11,群益金鼎-西松,2024-04-23,9136
3294,英濟,11,0,11,群益金鼎-西松,2024-04-23,9136
3672,康聯訊,14,3,11,群益金鼎-西松,2024-04-23,9136
5521,工信,17,6,11,群益金鼎-西松,2024-04-23,9136
6177,達麗,11,0,11,群益金鼎-西松,2024-04-23,9136
6526,達發,11,0,11,群益金鼎-西松,2024-04-23,9136
8046,南電,13,2,11,群益金鼎-西松,2024-04-23,9136
2417,圓剛,10,0,10,群益金鼎-西松,2024-04-23,9136
00676R,富邦臺灣加權反1,10,0,10,群益金鼎-西松,2024-04-23,9136
00664R,國泰臺灣加權反1,10,0,10,群益金鼎-西松,2024-04-23,9136
00909,國泰數位支付服務,13,3,10,群益金鼎-西松,2024-04-23,9136
1307,三芳,10,0,10,群益金鼎-西松,2024-04-23,9136
2344,華邦電,10,0,10,群益金鼎-西松,2024-04-23,9136
3056,富華新,11,1,10,群益金鼎-西松,2024-04-23,9136
00940,元大台灣價值高息,29,20,9,群益金鼎-西松,2024-04-23,9136
1514,亞力,9,0,9,群益金鼎-西松,2024-04-23,9136
2206,三陽工業,393,66,327,群益金鼎-西松,2024-04-24,9136
00940,元大台灣價值高息,207,0,207,群益金鼎-西松,2024-04-24,9136
3481,群創,233,27,206,群益金鼎-西松,2024-04-24,9136
2317,鴻海,380,193,187,群益金鼎-西松,2024-04-24,9136
2886,兆豐金,122,1,121,群益金鼎-西松,2024-04-24,9136
8210,勤誠,104,2,102,群益金鼎-西松,2024-04-24,9136
1312,國喬,100,5,95,群益金鼎-西松,2024-04-24,9136
00937B,群益ESG投等債20,74,0,74,群益金鼎-西松,2024-04-24,9136
00632R,元大台灣50反1,60,4,56,群益金鼎-西松,2024-04-24,9136
00679B,元大美債20年,48,0,48,群益金鼎-西松,2024-04-24,9136
5521,工信,41,8,33,群益金鼎-西松,2024-04-24,9136
1474,弘裕,31,0,31,群益金鼎-西松,2024-04-24,9136
2241,艾姆勒,32,1,31,群益金鼎-西松,2024-04-24,9136
00929,復華台灣科技優息,33,3,30,群益金鼎-西松,2024-04-24,9136
2409,友達,59,32,27,群益金鼎-西松,2024-04-24,9136
1742,台蠟,26,0,26,群益金鼎-西松,2024-04-24,9136
00918,大華優利高填息30,29,3,26,群益金鼎-西松,2024-04-24,9136
8054,安國,40,15,25,群益金鼎-西松,2024-04-24,9136
6190,萬泰科,22,0,22,群益金鼎-西松,2024-04-24,9136
3226,至寶電,21,0,21,群益金鼎-西松,2024-04-24,9136
6716,應廣,21,0,21,群益金鼎-西松,2024-04-24,9136
00931B,統一美債20年,20,0,20,群益金鼎-西松,2024-04-24,9136
00680L,元大美債20正2,20,0,20,群益金鼎-西松,2024-04-24,9136
2442,新美齊,30,11,19,群益金鼎-西松,2024-04-24,9136
4905,台聯電,19,0,19,群益金鼎-西松,2024-04-24,9136
6215,和椿,48,30,18,群益金鼎-西松,2024-04-24,9136
8271,宇瞻,18,0,18,群益金鼎-西松,2024-04-24,9136
2851,中再保,25,8,17,群益金鼎-西松,2024-04-24,9136
5543,桓鼎-KY,18,1,17,群益金鼎-西松,2024-04-24,9136
3577,泓格,23,7,16,群益金鼎-西松,2024-04-24,9136
3027,盛達,25,11,14,群益金鼎-西松,2024-04-24,9136
4406,新昕纖,14,0,14,群益金鼎-西松,2024-04-24,9136
00637L,元大滬深300正2,15,2,13,群益金鼎-西松,2024-04-24,9136
1905,華紙,12,0,12,群益金鼎-西松,2024-04-24,9136
2363,矽統,24,12,12,群益金鼎-西松,2024-04-24,9136
00939,統一台灣高息動能,18,7,11,群益金鼎-西松,2024-04-24,9136
00633L,富邦上証正2,11,0,11,群益金鼎-西松,2024-04-24,9136
3450,聯鈞,11,0,11,群益金鼎-西松,2024-04-24,9136
4306,炎洲,11,0,11,群益金鼎-西松,2024-04-24,9136
6278,台表科,11,0,11,群益金鼎-西松,2024-04-24,9136
2454,聯發科,11,0,11,群益金鼎-西松,2024-04-24,9136
1101,台泥,10,0,10,群益金鼎-西松,2024-04-24,9136
4113,聯上,35,25,10,群益金鼎-西松,2024-04-24,9136
912000,晨訊科-DR,10,0,10,群益金鼎-西松,2024-04-24,9136
00687B,國泰20年美債,9,0,9,群益金鼎-西松,2024-04-24,9136
8046,南電,52,43,9,群益金鼎-西松,2024-04-24,9136
3321,同泰,15,6,9,群益金鼎-西松,2024-04-24,9136
00676R,富邦臺灣加權反1,10,1,9,群益金鼎-西松,2024-04-24,9136
1618,合機,17,8,9,群益金鼎-西松,2024-04-24,9136
3032,偉訓,9,0,9,群益金鼎-西松,2024-04-24,9136
00929,復華台灣科技優息,85,0,85,群益金鼎-西松,2024-04-25,9136
4716,大立,64,12,52,群益金鼎-西松,2024-04-25,9136
00687B,國泰20年美債,47,0,47,群益金鼎-西松,2024-04-25,9136
2303,聯電,56,11,45,群益金鼎-西松,2024-04-25,9136
00891,中信關鍵半導體,40,0,40,群益金鼎-西松,2024-04-25,9136
00878,國泰永續高股息,35,3,32,群益金鼎-西松,2024-04-25,9136
2241,艾姆勒,41,10,31,群益金鼎-西松,2024-04-25,9136
2317,鴻海,41,10,31,群益金鼎-西松,2024-04-25,9136
00664R,國泰臺灣加權反1,30,0,30,群益金鼎-西松,2024-04-25,9136
5398,慕康生醫,30,0,30,群益金鼎-西松,2024-04-25,9136
00679B,元大美債20年,27,0,27,群益金鼎-西松,2024-04-25,9136
1220,台榮,23,0,23,群益金鼎-西松,2024-04-25,9136
2883,凱基金,21,0,21,群益金鼎-西松,2024-04-25,9136
2618,長榮航,295,274,21,群益金鼎-西松,2024-04-25,9136
2511,太子,20,0,20,群益金鼎-西松,2024-04-25,9136
00919,群益台灣精選高息,27,8,19,群益金鼎-西松,2024-04-25,9136
2543,皇昌,22,4,18,群益金鼎-西松,2024-04-25,9136
00940,元大台灣價值高息,29,11,18,群益金鼎-西松,2024-04-25,9136
1584,精剛,17,0,17,群益金鼎-西松,2024-04-25,9136
3024,憶聲,17,0,17,群益金鼎-西松,2024-04-25,9136
2362,藍天,17,0,17,群益金鼎-西松,2024-04-25,9136
3017,奇鋐,34,18,16,群益金鼎-西松,2024-04-25,9136
2442,新美齊,20,4,16,群益金鼎-西松,2024-04-25,9136
4807,日成-KY,17,1,16,群益金鼎-西松,2024-04-25,9136
5512,力麒,20,4,16,群益金鼎-西松,2024-04-25,9136
9904,寶成,15,0,15,群益金鼎-西松,2024-04-25,9136
6212,理銘,15,1,14,群益金鼎-西松,2024-04-25,9136
00923,群益台ESG低碳50,14,0,14,群益金鼎-西松,2024-04-25,9136
00933B,國泰10Y+金融債,13,0,13,群益金鼎-西松,2024-04-25,9136
1326,台化,13,0,13,群益金鼎-西松,2024-04-25,9136
2330,台積電,16,3,13,群益金鼎-西松,2024-04-25,9136
4306,炎洲,12,0,12,群益金鼎-西松,2024-04-25,9136
5511,德昌,13,1,12,群益金鼎-西松,2024-04-25,9136
00907,永豐優息存股,11,0,11,群益金鼎-西松,2024-04-25,9136
1504,東元,11,0,11,群益金鼎-西松,2024-04-25,9136
2014,中鴻,11,0,11,群益金鼎-西松,2024-04-25,9136
2801,彰銀,11,0,11,群益金鼎-西松,2024-04-25,9136
6770,力積電,11,0,11,群益金鼎-西松,2024-04-25,9136
2323,中環,10,0,10,群益金鼎-西松,2024-04-25,9136
020033,統一�琤肮黕篾,10,0,10,群益金鼎-西松,2024-04-25,9136
2061,風青,19,9,10,群益金鼎-西松,2024-04-25,9136
2356,英業達,33,23,10,群益金鼎-西松,2024-04-25,9136
2464,盟立,10,0,10,群益金鼎-西松,2024-04-25,9136
2851,中再保,10,0,10,群益金鼎-西松,2024-04-25,9136
3013,晟銘電,54,44,10,群益金鼎-西松,2024-04-25,9136
5531,鄉林,10,0,10,群益金鼎-西松,2024-04-25,9136
8234,新漢,20,10,10,群益金鼎-西松,2024-04-25,9136
2002,中鋼,11,1,10,群益金鼎-西松,2024-04-25,9136
3324,雙鴻,13,4,9,群益金鼎-西松,2024-04-25,9136
1608,華榮,14,5,9,群益金鼎-西松,2024-04-25,9136
2486,一詮,169,39,130,群益金鼎-西松,2024-04-26,9136
2515,中工,123,10,113,群益金鼎-西松,2024-04-26,9136
3035,智原,73,5,68,群益金鼎-西松,2024-04-26,9136
2610,華航,85,26,59,群益金鼎-西松,2024-04-26,9136
00679B,元大美債20年,56,0,56,群益金鼎-西松,2024-04-26,9136
00720B,元大投資級公司債,41,0,41,群益金鼎-西松,2024-04-26,9136
00933B,國泰10Y+金融債,41,5,36,群益金鼎-西松,2024-04-26,9136
6821,聯寶,40,4,36,群益金鼎-西松,2024-04-26,9136
6207,雷科,68,34,34,群益金鼎-西松,2024-04-26,9136
00673R,期元大S＆P原油反1,35,1,34,群益金鼎-西松,2024-04-26,9136
1440,南紡,62,31,31,群益金鼎-西松,2024-04-26,9136
5706,鳳凰,30,0,30,群益金鼎-西松,2024-04-26,9136
6168,宏齊,30,0,30,群益金鼎-西松,2024-04-26,9136
3060,銘異,29,1,28,群益金鼎-西松,2024-04-26,9136
1314,中石化,33,5,28,群益金鼎-西松,2024-04-26,9136
00632R,元大台灣50反1,77,53,24,群益金鼎-西松,2024-04-26,9136
6716,應廣,21,0,21,群益金鼎-西松,2024-04-26,9136
8210,勤誠,37,17,20,群益金鼎-西松,2024-04-26,9136
2442,新美齊,35,16,19,群益金鼎-西松,2024-04-26,9136
2344,華邦電,18,0,18,群益金鼎-西松,2024-04-26,9136
00712,復華富時不動產,18,0,18,群益金鼎-西松,2024-04-26,9136
2427,三商電,17,0,17,群益金鼎-西松,2024-04-26,9136
1808,潤隆,15,0,15,群益金鼎-西松,2024-04-26,9136
6651,全宇昕,15,0,15,群益金鼎-西松,2024-04-26,9136
00650L,復華香港正2,14,0,14,群益金鼎-西松,2024-04-26,9136
3338,泰碩,16,2,14,群益金鼎-西松,2024-04-26,9136
4912,聯德控股-KY,25,12,13,群益金鼎-西松,2024-04-26,9136
00937B,群益ESG投等債20,17,5,12,群益金鼎-西松,2024-04-26,9136
00676R,富邦臺灣加權反1,12,0,12,群益金鼎-西松,2024-04-26,9136
1413,宏洲,12,0,12,群益金鼎-西松,2024-04-26,9136
2014,中鴻,12,0,12,群益金鼎-西松,2024-04-26,9136
2601,益航,13,1,12,群益金鼎-西松,2024-04-26,9136
4923,力士,13,1,12,群益金鼎-西松,2024-04-26,9136
3324,雙鴻,27,15,12,群益金鼎-西松,2024-04-26,9136
2009,第一銅,17,6,11,群益金鼎-西松,2024-04-26,9136
2241,艾姆勒,26,15,11,群益金鼎-西松,2024-04-26,9136
3265,台星科,12,1,11,群益金鼎-西松,2024-04-26,9136
3363,上詮,56,45,11,群益金鼎-西松,2024-04-26,9136
6425,易發,27,17,10,群益金鼎-西松,2024-04-26,9136
00878,國泰永續高股息,13,3,10,群益金鼎-西松,2024-04-26,9136
00687B,國泰20年美債,11,1,10,群益金鼎-西松,2024-04-26,9136
2417,圓剛,10,0,10,群益金鼎-西松,2024-04-26,9136
2606,裕民,10,0,10,群益金鼎-西松,2024-04-26,9136
3306,鼎天,12,2,10,群益金鼎-西松,2024-04-26,9136
6933,AMAX-KY,10,0,10,群益金鼎-西松,2024-04-26,9136
8089,康全電訊,10,0,10,群益金鼎-西松,2024-04-26,9136
8936,國統,50,40,10,群益金鼎-西松,2024-04-26,9136
2323,中環,50,40,10,群益金鼎-西松,2024-04-26,9136
5534,長虹,8,0,8,群益金鼎-西松,2024-04-26,9136
00773B,中信優先金融債,8,0,8,群益金鼎-西松,2024-04-26,9136
2618,長榮航,239,48,191,群益金鼎-西松,2024-04-29,9136
2515,中工,400,210,190,群益金鼎-西松,2024-04-29,9136
2603,長榮,142,15,127,群益金鼎-西松,2024-04-29,9136
00937B,群益ESG投等債20,125,10,115,群益金鼎-西松,2024-04-29,9136
2344,華邦電,122,10,112,群益金鼎-西松,2024-04-29,9136
1314,中石化,153,63,90,群益金鼎-西松,2024-04-29,9136
3234,光環,91,10,81,群益金鼎-西松,2024-04-29,9136
2520,冠德,72,15,57,群益金鼎-西松,2024-04-29,9136
00933B,國泰10Y+金融債,60,5,55,群益金鼎-西松,2024-04-29,9136
00764B,群益25年美債,50,0,50,群益金鼎-西松,2024-04-29,9136
6215,和椿,52,13,39,群益金鼎-西松,2024-04-29,9136
2511,太子,39,3,36,群益金鼎-西松,2024-04-29,9136
2101,南港,63,27,36,群益金鼎-西松,2024-04-29,9136
2356,英業達,44,10,34,群益金鼎-西松,2024-04-29,9136
00679B,元大美債20年,31,0,31,群益金鼎-西松,2024-04-29,9136
3060,銘異,29,1,28,群益金鼎-西松,2024-04-29,9136
2889,國票金,31,5,26,群益金鼎-西松,2024-04-29,9136
1463,強盛新,24,0,24,群益金鼎-西松,2024-04-29,9136
5706,鳳凰,28,4,24,群益金鼎-西松,2024-04-29,9136
2607,榮運,24,2,22,群益金鼎-西松,2024-04-29,9136
2705,六福,20,0,20,群益金鼎-西松,2024-04-29,9136
1795,美時,21,1,20,群益金鼎-西松,2024-04-29,9136
2464,盟立,23,4,19,群益金鼎-西松,2024-04-29,9136
8215,明基材,18,0,18,群益金鼎-西松,2024-04-29,9136
00941,中信上游半導體,19,2,17,群益金鼎-西松,2024-04-29,9136
6188,廣明,21,4,17,群益金鼎-西松,2024-04-29,9136
6005,群益證,20,5,15,群益金鼎-西松,2024-04-29,9136
3362,先進光,13,0,13,群益金鼎-西松,2024-04-29,9136
1470,大統新創,12,0,12,群益金鼎-西松,2024-04-29,9136
2066,世德,21,9,12,群益金鼎-西松,2024-04-29,9136
2537,聯上發,23,11,12,群益金鼎-西松,2024-04-29,9136
2543,皇昌,42,30,12,群益金鼎-西松,2024-04-29,9136
4306,炎洲,12,0,12,群益金鼎-西松,2024-04-29,9136
2365,昆盈,12,1,11,群益金鼎-西松,2024-04-29,9136
8028,昇陽半導體,14,3,11,群益金鼎-西松,2024-04-29,9136
3563,牧德,10,0,10,群益金鼎-西松,2024-04-29,9136
00720B,元大投資級公司債,10,0,10,群益金鼎-西松,2024-04-29,9136
00700,富邦�琤肭磪�,10,0,10,群益金鼎-西松,2024-04-29,9136
1336,台翰,10,0,10,群益金鼎-西松,2024-04-29,9136
1513,中興電,15,5,10,群益金鼎-西松,2024-04-29,9136
2007,燁興,10,0,10,群益金鼎-西松,2024-04-29,9136
5272,笙科,10,0,10,群益金鼎-西松,2024-04-29,9136
5608,四維航,10,0,10,群益金鼎-西松,2024-04-29,9136
1785,光洋科,11,1,10,群益金鼎-西松,2024-04-29,9136
00706L,期元大S＆P日圓正2,9,0,9,群益金鼎-西松,2024-04-29,9136
1316,上曜,52,43,9,群益金鼎-西松,2024-04-29,9136
1532,勤美,11,2,9,群益金鼎-西松,2024-04-29,9136
2363,矽統,110,101,9,群益金鼎-西松,2024-04-29,9136
3434,哲固,10,1,9,群益金鼎-西松,2024-04-29,9136
4741,泓瀚,12,3,9,群益金鼎-西松,2024-04-29,9136
00933B,國泰10Y+金融債,166,1,165,群益金鼎-西松,2024-04-30,9136
3060,銘異,157,0,157,群益金鼎-西松,2024-04-30,9136
00937B,群益ESG投等債20,156,0,156,群益金鼎-西松,2024-04-30,9136
00857B,永豐20年美公債,102,0,102,群益金鼎-西松,2024-04-30,9136
8096,擎亞,84,9,75,群益金鼎-西松,2024-04-30,9136
2317,鴻海,54,9,45,群益金鼎-西松,2024-04-30,9136
6005,群益證,45,1,44,群益金鼎-西松,2024-04-30,9136
2618,長榮航,86,47,39,群益金鼎-西松,2024-04-30,9136
6451,訊芯-KY,44,8,36,群益金鼎-西松,2024-04-30,9136
00637L,元大滬深300正2,30,0,30,群益金鼎-西松,2024-04-30,9136
00919,群益台灣精選高息,31,2,29,群益金鼎-西松,2024-04-30,9136
6125,廣運,34,7,27,群益金鼎-西松,2024-04-30,9136
2486,一詮,65,40,25,群益金鼎-西松,2024-04-30,9136
8996,高力,77,52,25,群益金鼎-西松,2024-04-30,9136
4542,科嶠,24,0,24,群益金鼎-西松,2024-04-30,9136
2363,矽統,136,113,23,群益金鼎-西松,2024-04-30,9136
3081,聯亞,26,6,20,群益金鼎-西松,2024-04-30,9136
3234,光環,21,1,20,群益金鼎-西松,2024-04-30,9136
6015,宏遠證,20,0,20,群益金鼎-西松,2024-04-30,9136
2356,英業達,35,15,20,群益金鼎-西松,2024-04-30,9136
2353,宏��,20,1,19,群益金鼎-西松,2024-04-30,9136
3450,聯鈞,21,2,19,群益金鼎-西松,2024-04-30,9136
5009,榮剛,22,3,19,群益金鼎-西松,2024-04-30,9136
6821,聯寶,35,17,18,群益金鼎-西松,2024-04-30,9136
1465,偉全,17,0,17,群益金鼎-西松,2024-04-30,9136
2501,國建,37,20,17,群益金鼎-西松,2024-04-30,9136
00878,國泰永續高股息,21,5,16,群益金鼎-西松,2024-04-30,9136
2739,寒舍,15,0,15,群益金鼎-西松,2024-04-30,9136
6535,順藥,15,0,15,群益金鼎-西松,2024-04-30,9136
00918,大華優利高填息30,18,3,15,群益金鼎-西松,2024-04-30,9136
4912,聯德控股-KY,17,3,14,群益金鼎-西松,2024-04-30,9136
00929,復華台灣科技優息,19,5,14,群益金鼎-西松,2024-04-30,9136
6689,伊雲谷,13,0,13,群益金鼎-西松,2024-04-30,9136
1905,華紙,12,0,12,群益金鼎-西松,2024-04-30,9136
5519,隆大,13,1,12,群益金鼎-西松,2024-04-30,9136
8068,全達,14,2,12,群益金鼎-西松,2024-04-30,9136
2891,中信金,19,7,12,群益金鼎-西松,2024-04-30,9136
2014,中鴻,12,0,12,群益金鼎-西松,2024-04-30,9136
2609,陽明,19,8,11,群益金鼎-西松,2024-04-30,9136
6269,台郡,43,32,11,群益金鼎-西松,2024-04-30,9136
1109,信大,10,0,10,群益金鼎-西松,2024-04-30,9136
2331,精英,10,0,10,群益金鼎-西松,2024-04-30,9136
3032,偉訓,10,0,10,群益金鼎-西松,2024-04-30,9136
5443,均豪,10,0,10,群益金鼎-西松,2024-04-30,9136
6126,信音,10,0,10,群益金鼎-西松,2024-04-30,9136
1795,美時,12,3,9,群益金鼎-西松,2024-04-30,9136
6526,達發,13,4,9,群益金鼎-西松,2024-04-30,9136
00720B,元大投資級公司債,9,0,9,群益金鼎-西松,2024-04-30,9136
3479,安勤,11,2,9,群益金鼎-西松,2024-04-30,9136
4306,炎洲,9,0,9,群益金鼎-西松,2024-04-30,9136
2303,聯電,391,7,384,群益金鼎-西松,2024-05-02,9136
00878,國泰永續高股息,214,3,211,群益金鼎-西松,2024-05-02,9136
2301,光寶科,201,2,199,群益金鼎-西松,2024-05-02,9136
2204,中華,133,1,132,群益金鼎-西松,2024-05-02,9136
00937B,群益ESG投等債20,129,15,114,群益金鼎-西松,2024-05-02,9136
2506,太設,100,2,98,群益金鼎-西松,2024-05-02,9136
2206,三陽工業,77,7,70,群益金鼎-西松,2024-05-02,9136
00929,復華台灣科技優息,66,0,66,群益金鼎-西松,2024-05-02,9136
3224,三顧,66,1,65,群益金鼎-西松,2024-05-02,9136
1504,東元,61,1,60,群益金鼎-西松,2024-05-02,9136
1608,華榮,63,5,58,群益金鼎-西松,2024-05-02,9136
00670L,富邦NASDAQ正2,50,0,50,群益金鼎-西松,2024-05-02,9136
00919,群益台灣精選高息,47,5,42,群益金鼎-西松,2024-05-02,9136
1314,中石化,49,10,39,群益金鼎-西松,2024-05-02,9136
3481,群創,44,9,35,群益金鼎-西松,2024-05-02,9136
6535,順藥,35,1,34,群益金鼎-西松,2024-05-02,9136
00918,大華優利高填息30,30,0,30,群益金鼎-西松,2024-05-02,9136
2486,一詮,55,25,30,群益金鼎-西松,2024-05-02,9136
2915,潤泰全,32,3,29,群益金鼎-西松,2024-05-02,9136
2330,台積電,43,16,27,群益金鼎-西松,2024-05-02,9136
3056,富華新,32,5,27,群益金鼎-西松,2024-05-02,9136
00830,國泰費城半導體,26,0,26,群益金鼎-西松,2024-05-02,9136
3532,台勝科,26,0,26,群益金鼎-西松,2024-05-02,9136
1217,愛之味,24,0,24,群益金鼎-西松,2024-05-02,9136
6239,力成,23,0,23,群益金鼎-西松,2024-05-02,9136
6285,啟��,22,0,22,群益金鼎-西松,2024-05-02,9136
1440,南紡,21,0,21,群益金鼎-西松,2024-05-02,9136
2891,中信金,25,4,21,群益金鼎-西松,2024-05-02,9136
00715L,期街口布蘭特正2,20,0,20,群益金鼎-西松,2024-05-02,9136
2363,矽統,140,121,19,群益金鼎-西松,2024-05-02,9136
0056,元大高股息,21,2,19,群益金鼎-西松,2024-05-02,9136
00642U,期元大S＆P石油,15,0,15,群益金鼎-西松,2024-05-02,9136
2427,三商電,35,20,15,群益金鼎-西松,2024-05-02,9136
3052,夆典,15,0,15,群益金鼎-西松,2024-05-02,9136
3376,新日興,16,1,15,群益金鼎-西松,2024-05-02,9136
4912,聯德控股-KY,15,0,15,群益金鼎-西松,2024-05-02,9136
2316,楠梓電,21,7,14,群益金鼎-西松,2024-05-02,9136
2547,日勝生,24,10,14,群益金鼎-西松,2024-05-02,9136
2317,鴻海,48,34,14,群益金鼎-西松,2024-05-02,9136
2409,友達,13,0,13,群益金鼎-西松,2024-05-02,9136
5347,世界,64,51,13,群益金鼎-西松,2024-05-02,9136
2374,佳能,12,0,12,群益金鼎-西松,2024-05-02,9136
4571,鈞興-KY,12,0,12,群益金鼎-西松,2024-05-02,9136
2337,旺宏,12,1,11,群益金鼎-西松,2024-05-02,9136
2501,國建,58,47,11,群益金鼎-西松,2024-05-02,9136
8064,東捷,11,0,11,群益金鼎-西松,2024-05-02,9136
00679B,元大美債20年,11,0,11,群益金鼎-西松,2024-05-02,9136
2401,凌陽,14,4,10,群益金鼎-西松,2024-05-02,9136
00932,兆豐永續高息等權,10,0,10,群益金鼎-西松,2024-05-02,9136
1714,和桐,10,0,10,群益金鼎-西松,2024-05-02,9136
00937B,群益ESG投等債20,159,0,159,群益金鼎-西松,2024-05-03,9136
2377,微星,142,1,141,群益金鼎-西松,2024-05-03,9136
2501,國建,181,60,121,群益金鼎-西松,2024-05-03,9136
00665L,富邦�琤肭磪囓�2,150,50,100,群益金鼎-西松,2024-05-03,9136
3376,新日興,59,0,59,群益金鼎-西松,2024-05-03,9136
4533,協易機,83,29,54,群益金鼎-西松,2024-05-03,9136
3060,銘異,44,0,44,群益金鼎-西松,2024-05-03,9136
00918,大華優利高填息30,41,0,41,群益金鼎-西松,2024-05-03,9136
2103,台橡,40,0,40,群益金鼎-西松,2024-05-03,9136
00919,群益台灣精選高息,42,8,34,群益金鼎-西松,2024-05-03,9136
3466,德晉,79,46,33,群益金鼎-西松,2024-05-03,9136
2316,楠梓電,39,10,29,群益金鼎-西松,2024-05-03,9136
00679B,元大美債20年,28,0,28,群益金鼎-西松,2024-05-03,9136
4572,駐龍,24,0,24,群益金鼎-西松,2024-05-03,9136
3013,晟銘電,36,13,23,群益金鼎-西松,2024-05-03,9136
2610,華航,27,5,22,群益金鼎-西松,2024-05-03,9136
00664R,國泰臺灣加權反1,21,0,21,群益金鼎-西松,2024-05-03,9136
6120,達運,38,17,21,群益金鼎-西松,2024-05-03,9136
2008,高興昌,20,0,20,群益金鼎-西松,2024-05-03,9136
2023,燁輝,20,0,20,群益金鼎-西松,2024-05-03,9136
3024,憶聲,20,0,20,群益金鼎-西松,2024-05-03,9136
3052,夆典,20,0,20,群益金鼎-西松,2024-05-03,9136
5347,世界,27,7,20,群益金鼎-西松,2024-05-03,9136
00878,國泰永續高股息,20,3,17,群益金鼎-西松,2024-05-03,9136
6535,順藥,16,0,16,群益金鼎-西松,2024-05-03,9136
4966,譜瑞-KY,28,13,15,群益金鼎-西松,2024-05-03,9136
3211,順達,15,1,14,群益金鼎-西松,2024-05-03,9136
2542,興富發,16,3,13,群益金鼎-西松,2024-05-03,9136
1443,立益物流,13,0,13,群益金鼎-西松,2024-05-03,9136
4714,永捷,20,7,13,群益金鼎-西松,2024-05-03,9136
5487,通泰,13,0,13,群益金鼎-西松,2024-05-03,9136
1314,中石化,49,37,12,群益金鼎-西松,2024-05-03,9136
1413,宏洲,12,0,12,群益金鼎-西松,2024-05-03,9136
2328,廣宇,13,1,12,群益金鼎-西松,2024-05-03,9136
2406,國碩,12,0,12,群益金鼎-西松,2024-05-03,9136
2736,富野,12,0,12,群益金鼎-西松,2024-05-03,9136
6596,寬宏藝術,13,1,12,群益金鼎-西松,2024-05-03,9136
2356,英業達,40,29,11,群益金鼎-西松,2024-05-03,9136
2388,威盛,12,1,11,群益金鼎-西松,2024-05-03,9136
6715,嘉基,11,0,11,群益金鼎-西松,2024-05-03,9136
00636,國泰中國A50,10,0,10,群益金鼎-西松,2024-05-03,9136
2637,慧洋-KY,11,1,10,群益金鼎-西松,2024-05-03,9136
4741,泓瀚,10,0,10,群益金鼎-西松,2024-05-03,9136
5364,力麗店,10,0,10,群益金鼎-西松,2024-05-03,9136
6189,豐藝,11,1,10,群益金鼎-西松,2024-05-03,9136
8464,億豐,10,0,10,群益金鼎-西松,2024-05-03,9136
00713,元大台灣高息低波,10,0,10,群益金鼎-西松,2024-05-03,9136
0056,元大高股息,11,2,9,群益金鼎-西松,2024-05-03,9136
00753L,中信中國50正2,11,2,9,群益金鼎-西松,2024-05-03,9136
6168,宏齊,36,27,9,群益金鼎-西松,2024-05-03,9136
00937B,群益ESG投等債20,4044,13,4031,群益金鼎-西松,2024-05-06,9136
00715L,期街口布蘭特正2,107,0,107,群益金鼎-西松,2024-05-06,9136
2383,台光電,84,6,78,群益金鼎-西松,2024-05-06,9136
00891,中信關鍵半導體,75,0,75,群益金鼎-西松,2024-05-06,9136
00933B,國泰10Y+金融債,62,0,62,群益金鼎-西松,2024-05-06,9136
00665L,富邦�琤肭磪囓�2,170,110,60,群益金鼎-西松,2024-05-06,9136
00929,復華台灣科技優息,61,12,49,群益金鼎-西松,2024-05-06,9136
2882,國泰金,52,4,48,群益金鼎-西松,2024-05-06,9136
3312,弘憶股,75,41,34,群益金鼎-西松,2024-05-06,9136
3416,融程電,30,0,30,群益金鼎-西松,2024-05-06,9136
00632R,元大台灣50反1,62,32,30,群益金鼎-西松,2024-05-06,9136
2888,新光金,38,11,27,群益金鼎-西松,2024-05-06,9136
9921,巨大,28,1,27,群益金鼎-西松,2024-05-06,9136
2108,南帝,25,0,25,群益金鼎-西松,2024-05-06,9136
4572,駐龍,24,0,24,群益金鼎-西松,2024-05-06,9136
6669,緯穎,25,1,24,群益金鼎-西松,2024-05-06,9136
2331,精英,22,0,22,群益金鼎-西松,2024-05-06,9136
4303,信立,36,15,21,群益金鼎-西松,2024-05-06,9136
2705,六福,20,0,20,群益金鼎-西松,2024-05-06,9136
4113,聯上,52,33,19,群益金鼎-西松,2024-05-06,9136
1326,台化,24,6,18,群益金鼎-西松,2024-05-06,9136
8046,南電,20,2,18,群益金鼎-西松,2024-05-06,9136
2376,技嘉,20,3,17,群益金鼎-西松,2024-05-06,9136
3321,同泰,26,9,17,群益金鼎-西松,2024-05-06,9136
00919,群益台灣精選高息,36,20,16,群益金鼎-西松,2024-05-06,9136
00764B,群益25年美債,16,0,16,群益金鼎-西松,2024-05-06,9136
1314,中石化,27,11,16,群益金鼎-西松,2024-05-06,9136
2501,國建,80,65,15,群益金鼎-西松,2024-05-06,9136
1413,宏洲,16,1,15,群益金鼎-西松,2024-05-06,9136
4306,炎洲,20,5,15,群益金鼎-西松,2024-05-06,9136
2352,佳世達,14,0,14,群益金鼎-西松,2024-05-06,9136
3703,欣陸,14,0,14,群益金鼎-西松,2024-05-06,9136
6125,廣運,36,22,14,群益金鼎-西松,2024-05-06,9136
3234,光環,13,0,13,群益金鼎-西松,2024-05-06,9136
00878,國泰永續高股息,12,0,12,群益金鼎-西松,2024-05-06,9136
3055,蔚華科,22,10,12,群益金鼎-西松,2024-05-06,9136
4558,寶緯,22,10,12,群益金鼎-西松,2024-05-06,9136
6239,力成,11,0,11,群益金鼎-西松,2024-05-06,9136
4542,科嶠,11,0,11,群益金鼎-西松,2024-05-06,9136
5521,工信,23,12,11,群益金鼎-西松,2024-05-06,9136
020031,統一IC設計臺灣N,10,0,10,群益金鼎-西松,2024-05-06,9136
1909,榮成,10,0,10,群益金鼎-西松,2024-05-06,9136
2356,英業達,22,12,10,群益金鼎-西松,2024-05-06,9136
2536,宏普,16,6,10,群益金鼎-西松,2024-05-06,9136
2545,皇翔,14,4,10,群益金鼎-西松,2024-05-06,9136
6152,百一,10,0,10,群益金鼎-西松,2024-05-06,9136
6288,聯嘉,10,0,10,群益金鼎-西松,2024-05-06,9136
9105,泰金寶-DR,10,0,10,群益金鼎-西松,2024-05-06,9136
2610,華航,20,11,9,群益金鼎-西松,2024-05-06,9136
2408,南亞科,12,3,9,群益金鼎-西松,2024-05-06,9136
00929,復華台灣科技優息,172,10,162,群益金鼎-西松,2024-05-07,9136
1612,宏泰,106,0,106,群益金鼎-西松,2024-05-07,9136
00937B,群益ESG投等債20,90,2,88,群益金鼎-西松,2024-05-07,9136
2486,一詮,153,86,67,群益金鼎-西松,2024-05-07,9136
2442,新美齊,59,15,44,群益金鼎-西松,2024-05-07,9136
3466,德晉,63,22,41,群益金鼎-西松,2024-05-07,9136
00933B,國泰10Y+金融債,41,0,41,群益金鼎-西松,2024-05-07,9136
2515,中工,202,164,38,群益金鼎-西松,2024-05-07,9136
6213,聯茂,36,1,35,群益金鼎-西松,2024-05-07,9136
2439,美律,40,8,32,群益金鼎-西松,2024-05-07,9136
3312,弘憶股,58,26,32,群益金鼎-西松,2024-05-07,9136
4306,炎洲,33,2,31,群益金鼎-西松,2024-05-07,9136
9945,潤泰新,31,5,26,群益金鼎-西松,2024-05-07,9136
2230,泰茂,26,1,25,群益金鼎-西松,2024-05-07,9136
5515,建國,25,0,25,群益金鼎-西松,2024-05-07,9136
3033,威健,41,16,25,群益金鼎-西松,2024-05-07,9136
2527,宏璟,25,3,22,群益金鼎-西松,2024-05-07,9136
2888,新光金,22,0,22,群益金鼎-西松,2024-05-07,9136
00877,復華中國5G,20,0,20,群益金鼎-西松,2024-05-07,9136
1319,東陽,19,0,19,群益金鼎-西松,2024-05-07,9136
2328,廣宇,27,8,19,群益金鼎-西松,2024-05-07,9136
2367,燿華,21,2,19,群益金鼎-西松,2024-05-07,9136
2371,大同,31,14,17,群益金鼎-西松,2024-05-07,9136
6770,力積電,17,1,16,群益金鼎-西松,2024-05-07,9136
1326,台化,17,2,15,群益金鼎-西松,2024-05-07,9136
2324,仁寶,16,1,15,群益金鼎-西松,2024-05-07,9136
2851,中再保,15,0,15,群益金鼎-西松,2024-05-07,9136
2883B,凱基金乙特,15,0,15,群益金鼎-西松,2024-05-07,9136
3024,憶聲,16,1,15,群益金鼎-西松,2024-05-07,9136
5521,工信,17,2,15,群益金鼎-西松,2024-05-07,9136
8096,擎亞,60,45,15,群益金鼎-西松,2024-05-07,9136
3703,欣陸,14,0,14,群益金鼎-西松,2024-05-07,9136
4741,泓瀚,16,2,14,群益金鼎-西松,2024-05-07,9136
2538,基泰,14,0,14,群益金鼎-西松,2024-05-07,9136
00713,元大台灣高息低波,14,2,12,群益金鼎-西松,2024-05-07,9136
2535,達欣工,18,6,12,群益金鼎-西松,2024-05-07,9136
3406,玉晶光,12,0,12,群益金鼎-西松,2024-05-07,9136
8033,雷虎,12,0,12,群益金鼎-西松,2024-05-07,9136
1439,雋揚,12,1,11,群益金鼎-西松,2024-05-07,9136
2323,中環,11,0,11,群益金鼎-西松,2024-05-07,9136
2506,太設,11,0,11,群益金鼎-西松,2024-05-07,9136
00878,國泰永續高股息,45,34,11,群益金鼎-西松,2024-05-07,9136
1514,亞力,19,9,10,群益金鼎-西松,2024-05-07,9136
1616,億泰,12,2,10,群益金鼎-西松,2024-05-07,9136
1905,華紙,10,0,10,群益金鼎-西松,2024-05-07,9136
2312,金寶,10,0,10,群益金鼎-西松,2024-05-07,9136
2331,精英,10,0,10,群益金鼎-西松,2024-05-07,9136
2344,華邦電,15,5,10,群益金鼎-西松,2024-05-07,9136
2497,怡利電,11,1,10,群益金鼎-西松,2024-05-07,9136
3234,光環,10,0,10,群益金鼎-西松,2024-05-07,9136
3481,群創,149,0,149,群益金鼎-西松,2024-05-08,9136
1312,國喬,100,0,100,群益金鼎-西松,2024-05-08,9136
00933B,國泰10Y+金融債,88,0,88,群益金鼎-西松,2024-05-08,9136
6005,群益證,78,0,78,群益金鼎-西松,2024-05-08,9136
2641,正德,59,5,54,群益金鼎-西松,2024-05-08,9136
3363,上詮,88,35,53,群益金鼎-西松,2024-05-08,9136
00931B,統一美債20年,50,0,50,群益金鼎-西松,2024-05-08,9136
2382,廣達,67,31,36,群益金鼎-西松,2024-05-08,9136
3711,日月光投控,33,0,33,群益金鼎-西松,2024-05-08,9136
4523,永彰,32,0,32,群益金鼎-西松,2024-05-08,9136
2206,三陽工業,32,1,31,群益金鼎-西松,2024-05-08,9136
00937B,群益ESG投等債20,29,0,29,群益金鼎-西松,2024-05-08,9136
00877,復華中國5G,20,0,20,群益金鼎-西松,2024-05-08,9136
1808,潤隆,20,0,20,群益金鼎-西松,2024-05-08,9136
3231,緯創,38,19,19,群益金鼎-西松,2024-05-08,9136
2855,統一證,17,0,17,群益金鼎-西松,2024-05-08,9136
2637,慧洋-KY,28,12,16,群益金鼎-西松,2024-05-08,9136
2542,興富發,25,10,15,群益金鼎-西松,2024-05-08,9136
2511,太子,15,0,15,群益金鼎-西松,2024-05-08,9136
5392,能率,15,1,14,群益金鼎-西松,2024-05-08,9136
5515,建國,14,0,14,群益金鼎-西松,2024-05-08,9136
6021,美好證,17,3,14,群益金鼎-西松,2024-05-08,9136
5871,中租-KY,17,3,14,群益金鼎-西松,2024-05-08,9136
00940,元大台灣價值高息,16,3,13,群益金鼎-西松,2024-05-08,9136
9921,巨大,14,1,13,群益金鼎-西松,2024-05-08,9136
1436,華友聯,17,5,12,群益金鼎-西松,2024-05-08,9136
3687,歐買尬,12,0,12,群益金鼎-西松,2024-05-08,9136
2351,順德,12,0,12,群益金鼎-西松,2024-05-08,9136
4967,十銓,33,22,11,群益金鼎-西松,2024-05-08,9136
2501,國建,12,1,11,群益金鼎-西松,2024-05-08,9136
2618,長榮航,19,8,11,群益金鼎-西松,2024-05-08,9136
4958,臻鼎-KY,11,0,11,群益金鼎-西松,2024-05-08,9136
2359,所羅門,33,22,11,群益金鼎-西松,2024-05-08,9136
5206,坤悅,13,2,11,群益金鼎-西松,2024-05-08,9136
6171,大城地產,15,4,11,群益金鼎-西松,2024-05-08,9136
6207,雷科,17,6,11,群益金鼎-西松,2024-05-08,9136
2603,長榮,11,1,10,群益金鼎-西松,2024-05-08,9136
00715L,期街口布蘭特正2,11,1,10,群益金鼎-西松,2024-05-08,9136
3036,文曄,10,0,10,群益金鼎-西松,2024-05-08,9136
3055,蔚華科,10,0,10,群益金鼎-西松,2024-05-08,9136
3694,海華,10,0,10,群益金鼎-西松,2024-05-08,9136
6163,華電網,10,0,10,群益金鼎-西松,2024-05-08,9136
6218,豪勉,11,1,10,群益金鼎-西松,2024-05-08,9136
6785,昱展新藥,10,0,10,群益金鼎-西松,2024-05-08,9136
8121,越峰,10,0,10,群益金鼎-西松,2024-05-08,9136
8467,波力-KY,11,1,10,群益金鼎-西松,2024-05-08,9136
1423,利華,9,0,9,群益金鼎-西松,2024-05-08,9136
2371,大同,32,23,9,群益金鼎-西松,2024-05-08,9136
3483,力致,10,1,9,群益金鼎-西松,2024-05-08,9136
5230,雷笛克光學,9,0,9,群益金鼎-西松,2024-05-08,9136
2888,新光金,601,1,600,群益金鼎-西松,2024-05-09,9136
1714,和桐,91,2,89,群益金鼎-西松,2024-05-09,9136
00764B,群益25年美債,82,0,82,群益金鼎-西松,2024-05-09,9136
00937B,群益ESG投等債20,91,13,78,群益金鼎-西松,2024-05-09,9136
3689,湧德,75,2,73,群益金鼎-西松,2024-05-09,9136
2353,宏��,71,22,49,群益金鼎-西松,2024-05-09,9136
6005,群益證,46,0,46,群益金鼎-西松,2024-05-09,9136
4113,聯上,45,3,42,群益金鼎-西松,2024-05-09,9136
00929,復華台灣科技優息,53,13,40,群益金鼎-西松,2024-05-09,9136
00679B,元大美債20年,36,0,36,群益金鼎-西松,2024-05-09,9136
00944,野村趨勢動能高息,34,0,34,群益金鼎-西松,2024-05-09,9136
2408,南亞科,39,9,30,群益金鼎-西松,2024-05-09,9136
6274,台燿,29,1,28,群益金鼎-西松,2024-05-09,9136
00933B,國泰10Y+金融債,31,5,26,群益金鼎-西松,2024-05-09,9136
00878,國泰永續高股息,46,21,25,群益金鼎-西松,2024-05-09,9136
00919,群益台灣精選高息,30,6,24,群益金鼎-西松,2024-05-09,9136
00733,富邦臺灣中小,22,0,22,群益金鼎-西松,2024-05-09,9136
3056,富華新,24,3,21,群益金鼎-西松,2024-05-09,9136
1809,中釉,20,0,20,群益金鼎-西松,2024-05-09,9136
2855,統一證,20,0,20,群益金鼎-西松,2024-05-09,9136
2618,長榮航,25,6,19,群益金鼎-西松,2024-05-09,9136
3617,碩天,18,0,18,群益金鼎-西松,2024-05-09,9136
8112,至上,17,0,17,群益金鼎-西松,2024-05-09,9136
00632R,元大台灣50反1,16,0,16,群益金鼎-西松,2024-05-09,9136
2328,廣宇,18,3,15,群益金鼎-西松,2024-05-09,9136
2371,大同,20,5,15,群益金鼎-西松,2024-05-09,9136
4207,環泰,15,0,15,群益金鼎-西松,2024-05-09,9136
6535,順藥,15,0,15,群益金鼎-西松,2024-05-09,9136
2359,所羅門,101,88,13,群益金鼎-西松,2024-05-09,9136
2892,第一金,16,3,13,群益金鼎-西松,2024-05-09,9136
9945,潤泰新,14,1,13,群益金鼎-西松,2024-05-09,9136
1314,中石化,12,0,12,群益金鼎-西松,2024-05-09,9136
1609,大亞,15,3,12,群益金鼎-西松,2024-05-09,9136
4303,信立,14,2,12,群益金鼎-西松,2024-05-09,9136
00940,元大台灣價值高息,13,2,11,群益金鼎-西松,2024-05-09,9136
6505,台塑化,11,0,11,群益金鼎-西松,2024-05-09,9136
00650L,復華香港正2,11,0,11,群益金鼎-西松,2024-05-09,9136
2362,藍天,21,10,11,群益金鼎-西松,2024-05-09,9136
2885,元大金,12,1,11,群益金鼎-西松,2024-05-09,9136
3363,上詮,27,16,11,群益金鼎-西松,2024-05-09,9136
00877,復華中國5G,20,10,10,群益金鼎-西松,2024-05-09,9136
00891,中信關鍵半導體,10,0,10,群益金鼎-西松,2024-05-09,9136
1440,南紡,10,0,10,群益金鼎-西松,2024-05-09,9136
1785,光洋科,14,4,10,群益金鼎-西松,2024-05-09,9136
4532,瑞智,10,0,10,群益金鼎-西松,2024-05-09,9136
4912,聯德控股-KY,16,6,10,群益金鼎-西松,2024-05-09,9136
6269,台郡,10,0,10,群益金鼎-西松,2024-05-09,9136
5871,中租-KY,16,7,9,群益金鼎-西松,2024-05-09,9136
2357,華碩,11,2,9,群益金鼎-西松,2024-05-09,9136
00773B,中信優先金融債,10,1,9,群益金鼎-西松,2024-05-09,9136
00940,元大台灣價值高息,214,20,194,群益金鼎-西松,2024-05-10,9136
6026,福邦證,152,0,152,群益金鼎-西松,2024-05-10,9136
00929,復華台灣科技優息,151,50,101,群益金鼎-西松,2024-05-10,9136
2371,大同,74,5,69,群益金鼎-西松,2024-05-10,9136
00933B,國泰10Y+金融債,56,1,55,群益金鼎-西松,2024-05-10,9136
00946,群益科技高息成長,59,8,51,群益金鼎-西松,2024-05-10,9136
2367,燿華,48,14,34,群益金鼎-西松,2024-05-10,9136
2353,宏��,31,4,27,群益金鼎-西松,2024-05-10,9136
2442,新美齊,25,0,25,群益金鼎-西松,2024-05-10,9136
6274,台燿,22,1,21,群益金鼎-西松,2024-05-10,9136
6213,聯茂,21,1,20,群益金鼎-西松,2024-05-10,9136
6770,力積電,19,0,19,群益金鼎-西松,2024-05-10,9136
2421,建準,25,7,18,群益金鼎-西松,2024-05-10,9136
6239,力成,18,1,17,群益金鼎-西松,2024-05-10,9136
2427,三商電,17,1,16,群益金鼎-西松,2024-05-10,9136
2382,廣達,31,15,16,群益金鼎-西松,2024-05-10,9136
00637L,元大滬深300正2,35,20,15,群益金鼎-西松,2024-05-10,9136
00753L,中信中國50正2,20,5,15,群益金鼎-西松,2024-05-10,9136
2887,台新金,15,0,15,群益金鼎-西松,2024-05-10,9136
2392,正崴,18,4,14,群益金鼎-西松,2024-05-10,9136
4113,聯上,15,1,14,群益金鼎-西松,2024-05-10,9136
00731,復華富時高息低波,13,0,13,群益金鼎-西松,2024-05-10,9136
2338,光罩,13,0,13,群益金鼎-西松,2024-05-10,9136
3013,晟銘電,103,90,13,群益金鼎-西松,2024-05-10,9136
6139,亞翔,15,3,12,群益金鼎-西松,2024-05-10,9136
00688L,國泰20年美債正2,12,0,12,群益金鼎-西松,2024-05-10,9136
00665L,富邦�琤肭磪囓�2,12,0,12,群益金鼎-西松,2024-05-10,9136
1463,強盛新,20,8,12,群益金鼎-西松,2024-05-10,9136
2409,友達,14,3,11,群益金鼎-西松,2024-05-10,9136
2022,聚亨,11,0,11,群益金鼎-西松,2024-05-10,9136
2385,群光,10,0,10,群益金鼎-西松,2024-05-10,9136
00877,復華中國5G,10,0,10,群益金鼎-西松,2024-05-10,9136
2883B,凱基金乙特,10,0,10,群益金鼎-西松,2024-05-10,9136
2892,第一金,10,0,10,群益金鼎-西松,2024-05-10,9136
6152,百一,10,0,10,群益金鼎-西松,2024-05-10,9136
6244,茂迪,23,13,10,群益金鼎-西松,2024-05-10,9136
8215,明基材,10,0,10,群益金鼎-西松,2024-05-10,9136
1806,冠軍,9,0,9,群益金鼎-西松,2024-05-10,9136
2457,飛宏,16,7,9,群益金鼎-西松,2024-05-10,9136
2607,榮運,13,4,9,群益金鼎-西松,2024-05-10,9136
3312,弘憶股,15,6,9,群益金鼎-西松,2024-05-10,9136
4976,佳凌,9,0,9,群益金鼎-西松,2024-05-10,9136
6116,彩晶,9,0,9,群益金鼎-西松,2024-05-10,9136
6206,飛捷,10,1,9,群益金鼎-西松,2024-05-10,9136
2408,南亞科,9,1,8,群益金鼎-西松,2024-05-10,9136
2324,仁寶,8,0,8,群益金鼎-西松,2024-05-10,9136
2497,怡利電,8,0,8,群益金鼎-西松,2024-05-10,9136
3712,永崴投控,8,0,8,群益金鼎-西松,2024-05-10,9136
5534,長虹,8,0,8,群益金鼎-西松,2024-05-10,9136
3583,辛耘,9,2,7,群益金鼎-西松,2024-05-10,9136
2888,新光金,414,7,407,群益金鼎-西松,2024-05-13,9136
00929,復華台灣科技優息,275,19,256,群益金鼎-西松,2024-05-13,9136
2618,長榮航,212,15,197,群益金鼎-西松,2024-05-13,9136
2331,精英,180,24,156,群益金鼎-西松,2024-05-13,9136
00918,大華優利高填息30,106,11,95,群益金鼎-西松,2024-05-13,9136
2610,華航,123,40,83,群益金鼎-西松,2024-05-13,9136
3321,同泰,75,0,75,群益金鼎-西松,2024-05-13,9136
00665L,富邦�琤肭磪囓�2,61,12,49,群益金鼎-西松,2024-05-13,9136
2880,華南金,49,0,49,群益金鼎-西松,2024-05-13,9136
00878,國泰永續高股息,56,11,45,群益金鼎-西松,2024-05-13,9136
00932,兆豐永續高息等權,42,0,42,群益金鼎-西松,2024-05-13,9136
00637L,元大滬深300正2,50,15,35,群益金鼎-西松,2024-05-13,9136
00632R,元大台灣50反1,35,0,35,群益金鼎-西松,2024-05-13,9136
2464,盟立,44,10,34,群益金鼎-西松,2024-05-13,9136
00937B,群益ESG投等債20,31,0,31,群益金鼎-西松,2024-05-13,9136
1815,富喬,82,51,31,群益金鼎-西松,2024-05-13,9136
4576,大銀微系統,50,19,31,群益金鼎-西松,2024-05-13,9136
2633,台灣高鐵,30,0,30,群益金鼎-西松,2024-05-13,9136
3062,建漢,30,1,29,群益金鼎-西松,2024-05-13,9136
6005,群益證,31,2,29,群益金鼎-西松,2024-05-13,9136
2617,台航,28,1,27,群益金鼎-西松,2024-05-13,9136
3231,緯創,28,1,27,群益金鼎-西松,2024-05-13,9136
2887,台新金,26,1,25,群益金鼎-西松,2024-05-13,9136
1467,南緯,24,0,24,群益金鼎-西松,2024-05-13,9136
2509,全坤建,29,5,24,群益金鼎-西松,2024-05-13,9136
00753L,中信中國50正2,23,0,23,群益金鼎-西松,2024-05-13,9136
4905,台聯電,23,1,22,群益金鼎-西松,2024-05-13,9136
2891,中信金,36,14,22,群益金鼎-西松,2024-05-13,9136
3047,訊舟,31,10,21,群益金鼎-西松,2024-05-13,9136
2606,裕民,42,22,20,群益金鼎-西松,2024-05-13,9136
2317,鴻海,27,7,20,群益金鼎-西松,2024-05-13,9136
00923,群益台ESG低碳50,20,0,20,群益金鼎-西松,2024-05-13,9136
4912,聯德控股-KY,18,0,18,群益金鼎-西松,2024-05-13,9136
00933B,國泰10Y+金融債,40,22,18,群益金鼎-西松,2024-05-13,9136
1563,巧新,24,7,17,群益金鼎-西松,2024-05-13,9136
2542,興富發,19,3,16,群益金鼎-西松,2024-05-13,9136
6593,台灣銘板,16,0,16,群益金鼎-西松,2024-05-13,9136
4903,聯光通,15,0,15,群益金鼎-西松,2024-05-13,9136
8085,福華,28,13,15,群益金鼎-西松,2024-05-13,9136
8271,宇瞻,15,0,15,群益金鼎-西松,2024-05-13,9136
1795,美時,15,1,14,群益金鼎-西松,2024-05-13,9136
1593,祺驊,14,0,14,群益金鼎-西松,2024-05-13,9136
3691,碩禾,14,0,14,群益金鼎-西松,2024-05-13,9136
1301,台塑,14,0,14,群益金鼎-西松,2024-05-13,9136
8936,國統,49,36,13,群益金鼎-西松,2024-05-13,9136
3363,上詮,140,127,13,群益金鼎-西松,2024-05-13,9136
6477,安集,13,0,13,群益金鼎-西松,2024-05-13,9136
2520,冠德,14,2,12,群益金鼎-西松,2024-05-13,9136
2855,統一證,12,0,12,群益金鼎-西松,2024-05-13,9136
00679B,元大美債20年,12,0,12,群益金鼎-西松,2024-05-13,9136
00933B,國泰10Y+金融債,211,10,201,群益金鼎-西松,2024-05-14,9136
2609,陽明,376,188,188,群益金鼎-西松,2024-05-14,9136
4113,聯上,99,17,82,群益金鼎-西松,2024-05-14,9136
00665L,富邦�琤肭磪囓�2,150,90,60,群益金鼎-西松,2024-05-14,9136
2449,京元電子,49,0,49,群益金鼎-西松,2024-05-14,9136
00637L,元大滬深300正2,51,3,48,群益金鼎-西松,2024-05-14,9136
00937B,群益ESG投等債20,47,0,47,群益金鼎-西松,2024-05-14,9136
3014,聯陽,47,0,47,群益金鼎-西松,2024-05-14,9136
2385,群光,39,0,39,群益金鼎-西松,2024-05-14,9136
2442,新美齊,40,1,39,群益金鼎-西松,2024-05-14,9136
00929,復華台灣科技優息,34,4,30,群益金鼎-西松,2024-05-14,9136
1109,信大,30,0,30,群益金鼎-西松,2024-05-14,9136
3062,建漢,30,1,29,群益金鼎-西松,2024-05-14,9136
5608,四維航,34,5,29,群益金鼎-西松,2024-05-14,9136
3059,華晶科,40,12,28,群益金鼎-西松,2024-05-14,9136
2317,鴻海,48,22,26,群益金鼎-西松,2024-05-14,9136
2103,台橡,26,0,26,群益金鼎-西松,2024-05-14,9136
2363,矽統,88,64,24,群益金鼎-西松,2024-05-14,9136
3231,緯創,35,11,24,群益金鼎-西松,2024-05-14,9136
00753L,中信中國50正2,23,0,23,群益金鼎-西松,2024-05-14,9136
4416,三圓,22,0,22,群益金鼎-西松,2024-05-14,9136
6506,雙邦,22,0,22,群益金鼎-西松,2024-05-14,9136
9945,潤泰新,53,31,22,群益金鼎-西松,2024-05-14,9136
00632R,元大台灣50反1,20,0,20,群益金鼎-西松,2024-05-14,9136
1314,中石化,20,0,20,群益金鼎-西松,2024-05-14,9136
8935,邦泰,19,0,19,群益金鼎-西松,2024-05-14,9136
6171,大城地產,18,2,16,群益金鼎-西松,2024-05-14,9136
6125,廣運,32,17,15,群益金鼎-西松,2024-05-14,9136
6213,聯茂,15,0,15,群益金鼎-西松,2024-05-14,9136
00923,群益台ESG低碳50,20,6,14,群益金鼎-西松,2024-05-14,9136
2427,三商電,14,0,14,群益金鼎-西松,2024-05-14,9136
6616,特昇-KY,19,6,13,群益金鼎-西松,2024-05-14,9136
2615,萬海,93,81,12,群益金鼎-西松,2024-05-14,9136
2641,正德,12,0,12,群益金鼎-西松,2024-05-14,9136
5455,昇益,12,0,12,群益金鼎-西松,2024-05-14,9136
2603,長榮,49,38,11,群益金鼎-西松,2024-05-14,9136
2732,六角,11,0,11,群益金鼎-西松,2024-05-14,9136
1614,三洋電,17,6,11,群益金鼎-西松,2024-05-14,9136
2486,一詮,20,9,11,群益金鼎-西松,2024-05-14,9136
3702,大聯大,11,0,11,群益金鼎-西松,2024-05-14,9136
2101,南港,18,8,10,群益金鼎-西松,2024-05-14,9136
5388,中磊,10,0,10,群益金鼎-西松,2024-05-14,9136
3376,新日興,25,15,10,群益金鼎-西松,2024-05-14,9136
00936,台新永續高息中小,10,0,10,群益金鼎-西松,2024-05-14,9136
00878,國泰永續高股息,29,19,10,群益金鼎-西松,2024-05-14,9136
00877,復華中國5G,10,0,10,群益金鼎-西松,2024-05-14,9136
00713,元大台灣高息低波,11,1,10,群益金鼎-西松,2024-05-14,9136
1519,華城,12,2,10,群益金鼎-西松,2024-05-14,9136
1563,巧新,10,0,10,群益金鼎-西松,2024-05-14,9136
1605,華新,10,0,10,群益金鼎-西松,2024-05-14,9136
00637L,元大滬深300正2,210,0,210,群益金鼎-西松,2024-05-15,9136
2883,凱基金,202,6,196,群益金鼎-西松,2024-05-15,9136
2888,新光金,181,5,176,群益金鼎-西松,2024-05-15,9136
00919,群益台灣精選高息,174,8,166,群益金鼎-西松,2024-05-15,9136
4543,萬在,130,4,126,群益金鼎-西松,2024-05-15,9136
00929,復華台灣科技優息,163,50,113,群益金鼎-西松,2024-05-15,9136
4113,聯上,102,3,99,群益金鼎-西松,2024-05-15,9136
2356,英業達,125,37,88,群益金鼎-西松,2024-05-15,9136
00878,國泰永續高股息,104,18,86,群益金鼎-西松,2024-05-15,9136
00715L,期街口布蘭特正2,61,0,61,群益金鼎-西松,2024-05-15,9136
2882,國泰金,83,22,61,群益金鼎-西松,2024-05-15,9136
2880,華南金,64,5,59,群益金鼎-西松,2024-05-15,9136
00937B,群益ESG投等債20,57,0,57,群益金鼎-西松,2024-05-15,9136
00632R,元大台灣50反1,43,0,43,群益金鼎-西松,2024-05-15,9136
2405,輔信,46,7,39,群益金鼎-西松,2024-05-15,9136
00932,兆豐永續高息等權,38,0,38,群益金鼎-西松,2024-05-15,9136
2104,國際中橡,35,0,35,群益金鼎-西松,2024-05-15,9136
6147,頎邦,35,1,34,群益金鼎-西松,2024-05-15,9136
3033,威健,34,2,32,群益金鼎-西松,2024-05-15,9136
00933B,國泰10Y+金融債,30,0,30,群益金鼎-西松,2024-05-15,9136
2542,興富發,30,1,29,群益金鼎-西松,2024-05-15,9136
2406,國碩,41,17,24,群益金鼎-西松,2024-05-15,9136
00940,元大台灣價值高息,29,7,22,群益金鼎-西松,2024-05-15,9136
6274,台燿,27,7,20,群益金鼎-西松,2024-05-15,9136
2486,一詮,89,69,20,群益金鼎-西松,2024-05-15,9136
2867,三商壽,20,0,20,群益金鼎-西松,2024-05-15,9136
1795,美時,25,7,18,群益金鼎-西松,2024-05-15,9136
5314,世紀,19,1,18,群益金鼎-西松,2024-05-15,9136
2363,矽統,150,133,17,群益金鼎-西松,2024-05-15,9136
8433,弘帆,17,0,17,群益金鼎-西松,2024-05-15,9136
6770,力積電,20,4,16,群益金鼎-西松,2024-05-15,9136
3481,群創,17,3,14,群益金鼎-西松,2024-05-15,9136
4555,氣立,14,0,14,群益金鼎-西松,2024-05-15,9136
2465,麗臺,40,27,13,群益金鼎-西松,2024-05-15,9136
1220,台榮,13,0,13,群益金鼎-西松,2024-05-15,9136
8424,惠普,12,0,12,群益金鼎-西松,2024-05-15,9136
2328,廣宇,16,5,11,群益金鼎-西松,2024-05-15,9136
2515,中工,11,0,11,群益金鼎-西松,2024-05-15,9136
3066,李洲,11,0,11,群益金鼎-西松,2024-05-15,9136
3363,上詮,36,25,11,群益金鼎-西松,2024-05-15,9136
2812,台中銀,10,0,10,群益金鼎-西松,2024-05-15,9136
3661,世芯-KY,13,3,10,群益金鼎-西松,2024-05-15,9136
1217,愛之味,10,0,10,群益金鼎-西松,2024-05-15,9136
3224,三顧,11,1,10,群益金鼎-西松,2024-05-15,9136
6423,億而得-創,11,1,10,群益金鼎-西松,2024-05-15,9136
2801,彰銀,10,0,10,群益金鼎-西松,2024-05-15,9136
2101,南港,14,5,9,群益金鼎-西松,2024-05-15,9136
2353,宏��,43,34,9,群益金鼎-西松,2024-05-15,9136
2485,兆赫,9,0,9,群益金鼎-西松,2024-05-15,9136
6823,濾能,12,3,9,群益金鼎-西松,2024-05-15,9136
00878,國泰永續高股息,167,21,146,群益金鼎-西松,2024-05-16,9136
2356,英業達,215,75,140,群益金鼎-西松,2024-05-16,9136
00939,統一台灣高息動能,92,0,92,群益金鼎-西松,2024-05-16,9136
00940,元大台灣價值高息,85,7,78,群益金鼎-西松,2024-05-16,9136
6288,聯嘉,76,0,76,群益金鼎-西松,2024-05-16,9136
00937B,群益ESG投等債20,153,100,53,群益金鼎-西松,2024-05-16,9136
2355,敬鵬,50,1,49,群益金鼎-西松,2024-05-16,9136
00922,國泰台灣領袖50,49,2,47,群益金鼎-西松,2024-05-16,9136
00632R,元大台灣50反1,46,0,46,群益金鼎-西松,2024-05-16,9136
2241,艾姆勒,52,7,45,群益金鼎-西松,2024-05-16,9136
2365,昆盈,86,46,40,群益金鼎-西松,2024-05-16,9136
3450,聯鈞,45,7,38,群益金鼎-西松,2024-05-16,9136
2363,矽統,53,19,34,群益金鼎-西松,2024-05-16,9136
4533,協易機,45,14,31,群益金鼎-西松,2024-05-16,9136
3024,憶聲,28,3,25,群益金鼎-西松,2024-05-16,9136
5309,系統電,25,0,25,群益金鼎-西松,2024-05-16,9136
00891,中信關鍵半導體,20,0,20,群益金鼎-西松,2024-05-16,9136
4113,聯上,33,13,20,群益金鼎-西松,2024-05-16,9136
6716,應廣,19,0,19,群益金鼎-西松,2024-05-16,9136
2486,一詮,25,9,16,群益金鼎-西松,2024-05-16,9136
8358,金居,19,4,15,群益金鼎-西松,2024-05-16,9136
2359,所羅門,88,74,14,群益金鼎-西松,2024-05-16,9136
6457,紘康,19,5,14,群益金鼎-西松,2024-05-16,9136
3305,昇貿,24,11,13,群益金鼎-西松,2024-05-16,9136
00713,元大台灣高息低波,24,11,13,群益金鼎-西松,2024-05-16,9136
3231,緯創,16,3,13,群益金鼎-西松,2024-05-16,9136
00680L,元大美債20正2,13,0,13,群益金鼎-西松,2024-05-16,9136
00932,兆豐永續高息等權,13,0,13,群益金鼎-西松,2024-05-16,9136
2374,佳能,21,8,13,群益金鼎-西松,2024-05-16,9136
3062,建漢,13,0,13,群益金鼎-西松,2024-05-16,9136
3535,晶彩科,13,0,13,群益金鼎-西松,2024-05-16,9136
5489,彩富,13,0,13,群益金鼎-西松,2024-05-16,9136
2301,光寶科,18,5,13,群益金鼎-西松,2024-05-16,9136
2408,南亞科,12,0,12,群益金鼎-西松,2024-05-16,9136
8096,擎亞,49,37,12,群益金鼎-西松,2024-05-16,9136
3455,由田,11,0,11,群益金鼎-西松,2024-05-16,9136
6657,華安,12,1,11,群益金鼎-西松,2024-05-16,9136
8071,能率網通,11,0,11,群益金鼎-西松,2024-05-16,9136
00933B,國泰10Y+金融債,11,0,11,群益金鼎-西松,2024-05-16,9136
00753L,中信中國50正2,14,4,10,群益金鼎-西松,2024-05-16,9136
00936,台新永續高息中小,10,0,10,群益金鼎-西松,2024-05-16,9136
4912,聯德控股-KY,10,0,10,群益金鼎-西松,2024-05-16,9136
00703,台新MSCI中國,9,0,9,群益金鼎-西松,2024-05-16,9136
2465,麗臺,50,41,9,群益金鼎-西松,2024-05-16,9136
3360,尚立,11,2,9,群益金鼎-西松,2024-05-16,9136
5392,能率,16,7,9,群益金鼎-西松,2024-05-16,9136
1537,廣隆,8,0,8,群益金鼎-西松,2024-05-16,9136
3702,大聯大,8,0,8,群益金鼎-西松,2024-05-16,9136
4768,晶呈科技,8,0,8,群益金鼎-西松,2024-05-16,9136
2331,精英,9,1,8,群益金鼎-西松,2024-05-16,9136
2610,華航,302,30,272,群益金鼎-西松,2024-05-17,9136
00937B,群益ESG投等債20,255,7,248,群益金鼎-西松,2024-05-17,9136
9904,寶成,199,0,199,群益金鼎-西松,2024-05-17,9136
00929,復華台灣科技優息,192,3,189,群益金鼎-西松,2024-05-17,9136
2317,鴻海,189,16,173,群益金鼎-西松,2024-05-17,9136
3024,憶聲,232,89,143,群益金鼎-西松,2024-05-17,9136
00878,國泰永續高股息,143,5,138,群益金鼎-西松,2024-05-17,9136
00940,元大台灣價值高息,65,10,55,群益金鼎-西松,2024-05-17,9136
3481,群創,48,1,47,群益金鼎-西松,2024-05-17,9136
00919,群益台灣精選高息,49,3,46,群益金鼎-西松,2024-05-17,9136
6143,振曜,45,0,45,群益金鼎-西松,2024-05-17,9136
911868,同方友友-DR,30,0,30,群益金鼎-西松,2024-05-17,9136
2609,陽明,41,13,28,群益金鼎-西松,2024-05-17,9136
2374,佳能,144,117,27,群益金鼎-西松,2024-05-17,9136
2509,全坤建,27,0,27,群益金鼎-西松,2024-05-17,9136
00679B,元大美債20年,25,1,24,群益金鼎-西松,2024-05-17,9136
8488,吉源-KY,24,0,24,群益金鼎-西松,2024-05-17,9136
00891,中信關鍵半導體,23,0,23,群益金鼎-西松,2024-05-17,9136
00936,台新永續高息中小,21,0,21,群益金鼎-西松,2024-05-17,9136
6770,力積電,23,2,21,群益金鼎-西松,2024-05-17,9136
00922,國泰台灣領袖50,20,0,20,群益金鼎-西松,2024-05-17,9136
00931B,統一美債20年,20,0,20,群益金鼎-西松,2024-05-17,9136
4113,聯上,50,30,20,群益金鼎-西松,2024-05-17,9136
2405,輔信,20,1,19,群益金鼎-西松,2024-05-17,9136
2417,圓剛,20,3,17,群益金鼎-西松,2024-05-17,9136
9945,潤泰新,22,6,16,群益金鼎-西松,2024-05-17,9136
2464,盟立,46,30,16,群益金鼎-西松,2024-05-17,9136
4714,永捷,16,0,16,群益金鼎-西松,2024-05-17,9136
3047,訊舟,33,18,15,群益金鼎-西松,2024-05-17,9136
4549,桓達,17,2,15,群益金鼎-西松,2024-05-17,9136
4912,聯德控股-KY,15,0,15,群益金鼎-西松,2024-05-17,9136
6257,矽格,35,20,15,群益金鼎-西松,2024-05-17,9136
6785,昱展新藥,16,1,15,群益金鼎-西松,2024-05-17,9136
2408,南亞科,19,5,14,群益金鼎-西松,2024-05-17,9136
1522,堤維西,16,2,14,群益金鼎-西松,2024-05-17,9136
3455,由田,14,0,14,群益金鼎-西松,2024-05-17,9136
2382,廣達,52,38,14,群益金鼎-西松,2024-05-17,9136
2352,佳世達,20,7,13,群益金鼎-西松,2024-05-17,9136
1446,宏和,13,0,13,群益金鼎-西松,2024-05-17,9136
2324,仁寶,13,0,13,群益金鼎-西松,2024-05-17,9136
2852,第一保,13,0,13,群益金鼎-西松,2024-05-17,9136
5371,中光電,20,7,13,群益金鼎-西松,2024-05-17,9136
5515,建國,15,2,13,群益金鼎-西松,2024-05-17,9136
2365,昆盈,22,10,12,群益金鼎-西松,2024-05-17,9136
2537,聯上發,71,59,12,群益金鼎-西松,2024-05-17,9136
3030,德律,13,1,12,群益金鼎-西松,2024-05-17,9136
3363,上詮,21,10,11,群益金鼎-西松,2024-05-17,9136
1808,潤隆,13,2,11,群益金鼎-西松,2024-05-17,9136
5381,合正,11,0,11,群益金鼎-西松,2024-05-17,9136
6197,佳必琪,12,1,11,群益金鼎-西松,2024-05-17,9136
2363,矽統,577,45,532,群益金鼎-西松,2024-05-20,9136
9904,寶成,276,1,275,群益金鼎-西松,2024-05-20,9136
2352,佳世達,249,13,236,群益金鼎-西松,2024-05-20,9136
00929,復華台灣科技優息,114,0,114,群益金鼎-西松,2024-05-20,9136
00878,國泰永續高股息,108,1,107,群益金鼎-西松,2024-05-20,9136
6147,頎邦,108,3,105,群益金鼎-西松,2024-05-20,9136
1723,中碳,98,1,97,群益金鼎-西松,2024-05-20,9136
2867,三商壽,77,15,62,群益金鼎-西松,2024-05-20,9136
00937B,群益ESG投等債20,59,0,59,群益金鼎-西松,2024-05-20,9136
2317,鴻海,73,32,41,群益金鼎-西松,2024-05-20,9136
3694,海華,38,1,37,群益金鼎-西松,2024-05-20,9136
2028,威致,34,0,34,群益金鼎-西松,2024-05-20,9136
2353,宏��,34,2,32,群益金鼎-西松,2024-05-20,9136
00919,群益台灣精選高息,60,29,31,群益金鼎-西松,2024-05-20,9136
2883,凱基金,35,4,31,群益金鼎-西松,2024-05-20,9136
2486,一詮,43,12,31,群益金鼎-西松,2024-05-20,9136
5009,榮剛,33,3,30,群益金鼎-西松,2024-05-20,9136
3306,鼎天,29,0,29,群益金鼎-西松,2024-05-20,9136
5309,系統電,30,1,29,群益金鼎-西松,2024-05-20,9136
6770,力積電,34,7,27,群益金鼎-西松,2024-05-20,9136
00679B,元大美債20年,27,0,27,群益金鼎-西松,2024-05-20,9136
5234,達興材料,25,0,25,群益金鼎-西松,2024-05-20,9136
00936,台新永續高息中小,25,0,25,群益金鼎-西松,2024-05-20,9136
3060,銘異,30,7,23,群益金鼎-西松,2024-05-20,9136
3219,倚強科,24,1,23,群益金鼎-西松,2024-05-20,9136
8936,國統,36,14,22,群益金鼎-西松,2024-05-20,9136
3005,神基,40,19,21,群益金鼎-西松,2024-05-20,9136
020033,統一�琤肮黕篾,20,0,20,群益金鼎-西松,2024-05-20,9136
4113,聯上,39,20,19,群益金鼎-西松,2024-05-20,9136
2609,陽明,26,10,16,群益金鼎-西松,2024-05-20,9136
3014,聯陽,17,1,16,群益金鼎-西松,2024-05-20,9136
3030,德律,23,7,16,群益金鼎-西松,2024-05-20,9136
3044,健鼎,20,4,16,群益金鼎-西松,2024-05-20,9136
4545,銘鈺,25,9,16,群益金鼎-西松,2024-05-20,9136
2634,漢翔,26,10,16,群益金鼎-西松,2024-05-20,9136
4303,信立,15,0,15,群益金鼎-西松,2024-05-20,9136
2362,藍天,15,1,14,群益金鼎-西松,2024-05-20,9136
00940,元大台灣價值高息,24,10,14,群益金鼎-西松,2024-05-20,9136
6414,樺漢,15,2,13,群益金鼎-西松,2024-05-20,9136
3294,英濟,22,9,13,群益金鼎-西松,2024-05-20,9136
5392,能率,32,19,13,群益金鼎-西松,2024-05-20,9136
3324,雙鴻,18,6,12,群益金鼎-西松,2024-05-20,9136
2034,允強,11,0,11,群益金鼎-西松,2024-05-20,9136
5704,老爺知,13,2,11,群益金鼎-西松,2024-05-20,9136
5906,台南-KY,21,10,11,群益金鼎-西松,2024-05-20,9136
4533,協易機,54,44,10,群益金鼎-西松,2024-05-20,9136
1909,榮成,10,0,10,群益金鼎-西松,2024-05-20,9136
2355,敬鵬,10,0,10,群益金鼎-西松,2024-05-20,9136
2359,所羅門,91,81,10,群益金鼎-西松,2024-05-20,9136
2485,兆赫,10,0,10,群益金鼎-西松,2024-05-20,9136
00929,復華台灣科技優息,257,13,244,群益金鼎-西松,2024-05-21,9136
00937B,群益ESG投等債20,242,0,242,群益金鼎-西松,2024-05-21,9136
6147,頎邦,130,6,124,群益金鼎-西松,2024-05-21,9136
00878,國泰永續高股息,99,1,98,群益金鼎-西松,2024-05-21,9136
2618,長榮航,117,25,92,群益金鼎-西松,2024-05-21,9136
4533,協易機,101,31,70,群益金鼎-西松,2024-05-21,9136
2007,燁興,72,10,62,群益金鼎-西松,2024-05-21,9136
00650L,復華香港正2,65,10,55,群益金鼎-西松,2024-05-21,9136
8096,擎亞,62,11,51,群益金鼎-西松,2024-05-21,9136
2883,凱基金,58,11,47,群益金鼎-西松,2024-05-21,9136
3060,銘異,49,4,45,群益金鼎-西松,2024-05-21,9136
2409,友達,41,0,41,群益金鼎-西松,2024-05-21,9136
3481,群創,41,0,41,群益金鼎-西松,2024-05-21,9136
6425,易發,30,0,30,群益金鼎-西松,2024-05-21,9136
4113,聯上,37,9,28,群益金鼎-西松,2024-05-21,9136
2887,台新金,30,3,27,群益金鼎-西松,2024-05-21,9136
9921,巨大,28,1,27,群益金鼎-西松,2024-05-21,9136
3338,泰碩,113,87,26,群益金鼎-西松,2024-05-21,9136
00687B,國泰20年美債,21,0,21,群益金鼎-西松,2024-05-21,9136
2241,艾姆勒,40,19,21,群益金鼎-西松,2024-05-21,9136
4952,凌通,27,6,21,群益金鼎-西松,2024-05-21,9136
2467,志聖,20,0,20,群益金鼎-西松,2024-05-21,9136
2542,興富發,21,1,20,群益金鼎-西松,2024-05-21,9136
9105,泰金寶-DR,20,0,20,群益金鼎-西松,2024-05-21,9136
1319,東陽,18,1,17,群益金鼎-西松,2024-05-21,9136
2363,矽統,56,39,17,群益金鼎-西松,2024-05-21,9136
2611,志信,19,3,16,群益金鼎-西松,2024-05-21,9136
00922,國泰台灣領袖50,15,0,15,群益金鼎-西松,2024-05-21,9136
6770,力積電,30,15,15,群益金鼎-西松,2024-05-21,9136
1605,華新,63,48,15,群益金鼎-西松,2024-05-21,9136
2362,藍天,14,0,14,群益金鼎-西松,2024-05-21,9136
6488,環球晶,14,0,14,群益金鼎-西松,2024-05-21,9136
2442,新美齊,18,4,14,群益金鼎-西松,2024-05-21,9136
1326,台化,13,0,13,群益金鼎-西松,2024-05-21,9136
4303,信立,13,0,13,群益金鼎-西松,2024-05-21,9136
4549,桓達,13,0,13,群益金鼎-西松,2024-05-21,9136
8049,晶采,13,0,13,群益金鼎-西松,2024-05-21,9136
2834,臺企銀,12,0,12,群益金鼎-西松,2024-05-21,9136
3324,雙鴻,19,7,12,群益金鼎-西松,2024-05-21,9136
6823,濾能,12,0,12,群益金鼎-西松,2024-05-21,9136
5306,桂盟,11,0,11,群益金鼎-西松,2024-05-21,9136
8936,國統,26,15,11,群益金鼎-西松,2024-05-21,9136
2027,大成鋼,17,6,11,群益金鼎-西松,2024-05-21,9136
4967,十銓,71,61,10,群益金鼎-西松,2024-05-21,9136
00665L,富邦�琤肭磪囓�2,10,0,10,群益金鼎-西松,2024-05-21,9136
2485,兆赫,10,0,10,群益金鼎-西松,2024-05-21,9136
2606,裕民,10,0,10,群益金鼎-西松,2024-05-21,9136
2897,王道銀行,10,0,10,群益金鼎-西松,2024-05-21,9136
3379,彬台,10,0,10,群益金鼎-西松,2024-05-21,9136
3577,泓格,11,1,10,群益金鼎-西松,2024-05-21,9136
3481,群創,888,289,599,群益金鼎-西松,2024-05-22,9136
2317,鴻海,217,39,178,群益金鼎-西松,2024-05-22,9136
2324,仁寶,179,64,115,群益金鼎-西松,2024-05-22,9136
3363,上詮,97,1,96,群益金鼎-西松,2024-05-22,9136
1785,光洋科,100,9,91,群益金鼎-西松,2024-05-22,9136
3540,曜越,92,13,79,群益金鼎-西松,2024-05-22,9136
00919,群益台灣精選高息,83,15,68,群益金鼎-西松,2024-05-22,9136
00753L,中信中國50正2,61,0,61,群益金鼎-西松,2024-05-22,9136
00929,復華台灣科技優息,59,3,56,群益金鼎-西松,2024-05-22,9136
4533,協易機,139,84,55,群益金鼎-西松,2024-05-22,9136
5371,中光電,85,32,53,群益金鼎-西松,2024-05-22,9136
3234,光環,51,1,50,群益金鼎-西松,2024-05-22,9136
2618,長榮航,59,14,45,群益金鼎-西松,2024-05-22,9136
6005,群益證,45,0,45,群益金鼎-西松,2024-05-22,9136
00937B,群益ESG投等債20,41,0,41,群益金鼎-西松,2024-05-22,9136
2007,燁興,37,0,37,群益金鼎-西松,2024-05-22,9136
00715L,期街口布蘭特正2,35,0,35,群益金鼎-西松,2024-05-22,9136
2489,瑞軒,31,0,31,群益金鼎-西松,2024-05-22,9136
00650L,復華香港正2,33,5,28,群益金鼎-西松,2024-05-22,9136
00632R,元大台灣50反1,33,8,25,群益金鼎-西松,2024-05-22,9136
4157,太景*-KY,25,0,25,群益金鼎-西松,2024-05-22,9136
5521,工信,25,0,25,群益金鼎-西松,2024-05-22,9136
00877,復華中國5G,23,0,23,群益金鼎-西松,2024-05-22,9136
1809,中釉,30,9,21,群益金鼎-西松,2024-05-22,9136
4113,聯上,23,3,20,群益金鼎-西松,2024-05-22,9136
2882,國泰金,32,12,20,群益金鼎-西松,2024-05-22,9136
3577,泓格,26,8,18,群益金鼎-西松,2024-05-22,9136
00922,國泰台灣領袖50,17,0,17,群益金鼎-西松,2024-05-22,9136
3356,奇偶,21,4,17,群益金鼎-西松,2024-05-22,9136
8107,大億金茂,17,0,17,群益金鼎-西松,2024-05-22,9136
3013,晟銘電,100,84,16,群益金鼎-西松,2024-05-22,9136
4506,崇友,16,0,16,群益金鼎-西松,2024-05-22,9136
4527,方土霖,17,1,16,群益金鼎-西松,2024-05-22,9136
6546,正基,18,2,16,群益金鼎-西松,2024-05-22,9136
2002,中鋼,20,4,16,群益金鼎-西松,2024-05-22,9136
2354,鴻準,59,44,15,群益金鼎-西松,2024-05-22,9136
6189,豐藝,17,2,15,群益金鼎-西松,2024-05-22,9136
1752,南光,14,0,14,群益金鼎-西松,2024-05-22,9136
3047,訊舟,52,39,13,群益金鼎-西松,2024-05-22,9136
3518,柏騰,13,0,13,群益金鼎-西松,2024-05-22,9136
5009,榮剛,13,0,13,群益金鼎-西松,2024-05-22,9136
6666,羅麗芬-KY,13,0,13,群益金鼎-西松,2024-05-22,9136
8028,昇陽半導體,21,8,13,群益金鼎-西松,2024-05-22,9136
00712,復華富時不動產,12,0,12,群益金鼎-西松,2024-05-22,9136
2027,大成鋼,12,0,12,群益金鼎-西松,2024-05-22,9136
1605,華新,15,3,12,群益金鼎-西松,2024-05-22,9136
2834,臺企銀,12,0,12,群益金鼎-西松,2024-05-22,9136
3605,宏致,13,1,12,群益金鼎-西松,2024-05-22,9136
4905,台聯電,11,0,11,群益金鼎-西松,2024-05-22,9136
4989,榮科,11,0,11,群益金鼎-西松,2024-05-22,9136
00937B,群益ESG投等債20,173,8,165,群益金鼎-西松,2024-05-23,9136
5469,瀚宇博,126,0,126,群益金鼎-西松,2024-05-23,9136
00712,復華富時不動產,115,0,115,群益金鼎-西松,2024-05-23,9136
2009,第一銅,103,15,88,群益金鼎-西松,2024-05-23,9136
00665L,富邦�琤肭磪囓�2,135,50,85,群益金鼎-西松,2024-05-23,9136
5371,中光電,97,22,75,群益金鼎-西松,2024-05-23,9136
1536,和大,62,6,56,群益金鼎-西松,2024-05-23,9136
2515,中工,110,55,55,群益金鼎-西松,2024-05-23,9136
6125,廣運,119,66,53,群益金鼎-西松,2024-05-23,9136
00936,台新永續高息中小,49,0,49,群益金鼎-西松,2024-05-23,9136
3059,華晶科,59,11,48,群益金鼎-西松,2024-05-23,9136
2353,宏��,124,82,42,群益金鼎-西松,2024-05-23,9136
2618,長榮航,44,8,36,群益金鼎-西松,2024-05-23,9136
2888,新光金,43,8,35,群益金鼎-西松,2024-05-23,9136
6147,頎邦,34,0,34,群益金鼎-西松,2024-05-23,9136
2611,志信,33,2,31,群益金鼎-西松,2024-05-23,9136
2489,瑞軒,28,1,27,群益金鼎-西松,2024-05-23,9136
3481,群創,213,187,26,群益金鼎-西松,2024-05-23,9136
00919,群益台灣精選高息,90,65,25,群益金鼎-西松,2024-05-23,9136
2356,英業達,26,1,25,群益金鼎-西松,2024-05-23,9136
00650L,復華香港正2,25,0,25,群益金鼎-西松,2024-05-23,9136
2801,彰銀,30,6,24,群益金鼎-西松,2024-05-23,9136
3363,上詮,106,82,24,群益金鼎-西松,2024-05-23,9136
3706,神達,25,1,24,群益金鼎-西松,2024-05-23,9136
00878,國泰永續高股息,32,10,22,群益金鼎-西松,2024-05-23,9136
8936,國統,26,6,20,群益金鼎-西松,2024-05-23,9136
00715L,期街口布蘭特正2,19,0,19,群益金鼎-西松,2024-05-23,9136
2363,矽統,35,16,19,群益金鼎-西松,2024-05-23,9136
2537,聯上發,19,0,19,群益金鼎-西松,2024-05-23,9136
4912,聯德控股-KY,19,0,19,群益金鼎-西松,2024-05-23,9136
6229,研通,56,37,19,群益金鼎-西松,2024-05-23,9136
00929,復華台灣科技優息,36,18,18,群益金鼎-西松,2024-05-23,9136
1259,安心,18,0,18,群益金鼎-西松,2024-05-23,9136
0056,元大高股息,16,0,16,群益金鼎-西松,2024-05-23,9136
2371,大同,15,0,15,群益金鼎-西松,2024-05-23,9136
00946,群益科技高息成長,32,17,15,群益金鼎-西松,2024-05-23,9136
6552,易華電,19,4,15,群益金鼎-西松,2024-05-23,9136
00932,兆豐永續高息等權,15,0,15,群益金鼎-西松,2024-05-23,9136
1326,台化,14,0,14,群益金鼎-西松,2024-05-23,9136
1436,華友聯,14,0,14,群益金鼎-西松,2024-05-23,9136
3024,憶聲,14,0,14,群益金鼎-西松,2024-05-23,9136
4543,萬在,19,5,14,群益金鼎-西松,2024-05-23,9136
6212,理銘,15,1,14,群益金鼎-西松,2024-05-23,9136
2890,永豐金,14,1,13,群益金鼎-西松,2024-05-23,9136
2491,吉祥全,22,9,13,群益金鼎-西松,2024-05-23,9136
1472,三洋實業,12,0,12,群益金鼎-西松,2024-05-23,9136
2406,國碩,12,0,12,群益金鼎-西松,2024-05-23,9136
6706,惠特,12,0,12,群益金鼎-西松,2024-05-23,9136
6735,美達科技,12,0,12,群益金鼎-西松,2024-05-23,9136
00713,元大台灣高息低波,12,0,12,群益金鼎-西松,2024-05-23,9136
2317,鴻海,217,44,173,群益金鼎-西松,2024-05-24,9136
6288,聯嘉,125,0,125,群益金鼎-西松,2024-05-24,9136
2891,中信金,88,0,88,群益金鼎-西松,2024-05-24,9136
6197,佳必琪,76,1,75,群益金鼎-西松,2024-05-24,9136
3483,力致,70,3,67,群益金鼎-西松,2024-05-24,9136
8096,擎亞,55,2,53,群益金鼎-西松,2024-05-24,9136
00929,復華台灣科技優息,54,2,52,群益金鼎-西松,2024-05-24,9136
2303,聯電,79,30,49,群益金鼎-西松,2024-05-24,9136
00637L,元大滬深300正2,50,7,43,群益金鼎-西松,2024-05-24,9136
1752,南光,51,11,40,群益金鼎-西松,2024-05-24,9136
2353,宏��,265,229,36,群益金鼎-西松,2024-05-24,9136
00665L,富邦�琤肭磪囓�2,36,0,36,群益金鼎-西松,2024-05-24,9136
1303,南亞,37,3,34,群益金鼎-西松,2024-05-24,9136
2369,菱生,34,0,34,群益金鼎-西松,2024-05-24,9136
2515,中工,32,0,32,群益金鼎-西松,2024-05-24,9136
8085,福華,37,6,31,群益金鼎-西松,2024-05-24,9136
00878,國泰永續高股息,34,6,28,群益金鼎-西松,2024-05-24,9136
00923,群益台ESG低碳50,27,0,27,群益金鼎-西松,2024-05-24,9136
00940,元大台灣價值高息,34,8,26,群益金鼎-西松,2024-05-24,9136
2618,長榮航,32,9,23,群益金鼎-西松,2024-05-24,9136
4912,聯德控股-KY,25,4,21,群益金鼎-西松,2024-05-24,9136
00715L,期街口布蘭特正2,20,0,20,群益金鼎-西松,2024-05-24,9136
00877,復華中國5G,20,0,20,群益金鼎-西松,2024-05-24,9136
6719,力智,21,1,20,群益金鼎-西松,2024-05-24,9136
3465,進泰電子,31,12,19,群益金鼎-西松,2024-05-24,9136
4979,華星光,25,6,19,群益金鼎-西松,2024-05-24,9136
7402,邑錡,39,20,19,群益金鼎-西松,2024-05-24,9136
2007,燁興,18,0,18,群益金鼎-西松,2024-05-24,9136
00857B,永豐20年美公債,17,0,17,群益金鼎-西松,2024-05-24,9136
6126,信音,19,2,17,群益金鼎-西松,2024-05-24,9136
00679B,元大美債20年,16,0,16,群益金鼎-西松,2024-05-24,9136
3338,泰碩,26,10,16,群益金鼎-西松,2024-05-24,9136
6666,羅麗芬-KY,19,3,16,群益金鼎-西松,2024-05-24,9136
2312,金寶,15,0,15,群益金鼎-西松,2024-05-24,9136
2392,正崴,36,21,15,群益金鼎-西松,2024-05-24,9136
3306,鼎天,16,1,15,群益金鼎-西松,2024-05-24,9136
6179,亞通,15,1,14,群益金鼎-西松,2024-05-24,9136
4967,十銓,20,6,14,群益金鼎-西松,2024-05-24,9136
1810,和成,20,7,13,群益金鼎-西松,2024-05-24,9136
2442,新美齊,14,1,13,群益金鼎-西松,2024-05-24,9136
2464,盟立,19,6,13,群益金鼎-西松,2024-05-24,9136
4706,大恭,14,1,13,群益金鼎-西松,2024-05-24,9136
6147,頎邦,12,0,12,群益金鼎-西松,2024-05-24,9136
00650L,復華香港正2,12,0,12,群益金鼎-西松,2024-05-24,9136
00632R,元大台灣50反1,12,0,12,群益金鼎-西松,2024-05-24,9136
911868,同方友友-DR,12,0,12,群益金鼎-西松,2024-05-24,9136
2324,仁寶,17,6,11,群益金鼎-西松,2024-05-24,9136
2485,兆赫,11,0,11,群益金鼎-西松,2024-05-24,9136
00936,台新永續高息中小,11,0,11,群益金鼎-西松,2024-05-24,9136
2241,艾姆勒,16,5,11,群益金鼎-西松,2024-05-24,9136
00937B,群益ESG投等債20,310,0,310,群益金鼎-西松,2024-05-27,9136
2887,台新金,110,0,110,群益金鼎-西松,2024-05-27,9136
00919,群益台灣精選高息,170,68,102,群益金鼎-西松,2024-05-27,9136
6125,廣運,110,36,74,群益金鼎-西松,2024-05-27,9136
2489,瑞軒,106,37,69,群益金鼎-西松,2024-05-27,9136
3481,群創,147,87,60,群益金鼎-西松,2024-05-27,9136
6143,振曜,74,19,55,群益金鼎-西松,2024-05-27,9136
9105,泰金寶-DR,72,20,52,群益金鼎-西松,2024-05-27,9136
2611,志信,51,0,51,群益金鼎-西松,2024-05-27,9136
2880,華南金,50,0,50,群益金鼎-西松,2024-05-27,9136
5388,中磊,36,1,35,群益金鼎-西松,2024-05-27,9136
3518,柏騰,34,1,33,群益金鼎-西松,2024-05-27,9136
00753L,中信中國50正2,31,0,31,群益金鼎-西松,2024-05-27,9136
2409,友達,117,88,29,群益金鼎-西松,2024-05-27,9136
2312,金寶,30,5,25,群益金鼎-西松,2024-05-27,9136
4533,協易機,44,20,24,群益金鼎-西松,2024-05-27,9136
6806,森崴能源,28,4,24,群益金鼎-西松,2024-05-27,9136
8028,昇陽半導體,41,19,22,群益金鼎-西松,2024-05-27,9136
2454,聯發科,26,5,21,群益金鼎-西松,2024-05-27,9136
00795B,中信美國公債20年,20,0,20,群益金鼎-西松,2024-05-27,9136
5543,桓鼎-KY,20,1,19,群益金鼎-西松,2024-05-27,9136
00922,國泰台灣領袖50,18,0,18,群益金鼎-西松,2024-05-27,9136
3693,營邦,22,4,18,群益金鼎-西松,2024-05-27,9136
3706,神達,23,5,18,群益金鼎-西松,2024-05-27,9136
3017,奇鋐,19,1,18,群益金鼎-西松,2024-05-27,9136
00927,群益半導體收益,21,4,17,群益金鼎-西松,2024-05-27,9136
00936,台新永續高息中小,17,0,17,群益金鼎-西松,2024-05-27,9136
1752,南光,17,0,17,群益金鼎-西松,2024-05-27,9136
1531,高林股,22,6,16,群益金鼎-西松,2024-05-27,9136
00909,國泰數位支付服務,15,0,15,群益金鼎-西松,2024-05-27,9136
3013,晟銘電,92,78,14,群益金鼎-西松,2024-05-27,9136
2610,華航,14,0,14,群益金鼎-西松,2024-05-27,9136
3024,憶聲,16,2,14,群益金鼎-西松,2024-05-27,9136
3231,緯創,72,58,14,群益金鼎-西松,2024-05-27,9136
2609,陽明,47,34,13,群益金鼎-西松,2024-05-27,9136
2363,矽統,188,176,12,群益金鼎-西松,2024-05-27,9136
00665L,富邦�琤肭磪囓�2,12,0,12,群益金鼎-西松,2024-05-27,9136
5392,能率,12,0,12,群益金鼎-西松,2024-05-27,9136
6147,頎邦,13,1,12,群益金鼎-西松,2024-05-27,9136
6269,台郡,12,0,12,群益金鼎-西松,2024-05-27,9136
1815,富喬,46,34,12,群益金鼎-西松,2024-05-27,9136
3596,智易,13,1,12,群益金鼎-西松,2024-05-27,9136
2618,長榮航,15,4,11,群益金鼎-西松,2024-05-27,9136
2464,盟立,18,7,11,群益金鼎-西松,2024-05-27,9136
3294,英濟,15,4,11,群益金鼎-西松,2024-05-27,9136
3306,鼎天,11,0,11,群益金鼎-西松,2024-05-27,9136
3715,定穎投控,11,0,11,群益金鼎-西松,2024-05-27,9136
00713,元大台灣高息低波,10,0,10,群益金鼎-西松,2024-05-27,9136
00637L,元大滬深300正2,20,10,10,群益金鼎-西松,2024-05-27,9136
1605,華新,19,9,10,群益金鼎-西松,2024-05-27,9136
00937B,群益ESG投等債20,357,0,357,群益金鼎-西松,2024-05-28,9136
5608,四維航,227,9,218,群益金鼎-西松,2024-05-28,9136
2347,聯強,184,2,182,群益金鼎-西松,2024-05-28,9136
2301,光寶科,151,6,145,群益金鼎-西松,2024-05-28,9136
2354,鴻準,250,123,127,群益金鼎-西松,2024-05-28,9136
2880,華南金,100,0,100,群益金鼎-西松,2024-05-28,9136
00929,復華台灣科技優息,184,84,100,群益金鼎-西松,2024-05-28,9136
2888,新光金,100,17,83,群益金鼎-西松,2024-05-28,9136
3035,智原,78,8,70,群益金鼎-西松,2024-05-28,9136
8210,勤誠,70,0,70,群益金鼎-西松,2024-05-28,9136
00919,群益台灣精選高息,83,17,66,群益金鼎-西松,2024-05-28,9136
2317,鴻海,44,7,37,群益金鼎-西松,2024-05-28,9136
00637L,元大滬深300正2,37,0,37,群益金鼎-西松,2024-05-28,9136
00946,群益科技高息成長,55,20,35,群益金鼎-西松,2024-05-28,9136
2303,聯電,39,5,34,群益金鼎-西松,2024-05-28,9136
00939,統一台灣高息動能,64,32,32,群益金鼎-西松,2024-05-28,9136
9105,泰金寶-DR,35,5,30,群益金鼎-西松,2024-05-28,9136
00650L,復華香港正2,28,0,28,群益金鼎-西松,2024-05-28,9136
2392,正崴,36,10,26,群益金鼎-西松,2024-05-28,9136
6237,驊訊,25,0,25,群益金鼎-西松,2024-05-28,9136
3055,蔚華科,33,8,25,群益金鼎-西松,2024-05-28,9136
2495,普安,25,4,21,群益金鼎-西松,2024-05-28,9136
2891,中信金,20,0,20,群益金鼎-西松,2024-05-28,9136
00909,國泰數位支付服務,20,0,20,群益金鼎-西松,2024-05-28,9136
00795B,中信美國公債20年,20,0,20,群益金鼎-西松,2024-05-28,9136
00753L,中信中國50正2,20,0,20,群益金鼎-西松,2024-05-28,9136
2313,華通,20,0,20,群益金鼎-西松,2024-05-28,9136
00882,中信中國高股息,21,1,20,群益金鼎-西松,2024-05-28,9136
00940,元大台灣價值高息,29,10,19,群益金鼎-西松,2024-05-28,9136
2324,仁寶,22,4,18,群益金鼎-西松,2024-05-28,9136
2442,新美齊,19,1,18,群益金鼎-西松,2024-05-28,9136
2883,凱基金,17,0,17,群益金鼎-西松,2024-05-28,9136
6275,元山,33,16,17,群益金鼎-西松,2024-05-28,9136
00751B,元大AAA至A公司債,15,0,15,群益金鼎-西松,2024-05-28,9136
2353,宏��,30,15,15,群益金鼎-西松,2024-05-28,9136
8064,東捷,39,24,15,群益金鼎-西松,2024-05-28,9136
3363,上詮,14,0,14,群益金鼎-西松,2024-05-28,9136
2357,華碩,13,0,13,群益金鼎-西松,2024-05-28,9136
3202,樺晟,13,0,13,群益金鼎-西松,2024-05-28,9136
6108,競國,13,0,13,群益金鼎-西松,2024-05-28,9136
00931B,統一美債20年,12,0,12,群益金鼎-西松,2024-05-28,9136
1709,和益,12,0,12,群益金鼎-西松,2024-05-28,9136
3169,亞信,15,3,12,群益金鼎-西松,2024-05-28,9136
8028,昇陽半導體,12,0,12,群益金鼎-西松,2024-05-28,9136
3231,緯創,99,88,11,群益金鼎-西松,2024-05-28,9136
6188,廣明,49,38,11,群益金鼎-西松,2024-05-28,9136
3293,鈊象,10,0,10,群益金鼎-西松,2024-05-28,9136
1718,中纖,20,10,10,群益金鼎-西松,2024-05-28,9136
1809,中釉,20,10,10,群益金鼎-西松,2024-05-28,9136
2537,聯上發,11,1,10,群益金鼎-西松,2024-05-28,9136
00937B,群益ESG投等債20,451,0,451,群益金鼎-西松,2024-05-29,9136
2365,昆盈,309,8,301,群益金鼎-西松,2024-05-29,9136
3060,銘異,155,21,134,群益金鼎-西松,2024-05-29,9136
2888,新光金,97,0,97,群益金鼎-西松,2024-05-29,9136
00878,國泰永續高股息,88,10,78,群益金鼎-西松,2024-05-29,9136
00679B,元大美債20年,80,8,72,群益金鼎-西松,2024-05-29,9136
00939,統一台灣高息動能,79,7,72,群益金鼎-西松,2024-05-29,9136
2401,凌陽,81,17,64,群益金鼎-西松,2024-05-29,9136
7402,邑錡,57,1,56,群益金鼎-西松,2024-05-29,9136
00936,台新永續高息中小,55,0,55,群益金鼎-西松,2024-05-29,9136
2317,鴻海,61,9,52,群益金鼎-西松,2024-05-29,9136
00795B,中信美國公債20年,52,0,52,群益金鼎-西松,2024-05-29,9136
2353,宏��,54,2,52,群益金鼎-西松,2024-05-29,9136
3056,富華新,51,0,51,群益金鼎-西松,2024-05-29,9136
2610,華航,53,12,41,群益金鼎-西松,2024-05-29,9136
5371,中光電,47,7,40,群益金鼎-西松,2024-05-29,9136
2892,第一金,40,1,39,群益金鼎-西松,2024-05-29,9136
00712,復華富時不動產,39,0,39,群益金鼎-西松,2024-05-29,9136
00713,元大台灣高息低波,36,0,36,群益金鼎-西松,2024-05-29,9136
9105,泰金寶-DR,35,0,35,群益金鼎-西松,2024-05-29,9136
00687B,國泰20年美債,37,3,34,群益金鼎-西松,2024-05-29,9136
3035,智原,41,8,33,群益金鼎-西松,2024-05-29,9136
1718,中纖,30,0,30,群益金鼎-西松,2024-05-29,9136
6189,豐藝,36,16,20,群益金鼎-西松,2024-05-29,9136
00877,復華中國5G,20,0,20,群益金鼎-西松,2024-05-29,9136
3231,緯創,36,16,20,群益金鼎-西松,2024-05-29,9136
2886,兆豐金,19,0,19,群益金鼎-西松,2024-05-29,9136
6213,聯茂,21,2,19,群益金鼎-西松,2024-05-29,9136
2615,萬海,38,19,19,群益金鼎-西松,2024-05-29,9136
2303,聯電,71,54,17,群益金鼎-西松,2024-05-29,9136
2392,正崴,18,1,17,群益金鼎-西松,2024-05-29,9136
3294,英濟,29,12,17,群益金鼎-西松,2024-05-29,9136
2891,中信金,17,0,17,群益金鼎-西松,2024-05-29,9136
3481,群創,17,1,16,群益金鼎-西松,2024-05-29,9136
6546,正基,18,2,16,群益金鼎-西松,2024-05-29,9136
1709,和益,15,0,15,群益金鼎-西松,2024-05-29,9136
6188,廣明,30,16,14,群益金鼎-西松,2024-05-29,9136
3013,晟銘電,70,56,14,群益金鼎-西松,2024-05-29,9136
3169,亞信,14,1,13,群益金鼎-西松,2024-05-29,9136
3306,鼎天,16,3,13,群益金鼎-西松,2024-05-29,9136
3324,雙鴻,20,7,13,群益金鼎-西松,2024-05-29,9136
00931B,統一美債20年,12,0,12,群益金鼎-西松,2024-05-29,9136
00680L,元大美債20正2,12,0,12,群益金鼎-西松,2024-05-29,9136
2495,普安,24,12,12,群益金鼎-西松,2024-05-29,9136
2801,彰銀,12,0,12,群益金鼎-西松,2024-05-29,9136
3047,訊舟,53,41,12,群益金鼎-西松,2024-05-29,9136
9945,潤泰新,12,0,12,群益金鼎-西松,2024-05-29,9136
2464,盟立,45,34,11,群益金鼎-西松,2024-05-29,9136
2834,臺企銀,11,0,11,群益金鼎-西松,2024-05-29,9136
1326,台化,10,0,10,群益金鼎-西松,2024-05-29,9136
1785,光洋科,285,29,256,群益金鼎-西松,2024-05-30,9136
00937B,群益ESG投等債20,158,0,158,群益金鼎-西松,2024-05-30,9136
00919,群益台灣精選高息,264,114,150,群益金鼎-西松,2024-05-30,9136
00929,復華台灣科技優息,358,234,124,群益金鼎-西松,2024-05-30,9136
00878,國泰永續高股息,124,3,121,群益金鼎-西松,2024-05-30,9136
00940,元大台灣價值高息,97,30,67,群益金鼎-西松,2024-05-30,9136
00679B,元大美債20年,68,4,64,群益金鼎-西松,2024-05-30,9136
00712,復華富時不動產,60,0,60,群益金鼎-西松,2024-05-30,9136
3312,弘憶股,99,47,52,群益金鼎-西松,2024-05-30,9136
00637L,元大滬深300正2,48,0,48,群益金鼎-西松,2024-05-30,9136
2462,良得電,43,0,43,群益金鼎-西松,2024-05-30,9136
3306,鼎天,43,1,42,群益金鼎-西松,2024-05-30,9136
2353,宏��,47,7,40,群益金鼎-西松,2024-05-30,9136
4915,致伸,42,2,40,群益金鼎-西松,2024-05-30,9136
2356,英業達,41,3,38,群益金鼎-西松,2024-05-30,9136
2317,鴻海,49,12,37,群益金鼎-西松,2024-05-30,9136
2405,輔信,37,1,36,群益金鼎-西松,2024-05-30,9136
2330,台積電,38,4,34,群益金鼎-西松,2024-05-30,9136
2489,瑞軒,51,20,31,群益金鼎-西松,2024-05-30,9136
6239,力成,35,4,31,群益金鼎-西松,2024-05-30,9136
5288,豐祥-KY,30,0,30,群益金鼎-西松,2024-05-30,9136
4760,勤凱,32,6,26,群益金鼎-西松,2024-05-30,9136
4912,聯德控股-KY,25,0,25,群益金鼎-西松,2024-05-30,9136
2884,玉山金,25,1,24,群益金鼎-西松,2024-05-30,9136
5230,雷笛克光學,95,71,24,群益金鼎-西松,2024-05-30,9136
00713,元大台灣高息低波,23,0,23,群益金鼎-西松,2024-05-30,9136
2352,佳世達,23,0,23,群益金鼎-西松,2024-05-30,9136
6189,豐藝,22,0,22,群益金鼎-西松,2024-05-30,9136
00753L,中信中國50正2,20,0,20,群益金鼎-西松,2024-05-30,9136
3447,展達,38,19,19,群益金鼎-西松,2024-05-30,9136
2354,鴻準,81,63,18,群益金鼎-西松,2024-05-30,9136
2613,中櫃,29,11,18,群益金鼎-西松,2024-05-30,9136
3712,永崴投控,17,0,17,群益金鼎-西松,2024-05-30,9136
5371,中光電,23,6,17,群益金鼎-西松,2024-05-30,9136
2371,大同,21,4,17,群益金鼎-西松,2024-05-30,9136
2363,矽統,33,17,16,群益金鼎-西松,2024-05-30,9136
2891,中信金,27,11,16,群益金鼎-西松,2024-05-30,9136
6616,特昇-KY,16,0,16,群益金鼎-西松,2024-05-30,9136
8096,擎亞,21,5,16,群益金鼎-西松,2024-05-30,9136
8016,矽創,15,0,15,群益金鼎-西松,2024-05-30,9136
2442,新美齊,20,5,15,群益金鼎-西松,2024-05-30,9136
2324,仁寶,14,0,14,群益金鼎-西松,2024-05-30,9136
4306,炎洲,26,12,14,群益金鼎-西松,2024-05-30,9136
00687B,國泰20年美債,13,0,13,群益金鼎-西松,2024-05-30,9136
3321,同泰,32,19,13,群益金鼎-西松,2024-05-30,9136
1303,南亞,13,0,13,群益金鼎-西松,2024-05-30,9136
2886,兆豐金,14,1,13,群益金鼎-西松,2024-05-30,9136
00665L,富邦�琤肭磪囓�2,12,0,12,群益金鼎-西松,2024-05-30,9136
00936,台新永續高息中小,12,0,12,群益金鼎-西松,2024-05-30,9136
2349,錸德,12,0,12,群益金鼎-西松,2024-05-30,9136
2369,菱生,266,4,262,群益金鼎-西松,2024-05-31,9136
00929,復華台灣科技優息,240,58,182,群益金鼎-西松,2024-05-31,9136
00919,群益台灣精選高息,184,18,166,群益金鼎-西松,2024-05-31,9136
2354,鴻準,215,57,158,群益金鼎-西松,2024-05-31,9136
2449,京元電子,150,2,148,群益金鼎-西松,2024-05-31,9136
2317,鴻海,121,29,92,群益金鼎-西松,2024-05-31,9136
00946,群益科技高息成長,70,0,70,群益金鼎-西松,2024-05-31,9136
00665L,富邦�琤肭磪囓�2,65,0,65,群益金鼎-西松,2024-05-31,9136
6188,廣明,96,44,52,群益金鼎-西松,2024-05-31,9136
3631,晟楠,59,14,45,群益金鼎-西松,2024-05-31,9136
00878,國泰永續高股息,44,1,43,群益金鼎-西松,2024-05-31,9136
2609,陽明,129,86,43,群益金鼎-西松,2024-05-31,9136
1504,東元,50,9,41,群益金鼎-西松,2024-05-31,9136
2303,聯電,43,2,41,群益金鼎-西松,2024-05-31,9136
00637L,元大滬深300正2,35,0,35,群益金鼎-西松,2024-05-31,9136
6005,群益證,28,0,28,群益金鼎-西松,2024-05-31,9136
2301,光寶科,30,3,27,群益金鼎-西松,2024-05-31,9136
2353,宏��,36,9,27,群益金鼎-西松,2024-05-31,9136
2610,華航,80,59,21,群益金鼎-西松,2024-05-31,9136
020031,統一IC設計臺灣N,20,0,20,群益金鼎-西松,2024-05-31,9136
2365,昆盈,31,11,20,群益金鼎-西松,2024-05-31,9136
3062,建漢,22,2,20,群益金鼎-西松,2024-05-31,9136
3481,群創,38,18,20,群益金鼎-西松,2024-05-31,9136
4563,百德,20,0,20,群益金鼎-西松,2024-05-31,9136
00881,國泰台灣5G+,20,1,19,群益金鼎-西松,2024-05-31,9136
00715L,期街口布蘭特正2,19,0,19,群益金鼎-西松,2024-05-31,9136
3577,泓格,20,2,18,群益金鼎-西松,2024-05-31,9136
2382,廣達,25,7,18,群益金鼎-西松,2024-05-31,9136
1301,台塑,15,0,15,群益金鼎-西松,2024-05-31,9136
8104,錸寶,15,0,15,群益金鼎-西松,2024-05-31,9136
1785,光洋科,19,4,15,群益金鼎-西松,2024-05-31,9136
2344,華邦電,15,1,14,群益金鼎-西松,2024-05-31,9136
2330,台積電,27,14,13,群益金鼎-西松,2024-05-31,9136
3231,緯創,20,7,13,群益金鼎-西松,2024-05-31,9136
00939,統一台灣高息動能,16,3,13,群益金鼎-西松,2024-05-31,9136
2352,佳世達,18,5,13,群益金鼎-西松,2024-05-31,9136
5464,霖宏,14,1,13,群益金鼎-西松,2024-05-31,9136
2316,楠梓電,13,1,12,群益金鼎-西松,2024-05-31,9136
4728,雙美,21,9,12,群益金鼎-西松,2024-05-31,9136
2634,漢翔,12,1,11,群益金鼎-西松,2024-05-31,9136
3013,晟銘電,47,36,11,群益金鼎-西松,2024-05-31,9136
2409,友達,11,0,11,群益金鼎-西松,2024-05-31,9136
2515,中工,11,0,11,群益金鼎-西松,2024-05-31,9136
2915,潤泰全,11,0,11,群益金鼎-西松,2024-05-31,9136
3202,樺晟,93,82,11,群益金鼎-西松,2024-05-31,9136
3563,牧德,11,0,11,群益金鼎-西松,2024-05-31,9136
3594,磐儀,11,0,11,群益金鼎-西松,2024-05-31,9136
6160,欣技,12,1,11,群益金鼎-西松,2024-05-31,9136
2356,英業達,23,13,10,群益金鼎-西松,2024-05-31,9136
00937B,群益ESG投等債20,144,134,10,群益金鼎-西松,2024-05-31,9136
2515,中工,224,45,179,群益金鼎-西松,2024-06-03,9136
2347,聯強,170,5,165,群益金鼎-西松,2024-06-03,9136
00918,大華優利高填息30,146,3,143,群益金鼎-西松,2024-06-03,9136
00946,群益科技高息成長,141,10,131,群益金鼎-西松,2024-06-03,9136
2464,盟立,133,50,83,群益金鼎-西松,2024-06-03,9136
2511,太子,70,2,68,群益金鼎-西松,2024-06-03,9136
00665L,富邦�琤肭磪囓�2,80,30,50,群益金鼎-西松,2024-06-03,9136
00715L,期街口布蘭特正2,46,0,46,群益金鼎-西松,2024-06-03,9136
00795B,中信美國公債20年,31,0,31,群益金鼎-西松,2024-06-03,9136
6005,群益證,30,0,30,群益金鼎-西松,2024-06-03,9136
1201,味全,30,1,29,群益金鼎-西松,2024-06-03,9136
2618,長榮航,36,8,28,群益金鼎-西松,2024-06-03,9136
2609,陽明,154,127,27,群益金鼎-西松,2024-06-03,9136
4533,協易機,89,62,27,群益金鼎-西松,2024-06-03,9136
2303,聯電,36,12,24,群益金鼎-西松,2024-06-03,9136
4960,誠美材,25,2,23,群益金鼎-西松,2024-06-03,9136
00637L,元大滬深300正2,51,29,22,群益金鼎-西松,2024-06-03,9136
1314,中石化,22,0,22,群益金鼎-西松,2024-06-03,9136
8046,南電,23,2,21,群益金鼎-西松,2024-06-03,9136
9902,台火,21,0,21,群益金鼎-西松,2024-06-03,9136
1409,新纖,20,0,20,群益金鼎-西松,2024-06-03,9136
1785,光洋科,25,6,19,群益金鼎-西松,2024-06-03,9136
00940,元大台灣價值高息,21,2,19,群益金鼎-西松,2024-06-03,9136
3059,華晶科,38,19,19,群益金鼎-西松,2024-06-03,9136
2405,輔信,18,0,18,群益金鼎-西松,2024-06-03,9136
3324,雙鴻,22,5,17,群益金鼎-西松,2024-06-03,9136
3481,群創,26,9,17,群益金鼎-西松,2024-06-03,9136
2915,潤泰全,17,1,16,群益金鼎-西松,2024-06-03,9136
3189,景碩,16,0,16,群益金鼎-西松,2024-06-03,9136
1471,首利,15,0,15,群益金鼎-西松,2024-06-03,9136
00929,復華台灣科技優息,81,68,13,群益金鼎-西松,2024-06-03,9136
6895,宏碩系統,15,2,13,群益金鼎-西松,2024-06-03,9136
8099,大世科,20,7,13,群益金鼎-西松,2024-06-03,9136
1519,華城,13,1,12,群益金鼎-西松,2024-06-03,9136
2354,鴻準,28,16,12,群益金鼎-西松,2024-06-03,9136
2337,旺宏,11,0,11,群益金鼎-西松,2024-06-03,9136
2485,兆赫,11,0,11,群益金鼎-西松,2024-06-03,9136
2726,雅茗-KY,14,3,11,群益金鼎-西松,2024-06-03,9136
3432,台端,11,0,11,群益金鼎-西松,2024-06-03,9136
6134,萬旭,11,0,11,群益金鼎-西松,2024-06-03,9136
2002,中鋼,10,0,10,群益金鼎-西松,2024-06-03,9136
00751B,元大AAA至A公司債,10,0,10,群益金鼎-西松,2024-06-03,9136
2486,一詮,20,10,10,群益金鼎-西松,2024-06-03,9136
4555,氣立,10,0,10,群益金鼎-西松,2024-06-03,9136
4562,穎漢,17,7,10,群益金鼎-西松,2024-06-03,9136
5515,建國,10,0,10,群益金鼎-西松,2024-06-03,9136
1473,台南,26,17,9,群益金鼎-西松,2024-06-03,9136
2340,台亞,10,1,9,群益金鼎-西松,2024-06-03,9136
2506,太設,12,3,9,群益金鼎-西松,2024-06-03,9136
4545,銘鈺,13,4,9,群益金鼎-西松,2024-06-03,9136
2603,長榮,260,8,252,群益金鼎-西松,2024-06-04,9136
00929,復華台灣科技優息,193,15,178,群益金鼎-西松,2024-06-04,9136
2317,鴻海,186,49,137,群益金鼎-西松,2024-06-04,9136
3037,欣興,115,0,115,群益金鼎-西松,2024-06-04,9136
00919,群益台灣精選高息,119,16,103,群益金鼎-西松,2024-06-04,9136
2915,潤泰全,91,0,91,群益金鼎-西松,2024-06-04,9136
00878,國泰永續高股息,92,20,72,群益金鼎-西松,2024-06-04,9136
00642U,期元大S＆P石油,71,0,71,群益金鼎-西松,2024-06-04,9136
2312,金寶,86,20,66,群益金鼎-西松,2024-06-04,9136
6143,振曜,67,1,66,群益金鼎-西松,2024-06-04,9136
3202,樺晟,74,10,64,群益金鼎-西松,2024-06-04,9136
1303,南亞,59,1,58,群益金鼎-西松,2024-06-04,9136
1504,東元,82,28,54,群益金鼎-西松,2024-06-04,9136
2331,精英,90,38,52,群益金鼎-西松,2024-06-04,9136
2455,全新,51,0,51,群益金鼎-西松,2024-06-04,9136
3032,偉訓,51,0,51,群益金鼎-西松,2024-06-04,9136
00918,大華優利高填息30,47,0,47,群益金鼎-西松,2024-06-04,9136
2888,新光金,61,17,44,群益金鼎-西松,2024-06-04,9136
0056,元大高股息,41,1,40,群益金鼎-西松,2024-06-04,9136
00936,台新永續高息中小,45,5,40,群益金鼎-西松,2024-06-04,9136
2442,新美齊,42,2,40,群益金鼎-西松,2024-06-04,9136
6125,廣運,103,66,37,群益金鼎-西松,2024-06-04,9136
00713,元大台灣高息低波,36,0,36,群益金鼎-西松,2024-06-04,9136
3481,群創,57,21,36,群益金鼎-西松,2024-06-04,9136
1460,宏遠,32,0,32,群益金鼎-西松,2024-06-04,9136
2618,長榮航,39,7,32,群益金鼎-西松,2024-06-04,9136
00715L,期街口布蘭特正2,67,39,28,群益金鼎-西松,2024-06-04,9136
2449,京元電子,29,2,27,群益金鼎-西松,2024-06-04,9136
3324,雙鴻,27,1,26,群益金鼎-西松,2024-06-04,9136
00946,群益科技高息成長,24,0,24,群益金鼎-西松,2024-06-04,9136
2489,瑞軒,33,9,24,群益金鼎-西松,2024-06-04,9136
2353,宏��,28,6,22,群益金鼎-西松,2024-06-04,9136
00665L,富邦�琤肭磪囓�2,22,0,22,群益金鼎-西松,2024-06-04,9136
8104,錸寶,25,3,22,群益金鼎-西松,2024-06-04,9136
00795B,中信美國公債20年,22,2,20,群益金鼎-西松,2024-06-04,9136
1471,首利,20,0,20,群益金鼎-西松,2024-06-04,9136
1718,中纖,20,0,20,群益金鼎-西松,2024-06-04,9136
3294,英濟,22,2,20,群益金鼎-西松,2024-06-04,9136
8261,富鼎,20,0,20,群益金鼎-西松,2024-06-04,9136
4534,慶騰,20,1,19,群益金鼎-西松,2024-06-04,9136
4566,時碩工業,23,5,18,群益金鼎-西松,2024-06-04,9136
3260,威剛,17,0,17,群益金鼎-西松,2024-06-04,9136
2482,連宇,17,0,17,群益金鼎-西松,2024-06-04,9136
2324,仁寶,26,10,16,群益金鼎-西松,2024-06-04,9136
00679B,元大美債20年,24,9,15,群益金鼎-西松,2024-06-04,9136
00937B,群益ESG投等債20,24,9,15,群益金鼎-西松,2024-06-04,9136
4577,達航科技,20,5,15,群益金鼎-西松,2024-06-04,9136
6197,佳必琪,18,3,15,群益金鼎-西松,2024-06-04,9136
6213,聯茂,15,0,15,群益金鼎-西松,2024-06-04,9136
2345,智邦,24,9,15,群益金鼎-西松,2024-06-04,9136
2888,新光金,310,2,308,群益金鼎-西松,2024-06-05,9136
00929,復華台灣科技優息,291,3,288,群益金鼎-西松,2024-06-05,9136
4123,晟德,212,1,211,群益金鼎-西松,2024-06-05,9136
2609,陽明,254,103,151,群益金鼎-西松,2024-06-05,9136
2515,中工,133,5,128,群益金鼎-西松,2024-06-05,9136
00878,國泰永續高股息,105,10,95,群益金鼎-西松,2024-06-05,9136
2442,新美齊,60,0,60,群益金鼎-西松,2024-06-05,9136
00918,大華優利高填息30,53,1,52,群益金鼎-西松,2024-06-05,9136
3324,雙鴻,47,2,45,群益金鼎-西松,2024-06-05,9136
2603,長榮,62,19,43,群益金鼎-西松,2024-06-05,9136
3044,健鼎,43,0,43,群益金鼎-西松,2024-06-05,9136
4726,永昕,51,9,42,群益金鼎-西松,2024-06-05,9136
2243,宏旭-KY,41,0,41,群益金鼎-西松,2024-06-05,9136
2355,敬鵬,41,0,41,群益金鼎-西松,2024-06-05,9136
2482,連宇,64,24,40,群益金鼎-西松,2024-06-05,9136
00942B,台新美A公司債20+,35,0,35,群益金鼎-西松,2024-06-05,9136
2328,廣宇,48,15,33,群益金鼎-西松,2024-06-05,9136
00637L,元大滬深300正2,37,6,31,群益金鼎-西松,2024-06-05,9136
8099,大世科,39,8,31,群益金鼎-西松,2024-06-05,9136
3714,富采,29,0,29,群益金鼎-西松,2024-06-05,9136
6535,順藥,29,0,29,群益金鼎-西松,2024-06-05,9136
00715L,期街口布蘭特正2,26,0,26,群益金鼎-西松,2024-06-05,9136
2344,華邦電,25,0,25,群益金鼎-西松,2024-06-05,9136
2520,冠德,37,12,25,群益金鼎-西松,2024-06-05,9136
3229,晟鈦,23,2,21,群益金鼎-西松,2024-06-05,9136
00881,國泰台灣5G+,20,0,20,群益金鼎-西松,2024-06-05,9136
2474,可成,20,0,20,群益金鼎-西松,2024-06-05,9136
00665L,富邦�琤肭磪囓�2,20,0,20,群益金鼎-西松,2024-06-05,9136
2323,中環,21,1,20,群益金鼎-西松,2024-06-05,9136
6496,科懋,25,6,19,群益金鼎-西松,2024-06-05,9136
2495,普安,19,1,18,群益金鼎-西松,2024-06-05,9136
8046,南電,16,0,16,群益金鼎-西松,2024-06-05,9136
8277,商丞,19,3,16,群益金鼎-西松,2024-06-05,9136
2324,仁寶,27,12,15,群益金鼎-西松,2024-06-05,9136
00751B,元大AAA至A公司債,15,0,15,群益金鼎-西松,2024-06-05,9136
00946,群益科技高息成長,25,10,15,群益金鼎-西松,2024-06-05,9136
4566,時碩工業,17,2,15,群益金鼎-西松,2024-06-05,9136
6223,旺矽,15,1,14,群益金鼎-西松,2024-06-05,9136
00642U,期元大S＆P石油,13,0,13,群益金鼎-西松,2024-06-05,9136
2497,怡利電,13,0,13,群益金鼎-西松,2024-06-05,9136
2618,長榮航,17,5,12,群益金鼎-西松,2024-06-05,9136
1109,信大,12,0,12,群益金鼎-西松,2024-06-05,9136
1436,華友聯,12,0,12,群益金鼎-西松,2024-06-05,9136
2352,佳世達,12,0,12,群益金鼎-西松,2024-06-05,9136
3019,亞光,12,0,12,群益金鼎-西松,2024-06-05,9136
2362,藍天,13,2,11,群益金鼎-西松,2024-06-05,9136
2367,燿華,12,1,11,群益金鼎-西松,2024-06-05,9136
6290,良維,12,1,11,群益金鼎-西松,2024-06-05,9136
2303,聯電,74,64,10,群益金鼎-西松,2024-06-05,9136
6185,幃翔,10,0,10,群益金鼎-西松,2024-06-05,9136
00929,復華台灣科技優息,172,11,161,群益金鼎-西松,2024-06-06,9136
00937B,群益ESG投等債20,158,16,142,群益金鼎-西松,2024-06-06,9136
2615,萬海,232,99,133,群益金鼎-西松,2024-06-06,9136
2482,連宇,98,8,90,群益金鼎-西松,2024-06-06,9136
00632R,元大台灣50反1,81,0,81,群益金鼎-西松,2024-06-06,9136
00713,元大台灣高息低波,64,0,64,群益金鼎-西松,2024-06-06,9136
1473,台南,68,8,60,群益金鼎-西松,2024-06-06,9136
00918,大華優利高填息30,46,2,44,群益金鼎-西松,2024-06-06,9136
2515,中工,118,75,43,群益金鼎-西松,2024-06-06,9136
00936,台新永續高息中小,32,0,32,群益金鼎-西松,2024-06-06,9136
4533,協易機,53,22,31,群益金鼎-西松,2024-06-06,9136
4968,立積,28,0,28,群益金鼎-西松,2024-06-06,9136
3532,台勝科,27,0,27,群益金鼎-西松,2024-06-06,9136
2308,台達電,32,7,25,群益金鼎-西松,2024-06-06,9136
2328,廣宇,32,8,24,群益金鼎-西松,2024-06-06,9136
4305,世坤,27,3,24,群益金鼎-西松,2024-06-06,9136
3324,雙鴻,28,5,23,群益金鼎-西松,2024-06-06,9136
00664R,國泰臺灣加權反1,22,0,22,群益金鼎-西松,2024-06-06,9136
5272,笙科,27,6,21,群益金鼎-西松,2024-06-06,9136
1314,中石化,26,7,19,群益金鼎-西松,2024-06-06,9136
2312,金寶,79,60,19,群益金鼎-西松,2024-06-06,9136
6674,鋐寶科技,29,10,19,群益金鼎-西松,2024-06-06,9136
6143,振曜,19,1,18,群益金鼎-西松,2024-06-06,9136
6441,廣錠,18,0,18,群益金鼎-西松,2024-06-06,9136
1802,台玻,26,8,18,群益金鼎-西松,2024-06-06,9136
00679B,元大美債20年,28,11,17,群益金鼎-西松,2024-06-06,9136
2301,光寶科,17,1,16,群益金鼎-西松,2024-06-06,9136
2352,佳世達,16,0,16,群益金鼎-西松,2024-06-06,9136
3189,景碩,17,2,15,群益金鼎-西松,2024-06-06,9136
2331,精英,16,2,14,群益金鼎-西松,2024-06-06,9136
5212,凌網,15,1,14,群益金鼎-西松,2024-06-06,9136
2317,鴻海,62,48,14,群益金鼎-西松,2024-06-06,9136
1785,光洋科,14,1,13,群益金鼎-西松,2024-06-06,9136
8099,大世科,78,65,13,群益金鼎-西松,2024-06-06,9136
6669,緯穎,13,0,13,群益金鼎-西松,2024-06-06,9136
3481,群創,15,2,13,群益金鼎-西松,2024-06-06,9136
3013,晟銘電,38,26,12,群益金鼎-西松,2024-06-06,9136
3714,富采,15,3,12,群益金鼎-西松,2024-06-06,9136
5906,台南-KY,14,2,12,群益金鼎-西松,2024-06-06,9136
5490,同亨,18,7,11,群益金鼎-西松,2024-06-06,9136
00896,中信綠能及電動車,10,0,10,群益金鼎-西松,2024-06-06,9136
00676R,富邦臺灣加權反1,10,0,10,群益金鼎-西松,2024-06-06,9136
3226,至寶電,10,0,10,群益金鼎-西松,2024-06-06,9136
4123,晟德,20,10,10,群益金鼎-西松,2024-06-06,9136
4523,永彰,10,0,10,群益金鼎-西松,2024-06-06,9136
4534,慶騰,13,3,10,群益金鼎-西松,2024-06-06,9136
8936,國統,80,70,10,群益金鼎-西松,2024-06-06,9136
2201,裕隆,12,3,9,群益金鼎-西松,2024-06-06,9136
2887,台新金,10,1,9,群益金鼎-西松,2024-06-06,9136
00795B,中信美國公債20年,21,12,9,群益金鼎-西松,2024-06-06,9136
2618,長榮航,1659,82,1577,群益金鼎-西松,2024-06-07,9136
2313,華通,356,76,280,群益金鼎-西松,2024-06-07,9136
00929,復華台灣科技優息,253,0,253,群益金鼎-西松,2024-06-07,9136
00687B,國泰20年美債,163,2,161,群益金鼎-西松,2024-06-07,9136
2303,聯電,180,35,145,群益金鼎-西松,2024-06-07,9136
00679B,元大美債20年,130,4,126,群益金鼎-西松,2024-06-07,9136
00637L,元大滬深300正2,96,0,96,群益金鼎-西松,2024-06-07,9136
6143,振曜,93,3,90,群益金鼎-西松,2024-06-07,9136
3260,威剛,106,17,89,群益金鼎-西松,2024-06-07,9136
00936,台新永續高息中小,74,0,74,群益金鼎-西松,2024-06-07,9136
2312,金寶,56,4,52,群益金鼎-西松,2024-06-07,9136
1514,亞力,52,5,47,群益金鼎-西松,2024-06-07,9136
1473,台南,40,0,40,群益金鼎-西松,2024-06-07,9136
2371,大同,49,10,39,群益金鼎-西松,2024-06-07,9136
2489,瑞軒,35,0,35,群益金鼎-西松,2024-06-07,9136
00877,復華中國5G,30,0,30,群益金鼎-西松,2024-06-07,9136
3231,緯創,36,7,29,群益金鼎-西松,2024-06-07,9136
2603,長榮,32,3,29,群益金鼎-西松,2024-06-07,9136
2258,鴻華先進-創,26,0,26,群益金鼎-西松,2024-06-07,9136
2324,仁寶,24,0,24,群益金鼎-西松,2024-06-07,9136
4915,致伸,23,1,22,群益金鼎-西松,2024-06-07,9136
2486,一詮,44,23,21,群益金鼎-西松,2024-06-07,9136
6417,韋僑,20,0,20,群益金鼎-西松,2024-06-07,9136
6535,順藥,20,0,20,群益金鼎-西松,2024-06-07,9136
2547,日勝生,24,5,19,群益金鼎-西松,2024-06-07,9136
2606,裕民,19,2,17,群益金鼎-西松,2024-06-07,9136
2417,圓剛,17,2,15,群益金鼎-西松,2024-06-07,9136
6213,聯茂,17,2,15,群益金鼎-西松,2024-06-07,9136
3492,長盛,15,1,14,群益金鼎-西松,2024-06-07,9136
4113,聯上,52,39,13,群益金鼎-西松,2024-06-07,9136
6418,詠昇,27,14,13,群益金鼎-西松,2024-06-07,9136
5543,桓鼎-KY,18,6,12,群益金鼎-西松,2024-06-07,9136
2834,臺企銀,17,5,12,群益金鼎-西松,2024-06-07,9136
00940,元大台灣價值高息,19,8,11,群益金鼎-西松,2024-06-07,9136
00918,大華優利高填息30,14,3,11,群益金鼎-西松,2024-06-07,9136
00878,國泰永續高股息,37,26,11,群益金鼎-西松,2024-06-07,9136
2328,廣宇,14,4,10,群益金鼎-西松,2024-06-07,9136
1710,東聯,10,0,10,群益金鼎-西松,2024-06-07,9136
2885,元大金,10,0,10,群益金鼎-西松,2024-06-07,9136
3019,亞光,10,0,10,群益金鼎-西松,2024-06-07,9136
5604,中連,10,0,10,群益金鼎-西松,2024-06-07,9136
6185,幃翔,10,0,10,群益金鼎-西松,2024-06-07,9136
6257,矽格,20,10,10,群益金鼎-西松,2024-06-07,9136
6658,聯策,29,19,10,群益金鼎-西松,2024-06-07,9136
911868,同方友友-DR,10,0,10,群益金鼎-西松,2024-06-07,9136
2356,英業達,10,1,9,群益金鼎-西松,2024-06-07,9136
2352,佳世達,11,2,9,群益金鼎-西松,2024-06-07,9136
2501,國建,29,20,9,群益金鼎-西松,2024-06-07,9136
3226,至寶電,9,0,9,群益金鼎-西松,2024-06-07,9136
4956,光鋐,13,4,9,群益金鼎-西松,2024-06-07,9136
2888,新光金,623,0,623,群益金鼎-西松,2024-06-11,9136
00937B,群益ESG投等債20,404,5,399,群益金鼎-西松,2024-06-11,9136
00929,復華台灣科技優息,319,11,308,群益金鼎-西松,2024-06-11,9136
00687B,國泰20年美債,253,3,250,群益金鼎-西松,2024-06-11,9136
00933B,國泰10Y+金融債,110,0,110,群益金鼎-西松,2024-06-11,9136
00830,國泰費城半導體,100,1,99,群益金鼎-西松,2024-06-11,9136
00919,群益台灣精選高息,105,10,95,群益金鼎-西松,2024-06-11,9136
00679B,元大美債20年,98,4,94,群益金鼎-西松,2024-06-11,9136
00637L,元大滬深300正2,75,0,75,群益金鼎-西松,2024-06-11,9136
4113,聯上,107,32,75,群益金鼎-西松,2024-06-11,9136
00918,大華優利高填息30,62,0,62,群益金鼎-西松,2024-06-11,9136
1514,亞力,93,32,61,群益金鼎-西松,2024-06-11,9136
6290,良維,60,1,59,群益金鼎-西松,2024-06-11,9136
00751B,元大AAA至A公司債,52,0,52,群益金鼎-西松,2024-06-11,9136
00720B,元大投資級公司債,50,0,50,群益金鼎-西松,2024-06-11,9136
1785,光洋科,49,3,46,群益金鼎-西松,2024-06-11,9136
2515,中工,121,75,46,群益金鼎-西松,2024-06-11,9136
00936,台新永續高息中小,46,2,44,群益金鼎-西松,2024-06-11,9136
2482,連宇,43,2,41,群益金鼎-西松,2024-06-11,9136
2354,鴻準,38,4,34,群益金鼎-西松,2024-06-11,9136
2371,大同,41,7,34,群益金鼎-西松,2024-06-11,9136
6770,力積電,45,12,33,群益金鼎-西松,2024-06-11,9136
4714,永捷,40,10,30,群益金鼎-西松,2024-06-11,9136
8049,晶采,29,0,29,群益金鼎-西松,2024-06-11,9136
2609,陽明,115,87,28,群益金鼎-西松,2024-06-11,9136
2603,長榮,36,8,28,群益金鼎-西松,2024-06-11,9136
3376,新日興,40,12,28,群益金鼎-西松,2024-06-11,9136
4912,聯德控股-KY,28,0,28,群益金鼎-西松,2024-06-11,9136
4555,氣立,26,0,26,群益金鼎-西松,2024-06-11,9136
1815,富喬,114,88,26,群益金鼎-西松,2024-06-11,9136
9945,潤泰新,37,12,25,群益金鼎-西松,2024-06-11,9136
3706,神達,23,0,23,群益金鼎-西松,2024-06-11,9136
2489,瑞軒,39,16,23,群益金鼎-西松,2024-06-11,9136
00942B,台新美A公司債20+,21,0,21,群益金鼎-西松,2024-06-11,9136
00665L,富邦�琤肭磪囓�2,20,0,20,群益金鼎-西松,2024-06-11,9136
3631,晟楠,34,14,20,群益金鼎-西松,2024-06-11,9136
4123,晟德,20,0,20,群益金鼎-西松,2024-06-11,9136
4967,十銓,60,41,19,群益金鼎-西松,2024-06-11,9136
0056,元大高股息,19,1,18,群益金鼎-西松,2024-06-11,9136
8103,瀚荃,42,24,18,群益金鼎-西松,2024-06-11,9136
6190,萬泰科,16,0,16,群益金鼎-西松,2024-06-11,9136
00907,永豐優息存股,16,0,16,群益金鼎-西松,2024-06-11,9136
4502,健信,17,1,16,群益金鼎-西松,2024-06-11,9136
2356,英業達,28,12,16,群益金鼎-西松,2024-06-11,9136
00878,國泰永續高股息,20,5,15,群益金鼎-西松,2024-06-11,9136
2330,台積電,19,4,15,群益金鼎-西松,2024-06-11,9136
00713,元大台灣高息低波,15,0,15,群益金鼎-西松,2024-06-11,9136
2363,矽統,16,1,15,群益金鼎-西松,2024-06-11,9136
2002,中鋼,16,2,14,群益金鼎-西松,2024-06-11,9136
00795B,中信美國公債20年,14,0,14,群益金鼎-西松,2024-06-11,9136
00929,復華台灣科技優息,332,39,293,群益金鼎-西松,2024-06-12,9136
00937B,群益ESG投等債20,182,20,162,群益金鼎-西松,2024-06-12,9136
3481,群創,139,4,135,群益金鼎-西松,2024-06-12,9136
2409,友達,97,0,97,群益金鼎-西松,2024-06-12,9136
00687B,國泰20年美債,81,0,81,群益金鼎-西松,2024-06-12,9136
00919,群益台灣精選高息,74,9,65,群益金鼎-西松,2024-06-12,9136
00918,大華優利高填息30,66,4,62,群益金鼎-西松,2024-06-12,9136
8085,福華,70,16,54,群益金鼎-西松,2024-06-12,9136
3363,上詮,56,4,52,群益金鼎-西松,2024-06-12,9136
2883,凱基金,58,14,44,群益金鼎-西松,2024-06-12,9136
4113,聯上,59,18,41,群益金鼎-西松,2024-06-12,9136
00936,台新永續高息中小,48,10,38,群益金鼎-西松,2024-06-12,9136
3576,聯合再生,40,3,37,群益金鼎-西松,2024-06-12,9136
00713,元大台灣高息低波,34,0,34,群益金鼎-西松,2024-06-12,9136
1789,神隆,32,0,32,群益金鼎-西松,2024-06-12,9136
2313,華通,60,28,32,群益金鼎-西松,2024-06-12,9136
3303,岱稜,34,4,30,群益金鼎-西松,2024-06-12,9136
6890,來億-KY,32,2,30,群益金鼎-西松,2024-06-12,9136
2482,連宇,46,20,26,群益金鼎-西松,2024-06-12,9136
3047,訊舟,103,78,25,群益金鼎-西松,2024-06-12,9136
2515,中工,64,40,24,群益金鼎-西松,2024-06-12,9136
6207,雷科,40,17,23,群益金鼎-西松,2024-06-12,9136
00725B,國泰投資級公司債,21,0,21,群益金鼎-西松,2024-06-12,9136
8936,國統,33,12,21,群益金鼎-西松,2024-06-12,9136
4906,正文,25,5,20,群益金鼎-西松,2024-06-12,9136
00632R,元大台灣50反1,220,200,20,群益金鼎-西松,2024-06-12,9136
3033,威健,20,1,19,群益金鼎-西松,2024-06-12,9136
6239,力成,19,0,19,群益金鼎-西松,2024-06-12,9136
00878,國泰永續高股息,23,5,18,群益金鼎-西松,2024-06-12,9136
2545,皇翔,20,2,18,群益金鼎-西松,2024-06-12,9136
2603,長榮,34,17,17,群益金鼎-西松,2024-06-12,9136
4558,寶緯,18,1,17,群益金鼎-西松,2024-06-12,9136
1473,台南,36,20,16,群益金鼎-西松,2024-06-12,9136
1608,華榮,53,37,16,群益金鼎-西松,2024-06-12,9136
4561,健椿,17,2,15,群益金鼎-西松,2024-06-12,9136
1314,中石化,21,6,15,群益金鼎-西松,2024-06-12,9136
2891,中信金,15,0,15,群益金鼎-西松,2024-06-12,9136
00946,群益科技高息成長,20,6,14,群益金鼎-西松,2024-06-12,9136
4991,環宇-KY,18,4,14,群益金鼎-西松,2024-06-12,9136
6152,百一,16,2,14,群益金鼎-西松,2024-06-12,9136
6770,力積電,17,3,14,群益金鼎-西松,2024-06-12,9136
1582,信錦,13,0,13,群益金鼎-西松,2024-06-12,9136
1603,華電,20,7,13,群益金鼎-西松,2024-06-12,9136
2406,國碩,19,6,13,群益金鼎-西松,2024-06-12,9136
4915,致伸,13,0,13,群益金鼎-西松,2024-06-12,9136
6244,茂迪,14,1,13,群益金鼎-西松,2024-06-12,9136
00830,國泰費城半導體,12,0,12,群益金鼎-西松,2024-06-12,9136
1109,信大,12,0,12,群益金鼎-西松,2024-06-12,9136
1783,和康生,12,0,12,群益金鼎-西松,2024-06-12,9136
1785,光洋科,12,0,12,群益金鼎-西松,2024-06-12,9136
00933B,國泰10Y+金融債,515,0,515,群益金鼎-西松,2024-06-13,9136
00937B,群益ESG投等債20,163,30,133,群益金鼎-西松,2024-06-13,9136
00929,復華台灣科技優息,209,98,111,群益金鼎-西松,2024-06-13,9136
2609,陽明,146,39,107,群益金鼎-西松,2024-06-13,9136
00919,群益台灣精選高息,147,57,90,群益金鼎-西松,2024-06-13,9136
00936,台新永續高息中小,73,0,73,群益金鼎-西松,2024-06-13,9136
00632R,元大台灣50反1,50,2,48,群益金鼎-西松,2024-06-13,9136
1514,亞力,58,11,47,群益金鼎-西松,2024-06-13,9136
8936,國統,47,0,47,群益金鼎-西松,2024-06-13,9136
00878,國泰永續高股息,67,29,38,群益金鼎-西松,2024-06-13,9136
3202,樺晟,34,0,34,群益金鼎-西松,2024-06-13,9136
3680,家登,32,0,32,群益金鼎-西松,2024-06-13,9136
5608,四維航,32,1,31,群益金鼎-西松,2024-06-13,9136
00665L,富邦�琤肭磪囓�2,30,0,30,群益金鼎-西松,2024-06-13,9136
00713,元大台灣高息低波,27,0,27,群益金鼎-西松,2024-06-13,9136
2365,昆盈,27,3,24,群益金鼎-西松,2024-06-13,9136
6197,佳必琪,28,4,24,群益金鼎-西松,2024-06-13,9136
2449,京元電子,29,8,21,群益金鼎-西松,2024-06-13,9136
3037,欣興,21,1,20,群益金鼎-西松,2024-06-13,9136
2313,華通,29,9,20,群益金鼎-西松,2024-06-13,9136
8215,明基材,19,0,19,群益金鼎-西松,2024-06-13,9136
1519,華城,24,5,19,群益金鼎-西松,2024-06-13,9136
4909,新復興,33,16,17,群益金鼎-西松,2024-06-13,9136
020033,統一�琤肮黕篾,15,0,15,群益金鼎-西松,2024-06-13,9136
2349,錸德,15,0,15,群益金鼎-西松,2024-06-13,9136
5351,鈺創,17,2,15,群益金鼎-西松,2024-06-13,9136
8039,台虹,15,0,15,群益金鼎-西松,2024-06-13,9136
9105,泰金寶-DR,20,5,15,群益金鼎-西松,2024-06-13,9136
6689,伊雲谷,14,0,14,群益金鼎-西松,2024-06-13,9136
00948B,中信優息投資級債,14,0,14,群益金鼎-西松,2024-06-13,9136
3073,天方能源,18,4,14,群益金鼎-西松,2024-06-13,9136
2482,連宇,14,1,13,群益金鼎-西松,2024-06-13,9136
2606,裕民,13,0,13,群益金鼎-西松,2024-06-13,9136
6213,聯茂,23,11,12,群益金鼎-西松,2024-06-13,9136
1815,富喬,40,28,12,群益金鼎-西松,2024-06-13,9136
00664R,國泰臺灣加權反1,12,0,12,群益金鼎-西松,2024-06-13,9136
3707,漢磊,12,0,12,群益金鼎-西松,2024-06-13,9136
3231,緯創,25,14,11,群益金鼎-西松,2024-06-13,9136
00637L,元大滬深300正2,11,0,11,群益金鼎-西松,2024-06-13,9136
1447,力鵬,11,0,11,群益金鼎-西松,2024-06-13,9136
4305,世坤,14,3,11,群益金鼎-西松,2024-06-13,9136
5519,隆大,11,0,11,群益金鼎-西松,2024-06-13,9136
8342,益張,11,0,11,群益金鼎-西松,2024-06-13,9136
8028,昇陽半導體,28,17,11,群益金鼎-西松,2024-06-13,9136
00687B,國泰20年美債,10,0,10,群益金鼎-西松,2024-06-13,9136
1527,鑽全,10,0,10,群益金鼎-西松,2024-06-13,9136
3576,聯合再生,10,0,10,群益金鼎-西松,2024-06-13,9136
4720,德淵,10,0,10,群益金鼎-西松,2024-06-13,9136
5324,士開,10,0,10,群益金鼎-西松,2024-06-13,9136
2371,大同,17,7,10,群益金鼎-西松,2024-06-13,9136
2609,陽明,274,54,220,群益金鼎-西松,2024-06-14,9136
00919,群益台灣精選高息,128,15,113,群益金鼎-西松,2024-06-14,9136
2618,長榮航,106,3,103,群益金鼎-西松,2024-06-14,9136
00937B,群益ESG投等債20,104,11,93,群益金鼎-西松,2024-06-14,9136
00929,復華台灣科技優息,115,41,74,群益金鼎-西松,2024-06-14,9136
2371,大同,127,55,72,群益金鼎-西松,2024-06-14,9136
2331,精英,60,2,58,群益金鼎-西松,2024-06-14,9136
3321,同泰,49,0,49,群益金鼎-西松,2024-06-14,9136
1815,富喬,75,29,46,群益金鼎-西松,2024-06-14,9136
00918,大華優利高填息30,44,0,44,群益金鼎-西松,2024-06-14,9136
00673R,期元大S＆P原油反1,40,0,40,群益金鼎-西松,2024-06-14,9136
6239,力成,41,1,40,群益金鼎-西松,2024-06-14,9136
1503,士電,43,5,38,群益金鼎-西松,2024-06-14,9136
1514,亞力,60,28,32,群益金鼎-西松,2024-06-14,9136
3532,台勝科,28,0,28,群益金鼎-西松,2024-06-14,9136
00878,國泰永續高股息,28,2,26,群益金鼎-西松,2024-06-14,9136
8936,國統,29,3,26,群益金鼎-西松,2024-06-14,9136
5351,鈺創,24,0,24,群益金鼎-西松,2024-06-14,9136
00637L,元大滬深300正2,32,10,22,群益金鼎-西松,2024-06-14,9136
00923,群益台ESG低碳50,25,3,22,群益金鼎-西松,2024-06-14,9136
6290,良維,23,1,22,群益金鼎-西松,2024-06-14,9136
1905,華紙,21,0,21,群益金鼎-西松,2024-06-14,9136
3362,先進光,25,4,21,群益金鼎-西松,2024-06-14,9136
00632R,元大台灣50反1,20,0,20,群益金鼎-西松,2024-06-14,9136
2542,興富發,37,17,20,群益金鼎-西松,2024-06-14,9136
2845,遠東銀,20,0,20,群益金鼎-西松,2024-06-14,9136
2867,三商壽,20,0,20,群益金鼎-西松,2024-06-14,9136
3036,文曄,20,0,20,群益金鼎-西松,2024-06-14,9136
00882,中信中國高股息,20,0,20,群益金鼎-西松,2024-06-14,9136
00941,中信上游半導體,21,2,19,群益金鼎-西松,2024-06-14,9136
4912,聯德控股-KY,20,1,19,群益金鼎-西松,2024-06-14,9136
2025,千興,17,0,17,群益金鼎-西松,2024-06-14,9136
3048,益登,48,31,17,群益金鼎-西松,2024-06-14,9136
2511,太子,15,0,15,群益金鼎-西松,2024-06-14,9136
3260,威剛,16,1,15,群益金鼎-西松,2024-06-14,9136
6215,和椿,19,4,15,群益金鼎-西松,2024-06-14,9136
1609,大亞,26,12,14,群益金鼎-西松,2024-06-14,9136
2427,三商電,26,12,14,群益金鼎-西松,2024-06-14,9136
3141,晶宏,14,0,14,群益金鼎-西松,2024-06-14,9136
00944,野村趨勢動能高息,13,0,13,群益金鼎-西松,2024-06-14,9136
2426,鼎元,20,7,13,群益金鼎-西松,2024-06-14,9136
2855,統一證,13,0,13,群益金鼎-西松,2024-06-14,9136
2881,富邦金,13,0,13,群益金鼎-西松,2024-06-14,9136
3163,波若威,21,8,13,群益金鼎-西松,2024-06-14,9136
2363,矽統,24,11,13,群益金鼎-西松,2024-06-14,9136
2882,國泰金,16,4,12,群益金鼎-西松,2024-06-14,9136
2353,宏��,18,6,12,群益金鼎-西松,2024-06-14,9136
6654,天正國際,14,2,12,群益金鼎-西松,2024-06-14,9136
4976,佳凌,12,1,11,群益金鼎-西松,2024-06-14,9136
00713,元大台灣高息低波,10,0,10,群益金鼎-西松,2024-06-14,9136
2371,大同,477,137,340,群益金鼎-西松,2024-06-17,9136
00929,復華台灣科技優息,199,12,187,群益金鼎-西松,2024-06-17,9136
00919,群益台灣精選高息,141,6,135,群益金鼎-西松,2024-06-17,9136
3481,群創,167,36,131,群益金鼎-西松,2024-06-17,9136
00687B,國泰20年美債,107,10,97,群益金鼎-西松,2024-06-17,9136
00937B,群益ESG投等債20,293,200,93,群益金鼎-西松,2024-06-17,9136
00882,中信中國高股息,91,0,91,群益金鼎-西松,2024-06-17,9136
6288,聯嘉,76,5,71,群益金鼎-西松,2024-06-17,9136
00713,元大台灣高息低波,69,1,68,群益金鼎-西松,2024-06-17,9136
4555,氣立,58,1,57,群益金鼎-西松,2024-06-17,9136
1514,亞力,88,36,52,群益金鼎-西松,2024-06-17,9136
2331,精英,48,0,48,群益金鼎-西松,2024-06-17,9136
2392,正崴,79,36,43,群益金鼎-西松,2024-06-17,9136
2340,台亞,42,0,42,群益金鼎-西松,2024-06-17,9136
00878,國泰永續高股息,54,15,39,群益金鼎-西松,2024-06-17,9136
2312,金寶,49,10,39,群益金鼎-西松,2024-06-17,9136
3019,亞光,40,1,39,群益金鼎-西松,2024-06-17,9136
2362,藍天,35,2,33,群益金鼎-西松,2024-06-17,9136
00665L,富邦�琤肭磪囓�2,31,0,31,群益金鼎-西松,2024-06-17,9136
00712,復華富時不動產,32,1,31,群益金鼎-西松,2024-06-17,9136
2314,台揚,30,0,30,群益金鼎-西松,2024-06-17,9136
00923,群益台ESG低碳50,28,0,28,群益金鼎-西松,2024-06-17,9136
2354,鴻準,24,0,24,群益金鼎-西松,2024-06-17,9136
2542,興富發,29,6,23,群益金鼎-西松,2024-06-17,9136
5443,均豪,24,2,22,群益金鼎-西松,2024-06-17,9136
00650L,復華香港正2,21,0,21,群益金鼎-西松,2024-06-17,9136
1513,中興電,39,18,21,群益金鼎-西松,2024-06-17,9136
00830,國泰費城半導體,126,106,20,群益金鼎-西松,2024-06-17,9136
3058,立德,20,0,20,群益金鼎-西松,2024-06-17,9136
00918,大華優利高填息30,19,0,19,群益金鼎-西松,2024-06-17,9136
4306,炎洲,19,0,19,群益金鼎-西松,2024-06-17,9136
2486,一詮,67,48,19,群益金鼎-西松,2024-06-17,9136
2613,中櫃,23,5,18,群益金鼎-西松,2024-06-17,9136
2515,中工,18,0,18,群益金鼎-西松,2024-06-17,9136
5347,世界,18,0,18,群益金鼎-西松,2024-06-17,9136
1301,台塑,18,2,16,群益金鼎-西松,2024-06-17,9136
9919,康那香,20,4,16,群益金鼎-西松,2024-06-17,9136
2615,萬海,40,25,15,群益金鼎-西松,2024-06-17,9136
911868,同方友友-DR,15,0,15,群益金鼎-西松,2024-06-17,9136
2356,英業達,15,1,14,群益金鼎-西松,2024-06-17,9136
3073,天方能源,19,5,14,群益金鼎-西松,2024-06-17,9136
3593,力銘,14,0,14,群益金鼎-西松,2024-06-17,9136
6274,台燿,14,2,12,群益金鼎-西松,2024-06-17,9136
00948B,中信優息投資級債,12,0,12,群益金鼎-西松,2024-06-17,9136
2324,仁寶,11,0,11,群益金鼎-西松,2024-06-17,9136
2024,志聯,14,3,11,群益金鼎-西松,2024-06-17,9136
5351,鈺創,11,0,11,群益金鼎-西松,2024-06-17,9136
6290,良維,30,19,11,群益金鼎-西松,2024-06-17,9136
6488,環球晶,11,0,11,群益金鼎-西松,2024-06-17,9136
3033,威健,13,3,10,群益金鼎-西松,2024-06-17,9136
2855,統一證,265,3,262,群益金鼎-西松,2024-06-18,9136
4726,永昕,304,102,202,群益金鼎-西松,2024-06-18,9136
2353,宏��,130,1,129,群益金鼎-西松,2024-06-18,9136
00929,復華台灣科技優息,136,22,114,群益金鼎-西松,2024-06-18,9136
2409,友達,112,0,112,群益金鼎-西松,2024-06-18,9136
00933B,國泰10Y+金融債,92,0,92,群益金鼎-西松,2024-06-18,9136
1785,光洋科,94,16,78,群益金鼎-西松,2024-06-18,9136
2340,台亞,65,1,64,群益金鼎-西松,2024-06-18,9136
8096,擎亞,120,56,64,群益金鼎-西松,2024-06-18,9136
1802,台玻,82,23,59,群益金鼎-西松,2024-06-18,9136
00918,大華優利高填息30,59,9,50,群益金鼎-西松,2024-06-18,9136
00673R,期元大S＆P原油反1,50,0,50,群益金鼎-西松,2024-06-18,9136
3081,聯亞,47,6,41,群益金鼎-西松,2024-06-18,9136
3466,德晉,47,9,38,群益金鼎-西松,2024-06-18,9136
6143,振曜,37,1,36,群益金鼎-西松,2024-06-18,9136
1514,亞力,74,41,33,群益金鼎-西松,2024-06-18,9136
2317,鴻海,43,11,32,群益金鼎-西松,2024-06-18,9136
00687B,國泰20年美債,30,0,30,群益金鼎-西松,2024-06-18,9136
00632R,元大台灣50反1,30,0,30,群益金鼎-西松,2024-06-18,9136
2887,台新金,30,1,29,群益金鼎-西松,2024-06-18,9136
00713,元大台灣高息低波,30,3,27,群益金鼎-西松,2024-06-18,9136
4967,十銓,49,22,27,群益金鼎-西松,2024-06-18,9136
00720B,元大投資級公司債,27,0,27,群益金鼎-西松,2024-06-18,9136
1815,富喬,80,57,23,群益金鼎-西松,2024-06-18,9136
2495,普安,23,0,23,群益金鼎-西松,2024-06-18,9136
6160,欣技,33,10,23,群益金鼎-西松,2024-06-18,9136
6735,美達科技,23,1,22,群益金鼎-西松,2024-06-18,9136
3714,富采,21,0,21,群益金鼎-西松,2024-06-18,9136
6215,和椿,34,13,21,群益金鼎-西松,2024-06-18,9136
8064,東捷,35,14,21,群益金鼎-西松,2024-06-18,9136
00882,中信中國高股息,20,0,20,群益金鼎-西松,2024-06-18,9136
3202,樺晟,20,0,20,群益金鼎-西松,2024-06-18,9136
2845,遠東銀,20,1,19,群益金鼎-西松,2024-06-18,9136
6197,佳必琪,30,11,19,群益金鼎-西松,2024-06-18,9136
4906,正文,18,0,18,群益金鼎-西松,2024-06-18,9136
2025,千興,20,3,17,群益金鼎-西松,2024-06-18,9136
2515,中工,22,5,17,群益金鼎-西松,2024-06-18,9136
1519,華城,20,3,17,群益金鼎-西松,2024-06-18,9136
00751B,元大AAA至A公司債,16,0,16,群益金鼎-西松,2024-06-18,9136
5425,台半,16,0,16,群益金鼎-西松,2024-06-18,9136
2392,正崴,133,118,15,群益金鼎-西松,2024-06-18,9136
1583,程泰,19,4,15,群益金鼎-西松,2024-06-18,9136
6152,百一,15,0,15,群益金鼎-西松,2024-06-18,9136
6770,力積電,17,3,14,群益金鼎-西松,2024-06-18,9136
2867,三商壽,15,1,14,群益金鼎-西松,2024-06-18,9136
6290,良維,30,17,13,群益金鼎-西松,2024-06-18,9136
00664R,國泰臺灣加權反1,13,0,13,群益金鼎-西松,2024-06-18,9136
4912,聯德控股-KY,36,23,13,群益金鼎-西松,2024-06-18,9136
5230,雷笛克光學,13,0,13,群益金鼎-西松,2024-06-18,9136
6213,聯茂,20,8,12,群益金鼎-西松,2024-06-18,9136
1785,光洋科,244,44,200,群益金鼎-西松,2024-06-19,9136
2603,長榮,203,3,200,群益金鼎-西松,2024-06-19,9136
00929,復華台灣科技優息,379,240,139,群益金鼎-西松,2024-06-19,9136
00632R,元大台灣50反1,120,0,120,群益金鼎-西松,2024-06-19,9136
2399,映泰,111,3,108,群益金鼎-西松,2024-06-19,9136
4726,永昕,100,0,100,群益金鼎-西松,2024-06-19,9136
00937B,群益ESG投等債20,260,173,87,群益金鼎-西松,2024-06-19,9136
00947,台新臺灣IC設計,80,0,80,群益金鼎-西松,2024-06-19,9136
00713,元大台灣高息低波,68,3,65,群益金鼎-西松,2024-06-19,9136
00936,台新永續高息中小,63,0,63,群益金鼎-西松,2024-06-19,9136
1815,富喬,138,75,63,群益金鼎-西松,2024-06-19,9136
00946,群益科技高息成長,58,0,58,群益金鼎-西松,2024-06-19,9136
2101,南港,54,5,49,群益金鼎-西松,2024-06-19,9136
4912,聯德控股-KY,60,13,47,群益金鼎-西松,2024-06-19,9136
2316,楠梓電,52,6,46,群益金鼎-西松,2024-06-19,9136
6143,振曜,65,20,45,群益金鼎-西松,2024-06-19,9136
2610,華航,47,8,39,群益金鼎-西松,2024-06-19,9136
00679B,元大美債20年,37,5,32,群益金鼎-西松,2024-06-19,9136
3376,新日興,31,3,28,群益金鼎-西松,2024-06-19,9136
00915,凱基優選高股息30,26,0,26,群益金鼎-西松,2024-06-19,9136
00692,富邦公司治理,25,1,24,群益金鼎-西松,2024-06-19,9136
5871,中租-KY,26,3,23,群益金鼎-西松,2024-06-19,9136
00637L,元大滬深300正2,30,10,20,群益金鼎-西松,2024-06-19,9136
00882,中信中國高股息,20,0,20,群益金鼎-西松,2024-06-19,9136
9105,泰金寶-DR,31,11,20,群益金鼎-西松,2024-06-19,9136
1503,士電,38,19,19,群益金鼎-西松,2024-06-19,9136
4571,鈞興-KY,21,2,19,群益金鼎-西松,2024-06-19,9136
3062,建漢,64,46,18,群益金鼎-西松,2024-06-19,9136
2408,南亞科,25,8,17,群益金鼎-西松,2024-06-19,9136
3481,群創,26,10,16,群益金鼎-西松,2024-06-19,9136
6834,天二科技,50,34,16,群益金鼎-西松,2024-06-19,9136
00922,國泰台灣領袖50,16,0,16,群益金鼎-西松,2024-06-19,9136
4561,健椿,29,14,15,群益金鼎-西松,2024-06-19,9136
9945,潤泰新,18,3,15,群益金鼎-西松,2024-06-19,9136
2637,慧洋-KY,15,1,14,群益金鼎-西松,2024-06-19,9136
3047,訊舟,19,5,14,群益金鼎-西松,2024-06-19,9136
6114,久威,14,0,14,群益金鼎-西松,2024-06-19,9136
8358,金居,14,0,14,群益金鼎-西松,2024-06-19,9136
1504,東元,18,5,13,群益金鼎-西松,2024-06-19,9136
5371,中光電,14,1,13,群益金鼎-西松,2024-06-19,9136
5425,台半,13,0,13,群益金鼎-西松,2024-06-19,9136
5487,通泰,15,2,13,群益金鼎-西松,2024-06-19,9136
6654,天正國際,13,0,13,群益金鼎-西松,2024-06-19,9136
2618,長榮航,43,30,13,群益金鼎-西松,2024-06-19,9136
8454,富邦媒,13,0,13,群益金鼎-西松,2024-06-19,9136
3164,景岳,13,1,12,群益金鼎-西松,2024-06-19,9136
5443,均豪,16,4,12,群益金鼎-西松,2024-06-19,9136
00904,新光臺灣半導體30,11,0,11,群益金鼎-西松,2024-06-19,9136
00712,復華富時不動產,11,0,11,群益金鼎-西松,2024-06-19,9136
6154,順發,11,0,11,群益金鼎-西松,2024-06-19,9136
8105,凌巨,326,3,323,群益金鼎-西松,2024-06-20,9136
4123,晟德,224,1,223,群益金鼎-西松,2024-06-20,9136
8255,朋程,150,0,150,群益金鼎-西松,2024-06-20,9136
00946,群益科技高息成長,111,1,110,群益金鼎-西松,2024-06-20,9136
00937B,群益ESG投等債20,272,165,107,群益金鼎-西松,2024-06-20,9136
00632R,元大台灣50反1,104,0,104,群益金鼎-西松,2024-06-20,9136
4113,聯上,109,15,94,群益金鼎-西松,2024-06-20,9136
00919,群益台灣精選高息,163,86,77,群益金鼎-西松,2024-06-20,9136
1503,士電,75,13,62,群益金鼎-西松,2024-06-20,9136
3339,泰谷,72,13,59,群益金鼎-西松,2024-06-20,9136
6806,森崴能源,54,0,54,群益金鼎-西松,2024-06-20,9136
1785,光洋科,85,40,45,群益金鼎-西松,2024-06-20,9136
8099,大世科,42,0,42,群益金鼎-西松,2024-06-20,9136
00877,復華中國5G,40,0,40,群益金鼎-西松,2024-06-20,9136
2340,台亞,40,1,39,群益金鼎-西松,2024-06-20,9136
2337,旺宏,46,12,34,群益金鼎-西松,2024-06-20,9136
5392,能率,35,5,30,群益金鼎-西松,2024-06-20,9136
2344,華邦電,50,22,28,群益金鼎-西松,2024-06-20,9136
00933B,國泰10Y+金融債,26,0,26,群益金鼎-西松,2024-06-20,9136
5371,中光電,37,11,26,群益金鼎-西松,2024-06-20,9136
00940,元大台灣價值高息,62,37,25,群益金鼎-西松,2024-06-20,9136
2845,遠東銀,25,0,25,群益金鼎-西松,2024-06-20,9136
00932,兆豐永續高息等權,25,1,24,群益金鼎-西松,2024-06-20,9136
00878,國泰永續高股息,48,25,23,群益金鼎-西松,2024-06-20,9136
5530,龍巖,22,1,21,群益金鼎-西松,2024-06-20,9136
00935,野村臺灣新科技50,20,0,20,群益金鼎-西松,2024-06-20,9136
2371,大同,35,15,20,群益金鼎-西松,2024-06-20,9136
2353,宏��,24,5,19,群益金鼎-西松,2024-06-20,9136
00882,中信中國高股息,20,2,18,群益金鼎-西松,2024-06-20,9136
2330,台積電,19,2,17,群益金鼎-西松,2024-06-20,9136
00637L,元大滬深300正2,15,0,15,群益金鼎-西松,2024-06-20,9136
3596,智易,18,3,15,群益金鼎-西松,2024-06-20,9136
8039,台虹,15,0,15,群益金鼎-西松,2024-06-20,9136
2515,中工,14,0,14,群益金鼎-西松,2024-06-20,9136
00713,元大台灣高息低波,16,3,13,群益金鼎-西松,2024-06-20,9136
00751B,元大AAA至A公司債,13,0,13,群益金鼎-西松,2024-06-20,9136
00922,國泰台灣領袖50,12,0,12,群益金鼎-西松,2024-06-20,9136
2399,映泰,12,0,12,群益金鼎-西松,2024-06-20,9136
3047,訊舟,17,5,12,群益金鼎-西松,2024-06-20,9136
1789,神隆,11,0,11,群益金鼎-西松,2024-06-20,9136
8277,商丞,11,0,11,群益金鼎-西松,2024-06-20,9136
1301,台塑,14,4,10,群益金鼎-西松,2024-06-20,9136
00915,凱基優選高股息30,10,0,10,群益金鼎-西松,2024-06-20,9136
00665L,富邦�琤肭磪囓�2,10,0,10,群益金鼎-西松,2024-06-20,9136
2723,美食-KY,10,0,10,群益金鼎-西松,2024-06-20,9136
2867,三商壽,10,0,10,群益金鼎-西松,2024-06-20,9136
6763,綠界科技*,11,1,10,群益金鼎-西松,2024-06-20,9136
6890,來億-KY,10,0,10,群益金鼎-西松,2024-06-20,9136
00679B,元大美債20年,86,77,9,群益金鼎-西松,2024-06-20,9136
2906,高林,9,0,9,群益金鼎-西松,2024-06-20,9136
00937B,群益ESG投等債20,649,31,618,群益金鼎-西松,2024-06-21,9136
2455,全新,257,8,249,群益金鼎-西松,2024-06-21,9136
00919,群益台灣精選高息,264,95,169,群益金鼎-西松,2024-06-21,9136
00929,復華台灣科技優息,198,41,157,群益金鼎-西松,2024-06-21,9136
00687B,國泰20年美債,134,1,133,群益金鼎-西松,2024-06-21,9136
4123,晟德,130,2,128,群益金鼎-西松,2024-06-21,9136
2609,陽明,195,81,114,群益金鼎-西松,2024-06-21,9136
2340,台亞,101,3,98,群益金鼎-西松,2024-06-21,9136
00933B,國泰10Y+金融債,100,5,95,群益金鼎-西松,2024-06-21,9136
3703,欣陸,71,0,71,群益金鼎-西松,2024-06-21,9136
5469,瀚宇博,63,0,63,群益金鼎-西松,2024-06-21,9136
2317,鴻海,98,43,55,群益金鼎-西松,2024-06-21,9136
3202,樺晟,52,0,52,群益金鼎-西松,2024-06-21,9136
00713,元大台灣高息低波,39,6,33,群益金鼎-西松,2024-06-21,9136
00665L,富邦�琤肭磪囓�2,70,40,30,群益金鼎-西松,2024-06-21,9136
0056,元大高股息,35,5,30,群益金鼎-西松,2024-06-21,9136
3055,蔚華科,31,5,26,群益金鼎-西松,2024-06-21,9136
2363,矽統,27,2,25,群益金鼎-西松,2024-06-21,9136
3379,彬台,25,0,25,群益金鼎-西松,2024-06-21,9136
00882,中信中國高股息,24,0,24,群益金鼎-西松,2024-06-21,9136
2420,新巨,24,0,24,群益金鼎-西松,2024-06-21,9136
8099,大世科,30,6,24,群益金鼎-西松,2024-06-21,9136
00902,中信電池及儲能,20,0,20,群益金鼎-西松,2024-06-21,9136
4555,氣立,39,19,20,群益金鼎-西松,2024-06-21,9136
6116,彩晶,23,5,18,群益金鼎-西松,2024-06-21,9136
6806,森崴能源,18,2,16,群益金鼎-西松,2024-06-21,9136
00679B,元大美債20年,20,5,15,群益金鼎-西松,2024-06-21,9136
3563,牧德,15,0,15,群益金鼎-西松,2024-06-21,9136
3588,通嘉,15,0,15,群益金鼎-西松,2024-06-21,9136
3665,貿聯-KY,15,1,14,群益金鼎-西松,2024-06-21,9136
2354,鴻準,18,4,14,群益金鼎-西松,2024-06-21,9136
2330,台積電,21,7,14,群益金鼎-西松,2024-06-21,9136
2356,英業達,20,7,13,群益金鼎-西松,2024-06-21,9136
2313,華通,17,4,13,群益金鼎-西松,2024-06-21,9136
6414,樺漢,15,2,13,群益金鼎-西松,2024-06-21,9136
3686,達能,12,0,12,群益金鼎-西松,2024-06-21,9136
4566,時碩工業,59,47,12,群益金鼎-西松,2024-06-21,9136
8034,榮群,12,0,12,群益金鼎-西松,2024-06-21,9136
1301,台塑,27,16,11,群益金鼎-西松,2024-06-21,9136
4113,聯上,17,6,11,群益金鼎-西松,2024-06-21,9136
5906,台南-KY,22,11,11,群益金鼎-西松,2024-06-21,9136
6443,元晶,31,21,10,群益金鼎-西松,2024-06-21,9136
2383,台光電,10,0,10,群益金鼎-西松,2024-06-21,9136
2025,千興,10,0,10,群益金鼎-西松,2024-06-21,9136
2301,光寶科,10,0,10,群益金鼎-西松,2024-06-21,9136
00675L,富邦臺灣加權正2,14,5,9,群益金鼎-西松,2024-06-21,9136
2206,三陽工業,11,2,9,群益金鼎-西松,2024-06-21,9136
00915,凱基優選高股息30,9,1,8,群益金鼎-西松,2024-06-21,9136
3105,穩懋,11,3,8,群益金鼎-西松,2024-06-21,9136
4763,材料-KY,12,4,8,群益金鼎-西松,2024-06-21,9136
00937B,群益ESG投等債20,712,52,660,群益金鼎-西松,2024-06-24,9136
3481,群創,741,249,492,群益金鼎-西松,2024-06-24,9136
00919,群益台灣精選高息,414,32,382,群益金鼎-西松,2024-06-24,9136
00929,復華台灣科技優息,355,21,334,群益金鼎-西松,2024-06-24,9136
2888,新光金,150,30,120,群益金鼎-西松,2024-06-24,9136
4726,永昕,119,5,114,群益金鼎-西松,2024-06-24,9136
2464,盟立,137,62,75,群益金鼎-西松,2024-06-24,9136
2615,萬海,75,9,66,群益金鼎-西松,2024-06-24,9136
2409,友達,175,110,65,群益金鼎-西松,2024-06-24,9136
8046,南電,55,0,55,群益金鼎-西松,2024-06-24,9136
8096,擎亞,83,33,50,群益金鼎-西松,2024-06-24,9136
3019,亞光,49,5,44,群益金鼎-西松,2024-06-24,9136
00946,群益科技高息成長,41,0,41,群益金鼎-西松,2024-06-24,9136
2440,太空梭,40,0,40,群益金鼎-西松,2024-06-24,9136
00713,元大台灣高息低波,43,8,35,群益金鼎-西松,2024-06-24,9136
6005,群益證,34,0,34,群益金鼎-西松,2024-06-24,9136
3532,台勝科,30,0,30,群益金鼎-西松,2024-06-24,9136
2303,聯電,34,5,29,群益金鼎-西松,2024-06-24,9136
1785,光洋科,79,50,29,群益金鼎-西松,2024-06-24,9136
2382,廣達,30,2,28,群益金鼎-西松,2024-06-24,9136
3202,樺晟,26,0,26,群益金鼎-西松,2024-06-24,9136
4113,聯上,32,6,26,群益金鼎-西松,2024-06-24,9136
4967,十銓,58,34,24,群益金鼎-西松,2024-06-24,9136
00936,台新永續高息中小,77,54,23,群益金鼎-西松,2024-06-24,9136
1301,台塑,24,1,23,群益金鼎-西松,2024-06-24,9136
2406,國碩,35,14,21,群益金鼎-西松,2024-06-24,9136
8215,明基材,20,0,20,群益金鼎-西松,2024-06-24,9136
00918,大華優利高填息30,19,0,19,群益金鼎-西松,2024-06-24,9136
8064,東捷,35,16,19,群益金鼎-西松,2024-06-24,9136
6806,森崴能源,23,4,19,群益金鼎-西松,2024-06-24,9136
8027,鈦昇,47,28,19,群益金鼎-西松,2024-06-24,9136
2330,台積電,27,8,19,群益金鼎-西松,2024-06-24,9136
6530,創威,18,0,18,群益金鼎-西松,2024-06-24,9136
00891,中信關鍵半導體,25,8,17,群益金鼎-西松,2024-06-24,9136
6443,元晶,16,1,15,群益金鼎-西松,2024-06-24,9136
8085,福華,50,35,15,群益金鼎-西松,2024-06-24,9136
1815,富喬,32,18,14,群益金鼎-西松,2024-06-24,9136
2329,華泰,16,2,14,群益金鼎-西松,2024-06-24,9136
3047,訊舟,72,58,14,群益金鼎-西松,2024-06-24,9136
00923,群益台ESG低碳50,13,0,13,群益金鼎-西松,2024-06-24,9136
00664R,國泰臺灣加權反1,16,4,12,群益金鼎-西松,2024-06-24,9136
2609,陽明,21,9,12,群益金鼎-西松,2024-06-24,9136
3025,星通,24,12,12,群益金鼎-西松,2024-06-24,9136
1593,祺驊,14,3,11,群益金鼎-西松,2024-06-24,9136
5014,建錩,11,0,11,群益金鼎-西松,2024-06-24,9136
0056,元大高股息,16,5,11,群益金鼎-西松,2024-06-24,9136
1609,大亞,11,0,11,群益金鼎-西松,2024-06-24,9136
00631L,元大台灣50正2,12,2,10,群益金鼎-西松,2024-06-24,9136
3450,聯鈞,38,28,10,群益金鼎-西松,2024-06-24,9136
00877,復華中國5G,10,0,10,群益金鼎-西松,2024-06-24,9136
00929,復華台灣科技優息,440,35,405,群益金鼎-西松,2024-06-25,9136
9904,寶成,215,2,213,群益金鼎-西松,2024-06-25,9136
00937B,群益ESG投等債20,271,87,184,群益金鼎-西松,2024-06-25,9136
6290,良維,110,2,108,群益金鼎-西松,2024-06-25,9136
4726,永昕,95,3,92,群益金鼎-西松,2024-06-25,9136
00878,國泰永續高股息,81,4,77,群益金鼎-西松,2024-06-25,9136
2542,興富發,161,93,68,群益金鼎-西松,2024-06-25,9136
3289,宜特,68,4,64,群益金鼎-西松,2024-06-25,9136
5371,中光電,80,18,62,群益金鼎-西松,2024-06-25,9136
3035,智原,60,0,60,群益金鼎-西松,2024-06-25,9136
5469,瀚宇博,61,1,60,群益金鼎-西松,2024-06-25,9136
6127,九豪,60,0,60,群益金鼎-西松,2024-06-25,9136
00946,群益科技高息成長,55,0,55,群益金鼎-西松,2024-06-25,9136
00948B,中信優息投資級債,52,0,52,群益金鼎-西松,2024-06-25,9136
00919,群益台灣精選高息,149,98,51,群益金鼎-西松,2024-06-25,9136
4123,晟德,50,1,49,群益金鼎-西松,2024-06-25,9136
4555,氣立,58,15,43,群益金鼎-西松,2024-06-25,9136
00713,元大台灣高息低波,65,22,43,群益金鼎-西松,2024-06-25,9136
2303,聯電,46,6,40,群益金鼎-西松,2024-06-25,9136
1301,台塑,33,0,33,群益金鼎-西松,2024-06-25,9136
2610,華航,32,1,31,群益金鼎-西松,2024-06-25,9136
2368,金像電,35,5,30,群益金鼎-西松,2024-06-25,9136
6546,正基,33,3,30,群益金鼎-西松,2024-06-25,9136
8049,晶采,30,0,30,群益金鼎-西松,2024-06-25,9136
1611,中電,30,1,29,群益金鼎-西松,2024-06-25,9136
00915,凱基優選高股息30,29,0,29,群益金鼎-西松,2024-06-25,9136
6143,振曜,60,33,27,群益金鼎-西松,2024-06-25,9136
9105,泰金寶-DR,27,0,27,群益金鼎-西松,2024-06-25,9136
2356,英業達,30,5,25,群益金鼎-西松,2024-06-25,9136
0056,元大高股息,29,5,24,群益金鼎-西松,2024-06-25,9136
1815,富喬,73,50,23,群益金鼎-西松,2024-06-25,9136
2317,鴻海,76,54,22,群益金鼎-西松,2024-06-25,9136
00877,復華中國5G,20,0,20,群益金鼎-西松,2024-06-25,9136
00932,兆豐永續高息等權,20,0,20,群益金鼎-西松,2024-06-25,9136
3008,大立光,17,0,17,群益金鼎-西松,2024-06-25,9136
3006,晶豪科,18,2,16,群益金鼎-西松,2024-06-25,9136
6576,逸達,15,0,15,群益金鼎-西松,2024-06-25,9136
3324,雙鴻,16,1,15,群益金鼎-西松,2024-06-25,9136
3652,精聯,32,17,15,群益金鼎-西松,2024-06-25,9136
3663,鑫科,19,4,15,群益金鼎-西松,2024-06-25,9136
1514,亞力,24,10,14,群益金鼎-西松,2024-06-25,9136
3037,欣興,14,0,14,群益金鼎-西松,2024-06-25,9136
00891,中信關鍵半導體,14,0,14,群益金鼎-西松,2024-06-25,9136
2444,兆勁,14,0,14,群益金鼎-西松,2024-06-25,9136
2489,瑞軒,14,1,13,群益金鼎-西松,2024-06-25,9136
3665,貿聯-KY,13,1,12,群益金鼎-西松,2024-06-25,9136
2367,燿華,12,0,12,群益金鼎-西松,2024-06-25,9136
3580,友威科,22,11,11,群益金鼎-西松,2024-06-25,9136
2337,旺宏,11,0,11,群益金鼎-西松,2024-06-25,9136
4905,台聯電,14,3,11,群益金鼎-西松,2024-06-25,9136
3450,聯鈞,338,33,305,群益金鼎-西松,2024-06-26,9136
3374,精材,109,6,103,群益金鼎-西松,2024-06-26,9136
00927,群益半導體收益,93,1,92,群益金鼎-西松,2024-06-26,9136
6290,良維,90,2,88,群益金鼎-西松,2024-06-26,9136
2331,精英,60,0,60,群益金鼎-西松,2024-06-26,9136
2882,國泰金,60,1,59,群益金鼎-西松,2024-06-26,9136
2609,陽明,73,20,53,群益金鼎-西松,2024-06-26,9136
00919,群益台灣精選高息,80,33,47,群益金鼎-西松,2024-06-26,9136
2409,友達,172,125,47,群益金鼎-西松,2024-06-26,9136
3481,群創,187,142,45,群益金鼎-西松,2024-06-26,9136
2317,鴻海,88,45,43,群益金鼎-西松,2024-06-26,9136
00679B,元大美債20年,42,0,42,群益金鼎-西松,2024-06-26,9136
3535,晶彩科,38,3,35,群益金鼎-西松,2024-06-26,9136
00878,國泰永續高股息,36,3,33,群益金鼎-西松,2024-06-26,9136
2891,中信金,33,0,33,群益金鼎-西松,2024-06-26,9136
4123,晟德,39,8,31,群益金鼎-西松,2024-06-26,9136
5009,榮剛,32,2,30,群益金鼎-西松,2024-06-26,9136
6509,聚和,28,0,28,群益金鼎-西松,2024-06-26,9136
00706L,期元大S＆P日圓正2,27,0,27,群益金鼎-西松,2024-06-26,9136
3149,正達,30,5,25,群益金鼎-西松,2024-06-26,9136
4938,和碩,24,0,24,群益金鼎-西松,2024-06-26,9136
2352,佳世達,25,1,24,群益金鼎-西松,2024-06-26,9136
2634,漢翔,22,1,21,群益金鼎-西松,2024-06-26,9136
6005,群益證,32,11,21,群益金鼎-西松,2024-06-26,9136
3058,立德,20,0,20,群益金鼎-西松,2024-06-26,9136
2515,中工,32,12,20,群益金鼎-西松,2024-06-26,9136
2464,盟立,52,33,19,群益金鼎-西松,2024-06-26,9136
00937B,群益ESG投等債20,29,10,19,群益金鼎-西松,2024-06-26,9136
00942B,台新美A公司債20+,19,0,19,群益金鼎-西松,2024-06-26,9136
3035,智原,18,1,17,群益金鼎-西松,2024-06-26,9136
6806,森崴能源,115,98,17,群益金鼎-西松,2024-06-26,9136
0056,元大高股息,16,0,16,群益金鼎-西松,2024-06-26,9136
1303,南亞,16,1,15,群益金鼎-西松,2024-06-26,9136
2542,興富發,29,14,15,群益金鼎-西松,2024-06-26,9136
2637,慧洋-KY,15,0,15,群益金鼎-西松,2024-06-26,9136
6125,廣運,22,7,15,群益金鼎-西松,2024-06-26,9136
6143,振曜,15,0,15,群益金鼎-西松,2024-06-26,9136
8099,大世科,36,21,15,群益金鼎-西松,2024-06-26,9136
1301,台塑,32,18,14,群益金鼎-西松,2024-06-26,9136
00940,元大台灣價值高息,48,34,14,群益金鼎-西松,2024-06-26,9136
2449,京元電子,44,30,14,群益金鼎-西松,2024-06-26,9136
00713,元大台灣高息低波,21,7,14,群益金鼎-西松,2024-06-26,9136
00946,群益科技高息成長,13,0,13,群益金鼎-西松,2024-06-26,9136
2406,國碩,16,3,13,群益金鼎-西松,2024-06-26,9136
1314,中石化,13,0,13,群益金鼎-西松,2024-06-26,9136
6578,達邦蛋白,26,13,13,群益金鼎-西松,2024-06-26,9136
9928,中視,14,1,13,群益金鼎-西松,2024-06-26,9136
00929,復華台灣科技優息,94,82,12,群益金鼎-西松,2024-06-26,9136
1537,廣隆,12,0,12,群益金鼎-西松,2024-06-26,9136
6589,台康生技,14,2,12,群益金鼎-西松,2024-06-26,9136
5243,乙盛-KY,504,15,489,群益金鼎-西松,2024-06-27,9136
1560,中砂,268,6,262,群益金鼎-西松,2024-06-27,9136
6244,茂迪,277,94,183,群益金鼎-西松,2024-06-27,9136
00679B,元大美債20年,144,7,137,群益金鼎-西松,2024-06-27,9136
2645,長榮航太,68,0,68,群益金鼎-西松,2024-06-27,9136
00687B,國泰20年美債,70,5,65,群益金鼎-西松,2024-06-27,9136
2409,友達,90,27,63,群益金鼎-西松,2024-06-27,9136
6806,森崴能源,79,26,53,群益金鼎-西松,2024-06-27,9136
00720B,元大投資級公司債,52,0,52,群益金鼎-西松,2024-06-27,9136
00937B,群益ESG投等債20,261,210,51,群益金鼎-西松,2024-06-27,9136
3017,奇鋐,55,4,51,群益金鼎-西松,2024-06-27,9136
00632R,元大台灣50反1,50,0,50,群益金鼎-西松,2024-06-27,9136
2303,聯電,139,89,50,群益金鼎-西松,2024-06-27,9136
4938,和碩,50,1,49,群益金鼎-西松,2024-06-27,9136
1609,大亞,60,11,49,群益金鼎-西松,2024-06-27,9136
00673R,期元大S＆P原油反1,48,0,48,群益金鼎-西松,2024-06-27,9136
1514,亞力,45,10,35,群益金鼎-西松,2024-06-27,9136
2352,佳世達,34,0,34,群益金鼎-西松,2024-06-27,9136
00929,復華台灣科技優息,50,19,31,群益金鼎-西松,2024-06-27,9136
00878,國泰永續高股息,34,4,30,群益金鼎-西松,2024-06-27,9136
3047,訊舟,158,129,29,群益金鼎-西松,2024-06-27,9136
8085,福華,38,10,28,群益金鼎-西松,2024-06-27,9136
1815,富喬,37,11,26,群益金鼎-西松,2024-06-27,9136
3576,聯合再生,54,29,25,群益金鼎-西松,2024-06-27,9136
00933B,國泰10Y+金融債,21,0,21,群益金鼎-西松,2024-06-27,9136
00948B,中信優息投資級債,21,0,21,群益金鼎-西松,2024-06-27,9136
6290,良維,23,2,21,群益金鼎-西松,2024-06-27,9136
4167,松瑞藥,64,44,20,群益金鼎-西松,2024-06-27,9136
6509,聚和,21,1,20,群益金鼎-西松,2024-06-27,9136
2542,興富發,37,17,20,群益金鼎-西松,2024-06-27,9136
0056,元大高股息,20,1,19,群益金鼎-西松,2024-06-27,9136
3712,永崴投控,27,8,19,群益金鼎-西松,2024-06-27,9136
4561,健椿,24,7,17,群益金鼎-西松,2024-06-27,9136
6160,欣技,21,4,17,群益金鼎-西松,2024-06-27,9136
00942B,台新美A公司債20+,17,0,17,群益金鼎-西松,2024-06-27,9136
1809,中釉,16,1,15,群益金鼎-西松,2024-06-27,9136
8929,富堡,17,2,15,群益金鼎-西松,2024-06-27,9136
00927,群益半導體收益,13,0,13,群益金鼎-西松,2024-06-27,9136
1418,東華,36,23,13,群益金鼎-西松,2024-06-27,9136
3711,日月光投控,13,0,13,群益金鼎-西松,2024-06-27,9136
5443,均豪,95,83,12,群益金鼎-西松,2024-06-27,9136
4153,鈺緯,15,3,12,群益金鼎-西松,2024-06-27,9136
00919,群益台灣精選高息,19,7,12,群益金鼎-西松,2024-06-27,9136
00713,元大台灣高息低波,15,3,12,群益金鼎-西松,2024-06-27,9136
2383,台光電,12,1,11,群益金鼎-西松,2024-06-27,9136
1611,中電,17,6,11,群益金鼎-西松,2024-06-27,9136
4912,聯德控股-KY,11,0,11,群益金鼎-西松,2024-06-27,9136
8110,華東,14,3,11,群益金鼎-西松,2024-06-27,9136
00853B,統一美債10年Aa-,10,0,10,群益金鼎-西松,2024-06-27,9136
1907,永豐餘,10,0,10,群益金鼎-西松,2024-06-27,9136
2208,台船,500,0,500,群益金鼎-西松,2024-06-28,9136
2883,凱基金,210,0,210,群益金鼎-西松,2024-06-28,9136
8050,廣積,208,0,208,群益金鼎-西松,2024-06-28,9136
4726,永昕,217,15,202,群益金鼎-西松,2024-06-28,9136
00857B,永豐20年美公債,148,0,148,群益金鼎-西松,2024-06-28,9136
3264,欣銓,144,0,144,群益金鼎-西松,2024-06-28,9136
2340,台亞,100,1,99,群益金鼎-西松,2024-06-28,9136
1402,遠東新,89,1,88,群益金鼎-西松,2024-06-28,9136
1907,永豐餘,70,0,70,群益金鼎-西松,2024-06-28,9136
00929,復華台灣科技優息,72,18,54,群益金鼎-西松,2024-06-28,9136
3073,天方能源,68,16,52,群益金鼎-西松,2024-06-28,9136
9105,泰金寶-DR,47,0,47,群益金鼎-西松,2024-06-28,9136
6191,精成科,76,31,45,群益金鼎-西松,2024-06-28,9136
6443,元晶,64,20,44,群益金鼎-西松,2024-06-28,9136
00720B,元大投資級公司債,44,0,44,群益金鼎-西松,2024-06-28,9136
3481,群創,43,2,41,群益金鼎-西松,2024-06-28,9136
00933B,國泰10Y+金融債,39,0,39,群益金鼎-西松,2024-06-28,9136
6869,雲豹能源,30,1,29,群益金鼎-西松,2024-06-28,9136
2406,國碩,98,70,28,群益金鼎-西松,2024-06-28,9136
3062,建漢,51,25,26,群益金鼎-西松,2024-06-28,9136
2383,台光電,24,0,24,群益金鼎-西松,2024-06-28,9136
3532,台勝科,24,0,24,群益金鼎-西松,2024-06-28,9136
3652,精聯,26,3,23,群益金鼎-西松,2024-06-28,9136
3665,貿聯-KY,32,11,21,群益金鼎-西松,2024-06-28,9136
2489,瑞軒,22,1,21,群益金鼎-西松,2024-06-28,9136
3040,遠見,22,2,20,群益金鼎-西松,2024-06-28,9136
00631L,元大台灣50正2,19,0,19,群益金鼎-西松,2024-06-28,9136
00680L,元大美債20正2,20,1,19,群益金鼎-西松,2024-06-28,9136
3576,聯合再生,219,201,18,群益金鼎-西松,2024-06-28,9136
2352,佳世達,24,6,18,群益金鼎-西松,2024-06-28,9136
2882,國泰金,20,2,18,群益金鼎-西松,2024-06-28,9136
2542,興富發,22,4,18,群益金鼎-西松,2024-06-28,9136
2317,鴻海,23,7,16,群益金鼎-西松,2024-06-28,9136
00679B,元大美債20年,16,0,16,群益金鼎-西松,2024-06-28,9136
8085,福華,17,2,15,群益金鼎-西松,2024-06-28,9136
2235,謚源,24,9,15,群益金鼎-西松,2024-06-28,9136
2354,鴻準,26,11,15,群益金鼎-西松,2024-06-28,9136
2609,陽明,21,6,15,群益金鼎-西松,2024-06-28,9136
2618,長榮航,21,7,14,群益金鼎-西松,2024-06-28,9136
8099,大世科,27,13,14,群益金鼎-西松,2024-06-28,9136
3005,神基,13,0,13,群益金鼎-西松,2024-06-28,9136
4406,新昕纖,15,2,13,群益金鼎-西松,2024-06-28,9136
5230,雷笛克光學,23,10,13,群益金鼎-西松,2024-06-28,9136
0056,元大高股息,15,3,12,群益金鼎-西松,2024-06-28,9136
3581,博磊,18,6,12,群益金鼎-西松,2024-06-28,9136
8176,智捷,12,0,12,群益金鼎-西松,2024-06-28,9136
6414,樺漢,17,6,11,群益金鼎-西松,2024-06-28,9136
6210,慶生,11,0,11,群益金鼎-西松,2024-06-28,9136
00673R,期元大S＆P原油反1,10,0,10,群益金鼎-西松,2024-06-28,9136
2641,正德,12,2,10,群益金鼎-西松,2024-06-28,9136
2337,旺宏,518,0,518,群益金鼎-西松,2024-07-01,9136
6182,合晶,420,0,420,群益金鼎-西松,2024-07-01,9136
6005,群益證,150,0,150,群益金鼎-西松,2024-07-01,9136
8050,廣積,145,0,145,群益金鼎-西松,2024-07-01,9136
4726,永昕,268,133,135,群益金鼎-西松,2024-07-01,9136
2324,仁寶,114,1,113,群益金鼎-西松,2024-07-01,9136
00687B,國泰20年美債,110,3,107,群益金鼎-西松,2024-07-01,9136
2401,凌陽,99,3,96,群益金鼎-西松,2024-07-01,9136
2313,華通,86,4,82,群益金鼎-西松,2024-07-01,9136
0056,元大高股息,75,0,75,群益金鼎-西松,2024-07-01,9136
00929,復華台灣科技優息,66,0,66,群益金鼎-西松,2024-07-01,9136
8085,福華,64,2,62,群益金鼎-西松,2024-07-01,9136
5469,瀚宇博,62,0,62,群益金鼎-西松,2024-07-01,9136
8926,台汽電,60,1,59,群益金鼎-西松,2024-07-01,9136
00679B,元大美債20年,54,1,53,群益金鼎-西松,2024-07-01,9136
7402,邑錡,51,0,51,群益金鼎-西松,2024-07-01,9136
2409,友達,38,0,38,群益金鼎-西松,2024-07-01,9136
4958,臻鼎-KY,38,1,37,群益金鼎-西松,2024-07-01,9136
3576,聯合再生,37,4,33,群益金鼎-西松,2024-07-01,9136
6806,森崴能源,44,11,33,群益金鼎-西松,2024-07-01,9136
4555,氣立,34,2,32,群益金鼎-西松,2024-07-01,9136
00948B,中信優息投資級債,31,0,31,群益金鼎-西松,2024-07-01,9136
6285,啟��,31,0,31,群益金鼎-西松,2024-07-01,9136
00877,復華中國5G,30,0,30,群益金鼎-西松,2024-07-01,9136
00706L,期元大S＆P日圓正2,26,0,26,群益金鼎-西松,2024-07-01,9136
00933B,國泰10Y+金融債,25,0,25,群益金鼎-西松,2024-07-01,9136
4919,新唐,25,0,25,群益金鼎-西松,2024-07-01,9136
8342,益張,27,3,24,群益金鼎-西松,2024-07-01,9136
2362,藍天,23,1,22,群益金鼎-西松,2024-07-01,9136
5230,雷笛克光學,39,17,22,群益金鼎-西松,2024-07-01,9136
6109,亞元,22,0,22,群益金鼎-西松,2024-07-01,9136
8996,高力,22,1,21,群益金鼎-西松,2024-07-01,9136
2103,台橡,21,0,21,群益金鼎-西松,2024-07-01,9136
00881,國泰台灣5G+,20,0,20,群益金鼎-西松,2024-07-01,9136
00853B,統一美債10年Aa-,20,0,20,群益金鼎-西松,2024-07-01,9136
1307,三芳,20,0,20,群益金鼎-西松,2024-07-01,9136
2891,中信金,22,2,20,群益金鼎-西松,2024-07-01,9136
3059,華晶科,20,1,19,群益金鼎-西松,2024-07-01,9136
3481,群創,35,16,19,群益金鼎-西松,2024-07-01,9136
3105,穩懋,30,12,18,群益金鼎-西松,2024-07-01,9136
2317,鴻海,39,21,18,群益金鼎-西松,2024-07-01,9136
00720B,元大投資級公司債,17,0,17,群益金鼎-西松,2024-07-01,9136
2374,佳能,21,4,17,群益金鼎-西松,2024-07-01,9136
2618,長榮航,27,10,17,群益金鼎-西松,2024-07-01,9136
2883,凱基金,22,5,17,群益金鼎-西松,2024-07-01,9136
5398,慕康生醫,20,3,17,群益金鼎-西松,2024-07-01,9136
6509,聚和,17,0,17,群益金鼎-西松,2024-07-01,9136
6160,欣技,17,3,14,群益金鼎-西松,2024-07-01,9136
6823,濾能,14,0,14,群益金鼎-西松,2024-07-01,9136
00680L,元大美債20正2,13,0,13,群益金鼎-西松,2024-07-01,9136
2618,長榮航,541,39,502,群益金鼎-西松,2024-07-02,9136
00934,中信成長高股息,162,0,162,群益金鼎-西松,2024-07-02,9136
2303,聯電,177,22,155,群益金鼎-西松,2024-07-02,9136
00929,復華台灣科技優息,160,57,103,群益金鼎-西松,2024-07-02,9136
00936,台新永續高息中小,125,23,102,群益金鼎-西松,2024-07-02,9136
00687B,國泰20年美債,86,1,85,群益金鼎-西松,2024-07-02,9136
2467,志聖,86,4,82,群益金鼎-西松,2024-07-02,9136
00753L,中信中國50正2,60,0,60,群益金鼎-西松,2024-07-02,9136
6679,鈺太,55,0,55,群益金鼎-西松,2024-07-02,9136
2317,鴻海,76,22,54,群益金鼎-西松,2024-07-02,9136
00937B,群益ESG投等債20,53,0,53,群益金鼎-西松,2024-07-02,9136
00927,群益半導體收益,47,7,40,群益金鼎-西松,2024-07-02,9136
00642U,期元大S＆P石油,41,1,40,群益金鼎-西松,2024-07-02,9136
3048,益登,40,6,34,群益金鼎-西松,2024-07-02,9136
3702,大聯大,33,0,33,群益金鼎-西松,2024-07-02,9136
6285,啟��,36,4,32,群益金鼎-西松,2024-07-02,9136
00712,復華富時不動產,32,0,32,群益金鼎-西松,2024-07-02,9136
8099,大世科,35,3,32,群益金鼎-西松,2024-07-02,9136
3202,樺晟,30,0,30,群益金鼎-西松,2024-07-02,9136
0056,元大高股息,29,0,29,群益金鼎-西松,2024-07-02,9136
6290,良維,33,5,28,群益金鼎-西松,2024-07-02,9136
6114,久威,30,5,25,群益金鼎-西松,2024-07-02,9136
00679B,元大美債20年,24,2,22,群益金鼎-西松,2024-07-02,9136
2353,宏��,22,0,22,群益金鼎-西松,2024-07-02,9136
00919,群益台灣精選高息,56,35,21,群益金鼎-西松,2024-07-02,9136
2453,凌群,23,2,21,群益金鼎-西松,2024-07-02,9136
2702,華園,21,0,21,群益金鼎-西松,2024-07-02,9136
6244,茂迪,62,41,21,群益金鼎-西松,2024-07-02,9136
00632R,元大台灣50反1,50,30,20,群益金鼎-西松,2024-07-02,9136
00688L,國泰20年美債正2,20,0,20,群益金鼎-西松,2024-07-02,9136
2382,廣達,20,0,20,群益金鼎-西松,2024-07-02,9136
3591,艾笛森,20,0,20,群益金鼎-西松,2024-07-02,9136
5452,佶優,20,0,20,群益金鼎-西松,2024-07-02,9136
9105,泰金寶-DR,23,3,20,群益金鼎-西松,2024-07-02,9136
3338,泰碩,20,0,20,群益金鼎-西松,2024-07-02,9136
8064,東捷,59,40,19,群益金鼎-西松,2024-07-02,9136
00878,國泰永續高股息,19,0,19,群益金鼎-西松,2024-07-02,9136
1616,億泰,20,2,18,群益金鼎-西松,2024-07-02,9136
2882,國泰金,20,2,18,群益金鼎-西松,2024-07-02,9136
2495,普安,49,33,16,群益金鼎-西松,2024-07-02,9136
2537,聯上發,41,25,16,群益金鼎-西松,2024-07-02,9136
4726,永昕,16,0,16,群益金鼎-西松,2024-07-02,9136
1303,南亞,15,0,15,群益金鼎-西松,2024-07-02,9136
1326,台化,16,1,15,群益金鼎-西松,2024-07-02,9136
00946,群益科技高息成長,16,1,15,群益金鼎-西松,2024-07-02,9136
3030,德律,16,1,15,群益金鼎-西松,2024-07-02,9136
2201,裕隆,15,1,14,群益金鼎-西松,2024-07-02,9136
4720,德淵,14,0,14,群益金鼎-西松,2024-07-02,9136
3224,三顧,13,0,13,群益金鼎-西松,2024-07-02,9136
4991,環宇-KY,13,0,13,群益金鼎-西松,2024-07-02,9136
6288,聯嘉,601,1,600,群益金鼎-西松,2024-07-03,9136
2449,京元電子,343,41,302,群益金鼎-西松,2024-07-03,9136
2323,中環,180,20,160,群益金鼎-西松,2024-07-03,9136
2455,全新,172,19,153,群益金鼎-西松,2024-07-03,9136
00934,中信成長高股息,172,36,136,群益金鼎-西松,2024-07-03,9136
6509,聚和,121,1,120,群益金鼎-西松,2024-07-03,9136
3689,湧德,103,29,74,群益金鼎-西松,2024-07-03,9136
2317,鴻海,126,54,72,群益金鼎-西松,2024-07-03,9136
00929,復華台灣科技優息,87,21,66,群益金鼎-西松,2024-07-03,9136
4919,新唐,58,1,57,群益金鼎-西松,2024-07-03,9136
00632R,元大台灣50反1,50,0,50,群益金鼎-西松,2024-07-03,9136
1593,祺驊,50,1,49,群益金鼎-西松,2024-07-03,9136
4562,穎漢,65,19,46,群益金鼎-西松,2024-07-03,9136
1536,和大,42,0,42,群益金鼎-西松,2024-07-03,9136
1785,光洋科,69,27,42,群益金鼎-西松,2024-07-03,9136
5515,建國,60,21,39,群益金鼎-西松,2024-07-03,9136
00949,復華日本龍頭,39,1,38,群益金鼎-西松,2024-07-03,9136
3122,笙泉,38,0,38,群益金鼎-西松,2024-07-03,9136
2365,昆盈,98,60,38,群益金鼎-西松,2024-07-03,9136
00937B,群益ESG投等債20,41,3,38,群益金鼎-西松,2024-07-03,9136
2634,漢翔,34,1,33,群益金鼎-西松,2024-07-03,9136
3680,家登,33,1,32,群益金鼎-西松,2024-07-03,9136
8131,福懋科,30,0,30,群益金鼎-西松,2024-07-03,9136
1815,富喬,32,5,27,群益金鼎-西松,2024-07-03,9136
3441,聯一光,30,3,27,群益金鼎-西松,2024-07-03,9136
00927,群益半導體收益,26,0,26,群益金鼎-西松,2024-07-03,9136
2344,華邦電,43,17,26,群益金鼎-西松,2024-07-03,9136
3481,群創,32,6,26,群益金鼎-西松,2024-07-03,9136
6451,訊芯-KY,25,0,25,群益金鼎-西松,2024-07-03,9136
3520,華盈,24,2,22,群益金鼎-西松,2024-07-03,9136
6234,高僑,22,0,22,群益金鼎-西松,2024-07-03,9136
6443,元晶,66,44,22,群益金鼎-西松,2024-07-03,9136
3227,原相,20,0,20,群益金鼎-西松,2024-07-03,9136
2527,宏璟,24,4,20,群益金鼎-西松,2024-07-03,9136
3005,神基,27,7,20,群益金鼎-西松,2024-07-03,9136
1608,華榮,22,3,19,群益金鼎-西松,2024-07-03,9136
2353,宏��,37,19,18,群益金鼎-西松,2024-07-03,9136
2303,聯電,19,2,17,群益金鼎-西松,2024-07-03,9136
5443,均豪,81,64,17,群益金鼎-西松,2024-07-03,9136
00687B,國泰20年美債,17,1,16,群益金鼎-西松,2024-07-03,9136
1789,神隆,16,0,16,群益金鼎-西松,2024-07-03,9136
5488,松普,15,0,15,群益金鼎-西松,2024-07-03,9136
6246,臺龍,15,0,15,群益金鼎-西松,2024-07-03,9136
6869,雲豹能源,15,0,15,群益金鼎-西松,2024-07-03,9136
3450,聯鈞,32,17,15,群益金鼎-西松,2024-07-03,9136
6477,安集,27,13,14,群益金鼎-西松,2024-07-03,9136
00673R,期元大S＆P原油反1,14,0,14,群益金鼎-西松,2024-07-03,9136
3490,單井,30,16,14,群益金鼎-西松,2024-07-03,9136
3686,達能,17,3,14,群益金鼎-西松,2024-07-03,9136
00946,群益科技高息成長,12,0,12,群益金鼎-西松,2024-07-03,9136
00881,國泰台灣5G+,171,3,168,群益金鼎-西松,2024-07-04,9136
2337,旺宏,172,23,149,群益金鼎-西松,2024-07-04,9136
2888,新光金,167,34,133,群益金鼎-西松,2024-07-04,9136
2481,強茂,167,54,113,群益金鼎-西松,2024-07-04,9136
3189,景碩,110,0,110,群益金鼎-西松,2024-07-04,9136
00632R,元大台灣50反1,110,0,110,群益金鼎-西松,2024-07-04,9136
00934,中信成長高股息,104,0,104,群益金鼎-西松,2024-07-04,9136
2353,宏��,63,7,56,群益金鼎-西松,2024-07-04,9136
00725B,國泰投資級公司債,111,57,54,群益金鼎-西松,2024-07-04,9136
2412,中華電,48,2,46,群益金鼎-西松,2024-07-04,9136
2371,大同,52,7,45,群益金鼎-西松,2024-07-04,9136
3576,聯合再生,112,69,43,群益金鼎-西松,2024-07-04,9136
00945B,凱基美國非投等債,40,0,40,群益金鼎-西松,2024-07-04,9136
2812,台中銀,37,0,37,群益金鼎-西松,2024-07-04,9136
6244,茂迪,49,17,32,群益金鼎-西松,2024-07-04,9136
00895,富邦未來車,31,0,31,群益金鼎-西松,2024-07-04,9136
6188,廣明,89,58,31,群益金鼎-西松,2024-07-04,9136
1513,中興電,60,29,31,群益金鼎-西松,2024-07-04,9136
3481,群創,57,27,30,群益金鼎-西松,2024-07-04,9136
6698,旭暉應材,55,27,28,群益金鼎-西松,2024-07-04,9136
1815,富喬,75,49,26,群益金鼎-西松,2024-07-04,9136
2882,國泰金,28,6,22,群益金鼎-西松,2024-07-04,9136
2374,佳能,63,42,21,群益金鼎-西松,2024-07-04,9136
2383,台光電,21,0,21,群益金鼎-西松,2024-07-04,9136
00877,復華中國5G,20,0,20,群益金鼎-西松,2024-07-04,9136
00927,群益半導體收益,20,0,20,群益金鼎-西松,2024-07-04,9136
6160,欣技,20,0,20,群益金鼎-西松,2024-07-04,9136
8085,福華,20,0,20,群益金鼎-西松,2024-07-04,9136
1409,新纖,24,5,19,群益金鼎-西松,2024-07-04,9136
1595,川寶,35,17,18,群益金鼎-西松,2024-07-04,9136
2316,楠梓電,18,1,17,群益金鼎-西松,2024-07-04,9136
3450,聯鈞,82,65,17,群益金鼎-西松,2024-07-04,9136
1612,宏泰,16,0,16,群益金鼎-西松,2024-07-04,9136
6204,艾華,16,0,16,群益金鼎-西松,2024-07-04,9136
2382,廣達,22,7,15,群益金鼎-西松,2024-07-04,9136
4908,前鼎,15,1,14,群益金鼎-西松,2024-07-04,9136
2609,陽明,16,4,12,群益金鼎-西松,2024-07-04,9136
3049,精金,13,1,12,群益金鼎-西松,2024-07-04,9136
00929,復華台灣科技優息,46,34,12,群益金鼎-西松,2024-07-04,9136
00936,台新永續高息中小,11,0,11,群益金鼎-西松,2024-07-04,9136
5608,四維航,11,0,11,群益金鼎-西松,2024-07-04,9136
00650L,復華香港正2,11,0,11,群益金鼎-西松,2024-07-04,9136
3036,文曄,11,0,11,群益金鼎-西松,2024-07-04,9136
3708,上緯投控,11,0,11,群益金鼎-西松,2024-07-04,9136
6126,信音,11,0,11,群益金鼎-西松,2024-07-04,9136
6451,訊芯-KY,10,0,10,群益金鼎-西松,2024-07-04,9136
00893,國泰智能電動車,10,0,10,群益金鼎-西松,2024-07-04,9136
2324,仁寶,46,36,10,群益金鼎-西松,2024-07-04,9136
2641,正德,10,0,10,群益金鼎-西松,2024-07-04,9136
3167,大量,13,3,10,群益金鼎-西松,2024-07-04,9136
2367,燿華,258,51,207,群益金鼎-西松,2024-07-05,9136
6124,業強,202,0,202,群益金鼎-西松,2024-07-05,9136
2363,矽統,262,105,157,群益金鼎-西松,2024-07-05,9136
3576,聯合再生,143,2,141,群益金鼎-西松,2024-07-05,9136
00637L,元大滬深300正2,105,10,95,群益金鼎-西松,2024-07-05,9136
5469,瀚宇博,85,2,83,群益金鼎-西松,2024-07-05,9136
6443,元晶,90,24,66,群益金鼎-西松,2024-07-05,9136
2455,全新,71,9,62,群益金鼎-西松,2024-07-05,9136
00881,國泰台灣5G+,54,0,54,群益金鼎-西松,2024-07-05,9136
8104,錸寶,75,23,52,群益金鼎-西松,2024-07-05,9136
00720B,元大投資級公司債,50,0,50,群益金鼎-西松,2024-07-05,9136
3714,富采,49,0,49,群益金鼎-西松,2024-07-05,9136
00632R,元大台灣50反1,50,4,46,群益金鼎-西松,2024-07-05,9136
00725B,國泰投資級公司債,97,57,40,群益金鼎-西松,2024-07-05,9136
2303,聯電,74,37,37,群益金鼎-西松,2024-07-05,9136
6706,惠特,119,83,36,群益金鼎-西松,2024-07-05,9136
00934,中信成長高股息,36,0,36,群益金鼎-西松,2024-07-05,9136
2481,強茂,37,3,34,群益金鼎-西松,2024-07-05,9136
3663,鑫科,39,6,33,群益金鼎-西松,2024-07-05,9136
1536,和大,60,30,30,群益金鼎-西松,2024-07-05,9136
2489,瑞軒,55,25,30,群益金鼎-西松,2024-07-05,9136
3058,立德,30,0,30,群益金鼎-西松,2024-07-05,9136
00937B,群益ESG投等債20,36,10,26,群益金鼎-西松,2024-07-05,9136
1308,亞聚,25,1,24,群益金鼎-西松,2024-07-05,9136
00936,台新永續高息中小,23,0,23,群益金鼎-西松,2024-07-05,9136
2610,華航,22,0,22,群益金鼎-西松,2024-07-05,9136
5392,能率,64,42,22,群益金鼎-西松,2024-07-05,9136
1609,大亞,23,2,21,群益金鼎-西松,2024-07-05,9136
6139,亞翔,37,17,20,群益金鼎-西松,2024-07-05,9136
2301,光寶科,20,1,19,群益金鼎-西松,2024-07-05,9136
1304,台聚,21,2,19,群益金鼎-西松,2024-07-05,9136
2609,陽明,35,16,19,群益金鼎-西松,2024-07-05,9136
2881,富邦金,32,13,19,群益金鼎-西松,2024-07-05,9136
3689,湧德,22,5,17,群益金鼎-西松,2024-07-05,9136
4967,十銓,67,50,17,群益金鼎-西松,2024-07-05,9136
6531,愛普*,17,1,16,群益金鼎-西松,2024-07-05,9136
8410,森田,18,2,16,群益金鼎-西松,2024-07-05,9136
2618,長榮航,23,7,16,群益金鼎-西松,2024-07-05,9136
6414,樺漢,32,17,15,群益金鼎-西松,2024-07-05,9136
2444,兆勁,16,1,15,群益金鼎-西松,2024-07-05,9136
8935,邦泰,15,0,15,群益金鼎-西松,2024-07-05,9136
1612,宏泰,14,0,14,群益金鼎-西松,2024-07-05,9136
6509,聚和,14,0,14,群益金鼎-西松,2024-07-05,9136
3402,漢科,13,0,13,群益金鼎-西松,2024-07-05,9136
2603,長榮,14,1,13,群益金鼎-西松,2024-07-05,9136
00927,群益半導體收益,15,3,12,群益金鼎-西松,2024-07-05,9136
2812,台中銀,12,0,12,群益金鼎-西松,2024-07-05,9136
6449,鈺邦,17,5,12,群益金鼎-西松,2024-07-05,9136
3324,雙鴻,13,1,12,群益金鼎-西松,2024-07-05,9136
5215,科嘉-KY,11,0,11,群益金鼎-西松,2024-07-05,9136
2481,強茂,130,5,125,群益金鼎-西松,2024-07-08,9136
2365,昆盈,165,53,112,群益金鼎-西松,2024-07-08,9136
2337,旺宏,108,6,102,群益金鼎-西松,2024-07-08,9136
6290,良維,102,4,98,群益金鼎-西松,2024-07-08,9136
00919,群益台灣精選高息,85,14,71,群益金鼎-西松,2024-07-08,9136
2374,佳能,163,94,69,群益金鼎-西松,2024-07-08,9136
00632R,元大台灣50反1,60,0,60,群益金鼎-西松,2024-07-08,9136
3576,聯合再生,60,0,60,群益金鼎-西松,2024-07-08,9136
3045,台灣大,55,0,55,群益金鼎-西松,2024-07-08,9136
00929,復華台灣科技優息,67,14,53,群益金鼎-西松,2024-07-08,9136
6160,欣技,57,12,45,群益金鼎-西松,2024-07-08,9136
2368,金像電,46,3,43,群益金鼎-西松,2024-07-08,9136
3710,連展投控,43,3,40,群益金鼎-西松,2024-07-08,9136
4960,誠美材,45,8,37,群益金鼎-西松,2024-07-08,9136
1409,新纖,35,3,32,群益金鼎-西松,2024-07-08,9136
8099,大世科,34,5,29,群益金鼎-西松,2024-07-08,9136
2609,陽明,46,17,29,群益金鼎-西松,2024-07-08,9136
6153,嘉聯益,45,17,28,群益金鼎-西松,2024-07-08,9136
2330,台積電,43,16,27,群益金鼎-西松,2024-07-08,9136
2363,矽統,95,70,25,群益金鼎-西松,2024-07-08,9136
5302,太欣,25,0,25,群益金鼎-西松,2024-07-08,9136
00946,群益科技高息成長,23,0,23,群益金鼎-西松,2024-07-08,9136
3059,華晶科,27,4,23,群益金鼎-西松,2024-07-08,9136
1513,中興電,89,67,22,群益金鼎-西松,2024-07-08,9136
2542,興富發,61,40,21,群益金鼎-西松,2024-07-08,9136
1608,華榮,21,1,20,群益金鼎-西松,2024-07-08,9136
2515,中工,120,100,20,群益金鼎-西松,2024-07-08,9136
3234,光環,20,0,20,群益金鼎-西松,2024-07-08,9136
9946,三發地產,20,1,19,群益金鼎-西松,2024-07-08,9136
00934,中信成長高股息,19,1,18,群益金鼎-西松,2024-07-08,9136
2103,台橡,20,2,18,群益金鼎-西松,2024-07-08,9136
1402,遠東新,17,0,17,群益金鼎-西松,2024-07-08,9136
3019,亞光,27,10,17,群益金鼎-西松,2024-07-08,9136
3219,倚強科,38,21,17,群益金鼎-西松,2024-07-08,9136
3714,富采,20,3,17,群益金鼎-西松,2024-07-08,9136
6443,元晶,19,2,17,群益金鼎-西松,2024-07-08,9136
1536,和大,51,34,17,群益金鼎-西松,2024-07-08,9136
3163,波若威,48,31,17,群益金鼎-西松,2024-07-08,9136
5905,南仁湖,16,0,16,群益金鼎-西松,2024-07-08,9136
8488,吉源-KY,16,0,16,群益金鼎-西松,2024-07-08,9136
00713,元大台灣高息低波,25,9,16,群益金鼎-西松,2024-07-08,9136
1474,弘裕,15,0,15,群益金鼎-西松,2024-07-08,9136
5871,中租-KY,15,0,15,群益金鼎-西松,2024-07-08,9136
2344,華邦電,20,6,14,群益金鼎-西松,2024-07-08,9136
2618,長榮航,24,11,13,群益金鼎-西松,2024-07-08,9136
2412,中華電,13,0,13,群益金鼎-西松,2024-07-08,9136
2352,佳世達,22,9,13,群益金鼎-西松,2024-07-08,9136
2495,普安,13,0,13,群益金鼎-西松,2024-07-08,9136
6189,豐藝,16,3,13,群益金鼎-西松,2024-07-08,9136
2489,瑞軒,17,4,13,群益金鼎-西松,2024-07-08,9136
00632R,元大台灣50反1,700,50,650,群益金鼎-西松,2024-07-09,9136
2618,長榮航,149,6,143,群益金鼎-西松,2024-07-09,9136
2367,燿華,392,256,136,群益金鼎-西松,2024-07-09,9136
2481,強茂,113,0,113,群益金鼎-西松,2024-07-09,9136
00680L,元大美債20正2,100,0,100,群益金鼎-西松,2024-07-09,9136
00929,復華台灣科技優息,65,10,55,群益金鼎-西松,2024-07-09,9136
3062,建漢,83,31,52,群益金鼎-西松,2024-07-09,9136
00936,台新永續高息中小,61,10,51,群益金鼎-西松,2024-07-09,9136
00934,中信成長高股息,43,2,41,群益金鼎-西松,2024-07-09,9136
0056,元大高股息,49,8,41,群益金鼎-西松,2024-07-09,9136
00713,元大台灣高息低波,46,5,41,群益金鼎-西松,2024-07-09,9136
00878,國泰永續高股息,38,1,37,群益金鼎-西松,2024-07-09,9136
2440,太空梭,33,0,33,群益金鼎-西松,2024-07-09,9136
3576,聯合再生,33,1,32,群益金鼎-西松,2024-07-09,9136
4113,聯上,44,12,32,群益金鼎-西松,2024-07-09,9136
6834,天二科技,65,33,32,群益金鼎-西松,2024-07-09,9136
2317,鴻海,101,69,32,群益金鼎-西松,2024-07-09,9136
1418,東華,84,54,30,群益金鼎-西松,2024-07-09,9136
4562,穎漢,30,2,28,群益金鼎-西松,2024-07-09,9136
1340,勝悅-KY,37,10,27,群益金鼎-西松,2024-07-09,9136
8104,錸寶,27,0,27,群益金鼎-西松,2024-07-09,9136
2888,新光金,41,15,26,群益金鼎-西松,2024-07-09,9136
00687B,國泰20年美債,24,2,22,群益金鼎-西松,2024-07-09,9136
1605,華新,23,1,22,群益金鼎-西松,2024-07-09,9136
5905,南仁湖,21,0,21,群益金鼎-西松,2024-07-09,9136
6840,東研信超,47,26,21,群益金鼎-西松,2024-07-09,9136
1617,榮星,21,0,21,群益金鼎-西松,2024-07-09,9136
00664R,國泰臺灣加權反1,30,10,20,群益金鼎-西松,2024-07-09,9136
2103,台橡,20,0,20,群益金鼎-西松,2024-07-09,9136
6535,順藥,20,0,20,群益金鼎-西松,2024-07-09,9136
8473,山林水,22,2,20,群益金鼎-西松,2024-07-09,9136
3050,鈺德,34,15,19,群益金鼎-西松,2024-07-09,9136
6573,虹揚-KY,18,0,18,群益金鼎-西松,2024-07-09,9136
3710,連展投控,17,0,17,群益金鼎-西松,2024-07-09,9136
5543,桓鼎-KY,20,3,17,群益金鼎-西松,2024-07-09,9136
2376,技嘉,19,2,17,群益金鼎-西松,2024-07-09,9136
3450,聯鈞,42,27,15,群益金鼎-西松,2024-07-09,9136
3588,通嘉,15,0,15,群益金鼎-西松,2024-07-09,9136
6213,聯茂,18,3,15,群益金鼎-西松,2024-07-09,9136
6126,信音,29,14,15,群益金鼎-西松,2024-07-09,9136
2352,佳世達,14,0,14,群益金鼎-西松,2024-07-09,9136
3047,訊舟,118,104,14,群益金鼎-西松,2024-07-09,9136
3048,益登,39,25,14,群益金鼎-西松,2024-07-09,9136
2444,兆勁,18,4,14,群益金鼎-西松,2024-07-09,9136
5880,合庫金,14,0,14,群益金鼎-西松,2024-07-09,9136
5489,彩富,20,7,13,群益金鼎-西松,2024-07-09,9136
6612,奈米醫材,17,4,13,群益金鼎-西松,2024-07-09,9136
8099,大世科,16,3,13,群益金鼎-西松,2024-07-09,9136
2382,廣達,81,68,13,群益金鼎-西松,2024-07-09,9136
1717,長興,13,1,12,群益金鼎-西松,2024-07-09,9136
2888,新光金,1192,263,929,群益金鼎-西松,2024-07-10,9136
6005,群益證,205,2,203,群益金鼎-西松,2024-07-10,9136
6285,啟��,150,4,146,群益金鼎-西松,2024-07-10,9136
2897,王道銀行,114,2,112,群益金鼎-西松,2024-07-10,9136
2367,燿華,133,33,100,群益金鼎-西松,2024-07-10,9136
00665L,富邦�琤肭磪囓�2,90,0,90,群益金鼎-西松,2024-07-10,9136
3032,偉訓,68,11,57,群益金鼎-西松,2024-07-10,9136
00934,中信成長高股息,54,0,54,群益金鼎-西松,2024-07-10,9136
3019,亞光,60,6,54,群益金鼎-西松,2024-07-10,9136
3312,弘憶股,79,28,51,群益金鼎-西松,2024-07-10,9136
0056,元大高股息,53,2,51,群益金鼎-西松,2024-07-10,9136
2397,友通,50,0,50,群益金鼎-西松,2024-07-10,9136
3450,聯鈞,94,46,48,群益金鼎-西松,2024-07-10,9136
2303,聯電,48,2,46,群益金鼎-西松,2024-07-10,9136
00937B,群益ESG投等債20,35,0,35,群益金鼎-西松,2024-07-10,9136
2412,中華電,35,1,34,群益金鼎-西松,2024-07-10,9136
6190,萬泰科,40,14,26,群益金鼎-西松,2024-07-10,9136
2537,聯上發,35,9,26,群益金鼎-西松,2024-07-10,9136
5392,能率,26,0,26,群益金鼎-西松,2024-07-10,9136
1608,華榮,26,1,25,群益金鼎-西松,2024-07-10,9136
9105,泰金寶-DR,25,0,25,群益金鼎-西松,2024-07-10,9136
2316,楠梓電,26,2,24,群益金鼎-西松,2024-07-10,9136
00936,台新永續高息中小,23,0,23,群益金鼎-西松,2024-07-10,9136
4433,興采,24,2,22,群益金鼎-西松,2024-07-10,9136
2756,聯發國際,21,0,21,群益金鼎-西松,2024-07-10,9136
6237,驊訊,24,4,20,群益金鼎-西松,2024-07-10,9136
00679B,元大美債20年,20,0,20,群益金鼎-西松,2024-07-10,9136
2002,中鋼,19,0,19,群益金鼎-西松,2024-07-10,9136
1301,台塑,19,0,19,群益金鼎-西松,2024-07-10,9136
4909,新復興,41,23,18,群益金鼎-西松,2024-07-10,9136
8085,福華,21,3,18,群益金鼎-西松,2024-07-10,9136
1605,華新,17,1,16,群益金鼎-西松,2024-07-10,9136
3376,新日興,33,17,16,群益金鼎-西松,2024-07-10,9136
5011,久陽,34,18,16,群益金鼎-西松,2024-07-10,9136
8099,大世科,20,4,16,群益金鼎-西松,2024-07-10,9136
2882,國泰金,25,10,15,群益金鼎-西松,2024-07-10,9136
6278,台表科,16,1,15,群益金鼎-西松,2024-07-10,9136
3162,精確,29,15,14,群益金鼎-西松,2024-07-10,9136
8021,尖點,14,0,14,群益金鼎-西松,2024-07-10,9136
2542,興富發,46,33,13,群益金鼎-西松,2024-07-10,9136
1514,亞力,46,34,12,群益金鼎-西松,2024-07-10,9136
3593,力銘,12,0,12,群益金鼎-西松,2024-07-10,9136
3037,欣興,17,5,12,群益金鼎-西松,2024-07-10,9136
4510,高鋒,12,1,11,群益金鼎-西松,2024-07-10,9136
8028,昇陽半導體,31,20,11,群益金鼎-西松,2024-07-10,9136
00725B,國泰投資級公司債,68,57,11,群益金鼎-西松,2024-07-10,9136
1513,中興電,88,78,10,群益金鼎-西松,2024-07-10,9136
00853B,統一美債10年Aa-,10,0,10,群益金鼎-西松,2024-07-10,9136
4550,長佳,11,1,10,群益金鼎-西松,2024-07-10,9136
8937,合騏,36,26,10,群益金鼎-西松,2024-07-10,9136
00940,元大台灣價值高息,195,82,113,群益金鼎-西松,2024-07-11,9136
3481,群創,132,37,95,群益金鼎-西松,2024-07-11,9136
00881,國泰台灣5G+,77,0,77,群益金鼎-西松,2024-07-11,9136
2363,矽統,73,12,61,群益金鼎-西松,2024-07-11,9136
6806,森崴能源,82,21,61,群益金鼎-西松,2024-07-11,9136
6290,良維,57,8,49,群益金鼎-西松,2024-07-11,9136
2356,英業達,107,60,47,群益金鼎-西松,2024-07-11,9136
3202,樺晟,46,0,46,群益金鼎-西松,2024-07-11,9136
2243,宏旭-KY,46,3,43,群益金鼎-西松,2024-07-11,9136
3285,微端,40,0,40,群益金鼎-西松,2024-07-11,9136
3374,精材,48,14,34,群益金鼎-西松,2024-07-11,9136
2362,藍天,35,3,32,群益金鼎-西松,2024-07-11,9136
00679B,元大美債20年,33,2,31,群益金鼎-西松,2024-07-11,9136
2881,富邦金,72,41,31,群益金鼎-西松,2024-07-11,9136
2002,中鋼,33,2,31,群益金鼎-西松,2024-07-11,9136
3363,上詮,72,42,30,群益金鼎-西松,2024-07-11,9136
2303,聯電,30,2,28,群益金鼎-西松,2024-07-11,9136
00934,中信成長高股息,25,0,25,群益金鼎-西松,2024-07-11,9136
3048,益登,33,10,23,群益金鼎-西松,2024-07-11,9136
4906,正文,29,6,23,群益金鼎-西松,2024-07-11,9136
3050,鈺德,37,15,22,群益金鼎-西松,2024-07-11,9136
3105,穩懋,22,0,22,群益金鼎-西松,2024-07-11,9136
3715,定穎投控,23,1,22,群益金鼎-西松,2024-07-11,9136
3580,友威科,23,2,21,群益金鼎-西松,2024-07-11,9136
00936,台新永續高息中小,20,0,20,群益金鼎-西松,2024-07-11,9136
2374,佳能,37,17,20,群益金鼎-西松,2024-07-11,9136
6770,力積電,25,5,20,群益金鼎-西松,2024-07-11,9136
1536,和大,43,23,20,群益金鼎-西松,2024-07-11,9136
2891,中信金,19,0,19,群益金鼎-西松,2024-07-11,9136
6859,伯特光,19,0,19,群益金鼎-西松,2024-07-11,9136
6578,達邦蛋白,19,1,18,群益金鼎-西松,2024-07-11,9136
8104,錸寶,18,0,18,群益金鼎-西松,2024-07-11,9136
3217,優群,19,2,17,群益金鼎-西松,2024-07-11,9136
2464,盟立,54,38,16,群益金鼎-西松,2024-07-11,9136
1441,大東,15,0,15,群益金鼎-西松,2024-07-11,9136
2509,全坤建,15,0,15,群益金鼎-西松,2024-07-11,9136
2610,華航,15,0,15,群益金鼎-西松,2024-07-11,9136
2897,王道銀行,15,0,15,群益金鼎-西松,2024-07-11,9136
5426,振發,19,4,15,群益金鼎-西松,2024-07-11,9136
5701,劍湖山,15,0,15,群益金鼎-西松,2024-07-11,9136
2382,廣達,25,12,13,群益金鼎-西松,2024-07-11,9136
1785,光洋科,32,19,13,群益金鼎-西松,2024-07-11,9136
2609,陽明,19,6,13,群益金鼎-西松,2024-07-11,9136
4120,友華,13,0,13,群益金鼎-西松,2024-07-11,9136
8473,山林水,18,5,13,群益金鼎-西松,2024-07-11,9136
5388,中磊,12,0,12,群益金鼎-西松,2024-07-11,9136
8085,福華,12,0,12,群益金鼎-西松,2024-07-11,9136
00720B,元大投資級公司債,11,0,11,群益金鼎-西松,2024-07-11,9136
2901,欣欣,12,1,11,群益金鼎-西松,2024-07-11,9136
3163,波若威,37,26,11,群益金鼎-西松,2024-07-11,9136
00929,復華台灣科技優息,356,8,348,群益金鼎-西松,2024-07-12,9136
3032,偉訓,117,5,112,群益金鼎-西松,2024-07-12,9136
2317,鴻海,126,30,96,群益金鼎-西松,2024-07-12,9136
00919,群益台灣精選高息,116,20,96,群益金鼎-西松,2024-07-12,9136
00948B,中信優息投資級債,56,0,56,群益金鼎-西松,2024-07-12,9136
00934,中信成長高股息,55,0,55,群益金鼎-西松,2024-07-12,9136
3712,永崴投控,81,27,54,群益金鼎-西松,2024-07-12,9136
3037,欣興,92,40,52,群益金鼎-西松,2024-07-12,9136
00946,群益科技高息成長,50,0,50,群益金鼎-西松,2024-07-12,9136
3324,雙鴻,50,4,46,群益金鼎-西松,2024-07-12,9136
1513,中興電,60,16,44,群益金鼎-西松,2024-07-12,9136
3715,定穎投控,49,6,43,群益金鼎-西松,2024-07-12,9136
6290,良維,47,6,41,群益金鼎-西松,2024-07-12,9136
00679B,元大美債20年,49,10,39,群益金鼎-西松,2024-07-12,9136
2383,台光電,40,5,35,群益金鼎-西松,2024-07-12,9136
2610,華航,41,8,33,群益金鼎-西松,2024-07-12,9136
3033,威健,33,1,32,群益金鼎-西松,2024-07-12,9136
00940,元大台灣價值高息,59,30,29,群益金鼎-西松,2024-07-12,9136
3533,嘉澤,29,0,29,群益金鼎-西松,2024-07-12,9136
3294,英濟,30,2,28,群益金鼎-西松,2024-07-12,9136
3494,誠研,27,0,27,群益金鼎-西松,2024-07-12,9136
00878,國泰永續高股息,45,19,26,群益金鼎-西松,2024-07-12,9136
2313,華通,29,3,26,群益金鼎-西松,2024-07-12,9136
2883,凱基金,44,20,24,群益金鼎-西松,2024-07-12,9136
00927,群益半導體收益,27,4,23,群益金鼎-西松,2024-07-12,9136
2855,統一證,22,0,22,群益金鼎-西松,2024-07-12,9136
3535,晶彩科,35,14,21,群益金鼎-西松,2024-07-12,9136
3673,TPK-KY,22,1,21,群益金鼎-西松,2024-07-12,9136
3706,神達,21,0,21,群益金鼎-西松,2024-07-12,9136
00891,中信關鍵半導體,23,2,21,群益金鼎-西松,2024-07-12,9136
2330,台積電,22,2,20,群益金鼎-西松,2024-07-12,9136
1213,大飲,20,0,20,群益金鼎-西松,2024-07-12,9136
2537,聯上發,22,2,20,群益金鼎-西松,2024-07-12,9136
4306,炎洲,30,10,20,群益金鼎-西松,2024-07-12,9136
3450,聯鈞,40,21,19,群益金鼎-西松,2024-07-12,9136
6184,大豐電,18,0,18,群益金鼎-西松,2024-07-12,9136
00675L,富邦臺灣加權正2,15,0,15,群益金鼎-西松,2024-07-12,9136
1312,國喬,32,17,15,群益金鼎-西松,2024-07-12,9136
6213,聯茂,12,0,12,群益金鼎-西松,2024-07-12,9136
2367,燿華,23,11,12,群益金鼎-西松,2024-07-12,9136
4526,東台,15,3,12,群益金鼎-西松,2024-07-12,9136
2891,中信金,19,7,12,群益金鼎-西松,2024-07-12,9136
1301,台塑,21,9,12,群益金鼎-西松,2024-07-12,9136
2609,陽明,22,11,11,群益金鼎-西松,2024-07-12,9136
2455,全新,11,0,11,群益金鼎-西松,2024-07-12,9136
6578,達邦蛋白,11,0,11,群益金鼎-西松,2024-07-12,9136
6603,富強鑫,11,0,11,群益金鼎-西松,2024-07-12,9136
00877,復華中國5G,10,0,10,群益金鼎-西松,2024-07-12,9136
2103,台橡,10,0,10,群益金鼎-西松,2024-07-12,9136
2371,大同,11,1,10,群益金鼎-西松,2024-07-12,9136
1513,中興電,209,24,185,群益金鼎-西松,2024-07-15,9136
00725B,國泰投資級公司債,140,20,120,群益金鼎-西松,2024-07-15,9136
2888,新光金,109,0,109,群益金鼎-西松,2024-07-15,9136
4968,立積,96,4,92,群益金鼎-西松,2024-07-15,9136
2356,英業達,113,22,91,群益金鼎-西松,2024-07-15,9136
00933B,國泰10Y+金融債,100,15,85,群益金鼎-西松,2024-07-15,9136
2489,瑞軒,175,99,76,群益金鼎-西松,2024-07-15,9136
00679B,元大美債20年,68,5,63,群益金鼎-西松,2024-07-15,9136
1503,士電,55,6,49,群益金鼎-西松,2024-07-15,9136
3035,智原,44,0,44,群益金鼎-西松,2024-07-15,9136
00665L,富邦�琤肭磪囓�2,180,140,40,群益金鼎-西松,2024-07-15,9136
2331,精英,41,1,40,群益金鼎-西松,2024-07-15,9136
00929,復華台灣科技優息,47,7,40,群益金鼎-西松,2024-07-15,9136
00936,台新永續高息中小,37,0,37,群益金鼎-西松,2024-07-15,9136
2409,友達,68,31,37,群益金鼎-西松,2024-07-15,9136
8085,福華,32,0,32,群益金鼎-西松,2024-07-15,9136
6109,亞元,28,0,28,群益金鼎-西松,2024-07-15,9136
2885,元大金,28,1,27,群益金鼎-西松,2024-07-15,9136
6021,美好證,36,9,27,群益金鼎-西松,2024-07-15,9136
00878,國泰永續高股息,27,0,27,群益金鼎-西松,2024-07-15,9136
2891,中信金,40,15,25,群益金鼎-西松,2024-07-15,9136
1314,中石化,25,0,25,群益金鼎-西松,2024-07-15,9136
2419,仲琦,25,0,25,群益金鼎-西松,2024-07-15,9136
00919,群益台灣精選高息,30,6,24,群益金鼎-西松,2024-07-15,9136
4931,新盛力,23,0,23,群益金鼎-西松,2024-07-15,9136
2392,正崴,23,2,21,群益金鼎-西松,2024-07-15,9136
8342,益張,21,0,21,群益金鼎-西松,2024-07-15,9136
2481,強茂,160,140,20,群益金鼎-西松,2024-07-15,9136
00885,富邦越南,20,0,20,群益金鼎-西松,2024-07-15,9136
1608,華榮,80,60,20,群益金鼎-西松,2024-07-15,9136
4912,聯德控股-KY,20,0,20,群益金鼎-西松,2024-07-15,9136
00687B,國泰20年美債,69,50,19,群益金鼎-西松,2024-07-15,9136
2367,燿華,35,16,19,群益金鼎-西松,2024-07-15,9136
4960,誠美材,18,0,18,群益金鼎-西松,2024-07-15,9136
2313,華通,22,5,17,群益金鼎-西松,2024-07-15,9136
3036,文曄,17,0,17,群益金鼎-西松,2024-07-15,9136
8450,霹靂,32,15,17,群益金鼎-西松,2024-07-15,9136
2388,威盛,19,3,16,群益金鼎-西松,2024-07-15,9136
6235,華孚,16,0,16,群益金鼎-西松,2024-07-15,9136
8442,威宏-KY,16,0,16,群益金鼎-西松,2024-07-15,9136
1617,榮星,15,0,15,群益金鼎-西松,2024-07-15,9136
2408,南亞科,15,0,15,群益金鼎-西松,2024-07-15,9136
2442,新美齊,15,0,15,群益金鼎-西松,2024-07-15,9136
3706,神達,19,4,15,群益金鼎-西松,2024-07-15,9136
2382,廣達,28,13,15,群益金鼎-西松,2024-07-15,9136
00918,大華優利高填息30,14,0,14,群益金鼎-西松,2024-07-15,9136
3630,新鉅科,15,1,14,群益金鼎-西松,2024-07-15,9136
2633,台灣高鐵,14,0,14,群益金鼎-西松,2024-07-15,9136
2353,宏��,14,1,13,群益金鼎-西松,2024-07-15,9136
2501,國建,16,3,13,群益金鼎-西松,2024-07-15,9136
00937B,群益ESG投等債20,242,38,204,群益金鼎-西松,2024-07-16,9136
2449,京元電子,182,9,173,群益金鼎-西松,2024-07-16,9136
3105,穩懋,127,1,126,群益金鼎-西松,2024-07-16,9136
3032,偉訓,123,0,123,群益金鼎-西松,2024-07-16,9136
00680L,元大美債20正2,110,0,110,群益金鼎-西松,2024-07-16,9136
3035,智原,115,13,102,群益金鼎-西松,2024-07-16,9136
00665L,富邦�琤肭磪囓�2,90,0,90,群益金鼎-西松,2024-07-16,9136
6531,愛普*,88,5,83,群益金鼎-西松,2024-07-16,9136
00919,群益台灣精選高息,89,6,83,群益金鼎-西松,2024-07-16,9136
4956,光鋐,82,8,74,群益金鼎-西松,2024-07-16,9136
00632R,元大台灣50反1,67,5,62,群益金鼎-西松,2024-07-16,9136
1608,華榮,68,9,59,群益金鼎-西松,2024-07-16,9136
2368,金像電,55,8,47,群益金鼎-西松,2024-07-16,9136
4804,大略-KY,47,0,47,群益金鼎-西松,2024-07-16,9136
3481,群創,46,0,46,群益金鼎-西松,2024-07-16,9136
5324,士開,40,0,40,群益金鼎-西松,2024-07-16,9136
00927,群益半導體收益,37,4,33,群益金鼎-西松,2024-07-16,9136
6290,良維,33,2,31,群益金鼎-西松,2024-07-16,9136
0056,元大高股息,45,15,30,群益金鼎-西松,2024-07-16,9136
2504,國產,30,2,28,群益金鼎-西松,2024-07-16,9136
5488,松普,29,3,26,群益金鼎-西松,2024-07-16,9136
00878,國泰永續高股息,31,5,26,群益金鼎-西松,2024-07-16,9136
5487,通泰,31,7,24,群益金鼎-西松,2024-07-16,9136
8028,昇陽半導體,34,12,22,群益金鼎-西松,2024-07-16,9136
2492,華新科,52,31,21,群益金鼎-西松,2024-07-16,9136
1609,大亞,24,3,21,群益金鼎-西松,2024-07-16,9136
1316,上曜,35,16,19,群益金鼎-西松,2024-07-16,9136
3663,鑫科,21,2,19,群益金鼎-西松,2024-07-16,9136
2903,遠百,20,2,18,群益金鼎-西松,2024-07-16,9136
00720B,元大投資級公司債,18,0,18,群益金鼎-西松,2024-07-16,9136
00905,FT臺灣Smart,19,3,16,群益金鼎-西松,2024-07-16,9136
2399,映泰,16,0,16,群益金鼎-西松,2024-07-16,9136
2412,中華電,16,0,16,群益金鼎-西松,2024-07-16,9136
2431,聯昌,20,4,16,群益金鼎-西松,2024-07-16,9136
2509,全坤建,15,0,15,群益金鼎-西松,2024-07-16,9136
6695,芯鼎,30,15,15,群益金鼎-西松,2024-07-16,9136
1471,首利,14,0,14,群益金鼎-西松,2024-07-16,9136
2303,聯電,18,4,14,群益金鼎-西松,2024-07-16,9136
6578,達邦蛋白,17,3,14,群益金鼎-西松,2024-07-16,9136
5328,華容,38,25,13,群益金鼎-西松,2024-07-16,9136
8064,東捷,27,14,13,群益金鼎-西松,2024-07-16,9136
5347,世界,23,11,12,群益金鼎-西松,2024-07-16,9136
2462,良得電,12,0,12,群益金鼎-西松,2024-07-16,9136
3149,正達,12,0,12,群益金鼎-西松,2024-07-16,9136
2465,麗臺,22,10,12,群益金鼎-西松,2024-07-16,9136
00934,中信成長高股息,21,10,11,群益金鼎-西松,2024-07-16,9136
00946,群益科技高息成長,11,0,11,群益金鼎-西松,2024-07-16,9136
1313,聯成,11,0,11,群益金鼎-西松,2024-07-16,9136
2002,中鋼,12,1,11,群益金鼎-西松,2024-07-16,9136
2439,美律,13,2,11,群益金鼎-西松,2024-07-16,9136
00937B,群益ESG投等債20,371,202,169,群益金鼎-西松,2024-07-17,9136
1609,大亞,170,67,103,群益金鼎-西松,2024-07-17,9136
2511,太子,94,2,92,群益金鼎-西松,2024-07-17,9136
00919,群益台灣精選高息,64,5,59,群益金鼎-西松,2024-07-17,9136
6770,力積電,83,26,57,群益金鼎-西松,2024-07-17,9136
1409,新纖,65,13,52,群益金鼎-西松,2024-07-17,9136
00940,元大台灣價值高息,55,5,50,群益金鼎-西松,2024-07-17,9136
00935,野村臺灣新科技50,46,0,46,群益金鼎-西松,2024-07-17,9136
0056,元大高股息,54,9,45,群益金鼎-西松,2024-07-17,9136
3189,景碩,86,46,40,群益金鼎-西松,2024-07-17,9136
2449,京元電子,53,15,38,群益金鼎-西松,2024-07-17,9136
00687B,國泰20年美債,35,1,34,群益金鼎-西松,2024-07-17,9136
00885,富邦越南,30,0,30,群益金鼎-西松,2024-07-17,9136
2515,中工,33,3,30,群益金鼎-西松,2024-07-17,9136
4566,時碩工業,45,15,30,群益金鼎-西松,2024-07-17,9136
3044,健鼎,29,0,29,群益金鼎-西松,2024-07-17,9136
00927,群益半導體收益,29,0,29,群益金鼎-西松,2024-07-17,9136
3037,欣興,81,52,29,群益金鼎-西松,2024-07-17,9136
00679B,元大美債20年,39,14,25,群益金鼎-西松,2024-07-17,9136
2542,興富發,35,10,25,群益金鼎-西松,2024-07-17,9136
4306,炎洲,30,5,25,群益金鼎-西松,2024-07-17,9136
2834,臺企銀,24,0,24,群益金鼎-西松,2024-07-17,9136
2845,遠東銀,23,0,23,群益金鼎-西松,2024-07-17,9136
6112,邁達特,24,2,22,群益金鼎-西松,2024-07-17,9136
00878,國泰永續高股息,24,3,21,群益金鼎-西松,2024-07-17,9136
00891,中信關鍵半導體,20,0,20,群益金鼎-西松,2024-07-17,9136
2354,鴻準,33,13,20,群益金鼎-西松,2024-07-17,9136
2481,強茂,34,15,19,群益金鼎-西松,2024-07-17,9136
4706,大恭,30,12,18,群益金鼎-西松,2024-07-17,9136
00934,中信成長高股息,17,0,17,群益金鼎-西松,2024-07-17,9136
1536,和大,18,1,17,群益金鼎-西松,2024-07-17,9136
3019,亞光,16,0,16,群益金鼎-西松,2024-07-17,9136
00933B,國泰10Y+金融債,20,4,16,群益金鼎-西松,2024-07-17,9136
2489,瑞軒,79,63,16,群益金鼎-西松,2024-07-17,9136
3149,正達,18,2,16,群益金鼎-西松,2024-07-17,9136
3665,貿聯-KY,15,0,15,群益金鼎-西松,2024-07-17,9136
00665L,富邦�琤肭磪囓�2,65,50,15,群益金鼎-西松,2024-07-17,9136
1316,上曜,33,18,15,群益金鼎-西松,2024-07-17,9136
1304,台聚,14,0,14,群益金鼎-西松,2024-07-17,9136
2330,台積電,31,18,13,群益金鼎-西松,2024-07-17,9136
6274,台燿,13,0,13,群益金鼎-西松,2024-07-17,9136
1789,神隆,12,0,12,群益金鼎-西松,2024-07-17,9136
2353,宏��,16,4,12,群益金鼎-西松,2024-07-17,9136
3027,盛達,12,0,12,群益金鼎-西松,2024-07-17,9136
6194,育富,12,0,12,群益金鼎-西松,2024-07-17,9136
9945,潤泰新,20,8,12,群益金鼎-西松,2024-07-17,9136
2812,台中銀,11,0,11,群益金鼎-西松,2024-07-17,9136
2883,凱基金,14,3,11,群益金鼎-西松,2024-07-17,9136
4402,郡都開發,11,0,11,群益金鼎-西松,2024-07-17,9136
2376,技嘉,11,0,11,群益金鼎-西松,2024-07-17,9136
00919,群益台灣精選高息,472,24,448,群益金鼎-西松,2024-07-18,9136
00937B,群益ESG投等債20,233,52,181,群益金鼎-西松,2024-07-18,9136
00929,復華台灣科技優息,197,26,171,群益金鼎-西松,2024-07-18,9136
00927,群益半導體收益,74,5,69,群益金鼎-西松,2024-07-18,9136
00679B,元大美債20年,84,18,66,群益金鼎-西松,2024-07-18,9136
00878,國泰永續高股息,72,17,55,群益金鼎-西松,2024-07-18,9136
3189,景碩,63,11,52,群益金鼎-西松,2024-07-18,9136
2809,京城銀,53,2,51,群益金鼎-西松,2024-07-18,9136
1101,台泥,53,5,48,群益金鼎-西松,2024-07-18,9136
1815,富喬,47,0,47,群益金鼎-西松,2024-07-18,9136
3481,群創,67,25,42,群益金鼎-西松,2024-07-18,9136
6770,力積電,42,1,41,群益金鼎-西松,2024-07-18,9136
2515,中工,40,0,40,群益金鼎-西松,2024-07-18,9136
0056,元大高股息,50,16,34,群益金鼎-西松,2024-07-18,9136
2313,華通,36,2,34,群益金鼎-西松,2024-07-18,9136
1909,榮成,30,0,30,群益金鼎-西松,2024-07-18,9136
00891,中信關鍵半導體,30,0,30,群益金鼎-西松,2024-07-18,9136
4109,加捷生醫,42,13,29,群益金鼎-西松,2024-07-18,9136
4960,誠美材,28,0,28,群益金鼎-西松,2024-07-18,9136
2888,新光金,56,30,26,群益金鼎-西松,2024-07-18,9136
8049,晶采,25,0,25,群益金鼎-西松,2024-07-18,9136
3518,柏騰,48,24,24,群益金鼎-西松,2024-07-18,9136
3049,精金,23,0,23,群益金鼎-西松,2024-07-18,9136
00934,中信成長高股息,22,0,22,群益金鼎-西松,2024-07-18,9136
4912,聯德控股-KY,32,10,22,群益金鼎-西松,2024-07-18,9136
00664R,國泰臺灣加權反1,20,0,20,群益金鼎-西松,2024-07-18,9136
2356,英業達,30,10,20,群益金鼎-西松,2024-07-18,9136
3037,欣興,35,16,19,群益金鼎-西松,2024-07-18,9136
4909,新復興,109,90,19,群益金鼎-西松,2024-07-18,9136
00946,群益科技高息成長,18,0,18,群益金鼎-西松,2024-07-18,9136
6288,聯嘉,17,0,17,群益金鼎-西松,2024-07-18,9136
8099,大世科,25,8,17,群益金鼎-西松,2024-07-18,9136
2383,台光電,17,1,16,群益金鼎-西松,2024-07-18,9136
00881,國泰台灣5G+,20,4,16,群益金鼎-西松,2024-07-18,9136
2365,昆盈,131,115,16,群益金鼎-西松,2024-07-18,9136
1540,喬福,23,7,16,群益金鼎-西松,2024-07-18,9136
6176,瑞儀,17,1,16,群益金鼎-西松,2024-07-18,9136
6535,順藥,16,0,16,群益金鼎-西松,2024-07-18,9136
00665L,富邦�琤肭磪囓�2,15,0,15,群益金鼎-西松,2024-07-18,9136
8011,台通,22,7,15,群益金鼎-西松,2024-07-18,9136
2330,台積電,40,25,15,群益金鼎-西松,2024-07-18,9136
2382,廣達,30,16,14,群益金鼎-西松,2024-07-18,9136
1611,中電,20,6,14,群益金鼎-西松,2024-07-18,9136
2516,新建,15,1,14,群益金鼎-西松,2024-07-18,9136
2509,全坤建,13,0,13,群益金鼎-西松,2024-07-18,9136
2489,瑞軒,20,7,13,群益金鼎-西松,2024-07-18,9136
2834,臺企銀,13,0,13,群益金鼎-西松,2024-07-18,9136
3032,偉訓,24,11,13,群益金鼎-西松,2024-07-18,9136
4915,致伸,13,0,13,群益金鼎-西松,2024-07-18,9136
6284,佳邦,30,17,13,群益金鼎-西松,2024-07-18,9136
00919,群益台灣精選高息,453,14,439,群益金鼎-西松,2024-07-19,9136
00632R,元大台灣50反1,533,295,238,群益金鼎-西松,2024-07-19,9136
00929,復華台灣科技優息,246,18,228,群益金鼎-西松,2024-07-19,9136
00878,國泰永續高股息,108,11,97,群益金鼎-西松,2024-07-19,9136
3163,波若威,145,59,86,群益金鼎-西松,2024-07-19,9136
00664R,國泰臺灣加權反1,80,2,78,群益金鼎-西松,2024-07-19,9136
00665L,富邦�琤肭磪囓�2,52,0,52,群益金鼎-西松,2024-07-19,9136
4402,郡都開發,52,0,52,群益金鼎-西松,2024-07-19,9136
3049,精金,49,2,47,群益金鼎-西松,2024-07-19,9136
2330,台積電,85,38,47,群益金鼎-西松,2024-07-19,9136
2392,正崴,49,3,46,群益金鼎-西松,2024-07-19,9136
6535,順藥,45,0,45,群益金鼎-西松,2024-07-19,9136
4968,立積,45,3,42,群益金鼎-西松,2024-07-19,9136
2547,日勝生,230,193,37,群益金鼎-西松,2024-07-19,9136
3532,台勝科,35,0,35,群益金鼎-西松,2024-07-19,9136
2836,高雄銀,34,0,34,群益金鼎-西松,2024-07-19,9136
0056,元大高股息,41,9,32,群益金鼎-西松,2024-07-19,9136
00713,元大台灣高息低波,48,16,32,群益金鼎-西松,2024-07-19,9136
3294,英濟,32,3,29,群益金鼎-西松,2024-07-19,9136
2359,所羅門,30,5,25,群益金鼎-西松,2024-07-19,9136
2537,聯上發,113,88,25,群益金鼎-西松,2024-07-19,9136
00918,大華優利高填息30,25,0,25,群益金鼎-西松,2024-07-19,9136
2356,英業達,30,6,24,群益金鼎-西松,2024-07-19,9136
2801,彰銀,23,0,23,群益金鼎-西松,2024-07-19,9136
2882,國泰金,26,4,22,群益金鼎-西松,2024-07-19,9136
2867,三商壽,22,0,22,群益金鼎-西松,2024-07-19,9136
2457,飛宏,22,0,22,群益金鼎-西松,2024-07-19,9136
2516,新建,22,0,22,群益金鼎-西松,2024-07-19,9136
4912,聯德控股-KY,23,1,22,群益金鼎-西松,2024-07-19,9136
4958,臻鼎-KY,22,0,22,群益金鼎-西松,2024-07-19,9136
6127,九豪,26,4,22,群益金鼎-西松,2024-07-19,9136
00946,群益科技高息成長,21,0,21,群益金鼎-西松,2024-07-19,9136
2845,遠東銀,21,0,21,群益金鼎-西松,2024-07-19,9136
2301,光寶科,20,0,20,群益金鼎-西松,2024-07-19,9136
2317,鴻海,41,22,19,群益金鼎-西松,2024-07-19,9136
1436,華友聯,19,0,19,群益金鼎-西松,2024-07-19,9136
6509,聚和,18,0,18,群益金鼎-西松,2024-07-19,9136
2891,中信金,20,2,18,群益金鼎-西松,2024-07-19,9136
2885,元大金,17,0,17,群益金鼎-西松,2024-07-19,9136
3019,亞光,20,3,17,群益金鼎-西松,2024-07-19,9136
00934,中信成長高股息,16,0,16,群益金鼎-西松,2024-07-19,9136
1409,新纖,20,5,15,群益金鼎-西松,2024-07-19,9136
2376,技嘉,17,2,15,群益金鼎-西松,2024-07-19,9136
6706,惠特,32,17,15,群益金鼎-西松,2024-07-19,9136
2408,南亞科,16,2,14,群益金鼎-西松,2024-07-19,9136
006207,復華滬深,14,0,14,群益金鼎-西松,2024-07-19,9136
1217,愛之味,14,0,14,群益金鼎-西松,2024-07-19,9136
3128,昇銳,14,0,14,群益金鼎-西松,2024-07-19,9136
6578,達邦蛋白,16,2,14,群益金鼎-西松,2024-07-19,9136
00936,台新永續高息中小,13,0,13,群益金鼎-西松,2024-07-19,9136
00937B,群益ESG投等債20,278,9,269,群益金鼎-西松,2024-07-22,9136
00687B,國泰20年美債,155,2,153,群益金鼎-西松,2024-07-22,9136
2324,仁寶,144,0,144,群益金鼎-西松,2024-07-22,9136
1611,中電,150,12,138,群益金鼎-西松,2024-07-22,9136
2888,新光金,147,15,132,群益金鼎-西松,2024-07-22,9136
2317,鴻海,166,39,127,群益金鼎-西松,2024-07-22,9136
00919,群益台灣精選高息,131,28,103,群益金鼎-西松,2024-07-22,9136
2356,英業達,172,88,84,群益金鼎-西松,2024-07-22,9136
00932,兆豐永續高息等權,59,0,59,群益金鼎-西松,2024-07-22,9136
3056,富華新,55,0,55,群益金鼎-西松,2024-07-22,9136
00946,群益科技高息成長,52,0,52,群益金鼎-西松,2024-07-22,9136
1216,統一,54,2,52,群益金鼎-西松,2024-07-22,9136
2354,鴻準,49,3,46,群益金鼎-西松,2024-07-22,9136
1303,南亞,45,1,44,群益金鼎-西松,2024-07-22,9136
1326,台化,48,7,41,群益金鼎-西松,2024-07-22,9136
1609,大亞,40,2,38,群益金鼎-西松,2024-07-22,9136
2913,農林,37,0,37,群益金鼎-西松,2024-07-22,9136
5515,建國,40,5,35,群益金鼎-西松,2024-07-22,9136
2303,聯電,39,9,30,群益金鼎-西松,2024-07-22,9136
00664R,國泰臺灣加權反1,50,20,30,群益金鼎-西松,2024-07-22,9136
3297,杭特,32,2,30,群益金鼎-西松,2024-07-22,9136
00940,元大台灣價值高息,64,34,30,群益金鼎-西松,2024-07-22,9136
3037,欣興,53,25,28,群益金鼎-西松,2024-07-22,9136
00680L,元大美債20正2,30,3,27,群益金鼎-西松,2024-07-22,9136
4402,郡都開發,30,3,27,群益金鼎-西松,2024-07-22,9136
5512,力麒,133,106,27,群益金鼎-西松,2024-07-22,9136
2882,國泰金,38,14,24,群益金鼎-西松,2024-07-22,9136
6806,森崴能源,120,97,23,群益金鼎-西松,2024-07-22,9136
3376,新日興,46,25,21,群益金鼎-西松,2024-07-22,9136
2471,資通,20,0,20,群益金鼎-西松,2024-07-22,9136
3625,西勝,20,0,20,群益金鼎-西松,2024-07-22,9136
8049,晶采,20,0,20,群益金鼎-西松,2024-07-22,9136
00891,中信關鍵半導體,21,2,19,群益金鼎-西松,2024-07-22,9136
6901,鑽石投資,22,3,19,群益金鼎-西松,2024-07-22,9136
4743,合一,25,6,19,群益金鼎-西松,2024-07-22,9136
3450,聯鈞,19,1,18,群益金鼎-西松,2024-07-22,9136
3532,台勝科,18,1,17,群益金鼎-西松,2024-07-22,9136
00720B,元大投資級公司債,23,6,17,群益金鼎-西松,2024-07-22,9136
2845,遠東銀,20,3,17,群益金鼎-西松,2024-07-22,9136
3010,華立,18,1,17,群益金鼎-西松,2024-07-22,9136
8473,山林水,95,78,17,群益金鼎-西松,2024-07-22,9136
00713,元大台灣高息低波,28,11,17,群益金鼎-西松,2024-07-22,9136
1301,台塑,33,17,16,群益金鼎-西松,2024-07-22,9136
2344,華邦電,16,0,16,群益金鼎-西松,2024-07-22,9136
2489,瑞軒,82,66,16,群益金鼎-西松,2024-07-22,9136
6016,康和證,16,0,16,群益金鼎-西松,2024-07-22,9136
8099,大世科,44,28,16,群益金鼎-西松,2024-07-22,9136
2392,正崴,16,1,15,群益金鼎-西松,2024-07-22,9136
5905,南仁湖,15,0,15,群益金鼎-西松,2024-07-22,9136
6505,台塑化,15,0,15,群益金鼎-西松,2024-07-22,9136
00632R,元大台灣50反1,290,0,290,群益金鼎-西松,2024-07-23,9136
2409,友達,245,1,244,群益金鼎-西松,2024-07-23,9136
00929,復華台灣科技優息,261,23,238,群益金鼎-西松,2024-07-23,9136
00937B,群益ESG投等債20,157,0,157,群益金鼎-西松,2024-07-23,9136
00687B,國泰20年美債,156,0,156,群益金鼎-西松,2024-07-23,9136
2883,凱基金,65,2,63,群益金鼎-西松,2024-07-23,9136
3189,景碩,120,60,60,群益金鼎-西松,2024-07-23,9136
2888,新光金,70,17,53,群益金鼎-西松,2024-07-23,9136
00946,群益科技高息成長,43,0,43,群益金鼎-西松,2024-07-23,9136
3481,群創,57,15,42,群益金鼎-西松,2024-07-23,9136
00637L,元大滬深300正2,45,5,40,群益金鼎-西松,2024-07-23,9136
6535,順藥,35,0,35,群益金鼎-西松,2024-07-23,9136
2365,昆盈,40,8,32,群益金鼎-西松,2024-07-23,9136
00665L,富邦�琤肭磪囓�2,90,60,30,群益金鼎-西松,2024-07-23,9136
00664R,國泰臺灣加權反1,30,0,30,群益金鼎-西松,2024-07-23,9136
00932,兆豐永續高息等權,30,1,29,群益金鼎-西松,2024-07-23,9136
3522,御嵿,25,4,21,群益金鼎-西松,2024-07-23,9136
2352,佳世達,27,8,19,群益金鼎-西松,2024-07-23,9136
2486,一詮,21,2,19,群益金鼎-西松,2024-07-23,9136
2834,臺企銀,22,4,18,群益金鼎-西松,2024-07-23,9136
3376,新日興,47,29,18,群益金鼎-西松,2024-07-23,9136
3625,西勝,17,0,17,群益金鼎-西松,2024-07-23,9136
6841,長佳智能,20,3,17,群益金鼎-西松,2024-07-23,9136
3663,鑫科,43,26,17,群益金鼎-西松,2024-07-23,9136
00934,中信成長高股息,16,0,16,群益金鼎-西松,2024-07-23,9136
2107,厚生,37,21,16,群益金鼎-西松,2024-07-23,9136
00936,台新永續高息中小,15,0,15,群益金鼎-西松,2024-07-23,9136
00713,元大台灣高息低波,16,0,16,群益金鼎-西松,2024-07-23,9136
00947,台新臺灣IC設計,15,0,15,群益金鼎-西松,2024-07-23,9136
4128,中天,28,13,15,群益金鼎-西松,2024-07-23,9136
1702,南僑,12,0,12,群益金鼎-西松,2024-07-23,9136
2408,南亞科,11,0,11,群益金鼎-西松,2024-07-23,9136
1617,榮星,10,0,10,群益金鼎-西松,2024-07-23,9136
00786B,元大10年IG銀行債,10,0,10,群益金鼎-西松,2024-07-23,9136
2208,台船,10,0,10,群益金鼎-西松,2024-07-23,9136
3532,台勝科,10,0,10,群益金鼎-西松,2024-07-23,9136
4726,永昕,15,5,10,群益金鼎-西松,2024-07-23,9136
1444,力麗,10,0,10,群益金鼎-西松,2024-07-23,9136
0056,元大高股息,17,7,10,群益金鼎-西松,2024-07-23,9136
2884,玉山金,10,0,10,群益金鼎-西松,2024-07-23,9136
2609,陽明,23,13,10,群益金鼎-西松,2024-07-23,9136
6417,韋僑,12,4,8,群益金鼎-西松,2024-07-23,9136
8096,擎亞,23,15,8,群益金鼎-西松,2024-07-23,9136
8935,邦泰,10,2,8,群益金鼎-西松,2024-07-23,9136
2444,兆勁,7,0,7,群益金鼎-西松,2024-07-23,9136
2455,全新,9,2,7,群益金鼎-西松,2024-07-23,9136
3450,聯鈞,17,10,7,群益金鼎-西松,2024-07-23,9136
8936,國統,7,0,7,群益金鼎-西松,2024-07-23,9136
6244,茂迪,9,2,7,群益金鼎-西松,2024-07-23,9136
00881,國泰台灣5G+,6,0,6,群益金鼎-西松,2024-07-23,9136
00937B,群益ESG投等債20,702,139,563,群益金鼎-西松,2024-07-26,9136
00929,復華台灣科技優息,234,2,232,群益金鼎-西松,2024-07-26,9136
00665L,富邦�琤肭磪囓�2,200,0,200,群益金鼎-西松,2024-07-26,9136
2888,新光金,167,34,133,群益金鼎-西松,2024-07-26,9136
00919,群益台灣精選高息,133,24,109,群益金鼎-西松,2024-07-26,9136
2352,佳世達,112,6,106,群益金鼎-西松,2024-07-26,9136
1312,國喬,100,0,100,群益金鼎-西松,2024-07-26,9136
3689,湧德,82,4,78,群益金鼎-西松,2024-07-26,9136
00878,國泰永續高股息,91,17,74,群益金鼎-西松,2024-07-26,9136
00637L,元大滬深300正2,71,0,71,群益金鼎-西松,2024-07-26,9136
0056,元大高股息,71,2,69,群益金鼎-西松,2024-07-26,9136
2317,鴻海,70,8,62,群益金鼎-西松,2024-07-26,9136
00932,兆豐永續高息等權,58,1,57,群益金鼎-西松,2024-07-26,9136
9945,潤泰新,65,9,56,群益金鼎-西松,2024-07-26,9136
2885,元大金,55,1,54,群益金鼎-西松,2024-07-26,9136
00946,群益科技高息成長,147,100,47,群益金鼎-西松,2024-07-26,9136
3163,波若威,62,17,45,群益金鼎-西松,2024-07-26,9136
2349,錸德,46,8,38,群益金鼎-西松,2024-07-26,9136
00949,復華日本龍頭,44,6,38,群益金鼎-西松,2024-07-26,9136
00905,FT臺灣Smart,37,0,37,群益金鼎-西松,2024-07-26,9136
00927,群益半導體收益,39,3,36,群益金鼎-西松,2024-07-26,9136
5515,建國,52,16,36,群益金鼎-西松,2024-07-26,9136
4903,聯光通,34,0,34,群益金鼎-西松,2024-07-26,9136
2330,台積電,50,16,34,群益金鼎-西松,2024-07-26,9136
00725B,國泰投資級公司債,38,6,32,群益金鼎-西松,2024-07-26,9136
2331,精英,32,0,32,群益金鼎-西松,2024-07-26,9136
3711,日月光投控,28,2,26,群益金鼎-西松,2024-07-26,9136
9938,百和,26,0,26,群益金鼎-西松,2024-07-26,9136
3706,神達,25,0,25,群益金鼎-西松,2024-07-26,9136
2107,厚生,23,0,23,群益金鼎-西松,2024-07-26,9136
2356,英業達,52,30,22,群益金鼎-西松,2024-07-26,9136
00923,群益台ESG低碳50,20,0,20,群益金鼎-西松,2024-07-26,9136
3013,晟銘電,34,15,19,群益金鼎-西松,2024-07-26,9136
2845,遠東銀,20,3,17,群益金鼎-西松,2024-07-26,9136
2303,聯電,22,6,16,群益金鼎-西松,2024-07-26,9136
1609,大亞,39,23,16,群益金鼎-西松,2024-07-26,9136
3625,西勝,16,0,16,群益金鼎-西松,2024-07-26,9136
8099,大世科,22,6,16,群益金鼎-西松,2024-07-26,9136
00941,中信上游半導體,15,0,15,群益金鼎-西松,2024-07-26,9136
6163,華電網,17,2,15,群益金鼎-西松,2024-07-26,9136
2382,廣達,21,6,15,群益金鼎-西松,2024-07-26,9136
00830,國泰費城半導體,14,0,14,群益金鼎-西松,2024-07-26,9136
2515,中工,13,0,13,群益金鼎-西松,2024-07-26,9136
00891,中信關鍵半導體,13,1,12,群益金鼎-西松,2024-07-26,9136
00915,凱基優選高股息30,14,2,12,群益金鼎-西松,2024-07-26,9136
00887,永豐中國科技50大,12,0,12,群益金鼎-西松,2024-07-26,9136
006207,復華滬深,12,0,12,群益金鼎-西松,2024-07-26,9136
00951,台新日本半導體,12,0,12,群益金鼎-西松,2024-07-26,9136
2834,臺企銀,12,0,12,群益金鼎-西松,2024-07-26,9136
5309,系統電,25,13,12,群益金鼎-西松,2024-07-26,9136
00632R,元大台灣50反1,256,0,256,群益金鼎-西松,2024-07-29,9136
2884,玉山金,222,0,222,群益金鼎-西松,2024-07-29,9136
3518,柏騰,172,24,148,群益金鼎-西松,2024-07-29,9136
00929,復華台灣科技優息,140,57,83,群益金鼎-西松,2024-07-29,9136
3481,群創,82,3,79,群益金鼎-西松,2024-07-29,9136
2363,矽統,42,4,38,群益金鼎-西松,2024-07-29,9136
2356,英業達,55,18,37,群益金鼎-西松,2024-07-29,9136
00932,兆豐永續高息等權,36,0,36,群益金鼎-西松,2024-07-29,9136
00919,群益台灣精選高息,35,1,34,群益金鼎-西松,2024-07-29,9136
1312,國喬,30,0,30,群益金鼎-西松,2024-07-29,9136
2388,威盛,25,1,24,群益金鼎-西松,2024-07-29,9136
4968,立積,27,4,23,群益金鼎-西松,2024-07-29,9136
3689,湧德,47,27,20,群益金鼎-西松,2024-07-29,9136
5324,士開,20,0,20,群益金鼎-西松,2024-07-29,9136
8926,台汽電,20,0,20,群益金鼎-西松,2024-07-29,9136
2542,興富發,23,3,20,群益金鼎-西松,2024-07-29,9136
5880,合庫金,20,1,19,群益金鼎-西松,2024-07-29,9136
9945,潤泰新,30,11,19,群益金鼎-西松,2024-07-29,9136
0056,元大高股息,33,16,17,群益金鼎-西松,2024-07-29,9136
1609,大亞,49,32,17,群益金鼎-西松,2024-07-29,9136
3037,欣興,18,1,17,群益金鼎-西松,2024-07-29,9136
2608,嘉里大榮,16,0,16,群益金鼎-西松,2024-07-29,9136
3686,達能,16,0,16,群益金鼎-西松,2024-07-29,9136
00934,中信成長高股息,15,0,15,群益金鼎-西松,2024-07-29,9136
3564,其陽,29,14,15,群益金鼎-西松,2024-07-29,9136
3706,神達,15,0,15,群益金鼎-西松,2024-07-29,9136
8473,山林水,16,1,15,群益金鼎-西松,2024-07-29,9136
2353,宏��,15,1,14,群益金鼎-西松,2024-07-29,9136
8054,安國,66,52,14,群益金鼎-西松,2024-07-29,9136
2313,華通,14,1,13,群益金鼎-西松,2024-07-29,9136
2421,建準,17,4,13,群益金鼎-西松,2024-07-29,9136
2534,宏盛,16,3,13,群益金鼎-西松,2024-07-29,9136
00936,台新永續高息中小,12,0,12,群益金鼎-西松,2024-07-29,9136
2344,華邦電,13,1,12,群益金鼎-西松,2024-07-29,9136
2913,農林,12,0,12,群益金鼎-西松,2024-07-29,9136
3663,鑫科,49,37,12,群益金鼎-西松,2024-07-29,9136
6770,力積電,12,0,12,群益金鼎-西松,2024-07-29,9136
2409,友達,12,0,12,群益金鼎-西松,2024-07-29,9136
00720B,元大投資級公司債,11,0,11,群益金鼎-西松,2024-07-29,9136
00905,FT臺灣Smart,11,0,11,群益金鼎-西松,2024-07-29,9136
6933,AMAX-KY,10,0,10,群益金鼎-西松,2024-07-29,9136
00664R,國泰臺灣加權反1,10,0,10,群益金鼎-西松,2024-07-29,9136
2891,中信金,13,3,10,群益金鼎-西松,2024-07-29,9136
3552,同致,17,7,10,群益金鼎-西松,2024-07-29,9136
4906,正文,11,1,10,群益金鼎-西松,2024-07-29,9136
5009,榮剛,15,5,10,群益金鼎-西松,2024-07-29,9136
8049,晶采,10,0,10,群益金鼎-西松,2024-07-29,9136
00927,群益半導體收益,12,3,9,群益金鼎-西松,2024-07-29,9136
3339,泰谷,17,8,9,群益金鼎-西松,2024-07-29,9136
5905,南仁湖,8,0,8,群益金鼎-西松,2024-07-29,9136
00632R,元大台灣50反1,460,216,244,群益金鼎-西松,2024-07-30,9136
00946,群益科技高息成長,124,2,122,群益金鼎-西松,2024-07-30,9136
2891,中信金,121,5,116,群益金鼎-西松,2024-07-30,9136
00929,復華台灣科技優息,220,112,108,群益金鼎-西松,2024-07-30,9136
3702,大聯大,105,0,105,群益金鼎-西松,2024-07-30,9136
2324,仁寶,105,10,95,群益金鼎-西松,2024-07-30,9136
3163,波若威,75,9,66,群益金鼎-西松,2024-07-30,9136
2317,鴻海,63,12,51,群益金鼎-西松,2024-07-30,9136
00919,群益台灣精選高息,55,14,41,群益金鼎-西松,2024-07-30,9136
2344,華邦電,39,0,39,群益金鼎-西松,2024-07-30,9136
8028,昇陽半導體,69,31,38,群益金鼎-西松,2024-07-30,9136
2303,聯電,40,8,32,群益金鼎-西松,2024-07-30,9136
5324,士開,30,0,30,群益金鼎-西松,2024-07-30,9136
00940,元大台灣價值高息,69,40,29,群益金鼎-西松,2024-07-30,9136
00637L,元大滬深300正2,26,0,26,群益金鼎-西松,2024-07-30,9136
00909,國泰數位支付服務,52,30,22,群益金鼎-西松,2024-07-30,9136
00932,兆豐永續高息等權,21,0,21,群益金鼎-西松,2024-07-30,9136
3518,柏騰,40,19,21,群益金鼎-西松,2024-07-30,9136
1701,中化,20,0,20,群益金鼎-西松,2024-07-30,9136
2062,橋椿,30,10,20,群益金鼎-西松,2024-07-30,9136
2884,玉山金,21,1,20,群益金鼎-西松,2024-07-30,9136
00713,元大台灣高息低波,30,11,19,群益金鼎-西松,2024-07-30,9136
00948B,中信優息投資級債,20,2,18,群益金鼎-西松,2024-07-30,9136
1785,光洋科,20,2,18,群益金鼎-西松,2024-07-30,9136
3189,景碩,74,57,17,群益金鼎-西松,2024-07-30,9136
00936,台新永續高息中小,16,0,16,群益金鼎-西松,2024-07-30,9136
00679B,元大美債20年,16,0,16,群益金鼎-西松,2024-07-30,9136
1604,聲寶,16,0,16,群益金鼎-西松,2024-07-30,9136
3324,雙鴻,17,3,14,群益金鼎-西松,2024-07-30,9136
00891,中信關鍵半導體,12,0,12,群益金鼎-西松,2024-07-30,9136
2497,怡利電,12,0,12,群益金鼎-西松,2024-07-30,9136
3532,台勝科,12,0,12,群益金鼎-西松,2024-07-30,9136
5880,合庫金,12,0,12,群益金鼎-西松,2024-07-30,9136
2356,英業達,17,6,11,群益金鼎-西松,2024-07-30,9136
00715L,期街口布蘭特正2,11,0,11,群益金鼎-西松,2024-07-30,9136
2834,臺企銀,11,0,11,群益金鼎-西松,2024-07-30,9136
4123,晟德,19,8,11,群益金鼎-西松,2024-07-30,9136
00933B,國泰10Y+金融債,25,15,10,群益金鼎-西松,2024-07-30,9136
00947,台新臺灣IC設計,10,0,10,群益金鼎-西松,2024-07-30,9136
1540,喬福,10,0,10,群益金鼎-西松,2024-07-30,9136
2542,興富發,13,3,10,群益金鼎-西松,2024-07-30,9136
2465,麗臺,17,7,10,群益金鼎-西松,2024-07-30,9136
1438,三地開發,9,0,9,群益金鼎-西松,2024-07-30,9136
1736,喬山,11,2,9,群益金鼎-西松,2024-07-30,9136
2913,農林,9,0,9,群益金鼎-西松,2024-07-30,9136
3686,達能,10,1,9,群益金鼎-西松,2024-07-30,9136
2515,中工,10,2,8,群益金鼎-西松,2024-07-30,9136
1519,華城,10,2,8,群益金鼎-西松,2024-07-30,9136
00915,凱基優選高股息30,17,10,7,群益金鼎-西松,2024-07-30,9136
3033,威健,7,0,7,群益金鼎-西松,2024-07-30,9136
00939,統一台灣高息動能,500,100,400,群益金鼎-西松,2024-07-31,9136
00632R,元大台灣50反1,150,40,110,群益金鼎-西松,2024-07-31,9136
3663,鑫科,157,47,110,群益金鼎-西松,2024-07-31,9136
3481,群創,120,49,71,群益金鼎-西松,2024-07-31,9136
00946,群益科技高息成長,57,0,57,群益金鼎-西松,2024-07-31,9136
3167,大量,59,2,57,群益金鼎-西松,2024-07-31,9136
9105,泰金寶-DR,50,0,50,群益金鼎-西松,2024-07-31,9136
00929,復華台灣科技優息,46,1,45,群益金鼎-西松,2024-07-31,9136
00937B,群益ESG投等債20,48,8,40,群益金鼎-西松,2024-07-31,9136
3374,精材,54,22,32,群益金鼎-西松,2024-07-31,9136
00679B,元大美債20年,27,0,27,群益金鼎-西松,2024-07-31,9136
2388,威盛,27,1,26,群益金鼎-西松,2024-07-31,9136
3711,日月光投控,25,0,25,群益金鼎-西松,2024-07-31,9136
2312,金寶,36,11,25,群益金鼎-西松,2024-07-31,9136
00940,元大台灣價值高息,24,0,24,群益金鼎-西松,2024-07-31,9136
2883,凱基金,20,0,20,群益金鼎-西松,2024-07-31,9136
00722B,群益投資級電信債,20,0,20,群益金鼎-西松,2024-07-31,9136
1540,喬福,34,14,20,群益金鼎-西松,2024-07-31,9136
9944,新麗,20,0,20,群益金鼎-西松,2024-07-31,9136
00753L,中信中國50正2,60,41,19,群益金鼎-西松,2024-07-31,9136
00688L,國泰20年美債正2,25,7,18,群益金鼎-西松,2024-07-31,9136
3491,昇達科,20,2,18,群益金鼎-西松,2024-07-31,9136
3376,新日興,15,0,15,群益金鼎-西松,2024-07-31,9136
2439,美律,14,0,14,群益金鼎-西松,2024-07-31,9136
3518,柏騰,31,18,13,群益金鼎-西松,2024-07-31,9136
8021,尖點,13,0,13,群益金鼎-西松,2024-07-31,9136
00713,元大台灣高息低波,12,0,12,群益金鼎-西松,2024-07-31,9136
3209,全科,11,0,11,群益金鼎-西松,2024-07-31,9136
2382,廣達,16,5,11,群益金鼎-西松,2024-07-31,9136
00927,群益半導體收益,10,0,10,群益金鼎-西松,2024-07-31,9136
3105,穩懋,10,0,10,群益金鼎-西松,2024-07-31,9136
1536,和大,11,1,10,群益金鼎-西松,2024-07-31,9136
2025,千興,10,0,10,群益金鼎-西松,2024-07-31,9136
2867,三商壽,10,0,10,群益金鼎-西松,2024-07-31,9136
2884,玉山金,10,0,10,群益金鼎-西松,2024-07-31,9136
8104,錸寶,11,1,10,群益金鼎-西松,2024-07-31,9136
2497,怡利電,10,1,9,群益金鼎-西松,2024-07-31,9136
2855,統一證,9,0,9,群益金鼎-西松,2024-07-31,9136
3231,緯創,13,4,9,群益金鼎-西松,2024-07-31,9136
6706,惠特,9,0,9,群益金鼎-西松,2024-07-31,9136
2330,台積電,19,11,8,群益金鼎-西松,2024-07-31,9136
2349,錸德,104,96,8,群益金鼎-西松,2024-07-31,9136
5364,力麗店,8,0,8,群益金鼎-西松,2024-07-31,9136
6207,雷科,14,6,8,群益金鼎-西松,2024-07-31,9136
00931B,統一美債20年,7,0,7,群益金鼎-西松,2024-07-31,9136
1216,統一,7,0,7,群益金鼎-西松,2024-07-31,9136
1720,生達,7,0,7,群益金鼎-西松,2024-07-31,9136
2409,友達,7,0,7,群益金鼎-西松,2024-07-31,9136
6239,力成,6,0,6,群益金鼎-西松,2024-07-31,9136
3037,欣興,9,3,6,群益金鼎-西松,2024-07-31,9136
3189,景碩,219,26,193,群益金鼎-西松,2024-08-01,9136
2883,凱基金,173,10,163,群益金鼎-西松,2024-08-01,9136
3483,力致,86,0,86,群益金鼎-西松,2024-08-01,9136
2888,新光金,109,26,83,群益金鼎-西松,2024-08-01,9136
3518,柏騰,110,39,71,群益金鼎-西松,2024-08-01,9136
00937B,群益ESG投等債20,128,57,71,群益金鼎-西松,2024-08-01,9136
006207,復華滬深,66,0,66,群益金鼎-西松,2024-08-01,9136
3035,智原,66,0,66,群益金鼎-西松,2024-08-01,9136
3481,群創,77,15,62,群益金鼎-西松,2024-08-01,9136
00878,國泰永續高股息,44,7,37,群益金鼎-西松,2024-08-01,9136
00687B,國泰20年美債,39,2,37,群益金鼎-西松,2024-08-01,9136
00679B,元大美債20年,47,10,37,群益金鼎-西松,2024-08-01,9136
00795B,中信美國公債20年,30,0,30,群益金鼎-西松,2024-08-01,9136
3374,精材,68,40,28,群益金鼎-西松,2024-08-01,9136
3293,鈊象,29,2,27,群益金鼎-西松,2024-08-01,9136
00637L,元大滬深300正2,32,5,27,群益金鼎-西松,2024-08-01,9136
00632R,元大台灣50反1,70,45,25,群益金鼎-西松,2024-08-01,9136
00631L,元大台灣50正2,25,3,22,群益金鼎-西松,2024-08-01,9136
4915,致伸,29,8,21,群益金鼎-西松,2024-08-01,9136
4714,永捷,20,0,20,群益金鼎-西松,2024-08-01,9136
00933B,國泰10Y+金融債,19,0,19,群益金鼎-西松,2024-08-01,9136
2070,精湛,26,7,19,群益金鼎-西松,2024-08-01,9136
2301,光寶科,23,6,17,群益金鼎-西松,2024-08-01,9136
2363,矽統,85,69,16,群益金鼎-西松,2024-08-01,9136
3663,鑫科,66,50,16,群益金鼎-西松,2024-08-01,9136
6151,晉倫,16,0,16,群益金鼎-西松,2024-08-01,9136
2449,京元電子,14,2,12,群益金鼎-西松,2024-08-01,9136
2891,中信金,11,0,11,群益金鼎-西松,2024-08-01,9136
2382,廣達,28,17,11,群益金鼎-西松,2024-08-01,9136
3443,創意,10,0,10,群益金鼎-西松,2024-08-01,9136
2359,所羅門,15,5,10,群益金鼎-西松,2024-08-01,9136
2367,燿華,16,6,10,群益金鼎-西松,2024-08-01,9136
2457,飛宏,10,0,10,群益金鼎-西松,2024-08-01,9136
2538,基泰,10,0,10,群益金鼎-西松,2024-08-01,9136
3686,達能,10,0,10,群益金鼎-西松,2024-08-01,9136
6126,信音,10,0,10,群益金鼎-西松,2024-08-01,9136
5443,均豪,62,52,10,群益金鼎-西松,2024-08-01,9136
5876,上海商銀,9,0,9,群益金鼎-西松,2024-08-01,9136
2317,鴻海,26,18,8,群益金鼎-西松,2024-08-01,9136
2062,橋椿,28,20,8,群益金鼎-西松,2024-08-01,9136
6244,茂迪,9,1,8,群益金鼎-西松,2024-08-01,9136
00786B,元大10年IG銀行債,7,0,7,群益金鼎-西松,2024-08-01,9136
2236,百達-KY,9,2,7,群益金鼎-西松,2024-08-01,9136
2344,華邦電,9,2,7,群益金鼎-西松,2024-08-01,9136
2417,圓剛,20,13,7,群益金鼎-西松,2024-08-01,9136
3489,森寶,14,7,7,群益金鼎-西松,2024-08-01,9136
4566,時碩工業,16,9,7,群益金鼎-西松,2024-08-01,9136
2308,台達電,7,1,6,群益金鼎-西松,2024-08-01,9136
2882,國泰金,7,1,6,群益金鼎-西松,2024-08-01,9136
00934,中信成長高股息,6,0,6,群益金鼎-西松,2024-08-01,9136
00940,元大台灣價值高息,230,14,216,群益金鼎-西松,2024-08-02,9136
00929,復華台灣科技優息,325,118,207,群益金鼎-西松,2024-08-02,9136
2524,京城,278,75,203,群益金鼎-西松,2024-08-02,9136
2547,日勝生,150,0,150,群益金鼎-西松,2024-08-02,9136
00878,國泰永續高股息,153,14,139,群益金鼎-西松,2024-08-02,9136
00946,群益科技高息成長,120,0,120,群益金鼎-西松,2024-08-02,9136
1312,國喬,101,0,101,群益金鼎-西松,2024-08-02,9136
2610,華航,102,9,93,群益金鼎-西松,2024-08-02,9136
2409,友達,91,5,86,群益金鼎-西松,2024-08-02,9136
00932,兆豐永續高息等權,71,0,71,群益金鼎-西松,2024-08-02,9136
9802,鈺齊-KY,55,0,55,群益金鼎-西松,2024-08-02,9136
00679B,元大美債20年,82,33,49,群益金鼎-西松,2024-08-02,9136
2330,台積電,60,14,46,群益金鼎-西松,2024-08-02,9136
0056,元大高股息,58,14,44,群益金鼎-西松,2024-08-02,9136
2834,臺企銀,39,0,39,群益金鼎-西松,2024-08-02,9136
2542,興富發,35,1,34,群益金鼎-西松,2024-08-02,9136
00933B,國泰10Y+金融債,40,6,34,群益金鼎-西松,2024-08-02,9136
2464,盟立,41,7,34,群益金鼎-西松,2024-08-02,9136
9945,潤泰新,37,4,33,群益金鼎-西松,2024-08-02,9136
2891,中信金,33,1,32,群益金鼎-西松,2024-08-02,9136
8011,台通,30,0,30,群益金鼎-西松,2024-08-02,9136
00881,國泰台灣5G+,31,2,29,群益金鼎-西松,2024-08-02,9136
1314,中石化,30,2,28,群益金鼎-西松,2024-08-02,9136
00948B,中信優息投資級債,26,0,26,群益金鼎-西松,2024-08-02,9136
2362,藍天,51,25,26,群益金鼎-西松,2024-08-02,9136
6462,神盾,25,0,25,群益金鼎-西松,2024-08-02,9136
3518,柏騰,31,7,24,群益金鼎-西松,2024-08-02,9136
00688L,國泰20年美債正2,35,11,24,群益金鼎-西松,2024-08-02,9136
00891,中信關鍵半導體,25,2,23,群益金鼎-西松,2024-08-02,9136
8085,福華,22,0,22,群益金鼎-西松,2024-08-02,9136
4906,正文,22,0,22,群益金鼎-西松,2024-08-02,9136
5009,榮剛,23,2,21,群益金鼎-西松,2024-08-02,9136
00715L,期街口布蘭特正2,19,0,19,群益金鼎-西松,2024-08-02,9136
2501,國建,21,2,19,群益金鼎-西松,2024-08-02,9136
00927,群益半導體收益,18,0,18,群益金鼎-西松,2024-08-02,9136
00935,野村臺灣新科技50,17,0,17,群益金鼎-西松,2024-08-02,9136
8473,山林水,17,0,17,群益金鼎-西松,2024-08-02,9136
00922,國泰台灣領袖50,17,0,17,群益金鼎-西松,2024-08-02,9136
00941,中信上游半導體,17,1,16,群益金鼎-西松,2024-08-02,9136
00637L,元大滬深300正2,15,0,15,群益金鼎-西松,2024-08-02,9136
2509,全坤建,15,0,15,群益金鼎-西松,2024-08-02,9136
00713,元大台灣高息低波,19,5,14,群益金鼎-西松,2024-08-02,9136
3711,日月光投控,20,6,14,群益金鼎-西松,2024-08-02,9136
00936,台新永續高息中小,15,1,14,群益金鼎-西松,2024-08-02,9136
2337,旺宏,20,6,14,群益金鼎-西松,2024-08-02,9136
3231,緯創,17,3,14,群益金鼎-西松,2024-08-02,9136
2349,錸德,110,96,14,群益金鼎-西松,2024-08-02,9136
2885,元大金,14,0,14,群益金鼎-西松,2024-08-02,9136
4303,信立,15,1,14,群益金鼎-西松,2024-08-02,9136
3037,欣興,35,21,14,群益金鼎-西松,2024-08-02,9136
00940,元大台灣價值高息,249,14,235,群益金鼎-西松,2024-08-05,9136
8054,安國,141,8,133,群益金鼎-西松,2024-08-05,9136
00946,群益科技高息成長,103,0,103,群益金鼎-西松,2024-08-05,9136
00878,國泰永續高股息,180,85,95,群益金鼎-西松,2024-08-05,9136
00919,群益台灣精選高息,114,37,77,群益金鼎-西松,2024-08-05,9136
1312,國喬,106,34,72,群益金鼎-西松,2024-08-05,9136
2356,英業達,100,41,59,群益金鼎-西松,2024-08-05,9136
3056,富華新,69,15,54,群益金鼎-西松,2024-08-05,9136
00937B,群益ESG投等債20,120,67,53,群益金鼎-西松,2024-08-05,9136
3339,泰谷,60,8,52,群益金鼎-西松,2024-08-05,9136
1718,中纖,56,6,50,群益金鼎-西松,2024-08-05,9136
2897A,王道銀甲特,50,0,50,群益金鼎-西松,2024-08-05,9136
3481,群創,129,81,48,群益金鼎-西松,2024-08-05,9136
1446,宏和,57,12,45,群益金鼎-西松,2024-08-05,9136
2801,彰銀,42,0,42,群益金鼎-西松,2024-08-05,9136
5392,能率,46,6,40,群益金鼎-西松,2024-08-05,9136
2330,台積電,96,57,39,群益金鼎-西松,2024-08-05,9136
2337,旺宏,78,40,38,群益金鼎-西松,2024-08-05,9136
3141,晶宏,41,5,36,群益金鼎-西松,2024-08-05,9136
2303,聯電,42,8,34,群益金鼎-西松,2024-08-05,9136
00891,中信關鍵半導體,33,0,33,群益金鼎-西松,2024-08-05,9136
3444,利機,37,4,33,群益金鼎-西松,2024-08-05,9136
2618,長榮航,38,6,32,群益金鼎-西松,2024-08-05,9136
00688L,國泰20年美債正2,48,16,32,群益金鼎-西松,2024-08-05,9136
2317,鴻海,120,90,30,群益金鼎-西松,2024-08-05,9136
4113,聯上,95,65,30,群益金鼎-西松,2024-08-05,9136
9105,泰金寶-DR,30,1,29,群益金鼎-西松,2024-08-05,9136
2312,金寶,30,1,29,群益金鼎-西松,2024-08-05,9136
00830,國泰費城半導體,42,13,29,群益金鼎-西松,2024-08-05,9136
6530,創威,31,5,26,群益金鼎-西松,2024-08-05,9136
2509,全坤建,25,0,25,群益金鼎-西松,2024-08-05,9136
00923,群益台ESG低碳50,75,50,25,群益金鼎-西松,2024-08-05,9136
6219,富旺,98,73,25,群益金鼎-西松,2024-08-05,9136
5291,邑昇,31,7,24,群益金鼎-西松,2024-08-05,9136
00881,國泰台灣5G+,36,12,24,群益金鼎-西松,2024-08-05,9136
2596,綠意,43,20,23,群益金鼎-西松,2024-08-05,9136
4714,永捷,26,3,23,群益金鼎-西松,2024-08-05,9136
4543,萬在,31,9,22,群益金鼎-西松,2024-08-05,9136
6411,晶焱,25,3,22,群益金鼎-西松,2024-08-05,9136
8104,錸寶,29,7,22,群益金鼎-西松,2024-08-05,9136
5515,建國,21,0,21,群益金鼎-西松,2024-08-05,9136
00927,群益半導體收益,31,10,21,群益金鼎-西松,2024-08-05,9136
8215,明基材,23,3,20,群益金鼎-西松,2024-08-05,9136
00712,復華富時不動產,53,33,20,群益金鼎-西松,2024-08-05,9136
00915,凱基優選高股息30,39,20,19,群益金鼎-西松,2024-08-05,9136
2882,國泰金,24,5,19,群益金鼎-西松,2024-08-05,9136
4912,聯德控股-KY,27,8,19,群益金鼎-西松,2024-08-05,9136
1605,華新,18,0,18,群益金鼎-西松,2024-08-05,9136
00795B,中信美國公債20年,20,2,18,群益金鼎-西松,2024-08-05,9136
1587,吉茂,50,32,18,群益金鼎-西松,2024-08-05,9136
4123,晟德,186,6,180,群益金鼎-西松,2024-08-06,9136
6147,頎邦,170,0,170,群益金鼎-西松,2024-08-06,9136
2317,鴻海,230,105,125,群益金鼎-西松,2024-08-06,9136
00632R,元大台灣50反1,245,140,105,群益金鼎-西松,2024-08-06,9136
3017,奇鋐,86,5,81,群益金鼎-西松,2024-08-06,9136
00878,國泰永續高股息,90,19,71,群益金鼎-西松,2024-08-06,9136
4113,聯上,158,88,70,群益金鼎-西松,2024-08-06,9136
5519,隆大,106,38,68,群益金鼎-西松,2024-08-06,9136
2596,綠意,90,28,62,群益金鼎-西松,2024-08-06,9136
00637L,元大滬深300正2,60,0,60,群益金鼎-西松,2024-08-06,9136
3379,彬台,63,3,60,群益金鼎-西松,2024-08-06,9136
3284,太普高,73,14,59,群益金鼎-西松,2024-08-06,9136
8171,天宇,55,1,54,群益金鼎-西松,2024-08-06,9136
5206,坤悅,52,0,52,群益金鼎-西松,2024-08-06,9136
3652,精聯,57,7,50,群益金鼎-西松,2024-08-06,9136
2308,台達電,57,8,49,群益金鼎-西松,2024-08-06,9136
4907,富宇,55,8,47,群益金鼎-西松,2024-08-06,9136
2528,皇普,61,17,44,群益金鼎-西松,2024-08-06,9136
5457,宣德,58,14,44,群益金鼎-西松,2024-08-06,9136
8027,鈦昇,89,48,41,群益金鼎-西松,2024-08-06,9136
8092,建暐,48,7,41,群益金鼎-西松,2024-08-06,9136
9802,鈺齊-KY,41,0,41,群益金鼎-西松,2024-08-06,9136
6219,富旺,35,1,34,群益金鼎-西松,2024-08-06,9136
2409,友達,42,8,34,群益金鼎-西松,2024-08-06,9136
2883,凱基金,37,4,33,群益金鼎-西松,2024-08-06,9136
6684,安格,49,16,33,群益金鼎-西松,2024-08-06,9136
2337,旺宏,59,27,32,群益金鼎-西松,2024-08-06,9136
2834,臺企銀,64,32,32,群益金鼎-西松,2024-08-06,9136
6689,伊雲谷,42,11,31,群益金鼎-西松,2024-08-06,9136
3605,宏致,49,19,30,群益金鼎-西松,2024-08-06,9136
3563,牧德,31,2,29,群益金鼎-西松,2024-08-06,9136
8473,山林水,73,45,28,群益金鼎-西松,2024-08-06,9136
00919,群益台灣精選高息,36,10,26,群益金鼎-西松,2024-08-06,9136
2313,華通,33,7,26,群益金鼎-西松,2024-08-06,9136
3376,新日興,32,7,25,群益金鼎-西松,2024-08-06,9136
2745,五福,45,21,24,群益金鼎-西松,2024-08-06,9136
6770,力積電,26,2,24,群益金鼎-西松,2024-08-06,9136
6834,天二科技,44,21,23,群益金鼎-西松,2024-08-06,9136
8104,錸寶,67,44,23,群益金鼎-西松,2024-08-06,9136
00720B,元大投資級公司債,23,1,22,群益金鼎-西松,2024-08-06,9136
2356,英業達,60,39,21,群益金鼎-西松,2024-08-06,9136
00757,統一FANG+,21,0,21,群益金鼎-西松,2024-08-06,9136
1586,和勤,70,49,21,群益金鼎-西松,2024-08-06,9136
3048,益登,58,37,21,群益金鼎-西松,2024-08-06,9136
8049,晶采,21,0,21,群益金鼎-西松,2024-08-06,9136
3036,文曄,39,19,20,群益金鼎-西松,2024-08-06,9136
2495,普安,41,21,20,群益金鼎-西松,2024-08-06,9136
3037,欣興,36,16,20,群益金鼎-西松,2024-08-06,9136
6829,千附精密,26,7,19,群益金鼎-西松,2024-08-06,9136
1438,三地開發,27,9,18,群益金鼎-西松,2024-08-06,9136
00878,國泰永續高股息,204,7,197,群益金鼎-西松,2024-08-07,9136
2330,台積電,154,24,130,群益金鼎-西松,2024-08-07,9136
2317,鴻海,196,74,122,群益金鼎-西松,2024-08-07,9136
00940,元大台灣價值高息,123,14,109,群益金鼎-西松,2024-08-07,9136
00946,群益科技高息成長,105,2,103,群益金鼎-西松,2024-08-07,9136
00929,復華台灣科技優息,153,62,91,群益金鼎-西松,2024-08-07,9136
00927,群益半導體收益,100,17,83,群益金鼎-西松,2024-08-07,9136
2303,聯電,173,102,71,群益金鼎-西松,2024-08-07,9136
2421,建準,71,7,64,群益金鼎-西松,2024-08-07,9136
00933B,國泰10Y+金融債,82,19,63,群益金鼎-西松,2024-08-07,9136
9105,泰金寶-DR,45,0,45,群益金鼎-西松,2024-08-07,9136
00679B,元大美債20年,34,2,32,群益金鼎-西松,2024-08-07,9136
00936,台新永續高息中小,40,9,31,群益金鼎-西松,2024-08-07,9136
3481,群創,31,3,28,群益金鼎-西松,2024-08-07,9136
00687B,國泰20年美債,57,31,26,群益金鼎-西松,2024-08-07,9136
2886,兆豐金,25,2,23,群益金鼎-西松,2024-08-07,9136
2070,精湛,49,26,23,群益金鼎-西松,2024-08-07,9136
5443,均豪,24,1,23,群益金鼎-西松,2024-08-07,9136
00631L,元大台灣50正2,28,5,23,群益金鼎-西松,2024-08-07,9136
3490,單井,27,5,22,群益金鼎-西松,2024-08-07,9136
00642U,期元大S＆P石油,21,0,21,群益金鼎-西松,2024-08-07,9136
1604,聲寶,20,0,20,群益金鼎-西松,2024-08-07,9136
2834,臺企銀,27,7,20,群益金鼎-西松,2024-08-07,9136
2409,友達,24,5,19,群益金鼎-西松,2024-08-07,9136
3189,景碩,29,10,19,群益金鼎-西松,2024-08-07,9136
3231,緯創,26,7,19,群益金鼎-西松,2024-08-07,9136
2382,廣達,37,20,17,群益金鼎-西松,2024-08-07,9136
2885,元大金,18,2,16,群益金鼎-西松,2024-08-07,9136
2887,台新金,15,0,15,群益金鼎-西松,2024-08-07,9136
2891,中信金,14,0,14,群益金鼎-西松,2024-08-07,9136
5347,世界,15,2,13,群益金鼎-西松,2024-08-07,9136
2495,普安,15,2,13,群益金鼎-西松,2024-08-07,9136
6957,裕慶-KY,13,0,13,群益金鼎-西松,2024-08-07,9136
00923,群益台ESG低碳50,14,2,12,群益金鼎-西松,2024-08-07,9136
00948B,中信優息投資級債,12,0,12,群益金鼎-西松,2024-08-07,9136
1423,利華,17,5,12,群益金鼎-西松,2024-08-07,9136
1762,中化生,15,3,12,群益金鼎-西松,2024-08-07,9136
2363,矽統,36,24,12,群益金鼎-西松,2024-08-07,9136
00715L,期街口布蘭特正2,11,0,11,群益金鼎-西松,2024-08-07,9136
00795B,中信美國公債20年,12,1,11,群益金鼎-西松,2024-08-07,9136
8054,安國,24,13,11,群益金鼎-西松,2024-08-07,9136
2002,中鋼,12,1,11,群益金鼎-西松,2024-08-07,9136
6005,群益證,11,0,11,群益金鼎-西松,2024-08-07,9136
3483,力致,10,0,10,群益金鼎-西松,2024-08-07,9136
6561,是方,10,0,10,群益金鼎-西松,2024-08-07,9136
1402,遠東新,10,0,10,群益金鼎-西松,2024-08-07,9136
2324,仁寶,10,0,10,群益金鼎-西松,2024-08-07,9136
2867,三商壽,10,0,10,群益金鼎-西松,2024-08-07,9136
5880,合庫金,10,0,10,群益金鼎-西松,2024-08-07,9136
6933,AMAX-KY,10,0,10,群益金鼎-西松,2024-08-07,9136
3037,欣興,615,3,612,群益金鼎-西松,2024-08-08,9136
00679B,元大美債20年,281,0,281,群益金鼎-西松,2024-08-08,9136
00919,群益台灣精選高息,158,19,139,群益金鼎-西松,2024-08-08,9136
2365,昆盈,145,43,102,群益金鼎-西松,2024-08-08,9136
2897A,王道銀甲特,98,0,98,群益金鼎-西松,2024-08-08,9136
00937B,群益ESG投等債20,132,68,64,群益金鼎-西松,2024-08-08,9136
6005,群益證,61,0,61,群益金鼎-西松,2024-08-08,9136
2356,英業達,68,21,47,群益金鼎-西松,2024-08-08,9136
00725B,國泰投資級公司債,45,1,44,群益金鼎-西松,2024-08-08,9136
00878,國泰永續高股息,44,6,38,群益金鼎-西松,2024-08-08,9136
00632R,元大台灣50反1,41,5,36,群益金鼎-西松,2024-08-08,9136
2317,鴻海,97,62,35,群益金鼎-西松,2024-08-08,9136
00940,元大台灣價值高息,29,2,27,群益金鼎-西松,2024-08-08,9136
00795B,中信美國公債20年,24,0,24,群益金鼎-西松,2024-08-08,9136
2886,兆豐金,34,11,23,群益金鼎-西松,2024-08-08,9136
3466,德晉,59,38,21,群益金鼎-西松,2024-08-08,9136
00935,野村臺灣新科技50,20,0,20,群益金鼎-西松,2024-08-08,9136
6125,廣運,55,35,20,群益金鼎-西松,2024-08-08,9136
2062,橋椿,19,0,19,群益金鼎-西松,2024-08-08,9136
3689,湧德,20,1,19,群益金鼎-西松,2024-08-08,9136
2301,光寶科,18,1,17,群益金鼎-西松,2024-08-08,9136
2834,臺企銀,18,1,17,群益金鼎-西松,2024-08-08,9136
2888,新光金,37,21,16,群益金鼎-西松,2024-08-08,9136
2392,正崴,17,2,15,群益金鼎-西松,2024-08-08,9136
2892,第一金,16,1,15,群益金鼎-西松,2024-08-08,9136
00900,富邦特選高股息30,13,0,13,群益金鼎-西松,2024-08-08,9136
00949,復華日本龍頭,13,0,13,群益金鼎-西松,2024-08-08,9136
2324,仁寶,12,0,12,群益金鼎-西松,2024-08-08,9136
2883,凱基金,14,2,12,群益金鼎-西松,2024-08-08,9136
00830,國泰費城半導體,11,0,11,群益金鼎-西松,2024-08-08,9136
5347,世界,11,0,11,群益金鼎-西松,2024-08-08,9136
00934,中信成長高股息,11,0,11,群益金鼎-西松,2024-08-08,9136
6165,浪凡,15,4,11,群益金鼎-西松,2024-08-08,9136
4510,高鋒,68,57,11,群益金鼎-西松,2024-08-08,9136
6805,富世達,12,2,10,群益金鼎-西松,2024-08-08,9136
00713,元大台灣高息低波,13,3,10,群益金鼎-西松,2024-08-08,9136
00951,台新日本半導體,10,0,10,群益金鼎-西松,2024-08-08,9136
1446,宏和,11,1,10,群益金鼎-西松,2024-08-08,9136
2363,矽統,11,1,10,群益金鼎-西松,2024-08-08,9136
3518,柏騰,40,30,10,群益金鼎-西松,2024-08-08,9136
4909,新復興,23,13,10,群益金鼎-西松,2024-08-08,9136
4931,新盛力,10,0,10,群益金鼎-西松,2024-08-08,9136
6957,裕慶-KY,10,0,10,群益金鼎-西松,2024-08-08,9136
2382,廣達,23,13,10,群益金鼎-西松,2024-08-08,9136
00915,凱基優選高股息30,16,7,9,群益金鼎-西松,2024-08-08,9136
2615,萬海,25,16,9,群益金鼎-西松,2024-08-08,9136
2070,精湛,41,32,9,群益金鼎-西松,2024-08-08,9136
2399,映泰,9,0,9,群益金鼎-西松,2024-08-08,9136
00948B,中信優息投資級債,8,0,8,群益金鼎-西松,2024-08-08,9136
3231,緯創,68,60,8,群益金鼎-西松,2024-08-08,9136
00937B,群益ESG投等債20,359,68,291,群益金鼎-西松,2024-08-09,9136
3481,群創,233,86,147,群益金鼎-西松,2024-08-09,9136
2897A,王道銀甲特,96,0,96,群益金鼎-西松,2024-08-09,9136
00687B,國泰20年美債,86,10,76,群益金鼎-西松,2024-08-09,9136
006207,復華滬深,71,0,71,群益金鼎-西松,2024-08-09,9136
3224,三顧,70,0,70,群益金鼎-西松,2024-08-09,9136
4562,穎漢,82,22,60,群益金鼎-西松,2024-08-09,9136
00932,兆豐永續高息等權,54,0,54,群益金鼎-西松,2024-08-09,9136
00680L,元大美債20正2,44,0,44,群益金鼎-西松,2024-08-09,9136
0056,元大高股息,44,1,43,群益金鼎-西松,2024-08-09,9136
00665L,富邦�琤肭磪囓�2,90,50,40,群益金鼎-西松,2024-08-09,9136
8028,昇陽半導體,47,11,36,群益金鼎-西松,2024-08-09,9136
8442,威宏-KY,34,0,34,群益金鼎-西松,2024-08-09,9136
00795B,中信美國公債20年,30,0,30,群益金鼎-西松,2024-08-09,9136
2880,華南金,30,2,28,群益金鼎-西松,2024-08-09,9136
00679B,元大美債20年,47,19,28,群益金鼎-西松,2024-08-09,9136
2884,玉山金,31,5,26,群益金鼎-西松,2024-08-09,9136
6957,裕慶-KY,25,1,24,群益金鼎-西松,2024-08-09,9136
4402,郡都開發,23,0,23,群益金鼎-西松,2024-08-09,9136
00878,國泰永續高股息,62,39,23,群益金鼎-西松,2024-08-09,9136
00927,群益半導體收益,23,1,22,群益金鼎-西松,2024-08-09,9136
3037,欣興,32,11,21,群益金鼎-西松,2024-08-09,9136
00945B,凱基美國非投等債,20,0,20,群益金鼎-西松,2024-08-09,9136
3032,偉訓,20,0,20,群益金鼎-西松,2024-08-09,9136
3163,波若威,27,7,20,群益金鼎-西松,2024-08-09,9136
3231,緯創,29,10,19,群益金鼎-西松,2024-08-09,9136
00631L,元大台灣50正2,23,5,18,群益金鼎-西松,2024-08-09,9136
8099,大世科,23,6,17,群益金鼎-西松,2024-08-09,9136
00936,台新永續高息中小,15,0,15,群益金鼎-西松,2024-08-09,9136
00940,元大台灣價值高息,17,2,15,群益金鼎-西松,2024-08-09,9136
00948B,中信優息投資級債,15,0,15,群益金鼎-西松,2024-08-09,9136
3666,光耀,16,1,15,群益金鼎-西松,2024-08-09,9136
3374,精材,17,3,14,群益金鼎-西松,2024-08-09,9136
3450,聯鈞,40,26,14,群益金鼎-西松,2024-08-09,9136
9945,潤泰新,15,2,13,群益金鼎-西松,2024-08-09,9136
3522,御嵿,12,0,12,群益金鼎-西松,2024-08-09,9136
6151,晉倫,56,44,12,群益金鼎-西松,2024-08-09,9136
6414,樺漢,11,0,11,群益金鼎-西松,2024-08-09,9136
2382,廣達,23,13,10,群益金鼎-西松,2024-08-09,9136
6233,旺玖,10,0,10,群益金鼎-西松,2024-08-09,9136
00900,富邦特選高股息30,11,1,10,群益金鼎-西松,2024-08-09,9136
00891,中信關鍵半導體,16,6,10,群益金鼎-西松,2024-08-09,9136
00664R,國泰臺灣加權反1,10,0,10,群益金鼎-西松,2024-08-09,9136
00676R,富邦臺灣加權反1,10,0,10,群益金鼎-西松,2024-08-09,9136
00951,台新日本半導體,10,0,10,群益金鼎-西松,2024-08-09,9136
6180,橘子,10,0,10,群益金鼎-西松,2024-08-09,9136
6890,來億-KY,10,0,10,群益金鼎-西松,2024-08-09,9136
8071,能率網通,10,0,10,群益金鼎-西松,2024-08-09,9136
00949,復華日本龍頭,9,0,9,群益金鼎-西松,2024-08-09,9136
00881,國泰台灣5G+,17,8,9,群益金鼎-西松,2024-08-09,9136
1321,大洋,245,5,240,群益金鼎-西松,2024-08-12,9136
2317,鴻海,284,54,230,群益金鼎-西松,2024-08-12,9136
00632R,元大台灣50反1,150,20,130,群益金鼎-西松,2024-08-12,9136
00878,國泰永續高股息,100,5,95,群益金鼎-西松,2024-08-12,9136
00877,復華中國5G,80,10,70,群益金鼎-西松,2024-08-12,9136
00937B,群益ESG投等債20,72,22,50,群益金鼎-西松,2024-08-12,9136
00948B,中信優息投資級債,50,0,50,群益金鼎-西松,2024-08-12,9136
3017,奇鋐,44,1,43,群益金鼎-西松,2024-08-12,9136
00882,中信中國高股息,38,0,38,群益金鼎-西松,2024-08-12,9136
1560,中砂,47,10,37,群益金鼎-西松,2024-08-12,9136
00945B,凱基美國非投等債,35,0,35,群益金鼎-西松,2024-08-12,9136
1609,大亞,42,7,35,群益金鼎-西松,2024-08-12,9136
00680L,元大美債20正2,28,0,28,群益金鼎-西松,2024-08-12,9136
4306,炎洲,22,0,22,群益金鼎-西松,2024-08-12,9136
4563,百德,24,2,22,群益金鼎-西松,2024-08-12,9136
6229,研通,28,6,22,群益金鼎-西松,2024-08-12,9136
8064,東捷,32,11,21,群益金鼎-西松,2024-08-12,9136
2312,金寶,100,80,20,群益金鼎-西松,2024-08-12,9136
2409,友達,20,0,20,群益金鼎-西松,2024-08-12,9136
5392,能率,20,1,19,群益金鼎-西松,2024-08-12,9136
6215,和椿,33,16,17,群益金鼎-西松,2024-08-12,9136
00927,群益半導體收益,17,0,17,群益金鼎-西松,2024-08-12,9136
00795B,中信美國公債20年,15,0,15,群益金鼎-西松,2024-08-12,9136
6757,台灣虎航,15,0,15,群益金鼎-西松,2024-08-12,9136
1513,中興電,22,8,14,群益金鼎-西松,2024-08-12,9136
2313,華通,15,1,14,群益金鼎-西松,2024-08-12,9136
2337,旺宏,15,1,14,群益金鼎-西松,2024-08-12,9136
2489,瑞軒,54,40,14,群益金鼎-西松,2024-08-12,9136
6552,易華電,34,20,14,群益金鼎-西松,2024-08-12,9136
00664R,國泰臺灣加權反1,12,0,12,群益金鼎-西松,2024-08-12,9136
6160,欣技,17,5,12,群益金鼎-西松,2024-08-12,9136
6890,來億-KY,10,0,10,群益金鼎-西松,2024-08-12,9136
3163,波若威,12,3,9,群益金鼎-西松,2024-08-12,9136
2449,京元電子,22,14,8,群益金鼎-西松,2024-08-12,9136
5519,隆大,16,8,8,群益金鼎-西松,2024-08-12,9136
6156,松上,7,0,7,群益金鼎-西松,2024-08-12,9136
8043,蜜望實,10,3,7,群益金鼎-西松,2024-08-12,9136
00676R,富邦臺灣加權反1,6,0,6,群益金鼎-西松,2024-08-12,9136
2618,長榮航,54,48,6,群益金鼎-西松,2024-08-12,9136
2886,兆豐金,7,1,6,群益金鼎-西松,2024-08-12,9136
6139,亞翔,6,0,6,群益金鼎-西松,2024-08-12,9136
1785,光洋科,7,2,5,群益金鼎-西松,2024-08-12,9136
00915,凱基優選高股息30,10,5,5,群益金鼎-西松,2024-08-12,9136
00786B,元大10年IG銀行債,5,0,5,群益金鼎-西松,2024-08-12,9136
00753L,中信中國50正2,5,0,5,群益金鼎-西松,2024-08-12,9136
1527,鑽全,5,0,5,群益金鼎-西松,2024-08-12,9136
1582,信錦,5,0,5,群益金鼎-西松,2024-08-12,9136
2374,佳能,5,0,5,群益金鼎-西松,2024-08-12,9136
2428,興勤,5,0,5,群益金鼎-西松,2024-08-12,9136
2465,麗臺,14,9,5,群益金鼎-西松,2024-08-12,9136
8374,羅昇,312,14,298,群益金鼎-西松,2024-08-13,9136
6274,台燿,182,2,180,群益金鼎-西松,2024-08-13,9136
00687B,國泰20年美債,168,1,167,群益金鼎-西松,2024-08-13,9136
00665L,富邦�琤肭磪囓�2,90,0,90,群益金鼎-西松,2024-08-13,9136
00929,復華台灣科技優息,110,33,77,群益金鼎-西松,2024-08-13,9136
3481,群創,95,31,64,群益金鼎-西松,2024-08-13,9136
2880,華南金,56,0,56,群益金鼎-西松,2024-08-13,9136
3062,建漢,64,8,56,群益金鼎-西松,2024-08-13,9136
1321,大洋,60,5,55,群益金鼎-西松,2024-08-13,9136
00918,大華優利高填息30,70,20,50,群益金鼎-西松,2024-08-13,9136
2489,瑞軒,34,1,33,群益金鼎-西松,2024-08-13,9136
2542,興富發,32,1,31,群益金鼎-西松,2024-08-13,9136
00885,富邦越南,30,0,30,群益金鼎-西松,2024-08-13,9136
6168,宏齊,30,0,30,群益金鼎-西松,2024-08-13,9136
2362,藍天,34,5,29,群益金鼎-西松,2024-08-13,9136
4566,時碩工業,69,43,26,群益金鼎-西松,2024-08-13,9136
2303,聯電,38,14,24,群益金鼎-西松,2024-08-13,9136
2355,敬鵬,24,0,24,群益金鼎-西松,2024-08-13,9136
4174,浩鼎,27,3,24,群益金鼎-西松,2024-08-13,9136
1609,大亞,25,2,23,群益金鼎-西松,2024-08-13,9136
3167,大量,26,3,23,群益金鼎-西松,2024-08-13,9136
5880,合庫金,23,0,23,群益金鼎-西松,2024-08-13,9136
2892,第一金,22,0,22,群益金鼎-西松,2024-08-13,9136
00931B,統一美債20年,21,0,21,群益金鼎-西松,2024-08-13,9136
2610,華航,21,0,21,群益金鼎-西松,2024-08-13,9136
3663,鑫科,50,30,20,群益金鼎-西松,2024-08-13,9136
8234,新漢,23,3,20,群益金鼎-西松,2024-08-13,9136
2891,中信金,22,3,19,群益金鼎-西松,2024-08-13,9136
1584,精剛,28,11,17,群益金鼎-西松,2024-08-13,9136
00795B,中信美國公債20年,17,0,17,群益金鼎-西松,2024-08-13,9136
3661,世芯-KY,18,2,16,群益金鼎-西松,2024-08-13,9136
1301,台塑,16,1,15,群益金鼎-西松,2024-08-13,9136
1513,中興電,28,14,14,群益金鼎-西松,2024-08-13,9136
2609,陽明,21,7,14,群益金鼎-西松,2024-08-13,9136
1536,和大,14,0,14,群益金鼎-西松,2024-08-13,9136
00946,群益科技高息成長,14,0,14,群益金鼎-西松,2024-08-13,9136
4107,邦特,13,0,13,群益金鼎-西松,2024-08-13,9136
4556,旭然,13,0,13,群益金鼎-西松,2024-08-13,9136
3029,零壹,14,2,12,群益金鼎-西松,2024-08-13,9136
2884,玉山金,14,2,12,群益金鼎-西松,2024-08-13,9136
2537,聯上發,12,0,12,群益金鼎-西松,2024-08-13,9136
1104,環泥,11,0,11,群益金鼎-西松,2024-08-13,9136
4113,聯上,14,3,11,群益金鼎-西松,2024-08-13,9136
2886,兆豐金,10,0,10,群益金鼎-西松,2024-08-13,9136
3706,神達,10,0,10,群益金鼎-西松,2024-08-13,9136
6188,廣明,13,3,10,群益金鼎-西松,2024-08-13,9136
6492,生華科,9,0,9,群益金鼎-西松,2024-08-13,9136
5347,世界,9,1,8,群益金鼎-西松,2024-08-13,9136
3013,晟銘電,32,24,8,群益金鼎-西松,2024-08-13,9136
00713,元大台灣高息低波,10,2,8,群益金鼎-西松,2024-08-13,9136
3663,鑫科,227,32,195,群益金鼎-西松,2024-08-14,9136
00687B,國泰20年美債,189,4,185,群益金鼎-西松,2024-08-14,9136
6290,良維,181,0,181,群益金鼎-西松,2024-08-14,9136
00632R,元大台灣50反1,160,0,160,群益金鼎-西松,2024-08-14,9136
9938,百和,102,0,102,群益金鼎-西松,2024-08-14,9136
2363,矽統,83,5,78,群益金鼎-西松,2024-08-14,9136
00919,群益台灣精選高息,132,80,52,群益金鼎-西松,2024-08-14,9136
00665L,富邦�琤肭磪囓�2,50,0,50,群益金鼎-西松,2024-08-14,9136
00688L,國泰20年美債正2,49,0,49,群益金鼎-西松,2024-08-14,9136
00929,復華台灣科技優息,53,14,39,群益金鼎-西松,2024-08-14,9136
00885,富邦越南,40,4,36,群益金鼎-西松,2024-08-14,9136
2888,新光金,35,5,30,群益金鼎-西松,2024-08-14,9136
4113,聯上,30,1,29,群益金鼎-西松,2024-08-14,9136
00877,復華中國5G,27,0,27,群益金鼎-西松,2024-08-14,9136
1218,泰山,25,0,25,群益金鼎-西松,2024-08-14,9136
00679B,元大美債20年,31,9,22,群益金鼎-西松,2024-08-14,9136
8374,羅昇,21,0,21,群益金鼎-西松,2024-08-14,9136
3374,精材,27,6,21,群益金鼎-西松,2024-08-14,9136
2356,英業達,121,101,20,群益金鼎-西松,2024-08-14,9136
00795B,中信美國公債20年,25,5,20,群益金鼎-西松,2024-08-14,9136
00948B,中信優息投資級債,20,0,20,群益金鼎-西松,2024-08-14,9136
8071,能率網通,27,7,20,群益金鼎-西松,2024-08-14,9136
6005,群益證,20,1,19,群益金鼎-西松,2024-08-14,9136
1708,東鹼,38,20,18,群益金鼎-西松,2024-08-14,9136
2002,中鋼,25,8,17,群益金鼎-西松,2024-08-14,9136
8234,新漢,18,1,17,群益金鼎-西松,2024-08-14,9136
6416,瑞祺電通,15,0,15,群益金鼎-西松,2024-08-14,9136
00878,國泰永續高股息,22,7,15,群益金鼎-西松,2024-08-14,9136
1536,和大,19,5,14,群益金鼎-西松,2024-08-14,9136
3046,建��,15,1,14,群益金鼎-西松,2024-08-14,9136
4716,大立,12,0,12,群益金鼎-西松,2024-08-14,9136
4956,光鋐,12,1,11,群益金鼎-西松,2024-08-14,9136
00757,統一FANG+,10,0,10,群益金鼎-西松,2024-08-14,9136
00664R,國泰臺灣加權反1,10,0,10,群益金鼎-西松,2024-08-14,9136
2324,仁寶,10,0,10,群益金鼎-西松,2024-08-14,9136
2427,三商電,10,0,10,群益金鼎-西松,2024-08-14,9136
2515,中工,12,2,10,群益金鼎-西松,2024-08-14,9136
2880,華南金,11,1,10,群益金鼎-西松,2024-08-14,9136
4583,台灣精銳,10,0,10,群益金鼎-西松,2024-08-14,9136
5014,建錩,10,0,10,群益金鼎-西松,2024-08-14,9136
6603,富強鑫,15,5,10,群益金鼎-西松,2024-08-14,9136
6937,天虹,11,1,10,群益金鼎-西松,2024-08-14,9136
2359,所羅門,33,24,9,群益金鼎-西松,2024-08-14,9136
3580,友威科,20,11,9,群益金鼎-西松,2024-08-14,9136
5309,系統電,9,1,8,群益金鼎-西松,2024-08-14,9136
5392,能率,21,13,8,群益金鼎-西松,2024-08-14,9136
00915,凱基優選高股息30,8,0,8,群益金鼎-西松,2024-08-14,9136
2537,聯上發,25,17,8,群益金鼎-西松,2024-08-14,9136
4513,福裕,27,19,8,群益金鼎-西松,2024-08-14,9136
6239,力成,10,2,8,群益金鼎-西松,2024-08-14,9136
00937B,群益ESG投等債20,480,168,312,群益金鼎-西松,2024-08-15,9136
00680L,元大美債20正2,110,21,89,群益金鼎-西松,2024-08-15,9136
00688L,國泰20年美債正2,85,0,85,群益金鼎-西松,2024-08-15,9136
00795B,中信美國公債20年,55,0,55,群益金鼎-西松,2024-08-15,9136
6546,正基,46,0,46,群益金鼎-西松,2024-08-15,9136
2303,聯電,86,46,40,群益金鼎-西松,2024-08-15,9136
00687B,國泰20年美債,120,85,35,群益金鼎-西松,2024-08-15,9136
00918,大華優利高填息30,33,0,33,群益金鼎-西松,2024-08-15,9136
00878,國泰永續高股息,111,78,33,群益金鼎-西松,2024-08-15,9136
2002,中鋼,29,4,25,群益金鼎-西松,2024-08-15,9136
2801,彰銀,22,0,22,群益金鼎-西松,2024-08-15,9136
6188,廣明,23,2,21,群益金鼎-西松,2024-08-15,9136
1514,亞力,41,21,20,群益金鼎-西松,2024-08-15,9136
3035,智原,16,0,16,群益金鼎-西松,2024-08-15,9136
3231,緯創,20,5,15,群益金鼎-西松,2024-08-15,9136
3673,TPK-KY,17,2,15,群益金鼎-西松,2024-08-15,9136
00919,群益台灣精選高息,17,3,14,群益金鼎-西松,2024-08-15,9136
4540,全球傳動,23,10,13,群益金鼎-西松,2024-08-15,9136
00632R,元大台灣50反1,12,0,12,群益金鼎-西松,2024-08-15,9136
3232,昱捷,27,15,12,群益金鼎-西松,2024-08-15,9136
2317,鴻海,60,48,12,群益金鼎-西松,2024-08-15,9136
1475,業旺,29,18,11,群益金鼎-西松,2024-08-15,9136
2376,技嘉,13,2,11,群益金鼎-西松,2024-08-15,9136
3019,亞光,32,21,11,群益金鼎-西松,2024-08-15,9136
1513,中興電,13,3,10,群益金鼎-西松,2024-08-15,9136
3017,奇鋐,10,0,10,群益金鼎-西松,2024-08-15,9136
00877,復華中國5G,20,10,10,群益金鼎-西松,2024-08-15,9136
1463,強盛新,18,8,10,群益金鼎-西松,2024-08-15,9136
2615,萬海,24,14,10,群益金鼎-西松,2024-08-15,9136
3013,晟銘電,25,16,9,群益金鼎-西松,2024-08-15,9136
00900,富邦特選高股息30,10,1,9,群益金鼎-西松,2024-08-15,9136
1301,台塑,14,5,9,群益金鼎-西松,2024-08-15,9136
3048,益登,9,0,9,群益金鼎-西松,2024-08-15,9136
00881,國泰台灣5G+,9,0,9,群益金鼎-西松,2024-08-15,9136
2834,臺企銀,8,0,8,群益金鼎-西松,2024-08-15,9136
3303,岱稜,28,20,8,群益金鼎-西松,2024-08-15,9136
3324,雙鴻,12,4,8,群益金鼎-西松,2024-08-15,9136
00915,凱基優選高股息30,14,7,7,群益金鼎-西松,2024-08-15,9136
00715L,期街口布蘭特正2,7,0,7,群益金鼎-西松,2024-08-15,9136
00940,元大台灣價值高息,9,2,7,群益金鼎-西松,2024-08-15,9136
1541,錩泰,10,3,7,群益金鼎-西松,2024-08-15,9136
3066,李洲,7,0,7,群益金鼎-西松,2024-08-15,9136
4927,泰鼎-KY,7,0,7,群益金鼎-西松,2024-08-15,9136
2323,中環,10,4,6,群益金鼎-西松,2024-08-15,9136
1536,和大,9,3,6,群益金鼎-西松,2024-08-15,9136
00713,元大台灣高息低波,11,5,6,群益金鼎-西松,2024-08-15,9136
00696B,富邦美債20年,6,0,6,群益金鼎-西松,2024-08-15,9136
3711,日月光投控,7,1,6,群益金鼎-西松,2024-08-15,9136
00907,永豐優息存股,5,0,5,群益金鼎-西松,2024-08-15,9136
00922,國泰台灣領袖50,5,0,5,群益金鼎-西松,2024-08-15,9136
3047,訊舟,218,36,182,群益金鼎-西松,2024-08-16,9136
00720B,元大投資級公司債,168,8,160,群益金鼎-西松,2024-08-16,9136
00679B,元大美債20年,148,0,148,群益金鼎-西松,2024-08-16,9136
00680L,元大美債20正2,136,0,136,群益金鼎-西松,2024-08-16,9136
3374,精材,140,14,126,群益金鼎-西松,2024-08-16,9136
2845,遠東銀,102,0,102,群益金鼎-西松,2024-08-16,9136
2867,三商壽,100,0,100,群益金鼎-西松,2024-08-16,9136
00945B,凱基美國非投等債,80,0,80,群益金鼎-西松,2024-08-16,9136
8028,昇陽半導體,83,9,74,群益金鼎-西松,2024-08-16,9136
00687B,國泰20年美債,75,2,73,群益金鼎-西松,2024-08-16,9136
00725B,國泰投資級公司債,67,0,67,群益金鼎-西松,2024-08-16,9136
00632R,元大台灣50反1,86,20,66,群益金鼎-西松,2024-08-16,9136
2243,宏旭-KY,60,0,60,群益金鼎-西松,2024-08-16,9136
00795B,中信美國公債20年,54,0,54,群益金鼎-西松,2024-08-16,9136
00878,國泰永續高股息,66,16,50,群益金鼎-西松,2024-08-16,9136
00929,復華台灣科技優息,56,18,38,群益金鼎-西松,2024-08-16,9136
2323,中環,53,20,33,群益金鼎-西松,2024-08-16,9136
2888,新光金,46,17,29,群益金鼎-西松,2024-08-16,9136
2365,昆盈,143,118,25,群益金鼎-西松,2024-08-16,9136
5443,均豪,66,42,24,群益金鼎-西松,2024-08-16,9136
00664R,國泰臺灣加權反1,23,0,23,群益金鼎-西松,2024-08-16,9136
00937B,群益ESG投等債20,67,44,23,群益金鼎-西松,2024-08-16,9136
00933B,國泰10Y+金融債,22,1,21,群益金鼎-西松,2024-08-16,9136
2467,志聖,23,3,20,群益金鼎-西松,2024-08-16,9136
3231,緯創,34,14,20,群益金鼎-西松,2024-08-16,9136
9945,潤泰新,30,11,19,群益金鼎-西松,2024-08-16,9136
8374,羅昇,45,27,18,群益金鼎-西松,2024-08-16,9136
3035,智原,17,1,16,群益金鼎-西松,2024-08-16,9136
8099,大世科,26,10,16,群益金鼎-西松,2024-08-16,9136
3490,單井,15,0,15,群益金鼎-西松,2024-08-16,9136
6152,百一,15,0,15,群益金鼎-西松,2024-08-16,9136
1815,富喬,14,0,14,群益金鼎-西松,2024-08-16,9136
3321,同泰,15,1,14,群益金鼎-西松,2024-08-16,9136
4432,銘旺實,18,4,14,群益金鼎-西松,2024-08-16,9136
8277,商丞,14,0,14,群益金鼎-西松,2024-08-16,9136
2392,正崴,13,1,12,群益金鼎-西松,2024-08-16,9136
2002,中鋼,12,0,12,群益金鼎-西松,2024-08-16,9136
2892,第一金,14,2,12,群益金鼎-西松,2024-08-16,9136
6556,勝品,18,7,11,群益金鼎-西松,2024-08-16,9136
8096,擎亞,30,19,11,群益金鼎-西松,2024-08-16,9136
00857B,永豐20年美公債,10,0,10,群益金鼎-西松,2024-08-16,9136
00688L,國泰20年美債正2,10,0,10,群益金鼎-西松,2024-08-16,9136
1810,和成,10,0,10,群益金鼎-西松,2024-08-16,9136
4706,大恭,13,3,10,群益金鼎-西松,2024-08-16,9136
6937,天虹,10,0,10,群益金鼎-西松,2024-08-16,9136
8069,元太,11,1,10,群益金鼎-西松,2024-08-16,9136
2511,太子,9,0,9,群益金鼎-西松,2024-08-16,9136
3211,順達,15,6,9,群益金鼎-西松,2024-08-16,9136
3479,安勤,10,1,9,群益金鼎-西松,2024-08-16,9136
00675L,富邦臺灣加權正2,8,0,8,群益金鼎-西松,2024-08-16,9136
00929,復華台灣科技優息,242,39,203,群益金鼎-西松,2024-08-19,9136
00679B,元大美債20年,172,0,172,群益金鼎-西松,2024-08-19,9136
00632R,元大台灣50反1,100,0,100,群益金鼎-西松,2024-08-19,9136
00933B,國泰10Y+金融債,82,0,82,群益金鼎-西松,2024-08-19,9136
00687B,國泰20年美債,75,2,73,群益金鼎-西松,2024-08-19,9136
00918,大華優利高填息30,73,13,60,群益金鼎-西松,2024-08-19,9136
3455,由田,60,3,57,群益金鼎-西松,2024-08-19,9136
2891,中信金,42,0,42,群益金鼎-西松,2024-08-19,9136
00713,元大台灣高息低波,33,0,33,群益金鼎-西松,2024-08-19,9136
00795B,中信美國公債20年,33,3,30,群益金鼎-西松,2024-08-19,9136
6835,圓裕,49,21,28,群益金鼎-西松,2024-08-19,9136
2881,富邦金,27,0,27,群益金鼎-西松,2024-08-19,9136
6152,百一,21,0,21,群益金鼎-西松,2024-08-19,9136
5371,中光電,26,6,20,群益金鼎-西松,2024-08-19,9136
8089,康全電訊,20,0,20,群益金鼎-西松,2024-08-19,9136
2515,中工,20,1,19,群益金鼎-西松,2024-08-19,9136
3535,晶彩科,20,2,18,群益金鼎-西松,2024-08-19,9136
4807,日成-KY,23,5,18,群益金鼎-西松,2024-08-19,9136
2354,鴻準,23,6,17,群益金鼎-西松,2024-08-19,9136
3047,訊舟,78,62,16,群益金鼎-西松,2024-08-19,9136
6133,金橋,16,0,16,群益金鼎-西松,2024-08-19,9136
2002,中鋼,15,0,15,群益金鼎-西松,2024-08-19,9136
2365,昆盈,58,43,15,群益金鼎-西松,2024-08-19,9136
2363,矽統,15,1,14,群益金鼎-西松,2024-08-19,9136
2062,橋椿,49,36,13,群益金鼎-西松,2024-08-19,9136
5880,合庫金,12,0,12,群益金鼎-西松,2024-08-19,9136
6593,台灣銘板,39,27,12,群益金鼎-西松,2024-08-19,9136
1584,精剛,16,4,12,群益金鼎-西松,2024-08-19,9136
2313,華通,11,0,11,群益金鼎-西松,2024-08-19,9136
3312,弘憶股,39,28,11,群益金鼎-西松,2024-08-19,9136
2316,楠梓電,10,0,10,群益金鼎-西松,2024-08-19,9136
1570,力肯,10,0,10,群益金鼎-西松,2024-08-19,9136
2406,國碩,10,0,10,群益金鼎-西松,2024-08-19,9136
3086,華義,10,0,10,群益金鼎-西松,2024-08-19,9136
4306,炎洲,10,0,10,群益金鼎-西松,2024-08-19,9136
6190,萬泰科,10,0,10,群益金鼎-西松,2024-08-19,9136
8105,凌巨,10,0,10,群益金鼎-西松,2024-08-19,9136
3518,柏騰,32,23,9,群益金鼎-西松,2024-08-19,9136
1815,富喬,10,1,9,群益金鼎-西松,2024-08-19,9136
4906,正文,18,9,9,群益金鼎-西松,2024-08-19,9136
8112,至上,10,1,9,群益金鼎-西松,2024-08-19,9136
8936,國統,10,1,9,群益金鼎-西松,2024-08-19,9136
3390,旭軟,10,2,8,群益金鼎-西松,2024-08-19,9136
3645,達邁,13,5,8,群益金鼎-西松,2024-08-19,9136
8438,昶昕,9,1,8,群益金鼎-西松,2024-08-19,9136
6188,廣明,47,40,7,群益金鼎-西松,2024-08-19,9136
00642U,期元大S＆P石油,8,1,7,群益金鼎-西松,2024-08-19,9136
3712,永崴投控,7,0,7,群益金鼎-西松,2024-08-19,9136
3715,定穎投控,9,2,7,群益金鼎-西松,2024-08-19,9136
4927,泰鼎-KY,8,1,7,群益金鼎-西松,2024-08-19,9136
3032,偉訓,250,10,240,群益金鼎-西松,2024-08-20,9136
2610,華航,100,1,99,群益金鼎-西松,2024-08-20,9136
3535,晶彩科,125,44,81,群益金鼎-西松,2024-08-20,9136
00642U,期元大S＆P石油,71,0,71,群益金鼎-西松,2024-08-20,9136
00687B,國泰20年美債,69,0,69,群益金鼎-西松,2024-08-20,9136
2891,中信金,58,0,58,群益金鼎-西松,2024-08-20,9136
00715L,期街口布蘭特正2,56,0,56,群益金鼎-西松,2024-08-20,9136
00937B,群益ESG投等債20,172,117,55,群益金鼎-西松,2024-08-20,9136
00665L,富邦�琤肭磪囓�2,50,0,50,群益金鼎-西松,2024-08-20,9136
00929,復華台灣科技優息,57,14,43,群益金鼎-西松,2024-08-20,9136
00679B,元大美債20年,41,0,41,群益金鼎-西松,2024-08-20,9136
3167,大量,77,41,36,群益金鼎-西松,2024-08-20,9136
00877,復華中國5G,30,0,30,群益金鼎-西松,2024-08-20,9136
00942B,台新美A公司債20+,30,0,30,群益金鼎-西松,2024-08-20,9136
1321,大洋,60,33,27,群益金鼎-西松,2024-08-20,9136
00650L,復華香港正2,25,0,25,群益金鼎-西松,2024-08-20,9136
00688L,國泰20年美債正2,24,0,24,群益金鼎-西松,2024-08-20,9136
2365,昆盈,132,108,24,群益金鼎-西松,2024-08-20,9136
8064,東捷,79,56,23,群益金鼎-西松,2024-08-20,9136
2303,聯電,30,9,21,群益金鼎-西松,2024-08-20,9136
1409,新纖,20,0,20,群益金鼎-西松,2024-08-20,9136
2892,第一金,17,0,17,群益金鼎-西松,2024-08-20,9136
3339,泰谷,20,3,17,群益金鼎-西松,2024-08-20,9136
8473,山林水,17,0,17,群益金鼎-西松,2024-08-20,9136
2374,佳能,57,41,16,群益金鼎-西松,2024-08-20,9136
00945B,凱基美國非投等債,15,0,15,群益金鼎-西松,2024-08-20,9136
2887,台新金,15,0,15,群益金鼎-西松,2024-08-20,9136
4306,炎洲,15,0,15,群益金鼎-西松,2024-08-20,9136
5230,雷笛克光學,19,4,15,群益金鼎-西松,2024-08-20,9136
6806,森崴能源,24,9,15,群益金鼎-西松,2024-08-20,9136
3652,精聯,27,14,13,群益金鼎-西松,2024-08-20,9136
1815,富喬,12,0,12,群益金鼎-西松,2024-08-20,9136
2356,英業達,81,70,11,群益金鼎-西松,2024-08-20,9136
3455,由田,25,14,11,群益金鼎-西松,2024-08-20,9136
6288,聯嘉,11,0,11,群益金鼎-西松,2024-08-20,9136
8040,九暘,15,4,11,群益金鼎-西松,2024-08-20,9136
6215,和椿,17,7,10,群益金鼎-西松,2024-08-20,9136
00664R,國泰臺灣加權反1,10,0,10,群益金鼎-西松,2024-08-20,9136
00632R,元大台灣50反1,10,0,10,群益金鼎-西松,2024-08-20,9136
2351,順德,16,6,10,群益金鼎-西松,2024-08-20,9136
00907,永豐優息存股,10,0,10,群益金鼎-西松,2024-08-20,9136
00933B,國泰10Y+金融債,13,4,9,群益金鼎-西松,2024-08-20,9136
2312,金寶,21,12,9,群益金鼎-西松,2024-08-20,9136
6706,惠特,18,9,9,群益金鼎-西松,2024-08-20,9136
9945,潤泰新,16,7,9,群益金鼎-西松,2024-08-20,9136
6188,廣明,23,14,9,群益金鼎-西松,2024-08-20,9136
1326,台化,8,0,8,群益金鼎-西松,2024-08-20,9136
2401,凌陽,10,2,8,群益金鼎-西松,2024-08-20,9136
5529,鉅陞,12,4,8,群益金鼎-西松,2024-08-20,9136
9105,泰金寶-DR,8,0,8,群益金鼎-西松,2024-08-20,9136
00953B,群益優選非投等債,585,1,584,群益金鼎-西松,2024-08-21,9136
00679B,元大美債20年,143,1,142,群益金鼎-西松,2024-08-21,9136
00632R,元大台灣50反1,190,100,90,群益金鼎-西松,2024-08-21,9136
00919,群益台灣精選高息,82,1,81,群益金鼎-西松,2024-08-21,9136
3580,友威科,108,48,60,群益金鼎-西松,2024-08-21,9136
2406,國碩,50,5,45,群益金鼎-西松,2024-08-21,9136
00940,元大台灣價值高息,42,4,38,群益金鼎-西松,2024-08-21,9136
6207,雷科,57,20,37,群益金鼎-西松,2024-08-21,9136
1409,新纖,50,21,29,群益金鼎-西松,2024-08-21,9136
0056,元大高股息,29,2,27,群益金鼎-西松,2024-08-21,9136
2887,台新金,22,0,22,群益金鼎-西松,2024-08-21,9136
2317,鴻海,34,13,21,群益金鼎-西松,2024-08-21,9136
3047,訊舟,52,33,19,群益金鼎-西松,2024-08-21,9136
00878,國泰永續高股息,20,1,19,群益金鼎-西松,2024-08-21,9136
00664R,國泰臺灣加權反1,20,2,18,群益金鼎-西松,2024-08-21,9136
3663,鑫科,37,21,16,群益金鼎-西松,2024-08-21,9136
8114,振樺電,16,0,16,群益金鼎-西松,2024-08-21,9136
2883B,凱基金乙特,15,0,15,群益金鼎-西松,2024-08-21,9136
3535,晶彩科,83,68,15,群益金鼎-西松,2024-08-21,9136
3037,欣興,15,1,14,群益金鼎-西松,2024-08-21,9136
4909,新復興,15,1,14,群益金鼎-西松,2024-08-21,9136
6546,正基,13,0,13,群益金鼎-西松,2024-08-21,9136
2524,京城,25,12,13,群益金鼎-西松,2024-08-21,9136
00713,元大台灣高息低波,14,1,13,群益金鼎-西松,2024-08-21,9136
00907,永豐優息存股,11,0,11,群益金鼎-西松,2024-08-21,9136
2330,台積電,11,1,10,群益金鼎-西松,2024-08-21,9136
00915,凱基優選高股息30,13,3,10,群益金鼎-西松,2024-08-21,9136
00918,大華優利高填息30,10,0,10,群益金鼎-西松,2024-08-21,9136
4912,聯德控股-KY,10,0,10,群益金鼎-西松,2024-08-21,9136
6104,創惟,10,0,10,群益金鼎-西松,2024-08-21,9136
6706,惠特,10,0,10,群益金鼎-西松,2024-08-21,9136
4563,百德,16,7,9,群益金鼎-西松,2024-08-21,9136
6223,旺矽,10,1,9,群益金鼎-西松,2024-08-21,9136
2891,中信金,59,51,8,群益金鼎-西松,2024-08-21,9136
00687B,國泰20年美債,13,5,8,群益金鼎-西松,2024-08-21,9136
8099,大世科,8,0,8,群益金鼎-西松,2024-08-21,9136
3712,永崴投控,8,0,8,群益金鼎-西松,2024-08-21,9136
3376,新日興,9,2,7,群益金鼎-西松,2024-08-21,9136
006208,富邦台50,8,1,7,群益金鼎-西松,2024-08-21,9136
1466,聚隆,10,3,7,群益金鼎-西松,2024-08-21,9136
2313,華通,7,0,7,群益金鼎-西松,2024-08-21,9136
6425,易發,17,10,7,群益金鼎-西松,2024-08-21,9136
6603,富強鑫,16,9,7,群益金鼎-西松,2024-08-21,9136
8054,安國,51,45,6,群益金鼎-西松,2024-08-21,9136
00715L,期街口布蘭特正2,6,0,6,群益金鼎-西松,2024-08-21,9136
2349,錸德,47,41,6,群益金鼎-西松,2024-08-21,9136
2364,倫飛,16,10,6,群益金鼎-西松,2024-08-21,9136
2509,全坤建,6,0,6,群益金鼎-西松,2024-08-21,9136
5347,世界,7,1,6,群益金鼎-西松,2024-08-21,9136
8070,長華*,6,0,6,群益金鼎-西松,2024-08-21,9136
00907,永豐優息存股,211,0,211,群益金鼎-西松,2024-08-22,9136
00795B,中信美國公債20年,167,13,154,群益金鼎-西松,2024-08-22,9136
3189,景碩,173,27,146,群益金鼎-西松,2024-08-22,9136
00687B,國泰20年美債,104,0,104,群益金鼎-西松,2024-08-22,9136
00919,群益台灣精選高息,56,3,53,群益金鼎-西松,2024-08-22,9136
00877,復華中國5G,50,0,50,群益金鼎-西松,2024-08-22,9136
00929,復華台灣科技優息,48,4,44,群益金鼎-西松,2024-08-22,9136
00715L,期街口布蘭特正2,32,1,31,群益金鼎-西松,2024-08-22,9136
00680L,元大美債20正2,30,0,30,群益金鼎-西松,2024-08-22,9136
2364,倫飛,37,7,30,群益金鼎-西松,2024-08-22,9136
3163,波若威,86,57,29,群益金鼎-西松,2024-08-22,9136
2356,英業達,28,2,26,群益金鼎-西松,2024-08-22,9136
00878,國泰永續高股息,31,5,26,群益金鼎-西松,2024-08-22,9136
2891,中信金,28,5,23,群益金鼎-西松,2024-08-22,9136
2509,全坤建,19,0,19,群益金鼎-西松,2024-08-22,9136
5371,中光電,35,17,18,群益金鼎-西松,2024-08-22,9136
2881,富邦金,17,0,17,群益金鼎-西松,2024-08-22,9136
2489,瑞軒,18,1,17,群益金鼎-西松,2024-08-22,9136
8103,瀚荃,31,16,15,群益金鼎-西松,2024-08-22,9136
00642U,期元大S＆P石油,15,0,15,群益金鼎-西松,2024-08-22,9136
2883B,凱基金乙特,15,0,15,群益金鼎-西松,2024-08-22,9136
3686,達能,15,0,15,群益金鼎-西松,2024-08-22,9136
6104,創惟,15,0,15,群益金鼎-西松,2024-08-22,9136
8096,擎亞,91,77,14,群益金鼎-西松,2024-08-22,9136
00915,凱基優選高股息30,17,4,13,群益金鼎-西松,2024-08-22,9136
1443,立益物流,50,38,12,群益金鼎-西松,2024-08-22,9136
5392,能率,12,0,12,群益金鼎-西松,2024-08-22,9136
1536,和大,12,1,11,群益金鼎-西松,2024-08-22,9136
1503,士電,13,2,11,群益金鼎-西松,2024-08-22,9136
2070,精湛,11,0,11,群益金鼎-西松,2024-08-22,9136
2349,錸德,188,177,11,群益金鼎-西松,2024-08-22,9136
6451,訊芯-KY,18,7,11,群益金鼎-西松,2024-08-22,9136
1591,駿吉-KY,10,0,10,群益金鼎-西松,2024-08-22,9136
1710,東聯,10,0,10,群益金鼎-西松,2024-08-22,9136
2062,橋椿,80,70,10,群益金鼎-西松,2024-08-22,9136
2427,三商電,10,0,10,群益金鼎-西松,2024-08-22,9136
2851,中再保,12,2,10,群益金鼎-西松,2024-08-22,9136
3048,益登,10,0,10,群益金鼎-西松,2024-08-22,9136
4714,永捷,13,3,10,群益金鼎-西松,2024-08-22,9136
4912,聯德控股-KY,12,2,10,群益金鼎-西松,2024-08-22,9136
00881,國泰台灣5G+,10,1,9,群益金鼎-西松,2024-08-22,9136
2313,華通,11,2,9,群益金鼎-西松,2024-08-22,9136
2610,華航,9,0,9,群益金鼎-西松,2024-08-22,9136
1513,中興電,18,10,8,群益金鼎-西松,2024-08-22,9136
5309,系統電,30,22,8,群益金鼎-西松,2024-08-22,9136
5469,瀚宇博,19,11,8,群益金鼎-西松,2024-08-22,9136
6126,信音,8,0,8,群益金鼎-西松,2024-08-22,9136
6125,廣運,39,32,7,群益金鼎-西松,2024-08-22,9136
2890,永豐金,7,0,7,群益金鼎-西松,2024-08-22,9136
8064,東捷,50,43,7,群益金鼎-西松,2024-08-22,9136
2330,台積電,162,10,152,群益金鼎-西松,2024-08-23,9136
00687B,國泰20年美債,133,13,120,群益金鼎-西松,2024-08-23,9136
1326,台化,77,0,77,群益金鼎-西松,2024-08-23,9136
00688L,國泰20年美債正2,70,0,70,群益金鼎-西松,2024-08-23,9136
00632R,元大台灣50反1,130,70,60,群益金鼎-西松,2024-08-23,9136
2609,陽明,48,1,47,群益金鼎-西松,2024-08-23,9136
2891,中信金,47,0,47,群益金鼎-西松,2024-08-23,9136
4502,健信,57,11,46,群益金鼎-西松,2024-08-23,9136
2356,英業達,61,16,45,群益金鼎-西松,2024-08-23,9136
3374,精材,42,4,38,群益金鼎-西松,2024-08-23,9136
00679B,元大美債20年,49,11,38,群益金鼎-西松,2024-08-23,9136
3189,景碩,42,6,36,群益金鼎-西松,2024-08-23,9136
2929,淘帝-KY,71,38,33,群益金鼎-西松,2024-08-23,9136
3652,精聯,35,3,32,群益金鼎-西松,2024-08-23,9136
4716,大立,52,21,31,群益金鼎-西松,2024-08-23,9136
00940,元大台灣價值高息,29,4,25,群益金鼎-西松,2024-08-23,9136
2377,微星,23,0,23,群益金鼎-西松,2024-08-23,9136
00929,復華台灣科技優息,29,7,22,群益金鼎-西松,2024-08-23,9136
00795B,中信美國公債20年,22,0,22,群益金鼎-西松,2024-08-23,9136
1314,中石化,32,10,22,群益金鼎-西松,2024-08-23,9136
2344,華邦電,28,7,21,群益金鼎-西松,2024-08-23,9136
1721,三晃,96,75,21,群益金鼎-西松,2024-08-23,9136
3663,鑫科,115,94,21,群益金鼎-西松,2024-08-23,9136
2845,遠東銀,21,1,20,群益金鼎-西松,2024-08-23,9136
00877,復華中國5G,20,0,20,群益金鼎-西松,2024-08-23,9136
00915,凱基優選高股息30,20,2,18,群益金鼎-西松,2024-08-23,9136
00664R,國泰臺灣加權反1,20,2,18,群益金鼎-西松,2024-08-23,9136
3167,大量,21,3,18,群益金鼎-西松,2024-08-23,9136
6133,金橋,43,27,16,群益金鼎-西松,2024-08-23,9136
2509,全坤建,17,2,15,群益金鼎-西松,2024-08-23,9136
1711,永光,24,10,14,群益金鼎-西松,2024-08-23,9136
00675L,富邦臺灣加權正2,14,1,13,群益金鼎-西松,2024-08-23,9136
3163,波若威,42,30,12,群益金鼎-西松,2024-08-23,9136
2349,錸德,70,58,12,群益金鼎-西松,2024-08-23,9136
2464,盟立,14,2,12,群益金鼎-西松,2024-08-23,9136
4903,聯光通,12,0,12,群益金鼎-西松,2024-08-23,9136
5309,系統電,22,10,12,群益金鼎-西松,2024-08-23,9136
2402,毅嘉,14,3,11,群益金鼎-西松,2024-08-23,9136
6151,晉倫,26,15,11,群益金鼎-西松,2024-08-23,9136
2101,南港,10,0,10,群益金鼎-西松,2024-08-23,9136
2371,大同,10,0,10,群益金鼎-西松,2024-08-23,9136
2883B,凱基金乙特,10,0,10,群益金鼎-西松,2024-08-23,9136
3032,偉訓,10,0,10,群益金鼎-西松,2024-08-23,9136
6198,瑞築,17,7,10,群益金鼎-西松,2024-08-23,9136
8070,長華*,18,8,10,群益金鼎-西松,2024-08-23,9136
00680L,元大美債20正2,9,0,9,群益金鼎-西松,2024-08-23,9136
1815,富喬,9,0,9,群益金鼎-西松,2024-08-23,9136
2363,矽統,8,0,8,群益金鼎-西松,2024-08-23,9136
1727,中華化,26,18,8,群益金鼎-西松,2024-08-23,9136
3580,友威科,42,34,8,群益金鼎-西松,2024-08-23,9136
2888,新光金,5813,443,5370,群益金鼎-西松,2024-08-26,9136
00937B,群益ESG投等債20,135,2,133,群益金鼎-西松,2024-08-26,9136
5443,均豪,145,32,113,群益金鼎-西松,2024-08-26,9136
4526,東台,94,5,89,群益金鼎-西松,2024-08-26,9136
2887,台新金,94,17,77,群益金鼎-西松,2024-08-26,9136
2409,友達,59,2,57,群益金鼎-西松,2024-08-26,9136
3224,三顧,50,0,50,群益金鼎-西松,2024-08-26,9136
3535,晶彩科,74,36,38,群益金鼎-西松,2024-08-26,9136
2317,鴻海,47,12,35,群益金鼎-西松,2024-08-26,9136
4906,正文,33,0,33,群益金鼎-西松,2024-08-26,9136
4167,松瑞藥,35,3,32,群益金鼎-西松,2024-08-26,9136
4958,臻鼎-KY,31,0,31,群益金鼎-西松,2024-08-26,9136
00877,復華中國5G,30,0,30,群益金鼎-西松,2024-08-26,9136
00688L,國泰20年美債正2,55,30,25,群益金鼎-西松,2024-08-26,9136
00919,群益台灣精選高息,25,1,24,群益金鼎-西松,2024-08-26,9136
00687B,國泰20年美債,25,2,23,群益金鼎-西松,2024-08-26,9136
1409,新纖,22,0,22,群益金鼎-西松,2024-08-26,9136
4976,佳凌,22,0,22,群益金鼎-西松,2024-08-26,9136
6679,鈺太,22,0,22,群益金鼎-西松,2024-08-26,9136
00679B,元大美債20年,19,0,19,群益金鼎-西松,2024-08-26,9136
2303,聯電,19,1,18,群益金鼎-西松,2024-08-26,9136
2313,華通,21,5,16,群益金鼎-西松,2024-08-26,9136
6125,廣運,40,24,16,群益金鼎-西松,2024-08-26,9136
00637L,元大滬深300正2,15,0,15,群益金鼎-西松,2024-08-26,9136
2610,華航,18,4,14,群益金鼎-西松,2024-08-26,9136
3663,鑫科,43,29,14,群益金鼎-西松,2024-08-26,9136
6143,振曜,19,5,14,群益金鼎-西松,2024-08-26,9136
6405,悅城,13,0,13,群益金鼎-西松,2024-08-26,9136
00713,元大台灣高息低波,18,6,12,群益金鼎-西松,2024-08-26,9136
00878,國泰永續高股息,22,10,12,群益金鼎-西松,2024-08-26,9136
6789,采鈺,11,1,10,群益金鼎-西松,2024-08-26,9136
6208,日揚,13,3,10,群益金鼎-西松,2024-08-26,9136
2208,台船,12,3,9,群益金鼎-西松,2024-08-26,9136
2882,國泰金,19,10,9,群益金鼎-西松,2024-08-26,9136
1513,中興電,11,2,9,群益金鼎-西松,2024-08-26,9136
4763,材料-KY,14,5,9,群益金鼎-西松,2024-08-26,9136
3049,精金,8,0,8,群益金鼎-西松,2024-08-26,9136
4562,穎漢,21,13,8,群益金鼎-西松,2024-08-26,9136
5220,萬達光電,16,8,8,群益金鼎-西松,2024-08-26,9136
6133,金橋,12,4,8,群益金鼎-西松,2024-08-26,9136
6531,愛普*,9,1,8,群益金鼎-西松,2024-08-26,9136
6451,訊芯-KY,7,0,7,群益金鼎-西松,2024-08-26,9136
2520,冠德,7,0,7,群益金鼎-西松,2024-08-26,9136
3711,日月光投控,8,1,7,群益金鼎-西松,2024-08-26,9136
8163,達方,7,0,7,群益金鼎-西松,2024-08-26,9136
2464,盟立,17,10,7,群益金鼎-西松,2024-08-26,9136
2330,台積電,7,1,6,群益金鼎-西松,2024-08-26,9136
1402,遠東新,7,1,6,群益金鼎-西松,2024-08-26,9136
6189,豐藝,6,0,6,群益金鼎-西松,2024-08-26,9136
00680L,元大美債20正2,6,0,6,群益金鼎-西松,2024-08-26,9136
2888,新光金,14029,61,13968,群益金鼎-西松,2024-08-27,9136
4510,高鋒,201,20,181,群益金鼎-西松,2024-08-27,9136
2409,友達,151,15,136,群益金鼎-西松,2024-08-27,9136
2402,毅嘉,143,10,133,群益金鼎-西松,2024-08-27,9136
2891,中信金,107,3,104,群益金鼎-西松,2024-08-27,9136
00919,群益台灣精選高息,96,0,96,群益金鼎-西松,2024-08-27,9136
1326,台化,91,24,67,群益金鼎-西松,2024-08-27,9136
3481,群創,61,6,55,群益金鼎-西松,2024-08-27,9136
00953B,群益優選非投等債,50,0,50,群益金鼎-西松,2024-08-27,9136
00679B,元大美債20年,49,5,44,群益金鼎-西松,2024-08-27,9136
5469,瀚宇博,37,0,37,群益金鼎-西松,2024-08-27,9136
00688L,國泰20年美債正2,33,0,33,群益金鼎-西松,2024-08-27,9136
00877,復華中國5G,32,0,32,群益金鼎-西松,2024-08-27,9136
3450,聯鈞,41,12,29,群益金鼎-西松,2024-08-27,9136
2356,英業達,27,0,27,群益金鼎-西松,2024-08-27,9136
00878,國泰永續高股息,27,1,26,群益金鼎-西松,2024-08-27,9136
2615,萬海,26,1,25,群益金鼎-西松,2024-08-27,9136
00929,復華台灣科技優息,21,0,21,群益金鼎-西松,2024-08-27,9136
3081,聯亞,20,0,20,群益金鼎-西松,2024-08-27,9136
6591,動力-KY,23,3,20,群益金鼎-西松,2024-08-27,9136
8039,台虹,44,27,17,群益金鼎-西松,2024-08-27,9136
6188,廣明,24,8,16,群益金鼎-西松,2024-08-27,9136
2609,陽明,16,0,16,群益金鼎-西松,2024-08-27,9136
2887,台新金,17,1,16,群益金鼎-西松,2024-08-27,9136
2367,燿華,20,4,16,群益金鼎-西松,2024-08-27,9136
2303,聯電,22,7,15,群益金鼎-西松,2024-08-27,9136
1708,東鹼,15,2,13,群益金鼎-西松,2024-08-27,9136
2882,國泰金,13,0,13,群益金鼎-西松,2024-08-27,9136
3374,精材,20,8,12,群益金鼎-西松,2024-08-27,9136
00923,群益台ESG低碳50,12,0,12,群益金鼎-西松,2024-08-27,9136
00725B,國泰投資級公司債,12,0,12,群益金鼎-西松,2024-08-27,9136
3543,州巧,12,0,12,群益金鼎-西松,2024-08-27,9136
4583,台灣精銳,12,0,12,群益金鼎-西松,2024-08-27,9136
9105,泰金寶-DR,13,1,12,群益金鼎-西松,2024-08-27,9136
3033,威健,10,0,10,群益金鼎-西松,2024-08-27,9136
1810,和成,10,0,10,群益金鼎-西松,2024-08-27,9136
3062,建漢,10,0,10,群益金鼎-西松,2024-08-27,9136
3535,晶彩科,78,68,10,群益金鼎-西松,2024-08-27,9136
4174,浩鼎,10,0,10,群益金鼎-西松,2024-08-27,9136
6799,來頡,10,0,10,群益金鼎-西松,2024-08-27,9136
8070,長華*,24,14,10,群益金鼎-西松,2024-08-27,9136
0056,元大高股息,9,0,9,群益金鼎-西松,2024-08-27,9136
1409,新纖,10,1,9,群益金鼎-西松,2024-08-27,9136
2486,一詮,11,2,9,群益金鼎-西松,2024-08-27,9136
2509,全坤建,9,0,9,群益金鼎-西松,2024-08-27,9136
5704,老爺知,50,42,8,群益金鼎-西松,2024-08-27,9136
6213,聯茂,8,1,7,群益金鼎-西松,2024-08-27,9136
00687B,國泰20年美債,27,20,7,群益金鼎-西松,2024-08-27,9136
2329,華泰,13,6,7,群益金鼎-西松,2024-08-27,9136
2880,華南金,8,1,7,群益金鼎-西松,2024-08-27,9136
2888,新光金,6497,298,6199,群益金鼎-西松,2024-08-28,9136
4510,高鋒,257,0,257,群益金鼎-西松,2024-08-28,9136
00665L,富邦�琤肭磪囓�2,160,0,160,群益金鼎-西松,2024-08-28,9136
2330,台積電,154,4,150,群益金鼎-西松,2024-08-28,9136
00753L,中信中國50正2,100,0,100,群益金鼎-西松,2024-08-28,9136
00687B,國泰20年美債,71,0,71,群益金鼎-西松,2024-08-28,9136
6139,亞翔,60,0,60,群益金鼎-西松,2024-08-28,9136
4526,東台,73,24,49,群益金鼎-西松,2024-08-28,9136
2409,友達,45,6,39,群益金鼎-西松,2024-08-28,9136
00878,國泰永續高股息,45,6,39,群益金鼎-西松,2024-08-28,9136
2891,中信金,57,21,36,群益金鼎-西松,2024-08-28,9136
6151,晉倫,37,4,33,群益金鼎-西松,2024-08-28,9136
00877,復華中國5G,40,10,30,群益金鼎-西松,2024-08-28,9136
00937B,群益ESG投等債20,104,77,27,群益金鼎-西松,2024-08-28,9136
5443,均豪,131,104,27,群益金鼎-西松,2024-08-28,9136
0056,元大高股息,27,3,24,群益金鼎-西松,2024-08-28,9136
2880,華南金,32,10,22,群益金鼎-西松,2024-08-28,9136
9958,世紀鋼,26,5,21,群益金鼎-西松,2024-08-28,9136
1326,台化,16,0,16,群益金鼎-西松,2024-08-28,9136
00929,復華台灣科技優息,40,25,15,群益金鼎-西松,2024-08-28,9136
00679B,元大美債20年,16,1,15,群益金鼎-西松,2024-08-28,9136
6431,光麗-KY,15,0,15,群益金鼎-西松,2024-08-28,9136
3163,波若威,71,56,15,群益金鼎-西松,2024-08-28,9136
4303,信立,21,8,13,群益金鼎-西松,2024-08-28,9136
00940,元大台灣價值高息,12,0,12,群益金鼎-西松,2024-08-28,9136
1708,東鹼,12,0,12,群益金鼎-西松,2024-08-28,9136
6579,研揚,12,0,12,群益金鼎-西松,2024-08-28,9136
2301,光寶科,12,1,11,群益金鼎-西松,2024-08-28,9136
2365,昆盈,75,64,11,群益金鼎-西松,2024-08-28,9136
2449,京元電子,19,8,11,群益金鼎-西松,2024-08-28,9136
2890,永豐金,11,0,11,群益金鼎-西松,2024-08-28,9136
00636,國泰中國A50,10,0,10,群益金鼎-西松,2024-08-28,9136
00724B,群益投資級金融債,10,0,10,群益金鼎-西松,2024-08-28,9136
2316,楠梓電,10,0,10,群益金鼎-西松,2024-08-28,9136
3673,TPK-KY,12,2,10,群益金鼎-西松,2024-08-28,9136
4167,松瑞藥,10,0,10,群益金鼎-西松,2024-08-28,9136
00919,群益台灣精選高息,15,5,10,群益金鼎-西松,2024-08-28,9136
3615,安可,25,16,9,群益金鼎-西松,2024-08-28,9136
4958,臻鼎-KY,11,2,9,群益金鼎-西松,2024-08-28,9136
5386,青雲,40,31,9,群益金鼎-西松,2024-08-28,9136
3450,聯鈞,28,19,9,群益金鼎-西松,2024-08-28,9136
3019,亞光,12,4,8,群益金鼎-西松,2024-08-28,9136
8099,大世科,10,2,8,群益金鼎-西松,2024-08-28,9136
8473,山林水,7,0,7,群益金鼎-西松,2024-08-28,9136
2317,鴻海,27,20,7,群益金鼎-西松,2024-08-28,9136
2363,矽統,9,2,7,群益金鼎-西松,2024-08-28,9136
00795B,中信美國公債20年,6,0,6,群益金鼎-西松,2024-08-28,9136
00891,中信關鍵半導體,6,0,6,群益金鼎-西松,2024-08-28,9136
2537,聯上發,6,0,6,群益金鼎-西松,2024-08-28,9136
2801,彰銀,6,0,6,群益金鼎-西松,2024-08-28,9136
2888,新光金,5494,24,5470,群益金鼎-西松,2024-08-29,9136
00937B,群益ESG投等債20,182,30,152,群益金鼎-西松,2024-08-29,9136
4526,東台,247,138,109,群益金鼎-西松,2024-08-29,9136
2610,華航,104,0,104,群益金鼎-西松,2024-08-29,9136
1312,國喬,100,0,100,群益金鼎-西松,2024-08-29,9136
2891,中信金,98,0,98,群益金鼎-西松,2024-08-29,9136
00959B,大華投等美債15Y+,51,0,51,群益金鼎-西松,2024-08-29,9136
00878,國泰永續高股息,66,15,51,群益金鼎-西松,2024-08-29,9136
00679B,元大美債20年,45,0,45,群益金鼎-西松,2024-08-29,9136
2406,國碩,45,0,45,群益金鼎-西松,2024-08-29,9136
3450,聯鈞,123,80,43,群益金鼎-西松,2024-08-29,9136
3481,群創,45,11,34,群益金鼎-西松,2024-08-29,9136
00919,群益台灣精選高息,48,15,33,群益金鼎-西松,2024-08-29,9136
2609,陽明,31,1,30,群益金鼎-西松,2024-08-29,9136
3058,立德,30,0,30,群益金鼎-西松,2024-08-29,9136
4510,高鋒,64,36,28,群益金鼎-西松,2024-08-29,9136
00687B,國泰20年美債,24,0,24,群益金鼎-西松,2024-08-29,9136
00795B,中信美國公債20年,22,0,22,群益金鼎-西松,2024-08-29,9136
00918,大華優利高填息30,20,0,20,群益金鼎-西松,2024-08-29,9136
00933B,國泰10Y+金融債,20,0,20,群益金鼎-西松,2024-08-29,9136
4908,前鼎,22,2,20,群益金鼎-西松,2024-08-29,9136
2317,鴻海,34,15,19,群益金鼎-西松,2024-08-29,9136
3003,健和興,20,2,18,群益金鼎-西松,2024-08-29,9136
1737,臺鹽,20,2,18,群益金鼎-西松,2024-08-29,9136
2409,友達,35,17,18,群益金鼎-西松,2024-08-29,9136
2426,鼎元,29,12,17,群益金鼎-西松,2024-08-29,9136
00715L,期街口布蘭特正2,16,0,16,群益金鼎-西松,2024-08-29,9136
2303,聯電,17,1,16,群益金鼎-西松,2024-08-29,9136
4123,晟德,16,0,16,群益金鼎-西松,2024-08-29,9136
00642U,期元大S＆P石油,15,0,15,群益金鼎-西松,2024-08-29,9136
2509,全坤建,14,0,14,群益金鼎-西松,2024-08-29,9136
6104,創惟,15,1,14,群益金鼎-西松,2024-08-29,9136
2330,台積電,31,17,14,群益金鼎-西松,2024-08-29,9136
3479,安勤,18,6,12,群益金鼎-西松,2024-08-29,9136
00929,復華台灣科技優息,16,5,11,群益金鼎-西松,2024-08-29,9136
00830,國泰費城半導體,11,0,11,群益金鼎-西松,2024-08-29,9136
00935,野村臺灣新科技50,11,0,11,群益金鼎-西松,2024-08-29,9136
3665,貿聯-KY,13,2,11,群益金鼎-西松,2024-08-29,9136
00932,兆豐永續高息等權,10,0,10,群益金鼎-西松,2024-08-29,9136
00632R,元大台灣50反1,10,0,10,群益金鼎-西松,2024-08-29,9136
00664R,國泰臺灣加權反1,30,20,10,群益金鼎-西松,2024-08-29,9136
2201,裕隆,11,1,10,群益金鼎-西松,2024-08-29,9136
2427,三商電,10,0,10,群益金鼎-西松,2024-08-29,9136
3010,華立,11,1,10,群益金鼎-西松,2024-08-29,9136
4561,健椿,32,22,10,群益金鼎-西松,2024-08-29,9136
4563,百德,12,2,10,群益金鼎-西松,2024-08-29,9136
6151,晉倫,12,2,10,群益金鼎-西松,2024-08-29,9136
2356,英業達,52,43,9,群益金鼎-西松,2024-08-29,9136
00688L,國泰20年美債正2,9,0,9,群益金鼎-西松,2024-08-29,9136
8096,擎亞,9,1,8,群益金鼎-西松,2024-08-29,9136
4927,泰鼎-KY,270,1,269,群益金鼎-西松,2024-08-30,9136
3321,同泰,151,21,130,群益金鼎-西松,2024-08-30,9136
6168,宏齊,105,1,104,群益金鼎-西松,2024-08-30,9136
2330,台積電,103,3,100,群益金鼎-西松,2024-08-30,9136
3450,聯鈞,172,85,87,群益金鼎-西松,2024-08-30,9136
00940,元大台灣價值高息,80,0,80,群益金鼎-西松,2024-08-30,9136
6139,亞翔,60,1,59,群益金鼎-西松,2024-08-30,9136
2426,鼎元,61,6,55,群益金鼎-西松,2024-08-30,9136
2801,彰銀,45,0,45,群益金鼎-西松,2024-08-30,9136
00679B,元大美債20年,42,0,42,群益金鼎-西松,2024-08-30,9136
00929,復華台灣科技優息,74,34,40,群益金鼎-西松,2024-08-30,9136
00937B,群益ESG投等債20,55,19,36,群益金鼎-西松,2024-08-30,9136
2388,威盛,42,7,35,群益金鼎-西松,2024-08-30,9136
00959B,大華投等美債15Y+,34,0,34,群益金鼎-西松,2024-08-30,9136
2340,台亞,35,3,32,群益金鼎-西松,2024-08-30,9136
00688L,國泰20年美債正2,31,0,31,群益金鼎-西松,2024-08-30,9136
00687B,國泰20年美債,31,0,31,群益金鼎-西松,2024-08-30,9136
00882,中信中國高股息,30,0,30,群益金鼎-西松,2024-08-30,9136
2323,中環,24,0,24,群益金鼎-西松,2024-08-30,9136
2014,中鴻,23,0,23,群益金鼎-西松,2024-08-30,9136
2313,華通,29,8,21,群益金鼎-西松,2024-08-30,9136
2455,全新,21,0,21,群益金鼎-西松,2024-08-30,9136
00673R,期元大S＆P原油反1,20,0,20,群益金鼎-西松,2024-08-30,9136
1312,國喬,20,0,20,群益金鼎-西松,2024-08-30,9136
9951,皇田,20,0,20,群益金鼎-西松,2024-08-30,9136
2887,台新金,20,0,20,群益金鼎-西松,2024-08-30,9136
8064,東捷,82,64,18,群益金鼎-西松,2024-08-30,9136
6658,聯策,26,8,18,群益金鼎-西松,2024-08-30,9136
00915,凱基優選高股息30,22,5,17,群益金鼎-西松,2024-08-30,9136
4171,瑞基,30,13,17,群益金鼎-西松,2024-08-30,9136
00713,元大台灣高息低波,16,1,15,群益金鼎-西松,2024-08-30,9136
00720B,元大投資級公司債,15,0,15,群益金鼎-西松,2024-08-30,9136
00753L,中信中國50正2,15,0,15,群益金鼎-西松,2024-08-30,9136
00878,國泰永續高股息,21,7,14,群益金鼎-西松,2024-08-30,9136
2618,長榮航,30,16,14,群益金鼎-西松,2024-08-30,9136
6603,富強鑫,11,0,11,群益金鼎-西松,2024-08-30,9136
2520,冠德,10,0,10,群益金鼎-西松,2024-08-30,9136
3481,群創,48,38,10,群益金鼎-西松,2024-08-30,9136
00857B,永豐20年美公債,10,0,10,群益金鼎-西松,2024-08-30,9136
2324,仁寶,10,0,10,群益金鼎-西松,2024-08-30,9136
2375,凱美,10,0,10,群益金鼎-西松,2024-08-30,9136
6488,環球晶,10,0,10,群益金鼎-西松,2024-08-30,9136
00641R,富邦日本反1,9,0,9,群益金鼎-西松,2024-08-30,9136
1711,永光,41,32,9,群益金鼎-西松,2024-08-30,9136
5234,達興材料,14,5,9,群益金鼎-西松,2024-08-30,9136
8096,擎亞,12,3,9,群益金鼎-西松,2024-08-30,9136
2367,燿華,44,35,9,群益金鼎-西松,2024-08-30,9136
2328,廣宇,8,0,8,群益金鼎-西松,2024-08-30,9136
2834,臺企銀,8,0,8,群益金鼎-西松,2024-08-30,9136
2891,中信金,8,0,8,群益金鼎-西松,2024-08-30,9136
2888,新光金,106,14,92,群益金鼎-西松,2024-09-02,9136
00665L,富邦�琤肭磪囓�2,90,0,90,群益金鼎-西松,2024-09-02,9136
00637L,元大滬深300正2,61,0,61,群益金鼎-西松,2024-09-02,9136
6139,亞翔,62,2,60,群益金鼎-西松,2024-09-02,9136
00753L,中信中國50正2,50,0,50,群益金鼎-西松,2024-09-02,9136
00642U,期元大S＆P石油,47,0,47,群益金鼎-西松,2024-09-02,9136
2308,台達電,38,3,35,群益金鼎-西松,2024-09-02,9136
00919,群益台灣精選高息,46,11,35,群益金鼎-西松,2024-09-02,9136
4927,泰鼎-KY,33,0,33,群益金鼎-西松,2024-09-02,9136
1541,錩泰,41,9,32,群益金鼎-西松,2024-09-02,9136
00946,群益科技高息成長,30,0,30,群益金鼎-西松,2024-09-02,9136
00915,凱基優選高股息30,35,9,26,群益金鼎-西松,2024-09-02,9136
00933B,國泰10Y+金融債,25,0,25,群益金鼎-西松,2024-09-02,9136
00927,群益半導體收益,25,0,25,群益金鼎-西松,2024-09-02,9136
00715L,期街口布蘭特正2,41,17,24,群益金鼎-西松,2024-09-02,9136
2363,矽統,24,0,24,群益金鼎-西松,2024-09-02,9136
2303,聯電,27,4,23,群益金鼎-西松,2024-09-02,9136
00929,復華台灣科技優息,33,12,21,群益金鼎-西松,2024-09-02,9136
6187,萬潤,31,11,20,群益金鼎-西松,2024-09-02,9136
2609,陽明,21,2,19,群益金鼎-西松,2024-09-02,9136
3224,三顧,19,0,19,群益金鼎-西松,2024-09-02,9136
3490,單井,27,9,18,群益金鼎-西松,2024-09-02,9136
4979,華星光,52,34,18,群益金鼎-西松,2024-09-02,9136
00937B,群益ESG投等債20,15,2,13,群益金鼎-西松,2024-09-02,9136
00706L,期元大S＆P日圓正2,12,0,12,群益金鼎-西松,2024-09-02,9136
00959B,大華投等美債15Y+,12,0,12,群益金鼎-西松,2024-09-02,9136
2537,聯上發,87,75,12,群益金鼎-西松,2024-09-02,9136
00795B,中信美國公債20年,11,0,11,群益金鼎-西松,2024-09-02,9136
4303,信立,17,6,11,群益金鼎-西松,2024-09-02,9136
2349,錸德,40,29,11,群益金鼎-西松,2024-09-02,9136
00932,兆豐永續高息等權,10,0,10,群益金鼎-西松,2024-09-02,9136
00877,復華中國5G,10,0,10,群益金鼎-西松,2024-09-02,9136
00636,國泰中國A50,11,1,10,群益金鼎-西松,2024-09-02,9136
1314,中石化,10,0,10,群益金鼎-西松,2024-09-02,9136
2344,華邦電,12,2,10,群益金鼎-西松,2024-09-02,9136
3673,TPK-KY,14,4,10,群益金鼎-西松,2024-09-02,9136
4714,永捷,20,10,10,群益金鼎-西松,2024-09-02,9136
4909,新復興,35,25,10,群益金鼎-西松,2024-09-02,9136
2486,一詮,17,7,10,群益金鼎-西松,2024-09-02,9136
8064,東捷,35,25,10,群益金鼎-西松,2024-09-02,9136
1815,富喬,9,0,9,群益金鼎-西松,2024-09-02,9136
2615,萬海,10,1,9,群益金鼎-西松,2024-09-02,9136
4120,友華,10,1,9,群益金鼎-西松,2024-09-02,9136
6706,惠特,88,79,9,群益金鼎-西松,2024-09-02,9136
6957,裕慶-KY,9,0,9,群益金鼎-西松,2024-09-02,9136
00679B,元大美債20年,10,1,9,群益金鼎-西松,2024-09-02,9136
1785,光洋科,17,9,8,群益金鼎-西松,2024-09-02,9136
4174,浩鼎,9,1,8,群益金鼎-西松,2024-09-02,9136
1711,永光,12,4,8,群益金鼎-西松,2024-09-02,9136
6451,訊芯-KY,11,3,8,群益金鼎-西松,2024-09-02,9136
1540,喬福,262,19,243,群益金鼎-西松,2024-09-03,9136
4562,穎漢,229,22,207,群益金鼎-西松,2024-09-03,9136
4927,泰鼎-KY,200,0,200,群益金鼎-西松,2024-09-03,9136
00919,群益台灣精選高息,135,14,121,群益金鼎-西松,2024-09-03,9136
8374,羅昇,88,0,88,群益金鼎-西松,2024-09-03,9136
00665L,富邦�琤肭磪囓�2,80,0,80,群益金鼎-西松,2024-09-03,9136
2313,華通,72,10,62,群益金鼎-西松,2024-09-03,9136
00929,復華台灣科技優息,65,11,54,群益金鼎-西松,2024-09-03,9136
2330,台積電,54,3,51,群益金鼎-西松,2024-09-03,9136
5443,均豪,76,25,51,群益金鼎-西松,2024-09-03,9136
00753L,中信中國50正2,50,0,50,群益金鼎-西松,2024-09-03,9136
2915,潤泰全,44,0,44,群益金鼎-西松,2024-09-03,9136
00878,國泰永續高股息,42,2,40,群益金鼎-西松,2024-09-03,9136
1326,台化,38,0,38,群益金鼎-西松,2024-09-03,9136
00946,群益科技高息成長,33,0,33,群益金鼎-西松,2024-09-03,9136
1506,正道,30,0,30,群益金鼎-西松,2024-09-03,9136
6535,順藥,30,0,30,群益金鼎-西松,2024-09-03,9136
00915,凱基優選高股息30,25,3,22,群益金鼎-西松,2024-09-03,9136
2891,中信金,45,24,21,群益金鼎-西松,2024-09-03,9136
2352,佳世達,22,1,21,群益金鼎-西松,2024-09-03,9136
3715,定穎投控,22,2,20,群益金鼎-西松,2024-09-03,9136
00937B,群益ESG投等債20,19,0,19,群益金鼎-西松,2024-09-03,9136
6139,亞翔,19,0,19,群益金鼎-西松,2024-09-03,9136
00713,元大台灣高息低波,17,1,16,群益金鼎-西松,2024-09-03,9136
2308,台達電,16,1,15,群益金鼎-西松,2024-09-03,9136
1717,長興,15,0,15,群益金鼎-西松,2024-09-03,9136
5398,慕康生醫,21,7,14,群益金鼎-西松,2024-09-03,9136
6187,萬潤,17,3,14,群益金鼎-西松,2024-09-03,9136
6284,佳邦,18,4,14,群益金鼎-西松,2024-09-03,9136
6405,悅城,12,0,12,群益金鼎-西松,2024-09-03,9136
00679B,元大美債20年,11,0,11,群益金鼎-西松,2024-09-03,9136
1316,上曜,11,0,11,群益金鼎-西松,2024-09-03,9136
2609,陽明,12,1,11,群益金鼎-西松,2024-09-03,9136
6213,聯茂,20,9,11,群益金鼎-西松,2024-09-03,9136
00706L,期元大S＆P日圓正2,11,0,11,群益金鼎-西松,2024-09-03,9136
00637L,元大滬深300正2,11,0,11,群益金鼎-西松,2024-09-03,9136
1815,富喬,136,125,11,群益金鼎-西松,2024-09-03,9136
2605,新興,11,0,11,群益金鼎-西松,2024-09-03,9136
3043,科風,20,9,11,群益金鼎-西松,2024-09-03,9136
4523,永彰,27,16,11,群益金鼎-西松,2024-09-03,9136
6739,竹陞科技,11,0,11,群益金鼎-西松,2024-09-03,9136
2353,宏��,11,0,11,群益金鼎-西松,2024-09-03,9136
00664R,國泰臺灣加權反1,10,0,10,群益金鼎-西松,2024-09-03,9136
1312,國喬,10,0,10,群益金鼎-西松,2024-09-03,9136
2201,裕隆,13,3,10,群益金鼎-西松,2024-09-03,9136
2485,兆赫,10,0,10,群益金鼎-西松,2024-09-03,9136
6215,和椿,41,31,10,群益金鼎-西松,2024-09-03,9136
6415,矽力*-KY,10,0,10,群益金鼎-西松,2024-09-03,9136
6603,富強鑫,14,4,10,群益金鼎-西松,2024-09-03,9136
2323,中環,9,0,9,群益金鼎-西松,2024-09-03,9136
00919,群益台灣精選高息,127,2,125,群益金鼎-西松,2024-09-04,9136
3363,上詮,149,32,117,群益金鼎-西松,2024-09-04,9136
1312,國喬,111,0,111,群益金鼎-西松,2024-09-04,9136
00878,國泰永續高股息,94,11,83,群益金鼎-西松,2024-09-04,9136
00937B,群益ESG投等債20,112,44,68,群益金鼎-西松,2024-09-04,9136
00932,兆豐永續高息等權,59,0,59,群益金鼎-西松,2024-09-04,9136
2101,南港,70,12,58,群益金鼎-西松,2024-09-04,9136
00715L,期街口布蘭特正2,55,0,55,群益金鼎-西松,2024-09-04,9136
0056,元大高股息,59,4,55,群益金鼎-西松,2024-09-04,9136
1718,中纖,50,0,50,群益金鼎-西松,2024-09-04,9136
2330,台積電,74,25,49,群益金鼎-西松,2024-09-04,9136
00713,元大台灣高息低波,59,12,47,群益金鼎-西松,2024-09-04,9136
00915,凱基優選高股息30,52,6,46,群益金鼎-西松,2024-09-04,9136
3322,建舜電,64,20,44,群益金鼎-西松,2024-09-04,9136
3481,群創,42,0,42,群益金鼎-西松,2024-09-04,9136
2344,華邦電,43,1,42,群益金鼎-西松,2024-09-04,9136
1604,聲寶,41,0,41,群益金鼎-西松,2024-09-04,9136
00712,復華富時不動產,44,5,39,群益金鼎-西松,2024-09-04,9136
00940,元大台灣價值高息,55,17,38,群益金鼎-西松,2024-09-04,9136
00642U,期元大S＆P石油,37,1,36,群益金鼎-西松,2024-09-04,9136
1303,南亞,36,2,34,群益金鼎-西松,2024-09-04,9136
1101,台泥,32,0,32,群益金鼎-西松,2024-09-04,9136
00946,群益科技高息成長,32,0,32,群益金鼎-西松,2024-09-04,9136
3037,欣興,36,6,30,群益金鼎-西松,2024-09-04,9136
2356,英業達,70,41,29,群益金鼎-西松,2024-09-04,9136
2880,華南金,29,0,29,群益金鼎-西松,2024-09-04,9136
6757,台灣虎航,28,0,28,群益金鼎-西松,2024-09-04,9136
2891,中信金,28,0,28,群益金鼎-西松,2024-09-04,9136
00900,富邦特選高股息30,27,0,27,群益金鼎-西松,2024-09-04,9136
3321,同泰,41,14,27,群益金鼎-西松,2024-09-04,9136
2332,友訊,25,0,25,群益金鼎-西松,2024-09-04,9136
006208,富邦台50,24,1,23,群益金鼎-西松,2024-09-04,9136
00930,永豐ESG低碳高息,22,0,22,群益金鼎-西松,2024-09-04,9136
00942B,台新美A公司債20+,21,0,21,群益金鼎-西松,2024-09-04,9136
3402,漢科,24,3,21,群益金鼎-西松,2024-09-04,9136
00929,復華台灣科技優息,130,112,18,群益金鼎-西松,2024-09-04,9136
00857B,永豐20年美公債,18,0,18,群益金鼎-西松,2024-09-04,9136
6706,惠特,24,7,17,群益金鼎-西松,2024-09-04,9136
00918,大華優利高填息30,23,6,17,群益金鼎-西松,2024-09-04,9136
00631L,元大台灣50正2,18,2,16,群益金鼎-西松,2024-09-04,9136
2363,矽統,19,4,15,群益金鼎-西松,2024-09-04,9136
6139,亞翔,21,8,13,群益金鼎-西松,2024-09-04,9136
00830,國泰費城半導體,13,0,13,群益金鼎-西松,2024-09-04,9136
3583,辛耘,19,6,13,群益金鼎-西松,2024-09-04,9136
00637L,元大滬深300正2,13,0,13,群益金鼎-西松,2024-09-04,9136
5538,東明-KY,13,0,13,群益金鼎-西松,2024-09-04,9136
00923,群益台ESG低碳50,12,0,12,群益金鼎-西松,2024-09-04,9136
00951,台新日本半導體,12,0,12,群益金鼎-西松,2024-09-04,9136
2883,凱基金,13,1,12,群益金鼎-西松,2024-09-04,9136
3014,聯陽,15,3,12,群益金鼎-西松,2024-09-04,9136
00919,群益台灣精選高息,233,0,233,群益金鼎-西松,2024-09-05,9136
3363,上詮,198,0,198,群益金鼎-西松,2024-09-05,9136
2317,鴻海,85,30,55,群益金鼎-西松,2024-09-05,9136
00918,大華優利高填息30,55,0,55,群益金鼎-西松,2024-09-05,9136
3321,同泰,50,4,46,群益金鼎-西松,2024-09-05,9136
6405,悅城,54,15,39,群益金鼎-西松,2024-09-05,9136
3230,錦明,98,64,34,群益金鼎-西松,2024-09-05,9136
00715L,期街口布蘭特正2,33,0,33,群益金鼎-西松,2024-09-05,9136
2002,中鋼,36,4,32,群益金鼎-西松,2024-09-05,9136
8404,百和興業-KY,33,3,30,群益金鼎-西松,2024-09-05,9136
00946,群益科技高息成長,49,20,29,群益金鼎-西松,2024-09-05,9136
3122,笙泉,43,16,27,群益金鼎-西松,2024-09-05,9136
00632R,元大台灣50反1,24,0,24,群益金鼎-西松,2024-09-05,9136
2063,世鎧,25,3,22,群益金鼎-西松,2024-09-05,9136
00915,凱基優選高股息30,21,0,21,群益金鼎-西松,2024-09-05,9136
00940,元大台灣價值高息,24,3,21,群益金鼎-西松,2024-09-05,9136
00665L,富邦�琤肭磪囓�2,20,0,20,群益金鼎-西松,2024-09-05,9136
4563,百德,40,20,20,群益金鼎-西松,2024-09-05,9136
6757,台灣虎航,20,0,20,群益金鼎-西松,2024-09-05,9136
00953B,群益優選非投等債,19,0,19,群益金鼎-西松,2024-09-05,9136
00929,復華台灣科技優息,32,13,19,群益金鼎-西松,2024-09-05,9136
2356,英業達,89,72,17,群益金鼎-西松,2024-09-05,9136
3577,泓格,21,5,16,群益金鼎-西松,2024-09-05,9136
00713,元大台灣高息低波,15,0,15,群益金鼎-西松,2024-09-05,9136
00878,國泰永續高股息,14,0,14,群益金鼎-西松,2024-09-05,9136
2486,一詮,19,5,14,群益金鼎-西松,2024-09-05,9136
1454,台富,14,0,14,群益金鼎-西松,2024-09-05,9136
8096,擎亞,22,8,14,群益金鼎-西松,2024-09-05,9136
2114,鑫永銓,19,6,13,群益金鼎-西松,2024-09-05,9136
2409,友達,16,3,13,群益金鼎-西松,2024-09-05,9136
4942,嘉彰,15,2,13,群益金鼎-西松,2024-09-05,9136
7402,邑錡,17,4,13,群益金鼎-西松,2024-09-05,9136
00951,台新日本半導體,11,0,11,群益金鼎-西松,2024-09-05,9136
2855,統一證,11,0,11,群益金鼎-西松,2024-09-05,9136
5443,均豪,42,31,11,群益金鼎-西松,2024-09-05,9136
00930,永豐ESG低碳高息,10,0,10,群益金鼎-西松,2024-09-05,9136
00921,兆豐龍頭等權重,10,0,10,群益金鼎-西松,2024-09-05,9136
1612,宏泰,10,0,10,群益金鼎-西松,2024-09-05,9136
2353,宏��,10,0,10,群益金鼎-西松,2024-09-05,9136
3607,谷崧,10,0,10,群益金鼎-西松,2024-09-05,9136
3686,達能,10,0,10,群益金鼎-西松,2024-09-05,9136
6671,三能-KY,10,0,10,群益金鼎-西松,2024-09-05,9136
2313,華通,11,2,9,群益金鼎-西松,2024-09-05,9136
3490,單井,9,0,9,群益金鼎-西松,2024-09-05,9136
5546,永固-KY,10,1,9,群益金鼎-西松,2024-09-05,9136
0056,元大高股息,11,2,9,群益金鼎-西松,2024-09-05,9136
2891,中信金,13,5,8,群益金鼎-西松,2024-09-05,9136
1338,廣華-KY,9,1,8,群益金鼎-西松,2024-09-05,9136
1445,大宇,10,2,8,群益金鼎-西松,2024-09-05,9136
2732,六角,10,2,8,群益金鼎-西松,2024-09-05,9136
3363,上詮,113,1,112,群益金鼎-西松,2024-09-06,9136
6114,久威,76,19,57,群益金鼎-西松,2024-09-06,9136
6821,聯寶,112,57,55,群益金鼎-西松,2024-09-06,9136
6757,台灣虎航,40,0,40,群益金鼎-西松,2024-09-06,9136
3071,協禧,39,0,39,群益金鼎-西松,2024-09-06,9136
00929,復華台灣科技優息,31,0,31,群益金鼎-西松,2024-09-06,9136
00919,群益台灣精選高息,37,8,29,群益金鼎-西松,2024-09-06,9136
3374,精材,39,11,28,群益金鼎-西松,2024-09-06,9136
3631,晟楠,39,12,27,群益金鼎-西松,2024-09-06,9136
2017,官田鋼,41,17,24,群益金鼎-西松,2024-09-06,9136
00715L,期街口布蘭特正2,33,10,23,群益金鼎-西松,2024-09-06,9136
00857B,永豐20年美公債,22,0,22,群益金鼎-西松,2024-09-06,9136
00918,大華優利高填息30,21,0,21,群益金鼎-西松,2024-09-06,9136
6151,晉倫,34,13,21,群益金鼎-西松,2024-09-06,9136
00930,永豐ESG低碳高息,20,0,20,群益金鼎-西松,2024-09-06,9136
2537,聯上發,20,0,20,群益金鼎-西松,2024-09-06,9136
3362,先進光,19,0,19,群益金鼎-西松,2024-09-06,9136
3207,耀勝,17,0,17,群益金鼎-西松,2024-09-06,9136
1711,永光,23,7,16,群益金鼎-西松,2024-09-06,9136
2643,捷迅,40,26,14,群益金鼎-西松,2024-09-06,9136
00946,群益科技高息成長,11,0,11,群益金鼎-西松,2024-09-06,9136
00953B,群益優選非投等債,11,0,11,群益金鼎-西松,2024-09-06,9136
1815,富喬,30,19,11,群益金鼎-西松,2024-09-06,9136
3481,群創,17,6,11,群益金鼎-西松,2024-09-06,9136
5487,通泰,14,3,11,群益金鼎-西松,2024-09-06,9136
6163,華電網,13,2,11,群益金鼎-西松,2024-09-06,9136
2489,瑞軒,14,4,10,群益金鼎-西松,2024-09-06,9136
00713,元大台灣高息低波,10,0,10,群益金鼎-西松,2024-09-06,9136
2464,盟立,36,26,10,群益金鼎-西松,2024-09-06,9136
00676R,富邦臺灣加權反1,10,0,10,群益金鼎-西松,2024-09-06,9136
2495,普安,13,3,10,群益金鼎-西松,2024-09-06,9136
3321,同泰,18,8,10,群益金鼎-西松,2024-09-06,9136
5220,萬達光電,10,0,10,群益金鼎-西松,2024-09-06,9136
00830,國泰費城半導體,15,5,10,群益金鼎-西松,2024-09-06,9136
2317,鴻海,20,10,10,群益金鼎-西松,2024-09-06,9136
2367,燿華,11,2,9,群益金鼎-西松,2024-09-06,9136
3019,亞光,29,20,9,群益金鼎-西松,2024-09-06,9136
3058,立德,31,22,9,群益金鼎-西松,2024-09-06,9136
00632R,元大台灣50反1,8,0,8,群益金鼎-西松,2024-09-06,9136
2426,鼎元,8,0,8,群益金鼎-西松,2024-09-06,9136
3031,佰鴻,8,0,8,群益金鼎-西松,2024-09-06,9136
2349,錸德,23,16,7,群益金鼎-西松,2024-09-06,9136
1591,駿吉-KY,11,4,7,群益金鼎-西松,2024-09-06,9136
3673,TPK-KY,8,1,7,群益金鼎-西松,2024-09-06,9136
3711,日月光投控,7,0,7,群益金鼎-西松,2024-09-06,9136
2002,中鋼,6,0,6,群益金鼎-西松,2024-09-06,9136
6231,系微,11,5,6,群益金鼎-西松,2024-09-06,9136
00954,中信日本半導體,6,0,6,群益金鼎-西松,2024-09-06,9136
1474,弘裕,8,2,6,群益金鼎-西松,2024-09-06,9136
2344,華邦電,7,1,6,群益金鼎-西松,2024-09-06,9136
2888,新光金,1003,22,981,群益金鼎-西松,2024-09-09,9136
00919,群益台灣精選高息,702,19,683,群益金鼎-西松,2024-09-09,9136
00933B,國泰10Y+金融債,506,5,501,群益金鼎-西松,2024-09-09,9136
3363,上詮,146,0,146,群益金鼎-西松,2024-09-09,9136
00953B,群益優選非投等債,100,2,98,群益金鼎-西松,2024-09-09,9136
2317,鴻海,99,15,84,群益金鼎-西松,2024-09-09,9136
00853B,統一美債10年Aa-,75,2,73,群益金鼎-西松,2024-09-09,9136
00688L,國泰20年美債正2,64,1,63,群益金鼎-西松,2024-09-09,9136
1785,光洋科,56,5,51,群益金鼎-西松,2024-09-09,9136
00687B,國泰20年美債,55,5,50,群益金鼎-西松,2024-09-09,9136
00915,凱基優選高股息30,54,5,49,群益金鼎-西松,2024-09-09,9136
00878,國泰永續高股息,45,0,45,群益金鼎-西松,2024-09-09,9136
2618,長榮航,45,5,40,群益金鼎-西松,2024-09-09,9136
00930,永豐ESG低碳高息,40,0,40,群益金鼎-西松,2024-09-09,9136
00715L,期街口布蘭特正2,35,0,35,群益金鼎-西松,2024-09-09,9136
3374,精材,36,4,32,群益金鼎-西松,2024-09-09,9136
3224,三顧,31,0,31,群益金鼎-西松,2024-09-09,9136
00642U,期元大S＆P石油,23,0,23,群益金鼎-西松,2024-09-09,9136
2382,廣達,26,3,23,群益金鼎-西松,2024-09-09,9136
6187,萬潤,33,11,22,群益金鼎-西松,2024-09-09,9136
6530,創威,37,15,22,群益金鼎-西松,2024-09-09,9136
0056,元大高股息,23,2,21,群益金鼎-西松,2024-09-09,9136
8996,高力,22,2,20,群益金鼎-西松,2024-09-09,9136
00918,大華優利高填息30,20,0,20,群益金鼎-西松,2024-09-09,9136
00665L,富邦�琤肭磪囓�2,20,0,20,群益金鼎-西松,2024-09-09,9136
00713,元大台灣高息低波,21,2,19,群益金鼎-西松,2024-09-09,9136
2063,世鎧,22,3,19,群益金鼎-西松,2024-09-09,9136
2881,富邦金,16,0,16,群益金鼎-西松,2024-09-09,9136
6805,富世達,27,11,16,群益金鼎-西松,2024-09-09,9136
2303,聯電,17,2,15,群益金鼎-西松,2024-09-09,9136
3715,定穎投控,24,10,14,群益金鼎-西松,2024-09-09,9136
5347,世界,25,11,14,群益金鼎-西松,2024-09-09,9136
2330,台積電,16,3,13,群益金鼎-西松,2024-09-09,9136
4977,眾達-KY,13,0,13,群益金鼎-西松,2024-09-09,9136
00830,國泰費城半導體,12,0,12,群益金鼎-西松,2024-09-09,9136
4735,豪展,11,0,11,群益金鼎-西松,2024-09-09,9136
8076,伍豐,15,5,10,群益金鼎-西松,2024-09-09,9136
00641R,富邦日本反1,10,0,10,群益金鼎-西松,2024-09-09,9136
00639,富邦深100,10,0,10,群益金鼎-西松,2024-09-09,9136
1815,富喬,20,10,10,群益金鼎-西松,2024-09-09,9136
2882,國泰金,14,4,10,群益金鼎-西松,2024-09-09,9136
8249,菱光,77,67,10,群益金鼎-西松,2024-09-09,9136
00631L,元大台灣50正2,9,0,9,群益金鼎-西松,2024-09-09,9136
00637L,元大滬深300正2,25,16,9,群益金鼎-西松,2024-09-09,9136
1605,華新,9,0,9,群益金鼎-西松,2024-09-09,9136
2367,燿華,20,11,9,群益金鼎-西松,2024-09-09,9136
2892,第一金,10,1,9,群益金鼎-西松,2024-09-09,9136
6680,鑫創電子,15,6,9,群益金鼎-西松,2024-09-09,9136
2402,毅嘉,11,3,8,群益金鼎-西松,2024-09-09,9136
2801,彰銀,8,0,8,群益金鼎-西松,2024-09-09,9136
2888,新光金,2060,12,2048,群益金鼎-西松,2024-09-10,9136
00720B,元大投資級公司債,289,0,289,群益金鼎-西松,2024-09-10,9136
00957B,兆豐US優選投等債,243,0,243,群益金鼎-西松,2024-09-10,9136
00919,群益台灣精選高息,124,0,124,群益金鼎-西松,2024-09-10,9136
00929,復華台灣科技優息,94,13,81,群益金鼎-西松,2024-09-10,9136
6114,久威,105,31,74,群益金鼎-西松,2024-09-10,9136
4102,永日,110,37,73,群益金鼎-西松,2024-09-10,9136
00878,國泰永續高股息,49,4,45,群益金鼎-西松,2024-09-10,9136
3518,柏騰,47,6,41,群益金鼎-西松,2024-09-10,9136
3056,富華新,31,0,31,群益金鼎-西松,2024-09-10,9136
00673R,期元大S＆P原油反1,30,0,30,群益金鼎-西松,2024-09-10,9136
2382,廣達,40,10,30,群益金鼎-西松,2024-09-10,9136
0056,元大高股息,29,0,29,群益金鼎-西松,2024-09-10,9136
3481,群創,37,10,27,群益金鼎-西松,2024-09-10,9136
2317,鴻海,60,33,27,群益金鼎-西松,2024-09-10,9136
8249,菱光,58,34,24,群益金鼎-西松,2024-09-10,9136
5347,世界,26,2,24,群益金鼎-西松,2024-09-10,9136
6265,方土昶,27,6,21,群益金鼎-西松,2024-09-10,9136
3631,晟楠,24,3,21,群益金鼎-西松,2024-09-10,9136
5245,智晶,28,10,18,群益金鼎-西松,2024-09-10,9136
4566,時碩工業,83,65,18,群益金鼎-西松,2024-09-10,9136
3511,矽瑪,41,24,17,群益金鼎-西松,2024-09-10,9136
00918,大華優利高填息30,17,0,17,群益金鼎-西松,2024-09-10,9136
5309,系統電,18,2,16,群益金鼎-西松,2024-09-10,9136
8433,弘帆,19,3,16,群益金鼎-西松,2024-09-10,9136
1301,台塑,15,0,15,群益金鼎-西松,2024-09-10,9136
8107,大億金茂,17,2,15,群益金鼎-西松,2024-09-10,9136
2356,英業達,56,42,14,群益金鼎-西松,2024-09-10,9136
6189,豐藝,14,0,14,群益金鼎-西松,2024-09-10,9136
6763,綠界科技*,42,28,14,群益金鼎-西松,2024-09-10,9136
00932,兆豐永續高息等權,13,0,13,群益金鼎-西松,2024-09-10,9136
2349,錸德,80,67,13,群益金鼎-西松,2024-09-10,9136
2313,華通,28,15,13,群益金鼎-西松,2024-09-10,9136
1466,聚隆,13,0,13,群益金鼎-西松,2024-09-10,9136
2002,中鋼,13,0,13,群益金鼎-西松,2024-09-10,9136
6674,鋐寶科技,13,1,12,群益金鼎-西松,2024-09-10,9136
00915,凱基優選高股息30,12,0,12,群益金鼎-西松,2024-09-10,9136
4958,臻鼎-KY,14,3,11,群益金鼎-西松,2024-09-10,9136
3362,先進光,18,8,10,群益金鼎-西松,2024-09-10,9136
00935,野村臺灣新科技50,12,2,10,群益金鼎-西松,2024-09-10,9136
2891,中信金,14,4,10,群益金鼎-西松,2024-09-10,9136
3163,波若威,33,23,10,群益金鼎-西松,2024-09-10,9136
4303,信立,10,0,10,群益金鼎-西松,2024-09-10,9136
6603,富強鑫,19,9,10,群益金鼎-西松,2024-09-10,9136
8996,高力,24,15,9,群益金鼎-西松,2024-09-10,9136
2337,旺宏,9,0,9,群益金鼎-西松,2024-09-10,9136
5206,坤悅,24,15,9,群益金鼎-西松,2024-09-10,9136
00923,群益台ESG低碳50,8,0,8,群益金鼎-西松,2024-09-10,9136
5443,均豪,32,24,8,群益金鼎-西松,2024-09-10,9136
1303,南亞,20,12,8,群益金鼎-西松,2024-09-10,9136
2888,新光金,2998,126,2872,群益金鼎-西松,2024-09-11,9136
00937B,群益ESG投等債20,143,55,88,群益金鼎-西松,2024-09-11,9136
2497,怡利電,229,164,65,群益金鼎-西松,2024-09-11,9136
00915,凱基優選高股息30,55,4,51,群益金鼎-西松,2024-09-11,9136
3224,三顧,52,2,50,群益金鼎-西松,2024-09-11,9136
3303,岱稜,61,20,41,群益金鼎-西松,2024-09-11,9136
3284,太普高,80,40,40,群益金鼎-西松,2024-09-11,9136
00957B,兆豐US優選投等債,275,240,35,群益金鼎-西松,2024-09-11,9136
00878,國泰永續高股息,35,2,33,群益金鼎-西松,2024-09-11,9136
1524,耿鼎,32,0,32,群益金鼎-西松,2024-09-11,9136
4160,訊聯基因,40,8,32,群益金鼎-西松,2024-09-11,9136
00715L,期街口布蘭特正2,31,0,31,群益金鼎-西松,2024-09-11,9136
2891,中信金,30,0,30,群益金鼎-西松,2024-09-11,9136
2913,農林,30,0,30,群益金鼎-西松,2024-09-11,9136
00642U,期元大S＆P石油,27,0,27,群益金鼎-西松,2024-09-11,9136
00687B,國泰20年美債,39,15,24,群益金鼎-西松,2024-09-11,9136
6187,萬潤,33,10,23,群益金鼎-西松,2024-09-11,9136
00949,復華日本龍頭,21,0,21,群益金鼎-西松,2024-09-11,9136
2442,新美齊,32,11,21,群益金鼎-西松,2024-09-11,9136
4566,時碩工業,42,21,21,群益金鼎-西松,2024-09-11,9136
00946,群益科技高息成長,20,0,20,群益金鼎-西松,2024-09-11,9136
1516,川飛,33,13,20,群益金鼎-西松,2024-09-11,9136
3031,佰鴻,20,0,20,群益金鼎-西松,2024-09-11,9136
3324,雙鴻,21,4,17,群益金鼎-西松,2024-09-11,9136
00725B,國泰投資級公司債,15,0,15,群益金鼎-西松,2024-09-11,9136
2883,凱基金,15,0,15,群益金鼎-西松,2024-09-11,9136
00881,國泰台灣5G+,15,1,14,群益金鼎-西松,2024-09-11,9136
2881,富邦金,13,0,13,群益金鼎-西松,2024-09-11,9136
2317,鴻海,22,11,11,群益金鼎-西松,2024-09-11,9136
00952,凱基台灣AI50,11,0,11,群益金鼎-西松,2024-09-11,9136
3518,柏騰,33,22,11,群益金鼎-西松,2024-09-11,9136
00713,元大台灣高息低波,14,3,11,群益金鼎-西松,2024-09-11,9136
00740B,富邦全球投等債,10,0,10,群益金鼎-西松,2024-09-11,9136
00933B,國泰10Y+金融債,10,0,10,群益金鼎-西松,2024-09-11,9136
2892,第一金,10,0,10,群益金鼎-西松,2024-09-11,9136
2915,潤泰全,10,0,10,群益金鼎-西松,2024-09-11,9136
3056,富華新,14,4,10,群益金鼎-西松,2024-09-11,9136
2392,正崴,15,6,9,群益金鼎-西松,2024-09-11,9136
6140,訊達,11,2,9,群益金鼎-西松,2024-09-11,9136
0056,元大高股息,9,0,9,群益金鼎-西松,2024-09-11,9136
1303,南亞,8,0,8,群益金鼎-西松,2024-09-11,9136
1314,中石化,8,0,8,群益金鼎-西松,2024-09-11,9136
00679B,元大美債20年,22,14,8,群益金鼎-西松,2024-09-11,9136
5460,同協,10,2,8,群益金鼎-西松,2024-09-11,9136
00751B,元大AAA至A公司債,7,0,7,群益金鼎-西松,2024-09-11,9136
00909,國泰數位支付服務,8,1,7,群益金鼎-西松,2024-09-11,9136
2356,英業達,7,0,7,群益金鼎-西松,2024-09-11,9136
2409,友達,10,3,7,群益金鼎-西松,2024-09-11,9136
6505,台塑化,7,0,7,群益金鼎-西松,2024-09-11,9136
6556,勝品,10,3,7,群益金鼎-西松,2024-09-11,9136
00687B,國泰20年美債,136,3,133,群益金鼎-西松,2024-09-12,9136
00918,大華優利高填息30,127,4,123,群益金鼎-西松,2024-09-12,9136
5443,均豪,150,57,93,群益金鼎-西松,2024-09-12,9136
00679B,元大美債20年,102,19,83,群益金鼎-西松,2024-09-12,9136
4979,華星光,90,16,74,群益金鼎-西松,2024-09-12,9136
2399,映泰,70,2,68,群益金鼎-西松,2024-09-12,9136
4510,高鋒,80,21,59,群益金鼎-西松,2024-09-12,9136
6104,創惟,62,19,43,群益金鼎-西松,2024-09-12,9136
00915,凱基優選高股息30,42,0,42,群益金鼎-西松,2024-09-12,9136
00632R,元大台灣50反1,40,0,40,群益金鼎-西松,2024-09-12,9136
2301,光寶科,40,3,37,群益金鼎-西松,2024-09-12,9136
2388,威盛,39,5,34,群益金鼎-西松,2024-09-12,9136
2303,聯電,40,7,33,群益金鼎-西松,2024-09-12,9136
6187,萬潤,47,15,32,群益金鼎-西松,2024-09-12,9136
3607,谷崧,52,20,32,群益金鼎-西松,2024-09-12,9136
3374,精材,35,4,31,群益金鼎-西松,2024-09-12,9136
00665L,富邦�琤肭磪囓�2,50,20,30,群益金鼎-西松,2024-09-12,9136
00717,富邦美國特別股,27,0,27,群益金鼎-西松,2024-09-12,9136
6859,伯特光,27,4,23,群益金鼎-西松,2024-09-12,9136
3481,群創,46,24,22,群益金鼎-西松,2024-09-12,9136
6133,金橋,26,4,22,群益金鼎-西松,2024-09-12,9136
2867,三商壽,20,0,20,群益金鼎-西松,2024-09-12,9136
3623,富晶通,52,33,19,群益金鼎-西松,2024-09-12,9136
00715L,期街口布蘭特正2,30,12,18,群益金鼎-西松,2024-09-12,9136
2891,中信金,17,0,17,群益金鼎-西松,2024-09-12,9136
3580,友威科,17,0,17,群益金鼎-西松,2024-09-12,9136
4807,日成-KY,20,4,16,群益金鼎-西松,2024-09-12,9136
2618,長榮航,21,6,15,群益金鼎-西松,2024-09-12,9136
5392,能率,14,0,14,群益金鼎-西松,2024-09-12,9136
2915,潤泰全,14,1,13,群益金鼎-西松,2024-09-12,9136
3303,岱稜,35,22,13,群益金鼎-西松,2024-09-12,9136
1810,和成,17,5,12,群益金鼎-西松,2024-09-12,9136
3094,聯傑,11,0,11,群益金鼎-西松,2024-09-12,9136
3231,緯創,17,6,11,群益金鼎-西松,2024-09-12,9136
00933B,國泰10Y+金融債,25,15,10,群益金鼎-西松,2024-09-12,9136
2427,三商電,10,0,10,群益金鼎-西松,2024-09-12,9136
3224,三顧,11,1,10,群益金鼎-西松,2024-09-12,9136
6442,光聖,13,3,10,群益金鼎-西松,2024-09-12,9136
6499,益安,53,43,10,群益金鼎-西松,2024-09-12,9136
00959B,大華投等美債15Y+,10,1,9,群益金鼎-西松,2024-09-12,9136
4561,健椿,13,5,8,群益金鼎-西松,2024-09-12,9136
8249,菱光,35,27,8,群益金鼎-西松,2024-09-12,9136
2888,新光金,56,48,8,群益金鼎-西松,2024-09-12,9136
6245,立端,7,0,7,群益金鼎-西松,2024-09-12,9136
3363,上詮,15,8,7,群益金鼎-西松,2024-09-12,9136
4564,元翎,7,0,7,群益金鼎-西松,2024-09-12,9136
6432,今展科,8,1,7,群益金鼎-西松,2024-09-12,9136
6739,竹陞科技,7,0,7,群益金鼎-西松,2024-09-12,9136
8032,光菱,7,0,7,群益金鼎-西松,2024-09-12,9136
00676R,富邦臺灣加權反1,6,0,6,群益金鼎-西松,2024-09-12,9136
8249,菱光,295,17,278,群益金鼎-西松,2024-09-13,9136
2070,精湛,188,17,171,群益金鼎-西松,2024-09-13,9136
00795B,中信美國公債20年,68,0,68,群益金鼎-西松,2024-09-13,9136
4571,鈞興-KY,63,4,59,群益金鼎-西松,2024-09-13,9136
3032,偉訓,53,1,52,群益金鼎-西松,2024-09-13,9136
8039,台虹,56,5,51,群益金鼎-西松,2024-09-13,9136
2399,映泰,83,39,44,群益金鼎-西松,2024-09-13,9136
00930,永豐ESG低碳高息,41,2,39,群益金鼎-西松,2024-09-13,9136
2891,中信金,38,1,37,群益金鼎-西松,2024-09-13,9136
00915,凱基優選高股息30,26,0,26,群益金鼎-西松,2024-09-13,9136
4979,華星光,61,35,26,群益金鼎-西松,2024-09-13,9136
00929,復華台灣科技優息,36,13,23,群益金鼎-西松,2024-09-13,9136
00919,群益台灣精選高息,32,10,22,群益金鼎-西松,2024-09-13,9136
00905,FT臺灣Smart,20,0,20,群益金鼎-西松,2024-09-13,9136
00877,復華中國5G,20,0,20,群益金鼎-西松,2024-09-13,9136
1307,三芳,20,0,20,群益金鼎-西松,2024-09-13,9136
3013,晟銘電,44,24,20,群益金鼎-西松,2024-09-13,9136
3167,大量,35,16,19,群益金鼎-西松,2024-09-13,9136
00715L,期街口布蘭特正2,16,0,16,群益金鼎-西松,2024-09-13,9136
00948B,中信優息投資級債,16,0,16,群益金鼎-西松,2024-09-13,9136
2356,英業達,37,22,15,群益金鼎-西松,2024-09-13,9136
1524,耿鼎,14,0,14,群益金鼎-西松,2024-09-13,9136
3706,神達,16,2,14,群益金鼎-西松,2024-09-13,9136
4535,至興,14,0,14,群益金鼎-西松,2024-09-13,9136
2365,昆盈,22,9,13,群益金鼎-西松,2024-09-13,9136
2371,大同,23,10,13,群益金鼎-西松,2024-09-13,9136
00679B,元大美債20年,11,0,11,群益金鼎-西松,2024-09-13,9136
3324,雙鴻,12,2,10,群益金鼎-西松,2024-09-13,9136
00933B,國泰10Y+金融債,10,0,10,群益金鼎-西松,2024-09-13,9136
3686,達能,10,0,10,群益金鼎-西松,2024-09-13,9136
3716,中化控股,10,0,10,群益金鼎-西松,2024-09-13,9136
5439,高技,10,0,10,群益金鼎-西松,2024-09-13,9136
6214,精誠,10,0,10,群益金鼎-西松,2024-09-13,9136
2409,友達,10,1,9,群益金鼎-西松,2024-09-13,9136
4562,穎漢,11,2,9,群益金鼎-西松,2024-09-13,9136
6739,竹陞科技,9,0,9,群益金鼎-西松,2024-09-13,9136
6763,綠界科技*,12,3,9,群益金鼎-西松,2024-09-13,9136
2014,中鴻,8,0,8,群益金鼎-西松,2024-09-13,9136
3483,力致,9,1,8,群益金鼎-西松,2024-09-13,9136
4763,材料-KY,8,1,7,群益金鼎-西松,2024-09-13,9136
00947,台新臺灣IC設計,7,0,7,群益金鼎-西松,2024-09-13,9136
4956,光鋐,15,8,7,群益金鼎-西松,2024-09-13,9136
8996,高力,10,4,6,群益金鼎-西松,2024-09-13,9136
2383,台光電,6,0,6,群益金鼎-西松,2024-09-13,9136
2509,全坤建,6,0,6,群益金鼎-西松,2024-09-13,9136
3581,博磊,8,2,6,群益金鼎-西松,2024-09-13,9136
6142,友勁,6,0,6,群益金鼎-西松,2024-09-13,9136
2406,國碩,10,5,5,群益金鼎-西松,2024-09-13,9136
00752,中信中國50,5,0,5,群益金鼎-西松,2024-09-13,9136
00773B,中信優先金融債,5,0,5,群益金鼎-西松,2024-09-13,9136
00937B,群益ESG投等債20,329,25,304,群益金鼎-西松,2024-09-16,9136
8249,菱光,203,8,195,群益金鼎-西松,2024-09-16,9136
2477,美隆電,184,5,179,群益金鼎-西松,2024-09-16,9136
8032,光菱,173,30,143,群益金鼎-西松,2024-09-16,9136
00795B,中信美國公債20年,95,0,95,群益金鼎-西松,2024-09-16,9136
1785,光洋科,98,31,67,群益金鼎-西松,2024-09-16,9136
00688L,國泰20年美債正2,60,0,60,群益金鼎-西松,2024-09-16,9136
2101,南港,50,0,50,群益金鼎-西松,2024-09-16,9136
2528,皇普,50,0,50,群益金鼎-西松,2024-09-16,9136
6443,元晶,40,0,40,群益金鼎-西松,2024-09-16,9136
3049,精金,39,0,39,群益金鼎-西松,2024-09-16,9136
00933B,國泰10Y+金融債,38,0,38,群益金鼎-西松,2024-09-16,9136
2408,南亞科,38,0,38,群益金鼎-西松,2024-09-16,9136
3167,大量,51,13,38,群益金鼎-西松,2024-09-16,9136
3224,三顧,36,0,36,群益金鼎-西松,2024-09-16,9136
2201,裕隆,33,1,32,群益金鼎-西松,2024-09-16,9136
2303,聯電,32,0,32,群益金鼎-西松,2024-09-16,9136
00857B,永豐20年美公債,28,0,28,群益金鼎-西松,2024-09-16,9136
00713,元大台灣高息低波,28,1,27,群益金鼎-西松,2024-09-16,9136
1314,中石化,33,7,26,群益金鼎-西松,2024-09-16,9136
1584,精剛,32,10,22,群益金鼎-西松,2024-09-16,9136
2516,新建,20,0,20,群益金鼎-西松,2024-09-16,9136
00679B,元大美債20年,30,11,19,群益金鼎-西松,2024-09-16,9136
6163,華電網,19,0,19,群益金鼎-西松,2024-09-16,9136
1539,巨庭,18,0,18,群益金鼎-西松,2024-09-16,9136
2431,聯昌,17,0,17,群益金鼎-西松,2024-09-16,9136
00929,復華台灣科技優息,20,3,17,群益金鼎-西松,2024-09-16,9136
2891,中信金,21,5,16,群益金鼎-西松,2024-09-16,9136
8107,大億金茂,16,0,16,群益金鼎-西松,2024-09-16,9136
6187,萬潤,39,24,15,群益金鼎-西松,2024-09-16,9136
3576,聯合再生,15,0,15,群益金鼎-西松,2024-09-16,9136
6134,萬旭,21,6,15,群益金鼎-西松,2024-09-16,9136
00953B,群益優選非投等債,13,0,13,群益金鼎-西松,2024-09-16,9136
3360,尚立,29,16,13,群益金鼎-西松,2024-09-16,9136
2070,精湛,28,16,12,群益金鼎-西松,2024-09-16,9136
3706,神達,15,3,12,群益金鼎-西松,2024-09-16,9136
6706,惠特,49,37,12,群益金鼎-西松,2024-09-16,9136
3062,建漢,60,49,11,群益金鼎-西松,2024-09-16,9136
5230,雷笛克光學,30,19,11,群益金鼎-西松,2024-09-16,9136
6546,正基,14,3,11,群益金鼎-西松,2024-09-16,9136
00641R,富邦日本反1,10,0,10,群益金鼎-西松,2024-09-16,9136
3188,鑫龍騰,11,1,10,群益金鼎-西松,2024-09-16,9136
5460,同協,25,15,10,群益金鼎-西松,2024-09-16,9136
6138,茂達,12,2,10,群益金鼎-西松,2024-09-16,9136
00919,群益台灣精選高息,11,2,9,群益金鼎-西松,2024-09-16,9136
3040,遠見,10,1,9,群益金鼎-西松,2024-09-16,9136
6274,台燿,17,8,9,群益金鼎-西松,2024-09-16,9136
2382,廣達,12,4,8,群益金鼎-西松,2024-09-16,9136
3563,牧德,8,0,8,群益金鼎-西松,2024-09-16,9136
6655,科定,8,0,8,群益金鼎-西松,2024-09-16,9136
00680L,元大美債20正2,325,7,318,群益金鼎-西松,2024-09-18,9136
00918,大華優利高填息30,221,0,221,群益金鼎-西松,2024-09-18,9136
1442,名軒,140,1,139,群益金鼎-西松,2024-09-18,9136
8032,光菱,100,0,100,群益金鼎-西松,2024-09-18,9136
00929,復華台灣科技優息,78,0,78,群益金鼎-西松,2024-09-18,9136
5234,達興材料,71,1,70,群益金鼎-西松,2024-09-18,9136
00878,國泰永續高股息,63,0,63,群益金鼎-西松,2024-09-18,9136
2913,農林,60,0,60,群益金鼎-西松,2024-09-18,9136
3481,群創,55,0,55,群益金鼎-西松,2024-09-18,9136
00688L,國泰20年美債正2,53,0,53,群益金鼎-西松,2024-09-18,9136
2888,新光金,116,70,46,群益金鼎-西松,2024-09-18,9136
00713,元大台灣高息低波,51,7,44,群益金鼎-西松,2024-09-18,9136
4979,華星光,65,23,42,群益金鼎-西松,2024-09-18,9136
00720B,元大投資級公司債,40,0,40,群益金鼎-西松,2024-09-18,9136
00919,群益台灣精選高息,45,10,35,群益金鼎-西松,2024-09-18,9136
2528,皇普,34,0,34,群益金鼎-西松,2024-09-18,9136
3583,辛耘,36,2,34,群益金鼎-西松,2024-09-18,9136
2070,精湛,45,12,33,群益金鼎-西松,2024-09-18,9136
2313,華通,34,3,31,群益金鼎-西松,2024-09-18,9136
2356,英業達,63,32,31,群益金鼎-西松,2024-09-18,9136
00915,凱基優選高股息30,41,11,30,群益金鼎-西松,2024-09-18,9136
00948B,中信優息投資級債,30,0,30,群益金鼎-西松,2024-09-18,9136
00937B,群益ESG投等債20,140,111,29,群益金鼎-西松,2024-09-18,9136
5243,乙盛-KY,29,0,29,群益金鼎-西松,2024-09-18,9136
3354,律勝,27,0,27,群益金鼎-西松,2024-09-18,9136
5438,東友,46,19,27,群益金鼎-西松,2024-09-18,9136
2317,鴻海,39,13,26,群益金鼎-西松,2024-09-18,9136
3550,聯穎,54,29,25,群益金鼎-西松,2024-09-18,9136
3044,健鼎,24,0,24,群益金鼎-西松,2024-09-18,9136
00763U,期街口道瓊銅,20,0,20,群益金鼎-西松,2024-09-18,9136
00877,復華中國5G,20,0,20,群益金鼎-西松,2024-09-18,9136
2442,新美齊,20,0,20,群益金鼎-西松,2024-09-18,9136
3704,合勤控,20,0,20,群益金鼎-西松,2024-09-18,9136
4542,科嶠,27,7,20,群益金鼎-西松,2024-09-18,9136
2834,臺企銀,21,2,19,群益金鼎-西松,2024-09-18,9136
6869,雲豹能源,20,1,19,群益金鼎-西松,2024-09-18,9136
8069,元太,30,11,19,群益金鼎-西松,2024-09-18,9136
1528,恩德,18,0,18,群益金鼎-西松,2024-09-18,9136
6706,惠特,41,23,18,群益金鼎-西松,2024-09-18,9136
1727,中華化,89,72,17,群益金鼎-西松,2024-09-18,9136
0056,元大高股息,17,0,17,群益金鼎-西松,2024-09-18,9136
00949,復華日本龍頭,20,4,16,群益金鼎-西松,2024-09-18,9136
2385,群光,15,0,15,群益金鼎-西松,2024-09-18,9136
00891,中信關鍵半導體,15,0,15,群益金鼎-西松,2024-09-18,9136
6806,森崴能源,16,1,15,群益金鼎-西松,2024-09-18,9136
2881,富邦金,18,4,14,群益金鼎-西松,2024-09-18,9136
3479,安勤,28,14,14,群益金鼎-西松,2024-09-18,9136
00679B,元大美債20年,17,4,13,群益金鼎-西松,2024-09-18,9136
2882,國泰金,15,2,13,群益金鼎-西松,2024-09-18,9136
3605,宏致,24,11,13,群益金鼎-西松,2024-09-18,9136
00919,群益台灣精選高息,274,0,274,群益金鼎-西松,2024-09-19,9136
5443,均豪,133,28,105,群益金鼎-西松,2024-09-19,9136
00945B,凱基美國非投等債,100,0,100,群益金鼎-西松,2024-09-19,9136
2845,遠東銀,100,0,100,群益金鼎-西松,2024-09-19,9136
00687B,國泰20年美債,94,3,91,群益金鼎-西松,2024-09-19,9136
00915,凱基優選高股息30,74,5,69,群益金鼎-西松,2024-09-19,9136
2388,威盛,59,4,55,群益金鼎-西松,2024-09-19,9136
2889,國票金,55,0,55,群益金鼎-西松,2024-09-19,9136
00632R,元大台灣50反1,54,0,54,群益金鼎-西松,2024-09-19,9136
00957B,兆豐US優選投等債,292,240,52,群益金鼎-西松,2024-09-19,9136
00753L,中信中國50正2,50,0,50,群益金鼎-西松,2024-09-19,9136
4714,永捷,50,0,50,群益金鼎-西松,2024-09-19,9136
1785,光洋科,84,39,45,群益金鼎-西松,2024-09-19,9136
2442,新美齊,40,0,40,群益金鼎-西松,2024-09-19,9136
00688L,國泰20年美債正2,37,0,37,群益金鼎-西松,2024-09-19,9136
00679B,元大美債20年,26,0,26,群益金鼎-西松,2024-09-19,9136
2891,中信金,49,25,24,群益金鼎-西松,2024-09-19,9136
00929,復華台灣科技優息,33,10,23,群益金鼎-西松,2024-09-19,9136
00713,元大台灣高息低波,26,3,23,群益金鼎-西松,2024-09-19,9136
3704,合勤控,20,0,20,群益金鼎-西松,2024-09-19,9136
4561,健椿,27,7,20,群益金鼎-西松,2024-09-19,9136
2317,鴻海,24,6,18,群益金鼎-西松,2024-09-19,9136
4755,三福化,17,0,17,群益金鼎-西松,2024-09-19,9136
2399,映泰,53,36,17,群益金鼎-西松,2024-09-19,9136
2528,皇普,16,0,16,群益金鼎-西松,2024-09-19,9136
4903,聯光通,40,24,16,群益金鼎-西松,2024-09-19,9136
8049,晶采,14,0,14,群益金鼎-西松,2024-09-19,9136
5483,中美晶,13,0,13,群益金鼎-西松,2024-09-19,9136
2070,精湛,42,30,12,群益金鼎-西松,2024-09-19,9136
4163,鐿鈦,12,0,12,群益金鼎-西松,2024-09-19,9136
6151,晉倫,12,0,12,群益金鼎-西松,2024-09-19,9136
1307,三芳,10,0,10,群益金鼎-西松,2024-09-19,9136
1524,耿鼎,11,1,10,群益金鼎-西松,2024-09-19,9136
2312,金寶,12,2,10,群益金鼎-西松,2024-09-19,9136
2316,楠梓電,10,0,10,群益金鼎-西松,2024-09-19,9136
3715,定穎投控,10,0,10,群益金鼎-西松,2024-09-19,9136
8071,能率網通,14,4,10,群益金鼎-西松,2024-09-19,9136
3702,大聯大,10,1,9,群益金鼎-西松,2024-09-19,9136
6285,啟��,9,0,9,群益金鼎-西松,2024-09-19,9136
00795B,中信美國公債20年,8,0,8,群益金鼎-西松,2024-09-19,9136
00952,凱基台灣AI50,10,2,8,群益金鼎-西松,2024-09-19,9136
2425,承啟,9,1,8,群益金鼎-西松,2024-09-19,9136
6187,萬潤,10,2,8,群益金鼎-西松,2024-09-19,9136
6415,矽力*-KY,11,3,8,群益金鼎-西松,2024-09-19,9136
00878,國泰永續高股息,8,0,8,群益金鼎-西松,2024-09-19,9136
00947,台新臺灣IC設計,9,2,7,群益金鼎-西松,2024-09-19,9136
3081,聯亞,7,0,7,群益金鼎-西松,2024-09-19,9136
4572,駐龍,16,9,7,群益金鼎-西松,2024-09-19,9136
6859,伯特光,7,0,7,群益金鼎-西松,2024-09-19,9136
8076,伍豐,7,0,7,群益金鼎-西松,2024-09-19,9136
00930,永豐ESG低碳高息,76,0,76,群益金鼎-西松,2024-09-20,9136
00720B,元大投資級公司債,71,0,71,群益金鼎-西松,2024-09-20,9136
6288,聯嘉,70,0,70,群益金鼎-西松,2024-09-20,9136
3689,湧德,90,26,64,群益金鼎-西松,2024-09-20,9136
00958B,永豐ESG銀行債15,61,0,61,群益金鼎-西松,2024-09-20,9136
4939,亞電,54,9,45,群益金鼎-西松,2024-09-20,9136
3224,三顧,43,0,43,群益金鼎-西松,2024-09-20,9136
00650L,復華香港正2,40,7,33,群益金鼎-西松,2024-09-20,9136
00915,凱基優選高股息30,61,29,32,群益金鼎-西松,2024-09-20,9136
00877,復華中國5G,30,0,30,群益金鼎-西松,2024-09-20,9136
6743,安普新,30,0,30,群益金鼎-西松,2024-09-20,9136
00688L,國泰20年美債正2,31,3,28,群益金鼎-西松,2024-09-20,9136
00687B,國泰20年美債,75,47,28,群益金鼎-西松,2024-09-20,9136
2605,新興,26,0,26,群益金鼎-西松,2024-09-20,9136
5522,遠雄,37,14,23,群益金鼎-西松,2024-09-20,9136
2882,國泰金,33,11,22,群益金鼎-西松,2024-09-20,9136
4906,正文,22,0,22,群益金鼎-西松,2024-09-20,9136
3583,辛耘,27,5,22,群益金鼎-西松,2024-09-20,9136
2417,圓剛,21,0,21,群益金鼎-西松,2024-09-20,9136
8462,柏文,58,37,21,群益金鼎-西松,2024-09-20,9136
2545,皇翔,42,22,20,群益金鼎-西松,2024-09-20,9136
3232,昱捷,20,0,20,群益金鼎-西松,2024-09-20,9136
1314,中石化,45,26,19,群益金鼎-西松,2024-09-20,9136
3044,健鼎,19,0,19,群益金鼎-西松,2024-09-20,9136
5228,鈺鎧,19,0,19,群益金鼎-西松,2024-09-20,9136
00715L,期街口布蘭特正2,20,1,19,群益金鼎-西松,2024-09-20,9136
3056,富華新,36,17,19,群益金鼎-西松,2024-09-20,9136
2509,全坤建,19,1,18,群益金鼎-西松,2024-09-20,9136
2596,綠意,32,15,17,群益金鼎-西松,2024-09-20,9136
3040,遠見,24,7,17,群益金鼎-西松,2024-09-20,9136
6770,力積電,21,4,17,群益金鼎-西松,2024-09-20,9136
4306,炎洲,21,5,16,群益金鼎-西松,2024-09-20,9136
2542,興富發,40,24,16,群益金鼎-西松,2024-09-20,9136
6246,臺龍,23,7,16,群益金鼎-西松,2024-09-20,9136
6691,洋基工程,16,0,16,群益金鼎-西松,2024-09-20,9136
4919,新唐,15,0,15,群益金鼎-西松,2024-09-20,9136
1721,三晃,34,20,14,群益金鼎-西松,2024-09-20,9136
8074,鉅橡,20,6,14,群益金鼎-西松,2024-09-20,9136
1569,濱川,14,2,12,群益金鼎-西松,2024-09-20,9136
9958,世紀鋼,37,25,12,群益金鼎-西松,2024-09-20,9136
2520,冠德,20,9,11,群益金鼎-西松,2024-09-20,9136
1472,三洋實業,11,0,11,群益金鼎-西松,2024-09-20,9136
3430,奇鈦科,31,20,11,群益金鼎-西松,2024-09-20,9136
6117,迎廣,24,13,11,群益金鼎-西松,2024-09-20,9136
6706,惠特,23,12,11,群益金鼎-西松,2024-09-20,9136
3169,亞信,14,4,10,群益金鼎-西松,2024-09-20,9136
3707,漢磊,10,0,10,群益金鼎-西松,2024-09-20,9136
00637L,元大滬深300正2,11,1,10,群益金鼎-西松,2024-09-20,9136
00932,兆豐永續高息等權,10,0,10,群益金鼎-西松,2024-09-20,9136
2485,兆赫,10,0,10,群益金鼎-西松,2024-09-20,9136
00937B,群益ESG投等債20,414,0,414,群益金鼎-西松,2024-09-23,9136
00919,群益台灣精選高息,98,18,80,群益金鼎-西松,2024-09-23,9136
4979,華星光,63,6,57,群益金鼎-西松,2024-09-23,9136
00881,國泰台灣5G+,50,0,50,群益金鼎-西松,2024-09-23,9136
3711,日月光投控,38,2,36,群益金鼎-西松,2024-09-23,9136
1503,士電,38,2,36,群益金鼎-西松,2024-09-23,9136
2464,盟立,50,18,32,群益金鼎-西松,2024-09-23,9136
2409,友達,32,2,30,群益金鼎-西松,2024-09-23,9136
4538,大詠城,42,14,28,群益金鼎-西松,2024-09-23,9136
8064,東捷,30,3,27,群益金鼎-西松,2024-09-23,9136
3056,富華新,28,3,25,群益金鼎-西松,2024-09-23,9136
6431,光麗-KY,24,0,24,群益金鼎-西松,2024-09-23,9136
1314,中石化,24,2,22,群益金鼎-西松,2024-09-23,9136
2545,皇翔,22,0,22,群益金鼎-西松,2024-09-23,9136
5522,遠雄,21,0,21,群益金鼎-西松,2024-09-23,9136
00934,中信成長高股息,20,0,20,群益金鼎-西松,2024-09-23,9136
3689,湧德,50,30,20,群益金鼎-西松,2024-09-23,9136
2371,大同,25,6,19,群益金鼎-西松,2024-09-23,9136
1711,永光,30,12,18,群益金鼎-西松,2024-09-23,9136
00688L,國泰20年美債正2,17,0,17,群益金鼎-西松,2024-09-23,9136
3550,聯穎,18,1,17,群益金鼎-西松,2024-09-23,9136
6443,元晶,17,0,17,群益金鼎-西松,2024-09-23,9136
00713,元大台灣高息低波,16,0,16,群益金鼎-西松,2024-09-23,9136
2363,矽統,15,0,15,群益金鼎-西松,2024-09-23,9136
9938,百和,24,10,14,群益金鼎-西松,2024-09-23,9136
00687B,國泰20年美債,46,32,14,群益金鼎-西松,2024-09-23,9136
4563,百德,15,2,13,群益金鼎-西松,2024-09-23,9136
3518,柏騰,13,0,13,群益金鼎-西松,2024-09-23,9136
3628,盈正,13,0,13,群益金鼎-西松,2024-09-23,9136
00915,凱基優選高股息30,19,6,13,群益金鼎-西松,2024-09-23,9136
00878,國泰永續高股息,26,14,12,群益金鼎-西松,2024-09-23,9136
00679B,元大美債20年,17,5,12,群益金鼎-西松,2024-09-23,9136
3714,富采,14,3,11,群益金鼎-西松,2024-09-23,9136
3062,建漢,15,4,11,群益金鼎-西松,2024-09-23,9136
0056,元大高股息,12,2,10,群益金鼎-西松,2024-09-23,9136
3533,嘉澤,10,0,10,群益金鼎-西松,2024-09-23,9136
00751B,元大AAA至A公司債,10,0,10,群益金鼎-西松,2024-09-23,9136
00942B,台新美A公司債20+,10,0,10,群益金鼎-西松,2024-09-23,9136
00948B,中信優息投資級債,10,0,10,群益金鼎-西松,2024-09-23,9136
00958B,永豐ESG銀行債15,10,0,10,群益金鼎-西松,2024-09-23,9136
2349,錸德,73,63,10,群益金鼎-西松,2024-09-23,9136
4903,聯光通,21,11,10,群益金鼎-西松,2024-09-23,9136
6288,聯嘉,10,0,10,群益金鼎-西松,2024-09-23,9136
00715L,期街口布蘭特正2,10,0,10,群益金鼎-西松,2024-09-23,9136
6799,來頡,20,10,10,群益金鼎-西松,2024-09-23,9136
1527,鑽全,9,0,9,群益金鼎-西松,2024-09-23,9136
1589,永冠-KY,9,0,9,群益金鼎-西松,2024-09-23,9136
2618,長榮航,15,6,9,群益金鼎-西松,2024-09-23,9136
2718,全心投控,45,36,9,群益金鼎-西松,2024-09-23,9136
1539,巨庭,12,4,8,群益金鼎-西松,2024-09-23,9136
2542,興富發,143,16,127,群益金鼎-西松,2024-09-24,9136
00919,群益台灣精選高息,104,2,102,群益金鼎-西松,2024-09-24,9136
4113,聯上,96,1,95,群益金鼎-西松,2024-09-24,9136
2455,全新,108,14,94,群益金鼎-西松,2024-09-24,9136
00687B,國泰20年美債,82,4,78,群益金鼎-西松,2024-09-24,9136
0056,元大高股息,76,5,71,群益金鼎-西松,2024-09-24,9136
00680L,元大美債20正2,65,0,65,群益金鼎-西松,2024-09-24,9136
6188,廣明,55,3,52,群益金鼎-西松,2024-09-24,9136
5347,世界,54,3,51,群益金鼎-西松,2024-09-24,9136
6104,創惟,46,1,45,群益金鼎-西松,2024-09-24,9136
6506,雙邦,60,20,40,群益金鼎-西松,2024-09-24,9136
00650L,復華香港正2,45,10,35,群益金鼎-西松,2024-09-24,9136
00688L,國泰20年美債正2,32,0,32,群益金鼎-西松,2024-09-24,9136
00725B,國泰投資級公司債,30,0,30,群益金鼎-西松,2024-09-24,9136
1536,和大,27,0,27,群益金鼎-西松,2024-09-24,9136
1524,耿鼎,34,13,21,群益金鼎-西松,2024-09-24,9136
2062,橋椿,22,1,21,群益金鼎-西松,2024-09-24,9136
00946,群益科技高息成長,20,0,20,群益金鼎-西松,2024-09-24,9136
6873,泓德能源,20,0,20,群益金鼎-西松,2024-09-24,9136
00960,野村全球航運龍頭,25,6,19,群益金鼎-西松,2024-09-24,9136
3149,正達,92,74,18,群益金鼎-西松,2024-09-24,9136
1314,中石化,18,0,18,群益金鼎-西松,2024-09-24,9136
4542,科嶠,20,2,18,群益金鼎-西松,2024-09-24,9136
6257,矽格,18,0,18,群益金鼎-西松,2024-09-24,9136
00633L,富邦上証正2,17,0,17,群益金鼎-西松,2024-09-24,9136
3537,堡達,18,1,17,群益金鼎-西松,2024-09-24,9136
3013,晟銘電,39,24,15,群益金鼎-西松,2024-09-24,9136
00632R,元大台灣50反1,15,0,15,群益金鼎-西松,2024-09-24,9136
3031,佰鴻,15,0,15,群益金鼎-西松,2024-09-24,9136
00679B,元大美債20年,18,5,13,群益金鼎-西松,2024-09-24,9136
2303,聯電,23,10,13,群益金鼎-西松,2024-09-24,9136
00878,國泰永續高股息,26,13,13,群益金鼎-西松,2024-09-24,9136
00703,台新MSCI中國,11,0,11,群益金鼎-西松,2024-09-24,9136
00951,台新日本半導體,11,0,11,群益金鼎-西松,2024-09-24,9136
2349,錸德,95,84,11,群益金鼎-西松,2024-09-24,9136
6612,奈米醫材,12,1,11,群益金鼎-西松,2024-09-24,9136
2610,華航,11,1,10,群益金鼎-西松,2024-09-24,9136
00952,凱基台灣AI50,10,0,10,群益金鼎-西松,2024-09-24,9136
00937B,群益ESG投等債20,166,156,10,群益金鼎-西松,2024-09-24,9136
00942B,台新美A公司債20+,20,10,10,群益金鼎-西松,2024-09-24,9136
2312,金寶,13,3,10,群益金鼎-西松,2024-09-24,9136
2371,大同,12,2,10,群益金鼎-西松,2024-09-24,9136
3209,全科,10,0,10,群益金鼎-西松,2024-09-24,9136
3605,宏致,16,6,10,群益金鼎-西松,2024-09-24,9136
5211,蒙恬,16,6,10,群益金鼎-西松,2024-09-24,9136
6138,茂達,11,1,10,群益金鼎-西松,2024-09-24,9136
6194,育富,13,3,10,群益金鼎-西松,2024-09-24,9136
2891,中信金,24,15,9,群益金鼎-西松,2024-09-24,9136
00713,元大台灣高息低波,12,3,9,群益金鼎-西松,2024-09-24,9136
00915,凱基優選高股息30,9,0,9,群益金鼎-西松,2024-09-24,9136
2399,映泰,225,24,201,群益金鼎-西松,2024-09-25,9136
00665L,富邦�琤肭磪囓�2,310,151,159,群益金鼎-西松,2024-09-25,9136
4903,聯光通,84,26,58,群益金鼎-西松,2024-09-25,9136
3715,定穎投控,65,11,54,群益金鼎-西松,2024-09-25,9136
00763U,期街口道瓊銅,36,0,36,群益金鼎-西松,2024-09-25,9136
3583,辛耘,38,2,36,群益金鼎-西松,2024-09-25,9136
4526,東台,40,4,36,群益金鼎-西松,2024-09-25,9136
4979,華星光,55,20,35,群益金鼎-西松,2024-09-25,9136
00878,國泰永續高股息,44,11,33,群益金鼎-西松,2024-09-25,9136
3481,群創,30,4,26,群益金鼎-西松,2024-09-25,9136
2613,中櫃,32,8,24,群益金鼎-西松,2024-09-25,9136
3021,鴻名,22,0,22,群益金鼎-西松,2024-09-25,9136
6241,易通展,22,0,22,群益金鼎-西松,2024-09-25,9136
2444,兆勁,21,0,21,群益金鼎-西松,2024-09-25,9136
00713,元大台灣高息低波,23,2,21,群益金鼎-西松,2024-09-25,9136
00752,中信中國50,20,0,20,群益金鼎-西松,2024-09-25,9136
9955,佳龍,22,2,20,群益金鼎-西松,2024-09-25,9136
2891,中信金,21,6,15,群益金鼎-西松,2024-09-25,9136
1524,耿鼎,16,1,15,群益金鼎-西松,2024-09-25,9136
8421,旭源,16,1,15,群益金鼎-西松,2024-09-25,9136
4563,百德,52,38,14,群益金鼎-西松,2024-09-25,9136
6204,艾華,18,4,14,群益金鼎-西松,2024-09-25,9136
00947,台新臺灣IC設計,14,1,13,群益金鼎-西松,2024-09-25,9136
3615,安可,13,0,13,群益金鼎-西松,2024-09-25,9136
4502,健信,20,7,13,群益金鼎-西松,2024-09-25,9136
00633L,富邦上証正2,12,0,12,群益金鼎-西松,2024-09-25,9136
2402,毅嘉,24,12,12,群益金鼎-西松,2024-09-25,9136
2535,達欣工,14,2,12,群益金鼎-西松,2024-09-25,9136
2481,強茂,36,25,11,群益金鼎-西松,2024-09-25,9136
00887,永豐中國科技50大,10,0,10,群益金鼎-西松,2024-09-25,9136
00958B,永豐ESG銀行債15,10,0,10,群益金鼎-西松,2024-09-25,9136
3071,協禧,10,0,10,群益金鼎-西松,2024-09-25,9136
8462,柏文,17,7,10,群益金鼎-西松,2024-09-25,9136
00631L,元大台灣50正2,11,2,9,群益金鼎-西松,2024-09-25,9136
6163,華電網,12,3,9,群益金鼎-西松,2024-09-25,9136
3548,兆利,13,4,9,群益金鼎-西松,2024-09-25,9136
00830,國泰費城半導體,8,0,8,群益金鼎-西松,2024-09-25,9136
1711,永光,8,0,8,群益金鼎-西松,2024-09-25,9136
1815,富喬,13,5,8,群益金鼎-西松,2024-09-25,9136
3060,銘異,8,0,8,群益金鼎-西松,2024-09-25,9136
4702,中美實,8,0,8,群益金鼎-西松,2024-09-25,9136
4772,台特化,10,2,8,群益金鼎-西松,2024-09-25,9136
5236,凌陽創新,11,3,8,群益金鼎-西松,2024-09-25,9136
5258,虹堡,10,2,8,群益金鼎-西松,2024-09-25,9136
5452,佶優,14,6,8,群益金鼎-西松,2024-09-25,9136
3086,華義,7,0,7,群益金鼎-西松,2024-09-25,9136
3289,宜特,7,0,7,群益金鼎-西松,2024-09-25,9136
4306,炎洲,10,3,7,群益金鼎-西松,2024-09-25,9136
2070,精湛,19,12,7,群益金鼎-西松,2024-09-25,9136
1609,大亞,7,0,7,群益金鼎-西松,2024-09-25,9136
00937B,群益ESG投等債20,185,28,157,群益金鼎-西松,2024-09-26,9136
00632R,元大台灣50反1,62,0,62,群益金鼎-西松,2024-09-26,9136
00927,群益半導體收益,50,0,50,群益金鼎-西松,2024-09-26,9136
6593,台灣銘板,74,27,47,群益金鼎-西松,2024-09-26,9136
2312,金寶,128,82,46,群益金鼎-西松,2024-09-26,9136
4542,科嶠,73,34,39,群益金鼎-西松,2024-09-26,9136
2408,南亞科,40,2,38,群益金鼎-西松,2024-09-26,9136
00712,復華富時不動產,42,5,37,群益金鼎-西松,2024-09-26,9136
00642U,期元大S＆P石油,36,0,36,群益金鼎-西松,2024-09-26,9136
00933B,國泰10Y+金融債,33,0,33,群益金鼎-西松,2024-09-26,9136
00680L,元大美債20正2,30,0,30,群益金鼎-西松,2024-09-26,9136
2344,華邦電,31,1,30,群益金鼎-西松,2024-09-26,9136
2883,凱基金,34,6,28,群益金鼎-西松,2024-09-26,9136
3167,大量,27,1,26,群益金鼎-西松,2024-09-26,9136
00795B,中信美國公債20年,25,1,24,群益金鼎-西松,2024-09-26,9136
1785,光洋科,32,8,24,群益金鼎-西松,2024-09-26,9136
1314,中石化,23,1,22,群益金鼎-西松,2024-09-26,9136
2365,昆盈,38,16,22,群益金鼎-西松,2024-09-26,9136
1815,富喬,22,1,21,群益金鼎-西松,2024-09-26,9136
3260,威剛,23,2,21,群益金鼎-西松,2024-09-26,9136
00763U,期街口道瓊銅,20,0,20,群益金鼎-西松,2024-09-26,9136
3450,聯鈞,40,20,20,群益金鼎-西松,2024-09-26,9136
1805,寶徠,19,0,19,群益金鼎-西松,2024-09-26,9136
3588,通嘉,18,0,18,群益金鼎-西松,2024-09-26,9136
6005,群益證,17,0,17,群益金鼎-西松,2024-09-26,9136
6756,威鋒電子,17,0,17,群益金鼎-西松,2024-09-26,9136
3217,優群,16,0,16,群益金鼎-西松,2024-09-26,9136
2542,興富發,57,42,15,群益金鼎-西松,2024-09-26,9136
00720B,元大投資級公司債,15,0,15,群益金鼎-西松,2024-09-26,9136
2324,仁寶,15,0,15,群益金鼎-西松,2024-09-26,9136
2371,大同,16,1,15,群益金鼎-西松,2024-09-26,9136
2464,盟立,24,9,15,群益金鼎-西松,2024-09-26,9136
2485,兆赫,15,0,15,群益金鼎-西松,2024-09-26,9136
8463,潤泰材,16,1,15,群益金鼎-西松,2024-09-26,9136
00687B,國泰20年美債,44,30,14,群益金鼎-西松,2024-09-26,9136
00679B,元大美債20年,13,0,13,群益金鼎-西松,2024-09-26,9136
6291,沛亨,14,1,13,群益金鼎-西松,2024-09-26,9136
6581,鋼聯,15,2,13,群益金鼎-西松,2024-09-26,9136
2316,楠梓電,12,0,12,群益金鼎-西松,2024-09-26,9136
4974,亞泰,12,0,12,群益金鼎-西松,2024-09-26,9136
3019,亞光,105,93,12,群益金鼎-西松,2024-09-26,9136
6414,樺漢,16,5,11,群益金鼎-西松,2024-09-26,9136
2062,橋椿,23,12,11,群益金鼎-西松,2024-09-26,9136
2888,新光金,30,19,11,群益金鼎-西松,2024-09-26,9136
3483,力致,11,0,11,群益金鼎-西松,2024-09-26,9136
00915,凱基優選高股息30,11,0,11,群益金鼎-西松,2024-09-26,9136
3231,緯創,19,9,10,群益金鼎-西松,2024-09-26,9136
00639,富邦深100,10,0,10,群益金鼎-西松,2024-09-26,9136
00958B,永豐ESG銀行債15,10,0,10,群益金鼎-西松,2024-09-26,9136
1702,南僑,10,0,10,群益金鼎-西松,2024-09-26,9136
00937B,群益ESG投等債20,147,23,124,群益金鼎-西松,2024-09-27,9136
3363,上詮,143,22,121,群益金鼎-西松,2024-09-27,9136
00687B,國泰20年美債,83,3,80,群益金鼎-西松,2024-09-27,9136
00960,野村全球航運龍頭,63,0,63,群益金鼎-西松,2024-09-27,9136
2363,矽統,78,30,48,群益金鼎-西松,2024-09-27,9136
00919,群益台灣精選高息,50,17,33,群益金鼎-西松,2024-09-27,9136
2882,國泰金,33,1,32,群益金鼎-西松,2024-09-27,9136
00948B,中信優息投資級債,23,0,23,群益金鼎-西松,2024-09-27,9136
3450,聯鈞,36,13,23,群益金鼎-西松,2024-09-27,9136
00642U,期元大S＆P石油,22,0,22,群益金鼎-西松,2024-09-27,9136
1336,台翰,21,0,21,群益金鼎-西松,2024-09-27,9136
2010,春源,21,0,21,群益金鼎-西松,2024-09-27,9136
6237,驊訊,22,1,21,群益金鼎-西松,2024-09-27,9136
3167,大量,27,6,21,群益金鼎-西松,2024-09-27,9136
00952,凱基台灣AI50,30,10,20,群益金鼎-西松,2024-09-27,9136
1527,鑽全,20,0,20,群益金鼎-西松,2024-09-27,9136
5876,上海商銀,20,0,20,群益金鼎-西松,2024-09-27,9136
006207,復華滬深,19,0,19,群益金鼎-西松,2024-09-27,9136
00945B,凱基美國非投等債,19,0,19,群益金鼎-西松,2024-09-27,9136
8111,立��,27,8,19,群益金鼎-西松,2024-09-27,9136
00929,復華台灣科技優息,30,11,19,群益金鼎-西松,2024-09-27,9136
1805,寶徠,18,0,18,群益金鼎-西松,2024-09-27,9136
4716,大立,21,3,18,群益金鼎-西松,2024-09-27,9136
00752,中信中國50,17,0,17,群益金鼎-西松,2024-09-27,9136
2022,聚亨,17,0,17,群益金鼎-西松,2024-09-27,9136
4979,華星光,138,122,16,群益金鼎-西松,2024-09-27,9136
2062,橋椿,18,2,16,群益金鼎-西松,2024-09-27,9136
3711,日月光投控,20,5,15,群益金鼎-西松,2024-09-27,9136
2449,京元電子,17,2,15,群益金鼎-西松,2024-09-27,9136
2618,長榮航,21,6,15,群益金鼎-西松,2024-09-27,9136
3086,華義,14,0,14,群益金鼎-西松,2024-09-27,9136
00679B,元大美債20年,29,15,14,群益金鼎-西松,2024-09-27,9136
00655L,國泰中國A50正2,13,0,13,群益金鼎-西松,2024-09-27,9136
00688L,國泰20年美債正2,14,1,13,群益金鼎-西松,2024-09-27,9136
3483,力致,13,1,12,群益金鼎-西松,2024-09-27,9136
6581,鋼聯,12,0,12,群益金鼎-西松,2024-09-27,9136
2415,錩新,29,17,12,群益金鼎-西松,2024-09-27,9136
00958B,永豐ESG銀行債15,11,0,11,群益金鼎-西松,2024-09-27,9136
2881,富邦金,12,1,11,群益金鼎-西松,2024-09-27,9136
2883,凱基金,10,0,10,群益金鼎-西松,2024-09-27,9136
00953B,群益優選非投等債,10,0,10,群益金鼎-西松,2024-09-27,9136
1569,濱川,15,5,10,群益金鼎-西松,2024-09-27,9136
2106,建大,10,0,10,群益金鼎-西松,2024-09-27,9136
2353,宏��,10,0,10,群益金鼎-西松,2024-09-27,9136
2359,所羅門,15,5,10,群益金鼎-西松,2024-09-27,9136
2427,三商電,10,0,10,群益金鼎-西松,2024-09-27,9136
2801,彰銀,10,0,10,群益金鼎-西松,2024-09-27,9136
3703,欣陸,10,0,10,群益金鼎-西松,2024-09-27,9136
00933B,國泰10Y+金融債,12,3,9,群益金鼎-西松,2024-09-27,9136
2303,聯電,20,11,9,群益金鼎-西松,2024-09-27,9136
00637L,元大滬深300正2,2107,198,1909,群益金鼎-西松,2024-09-30,9136
00665L,富邦�琤肭磪囓�2,360,200,160,群益金鼎-西松,2024-09-30,9136
00919,群益台灣精選高息,118,44,74,群益金鼎-西松,2024-09-30,9136
00715L,期街口布蘭特正2,70,0,70,群益金鼎-西松,2024-09-30,9136
00929,復華台灣科技優息,66,2,64,群益金鼎-西松,2024-09-30,9136
5258,虹堡,58,0,58,群益金鼎-西松,2024-09-30,9136
00915,凱基優選高股息30,51,4,47,群益金鼎-西松,2024-09-30,9136
1309,台達化,44,0,44,群益金鼎-西松,2024-09-30,9136
4909,新復興,40,7,33,群益金鼎-西松,2024-09-30,9136
2356,英業達,44,12,32,群益金鼎-西松,2024-09-30,9136
6276,安鈦克,42,10,32,群益金鼎-西松,2024-09-30,9136
8070,長華*,30,1,29,群益金鼎-西松,2024-09-30,9136
2002,中鋼,34,9,25,群益金鼎-西松,2024-09-30,9136
2330,台積電,35,10,25,群益金鼎-西松,2024-09-30,9136
2613,中櫃,34,10,24,群益金鼎-西松,2024-09-30,9136
2317,鴻海,30,6,24,群益金鼎-西松,2024-09-30,9136
1326,台化,23,2,21,群益金鼎-西松,2024-09-30,9136
2027,大成鋼,21,0,21,群益金鼎-西松,2024-09-30,9136
2106,建大,31,10,21,群益金鼎-西松,2024-09-30,9136
00891,中信關鍵半導體,20,0,20,群益金鼎-西松,2024-09-30,9136
00952,凱基台灣AI50,20,0,20,群益金鼎-西松,2024-09-30,9136
00945B,凱基美國非投等債,20,0,20,群益金鼎-西松,2024-09-30,9136
6246,臺龍,40,20,20,群益金鼎-西松,2024-09-30,9136
00878,國泰永續高股息,22,2,20,群益金鼎-西松,2024-09-30,9136
2371,大同,20,1,19,群益金鼎-西松,2024-09-30,9136
2615,萬海,29,10,19,群益金鼎-西松,2024-09-30,9136
6873,泓德能源,23,5,18,群益金鼎-西松,2024-09-30,9136
4979,華星光,25,9,16,群益金鼎-西松,2024-09-30,9136
1524,耿鼎,15,0,15,群益金鼎-西松,2024-09-30,9136
1109,信大,14,0,14,群益金鼎-西松,2024-09-30,9136
8440,綠電,15,1,14,群益金鼎-西松,2024-09-30,9136
00882,中信中國高股息,25,13,12,群益金鼎-西松,2024-09-30,9136
4569,六方科-KY,17,5,12,群益金鼎-西松,2024-09-30,9136
2308,台達電,11,0,11,群益金鼎-西松,2024-09-30,9136
2609,陽明,26,15,11,群益金鼎-西松,2024-09-30,9136
00713,元大台灣高息低波,14,3,11,群益金鼎-西松,2024-09-30,9136
2383,台光電,10,0,10,群益金鼎-西松,2024-09-30,9136
2485,兆赫,10,0,10,群益金鼎-西松,2024-09-30,9136
00932,兆豐永續高息等權,16,6,10,群益金鼎-西松,2024-09-30,9136
00953B,群益優選非投等債,10,0,10,群益金鼎-西松,2024-09-30,9136
2009,第一銅,22,12,10,群益金鼎-西松,2024-09-30,9136
2038,海光,15,5,10,群益金鼎-西松,2024-09-30,9136
2241,艾姆勒,10,0,10,群益金鼎-西松,2024-09-30,9136
2929,淘帝-KY,10,0,10,群益金鼎-西松,2024-09-30,9136
3013,晟銘電,16,6,10,群益金鼎-西松,2024-09-30,9136
3707,漢磊,13,3,10,群益金鼎-西松,2024-09-30,9136
4549,桓達,10,0,10,群益金鼎-西松,2024-09-30,9136
5907,大洋-KY,10,0,10,群益金鼎-西松,2024-09-30,9136
6546,正基,11,1,10,群益金鼎-西松,2024-09-30,9136
9802,鈺齊-KY,10,0,10,群益金鼎-西松,2024-09-30,9136
2399,映泰,158,33,125,群益金鼎-西松,2024-10-01,9136
00665L,富邦�琤肭磪囓�2,156,100,56,群益金鼎-西松,2024-10-01,9136
00753L,中信中國50正2,167,117,50,群益金鼎-西松,2024-10-01,9136
00715L,期街口布蘭特正2,50,0,50,群益金鼎-西松,2024-10-01,9136
00632R,元大台灣50反1,50,3,47,群益金鼎-西松,2024-10-01,9136
0056,元大高股息,40,0,40,群益金鼎-西松,2024-10-01,9136
3086,華義,39,1,38,群益金鼎-西松,2024-10-01,9136
00633L,富邦上証正2,36,1,35,群益金鼎-西松,2024-10-01,9136
4979,華星光,92,57,35,群益金鼎-西松,2024-10-01,9136
2362,藍天,38,7,31,群益金鼎-西松,2024-10-01,9136
00919,群益台灣精選高息,29,2,27,群益金鼎-西松,2024-10-01,9136
00713,元大台灣高息低波,27,2,25,群益金鼎-西松,2024-10-01,9136
2867,三商壽,30,5,25,群益金鼎-西松,2024-10-01,9136
00929,復華台灣科技優息,39,14,25,群益金鼎-西松,2024-10-01,9136
00637L,元大滬深300正2,25,1,24,群益金鼎-西松,2024-10-01,9136
00960,野村全球航運龍頭,23,1,22,群益金鼎-西松,2024-10-01,9136
1605,華新,21,0,21,群益金鼎-西松,2024-10-01,9136
2891,中信金,21,0,21,群益金鼎-西松,2024-10-01,9136
6706,惠特,21,1,20,群益金鼎-西松,2024-10-01,9136
1336,台翰,20,1,19,群益金鼎-西松,2024-10-01,9136
4716,大立,37,18,19,群益金鼎-西松,2024-10-01,9136
00720B,元大投資級公司債,18,0,18,群益金鼎-西松,2024-10-01,9136
2317,鴻海,36,18,18,群益金鼎-西松,2024-10-01,9136
3450,聯鈞,37,21,16,群益金鼎-西松,2024-10-01,9136
00882,中信中國高股息,14,0,14,群益金鼎-西松,2024-10-01,9136
1569,濱川,37,23,14,群益金鼎-西松,2024-10-01,9136
6104,創惟,21,7,14,群益金鼎-西松,2024-10-01,9136
00752,中信中國50,12,0,12,群益金鼎-西松,2024-10-01,9136
00655L,國泰中國A50正2,11,0,11,群益金鼎-西松,2024-10-01,9136
1909,榮成,11,0,11,群益金鼎-西松,2024-10-01,9136
3227,原相,13,2,11,群益金鼎-西松,2024-10-01,9136
2543,皇昌,16,5,11,群益金鼎-西松,2024-10-01,9136
00650L,復華香港正2,20,10,10,群益金鼎-西松,2024-10-01,9136
00772B,中信高評級公司債,10,0,10,群益金鼎-西松,2024-10-01,9136
00937B,群益ESG投等債20,17,7,10,群益金鼎-西松,2024-10-01,9136
1109,信大,10,0,10,群益金鼎-西松,2024-10-01,9136
1314,中石化,10,0,10,群益金鼎-西松,2024-10-01,9136
1906,寶隆,10,0,10,群益金鼎-西松,2024-10-01,9136
2485,兆赫,10,0,10,群益金鼎-西松,2024-10-01,9136
6742,澤米,15,5,10,群益金鼎-西松,2024-10-01,9136
2883,凱基金,10,1,9,群益金鼎-西松,2024-10-01,9136
4909,新復興,23,14,9,群益金鼎-西松,2024-10-01,9136
2383,台光電,8,0,8,群益金鼎-西松,2024-10-01,9136
2352,佳世達,9,1,8,群益金鼎-西松,2024-10-01,9136
2913,農林,8,0,8,群益金鼎-西松,2024-10-01,9136
3430,奇鈦科,34,26,8,群益金鼎-西松,2024-10-01,9136
3511,矽瑪,12,4,8,群益金鼎-西松,2024-10-01,9136
4174,浩鼎,9,1,8,群益金鼎-西松,2024-10-01,9136
4933,友輝,8,0,8,群益金鼎-西松,2024-10-01,9136
00918,大華優利高填息30,8,0,8,群益金鼎-西松,2024-10-01,9136
00919,群益台灣精選高息,516,4,512,群益金鼎-西松,2024-10-04,9136
2324,仁寶,202,1,201,群益金鼎-西松,2024-10-04,9136
2399,映泰,196,72,124,群益金鼎-西松,2024-10-04,9136
2609,陽明,101,20,81,群益金鼎-西松,2024-10-04,9136
0056,元大高股息,50,0,50,群益金鼎-西松,2024-10-04,9136
00752,中信中國50,34,0,34,群益金鼎-西松,2024-10-04,9136
00952,凱基台灣AI50,33,0,33,群益金鼎-西松,2024-10-04,9136
6425,易發,47,19,28,群益金鼎-西松,2024-10-04,9136
3086,華義,27,1,26,群益金鼎-西松,2024-10-04,9136
1742,台蠟,34,11,23,群益金鼎-西松,2024-10-04,9136
6426,統新,25,2,23,群益金鼎-西松,2024-10-04,9136
00713,元大台灣高息低波,24,2,22,群益金鼎-西松,2024-10-04,9136
2363,矽統,25,4,21,群益金鼎-西松,2024-10-04,9136
4903,聯光通,40,19,21,群益金鼎-西松,2024-10-04,9136
00878,國泰永續高股息,20,0,20,群益金鼎-西松,2024-10-04,9136
2618,長榮航,20,1,19,群益金鼎-西松,2024-10-04,9136
1301,台塑,19,0,19,群益金鼎-西松,2024-10-04,9136
2897A,王道銀甲特,19,0,19,群益金鼎-西松,2024-10-04,9136
2603,長榮,19,1,18,群益金鼎-西松,2024-10-04,9136
3217,優群,20,2,18,群益金鼎-西松,2024-10-04,9136
6248,沛波,18,0,18,群益金鼎-西松,2024-10-04,9136
6859,伯特光,17,0,17,群益金鼎-西松,2024-10-04,9136
1466,聚隆,19,3,16,群益金鼎-西松,2024-10-04,9136
3583,辛耘,15,0,15,群益金鼎-西松,2024-10-04,9136
2867,三商壽,15,0,15,群益金鼎-西松,2024-10-04,9136
00940,元大台灣價值高息,16,2,14,群益金鼎-西松,2024-10-04,9136
00922,國泰台灣領袖50,14,0,14,群益金鼎-西松,2024-10-04,9136
6739,竹陞科技,13,0,13,群益金鼎-西松,2024-10-04,9136
2317,鴻海,81,69,12,群益金鼎-西松,2024-10-04,9136
3707,漢磊,12,0,12,群益金鼎-西松,2024-10-04,9136
3189,景碩,29,17,12,群益金鼎-西松,2024-10-04,9136
3213,茂訊,13,1,12,群益金鼎-西松,2024-10-04,9136
3689,湧德,21,9,12,群益金鼎-西松,2024-10-04,9136
4939,亞電,16,4,12,群益金鼎-西松,2024-10-04,9136
00918,大華優利高填息30,11,0,11,群益金鼎-西松,2024-10-04,9136
3481,群創,15,4,11,群益金鼎-西松,2024-10-04,9136
3231,緯創,11,0,11,群益金鼎-西松,2024-10-04,9136
00943,兆豐電子高息等權,11,0,11,群益金鼎-西松,2024-10-04,9136
3037,欣興,12,1,11,群益金鼎-西松,2024-10-04,9136
00927,群益半導體收益,10,0,10,群益金鼎-西松,2024-10-04,9136
6873,泓德能源,10,0,10,群益金鼎-西松,2024-10-04,9136
00923,群益台ESG低碳50,11,1,10,群益金鼎-西松,2024-10-04,9136
00960,野村全球航運龍頭,10,0,10,群益金鼎-西松,2024-10-04,9136
1718,中纖,10,0,10,群益金鼎-西松,2024-10-04,9136
2038,海光,24,14,10,群益金鼎-西松,2024-10-04,9136
4120,友華,16,6,10,群益金鼎-西松,2024-10-04,9136
5483,中美晶,10,0,10,群益金鼎-西松,2024-10-04,9136
8085,福華,12,2,10,群益金鼎-西松,2024-10-04,9136
00688L,國泰20年美債正2,10,1,9,群益金鼎-西松,2024-10-04,9136
2884,玉山金,9,0,9,群益金鼎-西松,2024-10-04,9136
00665L,富邦�琤肭磪囓�2,458,1,457,群益金鼎-西松,2024-10-07,9136
00753L,中信中國50正2,413,99,314,群益金鼎-西松,2024-10-07,9136
00643,群益深証中小,310,0,310,群益金鼎-西松,2024-10-07,9136
00637L,元大滬深300正2,288,16,272,群益金鼎-西松,2024-10-07,9136
0056,元大高股息,166,0,166,群益金鼎-西松,2024-10-07,9136
2002,中鋼,116,8,108,群益金鼎-西松,2024-10-07,9136
3234,光環,104,2,102,群益金鼎-西松,2024-10-07,9136
00878,國泰永續高股息,91,3,88,群益金鼎-西松,2024-10-07,9136
3062,建漢,62,10,52,群益金鼎-西松,2024-10-07,9136
2324,仁寶,50,0,50,群益金鼎-西松,2024-10-07,9136
2356,英業達,100,59,41,群益金鼎-西松,2024-10-07,9136
6104,創惟,59,18,41,群益金鼎-西松,2024-10-07,9136
00885,富邦越南,50,10,40,群益金鼎-西松,2024-10-07,9136
2489,瑞軒,42,6,36,群益金鼎-西松,2024-10-07,9136
00680L,元大美債20正2,30,0,30,群益金鼎-西松,2024-10-07,9136
1815,富喬,69,40,29,群益金鼎-西松,2024-10-07,9136
00650L,復華香港正2,146,118,28,群益金鼎-西松,2024-10-07,9136
9955,佳龍,28,0,28,群益金鼎-西松,2024-10-07,9136
2033,佳大,27,0,27,群益金鼎-西松,2024-10-07,9136
3167,大量,28,1,27,群益金鼎-西松,2024-10-07,9136
2017,官田鋼,25,0,25,群益金鼎-西松,2024-10-07,9136
00632R,元大台灣50反1,30,6,24,群益金鼎-西松,2024-10-07,9136
2303,聯電,21,0,21,群益金鼎-西松,2024-10-07,9136
2313,華通,20,0,20,群益金鼎-西松,2024-10-07,9136
1336,台翰,20,0,20,群益金鼎-西松,2024-10-07,9136
9958,世紀鋼,21,1,20,群益金鼎-西松,2024-10-07,9136
2317,鴻海,43,24,19,群益金鼎-西松,2024-10-07,9136
3025,星通,36,18,18,群益金鼎-西松,2024-10-07,9136
3450,聯鈞,34,18,16,群益金鼎-西松,2024-10-07,9136
8104,錸寶,22,6,16,群益金鼎-西松,2024-10-07,9136
3481,群創,16,1,15,群益金鼎-西松,2024-10-07,9136
00752,中信中國50,16,3,13,群益金鼎-西松,2024-10-07,9136
5488,松普,18,5,13,群益金鼎-西松,2024-10-07,9136
1733,五鼎,12,0,12,群益金鼎-西松,2024-10-07,9136
5284,jpp-KY,12,0,12,群益金鼎-西松,2024-10-07,9136
8111,立��,75,63,12,群益金鼎-西松,2024-10-07,9136
00795B,中信美國公債20年,11,0,11,群益金鼎-西松,2024-10-07,9136
1805,寶徠,11,0,11,群益金鼎-西松,2024-10-07,9136
3049,精金,27,16,11,群益金鼎-西松,2024-10-07,9136
3591,艾笛森,31,20,11,群益金鼎-西松,2024-10-07,9136
6757,台灣虎航,11,0,11,群益金鼎-西松,2024-10-07,9136
2316,楠梓電,25,14,11,群益金鼎-西松,2024-10-07,9136
00651R,復華香港反1,10,0,10,群益金鼎-西松,2024-10-07,9136
00712,復華富時不動產,10,0,10,群益金鼎-西松,2024-10-07,9136
1533,車王電,11,1,10,群益金鼎-西松,2024-10-07,9136
2312,金寶,11,1,10,群益金鼎-西松,2024-10-07,9136
2601,益航,13,3,10,群益金鼎-西松,2024-10-07,9136
6278,台表科,10,0,10,群益金鼎-西松,2024-10-07,9136
8429,金麗-KY,16,6,10,群益金鼎-西松,2024-10-07,9136
00948B,中信優息投資級債,9,0,9,群益金鼎-西松,2024-10-07,9136
00686R,群益臺灣加權反1,300,0,300,群益金鼎-西松,2024-10-08,9136
00637L,元大滬深300正2,433,339,94,群益金鼎-西松,2024-10-08,9136
00636,國泰中國A50,92,5,87,群益金鼎-西松,2024-10-08,9136
00665L,富邦�琤肭磪囓�2,161,80,81,群益金鼎-西松,2024-10-08,9136
00633L,富邦上証正2,97,16,81,群益金鼎-西松,2024-10-08,9136
00680L,元大美債20正2,110,30,80,群益金鼎-西松,2024-10-08,9136
3049,精金,60,5,55,群益金鼎-西松,2024-10-08,9136
006205,富邦上証,50,0,50,群益金鼎-西松,2024-10-08,9136
1569,濱川,53,4,49,群益金鼎-西松,2024-10-08,9136
00753L,中信中國50正2,102,54,48,群益金鼎-西松,2024-10-08,9136
0056,元大高股息,48,1,47,群益金鼎-西松,2024-10-08,9136
2426,鼎元,47,3,44,群益金鼎-西松,2024-10-08,9136
00918,大華優利高填息30,42,0,42,群益金鼎-西松,2024-10-08,9136
00929,復華台灣科技優息,38,0,38,群益金鼎-西松,2024-10-08,9136
2436,偉詮電,38,6,32,群益金鼎-西松,2024-10-08,9136
2317,鴻海,83,51,32,群益金鼎-西松,2024-10-08,9136
00919,群益台灣精選高息,47,16,31,群益金鼎-西松,2024-10-08,9136
9907,統一實,30,1,29,群益金鼎-西松,2024-10-08,9136
00713,元大台灣高息低波,30,4,26,群益金鼎-西松,2024-10-08,9136
2399,映泰,126,100,26,群益金鼎-西松,2024-10-08,9136
00885,富邦越南,35,10,25,群益金鼎-西松,2024-10-08,9136
1464,得力,25,0,25,群益金鼎-西松,2024-10-08,9136
00712,復華富時不動產,25,0,25,群益金鼎-西松,2024-10-08,9136
1314,中石化,23,0,23,群益金鼎-西松,2024-10-08,9136
2007,燁興,31,9,22,群益金鼎-西松,2024-10-08,9136
2929,淘帝-KY,46,24,22,群益金鼎-西松,2024-10-08,9136
2892,第一金,21,0,21,群益金鼎-西松,2024-10-08,9136
3042,晶技,21,0,21,群益金鼎-西松,2024-10-08,9136
2324,仁寶,20,0,20,群益金鼎-西松,2024-10-08,9136
00725B,國泰投資級公司債,19,0,19,群益金鼎-西松,2024-10-08,9136
5460,同協,22,3,19,群益金鼎-西松,2024-10-08,9136
3138,耀登,18,0,18,群益金鼎-西松,2024-10-08,9136
1815,富喬,23,6,17,群益金鼎-西松,2024-10-08,9136
00795B,中信美國公債20年,22,5,17,群益金鼎-西松,2024-10-08,9136
4760,勤凱,20,4,16,群益金鼎-西松,2024-10-08,9136
1904,正隆,15,0,15,群益金鼎-西松,2024-10-08,9136
4113,聯上,15,0,15,群益金鼎-西松,2024-10-08,9136
2356,英業達,30,16,14,群益金鼎-西松,2024-10-08,9136
00948B,中信優息投資級債,13,0,13,群益金鼎-西松,2024-10-08,9136
3149,正達,54,41,13,群益金鼎-西松,2024-10-08,9136
2605,新興,13,1,12,群益金鼎-西松,2024-10-08,9136
00927,群益半導體收益,12,0,12,群益金鼎-西松,2024-10-08,9136
00655L,國泰中國A50正2,12,0,12,群益金鼎-西松,2024-10-08,9136
00932,兆豐永續高息等權,12,0,12,群益金鼎-西松,2024-10-08,9136
2601,益航,17,5,12,群益金鼎-西松,2024-10-08,9136
00922,國泰台灣領袖50,11,0,11,群益金鼎-西松,2024-10-08,9136
2353,宏��,13,2,11,群益金鼎-西松,2024-10-08,9136
8109,博大,13,2,11,群益金鼎-西松,2024-10-08,9136
8249,菱光,11,0,11,群益金鼎-西松,2024-10-08,9136
8261,富鼎,11,0,11,群益金鼎-西松,2024-10-08,9136
00953B,群益優選非投等債,450,0,450,群益金鼎-西松,2024-10-09,9136
00643,群益深証中小,449,25,424,群益金鼎-西松,2024-10-09,9136
3450,聯鈞,150,33,117,群益金鼎-西松,2024-10-09,9136
00639,富邦深100,118,22,96,群益金鼎-西松,2024-10-09,9136
3049,精金,95,0,95,群益金鼎-西松,2024-10-09,9136
00918,大華優利高填息30,78,0,78,群益金鼎-西松,2024-10-09,9136
00688L,國泰20年美債正2,64,1,63,群益金鼎-西松,2024-10-09,9136
00633L,富邦上証正2,81,21,60,群益金鼎-西松,2024-10-09,9136
00882,中信中國高股息,89,31,58,群益金鼎-西松,2024-10-09,9136
8111,立��,64,12,52,群益金鼎-西松,2024-10-09,9136
2596,綠意,50,0,50,群益金鼎-西松,2024-10-09,9136
00752,中信中國50,38,0,38,群益金鼎-西松,2024-10-09,9136
2303,聯電,38,2,36,群益金鼎-西松,2024-10-09,9136
6207,雷科,56,21,35,群益金鼎-西松,2024-10-09,9136
2929,淘帝-KY,33,0,33,群益金鼎-西松,2024-10-09,9136
00687B,國泰20年美債,28,0,28,群益金鼎-西松,2024-10-09,9136
2363,矽統,107,79,28,群益金鼎-西松,2024-10-09,9136
00915,凱基優選高股息30,26,0,26,群益金鼎-西松,2024-10-09,9136
2464,盟立,25,0,25,群益金鼎-西松,2024-10-09,9136
3489,森寶,25,0,25,群益金鼎-西松,2024-10-09,9136
9958,世紀鋼,25,0,25,群益金鼎-西松,2024-10-09,9136
1718,中纖,20,0,20,群益金鼎-西松,2024-10-09,9136
6451,訊芯-KY,46,26,20,群益金鼎-西松,2024-10-09,9136
00636,國泰中國A50,20,1,19,群益金鼎-西松,2024-10-09,9136
2892,第一金,18,0,18,群益金鼎-西松,2024-10-09,9136
00725B,國泰投資級公司債,18,0,18,群益金鼎-西松,2024-10-09,9136
2491,吉祥全,19,1,18,群益金鼎-西松,2024-10-09,9136
1909,榮成,17,0,17,群益金鼎-西松,2024-10-09,9136
3373,熱映,18,2,16,群益金鼎-西松,2024-10-09,9136
3518,柏騰,17,2,15,群益金鼎-西松,2024-10-09,9136
2388,威盛,16,2,14,群益金鼎-西松,2024-10-09,9136
1340,勝悅-KY,14,0,14,群益金鼎-西松,2024-10-09,9136
1742,台蠟,16,2,14,群益金鼎-西松,2024-10-09,9136
3430,奇鈦科,16,2,14,群益金鼎-西松,2024-10-09,9136
4523,永彰,21,7,14,群益金鼎-西松,2024-10-09,9136
2002,中鋼,14,0,14,群益金鼎-西松,2024-10-09,9136
3454,晶睿,18,5,13,群益金鼎-西松,2024-10-09,9136
4306,炎洲,16,3,13,群益金鼎-西松,2024-10-09,9136
0056,元大高股息,13,0,13,群益金鼎-西松,2024-10-09,9136
00919,群益台灣精選高息,21,9,12,群益金鼎-西松,2024-10-09,9136
2399,映泰,90,78,12,群益金鼎-西松,2024-10-09,9136
00942B,台新美A公司債20+,12,0,12,群益金鼎-西松,2024-10-09,9136
1582,信錦,12,0,12,群益金鼎-西松,2024-10-09,9136
2486,一詮,66,54,12,群益金鼎-西松,2024-10-09,9136
4502,健信,14,2,12,群益金鼎-西松,2024-10-09,9136
00712,復華富時不動產,14,2,12,群益金鼎-西松,2024-10-09,9136
2302,麗正,11,0,11,群益金鼎-西松,2024-10-09,9136
6869,雲豹能源,14,4,10,群益金鼎-西松,2024-10-09,9136
4113,聯上,10,0,10,群益金鼎-西松,2024-10-09,9136
00900,富邦特選高股息30,10,0,10,群益金鼎-西松,2024-10-09,9136
00857B,永豐20年美公債,110,0,110,群益金鼎-西松,2024-10-11,9136
1314,中石化,101,1,100,群益金鼎-西松,2024-10-11,9136
3234,光環,91,0,91,群益金鼎-西松,2024-10-11,9136
2455,全新,82,0,82,群益金鼎-西松,2024-10-11,9136
00632R,元大台灣50反1,71,0,71,群益金鼎-西松,2024-10-11,9136
2317,鴻海,88,20,68,群益金鼎-西松,2024-10-11,9136
00919,群益台灣精選高息,69,4,65,群益金鼎-西松,2024-10-11,9136
00688L,國泰20年美債正2,63,0,63,群益金鼎-西松,2024-10-11,9136
6216,居易,66,6,60,群益金鼎-西松,2024-10-11,9136
00753L,中信中國50正2,62,3,59,群益金鼎-西松,2024-10-11,9136
0056,元大高股息,53,4,49,群益金鼎-西松,2024-10-11,9136
2356,英業達,49,3,46,群益金鼎-西松,2024-10-11,9136
3374,精材,47,1,46,群益金鼎-西松,2024-10-11,9136
3481,群創,46,0,46,群益金鼎-西松,2024-10-11,9136
3710,連展投控,57,11,46,群益金鼎-西松,2024-10-11,9136
00877,復華中國5G,50,10,40,群益金鼎-西松,2024-10-11,9136
3447,展達,62,31,31,群益金鼎-西松,2024-10-11,9136
00934,中信成長高股息,30,0,30,群益金鼎-西松,2024-10-11,9136
4967,十銓,52,23,29,群益金鼎-西松,2024-10-11,9136
8089,康全電訊,44,16,28,群益金鼎-西松,2024-10-11,9136
8032,光菱,54,26,28,群益金鼎-西松,2024-10-11,9136
4190,佐登-KY,30,2,28,群益金鼎-西松,2024-10-11,9136
3708,上緯投控,26,0,26,群益金鼎-西松,2024-10-11,9136
1531,高林股,26,0,26,群益金鼎-西松,2024-10-11,9136
4588,玖鼎電力,26,1,25,群益金鼎-西松,2024-10-11,9136
4906,正文,96,71,25,群益金鼎-西松,2024-10-11,9136
00633L,富邦上証正2,39,15,24,群益金鼎-西松,2024-10-11,9136
8929,富堡,29,5,24,群益金鼎-西松,2024-10-11,9136
00720B,元大投資級公司債,23,0,23,群益金鼎-西松,2024-10-11,9136
00639,富邦深100,53,30,23,群益金鼎-西松,2024-10-11,9136
6442,光聖,28,5,23,群益金鼎-西松,2024-10-11,9136
6546,正基,31,8,23,群益金鼎-西松,2024-10-11,9136
00882,中信中國高股息,108,85,23,群益金鼎-西松,2024-10-11,9136
2887,台新金,22,0,22,群益金鼎-西松,2024-10-11,9136
8476,台境*,31,10,21,群益金鼎-西松,2024-10-11,9136
00676R,富邦臺灣加權反1,20,0,20,群益金鼎-西松,2024-10-11,9136
1786,科妍,21,1,20,群益金鼎-西松,2024-10-11,9136
4903,聯光通,46,26,20,群益金鼎-西松,2024-10-11,9136
2449,京元電子,32,12,20,群益金鼎-西松,2024-10-11,9136
2491,吉祥全,29,10,19,群益金鼎-西松,2024-10-11,9136
3419,譁裕,23,4,19,群益金鼎-西松,2024-10-11,9136
4557,永新-KY,19,0,19,群益金鼎-西松,2024-10-11,9136
6284,佳邦,22,3,19,群益金鼎-西松,2024-10-11,9136
00713,元大台灣高息低波,17,1,16,群益金鼎-西松,2024-10-11,9136
00922,國泰台灣領袖50,20,4,16,群益金鼎-西松,2024-10-11,9136
1225,福懋油,15,0,15,群益金鼎-西松,2024-10-11,9136
1569,濱川,45,30,15,群益金鼎-西松,2024-10-11,9136
4956,光鋐,28,13,15,群益金鼎-西松,2024-10-11,9136
6846,綠茵,15,0,15,群益金鼎-西松,2024-10-11,9136
9962,有益,16,1,15,群益金鼎-西松,2024-10-11,9136
00937B,群益ESG投等債20,266,0,266,群益金鼎-西松,2024-10-14,9136
3149,正達,169,28,141,群益金鼎-西松,2024-10-14,9136
00933B,國泰10Y+金融債,135,0,135,群益金鼎-西松,2024-10-14,9136
00664R,國泰臺灣加權反1,110,0,110,群益金鼎-西松,2024-10-14,9136
2002,中鋼,103,0,103,群益金鼎-西松,2024-10-14,9136
2312,金寶,85,4,81,群益金鼎-西松,2024-10-14,9136
00687B,國泰20年美債,77,6,71,群益金鼎-西松,2024-10-14,9136
00878,國泰永續高股息,63,2,61,群益金鼎-西松,2024-10-14,9136
00857B,永豐20年美公債,60,0,60,群益金鼎-西松,2024-10-14,9136
8085,福華,72,12,60,群益金鼎-西松,2024-10-14,9136
00650L,復華香港正2,49,0,49,群益金鼎-西松,2024-10-14,9136
6609,瀧澤科,47,2,45,群益金鼎-西松,2024-10-14,9136
00725B,國泰投資級公司債,53,11,42,群益金鼎-西松,2024-10-14,9136
00679B,元大美債20年,40,0,40,群益金鼎-西松,2024-10-14,9136
2486,一詮,46,10,36,群益金鼎-西松,2024-10-14,9136
0056,元大高股息,36,0,36,群益金鼎-西松,2024-10-14,9136
2032,新鋼,62,28,34,群益金鼎-西松,2024-10-14,9136
1423,利華,35,3,32,群益金鼎-西松,2024-10-14,9136
2887,台新金,29,0,29,群益金鼎-西松,2024-10-14,9136
00637L,元大滬深300正2,77,48,29,群益金鼎-西松,2024-10-14,9136
00877,復華中國5G,35,10,25,群益金鼎-西松,2024-10-14,9136
2891,中信金,40,16,24,群益金鼎-西松,2024-10-14,9136
3498,陽程,30,6,24,群益金鼎-西松,2024-10-14,9136
00688L,國泰20年美債正2,36,13,23,群益金鼎-西松,2024-10-14,9136
1474,弘裕,23,1,22,群益金鼎-西松,2024-10-14,9136
1735,日勝化,29,8,21,群益金鼎-西松,2024-10-14,9136
3691,碩禾,21,0,21,群益金鼎-西松,2024-10-14,9136
3709,鑫聯大投控,21,0,21,群益金鼎-西松,2024-10-14,9136
3702A,大聯大甲特,20,0,20,群益金鼎-西松,2024-10-14,9136
8150,南茂,20,0,20,群益金鼎-西松,2024-10-14,9136
00795B,中信美國公債20年,19,0,19,群益金鼎-西松,2024-10-14,9136
1802,台玻,18,0,18,群益金鼎-西松,2024-10-14,9136
2867,三商壽,17,0,17,群益金鼎-西松,2024-10-14,9136
6134,萬旭,22,5,17,群益金鼎-西松,2024-10-14,9136
00919,群益台灣精選高息,17,1,16,群益金鼎-西松,2024-10-14,9136
1809,中釉,15,0,15,群益金鼎-西松,2024-10-14,9136
1326,台化,29,14,15,群益金鼎-西松,2024-10-14,9136
2542,興富發,17,2,15,群益金鼎-西松,2024-10-14,9136
3231,緯創,19,5,14,群益金鼎-西松,2024-10-14,9136
1225,福懋油,15,1,14,群益金鼎-西松,2024-10-14,9136
3597,映興,39,26,13,群益金鼎-西松,2024-10-14,9136
00752,中信中國50,13,0,13,群益金鼎-西松,2024-10-14,9136
2106,建大,14,1,13,群益金鼎-西松,2024-10-14,9136
3481,群創,13,0,13,群益金鼎-西松,2024-10-14,9136
8284,三竹,15,2,13,群益金鼎-西松,2024-10-14,9136
6530,創威,73,61,12,群益金鼎-西松,2024-10-14,9136
6854,錼創科技-KY創,12,0,12,群益金鼎-西松,2024-10-14,9136
00942B,台新美A公司債20+,12,0,12,群益金鼎-西松,2024-10-14,9136
2383,台光電,11,0,11,群益金鼎-西松,2024-10-14,9136
6548,長科*,11,0,11,群益金鼎-西松,2024-10-14,9136
00937B,群益ESG投等債20,192,25,167,群益金鼎-西松,2024-10-15,9136
00665L,富邦�琤肭磪囓�2,138,0,138,群益金鼎-西松,2024-10-15,9136
00680L,元大美債20正2,135,0,135,群益金鼎-西松,2024-10-15,9136
00633L,富邦上証正2,123,0,123,群益金鼎-西松,2024-10-15,9136
00637L,元大滬深300正2,121,19,102,群益金鼎-西松,2024-10-15,9136
00753L,中信中國50正2,80,0,80,群益金鼎-西松,2024-10-15,9136
00636,國泰中國A50,57,0,57,群益金鼎-西松,2024-10-15,9136
6134,萬旭,51,0,51,群益金鼎-西松,2024-10-15,9136
00639,富邦深100,55,10,45,群益金鼎-西松,2024-10-15,9136
00959B,大華投等美債15Y+,40,0,40,群益金鼎-西松,2024-10-15,9136
00642U,期元大S＆P石油,39,0,39,群益金鼎-西松,2024-10-15,9136
6156,松上,64,27,37,群益金鼎-西松,2024-10-15,9136
1569,濱川,44,8,36,群益金鼎-西松,2024-10-15,9136
6186,新潤,35,0,35,群益金鼎-西松,2024-10-15,9136
2236,百達-KY,38,6,32,群益金鼎-西松,2024-10-15,9136
00715L,期街口布蘭特正2,49,19,30,群益金鼎-西松,2024-10-15,9136
4956,光鋐,117,87,30,群益金鼎-西松,2024-10-15,9136
2324,仁寶,40,13,27,群益金鼎-西松,2024-10-15,9136
1464,得力,26,0,26,群益金鼎-西松,2024-10-15,9136
00725B,國泰投資級公司債,23,0,23,群益金鼎-西松,2024-10-15,9136
3450,聯鈞,50,28,22,群益金鼎-西松,2024-10-15,9136
3162,精確,21,0,21,群益金鼎-西松,2024-10-15,9136
00945B,凱基美國非投等債,20,0,20,群益金鼎-西松,2024-10-15,9136
00877,復華中國5G,35,16,19,群益金鼎-西松,2024-10-15,9136
4931,新盛力,19,0,19,群益金鼎-西松,2024-10-15,9136
00687B,國泰20年美債,19,0,19,群益金鼎-西松,2024-10-15,9136
3481,群創,36,18,18,群益金鼎-西松,2024-10-15,9136
4908,前鼎,30,12,18,群益金鼎-西松,2024-10-15,9136
4991,環宇-KY,76,58,18,群益金鼎-西松,2024-10-15,9136
3518,柏騰,17,0,17,群益金鼎-西松,2024-10-15,9136
5284,jpp-KY,16,0,16,群益金鼎-西松,2024-10-15,9136
00919,群益台灣精選高息,27,11,16,群益金鼎-西松,2024-10-15,9136
1513,中興電,15,0,15,群益金鼎-西松,2024-10-15,9136
1802,台玻,15,0,15,群益金鼎-西松,2024-10-15,9136
4807,日成-KY,15,0,15,群益金鼎-西松,2024-10-15,9136
8429,金麗-KY,27,12,15,群益金鼎-西松,2024-10-15,9136
3231,緯創,25,11,14,群益金鼎-西松,2024-10-15,9136
6213,聯茂,23,9,14,群益金鼎-西松,2024-10-15,9136
9105,泰金寶-DR,16,2,14,群益金鼎-西松,2024-10-15,9136
2399,映泰,75,62,13,群益金鼎-西松,2024-10-15,9136
2002,中鋼,13,1,12,群益金鼎-西松,2024-10-15,9136
2228,劍麟,12,0,12,群益金鼎-西松,2024-10-15,9136
2887,台新金,11,0,11,群益金鼎-西松,2024-10-15,9136
2442,新美齊,12,1,11,群益金鼎-西松,2024-10-15,9136
2506,太設,12,1,11,群益金鼎-西松,2024-10-15,9136
2535,達欣工,11,0,11,群益金鼎-西松,2024-10-15,9136
3013,晟銘電,48,37,11,群益金鼎-西松,2024-10-15,9136
3556,禾瑞亞,13,2,11,群益金鼎-西松,2024-10-15,9136
8033,雷虎,11,0,11,群益金鼎-西松,2024-10-15,9136
00685L,群益臺灣加權正2,10,0,10,群益金鼎-西松,2024-10-15,9136
00665L,富邦�琤肭磪囓�2,200,0,200,群益金鼎-西松,2024-10-16,9136
0056,元大高股息,109,10,99,群益金鼎-西松,2024-10-16,9136
6658,聯策,108,17,91,群益金鼎-西松,2024-10-16,9136
00919,群益台灣精選高息,85,1,84,群益金鼎-西松,2024-10-16,9136
00878,國泰永續高股息,83,1,82,群益金鼎-西松,2024-10-16,9136
2317,鴻海,65,11,54,群益金鼎-西松,2024-10-16,9136
3710,連展投控,48,0,48,群益金鼎-西松,2024-10-16,9136
00918,大華優利高填息30,36,0,36,群益金鼎-西松,2024-10-16,9136
00922,國泰台灣領袖50,34,2,32,群益金鼎-西松,2024-10-16,9136
00937B,群益ESG投等債20,47,17,30,群益金鼎-西松,2024-10-16,9136
1506,正道,30,0,30,群益金鼎-西松,2024-10-16,9136
6125,廣運,30,1,29,群益金鼎-西松,2024-10-16,9136
00680L,元大美債20正2,27,0,27,群益金鼎-西松,2024-10-16,9136
00713,元大台灣高息低波,23,0,23,群益金鼎-西松,2024-10-16,9136
00935,野村臺灣新科技50,20,0,20,群益金鼎-西松,2024-10-16,9136
2883,凱基金,20,0,20,群益金鼎-西松,2024-10-16,9136
4576,大銀微系統,27,7,20,群益金鼎-西松,2024-10-16,9136
2881,富邦金,21,1,20,群益金鼎-西松,2024-10-16,9136
2891,中信金,20,3,17,群益金鼎-西松,2024-10-16,9136
6215,和椿,34,17,17,群益金鼎-西松,2024-10-16,9136
9928,中視,26,9,17,群益金鼎-西松,2024-10-16,9136
2399,映泰,39,23,16,群益金鼎-西松,2024-10-16,9136
2892,第一金,16,0,16,群益金鼎-西松,2024-10-16,9136
2506,太設,21,6,15,群益金鼎-西松,2024-10-16,9136
6186,新潤,15,0,15,群益金鼎-西松,2024-10-16,9136
3715,定穎投控,14,0,14,群益金鼎-西松,2024-10-16,9136
00712,復華富時不動產,13,0,13,群益金鼎-西松,2024-10-16,9136
2388,威盛,14,1,13,群益金鼎-西松,2024-10-16,9136
2303,聯電,20,8,12,群益金鼎-西松,2024-10-16,9136
00882,中信中國高股息,13,2,11,群益金鼎-西松,2024-10-16,9136
2356,英業達,14,3,11,群益金鼎-西松,2024-10-16,9136
1569,濱川,10,0,10,群益金鼎-西松,2024-10-16,9136
2417,圓剛,10,0,10,群益金鼎-西松,2024-10-16,9136
2442,新美齊,12,2,10,群益金鼎-西松,2024-10-16,9136
2481,強茂,10,0,10,群益金鼎-西松,2024-10-16,9136
2609,陽明,14,4,10,群益金鼎-西松,2024-10-16,9136
6151,晉倫,10,0,10,群益金鼎-西松,2024-10-16,9136
8099,大世科,12,2,10,群益金鼎-西松,2024-10-16,9136
006208,富邦台50,11,1,10,群益金鼎-西松,2024-10-16,9136
2882,國泰金,11,2,9,群益金鼎-西松,2024-10-16,9136
3031,佰鴻,9,0,9,群益金鼎-西松,2024-10-16,9136
3231,緯創,17,8,9,群益金鼎-西松,2024-10-16,9136
3062,建漢,46,38,8,群益金鼎-西松,2024-10-16,9136
2382,廣達,12,4,8,群益金鼎-西松,2024-10-16,9136
6442,光聖,15,7,8,群益金鼎-西松,2024-10-16,9136
2610,華航,14,7,7,群益金鼎-西松,2024-10-16,9136
3689,湧德,7,0,7,群益金鼎-西松,2024-10-16,9136
2002,中鋼,12,5,7,群益金鼎-西松,2024-10-16,9136
6274,台燿,7,0,7,群益金鼎-西松,2024-10-16,9136
1784,訊聯,7,0,7,群益金鼎-西松,2024-10-16,9136
00665L,富邦�琤肭磪囓�2,150,0,150,群益金鼎-西松,2024-10-17,9136
4510,高鋒,152,3,149,群益金鼎-西松,2024-10-17,9136
1540,喬福,150,5,145,群益金鼎-西松,2024-10-17,9136
4562,穎漢,150,6,144,群益金鼎-西松,2024-10-17,9136
6177,達麗,89,0,89,群益金鼎-西松,2024-10-17,9136
4542,科嶠,124,41,83,群益金鼎-西松,2024-10-17,9136
1595,川寶,105,31,74,群益金鼎-西松,2024-10-17,9136
00922,國泰台灣領袖50,68,0,68,群益金鼎-西松,2024-10-17,9136
00637L,元大滬深300正2,63,4,59,群益金鼎-西松,2024-10-17,9136
00937B,群益ESG投等債20,60,2,58,群益金鼎-西松,2024-10-17,9136
00887,永豐中國科技50大,53,0,53,群益金鼎-西松,2024-10-17,9136
1722,台肥,53,0,53,群益金鼎-西松,2024-10-17,9136
00633L,富邦上証正2,52,0,52,群益金鼎-西松,2024-10-17,9136
0056,元大高股息,55,4,51,群益金鼎-西松,2024-10-17,9136
2031,新光鋼,43,0,43,群益金鼎-西松,2024-10-17,9136
2206,三陽工業,41,0,41,群益金鼎-西松,2024-10-17,9136
2489,瑞軒,41,0,41,群益金鼎-西松,2024-10-17,9136
3615,安可,55,15,40,群益金鼎-西松,2024-10-17,9136
00885,富邦越南,40,1,39,群益金鼎-西松,2024-10-17,9136
2228,劍麟,38,0,38,群益金鼎-西松,2024-10-17,9136
3232,昱捷,50,12,38,群益金鼎-西松,2024-10-17,9136
4576,大銀微系統,32,0,32,群益金鼎-西松,2024-10-17,9136
4526,東台,88,56,32,群益金鼎-西松,2024-10-17,9136
9802,鈺齊-KY,30,0,30,群益金鼎-西松,2024-10-17,9136
6757,台灣虎航,27,0,27,群益金鼎-西松,2024-10-17,9136
6197,佳必琪,21,0,21,群益金鼎-西松,2024-10-17,9136
6890,來億-KY,21,0,21,群益金鼎-西松,2024-10-17,9136
006205,富邦上証,20,0,20,群益金鼎-西松,2024-10-17,9136
2243,宏旭-KY,20,0,20,群益金鼎-西松,2024-10-17,9136
4716,大立,20,0,20,群益金鼎-西松,2024-10-17,9136
9907,統一實,20,1,19,群益金鼎-西松,2024-10-17,9136
00713,元大台灣高息低波,17,0,17,群益金鼎-西松,2024-10-17,9136
5481,新華,46,29,17,群益金鼎-西松,2024-10-17,9136
6829,千附精密,27,10,17,群益金鼎-西松,2024-10-17,9136
00688L,國泰20年美債正2,16,0,16,群益金鼎-西松,2024-10-17,9136
3430,奇鈦科,15,0,15,群益金鼎-西松,2024-10-17,9136
4956,光鋐,16,1,15,群益金鼎-西松,2024-10-17,9136
2426,鼎元,14,0,14,群益金鼎-西松,2024-10-17,9136
00753L,中信中國50正2,19,5,14,群益金鼎-西松,2024-10-17,9136
3714,富采,14,0,14,群益金鼎-西松,2024-10-17,9136
00878,國泰永續高股息,23,10,13,群益金鼎-西松,2024-10-17,9136
2421,建準,28,15,13,群益金鼎-西松,2024-10-17,9136
5452,佶優,37,24,13,群益金鼎-西松,2024-10-17,9136
2330,台積電,13,1,12,群益金鼎-西松,2024-10-17,9136
2340,台亞,13,1,12,群益金鼎-西松,2024-10-17,9136
5484,慧友,12,0,12,群益金鼎-西松,2024-10-17,9136
6530,創威,29,17,12,群益金鼎-西松,2024-10-17,9136
2388,威盛,11,0,11,群益金鼎-西松,2024-10-17,9136
2362,藍天,11,0,11,群益金鼎-西松,2024-10-17,9136
3710,連展投控,13,2,11,群益金鼎-西松,2024-10-17,9136
00937B,群益ESG投等債20,658,115,543,群益金鼎-西松,2024-10-18,9136
1504,東元,183,5,178,群益金鼎-西松,2024-10-18,9136
3031,佰鴻,174,36,138,群益金鼎-西松,2024-10-18,9136
3162,精確,128,6,122,群益金鼎-西松,2024-10-18,9136
00679B,元大美債20年,121,13,108,群益金鼎-西松,2024-10-18,9136
1595,川寶,103,6,97,群益金鼎-西松,2024-10-18,9136
00753L,中信中國50正2,127,35,92,群益金鼎-西松,2024-10-18,9136
3036,文曄,88,0,88,群益金鼎-西松,2024-10-18,9136
2303,聯電,91,11,80,群益金鼎-西松,2024-10-18,9136
00687B,國泰20年美債,73,0,73,群益金鼎-西松,2024-10-18,9136
4576,大銀微系統,81,8,73,群益金鼎-西松,2024-10-18,9136
00688L,國泰20年美債正2,66,0,66,群益金鼎-西松,2024-10-18,9136
2455,全新,62,2,60,群益金鼎-西松,2024-10-18,9136
3652,精聯,73,22,51,群益金鼎-西松,2024-10-18,9136
00680L,元大美債20正2,47,0,47,群益金鼎-西松,2024-10-18,9136
2527,宏璟,43,3,40,群益金鼎-西松,2024-10-18,9136
2610,華航,40,0,40,群益金鼎-西松,2024-10-18,9136
2383,台光電,36,0,36,群益金鼎-西松,2024-10-18,9136
00919,群益台灣精選高息,72,36,36,群益金鼎-西松,2024-10-18,9136
3489,森寶,35,4,31,群益金鼎-西松,2024-10-18,9136
00795B,中信美國公債20年,30,0,30,群益金鼎-西松,2024-10-18,9136
00927,群益半導體收益,29,0,29,群益金鼎-西松,2024-10-18,9136
00882,中信中國高股息,28,0,28,群益金鼎-西松,2024-10-18,9136
5452,佶優,79,55,24,群益金鼎-西松,2024-10-18,9136
8299,群聯,23,0,23,群益金鼎-西松,2024-10-18,9136
2363,矽統,36,13,23,群益金鼎-西松,2024-10-18,9136
2356,英業達,109,86,23,群益金鼎-西松,2024-10-18,9136
3167,大量,87,64,23,群益金鼎-西松,2024-10-18,9136
00632R,元大台灣50反1,33,10,23,群益金鼎-西松,2024-10-18,9136
3703,欣陸,20,0,20,群益金鼎-西松,2024-10-18,9136
0056,元大高股息,31,11,20,群益金鼎-西松,2024-10-18,9136
1402,遠東新,16,0,16,群益金鼎-西松,2024-10-18,9136
3564,其陽,21,5,16,群益金鼎-西松,2024-10-18,9136
3701,大眾控,19,3,16,群益金鼎-西松,2024-10-18,9136
00904,新光臺灣半導體30,15,0,15,群益金鼎-西松,2024-10-18,9136
3711,日月光投控,40,26,14,群益金鼎-西松,2024-10-18,9136
3687,歐買尬,21,7,14,群益金鼎-西松,2024-10-18,9136
6451,訊芯-KY,32,18,14,群益金鼎-西松,2024-10-18,9136
6274,台燿,15,2,13,群益金鼎-西松,2024-10-18,9136
5516,雙喜,22,10,12,群益金鼎-西松,2024-10-18,9136
8404,百和興業-KY,13,1,12,群益金鼎-西松,2024-10-18,9136
2007,燁興,14,3,11,群益金鼎-西松,2024-10-18,9136
2312,金寶,23,12,11,群益金鼎-西松,2024-10-18,9136
4760,勤凱,11,0,11,群益金鼎-西松,2024-10-18,9136
4906,正文,11,0,11,群益金鼎-西松,2024-10-18,9136
5347,世界,12,1,11,群益金鼎-西松,2024-10-18,9136
00933B,國泰10Y+金融債,10,0,10,群益金鼎-西松,2024-10-18,9136
2402,毅嘉,12,2,10,群益金鼎-西松,2024-10-18,9136
00634R,富邦上証反1,10,0,10,群益金鼎-西松,2024-10-18,9136
00664R,國泰臺灣加權反1,10,0,10,群益金鼎-西松,2024-10-18,9136
5876,上海商銀,441,0,441,群益金鼎-西松,2024-10-21,9136
1504,東元,302,0,302,群益金鼎-西松,2024-10-21,9136
00945B,凱基美國非投等債,255,0,255,群益金鼎-西松,2024-10-21,9136
00937B,群益ESG投等債20,275,30,245,群益金鼎-西松,2024-10-21,9136
2520,冠德,70,0,70,群益金鼎-西松,2024-10-21,9136
3290,東浦,70,10,60,群益金鼎-西松,2024-10-21,9136
1808,潤隆,49,0,49,群益金鼎-西松,2024-10-21,9136
3581,博磊,60,11,49,群益金鼎-西松,2024-10-21,9136
1597,直得,56,8,48,群益金鼎-西松,2024-10-21,9136
00665L,富邦�琤肭磪囓�2,50,10,40,群益金鼎-西松,2024-10-21,9136
2645,長榮航太,40,0,40,群益金鼎-西松,2024-10-21,9136
00650L,復華香港正2,35,0,35,群益金鼎-西松,2024-10-21,9136
00882,中信中國高股息,38,3,35,群益金鼎-西松,2024-10-21,9136
00948B,中信優息投資級債,34,0,34,群益金鼎-西松,2024-10-21,9136
00639,富邦深100,42,10,32,群益金鼎-西松,2024-10-21,9136
00885,富邦越南,31,0,31,群益金鼎-西松,2024-10-21,9136
00643,群益深証中小,30,0,30,群益金鼎-西松,2024-10-21,9136
00878,國泰永續高股息,39,11,28,群益金鼎-西松,2024-10-21,9136
00752,中信中國50,28,0,28,群益金鼎-西松,2024-10-21,9136
6829,千附精密,43,15,28,群益金鼎-西松,2024-10-21,9136
6202,盛群,24,0,24,群益金鼎-西松,2024-10-21,9136
2402,毅嘉,24,1,23,群益金鼎-西松,2024-10-21,9136
00915,凱基優選高股息30,22,1,21,群益金鼎-西松,2024-10-21,9136
2881,富邦金,20,0,20,群益金鼎-西松,2024-10-21,9136
2323,中環,20,0,20,群益金鼎-西松,2024-10-21,9136
00725B,國泰投資級公司債,19,0,19,群益金鼎-西松,2024-10-21,9136
3011,今皓,38,19,19,群益金鼎-西松,2024-10-21,9136
2317,鴻海,40,22,18,群益金鼎-西松,2024-10-21,9136
00959B,大華投等美債15Y+,18,0,18,群益金鼎-西松,2024-10-21,9136
2070,精湛,18,0,18,群益金鼎-西松,2024-10-21,9136
3390,旭軟,20,2,18,群益金鼎-西松,2024-10-21,9136
00679B,元大美債20年,18,0,18,群益金鼎-西松,2024-10-21,9136
2548,華固,19,2,17,群益金鼎-西松,2024-10-21,9136
2885,元大金,16,0,16,群益金鼎-西松,2024-10-21,9136
2882,國泰金,15,0,15,群益金鼎-西松,2024-10-21,9136
1569,濱川,15,0,15,群益金鼎-西松,2024-10-21,9136
3593,力銘,15,0,15,群益金鼎-西松,2024-10-21,9136
5452,佶優,39,24,15,群益金鼎-西松,2024-10-21,9136
4540,全球傳動,31,17,14,群益金鼎-西松,2024-10-21,9136
00795B,中信美國公債20年,14,0,14,群益金鼎-西松,2024-10-21,9136
2883,凱基金,13,0,13,群益金鼎-西松,2024-10-21,9136
00887,永豐中國科技50大,22,9,13,群益金鼎-西松,2024-10-21,9136
00720B,元大投資級公司債,13,0,13,群益金鼎-西松,2024-10-21,9136
00949,復華日本龍頭,13,0,13,群益金鼎-西松,2024-10-21,9136
1301,台塑,12,0,12,群益金鼎-西松,2024-10-21,9136
3354,律勝,14,2,12,群益金鼎-西松,2024-10-21,9136
2328,廣宇,12,0,12,群益金鼎-西松,2024-10-21,9136
00687B,國泰20年美債,21,10,11,群益金鼎-西松,2024-10-21,9136
2851,中再保,10,0,10,群益金鼎-西松,2024-10-21,9136
3430,奇鈦科,10,0,10,群益金鼎-西松,2024-10-21,9136
00937B,群益ESG投等債20,471,0,471,群益金鼎-西松,2024-10-22,9136
1528,恩德,386,0,386,群益金鼎-西松,2024-10-22,9136
1504,東元,155,0,155,群益金鼎-西松,2024-10-22,9136
00679B,元大美債20年,136,12,124,群益金鼎-西松,2024-10-22,9136
3056,富華新,120,0,120,群益金鼎-西松,2024-10-22,9136
6151,晉倫,123,13,110,群益金鼎-西松,2024-10-22,9136
6405,悅城,105,4,101,群益金鼎-西松,2024-10-22,9136
6168,宏齊,115,35,80,群益金鼎-西松,2024-10-22,9136
00688L,國泰20年美債正2,61,0,61,群益金鼎-西松,2024-10-22,9136
2543,皇昌,55,0,55,群益金鼎-西松,2024-10-22,9136
00687B,國泰20年美債,59,5,54,群益金鼎-西松,2024-10-22,9136
00933B,國泰10Y+金融債,52,0,52,群益金鼎-西松,2024-10-22,9136
2399,映泰,93,60,33,群益金鼎-西松,2024-10-22,9136
00650L,復華香港正2,33,0,33,群益金鼎-西松,2024-10-22,9136
00637L,元大滬深300正2,36,7,29,群益金鼎-西松,2024-10-22,9136
00905,FT臺灣Smart,27,0,27,群益金鼎-西松,2024-10-22,9136
00795B,中信美國公債20年,25,0,25,群益金鼎-西松,2024-10-22,9136
3605,宏致,27,5,22,群益金鼎-西松,2024-10-22,9136
00927,群益半導體收益,21,0,21,群益金鼎-西松,2024-10-22,9136
00948B,中信優息投資級債,36,15,21,群益金鼎-西松,2024-10-22,9136
8027,鈦昇,27,6,21,群益金鼎-西松,2024-10-22,9136
00665L,富邦�琤肭磪囓�2,20,0,20,群益金鼎-西松,2024-10-22,9136
3028,增你強,20,0,20,群益金鼎-西松,2024-10-22,9136
00919,群益台灣精選高息,20,0,20,群益金鼎-西松,2024-10-22,9136
3481,群創,30,11,19,群益金鼎-西松,2024-10-22,9136
5392,能率,20,2,18,群益金鼎-西松,2024-10-22,9136
3450,聯鈞,33,16,17,群益金鼎-西松,2024-10-22,9136
3406,玉晶光,16,0,16,群益金鼎-西松,2024-10-22,9136
1569,濱川,17,1,16,群益金鼎-西松,2024-10-22,9136
3356,奇偶,18,2,16,群益金鼎-西松,2024-10-22,9136
4540,全球傳動,23,7,16,群益金鼎-西松,2024-10-22,9136
00882,中信中國高股息,18,3,15,群益金鼎-西松,2024-10-22,9136
3430,奇鈦科,21,6,15,群益金鼎-西松,2024-10-22,9136
4933,友輝,18,3,15,群益金鼎-西松,2024-10-22,9136
00885,富邦越南,30,16,14,群益金鼎-西松,2024-10-22,9136
00942B,台新美A公司債20+,13,0,13,群益金鼎-西松,2024-10-22,9136
00725B,國泰投資級公司債,12,0,12,群益金鼎-西松,2024-10-22,9136
2883,凱基金,12,0,12,群益金鼎-西松,2024-10-22,9136
00712,復華富時不動產,11,0,11,群益金鼎-西松,2024-10-22,9136
00959B,大華投等美債15Y+,11,0,11,群益金鼎-西松,2024-10-22,9136
1808,潤隆,15,4,11,群益金鼎-西松,2024-10-22,9136
3518,柏騰,13,2,11,群益金鼎-西松,2024-10-22,9136
0056,元大高股息,13,2,11,群益金鼎-西松,2024-10-22,9136
6442,光聖,29,18,11,群益金鼎-西松,2024-10-22,9136
2330,台積電,13,2,11,群益金鼎-西松,2024-10-22,9136
1301,台塑,11,1,10,群益金鼎-西松,2024-10-22,9136
00642U,期元大S＆P石油,10,0,10,群益金鼎-西松,2024-10-22,9136
00696B,富邦美債20年,10,0,10,群益金鼎-西松,2024-10-22,9136
00932,兆豐永續高息等權,10,0,10,群益金鼎-西松,2024-10-22,9136
00947,台新臺灣IC設計,10,0,10,群益金鼎-西松,2024-10-22,9136
1528,恩德,1755,26,1729,群益金鼎-西松,2024-10-23,9136
00688L,國泰20年美債正2,785,0,785,群益金鼎-西松,2024-10-23,9136
00937B,群益ESG投等債20,212,7,205,群益金鼎-西松,2024-10-23,9136
00948B,中信優息投資級債,109,0,109,群益金鼎-西松,2024-10-23,9136
00687B,國泰20年美債,47,0,47,群益金鼎-西松,2024-10-23,9136
00959B,大華投等美債15Y+,47,0,47,群益金鼎-西松,2024-10-23,9136
4526,東台,59,14,45,群益金鼎-西松,2024-10-23,9136
00878,國泰永續高股息,41,0,41,群益金鼎-西松,2024-10-23,9136
6609,瀧澤科,45,6,39,群益金鼎-西松,2024-10-23,9136
2308,台達電,37,0,37,群益金鼎-西松,2024-10-23,9136
2891,中信金,35,0,35,群益金鼎-西松,2024-10-23,9136
00680L,元大美債20正2,30,0,30,群益金鼎-西松,2024-10-23,9136
8176,智捷,25,1,24,群益金鼎-西松,2024-10-23,9136
1307,三芳,28,4,24,群益金鼎-西松,2024-10-23,9136
00885,富邦越南,22,0,22,群益金鼎-西松,2024-10-23,9136
00933B,國泰10Y+金融債,20,1,19,群益金鼎-西松,2024-10-23,9136
3605,宏致,24,5,19,群益金鼎-西松,2024-10-23,9136
6442,光聖,25,6,19,群益金鼎-西松,2024-10-23,9136
00679B,元大美債20年,18,1,17,群益金鼎-西松,2024-10-23,9136
2542,興富發,17,0,17,群益金鼎-西松,2024-10-23,9136
2892,第一金,17,0,17,群益金鼎-西松,2024-10-23,9136
00655L,國泰中國A50正2,17,1,16,群益金鼎-西松,2024-10-23,9136
2352,佳世達,16,0,16,群益金鼎-西松,2024-10-23,9136
8299,群聯,18,2,16,群益金鼎-西松,2024-10-23,9136
00927,群益半導體收益,15,0,15,群益金鼎-西松,2024-10-23,9136
5876,上海商銀,17,2,15,群益金鼎-西松,2024-10-23,9136
6151,晉倫,52,37,15,群益金鼎-西松,2024-10-23,9136
2409,友達,15,1,14,群益金鼎-西松,2024-10-23,9136
00919,群益台灣精選高息,15,2,13,群益金鼎-西松,2024-10-23,9136
0056,元大高股息,13,0,13,群益金鼎-西松,2024-10-23,9136
3167,大量,36,23,13,群益金鼎-西松,2024-10-23,9136
6158,禾昌,16,3,13,群益金鼎-西松,2024-10-23,9136
00665L,富邦�琤肭磪囓�2,62,50,12,群益金鼎-西松,2024-10-23,9136
3711,日月光投控,15,3,12,群益金鼎-西松,2024-10-23,9136
3663,鑫科,20,9,11,群益金鼎-西松,2024-10-23,9136
00938,凱基優選30,111,100,11,群益金鼎-西松,2024-10-23,9136
00945B,凱基美國非投等債,11,0,11,群益金鼎-西松,2024-10-23,9136
1569,濱川,18,7,11,群益金鼎-西松,2024-10-23,9136
2329,華泰,81,70,11,群益金鼎-西松,2024-10-23,9136
2408,南亞科,11,0,11,群益金鼎-西松,2024-10-23,9136
2467,志聖,11,0,11,群益金鼎-西松,2024-10-23,9136
5443,均豪,11,0,11,群益金鼎-西松,2024-10-23,9136
2303,聯電,14,4,10,群益金鼎-西松,2024-10-23,9136
5386,青雲,13,3,10,群益金鼎-西松,2024-10-23,9136
2371,大同,10,0,10,群益金鼎-西松,2024-10-23,9136
2374,佳能,10,0,10,群益金鼎-西松,2024-10-23,9136
6186,新潤,10,0,10,群益金鼎-西松,2024-10-23,9136
2412,中華電,10,0,10,群益金鼎-西松,2024-10-23,9136
3447,展達,16,7,9,群益金鼎-西松,2024-10-23,9136
2316,楠梓電,8,0,8,群益金鼎-西松,2024-10-23,9136
3447,展達,113,9,104,群益金鼎-西松,2024-10-24,9136
00753L,中信中國50正2,79,0,79,群益金鼎-西松,2024-10-24,9136
4545,銘鈺,73,3,70,群益金鼎-西松,2024-10-24,9136
2206,三陽工業,59,0,59,群益金鼎-西松,2024-10-24,9136
00882,中信中國高股息,98,42,56,群益金鼎-西松,2024-10-24,9136
00665L,富邦�琤肭磪囓�2,52,0,52,群益金鼎-西松,2024-10-24,9136
00878,國泰永續高股息,49,0,49,群益金鼎-西松,2024-10-24,9136
0056,元大高股息,51,3,48,群益金鼎-西松,2024-10-24,9136
2382,廣達,40,0,40,群益金鼎-西松,2024-10-24,9136
3037,欣興,35,1,34,群益金鼎-西松,2024-10-24,9136
00929,復華台灣科技優息,49,15,34,群益金鼎-西松,2024-10-24,9136
2308,台達電,34,1,33,群益金鼎-西松,2024-10-24,9136
00937B,群益ESG投等債20,58,27,31,群益金鼎-西松,2024-10-24,9136
1536,和大,36,6,30,群益金鼎-西松,2024-10-24,9136
2809,京城銀,30,0,30,群益金鼎-西松,2024-10-24,9136
00679B,元大美債20年,28,0,28,群益金鼎-西松,2024-10-24,9136
3687,歐買尬,26,2,24,群益金鼎-西松,2024-10-24,9136
6241,易通展,23,0,23,群益金鼎-西松,2024-10-24,9136
00919,群益台灣精選高息,26,5,21,群益金鼎-西松,2024-10-24,9136
00637L,元大滬深300正2,62,41,21,群益金鼎-西松,2024-10-24,9136
00940,元大台灣價值高息,20,0,20,群益金鼎-西松,2024-10-24,9136
6191,精成科,20,0,20,群益金鼎-西松,2024-10-24,9136
3042,晶技,19,0,19,群益金鼎-西松,2024-10-24,9136
2369,菱生,25,6,19,群益金鼎-西松,2024-10-24,9136
2399,映泰,27,8,19,群益金鼎-西松,2024-10-24,9136
2303,聯電,18,0,18,群益金鼎-西松,2024-10-24,9136
2610,華航,23,5,18,群益金鼎-西松,2024-10-24,9136
2891,中信金,31,14,17,群益金鼎-西松,2024-10-24,9136
2317,鴻海,41,24,17,群益金鼎-西松,2024-10-24,9136
2388,威盛,18,2,16,群益金鼎-西松,2024-10-24,9136
3028,增你強,16,0,16,群益金鼎-西松,2024-10-24,9136
00877,復華中國5G,15,0,15,群益金鼎-西松,2024-10-24,9136
2892,第一金,15,0,15,群益金鼎-西松,2024-10-24,9136
6785,昱展新藥,15,0,15,群益金鼎-西松,2024-10-24,9136
2596,綠意,14,0,14,群益金鼎-西松,2024-10-24,9136
5907,大洋-KY,17,3,14,群益金鼎-西松,2024-10-24,9136
2329,華泰,15,2,13,群益金鼎-西松,2024-10-24,9136
4903,聯光通,18,5,13,群益金鼎-西松,2024-10-24,9136
00713,元大台灣高息低波,15,3,12,群益金鼎-西松,2024-10-24,9136
8032,光菱,14,2,12,群益金鼎-西松,2024-10-24,9136
00725B,國泰投資級公司債,11,0,11,群益金鼎-西松,2024-10-24,9136
2486,一詮,12,1,11,群益金鼎-西松,2024-10-24,9136
00905,FT臺灣Smart,10,0,10,群益金鼎-西松,2024-10-24,9136
00885,富邦越南,10,0,10,群益金鼎-西松,2024-10-24,9136
00687B,國泰20年美債,20,10,10,群益金鼎-西松,2024-10-24,9136
1569,濱川,10,0,10,群益金鼎-西松,2024-10-24,9136
1714,和桐,10,0,10,群益金鼎-西松,2024-10-24,9136
2543,皇昌,11,1,10,群益金鼎-西松,2024-10-24,9136
2929,淘帝-KY,20,10,10,群益金鼎-西松,2024-10-24,9136
4127,天良,10,0,10,群益金鼎-西松,2024-10-24,9136
00959B,大華投等美債15Y+,123,0,123,群益金鼎-西松,2024-10-25,9136
00937B,群益ESG投等債20,69,4,65,群益金鼎-西松,2024-10-25,9136
2477,美隆電,46,1,45,群益金鼎-西松,2024-10-25,9136
3447,展達,53,13,40,群益金鼎-西松,2024-10-25,9136
2646,星宇航空,111,75,36,群益金鼎-西松,2024-10-25,9136
3663,鑫科,53,20,33,群益金鼎-西松,2024-10-25,9136
00892,富邦台灣半導體,21,0,21,群益金鼎-西松,2024-10-25,9136
5392,能率,20,0,20,群益金鼎-西松,2024-10-25,9136
00960,野村全球航運龍頭,20,0,20,群益金鼎-西松,2024-10-25,9136
2515,中工,20,0,20,群益金鼎-西松,2024-10-25,9136
4303,信立,20,0,20,群益金鼎-西松,2024-10-25,9136
2495,普安,45,25,20,群益金鼎-西松,2024-10-25,9136
2887,台新金,20,1,19,群益金鼎-西松,2024-10-25,9136
3489,森寶,33,15,18,群益金鼎-西松,2024-10-25,9136
1416,廣豐,17,0,17,群益金鼎-西松,2024-10-25,9136
1531,高林股,17,0,17,群益金鼎-西松,2024-10-25,9136
4714,永捷,19,2,17,群益金鼎-西松,2024-10-25,9136
2028,威致,18,2,16,群益金鼎-西松,2024-10-25,9136
2596,綠意,16,0,16,群益金鼎-西松,2024-10-25,9136
1464,得力,15,0,15,群益金鼎-西松,2024-10-25,9136
2329,華泰,15,0,15,群益金鼎-西松,2024-10-25,9136
9907,統一實,15,0,15,群益金鼎-西松,2024-10-25,9136
00915,凱基優選高股息30,15,1,14,群益金鼎-西松,2024-10-25,9136
00642U,期元大S＆P石油,14,0,14,群益金鼎-西松,2024-10-25,9136
3454,晶睿,14,0,14,群益金鼎-西松,2024-10-25,9136
00944,野村趨勢動能高息,13,0,13,群益金鼎-西松,2024-10-25,9136
2867,三商壽,13,0,13,群益金鼎-西松,2024-10-25,9136
00713,元大台灣高息低波,13,0,13,群益金鼎-西松,2024-10-25,9136
3231,緯創,50,37,13,群益金鼎-西松,2024-10-25,9136
3615,安可,23,12,11,群益金鼎-西松,2024-10-25,9136
6451,訊芯-KY,11,1,10,群益金鼎-西松,2024-10-25,9136
00885,富邦越南,10,0,10,群益金鼎-西松,2024-10-25,9136
2337,旺宏,10,0,10,群益金鼎-西松,2024-10-25,9136
2344,華邦電,10,0,10,群益金鼎-西松,2024-10-25,9136
2542,興富發,17,7,10,群益金鼎-西松,2024-10-25,9136
3430,奇鈦科,12,2,10,群益金鼎-西松,2024-10-25,9136
3652,精聯,12,2,10,群益金鼎-西松,2024-10-25,9136
6204,艾華,10,0,10,群益金鼎-西松,2024-10-25,9136
2412,中華電,9,0,9,群益金鼎-西松,2024-10-25,9136
2615,萬海,10,1,9,群益金鼎-西松,2024-10-25,9136
3028,增你強,9,0,9,群益金鼎-西松,2024-10-25,9136
3710,連展投控,8,0,8,群益金鼎-西松,2024-10-25,9136
5907,大洋-KY,14,6,8,群益金鼎-西松,2024-10-25,9136
00919,群益台灣精選高息,10,2,8,群益金鼎-西松,2024-10-25,9136
00878,國泰永續高股息,15,8,7,群益金鼎-西松,2024-10-25,9136
00946,群益科技高息成長,7,0,7,群益金鼎-西松,2024-10-25,9136
1725,元禎,19,12,7,群益金鼎-西松,2024-10-25,9136
2303,聯電,8,1,7,群益金鼎-西松,2024-10-25,9136
3018,隆銘綠能,7,0,7,群益金鼎-西松,2024-10-25,9136
4739,康普,15,8,7,群益金鼎-西松,2024-10-25,9136
2330,台積電,166,0,166,群益金鼎-西松,2024-10-28,9136
6156,松上,171,11,160,群益金鼎-西松,2024-10-28,9136
00948B,中信優息投資級債,151,20,131,群益金鼎-西松,2024-10-28,9136
8240,華宏,84,20,64,群益金鼎-西松,2024-10-28,9136
00680L,元大美債20正2,58,0,58,群益金鼎-西松,2024-10-28,9136
00637L,元大滬深300正2,93,37,56,群益金鼎-西松,2024-10-28,9136
00937B,群益ESG投等債20,66,20,46,群益金鼎-西松,2024-10-28,9136
00878,國泰永續高股息,46,5,41,群益金鼎-西松,2024-10-28,9136
2613,中櫃,45,5,40,群益金鼎-西松,2024-10-28,9136
3040,遠見,44,4,40,群益金鼎-西松,2024-10-28,9136
1309,台達化,29,0,29,群益金鼎-西松,2024-10-28,9136
2431,聯昌,26,1,25,群益金鼎-西松,2024-10-28,9136
00679B,元大美債20年,27,3,24,群益金鼎-西松,2024-10-28,9136
8032,光菱,23,0,23,群益金鼎-西松,2024-10-28,9136
1474,弘裕,23,1,22,群益金鼎-西松,2024-10-28,9136
2317,鴻海,50,31,19,群益金鼎-西松,2024-10-28,9136
2646,星宇航空,79,60,19,群益金鼎-西松,2024-10-28,9136
6158,禾昌,31,13,18,群益金鼎-西松,2024-10-28,9136
00877,復華中國5G,15,0,15,群益金鼎-西松,2024-10-28,9136
00753L,中信中國50正2,15,0,15,群益金鼎-西松,2024-10-28,9136
2303,聯電,14,0,14,群益金鼎-西松,2024-10-28,9136
00725B,國泰投資級公司債,14,0,14,群益金鼎-西松,2024-10-28,9136
00795B,中信美國公債20年,14,0,14,群益金鼎-西松,2024-10-28,9136
1307,三芳,40,26,14,群益金鼎-西松,2024-10-28,9136
0056,元大高股息,15,1,14,群益金鼎-西松,2024-10-28,9136
00642U,期元大S＆P石油,13,0,13,群益金鼎-西松,2024-10-28,9136
00932,兆豐永續高息等權,13,0,13,群益金鼎-西松,2024-10-28,9136
2929,淘帝-KY,13,0,13,群益金鼎-西松,2024-10-28,9136
5292,華懋,15,2,13,群益金鼎-西松,2024-10-28,9136
00687B,國泰20年美債,22,10,12,群益金鼎-西松,2024-10-28,9136
2354,鴻準,22,10,12,群益金鼎-西松,2024-10-28,9136
6546,正基,12,0,12,群益金鼎-西松,2024-10-28,9136
2356,英業達,15,4,11,群益金鼎-西松,2024-10-28,9136
2405,輔信,11,0,11,群益金鼎-西松,2024-10-28,9136
00696B,富邦美債20年,10,0,10,群益金鼎-西松,2024-10-28,9136
3450,聯鈞,19,9,10,群益金鼎-西松,2024-10-28,9136
4755,三福化,10,0,10,群益金鼎-西松,2024-10-28,9136
00664R,國泰臺灣加權反1,10,0,10,群益金鼎-西松,2024-10-28,9136
1449,佳和,11,1,10,群益金鼎-西松,2024-10-28,9136
2103,台橡,10,0,10,群益金鼎-西松,2024-10-28,9136
3013,晟銘電,13,3,10,群益金鼎-西松,2024-10-28,9136
3703,欣陸,10,0,10,群益金鼎-西松,2024-10-28,9136
3715,定穎投控,11,1,10,群益金鼎-西松,2024-10-28,9136
00720B,元大投資級公司債,9,0,9,群益金鼎-西松,2024-10-28,9136
3321,同泰,9,0,9,群益金鼎-西松,2024-10-28,9136
8064,東捷,9,0,9,群益金鼎-西松,2024-10-28,9136
2412,中華電,8,0,8,群益金鼎-西松,2024-10-28,9136
2493,揚博,10,2,8,群益金鼎-西松,2024-10-28,9136
2329,華泰,9,2,7,群益金鼎-西松,2024-10-28,9136
2449,京元電子,17,10,7,群益金鼎-西松,2024-10-28,9136
00919,群益台灣精選高息,140,14,126,群益金鼎-西松,2024-10-29,9136
00878,國泰永續高股息,140,22,118,群益金鼎-西松,2024-10-29,9136
3363,上詮,119,7,112,群益金鼎-西松,2024-10-29,9136
00915,凱基優選高股息30,83,0,83,群益金鼎-西松,2024-10-29,9136
6156,松上,86,6,80,群益金鼎-西松,2024-10-29,9136
0056,元大高股息,96,16,80,群益金鼎-西松,2024-10-29,9136
00929,復華台灣科技優息,71,6,65,群益金鼎-西松,2024-10-29,9136
00937B,群益ESG投等債20,53,0,53,群益金鼎-西松,2024-10-29,9136
2376,技嘉,51,0,51,群益金鼎-西松,2024-10-29,9136
00918,大華優利高填息30,48,0,48,群益金鼎-西松,2024-10-29,9136
5481,新華,52,9,43,群益金鼎-西松,2024-10-29,9136
2883,凱基金,39,0,39,群益金鼎-西松,2024-10-29,9136
00713,元大台灣高息低波,46,7,39,群益金鼎-西松,2024-10-29,9136
2356,英業達,47,13,34,群益金鼎-西松,2024-10-29,9136
2354,鴻準,58,27,31,群益金鼎-西松,2024-10-29,9136
6134,萬旭,26,0,26,群益金鼎-西松,2024-10-29,9136
00946,群益科技高息成長,25,0,25,群益金鼎-西松,2024-10-29,9136
00795B,中信美國公債20年,23,0,23,群益金鼎-西松,2024-10-29,9136
5488,松普,48,26,22,群益金鼎-西松,2024-10-29,9136
2887,台新金,21,0,21,群益金鼎-西松,2024-10-29,9136
00892,富邦台灣半導體,20,0,20,群益金鼎-西松,2024-10-29,9136
00665L,富邦�琤肭磪囓�2,100,80,20,群益金鼎-西松,2024-10-29,9136
00961,FT臺灣永續高息,19,0,19,群益金鼎-西松,2024-10-29,9136
2303,聯電,24,5,19,群益金鼎-西松,2024-10-29,9136
1802,台玻,40,24,16,群益金鼎-西松,2024-10-29,9136
2615,萬海,29,13,16,群益金鼎-西松,2024-10-29,9136
2880,華南金,16,0,16,群益金鼎-西松,2024-10-29,9136
6257,矽格,15,0,15,群益金鼎-西松,2024-10-29,9136
8107,大億金茂,30,15,15,群益金鼎-西松,2024-10-29,9136
00940,元大台灣價值高息,40,26,14,群益金鼎-西松,2024-10-29,9136
2882,國泰金,15,1,14,群益金鼎-西松,2024-10-29,9136
00923,群益台ESG低碳50,14,0,14,群益金鼎-西松,2024-10-29,9136
00712,復華富時不動產,13,0,13,群益金鼎-西松,2024-10-29,9136
2362,藍天,13,0,13,群益金鼎-西松,2024-10-29,9136
3149,正達,15,2,13,群益金鼎-西松,2024-10-29,9136
6142,友勁,13,0,13,群益金鼎-西松,2024-10-29,9136
00922,國泰台灣領袖50,13,1,12,群益金鼎-西松,2024-10-29,9136
3062,建漢,12,0,12,群益金鼎-西松,2024-10-29,9136
3296,勝德,15,3,12,群益金鼎-西松,2024-10-29,9136
0050,元大台灣50,12,0,12,群益金鼎-西松,2024-10-29,9136
6274,台燿,12,1,11,群益金鼎-西松,2024-10-29,9136
00639,富邦深100,10,0,10,群益金鼎-西松,2024-10-29,9136
00933B,國泰10Y+金融債,12,2,10,群益金鼎-西松,2024-10-29,9136
00948B,中信優息投資級債,10,0,10,群益金鼎-西松,2024-10-29,9136
2103,台橡,10,0,10,群益金鼎-西松,2024-10-29,9136
2241,艾姆勒,10,0,10,群益金鼎-西松,2024-10-29,9136
3021,鴻名,24,14,10,群益金鼎-西松,2024-10-29,9136
5392,能率,10,0,10,群益金鼎-西松,2024-10-29,9136
9907,統一實,10,0,10,群益金鼎-西松,2024-10-29,9136
2412,中華電,10,0,10,群益金鼎-西松,2024-10-29,9136
00637L,元大滬深300正2,217,37,180,群益金鼎-西松,2024-10-30,9136
3363,上詮,130,3,127,群益金鼎-西松,2024-10-30,9136
00882,中信中國高股息,83,2,81,群益金鼎-西松,2024-10-30,9136
3576,聯合再生,60,1,59,群益金鼎-西松,2024-10-30,9136
3709,鑫聯大投控,66,23,43,群益金鼎-西松,2024-10-30,9136
6156,松上,58,16,42,群益金鼎-西松,2024-10-30,9136
00878,國泰永續高股息,47,7,40,群益金鼎-西松,2024-10-30,9136
0056,元大高股息,47,10,37,群益金鼎-西松,2024-10-30,9136
00753L,中信中國50正2,39,5,34,群益金鼎-西松,2024-10-30,9136
6425,易發,33,3,30,群益金鼎-西松,2024-10-30,9136
8044,網家,64,35,29,群益金鼎-西松,2024-10-30,9136
5309,系統電,35,7,28,群益金鼎-西松,2024-10-30,9136
2337,旺宏,25,0,25,群益金鼎-西松,2024-10-30,9136
3071,協禧,24,0,24,群益金鼎-西松,2024-10-30,9136
5258,虹堡,24,0,24,群益金鼎-西松,2024-10-30,9136
00919,群益台灣精選高息,26,3,23,群益金鼎-西松,2024-10-30,9136
2303,聯電,35,14,21,群益金鼎-西松,2024-10-30,9136
00877,復華中國5G,20,0,20,群益金鼎-西松,2024-10-30,9136
00642U,期元大S＆P石油,20,0,20,群益金鼎-西松,2024-10-30,9136
5426,振發,20,0,20,群益金鼎-西松,2024-10-30,9136
2302,麗正,17,0,17,群益金鼎-西松,2024-10-30,9136
5347,世界,24,7,17,群益金鼎-西松,2024-10-30,9136
4919,新唐,22,6,16,群益金鼎-西松,2024-10-30,9136
3481,群創,19,4,15,群益金鼎-西松,2024-10-30,9136
3702,大聯大,16,1,15,群益金鼎-西松,2024-10-30,9136
4945,陞達科技,15,0,15,群益金鼎-西松,2024-10-30,9136
6581,鋼聯,15,0,15,群益金鼎-西松,2024-10-30,9136
3037,欣興,29,14,15,群益金鼎-西松,2024-10-30,9136
00687B,國泰20年美債,24,10,14,群益金鼎-西松,2024-10-30,9136
3551,世禾,20,6,14,群益金鼎-西松,2024-10-30,9136
3293,鈊象,14,0,14,群益金鼎-西松,2024-10-30,9136
3149,正達,20,7,13,群益金鼎-西松,2024-10-30,9136
2887,台新金,14,2,12,群益金鼎-西松,2024-10-30,9136
2890,永豐金,12,0,12,群益金鼎-西松,2024-10-30,9136
00712,復華富時不動產,11,0,11,群益金鼎-西松,2024-10-30,9136
4909,新復興,11,0,11,群益金鼎-西松,2024-10-30,9136
00688L,國泰20年美債正2,11,0,11,群益金鼎-西松,2024-10-30,9136
2382,廣達,12,1,11,群益金鼎-西松,2024-10-30,9136
5907,大洋-KY,21,10,11,群益金鼎-西松,2024-10-30,9136
2049,上銀,10,0,10,群益金鼎-西松,2024-10-30,9136
00895,富邦未來車,10,0,10,群益金鼎-西松,2024-10-30,9136
00959B,大華投等美債15Y+,10,0,10,群益金鼎-西松,2024-10-30,9136
1569,濱川,18,8,10,群益金鼎-西松,2024-10-30,9136
1718,中纖,10,0,10,群益金鼎-西松,2024-10-30,9136
2313,華通,11,1,10,群益金鼎-西松,2024-10-30,9136
3703,欣陸,10,0,10,群益金鼎-西松,2024-10-30,9136
4906,正文,10,0,10,群益金鼎-西松,2024-10-30,9136
6691,洋基工程,11,1,10,群益金鼎-西松,2024-10-30,9136
00922,國泰台灣領袖50,9,0,9,群益金鼎-西松,2024-10-30,9136
1802,台玻,10,1,9,群益金鼎-西松,2024-10-30,9136
00664R,國泰臺灣加權反1,180,0,180,群益金鼎-西松,2024-11-01,9136
6156,松上,155,68,87,群益金鼎-西松,2024-11-01,9136
00919,群益台灣精選高息,68,8,60,群益金鼎-西松,2024-11-01,9136
00878,國泰永續高股息,70,14,56,群益金鼎-西松,2024-11-01,9136
2317,鴻海,61,5,56,群益金鼎-西松,2024-11-01,9136
3047,訊舟,54,0,54,群益金鼎-西松,2024-11-01,9136
00937B,群益ESG投等債20,62,12,50,群益金鼎-西松,2024-11-01,9136
00929,復華台灣科技優息,57,15,42,群益金鼎-西松,2024-11-01,9136
3576,聯合再生,41,0,41,群益金鼎-西松,2024-11-01,9136
00915,凱基優選高股息30,44,3,41,群益金鼎-西松,2024-11-01,9136
00713,元大台灣高息低波,38,5,33,群益金鼎-西松,2024-11-01,9136
2543,皇昌,44,12,32,群益金鼎-西松,2024-11-01,9136
6442,光聖,36,10,26,群益金鼎-西松,2024-11-01,9136
0056,元大高股息,38,12,26,群益金鼎-西松,2024-11-01,9136
2353,宏��,24,0,24,群益金鼎-西松,2024-11-01,9136
6658,聯策,24,2,22,群益金鼎-西松,2024-11-01,9136
00953B,群益優選非投等債,21,0,21,群益金鼎-西松,2024-11-01,9136
6605,帝寶,20,0,20,群益金鼎-西松,2024-11-01,9136
00922,國泰台灣領袖50,19,1,18,群益金鼎-西松,2024-11-01,9136
2303,聯電,20,3,17,群益金鼎-西松,2024-11-01,9136
6691,洋基工程,17,0,17,群益金鼎-西松,2024-11-01,9136
2405,輔信,16,0,16,群益金鼎-西松,2024-11-01,9136
6187,萬潤,15,0,15,群益金鼎-西松,2024-11-01,9136
00959B,大華投等美債15Y+,14,0,14,群益金鼎-西松,2024-11-01,9136
00905,FT臺灣Smart,12,0,12,群益金鼎-西松,2024-11-01,9136
00830,國泰費城半導體,11,0,11,群益金鼎-西松,2024-11-01,9136
1595,川寶,27,16,11,群益金鼎-西松,2024-11-01,9136
3481,群創,20,9,11,群益金鼎-西松,2024-11-01,9136
2881,富邦金,13,3,10,群益金鼎-西松,2024-11-01,9136
00712,復華富時不動產,10,0,10,群益金鼎-西松,2024-11-01,9136
00753L,中信中國50正2,60,50,10,群益金鼎-西松,2024-11-01,9136
3234,光環,11,1,10,群益金鼎-西松,2024-11-01,9136
2892,第一金,10,0,10,群益金鼎-西松,2024-11-01,9136
2887,台新金,9,0,9,群益金鼎-西松,2024-11-01,9136
2412,中華電,10,1,9,群益金鼎-西松,2024-11-01,9136
00940,元大台灣價值高息,12,3,9,群益金鼎-西松,2024-11-01,9136
6578,達邦蛋白,8,0,8,群益金鼎-西松,2024-11-01,9136
006208,富邦台50,8,0,8,群益金鼎-西松,2024-11-01,9136
00918,大華優利高填息30,7,0,7,群益金鼎-西松,2024-11-01,9136
2356,英業達,18,11,7,群益金鼎-西松,2024-11-01,9136
00895,富邦未來車,7,0,7,群益金鼎-西松,2024-11-01,9136
2337,旺宏,21,14,7,群益金鼎-西松,2024-11-01,9136
2392,正崴,8,1,7,群益金鼎-西松,2024-11-01,9136
8064,東捷,7,0,7,群益金鼎-西松,2024-11-01,9136
4938,和碩,6,0,6,群益金鼎-西松,2024-11-01,9136
00786B,元大10年IG銀行債,6,0,6,群益金鼎-西松,2024-11-01,9136
00941,中信上游半導體,6,0,6,群益金鼎-西松,2024-11-01,9136
2431,聯昌,13,7,6,群益金鼎-西松,2024-11-01,9136
2605,新興,6,0,6,群益金鼎-西松,2024-11-01,9136
3092,鴻碩,24,18,6,群益金鼎-西松,2024-11-01,9136
00637L,元大滬深300正2,303,4,299,群益金鼎-西松,2024-11-04,9136
6190,萬泰科,147,0,147,群益金鼎-西松,2024-11-04,9136
4903,聯光通,134,28,106,群益金鼎-西松,2024-11-04,9136
00919,群益台灣精選高息,81,0,81,群益金鼎-西松,2024-11-04,9136
00878,國泰永續高股息,71,1,70,群益金鼎-西松,2024-11-04,9136
2027,大成鋼,65,0,65,群益金鼎-西松,2024-11-04,9136
5225,東科-KY,56,0,56,群益金鼎-西松,2024-11-04,9136
5347,世界,58,3,55,群益金鼎-西松,2024-11-04,9136
00937B,群益ESG投等債20,162,107,55,群益金鼎-西松,2024-11-04,9136
3450,聯鈞,82,33,49,群益金鼎-西松,2024-11-04,9136
6530,創威,52,7,45,群益金鼎-西松,2024-11-04,9136
00680L,元大美債20正2,43,0,43,群益金鼎-西松,2024-11-04,9136
00929,復華台灣科技優息,64,23,41,群益金鼎-西松,2024-11-04,9136
2615,萬海,49,15,34,群益金鼎-西松,2024-11-04,9136
6691,洋基工程,32,0,32,群益金鼎-西松,2024-11-04,9136
00943,兆豐電子高息等權,30,0,30,群益金鼎-西松,2024-11-04,9136
00687B,國泰20年美債,31,2,29,群益金鼎-西松,2024-11-04,9136
5426,振發,54,27,27,群益金鼎-西松,2024-11-04,9136
2354,鴻準,123,97,26,群益金鼎-西松,2024-11-04,9136
2609,陽明,26,3,23,群益金鼎-西松,2024-11-04,9136
00632R,元大台灣50反1,20,0,20,群益金鼎-西松,2024-11-04,9136
9935,慶豐富,20,0,20,群益金鼎-西松,2024-11-04,9136
1735,日勝化,22,3,19,群益金鼎-西松,2024-11-04,9136
00725B,國泰投資級公司債,17,0,17,群益金鼎-西松,2024-11-04,9136
1456,怡華,17,0,17,群益金鼎-西松,2024-11-04,9136
00712,復華富時不動產,15,0,15,群益金鼎-西松,2024-11-04,9136
6165,浪凡,16,2,14,群益金鼎-西松,2024-11-04,9136
00679B,元大美債20年,20,7,13,群益金鼎-西松,2024-11-04,9136
8047,星雲,13,0,13,群益金鼎-西松,2024-11-04,9136
00918,大華優利高填息30,12,0,12,群益金鼎-西松,2024-11-04,9136
00753L,中信中國50正2,12,0,12,群益金鼎-西松,2024-11-04,9136
2356,英業達,25,13,12,群益金鼎-西松,2024-11-04,9136
2408,南亞科,12,1,11,群益金鼎-西松,2024-11-04,9136
00751B,元大AAA至A公司債,10,0,10,群益金鼎-西松,2024-11-04,9136
00885,富邦越南,10,0,10,群益金鼎-西松,2024-11-04,9136
00877,復華中國5G,20,10,10,群益金鼎-西松,2024-11-04,9136
00953B,群益優選非投等債,10,0,10,群益金鼎-西松,2024-11-04,9136
4303,信立,10,0,10,群益金鼎-西松,2024-11-04,9136
2303,聯電,14,5,9,群益金鼎-西松,2024-11-04,9136
2429,銘旺科,9,0,9,群益金鼎-西松,2024-11-04,9136
3019,亞光,22,13,9,群益金鼎-西松,2024-11-04,9136
6757,台灣虎航,11,2,9,群益金鼎-西松,2024-11-04,9136
00915,凱基優選高股息30,9,0,9,群益金鼎-西松,2024-11-04,9136
1474,弘裕,18,10,8,群益金鼎-西松,2024-11-04,9136
2337,旺宏,9,1,8,群益金鼎-西松,2024-11-04,9136
2371,大同,13,5,8,群益金鼎-西松,2024-11-04,9136
2528,皇普,9,1,8,群益金鼎-西松,2024-11-04,9136
00959B,大華投等美債15Y+,7,0,7,群益金鼎-西松,2024-11-04,9136
2344,華邦電,8,1,7,群益金鼎-西松,2024-11-04,9136
4968,立積,8,1,7,群益金鼎-西松,2024-11-04,9136
2891,中信金,131,1,130,群益金鼎-西松,2024-11-05,9136
00637L,元大滬深300正2,226,116,110,群益金鼎-西松,2024-11-05,9136
00946,群益科技高息成長,66,0,66,群益金鼎-西松,2024-11-05,9136
2377,微星,54,2,52,群益金鼎-西松,2024-11-05,9136
2376,技嘉,54,5,49,群益金鼎-西松,2024-11-05,9136
6691,洋基工程,41,0,41,群益金鼎-西松,2024-11-05,9136
3010,華立,40,0,40,群益金鼎-西松,2024-11-05,9136
00959B,大華投等美債15Y+,35,0,35,群益金鼎-西松,2024-11-05,9136
5315,光聯,51,16,35,群益金鼎-西松,2024-11-05,9136
2354,鴻準,75,41,34,群益金鼎-西松,2024-11-05,9136
2430,燦坤,42,10,32,群益金鼎-西松,2024-11-05,9136
00919,群益台灣精選高息,34,3,31,群益金鼎-西松,2024-11-05,9136
5258,虹堡,51,22,29,群益金鼎-西松,2024-11-05,9136
2431,聯昌,39,11,28,群益金鼎-西松,2024-11-05,9136
1531,高林股,27,0,27,群益金鼎-西松,2024-11-05,9136
00687B,國泰20年美債,29,8,21,群益金鼎-西松,2024-11-05,9136
00632R,元大台灣50反1,30,9,21,群益金鼎-西松,2024-11-05,9136
00952,凱基台灣AI50,21,0,21,群益金鼎-西松,2024-11-05,9136
2515,中工,20,0,20,群益金鼎-西松,2024-11-05,9136
3703,欣陸,20,0,20,群益金鼎-西松,2024-11-05,9136
8473,山林水,19,0,19,群益金鼎-西松,2024-11-05,9136
4903,聯光通,61,43,18,群益金鼎-西松,2024-11-05,9136
6859,伯特光,18,1,17,群益金鼎-西松,2024-11-05,9136
3490,單井,16,1,15,群益金鼎-西松,2024-11-05,9136
6451,訊芯-KY,18,3,15,群益金鼎-西松,2024-11-05,9136
2066,世德,16,2,14,群益金鼎-西松,2024-11-05,9136
00934,中信成長高股息,13,0,13,群益金鼎-西松,2024-11-05,9136
8047,星雲,30,17,13,群益金鼎-西松,2024-11-05,9136
00878,國泰永續高股息,13,1,12,群益金鼎-西松,2024-11-05,9136
1785,光洋科,12,0,12,群益金鼎-西松,2024-11-05,9136
2905,三商,24,12,12,群益金鼎-西松,2024-11-05,9136
6187,萬潤,14,2,12,群益金鼎-西松,2024-11-05,9136
00943,兆豐電子高息等權,11,0,11,群益金鼎-西松,2024-11-05,9136
3702,大聯大,10,0,10,群益金鼎-西松,2024-11-05,9136
00877,復華中國5G,20,10,10,群益金鼎-西松,2024-11-05,9136
00885,富邦越南,10,0,10,群益金鼎-西松,2024-11-05,9136
00664R,國泰臺灣加權反1,100,90,10,群益金鼎-西松,2024-11-05,9136
2889,國票金,10,0,10,群益金鼎-西松,2024-11-05,9136
4956,光鋐,22,12,10,群益金鼎-西松,2024-11-05,9136
1605,華新,10,1,9,群益金鼎-西松,2024-11-05,9136
2408,南亞科,16,7,9,群益金鼎-西松,2024-11-05,9136
3714,富采,15,6,9,群益金鼎-西松,2024-11-05,9136
2412,中華電,8,0,8,群益金鼎-西松,2024-11-05,9136
3062,建漢,31,23,8,群益金鼎-西松,2024-11-05,9136
8426,紅木-KY,8,0,8,群益金鼎-西松,2024-11-05,9136
4919,新唐,21,14,7,群益金鼎-西松,2024-11-05,9136
1717,長興,7,0,7,群益金鼎-西松,2024-11-05,9136
2228,劍麟,7,0,7,群益金鼎-西松,2024-11-05,9136
2615,萬海,36,29,7,群益金鼎-西松,2024-11-05,9136
1528,恩德,62,56,6,群益金鼎-西松,2024-11-05,9136
00753L,中信中國50正2,114,5,109,群益金鼎-西松,2024-11-06,9136
00688L,國泰20年美債正2,129,56,73,群益金鼎-西松,2024-11-06,9136
00687B,國泰20年美債,70,6,64,群益金鼎-西松,2024-11-06,9136
1815,富喬,110,47,63,群益金鼎-西松,2024-11-06,9136
00679B,元大美債20年,63,3,60,群益金鼎-西松,2024-11-06,9136
00878,國泰永續高股息,63,9,54,群益金鼎-西松,2024-11-06,9136
00665L,富邦�琤肭磪囓�2,49,0,49,群益金鼎-西松,2024-11-06,9136
4923,力士,61,14,47,群益金鼎-西松,2024-11-06,9136
00877,復華中國5G,45,0,45,群益金鼎-西松,2024-11-06,9136
00943,兆豐電子高息等權,40,0,40,群益金鼎-西松,2024-11-06,9136
2303,聯電,44,7,37,群益金鼎-西松,2024-11-06,9136
4807,日成-KY,53,17,36,群益金鼎-西松,2024-11-06,9136
00639,富邦深100,35,0,35,群益金鼎-西松,2024-11-06,9136
2312,金寶,45,16,29,群益金鼎-西松,2024-11-06,9136
00881,國泰台灣5G+,30,6,24,群益金鼎-西松,2024-11-06,9136
00942B,台新美A公司債20+,20,0,20,群益金鼎-西松,2024-11-06,9136
3450,聯鈞,39,19,20,群益金鼎-西松,2024-11-06,9136
4760,勤凱,21,1,20,群益金鼎-西松,2024-11-06,9136
4716,大立,20,0,20,群益金鼎-西松,2024-11-06,9136
3702A,大聯大甲特,19,0,19,群益金鼎-西松,2024-11-06,9136
00795B,中信美國公債20年,23,5,18,群益金鼎-西松,2024-11-06,9136
00650L,復華香港正2,15,0,15,群益金鼎-西松,2024-11-06,9136
00680L,元大美債20正2,54,39,15,群益金鼎-西松,2024-11-06,9136
1464,得力,15,0,15,群益金鼎-西松,2024-11-06,9136
6213,聯茂,16,1,15,群益金鼎-西松,2024-11-06,9136
8935,邦泰,15,0,15,群益金鼎-西松,2024-11-06,9136
6134,萬旭,17,4,13,群益金鼎-西松,2024-11-06,9136
3163,波若威,12,0,12,群益金鼎-西松,2024-11-06,9136
1314,中石化,12,1,11,群益金鼎-西松,2024-11-06,9136
8150,南茂,11,0,11,群益金鼎-西松,2024-11-06,9136
6691,洋基工程,10,0,10,群益金鼎-西松,2024-11-06,9136
6133,金橋,9,0,9,群益金鼎-西松,2024-11-06,9136
1528,恩德,40,31,9,群益金鼎-西松,2024-11-06,9136
1313,聯成,9,0,9,群益金鼎-西松,2024-11-06,9136
5234,達興材料,9,0,9,群益金鼎-西松,2024-11-06,9136
00891,中信關鍵半導體,8,0,8,群益金鼎-西松,2024-11-06,9136
00933B,國泰10Y+金融債,13,5,8,群益金鼎-西松,2024-11-06,9136
2324,仁寶,19,11,8,群益金鼎-西松,2024-11-06,9136
2412,中華電,8,0,8,群益金鼎-西松,2024-11-06,9136
5907,大洋-KY,10,2,8,群益金鼎-西松,2024-11-06,9136
6568,宏觀,8,0,8,群益金鼎-西松,2024-11-06,9136
8163,達方,8,0,8,群益金鼎-西松,2024-11-06,9136
4513,福裕,8,0,8,群益金鼎-西松,2024-11-06,9136
00918,大華優利高填息30,7,0,7,群益金鼎-西松,2024-11-06,9136
2066,世德,7,0,7,群益金鼎-西松,2024-11-06,9136
4971,IET-KY,7,0,7,群益金鼎-西松,2024-11-06,9136
5426,振發,9,2,7,群益金鼎-西松,2024-11-06,9136
6274,台燿,14,7,7,群益金鼎-西松,2024-11-06,9136
3481,群創,9,2,7,群益金鼎-西松,2024-11-06,9136
00882,中信中國高股息,15,8,7,群益金鼎-西松,2024-11-06,9136
00687B,國泰20年美債,175,0,175,群益金鼎-西松,2024-11-07,9136
00878,國泰永續高股息,66,11,55,群益金鼎-西松,2024-11-07,9136
2912,統一超,50,0,50,群益金鼎-西松,2024-11-07,9136
6190,萬泰科,50,4,46,群益金鼎-西松,2024-11-07,9136
00937B,群益ESG投等債20,54,10,44,群益金鼎-西松,2024-11-07,9136
00679B,元大美債20年,37,6,31,群益金鼎-西松,2024-11-07,9136
3518,柏騰,47,17,30,群益金鼎-西松,2024-11-07,9136
3450,聯鈞,36,8,28,群益金鼎-西松,2024-11-07,9136
8249,菱光,28,2,26,群益金鼎-西松,2024-11-07,9136
00877,復華中國5G,25,0,25,群益金鼎-西松,2024-11-07,9136
00688L,國泰20年美債正2,25,0,25,群益金鼎-西松,2024-11-07,9136
00943,兆豐電子高息等權,25,0,25,群益金鼎-西松,2024-11-07,9136
1314,中石化,25,1,24,群益金鼎-西松,2024-11-07,9136
6244,茂迪,21,0,21,群益金鼎-西松,2024-11-07,9136
00664R,國泰臺灣加權反1,20,0,20,群益金鼎-西松,2024-11-07,9136
2609,陽明,24,5,19,群益金鼎-西松,2024-11-07,9136
2312,金寶,100,82,18,群益金鼎-西松,2024-11-07,9136
00919,群益台灣精選高息,22,5,17,群益金鼎-西松,2024-11-07,9136
00915,凱基優選高股息30,17,0,17,群益金鼎-西松,2024-11-07,9136
00929,復華台灣科技優息,32,16,16,群益金鼎-西松,2024-11-07,9136
3447,展達,16,0,16,群益金鼎-西松,2024-11-07,9136
8044,網家,16,1,15,群益金鼎-西松,2024-11-07,9136
00830,國泰費城半導體,15,0,15,群益金鼎-西松,2024-11-07,9136
2399,映泰,37,23,14,群益金鼎-西松,2024-11-07,9136
2385,群光,21,8,13,群益金鼎-西松,2024-11-07,9136
00680L,元大美債20正2,11,0,11,群益金鼎-西松,2024-11-07,9136
3701,大眾控,11,0,11,群益金鼎-西松,2024-11-07,9136
3413,京鼎,17,6,11,群益金鼎-西松,2024-11-07,9136
00953B,群益優選非投等債,20,10,10,群益金鼎-西松,2024-11-07,9136
1727,中華化,10,0,10,群益金鼎-西松,2024-11-07,9136
2640,大車隊,10,0,10,群益金鼎-西松,2024-11-07,9136
2905,三商,10,0,10,群益金鼎-西松,2024-11-07,9136
5315,光聯,10,0,10,群益金鼎-西松,2024-11-07,9136
2855,統一證,10,1,9,群益金鼎-西松,2024-11-07,9136
4956,光鋐,15,6,9,群益金鼎-西松,2024-11-07,9136
8033,雷虎,23,14,9,群益金鼎-西松,2024-11-07,9136
1464,得力,8,0,8,群益金鼎-西松,2024-11-07,9136
1474,弘裕,8,0,8,群益金鼎-西松,2024-11-07,9136
2412,中華電,8,0,8,群益金鼎-西松,2024-11-07,9136
4306,炎洲,11,3,8,群益金鼎-西松,2024-11-07,9136
6492,生華科,11,3,8,群益金鼎-西松,2024-11-07,9136
9105,泰金寶-DR,14,6,8,群益金鼎-西松,2024-11-07,9136
2371,大同,12,5,7,群益金鼎-西松,2024-11-07,9136
3483,力致,13,6,7,群益金鼎-西松,2024-11-07,9136
6854,錼創科技-KY創,7,0,7,群益金鼎-西松,2024-11-07,9136
2892,第一金,6,0,6,群益金鼎-西松,2024-11-07,9136
1785,光洋科,8,2,6,群益金鼎-西松,2024-11-07,9136
00753L,中信中國50正2,24,18,6,群益金鼎-西松,2024-11-07,9136
00671R,富邦NASDAQ反1,6,0,6,群益金鼎-西松,2024-11-07,9136
00676R,富邦臺灣加權反1,6,0,6,群益金鼎-西松,2024-11-07,9136
9802,鈺齊-KY,324,0,324,群益金鼎-西松,2024-11-08,9136
2392,正崴,177,99,78,群益金鼎-西松,2024-11-08,9136
3450,聯鈞,122,48,74,群益金鼎-西松,2024-11-08,9136
2351,順德,60,0,60,群益金鼎-西松,2024-11-08,9136
3040,遠見,58,1,57,群益金鼎-西松,2024-11-08,9136
2354,鴻準,88,33,55,群益金鼎-西松,2024-11-08,9136
00943,兆豐電子高息等權,48,0,48,群益金鼎-西松,2024-11-08,9136
8473,山林水,45,0,45,群益金鼎-西松,2024-11-08,9136
2313,華通,33,1,32,群益金鼎-西松,2024-11-08,9136
6782,視陽,41,11,30,群益金鼎-西松,2024-11-08,9136
00639,富邦深100,30,0,30,群益金鼎-西松,2024-11-08,9136
00938,凱基優選30,26,0,26,群益金鼎-西松,2024-11-08,9136
2353,宏��,31,5,26,群益金鼎-西松,2024-11-08,9136
1905,華紙,25,0,25,群益金鼎-西松,2024-11-08,9136
2303,聯電,28,4,24,群益金鼎-西松,2024-11-08,9136
3122,笙泉,38,15,23,群益金鼎-西松,2024-11-08,9136
3631,晟楠,92,69,23,群益金鼎-西松,2024-11-08,9136
3293,鈊象,22,0,22,群益金鼎-西松,2024-11-08,9136
3714,富采,22,0,22,群益金鼎-西松,2024-11-08,9136
2312,金寶,39,18,21,群益金鼎-西松,2024-11-08,9136
9105,泰金寶-DR,21,0,21,群益金鼎-西松,2024-11-08,9136
2382,廣達,38,17,21,群益金鼎-西松,2024-11-08,9136
00650L,復華香港正2,20,0,20,群益金鼎-西松,2024-11-08,9136
1536,和大,25,5,20,群益金鼎-西松,2024-11-08,9136
6593,台灣銘板,36,16,20,群益金鼎-西松,2024-11-08,9136
2331,精英,20,1,19,群益金鼎-西松,2024-11-08,9136
2031,新光鋼,18,0,18,群益金鼎-西松,2024-11-08,9136
3709,鑫聯大投控,19,1,18,群益金鼎-西松,2024-11-08,9136
3062,建漢,201,184,17,群益金鼎-西松,2024-11-08,9136
2328,廣宇,18,2,16,群益金鼎-西松,2024-11-08,9136
8423,保綠-KY,18,2,16,群益金鼎-西松,2024-11-08,9136
3511,矽瑪,18,2,16,群益金鼎-西松,2024-11-08,9136
00915,凱基優選高股息30,16,1,15,群益金鼎-西松,2024-11-08,9136
2736,富野,15,0,15,群益金鼎-西松,2024-11-08,9136
0056,元大高股息,15,0,15,群益金鼎-西松,2024-11-08,9136
00919,群益台灣精選高息,18,3,15,群益金鼎-西松,2024-11-08,9136
6151,晉倫,35,21,14,群益金鼎-西松,2024-11-08,9136
1303,南亞,14,0,14,群益金鼎-西松,2024-11-08,9136
2731,雄獅,14,1,13,群益金鼎-西松,2024-11-08,9136
2388,威盛,12,1,11,群益金鼎-西松,2024-11-08,9136
6835,圓裕,13,2,11,群益金鼎-西松,2024-11-08,9136
1815,富喬,13,2,11,群益金鼎-西松,2024-11-08,9136
2889,國票金,11,0,11,群益金鼎-西松,2024-11-08,9136
3490,單井,11,0,11,群益金鼎-西松,2024-11-08,9136
6874,倍力,22,11,11,群益金鼎-西松,2024-11-08,9136
00757,統一FANG+,11,1,10,群益金鼎-西松,2024-11-08,9136
2362,藍天,11,1,10,群益金鼎-西松,2024-11-08,9136
2371,大同,12,2,10,群益金鼎-西松,2024-11-08,9136
3047,訊舟,10,0,10,群益金鼎-西松,2024-11-08,9136
3576,聯合再生,10,0,10,群益金鼎-西松,2024-11-08,9136
00680L,元大美債20正2,181,0,181,群益金鼎-西松,2024-11-11,9136
3209,全科,70,0,70,群益金鼎-西松,2024-11-11,9136
3706,神達,80,14,66,群益金鼎-西松,2024-11-11,9136
00953B,群益優選非投等債,66,3,63,群益金鼎-西松,2024-11-11,9136
6790,永豐實,92,35,57,群益金鼎-西松,2024-11-11,9136
00650L,復華香港正2,40,0,40,群益金鼎-西松,2024-11-11,9136
00930,永豐ESG低碳高息,40,0,40,群益金鼎-西松,2024-11-11,9136
00713,元大台灣高息低波,45,8,37,群益金鼎-西松,2024-11-11,9136
00882,中信中國高股息,48,14,34,群益金鼎-西松,2024-11-11,9136
00915,凱基優選高股息30,33,1,32,群益金鼎-西松,2024-11-11,9136
3231,緯創,42,11,31,群益金鼎-西松,2024-11-11,9136
00940,元大台灣價值高息,50,23,27,群益金鼎-西松,2024-11-11,9136
3284,太普高,26,0,26,群益金鼎-西松,2024-11-11,9136
3357,臺慶科,26,2,24,群益金鼎-西松,2024-11-11,9136
4303,信立,35,12,23,群益金鼎-西松,2024-11-11,9136
00642U,期元大S＆P石油,20,0,20,群益金鼎-西松,2024-11-11,9136
3010,華立,20,0,20,群益金鼎-西松,2024-11-11,9136
2313,華通,21,4,17,群益金鼎-西松,2024-11-11,9136
8411,福貞-KY,22,6,16,群益金鼎-西松,2024-11-11,9136
00676R,富邦臺灣加權反1,16,0,16,群益金鼎-西松,2024-11-11,9136
1445,大宇,18,2,16,群益金鼎-西松,2024-11-11,9136
2324,仁寶,17,1,16,群益金鼎-西松,2024-11-11,9136
2351,順德,15,0,15,群益金鼎-西松,2024-11-11,9136
2642,宅配通,27,12,15,群益金鼎-西松,2024-11-11,9136
3447,展達,16,1,15,群益金鼎-西松,2024-11-11,9136
2489,瑞軒,14,0,14,群益金鼎-西松,2024-11-11,9136
2312,金寶,21,8,13,群益金鼎-西松,2024-11-11,9136
4916,事欣科,32,19,13,群益金鼎-西松,2024-11-11,9136
5309,系統電,21,8,13,群益金鼎-西松,2024-11-11,9136
9941,裕融,16,3,13,群益金鼎-西松,2024-11-11,9136
00637L,元大滬深300正2,43,31,12,群益金鼎-西松,2024-11-11,9136
5426,振發,27,15,12,群益金鼎-西松,2024-11-11,9136
6288,聯嘉,14,2,12,群益金鼎-西松,2024-11-11,9136
2353,宏��,11,0,11,群益金鼎-西松,2024-11-11,9136
00665L,富邦�琤肭磪囓�2,40,29,11,群益金鼎-西松,2024-11-11,9136
2243,宏旭-KY,12,1,11,群益金鼎-西松,2024-11-11,9136
2889,國票金,11,0,11,群益金鼎-西松,2024-11-11,9136
3189,景碩,13,2,11,群益金鼎-西松,2024-11-11,9136
3686,達能,11,0,11,群益金鼎-西松,2024-11-11,9136
00885,富邦越南,10,0,10,群益金鼎-西松,2024-11-11,9136
1708,東鹼,15,5,10,群益金鼎-西松,2024-11-11,9136
1813,寶利徠,9,0,9,群益金鼎-西松,2024-11-11,9136
2880,華南金,10,1,9,群益金鼎-西松,2024-11-11,9136
2912,統一超,9,0,9,群益金鼎-西松,2024-11-11,9136
4930,燦星網,14,5,9,群益金鼎-西松,2024-11-11,9136
6208,日揚,37,28,9,群益金鼎-西松,2024-11-11,9136
8155,博智,9,0,9,群益金鼎-西松,2024-11-11,9136
9105,泰金寶-DR,20,11,9,群益金鼎-西松,2024-11-11,9136
1301,台塑,14,6,8,群益金鼎-西松,2024-11-11,9136
1605,華新,13,5,8,群益金鼎-西松,2024-11-11,9136
4931,新盛力,182,22,160,群益金鼎-西松,2024-11-12,9136
5426,振發,185,25,160,群益金鼎-西松,2024-11-12,9136
00878,國泰永續高股息,164,7,157,群益金鼎-西松,2024-11-12,9136
2351,順德,136,0,136,群益金鼎-西松,2024-11-12,9136
3447,展達,104,1,103,群益金鼎-西松,2024-11-12,9136
00665L,富邦�琤肭磪囓�2,83,0,83,群益金鼎-西松,2024-11-12,9136
1466,聚隆,68,1,67,群益金鼎-西松,2024-11-12,9136
00688L,國泰20年美債正2,66,0,66,群益金鼎-西松,2024-11-12,9136
6807,峰源-KY,62,0,62,群益金鼎-西松,2024-11-12,9136
00915,凱基優選高股息30,61,3,58,群益金鼎-西松,2024-11-12,9136
4303,信立,102,45,57,群益金鼎-西松,2024-11-12,9136
0056,元大高股息,67,10,57,群益金鼎-西松,2024-11-12,9136
00919,群益台灣精選高息,60,4,56,群益金鼎-西松,2024-11-12,9136
2356,英業達,86,31,55,群益金鼎-西松,2024-11-12,9136
5443,均豪,88,34,54,群益金鼎-西松,2024-11-12,9136
00713,元大台灣高息低波,55,3,52,群益金鼎-西松,2024-11-12,9136
00882,中信中國高股息,50,12,38,群益金鼎-西松,2024-11-12,9136
1220,台榮,37,0,37,群益金鼎-西松,2024-11-12,9136
2460,建通,44,9,35,群益金鼎-西松,2024-11-12,9136
5871,中租-KY,34,2,32,群益金鼎-西松,2024-11-12,9136
00930,永豐ESG低碳高息,31,0,31,群益金鼎-西松,2024-11-12,9136
3062,建漢,32,1,31,群益金鼎-西松,2024-11-12,9136
5309,系統電,67,36,31,群益金鼎-西松,2024-11-12,9136
00946,群益科技高息成長,30,0,30,群益金鼎-西松,2024-11-12,9136
3287,廣寰科,40,11,29,群益金鼎-西松,2024-11-12,9136
6294,智基,30,2,28,群益金鼎-西松,2024-11-12,9136
8089,康全電訊,26,2,24,群益金鼎-西松,2024-11-12,9136
1776,展宇,23,0,23,群益金鼎-西松,2024-11-12,9136
00753L,中信中國50正2,74,52,22,群益金鼎-西松,2024-11-12,9136
3481,群創,26,4,22,群益金鼎-西松,2024-11-12,9136
3709,鑫聯大投控,41,20,21,群益金鼎-西松,2024-11-12,9136
00891,中信關鍵半導體,20,0,20,群益金鼎-西松,2024-11-12,9136
5258,虹堡,28,8,20,群益金鼎-西松,2024-11-12,9136
1336,台翰,23,3,20,群益金鼎-西松,2024-11-12,9136
2609,陽明,48,28,20,群益金鼎-西松,2024-11-12,9136
8215,明基材,18,0,18,群益金鼎-西松,2024-11-12,9136
1301,台塑,17,0,17,群益金鼎-西松,2024-11-12,9136
2882,國泰金,17,0,17,群益金鼎-西松,2024-11-12,9136
2369,菱生,23,6,17,群益金鼎-西松,2024-11-12,9136
00935,野村臺灣新科技50,16,0,16,群益金鼎-西松,2024-11-12,9136
2344,華邦電,16,0,16,群益金鼎-西松,2024-11-12,9136
2353,宏��,16,0,16,群益金鼎-西松,2024-11-12,9136
2419,仲琦,18,2,16,群益金鼎-西松,2024-11-12,9136
6113,亞矽,18,2,16,群益金鼎-西松,2024-11-12,9136
2330,台積電,26,10,16,群益金鼎-西松,2024-11-12,9136
3231,緯創,31,16,15,群益金鼎-西松,2024-11-12,9136
00642U,期元大S＆P石油,15,0,15,群益金鼎-西松,2024-11-12,9136
2486,一詮,16,1,15,群益金鼎-西松,2024-11-12,9136
3207,耀勝,15,0,15,群益金鼎-西松,2024-11-12,9136
3189,景碩,15,0,15,群益金鼎-西松,2024-11-12,9136
00688L,國泰20年美債正2,339,0,339,群益金鼎-西松,2024-11-13,9136
1466,聚隆,312,12,300,群益金鼎-西松,2024-11-13,9136
00878,國泰永續高股息,243,3,240,群益金鼎-西松,2024-11-13,9136
2376,技嘉,120,0,120,群益金鼎-西松,2024-11-13,9136
00664R,國泰臺灣加權反1,90,0,90,群益金鼎-西松,2024-11-13,9136
2891,中信金,99,14,85,群益金鼎-西松,2024-11-13,9136
00937B,群益ESG投等債20,84,22,62,群益金鼎-西松,2024-11-13,9136
3447,展達,60,0,60,群益金鼎-西松,2024-11-13,9136
1513,中興電,59,0,59,群益金鼎-西松,2024-11-13,9136
4931,新盛力,94,42,52,群益金鼎-西松,2024-11-13,9136
6283,淳安,54,7,47,群益金鼎-西松,2024-11-13,9136
00915,凱基優選高股息30,49,3,46,群益金鼎-西松,2024-11-13,9136
2105,正新,40,0,40,群益金鼎-西松,2024-11-13,9136
00713,元大台灣高息低波,37,6,31,群益金鼎-西松,2024-11-13,9136
6877,鏵友益,34,4,30,群益金鼎-西松,2024-11-13,9136
2542,興富發,27,1,26,群益金鼎-西松,2024-11-13,9136
00930,永豐ESG低碳高息,25,0,25,群益金鼎-西松,2024-11-13,9136
00919,群益台灣精選高息,23,0,23,群益金鼎-西松,2024-11-13,9136
00933B,國泰10Y+金融債,23,0,23,群益金鼎-西松,2024-11-13,9136
00932,兆豐永續高息等權,21,0,21,群益金鼎-西松,2024-11-13,9136
00882,中信中國高股息,21,0,21,群益金鼎-西松,2024-11-13,9136
3189,景碩,23,3,20,群益金鼎-西松,2024-11-13,9136
2883,凱基金,22,3,19,群益金鼎-西松,2024-11-13,9136
5515,建國,20,1,19,群益金鼎-西松,2024-11-13,9136
4905,台聯電,31,13,18,群益金鼎-西松,2024-11-13,9136
2881,富邦金,18,1,17,群益金鼎-西松,2024-11-13,9136
2330,台積電,17,0,17,群益金鼎-西松,2024-11-13,9136
3548,兆利,17,1,16,群益金鼎-西松,2024-11-13,9136
0056,元大高股息,18,2,16,群益金鼎-西松,2024-11-13,9136
1301,台塑,17,2,15,群益金鼎-西松,2024-11-13,9136
2506,太設,15,1,14,群益金鼎-西松,2024-11-13,9136
3481,群創,16,2,14,群益金鼎-西松,2024-11-13,9136
2340,台亞,13,0,13,群益金鼎-西松,2024-11-13,9136
6288,聯嘉,13,0,13,群益金鼎-西松,2024-11-13,9136
006208,富邦台50,15,2,13,群益金鼎-西松,2024-11-13,9136
00679B,元大美債20年,12,0,12,群益金鼎-西松,2024-11-13,9136
6174,安��,31,19,12,群益金鼎-西松,2024-11-13,9136
2882,國泰金,11,0,11,群益金鼎-西松,2024-11-13,9136
2354,鴻準,22,11,11,群益金鼎-西松,2024-11-13,9136
9105,泰金寶-DR,11,0,11,群益金鼎-西松,2024-11-13,9136
00642U,期元大S＆P石油,10,0,10,群益金鼎-西松,2024-11-13,9136
00943,兆豐電子高息等權,10,0,10,群益金鼎-西松,2024-11-13,9136
00952,凱基台灣AI50,10,0,10,群益金鼎-西松,2024-11-13,9136
2348,海悅,10,0,10,群益金鼎-西松,2024-11-13,9136
2615,萬海,18,8,10,群益金鼎-西松,2024-11-13,9136
3163,波若威,10,0,10,群益金鼎-西松,2024-11-13,9136
00795B,中信美國公債20年,9,0,9,群益金鼎-西松,2024-11-13,9136
00922,國泰台灣領袖50,9,0,9,群益金鼎-西松,2024-11-13,9136
3047,訊舟,11,2,9,群益金鼎-西松,2024-11-13,9136
6859,伯特光,10,1,9,群益金鼎-西松,2024-11-13,9136
00688L,國泰20年美債正2,422,0,422,群益金鼎-西松,2024-11-14,9136
00878,國泰永續高股息,201,6,195,群益金鼎-西松,2024-11-14,9136
2312,金寶,100,19,81,群益金鼎-西松,2024-11-14,9136
00915,凱基優選高股息30,76,10,66,群益金鼎-西松,2024-11-14,9136
1605,華新,51,0,51,群益金鼎-西松,2024-11-14,9136
0056,元大高股息,56,8,48,群益金鼎-西松,2024-11-14,9136
00919,群益台灣精選高息,63,25,38,群益金鼎-西松,2024-11-14,9136
2317,鴻海,49,12,37,群益金鼎-西松,2024-11-14,9136
00891,中信關鍵半導體,36,0,36,群益金鼎-西松,2024-11-14,9136
00713,元大台灣高息低波,41,6,35,群益金鼎-西松,2024-11-14,9136
9925,新保,34,0,34,群益金鼎-西松,2024-11-14,9136
2476,鉅祥,36,3,33,群益金鼎-西松,2024-11-14,9136
00946,群益科技高息成長,30,0,30,群益金鼎-西松,2024-11-14,9136
1326,台化,27,0,27,群益金鼎-西松,2024-11-14,9136
3211,順達,92,65,27,群益金鼎-西松,2024-11-14,9136
6405,悅城,31,5,26,群益金鼎-西松,2024-11-14,9136
2354,鴻準,29,4,25,群益金鼎-西松,2024-11-14,9136
2351,順德,21,0,21,群益金鼎-西松,2024-11-14,9136
2002,中鋼,31,10,21,群益金鼎-西松,2024-11-14,9136
00753L,中信中國50正2,36,16,20,群益金鼎-西松,2024-11-14,9136
00664R,國泰臺灣加權反1,20,0,20,群益金鼎-西松,2024-11-14,9136
5443,均豪,22,3,19,群益金鼎-西松,2024-11-14,9136
8032,光菱,36,18,18,群益金鼎-西松,2024-11-14,9136
2376,技嘉,16,0,16,群益金鼎-西松,2024-11-14,9136
00959B,大華投等美債15Y+,15,0,15,群益金鼎-西松,2024-11-14,9136
2356,英業達,30,16,14,群益金鼎-西松,2024-11-14,9136
00637L,元大滬深300正2,46,32,14,群益金鼎-西松,2024-11-14,9136
5309,系統電,77,64,13,群益金鼎-西松,2024-11-14,9136
2344,華邦電,12,0,12,群益金鼎-西松,2024-11-14,9136
2467,志聖,12,0,12,群益金鼎-西松,2024-11-14,9136
00679B,元大美債20年,36,25,11,群益金鼎-西松,2024-11-14,9136
00930,永豐ESG低碳高息,11,0,11,群益金鼎-西松,2024-11-14,9136
00725B,國泰投資級公司債,11,0,11,群益金鼎-西松,2024-11-14,9136
2353,宏��,11,0,11,群益金鼎-西松,2024-11-14,9136
2449,京元電子,14,3,11,群益金鼎-西松,2024-11-14,9136
00882,中信中國高股息,11,0,11,群益金鼎-西松,2024-11-14,9136
00687B,國泰20年美債,15,5,10,群益金鼎-西松,2024-11-14,9136
00680L,元大美債20正2,20,10,10,群益金鼎-西松,2024-11-14,9136
00639,富邦深100,10,0,10,群益金鼎-西松,2024-11-14,9136
00951,台新日本半導體,10,0,10,群益金鼎-西松,2024-11-14,9136
1308,亞聚,10,0,10,群益金鼎-西松,2024-11-14,9136
1314,中石化,10,0,10,群益金鼎-西松,2024-11-14,9136
2929,淘帝-KY,10,0,10,群益金鼎-西松,2024-11-14,9136
3018,隆銘綠能,10,0,10,群益金鼎-西松,2024-11-14,9136
3055,蔚華科,10,0,10,群益金鼎-西松,2024-11-14,9136
6505,台塑化,11,2,9,群益金鼎-西松,2024-11-14,9136
4958,臻鼎-KY,10,1,9,群益金鼎-西松,2024-11-14,9136
6288,聯嘉,14,5,9,群益金鼎-西松,2024-11-14,9136
6739,竹陞科技,9,0,9,群益金鼎-西松,2024-11-14,9136
006208,富邦台50,9,0,9,群益金鼎-西松,2024-11-14,9136
00878,國泰永續高股息,246,0,246,群益金鼎-西松,2024-11-15,9136
2354,鴻準,190,83,107,群益金鼎-西松,2024-11-15,9136
00937B,群益ESG投等債20,85,10,75,群益金鼎-西松,2024-11-15,9136
3209,全科,74,1,73,群益金鼎-西松,2024-11-15,9136
2382,廣達,56,12,44,群益金鼎-西松,2024-11-15,9136
2891,中信金,45,3,42,群益金鼎-西松,2024-11-15,9136
3293,鈊象,42,0,42,群益金鼎-西松,2024-11-15,9136
1442,名軒,40,0,40,群益金鼎-西松,2024-11-15,9136
2317,鴻海,101,62,39,群益金鼎-西松,2024-11-15,9136
00679B,元大美債20年,20,0,20,群益金鼎-西松,2024-11-15,9136
1708,東鹼,22,3,19,群益金鼎-西松,2024-11-15,9136
9105,泰金寶-DR,60,42,18,群益金鼎-西松,2024-11-15,9136
00918,大華優利高填息30,41,26,15,群益金鼎-西松,2024-11-15,9136
2324,仁寶,20,5,15,群益金鼎-西松,2024-11-15,9136
3231,緯創,19,4,15,群益金鼎-西松,2024-11-15,9136
00713,元大台灣高息低波,18,4,14,群益金鼎-西松,2024-11-15,9136
0056,元大高股息,17,3,14,群益金鼎-西松,2024-11-15,9136
3321,同泰,13,0,13,群益金鼎-西松,2024-11-15,9136
8240,華宏,16,4,12,群益金鼎-西松,2024-11-15,9136
2363,矽統,11,0,11,群益金鼎-西松,2024-11-15,9136
00943,兆豐電子高息等權,10,0,10,群益金鼎-西松,2024-11-15,9136
00687B,國泰20年美債,13,3,10,群益金鼎-西松,2024-11-15,9136
00877,復華中國5G,10,0,10,群益金鼎-西松,2024-11-15,9136
3703,欣陸,10,0,10,群益金鼎-西松,2024-11-15,9136
5871,中租-KY,9,0,9,群益金鼎-西松,2024-11-15,9136
2033,佳大,25,16,9,群益金鼎-西松,2024-11-15,9136
2834,臺企銀,9,0,9,群益金鼎-西松,2024-11-15,9136
3013,晟銘電,24,15,9,群益金鼎-西松,2024-11-15,9136
8401,白紗科,9,0,9,群益金鼎-西松,2024-11-15,9136
4113,聯上,8,0,8,群益金鼎-西松,2024-11-15,9136
6179,亞通,9,1,8,群益金鼎-西松,2024-11-15,9136
00885,富邦越南,10,2,8,群益金鼎-西松,2024-11-15,9136
00633L,富邦上証正2,8,0,8,群益金鼎-西松,2024-11-15,9136
2356,英業達,35,27,8,群益金鼎-西松,2024-11-15,9136
6438,迅得,11,3,8,群益金鼎-西松,2024-11-15,9136
6505,台塑化,24,16,8,群益金鼎-西松,2024-11-15,9136
3706,神達,209,201,8,群益金鼎-西松,2024-11-15,9136
3017,奇鋐,10,3,7,群益金鼎-西松,2024-11-15,9136
1560,中砂,7,0,7,群益金鼎-西松,2024-11-15,9136
6451,訊芯-KY,7,0,7,群益金鼎-西松,2024-11-15,9136
00929,復華台灣科技優息,26,19,7,群益金鼎-西松,2024-11-15,9136
00756B,群益投等新興公債,6,0,6,群益金鼎-西松,2024-11-15,9136
3234,光環,6,0,6,群益金鼎-西松,2024-11-15,9136
4931,新盛力,18,12,6,群益金鼎-西松,2024-11-15,9136
6168,宏齊,6,0,6,群益金鼎-西松,2024-11-15,9136
6415,矽力*-KY,8,2,6,群益金鼎-西松,2024-11-15,9136
3037,欣興,12,7,5,群益金鼎-西松,2024-11-15,9136
2002,中鋼,5,0,5,群益金鼎-西松,2024-11-15,9136
00930,永豐ESG低碳高息,5,0,5,群益金鼎-西松,2024-11-15,9136
1434,福懋,5,0,5,群益金鼎-西松,2024-11-15,9136
00688L,國泰20年美債正2,170,0,170,群益金鼎-西松,2024-11-18,9136
00878,國泰永續高股息,133,5,128,群益金鼎-西松,2024-11-18,9136
2834,臺企銀,75,1,74,群益金鼎-西松,2024-11-18,9136
6558,興能高,72,1,71,群益金鼎-西松,2024-11-18,9136
8104,錸寶,71,3,68,群益金鼎-西松,2024-11-18,9136
2884,玉山金,52,0,52,群益金鼎-西松,2024-11-18,9136
2312,金寶,102,51,51,群益金鼎-西松,2024-11-18,9136
3293,鈊象,45,1,44,群益金鼎-西松,2024-11-18,9136
00713,元大台灣高息低波,41,1,40,群益金鼎-西松,2024-11-18,9136
00919,群益台灣精選高息,50,10,40,群益金鼎-西松,2024-11-18,9136
3450,聯鈞,42,3,39,群益金鼎-西松,2024-11-18,9136
00929,復華台灣科技優息,82,44,38,群益金鼎-西松,2024-11-18,9136
00679B,元大美債20年,40,2,38,群益金鼎-西松,2024-11-18,9136
0056,元大高股息,32,1,31,群益金鼎-西松,2024-11-18,9136
00959B,大華投等美債15Y+,30,0,30,群益金鼎-西松,2024-11-18,9136
3511,矽瑪,34,5,29,群益金鼎-西松,2024-11-18,9136
00918,大華優利高填息30,28,0,28,群益金鼎-西松,2024-11-18,9136
3704,合勤控,32,6,26,群益金鼎-西松,2024-11-18,9136
2317,鴻海,52,26,26,群益金鼎-西松,2024-11-18,9136
3706,神達,187,162,25,群益金鼎-西松,2024-11-18,9136
4971,IET-KY,48,26,22,群益金鼎-西松,2024-11-18,9136
6140,訊達,24,2,22,群益金鼎-西松,2024-11-18,9136
6191,精成科,22,0,22,群益金鼎-西松,2024-11-18,9136
00715L,期街口布蘭特正2,20,0,20,群益金鼎-西松,2024-11-18,9136
2206,三陽工業,20,0,20,群益金鼎-西松,2024-11-18,9136
3703,欣陸,20,0,20,群益金鼎-西松,2024-11-18,9136
8044,網家,67,47,20,群益金鼎-西松,2024-11-18,9136
00930,永豐ESG低碳高息,17,0,17,群益金鼎-西松,2024-11-18,9136
2351,順德,16,0,16,群益金鼎-西松,2024-11-18,9136
9105,泰金寶-DR,44,29,15,群益金鼎-西松,2024-11-18,9136
3323,加百裕,20,6,14,群益金鼎-西松,2024-11-18,9136
1802,台玻,18,6,12,群益金鼎-西松,2024-11-18,9136
2313,華通,12,0,12,群益金鼎-西松,2024-11-18,9136
3037,欣興,15,3,12,群益金鼎-西松,2024-11-18,9136
3231,緯創,16,4,12,群益金鼎-西松,2024-11-18,9136
3416,融程電,11,0,11,群益金鼎-西松,2024-11-18,9136
2474,可成,10,0,10,群益金鼎-西松,2024-11-18,9136
6005,群益證,10,0,10,群益金鼎-西松,2024-11-18,9136
00891,中信關鍵半導體,9,0,9,群益金鼎-西松,2024-11-18,9136
2881,富邦金,10,1,9,群益金鼎-西松,2024-11-18,9136
4306,炎洲,9,0,9,群益金鼎-西松,2024-11-18,9136
2363,矽統,9,0,9,群益金鼎-西松,2024-11-18,9136
6188,廣明,8,0,8,群益金鼎-西松,2024-11-18,9136
00937B,群益ESG投等債20,60,52,8,群益金鼎-西松,2024-11-18,9136
2062,橋椿,8,0,8,群益金鼎-西松,2024-11-18,9136
00631L,元大台灣50正2,7,0,7,群益金鼎-西松,2024-11-18,9136
00637L,元大滬深300正2,33,26,7,群益金鼎-西松,2024-11-18,9136
3002,歐格,10,3,7,群益金鼎-西松,2024-11-18,9136
3321,同泰,9,2,7,群益金鼎-西松,2024-11-18,9136
3437,榮創,7,0,7,群益金鼎-西松,2024-11-18,9136
00637L,元大滬深300正2,274,20,254,群益金鼎-西松,2024-11-19,9136
00633L,富邦上証正2,151,4,147,群益金鼎-西松,2024-11-19,9136
3511,矽瑪,160,24,136,群益金鼎-西松,2024-11-19,9136
2354,鴻準,187,59,128,群益金鼎-西松,2024-11-19,9136
2392,正崴,150,33,117,群益金鼎-西松,2024-11-19,9136
2027,大成鋼,66,0,66,群益金鼎-西松,2024-11-19,9136
2884,玉山金,54,1,53,群益金鼎-西松,2024-11-19,9136
2352,佳世達,60,13,47,群益金鼎-西松,2024-11-19,9136
2413,環科,53,6,47,群益金鼎-西松,2024-11-19,9136
00878,國泰永續高股息,40,0,40,群益金鼎-西松,2024-11-19,9136
00929,復華台灣科技優息,38,0,38,群益金鼎-西松,2024-11-19,9136
3293,鈊象,37,0,37,群益金鼎-西松,2024-11-19,9136
1569,濱川,34,3,31,群益金鼎-西松,2024-11-19,9136
2891,中信金,29,0,29,群益金鼎-西松,2024-11-19,9136
00713,元大台灣高息低波,23,0,23,群益金鼎-西松,2024-11-19,9136
9105,泰金寶-DR,43,20,23,群益金鼎-西松,2024-11-19,9136
3231,緯創,26,4,22,群益金鼎-西松,2024-11-19,9136
3323,加百裕,24,2,22,群益金鼎-西松,2024-11-19,9136
3481,群創,27,6,21,群益金鼎-西松,2024-11-19,9136
2929,淘帝-KY,21,0,21,群益金鼎-西松,2024-11-19,9136
00679B,元大美債20年,22,2,20,群益金鼎-西松,2024-11-19,9136
2530,華建,19,0,19,群益金鼎-西松,2024-11-19,9136
2887,台新金,21,2,19,群益金鼎-西松,2024-11-19,9136
2883,凱基金,22,4,18,群益金鼎-西松,2024-11-19,9136
1524,耿鼎,20,5,15,群益金鼎-西松,2024-11-19,9136
8114,振樺電,17,3,14,群益金鼎-西松,2024-11-19,9136
2317,鴻海,20,6,14,群益金鼎-西松,2024-11-19,9136
1301,台塑,23,10,13,群益金鼎-西松,2024-11-19,9136
2382,廣達,12,0,12,群益金鼎-西松,2024-11-19,9136
5309,系統電,24,12,12,群益金鼎-西松,2024-11-19,9136
0056,元大高股息,14,2,12,群益金鼎-西松,2024-11-19,9136
6288,聯嘉,10,0,10,群益金鼎-西松,2024-11-19,9136
1795,美時,9,1,8,群益金鼎-西松,2024-11-19,9136
4138,曜亞,9,2,7,群益金鼎-西松,2024-11-19,9136
4157,太景*-KY,7,0,7,群益金鼎-西松,2024-11-19,9136
2328,廣宇,6,0,6,群益金鼎-西松,2024-11-19,9136
3232,昱捷,6,0,6,群益金鼎-西松,2024-11-19,9136
6215,和椿,6,0,6,群益金鼎-西松,2024-11-19,9136
6532,瑞耘,6,0,6,群益金鼎-西松,2024-11-19,9136
2330,台積電,6,0,6,群益金鼎-西松,2024-11-19,9136
00635U,期元大S＆P黃金,5,0,5,群益金鼎-西松,2024-11-19,9136
00930,永豐ESG低碳高息,5,0,5,群益金鼎-西松,2024-11-19,9136
00953B,群益優選非投等債,34,29,5,群益金鼎-西松,2024-11-19,9136
1326,台化,5,0,5,群益金鼎-西松,2024-11-19,9136
1436,華友聯,5,0,5,群益金鼎-西松,2024-11-19,9136
2349,錸德,176,171,5,群益金鼎-西松,2024-11-19,9136
2486,一詮,25,20,5,群益金鼎-西松,2024-11-19,9136
4113,聯上,5,0,5,群益金鼎-西松,2024-11-19,9136
4442,竣邦-KY,5,0,5,群益金鼎-西松,2024-11-19,9136
4502,健信,5,0,5,群益金鼎-西松,2024-11-19,9136
00688L,國泰20年美債正2,170,0,170,群益金鼎-西松,2024-11-20,9136
2609,陽明,247,117,130,群益金鼎-西松,2024-11-20,9136
3293,鈊象,77,0,77,群益金鼎-西松,2024-11-20,9136
2356,英業達,78,15,63,群益金鼎-西松,2024-11-20,9136
1569,濱川,115,56,59,群益金鼎-西松,2024-11-20,9136
00679B,元大美債20年,56,0,56,群益金鼎-西松,2024-11-20,9136
5388,中磊,53,0,53,群益金鼎-西松,2024-11-20,9136
2349,錸德,174,134,40,群益金鼎-西松,2024-11-20,9136
3450,聯鈞,52,19,33,群益金鼎-西松,2024-11-20,9136
00950B,凱基A級公司債,30,0,30,群益金鼎-西松,2024-11-20,9136
3581,博磊,30,1,29,群益金鼎-西松,2024-11-20,9136
00878,國泰永續高股息,27,0,27,群益金鼎-西松,2024-11-20,9136
00713,元大台灣高息低波,24,0,24,群益金鼎-西松,2024-11-20,9136
4577,達航科技,29,6,23,群益金鼎-西松,2024-11-20,9136
4558,寶緯,35,14,21,群益金鼎-西松,2024-11-20,9136
00933B,國泰10Y+金融債,20,0,20,群益金鼎-西松,2024-11-20,9136
2882,國泰金,27,9,18,群益金鼎-西松,2024-11-20,9136
3706,神達,126,109,17,群益金鼎-西松,2024-11-20,9136
1218,泰山,15,0,15,群益金鼎-西松,2024-11-20,9136
6143,振曜,15,0,15,群益金鼎-西松,2024-11-20,9136
8049,晶采,15,0,15,群益金鼎-西松,2024-11-20,9136
0056,元大高股息,15,0,15,群益金鼎-西松,2024-11-20,9136
6117,迎廣,14,0,14,群益金鼎-西松,2024-11-20,9136
00909,國泰數位支付服務,13,0,13,群益金鼎-西松,2024-11-20,9136
2382,廣達,16,5,11,群益金鼎-西松,2024-11-20,9136
6451,訊芯-KY,13,2,11,群益金鼎-西松,2024-11-20,9136
00946,群益科技高息成長,10,0,10,群益金鼎-西松,2024-11-20,9136
2347,聯強,10,0,10,群益金鼎-西松,2024-11-20,9136
3322,建舜電,22,12,10,群益金鼎-西松,2024-11-20,9136
2881,富邦金,11,2,9,群益金鼎-西松,2024-11-20,9136
006208,富邦台50,9,0,9,群益金鼎-西松,2024-11-20,9136
3664,安瑞-KY,11,2,9,群益金鼎-西松,2024-11-20,9136
00929,復華台灣科技優息,9,1,8,群益金鼎-西松,2024-11-20,9136
4306,炎洲,8,0,8,群益金鼎-西松,2024-11-20,9136
3211,順達,10,3,7,群益金鼎-西松,2024-11-20,9136
4113,聯上,22,15,7,群益金鼎-西松,2024-11-20,9136
4729,熒茂,11,4,7,群益金鼎-西松,2024-11-20,9136
6505,台塑化,7,0,7,群益金鼎-西松,2024-11-20,9136
6558,興能高,9,2,7,群益金鼎-西松,2024-11-20,9136
2317,鴻海,15,9,6,群益金鼎-西松,2024-11-20,9136
00881,國泰台灣5G+,6,0,6,群益金鼎-西松,2024-11-20,9136
00757,統一FANG+,6,0,6,群益金鼎-西松,2024-11-20,9136
1605,華新,6,0,6,群益金鼎-西松,2024-11-20,9136
2313,華通,6,0,6,群益金鼎-西松,2024-11-20,9136
2344,華邦電,6,0,6,群益金鼎-西松,2024-11-20,9136
2351,順德,6,0,6,群益金鼎-西松,2024-11-20,9136
5876,上海商銀,8,2,6,群益金鼎-西松,2024-11-20,9136
6416,瑞祺電通,11,5,6,群益金鼎-西松,2024-11-20,9136
2885,元大金,5,0,5,群益金鼎-西松,2024-11-20,9136
00756B,群益投等新興公債,5,0,5,群益金鼎-西松,2024-11-20,9136
3323,加百裕,131,1,130,群益金鼎-西松,2024-11-21,9136
2344,華邦電,117,8,109,群益金鼎-西松,2024-11-21,9136
00688L,國泰20年美債正2,96,0,96,群益金鼎-西松,2024-11-21,9136
3706,神達,452,356,96,群益金鼎-西松,2024-11-21,9136
00937B,群益ESG投等債20,77,0,77,群益金鼎-西松,2024-11-21,9136
00919,群益台灣精選高息,83,15,68,群益金鼎-西松,2024-11-21,9136
3511,矽瑪,59,7,52,群益金鼎-西松,2024-11-21,9136
00679B,元大美債20年,50,1,49,群益金鼎-西松,2024-11-21,9136
2615,萬海,51,20,31,群益金鼎-西松,2024-11-21,9136
2610,華航,30,1,29,群益金鼎-西松,2024-11-21,9136
2882,國泰金,29,2,27,群益金鼎-西松,2024-11-21,9136
2317,鴻海,37,10,27,群益金鼎-西松,2024-11-21,9136
2892,第一金,34,9,25,群益金鼎-西松,2024-11-21,9136
00878,國泰永續高股息,24,0,24,群益金鼎-西松,2024-11-21,9136
6282,康舒,25,5,20,群益金鼎-西松,2024-11-21,9136
00708L,期元大S＆P黃金正2,19,0,19,群益金鼎-西松,2024-11-21,9136
3013,晟銘電,19,0,19,群益金鼎-西松,2024-11-21,9136
5426,振發,22,4,18,群益金鼎-西松,2024-11-21,9136
2449,京元電子,18,1,17,群益金鼎-西松,2024-11-21,9136
2308,台達電,15,0,15,群益金鼎-西松,2024-11-21,9136
00948B,中信優息投資級債,15,0,15,群益金鼎-西松,2024-11-21,9136
8104,錸寶,70,55,15,群益金鼎-西松,2024-11-21,9136
2354,鴻準,63,49,14,群益金鼎-西松,2024-11-21,9136
3019,亞光,18,4,14,群益金鼎-西松,2024-11-21,9136
00713,元大台灣高息低波,14,0,14,群益金鼎-西松,2024-11-21,9136
2303,聯電,16,3,13,群益金鼎-西松,2024-11-21,9136
2474,可成,13,0,13,群益金鼎-西松,2024-11-21,9136
00915,凱基優選高股息30,12,0,12,群益金鼎-西松,2024-11-21,9136
2353,宏��,12,0,12,群益金鼎-西松,2024-11-21,9136
4931,新盛力,13,1,12,群益金鼎-西松,2024-11-21,9136
8044,網家,18,6,12,群益金鼎-西松,2024-11-21,9136
1605,華新,11,0,11,群益金鼎-西松,2024-11-21,9136
3625,西勝,11,0,11,群益金鼎-西松,2024-11-21,9136
3712,永崴投控,11,0,11,群益金鼎-西松,2024-11-21,9136
5465,富驊,22,11,11,群益金鼎-西松,2024-11-21,9136
6451,訊芯-KY,13,2,11,群益金鼎-西松,2024-11-21,9136
00929,復華台灣科技優息,19,8,11,群益金鼎-西松,2024-11-21,9136
2349,錸德,50,40,10,群益金鼎-西松,2024-11-21,9136
2330,台積電,13,3,10,群益金鼎-西松,2024-11-21,9136
00885,富邦越南,10,0,10,群益金鼎-西松,2024-11-21,9136
4927,泰鼎-KY,10,0,10,群益金鼎-西松,2024-11-21,9136
6442,光聖,18,8,10,群益金鼎-西松,2024-11-21,9136
1301,台塑,11,1,10,群益金鼎-西松,2024-11-21,9136
1528,恩德,15,6,9,群益金鼎-西松,2024-11-21,9136
6674,鋐寶科技,9,0,9,群益金鼎-西松,2024-11-21,9136
2881,富邦金,8,0,8,群益金鼎-西松,2024-11-21,9136
00637L,元大滬深300正2,8,0,8,群益金鼎-西松,2024-11-21,9136
4919,新唐,20,12,8,群益金鼎-西松,2024-11-21,9136
6807,峰源-KY,7,0,7,群益金鼎-西松,2024-11-21,9136
6505,台塑化,6,0,6,群益金鼎-西松,2024-11-21,9136
2312,金寶,429,72,357,群益金鼎-西松,2024-11-22,9136
00919,群益台灣精選高息,249,42,207,群益金鼎-西松,2024-11-22,9136
00688L,國泰20年美債正2,170,0,170,群益金鼎-西松,2024-11-22,9136
00679B,元大美債20年,120,17,103,群益金鼎-西松,2024-11-22,9136
00637L,元大滬深300正2,76,10,66,群益金鼎-西松,2024-11-22,9136
00937B,群益ESG投等債20,50,0,50,群益金鼎-西松,2024-11-22,9136
2371,大同,196,153,43,群益金鼎-西松,2024-11-22,9136
4977,眾達-KY,45,7,38,群益金鼎-西松,2024-11-22,9136
3581,博磊,38,2,36,群益金鼎-西松,2024-11-22,9136
00632R,元大台灣50反1,30,0,30,群益金鼎-西松,2024-11-22,9136
3597,映興,30,0,30,群益金鼎-西松,2024-11-22,9136
00918,大華優利高填息30,25,0,25,群益金鼎-西松,2024-11-22,9136
3011,今皓,22,0,22,群益金鼎-西松,2024-11-22,9136
00664R,國泰臺灣加權反1,20,0,20,群益金鼎-西松,2024-11-22,9136
00676R,富邦臺灣加權反1,20,0,20,群益金鼎-西松,2024-11-22,9136
00959B,大華投等美債15Y+,20,0,20,群益金鼎-西松,2024-11-22,9136
2885,元大金,20,0,20,群益金鼎-西松,2024-11-22,9136
3615,安可,20,0,20,群益金鼎-西松,2024-11-22,9136
6613,朋億*,20,0,20,群益金鼎-西松,2024-11-22,9136
6156,松上,20,2,18,群益金鼎-西松,2024-11-22,9136
3323,加百裕,29,13,16,群益金鼎-西松,2024-11-22,9136
3363,上詮,17,3,14,群益金鼎-西松,2024-11-22,9136
3563,牧德,39,25,14,群益金鼎-西松,2024-11-22,9136
00915,凱基優選高股息30,13,0,13,群益金鼎-西松,2024-11-22,9136
2867,三商壽,12,0,12,群益金鼎-西松,2024-11-22,9136
5309,系統電,56,44,12,群益金鼎-西松,2024-11-22,9136
2349,錸德,142,131,11,群益金鼎-西松,2024-11-22,9136
6558,興能高,80,69,11,群益金鼎-西松,2024-11-22,9136
00687B,國泰20年美債,10,0,10,群益金鼎-西松,2024-11-22,9136
3702,大聯大,10,0,10,群益金鼎-西松,2024-11-22,9136
00877,復華中國5G,10,0,10,群益金鼎-西松,2024-11-22,9136
2233,宇隆,14,4,10,群益金鼎-西松,2024-11-22,9136
2409,友達,10,0,10,群益金鼎-西松,2024-11-22,9136
0056,元大高股息,11,2,9,群益金鼎-西松,2024-11-22,9136
2344,華邦電,10,1,9,群益金鼎-西松,2024-11-22,9136
3489,森寶,9,0,9,群益金鼎-西松,2024-11-22,9136
1326,台化,15,7,8,群益金鼎-西松,2024-11-22,9136
2485,兆赫,8,0,8,群益金鼎-西松,2024-11-22,9136
6143,振曜,13,5,8,群益金鼎-西松,2024-11-22,9136
00713,元大台灣高息低波,8,0,8,群益金鼎-西松,2024-11-22,9136
3036,文曄,7,0,7,群益金鼎-西松,2024-11-22,9136
00708L,期元大S＆P黃金正2,7,0,7,群益金鼎-西松,2024-11-22,9136
1301,台塑,7,0,7,群益金鼎-西松,2024-11-22,9136
3558,神準,7,0,7,群益金鼎-西松,2024-11-22,9136
9105,泰金寶-DR,32,25,7,群益金鼎-西松,2024-11-22,9136
2317,鴻海,18,12,6,群益金鼎-西松,2024-11-22,9136
00795B,中信美國公債20年,6,0,6,群益金鼎-西松,2024-11-22,9136
1503,士電,6,0,6,群益金鼎-西松,2024-11-22,9136
2486,一詮,38,32,6,群益金鼎-西松,2024-11-22,9136
3043,科風,6,0,6,群益金鼎-西松,2024-11-22,9136
00633L,富邦上証正2,102,4,98,群益金鼎-西松,2024-11-25,9136
3323,加百裕,84,15,69,群益金鼎-西松,2024-11-25,9136
6558,興能高,68,16,52,群益金鼎-西松,2024-11-25,9136
00665L,富邦�琤肭磪囓�2,51,0,51,群益金鼎-西松,2024-11-25,9136
00632R,元大台灣50反1,50,0,50,群益金鼎-西松,2024-11-25,9136
00919,群益台灣精選高息,52,3,49,群益金鼎-西松,2024-11-25,9136
2303,聯電,54,7,47,群益金鼎-西松,2024-11-25,9136
00937B,群益ESG投等債20,40,0,40,群益金鼎-西松,2024-11-25,9136
00877,復華中國5G,40,0,40,群益金鼎-西松,2024-11-25,9136
3450,聯鈞,52,17,35,群益金鼎-西松,2024-11-25,9136
00959B,大華投等美債15Y+,30,0,30,群益金鼎-西松,2024-11-25,9136
5465,富驊,36,7,29,群益金鼎-西松,2024-11-25,9136
5309,系統電,32,5,27,群益金鼎-西松,2024-11-25,9136
2885,元大金,26,1,25,群益金鼎-西松,2024-11-25,9136
00878,國泰永續高股息,32,8,24,群益金鼎-西松,2024-11-25,9136
00637L,元大滬深300正2,33,13,20,群益金鼎-西松,2024-11-25,9136
5426,振發,36,17,19,群益金鼎-西松,2024-11-25,9136
3231,緯創,52,33,19,群益金鼎-西松,2024-11-25,9136
3167,大量,23,5,18,群益金鼎-西松,2024-11-25,9136
00948B,中信優息投資級債,15,0,15,群益金鼎-西松,2024-11-25,9136
3481,群創,17,2,15,群益金鼎-西松,2024-11-25,9136
6691,洋基工程,14,0,14,群益金鼎-西松,2024-11-25,9136
6005,群益證,12,0,12,群益金鼎-西松,2024-11-25,9136
6442,光聖,14,2,12,群益金鼎-西松,2024-11-25,9136
2603,長榮,19,8,11,群益金鼎-西松,2024-11-25,9136
2354,鴻準,21,10,11,群益金鼎-西松,2024-11-25,9136
2426,鼎元,11,0,11,群益金鼎-西松,2024-11-25,9136
00639,富邦深100,10,0,10,群益金鼎-西松,2024-11-25,9136
00945B,凱基美國非投等債,10,0,10,群益金鼎-西松,2024-11-25,9136
4979,華星光,31,22,9,群益金鼎-西松,2024-11-25,9136
2382,廣達,14,5,9,群益金鼎-西松,2024-11-25,9136
3363,上詮,14,5,9,群益金鼎-西松,2024-11-25,9136
4147,中裕,11,2,9,群益金鼎-西松,2024-11-25,9136
6227,茂綸,9,0,9,群益金鼎-西松,2024-11-25,9136
1101,台泥,10,2,8,群益金鼎-西松,2024-11-25,9136
1301,台塑,8,0,8,群益金鼎-西松,2024-11-25,9136
3047,訊舟,10,2,8,群益金鼎-西松,2024-11-25,9136
3032,偉訓,13,6,7,群益金鼎-西松,2024-11-25,9136
6117,迎廣,7,0,7,群益金鼎-西松,2024-11-25,9136
6674,鋐寶科技,22,15,7,群益金鼎-西松,2024-11-25,9136
2615,萬海,8,2,6,群益金鼎-西松,2024-11-25,9136
3374,精材,25,19,6,群益金鼎-西松,2024-11-25,9136
3037,欣興,6,0,6,群益金鼎-西松,2024-11-25,9136
2542,興富發,7,1,6,群益金鼎-西松,2024-11-25,9136
3338,泰碩,6,0,6,群益金鼎-西松,2024-11-25,9136
4576,大銀微系統,11,5,6,群益金鼎-西松,2024-11-25,9136
5243,乙盛-KY,6,0,6,群益金鼎-西松,2024-11-25,9136
6288,聯嘉,16,10,6,群益金鼎-西松,2024-11-25,9136
00938,凱基優選30,5,0,5,群益金鼎-西松,2024-11-25,9136
00830,國泰費城半導體,5,0,5,群益金鼎-西松,2024-11-25,9136
2887,台新金,487,0,487,群益金鼎-西松,2024-11-26,9136
00679B,元大美債20年,150,7,143,群益金鼎-西松,2024-11-26,9136
1815,富喬,210,75,135,群益金鼎-西松,2024-11-26,9136
2474,可成,120,0,120,群益金鼎-西松,2024-11-26,9136
4510,高鋒,106,2,104,群益金鼎-西松,2024-11-26,9136
2002,中鋼,100,0,100,群益金鼎-西松,2024-11-26,9136
2301,光寶科,92,0,92,群益金鼎-西松,2024-11-26,9136
4562,穎漢,91,10,81,群益金鼎-西松,2024-11-26,9136
2317,鴻海,87,14,73,群益金鼎-西松,2024-11-26,9136
8104,錸寶,82,29,53,群益金鼎-西松,2024-11-26,9136
2303,聯電,51,3,48,群益金鼎-西松,2024-11-26,9136
00919,群益台灣精選高息,49,8,41,群益金鼎-西松,2024-11-26,9136
2308,台達電,39,1,38,群益金鼎-西松,2024-11-26,9136
4979,華星光,48,10,38,群益金鼎-西松,2024-11-26,9136
1402,遠東新,34,0,34,群益金鼎-西松,2024-11-26,9136
2426,鼎元,33,4,29,群益金鼎-西松,2024-11-26,9136
00878,國泰永續高股息,32,8,24,群益金鼎-西松,2024-11-26,9136
2330,台積電,21,0,21,群益金鼎-西松,2024-11-26,9136
00713,元大台灣高息低波,25,5,20,群益金鼎-西松,2024-11-26,9136
1513,中興電,21,1,20,群益金鼎-西松,2024-11-26,9136
2367,燿華,20,1,19,群益金鼎-西松,2024-11-26,9136
2417,圓剛,20,1,19,群益金鼎-西松,2024-11-26,9136
2542,興富發,21,3,18,群益金鼎-西松,2024-11-26,9136
2329,華泰,16,0,16,群益金鼎-西松,2024-11-26,9136
2359,所羅門,25,9,16,群益金鼎-西松,2024-11-26,9136
00877,復華中國5G,25,10,15,群益金鼎-西松,2024-11-26,9136
2371,大同,17,3,14,群益金鼎-西松,2024-11-26,9136
6164,華興,15,1,14,群益金鼎-西松,2024-11-26,9136
5498,凱崴,12,0,12,群益金鼎-西松,2024-11-26,9136
3036,文曄,11,0,11,群益金鼎-西松,2024-11-26,9136
3605,宏致,14,3,11,群益金鼎-西松,2024-11-26,9136
4303,信立,20,9,11,群益金鼎-西松,2024-11-26,9136
2892,第一金,10,0,10,群益金鼎-西松,2024-11-26,9136
00939,統一台灣高息動能,10,0,10,群益金鼎-西松,2024-11-26,9136
2034,允強,10,0,10,群益金鼎-西松,2024-11-26,9136
3419,譁裕,10,0,10,群益金鼎-西松,2024-11-26,9136
2881,富邦金,10,1,9,群益金鼎-西松,2024-11-26,9136
2882,國泰金,34,26,8,群益金鼎-西松,2024-11-26,9136
00915,凱基優選高股息30,8,0,8,群益金鼎-西松,2024-11-26,9136
00882,中信中國高股息,8,0,8,群益金鼎-西松,2024-11-26,9136
1540,喬福,12,4,8,群益金鼎-西松,2024-11-26,9136
3321,同泰,15,7,8,群益金鼎-西松,2024-11-26,9136
6859,伯特光,8,0,8,群益金鼎-西松,2024-11-26,9136
8044,網家,15,7,8,群益金鼎-西松,2024-11-26,9136
0050,元大台灣50,7,0,7,群益金鼎-西松,2024-11-26,9136
00637L,元大滬深300正2,27,20,7,群益金鼎-西松,2024-11-26,9136
1216,統一,8,1,7,群益金鼎-西松,2024-11-26,9136
2365,昆盈,13,6,7,群益金鼎-西松,2024-11-26,9136
2419,仲琦,19,12,7,群益金鼎-西松,2024-11-26,9136
2615,萬海,12,5,7,群益金鼎-西松,2024-11-26,9136
00680L,元大美債20正2,160,0,160,群益金鼎-西松,2024-11-27,9136
00919,群益台灣精選高息,124,0,124,群益金鼎-西松,2024-11-27,9136
2883,凱基金,118,0,118,群益金鼎-西松,2024-11-27,9136
3706,神達,143,31,112,群益金鼎-西松,2024-11-27,9136
2317,鴻海,125,25,100,群益金鼎-西松,2024-11-27,9136
4526,東台,93,2,91,群益金鼎-西松,2024-11-27,9136
00664R,國泰臺灣加權反1,90,0,90,群益金鼎-西松,2024-11-27,9136
00878,國泰永續高股息,94,17,77,群益金鼎-西松,2024-11-27,9136
2303,聯電,85,13,72,群益金鼎-西松,2024-11-27,9136
0056,元大高股息,63,3,60,群益金鼎-西松,2024-11-27,9136
00918,大華優利高填息30,47,1,46,群益金鼎-西松,2024-11-27,9136
4510,高鋒,52,7,45,群益金鼎-西松,2024-11-27,9136
00940,元大台灣價值高息,39,0,39,群益金鼎-西松,2024-11-27,9136
6199,天品,44,7,37,群益金鼎-西松,2024-11-27,9136
3702A,大聯大甲特,32,0,32,群益金鼎-西松,2024-11-27,9136
2356,英業達,27,1,26,群益金鼎-西松,2024-11-27,9136
2382,廣達,23,0,23,群益金鼎-西松,2024-11-27,9136
1815,富喬,120,98,22,群益金鼎-西松,2024-11-27,9136
2308,台達電,22,1,21,群益金鼎-西松,2024-11-27,9136
00887,永豐中國科技50大,21,1,20,群益金鼎-西松,2024-11-27,9136
6691,洋基工程,20,0,20,群益金鼎-西松,2024-11-27,9136
8033,雷虎,22,3,19,群益金鼎-西松,2024-11-27,9136
2426,鼎元,19,2,17,群益金鼎-西松,2024-11-27,9136
00915,凱基優選高股息30,17,0,17,群益金鼎-西松,2024-11-27,9136
1605,華新,17,0,17,群益金鼎-西松,2024-11-27,9136
5309,系統電,56,39,17,群益金鼎-西松,2024-11-27,9136
6535,順藥,17,0,17,群益金鼎-西松,2024-11-27,9136
00953B,群益優選非投等債,15,0,15,群益金鼎-西松,2024-11-27,9136
4916,事欣科,15,0,15,群益金鼎-西松,2024-11-27,9136
3532,台勝科,13,0,13,群益金鼎-西松,2024-11-27,9136
00930,永豐ESG低碳高息,13,0,13,群益金鼎-西松,2024-11-27,9136
00894,中信小資高價30,12,0,12,群益金鼎-西松,2024-11-27,9136
3006,晶豪科,12,0,12,群益金鼎-西松,2024-11-27,9136
1308,亞聚,11,0,11,群益金鼎-西松,2024-11-27,9136
6589,台康生技,11,0,11,群益金鼎-西松,2024-11-27,9136
3702,大聯大,10,0,10,群益金鼎-西松,2024-11-27,9136
1227,佳格,10,0,10,群益金鼎-西松,2024-11-27,9136
2605,新興,10,0,10,群益金鼎-西松,2024-11-27,9136
3013,晟銘電,18,8,10,群益金鼎-西松,2024-11-27,9136
6174,安��,10,0,10,群益金鼎-西松,2024-11-27,9136
6234,高僑,16,6,10,群益金鼎-西松,2024-11-27,9136
6768,志強-KY,10,0,10,群益金鼎-西松,2024-11-27,9136
8071,能率網通,10,0,10,群益金鼎-西松,2024-11-27,9136
9105,泰金寶-DR,13,3,10,群益金鼎-西松,2024-11-27,9136
00900,富邦特選高股息30,9,0,9,群益金鼎-西松,2024-11-27,9136
1569,濱川,9,0,9,群益金鼎-西松,2024-11-27,9136
2498,宏達電,10,1,9,群益金鼎-西松,2024-11-27,9136
2892,第一金,9,0,9,群益金鼎-西松,2024-11-27,9136
3540,曜越,11,2,9,群益金鼎-西松,2024-11-27,9136
4927,泰鼎-KY,34,25,9,群益金鼎-西松,2024-11-27,9136
00953B,群益優選非投等債,250,0,250,群益金鼎-西松,2024-11-28,9136
00919,群益台灣精選高息,114,0,114,群益金鼎-西松,2024-11-28,9136
00878,國泰永續高股息,79,7,72,群益金鼎-西松,2024-11-28,9136
3363,上詮,44,2,42,群益金鼎-西松,2024-11-28,9136
3450,聯鈞,57,27,30,群益金鼎-西松,2024-11-28,9136
1802,台玻,47,17,30,群益金鼎-西松,2024-11-28,9136
2603,長榮,31,2,29,群益金鼎-西松,2024-11-28,9136
2312,金寶,92,69,23,群益金鼎-西松,2024-11-28,9136
6143,振曜,51,31,20,群益金鼎-西松,2024-11-28,9136
00915,凱基優選高股息30,25,5,20,群益金鼎-西松,2024-11-28,9136
00940,元大台灣價值高息,18,0,18,群益金鼎-西松,2024-11-28,9136
5272,笙科,15,0,15,群益金鼎-西松,2024-11-28,9136
6535,順藥,15,0,15,群益金鼎-西松,2024-11-28,9136
8240,華宏,35,20,15,群益金鼎-西松,2024-11-28,9136
3702A,大聯大甲特,14,0,14,群益金鼎-西松,2024-11-28,9136
00891,中信關鍵半導體,13,0,13,群益金鼎-西松,2024-11-28,9136
00922,國泰台灣領袖50,13,0,13,群益金鼎-西松,2024-11-28,9136
00930,永豐ESG低碳高息,13,0,13,群益金鼎-西松,2024-11-28,9136
00918,大華優利高填息30,12,0,12,群益金鼎-西松,2024-11-28,9136
2308,台達電,14,2,12,群益金鼎-西松,2024-11-28,9136
3231,緯創,22,10,12,群益金鼎-西松,2024-11-28,9136
6558,興能高,32,20,12,群益金鼎-西松,2024-11-28,9136
2303,聯電,14,3,11,群益金鼎-西松,2024-11-28,9136
1301,台塑,11,0,11,群益金鼎-西松,2024-11-28,9136
00687B,國泰20年美債,22,11,11,群益金鼎-西松,2024-11-28,9136
00725B,國泰投資級公司債,10,0,10,群益金鼎-西松,2024-11-28,9136
00655L,國泰中國A50正2,20,10,10,群益金鼎-西松,2024-11-28,9136
00637L,元大滬深300正2,38,28,10,群益金鼎-西松,2024-11-28,9136
1605,華新,60,50,10,群益金鼎-西松,2024-11-28,9136
2230,泰茂,14,4,10,群益金鼎-西松,2024-11-28,9136
2371,大同,20,10,10,群益金鼎-西松,2024-11-28,9136
2838,聯邦銀,10,0,10,群益金鼎-西松,2024-11-28,9136
4147,中裕,10,0,10,群益金鼎-西松,2024-11-28,9136
6189,豐藝,10,0,10,群益金鼎-西松,2024-11-28,9136
2382,廣達,20,10,10,群益金鼎-西松,2024-11-28,9136
3032,偉訓,35,26,9,群益金鼎-西松,2024-11-28,9136
5438,東友,9,0,9,群益金鼎-西松,2024-11-28,9136
3037,欣興,10,1,9,群益金鼎-西松,2024-11-28,9136
3707,漢磊,9,1,8,群益金鼎-西松,2024-11-28,9136
2352,佳世達,8,0,8,群益金鼎-西松,2024-11-28,9136
2348,海悅,8,0,8,群益金鼎-西松,2024-11-28,9136
2374,佳能,11,3,8,群益金鼎-西松,2024-11-28,9136
2883,凱基金,11,3,8,群益金鼎-西松,2024-11-28,9136
4113,聯上,8,0,8,群益金鼎-西松,2024-11-28,9136
6757,台灣虎航,8,0,8,群益金鼎-西松,2024-11-28,9136
00927,群益半導體收益,7,0,7,群益金鼎-西松,2024-11-28,9136
2354,鴻準,12,5,7,群益金鼎-西松,2024-11-28,9136
3090,日電貿,15,8,7,群益金鼎-西松,2024-11-28,9136
8111,立��,9,2,7,群益金鼎-西松,2024-11-28,9136
00713,元大台灣高息低波,22,16,6,群益金鼎-西松,2024-11-28,9136
3323,加百裕,188,6,182,群益金鼎-西松,2024-11-29,9136
6757,台灣虎航,151,10,141,群益金鼎-西松,2024-11-29,9136
3706,神達,525,407,118,群益金鼎-西松,2024-11-29,9136
2002,中鋼,103,0,103,群益金鼎-西松,2024-11-29,9136
2348,海悅,112,9,103,群益金鼎-西松,2024-11-29,9136
6558,興能高,96,19,77,群益金鼎-西松,2024-11-29,9136
00953B,群益優選非投等債,67,0,67,群益金鼎-西松,2024-11-29,9136
00753L,中信中國50正2,55,3,52,群益金鼎-西松,2024-11-29,9136
3211,順達,59,15,44,群益金鼎-西松,2024-11-29,9136
4979,華星光,81,37,44,群益金鼎-西松,2024-11-29,9136
1815,富喬,52,13,39,群益金鼎-西松,2024-11-29,9136
2929,淘帝-KY,33,0,33,群益金鼎-西松,2024-11-29,9136
3234,光環,35,2,33,群益金鼎-西松,2024-11-29,9136
00919,群益台灣精選高息,33,0,33,群益金鼎-西松,2024-11-29,9136
5309,系統電,59,27,32,群益金鼎-西松,2024-11-29,9136
00665L,富邦�琤肭磪囓�2,30,0,30,群益金鼎-西松,2024-11-29,9136
3591,艾笛森,25,0,25,群益金鼎-西松,2024-11-29,9136
00915,凱基優選高股息30,29,5,24,群益金鼎-西松,2024-11-29,9136
2392,正崴,26,2,24,群益金鼎-西松,2024-11-29,9136
00878,國泰永續高股息,25,1,24,群益金鼎-西松,2024-11-29,9136
5880,合庫金,22,0,22,群益金鼎-西松,2024-11-29,9136
1301,台塑,21,1,20,群益金鼎-西松,2024-11-29,9136
00952,凱基台灣AI50,20,0,20,群益金鼎-西松,2024-11-29,9136
2596,綠意,20,0,20,群益金鼎-西松,2024-11-29,9136
00713,元大台灣高息低波,26,6,20,群益金鼎-西松,2024-11-29,9136
2882,國泰金,22,3,19,群益金鼎-西松,2024-11-29,9136
00918,大華優利高填息30,18,0,18,群益金鼎-西松,2024-11-29,9136
2444,兆勁,16,0,16,群益金鼎-西松,2024-11-29,9136
3231,緯創,45,29,16,群益金鼎-西松,2024-11-29,9136
2887,台新金,15,0,15,群益金鼎-西松,2024-11-29,9136
2302,麗正,15,1,14,群益金鼎-西松,2024-11-29,9136
2317,鴻海,25,11,14,群益金鼎-西松,2024-11-29,9136
2891,中信金,16,4,12,群益金鼎-西松,2024-11-29,9136
2881,富邦金,14,3,11,群益金鼎-西松,2024-11-29,9136
2511,太子,11,0,11,群益金鼎-西松,2024-11-29,9136
8299,群聯,11,0,11,群益金鼎-西松,2024-11-29,9136
00965,元大航太防衛科技,10,0,10,群益金鼎-西松,2024-11-29,9136
2349,錸德,10,0,10,群益金鼎-西松,2024-11-29,9136
2356,英業達,13,3,10,群益金鼎-西松,2024-11-29,9136
4157,太景*-KY,10,0,10,群益金鼎-西松,2024-11-29,9136
00679B,元大美債20年,11,1,10,群益金鼎-西松,2024-11-29,9136
2330,台積電,10,1,9,群益金鼎-西松,2024-11-29,9136
00632R,元大台灣50反1,10,1,9,群益金鼎-西松,2024-11-29,9136
5465,富驊,9,0,9,群益金鼎-西松,2024-11-29,9136
00960,野村全球航運龍頭,8,0,8,群益金鼎-西松,2024-11-29,9136
2312,金寶,21,13,8,群益金鼎-西松,2024-11-29,9136
0056,元大高股息,19,11,8,群益金鼎-西松,2024-11-29,9136
006208,富邦台50,8,1,7,群益金鼎-西松,2024-11-29,9136
2408,南亞科,6,0,6,群益金鼎-西松,2024-11-29,9136
2603,長榮,15,9,6,群益金鼎-西松,2024-11-29,9136
00918,大華優利高填息30,322,5,317,群益金鼎-西松,2024-12-02,9136
00953B,群益優選非投等債,178,80,98,群益金鼎-西松,2024-12-02,9136
5371,中光電,111,32,79,群益金鼎-西松,2024-12-02,9136
2354,鴻準,60,4,56,群益金鼎-西松,2024-12-02,9136
8099,大世科,71,30,41,群益金鼎-西松,2024-12-02,9136
00959B,大華投等美債15Y+,40,0,40,群益金鼎-西松,2024-12-02,9136
00757,統一FANG+,34,0,34,群益金鼎-西松,2024-12-02,9136
00676R,富邦臺灣加權反1,34,0,34,群益金鼎-西松,2024-12-02,9136
2615,萬海,33,1,32,群益金鼎-西松,2024-12-02,9136
3702A,大聯大甲特,32,0,32,群益金鼎-西松,2024-12-02,9136
3558,神準,33,3,30,群益金鼎-西松,2024-12-02,9136
2444,兆勁,27,0,27,群益金鼎-西松,2024-12-02,9136
5328,華容,35,9,26,群益金鼎-西松,2024-12-02,9136
00715L,期街口布蘭特正2,25,0,25,群益金鼎-西松,2024-12-02,9136
2027,大成鋼,23,0,23,群益金鼎-西松,2024-12-02,9136
2356,英業達,32,11,21,群益金鼎-西松,2024-12-02,9136
4979,華星光,70,49,21,群益金鼎-西松,2024-12-02,9136
3032,偉訓,24,3,21,群益金鼎-西松,2024-12-02,9136
5907,大洋-KY,19,0,19,群益金鼎-西松,2024-12-02,9136
00632R,元大台灣50反1,15,0,15,群益金鼎-西松,2024-12-02,9136
5315,光聯,17,2,15,群益金鼎-西松,2024-12-02,9136
8070,長華*,15,0,15,群益金鼎-西松,2024-12-02,9136
4968,立積,20,7,13,群益金鼎-西松,2024-12-02,9136
2542,興富發,14,2,12,群益金鼎-西松,2024-12-02,9136
1802,台玻,12,0,12,群益金鼎-西松,2024-12-02,9136
00713,元大台灣高息低波,12,0,12,群益金鼎-西松,2024-12-02,9136
3628,盈正,23,12,11,群益金鼎-西松,2024-12-02,9136
5876,上海商銀,10,0,10,群益金鼎-西松,2024-12-02,9136
8049,晶采,10,0,10,群益金鼎-西松,2024-12-02,9136
1301,台塑,14,5,9,群益金鼎-西松,2024-12-02,9136
2312,金寶,67,58,9,群益金鼎-西松,2024-12-02,9136
5309,系統電,29,20,9,群益金鼎-西松,2024-12-02,9136
1528,恩德,44,36,8,群益金鼎-西松,2024-12-02,9136
2337,旺宏,8,0,8,群益金鼎-西松,2024-12-02,9136
3231,緯創,13,5,8,群益金鼎-西松,2024-12-02,9136
1316,上曜,7,0,7,群益金鼎-西松,2024-12-02,9136
3707,漢磊,9,3,6,群益金鼎-西松,2024-12-02,9136
00930,永豐ESG低碳高息,9,3,6,群益金鼎-西松,2024-12-02,9136
00943,兆豐電子高息等權,6,0,6,群益金鼎-西松,2024-12-02,9136
2399,映泰,7,1,6,群益金鼎-西松,2024-12-02,9136
2515,中工,6,0,6,群益金鼎-西松,2024-12-02,9136
2614,東森,6,0,6,群益金鼎-西松,2024-12-02,9136
4716,大立,9,3,6,群益金鼎-西松,2024-12-02,9136
1102,亞泥,5,0,5,群益金鼎-西松,2024-12-02,9136
1616,億泰,8,3,5,群益金鼎-西松,2024-12-02,9136
1711,永光,5,0,5,群益金鼎-西松,2024-12-02,9136
3018,隆銘綠能,5,0,5,群益金鼎-西松,2024-12-02,9136
3024,憶聲,5,0,5,群益金鼎-西松,2024-12-02,9136
3025,星通,12,7,5,群益金鼎-西松,2024-12-02,9136
3360,尚立,10,5,5,群益金鼎-西松,2024-12-02,9136
2883,凱基金,612,10,602,群益金鼎-西松,2024-12-03,9136
00918,大華優利高填息30,257,5,252,群益金鼎-西松,2024-12-03,9136
00919,群益台灣精選高息,155,0,155,群益金鼎-西松,2024-12-03,9136
00676R,富邦臺灣加權反1,120,0,120,群益金鼎-西松,2024-12-03,9136
3234,光環,92,25,67,群益金鼎-西松,2024-12-03,9136
00632R,元大台灣50反1,61,0,61,群益金鼎-西松,2024-12-03,9136
9802,鈺齊-KY,50,0,50,群益金鼎-西松,2024-12-03,9136
00713,元大台灣高息低波,46,11,35,群益金鼎-西松,2024-12-03,9136
3689,湧德,24,4,20,群益金鼎-西松,2024-12-03,9136
2317,鴻海,28,8,20,群益金鼎-西松,2024-12-03,9136
3265,台星科,18,0,18,群益金鼎-西松,2024-12-03,9136
00948B,中信優息投資級債,16,0,16,群益金鼎-西松,2024-12-03,9136
00930,永豐ESG低碳高息,14,0,14,群益金鼎-西松,2024-12-03,9136
4303,信立,52,40,12,群益金鼎-西松,2024-12-03,9136
00725B,國泰投資級公司債,12,0,12,群益金鼎-西松,2024-12-03,9136
6530,創威,26,14,12,群益金鼎-西松,2024-12-03,9136
6546,正基,38,27,11,群益金鼎-西松,2024-12-03,9136
00885,富邦越南,10,0,10,群益金鼎-西松,2024-12-03,9136
2014,中鴻,10,0,10,群益金鼎-西松,2024-12-03,9136
2314,台揚,10,0,10,群益金鼎-西松,2024-12-03,9136
2464,盟立,10,0,10,群益金鼎-西松,2024-12-03,9136
2484,希華,10,0,10,群益金鼎-西松,2024-12-03,9136
6510,精測,10,0,10,群益金鼎-西松,2024-12-03,9136
2405,輔信,9,0,9,群益金鼎-西松,2024-12-03,9136
6282,康舒,10,1,9,群益金鼎-西松,2024-12-03,9136
8049,晶采,9,0,9,群益金鼎-西松,2024-12-03,9136
00671R,富邦NASDAQ反1,7,0,7,群益金鼎-西松,2024-12-03,9136
2630,亞航,7,0,7,群益金鼎-西松,2024-12-03,9136
3466,德晉,7,0,7,群益金鼎-西松,2024-12-03,9136
8107,大億金茂,7,0,7,群益金鼎-西松,2024-12-03,9136
0056,元大高股息,7,1,6,群益金鼎-西松,2024-12-03,9136
1524,耿鼎,6,0,6,群益金鼎-西松,2024-12-03,9136
2353,宏��,11,5,6,群益金鼎-西松,2024-12-03,9136
3580,友威科,7,1,6,群益金鼎-西松,2024-12-03,9136
3605,宏致,6,0,6,群益金鼎-西松,2024-12-03,9136
3712,永崴投控,6,0,6,群益金鼎-西松,2024-12-03,9136
4915,致伸,6,0,6,群益金鼎-西松,2024-12-03,9136
6192,巨路,14,8,6,群益金鼎-西松,2024-12-03,9136
6414,樺漢,6,0,6,群益金鼎-西松,2024-12-03,9136
6488,環球晶,6,0,6,群益金鼎-西松,2024-12-03,9136
00915,凱基優選高股息30,5,0,5,群益金鼎-西松,2024-12-03,9136
2520,冠德,5,0,5,群益金鼎-西松,2024-12-03,9136
3257,虹冠電,5,0,5,群益金鼎-西松,2024-12-03,9136
4991,環宇-KY,32,27,5,群益金鼎-西松,2024-12-03,9136
5521,工信,5,0,5,群益金鼎-西松,2024-12-03,9136
6141,柏承,5,0,5,群益金鼎-西松,2024-12-03,9136
6215,和椿,5,0,5,群益金鼎-西松,2024-12-03,9136
8489,三貝德,13,8,5,群益金鼎-西松,2024-12-03,9136
9910,豐泰,10,5,5,群益金鼎-西松,2024-12-03,9136
3231,緯創,13,8,5,群益金鼎-西松,2024-12-03,9136
2354,鴻準,87,6,81,群益金鼎-西松,2024-12-04,9136
00918,大華優利高填息30,76,0,76,群益金鼎-西松,2024-12-04,9136
3450,聯鈞,108,62,46,群益金鼎-西松,2024-12-04,9136
6282,康舒,50,4,46,群益金鼎-西松,2024-12-04,9136
3591,艾笛森,40,0,40,群益金鼎-西松,2024-12-04,9136
3211,順達,98,60,38,群益金鼎-西松,2024-12-04,9136
00919,群益台灣精選高息,59,25,34,群益金鼎-西松,2024-12-04,9136
9938,百和,30,0,30,群益金鼎-西松,2024-12-04,9136
00753L,中信中國50正2,30,1,29,群益金鼎-西松,2024-12-04,9136
9105,泰金寶-DR,161,132,29,群益金鼎-西松,2024-12-04,9136
2101,南港,28,2,26,群益金鼎-西松,2024-12-04,9136
00676R,富邦臺灣加權反1,30,5,25,群益金鼎-西松,2024-12-04,9136
00963,中信全球高股息,25,0,25,群益金鼎-西松,2024-12-04,9136
2408,南亞科,22,0,22,群益金鼎-西松,2024-12-04,9136
4977,眾達-KY,30,8,22,群益金鼎-西松,2024-12-04,9136
3631,晟楠,20,0,20,群益金鼎-西松,2024-12-04,9136
6176,瑞儀,19,0,19,群益金鼎-西松,2024-12-04,9136
2392,正崴,21,3,18,群益金鼎-西松,2024-12-04,9136
00713,元大台灣高息低波,20,2,18,群益金鼎-西松,2024-12-04,9136
2301,光寶科,26,10,16,群益金鼎-西松,2024-12-04,9136
00959B,大華投等美債15Y+,15,0,15,群益金鼎-西松,2024-12-04,9136
2062,橋椿,19,4,15,群益金鼎-西松,2024-12-04,9136
2449,京元電子,16,1,15,群益金鼎-西松,2024-12-04,9136
00915,凱基優選高股息30,22,8,14,群益金鼎-西松,2024-12-04,9136
2481,強茂,15,1,14,群益金鼎-西松,2024-12-04,9136
3548,兆利,18,4,14,群益金鼎-西松,2024-12-04,9136
8111,立��,30,17,13,群益金鼎-西松,2024-12-04,9136
2312,金寶,65,52,13,群益金鼎-西松,2024-12-04,9136
00885,富邦越南,12,0,12,群益金鼎-西松,2024-12-04,9136
2345,智邦,17,6,11,群益金鼎-西松,2024-12-04,9136
2444,兆勁,11,0,11,群益金鼎-西松,2024-12-04,9136
00877,復華中國5G,10,0,10,群益金鼎-西松,2024-12-04,9136
00637L,元大滬深300正2,43,33,10,群益金鼎-西松,2024-12-04,9136
1711,永光,10,0,10,群益金鼎-西松,2024-12-04,9136
2542,興富發,10,0,10,群益金鼎-西松,2024-12-04,9136
2905,三商,10,0,10,群益金鼎-西松,2024-12-04,9136
3167,大量,10,0,10,群益金鼎-西松,2024-12-04,9136
4908,前鼎,17,7,10,群益金鼎-西松,2024-12-04,9136
3032,偉訓,33,23,10,群益金鼎-西松,2024-12-04,9136
00926,凱基全球菁英55,9,0,9,群益金鼎-西松,2024-12-04,9136
0056,元大高股息,12,3,9,群益金鼎-西松,2024-12-04,9136
6546,正基,14,5,9,群益金鼎-西松,2024-12-04,9136
00933B,國泰10Y+金融債,8,0,8,群益金鼎-西松,2024-12-04,9136
8932,智通*,26,18,8,群益金鼎-西松,2024-12-04,9136
3625,西勝,9,2,7,群益金鼎-西松,2024-12-04,9136
6859,伯特光,15,8,7,群益金鼎-西松,2024-12-04,9136
8038,長園科,7,0,7,群益金鼎-西松,2024-12-04,9136
1605,華新,7,1,6,群益金鼎-西松,2024-12-04,9136
00751B,元大AAA至A公司債,6,0,6,群益金鼎-西松,2024-12-04,9136
2409,友達,6,0,6,群益金鼎-西松,2024-12-04,9136
00943,兆豐電子高息等權,323,50,273,群益金鼎-西松,2024-12-05,9136
00937B,群益ESG投等債20,331,100,231,群益金鼎-西松,2024-12-05,9136
3234,光環,209,2,207,群益金鼎-西松,2024-12-05,9136
9802,鈺齊-KY,199,1,198,群益金鼎-西松,2024-12-05,9136
00679B,元大美債20年,168,16,152,群益金鼎-西松,2024-12-05,9136
4977,眾達-KY,138,51,87,群益金鼎-西松,2024-12-05,9136
00637L,元大滬深300正2,85,0,85,群益金鼎-西松,2024-12-05,9136
00918,大華優利高填息30,63,0,63,群益金鼎-西松,2024-12-05,9136
2101,南港,41,0,41,群益金鼎-西松,2024-12-05,9136
4908,前鼎,105,69,36,群益金鼎-西松,2024-12-05,9136
2371,大同,61,27,34,群益金鼎-西松,2024-12-05,9136
6505,台塑化,32,0,32,群益金鼎-西松,2024-12-05,9136
3481,群創,30,1,29,群益金鼎-西松,2024-12-05,9136
5328,華容,95,68,27,群益金鼎-西松,2024-12-05,9136
2444,兆勁,31,6,25,群益金鼎-西松,2024-12-05,9136
2317,鴻海,31,7,24,群益金鼎-西松,2024-12-05,9136
2303,聯電,23,0,23,群益金鼎-西松,2024-12-05,9136
2375,凱美,29,7,22,群益金鼎-西松,2024-12-05,9136
2618,長榮航,31,9,22,群益金鼎-西松,2024-12-05,9136
6282,康舒,23,1,22,群益金鼎-西松,2024-12-05,9136
6127,九豪,42,21,21,群益金鼎-西松,2024-12-05,9136
2312,金寶,38,18,20,群益金鼎-西松,2024-12-05,9136
00953B,群益優選非投等債,18,0,18,群益金鼎-西松,2024-12-05,9136
8429,金麗-KY,18,0,18,群益金鼎-西松,2024-12-05,9136
2103,台橡,15,0,15,群益金鼎-西松,2024-12-05,9136
5907,大洋-KY,15,0,15,群益金鼎-西松,2024-12-05,9136
6470,宇智,15,0,15,群益金鼎-西松,2024-12-05,9136
6546,正基,16,1,15,群益金鼎-西松,2024-12-05,9136
2241,艾姆勒,14,0,14,群益金鼎-西松,2024-12-05,9136
3003,健和興,17,3,14,群益金鼎-西松,2024-12-05,9136
3025,星通,21,7,14,群益金鼎-西松,2024-12-05,9136
3518,柏騰,14,0,14,群益金鼎-西松,2024-12-05,9136
5439,高技,17,3,14,群益金鼎-西松,2024-12-05,9136
00715L,期街口布蘭特正2,13,0,13,群益金鼎-西松,2024-12-05,9136
3211,順達,50,37,13,群益金鼎-西松,2024-12-05,9136
00909,國泰數位支付服務,12,1,11,群益金鼎-西松,2024-12-05,9136
00885,富邦越南,11,0,11,群益金鼎-西松,2024-12-05,9136
3694,海華,18,7,11,群益金鼎-西松,2024-12-05,9136
6603,富強鑫,17,6,11,群益金鼎-西松,2024-12-05,9136
1301,台塑,10,0,10,群益金鼎-西松,2024-12-05,9136
1336,台翰,10,0,10,群益金鼎-西松,2024-12-05,9136
2337,旺宏,10,0,10,群益金鼎-西松,2024-12-05,9136
2409,友達,16,6,10,群益金鼎-西松,2024-12-05,9136
3043,科風,12,2,10,群益金鼎-西松,2024-12-05,9136
4961,天鈺,10,0,10,群益金鼎-西松,2024-12-05,9136
8049,晶采,10,0,10,群益金鼎-西松,2024-12-05,9136
00915,凱基優選高股息30,9,0,9,群益金鼎-西松,2024-12-05,9136
1303,南亞,10,1,9,群益金鼎-西松,2024-12-05,9136
1815,富喬,181,172,9,群益金鼎-西松,2024-12-05,9136
4912,聯德控股-KY,10,1,9,群益金鼎-西松,2024-12-05,9136
00919,群益台灣精選高息,193,4,189,群益金鼎-西松,2024-12-06,9136
1785,光洋科,87,12,75,群益金鼎-西松,2024-12-06,9136
00915,凱基優選高股息30,57,0,57,群益金鼎-西松,2024-12-06,9136
00878,國泰永續高股息,72,17,55,群益金鼎-西松,2024-12-06,9136
00676R,富邦臺灣加權反1,50,0,50,群益金鼎-西松,2024-12-06,9136
6282,康舒,30,1,29,群益金鼎-西松,2024-12-06,9136
8222,寶一,29,0,29,群益金鼎-西松,2024-12-06,9136
1815,富喬,40,15,25,群益金鼎-西松,2024-12-06,9136
3034,聯詠,20,1,19,群益金鼎-西松,2024-12-06,9136
00679B,元大美債20年,31,12,19,群益金鼎-西松,2024-12-06,9136
3321,同泰,19,1,18,群益金鼎-西松,2024-12-06,9136
2405,輔信,22,5,17,群益金鼎-西松,2024-12-06,9136
3597,映興,18,1,17,群益金鼎-西松,2024-12-06,9136
00751B,元大AAA至A公司債,17,1,16,群益金鼎-西松,2024-12-06,9136
2467,志聖,16,0,16,群益金鼎-西松,2024-12-06,9136
8069,元太,16,0,16,群益金鼎-西松,2024-12-06,9136
0056,元大高股息,15,0,15,群益金鼎-西松,2024-12-06,9136
1531,高林股,15,0,15,群益金鼎-西松,2024-12-06,9136
8429,金麗-KY,15,0,15,群益金鼎-西松,2024-12-06,9136
2382,廣達,21,7,14,群益金鼎-西松,2024-12-06,9136
5439,高技,16,2,14,群益金鼎-西松,2024-12-06,9136
8111,立��,66,52,14,群益金鼎-西松,2024-12-06,9136
00918,大華優利高填息30,13,0,13,群益金鼎-西松,2024-12-06,9136
3230,錦明,18,5,13,群益金鼎-西松,2024-12-06,9136
00712,復華富時不動產,12,0,12,群益金鼎-西松,2024-12-06,9136
00922,國泰台灣領袖50,12,0,12,群益金鼎-西松,2024-12-06,9136
00662,富邦NASDAQ,12,0,12,群益金鼎-西松,2024-12-06,9136
5371,中光電,31,19,12,群益金鼎-西松,2024-12-06,9136
00962,台新AI優息動能,12,0,12,群益金鼎-西松,2024-12-06,9136
00953B,群益優選非投等債,11,0,11,群益金鼎-西松,2024-12-06,9136
2520,冠德,18,7,11,群益金鼎-西松,2024-12-06,9136
3078,僑威,15,4,11,群益金鼎-西松,2024-12-06,9136
5309,系統電,16,5,11,群益金鼎-西松,2024-12-06,9136
6274,台燿,13,2,11,群益金鼎-西松,2024-12-06,9136
1802,台玻,10,0,10,群益金鼎-西松,2024-12-06,9136
2486,一詮,13,3,10,群益金鼎-西松,2024-12-06,9136
2348,海悅,10,0,10,群益金鼎-西松,2024-12-06,9136
2444,兆勁,10,0,10,群益金鼎-西松,2024-12-06,9136
2465,麗臺,10,0,10,群益金鼎-西松,2024-12-06,9136
2511,太子,10,0,10,群益金鼎-西松,2024-12-06,9136
6283,淳安,10,0,10,群益金鼎-西松,2024-12-06,9136
6720,久昌,10,0,10,群益金鼎-西松,2024-12-06,9136
6937,天虹,12,2,10,群益金鼎-西松,2024-12-06,9136
3551,世禾,10,1,9,群益金鼎-西松,2024-12-06,9136
6416,瑞祺電通,12,3,9,群益金鼎-西松,2024-12-06,9136
6589,台康生技,9,0,9,群益金鼎-西松,2024-12-06,9136
6139,亞翔,14,5,9,群益金鼎-西松,2024-12-06,9136
3236,千如,8,0,8,群益金鼎-西松,2024-12-06,9136
3591,艾笛森,30,22,8,群益金鼎-西松,2024-12-06,9136
6197,佳必琪,9,1,8,群益金鼎-西松,2024-12-06,9136
2883,凱基金,615,0,615,群益金鼎-西松,2024-12-09,9136
2891,中信金,604,1,603,群益金鼎-西松,2024-12-09,9136
00633L,富邦上証正2,300,0,300,群益金鼎-西松,2024-12-09,9136
4977,眾達-KY,177,44,133,群益金鼎-西松,2024-12-09,9136
1785,光洋科,139,25,114,群益金鼎-西松,2024-12-09,9136
00753L,中信中國50正2,108,1,107,群益金鼎-西松,2024-12-09,9136
2101,南港,69,0,69,群益金鼎-西松,2024-12-09,9136
2915,潤泰全,51,0,51,群益金鼎-西松,2024-12-09,9136
00637L,元大滬深300正2,44,8,36,群益金鼎-西松,2024-12-09,9136
1527,鑽全,30,0,30,群益金鼎-西松,2024-12-09,9136
2317,鴻海,37,8,29,群益金鼎-西松,2024-12-09,9136
1815,富喬,85,58,27,群益金鼎-西松,2024-12-09,9136
2520,冠德,27,0,27,群益金鼎-西松,2024-12-09,9136
2392,正崴,38,12,26,群益金鼎-西松,2024-12-09,9136
3321,同泰,36,10,26,群益金鼎-西松,2024-12-09,9136
5202,力新,26,3,23,群益金鼎-西松,2024-12-09,9136
3563,牧德,23,1,22,群益金鼎-西松,2024-12-09,9136
00887,永豐中國科技50大,23,2,21,群益金鼎-西松,2024-12-09,9136
00639,富邦深100,20,0,20,群益金鼎-西松,2024-12-09,9136
6706,惠特,30,10,20,群益金鼎-西松,2024-12-09,9136
2324,仁寶,27,8,19,群益金鼎-西松,2024-12-09,9136
4912,聯德控股-KY,69,50,19,群益金鼎-西松,2024-12-09,9136
1802,台玻,16,0,16,群益金鼎-西松,2024-12-09,9136
00915,凱基優選高股息30,21,6,15,群益金鼎-西松,2024-12-09,9136
6505,台塑化,17,2,15,群益金鼎-西松,2024-12-09,9136
6651,全宇昕,14,1,13,群益金鼎-西松,2024-12-09,9136
00919,群益台灣精選高息,122,109,13,群益金鼎-西松,2024-12-09,9136
1301,台塑,17,5,12,群益金鼎-西松,2024-12-09,9136
3450,聯鈞,48,36,12,群益金鼎-西松,2024-12-09,9136
2069,運錩,17,6,11,群益金鼎-西松,2024-12-09,9136
2436,偉詮電,11,0,11,群益金鼎-西松,2024-12-09,9136
2617,台航,11,0,11,群益金鼎-西松,2024-12-09,9136
4979,華星光,17,6,11,群益金鼎-西松,2024-12-09,9136
006205,富邦上証,10,0,10,群益金鼎-西松,2024-12-09,9136
2415,錩新,10,0,10,群益金鼎-西松,2024-12-09,9136
2468,華經,16,6,10,群益金鼎-西松,2024-12-09,9136
2489,瑞軒,10,0,10,群益金鼎-西松,2024-12-09,9136
6426,統新,17,7,10,群益金鼎-西松,2024-12-09,9136
00927,群益半導體收益,12,2,10,群益金鼎-西松,2024-12-09,9136
00918,大華優利高填息30,34,25,9,群益金鼎-西松,2024-12-09,9136
00878,國泰永續高股息,10,1,9,群益金鼎-西松,2024-12-09,9136
1565,精華,11,2,9,群益金鼎-西松,2024-12-09,9136
1303,南亞,10,1,9,群益金鼎-西松,2024-12-09,9136
2352,佳世達,14,5,9,群益金鼎-西松,2024-12-09,9136
6937,天虹,16,7,9,群益金鼎-西松,2024-12-09,9136
3019,亞光,17,8,9,群益金鼎-西松,2024-12-09,9136
1326,台化,8,0,8,群益金鼎-西松,2024-12-09,9136
2486,一詮,8,0,8,群益金鼎-西松,2024-12-09,9136
1402,遠東新,7,0,7,群益金鼎-西松,2024-12-09,9136
3029,零壹,33,26,7,群益金鼎-西松,2024-12-09,9136
00633L,富邦上証正2,213,1,212,群益金鼎-西松,2024-12-10,9136
00918,大華優利高填息30,88,0,88,群益金鼎-西松,2024-12-10,9136
00882,中信中國高股息,100,19,81,群益金鼎-西松,2024-12-10,9136
00637L,元大滬深300正2,128,70,58,群益金鼎-西松,2024-12-10,9136
00878,國泰永續高股息,40,0,40,群益金鼎-西松,2024-12-10,9136
6877,鏵友益,68,31,37,群益金鼎-西松,2024-12-10,9136
3706,神達,73,46,27,群益金鼎-西松,2024-12-10,9136
0056,元大高股息,24,1,23,群益金鼎-西松,2024-12-10,9136
5483,中美晶,23,0,23,群益金鼎-西松,2024-12-10,9136
3481,群創,28,6,22,群益金鼎-西松,2024-12-10,9136
6469,大樹,26,5,21,群益金鼎-西松,2024-12-10,9136
00650L,復華香港正2,21,0,21,群益金鼎-西松,2024-12-10,9136
6291,沛亨,27,6,21,群益金鼎-西松,2024-12-10,9136
00937B,群益ESG投等債20,21,0,21,群益金鼎-西松,2024-12-10,9136
00713,元大台灣高息低波,20,0,20,群益金鼎-西松,2024-12-10,9136
1449,佳和,26,8,18,群益金鼎-西松,2024-12-10,9136
2303,聯電,20,3,17,群益金鼎-西松,2024-12-10,9136
4566,時碩工業,18,1,17,群益金鼎-西松,2024-12-10,9136
00948B,中信優息投資級債,17,0,17,群益金鼎-西松,2024-12-10,9136
2317,鴻海,49,33,16,群益金鼎-西松,2024-12-10,9136
1815,富喬,58,42,16,群益金鼎-西松,2024-12-10,9136
3234,光環,16,0,16,群益金鼎-西松,2024-12-10,9136
3231,緯創,17,4,13,群益金鼎-西松,2024-12-10,9136
2609,陽明,30,17,13,群益金鼎-西松,2024-12-10,9136
3694,海華,40,27,13,群益金鼎-西松,2024-12-10,9136
4303,信立,18,5,13,群益金鼎-西松,2024-12-10,9136
1618,合機,15,3,12,群益金鼎-西松,2024-12-10,9136
2352,佳世達,12,0,12,群益金鼎-西松,2024-12-10,9136
3289,宜特,18,6,12,群益金鼎-西松,2024-12-10,9136
6213,聯茂,14,3,11,群益金鼎-西松,2024-12-10,9136
2486,一詮,19,8,11,群益金鼎-西松,2024-12-10,9136
2883,凱基金,11,0,11,群益金鼎-西松,2024-12-10,9136
00945B,凱基美國非投等債,10,0,10,群益金鼎-西松,2024-12-10,9136
2332,友訊,10,0,10,群益金鼎-西松,2024-12-10,9136
2388,威盛,13,3,10,群益金鼎-西松,2024-12-10,9136
2618,長榮航,9,0,9,群益金鼎-西松,2024-12-10,9136
2382,廣達,21,12,9,群益金鼎-西松,2024-12-10,9136
8044,網家,22,13,9,群益金鼎-西松,2024-12-10,9136
1785,光洋科,13,4,9,群益金鼎-西松,2024-12-10,9136
2542,興富發,8,0,8,群益金鼎-西松,2024-12-10,9136
3036,文曄,26,18,8,群益金鼎-西松,2024-12-10,9136
2444,兆勁,12,4,8,群益金鼎-西松,2024-12-10,9136
3044,健鼎,8,0,8,群益金鼎-西松,2024-12-10,9136
5228,鈺鎧,8,0,8,群益金鼎-西松,2024-12-10,9136
5371,中光電,10,2,8,群益金鼎-西松,2024-12-10,9136
5438,東友,8,0,8,群益金鼎-西松,2024-12-10,9136
6642,富致,8,0,8,群益金鼎-西松,2024-12-10,9136
2376,技嘉,7,0,7,群益金鼎-西松,2024-12-10,9136
00939,統一台灣高息動能,7,0,7,群益金鼎-西松,2024-12-10,9136
2409,友達,7,0,7,群益金鼎-西松,2024-12-10,9136
1220,台榮,124,0,124,群益金鼎-西松,2024-12-11,9136
00937B,群益ESG投等債20,112,0,112,群益金鼎-西松,2024-12-11,9136
00919,群益台灣精選高息,91,6,85,群益金鼎-西松,2024-12-11,9136
00918,大華優利高填息30,80,0,80,群益金鼎-西松,2024-12-11,9136
00953B,群益優選非投等債,64,0,64,群益金鼎-西松,2024-12-11,9136
2915,潤泰全,64,0,64,群益金鼎-西松,2024-12-11,9136
4111,濟生,53,0,53,群益金鼎-西松,2024-12-11,9136
2371,大同,50,4,46,群益金鼎-西松,2024-12-11,9136
00915,凱基優選高股息30,42,0,42,群益金鼎-西松,2024-12-11,9136
00637L,元大滬深300正2,51,10,41,群益金鼎-西松,2024-12-11,9136
2351,順德,40,0,40,群益金鼎-西松,2024-12-11,9136
00878,國泰永續高股息,49,9,40,群益金鼎-西松,2024-12-11,9136
4908,前鼎,76,37,39,群益金鼎-西松,2024-12-11,9136
3296,勝德,38,0,38,群益金鼎-西松,2024-12-11,9136
0056,元大高股息,37,0,37,群益金鼎-西松,2024-12-11,9136
1783,和康生,33,0,33,群益金鼎-西松,2024-12-11,9136
3580,友威科,38,7,31,群益金鼎-西松,2024-12-11,9136
5483,中美晶,30,0,30,群益金鼎-西松,2024-12-11,9136
5244,弘凱,29,0,29,群益金鼎-西松,2024-12-11,9136
3702A,大聯大甲特,28,0,28,群益金鼎-西松,2024-12-11,9136
1605,華新,23,0,23,群益金鼎-西松,2024-12-11,9136
4541,晟田,23,3,20,群益金鼎-西松,2024-12-11,9136
6167,久正,31,12,19,群益金鼎-西松,2024-12-11,9136
6442,光聖,32,13,19,群益金鼎-西松,2024-12-11,9136
2382,廣達,21,2,19,群益金鼎-西松,2024-12-11,9136
1301,台塑,19,1,18,群益金鼎-西松,2024-12-11,9136
2317,鴻海,47,29,18,群益金鼎-西松,2024-12-11,9136
00713,元大台灣高息低波,25,7,18,群益金鼎-西松,2024-12-11,9136
1815,富喬,39,22,17,群益金鼎-西松,2024-12-11,9136
2368,金像電,26,10,16,群益金鼎-西松,2024-12-11,9136
3231,緯創,18,2,16,群益金鼎-西松,2024-12-11,9136
4991,環宇-KY,36,20,16,群益金鼎-西松,2024-12-11,9136
6770,力積電,16,0,16,群益金鼎-西松,2024-12-11,9136
00687B,國泰20年美債,15,0,15,群益金鼎-西松,2024-12-11,9136
2609,陽明,19,6,13,群益金鼎-西松,2024-12-11,9136
2615,萬海,29,16,13,群益金鼎-西松,2024-12-11,9136
2383,台光電,13,0,13,群益金鼎-西松,2024-12-11,9136
5371,中光電,12,0,12,群益金鼎-西松,2024-12-11,9136
1464,得力,11,0,11,群益金鼎-西松,2024-12-11,9136
2855,統一證,11,0,11,群益金鼎-西松,2024-12-11,9136
6558,興能高,50,39,11,群益金鼎-西松,2024-12-11,9136
00665L,富邦�琤肭磪囓�2,60,50,10,群益金鼎-西松,2024-12-11,9136
00948B,中信優息投資級債,10,0,10,群益金鼎-西松,2024-12-11,9136
2392,正崴,10,0,10,群益金鼎-西松,2024-12-11,9136
2520,冠德,10,0,10,群益金鼎-西松,2024-12-11,9136
3323,加百裕,16,6,10,群益金鼎-西松,2024-12-11,9136
6026,福邦證,10,0,10,群益金鼎-西松,2024-12-11,9136
2330,台積電,10,1,9,群益金鼎-西松,2024-12-11,9136
2402,毅嘉,9,0,9,群益金鼎-西松,2024-12-11,9136
3015,全漢,9,0,9,群益金鼎-西松,2024-12-11,9136
00953B,群益優選非投等債,540,35,505,群益金鼎-西松,2024-12-12,9136
00937B,群益ESG投等債20,70,0,70,群益金鼎-西松,2024-12-12,9136
3207,耀勝,94,29,65,群益金鼎-西松,2024-12-12,9136
00919,群益台灣精選高息,71,12,59,群益金鼎-西松,2024-12-12,9136
00676R,富邦臺灣加權反1,50,0,50,群益金鼎-西松,2024-12-12,9136
3032,偉訓,51,4,47,群益金鼎-西松,2024-12-12,9136
00679B,元大美債20年,51,4,47,群益金鼎-西松,2024-12-12,9136
00757,統一FANG+,31,0,31,群益金鼎-西松,2024-12-12,9136
1595,川寶,37,7,30,群益金鼎-西松,2024-12-12,9136
2328,廣宇,141,111,30,群益金鼎-西松,2024-12-12,9136
00720B,元大投資級公司債,33,8,25,群益金鼎-西松,2024-12-12,9136
00687B,國泰20年美債,25,4,21,群益金鼎-西松,2024-12-12,9136
2351,順德,21,0,21,群益金鼎-西松,2024-12-12,9136
3090,日電貿,18,1,17,群益金鼎-西松,2024-12-12,9136
5488,松普,19,2,17,群益金鼎-西松,2024-12-12,9136
00752,中信中國50,16,0,16,群益金鼎-西松,2024-12-12,9136
2312,金寶,127,111,16,群益金鼎-西松,2024-12-12,9136
5483,中美晶,15,0,15,群益金鼎-西松,2024-12-12,9136
2303,聯電,29,14,15,群益金鼎-西松,2024-12-12,9136
00636,國泰中國A50,13,0,13,群益金鼎-西松,2024-12-12,9136
4502,健信,13,0,13,群益金鼎-西松,2024-12-12,9136
6405,悅城,13,0,13,群益金鼎-西松,2024-12-12,9136
3702A,大聯大甲特,12,0,12,群益金鼎-西松,2024-12-12,9136
6118,建達,12,0,12,群益金鼎-西松,2024-12-12,9136
2368,金像電,21,9,12,群益金鼎-西松,2024-12-12,9136
1301,台塑,17,6,11,群益金鼎-西松,2024-12-12,9136
00751B,元大AAA至A公司債,11,0,11,群益金鼎-西松,2024-12-12,9136
3563,牧德,12,1,11,群益金鼎-西松,2024-12-12,9136
6426,統新,12,1,11,群益金鼎-西松,2024-12-12,9136
2891,中信金,19,8,11,群益金鼎-西松,2024-12-12,9136
2317,鴻海,43,32,11,群益金鼎-西松,2024-12-12,9136
2845,遠東銀,10,0,10,群益金鼎-西松,2024-12-12,9136
3607,谷崧,10,0,10,群益金鼎-西松,2024-12-12,9136
6005,群益證,10,0,10,群益金鼎-西松,2024-12-12,9136
8049,晶采,10,0,10,群益金鼎-西松,2024-12-12,9136
00933B,國泰10Y+金融債,9,0,9,群益金鼎-西松,2024-12-12,9136
2009,第一銅,10,1,9,群益金鼎-西松,2024-12-12,9136
2305,全友,13,4,9,群益金鼎-西松,2024-12-12,9136
1216,統一,8,0,8,群益金鼎-西松,2024-12-12,9136
00948B,中信優息投資級債,8,0,8,群益金鼎-西松,2024-12-12,9136
2801,彰銀,8,0,8,群益金鼎-西松,2024-12-12,9136
5426,振發,10,2,8,群益金鼎-西松,2024-12-12,9136
2002,中鋼,7,0,7,群益金鼎-西松,2024-12-12,9136
2027,大成鋼,9,2,7,群益金鼎-西松,2024-12-12,9136
2353,宏��,9,2,7,群益金鼎-西松,2024-12-12,9136
3025,星通,10,3,7,群益金鼎-西松,2024-12-12,9136
006208,富邦台50,15,8,7,群益金鼎-西松,2024-12-12,9136
8069,元太,8,1,7,群益金鼎-西松,2024-12-12,9136
2609,陽明,8,2,6,群益金鼎-西松,2024-12-12,9136
1587,吉茂,16,10,6,群益金鼎-西松,2024-12-12,9136
00937B,群益ESG投等債20,368,0,368,群益金鼎-西松,2024-12-13,9136
00633L,富邦上証正2,199,1,198,群益金鼎-西松,2024-12-13,9136
00637L,元大滬深300正2,138,20,118,群益金鼎-西松,2024-12-13,9136
2915,潤泰全,171,60,111,群益金鼎-西松,2024-12-13,9136
00679B,元大美債20年,102,4,98,群益金鼎-西松,2024-12-13,9136
00882,中信中國高股息,60,0,60,群益金鼎-西松,2024-12-13,9136
2356,英業達,100,45,55,群益金鼎-西松,2024-12-13,9136
00933B,國泰10Y+金融債,40,0,40,群益金鼎-西松,2024-12-13,9136
00910,第一金太空衛星,38,0,38,群益金鼎-西松,2024-12-13,9136
6291,沛亨,42,7,35,群益金鼎-西松,2024-12-13,9136
00687B,國泰20年美債,34,1,33,群益金鼎-西松,2024-12-13,9136
4979,華星光,65,32,33,群益金鼎-西松,2024-12-13,9136
00946,群益科技高息成長,31,0,31,群益金鼎-西松,2024-12-13,9136
3081,聯亞,32,4,28,群益金鼎-西松,2024-12-13,9136
6199,天品,29,3,26,群益金鼎-西松,2024-12-13,9136
00915,凱基優選高股息30,33,12,21,群益金鼎-西松,2024-12-13,9136
00713,元大台灣高息低波,22,1,21,群益金鼎-西松,2024-12-13,9136
2618,長榮航,20,0,20,群益金鼎-西松,2024-12-13,9136
2351,順德,31,11,20,群益金鼎-西松,2024-12-13,9136
2609,陽明,40,20,20,群益金鼎-西松,2024-12-13,9136
00929,復華台灣科技優息,16,0,16,群益金鼎-西松,2024-12-13,9136
2317,鴻海,38,23,15,群益金鼎-西松,2024-12-13,9136
3037,欣興,18,4,14,群益金鼎-西松,2024-12-13,9136
1605,華新,14,0,14,群益金鼎-西松,2024-12-13,9136
4739,康普,14,0,14,群益金鼎-西松,2024-12-13,9136
2303,聯電,15,1,14,群益金鼎-西松,2024-12-13,9136
00751B,元大AAA至A公司債,14,0,14,群益金鼎-西松,2024-12-13,9136
1513,中興電,13,0,13,群益金鼎-西松,2024-12-13,9136
00753L,中信中國50正2,13,0,13,群益金鼎-西松,2024-12-13,9136
006208,富邦台50,13,1,12,群益金鼎-西松,2024-12-13,9136
00953B,群益優選非投等債,12,0,12,群益金鼎-西松,2024-12-13,9136
1524,耿鼎,12,0,12,群益金鼎-西松,2024-12-13,9136
00909,國泰數位支付服務,11,0,11,群益金鼎-西松,2024-12-13,9136
5392,能率,18,7,11,群益金鼎-西松,2024-12-13,9136
00959B,大華投等美債15Y+,11,0,11,群益金鼎-西松,2024-12-13,9136
1815,富喬,17,6,11,群益金鼎-西松,2024-12-13,9136
2332,友訊,11,0,11,群益金鼎-西松,2024-12-13,9136
3707,漢磊,11,1,10,群益金鼎-西松,2024-12-13,9136
00720B,元大投資級公司債,10,0,10,群益金鼎-西松,2024-12-13,9136
00900,富邦特選高股息30,10,0,10,群益金鼎-西松,2024-12-13,9136
00945B,凱基美國非投等債,10,0,10,群益金鼎-西松,2024-12-13,9136
2353,宏��,30,20,10,群益金鼎-西松,2024-12-13,9136
4912,聯德控股-KY,30,20,10,群益金鼎-西松,2024-12-13,9136
6026,福邦證,10,0,10,群益金鼎-西松,2024-12-13,9136
6770,力積電,12,2,10,群益金鼎-西松,2024-12-13,9136
6933,AMAX-KY,10,0,10,群益金鼎-西松,2024-12-13,9136
8069,元太,87,77,10,群益金鼎-西松,2024-12-13,9136
2882,國泰金,11,2,9,群益金鼎-西松,2024-12-13,9136
2881,富邦金,10,1,9,群益金鼎-西松,2024-12-13,9136
2417,圓剛,11,2,9,群益金鼎-西松,2024-12-13,9136
00918,大華優利高填息30,94,0,94,群益金鼎-西松,2024-12-16,9136
00937B,群益ESG投等債20,87,2,85,群益金鼎-西松,2024-12-16,9136
00919,群益台灣精選高息,79,5,74,群益金鼎-西松,2024-12-16,9136
2317,鴻海,74,12,62,群益金鼎-西松,2024-12-16,9136
5483,中美晶,40,1,39,群益金鼎-西松,2024-12-16,9136
2915,潤泰全,39,0,39,群益金鼎-西松,2024-12-16,9136
2610,華航,51,16,35,群益金鼎-西松,2024-12-16,9136
00933B,國泰10Y+金融債,32,0,32,群益金鼎-西松,2024-12-16,9136
00878,國泰永續高股息,45,14,31,群益金鼎-西松,2024-12-16,9136
8271,宇瞻,46,15,31,群益金鼎-西松,2024-12-16,9136
00959B,大華投等美債15Y+,30,0,30,群益金鼎-西松,2024-12-16,9136
0056,元大高股息,28,0,28,群益金鼎-西松,2024-12-16,9136
00688L,國泰20年美債正2,26,0,26,群益金鼎-西松,2024-12-16,9136
4989,榮科,33,7,26,群益金鼎-西松,2024-12-16,9136
00930,永豐ESG低碳高息,25,0,25,群益金鼎-西松,2024-12-16,9136
2314,台揚,25,0,25,群益金鼎-西松,2024-12-16,9136
2723,美食-KY,43,21,22,群益金鼎-西松,2024-12-16,9136
00679B,元大美債20年,20,0,20,群益金鼎-西松,2024-12-16,9136
00945B,凱基美國非投等債,20,0,20,群益金鼎-西松,2024-12-16,9136
3704,合勤控,20,0,20,群益金鼎-西松,2024-12-16,9136
2609,陽明,28,8,20,群益金鼎-西松,2024-12-16,9136
3450,聯鈞,61,42,19,群益金鼎-西松,2024-12-16,9136
3563,牧德,17,0,17,群益金鼎-西松,2024-12-16,9136
2543,皇昌,15,0,15,群益金鼎-西松,2024-12-16,9136
9802,鈺齊-KY,22,7,15,群益金鼎-西松,2024-12-16,9136
3707,漢磊,26,12,14,群益金鼎-西松,2024-12-16,9136
3339,泰谷,58,46,12,群益金鼎-西松,2024-12-16,9136
6691,洋基工程,14,2,12,群益金鼎-西松,2024-12-16,9136
8074,鉅橡,99,87,12,群益金鼎-西松,2024-12-16,9136
1815,富喬,39,27,12,群益金鼎-西松,2024-12-16,9136
2455,全新,15,4,11,群益金鼎-西松,2024-12-16,9136
00877,復華中國5G,10,0,10,群益金鼎-西松,2024-12-16,9136
2408,南亞科,16,6,10,群益金鼎-西松,2024-12-16,9136
2867,三商壽,10,0,10,群益金鼎-西松,2024-12-16,9136
2890,永豐金,10,0,10,群益金鼎-西松,2024-12-16,9136
3443,創意,17,7,10,群益金鼎-西松,2024-12-16,9136
8033,雷虎,13,3,10,群益金鼎-西松,2024-12-16,9136
2009,第一銅,10,0,10,群益金鼎-西松,2024-12-16,9136
6770,力積電,10,1,9,群益金鼎-西松,2024-12-16,9136
2618,長榮航,13,4,9,群益金鼎-西松,2024-12-16,9136
5498,凱崴,9,0,9,群益金鼎-西松,2024-12-16,9136
6591,動力-KY,14,5,9,群益金鼎-西松,2024-12-16,9136
2354,鴻準,13,5,8,群益金鼎-西松,2024-12-16,9136
00687B,國泰20年美債,8,0,8,群益金鼎-西松,2024-12-16,9136
6859,伯特光,11,3,8,群益金鼎-西松,2024-12-16,9136
00751B,元大AAA至A公司債,8,0,8,群益金鼎-西松,2024-12-16,9136
00680L,元大美債20正2,9,1,8,群益金鼎-西松,2024-12-16,9136
6805,富世達,15,8,7,群益金鼎-西松,2024-12-16,9136
3211,順達,8,1,7,群益金鼎-西松,2024-12-16,9136
2444,兆勁,12,5,7,群益金鼎-西松,2024-12-16,9136
00687B,國泰20年美債,111,0,111,群益金鼎-西松,2024-12-17,9136
00945B,凱基美國非投等債,100,0,100,群益金鼎-西松,2024-12-17,9136
4510,高鋒,120,22,98,群益金鼎-西松,2024-12-17,9136
00713,元大台灣高息低波,69,1,68,群益金鼎-西松,2024-12-17,9136
3035,智原,76,11,65,群益金鼎-西松,2024-12-17,9136
00919,群益台灣精選高息,83,25,58,群益金鼎-西松,2024-12-17,9136
2915,潤泰全,57,0,57,群益金鼎-西松,2024-12-17,9136
2354,鴻準,51,3,48,群益金鼎-西松,2024-12-17,9136
2317,鴻海,40,2,38,群益金鼎-西松,2024-12-17,9136
0056,元大高股息,41,8,33,群益金鼎-西松,2024-12-17,9136
00918,大華優利高填息30,31,0,31,群益金鼎-西松,2024-12-17,9136
00725B,國泰投資級公司債,36,6,30,群益金鼎-西松,2024-12-17,9136
00722B,群益投資級電信債,30,0,30,群益金鼎-西松,2024-12-17,9136
2442,新美齊,30,0,30,群益金鼎-西松,2024-12-17,9136
00637L,元大滬深300正2,52,24,28,群益金鼎-西松,2024-12-17,9136
4576,大銀微系統,34,6,28,群益金鼎-西松,2024-12-17,9136
3056,富華新,25,0,25,群益金鼎-西松,2024-12-17,9136
00937B,群益ESG投等債20,25,1,24,群益金鼎-西松,2024-12-17,9136
00915,凱基優選高股息30,34,11,23,群益金鼎-西松,2024-12-17,9136
3481,群創,31,10,21,群益金鼎-西松,2024-12-17,9136
00887,永豐中國科技50大,20,0,20,群益金鼎-西松,2024-12-17,9136
1438,三地開發,26,6,20,群益金鼎-西松,2024-12-17,9136
2607,榮運,20,0,20,群益金鼎-西松,2024-12-17,9136
6505,台塑化,19,0,19,群益金鼎-西松,2024-12-17,9136
1301,台塑,17,2,15,群益金鼎-西松,2024-12-17,9136
2303,聯電,21,6,15,群益金鼎-西松,2024-12-17,9136
2929,淘帝-KY,15,0,15,群益金鼎-西松,2024-12-17,9136
2409,友達,14,0,14,群益金鼎-西松,2024-12-17,9136
00679B,元大美債20年,13,0,13,群益金鼎-西松,2024-12-17,9136
2520,冠德,12,0,12,群益金鼎-西松,2024-12-17,9136
2812,台中銀,11,0,11,群益金鼎-西松,2024-12-17,9136
1303,南亞,11,0,11,群益金鼎-西松,2024-12-17,9136
00751B,元大AAA至A公司債,10,0,10,群益金鼎-西松,2024-12-17,9136
00885,富邦越南,10,0,10,群益金鼎-西松,2024-12-17,9136
00900,富邦特選高股息30,10,0,10,群益金鼎-西松,2024-12-17,9136
00752,中信中國50,10,0,10,群益金鼎-西松,2024-12-17,9136
1810,和成,24,14,10,群益金鼎-西松,2024-12-17,9136
2345,智邦,10,0,10,群益金鼎-西松,2024-12-17,9136
2451,創見,12,2,10,群益金鼎-西松,2024-12-17,9136
3591,艾笛森,10,0,10,群益金鼎-西松,2024-12-17,9136
5351,鈺創,10,0,10,群益金鼎-西松,2024-12-17,9136
6576,逸達,10,0,10,群益金鼎-西松,2024-12-17,9136
2855,統一證,10,1,9,群益金鼎-西松,2024-12-17,9136
3041,揚智,46,37,9,群益金鼎-西松,2024-12-17,9136
6535,順藥,9,0,9,群益金鼎-西松,2024-12-17,9136
00688L,國泰20年美債正2,8,0,8,群益金鼎-西松,2024-12-17,9136
1326,台化,18,10,8,群益金鼎-西松,2024-12-17,9136
4912,聯德控股-KY,16,8,8,群益金鼎-西松,2024-12-17,9136
9928,中視,8,0,8,群益金鼎-西松,2024-12-17,9136
2892,第一金,7,0,7,群益金鼎-西松,2024-12-17,9136
00918,大華優利高填息30,705,0,705,群益金鼎-西松,2024-12-18,9136
00679B,元大美債20年,102,0,102,群益金鼎-西松,2024-12-18,9136
3711,日月光投控,51,4,47,群益金鼎-西松,2024-12-18,9136
00959B,大華投等美債15Y+,45,0,45,群益金鼎-西松,2024-12-18,9136
6962,ITH-KY,44,2,42,群益金鼎-西松,2024-12-18,9136
00953B,群益優選非投等債,38,0,38,群益金鼎-西松,2024-12-18,9136
6535,順藥,38,0,38,群益金鼎-西松,2024-12-18,9136
00720B,元大投資級公司債,33,0,33,群益金鼎-西松,2024-12-18,9136
6691,洋基工程,34,2,32,群益金鼎-西松,2024-12-18,9136
00937B,群益ESG投等債20,40,12,28,群益金鼎-西松,2024-12-18,9136
2915,潤泰全,25,0,25,群益金鼎-西松,2024-12-18,9136
2882,國泰金,22,0,22,群益金鼎-西松,2024-12-18,9136
3147,大綜,22,0,22,群益金鼎-西松,2024-12-18,9136
00795B,中信美國公債20年,21,0,21,群益金鼎-西松,2024-12-18,9136
2812,台中銀,20,0,20,群益金鼎-西松,2024-12-18,9136
00915,凱基優選高股息30,20,0,20,群益金鼎-西松,2024-12-18,9136
2610,華航,36,17,19,群益金鼎-西松,2024-12-18,9136
3289,宜特,21,2,19,群益金鼎-西松,2024-12-18,9136
2359,所羅門,70,52,18,群益金鼎-西松,2024-12-18,9136
4958,臻鼎-KY,26,8,18,群益金鼎-西松,2024-12-18,9136
00877,復華中國5G,15,0,15,群益金鼎-西松,2024-12-18,9136
3037,欣興,15,0,15,群益金鼎-西松,2024-12-18,9136
3211,順達,39,25,14,群益金鼎-西松,2024-12-18,9136
3706,神達,41,30,11,群益金鼎-西松,2024-12-18,9136
2891,中信金,11,0,11,群益金鼎-西松,2024-12-18,9136
4979,華星光,33,22,11,群益金鼎-西松,2024-12-18,9136
6215,和椿,23,12,11,群益金鼎-西松,2024-12-18,9136
2892,第一金,10,0,10,群益金鼎-西松,2024-12-18,9136
00857B,永豐20年美公債,10,0,10,群益金鼎-西松,2024-12-18,9136
2233,宇隆,12,2,10,群益金鼎-西松,2024-12-18,9136
2538,基泰,10,0,10,群益金鼎-西松,2024-12-18,9136
2607,榮運,10,0,10,群益金鼎-西松,2024-12-18,9136
3450,聯鈞,43,34,9,群益金鼎-西松,2024-12-18,9136
4991,環宇-KY,32,23,9,群益金鼎-西松,2024-12-18,9136
8033,雷虎,12,3,9,群益金鼎-西松,2024-12-18,9136
3661,世芯-KY,11,3,8,群益金鼎-西松,2024-12-18,9136
2101,南港,8,1,7,群益金鼎-西松,2024-12-18,9136
2392,正崴,32,25,7,群益金鼎-西松,2024-12-18,9136
2745,五福,7,0,7,群益金鼎-西松,2024-12-18,9136
3019,亞光,22,15,7,群益金鼎-西松,2024-12-18,9136
00632R,元大台灣50反1,7,0,7,群益金鼎-西松,2024-12-18,9136
00687B,國泰20年美債,6,0,6,群益金鼎-西松,2024-12-18,9136
00671R,富邦NASDAQ反1,6,0,6,群益金鼎-西松,2024-12-18,9136
2606,裕民,6,0,6,群益金鼎-西松,2024-12-18,9136
4303,信立,14,8,6,群益金鼎-西松,2024-12-18,9136
6209,今國光,6,0,6,群益金鼎-西松,2024-12-18,9136
6664,群翊,6,0,6,群益金鼎-西松,2024-12-18,9136
1785,光洋科,5,0,5,群益金鼎-西松,2024-12-18,9136
2603,長榮,5,0,5,群益金鼎-西松,2024-12-18,9136
00725B,國泰投資級公司債,5,0,5,群益金鼎-西松,2024-12-18,9136
00937B,群益ESG投等債20,461,0,461,群益金鼎-西松,2024-12-19,9136
00918,大華優利高填息30,99,0,99,群益金鼎-西松,2024-12-19,9136
6962,ITH-KY,80,0,80,群益金鼎-西松,2024-12-19,9136
00679B,元大美債20年,70,0,70,群益金鼎-西松,2024-12-19,9136
2915,潤泰全,65,0,65,群益金鼎-西松,2024-12-19,9136
00953B,群益優選非投等債,210,150,60,群益金鼎-西松,2024-12-19,9136
00795B,中信美國公債20年,51,0,51,群益金鼎-西松,2024-12-19,9136
00680L,元大美債20正2,50,0,50,群益金鼎-西松,2024-12-19,9136
8111,立��,75,25,50,群益金鼎-西松,2024-12-19,9136
00878,國泰永續高股息,51,1,50,群益金鼎-西松,2024-12-19,9136
00915,凱基優選高股息30,37,0,37,群益金鼎-西松,2024-12-19,9136
00919,群益台灣精選高息,56,19,37,群益金鼎-西松,2024-12-19,9136
0056,元大高股息,37,1,36,群益金鼎-西松,2024-12-19,9136
00970B,新光BBB投等債20,33,0,33,群益金鼎-西松,2024-12-19,9136
2883,凱基金,35,4,31,群益金鼎-西松,2024-12-19,9136
00931B,統一美債20年,31,0,31,群益金鼎-西松,2024-12-19,9136
2233,宇隆,35,4,31,群益金鼎-西松,2024-12-19,9136
2609,陽明,32,2,30,群益金鼎-西松,2024-12-19,9136
1718,中纖,30,0,30,群益金鼎-西松,2024-12-19,9136
00933B,國泰10Y+金融債,28,0,28,群益金鼎-西松,2024-12-19,9136
3558,神準,31,3,28,群益金鼎-西松,2024-12-19,9136
4571,鈞興-KY,44,16,28,群益金鼎-西松,2024-12-19,9136
00687B,國泰20年美債,28,0,28,群益金鼎-西松,2024-12-19,9136
2317,鴻海,62,35,27,群益金鼎-西松,2024-12-19,9136
00959B,大華投等美債15Y+,23,0,23,群益金鼎-西松,2024-12-19,9136
00885,富邦越南,20,0,20,群益金鼎-西松,2024-12-19,9136
1303,南亞,21,2,19,群益金鼎-西松,2024-12-19,9136
006208,富邦台50,18,0,18,群益金鼎-西松,2024-12-19,9136
00830,國泰費城半導體,18,0,18,群益金鼎-西松,2024-12-19,9136
00963,中信全球高股息,15,0,15,群益金鼎-西松,2024-12-19,9136
8473,山林水,15,0,15,群益金鼎-西松,2024-12-19,9136
00636,國泰中國A50,14,0,14,群益金鼎-西松,2024-12-19,9136
6209,今國光,22,9,13,群益金鼎-西松,2024-12-19,9136
00751B,元大AAA至A公司債,13,0,13,群益金鼎-西松,2024-12-19,9136
00720B,元大投資級公司債,12,0,12,群益金鼎-西松,2024-12-19,9136
00922,國泰台灣領袖50,12,0,12,群益金鼎-西松,2024-12-19,9136
6153,嘉聯益,12,0,12,群益金鼎-西松,2024-12-19,9136
00924,復華S＆P500成長,11,0,11,群益金鼎-西松,2024-12-19,9136
00706L,期元大S＆P日圓正2,10,0,10,群益金鼎-西松,2024-12-19,9136
2812,台中銀,10,0,10,群益金鼎-西松,2024-12-19,9136
1326,台化,11,1,10,群益金鼎-西松,2024-12-19,9136
5530,龍巖,10,0,10,群益金鼎-西松,2024-12-19,9136
2891,中信金,9,0,9,群益金鼎-西松,2024-12-19,9136
2607,榮運,10,1,9,群益金鼎-西松,2024-12-19,9136
2855,統一證,9,0,9,群益金鼎-西松,2024-12-19,9136
3323,加百裕,13,4,9,群益金鼎-西松,2024-12-19,9136
6215,和椿,15,6,9,群益金鼎-西松,2024-12-19,9136
6505,台塑化,10,1,9,群益金鼎-西松,2024-12-19,9136
2882,國泰金,9,0,9,群益金鼎-西松,2024-12-19,9136
2303,聯電,9,1,8,群益金鼎-西松,2024-12-19,9136
