Ticker,Name,buy,sell,diff,Branch,Date,Branch_Code
00637L,元大滬深300正2,72,11,61,群益金鼎-高雄,2023-01-03,9183
6142,友勁,57,0,57,群益金鼎-高雄,2023-01-03,9183
2349,錸德,55,0,55,群益金鼎-高雄,2023-01-03,9183
2882,國泰金,49,9,40,群益金鼎-高雄,2023-01-03,9183
2609,陽明,36,15,21,群益金鼎-高雄,2023-01-03,9183
0056,元大高股息,20,0,20,群益金鼎-高雄,2023-01-03,9183
00773B,中信優先金融債,20,0,20,群益金鼎-高雄,2023-01-03,9183
6515,穎崴,22,2,20,群益金鼎-高雄,2023-01-03,9183
2867,三商壽,16,0,16,群益金鼎-高雄,2023-01-03,9183
1720,生達,21,6,15,群益金鼎-高雄,2023-01-03,9183
1540,喬福,14,0,14,群益金鼎-高雄,2023-01-03,9183
3552,同致,13,0,13,群益金鼎-高雄,2023-01-03,9183
2886,兆豐金,12,0,12,群益金鼎-高雄,2023-01-03,9183
2201,裕隆,25,13,12,群益金鼎-高雄,2023-01-03,9183
1314,中石化,11,0,11,群益金鼎-高雄,2023-01-03,9183
2344,華邦電,32,22,10,群益金鼎-高雄,2023-01-03,9183
2492,華新科,11,1,10,群益金鼎-高雄,2023-01-03,9183
2605,新興,11,1,10,群益金鼎-高雄,2023-01-03,9183
3673,TPK-KY,10,0,10,群益金鼎-高雄,2023-01-03,9183
5905,南仁湖,10,0,10,群益金鼎-高雄,2023-01-03,9183
6167,久正,10,0,10,群益金鼎-高雄,2023-01-03,9183
2634,漢翔,14,6,8,群益金鼎-高雄,2023-01-03,9183
2317,鴻海,15,8,7,群益金鼎-高雄,2023-01-03,9183
2603,長榮,14,7,7,群益金鼎-高雄,2023-01-03,9183
8222,寶一,7,0,7,群益金鼎-高雄,2023-01-03,9183
1760,寶齡富錦,10,4,6,群益金鼎-高雄,2023-01-03,9183
2007,燁興,6,0,6,群益金鼎-高雄,2023-01-03,9183
5009,榮剛,6,0,6,群益金鼎-高雄,2023-01-03,9183
1605,華新,66,61,5,群益金鼎-高雄,2023-01-03,9183
1101,台泥,12,7,5,群益金鼎-高雄,2023-01-03,9183
00904,新光臺灣半導體30,5,0,5,群益金鼎-高雄,2023-01-03,9183
1722,台肥,5,0,5,群益金鼎-高雄,2023-01-03,9183
2106,建大,5,0,5,群益金鼎-高雄,2023-01-03,9183
2892,第一金,12,7,5,群益金鼎-高雄,2023-01-03,9183
3036,文曄,5,0,5,群益金鼎-高雄,2023-01-03,9183
4716,大立,5,0,5,群益金鼎-高雄,2023-01-03,9183
6461,益得,5,0,5,群益金鼎-高雄,2023-01-03,9183
6603,富強鑫,5,0,5,群益金鼎-高雄,2023-01-03,9183
6695,芯鼎,5,0,5,群益金鼎-高雄,2023-01-03,9183
8049,晶采,5,0,5,群益金鼎-高雄,2023-01-03,9183
6111,大宇資,10,6,4,群益金鼎-高雄,2023-01-03,9183
00633L,富邦上証正2,15,11,4,群益金鼎-高雄,2023-01-03,9183
1529,樂事綠能,4,0,4,群益金鼎-高雄,2023-01-03,9183
2324,仁寶,6,2,4,群益金鼎-高雄,2023-01-03,9183
2359,所羅門,25,21,4,群益金鼎-高雄,2023-01-03,9183
2495,普安,4,0,4,群益金鼎-高雄,2023-01-03,9183
2707,晶華,5,1,4,群益金鼎-高雄,2023-01-03,9183
2888,新光金,4,0,4,群益金鼎-高雄,2023-01-03,9183
1514,亞力,25,22,3,群益金鼎-高雄,2023-01-03,9183
2236,百達-KY,7,4,3,群益金鼎-高雄,2023-01-03,9183
00632R,元大台灣50反1,52,0,52,群益金鼎-高雄,2023-01-04,9183
3712,永崴投控,41,3,38,群益金鼎-高雄,2023-01-04,9183
8046,南電,34,2,32,群益金鼎-高雄,2023-01-04,9183
00665L,富邦�琤肭磪囓�2,30,5,25,群益金鼎-高雄,2023-01-04,9183
3380,明泰,30,7,23,群益金鼎-高雄,2023-01-04,9183
2609,陽明,35,13,22,群益金鼎-高雄,2023-01-04,9183
2603,長榮,21,0,21,群益金鼎-高雄,2023-01-04,9183
1524,耿鼎,22,1,21,群益金鼎-高雄,2023-01-04,9183
00888,永豐台灣ESG,20,0,20,群益金鼎-高雄,2023-01-04,9183
2836,高雄銀,20,0,20,群益金鼎-高雄,2023-01-04,9183
4938,和碩,20,0,20,群益金鼎-高雄,2023-01-04,9183
2884,玉山金,19,0,19,群益金鼎-高雄,2023-01-04,9183
6235,華孚,33,14,19,群益金鼎-高雄,2023-01-04,9183
2867,三商壽,15,0,15,群益金鼎-高雄,2023-01-04,9183
1417,嘉裕,16,2,14,群益金鼎-高雄,2023-01-04,9183
3036,文曄,14,0,14,群益金鼎-高雄,2023-01-04,9183
5353,台林,37,25,12,群益金鼎-高雄,2023-01-04,9183
6515,穎崴,13,1,12,群益金鼎-高雄,2023-01-04,9183
6443,元晶,16,4,12,群益金鼎-高雄,2023-01-04,9183
1513,中興電,69,58,11,群益金鼎-高雄,2023-01-04,9183
00902,中信電池及儲能,11,0,11,群益金鼎-高雄,2023-01-04,9183
3705,永信,12,1,11,群益金鼎-高雄,2023-01-04,9183
00900,富邦特選高股息30,10,0,10,群益金鼎-高雄,2023-01-04,9183
1529,樂事綠能,12,2,10,群益金鼎-高雄,2023-01-04,9183
2347,聯強,10,0,10,群益金鼎-高雄,2023-01-04,9183
2633,台灣高鐵,10,0,10,群益金鼎-高雄,2023-01-04,9183
3006,晶豪科,10,0,10,群益金鼎-高雄,2023-01-04,9183
3552,同致,10,0,10,群益金鼎-高雄,2023-01-04,9183
4113,聯上,10,0,10,群益金鼎-高雄,2023-01-04,9183
1101,台泥,13,4,9,群益金鼎-高雄,2023-01-04,9183
5309,系統電,9,0,9,群益金鼎-高雄,2023-01-04,9183
00715L,期街口布蘭特正2,9,1,8,群益金鼎-高雄,2023-01-04,9183
1731,美吾華,8,0,8,群益金鼎-高雄,2023-01-04,9183
2303,聯電,10,2,8,群益金鼎-高雄,2023-01-04,9183
3062,建漢,8,0,8,群益金鼎-高雄,2023-01-04,9183
3037,欣興,9,2,7,群益金鼎-高雄,2023-01-04,9183
00893,國泰智能電動車,7,0,7,群益金鼎-高雄,2023-01-04,9183
00679B,元大美債20年,7,0,7,群益金鼎-高雄,2023-01-04,9183
2349,錸德,6,0,6,群益金鼎-高雄,2023-01-04,9183
5483,中美晶,8,2,6,群益金鼎-高雄,2023-01-04,9183
6143,振曜,9,3,6,群益金鼎-高雄,2023-01-04,9183
9105,泰金寶-DR,6,0,6,群益金鼎-高雄,2023-01-04,9183
2892,第一金,10,4,6,群益金鼎-高雄,2023-01-04,9183
1752,南光,27,21,6,群益金鼎-高雄,2023-01-04,9183
00712,復華富時不動產,5,0,5,群益金鼎-高雄,2023-01-04,9183
2323,中環,5,0,5,群益金鼎-高雄,2023-01-04,9183
2610,華航,5,0,5,群益金鼎-高雄,2023-01-04,9183
2731,雄獅,5,0,5,群益金鼎-高雄,2023-01-04,9183
4128,中天,5,0,5,群益金鼎-高雄,2023-01-04,9183
6548,長科*,5,0,5,群益金鼎-高雄,2023-01-04,9183
1442,名軒,60,0,60,群益金鼎-高雄,2023-01-05,9183
2883,凱基金,50,0,50,群益金鼎-高雄,2023-01-05,9183
1560,中砂,42,1,41,群益金鼎-高雄,2023-01-05,9183
4977,眾達-KY,39,3,36,群益金鼎-高雄,2023-01-05,9183
2409,友達,42,12,30,群益金鼎-高雄,2023-01-05,9183
8046,南電,105,79,26,群益金鼎-高雄,2023-01-05,9183
6708,天擎,24,0,24,群益金鼎-高雄,2023-01-05,9183
3037,欣興,26,5,21,群益金鼎-高雄,2023-01-05,9183
6461,益得,20,0,20,群益金鼎-高雄,2023-01-05,9183
5484,慧友,18,0,18,群益金鼎-高雄,2023-01-05,9183
4712,福格創新,17,0,17,群益金鼎-高雄,2023-01-05,9183
00715L,期街口布蘭特正2,16,0,16,群益金鼎-高雄,2023-01-05,9183
6806,森崴能源,22,8,14,群益金鼎-高雄,2023-01-05,9183
4113,聯上,13,0,13,群益金鼎-高雄,2023-01-05,9183
5009,榮剛,15,2,13,群益金鼎-高雄,2023-01-05,9183
1736,喬山,63,51,12,群益金鼎-高雄,2023-01-05,9183
6180,橘子,16,4,12,群益金鼎-高雄,2023-01-05,9183
2340,台亞,11,0,11,群益金鼎-高雄,2023-01-05,9183
3594,磐儀,11,0,11,群益金鼎-高雄,2023-01-05,9183
2492,華新科,11,0,11,群益金鼎-高雄,2023-01-05,9183
5425,台半,11,1,10,群益金鼎-高雄,2023-01-05,9183
2614,東森,10,0,10,群益金鼎-高雄,2023-01-05,9183
4961,天鈺,19,9,10,群益金鼎-高雄,2023-01-05,9183
1513,中興電,41,32,9,群益金鼎-高雄,2023-01-05,9183
1785,光洋科,9,0,9,群益金鼎-高雄,2023-01-05,9183
2610,華航,12,3,9,群益金鼎-高雄,2023-01-05,9183
1101,台泥,16,8,8,群益金鼎-高雄,2023-01-05,9183
3704,合勤控,58,50,8,群益金鼎-高雄,2023-01-05,9183
4133,亞諾法,8,0,8,群益金鼎-高雄,2023-01-05,9183
6015,宏遠證,8,0,8,群益金鼎-高雄,2023-01-05,9183
8069,元太,21,13,8,群益金鼎-高雄,2023-01-05,9183
6548,長科*,7,0,7,群益金鼎-高雄,2023-01-05,9183
1701,中化,11,5,6,群益金鼎-高雄,2023-01-05,9183
2206,三陽工業,6,0,6,群益金鼎-高雄,2023-01-05,9183
3454,晶睿,9,3,6,群益金鼎-高雄,2023-01-05,9183
3576,聯合再生,6,0,6,群益金鼎-高雄,2023-01-05,9183
4167,松瑞藥,6,0,6,群益金鼎-高雄,2023-01-05,9183
6735,美達科技,6,0,6,群益金鼎-高雄,2023-01-05,9183
8028,昇陽半導體,6,0,6,群益金鼎-高雄,2023-01-05,9183
8996,高力,10,5,5,群益金鼎-高雄,2023-01-05,9183
1519,華城,61,56,5,群益金鼎-高雄,2023-01-05,9183
2337,旺宏,12,7,5,群益金鼎-高雄,2023-01-05,9183
2929,淘帝-KY,5,0,5,群益金鼎-高雄,2023-01-05,9183
3083,網龍,6,1,5,群益金鼎-高雄,2023-01-05,9183
5905,南仁湖,8,3,5,群益金鼎-高雄,2023-01-05,9183
6278,台表科,5,0,5,群益金鼎-高雄,2023-01-05,9183
6288,聯嘉,5,0,5,群益金鼎-高雄,2023-01-05,9183
8070,長華*,5,0,5,群益金鼎-高雄,2023-01-05,9183
8358,金居,20,15,5,群益金鼎-高雄,2023-01-05,9183
2211,長榮鋼,4,0,4,群益金鼎-高雄,2023-01-05,9183
00632R,元大台灣50反1,274,202,72,群益金鼎-高雄,2023-01-06,9183
3594,磐儀,49,0,49,群益金鼎-高雄,2023-01-06,9183
00720B,元大投資級公司債,34,0,34,群益金鼎-高雄,2023-01-06,9183
6142,友勁,33,0,33,群益金鼎-高雄,2023-01-06,9183
1519,華城,70,45,25,群益金鼎-高雄,2023-01-06,9183
6124,業強,24,1,23,群益金鼎-高雄,2023-01-06,9183
1783,和康生,23,1,22,群益金鼎-高雄,2023-01-06,9183
2913,農林,19,0,19,群益金鼎-高雄,2023-01-06,9183
0056,元大高股息,17,1,16,群益金鼎-高雄,2023-01-06,9183
2338,光罩,20,6,14,群益金鼎-高雄,2023-01-06,9183
5905,南仁湖,21,7,14,群益金鼎-高雄,2023-01-06,9183
5608,四維航,13,0,13,群益金鼎-高雄,2023-01-06,9183
1447,力鵬,12,0,12,群益金鼎-高雄,2023-01-06,9183
2608,嘉里大榮,11,0,11,群益金鼎-高雄,2023-01-06,9183
8038,長園科,13,2,11,群益金鼎-高雄,2023-01-06,9183
2887,台新金,20,10,10,群益金鼎-高雄,2023-01-06,9183
1710,東聯,10,0,10,群益金鼎-高雄,2023-01-06,9183
3006,晶豪科,11,1,10,群益金鼎-高雄,2023-01-06,9183
6589,台康生技,13,3,10,群益金鼎-高雄,2023-01-06,9183
5009,榮剛,10,0,10,群益金鼎-高雄,2023-01-06,9183
2633,台灣高鐵,10,1,9,群益金鼎-高雄,2023-01-06,9183
2929,淘帝-KY,12,3,9,群益金鼎-高雄,2023-01-06,9183
4114,健喬,20,11,9,群益金鼎-高雄,2023-01-06,9183
2832,台產,8,0,8,群益金鼎-高雄,2023-01-06,9183
3128,昇銳,10,2,8,群益金鼎-高雄,2023-01-06,9183
3272,東碩,10,2,8,群益金鼎-高雄,2023-01-06,9183
4712,福格創新,8,0,8,群益金鼎-高雄,2023-01-06,9183
2609,陽明,10,3,7,群益金鼎-高雄,2023-01-06,9183
6443,元晶,7,1,6,群益金鼎-高雄,2023-01-06,9183
00882,中信中國高股息,6,0,6,群益金鼎-高雄,2023-01-06,9183
6116,彩晶,8,2,6,群益金鼎-高雄,2023-01-06,9183
6531,愛普*,5,0,5,群益金鼎-高雄,2023-01-06,9183
2313,華通,12,7,5,群益金鼎-高雄,2023-01-06,9183
1101,台泥,6,1,5,群益金鼎-高雄,2023-01-06,9183
1529,樂事綠能,18,13,5,群益金鼎-高雄,2023-01-06,9183
2206,三陽工業,5,0,5,群益金鼎-高雄,2023-01-06,9183
2363,矽統,5,0,5,群益金鼎-高雄,2023-01-06,9183
2439,美律,5,0,5,群益金鼎-高雄,2023-01-06,9183
3441,聯一光,6,1,5,群益金鼎-高雄,2023-01-06,9183
2330,台積電,7,2,5,群益金鼎-高雄,2023-01-06,9183
2329,華泰,6,1,5,群益金鼎-高雄,2023-01-06,9183
3712,永崴投控,4,0,4,群益金鼎-高雄,2023-01-06,9183
4113,聯上,4,0,4,群益金鼎-高雄,2023-01-06,9183
6118,建達,4,0,4,群益金鼎-高雄,2023-01-06,9183
6139,亞翔,4,0,4,群益金鼎-高雄,2023-01-06,9183
8049,晶采,4,0,4,群益金鼎-高雄,2023-01-06,9183
1216,統一,6,2,4,群益金鼎-高雄,2023-01-06,9183
1752,南光,29,26,3,群益金鼎-高雄,2023-01-06,9183
00664R,國泰臺灣加權反1,3,0,3,群益金鼎-高雄,2023-01-06,9183
2484,希華,3,0,3,群益金鼎-高雄,2023-01-06,9183
8070,長華*,79,0,79,群益金鼎-高雄,2023-01-09,9183
5309,系統電,32,6,26,群益金鼎-高雄,2023-01-09,9183
2609,陽明,27,2,25,群益金鼎-高雄,2023-01-09,9183
2330,台積電,48,25,23,群益金鼎-高雄,2023-01-09,9183
6470,宇智,21,0,21,群益金鼎-高雄,2023-01-09,9183
00665L,富邦�琤肭磪囓�2,30,10,20,群益金鼎-高雄,2023-01-09,9183
2367,燿華,23,3,20,群益金鼎-高雄,2023-01-09,9183
6461,益得,22,2,20,群益金鼎-高雄,2023-01-09,9183
2344,華邦電,21,3,18,群益金鼎-高雄,2023-01-09,9183
6213,聯茂,19,1,18,群益金鼎-高雄,2023-01-09,9183
8289,泰藝,17,0,17,群益金鼎-高雄,2023-01-09,9183
1609,大亞,16,0,16,群益金鼎-高雄,2023-01-09,9183
2603,長榮,18,3,15,群益金鼎-高雄,2023-01-09,9183
2614,東森,15,0,15,群益金鼎-高雄,2023-01-09,9183
1560,中砂,15,1,14,群益金鼎-高雄,2023-01-09,9183
1440,南紡,15,2,13,群益金鼎-高雄,2023-01-09,9183
1529,樂事綠能,22,10,12,群益金鼎-高雄,2023-01-09,9183
3704,合勤控,16,4,12,群益金鼎-高雄,2023-01-09,9183
00715L,期街口布蘭特正2,12,1,11,群益金鼎-高雄,2023-01-09,9183
2867,三商壽,14,3,11,群益金鼎-高雄,2023-01-09,9183
3374,精材,11,0,11,群益金鼎-高雄,2023-01-09,9183
2615,萬海,14,4,10,群益金鼎-高雄,2023-01-09,9183
2387,精元,10,0,10,群益金鼎-高雄,2023-01-09,9183
5009,榮剛,10,0,10,群益金鼎-高雄,2023-01-09,9183
8110,華東,10,0,10,群益金鼎-高雄,2023-01-09,9183
00633L,富邦上証正2,8,0,8,群益金鼎-高雄,2023-01-09,9183
2328,廣宇,13,5,8,群益金鼎-高雄,2023-01-09,9183
6548,長科*,8,0,8,群益金鼎-高雄,2023-01-09,9183
3264,欣銓,7,0,7,群益金鼎-高雄,2023-01-09,9183
6143,振曜,7,0,7,群益金鼎-高雄,2023-01-09,9183
8155,博智,7,0,7,群益金鼎-高雄,2023-01-09,9183
2014,中鴻,10,4,6,群益金鼎-高雄,2023-01-09,9183
3141,晶宏,8,2,6,群益金鼎-高雄,2023-01-09,9183
3594,磐儀,6,0,6,群益金鼎-高雄,2023-01-09,9183
4712,福格創新,6,0,6,群益金鼎-高雄,2023-01-09,9183
5608,四維航,6,0,6,群益金鼎-高雄,2023-01-09,9183
6152,百一,6,0,6,群益金鼎-高雄,2023-01-09,9183
1605,華新,34,28,6,群益金鼎-高雄,2023-01-09,9183
00720B,元大投資級公司債,8,3,5,群益金鼎-高雄,2023-01-09,9183
1809,中釉,5,0,5,群益金鼎-高雄,2023-01-09,9183
1810,和成,5,0,5,群益金鼎-高雄,2023-01-09,9183
2359,所羅門,15,10,5,群益金鼎-高雄,2023-01-09,9183
2360,致茂,5,0,5,群益金鼎-高雄,2023-01-09,9183
2637,慧洋-KY,5,0,5,群益金鼎-高雄,2023-01-09,9183
3520,華盈,5,0,5,群益金鼎-高雄,2023-01-09,9183
5905,南仁湖,15,10,5,群益金鼎-高雄,2023-01-09,9183
8358,金居,67,62,5,群益金鼎-高雄,2023-01-09,9183
3712,永崴投控,5,1,4,群益金鼎-高雄,2023-01-09,9183
00893,國泰智能電動車,5,1,4,群益金鼎-高雄,2023-01-09,9183
1708,東鹼,5,1,4,群益金鼎-高雄,2023-01-09,9183
5484,慧友,50,0,50,群益金鼎-高雄,2023-01-10,9183
8070,長華*,24,0,24,群益金鼎-高雄,2023-01-10,9183
1609,大亞,21,0,21,群益金鼎-高雄,2023-01-10,9183
6548,長科*,20,0,20,群益金鼎-高雄,2023-01-10,9183
1708,東鹼,17,1,16,群益金鼎-高雄,2023-01-10,9183
1513,中興電,34,19,15,群益金鼎-高雄,2023-01-10,9183
1608,華榮,14,0,14,群益金鼎-高雄,2023-01-10,9183
2609,陽明,20,6,14,群益金鼎-高雄,2023-01-10,9183
00878,國泰永續高股息,14,0,14,群益金鼎-高雄,2023-01-10,9183
1524,耿鼎,19,6,13,群益金鼎-高雄,2023-01-10,9183
3653,健策,13,1,12,群益金鼎-高雄,2023-01-10,9183
4736,泰博,12,0,12,群益金鼎-高雄,2023-01-10,9183
2888,新光金,12,1,11,群益金鼎-高雄,2023-01-10,9183
3532,台勝科,12,1,11,群益金鼎-高雄,2023-01-10,9183
6244,茂迪,11,0,11,群益金鼎-高雄,2023-01-10,9183
8289,泰藝,11,0,11,群益金鼎-高雄,2023-01-10,9183
2887,台新金,10,0,10,群益金鼎-高雄,2023-01-10,9183
00637L,元大滬深300正2,11,1,10,群益金鼎-高雄,2023-01-10,9183
2312,金寶,10,0,10,群益金鼎-高雄,2023-01-10,9183
2323,中環,10,0,10,群益金鼎-高雄,2023-01-10,9183
2457,飛宏,11,1,10,群益金鼎-高雄,2023-01-10,9183
2882,國泰金,21,11,10,群益金鼎-高雄,2023-01-10,9183
5340,建榮,10,0,10,群益金鼎-高雄,2023-01-10,9183
6461,益得,10,0,10,群益金鼎-高雄,2023-01-10,9183
2014,中鴻,9,0,9,群益金鼎-高雄,2023-01-10,9183
2845,遠東銀,10,1,9,群益金鼎-高雄,2023-01-10,9183
2867,三商壽,10,1,9,群益金鼎-高雄,2023-01-10,9183
4977,眾達-KY,11,2,9,群益金鼎-高雄,2023-01-10,9183
8069,元太,26,19,7,群益金鼎-高雄,2023-01-10,9183
6589,台康生技,7,0,7,群益金鼎-高雄,2023-01-10,9183
3093,港建*,7,0,7,群益金鼎-高雄,2023-01-10,9183
6265,方土昶,7,0,7,群益金鼎-高雄,2023-01-10,9183
1101,台泥,9,2,7,群益金鼎-高雄,2023-01-10,9183
1760,寶齡富錦,10,4,6,群益金鼎-高雄,2023-01-10,9183
1795,美時,19,13,6,群益金鼎-高雄,2023-01-10,9183
2359,所羅門,8,2,6,群益金鼎-高雄,2023-01-10,9183
2367,燿華,7,1,6,群益金鼎-高雄,2023-01-10,9183
2375,凱美,6,0,6,群益金鼎-高雄,2023-01-10,9183
3234,光環,8,2,6,群益金鼎-高雄,2023-01-10,9183
5014,建錩,6,0,6,群益金鼎-高雄,2023-01-10,9183
00773B,中信優先金融債,5,0,5,群益金鼎-高雄,2023-01-10,9183
00897,富邦基因免疫生技,5,0,5,群益金鼎-高雄,2023-01-10,9183
2537,聯上發,5,0,5,群益金鼎-高雄,2023-01-10,9183
2614,東森,5,0,5,群益金鼎-高雄,2023-01-10,9183
3576,聯合再生,6,1,5,群益金鼎-高雄,2023-01-10,9183
5309,系統電,6,1,5,群益金鼎-高雄,2023-01-10,9183
6695,芯鼎,5,0,5,群益金鼎-高雄,2023-01-10,9183
6770,力積電,7,2,5,群益金鼎-高雄,2023-01-10,9183
8261,富鼎,5,0,5,群益金鼎-高雄,2023-01-10,9183
8476,台境*,5,0,5,群益金鼎-高雄,2023-01-10,9183
2883B,凱基金乙特,323,0,323,群益金鼎-高雄,2023-01-11,9183
00905,FT臺灣Smart,60,0,60,群益金鼎-高雄,2023-01-11,9183
6695,芯鼎,39,0,39,群益金鼎-高雄,2023-01-11,9183
2834,臺企銀,70,43,27,群益金鼎-高雄,2023-01-11,9183
2009,第一銅,27,1,26,群益金鼎-高雄,2023-01-11,9183
00637L,元大滬深300正2,31,11,20,群益金鼎-高雄,2023-01-11,9183
2610,華航,56,37,19,群益金鼎-高雄,2023-01-11,9183
4113,聯上,18,0,18,群益金鼎-高雄,2023-01-11,9183
2457,飛宏,17,0,17,群益金鼎-高雄,2023-01-11,9183
2313,華通,23,7,16,群益金鼎-高雄,2023-01-11,9183
1217,愛之味,15,0,15,群益金鼎-高雄,2023-01-11,9183
2368,金像電,16,1,15,群益金鼎-高雄,2023-01-11,9183
8097,常珵,15,1,14,群益金鼎-高雄,2023-01-11,9183
8069,元太,21,10,11,群益金鼎-高雄,2023-01-11,9183
0056,元大高股息,11,0,11,群益金鼎-高雄,2023-01-11,9183
00655L,國泰中國A50正2,10,0,10,群益金鼎-高雄,2023-01-11,9183
1519,華城,16,6,10,群益金鼎-高雄,2023-01-11,9183
2633,台灣高鐵,10,0,10,群益金鼎-高雄,2023-01-11,9183
5014,建錩,10,0,10,群益金鼎-高雄,2023-01-11,9183
4114,健喬,16,7,9,群益金鼎-高雄,2023-01-11,9183
4916,事欣科,10,1,9,群益金鼎-高雄,2023-01-11,9183
8070,長華*,9,0,9,群益金鼎-高雄,2023-01-11,9183
3704,合勤控,21,13,8,群益金鼎-高雄,2023-01-11,9183
4904,遠傳,8,0,8,群益金鼎-高雄,2023-01-11,9183
1708,東鹼,9,1,8,群益金鼎-高雄,2023-01-11,9183
2423,固緯,8,0,8,群益金鼎-高雄,2023-01-11,9183
2498,宏達電,16,8,8,群益金鼎-高雄,2023-01-11,9183
3141,晶宏,13,5,8,群益金鼎-高雄,2023-01-11,9183
00772B,中信高評級公司債,7,0,7,群益金鼎-高雄,2023-01-11,9183
1795,美時,11,4,7,群益金鼎-高雄,2023-01-11,9183
2495,普安,7,0,7,群益金鼎-高雄,2023-01-11,9183
2882,國泰金,12,5,7,群益金鼎-高雄,2023-01-11,9183
6235,華孚,12,5,7,群益金鼎-高雄,2023-01-11,9183
8049,晶采,7,1,6,群益金鼎-高雄,2023-01-11,9183
2206,三陽工業,6,0,6,群益金鼎-高雄,2023-01-11,9183
3705,永信,6,0,6,群益金鼎-高雄,2023-01-11,9183
6111,大宇資,9,3,6,群益金鼎-高雄,2023-01-11,9183
6505,台塑化,8,2,6,群益金鼎-高雄,2023-01-11,9183
8046,南電,7,1,6,群益金鼎-高雄,2023-01-11,9183
3682,亞太電,5,0,5,群益金鼎-高雄,2023-01-11,9183
5880,合庫金,10,5,5,群益金鼎-高雄,2023-01-11,9183
2892,第一金,10,5,5,群益金鼎-高雄,2023-01-11,9183
00773B,中信優先金融債,5,0,5,群益金鼎-高雄,2023-01-11,9183
1342,八貫,5,0,5,群益金鼎-高雄,2023-01-11,9183
2230,泰茂,5,0,5,群益金鼎-高雄,2023-01-11,9183
2324,仁寶,10,5,5,群益金鼎-高雄,2023-01-11,9183
2488,漢平,5,0,5,群益金鼎-高雄,2023-01-11,9183
2615,萬海,8,3,5,群益金鼎-高雄,2023-01-11,9183
2867,三商壽,5,0,5,群益金鼎-高雄,2023-01-11,9183
3015,全漢,5,0,5,群益金鼎-高雄,2023-01-11,9183
2883B,凱基金乙特,230,0,230,群益金鼎-高雄,2023-01-12,9183
8070,長華*,95,5,90,群益金鼎-高雄,2023-01-12,9183
6188,廣明,43,0,43,群益金鼎-高雄,2023-01-12,9183
2014,中鴻,48,17,31,群益金鼎-高雄,2023-01-12,9183
1314,中石化,30,0,30,群益金鼎-高雄,2023-01-12,9183
00770,國泰北美科技,22,0,22,群益金鼎-高雄,2023-01-12,9183
2359,所羅門,26,5,21,群益金鼎-高雄,2023-01-12,9183
2353,宏��,20,0,20,群益金鼎-高雄,2023-01-12,9183
00637L,元大滬深300正2,20,1,19,群益金鼎-高雄,2023-01-12,9183
00632R,元大台灣50反1,18,0,18,群益金鼎-高雄,2023-01-12,9183
8050,廣積,20,2,18,群益金鼎-高雄,2023-01-12,9183
1584,精剛,22,7,15,群益金鼎-高雄,2023-01-12,9183
2884,玉山金,14,0,14,群益金鼎-高雄,2023-01-12,9183
6548,長科*,14,0,14,群益金鼎-高雄,2023-01-12,9183
2609,陽明,18,6,12,群益金鼎-高雄,2023-01-12,9183
2409,友達,21,11,10,群益金鼎-高雄,2023-01-12,9183
00665L,富邦�琤肭磪囓�2,55,45,10,群益金鼎-高雄,2023-01-12,9183
00738U,期元大道瓊白銀,10,0,10,群益金鼎-高雄,2023-01-12,9183
2633,台灣高鐵,10,0,10,群益金鼎-高雄,2023-01-12,9183
3252,海灣,10,0,10,群益金鼎-高雄,2023-01-12,9183
6770,力積電,10,0,10,群益金鼎-高雄,2023-01-12,9183
00882,中信中國高股息,17,7,10,群益金鼎-高雄,2023-01-12,9183
00679B,元大美債20年,10,1,9,群益金鼎-高雄,2023-01-12,9183
1605,華新,31,22,9,群益金鼎-高雄,2023-01-12,9183
2317,鴻海,8,0,8,群益金鼎-高雄,2023-01-12,9183
2603,長榮,12,4,8,群益金鼎-高雄,2023-01-12,9183
1513,中興電,8,1,7,群益金鼎-高雄,2023-01-12,9183
1795,美時,15,8,7,群益金鼎-高雄,2023-01-12,9183
4113,聯上,7,0,7,群益金鼎-高雄,2023-01-12,9183
2892,第一金,7,0,7,群益金鼎-高雄,2023-01-12,9183
4162,智擎,7,1,6,群益金鼎-高雄,2023-01-12,9183
4164,承業醫,6,0,6,群益金鼎-高雄,2023-01-12,9183
4167,松瑞藥,6,0,6,群益金鼎-高雄,2023-01-12,9183
4743,合一,15,9,6,群益金鼎-高雄,2023-01-12,9183
4942,嘉彰,6,0,6,群益金鼎-高雄,2023-01-12,9183
6265,方土昶,6,0,6,群益金鼎-高雄,2023-01-12,9183
8996,高力,15,9,6,群益金鼎-高雄,2023-01-12,9183
0056,元大高股息,21,16,5,群益金鼎-高雄,2023-01-12,9183
00753L,中信中國50正2,20,15,5,群益金鼎-高雄,2023-01-12,9183
1342,八貫,5,0,5,群益金鼎-高雄,2023-01-12,9183
2419,仲琦,7,2,5,群益金鼎-高雄,2023-01-12,9183
2515,中工,5,0,5,群益金鼎-高雄,2023-01-12,9183
3037,欣興,11,6,5,群益金鼎-高雄,2023-01-12,9183
8049,晶采,5,0,5,群益金鼎-高雄,2023-01-12,9183
2329,華泰,5,0,5,群益金鼎-高雄,2023-01-12,9183
1308,亞聚,4,0,4,群益金鼎-高雄,2023-01-12,9183
1447,力鵬,4,0,4,群益金鼎-高雄,2023-01-12,9183
2597,潤弘,4,0,4,群益金鼎-高雄,2023-01-12,9183
3049,精金,5,1,4,群益金鼎-高雄,2023-01-12,9183
3704,合勤控,13,9,4,群益金鼎-高雄,2023-01-12,9183
1443,立益物流,151,0,151,群益金鼎-高雄,2023-01-13,9183
2201,裕隆,84,4,80,群益金鼎-高雄,2023-01-13,9183
8070,長華*,47,0,47,群益金鼎-高雄,2023-01-13,9183
00632R,元大台灣50反1,65,20,45,群益金鼎-高雄,2023-01-13,9183
2444,兆勁,44,0,44,群益金鼎-高雄,2023-01-13,9183
00664R,國泰臺灣加權反1,30,0,30,群益金鼎-高雄,2023-01-13,9183
2883,凱基金,26,5,21,群益金鼎-高雄,2023-01-13,9183
3041,揚智,20,0,20,群益金鼎-高雄,2023-01-13,9183
6548,長科*,20,0,20,群益金鼎-高雄,2023-01-13,9183
6176,瑞儀,12,0,12,群益金鼎-高雄,2023-01-13,9183
6689,伊雲谷,14,2,12,群益金鼎-高雄,2023-01-13,9183
1718,中纖,10,0,10,群益金鼎-高雄,2023-01-13,9183
2353,宏��,10,0,10,群益金鼎-高雄,2023-01-13,9183
3049,精金,13,3,10,群益金鼎-高雄,2023-01-13,9183
6244,茂迪,10,0,10,群益金鼎-高雄,2023-01-13,9183
2615,萬海,10,1,9,群益金鼎-高雄,2023-01-13,9183
1708,東鹼,30,21,9,群益金鼎-高雄,2023-01-13,9183
00878,國泰永續高股息,6,0,6,群益金鼎-高雄,2023-01-13,9183
2454,聯發科,10,4,6,群益金鼎-高雄,2023-01-13,9183
00753L,中信中國50正2,6,0,6,群益金鼎-高雄,2023-01-13,9183
00715L,期街口布蘭特正2,6,0,6,群益金鼎-高雄,2023-01-13,9183
2312,金寶,10,4,6,群益金鼎-高雄,2023-01-13,9183
8358,金居,10,4,6,群益金鼎-高雄,2023-01-13,9183
2327,國巨,10,5,5,群益金鼎-高雄,2023-01-13,9183
00885,富邦越南,5,0,5,群益金鼎-高雄,2023-01-13,9183
00674R,期元大S＆P黃金反1,5,0,5,群益金鼎-高雄,2023-01-13,9183
1609,大亞,5,0,5,群益金鼎-高雄,2023-01-13,9183
2104,國際中橡,5,0,5,群益金鼎-高雄,2023-01-13,9183
2498,宏達電,38,33,5,群益金鼎-高雄,2023-01-13,9183
2537,聯上發,5,0,5,群益金鼎-高雄,2023-01-13,9183
2867,三商壽,5,0,5,群益金鼎-高雄,2023-01-13,9183
3035,智原,9,4,5,群益金鼎-高雄,2023-01-13,9183
3317,尼克森,5,0,5,群益金鼎-高雄,2023-01-13,9183
3712,永崴投控,5,0,5,群益金鼎-高雄,2023-01-13,9183
4712,福格創新,5,0,5,群益金鼎-高雄,2023-01-13,9183
4968,立積,6,1,5,群益金鼎-高雄,2023-01-13,9183
5321,美而快,9,4,5,群益金鼎-高雄,2023-01-13,9183
2603,長榮,6,2,4,群益金鼎-高雄,2023-01-13,9183
8046,南電,19,15,4,群益金鼎-高雄,2023-01-13,9183
1312,國喬,5,1,4,群益金鼎-高雄,2023-01-13,9183
2457,飛宏,5,1,4,群益金鼎-高雄,2023-01-13,9183
2542,興富發,4,0,4,群益金鼎-高雄,2023-01-13,9183
2609,陽明,8,4,4,群益金鼎-高雄,2023-01-13,9183
3105,穩懋,7,3,4,群益金鼎-高雄,2023-01-13,9183
3252,海灣,4,0,4,群益金鼎-高雄,2023-01-13,9183
3264,欣銓,4,0,4,群益金鼎-高雄,2023-01-13,9183
3714,富采,6,2,4,群益金鼎-高雄,2023-01-13,9183
4942,嘉彰,4,0,4,群益金鼎-高雄,2023-01-13,9183
6290,良維,4,0,4,群益金鼎-高雄,2023-01-13,9183
6792,詠業,4,0,4,群益金鼎-高雄,2023-01-13,9183
8390,金益鼎,110,0,110,群益金鼎-高雄,2023-01-16,9183
00632R,元大台灣50反1,105,20,85,群益金鼎-高雄,2023-01-16,9183
6548,長科*,35,0,35,群益金鼎-高雄,2023-01-16,9183
8087,麗升能源,35,0,35,群益金鼎-高雄,2023-01-16,9183
1608,華榮,28,1,27,群益金鼎-高雄,2023-01-16,9183
00908,富邦入息REITs+,24,0,24,群益金鼎-高雄,2023-01-16,9183
2618,長榮航,18,0,18,群益金鼎-高雄,2023-01-16,9183
2609,陽明,27,11,16,群益金鼎-高雄,2023-01-16,9183
00900,富邦特選高股息30,15,0,15,群益金鼎-高雄,2023-01-16,9183
1313,聯成,15,0,15,群益金鼎-高雄,2023-01-16,9183
0056,元大高股息,13,0,13,群益金鼎-高雄,2023-01-16,9183
2317,鴻海,14,2,12,群益金鼎-高雄,2023-01-16,9183
00679B,元大美債20年,12,0,12,群益金鼎-高雄,2023-01-16,9183
2431,聯昌,12,0,12,群益金鼎-高雄,2023-01-16,9183
00878,國泰永續高股息,16,4,12,群益金鼎-高雄,2023-01-16,9183
6443,元晶,11,0,11,群益金鼎-高雄,2023-01-16,9183
2362,藍天,10,0,10,群益金鼎-高雄,2023-01-16,9183
2867,三商壽,10,0,10,群益金鼎-高雄,2023-01-16,9183
3703,欣陸,10,0,10,群益金鼎-高雄,2023-01-16,9183
4763,材料-KY,16,7,9,群益金鼎-高雄,2023-01-16,9183
1605,華新,16,8,8,群益金鼎-高雄,2023-01-16,9183
2303,聯電,32,25,7,群益金鼎-高雄,2023-01-16,9183
1524,耿鼎,7,0,7,群益金鼎-高雄,2023-01-16,9183
6118,建達,9,2,7,群益金鼎-高雄,2023-01-16,9183
2354,鴻準,6,0,6,群益金鼎-高雄,2023-01-16,9183
3231,緯創,6,0,6,群益金鼎-高雄,2023-01-16,9183
2327,國巨,7,1,6,群益金鼎-高雄,2023-01-16,9183
00664R,國泰臺灣加權反1,5,0,5,群益金鼎-高雄,2023-01-16,9183
00770,國泰北美科技,25,20,5,群益金鼎-高雄,2023-01-16,9183
00715L,期街口布蘭特正2,10,5,5,群益金鼎-高雄,2023-01-16,9183
2014,中鴻,9,4,5,群益金鼎-高雄,2023-01-16,9183
2323,中環,5,0,5,群益金鼎-高雄,2023-01-16,9183
2353,宏��,5,0,5,群益金鼎-高雄,2023-01-16,9183
2439,美律,5,0,5,群益金鼎-高雄,2023-01-16,9183
2614,東森,5,0,5,群益金鼎-高雄,2023-01-16,9183
3015,全漢,5,0,5,群益金鼎-高雄,2023-01-16,9183
3494,誠研,5,0,5,群益金鼎-高雄,2023-01-16,9183
4722,國精化,5,0,5,群益金鼎-高雄,2023-01-16,9183
6191,精成科,5,0,5,群益金鼎-高雄,2023-01-16,9183
6589,台康生技,4,0,4,群益金鼎-高雄,2023-01-16,9183
00882,中信中國高股息,20,16,4,群益金鼎-高雄,2023-01-16,9183
1303,南亞,4,0,4,群益金鼎-高雄,2023-01-16,9183
2359,所羅門,4,0,4,群益金鼎-高雄,2023-01-16,9183
2371,大同,4,0,4,群益金鼎-高雄,2023-01-16,9183
3093,港建*,4,0,4,群益金鼎-高雄,2023-01-16,9183
6111,大宇資,4,0,4,群益金鼎-高雄,2023-01-16,9183
6122,擎邦,4,0,4,群益金鼎-高雄,2023-01-16,9183
1609,大亞,3,0,3,群益金鼎-高雄,2023-01-16,9183
1701,中化,5,2,3,群益金鼎-高雄,2023-01-16,9183
2498,宏達電,34,31,3,群益金鼎-高雄,2023-01-16,9183
9907,統一實,218,0,218,群益金鼎-高雄,2023-01-17,9183
2201,裕隆,110,14,96,群益金鼎-高雄,2023-01-17,9183
4114,健喬,96,7,89,群益金鼎-高雄,2023-01-17,9183
6548,長科*,60,0,60,群益金鼎-高雄,2023-01-17,9183
3481,群創,51,0,51,群益金鼎-高雄,2023-01-17,9183
00637L,元大滬深300正2,43,1,42,群益金鼎-高雄,2023-01-17,9183
00772B,中信高評級公司債,31,0,31,群益金鼎-高雄,2023-01-17,9183
6695,芯鼎,32,1,31,群益金鼎-高雄,2023-01-17,9183
00679B,元大美債20年,17,0,17,群益金鼎-高雄,2023-01-17,9183
00882,中信中國高股息,17,0,17,群益金鼎-高雄,2023-01-17,9183
2609,陽明,43,26,17,群益金鼎-高雄,2023-01-17,9183
2884,玉山金,16,0,16,群益金鼎-高雄,2023-01-17,9183
6708,天擎,17,1,16,群益金鼎-高雄,2023-01-17,9183
00878,國泰永續高股息,18,4,14,群益金鼎-高雄,2023-01-17,9183
2498,宏達電,15,4,11,群益金鼎-高雄,2023-01-17,9183
8070,長華*,11,0,11,群益金鼎-高雄,2023-01-17,9183
2615,萬海,18,7,11,群益金鼎-高雄,2023-01-17,9183
00676R,富邦臺灣加權反1,10,0,10,群益金鼎-高雄,2023-01-17,9183
00664R,國泰臺灣加權反1,10,0,10,群益金鼎-高雄,2023-01-17,9183
1789,神隆,10,0,10,群益金鼎-高雄,2023-01-17,9183
2033,佳大,10,0,10,群益金鼎-高雄,2023-01-17,9183
4977,眾達-KY,16,6,10,群益金鼎-高雄,2023-01-17,9183
6155,鈞寶,10,0,10,群益金鼎-高雄,2023-01-17,9183
8390,金益鼎,10,0,10,群益金鼎-高雄,2023-01-17,9183
2492,華新科,9,0,9,群益金鼎-高雄,2023-01-17,9183
00673R,期元大S＆P原油反1,9,0,9,群益金鼎-高雄,2023-01-17,9183
2317,鴻海,11,3,8,群益金鼎-高雄,2023-01-17,9183
4979,華星光,15,7,8,群益金鼎-高雄,2023-01-17,9183
1101,台泥,15,8,7,群益金鼎-高雄,2023-01-17,9183
0050,元大台灣50,7,0,7,群益金鼎-高雄,2023-01-17,9183
2603,長榮,14,8,6,群益金鼎-高雄,2023-01-17,9183
6547,高端疫苗,6,0,6,群益金鼎-高雄,2023-01-17,9183
2236,百達-KY,6,0,6,群益金鼎-高雄,2023-01-17,9183
2340,台亞,6,0,6,群益金鼎-高雄,2023-01-17,9183
2431,聯昌,6,0,6,群益金鼎-高雄,2023-01-17,9183
9933,中鼎,6,0,6,群益金鼎-高雄,2023-01-17,9183
2330,台積電,11,5,6,群益金鼎-高雄,2023-01-17,9183
8087,麗升能源,5,0,5,群益金鼎-高雄,2023-01-17,9183
00674R,期元大S＆P黃金反1,5,0,5,群益金鼎-高雄,2023-01-17,9183
2363,矽統,5,0,5,群益金鼎-高雄,2023-01-17,9183
2485,兆赫,5,0,5,群益金鼎-高雄,2023-01-17,9183
2610,華航,5,0,5,群益金鼎-高雄,2023-01-17,9183
3693,營邦,15,10,5,群益金鼎-高雄,2023-01-17,9183
00633L,富邦上証正2,10,6,4,群益金鼎-高雄,2023-01-17,9183
5321,美而快,26,22,4,群益金鼎-高雄,2023-01-17,9183
6541,泰福-KY,4,0,4,群益金鼎-高雄,2023-01-17,9183
2883,凱基金,10,7,3,群益金鼎-高雄,2023-01-17,9183
1560,中砂,5,2,3,群益金鼎-高雄,2023-01-17,9183
1342,八貫,4,1,3,群益金鼎-高雄,2023-01-17,9183
1336,台翰,3,0,3,群益金鼎-高雄,2023-01-17,9183
2897,王道銀行,160,5,155,群益金鼎-高雄,2023-01-30,9183
2393,億光,113,0,113,群益金鼎-高雄,2023-01-30,9183
8070,長華*,102,0,102,群益金鼎-高雄,2023-01-30,9183
1909,榮成,94,1,93,群益金鼎-高雄,2023-01-30,9183
00632R,元大台灣50反1,73,0,73,群益金鼎-高雄,2023-01-30,9183
00637L,元大滬深300正2,64,5,59,群益金鼎-高雄,2023-01-30,9183
1217,愛之味,25,0,25,群益金鼎-高雄,2023-01-30,9183
2482,連宇,25,1,24,群益金鼎-高雄,2023-01-30,9183
2492,華新科,21,0,21,群益金鼎-高雄,2023-01-30,9183
3317,尼克森,20,0,20,群益金鼎-高雄,2023-01-30,9183
8289,泰藝,20,1,19,群益金鼎-高雄,2023-01-30,9183
00908,富邦入息REITs+,16,0,16,群益金鼎-高雄,2023-01-30,9183
1514,亞力,17,1,16,群益金鼎-高雄,2023-01-30,9183
5905,南仁湖,16,0,16,群益金鼎-高雄,2023-01-30,9183
9921,巨大,16,0,16,群益金鼎-高雄,2023-01-30,9183
2317,鴻海,30,15,15,群益金鼎-高雄,2023-01-30,9183
2867,三商壽,15,0,15,群益金鼎-高雄,2023-01-30,9183
6695,芯鼎,19,4,15,群益金鼎-高雄,2023-01-30,9183
1789,神隆,15,2,13,群益金鼎-高雄,2023-01-30,9183
2634,漢翔,13,0,13,群益金鼎-高雄,2023-01-30,9183
4114,健喬,18,5,13,群益金鼎-高雄,2023-01-30,9183
00885,富邦越南,14,2,12,群益金鼎-高雄,2023-01-30,9183
00772B,中信高評級公司債,11,0,11,群益金鼎-高雄,2023-01-30,9183
1708,東鹼,11,0,11,群益金鼎-高雄,2023-01-30,9183
8996,高力,34,24,10,群益金鼎-高雄,2023-01-30,9183
00674R,期元大S＆P黃金反1,10,0,10,群益金鼎-高雄,2023-01-30,9183
00727B,國泰優選非投等債,10,0,10,群益金鼎-高雄,2023-01-30,9183
1313,聯成,10,0,10,群益金鼎-高雄,2023-01-30,9183
1532,勤美,10,0,10,群益金鼎-高雄,2023-01-30,9183
2105,正新,10,0,10,群益金鼎-高雄,2023-01-30,9183
2352,佳世達,10,0,10,群益金鼎-高雄,2023-01-30,9183
2359,所羅門,11,1,10,群益金鼎-高雄,2023-01-30,9183
2460,建通,10,0,10,群益金鼎-高雄,2023-01-30,9183
2516,新建,10,0,10,群益金鼎-高雄,2023-01-30,9183
3444,利機,10,0,10,群益金鼎-高雄,2023-01-30,9183
6207,雷科,10,0,10,群益金鼎-高雄,2023-01-30,9183
2444,兆勁,10,1,9,群益金鼎-高雄,2023-01-30,9183
8150,南茂,10,1,9,群益金鼎-高雄,2023-01-30,9183
8069,元太,51,43,8,群益金鼎-高雄,2023-01-30,9183
2537,聯上發,8,0,8,群益金鼎-高雄,2023-01-30,9183
00720B,元大投資級公司債,7,0,7,群益金鼎-高雄,2023-01-30,9183
1795,美時,7,0,7,群益金鼎-高雄,2023-01-30,9183
2431,聯昌,6,0,6,群益金鼎-高雄,2023-01-30,9183
3714,富采,6,0,6,群益金鼎-高雄,2023-01-30,9183
6735,美達科技,6,0,6,群益金鼎-高雄,2023-01-30,9183
6150,撼訊,26,20,6,群益金鼎-高雄,2023-01-30,9183
0050,元大台灣50,10,4,6,群益金鼎-高雄,2023-01-30,9183
00888,永豐台灣ESG,5,0,5,群益金鼎-高雄,2023-01-30,9183
00712,復華富時不動產,7,2,5,群益金鼎-高雄,2023-01-30,9183
1312,國喬,5,0,5,群益金鼎-高雄,2023-01-30,9183
9907,統一實,272,0,272,群益金鼎-高雄,2023-01-31,9183
2892,第一金,81,0,81,群益金鼎-高雄,2023-01-31,9183
6443,元晶,69,16,53,群益金鼎-高雄,2023-01-31,9183
8121,越峰,51,1,50,群益金鼎-高雄,2023-01-31,9183
00632R,元大台灣50反1,49,2,47,群益金鼎-高雄,2023-01-31,9183
8390,金益鼎,30,0,30,群益金鼎-高雄,2023-01-31,9183
00878,國泰永續高股息,28,2,26,群益金鼎-高雄,2023-01-31,9183
00637L,元大滬深300正2,27,1,26,群益金鼎-高雄,2023-01-31,9183
3317,尼克森,21,0,21,群益金鼎-高雄,2023-01-31,9183
2028,威致,20,0,20,群益金鼎-高雄,2023-01-31,9183
2038,海光,20,0,20,群益金鼎-高雄,2023-01-31,9183
3360,尚立,20,0,20,群益金鼎-高雄,2023-01-31,9183
2344,華邦電,17,1,16,群益金鼎-高雄,2023-01-31,9183
2880,華南金,15,0,15,群益金鼎-高雄,2023-01-31,9183
3059,華晶科,15,0,15,群益金鼎-高雄,2023-01-31,9183
2330,台積電,20,6,14,群益金鼎-高雄,2023-01-31,9183
6695,芯鼎,14,0,14,群益金鼎-高雄,2023-01-31,9183
2208,台船,13,0,13,群益金鼎-高雄,2023-01-31,9183
2891,中信金,12,0,12,群益金鼎-高雄,2023-01-31,9183
5880,合庫金,11,0,11,群益金鼎-高雄,2023-01-31,9183
1303,南亞,11,0,11,群益金鼎-高雄,2023-01-31,9183
2883,凱基金,11,0,11,群益金鼎-高雄,2023-01-31,9183
3711,日月光投控,10,0,10,群益金鼎-高雄,2023-01-31,9183
1313,聯成,10,0,10,群益金鼎-高雄,2023-01-31,9183
1312,國喬,10,0,10,群益金鼎-高雄,2023-01-31,9183
2376,技嘉,11,1,10,群益金鼎-高雄,2023-01-31,9183
2441,超豐,10,0,10,群益金鼎-高雄,2023-01-31,9183
3264,欣銓,10,0,10,群益金鼎-高雄,2023-01-31,9183
4961,天鈺,16,6,10,群益金鼎-高雄,2023-01-31,9183
2352,佳世達,10,0,10,群益金鼎-高雄,2023-01-31,9183
00715L,期街口布蘭特正2,21,12,9,群益金鼎-高雄,2023-01-31,9183
5014,建錩,14,5,9,群益金鼎-高雄,2023-01-31,9183
00897,富邦基因免疫生技,8,0,8,群益金鼎-高雄,2023-01-31,9183
2338,光罩,12,4,8,群益金鼎-高雄,2023-01-31,9183
2516,新建,8,0,8,群益金鼎-高雄,2023-01-31,9183
5340,建榮,8,0,8,群益金鼎-高雄,2023-01-31,9183
6282,康舒,23,15,8,群益金鼎-高雄,2023-01-31,9183
00727B,國泰優選非投等債,7,0,7,群益金鼎-高雄,2023-01-31,9183
8150,南茂,7,0,7,群益金鼎-高雄,2023-01-31,9183
4743,合一,14,7,7,群益金鼎-高雄,2023-01-31,9183
2886,兆豐金,6,0,6,群益金鼎-高雄,2023-01-31,9183
00773B,中信優先金融債,6,0,6,群益金鼎-高雄,2023-01-31,9183
2482,連宇,21,15,6,群益金鼎-高雄,2023-01-31,9183
3013,晟銘電,6,0,6,群益金鼎-高雄,2023-01-31,9183
3289,宜特,11,5,6,群益金鼎-高雄,2023-01-31,9183
5223,安力-KY,6,0,6,群益金鼎-高雄,2023-01-31,9183
2885,元大金,5,0,5,群益金鼎-高雄,2023-01-31,9183
00710B,復華彭博非投等債,5,0,5,群益金鼎-高雄,2023-01-31,9183
00753L,中信中國50正2,5,0,5,群益金鼎-高雄,2023-01-31,9183
1708,東鹼,20,15,5,群益金鼎-高雄,2023-01-31,9183
8070,長華*,165,0,165,群益金鼎-高雄,2023-02-01,9183
6197,佳必琪,53,0,53,群益金鼎-高雄,2023-02-01,9183
2492,華新科,60,11,49,群益金鼎-高雄,2023-02-01,9183
00637L,元大滬深300正2,41,0,41,群益金鼎-高雄,2023-02-01,9183
6282,康舒,53,16,37,群益金鼎-高雄,2023-02-01,9183
6548,長科*,49,15,34,群益金鼎-高雄,2023-02-01,9183
2014,中鴻,31,3,28,群益金鼎-高雄,2023-02-01,9183
3712,永崴投控,38,11,27,群益金鼎-高雄,2023-02-01,9183
00632R,元大台灣50反1,40,20,20,群益金鼎-高雄,2023-02-01,9183
2038,海光,40,20,20,群益金鼎-高雄,2023-02-01,9183
3466,德晉,20,0,20,群益金鼎-高雄,2023-02-01,9183
8390,金益鼎,20,0,20,群益金鼎-高雄,2023-02-01,9183
5309,系統電,24,5,19,群益金鼎-高雄,2023-02-01,9183
2409,友達,18,1,17,群益金鼎-高雄,2023-02-01,9183
3317,尼克森,20,3,17,群益金鼎-高雄,2023-02-01,9183
1101,台泥,18,3,15,群益金鼎-高雄,2023-02-01,9183
2009,第一銅,45,31,14,群益金鼎-高雄,2023-02-01,9183
2882,國泰金,21,7,14,群益金鼎-高雄,2023-02-01,9183
1584,精剛,32,19,13,群益金鼎-高雄,2023-02-01,9183
2891,中信金,13,0,13,群益金鼎-高雄,2023-02-01,9183
2881,富邦金,12,0,12,群益金鼎-高雄,2023-02-01,9183
2516,新建,12,0,12,群益金鼎-高雄,2023-02-01,9183
1710,東聯,11,0,11,群益金鼎-高雄,2023-02-01,9183
2441,超豐,15,4,11,群益金鼎-高雄,2023-02-01,9183
2834,臺企銀,11,0,11,群益金鼎-高雄,2023-02-01,9183
00902,中信電池及儲能,11,0,11,群益金鼎-高雄,2023-02-01,9183
2890,永豐金,10,0,10,群益金鼎-高雄,2023-02-01,9183
2062,橋椿,10,0,10,群益金鼎-高雄,2023-02-01,9183
2363,矽統,10,0,10,群益金鼎-高雄,2023-02-01,9183
2415,錩新,10,0,10,群益金鼎-高雄,2023-02-01,9183
3591,艾笛森,10,0,10,群益金鼎-高雄,2023-02-01,9183
8996,高力,18,9,9,群益金鼎-高雄,2023-02-01,9183
00878,國泰永續高股息,9,0,9,群益金鼎-高雄,2023-02-01,9183
3484,崧騰,10,1,9,群益金鼎-高雄,2023-02-01,9183
8121,越峰,10,1,9,群益金鼎-高雄,2023-02-01,9183
8033,雷虎,8,0,8,群益金鼎-高雄,2023-02-01,9183
2465,麗臺,7,0,7,群益金鼎-高雄,2023-02-01,9183
6202,盛群,8,1,7,群益金鼎-高雄,2023-02-01,9183
00900,富邦特選高股息30,6,0,6,群益金鼎-高雄,2023-02-01,9183
6806,森崴能源,6,0,6,群益金鼎-高雄,2023-02-01,9183
00772B,中信高評級公司債,5,0,5,群益金鼎-高雄,2023-02-01,9183
00882,中信中國高股息,5,0,5,群益金鼎-高雄,2023-02-01,9183
1301,台塑,9,4,5,群益金鼎-高雄,2023-02-01,9183
2353,宏��,10,5,5,群益金鼎-高雄,2023-02-01,9183
2520,冠德,5,0,5,群益金鼎-高雄,2023-02-01,9183
4566,時碩工業,5,0,5,群益金鼎-高雄,2023-02-01,9183
6550,北極星藥業-KY,6,1,5,群益金鼎-高雄,2023-02-01,9183
6727,亞泰金屬,5,0,5,群益金鼎-高雄,2023-02-01,9183
1609,大亞,39,34,5,群益金鼎-高雄,2023-02-01,9183
6244,茂迪,8,4,4,群益金鼎-高雄,2023-02-01,9183
2618,長榮航,105,14,91,群益金鼎-高雄,2023-02-02,9183
6111,大宇資,67,6,61,群益金鼎-高雄,2023-02-02,9183
2890,永豐金,49,2,47,群益金鼎-高雄,2023-02-02,9183
2014,中鴻,41,1,40,群益金鼎-高雄,2023-02-02,9183
9907,統一實,37,0,37,群益金鼎-高雄,2023-02-02,9183
9955,佳龍,35,0,35,群益金鼎-高雄,2023-02-02,9183
2883,凱基金,30,0,30,群益金鼎-高雄,2023-02-02,9183
6443,元晶,51,29,22,群益金鼎-高雄,2023-02-02,9183
2834,臺企銀,24,3,21,群益金鼎-高雄,2023-02-02,9183
00715L,期街口布蘭特正2,21,1,20,群益金鼎-高雄,2023-02-02,9183
6129,普誠,23,6,17,群益金鼎-高雄,2023-02-02,9183
5371,中光電,24,8,16,群益金鼎-高雄,2023-02-02,9183
00679B,元大美債20年,15,0,15,群益金鼎-高雄,2023-02-02,9183
00665L,富邦�琤肭磪囓�2,39,24,15,群益金鼎-高雄,2023-02-02,9183
3264,欣銓,19,4,15,群益金鼎-高雄,2023-02-02,9183
00878,國泰永續高股息,22,8,14,群益金鼎-高雄,2023-02-02,9183
00720B,元大投資級公司債,14,0,14,群益金鼎-高雄,2023-02-02,9183
6237,驊訊,17,3,14,群益金鼎-高雄,2023-02-02,9183
6278,台表科,15,2,13,群益金鼎-高雄,2023-02-02,9183
00632R,元大台灣50反1,33,20,13,群益金鼎-高雄,2023-02-02,9183
4129,聯合,12,0,12,群益金鼎-高雄,2023-02-02,9183
2634,漢翔,12,0,12,群益金鼎-高雄,2023-02-02,9183
3360,尚立,12,0,12,群益金鼎-高雄,2023-02-02,9183
6143,振曜,13,2,11,群益金鼎-高雄,2023-02-02,9183
1560,中砂,12,1,11,群益金鼎-高雄,2023-02-02,9183
2340,台亞,12,1,11,群益金鼎-高雄,2023-02-02,9183
2201,裕隆,29,18,11,群益金鼎-高雄,2023-02-02,9183
1605,華新,23,12,11,群益金鼎-高雄,2023-02-02,9183
00905,FT臺灣Smart,10,0,10,群益金鼎-高雄,2023-02-02,9183
1313,聯成,10,0,10,群益金鼎-高雄,2023-02-02,9183
2371,大同,10,0,10,群益金鼎-高雄,2023-02-02,9183
3015,全漢,10,0,10,群益金鼎-高雄,2023-02-02,9183
3033,威健,10,0,10,群益金鼎-高雄,2023-02-02,9183
5484,慧友,10,0,10,群益金鼎-高雄,2023-02-02,9183
6244,茂迪,23,13,10,群益金鼎-高雄,2023-02-02,9183
8390,金益鼎,10,0,10,群益金鼎-高雄,2023-02-02,9183
2614,東森,10,1,9,群益金鼎-高雄,2023-02-02,9183
00637L,元大滬深300正2,26,17,9,群益金鼎-高雄,2023-02-02,9183
2465,麗臺,10,1,9,群益金鼎-高雄,2023-02-02,9183
3707,漢磊,13,4,9,群益金鼎-高雄,2023-02-02,9183
3715,定穎投控,9,1,8,群益金鼎-高雄,2023-02-02,9183
2354,鴻準,15,7,8,群益金鼎-高雄,2023-02-02,9183
3027,盛達,8,0,8,群益金鼎-高雄,2023-02-02,9183
5388,中磊,10,2,8,群益金鼎-高雄,2023-02-02,9183
00642U,期元大S＆P石油,7,0,7,群益金鼎-高雄,2023-02-02,9183
2888,新光金,7,0,7,群益金鼎-高雄,2023-02-02,9183
2891,中信金,7,0,7,群益金鼎-高雄,2023-02-02,9183
4106,雃博,7,0,7,群益金鼎-高雄,2023-02-02,9183
0056,元大高股息,27,20,7,群益金鼎-高雄,2023-02-02,9183
2317,鴻海,15,9,6,群益金鼎-高雄,2023-02-02,9183
2393,億光,150,0,150,群益金鼎-高雄,2023-02-03,9183
00878,國泰永續高股息,73,6,67,群益金鼎-高雄,2023-02-03,9183
9907,統一實,44,0,44,群益金鼎-高雄,2023-02-03,9183
6695,芯鼎,42,0,42,群益金鼎-高雄,2023-02-03,9183
5371,中光電,36,4,32,群益金鼎-高雄,2023-02-03,9183
00632R,元大台灣50反1,43,21,22,群益金鼎-高雄,2023-02-03,9183
00882,中信中國高股息,22,0,22,群益金鼎-高雄,2023-02-03,9183
2317,鴻海,28,7,21,群益金鼎-高雄,2023-02-03,9183
00710B,復華彭博非投等債,20,0,20,群益金鼎-高雄,2023-02-03,9183
3322,建舜電,21,1,20,群益金鼎-高雄,2023-02-03,9183
00753L,中信中國50正2,21,2,19,群益金鼎-高雄,2023-02-03,9183
2883,凱基金,21,3,18,群益金鼎-高雄,2023-02-03,9183
00712,復華富時不動產,16,0,16,群益金鼎-高雄,2023-02-03,9183
2867,三商壽,20,4,16,群益金鼎-高雄,2023-02-03,9183
2340,台亞,18,3,15,群益金鼎-高雄,2023-02-03,9183
2929,淘帝-KY,14,0,14,群益金鼎-高雄,2023-02-03,9183
2834,臺企銀,13,0,13,群益金鼎-高雄,2023-02-03,9183
2891,中信金,13,0,13,群益金鼎-高雄,2023-02-03,9183
6282,康舒,50,37,13,群益金鼎-高雄,2023-02-03,9183
2882,國泰金,14,2,12,群益金鼎-高雄,2023-02-03,9183
5258,虹堡,50,38,12,群益金鼎-高雄,2023-02-03,9183
2344,華邦電,15,3,12,群益金鼎-高雄,2023-02-03,9183
2888,新光金,13,1,12,群益金鼎-高雄,2023-02-03,9183
2892,第一金,12,0,12,群益金鼎-高雄,2023-02-03,9183
2610,華航,13,2,11,群益金鼎-高雄,2023-02-03,9183
00676R,富邦臺灣加權反1,10,0,10,群益金鼎-高雄,2023-02-03,9183
2230,泰茂,12,2,10,群益金鼎-高雄,2023-02-03,9183
3221,台嘉碩,10,0,10,群益金鼎-高雄,2023-02-03,9183
3508,位速,11,1,10,群益金鼎-高雄,2023-02-03,9183
4114,健喬,11,1,10,群益金鼎-高雄,2023-02-03,9183
8070,長華*,10,0,10,群益金鼎-高雄,2023-02-03,9183
00893,國泰智能電動車,9,0,9,群益金鼎-高雄,2023-02-03,9183
8046,南電,18,9,9,群益金鼎-高雄,2023-02-03,9183
2609,陽明,40,31,9,群益金鼎-高雄,2023-02-03,9183
1795,美時,21,13,8,群益金鼎-高雄,2023-02-03,9183
2359,所羅門,14,6,8,群益金鼎-高雄,2023-02-03,9183
2498,宏達電,102,94,8,群益金鼎-高雄,2023-02-03,9183
2881,富邦金,8,0,8,群益金鼎-高雄,2023-02-03,9183
8358,金居,9,1,8,群益金鼎-高雄,2023-02-03,9183
2208,台船,15,8,7,群益金鼎-高雄,2023-02-03,9183
1218,泰山,8,1,7,群益金鼎-高雄,2023-02-03,9183
3494,誠研,7,0,7,群益金鼎-高雄,2023-02-03,9183
4142,國光生,11,4,7,群益金鼎-高雄,2023-02-03,9183
6546,正基,15,8,7,群益金鼎-高雄,2023-02-03,9183
00905,FT臺灣Smart,10,4,6,群益金鼎-高雄,2023-02-03,9183
1447,力鵬,6,0,6,群益金鼎-高雄,2023-02-03,9183
3094,聯傑,6,0,6,群益金鼎-高雄,2023-02-03,9183
3305,昇貿,13,7,6,群益金鼎-高雄,2023-02-03,9183
5519,隆大,6,0,6,群益金鼎-高雄,2023-02-03,9183
3006,晶豪科,8,2,6,群益金鼎-高雄,2023-02-03,9183
9907,統一實,155,0,155,群益金鼎-高雄,2023-02-06,9183
2618,長榮航,90,28,62,群益金鼎-高雄,2023-02-06,9183
2354,鴻準,52,0,52,群益金鼎-高雄,2023-02-06,9183
8070,長華*,52,0,52,群益金鼎-高雄,2023-02-06,9183
00632R,元大台灣50反1,45,0,45,群益金鼎-高雄,2023-02-06,9183
6282,康舒,54,15,39,群益金鼎-高雄,2023-02-06,9183
00772B,中信高評級公司債,36,10,26,群益金鼎-高雄,2023-02-06,9183
4142,國光生,25,0,25,群益金鼎-高雄,2023-02-06,9183
2609,陽明,24,3,21,群益金鼎-高雄,2023-02-06,9183
00900,富邦特選高股息30,21,1,20,群益金鼎-高雄,2023-02-06,9183
6213,聯茂,21,2,19,群益金鼎-高雄,2023-02-06,9183
00720B,元大投資級公司債,16,0,16,群益金鼎-高雄,2023-02-06,9183
2603,長榮,17,3,14,群益金鼎-高雄,2023-02-06,9183
2303,聯電,28,14,14,群益金鼎-高雄,2023-02-06,9183
00753L,中信中國50正2,13,0,13,群益金鼎-高雄,2023-02-06,9183
3049,精金,13,0,13,群益金鼎-高雄,2023-02-06,9183
00715L,期街口布蘭特正2,12,0,12,群益金鼎-高雄,2023-02-06,9183
6186,新潤,12,0,12,群益金鼎-高雄,2023-02-06,9183
2330,台積電,14,2,12,群益金鼎-高雄,2023-02-06,9183
5351,鈺創,12,1,11,群益金鼎-高雄,2023-02-06,9183
2482,連宇,28,18,10,群益金鼎-高雄,2023-02-06,9183
2402,毅嘉,10,0,10,群益金鼎-高雄,2023-02-06,9183
2449,京元電子,10,0,10,群益金鼎-高雄,2023-02-06,9183
4979,華星光,14,4,10,群益金鼎-高雄,2023-02-06,9183
6116,彩晶,10,0,10,群益金鼎-高雄,2023-02-06,9183
8121,越峰,10,0,10,群益金鼎-高雄,2023-02-06,9183
00878,國泰永續高股息,40,30,10,群益金鼎-高雄,2023-02-06,9183
00882,中信中國高股息,9,0,9,群益金鼎-高雄,2023-02-06,9183
3035,智原,25,16,9,群益金鼎-高雄,2023-02-06,9183
00885,富邦越南,9,0,9,群益金鼎-高雄,2023-02-06,9183
1785,光洋科,10,1,9,群益金鼎-高雄,2023-02-06,9183
2886,兆豐金,9,1,8,群益金鼎-高雄,2023-02-06,9183
0056,元大高股息,14,6,8,群益金鼎-高雄,2023-02-06,9183
2884,玉山金,8,0,8,群益金鼎-高雄,2023-02-06,9183
2201,裕隆,33,25,8,群益金鼎-高雄,2023-02-06,9183
6770,力積電,8,1,7,群益金鼎-高雄,2023-02-06,9183
2344,華邦電,17,10,7,群益金鼎-高雄,2023-02-06,9183
6274,台燿,8,1,7,群益金鼎-高雄,2023-02-06,9183
00891,中信關鍵半導體,7,1,6,群益金鼎-高雄,2023-02-06,9183
00642U,期元大S＆P石油,6,0,6,群益金鼎-高雄,2023-02-06,9183
00679B,元大美債20年,6,0,6,群益金鼎-高雄,2023-02-06,9183
2108,南帝,6,0,6,群益金鼎-高雄,2023-02-06,9183
2313,華通,13,7,6,群益金鼎-高雄,2023-02-06,9183
6143,振曜,6,0,6,群益金鼎-高雄,2023-02-06,9183
3450,聯鈞,8,2,6,群益金鼎-高雄,2023-02-06,9183
1314,中石化,5,0,5,群益金鼎-高雄,2023-02-06,9183
00751B,元大AAA至A公司債,5,0,5,群益金鼎-高雄,2023-02-06,9183
00740B,富邦全球投等債,5,0,5,群益金鼎-高雄,2023-02-06,9183
00725B,國泰投資級公司債,5,0,5,群益金鼎-高雄,2023-02-06,9183
00633L,富邦上証正2,6,1,5,群益金鼎-高雄,2023-02-06,9183
2344,華邦電,76,0,76,群益金鼎-高雄,2023-02-07,9183
2618,長榮航,47,3,44,群益金鼎-高雄,2023-02-07,9183
00637L,元大滬深300正2,41,1,40,群益金鼎-高雄,2023-02-07,9183
00679B,元大美債20年,32,0,32,群益金鼎-高雄,2023-02-07,9183
00632R,元大台灣50反1,30,0,30,群益金鼎-高雄,2023-02-07,9183
4167,松瑞藥,32,2,30,群益金鼎-高雄,2023-02-07,9183
00893,國泰智能電動車,20,0,20,群益金鼎-高雄,2023-02-07,9183
00772B,中信高評級公司債,20,0,20,群益金鼎-高雄,2023-02-07,9183
1605,華新,24,5,19,群益金鼎-高雄,2023-02-07,9183
00720B,元大投資級公司債,16,0,16,群益金鼎-高雄,2023-02-07,9183
3029,零壹,15,2,13,群益金鼎-高雄,2023-02-07,9183
6116,彩晶,13,0,13,群益金鼎-高雄,2023-02-07,9183
00882,中信中國高股息,12,0,12,群益金鼎-高雄,2023-02-07,9183
1524,耿鼎,12,0,12,群益金鼎-高雄,2023-02-07,9183
2610,華航,21,9,12,群益金鼎-高雄,2023-02-07,9183
6792,詠業,12,0,12,群益金鼎-高雄,2023-02-07,9183
4163,鐿鈦,12,1,11,群益金鼎-高雄,2023-02-07,9183
2317,鴻海,17,7,10,群益金鼎-高雄,2023-02-07,9183
2345,智邦,10,0,10,群益金鼎-高雄,2023-02-07,9183
1101,台泥,11,1,10,群益金鼎-高雄,2023-02-07,9183
2888,新光金,10,0,10,群益金鼎-高雄,2023-02-07,9183
5209,新鼎,10,0,10,群益金鼎-高雄,2023-02-07,9183
00878,國泰永續高股息,11,1,10,群益金鼎-高雄,2023-02-07,9183
3037,欣興,19,10,9,群益金鼎-高雄,2023-02-07,9183
4102,永日,14,5,9,群益金鼎-高雄,2023-02-07,9183
00712,復華富時不動產,8,0,8,群益金鼎-高雄,2023-02-07,9183
5484,慧友,8,0,8,群益金鼎-高雄,2023-02-07,9183
6770,力積電,7,0,7,群益金鼎-高雄,2023-02-07,9183
00753L,中信中國50正2,10,3,7,群益金鼎-高雄,2023-02-07,9183
2313,華通,8,1,7,群益金鼎-高雄,2023-02-07,9183
2498,宏達電,20,13,7,群益金鼎-高雄,2023-02-07,9183
2349,錸德,6,0,6,群益金鼎-高雄,2023-02-07,9183
2516,新建,6,0,6,群益金鼎-高雄,2023-02-07,9183
2812,台中銀,6,1,5,群益金鼎-高雄,2023-02-07,9183
2330,台積電,7,2,5,群益金鼎-高雄,2023-02-07,9183
2603,長榮,8,3,5,群益金鼎-高雄,2023-02-07,9183
00888,永豐台灣ESG,5,0,5,群益金鼎-高雄,2023-02-07,9183
2444,兆勁,5,0,5,群益金鼎-高雄,2023-02-07,9183
2891,中信金,6,1,5,群益金鼎-高雄,2023-02-07,9183
3015,全漢,8,3,5,群益金鼎-高雄,2023-02-07,9183
3305,昇貿,6,1,5,群益金鼎-高雄,2023-02-07,9183
4747,強生,8,3,5,群益金鼎-高雄,2023-02-07,9183
5478,智冠,5,0,5,群益金鼎-高雄,2023-02-07,9183
6239,力成,5,0,5,群益金鼎-高雄,2023-02-07,9183
2454,聯發科,4,0,4,群益金鼎-高雄,2023-02-07,9183
3707,漢磊,10,6,4,群益金鼎-高雄,2023-02-07,9183
4105,東洋,4,0,4,群益金鼎-高雄,2023-02-07,9183
5469,瀚宇博,4,0,4,群益金鼎-高雄,2023-02-07,9183
6278,台表科,5,1,4,群益金鼎-高雄,2023-02-07,9183
8227,巨有科技,7,3,4,群益金鼎-高雄,2023-02-07,9183
3141,晶宏,141,0,141,群益金鼎-高雄,2023-02-08,9183
9907,統一實,113,0,113,群益金鼎-高雄,2023-02-08,9183
6186,新潤,111,0,111,群益金鼎-高雄,2023-02-08,9183
4167,松瑞藥,109,45,64,群益金鼎-高雄,2023-02-08,9183
00633L,富邦上証正2,55,0,55,群益金鼎-高雄,2023-02-08,9183
2368,金像電,54,13,41,群益金鼎-高雄,2023-02-08,9183
2367,燿華,43,5,38,群益金鼎-高雄,2023-02-08,9183
00632R,元大台灣50反1,33,0,33,群益金鼎-高雄,2023-02-08,9183
00665L,富邦�琤肭磪囓�2,73,41,32,群益金鼎-高雄,2023-02-08,9183
00878,國泰永續高股息,32,0,32,群益金鼎-高雄,2023-02-08,9183
2897,王道銀行,31,0,31,群益金鼎-高雄,2023-02-08,9183
2401,凌陽,30,5,25,群益金鼎-高雄,2023-02-08,9183
6235,華孚,139,116,23,群益金鼎-高雄,2023-02-08,9183
2492,華新科,23,0,23,群益金鼎-高雄,2023-02-08,9183
3710,連展投控,27,5,22,群益金鼎-高雄,2023-02-08,9183
2601,益航,20,0,20,群益金鼎-高雄,2023-02-08,9183
00772B,中信高評級公司債,19,0,19,群益金鼎-高雄,2023-02-08,9183
8171,天宇,20,1,19,群益金鼎-高雄,2023-02-08,9183
00692,富邦公司治理,17,0,17,群益金鼎-高雄,2023-02-08,9183
00712,復華富時不動產,16,0,16,群益金鼎-高雄,2023-02-08,9183
2465,麗臺,16,0,16,群益金鼎-高雄,2023-02-08,9183
3046,建��,21,5,16,群益金鼎-高雄,2023-02-08,9183
2915,潤泰全,13,0,13,群益金鼎-高雄,2023-02-08,9183
2634,漢翔,26,14,12,群益金鼎-高雄,2023-02-08,9183
6138,茂達,13,1,12,群益金鼎-高雄,2023-02-08,9183
1605,華新,22,11,11,群益金鼎-高雄,2023-02-08,9183
00888,永豐台灣ESG,11,0,11,群益金鼎-高雄,2023-02-08,9183
00720B,元大投資級公司債,11,0,11,群益金鼎-高雄,2023-02-08,9183
00655L,國泰中國A50正2,10,0,10,群益金鼎-高雄,2023-02-08,9183
00715L,期街口布蘭特正2,11,1,10,群益金鼎-高雄,2023-02-08,9183
1210,大成,10,0,10,群益金鼎-高雄,2023-02-08,9183
1718,中纖,10,0,10,群益金鼎-高雄,2023-02-08,9183
2105,正新,10,0,10,群益金鼎-高雄,2023-02-08,9183
4105,東洋,10,0,10,群益金鼎-高雄,2023-02-08,9183
4906,正文,10,0,10,群益金鼎-高雄,2023-02-08,9183
6770,力積電,15,5,10,群益金鼎-高雄,2023-02-08,9183
6443,元晶,9,0,9,群益金鼎-高雄,2023-02-08,9183
1229,聯華,10,1,9,群益金鼎-高雄,2023-02-08,9183
1326,台化,9,0,9,群益金鼎-高雄,2023-02-08,9183
3105,穩懋,12,3,9,群益金鼎-高雄,2023-02-08,9183
1785,光洋科,8,0,8,群益金鼎-高雄,2023-02-08,9183
4114,健喬,24,16,8,群益金鼎-高雄,2023-02-08,9183
4566,時碩工業,8,0,8,群益金鼎-高雄,2023-02-08,9183
2338,光罩,10,3,7,群益金鼎-高雄,2023-02-08,9183
00734B,台新JPM新興債,7,0,7,群益金鼎-高雄,2023-02-08,9183
1701,中化,10,3,7,群益金鼎-高雄,2023-02-08,9183
2354,鴻準,7,0,7,群益金鼎-高雄,2023-02-08,9183
1432,大魯閣,6,0,6,群益金鼎-高雄,2023-02-08,9183
2352,佳世達,6,0,6,群益金鼎-高雄,2023-02-08,9183
2614,東森,7,1,6,群益金鼎-高雄,2023-02-08,9183
2834,臺企銀,512,0,512,群益金鼎-高雄,2023-02-09,9183
9907,統一實,185,0,185,群益金鼎-高雄,2023-02-09,9183
2484,希華,61,0,61,群益金鼎-高雄,2023-02-09,9183
2492,華新科,55,1,54,群益金鼎-高雄,2023-02-09,9183
5475,德宏,51,0,51,群益金鼎-高雄,2023-02-09,9183
6509,聚和,50,2,48,群益金鼎-高雄,2023-02-09,9183
8222,寶一,48,8,40,群益金鼎-高雄,2023-02-09,9183
00878,國泰永續高股息,38,0,38,群益金鼎-高雄,2023-02-09,9183
1314,中石化,35,0,35,群益金鼎-高雄,2023-02-09,9183
00772B,中信高評級公司債,28,0,28,群益金鼎-高雄,2023-02-09,9183
3162,精確,38,11,27,群益金鼎-高雄,2023-02-09,9183
2009,第一銅,28,2,26,群益金鼎-高雄,2023-02-09,9183
2368,金像電,38,13,25,群益金鼎-高雄,2023-02-09,9183
6129,普誠,26,5,21,群益金鼎-高雄,2023-02-09,9183
00664R,國泰臺灣加權反1,21,0,21,群益金鼎-高雄,2023-02-09,9183
8070,長華*,21,0,21,群益金鼎-高雄,2023-02-09,9183
2027,大成鋼,20,1,19,群益金鼎-高雄,2023-02-09,9183
1101,台泥,20,2,18,群益金鼎-高雄,2023-02-09,9183
00882,中信中國高股息,18,1,17,群益金鼎-高雄,2023-02-09,9183
2337,旺宏,20,3,17,群益金鼎-高雄,2023-02-09,9183
2482,連宇,19,2,17,群益金鼎-高雄,2023-02-09,9183
8227,巨有科技,18,4,14,群益金鼎-高雄,2023-02-09,9183
1608,華榮,13,0,13,群益金鼎-高雄,2023-02-09,9183
6194,育富,13,0,13,群益金鼎-高雄,2023-02-09,9183
2105,正新,12,0,12,群益金鼎-高雄,2023-02-09,9183
6589,台康生技,16,4,12,群益金鼎-高雄,2023-02-09,9183
1795,美時,17,6,11,群益金鼎-高雄,2023-02-09,9183
4510,高鋒,11,0,11,群益金鼎-高雄,2023-02-09,9183
6443,元晶,13,2,11,群益金鼎-高雄,2023-02-09,9183
00885,富邦越南,10,0,10,群益金鼎-高雄,2023-02-09,9183
2031,新光鋼,10,0,10,群益金鼎-高雄,2023-02-09,9183
2867,三商壽,10,0,10,群益金鼎-高雄,2023-02-09,9183
2913,農林,10,0,10,群益金鼎-高雄,2023-02-09,9183
3057,喬鼎,10,0,10,群益金鼎-高雄,2023-02-09,9183
4916,事欣科,10,0,10,群益金鼎-高雄,2023-02-09,9183
5484,慧友,10,0,10,群益金鼎-高雄,2023-02-09,9183
9935,慶豐富,10,0,10,群益金鼎-高雄,2023-02-09,9183
4960,誠美材,10,1,9,群益金鼎-高雄,2023-02-09,9183
6227,茂綸,9,0,9,群益金鼎-高雄,2023-02-09,9183
1609,大亞,8,0,8,群益金鼎-高雄,2023-02-09,9183
2425,承啟,21,13,8,群益金鼎-高雄,2023-02-09,9183
4720,德淵,8,0,8,群益金鼎-高雄,2023-02-09,9183
2327,國巨,11,4,7,群益金鼎-高雄,2023-02-09,9183
2603,長榮,7,0,7,群益金鼎-高雄,2023-02-09,9183
00897,富邦基因免疫生技,7,0,7,群益金鼎-高雄,2023-02-09,9183
2201,裕隆,13,6,7,群益金鼎-高雄,2023-02-09,9183
2460,建通,7,0,7,群益金鼎-高雄,2023-02-09,9183
2609,陽明,8,1,7,群益金鼎-高雄,2023-02-09,9183
4164,承業醫,7,0,7,群益金鼎-高雄,2023-02-09,9183
5351,鈺創,11,4,7,群益金鼎-高雄,2023-02-09,9183
3141,晶宏,156,5,151,群益金鼎-高雄,2023-02-10,9183
2344,華邦電,103,0,103,群益金鼎-高雄,2023-02-10,9183
2634,漢翔,180,114,66,群益金鼎-高雄,2023-02-10,9183
2393,億光,53,0,53,群益金鼎-高雄,2023-02-10,9183
2484,希華,50,0,50,群益金鼎-高雄,2023-02-10,9183
00680L,元大美債20正2,50,0,50,群益金鼎-高雄,2023-02-10,9183
2340,台亞,39,0,39,群益金鼎-高雄,2023-02-10,9183
6282,康舒,73,36,37,群益金鼎-高雄,2023-02-10,9183
2618,長榮航,39,7,32,群益金鼎-高雄,2023-02-10,9183
00878,國泰永續高股息,24,0,24,群益金鼎-高雄,2023-02-10,9183
2409,友達,23,0,23,群益金鼎-高雄,2023-02-10,9183
2603,長榮,23,1,22,群益金鼎-高雄,2023-02-10,9183
2867,三商壽,21,0,21,群益金鼎-高雄,2023-02-10,9183
1605,華新,34,14,20,群益金鼎-高雄,2023-02-10,9183
6153,嘉聯益,19,0,19,群益金鼎-高雄,2023-02-10,9183
00772B,中信高評級公司債,18,0,18,群益金鼎-高雄,2023-02-10,9183
5009,榮剛,29,11,18,群益金鼎-高雄,2023-02-10,9183
8070,長華*,18,0,18,群益金鼎-高雄,2023-02-10,9183
8227,巨有科技,35,18,17,群益金鼎-高雄,2023-02-10,9183
2457,飛宏,21,5,16,群益金鼎-高雄,2023-02-10,9183
4167,松瑞藥,16,0,16,群益金鼎-高雄,2023-02-10,9183
3013,晟銘電,15,0,15,群益金鼎-高雄,2023-02-10,9183
3049,精金,15,0,15,群益金鼎-高雄,2023-02-10,9183
2609,陽明,22,9,13,群益金鼎-高雄,2023-02-10,9183
9907,統一實,13,0,13,群益金鼎-高雄,2023-02-10,9183
2358,廷鑫,12,0,12,群益金鼎-高雄,2023-02-10,9183
3037,欣興,13,2,11,群益金鼎-高雄,2023-02-10,9183
6129,普誠,12,1,11,群益金鼎-高雄,2023-02-10,9183
2007,燁興,11,0,11,群益金鼎-高雄,2023-02-10,9183
2363,矽統,11,0,11,群益金鼎-高雄,2023-02-10,9183
2323,中環,10,0,10,群益金鼎-高雄,2023-02-10,9183
1519,華城,73,63,10,群益金鼎-高雄,2023-02-10,9183
3707,漢磊,10,0,10,群益金鼎-高雄,2023-02-10,9183
2516,新建,9,0,9,群益金鼎-高雄,2023-02-10,9183
4114,健喬,27,18,9,群益金鼎-高雄,2023-02-10,9183
6116,彩晶,14,5,9,群益金鼎-高雄,2023-02-10,9183
6770,力積電,9,1,8,群益金鼎-高雄,2023-02-10,9183
3444,利機,8,0,8,群益金鼎-高雄,2023-02-10,9183
4162,智擎,8,0,8,群益金鼎-高雄,2023-02-10,9183
6188,廣明,8,0,8,群益金鼎-高雄,2023-02-10,9183
8072,陞泰,8,0,8,群益金鼎-高雄,2023-02-10,9183
2498,宏達電,27,19,8,群益金鼎-高雄,2023-02-10,9183
2601,益航,7,0,7,群益金鼎-高雄,2023-02-10,9183
2890,永豐金,10,3,7,群益金鼎-高雄,2023-02-10,9183
2929,淘帝-KY,7,0,7,群益金鼎-高雄,2023-02-10,9183
3710,連展投控,11,4,7,群益金鼎-高雄,2023-02-10,9183
5388,中磊,9,2,7,群益金鼎-高雄,2023-02-10,9183
5475,德宏,7,0,7,群益金鼎-高雄,2023-02-10,9183
6684,安格,7,0,7,群益金鼎-高雄,2023-02-10,9183
2610,華航,7,0,7,群益金鼎-高雄,2023-02-10,9183
8070,長華*,301,0,301,群益金鼎-高雄,2023-02-13,9183
00878,國泰永續高股息,68,3,65,群益金鼎-高雄,2023-02-13,9183
9907,統一實,44,0,44,群益金鼎-高雄,2023-02-13,9183
3141,晶宏,38,2,36,群益金鼎-高雄,2023-02-13,9183
00753L,中信中國50正2,35,0,35,群益金鼎-高雄,2023-02-13,9183
2609,陽明,35,5,30,群益金鼎-高雄,2023-02-13,9183
2618,長榮航,26,1,25,群益金鼎-高雄,2023-02-13,9183
2409,友達,24,0,24,群益金鼎-高雄,2023-02-13,9183
2603,長榮,27,3,24,群益金鼎-高雄,2023-02-13,9183
00665L,富邦�琤肭磪囓�2,22,0,22,群益金鼎-高雄,2023-02-13,9183
00650L,復華香港正2,20,0,20,群益金鼎-高雄,2023-02-13,9183
2388,威盛,22,3,19,群益金鼎-高雄,2023-02-13,9183
0056,元大高股息,17,0,17,群益金鼎-高雄,2023-02-13,9183
8227,巨有科技,24,7,17,群益金鼎-高雄,2023-02-13,9183
00720B,元大投資級公司債,15,0,15,群益金鼎-高雄,2023-02-13,9183
6235,華孚,57,42,15,群益金鼎-高雄,2023-02-13,9183
00772B,中信高評級公司債,14,0,14,群益金鼎-高雄,2023-02-13,9183
3027,盛達,13,1,12,群益金鼎-高雄,2023-02-13,9183
2359,所羅門,12,0,12,群益金鼎-高雄,2023-02-13,9183
2328,廣宇,11,0,11,群益金鼎-高雄,2023-02-13,9183
3037,欣興,11,0,11,群益金鼎-高雄,2023-02-13,9183
3624,光頡,13,2,11,群益金鼎-高雄,2023-02-13,9183
00882,中信中國高股息,10,0,10,群益金鼎-高雄,2023-02-13,9183
00680L,元大美債20正2,10,0,10,群益金鼎-高雄,2023-02-13,9183
2105,正新,10,0,10,群益金鼎-高雄,2023-02-13,9183
2832,台產,10,0,10,群益金鼎-高雄,2023-02-13,9183
6541,泰福-KY,10,0,10,群益金鼎-高雄,2023-02-13,9183
1524,耿鼎,9,0,9,群益金鼎-高雄,2023-02-13,9183
9935,慶豐富,9,0,9,群益金鼎-高雄,2023-02-13,9183
3402,漢科,8,0,8,群益金鼎-高雄,2023-02-13,9183
2883,凱基金,8,1,7,群益金鼎-高雄,2023-02-13,9183
2344,華邦電,13,6,7,群益金鼎-高雄,2023-02-13,9183
3289,宜特,8,1,7,群益金鼎-高雄,2023-02-13,9183
6101,寬魚國際,7,0,7,群益金鼎-高雄,2023-02-13,9183
6282,康舒,12,5,7,群益金鼎-高雄,2023-02-13,9183
6727,亞泰金屬,7,0,7,群益金鼎-高雄,2023-02-13,9183
3105,穩懋,7,1,6,群益金鼎-高雄,2023-02-13,9183
00679B,元大美債20年,6,0,6,群益金鼎-高雄,2023-02-13,9183
8033,雷虎,12,6,6,群益金鼎-高雄,2023-02-13,9183
2881,富邦金,5,0,5,群益金鼎-高雄,2023-02-13,9183
1109,信大,5,0,5,群益金鼎-高雄,2023-02-13,9183
00760B,復華新興企業債,5,0,5,群益金鼎-高雄,2023-02-13,9183
00780B,國泰A級金融債,5,0,5,群益金鼎-高雄,2023-02-13,9183
00711B,復華彭博新興債,5,0,5,群益金鼎-高雄,2023-02-13,9183
1529,樂事綠能,6,1,5,群益金鼎-高雄,2023-02-13,9183
2413,環科,5,0,5,群益金鼎-高雄,2023-02-13,9183
2537,聯上發,5,0,5,群益金鼎-高雄,2023-02-13,9183
2597,潤弘,5,0,5,群益金鼎-高雄,2023-02-13,9183
3481,群創,5,0,5,群益金鼎-高雄,2023-02-13,9183
5351,鈺創,11,6,5,群益金鼎-高雄,2023-02-13,9183
00878,國泰永續高股息,714,15,699,群益金鼎-高雄,2023-02-14,9183
6142,友勁,301,10,291,群益金鼎-高雄,2023-02-14,9183
8070,長華*,178,0,178,群益金鼎-高雄,2023-02-14,9183
1760,寶齡富錦,103,4,99,群益金鼎-高雄,2023-02-14,9183
2882,國泰金,99,17,82,群益金鼎-高雄,2023-02-14,9183
6505,台塑化,50,0,50,群益金鼎-高雄,2023-02-14,9183
8476,台境*,48,12,36,群益金鼎-高雄,2023-02-14,9183
2897,王道銀行,30,3,27,群益金鼎-高雄,2023-02-14,9183
3704,合勤控,29,3,26,群益金鼎-高雄,2023-02-14,9183
2010,春源,20,0,20,群益金鼎-高雄,2023-02-14,9183
3030,德律,20,0,20,群益金鼎-高雄,2023-02-14,9183
5465,富驊,20,0,20,群益金鼎-高雄,2023-02-14,9183
2105,正新,19,0,19,群益金鼎-高雄,2023-02-14,9183
8222,寶一,54,36,18,群益金鼎-高雄,2023-02-14,9183
2027,大成鋼,17,0,17,群益金鼎-高雄,2023-02-14,9183
00712,復華富時不動產,15,0,15,群益金鼎-高雄,2023-02-14,9183
1605,華新,21,7,14,群益金鼎-高雄,2023-02-14,9183
6806,森崴能源,13,0,13,群益金鼎-高雄,2023-02-14,9183
00673R,期元大S＆P原油反1,12,0,12,群益金鼎-高雄,2023-02-14,9183
00900,富邦特選高股息30,12,0,12,群益金鼎-高雄,2023-02-14,9183
6282,康舒,17,5,12,群益金鼎-高雄,2023-02-14,9183
3038,全台,11,0,11,群益金鼎-高雄,2023-02-14,9183
6235,華孚,34,23,11,群益金鼎-高雄,2023-02-14,9183
8016,矽創,11,0,11,群益金鼎-高雄,2023-02-14,9183
1313,聯成,10,0,10,群益金鼎-高雄,2023-02-14,9183
3028,增你強,10,0,10,群益金鼎-高雄,2023-02-14,9183
4953,緯軟,10,0,10,群益金鼎-高雄,2023-02-14,9183
8096,擎亞,10,0,10,群益金鼎-高雄,2023-02-14,9183
9907,統一實,10,0,10,群益金鼎-高雄,2023-02-14,9183
2014,中鴻,16,7,9,群益金鼎-高雄,2023-02-14,9183
2881,富邦金,8,0,8,群益金鼎-高雄,2023-02-14,9183
5608,四維航,8,0,8,群益金鼎-高雄,2023-02-14,9183
2885,元大金,7,0,7,群益金鼎-高雄,2023-02-14,9183
3447,展達,6,0,6,群益金鼎-高雄,2023-02-14,9183
3494,誠研,6,0,6,群益金鼎-高雄,2023-02-14,9183
3576,聯合再生,6,0,6,群益金鼎-高雄,2023-02-14,9183
6605,帝寶,6,0,6,群益金鼎-高雄,2023-02-14,9183
6180,橘子,6,1,5,群益金鼎-高雄,2023-02-14,9183
1701,中化,9,4,5,群益金鼎-高雄,2023-02-14,9183
2444,兆勁,5,0,5,群益金鼎-高雄,2023-02-14,9183
2537,聯上發,5,0,5,群益金鼎-高雄,2023-02-14,9183
3687,歐買尬,5,0,5,群益金鼎-高雄,2023-02-14,9183
3715,定穎投控,5,0,5,群益金鼎-高雄,2023-02-14,9183
4147,中裕,5,0,5,群益金鼎-高雄,2023-02-14,9183
5603,陸海,5,0,5,群益金鼎-高雄,2023-02-14,9183
6194,育富,5,0,5,群益金鼎-高雄,2023-02-14,9183
6585,鼎基,5,0,5,群益金鼎-高雄,2023-02-14,9183
6593,台灣銘板,5,0,5,群益金鼎-高雄,2023-02-14,9183
00888,永豐台灣ESG,4,0,4,群益金鼎-高雄,2023-02-14,9183
00632R,元大台灣50反1,21,17,4,群益金鼎-高雄,2023-02-14,9183
2882,國泰金,86,0,86,群益金鼎-高雄,2023-02-15,9183
5328,華容,66,0,66,群益金鼎-高雄,2023-02-15,9183
9907,統一實,62,0,62,群益金鼎-高雄,2023-02-15,9183
1608,華榮,60,2,58,群益金鼎-高雄,2023-02-15,9183
00878,國泰永續高股息,67,10,57,群益金鼎-高雄,2023-02-15,9183
3207,耀勝,53,6,47,群益金鼎-高雄,2023-02-15,9183
2027,大成鋼,40,4,36,群益金鼎-高雄,2023-02-15,9183
2618,長榮航,37,2,35,群益金鼎-高雄,2023-02-15,9183
5905,南仁湖,123,92,31,群益金鼎-高雄,2023-02-15,9183
2340,台亞,31,2,29,群益金鼎-高雄,2023-02-15,9183
2834,臺企銀,23,0,23,群益金鼎-高雄,2023-02-15,9183
00900,富邦特選高股息30,22,0,22,群益金鼎-高雄,2023-02-15,9183
4804,大略-KY,22,0,22,群益金鼎-高雄,2023-02-15,9183
00650L,復華香港正2,20,0,20,群益金鼎-高雄,2023-02-15,9183
4104,佳醫,20,1,19,群益金鼎-高雄,2023-02-15,9183
00632R,元大台灣50反1,20,1,19,群益金鼎-高雄,2023-02-15,9183
2303,聯電,38,20,18,群益金鼎-高雄,2023-02-15,9183
00679B,元大美債20年,18,0,18,群益金鼎-高雄,2023-02-15,9183
8070,長華*,18,0,18,群益金鼎-高雄,2023-02-15,9183
1560,中砂,19,2,17,群益金鼎-高雄,2023-02-15,9183
00720B,元大投資級公司債,17,0,17,群益金鼎-高雄,2023-02-15,9183
6874,倍力,17,0,17,群益金鼎-高雄,2023-02-15,9183
2002,中鋼,16,0,16,群益金鼎-高雄,2023-02-15,9183
2453,凌群,52,37,15,群益金鼎-高雄,2023-02-15,9183
3374,精材,15,0,15,群益金鼎-高雄,2023-02-15,9183
2337,旺宏,14,1,13,群益金鼎-高雄,2023-02-15,9183
6188,廣明,14,1,13,群益金鼎-高雄,2023-02-15,9183
2610,華航,21,9,12,群益金鼎-高雄,2023-02-15,9183
2634,漢翔,14,3,11,群益金鼎-高雄,2023-02-15,9183
6770,力積電,12,1,11,群益金鼎-高雄,2023-02-15,9183
2393,億光,11,0,11,群益金鼎-高雄,2023-02-15,9183
00676R,富邦臺灣加權反1,10,0,10,群益金鼎-高雄,2023-02-15,9183
2014,中鴻,19,9,10,群益金鼎-高雄,2023-02-15,9183
2471,資通,105,95,10,群益金鼎-高雄,2023-02-15,9183
2883,凱基金,15,5,10,群益金鼎-高雄,2023-02-15,9183
2890,永豐金,10,0,10,群益金鼎-高雄,2023-02-15,9183
2891,中信金,10,0,10,群益金鼎-高雄,2023-02-15,9183
3303,岱稜,10,0,10,群益金鼎-高雄,2023-02-15,9183
4577,達航科技,10,0,10,群益金鼎-高雄,2023-02-15,9183
8476,台境*,19,9,10,群益金鼎-高雄,2023-02-15,9183
3260,威剛,10,1,9,群益金鼎-高雄,2023-02-15,9183
2363,矽統,9,0,9,群益金鼎-高雄,2023-02-15,9183
8358,金居,9,0,9,群益金鼎-高雄,2023-02-15,9183
2609,陽明,12,3,9,群益金鼎-高雄,2023-02-15,9183
2886,兆豐金,9,1,8,群益金鼎-高雄,2023-02-15,9183
1303,南亞,8,0,8,群益金鼎-高雄,2023-02-15,9183
2010,春源,10,2,8,群益金鼎-高雄,2023-02-15,9183
2729,瓦城,8,0,8,群益金鼎-高雄,2023-02-15,9183
2885,元大金,8,0,8,群益金鼎-高雄,2023-02-15,9183
3624,光頡,25,17,8,群益金鼎-高雄,2023-02-15,9183
2393,億光,64,0,64,群益金鼎-高雄,2023-02-16,9183
00878,國泰永續高股息,46,3,43,群益金鼎-高雄,2023-02-16,9183
2038,海光,42,1,41,群益金鼎-高雄,2023-02-16,9183
00706L,期元大S＆P日圓正2,40,0,40,群益金鼎-高雄,2023-02-16,9183
00673R,期元大S＆P原油反1,33,0,33,群益金鼎-高雄,2023-02-16,9183
1519,華城,39,13,26,群益金鼎-高雄,2023-02-16,9183
9935,慶豐富,23,0,23,群益金鼎-高雄,2023-02-16,9183
2010,春源,22,0,22,群益金鼎-高雄,2023-02-16,9183
2332,友訊,88,66,22,群益金鼎-高雄,2023-02-16,9183
3563,牧德,22,0,22,群益金鼎-高雄,2023-02-16,9183
2882,國泰金,21,0,21,群益金鼎-高雄,2023-02-16,9183
1314,中石化,20,0,20,群益金鼎-高雄,2023-02-16,9183
2323,中環,25,5,20,群益金鼎-高雄,2023-02-16,9183
4961,天鈺,27,8,19,群益金鼎-高雄,2023-02-16,9183
2471,資通,53,38,15,群益金鼎-高雄,2023-02-16,9183
2485,兆赫,15,0,15,群益金鼎-高雄,2023-02-16,9183
6231,系微,15,0,15,群益金鼎-高雄,2023-02-16,9183
1609,大亞,30,16,14,群益金鼎-高雄,2023-02-16,9183
6792,詠業,13,0,13,群益金鼎-高雄,2023-02-16,9183
2603,長榮,14,1,13,群益金鼎-高雄,2023-02-16,9183
3224,三顧,12,0,12,群益金鼎-高雄,2023-02-16,9183
4804,大略-KY,12,0,12,群益金鼎-高雄,2023-02-16,9183
1584,精剛,13,2,11,群益金鼎-高雄,2023-02-16,9183
3665,貿聯-KY,11,0,11,群益金鼎-高雄,2023-02-16,9183
0056,元大高股息,11,1,10,群益金鼎-高雄,2023-02-16,9183
00655L,國泰中國A50正2,10,0,10,群益金鼎-高雄,2023-02-16,9183
00664R,國泰臺灣加權反1,10,0,10,群益金鼎-高雄,2023-02-16,9183
00891,中信關鍵半導體,10,0,10,群益金鼎-高雄,2023-02-16,9183
2027,大成鋼,10,0,10,群益金鼎-高雄,2023-02-16,9183
2359,所羅門,10,0,10,群益金鼎-高雄,2023-02-16,9183
3666,光耀,10,0,10,群益金鼎-高雄,2023-02-16,9183
2453,凌群,19,10,9,群益金鼎-高雄,2023-02-16,9183
2481,強茂,13,4,9,群益金鼎-高雄,2023-02-16,9183
3189,景碩,9,0,9,群益金鼎-高雄,2023-02-16,9183
2201,裕隆,40,32,8,群益金鼎-高雄,2023-02-16,9183
2731,雄獅,16,8,8,群益金鼎-高雄,2023-02-16,9183
3231,緯創,8,0,8,群益金鼎-高雄,2023-02-16,9183
3264,欣銓,9,1,8,群益金鼎-高雄,2023-02-16,9183
3545,敦泰,19,11,8,群益金鼎-高雄,2023-02-16,9183
6282,康舒,12,4,8,群益金鼎-高雄,2023-02-16,9183
00679B,元大美債20年,7,0,7,群益金鼎-高雄,2023-02-16,9183
2441,超豐,7,0,7,群益金鼎-高雄,2023-02-16,9183
3058,立德,10,3,7,群益金鼎-高雄,2023-02-16,9183
6138,茂達,7,0,7,群益金鼎-高雄,2023-02-16,9183
6191,精成科,7,0,7,群益金鼎-高雄,2023-02-16,9183
2324,仁寶,6,0,6,群益金鼎-高雄,2023-02-16,9183
3030,德律,6,0,6,群益金鼎-高雄,2023-02-16,9183
6005,群益證,6,0,6,群益金鼎-高雄,2023-02-16,9183
8171,天宇,9,3,6,群益金鼎-高雄,2023-02-16,9183
9904,寶成,12,6,6,群益金鼎-高雄,2023-02-16,9183
1444,力麗,194,1,193,群益金鼎-高雄,2023-02-17,9183
2883B,凱基金乙特,150,0,150,群益金鼎-高雄,2023-02-17,9183
2324,仁寶,106,0,106,群益金鼎-高雄,2023-02-17,9183
3481,群創,150,79,71,群益金鼎-高雄,2023-02-17,9183
2471,資通,77,28,49,群益金鼎-高雄,2023-02-17,9183
2344,華邦電,44,2,42,群益金鼎-高雄,2023-02-17,9183
00632R,元大台灣50反1,41,0,41,群益金鼎-高雄,2023-02-17,9183
00753L,中信中國50正2,45,8,37,群益金鼎-高雄,2023-02-17,9183
2243,宏旭-KY,42,5,37,群益金鼎-高雄,2023-02-17,9183
3374,精材,31,0,31,群益金鼎-高雄,2023-02-17,9183
00650L,復華香港正2,30,0,30,群益金鼎-高雄,2023-02-17,9183
2027,大成鋼,30,0,30,群益金鼎-高雄,2023-02-17,9183
2867,三商壽,30,0,30,群益金鼎-高雄,2023-02-17,9183
4155,訊映,30,0,30,群益金鼎-高雄,2023-02-17,9183
6153,嘉聯益,30,0,30,群益金鼎-高雄,2023-02-17,9183
2453,凌群,33,4,29,群益金鼎-高雄,2023-02-17,9183
00679B,元大美債20年,25,0,25,群益金鼎-高雄,2023-02-17,9183
2614,東森,20,0,20,群益金鼎-高雄,2023-02-17,9183
4960,誠美材,20,0,20,群益金鼎-高雄,2023-02-17,9183
8050,廣積,23,3,20,群益金鼎-高雄,2023-02-17,9183
2208,台船,18,0,18,群益金鼎-高雄,2023-02-17,9183
2009,第一銅,50,33,17,群益金鼎-高雄,2023-02-17,9183
4167,松瑞藥,17,0,17,群益金鼎-高雄,2023-02-17,9183
2375,凱美,20,4,16,群益金鼎-高雄,2023-02-17,9183
2323,中環,15,0,15,群益金鼎-高雄,2023-02-17,9183
6531,愛普*,31,18,13,群益金鼎-高雄,2023-02-17,9183
00665L,富邦�琤肭磪囓�2,12,0,12,群益金鼎-高雄,2023-02-17,9183
8358,金居,12,0,12,群益金鼎-高雄,2023-02-17,9183
00893,國泰智能電動車,12,0,12,群益金鼎-高雄,2023-02-17,9183
1513,中興電,56,45,11,群益金鼎-高雄,2023-02-17,9183
2201,裕隆,16,5,11,群益金鼎-高雄,2023-02-17,9183
2607,榮運,11,0,11,群益金鼎-高雄,2023-02-17,9183
6770,力積電,12,1,11,群益金鼎-高雄,2023-02-17,9183
8227,巨有科技,12,1,11,群益金鼎-高雄,2023-02-17,9183
00882,中信中國高股息,10,0,10,群益金鼎-高雄,2023-02-17,9183
00680L,元大美債20正2,10,0,10,群益金鼎-高雄,2023-02-17,9183
00897,富邦基因免疫生技,10,0,10,群益金鼎-高雄,2023-02-17,9183
1584,精剛,16,6,10,群益金鼎-高雄,2023-02-17,9183
2618,長榮航,19,9,10,群益金鼎-高雄,2023-02-17,9183
3027,盛達,12,2,10,群益金鼎-高雄,2023-02-17,9183
3231,緯創,12,2,10,群益金鼎-高雄,2023-02-17,9183
4919,新唐,14,4,10,群益金鼎-高雄,2023-02-17,9183
8996,高力,25,15,10,群益金鼎-高雄,2023-02-17,9183
00878,國泰永續高股息,25,16,9,群益金鼎-高雄,2023-02-17,9183
1529,樂事綠能,12,3,9,群益金鼎-高雄,2023-02-17,9183
2485,兆赫,9,0,9,群益金鼎-高雄,2023-02-17,9183
6194,育富,9,0,9,群益金鼎-高雄,2023-02-17,9183
6288,聯嘉,10,1,9,群益金鼎-高雄,2023-02-17,9183
2368,金像電,16,8,8,群益金鼎-高雄,2023-02-17,9183
5315,光聯,8,0,8,群益金鼎-高雄,2023-02-17,9183
8383,千附,70,1,69,群益金鼎-高雄,2023-02-20,9183
4927,泰鼎-KY,66,3,63,群益金鼎-高雄,2023-02-20,9183
2349,錸德,50,0,50,群益金鼎-高雄,2023-02-20,9183
2883,凱基金,54,5,49,群益金鼎-高雄,2023-02-20,9183
2393,億光,46,2,44,群益金鼎-高雄,2023-02-20,9183
6186,新潤,40,0,40,群益金鼎-高雄,2023-02-20,9183
00878,國泰永續高股息,38,5,33,群益金鼎-高雄,2023-02-20,9183
1519,華城,72,39,33,群益金鼎-高雄,2023-02-20,9183
4167,松瑞藥,35,2,33,群益金鼎-高雄,2023-02-20,9183
2027,大成鋼,30,0,30,群益金鼎-高雄,2023-02-20,9183
00753L,中信中國50正2,28,0,28,群益金鼎-高雄,2023-02-20,9183
2618,長榮航,56,28,28,群益金鼎-高雄,2023-02-20,9183
5484,慧友,27,0,27,群益金鼎-高雄,2023-02-20,9183
5608,四維航,25,0,25,群益金鼎-高雄,2023-02-20,9183
6235,華孚,53,31,22,群益金鼎-高雄,2023-02-20,9183
00772B,中信高評級公司債,21,0,21,群益金鼎-高雄,2023-02-20,9183
2312,金寶,21,0,21,群益金鼎-高雄,2023-02-20,9183
2023,燁輝,21,1,20,群益金鼎-高雄,2023-02-20,9183
4130,健亞,18,0,18,群益金鼎-高雄,2023-02-20,9183
1503,士電,60,45,15,群益金鼎-高雄,2023-02-20,9183
8390,金益鼎,15,0,15,群益金鼎-高雄,2023-02-20,9183
1795,美時,25,11,14,群益金鼎-高雄,2023-02-20,9183
2610,華航,54,42,12,群益金鼎-高雄,2023-02-20,9183
00751B,元大AAA至A公司債,11,0,11,群益金鼎-高雄,2023-02-20,9183
2413,環科,11,0,11,群益金鼎-高雄,2023-02-20,9183
00882,中信中國高股息,10,0,10,群益金鼎-高雄,2023-02-20,9183
00655L,國泰中國A50正2,10,0,10,群益金鼎-高雄,2023-02-20,9183
2243,宏旭-KY,10,0,10,群益金鼎-高雄,2023-02-20,9183
2614,東森,10,0,10,群益金鼎-高雄,2023-02-20,9183
4906,正文,10,0,10,群益金鼎-高雄,2023-02-20,9183
6874,倍力,11,1,10,群益金鼎-高雄,2023-02-20,9183
8215,明基材,10,0,10,群益金鼎-高雄,2023-02-20,9183
1513,中興電,19,10,9,群益金鼎-高雄,2023-02-20,9183
3704,合勤控,41,32,9,群益金鼎-高雄,2023-02-20,9183
8476,台境*,9,0,9,群益金鼎-高雄,2023-02-20,9183
1516,川飛,8,0,8,群益金鼎-高雄,2023-02-20,9183
1584,精剛,12,4,8,群益金鼎-高雄,2023-02-20,9183
2486,一詮,11,3,8,群益金鼎-高雄,2023-02-20,9183
2516,新建,8,0,8,群益金鼎-高雄,2023-02-20,9183
3022,威強電,8,0,8,群益金鼎-高雄,2023-02-20,9183
3444,利機,8,0,8,群益金鼎-高雄,2023-02-20,9183
4804,大略-KY,8,0,8,群益金鼎-高雄,2023-02-20,9183
6285,啟��,9,1,8,群益金鼎-高雄,2023-02-20,9183
2634,漢翔,21,13,8,群益金鼎-高雄,2023-02-20,9183
6443,元晶,8,1,7,群益金鼎-高雄,2023-02-20,9183
1339,昭輝,7,0,7,群益金鼎-高雄,2023-02-20,9183
1709,和益,9,2,7,群益金鼎-高雄,2023-02-20,9183
2498,宏達電,24,17,7,群益金鼎-高雄,2023-02-20,9183
2929,淘帝-KY,7,0,7,群益金鼎-高雄,2023-02-20,9183
3035,智原,12,5,7,群益金鼎-高雄,2023-02-20,9183
00885,富邦越南,171,0,171,群益金鼎-高雄,2023-02-21,9183
00903,富邦元宇宙,101,0,101,群益金鼎-高雄,2023-02-21,9183
2882,國泰金,99,18,81,群益金鼎-高雄,2023-02-21,9183
3027,盛達,87,8,79,群益金鼎-高雄,2023-02-21,9183
6288,聯嘉,172,97,75,群益金鼎-高雄,2023-02-21,9183
2884,玉山金,75,6,69,群益金鼎-高雄,2023-02-21,9183
2883,凱基金,51,0,51,群益金鼎-高雄,2023-02-21,9183
3545,敦泰,49,1,48,群益金鼎-高雄,2023-02-21,9183
2457,飛宏,146,100,46,群益金鼎-高雄,2023-02-21,9183
00753L,中信中國50正2,44,0,44,群益金鼎-高雄,2023-02-21,9183
8415,大國鋼,34,0,34,群益金鼎-高雄,2023-02-21,9183
5484,慧友,25,0,25,群益金鼎-高雄,2023-02-21,9183
2634,漢翔,30,6,24,群益金鼎-高雄,2023-02-21,9183
2867,三商壽,52,30,22,群益金鼎-高雄,2023-02-21,9183
2340,台亞,21,0,21,群益金鼎-高雄,2023-02-21,9183
5258,虹堡,25,5,20,群益金鼎-高雄,2023-02-21,9183
00725B,國泰投資級公司債,18,0,18,群益金鼎-高雄,2023-02-21,9183
2498,宏達電,64,47,17,群益金鼎-高雄,2023-02-21,9183
1513,中興電,79,63,16,群益金鼎-高雄,2023-02-21,9183
3162,精確,16,1,15,群益金鼎-高雄,2023-02-21,9183
1608,華榮,14,0,14,群益金鼎-高雄,2023-02-21,9183
00720B,元大投資級公司債,13,0,13,群益金鼎-高雄,2023-02-21,9183
2208,台船,35,22,13,群益金鼎-高雄,2023-02-21,9183
4960,誠美材,12,0,12,群益金鼎-高雄,2023-02-21,9183
8936,國統,26,14,12,群益金鼎-高雄,2023-02-21,9183
00665L,富邦�琤肭磪囓�2,17,6,11,群益金鼎-高雄,2023-02-21,9183
00751B,元大AAA至A公司債,11,0,11,群益金鼎-高雄,2023-02-21,9183
2010,春源,13,2,11,群益金鼎-高雄,2023-02-21,9183
5328,華容,11,0,11,群益金鼎-高雄,2023-02-21,9183
6104,創惟,15,4,11,群益金鼎-高雄,2023-02-21,9183
6874,倍力,18,7,11,群益金鼎-高雄,2023-02-21,9183
2201,裕隆,14,3,11,群益金鼎-高雄,2023-02-21,9183
1605,華新,69,58,11,群益金鼎-高雄,2023-02-21,9183
00637L,元大滬深300正2,11,1,10,群益金鼎-高雄,2023-02-21,9183
00780B,國泰A級金融債,10,0,10,群益金鼎-高雄,2023-02-21,9183
3030,德律,10,0,10,群益金鼎-高雄,2023-02-21,9183
3044,健鼎,10,0,10,群益金鼎-高雄,2023-02-21,9183
5009,榮剛,16,6,10,群益金鼎-高雄,2023-02-21,9183
6547,高端疫苗,10,0,10,群益金鼎-高雄,2023-02-21,9183
2303,聯電,17,8,9,群益金鼎-高雄,2023-02-21,9183
6153,嘉聯益,11,2,9,群益金鼎-高雄,2023-02-21,9183
6285,啟��,9,0,9,群益金鼎-高雄,2023-02-21,9183
1473,台南,8,0,8,群益金鼎-高雄,2023-02-21,9183
4564,元翎,15,7,8,群益金鼎-高雄,2023-02-21,9183
4931,新盛力,22,14,8,群益金鼎-高雄,2023-02-21,9183
6194,育富,8,0,8,群益金鼎-高雄,2023-02-21,9183
6213,聯茂,9,1,8,群益金鼎-高雄,2023-02-21,9183
6517,保勝光學,11,3,8,群益金鼎-高雄,2023-02-21,9183
8215,明基材,8,0,8,群益金鼎-高雄,2023-02-21,9183
9136,巨騰-DR,8,0,8,群益金鼎-高雄,2023-02-21,9183
6282,康舒,95,18,77,群益金鼎-高雄,2023-02-22,9183
00878,國泰永續高股息,81,12,69,群益金鼎-高雄,2023-02-22,9183
5210,寶碩,62,0,62,群益金鼎-高雄,2023-02-22,9183
2340,台亞,61,2,59,群益金鼎-高雄,2023-02-22,9183
2481,強茂,41,4,37,群益金鼎-高雄,2023-02-22,9183
2344,華邦電,70,34,36,群益金鼎-高雄,2023-02-22,9183
2303,聯電,47,12,35,群益金鼎-高雄,2023-02-22,9183
2014,中鴻,34,0,34,群益金鼎-高雄,2023-02-22,9183
4167,松瑞藥,33,0,33,群益金鼎-高雄,2023-02-22,9183
0050,元大台灣50,33,1,32,群益金鼎-高雄,2023-02-22,9183
1218,泰山,30,0,30,群益金鼎-高雄,2023-02-22,9183
8070,長華*,30,0,30,群益金鼎-高雄,2023-02-22,9183
1519,華城,124,96,28,群益金鼎-高雄,2023-02-22,9183
6116,彩晶,28,0,28,群益金鼎-高雄,2023-02-22,9183
4979,華星光,27,0,27,群益金鼎-高雄,2023-02-22,9183
00892,富邦台灣半導體,26,0,26,群益金鼎-高雄,2023-02-22,9183
2812,台中銀,25,0,25,群益金鼎-高雄,2023-02-22,9183
3189,景碩,26,2,24,群益金鼎-高雄,2023-02-22,9183
6515,穎崴,25,1,24,群益金鼎-高雄,2023-02-22,9183
0056,元大高股息,22,1,21,群益金鼎-高雄,2023-02-22,9183
6194,育富,20,0,20,群益金鼎-高雄,2023-02-22,9183
6202,盛群,20,0,20,群益金鼎-高雄,2023-02-22,9183
3035,智原,30,11,19,群益金鼎-高雄,2023-02-22,9183
2610,華航,21,7,14,群益金鼎-高雄,2023-02-22,9183
2883,凱基金,14,0,14,群益金鼎-高雄,2023-02-22,9183
00772B,中信高評級公司債,13,0,13,群益金鼎-高雄,2023-02-22,9183
00893,國泰智能電動車,31,18,13,群益金鼎-高雄,2023-02-22,9183
2023,燁輝,14,1,13,群益金鼎-高雄,2023-02-22,9183
2388,威盛,19,6,13,群益金鼎-高雄,2023-02-22,9183
6125,廣運,14,1,13,群益金鼎-高雄,2023-02-22,9183
1609,大亞,24,12,12,群益金鼎-高雄,2023-02-22,9183
2731,雄獅,14,2,12,群益金鼎-高雄,2023-02-22,9183
6570,維田,17,5,12,群益金鼎-高雄,2023-02-22,9183
8028,昇陽半導體,12,0,12,群益金鼎-高雄,2023-02-22,9183
5880,合庫金,11,0,11,群益金鼎-高雄,2023-02-22,9183
2328,廣宇,11,0,11,群益金鼎-高雄,2023-02-22,9183
2332,友訊,11,0,11,群益金鼎-高雄,2023-02-22,9183
5309,系統電,11,0,11,群益金鼎-高雄,2023-02-22,9183
5328,華容,11,0,11,群益金鼎-高雄,2023-02-22,9183
6129,普誠,12,1,11,群益金鼎-高雄,2023-02-22,9183
2317,鴻海,12,2,10,群益金鼎-高雄,2023-02-22,9183
00655L,國泰中國A50正2,10,0,10,群益金鼎-高雄,2023-02-22,9183
1314,中石化,20,10,10,群益金鼎-高雄,2023-02-22,9183
2838,聯邦銀,10,0,10,群益金鼎-高雄,2023-02-22,9183
2897,王道銀行,10,0,10,群益金鼎-高雄,2023-02-22,9183
4960,誠美材,10,0,10,群益金鼎-高雄,2023-02-22,9183
6603,富強鑫,10,0,10,群益金鼎-高雄,2023-02-22,9183
00725B,國泰投資級公司債,9,0,9,群益金鼎-高雄,2023-02-22,9183
5347,世界,10,1,9,群益金鼎-高雄,2023-02-22,9183
1522,堤維西,9,0,9,群益金鼎-高雄,2023-02-22,9183
00885,富邦越南,96,4,92,群益金鼎-高雄,2023-02-23,9183
2471,資通,80,24,56,群益金鼎-高雄,2023-02-23,9183
9904,寶成,50,0,50,群益金鼎-高雄,2023-02-23,9183
5608,四維航,64,22,42,群益金鼎-高雄,2023-02-23,9183
2481,強茂,33,0,33,群益金鼎-高雄,2023-02-23,9183
2010,春源,30,0,30,群益金鼎-高雄,2023-02-23,9183
2393,億光,30,0,30,群益金鼎-高雄,2023-02-23,9183
3221,台嘉碩,30,0,30,群益金鼎-高雄,2023-02-23,9183
4960,誠美材,30,0,30,群益金鼎-高雄,2023-02-23,9183
6116,彩晶,39,10,29,群益金鼎-高雄,2023-02-23,9183
2009,第一銅,27,0,27,群益金鼎-高雄,2023-02-23,9183
2344,華邦電,31,5,26,群益金鼎-高雄,2023-02-23,9183
2409,友達,25,0,25,群益金鼎-高雄,2023-02-23,9183
5209,新鼎,25,0,25,群益金鼎-高雄,2023-02-23,9183
2634,漢翔,40,17,23,群益金鼎-高雄,2023-02-23,9183
5701,劍湖山,30,8,22,群益金鼎-高雄,2023-02-23,9183
3481,群創,53,32,21,群益金鼎-高雄,2023-02-23,9183
6695,芯鼎,20,0,20,群益金鼎-高雄,2023-02-23,9183
00720B,元大投資級公司債,19,0,19,群益金鼎-高雄,2023-02-23,9183
6770,力積電,20,2,18,群益金鼎-高雄,2023-02-23,9183
00632R,元大台灣50反1,22,5,17,群益金鼎-高雄,2023-02-23,9183
5512,力麒,19,3,16,群益金鼎-高雄,2023-02-23,9183
3522,御嵿,15,0,15,群益金鼎-高雄,2023-02-23,9183
5484,慧友,15,0,15,群益金鼎-高雄,2023-02-23,9183
3037,欣興,20,6,14,群益金鼎-高雄,2023-02-23,9183
2834,臺企銀,13,0,13,群益金鼎-高雄,2023-02-23,9183
8358,金居,13,2,11,群益金鼎-高雄,2023-02-23,9183
1810,和成,11,0,11,群益金鼎-高雄,2023-02-23,9183
2610,華航,11,0,11,群益金鼎-高雄,2023-02-23,9183
00655L,國泰中國A50正2,10,0,10,群益金鼎-高雄,2023-02-23,9183
00738U,期元大道瓊白銀,10,0,10,群益金鼎-高雄,2023-02-23,9183
1417,嘉裕,10,0,10,群益金鼎-高雄,2023-02-23,9183
2401,凌陽,11,1,10,群益金鼎-高雄,2023-02-23,9183
4111,濟生,10,0,10,群益金鼎-高雄,2023-02-23,9183
4513,福裕,10,0,10,群益金鼎-高雄,2023-02-23,9183
6109,亞元,10,0,10,群益金鼎-高雄,2023-02-23,9183
6153,嘉聯益,10,0,10,群益金鼎-高雄,2023-02-23,9183
6194,育富,10,0,10,群益金鼎-高雄,2023-02-23,9183
8933,愛地雅,10,0,10,群益金鼎-高雄,2023-02-23,9183
00772B,中信高評級公司債,11,2,9,群益金鼎-高雄,2023-02-23,9183
2329,華泰,15,6,9,群益金鼎-高雄,2023-02-23,9183
3594,磐儀,15,6,9,群益金鼎-高雄,2023-02-23,9183
4167,松瑞藥,10,1,9,群益金鼎-高雄,2023-02-23,9183
00715L,期街口布蘭特正2,8,0,8,群益金鼎-高雄,2023-02-23,9183
00712,復華富時不動產,8,0,8,群益金鼎-高雄,2023-02-23,9183
3704,合勤控,30,22,8,群益金鼎-高雄,2023-02-23,9183
6125,廣運,8,0,8,群益金鼎-高雄,2023-02-23,9183
6148,驊宏資,11,3,8,群益金鼎-高雄,2023-02-23,9183
1605,華新,16,8,8,群益金鼎-高雄,2023-02-23,9183
2027,大成鋼,10,3,7,群益金鼎-高雄,2023-02-23,9183
2883B,凱基金乙特,250,0,250,群益金鼎-高雄,2023-02-24,9183
8070,長華*,145,0,145,群益金鼎-高雄,2023-02-24,9183
1444,力麗,102,0,102,群益金鼎-高雄,2023-02-24,9183
3221,台嘉碩,102,0,102,群益金鼎-高雄,2023-02-24,9183
2610,華航,112,15,97,群益金鼎-高雄,2023-02-24,9183
2014,中鴻,61,0,61,群益金鼎-高雄,2023-02-24,9183
00687B,國泰20年美債,60,0,60,群益金鼎-高雄,2023-02-24,9183
3374,精材,60,0,60,群益金鼎-高雄,2023-02-24,9183
3141,晶宏,56,0,56,群益金鼎-高雄,2023-02-24,9183
9136,巨騰-DR,46,0,46,群益金鼎-高雄,2023-02-24,9183
3049,精金,40,0,40,群益金鼎-高雄,2023-02-24,9183
5512,力麒,38,2,36,群益金鼎-高雄,2023-02-24,9183
6228,全譜,35,0,35,群益金鼎-高雄,2023-02-24,9183
0050,元大台灣50,34,0,34,群益金鼎-高雄,2023-02-24,9183
6194,育富,33,1,32,群益金鼎-高雄,2023-02-24,9183
2618,長榮航,35,6,29,群益金鼎-高雄,2023-02-24,9183
00632R,元大台灣50反1,31,2,29,群益金鼎-高雄,2023-02-24,9183
5464,霖宏,48,19,29,群益金鼎-高雄,2023-02-24,9183
00753L,中信中國50正2,27,0,27,群益金鼎-高雄,2023-02-24,9183
2353,宏��,27,1,26,群益金鼎-高雄,2023-02-24,9183
3037,欣興,29,4,25,群益金鼎-高雄,2023-02-24,9183
00715L,期街口布蘭特正2,22,0,22,群益金鼎-高雄,2023-02-24,9183
6235,華孚,35,14,21,群益金鼎-高雄,2023-02-24,9183
00878,國泰永續高股息,21,0,21,群益金鼎-高雄,2023-02-24,9183
3673,TPK-KY,20,0,20,群益金鼎-高雄,2023-02-24,9183
2010,春源,20,0,20,群益金鼎-高雄,2023-02-24,9183
5701,劍湖山,20,0,20,群益金鼎-高雄,2023-02-24,9183
6695,芯鼎,20,0,20,群益金鼎-高雄,2023-02-24,9183
6697,東捷資訊,20,0,20,群益金鼎-高雄,2023-02-24,9183
6126,信音,19,0,19,群益金鼎-高雄,2023-02-24,9183
6282,康舒,32,13,19,群益金鼎-高雄,2023-02-24,9183
6469,大樹,17,0,17,群益金鼎-高雄,2023-02-24,9183
2355,敬鵬,15,0,15,群益金鼎-高雄,2023-02-24,9183
00637L,元大滬深300正2,16,3,13,群益金鼎-高雄,2023-02-24,9183
2457,飛宏,32,19,13,群益金鼎-高雄,2023-02-24,9183
1609,大亞,12,0,12,群益金鼎-高雄,2023-02-24,9183
2340,台亞,12,0,12,群益金鼎-高雄,2023-02-24,9183
1447,力鵬,12,0,12,群益金鼎-高雄,2023-02-24,9183
2002,中鋼,12,0,12,群益金鼎-高雄,2023-02-24,9183
5258,虹堡,22,10,12,群益金鼎-高雄,2023-02-24,9183
8415,大國鋼,12,0,12,群益金鼎-高雄,2023-02-24,9183
2313,華通,11,0,11,群益金鼎-高雄,2023-02-24,9183
2637,慧洋-KY,19,8,11,群益金鼎-高雄,2023-02-24,9183
4923,力士,11,0,11,群益金鼎-高雄,2023-02-24,9183
2603,長榮,19,8,11,群益金鼎-高雄,2023-02-24,9183
2317,鴻海,11,1,10,群益金鼎-高雄,2023-02-24,9183
1795,美時,14,4,10,群益金鼎-高雄,2023-02-24,9183
1314,中石化,25,15,10,群益金鼎-高雄,2023-02-24,9183
1708,東鹼,10,0,10,群益金鼎-高雄,2023-02-24,9183
2108,南帝,10,0,10,群益金鼎-高雄,2023-02-24,9183
2344,華邦電,107,10,97,群益金鼎-高雄,2023-03-01,9183
6695,芯鼎,66,0,66,群益金鼎-高雄,2023-03-01,9183
2618,長榮航,64,5,59,群益金鼎-高雄,2023-03-01,9183
2481,強茂,60,2,58,群益金鼎-高雄,2023-03-01,9183
00878,國泰永續高股息,55,0,55,群益金鼎-高雄,2023-03-01,9183
2014,中鴻,53,3,50,群益金鼎-高雄,2023-03-01,9183
1605,華新,136,91,45,群益金鼎-高雄,2023-03-01,9183
8070,長華*,45,0,45,群益金鼎-高雄,2023-03-01,9183
5608,四維航,70,29,41,群益金鼎-高雄,2023-03-01,9183
3374,精材,32,0,32,群益金鼎-高雄,2023-03-01,9183
6142,友勁,30,0,30,群益金鼎-高雄,2023-03-01,9183
6411,晶焱,31,2,29,群益金鼎-高雄,2023-03-01,9183
8046,南電,30,6,24,群益金鼎-高雄,2023-03-01,9183
6841,長佳智能,31,8,23,群益金鼎-高雄,2023-03-01,9183
2605,新興,36,13,23,群益金鼎-高雄,2023-03-01,9183
00712,復華富時不動產,22,0,22,群益金鼎-高雄,2023-03-01,9183
6770,力積電,23,2,21,群益金鼎-高雄,2023-03-01,9183
1905,華紙,20,2,18,群益金鼎-高雄,2023-03-01,9183
2002,中鋼,18,0,18,群益金鼎-高雄,2023-03-01,9183
1447,力鵬,16,0,16,群益金鼎-高雄,2023-03-01,9183
2606,裕民,21,5,16,群益金鼎-高雄,2023-03-01,9183
6288,聯嘉,17,1,16,群益金鼎-高雄,2023-03-01,9183
1608,華榮,14,0,14,群益金鼎-高雄,2023-03-01,9183
3682,亞太電,14,0,14,群益金鼎-高雄,2023-03-01,9183
6235,華孚,20,6,14,群益金鼎-高雄,2023-03-01,9183
2882,國泰金,14,1,13,群益金鼎-高雄,2023-03-01,9183
2634,漢翔,16,3,13,群益金鼎-高雄,2023-03-01,9183
3360,尚立,13,0,13,群益金鼎-高雄,2023-03-01,9183
1101,台泥,31,18,13,群益金鼎-高雄,2023-03-01,9183
3004,豐達科,11,0,11,群益金鼎-高雄,2023-03-01,9183
1313,聯成,10,0,10,群益金鼎-高雄,2023-03-01,9183
1541,錩泰,10,0,10,群益金鼎-高雄,2023-03-01,9183
2007,燁興,11,1,10,群益金鼎-高雄,2023-03-01,9183
3045,台灣大,10,0,10,群益金鼎-高雄,2023-03-01,9183
3260,威剛,10,0,10,群益金鼎-高雄,2023-03-01,9183
4924,欣厚-KY,10,0,10,群益金鼎-高雄,2023-03-01,9183
5475,德宏,10,0,10,群益金鼎-高雄,2023-03-01,9183
2881,富邦金,10,0,10,群益金鼎-高雄,2023-03-01,9183
00679B,元大美債20年,9,0,9,群益金鼎-高雄,2023-03-01,9183
1471,首利,8,0,8,群益金鼎-高雄,2023-03-01,9183
6194,育富,8,0,8,群益金鼎-高雄,2023-03-01,9183
6231,系微,9,1,8,群益金鼎-高雄,2023-03-01,9183
2884,玉山金,8,0,8,群益金鼎-高雄,2023-03-01,9183
2834,臺企銀,9,2,7,群益金鼎-高雄,2023-03-01,9183
2609,陽明,10,3,7,群益金鼎-高雄,2023-03-01,9183
006208,富邦台50,7,0,7,群益金鼎-高雄,2023-03-01,9183
3714,富采,7,0,7,群益金鼎-高雄,2023-03-01,9183
5009,榮剛,17,10,7,群益金鼎-高雄,2023-03-01,9183
5512,力麒,18,11,7,群益金鼎-高雄,2023-03-01,9183
8028,昇陽半導體,7,0,7,群益金鼎-高雄,2023-03-01,9183
8070,長華*,139,0,139,群益金鼎-高雄,2023-03-02,9183
2104,國際中橡,122,0,122,群益金鼎-高雄,2023-03-02,9183
1605,華新,63,16,47,群益金鼎-高雄,2023-03-02,9183
2303,聯電,53,10,43,群益金鼎-高雄,2023-03-02,9183
00878,國泰永續高股息,39,5,34,群益金鼎-高雄,2023-03-02,9183
4513,福裕,40,10,30,群益金鼎-高雄,2023-03-02,9183
1540,喬福,28,0,28,群益金鼎-高雄,2023-03-02,9183
00712,復華富時不動產,25,0,25,群益金鼎-高雄,2023-03-02,9183
1101,台泥,27,2,25,群益金鼎-高雄,2023-03-02,9183
4960,誠美材,26,2,24,群益金鼎-高雄,2023-03-02,9183
2010,春源,22,0,22,群益金鼎-高雄,2023-03-02,9183
2492,華新科,22,0,22,群益金鼎-高雄,2023-03-02,9183
6282,康舒,32,10,22,群益金鼎-高雄,2023-03-02,9183
8289,泰藝,22,0,22,群益金鼎-高雄,2023-03-02,9183
00897,富邦基因免疫生技,22,0,22,群益金鼎-高雄,2023-03-02,9183
1471,首利,21,0,21,群益金鼎-高雄,2023-03-02,9183
0050,元大台灣50,20,0,20,群益金鼎-高雄,2023-03-02,9183
2891,中信金,19,0,19,群益金鼎-高雄,2023-03-02,9183
1708,東鹼,25,7,18,群益金鼎-高雄,2023-03-02,9183
4720,德淵,20,4,16,群益金鼎-高雄,2023-03-02,9183
6531,愛普*,20,4,16,群益金鼎-高雄,2023-03-02,9183
4147,中裕,21,6,15,群益金鼎-高雄,2023-03-02,9183
2897,王道銀行,20,5,15,群益金鼎-高雄,2023-03-02,9183
2393,億光,14,0,14,群益金鼎-高雄,2023-03-02,9183
2498,宏達電,52,38,14,群益金鼎-高雄,2023-03-02,9183
5210,寶碩,15,1,14,群益金鼎-高雄,2023-03-02,9183
2453,凌群,13,0,13,群益金鼎-高雄,2023-03-02,9183
2886,兆豐金,12,0,12,群益金鼎-高雄,2023-03-02,9183
5328,華容,12,0,12,群益金鼎-高雄,2023-03-02,9183
2014,中鴻,11,0,11,群益金鼎-高雄,2023-03-02,9183
8112,至上,24,13,11,群益金鼎-高雄,2023-03-02,9183
00773B,中信優先金融債,10,0,10,群益金鼎-高雄,2023-03-02,9183
00885,富邦越南,13,3,10,群益金鼎-高雄,2023-03-02,9183
1313,聯成,10,0,10,群益金鼎-高雄,2023-03-02,9183
2211,長榮鋼,10,0,10,群益金鼎-高雄,2023-03-02,9183
2890,永豐金,10,0,10,群益金鼎-高雄,2023-03-02,9183
3532,台勝科,10,0,10,群益金鼎-高雄,2023-03-02,9183
6116,彩晶,12,2,10,群益金鼎-高雄,2023-03-02,9183
6188,廣明,12,2,10,群益金鼎-高雄,2023-03-02,9183
9945,潤泰新,10,1,9,群益金鼎-高雄,2023-03-02,9183
1442,名軒,9,0,9,群益金鼎-高雄,2023-03-02,9183
4142,國光生,35,26,9,群益金鼎-高雄,2023-03-02,9183
3374,精材,8,0,8,群益金鼎-高雄,2023-03-02,9183
6806,森崴能源,8,0,8,群益金鼎-高雄,2023-03-02,9183
9907,統一實,10,2,8,群益金鼎-高雄,2023-03-02,9183
1310,台苯,7,0,7,群益金鼎-高雄,2023-03-02,9183
2482,連宇,18,11,7,群益金鼎-高雄,2023-03-02,9183
2884,玉山金,8,1,7,群益金鼎-高雄,2023-03-02,9183
2834,臺企銀,8,2,6,群益金鼎-高雄,2023-03-02,9183
00679B,元大美債20年,6,0,6,群益金鼎-高雄,2023-03-02,9183
2393,億光,151,0,151,群益金鼎-高雄,2023-03-03,9183
8070,長華*,138,1,137,群益金鼎-高雄,2023-03-03,9183
2344,華邦電,179,64,115,群益金鼎-高雄,2023-03-03,9183
3317,尼克森,60,0,60,群益金鼎-高雄,2023-03-03,9183
2495,普安,51,0,51,群益金鼎-高雄,2023-03-03,9183
00712,復華富時不動產,45,0,45,群益金鼎-高雄,2023-03-03,9183
5484,慧友,45,0,45,群益金鼎-高雄,2023-03-03,9183
3374,精材,36,0,36,群益金鼎-高雄,2023-03-03,9183
00753L,中信中國50正2,46,15,31,群益金鼎-高雄,2023-03-03,9183
1219,福壽,50,20,30,群益金鼎-高雄,2023-03-03,9183
1605,華新,39,9,30,群益金鼎-高雄,2023-03-03,9183
6191,精成科,30,0,30,群益金鼎-高雄,2023-03-03,9183
2104,國際中橡,29,0,29,群益金鼎-高雄,2023-03-03,9183
6282,康舒,29,2,27,群益金鼎-高雄,2023-03-03,9183
2340,台亞,34,11,23,群益金鼎-高雄,2023-03-03,9183
6228,全譜,22,0,22,群益金鼎-高雄,2023-03-03,9183
2105,正新,21,0,21,群益金鼎-高雄,2023-03-03,9183
2890,永豐金,20,0,20,群益金鼎-高雄,2023-03-03,9183
6188,廣明,21,1,20,群益金鼎-高雄,2023-03-03,9183
6477,安集,20,0,20,群益金鼎-高雄,2023-03-03,9183
0050,元大台灣50,20,0,20,群益金鼎-高雄,2023-03-03,9183
1464,得力,19,0,19,群益金鼎-高雄,2023-03-03,9183
6411,晶焱,15,1,14,群益金鼎-高雄,2023-03-03,9183
2884,玉山金,14,0,14,群益金鼎-高雄,2023-03-03,9183
1560,中砂,13,0,13,群益金鼎-高雄,2023-03-03,9183
8112,至上,26,13,13,群益金鼎-高雄,2023-03-03,9183
6235,華孚,46,34,12,群益金鼎-高雄,2023-03-03,9183
8033,雷虎,16,4,12,群益金鼎-高雄,2023-03-03,9183
00772B,中信高評級公司債,10,0,10,群益金鼎-高雄,2023-03-03,9183
00773B,中信優先金融債,10,0,10,群益金鼎-高雄,2023-03-03,9183
2641,正德,12,2,10,群益金鼎-高雄,2023-03-03,9183
4433,興采,10,0,10,群益金鼎-高雄,2023-03-03,9183
4720,德淵,10,0,10,群益金鼎-高雄,2023-03-03,9183
2886,兆豐金,11,1,10,群益金鼎-高雄,2023-03-03,9183
2498,宏達電,29,20,9,群益金鼎-高雄,2023-03-03,9183
2892,第一金,9,0,9,群益金鼎-高雄,2023-03-03,9183
5351,鈺創,17,8,9,群益金鼎-高雄,2023-03-03,9183
9907,統一實,10,1,9,群益金鼎-高雄,2023-03-03,9183
00637L,元大滬深300正2,11,3,8,群益金鼎-高雄,2023-03-03,9183
00908,富邦入息REITs+,8,0,8,群益金鼎-高雄,2023-03-03,9183
2453,凌群,11,3,8,群益金鼎-高雄,2023-03-03,9183
6274,台燿,8,0,8,群益金鼎-高雄,2023-03-03,9183
6695,芯鼎,8,0,8,群益金鼎-高雄,2023-03-03,9183
8171,天宇,11,3,8,群益金鼎-高雄,2023-03-03,9183
8996,高力,8,0,8,群益金鼎-高雄,2023-03-03,9183
2812,台中銀,7,0,7,群益金鼎-高雄,2023-03-03,9183
3006,晶豪科,18,11,7,群益金鼎-高雄,2023-03-03,9183
8086,宏捷科,9,2,7,群益金鼎-高雄,2023-03-03,9183
2615,萬海,10,4,6,群益金鼎-高雄,2023-03-03,9183
00878,國泰永續高股息,11,5,6,群益金鼎-高雄,2023-03-03,9183
00632R,元大台灣50反1,110,1,109,群益金鼎-高雄,2023-03-06,9183
6182,合晶,81,0,81,群益金鼎-高雄,2023-03-06,9183
00713,元大台灣高息低波,67,0,67,群益金鼎-高雄,2023-03-06,9183
2618,長榮航,59,2,57,群益金鼎-高雄,2023-03-06,9183
00753L,中信中國50正2,52,0,52,群益金鼎-高雄,2023-03-06,9183
2439,美律,51,0,51,群益金鼎-高雄,2023-03-06,9183
6269,台郡,51,1,50,群益金鼎-高雄,2023-03-06,9183
4432,銘旺實,53,5,48,群益金鼎-高雄,2023-03-06,9183
2330,台積電,36,2,34,群益金鼎-高雄,2023-03-06,9183
6153,嘉聯益,30,0,30,群益金鼎-高雄,2023-03-06,9183
6191,精成科,31,1,30,群益金鼎-高雄,2023-03-06,9183
0050,元大台灣50,30,1,29,群益金鼎-高雄,2023-03-06,9183
5211,蒙恬,29,2,27,群益金鼎-高雄,2023-03-06,9183
3481,群創,68,44,24,群益金鼎-高雄,2023-03-06,9183
2388,威盛,29,7,22,群益金鼎-高雄,2023-03-06,9183
3624,光頡,21,0,21,群益金鼎-高雄,2023-03-06,9183
3147,大綜,20,0,20,群益金鼎-高雄,2023-03-06,9183
8936,國統,21,1,20,群益金鼎-高雄,2023-03-06,9183
3029,零壹,21,1,20,群益金鼎-高雄,2023-03-06,9183
2888,新光金,19,0,19,群益金鼎-高雄,2023-03-06,9183
1584,精剛,19,1,18,群益金鼎-高雄,2023-03-06,9183
5905,南仁湖,20,2,18,群益金鼎-高雄,2023-03-06,9183
9136,巨騰-DR,17,0,17,群益金鼎-高雄,2023-03-06,9183
3360,尚立,15,0,15,群益金鼎-高雄,2023-03-06,9183
5484,慧友,20,5,15,群益金鼎-高雄,2023-03-06,9183
6194,育富,15,0,15,群益金鼎-高雄,2023-03-06,9183
5388,中磊,17,2,15,群益金鼎-高雄,2023-03-06,9183
2344,華邦電,41,27,14,群益金鼎-高雄,2023-03-06,9183
3035,智原,18,4,14,群益金鼎-高雄,2023-03-06,9183
3264,欣銓,16,3,13,群益金鼎-高雄,2023-03-06,9183
8927,北基,13,0,13,群益金鼎-高雄,2023-03-06,9183
2637,慧洋-KY,13,1,12,群益金鼎-高雄,2023-03-06,9183
2892,第一金,17,6,11,群益金鼎-高雄,2023-03-06,9183
3047,訊舟,11,0,11,群益金鼎-高雄,2023-03-06,9183
00673R,期元大S＆P原油反1,10,0,10,群益金鼎-高雄,2023-03-06,9183
3312,弘憶股,11,1,10,群益金鼎-高雄,2023-03-06,9183
4533,協易機,10,0,10,群益金鼎-高雄,2023-03-06,9183
2353,宏��,10,1,9,群益金鼎-高雄,2023-03-06,9183
00670L,富邦NASDAQ正2,10,1,9,群益金鼎-高雄,2023-03-06,9183
2017,官田鋼,10,1,9,群益金鼎-高雄,2023-03-06,9183
4915,致伸,13,4,9,群益金鼎-高雄,2023-03-06,9183
3362,先進光,28,19,9,群益金鼎-高雄,2023-03-06,9183
2337,旺宏,8,0,8,群益金鼎-高雄,2023-03-06,9183
6231,系微,12,4,8,群益金鼎-高雄,2023-03-06,9183
6290,良維,8,0,8,群益金鼎-高雄,2023-03-06,9183
8234,新漢,8,0,8,群益金鼎-高雄,2023-03-06,9183
6531,愛普*,11,3,8,群益金鼎-高雄,2023-03-06,9183
2603,長榮,18,11,7,群益金鼎-高雄,2023-03-06,9183
00712,復華富時不動產,17,10,7,群益金鼎-高雄,2023-03-06,9183
2457,飛宏,102,95,7,群益金鼎-高雄,2023-03-06,9183
2883B,凱基金乙特,500,0,500,群益金鼎-高雄,2023-03-07,9183
8070,長華*,106,0,106,群益金鼎-高雄,2023-03-07,9183
5484,慧友,99,9,90,群益金鼎-高雄,2023-03-07,9183
6116,彩晶,61,4,57,群益金鼎-高雄,2023-03-07,9183
2211,長榮鋼,41,1,40,群益金鼎-高雄,2023-03-07,9183
3022,威強電,45,5,40,群益金鼎-高雄,2023-03-07,9183
6142,友勁,40,0,40,群益金鼎-高雄,2023-03-07,9183
2344,華邦電,76,46,30,群益金鼎-高雄,2023-03-07,9183
00712,復華富時不動產,29,0,29,群益金鼎-高雄,2023-03-07,9183
6269,台郡,29,0,29,群益金鼎-高雄,2023-03-07,9183
00673R,期元大S＆P原油反1,22,0,22,群益金鼎-高雄,2023-03-07,9183
2027,大成鋼,33,12,21,群益金鼎-高雄,2023-03-07,9183
2010,春源,33,16,17,群益金鼎-高雄,2023-03-07,9183
6443,元晶,21,5,16,群益金鼎-高雄,2023-03-07,9183
3481,群創,16,1,15,群益金鼎-高雄,2023-03-07,9183
1219,福壽,15,0,15,群益金鼎-高雄,2023-03-07,9183
1795,美時,27,12,15,群益金鼎-高雄,2023-03-07,9183
2340,台亞,15,0,15,群益金鼎-高雄,2023-03-07,9183
4432,銘旺實,15,0,15,群益金鼎-高雄,2023-03-07,9183
5443,均豪,15,0,15,群益金鼎-高雄,2023-03-07,9183
2409,友達,34,20,14,群益金鼎-高雄,2023-03-07,9183
4924,欣厚-KY,12,0,12,群益金鼎-高雄,2023-03-07,9183
2534,宏盛,11,0,11,群益金鼎-高雄,2023-03-07,9183
3297,杭特,11,0,11,群益金鼎-高雄,2023-03-07,9183
5905,南仁湖,11,0,11,群益金鼎-高雄,2023-03-07,9183
6235,華孚,54,43,11,群益金鼎-高雄,2023-03-07,9183
00897,富邦基因免疫生技,10,0,10,群益金鼎-高雄,2023-03-07,9183
00637L,元大滬深300正2,10,0,10,群益金鼎-高雄,2023-03-07,9183
00632R,元大台灣50反1,32,22,10,群益金鼎-高雄,2023-03-07,9183
1539,巨庭,10,0,10,群益金鼎-高雄,2023-03-07,9183
2020,美亞,10,0,10,群益金鼎-高雄,2023-03-07,9183
3624,光頡,11,1,10,群益金鼎-高雄,2023-03-07,9183
4960,誠美材,10,0,10,群益金鼎-高雄,2023-03-07,9183
7402,邑錡,10,0,10,群益金鼎-高雄,2023-03-07,9183
2884,玉山金,14,5,9,群益金鼎-高雄,2023-03-07,9183
2882,國泰金,13,4,9,群益金鼎-高雄,2023-03-07,9183
3147,大綜,9,0,9,群益金鼎-高雄,2023-03-07,9183
8415,大國鋼,9,0,9,群益金鼎-高雄,2023-03-07,9183
4536,拓凱,8,0,8,群益金鼎-高雄,2023-03-07,9183
6791,虎門科技,8,0,8,群益金鼎-高雄,2023-03-07,9183
00713,元大台灣高息低波,7,0,7,群益金鼎-高雄,2023-03-07,9183
2498,宏達電,10,3,7,群益金鼎-高雄,2023-03-07,9183
2609,陽明,11,5,6,群益金鼎-高雄,2023-03-07,9183
3037,欣興,12,6,6,群益金鼎-高雄,2023-03-07,9183
9935,慶豐富,6,0,6,群益金鼎-高雄,2023-03-07,9183
1718,中纖,6,0,6,群益金鼎-高雄,2023-03-07,9183
2455,全新,6,0,6,群益金鼎-高雄,2023-03-07,9183
3402,漢科,6,0,6,群益金鼎-高雄,2023-03-07,9183
4513,福裕,6,0,6,群益金鼎-高雄,2023-03-07,9183
8933,愛地雅,6,0,6,群益金鼎-高雄,2023-03-07,9183
2883B,凱基金乙特,500,0,500,群益金鼎-高雄,2023-03-08,9183
4432,銘旺實,45,0,45,群益金鼎-高雄,2023-03-08,9183
00753L,中信中國50正2,43,0,43,群益金鼎-高雄,2023-03-08,9183
2498,宏達電,113,70,43,群益金鼎-高雄,2023-03-08,9183
1504,東元,53,13,40,群益金鼎-高雄,2023-03-08,9183
00637L,元大滬深300正2,38,2,36,群益金鼎-高雄,2023-03-08,9183
8222,寶一,91,57,34,群益金鼎-高雄,2023-03-08,9183
2009,第一銅,31,0,31,群益金鼎-高雄,2023-03-08,9183
6269,台郡,30,1,29,群益金鼎-高雄,2023-03-08,9183
2606,裕民,28,2,26,群益金鼎-高雄,2023-03-08,9183
2609,陽明,32,7,25,群益金鼎-高雄,2023-03-08,9183
5009,榮剛,42,19,23,群益金鼎-高雄,2023-03-08,9183
6116,彩晶,22,0,22,群益金鼎-高雄,2023-03-08,9183
00738U,期元大道瓊白銀,20,0,20,群益金鼎-高雄,2023-03-08,9183
2367,燿華,22,2,20,群益金鼎-高雄,2023-03-08,9183
2492,華新科,21,1,20,群益金鼎-高雄,2023-03-08,9183
5015,華祺,20,0,20,群益金鼎-高雄,2023-03-08,9183
2884,玉山金,22,2,20,群益金鼎-高雄,2023-03-08,9183
2368,金像電,21,2,19,群益金鼎-高雄,2023-03-08,9183
6697,東捷資訊,20,1,19,群益金鼎-高雄,2023-03-08,9183
00670L,富邦NASDAQ正2,17,0,17,群益金鼎-高雄,2023-03-08,9183
3441,聯一光,36,19,17,群益金鼎-高雄,2023-03-08,9183
0056,元大高股息,16,0,16,群益金鼎-高雄,2023-03-08,9183
00888,永豐台灣ESG,15,0,15,群益金鼎-高雄,2023-03-08,9183
1342,八貫,15,0,15,群益金鼎-高雄,2023-03-08,9183
1514,亞力,20,5,15,群益金鼎-高雄,2023-03-08,9183
2344,華邦電,27,12,15,群益金鼎-高雄,2023-03-08,9183
1605,華新,31,17,14,群益金鼎-高雄,2023-03-08,9183
8289,泰藝,17,4,13,群益金鼎-高雄,2023-03-08,9183
00900,富邦特選高股息30,15,3,12,群益金鼎-高雄,2023-03-08,9183
3481,群創,33,21,12,群益金鼎-高雄,2023-03-08,9183
5608,四維航,14,3,11,群益金鼎-高雄,2023-03-08,9183
1584,精剛,16,5,11,群益金鼎-高雄,2023-03-08,9183
2329,華泰,24,13,11,群益金鼎-高雄,2023-03-08,9183
2906,高林,11,0,11,群益金鼎-高雄,2023-03-08,9183
8111,立��,16,5,11,群益金鼎-高雄,2023-03-08,9183
1609,大亞,31,21,10,群益金鼎-高雄,2023-03-08,9183
00885,富邦越南,10,0,10,群益金鼎-高雄,2023-03-08,9183
2890,永豐金,10,0,10,群益金鼎-高雄,2023-03-08,9183
3653,健策,11,1,10,群益金鼎-高雄,2023-03-08,9183
4909,新復興,10,0,10,群益金鼎-高雄,2023-03-08,9183
5607,遠雄港,10,0,10,群益金鼎-高雄,2023-03-08,9183
6188,廣明,13,3,10,群益金鼎-高雄,2023-03-08,9183
00878,國泰永續高股息,11,1,10,群益金鼎-高雄,2023-03-08,9183
2330,台積電,11,2,9,群益金鼎-高雄,2023-03-08,9183
1710,東聯,9,0,9,群益金鼎-高雄,2023-03-08,9183
6016,康和證,10,1,9,群益金鼎-高雄,2023-03-08,9183
6841,長佳智能,10,1,9,群益金鼎-高雄,2023-03-08,9183
00897,富邦基因免疫生技,8,0,8,群益金鼎-高雄,2023-03-08,9183
1447,力鵬,8,0,8,群益金鼎-高雄,2023-03-08,9183
9907,統一實,321,0,321,群益金鼎-高雄,2023-03-09,9183
9105,泰金寶-DR,105,25,80,群益金鼎-高雄,2023-03-09,9183
1101,台泥,68,4,64,群益金鼎-高雄,2023-03-09,9183
00923,群益台ESG低碳50,72,8,64,群益金鼎-高雄,2023-03-09,9183
4432,銘旺實,60,0,60,群益金鼎-高雄,2023-03-09,9183
2484,希華,58,2,56,群益金鼎-高雄,2023-03-09,9183
1504,東元,54,4,50,群益金鼎-高雄,2023-03-09,9183
2883B,凱基金乙特,50,0,50,群益金鼎-高雄,2023-03-09,9183
1616,億泰,44,0,44,群益金鼎-高雄,2023-03-09,9183
1513,中興電,67,27,40,群益金鼎-高雄,2023-03-09,9183
3289,宜特,41,1,40,群益金鼎-高雄,2023-03-09,9183
6282,康舒,60,22,38,群益金鼎-高雄,2023-03-09,9183
8415,大國鋼,34,0,34,群益金鼎-高雄,2023-03-09,9183
1718,中纖,32,0,32,群益金鼎-高雄,2023-03-09,9183
2883,凱基金,28,0,28,群益金鼎-高雄,2023-03-09,9183
6470,宇智,31,4,27,群益金鼎-高雄,2023-03-09,9183
3712,永崴投控,35,9,26,群益金鼎-高雄,2023-03-09,9183
2317,鴻海,32,7,25,群益金鼎-高雄,2023-03-09,9183
00878,國泰永續高股息,25,0,25,群益金鼎-高雄,2023-03-09,9183
00679B,元大美債20年,22,0,22,群益金鼎-高雄,2023-03-09,9183
2010,春源,30,10,20,群益金鼎-高雄,2023-03-09,9183
2363,矽統,20,1,19,群益金鼎-高雄,2023-03-09,9183
2344,華邦電,78,59,19,群益金鼎-高雄,2023-03-09,9183
00720B,元大投資級公司債,18,0,18,群益金鼎-高雄,2023-03-09,9183
2368,金像電,22,4,18,群益金鼎-高雄,2023-03-09,9183
2409,友達,19,2,17,群益金鼎-高雄,2023-03-09,9183
8070,長華*,17,0,17,群益金鼎-高雄,2023-03-09,9183
2890,永豐金,15,0,15,群益金鼎-高雄,2023-03-09,9183
00637L,元大滬深300正2,13,0,13,群益金鼎-高雄,2023-03-09,9183
1447,力鵬,12,0,12,群益金鼎-高雄,2023-03-09,9183
6257,矽格,12,0,12,群益金鼎-高雄,2023-03-09,9183
8105,凌巨,12,0,12,群益金鼎-高雄,2023-03-09,9183
1519,華城,72,61,11,群益金鼎-高雄,2023-03-09,9183
2457,飛宏,143,132,11,群益金鼎-高雄,2023-03-09,9183
4919,新唐,13,2,11,群益金鼎-高雄,2023-03-09,9183
5905,南仁湖,11,0,11,群益金鼎-高雄,2023-03-09,9183
6443,元晶,23,13,10,群益金鼎-高雄,2023-03-09,9183
3481,群創,40,30,10,群益金鼎-高雄,2023-03-09,9183
1313,聯成,10,0,10,群益金鼎-高雄,2023-03-09,9183
1560,中砂,34,24,10,群益金鼎-高雄,2023-03-09,9183
2352,佳世達,12,2,10,群益金鼎-高雄,2023-03-09,9183
2495,普安,10,0,10,群益金鼎-高雄,2023-03-09,9183
2537,聯上發,10,0,10,群益金鼎-高雄,2023-03-09,9183
3535,晶彩科,10,0,10,群益金鼎-高雄,2023-03-09,9183
5608,四維航,23,13,10,群益金鼎-高雄,2023-03-09,9183
2618,長榮航,19,10,9,群益金鼎-高雄,2023-03-09,9183
4915,致伸,10,1,9,群益金鼎-高雄,2023-03-09,9183
1303,南亞,9,0,9,群益金鼎-高雄,2023-03-09,9183
2002,中鋼,9,0,9,群益金鼎-高雄,2023-03-09,9183
3105,穩懋,10,2,8,群益金鼎-高雄,2023-03-09,9183
00878,國泰永續高股息,136,0,136,群益金鼎-高雄,2023-03-10,9183
2633,台灣高鐵,100,0,100,群益金鼎-高雄,2023-03-10,9183
9907,統一實,83,0,83,群益金鼎-高雄,2023-03-10,9183
00923,群益台ESG低碳50,82,0,82,群益金鼎-高雄,2023-03-10,9183
2888,新光金,81,0,81,群益金鼎-高雄,2023-03-10,9183
2610,華航,93,15,78,群益金鼎-高雄,2023-03-10,9183
2609,陽明,173,113,60,群益金鼎-高雄,2023-03-10,9183
4720,德淵,57,0,57,群益金鼎-高雄,2023-03-10,9183
00753L,中信中國50正2,47,1,46,群益金鼎-高雄,2023-03-10,9183
5383,金利,45,0,45,群益金鼎-高雄,2023-03-10,9183
6753,龍德造船,41,1,40,群益金鼎-高雄,2023-03-10,9183
2014,中鴻,45,8,37,群益金鼎-高雄,2023-03-10,9183
8069,元太,43,8,35,群益金鼎-高雄,2023-03-10,9183
2601,益航,32,0,32,群益金鼎-高雄,2023-03-10,9183
2883,凱基金,32,0,32,群益金鼎-高雄,2023-03-10,9183
5608,四維航,62,30,32,群益金鼎-高雄,2023-03-10,9183
1102,亞泥,30,0,30,群益金鼎-高雄,2023-03-10,9183
3221,台嘉碩,30,0,30,群益金鼎-高雄,2023-03-10,9183
2344,華邦電,72,44,28,群益金鼎-高雄,2023-03-10,9183
2317,鴻海,30,2,28,群益金鼎-高雄,2023-03-10,9183
2498,宏達電,43,16,27,群益金鼎-高雄,2023-03-10,9183
00715L,期街口布蘭特正2,25,0,25,群益金鼎-高雄,2023-03-10,9183
00713,元大台灣高息低波,24,0,24,群益金鼎-高雄,2023-03-10,9183
2402,毅嘉,40,16,24,群益金鼎-高雄,2023-03-10,9183
3017,奇鋐,25,1,24,群益金鼎-高雄,2023-03-10,9183
8289,泰藝,27,4,23,群益金鼎-高雄,2023-03-10,9183
2020,美亞,20,0,20,群益金鼎-高雄,2023-03-10,9183
2340,台亞,21,1,20,群益金鼎-高雄,2023-03-10,9183
3059,華晶科,27,7,20,群益金鼎-高雄,2023-03-10,9183
3515,華擎,20,0,20,群益金鼎-高雄,2023-03-10,9183
6015,宏遠證,20,0,20,群益金鼎-高雄,2023-03-10,9183
9904,寶成,20,0,20,群益金鼎-高雄,2023-03-10,9183
4114,健喬,21,2,19,群益金鼎-高雄,2023-03-10,9183
1760,寶齡富錦,25,7,18,群益金鼎-高雄,2023-03-10,9183
6841,長佳智能,19,2,17,群益金鼎-高雄,2023-03-10,9183
1909,榮成,16,0,16,群益金鼎-高雄,2023-03-10,9183
4566,時碩工業,16,0,16,群益金鼎-高雄,2023-03-10,9183
2882,國泰金,16,1,15,群益金鼎-高雄,2023-03-10,9183
00665L,富邦�琤肭磪囓�2,15,0,15,群益金鼎-高雄,2023-03-10,9183
00643,群益深証中小,15,0,15,群益金鼎-高雄,2023-03-10,9183
911868,同方友友-DR,15,1,14,群益金鼎-高雄,2023-03-10,9183
1907,永豐餘,13,0,13,群益金鼎-高雄,2023-03-10,9183
2409,友達,23,10,13,群益金鼎-高雄,2023-03-10,9183
6282,康舒,17,4,13,群益金鼎-高雄,2023-03-10,9183
1101,台泥,15,2,13,群益金鼎-高雄,2023-03-10,9183
2891,中信金,12,0,12,群益金鼎-高雄,2023-03-10,9183
8222,寶一,41,29,12,群益金鼎-高雄,2023-03-10,9183
1605,華新,31,20,11,群益金鼎-高雄,2023-03-10,9183
6770,力積電,13,2,11,群益金鼎-高雄,2023-03-10,9183
4536,拓凱,12,1,11,群益金鼎-高雄,2023-03-10,9183
00773B,中信優先金融債,65,0,65,群益金鼎-高雄,2023-03-13,9183
00878,國泰永續高股息,72,10,62,群益金鼎-高雄,2023-03-13,9183
4164,承業醫,52,3,49,群益金鼎-高雄,2023-03-13,9183
3234,光環,31,2,29,群益金鼎-高雄,2023-03-13,9183
2834,臺企銀,37,10,27,群益金鼎-高雄,2023-03-13,9183
3515,華擎,30,3,27,群益金鼎-高雄,2023-03-13,9183
2609,陽明,56,30,26,群益金鼎-高雄,2023-03-13,9183
2634,漢翔,36,10,26,群益金鼎-高雄,2023-03-13,9183
4304,勝昱,32,10,22,群益金鼎-高雄,2023-03-13,9183
2457,飛宏,158,137,21,群益金鼎-高雄,2023-03-13,9183
9941,裕融,20,0,20,群益金鼎-高雄,2023-03-13,9183
8940,新天地,20,0,20,群益金鼎-高雄,2023-03-13,9183
2637,慧洋-KY,19,0,19,群益金鼎-高雄,2023-03-13,9183
2014,中鴻,19,1,18,群益金鼎-高雄,2023-03-13,9183
4720,德淵,18,0,18,群益金鼎-高雄,2023-03-13,9183
00882,中信中國高股息,17,0,17,群益金鼎-高雄,2023-03-13,9183
9934,成霖,17,0,17,群益金鼎-高雄,2023-03-13,9183
2610,華航,26,10,16,群益金鼎-高雄,2023-03-13,9183
6235,華孚,75,59,16,群益金鼎-高雄,2023-03-13,9183
00712,復華富時不動產,15,0,15,群益金鼎-高雄,2023-03-13,9183
00665L,富邦�琤肭磪囓�2,15,0,15,群益金鼎-高雄,2023-03-13,9183
00642U,期元大S＆P石油,15,0,15,群益金鼎-高雄,2023-03-13,9183
1504,東元,21,6,15,群益金鼎-高雄,2023-03-13,9183
3682,亞太電,15,0,15,群益金鼎-高雄,2023-03-13,9183
6189,豐藝,15,0,15,群益金鼎-高雄,2023-03-13,9183
2388,威盛,21,7,14,群益金鼎-高雄,2023-03-13,9183
1584,精剛,23,9,14,群益金鼎-高雄,2023-03-13,9183
1314,中石化,13,0,13,群益金鼎-高雄,2023-03-13,9183
6841,長佳智能,12,0,12,群益金鼎-高雄,2023-03-13,9183
2888,新光金,12,0,12,群益金鼎-高雄,2023-03-13,9183
8936,國統,12,0,12,群益金鼎-高雄,2023-03-13,9183
5484,慧友,12,0,12,群益金鼎-高雄,2023-03-13,9183
3537,堡達,12,1,11,群益金鼎-高雄,2023-03-13,9183
3693,營邦,11,0,11,群益金鼎-高雄,2023-03-13,9183
9907,統一實,12,1,11,群益金鼎-高雄,2023-03-13,9183
00923,群益台ESG低碳50,35,24,11,群益金鼎-高雄,2023-03-13,9183
1709,和益,26,16,10,群益金鼎-高雄,2023-03-13,9183
2483,百容,10,0,10,群益金鼎-高雄,2023-03-13,9183
3038,全台,10,0,10,群益金鼎-高雄,2023-03-13,9183
4960,誠美材,10,0,10,群益金鼎-高雄,2023-03-13,9183
5353,台林,10,0,10,群益金鼎-高雄,2023-03-13,9183
00637L,元大滬深300正2,11,2,9,群益金鼎-高雄,2023-03-13,9183
00713,元大台灣高息低波,8,0,8,群益金鼎-高雄,2023-03-13,9183
00633L,富邦上証正2,8,0,8,群益金鼎-高雄,2023-03-13,9183
2208,台船,10,2,8,群益金鼎-高雄,2023-03-13,9183
2331,精英,11,3,8,群益金鼎-高雄,2023-03-13,9183
1447,力鵬,7,0,7,群益金鼎-高雄,2023-03-13,9183
2601,益航,9,2,7,群益金鼎-高雄,2023-03-13,9183
3441,聯一光,12,5,7,群益金鼎-高雄,2023-03-13,9183
6695,芯鼎,7,0,7,群益金鼎-高雄,2023-03-13,9183
2883B,凱基金乙特,950,0,950,群益金鼎-高雄,2023-03-14,9183
00878,國泰永續高股息,134,11,123,群益金鼎-高雄,2023-03-14,9183
2393,億光,111,0,111,群益金鼎-高雄,2023-03-14,9183
2618,長榮航,90,4,86,群益金鼎-高雄,2023-03-14,9183
00632R,元大台灣50反1,75,2,73,群益金鼎-高雄,2023-03-14,9183
4164,承業醫,73,0,73,群益金鼎-高雄,2023-03-14,9183
00773B,中信優先金融債,65,0,65,群益金鼎-高雄,2023-03-14,9183
2105,正新,65,0,65,群益金鼎-高雄,2023-03-14,9183
8070,長華*,56,0,56,群益金鼎-高雄,2023-03-14,9183
3693,營邦,53,0,53,群益金鼎-高雄,2023-03-14,9183
2883,凱基金,51,0,51,群益金鼎-高雄,2023-03-14,9183
2609,陽明,91,54,37,群益金鼎-高雄,2023-03-14,9183
2615,萬海,35,0,35,群益金鼎-高雄,2023-03-14,9183
00923,群益台ESG低碳50,48,20,28,群益金鼎-高雄,2023-03-14,9183
2303,聯電,38,12,26,群益金鼎-高雄,2023-03-14,9183
2028,威致,25,0,25,群益金鼎-高雄,2023-03-14,9183
2344,華邦電,53,30,23,群益金鼎-高雄,2023-03-14,9183
2409,友達,24,1,23,群益金鼎-高雄,2023-03-14,9183
3481,群創,25,2,23,群益金鼎-高雄,2023-03-14,9183
2495,普安,25,3,22,群益金鼎-高雄,2023-03-14,9183
2891,中信金,22,1,21,群益金鼎-高雄,2023-03-14,9183
1314,中石化,21,0,21,群益金鼎-高雄,2023-03-14,9183
1326,台化,22,2,20,群益金鼎-高雄,2023-03-14,9183
00751B,元大AAA至A公司債,20,0,20,群益金鼎-高雄,2023-03-14,9183
6153,嘉聯益,20,0,20,群益金鼎-高雄,2023-03-14,9183
00882,中信中國高股息,19,0,19,群益金鼎-高雄,2023-03-14,9183
00893,國泰智能電動車,29,10,19,群益金鼎-高雄,2023-03-14,9183
8927,北基,21,2,19,群益金鼎-高雄,2023-03-14,9183
2637,慧洋-KY,21,3,18,群益金鼎-高雄,2023-03-14,9183
6477,安集,18,0,18,群益金鼎-高雄,2023-03-14,9183
00715L,期街口布蘭特正2,17,0,17,群益金鼎-高雄,2023-03-14,9183
3017,奇鋐,20,3,17,群益金鼎-高雄,2023-03-14,9183
3221,台嘉碩,17,0,17,群益金鼎-高雄,2023-03-14,9183
00720B,元大投資級公司債,16,0,16,群益金鼎-高雄,2023-03-14,9183
2317,鴻海,19,4,15,群益金鼎-高雄,2023-03-14,9183
5483,中美晶,15,0,15,群益金鼎-高雄,2023-03-14,9183
2342,茂矽,14,0,14,群益金鼎-高雄,2023-03-14,9183
4720,德淵,14,0,14,群益金鼎-高雄,2023-03-14,9183
3441,聯一光,17,5,12,群益金鼎-高雄,2023-03-14,9183
2880,華南金,11,0,11,群益金鼎-高雄,2023-03-14,9183
00713,元大台灣高息低波,11,0,11,群益金鼎-高雄,2023-03-14,9183
1313,聯成,11,0,11,群益金鼎-高雄,2023-03-14,9183
1708,東鹼,11,0,11,群益金鼎-高雄,2023-03-14,9183
2206,三陽工業,11,0,11,群益金鼎-高雄,2023-03-14,9183
4915,致伸,11,0,11,群益金鼎-高雄,2023-03-14,9183
8933,愛地雅,11,0,11,群益金鼎-高雄,2023-03-14,9183
00900,富邦特選高股息30,10,0,10,群益金鼎-高雄,2023-03-14,9183
2328,廣宇,10,0,10,群益金鼎-高雄,2023-03-14,9183
2352,佳世達,10,0,10,群益金鼎-高雄,2023-03-14,9183
2897,王道銀行,10,0,10,群益金鼎-高雄,2023-03-14,9183
2883B,凱基金乙特,655,0,655,群益金鼎-高雄,2023-03-15,9183
1316,上曜,252,1,251,群益金鼎-高雄,2023-03-15,9183
6153,嘉聯益,251,40,211,群益金鼎-高雄,2023-03-15,9183
2888,新光金,64,0,64,群益金鼎-高雄,2023-03-15,9183
2885,元大金,55,2,53,群益金鼎-高雄,2023-03-15,9183
5608,四維航,53,7,46,群益金鼎-高雄,2023-03-15,9183
1504,東元,50,8,42,群益金鼎-高雄,2023-03-15,9183
00715L,期街口布蘭特正2,41,1,40,群益金鼎-高雄,2023-03-15,9183
2402,毅嘉,43,7,36,群益金鼎-高雄,2023-03-15,9183
00878,國泰永續高股息,27,1,26,群益金鼎-高雄,2023-03-15,9183
2883,凱基金,25,0,25,群益金鼎-高雄,2023-03-15,9183
2344,華邦電,24,0,24,群益金鼎-高雄,2023-03-15,9183
2891,中信金,24,0,24,群益金鼎-高雄,2023-03-15,9183
6695,芯鼎,22,0,22,群益金鼎-高雄,2023-03-15,9183
8390,金益鼎,20,0,20,群益金鼎-高雄,2023-03-15,9183
2886,兆豐金,20,1,19,群益金鼎-高雄,2023-03-15,9183
00885,富邦越南,18,0,18,群益金鼎-高雄,2023-03-15,9183
3693,營邦,17,0,17,群益金鼎-高雄,2023-03-15,9183
6125,廣運,43,26,17,群益金鼎-高雄,2023-03-15,9183
2363,矽統,15,0,15,群益金鼎-高雄,2023-03-15,9183
3548,兆利,15,0,15,群益金鼎-高雄,2023-03-15,9183
00919,群益台灣精選高息,13,0,13,群益金鼎-高雄,2023-03-15,9183
2329,華泰,14,1,13,群益金鼎-高雄,2023-03-15,9183
00713,元大台灣高息低波,12,0,12,群益金鼎-高雄,2023-03-15,9183
1712,興農,12,0,12,群益金鼎-高雄,2023-03-15,9183
2002,中鋼,20,8,12,群益金鼎-高雄,2023-03-15,9183
6116,彩晶,37,25,12,群益金鼎-高雄,2023-03-15,9183
3049,精金,28,17,11,群益金鼎-高雄,2023-03-15,9183
3413,京鼎,11,0,11,群益金鼎-高雄,2023-03-15,9183
4934,太極,27,16,11,群益金鼎-高雄,2023-03-15,9183
1101,台泥,10,0,10,群益金鼎-高雄,2023-03-15,9183
1301,台塑,10,0,10,群益金鼎-高雄,2023-03-15,9183
00720B,元大投資級公司債,10,0,10,群益金鼎-高雄,2023-03-15,9183
00712,復華富時不動產,10,0,10,群益金鼎-高雄,2023-03-15,9183
2023,燁輝,11,1,10,群益金鼎-高雄,2023-03-15,9183
2374,佳能,10,0,10,群益金鼎-高雄,2023-03-15,9183
2880,華南金,10,0,10,群益金鼎-高雄,2023-03-15,9183
3622,洋華,10,0,10,群益金鼎-高雄,2023-03-15,9183
4919,新唐,15,5,10,群益金鼎-高雄,2023-03-15,9183
4979,華星光,10,0,10,群益金鼎-高雄,2023-03-15,9183
6015,宏遠證,10,0,10,群益金鼎-高雄,2023-03-15,9183
911868,同方友友-DR,10,0,10,群益金鼎-高雄,2023-03-15,9183
2356,英業達,10,0,10,群益金鼎-高雄,2023-03-15,9183
2457,飛宏,84,75,9,群益金鼎-高雄,2023-03-15,9183
5371,中光電,10,1,9,群益金鼎-高雄,2023-03-15,9183
1514,亞力,8,0,8,群益金鼎-高雄,2023-03-15,9183
2201,裕隆,12,4,8,群益金鼎-高雄,2023-03-15,9183
2702,華園,8,0,8,群益金鼎-高雄,2023-03-15,9183
3234,光環,8,0,8,群益金鼎-高雄,2023-03-15,9183
3491,昇達科,33,25,8,群益金鼎-高雄,2023-03-15,9183
2883B,凱基金乙特,201,0,201,群益金鼎-高雄,2023-03-16,9183
6182,合晶,112,1,111,群益金鼎-高雄,2023-03-16,9183
2891,中信金,100,0,100,群益金鼎-高雄,2023-03-16,9183
2834,臺企銀,84,0,84,群益金鼎-高雄,2023-03-16,9183
00878,國泰永續高股息,61,6,55,群益金鼎-高雄,2023-03-16,9183
2017,官田鋼,53,0,53,群益金鼎-高雄,2023-03-16,9183
00642U,期元大S＆P石油,52,0,52,群益金鼎-高雄,2023-03-16,9183
2317,鴻海,64,13,51,群益金鼎-高雄,2023-03-16,9183
2633,台灣高鐵,50,0,50,群益金鼎-高雄,2023-03-16,9183
4953,緯軟,50,0,50,群益金鼎-高雄,2023-03-16,9183
2603,長榮,69,23,46,群益金鼎-高雄,2023-03-16,9183
2883,凱基金,46,0,46,群益金鼎-高雄,2023-03-16,9183
9945,潤泰新,111,68,43,群益金鼎-高雄,2023-03-16,9183
3548,兆利,42,0,42,群益金鼎-高雄,2023-03-16,9183
00715L,期街口布蘭特正2,59,22,37,群益金鼎-高雄,2023-03-16,9183
2618,長榮航,50,17,33,群益金鼎-高雄,2023-03-16,9183
00773B,中信優先金融債,30,0,30,群益金鼎-高雄,2023-03-16,9183
2609,陽明,40,11,29,群益金鼎-高雄,2023-03-16,9183
2027,大成鋼,23,1,22,群益金鼎-高雄,2023-03-16,9183
00900,富邦特選高股息30,20,0,20,群益金鼎-高雄,2023-03-16,9183
1219,福壽,20,0,20,群益金鼎-高雄,2023-03-16,9183
00676R,富邦臺灣加權反1,20,0,20,群益金鼎-高雄,2023-03-16,9183
00751B,元大AAA至A公司債,20,0,20,群益金鼎-高雄,2023-03-16,9183
6163,華電網,24,4,20,群益金鼎-高雄,2023-03-16,9183
8289,泰藝,20,0,20,群益金鼎-高雄,2023-03-16,9183
2457,飛宏,41,22,19,群益金鼎-高雄,2023-03-16,9183
1795,美時,39,21,18,群益金鼎-高雄,2023-03-16,9183
2882,國泰金,19,4,15,群益金鼎-高雄,2023-03-16,9183
2498,宏達電,41,26,15,群益金鼎-高雄,2023-03-16,9183
1905,華紙,15,0,15,群益金鼎-高雄,2023-03-16,9183
5905,南仁湖,15,0,15,群益金鼎-高雄,2023-03-16,9183
2886,兆豐金,16,2,14,群益金鼎-高雄,2023-03-16,9183
2867,三商壽,14,0,14,群益金鼎-高雄,2023-03-16,9183
6015,宏遠證,17,3,14,群益金鼎-高雄,2023-03-16,9183
9136,巨騰-DR,14,0,14,群益金鼎-高雄,2023-03-16,9183
2615,萬海,15,2,13,群益金鼎-高雄,2023-03-16,9183
2606,裕民,24,11,13,群益金鼎-高雄,2023-03-16,9183
2880,華南金,12,0,12,群益金鼎-高雄,2023-03-16,9183
3056,富華新,24,12,12,群益金鼎-高雄,2023-03-16,9183
2881,富邦金,11,0,11,群益金鼎-高雄,2023-03-16,9183
2897,王道銀行,11,0,11,群益金鼎-高雄,2023-03-16,9183
6233,旺玖,11,0,11,群益金鼎-高雄,2023-03-16,9183
1101,台泥,17,6,11,群益金鼎-高雄,2023-03-16,9183
00669R,國泰美國道瓊反1,10,0,10,群益金鼎-高雄,2023-03-16,9183
1712,興農,10,0,10,群益金鼎-高雄,2023-03-16,9183
1718,中纖,20,10,10,群益金鼎-高雄,2023-03-16,9183
1809,中釉,10,0,10,群益金鼎-高雄,2023-03-16,9183
2323,中環,10,0,10,群益金鼎-高雄,2023-03-16,9183
3044,健鼎,10,0,10,群益金鼎-高雄,2023-03-16,9183
3494,誠研,10,0,10,群益金鼎-高雄,2023-03-16,9183
2834,臺企銀,57,0,57,群益金鼎-高雄,2023-03-17,9183
2534,宏盛,50,0,50,群益金鼎-高雄,2023-03-17,9183
2883B,凱基金乙特,45,5,40,群益金鼎-高雄,2023-03-17,9183
8070,長華*,40,0,40,群益金鼎-高雄,2023-03-17,9183
00878,國泰永續高股息,45,6,39,群益金鼎-高雄,2023-03-17,9183
2330,台積電,52,13,39,群益金鼎-高雄,2023-03-17,9183
5483,中美晶,37,2,35,群益金鼎-高雄,2023-03-17,9183
00642U,期元大S＆P石油,29,0,29,群益金鼎-高雄,2023-03-17,9183
2891,中信金,25,0,25,群益金鼎-高雄,2023-03-17,9183
2313,華通,23,0,23,群益金鼎-高雄,2023-03-17,9183
0056,元大高股息,22,0,22,群益金鼎-高雄,2023-03-17,9183
2344,華邦電,22,2,20,群益金鼎-高雄,2023-03-17,9183
6153,嘉聯益,20,0,20,群益金鼎-高雄,2023-03-17,9183
6163,華電網,80,60,20,群益金鼎-高雄,2023-03-17,9183
8390,金益鼎,20,0,20,群益金鼎-高雄,2023-03-17,9183
9941,裕融,20,0,20,群益金鼎-高雄,2023-03-17,9183
3576,聯合再生,32,15,17,群益金鼎-高雄,2023-03-17,9183
2606,裕民,22,5,17,群益金鼎-高雄,2023-03-17,9183
3624,光頡,73,56,17,群益金鼎-高雄,2023-03-17,9183
00632R,元大台灣50反1,15,0,15,群益金鼎-高雄,2023-03-17,9183
2888,新光金,15,0,15,群益金鼎-高雄,2023-03-17,9183
3441,聯一光,18,4,14,群益金鼎-高雄,2023-03-17,9183
00713,元大台灣高息低波,13,0,13,群益金鼎-高雄,2023-03-17,9183
9904,寶成,13,0,13,群益金鼎-高雄,2023-03-17,9183
2601,益航,25,12,13,群益金鼎-高雄,2023-03-17,9183
2883,凱基金,44,31,13,群益金鼎-高雄,2023-03-17,9183
2881,富邦金,13,1,12,群益金鼎-高雄,2023-03-17,9183
6282,康舒,13,1,12,群益金鼎-高雄,2023-03-17,9183
3712,永崴投控,11,0,11,群益金鼎-高雄,2023-03-17,9183
1309,台達化,11,0,11,群益金鼎-高雄,2023-03-17,9183
00637L,元大滬深300正2,13,2,11,群益金鼎-高雄,2023-03-17,9183
00720B,元大投資級公司債,10,0,10,群益金鼎-高雄,2023-03-17,9183
2023,燁輝,11,1,10,群益金鼎-高雄,2023-03-17,9183
2393,億光,10,0,10,群益金鼎-高雄,2023-03-17,9183
2419,仲琦,10,0,10,群益金鼎-高雄,2023-03-17,9183
2890,永豐金,10,0,10,群益金鼎-高雄,2023-03-17,9183
1708,東鹼,10,1,9,群益金鼎-高雄,2023-03-17,9183
1713,國化,9,0,9,群益金鼎-高雄,2023-03-17,9183
2884,玉山金,9,0,9,群益金鼎-高雄,2023-03-17,9183
6235,華孚,26,18,8,群益金鼎-高雄,2023-03-17,9183
00715L,期街口布蘭特正2,10,2,8,群益金鼎-高雄,2023-03-17,9183
2014,中鴻,14,6,8,群益金鼎-高雄,2023-03-17,9183
2302,麗正,13,5,8,群益金鼎-高雄,2023-03-17,9183
00885,富邦越南,7,0,7,群益金鼎-高雄,2023-03-17,9183
1101,台泥,9,2,7,群益金鼎-高雄,2023-03-17,9183
2388,威盛,13,6,7,群益金鼎-高雄,2023-03-17,9183
2610,華航,9,2,7,群益金鼎-高雄,2023-03-17,9183
2939,永邑-KY,7,0,7,群益金鼎-高雄,2023-03-17,9183
00679B,元大美債20年,6,0,6,群益金鼎-高雄,2023-03-17,9183
00712,復華富時不動產,6,0,6,群益金鼎-高雄,2023-03-17,9183
2883B,凱基金乙特,150,0,150,群益金鼎-高雄,2023-03-20,9183
9945,潤泰新,126,36,90,群益金鼎-高雄,2023-03-20,9183
2393,億光,76,0,76,群益金鼎-高雄,2023-03-20,9183
00720B,元大投資級公司債,49,0,49,群益金鼎-高雄,2023-03-20,9183
00773B,中信優先金融債,45,6,39,群益金鼎-高雄,2023-03-20,9183
00753L,中信中國50正2,39,2,37,群益金鼎-高雄,2023-03-20,9183
2883,凱基金,46,10,36,群益金鼎-高雄,2023-03-20,9183
00878,國泰永續高股息,33,0,33,群益金鼎-高雄,2023-03-20,9183
8222,寶一,45,14,31,群益金鼎-高雄,2023-03-20,9183
00637L,元大滬深300正2,36,7,29,群益金鼎-高雄,2023-03-20,9183
1314,中石化,30,1,29,群益金鼎-高雄,2023-03-20,9183
2486,一詮,31,3,28,群益金鼎-高雄,2023-03-20,9183
2002,中鋼,22,2,20,群益金鼎-高雄,2023-03-20,9183
6188,廣明,20,0,20,群益金鼎-高雄,2023-03-20,9183
6830,汎銓,20,0,20,群益金鼎-高雄,2023-03-20,9183
2891,中信金,23,6,17,群益金鼎-高雄,2023-03-20,9183
00885,富邦越南,15,0,15,群益金鼎-高雄,2023-03-20,9183
1789,神隆,15,0,15,群益金鼎-高雄,2023-03-20,9183
3491,昇達科,24,10,14,群益金鼎-高雄,2023-03-20,9183
6116,彩晶,17,3,14,群益金鼎-高雄,2023-03-20,9183
1519,華城,44,31,13,群益金鼎-高雄,2023-03-20,9183
2014,中鴻,13,0,13,群益金鼎-高雄,2023-03-20,9183
3481,群創,26,13,13,群益金鼎-高雄,2023-03-20,9183
6264,富裔,11,0,11,群益金鼎-高雄,2023-03-20,9183
1316,上曜,10,0,10,群益金鼎-高雄,2023-03-20,9183
2340,台亞,21,11,10,群益金鼎-高雄,2023-03-20,9183
2534,宏盛,10,0,10,群益金鼎-高雄,2023-03-20,9183
2537,聯上發,10,0,10,群益金鼎-高雄,2023-03-20,9183
4934,太極,17,7,10,群益金鼎-高雄,2023-03-20,9183
6248,沛波,10,0,10,群益金鼎-高雄,2023-03-20,9183
8926,台汽電,10,0,10,群益金鼎-高雄,2023-03-20,9183
1303,南亞,9,0,9,群益金鼎-高雄,2023-03-20,9183
2892,第一金,9,0,9,群益金鼎-高雄,2023-03-20,9183
4916,事欣科,12,3,9,群益金鼎-高雄,2023-03-20,9183
9934,成霖,9,0,9,群益金鼎-高雄,2023-03-20,9183
6244,茂迪,122,114,8,群益金鼎-高雄,2023-03-20,9183
1722,台肥,10,2,8,群益金鼎-高雄,2023-03-20,9183
2027,大成鋼,9,1,8,群益金鼎-高雄,2023-03-20,9183
2353,宏��,11,3,8,群益金鼎-高雄,2023-03-20,9183
2881,富邦金,7,0,7,群益金鼎-高雄,2023-03-20,9183
2618,長榮航,11,4,7,群益金鼎-高雄,2023-03-20,9183
00902,中信電池及儲能,7,0,7,群益金鼎-高雄,2023-03-20,9183
2457,飛宏,35,28,7,群益金鼎-高雄,2023-03-20,9183
2913,農林,7,0,7,群益金鼎-高雄,2023-03-20,9183
3035,智原,10,3,7,群益金鼎-高雄,2023-03-20,9183
6231,系微,21,14,7,群益金鼎-高雄,2023-03-20,9183
6477,安集,9,2,7,群益金鼎-高雄,2023-03-20,9183
6546,正基,7,0,7,群益金鼎-高雄,2023-03-20,9183
6715,嘉基,17,10,7,群益金鼎-高雄,2023-03-20,9183
6841,長佳智能,8,1,7,群益金鼎-高雄,2023-03-20,9183
3094,聯傑,155,29,126,群益金鼎-高雄,2023-03-21,9183
3673,TPK-KY,100,0,100,群益金鼎-高雄,2023-03-21,9183
3548,兆利,65,0,65,群益金鼎-高雄,2023-03-21,9183
00772B,中信高評級公司債,41,0,41,群益金鼎-高雄,2023-03-21,9183
6863,永道-KY,34,0,34,群益金鼎-高雄,2023-03-21,9183
6153,嘉聯益,30,0,30,群益金鼎-高雄,2023-03-21,9183
6288,聯嘉,40,11,29,群益金鼎-高雄,2023-03-21,9183
6443,元晶,33,8,25,群益金鼎-高雄,2023-03-21,9183
00885,富邦越南,24,0,24,群益金鼎-高雄,2023-03-21,9183
2303,聯電,27,5,22,群益金鼎-高雄,2023-03-21,9183
2537,聯上發,22,0,22,群益金鼎-高雄,2023-03-21,9183
2393,億光,21,0,21,群益金鼎-高雄,2023-03-21,9183
2007,燁興,21,1,20,群益金鼎-高雄,2023-03-21,9183
2027,大成鋼,21,1,20,群益金鼎-高雄,2023-03-21,9183
1708,東鹼,20,1,19,群益金鼎-高雄,2023-03-21,9183
3322,建舜電,20,2,18,群益金鼎-高雄,2023-03-21,9183
00713,元大台灣高息低波,17,0,17,群益金鼎-高雄,2023-03-21,9183
9105,泰金寶-DR,17,0,17,群益金鼎-高雄,2023-03-21,9183
5425,台半,47,31,16,群益金鼎-高雄,2023-03-21,9183
1611,中電,17,2,15,群益金鼎-高雄,2023-03-21,9183
3047,訊舟,14,0,14,群益金鼎-高雄,2023-03-21,9183
3481,群創,23,9,14,群益金鼎-高雄,2023-03-21,9183
6264,富裔,14,0,14,群益金鼎-高雄,2023-03-21,9183
1603,華電,17,4,13,群益金鼎-高雄,2023-03-21,9183
00878,國泰永續高股息,15,3,12,群益金鼎-高雄,2023-03-21,9183
2443,昶虹,12,0,12,群益金鼎-高雄,2023-03-21,9183
5011,久陽,12,0,12,群益金鼎-高雄,2023-03-21,9183
4960,誠美材,14,3,11,群益金鼎-高雄,2023-03-21,9183
00720B,元大投資級公司債,10,0,10,群益金鼎-高雄,2023-03-21,9183
1313,聯成,10,0,10,群益金鼎-高雄,2023-03-21,9183
2834,臺企銀,13,3,10,群益金鼎-高雄,2023-03-21,9183
3491,昇達科,20,10,10,群益金鼎-高雄,2023-03-21,9183
4105,東洋,10,0,10,群益金鼎-高雄,2023-03-21,9183
5015,華祺,11,1,10,群益金鼎-高雄,2023-03-21,9183
6116,彩晶,14,5,9,群益金鼎-高雄,2023-03-21,9183
6667,信紘科,9,0,9,群益金鼎-高雄,2023-03-21,9183
8016,矽創,9,0,9,群益金鼎-高雄,2023-03-21,9183
6244,茂迪,51,43,8,群益金鼎-高雄,2023-03-21,9183
2891,中信金,18,10,8,群益金鼎-高雄,2023-03-21,9183
1417,嘉裕,8,0,8,群益金鼎-高雄,2023-03-21,9183
00712,復華富時不動產,15,7,8,群益金鼎-高雄,2023-03-21,9183
3711,日月光投控,8,0,8,群益金鼎-高雄,2023-03-21,9183
6188,廣明,12,4,8,群益金鼎-高雄,2023-03-21,9183
8926,台汽電,15,7,8,群益金鼎-高雄,2023-03-21,9183
2882,國泰金,17,10,7,群益金鼎-高雄,2023-03-21,9183
00679B,元大美債20年,7,0,7,群益金鼎-高雄,2023-03-21,9183
6531,愛普*,12,5,7,群益金鼎-高雄,2023-03-21,9183
00897,富邦基因免疫生技,7,0,7,群益金鼎-高雄,2023-03-21,9183
1101,台泥,8,1,7,群益金鼎-高雄,2023-03-21,9183
2413,環科,7,0,7,群益金鼎-高雄,2023-03-21,9183
00632R,元大台灣50反1,157,0,157,群益金鼎-高雄,2023-03-22,9183
6153,嘉聯益,289,189,100,群益金鼎-高雄,2023-03-22,9183
3038,全台,115,22,93,群益金鼎-高雄,2023-03-22,9183
3673,TPK-KY,90,0,90,群益金鼎-高雄,2023-03-22,9183
8289,泰藝,119,58,61,群益金鼎-高雄,2023-03-22,9183
2535,達欣工,60,0,60,群益金鼎-高雄,2023-03-22,9183
3207,耀勝,63,5,58,群益金鼎-高雄,2023-03-22,9183
2633,台灣高鐵,51,0,51,群益金鼎-高雄,2023-03-22,9183
2880,華南金,44,2,42,群益金鼎-高雄,2023-03-22,9183
00642U,期元大S＆P石油,33,0,33,群益金鼎-高雄,2023-03-22,9183
8070,長華*,32,1,31,群益金鼎-高雄,2023-03-22,9183
2645,長榮航太,31,1,30,群益金鼎-高雄,2023-03-22,9183
2302,麗正,36,7,29,群益金鼎-高雄,2023-03-22,9183
3481,群創,27,1,26,群益金鼎-高雄,2023-03-22,9183
2884,玉山金,31,5,26,群益金鼎-高雄,2023-03-22,9183
6164,華興,20,0,20,群益金鼎-高雄,2023-03-22,9183
6613,朋億*,20,0,20,群益金鼎-高雄,2023-03-22,9183
4306,炎洲,24,5,19,群益金鼎-高雄,2023-03-22,9183
3576,聯合再生,18,0,18,群益金鼎-高雄,2023-03-22,9183
4550,長佳,17,0,17,群益金鼎-高雄,2023-03-22,9183
1786,科妍,14,0,14,群益金鼎-高雄,2023-03-22,9183
2014,中鴻,21,7,14,群益金鼎-高雄,2023-03-22,9183
00715L,期街口布蘭特正2,15,2,13,群益金鼎-高雄,2023-03-22,9183
00712,復華富時不動產,12,0,12,群益金鼎-高雄,2023-03-22,9183
2481,強茂,13,1,12,群益金鼎-高雄,2023-03-22,9183
3705,永信,13,1,12,群益金鼎-高雄,2023-03-22,9183
6264,富裔,12,0,12,群益金鼎-高雄,2023-03-22,9183
6285,啟��,14,2,12,群益金鼎-高雄,2023-03-22,9183
00679B,元大美債20年,10,0,10,群益金鼎-高雄,2023-03-22,9183
3189,景碩,12,2,10,群益金鼎-高雄,2023-03-22,9183
3535,晶彩科,10,0,10,群益金鼎-高雄,2023-03-22,9183
2457,飛宏,52,43,9,群益金鼎-高雄,2023-03-22,9183
3362,先進光,8,0,8,群益金鼎-高雄,2023-03-22,9183
6109,亞元,9,1,8,群益金鼎-高雄,2023-03-22,9183
5512,力麒,8,0,8,群益金鼎-高雄,2023-03-22,9183
4934,太極,9,1,8,群益金鼎-高雄,2023-03-22,9183
6697,東捷資訊,8,0,8,群益金鼎-高雄,2023-03-22,9183
1514,亞力,10,3,7,群益金鼎-高雄,2023-03-22,9183
8927,北基,7,0,7,群益金鼎-高雄,2023-03-22,9183
2409,友達,7,0,7,群益金鼎-高雄,2023-03-22,9183
8996,高力,17,10,7,群益金鼎-高雄,2023-03-22,9183
2359,所羅門,11,4,7,群益金鼎-高雄,2023-03-22,9183
1789,神隆,6,0,6,群益金鼎-高雄,2023-03-22,9183
2443,昶虹,6,0,6,群益金鼎-高雄,2023-03-22,9183
2453,凌群,38,32,6,群益金鼎-高雄,2023-03-22,9183
3011,今皓,8,2,6,群益金鼎-高雄,2023-03-22,9183
3028,增你強,6,0,6,群益金鼎-高雄,2023-03-22,9183
5258,虹堡,8,2,6,群益金鼎-高雄,2023-03-22,9183
9136,巨騰-DR,10,4,6,群益金鼎-高雄,2023-03-22,9183
9945,潤泰新,8,2,6,群益金鼎-高雄,2023-03-22,9183
6134,萬旭,182,9,173,群益金鼎-高雄,2023-03-23,9183
2349,錸德,100,0,100,群益金鼎-高雄,2023-03-23,9183
2734,易飛網,100,0,100,群益金鼎-高雄,2023-03-23,9183
3092,鴻碩,60,0,60,群益金鼎-高雄,2023-03-23,9183
6153,嘉聯益,53,1,52,群益金鼎-高雄,2023-03-23,9183
9933,中鼎,51,0,51,群益金鼎-高雄,2023-03-23,9183
3481,群創,63,14,49,群益金鼎-高雄,2023-03-23,9183
6613,朋億*,47,0,47,群益金鼎-高雄,2023-03-23,9183
00897,富邦基因免疫生技,40,0,40,群益金鼎-高雄,2023-03-23,9183
1218,泰山,30,0,30,群益金鼎-高雄,2023-03-23,9183
6282,康舒,35,5,30,群益金鼎-高雄,2023-03-23,9183
9904,寶成,30,0,30,群益金鼎-高雄,2023-03-23,9183
5211,蒙恬,28,2,26,群益金鼎-高雄,2023-03-23,9183
2547,日勝生,25,1,24,群益金鼎-高雄,2023-03-23,9183
6417,韋僑,35,11,24,群益金鼎-高雄,2023-03-23,9183
1708,東鹼,22,0,22,群益金鼎-高雄,2023-03-23,9183
4550,長佳,17,1,16,群益金鼎-高雄,2023-03-23,9183
2014,中鴻,21,6,15,群益金鼎-高雄,2023-03-23,9183
1513,中興電,18,3,15,群益金鼎-高雄,2023-03-23,9183
2356,英業達,22,8,14,群益金鼎-高雄,2023-03-23,9183
1524,耿鼎,20,6,14,群益金鼎-高雄,2023-03-23,9183
3306,鼎天,14,0,14,群益金鼎-高雄,2023-03-23,9183
5340,建榮,14,0,14,群益金鼎-高雄,2023-03-23,9183
2753,八方雲集,13,0,13,群益金鼎-高雄,2023-03-23,9183
9945,潤泰新,12,1,11,群益金鼎-高雄,2023-03-23,9183
3710,連展投控,14,3,11,群益金鼎-高雄,2023-03-23,9183
6695,芯鼎,11,0,11,群益金鼎-高雄,2023-03-23,9183
8069,元太,16,5,11,群益金鼎-高雄,2023-03-23,9183
3322,建舜電,48,37,11,群益金鼎-高雄,2023-03-23,9183
00907,永豐優息存股,10,0,10,群益金鼎-高雄,2023-03-23,9183
00655L,國泰中國A50正2,10,0,10,群益金鼎-高雄,2023-03-23,9183
1312,國喬,10,0,10,群益金鼎-高雄,2023-03-23,9183
2485,兆赫,10,0,10,群益金鼎-高雄,2023-03-23,9183
3494,誠研,10,0,10,群益金鼎-高雄,2023-03-23,9183
9928,中視,10,0,10,群益金鼎-高雄,2023-03-23,9183
2399,映泰,10,1,9,群益金鼎-高雄,2023-03-23,9183
2482,連宇,26,17,9,群益金鼎-高雄,2023-03-23,9183
3491,昇達科,76,67,9,群益金鼎-高雄,2023-03-23,9183
6266,泰詠,11,2,9,群益金鼎-高雄,2023-03-23,9183
00713,元大台灣高息低波,8,0,8,群益金鼎-高雄,2023-03-23,9183
2732,六角,8,0,8,群益金鼎-高雄,2023-03-23,9183
3499,環天科,13,5,8,群益金鼎-高雄,2023-03-23,9183
2609,陽明,14,7,7,群益金鼎-高雄,2023-03-23,9183
00772B,中信高評級公司債,7,0,7,群益金鼎-高雄,2023-03-23,9183
2419,仲琦,7,0,7,群益金鼎-高雄,2023-03-23,9183
2457,飛宏,30,23,7,群益金鼎-高雄,2023-03-23,9183
3217,優群,12,5,7,群益金鼎-高雄,2023-03-23,9183
4503,金雨,7,0,7,群益金鼎-高雄,2023-03-23,9183
5351,鈺創,15,8,7,群益金鼎-高雄,2023-03-23,9183
6863,永道-KY,11,4,7,群益金鼎-高雄,2023-03-23,9183
2883B,凱基金乙特,1001,0,1001,群益金鼎-高雄,2023-03-24,9183
3715,定穎投控,105,29,76,群益金鼎-高雄,2023-03-24,9183
8390,金益鼎,60,0,60,群益金鼎-高雄,2023-03-24,9183
2106,建大,50,0,50,群益金鼎-高雄,2023-03-24,9183
2103,台橡,30,0,30,群益金鼎-高雄,2023-03-24,9183
5512,力麒,30,0,30,群益金鼎-高雄,2023-03-24,9183
1326,台化,29,0,29,群益金鼎-高雄,2023-03-24,9183
00632R,元大台灣50反1,47,19,28,群益金鼎-高雄,2023-03-24,9183
2883,凱基金,31,5,26,群益金鼎-高雄,2023-03-24,9183
2303,聯電,27,6,21,群益金鼎-高雄,2023-03-24,9183
6188,廣明,21,1,20,群益金鼎-高雄,2023-03-24,9183
6285,啟��,23,3,20,群益金鼎-高雄,2023-03-24,9183
6153,嘉聯益,20,1,19,群益金鼎-高雄,2023-03-24,9183
00897,富邦基因免疫生技,18,0,18,群益金鼎-高雄,2023-03-24,9183
1609,大亞,40,24,16,群益金鼎-高雄,2023-03-24,9183
3189,景碩,19,4,15,群益金鼎-高雄,2023-03-24,9183
2323,中環,21,6,15,群益金鼎-高雄,2023-03-24,9183
1438,三地開發,15,0,15,群益金鼎-高雄,2023-03-24,9183
2882,國泰金,20,6,14,群益金鼎-高雄,2023-03-24,9183
00712,復華富時不動產,15,0,15,群益金鼎-高雄,2023-03-24,9183
00893,國泰智能電動車,14,0,14,群益金鼎-高雄,2023-03-24,9183
4720,德淵,14,0,14,群益金鼎-高雄,2023-03-24,9183
8938,明安,14,0,14,群益金鼎-高雄,2023-03-24,9183
1605,華新,28,14,14,群益金鼎-高雄,2023-03-24,9183
5203,訊連,22,9,13,群益金鼎-高雄,2023-03-24,9183
6695,芯鼎,13,0,13,群益金鼎-高雄,2023-03-24,9183
00679B,元大美債20年,13,1,12,群益金鼎-高雄,2023-03-24,9183
2402,毅嘉,72,60,12,群益金鼎-高雄,2023-03-24,9183
3013,晟銘電,21,9,12,群益金鼎-高雄,2023-03-24,9183
6443,元晶,14,3,11,群益金鼎-高雄,2023-03-24,9183
8358,金居,11,0,11,群益金鼎-高雄,2023-03-24,9183
1102,亞泥,10,0,10,群益金鼎-高雄,2023-03-24,9183
00717,富邦美國特別股,10,0,10,群益金鼎-高雄,2023-03-24,9183
1314,中石化,10,0,10,群益金鼎-高雄,2023-03-24,9183
2208,台船,10,0,10,群益金鼎-高雄,2023-03-24,9183
2362,藍天,10,0,10,群益金鼎-高雄,2023-03-24,9183
2645,長榮航太,10,0,10,群益金鼎-高雄,2023-03-24,9183
2734,易飛網,10,0,10,群益金鼎-高雄,2023-03-24,9183
2891,中信金,9,0,9,群益金鼎-高雄,2023-03-24,9183
3432,台端,9,0,9,群益金鼎-高雄,2023-03-24,9183
4967,十銓,15,6,9,群益金鼎-高雄,2023-03-24,9183
4702,中美實,8,0,8,群益金鼎-高雄,2023-03-24,9183
6220,岳豐,8,0,8,群益金鼎-高雄,2023-03-24,9183
6243,迅杰,10,2,8,群益金鼎-高雄,2023-03-24,9183
00720B,元大投資級公司債,7,0,7,群益金鼎-高雄,2023-03-24,9183
3047,訊舟,7,0,7,群益金鼎-高雄,2023-03-24,9183
3362,先進光,7,0,7,群益金鼎-高雄,2023-03-24,9183
3438,類比科,7,0,7,群益金鼎-高雄,2023-03-24,9183
3548,兆利,10,3,7,群益金鼎-高雄,2023-03-24,9183
6806,森崴能源,11,4,7,群益金鼎-高雄,2023-03-24,9183
2393,億光,252,0,252,群益金鼎-高雄,2023-03-27,9183
2349,錸德,70,0,70,群益金鼎-高雄,2023-03-27,9183
2890,永豐金,61,1,60,群益金鼎-高雄,2023-03-27,9183
8070,長華*,94,38,56,群益金鼎-高雄,2023-03-27,9183
00632R,元大台灣50反1,47,0,47,群益金鼎-高雄,2023-03-27,9183
2344,華邦電,63,20,43,群益金鼎-高雄,2023-03-27,9183
00753L,中信中國50正2,52,10,42,群益金鼎-高雄,2023-03-27,9183
3049,精金,70,30,40,群益金鼎-高雄,2023-03-27,9183
6695,芯鼎,38,0,38,群益金鼎-高雄,2023-03-27,9183
1504,東元,71,35,36,群益金鼎-高雄,2023-03-27,9183
0050,元大台灣50,35,1,34,群益金鼎-高雄,2023-03-27,9183
00878,國泰永續高股息,32,1,31,群益金鼎-高雄,2023-03-27,9183
5353,台林,29,0,29,群益金鼎-高雄,2023-03-27,9183
00882,中信中國高股息,24,0,24,群益金鼎-高雄,2023-03-27,9183
6153,嘉聯益,96,73,23,群益金鼎-高雄,2023-03-27,9183
2886,兆豐金,24,1,23,群益金鼎-高雄,2023-03-27,9183
3035,智原,23,5,18,群益金鼎-高雄,2023-03-27,9183
8050,廣積,19,1,18,群益金鼎-高雄,2023-03-27,9183
3714,富采,24,7,17,群益金鼎-高雄,2023-03-27,9183
00713,元大台灣高息低波,15,0,15,群益金鼎-高雄,2023-03-27,9183
00772B,中信高評級公司債,12,0,12,群益金鼎-高雄,2023-03-27,9183
6129,普誠,12,0,12,群益金鼎-高雄,2023-03-27,9183
6288,聯嘉,65,53,12,群益金鼎-高雄,2023-03-27,9183
00679B,元大美債20年,11,0,11,群益金鼎-高雄,2023-03-27,9183
4720,德淵,11,0,11,群益金鼎-高雄,2023-03-27,9183
5351,鈺創,16,5,11,群益金鼎-高雄,2023-03-27,9183
6770,力積電,11,0,11,群益金鼎-高雄,2023-03-27,9183
8121,越峰,11,0,11,群益金鼎-高雄,2023-03-27,9183
1605,華新,17,7,10,群益金鼎-高雄,2023-03-27,9183
1310,台苯,10,0,10,群益金鼎-高雄,2023-03-27,9183
1721,三晃,10,0,10,群益金鼎-高雄,2023-03-27,9183
2114,鑫永銓,10,0,10,群益金鼎-高雄,2023-03-27,9183
2495,普安,10,0,10,群益金鼎-高雄,2023-03-27,9183
2734,易飛網,10,0,10,群益金鼎-高雄,2023-03-27,9183
4716,大立,10,0,10,群益金鼎-高雄,2023-03-27,9183
8086,宏捷科,12,2,10,群益金鼎-高雄,2023-03-27,9183
2457,飛宏,30,21,9,群益金鼎-高雄,2023-03-27,9183
3494,誠研,9,0,9,群益金鼎-高雄,2023-03-27,9183
2476,鉅祥,8,0,8,群益金鼎-高雄,2023-03-27,9183
00740B,富邦全球投等債,10,2,8,群益金鼎-高雄,2023-03-27,9183
2834,臺企銀,9,1,8,群益金鼎-高雄,2023-03-27,9183
3264,欣銓,8,0,8,群益金鼎-高雄,2023-03-27,9183
3481,群創,8,0,8,群益金鼎-高雄,2023-03-27,9183
8171,天宇,8,0,8,群益金鼎-高雄,2023-03-27,9183
00922,國泰台灣領袖50,7,0,7,群益金鼎-高雄,2023-03-27,9183
2106,建大,7,0,7,群益金鼎-高雄,2023-03-27,9183
6223,旺矽,7,0,7,群益金鼎-高雄,2023-03-27,9183
8234,新漢,7,0,7,群益金鼎-高雄,2023-03-27,9183
00712,復華富時不動產,6,0,6,群益金鼎-高雄,2023-03-27,9183
2330,台積電,6,0,6,群益金鼎-高雄,2023-03-27,9183
2535,達欣工,323,0,323,群益金鼎-高雄,2023-03-28,9183
3673,TPK-KY,60,0,60,群益金鼎-高雄,2023-03-28,9183
00905,FT臺灣Smart,50,0,50,群益金鼎-高雄,2023-03-28,9183
2014,中鴻,44,0,44,群益金鼎-高雄,2023-03-28,9183
00679B,元大美債20年,41,0,41,群益金鼎-高雄,2023-03-28,9183
6698,旭暉應材,63,29,34,群益金鼎-高雄,2023-03-28,9183
2344,華邦電,44,13,31,群益金鼎-高雄,2023-03-28,9183
00900,富邦特選高股息30,30,0,30,群益金鼎-高雄,2023-03-28,9183
5512,力麒,30,0,30,群益金鼎-高雄,2023-03-28,9183
3035,智原,71,45,26,群益金鼎-高雄,2023-03-28,9183
6244,茂迪,36,10,26,群益金鼎-高雄,2023-03-28,9183
1605,華新,37,12,25,群益金鼎-高雄,2023-03-28,9183
6168,宏齊,29,6,23,群益金鼎-高雄,2023-03-28,9183
2498,宏達電,22,1,21,群益金鼎-高雄,2023-03-28,9183
1584,精剛,56,35,21,群益金鼎-高雄,2023-03-28,9183
2439,美律,20,0,20,群益金鼎-高雄,2023-03-28,9183
00773B,中信優先金融債,17,0,17,群益金鼎-高雄,2023-03-28,9183
3013,晟銘電,17,0,17,群益金鼎-高雄,2023-03-28,9183
3049,精金,26,10,16,群益金鼎-高雄,2023-03-28,9183
2402,毅嘉,21,6,15,群益金鼎-高雄,2023-03-28,9183
3481,群創,16,2,14,群益金鼎-高雄,2023-03-28,9183
3037,欣興,16,3,13,群益金鼎-高雄,2023-03-28,9183
9921,巨大,13,0,13,群益金鼎-高雄,2023-03-28,9183
8038,長園科,13,0,13,群益金鼎-高雄,2023-03-28,9183
5425,台半,20,8,12,群益金鼎-高雄,2023-03-28,9183
1609,大亞,23,12,11,群益金鼎-高雄,2023-03-28,9183
4720,德淵,11,0,11,群益金鼎-高雄,2023-03-28,9183
2323,中環,10,0,10,群益金鼎-高雄,2023-03-28,9183
00676R,富邦臺灣加權反1,10,0,10,群益金鼎-高雄,2023-03-28,9183
1304,台聚,10,0,10,群益金鼎-高雄,2023-03-28,9183
1701,中化,10,0,10,群益金鼎-高雄,2023-03-28,9183
1905,華紙,10,0,10,群益金鼎-高雄,2023-03-28,9183
2734,易飛網,10,0,10,群益金鼎-高雄,2023-03-28,9183
3011,今皓,20,10,10,群益金鼎-高雄,2023-03-28,9183
3231,緯創,21,11,10,群益金鼎-高雄,2023-03-28,9183
6104,創惟,14,4,10,群益金鼎-高雄,2023-03-28,9183
2340,台亞,30,21,9,群益金鼎-高雄,2023-03-28,9183
6125,廣運,11,2,9,群益金鼎-高雄,2023-03-28,9183
00923,群益台ESG低碳50,18,10,8,群益金鼎-高雄,2023-03-28,9183
5222,全訊,11,3,8,群益金鼎-高雄,2023-03-28,9183
5465,富驊,10,2,8,群益金鼎-高雄,2023-03-28,9183
00922,國泰台灣領袖50,7,0,7,群益金鼎-高雄,2023-03-28,9183
1437,勤益控,7,0,7,群益金鼎-高雄,2023-03-28,9183
2204,中華,13,6,7,群益金鼎-高雄,2023-03-28,9183
2337,旺宏,11,4,7,群益金鼎-高雄,2023-03-28,9183
2408,南亞科,9,2,7,群益金鼎-高雄,2023-03-28,9183
5225,東科-KY,10,3,7,群益金鼎-高雄,2023-03-28,9183
8933,愛地雅,7,0,7,群益金鼎-高雄,2023-03-28,9183
2303,聯電,18,11,7,群益金鼎-高雄,2023-03-28,9183
2603,長榮,12,6,6,群益金鼎-高雄,2023-03-28,9183
3231,緯創,144,5,139,群益金鼎-高雄,2023-03-29,9183
2535,達欣工,80,0,80,群益金鼎-高雄,2023-03-29,9183
3035,智原,77,12,65,群益金鼎-高雄,2023-03-29,9183
6153,嘉聯益,40,0,40,群益金鼎-高雄,2023-03-29,9183
3447,展達,37,3,34,群益金鼎-高雄,2023-03-29,9183
2897,王道銀行,30,0,30,群益金鼎-高雄,2023-03-29,9183
6669,緯穎,30,0,30,群益金鼎-高雄,2023-03-29,9183
1504,東元,78,51,27,群益金鼎-高雄,2023-03-29,9183
8931,大汽電,26,0,26,群益金鼎-高雄,2023-03-29,9183
00900,富邦特選高股息30,23,0,23,群益金鼎-高雄,2023-03-29,9183
2886,兆豐金,31,10,21,群益金鼎-高雄,2023-03-29,9183
2303,聯電,36,18,18,群益金鼎-高雄,2023-03-29,9183
1522,堤維西,18,1,17,群益金鼎-高雄,2023-03-29,9183
8442,威宏-KY,16,0,16,群益金鼎-高雄,2023-03-29,9183
00632R,元大台灣50反1,15,0,15,群益金鼎-高雄,2023-03-29,9183
00713,元大台灣高息低波,15,2,13,群益金鼎-高雄,2023-03-29,9183
2329,華泰,16,3,13,群益金鼎-高雄,2023-03-29,9183
00679B,元大美債20年,12,0,12,群益金鼎-高雄,2023-03-29,9183
4147,中裕,12,0,12,群益金鼎-高雄,2023-03-29,9183
2615,萬海,11,0,11,群益金鼎-高雄,2023-03-29,9183
1584,精剛,24,13,11,群益金鼎-高雄,2023-03-29,9183
2812,台中銀,10,0,10,群益金鼎-高雄,2023-03-29,9183
2832,台產,10,0,10,群益金鼎-高雄,2023-03-29,9183
3011,今皓,20,10,10,群益金鼎-高雄,2023-03-29,9183
3049,精金,10,0,10,群益金鼎-高雄,2023-03-29,9183
3338,泰碩,30,20,10,群益金鼎-高雄,2023-03-29,9183
3630,新鉅科,10,0,10,群益金鼎-高雄,2023-03-29,9183
8043,蜜望實,10,0,10,群益金鼎-高雄,2023-03-29,9183
8938,明安,12,2,10,群益金鼎-高雄,2023-03-29,9183
2609,陽明,10,0,10,群益金鼎-高雄,2023-03-29,9183
2368,金像電,15,6,9,群益金鼎-高雄,2023-03-29,9183
3047,訊舟,9,0,9,群益金鼎-高雄,2023-03-29,9183
2603,長榮,10,2,8,群益金鼎-高雄,2023-03-29,9183
2340,台亞,18,10,8,群益金鼎-高雄,2023-03-29,9183
3093,港建*,8,0,8,群益金鼎-高雄,2023-03-29,9183
6125,廣運,9,1,8,群益金鼎-高雄,2023-03-29,9183
5009,榮剛,9,2,7,群益金鼎-高雄,2023-03-29,9183
1524,耿鼎,7,0,7,群益金鼎-高雄,2023-03-29,9183
2610,華航,27,20,7,群益金鼎-高雄,2023-03-29,9183
6116,彩晶,12,5,7,群益金鼎-高雄,2023-03-29,9183
6735,美達科技,9,2,7,群益金鼎-高雄,2023-03-29,9183
8383,千附,7,0,7,群益金鼎-高雄,2023-03-29,9183
3707,漢磊,5,0,5,群益金鼎-高雄,2023-03-29,9183
00674R,期元大S＆P黃金反1,5,0,5,群益金鼎-高雄,2023-03-29,9183
1529,樂事綠能,5,0,5,群益金鼎-高雄,2023-03-29,9183
2208,台船,6,1,5,群益金鼎-高雄,2023-03-29,9183
2331,精英,5,0,5,群益金鼎-高雄,2023-03-29,9183
2332,友訊,5,0,5,群益金鼎-高雄,2023-03-29,9183
2408,南亞科,8,3,5,群益金鼎-高雄,2023-03-29,9183
2504,國產,6,1,5,群益金鼎-高雄,2023-03-29,9183
6153,嘉聯益,36,0,36,群益金鼎-高雄,2023-03-30,9183
2645,長榮航太,45,15,30,群益金鼎-高雄,2023-03-30,9183
6122,擎邦,48,19,29,群益金鼎-高雄,2023-03-30,9183
2882,國泰金,29,1,28,群益金鼎-高雄,2023-03-30,9183
2534,宏盛,20,0,20,群益金鼎-高雄,2023-03-30,9183
00753L,中信中國50正2,22,2,20,群益金鼎-高雄,2023-03-30,9183
2734,易飛網,20,2,18,群益金鼎-高雄,2023-03-30,9183
1605,華新,19,4,15,群益金鼎-高雄,2023-03-30,9183
1618,合機,24,10,14,群益金鼎-高雄,2023-03-30,9183
00680L,元大美債20正2,14,0,14,群益金鼎-高雄,2023-03-30,9183
5475,德宏,15,1,14,群益金鼎-高雄,2023-03-30,9183
0050,元大台灣50,15,2,13,群益金鼎-高雄,2023-03-30,9183
1452,宏益,13,0,13,群益金鼎-高雄,2023-03-30,9183
2302,麗正,19,6,13,群益金鼎-高雄,2023-03-30,9183
3312,弘憶股,13,0,13,群益金鼎-高雄,2023-03-30,9183
00882,中信中國高股息,12,0,12,群益金鼎-高雄,2023-03-30,9183
2393,億光,11,0,11,群益金鼎-高雄,2023-03-30,9183
3056,富華新,11,0,11,群益金鼎-高雄,2023-03-30,9183
3272,東碩,15,4,11,群益金鼎-高雄,2023-03-30,9183
3706,神達,11,0,11,群益金鼎-高雄,2023-03-30,9183
6282,康舒,11,0,11,群益金鼎-高雄,2023-03-30,9183
00679B,元大美債20年,10,0,10,群益金鼎-高雄,2023-03-30,9183
2609,陽明,15,5,10,群益金鼎-高雄,2023-03-30,9183
00673R,期元大S＆P原油反1,10,0,10,群益金鼎-高雄,2023-03-30,9183
2820,華票,10,0,10,群益金鼎-高雄,2023-03-30,9183
3011,今皓,10,0,10,群益金鼎-高雄,2023-03-30,9183
3596,智易,10,0,10,群益金鼎-高雄,2023-03-30,9183
6026,福邦證,10,0,10,群益金鼎-高雄,2023-03-30,9183
00642U,期元大S＆P石油,9,0,9,群益金鼎-高雄,2023-03-30,9183
2618,長榮航,11,3,8,群益金鼎-高雄,2023-03-30,9183
2880,華南金,8,0,8,群益金鼎-高雄,2023-03-30,9183
8070,長華*,23,15,8,群益金鼎-高雄,2023-03-30,9183
00862B,中信投資級公司債,7,0,7,群益金鼎-高雄,2023-03-30,9183
2353,宏��,7,0,7,群益金鼎-高雄,2023-03-30,9183
1438,三地開發,6,0,6,群益金鼎-高雄,2023-03-30,9183
4164,承業醫,11,5,6,群益金鼎-高雄,2023-03-30,9183
3289,宜特,8,2,6,群益金鼎-高雄,2023-03-30,9183
5243,乙盛-KY,10,5,5,群益金鼎-高雄,2023-03-30,9183
00720B,元大投資級公司債,5,0,5,群益金鼎-高雄,2023-03-30,9183
00772B,中信高評級公司債,5,0,5,群益金鼎-高雄,2023-03-30,9183
1609,大亞,13,8,5,群益金鼎-高雄,2023-03-30,9183
1809,中釉,5,0,5,群益金鼎-高雄,2023-03-30,9183
1810,和成,5,0,5,群益金鼎-高雄,2023-03-30,9183
2331,精英,8,3,5,群益金鼎-高雄,2023-03-30,9183
2743,山富,5,0,5,群益金鼎-高雄,2023-03-30,9183
3313,斐成,5,0,5,群益金鼎-高雄,2023-03-30,9183
3388,崇越電,5,0,5,群益金鼎-高雄,2023-03-30,9183
6015,宏遠證,5,0,5,群益金鼎-高雄,2023-03-30,9183
6469,大樹,5,0,5,群益金鼎-高雄,2023-03-30,9183
9105,泰金寶-DR,5,0,5,群益金鼎-高雄,2023-03-30,9183
2801,彰銀,150,0,150,群益金鼎-高雄,2023-03-31,9183
00878,國泰永續高股息,92,12,80,群益金鼎-高雄,2023-03-31,9183
6269,台郡,69,1,68,群益金鼎-高雄,2023-03-31,9183
2393,億光,51,0,51,群益金鼎-高雄,2023-03-31,9183
00632R,元大台灣50反1,50,0,50,群益金鼎-高雄,2023-03-31,9183
2443,昶虹,50,0,50,群益金鼎-高雄,2023-03-31,9183
2482,連宇,28,2,26,群益金鼎-高雄,2023-03-31,9183
2645,長榮航太,23,0,23,群益金鼎-高雄,2023-03-31,9183
6244,茂迪,27,5,22,群益金鼎-高雄,2023-03-31,9183
2734,易飛網,20,0,20,群益金鼎-高雄,2023-03-31,9183
9934,成霖,20,0,20,群益金鼎-高雄,2023-03-31,9183
6179,亞通,18,0,18,群益金鼎-高雄,2023-03-31,9183
8222,寶一,19,1,18,群益金鼎-高雄,2023-03-31,9183
8227,巨有科技,17,0,17,群益金鼎-高雄,2023-03-31,9183
00642U,期元大S＆P石油,17,0,17,群益金鼎-高雄,2023-03-31,9183
5351,鈺創,37,22,15,群益金鼎-高雄,2023-03-31,9183
4198,欣大健康,13,0,13,群益金鼎-高雄,2023-03-31,9183
1101,台泥,13,1,12,群益金鼎-高雄,2023-03-31,9183
2610,華航,14,2,12,群益金鼎-高雄,2023-03-31,9183
3211,順達,12,0,12,群益金鼎-高雄,2023-03-31,9183
6191,精成科,19,7,12,群益金鼎-高雄,2023-03-31,9183
6735,美達科技,12,0,12,群益金鼎-高雄,2023-03-31,9183
8028,昇陽半導體,19,7,12,群益金鼎-高雄,2023-03-31,9183
2010,春源,20,10,10,群益金鼎-高雄,2023-03-31,9183
2882,國泰金,15,5,10,群益金鼎-高雄,2023-03-31,9183
3032,偉訓,10,0,10,群益金鼎-高雄,2023-03-31,9183
6173,信昌電,10,0,10,群益金鼎-高雄,2023-03-31,9183
6411,晶焱,10,0,10,群益金鼎-高雄,2023-03-31,9183
1605,華新,16,6,10,群益金鼎-高雄,2023-03-31,9183
2337,旺宏,18,9,9,群益金鼎-高雄,2023-03-31,9183
5211,蒙恬,9,0,9,群益金鼎-高雄,2023-03-31,9183
6695,芯鼎,9,0,9,群益金鼎-高雄,2023-03-31,9183
2601,益航,9,1,8,群益金鼎-高雄,2023-03-31,9183
5284,jpp-KY,10,2,8,群益金鼎-高雄,2023-03-31,9183
8110,華東,10,2,8,群益金鼎-高雄,2023-03-31,9183
00862B,中信投資級公司債,7,0,7,群益金鼎-高雄,2023-03-31,9183
3528,安馳,7,0,7,群益金鼎-高雄,2023-03-31,9183
1438,三地開發,6,0,6,群益金鼎-高雄,2023-03-31,9183
00713,元大台灣高息低波,11,5,6,群益金鼎-高雄,2023-03-31,9183
2359,所羅門,6,0,6,群益金鼎-高雄,2023-03-31,9183
2641,正德,6,0,6,群益金鼎-高雄,2023-03-31,9183
3447,展達,10,4,6,群益金鼎-高雄,2023-03-31,9183
6134,萬旭,8,2,6,群益金鼎-高雄,2023-03-31,9183
8088,品安,18,12,6,群益金鼎-高雄,2023-03-31,9183
3037,欣興,11,6,5,群益金鼎-高雄,2023-03-31,9183
2409,友達,5,0,5,群益金鼎-高雄,2023-03-31,9183
00720B,元大投資級公司債,5,0,5,群益金鼎-高雄,2023-03-31,9183
00897,富邦基因免疫生技,5,0,5,群益金鼎-高雄,2023-03-31,9183
2419,仲琦,5,0,5,群益金鼎-高雄,2023-03-31,9183
2867,三商壽,5,0,5,群益金鼎-高雄,2023-03-31,9183
6026,福邦證,120,1,119,群益金鼎-高雄,2023-04-06,9183
00680L,元大美債20正2,50,0,50,群益金鼎-高雄,2023-04-06,9183
2641,正德,50,5,45,群益金鼎-高雄,2023-04-06,9183
1528,恩德,34,0,34,群益金鼎-高雄,2023-04-06,9183
3056,富華新,30,1,29,群益金鼎-高雄,2023-04-06,9183
8069,元太,66,43,23,群益金鼎-高雄,2023-04-06,9183
00882,中信中國高股息,23,0,23,群益金鼎-高雄,2023-04-06,9183
00642U,期元大S＆P石油,23,1,22,群益金鼎-高雄,2023-04-06,9183
2017,官田鋼,21,0,21,群益金鼎-高雄,2023-04-06,9183
2734,易飛網,20,0,20,群益金鼎-高雄,2023-04-06,9183
4960,誠美材,20,0,20,群益金鼎-高雄,2023-04-06,9183
2618,長榮航,18,0,18,群益金鼎-高雄,2023-04-06,9183
00673R,期元大S＆P原油反1,17,0,17,群益金鼎-高雄,2023-04-06,9183
2605,新興,17,1,16,群益金鼎-高雄,2023-04-06,9183
2027,大成鋼,14,0,14,群益金鼎-高雄,2023-04-06,9183
2915,潤泰全,14,0,14,群益金鼎-高雄,2023-04-06,9183
00902,中信電池及儲能,18,5,13,群益金鼎-高雄,2023-04-06,9183
3038,全台,13,1,12,群益金鼎-高雄,2023-04-06,9183
5309,系統電,17,5,12,群益金鼎-高雄,2023-04-06,9183
2610,華航,16,4,12,群益金鼎-高雄,2023-04-06,9183
2603,長榮,13,1,12,群益金鼎-高雄,2023-04-06,9183
6120,達運,15,4,11,群益金鼎-高雄,2023-04-06,9183
00900,富邦特選高股息30,10,0,10,群益金鼎-高雄,2023-04-06,9183
1460,宏遠,10,0,10,群益金鼎-高雄,2023-04-06,9183
6606,建德工業,10,0,10,群益金鼎-高雄,2023-04-06,9183
9941,裕融,10,0,10,群益金鼎-高雄,2023-04-06,9183
00751B,元大AAA至A公司債,10,1,9,群益金鼎-高雄,2023-04-06,9183
00712,復華富時不動產,9,0,9,群益金鼎-高雄,2023-04-06,9183
2402,毅嘉,9,1,8,群益金鼎-高雄,2023-04-06,9183
6134,萬旭,11,3,8,群益金鼎-高雄,2023-04-06,9183
00893,國泰智能電動車,7,0,7,群益金鼎-高雄,2023-04-06,9183
2368,金像電,8,1,7,群益金鼎-高雄,2023-04-06,9183
2453,凌群,9,2,7,群益金鼎-高雄,2023-04-06,9183
3049,精金,11,4,7,群益金鼎-高雄,2023-04-06,9183
3290,東浦,7,0,7,群益金鼎-高雄,2023-04-06,9183
4577,達航科技,7,0,7,群益金鼎-高雄,2023-04-06,9183
6548,長科*,23,16,7,群益金鼎-高雄,2023-04-06,9183
8927,北基,7,0,7,群益金鼎-高雄,2023-04-06,9183
8933,愛地雅,7,0,7,群益金鼎-高雄,2023-04-06,9183
2454,聯發科,7,1,6,群益金鼎-高雄,2023-04-06,9183
00923,群益台ESG低碳50,6,0,6,群益金鼎-高雄,2023-04-06,9183
00633L,富邦上証正2,6,0,6,群益金鼎-高雄,2023-04-06,9183
4168,醣聯,6,0,6,群益金鼎-高雄,2023-04-06,9183
4720,德淵,6,0,6,群益金鼎-高雄,2023-04-06,9183
5225,東科-KY,6,0,6,群益金鼎-高雄,2023-04-06,9183
9962,有益,6,0,6,群益金鼎-高雄,2023-04-06,9183
3037,欣興,13,7,6,群益金鼎-高雄,2023-04-06,9183
00679B,元大美債20年,8,3,5,群益金鼎-高雄,2023-04-06,9183
6770,力積電,5,0,5,群益金鼎-高雄,2023-04-06,9183
00652,富邦印度,5,0,5,群益金鼎-高雄,2023-04-06,9183
00632R,元大台灣50反1,125,0,125,群益金鼎-高雄,2023-04-07,9183
2884,玉山金,113,1,112,群益金鼎-高雄,2023-04-07,9183
3663,鑫科,100,5,95,群益金鼎-高雄,2023-04-07,9183
2409,友達,37,1,36,群益金鼎-高雄,2023-04-07,9183
2867,三商壽,31,0,31,群益金鼎-高雄,2023-04-07,9183
6449,鈺邦,28,0,28,群益金鼎-高雄,2023-04-07,9183
6461,益得,28,0,28,群益金鼎-高雄,2023-04-07,9183
2340,台亞,27,2,25,群益金鼎-高雄,2023-04-07,9183
3189,景碩,23,0,23,群益金鼎-高雄,2023-04-07,9183
2484,希華,21,0,21,群益金鼎-高雄,2023-04-07,9183
6191,精成科,20,0,20,群益金鼎-高雄,2023-04-07,9183
00773B,中信優先金融債,21,5,16,群益金鼎-高雄,2023-04-07,9183
8383,千附,16,0,16,群益金鼎-高雄,2023-04-07,9183
5225,東科-KY,15,0,15,群益金鼎-高雄,2023-04-07,9183
3056,富華新,17,4,13,群益金鼎-高雄,2023-04-07,9183
6235,華孚,67,54,13,群益金鼎-高雄,2023-04-07,9183
6735,美達科技,13,0,13,群益金鼎-高雄,2023-04-07,9183
6443,元晶,13,1,12,群益金鼎-高雄,2023-04-07,9183
6538,倉和,12,0,12,群益金鼎-高雄,2023-04-07,9183
2356,英業達,24,13,11,群益金鼎-高雄,2023-04-07,9183
00772B,中信高評級公司債,10,0,10,群益金鼎-高雄,2023-04-07,9183
1210,大成,15,5,10,群益金鼎-高雄,2023-04-07,9183
3520,華盈,13,3,10,群益金鼎-高雄,2023-04-07,9183
4114,健喬,13,3,10,群益金鼎-高雄,2023-04-07,9183
4532,瑞智,10,0,10,群益金鼎-高雄,2023-04-07,9183
5905,南仁湖,10,0,10,群益金鼎-高雄,2023-04-07,9183
6111,大宇資,10,0,10,群益金鼎-高雄,2023-04-07,9183
6168,宏齊,10,0,10,群益金鼎-高雄,2023-04-07,9183
6285,啟��,11,1,10,群益金鼎-高雄,2023-04-07,9183
6695,芯鼎,10,0,10,群益金鼎-高雄,2023-04-07,9183
5469,瀚宇博,14,4,10,群益金鼎-高雄,2023-04-07,9183
6282,康舒,9,0,9,群益金鼎-高雄,2023-04-07,9183
1513,中興電,29,20,9,群益金鼎-高雄,2023-04-07,9183
00720B,元大投資級公司債,11,3,8,群益金鼎-高雄,2023-04-07,9183
2329,華泰,9,1,8,群益金鼎-高雄,2023-04-07,9183
2369,菱生,8,0,8,群益金鼎-高雄,2023-04-07,9183
2495,普安,9,1,8,群益金鼎-高雄,2023-04-07,9183
8069,元太,64,57,7,群益金鼎-高雄,2023-04-07,9183
00885,富邦越南,7,0,7,群益金鼎-高雄,2023-04-07,9183
1413,宏洲,7,0,7,群益金鼎-高雄,2023-04-07,9183
3046,建��,7,0,7,群益金鼎-高雄,2023-04-07,9183
6278,台表科,6,0,6,群益金鼎-高雄,2023-04-07,9183
00673R,期元大S＆P原油反1,6,0,6,群益金鼎-高雄,2023-04-07,9183
1584,精剛,6,0,6,群益金鼎-高雄,2023-04-07,9183
3035,智原,13,7,6,群益金鼎-高雄,2023-04-07,9183
3234,光環,6,0,6,群益金鼎-高雄,2023-04-07,9183
3673,TPK-KY,6,0,6,群益金鼎-高雄,2023-04-07,9183
5258,虹堡,7,1,6,群益金鼎-高雄,2023-04-07,9183
6733,博晟生醫,6,0,6,群益金鼎-高雄,2023-04-07,9183
00712,復華富時不動產,5,0,5,群益金鼎-高雄,2023-04-07,9183
2609,陽明,69,8,61,群益金鼎-高雄,2023-04-10,9183
2323,中環,55,0,55,群益金鼎-高雄,2023-04-10,9183
3663,鑫科,55,0,55,群益金鼎-高雄,2023-04-10,9183
2439,美律,50,3,47,群益金鼎-高雄,2023-04-10,9183
3025,星通,61,17,44,群益金鼎-高雄,2023-04-10,9183
8383,千附,45,5,40,群益金鼎-高雄,2023-04-10,9183
00679B,元大美債20年,38,0,38,群益金鼎-高雄,2023-04-10,9183
2402,毅嘉,43,12,31,群益金鼎-高雄,2023-04-10,9183
2344,華邦電,50,20,30,群益金鼎-高雄,2023-04-10,9183
9945,潤泰新,30,0,30,群益金鼎-高雄,2023-04-10,9183
00720B,元大投資級公司債,28,0,28,群益金鼎-高雄,2023-04-10,9183
2388,威盛,30,3,27,群益金鼎-高雄,2023-04-10,9183
2645,長榮航太,24,0,24,群益金鼎-高雄,2023-04-10,9183
00878,國泰永續高股息,21,3,18,群益金鼎-高雄,2023-04-10,9183
2208,台船,18,2,16,群益金鼎-高雄,2023-04-10,9183
1514,亞力,20,5,15,群益金鼎-高雄,2023-04-10,9183
2610,華航,20,5,15,群益金鼎-高雄,2023-04-10,9183
6168,宏齊,15,0,15,群益金鼎-高雄,2023-04-10,9183
3441,聯一光,19,4,15,群益金鼎-高雄,2023-04-10,9183
4960,誠美材,14,0,14,群益金鼎-高雄,2023-04-10,9183
3006,晶豪科,16,3,13,群益金鼎-高雄,2023-04-10,9183
4153,鈺緯,13,0,13,群益金鼎-高雄,2023-04-10,9183
3664,安瑞-KY,12,0,12,群益金鼎-高雄,2023-04-10,9183
4967,十銓,21,9,12,群益金鼎-高雄,2023-04-10,9183
2634,漢翔,36,24,12,群益金鼎-高雄,2023-04-10,9183
00773B,中信優先金融債,11,0,11,群益金鼎-高雄,2023-04-10,9183
2342,茂矽,11,0,11,群益金鼎-高雄,2023-04-10,9183
6235,華孚,29,18,11,群益金鼎-高雄,2023-04-10,9183
00772B,中信高評級公司債,10,0,10,群益金鼎-高雄,2023-04-10,9183
1218,泰山,10,0,10,群益金鼎-高雄,2023-04-10,9183
3380,明泰,11,1,10,群益金鼎-高雄,2023-04-10,9183
5284,jpp-KY,16,6,10,群益金鼎-高雄,2023-04-10,9183
6449,鈺邦,10,0,10,群益金鼎-高雄,2023-04-10,9183
3545,敦泰,10,0,10,群益金鼎-高雄,2023-04-10,9183
2498,宏達電,22,12,10,群益金鼎-高雄,2023-04-10,9183
4746,台耀,10,1,9,群益金鼎-高雄,2023-04-10,9183
8183,精星,13,4,9,群益金鼎-高雄,2023-04-10,9183
5521,工信,8,0,8,群益金鼎-高雄,2023-04-10,9183
1519,華城,24,16,8,群益金鼎-高雄,2023-04-10,9183
8227,巨有科技,7,0,7,群益金鼎-高雄,2023-04-10,9183
1609,大亞,10,3,7,群益金鼎-高雄,2023-04-10,9183
1795,美時,9,2,7,群益金鼎-高雄,2023-04-10,9183
2303,聯電,7,0,7,群益金鼎-高雄,2023-04-10,9183
4114,健喬,7,0,7,群益金鼎-高雄,2023-04-10,9183
6101,寬魚國際,7,0,7,群益金鼎-高雄,2023-04-10,9183
6182,合晶,9,2,7,群益金鼎-高雄,2023-04-10,9183
00900,富邦特選高股息30,6,0,6,群益金鼎-高雄,2023-04-10,9183
2409,友達,6,0,6,群益金鼎-高雄,2023-04-10,9183
2605,新興,10,4,6,群益金鼎-高雄,2023-04-10,9183
6125,廣運,9,3,6,群益金鼎-高雄,2023-04-10,9183
00632R,元大台灣50反1,230,7,223,群益金鼎-高雄,2023-04-11,9183
9907,統一實,198,0,198,群益金鼎-高雄,2023-04-11,9183
3715,定穎投控,103,13,90,群益金鼎-高雄,2023-04-11,9183
6122,擎邦,42,0,42,群益金鼎-高雄,2023-04-11,9183
4906,正文,32,3,29,群益金鼎-高雄,2023-04-11,9183
1101,台泥,30,9,21,群益金鼎-高雄,2023-04-11,9183
00642U,期元大S＆P石油,21,0,21,群益金鼎-高雄,2023-04-11,9183
2388,威盛,22,1,21,群益金鼎-高雄,2023-04-11,9183
2634,漢翔,26,6,20,群益金鼎-高雄,2023-04-11,9183
9945,潤泰新,30,10,20,群益金鼎-高雄,2023-04-11,9183
3027,盛達,16,0,16,群益金鼎-高雄,2023-04-11,9183
00637L,元大滬深300正2,16,1,15,群益金鼎-高雄,2023-04-11,9183
3049,精金,25,10,15,群益金鼎-高雄,2023-04-11,9183
6152,百一,15,0,15,群益金鼎-高雄,2023-04-11,9183
3287,廣寰科,14,0,14,群益金鼎-高雄,2023-04-11,9183
5328,華容,16,2,14,群益金鼎-高雄,2023-04-11,9183
2457,飛宏,36,22,14,群益金鼎-高雄,2023-04-11,9183
3481,群創,33,19,14,群益金鼎-高雄,2023-04-11,9183
2349,錸德,15,2,13,群益金鼎-高雄,2023-04-11,9183
1503,士電,35,22,13,群益金鼎-高雄,2023-04-11,9183
00679B,元大美債20年,12,0,12,群益金鼎-高雄,2023-04-11,9183
1760,寶齡富錦,12,0,12,群益金鼎-高雄,2023-04-11,9183
3260,威剛,12,0,12,群益金鼎-高雄,2023-04-11,9183
00773B,中信優先金融債,11,0,11,群益金鼎-高雄,2023-04-11,9183
4916,事欣科,11,0,11,群益金鼎-高雄,2023-04-11,9183
00907,永豐優息存股,10,0,10,群益金鼎-高雄,2023-04-11,9183
2340,台亞,10,0,10,群益金鼎-高雄,2023-04-11,9183
00673R,期元大S＆P原油反1,9,0,9,群益金鼎-高雄,2023-04-11,9183
00720B,元大投資級公司債,11,2,9,群益金鼎-高雄,2023-04-11,9183
3714,富采,8,0,8,群益金鼎-高雄,2023-04-11,9183
6282,康舒,10,2,8,群益金鼎-高雄,2023-04-11,9183
3231,緯創,11,4,7,群益金鼎-高雄,2023-04-11,9183
3712,永崴投控,6,0,6,群益金鼎-高雄,2023-04-11,9183
1210,大成,6,0,6,群益金鼎-高雄,2023-04-11,9183
00674R,期元大S＆P黃金反1,6,0,6,群益金鼎-高雄,2023-04-11,9183
2637,慧洋-KY,6,0,6,群益金鼎-高雄,2023-04-11,9183
2645,長榮航太,12,6,6,群益金鼎-高雄,2023-04-11,9183
5464,霖宏,6,0,6,群益金鼎-高雄,2023-04-11,9183
6138,茂達,6,0,6,群益金鼎-高雄,2023-04-11,9183
6248,沛波,7,1,6,群益金鼎-高雄,2023-04-11,9183
6829,千附精密,8,2,6,群益金鼎-高雄,2023-04-11,9183
9962,有益,6,0,6,群益金鼎-高雄,2023-04-11,9183
8222,寶一,26,20,6,群益金鼎-高雄,2023-04-11,9183
6753,龍德造船,7,1,6,群益金鼎-高雄,2023-04-11,9183
00888,永豐台灣ESG,5,0,5,群益金鼎-高雄,2023-04-11,9183
1109,信大,5,0,5,群益金鼎-高雄,2023-04-11,9183
1504,東元,61,56,5,群益金鼎-高雄,2023-04-11,9183
1612,宏泰,5,0,5,群益金鼎-高雄,2023-04-11,9183
2014,中鴻,5,0,5,群益金鼎-高雄,2023-04-11,9183
2027,大成鋼,5,0,5,群益金鼎-高雄,2023-04-11,9183
2439,美律,117,0,117,群益金鼎-高雄,2023-04-12,9183
1609,大亞,113,27,86,群益金鼎-高雄,2023-04-12,9183
2344,華邦電,79,9,70,群益金鼎-高雄,2023-04-12,9183
5488,松普,77,11,66,群益金鼎-高雄,2023-04-12,9183
4960,誠美材,62,0,62,群益金鼎-高雄,2023-04-12,9183
00632R,元大台灣50反1,50,0,50,群益金鼎-高雄,2023-04-12,9183
8183,精星,39,5,34,群益金鼎-高雄,2023-04-12,9183
6158,禾昌,34,0,34,群益金鼎-高雄,2023-04-12,9183
2883B,凱基金乙特,33,0,33,群益金鼎-高雄,2023-04-12,9183
6248,沛波,34,2,32,群益金鼎-高雄,2023-04-12,9183
3663,鑫科,58,29,29,群益金鼎-高雄,2023-04-12,9183
5498,凱崴,29,0,29,群益金鼎-高雄,2023-04-12,9183
6125,廣運,38,10,28,群益金鼎-高雄,2023-04-12,9183
2233,宇隆,29,3,26,群益金鼎-高雄,2023-04-12,9183
2105,正新,30,8,22,群益金鼎-高雄,2023-04-12,9183
5309,系統電,26,4,22,群益金鼎-高雄,2023-04-12,9183
6153,嘉聯益,21,0,21,群益金鼎-高雄,2023-04-12,9183
00720B,元大投資級公司債,19,0,19,群益金鼎-高雄,2023-04-12,9183
00878,國泰永續高股息,30,13,17,群益金鼎-高雄,2023-04-12,9183
3481,群創,52,35,17,群益金鼎-高雄,2023-04-12,9183
00712,復華富時不動產,17,0,17,群益金鼎-高雄,2023-04-12,9183
00637L,元大滬深300正2,33,18,15,群益金鼎-高雄,2023-04-12,9183
00680L,元大美債20正2,15,0,15,群益金鼎-高雄,2023-04-12,9183
1438,三地開發,27,12,15,群益金鼎-高雄,2023-04-12,9183
6235,華孚,40,25,15,群益金鼎-高雄,2023-04-12,9183
3209,全科,18,4,14,群益金鼎-高雄,2023-04-12,9183
3093,港建*,13,0,13,群益金鼎-高雄,2023-04-12,9183
5425,台半,28,15,13,群益金鼎-高雄,2023-04-12,9183
6188,廣明,16,3,13,群益金鼎-高雄,2023-04-12,9183
5009,榮剛,27,14,13,群益金鼎-高雄,2023-04-12,9183
00753L,中信中國50正2,12,0,12,群益金鼎-高雄,2023-04-12,9183
3701,大眾控,18,6,12,群益金鼎-高雄,2023-04-12,9183
2610,華航,11,0,11,群益金鼎-高雄,2023-04-12,9183
4743,合一,14,3,11,群益金鼎-高雄,2023-04-12,9183
00679B,元大美債20年,10,0,10,群益金鼎-高雄,2023-04-12,9183
3545,敦泰,49,38,11,群益金鼎-高雄,2023-04-12,9183
2340,台亞,10,0,10,群益金鼎-高雄,2023-04-12,9183
2486,一詮,10,0,10,群益金鼎-高雄,2023-04-12,9183
3024,憶聲,10,0,10,群益金鼎-高雄,2023-04-12,9183
6532,瑞耘,17,7,10,群益金鼎-高雄,2023-04-12,9183
8924,大田,10,0,10,群益金鼎-高雄,2023-04-12,9183
6770,力積電,12,2,10,群益金鼎-高雄,2023-04-12,9183
00892,富邦台灣半導體,9,0,9,群益金鼎-高雄,2023-04-12,9183
3027,盛達,19,10,9,群益金鼎-高雄,2023-04-12,9183
4503,金雨,9,0,9,群益金鼎-高雄,2023-04-12,9183
3037,欣興,9,1,8,群益金鼎-高雄,2023-04-12,9183
5483,中美晶,8,0,8,群益金鼎-高雄,2023-04-12,9183
1101,台泥,23,16,7,群益金鼎-高雄,2023-04-12,9183
2342,茂矽,11,4,7,群益金鼎-高雄,2023-04-12,9183
3624,光頡,20,13,7,群益金鼎-高雄,2023-04-12,9183
2390,云辰,270,0,270,群益金鼎-高雄,2023-04-13,9183
0056,元大高股息,75,0,75,群益金鼎-高雄,2023-04-13,9183
00712,復華富時不動產,64,0,64,群益金鼎-高雄,2023-04-13,9183
2515,中工,78,16,62,群益金鼎-高雄,2023-04-13,9183
00720B,元大投資級公司債,55,0,55,群益金鼎-高雄,2023-04-13,9183
6282,康舒,43,3,40,群益金鼎-高雄,2023-04-13,9183
1529,樂事綠能,38,1,37,群益金鼎-高雄,2023-04-13,9183
8046,南電,34,1,33,群益金鼎-高雄,2023-04-13,9183
00900,富邦特選高股息30,31,0,31,群益金鼎-高雄,2023-04-13,9183
00923,群益台ESG低碳50,22,0,22,群益金鼎-高雄,2023-04-13,9183
1503,士電,36,14,22,群益金鼎-高雄,2023-04-13,9183
2402,毅嘉,36,15,21,群益金鼎-高雄,2023-04-13,9183
2457,飛宏,71,50,21,群益金鼎-高雄,2023-04-13,9183
2439,美律,20,0,20,群益金鼎-高雄,2023-04-13,9183
3432,台端,20,0,20,群益金鼎-高雄,2023-04-13,9183
6244,茂迪,29,10,19,群益金鼎-高雄,2023-04-13,9183
2883B,凱基金乙特,19,0,19,群益金鼎-高雄,2023-04-13,9183
3711,日月光投控,18,0,18,群益金鼎-高雄,2023-04-13,9183
00676R,富邦臺灣加權反1,18,0,18,群益金鼎-高雄,2023-04-13,9183
2353,宏��,17,0,17,群益金鼎-高雄,2023-04-13,9183
2206,三陽工業,19,3,16,群益金鼎-高雄,2023-04-13,9183
00680L,元大美債20正2,15,0,15,群益金鼎-高雄,2023-04-13,9183
6229,研通,16,1,15,群益金鼎-高雄,2023-04-13,9183
2352,佳世達,14,0,14,群益金鼎-高雄,2023-04-13,9183
4532,瑞智,14,0,14,群益金鼎-高雄,2023-04-13,9183
2915,潤泰全,20,6,14,群益金鼎-高雄,2023-04-13,9183
3006,晶豪科,20,7,13,群益金鼎-高雄,2023-04-13,9183
2634,漢翔,56,43,13,群益金鼎-高雄,2023-04-13,9183
2330,台積電,15,2,13,群益金鼎-高雄,2023-04-13,9183
00922,國泰台灣領袖50,13,0,13,群益金鼎-高雄,2023-04-13,9183
2344,華邦電,14,1,13,群益金鼎-高雄,2023-04-13,9183
2609,陽明,17,5,12,群益金鼎-高雄,2023-04-13,9183
00679B,元大美債20年,11,0,11,群益金鼎-高雄,2023-04-13,9183
9945,潤泰新,11,0,11,群益金鼎-高雄,2023-04-13,9183
5351,鈺創,17,6,11,群益金鼎-高雄,2023-04-13,9183
6015,宏遠證,12,1,11,群益金鼎-高雄,2023-04-13,9183
8038,長園科,11,0,11,群益金鼎-高雄,2023-04-13,9183
00632R,元大台灣50反1,10,0,10,群益金鼎-高雄,2023-04-13,9183
1219,福壽,10,0,10,群益金鼎-高雄,2023-04-13,9183
1460,宏遠,10,0,10,群益金鼎-高雄,2023-04-13,9183
2331,精英,10,0,10,群益金鼎-高雄,2023-04-13,9183
2349,錸德,10,0,10,群益金鼎-高雄,2023-04-13,9183
3011,今皓,10,0,10,群益金鼎-高雄,2023-04-13,9183
3024,憶聲,10,0,10,群益金鼎-高雄,2023-04-13,9183
4906,正文,10,0,10,群益金鼎-高雄,2023-04-13,9183
5488,松普,10,0,10,群益金鼎-高雄,2023-04-13,9183
6120,達運,10,0,10,群益金鼎-高雄,2023-04-13,9183
6234,高僑,18,8,10,群益金鼎-高雄,2023-04-13,9183
8150,南茂,10,0,10,群益金鼎-高雄,2023-04-13,9183
2883,凱基金,9,0,9,群益金鼎-高雄,2023-04-13,9183
00632R,元大台灣50反1,87,1,86,群益金鼎-高雄,2023-04-14,9183
2634,漢翔,207,140,67,群益金鼎-高雄,2023-04-14,9183
8383,千附,64,2,62,群益金鼎-高雄,2023-04-14,9183
0056,元大高股息,60,1,59,群益金鼎-高雄,2023-04-14,9183
2883B,凱基金乙特,51,0,51,群益金鼎-高雄,2023-04-14,9183
3663,鑫科,51,1,50,群益金鼎-高雄,2023-04-14,9183
3712,永崴投控,38,0,38,群益金鼎-高雄,2023-04-14,9183
3049,精金,65,35,30,群益金鼎-高雄,2023-04-14,9183
4541,晟田,47,21,26,群益金鼎-高雄,2023-04-14,9183
6026,福邦證,26,0,26,群益金鼎-高雄,2023-04-14,9183
00679B,元大美債20年,26,0,26,群益金鼎-高雄,2023-04-14,9183
3308,聯德,31,6,25,群益金鼎-高雄,2023-04-14,9183
6122,擎邦,32,9,23,群益金鼎-高雄,2023-04-14,9183
3432,台端,21,0,21,群益金鼎-高雄,2023-04-14,9183
6163,華電網,29,8,21,群益金鼎-高雄,2023-04-14,9183
2014,中鴻,21,1,20,群益金鼎-高雄,2023-04-14,9183
4147,中裕,23,4,19,群益金鼎-高雄,2023-04-14,9183
2344,華邦電,24,5,19,群益金鼎-高雄,2023-04-14,9183
00720B,元大投資級公司債,27,10,17,群益金鼎-高雄,2023-04-14,9183
2349,錸德,32,15,17,群益金鼎-高雄,2023-04-14,9183
00642U,期元大S＆P石油,16,0,16,群益金鼎-高雄,2023-04-14,9183
2382,廣達,26,11,15,群益金鼎-高雄,2023-04-14,9183
3701,大眾控,22,8,14,群益金鼎-高雄,2023-04-14,9183
2492,華新科,17,4,13,群益金鼎-高雄,2023-04-14,9183
2883,凱基金,20,7,13,群益金鼎-高雄,2023-04-14,9183
00902,中信電池及儲能,18,6,12,群益金鼎-高雄,2023-04-14,9183
00680L,元大美債20正2,12,0,12,群益金鼎-高雄,2023-04-14,9183
6188,廣明,12,0,12,群益金鼎-高雄,2023-04-14,9183
00713,元大台灣高息低波,14,3,11,群益金鼎-高雄,2023-04-14,9183
1108,幸福,11,0,11,群益金鼎-高雄,2023-04-14,9183
00712,復華富時不動產,11,0,11,群益金鼎-高雄,2023-04-14,9183
2312,金寶,11,0,11,群益金鼎-高雄,2023-04-14,9183
6109,亞元,11,0,11,群益金鼎-高雄,2023-04-14,9183
00633L,富邦上証正2,13,3,10,群益金鼎-高雄,2023-04-14,9183
00773B,中信優先金融債,10,0,10,群益金鼎-高雄,2023-04-14,9183
2002,中鋼,16,6,10,群益金鼎-高雄,2023-04-14,9183
2390,云辰,10,0,10,群益金鼎-高雄,2023-04-14,9183
3645,達邁,10,0,10,群益金鼎-高雄,2023-04-14,9183
5309,系統電,19,9,10,群益金鼎-高雄,2023-04-14,9183
6133,金橋,10,0,10,群益金鼎-高雄,2023-04-14,9183
6550,北極星藥業-KY,10,0,10,群益金鼎-高雄,2023-04-14,9183
3178,公準,10,0,10,群益金鼎-高雄,2023-04-14,9183
1516,川飛,9,0,9,群益金鼎-高雄,2023-04-14,9183
1752,南光,14,5,9,群益金鼎-高雄,2023-04-14,9183
2332,友訊,10,1,9,群益金鼎-高雄,2023-04-14,9183
2481,強茂,12,3,9,群益金鼎-高雄,2023-04-14,9183
5371,中光電,32,23,9,群益金鼎-高雄,2023-04-14,9183
6806,森崴能源,14,5,9,群益金鼎-高雄,2023-04-14,9183
6446,藥華藥,9,1,8,群益金鼎-高雄,2023-04-14,9183
2359,所羅門,25,17,8,群益金鼎-高雄,2023-04-14,9183
5371,中光電,211,24,187,群益金鼎-高雄,2023-04-17,9183
00680L,元大美債20正2,131,0,131,群益金鼎-高雄,2023-04-17,9183
1514,亞力,137,23,114,群益金鼎-高雄,2023-04-17,9183
2441,超豐,111,0,111,群益金鼎-高雄,2023-04-17,9183
2883B,凱基金乙特,102,0,102,群益金鼎-高雄,2023-04-17,9183
1460,宏遠,100,11,89,群益金鼎-高雄,2023-04-17,9183
2206,三陽工業,81,11,70,群益金鼎-高雄,2023-04-17,9183
6179,亞通,86,24,62,群益金鼎-高雄,2023-04-17,9183
9962,有益,52,0,52,群益金鼎-高雄,2023-04-17,9183
2630,亞航,51,0,51,群益金鼎-高雄,2023-04-17,9183
3058,立德,57,8,49,群益金鼎-高雄,2023-04-17,9183
1605,華新,75,29,46,群益金鼎-高雄,2023-04-17,9183
8926,台汽電,44,0,44,群益金鼎-高雄,2023-04-17,9183
00712,復華富時不動產,39,0,39,群益金鼎-高雄,2023-04-17,9183
00632R,元大台灣50反1,30,0,30,群益金鼎-高雄,2023-04-17,9183
6806,森崴能源,41,11,30,群益金鼎-高雄,2023-04-17,9183
2634,漢翔,148,121,27,群益金鼎-高雄,2023-04-17,9183
2888,新光金,25,0,25,群益金鼎-高雄,2023-04-17,9183
6248,沛波,34,9,25,群益金鼎-高雄,2023-04-17,9183
00679B,元大美債20年,23,0,23,群益金鼎-高雄,2023-04-17,9183
2603,長榮,56,34,22,群益金鼎-高雄,2023-04-17,9183
2492,華新科,20,0,20,群益金鼎-高雄,2023-04-17,9183
3231,緯創,20,2,18,群益金鼎-高雄,2023-04-17,9183
00897,富邦基因免疫生技,15,0,15,群益金鼎-高雄,2023-04-17,9183
2313,華通,16,1,15,群益金鼎-高雄,2023-04-17,9183
6589,台康生技,15,0,15,群益金鼎-高雄,2023-04-17,9183
8121,越峰,14,0,14,群益金鼎-高雄,2023-04-17,9183
6125,廣運,19,6,13,群益金鼎-高雄,2023-04-17,9183
7402,邑錡,15,2,13,群益金鼎-高雄,2023-04-17,9183
5009,榮剛,46,33,13,群益金鼎-高雄,2023-04-17,9183
1760,寶齡富錦,12,0,12,群益金鼎-高雄,2023-04-17,9183
1810,和成,17,6,11,群益金鼎-高雄,2023-04-17,9183
6148,驊宏資,12,1,11,群益金鼎-高雄,2023-04-17,9183
2454,聯發科,11,1,10,群益金鼎-高雄,2023-04-17,9183
00676R,富邦臺灣加權反1,10,0,10,群益金鼎-高雄,2023-04-17,9183
00673R,期元大S＆P原油反1,10,0,10,群益金鼎-高雄,2023-04-17,9183
2497,怡利電,10,0,10,群益金鼎-高雄,2023-04-17,9183
5876,上海商銀,10,0,10,群益金鼎-高雄,2023-04-17,9183
6735,美達科技,10,0,10,群益金鼎-高雄,2023-04-17,9183
00720B,元大投資級公司債,9,0,9,群益金鼎-高雄,2023-04-17,9183
3306,鼎天,9,0,9,群益金鼎-高雄,2023-04-17,9183
2208,台船,59,51,8,群益金鼎-高雄,2023-04-17,9183
4147,中裕,12,4,8,群益金鼎-高雄,2023-04-17,9183
6218,豪勉,23,15,8,群益金鼎-高雄,2023-04-17,9183
00772B,中信高評級公司債,7,0,7,群益金鼎-高雄,2023-04-17,9183
2486,一詮,13,6,7,群益金鼎-高雄,2023-04-17,9183
3207,耀勝,8,1,7,群益金鼎-高雄,2023-04-17,9183
3491,昇達科,16,9,7,群益金鼎-高雄,2023-04-17,9183
3499,環天科,12,5,7,群益金鼎-高雄,2023-04-17,9183
6585,鼎基,12,5,7,群益金鼎-高雄,2023-04-17,9183
2633,台灣高鐵,190,1,189,群益金鼎-高雄,2023-04-18,9183
3049,精金,235,59,176,群益金鼎-高雄,2023-04-18,9183
00680L,元大美債20正2,143,8,135,群益金鼎-高雄,2023-04-18,9183
2603,長榮,86,16,70,群益金鼎-高雄,2023-04-18,9183
2206,三陽工業,53,3,50,群益金鼎-高雄,2023-04-18,9183
2897,王道銀行,50,7,43,群益金鼎-高雄,2023-04-18,9183
2457,飛宏,215,173,42,群益金鼎-高雄,2023-04-18,9183
3515,華擎,42,1,41,群益金鼎-高雄,2023-04-18,9183
8383,千附,50,10,40,群益金鼎-高雄,2023-04-18,9183
8059,凱碩,44,5,39,群益金鼎-高雄,2023-04-18,9183
2344,華邦電,42,4,38,群益金鼎-高雄,2023-04-18,9183
00773B,中信優先金融債,33,0,33,群益金鼎-高雄,2023-04-18,9183
6470,宇智,54,21,33,群益金鼎-高雄,2023-04-18,9183
3094,聯傑,43,11,32,群益金鼎-高雄,2023-04-18,9183
6235,華孚,99,67,32,群益金鼎-高雄,2023-04-18,9183
00878,國泰永續高股息,33,1,32,群益金鼎-高雄,2023-04-18,9183
2208,台船,36,5,31,群益金鼎-高雄,2023-04-18,9183
2515,中工,39,8,31,群益金鼎-高雄,2023-04-18,9183
2601,益航,31,0,31,群益金鼎-高雄,2023-04-18,9183
6589,台康生技,50,20,30,群益金鼎-高雄,2023-04-18,9183
1605,華新,29,2,27,群益金鼎-高雄,2023-04-18,9183
2393,億光,25,0,25,群益金鼎-高雄,2023-04-18,9183
3481,群創,25,0,25,群益金鼎-高雄,2023-04-18,9183
00712,復華富時不動產,21,0,21,群益金鼎-高雄,2023-04-18,9183
00679B,元大美債20年,20,0,20,群益金鼎-高雄,2023-04-18,9183
00923,群益台ESG低碳50,20,0,20,群益金鼎-高雄,2023-04-18,9183
1810,和成,22,2,20,群益金鼎-高雄,2023-04-18,9183
3663,鑫科,23,3,20,群益金鼎-高雄,2023-04-18,9183
9962,有益,20,0,20,群益金鼎-高雄,2023-04-18,9183
8033,雷虎,50,31,19,群益金鼎-高雄,2023-04-18,9183
5009,榮剛,26,8,18,群益金鼎-高雄,2023-04-18,9183
2645,長榮航太,29,12,17,群益金鼎-高雄,2023-04-18,9183
8926,台汽電,27,13,14,群益金鼎-高雄,2023-04-18,9183
6829,千附精密,22,9,13,群益金鼎-高雄,2023-04-18,9183
1609,大亞,27,14,13,群益金鼎-高雄,2023-04-18,9183
3028,增你強,12,0,12,群益金鼎-高雄,2023-04-18,9183
00751B,元大AAA至A公司債,12,0,12,群益金鼎-高雄,2023-04-18,9183
6244,茂迪,24,12,12,群益金鼎-高雄,2023-04-18,9183
2486,一詮,19,8,11,群益金鼎-高雄,2023-04-18,9183
00720B,元大投資級公司債,10,0,10,群益金鼎-高雄,2023-04-18,9183
00673R,期元大S＆P原油反1,10,0,10,群益金鼎-高雄,2023-04-18,9183
1319,東陽,12,2,10,群益金鼎-高雄,2023-04-18,9183
1560,中砂,10,0,10,群益金鼎-高雄,2023-04-18,9183
1584,精剛,66,56,10,群益金鼎-高雄,2023-04-18,9183
2472,立隆電,11,1,10,群益金鼎-高雄,2023-04-18,9183
3011,今皓,10,0,10,群益金鼎-高雄,2023-04-18,9183
3189,景碩,10,0,10,群益金鼎-高雄,2023-04-18,9183
6168,宏齊,10,0,10,群益金鼎-高雄,2023-04-18,9183
6282,康舒,27,17,10,群益金鼎-高雄,2023-04-18,9183
2884,玉山金,9,0,9,群益金鼎-高雄,2023-04-18,9183
2883B,凱基金乙特,151,0,151,群益金鼎-高雄,2023-04-19,9183
3673,TPK-KY,260,114,146,群益金鼎-高雄,2023-04-19,9183
3711,日月光投控,84,0,84,群益金鼎-高雄,2023-04-19,9183
3481,群創,101,31,70,群益金鼎-高雄,2023-04-19,9183
3515,華擎,61,0,61,群益金鼎-高雄,2023-04-19,9183
3663,鑫科,50,0,50,群益金鼎-高雄,2023-04-19,9183
2498,宏達電,42,1,41,群益金鼎-高雄,2023-04-19,9183
5301,寶得利,33,0,33,群益金鼎-高雄,2023-04-19,9183
2457,飛宏,115,88,27,群益金鼎-高雄,2023-04-19,9183
6770,力積電,28,3,25,群益金鼎-高雄,2023-04-19,9183
3037,欣興,27,3,24,群益金鼎-高雄,2023-04-19,9183
00888,永豐台灣ESG,24,0,24,群益金鼎-高雄,2023-04-19,9183
00712,復華富時不動產,32,9,23,群益金鼎-高雄,2023-04-19,9183
5227,立凱-KY,25,3,22,群益金鼎-高雄,2023-04-19,9183
6194,育富,24,3,21,群益金鼎-高雄,2023-04-19,9183
2344,華邦電,20,1,19,群益金鼎-高雄,2023-04-19,9183
1709,和益,20,1,19,群益金鼎-高雄,2023-04-19,9183
2313,華通,18,0,18,群益金鼎-高雄,2023-04-19,9183
2645,長榮航太,28,10,18,群益金鼎-高雄,2023-04-19,9183
00923,群益台ESG低碳50,17,0,17,群益金鼎-高雄,2023-04-19,9183
1533,車王電,16,0,16,群益金鼎-高雄,2023-04-19,9183
4123,晟德,16,0,16,群益金鼎-高雄,2023-04-19,9183
8086,宏捷科,19,3,16,群益金鼎-高雄,2023-04-19,9183
2492,華新科,14,0,14,群益金鼎-高雄,2023-04-19,9183
2330,台積電,17,3,14,群益金鼎-高雄,2023-04-19,9183
8383,千附,25,12,13,群益金鼎-高雄,2023-04-19,9183
1504,東元,34,22,12,群益金鼎-高雄,2023-04-19,9183
2413,環科,21,9,12,群益金鼎-高雄,2023-04-19,9183
2630,亞航,12,0,12,群益金鼎-高雄,2023-04-19,9183
3056,富華新,13,1,12,群益金鼎-高雄,2023-04-19,9183
4114,健喬,16,4,12,群益金鼎-高雄,2023-04-19,9183
00753L,中信中國50正2,11,0,11,群益金鼎-高雄,2023-04-19,9183
1513,中興電,17,6,11,群益金鼎-高雄,2023-04-19,9183
2014,中鴻,12,1,11,群益金鼎-高雄,2023-04-19,9183
2393,億光,11,0,11,群益金鼎-高雄,2023-04-19,9183
3032,偉訓,14,3,11,群益金鼎-高雄,2023-04-19,9183
4908,前鼎,12,1,11,群益金鼎-高雄,2023-04-19,9183
6167,久正,17,6,11,群益金鼎-高雄,2023-04-19,9183
8440,綠電,11,0,11,群益金鼎-高雄,2023-04-19,9183
1309,台達化,10,0,10,群益金鼎-高雄,2023-04-19,9183
00902,中信電池及儲能,10,0,10,群益金鼎-高雄,2023-04-19,9183
00896,中信綠能及電動車,10,0,10,群益金鼎-高雄,2023-04-19,9183
1503,士電,16,6,10,群益金鼎-高雄,2023-04-19,9183
1524,耿鼎,10,0,10,群益金鼎-高雄,2023-04-19,9183
1909,榮成,10,0,10,群益金鼎-高雄,2023-04-19,9183
2882,國泰金,15,5,10,群益金鼎-高雄,2023-04-19,9183
3708,上緯投控,10,0,10,群益金鼎-高雄,2023-04-19,9183
5905,南仁湖,10,0,10,群益金鼎-高雄,2023-04-19,9183
6116,彩晶,10,0,10,群益金鼎-高雄,2023-04-19,9183
3710,連展投控,12,3,9,群益金鼎-高雄,2023-04-19,9183
00753L,中信中國50正2,80,0,80,群益金鼎-高雄,2023-04-20,9183
2734,易飛網,44,1,43,群益金鼎-高雄,2023-04-20,9183
8383,千附,40,0,40,群益金鼎-高雄,2023-04-20,9183
9962,有益,40,0,40,群益金鼎-高雄,2023-04-20,9183
2498,宏達電,127,90,37,群益金鼎-高雄,2023-04-20,9183
3078,僑威,81,45,36,群益金鼎-高雄,2023-04-20,9183
1709,和益,50,14,36,群益金鼎-高雄,2023-04-20,9183
2457,飛宏,62,29,33,群益金鼎-高雄,2023-04-20,9183
5905,南仁湖,30,0,30,群益金鼎-高雄,2023-04-20,9183
00772B,中信高評級公司債,28,0,28,群益金鼎-高雄,2023-04-20,9183
2303,聯電,29,1,28,群益金鼎-高雄,2023-04-20,9183
2329,華泰,31,3,28,群益金鼎-高雄,2023-04-20,9183
6470,宇智,29,5,24,群益金鼎-高雄,2023-04-20,9183
6443,元晶,29,6,23,群益金鼎-高雄,2023-04-20,9183
3663,鑫科,22,0,22,群益金鼎-高雄,2023-04-20,9183
1708,東鹼,22,0,22,群益金鼎-高雄,2023-04-20,9183
3017,奇鋐,21,2,19,群益金鼎-高雄,2023-04-20,9183
00637L,元大滬深300正2,21,3,18,群益金鼎-高雄,2023-04-20,9183
2906,高林,18,0,18,群益金鼎-高雄,2023-04-20,9183
6235,華孚,64,49,15,群益金鼎-高雄,2023-04-20,9183
2201,裕隆,18,4,14,群益金鼎-高雄,2023-04-20,9183
00712,復華富時不動產,13,0,13,群益金鼎-高雄,2023-04-20,9183
6282,康舒,77,64,13,群益金鼎-高雄,2023-04-20,9183
1319,東陽,12,0,12,群益金鼎-高雄,2023-04-20,9183
1905,華紙,12,0,12,群益金鼎-高雄,2023-04-20,9183
2883,凱基金,13,1,12,群益金鼎-高雄,2023-04-20,9183
1584,精剛,15,4,11,群益金鼎-高雄,2023-04-20,9183
2618,長榮航,11,0,11,群益金鼎-高雄,2023-04-20,9183
00888,永豐台灣ESG,10,0,10,群益金鼎-高雄,2023-04-20,9183
6770,力積電,11,1,10,群益金鼎-高雄,2023-04-20,9183
00907,永豐優息存股,10,0,10,群益金鼎-高雄,2023-04-20,9183
00679B,元大美債20年,10,0,10,群益金鼎-高雄,2023-04-20,9183
1560,中砂,11,1,10,群益金鼎-高雄,2023-04-20,9183
2324,仁寶,16,6,10,群益金鼎-高雄,2023-04-20,9183
3049,精金,20,10,10,群益金鼎-高雄,2023-04-20,9183
3432,台端,11,1,10,群益金鼎-高雄,2023-04-20,9183
4916,事欣科,14,4,10,群益金鼎-高雄,2023-04-20,9183
6109,亞元,10,0,10,群益金鼎-高雄,2023-04-20,9183
6244,茂迪,70,61,9,群益金鼎-高雄,2023-04-20,9183
2486,一詮,9,0,9,群益金鼎-高雄,2023-04-20,9183
3029,零壹,16,7,9,群益金鼎-高雄,2023-04-20,9183
3128,昇銳,10,1,9,群益金鼎-高雄,2023-04-20,9183
5521,工信,9,0,9,群益金鼎-高雄,2023-04-20,9183
3287,廣寰科,8,0,8,群益金鼎-高雄,2023-04-20,9183
4541,晟田,10,2,8,群益金鼎-高雄,2023-04-20,9183
1605,華新,12,5,7,群益金鼎-高雄,2023-04-20,9183
2645,長榮航太,15,8,7,群益金鼎-高雄,2023-04-20,9183
2888,新光金,9,2,7,群益金鼎-高雄,2023-04-20,9183
4128,中天,9,2,7,群益金鼎-高雄,2023-04-20,9183
1609,大亞,12,6,6,群益金鼎-高雄,2023-04-20,9183
3217,優群,197,1,196,群益金鼎-高雄,2023-04-21,9183
2534,宏盛,60,0,60,群益金鼎-高雄,2023-04-21,9183
3673,TPK-KY,67,7,60,群益金鼎-高雄,2023-04-21,9183
00753L,中信中國50正2,52,0,52,群益金鼎-高雄,2023-04-21,9183
1710,東聯,53,1,52,群益金鼎-高雄,2023-04-21,9183
1312,國喬,40,1,39,群益金鼎-高雄,2023-04-21,9183
3015,全漢,38,2,36,群益金鼎-高雄,2023-04-21,9183
00679B,元大美債20年,33,2,31,群益金鼎-高雄,2023-04-21,9183
1314,中石化,30,0,30,群益金鼎-高雄,2023-04-21,9183
2356,英業達,30,0,30,群益金鼎-高雄,2023-04-21,9183
2303,聯電,35,7,28,群益金鼎-高雄,2023-04-21,9183
2344,華邦電,45,18,27,群益金鼎-高雄,2023-04-21,9183
00720B,元大投資級公司債,23,0,23,群益金鼎-高雄,2023-04-21,9183
2492,華新科,29,8,21,群益金鼎-高雄,2023-04-21,9183
1616,億泰,20,0,20,群益金鼎-高雄,2023-04-21,9183
1709,和益,20,0,20,群益金鼎-高雄,2023-04-21,9183
3049,精金,25,5,20,群益金鼎-高雄,2023-04-21,9183
4155,訊映,20,0,20,群益金鼎-高雄,2023-04-21,9183
6770,力積電,20,1,19,群益金鼎-高雄,2023-04-21,9183
1513,中興電,25,7,18,群益金鼎-高雄,2023-04-21,9183
00923,群益台ESG低碳50,18,0,18,群益金鼎-高雄,2023-04-21,9183
2007,燁興,18,1,17,群益金鼎-高雄,2023-04-21,9183
00715L,期街口布蘭特正2,15,0,15,群益金鼎-高雄,2023-04-21,9183
1611,中電,22,7,15,群益金鼎-高雄,2023-04-21,9183
6142,友勁,15,0,15,群益金鼎-高雄,2023-04-21,9183
8289,泰藝,16,1,15,群益金鼎-高雄,2023-04-21,9183
3576,聯合再生,17,3,14,群益金鼎-高雄,2023-04-21,9183
5483,中美晶,14,0,14,群益金鼎-高雄,2023-04-21,9183
6015,宏遠證,20,6,14,群益金鼎-高雄,2023-04-21,9183
6122,擎邦,20,6,14,群益金鼎-高雄,2023-04-21,9183
5512,力麒,13,0,13,群益金鼎-高雄,2023-04-21,9183
2498,宏達電,22,10,12,群益金鼎-高雄,2023-04-21,9183
1720,生達,17,5,12,群益金鼎-高雄,2023-04-21,9183
2501,國建,12,0,12,群益金鼎-高雄,2023-04-21,9183
9136,巨騰-DR,37,25,12,群益金鼎-高雄,2023-04-21,9183
2610,華航,13,1,12,群益金鼎-高雄,2023-04-21,9183
2603,長榮,13,2,11,群益金鼎-高雄,2023-04-21,9183
1522,堤維西,11,0,11,群益金鼎-高雄,2023-04-21,9183
6139,亞翔,12,1,11,群益金鼎-高雄,2023-04-21,9183
1605,華新,16,5,11,群益金鼎-高雄,2023-04-21,9183
6125,廣運,18,7,11,群益金鼎-高雄,2023-04-21,9183
1909,榮成,22,12,10,群益金鼎-高雄,2023-04-21,9183
2031,新光鋼,20,10,10,群益金鼎-高雄,2023-04-21,9183
2340,台亞,10,0,10,群益金鼎-高雄,2023-04-21,9183
3264,欣銓,10,0,10,群益金鼎-高雄,2023-04-21,9183
4130,健亞,10,0,10,群益金鼎-高雄,2023-04-21,9183
5388,中磊,10,0,10,群益金鼎-高雄,2023-04-21,9183
5905,南仁湖,10,0,10,群益金鼎-高雄,2023-04-21,9183
6558,興能高,10,0,10,群益金鼎-高雄,2023-04-21,9183
8034,榮群,10,0,10,群益金鼎-高雄,2023-04-21,9183
3049,精金,250,20,230,群益金鼎-高雄,2023-04-24,9183
4113,聯上,85,0,85,群益金鼎-高雄,2023-04-24,9183
6695,芯鼎,84,0,84,群益金鼎-高雄,2023-04-24,9183
00637L,元大滬深300正2,37,2,35,群益金鼎-高雄,2023-04-24,9183
00720B,元大投資級公司債,32,0,32,群益金鼎-高雄,2023-04-24,9183
00706L,期元大S＆P日圓正2,30,0,30,群益金鼎-高雄,2023-04-24,9183
2313,華通,35,7,28,群益金鼎-高雄,2023-04-24,9183
00902,中信電池及儲能,36,10,26,群益金鼎-高雄,2023-04-24,9183
2340,台亞,27,2,25,群益金鼎-高雄,2023-04-24,9183
3141,晶宏,25,0,25,群益金鼎-高雄,2023-04-24,9183
00712,復華富時不動產,23,0,23,群益金鼎-高雄,2023-04-24,9183
00753L,中信中國50正2,30,8,22,群益金鼎-高雄,2023-04-24,9183
2618,長榮航,21,0,21,群益金鼎-高雄,2023-04-24,9183
1101,台泥,61,40,21,群益金鼎-高雄,2023-04-24,9183
3481,群創,35,15,20,群益金鼎-高雄,2023-04-24,9183
2303,聯電,27,9,18,群益金鼎-高雄,2023-04-24,9183
3035,智原,25,8,17,群益金鼎-高雄,2023-04-24,9183
6244,茂迪,24,8,16,群益金鼎-高雄,2023-04-24,9183
2906,高林,15,0,15,群益金鼎-高雄,2023-04-24,9183
00878,國泰永續高股息,14,0,14,群益金鼎-高雄,2023-04-24,9183
00923,群益台ESG低碳50,13,0,13,群益金鼎-高雄,2023-04-24,9183
3013,晟銘電,15,3,12,群益金鼎-高雄,2023-04-24,9183
3321,同泰,12,0,12,群益金鼎-高雄,2023-04-24,9183
4510,高鋒,11,0,11,群益金鼎-高雄,2023-04-24,9183
1783,和康生,10,0,10,群益金鼎-高雄,2023-04-24,9183
2438,翔耀,10,0,10,群益金鼎-高雄,2023-04-24,9183
3033,威健,10,0,10,群益金鼎-高雄,2023-04-24,9183
4167,松瑞藥,10,0,10,群益金鼎-高雄,2023-04-24,9183
2409,友達,9,0,9,群益金鼎-高雄,2023-04-24,9183
2031,新光鋼,30,22,8,群益金鼎-高雄,2023-04-24,9183
2328,廣宇,8,0,8,群益金鼎-高雄,2023-04-24,9183
3078,僑威,14,6,8,群益金鼎-高雄,2023-04-24,9183
1513,中興電,13,6,7,群益金鼎-高雄,2023-04-24,9183
2492,華新科,17,10,7,群益金鼎-高雄,2023-04-24,9183
8927,北基,10,3,7,群益金鼎-高雄,2023-04-24,9183
00632R,元大台灣50反1,10,4,6,群益金鼎-高雄,2023-04-24,9183
1616,億泰,6,0,6,群益金鼎-高雄,2023-04-24,9183
2014,中鴻,24,18,6,群益金鼎-高雄,2023-04-24,9183
2453,凌群,19,13,6,群益金鼎-高雄,2023-04-24,9183
3711,日月光投控,6,0,6,群益金鼎-高雄,2023-04-24,9183
6133,金橋,6,0,6,群益金鼎-高雄,2023-04-24,9183
6735,美達科技,6,0,6,群益金鼎-高雄,2023-04-24,9183
8038,長園科,6,0,6,群益金鼎-高雄,2023-04-24,9183
8088,品安,6,0,6,群益金鼎-高雄,2023-04-24,9183
8227,巨有科技,6,0,6,群益金鼎-高雄,2023-04-24,9183
00907,永豐優息存股,5,0,5,群益金鼎-高雄,2023-04-24,9183
00680L,元大美債20正2,5,0,5,群益金鼎-高雄,2023-04-24,9183
1103,嘉泥,5,0,5,群益金鼎-高雄,2023-04-24,9183
2010,春源,5,0,5,群益金鼎-高雄,2023-04-24,9183
2108,南帝,5,0,5,群益金鼎-高雄,2023-04-24,9183
00637L,元大滬深300正2,143,11,132,群益金鼎-高雄,2023-04-25,9183
2393,億光,51,0,51,群益金鼎-高雄,2023-04-25,9183
2618,長榮航,51,2,49,群益金鼎-高雄,2023-04-25,9183
2344,華邦電,46,2,44,群益金鼎-高雄,2023-04-25,9183
3078,僑威,43,3,40,群益金鼎-高雄,2023-04-25,9183
00923,群益台ESG低碳50,39,0,39,群益金鼎-高雄,2023-04-25,9183
00632R,元大台灣50反1,79,40,39,群益金鼎-高雄,2023-04-25,9183
6142,友勁,34,0,34,群益金鼎-高雄,2023-04-25,9183
00720B,元大投資級公司債,30,0,30,群益金鼎-高雄,2023-04-25,9183
8289,泰藝,31,1,30,群益金鼎-高雄,2023-04-25,9183
2409,友達,26,0,26,群益金鼎-高雄,2023-04-25,9183
00772B,中信高評級公司債,35,10,25,群益金鼎-高雄,2023-04-25,9183
3141,晶宏,25,3,22,群益金鼎-高雄,2023-04-25,9183
00712,復華富時不動產,22,0,22,群益金鼎-高雄,2023-04-25,9183
00919,群益台灣精選高息,21,0,21,群益金鼎-高雄,2023-04-25,9183
2457,飛宏,119,98,21,群益金鼎-高雄,2023-04-25,9183
6248,沛波,31,10,21,群益金鼎-高雄,2023-04-25,9183
2303,聯電,32,12,20,群益金鼎-高雄,2023-04-25,9183
1609,大亞,22,2,20,群益金鼎-高雄,2023-04-25,9183
2010,春源,20,0,20,群益金鼎-高雄,2023-04-25,9183
3339,泰谷,19,0,19,群益金鼎-高雄,2023-04-25,9183
2634,漢翔,110,91,19,群益金鼎-高雄,2023-04-25,9183
1310,台苯,28,10,18,群益金鼎-高雄,2023-04-25,9183
00679B,元大美債20年,17,0,17,群益金鼎-高雄,2023-04-25,9183
2492,華新科,16,0,16,群益金鼎-高雄,2023-04-25,9183
2884,玉山金,24,8,16,群益金鼎-高雄,2023-04-25,9183
3048,益登,16,0,16,群益金鼎-高雄,2023-04-25,9183
6282,康舒,43,27,16,群益金鼎-高雄,2023-04-25,9183
8070,長華*,15,0,15,群益金鼎-高雄,2023-04-25,9183
1513,中興電,22,7,15,群益金鼎-高雄,2023-04-25,9183
4960,誠美材,23,8,15,群益金鼎-高雄,2023-04-25,9183
00753L,中信中國50正2,14,0,14,群益金鼎-高雄,2023-04-25,9183
6244,茂迪,14,0,14,群益金鼎-高雄,2023-04-25,9183
8091,翔名,16,2,14,群益金鼎-高雄,2023-04-25,9183
2603,長榮,18,5,13,群益金鼎-高雄,2023-04-25,9183
1904,正隆,35,22,13,群益金鼎-高雄,2023-04-25,9183
2455,全新,13,0,13,群益金鼎-高雄,2023-04-25,9183
3673,TPK-KY,13,0,13,群益金鼎-高雄,2023-04-25,9183
1605,華新,22,9,13,群益金鼎-高雄,2023-04-25,9183
2601,益航,12,0,12,群益金鼎-高雄,2023-04-25,9183
2481,強茂,15,4,11,群益金鼎-高雄,2023-04-25,9183
2610,華航,20,9,11,群益金鼎-高雄,2023-04-25,9183
2913,農林,15,4,11,群益金鼎-高雄,2023-04-25,9183
3169,亞信,11,0,11,群益金鼎-高雄,2023-04-25,9183
8072,陞泰,11,0,11,群益金鼎-高雄,2023-04-25,9183
9136,巨騰-DR,11,0,11,群益金鼎-高雄,2023-04-25,9183
2342,茂矽,11,0,11,群益金鼎-高雄,2023-04-25,9183
3231,緯創,18,8,10,群益金鼎-高雄,2023-04-25,9183
3265,台星科,10,0,10,群益金鼎-高雄,2023-04-25,9183
00643,群益深証中小,10,0,10,群益金鼎-高雄,2023-04-25,9183
3035,智原,181,11,170,群益金鼎-高雄,2023-04-26,9183
8093,保銳,65,1,64,群益金鼎-高雄,2023-04-26,9183
3303,岱稜,44,0,44,群益金鼎-高雄,2023-04-26,9183
0056,元大高股息,43,0,43,群益金鼎-高雄,2023-04-26,9183
1905,華紙,99,69,30,群益金鼎-高雄,2023-04-26,9183
2344,華邦電,31,1,30,群益金鼎-高雄,2023-04-26,9183
2303,聯電,31,2,29,群益金鼎-高雄,2023-04-26,9183
00712,復華富時不動產,29,0,29,群益金鼎-高雄,2023-04-26,9183
2027,大成鋼,40,15,25,群益金鼎-高雄,2023-04-26,9183
6142,友勁,24,3,21,群益金鼎-高雄,2023-04-26,9183
00878,國泰永續高股息,26,6,20,群益金鼎-高雄,2023-04-26,9183
2609,陽明,21,4,17,群益金鼎-高雄,2023-04-26,9183
00679B,元大美債20年,29,13,16,群益金鼎-高雄,2023-04-26,9183
2606,裕民,17,1,16,群益金鼎-高雄,2023-04-26,9183
2618,長榮航,21,5,16,群益金鼎-高雄,2023-04-26,9183
3576,聯合再生,16,1,15,群益金鼎-高雄,2023-04-26,9183
6695,芯鼎,25,10,15,群益金鼎-高雄,2023-04-26,9183
2634,漢翔,31,17,14,群益金鼎-高雄,2023-04-26,9183
3058,立德,14,0,14,群益金鼎-高雄,2023-04-26,9183
8222,寶一,48,34,14,群益金鼎-高雄,2023-04-26,9183
1101,台泥,34,21,13,群益金鼎-高雄,2023-04-26,9183
1708,東鹼,12,0,12,群益金鼎-高雄,2023-04-26,9183
00885,富邦越南,11,0,11,群益金鼎-高雄,2023-04-26,9183
00715L,期街口布蘭特正2,11,0,11,群益金鼎-高雄,2023-04-26,9183
3481,群創,11,0,11,群益金鼎-高雄,2023-04-26,9183
8927,北基,12,1,11,群益金鼎-高雄,2023-04-26,9183
3711,日月光投控,10,0,10,群益金鼎-高雄,2023-04-26,9183
00905,FT臺灣Smart,10,0,10,群益金鼎-高雄,2023-04-26,9183
00642U,期元大S＆P石油,10,0,10,群益金鼎-高雄,2023-04-26,9183
2382,廣達,10,0,10,群益金鼎-高雄,2023-04-26,9183
2607,榮運,10,0,10,群益金鼎-高雄,2023-04-26,9183
2610,華航,15,5,10,群益金鼎-高雄,2023-04-26,9183
3078,僑威,14,4,10,群益金鼎-高雄,2023-04-26,9183
5609,中菲行,10,0,10,群益金鼎-高雄,2023-04-26,9183
9136,巨騰-DR,10,0,10,群益金鼎-高雄,2023-04-26,9183
006208,富邦台50,9,0,9,群益金鼎-高雄,2023-04-26,9183
2206,三陽工業,11,3,8,群益金鼎-高雄,2023-04-26,9183
4123,晟德,8,0,8,群益金鼎-高雄,2023-04-26,9183
4977,眾達-KY,9,1,8,群益金鼎-高雄,2023-04-26,9183
4960,誠美材,7,0,7,群益金鼎-高雄,2023-04-26,9183
2002,中鋼,7,0,7,群益金鼎-高雄,2023-04-26,9183
00772B,中信高評級公司債,7,0,7,群益金鼎-高雄,2023-04-26,9183
3105,穩懋,7,0,7,群益金鼎-高雄,2023-04-26,9183
9955,佳龍,12,5,7,群益金鼎-高雄,2023-04-26,9183
2883B,凱基金乙特,7,0,7,群益金鼎-高雄,2023-04-26,9183
2330,台積電,12,6,6,群益金鼎-高雄,2023-04-26,9183
00907,永豐優息存股,6,0,6,群益金鼎-高雄,2023-04-26,9183
00696B,富邦美債20年,6,0,6,群益金鼎-高雄,2023-04-26,9183
1524,耿鼎,9,3,6,群益金鼎-高雄,2023-04-26,9183
2429,銘旺科,6,0,6,群益金鼎-高雄,2023-04-26,9183
3057,喬鼎,45,0,45,群益金鼎-高雄,2023-04-27,9183
1314,中石化,50,10,40,群益金鼎-高雄,2023-04-27,9183
3037,欣興,39,7,32,群益金鼎-高雄,2023-04-27,9183
2002,中鋼,31,0,31,群益金鼎-高雄,2023-04-27,9183
2027,大成鋼,31,0,31,群益金鼎-高雄,2023-04-27,9183
2014,中鴻,33,5,28,群益金鼎-高雄,2023-04-27,9183
00632R,元大台灣50反1,25,0,25,群益金鼎-高雄,2023-04-27,9183
3363,上詮,26,1,25,群益金鼎-高雄,2023-04-27,9183
6244,茂迪,25,2,23,群益金鼎-高雄,2023-04-27,9183
2883,凱基金,32,10,22,群益金鼎-高雄,2023-04-27,9183
00876,元大全球5G,21,0,21,群益金鼎-高雄,2023-04-27,9183
3078,僑威,22,1,21,群益金鼎-高雄,2023-04-27,9183
00715L,期街口布蘭特正2,17,0,17,群益金鼎-高雄,2023-04-27,9183
2609,陽明,20,3,17,群益金鼎-高雄,2023-04-27,9183
1711,永光,99,83,16,群益金鼎-高雄,2023-04-27,9183
2618,長榮航,28,13,15,群益金鼎-高雄,2023-04-27,9183
2603,長榮,18,4,14,群益金鼎-高雄,2023-04-27,9183
1101,台泥,37,23,14,群益金鼎-高雄,2023-04-27,9183
1584,精剛,16,2,14,群益金鼎-高雄,2023-04-27,9183
00923,群益台ESG低碳50,13,0,13,群益金鼎-高雄,2023-04-27,9183
2884,玉山金,12,0,12,群益金鼎-高雄,2023-04-27,9183
00720B,元大投資級公司債,12,0,12,群益金鼎-高雄,2023-04-27,9183
00897,富邦基因免疫生技,12,0,12,群益金鼎-高雄,2023-04-27,9183
1810,和成,13,1,12,群益金鼎-高雄,2023-04-27,9183
2330,台積電,15,3,12,群益金鼎-高雄,2023-04-27,9183
1104,環泥,10,0,10,群益金鼎-高雄,2023-04-27,9183
2388,威盛,11,1,10,群益金鼎-高雄,2023-04-27,9183
2886,兆豐金,10,0,10,群益金鼎-高雄,2023-04-27,9183
3202,樺晟,10,0,10,群益金鼎-高雄,2023-04-27,9183
3664,安瑞-KY,10,0,10,群益金鼎-高雄,2023-04-27,9183
6015,宏遠證,10,0,10,群益金鼎-高雄,2023-04-27,9183
00712,復華富時不動產,9,0,9,群益金鼎-高雄,2023-04-27,9183
00637L,元大滬深300正2,9,0,9,群益金鼎-高雄,2023-04-27,9183
3265,台星科,11,2,9,群益金鼎-高雄,2023-04-27,9183
1709,和益,20,12,8,群益金鼎-高雄,2023-04-27,9183
2206,三陽工業,37,29,8,群益金鼎-高雄,2023-04-27,9183
2208,台船,9,1,8,群益金鼎-高雄,2023-04-27,9183
2888,新光金,10,2,8,群益金鼎-高雄,2023-04-27,9183
6282,康舒,42,34,8,群益金鼎-高雄,2023-04-27,9183
8091,翔名,7,0,7,群益金鼎-高雄,2023-04-27,9183
1310,台苯,13,6,7,群益金鼎-高雄,2023-04-27,9183
1219,福壽,7,0,7,群益金鼎-高雄,2023-04-27,9183
5009,榮剛,11,4,7,群益金鼎-高雄,2023-04-27,9183
2883B,凱基金乙特,7,0,7,群益金鼎-高雄,2023-04-27,9183
0056,元大高股息,7,1,6,群益金鼎-高雄,2023-04-27,9183
00751B,元大AAA至A公司債,7,1,6,群益金鼎-高雄,2023-04-27,9183
3038,全台,6,0,6,群益金鼎-高雄,2023-04-27,9183
6751,智聯服務,6,0,6,群益金鼎-高雄,2023-04-27,9183
1471,首利,5,0,5,群益金鼎-高雄,2023-04-27,9183
1210,大成,5,0,5,群益金鼎-高雄,2023-04-27,9183
00632R,元大台灣50反1,370,53,317,群益金鼎-高雄,2023-04-28,9183
2409,友達,137,0,137,群益金鼎-高雄,2023-04-28,9183
2371,大同,100,0,100,群益金鼎-高雄,2023-04-28,9183
00903,富邦元宇宙,100,5,95,群益金鼎-高雄,2023-04-28,9183
3481,群創,102,55,47,群益金鼎-高雄,2023-04-28,9183
1314,中石化,40,0,40,群益金鼎-高雄,2023-04-28,9183
00679B,元大美債20年,36,0,36,群益金鼎-高雄,2023-04-28,9183
00753L,中信中國50正2,132,100,32,群益金鼎-高雄,2023-04-28,9183
4916,事欣科,47,15,32,群益金鼎-高雄,2023-04-28,9183
4720,德淵,30,0,30,群益金鼎-高雄,2023-04-28,9183
2880,華南金,25,0,25,群益金鼎-高雄,2023-04-28,9183
3049,精金,28,3,25,群益金鼎-高雄,2023-04-28,9183
8049,晶采,24,0,24,群益金鼎-高雄,2023-04-28,9183
00897,富邦基因免疫生技,23,0,23,群益金鼎-高雄,2023-04-28,9183
8070,長華*,20,0,20,群益金鼎-高雄,2023-04-28,9183
00706L,期元大S＆P日圓正2,20,0,20,群益金鼎-高雄,2023-04-28,9183
6116,彩晶,25,5,20,群益金鼎-高雄,2023-04-28,9183
00712,復華富時不動產,20,2,18,群益金鼎-高雄,2023-04-28,9183
3078,僑威,32,16,16,群益金鼎-高雄,2023-04-28,9183
2002,中鋼,15,0,15,群益金鼎-高雄,2023-04-28,9183
2882,國泰金,23,10,13,群益金鼎-高雄,2023-04-28,9183
00902,中信電池及儲能,12,0,12,群益金鼎-高雄,2023-04-28,9183
1584,精剛,12,0,12,群益金鼎-高雄,2023-04-28,9183
3704,合勤控,17,5,12,群益金鼎-高雄,2023-04-28,9183
2606,裕民,12,0,12,群益金鼎-高雄,2023-04-28,9183
4113,聯上,11,0,11,群益金鼎-高雄,2023-04-28,9183
6148,驊宏資,11,0,11,群益金鼎-高雄,2023-04-28,9183
00773B,中信優先金融債,10,0,10,群益金鼎-高雄,2023-04-28,9183
2030,彰源,10,0,10,群益金鼎-高雄,2023-04-28,9183
2313,華通,15,5,10,群益金鼎-高雄,2023-04-28,9183
2376,技嘉,10,0,10,群益金鼎-高雄,2023-04-28,9183
2413,環科,10,0,10,群益金鼎-高雄,2023-04-28,9183
3038,全台,10,0,10,群益金鼎-高雄,2023-04-28,9183
4513,福裕,10,0,10,群益金鼎-高雄,2023-04-28,9183
6733,博晟生醫,11,1,10,群益金鼎-高雄,2023-04-28,9183
2022,聚亨,9,0,9,群益金鼎-高雄,2023-04-28,9183
2883B,凱基金乙特,9,0,9,群益金鼎-高雄,2023-04-28,9183
6194,育富,9,0,9,群益金鼎-高雄,2023-04-28,9183
1605,華新,24,16,8,群益金鼎-高雄,2023-04-28,9183
00751B,元大AAA至A公司債,8,0,8,群益金鼎-高雄,2023-04-28,9183
1504,東元,9,1,8,群益金鼎-高雄,2023-04-28,9183
4108,懷特,7,0,7,群益金鼎-高雄,2023-04-28,9183
6266,泰詠,13,6,7,群益金鼎-高雄,2023-04-28,9183
6282,康舒,54,47,7,群益金鼎-高雄,2023-04-28,9183
2303,聯電,21,14,7,群益金鼎-高雄,2023-04-28,9183
1560,中砂,6,0,6,群益金鼎-高雄,2023-04-28,9183
3032,偉訓,6,0,6,群益金鼎-高雄,2023-04-28,9183
4566,時碩工業,9,3,6,群益金鼎-高雄,2023-04-28,9183
6234,高僑,6,0,6,群益金鼎-高雄,2023-04-28,9183
6443,元晶,6,0,6,群益金鼎-高雄,2023-04-28,9183
1734,杏輝,120,5,115,群益金鼎-高雄,2023-05-02,9183
2884,玉山金,68,0,68,群益金鼎-高雄,2023-05-02,9183
4121,優盛,104,36,68,群益金鼎-高雄,2023-05-02,9183
6695,芯鼎,36,0,36,群益金鼎-高雄,2023-05-02,9183
5301,寶得利,34,0,34,群益金鼎-高雄,2023-05-02,9183
00772B,中信高評級公司債,33,0,33,群益金鼎-高雄,2023-05-02,9183
2601,益航,29,0,29,群益金鼎-高雄,2023-05-02,9183
2344,華邦電,42,15,27,群益金鼎-高雄,2023-05-02,9183
6185,幃翔,27,1,26,群益金鼎-高雄,2023-05-02,9183
00632R,元大台灣50反1,25,0,25,群益金鼎-高雄,2023-05-02,9183
6122,擎邦,25,0,25,群益金鼎-高雄,2023-05-02,9183
2603,長榮,54,30,24,群益金鼎-高雄,2023-05-02,9183
9136,巨騰-DR,24,0,24,群益金鼎-高雄,2023-05-02,9183
2609,陽明,30,7,23,群益金鼎-高雄,2023-05-02,9183
1721,三晃,26,3,23,群益金鼎-高雄,2023-05-02,9183
00706L,期元大S＆P日圓正2,20,0,20,群益金鼎-高雄,2023-05-02,9183
00751B,元大AAA至A公司債,20,0,20,群益金鼎-高雄,2023-05-02,9183
6114,久威,18,0,18,群益金鼎-高雄,2023-05-02,9183
4720,德淵,32,15,17,群益金鼎-高雄,2023-05-02,9183
00878,國泰永續高股息,16,0,16,群益金鼎-高雄,2023-05-02,9183
2610,華航,16,0,16,群益金鼎-高雄,2023-05-02,9183
1514,亞力,20,5,15,群益金鼎-高雄,2023-05-02,9183
6282,康舒,24,10,14,群益金鼎-高雄,2023-05-02,9183
2634,漢翔,44,30,14,群益金鼎-高雄,2023-05-02,9183
00773B,中信優先金融債,12,0,12,群益金鼎-高雄,2023-05-02,9183
1720,生達,18,7,11,群益金鼎-高雄,2023-05-02,9183
1909,榮成,11,0,11,群益金鼎-高雄,2023-05-02,9183
2329,華泰,12,1,11,群益金鼎-高雄,2023-05-02,9183
6148,驊宏資,23,12,11,群益金鼎-高雄,2023-05-02,9183
2881,富邦金,11,0,11,群益金鼎-高雄,2023-05-02,9183
00725B,國泰投資級公司債,10,0,10,群益金鼎-高雄,2023-05-02,9183
1519,華城,22,12,10,群益金鼎-高雄,2023-05-02,9183
3306,鼎天,10,0,10,群益金鼎-高雄,2023-05-02,9183
1701,中化,15,6,9,群益金鼎-高雄,2023-05-02,9183
1711,永光,11,2,9,群益金鼎-高雄,2023-05-02,9183
6829,千附精密,10,1,9,群益金鼎-高雄,2023-05-02,9183
3479,安勤,11,3,8,群益金鼎-高雄,2023-05-02,9183
6735,美達科技,8,0,8,群益金鼎-高雄,2023-05-02,9183
8049,晶采,8,0,8,群益金鼎-高雄,2023-05-02,9183
00720B,元大投資級公司債,7,0,7,群益金鼎-高雄,2023-05-02,9183
1905,華紙,21,14,7,群益金鼎-高雄,2023-05-02,9183
2208,台船,12,5,7,群益金鼎-高雄,2023-05-02,9183
3071,協禧,10,3,7,群益金鼎-高雄,2023-05-02,9183
00740B,富邦全球投等債,6,0,6,群益金鼎-高雄,2023-05-02,9183
00712,復華富時不動產,6,0,6,群益金鼎-高雄,2023-05-02,9183
006208,富邦台50,6,0,6,群益金鼎-高雄,2023-05-02,9183
3499,環天科,6,0,6,群益金鼎-高雄,2023-05-02,9183
3682,亞太電,6,0,6,群益金鼎-高雄,2023-05-02,9183
4960,誠美材,6,0,6,群益金鼎-高雄,2023-05-02,9183
2206,三陽工業,13,7,6,群益金鼎-高雄,2023-05-02,9183
00637L,元大滬深300正2,150,0,150,群益金鼎-高雄,2023-05-03,9183
00753L,中信中國50正2,65,0,65,群益金鼎-高雄,2023-05-03,9183
00712,復華富時不動產,55,0,55,群益金鼎-高雄,2023-05-03,9183
1711,永光,42,0,42,群益金鼎-高雄,2023-05-03,9183
8038,長園科,44,10,34,群益金鼎-高雄,2023-05-03,9183
00715L,期街口布蘭特正2,35,3,32,群益金鼎-高雄,2023-05-03,9183
6695,芯鼎,29,0,29,群益金鼎-高雄,2023-05-03,9183
6114,久威,24,0,24,群益金鼎-高雄,2023-05-03,9183
2603,長榮,46,24,22,群益金鼎-高雄,2023-05-03,9183
9136,巨騰-DR,34,13,21,群益金鼎-高雄,2023-05-03,9183
2022,聚亨,21,1,20,群益金鼎-高雄,2023-05-03,9183
2601,益航,20,0,20,群益金鼎-高雄,2023-05-03,9183
2913,農林,32,12,20,群益金鼎-高雄,2023-05-03,9183
5353,台林,14,0,14,群益金鼎-高雄,2023-05-03,9183
6235,華孚,22,8,14,群益金鼎-高雄,2023-05-03,9183
1514,亞力,19,5,14,群益金鼎-高雄,2023-05-03,9183
2610,華航,27,14,13,群益金鼎-高雄,2023-05-03,9183
2834,臺企銀,13,0,13,群益金鼎-高雄,2023-05-03,9183
4979,華星光,44,31,13,群益金鼎-高雄,2023-05-03,9183
6282,康舒,29,16,13,群益金鼎-高雄,2023-05-03,9183
2630,亞航,12,0,12,群益金鼎-高雄,2023-05-03,9183
0056,元大高股息,12,0,12,群益金鼎-高雄,2023-05-03,9183
2892,第一金,21,10,11,群益金鼎-高雄,2023-05-03,9183
2492,華新科,11,0,11,群益金鼎-高雄,2023-05-03,9183
2884,玉山金,20,9,11,群益金鼎-高雄,2023-05-03,9183
4916,事欣科,19,8,11,群益金鼎-高雄,2023-05-03,9183
2890,永豐金,10,0,10,群益金鼎-高雄,2023-05-03,9183
1513,中興電,24,14,10,群益金鼎-高雄,2023-05-03,9183
2881,富邦金,10,0,10,群益金鼎-高雄,2023-05-03,9183
4168,醣聯,10,0,10,群益金鼎-高雄,2023-05-03,9183
5340,建榮,10,0,10,群益金鼎-高雄,2023-05-03,9183
5347,世界,10,0,10,群益金鼎-高雄,2023-05-03,9183
6219,富旺,10,0,10,群益金鼎-高雄,2023-05-03,9183
6733,博晟生醫,10,0,10,群益金鼎-高雄,2023-05-03,9183
8383,千附,20,10,10,群益金鼎-高雄,2023-05-03,9183
00893,國泰智能電動車,9,0,9,群益金鼎-高雄,2023-05-03,9183
00642U,期元大S＆P石油,9,0,9,群益金鼎-高雄,2023-05-03,9183
3594,磐儀,10,1,9,群益金鼎-高雄,2023-05-03,9183
3708,上緯投控,10,1,9,群益金鼎-高雄,2023-05-03,9183
8926,台汽電,11,2,9,群益金鼎-高雄,2023-05-03,9183
00665L,富邦�琤肭磪囓�2,37,29,8,群益金鼎-高雄,2023-05-03,9183
2002,中鋼,8,0,8,群益金鼎-高雄,2023-05-03,9183
2419,仲琦,8,0,8,群益金鼎-高雄,2023-05-03,9183
6589,台康生技,12,4,8,群益金鼎-高雄,2023-05-03,9183
6751,智聯服務,8,0,8,群益金鼎-高雄,2023-05-03,9183
3481,群創,7,0,7,群益金鼎-高雄,2023-05-03,9183
2108,南帝,7,0,7,群益金鼎-高雄,2023-05-03,9183
2867,三商壽,7,0,7,群益金鼎-高雄,2023-05-03,9183
4510,高鋒,10,3,7,群益金鼎-高雄,2023-05-03,9183
00878,國泰永續高股息,14,7,7,群益金鼎-高雄,2023-05-03,9183
00878,國泰永續高股息,111,26,85,群益金鼎-高雄,2023-05-04,9183
00712,復華富時不動產,45,0,45,群益金鼎-高雄,2023-05-04,9183
00715L,期街口布蘭特正2,45,3,42,群益金鼎-高雄,2023-05-04,9183
2367,燿華,36,0,36,群益金鼎-高雄,2023-05-04,9183
4113,聯上,30,0,30,群益金鼎-高雄,2023-05-04,9183
4121,優盛,46,19,27,群益金鼎-高雄,2023-05-04,9183
3015,全漢,25,0,25,群益金鼎-高雄,2023-05-04,9183
4720,德淵,24,0,24,群益金鼎-高雄,2023-05-04,9183
5321,美而快,25,5,20,群益金鼎-高雄,2023-05-04,9183
3078,僑威,20,1,19,群益金鼎-高雄,2023-05-04,9183
2610,華航,17,0,17,群益金鼎-高雄,2023-05-04,9183
0056,元大高股息,20,4,16,群益金鼎-高雄,2023-05-04,9183
2329,華泰,17,1,16,群益金鼎-高雄,2023-05-04,9183
2634,漢翔,20,4,16,群益金鼎-高雄,2023-05-04,9183
00679B,元大美債20年,19,5,14,群益金鼎-高雄,2023-05-04,9183
2867,三商壽,14,0,14,群益金鼎-高雄,2023-05-04,9183
2344,華邦電,16,3,13,群益金鼎-高雄,2023-05-04,9183
6241,易通展,22,10,12,群益金鼎-高雄,2023-05-04,9183
1710,東聯,11,0,11,群益金鼎-高雄,2023-05-04,9183
2457,飛宏,39,28,11,群益金鼎-高雄,2023-05-04,9183
2485,兆赫,11,0,11,群益金鼎-高雄,2023-05-04,9183
2014,中鴻,10,0,10,群益金鼎-高雄,2023-05-04,9183
2313,華通,10,0,10,群益金鼎-高雄,2023-05-04,9183
3038,全台,10,0,10,群益金鼎-高雄,2023-05-04,9183
6288,聯嘉,11,1,10,群益金鼎-高雄,2023-05-04,9183
6550,北極星藥業-KY,21,11,10,群益金鼎-高雄,2023-05-04,9183
8068,全達,10,0,10,群益金鼎-高雄,2023-05-04,9183
2409,友達,12,3,9,群益金鼎-高雄,2023-05-04,9183
2443,昶虹,9,0,9,群益金鼎-高雄,2023-05-04,9183
2645,長榮航太,11,2,9,群益金鼎-高雄,2023-05-04,9183
9136,巨騰-DR,9,0,9,群益金鼎-高雄,2023-05-04,9183
1514,亞力,9,1,8,群益金鼎-高雄,2023-05-04,9183
2495,普安,18,10,8,群益金鼎-高雄,2023-05-04,9183
2601,益航,8,0,8,群益金鼎-高雄,2023-05-04,9183
4503,金雨,8,0,8,群益金鼎-高雄,2023-05-04,9183
4541,晟田,14,6,8,群益金鼎-高雄,2023-05-04,9183
4744,皇將,15,7,8,群益金鼎-高雄,2023-05-04,9183
1789,神隆,7,0,7,群益金鼎-高雄,2023-05-04,9183
2913,農林,8,1,7,群益金鼎-高雄,2023-05-04,9183
5227,立凱-KY,9,2,7,群益金鼎-高雄,2023-05-04,9183
6625,必應,13,6,7,群益金鼎-高雄,2023-05-04,9183
8442,威宏-KY,7,0,7,群益金鼎-高雄,2023-05-04,9183
2402,毅嘉,6,0,6,群益金鼎-高雄,2023-05-04,9183
1611,中電,8,2,6,群益金鼎-高雄,2023-05-04,9183
2368,金像電,8,2,6,群益金鼎-高雄,2023-05-04,9183
3594,磐儀,6,0,6,群益金鼎-高雄,2023-05-04,9183
3596,智易,6,0,6,群益金鼎-高雄,2023-05-04,9183
4123,晟德,6,0,6,群益金鼎-高雄,2023-05-04,9183
8933,愛地雅,6,0,6,群益金鼎-高雄,2023-05-04,9183
8936,國統,6,0,6,群益金鼎-高雄,2023-05-04,9183
9136,巨騰-DR,77,0,77,群益金鼎-高雄,2023-05-05,9183
2883B,凱基金乙特,64,0,64,群益金鼎-高雄,2023-05-05,9183
00680L,元大美債20正2,60,0,60,群益金鼎-高雄,2023-05-05,9183
00878,國泰永續高股息,52,3,49,群益金鼎-高雄,2023-05-05,9183
00632R,元大台灣50反1,40,0,40,群益金鼎-高雄,2023-05-05,9183
2492,華新科,43,10,33,群益金鼎-高雄,2023-05-05,9183
8099,大世科,47,15,32,群益金鼎-高雄,2023-05-05,9183
2457,飛宏,53,22,31,群益金鼎-高雄,2023-05-05,9183
00676R,富邦臺灣加權反1,30,0,30,群益金鼎-高雄,2023-05-05,9183
6244,茂迪,32,7,25,群益金鼎-高雄,2023-05-05,9183
00773B,中信優先金融債,25,0,25,群益金鼎-高雄,2023-05-05,9183
8049,晶采,30,6,24,群益金鼎-高雄,2023-05-05,9183
2610,華航,27,4,23,群益金鼎-高雄,2023-05-05,9183
6266,泰詠,23,0,23,群益金鼎-高雄,2023-05-05,9183
2601,益航,21,0,21,群益金鼎-高雄,2023-05-05,9183
2618,長榮航,22,1,21,群益金鼎-高雄,2023-05-05,9183
2409,友達,22,2,20,群益金鼎-高雄,2023-05-05,9183
2208,台船,35,16,19,群益金鼎-高雄,2023-05-05,9183
00715L,期街口布蘭特正2,22,4,18,群益金鼎-高雄,2023-05-05,9183
00712,復華富時不動產,33,17,16,群益金鼎-高雄,2023-05-05,9183
00751B,元大AAA至A公司債,16,0,16,群益金鼎-高雄,2023-05-05,9183
2609,陽明,28,12,16,群益金鼎-高雄,2023-05-05,9183
2353,宏��,29,14,15,群益金鼎-高雄,2023-05-05,9183
00720B,元大投資級公司債,13,0,13,群益金鼎-高雄,2023-05-05,9183
1709,和益,13,0,13,群益金鼎-高雄,2023-05-05,9183
2002,中鋼,14,1,13,群益金鼎-高雄,2023-05-05,9183
4720,德淵,13,0,13,群益金鼎-高雄,2023-05-05,9183
00717,富邦美國特別股,12,0,12,群益金鼎-高雄,2023-05-05,9183
5381,合正,12,0,12,群益金鼎-高雄,2023-05-05,9183
00637L,元大滬深300正2,19,8,11,群益金鼎-高雄,2023-05-05,9183
1522,堤維西,12,1,11,群益金鼎-高雄,2023-05-05,9183
00696B,富邦美債20年,10,0,10,群益金鼎-高雄,2023-05-05,9183
00687B,國泰20年美債,10,0,10,群益金鼎-高雄,2023-05-05,9183
3520,華盈,10,0,10,群益金鼎-高雄,2023-05-05,9183
5425,台半,11,1,10,群益金鼎-高雄,2023-05-05,9183
6282,康舒,21,11,10,群益金鼎-高雄,2023-05-05,9183
8070,長華*,10,0,10,群益金鼎-高雄,2023-05-05,9183
2603,長榮,10,0,10,群益金鼎-高雄,2023-05-05,9183
1711,永光,9,0,9,群益金鼎-高雄,2023-05-05,9183
2915,潤泰全,9,0,9,群益金鼎-高雄,2023-05-05,9183
4108,懷特,13,4,9,群益金鼎-高雄,2023-05-05,9183
4128,中天,9,0,9,群益金鼎-高雄,2023-05-05,9183
5009,榮剛,12,3,9,群益金鼎-高雄,2023-05-05,9183
6589,台康生技,11,3,8,群益金鼎-高雄,2023-05-05,9183
1529,樂事綠能,21,13,8,群益金鼎-高雄,2023-05-05,9183
5356,協益,8,0,8,群益金鼎-高雄,2023-05-05,9183
6129,普誠,7,0,7,群益金鼎-高雄,2023-05-05,9183
00679B,元大美債20年,7,0,7,群益金鼎-高雄,2023-05-05,9183
2371,大同,7,0,7,群益金鼎-高雄,2023-05-05,9183
4142,國光生,7,0,7,群益金鼎-高雄,2023-05-05,9183
3033,威健,163,0,163,群益金鼎-高雄,2023-05-08,9183
00680L,元大美債20正2,157,0,157,群益金鼎-高雄,2023-05-08,9183
2883,凱基金,92,18,74,群益金鼎-高雄,2023-05-08,9183
9933,中鼎,41,0,41,群益金鼎-高雄,2023-05-08,9183
1605,華新,46,9,37,群益金鼎-高雄,2023-05-08,9183
2880,華南金,44,7,37,群益金鼎-高雄,2023-05-08,9183
2883B,凱基金乙特,35,0,35,群益金鼎-高雄,2023-05-08,9183
2867,三商壽,21,0,21,群益金鼎-高雄,2023-05-08,9183
2206,三陽工業,24,5,19,群益金鼎-高雄,2023-05-08,9183
4720,德淵,18,0,18,群益金鼎-高雄,2023-05-08,9183
00902,中信電池及儲能,17,0,17,群益金鼎-高雄,2023-05-08,9183
2349,錸德,15,0,15,群益金鼎-高雄,2023-05-08,9183
2915,潤泰全,15,0,15,群益金鼎-高雄,2023-05-08,9183
6194,育富,24,9,15,群益金鼎-高雄,2023-05-08,9183
9945,潤泰新,15,0,15,群益金鼎-高雄,2023-05-08,9183
3308,聯德,15,0,15,群益金鼎-高雄,2023-05-08,9183
00751B,元大AAA至A公司債,13,0,13,群益金鼎-高雄,2023-05-08,9183
1727,中華化,13,0,13,群益金鼎-高雄,2023-05-08,9183
6202,盛群,13,0,13,群益金鼎-高雄,2023-05-08,9183
00712,復華富時不動產,12,0,12,群益金鼎-高雄,2023-05-08,9183
2485,兆赫,13,1,12,群益金鼎-高雄,2023-05-08,9183
6244,茂迪,13,1,12,群益金鼎-高雄,2023-05-08,9183
00642U,期元大S＆P石油,11,0,11,群益金鼎-高雄,2023-05-08,9183
3189,景碩,16,5,11,群益金鼎-高雄,2023-05-08,9183
3257,虹冠電,11,0,11,群益金鼎-高雄,2023-05-08,9183
1319,東陽,12,2,10,群益金鼎-高雄,2023-05-08,9183
1722,台肥,10,0,10,群益金鼎-高雄,2023-05-08,9183
3323,加百裕,10,0,10,群益金鼎-高雄,2023-05-08,9183
6116,彩晶,10,0,10,群益金鼎-高雄,2023-05-08,9183
6271,同欣電,10,0,10,群益金鼎-高雄,2023-05-08,9183
8121,越峰,10,0,10,群益金鼎-高雄,2023-05-08,9183
6125,廣運,20,10,10,群益金鼎-高雄,2023-05-08,9183
6603,富強鑫,10,0,10,群益金鼎-高雄,2023-05-08,9183
3481,群創,10,0,10,群益金鼎-高雄,2023-05-08,9183
6806,森崴能源,14,5,9,群益金鼎-高雄,2023-05-08,9183
1101,台泥,26,17,9,群益金鼎-高雄,2023-05-08,9183
8033,雷虎,12,3,9,群益金鼎-高雄,2023-05-08,9183
2337,旺宏,10,1,9,群益金鼎-高雄,2023-05-08,9183
4566,時碩工業,13,4,9,群益金鼎-高雄,2023-05-08,9183
4903,聯光通,9,0,9,群益金鼎-高雄,2023-05-08,9183
6275,元山,14,5,9,群益金鼎-高雄,2023-05-08,9183
1326,台化,10,2,8,群益金鼎-高雄,2023-05-08,9183
3714,富采,8,0,8,群益金鼎-高雄,2023-05-08,9183
5351,鈺創,9,1,8,群益金鼎-高雄,2023-05-08,9183
2359,所羅門,28,21,7,群益金鼎-高雄,2023-05-08,9183
6733,博晟生醫,7,0,7,群益金鼎-高雄,2023-05-08,9183
8222,寶一,49,42,7,群益金鼎-高雄,2023-05-08,9183
9955,佳龍,18,11,7,群益金鼎-高雄,2023-05-08,9183
6443,元晶,6,0,6,群益金鼎-高雄,2023-05-08,9183
2344,華邦電,6,0,6,群益金鼎-高雄,2023-05-08,9183
00680L,元大美債20正2,91,0,91,群益金鼎-高雄,2023-05-09,9183
6695,芯鼎,45,0,45,群益金鼎-高雄,2023-05-09,9183
9933,中鼎,42,0,42,群益金鼎-高雄,2023-05-09,9183
6194,育富,50,10,40,群益金鼎-高雄,2023-05-09,9183
1312,國喬,30,0,30,群益金鼎-高雄,2023-05-09,9183
6142,友勁,30,0,30,群益金鼎-高雄,2023-05-09,9183
1605,華新,44,17,27,群益金鼎-高雄,2023-05-09,9183
4720,德淵,26,0,26,群益金鼎-高雄,2023-05-09,9183
9136,巨騰-DR,25,0,25,群益金鼎-高雄,2023-05-09,9183
00751B,元大AAA至A公司債,23,0,23,群益金鼎-高雄,2023-05-09,9183
1612,宏泰,24,1,23,群益金鼎-高雄,2023-05-09,9183
2734,易飛網,23,0,23,群益金鼎-高雄,2023-05-09,9183
4111,濟生,25,2,23,群益金鼎-高雄,2023-05-09,9183
1708,東鹼,23,1,22,群益金鼎-高雄,2023-05-09,9183
1709,和益,21,0,21,群益金鼎-高雄,2023-05-09,9183
2913,農林,21,0,21,群益金鼎-高雄,2023-05-09,9183
3013,晟銘電,21,0,21,群益金鼎-高雄,2023-05-09,9183
00720B,元大投資級公司債,21,1,20,群益金鼎-高雄,2023-05-09,9183
4513,福裕,20,0,20,群益金鼎-高雄,2023-05-09,9183
00878,國泰永續高股息,21,1,20,群益金鼎-高雄,2023-05-09,9183
2892,第一金,20,1,19,群益金鼎-高雄,2023-05-09,9183
00772B,中信高評級公司債,18,0,18,群益金鼎-高雄,2023-05-09,9183
00676R,富邦臺灣加權反1,15,0,15,群益金鼎-高雄,2023-05-09,9183
6015,宏遠證,20,5,15,群益金鼎-高雄,2023-05-09,9183
00687B,國泰20年美債,14,0,14,群益金鼎-高雄,2023-05-09,9183
6282,康舒,32,18,14,群益金鼎-高雄,2023-05-09,9183
2022,聚亨,13,0,13,群益金鼎-高雄,2023-05-09,9183
2376,技嘉,16,3,13,群益金鼎-高雄,2023-05-09,9183
2601,益航,12,0,12,群益金鼎-高雄,2023-05-09,9183
3715,定穎投控,25,13,12,群益金鼎-高雄,2023-05-09,9183
6443,元晶,168,157,11,群益金鼎-高雄,2023-05-09,9183
2485,兆赫,11,0,11,群益金鼎-高雄,2023-05-09,9183
3058,立德,17,6,11,群益金鼎-高雄,2023-05-09,9183
4566,時碩工業,13,2,11,群益金鼎-高雄,2023-05-09,9183
8085,福華,11,0,11,群益金鼎-高雄,2023-05-09,9183
1513,中興電,36,25,11,群益金鼎-高雄,2023-05-09,9183
6789,采鈺,11,0,11,群益金鼎-高雄,2023-05-09,9183
1101,台泥,33,23,10,群益金鼎-高雄,2023-05-09,9183
2352,佳世達,16,6,10,群益金鼎-高雄,2023-05-09,9183
1219,福壽,12,2,10,群益金鼎-高雄,2023-05-09,9183
1776,展宇,10,0,10,群益金鼎-高雄,2023-05-09,9183
2371,大同,16,6,10,群益金鼎-高雄,2023-05-09,9183
3511,矽瑪,10,0,10,群益金鼎-高雄,2023-05-09,9183
3594,磐儀,11,1,10,群益金鼎-高雄,2023-05-09,9183
3628,盈正,11,1,10,群益金鼎-高雄,2023-05-09,9183
6112,邁達特,60,50,10,群益金鼎-高雄,2023-05-09,9183
6733,博晟生醫,10,0,10,群益金鼎-高雄,2023-05-09,9183
1409,新纖,11,2,9,群益金鼎-高雄,2023-05-09,9183
2425,承啟,12,3,9,群益金鼎-高雄,2023-05-09,9183
2609,陽明,16,7,9,群益金鼎-高雄,2023-05-09,9183
2883B,凱基金乙特,428,0,428,群益金鼎-高雄,2023-05-10,9183
00753L,中信中國50正2,253,0,253,群益金鼎-高雄,2023-05-10,9183
3202,樺晟,61,5,56,群益金鼎-高雄,2023-05-10,9183
00878,國泰永續高股息,54,1,53,群益金鼎-高雄,2023-05-10,9183
00680L,元大美債20正2,51,0,51,群益金鼎-高雄,2023-05-10,9183
2633,台灣高鐵,50,0,50,群益金鼎-高雄,2023-05-10,9183
00637L,元大滬深300正2,48,2,46,群益金鼎-高雄,2023-05-10,9183
9927,泰銘,27,0,27,群益金鼎-高雄,2023-05-10,9183
6432,今展科,25,0,25,群益金鼎-高雄,2023-05-10,9183
2882,國泰金,29,5,24,群益金鼎-高雄,2023-05-10,9183
1454,台富,23,0,23,群益金鼎-高雄,2023-05-10,9183
5310,天剛,22,0,22,群益金鼎-高雄,2023-05-10,9183
00679B,元大美債20年,21,0,21,群益金鼎-高雄,2023-05-10,9183
6194,育富,24,3,21,群益金鼎-高雄,2023-05-10,9183
6139,亞翔,22,2,20,群益金鼎-高雄,2023-05-10,9183
6235,華孚,47,27,20,群益金鼎-高雄,2023-05-10,9183
1219,福壽,20,1,19,群益金鼎-高雄,2023-05-10,9183
6770,力積電,18,0,18,群益金鼎-高雄,2023-05-10,9183
00923,群益台ESG低碳50,15,0,15,群益金鼎-高雄,2023-05-10,9183
00632R,元大台灣50反1,15,0,15,群益金鼎-高雄,2023-05-10,9183
00772B,中信高評級公司債,15,0,15,群益金鼎-高雄,2023-05-10,9183
2485,兆赫,15,0,15,群益金鼎-高雄,2023-05-10,9183
6243,迅杰,23,8,15,群益金鼎-高雄,2023-05-10,9183
2303,聯電,16,2,14,群益金鼎-高雄,2023-05-10,9183
3576,聯合再生,14,0,14,群益金鼎-高雄,2023-05-10,9183
3013,晟銘電,25,12,13,群益金鼎-高雄,2023-05-10,9183
2913,農林,12,0,12,群益金鼎-高雄,2023-05-10,9183
1326,台化,12,0,12,群益金鼎-高雄,2023-05-10,9183
1101,台泥,11,0,11,群益金鼎-高雄,2023-05-10,9183
00715L,期街口布蘭特正2,35,24,11,群益金鼎-高雄,2023-05-10,9183
2337,旺宏,10,0,10,群益金鼎-高雄,2023-05-10,9183
00650L,復華香港正2,10,0,10,群益金鼎-高雄,2023-05-10,9183
2022,聚亨,10,0,10,群益金鼎-高雄,2023-05-10,9183
3702,大聯大,10,0,10,群益金鼎-高雄,2023-05-10,9183
6603,富強鑫,10,0,10,群益金鼎-高雄,2023-05-10,9183
00713,元大台灣高息低波,9,0,9,群益金鼎-高雄,2023-05-10,9183
00687B,國泰20年美債,9,0,9,群益金鼎-高雄,2023-05-10,9183
00712,復華富時不動產,11,2,9,群益金鼎-高雄,2023-05-10,9183
1464,得力,10,1,9,群益金鼎-高雄,2023-05-10,9183
1904,正隆,11,2,9,群益金鼎-高雄,2023-05-10,9183
1303,南亞,8,0,8,群益金鼎-高雄,2023-05-10,9183
1514,亞力,12,4,8,群益金鼎-高雄,2023-05-10,9183
1584,精剛,8,0,8,群益金鼎-高雄,2023-05-10,9183
1708,東鹼,10,2,8,群益金鼎-高雄,2023-05-10,9183
8299,群聯,8,0,8,群益金鼎-高雄,2023-05-10,9183
1618,合機,8,1,7,群益金鼎-高雄,2023-05-10,9183
2884,玉山金,12,5,7,群益金鼎-高雄,2023-05-10,9183
6192,巨路,7,0,7,群益金鼎-高雄,2023-05-10,9183
2330,台積電,8,2,6,群益金鼎-高雄,2023-05-10,9183
6227,茂綸,6,0,6,群益金鼎-高雄,2023-05-10,9183
2883B,凱基金乙特,600,0,600,群益金鼎-高雄,2023-05-11,9183
4113,聯上,196,0,196,群益金鼎-高雄,2023-05-11,9183
2610,華航,98,7,91,群益金鼎-高雄,2023-05-11,9183
5321,美而快,80,0,80,群益金鼎-高雄,2023-05-11,9183
2367,燿華,67,0,67,群益金鼎-高雄,2023-05-11,9183
9927,泰銘,44,0,44,群益金鼎-高雄,2023-05-11,9183
00878,國泰永續高股息,36,2,34,群益金鼎-高雄,2023-05-11,9183
6432,今展科,34,0,34,群益金鼎-高雄,2023-05-11,9183
6244,茂迪,34,1,33,群益金鼎-高雄,2023-05-11,9183
00751B,元大AAA至A公司債,30,0,30,群益金鼎-高雄,2023-05-11,9183
00795B,中信美國公債20年,30,0,30,群益金鼎-高雄,2023-05-11,9183
6142,友勁,27,0,27,群益金鼎-高雄,2023-05-11,9183
6015,宏遠證,24,0,24,群益金鼎-高雄,2023-05-11,9183
9136,巨騰-DR,22,0,22,群益金鼎-高雄,2023-05-11,9183
6469,大樹,21,0,21,群益金鼎-高雄,2023-05-11,9183
3202,樺晟,56,35,21,群益金鼎-高雄,2023-05-11,9183
6194,育富,41,20,21,群益金鼎-高雄,2023-05-11,9183
1905,華紙,25,6,19,群益金鼎-高雄,2023-05-11,9183
1609,大亞,34,15,19,群益金鼎-高雄,2023-05-11,9183
2409,友達,16,0,16,群益金鼎-高雄,2023-05-11,9183
2349,錸德,15,0,15,群益金鼎-高雄,2023-05-11,9183
5353,台林,16,1,15,群益金鼎-高雄,2023-05-11,9183
8383,千附,13,0,13,群益金鼎-高雄,2023-05-11,9183
1101,台泥,13,1,12,群益金鼎-高雄,2023-05-11,9183
1786,科妍,12,0,12,群益金鼎-高雄,2023-05-11,9183
5512,力麒,12,0,12,群益金鼎-高雄,2023-05-11,9183
8105,凌巨,14,2,12,群益金鼎-高雄,2023-05-11,9183
00687B,國泰20年美債,11,0,11,群益金鼎-高雄,2023-05-11,9183
1464,得力,12,1,11,群益金鼎-高雄,2023-05-11,9183
2344,華邦電,12,1,11,群益金鼎-高雄,2023-05-11,9183
2913,農林,11,0,11,群益金鼎-高雄,2023-05-11,9183
1909,榮成,11,0,11,群益金鼎-高雄,2023-05-11,9183
00713,元大台灣高息低波,10,0,10,群益金鼎-高雄,2023-05-11,9183
4114,健喬,11,1,10,群益金鼎-高雄,2023-05-11,9183
1219,福壽,20,10,10,群益金鼎-高雄,2023-05-11,9183
1460,宏遠,10,0,10,群益金鼎-高雄,2023-05-11,9183
3128,昇銳,10,0,10,群益金鼎-高雄,2023-05-11,9183
3322,建舜電,11,1,10,群益金鼎-高雄,2023-05-11,9183
4161,聿新科,10,0,10,群益金鼎-高雄,2023-05-11,9183
5309,系統電,10,0,10,群益金鼎-高雄,2023-05-11,9183
8289,泰藝,10,0,10,群益金鼎-高雄,2023-05-11,9183
2303,聯電,11,2,9,群益金鼎-高雄,2023-05-11,9183
00679B,元大美債20年,21,12,9,群益金鼎-高雄,2023-05-11,9183
2609,陽明,14,6,8,群益金鼎-高雄,2023-05-11,9183
00637L,元大滬深300正2,10,2,8,群益金鼎-高雄,2023-05-11,9183
2337,旺宏,10,2,8,群益金鼎-高雄,2023-05-11,9183
2387,精元,11,3,8,群益金鼎-高雄,2023-05-11,9183
3041,揚智,8,0,8,群益金鼎-高雄,2023-05-11,9183
4121,優盛,8,0,8,群益金鼎-高雄,2023-05-11,9183
5201,凱衛,8,0,8,群益金鼎-高雄,2023-05-11,9183
9907,統一實,468,0,468,群益金鼎-高雄,2023-05-12,9183
2882,國泰金,58,2,56,群益金鼎-高雄,2023-05-12,9183
2883,凱基金,40,11,29,群益金鼎-高雄,2023-05-12,9183
00687B,國泰20年美債,30,2,28,群益金鼎-高雄,2023-05-12,9183
2883B,凱基金乙特,28,0,28,群益金鼎-高雄,2023-05-12,9183
6005,群益證,38,10,28,群益金鼎-高雄,2023-05-12,9183
2801,彰銀,22,0,22,群益金鼎-高雄,2023-05-12,9183
00753L,中信中國50正2,72,52,20,群益金鼎-高雄,2023-05-12,9183
4916,事欣科,20,0,20,群益金鼎-高雄,2023-05-12,9183
2409,友達,19,0,19,群益金鼎-高雄,2023-05-12,9183
2492,華新科,25,6,19,群益金鼎-高雄,2023-05-12,9183
3481,群創,49,31,18,群益金鼎-高雄,2023-05-12,9183
2890,永豐金,17,0,17,群益金鼎-高雄,2023-05-12,9183
2645,長榮航太,32,16,16,群益金鼎-高雄,2023-05-12,9183
00643,群益深証中小,16,0,16,群益金鼎-高雄,2023-05-12,9183
00637L,元大滬深300正2,18,2,16,群益金鼎-高雄,2023-05-12,9183
4128,中天,16,0,16,群益金鼎-高雄,2023-05-12,9183
1101,台泥,17,1,16,群益金鼎-高雄,2023-05-12,9183
00720B,元大投資級公司債,15,0,15,群益金鼎-高雄,2023-05-12,9183
2317,鴻海,17,4,13,群益金鼎-高雄,2023-05-12,9183
1712,興農,12,0,12,群益金鼎-高雄,2023-05-12,9183
3037,欣興,13,1,12,群益金鼎-高雄,2023-05-12,9183
2485,兆赫,11,0,11,群益金鼎-高雄,2023-05-12,9183
1104,環泥,10,0,10,群益金鼎-高雄,2023-05-12,9183
00897,富邦基因免疫生技,10,0,10,群益金鼎-高雄,2023-05-12,9183
1454,台富,10,0,10,群益金鼎-高雄,2023-05-12,9183
1464,得力,11,1,10,群益金鼎-高雄,2023-05-12,9183
1742,台蠟,71,61,10,群益金鼎-高雄,2023-05-12,9183
2344,華邦電,26,16,10,群益金鼎-高雄,2023-05-12,9183
2834,臺企銀,10,0,10,群益金鼎-高雄,2023-05-12,9183
1609,大亞,14,5,9,群益金鼎-高雄,2023-05-12,9183
2002,中鋼,10,1,9,群益金鼎-高雄,2023-05-12,9183
3663,鑫科,9,0,9,群益金鼎-高雄,2023-05-12,9183
00878,國泰永續高股息,8,0,8,群益金鼎-高雄,2023-05-12,9183
1301,台塑,12,4,8,群益金鼎-高雄,2023-05-12,9183
00713,元大台灣高息低波,8,0,8,群益金鼎-高雄,2023-05-12,9183
2867,三商壽,8,0,8,群益金鼎-高雄,2023-05-12,9183
2915,潤泰全,10,2,8,群益金鼎-高雄,2023-05-12,9183
4960,誠美材,7,0,7,群益金鼎-高雄,2023-05-12,9183
2891,中信金,7,0,7,群益金鼎-高雄,2023-05-12,9183
6186,新潤,7,0,7,群益金鼎-高雄,2023-05-12,9183
6733,博晟生醫,8,1,7,群益金鼎-高雄,2023-05-12,9183
3231,緯創,112,105,7,群益金鼎-高雄,2023-05-12,9183
00900,富邦特選高股息30,7,1,6,群益金鼎-高雄,2023-05-12,9183
1528,恩德,6,0,6,群益金鼎-高雄,2023-05-12,9183
2049,上銀,6,0,6,群益金鼎-高雄,2023-05-12,9183
2368,金像電,7,1,6,群益金鼎-高雄,2023-05-12,9183
2610,華航,7,1,6,群益金鼎-高雄,2023-05-12,9183
3545,敦泰,8,2,6,群益金鼎-高雄,2023-05-12,9183
4744,皇將,11,5,6,群益金鼎-高雄,2023-05-12,9183
9907,統一實,282,0,282,群益金鼎-高雄,2023-05-15,9183
00878,國泰永續高股息,56,2,54,群益金鼎-高雄,2023-05-15,9183
4113,聯上,50,0,50,群益金鼎-高雄,2023-05-15,9183
1314,中石化,46,0,46,群益金鼎-高雄,2023-05-15,9183
2324,仁寶,40,6,34,群益金鼎-高雄,2023-05-15,9183
00725B,國泰投資級公司債,32,0,32,群益金鼎-高雄,2023-05-15,9183
6125,廣運,31,0,31,群益金鼎-高雄,2023-05-15,9183
00862B,中信投資級公司債,30,0,30,群益金鼎-高雄,2023-05-15,9183
00761B,國泰A級公司債,30,0,30,群益金鼎-高雄,2023-05-15,9183
2534,宏盛,30,1,29,群益金鼎-高雄,2023-05-15,9183
00882,中信中國高股息,27,0,27,群益金鼎-高雄,2023-05-15,9183
00679B,元大美債20年,26,0,26,群益金鼎-高雄,2023-05-15,9183
6235,華孚,68,42,26,群益金鼎-高雄,2023-05-15,9183
2491,吉祥全,25,0,25,群益金鼎-高雄,2023-05-15,9183
2457,飛宏,106,82,24,群益金鼎-高雄,2023-05-15,9183
2610,華航,27,3,24,群益金鼎-高雄,2023-05-15,9183
2303,聯電,23,2,21,群益金鼎-高雄,2023-05-15,9183
00751B,元大AAA至A公司債,21,0,21,群益金鼎-高雄,2023-05-15,9183
00720B,元大投資級公司債,20,0,20,群益金鼎-高雄,2023-05-15,9183
4979,華星光,28,8,20,群益金鼎-高雄,2023-05-15,9183
00715L,期街口布蘭特正2,20,1,19,群益金鼎-高雄,2023-05-15,9183
1504,東元,38,19,19,群益金鼎-高雄,2023-05-15,9183
1609,大亞,24,8,16,群益金鼎-高雄,2023-05-15,9183
00897,富邦基因免疫生技,15,0,15,群益金鼎-高雄,2023-05-15,9183
2645,長榮航太,16,1,15,群益金鼎-高雄,2023-05-15,9183
6186,新潤,13,0,13,群益金鼎-高雄,2023-05-15,9183
1709,和益,12,0,12,群益金鼎-高雄,2023-05-15,9183
3712,永崴投控,12,1,11,群益金鼎-高雄,2023-05-15,9183
5284,jpp-KY,19,8,11,群益金鼎-高雄,2023-05-15,9183
3481,群創,11,0,11,群益金鼎-高雄,2023-05-15,9183
00687B,國泰20年美債,11,0,11,群益金鼎-高雄,2023-05-15,9183
1104,環泥,16,5,11,群益金鼎-高雄,2023-05-15,9183
2206,三陽工業,16,5,11,群益金鼎-高雄,2023-05-15,9183
2634,漢翔,24,13,11,群益金鼎-高雄,2023-05-15,9183
1909,榮成,10,0,10,群益金鼎-高雄,2023-05-15,9183
3528,安馳,10,0,10,群益金鼎-高雄,2023-05-15,9183
5324,士開,10,0,10,群益金鼎-高雄,2023-05-15,9183
5543,桓鼎-KY,10,0,10,群益金鼎-高雄,2023-05-15,9183
9928,中視,10,0,10,群益金鼎-高雄,2023-05-15,9183
2376,技嘉,12,3,9,群益金鼎-高雄,2023-05-15,9183
1101,台泥,9,1,8,群益金鼎-高雄,2023-05-15,9183
3491,昇達科,8,0,8,群益金鼎-高雄,2023-05-15,9183
1304,台聚,8,0,8,群益金鼎-高雄,2023-05-15,9183
2929,淘帝-KY,10,2,8,群益金鼎-高雄,2023-05-15,9183
00713,元大台灣高息低波,7,0,7,群益金鼎-高雄,2023-05-15,9183
3062,建漢,22,15,7,群益金鼎-高雄,2023-05-15,9183
5227,立凱-KY,13,6,7,群益金鼎-高雄,2023-05-15,9183
3038,全台,6,0,6,群益金鼎-高雄,2023-05-15,9183
00642U,期元大S＆P石油,6,0,6,群益金鼎-高雄,2023-05-15,9183
2880,華南金,6,0,6,群益金鼎-高雄,2023-05-15,9183
00680L,元大美債20正2,171,0,171,群益金鼎-高雄,2023-05-16,9183
3231,緯創,105,17,88,群益金鼎-高雄,2023-05-16,9183
3035,智原,55,3,52,群益金鼎-高雄,2023-05-16,9183
2349,錸德,32,0,32,群益金鼎-高雄,2023-05-16,9183
00632R,元大台灣50反1,30,0,30,群益金鼎-高雄,2023-05-16,9183
2812,台中銀,27,0,27,群益金鼎-高雄,2023-05-16,9183
00772B,中信高評級公司債,24,0,24,群益金鼎-高雄,2023-05-16,9183
1709,和益,20,0,20,群益金鼎-高雄,2023-05-16,9183
6266,泰詠,20,0,20,群益金鼎-高雄,2023-05-16,9183
00751B,元大AAA至A公司債,19,0,19,群益金鼎-高雄,2023-05-16,9183
6235,華孚,85,67,18,群益金鼎-高雄,2023-05-16,9183
9907,統一實,20,4,16,群益金鼎-高雄,2023-05-16,9183
2409,友達,18,2,16,群益金鼎-高雄,2023-05-16,9183
00878,國泰永續高股息,26,11,15,群益金鼎-高雄,2023-05-16,9183
2323,中環,21,6,15,群益金鼎-高雄,2023-05-16,9183
1611,中電,19,7,12,群益金鼎-高雄,2023-05-16,9183
3015,全漢,12,0,12,群益金鼎-高雄,2023-05-16,9183
00687B,國泰20年美債,11,0,11,群益金鼎-高雄,2023-05-16,9183
6770,力積電,11,0,11,群益金鼎-高雄,2023-05-16,9183
2317,鴻海,12,2,10,群益金鼎-高雄,2023-05-16,9183
00633L,富邦上証正2,10,0,10,群益金鼎-高雄,2023-05-16,9183
2313,華通,10,0,10,群益金鼎-高雄,2023-05-16,9183
9928,中視,10,0,10,群益金鼎-高雄,2023-05-16,9183
9935,慶豐富,10,0,10,群益金鼎-高雄,2023-05-16,9183
1308,亞聚,10,0,10,群益金鼎-高雄,2023-05-16,9183
2603,長榮,10,1,9,群益金鼎-高雄,2023-05-16,9183
5310,天剛,9,0,9,群益金鼎-高雄,2023-05-16,9183
2801,彰銀,9,1,8,群益金鼎-高雄,2023-05-16,9183
00679B,元大美債20年,8,0,8,群益金鼎-高雄,2023-05-16,9183
2014,中鴻,10,2,8,群益金鼎-高雄,2023-05-16,9183
2337,旺宏,8,0,8,群益金鼎-高雄,2023-05-16,9183
2867,三商壽,8,0,8,群益金鼎-高雄,2023-05-16,9183
8076,伍豐,37,29,8,群益金鼎-高雄,2023-05-16,9183
8426,紅木-KY,8,0,8,群益金鼎-高雄,2023-05-16,9183
1608,華榮,11,4,7,群益金鼎-高雄,2023-05-16,9183
3596,智易,7,0,7,群益金鼎-高雄,2023-05-16,9183
2736,富野,10,3,7,群益金鼎-高雄,2023-05-16,9183
2618,長榮航,19,12,7,群益金鼎-高雄,2023-05-16,9183
2371,大同,23,17,6,群益金鼎-高雄,2023-05-16,9183
3202,樺晟,34,28,6,群益金鼎-高雄,2023-05-16,9183
3540,曜越,6,0,6,群益金鼎-高雄,2023-05-16,9183
4123,晟德,6,0,6,群益金鼎-高雄,2023-05-16,9183
1504,東元,13,8,5,群益金鼎-高雄,2023-05-16,9183
1735,日勝化,5,0,5,群益金鼎-高雄,2023-05-16,9183
2031,新光鋼,5,0,5,群益金鼎-高雄,2023-05-16,9183
2332,友訊,5,0,5,群益金鼎-高雄,2023-05-16,9183
2390,云辰,5,0,5,群益金鼎-高雄,2023-05-16,9183
2425,承啟,5,0,5,群益金鼎-高雄,2023-05-16,9183
3011,今皓,5,0,5,群益金鼎-高雄,2023-05-16,9183
3694,海華,10,5,5,群益金鼎-高雄,2023-05-16,9183
00753L,中信中國50正2,155,7,148,群益金鼎-高雄,2023-05-17,9183
00632R,元大台灣50反1,167,26,141,群益金鼎-高雄,2023-05-17,9183
00680L,元大美債20正2,100,0,100,群益金鼎-高雄,2023-05-17,9183
6185,幃翔,55,0,55,群益金鼎-高雄,2023-05-17,9183
00878,國泰永續高股息,52,3,49,群益金鼎-高雄,2023-05-17,9183
5324,士開,48,0,48,群益金鼎-高雄,2023-05-17,9183
4113,聯上,35,0,35,群益金鼎-高雄,2023-05-17,9183
2313,華通,32,0,32,群益金鼎-高雄,2023-05-17,9183
2201,裕隆,33,7,26,群益金鼎-高雄,2023-05-17,9183
2492,華新科,30,6,24,群益金鼎-高雄,2023-05-17,9183
00715L,期街口布蘭特正2,20,0,20,群益金鼎-高雄,2023-05-17,9183
00637L,元大滬深300正2,42,22,20,群益金鼎-高雄,2023-05-17,9183
00897,富邦基因免疫生技,17,0,17,群益金鼎-高雄,2023-05-17,9183
3363,上詮,109,95,14,群益金鼎-高雄,2023-05-17,9183
00687B,國泰20年美債,13,0,13,群益金鼎-高雄,2023-05-17,9183
2630,亞航,15,2,13,群益金鼎-高雄,2023-05-17,9183
2884,玉山金,15,2,13,群益金鼎-高雄,2023-05-17,9183
3665,貿聯-KY,13,0,13,群益金鼎-高雄,2023-05-17,9183
6697,東捷資訊,13,0,13,群益金鼎-高雄,2023-05-17,9183
2745,五福,14,3,11,群益金鼎-高雄,2023-05-17,9183
6441,廣錠,11,0,11,群益金鼎-高雄,2023-05-17,9183
6443,元晶,12,1,11,群益金鼎-高雄,2023-05-17,9183
00751B,元大AAA至A公司債,10,0,10,群益金鼎-高雄,2023-05-17,9183
00643,群益深証中小,10,0,10,群益金鼎-高雄,2023-05-17,9183
2485,兆赫,10,0,10,群益金鼎-高雄,2023-05-17,9183
2929,淘帝-KY,10,0,10,群益金鼎-高雄,2023-05-17,9183
3705,永信,10,0,10,群益金鼎-高雄,2023-05-17,9183
4533,協易機,10,0,10,群益金鼎-高雄,2023-05-17,9183
6167,久正,10,0,10,群益金鼎-高雄,2023-05-17,9183
8050,廣積,10,0,10,群益金鼎-高雄,2023-05-17,9183
9935,慶豐富,10,0,10,群益金鼎-高雄,2023-05-17,9183
1611,中電,15,6,9,群益金鼎-高雄,2023-05-17,9183
2731,雄獅,13,4,9,群益金鼎-高雄,2023-05-17,9183
5245,智晶,10,1,9,群益金鼎-高雄,2023-05-17,9183
5531,鄉林,9,0,9,群益金鼎-高雄,2023-05-17,9183
3010,華立,8,0,8,群益金鼎-高雄,2023-05-17,9183
00720B,元大投資級公司債,8,0,8,群益金鼎-高雄,2023-05-17,9183
8446,華研,8,0,8,群益金鼎-高雄,2023-05-17,9183
9136,巨騰-DR,15,7,8,群益金鼎-高雄,2023-05-17,9183
2206,三陽工業,21,13,8,群益金鼎-高雄,2023-05-17,9183
00713,元大台灣高息低波,7,0,7,群益金鼎-高雄,2023-05-17,9183
3537,堡達,8,1,7,群益金鼎-高雄,2023-05-17,9183
1513,中興電,11,5,6,群益金鼎-高雄,2023-05-17,9183
2340,台亞,6,0,6,群益金鼎-高雄,2023-05-17,9183
3202,樺晟,9,3,6,群益金鼎-高雄,2023-05-17,9183
3706,神達,6,0,6,群益金鼎-高雄,2023-05-17,9183
5371,中光電,6,0,6,群益金鼎-高雄,2023-05-17,9183
6148,驊宏資,7,1,6,群益金鼎-高雄,2023-05-17,9183
6243,迅杰,9,3,6,群益金鼎-高雄,2023-05-17,9183
00679B,元大美債20年,5,0,5,群益金鼎-高雄,2023-05-17,9183
2801,彰銀,51,0,51,群益金鼎-高雄,2023-05-18,9183
6112,邁達特,126,75,51,群益金鼎-高雄,2023-05-18,9183
00680L,元大美債20正2,33,0,33,群益金鼎-高雄,2023-05-18,9183
4113,聯上,29,0,29,群益金鼎-高雄,2023-05-18,9183
6244,茂迪,25,2,23,群益金鼎-高雄,2023-05-18,9183
5324,士開,30,8,22,群益金鼎-高雄,2023-05-18,9183
2330,台積電,44,24,20,群益金鼎-高雄,2023-05-18,9183
00897,富邦基因免疫生技,20,0,20,群益金鼎-高雄,2023-05-18,9183
2409,友達,20,0,20,群益金鼎-高雄,2023-05-18,9183
8446,華研,35,18,17,群益金鼎-高雄,2023-05-18,9183
3049,精金,20,5,15,群益金鼎-高雄,2023-05-18,9183
1101,台泥,15,1,14,群益金鼎-高雄,2023-05-18,9183
6697,東捷資訊,13,0,13,群益金鼎-高雄,2023-05-18,9183
6122,擎邦,26,14,12,群益金鼎-高雄,2023-05-18,9183
6276,安鈦克,12,0,12,群益金鼎-高雄,2023-05-18,9183
2444,兆勁,11,0,11,群益金鼎-高雄,2023-05-18,9183
3481,群創,26,15,11,群益金鼎-高雄,2023-05-18,9183
8222,寶一,14,3,11,群益金鼎-高雄,2023-05-18,9183
2303,聯電,38,27,11,群益金鼎-高雄,2023-05-18,9183
1612,宏泰,10,0,10,群益金鼎-高雄,2023-05-18,9183
1709,和益,10,0,10,群益金鼎-高雄,2023-05-18,9183
2743,山富,10,0,10,群益金鼎-高雄,2023-05-18,9183
3090,日電貿,11,1,10,群益金鼎-高雄,2023-05-18,9183
2002,中鋼,10,1,9,群益金鼎-高雄,2023-05-18,9183
2206,三陽工業,15,6,9,群益金鼎-高雄,2023-05-18,9183
4533,協易機,10,1,9,群益金鼎-高雄,2023-05-18,9183
8069,元太,16,8,8,群益金鼎-高雄,2023-05-18,9183
00772B,中信高評級公司債,8,0,8,群益金鼎-高雄,2023-05-18,9183
00712,復華富時不動產,8,0,8,群益金鼎-高雄,2023-05-18,9183
2331,精英,8,0,8,群益金鼎-高雄,2023-05-18,9183
2734,易飛網,8,0,8,群益金鼎-高雄,2023-05-18,9183
3034,聯詠,7,0,7,群益金鼎-高雄,2023-05-18,9183
00637L,元大滬深300正2,18,11,7,群益金鼎-高雄,2023-05-18,9183
1319,東陽,7,0,7,群益金鼎-高雄,2023-05-18,9183
2419,仲琦,7,0,7,群益金鼎-高雄,2023-05-18,9183
5243,乙盛-KY,7,0,7,群益金鼎-高雄,2023-05-18,9183
8046,南電,8,1,7,群益金鼎-高雄,2023-05-18,9183
8059,凱碩,7,0,7,群益金鼎-高雄,2023-05-18,9183
00751B,元大AAA至A公司債,6,0,6,群益金鼎-高雄,2023-05-18,9183
6770,力積電,7,1,6,群益金鼎-高雄,2023-05-18,9183
2314,台揚,5,0,5,群益金鼎-高雄,2023-05-18,9183
00753L,中信中國50正2,5,0,5,群益金鼎-高雄,2023-05-18,9183
00792B,群益A級公司債,5,0,5,群益金鼎-高雄,2023-05-18,9183
00740B,富邦全球投等債,5,0,5,群益金鼎-高雄,2023-05-18,9183
00836B,永豐10年A公司債,5,0,5,群益金鼎-高雄,2023-05-18,9183
00643,群益深証中小,5,0,5,群益金鼎-高雄,2023-05-18,9183
2338,光罩,5,0,5,群益金鼎-高雄,2023-05-18,9183
2610,華航,7,2,5,群益金鼎-高雄,2023-05-18,9183
2634,漢翔,11,6,5,群益金鼎-高雄,2023-05-18,9183
2736,富野,29,24,5,群益金鼎-高雄,2023-05-18,9183
00753L,中信中國50正2,97,0,97,群益金鼎-高雄,2023-05-19,9183
6005,群益證,100,6,94,群益金鼎-高雄,2023-05-19,9183
2883B,凱基金乙特,50,0,50,群益金鼎-高雄,2023-05-19,9183
00795B,中信美國公債20年,42,0,42,群益金鼎-高雄,2023-05-19,9183
3363,上詮,103,72,31,群益金鼎-高雄,2023-05-19,9183
6142,友勁,30,0,30,群益金鼎-高雄,2023-05-19,9183
00715L,期街口布蘭特正2,30,2,28,群益金鼎-高雄,2023-05-19,9183
1218,泰山,28,0,28,群益金鼎-高雄,2023-05-19,9183
5201,凱衛,25,0,25,群益金鼎-高雄,2023-05-19,9183
2371,大同,29,7,22,群益金鼎-高雄,2023-05-19,9183
2801,彰銀,22,0,22,群益金鼎-高雄,2023-05-19,9183
00632R,元大台灣50反1,20,0,20,群益金鼎-高雄,2023-05-19,9183
00680L,元大美債20正2,19,0,19,群益金鼎-高雄,2023-05-19,9183
1905,華紙,21,2,19,群益金鼎-高雄,2023-05-19,9183
6194,育富,21,3,18,群益金鼎-高雄,2023-05-19,9183
8033,雷虎,18,0,18,群益金鼎-高雄,2023-05-19,9183
2427,三商電,16,0,16,群益金鼎-高雄,2023-05-19,9183
6770,力積電,21,5,16,群益金鼎-高雄,2023-05-19,9183
00712,復華富時不動產,15,0,15,群益金鼎-高雄,2023-05-19,9183
2492,華新科,15,0,15,群益金鼎-高雄,2023-05-19,9183
2457,飛宏,41,27,14,群益金鼎-高雄,2023-05-19,9183
3025,星通,81,67,14,群益金鼎-高雄,2023-05-19,9183
2303,聯電,21,8,13,群益金鼎-高雄,2023-05-19,9183
5009,榮剛,27,14,13,群益金鼎-高雄,2023-05-19,9183
3013,晟銘電,12,0,12,群益金鼎-高雄,2023-05-19,9183
6139,亞翔,13,1,12,群益金鼎-高雄,2023-05-19,9183
00679B,元大美債20年,13,2,11,群益金鼎-高雄,2023-05-19,9183
00882,中信中國高股息,11,0,11,群益金鼎-高雄,2023-05-19,9183
6163,華電網,16,5,11,群益金鼎-高雄,2023-05-19,9183
2603,長榮,14,4,10,群益金鼎-高雄,2023-05-19,9183
00922,國泰台灣領袖50,10,0,10,群益金鼎-高雄,2023-05-19,9183
2331,精英,10,0,10,群益金鼎-高雄,2023-05-19,9183
3090,日電貿,10,0,10,群益金鼎-高雄,2023-05-19,9183
4533,協易機,10,0,10,群益金鼎-高雄,2023-05-19,9183
6160,欣技,20,10,10,群益金鼎-高雄,2023-05-19,9183
6227,茂綸,10,0,10,群益金鼎-高雄,2023-05-19,9183
8038,長園科,10,0,10,群益金鼎-高雄,2023-05-19,9183
00772B,中信高評級公司債,9,0,9,群益金鼎-高雄,2023-05-19,9183
1314,中石化,15,6,9,群益金鼎-高雄,2023-05-19,9183
6288,聯嘉,11,2,9,群益金鼎-高雄,2023-05-19,9183
2887,台新金,9,0,9,群益金鼎-高雄,2023-05-19,9183
2913,農林,10,1,9,群益金鼎-高雄,2023-05-19,9183
1560,中砂,8,0,8,群益金鼎-高雄,2023-05-19,9183
1618,合機,12,4,8,群益金鼎-高雄,2023-05-19,9183
6235,華孚,87,79,8,群益金鼎-高雄,2023-05-19,9183
6776,展�眥篕�,9,1,8,群益金鼎-高雄,2023-05-19,9183
00751B,元大AAA至A公司債,12,5,7,群益金鼎-高雄,2023-05-19,9183
1409,新纖,7,0,7,群益金鼎-高雄,2023-05-19,9183
2482,連宇,12,5,7,群益金鼎-高雄,2023-05-19,9183
2745,五福,7,0,7,群益金鼎-高雄,2023-05-19,9183
2883B,凱基金乙特,184,0,184,群益金鼎-高雄,2023-05-22,9183
00715L,期街口布蘭特正2,80,0,80,群益金鼎-高雄,2023-05-22,9183
8935,邦泰,58,0,58,群益金鼎-高雄,2023-05-22,9183
9136,巨騰-DR,50,0,50,群益金鼎-高雄,2023-05-22,9183
3059,華晶科,45,0,45,群益金鼎-高雄,2023-05-22,9183
2427,三商電,95,55,40,群益金鼎-高雄,2023-05-22,9183
2303,聯電,45,7,38,群益金鼎-高雄,2023-05-22,9183
6269,台郡,25,0,25,群益金鼎-高雄,2023-05-22,9183
6194,育富,43,22,21,群益金鼎-高雄,2023-05-22,9183
2882,國泰金,20,1,19,群益金鼎-高雄,2023-05-22,9183
1609,大亞,39,21,18,群益金鼎-高雄,2023-05-22,9183
6197,佳必琪,17,0,17,群益金鼎-高雄,2023-05-22,9183
00795B,中信美國公債20年,16,0,16,群益金鼎-高雄,2023-05-22,9183
3259,鑫創,16,0,16,群益金鼎-高雄,2023-05-22,9183
1605,華新,21,6,15,群益金鼎-高雄,2023-05-22,9183
5324,士開,15,0,15,群益金鼎-高雄,2023-05-22,9183
3704,合勤控,13,0,13,群益金鼎-高雄,2023-05-22,9183
00679B,元大美債20年,13,1,12,群益金鼎-高雄,2023-05-22,9183
5340,建榮,12,2,10,群益金鼎-高雄,2023-05-22,9183
00632R,元大台灣50反1,10,0,10,群益金鼎-高雄,2023-05-22,9183
2812,台中銀,10,0,10,群益金鼎-高雄,2023-05-22,9183
3306,鼎天,10,0,10,群益金鼎-高雄,2023-05-22,9183
6167,久正,10,0,10,群益金鼎-高雄,2023-05-22,9183
5258,虹堡,10,1,9,群益金鼎-高雄,2023-05-22,9183
6282,康舒,54,45,9,群益金鼎-高雄,2023-05-22,9183
1101,台泥,10,2,8,群益金鼎-高雄,2023-05-22,9183
2736,富野,11,3,8,群益金鼎-高雄,2023-05-22,9183
3617,碩天,9,2,7,群益金鼎-高雄,2023-05-22,9183
00712,復華富時不動產,7,0,7,群益金鼎-高雄,2023-05-22,9183
1608,華榮,14,7,7,群益金鼎-高雄,2023-05-22,9183
2331,精英,9,2,7,群益金鼎-高雄,2023-05-22,9183
2402,毅嘉,8,1,7,群益金鼎-高雄,2023-05-22,9183
3664,安瑞-KY,7,0,7,群益金鼎-高雄,2023-05-22,9183
8222,寶一,20,13,7,群益金鼎-高雄,2023-05-22,9183
3017,奇鋐,8,1,7,群益金鼎-高雄,2023-05-22,9183
3231,緯創,17,11,6,群益金鼎-高雄,2023-05-22,9183
1326,台化,6,0,6,群益金鼎-高雄,2023-05-22,9183
2204,中華,7,1,6,群益金鼎-高雄,2023-05-22,9183
3090,日電貿,6,0,6,群益金鼎-高雄,2023-05-22,9183
3346,麗清,7,1,6,群益金鼎-高雄,2023-05-22,9183
4722,國精化,6,0,6,群益金鼎-高雄,2023-05-22,9183
5234,達興材料,6,0,6,群益金鼎-高雄,2023-05-22,9183
6125,廣運,7,1,6,群益金鼎-高雄,2023-05-22,9183
6505,台塑化,6,0,6,群益金鼎-高雄,2023-05-22,9183
8429,金麗-KY,6,0,6,群益金鼎-高雄,2023-05-22,9183
2317,鴻海,8,3,5,群益金鼎-高雄,2023-05-22,9183
6469,大樹,5,0,5,群益金鼎-高雄,2023-05-22,9183
8088,品安,5,0,5,群益金鼎-高雄,2023-05-22,9183
00772B,中信高評級公司債,10,5,5,群益金鼎-高雄,2023-05-22,9183
00751B,元大AAA至A公司債,5,0,5,群益金鼎-高雄,2023-05-22,9183
2883B,凱基金乙特,100,0,100,群益金鼎-高雄,2023-05-23,9183
2038,海光,45,0,45,群益金鼎-高雄,2023-05-23,9183
3363,上詮,102,58,44,群益金鼎-高雄,2023-05-23,9183
2929,淘帝-KY,40,0,40,群益金鼎-高雄,2023-05-23,9183
2409,友達,32,0,32,群益金鼎-高雄,2023-05-23,9183
8099,大世科,39,9,30,群益金鼎-高雄,2023-05-23,9183
2618,長榮航,65,40,25,群益金鼎-高雄,2023-05-23,9183
2303,聯電,28,3,25,群益金鼎-高雄,2023-05-23,9183
00637L,元大滬深300正2,21,0,21,群益金鼎-高雄,2023-05-23,9183
2609,陽明,25,5,20,群益金鼎-高雄,2023-05-23,9183
2801,彰銀,20,0,20,群益金鼎-高雄,2023-05-23,9183
4161,聿新科,20,0,20,群益金鼎-高雄,2023-05-23,9183
2492,華新科,22,3,19,群益金鼎-高雄,2023-05-23,9183
2743,山富,20,1,19,群益金鼎-高雄,2023-05-23,9183
00680L,元大美債20正2,15,0,15,群益金鼎-高雄,2023-05-23,9183
00679B,元大美債20年,13,0,13,群益金鼎-高雄,2023-05-23,9183
3617,碩天,13,0,13,群益金鼎-高雄,2023-05-23,9183
00882,中信中國高股息,17,5,12,群益金鼎-高雄,2023-05-23,9183
4979,華星光,12,1,11,群益金鼎-高雄,2023-05-23,9183
1101,台泥,16,5,11,群益金鼎-高雄,2023-05-23,9183
00772B,中信高評級公司債,11,0,11,群益金鼎-高雄,2023-05-23,9183
3481,群創,33,22,11,群益金鼎-高雄,2023-05-23,9183
3706,神達,11,1,10,群益金鼎-高雄,2023-05-23,9183
00632R,元大台灣50反1,10,0,10,群益金鼎-高雄,2023-05-23,9183
00720B,元大投資級公司債,10,0,10,群益金鼎-高雄,2023-05-23,9183
2392,正崴,10,0,10,群益金鼎-高雄,2023-05-23,9183
1219,福壽,10,1,9,群益金鼎-高雄,2023-05-23,9183
3078,僑威,23,14,9,群益金鼎-高雄,2023-05-23,9183
4977,眾達-KY,11,2,9,群益金鼎-高雄,2023-05-23,9183
8076,伍豐,18,9,9,群益金鼎-高雄,2023-05-23,9183
1513,中興電,31,23,8,群益金鼎-高雄,2023-05-23,9183
2882,國泰金,20,12,8,群益金鼎-高雄,2023-05-23,9183
3290,東浦,9,1,8,群益金鼎-高雄,2023-05-23,9183
3491,昇達科,9,1,8,群益金鼎-高雄,2023-05-23,9183
2915,潤泰全,7,0,7,群益金鼎-高雄,2023-05-23,9183
1605,華新,8,1,7,群益金鼎-高雄,2023-05-23,9183
2368,金像電,9,2,7,群益金鼎-高雄,2023-05-23,9183
2892,第一金,7,0,7,群益金鼎-高雄,2023-05-23,9183
6170,統振,7,0,7,群益金鼎-高雄,2023-05-23,9183
00687B,國泰20年美債,6,0,6,群益金鼎-高雄,2023-05-23,9183
2913,農林,6,0,6,群益金鼎-高雄,2023-05-23,9183
00756B,群益投等新興公債,6,0,6,群益金鼎-高雄,2023-05-23,9183
00795B,中信美國公債20年,6,0,6,群益金鼎-高雄,2023-05-23,9183
5203,訊連,6,0,6,群益金鼎-高雄,2023-05-23,9183
5469,瀚宇博,6,0,6,群益金鼎-高雄,2023-05-23,9183
6160,欣技,7,1,6,群益金鼎-高雄,2023-05-23,9183
6229,研通,6,0,6,群益金鼎-高雄,2023-05-23,9183
8478,東哥遊艇,6,1,5,群益金鼎-高雄,2023-05-23,9183
2017,官田鋼,5,0,5,群益金鼎-高雄,2023-05-23,9183
2739,寒舍,5,0,5,群益金鼎-高雄,2023-05-23,9183
2883B,凱基金乙特,400,0,400,群益金鼎-高雄,2023-05-24,9183
4564,元翎,114,10,104,群益金鼎-高雄,2023-05-24,9183
00753L,中信中國50正2,103,0,103,群益金鼎-高雄,2023-05-24,9183
2362,藍天,80,0,80,群益金鼎-高雄,2023-05-24,9183
5321,美而快,70,1,69,群益金鼎-高雄,2023-05-24,9183
00637L,元大滬深300正2,53,8,45,群益金鼎-高雄,2023-05-24,9183
2485,兆赫,35,0,35,群益金鼎-高雄,2023-05-24,9183
00882,中信中國高股息,35,0,35,群益金鼎-高雄,2023-05-24,9183
00878,國泰永續高股息,35,5,30,群益金鼎-高雄,2023-05-24,9183
3617,碩天,29,1,28,群益金鼎-高雄,2023-05-24,9183
3035,智原,30,4,26,群益金鼎-高雄,2023-05-24,9183
5531,鄉林,24,3,21,群益金鼎-高雄,2023-05-24,9183
4916,事欣科,20,1,19,群益金鼎-高雄,2023-05-24,9183
1710,東聯,16,0,16,群益金鼎-高雄,2023-05-24,9183
8940,新天地,16,1,15,群益金鼎-高雄,2023-05-24,9183
9927,泰銘,15,0,15,群益金鼎-高雄,2023-05-24,9183
6835,圓裕,14,0,14,群益金鼎-高雄,2023-05-24,9183
2891,中信金,16,5,11,群益金鼎-高雄,2023-05-24,9183
00680L,元大美債20正2,10,0,10,群益金鼎-高雄,2023-05-24,9183
00706L,期元大S＆P日圓正2,10,0,10,群益金鼎-高雄,2023-05-24,9183
1409,新纖,10,0,10,群益金鼎-高雄,2023-05-24,9183
3052,夆典,10,0,10,群益金鼎-高雄,2023-05-24,9183
4979,華星光,10,0,10,群益金鼎-高雄,2023-05-24,9183
6227,茂綸,10,0,10,群益金鼎-高雄,2023-05-24,9183
6269,台郡,10,0,10,群益金鼎-高雄,2023-05-24,9183
8150,南茂,10,0,10,群益金鼎-高雄,2023-05-24,9183
2634,漢翔,18,9,9,群益金鼎-高雄,2023-05-24,9183
1584,精剛,27,18,9,群益金鼎-高雄,2023-05-24,9183
2705,六福,12,3,9,群益金鼎-高雄,2023-05-24,9183
3664,安瑞-KY,9,0,9,群益金鼎-高雄,2023-05-24,9183
4977,眾達-KY,10,1,9,群益金鼎-高雄,2023-05-24,9183
2892,第一金,8,0,8,群益金鼎-高雄,2023-05-24,9183
2801,彰銀,8,0,8,群益金鼎-高雄,2023-05-24,9183
2929,淘帝-KY,9,1,8,群益金鼎-高雄,2023-05-24,9183
3071,協禧,10,2,8,群益金鼎-高雄,2023-05-24,9183
3325,旭品,15,7,8,群益金鼎-高雄,2023-05-24,9183
6829,千附精密,15,7,8,群益金鼎-高雄,2023-05-24,9183
6244,茂迪,9,2,7,群益金鼎-高雄,2023-05-24,9183
1513,中興電,13,6,7,群益金鼎-高雄,2023-05-24,9183
1608,華榮,8,1,7,群益金鼎-高雄,2023-05-24,9183
2010,春源,7,0,7,群益金鼎-高雄,2023-05-24,9183
2399,映泰,11,4,7,群益金鼎-高雄,2023-05-24,9183
5222,全訊,10,3,7,群益金鼎-高雄,2023-05-24,9183
3706,神達,8,2,6,群益金鼎-高雄,2023-05-24,9183
00642U,期元大S＆P石油,6,0,6,群益金鼎-高雄,2023-05-24,9183
2442,新美齊,10,4,6,群益金鼎-高雄,2023-05-24,9183
3005,神基,8,2,6,群益金鼎-高雄,2023-05-24,9183
3032,偉訓,7,1,6,群益金鼎-高雄,2023-05-24,9183
4919,新唐,6,0,6,群益金鼎-高雄,2023-05-24,9183
2409,友達,6,0,6,群益金鼎-高雄,2023-05-24,9183
2883B,凱基金乙特,550,0,550,群益金鼎-高雄,2023-05-25,9183
00753L,中信中國50正2,63,0,63,群益金鼎-高雄,2023-05-25,9183
3312,弘憶股,60,0,60,群益金鼎-高雄,2023-05-25,9183
00882,中信中國高股息,52,0,52,群益金鼎-高雄,2023-05-25,9183
3558,神準,52,0,52,群益金鼎-高雄,2023-05-25,9183
4961,天鈺,50,0,50,群益金鼎-高雄,2023-05-25,9183
6789,采鈺,49,0,49,群益金鼎-高雄,2023-05-25,9183
00632R,元大台灣50反1,63,16,47,群益金鼎-高雄,2023-05-25,9183
2883,凱基金,30,0,30,群益金鼎-高雄,2023-05-25,9183
00795B,中信美國公債20年,28,0,28,群益金鼎-高雄,2023-05-25,9183
2402,毅嘉,30,4,26,群益金鼎-高雄,2023-05-25,9183
2611,志信,26,2,24,群益金鼎-高雄,2023-05-25,9183
3038,全台,41,17,24,群益金鼎-高雄,2023-05-25,9183
00637L,元大滬深300正2,30,7,23,群益金鼎-高雄,2023-05-25,9183
00751B,元大AAA至A公司債,22,0,22,群益金鼎-高雄,2023-05-25,9183
00679B,元大美債20年,21,0,21,群益金鼎-高雄,2023-05-25,9183
1337,再生-KY,22,1,21,群益金鼎-高雄,2023-05-25,9183
6441,廣錠,22,1,21,群益金鼎-高雄,2023-05-25,9183
2645,長榮航太,21,1,20,群益金鼎-高雄,2023-05-25,9183
3141,晶宏,20,0,20,群益金鼎-高雄,2023-05-25,9183
5201,凱衛,19,0,19,群益金鼎-高雄,2023-05-25,9183
00706L,期元大S＆P日圓正2,15,0,15,群益金鼎-高雄,2023-05-25,9183
2801,彰銀,15,0,15,群益金鼎-高雄,2023-05-25,9183
00687B,國泰20年美債,14,0,14,群益金鼎-高雄,2023-05-25,9183
2014,中鴻,14,0,14,群益金鼎-高雄,2023-05-25,9183
2736,富野,31,18,13,群益金鼎-高雄,2023-05-25,9183
2457,飛宏,33,21,12,群益金鼎-高雄,2023-05-25,9183
00713,元大台灣高息低波,11,0,11,群益金鼎-高雄,2023-05-25,9183
1504,東元,12,1,11,群益金鼎-高雄,2023-05-25,9183
3663,鑫科,12,1,11,群益金鼎-高雄,2023-05-25,9183
6223,旺矽,13,3,10,群益金鼎-高雄,2023-05-25,9183
1605,華新,10,0,10,群益金鼎-高雄,2023-05-25,9183
00897,富邦基因免疫生技,10,0,10,群益金鼎-高雄,2023-05-25,9183
1325,恆大,10,0,10,群益金鼎-高雄,2023-05-25,9183
1432,大魯閣,10,0,10,群益金鼎-高雄,2023-05-25,9183
2104,國際中橡,10,0,10,群益金鼎-高雄,2023-05-25,9183
2355,敬鵬,10,0,10,群益金鼎-高雄,2023-05-25,9183
2609,陽明,12,2,10,群益金鼎-高雄,2023-05-25,9183
2705,六福,10,0,10,群益金鼎-高雄,2023-05-25,9183
3025,星通,23,13,10,群益金鼎-高雄,2023-05-25,9183
3149,正達,10,0,10,群益金鼎-高雄,2023-05-25,9183
4746,台耀,23,13,10,群益金鼎-高雄,2023-05-25,9183
5353,台林,10,0,10,群益金鼎-高雄,2023-05-25,9183
9927,泰銘,10,0,10,群益金鼎-高雄,2023-05-25,9183
9962,有益,10,0,10,群益金鼎-高雄,2023-05-25,9183
1710,東聯,10,1,9,群益金鼎-高雄,2023-05-25,9183
3664,安瑞-KY,9,0,9,群益金鼎-高雄,2023-05-25,9183
2303,聯電,8,0,8,群益金鼎-高雄,2023-05-25,9183
2748,雲品,14,6,8,群益金鼎-高雄,2023-05-25,9183
00642U,期元大S＆P石油,8,0,8,群益金鼎-高雄,2023-05-25,9183
2883B,凱基金乙特,1005,1,1004,群益金鼎-高雄,2023-05-26,9183
00632R,元大台灣50反1,373,40,333,群益金鼎-高雄,2023-05-26,9183
2382,廣達,79,13,66,群益金鼎-高雄,2023-05-26,9183
3558,神準,66,3,63,群益金鼎-高雄,2023-05-26,9183
4979,華星光,65,16,49,群益金鼎-高雄,2023-05-26,9183
9927,泰銘,40,1,39,群益金鼎-高雄,2023-05-26,9183
00712,復華富時不動產,37,0,37,群益金鼎-高雄,2023-05-26,9183
00753L,中信中國50正2,34,0,34,群益金鼎-高雄,2023-05-26,9183
2323,中環,71,45,26,群益金鼎-高雄,2023-05-26,9183
6186,新潤,25,0,25,群益金鼎-高雄,2023-05-26,9183
3045,台灣大,23,0,23,群益金鼎-高雄,2023-05-26,9183
2421,建準,81,58,23,群益金鼎-高雄,2023-05-26,9183
2883,凱基金,24,3,21,群益金鼎-高雄,2023-05-26,9183
3049,精金,20,0,20,群益金鼎-高雄,2023-05-26,9183
5905,南仁湖,20,1,19,群益金鼎-高雄,2023-05-26,9183
00897,富邦基因免疫生技,17,0,17,群益金鼎-高雄,2023-05-26,9183
6190,萬泰科,19,2,17,群益金鼎-高雄,2023-05-26,9183
4564,元翎,69,53,16,群益金鼎-高雄,2023-05-26,9183
3356,奇偶,15,0,15,群益金鼎-高雄,2023-05-26,9183
6160,欣技,20,5,15,群益金鼎-高雄,2023-05-26,9183
2402,毅嘉,15,1,14,群益金鼎-高雄,2023-05-26,9183
00637L,元大滬深300正2,25,13,12,群益金鼎-高雄,2023-05-26,9183
2332,友訊,17,5,12,群益金鼎-高雄,2023-05-26,9183
2349,錸德,12,0,12,群益金鼎-高雄,2023-05-26,9183
4720,德淵,12,0,12,群益金鼎-高雄,2023-05-26,9183
5347,世界,17,5,12,群益金鼎-高雄,2023-05-26,9183
1618,合機,14,3,11,群益金鼎-高雄,2023-05-26,9183
2404,漢唐,11,0,11,群益金鼎-高雄,2023-05-26,9183
6282,康舒,33,22,11,群益金鼎-高雄,2023-05-26,9183
1611,中電,12,2,10,群益金鼎-高雄,2023-05-26,9183
2801,彰銀,10,0,10,群益金鼎-高雄,2023-05-26,9183
4161,聿新科,10,0,10,群益金鼎-高雄,2023-05-26,9183
4174,浩鼎,10,0,10,群益金鼎-高雄,2023-05-26,9183
4977,眾達-KY,10,0,10,群益金鼎-高雄,2023-05-26,9183
6142,友勁,15,5,10,群益金鼎-高雄,2023-05-26,9183
6227,茂綸,10,0,10,群益金鼎-高雄,2023-05-26,9183
8050,廣積,10,0,10,群益金鼎-高雄,2023-05-26,9183
3481,群創,18,8,10,群益金鼎-高雄,2023-05-26,9183
2362,藍天,10,1,9,群益金鼎-高雄,2023-05-26,9183
3022,威強電,10,1,9,群益金鼎-高雄,2023-05-26,9183
3625,西勝,10,1,9,群益金鼎-高雄,2023-05-26,9183
6194,育富,27,18,9,群益金鼎-高雄,2023-05-26,9183
3231,緯創,96,88,8,群益金鼎-高雄,2023-05-26,9183
2409,友達,9,1,8,群益金鼎-高雄,2023-05-26,9183
2887,台新金,10,2,8,群益金鼎-高雄,2023-05-26,9183
3052,夆典,8,0,8,群益金鼎-高雄,2023-05-26,9183
3189,景碩,10,2,8,群益金鼎-高雄,2023-05-26,9183
3363,上詮,86,78,8,群益金鼎-高雄,2023-05-26,9183
3035,智原,11,4,7,群益金鼎-高雄,2023-05-26,9183
00892,富邦台灣半導體,10,3,7,群益金鼎-高雄,2023-05-26,9183
5498,凱崴,50,1,49,群益金鼎-高雄,2023-05-29,9183
2633,台灣高鐵,50,3,47,群益金鼎-高雄,2023-05-29,9183
00632R,元大台灣50反1,35,0,35,群益金鼎-高雄,2023-05-29,9183
2883,凱基金,32,4,28,群益金鼎-高雄,2023-05-29,9183
6443,元晶,30,2,28,群益金鼎-高雄,2023-05-29,9183
3663,鑫科,28,1,27,群益金鼎-高雄,2023-05-29,9183
4909,新復興,27,0,27,群益金鼎-高雄,2023-05-29,9183
1713,國化,26,0,26,群益金鼎-高雄,2023-05-29,9183
00687B,國泰20年美債,25,0,25,群益金鼎-高雄,2023-05-29,9183
2007,燁興,26,1,25,群益金鼎-高雄,2023-05-29,9183
5468,凱鈺,23,0,23,群益金鼎-高雄,2023-05-29,9183
6116,彩晶,24,2,22,群益金鼎-高雄,2023-05-29,9183
1560,中砂,21,1,20,群益金鼎-高雄,2023-05-29,9183
2495,普安,24,4,20,群益金鼎-高雄,2023-05-29,9183
3265,台星科,42,22,20,群益金鼎-高雄,2023-05-29,9183
5439,高技,21,1,20,群益金鼎-高雄,2023-05-29,9183
5905,南仁湖,20,0,20,群益金鼎-高雄,2023-05-29,9183
2303,聯電,22,5,17,群益金鼎-高雄,2023-05-29,9183
00923,群益台ESG低碳50,20,3,17,群益金鼎-高雄,2023-05-29,9183
2645,長榮航太,15,0,15,群益金鼎-高雄,2023-05-29,9183
2884,玉山金,15,0,15,群益金鼎-高雄,2023-05-29,9183
1608,華榮,30,17,13,群益金鼎-高雄,2023-05-29,9183
2349,錸德,13,0,13,群益金鼎-高雄,2023-05-29,9183
2892,第一金,12,0,12,群益金鼎-高雄,2023-05-29,9183
6190,萬泰科,13,1,12,群益金鼎-高雄,2023-05-29,9183
2382,廣達,18,7,11,群益金鼎-高雄,2023-05-29,9183
2371,大同,20,9,11,群益金鼎-高雄,2023-05-29,9183
6153,嘉聯益,11,0,11,群益金鼎-高雄,2023-05-29,9183
6194,育富,48,37,11,群益金鼎-高雄,2023-05-29,9183
00680L,元大美債20正2,10,0,10,群益金鼎-高雄,2023-05-29,9183
2354,鴻準,10,0,10,群益金鼎-高雄,2023-05-29,9183
2367,燿華,10,0,10,群益金鼎-高雄,2023-05-29,9183
2605,新興,10,0,10,群益金鼎-高雄,2023-05-29,9183
3045,台灣大,10,0,10,群益金鼎-高雄,2023-05-29,9183
5876,上海商銀,10,0,10,群益金鼎-高雄,2023-05-29,9183
8467,波力-KY,10,0,10,群益金鼎-高雄,2023-05-29,9183
1460,宏遠,10,1,9,群益金鼎-高雄,2023-05-29,9183
1734,杏輝,12,3,9,群益金鼎-高雄,2023-05-29,9183
6535,順藥,11,2,9,群益金鼎-高雄,2023-05-29,9183
9927,泰銘,9,0,9,群益金鼎-高雄,2023-05-29,9183
00882,中信中國高股息,8,0,8,群益金鼎-高雄,2023-05-29,9183
1524,耿鼎,10,2,8,群益金鼎-高雄,2023-05-29,9183
1609,大亞,14,6,8,群益金鼎-高雄,2023-05-29,9183
3189,景碩,10,2,8,群益金鼎-高雄,2023-05-29,9183
5465,富驊,16,8,8,群益金鼎-高雄,2023-05-29,9183
1101,台泥,9,2,7,群益金鼎-高雄,2023-05-29,9183
2886,兆豐金,7,0,7,群益金鼎-高雄,2023-05-29,9183
1504,東元,13,6,7,群益金鼎-高雄,2023-05-29,9183
2206,三陽工業,8,1,7,群益金鼎-高雄,2023-05-29,9183
2442,新美齊,8,1,7,群益金鼎-高雄,2023-05-29,9183
2883B,凱基金乙特,104,0,104,群益金鼎-高雄,2023-05-30,9183
1734,杏輝,87,0,87,群益金鼎-高雄,2023-05-30,9183
2329,華泰,98,17,81,群益金鼎-高雄,2023-05-30,9183
00751B,元大AAA至A公司債,51,0,51,群益金鼎-高雄,2023-05-30,9183
3141,晶宏,46,0,46,群益金鼎-高雄,2023-05-30,9183
4707,磐亞,40,0,40,群益金鼎-高雄,2023-05-30,9183
3706,神達,50,13,37,群益金鼎-高雄,2023-05-30,9183
00632R,元大台灣50反1,35,0,35,群益金鼎-高雄,2023-05-30,9183
00712,復華富時不動產,34,0,34,群益金鼎-高雄,2023-05-30,9183
00753L,中信中國50正2,30,0,30,群益金鼎-高雄,2023-05-30,9183
00882,中信中國高股息,23,0,23,群益金鼎-高雄,2023-05-30,9183
00715L,期街口布蘭特正2,35,12,23,群益金鼎-高雄,2023-05-30,9183
3663,鑫科,23,0,23,群益金鼎-高雄,2023-05-30,9183
8289,泰藝,21,0,21,群益金鼎-高雄,2023-05-30,9183
00688L,國泰20年美債正2,20,0,20,群益金鼎-高雄,2023-05-30,9183
3049,精金,30,10,20,群益金鼎-高雄,2023-05-30,9183
3481,群創,24,4,20,群益金鼎-高雄,2023-05-30,9183
5465,富驊,21,1,20,群益金鼎-高雄,2023-05-30,9183
2883,凱基金,19,0,19,群益金鼎-高雄,2023-05-30,9183
6194,育富,19,0,19,群益金鼎-高雄,2023-05-30,9183
2356,英業達,27,9,18,群益金鼎-高雄,2023-05-30,9183
2881,富邦金,22,4,18,群益金鼎-高雄,2023-05-30,9183
6269,台郡,16,0,16,群益金鼎-高雄,2023-05-30,9183
3363,上詮,100,85,15,群益金鼎-高雄,2023-05-30,9183
00637L,元大滬深300正2,15,1,14,群益金鼎-高雄,2023-05-30,9183
5328,華容,15,1,14,群益金鼎-高雄,2023-05-30,9183
4908,前鼎,14,0,14,群益金鼎-高雄,2023-05-30,9183
2002,中鋼,13,1,12,群益金鼎-高雄,2023-05-30,9183
1460,宏遠,13,1,12,群益金鼎-高雄,2023-05-30,9183
2327,國巨,13,1,12,群益金鼎-高雄,2023-05-30,9183
3078,僑威,16,4,12,群益金鼎-高雄,2023-05-30,9183
8038,長園科,12,0,12,群益金鼎-高雄,2023-05-30,9183
2887,台新金,11,0,11,群益金鼎-高雄,2023-05-30,9183
4114,健喬,11,0,11,群益金鼎-高雄,2023-05-30,9183
2399,映泰,10,0,10,群益金鼎-高雄,2023-05-30,9183
3045,台灣大,10,0,10,群益金鼎-高雄,2023-05-30,9183
3455,由田,10,0,10,群益金鼎-高雄,2023-05-30,9183
6016,康和證,10,0,10,群益金鼎-高雄,2023-05-30,9183
6449,鈺邦,10,0,10,群益金鼎-高雄,2023-05-30,9183
6547,高端疫苗,10,0,10,群益金鼎-高雄,2023-05-30,9183
2382,廣達,20,11,9,群益金鼎-高雄,2023-05-30,9183
2801,彰銀,10,1,9,群益金鼎-高雄,2023-05-30,9183
5905,南仁湖,10,1,9,群益金鼎-高雄,2023-05-30,9183
6153,嘉聯益,9,0,9,群益金鼎-高雄,2023-05-30,9183
5498,凱崴,26,17,9,群益金鼎-高雄,2023-05-30,9183
6443,元晶,11,3,8,群益金鼎-高雄,2023-05-30,9183
1519,華城,12,4,8,群益金鼎-高雄,2023-05-30,9183
6015,宏遠證,9,1,8,群益金鼎-高雄,2023-05-30,9183
6125,廣運,9,1,8,群益金鼎-高雄,2023-05-30,9183
6217,中探針,8,0,8,群益金鼎-高雄,2023-05-30,9183
2883B,凱基金乙特,300,0,300,群益金鼎-高雄,2023-05-31,9183
00715L,期街口布蘭特正2,115,3,112,群益金鼎-高雄,2023-05-31,9183
4155,訊映,60,0,60,群益金鼎-高雄,2023-05-31,9183
00753L,中信中國50正2,58,0,58,群益金鼎-高雄,2023-05-31,9183
2605,新興,50,0,50,群益金鼎-高雄,2023-05-31,9183
2633,台灣高鐵,51,6,45,群益金鼎-高雄,2023-05-31,9183
1718,中纖,35,0,35,群益金鼎-高雄,2023-05-31,9183
1308,亞聚,30,0,30,群益金鼎-高雄,2023-05-31,9183
9934,成霖,29,0,29,群益金鼎-高雄,2023-05-31,9183
2736,富野,29,1,28,群益金鼎-高雄,2023-05-31,9183
1608,華榮,30,5,25,群益金鼎-高雄,2023-05-31,9183
00878,國泰永續高股息,25,3,22,群益金鼎-高雄,2023-05-31,9183
00687B,國泰20年美債,22,0,22,群益金鼎-高雄,2023-05-31,9183
00893,國泰智能電動車,23,1,22,群益金鼎-高雄,2023-05-31,9183
6160,欣技,20,0,20,群益金鼎-高雄,2023-05-31,9183
00706L,期元大S＆P日圓正2,20,0,20,群益金鼎-高雄,2023-05-31,9183
00688L,國泰20年美債正2,20,0,20,群益金鼎-高雄,2023-05-31,9183
2371,大同,57,37,20,群益金鼎-高雄,2023-05-31,9183
2303,聯電,20,5,15,群益金鼎-高雄,2023-05-31,9183
2105,正新,15,0,15,群益金鼎-高雄,2023-05-31,9183
5871,中租-KY,14,0,14,群益金鼎-高雄,2023-05-31,9183
2801,彰銀,14,0,14,群益金鼎-高雄,2023-05-31,9183
4916,事欣科,56,43,13,群益金鼎-高雄,2023-05-31,9183
2886,兆豐金,12,0,12,群益金鼎-高雄,2023-05-31,9183
6194,育富,39,27,12,群益金鼎-高雄,2023-05-31,9183
2630,亞航,46,35,11,群益金鼎-高雄,2023-05-31,9183
1110,東泥,10,0,10,群益金鼎-高雄,2023-05-31,9183
2331,精英,10,0,10,群益金鼎-高雄,2023-05-31,9183
2484,希華,10,0,10,群益金鼎-高雄,2023-05-31,9183
3032,偉訓,10,0,10,群益金鼎-高雄,2023-05-31,9183
6153,嘉聯益,10,0,10,群益金鼎-高雄,2023-05-31,9183
6269,台郡,12,2,10,群益金鼎-高雄,2023-05-31,9183
3037,欣興,20,10,10,群益金鼎-高雄,2023-05-31,9183
2409,友達,11,2,9,群益金鼎-高雄,2023-05-31,9183
2419,仲琦,8,0,8,群益金鼎-高雄,2023-05-31,9183
3011,今皓,11,3,8,群益金鼎-高雄,2023-05-31,9183
6244,茂迪,7,0,7,群益金鼎-高雄,2023-05-31,9183
00897,富邦基因免疫生技,7,0,7,群益金鼎-高雄,2023-05-31,9183
1762,中化生,10,3,7,群益金鼎-高雄,2023-05-31,9183
2453,凌群,7,0,7,群益金鼎-高雄,2023-05-31,9183
5328,華容,7,0,7,群益金鼎-高雄,2023-05-31,9183
5880,合庫金,6,0,6,群益金鼎-高雄,2023-05-31,9183
00882,中信中國高股息,6,0,6,群益金鼎-高雄,2023-05-31,9183
1513,中興電,13,7,6,群益金鼎-高雄,2023-05-31,9183
3025,星通,22,16,6,群益金鼎-高雄,2023-05-31,9183
2892,第一金,6,0,6,群益金鼎-高雄,2023-05-31,9183
1504,東元,10,4,6,群益金鼎-高雄,2023-05-31,9183
2603,長榮,7,2,5,群益金鼎-高雄,2023-05-31,9183
2887,台新金,5,0,5,群益金鼎-高雄,2023-05-31,9183
00881,國泰台灣5G+,5,0,5,群益金鼎-高雄,2023-05-31,9183
2323,中環,204,37,167,群益金鼎-高雄,2023-06-01,9183
2105,正新,100,0,100,群益金鼎-高雄,2023-06-01,9183
00715L,期街口布蘭特正2,71,0,71,群益金鼎-高雄,2023-06-01,9183
2883,凱基金,66,7,59,群益金鼎-高雄,2023-06-01,9183
2349,錸德,60,5,55,群益金鼎-高雄,2023-06-01,9183
2402,毅嘉,45,1,44,群益金鼎-高雄,2023-06-01,9183
4533,協易機,51,10,41,群益金鼎-高雄,2023-06-01,9183
2887,台新金,34,1,33,群益金鼎-高雄,2023-06-01,9183
2014,中鴻,30,0,30,群益金鼎-高雄,2023-06-01,9183
6188,廣明,82,53,29,群益金鼎-高雄,2023-06-01,9183
1727,中華化,39,11,28,群益金鼎-高雄,2023-06-01,9183
2303,聯電,34,7,27,群益金鼎-高雄,2023-06-01,9183
00919,群益台灣精選高息,27,0,27,群益金鼎-高雄,2023-06-01,9183
2344,華邦電,33,8,25,群益金鼎-高雄,2023-06-01,9183
3141,晶宏,24,0,24,群益金鼎-高雄,2023-06-01,9183
6443,元晶,23,1,22,群益金鼎-高雄,2023-06-01,9183
2882,國泰金,37,15,22,群益金鼎-高雄,2023-06-01,9183
1308,亞聚,20,0,20,群益金鼎-高雄,2023-06-01,9183
1905,華紙,61,41,20,群益金鼎-高雄,2023-06-01,9183
6116,彩晶,17,0,17,群益金鼎-高雄,2023-06-01,9183
6449,鈺邦,17,0,17,群益金鼎-高雄,2023-06-01,9183
00878,國泰永續高股息,21,5,16,群益金鼎-高雄,2023-06-01,9183
3013,晟銘電,25,10,15,群益金鼎-高雄,2023-06-01,9183
6016,康和證,14,0,14,群益金鼎-高雄,2023-06-01,9183
1101,台泥,24,11,13,群益金鼎-高雄,2023-06-01,9183
6288,聯嘉,14,2,12,群益金鼎-高雄,2023-06-01,9183
00772B,中信高評級公司債,11,0,11,群益金鼎-高雄,2023-06-01,9183
1907,永豐餘,11,0,11,群益金鼎-高雄,2023-06-01,9183
2892,第一金,11,0,11,群益金鼎-高雄,2023-06-01,9183
3481,群創,11,0,11,群益金鼎-高雄,2023-06-01,9183
1467,南緯,10,0,10,群益金鼎-高雄,2023-06-01,9183
00632R,元大台灣50反1,10,0,10,群益金鼎-高雄,2023-06-01,9183
2034,允強,10,0,10,群益金鼎-高雄,2023-06-01,9183
2449,京元電子,21,11,10,群益金鼎-高雄,2023-06-01,9183
3071,協禧,10,0,10,群益金鼎-高雄,2023-06-01,9183
3128,昇銳,10,0,10,群益金鼎-高雄,2023-06-01,9183
3715,定穎投控,11,1,10,群益金鼎-高雄,2023-06-01,9183
6227,茂綸,10,0,10,群益金鼎-高雄,2023-06-01,9183
6244,茂迪,15,5,10,群益金鼎-高雄,2023-06-01,9183
6290,良維,11,1,10,群益金鼎-高雄,2023-06-01,9183
8112,至上,10,0,10,群益金鼎-高雄,2023-06-01,9183
00885,富邦越南,9,0,9,群益金鼎-高雄,2023-06-01,9183
1605,華新,9,0,9,群益金鼎-高雄,2023-06-01,9183
4564,元翎,41,32,9,群益金鼎-高雄,2023-06-01,9183
6282,康舒,81,72,9,群益金鼎-高雄,2023-06-01,9183
5880,合庫金,9,0,9,群益金鼎-高雄,2023-06-01,9183
0056,元大高股息,8,0,8,群益金鼎-高雄,2023-06-01,9183
00673R,期元大S＆P原油反1,20,12,8,群益金鼎-高雄,2023-06-01,9183
1714,和桐,8,0,8,群益金鼎-高雄,2023-06-01,9183
3038,全台,9,1,8,群益金鼎-高雄,2023-06-01,9183
3047,訊舟,228,12,216,群益金鼎-高雄,2023-06-02,9183
2881,富邦金,101,20,81,群益金鼎-高雄,2023-06-02,9183
2888,新光金,57,0,57,群益金鼎-高雄,2023-06-02,9183
6167,久正,55,3,52,群益金鼎-高雄,2023-06-02,9183
4960,誠美材,46,0,46,群益金鼎-高雄,2023-06-02,9183
6194,育富,73,39,34,群益金鼎-高雄,2023-06-02,9183
3380,明泰,35,4,31,群益金鼎-高雄,2023-06-02,9183
00679B,元大美債20年,29,0,29,群益金鼎-高雄,2023-06-02,9183
2371,大同,30,3,27,群益金鼎-高雄,2023-06-02,9183
3558,神準,26,0,26,群益金鼎-高雄,2023-06-02,9183
4114,健喬,20,0,20,群益金鼎-高雄,2023-06-02,9183
3673,TPK-KY,89,70,19,群益金鼎-高雄,2023-06-02,9183
2421,建準,24,5,19,群益金鼎-高雄,2023-06-02,9183
4968,立積,18,0,18,群益金鼎-高雄,2023-06-02,9183
3564,其陽,17,0,17,群益金鼎-高雄,2023-06-02,9183
4155,訊映,16,0,16,群益金鼎-高雄,2023-06-02,9183
6266,泰詠,16,0,16,群益金鼎-高雄,2023-06-02,9183
4543,萬在,17,2,15,群益金鼎-高雄,2023-06-02,9183
00706L,期元大S＆P日圓正2,14,0,14,群益金鼎-高雄,2023-06-02,9183
5498,凱崴,14,0,14,群益金鼎-高雄,2023-06-02,9183
00642U,期元大S＆P石油,13,0,13,群益金鼎-高雄,2023-06-02,9183
5483,中美晶,17,4,13,群益金鼎-高雄,2023-06-02,9183
2382,廣達,32,20,12,群益金鼎-高雄,2023-06-02,9183
3017,奇鋐,17,5,12,群益金鼎-高雄,2023-06-02,9183
1733,五鼎,14,3,11,群益金鼎-高雄,2023-06-02,9183
2359,所羅門,15,4,11,群益金鼎-高雄,2023-06-02,9183
0056,元大高股息,16,6,10,群益金鼎-高雄,2023-06-02,9183
2002,中鋼,11,1,10,群益金鼎-高雄,2023-06-02,9183
2852,第一保,10,0,10,群益金鼎-高雄,2023-06-02,9183
4533,協易機,10,0,10,群益金鼎-高雄,2023-06-02,9183
5328,華容,10,0,10,群益金鼎-高雄,2023-06-02,9183
1513,中興電,39,30,9,群益金鼎-高雄,2023-06-02,9183
1904,正隆,20,11,9,群益金鼎-高雄,2023-06-02,9183
2356,英業達,13,4,9,群益金鼎-高雄,2023-06-02,9183
6166,凌華,16,7,9,群益金鼎-高雄,2023-06-02,9183
1711,永光,20,12,8,群益金鼎-高雄,2023-06-02,9183
4174,浩鼎,10,2,8,群益金鼎-高雄,2023-06-02,9183
1504,東元,18,10,8,群益金鼎-高雄,2023-06-02,9183
6202,盛群,9,2,7,群益金鼎-高雄,2023-06-02,9183
8150,南茂,10,3,7,群益金鼎-高雄,2023-06-02,9183
00853B,統一美債10年Aa-,6,0,6,群益金鼎-高雄,2023-06-02,9183
3059,華晶科,7,1,6,群益金鼎-高雄,2023-06-02,9183
4729,熒茂,6,0,6,群益金鼎-高雄,2023-06-02,9183
4979,華星光,39,33,6,群益金鼎-高雄,2023-06-02,9183
1101,台泥,18,12,6,群益金鼎-高雄,2023-06-02,9183
2409,友達,7,2,5,群益金鼎-高雄,2023-06-02,9183
3035,智原,6,1,5,群益金鼎-高雄,2023-06-02,9183
4564,元翎,7,2,5,群益金鼎-高雄,2023-06-02,9183
00713,元大台灣高息低波,8,3,5,群益金鼎-高雄,2023-06-02,9183
00926,凱基全球菁英55,5,0,5,群益金鼎-高雄,2023-06-02,9183
4155,訊映,89,0,89,群益金鼎-高雄,2023-06-05,9183
00919,群益台灣精選高息,82,0,82,群益金鼎-高雄,2023-06-05,9183
2002,中鋼,74,7,67,群益金鼎-高雄,2023-06-05,9183
6187,萬潤,67,0,67,群益金鼎-高雄,2023-06-05,9183
2317,鴻海,66,0,66,群益金鼎-高雄,2023-06-05,9183
00895,富邦未來車,60,0,60,群益金鼎-高雄,2023-06-05,9183
2344,華邦電,87,35,52,群益金鼎-高雄,2023-06-05,9183
2349,錸德,55,4,51,群益金鼎-高雄,2023-06-05,9183
2883B,凱基金乙特,51,0,51,群益金鼎-高雄,2023-06-05,9183
2883,凱基金,111,62,49,群益金鼎-高雄,2023-06-05,9183
0056,元大高股息,50,4,46,群益金鼎-高雄,2023-06-05,9183
3706,神達,35,0,35,群益金鼎-高雄,2023-06-05,9183
1514,亞力,82,47,35,群益金鼎-高雄,2023-06-05,9183
9934,成霖,35,0,35,群益金鼎-高雄,2023-06-05,9183
2014,中鴻,77,43,34,群益金鼎-高雄,2023-06-05,9183
1522,堤維西,31,0,31,群益金鼎-高雄,2023-06-05,9183
00795B,中信美國公債20年,30,0,30,群益金鼎-高雄,2023-06-05,9183
2630,亞航,46,21,25,群益金鼎-高雄,2023-06-05,9183
6449,鈺邦,24,0,24,群益金鼎-高雄,2023-06-05,9183
2886,兆豐金,26,4,22,群益金鼎-高雄,2023-06-05,9183
3325,旭品,23,2,21,群益金鼎-高雄,2023-06-05,9183
6625,必應,25,4,21,群益金鼎-高雄,2023-06-05,9183
2038,海光,20,0,20,群益金鼎-高雄,2023-06-05,9183
3380,明泰,21,1,20,群益金鼎-高雄,2023-06-05,9183
5364,力麗店,18,0,18,群益金鼎-高雄,2023-06-05,9183
1711,永光,27,10,17,群益金鼎-高雄,2023-06-05,9183
2353,宏��,28,11,17,群益金鼎-高雄,2023-06-05,9183
9945,潤泰新,20,4,16,群益金鼎-高雄,2023-06-05,9183
4953,緯軟,15,0,15,群益金鼎-高雄,2023-06-05,9183
00679B,元大美債20年,15,0,15,群益金鼎-高雄,2023-06-05,9183
2340,台亞,24,9,15,群益金鼎-高雄,2023-06-05,9183
2208,台船,15,1,14,群益金鼎-高雄,2023-06-05,9183
3615,安可,17,3,14,群益金鼎-高雄,2023-06-05,9183
6218,豪勉,27,13,14,群益金鼎-高雄,2023-06-05,9183
8155,博智,17,3,14,群益金鼎-高雄,2023-06-05,9183
2356,英業達,15,2,13,群益金鼎-高雄,2023-06-05,9183
2457,飛宏,88,75,13,群益金鼎-高雄,2023-06-05,9183
3025,星通,27,14,13,群益金鼎-高雄,2023-06-05,9183
6161,捷波,13,0,13,群益金鼎-高雄,2023-06-05,9183
2419,仲琦,12,0,12,群益金鼎-高雄,2023-06-05,9183
2303,聯電,11,0,11,群益金鼎-高雄,2023-06-05,9183
00637L,元大滬深300正2,12,1,11,群益金鼎-高雄,2023-06-05,9183
4906,正文,30,19,11,群益金鼎-高雄,2023-06-05,9183
6185,幃翔,11,0,11,群益金鼎-高雄,2023-06-05,9183
1503,士電,23,13,10,群益金鼎-高雄,2023-06-05,9183
00643,群益深証中小,10,0,10,群益金鼎-高雄,2023-06-05,9183
00751B,元大AAA至A公司債,10,0,10,群益金鼎-高雄,2023-06-05,9183
1312,國喬,10,0,10,群益金鼎-高雄,2023-06-05,9183
2030,彰源,10,0,10,群益金鼎-高雄,2023-06-05,9183
2359,所羅門,11,1,10,群益金鼎-高雄,2023-06-05,9183
00753L,中信中國50正2,203,0,203,群益金鼎-高雄,2023-06-06,9183
6187,萬潤,71,1,70,群益金鼎-高雄,2023-06-06,9183
1308,亞聚,60,0,60,群益金鼎-高雄,2023-06-06,9183
4960,誠美材,46,0,46,群益金鼎-高雄,2023-06-06,9183
2498,宏達電,54,13,41,群益金鼎-高雄,2023-06-06,9183
2317,鴻海,41,1,40,群益金鼎-高雄,2023-06-06,9183
2607,榮運,38,0,38,群益金鼎-高雄,2023-06-06,9183
2349,錸德,36,5,31,群益金鼎-高雄,2023-06-06,9183
2038,海光,30,0,30,群益金鼎-高雄,2023-06-06,9183
6449,鈺邦,30,0,30,群益金鼎-高雄,2023-06-06,9183
6244,茂迪,39,10,29,群益金鼎-高雄,2023-06-06,9183
00679B,元大美債20年,27,0,27,群益金鼎-高雄,2023-06-06,9183
2014,中鴻,27,0,27,群益金鼎-高雄,2023-06-06,9183
3380,明泰,26,3,23,群益金鼎-高雄,2023-06-06,9183
6116,彩晶,43,20,23,群益金鼎-高雄,2023-06-06,9183
3013,晟銘電,31,10,21,群益金鼎-高雄,2023-06-06,9183
3141,晶宏,20,0,20,群益金鼎-高雄,2023-06-06,9183
2402,毅嘉,79,60,19,群益金鼎-高雄,2023-06-06,9183
4931,新盛力,27,8,19,群益金鼎-高雄,2023-06-06,9183
3363,上詮,84,66,18,群益金鼎-高雄,2023-06-06,9183
2399,映泰,33,16,17,群益金鼎-高雄,2023-06-06,9183
2745,五福,17,1,16,群益金鼎-高雄,2023-06-06,9183
5531,鄉林,20,4,16,群益金鼎-高雄,2023-06-06,9183
2605,新興,20,5,15,群益金鼎-高雄,2023-06-06,9183
3338,泰碩,16,1,15,群益金鼎-高雄,2023-06-06,9183
00919,群益台灣精選高息,15,0,15,群益金鼎-高雄,2023-06-06,9183
2515,中工,15,1,14,群益金鼎-高雄,2023-06-06,9183
5301,寶得利,16,2,14,群益金鼎-高雄,2023-06-06,9183
00720B,元大投資級公司債,13,0,13,群益金鼎-高雄,2023-06-06,9183
1605,華新,15,2,13,群益金鼎-高雄,2023-06-06,9183
2719,燦星旅,13,0,13,群益金鼎-高雄,2023-06-06,9183
5483,中美晶,13,0,13,群益金鼎-高雄,2023-06-06,9183
2427,三商電,51,39,12,群益金鼎-高雄,2023-06-06,9183
2329,華泰,13,1,12,群益金鼎-高雄,2023-06-06,9183
2344,華邦電,49,37,12,群益金鼎-高雄,2023-06-06,9183
2743,山富,16,4,12,群益金鼎-高雄,2023-06-06,9183
3231,緯創,22,10,12,群益金鼎-高雄,2023-06-06,9183
3406,玉晶光,12,1,11,群益金鼎-高雄,2023-06-06,9183
6282,康舒,67,56,11,群益金鼎-高雄,2023-06-06,9183
2886,兆豐金,12,1,11,群益金鼎-高雄,2023-06-06,9183
3564,其陽,11,0,11,群益金鼎-高雄,2023-06-06,9183
6188,廣明,17,6,11,群益金鼎-高雄,2023-06-06,9183
1904,正隆,15,5,10,群益金鼎-高雄,2023-06-06,9183
00751B,元大AAA至A公司債,10,0,10,群益金鼎-高雄,2023-06-06,9183
00632R,元大台灣50反1,10,0,10,群益金鼎-高雄,2023-06-06,9183
3306,鼎天,13,3,10,群益金鼎-高雄,2023-06-06,9183
3325,旭品,10,0,10,群益金鼎-高雄,2023-06-06,9183
5364,力麗店,10,0,10,群益金鼎-高雄,2023-06-06,9183
6115,鎰勝,10,0,10,群益金鼎-高雄,2023-06-06,9183
4164,承業醫,10,0,10,群益金鼎-高雄,2023-06-06,9183
8936,國統,140,5,135,群益金鼎-高雄,2023-06-07,9183
2883B,凱基金乙特,106,0,106,群益金鼎-高雄,2023-06-07,9183
9907,統一實,100,30,70,群益金鼎-高雄,2023-06-07,9183
2618,長榮航,129,63,66,群益金鼎-高雄,2023-06-07,9183
2323,中環,162,97,65,群益金鼎-高雄,2023-06-07,9183
2633,台灣高鐵,51,0,51,群益金鼎-高雄,2023-06-07,9183
6449,鈺邦,48,0,48,群益金鼎-高雄,2023-06-07,9183
3027,盛達,97,51,46,群益金鼎-高雄,2023-06-07,9183
8027,鈦昇,57,12,45,群益金鼎-高雄,2023-06-07,9183
6194,育富,34,0,34,群益金鼎-高雄,2023-06-07,9183
6770,力積電,35,2,33,群益金鼎-高雄,2023-06-07,9183
1710,東聯,45,14,31,群益金鼎-高雄,2023-06-07,9183
3025,星通,35,4,31,群益金鼎-高雄,2023-06-07,9183
2882,國泰金,41,12,29,群益金鼎-高雄,2023-06-07,9183
2313,華通,31,5,26,群益金鼎-高雄,2023-06-07,9183
00919,群益台灣精選高息,29,4,25,群益金鼎-高雄,2023-06-07,9183
3058,立德,25,2,23,群益金鼎-高雄,2023-06-07,9183
00632R,元大台灣50反1,38,16,22,群益金鼎-高雄,2023-06-07,9183
2888,新光金,29,7,22,群益金鼎-高雄,2023-06-07,9183
2492,華新科,27,7,20,群益金鼎-高雄,2023-06-07,9183
3141,晶宏,20,0,20,群益金鼎-高雄,2023-06-07,9183
6695,芯鼎,20,0,20,群益金鼎-高雄,2023-06-07,9183
3438,類比科,21,2,19,群益金鼎-高雄,2023-06-07,9183
3673,TPK-KY,28,9,19,群益金鼎-高雄,2023-06-07,9183
6244,茂迪,19,0,19,群益金鼎-高雄,2023-06-07,9183
3630,新鉅科,29,11,18,群益金鼎-高雄,2023-06-07,9183
5531,鄉林,20,2,18,群益金鼎-高雄,2023-06-07,9183
3325,旭品,16,0,16,群益金鼎-高雄,2023-06-07,9183
1605,華新,22,7,15,群益金鼎-高雄,2023-06-07,9183
2884,玉山金,20,6,14,群益金鼎-高雄,2023-06-07,9183
5258,虹堡,13,0,13,群益金鼎-高雄,2023-06-07,9183
1785,光洋科,16,4,12,群益金鼎-高雄,2023-06-07,9183
2515,中工,13,1,12,群益金鼎-高雄,2023-06-07,9183
2206,三陽工業,43,32,11,群益金鼎-高雄,2023-06-07,9183
3044,健鼎,11,0,11,群益金鼎-高雄,2023-06-07,9183
3260,威剛,11,0,11,群益金鼎-高雄,2023-06-07,9183
2906,高林,10,0,10,群益金鼎-高雄,2023-06-07,9183
4114,健喬,12,2,10,群益金鼎-高雄,2023-06-07,9183
9943,好樂迪,12,2,10,群益金鼎-高雄,2023-06-07,9183
4960,誠美材,11,1,10,群益金鼎-高雄,2023-06-07,9183
3372,典範,9,0,9,群益金鼎-高雄,2023-06-07,9183
6153,嘉聯益,9,0,9,群益金鼎-高雄,2023-06-07,9183
6243,迅杰,21,13,8,群益金鼎-高雄,2023-06-07,9183
5364,力麗店,8,0,8,群益金鼎-高雄,2023-06-07,9183
9962,有益,8,0,8,群益金鼎-高雄,2023-06-07,9183
3037,欣興,16,9,7,群益金鼎-高雄,2023-06-07,9183
00712,復華富時不動產,7,0,7,群益金鼎-高雄,2023-06-07,9183
2353,宏��,7,0,7,群益金鼎-高雄,2023-06-07,9183
2734,易飛網,8,1,7,群益金鼎-高雄,2023-06-07,9183
2736,富野,10,3,7,群益金鼎-高雄,2023-06-07,9183
0056,元大高股息,315,15,300,群益金鼎-高雄,2023-06-08,9183
3481,群創,121,31,90,群益金鼎-高雄,2023-06-08,9183
1605,華新,93,38,55,群益金鼎-高雄,2023-06-08,9183
2344,華邦電,55,5,50,群益金鼎-高雄,2023-06-08,9183
2633,台灣高鐵,50,0,50,群益金鼎-高雄,2023-06-08,9183
6449,鈺邦,50,0,50,群益金鼎-高雄,2023-06-08,9183
2706,第一店,47,3,44,群益金鼎-高雄,2023-06-08,9183
6116,彩晶,71,31,40,群益金鼎-高雄,2023-06-08,9183
00878,國泰永續高股息,45,5,40,群益金鼎-高雄,2023-06-08,9183
00919,群益台灣精選高息,38,1,37,群益金鼎-高雄,2023-06-08,9183
3346,麗清,36,0,36,群益金鼎-高雄,2023-06-08,9183
3558,神準,36,0,36,群益金鼎-高雄,2023-06-08,9183
2882,國泰金,33,0,33,群益金鼎-高雄,2023-06-08,9183
00679B,元大美債20年,33,0,33,群益金鼎-高雄,2023-06-08,9183
3325,旭品,32,0,32,群益金鼎-高雄,2023-06-08,9183
3583,辛耘,35,3,32,群益金鼎-高雄,2023-06-08,9183
6015,宏遠證,30,0,30,群益金鼎-高雄,2023-06-08,9183
2492,華新科,28,1,27,群益金鼎-高雄,2023-06-08,9183
5512,力麒,36,10,26,群益金鼎-高雄,2023-06-08,9183
00923,群益台ESG低碳50,35,10,25,群益金鼎-高雄,2023-06-08,9183
3663,鑫科,23,0,23,群益金鼎-高雄,2023-06-08,9183
5864,致和證,23,0,23,群益金鼎-高雄,2023-06-08,9183
00795B,中信美國公債20年,22,0,22,群益金鼎-高雄,2023-06-08,9183
2881,富邦金,20,1,19,群益金鼎-高雄,2023-06-08,9183
3363,上詮,48,29,19,群益金鼎-高雄,2023-06-08,9183
00772B,中信高評級公司債,18,0,18,群益金鼎-高雄,2023-06-08,9183
3047,訊舟,18,0,18,群益金鼎-高雄,2023-06-08,9183
1432,大魯閣,20,4,16,群益金鼎-高雄,2023-06-08,9183
1618,合機,18,3,15,群益金鼎-高雄,2023-06-08,9183
4720,德淵,19,5,14,群益金鼎-高雄,2023-06-08,9183
6243,迅杰,36,22,14,群益金鼎-高雄,2023-06-08,9183
2027,大成鋼,20,7,13,群益金鼎-高雄,2023-06-08,9183
2337,旺宏,17,4,13,群益金鼎-高雄,2023-06-08,9183
2409,友達,13,0,13,群益金鼎-高雄,2023-06-08,9183
4129,聯合,13,1,12,群益金鼎-高雄,2023-06-08,9183
2634,漢翔,28,17,11,群益金鼎-高雄,2023-06-08,9183
3217,優群,13,2,11,群益金鼎-高雄,2023-06-08,9183
3715,定穎投控,14,3,11,群益金鼎-高雄,2023-06-08,9183
6188,廣明,17,6,11,群益金鼎-高雄,2023-06-08,9183
8076,伍豐,13,2,11,群益金鼎-高雄,2023-06-08,9183
00751B,元大AAA至A公司債,10,0,10,群益金鼎-高雄,2023-06-08,9183
00725B,國泰投資級公司債,10,0,10,群益金鼎-高雄,2023-06-08,9183
2734,易飛網,10,0,10,群益金鼎-高雄,2023-06-08,9183
2913,農林,10,0,10,群益金鼎-高雄,2023-06-08,9183
3083,網龍,10,0,10,群益金鼎-高雄,2023-06-08,9183
5876,上海商銀,10,0,10,群益金鼎-高雄,2023-06-08,9183
6168,宏齊,10,0,10,群益金鼎-高雄,2023-06-08,9183
6233,旺玖,10,0,10,群益金鼎-高雄,2023-06-08,9183
3372,典範,9,0,9,群益金鼎-高雄,2023-06-08,9183
3706,神達,15,6,9,群益金鼎-高雄,2023-06-08,9183
3481,群創,432,24,408,群益金鼎-高雄,2023-06-09,9183
4155,訊映,304,0,304,群益金鼎-高雄,2023-06-09,9183
2883B,凱基金乙特,301,0,301,群益金鼎-高雄,2023-06-09,9183
00929,復華台灣科技優息,108,0,108,群益金鼎-高雄,2023-06-09,9183
6187,萬潤,115,13,102,群益金鼎-高雄,2023-06-09,9183
8926,台汽電,88,2,86,群益金鼎-高雄,2023-06-09,9183
00715L,期街口布蘭特正2,81,0,81,群益金鼎-高雄,2023-06-09,9183
3058,立德,94,17,77,群益金鼎-高雄,2023-06-09,9183
00919,群益台灣精選高息,54,0,54,群益金鼎-高雄,2023-06-09,9183
00740B,富邦全球投等債,40,0,40,群益金鼎-高雄,2023-06-09,9183
2880,華南金,31,0,31,群益金鼎-高雄,2023-06-09,9183
00712,復華富時不動產,27,1,26,群益金鼎-高雄,2023-06-09,9183
5439,高技,27,1,26,群益金鼎-高雄,2023-06-09,9183
1612,宏泰,21,1,20,群益金鼎-高雄,2023-06-09,9183
1802,台玻,19,0,19,群益金鼎-高雄,2023-06-09,9183
2482,連宇,27,10,17,群益金鼎-高雄,2023-06-09,9183
3038,全台,17,1,16,群益金鼎-高雄,2023-06-09,9183
2618,長榮航,69,54,15,群益金鼎-高雄,2023-06-09,9183
4533,協易機,26,11,15,群益金鼎-高雄,2023-06-09,9183
2014,中鴻,13,0,13,群益金鼎-高雄,2023-06-09,9183
2425,承啟,19,6,13,群益金鼎-高雄,2023-06-09,9183
2609,陽明,28,15,13,群益金鼎-高雄,2023-06-09,9183
2883,凱基金,13,0,13,群益金鼎-高雄,2023-06-09,9183
8034,榮群,12,0,12,群益金鼎-高雄,2023-06-09,9183
1103,嘉泥,11,0,11,群益金鼎-高雄,2023-06-09,9183
1533,車王電,20,9,11,群益金鼎-高雄,2023-06-09,9183
2002,中鋼,11,0,11,群益金鼎-高雄,2023-06-09,9183
2731,雄獅,17,6,11,群益金鼎-高雄,2023-06-09,9183
2882,國泰金,12,1,11,群益金鼎-高雄,2023-06-09,9183
8150,南茂,11,0,11,群益金鼎-高雄,2023-06-09,9183
1504,東元,17,6,11,群益金鼎-高雄,2023-06-09,9183
2375,凱美,10,0,10,群益金鼎-高雄,2023-06-09,9183
2630,亞航,38,28,10,群益金鼎-高雄,2023-06-09,9183
3057,喬鼎,10,0,10,群益金鼎-高雄,2023-06-09,9183
4157,太景*-KY,10,0,10,群益金鼎-高雄,2023-06-09,9183
4720,德淵,10,0,10,群益金鼎-高雄,2023-06-09,9183
4726,永昕,10,0,10,群益金鼎-高雄,2023-06-09,9183
4960,誠美材,10,0,10,群益金鼎-高雄,2023-06-09,9183
6443,元晶,21,11,10,群益金鼎-高雄,2023-06-09,9183
8403,盛弘,10,0,10,群益金鼎-高雄,2023-06-09,9183
8442,威宏-KY,10,0,10,群益金鼎-高雄,2023-06-09,9183
2356,英業達,52,43,9,群益金鼎-高雄,2023-06-09,9183
1786,科妍,10,1,9,群益金鼎-高雄,2023-06-09,9183
6733,博晟生醫,14,5,9,群益金鼎-高雄,2023-06-09,9183
2376,技嘉,21,13,8,群益金鼎-高雄,2023-06-09,9183
1905,華紙,13,5,8,群益金鼎-高雄,2023-06-09,9183
2492,華新科,12,4,8,群益金鼎-高雄,2023-06-09,9183
3325,旭品,8,0,8,群益金鼎-高雄,2023-06-09,9183
3564,其陽,8,0,8,群益金鼎-高雄,2023-06-09,9183
5364,力麗店,8,0,8,群益金鼎-高雄,2023-06-09,9183
00632R,元大台灣50反1,251,0,251,群益金鼎-高雄,2023-06-12,9183
0056,元大高股息,165,3,162,群益金鼎-高雄,2023-06-12,9183
3481,群創,146,33,113,群益金鼎-高雄,2023-06-12,9183
3049,精金,117,6,111,群益金鼎-高雄,2023-06-12,9183
00715L,期街口布蘭特正2,86,0,86,群益金鼎-高雄,2023-06-12,9183
00919,群益台灣精選高息,83,1,82,群益金鼎-高雄,2023-06-12,9183
00929,復華台灣科技優息,44,2,42,群益金鼎-高雄,2023-06-12,9183
1742,台蠟,40,0,40,群益金鼎-高雄,2023-06-12,9183
2888,新光金,56,19,37,群益金鼎-高雄,2023-06-12,9183
00712,復華富時不動產,31,0,31,群益金鼎-高雄,2023-06-12,9183
6695,芯鼎,28,0,28,群益金鼎-高雄,2023-06-12,9183
6661,威健生技,26,0,26,群益金鼎-高雄,2023-06-12,9183
3058,立德,27,3,24,群益金鼎-高雄,2023-06-12,9183
1618,合機,22,0,22,群益金鼎-高雄,2023-06-12,9183
6244,茂迪,25,3,22,群益金鼎-高雄,2023-06-12,9183
2014,中鴻,23,3,20,群益金鼎-高雄,2023-06-12,9183
00885,富邦越南,24,6,18,群益金鼎-高雄,2023-06-12,9183
00687B,國泰20年美債,26,10,16,群益金鼎-高雄,2023-06-12,9183
1609,大亞,32,17,15,群益金鼎-高雄,2023-06-12,9183
1815,富喬,19,4,15,群益金鼎-高雄,2023-06-12,9183
2034,允強,15,0,15,群益金鼎-高雄,2023-06-12,9183
4188,安克,15,0,15,群益金鼎-高雄,2023-06-12,9183
3231,緯創,49,35,14,群益金鼎-高雄,2023-06-12,9183
2349,錸德,16,2,14,群益金鼎-高雄,2023-06-12,9183
3694,海華,14,0,14,群益金鼎-高雄,2023-06-12,9183
6470,宇智,15,1,14,群益金鼎-高雄,2023-06-12,9183
9904,寶成,15,1,14,群益金鼎-高雄,2023-06-12,9183
9136,巨騰-DR,15,2,13,群益金鼎-高雄,2023-06-12,9183
3576,聯合再生,20,8,12,群益金鼎-高雄,2023-06-12,9183
8358,金居,18,6,12,群益金鼎-高雄,2023-06-12,9183
6235,華孚,35,23,12,群益金鼎-高雄,2023-06-12,9183
1752,南光,11,0,11,群益金鼎-高雄,2023-06-12,9183
2402,毅嘉,11,0,11,群益金鼎-高雄,2023-06-12,9183
2615,萬海,13,2,11,群益金鼎-高雄,2023-06-12,9183
5488,松普,11,0,11,群益金鼎-高雄,2023-06-12,9183
3078,僑威,33,23,10,群益金鼎-高雄,2023-06-12,9183
00928,中信上櫃ESG30,10,0,10,群益金鼎-高雄,2023-06-12,9183
4908,前鼎,10,0,10,群益金鼎-高雄,2023-06-12,9183
5301,寶得利,11,1,10,群益金鼎-高雄,2023-06-12,9183
5905,南仁湖,10,0,10,群益金鼎-高雄,2023-06-12,9183
6142,友勁,10,0,10,群益金鼎-高雄,2023-06-12,9183
6168,宏齊,10,0,10,群益金鼎-高雄,2023-06-12,9183
6577,勁豐,10,0,10,群益金鼎-高雄,2023-06-12,9183
8038,長園科,10,0,10,群益金鼎-高雄,2023-06-12,9183
8069,元太,14,4,10,群益金鼎-高雄,2023-06-12,9183
8403,盛弘,10,0,10,群益金鼎-高雄,2023-06-12,9183
9110,越南控-DR,10,0,10,群益金鼎-高雄,2023-06-12,9183
1513,中興電,11,2,9,群益金鼎-高雄,2023-06-12,9183
4919,新唐,10,1,9,群益金鼎-高雄,2023-06-12,9183
5864,致和證,9,0,9,群益金鼎-高雄,2023-06-12,9183
3481,群創,511,41,470,群益金鼎-高雄,2023-06-13,9183
00632R,元大台灣50反1,335,0,335,群益金鼎-高雄,2023-06-13,9183
00715L,期街口布蘭特正2,255,0,255,群益金鼎-高雄,2023-06-13,9183
1313,聯成,71,0,71,群益金鼎-高雄,2023-06-13,9183
9136,巨騰-DR,61,1,60,群益金鼎-高雄,2023-06-13,9183
9105,泰金寶-DR,50,0,50,群益金鼎-高雄,2023-06-13,9183
2888,新光金,50,2,48,群益金鼎-高雄,2023-06-13,9183
4533,協易機,54,22,32,群益金鼎-高雄,2023-06-13,9183
2605,新興,30,0,30,群益金鼎-高雄,2023-06-13,9183
4960,誠美材,28,0,28,群益金鼎-高雄,2023-06-13,9183
00642U,期元大S＆P石油,22,0,22,群益金鼎-高雄,2023-06-13,9183
1612,宏泰,22,0,22,群益金鼎-高雄,2023-06-13,9183
5425,台半,28,8,20,群益金鼎-高雄,2023-06-13,9183
2038,海光,20,0,20,群益金鼎-高雄,2023-06-13,9183
6213,聯茂,20,0,20,群益金鼎-高雄,2023-06-13,9183
3576,聯合再生,23,4,19,群益金鼎-高雄,2023-06-13,9183
2906,高林,16,0,16,群益金鼎-高雄,2023-06-13,9183
2034,允強,15,0,15,群益金鼎-高雄,2023-06-13,9183
2337,旺宏,15,1,14,群益金鼎-高雄,2023-06-13,9183
2745,五福,15,1,14,群益金鼎-高雄,2023-06-13,9183
6288,聯嘉,78,64,14,群益金鼎-高雄,2023-06-13,9183
8933,愛地雅,12,0,12,群益金鼎-高雄,2023-06-13,9183
6443,元晶,11,0,11,群益金鼎-高雄,2023-06-13,9183
00882,中信中國高股息,11,0,11,群益金鼎-高雄,2023-06-13,9183
2890,永豐金,11,0,11,群益金鼎-高雄,2023-06-13,9183
3189,景碩,11,0,11,群益金鼎-高雄,2023-06-13,9183
5531,鄉林,12,1,11,群益金鼎-高雄,2023-06-13,9183
2313,華通,11,1,10,群益金鼎-高雄,2023-06-13,9183
00902,中信電池及儲能,10,0,10,群益金鼎-高雄,2023-06-13,9183
00929,復華台灣科技優息,10,0,10,群益金鼎-高雄,2023-06-13,9183
2504,國產,11,1,10,群益金鼎-高雄,2023-06-13,9183
6218,豪勉,10,0,10,群益金鼎-高雄,2023-06-13,9183
00908,富邦入息REITs+,9,0,9,群益金鼎-高雄,2023-06-13,9183
1104,環泥,10,1,9,群益金鼎-高雄,2023-06-13,9183
6733,博晟生醫,9,0,9,群益金鼎-高雄,2023-06-13,9183
8114,振樺電,9,0,9,群益金鼎-高雄,2023-06-13,9183
00885,富邦越南,10,2,8,群益金鼎-高雄,2023-06-13,9183
00637L,元大滬深300正2,8,0,8,群益金鼎-高雄,2023-06-13,9183
3032,偉訓,14,6,8,群益金鼎-高雄,2023-06-13,9183
3147,大綜,8,0,8,群益金鼎-高雄,2023-06-13,9183
1432,大魯閣,9,1,8,群益金鼎-高雄,2023-06-13,9183
2376,技嘉,15,8,7,群益金鼎-高雄,2023-06-13,9183
00679B,元大美債20年,7,0,7,群益金鼎-高雄,2023-06-13,9183
1785,光洋科,14,7,7,群益金鼎-高雄,2023-06-13,9183
2031,新光鋼,11,4,7,群益金鼎-高雄,2023-06-13,9183
2340,台亞,7,0,7,群益金鼎-高雄,2023-06-13,9183
2399,映泰,9,2,7,群益金鼎-高雄,2023-06-13,9183
2455,全新,9,2,7,群益金鼎-高雄,2023-06-13,9183
2734,易飛網,7,0,7,群益金鼎-高雄,2023-06-13,9183
4503,金雨,7,0,7,群益金鼎-高雄,2023-06-13,9183
3481,群創,281,18,263,群益金鼎-高雄,2023-06-14,9183
9136,巨騰-DR,123,0,123,群益金鼎-高雄,2023-06-14,9183
00919,群益台灣精選高息,83,18,65,群益金鼎-高雄,2023-06-14,9183
00795B,中信美國公債20年,55,5,50,群益金鼎-高雄,2023-06-14,9183
3363,上詮,63,14,49,群益金鼎-高雄,2023-06-14,9183
4533,協易機,54,18,36,群益金鼎-高雄,2023-06-14,9183
1605,華新,46,12,34,群益金鼎-高雄,2023-06-14,9183
2409,友達,29,1,28,群益金鼎-高雄,2023-06-14,9183
2344,華邦電,34,8,26,群益金鼎-高雄,2023-06-14,9183
2705,六福,28,3,25,群益金鼎-高雄,2023-06-14,9183
3558,神準,22,0,22,群益金鼎-高雄,2023-06-14,9183
4161,聿新科,21,0,21,群益金鼎-高雄,2023-06-14,9183
1609,大亞,29,8,21,群益金鼎-高雄,2023-06-14,9183
0056,元大高股息,23,3,20,群益金鼎-高雄,2023-06-14,9183
4919,新唐,21,1,20,群益金鼎-高雄,2023-06-14,9183
3483,力致,20,0,20,群益金鼎-高雄,2023-06-14,9183
1313,聯成,19,0,19,群益金鼎-高雄,2023-06-14,9183
2929,淘帝-KY,18,0,18,群益金鼎-高雄,2023-06-14,9183
6182,合晶,22,5,17,群益金鼎-高雄,2023-06-14,9183
2630,亞航,36,20,16,群益金鼎-高雄,2023-06-14,9183
4720,德淵,15,0,15,群益金鼎-高雄,2023-06-14,9183
2453,凌群,15,0,15,群益金鼎-高雄,2023-06-14,9183
00712,復華富時不動產,14,0,14,群益金鼎-高雄,2023-06-14,9183
3189,景碩,14,0,14,群益金鼎-高雄,2023-06-14,9183
6770,力積電,18,4,14,群益金鼎-高雄,2023-06-14,9183
2457,飛宏,26,13,13,群益金鼎-高雄,2023-06-14,9183
3032,偉訓,15,2,13,群益金鼎-高雄,2023-06-14,9183
3583,辛耘,23,10,13,群益金鼎-高雄,2023-06-14,9183
2356,英業達,263,250,13,群益金鼎-高雄,2023-06-14,9183
6282,康舒,17,5,12,群益金鼎-高雄,2023-06-14,9183
6187,萬潤,13,2,11,群益金鼎-高雄,2023-06-14,9183
1409,新纖,11,0,11,群益金鼎-高雄,2023-06-14,9183
5425,台半,14,3,11,群益金鼎-高雄,2023-06-14,9183
00632R,元大台灣50反1,10,0,10,群益金鼎-高雄,2023-06-14,9183
2340,台亞,16,6,10,群益金鼎-高雄,2023-06-14,9183
2913,農林,10,0,10,群益金鼎-高雄,2023-06-14,9183
3055,蔚華科,11,1,10,群益金鼎-高雄,2023-06-14,9183
3083,網龍,10,0,10,群益金鼎-高雄,2023-06-14,9183
5706,鳳凰,19,10,9,群益金鼎-高雄,2023-06-14,9183
1319,東陽,10,1,9,群益金鼎-高雄,2023-06-14,9183
4973,廣穎,9,0,9,群益金鼎-高雄,2023-06-14,9183
6188,廣明,10,1,9,群益金鼎-高雄,2023-06-14,9183
6550,北極星藥業-KY,9,0,9,群益金鼎-高雄,2023-06-14,9183
1513,中興電,18,10,8,群益金鼎-高雄,2023-06-14,9183
3707,漢磊,10,2,8,群益金鼎-高雄,2023-06-14,9183
1904,正隆,7,0,7,群益金鼎-高雄,2023-06-14,9183
3711,日月光投控,8,1,7,群益金鼎-高雄,2023-06-14,9183
5309,系統電,8,1,7,群益金鼎-高雄,2023-06-14,9183
6733,博晟生醫,8,1,7,群益金鼎-高雄,2023-06-14,9183
8093,保銳,7,0,7,群益金鼎-高雄,2023-06-14,9183
1201,味全,100,0,100,群益金鼎-高雄,2023-06-15,9183
3481,群創,106,6,100,群益金鼎-高雄,2023-06-15,9183
00919,群益台灣精選高息,78,8,70,群益金鼎-高雄,2023-06-15,9183
2618,長榮航,170,115,55,群益金鼎-高雄,2023-06-15,9183
6116,彩晶,38,0,38,群益金鼎-高雄,2023-06-15,9183
3058,立德,44,11,33,群益金鼎-高雄,2023-06-15,9183
3289,宜特,31,1,30,群益金鼎-高雄,2023-06-15,9183
6016,康和證,30,0,30,群益金鼎-高雄,2023-06-15,9183
2374,佳能,25,0,25,群益金鼎-高雄,2023-06-15,9183
8034,榮群,22,0,22,群益金鼎-高雄,2023-06-15,9183
9904,寶成,22,0,22,群益金鼎-高雄,2023-06-15,9183
9136,巨騰-DR,21,0,21,群益金鼎-高雄,2023-06-15,9183
6024,群益期,20,0,20,群益金鼎-高雄,2023-06-15,9183
6194,育富,31,12,19,群益金鼎-高雄,2023-06-15,9183
6187,萬潤,21,3,18,群益金鼎-高雄,2023-06-15,9183
2353,宏��,17,1,16,群益金鼎-高雄,2023-06-15,9183
00632R,元大台灣50反1,15,0,15,群益金鼎-高雄,2023-06-15,9183
2882,國泰金,19,5,14,群益金鼎-高雄,2023-06-15,9183
00712,復華富時不動產,14,0,14,群益金鼎-高雄,2023-06-15,9183
2392,正崴,13,0,13,群益金鼎-高雄,2023-06-15,9183
3374,精材,19,6,13,群益金鼎-高雄,2023-06-15,9183
5498,凱崴,13,0,13,群益金鼎-高雄,2023-06-15,9183
00878,國泰永續高股息,42,30,12,群益金鼎-高雄,2023-06-15,9183
9927,泰銘,12,0,12,群益金鼎-高雄,2023-06-15,9183
3022,威強電,14,3,11,群益金鼎-高雄,2023-06-15,9183
3306,鼎天,12,1,11,群益金鼎-高雄,2023-06-15,9183
00687B,國泰20年美債,10,0,10,群益金鼎-高雄,2023-06-15,9183
6274,台燿,10,0,10,群益金鼎-高雄,2023-06-15,9183
2888,新光金,22,12,10,群益金鼎-高雄,2023-06-15,9183
3483,力致,10,1,9,群益金鼎-高雄,2023-06-15,9183
2228,劍麟,9,0,9,群益金鼎-高雄,2023-06-15,9183
2409,友達,12,3,9,群益金鼎-高雄,2023-06-15,9183
3380,明泰,11,2,9,群益金鼎-高雄,2023-06-15,9183
3706,神達,105,96,9,群益金鼎-高雄,2023-06-15,9183
6577,勁豐,8,0,8,群益金鼎-高雄,2023-06-15,9183
2453,凌群,22,14,8,群益金鼎-高雄,2023-06-15,9183
2489,瑞軒,21,13,8,群益金鼎-高雄,2023-06-15,9183
2615,萬海,9,1,8,群益金鼎-高雄,2023-06-15,9183
3033,威健,11,3,8,群益金鼎-高雄,2023-06-15,9183
3049,精金,18,10,8,群益金鼎-高雄,2023-06-15,9183
5533,皇鼎,8,0,8,群益金鼎-高雄,2023-06-15,9183
6005,群益證,8,0,8,群益金鼎-高雄,2023-06-15,9183
8103,瀚荃,8,0,8,群益金鼎-高雄,2023-06-15,9183
00706L,期元大S＆P日圓正2,17,10,7,群益金鼎-高雄,2023-06-15,9183
3147,大綜,19,12,7,群益金鼎-高雄,2023-06-15,9183
8092,建暐,7,0,7,群益金鼎-高雄,2023-06-15,9183
2892,第一金,8,2,6,群益金鼎-高雄,2023-06-15,9183
8050,廣積,8,2,6,群益金鼎-高雄,2023-06-15,9183
00720B,元大投資級公司債,6,0,6,群益金鼎-高雄,2023-06-15,9183
2002,中鋼,6,0,6,群益金鼎-高雄,2023-06-15,9183
1710,東聯,118,1,117,群益金鼎-高雄,2023-06-16,9183
2610,華航,279,168,111,群益金鼎-高雄,2023-06-16,9183
6194,育富,137,67,70,群益金鼎-高雄,2023-06-16,9183
4961,天鈺,60,2,58,群益金鼎-高雄,2023-06-16,9183
0056,元大高股息,68,14,54,群益金鼎-高雄,2023-06-16,9183
2356,英業達,120,68,52,群益金鼎-高雄,2023-06-16,9183
2106,建大,50,0,50,群益金鼎-高雄,2023-06-16,9183
9945,潤泰新,48,1,47,群益金鼎-高雄,2023-06-16,9183
2303,聯電,53,8,45,群益金鼎-高雄,2023-06-16,9183
2468,華經,67,27,40,群益金鼎-高雄,2023-06-16,9183
00632R,元大台灣50反1,51,13,38,群益金鼎-高雄,2023-06-16,9183
6190,萬泰科,38,6,32,群益金鼎-高雄,2023-06-16,9183
1810,和成,38,8,30,群益金鼎-高雄,2023-06-16,9183
1605,華新,74,45,29,群益金鼎-高雄,2023-06-16,9183
2371,大同,132,109,23,群益金鼎-高雄,2023-06-16,9183
3231,緯創,87,67,20,群益金鼎-高雄,2023-06-16,9183
9136,巨騰-DR,19,0,19,群益金鼎-高雄,2023-06-16,9183
2406,國碩,20,2,18,群益金鼎-高雄,2023-06-16,9183
4543,萬在,18,0,18,群益金鼎-高雄,2023-06-16,9183
4916,事欣科,31,14,17,群益金鼎-高雄,2023-06-16,9183
8034,榮群,17,0,17,群益金鼎-高雄,2023-06-16,9183
6125,廣運,21,5,16,群益金鼎-高雄,2023-06-16,9183
8442,威宏-KY,16,0,16,群益金鼎-高雄,2023-06-16,9183
2881,富邦金,15,0,15,群益金鼎-高雄,2023-06-16,9183
2308,台達電,17,2,15,群益金鼎-高雄,2023-06-16,9183
00919,群益台灣精選高息,39,25,14,群益金鼎-高雄,2023-06-16,9183
3163,波若威,21,7,14,群益金鼎-高雄,2023-06-16,9183
6244,茂迪,21,7,14,群益金鼎-高雄,2023-06-16,9183
6877,鏵友益,14,0,14,群益金鼎-高雄,2023-06-16,9183
8076,伍豐,16,2,14,群益金鼎-高雄,2023-06-16,9183
9904,寶成,14,0,14,群益金鼎-高雄,2023-06-16,9183
2883,凱基金,13,0,13,群益金鼎-高雄,2023-06-16,9183
4538,大詠城,13,0,13,群益金鼎-高雄,2023-06-16,9183
1301,台塑,14,2,12,群益金鼎-高雄,2023-06-16,9183
2211,長榮鋼,12,0,12,群益金鼎-高雄,2023-06-16,9183
6227,茂綸,12,0,12,群益金鼎-高雄,2023-06-16,9183
5876,上海商銀,13,1,12,群益金鼎-高雄,2023-06-16,9183
2882,國泰金,14,2,12,群益金鼎-高雄,2023-06-16,9183
3264,欣銓,17,6,11,群益金鼎-高雄,2023-06-16,9183
6188,廣明,12,1,11,群益金鼎-高雄,2023-06-16,9183
3055,蔚華科,18,8,10,群益金鼎-高雄,2023-06-16,9183
3022,威強電,10,0,10,群益金鼎-高雄,2023-06-16,9183
2409,友達,35,25,10,群益金鼎-高雄,2023-06-16,9183
2329,華泰,11,1,10,群益金鼎-高雄,2023-06-16,9183
2636,台驊控股,10,0,10,群益金鼎-高雄,2023-06-16,9183
3038,全台,11,1,10,群益金鼎-高雄,2023-06-16,9183
5328,華容,10,0,10,群益金鼎-高雄,2023-06-16,9183
5905,南仁湖,37,27,10,群益金鼎-高雄,2023-06-16,9183
2404,漢唐,9,0,9,群益金鼎-高雄,2023-06-16,9183
1529,樂事綠能,53,44,9,群益金鼎-高雄,2023-06-16,9183
00706L,期元大S＆P日圓正2,100,0,100,群益金鼎-高雄,2023-06-19,9183
1101,台泥,78,4,74,群益金鼎-高雄,2023-06-19,9183
00878,國泰永續高股息,68,11,57,群益金鼎-高雄,2023-06-19,9183
00687B,國泰20年美債,56,0,56,群益金鼎-高雄,2023-06-19,9183
00712,復華富時不動產,57,5,52,群益金鼎-高雄,2023-06-19,9183
2883,凱基金,48,1,47,群益金鼎-高雄,2023-06-19,9183
2609,陽明,40,8,32,群益金鼎-高雄,2023-06-19,9183
3207,耀勝,31,2,29,群益金鼎-高雄,2023-06-19,9183
00632R,元大台灣50反1,29,0,29,群益金鼎-高雄,2023-06-19,9183
3706,神達,61,32,29,群益金鼎-高雄,2023-06-19,9183
8070,長華*,29,0,29,群益金鼎-高雄,2023-06-19,9183
1605,華新,38,14,24,群益金鼎-高雄,2023-06-19,9183
2104,國際中橡,93,69,24,群益金鼎-高雄,2023-06-19,9183
6116,彩晶,48,24,24,群益金鼎-高雄,2023-06-19,9183
5426,振發,23,0,23,群益金鼎-高雄,2023-06-19,9183
4155,訊映,21,0,21,群益金鼎-高雄,2023-06-19,9183
2344,華邦電,23,3,20,群益金鼎-高雄,2023-06-19,9183
5263,智崴,20,0,20,群益金鼎-高雄,2023-06-19,9183
4164,承業醫,20,0,20,群益金鼎-高雄,2023-06-19,9183
00929,復華台灣科技優息,19,0,19,群益金鼎-高雄,2023-06-19,9183
2034,允強,15,0,15,群益金鼎-高雄,2023-06-19,9183
3058,立德,22,7,15,群益金鼎-高雄,2023-06-19,9183
6187,萬潤,16,1,15,群益金鼎-高雄,2023-06-19,9183
00665L,富邦�琤肭磪囓�2,14,0,14,群益金鼎-高雄,2023-06-19,9183
1301,台塑,16,2,14,群益金鼎-高雄,2023-06-19,9183
1905,華紙,12,0,12,群益金鼎-高雄,2023-06-19,9183
8442,威宏-KY,14,2,12,群益金鼎-高雄,2023-06-19,9183
2324,仁寶,27,16,11,群益金鼎-高雄,2023-06-19,9183
1611,中電,12,1,11,群益金鼎-高雄,2023-06-19,9183
2615,萬海,11,0,11,群益金鼎-高雄,2023-06-19,9183
4533,協易機,14,3,11,群益金鼎-高雄,2023-06-19,9183
6788,華景電,11,0,11,群益金鼎-高雄,2023-06-19,9183
2618,長榮航,46,35,11,群益金鼎-高雄,2023-06-19,9183
2106,建大,10,0,10,群益金鼎-高雄,2023-06-19,9183
2367,燿華,10,0,10,群益金鼎-高雄,2023-06-19,9183
2743,山富,10,0,10,群益金鼎-高雄,2023-06-19,9183
3044,健鼎,10,0,10,群益金鼎-高雄,2023-06-19,9183
3576,聯合再生,10,0,10,群益金鼎-高雄,2023-06-19,9183
6111,大宇資,13,3,10,群益金鼎-高雄,2023-06-19,9183
6168,宏齊,10,0,10,群益金鼎-高雄,2023-06-19,9183
9904,寶成,10,0,10,群益金鼎-高雄,2023-06-19,9183
1609,大亞,13,4,9,群益金鼎-高雄,2023-06-19,9183
2353,宏��,23,14,9,群益金鼎-高雄,2023-06-19,9183
2913,農林,9,0,9,群益金鼎-高雄,2023-06-19,9183
6282,康舒,21,12,9,群益金鼎-高雄,2023-06-19,9183
1618,合機,18,9,9,群益金鼎-高雄,2023-06-19,9183
2641,正德,9,0,9,群益金鼎-高雄,2023-06-19,9183
2734,易飛網,9,0,9,群益金鼎-高雄,2023-06-19,9183
4543,萬在,13,5,8,群益金鼎-高雄,2023-06-19,9183
1504,東元,14,6,8,群益金鼎-高雄,2023-06-19,9183
3049,精金,169,0,169,群益金鼎-高雄,2023-06-20,9183
4111,濟生,120,0,120,群益金鼎-高雄,2023-06-20,9183
6187,萬潤,55,1,54,群益金鼎-高雄,2023-06-20,9183
00753L,中信中國50正2,50,0,50,群益金鼎-高雄,2023-06-20,9183
1471,首利,59,12,47,群益金鼎-高雄,2023-06-20,9183
1605,華新,46,9,37,群益金鼎-高雄,2023-06-20,9183
6120,達運,56,19,37,群益金鼎-高雄,2023-06-20,9183
2634,漢翔,131,94,37,群益金鼎-高雄,2023-06-20,9183
00665L,富邦�琤肭磪囓�2,61,29,32,群益金鼎-高雄,2023-06-20,9183
2449,京元電子,40,12,28,群益金鼎-高雄,2023-06-20,9183
4526,東台,27,4,23,群益金鼎-高雄,2023-06-20,9183
2453,凌群,25,5,20,群益金鼎-高雄,2023-06-20,9183
3024,憶聲,25,5,20,群益金鼎-高雄,2023-06-20,9183
5381,合正,20,0,20,群益金鼎-高雄,2023-06-20,9183
00878,國泰永續高股息,21,1,20,群益金鼎-高雄,2023-06-20,9183
1308,亞聚,20,1,19,群益金鼎-高雄,2023-06-20,9183
2409,友達,25,7,18,群益金鼎-高雄,2023-06-20,9183
3374,精材,31,13,18,群益金鼎-高雄,2023-06-20,9183
00885,富邦越南,17,0,17,群益金鼎-高雄,2023-06-20,9183
2610,華航,52,35,17,群益金鼎-高雄,2023-06-20,9183
6217,中探針,24,8,16,群益金鼎-高雄,2023-06-20,9183
6265,方土昶,15,0,15,群益金鼎-高雄,2023-06-20,9183
00919,群益台灣精選高息,17,2,15,群益金鼎-高雄,2023-06-20,9183
1584,精剛,25,11,14,群益金鼎-高雄,2023-06-20,9183
4960,誠美材,14,0,14,群益金鼎-高雄,2023-06-20,9183
6282,康舒,15,1,14,群益金鼎-高雄,2023-06-20,9183
3011,今皓,23,10,13,群益金鼎-高雄,2023-06-20,9183
8358,金居,20,8,12,群益金鼎-高雄,2023-06-20,9183
2454,聯發科,14,3,11,群益金鼎-高雄,2023-06-20,9183
00676R,富邦臺灣加權反1,11,0,11,群益金鼎-高雄,2023-06-20,9183
2367,燿華,11,0,11,群益金鼎-高雄,2023-06-20,9183
2368,金像電,21,10,11,群益金鼎-高雄,2023-06-20,9183
00687B,國泰20年美債,10,0,10,群益金鼎-高雄,2023-06-20,9183
3558,神準,10,0,10,群益金鼎-高雄,2023-06-20,9183
4164,承業醫,10,0,10,群益金鼎-高雄,2023-06-20,9183
4919,新唐,10,0,10,群益金鼎-高雄,2023-06-20,9183
6153,嘉聯益,10,0,10,群益金鼎-高雄,2023-06-20,9183
00921,兆豐龍頭等權重,9,0,9,群益金鼎-高雄,2023-06-20,9183
3363,上詮,27,18,9,群益金鼎-高雄,2023-06-20,9183
6550,北極星藥業-KY,11,2,9,群益金鼎-高雄,2023-06-20,9183
1218,泰山,8,0,8,群益金鼎-高雄,2023-06-20,9183
1773,勝一,8,0,8,群益金鼎-高雄,2023-06-20,9183
6733,博晟生醫,8,0,8,群益金鼎-高雄,2023-06-20,9183
6735,美達科技,8,0,8,群益金鼎-高雄,2023-06-20,9183
3037,欣興,12,4,8,群益金鼎-高雄,2023-06-20,9183
2356,英業達,26,19,7,群益金鼎-高雄,2023-06-20,9183
1319,東陽,10,3,7,群益金鼎-高雄,2023-06-20,9183
3038,全台,7,0,7,群益金鼎-高雄,2023-06-20,9183
3058,立德,7,0,7,群益金鼎-高雄,2023-06-20,9183
8070,長華*,7,0,7,群益金鼎-高雄,2023-06-20,9183
5381,合正,100,20,80,群益金鼎-高雄,2023-06-21,9183
6194,育富,114,40,74,群益金鼎-高雄,2023-06-21,9183
8277,商丞,61,3,58,群益金鼎-高雄,2023-06-21,9183
2409,友達,67,11,56,群益金鼎-高雄,2023-06-21,9183
3033,威健,50,0,50,群益金鼎-高雄,2023-06-21,9183
2337,旺宏,43,2,41,群益金鼎-高雄,2023-06-21,9183
1609,大亞,41,2,39,群益金鼎-高雄,2023-06-21,9183
6125,廣運,44,9,35,群益金鼎-高雄,2023-06-21,9183
2344,華邦電,39,5,34,群益金鼎-高雄,2023-06-21,9183
2427,三商電,48,17,31,群益金鼎-高雄,2023-06-21,9183
3141,晶宏,30,0,30,群益金鼎-高雄,2023-06-21,9183
2618,長榮航,68,40,28,群益金鼎-高雄,2023-06-21,9183
2453,凌群,26,1,25,群益金鼎-高雄,2023-06-21,9183
2603,長榮,27,4,23,群益金鼎-高雄,2023-06-21,9183
1316,上曜,22,0,22,群益金鼎-高雄,2023-06-21,9183
2645,長榮航太,24,2,22,群益金鼎-高雄,2023-06-21,9183
1201,味全,20,0,20,群益金鼎-高雄,2023-06-21,9183
2303,聯電,45,25,20,群益金鼎-高雄,2023-06-21,9183
8087,麗升能源,19,0,19,群益金鼎-高雄,2023-06-21,9183
2356,英業達,87,68,19,群益金鼎-高雄,2023-06-21,9183
2634,漢翔,29,13,16,群益金鼎-高雄,2023-06-21,9183
2615,萬海,19,4,15,群益金鼎-高雄,2023-06-21,9183
2705,六福,43,29,14,群益金鼎-高雄,2023-06-21,9183
5483,中美晶,16,2,14,群益金鼎-高雄,2023-06-21,9183
8271,宇瞻,17,5,12,群益金鼎-高雄,2023-06-21,9183
1605,華新,27,15,12,群益金鼎-高雄,2023-06-21,9183
6203,海韻電,27,16,11,群益金鼎-高雄,2023-06-21,9183
1802,台玻,11,0,11,群益金鼎-高雄,2023-06-21,9183
1535,中宇,10,0,10,群益金鼎-高雄,2023-06-21,9183
2745,五福,10,0,10,群益金鼎-高雄,2023-06-21,9183
5011,久陽,10,0,10,群益金鼎-高雄,2023-06-21,9183
8421,旭源,10,0,10,群益金鼎-高雄,2023-06-21,9183
6187,萬潤,10,0,10,群益金鼎-高雄,2023-06-21,9183
1310,台苯,10,1,9,群益金鼎-高雄,2023-06-21,9183
2405,輔信,12,3,9,群益金鼎-高雄,2023-06-21,9183
8996,高力,9,0,9,群益金鼎-高雄,2023-06-21,9183
1714,和桐,8,0,8,群益金鼎-高雄,2023-06-21,9183
3325,旭品,8,0,8,群益金鼎-高雄,2023-06-21,9183
6191,精成科,8,0,8,群益金鼎-高雄,2023-06-21,9183
8924,大田,8,0,8,群益金鼎-高雄,2023-06-21,9183
1432,大魯閣,8,0,8,群益金鼎-高雄,2023-06-21,9183
00885,富邦越南,7,0,7,群益金鼎-高雄,2023-06-21,9183
00751B,元大AAA至A公司債,7,0,7,群益金鼎-高雄,2023-06-21,9183
00680L,元大美債20正2,7,0,7,群益金鼎-高雄,2023-06-21,9183
1762,中化生,7,0,7,群益金鼎-高雄,2023-06-21,9183
2388,威盛,7,0,7,群益金鼎-高雄,2023-06-21,9183
3055,蔚華科,9,2,7,群益金鼎-高雄,2023-06-21,9183
3071,協禧,11,4,7,群益金鼎-高雄,2023-06-21,9183
8926,台汽電,10,3,7,群益金鼎-高雄,2023-06-21,9183
3706,神達,37,30,7,群益金鼎-高雄,2023-06-21,9183
8068,全達,150,1,149,群益金鼎-高雄,2023-06-26,9183
4108,懷特,106,0,106,群益金鼎-高雄,2023-06-26,9183
1471,首利,101,12,89,群益金鼎-高雄,2023-06-26,9183
6194,育富,57,0,57,群益金鼎-高雄,2023-06-26,9183
00715L,期街口布蘭特正2,55,2,53,群益金鼎-高雄,2023-06-26,9183
9136,巨騰-DR,46,0,46,群益金鼎-高雄,2023-06-26,9183
2303,聯電,51,7,44,群益金鼎-高雄,2023-06-26,9183
2382,廣達,39,10,29,群益金鼎-高雄,2023-06-26,9183
6222,上揚,25,0,25,群益金鼎-高雄,2023-06-26,9183
1605,華新,37,14,23,群益金鼎-高雄,2023-06-26,9183
8034,榮群,22,0,22,群益金鼎-高雄,2023-06-26,9183
6770,力積電,22,0,22,群益金鼎-高雄,2023-06-26,9183
2405,輔信,20,0,20,群益金鼎-高雄,2023-06-26,9183
00679B,元大美債20年,19,1,18,群益金鼎-高雄,2023-06-26,9183
2352,佳世達,18,1,17,群益金鼎-高雄,2023-06-26,9183
2323,中環,43,27,16,群益金鼎-高雄,2023-06-26,9183
2413,環科,15,0,15,群益金鼎-高雄,2023-06-26,9183
6558,興能高,15,0,15,群益金鼎-高雄,2023-06-26,9183
1905,華紙,31,17,14,群益金鼎-高雄,2023-06-26,9183
2734,易飛網,17,3,14,群益金鼎-高雄,2023-06-26,9183
1504,東元,14,1,13,群益金鼎-高雄,2023-06-26,9183
6282,康舒,15,2,13,群益金鼎-高雄,2023-06-26,9183
2329,華泰,16,3,13,群益金鼎-高雄,2023-06-26,9183
2882,國泰金,13,0,13,群益金鼎-高雄,2023-06-26,9183
3058,立德,15,2,13,群益金鼎-高雄,2023-06-26,9183
8421,旭源,13,0,13,群益金鼎-高雄,2023-06-26,9183
1513,中興電,40,27,13,群益金鼎-高雄,2023-06-26,9183
2645,長榮航太,14,2,12,群益金鼎-高雄,2023-06-26,9183
2344,華邦電,33,21,12,群益金鼎-高雄,2023-06-26,9183
3032,偉訓,12,0,12,群益金鼎-高雄,2023-06-26,9183
4960,誠美材,12,0,12,群益金鼎-高雄,2023-06-26,9183
2884,玉山金,16,5,11,群益金鼎-高雄,2023-06-26,9183
2890,永豐金,10,0,10,群益金鼎-高雄,2023-06-26,9183
00885,富邦越南,10,0,10,群益金鼎-高雄,2023-06-26,9183
1312,國喬,10,0,10,群益金鼎-高雄,2023-06-26,9183
1514,亞力,16,6,10,群益金鼎-高雄,2023-06-26,9183
5353,台林,10,0,10,群益金鼎-高雄,2023-06-26,9183
5905,南仁湖,10,0,10,群益金鼎-高雄,2023-06-26,9183
6015,宏遠證,10,0,10,群益金鼎-高雄,2023-06-26,9183
6168,宏齊,10,0,10,群益金鼎-高雄,2023-06-26,9183
1609,大亞,9,0,9,群益金鼎-高雄,2023-06-26,9183
4503,金雨,34,25,9,群益金鼎-高雄,2023-06-26,9183
00712,復華富時不動產,8,0,8,群益金鼎-高雄,2023-06-26,9183
00632R,元大台灣50反1,8,0,8,群益金鼎-高雄,2023-06-26,9183
2393,億光,8,0,8,群益金鼎-高雄,2023-06-26,9183
2409,友達,12,4,8,群益金鼎-高雄,2023-06-26,9183
2607,榮運,8,0,8,群益金鼎-高雄,2023-06-26,9183
3231,緯創,65,57,8,群益金鼎-高雄,2023-06-26,9183
2603,長榮,27,20,7,群益金鼎-高雄,2023-06-26,9183
2457,飛宏,19,12,7,群益金鼎-高雄,2023-06-26,9183
2867,三商壽,151,0,151,群益金鼎-高雄,2023-06-27,9183
6194,育富,94,3,91,群益金鼎-高雄,2023-06-27,9183
2344,華邦電,82,7,75,群益金鼎-高雄,2023-06-27,9183
2371,大同,106,32,74,群益金鼎-高雄,2023-06-27,9183
8213,志超,75,3,72,群益金鼎-高雄,2023-06-27,9183
2323,中環,84,15,69,群益金鼎-高雄,2023-06-27,9183
3483,力致,44,0,44,群益金鼎-高雄,2023-06-27,9183
2303,聯電,97,55,42,群益金鼎-高雄,2023-06-27,9183
2845,遠東銀,35,0,35,群益金鼎-高雄,2023-06-27,9183
1301,台塑,37,3,34,群益金鼎-高雄,2023-06-27,9183
6243,迅杰,35,3,32,群益金鼎-高雄,2023-06-27,9183
2618,長榮航,72,41,31,群益金鼎-高雄,2023-06-27,9183
2442,新美齊,30,0,30,群益金鼎-高雄,2023-06-27,9183
2332,友訊,29,1,28,群益金鼎-高雄,2023-06-27,9183
2349,錸德,26,0,26,群益金鼎-高雄,2023-06-27,9183
1609,大亞,34,10,24,群益金鼎-高雄,2023-06-27,9183
6188,廣明,36,13,23,群益金鼎-高雄,2023-06-27,9183
1605,華新,32,10,22,群益金鼎-高雄,2023-06-27,9183
2340,台亞,66,44,22,群益金鼎-高雄,2023-06-27,9183
9950,萬國通,21,0,21,群益金鼎-高雄,2023-06-27,9183
3231,緯創,67,46,21,群益金鼎-高雄,2023-06-27,9183
1710,東聯,20,0,20,群益金鼎-高雄,2023-06-27,9183
4167,松瑞藥,23,3,20,群益金鼎-高雄,2023-06-27,9183
4960,誠美材,20,0,20,群益金鼎-高雄,2023-06-27,9183
6168,宏齊,20,0,20,群益金鼎-高雄,2023-06-27,9183
00706L,期元大S＆P日圓正2,19,0,19,群益金鼎-高雄,2023-06-27,9183
0056,元大高股息,20,1,19,群益金鼎-高雄,2023-06-27,9183
3380,明泰,20,2,18,群益金鼎-高雄,2023-06-27,9183
6532,瑞耘,18,0,18,群益金鼎-高雄,2023-06-27,9183
2812,台中銀,17,0,17,群益金鼎-高雄,2023-06-27,9183
1904,正隆,22,9,13,群益金鼎-高雄,2023-06-27,9183
3011,今皓,13,0,13,群益金鼎-高雄,2023-06-27,9183
6443,元晶,12,0,12,群益金鼎-高雄,2023-06-27,9183
6176,瑞儀,12,1,11,群益金鼎-高雄,2023-06-27,9183
3306,鼎天,13,2,11,群益金鼎-高雄,2023-06-27,9183
3325,旭品,18,7,11,群益金鼎-高雄,2023-06-27,9183
3706,神達,55,44,11,群益金鼎-高雄,2023-06-27,9183
6770,力積電,11,0,11,群益金鼎-高雄,2023-06-27,9183
1219,福壽,10,0,10,群益金鼎-高雄,2023-06-27,9183
00895,富邦未來車,13,3,10,群益金鼎-高雄,2023-06-27,9183
1312,國喬,10,0,10,群益金鼎-高雄,2023-06-27,9183
1733,五鼎,10,0,10,群益金鼎-高雄,2023-06-27,9183
1909,榮成,10,0,10,群益金鼎-高雄,2023-06-27,9183
2515,中工,10,0,10,群益金鼎-高雄,2023-06-27,9183
2537,聯上發,10,0,10,群益金鼎-高雄,2023-06-27,9183
3056,富華新,11,1,10,群益金鼎-高雄,2023-06-27,9183
5371,中光電,10,0,10,群益金鼎-高雄,2023-06-27,9183
6015,宏遠證,11,1,10,群益金鼎-高雄,2023-06-27,9183
8070,長華*,10,0,10,群益金鼎-高雄,2023-06-27,9183
2610,華航,70,61,9,群益金鼎-高雄,2023-06-27,9183
00715L,期街口布蘭特正2,146,0,146,群益金鼎-高雄,2023-06-28,9183
2883B,凱基金乙特,141,0,141,群益金鼎-高雄,2023-06-28,9183
9105,泰金寶-DR,120,0,120,群益金鼎-高雄,2023-06-28,9183
1605,華新,58,12,46,群益金鼎-高雄,2023-06-28,9183
4114,健喬,43,1,42,群益金鼎-高雄,2023-06-28,9183
1522,堤維西,42,5,37,群益金鼎-高雄,2023-06-28,9183
3033,威健,32,0,32,群益金鼎-高雄,2023-06-28,9183
2498,宏達電,33,2,31,群益金鼎-高雄,2023-06-28,9183
3038,全台,27,4,23,群益金鼎-高雄,2023-06-28,9183
1312,國喬,20,0,20,群益金鼎-高雄,2023-06-28,9183
4916,事欣科,31,11,20,群益金鼎-高雄,2023-06-28,9183
4167,松瑞藥,21,2,19,群益金鼎-高雄,2023-06-28,9183
5388,中磊,20,2,18,群益金鼎-高雄,2023-06-28,9183
8213,志超,35,18,17,群益金鼎-高雄,2023-06-28,9183
1101,台泥,17,1,16,群益金鼎-高雄,2023-06-28,9183
2913,農林,21,5,16,群益金鼎-高雄,2023-06-28,9183
3231,緯創,100,85,15,群益金鼎-高雄,2023-06-28,9183
2340,台亞,33,18,15,群益金鼎-高雄,2023-06-28,9183
3374,精材,17,2,15,群益金鼎-高雄,2023-06-28,9183
3706,神達,30,15,15,群益金鼎-高雄,2023-06-28,9183
6695,芯鼎,15,0,15,群益金鼎-高雄,2023-06-28,9183
3665,貿聯-KY,15,0,15,群益金鼎-高雄,2023-06-28,9183
2014,中鴻,20,6,14,群益金鼎-高雄,2023-06-28,9183
2882,國泰金,19,5,14,群益金鼎-高雄,2023-06-28,9183
2317,鴻海,18,5,13,群益金鼎-高雄,2023-06-28,9183
00919,群益台灣精選高息,13,0,13,群益金鼎-高雄,2023-06-28,9183
2743,山富,14,1,13,群益金鼎-高雄,2023-06-28,9183
2303,聯電,14,2,12,群益金鼎-高雄,2023-06-28,9183
00929,復華台灣科技優息,12,0,12,群益金鼎-高雄,2023-06-28,9183
00900,富邦特選高股息30,12,0,12,群益金鼎-高雄,2023-06-28,9183
1525,江申,12,0,12,群益金鼎-高雄,2023-06-28,9183
1598,岱宇,11,0,11,群益金鼎-高雄,2023-06-28,9183
2614,東森,11,0,11,群益金鼎-高雄,2023-06-28,9183
2734,易飛網,15,4,11,群益金鼎-高雄,2023-06-28,9183
2892,第一金,11,0,11,群益金鼎-高雄,2023-06-28,9183
4147,中裕,13,2,11,群益金鼎-高雄,2023-06-28,9183
00857B,永豐20年美公債,10,0,10,群益金鼎-高雄,2023-06-28,9183
5426,振發,10,0,10,群益金鼎-高雄,2023-06-28,9183
8070,長華*,10,0,10,群益金鼎-高雄,2023-06-28,9183
8358,金居,11,2,9,群益金鼎-高雄,2023-06-28,9183
3711,日月光投控,11,2,9,群益金鼎-高雄,2023-06-28,9183
8046,南電,9,0,9,群益金鼎-高雄,2023-06-28,9183
6111,大宇資,20,11,9,群益金鼎-高雄,2023-06-28,9183
1218,泰山,8,0,8,群益金鼎-高雄,2023-06-28,9183
1303,南亞,8,0,8,群益金鼎-高雄,2023-06-28,9183
3013,晟銘電,8,0,8,群益金鼎-高雄,2023-06-28,9183
6584,南俊國際,8,0,8,群益金鼎-高雄,2023-06-28,9183
6733,博晟生醫,8,0,8,群益金鼎-高雄,2023-06-28,9183
8076,伍豐,12,4,8,群益金鼎-高雄,2023-06-28,9183
8442,威宏-KY,8,0,8,群益金鼎-高雄,2023-06-28,9183
2883B,凱基金乙特,205,0,205,群益金鼎-高雄,2023-06-29,9183
2363,矽統,54,0,54,群益金鼎-高雄,2023-06-29,9183
00753L,中信中國50正2,52,2,50,群益金鼎-高雄,2023-06-29,9183
1326,台化,42,2,40,群益金鼎-高雄,2023-06-29,9183
1605,華新,46,7,39,群益金鼎-高雄,2023-06-29,9183
00919,群益台灣精選高息,42,10,32,群益金鼎-高雄,2023-06-29,9183
4961,天鈺,31,0,31,群益金鼎-高雄,2023-06-29,9183
00712,復華富時不動產,30,0,30,群益金鼎-高雄,2023-06-29,9183
2610,華航,39,12,27,群益金鼎-高雄,2023-06-29,9183
4164,承業醫,31,8,23,群益金鼎-高雄,2023-06-29,9183
3005,神基,21,1,20,群益金鼎-高雄,2023-06-29,9183
9105,泰金寶-DR,20,0,20,群益金鼎-高雄,2023-06-29,9183
2303,聯電,40,20,20,群益金鼎-高雄,2023-06-29,9183
3481,群創,104,85,19,群益金鼎-高雄,2023-06-29,9183
1528,恩德,24,6,18,群益金鼎-高雄,2023-06-29,9183
2884,玉山金,18,0,18,群益金鼎-高雄,2023-06-29,9183
2014,中鴻,20,3,17,群益金鼎-高雄,2023-06-29,9183
2892,第一金,17,0,17,群益金鼎-高雄,2023-06-29,9183
4414,如興,17,0,17,群益金鼎-高雄,2023-06-29,9183
2353,宏��,16,0,16,群益金鼎-高雄,2023-06-29,9183
00878,國泰永續高股息,18,3,15,群益金鼎-高雄,2023-06-29,9183
5209,新鼎,15,0,15,群益金鼎-高雄,2023-06-29,9183
2485,兆赫,14,0,14,群益金鼎-高雄,2023-06-29,9183
00706L,期元大S＆P日圓正2,13,0,13,群益金鼎-高雄,2023-06-29,9183
6269,台郡,12,0,12,群益金鼎-高雄,2023-06-29,9183
2888,新光金,12,0,12,群益金鼎-高雄,2023-06-29,9183
2913,農林,13,1,12,群益金鼎-高雄,2023-06-29,9183
00679B,元大美債20年,14,3,11,群益金鼎-高雄,2023-06-29,9183
2002,中鋼,11,0,11,群益金鼎-高雄,2023-06-29,9183
2882,國泰金,17,6,11,群益金鼎-高雄,2023-06-29,9183
4157,太景*-KY,21,10,11,群益金鼎-高雄,2023-06-29,9183
1218,泰山,10,0,10,群益金鼎-高雄,2023-06-29,9183
2331,精英,12,2,10,群益金鼎-高雄,2023-06-29,9183
2645,長榮航太,10,0,10,群益金鼎-高雄,2023-06-29,9183
3028,增你強,10,0,10,群益金鼎-高雄,2023-06-29,9183
3645,達邁,10,0,10,群益金鼎-高雄,2023-06-29,9183
4720,德淵,10,0,10,群益金鼎-高雄,2023-06-29,9183
5469,瀚宇博,12,2,10,群益金鼎-高雄,2023-06-29,9183
6111,大宇資,19,9,10,群益金鼎-高雄,2023-06-29,9183
8112,至上,10,0,10,群益金鼎-高雄,2023-06-29,9183
2885,元大金,9,0,9,群益金鼎-高雄,2023-06-29,9183
2317,鴻海,21,13,8,群益金鼎-高雄,2023-06-29,9183
1303,南亞,8,0,8,群益金鼎-高雄,2023-06-29,9183
2340,台亞,31,23,8,群益金鼎-高雄,2023-06-29,9183
2442,新美齊,8,0,8,群益金鼎-高雄,2023-06-29,9183
8068,全達,50,42,8,群益金鼎-高雄,2023-06-29,9183
4120,友華,10,3,7,群益金鼎-高雄,2023-06-29,9183
4533,協易機,9,2,7,群益金鼎-高雄,2023-06-29,9183
7402,邑錡,14,7,7,群益金鼎-高雄,2023-06-29,9183
8150,南茂,7,0,7,群益金鼎-高雄,2023-06-29,9183
2883B,凱基金乙特,400,0,400,群益金鼎-高雄,2023-06-30,9183
3481,群創,202,20,182,群益金鼎-高雄,2023-06-30,9183
2363,矽統,80,10,70,群益金鼎-高雄,2023-06-30,9183
6153,嘉聯益,88,36,52,群益金鼎-高雄,2023-06-30,9183
2882,國泰金,55,5,50,群益金鼎-高雄,2023-06-30,9183
2014,中鴻,50,0,50,群益金鼎-高雄,2023-06-30,9183
00878,國泰永續高股息,59,9,50,群益金鼎-高雄,2023-06-30,9183
2618,長榮航,77,33,44,群益金鼎-高雄,2023-06-30,9183
2402,毅嘉,56,16,40,群益金鼎-高雄,2023-06-30,9183
00687B,國泰20年美債,37,0,37,群益金鼎-高雄,2023-06-30,9183
6194,育富,36,0,36,群益金鼎-高雄,2023-06-30,9183
2344,華邦電,35,1,34,群益金鼎-高雄,2023-06-30,9183
2609,陽明,130,100,30,群益金鼎-高雄,2023-06-30,9183
8068,全達,30,0,30,群益金鼎-高雄,2023-06-30,9183
3447,展達,27,0,27,群益金鼎-高雄,2023-06-30,9183
1714,和桐,20,0,20,群益金鼎-高雄,2023-06-30,9183
5426,振發,20,0,20,群益金鼎-高雄,2023-06-30,9183
1528,恩德,26,7,19,群益金鼎-高雄,2023-06-30,9183
3711,日月光投控,19,1,18,群益金鼎-高雄,2023-06-30,9183
2883,凱基金,20,3,17,群益金鼎-高雄,2023-06-30,9183
3374,精材,27,11,16,群益金鼎-高雄,2023-06-30,9183
00632R,元大台灣50反1,15,0,15,群益金鼎-高雄,2023-06-30,9183
2610,華航,28,13,15,群益金鼎-高雄,2023-06-30,9183
2340,台亞,38,24,14,群益金鼎-高雄,2023-06-30,9183
2913,農林,13,0,13,群益金鼎-高雄,2023-06-30,9183
6187,萬潤,13,0,13,群益金鼎-高雄,2023-06-30,9183
4120,友華,12,1,11,群益金鼎-高雄,2023-06-30,9183
6185,幃翔,15,4,11,群益金鼎-高雄,2023-06-30,9183
1326,台化,10,0,10,群益金鼎-高雄,2023-06-30,9183
2352,佳世達,10,0,10,群益金鼎-高雄,2023-06-30,9183
3645,達邁,10,0,10,群益金鼎-高雄,2023-06-30,9183
00633L,富邦上証正2,9,0,9,群益金鼎-高雄,2023-06-30,9183
1514,亞力,17,8,9,群益金鼎-高雄,2023-06-30,9183
2230,泰茂,11,2,9,群益金鼎-高雄,2023-06-30,9183
1101,台泥,9,0,9,群益金鼎-高雄,2023-06-30,9183
1301,台塑,10,1,9,群益金鼎-高雄,2023-06-30,9183
00885,富邦越南,17,9,8,群益金鼎-高雄,2023-06-30,9183
4147,中裕,14,6,8,群益金鼎-高雄,2023-06-30,9183
6733,博晟生醫,24,16,8,群益金鼎-高雄,2023-06-30,9183
2356,英業達,13,6,7,群益金鼎-高雄,2023-06-30,9183
00751B,元大AAA至A公司債,7,0,7,群益金鼎-高雄,2023-06-30,9183
00795B,中信美國公債20年,7,0,7,群益金鼎-高雄,2023-06-30,9183
1402,遠東新,7,0,7,群益金鼎-高雄,2023-06-30,9183
1471,首利,8,1,7,群益金鼎-高雄,2023-06-30,9183
2492,華新科,9,2,7,群益金鼎-高雄,2023-06-30,9183
4994,傳奇,8,1,7,群益金鼎-高雄,2023-06-30,9183
3034,聯詠,8,1,7,群益金鼎-高雄,2023-06-30,9183
2206,三陽工業,6,0,6,群益金鼎-高雄,2023-06-30,9183
1218,泰山,6,0,6,群益金鼎-高雄,2023-06-30,9183
2419,仲琦,10,4,6,群益金鼎-高雄,2023-06-30,9183
3049,精金,500,0,500,群益金鼎-高雄,2023-07-03,9183
00665L,富邦�琤肭磪囓�2,250,0,250,群益金鼎-高雄,2023-07-03,9183
2883B,凱基金乙特,180,0,180,群益金鼎-高雄,2023-07-03,9183
2356,英業達,242,77,165,群益金鼎-高雄,2023-07-03,9183
00929,復華台灣科技優息,99,0,99,群益金鼎-高雄,2023-07-03,9183
4961,天鈺,81,0,81,群益金鼎-高雄,2023-07-03,9183
00919,群益台灣精選高息,61,10,51,群益金鼎-高雄,2023-07-03,9183
6194,育富,58,19,39,群益金鼎-高雄,2023-07-03,9183
2409,友達,39,0,39,群益金鼎-高雄,2023-07-03,9183
2303,聯電,59,23,36,群益金鼎-高雄,2023-07-03,9183
5468,凱鈺,35,0,35,群益金鼎-高雄,2023-07-03,9183
1301,台塑,34,0,34,群益金鼎-高雄,2023-07-03,9183
1471,首利,57,24,33,群益金鼎-高雄,2023-07-03,9183
1217,愛之味,30,0,30,群益金鼎-高雄,2023-07-03,9183
1714,和桐,30,0,30,群益金鼎-高雄,2023-07-03,9183
2014,中鴻,30,0,30,群益金鼎-高雄,2023-07-03,9183
2820,華票,30,0,30,群益金鼎-高雄,2023-07-03,9183
3002,歐格,30,0,30,群益金鼎-高雄,2023-07-03,9183
3037,欣興,31,2,29,群益金鼎-高雄,2023-07-03,9183
8213,志超,25,0,25,群益金鼎-高雄,2023-07-03,9183
4906,正文,32,9,23,群益金鼎-高雄,2023-07-03,9183
8150,南茂,23,1,22,群益金鼎-高雄,2023-07-03,9183
2317,鴻海,31,10,21,群益金鼎-高雄,2023-07-03,9183
2340,台亞,38,17,21,群益金鼎-高雄,2023-07-03,9183
6269,台郡,21,0,21,群益金鼎-高雄,2023-07-03,9183
5465,富驊,21,1,20,群益金鼎-高雄,2023-07-03,9183
2603,長榮,48,29,19,群益金鼎-高雄,2023-07-03,9183
1795,美時,29,12,17,群益金鼎-高雄,2023-07-03,9183
1733,五鼎,17,0,17,群益金鼎-高雄,2023-07-03,9183
3078,僑威,29,12,17,群益金鼎-高雄,2023-07-03,9183
3013,晟銘電,15,0,15,群益金鼎-高雄,2023-07-03,9183
2610,華航,36,22,14,群益金鼎-高雄,2023-07-03,9183
4960,誠美材,35,23,12,群益金鼎-高雄,2023-07-03,9183
1616,億泰,12,0,12,群益金鼎-高雄,2023-07-03,9183
6243,迅杰,32,20,12,群益金鼎-高雄,2023-07-03,9183
2615,萬海,31,19,12,群益金鼎-高雄,2023-07-03,9183
2412,中華電,11,0,11,群益金鼎-高雄,2023-07-03,9183
6733,博晟生醫,11,0,11,群益金鼎-高雄,2023-07-03,9183
8038,長園科,11,0,11,群益金鼎-高雄,2023-07-03,9183
00632R,元大台灣50反1,10,0,10,群益金鼎-高雄,2023-07-03,9183
00712,復華富時不動產,10,0,10,群益金鼎-高雄,2023-07-03,9183
1310,台苯,10,0,10,群益金鼎-高雄,2023-07-03,9183
3178,公準,10,0,10,群益金鼎-高雄,2023-07-03,9183
4113,聯上,10,0,10,群益金鼎-高雄,2023-07-03,9183
4916,事欣科,20,10,10,群益金鼎-高雄,2023-07-03,9183
6548,長科*,10,0,10,群益金鼎-高雄,2023-07-03,9183
8076,伍豐,13,3,10,群益金鼎-高雄,2023-07-03,9183
9105,泰金寶-DR,10,0,10,群益金鼎-高雄,2023-07-03,9183
1904,正隆,15,6,9,群益金鼎-高雄,2023-07-03,9183
3564,其陽,10,1,9,群益金鼎-高雄,2023-07-03,9183
2609,陽明,564,76,488,群益金鼎-高雄,2023-07-04,9183
2883B,凱基金乙特,301,0,301,群益金鼎-高雄,2023-07-04,9183
0056,元大高股息,125,18,107,群益金鼎-高雄,2023-07-04,9183
6116,彩晶,62,5,57,群益金鼎-高雄,2023-07-04,9183
2312,金寶,58,4,54,群益金鼎-高雄,2023-07-04,9183
8213,志超,51,0,51,群益金鼎-高雄,2023-07-04,9183
1714,和桐,50,0,50,群益金鼎-高雄,2023-07-04,9183
6243,迅杰,55,13,42,群益金鼎-高雄,2023-07-04,9183
1471,首利,51,10,41,群益金鼎-高雄,2023-07-04,9183
2603,長榮,95,55,40,群益金鼎-高雄,2023-07-04,9183
1905,華紙,46,8,38,群益金鼎-高雄,2023-07-04,9183
2340,台亞,67,29,38,群益金鼎-高雄,2023-07-04,9183
9136,巨騰-DR,36,0,36,群益金鼎-高雄,2023-07-04,9183
1785,光洋科,35,0,35,群益金鼎-高雄,2023-07-04,9183
3447,展達,45,12,33,群益金鼎-高雄,2023-07-04,9183
3013,晟銘電,76,45,31,群益金鼎-高雄,2023-07-04,9183
8068,全達,31,0,31,群益金鼎-高雄,2023-07-04,9183
2883,凱基金,32,2,30,群益金鼎-高雄,2023-07-04,9183
2498,宏達電,31,1,30,群益金鼎-高雄,2023-07-04,9183
2801,彰銀,30,0,30,群益金鼎-高雄,2023-07-04,9183
6194,育富,37,10,27,群益金鼎-高雄,2023-07-04,9183
3042,晶技,27,2,25,群益金鼎-高雄,2023-07-04,9183
6125,廣運,42,17,25,群益金鼎-高雄,2023-07-04,9183
3325,旭品,28,5,23,群益金鼎-高雄,2023-07-04,9183
2515,中工,22,0,22,群益金鼎-高雄,2023-07-04,9183
6024,群益期,20,0,20,群益金鼎-高雄,2023-07-04,9183
2371,大同,26,6,20,群益金鼎-高雄,2023-07-04,9183
3105,穩懋,21,3,18,群益金鼎-高雄,2023-07-04,9183
3663,鑫科,18,0,18,群益金鼎-高雄,2023-07-04,9183
2492,華新科,22,5,17,群益金鼎-高雄,2023-07-04,9183
6112,邁達特,26,11,15,群益金鼎-高雄,2023-07-04,9183
00635U,期元大S＆P黃金,15,0,15,群益金鼎-高雄,2023-07-04,9183
2241,艾姆勒,15,0,15,群益金鼎-高雄,2023-07-04,9183
4533,協易機,15,0,15,群益金鼎-高雄,2023-07-04,9183
6792,詠業,15,0,15,群益金鼎-高雄,2023-07-04,9183
8048,德勝,30,15,15,群益金鼎-高雄,2023-07-04,9183
4979,華星光,36,22,14,群益金鼎-高雄,2023-07-04,9183
2399,映泰,16,4,12,群益金鼎-高雄,2023-07-04,9183
2645,長榮航太,12,0,12,群益金鼎-高雄,2023-07-04,9183
6191,精成科,12,0,12,群益金鼎-高雄,2023-07-04,9183
1513,中興電,29,18,11,群益金鼎-高雄,2023-07-04,9183
6591,動力-KY,11,0,11,群益金鼎-高雄,2023-07-04,9183
2344,華邦電,16,6,10,群益金鼎-高雄,2023-07-04,9183
00687B,國泰20年美債,10,0,10,群益金鼎-高雄,2023-07-04,9183
1314,中石化,10,0,10,群益金鼎-高雄,2023-07-04,9183
2027,大成鋼,10,0,10,群益金鼎-高雄,2023-07-04,9183
3005,神基,10,0,10,群益金鼎-高雄,2023-07-04,9183
3056,富華新,11,1,10,群益金鼎-高雄,2023-07-04,9183
3306,鼎天,28,18,10,群益金鼎-高雄,2023-07-04,9183
3576,聯合再生,10,0,10,群益金鼎-高雄,2023-07-04,9183
00929,復華台灣科技優息,391,2,389,群益金鼎-高雄,2023-07-05,9183
2883B,凱基金乙特,201,0,201,群益金鼎-高雄,2023-07-05,9183
00927,群益半導體收益,87,0,87,群益金鼎-高雄,2023-07-05,9183
00753L,中信中國50正2,81,0,81,群益金鼎-高雄,2023-07-05,9183
2609,陽明,139,84,55,群益金鼎-高雄,2023-07-05,9183
0056,元大高股息,54,2,52,群益金鼎-高雄,2023-07-05,9183
6285,啟��,65,15,50,群益金鼎-高雄,2023-07-05,9183
2104,國際中橡,46,0,46,群益金鼎-高雄,2023-07-05,9183
2618,長榮航,96,55,41,群益金鼎-高雄,2023-07-05,9183
2834,臺企銀,36,0,36,群益金鼎-高雄,2023-07-05,9183
2883,凱基金,38,4,34,群益金鼎-高雄,2023-07-05,9183
00882,中信中國高股息,32,2,30,群益金鼎-高雄,2023-07-05,9183
6120,達運,29,0,29,群益金鼎-高雄,2023-07-05,9183
6194,育富,31,2,29,群益金鼎-高雄,2023-07-05,9183
8390,金益鼎,29,1,28,群益金鼎-高雄,2023-07-05,9183
3706,神達,35,9,26,群益金鼎-高雄,2023-07-05,9183
00878,國泰永續高股息,26,1,25,群益金鼎-高雄,2023-07-05,9183
2303,聯電,27,3,24,群益金鼎-高雄,2023-07-05,9183
2885,元大金,21,0,21,群益金鼎-高雄,2023-07-05,9183
00687B,國泰20年美債,20,0,20,群益金鼎-高雄,2023-07-05,9183
2340,台亞,36,16,20,群益金鼎-高雄,2023-07-05,9183
6152,百一,20,0,20,群益金鼎-高雄,2023-07-05,9183
3576,聯合再生,31,12,19,群益金鼎-高雄,2023-07-05,9183
9136,巨騰-DR,19,0,19,群益金鼎-高雄,2023-07-05,9183
6187,萬潤,43,25,18,群益金鼎-高雄,2023-07-05,9183
2427,三商電,61,43,18,群益金鼎-高雄,2023-07-05,9183
2614,東森,15,0,15,群益金鼎-高雄,2023-07-05,9183
1809,中釉,14,1,13,群益金鼎-高雄,2023-07-05,9183
3380,明泰,14,1,13,群益金鼎-高雄,2023-07-05,9183
3105,穩懋,12,0,12,群益金鼎-高雄,2023-07-05,9183
5426,振發,16,4,12,群益金鼎-高雄,2023-07-05,9183
3037,欣興,13,2,11,群益金鼎-高雄,2023-07-05,9183
2230,泰茂,11,0,11,群益金鼎-高雄,2023-07-05,9183
3308,聯德,11,0,11,群益金鼎-高雄,2023-07-05,9183
6016,康和證,11,0,11,群益金鼎-高雄,2023-07-05,9183
2886,兆豐金,12,1,11,群益金鼎-高雄,2023-07-05,9183
3556,禾瑞亞,10,0,10,群益金鼎-高雄,2023-07-05,9183
2484,希華,10,0,10,群益金鼎-高雄,2023-07-05,9183
3046,建��,10,0,10,群益金鼎-高雄,2023-07-05,9183
6142,友勁,10,0,10,群益金鼎-高雄,2023-07-05,9183
6532,瑞耘,13,3,10,群益金鼎-高雄,2023-07-05,9183
3231,緯創,36,27,9,群益金鼎-高雄,2023-07-05,9183
1314,中石化,9,0,9,群益金鼎-高雄,2023-07-05,9183
1810,和成,9,0,9,群益金鼎-高雄,2023-07-05,9183
1907,永豐餘,9,0,9,群益金鼎-高雄,2023-07-05,9183
2606,裕民,14,5,9,群益金鼎-高雄,2023-07-05,9183
2929,淘帝-KY,10,1,9,群益金鼎-高雄,2023-07-05,9183
3013,晟銘電,36,27,9,群益金鼎-高雄,2023-07-05,9183
4563,百德,17,8,9,群益金鼎-高雄,2023-07-05,9183
4906,正文,15,6,9,群益金鼎-高雄,2023-07-05,9183
2891,中信金,381,6,375,群益金鼎-高雄,2023-07-06,9183
00753L,中信中國50正2,200,0,200,群益金鼎-高雄,2023-07-06,9183
4155,訊映,111,0,111,群益金鼎-高雄,2023-07-06,9183
2014,中鴻,63,0,63,群益金鼎-高雄,2023-07-06,9183
1809,中釉,67,9,58,群益金鼎-高雄,2023-07-06,9183
4960,誠美材,40,0,40,群益金鼎-高雄,2023-07-06,9183
2002,中鋼,36,0,36,群益金鼎-高雄,2023-07-06,9183
3060,銘異,33,0,33,群益金鼎-高雄,2023-07-06,9183
1605,華新,43,12,31,群益金鼎-高雄,2023-07-06,9183
6120,達運,31,2,29,群益金鼎-高雄,2023-07-06,9183
8213,志超,31,2,29,群益金鼎-高雄,2023-07-06,9183
2425,承啟,35,6,29,群益金鼎-高雄,2023-07-06,9183
00878,國泰永續高股息,34,5,29,群益金鼎-高雄,2023-07-06,9183
2883,凱基金,35,6,29,群益金鼎-高雄,2023-07-06,9183
00679B,元大美債20年,26,1,25,群益金鼎-高雄,2023-07-06,9183
8048,德勝,28,4,24,群益金鼎-高雄,2023-07-06,9183
00929,復華台灣科技優息,25,3,22,群益金鼎-高雄,2023-07-06,9183
5465,富驊,25,3,22,群益金鼎-高雄,2023-07-06,9183
1101,台泥,22,1,21,群益金鼎-高雄,2023-07-06,9183
1314,中石化,21,0,21,群益金鼎-高雄,2023-07-06,9183
3706,神達,42,21,21,群益金鼎-高雄,2023-07-06,9183
1303,南亞,21,1,20,群益金鼎-高雄,2023-07-06,9183
2009,第一銅,20,0,20,群益金鼎-高雄,2023-07-06,9183
2801,彰銀,19,0,19,群益金鼎-高雄,2023-07-06,9183
3037,欣興,20,3,17,群益金鼎-高雄,2023-07-06,9183
00680L,元大美債20正2,17,0,17,群益金鼎-高雄,2023-07-06,9183
1904,正隆,24,8,16,群益金鼎-高雄,2023-07-06,9183
2618,長榮航,33,17,16,群益金鼎-高雄,2023-07-06,9183
1227,佳格,15,0,15,群益金鼎-高雄,2023-07-06,9183
4906,正文,23,8,15,群益金鼎-高雄,2023-07-06,9183
00882,中信中國高股息,14,0,14,群益金鼎-高雄,2023-07-06,9183
00687B,國泰20年美債,14,0,14,群益金鼎-高雄,2023-07-06,9183
2537,聯上發,14,0,14,群益金鼎-高雄,2023-07-06,9183
0056,元大高股息,25,11,14,群益金鼎-高雄,2023-07-06,9183
1218,泰山,18,5,13,群益金鼎-高雄,2023-07-06,9183
2483,百容,13,0,13,群益金鼎-高雄,2023-07-06,9183
2457,飛宏,34,22,12,群益金鼎-高雄,2023-07-06,9183
3017,奇鋐,18,6,12,群益金鼎-高雄,2023-07-06,9183
9136,巨騰-DR,13,1,12,群益金鼎-高雄,2023-07-06,9183
5880,合庫金,12,0,12,群益金鼎-高雄,2023-07-06,9183
2356,英業達,28,17,11,群益金鼎-高雄,2023-07-06,9183
2882,國泰金,13,2,11,群益金鼎-高雄,2023-07-06,9183
3045,台灣大,11,0,11,群益金鼎-高雄,2023-07-06,9183
5876,上海商銀,11,1,10,群益金鼎-高雄,2023-07-06,9183
00905,FT臺灣Smart,10,0,10,群益金鼎-高雄,2023-07-06,9183
00772B,中信高評級公司債,10,0,10,群益金鼎-高雄,2023-07-06,9183
2337,旺宏,10,0,10,群益金鼎-高雄,2023-07-06,9183
4563,百德,11,1,10,群益金鼎-高雄,2023-07-06,9183
4916,事欣科,20,10,10,群益金鼎-高雄,2023-07-06,9183
3380,明泰,10,0,10,群益金鼎-高雄,2023-07-06,9183
00753L,中信中國50正2,150,0,150,群益金鼎-高雄,2023-07-07,9183
3521,鴻翊,102,1,101,群益金鼎-高雄,2023-07-07,9183
1201,味全,60,0,60,群益金鼎-高雄,2023-07-07,9183
2344,華邦電,70,12,58,群益金鼎-高雄,2023-07-07,9183
8039,台虹,51,0,51,群益金鼎-高雄,2023-07-07,9183
3483,力致,50,0,50,群益金鼎-高雄,2023-07-07,9183
2402,毅嘉,58,10,48,群益金鼎-高雄,2023-07-07,9183
6792,詠業,36,0,36,群益金鼎-高雄,2023-07-07,9183
00679B,元大美債20年,36,2,34,群益金鼎-高雄,2023-07-07,9183
6194,育富,39,5,34,群益金鼎-高雄,2023-07-07,9183
0056,元大高股息,44,11,33,群益金鼎-高雄,2023-07-07,9183
2323,中環,35,6,29,群益金鼎-高雄,2023-07-07,9183
2485,兆赫,45,16,29,群益金鼎-高雄,2023-07-07,9183
00929,復華台灣科技優息,28,0,28,群益金鼎-高雄,2023-07-07,9183
2498,宏達電,28,0,28,群益金鼎-高雄,2023-07-07,9183
5388,中磊,38,11,27,群益金鼎-高雄,2023-07-07,9183
1605,華新,37,13,24,群益金鼎-高雄,2023-07-07,9183
2887,台新金,25,2,23,群益金鼎-高雄,2023-07-07,9183
00878,國泰永續高股息,33,10,23,群益金鼎-高雄,2023-07-07,9183
00882,中信中國高股息,22,0,22,群益金鼎-高雄,2023-07-07,9183
2002,中鋼,30,10,20,群益金鼎-高雄,2023-07-07,9183
2369,菱生,38,18,20,群益金鼎-高雄,2023-07-07,9183
3141,晶宏,20,0,20,群益金鼎-高雄,2023-07-07,9183
2882,國泰金,21,2,19,群益金鼎-高雄,2023-07-07,9183
2409,友達,19,0,19,群益金鼎-高雄,2023-07-07,9183
8390,金益鼎,16,0,16,群益金鼎-高雄,2023-07-07,9183
6203,海韻電,20,5,15,群益金鼎-高雄,2023-07-07,9183
2014,中鴻,15,0,15,群益金鼎-高雄,2023-07-07,9183
5439,高技,18,3,15,群益金鼎-高雄,2023-07-07,9183
2338,光罩,20,7,13,群益金鼎-高雄,2023-07-07,9183
2885,元大金,15,2,13,群益金鼎-高雄,2023-07-07,9183
4915,致伸,13,0,13,群益金鼎-高雄,2023-07-07,9183
00772B,中信高評級公司債,12,0,12,群益金鼎-高雄,2023-07-07,9183
4968,立積,12,0,12,群益金鼎-高雄,2023-07-07,9183
5426,振發,19,7,12,群益金鼎-高雄,2023-07-07,9183
6190,萬泰科,12,0,12,群益金鼎-高雄,2023-07-07,9183
1584,精剛,11,0,11,群益金鼎-高雄,2023-07-07,9183
2633,台灣高鐵,11,0,11,群益金鼎-高雄,2023-07-07,9183
2892,第一金,13,2,11,群益金鼎-高雄,2023-07-07,9183
2634,漢翔,12,2,10,群益金鼎-高雄,2023-07-07,9183
2382,廣達,12,2,10,群益金鼎-高雄,2023-07-07,9183
1218,泰山,10,0,10,群益金鼎-高雄,2023-07-07,9183
2104,國際中橡,10,0,10,群益金鼎-高雄,2023-07-07,9183
2367,燿華,10,0,10,群益金鼎-高雄,2023-07-07,9183
2442,新美齊,10,0,10,群益金鼎-高雄,2023-07-07,9183
2867,三商壽,10,0,10,群益金鼎-高雄,2023-07-07,9183
3380,明泰,56,46,10,群益金鼎-高雄,2023-07-07,9183
1314,中石化,14,5,9,群益金鼎-高雄,2023-07-07,9183
3038,全台,10,1,9,群益金鼎-高雄,2023-07-07,9183
8070,長華*,9,0,9,群益金鼎-高雄,2023-07-07,9183
1618,合機,150,2,148,群益金鼎-高雄,2023-07-10,9183
2353,宏��,100,5,95,群益金鼎-高雄,2023-07-10,9183
4533,協易機,55,12,43,群益金鼎-高雄,2023-07-10,9183
3265,台星科,64,22,42,群益金鼎-高雄,2023-07-10,9183
6120,達運,44,3,41,群益金鼎-高雄,2023-07-10,9183
6187,萬潤,47,10,37,群益金鼎-高雄,2023-07-10,9183
8103,瀚荃,32,0,32,群益金鼎-高雄,2023-07-10,9183
4532,瑞智,51,21,30,群益金鼎-高雄,2023-07-10,9183
00680L,元大美債20正2,27,0,27,群益金鼎-高雄,2023-07-10,9183
2323,中環,42,16,26,群益金鼎-高雄,2023-07-10,9183
3380,明泰,26,3,23,群益金鼎-高雄,2023-07-10,9183
2610,華航,29,6,23,群益金鼎-高雄,2023-07-10,9183
3325,旭品,61,38,23,群益金鼎-高雄,2023-07-10,9183
00679B,元大美債20年,20,0,20,群益金鼎-高雄,2023-07-10,9183
2615,萬海,20,0,20,群益金鼎-高雄,2023-07-10,9183
6196,帆宣,20,0,20,群益金鼎-高雄,2023-07-10,9183
2303,聯電,22,3,19,群益金鼎-高雄,2023-07-10,9183
2618,長榮航,35,17,18,群益金鼎-高雄,2023-07-10,9183
0056,元大高股息,17,0,17,群益金鼎-高雄,2023-07-10,9183
2457,飛宏,28,11,17,群益金鼎-高雄,2023-07-10,9183
2603,長榮,25,8,17,群益金鼎-高雄,2023-07-10,9183
00929,復華台灣科技優息,14,0,14,群益金鼎-高雄,2023-07-10,9183
1605,華新,22,8,14,群益金鼎-高雄,2023-07-10,9183
5439,高技,17,3,14,群益金鼎-高雄,2023-07-10,9183
3491,昇達科,12,0,12,群益金鼎-高雄,2023-07-10,9183
8070,長華*,11,0,11,群益金鼎-高雄,2023-07-10,9183
8390,金益鼎,11,0,11,群益金鼎-高雄,2023-07-10,9183
4934,太極,23,12,11,群益金鼎-高雄,2023-07-10,9183
00751B,元大AAA至A公司債,10,0,10,群益金鼎-高雄,2023-07-10,9183
1909,榮成,10,0,10,群益金鼎-高雄,2023-07-10,9183
2371,大同,16,6,10,群益金鼎-高雄,2023-07-10,9183
3028,增你強,12,2,10,群益金鼎-高雄,2023-07-10,9183
3483,力致,10,0,10,群益金鼎-高雄,2023-07-10,9183
6282,康舒,29,19,10,群益金鼎-高雄,2023-07-10,9183
3711,日月光投控,14,5,9,群益金鼎-高雄,2023-07-10,9183
00892,富邦台灣半導體,9,0,9,群益金鼎-高雄,2023-07-10,9183
00882,中信中國高股息,9,0,9,群益金鼎-高雄,2023-07-10,9183
3305,昇貿,27,19,8,群益金鼎-高雄,2023-07-10,9183
1504,東元,13,5,8,群益金鼎-高雄,2023-07-10,9183
2458,義隆,8,0,8,群益金鼎-高雄,2023-07-10,9183
6248,沛波,8,0,8,群益金鼎-高雄,2023-07-10,9183
3016,嘉晶,7,0,7,群益金鼎-高雄,2023-07-10,9183
6015,宏遠證,7,0,7,群益金鼎-高雄,2023-07-10,9183
1904,正隆,6,0,6,群益金鼎-高雄,2023-07-10,9183
00878,國泰永續高股息,9,3,6,群益金鼎-高雄,2023-07-10,9183
3260,威剛,7,1,6,群益金鼎-高雄,2023-07-10,9183
3558,神準,10,4,6,群益金鼎-高雄,2023-07-10,9183
4562,穎漢,6,0,6,群益金鼎-高雄,2023-07-10,9183
6470,宇智,7,1,6,群益金鼎-高雄,2023-07-10,9183
3362,先進光,19,13,6,群益金鼎-高雄,2023-07-10,9183
6120,達運,173,6,167,群益金鼎-高雄,2023-07-11,9183
8213,志超,130,0,130,群益金鼎-高雄,2023-07-11,9183
4108,懷特,101,0,101,群益金鼎-高雄,2023-07-11,9183
2883,凱基金,100,3,97,群益金鼎-高雄,2023-07-11,9183
2104,國際中橡,95,0,95,群益金鼎-高雄,2023-07-11,9183
1605,華新,87,9,78,群益金鼎-高雄,2023-07-11,9183
4960,誠美材,54,1,53,群益金鼎-高雄,2023-07-11,9183
6695,芯鼎,49,0,49,群益金鼎-高雄,2023-07-11,9183
5328,華容,34,0,34,群益金鼎-高雄,2023-07-11,9183
6288,聯嘉,35,1,34,群益金鼎-高雄,2023-07-11,9183
00687B,國泰20年美債,30,0,30,群益金鼎-高雄,2023-07-11,9183
3025,星通,50,22,28,群益金鼎-高雄,2023-07-11,9183
00632R,元大台灣50反1,25,0,25,群益金鼎-高雄,2023-07-11,9183
2609,陽明,33,8,25,群益金鼎-高雄,2023-07-11,9183
2329,華泰,37,15,22,群益金鼎-高雄,2023-07-11,9183
3363,上詮,52,31,21,群益金鼎-高雄,2023-07-11,9183
9907,統一實,20,0,20,群益金鼎-高雄,2023-07-11,9183
6142,友勁,19,0,19,群益金鼎-高雄,2023-07-11,9183
6187,萬潤,20,2,18,群益金鼎-高雄,2023-07-11,9183
3346,麗清,16,0,16,群益金鼎-高雄,2023-07-11,9183
1604,聲寶,15,1,14,群益金鼎-高雄,2023-07-11,9183
4934,太極,29,15,14,群益金鼎-高雄,2023-07-11,9183
4532,瑞智,34,21,13,群益金鼎-高雄,2023-07-11,9183
1514,亞力,24,12,12,群益金鼎-高雄,2023-07-11,9183
3058,立德,12,0,12,群益金鼎-高雄,2023-07-11,9183
2303,聯電,22,11,11,群益金鼎-高雄,2023-07-11,9183
2340,台亞,88,77,11,群益金鼎-高雄,2023-07-11,9183
3015,全漢,11,0,11,群益金鼎-高雄,2023-07-11,9183
1218,泰山,10,0,10,群益金鼎-高雄,2023-07-11,9183
00751B,元大AAA至A公司債,10,0,10,群益金鼎-高雄,2023-07-11,9183
00673R,期元大S＆P原油反1,10,0,10,群益金鼎-高雄,2023-07-11,9183
1532,勤美,10,0,10,群益金鼎-高雄,2023-07-11,9183
2468,華經,12,2,10,群益金鼎-高雄,2023-07-11,9183
4909,新復興,10,0,10,群益金鼎-高雄,2023-07-11,9183
5426,振發,10,0,10,群益金鼎-高雄,2023-07-11,9183
8054,安國,10,0,10,群益金鼎-高雄,2023-07-11,9183
8933,愛地雅,9,0,9,群益金鼎-高雄,2023-07-11,9183
1528,恩德,11,3,8,群益金鼎-高雄,2023-07-11,9183
3092,鴻碩,8,0,8,群益金鼎-高雄,2023-07-11,9183
3305,昇貿,15,7,8,群益金鼎-高雄,2023-07-11,9183
3362,先進光,18,10,8,群益金鼎-高雄,2023-07-11,9183
2388,威盛,34,26,8,群益金鼎-高雄,2023-07-11,9183
1795,美時,12,5,7,群益金鼎-高雄,2023-07-11,9183
3189,景碩,7,0,7,群益金鼎-高雄,2023-07-11,9183
3558,神準,12,5,7,群益金鼎-高雄,2023-07-11,9183
4904,遠傳,7,0,7,群益金鼎-高雄,2023-07-11,9183
5209,新鼎,7,0,7,群益金鼎-高雄,2023-07-11,9183
5457,宣德,9,2,7,群益金鼎-高雄,2023-07-11,9183
8926,台汽電,8,2,6,群益金鼎-高雄,2023-07-11,9183
2317,鴻海,7,1,6,群益金鼎-高雄,2023-07-11,9183
9105,泰金寶-DR,150,0,150,群益金鼎-高雄,2023-07-12,9183
3114,好德,79,0,79,群益金鼎-高雄,2023-07-12,9183
6187,萬潤,75,5,70,群益金鼎-高雄,2023-07-12,9183
2882,國泰金,72,17,55,群益金鼎-高雄,2023-07-12,9183
2356,英業達,164,118,46,群益金鼎-高雄,2023-07-12,9183
2340,台亞,56,10,46,群益金鼎-高雄,2023-07-12,9183
2603,長榮,43,2,41,群益金鼎-高雄,2023-07-12,9183
6282,康舒,65,27,38,群益金鼎-高雄,2023-07-12,9183
6120,達運,55,17,38,群益金鼎-高雄,2023-07-12,9183
6139,亞翔,36,1,35,群益金鼎-高雄,2023-07-12,9183
1528,恩德,33,2,31,群益金鼎-高雄,2023-07-12,9183
2607,榮運,31,0,31,群益金鼎-高雄,2023-07-12,9183
4960,誠美材,30,0,30,群益金鼎-高雄,2023-07-12,9183
6695,芯鼎,30,0,30,群益金鼎-高雄,2023-07-12,9183
5371,中光電,45,17,28,群益金鼎-高雄,2023-07-12,9183
2104,國際中橡,25,0,25,群益金鼎-高雄,2023-07-12,9183
3221,台嘉碩,25,0,25,群益金鼎-高雄,2023-07-12,9183
2323,中環,33,12,21,群益金鼎-高雄,2023-07-12,9183
3481,群創,78,57,21,群益金鼎-高雄,2023-07-12,9183
4755,三福化,21,0,21,群益金鼎-高雄,2023-07-12,9183
2867,三商壽,20,0,20,群益金鼎-高雄,2023-07-12,9183
8070,長華*,37,18,19,群益金鼎-高雄,2023-07-12,9183
2303,聯電,40,22,18,群益金鼎-高雄,2023-07-12,9183
00719B,元大美債1-3,15,0,15,群益金鼎-高雄,2023-07-12,9183
2388,威盛,30,16,14,群益金鼎-高雄,2023-07-12,9183
4916,事欣科,26,12,14,群益金鼎-高雄,2023-07-12,9183
6191,精成科,14,0,14,群益金鼎-高雄,2023-07-12,9183
2402,毅嘉,14,1,13,群益金鼎-高雄,2023-07-12,9183
3587,閎康,14,2,12,群益金鼎-高雄,2023-07-12,9183
8941,關中,12,0,12,群益金鼎-高雄,2023-07-12,9183
1471,首利,12,1,11,群益金鼎-高雄,2023-07-12,9183
2888,新光金,11,0,11,群益金鼎-高雄,2023-07-12,9183
2609,陽明,36,26,10,群益金鼎-高雄,2023-07-12,9183
2204,中華,10,0,10,群益金鼎-高雄,2023-07-12,9183
00680L,元大美債20正2,10,0,10,群益金鼎-高雄,2023-07-12,9183
00633L,富邦上証正2,10,0,10,群益金鼎-高雄,2023-07-12,9183
1714,和桐,10,0,10,群益金鼎-高雄,2023-07-12,9183
1718,中纖,10,0,10,群益金鼎-高雄,2023-07-12,9183
2392,正崴,10,0,10,群益金鼎-高雄,2023-07-12,9183
2481,強茂,34,24,10,群益金鼎-高雄,2023-07-12,9183
2645,長榮航太,11,1,10,群益金鼎-高雄,2023-07-12,9183
3260,威剛,10,0,10,群益金鼎-高雄,2023-07-12,9183
3666,光耀,11,1,10,群益金鼎-高雄,2023-07-12,9183
4906,正文,15,5,10,群益金鼎-高雄,2023-07-12,9183
5426,振發,10,0,10,群益金鼎-高雄,2023-07-12,9183
2614,東森,9,0,9,群益金鼎-高雄,2023-07-12,9183
6285,啟��,13,4,9,群益金鼎-高雄,2023-07-12,9183
2492,華新科,10,1,9,群益金鼎-高雄,2023-07-12,9183
5469,瀚宇博,9,0,9,群益金鼎-高雄,2023-07-12,9183
00673R,期元大S＆P原油反1,8,0,8,群益金鼎-高雄,2023-07-12,9183
2618,長榮航,209,38,171,群益金鼎-高雄,2023-07-13,9183
9907,統一實,82,0,82,群益金鼎-高雄,2023-07-13,9183
2609,陽明,90,19,71,群益金鼎-高雄,2023-07-13,9183
2633,台灣高鐵,62,1,61,群益金鼎-高雄,2023-07-13,9183
6792,詠業,60,0,60,群益金鼎-高雄,2023-07-13,9183
1605,華新,145,87,58,群益金鼎-高雄,2023-07-13,9183
2610,華航,62,18,44,群益金鼎-高雄,2023-07-13,9183
2324,仁寶,64,22,42,群益金鼎-高雄,2023-07-13,9183
2481,強茂,39,4,35,群益金鼎-高雄,2023-07-13,9183
1714,和桐,30,0,30,群益金鼎-高雄,2023-07-13,9183
4967,十銓,30,0,30,群益金鼎-高雄,2023-07-13,9183
2882,國泰金,31,2,29,群益金鼎-高雄,2023-07-13,9183
2388,威盛,63,35,28,群益金鼎-高雄,2023-07-13,9183
3013,晟銘電,30,3,27,群益金鼎-高雄,2023-07-13,9183
00930,永豐ESG低碳高息,26,0,26,群益金鼎-高雄,2023-07-13,9183
3689,湧德,25,0,25,群益金鼎-高雄,2023-07-13,9183
1217,愛之味,24,0,24,群益金鼎-高雄,2023-07-13,9183
1609,大亞,28,4,24,群益金鼎-高雄,2023-07-13,9183
4113,聯上,25,2,23,群益金鼎-高雄,2023-07-13,9183
3217,優群,25,3,22,群益金鼎-高雄,2023-07-13,9183
6005,群益證,21,0,21,群益金鼎-高雄,2023-07-13,9183
2014,中鴻,20,0,20,群益金鼎-高雄,2023-07-13,9183
8087,麗升能源,20,0,20,群益金鼎-高雄,2023-07-13,9183
6187,萬潤,21,2,19,群益金鼎-高雄,2023-07-13,9183
2645,長榮航太,20,1,19,群益金鼎-高雄,2023-07-13,9183
2382,廣達,52,34,18,群益金鼎-高雄,2023-07-13,9183
2888,新光金,17,1,16,群益金鼎-高雄,2023-07-13,9183
1218,泰山,15,0,15,群益金鼎-高雄,2023-07-13,9183
2891,中信金,15,0,15,群益金鼎-高雄,2023-07-13,9183
00893,國泰智能電動車,14,1,13,群益金鼎-高雄,2023-07-13,9183
2369,菱生,15,2,13,群益金鼎-高雄,2023-07-13,9183
3624,光頡,12,0,12,群益金鼎-高雄,2023-07-13,9183
8070,長華*,12,0,12,群益金鼎-高雄,2023-07-13,9183
3231,緯創,56,45,11,群益金鼎-高雄,2023-07-13,9183
6443,元晶,11,0,11,群益金鼎-高雄,2023-07-13,9183
00632R,元大台灣50反1,11,0,11,群益金鼎-高雄,2023-07-13,9183
2010,春源,17,6,11,群益金鼎-高雄,2023-07-13,9183
9958,世紀鋼,21,10,11,群益金鼎-高雄,2023-07-13,9183
1231,聯華食,10,0,10,群益金鼎-高雄,2023-07-13,9183
00773B,中信優先金融債,10,0,10,群益金鼎-高雄,2023-07-13,9183
00751B,元大AAA至A公司債,10,0,10,群益金鼎-高雄,2023-07-13,9183
2379,瑞昱,10,0,10,群益金鼎-高雄,2023-07-13,9183
2461,光群雷,10,0,10,群益金鼎-高雄,2023-07-13,9183
3038,全台,10,0,10,群益金鼎-高雄,2023-07-13,9183
3710,連展投控,10,0,10,群益金鼎-高雄,2023-07-13,9183
4533,協易機,56,46,10,群益金鼎-高雄,2023-07-13,9183
5328,華容,10,0,10,群益金鼎-高雄,2023-07-13,9183
1513,中興電,14,5,9,群益金鼎-高雄,2023-07-13,9183
2367,燿華,11,2,9,群益金鼎-高雄,2023-07-13,9183
3711,日月光投控,9,0,9,群益金鼎-高雄,2023-07-13,9183
9907,統一實,160,0,160,群益金鼎-高雄,2023-07-14,9183
2323,中環,122,43,79,群益金鼎-高雄,2023-07-14,9183
2353,宏��,90,17,73,群益金鼎-高雄,2023-07-14,9183
6548,長科*,67,9,58,群益金鼎-高雄,2023-07-14,9183
2618,長榮航,140,86,54,群益金鼎-高雄,2023-07-14,9183
3221,台嘉碩,50,0,50,群益金鼎-高雄,2023-07-14,9183
2888,新光金,50,7,43,群益金鼎-高雄,2023-07-14,9183
1609,大亞,41,8,33,群益金鼎-高雄,2023-07-14,9183
2206,三陽工業,31,0,31,群益金鼎-高雄,2023-07-14,9183
00632R,元大台灣50反1,30,4,26,群益金鼎-高雄,2023-07-14,9183
8092,建暐,25,0,25,群益金鼎-高雄,2023-07-14,9183
3704,合勤控,42,18,24,群益金鼎-高雄,2023-07-14,9183
2610,華航,64,43,21,群益金鼎-高雄,2023-07-14,9183
2371,大同,94,73,21,群益金鼎-高雄,2023-07-14,9183
00929,復華台灣科技優息,22,2,20,群益金鼎-高雄,2023-07-14,9183
1444,力麗,20,0,20,群益金鼎-高雄,2023-07-14,9183
8110,華東,20,0,20,群益金鼎-高雄,2023-07-14,9183
6190,萬泰科,29,11,18,群益金鼎-高雄,2023-07-14,9183
2419,仲琦,72,55,17,群益金鼎-高雄,2023-07-14,9183
2609,陽明,27,10,17,群益金鼎-高雄,2023-07-14,9183
2603,長榮,19,3,16,群益金鼎-高雄,2023-07-14,9183
6811,宏�硌穈T,16,0,16,群益金鼎-高雄,2023-07-14,9183
2382,廣達,39,24,15,群益金鼎-高雄,2023-07-14,9183
00753L,中信中國50正2,15,0,15,群益金鼎-高雄,2023-07-14,9183
3163,波若威,23,8,15,群益金鼎-高雄,2023-07-14,9183
4729,熒茂,27,12,15,群益金鼎-高雄,2023-07-14,9183
5439,高技,60,45,15,群益金鼎-高雄,2023-07-14,9183
3481,群創,57,43,14,群益金鼎-高雄,2023-07-14,9183
2834,臺企銀,13,0,13,群益金鼎-高雄,2023-07-14,9183
1504,東元,22,9,13,群益金鼎-高雄,2023-07-14,9183
00720B,元大投資級公司債,11,0,11,群益金鼎-高雄,2023-07-14,9183
8021,尖點,20,9,11,群益金鼎-高雄,2023-07-14,9183
3057,喬鼎,12,2,10,群益金鼎-高雄,2023-07-14,9183
00679B,元大美債20年,10,0,10,群益金鼎-高雄,2023-07-14,9183
2329,華泰,117,107,10,群益金鼎-高雄,2023-07-14,9183
3015,全漢,10,0,10,群益金鼎-高雄,2023-07-14,9183
3515,華擎,10,0,10,群益金鼎-高雄,2023-07-14,9183
3545,敦泰,11,1,10,群益金鼎-高雄,2023-07-14,9183
4113,聯上,10,0,10,群益金鼎-高雄,2023-07-14,9183
4960,誠美材,10,0,10,群益金鼎-高雄,2023-07-14,9183
1722,台肥,10,0,10,群益金鼎-高雄,2023-07-14,9183
2421,建準,32,23,9,群益金鼎-高雄,2023-07-14,9183
2634,漢翔,11,2,9,群益金鼎-高雄,2023-07-14,9183
1618,合機,15,6,9,群益金鼎-高雄,2023-07-14,9183
2105,正新,9,0,9,群益金鼎-高雄,2023-07-14,9183
2402,毅嘉,10,1,9,群益金鼎-高雄,2023-07-14,9183
2449,京元電子,13,4,9,群益金鼎-高雄,2023-07-14,9183
2633,台灣高鐵,9,0,9,群益金鼎-高雄,2023-07-14,9183
5371,中光電,10,1,9,群益金鼎-高雄,2023-07-14,9183
2027,大成鋼,13,4,9,群益金鼎-高雄,2023-07-14,9183
2888,新光金,461,5,456,群益金鼎-高雄,2023-07-17,9183
9907,統一實,320,0,320,群益金鼎-高雄,2023-07-17,9183
3049,精金,280,2,278,群益金鼎-高雄,2023-07-17,9183
00929,復華台灣科技優息,141,2,139,群益金鼎-高雄,2023-07-17,9183
00930,永豐ESG低碳高息,104,1,103,群益金鼎-高雄,2023-07-17,9183
2353,宏��,128,41,87,群益金鼎-高雄,2023-07-17,9183
4105,東洋,80,0,80,群益金鼎-高雄,2023-07-17,9183
2329,華泰,87,22,65,群益金鼎-高雄,2023-07-17,9183
2633,台灣高鐵,60,0,60,群益金鼎-高雄,2023-07-17,9183
6187,萬潤,91,33,58,群益金鼎-高雄,2023-07-17,9183
3032,偉訓,39,4,35,群益金鼎-高雄,2023-07-17,9183
3706,神達,42,7,35,群益金鼎-高雄,2023-07-17,9183
3711,日月光投控,35,3,32,群益金鼎-高雄,2023-07-17,9183
3114,好德,32,1,31,群益金鼎-高雄,2023-07-17,9183
4175,杏一,29,0,29,群益金鼎-高雄,2023-07-17,9183
6179,亞通,31,4,27,群益金鼎-高雄,2023-07-17,9183
6222,上揚,26,0,26,群益金鼎-高雄,2023-07-17,9183
6527,明達醫,27,1,26,群益金鼎-高雄,2023-07-17,9183
00893,國泰智能電動車,25,0,25,群益金鼎-高雄,2023-07-17,9183
3305,昇貿,20,0,20,群益金鼎-高雄,2023-07-17,9183
3592,瑞鼎,20,0,20,群益金鼎-高雄,2023-07-17,9183
6841,長佳智能,20,0,20,群益金鼎-高雄,2023-07-17,9183
3013,晟銘電,21,2,19,群益金鼎-高雄,2023-07-17,9183
5498,凱崴,20,1,19,群益金鼎-高雄,2023-07-17,9183
2867,三商壽,18,0,18,群益金鼎-高雄,2023-07-17,9183
2610,華航,32,15,17,群益金鼎-高雄,2023-07-17,9183
6188,廣明,16,1,15,群益金鼎-高雄,2023-07-17,9183
2425,承啟,15,3,12,群益金鼎-高雄,2023-07-17,9183
3380,明泰,21,9,12,群益金鼎-高雄,2023-07-17,9183
5009,榮剛,22,10,12,群益金鼎-高雄,2023-07-17,9183
8933,愛地雅,12,0,12,群益金鼎-高雄,2023-07-17,9183
1565,精華,11,0,11,群益金鼎-高雄,2023-07-17,9183
2313,華通,29,18,11,群益金鼎-高雄,2023-07-17,9183
2324,仁寶,34,23,11,群益金鼎-高雄,2023-07-17,9183
2537,聯上發,11,0,11,群益金鼎-高雄,2023-07-17,9183
5474,聰泰,12,1,11,群益金鼎-高雄,2023-07-17,9183
6197,佳必琪,11,0,11,群益金鼎-高雄,2023-07-17,9183
6244,茂迪,11,0,11,群益金鼎-高雄,2023-07-17,9183
6418,詠昇,11,0,11,群益金鼎-高雄,2023-07-17,9183
6811,宏�硌穈T,12,1,11,群益金鼎-高雄,2023-07-17,9183
2495,普安,12,2,10,群益金鼎-高雄,2023-07-17,9183
2836,高雄銀,10,0,10,群益金鼎-高雄,2023-07-17,9183
3051,力特,12,2,10,群益金鼎-高雄,2023-07-17,9183
4513,福裕,10,0,10,群益金鼎-高雄,2023-07-17,9183
6417,韋僑,10,0,10,群益金鼎-高雄,2023-07-17,9183
6796,晉弘,10,0,10,群益金鼎-高雄,2023-07-17,9183
8070,長華*,10,0,10,群益金鼎-高雄,2023-07-17,9183
8358,金居,11,1,10,群益金鼎-高雄,2023-07-17,9183
2352,佳世達,15,5,10,群益金鼎-高雄,2023-07-17,9183
2376,技嘉,14,5,9,群益金鼎-高雄,2023-07-17,9183
9907,統一實,271,0,271,群益金鼎-高雄,2023-07-18,9183
1313,聯成,203,11,192,群益金鼎-高雄,2023-07-18,9183
2888,新光金,156,1,155,群益金鼎-高雄,2023-07-18,9183
2401,凌陽,125,2,123,群益金鼎-高雄,2023-07-18,9183
2324,仁寶,159,53,106,群益金鼎-高雄,2023-07-18,9183
00930,永豐ESG低碳高息,101,0,101,群益金鼎-高雄,2023-07-18,9183
6005,群益證,102,1,101,群益金鼎-高雄,2023-07-18,9183
00878,國泰永續高股息,141,43,98,群益金鼎-高雄,2023-07-18,9183
3706,神達,193,121,72,群益金鼎-高雄,2023-07-18,9183
6449,鈺邦,70,0,70,群益金鼎-高雄,2023-07-18,9183
2634,漢翔,67,2,65,群益金鼎-高雄,2023-07-18,9183
5426,振發,75,10,65,群益金鼎-高雄,2023-07-18,9183
6190,萬泰科,61,0,61,群益金鼎-高雄,2023-07-18,9183
2402,毅嘉,44,4,40,群益金鼎-高雄,2023-07-18,9183
8215,明基材,38,2,36,群益金鼎-高雄,2023-07-18,9183
00882,中信中國高股息,34,0,34,群益金鼎-高雄,2023-07-18,9183
2340,台亞,49,16,33,群益金鼎-高雄,2023-07-18,9183
2419,仲琦,52,22,30,群益金鼎-高雄,2023-07-18,9183
6282,康舒,86,57,29,群益金鼎-高雄,2023-07-18,9183
00929,復華台灣科技優息,50,22,28,群益金鼎-高雄,2023-07-18,9183
2515,中工,26,0,26,群益金鼎-高雄,2023-07-18,9183
6187,萬潤,30,4,26,群益金鼎-高雄,2023-07-18,9183
2323,中環,36,10,26,群益金鼎-高雄,2023-07-18,9183
1514,亞力,44,19,25,群益金鼎-高雄,2023-07-18,9183
2457,飛宏,48,23,25,群益金鼎-高雄,2023-07-18,9183
2886,兆豐金,34,11,23,群益金鼎-高雄,2023-07-18,9183
2890,永豐金,23,0,23,群益金鼎-高雄,2023-07-18,9183
2618,長榮航,84,63,21,群益金鼎-高雄,2023-07-18,9183
6796,晉弘,21,0,21,群益金鼎-高雄,2023-07-18,9183
6288,聯嘉,20,0,20,群益金鼎-高雄,2023-07-18,9183
8390,金益鼎,19,0,19,群益金鼎-高雄,2023-07-18,9183
4938,和碩,55,37,18,群益金鼎-高雄,2023-07-18,9183
1907,永豐餘,17,1,16,群益金鼎-高雄,2023-07-18,9183
2010,春源,16,0,16,群益金鼎-高雄,2023-07-18,9183
2352,佳世達,26,10,16,群益金鼎-高雄,2023-07-18,9183
8933,愛地雅,16,0,16,群益金鼎-高雄,2023-07-18,9183
2603,長榮,23,7,16,群益金鼎-高雄,2023-07-18,9183
2369,菱生,17,2,15,群益金鼎-高雄,2023-07-18,9183
6405,悅城,28,13,15,群益金鼎-高雄,2023-07-18,9183
8936,國統,15,0,15,群益金鼎-高雄,2023-07-18,9183
3071,協禧,26,12,14,群益金鼎-高雄,2023-07-18,9183
6505,台塑化,14,0,14,群益金鼎-高雄,2023-07-18,9183
2449,京元電子,68,55,13,群益金鼎-高雄,2023-07-18,9183
2913,農林,13,0,13,群益金鼎-高雄,2023-07-18,9183
4105,東洋,20,7,13,群益金鼎-高雄,2023-07-18,9183
4121,優盛,14,1,13,群益金鼎-高雄,2023-07-18,9183
2409,友達,13,1,12,群益金鼎-高雄,2023-07-18,9183
2312,金寶,88,76,12,群益金鼎-高雄,2023-07-18,9183
3481,群創,30,18,12,群益金鼎-高雄,2023-07-18,9183
1909,榮成,11,0,11,群益金鼎-高雄,2023-07-18,9183
3481,群創,231,25,206,群益金鼎-高雄,2023-07-19,9183
3045,台灣大,95,0,95,群益金鼎-高雄,2023-07-19,9183
00878,國泰永續高股息,117,24,93,群益金鼎-高雄,2023-07-19,9183
00712,復華富時不動產,85,5,80,群益金鼎-高雄,2023-07-19,9183
4123,晟德,89,12,77,群益金鼎-高雄,2023-07-19,9183
2618,長榮航,99,28,71,群益金鼎-高雄,2023-07-19,9183
3363,上詮,91,49,42,群益金鼎-高雄,2023-07-19,9183
6190,萬泰科,40,0,40,群益金鼎-高雄,2023-07-19,9183
4919,新唐,51,15,36,群益金鼎-高雄,2023-07-19,9183
0056,元大高股息,36,3,33,群益金鼎-高雄,2023-07-19,9183
2881,富邦金,33,0,33,群益金鼎-高雄,2023-07-19,9183
8201,無敵,40,9,31,群益金鼎-高雄,2023-07-19,9183
5426,振發,30,0,30,群益金鼎-高雄,2023-07-19,9183
6168,宏齊,30,2,28,群益金鼎-高雄,2023-07-19,9183
00929,復華台灣科技優息,26,0,26,群益金鼎-高雄,2023-07-19,9183
2887,台新金,37,13,24,群益金鼎-高雄,2023-07-19,9183
9933,中鼎,25,1,24,群益金鼎-高雄,2023-07-19,9183
2303,聯電,24,1,23,群益金鼎-高雄,2023-07-19,9183
2329,華泰,68,46,22,群益金鼎-高雄,2023-07-19,9183
2867,三商壽,25,4,21,群益金鼎-高雄,2023-07-19,9183
6449,鈺邦,21,0,21,群益金鼎-高雄,2023-07-19,9183
8390,金益鼎,22,1,21,群益金鼎-高雄,2023-07-19,9183
3037,欣興,55,35,20,群益金鼎-高雄,2023-07-19,9183
2883,凱基金,20,0,20,群益金鼎-高雄,2023-07-19,9183
2324,仁寶,50,31,19,群益金鼎-高雄,2023-07-19,9183
2882,國泰金,19,1,18,群益金鼎-高雄,2023-07-19,9183
6282,康舒,38,19,19,群益金鼎-高雄,2023-07-19,9183
2317,鴻海,18,0,18,群益金鼎-高雄,2023-07-19,9183
6205,詮欣,17,0,17,群益金鼎-高雄,2023-07-19,9183
6527,明達醫,17,0,17,群益金鼎-高雄,2023-07-19,9183
2201,裕隆,17,1,16,群益金鼎-高雄,2023-07-19,9183
2376,技嘉,25,9,16,群益金鼎-高雄,2023-07-19,9183
2515,中工,16,0,16,群益金鼎-高雄,2023-07-19,9183
2344,華邦電,17,2,15,群益金鼎-高雄,2023-07-19,9183
1101,台泥,14,0,14,群益金鼎-高雄,2023-07-19,9183
2353,宏��,46,32,14,群益金鼎-高雄,2023-07-19,9183
3013,晟銘電,19,5,14,群益金鼎-高雄,2023-07-19,9183
3592,瑞鼎,14,0,14,群益金鼎-高雄,2023-07-19,9183
5009,榮剛,15,1,14,群益金鼎-高雄,2023-07-19,9183
8933,愛地雅,14,0,14,群益金鼎-高雄,2023-07-19,9183
3078,僑威,21,8,13,群益金鼎-高雄,2023-07-19,9183
2206,三陽工業,20,8,12,群益金鼎-高雄,2023-07-19,9183
2352,佳世達,20,8,12,群益金鼎-高雄,2023-07-19,9183
6830,汎銓,12,0,12,群益金鼎-高雄,2023-07-19,9183
8070,長華*,12,0,12,群益金鼎-高雄,2023-07-19,9183
00885,富邦越南,12,1,11,群益金鼎-高雄,2023-07-19,9183
1313,聯成,12,1,11,群益金鼎-高雄,2023-07-19,9183
2017,官田鋼,11,0,11,群益金鼎-高雄,2023-07-19,9183
4566,時碩工業,14,3,11,群益金鼎-高雄,2023-07-19,9183
8155,博智,13,2,11,群益金鼎-高雄,2023-07-19,9183
3481,群創,222,3,219,群益金鼎-高雄,2023-07-20,9183
3338,泰碩,96,6,90,群益金鼎-高雄,2023-07-20,9183
6449,鈺邦,74,0,74,群益金鼎-高雄,2023-07-20,9183
2313,華通,70,3,67,群益金鼎-高雄,2023-07-20,9183
3013,晟銘電,71,12,59,群益金鼎-高雄,2023-07-20,9183
5607,遠雄港,49,0,49,群益金鼎-高雄,2023-07-20,9183
2303,聯電,85,40,45,群益金鼎-高雄,2023-07-20,9183
3564,其陽,44,1,43,群益金鼎-高雄,2023-07-20,9183
2201,裕隆,39,2,37,群益金鼎-高雄,2023-07-20,9183
3483,力致,33,0,33,群益金鼎-高雄,2023-07-20,9183
1529,樂事綠能,32,3,29,群益金鼎-高雄,2023-07-20,9183
6695,芯鼎,29,0,29,群益金鼎-高雄,2023-07-20,9183
6217,中探針,40,11,29,群益金鼎-高雄,2023-07-20,9183
2883,凱基金,30,4,26,群益金鼎-高雄,2023-07-20,9183
3015,全漢,26,0,26,群益金鼎-高雄,2023-07-20,9183
2610,華航,65,42,23,群益金鼎-高雄,2023-07-20,9183
2634,漢翔,30,10,20,群益金鼎-高雄,2023-07-20,9183
8201,無敵,20,1,19,群益金鼎-高雄,2023-07-20,9183
1795,美時,29,13,16,群益金鼎-高雄,2023-07-20,9183
1609,大亞,27,12,15,群益金鼎-高雄,2023-07-20,9183
6227,茂綸,18,5,13,群益金鼎-高雄,2023-07-20,9183
8038,長園科,13,0,13,群益金鼎-高雄,2023-07-20,9183
2027,大成鋼,24,11,13,群益金鼎-高雄,2023-07-20,9183
6219,富旺,12,0,12,群益金鼎-高雄,2023-07-20,9183
2515,中工,12,0,12,群益金鼎-高雄,2023-07-20,9183
00929,復華台灣科技優息,14,3,11,群益金鼎-高雄,2023-07-20,9183
3037,欣興,26,15,11,群益金鼎-高雄,2023-07-20,9183
5533,皇鼎,10,0,10,群益金鼎-高雄,2023-07-20,9183
5608,四維航,10,0,10,群益金鼎-高雄,2023-07-20,9183
6222,上揚,10,0,10,群益金鼎-高雄,2023-07-20,9183
8150,南茂,11,1,10,群益金鼎-高雄,2023-07-20,9183
2356,英業達,17,7,10,群益金鼎-高雄,2023-07-20,9183
1102,亞泥,10,1,9,群益金鼎-高雄,2023-07-20,9183
1101,台泥,9,0,9,群益金鼎-高雄,2023-07-20,9183
2461,光群雷,16,7,9,群益金鼎-高雄,2023-07-20,9183
6282,康舒,56,47,9,群益金鼎-高雄,2023-07-20,9183
1513,中興電,8,0,8,群益金鼎-高雄,2023-07-20,9183
6438,迅得,10,2,8,群益金鼎-高雄,2023-07-20,9183
2104,國際中橡,7,0,7,群益金鼎-高雄,2023-07-20,9183
6505,台塑化,7,0,7,群益金鼎-高雄,2023-07-20,9183
00679B,元大美債20年,6,0,6,群益金鼎-高雄,2023-07-20,9183
2344,華邦電,6,0,6,群益金鼎-高雄,2023-07-20,9183
3038,全台,7,1,6,群益金鼎-高雄,2023-07-20,9183
4977,眾達-KY,8,2,6,群益金鼎-高雄,2023-07-20,9183
5601,台聯櫃,6,0,6,群益金鼎-高雄,2023-07-20,9183
6235,華孚,12,6,6,群益金鼎-高雄,2023-07-20,9183
6517,保勝光學,6,0,6,群益金鼎-高雄,2023-07-20,9183
2324,仁寶,21,15,6,群益金鼎-高雄,2023-07-20,9183
0056,元大高股息,15,9,6,群益金鼎-高雄,2023-07-20,9183
3406,玉晶光,6,1,5,群益金鼎-高雄,2023-07-20,9183
2002,中鋼,168,9,159,群益金鼎-高雄,2023-07-21,9183
6449,鈺邦,69,0,69,群益金鼎-高雄,2023-07-21,9183
3663,鑫科,60,1,59,群益金鼎-高雄,2023-07-21,9183
6194,育富,86,39,47,群益金鼎-高雄,2023-07-21,9183
6205,詮欣,44,0,44,群益金鼎-高雄,2023-07-21,9183
3374,精材,41,1,40,群益金鼎-高雄,2023-07-21,9183
00753L,中信中國50正2,53,15,38,群益金鼎-高雄,2023-07-21,9183
2324,仁寶,36,1,35,群益金鼎-高雄,2023-07-21,9183
8039,台虹,32,0,32,群益金鼎-高雄,2023-07-21,9183
6278,台表科,32,1,31,群益金鼎-高雄,2023-07-21,9183
2107,厚生,30,0,30,群益金鼎-高雄,2023-07-21,9183
4119,旭富,25,0,25,群益金鼎-高雄,2023-07-21,9183
2618,長榮航,32,8,24,群益金鼎-高雄,2023-07-21,9183
2609,陽明,45,21,24,群益金鼎-高雄,2023-07-21,9183
2027,大成鋼,41,17,24,群益金鼎-高雄,2023-07-21,9183
3338,泰碩,43,20,23,群益金鼎-高雄,2023-07-21,9183
2634,漢翔,23,2,21,群益金鼎-高雄,2023-07-21,9183
00632R,元大台灣50反1,20,0,20,群益金鼎-高雄,2023-07-21,9183
5426,振發,25,5,20,群益金鼎-高雄,2023-07-21,9183
6719,力智,21,1,20,群益金鼎-高雄,2023-07-21,9183
8048,德勝,21,1,20,群益金鼎-高雄,2023-07-21,9183
6282,康舒,22,2,20,群益金鼎-高雄,2023-07-21,9183
00680L,元大美債20正2,18,0,18,群益金鼎-高雄,2023-07-21,9183
1904,正隆,18,0,18,群益金鼎-高雄,2023-07-21,9183
2409,友達,21,3,18,群益金鼎-高雄,2023-07-21,9183
2303,聯電,42,25,17,群益金鼎-高雄,2023-07-21,9183
5439,高技,17,0,17,群益金鼎-高雄,2023-07-21,9183
6548,長科*,17,0,17,群益金鼎-高雄,2023-07-21,9183
8390,金益鼎,20,3,17,群益金鼎-高雄,2023-07-21,9183
1522,堤維西,16,0,16,群益金鼎-高雄,2023-07-21,9183
2353,宏��,32,16,16,群益金鼎-高雄,2023-07-21,9183
1514,亞力,27,12,15,群益金鼎-高雄,2023-07-21,9183
2014,中鴻,15,0,15,群益金鼎-高雄,2023-07-21,9183
4563,百德,15,0,15,群益金鼎-高雄,2023-07-21,9183
6792,詠業,20,5,15,群益金鼎-高雄,2023-07-21,9183
2615,萬海,14,0,14,群益金鼎-高雄,2023-07-21,9183
6841,長佳智能,14,1,13,群益金鼎-高雄,2023-07-21,9183
3564,其陽,48,35,13,群益金鼎-高雄,2023-07-21,9183
6187,萬潤,38,25,13,群益金鼎-高雄,2023-07-21,9183
1102,亞泥,12,0,12,群益金鼎-高雄,2023-07-21,9183
2344,華邦電,16,4,12,群益金鼎-高雄,2023-07-21,9183
1905,華紙,15,3,12,群益金鼎-高雄,2023-07-21,9183
2405,輔信,12,0,12,群益金鼎-高雄,2023-07-21,9183
3518,柏騰,11,0,11,群益金鼎-高雄,2023-07-21,9183
2313,華通,16,5,11,群益金鼎-高雄,2023-07-21,9183
2356,英業達,23,12,11,群益金鼎-高雄,2023-07-21,9183
00929,復華台灣科技優息,11,0,11,群益金鼎-高雄,2023-07-21,9183
3006,晶豪科,10,0,10,群益金鼎-高雄,2023-07-21,9183
1711,永光,10,0,10,群益金鼎-高雄,2023-07-21,9183
2385,群光,10,0,10,群益金鼎-高雄,2023-07-21,9183
3481,群創,424,1,423,群益金鼎-高雄,2023-07-24,9183
6125,廣運,118,34,84,群益金鼎-高雄,2023-07-24,9183
00757,統一FANG+,61,0,61,群益金鼎-高雄,2023-07-24,9183
1102,亞泥,55,6,49,群益金鼎-高雄,2023-07-24,9183
2515,中工,42,0,42,群益金鼎-高雄,2023-07-24,9183
2353,宏��,212,171,41,群益金鼎-高雄,2023-07-24,9183
3015,全漢,35,0,35,群益金鼎-高雄,2023-07-24,9183
3483,力致,36,2,34,群益金鼎-高雄,2023-07-24,9183
2890,永豐金,33,0,33,群益金鼎-高雄,2023-07-24,9183
2371,大同,38,6,32,群益金鼎-高雄,2023-07-24,9183
2340,台亞,37,6,31,群益金鼎-高雄,2023-07-24,9183
2891,中信金,34,4,30,群益金鼎-高雄,2023-07-24,9183
9927,泰銘,30,0,30,群益金鼎-高雄,2023-07-24,9183
5607,遠雄港,28,0,28,群益金鼎-高雄,2023-07-24,9183
2609,陽明,30,3,27,群益金鼎-高雄,2023-07-24,9183
4916,事欣科,26,0,26,群益金鼎-高雄,2023-07-24,9183
8409,商之器,26,0,26,群益金鼎-高雄,2023-07-24,9183
00929,復華台灣科技優息,25,0,25,群益金鼎-高雄,2023-07-24,9183
6116,彩晶,25,0,25,群益金鼎-高雄,2023-07-24,9183
6792,詠業,25,0,25,群益金鼎-高雄,2023-07-24,9183
2449,京元電子,65,41,24,群益金鼎-高雄,2023-07-24,9183
00882,中信中國高股息,22,0,22,群益金鼎-高雄,2023-07-24,9183
2323,中環,29,8,21,群益金鼎-高雄,2023-07-24,9183
00650L,復華香港正2,21,0,21,群益金鼎-高雄,2023-07-24,9183
2409,友達,21,0,21,群益金鼎-高雄,2023-07-24,9183
2605,新興,19,0,19,群益金鼎-高雄,2023-07-24,9183
5452,佶優,127,108,19,群益金鼎-高雄,2023-07-24,9183
6150,撼訊,20,1,19,群益金鼎-高雄,2023-07-24,9183
5905,南仁湖,18,0,18,群益金鼎-高雄,2023-07-24,9183
2603,長榮,25,7,18,群益金鼎-高雄,2023-07-24,9183
4533,協易機,20,4,16,群益金鼎-高雄,2023-07-24,9183
2618,長榮航,28,13,15,群益金鼎-高雄,2023-07-24,9183
2461,光群雷,39,24,15,群益金鼎-高雄,2023-07-24,9183
6142,友勁,14,0,14,群益金鼎-高雄,2023-07-24,9183
1101,台泥,14,1,13,群益金鼎-高雄,2023-07-24,9183
3032,偉訓,16,3,13,群益金鼎-高雄,2023-07-24,9183
2324,仁寶,20,7,13,群益金鼎-高雄,2023-07-24,9183
2615,萬海,13,0,13,群益金鼎-高雄,2023-07-24,9183
00673R,期元大S＆P原油反1,11,0,11,群益金鼎-高雄,2023-07-24,9183
2886,兆豐金,15,4,11,群益金鼎-高雄,2023-07-24,9183
2913,農林,12,1,11,群益金鼎-高雄,2023-07-24,9183
3518,柏騰,10,0,10,群益金鼎-高雄,2023-07-24,9183
2427,三商電,13,3,10,群益金鼎-高雄,2023-07-24,9183
3450,聯鈞,11,1,10,群益金鼎-高雄,2023-07-24,9183
3607,谷崧,20,10,10,群益金鼎-高雄,2023-07-24,9183
4532,瑞智,10,0,10,群益金鼎-高雄,2023-07-24,9183
6168,宏齊,10,0,10,群益金鼎-高雄,2023-07-24,9183
6449,鈺邦,10,0,10,群益金鼎-高雄,2023-07-24,9183
8150,南茂,10,0,10,群益金鼎-高雄,2023-07-24,9183
2303,聯電,28,19,9,群益金鼎-高雄,2023-07-24,9183
4720,德淵,90,0,90,群益金鼎-高雄,2023-07-25,9183
3663,鑫科,57,7,50,群益金鼎-高雄,2023-07-25,9183
3049,精金,48,0,48,群益金鼎-高雄,2023-07-25,9183
6126,信音,62,16,46,群益金鼎-高雄,2023-07-25,9183
3706,神達,46,11,35,群益金鼎-高雄,2023-07-25,9183
9136,巨騰-DR,35,0,35,群益金鼎-高雄,2023-07-25,9183
6188,廣明,40,8,32,群益金鼎-高雄,2023-07-25,9183
8299,群聯,30,0,30,群益金鼎-高雄,2023-07-25,9183
2340,台亞,56,27,29,群益金鼎-高雄,2023-07-25,9183
1529,樂事綠能,30,2,28,群益金鼎-高雄,2023-07-25,9183
1795,美時,32,6,26,群益金鼎-高雄,2023-07-25,9183
3013,晟銘電,57,32,25,群益金鼎-高雄,2023-07-25,9183
5439,高技,25,2,23,群益金鼎-高雄,2023-07-25,9183
3231,緯創,32,11,21,群益金鼎-高雄,2023-07-25,9183
1905,華紙,38,18,20,群益金鼎-高雄,2023-07-25,9183
2610,華航,27,7,20,群益金鼎-高雄,2023-07-25,9183
5452,佶優,44,24,20,群益金鼎-高雄,2023-07-25,9183
00885,富邦越南,21,2,19,群益金鼎-高雄,2023-07-25,9183
3078,僑威,20,3,17,群益金鼎-高雄,2023-07-25,9183
00878,國泰永續高股息,61,44,17,群益金鼎-高雄,2023-07-25,9183
2887,台新金,16,0,16,群益金鼎-高雄,2023-07-25,9183
1219,福壽,15,0,15,群益金鼎-高雄,2023-07-25,9183
3024,憶聲,15,0,15,群益金鼎-高雄,2023-07-25,9183
6116,彩晶,15,2,13,群益金鼎-高雄,2023-07-25,9183
6218,豪勉,13,0,13,群益金鼎-高雄,2023-07-25,9183
3221,台嘉碩,12,0,12,群益金鼎-高雄,2023-07-25,9183
4919,新唐,11,0,11,群益金鼎-高雄,2023-07-25,9183
8048,德勝,15,4,11,群益金鼎-高雄,2023-07-25,9183
2301,光寶科,27,17,10,群益金鼎-高雄,2023-07-25,9183
1612,宏泰,13,3,10,群益金鼎-高雄,2023-07-25,9183
2891,中信金,18,8,10,群益金鼎-高雄,2023-07-25,9183
3490,單井,10,0,10,群益金鼎-高雄,2023-07-25,9183
6285,啟��,12,2,10,群益金鼎-高雄,2023-07-25,9183
5392,能率,18,9,9,群益金鼎-高雄,2023-07-25,9183
3689,湧德,20,11,9,群益金鼎-高雄,2023-07-25,9183
4989,榮科,19,10,9,群益金鼎-高雄,2023-07-25,9183
6438,迅得,10,1,9,群益金鼎-高雄,2023-07-25,9183
6191,精成科,12,3,9,群益金鼎-高雄,2023-07-25,9183
6282,康舒,30,22,8,群益金鼎-高雄,2023-07-25,9183
1609,大亞,14,6,8,群益金鼎-高雄,2023-07-25,9183
1301,台塑,7,0,7,群益金鼎-高雄,2023-07-25,9183
3265,台星科,10,3,7,群益金鼎-高雄,2023-07-25,9183
5210,寶碩,7,0,7,群益金鼎-高雄,2023-07-25,9183
6449,鈺邦,22,15,7,群益金鼎-高雄,2023-07-25,9183
3105,穩懋,8,1,7,群益金鼎-高雄,2023-07-25,9183
00929,復華台灣科技優息,6,0,6,群益金鼎-高雄,2023-07-25,9183
2458,義隆,7,1,6,群益金鼎-高雄,2023-07-25,9183
2637,慧洋-KY,6,0,6,群益金鼎-高雄,2023-07-25,9183
3227,原相,12,6,6,群益金鼎-高雄,2023-07-25,9183
4726,永昕,7,1,6,群益金鼎-高雄,2023-07-25,9183
00929,復華台灣科技優息,144,0,144,群益金鼎-高雄,2023-07-26,9183
2002,中鋼,148,4,144,群益金鼎-高雄,2023-07-26,9183
6449,鈺邦,127,0,127,群益金鼎-高雄,2023-07-26,9183
2883B,凱基金乙特,101,0,101,群益金鼎-高雄,2023-07-26,9183
1718,中纖,55,0,55,群益金鼎-高雄,2023-07-26,9183
1504,東元,112,59,53,群益金鼎-高雄,2023-07-26,9183
2344,華邦電,46,0,46,群益金鼎-高雄,2023-07-26,9183
00927,群益半導體收益,40,0,40,群益金鼎-高雄,2023-07-26,9183
1714,和桐,40,0,40,群益金鼎-高雄,2023-07-26,9183
3663,鑫科,40,2,38,群益金鼎-高雄,2023-07-26,9183
2012,春雨,35,0,35,群益金鼎-高雄,2023-07-26,9183
5351,鈺創,37,2,35,群益金鼎-高雄,2023-07-26,9183
2303,聯電,53,24,29,群益金鼎-高雄,2023-07-26,9183
00633L,富邦上証正2,27,0,27,群益金鼎-高雄,2023-07-26,9183
3363,上詮,27,10,17,群益金鼎-高雄,2023-07-26,9183
2515,中工,16,0,16,群益金鼎-高雄,2023-07-26,9183
6532,瑞耘,15,0,15,群益金鼎-高雄,2023-07-26,9183
8213,志超,15,0,15,群益金鼎-高雄,2023-07-26,9183
2371,大同,27,12,15,群益金鼎-高雄,2023-07-26,9183
6719,力智,13,0,13,群益金鼎-高雄,2023-07-26,9183
1609,大亞,16,4,12,群益金鼎-高雄,2023-07-26,9183
2337,旺宏,14,2,12,群益金鼎-高雄,2023-07-26,9183
4938,和碩,14,2,12,群益金鼎-高雄,2023-07-26,9183
8358,金居,59,47,12,群益金鼎-高雄,2023-07-26,9183
2356,英業達,18,6,12,群益金鼎-高雄,2023-07-26,9183
2405,輔信,15,4,11,群益金鼎-高雄,2023-07-26,9183
6214,精誠,16,5,11,群益金鼎-高雄,2023-07-26,9183
6112,邁達特,27,17,10,群益金鼎-高雄,2023-07-26,9183
00679B,元大美債20年,10,0,10,群益金鼎-高雄,2023-07-26,9183
6244,茂迪,10,0,10,群益金鼎-高雄,2023-07-26,9183
00882,中信中國高股息,10,0,10,群益金鼎-高雄,2023-07-26,9183
2468,華經,10,0,10,群益金鼎-高雄,2023-07-26,9183
2520,冠德,10,0,10,群益金鼎-高雄,2023-07-26,9183
4168,醣聯,10,0,10,群益金鼎-高雄,2023-07-26,9183
8112A,至上甲特,10,0,10,群益金鼎-高雄,2023-07-26,9183
9136,巨騰-DR,10,0,10,群益金鼎-高雄,2023-07-26,9183
6274,台燿,40,30,10,群益金鼎-高雄,2023-07-26,9183
5410,國眾,15,5,10,群益金鼎-高雄,2023-07-26,9183
5483,中美晶,11,1,10,群益金鼎-高雄,2023-07-26,9183
00885,富邦越南,9,0,9,群益金鼎-高雄,2023-07-26,9183
1907,永豐餘,14,5,9,群益金鼎-高雄,2023-07-26,9183
2472,立隆電,10,1,9,群益金鼎-高雄,2023-07-26,9183
00900,富邦特選高股息30,8,0,8,群益金鼎-高雄,2023-07-26,9183
00919,群益台灣精選高息,8,0,8,群益金鼎-高雄,2023-07-26,9183
6443,元晶,8,0,8,群益金鼎-高雄,2023-07-26,9183
2313,華通,11,3,8,群益金鼎-高雄,2023-07-26,9183
3059,華晶科,19,11,8,群益金鼎-高雄,2023-07-26,9183
8027,鈦昇,10,2,8,群益金鼎-高雄,2023-07-26,9183
8086,宏捷科,8,0,8,群益金鼎-高雄,2023-07-26,9183
2421,建準,15,7,8,群益金鼎-高雄,2023-07-26,9183
6015,宏遠證,346,44,302,群益金鼎-高雄,2023-07-27,9183
2883,凱基金,313,14,299,群益金鼎-高雄,2023-07-27,9183
2618,長榮航,215,34,181,群益金鼎-高雄,2023-07-27,9183
2888,新光金,233,116,117,群益金鼎-高雄,2023-07-27,9183
3374,精材,97,0,97,群益金鼎-高雄,2023-07-27,9183
2409,友達,148,79,69,群益金鼎-高雄,2023-07-27,9183
2836,高雄銀,50,0,50,群益金鼎-高雄,2023-07-27,9183
3325,旭品,37,1,36,群益金鼎-高雄,2023-07-27,9183
3032,偉訓,27,1,26,群益金鼎-高雄,2023-07-27,9183
2002,中鋼,27,3,24,群益金鼎-高雄,2023-07-27,9183
6449,鈺邦,23,0,23,群益金鼎-高雄,2023-07-27,9183
3518,柏騰,20,0,20,群益金鼎-高雄,2023-07-27,9183
2645,長榮航太,20,2,18,群益金鼎-高雄,2023-07-27,9183
00878,國泰永續高股息,22,5,17,群益金鼎-高雄,2023-07-27,9183
1313,聯成,16,0,16,群益金鼎-高雄,2023-07-27,9183
2609,陽明,22,6,16,群益金鼎-高雄,2023-07-27,9183
6877,鏵友益,16,0,16,群益金鼎-高雄,2023-07-27,9183
2887,台新金,15,0,15,群益金鼎-高雄,2023-07-27,9183
8358,金居,43,28,15,群益金鼎-高雄,2023-07-27,9183
2603,長榮,31,16,15,群益金鼎-高雄,2023-07-27,9183
8201,無敵,16,2,14,群益金鼎-高雄,2023-07-27,9183
3037,欣興,28,14,14,群益金鼎-高雄,2023-07-27,9183
6770,力積電,13,0,13,群益金鼎-高雄,2023-07-27,9183
6213,聯茂,20,7,13,群益金鼎-高雄,2023-07-27,9183
2913,農林,21,9,12,群益金鼎-高雄,2023-07-27,9183
2891,中信金,18,6,12,群益金鼎-高雄,2023-07-27,9183
8112,至上,13,1,12,群益金鼎-高雄,2023-07-27,9183
6112,邁達特,14,3,11,群益金鼎-高雄,2023-07-27,9183
1612,宏泰,13,2,11,群益金鼎-高雄,2023-07-27,9183
2316,楠梓電,20,9,11,群益金鼎-高雄,2023-07-27,9183
3617,碩天,11,0,11,群益金鼎-高雄,2023-07-27,9183
3663,鑫科,35,24,11,群益金鼎-高雄,2023-07-27,9183
8234,新漢,15,4,11,群益金鼎-高雄,2023-07-27,9183
6187,萬潤,26,16,10,群益金鼎-高雄,2023-07-27,9183
1217,愛之味,21,11,10,群益金鼎-高雄,2023-07-27,9183
00719B,元大美債1-3,10,0,10,群益金鼎-高雄,2023-07-27,9183
2302,麗正,10,0,10,群益金鼎-高雄,2023-07-27,9183
2630,亞航,10,0,10,群益金鼎-高雄,2023-07-27,9183
4414,如興,10,0,10,群益金鼎-高雄,2023-07-27,9183
6190,萬泰科,11,1,10,群益金鼎-高雄,2023-07-27,9183
2427,三商電,10,0,10,群益金鼎-高雄,2023-07-27,9183
2027,大成鋼,15,5,10,群益金鼎-高雄,2023-07-27,9183
2801,彰銀,9,0,9,群益金鼎-高雄,2023-07-27,9183
4960,誠美材,10,1,9,群益金鼎-高雄,2023-07-27,9183
2317,鴻海,10,2,8,群益金鼎-高雄,2023-07-27,9183
1522,堤維西,10,2,8,群益金鼎-高雄,2023-07-27,9183
00680L,元大美債20正2,8,0,8,群益金鼎-高雄,2023-07-27,9183
1815,富喬,25,17,8,群益金鼎-高雄,2023-07-27,9183
2890,永豐金,10,2,8,群益金鼎-高雄,2023-07-27,9183
8093,保銳,8,0,8,群益金鼎-高雄,2023-07-27,9183
3049,精金,277,1,276,群益金鼎-高雄,2023-07-28,9183
6190,萬泰科,208,27,181,群益金鼎-高雄,2023-07-28,9183
2888,新光金,146,4,142,群益金鼎-高雄,2023-07-28,9183
6695,芯鼎,57,0,57,群益金鼎-高雄,2023-07-28,9183
1609,大亞,55,9,46,群益金鼎-高雄,2023-07-28,9183
2002,中鋼,44,2,42,群益金鼎-高雄,2023-07-28,9183
2329,華泰,102,70,32,群益金鼎-高雄,2023-07-28,9183
2891,中信金,37,7,30,群益金鼎-高雄,2023-07-28,9183
1904,正隆,39,9,30,群益金鼎-高雄,2023-07-28,9183
00632R,元大台灣50反1,25,0,25,群益金鼎-高雄,2023-07-28,9183
1905,華紙,154,129,25,群益金鼎-高雄,2023-07-28,9183
2014,中鴻,32,7,25,群益金鼎-高雄,2023-07-28,9183
8201,無敵,25,1,24,群益金鼎-高雄,2023-07-28,9183
2881,富邦金,21,0,21,群益金鼎-高雄,2023-07-28,9183
1802,台玻,24,4,20,群益金鼎-高雄,2023-07-28,9183
00687B,國泰20年美債,19,0,19,群益金鼎-高雄,2023-07-28,9183
00680L,元大美債20正2,19,0,19,群益金鼎-高雄,2023-07-28,9183
6285,啟��,24,5,19,群益金鼎-高雄,2023-07-28,9183
2419,仲琦,26,8,18,群益金鼎-高雄,2023-07-28,9183
00679B,元大美債20年,16,0,16,群益金鼎-高雄,2023-07-28,9183
2369,菱生,42,26,16,群益金鼎-高雄,2023-07-28,9183
3231,緯創,67,52,15,群益金鼎-高雄,2023-07-28,9183
5009,榮剛,17,2,15,群益金鼎-高雄,2023-07-28,9183
3346,麗清,13,1,12,群益金鼎-高雄,2023-07-28,9183
2027,大成鋼,22,11,11,群益金鼎-高雄,2023-07-28,9183
2376,技嘉,26,15,11,群益金鼎-高雄,2023-07-28,9183
2356,英業達,33,22,11,群益金鼎-高雄,2023-07-28,9183
2605,新興,11,0,11,群益金鼎-高雄,2023-07-28,9183
2890,永豐金,31,20,11,群益金鼎-高雄,2023-07-28,9183
3673,TPK-KY,11,0,11,群益金鼎-高雄,2023-07-28,9183
4916,事欣科,11,0,11,群益金鼎-高雄,2023-07-28,9183
1217,愛之味,10,0,10,群益金鼎-高雄,2023-07-28,9183
2349,錸德,10,0,10,群益金鼎-高雄,2023-07-28,9183
3032,偉訓,10,0,10,群益金鼎-高雄,2023-07-28,9183
3056,富華新,17,7,10,群益金鼎-高雄,2023-07-28,9183
3209,全科,10,0,10,群益金鼎-高雄,2023-07-28,9183
4960,誠美材,10,0,10,群益金鼎-高雄,2023-07-28,9183
5426,振發,22,12,10,群益金鼎-高雄,2023-07-28,9183
6218,豪勉,10,0,10,群益金鼎-高雄,2023-07-28,9183
8215,明基材,10,0,10,群益金鼎-高雄,2023-07-28,9183
3689,湧德,12,2,10,群益金鼎-高雄,2023-07-28,9183
00720B,元大投資級公司債,9,0,9,群益金鼎-高雄,2023-07-28,9183
2883,凱基金,14,5,9,群益金鼎-高雄,2023-07-28,9183
5452,佶優,11,2,9,群益金鼎-高雄,2023-07-28,9183
6579,研揚,15,6,9,群益金鼎-高雄,2023-07-28,9183
00650L,復華香港正2,39,31,8,群益金鼎-高雄,2023-07-28,9183
2834,臺企銀,8,0,8,群益金鼎-高雄,2023-07-28,9183
6535,順藥,11,4,7,群益金鼎-高雄,2023-07-28,9183
00673R,期元大S＆P原油反1,7,0,7,群益金鼎-高雄,2023-07-28,9183
2515,中工,10,3,7,群益金鼎-高雄,2023-07-28,9183
2888,新光金,232,24,208,群益金鼎-高雄,2023-07-31,9183
00753L,中信中國50正2,153,4,149,群益金鼎-高雄,2023-07-31,9183
00930,永豐ESG低碳高息,100,4,96,群益金鼎-高雄,2023-07-31,9183
8213,志超,93,1,92,群益金鼎-高雄,2023-07-31,9183
00637L,元大滬深300正2,89,2,87,群益金鼎-高雄,2023-07-31,9183
2329,華泰,108,30,78,群益金鼎-高雄,2023-07-31,9183
6411,晶焱,72,3,69,群益金鼎-高雄,2023-07-31,9183
00633L,富邦上証正2,57,1,56,群益金鼎-高雄,2023-07-31,9183
2603,長榮,52,7,45,群益金鼎-高雄,2023-07-31,9183
2002,中鋼,44,0,44,群益金鼎-高雄,2023-07-31,9183
3563,牧德,44,0,44,群益金鼎-高雄,2023-07-31,9183
2891,中信金,46,4,42,群益金鼎-高雄,2023-07-31,9183
2609,陽明,46,5,41,群益金鼎-高雄,2023-07-31,9183
00706L,期元大S＆P日圓正2,40,0,40,群益金鼎-高雄,2023-07-31,9183
2382,廣達,75,39,36,群益金鼎-高雄,2023-07-31,9183
2303,聯電,51,16,35,群益金鼎-高雄,2023-07-31,9183
2618,長榮航,41,9,32,群益金鼎-高雄,2023-07-31,9183
6661,威健生技,31,0,31,群益金鼎-高雄,2023-07-31,9183
2014,中鴻,36,5,31,群益金鼎-高雄,2023-07-31,9183
2610,華航,33,2,31,群益金鼎-高雄,2023-07-31,9183
4960,誠美材,40,11,29,群益金鼎-高雄,2023-07-31,9183
3711,日月光投控,29,1,28,群益金鼎-高雄,2023-07-31,9183
2882,國泰金,46,21,25,群益金鼎-高雄,2023-07-31,9183
5426,振發,25,0,25,群益金鼎-高雄,2023-07-31,9183
3264,欣銓,32,8,24,群益金鼎-高雄,2023-07-31,9183
3231,緯創,57,34,23,群益金鼎-高雄,2023-07-31,9183
2356,英業達,38,15,23,群益金鼎-高雄,2023-07-31,9183
00919,群益台灣精選高息,25,2,23,群益金鼎-高雄,2023-07-31,9183
2615,萬海,23,1,22,群益金鼎-高雄,2023-07-31,9183
6532,瑞耘,34,12,22,群益金鼎-高雄,2023-07-31,9183
3363,上詮,25,5,20,群益金鼎-高雄,2023-07-31,9183
5498,凱崴,30,10,20,群益金鼎-高雄,2023-07-31,9183
00885,富邦越南,20,1,19,群益金鼎-高雄,2023-07-31,9183
8028,昇陽半導體,20,1,19,群益金鼎-高雄,2023-07-31,9183
3450,聯鈞,22,4,18,群益金鼎-高雄,2023-07-31,9183
2239,英利-KY,17,0,17,群益金鼎-高雄,2023-07-31,9183
3706,神達,27,11,16,群益金鼎-高雄,2023-07-31,9183
00673R,期元大S＆P原油反1,16,0,16,群益金鼎-高雄,2023-07-31,9183
1708,東鹼,16,0,16,群益金鼎-高雄,2023-07-31,9183
2409,友達,65,49,16,群益金鼎-高雄,2023-07-31,9183
4938,和碩,20,4,16,群益金鼎-高雄,2023-07-31,9183
2352,佳世達,15,0,15,群益金鼎-高雄,2023-07-31,9183
6217,中探針,19,4,15,群益金鼎-高雄,2023-07-31,9183
6269,台郡,18,4,14,群益金鼎-高雄,2023-07-31,9183
4919,新唐,22,9,13,群益金鼎-高雄,2023-07-31,9183
2328,廣宇,13,1,12,群益金鼎-高雄,2023-07-31,9183
4533,協易機,14,2,12,群益金鼎-高雄,2023-07-31,9183
8021,尖點,12,0,12,群益金鼎-高雄,2023-07-31,9183
8039,台虹,12,0,12,群益金鼎-高雄,2023-07-31,9183
00881,國泰台灣5G+,12,1,11,群益金鼎-高雄,2023-07-31,9183
00929,復華台灣科技優息,99,0,99,群益金鼎-高雄,2023-08-01,9183
6789,采鈺,60,0,60,群益金鼎-高雄,2023-08-01,9183
8068,全達,61,1,60,群益金鼎-高雄,2023-08-01,9183
2312,金寶,55,1,54,群益金鼎-高雄,2023-08-01,9183
6187,萬潤,57,4,53,群益金鼎-高雄,2023-08-01,9183
2618,長榮航,103,51,52,群益金鼎-高雄,2023-08-01,9183
5426,振發,38,0,38,群益金鼎-高雄,2023-08-01,9183
3032,偉訓,36,3,33,群益金鼎-高雄,2023-08-01,9183
00892,富邦台灣半導體,32,0,32,群益金鼎-高雄,2023-08-01,9183
3047,訊舟,32,0,32,群益金鼎-高雄,2023-08-01,9183
8213,志超,32,0,32,群益金鼎-高雄,2023-08-01,9183
2891,中信金,28,4,24,群益金鼎-高雄,2023-08-01,9183
2409,友達,53,29,24,群益金鼎-高雄,2023-08-01,9183
4747,強生,21,0,21,群益金鼎-高雄,2023-08-01,9183
00637L,元大滬深300正2,21,1,20,群益金鼎-高雄,2023-08-01,9183
3563,牧德,19,0,19,群益金鼎-高雄,2023-08-01,9183
8027,鈦昇,38,19,19,群益金鼎-高雄,2023-08-01,9183
6282,康舒,81,63,18,群益金鼎-高雄,2023-08-01,9183
1809,中釉,20,4,16,群益金鼎-高雄,2023-08-01,9183
6615,慧智,16,0,16,群益金鼎-高雄,2023-08-01,9183
00900,富邦特選高股息30,18,3,15,群益金鼎-高雄,2023-08-01,9183
4161,聿新科,15,0,15,群益金鼎-高雄,2023-08-01,9183
3131,弘塑,14,0,14,群益金鼎-高雄,2023-08-01,9183
3711,日月光投控,14,0,14,群益金鼎-高雄,2023-08-01,9183
0056,元大高股息,38,26,12,群益金鼎-高雄,2023-08-01,9183
2323,中環,17,5,12,群益金鼎-高雄,2023-08-01,9183
2344,華邦電,18,6,12,群益金鼎-高雄,2023-08-01,9183
8092,建暐,12,0,12,群益金鼎-高雄,2023-08-01,9183
2376,技嘉,14,3,11,群益金鼎-高雄,2023-08-01,9183
2405,輔信,11,0,11,群益金鼎-高雄,2023-08-01,9183
3491,昇達科,12,2,10,群益金鼎-高雄,2023-08-01,9183
00706L,期元大S＆P日圓正2,10,0,10,群益金鼎-高雄,2023-08-01,9183
1532,勤美,10,0,10,群益金鼎-高雄,2023-08-01,9183
1905,華紙,16,6,10,群益金鼎-高雄,2023-08-01,9183
3013,晟銘電,14,4,10,群益金鼎-高雄,2023-08-01,9183
4523,永彰,10,0,10,群益金鼎-高雄,2023-08-01,9183
4989,榮科,10,0,10,群益金鼎-高雄,2023-08-01,9183
6285,啟��,68,58,10,群益金鼎-高雄,2023-08-01,9183
3015,全漢,9,0,9,群益金鼎-高雄,2023-08-01,9183
5452,佶優,10,1,9,群益金鼎-高雄,2023-08-01,9183
6189,豐藝,12,3,9,群益金鼎-高雄,2023-08-01,9183
00882,中信中國高股息,9,0,9,群益金鼎-高雄,2023-08-01,9183
3105,穩懋,9,1,8,群益金鼎-高雄,2023-08-01,9183
2356,英業達,16,8,8,群益金鼎-高雄,2023-08-01,9183
3346,麗清,22,14,8,群益金鼎-高雄,2023-08-01,9183
4979,華星光,20,12,8,群益金鼎-高雄,2023-08-01,9183
5439,高技,9,1,8,群益金鼎-高雄,2023-08-01,9183
6190,萬泰科,13,5,8,群益金鼎-高雄,2023-08-01,9183
1783,和康生,7,0,7,群益金鼎-高雄,2023-08-01,9183
1904,正隆,14,7,7,群益金鼎-高雄,2023-08-01,9183
00900,富邦特選高股息30,189,0,189,群益金鼎-高雄,2023-08-02,9183
00878,國泰永續高股息,230,53,177,群益金鼎-高雄,2023-08-02,9183
00632R,元大台灣50反1,200,30,170,群益金鼎-高雄,2023-08-02,9183
00753L,中信中國50正2,254,100,154,群益金鼎-高雄,2023-08-02,9183
1708,東鹼,120,0,120,群益金鼎-高雄,2023-08-02,9183
00706L,期元大S＆P日圓正2,100,0,100,群益金鼎-高雄,2023-08-02,9183
2474,可成,100,0,100,群益金鼎-高雄,2023-08-02,9183
1605,華新,212,118,94,群益金鼎-高雄,2023-08-02,9183
8068,全達,92,1,91,群益金鼎-高雄,2023-08-02,9183
3563,牧德,82,0,82,群益金鼎-高雄,2023-08-02,9183
00923,群益台ESG低碳50,77,0,77,群益金鼎-高雄,2023-08-02,9183
6194,育富,69,0,69,群益金鼎-高雄,2023-08-02,9183
00633L,富邦上証正2,63,0,63,群益金鼎-高雄,2023-08-02,9183
2344,華邦電,64,14,50,群益金鼎-高雄,2023-08-02,9183
4916,事欣科,56,10,46,群益金鼎-高雄,2023-08-02,9183
00664R,國泰臺灣加權反1,41,0,41,群益金鼎-高雄,2023-08-02,9183
2618,長榮航,52,11,41,群益金鼎-高雄,2023-08-02,9183
2891,中信金,45,4,41,群益金鼎-高雄,2023-08-02,9183
00929,復華台灣科技優息,39,0,39,群益金鼎-高雄,2023-08-02,9183
3592,瑞鼎,39,0,39,群益金鼎-高雄,2023-08-02,9183
2881,富邦金,37,1,36,群益金鼎-高雄,2023-08-02,9183
00665L,富邦�琤肭磪囓�2,51,15,36,群益金鼎-高雄,2023-08-02,9183
8112,至上,38,2,36,群益金鼎-高雄,2023-08-02,9183
8213,志超,37,4,33,群益金鼎-高雄,2023-08-02,9183
3711,日月光投控,33,2,31,群益金鼎-高雄,2023-08-02,9183
8064,東捷,30,0,30,群益金鼎-高雄,2023-08-02,9183
2882,國泰金,40,11,29,群益金鼎-高雄,2023-08-02,9183
3706,神達,39,11,28,群益金鼎-高雄,2023-08-02,9183
3481,群創,41,13,28,群益金鼎-高雄,2023-08-02,9183
2889,國票金,25,0,25,群益金鼎-高雄,2023-08-02,9183
2002,中鋼,34,10,24,群益金鼎-高雄,2023-08-02,9183
8358,金居,31,7,24,群益金鼎-高雄,2023-08-02,9183
2886,兆豐金,28,5,23,群益金鼎-高雄,2023-08-02,9183
2888,新光金,24,2,22,群益金鼎-高雄,2023-08-02,9183
2363,矽統,34,15,19,群益金鼎-高雄,2023-08-02,9183
2382,廣達,57,38,19,群益金鼎-高雄,2023-08-02,9183
00687B,國泰20年美債,29,10,19,群益金鼎-高雄,2023-08-02,9183
3346,麗清,20,1,19,群益金鼎-高雄,2023-08-02,9183
2892,第一金,20,2,18,群益金鼎-高雄,2023-08-02,9183
2409,友達,24,6,18,群益金鼎-高雄,2023-08-02,9183
1319,東陽,23,6,17,群益金鼎-高雄,2023-08-02,9183
00720B,元大投資級公司債,16,0,16,群益金鼎-高雄,2023-08-02,9183
3558,神準,24,8,16,群益金鼎-高雄,2023-08-02,9183
00795B,中信美國公債20年,16,0,16,群益金鼎-高雄,2023-08-02,9183
2885,元大金,15,0,15,群益金鼎-高雄,2023-08-02,9183
00857B,永豐20年美公債,15,0,15,群益金鼎-高雄,2023-08-02,9183
2408,南亞科,18,3,15,群益金鼎-高雄,2023-08-02,9183
6120,達運,15,0,15,群益金鼎-高雄,2023-08-02,9183
6411,晶焱,14,0,14,群益金鼎-高雄,2023-08-02,9183
00881,國泰台灣5G+,13,0,13,群益金鼎-高雄,2023-08-02,9183
2883B,凱基金乙特,1001,0,1001,群益金鼎-高雄,2023-08-04,9183
00878,國泰永續高股息,126,11,115,群益金鼎-高雄,2023-08-04,9183
2344,華邦電,127,34,93,群益金鼎-高雄,2023-08-04,9183
2891,中信金,78,0,78,群益金鼎-高雄,2023-08-04,9183
00900,富邦特選高股息30,74,2,72,群益金鼎-高雄,2023-08-04,9183
8213,志超,110,38,72,群益金鼎-高雄,2023-08-04,9183
00687B,國泰20年美債,61,0,61,群益金鼎-高雄,2023-08-04,9183
3715,定穎投控,51,2,49,群益金鼎-高雄,2023-08-04,9183
00885,富邦越南,46,1,45,群益金鼎-高雄,2023-08-04,9183
2382,廣達,88,52,36,群益金鼎-高雄,2023-08-04,9183
1708,東鹼,38,3,35,群益金鼎-高雄,2023-08-04,9183
2633,台灣高鐵,34,0,34,群益金鼎-高雄,2023-08-04,9183
00857B,永豐20年美公債,31,0,31,群益金鼎-高雄,2023-08-04,9183
00679B,元大美債20年,33,4,29,群益金鼎-高雄,2023-08-04,9183
00680L,元大美債20正2,28,0,28,群益金鼎-高雄,2023-08-04,9183
00720B,元大投資級公司債,25,0,25,群益金鼎-高雄,2023-08-04,9183
2440,太空梭,34,10,24,群益金鼎-高雄,2023-08-04,9183
3289,宜特,22,0,22,群益金鼎-高雄,2023-08-04,9183
00929,復華台灣科技優息,21,0,21,群益金鼎-高雄,2023-08-04,9183
00795B,中信美國公債20年,21,0,21,群益金鼎-高雄,2023-08-04,9183
00764B,群益25年美債,21,0,21,群益金鼎-高雄,2023-08-04,9183
2388,威盛,22,2,20,群益金鼎-高雄,2023-08-04,9183
3563,牧德,20,0,20,群益金鼎-高雄,2023-08-04,9183
2610,華航,17,1,16,群益金鼎-高雄,2023-08-04,9183
5347,世界,15,0,15,群益金鼎-高雄,2023-08-04,9183
2332,友訊,14,0,14,群益金鼎-高雄,2023-08-04,9183
3038,全台,13,0,13,群益金鼎-高雄,2023-08-04,9183
00772B,中信高評級公司債,12,0,12,群益金鼎-高雄,2023-08-04,9183
2881,富邦金,12,0,12,群益金鼎-高雄,2023-08-04,9183
3706,神達,76,64,12,群益金鼎-高雄,2023-08-04,9183
1216,統一,11,0,11,群益金鼎-高雄,2023-08-04,9183
2027,大成鋼,12,1,11,群益金鼎-高雄,2023-08-04,9183
0056,元大高股息,33,23,10,群益金鼎-高雄,2023-08-04,9183
00881,國泰台灣5G+,10,0,10,群益金鼎-高雄,2023-08-04,9183
00897,富邦基因免疫生技,10,0,10,群益金鼎-高雄,2023-08-04,9183
00688L,國泰20年美債正2,10,0,10,群益金鼎-高雄,2023-08-04,9183
2449,京元電子,27,17,10,群益金鼎-高雄,2023-08-04,9183
3028,增你強,10,0,10,群益金鼎-高雄,2023-08-04,9183
3056,富華新,10,0,10,群益金鼎-高雄,2023-08-04,9183
3607,谷崧,10,0,10,群益金鼎-高雄,2023-08-04,9183
1532,勤美,9,0,9,群益金鼎-高雄,2023-08-04,9183
8068,全達,9,0,9,群益金鼎-高雄,2023-08-04,9183
1616,億泰,10,2,8,群益金鼎-高雄,2023-08-04,9183
3483,力致,9,1,8,群益金鼎-高雄,2023-08-04,9183
8996,高力,8,0,8,群益金鼎-高雄,2023-08-04,9183
00692,富邦公司治理,7,0,7,群益金鼎-高雄,2023-08-04,9183
5880,合庫金,9,2,7,群益金鼎-高雄,2023-08-04,9183
2329,華泰,14,7,7,群益金鼎-高雄,2023-08-04,9183
2892,第一金,7,0,7,群益金鼎-高雄,2023-08-04,9183
6125,廣運,35,28,7,群益金鼎-高雄,2023-08-04,9183
2883B,凱基金乙特,1000,0,1000,群益金鼎-高雄,2023-08-07,9183
1326,台化,107,0,107,群益金鼎-高雄,2023-08-07,9183
00795B,中信美國公債20年,101,0,101,群益金鼎-高雄,2023-08-07,9183
00720B,元大投資級公司債,83,0,83,群益金鼎-高雄,2023-08-07,9183
1229,聯華,72,0,72,群益金鼎-高雄,2023-08-07,9183
6505,台塑化,51,2,49,群益金鼎-高雄,2023-08-07,9183
6443,元晶,50,2,48,群益金鼎-高雄,2023-08-07,9183
00929,復華台灣科技優息,50,2,48,群益金鼎-高雄,2023-08-07,9183
8027,鈦昇,77,35,42,群益金鼎-高雄,2023-08-07,9183
00712,復華富時不動產,35,0,35,群益金鼎-高雄,2023-08-07,9183
00878,國泰永續高股息,43,9,34,群益金鼎-高雄,2023-08-07,9183
2329,華泰,42,16,26,群益金鼎-高雄,2023-08-07,9183
1609,大亞,26,3,23,群益金鼎-高雄,2023-08-07,9183
00751B,元大AAA至A公司債,22,0,22,群益金鼎-高雄,2023-08-07,9183
2913,農林,25,3,22,群益金鼎-高雄,2023-08-07,9183
6695,芯鼎,20,0,20,群益金鼎-高雄,2023-08-07,9183
2317,鴻海,21,1,20,群益金鼎-高雄,2023-08-07,9183
1904,正隆,23,5,18,群益金鼎-高雄,2023-08-07,9183
2301,光寶科,68,51,17,群益金鼎-高雄,2023-08-07,9183
2603,長榮,20,3,17,群益金鼎-高雄,2023-08-07,9183
2891,中信金,17,0,17,群益金鼎-高雄,2023-08-07,9183
3715,定穎投控,28,11,17,群益金鼎-高雄,2023-08-07,9183
00680L,元大美債20正2,16,0,16,群益金鼎-高雄,2023-08-07,9183
2337,旺宏,22,6,16,群益金鼎-高雄,2023-08-07,9183
6194,育富,69,53,16,群益金鼎-高雄,2023-08-07,9183
6411,晶焱,16,0,16,群益金鼎-高雄,2023-08-07,9183
2609,陽明,25,10,15,群益金鼎-高雄,2023-08-07,9183
00632R,元大台灣50反1,15,0,15,群益金鼎-高雄,2023-08-07,9183
2450,神腦,15,1,14,群益金鼎-高雄,2023-08-07,9183
8155,博智,15,1,14,群益金鼎-高雄,2023-08-07,9183
3325,旭品,16,4,12,群益金鼎-高雄,2023-08-07,9183
4924,欣厚-KY,12,0,12,群益金鼎-高雄,2023-08-07,9183
8050,廣積,17,5,12,群益金鼎-高雄,2023-08-07,9183
00893,國泰智能電動車,11,0,11,群益金鼎-高雄,2023-08-07,9183
2363,矽統,26,15,11,群益金鼎-高雄,2023-08-07,9183
1565,精華,12,1,11,群益金鼎-高雄,2023-08-07,9183
00902,中信電池及儲能,11,0,11,群益金鼎-高雄,2023-08-07,9183
3563,牧德,11,0,11,群益金鼎-高雄,2023-08-07,9183
5009,榮剛,22,12,10,群益金鼎-高雄,2023-08-07,9183
8201,無敵,10,0,10,群益金鼎-高雄,2023-08-07,9183
00923,群益台ESG低碳50,10,0,10,群益金鼎-高雄,2023-08-07,9183
00688L,國泰20年美債正2,10,0,10,群益金鼎-高雄,2023-08-07,9183
2610,華航,24,14,10,群益金鼎-高雄,2023-08-07,9183
4942,嘉彰,10,0,10,群益金鼎-高雄,2023-08-07,9183
6116,彩晶,12,2,10,群益金鼎-高雄,2023-08-07,9183
2344,華邦電,12,3,9,群益金鼎-高雄,2023-08-07,9183
6770,力積電,9,0,9,群益金鼎-高雄,2023-08-07,9183
6789,采鈺,9,0,9,群益金鼎-高雄,2023-08-07,9183
3558,神準,13,4,9,群益金鼎-高雄,2023-08-07,9183
1905,華紙,26,18,8,群益金鼎-高雄,2023-08-07,9183
00931B,統一美債20年,229,40,189,群益金鼎-高雄,2023-08-08,9183
1708,東鹼,81,10,71,群益金鼎-高雄,2023-08-08,9183
00753L,中信中國50正2,53,0,53,群益金鼎-高雄,2023-08-08,9183
00923,群益台ESG低碳50,47,0,47,群益金鼎-高雄,2023-08-08,9183
3563,牧德,46,0,46,群益金鼎-高雄,2023-08-08,9183
2344,華邦電,44,2,42,群益金鼎-高雄,2023-08-08,9183
00706L,期元大S＆P日圓正2,40,0,40,群益金鼎-高雄,2023-08-08,9183
5452,佶優,43,3,40,群益金鼎-高雄,2023-08-08,9183
2303,聯電,41,2,39,群益金鼎-高雄,2023-08-08,9183
8213,志超,37,0,37,群益金鼎-高雄,2023-08-08,9183
00878,國泰永續高股息,40,6,34,群益金鼎-高雄,2023-08-08,9183
2885,元大金,50,17,33,群益金鼎-高雄,2023-08-08,9183
2450,神腦,30,0,30,群益金鼎-高雄,2023-08-08,9183
1304,台聚,32,3,29,群益金鼎-高雄,2023-08-08,9183
3483,力致,30,1,29,群益金鼎-高雄,2023-08-08,9183
00633L,富邦上証正2,43,15,28,群益金鼎-高雄,2023-08-08,9183
2376,技嘉,35,8,27,群益金鼎-高雄,2023-08-08,9183
6120,達運,29,5,24,群益金鼎-高雄,2023-08-08,9183
2369,菱生,23,0,23,群益金鼎-高雄,2023-08-08,9183
3231,緯創,125,103,22,群益金鼎-高雄,2023-08-08,9183
1217,愛之味,21,0,21,群益金鼎-高雄,2023-08-08,9183
3711,日月光投控,20,0,20,群益金鼎-高雄,2023-08-08,9183
2888,新光金,20,0,20,群益金鼎-高雄,2023-08-08,9183
2337,旺宏,25,6,19,群益金鼎-高雄,2023-08-08,9183
00900,富邦特選高股息30,70,52,18,群益金鼎-高雄,2023-08-08,9183
2402,毅嘉,19,2,17,群益金鼎-高雄,2023-08-08,9183
2352,佳世達,16,0,16,群益金鼎-高雄,2023-08-08,9183
6190,萬泰科,16,0,16,群益金鼎-高雄,2023-08-08,9183
9939,宏全,15,0,15,群益金鼎-高雄,2023-08-08,9183
2801,彰銀,15,0,15,群益金鼎-高雄,2023-08-08,9183
1785,光洋科,20,6,14,群益金鼎-高雄,2023-08-08,9183
1308,亞聚,13,0,13,群益金鼎-高雄,2023-08-08,9183
2886,兆豐金,13,0,13,群益金鼎-高雄,2023-08-08,9183
0050,元大台灣50,12,0,12,群益金鼎-高雄,2023-08-08,9183
3057,喬鼎,12,0,12,群益金鼎-高雄,2023-08-08,9183
3363,上詮,45,33,12,群益金鼎-高雄,2023-08-08,9183
6411,晶焱,14,2,12,群益金鼎-高雄,2023-08-08,9183
00927,群益半導體收益,18,7,11,群益金鼎-高雄,2023-08-08,9183
00680L,元大美債20正2,11,0,11,群益金鼎-高雄,2023-08-08,9183
1905,華紙,16,5,11,群益金鼎-高雄,2023-08-08,9183
2338,光罩,11,0,11,群益金鼎-高雄,2023-08-08,9183
2367,燿華,11,0,11,群益金鼎-高雄,2023-08-08,9183
1103,嘉泥,10,0,10,群益金鼎-高雄,2023-08-08,9183
00919,群益台灣精選高息,10,0,10,群益金鼎-高雄,2023-08-08,9183
00881,國泰台灣5G+,10,0,10,群益金鼎-高雄,2023-08-08,9183
1608,華榮,20,10,10,群益金鼎-高雄,2023-08-08,9183
2365,昆盈,10,0,10,群益金鼎-高雄,2023-08-08,9183
2484,希華,10,0,10,群益金鼎-高雄,2023-08-08,9183
4942,嘉彰,10,0,10,群益金鼎-高雄,2023-08-08,9183
6532,瑞耘,15,5,10,群益金鼎-高雄,2023-08-08,9183
2883B,凱基金乙特,96,0,96,群益金鼎-高雄,2023-08-09,9183
1229,聯華,50,0,50,群益金鼎-高雄,2023-08-09,9183
2363,矽統,109,59,50,群益金鼎-高雄,2023-08-09,9183
00929,復華台灣科技優息,43,0,43,群益金鼎-高雄,2023-08-09,9183
3518,柏騰,42,0,42,群益金鼎-高雄,2023-08-09,9183
00900,富邦特選高股息30,35,0,35,群益金鼎-高雄,2023-08-09,9183
3055,蔚華科,32,3,29,群益金鼎-高雄,2023-08-09,9183
3563,牧德,29,0,29,群益金鼎-高雄,2023-08-09,9183
2888,新光金,25,2,23,群益金鼎-高雄,2023-08-09,9183
2357,華碩,32,10,22,群益金鼎-高雄,2023-08-09,9183
00633L,富邦上証正2,21,0,21,群益金鼎-高雄,2023-08-09,9183
2371,大同,28,7,21,群益金鼎-高雄,2023-08-09,9183
2605,新興,20,0,20,群益金鼎-高雄,2023-08-09,9183
8064,東捷,20,0,20,群益金鼎-高雄,2023-08-09,9183
8027,鈦昇,24,5,19,群益金鼎-高雄,2023-08-09,9183
2465,麗臺,21,3,18,群益金鼎-高雄,2023-08-09,9183
3580,友威科,18,0,18,群益金鼎-高雄,2023-08-09,9183
1217,愛之味,19,3,16,群益金鼎-高雄,2023-08-09,9183
2002,中鋼,16,0,16,群益金鼎-高雄,2023-08-09,9183
3363,上詮,26,10,16,群益金鼎-高雄,2023-08-09,9183
4720,德淵,16,0,16,群益金鼎-高雄,2023-08-09,9183
0056,元大高股息,17,2,15,群益金鼎-高雄,2023-08-09,9183
3013,晟銘電,30,15,15,群益金鼎-高雄,2023-08-09,9183
3138,耀登,15,0,15,群益金鼎-高雄,2023-08-09,9183
2440,太空梭,15,0,15,群益金鼎-高雄,2023-08-09,9183
2388,威盛,31,16,15,群益金鼎-高雄,2023-08-09,9183
2610,華航,70,55,15,群益金鼎-高雄,2023-08-09,9183
2867,三商壽,14,0,14,群益金鼎-高雄,2023-08-09,9183
2801,彰銀,12,0,12,群益金鼎-高雄,2023-08-09,9183
2022,聚亨,22,10,12,群益金鼎-高雄,2023-08-09,9183
3231,緯創,93,82,11,群益金鼎-高雄,2023-08-09,9183
2382,廣達,46,35,11,群益金鼎-高雄,2023-08-09,9183
00680L,元大美債20正2,11,0,11,群益金鼎-高雄,2023-08-09,9183
1210,大成,21,11,10,群益金鼎-高雄,2023-08-09,9183
1605,華新,10,0,10,群益金鼎-高雄,2023-08-09,9183
00719B,元大美債1-3,10,0,10,群益金鼎-高雄,2023-08-09,9183
1522,堤維西,10,0,10,群益金鼎-高雄,2023-08-09,9183
1565,精華,10,0,10,群益金鼎-高雄,2023-08-09,9183
2481,強茂,10,0,10,群益金鼎-高雄,2023-08-09,9183
2913,農林,20,10,10,群益金鼎-高雄,2023-08-09,9183
3706,神達,36,26,10,群益金鼎-高雄,2023-08-09,9183
4916,事欣科,10,0,10,群益金鼎-高雄,2023-08-09,9183
6142,友勁,10,0,10,群益金鼎-高雄,2023-08-09,9183
6216,居易,10,0,10,群益金鼎-高雄,2023-08-09,9183
6245,立端,10,0,10,群益金鼎-高雄,2023-08-09,9183
8213,志超,10,0,10,群益金鼎-高雄,2023-08-09,9183
2882,國泰金,20,11,9,群益金鼎-高雄,2023-08-09,9183
3038,全台,15,6,9,群益金鼎-高雄,2023-08-09,9183
6269,台郡,9,0,9,群益金鼎-高雄,2023-08-09,9183
3617,碩天,12,3,9,群益金鼎-高雄,2023-08-09,9183
00878,國泰永續高股息,122,9,113,群益金鼎-高雄,2023-08-10,9183
00900,富邦特選高股息30,115,6,109,群益金鼎-高雄,2023-08-10,9183
6187,萬潤,93,1,92,群益金鼎-高雄,2023-08-10,9183
1229,聯華,78,5,73,群益金鼎-高雄,2023-08-10,9183
2363,矽統,109,44,65,群益金鼎-高雄,2023-08-10,9183
2888,新光金,67,15,52,群益金鼎-高雄,2023-08-10,9183
2409,友達,72,22,50,群益金鼎-高雄,2023-08-10,9183
00929,復華台灣科技優息,41,0,41,群益金鼎-高雄,2023-08-10,9183
3056,富華新,40,3,37,群益金鼎-高雄,2023-08-10,9183
8358,金居,39,2,37,群益金鼎-高雄,2023-08-10,9183
3563,牧德,22,0,22,群益金鼎-高雄,2023-08-10,9183
3231,緯創,90,69,21,群益金鼎-高雄,2023-08-10,9183
2610,華航,82,61,21,群益金鼎-高雄,2023-08-10,9183
00633L,富邦上証正2,23,3,20,群益金鼎-高雄,2023-08-10,9183
2025,千興,20,0,20,群益金鼎-高雄,2023-08-10,9183
2303,聯電,32,12,20,群益金鼎-高雄,2023-08-10,9183
2886,兆豐金,20,0,20,群益金鼎-高雄,2023-08-10,9183
00923,群益台ESG低碳50,34,15,19,群益金鼎-高雄,2023-08-10,9183
2014,中鴻,20,2,18,群益金鼎-高雄,2023-08-10,9183
6282,康舒,65,49,16,群益金鼎-高雄,2023-08-10,9183
2887,台新金,16,0,16,群益金鼎-高雄,2023-08-10,9183
2548,華固,15,0,15,群益金鼎-高雄,2023-08-10,9183
6190,萬泰科,15,0,15,群益金鼎-高雄,2023-08-10,9183
2376,技嘉,22,7,15,群益金鼎-高雄,2023-08-10,9183
2382,廣達,50,35,15,群益金鼎-高雄,2023-08-10,9183
0056,元大高股息,17,2,15,群益金鼎-高雄,2023-08-10,9183
2323,中環,19,5,14,群益金鼎-高雄,2023-08-10,9183
3362,先進光,16,2,14,群益金鼎-高雄,2023-08-10,9183
5880,合庫金,14,0,14,群益金鼎-高雄,2023-08-10,9183
6142,友勁,14,0,14,群益金鼎-高雄,2023-08-10,9183
5258,虹堡,18,4,14,群益金鼎-高雄,2023-08-10,9183
1904,正隆,15,2,13,群益金鼎-高雄,2023-08-10,9183
2208,台船,44,31,13,群益金鼎-高雄,2023-08-10,9183
5488,松普,13,0,13,群益金鼎-高雄,2023-08-10,9183
1514,亞力,12,0,12,群益金鼎-高雄,2023-08-10,9183
00891,中信關鍵半導體,12,0,12,群益金鼎-高雄,2023-08-10,9183
2515,中工,12,0,12,群益金鼎-高雄,2023-08-10,9183
3715,定穎投控,12,0,12,群益金鼎-高雄,2023-08-10,9183
2449,京元電子,20,8,12,群益金鼎-高雄,2023-08-10,9183
2801,彰銀,11,0,11,群益金鼎-高雄,2023-08-10,9183
6411,晶焱,10,0,10,群益金鼎-高雄,2023-08-10,9183
1709,和益,10,0,10,群益金鼎-高雄,2023-08-10,9183
2028,威致,10,0,10,群益金鼎-高雄,2023-08-10,9183
8155,博智,14,4,10,群益金鼎-高雄,2023-08-10,9183
8213,志超,10,0,10,群益金鼎-高雄,2023-08-10,9183
2002,中鋼,11,2,9,群益金鼎-高雄,2023-08-10,9183
2352,佳世達,14,5,9,群益金鼎-高雄,2023-08-10,9183
3346,麗清,10,1,9,群益金鼎-高雄,2023-08-10,9183
8027,鈦昇,9,0,9,群益金鼎-高雄,2023-08-10,9183
2605,新興,8,0,8,群益金鼎-高雄,2023-08-10,9183
00753L,中信中國50正2,150,0,150,群益金鼎-高雄,2023-08-11,9183
00931B,統一美債20年,113,0,113,群益金鼎-高雄,2023-08-11,9183
3049,精金,112,0,112,群益金鼎-高雄,2023-08-11,9183
2516,新建,105,2,103,群益金鼎-高雄,2023-08-11,9183
00900,富邦特選高股息30,84,0,84,群益金鼎-高雄,2023-08-11,9183
3231,緯創,119,67,52,群益金鼎-高雄,2023-08-11,9183
2892,第一金,46,0,46,群益金鼎-高雄,2023-08-11,9183
00929,復華台灣科技優息,57,12,45,群益金鼎-高雄,2023-08-11,9183
5426,振發,40,0,40,群益金鼎-高雄,2023-08-11,9183
2002,中鋼,39,0,39,群益金鼎-高雄,2023-08-11,9183
6142,友勁,38,0,38,群益金鼎-高雄,2023-08-11,9183
00688L,國泰20年美債正2,30,0,30,群益金鼎-高雄,2023-08-11,9183
4114,健喬,34,5,29,群益金鼎-高雄,2023-08-11,9183
1609,大亞,29,2,27,群益金鼎-高雄,2023-08-11,9183
00633L,富邦上証正2,23,0,23,群益金鼎-高雄,2023-08-11,9183
2883,凱基金,23,0,23,群益金鼎-高雄,2023-08-11,9183
00687B,國泰20年美債,22,0,22,群益金鼎-高雄,2023-08-11,9183
00923,群益台ESG低碳50,21,0,21,群益金鼎-高雄,2023-08-11,9183
2014,中鴻,21,0,21,群益金鼎-高雄,2023-08-11,9183
1217,愛之味,20,0,20,群益金鼎-高雄,2023-08-11,9183
1308,亞聚,23,4,19,群益金鼎-高雄,2023-08-11,9183
1710,東聯,19,0,19,群益金鼎-高雄,2023-08-11,9183
00679B,元大美債20年,18,0,18,群益金鼎-高雄,2023-08-11,9183
00751B,元大AAA至A公司債,18,0,18,群益金鼎-高雄,2023-08-11,9183
2618,長榮航,26,10,16,群益金鼎-高雄,2023-08-11,9183
2317,鴻海,15,0,15,群益金鼎-高雄,2023-08-11,9183
00642U,期元大S＆P石油,16,1,15,群益金鼎-高雄,2023-08-11,9183
2882,國泰金,26,11,15,群益金鼎-高雄,2023-08-11,9183
2425,承啟,18,6,12,群益金鼎-高雄,2023-08-11,9183
00927,群益半導體收益,16,5,11,群益金鼎-高雄,2023-08-11,9183
2886,兆豐金,15,4,11,群益金鼎-高雄,2023-08-11,9183
2753,八方雲集,13,2,11,群益金鼎-高雄,2023-08-11,9183
8086,宏捷科,12,1,11,群益金鼎-高雄,2023-08-11,9183
2409,友達,14,4,10,群益金鼎-高雄,2023-08-11,9183
2344,華邦電,11,1,10,群益金鼎-高雄,2023-08-11,9183
00680L,元大美債20正2,10,0,10,群益金鼎-高雄,2023-08-11,9183
00760B,復華新興企業債,10,0,10,群益金鼎-高雄,2023-08-11,9183
00882,中信中國高股息,10,0,10,群益金鼎-高雄,2023-08-11,9183
00632R,元大台灣50反1,10,0,10,群益金鼎-高雄,2023-08-11,9183
2520,冠德,10,0,10,群益金鼎-高雄,2023-08-11,9183
3149,正達,10,0,10,群益金鼎-高雄,2023-08-11,9183
4924,欣厚-KY,10,0,10,群益金鼎-高雄,2023-08-11,9183
8038,長園科,10,0,10,群益金鼎-高雄,2023-08-11,9183
2388,威盛,12,3,9,群益金鼎-高雄,2023-08-11,9183
3483,力致,13,4,9,群益金鼎-高雄,2023-08-11,9183
0050,元大台灣50,10,1,9,群益金鼎-高雄,2023-08-11,9183
1904,正隆,9,0,9,群益金鼎-高雄,2023-08-11,9183
1301,台塑,8,0,8,群益金鼎-高雄,2023-08-11,9183
2615,萬海,8,0,8,群益金鼎-高雄,2023-08-11,9183
3090,日電貿,8,0,8,群益金鼎-高雄,2023-08-11,9183
2610,華航,96,9,87,群益金鼎-高雄,2023-08-14,9183
00878,國泰永續高股息,88,2,86,群益金鼎-高雄,2023-08-14,9183
00929,復華台灣科技優息,87,6,81,群益金鼎-高雄,2023-08-14,9183
2618,長榮航,78,10,68,群益金鼎-高雄,2023-08-14,9183
00900,富邦特選高股息30,54,2,52,群益金鼎-高雄,2023-08-14,9183
8046,南電,50,1,49,群益金鼎-高雄,2023-08-14,9183
00665L,富邦�琤肭磪囓�2,54,7,47,群益金鼎-高雄,2023-08-14,9183
00923,群益台ESG低碳50,43,0,43,群益金鼎-高雄,2023-08-14,9183
2344,華邦電,43,6,37,群益金鼎-高雄,2023-08-14,9183
2888,新光金,35,0,35,群益金鼎-高雄,2023-08-14,9183
9907,統一實,35,0,35,群益金鼎-高雄,2023-08-14,9183
2851,中再保,33,2,31,群益金鼎-高雄,2023-08-14,9183
5469,瀚宇博,34,3,31,群益金鼎-高雄,2023-08-14,9183
0050,元大台灣50,36,6,30,群益金鼎-高雄,2023-08-14,9183
1217,愛之味,28,0,28,群益金鼎-高雄,2023-08-14,9183
2014,中鴻,27,2,25,群益金鼎-高雄,2023-08-14,9183
2892,第一金,27,2,25,群益金鼎-高雄,2023-08-14,9183
2371,大同,31,9,22,群益金鼎-高雄,2023-08-14,9183
3715,定穎投控,22,0,22,群益金鼎-高雄,2023-08-14,9183
1101,台泥,22,1,21,群益金鼎-高雄,2023-08-14,9183
00650L,復華香港正2,21,0,21,群益金鼎-高雄,2023-08-14,9183
00706L,期元大S＆P日圓正2,20,0,20,群益金鼎-高雄,2023-08-14,9183
2007,燁興,21,1,20,群益金鼎-高雄,2023-08-14,9183
3563,牧德,25,6,19,群益金鼎-高雄,2023-08-14,9183
5236,凌陽創新,19,0,19,群益金鼎-高雄,2023-08-14,9183
2883,凱基金,19,0,19,群益金鼎-高雄,2023-08-14,9183
2363,矽統,107,89,18,群益金鼎-高雄,2023-08-14,9183
0056,元大高股息,18,1,17,群益金鼎-高雄,2023-08-14,9183
00753L,中信中國50正2,18,1,17,群益金鼎-高雄,2023-08-14,9183
6142,友勁,17,0,17,群益金鼎-高雄,2023-08-14,9183
00931B,統一美債20年,27,11,16,群益金鼎-高雄,2023-08-14,9183
2356,英業達,33,18,15,群益金鼎-高雄,2023-08-14,9183
1513,中興電,22,7,15,群益金鼎-高雄,2023-08-14,9183
6198,瑞築,15,0,15,群益金鼎-高雄,2023-08-14,9183
3483,力致,26,12,14,群益金鼎-高雄,2023-08-14,9183
2609,陽明,21,7,14,群益金鼎-高雄,2023-08-14,9183
3231,緯創,71,58,13,群益金鼎-高雄,2023-08-14,9183
00882,中信中國高股息,15,2,13,群益金鼎-高雄,2023-08-14,9183
2359,所羅門,14,1,13,群益金鼎-高雄,2023-08-14,9183
2002,中鋼,13,0,13,群益金鼎-高雄,2023-08-14,9183
00902,中信電池及儲能,12,0,12,群益金鼎-高雄,2023-08-14,9183
2450,神腦,12,0,12,群益金鼎-高雄,2023-08-14,9183
2330,台積電,13,1,12,群益金鼎-高雄,2023-08-14,9183
00751B,元大AAA至A公司債,11,0,11,群益金鼎-高雄,2023-08-14,9183
3037,欣興,16,5,11,群益金鼎-高雄,2023-08-14,9183
6282,康舒,17,6,11,群益金鼎-高雄,2023-08-14,9183
1218,泰山,10,0,10,群益金鼎-高雄,2023-08-14,9183
3027,盛達,10,0,10,群益金鼎-高雄,2023-08-14,9183
5905,南仁湖,10,0,10,群益金鼎-高雄,2023-08-14,9183
6548,長科*,10,0,10,群益金鼎-高雄,2023-08-14,9183
2883B,凱基金乙特,151,0,151,群益金鼎-高雄,2023-08-15,9183
9105,泰金寶-DR,136,6,130,群益金鼎-高雄,2023-08-15,9183
2359,所羅門,90,10,80,群益金鼎-高雄,2023-08-15,9183
00706L,期元大S＆P日圓正2,31,0,31,群益金鼎-高雄,2023-08-15,9183
00923,群益台ESG低碳50,33,5,28,群益金鼎-高雄,2023-08-15,9183
2891,中信金,28,1,27,群益金鼎-高雄,2023-08-15,9183
6116,彩晶,30,5,25,群益金鼎-高雄,2023-08-15,9183
2317,鴻海,25,1,24,群益金鼎-高雄,2023-08-15,9183
00929,復華台灣科技優息,36,13,23,群益金鼎-高雄,2023-08-15,9183
2618,長榮航,46,27,19,群益金鼎-高雄,2023-08-15,9183
00900,富邦特選高股息30,29,10,19,群益金鼎-高雄,2023-08-15,9183
2027,大成鋼,27,10,17,群益金鼎-高雄,2023-08-15,9183
6114,久威,18,1,17,群益金鼎-高雄,2023-08-15,9183
6285,啟��,24,7,17,群益金鼎-高雄,2023-08-15,9183
5521,工信,16,0,16,群益金鼎-高雄,2023-08-15,9183
00753L,中信中國50正2,14,0,14,群益金鼎-高雄,2023-08-15,9183
2002,中鋼,14,1,13,群益金鼎-高雄,2023-08-15,9183
3706,神達,19,7,12,群益金鼎-高雄,2023-08-15,9183
8068,全達,12,0,12,群益金鼎-高雄,2023-08-15,9183
1710,東聯,13,1,12,群益金鼎-高雄,2023-08-15,9183
2363,矽統,163,151,12,群益金鼎-高雄,2023-08-15,9183
00907,永豐優息存股,11,0,11,群益金鼎-高雄,2023-08-15,9183
2374,佳能,11,0,11,群益金鼎-高雄,2023-08-15,9183
0056,元大高股息,13,3,10,群益金鼎-高雄,2023-08-15,9183
1717,長興,10,0,10,群益金鼎-高雄,2023-08-15,9183
1314,中石化,10,0,10,群益金鼎-高雄,2023-08-15,9183
1905,華紙,12,2,10,群益金鼎-高雄,2023-08-15,9183
2312,金寶,13,3,10,群益金鼎-高雄,2023-08-15,9183
2498,宏達電,15,5,10,群益金鼎-高雄,2023-08-15,9183
2354,鴻準,10,1,9,群益金鼎-高雄,2023-08-15,9183
1110,東泥,8,0,8,群益金鼎-高雄,2023-08-15,9183
1802,台玻,8,0,8,群益金鼎-高雄,2023-08-15,9183
6125,廣運,12,5,7,群益金鼎-高雄,2023-08-15,9183
00679B,元大美債20年,7,0,7,群益金鼎-高雄,2023-08-15,9183
2316,楠梓電,10,3,7,群益金鼎-高雄,2023-08-15,9183
2892,第一金,7,0,7,群益金鼎-高雄,2023-08-15,9183
1216,統一,7,1,6,群益金鼎-高雄,2023-08-15,9183
00680L,元大美債20正2,6,0,6,群益金鼎-高雄,2023-08-15,9183
00931B,統一美債20年,6,0,6,群益金鼎-高雄,2023-08-15,9183
3078,僑威,30,24,6,群益金鼎-高雄,2023-08-15,9183
8933,愛地雅,6,0,6,群益金鼎-高雄,2023-08-15,9183
1101,台泥,6,1,5,群益金鼎-高雄,2023-08-15,9183
3105,穩懋,5,0,5,群益金鼎-高雄,2023-08-15,9183
00712,復華富時不動產,5,0,5,群益金鼎-高雄,2023-08-15,9183
9945,潤泰新,5,0,5,群益金鼎-高雄,2023-08-15,9183
1303,南亞,5,0,5,群益金鼎-高雄,2023-08-15,9183
00713,元大台灣高息低波,5,0,5,群益金鼎-高雄,2023-08-15,9183
00696B,富邦美債20年,5,0,5,群益金鼎-高雄,2023-08-15,9183
1439,雋揚,5,0,5,群益金鼎-高雄,2023-08-15,9183
2022,聚亨,5,0,5,群益金鼎-高雄,2023-08-15,9183
2017,官田鋼,338,0,338,群益金鼎-高雄,2023-08-16,9183
1584,精剛,164,5,159,群益金鼎-高雄,2023-08-16,9183
2324,仁寶,158,52,106,群益金鼎-高雄,2023-08-16,9183
00923,群益台ESG低碳50,66,4,62,群益金鼎-高雄,2023-08-16,9183
9907,統一實,61,0,61,群益金鼎-高雄,2023-08-16,9183
00929,復華台灣科技優息,60,8,52,群益金鼎-高雄,2023-08-16,9183
2880,華南金,52,0,52,群益金鼎-高雄,2023-08-16,9183
3592,瑞鼎,50,0,50,群益金鼎-高雄,2023-08-16,9183
3029,零壹,40,0,40,群益金鼎-高雄,2023-08-16,9183
2316,楠梓電,35,0,35,群益金鼎-高雄,2023-08-16,9183
2610,華航,95,61,34,群益金鼎-高雄,2023-08-16,9183
1303,南亞,33,2,31,群益金鼎-高雄,2023-08-16,9183
0050,元大台灣50,25,0,25,群益金鼎-高雄,2023-08-16,9183
00878,國泰永續高股息,59,34,25,群益金鼎-高雄,2023-08-16,9183
2303,聯電,35,12,23,群益金鼎-高雄,2023-08-16,9183
9919,康那香,23,0,23,群益金鼎-高雄,2023-08-16,9183
2356,英業達,56,33,23,群益金鼎-高雄,2023-08-16,9183
2337,旺宏,24,2,22,群益金鼎-高雄,2023-08-16,9183
2371,大同,24,2,22,群益金鼎-高雄,2023-08-16,9183
2885,元大金,23,1,22,群益金鼎-高雄,2023-08-16,9183
1301,台塑,21,0,21,群益金鼎-高雄,2023-08-16,9183
1312,國喬,20,0,20,群益金鼎-高雄,2023-08-16,9183
2359,所羅門,20,0,20,群益金鼎-高雄,2023-08-16,9183
4414,如興,20,0,20,群益金鼎-高雄,2023-08-16,9183
5521,工信,20,0,20,群益金鼎-高雄,2023-08-16,9183
6418,詠昇,30,10,20,群益金鼎-高雄,2023-08-16,9183
9103,美德醫療-DR,20,0,20,群益金鼎-高雄,2023-08-16,9183
00712,復華富時不動產,25,6,19,群益金鼎-高雄,2023-08-16,9183
1229,聯華,20,1,19,群益金鼎-高雄,2023-08-16,9183
1409,新纖,19,0,19,群益金鼎-高雄,2023-08-16,9183
2002,中鋼,19,0,19,群益金鼎-高雄,2023-08-16,9183
2891,中信金,25,7,18,群益金鼎-高雄,2023-08-16,9183
3035,智原,48,31,17,群益金鼎-高雄,2023-08-16,9183
2425,承啟,15,0,15,群益金鼎-高雄,2023-08-16,9183
2323,中環,19,5,14,群益金鼎-高雄,2023-08-16,9183
00881,國泰台灣5G+,13,0,13,群益金鼎-高雄,2023-08-16,9183
00665L,富邦�琤肭磪囓�2,18,6,12,群益金鼎-高雄,2023-08-16,9183
2884,玉山金,12,1,11,群益金鼎-高雄,2023-08-16,9183
6231,系微,13,2,11,群益金鼎-高雄,2023-08-16,9183
2834,臺企銀,15,4,11,群益金鼎-高雄,2023-08-16,9183
2344,華邦電,11,1,10,群益金鼎-高雄,2023-08-16,9183
00895,富邦未來車,10,0,10,群益金鼎-高雄,2023-08-16,9183
2387,精元,10,0,10,群益金鼎-高雄,2023-08-16,9183
2887,台新金,10,0,10,群益金鼎-高雄,2023-08-16,9183
3706,神達,46,36,10,群益金鼎-高雄,2023-08-16,9183
5876,上海商銀,10,0,10,群益金鼎-高雄,2023-08-16,9183
6695,芯鼎,10,0,10,群益金鼎-高雄,2023-08-16,9183
8933,愛地雅,10,0,10,群益金鼎-高雄,2023-08-16,9183
1616,億泰,10,1,9,群益金鼎-高雄,2023-08-16,9183
5009,榮剛,9,0,9,群益金鼎-高雄,2023-08-16,9183
3231,緯創,417,146,271,群益金鼎-高雄,2023-08-17,9183
2409,友達,83,2,81,群益金鼎-高雄,2023-08-17,9183
2025,千興,70,1,69,群益金鼎-高雄,2023-08-17,9183
00633L,富邦上証正2,62,2,60,群益金鼎-高雄,2023-08-17,9183
00878,國泰永續高股息,56,6,50,群益金鼎-高雄,2023-08-17,9183
1471,首利,55,5,50,群益金鼎-高雄,2023-08-17,9183
3673,TPK-KY,50,0,50,群益金鼎-高雄,2023-08-17,9183
00751B,元大AAA至A公司債,42,0,42,群益金鼎-高雄,2023-08-17,9183
4944,兆遠,41,0,41,群益金鼎-高雄,2023-08-17,9183
3029,零壹,30,0,30,群益金鼎-高雄,2023-08-17,9183
3306,鼎天,42,12,30,群益金鼎-高雄,2023-08-17,9183
4960,誠美材,30,0,30,群益金鼎-高雄,2023-08-17,9183
2303,聯電,31,7,24,群益金鼎-高雄,2023-08-17,9183
00931B,統一美債20年,25,2,23,群益金鼎-高雄,2023-08-17,9183
2374,佳能,24,1,23,群益金鼎-高雄,2023-08-17,9183
3325,旭品,24,3,21,群益金鼎-高雄,2023-08-17,9183
6411,晶焱,20,0,20,群益金鼎-高雄,2023-08-17,9183
8112,至上,21,1,20,群益金鼎-高雄,2023-08-17,9183
2344,華邦電,19,0,19,群益金鼎-高雄,2023-08-17,9183
2880,華南金,20,1,19,群益金鼎-高雄,2023-08-17,9183
00679B,元大美債20年,18,0,18,群益金鼎-高雄,2023-08-17,9183
00680L,元大美債20正2,17,0,17,群益金鼎-高雄,2023-08-17,9183
3689,湧德,45,29,16,群益金鼎-高雄,2023-08-17,9183
3037,欣興,20,4,16,群益金鼎-高雄,2023-08-17,9183
2329,華泰,57,44,13,群益金鼎-高雄,2023-08-17,9183
2014,中鴻,24,11,13,群益金鼎-高雄,2023-08-17,9183
5009,榮剛,14,1,13,群益金鼎-高雄,2023-08-17,9183
2376,技嘉,31,18,13,群益金鼎-高雄,2023-08-17,9183
2449,京元電子,18,5,13,群益金鼎-高雄,2023-08-17,9183
00929,復華台灣科技優息,16,4,12,群益金鼎-高雄,2023-08-17,9183
1303,南亞,12,0,12,群益金鼎-高雄,2023-08-17,9183
00772B,中信高評級公司債,12,0,12,群益金鼎-高雄,2023-08-17,9183
00753L,中信中國50正2,14,2,12,群益金鼎-高雄,2023-08-17,9183
2504,國產,12,0,12,群益金鼎-高雄,2023-08-17,9183
9945,潤泰新,11,0,11,群益金鼎-高雄,2023-08-17,9183
1217,愛之味,12,1,11,群益金鼎-高雄,2023-08-17,9183
6443,元晶,13,2,11,群益金鼎-高雄,2023-08-17,9183
2340,台亞,17,7,10,群益金鼎-高雄,2023-08-17,9183
00655L,國泰中國A50正2,10,0,10,群益金鼎-高雄,2023-08-17,9183
2426,鼎元,10,0,10,群益金鼎-高雄,2023-08-17,9183
2547,日勝生,10,0,10,群益金鼎-高雄,2023-08-17,9183
5426,振發,10,0,10,群益金鼎-高雄,2023-08-17,9183
6222,上揚,10,0,10,群益金鼎-高雄,2023-08-17,9183
2002,中鋼,15,6,9,群益金鼎-高雄,2023-08-17,9183
2382,廣達,58,50,8,群益金鼎-高雄,2023-08-17,9183
2609,陽明,17,9,8,群益金鼎-高雄,2023-08-17,9183
1609,大亞,8,0,8,群益金鼎-高雄,2023-08-17,9183
2399,映泰,10,2,8,群益金鼎-高雄,2023-08-17,9183
6116,彩晶,10,2,8,群益金鼎-高雄,2023-08-17,9183
2027,大成鋼,10,2,8,群益金鼎-高雄,2023-08-17,9183
9907,統一實,1020,7,1013,群益金鼎-高雄,2023-08-18,9183
2615,萬海,248,13,235,群益金鼎-高雄,2023-08-18,9183
00753L,中信中國50正2,112,3,109,群益金鼎-高雄,2023-08-18,9183
3706,神達,141,52,89,群益金鼎-高雄,2023-08-18,9183
2374,佳能,67,8,59,群益金鼎-高雄,2023-08-18,9183
3231,緯創,169,110,59,群益金鼎-高雄,2023-08-18,9183
2363,矽統,235,177,58,群益金鼎-高雄,2023-08-18,9183
2324,仁寶,92,47,45,群益金鼎-高雄,2023-08-18,9183
00712,復華富時不動產,42,0,42,群益金鼎-高雄,2023-08-18,9183
2498,宏達電,31,2,29,群益金鼎-高雄,2023-08-18,9183
00929,復華台灣科技優息,37,9,28,群益金鼎-高雄,2023-08-18,9183
2603,長榮,47,19,28,群益金鼎-高雄,2023-08-18,9183
6285,啟��,29,3,26,群益金鼎-高雄,2023-08-18,9183
3563,牧德,23,1,22,群益金鼎-高雄,2023-08-18,9183
3035,智原,36,14,22,群益金鼎-高雄,2023-08-18,9183
1101,台泥,20,0,20,群益金鼎-高雄,2023-08-18,9183
2610,華航,40,21,19,群益金鼎-高雄,2023-08-18,9183
3043,科風,40,22,18,群益金鼎-高雄,2023-08-18,9183
2402,毅嘉,23,6,17,群益金鼎-高雄,2023-08-18,9183
00931B,統一美債20年,20,3,17,群益金鼎-高雄,2023-08-18,9183
2618,長榮航,44,27,17,群益金鼎-高雄,2023-08-18,9183
6142,友勁,15,0,15,群益金鼎-高雄,2023-08-18,9183
00878,國泰永續高股息,86,72,14,群益金鼎-高雄,2023-08-18,9183
6438,迅得,16,2,14,群益金鼎-高雄,2023-08-18,9183
4542,科嶠,17,3,14,群益金鼎-高雄,2023-08-18,9183
1618,合機,16,3,13,群益金鼎-高雄,2023-08-18,9183
2352,佳世達,15,2,13,群益金鼎-高雄,2023-08-18,9183
2605,新興,23,11,12,群益金鼎-高雄,2023-08-18,9183
3702,大聯大,12,0,12,群益金鼎-高雄,2023-08-18,9183
4916,事欣科,12,0,12,群益金鼎-高雄,2023-08-18,9183
6411,晶焱,12,0,12,群益金鼎-高雄,2023-08-18,9183
6235,華孚,36,25,11,群益金鼎-高雄,2023-08-18,9183
2641,正德,45,34,11,群益金鼎-高雄,2023-08-18,9183
3163,波若威,24,13,11,群益金鼎-高雄,2023-08-18,9183
6282,康舒,12,1,11,群益金鼎-高雄,2023-08-18,9183
8103,瀚荃,15,4,11,群益金鼎-高雄,2023-08-18,9183
3029,零壹,10,0,10,群益金鼎-高雄,2023-08-18,9183
8046,南電,10,0,10,群益金鼎-高雄,2023-08-18,9183
9136,巨騰-DR,10,0,10,群益金鼎-高雄,2023-08-18,9183
2449,京元電子,26,16,10,群益金鼎-高雄,2023-08-18,9183
2382,廣達,48,39,9,群益金鼎-高雄,2023-08-18,9183
2834,臺企銀,9,0,9,群益金鼎-高雄,2023-08-18,9183
3042,晶技,16,7,9,群益金鼎-高雄,2023-08-18,9183
3704,合勤控,19,10,9,群益金鼎-高雄,2023-08-18,9183
2388,威盛,10,1,9,群益金鼎-高雄,2023-08-18,9183
2371,大同,12,3,9,群益金鼎-高雄,2023-08-18,9183
6231,系微,16,7,9,群益金鼎-高雄,2023-08-18,9183
00882,中信中國高股息,30,22,8,群益金鼎-高雄,2023-08-18,9183
2303,聯電,15,7,8,群益金鼎-高雄,2023-08-18,9183
5426,振發,8,0,8,群益金鼎-高雄,2023-08-18,9183
9907,統一實,446,0,446,群益金鼎-高雄,2023-08-21,9183
2374,佳能,149,30,119,群益金鼎-高雄,2023-08-21,9183
00680L,元大美債20正2,104,0,104,群益金鼎-高雄,2023-08-21,9183
9933,中鼎,92,0,92,群益金鼎-高雄,2023-08-21,9183
00753L,中信中國50正2,74,0,74,群益金鼎-高雄,2023-08-21,9183
3015,全漢,52,0,52,群益金鼎-高雄,2023-08-21,9183
00929,復華台灣科技優息,51,2,49,群益金鼎-高雄,2023-08-21,9183
3325,旭品,47,5,42,群益金鼎-高雄,2023-08-21,9183
00919,群益台灣精選高息,50,10,40,群益金鼎-高雄,2023-08-21,9183
00885,富邦越南,34,0,34,群益金鼎-高雄,2023-08-21,9183
2836,高雄銀,30,0,30,群益金鼎-高雄,2023-08-21,9183
2324,仁寶,34,6,28,群益金鼎-高雄,2023-08-21,9183
8213,志超,30,5,25,群益金鼎-高雄,2023-08-21,9183
00878,國泰永續高股息,29,5,24,群益金鼎-高雄,2023-08-21,9183
1471,首利,22,2,20,群益金鼎-高雄,2023-08-21,9183
2485,兆赫,25,5,20,群益金鼎-高雄,2023-08-21,9183
4207,環泰,20,0,20,群益金鼎-高雄,2023-08-21,9183
5498,凱崴,20,0,20,群益金鼎-高雄,2023-08-21,9183
00687B,國泰20年美債,18,0,18,群益金鼎-高雄,2023-08-21,9183
00637L,元大滬深300正2,18,0,18,群益金鼎-高雄,2023-08-21,9183
00900,富邦特選高股息30,20,3,17,群益金鼎-高雄,2023-08-21,9183
2457,飛宏,45,28,17,群益金鼎-高雄,2023-08-21,9183
2356,英業達,49,34,15,群益金鼎-高雄,2023-08-21,9183
00712,復華富時不動產,12,0,12,群益金鼎-高雄,2023-08-21,9183
00633L,富邦上証正2,12,0,12,群益金鼎-高雄,2023-08-21,9183
1218,泰山,14,2,12,群益金鼎-高雄,2023-08-21,9183
1466,聚隆,12,0,12,群益金鼎-高雄,2023-08-21,9183
2617,台航,12,0,12,群益金鼎-高雄,2023-08-21,9183
6282,康舒,17,6,11,群益金鼎-高雄,2023-08-21,9183
2382,廣達,22,11,11,群益金鼎-高雄,2023-08-21,9183
2355,敬鵬,10,0,10,群益金鼎-高雄,2023-08-21,9183
2371,大同,10,0,10,群益金鼎-高雄,2023-08-21,9183
2892,第一金,10,0,10,群益金鼎-高雄,2023-08-21,9183
3363,上詮,36,26,10,群益金鼎-高雄,2023-08-21,9183
2881,富邦金,10,1,9,群益金鼎-高雄,2023-08-21,9183
8027,鈦昇,19,10,9,群益金鼎-高雄,2023-08-21,9183
00927,群益半導體收益,8,0,8,群益金鼎-高雄,2023-08-21,9183
2501,國建,8,0,8,群益金鼎-高雄,2023-08-21,9183
9929,秋雨,8,0,8,群益金鼎-高雄,2023-08-21,9183
00931B,統一美債20年,8,0,8,群益金鼎-高雄,2023-08-21,9183
2419,仲琦,12,5,7,群益金鼎-高雄,2023-08-21,9183
2603,長榮,11,4,7,群益金鼎-高雄,2023-08-21,9183
2303,聯電,13,6,7,群益金鼎-高雄,2023-08-21,9183
2609,陽明,9,2,7,群益金鼎-高雄,2023-08-21,9183
3057,喬鼎,7,0,7,群益金鼎-高雄,2023-08-21,9183
9919,康那香,8,1,7,群益金鼎-高雄,2023-08-21,9183
2330,台積電,9,2,7,群益金鼎-高雄,2023-08-21,9183
2313,華通,6,0,6,群益金鼎-高雄,2023-08-21,9183
2890,永豐金,7,1,6,群益金鼎-高雄,2023-08-21,9183
6770,力積電,6,0,6,群益金鼎-高雄,2023-08-21,9183
9907,統一實,121,0,121,群益金鼎-高雄,2023-08-22,9183
2891,中信金,117,5,112,群益金鼎-高雄,2023-08-22,9183
2356,英業達,120,11,109,群益金鼎-高雄,2023-08-22,9183
2374,佳能,113,6,107,群益金鼎-高雄,2023-08-22,9183
4906,正文,76,11,65,群益金鼎-高雄,2023-08-22,9183
2363,矽統,171,119,52,群益金鼎-高雄,2023-08-22,9183
1316,上曜,36,0,36,群益金鼎-高雄,2023-08-22,9183
2409,友達,30,2,28,群益金鼎-高雄,2023-08-22,9183
2332,友訊,39,13,26,群益金鼎-高雄,2023-08-22,9183
3308,聯德,27,4,23,群益金鼎-高雄,2023-08-22,9183
3306,鼎天,32,11,21,群益金鼎-高雄,2023-08-22,9183
00687B,國泰20年美債,20,0,20,群益金鼎-高雄,2023-08-22,9183
00680L,元大美債20正2,20,0,20,群益金鼎-高雄,2023-08-22,9183
00633L,富邦上証正2,22,2,20,群益金鼎-高雄,2023-08-22,9183
2836,高雄銀,20,0,20,群益金鼎-高雄,2023-08-22,9183
2340,台亞,20,1,19,群益金鼎-高雄,2023-08-22,9183
3035,智原,37,19,18,群益金鼎-高雄,2023-08-22,9183
00712,復華富時不動產,18,0,18,群益金鼎-高雄,2023-08-22,9183
6411,晶焱,17,0,17,群益金鼎-高雄,2023-08-22,9183
2382,廣達,71,55,16,群益金鼎-高雄,2023-08-22,9183
4581,光隆精密-KY,16,0,16,群益金鼎-高雄,2023-08-22,9183
2882,國泰金,15,0,15,群益金鼎-高雄,2023-08-22,9183
3015,全漢,15,0,15,群益金鼎-高雄,2023-08-22,9183
3563,牧德,15,0,15,群益金鼎-高雄,2023-08-22,9183
6695,芯鼎,15,0,15,群益金鼎-高雄,2023-08-22,9183
00637L,元大滬深300正2,14,0,14,群益金鼎-高雄,2023-08-22,9183
2344,華邦電,15,2,13,群益金鼎-高雄,2023-08-22,9183
3037,欣興,14,2,12,群益金鼎-高雄,2023-08-22,9183
2031,新光鋼,12,0,12,群益金鼎-高雄,2023-08-22,9183
8027,鈦昇,13,1,12,群益金鼎-高雄,2023-08-22,9183
00931B,統一美債20年,21,10,11,群益金鼎-高雄,2023-08-22,9183
2881,富邦金,11,0,11,群益金鼎-高雄,2023-08-22,9183
9939,宏全,11,0,11,群益金鼎-高雄,2023-08-22,9183
00913,兆豐台灣晶圓製造,10,0,10,群益金鼎-高雄,2023-08-22,9183
2440,太空梭,10,0,10,群益金鼎-高雄,2023-08-22,9183
2611,志信,10,0,10,群益金鼎-高雄,2023-08-22,9183
2645,長榮航太,14,4,10,群益金鼎-高雄,2023-08-22,9183
2890,永豐金,11,1,10,群益金鼎-高雄,2023-08-22,9183
4916,事欣科,10,0,10,群益金鼎-高雄,2023-08-22,9183
00885,富邦越南,9,0,9,群益金鼎-高雄,2023-08-22,9183
2883,凱基金,9,0,9,群益金鼎-高雄,2023-08-22,9183
6266,泰詠,9,0,9,群益金鼎-高雄,2023-08-22,9183
2002,中鋼,14,5,9,群益金鼎-高雄,2023-08-22,9183
1218,泰山,8,0,8,群益金鼎-高雄,2023-08-22,9183
00643,群益深証中小,8,0,8,群益金鼎-高雄,2023-08-22,9183
1471,首利,36,28,8,群益金鼎-高雄,2023-08-22,9183
2634,漢翔,14,6,8,群益金鼎-高雄,2023-08-22,9183
3163,波若威,23,15,8,群益金鼎-高雄,2023-08-22,9183
6015,宏遠證,8,0,8,群益金鼎-高雄,2023-08-22,9183
2834,臺企銀,7,0,7,群益金鼎-高雄,2023-08-22,9183
9907,統一實,87,0,87,群益金鼎-高雄,2023-08-23,9183
3325,旭品,73,13,60,群益金鼎-高雄,2023-08-23,9183
2618,長榮航,79,31,48,群益金鼎-高雄,2023-08-23,9183
00712,復華富時不動產,45,0,45,群益金鼎-高雄,2023-08-23,9183
00929,復華台灣科技優息,55,14,41,群益金鼎-高雄,2023-08-23,9183
1737,臺鹽,38,1,37,群益金鼎-高雄,2023-08-23,9183
2359,所羅門,42,12,30,群益金鼎-高雄,2023-08-23,9183
4976,佳凌,26,0,26,群益金鼎-高雄,2023-08-23,9183
3483,力致,62,40,22,群益金鼎-高雄,2023-08-23,9183
1708,東鹼,21,0,21,群益金鼎-高雄,2023-08-23,9183
2836,高雄銀,20,0,20,群益金鼎-高雄,2023-08-23,9183
3094,聯傑,22,4,18,群益金鼎-高雄,2023-08-23,9183
6548,長科*,20,2,18,群益金鼎-高雄,2023-08-23,9183
2882,國泰金,22,5,17,群益金鼎-高雄,2023-08-23,9183
5371,中光電,17,1,16,群益金鼎-高雄,2023-08-23,9183
2884,玉山金,16,1,15,群益金鼎-高雄,2023-08-23,9183
1301,台塑,15,0,15,群益金鼎-高雄,2023-08-23,9183
2890,永豐金,15,0,15,群益金鼎-高雄,2023-08-23,9183
3231,緯創,52,38,14,群益金鼎-高雄,2023-08-23,9183
2208,台船,13,0,13,群益金鼎-高雄,2023-08-23,9183
2883,凱基金,13,1,12,群益金鼎-高雄,2023-08-23,9183
2409,友達,20,9,11,群益金鼎-高雄,2023-08-23,9183
3311,閎暉,11,0,11,群益金鼎-高雄,2023-08-23,9183
2603,長榮,11,0,11,群益金鼎-高雄,2023-08-23,9183
1308,亞聚,10,0,10,群益金鼎-高雄,2023-08-23,9183
2605,新興,23,13,10,群益金鼎-高雄,2023-08-23,9183
2641,正德,10,0,10,群益金鼎-高雄,2023-08-23,9183
6124,業強,10,0,10,群益金鼎-高雄,2023-08-23,9183
8422,可寧衛,10,0,10,群益金鼎-高雄,2023-08-23,9183
2329,華泰,74,65,9,群益金鼎-高雄,2023-08-23,9183
1616,億泰,9,0,9,群益金鼎-高雄,2023-08-23,9183
3045,台灣大,9,0,9,群益金鼎-高雄,2023-08-23,9183
6227,茂綸,10,1,9,群益金鼎-高雄,2023-08-23,9183
2891,中信金,20,11,9,群益金鼎-高雄,2023-08-23,9183
2609,陽明,10,2,8,群益金鼎-高雄,2023-08-23,9183
6125,廣運,31,23,8,群益金鼎-高雄,2023-08-23,9183
3689,湧德,10,2,8,群益金鼎-高雄,2023-08-23,9183
00665L,富邦�琤肭磪囓�2,7,0,7,群益金鼎-高雄,2023-08-23,9183
1618,合機,7,0,7,群益金鼎-高雄,2023-08-23,9183
3071,協禧,37,30,7,群益金鼎-高雄,2023-08-23,9183
6282,康舒,23,16,7,群益金鼎-高雄,2023-08-23,9183
2356,英業達,11,5,6,群益金鼎-高雄,2023-08-23,9183
2387,精元,6,0,6,群益金鼎-高雄,2023-08-23,9183
2892,第一金,6,0,6,群益金鼎-高雄,2023-08-23,9183
3041,揚智,6,0,6,群益金鼎-高雄,2023-08-23,9183
4909,新復興,9,3,6,群益金鼎-高雄,2023-08-23,9183
6416,瑞祺電通,6,0,6,群益金鼎-高雄,2023-08-23,9183
2382,廣達,26,20,6,群益金鼎-高雄,2023-08-23,9183
1504,東元,7,2,5,群益金鼎-高雄,2023-08-23,9183
2332,友訊,50,45,5,群益金鼎-高雄,2023-08-23,9183
9907,統一實,265,0,265,群益金鼎-高雄,2023-08-24,9183
4533,協易機,92,15,77,群益金鼎-高雄,2023-08-24,9183
2363,矽統,291,218,73,群益金鼎-高雄,2023-08-24,9183
8213,志超,70,18,52,群益金鼎-高雄,2023-08-24,9183
2399,映泰,54,4,50,群益金鼎-高雄,2023-08-24,9183
2340,台亞,55,7,48,群益金鼎-高雄,2023-08-24,9183
3231,緯創,147,101,46,群益金鼎-高雄,2023-08-24,9183
1708,東鹼,39,0,39,群益金鼎-高雄,2023-08-24,9183
3558,神準,24,1,23,群益金鼎-高雄,2023-08-24,9183
2324,仁寶,46,24,22,群益金鼎-高雄,2023-08-24,9183
5469,瀚宇博,22,2,20,群益金鼎-高雄,2023-08-24,9183
1471,首利,20,1,19,群益金鼎-高雄,2023-08-24,9183
2329,華泰,41,24,17,群益金鼎-高雄,2023-08-24,9183
2359,所羅門,19,3,16,群益金鼎-高雄,2023-08-24,9183
6116,彩晶,16,2,14,群益金鼎-高雄,2023-08-24,9183
2356,英業達,45,32,13,群益金鼎-高雄,2023-08-24,9183
2603,長榮,28,15,13,群益金鼎-高雄,2023-08-24,9183
2880,華南金,13,0,13,群益金鼎-高雄,2023-08-24,9183
5009,榮剛,15,2,13,群益金鼎-高雄,2023-08-24,9183
6125,廣運,22,10,12,群益金鼎-高雄,2023-08-24,9183
1319,東陽,13,2,11,群益金鼎-高雄,2023-08-24,9183
2883,凱基金,18,7,11,群益金鼎-高雄,2023-08-24,9183
4581,光隆精密-KY,11,0,11,群益金鼎-高雄,2023-08-24,9183
8927,北基,11,0,11,群益金鼎-高雄,2023-08-24,9183
3013,晟銘電,25,14,11,群益金鼎-高雄,2023-08-24,9183
1301,台塑,10,0,10,群益金鼎-高雄,2023-08-24,9183
00655L,國泰中國A50正2,10,0,10,群益金鼎-高雄,2023-08-24,9183
1218,泰山,10,0,10,群益金鼎-高雄,2023-08-24,9183
2002,中鋼,12,2,10,群益金鼎-高雄,2023-08-24,9183
2323,中環,10,0,10,群益金鼎-高雄,2023-08-24,9183
1618,合機,9,0,9,群益金鼎-高雄,2023-08-24,9183
9933,中鼎,9,0,9,群益金鼎-高雄,2023-08-24,9183
2344,華邦電,10,1,9,群益金鼎-高雄,2023-08-24,9183
3051,力特,14,6,8,群益金鼎-高雄,2023-08-24,9183
2882,國泰金,7,0,7,群益金鼎-高雄,2023-08-24,9183
4906,正文,60,53,7,群益金鼎-高雄,2023-08-24,9183
4763,材料-KY,7,0,7,群益金鼎-高雄,2023-08-24,9183
3443,創意,13,7,6,群益金鼎-高雄,2023-08-24,9183
3518,柏騰,6,0,6,群益金鼎-高雄,2023-08-24,9183
2457,飛宏,10,4,6,群益金鼎-高雄,2023-08-24,9183
6142,友勁,6,0,6,群益金鼎-高雄,2023-08-24,9183
2888,新光金,12,6,6,群益金鼎-高雄,2023-08-24,9183
3035,智原,18,12,6,群益金鼎-高雄,2023-08-24,9183
2027,大成鋼,6,1,5,群益金鼎-高雄,2023-08-24,9183
2618,長榮航,19,14,5,群益金鼎-高雄,2023-08-24,9183
1227,佳格,5,0,5,群益金鼎-高雄,2023-08-24,9183
00921,兆豐龍頭等權重,5,0,5,群益金鼎-高雄,2023-08-24,9183
1527,鑽全,5,0,5,群益金鼎-高雄,2023-08-24,9183
1721,三晃,5,0,5,群益金鼎-高雄,2023-08-24,9183
2332,友訊,20,15,5,群益金鼎-高雄,2023-08-24,9183
00900,富邦特選高股息30,184,1,183,群益金鼎-高雄,2023-08-25,9183
2409,友達,154,1,153,群益金鼎-高雄,2023-08-25,9183
3325,旭品,153,0,153,群益金鼎-高雄,2023-08-25,9183
2891,中信金,127,0,127,群益金鼎-高雄,2023-08-25,9183
9907,統一實,116,0,116,群益金鼎-高雄,2023-08-25,9183
00753L,中信中國50正2,100,0,100,群益金鼎-高雄,2023-08-25,9183
1314,中石化,100,10,90,群益金鼎-高雄,2023-08-25,9183
00878,國泰永續高股息,110,31,79,群益金鼎-高雄,2023-08-25,9183
3231,緯創,91,35,56,群益金鼎-高雄,2023-08-25,9183
00929,復華台灣科技優息,60,9,51,群益金鼎-高雄,2023-08-25,9183
2605,新興,55,5,50,群益金鼎-高雄,2023-08-25,9183
00919,群益台灣精選高息,59,15,44,群益金鼎-高雄,2023-08-25,9183
2303,聯電,41,1,40,群益金鼎-高雄,2023-08-25,9183
2610,華航,53,14,39,群益金鼎-高雄,2023-08-25,9183
1471,首利,41,2,39,群益金鼎-高雄,2023-08-25,9183
2382,廣達,58,25,33,群益金鼎-高雄,2023-08-25,9183
2618,長榮航,35,9,26,群益金鼎-高雄,2023-08-25,9183
00923,群益台ESG低碳50,23,0,23,群益金鼎-高雄,2023-08-25,9183
1708,東鹼,20,0,20,群益金鼎-高雄,2023-08-25,9183
2440,太空梭,20,0,20,群益金鼎-高雄,2023-08-25,9183
2904,匯僑,20,0,20,群益金鼎-高雄,2023-08-25,9183
8070,長華*,19,0,19,群益金鼎-高雄,2023-08-25,9183
4960,誠美材,22,5,17,群益金鼎-高雄,2023-08-25,9183
3706,神達,16,1,15,群益金鼎-高雄,2023-08-25,9183
2353,宏��,21,7,14,群益金鼎-高雄,2023-08-25,9183
1504,東元,15,1,14,群益金鼎-高雄,2023-08-25,9183
2369,菱生,40,26,14,群益金鼎-高雄,2023-08-25,9183
2317,鴻海,16,3,13,群益金鼎-高雄,2023-08-25,9183
00897,富邦基因免疫生技,12,0,12,群益金鼎-高雄,2023-08-25,9183
6213,聯茂,12,0,12,群益金鼎-高雄,2023-08-25,9183
2330,台積電,12,1,11,群益金鼎-高雄,2023-08-25,9183
00931B,統一美債20年,16,6,10,群益金鼎-高雄,2023-08-25,9183
00719B,元大美債1-3,10,0,10,群益金鼎-高雄,2023-08-25,9183
1210,大成,11,1,10,群益金鼎-高雄,2023-08-25,9183
2399,映泰,20,10,10,群益金鼎-高雄,2023-08-25,9183
4123,晟德,10,0,10,群益金鼎-高雄,2023-08-25,9183
5009,榮剛,11,1,10,群益金鼎-高雄,2023-08-25,9183
3558,神準,11,1,10,群益金鼎-高雄,2023-08-25,9183
2486,一詮,11,2,9,群益金鼎-高雄,2023-08-25,9183
2450,神腦,9,0,9,群益金鼎-高雄,2023-08-25,9183
3491,昇達科,9,0,9,群益金鼎-高雄,2023-08-25,9183
4916,事欣科,10,1,9,群益金鼎-高雄,2023-08-25,9183
3715,定穎投控,42,34,8,群益金鼎-高雄,2023-08-25,9183
00927,群益半導體收益,8,0,8,群益金鼎-高雄,2023-08-25,9183
0050,元大台灣50,7,0,7,群益金鼎-高雄,2023-08-25,9183
9935,慶豐富,7,0,7,群益金鼎-高雄,2023-08-25,9183
3037,欣興,12,6,6,群益金鼎-高雄,2023-08-25,9183
2301,光寶科,32,26,6,群益金鼎-高雄,2023-08-25,9183
2887,台新金,6,0,6,群益金鼎-高雄,2023-08-25,9183
00881,國泰台灣5G+,6,0,6,群益金鼎-高雄,2023-08-25,9183
2888,新光金,420,1,419,群益金鼎-高雄,2023-08-28,9183
9907,統一實,142,0,142,群益金鼎-高雄,2023-08-28,9183
00712,復華富時不動產,110,0,110,群益金鼎-高雄,2023-08-28,9183
2374,佳能,67,4,63,群益金鼎-高雄,2023-08-28,9183
00753L,中信中國50正2,110,57,53,群益金鼎-高雄,2023-08-28,9183
1805,寶徠,49,0,49,群益金鼎-高雄,2023-08-28,9183
00929,復華台灣科技優息,85,46,39,群益金鼎-高雄,2023-08-28,9183
2913,農林,40,2,38,群益金鼎-高雄,2023-08-28,9183
00878,國泰永續高股息,35,4,31,群益金鼎-高雄,2023-08-28,9183
2449,京元電子,46,22,24,群益金鼎-高雄,2023-08-28,9183
2340,台亞,22,0,22,群益金鼎-高雄,2023-08-28,9183
2618,長榮航,25,3,22,群益金鼎-高雄,2023-08-28,9183
2388,威盛,36,16,20,群益金鼎-高雄,2023-08-28,9183
2534,宏盛,20,0,20,群益金鼎-高雄,2023-08-28,9183
6194,育富,20,0,20,群益金鼎-高雄,2023-08-28,9183
2363,矽統,272,254,18,群益金鼎-高雄,2023-08-28,9183
2603,長榮,52,34,18,群益金鼎-高雄,2023-08-28,9183
1810,和成,16,0,16,群益金鼎-高雄,2023-08-28,9183
3563,牧德,16,0,16,群益金鼎-高雄,2023-08-28,9183
4906,正文,104,90,14,群益金鼎-高雄,2023-08-28,9183
6492,生華科,14,0,14,群益金鼎-高雄,2023-08-28,9183
3231,緯創,49,36,13,群益金鼎-高雄,2023-08-28,9183
2748,雲品,12,0,12,群益金鼎-高雄,2023-08-28,9183
00923,群益台ESG低碳50,14,3,11,群益金鼎-高雄,2023-08-28,9183
1584,精剛,14,3,11,群益金鼎-高雄,2023-08-28,9183
4123,晟德,11,0,11,群益金鼎-高雄,2023-08-28,9183
2331,精英,30,19,11,群益金鼎-高雄,2023-08-28,9183
2301,光寶科,20,9,11,群益金鼎-高雄,2023-08-28,9183
6125,廣運,15,5,10,群益金鼎-高雄,2023-08-28,9183
6139,亞翔,11,1,10,群益金鼎-高雄,2023-08-28,9183
8150,南茂,12,2,10,群益金鼎-高雄,2023-08-28,9183
1611,中電,10,0,10,群益金鼎-高雄,2023-08-28,9183
2344,華邦電,10,0,10,群益金鼎-高雄,2023-08-28,9183
3576,聯合再生,10,0,10,群益金鼎-高雄,2023-08-28,9183
4916,事欣科,22,12,10,群益金鼎-高雄,2023-08-28,9183
2332,友訊,14,5,9,群益金鼎-高雄,2023-08-28,9183
6167,久正,10,1,9,群益金鼎-高雄,2023-08-28,9183
8033,雷虎,9,0,9,群益金鼎-高雄,2023-08-28,9183
4533,協易機,9,0,9,群益金鼎-高雄,2023-08-28,9183
3689,湧德,8,0,8,群益金鼎-高雄,2023-08-28,9183
5426,振發,13,5,8,群益金鼎-高雄,2023-08-28,9183
6472,保瑞,17,10,7,群益金鼎-高雄,2023-08-28,9183
2369,菱生,10,3,7,群益金鼎-高雄,2023-08-28,9183
9935,慶豐富,7,0,7,群益金鼎-高雄,2023-08-28,9183
2419,仲琦,13,6,7,群益金鼎-高雄,2023-08-28,9183
3051,力特,43,36,7,群益金鼎-高雄,2023-08-28,9183
3665,貿聯-KY,6,0,6,群益金鼎-高雄,2023-08-28,9183
3094,聯傑,42,36,6,群益金鼎-高雄,2023-08-28,9183
3558,神準,6,0,6,群益金鼎-高雄,2023-08-28,9183
4934,太極,8,2,6,群益金鼎-高雄,2023-08-28,9183
2363,矽統,313,231,82,群益金鼎-高雄,2023-08-29,9183
2352,佳世達,39,1,38,群益金鼎-高雄,2023-08-29,9183
8213,志超,34,0,34,群益金鼎-高雄,2023-08-29,9183
2303,聯電,46,15,31,群益金鼎-高雄,2023-08-29,9183
3481,群創,24,0,24,群益金鼎-高雄,2023-08-29,9183
3011,今皓,34,11,23,群益金鼎-高雄,2023-08-29,9183
3576,聯合再生,24,2,22,群益金鼎-高雄,2023-08-29,9183
4908,前鼎,36,14,22,群益金鼎-高雄,2023-08-29,9183
1708,東鹼,20,0,20,群益金鼎-高雄,2023-08-29,9183
2002,中鋼,19,1,18,群益金鼎-高雄,2023-08-29,9183
2634,漢翔,32,14,18,群益金鼎-高雄,2023-08-29,9183
4720,德淵,18,0,18,群益金鼎-高雄,2023-08-29,9183
2618,長榮航,25,8,17,群益金鼎-高雄,2023-08-29,9183
2105,正新,30,15,15,群益金鼎-高雄,2023-08-29,9183
8033,雷虎,24,10,14,群益金鼎-高雄,2023-08-29,9183
8070,長華*,14,0,14,群益金鼎-高雄,2023-08-29,9183
00878,國泰永續高股息,16,2,14,群益金鼎-高雄,2023-08-29,9183
2388,威盛,13,0,13,群益金鼎-高雄,2023-08-29,9183
3013,晟銘電,14,2,12,群益金鼎-高雄,2023-08-29,9183
2801,彰銀,11,0,11,群益金鼎-高雄,2023-08-29,9183
00651R,復華香港反1,10,0,10,群益金鼎-高雄,2023-08-29,9183
2436,偉詮電,15,5,10,群益金鼎-高雄,2023-08-29,9183
2812,台中銀,10,0,10,群益金鼎-高雄,2023-08-29,9183
3518,柏騰,10,0,10,群益金鼎-高雄,2023-08-29,9183
6139,亞翔,16,6,10,群益金鼎-高雄,2023-08-29,9183
6167,久正,11,1,10,群益金鼎-高雄,2023-08-29,9183
00929,復華台灣科技優息,24,15,9,群益金鼎-高雄,2023-08-29,9183
8222,寶一,28,20,8,群益金鼎-高雄,2023-08-29,9183
2014,中鴻,8,0,8,群益金鼎-高雄,2023-08-29,9183
2323,中環,13,5,8,群益金鼎-高雄,2023-08-29,9183
1218,泰山,6,0,6,群益金鼎-高雄,2023-08-29,9183
2449,京元電子,31,25,6,群益金鼎-高雄,2023-08-29,9183
3035,智原,42,37,5,群益金鼎-高雄,2023-08-29,9183
2330,台積電,6,1,5,群益金鼎-高雄,2023-08-29,9183
1314,中石化,5,0,5,群益金鼎-高雄,2023-08-29,9183
00919,群益台灣精選高息,5,0,5,群益金鼎-高雄,2023-08-29,9183
1522,堤維西,5,0,5,群益金鼎-高雄,2023-08-29,9183
1608,華榮,5,0,5,群益金鼎-高雄,2023-08-29,9183
2312,金寶,6,1,5,群益金鼎-高雄,2023-08-29,9183
2450,神腦,5,0,5,群益金鼎-高雄,2023-08-29,9183
3264,欣銓,6,1,5,群益金鼎-高雄,2023-08-29,9183
4106,雃博,5,0,5,群益金鼎-高雄,2023-08-29,9183
4533,協易機,5,0,5,群益金鼎-高雄,2023-08-29,9183
6164,華興,5,0,5,群益金鼎-高雄,2023-08-29,9183
8908,欣雄,5,0,5,群益金鼎-高雄,2023-08-29,9183
00931B,統一美債20年,12,8,4,群益金鼎-高雄,2023-08-29,9183
2615,萬海,4,0,4,群益金鼎-高雄,2023-08-29,9183
3032,偉訓,4,0,4,群益金鼎-高雄,2023-08-29,9183
4909,新復興,12,8,4,群益金鼎-高雄,2023-08-29,9183
6548,長科*,4,0,4,群益金鼎-高雄,2023-08-29,9183
2409,友達,150,23,127,群益金鼎-高雄,2023-08-30,9183
2888,新光金,203,82,121,群益金鼎-高雄,2023-08-30,9183
00919,群益台灣精選高息,74,0,74,群益金鼎-高雄,2023-08-30,9183
00633L,富邦上証正2,63,0,63,群益金鼎-高雄,2023-08-30,9183
2441,超豐,62,0,62,群益金鼎-高雄,2023-08-30,9183
2834,臺企銀,54,2,52,群益金鼎-高雄,2023-08-30,9183
2637,慧洋-KY,41,0,41,群益金鼎-高雄,2023-08-30,9183
6770,力積電,31,0,31,群益金鼎-高雄,2023-08-30,9183
1612,宏泰,32,2,30,群益金鼎-高雄,2023-08-30,9183
00929,復華台灣科技優息,42,16,26,群益金鼎-高雄,2023-08-30,9183
2618,長榮航,38,14,24,群益金鼎-高雄,2023-08-30,9183
2324,仁寶,44,21,23,群益金鼎-高雄,2023-08-30,9183
3481,群創,38,15,23,群益金鼎-高雄,2023-08-30,9183
00637L,元大滬深300正2,20,0,20,群益金鼎-高雄,2023-08-30,9183
2340,台亞,30,13,17,群益金鼎-高雄,2023-08-30,9183
2485,兆赫,35,22,13,群益金鼎-高雄,2023-08-30,9183
3257,虹冠電,17,5,12,群益金鼎-高雄,2023-08-30,9183
8027,鈦昇,12,0,12,群益金鼎-高雄,2023-08-30,9183
2449,京元電子,44,32,12,群益金鼎-高雄,2023-08-30,9183
00713,元大台灣高息低波,11,0,11,群益金鼎-高雄,2023-08-30,9183
2332,友訊,12,1,11,群益金鼎-高雄,2023-08-30,9183
3046,建��,12,1,11,群益金鼎-高雄,2023-08-30,9183
1904,正隆,11,1,10,群益金鼎-高雄,2023-08-30,9183
2913,農林,10,0,10,群益金鼎-高雄,2023-08-30,9183
6139,亞翔,11,1,10,群益金鼎-高雄,2023-08-30,9183
1471,首利,15,6,9,群益金鼎-高雄,2023-08-30,9183
2329,華泰,33,24,9,群益金鼎-高雄,2023-08-30,9183
3013,晟銘電,10,1,9,群益金鼎-高雄,2023-08-30,9183
2419,仲琦,9,0,9,群益金鼎-高雄,2023-08-30,9183
1402,遠東新,10,1,9,群益金鼎-高雄,2023-08-30,9183
2344,華邦電,12,4,8,群益金鼎-高雄,2023-08-30,9183
1101,台泥,9,1,8,群益金鼎-高雄,2023-08-30,9183
2027,大成鋼,8,1,7,群益金鼎-高雄,2023-08-30,9183
2103,台橡,7,0,7,群益金鼎-高雄,2023-08-30,9183
2352,佳世達,8,1,7,群益金鼎-高雄,2023-08-30,9183
2886,兆豐金,7,0,7,群益金鼎-高雄,2023-08-30,9183
3455,由田,10,3,7,群益金鼎-高雄,2023-08-30,9183
4120,友華,7,0,7,群益金鼎-高雄,2023-08-30,9183
2421,建準,10,3,7,群益金鼎-高雄,2023-08-30,9183
3037,欣興,8,1,7,群益金鼎-高雄,2023-08-30,9183
2458,義隆,6,0,6,群益金鼎-高雄,2023-08-30,9183
1513,中興電,9,3,6,群益金鼎-高雄,2023-08-30,9183
2383,台光電,6,0,6,群益金鼎-高雄,2023-08-30,9183
00722B,群益投資級電信債,5,0,5,群益金鼎-高雄,2023-08-30,9183
2440,太空梭,5,0,5,群益金鼎-高雄,2023-08-30,9183
2486,一詮,5,0,5,群益金鼎-高雄,2023-08-30,9183
5469,瀚宇博,6,1,5,群益金鼎-高雄,2023-08-30,9183
6541,泰福-KY,5,0,5,群益金鼎-高雄,2023-08-30,9183
2337,旺宏,88,83,5,群益金鼎-高雄,2023-08-30,9183
1301,台塑,6,2,4,群益金鼎-高雄,2023-08-30,9183
1314,中石化,105,0,105,群益金鼎-高雄,2023-08-31,9183
2367,燿華,109,4,105,群益金鼎-高雄,2023-08-31,9183
2027,大成鋼,84,10,74,群益金鼎-高雄,2023-08-31,9183
2610,華航,84,23,61,群益金鼎-高雄,2023-08-31,9183
3046,建��,90,37,53,群益金鼎-高雄,2023-08-31,9183
2883,凱基金,51,0,51,群益金鼎-高雄,2023-08-31,9183
2618,長榮航,53,3,50,群益金鼎-高雄,2023-08-31,9183
2891,中信金,58,13,45,群益金鼎-高雄,2023-08-31,9183
2892,第一金,31,0,31,群益金鼎-高雄,2023-08-31,9183
2323,中環,29,0,29,群益金鼎-高雄,2023-08-31,9183
8070,長華*,27,0,27,群益金鼎-高雄,2023-08-31,9183
2324,仁寶,45,20,25,群益金鼎-高雄,2023-08-31,9183
00878,國泰永續高股息,30,6,24,群益金鼎-高雄,2023-08-31,9183
9945,潤泰新,21,0,21,群益金鼎-高雄,2023-08-31,9183
3058,立德,20,0,20,群益金鼎-高雄,2023-08-31,9183
2303,聯電,30,12,18,群益金鼎-高雄,2023-08-31,9183
2337,旺宏,73,57,16,群益金鼎-高雄,2023-08-31,9183
00665L,富邦�琤肭磪囓�2,12,0,12,群益金鼎-高雄,2023-08-31,9183
00900,富邦特選高股息30,13,2,11,群益金鼎-高雄,2023-08-31,9183
1471,首利,19,8,11,群益金鼎-高雄,2023-08-31,9183
1338,廣華-KY,10,0,10,群益金鼎-高雄,2023-08-31,9183
00637L,元大滬深300正2,10,0,10,群益金鼎-高雄,2023-08-31,9183
4916,事欣科,23,13,10,群益金鼎-高雄,2023-08-31,9183
6139,亞翔,12,2,10,群益金鼎-高雄,2023-08-31,9183
6438,迅得,12,2,10,群益金鼎-高雄,2023-08-31,9183
2313,華通,12,3,9,群益金鼎-高雄,2023-08-31,9183
5225,東科-KY,10,1,9,群益金鼎-高雄,2023-08-31,9183
2353,宏��,8,0,8,群益金鼎-高雄,2023-08-31,9183
2886,兆豐金,10,2,8,群益金鼎-高雄,2023-08-31,9183
00885,富邦越南,8,0,8,群益金鼎-高雄,2023-08-31,9183
2880,華南金,8,0,8,群益金鼎-高雄,2023-08-31,9183
6284,佳邦,8,0,8,群益金鼎-高雄,2023-08-31,9183
2890,永豐金,7,1,6,群益金鼎-高雄,2023-08-31,9183
00643,群益深証中小,6,0,6,群益金鼎-高雄,2023-08-31,9183
1409,新纖,6,0,6,群益金鼎-高雄,2023-08-31,9183
1710,東聯,6,0,6,群益金鼎-高雄,2023-08-31,9183
4908,前鼎,6,0,6,群益金鼎-高雄,2023-08-31,9183
4934,太極,6,0,6,群益金鼎-高雄,2023-08-31,9183
6282,康舒,6,0,6,群益金鼎-高雄,2023-08-31,9183
2412,中華電,6,0,6,群益金鼎-高雄,2023-08-31,9183
1303,南亞,9,4,5,群益金鼎-高雄,2023-08-31,9183
1605,華新,12,7,5,群益金鼎-高雄,2023-08-31,9183
00718B,富邦中國政策債,5,0,5,群益金鼎-高雄,2023-08-31,9183
00922,國泰台灣領袖50,5,0,5,群益金鼎-高雄,2023-08-31,9183
1725,元禎,5,0,5,群益金鼎-高雄,2023-08-31,9183
2352,佳世達,5,0,5,群益金鼎-高雄,2023-08-31,9183
2401,凌陽,8,3,5,群益金鼎-高雄,2023-08-31,9183
4167,松瑞藥,5,0,5,群益金鼎-高雄,2023-08-31,9183
6505,台塑化,7,2,5,群益金鼎-高雄,2023-08-31,9183
6531,愛普*,23,18,5,群益金鼎-高雄,2023-08-31,9183
00929,復華台灣科技優息,133,3,130,群益金鼎-高雄,2023-09-01,9183
3231,緯創,153,36,117,群益金鼎-高雄,2023-09-01,9183
00680L,元大美債20正2,82,0,82,群益金鼎-高雄,2023-09-01,9183
2891,中信金,68,4,64,群益金鼎-高雄,2023-09-01,9183
00919,群益台灣精選高息,51,2,49,群益金鼎-高雄,2023-09-01,9183
2888,新光金,60,12,48,群益金鼎-高雄,2023-09-01,9183
6770,力積電,51,3,48,群益金鼎-高雄,2023-09-01,9183
8070,長華*,42,0,42,群益金鼎-高雄,2023-09-01,9183
2337,旺宏,59,19,40,群益金鼎-高雄,2023-09-01,9183
4154,樂威科-KY,33,0,33,群益金鼎-高雄,2023-09-01,9183
4542,科嶠,32,0,32,群益金鼎-高雄,2023-09-01,9183
00632R,元大台灣50反1,30,0,30,群益金鼎-高雄,2023-09-01,9183
2637,慧洋-KY,31,1,30,群益金鼎-高雄,2023-09-01,9183
3576,聯合再生,25,0,25,群益金鼎-高雄,2023-09-01,9183
2105,正新,22,2,20,群益金鼎-高雄,2023-09-01,9183
6168,宏齊,21,1,20,群益金鼎-高雄,2023-09-01,9183
00712,復華富時不動產,23,4,19,群益金鼎-高雄,2023-09-01,9183
5469,瀚宇博,20,1,19,群益金鼎-高雄,2023-09-01,9183
3706,神達,29,11,18,群益金鼎-高雄,2023-09-01,9183
2038,海光,16,0,16,群益金鼎-高雄,2023-09-01,9183
2329,華泰,89,73,16,群益金鼎-高雄,2023-09-01,9183
00878,國泰永續高股息,16,1,15,群益金鼎-高雄,2023-09-01,9183
1616,億泰,19,4,15,群益金鼎-高雄,2023-09-01,9183
3167,大量,15,0,15,群益金鼎-高雄,2023-09-01,9183
00932,兆豐永續高息等權,15,0,15,群益金鼎-高雄,2023-09-01,9183
3622,洋華,19,5,14,群益金鼎-高雄,2023-09-01,9183
6282,康舒,24,10,14,群益金鼎-高雄,2023-09-01,9183
8027,鈦昇,13,0,13,群益金鼎-高雄,2023-09-01,9183
8358,金居,31,18,13,群益金鼎-高雄,2023-09-01,9183
2356,英業達,29,17,12,群益金鼎-高雄,2023-09-01,9183
2363,矽統,330,319,11,群益金鼎-高雄,2023-09-01,9183
1402,遠東新,12,1,11,群益金鼎-高雄,2023-09-01,9183
5328,華容,11,0,11,群益金鼎-高雄,2023-09-01,9183
00655L,國泰中國A50正2,10,0,10,群益金鼎-高雄,2023-09-01,9183
1504,東元,11,1,10,群益金鼎-高雄,2023-09-01,9183
2836,高雄銀,10,0,10,群益金鼎-高雄,2023-09-01,9183
3362,先進光,10,0,10,群益金鼎-高雄,2023-09-01,9183
4563,百德,10,0,10,群益金鼎-高雄,2023-09-01,9183
5426,振發,10,0,10,群益金鼎-高雄,2023-09-01,9183
6139,亞翔,10,0,10,群益金鼎-高雄,2023-09-01,9183
2645,長榮航太,10,0,10,群益金鼎-高雄,2023-09-01,9183
2485,兆赫,52,43,9,群益金鼎-高雄,2023-09-01,9183
1513,中興電,14,5,9,群益金鼎-高雄,2023-09-01,9183
5347,世界,10,1,9,群益金鼎-高雄,2023-09-01,9183
6213,聯茂,18,9,9,群益金鼎-高雄,2023-09-01,9183
1522,堤維西,12,4,8,群益金鼎-高雄,2023-09-01,9183
4938,和碩,12,4,8,群益金鼎-高雄,2023-09-01,9183
3234,光環,10,2,8,群益金鼎-高雄,2023-09-01,9183
2382,廣達,17,10,7,群益金鼎-高雄,2023-09-01,9183
2376,技嘉,17,10,7,群益金鼎-高雄,2023-09-01,9183
2409,友達,177,16,161,群益金鼎-高雄,2023-09-04,9183
3149,正達,139,0,139,群益金鼎-高雄,2023-09-04,9183
2027,大成鋼,88,1,87,群益金鼎-高雄,2023-09-04,9183
6153,嘉聯益,66,4,62,群益金鼎-高雄,2023-09-04,9183
2363,矽統,177,125,52,群益金鼎-高雄,2023-09-04,9183
6190,萬泰科,44,0,44,群益金鼎-高雄,2023-09-04,9183
00680L,元大美債20正2,41,0,41,群益金鼎-高雄,2023-09-04,9183
00931B,統一美債20年,35,0,35,群益金鼎-高雄,2023-09-04,9183
2913,農林,36,1,35,群益金鼎-高雄,2023-09-04,9183
3481,群創,37,7,30,群益金鼎-高雄,2023-09-04,9183
00919,群益台灣精選高息,86,59,27,群益金鼎-高雄,2023-09-04,9183
3325,旭品,23,1,22,群益金鼎-高雄,2023-09-04,9183
3231,緯創,56,35,21,群益金鼎-高雄,2023-09-04,9183
2201,裕隆,46,25,21,群益金鼎-高雄,2023-09-04,9183
6449,鈺邦,21,0,21,群益金鼎-高雄,2023-09-04,9183
6548,長科*,23,2,21,群益金鼎-高雄,2023-09-04,9183
6207,雷科,20,0,20,群益金鼎-高雄,2023-09-04,9183
8933,愛地雅,20,0,20,群益金鼎-高雄,2023-09-04,9183
2371,大同,34,15,19,群益金鼎-高雄,2023-09-04,9183
4542,科嶠,32,16,16,群益金鼎-高雄,2023-09-04,9183
2402,毅嘉,76,60,16,群益金鼎-高雄,2023-09-04,9183
2324,仁寶,23,8,15,群益金鼎-高雄,2023-09-04,9183
2331,精英,14,0,14,群益金鼎-高雄,2023-09-04,9183
2206,三陽工業,28,15,13,群益金鼎-高雄,2023-09-04,9183
2340,台亞,18,5,13,群益金鼎-高雄,2023-09-04,9183
2609,陽明,21,8,13,群益金鼎-高雄,2023-09-04,9183
00632R,元大台灣50反1,11,0,11,群益金鼎-高雄,2023-09-04,9183
2618,長榮航,14,3,11,群益金鼎-高雄,2023-09-04,9183
1618,合機,15,4,11,群益金鼎-高雄,2023-09-04,9183
00650L,復華香港正2,10,0,10,群益金鼎-高雄,2023-09-04,9183
2355,敬鵬,14,4,10,群益金鼎-高雄,2023-09-04,9183
2485,兆赫,16,6,10,群益金鼎-高雄,2023-09-04,9183
2634,漢翔,27,17,10,群益金鼎-高雄,2023-09-04,9183
4155,訊映,10,0,10,群益金鼎-高雄,2023-09-04,9183
6167,久正,10,0,10,群益金鼎-高雄,2023-09-04,9183
1802,台玻,15,6,9,群益金鼎-高雄,2023-09-04,9183
2236,百達-KY,9,0,9,群益金鼎-高雄,2023-09-04,9183
3588,通嘉,39,31,8,群益金鼎-高雄,2023-09-04,9183
2323,中環,13,5,8,群益金鼎-高雄,2023-09-04,9183
3576,聯合再生,10,2,8,群益金鼎-高雄,2023-09-04,9183
5426,振發,22,14,8,群益金鼎-高雄,2023-09-04,9183
8410,森田,8,0,8,群益金鼎-高雄,2023-09-04,9183
2376,技嘉,21,14,7,群益金鼎-高雄,2023-09-04,9183
5347,世界,13,6,7,群益金鼎-高雄,2023-09-04,9183
2204,中華,15,8,7,群益金鼎-高雄,2023-09-04,9183
00719B,元大美債1-3,7,0,7,群益金鼎-高雄,2023-09-04,9183
6139,亞翔,8,1,7,群益金鼎-高雄,2023-09-04,9183
6695,芯鼎,7,0,7,群益金鼎-高雄,2023-09-04,9183
2382,廣達,18,11,7,群益金鼎-高雄,2023-09-04,9183
2364,倫飛,7,0,7,群益金鼎-高雄,2023-09-04,9183
00919,群益台灣精選高息,250,7,243,群益金鼎-高雄,2023-09-05,9183
0056,元大高股息,201,1,200,群益金鼎-高雄,2023-09-05,9183
00753L,中信中國50正2,150,0,150,群益金鼎-高雄,2023-09-05,9183
6548,長科*,69,0,69,群益金鼎-高雄,2023-09-05,9183
2369,菱生,64,9,55,群益金鼎-高雄,2023-09-05,9183
9907,統一實,51,0,51,群益金鼎-高雄,2023-09-05,9183
2409,友達,43,6,37,群益金鼎-高雄,2023-09-05,9183
00929,復華台灣科技優息,61,26,35,群益金鼎-高雄,2023-09-05,9183
8070,長華*,24,0,24,群益金鼎-高雄,2023-09-05,9183
9136,巨騰-DR,23,0,23,群益金鼎-高雄,2023-09-05,9183
6190,萬泰科,21,0,21,群益金鼎-高雄,2023-09-05,9183
2634,漢翔,24,6,18,群益金鼎-高雄,2023-09-05,9183
2610,華航,28,12,16,群益金鼎-高雄,2023-09-05,9183
2402,毅嘉,48,32,16,群益金鼎-高雄,2023-09-05,9183
3051,力特,26,11,15,群益金鼎-高雄,2023-09-05,9183
5347,世界,15,0,15,群益金鼎-高雄,2023-09-05,9183
6122,擎邦,60,45,15,群益金鼎-高雄,2023-09-05,9183
2324,仁寶,27,13,14,群益金鼎-高雄,2023-09-05,9183
2881,富邦金,14,0,14,群益金鼎-高雄,2023-09-05,9183
6153,嘉聯益,14,0,14,群益金鼎-高雄,2023-09-05,9183
2442,新美齊,12,0,12,群益金鼎-高雄,2023-09-05,9183
4909,新復興,12,0,12,群益金鼎-高雄,2023-09-05,9183
5285,界霖,13,1,12,群益金鼎-高雄,2023-09-05,9183
4563,百德,11,0,11,群益金鼎-高雄,2023-09-05,9183
2436,偉詮電,51,41,10,群益金鼎-高雄,2023-09-05,9183
2882,國泰金,10,0,10,群益金鼎-高雄,2023-09-05,9183
2618,長榮航,13,3,10,群益金鼎-高雄,2023-09-05,9183
2889,國票金,10,0,10,群益金鼎-高雄,2023-09-05,9183
4916,事欣科,11,1,10,群益金鼎-高雄,2023-09-05,9183
2312,金寶,10,0,10,群益金鼎-高雄,2023-09-05,9183
2883,凱基金,10,0,10,群益金鼎-高雄,2023-09-05,9183
3481,群創,21,12,9,群益金鼎-高雄,2023-09-05,9183
5469,瀚宇博,10,1,9,群益金鼎-高雄,2023-09-05,9183
8927,北基,9,0,9,群益金鼎-高雄,2023-09-05,9183
6531,愛普*,22,13,9,群益金鼎-高雄,2023-09-05,9183
1616,億泰,8,0,8,群益金鼎-高雄,2023-09-05,9183
1773,勝一,8,0,8,群益金鼎-高雄,2023-09-05,9183
2486,一詮,21,13,8,群益金鼎-高雄,2023-09-05,9183
2880,華南金,8,0,8,群益金鼎-高雄,2023-09-05,9183
2374,佳能,8,0,8,群益金鼎-高雄,2023-09-05,9183
2027,大成鋼,11,3,8,群益金鼎-高雄,2023-09-05,9183
00633L,富邦上証正2,7,0,7,群益金鼎-高雄,2023-09-05,9183
00680L,元大美債20正2,7,0,7,群益金鼎-高雄,2023-09-05,9183
2809,京城銀,7,0,7,群益金鼎-高雄,2023-09-05,9183
4906,正文,16,9,7,群益金鼎-高雄,2023-09-05,9183
3588,通嘉,16,9,7,群益金鼎-高雄,2023-09-05,9183
2633,台灣高鐵,6,0,6,群益金鼎-高雄,2023-09-05,9183
1319,東陽,8,2,6,群益金鼎-高雄,2023-09-05,9183
1605,華新,6,0,6,群益金鼎-高雄,2023-09-05,9183
3322,建舜電,6,0,6,群益金鼎-高雄,2023-09-05,9183
2409,友達,371,73,298,群益金鼎-高雄,2023-09-06,9183
3149,正達,218,36,182,群益金鼎-高雄,2023-09-06,9183
2891,中信金,147,0,147,群益金鼎-高雄,2023-09-06,9183
00753L,中信中國50正2,102,0,102,群益金鼎-高雄,2023-09-06,9183
2633,台灣高鐵,101,0,101,群益金鼎-高雄,2023-09-06,9183
2888,新光金,100,0,100,群益金鼎-高雄,2023-09-06,9183
00929,復華台灣科技優息,169,80,89,群益金鼎-高雄,2023-09-06,9183
2401,凌陽,85,12,73,群益金鼎-高雄,2023-09-06,9183
2367,燿華,65,0,65,群益金鼎-高雄,2023-09-06,9183
6190,萬泰科,65,0,65,群益金鼎-高雄,2023-09-06,9183
00878,國泰永續高股息,63,12,51,群益金鼎-高雄,2023-09-06,9183
5381,合正,71,23,48,群益金鼎-高雄,2023-09-06,9183
3481,群創,45,3,42,群益金鼎-高雄,2023-09-06,9183
00680L,元大美債20正2,39,0,39,群益金鼎-高雄,2023-09-06,9183
6548,長科*,38,0,38,群益金鼎-高雄,2023-09-06,9183
2344,華邦電,37,0,37,群益金鼎-高雄,2023-09-06,9183
2025,千興,30,0,30,群益金鼎-高雄,2023-09-06,9183
8112,至上,76,49,27,群益金鼎-高雄,2023-09-06,9183
2363,矽統,165,141,24,群益金鼎-高雄,2023-09-06,9183
8070,長華*,23,0,23,群益金鼎-高雄,2023-09-06,9183
2887,台新金,31,9,22,群益金鼎-高雄,2023-09-06,9183
00923,群益台ESG低碳50,21,0,21,群益金鼎-高雄,2023-09-06,9183
2606,裕民,21,0,21,群益金鼎-高雄,2023-09-06,9183
00931B,統一美債20年,19,0,19,群益金鼎-高雄,2023-09-06,9183
1101,台泥,18,1,17,群益金鼎-高雄,2023-09-06,9183
2882,國泰金,23,6,17,群益金鼎-高雄,2023-09-06,9183
2816,旺旺保,23,6,17,群益金鼎-高雄,2023-09-06,9183
2353,宏��,21,5,16,群益金鼎-高雄,2023-09-06,9183
2883,凱基金,15,0,15,群益金鼎-高雄,2023-09-06,9183
00637L,元大滬深300正2,14,0,14,群益金鼎-高雄,2023-09-06,9183
00857B,永豐20年美公債,14,0,14,群益金鼎-高雄,2023-09-06,9183
2323,中環,15,1,14,群益金鼎-高雄,2023-09-06,9183
5880,合庫金,13,0,13,群益金鼎-高雄,2023-09-06,9183
1218,泰山,13,0,13,群益金鼎-高雄,2023-09-06,9183
00932,兆豐永續高息等權,43,30,13,群益金鼎-高雄,2023-09-06,9183
3189,景碩,13,0,13,群益金鼎-高雄,2023-09-06,9183
5353,台林,13,0,13,群益金鼎-高雄,2023-09-06,9183
8068,全達,13,1,12,群益金鼎-高雄,2023-09-06,9183
5302,太欣,19,8,11,群益金鼎-高雄,2023-09-06,9183
2886,兆豐金,16,5,11,群益金鼎-高雄,2023-09-06,9183
1540,喬福,10,0,10,群益金鼎-高雄,2023-09-06,9183
1708,東鹼,10,0,10,群益金鼎-高雄,2023-09-06,9183
2645,長榮航太,20,10,10,群益金鼎-高雄,2023-09-06,9183
3563,牧德,10,0,10,群益金鼎-高雄,2023-09-06,9183
5426,振發,10,0,10,群益金鼎-高雄,2023-09-06,9183
8064,東捷,30,20,10,群益金鼎-高雄,2023-09-06,9183
3706,神達,24,14,10,群益金鼎-高雄,2023-09-06,9183
2615,萬海,9,0,9,群益金鼎-高雄,2023-09-06,9183
4533,協易機,11,2,9,群益金鼎-高雄,2023-09-06,9183
5521,工信,9,0,9,群益金鼎-高雄,2023-09-06,9183
2409,友達,251,66,185,群益金鼎-高雄,2023-09-07,9183
6120,達運,100,0,100,群益金鼎-高雄,2023-09-07,9183
2614,東森,88,2,86,群益金鼎-高雄,2023-09-07,9183
8112,至上,95,23,72,群益金鼎-高雄,2023-09-07,9183
8068,全達,61,8,53,群益金鼎-高雄,2023-09-07,9183
00673R,期元大S＆P原油反1,50,0,50,群益金鼎-高雄,2023-09-07,9183
4960,誠美材,50,10,40,群益金鼎-高雄,2023-09-07,9183
8422,可寧衛,35,1,34,群益金鼎-高雄,2023-09-07,9183
2358,廷鑫,42,15,27,群益金鼎-高雄,2023-09-07,9183
2618,長榮航,29,4,25,群益金鼎-高雄,2023-09-07,9183
2312,金寶,25,0,25,群益金鼎-高雄,2023-09-07,9183
00900,富邦特選高股息30,26,2,24,群益金鼎-高雄,2023-09-07,9183
2891,中信金,24,0,24,群益金鼎-高雄,2023-09-07,9183
2884,玉山金,22,0,22,群益金鼎-高雄,2023-09-07,9183
2356,英業達,22,4,18,群益金鼎-高雄,2023-09-07,9183
2816,旺旺保,17,0,17,群益金鼎-高雄,2023-09-07,9183
00919,群益台灣精選高息,34,18,16,群益金鼎-高雄,2023-09-07,9183
00915,凱基優選高股息30,15,0,15,群益金鼎-高雄,2023-09-07,9183
00907,永豐優息存股,15,0,15,群益金鼎-高雄,2023-09-07,9183
00665L,富邦�琤肭磪囓�2,15,0,15,群益金鼎-高雄,2023-09-07,9183
2913,農林,15,0,15,群益金鼎-高雄,2023-09-07,9183
6282,康舒,16,1,15,群益金鼎-高雄,2023-09-07,9183
2313,華通,32,17,15,群益金鼎-高雄,2023-09-07,9183
5353,台林,26,12,14,群益金鼎-高雄,2023-09-07,9183
5483,中美晶,16,3,13,群益金鼎-高雄,2023-09-07,9183
2504,國產,14,1,13,群益金鼎-高雄,2023-09-07,9183
2887,台新金,13,0,13,群益金鼎-高雄,2023-09-07,9183
9136,巨騰-DR,13,0,13,群益金鼎-高雄,2023-09-07,9183
00878,國泰永續高股息,12,0,12,群益金鼎-高雄,2023-09-07,9183
00918,大華優利高填息30,12,0,12,群益金鼎-高雄,2023-09-07,9183
00637L,元大滬深300正2,13,1,12,群益金鼎-高雄,2023-09-07,9183
3149,正達,49,37,12,群益金鼎-高雄,2023-09-07,9183
6190,萬泰科,22,10,12,群益金鼎-高雄,2023-09-07,9183
2324,仁寶,17,6,11,群益金鼎-高雄,2023-09-07,9183
2340,台亞,11,0,11,群益金鼎-高雄,2023-09-07,9183
3078,僑威,12,1,11,群益金鼎-高雄,2023-09-07,9183
1218,泰山,10,0,10,群益金鼎-高雄,2023-09-07,9183
1708,東鹼,10,0,10,群益金鼎-高雄,2023-09-07,9183
1802,台玻,11,1,10,群益金鼎-高雄,2023-09-07,9183
2486,一詮,18,8,10,群益金鼎-高雄,2023-09-07,9183
6243,迅杰,17,7,10,群益金鼎-高雄,2023-09-07,9183
00679B,元大美債20年,9,0,9,群益金鼎-高雄,2023-09-07,9183
2355,敬鵬,10,1,9,群益金鼎-高雄,2023-09-07,9183
2610,華航,15,6,9,群益金鼎-高雄,2023-09-07,9183
4906,正文,20,11,9,群益金鼎-高雄,2023-09-07,9183
3231,緯創,14,6,8,群益金鼎-高雄,2023-09-07,9183
2329,華泰,10,2,8,群益金鼎-高雄,2023-09-07,9183
3038,全台,8,0,8,群益金鼎-高雄,2023-09-07,9183
4919,新唐,8,0,8,群益金鼎-高雄,2023-09-07,9183
1616,億泰,8,1,7,群益金鼎-高雄,2023-09-07,9183
2409,友達,221,2,219,群益金鼎-高雄,2023-09-08,9183
00919,群益台灣精選高息,83,4,79,群益金鼎-高雄,2023-09-08,9183
2025,千興,60,0,60,群益金鼎-高雄,2023-09-08,9183
2328,廣宇,50,1,49,群益金鼎-高雄,2023-09-08,9183
8390,金益鼎,50,5,45,群益金鼎-高雄,2023-09-08,9183
2891,中信金,46,8,38,群益金鼎-高雄,2023-09-08,9183
2887,台新金,35,0,35,群益金鼎-高雄,2023-09-08,9183
4532,瑞智,35,0,35,群益金鼎-高雄,2023-09-08,9183
9907,統一實,33,0,33,群益金鼎-高雄,2023-09-08,9183
2358,廷鑫,175,146,29,群益金鼎-高雄,2023-09-08,9183
9105,泰金寶-DR,40,11,29,群益金鼎-高雄,2023-09-08,9183
9136,巨騰-DR,26,0,26,群益金鼎-高雄,2023-09-08,9183
00929,復華台灣科技優息,55,30,25,群益金鼎-高雄,2023-09-08,9183
00637L,元大滬深300正2,23,0,23,群益金鼎-高雄,2023-09-08,9183
1609,大亞,23,0,23,群益金鼎-高雄,2023-09-08,9183
00673R,期元大S＆P原油反1,21,0,21,群益金鼎-高雄,2023-09-08,9183
1540,喬福,20,0,20,群益金鼎-高雄,2023-09-08,9183
8070,長華*,19,0,19,群益金鼎-高雄,2023-09-08,9183
2442,新美齊,17,0,17,群益金鼎-高雄,2023-09-08,9183
2402,毅嘉,34,18,16,群益金鼎-高雄,2023-09-08,9183
2344,華邦電,34,20,14,群益金鼎-高雄,2023-09-08,9183
2369,菱生,18,4,14,群益金鼎-高雄,2023-09-08,9183
2450,神腦,14,0,14,群益金鼎-高雄,2023-09-08,9183
2485,兆赫,17,3,14,群益金鼎-高雄,2023-09-08,9183
2618,長榮航,13,0,13,群益金鼎-高雄,2023-09-08,9183
3231,緯創,37,24,13,群益金鼎-高雄,2023-09-08,9183
2027,大成鋼,11,0,11,群益金鼎-高雄,2023-09-08,9183
00918,大華優利高填息30,10,0,10,群益金鼎-高雄,2023-09-08,9183
00655L,國泰中國A50正2,10,0,10,群益金鼎-高雄,2023-09-08,9183
2428,興勤,10,0,10,群益金鼎-高雄,2023-09-08,9183
2630,亞航,25,15,10,群益金鼎-高雄,2023-09-08,9183
2641,正德,10,0,10,群益金鼎-高雄,2023-09-08,9183
3264,欣銓,12,2,10,群益金鼎-高雄,2023-09-08,9183
4945,陞達科技,9,0,9,群益金鼎-高雄,2023-09-08,9183
6274,台燿,12,3,9,群益金鼎-高雄,2023-09-08,9183
5483,中美晶,10,2,8,群益金鼎-高雄,2023-09-08,9183
2606,裕民,11,3,8,群益金鼎-高雄,2023-09-08,9183
4123,晟德,8,0,8,群益金鼎-高雄,2023-09-08,9183
1101,台泥,8,1,7,群益金鼎-高雄,2023-09-08,9183
2436,偉詮電,16,9,7,群益金鼎-高雄,2023-09-08,9183
2364,倫飛,7,0,7,群益金鼎-高雄,2023-09-08,9183
3362,先進光,7,0,7,群益金鼎-高雄,2023-09-08,9183
5381,合正,12,5,7,群益金鼎-高雄,2023-09-08,9183
8034,榮群,10,3,7,群益金鼎-高雄,2023-09-08,9183
8927,北基,7,0,7,群益金鼎-高雄,2023-09-08,9183
1471,首利,21,14,7,群益金鼎-高雄,2023-09-08,9183
6282,康舒,6,0,6,群益金鼎-高雄,2023-09-08,9183
00753L,中信中國50正2,6,0,6,群益金鼎-高雄,2023-09-08,9183
6015,宏遠證,6,0,6,群益金鼎-高雄,2023-09-08,9183
6443,元晶,6,0,6,群益金鼎-高雄,2023-09-08,9183
3231,緯創,122,27,95,群益金鼎-高雄,2023-09-11,9183
2891,中信金,108,14,94,群益金鼎-高雄,2023-09-11,9183
8068,全達,92,11,81,群益金鼎-高雄,2023-09-11,9183
9136,巨騰-DR,80,0,80,群益金鼎-高雄,2023-09-11,9183
2025,千興,88,10,78,群益金鼎-高雄,2023-09-11,9183
00919,群益台灣精選高息,77,2,75,群益金鼎-高雄,2023-09-11,9183
6770,力積電,73,5,68,群益金鼎-高雄,2023-09-11,9183
2887,台新金,76,8,68,群益金鼎-高雄,2023-09-11,9183
00878,國泰永續高股息,64,1,63,群益金鼎-高雄,2023-09-11,9183
2363,矽統,143,81,62,群益金鼎-高雄,2023-09-11,9183
2323,中環,253,192,61,群益金鼎-高雄,2023-09-11,9183
3545,敦泰,56,6,50,群益金鼎-高雄,2023-09-11,9183
00931B,統一美債20年,48,0,48,群益金鼎-高雄,2023-09-11,9183
1522,堤維西,51,4,47,群益金鼎-高雄,2023-09-11,9183
00753L,中信中國50正2,50,5,45,群益金鼎-高雄,2023-09-11,9183
00897,富邦基因免疫生技,40,0,40,群益金鼎-高雄,2023-09-11,9183
6548,長科*,44,4,40,群益金鼎-高雄,2023-09-11,9183
00929,復華台灣科技優息,70,31,39,群益金鼎-高雄,2023-09-11,9183
00918,大華優利高填息30,34,0,34,群益金鼎-高雄,2023-09-11,9183
3374,精材,30,0,30,群益金鼎-高雄,2023-09-11,9183
2027,大成鋼,29,0,29,群益金鼎-高雄,2023-09-11,9183
2352,佳世達,35,9,26,群益金鼎-高雄,2023-09-11,9183
1471,首利,34,11,23,群益金鼎-高雄,2023-09-11,9183
3483,力致,24,1,23,群益金鼎-高雄,2023-09-11,9183
2002,中鋼,23,2,21,群益金鼎-高雄,2023-09-11,9183
3043,科風,21,2,19,群益金鼎-高雄,2023-09-11,9183
00900,富邦特選高股息30,18,0,18,群益金鼎-高雄,2023-09-11,9183
2618,長榮航,24,6,18,群益金鼎-高雄,2023-09-11,9183
6282,康舒,20,2,18,群益金鼎-高雄,2023-09-11,9183
8358,金居,24,7,17,群益金鼎-高雄,2023-09-11,9183
6411,晶焱,15,0,15,群益金鼎-高雄,2023-09-11,9183
00632R,元大台灣50反1,15,0,15,群益金鼎-高雄,2023-09-11,9183
2330,台積電,14,0,14,群益金鼎-高雄,2023-09-11,9183
8027,鈦昇,14,0,14,群益金鼎-高雄,2023-09-11,9183
2369,菱生,18,4,14,群益金鼎-高雄,2023-09-11,9183
00881,國泰台灣5G+,13,0,13,群益金鼎-高雄,2023-09-11,9183
1587,吉茂,13,0,13,群益金鼎-高雄,2023-09-11,9183
2610,華航,13,0,13,群益金鼎-高雄,2023-09-11,9183
1305,華夏,14,2,12,群益金鼎-高雄,2023-09-11,9183
1515,力山,17,5,12,群益金鼎-高雄,2023-09-11,9183
2883,凱基金,15,4,11,群益金鼎-高雄,2023-09-11,9183
6274,台燿,12,2,10,群益金鼎-高雄,2023-09-11,9183
00696B,富邦美債20年,10,0,10,群益金鼎-高雄,2023-09-11,9183
00673R,期元大S＆P原油反1,10,0,10,群益金鼎-高雄,2023-09-11,9183
1707,葡萄王,10,0,10,群益金鼎-高雄,2023-09-11,9183
2313,華通,21,11,10,群益金鼎-高雄,2023-09-11,9183
2515,中工,10,0,10,群益金鼎-高雄,2023-09-11,9183
6257,矽格,10,0,10,群益金鼎-高雄,2023-09-11,9183
0056,元大高股息,9,0,9,群益金鼎-高雄,2023-09-11,9183
2376,技嘉,21,12,9,群益金鼎-高雄,2023-09-11,9183
2498,宏達電,131,0,131,群益金鼎-高雄,2023-09-12,9183
9907,統一實,120,0,120,群益金鼎-高雄,2023-09-12,9183
8068,全達,121,12,109,群益金鼎-高雄,2023-09-12,9183
00680L,元大美債20正2,75,0,75,群益金鼎-高雄,2023-09-12,9183
8213,志超,88,21,67,群益金鼎-高雄,2023-09-12,9183
8358,金居,32,0,32,群益金鼎-高雄,2023-09-12,9183
3380,明泰,32,1,31,群益金鼎-高雄,2023-09-12,9183
2402,毅嘉,30,0,30,群益金鼎-高雄,2023-09-12,9183
4967,十銓,31,1,30,群益金鼎-高雄,2023-09-12,9183
00929,復華台灣科技優息,50,22,28,群益金鼎-高雄,2023-09-12,9183
9136,巨騰-DR,23,0,23,群益金鼎-高雄,2023-09-12,9183
2313,華通,69,48,21,群益金鼎-高雄,2023-09-12,9183
2913,農林,21,0,21,群益金鼎-高雄,2023-09-12,9183
2027,大成鋼,20,0,20,群益金鼎-高雄,2023-09-12,9183
3682,亞太電,20,0,20,群益金鼎-高雄,2023-09-12,9183
6877,鏵友益,22,3,19,群益金鼎-高雄,2023-09-12,9183
2363,矽統,178,163,15,群益金鼎-高雄,2023-09-12,9183
6120,達運,15,0,15,群益金鼎-高雄,2023-09-12,9183
1402,遠東新,14,0,14,群益金鼎-高雄,2023-09-12,9183
5381,合正,19,5,14,群益金鼎-高雄,2023-09-12,9183
2891,中信金,17,4,13,群益金鼎-高雄,2023-09-12,9183
3264,欣銓,13,1,12,群益金鼎-高雄,2023-09-12,9183
3178,公準,14,3,11,群益金鼎-高雄,2023-09-12,9183
3035,智原,47,36,11,群益金鼎-高雄,2023-09-12,9183
2356,英業達,11,1,10,群益金鼎-高雄,2023-09-12,9183
2399,映泰,10,0,10,群益金鼎-高雄,2023-09-12,9183
5426,振發,10,0,10,群益金鼎-高雄,2023-09-12,9183
9105,泰金寶-DR,10,0,10,群益金鼎-高雄,2023-09-12,9183
00878,國泰永續高股息,42,33,9,群益金鼎-高雄,2023-09-12,9183
00915,凱基優選高股息30,9,0,9,群益金鼎-高雄,2023-09-12,9183
00919,群益台灣精選高息,11,2,9,群益金鼎-高雄,2023-09-12,9183
1473,台南,8,0,8,群益金鼎-高雄,2023-09-12,9183
1795,美時,13,5,8,群益金鼎-高雄,2023-09-12,9183
3363,上詮,31,23,8,群益金鼎-高雄,2023-09-12,9183
3715,定穎投控,30,23,7,群益金鼎-高雄,2023-09-12,9183
00757,統一FANG+,7,0,7,群益金鼎-高雄,2023-09-12,9183
2405,輔信,13,6,7,群益金鼎-高雄,2023-09-12,9183
4561,健椿,7,0,7,群益金鼎-高雄,2023-09-12,9183
2425,承啟,6,0,6,群益金鼎-高雄,2023-09-12,9183
6491,晶碩,6,0,6,群益金鼎-高雄,2023-09-12,9183
6443,元晶,6,0,6,群益金鼎-高雄,2023-09-12,9183
00633L,富邦上証正2,6,0,6,群益金鼎-高雄,2023-09-12,9183
2329,華泰,11,5,6,群益金鼎-高雄,2023-09-12,9183
2332,友訊,7,1,6,群益金鼎-高雄,2023-09-12,9183
2472,立隆電,6,0,6,群益金鼎-高雄,2023-09-12,9183
3454,晶睿,6,0,6,群益金鼎-高雄,2023-09-12,9183
5258,虹堡,7,1,6,群益金鼎-高雄,2023-09-12,9183
2022,聚亨,6,0,6,群益金鼎-高雄,2023-09-12,9183
00679B,元大美債20年,6,0,6,群益金鼎-高雄,2023-09-12,9183
2002,中鋼,7,1,6,群益金鼎-高雄,2023-09-12,9183
00919,群益台灣精選高息,343,34,309,群益金鼎-高雄,2023-09-13,9183
2409,友達,230,4,226,群益金鼎-高雄,2023-09-13,9183
2891,中信金,82,8,74,群益金鼎-高雄,2023-09-13,9183
2025,千興,178,108,70,群益金鼎-高雄,2023-09-13,9183
8068,全達,53,2,51,群益金鼎-高雄,2023-09-13,9183
00929,復華台灣科技優息,82,37,45,群益金鼎-高雄,2023-09-13,9183
8064,東捷,30,0,30,群益金鼎-高雄,2023-09-13,9183
2387,精元,39,11,28,群益金鼎-高雄,2023-09-13,9183
9136,巨騰-DR,26,0,26,群益金鼎-高雄,2023-09-13,9183
6282,康舒,25,0,25,群益金鼎-高雄,2023-09-13,9183
00633L,富邦上証正2,20,0,20,群益金鼎-高雄,2023-09-13,9183
5465,富驊,20,0,20,群益金鼎-高雄,2023-09-13,9183
9907,統一實,20,0,20,群益金鼎-高雄,2023-09-13,9183
3231,緯創,32,13,19,群益金鼎-高雄,2023-09-13,9183
2340,台亞,29,10,19,群益金鼎-高雄,2023-09-13,9183
00878,國泰永續高股息,12,0,12,群益金鼎-高雄,2023-09-13,9183
2816,旺旺保,12,0,12,群益金鼎-高雄,2023-09-13,9183
3694,海華,13,1,12,群益金鼎-高雄,2023-09-13,9183
2634,漢翔,13,2,11,群益金鼎-高雄,2023-09-13,9183
2312,金寶,11,0,11,群益金鼎-高雄,2023-09-13,9183
2352,佳世達,17,6,11,群益金鼎-高雄,2023-09-13,9183
00680L,元大美債20正2,10,0,10,群益金鼎-高雄,2023-09-13,9183
00720B,元大投資級公司債,10,0,10,群益金鼎-高雄,2023-09-13,9183
00643,群益深証中小,10,0,10,群益金鼎-高雄,2023-09-13,9183
00882,中信中國高股息,10,0,10,群益金鼎-高雄,2023-09-13,9183
2062,橋椿,10,0,10,群益金鼎-高雄,2023-09-13,9183
4987,科誠,10,0,10,群益金鼎-高雄,2023-09-13,9183
5009,榮剛,15,5,10,群益金鼎-高雄,2023-09-13,9183
020022,元大電動車N,10,1,9,群益金鼎-高雄,2023-09-13,9183
00918,大華優利高填息30,10,1,9,群益金鼎-高雄,2023-09-13,9183
2374,佳能,17,8,9,群益金鼎-高雄,2023-09-13,9183
2449,京元電子,21,13,8,群益金鼎-高雄,2023-09-13,9183
3209,全科,27,19,8,群益金鼎-高雄,2023-09-13,9183
2330,台積電,9,1,8,群益金鼎-高雄,2023-09-13,9183
3711,日月光投控,7,0,7,群益金鼎-高雄,2023-09-13,9183
3213,茂訊,8,1,7,群益金鼎-高雄,2023-09-13,9183
3481,群創,12,5,7,群益金鼎-高雄,2023-09-13,9183
3499,環天科,7,0,7,群益金鼎-高雄,2023-09-13,9183
2883,凱基金,6,0,6,群益金鼎-高雄,2023-09-13,9183
6285,啟��,12,6,6,群益金鼎-高雄,2023-09-13,9183
0050,元大台灣50,6,0,6,群益金鼎-高雄,2023-09-13,9183
1446,宏和,6,0,6,群益金鼎-高雄,2023-09-13,9183
2356,英業達,18,12,6,群益金鼎-高雄,2023-09-13,9183
6257,矽格,6,0,6,群益金鼎-高雄,2023-09-13,9183
8222,寶一,7,1,6,群益金鼎-高雄,2023-09-13,9183
4909,新復興,5,0,5,群益金鼎-高雄,2023-09-13,9183
5210,寶碩,5,0,5,群益金鼎-高雄,2023-09-13,9183
1303,南亞,5,0,5,群益金鼎-高雄,2023-09-13,9183
1210,大成,5,0,5,群益金鼎-高雄,2023-09-13,9183
00922,國泰台灣領袖50,5,0,5,群益金鼎-高雄,2023-09-13,9183
00919,群益台灣精選高息,366,68,298,群益金鼎-高雄,2023-09-14,9183
6548,長科*,209,35,174,群益金鼎-高雄,2023-09-14,9183
00753L,中信中國50正2,60,0,60,群益金鼎-高雄,2023-09-14,9183
2323,中環,44,5,39,群益金鼎-高雄,2023-09-14,9183
6005,群益證,35,0,35,群益金鼎-高雄,2023-09-14,9183
8213,志超,34,0,34,群益金鼎-高雄,2023-09-14,9183
9907,統一實,31,0,31,群益金鼎-高雄,2023-09-14,9183
2891,中信金,32,4,28,群益金鼎-高雄,2023-09-14,9183
4906,正文,32,8,24,群益金鼎-高雄,2023-09-14,9183
2340,台亞,38,14,24,群益金鼎-高雄,2023-09-14,9183
5347,世界,20,0,20,群益金鼎-高雄,2023-09-14,9183
2641,正德,25,5,20,群益金鼎-高雄,2023-09-14,9183
6153,嘉聯益,20,0,20,群益金鼎-高雄,2023-09-14,9183
8070,長華*,20,1,19,群益金鼎-高雄,2023-09-14,9183
2913,農林,18,0,18,群益金鼎-高雄,2023-09-14,9183
00885,富邦越南,30,12,18,群益金鼎-高雄,2023-09-14,9183
8112,至上,34,18,16,群益金鼎-高雄,2023-09-14,9183
2371,大同,36,22,14,群益金鼎-高雄,2023-09-14,9183
00915,凱基優選高股息30,20,6,14,群益金鼎-高雄,2023-09-14,9183
1471,首利,15,1,14,群益金鼎-高雄,2023-09-14,9183
2355,敬鵬,18,5,13,群益金鼎-高雄,2023-09-14,9183
2457,飛宏,13,1,12,群益金鼎-高雄,2023-09-14,9183
2618,長榮航,15,4,11,群益金鼎-高雄,2023-09-14,9183
8068,全達,14,3,11,群益金鼎-高雄,2023-09-14,9183
00679B,元大美債20年,10,0,10,群益金鼎-高雄,2023-09-14,9183
2029,盛餘,10,0,10,群益金鼎-高雄,2023-09-14,9183
2337,旺宏,17,7,10,群益金鼎-高雄,2023-09-14,9183
2538,基泰,10,0,10,群益金鼎-高雄,2023-09-14,9183
6109,亞元,10,0,10,群益金鼎-高雄,2023-09-14,9183
6168,宏齊,10,0,10,群益金鼎-高雄,2023-09-14,9183
6243,迅杰,15,5,10,群益金鼎-高雄,2023-09-14,9183
1802,台玻,9,0,9,群益金鼎-高雄,2023-09-14,9183
2382,廣達,12,3,9,群益金鼎-高雄,2023-09-14,9183
00897,富邦基因免疫生技,8,0,8,群益金鼎-高雄,2023-09-14,9183
1522,堤維西,81,73,8,群益金鼎-高雄,2023-09-14,9183
2352,佳世達,11,3,8,群益金鼎-高雄,2023-09-14,9183
3211,順達,8,0,8,群益金鼎-高雄,2023-09-14,9183
3645,達邁,8,0,8,群益金鼎-高雄,2023-09-14,9183
3356,奇偶,7,0,7,群益金鼎-高雄,2023-09-14,9183
2492,華新科,7,1,6,群益金鼎-高雄,2023-09-14,9183
2450,神腦,6,0,6,群益金鼎-高雄,2023-09-14,9183
3059,華晶科,6,0,6,群益金鼎-高雄,2023-09-14,9183
3706,神達,16,10,6,群益金鼎-高雄,2023-09-14,9183
6231,系微,22,16,6,群益金鼎-高雄,2023-09-14,9183
9939,宏全,6,0,6,群益金鼎-高雄,2023-09-14,9183
3037,欣興,17,11,6,群益金鼎-高雄,2023-09-14,9183
2489,瑞軒,7,1,6,群益金鼎-高雄,2023-09-14,9183
3014,聯陽,68,63,5,群益金鼎-高雄,2023-09-14,9183
00923,群益台ESG低碳50,7,2,5,群益金鼎-高雄,2023-09-14,9183
00680L,元大美債20正2,5,0,5,群益金鼎-高雄,2023-09-14,9183
3481,群創,183,1,182,群益金鼎-高雄,2023-09-15,9183
2891,中信金,116,2,114,群益金鼎-高雄,2023-09-15,9183
1708,東鹼,109,0,109,群益金鼎-高雄,2023-09-15,9183
6548,長科*,103,0,103,群益金鼎-高雄,2023-09-15,9183
00919,群益台灣精選高息,136,36,100,群益金鼎-高雄,2023-09-15,9183
2836,高雄銀,80,0,80,群益金鼎-高雄,2023-09-15,9183
2323,中環,70,1,69,群益金鼎-高雄,2023-09-15,9183
2610,華航,77,9,68,群益金鼎-高雄,2023-09-15,9183
6005,群益證,65,0,65,群益金鼎-高雄,2023-09-15,9183
00929,復華台灣科技優息,129,66,63,群益金鼎-高雄,2023-09-15,9183
6026,福邦證,50,0,50,群益金鼎-高雄,2023-09-15,9183
6016,康和證,50,0,50,群益金鼎-高雄,2023-09-15,9183
2618,長榮航,45,0,45,群益金鼎-高雄,2023-09-15,9183
4908,前鼎,69,29,40,群益金鼎-高雄,2023-09-15,9183
4906,正文,50,11,39,群益金鼎-高雄,2023-09-15,9183
2634,漢翔,31,4,27,群益金鼎-高雄,2023-09-15,9183
2002,中鋼,27,4,23,群益金鼎-高雄,2023-09-15,9183
6120,達運,22,0,22,群益金鼎-高雄,2023-09-15,9183
5426,振發,21,0,21,群益金鼎-高雄,2023-09-15,9183
5210,寶碩,20,0,20,群益金鼎-高雄,2023-09-15,9183
2402,毅嘉,25,5,20,群益金鼎-高雄,2023-09-15,9183
3042,晶技,18,0,18,群益金鼎-高雄,2023-09-15,9183
00931B,統一美債20年,19,2,17,群益金鼎-高雄,2023-09-15,9183
2486,一詮,62,46,16,群益金鼎-高雄,2023-09-15,9183
6269,台郡,14,0,14,群益金鼎-高雄,2023-09-15,9183
3231,緯創,24,11,13,群益金鼎-高雄,2023-09-15,9183
00885,富邦越南,14,1,13,群益金鼎-高雄,2023-09-15,9183
2405,輔信,23,10,13,群益金鼎-高雄,2023-09-15,9183
6451,訊芯-KY,17,4,13,群益金鼎-高雄,2023-09-15,9183
1802,台玻,12,0,12,群益金鼎-高雄,2023-09-15,9183
4916,事欣科,12,0,12,群益金鼎-高雄,2023-09-15,9183
2340,台亞,13,2,11,群益金鼎-高雄,2023-09-15,9183
00918,大華優利高填息30,11,1,10,群益金鼎-高雄,2023-09-15,9183
2062,橋椿,10,0,10,群益金鼎-高雄,2023-09-15,9183
2354,鴻準,14,4,10,群益金鼎-高雄,2023-09-15,9183
4306,炎洲,10,0,10,群益金鼎-高雄,2023-09-15,9183
8938,明安,10,0,10,群益金鼎-高雄,2023-09-15,9183
1218,泰山,9,0,9,群益金鼎-高雄,2023-09-15,9183
2867,三商壽,9,0,9,群益金鼎-高雄,2023-09-15,9183
6241,易通展,9,0,9,群益金鼎-高雄,2023-09-15,9183
1522,堤維西,37,28,9,群益金鼎-高雄,2023-09-15,9183
3035,智原,42,34,8,群益金鼎-高雄,2023-09-15,9183
6426,統新,16,8,8,群益金鼎-高雄,2023-09-15,9183
3450,聯鈞,25,17,8,群益金鼎-高雄,2023-09-15,9183
00679B,元大美債20年,7,0,7,群益金鼎-高雄,2023-09-15,9183
00680L,元大美債20正2,7,0,7,群益金鼎-高雄,2023-09-15,9183
1504,東元,12,5,7,群益金鼎-高雄,2023-09-15,9183
2892,第一金,7,0,7,群益金鼎-高雄,2023-09-15,9183
3058,立德,11,4,7,群益金鼎-高雄,2023-09-15,9183
3665,貿聯-KY,7,0,7,群益金鼎-高雄,2023-09-15,9183
2609,陽明,309,3,306,群益金鼎-高雄,2023-09-18,9183
00919,群益台灣精選高息,177,6,171,群益金鼎-高雄,2023-09-18,9183
00753L,中信中國50正2,155,0,155,群益金鼎-高雄,2023-09-18,9183
2363,矽統,162,61,101,群益金鼎-高雄,2023-09-18,9183
6190,萬泰科,105,8,97,群益金鼎-高雄,2023-09-18,9183
3481,群創,94,3,91,群益金鼎-高雄,2023-09-18,9183
00929,復華台灣科技優息,100,9,91,群益金鼎-高雄,2023-09-18,9183
6284,佳邦,84,5,79,群益金鼎-高雄,2023-09-18,9183
2303,聯電,84,9,75,群益金鼎-高雄,2023-09-18,9183
00878,國泰永續高股息,78,6,72,群益金鼎-高雄,2023-09-18,9183
6695,芯鼎,55,0,55,群益金鼎-高雄,2023-09-18,9183
00892,富邦台灣半導體,44,0,44,群益金鼎-高雄,2023-09-18,9183
00931B,統一美債20年,34,0,34,群益金鼎-高雄,2023-09-18,9183
3078,僑威,33,0,33,群益金鼎-高雄,2023-09-18,9183
2367,燿華,51,24,27,群益金鼎-高雄,2023-09-18,9183
3483,力致,25,0,25,群益金鼎-高雄,2023-09-18,9183
3264,欣銓,24,1,23,群益金鼎-高雄,2023-09-18,9183
6505,台塑化,23,0,23,群益金鼎-高雄,2023-09-18,9183
9907,統一實,23,0,23,群益金鼎-高雄,2023-09-18,9183
00680L,元大美債20正2,20,0,20,群益金鼎-高雄,2023-09-18,9183
2641,正德,21,1,20,群益金鼎-高雄,2023-09-18,9183
2836,高雄銀,20,0,20,群益金鼎-高雄,2023-09-18,9183
6282,康舒,28,8,20,群益金鼎-高雄,2023-09-18,9183
3167,大量,16,0,16,群益金鼎-高雄,2023-09-18,9183
8358,金居,19,4,15,群益金鼎-高雄,2023-09-18,9183
3592,瑞鼎,12,0,12,群益金鼎-高雄,2023-09-18,9183
2329,華泰,12,0,12,群益金鼎-高雄,2023-09-18,9183
3260,威剛,15,3,12,群益金鼎-高雄,2023-09-18,9183
2330,台積電,15,3,12,群益金鼎-高雄,2023-09-18,9183
00885,富邦越南,11,0,11,群益金鼎-高雄,2023-09-18,9183
2324,仁寶,21,10,11,群益金鼎-高雄,2023-09-18,9183
5243,乙盛-KY,11,0,11,群益金鼎-高雄,2023-09-18,9183
5272,笙科,11,0,11,群益金鼎-高雄,2023-09-18,9183
3231,緯創,25,15,10,群益金鼎-高雄,2023-09-18,9183
00764B,群益25年美債,10,0,10,群益金鼎-高雄,2023-09-18,9183
00655L,國泰中國A50正2,10,0,10,群益金鼎-高雄,2023-09-18,9183
00921,兆豐龍頭等權重,10,0,10,群益金鼎-高雄,2023-09-18,9183
6548,長科*,10,0,10,群益金鼎-高雄,2023-09-18,9183
00900,富邦特選高股息30,14,5,9,群益金鼎-高雄,2023-09-18,9183
3037,欣興,20,12,8,群益金鼎-高雄,2023-09-18,9183
2332,友訊,8,0,8,群益金鼎-高雄,2023-09-18,9183
2352,佳世達,17,9,8,群益金鼎-高雄,2023-09-18,9183
2387,精元,8,0,8,群益金鼎-高雄,2023-09-18,9183
2402,毅嘉,38,30,8,群益金鼎-高雄,2023-09-18,9183
2612,中航,8,0,8,群益金鼎-高雄,2023-09-18,9183
8054,安國,23,15,8,群益金鼎-高雄,2023-09-18,9183
00679B,元大美債20年,8,0,8,群益金鼎-高雄,2023-09-18,9183
3049,精金,7,0,7,群益金鼎-高雄,2023-09-18,9183
1522,堤維西,27,20,7,群益金鼎-高雄,2023-09-18,9183
2353,宏��,7,0,7,群益金鼎-高雄,2023-09-18,9183
2609,陽明,215,13,202,群益金鼎-高雄,2023-09-19,9183
00929,復華台灣科技優息,141,11,130,群益金鼎-高雄,2023-09-19,9183
3049,精金,92,0,92,群益金鼎-高雄,2023-09-19,9183
2313,華通,185,123,62,群益金鼎-高雄,2023-09-19,9183
2303,聯電,54,2,52,群益金鼎-高雄,2023-09-19,9183
3481,群創,46,6,40,群益金鼎-高雄,2023-09-19,9183
2409,友達,35,0,35,群益金鼎-高雄,2023-09-19,9183
3036,文曄,49,17,32,群益金鼎-高雄,2023-09-19,9183
3231,緯創,103,75,28,群益金鼎-高雄,2023-09-19,9183
8213,志超,32,5,27,群益金鼎-高雄,2023-09-19,9183
2388,威盛,54,30,24,群益金鼎-高雄,2023-09-19,9183
2340,台亞,39,15,24,群益金鼎-高雄,2023-09-19,9183
2618,長榮航,29,6,23,群益金鼎-高雄,2023-09-19,9183
2915,潤泰全,21,0,21,群益金鼎-高雄,2023-09-19,9183
1815,富喬,36,16,20,群益金鼎-高雄,2023-09-19,9183
2442,新美齊,20,0,20,群益金鼎-高雄,2023-09-19,9183
2836,高雄銀,20,0,20,群益金鼎-高雄,2023-09-19,9183
3374,精材,20,0,20,群益金鼎-高雄,2023-09-19,9183
6190,萬泰科,20,0,20,群益金鼎-高雄,2023-09-19,9183
6194,育富,16,0,16,群益金鼎-高雄,2023-09-19,9183
3645,達邁,18,2,16,群益金鼎-高雄,2023-09-19,9183
2201,裕隆,18,3,15,群益金鼎-高雄,2023-09-19,9183
6901,鑽石投資,51,37,14,群益金鼎-高雄,2023-09-19,9183
3042,晶技,18,4,14,群益金鼎-高雄,2023-09-19,9183
4979,華星光,39,27,12,群益金鼎-高雄,2023-09-19,9183
5483,中美晶,15,5,10,群益金鼎-高雄,2023-09-19,9183
2492,華新科,14,4,10,群益金鼎-高雄,2023-09-19,9183
3232,昱捷,10,0,10,群益金鼎-高雄,2023-09-19,9183
3450,聯鈞,43,33,10,群益金鼎-高雄,2023-09-19,9183
6770,力積電,10,0,10,群益金鼎-高雄,2023-09-19,9183
6782,視陽,10,0,10,群益金鼎-高雄,2023-09-19,9183
2025,千興,10,1,9,群益金鼎-高雄,2023-09-19,9183
3035,智原,30,21,9,群益金鼎-高雄,2023-09-19,9183
00751B,元大AAA至A公司債,10,1,9,群益金鼎-高雄,2023-09-19,9183
8112A,至上甲特,9,0,9,群益金鼎-高雄,2023-09-19,9183
3163,波若威,15,6,9,群益金鼎-高雄,2023-09-19,9183
5210,寶碩,9,1,8,群益金鼎-高雄,2023-09-19,9183
6116,彩晶,11,3,8,群益金鼎-高雄,2023-09-19,9183
2332,友訊,12,5,7,群益金鼎-高雄,2023-09-19,9183
8358,金居,10,3,7,群益金鼎-高雄,2023-09-19,9183
2022,聚亨,7,0,7,群益金鼎-高雄,2023-09-19,9183
1210,大成,6,0,6,群益金鼎-高雄,2023-09-19,9183
1609,大亞,7,1,6,群益金鼎-高雄,2023-09-19,9183
2323,中環,6,0,6,群益金鼎-高雄,2023-09-19,9183
2427,三商電,6,0,6,群益金鼎-高雄,2023-09-19,9183
2606,裕民,7,1,6,群益金鼎-高雄,2023-09-19,9183
2617,台航,6,0,6,群益金鼎-高雄,2023-09-19,9183
6139,亞翔,7,1,6,群益金鼎-高雄,2023-09-19,9183
9105,泰金寶-DR,6,0,6,群益金鼎-高雄,2023-09-19,9183
9136,巨騰-DR,16,10,6,群益金鼎-高雄,2023-09-19,9183
1316,上曜,150,6,144,群益金鼎-高雄,2023-09-20,9183
00645,富邦日本,100,0,100,群益金鼎-高雄,2023-09-20,9183
2417,圓剛,102,3,99,群益金鼎-高雄,2023-09-20,9183
0056,元大高股息,102,24,78,群益金鼎-高雄,2023-09-20,9183
00919,群益台灣精選高息,74,0,74,群益金鼎-高雄,2023-09-20,9183
00929,復華台灣科技優息,155,101,54,群益金鼎-高雄,2023-09-20,9183
6194,育富,49,0,49,群益金鼎-高雄,2023-09-20,9183
2344,華邦電,54,6,48,群益金鼎-高雄,2023-09-20,9183
1809,中釉,125,79,46,群益金鼎-高雄,2023-09-20,9183
2442,新美齊,40,0,40,群益金鼎-高雄,2023-09-20,9183
2382,廣達,48,12,36,群益金鼎-高雄,2023-09-20,9183
00679B,元大美債20年,35,0,35,群益金鼎-高雄,2023-09-20,9183
3481,群創,63,33,30,群益金鼎-高雄,2023-09-20,9183
2104,國際中橡,23,1,22,群益金鼎-高雄,2023-09-20,9183
2329,華泰,26,4,22,群益金鼎-高雄,2023-09-20,9183
2363,矽統,76,54,22,群益金鼎-高雄,2023-09-20,9183
2915,潤泰全,23,1,22,群益金鼎-高雄,2023-09-20,9183
8289,泰藝,21,0,21,群益金鼎-高雄,2023-09-20,9183
2330,台積電,22,1,21,群益金鼎-高雄,2023-09-20,9183
2836,高雄銀,20,0,20,群益金鼎-高雄,2023-09-20,9183
2618,長榮航,36,18,18,群益金鼎-高雄,2023-09-20,9183
8213,志超,23,5,18,群益金鼎-高雄,2023-09-20,9183
6257,矽格,18,0,18,群益金鼎-高雄,2023-09-20,9183
2605,新興,50,33,17,群益金鼎-高雄,2023-09-20,9183
5880,合庫金,17,0,17,群益金鼎-高雄,2023-09-20,9183
1101,台泥,15,0,15,群益金鼎-高雄,2023-09-20,9183
00878,國泰永續高股息,15,0,15,群益金鼎-高雄,2023-09-20,9183
3374,精材,15,0,15,群益金鼎-高雄,2023-09-20,9183
5210,寶碩,15,0,15,群益金鼎-高雄,2023-09-20,9183
2388,威盛,24,9,15,群益金鼎-高雄,2023-09-20,9183
3265,台星科,56,42,14,群益金鼎-高雄,2023-09-20,9183
2888,新光金,12,0,12,群益金鼎-高雄,2023-09-20,9183
3450,聯鈞,23,12,11,群益金鼎-高雄,2023-09-20,9183
00753L,中信中國50正2,10,0,10,群益金鼎-高雄,2023-09-20,9183
00751B,元大AAA至A公司債,10,0,10,群益金鼎-高雄,2023-09-20,9183
1229,聯華,10,0,10,群益金鼎-高雄,2023-09-20,9183
2002,中鋼,11,1,10,群益金鼎-高雄,2023-09-20,9183
6168,宏齊,10,0,10,群益金鼎-高雄,2023-09-20,9183
8027,鈦昇,15,5,10,群益金鼎-高雄,2023-09-20,9183
8454,富邦媒,10,0,10,群益金鼎-高雄,2023-09-20,9183
4908,前鼎,17,8,9,群益金鼎-高雄,2023-09-20,9183
00932,兆豐永續高息等權,9,0,9,群益金鼎-高雄,2023-09-20,9183
00923,群益台ESG低碳50,9,0,9,群益金鼎-高雄,2023-09-20,9183
2427,三商電,9,0,9,群益金鼎-高雄,2023-09-20,9183
8046,南電,9,1,8,群益金鼎-高雄,2023-09-20,9183
2882,國泰金,8,0,8,群益金鼎-高雄,2023-09-20,9183
2484,希華,8,0,8,群益金鼎-高雄,2023-09-20,9183
2634,漢翔,13,5,8,群益金鼎-高雄,2023-09-20,9183
4720,德淵,8,0,8,群益金鼎-高雄,2023-09-20,9183
8088,品安,13,5,8,群益金鼎-高雄,2023-09-20,9183
2891,中信金,196,7,189,群益金鼎-高雄,2023-09-21,9183
3049,精金,80,1,79,群益金鼎-高雄,2023-09-21,9183
00932,兆豐永續高息等權,72,0,72,群益金鼎-高雄,2023-09-21,9183
00878,國泰永續高股息,60,2,58,群益金鼎-高雄,2023-09-21,9183
00753L,中信中國50正2,50,0,50,群益金鼎-高雄,2023-09-21,9183
2363,矽統,105,64,41,群益金鼎-高雄,2023-09-21,9183
00680L,元大美債20正2,39,1,38,群益金鼎-高雄,2023-09-21,9183
0056,元大高股息,33,0,33,群益金鼎-高雄,2023-09-21,9183
00919,群益台灣精選高息,45,12,33,群益金鼎-高雄,2023-09-21,9183
8213,志超,37,5,32,群益金鼎-高雄,2023-09-21,9183
00929,復華台灣科技優息,123,94,29,群益金鼎-高雄,2023-09-21,9183
5344,立衛,31,3,28,群益金鼎-高雄,2023-09-21,9183
2002,中鋼,29,2,27,群益金鼎-高雄,2023-09-21,9183
2330,台積電,27,1,26,群益金鼎-高雄,2023-09-21,9183
2882,國泰金,29,3,26,群益金鼎-高雄,2023-09-21,9183
00706L,期元大S＆P日圓正2,22,0,22,群益金鼎-高雄,2023-09-21,9183
5880,合庫金,33,11,22,群益金鼎-高雄,2023-09-21,9183
2618,長榮航,23,2,21,群益金鼎-高雄,2023-09-21,9183
2062,橋椿,20,0,20,群益金鼎-高雄,2023-09-21,9183
1717,長興,18,0,18,群益金鼎-高雄,2023-09-21,9183
2442,新美齊,18,0,18,群益金鼎-高雄,2023-09-21,9183
6153,嘉聯益,18,0,18,群益金鼎-高雄,2023-09-21,9183
0050,元大台灣50,18,0,18,群益金鼎-高雄,2023-09-21,9183
2615,萬海,16,0,16,群益金鼎-高雄,2023-09-21,9183
2883,凱基金,14,0,14,群益金鼎-高雄,2023-09-21,9183
1324,地球,15,1,14,群益金鼎-高雄,2023-09-21,9183
5347,世界,16,2,14,群益金鼎-高雄,2023-09-21,9183
4906,正文,13,0,13,群益金鼎-高雄,2023-09-21,9183
2329,華泰,14,2,12,群益金鼎-高雄,2023-09-21,9183
8358,金居,22,10,12,群益金鼎-高雄,2023-09-21,9183
2884,玉山金,11,0,11,群益金鼎-高雄,2023-09-21,9183
1101,台泥,11,0,11,群益金鼎-高雄,2023-09-21,9183
00712,復華富時不動產,11,0,11,群益金鼎-高雄,2023-09-21,9183
2332,友訊,11,0,11,群益金鼎-高雄,2023-09-21,9183
2340,台亞,34,23,11,群益金鼎-高雄,2023-09-21,9183
2888,新光金,11,0,11,群益金鼎-高雄,2023-09-21,9183
2880,華南金,10,0,10,群益金鼎-高雄,2023-09-21,9183
00881,國泰台灣5G+,10,0,10,群益金鼎-高雄,2023-09-21,9183
3711,日月光投控,10,0,10,群益金鼎-高雄,2023-09-21,9183
00902,中信電池及儲能,10,0,10,群益金鼎-高雄,2023-09-21,9183
6139,亞翔,12,2,10,群益金鼎-高雄,2023-09-21,9183
6194,育富,12,3,9,群益金鼎-高雄,2023-09-21,9183
2449,京元電子,16,7,9,群益金鼎-高雄,2023-09-21,9183
8064,東捷,26,17,9,群益金鼎-高雄,2023-09-21,9183
00918,大華優利高填息30,8,0,8,群益金鼎-高雄,2023-09-21,9183
2356,英業達,9,1,8,群益金鼎-高雄,2023-09-21,9183
2371,大同,19,11,8,群益金鼎-高雄,2023-09-21,9183
3645,達邁,8,0,8,群益金鼎-高雄,2023-09-21,9183
3037,欣興,11,3,8,群益金鼎-高雄,2023-09-21,9183
00713,元大台灣高息低波,8,0,8,群益金鼎-高雄,2023-09-21,9183
00931B,統一美債20年,139,0,139,群益金鼎-高雄,2023-09-22,9183
2417,圓剛,108,5,103,群益金鼎-高雄,2023-09-22,9183
00885,富邦越南,71,0,71,群益金鼎-高雄,2023-09-22,9183
00645,富邦日本,50,0,50,群益金鼎-高雄,2023-09-22,9183
3056,富華新,50,0,50,群益金鼎-高雄,2023-09-22,9183
00679B,元大美債20年,50,0,50,群益金鼎-高雄,2023-09-22,9183
00680L,元大美債20正2,49,0,49,群益金鼎-高雄,2023-09-22,9183
00751B,元大AAA至A公司債,48,0,48,群益金鼎-高雄,2023-09-22,9183
00929,復華台灣科技優息,49,7,42,群益金鼎-高雄,2023-09-22,9183
00919,群益台灣精選高息,36,0,36,群益金鼎-高雄,2023-09-22,9183
00882,中信中國高股息,30,0,30,群益金鼎-高雄,2023-09-22,9183
2344,華邦電,30,1,29,群益金鼎-高雄,2023-09-22,9183
00712,復華富時不動產,28,0,28,群益金鼎-高雄,2023-09-22,9183
2906,高林,25,0,25,群益金鼎-高雄,2023-09-22,9183
9136,巨騰-DR,23,0,23,群益金鼎-高雄,2023-09-22,9183
2316,楠梓電,282,260,22,群益金鼎-高雄,2023-09-22,9183
3036,文曄,42,20,22,群益金鼎-高雄,2023-09-22,9183
00878,國泰永續高股息,31,10,21,群益金鼎-高雄,2023-09-22,9183
2356,英業達,24,4,20,群益金鼎-高雄,2023-09-22,9183
8070,長華*,26,6,20,群益金鼎-高雄,2023-09-22,9183
2641,正德,24,5,19,群益金鼎-高雄,2023-09-22,9183
9105,泰金寶-DR,18,0,18,群益金鼎-高雄,2023-09-22,9183
2442,新美齊,16,0,16,群益金鼎-高雄,2023-09-22,9183
8213,志超,15,0,15,群益金鼎-高雄,2023-09-22,9183
2883,凱基金,13,0,13,群益金鼎-高雄,2023-09-22,9183
00687B,國泰20年美債,13,0,13,群益金鼎-高雄,2023-09-22,9183
2881,富邦金,12,0,12,群益金鼎-高雄,2023-09-22,9183
6168,宏齊,11,0,11,群益金鼎-高雄,2023-09-22,9183
6485,點序,16,5,11,群益金鼎-高雄,2023-09-22,9183
1815,富喬,14,3,11,群益金鼎-高雄,2023-09-22,9183
00857B,永豐20年美公債,10,0,10,群益金鼎-高雄,2023-09-22,9183
00632R,元大台灣50反1,10,0,10,群益金鼎-高雄,2023-09-22,9183
00897,富邦基因免疫生技,10,0,10,群益金鼎-高雄,2023-09-22,9183
1609,大亞,22,12,10,群益金鼎-高雄,2023-09-22,9183
2062,橋椿,10,0,10,群益金鼎-高雄,2023-09-22,9183
2607,榮運,10,0,10,群益金鼎-高雄,2023-09-22,9183
6443,元晶,12,2,10,群益金鼎-高雄,2023-09-22,9183
4908,前鼎,20,10,10,群益金鼎-高雄,2023-09-22,9183
1101,台泥,14,5,9,群益金鼎-高雄,2023-09-22,9183
3481,群創,20,12,8,群益金鼎-高雄,2023-09-22,9183
2330,台積電,18,10,8,群益金鼎-高雄,2023-09-22,9183
00915,凱基優選高股息30,8,0,8,群益金鼎-高雄,2023-09-22,9183
2354,鴻準,13,5,8,群益金鼎-高雄,2023-09-22,9183
00720B,元大投資級公司債,7,0,7,群益金鼎-高雄,2023-09-22,9183
00722B,群益投資級電信債,7,0,7,群益金鼎-高雄,2023-09-22,9183
2401,凌陽,7,0,7,群益金鼎-高雄,2023-09-22,9183
9928,中視,7,0,7,群益金鼎-高雄,2023-09-22,9183
2317,鴻海,6,0,6,群益金鼎-高雄,2023-09-22,9183
00895,富邦未來車,6,0,6,群益金鼎-高雄,2023-09-22,9183
00924,復華S＆P500成長,6,0,6,群益金鼎-高雄,2023-09-22,9183
3149,正達,76,6,70,群益金鼎-高雄,2023-09-25,9183
6735,美達科技,62,0,62,群益金鼎-高雄,2023-09-25,9183
2883B,凱基金乙特,55,0,55,群益金鼎-高雄,2023-09-25,9183
00713,元大台灣高息低波,50,0,50,群益金鼎-高雄,2023-09-25,9183
2633,台灣高鐵,50,0,50,群益金鼎-高雄,2023-09-25,9183
00878,國泰永續高股息,52,3,49,群益金鼎-高雄,2023-09-25,9183
3049,精金,44,0,44,群益金鼎-高雄,2023-09-25,9183
2883,凱基金,42,1,41,群益金鼎-高雄,2023-09-25,9183
3576,聯合再生,32,1,31,群益金鼎-高雄,2023-09-25,9183
6168,宏齊,26,0,26,群益金鼎-高雄,2023-09-25,9183
00665L,富邦�琤肭磪囓�2,23,0,23,群益金鼎-高雄,2023-09-25,9183
2442,新美齊,19,0,19,群益金鼎-高雄,2023-09-25,9183
2371,大同,23,4,19,群益金鼎-高雄,2023-09-25,9183
2002,中鋼,18,0,18,群益金鼎-高雄,2023-09-25,9183
00679B,元大美債20年,17,0,17,群益金鼎-高雄,2023-09-25,9183
00919,群益台灣精選高息,16,1,15,群益金鼎-高雄,2023-09-25,9183
2615,萬海,13,0,13,群益金鼎-高雄,2023-09-25,9183
6411,晶焱,14,1,13,群益金鼎-高雄,2023-09-25,9183
4739,康普,11,0,11,群益金鼎-高雄,2023-09-25,9183
2344,華邦電,11,0,11,群益金鼎-高雄,2023-09-25,9183
00637L,元大滬深300正2,15,5,10,群益金鼎-高雄,2023-09-25,9183
00830,國泰費城半導體,10,0,10,群益金鼎-高雄,2023-09-25,9183
00915,凱基優選高股息30,10,0,10,群益金鼎-高雄,2023-09-25,9183
00921,兆豐龍頭等權重,10,0,10,群益金鼎-高雄,2023-09-25,9183
2349,錸德,10,0,10,群益金鼎-高雄,2023-09-25,9183
2534,宏盛,10,0,10,群益金鼎-高雄,2023-09-25,9183
3706,神達,31,21,10,群益金鼎-高雄,2023-09-25,9183
4542,科嶠,10,0,10,群益金鼎-高雄,2023-09-25,9183
5426,振發,10,0,10,群益金鼎-高雄,2023-09-25,9183
6443,元晶,11,1,10,群益金鼎-高雄,2023-09-25,9183
9907,統一實,10,0,10,群益金鼎-高雄,2023-09-25,9183
2634,漢翔,11,2,9,群益金鼎-高雄,2023-09-25,9183
6271,同欣電,11,2,9,群益金鼎-高雄,2023-09-25,9183
2882,國泰金,8,0,8,群益金鼎-高雄,2023-09-25,9183
2888,新光金,8,0,8,群益金鼎-高雄,2023-09-25,9183
3363,上詮,78,70,8,群益金鼎-高雄,2023-09-25,9183
2405,輔信,8,0,8,群益金鼎-高雄,2023-09-25,9183
3037,欣興,18,10,8,群益金鼎-高雄,2023-09-25,9183
8097,常珵,8,0,8,群益金鼎-高雄,2023-09-25,9183
1101,台泥,10,2,8,群益金鼎-高雄,2023-09-25,9183
00923,群益台ESG低碳50,7,0,7,群益金鼎-高雄,2023-09-25,9183
9945,潤泰新,7,0,7,群益金鼎-高雄,2023-09-25,9183
1301,台塑,6,0,6,群益金鼎-高雄,2023-09-25,9183
1605,華新,6,0,6,群益金鼎-高雄,2023-09-25,9183
1616,億泰,6,0,6,群益金鼎-高雄,2023-09-25,9183
2317,鴻海,6,0,6,群益金鼎-高雄,2023-09-25,9183
4979,華星光,11,5,6,群益金鼎-高雄,2023-09-25,9183
3045,台灣大,6,1,5,群益金鼎-高雄,2023-09-25,9183
2607,榮運,5,0,5,群益金鼎-高雄,2023-09-25,9183
2890,永豐金,5,0,5,群益金鼎-高雄,2023-09-25,9183
3711,日月光投控,81,0,81,群益金鼎-高雄,2023-09-26,9183
00929,復華台灣科技優息,72,19,53,群益金鼎-高雄,2023-09-26,9183
00753L,中信中國50正2,51,0,51,群益金鼎-高雄,2023-09-26,9183
2330,台積電,50,0,50,群益金鼎-高雄,2023-09-26,9183
2634,漢翔,42,1,41,群益金鼎-高雄,2023-09-26,9183
2891,中信金,40,1,39,群益金鼎-高雄,2023-09-26,9183
00857B,永豐20年美公債,35,0,35,群益金鼎-高雄,2023-09-26,9183
9105,泰金寶-DR,30,0,30,群益金鼎-高雄,2023-09-26,9183
00885,富邦越南,29,0,29,群益金鼎-高雄,2023-09-26,9183
3715,定穎投控,92,63,29,群益金鼎-高雄,2023-09-26,9183
00900,富邦特選高股息30,28,0,28,群益金鼎-高雄,2023-09-26,9183
2618,長榮航,26,0,26,群益金鼎-高雄,2023-09-26,9183
00931B,統一美債20年,28,2,26,群益金鼎-高雄,2023-09-26,9183
00919,群益台灣精選高息,27,2,25,群益金鼎-高雄,2023-09-26,9183
00878,國泰永續高股息,35,10,25,群益金鼎-高雄,2023-09-26,9183
0050,元大台灣50,22,0,22,群益金鼎-高雄,2023-09-26,9183
00680L,元大美債20正2,22,0,22,群益金鼎-高雄,2023-09-26,9183
2340,台亞,34,13,21,群益金鼎-高雄,2023-09-26,9183
8289,泰藝,20,0,20,群益金鼎-高雄,2023-09-26,9183
00915,凱基優選高股息30,19,0,19,群益金鼎-高雄,2023-09-26,9183
1101,台泥,20,1,19,群益金鼎-高雄,2023-09-26,9183
2363,矽統,103,85,18,群益金鼎-高雄,2023-09-26,9183
3481,群創,18,0,18,群益金鼎-高雄,2023-09-26,9183
1339,昭輝,19,1,18,群益金鼎-高雄,2023-09-26,9183
6770,力積電,15,0,15,群益金鼎-高雄,2023-09-26,9183
6806,森崴能源,18,4,14,群益金鼎-高雄,2023-09-26,9183
00679B,元大美債20年,14,1,13,群益金鼎-高雄,2023-09-26,9183
6485,點序,17,4,13,群益金鼎-高雄,2023-09-26,9183
2603,長榮,35,23,12,群益金鼎-高雄,2023-09-26,9183
2883,凱基金,11,0,11,群益金鼎-高雄,2023-09-26,9183
00712,復華富時不動產,11,0,11,群益金鼎-高雄,2023-09-26,9183
6274,台燿,28,17,11,群益金鼎-高雄,2023-09-26,9183
3056,富華新,11,0,11,群益金鼎-高雄,2023-09-26,9183
2344,華邦電,16,6,10,群益金鼎-高雄,2023-09-26,9183
2369,菱生,10,0,10,群益金鼎-高雄,2023-09-26,9183
8097,常珵,18,8,10,群益金鼎-高雄,2023-09-26,9183
9136,巨騰-DR,10,0,10,群益金鼎-高雄,2023-09-26,9183
8027,鈦昇,10,0,10,群益金鼎-高雄,2023-09-26,9183
3035,智原,18,9,9,群益金鼎-高雄,2023-09-26,9183
6122,擎邦,15,6,9,群益金鼎-高雄,2023-09-26,9183
2388,威盛,17,8,9,群益金鼎-高雄,2023-09-26,9183
4768,晶呈科技,9,1,8,群益金鼎-高雄,2023-09-26,9183
2303,聯電,8,0,8,群益金鼎-高雄,2023-09-26,9183
3231,緯創,14,6,8,群益金鼎-高雄,2023-09-26,9183
00923,群益台ESG低碳50,8,0,8,群益金鼎-高雄,2023-09-26,9183
1802,台玻,9,1,8,群益金鼎-高雄,2023-09-26,9183
1319,東陽,10,2,8,群益金鼎-高雄,2023-09-26,9183
2371,大同,14,6,8,群益金鼎-高雄,2023-09-26,9183
5009,榮剛,9,1,8,群益金鼎-高雄,2023-09-26,9183
6411,晶焱,8,0,8,群益金鼎-高雄,2023-09-26,9183
00919,群益台灣精選高息,54,0,54,群益金鼎-高雄,2023-09-27,9183
00929,復華台灣科技優息,55,1,54,群益金鼎-高雄,2023-09-27,9183
1609,大亞,56,6,50,群益金鼎-高雄,2023-09-27,9183
00753L,中信中國50正2,50,0,50,群益金鼎-高雄,2023-09-27,9183
9919,康那香,40,0,40,群益金鼎-高雄,2023-09-27,9183
1718,中纖,30,0,30,群益金鼎-高雄,2023-09-27,9183
1524,耿鼎,32,4,28,群益金鼎-高雄,2023-09-27,9183
2880,華南金,26,0,26,群益金鼎-高雄,2023-09-27,9183
2103,台橡,23,0,23,群益金鼎-高雄,2023-09-27,9183
0050,元大台灣50,21,0,21,群益金鼎-高雄,2023-09-27,9183
6411,晶焱,20,0,20,群益金鼎-高雄,2023-09-27,9183
2603,長榮,18,0,18,群益金鼎-高雄,2023-09-27,9183
3563,牧德,18,0,18,群益金鼎-高雄,2023-09-27,9183
2344,華邦電,34,17,17,群益金鼎-高雄,2023-09-27,9183
5234,達興材料,21,5,16,群益金鼎-高雄,2023-09-27,9183
2371,大同,28,12,16,群益金鼎-高雄,2023-09-27,9183
2353,宏��,19,4,15,群益金鼎-高雄,2023-09-27,9183
8420,明揚,18,3,15,群益金鼎-高雄,2023-09-27,9183
4961,天鈺,20,5,15,群益金鼎-高雄,2023-09-27,9183
2609,陽明,17,2,15,群益金鼎-高雄,2023-09-27,9183
0056,元大高股息,18,3,15,群益金鼎-高雄,2023-09-27,9183
3037,欣興,18,3,15,群益金鼎-高雄,2023-09-27,9183
00712,復華富時不動產,14,0,14,群益金鼎-高雄,2023-09-27,9183
1101,台泥,14,0,14,群益金鼎-高雄,2023-09-27,9183
2408,南亞科,14,0,14,群益金鼎-高雄,2023-09-27,9183
2891,中信金,16,2,14,群益金鼎-高雄,2023-09-27,9183
5452,佶優,20,6,14,群益金鼎-高雄,2023-09-27,9183
8088,品安,13,0,13,群益金鼎-高雄,2023-09-27,9183
1612,宏泰,12,0,12,群益金鼎-高雄,2023-09-27,9183
2014,中鴻,12,0,12,群益金鼎-高雄,2023-09-27,9183
00878,國泰永續高股息,11,0,11,群益金鼎-高雄,2023-09-27,9183
6288,聯嘉,11,0,11,群益金鼎-高雄,2023-09-27,9183
1522,堤維西,18,8,10,群益金鼎-高雄,2023-09-27,9183
2374,佳能,10,0,10,群益金鼎-高雄,2023-09-27,9183
5324,士開,10,0,10,群益金鼎-高雄,2023-09-27,9183
8064,東捷,10,0,10,群益金鼎-高雄,2023-09-27,9183
2376,技嘉,30,20,10,群益金鼎-高雄,2023-09-27,9183
1301,台塑,10,1,9,群益金鼎-高雄,2023-09-27,9183
02001L,富邦蘋果正二N,9,0,9,群益金鼎-高雄,2023-09-27,9183
00673R,期元大S＆P原油反1,9,0,9,群益金鼎-高雄,2023-09-27,9183
5529,鉅陞,9,0,9,群益金鼎-高雄,2023-09-27,9183
2442,新美齊,7,0,7,群益金鼎-高雄,2023-09-27,9183
1473,台南,7,0,7,群益金鼎-高雄,2023-09-27,9183
1504,東元,10,3,7,群益金鼎-高雄,2023-09-27,9183
2337,旺宏,27,20,7,群益金鼎-高雄,2023-09-27,9183
00751B,元大AAA至A公司債,6,0,6,群益金鼎-高雄,2023-09-27,9183
00900,富邦特選高股息30,6,0,6,群益金鼎-高雄,2023-09-27,9183
2883,凱基金,8,2,6,群益金鼎-高雄,2023-09-27,9183
00882,中信中國高股息,6,0,6,群益金鼎-高雄,2023-09-27,9183
3322,建舜電,29,23,6,群益金鼎-高雄,2023-09-27,9183
2363,矽統,205,63,142,群益金鼎-高雄,2023-09-28,9183
2002,中鋼,119,49,70,群益金鼎-高雄,2023-09-28,9183
2539,櫻花建,61,0,61,群益金鼎-高雄,2023-09-28,9183
2836,高雄銀,50,0,50,群益金鼎-高雄,2023-09-28,9183
00753L,中信中國50正2,50,0,50,群益金鼎-高雄,2023-09-28,9183
3231,緯創,80,34,46,群益金鼎-高雄,2023-09-28,9183
2316,楠梓電,53,11,42,群益金鼎-高雄,2023-09-28,9183
3481,群創,40,0,40,群益金鼎-高雄,2023-09-28,9183
2344,華邦電,38,0,38,群益金鼎-高雄,2023-09-28,9183
3325,旭品,43,5,38,群益金鼎-高雄,2023-09-28,9183
2313,華通,44,10,34,群益金鼎-高雄,2023-09-28,9183
00751B,元大AAA至A公司債,33,0,33,群益金鼎-高雄,2023-09-28,9183
2429,銘旺科,33,0,33,群益金鼎-高雄,2023-09-28,9183
6177,達麗,30,2,28,群益金鼎-高雄,2023-09-28,9183
00679B,元大美債20年,27,2,25,群益金鼎-高雄,2023-09-28,9183
00680L,元大美債20正2,21,0,21,群益金鼎-高雄,2023-09-28,9183
4414,如興,20,0,20,群益金鼎-高雄,2023-09-28,9183
3260,威剛,23,4,19,群益金鼎-高雄,2023-09-28,9183
00712,復華富時不動產,19,0,19,群益金鼎-高雄,2023-09-28,9183
3049,精金,18,0,18,群益金鼎-高雄,2023-09-28,9183
2883,凱基金,18,4,14,群益金鼎-高雄,2023-09-28,9183
3045,台灣大,14,0,14,群益金鼎-高雄,2023-09-28,9183
8442,威宏-KY,13,0,13,群益金鼎-高雄,2023-09-28,9183
2408,南亞科,16,4,12,群益金鼎-高雄,2023-09-28,9183
6695,芯鼎,12,0,12,群益金鼎-高雄,2023-09-28,9183
2337,旺宏,17,6,11,群益金鼎-高雄,2023-09-28,9183
2356,英業達,16,5,11,群益金鼎-高雄,2023-09-28,9183
3706,神達,28,17,11,群益金鼎-高雄,2023-09-28,9183
9136,巨騰-DR,11,0,11,群益金鼎-高雄,2023-09-28,9183
2330,台積電,13,2,11,群益金鼎-高雄,2023-09-28,9183
2201,裕隆,13,3,10,群益金鼎-高雄,2023-09-28,9183
8927,北基,12,2,10,群益金鼎-高雄,2023-09-28,9183
2607,榮運,10,0,10,群益金鼎-高雄,2023-09-28,9183
6227,茂綸,10,0,10,群益金鼎-高雄,2023-09-28,9183
8027,鈦昇,10,0,10,群益金鼎-高雄,2023-09-28,9183
00687B,國泰20年美債,9,0,9,群益金鼎-高雄,2023-09-28,9183
2468,華經,15,6,9,群益金鼎-高雄,2023-09-28,9183
8213,志超,14,5,9,群益金鼎-高雄,2023-09-28,9183
9919,康那香,11,2,9,群益金鼎-高雄,2023-09-28,9183
00738U,期元大道瓊白銀,8,0,8,群益金鼎-高雄,2023-09-28,9183
6485,點序,9,1,8,群益金鼎-高雄,2023-09-28,9183
00637L,元大滬深300正2,30,23,7,群益金鼎-高雄,2023-09-28,9183
00919,群益台灣精選高息,9,2,7,群益金鼎-高雄,2023-09-28,9183
4533,協易機,7,0,7,群益金鼎-高雄,2023-09-28,9183
6416,瑞祺電通,7,0,7,群益金鼎-高雄,2023-09-28,9183
4542,科嶠,13,7,6,群益金鼎-高雄,2023-09-28,9183
2206,三陽工業,8,2,6,群益金鼎-高雄,2023-09-28,9183
1515,力山,6,0,6,群益金鼎-高雄,2023-09-28,9183
2486,一詮,6,0,6,群益金鼎-高雄,2023-09-28,9183
5234,達興材料,33,27,6,群益金鼎-高雄,2023-09-28,9183
2374,佳能,400,1,399,群益金鼎-高雄,2023-10-02,9183
2002,中鋼,211,2,209,群益金鼎-高雄,2023-10-02,9183
2409,友達,197,0,197,群益金鼎-高雄,2023-10-02,9183
8261,富鼎,32,0,32,群益金鼎-高雄,2023-10-02,9183
3205,佰研,30,0,30,群益金鼎-高雄,2023-10-02,9183
2511,太子,25,0,25,群益金鼎-高雄,2023-10-02,9183
1609,大亞,34,11,23,群益金鼎-高雄,2023-10-02,9183
00929,復華台灣科技優息,30,8,22,群益金鼎-高雄,2023-10-02,9183
3715,定穎投控,51,29,22,群益金鼎-高雄,2023-10-02,9183
6792,詠業,22,1,21,群益金鼎-高雄,2023-10-02,9183
9907,統一實,18,0,18,群益金鼎-高雄,2023-10-02,9183
2457,飛宏,43,27,16,群益金鼎-高雄,2023-10-02,9183
3481,群創,16,0,16,群益金鼎-高雄,2023-10-02,9183
1618,合機,21,6,15,群益金鼎-高雄,2023-10-02,9183
2038,海光,15,0,15,群益金鼎-高雄,2023-10-02,9183
2883,凱基金,19,4,15,群益金鼎-高雄,2023-10-02,9183
2363,矽統,103,90,13,群益金鼎-高雄,2023-10-02,9183
1603,華電,14,2,12,群益金鼎-高雄,2023-10-02,9183
2208,台船,12,1,11,群益金鼎-高雄,2023-10-02,9183
2887,台新金,10,0,10,群益金鼎-高雄,2023-10-02,9183
00642U,期元大S＆P石油,10,0,10,群益金鼎-高雄,2023-10-02,9183
1473,台南,10,0,10,群益金鼎-高雄,2023-10-02,9183
2324,仁寶,15,5,10,群益金鼎-高雄,2023-10-02,9183
6275,元山,10,0,10,群益金鼎-高雄,2023-10-02,9183
2355,敬鵬,17,8,9,群益金鼎-高雄,2023-10-02,9183
2886,兆豐金,10,1,9,群益金鼎-高雄,2023-10-02,9183
00931B,統一美債20年,8,0,8,群益金鼎-高雄,2023-10-02,9183
5321,美而快,8,0,8,群益金鼎-高雄,2023-10-02,9183
00751B,元大AAA至A公司債,7,0,7,群益金鼎-高雄,2023-10-02,9183
2603,長榮,29,22,7,群益金鼎-高雄,2023-10-02,9183
2890,永豐金,7,0,7,群益金鼎-高雄,2023-10-02,9183
1101,台泥,10,3,7,群益金鼎-高雄,2023-10-02,9183
00722B,群益投資級電信債,7,0,7,群益金鼎-高雄,2023-10-02,9183
1524,耿鼎,9,2,7,群益金鼎-高雄,2023-10-02,9183
2337,旺宏,10,3,7,群益金鼎-高雄,2023-10-02,9183
2405,輔信,16,9,7,群益金鼎-高雄,2023-10-02,9183
3322,建舜電,27,20,7,群益金鼎-高雄,2023-10-02,9183
3325,旭品,15,8,7,群益金鼎-高雄,2023-10-02,9183
4979,華星光,21,14,7,群益金鼎-高雄,2023-10-02,9183
6806,森崴能源,8,1,7,群益金鼎-高雄,2023-10-02,9183
8442,威宏-KY,7,0,7,群益金鼎-高雄,2023-10-02,9183
4542,科嶠,14,7,7,群益金鼎-高雄,2023-10-02,9183
00772B,中信高評級公司債,6,0,6,群益金鼎-高雄,2023-10-02,9183
1301,台塑,6,0,6,群益金鼎-高雄,2023-10-02,9183
3035,智原,20,14,6,群益金鼎-高雄,2023-10-02,9183
8476,台境*,6,0,6,群益金鼎-高雄,2023-10-02,9183
00799B,國泰A級醫療債,5,0,5,群益金鼎-高雄,2023-10-02,9183
1905,華紙,5,0,5,群益金鼎-高雄,2023-10-02,9183
2323,中環,5,0,5,群益金鼎-高雄,2023-10-02,9183
2353,宏��,5,0,5,群益金鼎-高雄,2023-10-02,9183
2883B,凱基金乙特,501,0,501,群益金鼎-高雄,2023-10-03,9183
2891,中信金,74,0,74,群益金鼎-高雄,2023-10-03,9183
00753L,中信中國50正2,66,0,66,群益金鼎-高雄,2023-10-03,9183
2883,凱基金,54,2,52,群益金鼎-高雄,2023-10-03,9183
00645,富邦日本,50,0,50,群益金鼎-高雄,2023-10-03,9183
3711,日月光投控,50,1,49,群益金鼎-高雄,2023-10-03,9183
3481,群創,41,10,31,群益金鼎-高雄,2023-10-03,9183
00650L,復華香港正2,30,0,30,群益金鼎-高雄,2023-10-03,9183
1609,大亞,40,12,28,群益金鼎-高雄,2023-10-03,9183
00922,國泰台灣領袖50,30,2,28,群益金鼎-高雄,2023-10-03,9183
00637L,元大滬深300正2,27,0,27,群益金鼎-高雄,2023-10-03,9183
6117,迎廣,30,5,25,群益金鼎-高雄,2023-10-03,9183
00919,群益台灣精選高息,25,0,25,群益金鼎-高雄,2023-10-03,9183
3231,緯創,51,27,24,群益金鼎-高雄,2023-10-03,9183
00929,復華台灣科技優息,56,32,24,群益金鼎-高雄,2023-10-03,9183
00680L,元大美債20正2,24,0,24,群益金鼎-高雄,2023-10-03,9183
2002,中鋼,24,3,21,群益金鼎-高雄,2023-10-03,9183
00712,復華富時不動產,20,0,20,群益金鼎-高雄,2023-10-03,9183
0056,元大高股息,22,2,20,群益金鼎-高雄,2023-10-03,9183
8261,富鼎,20,0,20,群益金鼎-高雄,2023-10-03,9183
1815,富喬,35,16,19,群益金鼎-高雄,2023-10-03,9183
2402,毅嘉,17,1,16,群益金鼎-高雄,2023-10-03,9183
2882,國泰金,15,0,15,群益金鼎-高雄,2023-10-03,9183
00931B,統一美債20年,33,18,15,群益金鼎-高雄,2023-10-03,9183
3483,力致,15,0,15,群益金鼎-高雄,2023-10-03,9183
00751B,元大AAA至A公司債,15,0,15,群益金鼎-高雄,2023-10-03,9183
00927,群益半導體收益,15,0,15,群益金鼎-高雄,2023-10-03,9183
2645,長榮航太,14,0,14,群益金鼎-高雄,2023-10-03,9183
2367,燿華,14,0,14,群益金鼎-高雄,2023-10-03,9183
2388,威盛,29,15,14,群益金鼎-高雄,2023-10-03,9183
3518,柏騰,14,0,14,群益金鼎-高雄,2023-10-03,9183
6438,迅得,18,5,13,群益金鼎-高雄,2023-10-03,9183
3013,晟銘電,19,7,12,群益金鼎-高雄,2023-10-03,9183
2409,友達,41,29,12,群益金鼎-高雄,2023-10-03,9183
2211,長榮鋼,11,0,11,群益金鼎-高雄,2023-10-03,9183
2371,大同,18,7,11,群益金鼎-高雄,2023-10-03,9183
3580,友威科,16,5,11,群益金鼎-高雄,2023-10-03,9183
00642U,期元大S＆P石油,10,0,10,群益金鼎-高雄,2023-10-03,9183
00900,富邦特選高股息30,10,0,10,群益金鼎-高雄,2023-10-03,9183
00799B,國泰A級醫療債,10,0,10,群益金鼎-高雄,2023-10-03,9183
2329,華泰,17,7,10,群益金鼎-高雄,2023-10-03,9183
2340,台亞,10,0,10,群益金鼎-高雄,2023-10-03,9183
4933,友輝,10,0,10,群益金鼎-高雄,2023-10-03,9183
5425,台半,13,3,10,群益金鼎-高雄,2023-10-03,9183
5864,致和證,10,0,10,群益金鼎-高雄,2023-10-03,9183
6770,力積電,10,0,10,群益金鼎-高雄,2023-10-03,9183
9907,統一實,10,0,10,群益金鼎-高雄,2023-10-03,9183
1101,台泥,10,1,9,群益金鼎-高雄,2023-10-03,9183
00882,中信中國高股息,9,0,9,群益金鼎-高雄,2023-10-03,9183
1522,堤維西,11,2,9,群益金鼎-高雄,2023-10-03,9183
9950,萬國通,105,0,105,群益金鼎-高雄,2023-10-04,9183
2891,中信金,107,4,103,群益金鼎-高雄,2023-10-04,9183
00645,富邦日本,100,0,100,群益金鼎-高雄,2023-10-04,9183
00712,復華富時不動產,85,0,85,群益金鼎-高雄,2023-10-04,9183
5392,能率,80,0,80,群益金鼎-高雄,2023-10-04,9183
00753L,中信中國50正2,55,0,55,群益金鼎-高雄,2023-10-04,9183
2836,高雄銀,50,0,50,群益金鼎-高雄,2023-10-04,9183
00751B,元大AAA至A公司債,37,0,37,群益金鼎-高雄,2023-10-04,9183
3231,緯創,62,28,34,群益金鼎-高雄,2023-10-04,9183
2409,友達,32,1,31,群益金鼎-高雄,2023-10-04,9183
00878,國泰永續高股息,34,4,30,群益金鼎-高雄,2023-10-04,9183
6411,晶焱,30,0,30,群益金鼎-高雄,2023-10-04,9183
00679B,元大美債20年,29,0,29,群益金鼎-高雄,2023-10-04,9183
2538,基泰,33,5,28,群益金鼎-高雄,2023-10-04,9183
3481,群創,29,2,27,群益金鼎-高雄,2023-10-04,9183
00680L,元大美債20正2,27,0,27,群益金鼎-高雄,2023-10-04,9183
2884,玉山金,26,0,26,群益金鼎-高雄,2023-10-04,9183
0056,元大高股息,25,0,25,群益金鼎-高雄,2023-10-04,9183
00772B,中信高評級公司債,23,0,23,群益金鼎-高雄,2023-10-04,9183
2892,第一金,22,0,22,群益金鼎-高雄,2023-10-04,9183
6005,群益證,22,0,22,群益金鼎-高雄,2023-10-04,9183
1815,富喬,30,8,22,群益金鼎-高雄,2023-10-04,9183
8087,麗升能源,21,0,21,群益金鼎-高雄,2023-10-04,9183
6117,迎廣,40,19,21,群益金鼎-高雄,2023-10-04,9183
00931B,統一美債20年,27,6,21,群益金鼎-高雄,2023-10-04,9183
9907,統一實,20,0,20,群益金鼎-高雄,2023-10-04,9183
00922,國泰台灣領袖50,19,0,19,群益金鼎-高雄,2023-10-04,9183
1609,大亞,18,0,18,群益金鼎-高雄,2023-10-04,9183
00687B,國泰20年美債,17,0,17,群益金鼎-高雄,2023-10-04,9183
5880,合庫金,16,0,16,群益金鼎-高雄,2023-10-04,9183
2883,凱基金,15,0,15,群益金鼎-高雄,2023-10-04,9183
3037,欣興,16,1,15,群益金鼎-高雄,2023-10-04,9183
2382,廣達,31,16,15,群益金鼎-高雄,2023-10-04,9183
2888,新光金,14,0,14,群益金鼎-高雄,2023-10-04,9183
1101,台泥,14,0,14,群益金鼎-高雄,2023-10-04,9183
1909,榮成,13,0,13,群益金鼎-高雄,2023-10-04,9183
4906,正文,23,10,13,群益金鼎-高雄,2023-10-04,9183
0050,元大台灣50,12,0,12,群益金鼎-高雄,2023-10-04,9183
2330,台積電,12,0,12,群益金鼎-高雄,2023-10-04,9183
2329,華泰,24,12,12,群益金鼎-高雄,2023-10-04,9183
00720B,元大投資級公司債,11,0,11,群益金鼎-高雄,2023-10-04,9183
2882,國泰金,12,2,10,群益金鼎-高雄,2023-10-04,9183
00637L,元大滬深300正2,10,0,10,群益金鼎-高雄,2023-10-04,9183
2886,兆豐金,14,4,10,群益金鼎-高雄,2023-10-04,9183
3450,聯鈞,14,4,10,群益金鼎-高雄,2023-10-04,9183
6156,松上,10,0,10,群益金鼎-高雄,2023-10-04,9183
2313,華通,17,8,9,群益金鼎-高雄,2023-10-04,9183
2607,榮運,15,6,9,群益金鼎-高雄,2023-10-04,9183
2850,新產,9,0,9,群益金鼎-高雄,2023-10-04,9183
2885,元大金,9,0,9,群益金鼎-高雄,2023-10-04,9183
9105,泰金寶-DR,752,0,752,群益金鼎-高雄,2023-10-05,9183
00712,復華富時不動產,124,0,124,群益金鼎-高雄,2023-10-05,9183
3664,安瑞-KY,80,1,79,群益金鼎-高雄,2023-10-05,9183
6111,大宇資,42,0,42,群益金鼎-高雄,2023-10-05,9183
00673R,期元大S＆P原油反1,50,10,40,群益金鼎-高雄,2023-10-05,9183
5344,立衛,36,0,36,群益金鼎-高雄,2023-10-05,9183
6117,迎廣,31,2,29,群益金鼎-高雄,2023-10-05,9183
00929,復華台灣科技優息,29,1,28,群益金鼎-高雄,2023-10-05,9183
2236,百達-KY,27,2,25,群益金鼎-高雄,2023-10-05,9183
4161,聿新科,24,0,24,群益金鼎-高雄,2023-10-05,9183
3450,聯鈞,45,24,21,群益金鼎-高雄,2023-10-05,9183
2883,凱基金,22,2,20,群益金鼎-高雄,2023-10-05,9183
2382,廣達,22,3,19,群益金鼎-高雄,2023-10-05,9183
1710,東聯,20,1,19,群益金鼎-高雄,2023-10-05,9183
2014,中鴻,21,3,18,群益金鼎-高雄,2023-10-05,9183
4542,科嶠,16,1,15,群益金鼎-高雄,2023-10-05,9183
1815,富喬,22,7,15,群益金鼎-高雄,2023-10-05,9183
9136,巨騰-DR,13,0,13,群益金鼎-高雄,2023-10-05,9183
6285,啟��,16,4,12,群益金鼎-高雄,2023-10-05,9183
8358,金居,13,2,11,群益金鼎-高雄,2023-10-05,9183
2313,華通,25,14,11,群益金鼎-高雄,2023-10-05,9183
4967,十銓,15,4,11,群益金鼎-高雄,2023-10-05,9183
2329,華泰,19,8,11,群益金鼎-高雄,2023-10-05,9183
2801,彰銀,11,0,11,群益金鼎-高雄,2023-10-05,9183
3037,欣興,14,4,10,群益金鼎-高雄,2023-10-05,9183
00642U,期元大S＆P石油,10,0,10,群益金鼎-高雄,2023-10-05,9183
00655L,國泰中國A50正2,10,0,10,群益金鼎-高雄,2023-10-05,9183
1312,國喬,10,0,10,群益金鼎-高雄,2023-10-05,9183
3481,群創,16,6,10,群益金鼎-高雄,2023-10-05,9183
6026,福邦證,10,0,10,群益金鼎-高雄,2023-10-05,9183
2427,三商電,10,1,9,群益金鼎-高雄,2023-10-05,9183
2485,兆赫,9,0,9,群益金鼎-高雄,2023-10-05,9183
4938,和碩,10,1,9,群益金鼎-高雄,2023-10-05,9183
8046,南電,11,2,9,群益金鼎-高雄,2023-10-05,9183
2486,一詮,40,32,8,群益金鼎-高雄,2023-10-05,9183
1612,宏泰,11,3,8,群益金鼎-高雄,2023-10-05,9183
2359,所羅門,8,0,8,群益金鼎-高雄,2023-10-05,9183
2417,圓剛,40,32,8,群益金鼎-高雄,2023-10-05,9183
4188,安克,8,0,8,群益金鼎-高雄,2023-10-05,9183
6443,元晶,12,4,8,群益金鼎-高雄,2023-10-05,9183
2538,基泰,27,19,8,群益金鼎-高雄,2023-10-05,9183
1609,大亞,10,3,7,群益金鼎-高雄,2023-10-05,9183
1605,華新,12,5,7,群益金鼎-高雄,2023-10-05,9183
2352,佳世達,7,0,7,群益金鼎-高雄,2023-10-05,9183
3122,笙泉,16,9,7,群益金鼎-高雄,2023-10-05,9183
1101,台泥,7,0,7,群益金鼎-高雄,2023-10-05,9183
00679B,元大美債20年,9,3,6,群益金鼎-高雄,2023-10-05,9183
2634,漢翔,6,0,6,群益金鼎-高雄,2023-10-05,9183
2885,元大金,6,1,5,群益金鼎-高雄,2023-10-05,9183
00897,富邦基因免疫生技,5,0,5,群益金鼎-高雄,2023-10-05,9183
4155,訊映,111,2,109,群益金鼎-高雄,2023-10-06,9183
3664,安瑞-KY,87,0,87,群益金鼎-高雄,2023-10-06,9183
9950,萬國通,75,5,70,群益金鼎-高雄,2023-10-06,9183
6194,育富,47,2,45,群益金鼎-高雄,2023-10-06,9183
5348,正能量智能,34,0,34,群益金鼎-高雄,2023-10-06,9183
3481,群創,31,0,31,群益金鼎-高雄,2023-10-06,9183
2618,長榮航,30,3,27,群益金鼎-高雄,2023-10-06,9183
2425,承啟,24,0,24,群益金鼎-高雄,2023-10-06,9183
2363,矽統,117,95,22,群益金鼎-高雄,2023-10-06,9183
00756B,群益投等新興公債,20,0,20,群益金鼎-高雄,2023-10-06,9183
2471,資通,22,2,20,群益金鼎-高雄,2023-10-06,9183
00931B,統一美債20年,20,1,19,群益金鼎-高雄,2023-10-06,9183
2328,廣宇,18,1,17,群益金鼎-高雄,2023-10-06,9183
1324,地球,26,11,15,群益金鼎-高雄,2023-10-06,9183
00929,復華台灣科技優息,32,17,15,群益金鼎-高雄,2023-10-06,9183
2485,兆赫,16,2,14,群益金鼎-高雄,2023-10-06,9183
2371,大同,16,2,14,群益金鼎-高雄,2023-10-06,9183
2641,正德,15,3,12,群益金鼎-高雄,2023-10-06,9183
00679B,元大美債20年,11,0,11,群益金鼎-高雄,2023-10-06,9183
2409,友達,21,10,11,群益金鼎-高雄,2023-10-06,9183
2427,三商電,37,26,11,群益金鼎-高雄,2023-10-06,9183
4944,兆遠,11,0,11,群益金鼎-高雄,2023-10-06,9183
1718,中纖,11,0,11,群益金鼎-高雄,2023-10-06,9183
00830,國泰費城半導體,10,0,10,群益金鼎-高雄,2023-10-06,9183
2329,華泰,33,23,10,群益金鼎-高雄,2023-10-06,9183
2743,山富,10,0,10,群益金鼎-高雄,2023-10-06,9183
3049,精金,10,0,10,群益金鼎-高雄,2023-10-06,9183
8234,新漢,10,0,10,群益金鼎-高雄,2023-10-06,9183
1722,台肥,12,2,10,群益金鼎-高雄,2023-10-06,9183
2603,長榮,16,7,9,群益金鼎-高雄,2023-10-06,9183
6112,邁達特,10,1,9,群益金鼎-高雄,2023-10-06,9183
3450,聯鈞,13,4,9,群益金鼎-高雄,2023-10-06,9183
2303,聯電,10,2,8,群益金鼎-高雄,2023-10-06,9183
2913,農林,11,3,8,群益金鼎-高雄,2023-10-06,9183
3325,旭品,21,13,8,群益金鼎-高雄,2023-10-06,9183
6411,晶焱,8,0,8,群益金鼎-高雄,2023-10-06,9183
1101,台泥,8,0,8,群益金鼎-高雄,2023-10-06,9183
3567,逸昌,8,0,8,群益金鼎-高雄,2023-10-06,9183
00665L,富邦�琤肭磪囓�2,7,0,7,群益金鼎-高雄,2023-10-06,9183
3231,緯創,46,39,7,群益金鼎-高雄,2023-10-06,9183
4533,協易機,8,1,7,群益金鼎-高雄,2023-10-06,9183
8093,保銳,7,0,7,群益金鼎-高雄,2023-10-06,9183
00712,復華富時不動產,6,0,6,群益金鼎-高雄,2023-10-06,9183
8358,金居,20,14,6,群益金鼎-高雄,2023-10-06,9183
2313,華通,8,2,6,群益金鼎-高雄,2023-10-06,9183
1515,力山,6,0,6,群益金鼎-高雄,2023-10-06,9183
2323,中環,7,1,6,群益金鼎-高雄,2023-10-06,9183
3689,湧德,7,1,6,群益金鼎-高雄,2023-10-06,9183
2365,昆盈,5,0,5,群益金鼎-高雄,2023-10-06,9183
6274,台燿,12,7,5,群益金鼎-高雄,2023-10-06,9183
0056,元大高股息,62,0,62,群益金鼎-高雄,2023-10-11,9183
00751B,元大AAA至A公司債,60,0,60,群益金鼎-高雄,2023-10-11,9183
3231,緯創,137,84,53,群益金鼎-高雄,2023-10-11,9183
00915,凱基優選高股息30,50,0,50,群益金鼎-高雄,2023-10-11,9183
2537,聯上發,47,0,47,群益金鼎-高雄,2023-10-11,9183
2323,中環,161,120,41,群益金鼎-高雄,2023-10-11,9183
2707,晶華,31,1,30,群益金鼎-高雄,2023-10-11,9183
8213,志超,31,3,28,群益金鼎-高雄,2023-10-11,9183
00679B,元大美債20年,33,7,26,群益金鼎-高雄,2023-10-11,9183
2356,英業達,27,5,22,群益金鼎-高雄,2023-10-11,9183
00722B,群益投資級電信債,20,0,20,群益金鼎-高雄,2023-10-11,9183
2609,陽明,21,2,19,群益金鼎-高雄,2023-10-11,9183
2468,華經,23,4,19,群益金鼎-高雄,2023-10-11,9183
3163,波若威,17,1,16,群益金鼎-高雄,2023-10-11,9183
2610,華航,21,6,15,群益金鼎-高雄,2023-10-11,9183
2364,倫飛,15,0,15,群益金鼎-高雄,2023-10-11,9183
3558,神準,15,0,15,群益金鼎-高雄,2023-10-11,9183
4906,正文,21,8,13,群益金鼎-高雄,2023-10-11,9183
6285,啟��,20,7,13,群益金鼎-高雄,2023-10-11,9183
8358,金居,37,24,13,群益金鼎-高雄,2023-10-11,9183
1909,榮成,12,0,12,群益金鼎-高雄,2023-10-11,9183
2515,中工,11,0,11,群益金鼎-高雄,2023-10-11,9183
3363,上詮,31,21,10,群益金鼎-高雄,2023-10-11,9183
6194,育富,33,23,10,群益金鼎-高雄,2023-10-11,9183
1786,科妍,10,0,10,群益金鼎-高雄,2023-10-11,9183
2442,新美齊,10,0,10,群益金鼎-高雄,2023-10-11,9183
3499,環天科,10,0,10,群益金鼎-高雄,2023-10-11,9183
4542,科嶠,14,4,10,群益金鼎-高雄,2023-10-11,9183
6150,撼訊,54,44,10,群益金鼎-高雄,2023-10-11,9183
6757,台灣虎航,11,1,10,群益金鼎-高雄,2023-10-11,9183
00882,中信中國高股息,9,0,9,群益金鼎-高雄,2023-10-11,9183
4934,太極,9,0,9,群益金鼎-高雄,2023-10-11,9183
6122,擎邦,10,1,9,群益金鼎-高雄,2023-10-11,9183
2382,廣達,34,26,8,群益金鼎-高雄,2023-10-11,9183
6142,友勁,8,0,8,群益金鼎-高雄,2023-10-11,9183
2618,長榮航,18,11,7,群益金鼎-高雄,2023-10-11,9183
00720B,元大投資級公司債,7,0,7,群益金鼎-高雄,2023-10-11,9183
2025,千興,10,3,7,群益金鼎-高雄,2023-10-11,9183
2606,裕民,8,1,7,群益金鼎-高雄,2023-10-11,9183
3051,力特,9,2,7,群益金鼎-高雄,2023-10-11,9183
4909,新復興,7,0,7,群益金鼎-高雄,2023-10-11,9183
3049,精金,7,0,7,群益金鼎-高雄,2023-10-11,9183
2376,技嘉,20,13,7,群益金鼎-高雄,2023-10-11,9183
1473,台南,6,0,6,群益金鼎-高雄,2023-10-11,9183
2486,一詮,13,7,6,群益金鼎-高雄,2023-10-11,9183
5203,訊連,6,0,6,群益金鼎-高雄,2023-10-11,9183
8087,麗升能源,6,0,6,群益金鼎-高雄,2023-10-11,9183
2634,漢翔,31,26,5,群益金鼎-高雄,2023-10-11,9183
3013,晟銘電,30,25,5,群益金鼎-高雄,2023-10-11,9183
3706,神達,14,9,5,群益金鼎-高雄,2023-10-11,9183
1444,力麗,100,0,100,群益金鼎-高雄,2023-10-12,9183
00919,群益台灣精選高息,64,0,64,群益金鼎-高雄,2023-10-12,9183
0056,元大高股息,53,0,53,群益金鼎-高雄,2023-10-12,9183
9933,中鼎,51,3,48,群益金鼎-高雄,2023-10-12,9183
8213,志超,47,0,47,群益金鼎-高雄,2023-10-12,9183
4906,正文,48,5,43,群益金鼎-高雄,2023-10-12,9183
00751B,元大AAA至A公司債,33,0,33,群益金鼎-高雄,2023-10-12,9183
00632R,元大台灣50反1,31,0,31,群益金鼎-高雄,2023-10-12,9183
2425,承啟,42,11,31,群益金鼎-高雄,2023-10-12,9183
00679B,元大美債20年,30,0,30,群益金鼎-高雄,2023-10-12,9183
5009,榮剛,30,0,30,群益金鼎-高雄,2023-10-12,9183
2352,佳世達,28,0,28,群益金鼎-高雄,2023-10-12,9183
3694,海華,26,2,24,群益金鼎-高雄,2023-10-12,9183
00929,復華台灣科技優息,25,7,18,群益金鼎-高雄,2023-10-12,9183
2388,威盛,27,11,16,群益金鼎-高雄,2023-10-12,9183
2382,廣達,23,8,15,群益金鼎-高雄,2023-10-12,9183
3037,欣興,16,1,15,群益金鼎-高雄,2023-10-12,9183
3450,聯鈞,19,5,14,群益金鼎-高雄,2023-10-12,9183
6164,華興,13,0,13,群益金鼎-高雄,2023-10-12,9183
1609,大亞,12,0,12,群益金鼎-高雄,2023-10-12,9183
3149,正達,12,0,12,群益金鼎-高雄,2023-10-12,9183
00642U,期元大S＆P石油,11,0,11,群益金鼎-高雄,2023-10-12,9183
6449,鈺邦,12,2,10,群益金鼎-高雄,2023-10-12,9183
8087,麗升能源,10,0,10,群益金鼎-高雄,2023-10-12,9183
9907,統一實,10,0,10,群益金鼎-高雄,2023-10-12,9183
3313,斐成,16,7,9,群益金鼎-高雄,2023-10-12,9183
5512,力麒,9,0,9,群益金鼎-高雄,2023-10-12,9183
6276,安鈦克,10,1,9,群益金鼎-高雄,2023-10-12,9183
3491,昇達科,8,0,8,群益金鼎-高雄,2023-10-12,9183
4503,金雨,10,2,8,群益金鼎-高雄,2023-10-12,9183
4933,友輝,12,4,8,群益金鼎-高雄,2023-10-12,9183
8927,北基,8,0,8,群益金鼎-高雄,2023-10-12,9183
3006,晶豪科,12,4,8,群益金鼎-高雄,2023-10-12,9183
2356,英業達,11,4,7,群益金鼎-高雄,2023-10-12,9183
2363,矽統,152,145,7,群益金鼎-高雄,2023-10-12,9183
3363,上詮,20,14,6,群益金鼎-高雄,2023-10-12,9183
2465,麗臺,7,1,6,群益金鼎-高雄,2023-10-12,9183
2641,正德,8,2,6,群益金鼎-高雄,2023-10-12,9183
4916,事欣科,11,5,6,群益金鼎-高雄,2023-10-12,9183
8933,愛地雅,6,0,6,群益金鼎-高雄,2023-10-12,9183
2603,長榮,17,12,5,群益金鼎-高雄,2023-10-12,9183
00907,永豐優息存股,5,0,5,群益金鼎-高雄,2023-10-12,9183
3013,晟銘電,40,35,5,群益金鼎-高雄,2023-10-12,9183
00722B,群益投資級電信債,5,0,5,群益金鼎-高雄,2023-10-12,9183
00720B,元大投資級公司債,5,0,5,群益金鼎-高雄,2023-10-12,9183
1229,聯華,6,1,5,群益金鼎-高雄,2023-10-12,9183
2617,台航,5,0,5,群益金鼎-高雄,2023-10-12,9183
3019,亞光,5,0,5,群益金鼎-高雄,2023-10-12,9183
4563,百德,10,5,5,群益金鼎-高雄,2023-10-12,9183
5905,南仁湖,5,0,5,群益金鼎-高雄,2023-10-12,9183
0056,元大高股息,125,15,110,群益金鼎-高雄,2023-10-13,9183
2323,中環,212,161,51,群益金鼎-高雄,2023-10-13,9183
3231,緯創,52,14,38,群益金鼎-高雄,2023-10-13,9183
00922,國泰台灣領袖50,35,1,34,群益金鼎-高雄,2023-10-13,9183
00878,國泰永續高股息,36,3,33,群益金鼎-高雄,2023-10-13,9183
2301,光寶科,26,1,25,群益金鼎-高雄,2023-10-13,9183
2880,華南金,25,0,25,群益金鼎-高雄,2023-10-13,9183
00751B,元大AAA至A公司債,24,0,24,群益金鼎-高雄,2023-10-13,9183
3189,景碩,21,0,21,群益金鼎-高雄,2023-10-13,9183
2312,金寶,20,0,20,群益金鼎-高雄,2023-10-13,9183
3078,僑威,36,16,20,群益金鼎-高雄,2023-10-13,9183
3715,定穎投控,75,56,19,群益金鼎-高雄,2023-10-13,9183
2340,台亞,20,3,17,群益金鼎-高雄,2023-10-13,9183
3049,精金,19,2,17,群益金鼎-高雄,2023-10-13,9183
1101,台泥,17,1,16,群益金鼎-高雄,2023-10-13,9183
6116,彩晶,21,5,16,群益金鼎-高雄,2023-10-13,9183
6757,台灣虎航,15,0,15,群益金鼎-高雄,2023-10-13,9183
9933,中鼎,15,0,15,群益金鼎-高雄,2023-10-13,9183
00931B,統一美債20年,19,5,14,群益金鼎-高雄,2023-10-13,9183
3481,群創,14,0,14,群益金鼎-高雄,2023-10-13,9183
2425,承啟,36,23,13,群益金鼎-高雄,2023-10-13,9183
2453,凌群,13,0,13,群益金鼎-高雄,2023-10-13,9183
6194,育富,45,33,12,群益金鼎-高雄,2023-10-13,9183
9136,巨騰-DR,12,0,12,群益金鼎-高雄,2023-10-13,9183
2886,兆豐金,13,2,11,群益金鼎-高雄,2023-10-13,9183
00720B,元大投資級公司債,11,0,11,群益金鼎-高雄,2023-10-13,9183
1303,南亞,11,0,11,群益金鼎-高雄,2023-10-13,9183
00923,群益台ESG低碳50,11,0,11,群益金鼎-高雄,2023-10-13,9183
2303,聯電,16,5,11,群益金鼎-高雄,2023-10-13,9183
2344,華邦電,11,0,11,群益金鼎-高雄,2023-10-13,9183
6015,宏遠證,12,1,11,群益金鼎-高雄,2023-10-13,9183
00753L,中信中國50正2,11,0,11,群益金鼎-高雄,2023-10-13,9183
2882,國泰金,18,8,10,群益金鼎-高雄,2023-10-13,9183
2634,漢翔,10,0,10,群益金鼎-高雄,2023-10-13,9183
3313,斐成,10,0,10,群益金鼎-高雄,2023-10-13,9183
6156,松上,10,0,10,群益金鼎-高雄,2023-10-13,9183
00680L,元大美債20正2,9,0,9,群益金鼎-高雄,2023-10-13,9183
2382,廣達,31,22,9,群益金鼎-高雄,2023-10-13,9183
6449,鈺邦,9,0,9,群益金鼎-高雄,2023-10-13,9183
9907,統一實,9,0,9,群益金鼎-高雄,2023-10-13,9183
00679B,元大美債20年,8,0,8,群益金鼎-高雄,2023-10-13,9183
00919,群益台灣精選高息,8,0,8,群益金鼎-高雄,2023-10-13,9183
2329,華泰,17,9,8,群益金鼎-高雄,2023-10-13,9183
2349,錸德,10,2,8,群益金鼎-高雄,2023-10-13,9183
2609,陽明,11,3,8,群益金鼎-高雄,2023-10-13,9183
9950,萬國通,22,14,8,群益金鼎-高雄,2023-10-13,9183
2465,麗臺,13,5,8,群益金鼎-高雄,2023-10-13,9183
6282,康舒,8,1,7,群益金鼎-高雄,2023-10-13,9183
3122,笙泉,8,1,7,群益金鼎-高雄,2023-10-13,9183
4934,太極,7,0,7,群益金鼎-高雄,2023-10-13,9183
2344,華邦電,155,33,122,群益金鼎-高雄,2023-10-16,9183
2369,菱生,111,7,104,群益金鼎-高雄,2023-10-16,9183
0056,元大高股息,79,0,79,群益金鼎-高雄,2023-10-16,9183
00922,國泰台灣領袖50,74,0,74,群益金鼎-高雄,2023-10-16,9183
00929,復華台灣科技優息,90,26,64,群益金鼎-高雄,2023-10-16,9183
2323,中環,60,0,60,群益金鼎-高雄,2023-10-16,9183
3481,群創,60,1,59,群益金鼎-高雄,2023-10-16,9183
00679B,元大美債20年,51,0,51,群益金鼎-高雄,2023-10-16,9183
3558,神準,51,0,51,群益金鼎-高雄,2023-10-16,9183
00753L,中信中國50正2,51,0,51,群益金鼎-高雄,2023-10-16,9183
00919,群益台灣精選高息,54,11,43,群益金鼎-高雄,2023-10-16,9183
2610,華航,42,6,36,群益金鼎-高雄,2023-10-16,9183
2515,中工,65,32,33,群益金鼎-高雄,2023-10-16,9183
2492,華新科,31,0,31,群益金鼎-高雄,2023-10-16,9183
3483,力致,40,11,29,群益金鼎-高雄,2023-10-16,9183
6505,台塑化,25,1,24,群益金鼎-高雄,2023-10-16,9183
2618,長榮航,56,34,22,群益金鼎-高雄,2023-10-16,9183
00715L,期街口布蘭特正2,29,8,21,群益金鼎-高雄,2023-10-16,9183
2359,所羅門,21,0,21,群益金鼎-高雄,2023-10-16,9183
3176,基亞,21,0,21,群益金鼎-高雄,2023-10-16,9183
2409,友達,20,1,19,群益金鼎-高雄,2023-10-16,9183
8092,建暐,16,0,16,群益金鼎-高雄,2023-10-16,9183
2634,漢翔,22,7,15,群益金鼎-高雄,2023-10-16,9183
8087,麗升能源,15,0,15,群益金鼎-高雄,2023-10-16,9183
8996,高力,14,1,13,群益金鼎-高雄,2023-10-16,9183
4908,前鼎,59,47,12,群益金鼎-高雄,2023-10-16,9183
2340,台亞,12,0,12,群益金鼎-高雄,2023-10-16,9183
2486,一詮,18,6,12,群益金鼎-高雄,2023-10-16,9183
2516,新建,13,1,12,群益金鼎-高雄,2023-10-16,9183
1605,華新,13,2,11,群益金鼎-高雄,2023-10-16,9183
2201,裕隆,12,1,11,群益金鼎-高雄,2023-10-16,9183
5381,合正,12,2,10,群益金鼎-高雄,2023-10-16,9183
6150,撼訊,10,0,10,群益金鼎-高雄,2023-10-16,9183
6419,京晨科,10,0,10,群益金鼎-高雄,2023-10-16,9183
6477,安集,10,0,10,群益金鼎-高雄,2023-10-16,9183
6770,力積電,12,2,10,群益金鼎-高雄,2023-10-16,9183
2442,新美齊,9,0,9,群益金鼎-高雄,2023-10-16,9183
1301,台塑,9,1,8,群益金鼎-高雄,2023-10-16,9183
1815,富喬,8,1,7,群益金鼎-高雄,2023-10-16,9183
4168,醣聯,7,0,7,群益金鼎-高雄,2023-10-16,9183
8222,寶一,17,10,7,群益金鼎-高雄,2023-10-16,9183
2363,矽統,160,153,7,群益金鼎-高雄,2023-10-16,9183
3231,緯創,20,14,6,群益金鼎-高雄,2023-10-16,9183
1907,永豐餘,7,1,6,群益金鼎-高雄,2023-10-16,9183
2204,中華,6,0,6,群益金鼎-高雄,2023-10-16,9183
3051,力特,6,0,6,群益金鼎-高雄,2023-10-16,9183
9136,巨騰-DR,17,11,6,群益金鼎-高雄,2023-10-16,9183
00878,國泰永續高股息,8,3,5,群益金鼎-高雄,2023-10-16,9183
2427,三商電,9,4,5,群益金鼎-高雄,2023-10-16,9183
4919,新唐,6,1,5,群益金鼎-高雄,2023-10-16,9183
0056,元大高股息,180,2,178,群益金鼎-高雄,2023-10-17,9183
2492,華新科,72,20,52,群益金鼎-高雄,2023-10-17,9183
00687B,國泰20年美債,30,0,30,群益金鼎-高雄,2023-10-17,9183
5299,杰力,29,0,29,群益金鼎-高雄,2023-10-17,9183
1609,大亞,28,1,27,群益金鼎-高雄,2023-10-17,9183
2323,中環,27,0,27,群益金鼎-高雄,2023-10-17,9183
2344,華邦電,68,41,27,群益金鼎-高雄,2023-10-17,9183
00931B,統一美債20年,27,0,27,群益金鼎-高雄,2023-10-17,9183
3481,群創,25,0,25,群益金鼎-高雄,2023-10-17,9183
3231,緯創,72,47,25,群益金鼎-高雄,2023-10-17,9183
2618,長榮航,23,2,21,群益金鼎-高雄,2023-10-17,9183
3049,精金,21,3,18,群益金鼎-高雄,2023-10-17,9183
6139,亞翔,20,3,17,群益金鼎-高雄,2023-10-17,9183
2498,宏達電,21,5,16,群益金鼎-高雄,2023-10-17,9183
2313,華通,30,15,15,群益金鼎-高雄,2023-10-17,9183
00722B,群益投資級電信債,15,0,15,群益金鼎-高雄,2023-10-17,9183
3715,定穎投控,40,25,15,群益金鼎-高雄,2023-10-17,9183
1101,台泥,13,1,12,群益金鼎-高雄,2023-10-17,9183
2014,中鴻,32,20,12,群益金鼎-高雄,2023-10-17,9183
2442,新美齊,12,0,12,群益金鼎-高雄,2023-10-17,9183
2603,長榮,17,6,11,群益金鼎-高雄,2023-10-17,9183
3483,力致,12,1,11,群益金鼎-高雄,2023-10-17,9183
3037,欣興,21,10,11,群益金鼎-高雄,2023-10-17,9183
2201,裕隆,10,0,10,群益金鼎-高雄,2023-10-17,9183
00670L,富邦NASDAQ正2,10,0,10,群益金鼎-高雄,2023-10-17,9183
8213,志超,18,8,10,群益金鼎-高雄,2023-10-17,9183
00919,群益台灣精選高息,17,8,9,群益金鼎-高雄,2023-10-17,9183
00631L,元大台灣50正2,9,0,9,群益金鼎-高雄,2023-10-17,9183
3714,富采,9,0,9,群益金鼎-高雄,2023-10-17,9183
00679B,元大美債20年,9,0,9,群益金鼎-高雄,2023-10-17,9183
2327,國巨,10,3,7,群益金鼎-高雄,2023-10-17,9183
2882,國泰金,9,2,7,群益金鼎-高雄,2023-10-17,9183
3499,環天科,12,5,7,群益金鼎-高雄,2023-10-17,9183
4979,華星光,23,16,7,群益金鼎-高雄,2023-10-17,9183
00715L,期街口布蘭特正2,6,0,6,群益金鼎-高雄,2023-10-17,9183
1815,富喬,7,1,6,群益金鼎-高雄,2023-10-17,9183
2891,中信金,6,0,6,群益金鼎-高雄,2023-10-17,9183
6142,友勁,6,0,6,群益金鼎-高雄,2023-10-17,9183
8087,麗升能源,6,0,6,群益金鼎-高雄,2023-10-17,9183
9136,巨騰-DR,6,0,6,群益金鼎-高雄,2023-10-17,9183
9907,統一實,6,0,6,群益金鼎-高雄,2023-10-17,9183
00720B,元大投資級公司債,5,0,5,群益金鼎-高雄,2023-10-17,9183
1513,中興電,8,3,5,群益金鼎-高雄,2023-10-17,9183
00753L,中信中國50正2,5,0,5,群益金鼎-高雄,2023-10-17,9183
2103,台橡,5,0,5,群益金鼎-高雄,2023-10-17,9183
2352,佳世達,5,0,5,群益金鼎-高雄,2023-10-17,9183
3234,光環,5,0,5,群益金鼎-高雄,2023-10-17,9183
3322,建舜電,8,3,5,群益金鼎-高雄,2023-10-17,9183
4563,百德,5,0,5,群益金鼎-高雄,2023-10-17,9183
6111,大宇資,5,0,5,群益金鼎-高雄,2023-10-17,9183
6120,達運,100,0,100,群益金鼎-高雄,2023-10-18,9183
00878,國泰永續高股息,80,6,74,群益金鼎-高雄,2023-10-18,9183
00929,復華台灣科技優息,73,2,71,群益金鼎-高雄,2023-10-18,9183
00922,國泰台灣領袖50,60,0,60,群益金鼎-高雄,2023-10-18,9183
0056,元大高股息,74,20,54,群益金鼎-高雄,2023-10-18,9183
2816,旺旺保,50,0,50,群益金鼎-高雄,2023-10-18,9183
00919,群益台灣精選高息,46,0,46,群益金鼎-高雄,2023-10-18,9183
3015,全漢,45,0,45,群益金鼎-高雄,2023-10-18,9183
00679B,元大美債20年,44,0,44,群益金鼎-高雄,2023-10-18,9183
00687B,國泰20年美債,39,0,39,群益金鼎-高雄,2023-10-18,9183
3515,華擎,39,0,39,群益金鼎-高雄,2023-10-18,9183
3231,緯創,83,44,39,群益金鼎-高雄,2023-10-18,9183
5299,杰力,36,0,36,群益金鼎-高雄,2023-10-18,9183
2323,中環,25,0,25,群益金鼎-高雄,2023-10-18,9183
2344,華邦電,36,12,24,群益金鼎-高雄,2023-10-18,9183
1609,大亞,20,0,20,群益金鼎-高雄,2023-10-18,9183
8092,建暐,20,0,20,群益金鼎-高雄,2023-10-18,9183
6770,力積電,18,0,18,群益金鼎-高雄,2023-10-18,9183
3481,群創,21,4,17,群益金鼎-高雄,2023-10-18,9183
1101,台泥,19,4,15,群益金鼎-高雄,2023-10-18,9183
2208,台船,15,0,15,群益金鼎-高雄,2023-10-18,9183
2498,宏達電,19,5,14,群益金鼎-高雄,2023-10-18,9183
8087,麗升能源,14,0,14,群益金鼎-高雄,2023-10-18,9183
5009,榮剛,13,0,13,群益金鼎-高雄,2023-10-18,9183
2634,漢翔,13,1,12,群益金鼎-高雄,2023-10-18,9183
6142,友勁,12,0,12,群益金鼎-高雄,2023-10-18,9183
2449,京元電子,22,10,12,群益金鼎-高雄,2023-10-18,9183
2353,宏��,12,0,12,群益金鼎-高雄,2023-10-18,9183
00720B,元大投資級公司債,11,0,11,群益金鼎-高雄,2023-10-18,9183
2313,華通,14,3,11,群益金鼎-高雄,2023-10-18,9183
00751B,元大AAA至A公司債,10,0,10,群益金鼎-高雄,2023-10-18,9183
2457,飛宏,11,1,10,群益金鼎-高雄,2023-10-18,9183
00881,國泰台灣5G+,10,0,10,群益金鼎-高雄,2023-10-18,9183
00900,富邦特選高股息30,10,0,10,群益金鼎-高雄,2023-10-18,9183
00892,富邦台灣半導體,10,0,10,群益金鼎-高雄,2023-10-18,9183
5210,寶碩,10,0,10,群益金鼎-高雄,2023-10-18,9183
5531,鄉林,10,0,10,群益金鼎-高雄,2023-10-18,9183
3006,晶豪科,11,1,10,群益金鼎-高雄,2023-10-18,9183
2233,宇隆,14,4,10,群益金鼎-高雄,2023-10-18,9183
2409,友達,13,4,9,群益金鼎-高雄,2023-10-18,9183
6443,元晶,13,4,9,群益金鼎-高雄,2023-10-18,9183
6282,康舒,12,3,9,群益金鼎-高雄,2023-10-18,9183
9950,萬國通,11,3,8,群益金鼎-高雄,2023-10-18,9183
1303,南亞,9,1,8,群益金鼎-高雄,2023-10-18,9183
1909,榮成,10,2,8,群益金鼎-高雄,2023-10-18,9183
9136,巨騰-DR,20,12,8,群益金鼎-高雄,2023-10-18,9183
3576,聯合再生,7,0,7,群益金鼎-高雄,2023-10-18,9183
2206,三陽工業,9,2,7,群益金鼎-高雄,2023-10-18,9183
3706,神達,8,1,7,群益金鼎-高雄,2023-10-18,9183
3094,聯傑,37,30,7,群益金鼎-高雄,2023-10-18,9183
0056,元大高股息,130,6,124,群益金鼎-高雄,2023-10-19,9183
2610,華航,113,8,105,群益金鼎-高雄,2023-10-19,9183
8213,志超,77,2,75,群益金鼎-高雄,2023-10-19,9183
2355,敬鵬,70,0,70,群益金鼎-高雄,2023-10-19,9183
00878,國泰永續高股息,66,3,63,群益金鼎-高雄,2023-10-19,9183
00645,富邦日本,50,0,50,群益金鼎-高雄,2023-10-19,9183
2618,長榮航,35,1,34,群益金鼎-高雄,2023-10-19,9183
3231,緯創,78,48,30,群益金鼎-高雄,2023-10-19,9183
00637L,元大滬深300正2,29,0,29,群益金鼎-高雄,2023-10-19,9183
2816,旺旺保,32,3,29,群益金鼎-高雄,2023-10-19,9183
3049,精金,28,0,28,群益金鼎-高雄,2023-10-19,9183
00929,復華台灣科技優息,68,42,26,群益金鼎-高雄,2023-10-19,9183
2409,友達,26,0,26,群益金鼎-高雄,2023-10-19,9183
1101,台泥,27,3,24,群益金鼎-高雄,2023-10-19,9183
00720B,元大投資級公司債,23,0,23,群益金鼎-高雄,2023-10-19,9183
00931B,統一美債20年,21,0,21,群益金鼎-高雄,2023-10-19,9183
00712,復華富時不動產,23,2,21,群益金鼎-高雄,2023-10-19,9183
6168,宏齊,44,24,20,群益金鼎-高雄,2023-10-19,9183
8054,安國,35,15,20,群益金鼎-高雄,2023-10-19,9183
8176,智捷,20,0,20,群益金鼎-高雄,2023-10-19,9183
00679B,元大美債20年,19,0,19,群益金鼎-高雄,2023-10-19,9183
00882,中信中國高股息,19,0,19,群益金鼎-高雄,2023-10-19,9183
2317,鴻海,19,1,18,群益金鼎-高雄,2023-10-19,9183
00922,國泰台灣領袖50,14,0,14,群益金鼎-高雄,2023-10-19,9183
2886,兆豐金,26,12,14,群益金鼎-高雄,2023-10-19,9183
1609,大亞,22,10,12,群益金鼎-高雄,2023-10-19,9183
00897,富邦基因免疫生技,11,0,11,群益金鼎-高雄,2023-10-19,9183
00772B,中信高評級公司債,10,0,10,群益金鼎-高雄,2023-10-19,9183
00895,富邦未來車,10,0,10,群益金鼎-高雄,2023-10-19,9183
00655L,國泰中國A50正2,10,0,10,群益金鼎-高雄,2023-10-19,9183
2316,楠梓電,10,0,10,群益金鼎-高雄,2023-10-19,9183
2328,廣宇,10,0,10,群益金鼎-高雄,2023-10-19,9183
3221,台嘉碩,11,1,10,群益金鼎-高雄,2023-10-19,9183
6005,群益證,10,0,10,群益金鼎-高雄,2023-10-19,9183
00751B,元大AAA至A公司債,9,0,9,群益金鼎-高雄,2023-10-19,9183
00687B,國泰20年美債,9,0,9,群益金鼎-高雄,2023-10-19,9183
3715,定穎投控,36,27,9,群益金鼎-高雄,2023-10-19,9183
4977,眾達-KY,9,0,9,群益金鼎-高雄,2023-10-19,9183
2369,菱生,12,4,8,群益金鼎-高雄,2023-10-19,9183
2885,元大金,8,0,8,群益金鼎-高雄,2023-10-19,9183
00753L,中信中國50正2,8,0,8,群益金鼎-高雄,2023-10-19,9183
5880,合庫金,7,0,7,群益金鼎-高雄,2023-10-19,9183
6223,旺矽,7,0,7,群益金鼎-高雄,2023-10-19,9183
1303,南亞,13,6,7,群益金鼎-高雄,2023-10-19,9183
3491,昇達科,18,11,7,群益金鼎-高雄,2023-10-19,9183
9907,統一實,7,0,7,群益金鼎-高雄,2023-10-19,9183
9950,萬國通,19,12,7,群益金鼎-高雄,2023-10-19,9183
3481,群創,22,16,6,群益金鼎-高雄,2023-10-19,9183
00902,中信電池及儲能,6,0,6,群益金鼎-高雄,2023-10-19,9183
1305,華夏,6,0,6,群益金鼎-高雄,2023-10-19,9183
3481,群創,168,22,146,群益金鼎-高雄,2023-10-20,9183
2705,六福,100,0,100,群益金鼎-高雄,2023-10-20,9183
00712,復華富時不動產,70,0,70,群益金鼎-高雄,2023-10-20,9183
2633,台灣高鐵,62,0,62,群益金鼎-高雄,2023-10-20,9183
00878,國泰永續高股息,62,4,58,群益金鼎-高雄,2023-10-20,9183
00753L,中信中國50正2,50,0,50,群益金鼎-高雄,2023-10-20,9183
2883,凱基金,47,0,47,群益金鼎-高雄,2023-10-20,9183
2002,中鋼,46,1,45,群益金鼎-高雄,2023-10-20,9183
00751B,元大AAA至A公司債,38,0,38,群益金鼎-高雄,2023-10-20,9183
00933B,國泰10Y+金融債,37,1,36,群益金鼎-高雄,2023-10-20,9183
00687B,國泰20年美債,33,0,33,群益金鼎-高雄,2023-10-20,9183
3515,華擎,32,0,32,群益金鼎-高雄,2023-10-20,9183
00929,復華台灣科技優息,32,0,32,群益金鼎-高雄,2023-10-20,9183
00722B,群益投資級電信債,30,0,30,群益金鼎-高雄,2023-10-20,9183
00932,兆豐永續高息等權,21,0,21,群益金鼎-高雄,2023-10-20,9183
2618,長榮航,22,1,21,群益金鼎-高雄,2023-10-20,9183
2888,新光金,21,1,20,群益金鼎-高雄,2023-10-20,9183
0056,元大高股息,21,2,19,群益金鼎-高雄,2023-10-20,9183
9136,巨騰-DR,18,0,18,群益金鼎-高雄,2023-10-20,9183
3374,精材,22,6,16,群益金鼎-高雄,2023-10-20,9183
2601,益航,15,0,15,群益金鼎-高雄,2023-10-20,9183
2816,旺旺保,34,19,15,群益金鼎-高雄,2023-10-20,9183
2457,飛宏,23,9,14,群益金鼎-高雄,2023-10-20,9183
1219,福壽,14,0,14,群益金鼎-高雄,2023-10-20,9183
8059,凱碩,14,0,14,群益金鼎-高雄,2023-10-20,9183
8086,宏捷科,18,4,14,群益金鼎-高雄,2023-10-20,9183
2313,華通,13,0,13,群益金鼎-高雄,2023-10-20,9183
4930,燦星網,13,0,13,群益金鼎-高雄,2023-10-20,9183
8358,金居,23,10,13,群益金鼎-高雄,2023-10-20,9183
3041,揚智,30,18,12,群益金鼎-高雄,2023-10-20,9183
6120,達運,14,2,12,群益金鼎-高雄,2023-10-20,9183
00919,群益台灣精選高息,19,7,12,群益金鼎-高雄,2023-10-20,9183
2303,聯電,57,46,11,群益金鼎-高雄,2023-10-20,9183
2892,第一金,11,0,11,群益金鼎-高雄,2023-10-20,9183
1324,地球,21,10,11,群益金鼎-高雄,2023-10-20,9183
2867,三商壽,11,0,11,群益金鼎-高雄,2023-10-20,9183
00895,富邦未來車,10,0,10,群益金鼎-高雄,2023-10-20,9183
1709,和益,10,0,10,群益金鼎-高雄,2023-10-20,9183
2340,台亞,10,0,10,群益金鼎-高雄,2023-10-20,9183
2516,新建,10,0,10,群益金鼎-高雄,2023-10-20,9183
8924,大田,10,0,10,群益金鼎-高雄,2023-10-20,9183
1795,美時,13,3,10,群益金鼎-高雄,2023-10-20,9183
1101,台泥,9,0,9,群益金鼎-高雄,2023-10-20,9183
6438,迅得,10,1,9,群益金鼎-高雄,2023-10-20,9183
2834,臺企銀,8,0,8,群益金鼎-高雄,2023-10-20,9183
00897,富邦基因免疫生技,8,0,8,群益金鼎-高雄,2023-10-20,9183
2498,宏達電,7,0,7,群益金鼎-高雄,2023-10-20,9183
00679B,元大美債20年,7,0,7,群益金鼎-高雄,2023-10-20,9183
3704,合勤控,8,1,7,群益金鼎-高雄,2023-10-20,9183
4953,緯軟,8,1,7,群益金鼎-高雄,2023-10-20,9183
3481,群創,267,2,265,群益金鼎-高雄,2023-10-23,9183
00929,復華台灣科技優息,119,3,116,群益金鼎-高雄,2023-10-23,9183
8046,南電,82,0,82,群益金鼎-高雄,2023-10-23,9183
00712,復華富時不動產,62,0,62,群益金鼎-高雄,2023-10-23,9183
3623,富晶通,50,0,50,群益金鼎-高雄,2023-10-23,9183
2891,中信金,28,0,28,群益金鼎-高雄,2023-10-23,9183
00878,國泰永續高股息,31,4,27,群益金鼎-高雄,2023-10-23,9183
00919,群益台灣精選高息,24,1,23,群益金鼎-高雄,2023-10-23,9183
2402,毅嘉,35,14,21,群益金鼎-高雄,2023-10-23,9183
0056,元大高股息,21,3,18,群益金鼎-高雄,2023-10-23,9183
00751B,元大AAA至A公司債,16,0,16,群益金鼎-高雄,2023-10-23,9183
2449,京元電子,23,7,16,群益金鼎-高雄,2023-10-23,9183
2883,凱基金,17,2,15,群益金鼎-高雄,2023-10-23,9183
5299,杰力,15,0,15,群益金鼎-高雄,2023-10-23,9183
8213,志超,52,37,15,群益金鼎-高雄,2023-10-23,9183
3483,力致,12,0,12,群益金鼎-高雄,2023-10-23,9183
00772B,中信高評級公司債,11,0,11,群益金鼎-高雄,2023-10-23,9183
2344,華邦電,35,24,11,群益金鼎-高雄,2023-10-23,9183
3380,明泰,11,0,11,群益金鼎-高雄,2023-10-23,9183
0050,元大台灣50,10,0,10,群益金鼎-高雄,2023-10-23,9183
2412,中華電,10,0,10,群益金鼎-高雄,2023-10-23,9183
2002,中鋼,10,0,10,群益金鼎-高雄,2023-10-23,9183
2104,國際中橡,10,0,10,群益金鼎-高雄,2023-10-23,9183
2409,友達,15,5,10,群益金鼎-高雄,2023-10-23,9183
4944,兆遠,10,0,10,群益金鼎-高雄,2023-10-23,9183
6214,精誠,10,0,10,群益金鼎-高雄,2023-10-23,9183
9933,中鼎,10,0,10,群益金鼎-高雄,2023-10-23,9183
00687B,國泰20年美債,9,0,9,群益金鼎-高雄,2023-10-23,9183
1101,台泥,9,0,9,群益金鼎-高雄,2023-10-23,9183
6147,頎邦,10,1,9,群益金鼎-高雄,2023-10-23,9183
2892,第一金,9,0,9,群益金鼎-高雄,2023-10-23,9183
2305,全友,11,3,8,群益金鼎-高雄,2023-10-23,9183
6139,亞翔,17,9,8,群益金鼎-高雄,2023-10-23,9183
5880,合庫金,7,0,7,群益金鼎-高雄,2023-10-23,9183
2886,兆豐金,9,2,7,群益金鼎-高雄,2023-10-23,9183
2382,廣達,12,5,7,群益金鼎-高雄,2023-10-23,9183
2401,凌陽,14,7,7,群益金鼎-高雄,2023-10-23,9183
00933B,國泰10Y+金融債,7,1,6,群益金鼎-高雄,2023-10-23,9183
00922,國泰台灣領袖50,6,0,6,群益金鼎-高雄,2023-10-23,9183
1301,台塑,6,0,6,群益金鼎-高雄,2023-10-23,9183
3035,智原,26,20,6,群益金鼎-高雄,2023-10-23,9183
9136,巨騰-DR,6,0,6,群益金鼎-高雄,2023-10-23,9183
2885,元大金,11,5,6,群益金鼎-高雄,2023-10-23,9183
00882,中信中國高股息,5,0,5,群益金鼎-高雄,2023-10-23,9183
1218,泰山,5,0,5,群益金鼎-高雄,2023-10-23,9183
1909,榮成,5,0,5,群益金鼎-高雄,2023-10-23,9183
5388,中磊,6,1,5,群益金鼎-高雄,2023-10-23,9183
6811,宏�硌穈T,5,0,5,群益金鼎-高雄,2023-10-23,9183
6901,鑽石投資,12,7,5,群益金鼎-高雄,2023-10-23,9183
8054,安國,12,7,5,群益金鼎-高雄,2023-10-23,9183
3481,群創,115,11,104,群益金鼎-高雄,2023-10-24,9183
00645,富邦日本,100,0,100,群益金鼎-高雄,2023-10-24,9183
2618,長榮航,67,3,64,群益金鼎-高雄,2023-10-24,9183
00712,復華富時不動產,71,11,60,群益金鼎-高雄,2023-10-24,9183
0056,元大高股息,53,5,48,群益金鼎-高雄,2023-10-24,9183
00679B,元大美債20年,36,1,35,群益金鼎-高雄,2023-10-24,9183
2882,國泰金,38,8,30,群益金鼎-高雄,2023-10-24,9183
2337,旺宏,31,5,26,群益金鼎-高雄,2023-10-24,9183
3041,揚智,26,4,22,群益金鼎-高雄,2023-10-24,9183
00929,復華台灣科技優息,39,18,21,群益金鼎-高雄,2023-10-24,9183
3558,神準,20,0,20,群益金鼎-高雄,2023-10-24,9183
9958,世紀鋼,35,15,20,群益金鼎-高雄,2023-10-24,9183
2317,鴻海,56,36,20,群益金鼎-高雄,2023-10-24,9183
2888,新光金,20,1,19,群益金鼎-高雄,2023-10-24,9183
1101,台泥,18,1,17,群益金鼎-高雄,2023-10-24,9183
8046,南電,20,3,17,群益金鼎-高雄,2023-10-24,9183
3015,全漢,16,0,16,群益金鼎-高雄,2023-10-24,9183
2743,山富,14,0,14,群益金鼎-高雄,2023-10-24,9183
3051,力特,108,94,14,群益金鼎-高雄,2023-10-24,9183
00632R,元大台灣50反1,13,0,13,群益金鼎-高雄,2023-10-24,9183
2634,漢翔,14,1,13,群益金鼎-高雄,2023-10-24,9183
2303,聯電,49,37,12,群益金鼎-高雄,2023-10-24,9183
1721,三晃,33,21,12,群益金鼎-高雄,2023-10-24,9183
1301,台塑,11,0,11,群益金鼎-高雄,2023-10-24,9183
2412,中華電,11,0,11,群益金鼎-高雄,2023-10-24,9183
00830,國泰費城半導體,10,0,10,群益金鼎-高雄,2023-10-24,9183
1609,大亞,10,0,10,群益金鼎-高雄,2023-10-24,9183
5210,寶碩,10,0,10,群益金鼎-高雄,2023-10-24,9183
2340,台亞,20,11,9,群益金鼎-高雄,2023-10-24,9183
2002,中鋼,18,9,9,群益金鼎-高雄,2023-10-24,9183
2408,南亞科,8,0,8,群益金鼎-高雄,2023-10-24,9183
8213,志超,14,6,8,群益金鼎-高雄,2023-10-24,9183
00637L,元大滬深300正2,7,0,7,群益金鼎-高雄,2023-10-24,9183
2367,燿華,7,0,7,群益金鼎-高雄,2023-10-24,9183
2892,第一金,7,0,7,群益金鼎-高雄,2023-10-24,9183
2402,毅嘉,12,6,6,群益金鼎-高雄,2023-10-24,9183
2610,華航,7,1,6,群益金鼎-高雄,2023-10-24,9183
2890,永豐金,6,0,6,群益金鼎-高雄,2023-10-24,9183
6237,驊訊,8,2,6,群益金鼎-高雄,2023-10-24,9183
6282,康舒,6,0,6,群益金鼎-高雄,2023-10-24,9183
00878,國泰永續高股息,7,2,5,群益金鼎-高雄,2023-10-24,9183
00919,群益台灣精選高息,5,0,5,群益金鼎-高雄,2023-10-24,9183
1789,神隆,5,0,5,群益金鼎-高雄,2023-10-24,9183
2233,宇隆,14,9,5,群益金鼎-高雄,2023-10-24,9183
2388,威盛,21,16,5,群益金鼎-高雄,2023-10-24,9183
4942,嘉彰,5,0,5,群益金鼎-高雄,2023-10-24,9183
4944,兆遠,10,5,5,群益金鼎-高雄,2023-10-24,9183
5213,亞昕,5,0,5,群益金鼎-高雄,2023-10-24,9183
6120,達運,6,1,5,群益金鼎-高雄,2023-10-24,9183
6243,迅杰,7,2,5,群益金鼎-高雄,2023-10-24,9183
00679B,元大美債20年,130,8,122,群益金鼎-高雄,2023-10-25,9183
2369,菱生,101,2,99,群益金鼎-高雄,2023-10-25,9183
1524,耿鼎,120,27,93,群益金鼎-高雄,2023-10-25,9183
8213,志超,82,2,80,群益金鼎-高雄,2023-10-25,9183
2883,凱基金,63,0,63,群益金鼎-高雄,2023-10-25,9183
2886,兆豐金,65,4,61,群益金鼎-高雄,2023-10-25,9183
2337,旺宏,60,14,46,群益金鼎-高雄,2023-10-25,9183
00753L,中信中國50正2,50,5,45,群益金鼎-高雄,2023-10-25,9183
8046,南電,42,2,40,群益金鼎-高雄,2023-10-25,9183
2492,華新科,40,1,39,群益金鼎-高雄,2023-10-25,9183
00712,復華富時不動產,25,3,22,群益金鼎-高雄,2023-10-25,9183
00687B,國泰20年美債,17,0,17,群益金鼎-高雄,2023-10-25,9183
8054,安國,16,0,16,群益金鼎-高雄,2023-10-25,9183
2458,義隆,24,10,14,群益金鼎-高雄,2023-10-25,9183
2324,仁寶,14,0,14,群益金鼎-高雄,2023-10-25,9183
0056,元大高股息,15,2,13,群益金鼎-高雄,2023-10-25,9183
2462,良得電,15,3,12,群益金鼎-高雄,2023-10-25,9183
3287,廣寰科,12,0,12,群益金鼎-高雄,2023-10-25,9183
2465,麗臺,16,4,12,群益金鼎-高雄,2023-10-25,9183
2885,元大金,13,1,12,群益金鼎-高雄,2023-10-25,9183
1618,合機,12,2,10,群益金鼎-高雄,2023-10-25,9183
1218,泰山,10,0,10,群益金鼎-高雄,2023-10-25,9183
00931B,統一美債20年,10,0,10,群益金鼎-高雄,2023-10-25,9183
00642U,期元大S＆P石油,10,0,10,群益金鼎-高雄,2023-10-25,9183
6187,萬潤,22,12,10,群益金鼎-高雄,2023-10-25,9183
3035,智原,45,36,9,群益金鼎-高雄,2023-10-25,9183
4906,正文,11,2,9,群益金鼎-高雄,2023-10-25,9183
3231,緯創,39,31,8,群益金鼎-高雄,2023-10-25,9183
6168,宏齊,20,12,8,群益金鼎-高雄,2023-10-25,9183
2442,新美齊,8,0,8,群益金鼎-高雄,2023-10-25,9183
3025,星通,16,9,7,群益金鼎-高雄,2023-10-25,9183
2880,華南金,7,0,7,群益金鼎-高雄,2023-10-25,9183
3711,日月光投控,14,7,7,群益金鼎-高雄,2023-10-25,9183
4944,兆遠,12,5,7,群益金鼎-高雄,2023-10-25,9183
00643,群益深証中小,8,2,6,群益金鼎-高雄,2023-10-25,9183
1605,華新,10,4,6,群益金鼎-高雄,2023-10-25,9183
2606,裕民,8,2,6,群益金鼎-高雄,2023-10-25,9183
5355,佳總,6,0,6,群益金鼎-高雄,2023-10-25,9183
3122,笙泉,26,20,6,群益金鼎-高雄,2023-10-25,9183
4908,前鼎,17,11,6,群益金鼎-高雄,2023-10-25,9183
1612,宏泰,6,1,5,群益金鼎-高雄,2023-10-25,9183
1102,亞泥,5,0,5,群益金鼎-高雄,2023-10-25,9183
2038,海光,10,5,5,群益金鼎-高雄,2023-10-25,9183
2344,華邦電,14,9,5,群益金鼎-高雄,2023-10-25,9183
2371,大同,9,4,5,群益金鼎-高雄,2023-10-25,9183
2520,冠德,5,0,5,群益金鼎-高雄,2023-10-25,9183
2882,國泰金,13,8,5,群益金鼎-高雄,2023-10-25,9183
4930,燦星網,5,0,5,群益金鼎-高雄,2023-10-25,9183
6235,華孚,6,1,5,群益金鼎-高雄,2023-10-25,9183
6290,良維,13,8,5,群益金鼎-高雄,2023-10-25,9183
00929,復華台灣科技優息,115,2,113,群益金鼎-高雄,2023-10-26,9183
9105,泰金寶-DR,112,2,110,群益金鼎-高雄,2023-10-26,9183
3022,威強電,105,0,105,群益金鼎-高雄,2023-10-26,9183
00919,群益台灣精選高息,81,3,78,群益金鼎-高雄,2023-10-26,9183
6695,芯鼎,68,2,66,群益金鼎-高雄,2023-10-26,9183
00712,復華富時不動產,55,0,55,群益金鼎-高雄,2023-10-26,9183
0050,元大台灣50,44,0,44,群益金鼎-高雄,2023-10-26,9183
2344,華邦電,65,24,41,群益金鼎-高雄,2023-10-26,9183
8054,安國,65,31,34,群益金鼎-高雄,2023-10-26,9183
2330,台積電,34,2,32,群益金鼎-高雄,2023-10-26,9183
00878,國泰永續高股息,31,1,30,群益金鼎-高雄,2023-10-26,9183
2332,友訊,30,0,30,群益金鼎-高雄,2023-10-26,9183
2883,凱基金,27,0,27,群益金鼎-高雄,2023-10-26,9183
3711,日月光投控,32,7,25,群益金鼎-高雄,2023-10-26,9183
00892,富邦台灣半導體,24,0,24,群益金鼎-高雄,2023-10-26,9183
8046,南電,23,0,23,群益金鼎-高雄,2023-10-26,9183
00885,富邦越南,22,0,22,群益金鼎-高雄,2023-10-26,9183
2816,旺旺保,47,25,22,群益金鼎-高雄,2023-10-26,9183
00923,群益台ESG低碳50,23,2,21,群益金鼎-高雄,2023-10-26,9183
2382,廣達,30,10,20,群益金鼎-高雄,2023-10-26,9183
2340,台亞,20,0,20,群益金鼎-高雄,2023-10-26,9183
2537,聯上發,20,0,20,群益金鼎-高雄,2023-10-26,9183
5426,振發,18,0,18,群益金鼎-高雄,2023-10-26,9183
2369,菱生,22,5,17,群益金鼎-高雄,2023-10-26,9183
2303,聯電,40,24,16,群益金鼎-高雄,2023-10-26,9183
5609,中菲行,16,0,16,群益金鼎-高雄,2023-10-26,9183
00679B,元大美債20年,14,0,14,群益金鼎-高雄,2023-10-26,9183
3264,欣銓,14,0,14,群益金鼎-高雄,2023-10-26,9183
0056,元大高股息,20,6,14,群益金鼎-高雄,2023-10-26,9183
3374,精材,15,2,13,群益金鼎-高雄,2023-10-26,9183
3037,欣興,25,14,11,群益金鼎-高雄,2023-10-26,9183
00927,群益半導體收益,11,0,11,群益金鼎-高雄,2023-10-26,9183
2427,三商電,23,12,11,群益金鼎-高雄,2023-10-26,9183
2492,華新科,11,0,11,群益金鼎-高雄,2023-10-26,9183
3078,僑威,23,12,11,群益金鼎-高雄,2023-10-26,9183
00902,中信電池及儲能,11,0,11,群益金鼎-高雄,2023-10-26,9183
2436,偉詮電,14,4,10,群益金鼎-高雄,2023-10-26,9183
3715,定穎投控,13,3,10,群益金鼎-高雄,2023-10-26,9183
1815,富喬,10,0,10,群益金鼎-高雄,2023-10-26,9183
1905,華紙,10,0,10,群益金鼎-高雄,2023-10-26,9183
4564,元翎,10,0,10,群益金鼎-高雄,2023-10-26,9183
8087,麗升能源,10,0,10,群益金鼎-高雄,2023-10-26,9183
9136,巨騰-DR,10,0,10,群益金鼎-高雄,2023-10-26,9183
00751B,元大AAA至A公司債,9,0,9,群益金鼎-高雄,2023-10-26,9183
2349,錸德,9,0,9,群益金鼎-高雄,2023-10-26,9183
2002,中鋼,11,2,9,群益金鼎-高雄,2023-10-26,9183
2337,旺宏,22,13,9,群益金鼎-高雄,2023-10-26,9183
8358,金居,17,9,8,群益金鼎-高雄,2023-10-26,9183
1314,中石化,15,7,8,群益金鼎-高雄,2023-10-26,9183
2618,長榮航,10,2,8,群益金鼎-高雄,2023-10-26,9183
00712,復華富時不動產,61,6,55,群益金鼎-高雄,2023-10-27,9183
00753L,中信中國50正2,50,0,50,群益金鼎-高雄,2023-10-27,9183
8054,安國,105,65,40,群益金鼎-高雄,2023-10-27,9183
2323,中環,35,2,33,群益金鼎-高雄,2023-10-27,9183
00929,復華台灣科技優息,32,0,32,群益金鼎-高雄,2023-10-27,9183
6411,晶焱,28,0,28,群益金鼎-高雄,2023-10-27,9183
6695,芯鼎,27,2,25,群益金鼎-高雄,2023-10-27,9183
2329,華泰,23,3,20,群益金鼎-高雄,2023-10-27,9183
6187,萬潤,23,3,20,群益金鼎-高雄,2023-10-27,9183
8358,金居,24,8,16,群益金鼎-高雄,2023-10-27,9183
2337,旺宏,47,31,16,群益金鼎-高雄,2023-10-27,9183
2340,台亞,15,0,15,群益金鼎-高雄,2023-10-27,9183
3078,僑威,41,26,15,群益金鼎-高雄,2023-10-27,9183
1449,佳和,12,0,12,群益金鼎-高雄,2023-10-27,9183
1618,合機,12,0,12,群益金鼎-高雄,2023-10-27,9183
3481,群創,45,33,12,群益金鼎-高雄,2023-10-27,9183
3545,敦泰,12,0,12,群益金鼎-高雄,2023-10-27,9183
1721,三晃,15,4,11,群益金鼎-高雄,2023-10-27,9183
1524,耿鼎,27,16,11,群益金鼎-高雄,2023-10-27,9183
00892,富邦台灣半導體,11,0,11,群益金鼎-高雄,2023-10-27,9183
00881,國泰台灣5G+,10,0,10,群益金鼎-高雄,2023-10-27,9183
2606,裕民,10,0,10,群益金鼎-高雄,2023-10-27,9183
3483,力致,15,5,10,群益金鼎-高雄,2023-10-27,9183
3710,連展投控,13,3,10,群益金鼎-高雄,2023-10-27,9183
4105,東洋,27,17,10,群益金鼎-高雄,2023-10-27,9183
8044,網家,12,2,10,群益金鼎-高雄,2023-10-27,9183
2303,聯電,18,8,10,群益金鼎-高雄,2023-10-27,9183
00919,群益台灣精選高息,9,0,9,群益金鼎-高雄,2023-10-27,9183
2382,廣達,24,15,9,群益金鼎-高雄,2023-10-27,9183
00885,富邦越南,8,0,8,群益金鼎-高雄,2023-10-27,9183
2427,三商電,10,2,8,群益金鼎-高雄,2023-10-27,9183
0056,元大高股息,8,0,8,群益金鼎-高雄,2023-10-27,9183
1316,上曜,7,0,7,群益金鼎-高雄,2023-10-27,9183
2349,錸德,7,0,7,群益金鼎-高雄,2023-10-27,9183
6237,驊訊,10,3,7,群益金鼎-高雄,2023-10-27,9183
2344,華邦電,16,10,6,群益金鼎-高雄,2023-10-27,9183
2371,大同,26,20,6,群益金鼎-高雄,2023-10-27,9183
2409,友達,7,1,6,群益金鼎-高雄,2023-10-27,9183
3041,揚智,7,1,6,群益金鼎-高雄,2023-10-27,9183
6133,金橋,6,0,6,群益金鼎-高雄,2023-10-27,9183
6139,亞翔,15,9,6,群益金鼎-高雄,2023-10-27,9183
3035,智原,33,28,5,群益金鼎-高雄,2023-10-27,9183
2317,鴻海,12,7,5,群益金鼎-高雄,2023-10-27,9183
00715L,期街口布蘭特正2,5,0,5,群益金鼎-高雄,2023-10-27,9183
2867,三商壽,5,0,5,群益金鼎-高雄,2023-10-27,9183
3051,力特,5,0,5,群益金鼎-高雄,2023-10-27,9183
5398,慕康生醫,5,0,5,群益金鼎-高雄,2023-10-27,9183
6235,華孚,6,1,5,群益金鼎-高雄,2023-10-27,9183
6282,康舒,6,1,5,群益金鼎-高雄,2023-10-27,9183
8027,鈦昇,5,0,5,群益金鼎-高雄,2023-10-27,9183
00712,復華富時不動產,83,0,83,群益金鼎-高雄,2023-10-30,9183
9105,泰金寶-DR,55,0,55,群益金鼎-高雄,2023-10-30,9183
2610,華航,57,3,54,群益金鼎-高雄,2023-10-30,9183
2883,凱基金,51,0,51,群益金鼎-高雄,2023-10-30,9183
4529,淳紳,45,1,44,群益金鼎-高雄,2023-10-30,9183
2390,云辰,45,3,42,群益金鼎-高雄,2023-10-30,9183
2891,中信金,42,6,36,群益金鼎-高雄,2023-10-30,9183
4154,樂威科-KY,33,0,33,群益金鼎-高雄,2023-10-30,9183
1303,南亞,23,0,23,群益金鼎-高雄,2023-10-30,9183
4162,智擎,27,4,23,群益金鼎-高雄,2023-10-30,9183
6015,宏遠證,23,0,23,群益金鼎-高雄,2023-10-30,9183
2618,長榮航,24,2,22,群益金鼎-高雄,2023-10-30,9183
00878,國泰永續高股息,22,0,22,群益金鼎-高雄,2023-10-30,9183
2882,國泰金,21,2,19,群益金鼎-高雄,2023-10-30,9183
4930,燦星網,15,0,15,群益金鼎-高雄,2023-10-30,9183
8046,南電,15,0,15,群益金鼎-高雄,2023-10-30,9183
2465,麗臺,16,2,14,群益金鼎-高雄,2023-10-30,9183
1301,台塑,14,0,14,群益金鼎-高雄,2023-10-30,9183
1760,寶齡富錦,15,2,13,群益金鼎-高雄,2023-10-30,9183
3122,笙泉,19,6,13,群益金鼎-高雄,2023-10-30,9183
2317,鴻海,82,70,12,群益金鼎-高雄,2023-10-30,9183
2303,聯電,25,14,11,群益金鼎-高雄,2023-10-30,9183
3037,欣興,12,1,11,群益金鼎-高雄,2023-10-30,9183
5347,世界,11,0,11,群益金鼎-高雄,2023-10-30,9183
6223,旺矽,10,0,10,群益金鼎-高雄,2023-10-30,9183
00830,國泰費城半導體,10,0,10,群益金鼎-高雄,2023-10-30,9183
00922,國泰台灣領袖50,10,0,10,群益金鼎-高雄,2023-10-30,9183
1609,大亞,20,10,10,群益金鼎-高雄,2023-10-30,9183
3276,宇環,13,3,10,群益金鼎-高雄,2023-10-30,9183
4123,晟德,10,0,10,群益金鼎-高雄,2023-10-30,9183
8110,華東,9,0,9,群益金鼎-高雄,2023-10-30,9183
00687B,國泰20年美債,9,0,9,群益金鼎-高雄,2023-10-30,9183
2029,盛餘,9,0,9,群益金鼎-高雄,2023-10-30,9183
3025,星通,15,6,9,群益金鼎-高雄,2023-10-30,9183
00680L,元大美債20正2,8,0,8,群益金鼎-高雄,2023-10-30,9183
2888,新光金,8,0,8,群益金鼎-高雄,2023-10-30,9183
2885,元大金,8,0,8,群益金鼎-高雄,2023-10-30,9183
00931B,統一美債20年,9,2,7,群益金鼎-高雄,2023-10-30,9183
1721,三晃,10,3,7,群益金鼎-高雄,2023-10-30,9183
2340,台亞,7,0,7,群益金鼎-高雄,2023-10-30,9183
8054,安國,66,59,7,群益金鼎-高雄,2023-10-30,9183
8040,九暘,10,4,6,群益金鼎-高雄,2023-10-30,9183
1815,富喬,6,0,6,群益金鼎-高雄,2023-10-30,9183
2890,永豐金,6,0,6,群益金鼎-高雄,2023-10-30,9183
2330,台積電,6,1,5,群益金鼎-高雄,2023-10-30,9183
2886,兆豐金,12,7,5,群益金鼎-高雄,2023-10-30,9183
0050,元大台灣50,5,0,5,群益金鼎-高雄,2023-10-30,9183
00640L,富邦日本正2,5,0,5,群益金鼎-高雄,2023-10-30,9183
00632R,元大台灣50反1,5,0,5,群益金鼎-高雄,2023-10-30,9183
2634,漢翔,5,0,5,群益金鼎-高雄,2023-10-30,9183
00878,國泰永續高股息,88,10,78,群益金鼎-高雄,2023-10-31,9183
2002,中鋼,51,0,51,群益金鼎-高雄,2023-10-31,9183
1785,光洋科,51,1,50,群益金鼎-高雄,2023-10-31,9183
8358,金居,51,11,40,群益金鼎-高雄,2023-10-31,9183
8054,安國,65,31,34,群益金鼎-高雄,2023-10-31,9183
2316,楠梓電,30,0,30,群益金鼎-高雄,2023-10-31,9183
2492,華新科,30,0,30,群益金鼎-高雄,2023-10-31,9183
2443,昶虹,29,0,29,群益金鼎-高雄,2023-10-31,9183
0050,元大台灣50,29,0,29,群益金鼎-高雄,2023-10-31,9183
2465,麗臺,33,4,29,群益金鼎-高雄,2023-10-31,9183
1905,華紙,28,0,28,群益金鼎-高雄,2023-10-31,9183
6015,宏遠證,28,0,28,群益金鼎-高雄,2023-10-31,9183
0056,元大高股息,36,10,26,群益金鼎-高雄,2023-10-31,9183
2417,圓剛,27,4,23,群益金鼎-高雄,2023-10-31,9183
00929,復華台灣科技優息,22,2,20,群益金鼎-高雄,2023-10-31,9183
9958,世紀鋼,20,0,20,群益金鼎-高雄,2023-10-31,9183
1464,得力,21,1,20,群益金鼎-高雄,2023-10-31,9183
5426,振發,40,20,20,群益金鼎-高雄,2023-10-31,9183
8261,富鼎,20,0,20,群益金鼎-高雄,2023-10-31,9183
2206,三陽工業,19,0,19,群益金鼎-高雄,2023-10-31,9183
2409,友達,23,4,19,群益金鼎-高雄,2023-10-31,9183
2313,華通,23,5,18,群益金鼎-高雄,2023-10-31,9183
1301,台塑,18,1,17,群益金鼎-高雄,2023-10-31,9183
3260,威剛,22,5,17,群益金鼎-高雄,2023-10-31,9183
3078,僑威,25,8,17,群益金鼎-高雄,2023-10-31,9183
3189,景碩,21,5,16,群益金鼎-高雄,2023-10-31,9183
2337,旺宏,22,7,15,群益金鼎-高雄,2023-10-31,9183
3346,麗清,15,0,15,群益金鼎-高雄,2023-10-31,9183
2618,長榮航,21,7,14,群益金鼎-高雄,2023-10-31,9183
2233,宇隆,13,0,13,群益金鼎-高雄,2023-10-31,9183
00687B,國泰20年美債,12,0,12,群益金鼎-高雄,2023-10-31,9183
6213,聯茂,12,0,12,群益金鼎-高雄,2023-10-31,9183
2607,榮運,12,0,12,群益金鼎-高雄,2023-10-31,9183
3483,力致,12,0,12,群益金鼎-高雄,2023-10-31,9183
6411,晶焱,13,1,12,群益金鼎-高雄,2023-10-31,9183
2363,矽統,15,3,12,群益金鼎-高雄,2023-10-31,9183
2816,旺旺保,14,2,12,群益金鼎-高雄,2023-10-31,9183
2369,菱生,14,3,11,群益金鼎-高雄,2023-10-31,9183
6282,康舒,10,0,10,群益金鼎-高雄,2023-10-31,9183
2025,千興,10,0,10,群益金鼎-高雄,2023-10-31,9183
2449,京元電子,10,0,10,群益金鼎-高雄,2023-10-31,9183
6005,群益證,10,0,10,群益金鼎-高雄,2023-10-31,9183
6109,亞元,10,0,10,群益金鼎-高雄,2023-10-31,9183
4960,誠美材,10,0,10,群益金鼎-高雄,2023-10-31,9183
3035,智原,44,35,9,群益金鼎-高雄,2023-10-31,9183
2329,華泰,12,3,9,群益金鼎-高雄,2023-10-31,9183
8087,麗升能源,9,0,9,群益金鼎-高雄,2023-10-31,9183
6168,宏齊,13,4,9,群益金鼎-高雄,2023-10-31,9183
2887,台新金,8,0,8,群益金鼎-高雄,2023-10-31,9183
4967,十銓,21,13,8,群益金鼎-高雄,2023-10-31,9183
00665L,富邦�琤肭磪囓�2,100,0,100,群益金鼎-高雄,2023-11-01,9183
0056,元大高股息,56,2,54,群益金鼎-高雄,2023-11-01,9183
2457,飛宏,49,9,40,群益金鼎-高雄,2023-11-01,9183
3322,建舜電,43,9,34,群益金鼎-高雄,2023-11-01,9183
5609,中菲行,34,0,34,群益金鼎-高雄,2023-11-01,9183
00878,國泰永續高股息,33,0,33,群益金鼎-高雄,2023-11-01,9183
2641,正德,30,0,30,群益金鼎-高雄,2023-11-01,9183
5348,正能量智能,30,0,30,群益金鼎-高雄,2023-11-01,9183
00929,復華台灣科技優息,29,0,29,群益金鼎-高雄,2023-11-01,9183
2330,台積電,21,0,21,群益金鼎-高雄,2023-11-01,9183
00706L,期元大S＆P日圓正2,20,0,20,群益金鼎-高雄,2023-11-01,9183
3481,群創,40,20,20,群益金鼎-高雄,2023-11-01,9183
00934,中信成長高股息,19,0,19,群益金鼎-高雄,2023-11-01,9183
3231,緯創,25,8,17,群益金鼎-高雄,2023-11-01,9183
6770,力積電,18,1,17,群益金鼎-高雄,2023-11-01,9183
2516,新建,15,0,15,群益金鼎-高雄,2023-11-01,9183
1301,台塑,14,0,14,群益金鼎-高雄,2023-11-01,9183
2492,華新科,29,16,13,群益金鼎-高雄,2023-11-01,9183
6757,台灣虎航,21,9,12,群益金鼎-高雄,2023-11-01,9183
9136,巨騰-DR,35,23,12,群益金鼎-高雄,2023-11-01,9183
2443,昶虹,12,0,12,群益金鼎-高雄,2023-11-01,9183
2449,京元電子,11,0,11,群益金鼎-高雄,2023-11-01,9183
3002,歐格,11,0,11,群益金鼎-高雄,2023-11-01,9183
00932,兆豐永續高息等權,10,0,10,群益金鼎-高雄,2023-11-01,9183
2371,大同,20,10,10,群益金鼎-高雄,2023-11-01,9183
2537,聯上發,10,0,10,群益金鼎-高雄,2023-11-01,9183
3078,僑威,13,3,10,群益金鼎-高雄,2023-11-01,9183
3346,麗清,22,12,10,群益金鼎-高雄,2023-11-01,9183
3706,神達,12,3,9,群益金鼎-高雄,2023-11-01,9183
2454,聯發科,11,2,9,群益金鼎-高雄,2023-11-01,9183
6285,啟��,16,8,8,群益金鼎-高雄,2023-11-01,9183
2485,兆赫,10,2,8,群益金鼎-高雄,2023-11-01,9183
5351,鈺創,8,0,8,群益金鼎-高雄,2023-11-01,9183
6443,元晶,11,3,8,群益金鼎-高雄,2023-11-01,9183
4915,致伸,12,4,8,群益金鼎-高雄,2023-11-01,9183
1514,亞力,7,0,7,群益金鼎-高雄,2023-11-01,9183
1587,吉茂,6,0,6,群益金鼎-高雄,2023-11-01,9183
1905,華紙,6,0,6,群益金鼎-高雄,2023-11-01,9183
8432,東生華,5,0,5,群益金鼎-高雄,2023-11-01,9183
1312,國喬,5,0,5,群益金鼎-高雄,2023-11-01,9183
00753L,中信中國50正2,5,0,5,群益金鼎-高雄,2023-11-01,9183
1449,佳和,5,0,5,群益金鼎-高雄,2023-11-01,9183
2465,麗臺,5,0,5,群益金鼎-高雄,2023-11-01,9183
6168,宏齊,6,1,5,群益金鼎-高雄,2023-11-01,9183
8213,志超,24,19,5,群益金鼎-高雄,2023-11-01,9183
2323,中環,10,5,5,群益金鼎-高雄,2023-11-01,9183
00715L,期街口布蘭特正2,4,0,4,群益金鼎-高雄,2023-11-01,9183
0050,元大台灣50,4,0,4,群益金鼎-高雄,2023-11-01,9183
2002,中鋼,7,3,4,群益金鼎-高雄,2023-11-01,9183
3051,力特,7,3,4,群益金鼎-高雄,2023-11-01,9183
2356,英業達,106,3,103,群益金鼎-高雄,2023-11-02,9183
1785,光洋科,60,0,60,群益金鼎-高雄,2023-11-02,9183
00878,國泰永續高股息,66,12,54,群益金鼎-高雄,2023-11-02,9183
8092,建暐,48,0,48,群益金鼎-高雄,2023-11-02,9183
6187,萬潤,40,1,39,群益金鼎-高雄,2023-11-02,9183
8213,志超,33,5,28,群益金鼎-高雄,2023-11-02,9183
1301,台塑,30,4,26,群益金鼎-高雄,2023-11-02,9183
8996,高力,46,22,24,群益金鼎-高雄,2023-11-02,9183
2405,輔信,22,0,22,群益金鼎-高雄,2023-11-02,9183
2618,長榮航,31,10,21,群益金鼎-高雄,2023-11-02,9183
6226,光鼎,17,0,17,群益金鼎-高雄,2023-11-02,9183
2492,華新科,25,9,16,群益金鼎-高雄,2023-11-02,9183
2867,三商壽,15,0,15,群益金鼎-高雄,2023-11-02,9183
2883,凱基金,15,0,15,群益金鼎-高雄,2023-11-02,9183
3363,上詮,30,16,14,群益金鼎-高雄,2023-11-02,9183
6806,森崴能源,17,4,13,群益金鼎-高雄,2023-11-02,9183
6194,育富,13,1,12,群益金鼎-高雄,2023-11-02,9183
3380,明泰,24,13,11,群益金鼎-高雄,2023-11-02,9183
6770,力積電,11,0,11,群益金鼎-高雄,2023-11-02,9183
00655L,國泰中國A50正2,10,0,10,群益金鼎-高雄,2023-11-02,9183
1907,永豐餘,10,0,10,群益金鼎-高雄,2023-11-02,9183
8927,北基,10,1,9,群益金鼎-高雄,2023-11-02,9183
00712,復華富時不動產,8,0,8,群益金鼎-高雄,2023-11-02,9183
6282,康舒,8,1,7,群益金鼎-高雄,2023-11-02,9183
6658,聯策,7,0,7,群益金鼎-高雄,2023-11-02,9183
00919,群益台灣精選高息,11,4,7,群益金鼎-高雄,2023-11-02,9183
00934,中信成長高股息,6,0,6,群益金鼎-高雄,2023-11-02,9183
9928,中視,6,0,6,群益金鼎-高雄,2023-11-02,9183
2889,國票金,5,0,5,群益金鼎-高雄,2023-11-02,9183
2369,菱生,5,0,5,群益金鼎-高雄,2023-11-02,9183
4188,安克,7,2,5,群益金鼎-高雄,2023-11-02,9183
4915,致伸,7,2,5,群益金鼎-高雄,2023-11-02,9183
8027,鈦昇,5,0,5,群益金鼎-高雄,2023-11-02,9183
00931B,統一美債20年,11,6,5,群益金鼎-高雄,2023-11-02,9183
00687B,國泰20年美債,10,6,4,群益金鼎-高雄,2023-11-02,9183
3025,星通,7,3,4,群益金鼎-高雄,2023-11-02,9183
6142,友勁,4,0,4,群益金鼎-高雄,2023-11-02,9183
8086,宏捷科,7,3,4,群益金鼎-高雄,2023-11-02,9183
6213,聯茂,8,4,4,群益金鼎-高雄,2023-11-02,9183
3234,光環,4,0,4,群益金鼎-高雄,2023-11-02,9183
2367,燿華,8,5,3,群益金鼎-高雄,2023-11-02,9183
2723,美食-KY,3,0,3,群益金鼎-高雄,2023-11-02,9183
2731,雄獅,3,0,3,群益金鼎-高雄,2023-11-02,9183
3043,科風,3,0,3,群益金鼎-高雄,2023-11-02,9183
3450,聯鈞,6,3,3,群益金鼎-高雄,2023-11-02,9183
4108,懷特,4,1,3,群益金鼎-高雄,2023-11-02,9183
4946,辣椒,3,0,3,群益金鼎-高雄,2023-11-02,9183
8940,新天地,3,0,3,群益金鼎-高雄,2023-11-02,9183
2457,飛宏,3,0,3,群益金鼎-高雄,2023-11-02,9183
5258,虹堡,22,20,2,群益金鼎-高雄,2023-11-02,9183
00934,中信成長高股息,73,0,73,群益金鼎-高雄,2023-11-03,9183
1802,台玻,50,0,50,群益金鼎-高雄,2023-11-03,9183
2363,矽統,170,123,47,群益金鼎-高雄,2023-11-03,9183
00935,野村臺灣新科技50,42,0,42,群益金鼎-高雄,2023-11-03,9183
2888,新光金,42,4,38,群益金鼎-高雄,2023-11-03,9183
2382,廣達,50,18,32,群益金鼎-高雄,2023-11-03,9183
2328,廣宇,30,0,30,群益金鼎-高雄,2023-11-03,9183
8046,南電,34,6,28,群益金鼎-高雄,2023-11-03,9183
8054,安國,28,5,23,群益金鼎-高雄,2023-11-03,9183
2344,華邦電,65,45,20,群益金鼎-高雄,2023-11-03,9183
2352,佳世達,21,2,19,群益金鼎-高雄,2023-11-03,9183
00929,復華台灣科技優息,59,41,18,群益金鼎-高雄,2023-11-03,9183
2317,鴻海,21,4,17,群益金鼎-高雄,2023-11-03,9183
2337,旺宏,25,8,17,群益金鼎-高雄,2023-11-03,9183
2618,長榮航,59,42,17,群益金鼎-高雄,2023-11-03,9183
8092,建暐,17,0,17,群益金鼎-高雄,2023-11-03,9183
6770,力積電,40,24,16,群益金鼎-高雄,2023-11-03,9183
2327,國巨,20,4,16,群益金鼎-高雄,2023-11-03,9183
00632R,元大台灣50反1,20,5,15,群益金鼎-高雄,2023-11-03,9183
4909,新復興,15,0,15,群益金鼎-高雄,2023-11-03,9183
00712,復華富時不動產,20,6,14,群益金鼎-高雄,2023-11-03,9183
1301,台塑,24,10,14,群益金鼎-高雄,2023-11-03,9183
8150,南茂,18,5,13,群益金鼎-高雄,2023-11-03,9183
4967,十銓,44,31,13,群益金鼎-高雄,2023-11-03,9183
3264,欣銓,12,0,12,群益金鼎-高雄,2023-11-03,9183
1504,東元,14,2,12,群益金鼎-高雄,2023-11-03,9183
00878,國泰永續高股息,18,7,11,群益金鼎-高雄,2023-11-03,9183
00687B,國泰20年美債,18,7,11,群益金鼎-高雄,2023-11-03,9183
02001L,富邦蘋果正二N,11,0,11,群益金鼎-高雄,2023-11-03,9183
1316,上曜,14,3,11,群益金鼎-高雄,2023-11-03,9183
2014,中鴻,11,0,11,群益金鼎-高雄,2023-11-03,9183
2313,華通,45,34,11,群益金鼎-高雄,2023-11-03,9183
6122,擎邦,12,1,11,群益金鼎-高雄,2023-11-03,9183
6274,台燿,14,3,11,群益金鼎-高雄,2023-11-03,9183
3035,智原,31,20,11,群益金鼎-高雄,2023-11-03,9183
6292,迅德,11,1,10,群益金鼎-高雄,2023-11-03,9183
2442,新美齊,10,0,10,群益金鼎-高雄,2023-11-03,9183
8011,台通,10,0,10,群益金鼎-高雄,2023-11-03,9183
8070,長華*,10,0,10,群益金鼎-高雄,2023-11-03,9183
9105,泰金寶-DR,10,0,10,群益金鼎-高雄,2023-11-03,9183
2458,義隆,16,7,9,群益金鼎-高雄,2023-11-03,9183
2332,友訊,9,0,9,群益金鼎-高雄,2023-11-03,9183
6243,迅杰,10,1,9,群益金鼎-高雄,2023-11-03,9183
4906,正文,9,1,8,群益金鼎-高雄,2023-11-03,9183
2376,技嘉,9,1,8,群益金鼎-高雄,2023-11-03,9183
1815,富喬,20,12,8,群益金鼎-高雄,2023-11-03,9183
3176,基亞,11,3,8,群益金鼎-高雄,2023-11-03,9183
4188,安克,16,8,8,群益金鼎-高雄,2023-11-03,9183
6139,亞翔,29,22,7,群益金鼎-高雄,2023-11-03,9183
00922,國泰台灣領袖50,10,3,7,群益金鼎-高雄,2023-11-03,9183
2603,長榮,49,6,43,群益金鼎-高雄,2023-11-06,9183
2618,長榮航,63,23,40,群益金鼎-高雄,2023-11-06,9183
00680L,元大美債20正2,31,0,31,群益金鼎-高雄,2023-11-06,9183
1718,中纖,30,0,30,群益金鼎-高雄,2023-11-06,9183
00878,國泰永續高股息,33,4,29,群益金鼎-高雄,2023-11-06,9183
2417,圓剛,27,0,27,群益金鼎-高雄,2023-11-06,9183
2492,華新科,24,4,20,群益金鼎-高雄,2023-11-06,9183
8213,志超,25,7,18,群益金鼎-高雄,2023-11-06,9183
6770,力積電,27,9,18,群益金鼎-高雄,2023-11-06,9183
3227,原相,17,0,17,群益金鼎-高雄,2023-11-06,9183
3231,緯創,30,13,17,群益金鼎-高雄,2023-11-06,9183
3450,聯鈞,28,12,16,群益金鼎-高雄,2023-11-06,9183
2332,友訊,15,0,15,群益金鼎-高雄,2023-11-06,9183
00919,群益台灣精選高息,15,0,15,群益金鼎-高雄,2023-11-06,9183
2888,新光金,20,6,14,群益金鼎-高雄,2023-11-06,9183
3038,全台,12,0,12,群益金鼎-高雄,2023-11-06,9183
4164,承業醫,12,0,12,群益金鼎-高雄,2023-11-06,9183
2402,毅嘉,11,0,11,群益金鼎-高雄,2023-11-06,9183
8996,高力,12,1,11,群益金鼎-高雄,2023-11-06,9183
00687B,國泰20年美債,12,2,10,群益金鼎-高雄,2023-11-06,9183
2408,南亞科,12,3,9,群益金鼎-高雄,2023-11-06,9183
2427,三商電,15,6,9,群益金鼎-高雄,2023-11-06,9183
2485,兆赫,10,1,9,群益金鼎-高雄,2023-11-06,9183
3362,先進光,15,6,9,群益金鼎-高雄,2023-11-06,9183
00713,元大台灣高息低波,10,1,9,群益金鼎-高雄,2023-11-06,9183
2313,華通,14,6,8,群益金鼎-高雄,2023-11-06,9183
2634,漢翔,9,1,8,群益金鼎-高雄,2023-11-06,9183
1524,耿鼎,12,5,7,群益金鼎-高雄,2023-11-06,9183
2329,華泰,15,8,7,群益金鼎-高雄,2023-11-06,9183
2426,鼎元,7,0,7,群益金鼎-高雄,2023-11-06,9183
2891,中信金,11,4,7,群益金鼎-高雄,2023-11-06,9183
6235,華孚,16,9,7,群益金鼎-高雄,2023-11-06,9183
2486,一詮,18,11,7,群益金鼎-高雄,2023-11-06,9183
2913,農林,7,1,6,群益金鼎-高雄,2023-11-06,9183
00637L,元大滬深300正2,6,0,6,群益金鼎-高雄,2023-11-06,9183
00720B,元大投資級公司債,6,0,6,群益金鼎-高雄,2023-11-06,9183
1314,中石化,6,0,6,群益金鼎-高雄,2023-11-06,9183
1609,大亞,11,5,6,群益金鼎-高雄,2023-11-06,9183
3094,聯傑,39,33,6,群益金鼎-高雄,2023-11-06,9183
2009,第一銅,5,0,5,群益金鼎-高雄,2023-11-06,9183
00722B,群益投資級電信債,5,0,5,群益金鼎-高雄,2023-11-06,9183
00671R,富邦NASDAQ反1,5,0,5,群益金鼎-高雄,2023-11-06,9183
2201,裕隆,6,1,5,群益金鼎-高雄,2023-11-06,9183
2867,三商壽,5,0,5,群益金鼎-高雄,2023-11-06,9183
2883,凱基金,5,0,5,群益金鼎-高雄,2023-11-06,9183
3287,廣寰科,5,0,5,群益金鼎-高雄,2023-11-06,9183
4942,嘉彰,5,0,5,群益金鼎-高雄,2023-11-06,9183
6257,矽格,5,0,5,群益金鼎-高雄,2023-11-06,9183
6697,東捷資訊,5,0,5,群益金鼎-高雄,2023-11-06,9183
8927,北基,5,0,5,群益金鼎-高雄,2023-11-06,9183
2501,國建,150,0,150,群益金鼎-高雄,2023-11-07,9183
1717,長興,100,0,100,群益金鼎-高雄,2023-11-07,9183
1449,佳和,83,5,78,群益金鼎-高雄,2023-11-07,9183
00753L,中信中國50正2,54,0,54,群益金鼎-高雄,2023-11-07,9183
2382,廣達,48,9,39,群益金鼎-高雄,2023-11-07,9183
2883,凱基金,38,0,38,群益金鼎-高雄,2023-11-07,9183
6901,鑽石投資,50,14,36,群益金鼎-高雄,2023-11-07,9183
2025,千興,30,0,30,群益金鼎-高雄,2023-11-07,9183
2344,華邦電,33,3,30,群益金鼎-高雄,2023-11-07,9183
8046,南電,28,0,28,群益金鼎-高雄,2023-11-07,9183
2618,長榮航,29,6,23,群益金鼎-高雄,2023-11-07,9183
2002,中鋼,23,5,18,群益金鼎-高雄,2023-11-07,9183
2371,大同,19,2,17,群益金鼎-高雄,2023-11-07,9183
2453,凌群,20,3,17,群益金鼎-高雄,2023-11-07,9183
00878,國泰永續高股息,15,0,15,群益金鼎-高雄,2023-11-07,9183
2363,矽統,70,56,14,群益金鼎-高雄,2023-11-07,9183
2442,新美齊,14,0,14,群益金鼎-高雄,2023-11-07,9183
4906,正文,23,9,14,群益金鼎-高雄,2023-11-07,9183
6191,精成科,16,2,14,群益金鼎-高雄,2023-11-07,9183
2634,漢翔,15,2,13,群益金鼎-高雄,2023-11-07,9183
00738U,期元大道瓊白銀,12,0,12,群益金鼎-高雄,2023-11-07,9183
2359,所羅門,12,0,12,群益金鼎-高雄,2023-11-07,9183
3306,鼎天,15,3,12,群益金鼎-高雄,2023-11-07,9183
6274,台燿,19,7,12,群益金鼎-高雄,2023-11-07,9183
2492,華新科,21,10,11,群益金鼎-高雄,2023-11-07,9183
8054,安國,11,0,11,群益金鼎-高雄,2023-11-07,9183
00712,復華富時不動產,10,0,10,群益金鼎-高雄,2023-11-07,9183
5321,美而快,10,0,10,群益金鼎-高雄,2023-11-07,9183
00642U,期元大S＆P石油,10,0,10,群益金鼎-高雄,2023-11-07,9183
00934,中信成長高股息,10,0,10,群益金鼎-高雄,2023-11-07,9183
2485,兆赫,10,0,10,群益金鼎-高雄,2023-11-07,9183
2515,中工,13,3,10,群益金鼎-高雄,2023-11-07,9183
3276,宇環,10,0,10,群益金鼎-高雄,2023-11-07,9183
8011,台通,10,0,10,群益金鼎-高雄,2023-11-07,9183
9105,泰金寶-DR,10,0,10,群益金鼎-高雄,2023-11-07,9183
9928,中視,10,0,10,群益金鼎-高雄,2023-11-07,9183
2367,燿華,10,1,9,群益金鼎-高雄,2023-11-07,9183
3227,原相,10,1,9,群益金鼎-高雄,2023-11-07,9183
4167,松瑞藥,28,19,9,群益金鼎-高雄,2023-11-07,9183
6173,信昌電,11,2,9,群益金鼎-高雄,2023-11-07,9183
2327,國巨,13,4,9,群益金鼎-高雄,2023-11-07,9183
2332,友訊,8,0,8,群益金鼎-高雄,2023-11-07,9183
2388,威盛,18,10,8,群益金鼎-高雄,2023-11-07,9183
00795B,中信美國公債20年,7,0,7,群益金鼎-高雄,2023-11-07,9183
2882,國泰金,9,2,7,群益金鼎-高雄,2023-11-07,9183
3704,合勤控,16,9,7,群益金鼎-高雄,2023-11-07,9183
4155,訊映,7,0,7,群益金鼎-高雄,2023-11-07,9183
4915,致伸,7,0,7,群益金鼎-高雄,2023-11-07,9183
8261,富鼎,7,0,7,群益金鼎-高雄,2023-11-07,9183
1519,華城,30,23,7,群益金鼎-高雄,2023-11-07,9183
2610,華航,105,4,101,群益金鼎-高雄,2023-11-08,9183
8034,榮群,72,2,70,群益金鼎-高雄,2023-11-08,9183
2609,陽明,63,1,62,群益金鼎-高雄,2023-11-08,9183
00715L,期街口布蘭特正2,69,9,60,群益金鼎-高雄,2023-11-08,9183
3363,上詮,78,22,56,群益金鼎-高雄,2023-11-08,9183
2002,中鋼,57,4,53,群益金鼎-高雄,2023-11-08,9183
4167,松瑞藥,45,5,40,群益金鼎-高雄,2023-11-08,9183
2618,長榮航,41,10,31,群益金鼎-高雄,2023-11-08,9183
2892,第一金,31,1,30,群益金鼎-高雄,2023-11-08,9183
00929,復華台灣科技優息,40,10,30,群益金鼎-高雄,2023-11-08,9183
2363,矽統,95,71,24,群益金鼎-高雄,2023-11-08,9183
2369,菱生,34,11,23,群益金鼎-高雄,2023-11-08,9183
2303,聯電,48,31,17,群益金鼎-高雄,2023-11-08,9183
2014,中鴻,15,0,15,群益金鼎-高雄,2023-11-08,9183
2419,仲琦,15,0,15,群益金鼎-高雄,2023-11-08,9183
6243,迅杰,38,24,14,群益金鼎-高雄,2023-11-08,9183
6125,廣運,15,1,14,群益金鼎-高雄,2023-11-08,9183
2313,華通,16,3,13,群益金鼎-高雄,2023-11-08,9183
5347,世界,16,3,13,群益金鼎-高雄,2023-11-08,9183
1514,亞力,14,2,12,群益金鼎-高雄,2023-11-08,9183
3362,先進光,16,4,12,群益金鼎-高雄,2023-11-08,9183
6290,良維,15,4,11,群益金鼎-高雄,2023-11-08,9183
00936,台新永續高息中小,11,0,11,群益金鼎-高雄,2023-11-08,9183
2376,技嘉,21,10,11,群益金鼎-高雄,2023-11-08,9183
6187,萬潤,11,0,11,群益金鼎-高雄,2023-11-08,9183
6806,森崴能源,12,1,11,群益金鼎-高雄,2023-11-08,9183
8454,富邦媒,10,0,10,群益金鼎-高雄,2023-11-08,9183
00922,國泰台灣領袖50,10,0,10,群益金鼎-高雄,2023-11-08,9183
2323,中環,10,0,10,群益金鼎-高雄,2023-11-08,9183
2383,台光電,10,0,10,群益金鼎-高雄,2023-11-08,9183
3083,網龍,10,0,10,群益金鼎-高雄,2023-11-08,9183
3308,聯德,10,0,10,群益金鼎-高雄,2023-11-08,9183
6109,亞元,20,10,10,群益金鼎-高雄,2023-11-08,9183
8070,長華*,10,0,10,群益金鼎-高雄,2023-11-08,9183
9105,泰金寶-DR,10,0,10,群益金鼎-高雄,2023-11-08,9183
00751B,元大AAA至A公司債,11,1,10,群益金鼎-高雄,2023-11-08,9183
8299,群聯,10,0,10,群益金鼎-高雄,2023-11-08,9183
6531,愛普*,21,12,9,群益金鼎-高雄,2023-11-08,9183
4188,安克,9,1,8,群益金鼎-高雄,2023-11-08,9183
2382,廣達,50,42,8,群益金鼎-高雄,2023-11-08,9183
3036,文曄,26,18,8,群益金鼎-高雄,2023-11-08,9183
00685L,群益臺灣加權正2,7,0,7,群益金鼎-高雄,2023-11-08,9183
1516,川飛,7,0,7,群益金鼎-高雄,2023-11-08,9183
2353,宏��,11,4,7,群益金鼎-高雄,2023-11-08,9183
2883,凱基金,7,0,7,群益金鼎-高雄,2023-11-08,9183
3706,神達,24,17,7,群益金鼎-高雄,2023-11-08,9183
4108,懷特,8,1,7,群益金鼎-高雄,2023-11-08,9183
8213,志超,9,2,7,群益金鼎-高雄,2023-11-08,9183
3013,晟銘電,30,23,7,群益金鼎-高雄,2023-11-08,9183
00637L,元大滬深300正2,6,0,6,群益金鼎-高雄,2023-11-08,9183
9950,萬國通,100,1,99,群益金鼎-高雄,2023-11-09,9183
8011,台通,71,1,70,群益金鼎-高雄,2023-11-09,9183
00679B,元大美債20年,75,7,68,群益金鼎-高雄,2023-11-09,9183
3013,晟銘電,73,32,41,群益金鼎-高雄,2023-11-09,9183
2427,三商電,38,5,33,群益金鼎-高雄,2023-11-09,9183
3558,神準,30,0,30,群益金鼎-高雄,2023-11-09,9183
3515,華擎,25,0,25,群益金鼎-高雄,2023-11-09,9183
1714,和桐,25,1,24,群益金鼎-高雄,2023-11-09,9183
8213,志超,27,3,24,群益金鼎-高雄,2023-11-09,9183
2329,華泰,50,26,24,群益金鼎-高雄,2023-11-09,9183
8046,南電,24,2,22,群益金鼎-高雄,2023-11-09,9183
00715L,期街口布蘭特正2,21,0,21,群益金鼎-高雄,2023-11-09,9183
00665L,富邦�琤肭磪囓�2,20,0,20,群益金鼎-高雄,2023-11-09,9183
3653,健策,22,2,20,群益金鼎-高雄,2023-11-09,9183
2880,華南金,22,5,17,群益金鼎-高雄,2023-11-09,9183
2363,矽統,105,88,17,群益金鼎-高雄,2023-11-09,9183
1467,南緯,15,0,15,群益金鼎-高雄,2023-11-09,9183
8087,麗升能源,15,0,15,群益金鼎-高雄,2023-11-09,9183
6593,台灣銘板,14,0,14,群益金鼎-高雄,2023-11-09,9183
2376,技嘉,34,21,13,群益金鼎-高雄,2023-11-09,9183
2313,華通,46,34,12,群益金鼎-高雄,2023-11-09,9183
2331,精英,37,25,12,群益金鼎-高雄,2023-11-09,9183
2337,旺宏,13,1,12,群益金鼎-高雄,2023-11-09,9183
5347,世界,11,0,11,群益金鼎-高雄,2023-11-09,9183
3715,定穎投控,14,3,11,群益金鼎-高雄,2023-11-09,9183
2353,宏��,11,0,11,群益金鼎-高雄,2023-11-09,9183
2485,兆赫,11,0,11,群益金鼎-高雄,2023-11-09,9183
4967,十銓,11,0,11,群益金鼎-高雄,2023-11-09,9183
3122,笙泉,36,25,11,群益金鼎-高雄,2023-11-09,9183
00919,群益台灣精選高息,10,0,10,群益金鼎-高雄,2023-11-09,9183
1609,大亞,10,0,10,群益金鼎-高雄,2023-11-09,9183
2501,國建,10,0,10,群益金鼎-高雄,2023-11-09,9183
4167,松瑞藥,9,0,9,群益金鼎-高雄,2023-11-09,9183
2332,友訊,9,0,9,群益金鼎-高雄,2023-11-09,9183
00936,台新永續高息中小,8,0,8,群益金鼎-高雄,2023-11-09,9183
1905,華紙,10,2,8,群益金鼎-高雄,2023-11-09,9183
3078,僑威,9,1,8,群益金鼎-高雄,2023-11-09,9183
3105,穩懋,11,3,8,群益金鼎-高雄,2023-11-09,9183
2412,中華電,7,0,7,群益金鼎-高雄,2023-11-09,9183
2344,華邦電,9,2,7,群益金鼎-高雄,2023-11-09,9183
2486,一詮,11,4,7,群益金鼎-高雄,2023-11-09,9183
3481,群創,10,3,7,群益金鼎-高雄,2023-11-09,9183
4906,正文,9,2,7,群益金鼎-高雄,2023-11-09,9183
6244,茂迪,7,0,7,群益金鼎-高雄,2023-11-09,9183
6235,華孚,8,1,7,群益金鼎-高雄,2023-11-09,9183
5321,美而快,31,25,6,群益金鼎-高雄,2023-11-09,9183
02001L,富邦蘋果正二N,6,0,6,群益金鼎-高雄,2023-11-09,9183
1314,中石化,9,3,6,群益金鼎-高雄,2023-11-09,9183
1316,上曜,6,0,6,群益金鼎-高雄,2023-11-09,9183
2002,中鋼,7,1,6,群益金鼎-高雄,2023-11-09,9183
00632R,元大台灣50反1,200,5,195,群益金鼎-高雄,2023-11-10,9183
2401,凌陽,68,0,68,群益金鼎-高雄,2023-11-10,9183
1455,集盛,50,0,50,群益金鼎-高雄,2023-11-10,9183
3483,力致,57,8,49,群益金鼎-高雄,2023-11-10,9183
6016,康和證,31,0,31,群益金鼎-高雄,2023-11-10,9183
6411,晶焱,28,1,27,群益金鼎-高雄,2023-11-10,9183
9136,巨騰-DR,32,7,25,群益金鼎-高雄,2023-11-10,9183
00878,國泰永續高股息,25,5,20,群益金鼎-高雄,2023-11-10,9183
2834,臺企銀,20,0,20,群益金鼎-高雄,2023-11-10,9183
3231,緯創,72,52,20,群益金鼎-高雄,2023-11-10,9183
8046,南電,20,0,20,群益金鼎-高雄,2023-11-10,9183
00665L,富邦�琤肭磪囓�2,20,0,20,群益金鼎-高雄,2023-11-10,9183
6116,彩晶,20,0,20,群益金鼎-高雄,2023-11-10,9183
00936,台新永續高息中小,20,1,19,群益金鼎-高雄,2023-11-10,9183
00933B,國泰10Y+金融債,17,0,17,群益金鼎-高雄,2023-11-10,9183
1714,和桐,16,1,15,群益金鼎-高雄,2023-11-10,9183
00919,群益台灣精選高息,14,0,14,群益金鼎-高雄,2023-11-10,9183
00934,中信成長高股息,14,0,14,群益金鼎-高雄,2023-11-10,9183
00679B,元大美債20年,13,0,13,群益金鼎-高雄,2023-11-10,9183
6593,台灣銘板,17,5,12,群益金鼎-高雄,2023-11-10,9183
00904,新光臺灣半導體30,11,0,11,群益金鼎-高雄,2023-11-10,9183
00900,富邦特選高股息30,11,0,11,群益金鼎-高雄,2023-11-10,9183
00637L,元大滬深300正2,11,0,11,群益金鼎-高雄,2023-11-10,9183
2603,長榮,10,0,10,群益金鼎-高雄,2023-11-10,9183
6530,創威,20,10,10,群益金鼎-高雄,2023-11-10,9183
00715L,期街口布蘭特正2,9,0,9,群益金鼎-高雄,2023-11-10,9183
1531,高林股,9,0,9,群益金鼎-高雄,2023-11-10,9183
3049,精金,10,1,9,群益金鼎-高雄,2023-11-10,9183
4162,智擎,25,16,9,群益金鼎-高雄,2023-11-10,9183
4743,合一,28,19,9,群益金鼎-高雄,2023-11-10,9183
3037,欣興,9,1,8,群益金鼎-高雄,2023-11-10,9183
1905,華紙,8,0,8,群益金鼎-高雄,2023-11-10,9183
2356,英業達,8,0,8,群益金鼎-高雄,2023-11-10,9183
2390,云辰,8,0,8,群益金鼎-高雄,2023-11-10,9183
3105,穩懋,11,3,8,群益金鼎-高雄,2023-11-10,9183
6806,森崴能源,11,4,7,群益金鼎-高雄,2023-11-10,9183
2882,國泰金,7,0,7,群益金鼎-高雄,2023-11-10,9183
2886,兆豐金,7,0,7,群益金鼎-高雄,2023-11-10,9183
2891,中信金,11,4,7,群益金鼎-高雄,2023-11-10,9183
2454,聯發科,6,0,6,群益金鼎-高雄,2023-11-10,9183
00935,野村臺灣新科技50,6,0,6,群益金鼎-高雄,2023-11-10,9183
00680L,元大美債20正2,6,0,6,群益金鼎-高雄,2023-11-10,9183
2353,宏��,11,5,6,群益金鼎-高雄,2023-11-10,9183
2605,新興,6,0,6,群益金鼎-高雄,2023-11-10,9183
5521,工信,6,0,6,群益金鼎-高雄,2023-11-10,9183
2492,華新科,7,1,6,群益金鼎-高雄,2023-11-10,9183
00897,富邦基因免疫生技,5,0,5,群益金鼎-高雄,2023-11-10,9183
00882,中信中國高股息,5,0,5,群益金鼎-高雄,2023-11-10,9183
1532,勤美,5,0,5,群益金鼎-高雄,2023-11-10,9183
1609,大亞,10,5,5,群益金鼎-高雄,2023-11-10,9183
9907,統一實,119,0,119,群益金鼎-高雄,2023-11-13,9183
6120,達運,100,0,100,群益金鼎-高雄,2023-11-13,9183
2610,華航,63,11,52,群益金鼎-高雄,2023-11-13,9183
2382,廣達,53,4,49,群益金鼎-高雄,2023-11-13,9183
2002,中鋼,34,0,34,群益金鼎-高雄,2023-11-13,9183
1210,大成,30,0,30,群益金鼎-高雄,2023-11-13,9183
00936,台新永續高息中小,30,0,30,群益金鼎-高雄,2023-11-13,9183
2367,燿華,30,0,30,群益金鼎-高雄,2023-11-13,9183
6695,芯鼎,29,1,28,群益金鼎-高雄,2023-11-13,9183
6271,同欣電,25,1,24,群益金鼎-高雄,2023-11-13,9183
3402,漢科,30,6,24,群益金鼎-高雄,2023-11-13,9183
6213,聯茂,24,1,23,群益金鼎-高雄,2023-11-13,9183
3550,聯穎,20,0,20,群益金鼎-高雄,2023-11-13,9183
6143,振曜,20,1,19,群益金鼎-高雄,2023-11-13,9183
6122,擎邦,39,21,18,群益金鼎-高雄,2023-11-13,9183
00687B,國泰20年美債,17,0,17,群益金鼎-高雄,2023-11-13,9183
3024,憶聲,25,8,17,群益金鼎-高雄,2023-11-13,9183
8358,金居,34,17,17,群益金鼎-高雄,2023-11-13,9183
00637L,元大滬深300正2,16,0,16,群益金鼎-高雄,2023-11-13,9183
00679B,元大美債20年,17,2,15,群益金鼎-高雄,2023-11-13,9183
8076,伍豐,14,0,14,群益金鼎-高雄,2023-11-13,9183
1316,上曜,12,0,12,群益金鼎-高雄,2023-11-13,9183
3450,聯鈞,15,3,12,群益金鼎-高雄,2023-11-13,9183
2317,鴻海,18,6,12,群益金鼎-高雄,2023-11-13,9183
00882,中信中國高股息,11,0,11,群益金鼎-高雄,2023-11-13,9183
2206,三陽工業,11,0,11,群益金鼎-高雄,2023-11-13,9183
2347,聯強,11,0,11,群益金鼎-高雄,2023-11-13,9183
1609,大亞,11,1,10,群益金鼎-高雄,2023-11-13,9183
1708,東鹼,10,0,10,群益金鼎-高雄,2023-11-13,9183
2462,良得電,11,1,10,群益金鼎-高雄,2023-11-13,9183
3558,神準,10,0,10,群益金鼎-高雄,2023-11-13,9183
6116,彩晶,10,0,10,群益金鼎-高雄,2023-11-13,9183
6128,上福,10,0,10,群益金鼎-高雄,2023-11-13,9183
6226,光鼎,10,0,10,群益金鼎-高雄,2023-11-13,9183
6227,茂綸,10,0,10,群益金鼎-高雄,2023-11-13,9183
6269,台郡,10,0,10,群益金鼎-高雄,2023-11-13,9183
2383,台光電,10,1,9,群益金鼎-高雄,2023-11-13,9183
00643,群益深証中小,10,2,8,群益金鼎-高雄,2023-11-13,9183
00919,群益台灣精選高息,13,5,8,群益金鼎-高雄,2023-11-13,9183
2376,技嘉,11,3,8,群益金鼎-高雄,2023-11-13,9183
3010,華立,8,0,8,群益金鼎-高雄,2023-11-13,9183
2352,佳世達,12,6,6,群益金鼎-高雄,2023-11-13,9183
2465,麗臺,8,2,6,群益金鼎-高雄,2023-11-13,9183
00935,野村臺灣新科技50,6,0,6,群益金鼎-高雄,2023-11-13,9183
2211,長榮鋼,6,0,6,群益金鼎-高雄,2023-11-13,9183
4148,全宇生技-KY,6,0,6,群益金鼎-高雄,2023-11-13,9183
4979,華星光,7,1,6,群益金鼎-高雄,2023-11-13,9183
5009,榮剛,7,1,6,群益金鼎-高雄,2023-11-13,9183
5371,中光電,6,0,6,群益金鼎-高雄,2023-11-13,9183
6150,撼訊,6,0,6,群益金鼎-高雄,2023-11-13,9183
2603,長榮,150,27,123,群益金鼎-高雄,2023-11-14,9183
2344,華邦電,182,66,116,群益金鼎-高雄,2023-11-14,9183
2618,長榮航,75,8,67,群益金鼎-高雄,2023-11-14,9183
2609,陽明,74,39,35,群益金鼎-高雄,2023-11-14,9183
00929,復華台灣科技優息,36,1,35,群益金鼎-高雄,2023-11-14,9183
00679B,元大美債20年,36,10,26,群益金鼎-高雄,2023-11-14,9183
00878,國泰永續高股息,54,29,25,群益金鼎-高雄,2023-11-14,9183
2402,毅嘉,35,13,22,群益金鼎-高雄,2023-11-14,9183
2355,敬鵬,23,2,21,群益金鼎-高雄,2023-11-14,9183
6541,泰福-KY,21,0,21,群益金鼎-高雄,2023-11-14,9183
2883,凱基金,22,1,21,群益金鼎-高雄,2023-11-14,9183
8213,志超,25,5,20,群益金鼎-高雄,2023-11-14,9183
4111,濟生,18,0,18,群益金鼎-高雄,2023-11-14,9183
9907,統一實,21,3,18,群益金鼎-高雄,2023-11-14,9183
3231,緯創,51,34,17,群益金鼎-高雄,2023-11-14,9183
2323,中環,17,0,17,群益金鼎-高雄,2023-11-14,9183
2313,華通,68,52,16,群益金鼎-高雄,2023-11-14,9183
2885,元大金,17,1,16,群益金鼎-高雄,2023-11-14,9183
00637L,元大滬深300正2,25,10,15,群益金鼎-高雄,2023-11-14,9183
6271,同欣電,14,0,14,群益金鼎-高雄,2023-11-14,9183
6282,康舒,15,1,14,群益金鼎-高雄,2023-11-14,9183
00900,富邦特選高股息30,12,0,12,群益金鼎-高雄,2023-11-14,9183
00904,新光臺灣半導體30,12,0,12,群益金鼎-高雄,2023-11-14,9183
00936,台新永續高息中小,12,0,12,群益金鼎-高雄,2023-11-14,9183
6122,擎邦,60,50,10,群益金鼎-高雄,2023-11-14,9183
2405,輔信,10,0,10,群益金鼎-高雄,2023-11-14,9183
2538,基泰,10,0,10,群益金鼎-高雄,2023-11-14,9183
2450,神腦,12,3,9,群益金鼎-高雄,2023-11-14,9183
2636,台驊控股,9,0,9,群益金鼎-高雄,2023-11-14,9183
2363,矽統,73,64,9,群益金鼎-高雄,2023-11-14,9183
00632R,元大台灣50反1,8,0,8,群益金鼎-高雄,2023-11-14,9183
2457,飛宏,13,5,8,群益金鼎-高雄,2023-11-14,9183
3624,光頡,8,0,8,群益金鼎-高雄,2023-11-14,9183
2884,玉山金,8,1,7,群益金鼎-高雄,2023-11-14,9183
3406,玉晶光,11,4,7,群益金鼎-高雄,2023-11-14,9183
1504,東元,10,3,7,群益金鼎-高雄,2023-11-14,9183
00933B,國泰10Y+金融債,7,0,7,群益金鼎-高雄,2023-11-14,9183
00715L,期街口布蘭特正2,9,2,7,群益金鼎-高雄,2023-11-14,9183
2880,華南金,6,0,6,群益金鼎-高雄,2023-11-14,9183
3037,欣興,8,2,6,群益金鼎-高雄,2023-11-14,9183
3706,神達,15,9,6,群益金鼎-高雄,2023-11-14,9183
6116,彩晶,6,0,6,群益金鼎-高雄,2023-11-14,9183
6689,伊雲谷,6,0,6,群益金鼎-高雄,2023-11-14,9183
1101,台泥,9,4,5,群益金鼎-高雄,2023-11-14,9183
6150,撼訊,5,0,5,群益金鼎-高雄,2023-11-14,9183
2368,金像電,12,7,5,群益金鼎-高雄,2023-11-14,9183
2371,大同,7,2,5,群益金鼎-高雄,2023-11-14,9183
2801,彰銀,5,0,5,群益金鼎-高雄,2023-11-14,9183
3284,太普高,5,0,5,群益金鼎-高雄,2023-11-14,9183
3289,宜特,5,0,5,群益金鼎-高雄,2023-11-14,9183
2406,國碩,137,1,136,群益金鼎-高雄,2023-11-15,9183
2359,所羅門,131,19,112,群益金鼎-高雄,2023-11-15,9183
2313,華通,106,32,74,群益金鼎-高雄,2023-11-15,9183
5607,遠雄港,41,5,36,群益金鼎-高雄,2023-11-15,9183
1742,台蠟,35,0,35,群益金鼎-高雄,2023-11-15,9183
2349,錸德,35,0,35,群益金鼎-高雄,2023-11-15,9183
2888,新光金,40,10,30,群益金鼎-高雄,2023-11-15,9183
00751B,元大AAA至A公司債,30,1,29,群益金鼎-高雄,2023-11-15,9183
2363,矽統,147,118,29,群益金鼎-高雄,2023-11-15,9183
3706,神達,30,2,28,群益金鼎-高雄,2023-11-15,9183
2607,榮運,26,1,25,群益金鼎-高雄,2023-11-15,9183
3515,華擎,24,0,24,群益金鼎-高雄,2023-11-15,9183
00680L,元大美債20正2,24,3,21,群益金鼎-高雄,2023-11-15,9183
00637L,元大滬深300正2,22,2,20,群益金鼎-高雄,2023-11-15,9183
00904,新光臺灣半導體30,19,0,19,群益金鼎-高雄,2023-11-15,9183
2382,廣達,24,5,19,群益金鼎-高雄,2023-11-15,9183
2449,京元電子,71,54,17,群益金鼎-高雄,2023-11-15,9183
6770,力積電,17,0,17,群益金鼎-高雄,2023-11-15,9183
00712,復華富時不動產,20,5,15,群益金鼎-高雄,2023-11-15,9183
6276,安鈦克,15,0,15,群益金鼎-高雄,2023-11-15,9183
3035,智原,37,23,14,群益金鼎-高雄,2023-11-15,9183
3450,聯鈞,23,9,14,群益金鼎-高雄,2023-11-15,9183
2426,鼎元,13,0,13,群益金鼎-高雄,2023-11-15,9183
3346,麗清,13,0,13,群益金鼎-高雄,2023-11-15,9183
6231,系微,17,5,12,群益金鼎-高雄,2023-11-15,9183
3234,光環,11,0,11,群益金鼎-高雄,2023-11-15,9183
9945,潤泰新,15,4,11,群益金鼎-高雄,2023-11-15,9183
00673R,期元大S＆P原油反1,10,0,10,群益金鼎-高雄,2023-11-15,9183
1337,再生-KY,10,0,10,群益金鼎-高雄,2023-11-15,9183
3060,銘異,10,0,10,群益金鼎-高雄,2023-11-15,9183
3260,威剛,13,3,10,群益金鼎-高雄,2023-11-15,9183
3380,明泰,10,0,10,群益金鼎-高雄,2023-11-15,9183
3044,健鼎,11,2,9,群益金鼎-高雄,2023-11-15,9183
6133,金橋,10,1,9,群益金鼎-高雄,2023-11-15,9183
2353,宏��,9,1,8,群益金鼎-高雄,2023-11-15,9183
6451,訊芯-KY,12,4,8,群益金鼎-高雄,2023-11-15,9183
3017,奇鋐,13,6,7,群益金鼎-高雄,2023-11-15,9183
6005,群益證,10,3,7,群益金鼎-高雄,2023-11-15,9183
2323,中環,11,5,6,群益金鼎-高雄,2023-11-15,9183
00772B,中信高評級公司債,6,0,6,群益金鼎-高雄,2023-11-15,9183
00935,野村臺灣新科技50,6,0,6,群益金鼎-高雄,2023-11-15,9183
3037,欣興,7,1,6,群益金鼎-高雄,2023-11-15,9183
3306,鼎天,13,7,6,群益金鼎-高雄,2023-11-15,9183
8050,廣積,6,0,6,群益金鼎-高雄,2023-11-15,9183
2357,華碩,6,0,6,群益金鼎-高雄,2023-11-15,9183
3443,創意,7,2,5,群益金鼎-高雄,2023-11-15,9183
2374,佳能,7,2,5,群益金鼎-高雄,2023-11-15,9183
3284,太普高,5,0,5,群益金鼎-高雄,2023-11-15,9183
3546,宇峻,5,0,5,群益金鼎-高雄,2023-11-15,9183
2106,建大,5,0,5,群益金鼎-高雄,2023-11-15,9183
00679B,元大美債20年,65,0,65,群益金鼎-高雄,2023-11-16,9183
2353,宏��,46,5,41,群益金鼎-高雄,2023-11-16,9183
6122,擎邦,39,0,39,群益金鼎-高雄,2023-11-16,9183
3515,華擎,38,0,38,群益金鼎-高雄,2023-11-16,9183
00637L,元大滬深300正2,41,8,33,群益金鼎-高雄,2023-11-16,9183
2352,佳世達,34,3,31,群益金鼎-高雄,2023-11-16,9183
00878,國泰永續高股息,33,6,27,群益金鼎-高雄,2023-11-16,9183
2606,裕民,23,0,23,群益金鼎-高雄,2023-11-16,9183
2406,國碩,20,0,20,群益金鼎-高雄,2023-11-16,9183
3028,增你強,20,0,20,群益金鼎-高雄,2023-11-16,9183
9907,統一實,20,0,20,群益金鼎-高雄,2023-11-16,9183
00900,富邦特選高股息30,22,2,20,群益金鼎-高雄,2023-11-16,9183
6285,啟��,20,2,18,群益金鼎-高雄,2023-11-16,9183
00722B,群益投資級電信債,15,0,15,群益金鼎-高雄,2023-11-16,9183
1304,台聚,15,1,14,群益金鼎-高雄,2023-11-16,9183
2357,華碩,13,0,13,群益金鼎-高雄,2023-11-16,9183
2329,華泰,70,57,13,群益金鼎-高雄,2023-11-16,9183
2736,富野,27,14,13,群益金鼎-高雄,2023-11-16,9183
2913,農林,13,0,13,群益金鼎-高雄,2023-11-16,9183
2890,永豐金,12,0,12,群益金鼎-高雄,2023-11-16,9183
00715L,期街口布蘭特正2,12,1,11,群益金鼎-高雄,2023-11-16,9183
00680L,元大美債20正2,11,0,11,群益金鼎-高雄,2023-11-16,9183
2331,精英,26,15,11,群益金鼎-高雄,2023-11-16,9183
2485,兆赫,17,6,11,群益金鼎-高雄,2023-11-16,9183
4533,協易機,12,1,11,群益金鼎-高雄,2023-11-16,9183
3037,欣興,12,1,11,群益金鼎-高雄,2023-11-16,9183
00857B,永豐20年美公債,10,0,10,群益金鼎-高雄,2023-11-16,9183
00632R,元大台灣50反1,10,0,10,群益金鼎-高雄,2023-11-16,9183
6128,上福,10,0,10,群益金鼎-高雄,2023-11-16,9183
6168,宏齊,11,1,10,群益金鼎-高雄,2023-11-16,9183
00935,野村臺灣新科技50,9,0,9,群益金鼎-高雄,2023-11-16,9183
2465,麗臺,14,5,9,群益金鼎-高雄,2023-11-16,9183
2607,榮運,24,15,9,群益金鼎-高雄,2023-11-16,9183
3163,波若威,11,2,9,群益金鼎-高雄,2023-11-16,9183
00934,中信成長高股息,8,0,8,群益金鼎-高雄,2023-11-16,9183
2337,旺宏,10,2,8,群益金鼎-高雄,2023-11-16,9183
2461,光群雷,10,2,8,群益金鼎-高雄,2023-11-16,9183
2739,寒舍,9,1,8,群益金鼎-高雄,2023-11-16,9183
8936,國統,9,2,7,群益金鼎-高雄,2023-11-16,9183
1101,台泥,7,0,7,群益金鼎-高雄,2023-11-16,9183
1815,富喬,24,17,7,群益金鼎-高雄,2023-11-16,9183
0056,元大高股息,8,2,6,群益金鼎-高雄,2023-11-16,9183
00643,群益深証中小,6,0,6,群益金鼎-高雄,2023-11-16,9183
2462,良得電,11,5,6,群益金鼎-高雄,2023-11-16,9183
6411,晶焱,6,0,6,群益金鼎-高雄,2023-11-16,9183
6456,GIS-KY,10,4,6,群益金鼎-高雄,2023-11-16,9183
8034,榮群,8,2,6,群益金鼎-高雄,2023-11-16,9183
8103,瀚荃,6,0,6,群益金鼎-高雄,2023-11-16,9183
00931B,統一美債20年,5,0,5,群益金鼎-高雄,2023-11-16,9183
2382,廣達,21,16,5,群益金鼎-高雄,2023-11-16,9183
00753L,中信中國50正2,100,0,100,群益金鼎-高雄,2023-11-17,9183
1312,國喬,70,0,70,群益金鼎-高雄,2023-11-17,9183
9907,統一實,70,2,68,群益金鼎-高雄,2023-11-17,9183
2063,世鎧,65,0,65,群益金鼎-高雄,2023-11-17,9183
00665L,富邦�琤肭磪囓�2,50,0,50,群益金鼎-高雄,2023-11-17,9183
2605,新興,50,2,48,群益金鼎-高雄,2023-11-17,9183
00637L,元大滬深300正2,46,0,46,群益金鼎-高雄,2023-11-17,9183
00715L,期街口布蘭特正2,46,2,44,群益金鼎-高雄,2023-11-17,9183
2618,長榮航,170,126,44,群益金鼎-高雄,2023-11-17,9183
9933,中鼎,43,0,43,群益金鼎-高雄,2023-11-17,9183
2312,金寶,39,3,36,群益金鼎-高雄,2023-11-17,9183
2352,佳世達,32,0,32,群益金鼎-高雄,2023-11-17,9183
00936,台新永續高息中小,30,0,30,群益金鼎-高雄,2023-11-17,9183
2929,淘帝-KY,25,0,25,群益金鼎-高雄,2023-11-17,9183
2606,裕民,21,0,21,群益金鼎-高雄,2023-11-17,9183
00751B,元大AAA至A公司債,20,0,20,群益金鼎-高雄,2023-11-17,9183
00915,凱基優選高股息30,19,0,19,群益金鼎-高雄,2023-11-17,9183
2603,長榮,22,4,18,群益金鼎-高雄,2023-11-17,9183
5607,遠雄港,34,17,17,群益金鼎-高雄,2023-11-17,9183
6125,廣運,19,2,17,群益金鼎-高雄,2023-11-17,9183
2027,大成鋼,18,2,16,群益金鼎-高雄,2023-11-17,9183
2401,凌陽,42,27,15,群益金鼎-高雄,2023-11-17,9183
00722B,群益投資級電信債,15,0,15,群益金鼎-高雄,2023-11-17,9183
2547,日勝生,15,0,15,群益金鼎-高雄,2023-11-17,9183
3231,緯創,25,10,15,群益金鼎-高雄,2023-11-17,9183
00720B,元大投資級公司債,15,0,15,群益金鼎-高雄,2023-11-17,9183
2344,華邦電,17,2,15,群益金鼎-高雄,2023-11-17,9183
4979,華星光,14,1,13,群益金鼎-高雄,2023-11-17,9183
2883,凱基金,19,6,13,群益金鼎-高雄,2023-11-17,9183
6593,台灣銘板,15,2,13,群益金鼎-高雄,2023-11-17,9183
2457,飛宏,30,18,12,群益金鼎-高雄,2023-11-17,9183
4148,全宇生技-KY,18,6,12,群益金鼎-高雄,2023-11-17,9183
5905,南仁湖,15,4,11,群益金鼎-高雄,2023-11-17,9183
5213,亞昕,11,0,11,群益金鼎-高雄,2023-11-17,9183
00749B,凱基新興債10+,10,0,10,群益金鼎-高雄,2023-11-17,9183
2353,宏��,11,1,10,群益金鼎-高雄,2023-11-17,9183
3402,漢科,10,0,10,群益金鼎-高雄,2023-11-17,9183
2367,燿華,31,22,9,群益金鼎-高雄,2023-11-17,9183
2369,菱生,23,14,9,群益金鼎-高雄,2023-11-17,9183
6104,創惟,9,0,9,群益金鼎-高雄,2023-11-17,9183
2610,華航,42,34,8,群益金鼎-高雄,2023-11-17,9183
6667,信紘科,15,7,8,群益金鼎-高雄,2023-11-17,9183
2426,鼎元,8,0,8,群益金鼎-高雄,2023-11-17,9183
4167,松瑞藥,10,2,8,群益金鼎-高雄,2023-11-17,9183
6235,華孚,27,19,8,群益金鼎-高雄,2023-11-17,9183
2371,大同,25,18,7,群益金鼎-高雄,2023-11-17,9183
3038,全台,7,0,7,群益金鼎-高雄,2023-11-17,9183
4720,德淵,7,0,7,群益金鼎-高雄,2023-11-17,9183
2390,云辰,15,9,6,群益金鼎-高雄,2023-11-17,9183
2436,偉詮電,11,5,6,群益金鼎-高雄,2023-11-17,9183
2017,官田鋼,352,2,350,群益金鼎-高雄,2023-11-20,9183
2606,裕民,126,0,126,群益金鼎-高雄,2023-11-20,9183
2610,華航,58,3,55,群益金鼎-高雄,2023-11-20,9183
2834,臺企銀,51,0,51,群益金鼎-高雄,2023-11-20,9183
6127,九豪,41,4,37,群益金鼎-高雄,2023-11-20,9183
2301,光寶科,36,1,35,群益金鼎-高雄,2023-11-20,9183
2618,長榮航,58,27,31,群益金鼎-高雄,2023-11-20,9183
2468,華經,30,0,30,群益金鼎-高雄,2023-11-20,9183
2883,凱基金,29,0,29,群益金鼎-高雄,2023-11-20,9183
9907,統一實,31,2,29,群益金鼎-高雄,2023-11-20,9183
2607,榮運,31,5,26,群益金鼎-高雄,2023-11-20,9183
5521,工信,36,10,26,群益金鼎-高雄,2023-11-20,9183
2359,所羅門,26,1,25,群益金鼎-高雄,2023-11-20,9183
4414,如興,25,0,25,群益金鼎-高雄,2023-11-20,9183
00885,富邦越南,22,0,22,群益金鼎-高雄,2023-11-20,9183
2201,裕隆,22,2,20,群益金鼎-高雄,2023-11-20,9183
00637L,元大滬深300正2,20,0,20,群益金鼎-高雄,2023-11-20,9183
3515,華擎,16,0,16,群益金鼎-高雄,2023-11-20,9183
3035,智原,50,36,14,群益金鼎-高雄,2023-11-20,9183
3005,神基,30,16,14,群益金鼎-高雄,2023-11-20,9183
5471,松翰,16,3,13,群益金鼎-高雄,2023-11-20,9183
6799,來頡,22,9,13,群益金鼎-高雄,2023-11-20,9183
1312,國喬,12,0,12,群益金鼎-高雄,2023-11-20,9183
00878,國泰永續高股息,11,0,11,群益金鼎-高雄,2023-11-20,9183
1303,南亞,12,1,11,群益金鼎-高雄,2023-11-20,9183
2353,宏��,12,1,11,群益金鼎-高雄,2023-11-20,9183
5512,力麒,11,0,11,群益金鼎-高雄,2023-11-20,9183
4973,廣穎,10,0,10,群益金鼎-高雄,2023-11-20,9183
5905,南仁湖,10,0,10,群益金鼎-高雄,2023-11-20,9183
00929,復華台灣科技優息,20,11,9,群益金鼎-高雄,2023-11-20,9183
1609,大亞,10,1,9,群益金鼎-高雄,2023-11-20,9183
1618,合機,9,0,9,群益金鼎-高雄,2023-11-20,9183
2603,長榮,22,13,9,群益金鼎-高雄,2023-11-20,9183
2634,漢翔,11,2,9,群益金鼎-高雄,2023-11-20,9183
2884,玉山金,20,11,9,群益金鼎-高雄,2023-11-20,9183
4934,太極,10,1,9,群益金鼎-高雄,2023-11-20,9183
3081,聯亞,9,0,9,群益金鼎-高雄,2023-11-20,9183
1795,美時,14,6,8,群益金鼎-高雄,2023-11-20,9183
2357,華碩,8,0,8,群益金鼎-高雄,2023-11-20,9183
3094,聯傑,22,14,8,群益金鼎-高雄,2023-11-20,9183
3704,合勤控,10,2,8,群益金鼎-高雄,2023-11-20,9183
1598,岱宇,12,4,8,群益金鼎-高雄,2023-11-20,9183
2002,中鋼,11,3,8,群益金鼎-高雄,2023-11-20,9183
3231,緯創,33,26,7,群益金鼎-高雄,2023-11-20,9183
1762,中化生,7,0,7,群益金鼎-高雄,2023-11-20,9183
1720,生達,7,0,7,群益金鼎-高雄,2023-11-20,9183
3363,上詮,27,20,7,群益金鼎-高雄,2023-11-20,9183
5706,鳳凰,11,5,6,群益金鼎-高雄,2023-11-20,9183
6243,迅杰,15,9,6,群益金鼎-高雄,2023-11-20,9183
1324,地球,7,1,6,群益金鼎-高雄,2023-11-20,9183
00688L,國泰20年美債正2,300,0,300,群益金鼎-高雄,2023-11-21,9183
3059,華晶科,153,7,146,群益金鼎-高雄,2023-11-21,9183
2618,長榮航,81,8,73,群益金鼎-高雄,2023-11-21,9183
00632R,元大台灣50反1,55,0,55,群益金鼎-高雄,2023-11-21,9183
2915,潤泰全,50,2,48,群益金鼎-高雄,2023-11-21,9183
2063,世鎧,45,0,45,群益金鼎-高雄,2023-11-21,9183
3339,泰谷,43,0,43,群益金鼎-高雄,2023-11-21,9183
2313,華通,110,75,35,群益金鼎-高雄,2023-11-21,9183
3437,榮創,37,2,35,群益金鼎-高雄,2023-11-21,9183
6127,九豪,37,2,35,群益金鼎-高雄,2023-11-21,9183
6187,萬潤,36,4,32,群益金鼎-高雄,2023-11-21,9183
00919,群益台灣精選高息,38,8,30,群益金鼎-高雄,2023-11-21,9183
1609,大亞,50,21,29,群益金鼎-高雄,2023-11-21,9183
6168,宏齊,42,15,27,群益金鼎-高雄,2023-11-21,9183
00751B,元大AAA至A公司債,23,0,23,群益金鼎-高雄,2023-11-21,9183
5292,華懋,23,0,23,群益金鼎-高雄,2023-11-21,9183
6504,南六,20,0,20,群益金鼎-高雄,2023-11-21,9183
2913,農林,17,0,17,群益金鼎-高雄,2023-11-21,9183
5533,皇鼎,22,5,17,群益金鼎-高雄,2023-11-21,9183
3715,定穎投控,46,30,16,群益金鼎-高雄,2023-11-21,9183
3041,揚智,31,15,16,群益金鼎-高雄,2023-11-21,9183
6282,康舒,36,20,16,群益金鼎-高雄,2023-11-21,9183
2607,榮運,15,0,15,群益金鼎-高雄,2023-11-21,9183
4999,鑫禾,14,0,14,群益金鼎-高雄,2023-11-21,9183
8034,榮群,13,0,13,群益金鼎-高雄,2023-11-21,9183
2356,英業達,21,9,12,群益金鼎-高雄,2023-11-21,9183
6806,森崴能源,12,1,11,群益金鼎-高雄,2023-11-21,9183
5344,立衛,11,0,11,群益金鼎-高雄,2023-11-21,9183
2006,東和鋼鐵,10,0,10,群益金鼎-高雄,2023-11-21,9183
2312,金寶,11,1,10,群益金鼎-高雄,2023-11-21,9183
2516,新建,10,0,10,群益金鼎-高雄,2023-11-21,9183
2911,麗嬰房,10,0,10,群益金鼎-高雄,2023-11-21,9183
6270,倍微,13,3,10,群益金鼎-高雄,2023-11-21,9183
5351,鈺創,33,24,9,群益金鼎-高雄,2023-11-21,9183
9933,中鼎,9,0,9,群益金鼎-高雄,2023-11-21,9183
2450,神腦,11,2,9,群益金鼎-高雄,2023-11-21,9183
00885,富邦越南,18,10,8,群益金鼎-高雄,2023-11-21,9183
2258,鴻華先進-創,8,0,8,群益金鼎-高雄,2023-11-21,9183
2329,華泰,10,2,8,群益金鼎-高雄,2023-11-21,9183
2337,旺宏,8,0,8,群益金鼎-高雄,2023-11-21,9183
5512,力麒,8,0,8,群益金鼎-高雄,2023-11-21,9183
6142,友勁,8,0,8,群益金鼎-高雄,2023-11-21,9183
6158,禾昌,8,0,8,群益金鼎-高雄,2023-11-21,9183
8011,台通,11,3,8,群益金鼎-高雄,2023-11-21,9183
8936,國統,18,11,7,群益金鼎-高雄,2023-11-21,9183
2352,佳世達,7,0,7,群益金鼎-高雄,2023-11-21,9183
2406,國碩,7,0,7,群益金鼎-高雄,2023-11-21,9183
3645,達邁,11,4,7,群益金鼎-高雄,2023-11-21,9183
6593,台灣銘板,18,11,7,群益金鼎-高雄,2023-11-21,9183
2884,玉山金,11,5,6,群益金鼎-高雄,2023-11-21,9183
3231,緯創,73,22,51,群益金鼎-高雄,2023-11-22,9183
9907,統一實,50,0,50,群益金鼎-高雄,2023-11-22,9183
00878,國泰永續高股息,37,2,35,群益金鼎-高雄,2023-11-22,9183
3015,全漢,35,0,35,群益金鼎-高雄,2023-11-22,9183
2301,光寶科,33,1,32,群益金鼎-高雄,2023-11-22,9183
2023,燁輝,32,2,30,群益金鼎-高雄,2023-11-22,9183
3689,湧德,24,0,24,群益金鼎-高雄,2023-11-22,9183
2344,華邦電,25,3,22,群益金鼎-高雄,2023-11-22,9183
00720B,元大投資級公司債,20,0,20,群益金鼎-高雄,2023-11-22,9183
2449,京元電子,29,10,19,群益金鼎-高雄,2023-11-22,9183
6517,保勝光學,19,0,19,群益金鼎-高雄,2023-11-22,9183
2382,廣達,31,13,18,群益金鼎-高雄,2023-11-22,9183
2450,神腦,18,0,18,群益金鼎-高雄,2023-11-22,9183
3623,富晶通,20,2,18,群益金鼎-高雄,2023-11-22,9183
2353,宏��,27,10,17,群益金鼎-高雄,2023-11-22,9183
2610,華航,19,2,17,群益金鼎-高雄,2023-11-22,9183
5351,鈺創,37,20,17,群益金鼎-高雄,2023-11-22,9183
3706,神達,22,6,16,群益金鼎-高雄,2023-11-22,9183
8089,康全電訊,16,0,16,群益金鼎-高雄,2023-11-22,9183
0056,元大高股息,19,4,15,群益金鼎-高雄,2023-11-22,9183
1815,富喬,20,5,15,群益金鼎-高雄,2023-11-22,9183
00923,群益台ESG低碳50,14,0,14,群益金鼎-高雄,2023-11-22,9183
2402,毅嘉,14,0,14,群益金鼎-高雄,2023-11-22,9183
2027,大成鋼,24,10,14,群益金鼎-高雄,2023-11-22,9183
00929,復華台灣科技優息,16,3,13,群益金鼎-高雄,2023-11-22,9183
6418,詠昇,17,4,13,群益金鼎-高雄,2023-11-22,9183
3530,晶相光,15,3,12,群益金鼎-高雄,2023-11-22,9183
2614,東森,11,0,11,群益金鼎-高雄,2023-11-22,9183
3057,喬鼎,10,0,10,群益金鼎-高雄,2023-11-22,9183
8358,金居,10,0,10,群益金鼎-高雄,2023-11-22,9183
00751B,元大AAA至A公司債,10,0,10,群益金鼎-高雄,2023-11-22,9183
2337,旺宏,15,5,10,群益金鼎-高雄,2023-11-22,9183
2356,英業達,15,5,10,群益金鼎-高雄,2023-11-22,9183
2836,高雄銀,10,0,10,群益金鼎-高雄,2023-11-22,9183
3704,合勤控,11,1,10,群益金鼎-高雄,2023-11-22,9183
4564,元翎,10,0,10,群益金鼎-高雄,2023-11-22,9183
6127,九豪,22,12,10,群益金鼎-高雄,2023-11-22,9183
8163,達方,10,0,10,群益金鼎-高雄,2023-11-22,9183
8926,台汽電,10,0,10,群益金鼎-高雄,2023-11-22,9183
2063,世鎧,9,0,9,群益金鼎-高雄,2023-11-22,9183
2340,台亞,11,2,9,群益金鼎-高雄,2023-11-22,9183
2615,萬海,9,0,9,群益金鼎-高雄,2023-11-22,9183
4973,廣穎,10,1,9,群益金鼎-高雄,2023-11-22,9183
6270,倍微,10,1,9,群益金鼎-高雄,2023-11-22,9183
2609,陽明,12,4,8,群益金鼎-高雄,2023-11-22,9183
1316,上曜,8,0,8,群益金鼎-高雄,2023-11-22,9183
00680L,元大美債20正2,8,0,8,群益金鼎-高雄,2023-11-22,9183
00882,中信中國高股息,8,0,8,群益金鼎-高雄,2023-11-22,9183
1720,生達,8,0,8,群益金鼎-高雄,2023-11-22,9183
1762,中化生,8,0,8,群益金鼎-高雄,2023-11-22,9183
2017,官田鋼,670,0,670,群益金鼎-高雄,2023-11-23,9183
6578,達邦蛋白,110,2,108,群益金鼎-高雄,2023-11-23,9183
6243,迅杰,80,24,56,群益金鼎-高雄,2023-11-23,9183
00919,群益台灣精選高息,51,0,51,群益金鼎-高雄,2023-11-23,9183
6237,驊訊,68,17,51,群益金鼎-高雄,2023-11-23,9183
6187,萬潤,49,2,47,群益金鼎-高雄,2023-11-23,9183
00720B,元大投資級公司債,41,3,38,群益金鼎-高雄,2023-11-23,9183
9907,統一實,36,0,36,群益金鼎-高雄,2023-11-23,9183
3450,聯鈞,45,10,35,群益金鼎-高雄,2023-11-23,9183
4743,合一,42,11,31,群益金鼎-高雄,2023-11-23,9183
3015,全漢,30,0,30,群益金鼎-高雄,2023-11-23,9183
6457,紘康,30,0,30,群益金鼎-高雄,2023-11-23,9183
3047,訊舟,28,0,28,群益金鼎-高雄,2023-11-23,9183
3049,精金,28,0,28,群益金鼎-高雄,2023-11-23,9183
3231,緯創,33,7,26,群益金鼎-高雄,2023-11-23,9183
2344,華邦電,37,12,25,群益金鼎-高雄,2023-11-23,9183
2603,長榮,25,0,25,群益金鼎-高雄,2023-11-23,9183
00637L,元大滬深300正2,22,0,22,群益金鼎-高雄,2023-11-23,9183
6188,廣明,21,0,21,群益金鼎-高雄,2023-11-23,9183
6233,旺玖,21,0,21,群益金鼎-高雄,2023-11-23,9183
1815,富喬,23,3,20,群益金鼎-高雄,2023-11-23,9183
2836,高雄銀,20,0,20,群益金鼎-高雄,2023-11-23,9183
1513,中興電,28,10,18,群益金鼎-高雄,2023-11-23,9183
3035,智原,40,23,17,群益金鼎-高雄,2023-11-23,9183
3006,晶豪科,27,11,16,群益金鼎-高雄,2023-11-23,9183
2363,矽統,100,84,16,群益金鼎-高雄,2023-11-23,9183
3483,力致,19,4,15,群益金鼎-高雄,2023-11-23,9183
4702,中美實,15,0,15,群益金鼎-高雄,2023-11-23,9183
5292,華懋,27,12,15,群益金鼎-高雄,2023-11-23,9183
5533,皇鼎,15,0,15,群益金鼎-高雄,2023-11-23,9183
1471,首利,16,1,15,群益金鼎-高雄,2023-11-23,9183
5210,寶碩,17,3,14,群益金鼎-高雄,2023-11-23,9183
6282,康舒,52,38,14,群益金鼎-高雄,2023-11-23,9183
5272,笙科,14,0,14,群益金鼎-高雄,2023-11-23,9183
6462,神盾,16,2,14,群益金鼎-高雄,2023-11-23,9183
2427,三商電,14,1,13,群益金鼎-高雄,2023-11-23,9183
2457,飛宏,27,16,11,群益金鼎-高雄,2023-11-23,9183
4979,華星光,12,1,11,群益金鼎-高雄,2023-11-23,9183
00929,復華台灣科技優息,16,5,11,群益金鼎-高雄,2023-11-23,9183
00915,凱基優選高股息30,11,0,11,群益金鼎-高雄,2023-11-23,9183
2492,華新科,16,5,11,群益金鼎-高雄,2023-11-23,9183
3325,旭品,13,2,11,群益金鼎-高雄,2023-11-23,9183
1210,大成,10,0,10,群益金鼎-高雄,2023-11-23,9183
1711,永光,10,0,10,群益金鼎-高雄,2023-11-23,9183
2501,國建,10,0,10,群益金鼎-高雄,2023-11-23,9183
2607,榮運,20,10,10,群益金鼎-高雄,2023-11-23,9183
2867,三商壽,10,0,10,群益金鼎-高雄,2023-11-23,9183
5512,力麒,10,0,10,群益金鼎-高雄,2023-11-23,9183
9950,萬國通,10,0,10,群益金鼎-高雄,2023-11-23,9183
1101,台泥,12,3,9,群益金鼎-高雄,2023-11-23,9183
2618,長榮航,120,6,114,群益金鼎-高雄,2023-11-24,9183
2017,官田鋼,100,1,99,群益金鼎-高雄,2023-11-24,9183
00751B,元大AAA至A公司債,56,0,56,群益金鼎-高雄,2023-11-24,9183
9907,統一實,52,0,52,群益金鼎-高雄,2023-11-24,9183
00753L,中信中國50正2,50,0,50,群益金鼎-高雄,2023-11-24,9183
5351,鈺創,93,53,40,群益金鼎-高雄,2023-11-24,9183
6026,福邦證,40,0,40,群益金鼎-高雄,2023-11-24,9183
2492,華新科,77,41,36,群益金鼎-高雄,2023-11-24,9183
2344,華邦電,36,1,35,群益金鼎-高雄,2023-11-24,9183
2324,仁寶,31,1,30,群益金鼎-高雄,2023-11-24,9183
3515,華擎,26,0,26,群益金鼎-高雄,2023-11-24,9183
2340,台亞,32,8,24,群益金鼎-高雄,2023-11-24,9183
00665L,富邦�琤肭磪囓�2,23,0,23,群益金鼎-高雄,2023-11-24,9183
3005,神基,21,4,17,群益金鼎-高雄,2023-11-24,9183
6173,信昌電,22,5,17,群益金鼎-高雄,2023-11-24,9183
2634,漢翔,38,21,17,群益金鼎-高雄,2023-11-24,9183
2836,高雄銀,16,0,16,群益金鼎-高雄,2023-11-24,9183
2356,英業達,16,0,16,群益金鼎-高雄,2023-11-24,9183
2547,日勝生,15,0,15,群益金鼎-高雄,2023-11-24,9183
8089,康全電訊,15,0,15,群益金鼎-高雄,2023-11-24,9183
2449,京元電子,14,0,14,群益金鼎-高雄,2023-11-24,9183
00878,國泰永續高股息,14,0,14,群益金鼎-高雄,2023-11-24,9183
00885,富邦越南,13,0,13,群益金鼎-高雄,2023-11-24,9183
00931B,統一美債20年,13,0,13,群益金鼎-高雄,2023-11-24,9183
00720B,元大投資級公司債,13,0,13,群益金鼎-高雄,2023-11-24,9183
3231,緯創,19,7,12,群益金鼎-高雄,2023-11-24,9183
3060,銘異,20,8,12,群益金鼎-高雄,2023-11-24,9183
2883,凱基金,14,2,12,群益金鼎-高雄,2023-11-24,9183
1514,亞力,18,6,12,群益金鼎-高雄,2023-11-24,9183
1316,上曜,11,0,11,群益金鼎-高雄,2023-11-24,9183
2323,中環,11,0,11,群益金鼎-高雄,2023-11-24,9183
2610,華航,18,7,11,群益金鼎-高雄,2023-11-24,9183
4720,德淵,15,4,11,群益金鼎-高雄,2023-11-24,9183
00679B,元大美債20年,10,0,10,群益金鼎-高雄,2023-11-24,9183
3044,健鼎,10,0,10,群益金鼎-高雄,2023-11-24,9183
3047,訊舟,11,1,10,群益金鼎-高雄,2023-11-24,9183
6188,廣明,10,0,10,群益金鼎-高雄,2023-11-24,9183
6226,光鼎,10,0,10,群益金鼎-高雄,2023-11-24,9183
2520,冠德,10,0,10,群益金鼎-高雄,2023-11-24,9183
2313,華通,87,78,9,群益金鼎-高雄,2023-11-24,9183
2516,新建,10,1,9,群益金鼎-高雄,2023-11-24,9183
2371,大同,44,35,9,群益金鼎-高雄,2023-11-24,9183
1449,佳和,10,2,8,群益金鼎-高雄,2023-11-24,9183
3623,富晶通,8,0,8,群益金鼎-高雄,2023-11-24,9183
2345,智邦,11,3,8,群益金鼎-高雄,2023-11-24,9183
3037,欣興,21,13,8,群益金鼎-高雄,2023-11-24,9183
5533,皇鼎,18,10,8,群益金鼎-高雄,2023-11-24,9183
00888,永豐台灣ESG,7,0,7,群益金鼎-高雄,2023-11-24,9183
2606,裕民,7,0,7,群益金鼎-高雄,2023-11-24,9183
2731,雄獅,8,1,7,群益金鼎-高雄,2023-11-24,9183
9904,寶成,135,1,134,群益金鼎-高雄,2023-11-27,9183
9103,美德醫療-DR,89,0,89,群益金鼎-高雄,2023-11-27,9183
9933,中鼎,71,1,70,群益金鼎-高雄,2023-11-27,9183
2303,聯電,69,4,65,群益金鼎-高雄,2023-11-27,9183
00919,群益台灣精選高息,65,2,63,群益金鼎-高雄,2023-11-27,9183
2547,日勝生,49,0,49,群益金鼎-高雄,2023-11-27,9183
00637L,元大滬深300正2,44,0,44,群益金鼎-高雄,2023-11-27,9183
00751B,元大AAA至A公司債,36,0,36,群益金鼎-高雄,2023-11-27,9183
3231,緯創,40,5,35,群益金鼎-高雄,2023-11-27,9183
2618,長榮航,46,12,34,群益金鼎-高雄,2023-11-27,9183
3049,精金,34,0,34,群益金鼎-高雄,2023-11-27,9183
3515,華擎,30,0,30,群益金鼎-高雄,2023-11-27,9183
2382,廣達,42,12,30,群益金鼎-高雄,2023-11-27,9183
2609,陽明,30,1,29,群益金鼎-高雄,2023-11-27,9183
2634,漢翔,33,8,25,群益金鼎-高雄,2023-11-27,9183
2344,華邦電,30,5,25,群益金鼎-高雄,2023-11-27,9183
00929,復華台灣科技優息,37,14,23,群益金鼎-高雄,2023-11-27,9183
8086,宏捷科,43,21,22,群益金鼎-高雄,2023-11-27,9183
3035,智原,25,3,22,群益金鼎-高雄,2023-11-27,9183
6125,廣運,23,2,21,群益金鼎-高雄,2023-11-27,9183
00650L,復華香港正2,20,0,20,群益金鼎-高雄,2023-11-27,9183
5210,寶碩,20,0,20,群益金鼎-高雄,2023-11-27,9183
2883,凱基金,37,18,19,群益金鼎-高雄,2023-11-27,9183
6235,華孚,27,9,18,群益金鼎-高雄,2023-11-27,9183
5292,華懋,25,9,16,群益金鼎-高雄,2023-11-27,9183
00687B,國泰20年美債,15,0,15,群益金鼎-高雄,2023-11-27,9183
2353,宏��,15,0,15,群益金鼎-高雄,2023-11-27,9183
2882,國泰金,22,7,15,群益金鼎-高雄,2023-11-27,9183
1762,中化生,13,0,13,群益金鼎-高雄,2023-11-27,9183
00935,野村臺灣新科技50,12,0,12,群益金鼎-高雄,2023-11-27,9183
2027,大成鋼,12,0,12,群益金鼎-高雄,2023-11-27,9183
3437,榮創,18,6,12,群益金鼎-高雄,2023-11-27,9183
2427,三商電,13,1,12,群益金鼎-高雄,2023-11-27,9183
3006,晶豪科,13,2,11,群益金鼎-高雄,2023-11-27,9183
3078,僑威,14,3,11,群益金鼎-高雄,2023-11-27,9183
4123,晟德,10,0,10,群益金鼎-高雄,2023-11-27,9183
8289,泰藝,10,0,10,群益金鼎-高雄,2023-11-27,9183
0056,元大高股息,12,3,9,群益金鼎-高雄,2023-11-27,9183
6285,啟��,10,2,8,群益金鼎-高雄,2023-11-27,9183
1618,合機,8,0,8,群益金鼎-高雄,2023-11-27,9183
2356,英業達,12,4,8,群益金鼎-高雄,2023-11-27,9183
6411,晶焱,8,0,8,群益金鼎-高雄,2023-11-27,9183
6509,聚和,9,1,8,群益金鼎-高雄,2023-11-27,9183
2820,華票,9,2,7,群益金鼎-高雄,2023-11-27,9183
00878,國泰永續高股息,12,5,7,群益金鼎-高雄,2023-11-27,9183
00679B,元大美債20年,7,0,7,群益金鼎-高雄,2023-11-27,9183
2392,正崴,8,1,7,群益金鼎-高雄,2023-11-27,9183
2450,神腦,7,0,7,群益金鼎-高雄,2023-11-27,9183
1795,美時,13,7,6,群益金鼎-高雄,2023-11-27,9183
00680L,元大美債20正2,6,0,6,群益金鼎-高雄,2023-11-27,9183
8215,明基材,251,0,251,群益金鼎-高雄,2023-11-28,9183
00936,台新永續高息中小,77,6,71,群益金鼎-高雄,2023-11-28,9183
2103,台橡,70,0,70,群益金鼎-高雄,2023-11-28,9183
3059,華晶科,74,4,70,群益金鼎-高雄,2023-11-28,9183
2359,所羅門,70,1,69,群益金鼎-高雄,2023-11-28,9183
5272,笙科,59,7,52,群益金鼎-高雄,2023-11-28,9183
00632R,元大台灣50反1,50,5,45,群益金鼎-高雄,2023-11-28,9183
00751B,元大AAA至A公司債,40,0,40,群益金鼎-高雄,2023-11-28,9183
3362,先進光,55,17,38,群益金鼎-高雄,2023-11-28,9183
6504,南六,31,2,29,群益金鼎-高雄,2023-11-28,9183
00665L,富邦�琤肭磪囓�2,28,0,28,群益金鼎-高雄,2023-11-28,9183
1316,上曜,26,1,25,群益金鼎-高雄,2023-11-28,9183
2601,益航,25,5,20,群益金鼎-高雄,2023-11-28,9183
5351,鈺創,49,32,17,群益金鼎-高雄,2023-11-28,9183
3231,緯創,18,4,14,群益金鼎-高雄,2023-11-28,9183
8011,台通,15,1,14,群益金鼎-高雄,2023-11-28,9183
8070,長華*,19,5,14,群益金鼎-高雄,2023-11-28,9183
1752,南光,17,4,13,群益金鼎-高雄,2023-11-28,9183
2405,輔信,13,1,12,群益金鼎-高雄,2023-11-28,9183
2641,正德,18,6,12,群益金鼎-高雄,2023-11-28,9183
8028,昇陽半導體,23,11,12,群益金鼎-高雄,2023-11-28,9183
6237,驊訊,16,5,11,群益金鼎-高雄,2023-11-28,9183
5347,世界,12,2,10,群益金鼎-高雄,2023-11-28,9183
3338,泰碩,10,0,10,群益金鼎-高雄,2023-11-28,9183
8163,達方,10,0,10,群益金鼎-高雄,2023-11-28,9183
2038,海光,10,0,10,群益金鼎-高雄,2023-11-28,9183
6104,創惟,16,7,9,群益金鼎-高雄,2023-11-28,9183
2382,廣達,18,10,8,群益金鼎-高雄,2023-11-28,9183
2303,聯電,24,16,8,群益金鼎-高雄,2023-11-28,9183
8927,北基,8,0,8,群益金鼎-高雄,2023-11-28,9183
2603,長榮,16,8,8,群益金鼎-高雄,2023-11-28,9183
00757,統一FANG+,7,0,7,群益金鼎-高雄,2023-11-28,9183
2371,大同,22,15,7,群益金鼎-高雄,2023-11-28,9183
6282,康舒,7,1,6,群益金鼎-高雄,2023-11-28,9183
2425,承啟,6,0,6,群益金鼎-高雄,2023-11-28,9183
2617,台航,8,2,6,群益金鼎-高雄,2023-11-28,9183
3015,全漢,6,0,6,群益金鼎-高雄,2023-11-28,9183
00882,中信中國高股息,5,0,5,群益金鼎-高雄,2023-11-28,9183
00680L,元大美債20正2,5,0,5,群益金鼎-高雄,2023-11-28,9183
00679B,元大美債20年,10,5,5,群益金鼎-高雄,2023-11-28,9183
1732,毛寶,8,3,5,群益金鼎-高雄,2023-11-28,9183
2867,三商壽,5,0,5,群益金鼎-高雄,2023-11-28,9183
5905,南仁湖,5,0,5,群益金鼎-高雄,2023-11-28,9183
6716,應廣,5,0,5,群益金鼎-高雄,2023-11-28,9183
3317,尼克森,5,0,5,群益金鼎-高雄,2023-11-28,9183
2006,東和鋼鐵,8,3,5,群益金鼎-高雄,2023-11-28,9183
2605,新興,11,7,4,群益金鼎-高雄,2023-11-28,9183
2611,志信,4,0,4,群益金鼎-高雄,2023-11-28,9183
6443,元晶,4,0,4,群益金鼎-高雄,2023-11-28,9183
00633L,富邦上証正2,4,0,4,群益金鼎-高雄,2023-11-28,9183
1529,樂事綠能,110,1,109,群益金鼎-高雄,2023-11-29,9183
00753L,中信中國50正2,100,0,100,群益金鼎-高雄,2023-11-29,9183
2363,矽統,104,53,51,群益金鼎-高雄,2023-11-29,9183
3059,華晶科,53,3,50,群益金鼎-高雄,2023-11-29,9183
2618,長榮航,58,10,48,群益金鼎-高雄,2023-11-29,9183
00665L,富邦�琤肭磪囓�2,47,0,47,群益金鼎-高雄,2023-11-29,9183
8070,長華*,46,5,41,群益金鼎-高雄,2023-11-29,9183
2017,官田鋼,40,0,40,群益金鼎-高雄,2023-11-29,9183
2836,高雄銀,34,0,34,群益金鼎-高雄,2023-11-29,9183
00882,中信中國高股息,29,0,29,群益金鼎-高雄,2023-11-29,9183
2606,裕民,27,1,26,群益金鼎-高雄,2023-11-29,9183
5608,四維航,33,11,22,群益金鼎-高雄,2023-11-29,9183
2356,英業達,23,4,19,群益金鼎-高雄,2023-11-29,9183
3231,緯創,40,21,19,群益金鼎-高雄,2023-11-29,9183
6770,力積電,21,2,19,群益金鼎-高雄,2023-11-29,9183
00637L,元大滬深300正2,23,5,18,群益金鼎-高雄,2023-11-29,9183
2913,農林,18,0,18,群益金鼎-高雄,2023-11-29,9183
2610,華航,26,10,16,群益金鼎-高雄,2023-11-29,9183
8103,瀚荃,16,0,16,群益金鼎-高雄,2023-11-29,9183
2449,京元電子,25,10,15,群益金鼎-高雄,2023-11-29,9183
6411,晶焱,19,4,15,群益金鼎-高雄,2023-11-29,9183
2465,麗臺,31,17,14,群益金鼎-高雄,2023-11-29,9183
6282,康舒,15,2,13,群益金鼎-高雄,2023-11-29,9183
6894,衛司特,14,1,13,群益金鼎-高雄,2023-11-29,9183
8054,安國,45,33,12,群益金鼎-高雄,2023-11-29,9183
3047,訊舟,31,20,11,群益金鼎-高雄,2023-11-29,9183
5009,榮剛,13,2,11,群益金鼎-高雄,2023-11-29,9183
5351,鈺創,23,12,11,群益金鼎-高雄,2023-11-29,9183
6161,捷波,14,3,11,群益金鼎-高雄,2023-11-29,9183
6695,芯鼎,25,14,11,群益金鼎-高雄,2023-11-29,9183
2409,友達,15,4,11,群益金鼎-高雄,2023-11-29,9183
3163,波若威,13,2,11,群益金鼎-高雄,2023-11-29,9183
2867,三商壽,10,0,10,群益金鼎-高雄,2023-11-29,9183
5905,南仁湖,10,0,10,群益金鼎-高雄,2023-11-29,9183
6109,亞元,10,0,10,群益金鼎-高雄,2023-11-29,9183
6226,光鼎,10,0,10,群益金鼎-高雄,2023-11-29,9183
6593,台灣銘板,13,3,10,群益金鼎-高雄,2023-11-29,9183
6284,佳邦,10,1,9,群益金鼎-高雄,2023-11-29,9183
5328,華容,12,3,9,群益金鼎-高雄,2023-11-29,9183
6558,興能高,9,0,9,群益金鼎-高雄,2023-11-29,9183
3322,建舜電,8,0,8,群益金鼎-高雄,2023-11-29,9183
3346,麗清,8,0,8,群益金鼎-高雄,2023-11-29,9183
4188,安克,9,1,8,群益金鼎-高雄,2023-11-29,9183
5285,界霖,8,0,8,群益金鼎-高雄,2023-11-29,9183
1503,士電,11,4,7,群益金鼎-高雄,2023-11-29,9183
2603,長榮,26,19,7,群益金鼎-高雄,2023-11-29,9183
3558,神準,7,0,7,群益金鼎-高雄,2023-11-29,9183
1101,台泥,6,0,6,群益金鼎-高雄,2023-11-29,9183
2352,佳世達,7,1,6,群益金鼎-高雄,2023-11-29,9183
3006,晶豪科,12,6,6,群益金鼎-高雄,2023-11-29,9183
00688L,國泰20年美債正2,562,0,562,群益金鼎-高雄,2023-11-30,9183
1616,億泰,90,2,88,群益金鼎-高雄,2023-11-30,9183
2406,國碩,100,12,88,群益金鼎-高雄,2023-11-30,9183
00751B,元大AAA至A公司債,63,1,62,群益金鼎-高雄,2023-11-30,9183
4154,樂威科-KY,44,0,44,群益金鼎-高雄,2023-11-30,9183
2103,台橡,30,0,30,群益金鼎-高雄,2023-11-30,9183
9919,康那香,36,12,24,群益金鼎-高雄,2023-11-30,9183
2344,華邦電,50,28,22,群益金鼎-高雄,2023-11-30,9183
3231,緯創,37,16,21,群益金鼎-高雄,2023-11-30,9183
00936,台新永續高息中小,20,0,20,群益金鼎-高雄,2023-11-30,9183
00632R,元大台灣50反1,20,0,20,群益金鼎-高雄,2023-11-30,9183
3558,神準,18,0,18,群益金鼎-高雄,2023-11-30,9183
3570,大塚,18,0,18,群益金鼎-高雄,2023-11-30,9183
6143,振曜,20,3,17,群益金鼎-高雄,2023-11-30,9183
5328,華容,31,16,15,群益金鼎-高雄,2023-11-30,9183
2303,聯電,23,8,15,群益金鼎-高雄,2023-11-30,9183
8054,安國,23,10,13,群益金鼎-高雄,2023-11-30,9183
2369,菱生,30,17,13,群益金鼎-高雄,2023-11-30,9183
1325,恆大,13,1,12,群益金鼎-高雄,2023-11-30,9183
8112,至上,13,2,11,群益金鼎-高雄,2023-11-30,9183
2353,宏��,16,5,11,群益金鼎-高雄,2023-11-30,9183
4736,泰博,11,0,11,群益金鼎-高雄,2023-11-30,9183
8358,金居,31,20,11,群益金鼎-高雄,2023-11-30,9183
2376,技嘉,15,5,10,群益金鼎-高雄,2023-11-30,9183
3047,訊舟,10,0,10,群益金鼎-高雄,2023-11-30,9183
3624,光頡,10,0,10,群益金鼎-高雄,2023-11-30,9183
2356,英業達,16,7,9,群益金鼎-高雄,2023-11-30,9183
3583,辛耘,14,5,9,群益金鼎-高雄,2023-11-30,9183
2363,矽統,58,49,9,群益金鼎-高雄,2023-11-30,9183
00885,富邦越南,10,2,8,群益金鼎-高雄,2023-11-30,9183
4503,金雨,12,4,8,群益金鼎-高雄,2023-11-30,9183
6243,迅杰,13,5,8,群益金鼎-高雄,2023-11-30,9183
6411,晶焱,13,5,8,群益金鼎-高雄,2023-11-30,9183
8011,台通,10,2,8,群益金鼎-高雄,2023-11-30,9183
8070,長華*,8,0,8,群益金鼎-高雄,2023-11-30,9183
2338,光罩,8,0,8,群益金鼎-高雄,2023-11-30,9183
3059,華晶科,9,2,7,群益金鼎-高雄,2023-11-30,9183
5607,遠雄港,7,0,7,群益金鼎-高雄,2023-11-30,9183
6282,康舒,21,14,7,群益金鼎-高雄,2023-11-30,9183
4167,松瑞藥,11,4,7,群益金鼎-高雄,2023-11-30,9183
5608,四維航,8,2,6,群益金鼎-高雄,2023-11-30,9183
5347,世界,10,4,6,群益金鼎-高雄,2023-11-30,9183
3015,全漢,6,0,6,群益金鼎-高雄,2023-11-30,9183
3147,大綜,6,0,6,群益金鼎-高雄,2023-11-30,9183
3374,精材,6,0,6,群益金鼎-高雄,2023-11-30,9183
6160,欣技,8,2,6,群益金鼎-高雄,2023-11-30,9183
6120,達運,5,0,5,群益金鼎-高雄,2023-11-30,9183
00882,中信中國高股息,12,7,5,群益金鼎-高雄,2023-11-30,9183
2450,神腦,5,0,5,群益金鼎-高雄,2023-11-30,9183
2739,寒舍,5,0,5,群益金鼎-高雄,2023-11-30,9183
00753L,中信中國50正2,150,0,150,群益金鼎-高雄,2023-12-01,9183
2883,凱基金,75,1,74,群益金鼎-高雄,2023-12-01,9183
3059,華晶科,94,29,65,群益金鼎-高雄,2023-12-01,9183
6233,旺玖,111,48,63,群益金鼎-高雄,2023-12-01,9183
8215,明基材,50,0,50,群益金鼎-高雄,2023-12-01,9183
3015,全漢,46,0,46,群益金鼎-高雄,2023-12-01,9183
00882,中信中國高股息,35,0,35,群益金鼎-高雄,2023-12-01,9183
3515,華擎,35,0,35,群益金鼎-高雄,2023-12-01,9183
8038,長園科,35,0,35,群益金鼎-高雄,2023-12-01,9183
4973,廣穎,31,0,31,群益金鼎-高雄,2023-12-01,9183
00878,國泰永續高股息,28,0,28,群益金鼎-高雄,2023-12-01,9183
00751B,元大AAA至A公司債,25,0,25,群益金鼎-高雄,2023-12-01,9183
2324,仁寶,30,5,25,群益金鼎-高雄,2023-12-01,9183
3013,晟銘電,43,18,25,群益金鼎-高雄,2023-12-01,9183
2618,長榮航,28,5,23,群益金鼎-高雄,2023-12-01,9183
6168,宏齊,21,0,21,群益金鼎-高雄,2023-12-01,9183
00715L,期街口布蘭特正2,29,9,20,群益金鼎-高雄,2023-12-01,9183
00915,凱基優選高股息30,20,0,20,群益金鼎-高雄,2023-12-01,9183
2606,裕民,30,11,19,群益金鼎-高雄,2023-12-01,9183
1514,亞力,25,7,18,群益金鼎-高雄,2023-12-01,9183
2355,敬鵬,35,18,17,群益金鼎-高雄,2023-12-01,9183
2356,英業達,22,5,17,群益金鼎-高雄,2023-12-01,9183
3041,揚智,37,21,16,群益金鼎-高雄,2023-12-01,9183
1616,億泰,19,3,16,群益金鼎-高雄,2023-12-01,9183
6411,晶焱,23,7,16,群益金鼎-高雄,2023-12-01,9183
1326,台化,15,0,15,群益金鼎-高雄,2023-12-01,9183
2739,寒舍,15,0,15,群益金鼎-高雄,2023-12-01,9183
2915,潤泰全,16,1,15,群益金鼎-高雄,2023-12-01,9183
5465,富驊,18,3,15,群益金鼎-高雄,2023-12-01,9183
00900,富邦特選高股息30,19,5,14,群益金鼎-高雄,2023-12-01,9183
2413,環科,13,0,13,群益金鼎-高雄,2023-12-01,9183
3264,欣銓,21,8,13,群益金鼎-高雄,2023-12-01,9183
6530,創威,16,3,13,群益金鼎-高雄,2023-12-01,9183
4534,慶騰,12,0,12,群益金鼎-高雄,2023-12-01,9183
3363,上詮,46,35,11,群益金鼎-高雄,2023-12-01,9183
3325,旭品,11,0,11,群益金鼎-高雄,2023-12-01,9183
6517,保勝光學,18,7,11,群益金鼎-高雄,2023-12-01,9183
8112,至上,13,2,11,群益金鼎-高雄,2023-12-01,9183
2886,兆豐金,19,8,11,群益金鼎-高雄,2023-12-01,9183
00680L,元大美債20正2,11,0,11,群益金鼎-高雄,2023-12-01,9183
2891,中信金,11,1,10,群益金鼎-高雄,2023-12-01,9183
00706L,期元大S＆P日圓正2,10,0,10,群益金鼎-高雄,2023-12-01,9183
2888,新光金,10,0,10,群益金鼎-高雄,2023-12-01,9183
00722B,群益投資級電信債,10,0,10,群益金鼎-高雄,2023-12-01,9183
2009,第一銅,10,0,10,群益金鼎-高雄,2023-12-01,9183
2108,南帝,10,0,10,群益金鼎-高雄,2023-12-01,9183
2409,友達,22,12,10,群益金鼎-高雄,2023-12-01,9183
2374,佳能,10,0,10,群益金鼎-高雄,2023-12-01,9183
2317,鴻海,12,2,10,群益金鼎-高雄,2023-12-01,9183
5880,合庫金,8,0,8,群益金鼎-高雄,2023-12-01,9183
2851,中再保,200,10,190,群益金鼎-高雄,2023-12-04,9183
0056,元大高股息,101,10,91,群益金鼎-高雄,2023-12-04,9183
1605,華新,66,7,59,群益金鼎-高雄,2023-12-04,9183
6411,晶焱,59,0,59,群益金鼎-高雄,2023-12-04,9183
2355,敬鵬,106,48,58,群益金鼎-高雄,2023-12-04,9183
00882,中信中國高股息,49,0,49,群益金鼎-高雄,2023-12-04,9183
3231,緯創,47,4,43,群益金鼎-高雄,2023-12-04,9183
3515,華擎,40,0,40,群益金鼎-高雄,2023-12-04,9183
2727,王品,40,0,40,群益金鼎-高雄,2023-12-04,9183
3706,神達,49,10,39,群益金鼎-高雄,2023-12-04,9183
1781,合世,35,0,35,群益金鼎-高雄,2023-12-04,9183
8938,明安,35,1,34,群益金鼎-高雄,2023-12-04,9183
1514,亞力,39,8,31,群益金鼎-高雄,2023-12-04,9183
3013,晟銘電,73,43,30,群益金鼎-高雄,2023-12-04,9183
4154,樂威科-KY,30,0,30,群益金鼎-高雄,2023-12-04,9183
4162,智擎,30,0,30,群益金鼎-高雄,2023-12-04,9183
2363,矽統,50,20,30,群益金鼎-高雄,2023-12-04,9183
3006,晶豪科,29,2,27,群益金鼎-高雄,2023-12-04,9183
3363,上詮,30,4,26,群益金鼎-高雄,2023-12-04,9183
00665L,富邦�琤肭磪囓�2,20,0,20,群益金鼎-高雄,2023-12-04,9183
00715L,期街口布蘭特正2,23,3,20,群益金鼎-高雄,2023-12-04,9183
3264,欣銓,23,4,19,群益金鼎-高雄,2023-12-04,9183
6122,擎邦,20,1,19,群益金鼎-高雄,2023-12-04,9183
1101,台泥,17,2,15,群益金鼎-高雄,2023-12-04,9183
2323,中環,15,0,15,群益金鼎-高雄,2023-12-04,9183
2485,兆赫,15,0,15,群益金鼎-高雄,2023-12-04,9183
8011,台通,15,0,15,群益金鼎-高雄,2023-12-04,9183
2547,日勝生,15,0,15,群益金鼎-高雄,2023-12-04,9183
2337,旺宏,14,0,14,群益金鼎-高雄,2023-12-04,9183
8088,品安,19,6,13,群益金鼎-高雄,2023-12-04,9183
1809,中釉,14,1,13,群益金鼎-高雄,2023-12-04,9183
2020,美亞,13,0,13,群益金鼎-高雄,2023-12-04,9183
2405,輔信,13,0,13,群益金鼎-高雄,2023-12-04,9183
4114,健喬,16,3,13,群益金鼎-高雄,2023-12-04,9183
6276,安鈦克,13,0,13,群益金鼎-高雄,2023-12-04,9183
00720B,元大投資級公司債,13,0,13,群益金鼎-高雄,2023-12-04,9183
00918,大華優利高填息30,12,0,12,群益金鼎-高雄,2023-12-04,9183
1532,勤美,12,0,12,群益金鼎-高雄,2023-12-04,9183
2462,良得電,12,0,12,群益金鼎-高雄,2023-12-04,9183
8940,新天地,12,0,12,群益金鼎-高雄,2023-12-04,9183
3715,定穎投控,37,26,11,群益金鼎-高雄,2023-12-04,9183
3346,麗清,11,0,11,群益金鼎-高雄,2023-12-04,9183
2002,中鋼,21,10,11,群益金鼎-高雄,2023-12-04,9183
00724B,群益投資級金融債,10,0,10,群益金鼎-高雄,2023-12-04,9183
00922,國泰台灣領袖50,10,0,10,群益金鼎-高雄,2023-12-04,9183
3276,宇環,10,0,10,群益金鼎-高雄,2023-12-04,9183
3284,太普高,10,0,10,群益金鼎-高雄,2023-12-04,9183
3628,盈正,10,0,10,群益金鼎-高雄,2023-12-04,9183
5351,鈺創,13,3,10,群益金鼎-高雄,2023-12-04,9183
6223,旺矽,10,0,10,群益金鼎-高雄,2023-12-04,9183
2851,中再保,400,0,400,群益金鼎-高雄,2023-12-05,9183
5864,致和證,237,2,235,群益金鼎-高雄,2023-12-05,9183
3050,鈺德,213,12,201,群益金鼎-高雄,2023-12-05,9183
00919,群益台灣精選高息,97,30,67,群益金鼎-高雄,2023-12-05,9183
8938,明安,65,0,65,群益金鼎-高雄,2023-12-05,9183
00753L,中信中國50正2,61,0,61,群益金鼎-高雄,2023-12-05,9183
2618,長榮航,60,7,53,群益金鼎-高雄,2023-12-05,9183
00915,凱基優選高股息30,51,0,51,群益金鼎-高雄,2023-12-05,9183
1605,華新,49,4,45,群益金鼎-高雄,2023-12-05,9183
00918,大華優利高填息30,43,0,43,群益金鼎-高雄,2023-12-05,9183
3231,緯創,61,20,41,群益金鼎-高雄,2023-12-05,9183
00893,國泰智能電動車,41,1,40,群益金鼎-高雄,2023-12-05,9183
6593,台灣銘板,50,10,40,群益金鼎-高雄,2023-12-05,9183
3481,群創,51,14,37,群益金鼎-高雄,2023-12-05,9183
00665L,富邦�琤肭磪囓�2,33,0,33,群益金鼎-高雄,2023-12-05,9183
3229,晟鈦,33,0,33,群益金鼎-高雄,2023-12-05,9183
2344,華邦電,35,3,32,群益金鼎-高雄,2023-12-05,9183
3059,華晶科,30,4,26,群益金鼎-高雄,2023-12-05,9183
5608,四維航,64,39,25,群益金鼎-高雄,2023-12-05,9183
00652,富邦印度,24,0,24,群益金鼎-高雄,2023-12-05,9183
6187,萬潤,24,0,24,群益金鼎-高雄,2023-12-05,9183
6916,華凌,25,1,24,群益金鼎-高雄,2023-12-05,9183
2610,華航,27,3,24,群益金鼎-高雄,2023-12-05,9183
2303,聯電,34,11,23,群益金鼎-高雄,2023-12-05,9183
2727,王品,23,1,22,群益金鼎-高雄,2023-12-05,9183
6168,宏齊,23,1,22,群益金鼎-高雄,2023-12-05,9183
00878,國泰永續高股息,26,5,21,群益金鼎-高雄,2023-12-05,9183
2882,國泰金,25,5,20,群益金鼎-高雄,2023-12-05,9183
2228,劍麟,20,0,20,群益金鼎-高雄,2023-12-05,9183
2641,正德,124,104,20,群益金鼎-高雄,2023-12-05,9183
3284,太普高,20,0,20,群益金鼎-高雄,2023-12-05,9183
6411,晶焱,20,0,20,群益金鼎-高雄,2023-12-05,9183
8908,欣雄,20,0,20,群益金鼎-高雄,2023-12-05,9183
5347,世界,18,0,18,群益金鼎-高雄,2023-12-05,9183
00712,復華富時不動產,20,3,17,群益金鼎-高雄,2023-12-05,9183
2382,廣達,28,12,16,群益金鼎-高雄,2023-12-05,9183
2367,燿華,25,9,16,群益金鼎-高雄,2023-12-05,9183
00934,中信成長高股息,16,1,15,群益金鼎-高雄,2023-12-05,9183
2607,榮運,18,3,15,群益金鼎-高雄,2023-12-05,9183
3051,力特,33,18,15,群益金鼎-高雄,2023-12-05,9183
00882,中信中國高股息,14,0,14,群益金鼎-高雄,2023-12-05,9183
1815,富喬,13,0,13,群益金鼎-高雄,2023-12-05,9183
4167,松瑞藥,65,52,13,群益金鼎-高雄,2023-12-05,9183
1618,合機,24,12,12,群益金鼎-高雄,2023-12-05,9183
8027,鈦昇,17,5,12,群益金鼎-高雄,2023-12-05,9183
8390,金益鼎,17,5,12,群益金鼎-高雄,2023-12-05,9183
1513,中興電,56,45,11,群益金鼎-高雄,2023-12-05,9183
2417,圓剛,11,0,11,群益金鼎-高雄,2023-12-05,9183
2355,敬鵬,22,12,10,群益金鼎-高雄,2023-12-05,9183
3628,盈正,10,0,10,群益金鼎-高雄,2023-12-05,9183
00751B,元大AAA至A公司債,60,0,60,群益金鼎-高雄,2023-12-06,9183
2312,金寶,50,0,50,群益金鼎-高雄,2023-12-06,9183
00929,復華台灣科技優息,58,14,44,群益金鼎-高雄,2023-12-06,9183
2344,華邦電,67,25,42,群益金鼎-高雄,2023-12-06,9183
1514,亞力,149,113,36,群益金鼎-高雄,2023-12-06,9183
00715L,期街口布蘭特正2,35,1,34,群益金鼎-高雄,2023-12-06,9183
00712,復華富時不動產,30,1,29,群益金鼎-高雄,2023-12-06,9183
00688L,國泰20年美債正2,26,0,26,群益金鼎-高雄,2023-12-06,9183
3481,群創,34,8,26,群益金鼎-高雄,2023-12-06,9183
6625,必應,38,12,26,群益金鼎-高雄,2023-12-06,9183
1524,耿鼎,25,1,24,群益金鼎-高雄,2023-12-06,9183
9919,康那香,36,12,24,群益金鼎-高雄,2023-12-06,9183
2355,敬鵬,55,32,23,群益金鼎-高雄,2023-12-06,9183
1605,華新,25,2,23,群益金鼎-高雄,2023-12-06,9183
5213,亞昕,23,0,23,群益金鼎-高雄,2023-12-06,9183
00918,大華優利高填息30,22,0,22,群益金鼎-高雄,2023-12-06,9183
2419,仲琦,40,18,22,群益金鼎-高雄,2023-12-06,9183
1616,億泰,27,6,21,群益金鼎-高雄,2023-12-06,9183
2611,志信,39,19,20,群益金鼎-高雄,2023-12-06,9183
2836,高雄銀,20,0,20,群益金鼎-高雄,2023-12-06,9183
6116,彩晶,20,0,20,群益金鼎-高雄,2023-12-06,9183
1447,力鵬,19,0,19,群益金鼎-高雄,2023-12-06,9183
3035,智原,33,15,18,群益金鼎-高雄,2023-12-06,9183
2605,新興,108,90,18,群益金鼎-高雄,2023-12-06,9183
2641,正德,28,10,18,群益金鼎-高雄,2023-12-06,9183
2303,聯電,27,10,17,群益金鼎-高雄,2023-12-06,9183
6213,聯茂,15,0,15,群益金鼎-高雄,2023-12-06,9183
2323,中環,25,10,15,群益金鼎-高雄,2023-12-06,9183
2258,鴻華先進-創,14,0,14,群益金鼎-高雄,2023-12-06,9183
3015,全漢,14,0,14,群益金鼎-高雄,2023-12-06,9183
4973,廣穎,20,6,14,群益金鼎-高雄,2023-12-06,9183
1101,台泥,20,7,13,群益金鼎-高雄,2023-12-06,9183
3363,上詮,19,6,13,群益金鼎-高雄,2023-12-06,9183
6282,康舒,16,3,13,群益金鼎-高雄,2023-12-06,9183
5328,華容,19,7,12,群益金鼎-高雄,2023-12-06,9183
2329,華泰,37,26,11,群益金鼎-高雄,2023-12-06,9183
2317,鴻海,11,0,11,群益金鼎-高雄,2023-12-06,9183
2603,長榮,19,8,11,群益金鼎-高雄,2023-12-06,9183
4720,德淵,11,0,11,群益金鼎-高雄,2023-12-06,9183
8112A,至上甲特,11,0,11,群益金鼎-高雄,2023-12-06,9183
00850,元大臺灣ESG永續,10,0,10,群益金鼎-高雄,2023-12-06,9183
2913,農林,10,0,10,群益金鼎-高雄,2023-12-06,9183
3628,盈正,10,0,10,群益金鼎-高雄,2023-12-06,9183
9802,鈺齊-KY,10,0,10,群益金鼎-高雄,2023-12-06,9183
2409,友達,9,0,9,群益金鼎-高雄,2023-12-06,9183
2354,鴻準,8,0,8,群益金鼎-高雄,2023-12-06,9183
2371,大同,38,30,8,群益金鼎-高雄,2023-12-06,9183
00722B,群益投資級電信債,10,3,7,群益金鼎-高雄,2023-12-06,9183
1522,堤維西,23,16,7,群益金鼎-高雄,2023-12-06,9183
2367,燿華,25,18,7,群益金鼎-高雄,2023-12-06,9183
2851,中再保,400,0,400,群益金鼎-高雄,2023-12-07,9183
2882,國泰金,122,11,111,群益金鼎-高雄,2023-12-07,9183
00679B,元大美債20年,162,65,97,群益金鼎-高雄,2023-12-07,9183
1522,堤維西,94,21,73,群益金鼎-高雄,2023-12-07,9183
2606,裕民,68,8,60,群益金鼎-高雄,2023-12-07,9183
8938,明安,54,4,50,群益金鼎-高雄,2023-12-07,9183
00919,群益台灣精選高息,49,0,49,群益金鼎-高雄,2023-12-07,9183
00929,復華台灣科技優息,49,5,44,群益金鼎-高雄,2023-12-07,9183
2727,王品,39,0,39,群益金鼎-高雄,2023-12-07,9183
2344,華邦電,39,3,36,群益金鼎-高雄,2023-12-07,9183
4720,德淵,33,0,33,群益金鼎-高雄,2023-12-07,9183
00688L,國泰20年美債正2,30,1,29,群益金鼎-高雄,2023-12-07,9183
1605,華新,30,3,27,群益金鼎-高雄,2023-12-07,9183
2363,矽統,34,10,24,群益金鼎-高雄,2023-12-07,9183
3483,力致,24,1,23,群益金鼎-高雄,2023-12-07,9183
2369,菱生,32,9,23,群益金鼎-高雄,2023-12-07,9183
2641,正德,27,6,21,群益金鼎-高雄,2023-12-07,9183
8933,愛地雅,20,0,20,群益金鼎-高雄,2023-12-07,9183
1752,南光,20,0,20,群益金鼎-高雄,2023-12-07,9183
3588,通嘉,25,5,20,群益金鼎-高雄,2023-12-07,9183
4714,永捷,22,2,20,群益金鼎-高雄,2023-12-07,9183
6150,撼訊,21,2,19,群益金鼎-高雄,2023-12-07,9183
00720B,元大投資級公司債,61,43,18,群益金鼎-高雄,2023-12-07,9183
2405,輔信,20,2,18,群益金鼎-高雄,2023-12-07,9183
9136,巨騰-DR,17,0,17,群益金鼎-高雄,2023-12-07,9183
00715L,期街口布蘭特正2,18,2,16,群益金鼎-高雄,2023-12-07,9183
4744,皇將,20,4,16,群益金鼎-高雄,2023-12-07,9183
2314,台揚,20,5,15,群益金鼎-高雄,2023-12-07,9183
2886,兆豐金,14,0,14,群益金鼎-高雄,2023-12-07,9183
00878,國泰永續高股息,13,0,13,群益金鼎-高雄,2023-12-07,9183
00645,富邦日本,13,0,13,群益金鼎-高雄,2023-12-07,9183
00751B,元大AAA至A公司債,14,2,12,群益金鼎-高雄,2023-12-07,9183
2329,華泰,72,60,12,群益金鼎-高雄,2023-12-07,9183
2492,華新科,14,2,12,群益金鼎-高雄,2023-12-07,9183
3264,欣銓,12,0,12,群益金鼎-高雄,2023-12-07,9183
2399,映泰,30,19,11,群益金鼎-高雄,2023-12-07,9183
2450,神腦,11,0,11,群益金鼎-高雄,2023-12-07,9183
3390,旭軟,11,0,11,群益金鼎-高雄,2023-12-07,9183
4542,科嶠,11,0,11,群益金鼎-高雄,2023-12-07,9183
6243,迅杰,14,3,11,群益金鼎-高雄,2023-12-07,9183
2303,聯電,30,20,10,群益金鼎-高雄,2023-12-07,9183
2888,新光金,10,0,10,群益金鼎-高雄,2023-12-07,9183
2514,龍邦,10,0,10,群益金鼎-高雄,2023-12-07,9183
00885,富邦越南,30,20,10,群益金鼎-高雄,2023-12-07,9183
2615,萬海,10,0,10,群益金鼎-高雄,2023-12-07,9183
2867,三商壽,10,0,10,群益金鼎-高雄,2023-12-07,9183
6168,宏齊,12,2,10,群益金鼎-高雄,2023-12-07,9183
2027,大成鋼,11,1,10,群益金鼎-高雄,2023-12-07,9183
2425,承啟,11,2,9,群益金鼎-高雄,2023-12-07,9183
3628,盈正,9,0,9,群益金鼎-高雄,2023-12-07,9183
2605,新興,217,39,178,群益金鼎-高雄,2023-12-08,9183
4167,松瑞藥,142,1,141,群益金鼎-高雄,2023-12-08,9183
00753L,中信中國50正2,100,6,94,群益金鼎-高雄,2023-12-08,9183
6742,澤米,64,0,64,群益金鼎-高雄,2023-12-08,9183
00645,富邦日本,59,0,59,群益金鼎-高雄,2023-12-08,9183
00715L,期街口布蘭特正2,71,17,54,群益金鼎-高雄,2023-12-08,9183
00687B,國泰20年美債,46,0,46,群益金鼎-高雄,2023-12-08,9183
00632R,元大台灣50反1,45,0,45,群益金鼎-高雄,2023-12-08,9183
2727,王品,41,0,41,群益金鼎-高雄,2023-12-08,9183
1514,亞力,104,68,36,群益金鼎-高雄,2023-12-08,9183
3015,全漢,34,0,34,群益金鼎-高雄,2023-12-08,9183
00720B,元大投資級公司債,84,52,32,群益金鼎-高雄,2023-12-08,9183
9919,康那香,34,2,32,群益金鼎-高雄,2023-12-08,9183
00937B,群益ESG投等債20,68,41,27,群益金鼎-高雄,2023-12-08,9183
1616,億泰,36,10,26,群益金鼎-高雄,2023-12-08,9183
6116,彩晶,25,0,25,群益金鼎-高雄,2023-12-08,9183
4183,福永生技,23,0,23,群益金鼎-高雄,2023-12-08,9183
6916,華凌,22,0,22,群益金鼎-高雄,2023-12-08,9183
2609,陽明,25,4,21,群益金鼎-高雄,2023-12-08,9183
6108,競國,20,0,20,群益金鼎-高雄,2023-12-08,9183
4906,正文,29,10,19,群益金鼎-高雄,2023-12-08,9183
2450,神腦,16,0,16,群益金鼎-高雄,2023-12-08,9183
1312,國喬,20,5,15,群益金鼎-高雄,2023-12-08,9183
2337,旺宏,16,1,15,群益金鼎-高雄,2023-12-08,9183
5521,工信,15,0,15,群益金鼎-高雄,2023-12-08,9183
3013,晟銘電,25,10,15,群益金鼎-高雄,2023-12-08,9183
2363,矽統,20,7,13,群益金鼎-高雄,2023-12-08,9183
2258,鴻華先進-創,13,0,13,群益金鼎-高雄,2023-12-08,9183
4533,協易機,12,0,12,群益金鼎-高雄,2023-12-08,9183
00679B,元大美債20年,12,1,11,群益金鼎-高雄,2023-12-08,9183
2419,仲琦,12,1,11,群益金鼎-高雄,2023-12-08,9183
3628,盈正,11,0,11,群益金鼎-高雄,2023-12-08,9183
2449,京元電子,11,0,11,群益金鼎-高雄,2023-12-08,9183
00751B,元大AAA至A公司債,10,0,10,群益金鼎-高雄,2023-12-08,9183
00722B,群益投資級電信債,10,0,10,群益金鼎-高雄,2023-12-08,9183
1608,華榮,16,6,10,群益金鼎-高雄,2023-12-08,9183
2867,三商壽,10,0,10,群益金鼎-高雄,2023-12-08,9183
3228,金麗科,10,0,10,群益金鼎-高雄,2023-12-08,9183
4154,樂威科-KY,10,0,10,群益金鼎-高雄,2023-12-08,9183
2615,萬海,10,1,9,群益金鼎-高雄,2023-12-08,9183
3059,華晶科,49,40,9,群益金鼎-高雄,2023-12-08,9183
3450,聯鈞,22,13,9,群益金鼎-高雄,2023-12-08,9183
6245,立端,11,2,9,群益金鼎-高雄,2023-12-08,9183
6593,台灣銘板,56,47,9,群益金鼎-高雄,2023-12-08,9183
6243,迅杰,31,23,8,群益金鼎-高雄,2023-12-08,9183
2352,佳世達,8,0,8,群益金鼎-高雄,2023-12-08,9183
3051,力特,13,5,8,群益金鼎-高雄,2023-12-08,9183
00882,中信中國高股息,7,0,7,群益金鼎-高雄,2023-12-08,9183
3715,定穎投控,8,1,7,群益金鼎-高雄,2023-12-08,9183
4113,聯上,7,0,7,群益金鼎-高雄,2023-12-08,9183
6742,澤米,116,0,116,群益金鼎-高雄,2023-12-11,9183
1721,三晃,100,0,100,群益金鼎-高雄,2023-12-11,9183
2618,長榮航,105,34,71,群益金鼎-高雄,2023-12-11,9183
2883,凱基金,65,1,64,群益金鼎-高雄,2023-12-11,9183
2605,新興,72,22,50,群益金鼎-高雄,2023-12-11,9183
00882,中信中國高股息,46,0,46,群益金鼎-高雄,2023-12-11,9183
2002,中鋼,50,5,45,群益金鼎-高雄,2023-12-11,9183
2312,金寶,51,6,45,群益金鼎-高雄,2023-12-11,9183
00687B,國泰20年美債,41,0,41,群益金鼎-高雄,2023-12-11,9183
9105,泰金寶-DR,40,0,40,群益金鼎-高雄,2023-12-11,9183
6219,富旺,40,1,39,群益金鼎-高雄,2023-12-11,9183
3450,聯鈞,51,16,35,群益金鼎-高雄,2023-12-11,9183
3712,永崴投控,35,1,34,群益金鼎-高雄,2023-12-11,9183
00937B,群益ESG投等債20,46,14,32,群益金鼎-高雄,2023-12-11,9183
00680L,元大美債20正2,29,0,29,群益金鼎-高雄,2023-12-11,9183
00679B,元大美債20年,24,1,23,群益金鼎-高雄,2023-12-11,9183
4306,炎洲,22,0,22,群益金鼎-高雄,2023-12-11,9183
8908,欣雄,20,0,20,群益金鼎-高雄,2023-12-11,9183
2388,威盛,29,10,19,群益金鼎-高雄,2023-12-11,9183
00715L,期街口布蘭特正2,20,1,19,群益金鼎-高雄,2023-12-11,9183
2323,中環,20,1,19,群益金鼎-高雄,2023-12-11,9183
2392,正崴,26,7,19,群益金鼎-高雄,2023-12-11,9183
2425,承啟,18,1,17,群益金鼎-高雄,2023-12-11,9183
2337,旺宏,16,0,16,群益金鼎-高雄,2023-12-11,9183
2891,中信金,16,1,15,群益金鼎-高雄,2023-12-11,9183
6593,台灣銘板,57,42,15,群益金鼎-高雄,2023-12-11,9183
2492,華新科,18,4,14,群益金鼎-高雄,2023-12-11,9183
2485,兆赫,13,0,13,群益金鼎-高雄,2023-12-11,9183
2610,華航,23,10,13,群益金鼎-高雄,2023-12-11,9183
3706,神達,15,2,13,群益金鼎-高雄,2023-12-11,9183
8112A,至上甲特,13,0,13,群益金鼎-高雄,2023-12-11,9183
2450,神腦,11,0,11,群益金鼎-高雄,2023-12-11,9183
3628,盈正,11,0,11,群益金鼎-高雄,2023-12-11,9183
2327,國巨,20,9,11,群益金鼎-高雄,2023-12-11,9183
6245,立端,10,0,10,群益金鼎-高雄,2023-12-11,9183
00712,復華富時不動產,10,0,10,群益金鼎-高雄,2023-12-11,9183
2607,榮運,10,0,10,群益金鼎-高雄,2023-12-11,9183
2867,三商壽,10,0,10,群益金鼎-高雄,2023-12-11,9183
2886,兆豐金,10,0,10,群益金鼎-高雄,2023-12-11,9183
5324,士開,10,0,10,群益金鼎-高雄,2023-12-11,9183
00878,國泰永續高股息,9,0,9,群益金鼎-高雄,2023-12-11,9183
2409,友達,11,2,9,群益金鼎-高雄,2023-12-11,9183
4942,嘉彰,10,1,9,群益金鼎-高雄,2023-12-11,9183
2617,台航,9,1,8,群益金鼎-高雄,2023-12-11,9183
3078,僑威,16,8,8,群益金鼎-高雄,2023-12-11,9183
3532,台勝科,8,0,8,群益金鼎-高雄,2023-12-11,9183
6684,安格,25,17,8,群益金鼎-高雄,2023-12-11,9183
3041,揚智,11,4,7,群益金鼎-高雄,2023-12-11,9183
6142,友勁,7,0,7,群益金鼎-高雄,2023-12-11,9183
1618,合機,30,23,7,群益金鼎-高雄,2023-12-11,9183
00687B,國泰20年美債,94,0,94,群益金鼎-高雄,2023-12-12,9183
2524,京城,90,0,90,群益金鼎-高雄,2023-12-12,9183
0056,元大高股息,62,2,60,群益金鼎-高雄,2023-12-12,9183
8011,台通,53,3,50,群益金鼎-高雄,2023-12-12,9183
8938,明安,46,0,46,群益金鼎-高雄,2023-12-12,9183
2324,仁寶,40,2,38,群益金鼎-高雄,2023-12-12,9183
2363,矽統,76,43,33,群益金鼎-高雄,2023-12-12,9183
3712,永崴投控,49,16,33,群益金鼎-高雄,2023-12-12,9183
2392,正崴,43,11,32,群益金鼎-高雄,2023-12-12,9183
00688L,國泰20年美債正2,30,0,30,群益金鼎-高雄,2023-12-12,9183
00937B,群益ESG投等債20,47,19,28,群益金鼎-高雄,2023-12-12,9183
8034,榮群,42,14,28,群益金鼎-高雄,2023-12-12,9183
3288,點晶,24,0,24,群益金鼎-高雄,2023-12-12,9183
3231,緯創,37,14,23,群益金鼎-高雄,2023-12-12,9183
2618,長榮航,32,9,23,群益金鼎-高雄,2023-12-12,9183
3481,群創,31,9,22,群益金鼎-高雄,2023-12-12,9183
6188,廣明,22,1,21,群益金鼎-高雄,2023-12-12,9183
2889,國票金,20,0,20,群益金鼎-高雄,2023-12-12,9183
3006,晶豪科,20,0,20,群益金鼎-高雄,2023-12-12,9183
2312,金寶,30,11,19,群益金鼎-高雄,2023-12-12,9183
2485,兆赫,20,2,18,群益金鼎-高雄,2023-12-12,9183
6282,康舒,17,0,17,群益金鼎-高雄,2023-12-12,9183
2883,凱基金,18,2,16,群益金鼎-高雄,2023-12-12,9183
00919,群益台灣精選高息,95,79,16,群益金鼎-高雄,2023-12-12,9183
00712,復華富時不動產,15,0,15,群益金鼎-高雄,2023-12-12,9183
1618,合機,25,10,15,群益金鼎-高雄,2023-12-12,9183
4973,廣穎,15,0,15,群益金鼎-高雄,2023-12-12,9183
2888,新光金,14,0,14,群益金鼎-高雄,2023-12-12,9183
3264,欣銓,14,1,13,群益金鼎-高雄,2023-12-12,9183
3284,太普高,13,0,13,群益金鼎-高雄,2023-12-12,9183
2313,華通,48,36,12,群益金鼎-高雄,2023-12-12,9183
2344,華邦電,13,1,12,群益金鼎-高雄,2023-12-12,9183
5285,界霖,12,0,12,群益金鼎-高雄,2023-12-12,9183
00715L,期街口布蘭特正2,14,3,11,群益金鼎-高雄,2023-12-12,9183
1608,華榮,27,16,11,群益金鼎-高雄,2023-12-12,9183
5512,力麒,11,0,11,群益金鼎-高雄,2023-12-12,9183
2332,友訊,10,0,10,群益金鼎-高雄,2023-12-12,9183
2427,三商電,17,7,10,群益金鼎-高雄,2023-12-12,9183
00631L,元大台灣50正2,10,0,10,群益金鼎-高雄,2023-12-12,9183
2516,新建,10,0,10,群益金鼎-高雄,2023-12-12,9183
2601,益航,10,0,10,群益金鼎-高雄,2023-12-12,9183
5607,遠雄港,10,0,10,群益金鼎-高雄,2023-12-12,9183
5905,南仁湖,10,0,10,群益金鼎-高雄,2023-12-12,9183
9105,泰金寶-DR,10,0,10,群益金鼎-高雄,2023-12-12,9183
2520,冠德,10,0,10,群益金鼎-高雄,2023-12-12,9183
2329,華泰,21,12,9,群益金鼎-高雄,2023-12-12,9183
2352,佳世達,10,1,9,群益金鼎-高雄,2023-12-12,9183
4426,利勤,9,0,9,群益金鼎-高雄,2023-12-12,9183
4442,竣邦-KY,9,0,9,群益金鼎-高雄,2023-12-12,9183
8070,長華*,9,0,9,群益金鼎-高雄,2023-12-12,9183
9105,泰金寶-DR,519,100,419,群益金鼎-高雄,2023-12-13,9183
00680L,元大美債20正2,103,0,103,群益金鼎-高雄,2023-12-13,9183
00715L,期街口布蘭特正2,67,10,57,群益金鼎-高雄,2023-12-13,9183
2002,中鋼,56,2,54,群益金鼎-高雄,2023-12-13,9183
00687B,國泰20年美債,49,2,47,群益金鼎-高雄,2023-12-13,9183
00935,野村臺灣新科技50,44,0,44,群益金鼎-高雄,2023-12-13,9183
2371,大同,61,18,43,群益金鼎-高雄,2023-12-13,9183
9907,統一實,41,0,41,群益金鼎-高雄,2023-12-13,9183
1444,力麗,40,1,39,群益金鼎-高雄,2023-12-13,9183
2641,正德,42,10,32,群益金鼎-高雄,2023-12-13,9183
2332,友訊,30,1,29,群益金鼎-高雄,2023-12-13,9183
6742,澤米,27,0,27,群益金鼎-高雄,2023-12-13,9183
2618,長榮航,27,2,25,群益金鼎-高雄,2023-12-13,9183
00632R,元大台灣50反1,25,2,23,群益金鼎-高雄,2023-12-13,9183
00878,國泰永續高股息,41,18,23,群益金鼎-高雄,2023-12-13,9183
3483,力致,22,0,22,群益金鼎-高雄,2023-12-13,9183
00882,中信中國高股息,21,0,21,群益金鼎-高雄,2023-12-13,9183
2515,中工,31,10,21,群益金鼎-高雄,2023-12-13,9183
3607,谷崧,20,0,20,群益金鼎-高雄,2023-12-13,9183
6187,萬潤,23,5,18,群益金鼎-高雄,2023-12-13,9183
2495,普安,21,4,17,群益金鼎-高雄,2023-12-13,9183
00637L,元大滬深300正2,27,11,16,群益金鼎-高雄,2023-12-13,9183
1218,泰山,16,0,16,群益金鼎-高雄,2023-12-13,9183
4162,智擎,13,0,13,群益金鼎-高雄,2023-12-13,9183
00918,大華優利高填息30,12,0,12,群益金鼎-高雄,2023-12-13,9183
2359,所羅門,13,1,12,群益金鼎-高雄,2023-12-13,9183
2609,陽明,17,5,12,群益金鼎-高雄,2023-12-13,9183
2419,仲琦,30,19,11,群益金鼎-高雄,2023-12-13,9183
3715,定穎投控,19,8,11,群益金鼎-高雄,2023-12-13,9183
4164,承業醫,11,0,11,群益金鼎-高雄,2023-12-13,9183
6245,立端,11,0,11,群益金鼎-高雄,2023-12-13,9183
1605,華新,11,1,10,群益金鼎-高雄,2023-12-13,9183
1216,統一,10,0,10,群益金鼎-高雄,2023-12-13,9183
00934,中信成長高股息,10,0,10,群益金鼎-高雄,2023-12-13,9183
1909,榮成,10,0,10,群益金鼎-高雄,2023-12-13,9183
2388,威盛,13,3,10,群益金鼎-高雄,2023-12-13,9183
3390,旭軟,11,1,10,群益金鼎-高雄,2023-12-13,9183
4755,三福化,10,0,10,群益金鼎-高雄,2023-12-13,9183
5512,力麒,15,5,10,群益金鼎-高雄,2023-12-13,9183
6282,康舒,15,5,10,群益金鼎-高雄,2023-12-13,9183
3706,神達,67,57,10,群益金鼎-高雄,2023-12-13,9183
2392,正崴,16,6,10,群益金鼎-高雄,2023-12-13,9183
3035,智原,29,19,10,群益金鼎-高雄,2023-12-13,9183
3019,亞光,14,5,9,群益金鼎-高雄,2023-12-13,9183
2886,兆豐金,23,14,9,群益金鼎-高雄,2023-12-13,9183
2324,仁寶,36,27,9,群益金鼎-高雄,2023-12-13,9183
2337,旺宏,24,15,9,群益金鼎-高雄,2023-12-13,9183
2344,華邦電,11,2,9,群益金鼎-高雄,2023-12-13,9183
3017,奇鋐,9,0,9,群益金鼎-高雄,2023-12-13,9183
00933B,國泰10Y+金融債,8,0,8,群益金鼎-高雄,2023-12-13,9183
9105,泰金寶-DR,309,1,308,群益金鼎-高雄,2023-12-14,9183
00688L,國泰20年美債正2,110,1,109,群益金鼎-高雄,2023-12-14,9183
2002,中鋼,128,30,98,群益金鼎-高雄,2023-12-14,9183
00919,群益台灣精選高息,106,20,86,群益金鼎-高雄,2023-12-14,9183
2615,萬海,57,0,57,群益金鼎-高雄,2023-12-14,9183
6005,群益證,60,4,56,群益金鼎-高雄,2023-12-14,9183
00753L,中信中國50正2,50,0,50,群益金鼎-高雄,2023-12-14,9183
2603,長榮,53,3,50,群益金鼎-高雄,2023-12-14,9183
3059,華晶科,60,11,49,群益金鼎-高雄,2023-12-14,9183
00933B,國泰10Y+金融債,43,0,43,群益金鼎-高雄,2023-12-14,9183
6742,澤米,40,0,40,群益金鼎-高雄,2023-12-14,9183
2462,良得電,39,0,39,群益金鼎-高雄,2023-12-14,9183
2609,陽明,41,3,38,群益金鼎-高雄,2023-12-14,9183
6593,台灣銘板,55,24,31,群益金鼎-高雄,2023-12-14,9183
4720,德淵,38,9,29,群益金鼎-高雄,2023-12-14,9183
1524,耿鼎,37,10,27,群益金鼎-高雄,2023-12-14,9183
2344,華邦電,52,25,27,群益金鼎-高雄,2023-12-14,9183
6188,廣明,28,2,26,群益金鼎-高雄,2023-12-14,9183
6209,今國光,34,10,24,群益金鼎-高雄,2023-12-14,9183
00751B,元大AAA至A公司債,24,1,23,群益金鼎-高雄,2023-12-14,9183
2367,燿華,26,4,22,群益金鼎-高雄,2023-12-14,9183
2313,華通,121,99,22,群益金鼎-高雄,2023-12-14,9183
00918,大華優利高填息30,30,10,20,群益金鼎-高雄,2023-12-14,9183
3481,群創,32,12,20,群益金鼎-高雄,2023-12-14,9183
3231,緯創,45,26,19,群益金鼎-高雄,2023-12-14,9183
00680L,元大美債20正2,20,1,19,群益金鼎-高雄,2023-12-14,9183
2611,志信,18,0,18,群益金鼎-高雄,2023-12-14,9183
3437,榮創,18,0,18,群益金鼎-高雄,2023-12-14,9183
4533,協易機,17,0,17,群益金鼎-高雄,2023-12-14,9183
2329,華泰,67,51,16,群益金鼎-高雄,2023-12-14,9183
00885,富邦越南,31,15,16,群益金鼎-高雄,2023-12-14,9183
6147,頎邦,29,14,15,群益金鼎-高雄,2023-12-14,9183
2618,長榮航,24,9,15,群益金鼎-高雄,2023-12-14,9183
00706L,期元大S＆P日圓正2,15,0,15,群益金鼎-高雄,2023-12-14,9183
3362,先進光,22,8,14,群益金鼎-高雄,2023-12-14,9183
00878,國泰永續高股息,50,36,14,群益金鼎-高雄,2023-12-14,9183
00637L,元大滬深300正2,13,0,13,群益金鼎-高雄,2023-12-14,9183
6233,旺玖,15,2,13,群益金鼎-高雄,2023-12-14,9183
2371,大同,32,19,13,群益金鼎-高雄,2023-12-14,9183
2641,正德,24,12,12,群益金鼎-高雄,2023-12-14,9183
2605,新興,22,10,12,群益金鼎-高雄,2023-12-14,9183
5426,振發,26,14,12,群益金鼎-高雄,2023-12-14,9183
2356,英業達,18,6,12,群益金鼎-高雄,2023-12-14,9183
1609,大亞,16,5,11,群益金鼎-高雄,2023-12-14,9183
6127,九豪,13,2,11,群益金鼎-高雄,2023-12-14,9183
3035,智原,52,42,10,群益金鼎-高雄,2023-12-14,9183
1316,上曜,10,0,10,群益金鼎-高雄,2023-12-14,9183
2017,官田鋼,10,0,10,群益金鼎-高雄,2023-12-14,9183
2610,華航,18,8,10,群益金鼎-高雄,2023-12-14,9183
4934,太極,10,0,10,群益金鼎-高雄,2023-12-14,9183
2356,英業達,452,147,305,群益金鼎-高雄,2023-12-15,9183
00929,復華台灣科技優息,158,38,120,群益金鼎-高雄,2023-12-15,9183
2363,矽統,227,137,90,群益金鼎-高雄,2023-12-15,9183
2374,佳能,91,11,80,群益金鼎-高雄,2023-12-15,9183
00680L,元大美債20正2,114,46,68,群益金鼎-高雄,2023-12-15,9183
9105,泰金寶-DR,55,0,55,群益金鼎-高雄,2023-12-15,9183
6233,旺玖,73,19,54,群益金鼎-高雄,2023-12-15,9183
1616,億泰,47,0,47,群益金鼎-高雄,2023-12-15,9183
2312,金寶,65,20,45,群益金鼎-高雄,2023-12-15,9183
00712,復華富時不動產,49,6,43,群益金鼎-高雄,2023-12-15,9183
4720,德淵,34,0,34,群益金鼎-高雄,2023-12-15,9183
00919,群益台灣精選高息,90,58,32,群益金鼎-高雄,2023-12-15,9183
00688L,國泰20年美債正2,31,0,31,群益金鼎-高雄,2023-12-15,9183
8027,鈦昇,31,1,30,群益金鼎-高雄,2023-12-15,9183
2633,台灣高鐵,29,0,29,群益金鼎-高雄,2023-12-15,9183
8039,台虹,29,0,29,群益金鼎-高雄,2023-12-15,9183
3483,力致,30,1,29,群益金鼎-高雄,2023-12-15,9183
1316,上曜,28,0,28,群益金鼎-高雄,2023-12-15,9183
2605,新興,41,14,27,群益金鼎-高雄,2023-12-15,9183
2883,凱基金,31,7,24,群益金鼎-高雄,2023-12-15,9183
8021,尖點,23,0,23,群益金鼎-高雄,2023-12-15,9183
1210,大成,20,0,20,群益金鼎-高雄,2023-12-15,9183
2409,友達,22,3,19,群益金鼎-高雄,2023-12-15,9183
2449,京元電子,21,4,17,群益金鼎-高雄,2023-12-15,9183
2382,廣達,23,6,17,群益金鼎-高雄,2023-12-15,9183
3231,緯創,22,5,17,群益金鼎-高雄,2023-12-15,9183
00679B,元大美債20年,38,21,17,群益金鼎-高雄,2023-12-15,9183
2388,威盛,31,15,16,群益金鼎-高雄,2023-12-15,9183
00935,野村臺灣新科技50,16,0,16,群益金鼎-高雄,2023-12-15,9183
2233,宇隆,15,0,15,群益金鼎-高雄,2023-12-15,9183
8299,群聯,15,0,15,群益金鼎-高雄,2023-12-15,9183
2425,承啟,19,5,14,群益金鼎-高雄,2023-12-15,9183
00633L,富邦上証正2,15,1,14,群益金鼎-高雄,2023-12-15,9183
2324,仁寶,15,1,14,群益金鼎-高雄,2023-12-15,9183
2371,大同,28,14,14,群益金鼎-高雄,2023-12-15,9183
2882,國泰金,20,7,13,群益金鼎-高雄,2023-12-15,9183
9136,巨騰-DR,16,3,13,群益金鼎-高雄,2023-12-15,9183
2313,華通,38,25,13,群益金鼎-高雄,2023-12-15,9183
4164,承業醫,12,0,12,群益金鼎-高雄,2023-12-15,9183
6188,廣明,12,0,12,群益金鼎-高雄,2023-12-15,9183
8201,無敵,12,0,12,群益金鼎-高雄,2023-12-15,9183
3035,智原,20,9,11,群益金鼎-高雄,2023-12-15,9183
00934,中信成長高股息,11,0,11,群益金鼎-高雄,2023-12-15,9183
2301,光寶科,11,0,11,群益金鼎-高雄,2023-12-15,9183
2368,金像電,13,2,11,群益金鼎-高雄,2023-12-15,9183
2615,萬海,18,7,11,群益金鼎-高雄,2023-12-15,9183
4188,安克,11,0,11,群益金鼎-高雄,2023-12-15,9183
4915,致伸,13,2,11,群益金鼎-高雄,2023-12-15,9183
00706L,期元大S＆P日圓正2,10,0,10,群益金鼎-高雄,2023-12-15,9183
2836,高雄銀,10,0,10,群益金鼎-高雄,2023-12-15,9183
00688L,國泰20年美債正2,291,25,266,群益金鼎-高雄,2023-12-18,9183
00929,復華台灣科技優息,244,65,179,群益金鼎-高雄,2023-12-18,9183
2609,陽明,233,58,175,群益金鼎-高雄,2023-12-18,9183
9105,泰金寶-DR,232,120,112,群益金鼎-高雄,2023-12-18,9183
2618,長榮航,123,17,106,群益金鼎-高雄,2023-12-18,9183
2462,良得電,65,0,65,群益金鼎-高雄,2023-12-18,9183
6290,良維,52,0,52,群益金鼎-高雄,2023-12-18,9183
8092,建暐,60,8,52,群益金鼎-高雄,2023-12-18,9183
00753L,中信中國50正2,50,0,50,群益金鼎-高雄,2023-12-18,9183
6168,宏齊,45,0,45,群益金鼎-高雄,2023-12-18,9183
8039,台虹,45,0,45,群益金鼎-高雄,2023-12-18,9183
00922,國泰台灣領袖50,30,0,30,群益金鼎-高雄,2023-12-18,9183
2633,台灣高鐵,30,0,30,群益金鼎-高雄,2023-12-18,9183
00934,中信成長高股息,30,0,30,群益金鼎-高雄,2023-12-18,9183
00919,群益台灣精選高息,61,34,27,群益金鼎-高雄,2023-12-18,9183
2442,新美齊,28,3,25,群益金鼎-高雄,2023-12-18,9183
2449,京元電子,33,8,25,群益金鼎-高雄,2023-12-18,9183
8996,高力,30,6,24,群益金鼎-高雄,2023-12-18,9183
2615,萬海,43,19,24,群益金鼎-高雄,2023-12-18,9183
2363,矽統,72,50,22,群益金鼎-高雄,2023-12-18,9183
8477,創業家,22,0,22,群益金鼎-高雄,2023-12-18,9183
2610,華航,26,5,21,群益金鼎-高雄,2023-12-18,9183
00632R,元大台灣50反1,22,2,20,群益金鼎-高雄,2023-12-18,9183
3558,神準,20,0,20,群益金鼎-高雄,2023-12-18,9183
9136,巨騰-DR,20,0,20,群益金鼎-高雄,2023-12-18,9183
2409,友達,20,1,19,群益金鼎-高雄,2023-12-18,9183
5521,工信,19,0,19,群益金鼎-高雄,2023-12-18,9183
6411,晶焱,16,0,16,群益金鼎-高雄,2023-12-18,9183
8358,金居,16,0,16,群益金鼎-高雄,2023-12-18,9183
2340,台亞,15,0,15,群益金鼎-高雄,2023-12-18,9183
5469,瀚宇博,19,4,15,群益金鼎-高雄,2023-12-18,9183
0056,元大高股息,20,5,15,群益金鼎-高雄,2023-12-18,9183
00720B,元大投資級公司債,15,0,15,群益金鼎-高雄,2023-12-18,9183
3346,麗清,15,1,14,群益金鼎-高雄,2023-12-18,9183
4973,廣穎,12,0,12,群益金鼎-高雄,2023-12-18,9183
6233,旺玖,16,5,11,群益金鼎-高雄,2023-12-18,9183
00885,富邦越南,21,10,11,群益金鼎-高雄,2023-12-18,9183
6456,GIS-KY,11,0,11,群益金鼎-高雄,2023-12-18,9183
2007,燁興,11,0,11,群益金鼎-高雄,2023-12-18,9183
2020,美亞,11,0,11,群益金鼎-高雄,2023-12-18,9183
3437,榮創,11,0,11,群益金鼎-高雄,2023-12-18,9183
6179,亞通,15,4,11,群益金鼎-高雄,2023-12-18,9183
4167,松瑞藥,18,7,11,群益金鼎-高雄,2023-12-18,9183
00904,新光臺灣半導體30,10,0,10,群益金鼎-高雄,2023-12-18,9183
00696B,富邦美債20年,10,0,10,群益金鼎-高雄,2023-12-18,9183
1312,國喬,10,0,10,群益金鼎-高雄,2023-12-18,9183
2030,彰源,16,6,10,群益金鼎-高雄,2023-12-18,9183
2371,大同,28,18,10,群益金鼎-高雄,2023-12-18,9183
3362,先進光,20,10,10,群益金鼎-高雄,2023-12-18,9183
6531,愛普*,10,0,10,群益金鼎-高雄,2023-12-18,9183
2417,圓剛,104,4,100,群益金鼎-高雄,2023-12-19,9183
00929,復華台灣科技優息,148,78,70,群益金鼎-高雄,2023-12-19,9183
2344,華邦電,74,7,67,群益金鼎-高雄,2023-12-19,9183
00680L,元大美債20正2,64,0,64,群益金鼎-高雄,2023-12-19,9183
00919,群益台灣精選高息,57,2,55,群益金鼎-高雄,2023-12-19,9183
2618,長榮航,65,27,38,群益金鼎-高雄,2023-12-19,9183
8039,台虹,35,0,35,群益金鼎-高雄,2023-12-19,9183
00933B,國泰10Y+金融債,34,0,34,群益金鼎-高雄,2023-12-19,9183
00937B,群益ESG投等債20,47,16,31,群益金鼎-高雄,2023-12-19,9183
2303,聯電,48,20,28,群益金鼎-高雄,2023-12-19,9183
8068,全達,49,22,27,群益金鼎-高雄,2023-12-19,9183
3015,全漢,31,5,26,群益金鼎-高雄,2023-12-19,9183
5347,世界,28,3,25,群益金鼎-高雄,2023-12-19,9183
9919,康那香,35,10,25,群益金鼎-高雄,2023-12-19,9183
2324,仁寶,26,2,24,群益金鼎-高雄,2023-12-19,9183
4167,松瑞藥,24,1,23,群益金鼎-高雄,2023-12-19,9183
2882,國泰金,26,4,22,群益金鼎-高雄,2023-12-19,9183
1905,華紙,25,4,21,群益金鼎-高雄,2023-12-19,9183
00633L,富邦上証正2,20,0,20,群益金鼎-高雄,2023-12-19,9183
00900,富邦特選高股息30,70,50,20,群益金鼎-高雄,2023-12-19,9183
3558,神準,20,0,20,群益金鼎-高雄,2023-12-19,9183
3390,旭軟,20,2,18,群益金鼎-高雄,2023-12-19,9183
2892,第一金,18,0,18,群益金鼎-高雄,2023-12-19,9183
2337,旺宏,24,7,17,群益金鼎-高雄,2023-12-19,9183
6116,彩晶,16,0,16,群益金鼎-高雄,2023-12-19,9183
9105,泰金寶-DR,77,61,16,群益金鼎-高雄,2023-12-19,9183
6593,台灣銘板,19,4,15,群益金鼎-高雄,2023-12-19,9183
2610,華航,15,1,14,群益金鼎-高雄,2023-12-19,9183
00885,富邦越南,29,15,14,群益金鼎-高雄,2023-12-19,9183
00934,中信成長高股息,13,0,13,群益金鼎-高雄,2023-12-19,9183
00931B,統一美債20年,14,1,13,群益金鼎-高雄,2023-12-19,9183
3481,群創,14,1,13,群益金鼎-高雄,2023-12-19,9183
2038,海光,15,3,12,群益金鼎-高雄,2023-12-19,9183
00719B,元大美債1-3,12,0,12,群益金鼎-高雄,2023-12-19,9183
2867,三商壽,12,0,12,群益金鼎-高雄,2023-12-19,9183
3362,先進光,17,5,12,群益金鼎-高雄,2023-12-19,9183
2492,華新科,15,5,10,群益金鼎-高雄,2023-12-19,9183
00892,富邦台灣半導體,10,0,10,群益金鼎-高雄,2023-12-19,9183
00722B,群益投資級電信債,10,0,10,群益金鼎-高雄,2023-12-19,9183
1709,和益,10,0,10,群益金鼎-高雄,2023-12-19,9183
3356,奇偶,10,0,10,群益金鼎-高雄,2023-12-19,9183
4188,安克,10,0,10,群益金鼎-高雄,2023-12-19,9183
5905,南仁湖,10,0,10,群益金鼎-高雄,2023-12-19,9183
6168,宏齊,10,0,10,群益金鼎-高雄,2023-12-19,9183
9938,百和,11,1,10,群益金鼎-高雄,2023-12-19,9183
8046,南電,9,0,9,群益金鼎-高雄,2023-12-19,9183
1618,合機,10,1,9,群益金鼎-高雄,2023-12-19,9183
2374,佳能,10,1,9,群益金鼎-高雄,2023-12-19,9183
2641,正德,9,0,9,群益金鼎-高雄,2023-12-19,9183
3006,晶豪科,15,6,9,群益金鼎-高雄,2023-12-19,9183
00885,富邦越南,2590,0,2590,群益金鼎-高雄,2023-12-20,9183
2851,中再保,350,1,349,群益金鼎-高雄,2023-12-20,9183
2014,中鴻,177,12,165,群益金鼎-高雄,2023-12-20,9183
9136,巨騰-DR,143,9,134,群益金鼎-高雄,2023-12-20,9183
00680L,元大美債20正2,81,3,78,群益金鼎-高雄,2023-12-20,9183
00929,復華台灣科技優息,52,7,45,群益金鼎-高雄,2023-12-20,9183
00937B,群益ESG投等債20,39,5,34,群益金鼎-高雄,2023-12-20,9183
2344,華邦電,42,13,29,群益金鼎-高雄,2023-12-20,9183
8068,全達,41,13,28,群益金鼎-高雄,2023-12-20,9183
00919,群益台灣精選高息,27,0,27,群益金鼎-高雄,2023-12-20,9183
2442,新美齊,28,1,27,群益金鼎-高雄,2023-12-20,9183
5521,工信,34,8,26,群益金鼎-高雄,2023-12-20,9183
2314,台揚,25,0,25,群益金鼎-高雄,2023-12-20,9183
2886,兆豐金,38,16,22,群益金鼎-高雄,2023-12-20,9183
2891,中信金,33,12,21,群益金鼎-高雄,2023-12-20,9183
2038,海光,55,35,20,群益金鼎-高雄,2023-12-20,9183
2888,新光金,30,10,20,群益金鼎-高雄,2023-12-20,9183
8938,明安,20,0,20,群益金鼎-高雄,2023-12-20,9183
3362,先進光,30,10,20,群益金鼎-高雄,2023-12-20,9183
8086,宏捷科,19,0,19,群益金鼎-高雄,2023-12-20,9183
2367,燿華,21,4,17,群益金鼎-高雄,2023-12-20,9183
1528,恩德,36,20,16,群益金鼎-高雄,2023-12-20,9183
1618,合機,19,4,15,群益金鼎-高雄,2023-12-20,9183
00772B,中信高評級公司債,15,0,15,群益金鼎-高雄,2023-12-20,9183
00882,中信中國高股息,15,0,15,群益金鼎-高雄,2023-12-20,9183
2332,友訊,15,0,15,群益金鼎-高雄,2023-12-20,9183
8935,邦泰,14,0,14,群益金鼎-高雄,2023-12-20,9183
1907,永豐餘,12,0,12,群益金鼎-高雄,2023-12-20,9183
2892,第一金,12,0,12,群益金鼎-高雄,2023-12-20,9183
2881,富邦金,10,0,10,群益金鼎-高雄,2023-12-20,9183
00930,永豐ESG低碳高息,10,0,10,群益金鼎-高雄,2023-12-20,9183
1609,大亞,10,0,10,群益金鼎-高雄,2023-12-20,9183
2836,高雄銀,20,10,10,群益金鼎-高雄,2023-12-20,9183
2883,凱基金,10,0,10,群益金鼎-高雄,2023-12-20,9183
6168,宏齊,11,1,10,群益金鼎-高雄,2023-12-20,9183
5347,世界,21,12,9,群益金鼎-高雄,2023-12-20,9183
2884,玉山金,9,0,9,群益金鼎-高雄,2023-12-20,9183
00892,富邦台灣半導體,8,0,8,群益金鼎-高雄,2023-12-20,9183
1314,中石化,7,0,7,群益金鼎-高雄,2023-12-20,9183
2882,國泰金,7,0,7,群益金鼎-高雄,2023-12-20,9183
5880,合庫金,8,2,6,群益金鼎-高雄,2023-12-20,9183
00934,中信成長高股息,6,0,6,群益金鼎-高雄,2023-12-20,9183
00657,國泰日經225,6,0,6,群益金鼎-高雄,2023-12-20,9183
2201,裕隆,6,0,6,群益金鼎-高雄,2023-12-20,9183
4977,眾達-KY,6,0,6,群益金鼎-高雄,2023-12-20,9183
6916,華凌,6,0,6,群益金鼎-高雄,2023-12-20,9183
2002,中鋼,19,13,6,群益金鼎-高雄,2023-12-20,9183
2492,華新科,5,0,5,群益金鼎-高雄,2023-12-20,9183
2028,威致,8,3,5,群益金鼎-高雄,2023-12-20,9183
2230,泰茂,14,9,5,群益金鼎-高雄,2023-12-20,9183
00929,復華台灣科技優息,105,21,84,群益金鼎-高雄,2023-12-21,9183
00753L,中信中國50正2,70,0,70,群益金鼎-高雄,2023-12-21,9183
00688L,國泰20年美債正2,50,0,50,群益金鼎-高雄,2023-12-21,9183
00937B,群益ESG投等債20,48,0,48,群益金鼎-高雄,2023-12-21,9183
00632R,元大台灣50反1,50,4,46,群益金鼎-高雄,2023-12-21,9183
2883,凱基金,46,0,46,群益金鼎-高雄,2023-12-21,9183
3045,台灣大,40,0,40,群益金鼎-高雄,2023-12-21,9183
2363,矽統,43,8,35,群益金鼎-高雄,2023-12-21,9183
2108,南帝,35,0,35,群益金鼎-高雄,2023-12-21,9183
8070,長華*,54,20,34,群益金鼎-高雄,2023-12-21,9183
2851,中再保,32,0,32,群益金鼎-高雄,2023-12-21,9183
00751B,元大AAA至A公司債,30,1,29,群益金鼎-高雄,2023-12-21,9183
2324,仁寶,79,54,25,群益金鼎-高雄,2023-12-21,9183
8027,鈦昇,21,0,21,群益金鼎-高雄,2023-12-21,9183
2356,英業達,104,84,20,群益金鼎-高雄,2023-12-21,9183
2022,聚亨,20,0,20,群益金鼎-高雄,2023-12-21,9183
3047,訊舟,23,4,19,群益金鼎-高雄,2023-12-21,9183
6207,雷科,21,2,19,群益金鼎-高雄,2023-12-21,9183
8054,安國,41,22,19,群益金鼎-高雄,2023-12-21,9183
1514,亞力,18,0,18,群益金鼎-高雄,2023-12-21,9183
2303,聯電,19,2,17,群益金鼎-高雄,2023-12-21,9183
2331,精英,43,27,16,群益金鼎-高雄,2023-12-21,9183
5608,四維航,18,2,16,群益金鼎-高雄,2023-12-21,9183
00900,富邦特選高股息30,15,0,15,群益金鼎-高雄,2023-12-21,9183
00892,富邦台灣半導體,15,0,15,群益金鼎-高雄,2023-12-21,9183
00935,野村臺灣新科技50,15,0,15,群益金鼎-高雄,2023-12-21,9183
2801,彰銀,14,0,14,群益金鼎-高雄,2023-12-21,9183
2611,志信,12,0,12,群益金鼎-高雄,2023-12-21,9183
2727,王品,12,0,12,群益金鼎-高雄,2023-12-21,9183
8112,至上,15,3,12,群益金鼎-高雄,2023-12-21,9183
2353,宏��,39,28,11,群益金鼎-高雄,2023-12-21,9183
3706,神達,29,18,11,群益金鼎-高雄,2023-12-21,9183
00922,國泰台灣領袖50,10,0,10,群益金鼎-高雄,2023-12-21,9183
00712,復華富時不動產,15,5,10,群益金鼎-高雄,2023-12-21,9183
00905,FT臺灣Smart,10,0,10,群益金鼎-高雄,2023-12-21,9183
00885,富邦越南,10,0,10,群益金鼎-高雄,2023-12-21,9183
2002,中鋼,17,7,10,群益金鼎-高雄,2023-12-21,9183
2836,高雄銀,10,0,10,群益金鼎-高雄,2023-12-21,9183
3011,今皓,10,0,10,群益金鼎-高雄,2023-12-21,9183
3704,合勤控,10,0,10,群益金鼎-高雄,2023-12-21,9183
6243,迅杰,10,0,10,群益金鼎-高雄,2023-12-21,9183
00772B,中信高評級公司債,13,4,9,群益金鼎-高雄,2023-12-21,9183
2206,三陽工業,9,0,9,群益金鼎-高雄,2023-12-21,9183
4919,新唐,10,1,9,群益金鼎-高雄,2023-12-21,9183
6156,松上,9,0,9,群益金鼎-高雄,2023-12-21,9183
1303,南亞,8,0,8,群益金鼎-高雄,2023-12-21,9183
2371,大同,14,6,8,群益金鼎-高雄,2023-12-21,9183
3014,聯陽,8,0,8,群益金鼎-高雄,2023-12-21,9183
3362,先進光,10,2,8,群益金鼎-高雄,2023-12-21,9183
4131,浩泰,8,0,8,群益金鼎-高雄,2023-12-21,9183
6548,長科*,236,0,236,群益金鼎-高雄,2023-12-22,9183
2851,中再保,204,1,203,群益金鼎-高雄,2023-12-22,9183
9105,泰金寶-DR,65,10,55,群益金鼎-高雄,2023-12-22,9183
00680L,元大美債20正2,52,1,51,群益金鼎-高雄,2023-12-22,9183
00753L,中信中國50正2,42,0,42,群益金鼎-高雄,2023-12-22,9183
00937B,群益ESG投等債20,40,5,35,群益金鼎-高雄,2023-12-22,9183
1314,中石化,29,0,29,群益金鼎-高雄,2023-12-22,9183
4712,福格創新,27,0,27,群益金鼎-高雄,2023-12-22,9183
4720,德淵,31,4,27,群益金鼎-高雄,2023-12-22,9183
2344,華邦電,45,18,27,群益金鼎-高雄,2023-12-22,9183
00751B,元大AAA至A公司債,31,5,26,群益金鼎-高雄,2023-12-22,9183
00687B,國泰20年美債,27,2,25,群益金鼎-高雄,2023-12-22,9183
3694,海華,26,3,23,群益金鼎-高雄,2023-12-22,9183
2355,敬鵬,27,6,21,群益金鼎-高雄,2023-12-22,9183
2022,聚亨,20,0,20,群益金鼎-高雄,2023-12-22,9183
2371,大同,21,2,19,群益金鼎-高雄,2023-12-22,9183
6443,元晶,24,6,18,群益金鼎-高雄,2023-12-22,9183
00679B,元大美債20年,17,0,17,群益金鼎-高雄,2023-12-22,9183
2324,仁寶,22,5,17,群益金鼎-高雄,2023-12-22,9183
3013,晟銘電,28,11,17,群益金鼎-高雄,2023-12-22,9183
6593,台灣銘板,17,0,17,群益金鼎-高雄,2023-12-22,9183
5328,華容,16,0,16,群益金鼎-高雄,2023-12-22,9183
2427,三商電,15,0,15,群益金鼎-高雄,2023-12-22,9183
2492,華新科,17,2,15,群益金鼎-高雄,2023-12-22,9183
4973,廣穎,15,1,14,群益金鼎-高雄,2023-12-22,9183
6243,迅杰,18,5,13,群益金鼎-高雄,2023-12-22,9183
2913,農林,18,5,13,群益金鼎-高雄,2023-12-22,9183
6645,金萬林-創,12,0,12,群益金鼎-高雄,2023-12-22,9183
00919,群益台灣精選高息,18,7,11,群益金鼎-高雄,2023-12-22,9183
2641,正德,15,4,11,群益金鼎-高雄,2023-12-22,9183
6222,上揚,11,0,11,群益金鼎-高雄,2023-12-22,9183
8936,國統,11,0,11,群益金鼎-高雄,2023-12-22,9183
2027,大成鋼,11,0,11,群益金鼎-高雄,2023-12-22,9183
2506,太設,12,1,11,群益金鼎-高雄,2023-12-22,9183
8110,華東,11,1,10,群益金鼎-高雄,2023-12-22,9183
2313,華通,31,21,10,群益金鼎-高雄,2023-12-22,9183
00652,富邦印度,10,0,10,群益金鼎-高雄,2023-12-22,9183
1218,泰山,10,0,10,群益金鼎-高雄,2023-12-22,9183
2108,南帝,10,0,10,群益金鼎-高雄,2023-12-22,9183
2208,台船,10,0,10,群益金鼎-高雄,2023-12-22,9183
3372,典範,10,0,10,群益金鼎-高雄,2023-12-22,9183
4154,樂威科-KY,10,0,10,群益金鼎-高雄,2023-12-22,9183
2883,凱基金,11,1,10,群益金鼎-高雄,2023-12-22,9183
2338,光罩,9,0,9,群益金鼎-高雄,2023-12-22,9183
2340,台亞,10,1,9,群益金鼎-高雄,2023-12-22,9183
2611,志信,12,3,9,群益金鼎-高雄,2023-12-22,9183
6693,廣閎科,9,0,9,群益金鼎-高雄,2023-12-22,9183
2465,麗臺,10,1,9,群益金鼎-高雄,2023-12-22,9183
00929,復華台灣科技優息,9,0,9,群益金鼎-高雄,2023-12-22,9183
1618,合機,9,1,8,群益金鼎-高雄,2023-12-22,9183
8088,品安,183,41,142,群益金鼎-高雄,2023-12-25,9183
2609,陽明,227,92,135,群益金鼎-高雄,2023-12-25,9183
00919,群益台灣精選高息,100,0,100,群益金鼎-高雄,2023-12-25,9183
2324,仁寶,137,58,79,群益金鼎-高雄,2023-12-25,9183
2208,台船,55,0,55,群益金鼎-高雄,2023-12-25,9183
2506,太設,55,4,51,群益金鼎-高雄,2023-12-25,9183
00937B,群益ESG投等債20,50,1,49,群益金鼎-高雄,2023-12-25,9183
5516,雙喜,44,0,44,群益金鼎-高雄,2023-12-25,9183
6548,長科*,47,5,42,群益金鼎-高雄,2023-12-25,9183
1464,得力,41,1,40,群益金鼎-高雄,2023-12-25,9183
5521,工信,36,2,34,群益金鼎-高雄,2023-12-25,9183
2611,志信,32,1,31,群益金鼎-高雄,2023-12-25,9183
00720B,元大投資級公司債,29,0,29,群益金鼎-高雄,2023-12-25,9183
2615,萬海,40,12,28,群益金鼎-高雄,2023-12-25,9183
00680L,元大美債20正2,27,0,27,群益金鼎-高雄,2023-12-25,9183
8034,榮群,27,0,27,群益金鼎-高雄,2023-12-25,9183
3483,力致,20,0,20,群益金鼎-高雄,2023-12-25,9183
2382,廣達,21,2,19,群益金鼎-高雄,2023-12-25,9183
6120,達運,16,0,16,群益金鼎-高雄,2023-12-25,9183
5469,瀚宇博,15,0,15,群益金鼎-高雄,2023-12-25,9183
6257,矽格,15,0,15,群益金鼎-高雄,2023-12-25,9183
2344,華邦電,16,2,14,群益金鼎-高雄,2023-12-25,9183
00930,永豐ESG低碳高息,12,0,12,群益金鼎-高雄,2023-12-25,9183
2030,彰源,12,0,12,群益金鼎-高雄,2023-12-25,9183
2313,華通,33,21,12,群益金鼎-高雄,2023-12-25,9183
2913,農林,12,0,12,群益金鼎-高雄,2023-12-25,9183
3346,麗清,18,6,12,群益金鼎-高雄,2023-12-25,9183
00751B,元大AAA至A公司債,11,0,11,群益金鼎-高雄,2023-12-25,9183
00712,復華富時不動產,11,0,11,群益金鼎-高雄,2023-12-25,9183
2022,聚亨,53,42,11,群益金鼎-高雄,2023-12-25,9183
6223,旺矽,11,0,11,群益金鼎-高雄,2023-12-25,9183
00931B,統一美債20年,10,0,10,群益金鼎-高雄,2023-12-25,9183
00706L,期元大S＆P日圓正2,10,0,10,群益金鼎-高雄,2023-12-25,9183
1618,合機,10,0,10,群益金鼎-高雄,2023-12-25,9183
2010,春源,10,0,10,群益金鼎-高雄,2023-12-25,9183
2851,中再保,10,0,10,群益金鼎-高雄,2023-12-25,9183
2867,三商壽,10,0,10,群益金鼎-高雄,2023-12-25,9183
4533,協易機,10,0,10,群益金鼎-高雄,2023-12-25,9183
6168,宏齊,10,0,10,群益金鼎-高雄,2023-12-25,9183
8358,金居,10,0,10,群益金鼎-高雄,2023-12-25,9183
8916,光隆,10,0,10,群益金鼎-高雄,2023-12-25,9183
9136,巨騰-DR,10,0,10,群益金鼎-高雄,2023-12-25,9183
9934,成霖,10,0,10,群益金鼎-高雄,2023-12-25,9183
00857B,永豐20年美公債,9,0,9,群益金鼎-高雄,2023-12-25,9183
1449,佳和,10,1,9,群益金鼎-高雄,2023-12-25,9183
2606,裕民,21,12,9,群益金鼎-高雄,2023-12-25,9183
6243,迅杰,17,8,9,群益金鼎-高雄,2023-12-25,9183
8070,長華*,19,10,9,群益金鼎-高雄,2023-12-25,9183
2393,億光,8,0,8,群益金鼎-高雄,2023-12-25,9183
2323,中環,7,0,7,群益金鼎-高雄,2023-12-25,9183
9136,巨騰-DR,264,0,264,群益金鼎-高雄,2023-12-26,9183
00688L,國泰20年美債正2,105,0,105,群益金鼎-高雄,2023-12-26,9183
5009,榮剛,82,2,80,群益金鼎-高雄,2023-12-26,9183
6182,合晶,62,2,60,群益金鼎-高雄,2023-12-26,9183
2610,華航,69,16,53,群益金鼎-高雄,2023-12-26,9183
9105,泰金寶-DR,146,100,46,群益金鼎-高雄,2023-12-26,9183
2618,長榮航,45,2,43,群益金鼎-高雄,2023-12-26,9183
5516,雙喜,32,0,32,群益金鼎-高雄,2023-12-26,9183
8034,榮群,31,0,31,群益金鼎-高雄,2023-12-26,9183
00632R,元大台灣50反1,30,0,30,群益金鼎-高雄,2023-12-26,9183
2605,新興,30,0,30,群益金鼎-高雄,2023-12-26,9183
6187,萬潤,33,5,28,群益金鼎-高雄,2023-12-26,9183
3362,先進光,27,2,25,群益金鼎-高雄,2023-12-26,9183
8935,邦泰,22,0,22,群益金鼎-高雄,2023-12-26,9183
3264,欣銓,21,0,21,群益金鼎-高雄,2023-12-26,9183
1312,國喬,23,3,20,群益金鼎-高雄,2023-12-26,9183
1464,得力,17,1,16,群益金鼎-高雄,2023-12-26,9183
2476,鉅祥,16,0,16,群益金鼎-高雄,2023-12-26,9183
6593,台灣銘板,16,0,16,群益金鼎-高雄,2023-12-26,9183
9934,成霖,16,0,16,群益金鼎-高雄,2023-12-26,9183
00687B,國泰20年美債,14,0,14,群益金鼎-高雄,2023-12-26,9183
5521,工信,17,4,13,群益金鼎-高雄,2023-12-26,9183
2884,玉山金,14,1,13,群益金鼎-高雄,2023-12-26,9183
4306,炎洲,13,1,12,群益金鼎-高雄,2023-12-26,9183
00751B,元大AAA至A公司債,11,0,11,群益金鼎-高雄,2023-12-26,9183
4939,亞電,12,1,11,群益金鼎-高雄,2023-12-26,9183
00850,元大臺灣ESG永續,10,0,10,群益金鼎-高雄,2023-12-26,9183
2481,強茂,10,0,10,群益金鼎-高雄,2023-12-26,9183
4973,廣穎,10,0,10,群益金鼎-高雄,2023-12-26,9183
6264,富裔,10,0,10,群益金鼎-高雄,2023-12-26,9183
6456,GIS-KY,10,0,10,群益金鼎-高雄,2023-12-26,9183
3231,緯創,16,7,9,群益金鼎-高雄,2023-12-26,9183
4979,華星光,13,4,9,群益金鼎-高雄,2023-12-26,9183
4977,眾達-KY,7,1,6,群益金鼎-高雄,2023-12-26,9183
1519,華城,17,11,6,群益金鼎-高雄,2023-12-26,9183
2547,日勝生,10,4,6,群益金鼎-高雄,2023-12-26,9183
2607,榮運,6,0,6,群益金鼎-高雄,2023-12-26,9183
3078,僑威,6,0,6,群益金鼎-高雄,2023-12-26,9183
4930,燦星網,6,0,6,群益金鼎-高雄,2023-12-26,9183
6290,良維,6,0,6,群益金鼎-高雄,2023-12-26,9183
4960,誠美材,5,0,5,群益金鼎-高雄,2023-12-26,9183
2356,英業達,16,11,5,群益金鼎-高雄,2023-12-26,9183
2376,技嘉,5,0,5,群益金鼎-高雄,2023-12-26,9183
2492,華新科,7,2,5,群益金鼎-高雄,2023-12-26,9183
3228,金麗科,5,0,5,群益金鼎-高雄,2023-12-26,9183
2002,中鋼,6,1,5,群益金鼎-高雄,2023-12-26,9183
00922,國泰台灣領袖50,5,0,5,群益金鼎-高雄,2023-12-26,9183
2027,大成鋼,5,0,5,群益金鼎-高雄,2023-12-26,9183
2460,建通,5,0,5,群益金鼎-高雄,2023-12-26,9183
2495,普安,5,0,5,群益金鼎-高雄,2023-12-26,9183
00650L,復華香港正2,499,0,499,群益金鼎-高雄,2023-12-27,9183
00937B,群益ESG投等債20,182,23,159,群益金鼎-高雄,2023-12-27,9183
2324,仁寶,189,118,71,群益金鼎-高雄,2023-12-27,9183
2618,長榮航,73,11,62,群益金鼎-高雄,2023-12-27,9183
00919,群益台灣精選高息,81,25,56,群益金鼎-高雄,2023-12-27,9183
2610,華航,50,0,50,群益金鼎-高雄,2023-12-27,9183
00632R,元大台灣50反1,46,2,44,群益金鼎-高雄,2023-12-27,9183
00687B,國泰20年美債,42,0,42,群益金鼎-高雄,2023-12-27,9183
2836,高雄銀,30,3,27,群益金鼎-高雄,2023-12-27,9183
9105,泰金寶-DR,176,150,26,群益金鼎-高雄,2023-12-27,9183
9136,巨騰-DR,23,0,23,群益金鼎-高雄,2023-12-27,9183
8088,品安,36,14,22,群益金鼎-高雄,2023-12-27,9183
2356,英業達,56,35,21,群益金鼎-高雄,2023-12-27,9183
5516,雙喜,20,0,20,群益金鼎-高雄,2023-12-27,9183
6695,芯鼎,34,14,20,群益金鼎-高雄,2023-12-27,9183
2405,輔信,41,22,19,群益金鼎-高雄,2023-12-27,9183
2409,友達,32,13,19,群益金鼎-高雄,2023-12-27,9183
4804,大略-KY,18,0,18,群益金鼎-高雄,2023-12-27,9183
2014,中鴻,19,2,17,群益金鼎-高雄,2023-12-27,9183
4533,協易機,16,0,16,群益金鼎-高雄,2023-12-27,9183
2367,燿華,15,0,15,群益金鼎-高雄,2023-12-27,9183
2462,良得電,13,0,13,群益金鼎-高雄,2023-12-27,9183
6243,迅杰,27,14,13,群益金鼎-高雄,2023-12-27,9183
2457,飛宏,13,1,12,群益金鼎-高雄,2023-12-27,9183
8410,森田,11,0,11,群益金鼎-高雄,2023-12-27,9183
00900,富邦特選高股息30,51,40,11,群益金鼎-高雄,2023-12-27,9183
2211,長榮鋼,12,1,11,群益金鼎-高雄,2023-12-27,9183
2331,精英,22,11,11,群益金鼎-高雄,2023-12-27,9183
2913,農林,11,0,11,群益金鼎-高雄,2023-12-27,9183
3086,華義,12,2,10,群益金鼎-高雄,2023-12-27,9183
1514,亞力,12,2,10,群益金鼎-高雄,2023-12-27,9183
00712,復華富時不動產,10,0,10,群益金鼎-高雄,2023-12-27,9183
2506,太設,20,10,10,群益金鼎-高雄,2023-12-27,9183
2547,日勝生,10,0,10,群益金鼎-高雄,2023-12-27,9183
2809,京城銀,10,0,10,群益金鼎-高雄,2023-12-27,9183
4154,樂威科-KY,10,0,10,群益金鼎-高雄,2023-12-27,9183
4174,浩鼎,10,0,10,群益金鼎-高雄,2023-12-27,9183
6270,倍微,9,0,9,群益金鼎-高雄,2023-12-27,9183
3532,台勝科,16,8,8,群益金鼎-高雄,2023-12-27,9183
2603,長榮,36,28,8,群益金鼎-高雄,2023-12-27,9183
2425,承啟,8,0,8,群益金鼎-高雄,2023-12-27,9183
6541,泰福-KY,8,0,8,群益金鼎-高雄,2023-12-27,9183
5236,凌陽創新,10,3,7,群益金鼎-高雄,2023-12-27,9183
5351,鈺創,14,7,7,群益金鼎-高雄,2023-12-27,9183
2388,威盛,13,6,7,群益金鼎-高雄,2023-12-27,9183
5521,工信,7,1,6,群益金鼎-高雄,2023-12-27,9183
2329,華泰,8,2,6,群益金鼎-高雄,2023-12-27,9183
2607,榮運,6,0,6,群益金鼎-高雄,2023-12-27,9183
3094,聯傑,6,0,6,群益金鼎-高雄,2023-12-27,9183
3346,麗清,7,2,5,群益金鼎-高雄,2023-12-27,9183
00688L,國泰20年美債正2,105,0,105,群益金鼎-高雄,2023-12-28,9183
2369,菱生,108,13,95,群益金鼎-高雄,2023-12-28,9183
2303,聯電,153,71,82,群益金鼎-高雄,2023-12-28,9183
1464,得力,61,1,60,群益金鼎-高雄,2023-12-28,9183
00937B,群益ESG投等債20,66,11,55,群益金鼎-高雄,2023-12-28,9183
2739,寒舍,55,0,55,群益金鼎-高雄,2023-12-28,9183
3231,緯創,62,8,54,群益金鼎-高雄,2023-12-28,9183
00751B,元大AAA至A公司債,45,0,45,群益金鼎-高雄,2023-12-28,9183
4154,樂威科-KY,41,0,41,群益金鼎-高雄,2023-12-28,9183
2634,漢翔,38,3,35,群益金鼎-高雄,2023-12-28,9183
00724B,群益投資級金融債,29,0,29,群益金鼎-高雄,2023-12-28,9183
2324,仁寶,53,24,29,群益金鼎-高雄,2023-12-28,9183
8088,品安,31,7,24,群益金鼎-高雄,2023-12-28,9183
00929,復華台灣科技優息,34,11,23,群益金鼎-高雄,2023-12-28,9183
6431,光麗-KY,23,0,23,群益金鼎-高雄,2023-12-28,9183
2368,金像電,26,5,21,群益金鼎-高雄,2023-12-28,9183
4960,誠美材,20,0,20,群益金鼎-高雄,2023-12-28,9183
6226,光鼎,20,0,20,群益金鼎-高雄,2023-12-28,9183
9105,泰金寶-DR,18,0,18,群益金鼎-高雄,2023-12-28,9183
2836,高雄銀,20,3,17,群益金鼎-高雄,2023-12-28,9183
3481,群創,18,2,16,群益金鼎-高雄,2023-12-28,9183
2363,矽統,19,5,14,群益金鼎-高雄,2023-12-28,9183
5347,世界,17,3,14,群益金鼎-高雄,2023-12-28,9183
2022,聚亨,14,0,14,群益金鼎-高雄,2023-12-28,9183
4961,天鈺,21,8,13,群益金鼎-高雄,2023-12-28,9183
2108,南帝,12,0,12,群益金鼎-高雄,2023-12-28,9183
2399,映泰,12,0,12,群益金鼎-高雄,2023-12-28,9183
3015,全漢,11,0,11,群益金鼎-高雄,2023-12-28,9183
00679B,元大美債20年,10,0,10,群益金鼎-高雄,2023-12-28,9183
1731,美吾華,10,0,10,群益金鼎-高雄,2023-12-28,9183
2492,華新科,10,0,10,群益金鼎-高雄,2023-12-28,9183
2506,太設,12,2,10,群益金鼎-高雄,2023-12-28,9183
2547,日勝生,10,0,10,群益金鼎-高雄,2023-12-28,9183
2637,慧洋-KY,10,0,10,群益金鼎-高雄,2023-12-28,9183
4123,晟德,10,0,10,群益金鼎-高雄,2023-12-28,9183
4167,松瑞藥,10,0,10,群益金鼎-高雄,2023-12-28,9183
5521,工信,10,0,10,群益金鼎-高雄,2023-12-28,9183
8027,鈦昇,10,0,10,群益金鼎-高雄,2023-12-28,9183
2603,長榮,28,18,10,群益金鼎-高雄,2023-12-28,9183
3260,威剛,11,1,10,群益金鼎-高雄,2023-12-28,9183
2405,輔信,20,11,9,群益金鼎-高雄,2023-12-28,9183
00713,元大台灣高息低波,10,1,9,群益金鼎-高雄,2023-12-28,9183
4720,德淵,16,7,9,群益金鼎-高雄,2023-12-28,9183
9934,成霖,9,0,9,群益金鼎-高雄,2023-12-28,9183
3296,勝德,10,2,8,群益金鼎-高雄,2023-12-28,9183
6138,茂達,16,9,7,群益金鼎-高雄,2023-12-28,9183
2889,國票金,9,2,7,群益金鼎-高雄,2023-12-28,9183
9919,康那香,7,0,7,群益金鼎-高雄,2023-12-28,9183
2365,昆盈,9,2,7,群益金鼎-高雄,2023-12-28,9183
3035,智原,22,15,7,群益金鼎-高雄,2023-12-28,9183
00937B,群益ESG投等債20,98,17,81,群益金鼎-高雄,2023-12-29,9183
9136,巨騰-DR,78,0,78,群益金鼎-高雄,2023-12-29,9183
6187,萬潤,71,6,65,群益金鼎-高雄,2023-12-29,9183
1514,亞力,55,1,54,群益金鼎-高雄,2023-12-29,9183
0056,元大高股息,50,0,50,群益金鼎-高雄,2023-12-29,9183
1616,億泰,35,1,34,群益金鼎-高雄,2023-12-29,9183
1605,華新,34,0,34,群益金鼎-高雄,2023-12-29,9183
6548,長科*,26,0,26,群益金鼎-高雄,2023-12-29,9183
8996,高力,23,0,23,群益金鼎-高雄,2023-12-29,9183
4154,樂威科-KY,20,0,20,群益金鼎-高雄,2023-12-29,9183
2809,京城銀,20,1,19,群益金鼎-高雄,2023-12-29,9183
2201,裕隆,19,1,18,群益金鼎-高雄,2023-12-29,9183
6125,廣運,34,19,15,群益金鼎-高雄,2023-12-29,9183
4961,天鈺,15,0,15,群益金鼎-高雄,2023-12-29,9183
6277,宏正,15,0,15,群益金鼎-高雄,2023-12-29,9183
00687B,國泰20年美債,14,0,14,群益金鼎-高雄,2023-12-29,9183
2365,昆盈,13,0,13,群益金鼎-高雄,2023-12-29,9183
2603,長榮,20,8,12,群益金鼎-高雄,2023-12-29,9183
1504,東元,13,1,12,群益金鼎-高雄,2023-12-29,9183
3450,聯鈞,13,1,12,群益金鼎-高雄,2023-12-29,9183
00929,復華台灣科技優息,11,0,11,群益金鼎-高雄,2023-12-29,9183
00637L,元大滬深300正2,11,0,11,群益金鼎-高雄,2023-12-29,9183
3264,欣銓,11,0,11,群益金鼎-高雄,2023-12-29,9183
3706,神達,73,62,11,群益金鼎-高雄,2023-12-29,9183
4977,眾達-KY,12,1,11,群益金鼎-高雄,2023-12-29,9183
6188,廣明,12,1,11,群益金鼎-高雄,2023-12-29,9183
1612,宏泰,11,0,11,群益金鼎-高雄,2023-12-29,9183
00919,群益台灣精選高息,46,36,10,群益金鼎-高雄,2023-12-29,9183
00753L,中信中國50正2,10,0,10,群益金鼎-高雄,2023-12-29,9183
00633L,富邦上証正2,12,2,10,群益金鼎-高雄,2023-12-29,9183
2038,海光,21,11,10,群益金鼎-高雄,2023-12-29,9183
4960,誠美材,10,0,10,群益金鼎-高雄,2023-12-29,9183
6168,宏齊,10,0,10,群益金鼎-高雄,2023-12-29,9183
2337,旺宏,10,1,9,群益金鼎-高雄,2023-12-29,9183
00715L,期街口布蘭特正2,10,1,9,群益金鼎-高雄,2023-12-29,9183
2421,建準,13,4,9,群益金鼎-高雄,2023-12-29,9183
3380,明泰,10,1,9,群益金鼎-高雄,2023-12-29,9183
1513,中興電,13,5,8,群益金鼎-高雄,2023-12-29,9183
1609,大亞,9,1,8,群益金鼎-高雄,2023-12-29,9183
2329,華泰,14,6,8,群益金鼎-高雄,2023-12-29,9183
2867,三商壽,10,2,8,群益金鼎-高雄,2023-12-29,9183
3390,旭軟,20,12,8,群益金鼎-高雄,2023-12-29,9183
6799,來頡,11,4,7,群益金鼎-高雄,2023-12-29,9183
1519,華城,40,33,7,群益金鼎-高雄,2023-12-29,9183
3548,兆利,8,1,7,群益金鼎-高雄,2023-12-29,9183
4909,新復興,7,0,7,群益金鼎-高雄,2023-12-29,9183
00679B,元大美債20年,8,1,7,群益金鼎-高雄,2023-12-29,9183
2363,矽統,17,11,6,群益金鼎-高雄,2023-12-29,9183
3532,台勝科,6,0,6,群益金鼎-高雄,2023-12-29,9183
00933B,國泰10Y+金融債,7,1,6,群益金鼎-高雄,2023-12-29,9183
2344,華邦電,130,12,118,群益金鼎-高雄,2024-01-02,9183
6548,長科*,110,0,110,群益金鼎-高雄,2024-01-02,9183
3059,華晶科,100,1,99,群益金鼎-高雄,2024-01-02,9183
00937B,群益ESG投等債20,74,6,68,群益金鼎-高雄,2024-01-02,9183
00929,復華台灣科技優息,74,17,57,群益金鼎-高雄,2024-01-02,9183
3231,緯創,67,16,51,群益金鼎-高雄,2024-01-02,9183
00753L,中信中國50正2,50,0,50,群益金鼎-高雄,2024-01-02,9183
0056,元大高股息,51,1,50,群益金鼎-高雄,2024-01-02,9183
2382,廣達,61,12,49,群益金鼎-高雄,2024-01-02,9183
6233,旺玖,45,3,42,群益金鼎-高雄,2024-01-02,9183
2356,英業達,58,24,34,群益金鼎-高雄,2024-01-02,9183
4712,福格創新,33,0,33,群益金鼎-高雄,2024-01-02,9183
2323,中環,30,0,30,群益金鼎-高雄,2024-01-02,9183
2365,昆盈,31,1,30,群益金鼎-高雄,2024-01-02,9183
2836,高雄銀,30,0,30,群益金鼎-高雄,2024-01-02,9183
6191,精成科,30,2,28,群益金鼎-高雄,2024-01-02,9183
00679B,元大美債20年,26,0,26,群益金鼎-高雄,2024-01-02,9183
00688L,國泰20年美債正2,25,0,25,群益金鼎-高雄,2024-01-02,9183
2352,佳世達,46,21,25,群益金鼎-高雄,2024-01-02,9183
2374,佳能,25,0,25,群益金鼎-高雄,2024-01-02,9183
2486,一詮,52,28,24,群益金鼎-高雄,2024-01-02,9183
00933B,國泰10Y+金融債,23,0,23,群益金鼎-高雄,2024-01-02,9183
00680L,元大美債20正2,32,10,22,群益金鼎-高雄,2024-01-02,9183
2324,仁寶,54,32,22,群益金鼎-高雄,2024-01-02,9183
00687B,國泰20年美債,22,1,21,群益金鼎-高雄,2024-01-02,9183
2867,三商壽,20,0,20,群益金鼎-高雄,2024-01-02,9183
3515,華擎,21,1,20,群益金鼎-高雄,2024-01-02,9183
1316,上曜,17,0,17,群益金鼎-高雄,2024-01-02,9183
00712,復華富時不動產,16,0,16,群益金鼎-高雄,2024-01-02,9183
2303,聯電,47,33,14,群益金鼎-高雄,2024-01-02,9183
4979,華星光,14,1,13,群益金鼎-高雄,2024-01-02,9183
00720B,元大投資級公司債,13,0,13,群益金鼎-高雄,2024-01-02,9183
2329,華泰,14,1,13,群益金鼎-高雄,2024-01-02,9183
00892,富邦台灣半導體,13,0,13,群益金鼎-高雄,2024-01-02,9183
1218,泰山,13,1,12,群益金鼎-高雄,2024-01-02,9183
3260,威剛,13,1,12,群益金鼎-高雄,2024-01-02,9183
2913,農林,11,0,11,群益金鼎-高雄,2024-01-02,9183
6188,廣明,11,0,11,群益金鼎-高雄,2024-01-02,9183
2454,聯發科,12,1,11,群益金鼎-高雄,2024-01-02,9183
00722B,群益投資級電信債,10,0,10,群益金鼎-高雄,2024-01-02,9183
2038,海光,10,0,10,群益金鼎-高雄,2024-01-02,9183
3706,神達,48,38,10,群益金鼎-高雄,2024-01-02,9183
4960,誠美材,10,0,10,群益金鼎-高雄,2024-01-02,9183
5533,皇鼎,10,0,10,群益金鼎-高雄,2024-01-02,9183
6168,宏齊,10,0,10,群益金鼎-高雄,2024-01-02,9183
00936,台新永續高息中小,10,1,9,群益金鼎-高雄,2024-01-02,9183
2211,長榮鋼,9,0,9,群益金鼎-高雄,2024-01-02,9183
6163,華電網,24,15,9,群益金鼎-高雄,2024-01-02,9183
6593,台灣銘板,28,19,9,群益金鼎-高雄,2024-01-02,9183
6799,來頡,9,0,9,群益金鼎-高雄,2024-01-02,9183
9105,泰金寶-DR,502,263,239,群益金鼎-高雄,2024-01-03,9183
00929,復華台灣科技優息,122,30,92,群益金鼎-高雄,2024-01-03,9183
00919,群益台灣精選高息,83,0,83,群益金鼎-高雄,2024-01-03,9183
2303,聯電,83,4,79,群益金鼎-高雄,2024-01-03,9183
3522,御嵿,47,0,47,群益金鼎-高雄,2024-01-03,9183
2618,長榮航,94,53,41,群益金鼎-高雄,2024-01-03,9183
00937B,群益ESG投等債20,44,7,37,群益金鼎-高雄,2024-01-03,9183
3059,華晶科,37,0,37,群益金鼎-高雄,2024-01-03,9183
2408,南亞科,34,0,34,群益金鼎-高雄,2024-01-03,9183
00878,國泰永續高股息,34,0,34,群益金鼎-高雄,2024-01-03,9183
00927,群益半導體收益,32,0,32,群益金鼎-高雄,2024-01-03,9183
2324,仁寶,37,5,32,群益金鼎-高雄,2024-01-03,9183
2409,友達,42,10,32,群益金鼎-高雄,2024-01-03,9183
3481,群創,39,13,26,群益金鼎-高雄,2024-01-03,9183
6770,力積電,27,2,25,群益金鼎-高雄,2024-01-03,9183
2892,第一金,26,2,24,群益金鼎-高雄,2024-01-03,9183
2610,華航,28,5,23,群益金鼎-高雄,2024-01-03,9183
2331,精英,23,1,22,群益金鼎-高雄,2024-01-03,9183
3231,緯創,40,18,22,群益金鼎-高雄,2024-01-03,9183
4154,樂威科-KY,22,0,22,群益金鼎-高雄,2024-01-03,9183
2356,英業達,37,16,21,群益金鼎-高雄,2024-01-03,9183
2312,金寶,20,0,20,群益金鼎-高雄,2024-01-03,9183
2913,農林,20,0,20,群益金鼎-高雄,2024-01-03,9183
6219,富旺,20,0,20,群益金鼎-高雄,2024-01-03,9183
2885,元大金,19,0,19,群益金鼎-高雄,2024-01-03,9183
2355,敬鵬,18,0,18,群益金鼎-高雄,2024-01-03,9183
4188,安克,20,2,18,群益金鼎-高雄,2024-01-03,9183
1326,台化,18,1,17,群益金鼎-高雄,2024-01-03,9183
2330,台積電,15,1,14,群益金鼎-高雄,2024-01-03,9183
6695,芯鼎,34,21,13,群益金鼎-高雄,2024-01-03,9183
2201,裕隆,14,1,13,群益金鼎-高雄,2024-01-03,9183
2352,佳世達,39,26,13,群益金鼎-高雄,2024-01-03,9183
2605,新興,17,4,13,群益金鼎-高雄,2024-01-03,9183
00712,復華富時不動產,12,0,12,群益金鼎-高雄,2024-01-03,9183
1218,泰山,14,2,12,群益金鼎-高雄,2024-01-03,9183
2371,大同,25,13,12,群益金鼎-高雄,2024-01-03,9183
4167,松瑞藥,19,7,12,群益金鼎-高雄,2024-01-03,9183
2353,宏��,23,11,12,群益金鼎-高雄,2024-01-03,9183
00713,元大台灣高息低波,11,0,11,群益金鼎-高雄,2024-01-03,9183
00934,中信成長高股息,11,0,11,群益金鼎-高雄,2024-01-03,9183
5521,工信,17,6,11,群益金鼎-高雄,2024-01-03,9183
2603,長榮,53,42,11,群益金鼎-高雄,2024-01-03,9183
2002,中鋼,14,4,10,群益金鼎-高雄,2024-01-03,9183
00680L,元大美債20正2,10,0,10,群益金鼎-高雄,2024-01-03,9183
2022,聚亨,10,0,10,群益金鼎-高雄,2024-01-03,9183
2349,錸德,10,0,10,群益金鼎-高雄,2024-01-03,9183
2867,三商壽,10,0,10,群益金鼎-高雄,2024-01-03,9183
3013,晟銘電,10,0,10,群益金鼎-高雄,2024-01-03,9183
4164,承業醫,10,0,10,群益金鼎-高雄,2024-01-03,9183
4952,凌通,10,0,10,群益金鼎-高雄,2024-01-03,9183
2851,中再保,157,0,157,群益金鼎-高雄,2024-01-04,9183
00927,群益半導體收益,137,0,137,群益金鼎-高雄,2024-01-04,9183
00929,復華台灣科技優息,108,3,105,群益金鼎-高雄,2024-01-04,9183
1799,易威,100,0,100,群益金鼎-高雄,2024-01-04,9183
8938,明安,77,0,77,群益金鼎-高雄,2024-01-04,9183
2888,新光金,65,2,63,群益金鼎-高雄,2024-01-04,9183
1326,台化,45,1,44,群益金鼎-高雄,2024-01-04,9183
00919,群益台灣精選高息,49,7,42,群益金鼎-高雄,2024-01-04,9183
4154,樂威科-KY,35,0,35,群益金鼎-高雄,2024-01-04,9183
1316,上曜,35,1,34,群益金鼎-高雄,2024-01-04,9183
2374,佳能,33,0,33,群益金鼎-高雄,2024-01-04,9183
2323,中環,32,0,32,群益金鼎-高雄,2024-01-04,9183
4916,事欣科,28,0,28,群益金鼎-高雄,2024-01-04,9183
0056,元大高股息,27,1,26,群益金鼎-高雄,2024-01-04,9183
00712,復華富時不動產,22,0,22,群益金鼎-高雄,2024-01-04,9183
3006,晶豪科,22,0,22,群益金鼎-高雄,2024-01-04,9183
2812,台中銀,25,4,21,群益金鼎-高雄,2024-01-04,9183
6233,旺玖,24,3,21,群益金鼎-高雄,2024-01-04,9183
5210,寶碩,20,0,20,群益金鼎-高雄,2024-01-04,9183
00650L,復華香港正2,20,0,20,群益金鼎-高雄,2024-01-04,9183
2356,英業達,24,7,17,群益金鼎-高雄,2024-01-04,9183
2867,三商壽,17,0,17,群益金鼎-高雄,2024-01-04,9183
00881,國泰台灣5G+,16,0,16,群益金鼎-高雄,2024-01-04,9183
3002,歐格,16,0,16,群益金鼎-高雄,2024-01-04,9183
00772B,中信高評級公司債,15,0,15,群益金鼎-高雄,2024-01-04,9183
4720,德淵,17,2,15,群益金鼎-高雄,2024-01-04,9183
1514,亞力,47,33,14,群益金鼎-高雄,2024-01-04,9183
2367,燿華,13,0,13,群益金鼎-高雄,2024-01-04,9183
2206,三陽工業,14,1,13,群益金鼎-高雄,2024-01-04,9183
00882,中信中國高股息,12,0,12,群益金鼎-高雄,2024-01-04,9183
8034,榮群,12,0,12,群益金鼎-高雄,2024-01-04,9183
9919,康那香,21,9,12,群益金鼎-高雄,2024-01-04,9183
3260,威剛,14,3,11,群益金鼎-高雄,2024-01-04,9183
4164,承業醫,11,0,11,群益金鼎-高雄,2024-01-04,9183
6116,彩晶,13,2,11,群益金鼎-高雄,2024-01-04,9183
9105,泰金寶-DR,11,0,11,群益金鼎-高雄,2024-01-04,9183
2610,華航,17,6,11,群益金鼎-高雄,2024-01-04,9183
00680L,元大美債20正2,10,0,10,群益金鼎-高雄,2024-01-04,9183
00725B,國泰投資級公司債,10,0,10,群益金鼎-高雄,2024-01-04,9183
00720B,元大投資級公司債,10,0,10,群益金鼎-高雄,2024-01-04,9183
00933B,國泰10Y+金融債,10,0,10,群益金鼎-高雄,2024-01-04,9183
00922,國泰台灣領袖50,10,0,10,群益金鼎-高雄,2024-01-04,9183
4414,如興,10,0,10,群益金鼎-高雄,2024-01-04,9183
6799,來頡,10,0,10,群益金鼎-高雄,2024-01-04,9183
6122,擎邦,9,0,9,群益金鼎-高雄,2024-01-04,9183
6117,迎廣,14,6,8,群益金鼎-高雄,2024-01-04,9183
6120,達運,13,5,8,群益金鼎-高雄,2024-01-04,9183
00900,富邦特選高股息30,42,35,7,群益金鼎-高雄,2024-01-04,9183
2027,大成鋼,7,0,7,群益金鼎-高雄,2024-01-04,9183
3015,全漢,7,0,7,群益金鼎-高雄,2024-01-04,9183
00937B,群益ESG投等債20,370,34,336,群益金鼎-高雄,2024-01-05,9183
2344,華邦電,95,21,74,群益金鼎-高雄,2024-01-05,9183
2618,長榮航,95,28,67,群益金鼎-高雄,2024-01-05,9183
00919,群益台灣精選高息,59,6,53,群益金鼎-高雄,2024-01-05,9183
2357,華碩,40,0,40,群益金鼎-高雄,2024-01-05,9183
00927,群益半導體收益,41,3,38,群益金鼎-高雄,2024-01-05,9183
2610,華航,38,1,37,群益金鼎-高雄,2024-01-05,9183
00725B,國泰投資級公司債,41,5,36,群益金鼎-高雄,2024-01-05,9183
2303,聯電,48,14,34,群益金鼎-高雄,2024-01-05,9183
0056,元大高股息,35,2,33,群益金鼎-高雄,2024-01-05,9183
3437,榮創,31,0,31,群益金鼎-高雄,2024-01-05,9183
00929,復華台灣科技優息,39,10,29,群益金鼎-高雄,2024-01-05,9183
2363,矽統,29,1,28,群益金鼎-高雄,2024-01-05,9183
2611,志信,35,8,27,群益金鼎-高雄,2024-01-05,9183
1316,上曜,26,0,26,群益金鼎-高雄,2024-01-05,9183
00881,國泰台灣5G+,25,0,25,群益金鼎-高雄,2024-01-05,9183
3515,華擎,22,0,22,群益金鼎-高雄,2024-01-05,9183
8096,擎亞,30,8,22,群益金鼎-高雄,2024-01-05,9183
6164,華興,21,0,21,群益金鼎-高雄,2024-01-05,9183
6182,合晶,22,1,21,群益金鼎-高雄,2024-01-05,9183
3006,晶豪科,20,0,20,群益金鼎-高雄,2024-01-05,9183
6593,台灣銘板,28,10,18,群益金鼎-高雄,2024-01-05,9183
2609,陽明,106,89,17,群益金鼎-高雄,2024-01-05,9183
3260,威剛,16,1,15,群益金鼎-高雄,2024-01-05,9183
2014,中鴻,13,0,13,群益金鼎-高雄,2024-01-05,9183
3558,神準,13,0,13,群益金鼎-高雄,2024-01-05,9183
5210,寶碩,13,0,13,群益金鼎-高雄,2024-01-05,9183
00706L,期元大S＆P日圓正2,11,0,11,群益金鼎-高雄,2024-01-05,9183
2022,聚亨,12,2,10,群益金鼎-高雄,2024-01-05,9183
2332,友訊,10,0,10,群益金鼎-高雄,2024-01-05,9183
2812,台中銀,10,0,10,群益金鼎-高雄,2024-01-05,9183
3483,力致,10,0,10,群益金鼎-高雄,2024-01-05,9183
4154,樂威科-KY,10,0,10,群益金鼎-高雄,2024-01-05,9183
5483,中美晶,11,2,9,群益金鼎-高雄,2024-01-05,9183
1504,東元,9,0,9,群益金鼎-高雄,2024-01-05,9183
2356,英業達,30,21,9,群益金鼎-高雄,2024-01-05,9183
2886,兆豐金,13,4,9,群益金鼎-高雄,2024-01-05,9183
2353,宏��,10,2,8,群益金鼎-高雄,2024-01-05,9183
00676R,富邦臺灣加權反1,8,0,8,群益金鼎-高雄,2024-01-05,9183
2382,廣達,11,3,8,群益金鼎-高雄,2024-01-05,9183
00935,野村臺灣新科技50,8,0,8,群益金鼎-高雄,2024-01-05,9183
2748,雲品,7,0,7,群益金鼎-高雄,2024-01-05,9183
2851,中再保,7,0,7,群益金鼎-高雄,2024-01-05,9183
3406,玉晶光,11,4,7,群益金鼎-高雄,2024-01-05,9183
5469,瀚宇博,7,0,7,群益金鼎-高雄,2024-01-05,9183
8046,南電,19,12,7,群益金鼎-高雄,2024-01-05,9183
8349,�矬�,7,0,7,群益金鼎-高雄,2024-01-05,9183
6695,芯鼎,31,24,7,群益金鼎-高雄,2024-01-05,9183
1326,台化,6,0,6,群益金鼎-高雄,2024-01-05,9183
4967,十銓,12,6,6,群益金鼎-高雄,2024-01-05,9183
9105,泰金寶-DR,350,151,199,群益金鼎-高雄,2024-01-08,9183
2353,宏��,150,18,132,群益金鼎-高雄,2024-01-08,9183
8070,長華*,110,0,110,群益金鼎-高雄,2024-01-08,9183
9907,統一實,63,0,63,群益金鼎-高雄,2024-01-08,9183
3483,力致,50,0,50,群益金鼎-高雄,2024-01-08,9183
6770,力積電,61,18,43,群益金鼎-高雄,2024-01-08,9183
2836,高雄銀,40,0,40,群益金鼎-高雄,2024-01-08,9183
4961,天鈺,37,0,37,群益金鼎-高雄,2024-01-08,9183
00933B,國泰10Y+金融債,39,5,34,群益金鼎-高雄,2024-01-08,9183
00929,復華台灣科技優息,80,47,33,群益金鼎-高雄,2024-01-08,9183
2615,萬海,49,16,33,群益金鼎-高雄,2024-01-08,9183
00927,群益半導體收益,27,0,27,群益金鼎-高雄,2024-01-08,9183
2739,寒舍,25,0,25,群益金鼎-高雄,2024-01-08,9183
00712,復華富時不動產,24,0,24,群益金鼎-高雄,2024-01-08,9183
00937B,群益ESG投等債20,54,30,24,群益金鼎-高雄,2024-01-08,9183
00923,群益台ESG低碳50,23,0,23,群益金鼎-高雄,2024-01-08,9183
2324,仁寶,34,11,23,群益金鼎-高雄,2024-01-08,9183
3437,榮創,24,2,22,群益金鼎-高雄,2024-01-08,9183
00632R,元大台灣50反1,21,0,21,群益金鼎-高雄,2024-01-08,9183
3390,旭軟,23,3,20,群益金鼎-高雄,2024-01-08,9183
2609,陽明,124,105,19,群益金鼎-高雄,2024-01-08,9183
00679B,元大美債20年,24,6,18,群益金鼎-高雄,2024-01-08,9183
2610,華航,18,1,17,群益金鼎-高雄,2024-01-08,9183
3017,奇鋐,21,5,16,群益金鼎-高雄,2024-01-08,9183
2344,華邦電,25,10,15,群益金鼎-高雄,2024-01-08,9183
2352,佳世達,17,2,15,群益金鼎-高雄,2024-01-08,9183
3623,富晶通,15,0,15,群益金鼎-高雄,2024-01-08,9183
00919,群益台灣精選高息,17,2,15,群益金鼎-高雄,2024-01-08,9183
00665L,富邦�琤肭磪囓�2,44,30,14,群益金鼎-高雄,2024-01-08,9183
2208,台船,24,10,14,群益金鼎-高雄,2024-01-08,9183
2834,臺企銀,15,2,13,群益金鼎-高雄,2024-01-08,9183
00931B,統一美債20年,12,0,12,群益金鼎-高雄,2024-01-08,9183
00687B,國泰20年美債,11,0,11,群益金鼎-高雄,2024-01-08,9183
2449,京元電子,18,7,11,群益金鼎-高雄,2024-01-08,9183
5309,系統電,11,0,11,群益金鼎-高雄,2024-01-08,9183
6116,彩晶,35,24,11,群益金鼎-高雄,2024-01-08,9183
00892,富邦台灣半導體,10,0,10,群益金鼎-高雄,2024-01-08,9183
00882,中信中國高股息,10,0,10,群益金鼎-高雄,2024-01-08,9183
00680L,元大美債20正2,10,0,10,群益金鼎-高雄,2024-01-08,9183
1603,華電,12,2,10,群益金鼎-高雄,2024-01-08,9183
2022,聚亨,10,0,10,群益金鼎-高雄,2024-01-08,9183
2867,三商壽,10,0,10,群益金鼎-高雄,2024-01-08,9183
6177,達麗,10,0,10,群益金鼎-高雄,2024-01-08,9183
2201,裕隆,11,1,10,群益金鼎-高雄,2024-01-08,9183
2634,漢翔,32,23,9,群益金鼎-高雄,2024-01-08,9183
2882,國泰金,11,2,9,群益金鼎-高雄,2024-01-08,9183
2388,威盛,39,31,8,群益金鼎-高雄,2024-01-08,9183
00643,群益深証中小,8,0,8,群益金鼎-高雄,2024-01-08,9183
00637L,元大滬深300正2,8,0,8,群益金鼎-高雄,2024-01-08,9183
4720,德淵,8,0,8,群益金鼎-高雄,2024-01-08,9183
8070,長華*,112,0,112,群益金鼎-高雄,2024-01-09,9183
2888,新光金,82,0,82,群益金鼎-高雄,2024-01-09,9183
00919,群益台灣精選高息,73,5,68,群益金鼎-高雄,2024-01-09,9183
00929,復華台灣科技優息,68,0,68,群益金鼎-高雄,2024-01-09,9183
3059,華晶科,64,0,64,群益金鼎-高雄,2024-01-09,9183
00715L,期街口布蘭特正2,61,1,60,群益金鼎-高雄,2024-01-09,9183
2353,宏��,79,27,52,群益金鼎-高雄,2024-01-09,9183
6290,良維,52,0,52,群益金鼎-高雄,2024-01-09,9183
00633L,富邦上証正2,50,0,50,群益金鼎-高雄,2024-01-09,9183
4720,德淵,46,0,46,群益金鼎-高雄,2024-01-09,9183
00753L,中信中國50正2,50,5,45,群益金鼎-高雄,2024-01-09,9183
2324,仁寶,47,12,35,群益金鼎-高雄,2024-01-09,9183
2344,華邦電,32,0,32,群益金鼎-高雄,2024-01-09,9183
1316,上曜,30,0,30,群益金鼎-高雄,2024-01-09,9183
3231,緯創,58,30,28,群益金鼎-高雄,2024-01-09,9183
2615,萬海,45,21,24,群益金鼎-高雄,2024-01-09,9183
2607,榮運,25,1,24,群益金鼎-高雄,2024-01-09,9183
3006,晶豪科,24,0,24,群益金鼎-高雄,2024-01-09,9183
00900,富邦特選高股息30,51,30,21,群益金鼎-高雄,2024-01-09,9183
2603,長榮,39,18,21,群益金鼎-高雄,2024-01-09,9183
2014,中鴻,29,9,20,群益金鼎-高雄,2024-01-09,9183
2610,華航,32,12,20,群益金鼎-高雄,2024-01-09,9183
3015,全漢,21,1,20,群益金鼎-高雄,2024-01-09,9183
4961,天鈺,20,0,20,群益金鼎-高雄,2024-01-09,9183
2363,矽統,60,40,20,群益金鼎-高雄,2024-01-09,9183
2002,中鋼,19,1,18,群益金鼎-高雄,2024-01-09,9183
2359,所羅門,16,0,16,群益金鼎-高雄,2024-01-09,9183
00937B,群益ESG投等債20,40,25,15,群益金鼎-高雄,2024-01-09,9183
2356,英業達,36,21,15,群益金鼎-高雄,2024-01-09,9183
2809,京城銀,15,0,15,群益金鼎-高雄,2024-01-09,9183
6005,群益證,15,0,15,群益金鼎-高雄,2024-01-09,9183
1218,泰山,14,0,14,群益金鼎-高雄,2024-01-09,9183
2606,裕民,33,20,13,群益金鼎-高雄,2024-01-09,9183
3051,力特,13,0,13,群益金鼎-高雄,2024-01-09,9183
00933B,國泰10Y+金融債,22,10,12,群益金鼎-高雄,2024-01-09,9183
1907,永豐餘,12,0,12,群益金鼎-高雄,2024-01-09,9183
2022,聚亨,12,0,12,群益金鼎-高雄,2024-01-09,9183
3558,神準,12,0,12,群益金鼎-高雄,2024-01-09,9183
2317,鴻海,11,0,11,群益金鼎-高雄,2024-01-09,9183
2388,威盛,18,7,11,群益金鼎-高雄,2024-01-09,9183
1612,宏泰,11,0,11,群益金鼎-高雄,2024-01-09,9183
2641,正德,11,0,11,群益金鼎-高雄,2024-01-09,9183
3078,僑威,15,4,11,群益金鼎-高雄,2024-01-09,9183
3260,威剛,14,3,11,群益金鼎-高雄,2024-01-09,9183
5210,寶碩,11,0,11,群益金鼎-高雄,2024-01-09,9183
6735,美達科技,11,0,11,群益金鼎-高雄,2024-01-09,9183
3035,智原,34,23,11,群益金鼎-高雄,2024-01-09,9183
2108,南帝,20,10,10,群益金鼎-高雄,2024-01-09,9183
2332,友訊,10,0,10,群益金鼎-高雄,2024-01-09,9183
2352,佳世達,20,10,10,群益金鼎-高雄,2024-01-09,9183
6120,達運,300,122,178,群益金鼎-高雄,2024-01-10,9183
2607,榮運,108,1,107,群益金鼎-高雄,2024-01-10,9183
0056,元大高股息,86,0,86,群益金鼎-高雄,2024-01-10,9183
3231,緯創,88,11,77,群益金鼎-高雄,2024-01-10,9183
3481,群創,63,0,63,群益金鼎-高雄,2024-01-10,9183
00919,群益台灣精選高息,68,7,61,群益金鼎-高雄,2024-01-10,9183
1316,上曜,55,0,55,群益金鼎-高雄,2024-01-10,9183
6187,萬潤,44,6,38,群益金鼎-高雄,2024-01-10,9183
00725B,國泰投資級公司債,37,0,37,群益金鼎-高雄,2024-01-10,9183
3558,神準,35,1,34,群益金鼎-高雄,2024-01-10,9183
2603,長榮,50,18,32,群益金鼎-高雄,2024-01-10,9183
9136,巨騰-DR,39,12,27,群益金鼎-高雄,2024-01-10,9183
00933B,國泰10Y+金融債,19,0,19,群益金鼎-高雄,2024-01-10,9183
8011,台通,19,0,19,群益金鼎-高雄,2024-01-10,9183
6219,富旺,21,3,18,群益金鼎-高雄,2024-01-10,9183
2615,萬海,44,26,18,群益金鼎-高雄,2024-01-10,9183
2641,正德,19,2,17,群益金鼎-高雄,2024-01-10,9183
00688L,國泰20年美債正2,17,0,17,群益金鼎-高雄,2024-01-10,9183
2371,大同,46,29,17,群益金鼎-高雄,2024-01-10,9183
2317,鴻海,28,11,17,群益金鼎-高雄,2024-01-10,9183
8039,台虹,16,0,16,群益金鼎-高雄,2024-01-10,9183
00706L,期元大S＆P日圓正2,15,0,15,群益金鼎-高雄,2024-01-10,9183
5210,寶碩,15,0,15,群益金鼎-高雄,2024-01-10,9183
5905,南仁湖,15,0,15,群益金鼎-高雄,2024-01-10,9183
9105,泰金寶-DR,15,0,15,群益金鼎-高雄,2024-01-10,9183
1616,億泰,14,0,14,群益金鼎-高雄,2024-01-10,9183
3036,文曄,20,6,14,群益金鼎-高雄,2024-01-10,9183
2610,華航,16,3,13,群益金鼎-高雄,2024-01-10,9183
00881,國泰台灣5G+,13,0,13,群益金鼎-高雄,2024-01-10,9183
3532,台勝科,12,0,12,群益金鼎-高雄,2024-01-10,9183
8070,長華*,14,2,12,群益金鼎-高雄,2024-01-10,9183
2486,一詮,12,1,11,群益金鼎-高雄,2024-01-10,9183
1503,士電,12,2,10,群益金鼎-高雄,2024-01-10,9183
2344,華邦電,11,1,10,群益金鼎-高雄,2024-01-10,9183
2376,技嘉,10,0,10,群益金鼎-高雄,2024-01-10,9183
2834,臺企銀,10,0,10,群益金鼎-高雄,2024-01-10,9183
2867,三商壽,10,0,10,群益金鼎-高雄,2024-01-10,9183
8059,凱碩,10,0,10,群益金鼎-高雄,2024-01-10,9183
2618,長榮航,15,6,9,群益金鼎-高雄,2024-01-10,9183
2353,宏��,23,14,9,群益金鼎-高雄,2024-01-10,9183
1612,宏泰,9,0,9,群益金鼎-高雄,2024-01-10,9183
2356,英業達,18,10,8,群益金鼎-高雄,2024-01-10,9183
00770,國泰北美科技,8,0,8,群益金鼎-高雄,2024-01-10,9183
2014,中鴻,13,5,8,群益金鼎-高雄,2024-01-10,9183
5469,瀚宇博,8,0,8,群益金鼎-高雄,2024-01-10,9183
1905,華紙,7,0,7,群益金鼎-高雄,2024-01-10,9183
00878,國泰永續高股息,9,3,6,群益金鼎-高雄,2024-01-10,9183
2301,光寶科,15,9,6,群益金鼎-高雄,2024-01-10,9183
2606,裕民,13,7,6,群益金鼎-高雄,2024-01-10,9183
3714,富采,6,0,6,群益金鼎-高雄,2024-01-10,9183
2851,中再保,260,1,259,群益金鼎-高雄,2024-01-11,9183
6120,達運,428,216,212,群益金鼎-高雄,2024-01-11,9183
4529,淳紳,66,1,65,群益金鼎-高雄,2024-01-11,9183
6243,迅杰,62,0,62,群益金鼎-高雄,2024-01-11,9183
8034,榮群,73,14,59,群益金鼎-高雄,2024-01-11,9183
00753L,中信中國50正2,50,0,50,群益金鼎-高雄,2024-01-11,9183
6233,旺玖,40,0,40,群益金鼎-高雄,2024-01-11,9183
2303,聯電,38,3,35,群益金鼎-高雄,2024-01-11,9183
9907,統一實,33,0,33,群益金鼎-高雄,2024-01-11,9183
00929,復華台灣科技優息,27,0,27,群益金鼎-高雄,2024-01-11,9183
00919,群益台灣精選高息,26,0,26,群益金鼎-高雄,2024-01-11,9183
00918,大華優利高填息30,23,0,23,群益金鼎-高雄,2024-01-11,9183
0056,元大高股息,22,0,22,群益金鼎-高雄,2024-01-11,9183
00687B,國泰20年美債,21,0,21,群益金鼎-高雄,2024-01-11,9183
2603,長榮,22,4,18,群益金鼎-高雄,2024-01-11,9183
6219,富旺,28,10,18,群益金鼎-高雄,2024-01-11,9183
00751B,元大AAA至A公司債,16,0,16,群益金鼎-高雄,2024-01-11,9183
2324,仁寶,17,1,16,群益金鼎-高雄,2024-01-11,9183
2344,華邦電,32,16,16,群益金鼎-高雄,2024-01-11,9183
00937B,群益ESG投等債20,15,0,15,群益金鼎-高雄,2024-01-11,9183
6239,力成,17,2,15,群益金鼎-高雄,2024-01-11,9183
4956,光鋐,96,82,14,群益金鼎-高雄,2024-01-11,9183
2812,台中銀,15,2,13,群益金鼎-高雄,2024-01-11,9183
1316,上曜,12,0,12,群益金鼎-高雄,2024-01-11,9183
2206,三陽工業,11,0,11,群益金鼎-高雄,2024-01-11,9183
2449,京元電子,22,12,10,群益金鼎-高雄,2024-01-11,9183
00904,新光臺灣半導體30,10,0,10,群益金鼎-高雄,2024-01-11,9183
2610,華航,15,5,10,群益金鼎-高雄,2024-01-11,9183
2367,燿華,10,0,10,群益金鼎-高雄,2024-01-11,9183
2505,國揚,10,0,10,群益金鼎-高雄,2024-01-11,9183
2739,寒舍,10,0,10,群益金鼎-高雄,2024-01-11,9183
4942,嘉彰,10,0,10,群益金鼎-高雄,2024-01-11,9183
8046,南電,10,0,10,群益金鼎-高雄,2024-01-11,9183
2371,大同,36,26,10,群益金鼎-高雄,2024-01-11,9183
2330,台積電,13,3,10,群益金鼎-高雄,2024-01-11,9183
2362,藍天,16,7,9,群益金鼎-高雄,2024-01-11,9183
00637L,元大滬深300正2,14,6,8,群益金鼎-高雄,2024-01-11,9183
2002,中鋼,12,4,8,群益金鼎-高雄,2024-01-11,9183
2543,皇昌,8,0,8,群益金鼎-高雄,2024-01-11,9183
5512,力麒,7,0,7,群益金鼎-高雄,2024-01-11,9183
2317,鴻海,6,0,6,群益金鼎-高雄,2024-01-11,9183
1519,華城,19,13,6,群益金鼎-高雄,2024-01-11,9183
00712,復華富時不動產,10,4,6,群益金鼎-高雄,2024-01-11,9183
00900,富邦特選高股息30,51,45,6,群益金鼎-高雄,2024-01-11,9183
2014,中鴻,7,1,6,群益金鼎-高雄,2024-01-11,9183
6770,力積電,6,0,6,群益金鼎-高雄,2024-01-11,9183
4720,德淵,5,0,5,群益金鼎-高雄,2024-01-11,9183
1514,亞力,16,11,5,群益金鼎-高雄,2024-01-11,9183
2308,台達電,5,0,5,群益金鼎-高雄,2024-01-11,9183
2312,金寶,5,0,5,群益金鼎-高雄,2024-01-11,9183
00937B,群益ESG投等債20,79,0,79,群益金鼎-高雄,2024-01-12,9183
2208,台船,105,33,72,群益金鼎-高雄,2024-01-12,9183
6770,力積電,62,0,62,群益金鼎-高雄,2024-01-12,9183
00929,復華台灣科技優息,44,1,43,群益金鼎-高雄,2024-01-12,9183
8039,台虹,40,0,40,群益金鼎-高雄,2024-01-12,9183
6243,迅杰,40,2,38,群益金鼎-高雄,2024-01-12,9183
3711,日月光投控,31,0,31,群益金鼎-高雄,2024-01-12,9183
00885,富邦越南,46,15,31,群益金鼎-高雄,2024-01-12,9183
1316,上曜,30,0,30,群益金鼎-高雄,2024-01-12,9183
00919,群益台灣精選高息,30,0,30,群益金鼎-高雄,2024-01-12,9183
3036,文曄,44,15,29,群益金鼎-高雄,2024-01-12,9183
00918,大華優利高填息30,26,0,26,群益金鼎-高雄,2024-01-12,9183
00927,群益半導體收益,26,1,25,群益金鼎-高雄,2024-01-12,9183
00632R,元大台灣50反1,20,0,20,群益金鼎-高雄,2024-01-12,9183
2834,臺企銀,20,0,20,群益金鼎-高雄,2024-01-12,9183
3706,神達,35,17,18,群益金鼎-高雄,2024-01-12,9183
1605,華新,17,0,17,群益金鼎-高雄,2024-01-12,9183
00706L,期元大S＆P日圓正2,16,0,16,群益金鼎-高雄,2024-01-12,9183
6168,宏齊,16,0,16,群益金鼎-高雄,2024-01-12,9183
1528,恩德,14,0,14,群益金鼎-高雄,2024-01-12,9183
3515,華擎,14,0,14,群益金鼎-高雄,2024-01-12,9183
00904,新光臺灣半導體30,13,0,13,群益金鼎-高雄,2024-01-12,9183
2371,大同,24,11,13,群益金鼎-高雄,2024-01-12,9183
4956,光鋐,17,4,13,群益金鼎-高雄,2024-01-12,9183
9933,中鼎,13,0,13,群益金鼎-高雄,2024-01-12,9183
3025,星通,13,2,11,群益金鼎-高雄,2024-01-12,9183
2887,台新金,11,0,11,群益金鼎-高雄,2024-01-12,9183
2313,華通,19,9,10,群益金鼎-高雄,2024-01-12,9183
2884,玉山金,10,0,10,群益金鼎-高雄,2024-01-12,9183
2344,華邦電,27,17,10,群益金鼎-高雄,2024-01-12,9183
2607,榮運,12,2,10,群益金鼎-高雄,2024-01-12,9183
8076,伍豐,10,0,10,群益金鼎-高雄,2024-01-12,9183
8933,愛地雅,10,0,10,群益金鼎-高雄,2024-01-12,9183
2303,聯電,17,7,10,群益金鼎-高雄,2024-01-12,9183
2376,技嘉,23,14,9,群益金鼎-高雄,2024-01-12,9183
8096,擎亞,30,22,8,群益金鼎-高雄,2024-01-12,9183
2489,瑞軒,8,0,8,群益金鼎-高雄,2024-01-12,9183
2449,京元電子,27,20,7,群益金鼎-高雄,2024-01-12,9183
2317,鴻海,10,3,7,群益金鼎-高雄,2024-01-12,9183
0056,元大高股息,8,1,7,群益金鼎-高雄,2024-01-12,9183
2228,劍麟,7,0,7,群益金鼎-高雄,2024-01-12,9183
2363,矽統,9,2,7,群益金鼎-高雄,2024-01-12,9183
2748,雲品,10,3,7,群益金鼎-高雄,2024-01-12,9183
5347,世界,7,0,7,群益金鼎-高雄,2024-01-12,9183
5521,工信,7,0,7,群益金鼎-高雄,2024-01-12,9183
1584,精剛,6,0,6,群益金鼎-高雄,2024-01-12,9183
2390,云辰,6,0,6,群益金鼎-高雄,2024-01-12,9183
3437,榮創,7,1,6,群益金鼎-高雄,2024-01-12,9183
6233,旺玖,6,0,6,群益金鼎-高雄,2024-01-12,9183
8150,南茂,8,2,6,群益金鼎-高雄,2024-01-12,9183
00927,群益半導體收益,251,0,251,群益金鼎-高雄,2024-01-15,9183
8070,長華*,234,0,234,群益金鼎-高雄,2024-01-15,9183
00929,復華台灣科技優息,166,21,145,群益金鼎-高雄,2024-01-15,9183
6120,達運,103,16,87,群益金鼎-高雄,2024-01-15,9183
2618,長榮航,81,7,74,群益金鼎-高雄,2024-01-15,9183
0056,元大高股息,56,0,56,群益金鼎-高雄,2024-01-15,9183
2633,台灣高鐵,41,0,41,群益金鼎-高雄,2024-01-15,9183
2409,友達,49,12,37,群益金鼎-高雄,2024-01-15,9183
00882,中信中國高股息,35,0,35,群益金鼎-高雄,2024-01-15,9183
2882,國泰金,34,1,33,群益金鼎-高雄,2024-01-15,9183
2208,台船,72,40,32,群益金鼎-高雄,2024-01-15,9183
00751B,元大AAA至A公司債,32,0,32,群益金鼎-高雄,2024-01-15,9183
8938,明安,32,0,32,群益金鼎-高雄,2024-01-15,9183
2609,陽明,153,127,26,群益金鼎-高雄,2024-01-15,9183
2317,鴻海,26,1,25,群益金鼎-高雄,2024-01-15,9183
2892,第一金,21,0,21,群益金鼎-高雄,2024-01-15,9183
00679B,元大美債20年,22,1,21,群益金鼎-高雄,2024-01-15,9183
3576,聯合再生,21,1,20,群益金鼎-高雄,2024-01-15,9183
00919,群益台灣精選高息,30,12,18,群益金鼎-高雄,2024-01-15,9183
3558,神準,55,37,18,群益金鼎-高雄,2024-01-15,9183
4154,樂威科-KY,18,0,18,群益金鼎-高雄,2024-01-15,9183
1514,亞力,67,49,18,群益金鼎-高雄,2024-01-15,9183
00770,國泰北美科技,25,8,17,群益金鼎-高雄,2024-01-15,9183
2421,建準,20,3,17,群益金鼎-高雄,2024-01-15,9183
2886,兆豐金,17,0,17,群益金鼎-高雄,2024-01-15,9183
2356,英業達,21,5,16,群益金鼎-高雄,2024-01-15,9183
2867,三商壽,16,0,16,群益金鼎-高雄,2024-01-15,9183
2607,榮運,16,1,15,群益金鼎-高雄,2024-01-15,9183
2888,新光金,16,2,14,群益金鼎-高雄,2024-01-15,9183
2890,永豐金,12,0,12,群益金鼎-高雄,2024-01-15,9183
2887,台新金,11,0,11,群益金鼎-高雄,2024-01-15,9183
2834,臺企銀,11,0,11,群益金鼎-高雄,2024-01-15,9183
00680L,元大美債20正2,11,0,11,群益金鼎-高雄,2024-01-15,9183
3230,錦明,11,0,11,群益金鼎-高雄,2024-01-15,9183
00633L,富邦上証正2,10,0,10,群益金鼎-高雄,2024-01-15,9183
00632R,元大台灣50反1,10,0,10,群益金鼎-高雄,2024-01-15,9183
00858,永豐美國500大,10,0,10,群益金鼎-高雄,2024-01-15,9183
00930,永豐ESG低碳高息,10,0,10,群益金鼎-高雄,2024-01-15,9183
00933B,國泰10Y+金融債,10,0,10,群益金鼎-高雄,2024-01-15,9183
2017,官田鋼,10,0,10,群益金鼎-高雄,2024-01-15,9183
2731,雄獅,12,2,10,群益金鼎-高雄,2024-01-15,9183
2836,高雄銀,10,0,10,群益金鼎-高雄,2024-01-15,9183
4804,大略-KY,10,0,10,群益金鼎-高雄,2024-01-15,9183
8096,擎亞,65,55,10,群益金鼎-高雄,2024-01-15,9183
00878,國泰永續高股息,9,0,9,群益金鼎-高雄,2024-01-15,9183
3712,永崴投控,24,15,9,群益金鼎-高雄,2024-01-15,9183
3231,緯創,42,33,9,群益金鼎-高雄,2024-01-15,9183
00918,大華優利高填息30,8,0,8,群益金鼎-高雄,2024-01-15,9183
1815,富喬,8,0,8,群益金鼎-高雄,2024-01-15,9183
2374,佳能,8,0,8,群益金鼎-高雄,2024-01-15,9183
1717,長興,1000,0,1000,群益金鼎-高雄,2024-01-16,9183
00937B,群益ESG投等債20,345,9,336,群益金鼎-高雄,2024-01-16,9183
00927,群益半導體收益,286,0,286,群益金鼎-高雄,2024-01-16,9183
8938,明安,168,0,168,群益金鼎-高雄,2024-01-16,9183
00680L,元大美債20正2,139,0,139,群益金鼎-高雄,2024-01-16,9183
00753L,中信中國50正2,108,0,108,群益金鼎-高雄,2024-01-16,9183
00929,復華台灣科技優息,116,20,96,群益金鼎-高雄,2024-01-16,9183
4714,永捷,80,0,80,群益金鼎-高雄,2024-01-16,9183
0056,元大高股息,63,2,61,群益金鼎-高雄,2024-01-16,9183
1326,台化,73,21,52,群益金鼎-高雄,2024-01-16,9183
8092,建暐,55,5,50,群益金鼎-高雄,2024-01-16,9183
00900,富邦特選高股息30,73,25,48,群益金鼎-高雄,2024-01-16,9183
1316,上曜,48,1,47,群益金鼎-高雄,2024-01-16,9183
2002,中鋼,37,2,35,群益金鼎-高雄,2024-01-16,9183
2353,宏��,54,23,31,群益金鼎-高雄,2024-01-16,9183
2344,華邦電,41,10,31,群益金鼎-高雄,2024-01-16,9183
00878,國泰永續高股息,46,16,30,群益金鼎-高雄,2024-01-16,9183
2634,漢翔,31,4,27,群益金鼎-高雄,2024-01-16,9183
2888,新光金,27,0,27,群益金鼎-高雄,2024-01-16,9183
6695,芯鼎,81,56,25,群益金鼎-高雄,2024-01-16,9183
00665L,富邦�琤肭磪囓�2,30,5,25,群益金鼎-高雄,2024-01-16,9183
2867,三商壽,25,0,25,群益金鼎-高雄,2024-01-16,9183
00881,國泰台灣5G+,22,0,22,群益金鼎-高雄,2024-01-16,9183
2883,凱基金,21,1,20,群益金鼎-高雄,2024-01-16,9183
2108,南帝,30,10,20,群益金鼎-高雄,2024-01-16,9183
6187,萬潤,55,36,19,群益金鼎-高雄,2024-01-16,9183
2887,台新金,18,0,18,群益金鼎-高雄,2024-01-16,9183
2486,一詮,51,33,18,群益金鼎-高雄,2024-01-16,9183
2892,第一金,20,2,18,群益金鼎-高雄,2024-01-16,9183
2834,臺企銀,19,2,17,群益金鼎-高雄,2024-01-16,9183
6770,力積電,16,0,16,群益金鼎-高雄,2024-01-16,9183
1314,中石化,35,20,15,群益金鼎-高雄,2024-01-16,9183
2547,日勝生,15,0,15,群益金鼎-高雄,2024-01-16,9183
00688L,國泰20年美債正2,18,5,13,群益金鼎-高雄,2024-01-16,9183
1446,宏和,13,0,13,群益金鼎-高雄,2024-01-16,9183
1612,宏泰,15,2,13,群益金鼎-高雄,2024-01-16,9183
8034,榮群,34,21,13,群益金鼎-高雄,2024-01-16,9183
2618,長榮航,25,13,12,群益金鼎-高雄,2024-01-16,9183
1301,台塑,13,1,12,群益金鼎-高雄,2024-01-16,9183
3036,文曄,27,15,12,群益金鼎-高雄,2024-01-16,9183
00919,群益台灣精選高息,27,15,12,群益金鼎-高雄,2024-01-16,9183
4961,天鈺,11,0,11,群益金鼎-高雄,2024-01-16,9183
1409,新纖,11,0,11,群益金鼎-高雄,2024-01-16,9183
2405,輔信,20,9,11,群益金鼎-高雄,2024-01-16,9183
3002,歐格,11,0,11,群益金鼎-高雄,2024-01-16,9183
00713,元大台灣高息低波,10,0,10,群益金鼎-高雄,2024-01-16,9183
2017,官田鋼,10,0,10,群益金鼎-高雄,2024-01-16,9183
2228,劍麟,10,0,10,群益金鼎-高雄,2024-01-16,9183
2836,高雄銀,10,0,10,群益金鼎-高雄,2024-01-16,9183
4939,亞電,13,3,10,群益金鼎-高雄,2024-01-16,9183
2851,中再保,330,0,330,群益金鼎-高雄,2024-01-17,9183
00929,復華台灣科技優息,244,86,158,群益金鼎-高雄,2024-01-17,9183
00680L,元大美債20正2,150,0,150,群益金鼎-高雄,2024-01-17,9183
00882,中信中國高股息,145,0,145,群益金鼎-高雄,2024-01-17,9183
2303,聯電,142,14,128,群益金鼎-高雄,2024-01-17,9183
1717,長興,105,0,105,群益金鼎-高雄,2024-01-17,9183
00933B,國泰10Y+金融債,101,0,101,群益金鼎-高雄,2024-01-17,9183
00669R,國泰美國道瓊反1,100,0,100,群益金鼎-高雄,2024-01-17,9183
6005,群益證,99,0,99,群益金鼎-高雄,2024-01-17,9183
2317,鴻海,94,3,91,群益金鼎-高雄,2024-01-17,9183
00919,群益台灣精選高息,78,1,77,群益金鼎-高雄,2024-01-17,9183
2892,第一金,76,0,76,群益金鼎-高雄,2024-01-17,9183
2610,華航,76,4,72,群益金鼎-高雄,2024-01-17,9183
1316,上曜,57,0,57,群益金鼎-高雄,2024-01-17,9183
2344,華邦電,59,3,56,群益金鼎-高雄,2024-01-17,9183
0056,元大高股息,55,1,54,群益金鼎-高雄,2024-01-17,9183
00878,國泰永續高股息,49,1,48,群益金鼎-高雄,2024-01-17,9183
00937B,群益ESG投等債20,45,10,35,群益金鼎-高雄,2024-01-17,9183
3257,虹冠電,30,0,30,群益金鼎-高雄,2024-01-17,9183
3015,全漢,29,0,29,群益金鼎-高雄,2024-01-17,9183
2337,旺宏,38,10,28,群益金鼎-高雄,2024-01-17,9183
2882,國泰金,27,0,27,群益金鼎-高雄,2024-01-17,9183
00881,國泰台灣5G+,26,0,26,群益金鼎-高雄,2024-01-17,9183
3481,群創,32,6,26,群益金鼎-高雄,2024-01-17,9183
2405,輔信,28,7,21,群益金鼎-高雄,2024-01-17,9183
2327,國巨,26,6,20,群益金鼎-高雄,2024-01-17,9183
1101,台泥,20,1,19,群益金鼎-高雄,2024-01-17,9183
1314,中石化,18,0,18,群益金鼎-高雄,2024-01-17,9183
2884,玉山金,18,1,17,群益金鼎-高雄,2024-01-17,9183
2886,兆豐金,17,1,16,群益金鼎-高雄,2024-01-17,9183
2883,凱基金,17,2,15,群益金鼎-高雄,2024-01-17,9183
3231,緯創,46,31,15,群益金鼎-高雄,2024-01-17,9183
2374,佳能,25,10,15,群益金鼎-高雄,2024-01-17,9183
2401,凌陽,21,7,14,群益金鼎-高雄,2024-01-17,9183
5512,力麒,14,0,14,群益金鼎-高雄,2024-01-17,9183
3036,文曄,30,16,14,群益金鼎-高雄,2024-01-17,9183
2885,元大金,13,0,13,群益金鼎-高雄,2024-01-17,9183
2887,台新金,13,0,13,群益金鼎-高雄,2024-01-17,9183
6116,彩晶,26,13,13,群益金鼎-高雄,2024-01-17,9183
2371,大同,35,23,12,群益金鼎-高雄,2024-01-17,9183
00927,群益半導體收益,15,3,12,群益金鼎-高雄,2024-01-17,9183
2329,華泰,42,30,12,群益金鼎-高雄,2024-01-17,9183
8111,立��,12,0,12,群益金鼎-高雄,2024-01-17,9183
6770,力積電,11,0,11,群益金鼎-高雄,2024-01-17,9183
2609,陽明,148,137,11,群益金鼎-高雄,2024-01-17,9183
00706L,期元大S＆P日圓正2,11,0,11,群益金鼎-高雄,2024-01-17,9183
2340,台亞,17,6,11,群益金鼎-高雄,2024-01-17,9183
6811,宏�硌穈T,12,1,11,群益金鼎-高雄,2024-01-17,9183
2356,英業達,18,7,11,群益金鼎-高雄,2024-01-17,9183
00773B,中信優先金融債,10,0,10,群益金鼎-高雄,2024-01-17,9183
00637L,元大滬深300正2,733,15,718,群益金鼎-高雄,2024-01-18,9183
1717,長興,600,0,600,群益金鼎-高雄,2024-01-18,9183
6120,達運,308,24,284,群益金鼎-高雄,2024-01-18,9183
8086,宏捷科,101,0,101,群益金鼎-高雄,2024-01-18,9183
2851,中再保,98,0,98,群益金鼎-高雄,2024-01-18,9183
00929,復華台灣科技優息,130,38,92,群益金鼎-高雄,2024-01-18,9183
8039,台虹,82,5,77,群益金鼎-高雄,2024-01-18,9183
00680L,元大美債20正2,74,0,74,群益金鼎-高雄,2024-01-18,9183
4960,誠美材,77,4,73,群益金鼎-高雄,2024-01-18,9183
00919,群益台灣精選高息,39,0,39,群益金鼎-高雄,2024-01-18,9183
00632R,元大台灣50反1,75,40,35,群益金鼎-高雄,2024-01-18,9183
8070,長華*,32,0,32,群益金鼎-高雄,2024-01-18,9183
00904,新光臺灣半導體30,31,0,31,群益金鼎-高雄,2024-01-18,9183
4533,協易機,30,0,30,群益金鼎-高雄,2024-01-18,9183
2886,兆豐金,37,7,30,群益金鼎-高雄,2024-01-18,9183
8092,建暐,26,0,26,群益金鼎-高雄,2024-01-18,9183
00937B,群益ESG投等債20,32,7,25,群益金鼎-高雄,2024-01-18,9183
1303,南亞,25,2,23,群益金鼎-高雄,2024-01-18,9183
00712,復華富時不動產,24,2,22,群益金鼎-高雄,2024-01-18,9183
0056,元大高股息,24,3,21,群益金鼎-高雄,2024-01-18,9183
3231,緯創,32,11,21,群益金鼎-高雄,2024-01-18,9183
1316,上曜,20,0,20,群益金鼎-高雄,2024-01-18,9183
2382,廣達,23,4,19,群益金鼎-高雄,2024-01-18,9183
5536,聖暉*,18,0,18,群益金鼎-高雄,2024-01-18,9183
00882,中信中國高股息,18,0,18,群益金鼎-高雄,2024-01-18,9183
5351,鈺創,17,0,17,群益金鼎-高雄,2024-01-18,9183
6233,旺玖,20,4,16,群益金鼎-高雄,2024-01-18,9183
2365,昆盈,15,0,15,群益金鼎-高雄,2024-01-18,9183
3006,晶豪科,15,0,15,群益金鼎-高雄,2024-01-18,9183
8422,可寧衛,15,0,15,群益金鼎-高雄,2024-01-18,9183
00878,國泰永續高股息,16,2,14,群益金鼎-高雄,2024-01-18,9183
2634,漢翔,14,0,14,群益金鼎-高雄,2024-01-18,9183
2324,仁寶,29,16,13,群益金鼎-高雄,2024-01-18,9183
3362,先進光,13,0,13,群益金鼎-高雄,2024-01-18,9183
3499,環天科,14,1,13,群益金鼎-高雄,2024-01-18,9183
9136,巨騰-DR,33,20,13,群益金鼎-高雄,2024-01-18,9183
2303,聯電,28,15,13,群益金鼎-高雄,2024-01-18,9183
1528,恩德,14,2,12,群益金鼎-高雄,2024-01-18,9183
2401,凌陽,13,1,12,群益金鼎-高雄,2024-01-18,9183
2630,亞航,12,0,12,群益金鼎-高雄,2024-01-18,9183
6285,啟��,13,2,11,群益金鼎-高雄,2024-01-18,9183
00713,元大台灣高息低波,11,0,11,群益金鼎-高雄,2024-01-18,9183
1314,中石化,11,0,11,群益金鼎-高雄,2024-01-18,9183
8112,至上,13,2,11,群益金鼎-高雄,2024-01-18,9183
6593,台灣銘板,16,6,10,群益金鼎-高雄,2024-01-18,9183
00921,兆豐龍頭等權重,10,0,10,群益金鼎-高雄,2024-01-18,9183
2834,臺企銀,10,0,10,群益金鼎-高雄,2024-01-18,9183
4563,百德,10,0,10,群益金鼎-高雄,2024-01-18,9183
5443,均豪,12,2,10,群益金鼎-高雄,2024-01-18,9183
2388,威盛,12,2,10,群益金鼎-高雄,2024-01-18,9183
00680L,元大美債20正2,133,0,133,群益金鼎-高雄,2024-01-19,9183
00933B,國泰10Y+金融債,107,10,97,群益金鼎-高雄,2024-01-19,9183
00632R,元大台灣50反1,130,35,95,群益金鼎-高雄,2024-01-19,9183
00751B,元大AAA至A公司債,101,10,91,群益金鼎-高雄,2024-01-19,9183
6187,萬潤,62,8,54,群益金鼎-高雄,2024-01-19,9183
00753L,中信中國50正2,53,0,53,群益金鼎-高雄,2024-01-19,9183
8086,宏捷科,50,0,50,群益金鼎-高雄,2024-01-19,9183
00637L,元大滬深300正2,66,20,46,群益金鼎-高雄,2024-01-19,9183
00679B,元大美債20年,47,2,45,群益金鼎-高雄,2024-01-19,9183
5426,振發,134,91,43,群益金鼎-高雄,2024-01-19,9183
3437,榮創,53,11,42,群益金鼎-高雄,2024-01-19,9183
8938,明安,42,0,42,群益金鼎-高雄,2024-01-19,9183
3520,華盈,41,0,41,群益金鼎-高雄,2024-01-19,9183
6449,鈺邦,36,1,35,群益金鼎-高雄,2024-01-19,9183
2618,長榮航,49,18,31,群益金鼎-高雄,2024-01-19,9183
00687B,國泰20年美債,32,2,30,群益金鼎-高雄,2024-01-19,9183
2014,中鴻,26,0,26,群益金鼎-高雄,2024-01-19,9183
2312,金寶,26,0,26,群益金鼎-高雄,2024-01-19,9183
00937B,群益ESG投等債20,50,25,25,群益金鼎-高雄,2024-01-19,9183
4956,光鋐,39,16,23,群益金鼎-高雄,2024-01-19,9183
00764B,群益25年美債,23,0,23,群益金鼎-高雄,2024-01-19,9183
2834,臺企銀,21,0,21,群益金鼎-高雄,2024-01-19,9183
2374,佳能,30,10,20,群益金鼎-高雄,2024-01-19,9183
00929,復華台灣科技優息,20,2,18,群益金鼎-高雄,2024-01-19,9183
2882,國泰金,14,0,14,群益金鼎-高雄,2024-01-19,9183
00931B,統一美債20年,12,0,12,群益金鼎-高雄,2024-01-19,9183
2303,聯電,29,17,12,群益金鼎-高雄,2024-01-19,9183
2352,佳世達,11,0,11,群益金鼎-高雄,2024-01-19,9183
00904,新光臺灣半導體30,10,0,10,群益金鼎-高雄,2024-01-19,9183
00795B,中信美國公債20年,10,0,10,群益金鼎-高雄,2024-01-19,9183
00665L,富邦�琤肭磪囓�2,10,0,10,群益金鼎-高雄,2024-01-19,9183
00664R,國泰臺灣加權反1,10,0,10,群益金鼎-高雄,2024-01-19,9183
00902,中信電池及儲能,10,0,10,群益金鼎-高雄,2024-01-19,9183
2883,凱基金,10,0,10,群益金鼎-高雄,2024-01-19,9183
00882,中信中國高股息,12,2,10,群益金鼎-高雄,2024-01-19,9183
0056,元大高股息,13,3,10,群益金鼎-高雄,2024-01-19,9183
6285,啟��,26,17,9,群益金鼎-高雄,2024-01-19,9183
00688L,國泰20年美債正2,15,6,9,群益金鼎-高雄,2024-01-19,9183
2450,神腦,9,0,9,群益金鼎-高雄,2024-01-19,9183
8040,九暘,12,4,8,群益金鼎-高雄,2024-01-19,9183
2489,瑞軒,8,0,8,群益金鼎-高雄,2024-01-19,9183
2609,陽明,99,92,7,群益金鼎-高雄,2024-01-19,9183
00900,富邦特選高股息30,35,28,7,群益金鼎-高雄,2024-01-19,9183
3033,威健,11,4,7,群益金鼎-高雄,2024-01-19,9183
6116,彩晶,7,0,7,群益金鼎-高雄,2024-01-19,9183
2603,長榮,15,9,6,群益金鼎-高雄,2024-01-19,9183
2377,微星,6,0,6,群益金鼎-高雄,2024-01-19,9183
00720B,元大投資級公司債,6,0,6,群益金鼎-高雄,2024-01-19,9183
1795,美時,15,9,6,群益金鼎-高雄,2024-01-19,9183
2409,友達,33,27,6,群益金鼎-高雄,2024-01-19,9183
00637L,元大滬深300正2,206,19,187,群益金鼎-高雄,2024-01-22,9183
00919,群益台灣精選高息,181,10,171,群益金鼎-高雄,2024-01-22,9183
00882,中信中國高股息,73,6,67,群益金鼎-高雄,2024-01-22,9183
2324,仁寶,76,28,48,群益金鼎-高雄,2024-01-22,9183
3231,緯創,149,102,47,群益金鼎-高雄,2024-01-22,9183
8034,榮群,47,6,41,群益金鼎-高雄,2024-01-22,9183
2618,長榮航,43,5,38,群益金鼎-高雄,2024-01-22,9183
2609,陽明,175,144,31,群益金鼎-高雄,2024-01-22,9183
1312,國喬,30,0,30,群益金鼎-高雄,2024-01-22,9183
00937B,群益ESG投等債20,32,3,29,群益金鼎-高雄,2024-01-22,9183
4109,加捷生醫,39,10,29,群益金鼎-高雄,2024-01-22,9183
00878,國泰永續高股息,60,31,29,群益金鼎-高雄,2024-01-22,9183
2486,一詮,29,2,27,群益金鼎-高雄,2024-01-22,9183
2867,三商壽,24,0,24,群益金鼎-高雄,2024-01-22,9183
3437,榮創,31,7,24,群益金鼎-高雄,2024-01-22,9183
2851,中再保,22,0,22,群益金鼎-高雄,2024-01-22,9183
2882,國泰金,23,2,21,群益金鼎-高雄,2024-01-22,9183
00632R,元大台灣50反1,20,0,20,群益金鼎-高雄,2024-01-22,9183
2014,中鴻,20,0,20,群益金鼎-高雄,2024-01-22,9183
2409,友達,21,1,20,群益金鼎-高雄,2024-01-22,9183
3576,聯合再生,18,0,18,群益金鼎-高雄,2024-01-22,9183
4154,樂威科-KY,17,0,17,群益金鼎-高雄,2024-01-22,9183
3138,耀登,16,0,16,群益金鼎-高雄,2024-01-22,9183
00706L,期元大S＆P日圓正2,15,0,15,群益金鼎-高雄,2024-01-22,9183
6285,啟��,18,4,14,群益金鼎-高雄,2024-01-22,9183
00679B,元大美債20年,13,1,12,群益金鼎-高雄,2024-01-22,9183
2606,裕民,12,0,12,群益金鼎-高雄,2024-01-22,9183
2329,華泰,48,37,11,群益金鼎-高雄,2024-01-22,9183
00665L,富邦�琤肭磪囓�2,16,5,11,群益金鼎-高雄,2024-01-22,9183
00922,國泰台灣領袖50,11,0,11,群益金鼎-高雄,2024-01-22,9183
6770,力積電,10,0,10,群益金鼎-高雄,2024-01-22,9183
1305,華夏,10,0,10,群益金鼎-高雄,2024-01-22,9183
2615,萬海,10,0,10,群益金鼎-高雄,2024-01-22,9183
6155,鈞寶,10,0,10,群益金鼎-高雄,2024-01-22,9183
4906,正文,12,3,9,群益金鼎-高雄,2024-01-22,9183
2208,台船,10,1,9,群益金鼎-高雄,2024-01-22,9183
2374,佳能,10,1,9,群益金鼎-高雄,2024-01-22,9183
5905,南仁湖,10,1,9,群益金鼎-高雄,2024-01-22,9183
2388,威盛,10,1,9,群益金鼎-高雄,2024-01-22,9183
2353,宏��,63,54,9,群益金鼎-高雄,2024-01-22,9183
1528,恩德,16,8,8,群益金鼎-高雄,2024-01-22,9183
2884,玉山金,9,1,8,群益金鼎-高雄,2024-01-22,9183
6239,力成,10,3,7,群益金鼎-高雄,2024-01-22,9183
1717,長興,7,0,7,群益金鼎-高雄,2024-01-22,9183
2889,國票金,7,0,7,群益金鼎-高雄,2024-01-22,9183
3588,通嘉,7,0,7,群益金鼎-高雄,2024-01-22,9183
6550,北極星藥業-KY,7,0,7,群益金鼎-高雄,2024-01-22,9183
2603,長榮,13,7,6,群益金鼎-高雄,2024-01-22,9183
6139,亞翔,6,0,6,群益金鼎-高雄,2024-01-22,9183
2314,台揚,8,2,6,群益金鼎-高雄,2024-01-22,9183
00937B,群益ESG投等債20,114,1,113,群益金鼎-高雄,2024-01-23,9183
2208,台船,86,22,64,群益金鼎-高雄,2024-01-23,9183
1717,長興,50,0,50,群益金鼎-高雄,2024-01-23,9183
00933B,國泰10Y+金融債,39,0,39,群益金鼎-高雄,2024-01-23,9183
3149,正達,37,0,37,群益金鼎-高雄,2024-01-23,9183
6187,萬潤,38,3,35,群益金鼎-高雄,2024-01-23,9183
020034,元大IC設計N,32,0,32,群益金鼎-高雄,2024-01-23,9183
3664,安瑞-KY,30,0,30,群益金鼎-高雄,2024-01-23,9183
2867,三商壽,20,0,20,群益金鼎-高雄,2024-01-23,9183
2886,兆豐金,19,0,19,群益金鼎-高雄,2024-01-23,9183
2355,敬鵬,21,2,19,群益金鼎-高雄,2024-01-23,9183
1216,統一,17,0,17,群益金鼎-高雄,2024-01-23,9183
2324,仁寶,19,3,16,群益金鼎-高雄,2024-01-23,9183
3694,海華,26,11,15,群益金鼎-高雄,2024-01-23,9183
6547,高端疫苗,15,0,15,群益金鼎-高雄,2024-01-23,9183
2332,友訊,16,2,14,群益金鼎-高雄,2024-01-23,9183
6243,迅杰,21,8,13,群益金鼎-高雄,2024-01-23,9183
3189,景碩,16,4,12,群益金鼎-高雄,2024-01-23,9183
6593,台灣銘板,16,4,12,群益金鼎-高雄,2024-01-23,9183
2002,中鋼,14,2,12,群益金鼎-高雄,2024-01-23,9183
1326,台化,11,0,11,群益金鼎-高雄,2024-01-23,9183
2449,京元電子,16,5,11,群益金鼎-高雄,2024-01-23,9183
1810,和成,10,0,10,群益金鼎-高雄,2024-01-23,9183
5498,凱崴,10,0,10,群益金鼎-高雄,2024-01-23,9183
8034,榮群,42,32,10,群益金鼎-高雄,2024-01-23,9183
910322,康師傅-DR,10,0,10,群益金鼎-高雄,2024-01-23,9183
2882,國泰金,15,6,9,群益金鼎-高雄,2024-01-23,9183
3321,同泰,9,0,9,群益金鼎-高雄,2024-01-23,9183
1102,亞泥,10,1,9,群益金鼎-高雄,2024-01-23,9183
4154,樂威科-KY,15,7,8,群益金鼎-高雄,2024-01-23,9183
2887,台新金,7,0,7,群益金鼎-高雄,2024-01-23,9183
6117,迎廣,13,6,7,群益金鼎-高雄,2024-01-23,9183
1471,首利,7,0,7,群益金鼎-高雄,2024-01-23,9183
2385,群光,6,0,6,群益金鼎-高雄,2024-01-23,9183
2607,榮運,10,4,6,群益金鼎-高雄,2024-01-23,9183
2891,中信金,6,0,6,群益金鼎-高雄,2024-01-23,9183
3035,智原,24,18,6,群益金鼎-高雄,2024-01-23,9183
1795,美時,18,13,5,群益金鼎-高雄,2024-01-23,9183
00902,中信電池及儲能,5,0,5,群益金鼎-高雄,2024-01-23,9183
00688L,國泰20年美債正2,5,0,5,群益金鼎-高雄,2024-01-23,9183
00687B,國泰20年美債,5,0,5,群益金鼎-高雄,2024-01-23,9183
1316,上曜,5,0,5,群益金鼎-高雄,2024-01-23,9183
3264,欣銓,6,1,5,群益金鼎-高雄,2024-01-23,9183
6695,芯鼎,16,11,5,群益金鼎-高雄,2024-01-23,9183
3623,富晶通,4,0,4,群益金鼎-高雄,2024-01-23,9183
2301,光寶科,5,1,4,群益金鼎-高雄,2024-01-23,9183
3706,神達,29,25,4,群益金鼎-高雄,2024-01-23,9183
2352,佳世達,6,2,4,群益金鼎-高雄,2024-01-23,9183
3489,森寶,4,0,4,群益金鼎-高雄,2024-01-23,9183
5403,中菲,4,0,4,群益金鼎-高雄,2024-01-23,9183
00933B,國泰10Y+金融債,99,0,99,群益金鼎-高雄,2024-01-24,9183
00937B,群益ESG投等債20,51,0,51,群益金鼎-高雄,2024-01-24,9183
3437,榮創,46,0,46,群益金鼎-高雄,2024-01-24,9183
4961,天鈺,44,0,44,群益金鼎-高雄,2024-01-24,9183
8121,越峰,29,0,29,群益金鼎-高雄,2024-01-24,9183
2337,旺宏,26,0,26,群益金鼎-高雄,2024-01-24,9183
8261,富鼎,22,0,22,群益金鼎-高雄,2024-01-24,9183
2409,友達,35,14,21,群益金鼎-高雄,2024-01-24,9183
6785,昱展新藥,23,2,21,群益金鼎-高雄,2024-01-24,9183
5521,工信,24,4,20,群益金鼎-高雄,2024-01-24,9183
00637L,元大滬深300正2,24,5,19,群益金鼎-高雄,2024-01-24,9183
2489,瑞軒,20,2,18,群益金鼎-高雄,2024-01-24,9183
020034,元大IC設計N,18,0,18,群益金鼎-高雄,2024-01-24,9183
00688L,國泰20年美債正2,17,0,17,群益金鼎-高雄,2024-01-24,9183
00882,中信中國高股息,20,3,17,群益金鼎-高雄,2024-01-24,9183
2329,華泰,20,4,16,群益金鼎-高雄,2024-01-24,9183
2884,玉山金,15,0,15,群益金鼎-高雄,2024-01-24,9183
4154,樂威科-KY,23,8,15,群益金鼎-高雄,2024-01-24,9183
2355,敬鵬,19,6,13,群益金鼎-高雄,2024-01-24,9183
2316,楠梓電,13,1,12,群益金鼎-高雄,2024-01-24,9183
00891,中信關鍵半導體,11,0,11,群益金鼎-高雄,2024-01-24,9183
00680L,元大美債20正2,11,0,11,群益金鼎-高雄,2024-01-24,9183
2401,凌陽,11,1,10,群益金鼎-高雄,2024-01-24,9183
3653,健策,11,1,10,群益金鼎-高雄,2024-01-24,9183
1305,華夏,10,0,10,群益金鼎-高雄,2024-01-24,9183
1722,台肥,10,0,10,群益金鼎-高雄,2024-01-24,9183
2485,兆赫,11,1,10,群益金鼎-高雄,2024-01-24,9183
3236,千如,10,0,10,群益金鼎-高雄,2024-01-24,9183
4188,安克,10,0,10,群益金鼎-高雄,2024-01-24,9183
6155,鈞寶,10,0,10,群益金鼎-高雄,2024-01-24,9183
6168,宏齊,10,0,10,群益金鼎-高雄,2024-01-24,9183
6176,瑞儀,10,0,10,群益金鼎-高雄,2024-01-24,9183
6237,驊訊,44,34,10,群益金鼎-高雄,2024-01-24,9183
2313,華通,39,30,9,群益金鼎-高雄,2024-01-24,9183
4909,新復興,40,31,9,群益金鼎-高雄,2024-01-24,9183
2324,仁寶,15,7,8,群益金鼎-高雄,2024-01-24,9183
2460,建通,10,2,8,群益金鼎-高雄,2024-01-24,9183
6163,華電網,8,0,8,群益金鼎-高雄,2024-01-24,9183
1514,亞力,23,15,8,群益金鼎-高雄,2024-01-24,9183
00687B,國泰20年美債,7,0,7,群益金鼎-高雄,2024-01-24,9183
6235,華孚,7,0,7,群益金鼎-高雄,2024-01-24,9183
3712,永崴投控,7,1,6,群益金鼎-高雄,2024-01-24,9183
3231,緯創,28,22,6,群益金鼎-高雄,2024-01-24,9183
2882,國泰金,6,0,6,群益金鼎-高雄,2024-01-24,9183
2344,華邦電,17,11,6,群益金鼎-高雄,2024-01-24,9183
2603,長榮,14,8,6,群益金鼎-高雄,2024-01-24,9183
2610,華航,10,4,6,群益金鼎-高雄,2024-01-24,9183
3025,星通,6,0,6,群益金鼎-高雄,2024-01-24,9183
6111,大宇資,6,0,6,群益金鼎-高雄,2024-01-24,9183
1519,華城,25,19,6,群益金鼎-高雄,2024-01-24,9183
00632R,元大台灣50反1,1500,848,652,群益金鼎-高雄,2024-01-25,9183
00933B,國泰10Y+金融債,110,14,96,群益金鼎-高雄,2024-01-25,9183
1301,台塑,74,1,73,群益金鼎-高雄,2024-01-25,9183
00687B,國泰20年美債,71,0,71,群益金鼎-高雄,2024-01-25,9183
9105,泰金寶-DR,145,90,55,群益金鼎-高雄,2024-01-25,9183
8086,宏捷科,50,0,50,群益金鼎-高雄,2024-01-25,9183
00937B,群益ESG投等債20,45,2,43,群益金鼎-高雄,2024-01-25,9183
8096,擎亞,81,52,29,群益金鼎-高雄,2024-01-25,9183
2610,華航,26,0,26,群益金鼎-高雄,2024-01-25,9183
3481,群創,47,26,21,群益金鼎-高雄,2024-01-25,9183
2426,鼎元,20,0,20,群益金鼎-高雄,2024-01-25,9183
2365,昆盈,54,34,20,群益金鼎-高雄,2024-01-25,9183
00680L,元大美債20正2,19,0,19,群益金鼎-高雄,2024-01-25,9183
8070,長華*,18,0,18,群益金鼎-高雄,2024-01-25,9183
00679B,元大美債20年,19,1,18,群益金鼎-高雄,2024-01-25,9183
00919,群益台灣精選高息,20,4,16,群益金鼎-高雄,2024-01-25,9183
5351,鈺創,21,5,16,群益金鼎-高雄,2024-01-25,9183
2356,英業達,28,13,15,群益金鼎-高雄,2024-01-25,9183
6233,旺玖,13,0,13,群益金鼎-高雄,2024-01-25,9183
2353,宏��,31,19,12,群益金鼎-高雄,2024-01-25,9183
2301,光寶科,12,1,11,群益金鼎-高雄,2024-01-25,9183
00751B,元大AAA至A公司債,11,0,11,群益金鼎-高雄,2024-01-25,9183
1582,信錦,11,0,11,群益金鼎-高雄,2024-01-25,9183
3059,華晶科,51,40,11,群益金鼎-高雄,2024-01-25,9183
3178,公準,11,0,11,群益金鼎-高雄,2024-01-25,9183
3615,安可,38,27,11,群益金鼎-高雄,2024-01-25,9183
6113,亞矽,30,19,11,群益金鼎-高雄,2024-01-25,9183
6411,晶焱,19,8,11,群益金鼎-高雄,2024-01-25,9183
2340,台亞,10,0,10,群益金鼎-高雄,2024-01-25,9183
2367,燿華,10,0,10,群益金鼎-高雄,2024-01-25,9183
2425,承啟,10,0,10,群益金鼎-高雄,2024-01-25,9183
6108,競國,13,3,10,群益金鼎-高雄,2024-01-25,9183
8064,東捷,10,0,10,群益金鼎-高雄,2024-01-25,9183
2812,台中銀,10,0,10,群益金鼎-高雄,2024-01-25,9183
2890,永豐金,10,1,9,群益金鼎-高雄,2024-01-25,9183
3437,榮創,9,1,8,群益金鼎-高雄,2024-01-25,9183
6285,啟��,8,0,8,群益金鼎-高雄,2024-01-25,9183
4961,天鈺,7,0,7,群益金鼎-高雄,2024-01-25,9183
020034,元大IC設計N,7,0,7,群益金鼎-高雄,2024-01-25,9183
2338,光罩,7,0,7,群益金鼎-高雄,2024-01-25,9183
00688L,國泰20年美債正2,6,0,6,群益金鼎-高雄,2024-01-25,9183
1528,恩德,7,1,6,群益金鼎-高雄,2024-01-25,9183
2374,佳能,28,22,6,群益金鼎-高雄,2024-01-25,9183
2450,神腦,6,0,6,群益金鼎-高雄,2024-01-25,9183
2482,連宇,6,0,6,群益金鼎-高雄,2024-01-25,9183
3363,上詮,11,5,6,群益金鼎-高雄,2024-01-25,9183
3563,牧德,6,0,6,群益金鼎-高雄,2024-01-25,9183
8358,金居,6,0,6,群益金鼎-高雄,2024-01-25,9183
9945,潤泰新,6,0,6,群益金鼎-高雄,2024-01-25,9183
1438,三地開發,6,0,6,群益金鼎-高雄,2024-01-25,9183
00632R,元大台灣50反1,1015,5,1010,群益金鼎-高雄,2024-01-26,9183
2303,聯電,197,13,184,群益金鼎-高雄,2024-01-26,9183
9105,泰金寶-DR,402,249,153,群益金鼎-高雄,2024-01-26,9183
00687B,國泰20年美債,151,10,141,群益金鼎-高雄,2024-01-26,9183
3535,晶彩科,124,46,78,群益金鼎-高雄,2024-01-26,9183
00688L,國泰20年美債正2,44,0,44,群益金鼎-高雄,2024-01-26,9183
3483,力致,42,2,40,群益金鼎-高雄,2024-01-26,9183
00929,復華台灣科技優息,34,0,34,群益金鼎-高雄,2024-01-26,9183
8054,安國,38,6,32,群益金鼎-高雄,2024-01-26,9183
00933B,國泰10Y+金融債,32,0,32,群益金鼎-高雄,2024-01-26,9183
4961,天鈺,30,0,30,群益金鼎-高雄,2024-01-26,9183
8086,宏捷科,30,0,30,群益金鼎-高雄,2024-01-26,9183
2353,宏��,52,25,27,群益金鼎-高雄,2024-01-26,9183
00637L,元大滬深300正2,33,8,25,群益金鼎-高雄,2024-01-26,9183
2609,陽明,35,10,25,群益金鼎-高雄,2024-01-26,9183
2618,長榮航,40,16,24,群益金鼎-高雄,2024-01-26,9183
5880,合庫金,26,2,24,群益金鼎-高雄,2024-01-26,9183
00937B,群益ESG投等債20,24,2,22,群益金鼎-高雄,2024-01-26,9183
1799,易威,22,0,22,群益金鼎-高雄,2024-01-26,9183
00900,富邦特選高股息30,31,10,21,群益金鼎-高雄,2024-01-26,9183
8070,長華*,21,0,21,群益金鼎-高雄,2024-01-26,9183
2022,聚亨,20,0,20,群益金鼎-高雄,2024-01-26,9183
00680L,元大美債20正2,20,4,16,群益金鼎-高雄,2024-01-26,9183
3712,永崴投控,17,1,16,群益金鼎-高雄,2024-01-26,9183
2371,大同,42,28,14,群益金鼎-高雄,2024-01-26,9183
2406,國碩,15,2,13,群益金鼎-高雄,2024-01-26,9183
3390,旭軟,15,2,13,群益金鼎-高雄,2024-01-26,9183
6233,旺玖,13,0,13,群益金鼎-高雄,2024-01-26,9183
3380,明泰,14,1,13,群益金鼎-高雄,2024-01-26,9183
2324,仁寶,28,16,12,群益金鼎-高雄,2024-01-26,9183
00918,大華優利高填息30,12,0,12,群益金鼎-高雄,2024-01-26,9183
3231,緯創,38,27,11,群益金鼎-高雄,2024-01-26,9183
00891,中信關鍵半導體,10,0,10,群益金鼎-高雄,2024-01-26,9183
020034,元大IC設計N,10,0,10,群益金鼎-高雄,2024-01-26,9183
1438,三地開發,10,0,10,群益金鼎-高雄,2024-01-26,9183
2412,中華電,10,0,10,群益金鼎-高雄,2024-01-26,9183
3055,蔚華科,10,0,10,群益金鼎-高雄,2024-01-26,9183
4552,力達-KY,10,0,10,群益金鼎-高雄,2024-01-26,9183
5905,南仁湖,10,0,10,群益金鼎-高雄,2024-01-26,9183
6695,芯鼎,13,3,10,群益金鼎-高雄,2024-01-26,9183
1528,恩德,9,0,9,群益金鼎-高雄,2024-01-26,9183
2382,廣達,19,10,9,群益金鼎-高雄,2024-01-26,9183
3437,榮創,9,1,8,群益金鼎-高雄,2024-01-26,9183
6237,驊訊,13,5,8,群益金鼎-高雄,2024-01-26,9183
1301,台塑,9,2,7,群益金鼎-高雄,2024-01-26,9183
0061,元大寶滬深,7,0,7,群益金鼎-高雄,2024-01-26,9183
1101,台泥,7,0,7,群益金鼎-高雄,2024-01-26,9183
5521,工信,7,0,7,群益金鼎-高雄,2024-01-26,9183
6163,華電網,7,0,7,群益金鼎-高雄,2024-01-26,9183
6235,華孚,11,5,6,群益金鼎-高雄,2024-01-26,9183
8027,鈦昇,136,5,131,群益金鼎-高雄,2024-01-29,9183
9105,泰金寶-DR,94,19,75,群益金鼎-高雄,2024-01-29,9183
8071,能率網通,71,10,61,群益金鼎-高雄,2024-01-29,9183
00687B,國泰20年美債,76,30,46,群益金鼎-高雄,2024-01-29,9183
4729,熒茂,52,8,44,群益金鼎-高雄,2024-01-29,9183
00632R,元大台灣50反1,36,0,36,群益金鼎-高雄,2024-01-29,9183
00937B,群益ESG投等債20,33,0,33,群益金鼎-高雄,2024-01-29,9183
2344,華邦電,48,21,27,群益金鼎-高雄,2024-01-29,9183
3622,洋華,23,1,22,群益金鼎-高雄,2024-01-29,9183
00919,群益台灣精選高息,22,1,21,群益金鼎-高雄,2024-01-29,9183
5328,華容,20,0,20,群益金鼎-高雄,2024-01-29,9183
2337,旺宏,20,2,18,群益金鼎-高雄,2024-01-29,9183
00633L,富邦上証正2,17,2,15,群益金鼎-高雄,2024-01-29,9183
8070,長華*,15,0,15,群益金鼎-高雄,2024-01-29,9183
2356,英業達,21,7,14,群益金鼎-高雄,2024-01-29,9183
2409,友達,26,12,14,群益金鼎-高雄,2024-01-29,9183
3492,長盛,14,0,14,群益金鼎-高雄,2024-01-29,9183
00933B,國泰10Y+金融債,13,0,13,群益金鼎-高雄,2024-01-29,9183
00680L,元大美債20正2,22,10,12,群益金鼎-高雄,2024-01-29,9183
2034,允強,12,0,12,群益金鼎-高雄,2024-01-29,9183
1809,中釉,13,2,11,群益金鼎-高雄,2024-01-29,9183
2014,中鴻,10,0,10,群益金鼎-高雄,2024-01-29,9183
2867,三商壽,10,0,10,群益金鼎-高雄,2024-01-29,9183
4154,樂威科-KY,13,3,10,群益金鼎-高雄,2024-01-29,9183
4414,如興,10,0,10,群益金鼎-高雄,2024-01-29,9183
6179,亞通,19,9,10,群益金鼎-高雄,2024-01-29,9183
6550,北極星藥業-KY,10,0,10,群益金鼎-高雄,2024-01-29,9183
020034,元大IC設計N,9,0,9,群益金鼎-高雄,2024-01-29,9183
3036,文曄,26,17,9,群益金鼎-高雄,2024-01-29,9183
3483,力致,13,5,8,群益金鼎-高雄,2024-01-29,9183
2882,國泰金,7,0,7,群益金鼎-高雄,2024-01-29,9183
2382,廣達,20,13,7,群益金鼎-高雄,2024-01-29,9183
4908,前鼎,15,8,7,群益金鼎-高雄,2024-01-29,9183
3360,尚立,10,4,6,群益金鼎-高雄,2024-01-29,9183
2610,華航,12,6,6,群益金鼎-高雄,2024-01-29,9183
2801,彰銀,6,0,6,群益金鼎-高雄,2024-01-29,9183
3006,晶豪科,6,0,6,群益金鼎-高雄,2024-01-29,9183
4161,聿新科,6,0,6,群益金鼎-高雄,2024-01-29,9183
4938,和碩,6,0,6,群益金鼎-高雄,2024-01-29,9183
5521,工信,6,0,6,群益金鼎-高雄,2024-01-29,9183
6167,久正,6,0,6,群益金鼎-高雄,2024-01-29,9183
5484,慧友,6,0,6,群益金鼎-高雄,2024-01-29,9183
1316,上曜,9,4,5,群益金鼎-高雄,2024-01-29,9183
2887,台新金,5,0,5,群益金鼎-高雄,2024-01-29,9183
2301,光寶科,5,0,5,群益金鼎-高雄,2024-01-29,9183
00753L,中信中國50正2,5,0,5,群益金鼎-高雄,2024-01-29,9183
00706L,期元大S＆P日圓正2,5,0,5,群益金鼎-高雄,2024-01-29,9183
1217,愛之味,5,0,5,群益金鼎-高雄,2024-01-29,9183
2390,云辰,5,0,5,群益金鼎-高雄,2024-01-29,9183
2444,兆勁,5,0,5,群益金鼎-高雄,2024-01-29,9183
9105,泰金寶-DR,224,59,165,群益金鼎-高雄,2024-01-30,9183
00929,復華台灣科技優息,105,2,103,群益金鼎-高雄,2024-01-30,9183
00680L,元大美債20正2,108,12,96,群益金鼎-高雄,2024-01-30,9183
4729,熒茂,88,2,86,群益金鼎-高雄,2024-01-30,9183
00937B,群益ESG投等債20,59,16,43,群益金鼎-高雄,2024-01-30,9183
6243,迅杰,40,2,38,群益金鼎-高雄,2024-01-30,9183
00673R,期元大S＆P原油反1,37,0,37,群益金鼎-高雄,2024-01-30,9183
00933B,國泰10Y+金融債,36,0,36,群益金鼎-高雄,2024-01-30,9183
2337,旺宏,50,15,35,群益金鼎-高雄,2024-01-30,9183
1799,易威,32,0,32,群益金鼎-高雄,2024-01-30,9183
2014,中鴻,26,7,19,群益金鼎-高雄,2024-01-30,9183
4154,樂威科-KY,66,47,19,群益金鼎-高雄,2024-01-30,9183
3558,神準,19,1,18,群益金鼎-高雄,2024-01-30,9183
2356,英業達,22,5,17,群益金鼎-高雄,2024-01-30,9183
6233,旺玖,17,0,17,群益金鼎-高雄,2024-01-30,9183
5880,合庫金,18,2,16,群益金鼎-高雄,2024-01-30,9183
8936,國統,17,1,16,群益金鼎-高雄,2024-01-30,9183
2344,華邦電,15,0,15,群益金鼎-高雄,2024-01-30,9183
2467,志聖,17,2,15,群益金鼎-高雄,2024-01-30,9183
2482,連宇,15,0,15,群益金鼎-高雄,2024-01-30,9183
9136,巨騰-DR,25,10,15,群益金鼎-高雄,2024-01-30,9183
2609,陽明,28,14,14,群益金鼎-高雄,2024-01-30,9183
4720,德淵,18,4,14,群益金鼎-高雄,2024-01-30,9183
00885,富邦越南,28,15,13,群益金鼎-高雄,2024-01-30,9183
3231,緯創,38,26,12,群益金鼎-高雄,2024-01-30,9183
2324,仁寶,16,4,12,群益金鼎-高雄,2024-01-30,9183
2615,萬海,12,0,12,群益金鼎-高雄,2024-01-30,9183
2867,三商壽,12,0,12,群益金鼎-高雄,2024-01-30,9183
4804,大略-KY,12,0,12,群益金鼎-高雄,2024-01-30,9183
2890,永豐金,11,0,11,群益金鼎-高雄,2024-01-30,9183
00722B,群益投資級電信債,10,0,10,群益金鼎-高雄,2024-01-30,9183
00772B,中信高評級公司債,10,0,10,群益金鼎-高雄,2024-01-30,9183
00931B,統一美債20年,10,0,10,群益金鼎-高雄,2024-01-30,9183
1815,富喬,10,0,10,群益金鼎-高雄,2024-01-30,9183
2607,榮運,10,0,10,群益金鼎-高雄,2024-01-30,9183
3005,神基,14,4,10,群益金鼎-高雄,2024-01-30,9183
9934,成霖,10,0,10,群益金鼎-高雄,2024-01-30,9183
2027,大成鋼,10,1,9,群益金鼎-高雄,2024-01-30,9183
6462,神盾,26,17,9,群益金鼎-高雄,2024-01-30,9183
1101,台泥,9,1,8,群益金鼎-高雄,2024-01-30,9183
020034,元大IC設計N,8,0,8,群益金鼎-高雄,2024-01-30,9183
2882,國泰金,10,2,8,群益金鼎-高雄,2024-01-30,9183
6026,福邦證,8,0,8,群益金鼎-高雄,2024-01-30,9183
2886,兆豐金,12,5,7,群益金鼎-高雄,2024-01-30,9183
2409,友達,14,7,7,群益金鼎-高雄,2024-01-30,9183
00753L,中信中國50正2,28,21,7,群益金鼎-高雄,2024-01-30,9183
1312,國喬,7,0,7,群益金鼎-高雄,2024-01-30,9183
2313,華通,15,8,7,群益金鼎-高雄,2024-01-30,9183
2486,一詮,9,2,7,群益金鼎-高雄,2024-01-30,9183
4162,智擎,7,0,7,群益金鼎-高雄,2024-01-30,9183
8938,明安,58,0,58,群益金鼎-高雄,2024-01-31,9183
3138,耀登,56,2,54,群益金鼎-高雄,2024-01-31,9183
00673R,期元大S＆P原油反1,52,1,51,群益金鼎-高雄,2024-01-31,9183
4729,熒茂,50,1,49,群益金鼎-高雄,2024-01-31,9183
00753L,中信中國50正2,54,10,44,群益金鼎-高雄,2024-01-31,9183
00679B,元大美債20年,39,1,38,群益金鼎-高雄,2024-01-31,9183
2303,聯電,41,4,37,群益金鼎-高雄,2024-01-31,9183
2618,長榮航,34,3,31,群益金鼎-高雄,2024-01-31,9183
00929,復華台灣科技優息,27,0,27,群益金鼎-高雄,2024-01-31,9183
2365,昆盈,30,5,25,群益金鼎-高雄,2024-01-31,9183
3615,安可,130,105,25,群益金鼎-高雄,2024-01-31,9183
3706,神達,46,21,25,群益金鼎-高雄,2024-01-31,9183
1799,易威,22,2,20,群益金鼎-高雄,2024-01-31,9183
2867,三商壽,19,0,19,群益金鼎-高雄,2024-01-31,9183
2353,宏��,32,16,16,群益金鼎-高雄,2024-01-31,9183
3515,華擎,16,0,16,群益金鼎-高雄,2024-01-31,9183
3231,緯創,27,11,16,群益金鼎-高雄,2024-01-31,9183
4804,大略-KY,15,0,15,群益金鼎-高雄,2024-01-31,9183
00687B,國泰20年美債,15,0,15,群益金鼎-高雄,2024-01-31,9183
3481,群創,21,8,13,群益金鼎-高雄,2024-01-31,9183
4960,誠美材,14,1,13,群益金鼎-高雄,2024-01-31,9183
3535,晶彩科,63,51,12,群益金鼎-高雄,2024-01-31,9183
2330,台積電,12,0,12,群益金鼎-高雄,2024-01-31,9183
00933B,國泰10Y+金融債,13,2,11,群益金鼎-高雄,2024-01-31,9183
2344,華邦電,10,0,10,群益金鼎-高雄,2024-01-31,9183
00633L,富邦上証正2,10,0,10,群益金鼎-高雄,2024-01-31,9183
00918,大華優利高填息30,10,0,10,群益金鼎-高雄,2024-01-31,9183
2406,國碩,10,0,10,群益金鼎-高雄,2024-01-31,9183
4952,凌通,10,0,10,群益金鼎-高雄,2024-01-31,9183
6163,華電網,10,0,10,群益金鼎-高雄,2024-01-31,9183
6425,易發,10,0,10,群益金鼎-高雄,2024-01-31,9183
9907,統一實,10,0,10,群益金鼎-高雄,2024-01-31,9183
5426,振發,21,12,9,群益金鼎-高雄,2024-01-31,9183
6593,台灣銘板,27,18,9,群益金鼎-高雄,2024-01-31,9183
2465,麗臺,14,5,9,群益金鼎-高雄,2024-01-31,9183
2014,中鴻,9,1,8,群益金鼎-高雄,2024-01-31,9183
6488,環球晶,8,0,8,群益金鼎-高雄,2024-01-31,9183
8210,勤誠,9,1,8,群益金鼎-高雄,2024-01-31,9183
3545,敦泰,12,5,7,群益金鼎-高雄,2024-01-31,9183
2363,矽統,13,6,7,群益金鼎-高雄,2024-01-31,9183
2883,凱基金,8,1,7,群益金鼎-高雄,2024-01-31,9183
00912,中信臺灣智慧50,6,0,6,群益金鼎-高雄,2024-01-31,9183
2359,所羅門,7,1,6,群益金鼎-高雄,2024-01-31,9183
3360,尚立,19,13,6,群益金鼎-高雄,2024-01-31,9183
3450,聯鈞,8,2,6,群益金鼎-高雄,2024-01-31,9183
5347,世界,6,0,6,群益金鼎-高雄,2024-01-31,9183
6142,友勁,6,0,6,群益金鼎-高雄,2024-01-31,9183
2308,台達電,6,0,6,群益金鼎-高雄,2024-01-31,9183
2367,燿華,5,0,5,群益金鼎-高雄,2024-01-31,9183
2382,廣達,14,9,5,群益金鼎-高雄,2024-01-31,9183
00764B,群益25年美債,90,0,90,群益金鼎-高雄,2024-02-01,9183
00687B,國泰20年美債,79,1,78,群益金鼎-高雄,2024-02-01,9183
3615,安可,80,11,69,群益金鼎-高雄,2024-02-01,9183
4729,熒茂,67,1,66,群益金鼎-高雄,2024-02-01,9183
9907,統一實,62,3,59,群益金鼎-高雄,2024-02-01,9183
00929,復華台灣科技優息,38,0,38,群益金鼎-高雄,2024-02-01,9183
2025,千興,32,0,32,群益金鼎-高雄,2024-02-01,9183
9136,巨騰-DR,30,0,30,群益金鼎-高雄,2024-02-01,9183
5210,寶碩,30,2,28,群益金鼎-高雄,2024-02-01,9183
6505,台塑化,33,6,27,群益金鼎-高雄,2024-02-01,9183
8011,台通,28,3,25,群益金鼎-高雄,2024-02-01,9183
00751B,元大AAA至A公司債,20,0,20,群益金鼎-高雄,2024-02-01,9183
00700,富邦�琤肭磪�,20,0,20,群益金鼎-高雄,2024-02-01,9183
1464,得力,21,1,20,群益金鼎-高雄,2024-02-01,9183
00893,國泰智能電動車,20,1,19,群益金鼎-高雄,2024-02-01,9183
2409,友達,19,1,18,群益金鼎-高雄,2024-02-01,9183
6187,萬潤,20,2,18,群益金鼎-高雄,2024-02-01,9183
4154,樂威科-KY,16,0,16,群益金鼎-高雄,2024-02-01,9183
00878,國泰永續高股息,17,2,15,群益金鼎-高雄,2024-02-01,9183
6116,彩晶,18,3,15,群益金鼎-高雄,2024-02-01,9183
8936,國統,34,20,14,群益金鼎-高雄,2024-02-01,9183
8070,長華*,12,0,12,群益金鼎-高雄,2024-02-01,9183
2356,英業達,18,6,12,群益金鼎-高雄,2024-02-01,9183
2812,台中銀,20,9,11,群益金鼎-高雄,2024-02-01,9183
2449,京元電子,11,0,11,群益金鼎-高雄,2024-02-01,9183
00933B,國泰10Y+金融債,21,10,11,群益金鼎-高雄,2024-02-01,9183
4720,德淵,11,0,11,群益金鼎-高雄,2024-02-01,9183
5347,世界,10,0,10,群益金鼎-高雄,2024-02-01,9183
1316,上曜,10,0,10,群益金鼎-高雄,2024-02-01,9183
2504,國產,10,0,10,群益金鼎-高雄,2024-02-01,9183
3545,敦泰,11,1,10,群益金鼎-高雄,2024-02-01,9183
6274,台燿,13,3,10,群益金鼎-高雄,2024-02-01,9183
3289,宜特,23,14,9,群益金鼎-高雄,2024-02-01,9183
2376,技嘉,28,19,9,群益金鼎-高雄,2024-02-01,9183
2454,聯發科,9,1,8,群益金鼎-高雄,2024-02-01,9183
3363,上詮,52,44,8,群益金鼎-高雄,2024-02-01,9183
020034,元大IC設計N,8,0,8,群益金鼎-高雄,2024-02-01,9183
3622,洋華,22,14,8,群益金鼎-高雄,2024-02-01,9183
2886,兆豐金,10,2,8,群益金鼎-高雄,2024-02-01,9183
2108,南帝,7,0,7,群益金鼎-高雄,2024-02-01,9183
00882,中信中國高股息,6,0,6,群益金鼎-高雄,2024-02-01,9183
3494,誠研,6,0,6,群益金鼎-高雄,2024-02-01,9183
5521,工信,6,0,6,群益金鼎-高雄,2024-02-01,9183
6233,旺玖,6,0,6,群益金鼎-高雄,2024-02-01,9183
3481,群創,20,15,5,群益金鼎-高雄,2024-02-01,9183
3715,定穎投控,11,6,5,群益金鼎-高雄,2024-02-01,9183
00900,富邦特選高股息30,100,95,5,群益金鼎-高雄,2024-02-01,9183
00688L,國泰20年美債正2,5,0,5,群益金鼎-高雄,2024-02-01,9183
2374,佳能,10,5,5,群益金鼎-高雄,2024-02-01,9183
2436,偉詮電,5,0,5,群益金鼎-高雄,2024-02-01,9183
00933B,國泰10Y+金融債,163,1,162,群益金鼎-高雄,2024-02-02,9183
00937B,群益ESG投等債20,127,16,111,群益金鼎-高雄,2024-02-02,9183
9907,統一實,70,0,70,群益金鼎-高雄,2024-02-02,9183
00712,復華富時不動產,49,0,49,群益金鼎-高雄,2024-02-02,9183
00753L,中信中國50正2,56,7,49,群益金鼎-高雄,2024-02-02,9183
8039,台虹,47,0,47,群益金鼎-高雄,2024-02-02,9183
2353,宏��,52,10,42,群益金鼎-高雄,2024-02-02,9183
2465,麗臺,53,12,41,群益金鼎-高雄,2024-02-02,9183
2356,英業達,46,9,37,群益金鼎-高雄,2024-02-02,9183
2303,聯電,41,8,33,群益金鼎-高雄,2024-02-02,9183
2607,榮運,30,0,30,群益金鼎-高雄,2024-02-02,9183
2429,銘旺科,25,0,25,群益金鼎-高雄,2024-02-02,9183
0056,元大高股息,25,2,23,群益金鼎-高雄,2024-02-02,9183
2891,中信金,23,2,21,群益金鼎-高雄,2024-02-02,9183
2504,國產,20,0,20,群益金鼎-高雄,2024-02-02,9183
1514,亞力,29,10,19,群益金鼎-高雄,2024-02-02,9183
2603,長榮,31,13,18,群益金鼎-高雄,2024-02-02,9183
2636,台驊控股,18,0,18,群益金鼎-高雄,2024-02-02,9183
6505,台塑化,19,2,17,群益金鼎-高雄,2024-02-02,9183
2363,矽統,29,14,15,群益金鼎-高雄,2024-02-02,9183
2615,萬海,34,21,13,群益金鼎-高雄,2024-02-02,9183
2323,中環,13,0,13,群益金鼎-高雄,2024-02-02,9183
3002,歐格,16,3,13,群益金鼎-高雄,2024-02-02,9183
2611,志信,12,0,12,群益金鼎-高雄,2024-02-02,9183
2618,長榮航,14,2,12,群益金鼎-高雄,2024-02-02,9183
6770,力積電,13,1,12,群益金鼎-高雄,2024-02-02,9183
1582,信錦,16,4,12,群益金鼎-高雄,2024-02-02,9183
2609,陽明,45,34,11,群益金鼎-高雄,2024-02-02,9183
3520,華盈,11,0,11,群益金鼎-高雄,2024-02-02,9183
6233,旺玖,17,6,11,群益金鼎-高雄,2024-02-02,9183
6265,方土昶,12,1,11,群益金鼎-高雄,2024-02-02,9183
8027,鈦昇,14,3,11,群益金鼎-高雄,2024-02-02,9183
00643,群益深証中小,10,0,10,群益金鼎-高雄,2024-02-02,9183
2324,仁寶,13,3,10,群益金鼎-高雄,2024-02-02,9183
2332,友訊,10,0,10,群益金鼎-高雄,2024-02-02,9183
5210,寶碩,20,10,10,群益金鼎-高雄,2024-02-02,9183
5347,世界,10,0,10,群益金鼎-高雄,2024-02-02,9183
6416,瑞祺電通,10,0,10,群益金鼎-高雄,2024-02-02,9183
8110,華東,10,0,10,群益金鼎-高雄,2024-02-02,9183
2882,國泰金,12,2,10,群益金鼎-高雄,2024-02-02,9183
2352,佳世達,15,6,9,群益金鼎-高雄,2024-02-02,9183
3047,訊舟,12,3,9,群益金鼎-高雄,2024-02-02,9183
8046,南電,10,1,9,群益金鼎-高雄,2024-02-02,9183
00882,中信中國高股息,8,0,8,群益金鼎-高雄,2024-02-02,9183
00929,復華台灣科技優息,16,8,8,群益金鼎-高雄,2024-02-02,9183
2489,瑞軒,8,0,8,群益金鼎-高雄,2024-02-02,9183
4906,正文,18,10,8,群益金鼎-高雄,2024-02-02,9183
4908,前鼎,11,3,8,群益金鼎-高雄,2024-02-02,9183
6684,安格,9,1,8,群益金鼎-高雄,2024-02-02,9183
00665L,富邦�琤肭磪囓�2,27,20,7,群益金鼎-高雄,2024-02-02,9183
00937B,群益ESG投等債20,209,7,202,群益金鼎-高雄,2024-02-05,9183
4968,立積,113,12,101,群益金鼎-高雄,2024-02-05,9183
00878,國泰永續高股息,104,12,92,群益金鼎-高雄,2024-02-05,9183
2883,凱基金,58,5,53,群益金鼎-高雄,2024-02-05,9183
8070,長華*,40,0,40,群益金鼎-高雄,2024-02-05,9183
2356,英業達,48,12,36,群益金鼎-高雄,2024-02-05,9183
00712,復華富時不動產,36,0,36,群益金鼎-高雄,2024-02-05,9183
9907,統一實,37,1,36,群益金鼎-高雄,2024-02-05,9183
4961,天鈺,30,0,30,群益金鼎-高雄,2024-02-05,9183
2303,聯電,33,4,29,群益金鼎-高雄,2024-02-05,9183
6233,旺玖,28,2,26,群益金鼎-高雄,2024-02-05,9183
5426,振發,33,9,24,群益金鼎-高雄,2024-02-05,9183
6153,嘉聯益,25,1,24,群益金鼎-高雄,2024-02-05,9183
1316,上曜,23,0,23,群益金鼎-高雄,2024-02-05,9183
2884,玉山金,23,0,23,群益金鼎-高雄,2024-02-05,9183
3481,群創,22,0,22,群益金鼎-高雄,2024-02-05,9183
2399,映泰,22,2,20,群益金鼎-高雄,2024-02-05,9183
2607,榮運,21,1,20,群益金鼎-高雄,2024-02-05,9183
8289,泰藝,20,0,20,群益金鼎-高雄,2024-02-05,9183
00929,復華台灣科技優息,34,15,19,群益金鼎-高雄,2024-02-05,9183
3313,斐成,15,0,15,群益金鼎-高雄,2024-02-05,9183
3622,洋華,18,4,14,群益金鼎-高雄,2024-02-05,9183
1616,億泰,14,1,13,群益金鼎-高雄,2024-02-05,9183
00933B,國泰10Y+金融債,21,8,13,群益金鼎-高雄,2024-02-05,9183
3036,文曄,19,7,12,群益金鼎-高雄,2024-02-05,9183
00891,中信關鍵半導體,15,3,12,群益金鼎-高雄,2024-02-05,9183
2401,凌陽,12,0,12,群益金鼎-高雄,2024-02-05,9183
2603,長榮,12,0,12,群益金鼎-高雄,2024-02-05,9183
2363,矽統,22,11,11,群益金鼎-高雄,2024-02-05,9183
3597,映興,15,4,11,群益金鼎-高雄,2024-02-05,9183
4303,信立,15,4,11,群益金鼎-高雄,2024-02-05,9183
2887,台新金,10,0,10,群益金鼎-高雄,2024-02-05,9183
4154,樂威科-KY,10,0,10,群益金鼎-高雄,2024-02-05,9183
6127,九豪,10,0,10,群益金鼎-高雄,2024-02-05,9183
00919,群益台灣精選高息,14,5,9,群益金鼎-高雄,2024-02-05,9183
2002,中鋼,9,0,9,群益金鼎-高雄,2024-02-05,9183
2017,官田鋼,9,0,9,群益金鼎-高雄,2024-02-05,9183
8064,東捷,10,1,9,群益金鼎-高雄,2024-02-05,9183
00679B,元大美債20年,9,0,9,群益金鼎-高雄,2024-02-05,9183
8210,勤誠,10,2,8,群益金鼎-高雄,2024-02-05,9183
2421,建準,24,16,8,群益金鼎-高雄,2024-02-05,9183
5383,金利,8,0,8,群益金鼎-高雄,2024-02-05,9183
6695,芯鼎,42,35,7,群益金鼎-高雄,2024-02-05,9183
2492,華新科,8,1,7,群益金鼎-高雄,2024-02-05,9183
3312,弘憶股,13,7,6,群益金鼎-高雄,2024-02-05,9183
00753L,中信中國50正2,8,2,6,群益金鼎-高雄,2024-02-05,9183
1907,永豐餘,6,0,6,群益金鼎-高雄,2024-02-05,9183
2482,連宇,6,0,6,群益金鼎-高雄,2024-02-05,9183
3029,零壹,6,0,6,群益金鼎-高雄,2024-02-05,9183
3591,艾笛森,6,0,6,群益金鼎-高雄,2024-02-05,9183
00751B,元大AAA至A公司債,146,0,146,群益金鼎-高雄,2024-02-15,9183
00687B,國泰20年美債,118,5,113,群益金鼎-高雄,2024-02-15,9183
00632R,元大台灣50反1,100,5,95,群益金鼎-高雄,2024-02-15,9183
00937B,群益ESG投等債20,177,100,77,群益金鼎-高雄,2024-02-15,9183
2365,昆盈,108,32,76,群益金鼎-高雄,2024-02-15,9183
6153,嘉聯益,73,5,68,群益金鼎-高雄,2024-02-15,9183
00753L,中信中國50正2,111,50,61,群益金鼎-高雄,2024-02-15,9183
3294,英濟,60,5,55,群益金鼎-高雄,2024-02-15,9183
2344,華邦電,54,0,54,群益金鼎-高雄,2024-02-15,9183
2851,中再保,49,0,49,群益金鼎-高雄,2024-02-15,9183
9105,泰金寶-DR,56,10,46,群益金鼎-高雄,2024-02-15,9183
00680L,元大美債20正2,44,0,44,群益金鼎-高雄,2024-02-15,9183
2369,菱生,67,26,41,群益金鼎-高雄,2024-02-15,9183
00712,復華富時不動產,40,0,40,群益金鼎-高雄,2024-02-15,9183
00933B,國泰10Y+金融債,35,0,35,群益金鼎-高雄,2024-02-15,9183
6197,佳必琪,32,1,31,群益金鼎-高雄,2024-02-15,9183
2382,廣達,51,20,31,群益金鼎-高雄,2024-02-15,9183
2888,新光金,23,0,23,群益金鼎-高雄,2024-02-15,9183
3234,光環,27,6,21,群益金鼎-高雄,2024-02-15,9183
1316,上曜,20,0,20,群益金鼎-高雄,2024-02-15,9183
6116,彩晶,20,0,20,群益金鼎-高雄,2024-02-15,9183
2515,中工,22,4,18,群益金鼎-高雄,2024-02-15,9183
2603,長榮,20,3,17,群益金鼎-高雄,2024-02-15,9183
2618,長榮航,32,15,17,群益金鼎-高雄,2024-02-15,9183
2408,南亞科,17,0,17,群益金鼎-高雄,2024-02-15,9183
00720B,元大投資級公司債,16,0,16,群益金鼎-高雄,2024-02-15,9183
6224,聚鼎,16,0,16,群益金鼎-高雄,2024-02-15,9183
00679B,元大美債20年,26,10,16,群益金鼎-高雄,2024-02-15,9183
2610,華航,19,4,15,群益金鼎-高雄,2024-02-15,9183
00706L,期元大S＆P日圓正2,15,0,15,群益金鼎-高雄,2024-02-15,9183
2607,榮運,15,0,15,群益金鼎-高雄,2024-02-15,9183
2882,國泰金,22,7,15,群益金鼎-高雄,2024-02-15,9183
2356,英業達,42,28,14,群益金鼎-高雄,2024-02-15,9183
4714,永捷,36,22,14,群益金鼎-高雄,2024-02-15,9183
00673R,期元大S＆P原油反1,13,0,13,群益金鼎-高雄,2024-02-15,9183
2405,輔信,16,3,13,群益金鼎-高雄,2024-02-15,9183
2345,智邦,14,2,12,群益金鼎-高雄,2024-02-15,9183
4942,嘉彰,11,0,11,群益金鼎-高雄,2024-02-15,9183
8936,國統,16,5,11,群益金鼎-高雄,2024-02-15,9183
8046,南電,32,22,10,群益金鼎-高雄,2024-02-15,9183
00762,元大全球AI,10,0,10,群益金鼎-高雄,2024-02-15,9183
00795B,中信美國公債20年,10,0,10,群益金鼎-高雄,2024-02-15,9183
00931B,統一美債20年,10,0,10,群益金鼎-高雄,2024-02-15,9183
2426,鼎元,10,0,10,群益金鼎-高雄,2024-02-15,9183
5234,達興材料,10,0,10,群益金鼎-高雄,2024-02-15,9183
5490,同亨,10,0,10,群益金鼎-高雄,2024-02-15,9183
9103,美德醫療-DR,10,0,10,群益金鼎-高雄,2024-02-15,9183
3715,定穎投控,18,9,9,群益金鼎-高雄,2024-02-15,9183
6530,創威,20,11,9,群益金鼎-高雄,2024-02-15,9183
5905,南仁湖,10,1,9,群益金鼎-高雄,2024-02-15,9183
00937B,群益ESG投等債20,183,1,182,群益金鼎-高雄,2024-02-16,9183
00919,群益台灣精選高息,147,4,143,群益金鼎-高雄,2024-02-16,9183
2365,昆盈,177,65,112,群益金鼎-高雄,2024-02-16,9183
6153,嘉聯益,111,30,81,群益金鼎-高雄,2024-02-16,9183
4729,熒茂,79,0,79,群益金鼎-高雄,2024-02-16,9183
00632R,元大台灣50反1,61,10,51,群益金鼎-高雄,2024-02-16,9183
00933B,國泰10Y+金融債,45,0,45,群益金鼎-高雄,2024-02-16,9183
8147,正淩,42,1,41,群益金鼎-高雄,2024-02-16,9183
4154,樂威科-KY,35,0,35,群益金鼎-高雄,2024-02-16,9183
5905,南仁湖,23,0,23,群益金鼎-高雄,2024-02-16,9183
1609,大亞,30,8,22,群益金鼎-高雄,2024-02-16,9183
4414,如興,22,0,22,群益金鼎-高雄,2024-02-16,9183
00720B,元大投資級公司債,21,0,21,群益金鼎-高雄,2024-02-16,9183
2303,聯電,35,14,21,群益金鼎-高雄,2024-02-16,9183
00680L,元大美債20正2,18,0,18,群益金鼎-高雄,2024-02-16,9183
00679B,元大美債20年,18,0,18,群益金鼎-高雄,2024-02-16,9183
00795B,中信美國公債20年,18,0,18,群益金鼎-高雄,2024-02-16,9183
2371,大同,37,20,17,群益金鼎-高雄,2024-02-16,9183
3038,全台,21,5,16,群益金鼎-高雄,2024-02-16,9183
00633L,富邦上証正2,15,0,15,群益金鼎-高雄,2024-02-16,9183
1522,堤維西,29,14,15,群益金鼎-高雄,2024-02-16,9183
1528,恩德,23,8,15,群益金鼎-高雄,2024-02-16,9183
00764B,群益25年美債,13,0,13,群益金鼎-高雄,2024-02-16,9183
5488,松普,20,7,13,群益金鼎-高雄,2024-02-16,9183
2406,國碩,13,1,12,群益金鼎-高雄,2024-02-16,9183
8422,可寧衛,12,0,12,群益金鼎-高雄,2024-02-16,9183
1584,精剛,11,0,11,群益金鼎-高雄,2024-02-16,9183
4714,永捷,30,19,11,群益金鼎-高雄,2024-02-16,9183
2363,矽統,43,32,11,群益金鼎-高雄,2024-02-16,9183
1582,信錦,11,0,11,群益金鼎-高雄,2024-02-16,9183
3715,定穎投控,15,4,11,群益金鼎-高雄,2024-02-16,9183
5210,寶碩,10,0,10,群益金鼎-高雄,2024-02-16,9183
6224,聚鼎,28,18,10,群益金鼎-高雄,2024-02-16,9183
3231,緯創,37,27,10,群益金鼎-高雄,2024-02-16,9183
6231,系微,10,1,9,群益金鼎-高雄,2024-02-16,9183
6113,亞矽,10,1,9,群益金鼎-高雄,2024-02-16,9183
6156,松上,9,0,9,群益金鼎-高雄,2024-02-16,9183
2547,日勝生,10,1,9,群益金鼎-高雄,2024-02-16,9183
00931B,統一美債20年,8,0,8,群益金鼎-高雄,2024-02-16,9183
3701,大眾控,8,0,8,群益金鼎-高雄,2024-02-16,9183
6266,泰詠,8,0,8,群益金鼎-高雄,2024-02-16,9183
2890,永豐金,7,0,7,群益金鼎-高雄,2024-02-16,9183
3206,志豐,7,0,7,群益金鼎-高雄,2024-02-16,9183
6419,京晨科,7,0,7,群益金鼎-高雄,2024-02-16,9183
6140,訊達,7,1,6,群益金鼎-高雄,2024-02-16,9183
00722B,群益投資級電信債,6,0,6,群益金鼎-高雄,2024-02-16,9183
2408,南亞科,14,8,6,群益金鼎-高雄,2024-02-16,9183
2461,光群雷,6,0,6,群益金鼎-高雄,2024-02-16,9183
2606,裕民,7,1,6,群益金鼎-高雄,2024-02-16,9183
2634,漢翔,7,1,6,群益金鼎-高雄,2024-02-16,9183
00933B,國泰10Y+金融債,458,5,453,群益金鼎-高雄,2024-02-19,9183
8435,鉅邁,250,0,250,群益金鼎-高雄,2024-02-19,9183
3548,兆利,108,7,101,群益金鼎-高雄,2024-02-19,9183
00937B,群益ESG投等債20,100,10,90,群益金鼎-高雄,2024-02-19,9183
00878,國泰永續高股息,84,5,79,群益金鼎-高雄,2024-02-19,9183
1316,上曜,63,5,58,群益金鼎-高雄,2024-02-19,9183
00687B,國泰20年美債,53,0,53,群益金鼎-高雄,2024-02-19,9183
00751B,元大AAA至A公司債,50,0,50,群益金鼎-高雄,2024-02-19,9183
2344,華邦電,108,58,50,群益金鼎-高雄,2024-02-19,9183
4714,永捷,66,17,49,群益金鼎-高雄,2024-02-19,9183
4154,樂威科-KY,41,0,41,群益金鼎-高雄,2024-02-19,9183
6126,信音,39,2,37,群益金鼎-高雄,2024-02-19,9183
2884,玉山金,36,1,35,群益金鼎-高雄,2024-02-19,9183
6742,澤米,28,0,28,群益金鼎-高雄,2024-02-19,9183
00893,國泰智能電動車,25,0,25,群益金鼎-高雄,2024-02-19,9183
1781,合世,25,0,25,群益金鼎-高雄,2024-02-19,9183
00679B,元大美債20年,24,1,23,群益金鼎-高雄,2024-02-19,9183
2369,菱生,48,27,21,群益金鼎-高雄,2024-02-19,9183
3706,神達,44,25,19,群益金鼎-高雄,2024-02-19,9183
2465,麗臺,19,0,19,群益金鼎-高雄,2024-02-19,9183
2025,千興,20,2,18,群益金鼎-高雄,2024-02-19,9183
3543,州巧,17,0,17,群益金鼎-高雄,2024-02-19,9183
6224,聚鼎,17,0,17,群益金鼎-高雄,2024-02-19,9183
2363,矽統,38,22,16,群益金鼎-高雄,2024-02-19,9183
00688L,國泰20年美債正2,16,0,16,群益金鼎-高雄,2024-02-19,9183
6642,富致,16,0,16,群益金鼎-高雄,2024-02-19,9183
2330,台積電,16,0,16,群益金鼎-高雄,2024-02-19,9183
2355,敬鵬,60,45,15,群益金鼎-高雄,2024-02-19,9183
9105,泰金寶-DR,20,5,15,群益金鼎-高雄,2024-02-19,9183
2353,宏��,64,50,14,群益金鼎-高雄,2024-02-19,9183
3450,聯鈞,28,15,13,群益金鼎-高雄,2024-02-19,9183
6695,芯鼎,14,1,13,群益金鼎-高雄,2024-02-19,9183
2208,台船,11,0,11,群益金鼎-高雄,2024-02-19,9183
1742,台蠟,11,0,11,群益金鼎-高雄,2024-02-19,9183
2206,三陽工業,11,0,11,群益金鼎-高雄,2024-02-19,9183
2618,長榮航,12,1,11,群益金鼎-高雄,2024-02-19,9183
2845,遠東銀,11,0,11,群益金鼎-高雄,2024-02-19,9183
6120,達運,17,6,11,群益金鼎-高雄,2024-02-19,9183
00636,國泰中國A50,10,0,10,群益金鼎-高雄,2024-02-19,9183
2323,中環,10,0,10,群益金鼎-高雄,2024-02-19,9183
2340,台亞,15,5,10,群益金鼎-高雄,2024-02-19,9183
2425,承啟,10,0,10,群益金鼎-高雄,2024-02-19,9183
5383,金利,10,0,10,群益金鼎-高雄,2024-02-19,9183
6140,訊達,11,2,9,群益金鼎-高雄,2024-02-19,9183
2337,旺宏,14,5,9,群益金鼎-高雄,2024-02-19,9183
6285,啟��,12,3,9,群益金鼎-高雄,2024-02-19,9183
8011,台通,12,3,9,群益金鼎-高雄,2024-02-19,9183
2382,廣達,27,18,9,群益金鼎-高雄,2024-02-19,9183
3035,智原,31,22,9,群益金鼎-高雄,2024-02-19,9183
6179,亞通,9,0,9,群益金鼎-高雄,2024-02-19,9183
00637L,元大滬深300正2,1180,0,1180,群益金鼎-高雄,2024-02-20,9183
00679B,元大美債20年,163,0,163,群益金鼎-高雄,2024-02-20,9183
1316,上曜,158,46,112,群益金鼎-高雄,2024-02-20,9183
5202,力新,101,1,100,群益金鼎-高雄,2024-02-20,9183
00687B,國泰20年美債,66,0,66,群益金鼎-高雄,2024-02-20,9183
4960,誠美材,80,27,53,群益金鼎-高雄,2024-02-20,9183
3178,公準,47,6,41,群益金鼎-高雄,2024-02-20,9183
6241,易通展,41,0,41,群益金鼎-高雄,2024-02-20,9183
2489,瑞軒,43,7,36,群益金鼎-高雄,2024-02-20,9183
2332,友訊,36,4,32,群益金鼎-高雄,2024-02-20,9183
1528,恩德,32,1,31,群益金鼎-高雄,2024-02-20,9183
2547,日勝生,31,0,31,群益金鼎-高雄,2024-02-20,9183
3231,緯創,42,12,30,群益金鼎-高雄,2024-02-20,9183
2892,第一金,31,1,30,群益金鼎-高雄,2024-02-20,9183
00937B,群益ESG投等債20,40,13,27,群益金鼎-高雄,2024-02-20,9183
2363,矽統,26,3,23,群益金鼎-高雄,2024-02-20,9183
3284,太普高,20,0,20,群益金鼎-高雄,2024-02-20,9183
4154,樂威科-KY,20,0,20,群益金鼎-高雄,2024-02-20,9183
4534,慶騰,20,0,20,群益金鼎-高雄,2024-02-20,9183
5443,均豪,23,3,20,群益金鼎-高雄,2024-02-20,9183
8996,高力,21,3,18,群益金鼎-高雄,2024-02-20,9183
1609,大亞,22,4,18,群益金鼎-高雄,2024-02-20,9183
6443,元晶,18,0,18,群益金鼎-高雄,2024-02-20,9183
2610,華航,18,1,17,群益金鼎-高雄,2024-02-20,9183
4908,前鼎,21,5,16,群益金鼎-高雄,2024-02-20,9183
2382,廣達,24,9,15,群益金鼎-高雄,2024-02-20,9183
5426,振發,15,0,15,群益金鼎-高雄,2024-02-20,9183
4714,永捷,108,94,14,群益金鼎-高雄,2024-02-20,9183
3041,揚智,34,20,14,群益金鼎-高雄,2024-02-20,9183
6179,亞通,15,1,14,群益金鼎-高雄,2024-02-20,9183
2405,輔信,42,29,13,群益金鼎-高雄,2024-02-20,9183
8110,華東,14,1,13,群益金鼎-高雄,2024-02-20,9183
3035,智原,44,32,12,群益金鼎-高雄,2024-02-20,9183
3234,光環,12,0,12,群益金鼎-高雄,2024-02-20,9183
2329,華泰,31,20,11,群益金鼎-高雄,2024-02-20,9183
2371,大同,26,15,11,群益金鼎-高雄,2024-02-20,9183
2374,佳能,15,4,11,群益金鼎-高雄,2024-02-20,9183
2836,高雄銀,11,0,11,群益金鼎-高雄,2024-02-20,9183
6742,澤米,10,0,10,群益金鼎-高雄,2024-02-20,9183
911622,泰聚亨-DR,10,0,10,群益金鼎-高雄,2024-02-20,9183
3437,榮創,12,2,10,群益金鼎-高雄,2024-02-20,9183
3260,威剛,10,1,9,群益金鼎-高雄,2024-02-20,9183
6120,達運,9,0,9,群益金鼎-高雄,2024-02-20,9183
6125,廣運,21,12,9,群益金鼎-高雄,2024-02-20,9183
5351,鈺創,16,7,9,群益金鼎-高雄,2024-02-20,9183
1464,得力,8,0,8,群益金鼎-高雄,2024-02-20,9183
5439,高技,8,0,8,群益金鼎-高雄,2024-02-20,9183
3017,奇鋐,9,2,7,群益金鼎-高雄,2024-02-20,9183
00712,復華富時不動產,7,0,7,群益金鼎-高雄,2024-02-20,9183
1781,合世,7,0,7,群益金鼎-高雄,2024-02-20,9183
00919,群益台灣精選高息,153,46,107,群益金鼎-高雄,2024-02-21,9183
00665L,富邦�琤肭磪囓�2,157,64,93,群益金鼎-高雄,2024-02-21,9183
2883,凱基金,85,0,85,群益金鼎-高雄,2024-02-21,9183
2312,金寶,81,6,75,群益金鼎-高雄,2024-02-21,9183
00929,復華台灣科技優息,93,25,68,群益金鼎-高雄,2024-02-21,9183
6120,達運,61,0,61,群益金鼎-高雄,2024-02-21,9183
2609,陽明,81,28,53,群益金鼎-高雄,2024-02-21,9183
2206,三陽工業,40,3,37,群益金鼎-高雄,2024-02-21,9183
5443,均豪,62,28,34,群益金鼎-高雄,2024-02-21,9183
00688L,國泰20年美債正2,31,0,31,群益金鼎-高雄,2024-02-21,9183
3047,訊舟,56,25,31,群益金鼎-高雄,2024-02-21,9183
5272,笙科,40,9,31,群益金鼎-高雄,2024-02-21,9183
2303,聯電,64,34,30,群益金鼎-高雄,2024-02-21,9183
8047,星雲,33,4,29,群益金鼎-高雄,2024-02-21,9183
3437,榮創,27,4,23,群益金鼎-高雄,2024-02-21,9183
4714,永捷,26,3,23,群益金鼎-高雄,2024-02-21,9183
3663,鑫科,49,27,22,群益金鼎-高雄,2024-02-21,9183
6233,旺玖,29,8,21,群益金鼎-高雄,2024-02-21,9183
00893,國泰智能電動車,20,0,20,群益金鼎-高雄,2024-02-21,9183
2025,千興,20,0,20,群益金鼎-高雄,2024-02-21,9183
8039,台虹,20,1,19,群益金鼎-高雄,2024-02-21,9183
00679B,元大美債20年,18,0,18,群益金鼎-高雄,2024-02-21,9183
2382,廣達,28,10,18,群益金鼎-高雄,2024-02-21,9183
00878,國泰永續高股息,17,0,17,群益金鼎-高雄,2024-02-21,9183
3038,全台,17,0,17,群益金鼎-高雄,2024-02-21,9183
3231,緯創,50,34,16,群益金鼎-高雄,2024-02-21,9183
00937B,群益ESG投等債20,20,5,15,群益金鼎-高雄,2024-02-21,9183
1717,長興,20,6,14,群益金鼎-高雄,2024-02-21,9183
2605,新興,15,3,12,群益金鼎-高雄,2024-02-21,9183
2457,飛宏,14,3,11,群益金鼎-高雄,2024-02-21,9183
2547,日勝生,11,0,11,群益金鼎-高雄,2024-02-21,9183
5381,合正,18,7,11,群益金鼎-高雄,2024-02-21,9183
5905,南仁湖,11,0,11,群益金鼎-高雄,2024-02-21,9183
6116,彩晶,11,0,11,群益金鼎-高雄,2024-02-21,9183
6282,康舒,12,1,11,群益金鼎-高雄,2024-02-21,9183
3481,群創,32,21,11,群益金鼎-高雄,2024-02-21,9183
4915,致伸,10,0,10,群益金鼎-高雄,2024-02-21,9183
8089,康全電訊,10,0,10,群益金鼎-高雄,2024-02-21,9183
4154,樂威科-KY,9,0,9,群益金鼎-高雄,2024-02-21,9183
2886,兆豐金,11,2,9,群益金鼎-高雄,2024-02-21,9183
00885,富邦越南,18,10,8,群益金鼎-高雄,2024-02-21,9183
00891,中信關鍵半導體,8,0,8,群益金鼎-高雄,2024-02-21,9183
1227,佳格,8,0,8,群益金鼎-高雄,2024-02-21,9183
3489,森寶,8,0,8,群益金鼎-高雄,2024-02-21,9183
2332,友訊,10,2,8,群益金鼎-高雄,2024-02-21,9183
00712,復華富時不動產,7,0,7,群益金鼎-高雄,2024-02-21,9183
2353,宏��,15,8,7,群益金鼎-高雄,2024-02-21,9183
4908,前鼎,15,8,7,群益金鼎-高雄,2024-02-21,9183
3055,蔚華科,21,14,7,群益金鼎-高雄,2024-02-21,9183
6164,華興,9,2,7,群益金鼎-高雄,2024-02-21,9183
00933B,國泰10Y+金融債,229,27,202,群益金鼎-高雄,2024-02-22,9183
00665L,富邦�琤肭磪囓�2,146,45,101,群益金鼎-高雄,2024-02-22,9183
3663,鑫科,102,4,98,群益金鼎-高雄,2024-02-22,9183
2208,台船,77,1,76,群益金鼎-高雄,2024-02-22,9183
3548,兆利,65,10,55,群益金鼎-高雄,2024-02-22,9183
2409,友達,54,0,54,群益金鼎-高雄,2024-02-22,9183
3437,榮創,55,6,49,群益金鼎-高雄,2024-02-22,9183
9105,泰金寶-DR,57,11,46,群益金鼎-高雄,2024-02-22,9183
00937B,群益ESG投等債20,48,3,45,群益金鼎-高雄,2024-02-22,9183
8039,台虹,45,0,45,群益金鼎-高雄,2024-02-22,9183
3024,憶聲,40,5,35,群益金鼎-高雄,2024-02-22,9183
2356,英業達,48,20,28,群益金鼎-高雄,2024-02-22,9183
2371,大同,59,34,25,群益金鼎-高雄,2024-02-22,9183
2025,千興,25,0,25,群益金鼎-高雄,2024-02-22,9183
3231,緯創,60,37,23,群益金鼎-高雄,2024-02-22,9183
2344,華邦電,29,7,22,群益金鼎-高雄,2024-02-22,9183
4960,誠美材,21,0,21,群益金鼎-高雄,2024-02-22,9183
2353,宏��,32,11,21,群益金鼎-高雄,2024-02-22,9183
4161,聿新科,20,0,20,群益金鼎-高雄,2024-02-22,9183
6164,華興,24,4,20,群益金鼎-高雄,2024-02-22,9183
1795,美時,23,4,19,群益金鼎-高雄,2024-02-22,9183
00712,復華富時不動產,18,0,18,群益金鼎-高雄,2024-02-22,9183
6224,聚鼎,19,1,18,群益金鼎-高雄,2024-02-22,9183
6742,澤米,17,0,17,群益金鼎-高雄,2024-02-22,9183
1528,恩德,17,2,15,群益金鼎-高雄,2024-02-22,9183
2027,大成鋼,15,0,15,群益金鼎-高雄,2024-02-22,9183
8105,凌巨,21,7,14,群益金鼎-高雄,2024-02-22,9183
00795B,中信美國公債20年,13,0,13,群益金鼎-高雄,2024-02-22,9183
2618,長榮航,17,4,13,群益金鼎-高雄,2024-02-22,9183
6698,旭暉應材,12,0,12,群益金鼎-高雄,2024-02-22,9183
00929,復華台灣科技優息,407,395,12,群益金鼎-高雄,2024-02-22,9183
2610,華航,13,2,11,群益金鼎-高雄,2024-02-22,9183
4154,樂威科-KY,11,0,11,群益金鼎-高雄,2024-02-22,9183
2363,矽統,14,4,10,群益金鼎-高雄,2024-02-22,9183
00679B,元大美債20年,15,5,10,群益金鼎-高雄,2024-02-22,9183
00688L,國泰20年美債正2,10,0,10,群益金鼎-高雄,2024-02-22,9183
00764B,群益25年美債,10,0,10,群益金鼎-高雄,2024-02-22,9183
1229,聯華,10,0,10,群益金鼎-高雄,2024-02-22,9183
1340,勝悅-KY,10,0,10,群益金鼎-高雄,2024-02-22,9183
2340,台亞,10,0,10,群益金鼎-高雄,2024-02-22,9183
3312,弘憶股,15,5,10,群益金鼎-高雄,2024-02-22,9183
3489,森寶,10,0,10,群益金鼎-高雄,2024-02-22,9183
8064,東捷,13,3,10,群益金鼎-高雄,2024-02-22,9183
6530,創威,26,17,9,群益金鼎-高雄,2024-02-22,9183
2504,國產,14,5,9,群益金鼎-高雄,2024-02-22,9183
6456,GIS-KY,10,1,9,群益金鼎-高雄,2024-02-22,9183
3059,華晶科,12,3,9,群益金鼎-高雄,2024-02-22,9183
00713,元大台灣高息低波,11,2,9,群益金鼎-高雄,2024-02-22,9183
3313,斐成,8,0,8,群益金鼎-高雄,2024-02-22,9183
2867,三商壽,8,0,8,群益金鼎-高雄,2024-02-22,9183
00933B,國泰10Y+金融債,346,0,346,群益金鼎-高雄,2024-02-23,9183
00637L,元大滬深300正2,180,0,180,群益金鼎-高雄,2024-02-23,9183
3548,兆利,88,2,86,群益金鼎-高雄,2024-02-23,9183
00753L,中信中國50正2,55,0,55,群益金鼎-高雄,2024-02-23,9183
00632R,元大台灣50反1,52,0,52,群益金鼎-高雄,2024-02-23,9183
2329,華泰,101,52,49,群益金鼎-高雄,2024-02-23,9183
00673R,期元大S＆P原油反1,51,3,48,群益金鼎-高雄,2024-02-23,9183
2313,華通,106,60,46,群益金鼎-高雄,2024-02-23,9183
3024,憶聲,53,11,42,群益金鼎-高雄,2024-02-23,9183
8039,台虹,40,0,40,群益金鼎-高雄,2024-02-23,9183
2303,聯電,49,15,34,群益金鼎-高雄,2024-02-23,9183
2888,新光金,31,0,31,群益金鼎-高雄,2024-02-23,9183
3390,旭軟,32,2,30,群益金鼎-高雄,2024-02-23,9183
2609,陽明,48,22,26,群益金鼎-高雄,2024-02-23,9183
2618,長榮航,33,8,25,群益金鼎-高雄,2024-02-23,9183
3543,州巧,22,0,22,群益金鼎-高雄,2024-02-23,9183
2464,盟立,22,1,21,群益金鼎-高雄,2024-02-23,9183
00665L,富邦�琤肭磪囓�2,81,60,21,群益金鼎-高雄,2024-02-23,9183
1528,恩德,32,11,21,群益金鼎-高雄,2024-02-23,9183
4960,誠美材,31,10,21,群益金鼎-高雄,2024-02-23,9183
00687B,國泰20年美債,20,1,19,群益金鼎-高雄,2024-02-23,9183
00882,中信中國高股息,20,1,19,群益金鼎-高雄,2024-02-23,9183
3689,湧德,32,13,19,群益金鼎-高雄,2024-02-23,9183
3234,光環,22,3,19,群益金鼎-高雄,2024-02-23,9183
00878,國泰永續高股息,21,3,18,群益金鼎-高雄,2024-02-23,9183
2615,萬海,30,12,18,群益金鼎-高雄,2024-02-23,9183
6189,豐藝,30,12,18,群益金鼎-高雄,2024-02-23,9183
3481,群創,25,7,18,群益金鼎-高雄,2024-02-23,9183
2887,台新金,17,0,17,群益金鼎-高雄,2024-02-23,9183
2382,廣達,27,10,17,群益金鼎-高雄,2024-02-23,9183
5443,均豪,23,6,17,群益金鼎-高雄,2024-02-23,9183
2891,中信金,17,1,16,群益金鼎-高雄,2024-02-23,9183
6642,富致,16,1,15,群益金鼎-高雄,2024-02-23,9183
9136,巨騰-DR,17,2,15,群益金鼎-高雄,2024-02-23,9183
00713,元大台灣高息低波,15,0,15,群益金鼎-高雄,2024-02-23,9183
3545,敦泰,15,1,14,群益金鼎-高雄,2024-02-23,9183
1303,南亞,15,2,13,群益金鼎-高雄,2024-02-23,9183
6120,達運,15,2,13,群益金鼎-高雄,2024-02-23,9183
6142,友勁,13,0,13,群益金鼎-高雄,2024-02-23,9183
6239,力成,13,0,13,群益金鼎-高雄,2024-02-23,9183
00937B,群益ESG投等債20,14,2,12,群益金鼎-高雄,2024-02-23,9183
1218,泰山,12,0,12,群益金鼎-高雄,2024-02-23,9183
2002,中鋼,12,0,12,群益金鼎-高雄,2024-02-23,9183
3033,威健,14,2,12,群益金鼎-高雄,2024-02-23,9183
3025,星通,33,21,12,群益金鼎-高雄,2024-02-23,9183
4909,新復興,12,3,9,群益金鼎-高雄,2024-02-23,9183
5469,瀚宇博,9,0,9,群益金鼎-高雄,2024-02-23,9183
6122,擎邦,11,2,9,群益金鼎-高雄,2024-02-23,9183
2603,長榮,13,4,9,群益金鼎-高雄,2024-02-23,9183
6770,力積電,11,3,8,群益金鼎-高雄,2024-02-23,9183
00933B,國泰10Y+金融債,268,0,268,群益金鼎-高雄,2024-02-26,9183
1301,台塑,106,0,106,群益金鼎-高雄,2024-02-26,9183
8039,台虹,80,0,80,群益金鼎-高雄,2024-02-26,9183
9105,泰金寶-DR,400,320,80,群益金鼎-高雄,2024-02-26,9183
00878,國泰永續高股息,81,25,56,群益金鼎-高雄,2024-02-26,9183
4714,永捷,68,14,54,群益金鼎-高雄,2024-02-26,9183
00712,復華富時不動產,51,0,51,群益金鼎-高雄,2024-02-26,9183
4729,熒茂,139,90,49,群益金鼎-高雄,2024-02-26,9183
00679B,元大美債20年,46,5,41,群益金鼎-高雄,2024-02-26,9183
6168,宏齊,37,0,37,群益金鼎-高雄,2024-02-26,9183
6224,聚鼎,37,0,37,群益金鼎-高雄,2024-02-26,9183
00937B,群益ESG投等債20,34,1,33,群益金鼎-高雄,2024-02-26,9183
5347,世界,27,0,27,群益金鼎-高雄,2024-02-26,9183
2303,聯電,31,4,27,群益金鼎-高雄,2024-02-26,9183
5351,鈺創,27,2,25,群益金鼎-高雄,2024-02-26,9183
4945,陞達科技,28,4,24,群益金鼎-高雄,2024-02-26,9183
1616,億泰,24,0,24,群益金鼎-高雄,2024-02-26,9183
6288,聯嘉,28,5,23,群益金鼎-高雄,2024-02-26,9183
6530,創威,25,3,22,群益金鼎-高雄,2024-02-26,9183
2449,京元電子,30,8,22,群益金鼎-高雄,2024-02-26,9183
00919,群益台灣精選高息,47,26,21,群益金鼎-高雄,2024-02-26,9183
3548,兆利,22,1,21,群益金鼎-高雄,2024-02-26,9183
6120,達運,40,20,20,群益金鼎-高雄,2024-02-26,9183
6218,豪勉,37,17,20,群益金鼎-高雄,2024-02-26,9183
6776,展�眥篕�,21,1,20,群益金鼎-高雄,2024-02-26,9183
8068,全達,20,0,20,群益金鼎-高雄,2024-02-26,9183
1609,大亞,32,13,19,群益金鼎-高雄,2024-02-26,9183
3311,閎暉,19,0,19,群益金鼎-高雄,2024-02-26,9183
8420,明揚,18,0,18,群益金鼎-高雄,2024-02-26,9183
2369,菱生,27,12,15,群益金鼎-高雄,2024-02-26,9183
3481,群創,17,2,15,群益金鼎-高雄,2024-02-26,9183
6274,台燿,22,8,14,群益金鼎-高雄,2024-02-26,9183
2489,瑞軒,15,1,14,群益金鼎-高雄,2024-02-26,9183
2486,一詮,18,4,14,群益金鼎-高雄,2024-02-26,9183
2892,第一金,14,0,14,群益金鼎-高雄,2024-02-26,9183
3321,同泰,16,2,14,群益金鼎-高雄,2024-02-26,9183
6642,富致,16,2,14,群益金鼎-高雄,2024-02-26,9183
8076,伍豐,13,0,13,群益金鼎-高雄,2024-02-26,9183
3596,智易,13,1,12,群益金鼎-高雄,2024-02-26,9183
6167,久正,21,9,12,群益金鼎-高雄,2024-02-26,9183
9919,康那香,12,0,12,群益金鼎-高雄,2024-02-26,9183
00751B,元大AAA至A公司債,71,60,11,群益金鼎-高雄,2024-02-26,9183
2610,華航,14,3,11,群益金鼎-高雄,2024-02-26,9183
3545,敦泰,11,0,11,群益金鼎-高雄,2024-02-26,9183
8147,正淩,22,11,11,群益金鼎-高雄,2024-02-26,9183
00890B,凱基ESG BBB債,10,0,10,群益金鼎-高雄,2024-02-26,9183
1312,國喬,10,0,10,群益金鼎-高雄,2024-02-26,9183
1325,恆大,10,0,10,群益金鼎-高雄,2024-02-26,9183
1451,年興,10,0,10,群益金鼎-高雄,2024-02-26,9183
1708,東鹼,10,0,10,群益金鼎-高雄,2024-02-26,9183
00696B,富邦美債20年,637,0,637,群益金鼎-高雄,2024-02-27,9183
00740B,富邦全球投等債,501,0,501,群益金鼎-高雄,2024-02-27,9183
00751B,元大AAA至A公司債,90,0,90,群益金鼎-高雄,2024-02-27,9183
00937B,群益ESG投等債20,87,2,85,群益金鼎-高雄,2024-02-27,9183
4714,永捷,74,0,74,群益金鼎-高雄,2024-02-27,9183
00633L,富邦上証正2,70,0,70,群益金鼎-高雄,2024-02-27,9183
5351,鈺創,91,22,69,群益金鼎-高雄,2024-02-27,9183
2363,矽統,169,101,68,群益金鼎-高雄,2024-02-27,9183
9105,泰金寶-DR,264,200,64,群益金鼎-高雄,2024-02-27,9183
00687B,國泰20年美債,60,0,60,群益金鼎-高雄,2024-02-27,9183
00919,群益台灣精選高息,120,62,58,群益金鼎-高雄,2024-02-27,9183
2382,廣達,59,8,51,群益金鼎-高雄,2024-02-27,9183
1815,富喬,51,4,47,群益金鼎-高雄,2024-02-27,9183
3231,緯創,107,64,43,群益金鼎-高雄,2024-02-27,9183
00878,國泰永續高股息,65,27,38,群益金鼎-高雄,2024-02-27,9183
00720B,元大投資級公司債,37,0,37,群益金鼎-高雄,2024-02-27,9183
2022,聚亨,31,0,31,群益金鼎-高雄,2024-02-27,9183
2388,威盛,31,1,30,群益金鼎-高雄,2024-02-27,9183
00795B,中信美國公債20年,30,0,30,群益金鼎-高雄,2024-02-27,9183
00632R,元大台灣50反1,30,0,30,群益金鼎-高雄,2024-02-27,9183
1312,國喬,30,0,30,群益金鼎-高雄,2024-02-27,9183
6257,矽格,30,1,29,群益金鼎-高雄,2024-02-27,9183
00933B,國泰10Y+金融債,28,0,28,群益金鼎-高雄,2024-02-27,9183
3015,全漢,28,0,28,群益金鼎-高雄,2024-02-27,9183
1528,恩德,27,0,27,群益金鼎-高雄,2024-02-27,9183
2371,大同,46,22,24,群益金鼎-高雄,2024-02-27,9183
3450,聯鈞,36,13,23,群益金鼎-高雄,2024-02-27,9183
6168,宏齊,22,1,21,群益金鼎-高雄,2024-02-27,9183
1504,東元,28,8,20,群益金鼎-高雄,2024-02-27,9183
2836,高雄銀,20,0,20,群益金鼎-高雄,2024-02-27,9183
3483,力致,52,32,20,群益金鼎-高雄,2024-02-27,9183
3588,通嘉,24,4,20,群益金鼎-高雄,2024-02-27,9183
6215,和椿,20,0,20,群益金鼎-高雄,2024-02-27,9183
6770,力積電,28,8,20,群益金鼎-高雄,2024-02-27,9183
00712,復華富時不動產,19,0,19,群益金鼎-高雄,2024-02-27,9183
2301,光寶科,18,1,17,群益金鼎-高雄,2024-02-27,9183
00680L,元大美債20正2,42,25,17,群益金鼎-高雄,2024-02-27,9183
1524,耿鼎,51,34,17,群益金鼎-高雄,2024-02-27,9183
1727,中華化,24,7,17,群益金鼎-高雄,2024-02-27,9183
6224,聚鼎,17,0,17,群益金鼎-高雄,2024-02-27,9183
8420,明揚,17,0,17,群益金鼎-高雄,2024-02-27,9183
4720,德淵,19,3,16,群益金鼎-高雄,2024-02-27,9183
8027,鈦昇,16,0,16,群益金鼎-高雄,2024-02-27,9183
2412,中華電,16,1,15,群益金鼎-高雄,2024-02-27,9183
2359,所羅門,18,3,15,群益金鼎-高雄,2024-02-27,9183
4967,十銓,17,3,14,群益金鼎-高雄,2024-02-27,9183
9136,巨騰-DR,14,0,14,群益金鼎-高雄,2024-02-27,9183
00891,中信關鍵半導體,14,0,14,群益金鼎-高雄,2024-02-27,9183
4908,前鼎,17,4,13,群益金鼎-高雄,2024-02-27,9183
2338,光罩,13,0,13,群益金鼎-高雄,2024-02-27,9183
1314,中石化,850,2,848,群益金鼎-高雄,2024-02-29,9183
00753L,中信中國50正2,205,0,205,群益金鼎-高雄,2024-02-29,9183
9105,泰金寶-DR,114,20,94,群益金鼎-高雄,2024-02-29,9183
3231,緯創,87,11,76,群益金鼎-高雄,2024-02-29,9183
8092,建暐,60,0,60,群益金鼎-高雄,2024-02-29,9183
8938,明安,57,0,57,群益金鼎-高雄,2024-02-29,9183
2836,高雄銀,50,0,50,群益金鼎-高雄,2024-02-29,9183
00919,群益台灣精選高息,67,25,42,群益金鼎-高雄,2024-02-29,9183
2303,聯電,53,13,40,群益金鼎-高雄,2024-02-29,9183
4961,天鈺,41,1,40,群益金鼎-高雄,2024-02-29,9183
3006,晶豪科,39,3,36,群益金鼎-高雄,2024-02-29,9183
00937B,群益ESG投等債20,68,35,33,群益金鼎-高雄,2024-02-29,9183
4909,新復興,46,15,31,群益金鼎-高雄,2024-02-29,9183
1785,光洋科,29,0,29,群益金鼎-高雄,2024-02-29,9183
00673R,期元大S＆P原油反1,28,0,28,群益金鼎-高雄,2024-02-29,9183
3481,群創,31,3,28,群益金鼎-高雄,2024-02-29,9183
00712,復華富時不動產,27,0,27,群益金鼎-高雄,2024-02-29,9183
3390,旭軟,28,2,26,群益金鼎-高雄,2024-02-29,9183
1101,台泥,25,2,23,群益金鼎-高雄,2024-02-29,9183
4167,松瑞藥,22,0,22,群益金鼎-高雄,2024-02-29,9183
00857B,永豐20年美公債,21,0,21,群益金鼎-高雄,2024-02-29,9183
2476,鉅祥,27,6,21,群益金鼎-高雄,2024-02-29,9183
2610,華航,21,0,21,群益金鼎-高雄,2024-02-29,9183
2324,仁寶,46,26,20,群益金鼎-高雄,2024-02-29,9183
00633L,富邦上証正2,20,0,20,群益金鼎-高雄,2024-02-29,9183
2208,台船,20,0,20,群益金鼎-高雄,2024-02-29,9183
00687B,國泰20年美債,19,0,19,群益金鼎-高雄,2024-02-29,9183
3059,華晶科,19,0,19,群益金鼎-高雄,2024-02-29,9183
1609,大亞,92,73,19,群益金鼎-高雄,2024-02-29,9183
8926,台汽電,36,17,19,群益金鼎-高雄,2024-02-29,9183
4109,加捷生醫,22,3,19,群益金鼎-高雄,2024-02-29,9183
00680L,元大美債20正2,18,0,18,群益金鼎-高雄,2024-02-29,9183
1522,堤維西,48,30,18,群益金鼎-高雄,2024-02-29,9183
00795B,中信美國公債20年,17,0,17,群益金鼎-高雄,2024-02-29,9183
5230,雷笛克光學,16,0,16,群益金鼎-高雄,2024-02-29,9183
6770,力積電,15,0,15,群益金鼎-高雄,2024-02-29,9183
8420,明揚,15,0,15,群益金鼎-高雄,2024-02-29,9183
6127,九豪,18,4,14,群益金鼎-高雄,2024-02-29,9183
2329,華泰,38,25,13,群益金鼎-高雄,2024-02-29,9183
2382,廣達,16,3,13,群益金鼎-高雄,2024-02-29,9183
00688L,國泰20年美債正2,13,0,13,群益金鼎-高雄,2024-02-29,9183
2393,億光,13,0,13,群益金鼎-高雄,2024-02-29,9183
2492,華新科,12,0,12,群益金鼎-高雄,2024-02-29,9183
00882,中信中國高股息,12,0,12,群益金鼎-高雄,2024-02-29,9183
6126,信音,14,2,12,群益金鼎-高雄,2024-02-29,9183
6198,瑞築,12,0,12,群益金鼎-高雄,2024-02-29,9183
6438,迅得,17,5,12,群益金鼎-高雄,2024-02-29,9183
9136,巨騰-DR,19,8,11,群益金鼎-高雄,2024-02-29,9183
2330,台積電,13,2,11,群益金鼎-高雄,2024-02-29,9183
2233,宇隆,10,0,10,群益金鼎-高雄,2024-02-29,9183
00937B,群益ESG投等債20,630,160,470,群益金鼎-高雄,2024-03-01,9183
00919,群益台灣精選高息,343,51,292,群益金鼎-高雄,2024-03-01,9183
4729,熒茂,187,0,187,群益金鼎-高雄,2024-03-01,9183
9105,泰金寶-DR,216,100,116,群益金鼎-高雄,2024-03-01,9183
2027,大成鋼,112,0,112,群益金鼎-高雄,2024-03-01,9183
0056,元大高股息,100,0,100,群益金鼎-高雄,2024-03-01,9183
8092,建暐,99,8,91,群益金鼎-高雄,2024-03-01,9183
3558,神準,64,0,64,群益金鼎-高雄,2024-03-01,9183
00933B,國泰10Y+金融債,60,0,60,群益金鼎-高雄,2024-03-01,9183
9904,寶成,54,0,54,群益金鼎-高雄,2024-03-01,9183
00918,大華優利高填息30,32,0,32,群益金鼎-高雄,2024-03-01,9183
00720B,元大投資級公司債,32,1,31,群益金鼎-高雄,2024-03-01,9183
2504,國產,34,4,30,群益金鼎-高雄,2024-03-01,9183
1303,南亞,27,0,27,群益金鼎-高雄,2024-03-01,9183
5272,笙科,28,3,25,群益金鼎-高雄,2024-03-01,9183
1616,億泰,22,0,22,群益金鼎-高雄,2024-03-01,9183
9103,美德醫療-DR,20,0,20,群益金鼎-高雄,2024-03-01,9183
2467,志聖,20,1,19,群益金鼎-高雄,2024-03-01,9183
6189,豐藝,19,0,19,群益金鼎-高雄,2024-03-01,9183
1218,泰山,18,2,16,群益金鼎-高雄,2024-03-01,9183
1513,中興電,53,37,16,群益金鼎-高雄,2024-03-01,9183
6239,力成,17,2,15,群益金鼎-高雄,2024-03-01,9183
2618,長榮航,22,8,14,群益金鼎-高雄,2024-03-01,9183
3663,鑫科,50,36,14,群益金鼎-高雄,2024-03-01,9183
6182,合晶,13,0,13,群益金鼎-高雄,2024-03-01,9183
00929,復華台灣科技優息,34,21,13,群益金鼎-高雄,2024-03-01,9183
1316,上曜,30,18,12,群益金鼎-高雄,2024-03-01,9183
2313,華通,24,12,12,群益金鼎-高雄,2024-03-01,9183
2495,普安,15,3,12,群益金鼎-高雄,2024-03-01,9183
6227,茂綸,17,5,12,群益金鼎-高雄,2024-03-01,9183
2330,台積電,18,7,11,群益金鼎-高雄,2024-03-01,9183
6443,元晶,11,0,11,群益金鼎-高雄,2024-03-01,9183
2303,聯電,24,14,10,群益金鼎-高雄,2024-03-01,9183
00882,中信中國高股息,10,0,10,群益金鼎-高雄,2024-03-01,9183
4161,聿新科,10,0,10,群益金鼎-高雄,2024-03-01,9183
6138,茂達,10,0,10,群益金鼎-高雄,2024-03-01,9183
6215,和椿,10,0,10,群益金鼎-高雄,2024-03-01,9183
3055,蔚華科,15,6,9,群益金鼎-高雄,2024-03-01,9183
6233,旺玖,19,10,9,群益金鼎-高雄,2024-03-01,9183
4720,德淵,11,2,9,群益金鼎-高雄,2024-03-01,9183
4939,亞電,10,1,9,群益金鼎-高雄,2024-03-01,9183
8046,南電,10,1,9,群益金鼎-高雄,2024-03-01,9183
2388,威盛,11,2,9,群益金鼎-高雄,2024-03-01,9183
1514,亞力,59,50,9,群益金鼎-高雄,2024-03-01,9183
2371,大同,42,34,8,群益金鼎-高雄,2024-03-01,9183
1605,華新,8,0,8,群益金鼎-高雄,2024-03-01,9183
2610,華航,8,0,8,群益金鼎-高雄,2024-03-01,9183
3390,旭軟,11,3,8,群益金鼎-高雄,2024-03-01,9183
8096,擎亞,11,3,8,群益金鼎-高雄,2024-03-01,9183
8420,明揚,8,0,8,群益金鼎-高雄,2024-03-01,9183
00937B,群益ESG投等債20,717,54,663,群益金鼎-高雄,2024-03-04,9183
3545,敦泰,225,0,225,群益金鼎-高雄,2024-03-04,9183
00665L,富邦�琤肭磪囓�2,167,82,85,群益金鼎-高雄,2024-03-04,9183
00918,大華優利高填息30,71,0,71,群益金鼎-高雄,2024-03-04,9183
4729,熒茂,67,0,67,群益金鼎-高雄,2024-03-04,9183
2476,鉅祥,65,1,64,群益金鼎-高雄,2024-03-04,9183
00929,復華台灣科技優息,102,49,53,群益金鼎-高雄,2024-03-04,9183
00919,群益台灣精選高息,81,32,49,群益金鼎-高雄,2024-03-04,9183
4154,樂威科-KY,37,0,37,群益金鼎-高雄,2024-03-04,9183
4720,德淵,34,0,34,群益金鼎-高雄,2024-03-04,9183
00673R,期元大S＆P原油反1,32,0,32,群益金鼎-高雄,2024-03-04,9183
3694,海華,36,6,30,群益金鼎-高雄,2024-03-04,9183
8420,明揚,30,0,30,群益金鼎-高雄,2024-03-04,9183
4906,正文,48,18,30,群益金鼎-高雄,2024-03-04,9183
2504,國產,27,0,27,群益金鼎-高雄,2024-03-04,9183
4967,十銓,25,0,25,群益金鼎-高雄,2024-03-04,9183
6233,旺玖,28,3,25,群益金鼎-高雄,2024-03-04,9183
2316,楠梓電,24,4,20,群益金鼎-高雄,2024-03-04,9183
00687B,國泰20年美債,28,8,20,群益金鼎-高雄,2024-03-04,9183
2208,台船,26,6,20,群益金鼎-高雄,2024-03-04,9183
3059,華晶科,25,5,20,群益金鼎-高雄,2024-03-04,9183
8938,明安,20,0,20,群益金鼎-高雄,2024-03-04,9183
6763,綠界科技*,19,0,19,群益金鼎-高雄,2024-03-04,9183
2887,台新金,18,0,18,群益金鼎-高雄,2024-03-04,9183
6125,廣運,57,39,18,群益金鼎-高雄,2024-03-04,9183
5905,南仁湖,20,2,18,群益金鼎-高雄,2024-03-04,9183
6661,威健生技,17,0,17,群益金鼎-高雄,2024-03-04,9183
9103,美德醫療-DR,20,3,17,群益金鼎-高雄,2024-03-04,9183
8936,國統,19,2,17,群益金鼎-高雄,2024-03-04,9183
00878,國泰永續高股息,17,1,16,群益金鼎-高雄,2024-03-04,9183
3227,原相,20,4,16,群益金鼎-高雄,2024-03-04,9183
6411,晶焱,16,0,16,群益金鼎-高雄,2024-03-04,9183
2371,大同,55,39,16,群益金鼎-高雄,2024-03-04,9183
2609,陽明,32,17,15,群益金鼎-高雄,2024-03-04,9183
2547,日勝生,15,0,15,群益金鼎-高雄,2024-03-04,9183
2363,矽統,45,31,14,群益金鼎-高雄,2024-03-04,9183
4402,郡都開發,14,0,14,群益金鼎-高雄,2024-03-04,9183
6438,迅得,16,2,14,群益金鼎-高雄,2024-03-04,9183
1303,南亞,13,0,13,群益金鼎-高雄,2024-03-04,9183
2356,英業達,19,6,13,群益金鼎-高雄,2024-03-04,9183
1513,中興電,25,12,13,群益金鼎-高雄,2024-03-04,9183
1409,新纖,16,3,13,群益金鼎-高雄,2024-03-04,9183
8383,千附,14,1,13,群益金鼎-高雄,2024-03-04,9183
3005,神基,58,46,12,群益金鼎-高雄,2024-03-04,9183
3169,亞信,13,1,12,群益金鼎-高雄,2024-03-04,9183
3356,奇偶,30,18,12,群益金鼎-高雄,2024-03-04,9183
3360,尚立,13,1,12,群益金鼎-高雄,2024-03-04,9183
6290,良維,18,7,11,群益金鼎-高雄,2024-03-04,9183
00688L,國泰20年美債正2,15,4,11,群益金鼎-高雄,2024-03-04,9183
00933B,國泰10Y+金融債,46,35,11,群益金鼎-高雄,2024-03-04,9183
00937B,群益ESG投等債20,543,16,527,群益金鼎-高雄,2024-03-05,9183
2462,良得電,100,0,100,群益金鼎-高雄,2024-03-05,9183
1815,富喬,103,25,78,群益金鼎-高雄,2024-03-05,9183
00929,復華台灣科技優息,81,20,61,群益金鼎-高雄,2024-03-05,9183
2027,大成鋼,51,0,51,群益金鼎-高雄,2024-03-05,9183
00751B,元大AAA至A公司債,50,0,50,群益金鼎-高雄,2024-03-05,9183
00712,復華富時不動產,46,0,46,群益金鼎-高雄,2024-03-05,9183
3663,鑫科,52,6,46,群益金鼎-高雄,2024-03-05,9183
1464,得力,45,1,44,群益金鼎-高雄,2024-03-05,9183
00935,野村臺灣新科技50,42,0,42,群益金鼎-高雄,2024-03-05,9183
1409,新纖,54,13,41,群益金鼎-高雄,2024-03-05,9183
8420,明揚,40,0,40,群益金鼎-高雄,2024-03-05,9183
3481,群創,97,61,36,群益金鼎-高雄,2024-03-05,9183
4906,正文,76,44,32,群益金鼎-高雄,2024-03-05,9183
00918,大華優利高填息30,30,0,30,群益金鼎-高雄,2024-03-05,9183
1531,高林股,28,0,28,群益金鼎-高雄,2024-03-05,9183
6191,精成科,31,3,28,群益金鼎-高雄,2024-03-05,9183
9904,寶成,26,0,26,群益金鼎-高雄,2024-03-05,9183
4154,樂威科-KY,25,0,25,群益金鼎-高雄,2024-03-05,9183
3037,欣興,25,1,24,群益金鼎-高雄,2024-03-05,9183
5251,天鉞電,22,0,22,群益金鼎-高雄,2024-03-05,9183
2486,一詮,25,3,22,群益金鼎-高雄,2024-03-05,9183
3545,敦泰,22,0,22,群益金鼎-高雄,2024-03-05,9183
6120,達運,21,0,21,群益金鼎-高雄,2024-03-05,9183
6770,力積電,31,10,21,群益金鼎-高雄,2024-03-05,9183
00882,中信中國高股息,20,0,20,群益金鼎-高雄,2024-03-05,9183
3059,華晶科,20,0,20,群益金鼎-高雄,2024-03-05,9183
6285,啟��,20,1,19,群益金鼎-高雄,2024-03-05,9183
2504,國產,19,2,17,群益金鼎-高雄,2024-03-05,9183
4720,德淵,16,0,16,群益金鼎-高雄,2024-03-05,9183
2355,敬鵬,16,1,15,群益金鼎-高雄,2024-03-05,9183
1584,精剛,15,0,15,群益金鼎-高雄,2024-03-05,9183
00633L,富邦上証正2,15,0,15,群益金鼎-高雄,2024-03-05,9183
2208,台船,18,3,15,群益金鼎-高雄,2024-03-05,9183
3055,蔚華科,21,6,15,群益金鼎-高雄,2024-03-05,9183
1218,泰山,14,0,14,群益金鼎-高雄,2024-03-05,9183
2417,圓剛,19,5,14,群益金鼎-高雄,2024-03-05,9183
3049,精金,14,0,14,群益金鼎-高雄,2024-03-05,9183
8011,台通,60,46,14,群益金鼎-高雄,2024-03-05,9183
2367,燿華,44,31,13,群益金鼎-高雄,2024-03-05,9183
00687B,國泰20年美債,13,0,13,群益金鼎-高雄,2024-03-05,9183
00720B,元大投資級公司債,13,0,13,群益金鼎-高雄,2024-03-05,9183
3372,典範,22,9,13,群益金鼎-高雄,2024-03-05,9183
8936,國統,14,1,13,群益金鼎-高雄,2024-03-05,9183
2887,台新金,12,0,12,群益金鼎-高雄,2024-03-05,9183
2409,友達,16,4,12,群益金鼎-高雄,2024-03-05,9183
6142,友勁,12,0,12,群益金鼎-高雄,2024-03-05,9183
8096,擎亞,16,4,12,群益金鼎-高雄,2024-03-05,9183
5009,榮剛,12,1,11,群益金鼎-高雄,2024-03-05,9183
5512,力麒,12,1,11,群益金鼎-高雄,2024-03-05,9183
4729,熒茂,217,89,128,群益金鼎-高雄,2024-03-06,9183
9136,巨騰-DR,108,58,50,群益金鼎-高雄,2024-03-06,9183
8420,明揚,45,0,45,群益金鼎-高雄,2024-03-06,9183
3540,曜越,44,6,38,群益金鼎-高雄,2024-03-06,9183
2344,華邦電,42,6,36,群益金鼎-高雄,2024-03-06,9183
00937B,群益ESG投等債20,36,3,33,群益金鼎-高雄,2024-03-06,9183
00918,大華優利高填息30,32,0,32,群益金鼎-高雄,2024-03-06,9183
2504,國產,31,0,31,群益金鼎-高雄,2024-03-06,9183
4154,樂威科-KY,28,0,28,群益金鼎-高雄,2024-03-06,9183
4714,永捷,38,11,27,群益金鼎-高雄,2024-03-06,9183
00919,群益台灣精選高息,174,151,23,群益金鼎-高雄,2024-03-06,9183
2002,中鋼,25,2,23,群益金鼎-高雄,2024-03-06,9183
2365,昆盈,24,1,23,群益金鼎-高雄,2024-03-06,9183
2489,瑞軒,23,0,23,群益金鼎-高雄,2024-03-06,9183
2449,京元電子,92,70,22,群益金鼎-高雄,2024-03-06,9183
8034,榮群,25,3,22,群益金鼎-高雄,2024-03-06,9183
2417,圓剛,50,29,21,群益金鼎-高雄,2024-03-06,9183
1471,首利,21,0,21,群益金鼎-高雄,2024-03-06,9183
3483,力致,30,9,21,群益金鼎-高雄,2024-03-06,9183
00764B,群益25年美債,20,0,20,群益金鼎-高雄,2024-03-06,9183
00632R,元大台灣50反1,40,20,20,群益金鼎-高雄,2024-03-06,9183
6179,亞通,30,10,20,群益金鼎-高雄,2024-03-06,9183
3231,緯創,31,13,18,群益金鼎-高雄,2024-03-06,9183
2329,華泰,27,11,16,群益金鼎-高雄,2024-03-06,9183
3049,精金,16,0,16,群益金鼎-高雄,2024-03-06,9183
2609,陽明,29,14,15,群益金鼎-高雄,2024-03-06,9183
2887,台新金,15,0,15,群益金鼎-高雄,2024-03-06,9183
1608,華榮,20,6,14,群益金鼎-高雄,2024-03-06,9183
2340,台亞,14,0,14,群益金鼎-高雄,2024-03-06,9183
911622,泰聚亨-DR,14,0,14,群益金鼎-高雄,2024-03-06,9183
6233,旺玖,14,0,14,群益金鼎-高雄,2024-03-06,9183
5388,中磊,16,2,14,群益金鼎-高雄,2024-03-06,9183
00712,復華富時不動產,14,1,13,群益金鼎-高雄,2024-03-06,9183
2630,亞航,13,0,13,群益金鼎-高雄,2024-03-06,9183
2464,盟立,13,0,13,群益金鼎-高雄,2024-03-06,9183
2618,長榮航,12,0,12,群益金鼎-高雄,2024-03-06,9183
00857B,永豐20年美公債,14,2,12,群益金鼎-高雄,2024-03-06,9183
2305,全友,14,2,12,群益金鼎-高雄,2024-03-06,9183
6164,華興,11,0,11,群益金鼎-高雄,2024-03-06,9183
2615,萬海,28,17,11,群益金鼎-高雄,2024-03-06,9183
3138,耀登,11,0,11,群益金鼎-高雄,2024-03-06,9183
5009,榮剛,21,10,11,群益金鼎-高雄,2024-03-06,9183
8064,東捷,20,9,11,群益金鼎-高雄,2024-03-06,9183
4306,炎洲,14,3,11,群益金鼎-高雄,2024-03-06,9183
00740B,富邦全球投等債,10,0,10,群益金鼎-高雄,2024-03-06,9183
1108,幸福,10,0,10,群益金鼎-高雄,2024-03-06,9183
4564,元翎,10,0,10,群益金鼎-高雄,2024-03-06,9183
4939,亞電,11,1,10,群益金鼎-高雄,2024-03-06,9183
6182,合晶,10,0,10,群益金鼎-高雄,2024-03-06,9183
6285,啟��,10,0,10,群益金鼎-高雄,2024-03-06,9183
9907,統一實,140,0,140,群益金鼎-高雄,2024-03-07,9183
00918,大華優利高填息30,125,0,125,群益金鼎-高雄,2024-03-07,9183
00632R,元大台灣50反1,100,20,80,群益金鼎-高雄,2024-03-07,9183
4714,永捷,68,1,67,群益金鼎-高雄,2024-03-07,9183
00937B,群益ESG投等債20,180,130,50,群益金鼎-高雄,2024-03-07,9183
2367,燿華,67,22,45,群益金鼎-高雄,2024-03-07,9183
5521,工信,49,4,45,群益金鼎-高雄,2024-03-07,9183
9103,美德醫療-DR,40,0,40,群益金鼎-高雄,2024-03-07,9183
00633L,富邦上証正2,35,0,35,群益金鼎-高雄,2024-03-07,9183
2883,凱基金,41,7,34,群益金鼎-高雄,2024-03-07,9183
1316,上曜,101,69,32,群益金鼎-高雄,2024-03-07,9183
8420,明揚,32,0,32,群益金鼎-高雄,2024-03-07,9183
2324,仁寶,45,15,30,群益金鼎-高雄,2024-03-07,9183
1108,幸福,30,0,30,群益金鼎-高雄,2024-03-07,9183
4720,德淵,30,3,27,群益金鼎-高雄,2024-03-07,9183
8011,台通,41,14,27,群益金鼎-高雄,2024-03-07,9183
8110,華東,30,3,27,群益金鼎-高雄,2024-03-07,9183
1785,光洋科,56,32,24,群益金鼎-高雄,2024-03-07,9183
3545,敦泰,24,0,24,群益金鼎-高雄,2024-03-07,9183
3294,英濟,30,8,22,群益金鼎-高雄,2024-03-07,9183
3260,威剛,22,1,21,群益金鼎-高雄,2024-03-07,9183
3006,晶豪科,21,0,21,群益金鼎-高雄,2024-03-07,9183
00772B,中信高評級公司債,20,0,20,群益金鼎-高雄,2024-03-07,9183
3481,群創,38,18,20,群益金鼎-高雄,2024-03-07,9183
6233,旺玖,21,1,20,群益金鼎-高雄,2024-03-07,9183
3437,榮創,18,0,18,群益金鼎-高雄,2024-03-07,9183
9902,台火,23,5,18,群益金鼎-高雄,2024-03-07,9183
4303,信立,17,0,17,群益金鼎-高雄,2024-03-07,9183
3211,順達,17,1,16,群益金鼎-高雄,2024-03-07,9183
2409,友達,38,23,15,群益金鼎-高雄,2024-03-07,9183
6245,立端,16,1,15,群益金鼎-高雄,2024-03-07,9183
8054,安國,25,11,14,群益金鼎-高雄,2024-03-07,9183
6207,雷科,15,1,14,群益金鼎-高雄,2024-03-07,9183
5880,合庫金,14,0,14,群益金鼎-高雄,2024-03-07,9183
1314,中石化,14,1,13,群益金鼎-高雄,2024-03-07,9183
00688L,國泰20年美債正2,13,0,13,群益金鼎-高雄,2024-03-07,9183
00680L,元大美債20正2,13,0,13,群益金鼎-高雄,2024-03-07,9183
3325,旭品,41,28,13,群益金鼎-高雄,2024-03-07,9183
1218,泰山,12,0,12,群益金鼎-高雄,2024-03-07,9183
2313,華通,35,24,11,群益金鼎-高雄,2024-03-07,9183
2547,日勝生,14,3,11,群益金鼎-高雄,2024-03-07,9183
3564,其陽,18,7,11,群益金鼎-高雄,2024-03-07,9183
4402,郡都開發,12,1,11,群益金鼎-高雄,2024-03-07,9183
6411,晶焱,11,0,11,群益金鼎-高雄,2024-03-07,9183
6742,澤米,11,0,11,群益金鼎-高雄,2024-03-07,9183
6763,綠界科技*,11,0,11,群益金鼎-高雄,2024-03-07,9183
3169,亞信,19,8,11,群益金鼎-高雄,2024-03-07,9183
6239,力成,11,1,10,群益金鼎-高雄,2024-03-07,9183
1467,南緯,10,0,10,群益金鼎-高雄,2024-03-07,9183
2323,中環,10,0,10,群益金鼎-高雄,2024-03-07,9183
9907,統一實,463,0,463,群益金鼎-高雄,2024-03-08,9183
2867,三商壽,324,0,324,群益金鼎-高雄,2024-03-08,9183
4154,樂威科-KY,73,0,73,群益金鼎-高雄,2024-03-08,9183
00915,凱基優選高股息30,46,0,46,群益金鼎-高雄,2024-03-08,9183
2034,允強,40,0,40,群益金鼎-高雄,2024-03-08,9183
8131,福懋科,39,0,39,群益金鼎-高雄,2024-03-08,9183
8420,明揚,39,0,39,群益金鼎-高雄,2024-03-08,9183
3483,力致,36,1,35,群益金鼎-高雄,2024-03-08,9183
8092,建暐,32,0,32,群益金鼎-高雄,2024-03-08,9183
2323,中環,39,8,31,群益金鼎-高雄,2024-03-08,9183
4906,正文,59,32,27,群益金鼎-高雄,2024-03-08,9183
00632R,元大台灣50反1,46,20,26,群益金鼎-高雄,2024-03-08,9183
2109,華豐,30,4,26,群益金鼎-高雄,2024-03-08,9183
3006,晶豪科,25,0,25,群益金鼎-高雄,2024-03-08,9183
2208,台船,35,10,25,群益金鼎-高雄,2024-03-08,9183
3548,兆利,34,11,23,群益金鼎-高雄,2024-03-08,9183
1905,華紙,23,0,23,群益金鼎-高雄,2024-03-08,9183
8996,高力,50,28,22,群益金鼎-高雄,2024-03-08,9183
3338,泰碩,34,12,22,群益金鼎-高雄,2024-03-08,9183
00687B,國泰20年美債,47,26,21,群益金鼎-高雄,2024-03-08,9183
2312,金寶,21,0,21,群益金鼎-高雄,2024-03-08,9183
1708,東鹼,20,0,20,群益金鼎-高雄,2024-03-08,9183
2374,佳能,20,0,20,群益金鼎-高雄,2024-03-08,9183
6233,旺玖,20,0,20,群益金鼎-高雄,2024-03-08,9183
2023,燁輝,21,1,20,群益金鼎-高雄,2024-03-08,9183
3171,炎洲流通,19,0,19,群益金鼎-高雄,2024-03-08,9183
2344,華邦電,35,16,19,群益金鼎-高雄,2024-03-08,9183
3481,群創,26,8,18,群益金鼎-高雄,2024-03-08,9183
4720,德淵,68,50,18,群益金鼎-高雄,2024-03-08,9183
1303,南亞,19,1,18,群益金鼎-高雄,2024-03-08,9183
5439,高技,18,1,17,群益金鼎-高雄,2024-03-08,9183
6275,元山,20,3,17,群益金鼎-高雄,2024-03-08,9183
2887,台新金,19,2,17,群益金鼎-高雄,2024-03-08,9183
1101,台泥,21,4,17,群益金鼎-高雄,2024-03-08,9183
2355,敬鵬,17,1,16,群益金鼎-高雄,2024-03-08,9183
5488,松普,19,3,16,群益金鼎-高雄,2024-03-08,9183
4168,醣聯,15,0,15,群益金鼎-高雄,2024-03-08,9183
00937B,群益ESG投等債20,76,62,14,群益金鼎-高雄,2024-03-08,9183
1514,亞力,22,8,14,群益金鼎-高雄,2024-03-08,9183
2014,中鴻,14,0,14,群益金鼎-高雄,2024-03-08,9183
2405,輔信,14,0,14,群益金鼎-高雄,2024-03-08,9183
2363,矽統,31,18,13,群益金鼎-高雄,2024-03-08,9183
6116,彩晶,14,1,13,群益金鼎-高雄,2024-03-08,9183
2025,千興,17,4,13,群益金鼎-高雄,2024-03-08,9183
2834,臺企銀,33,21,12,群益金鼎-高雄,2024-03-08,9183
6411,晶焱,12,0,12,群益金鼎-高雄,2024-03-08,9183
8076,伍豐,12,0,12,群益金鼎-高雄,2024-03-08,9183
8936,國統,14,2,12,群益金鼎-高雄,2024-03-08,9183
3234,光環,11,0,11,群益金鼎-高雄,2024-03-08,9183
4198,欣大健康,11,0,11,群益金鼎-高雄,2024-03-08,9183
1717,長興,253,3,250,群益金鼎-高雄,2024-03-11,9183
00919,群益台灣精選高息,276,63,213,群益金鼎-高雄,2024-03-11,9183
00927,群益半導體收益,92,0,92,群益金鼎-高雄,2024-03-11,9183
00929,復華台灣科技優息,153,62,91,群益金鼎-高雄,2024-03-11,9183
4154,樂威科-KY,86,0,86,群益金鼎-高雄,2024-03-11,9183
3545,敦泰,82,0,82,群益金鼎-高雄,2024-03-11,9183
2836,高雄銀,73,5,68,群益金鼎-高雄,2024-03-11,9183
8087,麗升能源,56,0,56,群益金鼎-高雄,2024-03-11,9183
2023,燁輝,55,5,50,群益金鼎-高雄,2024-03-11,9183
3515,華擎,41,0,41,群益金鼎-高雄,2024-03-11,9183
00937B,群益ESG投等債20,38,0,38,群益金鼎-高雄,2024-03-11,9183
00772B,中信高評級公司債,32,0,32,群益金鼎-高雄,2024-03-11,9183
00687B,國泰20年美債,34,7,27,群益金鼎-高雄,2024-03-11,9183
2330,台積電,37,11,26,群益金鼎-高雄,2024-03-11,9183
00764B,群益25年美債,24,0,24,群益金鼎-高雄,2024-03-11,9183
00918,大華優利高填息30,27,5,22,群益金鼎-高雄,2024-03-11,9183
2603,長榮,27,5,22,群益金鼎-高雄,2024-03-11,9183
6202,盛群,20,0,20,群益金鼎-高雄,2024-03-11,9183
8933,愛地雅,23,3,20,群益金鼎-高雄,2024-03-11,9183
2025,千興,21,2,19,群益金鼎-高雄,2024-03-11,9183
00637L,元大滬深300正2,24,6,18,群益金鼎-高雄,2024-03-11,9183
3171,炎洲流通,19,1,18,群益金鼎-高雄,2024-03-11,9183
1438,三地開發,27,10,17,群益金鼎-高雄,2024-03-11,9183
3689,湧德,27,10,17,群益金鼎-高雄,2024-03-11,9183
4906,正文,17,0,17,群益金鼎-高雄,2024-03-11,9183
3558,神準,15,0,15,群益金鼎-高雄,2024-03-11,9183
00933B,國泰10Y+金融債,25,10,15,群益金鼎-高雄,2024-03-11,9183
2511,太子,15,0,15,群益金鼎-高雄,2024-03-11,9183
2303,聯電,40,25,15,群益金鼎-高雄,2024-03-11,9183
2882,國泰金,35,21,14,群益金鼎-高雄,2024-03-11,9183
2486,一詮,17,4,13,群益金鼎-高雄,2024-03-11,9183
3094,聯傑,13,0,13,群益金鼎-高雄,2024-03-11,9183
8092,建暐,23,10,13,群益金鼎-高雄,2024-03-11,9183
3707,漢磊,23,11,12,群益金鼎-高雄,2024-03-11,9183
6411,晶焱,12,1,11,群益金鼎-高雄,2024-03-11,9183
00661,元大日經225,11,0,11,群益金鼎-高雄,2024-03-11,9183
2417,圓剛,25,14,11,群益金鼎-高雄,2024-03-11,9183
3062,建漢,12,1,11,群益金鼎-高雄,2024-03-11,9183
2504,國產,11,1,10,群益金鼎-高雄,2024-03-11,9183
3711,日月光投控,13,3,10,群益金鼎-高雄,2024-03-11,9183
00712,復華富時不動產,10,0,10,群益金鼎-高雄,2024-03-11,9183
1514,亞力,18,8,10,群益金鼎-高雄,2024-03-11,9183
1711,永光,10,0,10,群益金鼎-高雄,2024-03-11,9183
3380,明泰,11,1,10,群益金鼎-高雄,2024-03-11,9183
4121,優盛,10,0,10,群益金鼎-高雄,2024-03-11,9183
5530,龍巖,10,0,10,群益金鼎-高雄,2024-03-11,9183
6257,矽格,11,1,10,群益金鼎-高雄,2024-03-11,9183
00688L,國泰20年美債正2,9,0,9,群益金鼎-高雄,2024-03-11,9183
00891,中信關鍵半導體,10,1,9,群益金鼎-高雄,2024-03-11,9183
2538,基泰,10,1,9,群益金鼎-高雄,2024-03-11,9183
00637L,元大滬深300正2,705,28,677,群益金鼎-高雄,2024-03-12,9183
00919,群益台灣精選高息,169,41,128,群益金鼎-高雄,2024-03-12,9183
00753L,中信中國50正2,100,5,95,群益金鼎-高雄,2024-03-12,9183
00929,復華台灣科技優息,128,35,93,群益金鼎-高雄,2024-03-12,9183
2882,國泰金,110,30,80,群益金鼎-高雄,2024-03-12,9183
2371,大同,66,9,57,群益金鼎-高雄,2024-03-12,9183
9945,潤泰新,55,1,54,群益金鼎-高雄,2024-03-12,9183
00937B,群益ESG投等債20,43,0,43,群益金鼎-高雄,2024-03-12,9183
2887,台新金,42,0,42,群益金鼎-高雄,2024-03-12,9183
3325,旭品,89,48,41,群益金鼎-高雄,2024-03-12,9183
8070,長華*,39,1,38,群益金鼎-高雄,2024-03-12,9183
00632R,元大台灣50反1,35,0,35,群益金鼎-高雄,2024-03-12,9183
9105,泰金寶-DR,100,70,30,群益金鼎-高雄,2024-03-12,9183
3515,華擎,29,2,27,群益金鼎-高雄,2024-03-12,9183
00712,復華富時不動產,26,0,26,群益金鼎-高雄,2024-03-12,9183
3494,誠研,23,0,23,群益金鼎-高雄,2024-03-12,9183
3545,敦泰,24,1,23,群益金鼎-高雄,2024-03-12,9183
8147,正淩,24,3,21,群益金鼎-高雄,2024-03-12,9183
00770,國泰北美科技,20,0,20,群益金鼎-高雄,2024-03-12,9183
1316,上曜,34,16,18,群益金鼎-高雄,2024-03-12,9183
2324,仁寶,30,12,18,群益金鼎-高雄,2024-03-12,9183
4714,永捷,34,17,17,群益金鼎-高雄,2024-03-12,9183
2329,華泰,22,5,17,群益金鼎-高雄,2024-03-12,9183
4930,燦星網,16,1,15,群益金鼎-高雄,2024-03-12,9183
4729,熒茂,14,0,14,群益金鼎-高雄,2024-03-12,9183
1802,台玻,12,0,12,群益金鼎-高雄,2024-03-12,9183
1438,三地開發,11,0,11,群益金鼎-高雄,2024-03-12,9183
2855,統一證,14,3,11,群益金鼎-高雄,2024-03-12,9183
4906,正文,12,1,11,群益金鼎-高雄,2024-03-12,9183
00746B,富邦A級公司債,10,0,10,群益金鼎-高雄,2024-03-12,9183
2524,京城,11,1,10,群益金鼎-高雄,2024-03-12,9183
2892,第一金,10,0,10,群益金鼎-高雄,2024-03-12,9183
5880,合庫金,10,0,10,群益金鼎-高雄,2024-03-12,9183
5905,南仁湖,10,0,10,群益金鼎-高雄,2024-03-12,9183
1456,怡華,9,0,9,群益金鼎-高雄,2024-03-12,9183
2208,台船,10,1,9,群益金鼎-高雄,2024-03-12,9183
2380,虹光,9,0,9,群益金鼎-高雄,2024-03-12,9183
3016,嘉晶,10,1,9,群益金鼎-高雄,2024-03-12,9183
4306,炎洲,15,6,9,群益金鼎-高雄,2024-03-12,9183
8420,明揚,9,0,9,群益金鼎-高雄,2024-03-12,9183
2376,技嘉,11,3,8,群益金鼎-高雄,2024-03-12,9183
2301,光寶科,9,1,8,群益金鼎-高雄,2024-03-12,9183
2467,志聖,9,1,8,群益金鼎-高雄,2024-03-12,9183
3313,斐成,8,0,8,群益金鼎-高雄,2024-03-12,9183
2392,正崴,10,2,8,群益金鼎-高雄,2024-03-12,9183
8933,愛地雅,8,0,8,群益金鼎-高雄,2024-03-12,9183
00878,國泰永續高股息,29,22,7,群益金鼎-高雄,2024-03-12,9183
00907,永豐優息存股,7,0,7,群益金鼎-高雄,2024-03-12,9183
2352,佳世達,9,2,7,群益金鼎-高雄,2024-03-12,9183
3702,大聯大,11,4,7,群益金鼎-高雄,2024-03-12,9183
00919,群益台灣精選高息,428,147,281,群益金鼎-高雄,2024-03-13,9183
00929,復華台灣科技優息,115,14,101,群益金鼎-高雄,2024-03-13,9183
3515,華擎,98,0,98,群益金鼎-高雄,2024-03-13,9183
3231,緯創,81,15,66,群益金鼎-高雄,2024-03-13,9183
1316,上曜,63,5,58,群益金鼎-高雄,2024-03-13,9183
00680L,元大美債20正2,53,0,53,群益金鼎-高雄,2024-03-13,9183
2883,凱基金,110,60,50,群益金鼎-高雄,2024-03-13,9183
00900,富邦特選高股息30,50,4,46,群益金鼎-高雄,2024-03-13,9183
4154,樂威科-KY,38,0,38,群益金鼎-高雄,2024-03-13,9183
00882,中信中國高股息,42,5,37,群益金鼎-高雄,2024-03-13,9183
8420,明揚,36,0,36,群益金鼎-高雄,2024-03-13,9183
00915,凱基優選高股息30,34,1,33,群益金鼎-高雄,2024-03-13,9183
4720,德淵,33,0,33,群益金鼎-高雄,2024-03-13,9183
00918,大華優利高填息30,45,15,30,群益金鼎-高雄,2024-03-13,9183
8070,長華*,30,1,29,群益金鼎-高雄,2024-03-13,9183
2002,中鋼,40,13,27,群益金鼎-高雄,2024-03-13,9183
6806,森崴能源,33,7,26,群益金鼎-高雄,2024-03-13,9183
2486,一詮,30,4,26,群益金鼎-高雄,2024-03-13,9183
3006,晶豪科,31,6,25,群益金鼎-高雄,2024-03-13,9183
4994,傳奇,26,2,24,群益金鼎-高雄,2024-03-13,9183
2380,虹光,24,0,24,群益金鼎-高雄,2024-03-13,9183
00679B,元大美債20年,22,0,22,群益金鼎-高雄,2024-03-13,9183
2352,佳世達,25,4,21,群益金鼎-高雄,2024-03-13,9183
00673R,期元大S＆P原油反1,20,0,20,群益金鼎-高雄,2024-03-13,9183
3049,精金,20,0,20,群益金鼎-高雄,2024-03-13,9183
3284,太普高,20,0,20,群益金鼎-高雄,2024-03-13,9183
8358,金居,20,0,20,群益金鼎-高雄,2024-03-13,9183
1529,樂事綠能,19,0,19,群益金鼎-高雄,2024-03-13,9183
1514,亞力,45,28,17,群益金鼎-高雄,2024-03-13,9183
2329,華泰,20,3,17,群益金鼎-高雄,2024-03-13,9183
2353,宏��,58,41,17,群益金鼎-高雄,2024-03-13,9183
5907,大洋-KY,16,0,16,群益金鼎-高雄,2024-03-13,9183
6275,元山,24,8,16,群益金鼎-高雄,2024-03-13,9183
2363,矽統,29,14,15,群益金鼎-高雄,2024-03-13,9183
4909,新復興,34,19,15,群益金鼎-高雄,2024-03-13,9183
6116,彩晶,14,0,14,群益金鼎-高雄,2024-03-13,9183
2605,新興,13,0,13,群益金鼎-高雄,2024-03-13,9183
2610,華航,16,3,13,群益金鼎-高雄,2024-03-13,9183
6167,久正,13,0,13,群益金鼎-高雄,2024-03-13,9183
6770,力積電,16,4,12,群益金鼎-高雄,2024-03-13,9183
6120,達運,12,0,12,群益金鼎-高雄,2024-03-13,9183
5403,中菲,11,0,11,群益金鼎-高雄,2024-03-13,9183
3313,斐成,16,5,11,群益金鼎-高雄,2024-03-13,9183
3494,誠研,11,0,11,群益金鼎-高雄,2024-03-13,9183
6443,元晶,11,0,11,群益金鼎-高雄,2024-03-13,9183
8926,台汽電,34,23,11,群益金鼎-高雄,2024-03-13,9183
6125,廣運,22,12,10,群益金鼎-高雄,2024-03-13,9183
2332,友訊,10,0,10,群益金鼎-高雄,2024-03-13,9183
5009,榮剛,15,5,10,群益金鼎-高雄,2024-03-13,9183
00773B,中信優先金融債,10,0,10,群益金鼎-高雄,2024-03-13,9183
2883,凱基金,395,42,353,群益金鼎-高雄,2024-03-14,9183
2889,國票金,132,11,121,群益金鼎-高雄,2024-03-14,9183
4154,樂威科-KY,82,1,81,群益金鼎-高雄,2024-03-14,9183
1609,大亞,95,33,62,群益金鼎-高雄,2024-03-14,9183
00637L,元大滬深300正2,60,1,59,群益金鼎-高雄,2024-03-14,9183
2618,長榮航,63,19,44,群益金鼎-高雄,2024-03-14,9183
00650L,復華香港正2,40,0,40,群益金鼎-高雄,2024-03-14,9183
3515,華擎,40,1,39,群益金鼎-高雄,2024-03-14,9183
00935,野村臺灣新科技50,32,0,32,群益金鼎-高雄,2024-03-14,9183
00687B,國泰20年美債,34,8,26,群益金鼎-高雄,2024-03-14,9183
2886,兆豐金,29,8,21,群益金鼎-高雄,2024-03-14,9183
5443,均豪,42,22,20,群益金鼎-高雄,2024-03-14,9183
2597,潤弘,20,0,20,群益金鼎-高雄,2024-03-14,9183
6191,精成科,20,0,20,群益金鼎-高雄,2024-03-14,9183
00688L,國泰20年美債正2,20,2,18,群益金鼎-高雄,2024-03-14,9183
4303,信立,19,1,18,群益金鼎-高雄,2024-03-14,9183
2323,中環,19,2,17,群益金鼎-高雄,2024-03-14,9183
00632R,元大台灣50反1,15,0,15,群益金鼎-高雄,2024-03-14,9183
2884,玉山金,22,7,15,群益金鼎-高雄,2024-03-14,9183
2885,元大金,17,2,15,群益金鼎-高雄,2024-03-14,9183
5347,世界,17,2,15,群益金鼎-高雄,2024-03-14,9183
3588,通嘉,14,0,14,群益金鼎-高雄,2024-03-14,9183
2882,國泰金,45,32,13,群益金鼎-高雄,2024-03-14,9183
2371,大同,27,14,13,群益金鼎-高雄,2024-03-14,9183
00680L,元大美債20正2,13,0,13,群益金鼎-高雄,2024-03-14,9183
1305,華夏,13,0,13,群益金鼎-高雄,2024-03-14,9183
2206,三陽工業,14,2,12,群益金鼎-高雄,2024-03-14,9183
2303,聯電,37,26,11,群益金鼎-高雄,2024-03-14,9183
3094,聯傑,10,0,10,群益金鼎-高雄,2024-03-14,9183
00773B,中信優先金融債,10,0,10,群益金鼎-高雄,2024-03-14,9183
4737,華廣,10,0,10,群益金鼎-高雄,2024-03-14,9183
3711,日月光投控,12,3,9,群益金鼎-高雄,2024-03-14,9183
3540,曜越,16,7,9,群益金鼎-高雄,2024-03-14,9183
6217,中探針,9,0,9,群益金鼎-高雄,2024-03-14,9183
2027,大成鋼,10,1,9,群益金鼎-高雄,2024-03-14,9183
2356,英業達,25,16,9,群益金鼎-高雄,2024-03-14,9183
4909,新復興,11,2,9,群益金鼎-高雄,2024-03-14,9183
1316,上曜,32,24,8,群益金鼎-高雄,2024-03-14,9183
2329,華泰,24,16,8,群益金鼎-高雄,2024-03-14,9183
2450,神腦,10,2,8,群益金鼎-高雄,2024-03-14,9183
2449,京元電子,10,3,7,群益金鼎-高雄,2024-03-14,9183
2498,宏達電,7,0,7,群益金鼎-高雄,2024-03-14,9183
2537,聯上發,7,0,7,群益金鼎-高雄,2024-03-14,9183
1455,集盛,8,1,7,群益金鼎-高雄,2024-03-14,9183
00933B,國泰10Y+金融債,6,0,6,群益金鼎-高雄,2024-03-14,9183
3491,昇達科,6,0,6,群益金鼎-高雄,2024-03-14,9183
6438,迅得,6,0,6,群益金鼎-高雄,2024-03-14,9183
2353,宏��,14,8,6,群益金鼎-高雄,2024-03-14,9183
3017,奇鋐,6,1,5,群益金鼎-高雄,2024-03-14,9183
2354,鴻準,18,13,5,群益金鼎-高雄,2024-03-14,9183
00919,群益台灣精選高息,254,100,154,群益金鼎-高雄,2024-03-15,9183
00937B,群益ESG投等債20,136,10,126,群益金鼎-高雄,2024-03-15,9183
00679B,元大美債20年,115,9,106,群益金鼎-高雄,2024-03-15,9183
00918,大華優利高填息30,76,12,64,群益金鼎-高雄,2024-03-15,9183
4154,樂威科-KY,63,0,63,群益金鼎-高雄,2024-03-15,9183
8210,勤誠,62,1,61,群益金鼎-高雄,2024-03-15,9183
8089,康全電訊,58,0,58,群益金鼎-高雄,2024-03-15,9183
00751B,元大AAA至A公司債,52,0,52,群益金鼎-高雄,2024-03-15,9183
2834,臺企銀,125,84,41,群益金鼎-高雄,2024-03-15,9183
2603,長榮,60,19,41,群益金鼎-高雄,2024-03-15,9183
00687B,國泰20年美債,39,0,39,群益金鼎-高雄,2024-03-15,9183
2882,國泰金,86,47,39,群益金鼎-高雄,2024-03-15,9183
2313,華通,43,11,32,群益金鼎-高雄,2024-03-15,9183
00650L,復華香港正2,32,0,32,群益金鼎-高雄,2024-03-15,9183
1605,華新,41,10,31,群益金鼎-高雄,2024-03-15,9183
2303,聯電,44,14,30,群益金鼎-高雄,2024-03-15,9183
2330,台積電,39,11,28,群益金鼎-高雄,2024-03-15,9183
2356,英業達,26,1,25,群益金鼎-高雄,2024-03-15,9183
00680L,元大美債20正2,25,0,25,群益金鼎-高雄,2024-03-15,9183
00722B,群益投資級電信債,21,0,21,群益金鼎-高雄,2024-03-15,9183
2615,萬海,45,25,20,群益金鼎-高雄,2024-03-15,9183
2022,聚亨,27,7,20,群益金鼎-高雄,2024-03-15,9183
00941,中信上游半導體,97,78,19,群益金鼎-高雄,2024-03-15,9183
8092,建暐,24,5,19,群益金鼎-高雄,2024-03-15,9183
1905,華紙,17,0,17,群益金鼎-高雄,2024-03-15,9183
1504,東元,18,1,17,群益金鼎-高雄,2024-03-15,9183
1609,大亞,25,9,16,群益金鼎-高雄,2024-03-15,9183
6449,鈺邦,15,0,15,群益金鼎-高雄,2024-03-15,9183
2025,千興,14,0,14,群益金鼎-高雄,2024-03-15,9183
2450,神腦,14,0,14,群益金鼎-高雄,2024-03-15,9183
2374,佳能,25,12,13,群益金鼎-高雄,2024-03-15,9183
6139,亞翔,34,21,13,群益金鼎-高雄,2024-03-15,9183
1303,南亞,17,5,12,群益金鼎-高雄,2024-03-15,9183
2838,聯邦銀,12,0,12,群益金鼎-高雄,2024-03-15,9183
3049,精金,24,12,12,群益金鼎-高雄,2024-03-15,9183
6269,台郡,12,0,12,群益金鼎-高雄,2024-03-15,9183
6284,佳邦,13,1,12,群益金鼎-高雄,2024-03-15,9183
2880,華南金,13,1,12,群益金鼎-高雄,2024-03-15,9183
2442,新美齊,11,0,11,群益金鼎-高雄,2024-03-15,9183
2492,華新科,11,0,11,群益金鼎-高雄,2024-03-15,9183
2377,微星,11,0,11,群益金鼎-高雄,2024-03-15,9183
1102,亞泥,10,0,10,群益金鼎-高雄,2024-03-15,9183
00764B,群益25年美債,10,0,10,群益金鼎-高雄,2024-03-15,9183
00753L,中信中國50正2,10,0,10,群益金鼎-高雄,2024-03-15,9183
00772B,中信高評級公司債,10,0,10,群益金鼎-高雄,2024-03-15,9183
1584,精剛,10,0,10,群益金鼎-高雄,2024-03-15,9183
2537,聯上發,10,0,10,群益金鼎-高雄,2024-03-15,9183
6606,建德工業,10,0,10,群益金鼎-高雄,2024-03-15,9183
6742,澤米,10,0,10,群益金鼎-高雄,2024-03-15,9183
9950,萬國通,10,0,10,群益金鼎-高雄,2024-03-15,9183
00753L,中信中國50正2,198,0,198,群益金鼎-高雄,2024-03-18,9183
4729,熒茂,151,9,142,群益金鼎-高雄,2024-03-18,9183
00673R,期元大S＆P原油反1,95,0,95,群益金鼎-高雄,2024-03-18,9183
00919,群益台灣精選高息,130,38,92,群益金鼎-高雄,2024-03-18,9183
3628,盈正,70,0,70,群益金鼎-高雄,2024-03-18,9183
00941,中信上游半導體,62,0,62,群益金鼎-高雄,2024-03-18,9183
00878,國泰永續高股息,62,1,61,群益金鼎-高雄,2024-03-18,9183
00915,凱基優選高股息30,53,0,53,群益金鼎-高雄,2024-03-18,9183
6139,亞翔,66,14,52,群益金鼎-高雄,2024-03-18,9183
00773B,中信優先金融債,48,0,48,群益金鼎-高雄,2024-03-18,9183
911608,明輝-DR,43,0,43,群益金鼎-高雄,2024-03-18,9183
00937B,群益ESG投等債20,42,0,42,群益金鼎-高雄,2024-03-18,9183
2405,輔信,35,0,35,群益金鼎-高雄,2024-03-18,9183
00680L,元大美債20正2,34,3,31,群益金鼎-高雄,2024-03-18,9183
2303,聯電,41,11,30,群益金鼎-高雄,2024-03-18,9183
2031,新光鋼,25,0,25,群益金鼎-高雄,2024-03-18,9183
4909,新復興,31,8,23,群益金鼎-高雄,2024-03-18,9183
2329,華泰,63,40,23,群益金鼎-高雄,2024-03-18,9183
2313,華通,56,34,22,群益金鼎-高雄,2024-03-18,9183
00687B,國泰20年美債,26,5,21,群益金鼎-高雄,2024-03-18,9183
00650L,復華香港正2,20,0,20,群益金鼎-高雄,2024-03-18,9183
8420,明揚,19,0,19,群益金鼎-高雄,2024-03-18,9183
8011,台通,23,5,18,群益金鼎-高雄,2024-03-18,9183
6505,台塑化,18,1,17,群益金鼎-高雄,2024-03-18,9183
2885,元大金,15,0,15,群益金鼎-高雄,2024-03-18,9183
2002,中鋼,13,0,13,群益金鼎-高雄,2024-03-18,9183
00933B,國泰10Y+金融債,12,0,12,群益金鼎-高雄,2024-03-18,9183
00679B,元大美債20年,12,0,12,群益金鼎-高雄,2024-03-18,9183
00918,大華優利高填息30,11,0,11,群益金鼎-高雄,2024-03-18,9183
00795B,中信美國公債20年,11,0,11,群益金鼎-高雄,2024-03-18,9183
2834,臺企銀,25,15,10,群益金鼎-高雄,2024-03-18,9183
4503,金雨,19,9,10,群益金鼎-高雄,2024-03-18,9183
4737,華廣,10,0,10,群益金鼎-高雄,2024-03-18,9183
910322,康師傅-DR,10,0,10,群益金鼎-高雄,2024-03-18,9183
2442,新美齊,9,0,9,群益金鼎-高雄,2024-03-18,9183
4961,天鈺,12,3,9,群益金鼎-高雄,2024-03-18,9183
2610,華航,9,0,9,群益金鼎-高雄,2024-03-18,9183
3481,群創,18,9,9,群益金鼎-高雄,2024-03-18,9183
4771,望隼,9,1,8,群益金鼎-高雄,2024-03-18,9183
2408,南亞科,8,0,8,群益金鼎-高雄,2024-03-18,9183
2352,佳世達,9,1,8,群益金鼎-高雄,2024-03-18,9183
2014,中鴻,13,5,8,群益金鼎-高雄,2024-03-18,9183
2324,仁寶,8,0,8,群益金鼎-高雄,2024-03-18,9183
3622,洋華,10,2,8,群益金鼎-高雄,2024-03-18,9183
3558,神準,8,0,8,群益金鼎-高雄,2024-03-18,9183
00830,國泰費城半導體,7,0,7,群益金鼎-高雄,2024-03-18,9183
2330,台積電,9,2,7,群益金鼎-高雄,2024-03-18,9183
6414,樺漢,8,1,7,群益金鼎-高雄,2024-03-18,9183
3706,神達,18,11,7,群益金鼎-高雄,2024-03-18,9183
2340,台亞,7,0,7,群益金鼎-高雄,2024-03-18,9183
00637L,元大滬深300正2,1182,2,1180,群益金鼎-高雄,2024-03-19,9183
00753L,中信中國50正2,406,300,106,群益金鼎-高雄,2024-03-19,9183
00941,中信上游半導體,99,25,74,群益金鼎-高雄,2024-03-19,9183
6005,群益證,51,0,51,群益金鼎-高雄,2024-03-19,9183
00673R,期元大S＆P原油反1,41,0,41,群益金鼎-高雄,2024-03-19,9183
9136,巨騰-DR,36,0,36,群益金鼎-高雄,2024-03-19,9183
2329,華泰,47,20,27,群益金鼎-高雄,2024-03-19,9183
0056,元大高股息,30,5,25,群益金鼎-高雄,2024-03-19,9183
2504,國產,23,0,23,群益金鼎-高雄,2024-03-19,9183
00687B,國泰20年美債,25,2,23,群益金鼎-高雄,2024-03-19,9183
00937B,群益ESG投等債20,22,0,22,群益金鼎-高雄,2024-03-19,9183
00632R,元大台灣50反1,21,0,21,群益金鼎-高雄,2024-03-19,9183
2618,長榮航,24,3,21,群益金鼎-高雄,2024-03-19,9183
2515,中工,29,9,20,群益金鼎-高雄,2024-03-19,9183
2353,宏��,28,9,19,群益金鼎-高雄,2024-03-19,9183
2867,三商壽,17,0,17,群益金鼎-高雄,2024-03-19,9183
6642,富致,14,0,14,群益金鼎-高雄,2024-03-19,9183
2467,志聖,17,4,13,群益金鼎-高雄,2024-03-19,9183
1609,大亞,21,8,13,群益金鼎-高雄,2024-03-19,9183
00878,國泰永續高股息,13,2,11,群益金鼎-高雄,2024-03-19,9183
3049,精金,11,0,11,群益金鼎-高雄,2024-03-19,9183
6227,茂綸,11,0,11,群益金鼎-高雄,2024-03-19,9183
5515,建國,12,1,11,群益金鼎-高雄,2024-03-19,9183
2834,臺企銀,14,4,10,群益金鼎-高雄,2024-03-19,9183
2363,矽統,19,9,10,群益金鼎-高雄,2024-03-19,9183
00924,復華S＆P500成長,10,0,10,群益金鼎-高雄,2024-03-19,9183
2025,千興,10,0,10,群益金鼎-高雄,2024-03-19,9183
2070,精湛,10,0,10,群益金鼎-高雄,2024-03-19,9183
4154,樂威科-KY,10,0,10,群益金鼎-高雄,2024-03-19,9183
00882,中信中國高股息,10,0,10,群益金鼎-高雄,2024-03-19,9183
1503,士電,38,29,9,群益金鼎-高雄,2024-03-19,9183
1785,光洋科,11,2,9,群益金鼎-高雄,2024-03-19,9183
6168,宏齊,10,1,9,群益金鼎-高雄,2024-03-19,9183
3702,大聯大,12,3,9,群益金鼎-高雄,2024-03-19,9183
2609,陽明,12,4,8,群益金鼎-高雄,2024-03-19,9183
2481,強茂,8,0,8,群益金鼎-高雄,2024-03-19,9183
2542,興富發,8,0,8,群益金鼎-高雄,2024-03-19,9183
1319,東陽,15,8,7,群益金鼎-高雄,2024-03-19,9183
2365,昆盈,7,0,7,群益金鼎-高雄,2024-03-19,9183
3694,海華,9,2,7,群益金鼎-高雄,2024-03-19,9183
6233,旺玖,12,5,7,群益金鼎-高雄,2024-03-19,9183
2449,京元電子,8,1,7,群益金鼎-高雄,2024-03-19,9183
2356,英業達,16,9,7,群益金鼎-高雄,2024-03-19,9183
1301,台塑,7,0,7,群益金鼎-高雄,2024-03-19,9183
3017,奇鋐,11,5,6,群益金鼎-高雄,2024-03-19,9183
2421,建準,10,4,6,群益金鼎-高雄,2024-03-19,9183
2022,聚亨,9,3,6,群益金鼎-高雄,2024-03-19,9183
5009,榮剛,6,0,6,群益金鼎-高雄,2024-03-19,9183
00679B,元大美債20年,13,7,6,群益金鼎-高雄,2024-03-19,9183
00706L,期元大S＆P日圓正2,9,3,6,群益金鼎-高雄,2024-03-19,9183
2834,臺企銀,353,3,350,群益金鼎-高雄,2024-03-20,9183
00632R,元大台灣50反1,119,0,119,群益金鼎-高雄,2024-03-20,9183
2453,凌群,117,7,110,群益金鼎-高雄,2024-03-20,9183
00937B,群益ESG投等債20,85,0,85,群益金鼎-高雄,2024-03-20,9183
2344,華邦電,69,10,59,群益金鼎-高雄,2024-03-20,9183
00919,群益台灣精選高息,183,126,57,群益金鼎-高雄,2024-03-20,9183
3231,緯創,65,26,39,群益金鼎-高雄,2024-03-20,9183
2356,英業達,37,4,33,群益金鼎-高雄,2024-03-20,9183
2208,台船,33,2,31,群益金鼎-高雄,2024-03-20,9183
00918,大華優利高填息30,59,36,23,群益金鼎-高雄,2024-03-20,9183
00878,國泰永續高股息,28,6,22,群益金鼎-高雄,2024-03-20,9183
1597,直得,21,0,21,群益金鼎-高雄,2024-03-20,9183
4720,德淵,21,0,21,群益金鼎-高雄,2024-03-20,9183
6548,長科*,21,0,21,群益金鼎-高雄,2024-03-20,9183
00679B,元大美債20年,20,0,20,群益金鼎-高雄,2024-03-20,9183
2108,南帝,20,0,20,群益金鼎-高雄,2024-03-20,9183
6005,群益證,20,0,20,群益金鼎-高雄,2024-03-20,9183
4938,和碩,43,23,20,群益金鼎-高雄,2024-03-20,9183
2609,陽明,21,5,16,群益金鼎-高雄,2024-03-20,9183
6593,台灣銘板,18,3,15,群益金鼎-高雄,2024-03-20,9183
2486,一詮,19,4,15,群益金鼎-高雄,2024-03-20,9183
1301,台塑,18,4,14,群益金鼎-高雄,2024-03-20,9183
5880,合庫金,14,0,14,群益金鼎-高雄,2024-03-20,9183
1101,台泥,16,3,13,群益金鼎-高雄,2024-03-20,9183
3147,大綜,18,5,13,群益金鼎-高雄,2024-03-20,9183
6116,彩晶,12,0,12,群益金鼎-高雄,2024-03-20,9183
2374,佳能,16,4,12,群益金鼎-高雄,2024-03-20,9183
2313,華通,24,13,11,群益金鼎-高雄,2024-03-20,9183
2867,三商壽,11,0,11,群益金鼎-高雄,2024-03-20,9183
3623,富晶通,11,0,11,群益金鼎-高雄,2024-03-20,9183
5522,遠雄,11,0,11,群益金鼎-高雄,2024-03-20,9183
2884,玉山金,13,2,11,群益金鼎-高雄,2024-03-20,9183
2409,友達,11,0,11,群益金鼎-高雄,2024-03-20,9183
2610,華航,12,2,10,群益金鼎-高雄,2024-03-20,9183
00724B,群益投資級金融債,10,0,10,群益金鼎-高雄,2024-03-20,9183
1722,台肥,10,0,10,群益金鼎-高雄,2024-03-20,9183
2312,金寶,10,0,10,群益金鼎-高雄,2024-03-20,9183
2367,燿華,18,8,10,群益金鼎-高雄,2024-03-20,9183
2912,統一超,10,0,10,群益金鼎-高雄,2024-03-20,9183
2941,米斯特,10,0,10,群益金鼎-高雄,2024-03-20,9183
4737,華廣,10,0,10,群益金鼎-高雄,2024-03-20,9183
6546,正基,14,4,10,群益金鼎-高雄,2024-03-20,9183
2352,佳世達,30,21,9,群益金鼎-高雄,2024-03-20,9183
4994,傳奇,10,2,8,群益金鼎-高雄,2024-03-20,9183
00930,永豐ESG低碳高息,10,2,8,群益金鼎-高雄,2024-03-20,9183
00673R,期元大S＆P原油反1,8,0,8,群益金鼎-高雄,2024-03-20,9183
3062,建漢,8,0,8,群益金鼎-高雄,2024-03-20,9183
3308,聯德,8,0,8,群益金鼎-高雄,2024-03-20,9183
3537,堡達,8,0,8,群益金鼎-高雄,2024-03-20,9183
1303,南亞,15,7,8,群益金鼎-高雄,2024-03-20,9183
00632R,元大台灣50反1,212,0,212,群益金鼎-高雄,2024-03-21,9183
00764B,群益25年美債,250,88,162,群益金鼎-高雄,2024-03-21,9183
00939,統一台灣高息動能,464,337,127,群益金鼎-高雄,2024-03-21,9183
00720B,元大投資級公司債,87,0,87,群益金鼎-高雄,2024-03-21,9183
00941,中信上游半導體,105,27,78,群益金鼎-高雄,2024-03-21,9183
9136,巨騰-DR,181,105,76,群益金鼎-高雄,2024-03-21,9183
00679B,元大美債20年,68,0,68,群益金鼎-高雄,2024-03-21,9183
6188,廣明,79,40,39,群益金鼎-高雄,2024-03-21,9183
2913,農林,38,0,38,群益金鼎-高雄,2024-03-21,9183
00919,群益台灣精選高息,85,49,36,群益金鼎-高雄,2024-03-21,9183
2633,台灣高鐵,40,8,32,群益金鼎-高雄,2024-03-21,9183
6753,龍德造船,42,15,27,群益金鼎-高雄,2024-03-21,9183
00937B,群益ESG投等債20,29,2,27,群益金鼎-高雄,2024-03-21,9183
00687B,國泰20年美債,33,8,25,群益金鼎-高雄,2024-03-21,9183
4554,橙的,21,0,21,群益金鼎-高雄,2024-03-21,9183
3005,神基,31,10,21,群益金鼎-高雄,2024-03-21,9183
5210,寶碩,20,0,20,群益金鼎-高雄,2024-03-21,9183
00773B,中信優先金融債,20,0,20,群益金鼎-高雄,2024-03-21,9183
6257,矽格,51,34,17,群益金鼎-高雄,2024-03-21,9183
2358,廷鑫,15,0,15,群益金鼎-高雄,2024-03-21,9183
2376,技嘉,29,14,15,群益金鼎-高雄,2024-03-21,9183
5452,佶優,17,3,14,群益金鼎-高雄,2024-03-21,9183
1104,環泥,13,0,13,群益金鼎-高雄,2024-03-21,9183
00680L,元大美債20正2,13,0,13,群益金鼎-高雄,2024-03-21,9183
00772B,中信高評級公司債,13,0,13,群益金鼎-高雄,2024-03-21,9183
8092,建暐,32,19,13,群益金鼎-高雄,2024-03-21,9183
2603,長榮,20,7,13,群益金鼎-高雄,2024-03-21,9183
2206,三陽工業,13,1,12,群益金鼎-高雄,2024-03-21,9183
2888,新光金,20,8,12,群益金鼎-高雄,2024-03-21,9183
3234,光環,11,0,11,群益金鼎-高雄,2024-03-21,9183
4303,信立,10,0,10,群益金鼎-高雄,2024-03-21,9183
2605,新興,10,0,10,群益金鼎-高雄,2024-03-21,9183
2611,志信,28,18,10,群益金鼎-高雄,2024-03-21,9183
5488,松普,10,0,10,群益金鼎-高雄,2024-03-21,9183
6578,達邦蛋白,10,0,10,群益金鼎-高雄,2024-03-21,9183
00724B,群益投資級金融債,10,0,10,群益金鼎-高雄,2024-03-21,9183
00722B,群益投資級電信債,10,0,10,群益金鼎-高雄,2024-03-21,9183
3673,TPK-KY,10,0,10,群益金鼎-高雄,2024-03-21,9183
1616,億泰,10,0,10,群益金鼎-高雄,2024-03-21,9183
3059,華晶科,10,1,9,群益金鼎-高雄,2024-03-21,9183
3035,智原,33,26,7,群益金鼎-高雄,2024-03-21,9183
3029,零壹,7,0,7,群益金鼎-高雄,2024-03-21,9183
4934,太極,8,1,7,群益金鼎-高雄,2024-03-21,9183
2405,輔信,27,20,7,群益金鼎-高雄,2024-03-21,9183
8096,擎亞,29,22,7,群益金鼎-高雄,2024-03-21,9183
8358,金居,7,0,7,群益金鼎-高雄,2024-03-21,9183
2609,陽明,30,24,6,群益金鼎-高雄,2024-03-21,9183
3041,揚智,63,57,6,群益金鼎-高雄,2024-03-21,9183
00751B,元大AAA至A公司債,6,0,6,群益金鼎-高雄,2024-03-21,9183
2392,正崴,7,1,6,群益金鼎-高雄,2024-03-21,9183
00937B,群益ESG投等債20,743,21,722,群益金鼎-高雄,2024-03-22,9183
2834,臺企銀,585,0,585,群益金鼎-高雄,2024-03-22,9183
00939,統一台灣高息動能,191,54,137,群益金鼎-高雄,2024-03-22,9183
00919,群益台灣精選高息,283,154,129,群益金鼎-高雄,2024-03-22,9183
00753L,中信中國50正2,109,0,109,群益金鼎-高雄,2024-03-22,9183
9105,泰金寶-DR,101,0,101,群益金鼎-高雄,2024-03-22,9183
3548,兆利,90,0,90,群益金鼎-高雄,2024-03-22,9183
00927,群益半導體收益,50,0,50,群益金鼎-高雄,2024-03-22,9183
9136,巨騰-DR,59,13,46,群益金鼎-高雄,2024-03-22,9183
2353,宏��,105,70,35,群益金鼎-高雄,2024-03-22,9183
4714,永捷,50,16,34,群益金鼎-高雄,2024-03-22,9183
6443,元晶,56,25,31,群益金鼎-高雄,2024-03-22,9183
00935,野村臺灣新科技50,27,0,27,群益金鼎-高雄,2024-03-22,9183
6257,矽格,25,0,25,群益金鼎-高雄,2024-03-22,9183
2486,一詮,37,15,22,群益金鼎-高雄,2024-03-22,9183
2888,新光金,25,4,21,群益金鼎-高雄,2024-03-22,9183
00878,國泰永續高股息,33,13,20,群益金鼎-高雄,2024-03-22,9183
2845,遠東銀,20,0,20,群益金鼎-高雄,2024-03-22,9183
8092,建暐,20,0,20,群益金鼎-高雄,2024-03-22,9183
2376,技嘉,49,31,18,群益金鼎-高雄,2024-03-22,9183
1608,華榮,24,6,18,群益金鼎-高雄,2024-03-22,9183
2303,聯電,42,25,17,群益金鼎-高雄,2024-03-22,9183
6227,茂綸,28,11,17,群益金鼎-高雄,2024-03-22,9183
00679B,元大美債20年,18,2,16,群益金鼎-高雄,2024-03-22,9183
2354,鴻準,22,6,16,群益金鼎-高雄,2024-03-22,9183
00680L,元大美債20正2,15,0,15,群益金鼎-高雄,2024-03-22,9183
1308,亞聚,14,0,14,群益金鼎-高雄,2024-03-22,9183
2301,光寶科,32,19,13,群益金鼎-高雄,2024-03-22,9183
2417,圓剛,17,4,13,群益金鼎-高雄,2024-03-22,9183
8088,品安,13,0,13,群益金鼎-高雄,2024-03-22,9183
00915,凱基優選高股息30,13,0,13,群益金鼎-高雄,2024-03-22,9183
1503,士電,29,17,12,群益金鼎-高雄,2024-03-22,9183
8936,國統,33,22,11,群益金鼎-高雄,2024-03-22,9183
2603,長榮,20,9,11,群益金鼎-高雄,2024-03-22,9183
5469,瀚宇博,27,16,11,群益金鼎-高雄,2024-03-22,9183
5880,合庫金,15,4,11,群益金鼎-高雄,2024-03-22,9183
2208,台船,12,1,11,群益金鼎-高雄,2024-03-22,9183
2605,新興,10,0,10,群益金鼎-高雄,2024-03-22,9183
3305,昇貿,10,0,10,群益金鼎-高雄,2024-03-22,9183
6215,和椿,10,0,10,群益金鼎-高雄,2024-03-22,9183
00738U,期元大道瓊白銀,10,0,10,群益金鼎-高雄,2024-03-22,9183
00652,富邦印度,10,0,10,群益金鼎-高雄,2024-03-22,9183
1440,南紡,10,0,10,群益金鼎-高雄,2024-03-22,9183
2108,南帝,10,0,10,群益金鼎-高雄,2024-03-22,9183
2363,矽統,15,5,10,群益金鼎-高雄,2024-03-22,9183
8271,宇瞻,39,29,10,群益金鼎-高雄,2024-03-22,9183
6715,嘉基,10,0,10,群益金鼎-高雄,2024-03-22,9183
00929,復華台灣科技優息,26,17,9,群益金鼎-高雄,2024-03-22,9183
00934,中信成長高股息,10,1,9,群益金鼎-高雄,2024-03-22,9183
6005,群益證,9,0,9,群益金鼎-高雄,2024-03-22,9183
00933B,國泰10Y+金融債,463,0,463,群益金鼎-高雄,2024-03-25,9183
2367,燿華,375,64,311,群益金鼎-高雄,2024-03-25,9183
4960,誠美材,300,0,300,群益金鼎-高雄,2024-03-25,9183
2356,英業達,298,56,242,群益金鼎-高雄,2024-03-25,9183
2323,中環,335,228,107,群益金鼎-高雄,2024-03-25,9183
00939,統一台灣高息動能,155,50,105,群益金鼎-高雄,2024-03-25,9183
00937B,群益ESG投等債20,87,1,86,群益金鼎-高雄,2024-03-25,9183
3548,兆利,57,0,57,群益金鼎-高雄,2024-03-25,9183
4729,熒茂,57,0,57,群益金鼎-高雄,2024-03-25,9183
00764B,群益25年美債,195,155,40,群益金鼎-高雄,2024-03-25,9183
00712,復華富時不動產,39,0,39,群益金鼎-高雄,2024-03-25,9183
2303,聯電,38,4,34,群益金鼎-高雄,2024-03-25,9183
00725B,國泰投資級公司債,30,0,30,群益金鼎-高雄,2024-03-25,9183
2009,第一銅,33,5,28,群益金鼎-高雄,2024-03-25,9183
2882,國泰金,41,14,27,群益金鼎-高雄,2024-03-25,9183
00919,群益台灣精選高息,79,56,23,群益金鼎-高雄,2024-03-25,9183
9136,巨騰-DR,21,0,21,群益金鼎-高雄,2024-03-25,9183
00878,國泰永續高股息,33,12,21,群益金鼎-高雄,2024-03-25,9183
4105,東洋,20,0,20,群益金鼎-高雄,2024-03-25,9183
1721,三晃,19,0,19,群益金鼎-高雄,2024-03-25,9183
6188,廣明,51,33,18,群益金鼎-高雄,2024-03-25,9183
3628,盈正,19,1,18,群益金鼎-高雄,2024-03-25,9183
00679B,元大美債20年,18,1,17,群益金鼎-高雄,2024-03-25,9183
2317,鴻海,29,11,18,群益金鼎-高雄,2024-03-25,9183
6770,力積電,17,0,17,群益金鼎-高雄,2024-03-25,9183
2486,一詮,26,10,16,群益金鼎-高雄,2024-03-25,9183
00751B,元大AAA至A公司債,16,0,16,群益金鼎-高雄,2024-03-25,9183
3049,精金,30,15,15,群益金鼎-高雄,2024-03-25,9183
00915,凱基優選高股息30,15,0,15,群益金鼎-高雄,2024-03-25,9183
2014,中鴻,30,15,15,群益金鼎-高雄,2024-03-25,9183
2109,華豐,18,3,15,群益金鼎-高雄,2024-03-25,9183
00772B,中信高評級公司債,25,11,14,群益金鼎-高雄,2024-03-25,9183
2498,宏達電,16,3,13,群益金鼎-高雄,2024-03-25,9183
8033,雷虎,13,0,13,群益金鼎-高雄,2024-03-25,9183
1714,和桐,12,0,12,群益金鼎-高雄,2024-03-25,9183
3105,穩懋,12,0,12,群益金鼎-高雄,2024-03-25,9183
5347,世界,14,2,12,群益金鼎-高雄,2024-03-25,9183
00720B,元大投資級公司債,11,0,11,群益金鼎-高雄,2024-03-25,9183
00687B,國泰20年美債,17,6,11,群益金鼎-高雄,2024-03-25,9183
3059,華晶科,46,35,11,群益金鼎-高雄,2024-03-25,9183
3147,大綜,11,0,11,群益金鼎-高雄,2024-03-25,9183
1432,大魯閣,10,0,10,群益金鼎-高雄,2024-03-25,9183
00738U,期元大道瓊白銀,10,0,10,群益金鼎-高雄,2024-03-25,9183
00773B,中信優先金融債,10,0,10,群益金鼎-高雄,2024-03-25,9183
1809,中釉,10,0,10,群益金鼎-高雄,2024-03-25,9183
3083,網龍,12,2,10,群益金鼎-高雄,2024-03-25,9183
5905,南仁湖,10,0,10,群益金鼎-高雄,2024-03-25,9183
1605,華新,19,9,10,群益金鼎-高雄,2024-03-25,9183
2913,農林,10,1,9,群益金鼎-高雄,2024-03-25,9183
3706,神達,47,38,9,群益金鼎-高雄,2024-03-25,9183
00933B,國泰10Y+金融債,372,8,364,群益金鼎-高雄,2024-03-26,9183
6207,雷科,170,5,165,群益金鼎-高雄,2024-03-26,9183
00937B,群益ESG投等債20,106,10,96,群益金鼎-高雄,2024-03-26,9183
9136,巨騰-DR,92,0,92,群益金鼎-高雄,2024-03-26,9183
3231,緯創,112,20,92,群益金鼎-高雄,2024-03-26,9183
2359,所羅門,96,44,52,群益金鼎-高雄,2024-03-26,9183
00941,中信上游半導體,69,20,49,群益金鼎-高雄,2024-03-26,9183
2344,華邦電,53,6,47,群益金鼎-高雄,2024-03-26,9183
8087,麗升能源,47,0,47,群益金鼎-高雄,2024-03-26,9183
2365,昆盈,77,32,45,群益金鼎-高雄,2024-03-26,9183
2442,新美齊,36,0,36,群益金鼎-高雄,2024-03-26,9183
2618,長榮航,45,10,35,群益金鼎-高雄,2024-03-26,9183
00720B,元大投資級公司債,31,0,31,群益金鼎-高雄,2024-03-26,9183
2453,凌群,31,0,31,群益金鼎-高雄,2024-03-26,9183
2367,燿華,35,5,30,群益金鼎-高雄,2024-03-26,9183
1905,華紙,30,0,30,群益金鼎-高雄,2024-03-26,9183
3548,兆利,32,3,29,群益金鼎-高雄,2024-03-26,9183
2704,國賓,29,2,27,群益金鼎-高雄,2024-03-26,9183
2484,希華,25,0,25,群益金鼎-高雄,2024-03-26,9183
6477,安集,28,3,25,群益金鼎-高雄,2024-03-26,9183
3049,精金,30,6,24,群益金鼎-高雄,2024-03-26,9183
8936,國統,47,24,23,群益金鼎-高雄,2024-03-26,9183
1605,華新,45,22,23,群益金鼎-高雄,2024-03-26,9183
00764B,群益25年美債,173,151,22,群益金鼎-高雄,2024-03-26,9183
2450,神腦,22,0,22,群益金鼎-高雄,2024-03-26,9183
5243,乙盛-KY,22,0,22,群益金鼎-高雄,2024-03-26,9183
00650L,復華香港正2,20,0,20,群益金鼎-高雄,2024-03-26,9183
4540,全球傳動,32,12,20,群益金鼎-高雄,2024-03-26,9183
6005,群益證,20,0,20,群益金鼎-高雄,2024-03-26,9183
8358,金居,20,0,20,群益金鼎-高雄,2024-03-26,9183
1612,宏泰,60,41,19,群益金鼎-高雄,2024-03-26,9183
2313,華通,44,25,19,群益金鼎-高雄,2024-03-26,9183
3015,全漢,19,0,19,群益金鼎-高雄,2024-03-26,9183
3576,聯合再生,19,0,19,群益金鼎-高雄,2024-03-26,9183
3062,建漢,26,8,18,群益金鼎-高雄,2024-03-26,9183
2369,菱生,16,0,16,群益金鼎-高雄,2024-03-26,9183
3483,力致,22,6,16,群益金鼎-高雄,2024-03-26,9183
2329,華泰,28,13,15,群益金鼎-高雄,2024-03-26,9183
2385,群光,19,4,15,群益金鼎-高雄,2024-03-26,9183
3168,眾福科,16,1,15,群益金鼎-高雄,2024-03-26,9183
4720,德淵,23,8,15,群益金鼎-高雄,2024-03-26,9183
2323,中環,34,19,15,群益金鼎-高雄,2024-03-26,9183
2609,陽明,52,37,15,群益金鼎-高雄,2024-03-26,9183
1603,華電,29,15,14,群益金鼎-高雄,2024-03-26,9183
1319,東陽,20,6,14,群益金鼎-高雄,2024-03-26,9183
4938,和碩,19,5,14,群益金鼎-高雄,2024-03-26,9183
2303,聯電,48,35,13,群益金鼎-高雄,2024-03-26,9183
6125,廣運,53,40,13,群益金鼎-高雄,2024-03-26,9183
1815,富喬,15,3,12,群益金鼎-高雄,2024-03-26,9183
2332,友訊,11,0,11,群益金鼎-高雄,2024-03-26,9183
00937B,群益ESG投等債20,304,0,304,群益金鼎-高雄,2024-03-27,9183
00933B,國泰10Y+金融債,242,0,242,群益金鼎-高雄,2024-03-27,9183
00939,統一台灣高息動能,427,244,183,群益金鼎-高雄,2024-03-27,9183
2834,臺企銀,109,0,109,群益金鼎-高雄,2024-03-27,9183
9105,泰金寶-DR,260,200,60,群益金鼎-高雄,2024-03-27,9183
2344,華邦電,56,1,55,群益金鼎-高雄,2024-03-27,9183
2312,金寶,54,0,54,群益金鼎-高雄,2024-03-27,9183
00878,國泰永續高股息,50,1,49,群益金鼎-高雄,2024-03-27,9183
00929,復華台灣科技優息,95,50,45,群益金鼎-高雄,2024-03-27,9183
3013,晟銘電,48,12,36,群益金鼎-高雄,2024-03-27,9183
00941,中信上游半導體,38,4,34,群益金鼎-高雄,2024-03-27,9183
2515,中工,45,13,32,群益金鼎-高雄,2024-03-27,9183
2542,興富發,32,3,29,群益金鼎-高雄,2024-03-27,9183
2303,聯電,39,12,27,群益金鼎-高雄,2024-03-27,9183
2359,所羅門,28,3,25,群益金鼎-高雄,2024-03-27,9183
2367,燿華,37,15,22,群益金鼎-高雄,2024-03-27,9183
8092,建暐,41,20,21,群益金鼎-高雄,2024-03-27,9183
1609,大亞,51,30,21,群益金鼎-高雄,2024-03-27,9183
8936,國統,29,9,20,群益金鼎-高雄,2024-03-27,9183
5236,凌陽創新,20,0,20,群益金鼎-高雄,2024-03-27,9183
8087,麗升能源,18,0,18,群益金鼎-高雄,2024-03-27,9183
00915,凱基優選高股息30,17,0,17,群益金鼎-高雄,2024-03-27,9183
3628,盈正,16,0,16,群益金鼎-高雄,2024-03-27,9183
2301,光寶科,16,1,15,群益金鼎-高雄,2024-03-27,9183
3231,緯創,22,7,15,群益金鼎-高雄,2024-03-27,9183
2353,宏��,23,8,15,群益金鼎-高雄,2024-03-27,9183
2615,萬海,15,0,15,群益金鼎-高雄,2024-03-27,9183
6207,雷科,18,3,15,群益金鼎-高雄,2024-03-27,9183
6770,力積電,20,5,15,群益金鼎-高雄,2024-03-27,9183
2486,一詮,17,4,13,群益金鼎-高雄,2024-03-27,9183
00712,復華富時不動產,12,0,12,群益金鼎-高雄,2024-03-27,9183
3015,全漢,12,0,12,群益金鼎-高雄,2024-03-27,9183
00764B,群益25年美債,193,182,11,群益金鼎-高雄,2024-03-27,9183
00773B,中信優先金融債,10,0,10,群益金鼎-高雄,2024-03-27,9183
1717,長興,10,0,10,群益金鼎-高雄,2024-03-27,9183
1752,南光,10,0,10,群益金鼎-高雄,2024-03-27,9183
3481,群創,12,2,10,群益金鼎-高雄,2024-03-27,9183
1808,潤隆,23,14,9,群益金鼎-高雄,2024-03-27,9183
6443,元晶,9,0,9,群益金鼎-高雄,2024-03-27,9183
1513,中興電,24,15,9,群益金鼎-高雄,2024-03-27,9183
2408,南亞科,10,1,9,群益金鼎-高雄,2024-03-27,9183
3545,敦泰,9,1,8,群益金鼎-高雄,2024-03-27,9183
1529,樂事綠能,8,0,8,群益金鼎-高雄,2024-03-27,9183
2387,精元,12,4,8,群益金鼎-高雄,2024-03-27,9183
6505,台塑化,11,3,8,群益金鼎-高雄,2024-03-27,9183
4714,永捷,24,16,8,群益金鼎-高雄,2024-03-27,9183
2371,大同,69,62,7,群益金鼎-高雄,2024-03-27,9183
2417,圓剛,9,2,7,群益金鼎-高雄,2024-03-27,9183
2886,兆豐金,16,9,7,群益金鼎-高雄,2024-03-27,9183
2356,英業達,17,10,7,群益金鼎-高雄,2024-03-27,9183
3059,華晶科,101,27,74,群益金鼎-高雄,2024-03-28,9183
00632R,元大台灣50反1,67,0,67,群益金鼎-高雄,2024-03-28,9183
2630,亞航,84,19,65,群益金鼎-高雄,2024-03-28,9183
2883,凱基金,127,64,63,群益金鼎-高雄,2024-03-28,9183
2611,志信,60,1,59,群益金鼎-高雄,2024-03-28,9183
9105,泰金寶-DR,230,175,55,群益金鼎-高雄,2024-03-28,9183
6239,力成,41,3,38,群益金鼎-高雄,2024-03-28,9183
8086,宏捷科,31,1,30,群益金鼎-高雄,2024-03-28,9183
00885,富邦越南,34,5,29,群益金鼎-高雄,2024-03-28,9183
8092,建暐,27,0,27,群益金鼎-高雄,2024-03-28,9183
2371,大同,93,68,25,群益金鼎-高雄,2024-03-28,9183
3706,神達,70,48,22,群益金鼎-高雄,2024-03-28,9183
3483,力致,21,0,21,群益金鼎-高雄,2024-03-28,9183
2888,新光金,21,1,20,群益金鼎-高雄,2024-03-28,9183
2387,精元,20,0,20,群益金鼎-高雄,2024-03-28,9183
9136,巨騰-DR,20,0,20,群益金鼎-高雄,2024-03-28,9183
4513,福裕,18,0,18,群益金鼎-高雄,2024-03-28,9183
2886,兆豐金,25,8,17,群益金鼎-高雄,2024-03-28,9183
1795,美時,39,22,17,群益金鼎-高雄,2024-03-28,9183
2330,台積電,17,0,17,群益金鼎-高雄,2024-03-28,9183
3058,立德,16,1,15,群益金鼎-高雄,2024-03-28,9183
5871,中租-KY,15,0,15,群益金鼎-高雄,2024-03-28,9183
2610,華航,20,5,15,群益金鼎-高雄,2024-03-28,9183
8121,越峰,23,9,14,群益金鼎-高雄,2024-03-28,9183
2301,光寶科,25,11,14,群益金鼎-高雄,2024-03-28,9183
2408,南亞科,13,0,13,群益金鼎-高雄,2024-03-28,9183
5469,瀚宇博,14,2,12,群益金鼎-高雄,2024-03-28,9183
2009,第一銅,20,8,12,群益金鼎-高雄,2024-03-28,9183
2834,臺企銀,12,0,12,群益金鼎-高雄,2024-03-28,9183
6116,彩晶,22,10,12,群益金鼎-高雄,2024-03-28,9183
2002,中鋼,14,2,12,群益金鼎-高雄,2024-03-28,9183
2354,鴻準,38,26,12,群益金鼎-高雄,2024-03-28,9183
00935,野村臺灣新科技50,10,0,10,群益金鼎-高雄,2024-03-28,9183
1301,台塑,12,2,10,群益金鼎-高雄,2024-03-28,9183
1589,永冠-KY,10,0,10,群益金鼎-高雄,2024-03-28,9183
2208,台船,20,10,10,群益金鼎-高雄,2024-03-28,9183
2880,華南金,10,0,10,群益金鼎-高雄,2024-03-28,9183
2881,富邦金,10,0,10,群益金鼎-高雄,2024-03-28,9183
6005,群益證,11,1,10,群益金鼎-高雄,2024-03-28,9183
6505,台塑化,19,9,10,群益金鼎-高雄,2024-03-28,9183
2547,日勝生,9,0,9,群益金鼎-高雄,2024-03-28,9183
2453,凌群,9,0,9,群益金鼎-高雄,2024-03-28,9183
8033,雷虎,12,3,9,群益金鼎-高雄,2024-03-28,9183
4768,晶呈科技,12,3,9,群益金鼎-高雄,2024-03-28,9183
8936,國統,30,22,8,群益金鼎-高雄,2024-03-28,9183
1616,億泰,11,3,8,群益金鼎-高雄,2024-03-28,9183
1531,高林股,8,0,8,群益金鼎-高雄,2024-03-28,9183
1580,新麥,8,0,8,群益金鼎-高雄,2024-03-28,9183
2070,精湛,8,0,8,群益金鼎-高雄,2024-03-28,9183
2369,菱生,8,0,8,群益金鼎-高雄,2024-03-28,9183
2453,凌群,285,0,285,群益金鼎-高雄,2024-03-29,9183
2367,燿華,251,50,201,群益金鼎-高雄,2024-03-29,9183
2356,英業達,305,143,162,群益金鼎-高雄,2024-03-29,9183
6548,長科*,61,0,61,群益金鼎-高雄,2024-03-29,9183
3059,華晶科,52,0,52,群益金鼎-高雄,2024-03-29,9183
00753L,中信中國50正2,50,5,45,群益金鼎-高雄,2024-03-29,9183
6197,佳必琪,44,1,43,群益金鼎-高雄,2024-03-29,9183
2317,鴻海,56,17,39,群益金鼎-高雄,2024-03-29,9183
1337,再生-KY,38,0,38,群益金鼎-高雄,2024-03-29,9183
8110,華東,50,13,37,群益金鼎-高雄,2024-03-29,9183
2353,宏��,54,19,35,群益金鼎-高雄,2024-03-29,9183
6176,瑞儀,30,0,30,群益金鼎-高雄,2024-03-29,9183
3515,華擎,32,2,30,群益金鼎-高雄,2024-03-29,9183
3706,神達,53,23,30,群益金鼎-高雄,2024-03-29,9183
9105,泰金寶-DR,460,431,29,群益金鼎-高雄,2024-03-29,9183
2301,光寶科,38,12,26,群益金鼎-高雄,2024-03-29,9183
00885,富邦越南,25,0,25,群益金鼎-高雄,2024-03-29,9183
00941,中信上游半導體,45,20,25,群益金鼎-高雄,2024-03-29,9183
6257,矽格,44,22,22,群益金鼎-高雄,2024-03-29,9183
9136,巨騰-DR,20,0,20,群益金鼎-高雄,2024-03-29,9183
2303,聯電,59,40,19,群益金鼎-高雄,2024-03-29,9183
00927,群益半導體收益,19,1,18,群益金鼎-高雄,2024-03-29,9183
5469,瀚宇博,31,14,17,群益金鼎-高雄,2024-03-29,9183
2324,仁寶,17,1,16,群益金鼎-高雄,2024-03-29,9183
00740B,富邦全球投等債,15,0,15,群益金鼎-高雄,2024-03-29,9183
3363,上詮,23,8,15,群益金鼎-高雄,2024-03-29,9183
00919,群益台灣精選高息,74,59,15,群益金鼎-高雄,2024-03-29,9183
4720,德淵,15,1,14,群益金鼎-高雄,2024-03-29,9183
3703,欣陸,15,2,13,群益金鼎-高雄,2024-03-29,9183
2022,聚亨,13,0,13,群益金鼎-高雄,2024-03-29,9183
3062,建漢,14,2,12,群益金鼎-高雄,2024-03-29,9183
3704,合勤控,12,0,12,群益金鼎-高雄,2024-03-29,9183
3710,連展投控,12,0,12,群益金鼎-高雄,2024-03-29,9183
5488,松普,12,0,12,群益金鼎-高雄,2024-03-29,9183
8927,北基,12,0,12,群益金鼎-高雄,2024-03-29,9183
9907,統一實,12,0,12,群益金鼎-高雄,2024-03-29,9183
00632R,元大台灣50反1,10,0,10,群益金鼎-高雄,2024-03-29,9183
1721,三晃,10,0,10,群益金鼎-高雄,2024-03-29,9183
2504,國產,10,0,10,群益金鼎-高雄,2024-03-29,9183
3042,晶技,22,12,10,群益金鼎-高雄,2024-03-29,9183
6285,啟��,11,1,10,群益金鼎-高雄,2024-03-29,9183
6443,元晶,14,4,10,群益金鼎-高雄,2024-03-29,9183
3013,晟銘電,92,83,9,群益金鼎-高雄,2024-03-29,9183
2417,圓剛,9,0,9,群益金鼎-高雄,2024-03-29,9183
4109,加捷生醫,9,0,9,群益金鼎-高雄,2024-03-29,9183
00929,復華台灣科技優息,11,2,9,群益金鼎-高雄,2024-03-29,9183
1314,中石化,8,0,8,群益金鼎-高雄,2024-03-29,9183
1616,億泰,8,0,8,群益金鼎-高雄,2024-03-29,9183
2329,華泰,12,4,8,群益金鼎-高雄,2024-03-29,9183
6116,彩晶,18,10,8,群益金鼎-高雄,2024-03-29,9183
00940,元大台灣價值高息,932,653,279,群益金鼎-高雄,2024-04-01,9183
00937B,群益ESG投等債20,140,16,124,群益金鼎-高雄,2024-04-01,9183
00740B,富邦全球投等債,130,25,105,群益金鼎-高雄,2024-04-01,9183
2891,中信金,71,4,67,群益金鼎-高雄,2024-04-01,9183
1109,信大,63,0,63,群益金鼎-高雄,2024-04-01,9183
00679B,元大美債20年,62,4,58,群益金鼎-高雄,2024-04-01,9183
2406,國碩,53,2,51,群益金鼎-高雄,2024-04-01,9183
00915,凱基優選高股息30,51,0,51,群益金鼎-高雄,2024-04-01,9183
00919,群益台灣精選高息,83,40,43,群益金鼎-高雄,2024-04-01,9183
8033,雷虎,46,6,40,群益金鼎-高雄,2024-04-01,9183
3231,緯創,55,16,39,群益金鼎-高雄,2024-04-01,9183
00882,中信中國高股息,40,2,38,群益金鼎-高雄,2024-04-01,9183
2020,美亞,37,2,35,群益金鼎-高雄,2024-04-01,9183
2603,長榮,38,3,35,群益金鼎-高雄,2024-04-01,9183
4714,永捷,44,10,34,群益金鼎-高雄,2024-04-01,9183
2367,燿華,35,8,27,群益金鼎-高雄,2024-04-01,9183
00939,統一台灣高息動能,37,13,24,群益金鼎-高雄,2024-04-01,9183
3693,營邦,24,0,24,群益金鼎-高雄,2024-04-01,9183
3339,泰谷,23,0,23,群益金鼎-高雄,2024-04-01,9183
3058,立德,23,1,22,群益金鼎-高雄,2024-04-01,9183
2382,廣達,44,23,21,群益金鼎-高雄,2024-04-01,9183
00720B,元大投資級公司債,20,0,20,群益金鼎-高雄,2024-04-01,9183
4303,信立,30,11,19,群益金鼎-高雄,2024-04-01,9183
1714,和桐,18,0,18,群益金鼎-高雄,2024-04-01,9183
1609,大亞,23,7,16,群益金鼎-高雄,2024-04-01,9183
6197,佳必琪,32,16,16,群益金鼎-高雄,2024-04-01,9183
2356,英業達,26,10,16,群益金鼎-高雄,2024-04-01,9183
2352,佳世達,24,9,15,群益金鼎-高雄,2024-04-01,9183
8210,勤誠,15,0,15,群益金鼎-高雄,2024-04-01,9183
3711,日月光投控,20,6,14,群益金鼎-高雄,2024-04-01,9183
00929,復華台灣科技優息,20,6,14,群益金鼎-高雄,2024-04-01,9183
0056,元大高股息,14,0,14,群益金鼎-高雄,2024-04-01,9183
2884,玉山金,14,0,14,群益金鼎-高雄,2024-04-01,9183
00706L,期元大S＆P日圓正2,13,0,13,群益金鼎-高雄,2024-04-01,9183
3028,增你強,12,0,12,群益金鼎-高雄,2024-04-01,9183
6188,廣明,14,3,11,群益金鼎-高雄,2024-04-01,9183
2208,台船,20,10,10,群益金鼎-高雄,2024-04-01,9183
6207,雷科,11,1,10,群益金鼎-高雄,2024-04-01,9183
00713,元大台灣高息低波,10,0,10,群益金鼎-高雄,2024-04-01,9183
00725B,國泰投資級公司債,10,0,10,群益金鼎-高雄,2024-04-01,9183
1440,南紡,10,0,10,群益金鼎-高雄,2024-04-01,9183
2542,興富發,10,0,10,群益金鼎-高雄,2024-04-01,9183
2609,陽明,14,4,10,群益金鼎-高雄,2024-04-01,9183
00904,新光臺灣半導體30,10,0,10,群益金鼎-高雄,2024-04-01,9183
1532,勤美,20,11,9,群益金鼎-高雄,2024-04-01,9183
5508,永信建,10,1,9,群益金鼎-高雄,2024-04-01,9183
8927,北基,13,4,9,群益金鼎-高雄,2024-04-01,9183
2313,華通,19,10,9,群益金鼎-高雄,2024-04-01,9183
1785,光洋科,11,3,8,群益金鼎-高雄,2024-04-01,9183
1504,東元,13,5,8,群益金鼎-高雄,2024-04-01,9183
3059,華晶科,404,7,397,群益金鼎-高雄,2024-04-02,9183
00937B,群益ESG投等債20,349,9,340,群益金鼎-高雄,2024-04-02,9183
00929,復華台灣科技優息,162,10,152,群益金鼎-高雄,2024-04-02,9183
00632R,元大台灣50反1,172,20,152,群益金鼎-高雄,2024-04-02,9183
00720B,元大投資級公司債,129,0,129,群益金鼎-高雄,2024-04-02,9183
00679B,元大美債20年,77,0,77,群益金鼎-高雄,2024-04-02,9183
00941,中信上游半導體,78,4,74,群益金鼎-高雄,2024-04-02,9183
00687B,國泰20年美債,80,11,69,群益金鼎-高雄,2024-04-02,9183
00919,群益台灣精選高息,90,23,67,群益金鼎-高雄,2024-04-02,9183
3548,兆利,63,2,61,群益金鼎-高雄,2024-04-02,9183
3693,營邦,56,0,56,群益金鼎-高雄,2024-04-02,9183
2371,大同,83,40,43,群益金鼎-高雄,2024-04-02,9183
2547,日勝生,40,1,39,群益金鼎-高雄,2024-04-02,9183
00905,FT臺灣Smart,38,0,38,群益金鼎-高雄,2024-04-02,9183
2540,愛山林,34,0,34,群益金鼎-高雄,2024-04-02,9183
2641,正德,30,0,30,群益金鼎-高雄,2024-04-02,9183
3049,精金,36,9,27,群益金鼎-高雄,2024-04-02,9183
3706,神達,36,10,26,群益金鼎-高雄,2024-04-02,9183
6177,達麗,24,0,24,群益金鼎-高雄,2024-04-02,9183
2884,玉山金,21,0,21,群益金鼎-高雄,2024-04-02,9183
3042,晶技,23,2,21,群益金鼎-高雄,2024-04-02,9183
00773B,中信優先金融債,20,0,20,群益金鼎-高雄,2024-04-02,9183
00772B,中信高評級公司債,20,0,20,群益金鼎-高雄,2024-04-02,9183
2316,楠梓電,20,0,20,群益金鼎-高雄,2024-04-02,9183
5905,南仁湖,20,0,20,群益金鼎-高雄,2024-04-02,9183
00680L,元大美債20正2,19,0,19,群益金鼎-高雄,2024-04-02,9183
6188,廣明,27,10,17,群益金鼎-高雄,2024-04-02,9183
00927,群益半導體收益,16,0,16,群益金鼎-高雄,2024-04-02,9183
1815,富喬,24,8,16,群益金鼎-高雄,2024-04-02,9183
2354,鴻準,27,12,15,群益金鼎-高雄,2024-04-02,9183
2606,裕民,16,1,15,群益金鼎-高雄,2024-04-02,9183
2603,長榮,18,4,14,群益金鼎-高雄,2024-04-02,9183
4909,新復興,34,21,13,群益金鼎-高雄,2024-04-02,9183
2883,凱基金,23,10,13,群益金鼎-高雄,2024-04-02,9183
00637L,元大滬深300正2,24,12,12,群益金鼎-高雄,2024-04-02,9183
6142,友勁,12,0,12,群益金鼎-高雄,2024-04-02,9183
00933B,國泰10Y+金融債,11,0,11,群益金鼎-高雄,2024-04-02,9183
1781,合世,11,0,11,群益金鼎-高雄,2024-04-02,9183
2344,華邦電,12,1,11,群益金鼎-高雄,2024-04-02,9183
2352,佳世達,16,5,11,群益金鼎-高雄,2024-04-02,9183
3339,泰谷,11,1,10,群益金鼎-高雄,2024-04-02,9183
6285,啟��,11,1,10,群益金鼎-高雄,2024-04-02,9183
1514,亞力,11,1,10,群益金鼎-高雄,2024-04-02,9183
00909,國泰數位支付服務,10,0,10,群益金鼎-高雄,2024-04-02,9183
00712,復華富時不動產,10,0,10,群益金鼎-高雄,2024-04-02,9183
2363,矽統,12,2,10,群益金鼎-高雄,2024-04-02,9183
2478,大毅,10,0,10,群益金鼎-高雄,2024-04-02,9183
3653,健策,11,2,9,群益金鼎-高雄,2024-04-02,9183
5533,皇鼎,9,0,9,群益金鼎-高雄,2024-04-02,9183
8147,正淩,9,0,9,群益金鼎-高雄,2024-04-02,9183
00929,復華台灣科技優息,555,154,401,群益金鼎-高雄,2024-04-03,9183
3013,晟銘電,316,26,290,群益金鼎-高雄,2024-04-03,9183
6120,達運,315,45,270,群益金鼎-高雄,2024-04-03,9183
00937B,群益ESG投等債20,156,10,146,群益金鼎-高雄,2024-04-03,9183
2486,一詮,129,65,64,群益金鼎-高雄,2024-04-03,9183
00679B,元大美債20年,57,0,57,群益金鼎-高雄,2024-04-03,9183
9907,統一實,48,0,48,群益金鼎-高雄,2024-04-03,9183
8092,建暐,40,0,40,群益金鼎-高雄,2024-04-03,9183
00687B,國泰20年美債,34,0,34,群益金鼎-高雄,2024-04-03,9183
00773B,中信優先金融債,32,0,32,群益金鼎-高雄,2024-04-03,9183
4198,欣大健康,31,0,31,群益金鼎-高雄,2024-04-03,9183
2618,長榮航,44,16,28,群益金鼎-高雄,2024-04-03,9183
2884,玉山金,27,0,27,群益金鼎-高雄,2024-04-03,9183
00632R,元大台灣50反1,26,0,26,群益金鼎-高雄,2024-04-03,9183
00740B,富邦全球投等債,118,93,25,群益金鼎-高雄,2024-04-03,9183
8936,國統,32,8,24,群益金鼎-高雄,2024-04-03,9183
3706,神達,49,26,23,群益金鼎-高雄,2024-04-03,9183
1314,中石化,25,2,23,群益金鼎-高雄,2024-04-03,9183
2014,中鴻,28,5,23,群益金鼎-高雄,2024-04-03,9183
00941,中信上游半導體,23,2,21,群益金鼎-高雄,2024-04-03,9183
3481,群創,20,0,20,群益金鼎-高雄,2024-04-03,9183
6005,群益證,21,1,20,群益金鼎-高雄,2024-04-03,9183
00933B,國泰10Y+金融債,19,0,19,群益金鼎-高雄,2024-04-03,9183
1605,華新,18,0,18,群益金鼎-高雄,2024-04-03,9183
2303,聯電,20,2,18,群益金鼎-高雄,2024-04-03,9183
1609,大亞,24,8,16,群益金鼎-高雄,2024-04-03,9183
00927,群益半導體收益,20,4,16,群益金鼎-高雄,2024-04-03,9183
00712,復華富時不動產,14,0,14,群益金鼎-高雄,2024-04-03,9183
00733,富邦臺灣中小,16,2,14,群益金鼎-高雄,2024-04-03,9183
2382,廣達,32,19,13,群益金鼎-高雄,2024-04-03,9183
5386,青雲,15,2,13,群益金鼎-高雄,2024-04-03,9183
2002,中鋼,38,26,12,群益金鼎-高雄,2024-04-03,9183
1101,台泥,21,9,12,群益金鼎-高雄,2024-04-03,9183
0056,元大高股息,12,0,12,群益金鼎-高雄,2024-04-03,9183
1762,中化生,12,0,12,群益金鼎-高雄,2024-04-03,9183
3049,精金,12,0,12,群益金鼎-高雄,2024-04-03,9183
8473,山林水,12,0,12,群益金鼎-高雄,2024-04-03,9183
6207,雷科,23,11,12,群益金鼎-高雄,2024-04-03,9183
2515,中工,26,15,11,群益金鼎-高雄,2024-04-03,9183
3491,昇達科,11,0,11,群益金鼎-高雄,2024-04-03,9183
6538,倉和,13,2,11,群益金鼎-高雄,2024-04-03,9183
2886,兆豐金,15,4,11,群益金鼎-高雄,2024-04-03,9183
2402,毅嘉,12,2,10,群益金鼎-高雄,2024-04-03,9183
00876,元大全球5G,10,0,10,群益金鼎-高雄,2024-04-03,9183
00881,國泰台灣5G+,10,0,10,群益金鼎-高雄,2024-04-03,9183
1714,和桐,10,0,10,群益金鼎-高雄,2024-04-03,9183
2033,佳大,10,0,10,群益金鼎-高雄,2024-04-03,9183
2352,佳世達,18,8,10,群益金鼎-高雄,2024-04-03,9183
2892,第一金,10,0,10,群益金鼎-高雄,2024-04-03,9183
5493,三聯,10,0,10,群益金鼎-高雄,2024-04-03,9183
00940,元大台灣價值高息,363,11,352,群益金鼎-高雄,2024-04-08,9183
2017,官田鋼,320,0,320,群益金鼎-高雄,2024-04-08,9183
1609,大亞,191,23,168,群益金鼎-高雄,2024-04-08,9183
00720B,元大投資級公司債,160,0,160,群益金鼎-高雄,2024-04-08,9183
00687B,國泰20年美債,124,16,108,群益金鼎-高雄,2024-04-08,9183
00679B,元大美債20年,101,0,101,群益金鼎-高雄,2024-04-08,9183
6578,達邦蛋白,106,5,101,群益金鼎-高雄,2024-04-08,9183
6120,達運,120,23,97,群益金鼎-高雄,2024-04-08,9183
2882,國泰金,73,3,70,群益金鼎-高雄,2024-04-08,9183
00927,群益半導體收益,62,0,62,群益金鼎-高雄,2024-04-08,9183
6548,長科*,64,4,60,群益金鼎-高雄,2024-04-08,9183
00915,凱基優選高股息30,54,0,54,群益金鼎-高雄,2024-04-08,9183
00753L,中信中國50正2,52,0,52,群益金鼎-高雄,2024-04-08,9183
9105,泰金寶-DR,70,20,50,群益金鼎-高雄,2024-04-08,9183
4968,立積,53,4,49,群益金鼎-高雄,2024-04-08,9183
00937B,群益ESG投等債20,47,0,47,群益金鼎-高雄,2024-04-08,9183
00919,群益台灣精選高息,77,35,42,群益金鼎-高雄,2024-04-08,9183
00632R,元大台灣50反1,40,0,40,群益金鼎-高雄,2024-04-08,9183
3305,昇貿,40,0,40,群益金鼎-高雄,2024-04-08,9183
2618,長榮航,44,5,39,群益金鼎-高雄,2024-04-08,9183
1785,光洋科,46,13,33,群益金鼎-高雄,2024-04-08,9183
2515,中工,31,0,31,群益金鼎-高雄,2024-04-08,9183
3558,神準,34,5,29,群益金鼎-高雄,2024-04-08,9183
2547,日勝生,26,0,26,群益金鼎-高雄,2024-04-08,9183
9945,潤泰新,23,0,23,群益金鼎-高雄,2024-04-08,9183
2888,新光金,29,6,23,群益金鼎-高雄,2024-04-08,9183
6142,友勁,22,0,22,群益金鼎-高雄,2024-04-08,9183
6642,富致,20,0,20,群益金鼎-高雄,2024-04-08,9183
2542,興富發,25,6,19,群益金鼎-高雄,2024-04-08,9183
6411,晶焱,19,0,19,群益金鼎-高雄,2024-04-08,9183
2356,英業達,28,10,18,群益金鼎-高雄,2024-04-08,9183
1618,合機,20,3,17,群益金鼎-高雄,2024-04-08,9183
00712,復華富時不動產,16,0,16,群益金鼎-高雄,2024-04-08,9183
00941,中信上游半導體,16,0,16,群益金鼎-高雄,2024-04-08,9183
3481,群創,20,5,15,群益金鼎-高雄,2024-04-08,9183
2371,大同,33,18,15,群益金鼎-高雄,2024-04-08,9183
2317,鴻海,21,6,15,群益金鼎-高雄,2024-04-08,9183
2354,鴻準,24,9,15,群益金鼎-高雄,2024-04-08,9183
2450,神腦,14,0,14,群益金鼎-高雄,2024-04-08,9183
5426,振發,31,17,14,群益金鼎-高雄,2024-04-08,9183
6770,力積電,15,1,14,群益金鼎-高雄,2024-04-08,9183
00773B,中信優先金融債,20,7,13,群益金鼎-高雄,2024-04-08,9183
6588,東典光電,12,0,12,群益金鼎-高雄,2024-04-08,9183
8936,國統,16,4,12,群益金鼎-高雄,2024-04-08,9183
2501,國建,12,0,12,群益金鼎-高雄,2024-04-08,9183
1714,和桐,11,0,11,群益金鼎-高雄,2024-04-08,9183
2324,仁寶,11,0,11,群益金鼎-高雄,2024-04-08,9183
2476,鉅祥,12,1,11,群益金鼎-高雄,2024-04-08,9183
00924,復華S＆P500成長,10,0,10,群益金鼎-高雄,2024-04-08,9183
2449,京元電子,11,1,10,群益金鼎-高雄,2024-04-08,9183
00929,復華台灣科技優息,344,31,313,群益金鼎-高雄,2024-04-09,9183
2017,官田鋼,291,0,291,群益金鼎-高雄,2024-04-09,9183
3013,晟銘電,145,24,121,群益金鼎-高雄,2024-04-09,9183
2501,國建,118,1,117,群益金鼎-高雄,2024-04-09,9183
00941,中信上游半導體,100,4,96,群益金鼎-高雄,2024-04-09,9183
3231,緯創,107,29,78,群益金鼎-高雄,2024-04-09,9183
6207,雷科,101,27,74,群益金鼎-高雄,2024-04-09,9183
1305,華夏,50,1,49,群益金鼎-高雄,2024-04-09,9183
6189,豐藝,61,15,46,群益金鼎-高雄,2024-04-09,9183
2524,京城,45,0,45,群益金鼎-高雄,2024-04-09,9183
00753L,中信中國50正2,50,10,40,群益金鼎-高雄,2024-04-09,9183
1308,亞聚,60,20,40,群益金鼎-高雄,2024-04-09,9183
3372,典範,40,0,40,群益金鼎-高雄,2024-04-09,9183
00937B,群益ESG投等債20,48,9,39,群益金鼎-高雄,2024-04-09,9183
2344,華邦電,43,6,37,群益金鼎-高雄,2024-04-09,9183
2515,中工,67,32,35,群益金鼎-高雄,2024-04-09,9183
3548,兆利,41,9,32,群益金鼎-高雄,2024-04-09,9183
00712,復華富時不動產,31,0,31,群益金鼎-高雄,2024-04-09,9183
2450,神腦,29,1,28,群益金鼎-高雄,2024-04-09,9183
8210,勤誠,26,1,25,群益金鼎-高雄,2024-04-09,9183
00939,統一台灣高息動能,28,5,23,群益金鼎-高雄,2024-04-09,9183
6770,力積電,21,1,20,群益金鼎-高雄,2024-04-09,9183
8473,山林水,20,0,20,群益金鼎-高雄,2024-04-09,9183
2337,旺宏,21,2,19,群益金鼎-高雄,2024-04-09,9183
8027,鈦昇,18,0,18,群益金鼎-高雄,2024-04-09,9183
9136,巨騰-DR,26,10,16,群益金鼎-高雄,2024-04-09,9183
5469,瀚宇博,25,10,15,群益金鼎-高雄,2024-04-09,9183
2356,英業達,25,11,14,群益金鼎-高雄,2024-04-09,9183
8088,品安,20,7,13,群益金鼎-高雄,2024-04-09,9183
2371,大同,74,61,13,群益金鼎-高雄,2024-04-09,9183
00679B,元大美債20年,12,0,12,群益金鼎-高雄,2024-04-09,9183
6233,旺玖,12,0,12,群益金鼎-高雄,2024-04-09,9183
3499,環天科,11,0,11,群益金鼎-高雄,2024-04-09,9183
8011,台通,21,10,11,群益金鼎-高雄,2024-04-09,9183
00673R,期元大S＆P原油反1,10,0,10,群益金鼎-高雄,2024-04-09,9183
00687B,國泰20年美債,13,3,10,群益金鼎-高雄,2024-04-09,9183
2472,立隆電,16,6,10,群益金鼎-高雄,2024-04-09,9183
4906,正文,10,0,10,群益金鼎-高雄,2024-04-09,9183
2007,燁興,10,1,9,群益金鼎-高雄,2024-04-09,9183
4306,炎洲,13,4,9,群益金鼎-高雄,2024-04-09,9183
4533,協易機,19,10,9,群益金鼎-高雄,2024-04-09,9183
6163,華電網,10,1,9,群益金鼎-高雄,2024-04-09,9183
6190,萬泰科,9,0,9,群益金鼎-高雄,2024-04-09,9183
8064,東捷,9,0,9,群益金鼎-高雄,2024-04-09,9183
1580,新麥,8,0,8,群益金鼎-高雄,2024-04-09,9183
1612,宏泰,14,6,8,群益金鼎-高雄,2024-04-09,9183
2027,大成鋼,10,2,8,群益金鼎-高雄,2024-04-09,9183
2038,海光,10,2,8,群益金鼎-高雄,2024-04-09,9183
2010,春源,7,0,7,群益金鼎-高雄,2024-04-09,9183
3594,磐儀,7,0,7,群益金鼎-高雄,2024-04-09,9183
3523,迎輝,800,0,800,群益金鼎-高雄,2024-04-10,9183
2883,凱基金,58,1,57,群益金鼎-高雄,2024-04-10,9183
8210,勤誠,52,1,51,群益金鼎-高雄,2024-04-10,9183
2344,華邦電,109,66,43,群益金鼎-高雄,2024-04-10,9183
00878,國泰永續高股息,40,2,38,群益金鼎-高雄,2024-04-10,9183
1453,大將,37,0,37,群益金鼎-高雄,2024-04-10,9183
1608,華榮,39,17,22,群益金鼎-高雄,2024-04-10,9183
6016,康和證,21,0,21,群益金鼎-高雄,2024-04-10,9183
2208,台船,36,15,21,群益金鼎-高雄,2024-04-10,9183
4909,新復興,21,0,21,群益金鼎-高雄,2024-04-10,9183
3693,營邦,20,0,20,群益金鼎-高雄,2024-04-10,9183
1109,信大,20,0,20,群益金鼎-高雄,2024-04-10,9183
1605,華新,21,2,19,群益金鼎-高雄,2024-04-10,9183
00940,元大台灣價值高息,108,91,17,群益金鼎-高雄,2024-04-10,9183
2486,一詮,46,29,17,群益金鼎-高雄,2024-04-10,9183
4303,信立,17,0,17,群益金鼎-高雄,2024-04-10,9183
2323,中環,16,0,16,群益金鼎-高雄,2024-04-10,9183
3501,維熹,16,0,16,群益金鼎-高雄,2024-04-10,9183
1513,中興電,23,8,15,群益金鼎-高雄,2024-04-10,9183
6215,和椿,28,14,14,群益金鼎-高雄,2024-04-10,9183
6264,富裔,18,4,14,群益金鼎-高雄,2024-04-10,9183
3231,緯創,26,13,13,群益金鼎-高雄,2024-04-10,9183
2354,鴻準,13,0,13,群益金鼎-高雄,2024-04-10,9183
2317,鴻海,23,10,13,群益金鼎-高雄,2024-04-10,9183
2382,廣達,21,9,12,群益金鼎-高雄,2024-04-10,9183
1504,東元,18,6,12,群益金鼎-高雄,2024-04-10,9183
2387,精元,17,5,12,群益金鼎-高雄,2024-04-10,9183
5213,亞昕,11,0,11,群益金鼎-高雄,2024-04-10,9183
6642,富致,11,0,11,群益金鼎-高雄,2024-04-10,9183
00715L,期街口布蘭特正2,10,0,10,群益金鼎-高雄,2024-04-10,9183
2509,全坤建,11,1,10,群益金鼎-高雄,2024-04-10,9183
3701,大眾控,12,2,10,群益金鼎-高雄,2024-04-10,9183
6558,興能高,10,0,10,群益金鼎-高雄,2024-04-10,9183
6015,宏遠證,10,0,10,群益金鼎-高雄,2024-04-10,9183
2421,建準,10,1,9,群益金鼎-高雄,2024-04-10,9183
2383,台光電,17,8,9,群益金鼎-高雄,2024-04-10,9183
2885,元大金,9,0,9,群益金鼎-高雄,2024-04-10,9183
00712,復華富時不動產,9,0,9,群益金鼎-高雄,2024-04-10,9183
3714,富采,10,1,9,群益金鼎-高雄,2024-04-10,9183
2505,國揚,20,11,9,群益金鼎-高雄,2024-04-10,9183
5347,世界,12,3,9,群益金鼎-高雄,2024-04-10,9183
2371,大同,41,33,8,群益金鼎-高雄,2024-04-10,9183
8096,擎亞,36,28,8,群益金鼎-高雄,2024-04-10,9183
5324,士開,8,0,8,群益金鼎-高雄,2024-04-10,9183
6142,友勁,8,0,8,群益金鼎-高雄,2024-04-10,9183
2597,潤弘,7,0,7,群益金鼎-高雄,2024-04-10,9183
2349,錸德,8,1,7,群益金鼎-高雄,2024-04-10,9183
5512,力麒,10,3,7,群益金鼎-高雄,2024-04-10,9183
2009,第一銅,32,25,7,群益金鼎-高雄,2024-04-10,9183
1503,士電,15,9,6,群益金鼎-高雄,2024-04-10,9183
00753L,中信中國50正2,301,18,283,群益金鼎-高雄,2024-04-11,9183
3523,迎輝,200,0,200,群益金鼎-高雄,2024-04-11,9183
00687B,國泰20年美債,120,11,109,群益金鼎-高雄,2024-04-11,9183
3481,群創,88,0,88,群益金鼎-高雄,2024-04-11,9183
00929,復華台灣科技優息,48,0,48,群益金鼎-高雄,2024-04-11,9183
00720B,元大投資級公司債,45,0,45,群益金鼎-高雄,2024-04-11,9183
2409,友達,52,8,44,群益金鼎-高雄,2024-04-11,9183
00679B,元大美債20年,57,14,43,群益金鼎-高雄,2024-04-11,9183
2317,鴻海,68,26,42,群益金鼎-高雄,2024-04-11,9183
00939,統一台灣高息動能,48,7,41,群益金鼎-高雄,2024-04-11,9183
2303,聯電,56,16,40,群益金鼎-高雄,2024-04-11,9183
00919,群益台灣精選高息,40,0,40,群益金鼎-高雄,2024-04-11,9183
00937B,群益ESG投等債20,38,0,38,群益金鼎-高雄,2024-04-11,9183
6116,彩晶,43,6,37,群益金鼎-高雄,2024-04-11,9183
1109,信大,33,0,33,群益金鼎-高雄,2024-04-11,9183
00940,元大台灣價值高息,44,13,31,群益金鼎-高雄,2024-04-11,9183
5706,鳳凰,39,8,31,群益金鼎-高雄,2024-04-11,9183
6548,長科*,31,0,31,群益金鼎-高雄,2024-04-11,9183
8086,宏捷科,32,1,31,群益金鼎-高雄,2024-04-11,9183
00773B,中信優先金融債,30,0,30,群益金鼎-高雄,2024-04-11,9183
2887,台新金,30,0,30,群益金鼎-高雄,2024-04-11,9183
2371,大同,94,67,27,群益金鼎-高雄,2024-04-11,9183
2597,潤弘,31,6,25,群益金鼎-高雄,2024-04-11,9183
6120,達運,25,3,22,群益金鼎-高雄,2024-04-11,9183
00680L,元大美債20正2,22,0,22,群益金鼎-高雄,2024-04-11,9183
1304,台聚,20,0,20,群益金鼎-高雄,2024-04-11,9183
2484,希華,30,10,20,群益金鼎-高雄,2024-04-11,9183
6275,元山,20,0,20,群益金鼎-高雄,2024-04-11,9183
2630,亞航,26,6,20,群益金鼎-高雄,2024-04-11,9183
6015,宏遠證,20,1,19,群益金鼎-高雄,2024-04-11,9183
2354,鴻準,24,6,18,群益金鼎-高雄,2024-04-11,9183
00751B,元大AAA至A公司債,18,0,18,群益金鼎-高雄,2024-04-11,9183
6770,力積電,30,12,18,群益金鼎-高雄,2024-04-11,9183
4306,炎洲,17,0,17,群益金鼎-高雄,2024-04-11,9183
3231,緯創,34,18,16,群益金鼎-高雄,2024-04-11,9183
2845,遠東銀,15,0,15,群益金鼎-高雄,2024-04-11,9183
3501,維熹,16,1,15,群益金鼎-高雄,2024-04-11,9183
2382,廣達,24,9,15,群益金鼎-高雄,2024-04-11,9183
3714,富采,15,1,14,群益金鼎-高雄,2024-04-11,9183
6179,亞通,13,0,13,群益金鼎-高雄,2024-04-11,9183
2535,達欣工,13,0,13,群益金鼎-高雄,2024-04-11,9183
00878,國泰永續高股息,17,4,13,群益金鼎-高雄,2024-04-11,9183
00772B,中信高評級公司債,12,0,12,群益金鼎-高雄,2024-04-11,9183
2208,台船,12,0,12,群益金鼎-高雄,2024-04-11,9183
2417,圓剛,14,2,12,群益金鼎-高雄,2024-04-11,9183
6284,佳邦,12,0,12,群益金鼎-高雄,2024-04-11,9183
1218,泰山,11,0,11,群益金鼎-高雄,2024-04-11,9183
2344,華邦電,11,0,11,群益金鼎-高雄,2024-04-11,9183
2540,愛山林,25,14,11,群益金鼎-高雄,2024-04-11,9183
3038,全台,11,0,11,群益金鼎-高雄,2024-04-11,9183
00929,復華台灣科技優息,237,3,234,群益金鼎-高雄,2024-04-12,9183
00937B,群益ESG投等債20,108,0,108,群益金鼎-高雄,2024-04-12,9183
2867,三商壽,71,0,71,群益金鼎-高雄,2024-04-12,9183
00940,元大台灣價值高息,227,175,52,群益金鼎-高雄,2024-04-12,9183
3013,晟銘電,142,91,51,群益金鼎-高雄,2024-04-12,9183
00753L,中信中國50正2,50,0,50,群益金鼎-高雄,2024-04-12,9183
2363,矽統,201,155,46,群益金鼎-高雄,2024-04-12,9183
00687B,國泰20年美債,56,10,46,群益金鼎-高雄,2024-04-12,9183
3576,聯合再生,45,2,43,群益金鼎-高雄,2024-04-12,9183
2344,華邦電,36,0,36,群益金鼎-高雄,2024-04-12,9183
2836,高雄銀,30,0,30,群益金鼎-高雄,2024-04-12,9183
2897,王道銀行,30,0,30,群益金鼎-高雄,2024-04-12,9183
2845,遠東銀,28,0,28,群益金鼎-高雄,2024-04-12,9183
00680L,元大美債20正2,25,0,25,群益金鼎-高雄,2024-04-12,9183
3037,欣興,30,5,25,群益金鼎-高雄,2024-04-12,9183
2501,國建,30,6,24,群益金鼎-高雄,2024-04-12,9183
2409,友達,38,14,24,群益金鼎-高雄,2024-04-12,9183
2834,臺企銀,25,1,24,群益金鼎-高雄,2024-04-12,9183
3481,群創,22,0,22,群益金鼎-高雄,2024-04-12,9183
3030,德律,28,7,21,群益金鼎-高雄,2024-04-12,9183
3176,基亞,25,4,21,群益金鼎-高雄,2024-04-12,9183
4303,信立,21,0,21,群益金鼎-高雄,2024-04-12,9183
00905,FT臺灣Smart,20,0,20,群益金鼎-高雄,2024-04-12,9183
2329,華泰,29,9,20,群益金鼎-高雄,2024-04-12,9183
2607,榮運,20,0,20,群益金鼎-高雄,2024-04-12,9183
5905,南仁湖,20,0,20,群益金鼎-高雄,2024-04-12,9183
00878,國泰永續高股息,19,0,19,群益金鼎-高雄,2024-04-12,9183
1587,吉茂,19,0,19,群益金鼎-高雄,2024-04-12,9183
1218,泰山,18,0,18,群益金鼎-高雄,2024-04-12,9183
2618,長榮航,25,7,18,群益金鼎-高雄,2024-04-12,9183
4306,炎洲,17,0,17,群益金鼎-高雄,2024-04-12,9183
00720B,元大投資級公司債,16,0,16,群益金鼎-高雄,2024-04-12,9183
2323,中環,18,2,16,群益金鼎-高雄,2024-04-12,9183
6742,澤米,16,0,16,群益金鼎-高雄,2024-04-12,9183
3260,威剛,27,12,15,群益金鼎-高雄,2024-04-12,9183
4533,協易機,25,11,14,群益金鼎-高雄,2024-04-12,9183
6142,友勁,14,0,14,群益金鼎-高雄,2024-04-12,9183
2002,中鋼,19,6,13,群益金鼎-高雄,2024-04-12,9183
2382,廣達,21,8,13,群益金鼎-高雄,2024-04-12,9183
2888,新光金,13,0,13,群益金鼎-高雄,2024-04-12,9183
00933B,國泰10Y+金融債,12,0,12,群益金鼎-高雄,2024-04-12,9183
0056,元大高股息,12,0,12,群益金鼎-高雄,2024-04-12,9183
2405,輔信,13,1,12,群益金鼎-高雄,2024-04-12,9183
6264,富裔,12,0,12,群益金鼎-高雄,2024-04-12,9183
2374,佳能,22,10,12,群益金鼎-高雄,2024-04-12,9183
2457,飛宏,15,4,11,群益金鼎-高雄,2024-04-12,9183
2881,富邦金,11,0,11,群益金鼎-高雄,2024-04-12,9183
00679B,元大美債20年,15,5,10,群益金鼎-高雄,2024-04-12,9183
00632R,元大台灣50反1,10,0,10,群益金鼎-高雄,2024-04-12,9183
00688L,國泰20年美債正2,10,0,10,群益金鼎-高雄,2024-04-12,9183
6548,長科*,467,2,465,群益金鼎-高雄,2024-04-15,9183
00929,復華台灣科技優息,127,1,126,群益金鼎-高雄,2024-04-15,9183
2344,華邦電,76,1,75,群益金鼎-高雄,2024-04-15,9183
3548,兆利,70,0,70,群益金鼎-高雄,2024-04-15,9183
00940,元大台灣價值高息,82,22,60,群益金鼎-高雄,2024-04-15,9183
1445,大宇,60,0,60,群益金鼎-高雄,2024-04-15,9183
00937B,群益ESG投等債20,60,3,57,群益金鼎-高雄,2024-04-15,9183
00881,國泰台灣5G+,55,2,53,群益金鼎-高雄,2024-04-15,9183
3078,僑威,46,0,46,群益金鼎-高雄,2024-04-15,9183
2303,聯電,54,9,45,群益金鼎-高雄,2024-04-15,9183
3073,天方能源,40,0,40,群益金鼎-高雄,2024-04-15,9183
2371,大同,163,126,37,群益金鼎-高雄,2024-04-15,9183
00878,國泰永續高股息,33,0,33,群益金鼎-高雄,2024-04-15,9183
2486,一詮,39,7,32,群益金鼎-高雄,2024-04-15,9183
1608,華榮,60,28,32,群益金鼎-高雄,2024-04-15,9183
1301,台塑,32,2,30,群益金鼎-高雄,2024-04-15,9183
3515,華擎,31,1,30,群益金鼎-高雄,2024-04-15,9183
3706,神達,37,8,29,群益金鼎-高雄,2024-04-15,9183
0056,元大高股息,31,4,27,群益金鼎-高雄,2024-04-15,9183
2317,鴻海,37,10,27,群益金鼎-高雄,2024-04-15,9183
2365,昆盈,26,0,26,群益金鼎-高雄,2024-04-15,9183
00939,統一台灣高息動能,29,5,24,群益金鼎-高雄,2024-04-15,9183
00919,群益台灣精選高息,23,0,23,群益金鼎-高雄,2024-04-15,9183
00927,群益半導體收益,22,0,22,群益金鼎-高雄,2024-04-15,9183
00876,元大全球5G,20,0,20,群益金鼎-高雄,2024-04-15,9183
1611,中電,20,0,20,群益金鼎-高雄,2024-04-15,9183
2607,榮運,30,10,20,群益金鼎-高雄,2024-04-15,9183
3501,維熹,21,1,20,群益金鼎-高雄,2024-04-15,9183
6257,矽格,23,4,19,群益金鼎-高雄,2024-04-15,9183
6770,力積電,19,0,19,群益金鼎-高雄,2024-04-15,9183
8092,建暐,20,1,19,群益金鼎-高雄,2024-04-15,9183
1513,中興電,62,45,17,群益金鼎-高雄,2024-04-15,9183
2501,國建,18,1,17,群益金鼎-高雄,2024-04-15,9183
1609,大亞,50,33,17,群益金鼎-高雄,2024-04-15,9183
2888,新光金,17,1,16,群益金鼎-高雄,2024-04-15,9183
00933B,國泰10Y+金融債,19,3,16,群益金鼎-高雄,2024-04-15,9183
4912,聯德控股-KY,16,1,15,群益金鼎-高雄,2024-04-15,9183
8049,晶采,15,0,15,群益金鼎-高雄,2024-04-15,9183
4960,誠美材,19,5,14,群益金鼎-高雄,2024-04-15,9183
00680L,元大美債20正2,13,0,13,群益金鼎-高雄,2024-04-15,9183
4714,永捷,13,0,13,群益金鼎-高雄,2024-04-15,9183
1612,宏泰,43,30,13,群益金鼎-高雄,2024-04-15,9183
2645,長榮航太,12,1,11,群益金鼎-高雄,2024-04-15,9183
6016,康和證,11,0,11,群益金鼎-高雄,2024-04-15,9183
2610,華航,20,9,11,群益金鼎-高雄,2024-04-15,9183
5234,達興材料,11,0,11,群益金鼎-高雄,2024-04-15,9183
00706L,期元大S＆P日圓正2,11,0,11,群益金鼎-高雄,2024-04-15,9183
2356,英業達,15,4,11,群益金鼎-高雄,2024-04-15,9183
2340,台亞,10,0,10,群益金鼎-高雄,2024-04-15,9183
4303,信立,10,0,10,群益金鼎-高雄,2024-04-15,9183
00632R,元大台灣50反1,736,71,665,群益金鼎-高雄,2024-04-16,9183
6505,台塑化,308,7,301,群益金鼎-高雄,2024-04-16,9183
2834,臺企銀,268,0,268,群益金鼎-高雄,2024-04-16,9183
00937B,群益ESG投等債20,207,18,189,群益金鼎-高雄,2024-04-16,9183
1301,台塑,172,0,172,群益金鼎-高雄,2024-04-16,9183
00919,群益台灣精選高息,178,24,154,群益金鼎-高雄,2024-04-16,9183
00929,復華台灣科技優息,147,29,118,群益金鼎-高雄,2024-04-16,9183
2371,大同,169,70,99,群益金鼎-高雄,2024-04-16,9183
3231,緯創,96,13,83,群益金鼎-高雄,2024-04-16,9183
0056,元大高股息,94,15,79,群益金鼎-高雄,2024-04-16,9183
00878,國泰永續高股息,63,7,56,群益金鼎-高雄,2024-04-16,9183
2344,華邦電,62,6,56,群益金鼎-高雄,2024-04-16,9183
3693,營邦,56,0,56,群益金鼎-高雄,2024-04-16,9183
2618,長榮航,58,4,54,群益金鼎-高雄,2024-04-16,9183
1312,國喬,51,0,51,群益金鼎-高雄,2024-04-16,9183
3073,天方能源,50,0,50,群益金鼎-高雄,2024-04-16,9183
2303,聯電,74,25,49,群益金鼎-高雄,2024-04-16,9183
3481,群創,39,2,37,群益金鼎-高雄,2024-04-16,9183
00927,群益半導體收益,36,0,36,群益金鼎-高雄,2024-04-16,9183
3013,晟銘電,46,12,34,群益金鼎-高雄,2024-04-16,9183
00940,元大台灣價值高息,403,371,32,群益金鼎-高雄,2024-04-16,9183
9105,泰金寶-DR,32,0,32,群益金鼎-高雄,2024-04-16,9183
00882,中信中國高股息,31,0,31,群益金鼎-高雄,2024-04-16,9183
2442,新美齊,29,0,29,群益金鼎-高雄,2024-04-16,9183
6462,神盾,32,5,27,群益金鼎-高雄,2024-04-16,9183
2524,京城,24,1,23,群益金鼎-高雄,2024-04-16,9183
00939,統一台灣高息動能,68,46,22,群益金鼎-高雄,2024-04-16,9183
1618,合機,64,42,22,群益金鼎-高雄,2024-04-16,9183
1308,亞聚,21,0,21,群益金鼎-高雄,2024-04-16,9183
1727,中華化,20,0,20,群益金鼎-高雄,2024-04-16,9183
5905,南仁湖,20,0,20,群益金鼎-高雄,2024-04-16,9183
2330,台積電,28,8,20,群益金鼎-高雄,2024-04-16,9183
1522,堤維西,20,1,19,群益金鼎-高雄,2024-04-16,9183
8092,建暐,38,20,18,群益金鼎-高雄,2024-04-16,9183
00712,復華富時不動產,35,17,18,群益金鼎-高雄,2024-04-16,9183
1314,中石化,18,0,18,群益金鼎-高雄,2024-04-16,9183
2888,新光金,18,0,18,群益金鼎-高雄,2024-04-16,9183
3059,華晶科,21,3,18,群益金鼎-高雄,2024-04-16,9183
3049,精金,55,38,17,群益金鼎-高雄,2024-04-16,9183
1109,信大,16,0,16,群益金鼎-高雄,2024-04-16,9183
6142,友勁,16,0,16,群益金鼎-高雄,2024-04-16,9183
9136,巨騰-DR,16,0,16,群益金鼎-高雄,2024-04-16,9183
5371,中光電,34,18,16,群益金鼎-高雄,2024-04-16,9183
4164,承業醫,15,0,15,群益金鼎-高雄,2024-04-16,9183
6016,康和證,15,0,15,群益金鼎-高雄,2024-04-16,9183
8049,晶采,15,0,15,群益金鼎-高雄,2024-04-16,9183
00885,富邦越南,14,0,14,群益金鼎-高雄,2024-04-16,9183
5508,永信建,14,0,14,群益金鼎-高雄,2024-04-16,9183
00680L,元大美債20正2,13,0,13,群益金鼎-高雄,2024-04-16,9183
6213,聯茂,21,8,13,群益金鼎-高雄,2024-04-16,9183
00740B,富邦全球投等債,700,140,560,群益金鼎-高雄,2024-04-17,9183
00937B,群益ESG投等債20,332,5,327,群益金鼎-高雄,2024-04-17,9183
00753L,中信中國50正2,200,0,200,群益金鼎-高雄,2024-04-17,9183
2867,三商壽,140,14,126,群益金鼎-高雄,2024-04-17,9183
0056,元大高股息,91,1,90,群益金鼎-高雄,2024-04-17,9183
00679B,元大美債20年,269,200,69,群益金鼎-高雄,2024-04-17,9183
00687B,國泰20年美債,69,0,69,群益金鼎-高雄,2024-04-17,9183
3231,緯創,78,10,68,群益金鼎-高雄,2024-04-17,9183
2618,長榮航,68,10,58,群益金鼎-高雄,2024-04-17,9183
00712,復華富時不動產,50,0,50,群益金鼎-高雄,2024-04-17,9183
00940,元大台灣價值高息,57,18,39,群益金鼎-高雄,2024-04-17,9183
00680L,元大美債20正2,51,20,31,群益金鼎-高雄,2024-04-17,9183
3206,志豐,30,0,30,群益金鼎-高雄,2024-04-17,9183
3693,營邦,30,0,30,群益金鼎-高雄,2024-04-17,9183
6770,力積電,29,0,29,群益金鼎-高雄,2024-04-17,9183
2303,聯電,33,5,28,群益金鼎-高雄,2024-04-17,9183
3296,勝德,26,0,26,群益金鼎-高雄,2024-04-17,9183
00929,復華台灣科技優息,42,17,25,群益金鼎-高雄,2024-04-17,9183
00720B,元大投資級公司債,23,0,23,群益金鼎-高雄,2024-04-17,9183
1101,台泥,25,2,23,群益金鼎-高雄,2024-04-17,9183
3073,天方能源,23,0,23,群益金鼎-高雄,2024-04-17,9183
2382,廣達,27,9,18,群益金鼎-高雄,2024-04-17,9183
00933B,國泰10Y+金融債,17,0,17,群益金鼎-高雄,2024-04-17,9183
2353,宏��,34,17,17,群益金鼎-高雄,2024-04-17,9183
8147,正淩,17,0,17,群益金鼎-高雄,2024-04-17,9183
2883,凱基金,17,0,17,群益金鼎-高雄,2024-04-17,9183
00919,群益台灣精選高息,17,1,16,群益金鼎-高雄,2024-04-17,9183
00772B,中信高評級公司債,16,0,16,群益金鼎-高雄,2024-04-17,9183
5512,力麒,30,14,16,群益金鼎-高雄,2024-04-17,9183
2002,中鋼,34,19,15,群益金鼎-高雄,2024-04-17,9183
6811,宏�硌穈T,15,0,15,群益金鼎-高雄,2024-04-17,9183
2363,矽統,52,39,13,群益金鼎-高雄,2024-04-17,9183
00751B,元大AAA至A公司債,13,0,13,群益金鼎-高雄,2024-04-17,9183
00725B,國泰投資級公司債,12,0,12,群益金鼎-高雄,2024-04-17,9183
2633,台灣高鐵,12,0,12,群益金鼎-高雄,2024-04-17,9183
5511,德昌,32,20,12,群益金鼎-高雄,2024-04-17,9183
1326,台化,12,1,11,群益金鼎-高雄,2024-04-17,9183
00715L,期街口布蘭特正2,11,0,11,群益金鼎-高雄,2024-04-17,9183
2498,宏達電,11,0,11,群益金鼎-高雄,2024-04-17,9183
00650L,復華香港正2,11,0,11,群益金鼎-高雄,2024-04-17,9183
2009,第一銅,24,14,10,群益金鼎-高雄,2024-04-17,9183
8155,博智,11,1,10,群益金鼎-高雄,2024-04-17,9183
00633L,富邦上証正2,10,0,10,群益金鼎-高雄,2024-04-17,9183
1570,力肯,10,0,10,群益金鼎-高雄,2024-04-17,9183
2337,旺宏,12,2,10,群益金鼎-高雄,2024-04-17,9183
3312,弘憶股,11,1,10,群益金鼎-高雄,2024-04-17,9183
3501,維熹,10,0,10,群益金鼎-高雄,2024-04-17,9183
6120,達運,11,1,10,群益金鼎-高雄,2024-04-17,9183
9955,佳龍,13,4,9,群益金鼎-高雄,2024-04-17,9183
00885,富邦越南,9,0,9,群益金鼎-高雄,2024-04-17,9183
00937B,群益ESG投等債20,294,0,294,群益金鼎-高雄,2024-04-18,9183
3576,聯合再生,50,7,43,群益金鼎-高雄,2024-04-18,9183
4157,太景*-KY,52,10,42,群益金鼎-高雄,2024-04-18,9183
1529,樂事綠能,48,8,40,群益金鼎-高雄,2024-04-18,9183
00929,復華台灣科技優息,42,5,37,群益金鼎-高雄,2024-04-18,9183
2514,龍邦,35,0,35,群益金鼎-高雄,2024-04-18,9183
00941,中信上游半導體,34,0,34,群益金鼎-高雄,2024-04-18,9183
0056,元大高股息,34,0,34,群益金鼎-高雄,2024-04-18,9183
2401,凌陽,25,0,25,群益金鼎-高雄,2024-04-18,9183
3481,群創,34,10,24,群益金鼎-高雄,2024-04-18,9183
00919,群益台灣精選高息,27,4,23,群益金鼎-高雄,2024-04-18,9183
1524,耿鼎,25,2,23,群益金鼎-高雄,2024-04-18,9183
2603,長榮,22,1,21,群益金鼎-高雄,2024-04-18,9183
00632R,元大台灣50反1,20,0,20,群益金鼎-高雄,2024-04-18,9183
2610,華航,32,13,19,群益金鼎-高雄,2024-04-18,9183
3490,單井,20,1,19,群益金鼎-高雄,2024-04-18,9183
3049,精金,36,18,18,群益金鼎-高雄,2024-04-18,9183
2367,燿華,25,8,17,群益金鼎-高雄,2024-04-18,9183
2540,愛山林,16,0,16,群益金鼎-高雄,2024-04-18,9183
3073,天方能源,15,0,15,群益金鼎-高雄,2024-04-18,9183
5210,寶碩,20,5,15,群益金鼎-高雄,2024-04-18,9183
6811,宏�硌穈T,15,0,15,群益金鼎-高雄,2024-04-18,9183
1570,力肯,17,3,14,群益金鼎-高雄,2024-04-18,9183
2329,華泰,41,28,13,群益金鼎-高雄,2024-04-18,9183
1503,士電,31,17,14,群益金鼎-高雄,2024-04-18,9183
00712,復華富時不動產,12,0,12,群益金鼎-高雄,2024-04-18,9183
2353,宏��,16,4,12,群益金鼎-高雄,2024-04-18,9183
2406,國碩,14,2,12,群益金鼎-高雄,2024-04-18,9183
5511,德昌,66,54,12,群益金鼎-高雄,2024-04-18,9183
2371,大同,226,215,11,群益金鼎-高雄,2024-04-18,9183
2409,友達,14,3,11,群益金鼎-高雄,2024-04-18,9183
6285,啟��,10,0,10,群益金鼎-高雄,2024-04-18,9183
00927,群益半導體收益,10,0,10,群益金鼎-高雄,2024-04-18,9183
1219,福壽,10,0,10,群益金鼎-高雄,2024-04-18,9183
3032,偉訓,10,0,10,群益金鼎-高雄,2024-04-18,9183
3078,僑威,10,0,10,群益金鼎-高雄,2024-04-18,9183
3710,連展投控,10,0,10,群益金鼎-高雄,2024-04-18,9183
6248,沛波,10,0,10,群益金鼎-高雄,2024-04-18,9183
6443,元晶,13,3,10,群益金鼎-高雄,2024-04-18,9183
6593,台灣銘板,11,1,10,群益金鼎-高雄,2024-04-18,9183
2538,基泰,20,10,10,群益金鼎-高雄,2024-04-18,9183
4934,太極,10,1,9,群益金鼎-高雄,2024-04-18,9183
2356,英業達,11,2,9,群益金鼎-高雄,2024-04-18,9183
1513,中興電,34,25,9,群益金鼎-高雄,2024-04-18,9183
2453,凌群,8,0,8,群益金鼎-高雄,2024-04-18,9183
5508,永信建,19,11,8,群益金鼎-高雄,2024-04-18,9183
2887,台新金,8,0,8,群益金鼎-高雄,2024-04-18,9183
3707,漢磊,15,7,8,群益金鼎-高雄,2024-04-18,9183
6283,淳安,9,2,7,群益金鼎-高雄,2024-04-18,9183
6274,台燿,14,7,7,群益金鼎-高雄,2024-04-18,9183
00929,復華台灣科技優息,487,19,468,群益金鼎-高雄,2024-04-19,9183
00632R,元大台灣50反1,587,367,220,群益金鼎-高雄,2024-04-19,9183
00940,元大台灣價值高息,263,46,217,群益金鼎-高雄,2024-04-19,9183
00919,群益台灣精選高息,210,21,189,群益金鼎-高雄,2024-04-19,9183
1616,億泰,185,7,178,群益金鼎-高雄,2024-04-19,9183
2888,新光金,98,0,98,群益金鼎-高雄,2024-04-19,9183
00941,中信上游半導體,97,2,95,群益金鼎-高雄,2024-04-19,9183
1618,合機,87,9,78,群益金鼎-高雄,2024-04-19,9183
2453,凌群,66,0,66,群益金鼎-高雄,2024-04-19,9183
2883,凱基金,63,4,59,群益金鼎-高雄,2024-04-19,9183
0056,元大高股息,56,1,55,群益金鼎-高雄,2024-04-19,9183
9105,泰金寶-DR,54,0,54,群益金鼎-高雄,2024-04-19,9183
00878,國泰永續高股息,51,3,48,群益金鼎-高雄,2024-04-19,9183
8936,國統,85,40,45,群益金鼎-高雄,2024-04-19,9183
8027,鈦昇,46,5,41,群益金鼎-高雄,2024-04-19,9183
2029,盛餘,40,0,40,群益金鼎-高雄,2024-04-19,9183
2515,中工,76,41,35,群益金鼎-高雄,2024-04-19,9183
2009,第一銅,46,11,35,群益金鼎-高雄,2024-04-19,9183
2317,鴻海,44,10,34,群益金鼎-高雄,2024-04-19,9183
2387,精元,39,6,33,群益金鼎-高雄,2024-04-19,9183
2208,台船,32,2,30,群益金鼎-高雄,2024-04-19,9183
5905,南仁湖,30,0,30,群益金鼎-高雄,2024-04-19,9183
00904,新光臺灣半導體30,30,1,29,群益金鼎-高雄,2024-04-19,9183
00650L,復華香港正2,26,0,26,群益金鼎-高雄,2024-04-19,9183
2344,華邦電,37,11,26,群益金鼎-高雄,2024-04-19,9183
1609,大亞,149,123,26,群益金鼎-高雄,2024-04-19,9183
2409,友達,33,8,25,群益金鼎-高雄,2024-04-19,9183
00891,中信關鍵半導體,30,5,25,群益金鼎-高雄,2024-04-19,9183
3481,群創,38,14,24,群益金鼎-高雄,2024-04-19,9183
5434,崇越,30,6,24,群益金鼎-高雄,2024-04-19,9183
3231,緯創,126,104,22,群益金鼎-高雄,2024-04-19,9183
1524,耿鼎,21,0,21,群益金鼎-高雄,2024-04-19,9183
2329,華泰,40,20,20,群益金鼎-高雄,2024-04-19,9183
3501,維熹,20,0,20,群益金鼎-高雄,2024-04-19,9183
9136,巨騰-DR,29,9,20,群益金鼎-高雄,2024-04-19,9183
2886,兆豐金,28,8,20,群益金鼎-高雄,2024-04-19,9183
006208,富邦台50,19,0,19,群益金鼎-高雄,2024-04-19,9183
2101,南港,24,5,19,群益金鼎-高雄,2024-04-19,9183
00713,元大台灣高息低波,18,0,18,群益金鼎-高雄,2024-04-19,9183
3693,營邦,20,2,18,群益金鼎-高雄,2024-04-19,9183
2634,漢翔,27,9,18,群益金鼎-高雄,2024-04-19,9183
2527,宏璟,17,0,17,群益金鼎-高雄,2024-04-19,9183
2382,廣達,28,12,16,群益金鼎-高雄,2024-04-19,9183
6505,台塑化,19,4,15,群益金鼎-高雄,2024-04-19,9183
3703,欣陸,19,4,15,群益金鼎-高雄,2024-04-19,9183
9919,康那香,31,16,15,群益金鼎-高雄,2024-04-19,9183
2834,臺企銀,20,5,15,群益金鼎-高雄,2024-04-19,9183
2520,冠德,38,24,14,群益金鼎-高雄,2024-04-19,9183
2002,中鋼,21,7,14,群益金鼎-高雄,2024-04-19,9183
00631L,元大台灣50正2,64,50,14,群益金鼎-高雄,2024-04-19,9183
00929,復華台灣科技優息,471,32,439,群益金鼎-高雄,2024-04-22,9183
6548,長科*,300,0,300,群益金鼎-高雄,2024-04-22,9183
00878,國泰永續高股息,225,30,195,群益金鼎-高雄,2024-04-22,9183
1314,中石化,208,51,157,群益金鼎-高雄,2024-04-22,9183
00940,元大台灣價值高息,108,5,103,群益金鼎-高雄,2024-04-22,9183
00753L,中信中國50正2,100,0,100,群益金鼎-高雄,2024-04-22,9183
1440,南紡,100,19,81,群益金鼎-高雄,2024-04-22,9183
00687B,國泰20年美債,75,0,75,群益金鼎-高雄,2024-04-22,9183
2883,凱基金,100,37,63,群益金鼎-高雄,2024-04-22,9183
5521,工信,67,5,62,群益金鼎-高雄,2024-04-22,9183
3481,群創,69,11,58,群益金鼎-高雄,2024-04-22,9183
2303,聯電,59,8,51,群益金鼎-高雄,2024-04-22,9183
4968,立積,50,0,50,群益金鼎-高雄,2024-04-22,9183
00919,群益台灣精選高息,74,29,45,群益金鼎-高雄,2024-04-22,9183
2329,華泰,59,18,41,群益金鼎-高雄,2024-04-22,9183
5230,雷笛克光學,47,8,39,群益金鼎-高雄,2024-04-22,9183
2380,虹光,30,0,30,群益金鼎-高雄,2024-04-22,9183
8936,國統,38,9,29,群益金鼎-高雄,2024-04-22,9183
3231,緯創,39,10,29,群益金鼎-高雄,2024-04-22,9183
6116,彩晶,35,10,25,群益金鼎-高雄,2024-04-22,9183
2059,川湖,23,0,23,群益金鼎-高雄,2024-04-22,9183
2323,中環,28,6,22,群益金鼎-高雄,2024-04-22,9183
2515,中工,70,48,22,群益金鼎-高雄,2024-04-22,9183
2393,億光,21,0,21,群益金鼎-高雄,2024-04-22,9183
6443,元晶,21,0,21,群益金鼎-高雄,2024-04-22,9183
6668,中揚光,21,0,21,群益金鼎-高雄,2024-04-22,9183
3548,兆利,21,1,20,群益金鼎-高雄,2024-04-22,9183
1808,潤隆,20,0,20,群益金鼎-高雄,2024-04-22,9183
6120,達運,24,4,20,群益金鼎-高雄,2024-04-22,9183
6213,聯茂,31,12,19,群益金鼎-高雄,2024-04-22,9183
2486,一詮,22,4,18,群益金鼎-高雄,2024-04-22,9183
2453,凌群,40,23,17,群益金鼎-高雄,2024-04-22,9183
00679B,元大美債20年,16,0,16,群益金鼎-高雄,2024-04-22,9183
3703,欣陸,62,46,16,群益金鼎-高雄,2024-04-22,9183
2610,華航,32,16,16,群益金鼎-高雄,2024-04-22,9183
3013,晟銘電,37,22,15,群益金鼎-高雄,2024-04-22,9183
1457,宜進,16,1,15,群益金鼎-高雄,2024-04-22,9183
2382,廣達,29,16,13,群益金鼎-高雄,2024-04-22,9183
00927,群益半導體收益,13,0,13,群益金鼎-高雄,2024-04-22,9183
2002,中鋼,18,5,13,群益金鼎-高雄,2024-04-22,9183
2344,華邦電,14,1,13,群益金鼎-高雄,2024-04-22,9183
5531,鄉林,19,6,13,群益金鼎-高雄,2024-04-22,9183
2101,南港,65,52,13,群益金鼎-高雄,2024-04-22,9183
2338,光罩,11,0,11,群益金鼎-高雄,2024-04-22,9183
5251,天鉞電,14,3,11,群益金鼎-高雄,2024-04-22,9183
8027,鈦昇,10,0,10,群益金鼎-高雄,2024-04-22,9183
00773B,中信優先金融債,10,0,10,群益金鼎-高雄,2024-04-22,9183
1416,廣豐,10,0,10,群益金鼎-高雄,2024-04-22,9183
1452,宏益,10,0,10,群益金鼎-高雄,2024-04-22,9183
2348,海悅,11,1,10,群益金鼎-高雄,2024-04-22,9183
9136,巨騰-DR,189,4,185,群益金鼎-高雄,2024-04-23,9183
9933,中鼎,82,0,82,群益金鼎-高雄,2024-04-23,9183
3013,晟銘電,67,9,58,群益金鼎-高雄,2024-04-23,9183
00929,復華台灣科技優息,77,23,54,群益金鼎-高雄,2024-04-23,9183
5512,力麒,45,9,36,群益金鼎-高雄,2024-04-23,9183
6120,達運,38,7,31,群益金鼎-高雄,2024-04-23,9183
6548,長科*,31,0,31,群益金鼎-高雄,2024-04-23,9183
2303,聯電,28,0,28,群益金鼎-高雄,2024-04-23,9183
5324,士開,25,0,25,群益金鼎-高雄,2024-04-23,9183
2371,大同,151,126,25,群益金鼎-高雄,2024-04-23,9183
00772B,中信高評級公司債,25,0,25,群益金鼎-高雄,2024-04-23,9183
00919,群益台灣精選高息,23,0,23,群益金鼎-高雄,2024-04-23,9183
6596,寬宏藝術,23,0,23,群益金鼎-高雄,2024-04-23,9183
1309,台達化,22,0,22,群益金鼎-高雄,2024-04-23,9183
4167,松瑞藥,22,0,22,群益金鼎-高雄,2024-04-23,9183
1808,潤隆,23,1,22,群益金鼎-高雄,2024-04-23,9183
3231,緯創,37,16,21,群益金鼎-高雄,2024-04-23,9183
6770,力積電,21,0,21,群益金鼎-高雄,2024-04-23,9183
00680L,元大美債20正2,30,10,20,群益金鼎-高雄,2024-04-23,9183
6215,和椿,23,7,16,群益金鼎-高雄,2024-04-23,9183
3019,亞光,15,0,15,群益金鼎-高雄,2024-04-23,9183
3715,定穎投控,16,3,13,群益金鼎-高雄,2024-04-23,9183
2367,燿華,14,2,12,群益金鼎-高雄,2024-04-23,9183
6282,康舒,12,0,12,群益金鼎-高雄,2024-04-23,9183
8080,印鉐,12,0,12,群益金鼎-高雄,2024-04-23,9183
2442,新美齊,16,5,11,群益金鼎-高雄,2024-04-23,9183
8938,明安,11,0,11,群益金鼎-高雄,2024-04-23,9183
2354,鴻準,25,14,11,群益金鼎-高雄,2024-04-23,9183
00878,國泰永續高股息,13,2,11,群益金鼎-高雄,2024-04-23,9183
00751B,元大AAA至A公司債,10,0,10,群益金鼎-高雄,2024-04-23,9183
1316,上曜,23,13,10,群益金鼎-高雄,2024-04-23,9183
2316,楠梓電,10,0,10,群益金鼎-高雄,2024-04-23,9183
2506,太設,15,6,9,群益金鼎-高雄,2024-04-23,9183
3312,弘憶股,9,0,9,群益金鼎-高雄,2024-04-23,9183
2107,厚生,8,0,8,群益金鼎-高雄,2024-04-23,9183
4183,福永生技,8,0,8,群益金鼎-高雄,2024-04-23,9183
4720,德淵,8,0,8,群益金鼎-高雄,2024-04-23,9183
1314,中石化,9,2,7,群益金鼎-高雄,2024-04-23,9183
5475,德宏,7,0,7,群益金鼎-高雄,2024-04-23,9183
6264,富裔,7,0,7,群益金鼎-高雄,2024-04-23,9183
00652,富邦印度,6,0,6,群益金鼎-高雄,2024-04-23,9183
1702,南僑,7,1,6,群益金鼎-高雄,2024-04-23,9183
2427,三商電,6,0,6,群益金鼎-高雄,2024-04-23,9183
2509,全坤建,6,0,6,群益金鼎-高雄,2024-04-23,9183
6462,神盾,7,1,6,群益金鼎-高雄,2024-04-23,9183
8050,廣積,6,0,6,群益金鼎-高雄,2024-04-23,9183
8213,志超,6,0,6,群益金鼎-高雄,2024-04-23,9183
2009,第一銅,13,7,6,群益金鼎-高雄,2024-04-23,9183
5009,榮剛,6,0,6,群益金鼎-高雄,2024-04-23,9183
1605,華新,9,4,5,群益金鼎-高雄,2024-04-23,9183
00632R,元大台灣50反1,281,20,261,群益金鼎-高雄,2024-04-24,9183
00687B,國泰20年美債,92,0,92,群益金鼎-高雄,2024-04-24,9183
00940,元大台灣價值高息,109,36,73,群益金鼎-高雄,2024-04-24,9183
9902,台火,57,2,55,群益金鼎-高雄,2024-04-24,9183
2536,宏普,74,28,46,群益金鼎-高雄,2024-04-24,9183
3481,群創,51,10,41,群益金鼎-高雄,2024-04-24,9183
6189,豐藝,31,0,31,群益金鼎-高雄,2024-04-24,9183
3163,波若威,30,0,30,群益金鼎-高雄,2024-04-24,9183
2886,兆豐金,33,6,27,群益金鼎-高雄,2024-04-24,9183
00882,中信中國高股息,27,0,27,群益金鼎-高雄,2024-04-24,9183
00724B,群益投資級金融債,24,0,24,群益金鼎-高雄,2024-04-24,9183
2354,鴻準,50,26,24,群益金鼎-高雄,2024-04-24,9183
2409,友達,26,4,22,群益金鼎-高雄,2024-04-24,9183
0056,元大高股息,21,1,20,群益金鼎-高雄,2024-04-24,9183
00918,大華優利高填息30,20,0,20,群益金鼎-高雄,2024-04-24,9183
00915,凱基優選高股息30,20,0,20,群益金鼎-高雄,2024-04-24,9183
1447,力鵬,20,0,20,群益金鼎-高雄,2024-04-24,9183
2022,聚亨,20,0,20,群益金鼎-高雄,2024-04-24,9183
9933,中鼎,20,0,20,群益金鼎-高雄,2024-04-24,9183
1316,上曜,23,5,18,群益金鼎-高雄,2024-04-24,9183
6432,今展科,21,5,16,群益金鼎-高雄,2024-04-24,9183
1608,華榮,36,21,15,群益金鼎-高雄,2024-04-24,9183
00932,兆豐永續高息等權,14,0,14,群益金鼎-高雄,2024-04-24,9183
1732,毛寶,14,0,14,群益金鼎-高雄,2024-04-24,9183
2442,新美齊,15,1,14,群益金鼎-高雄,2024-04-24,9183
00680L,元大美債20正2,14,0,14,群益金鼎-高雄,2024-04-24,9183
2745,五福,15,1,14,群益金鼎-高雄,2024-04-24,9183
2834,臺企銀,19,5,14,群益金鼎-高雄,2024-04-24,9183
2634,漢翔,21,8,13,群益金鼎-高雄,2024-04-24,9183
2515,中工,43,30,13,群益金鼎-高雄,2024-04-24,9183
2449,京元電子,23,11,12,群益金鼎-高雄,2024-04-24,9183
00937B,群益ESG投等債20,12,0,12,群益金鼎-高雄,2024-04-24,9183
2367,燿華,15,3,12,群益金鼎-高雄,2024-04-24,9183
2501,國建,34,22,12,群益金鼎-高雄,2024-04-24,9183
4532,瑞智,28,16,12,群益金鼎-高雄,2024-04-24,9183
6120,達運,14,2,12,群益金鼎-高雄,2024-04-24,9183
1605,華新,19,8,11,群益金鼎-高雄,2024-04-24,9183
2201,裕隆,11,0,11,群益金鼎-高雄,2024-04-24,9183
2368,金像電,13,2,11,群益金鼎-高雄,2024-04-24,9183
2610,華航,67,56,11,群益金鼎-高雄,2024-04-24,9183
3703,欣陸,40,29,11,群益金鼎-高雄,2024-04-24,9183
4905,台聯電,11,0,11,群益金鼎-高雄,2024-04-24,9183
6269,台郡,11,0,11,群益金鼎-高雄,2024-04-24,9183
00633L,富邦上証正2,10,0,10,群益金鼎-高雄,2024-04-24,9183
00929,復華台灣科技優息,54,44,10,群益金鼎-高雄,2024-04-24,9183
1717,長興,10,0,10,群益金鼎-高雄,2024-04-24,9183
3206,志豐,10,0,10,群益金鼎-高雄,2024-04-24,9183
1108,幸福,9,0,9,群益金鼎-高雄,2024-04-24,9183
6116,彩晶,19,10,9,群益金鼎-高雄,2024-04-24,9183
8011,台通,9,1,8,群益金鼎-高雄,2024-04-24,9183
00753L,中信中國50正2,202,54,148,群益金鼎-高雄,2024-04-25,9183
2515,中工,311,163,148,群益金鼎-高雄,2024-04-25,9183
00940,元大台灣價值高息,120,5,115,群益金鼎-高雄,2024-04-25,9183
2524,京城,70,2,68,群益金鼎-高雄,2024-04-25,9183
3033,威健,66,4,62,群益金鼎-高雄,2024-04-25,9183
2883,凱基金,61,0,61,群益金鼎-高雄,2024-04-25,9183
00929,復華台灣科技優息,68,11,57,群益金鼎-高雄,2024-04-25,9183
8454,富邦媒,50,0,50,群益金鼎-高雄,2024-04-25,9183
3013,晟銘電,69,24,45,群益金鼎-高雄,2024-04-25,9183
2501,國建,87,49,38,群益金鼎-高雄,2024-04-25,9183
9136,巨騰-DR,50,12,38,群益金鼎-高雄,2024-04-25,9183
2014,中鴻,36,0,36,群益金鼎-高雄,2024-04-25,9183
3073,天方能源,32,0,32,群益金鼎-高雄,2024-04-25,9183
2359,所羅門,37,7,30,群益金鼎-高雄,2024-04-25,9183
00680L,元大美債20正2,30,2,28,群益金鼎-高雄,2024-04-25,9183
00687B,國泰20年美債,31,7,24,群益金鼎-高雄,2024-04-25,9183
2317,鴻海,31,7,24,群益金鼎-高雄,2024-04-25,9183
2547,日勝生,45,21,24,群益金鼎-高雄,2024-04-25,9183
2002,中鋼,24,2,22,群益金鼎-高雄,2024-04-25,9183
6770,力積電,21,0,21,群益金鼎-高雄,2024-04-25,9183
2208,台船,20,0,20,群益金鼎-高雄,2024-04-25,9183
2017,官田鋼,19,0,19,群益金鼎-高雄,2024-04-25,9183
00937B,群益ESG投等債20,17,0,17,群益金鼎-高雄,2024-04-25,9183
2892,第一金,16,0,16,群益金鼎-高雄,2024-04-25,9183
2363,矽統,32,16,16,群益金鼎-高雄,2024-04-25,9183
00878,國泰永續高股息,15,0,15,群益金鼎-高雄,2024-04-25,9183
8112,至上,15,0,15,群益金鼎-高雄,2024-04-25,9183
2610,華航,53,38,15,群益金鼎-高雄,2024-04-25,9183
3231,緯創,34,19,15,群益金鼎-高雄,2024-04-25,9183
4532,瑞智,15,0,15,群益金鼎-高雄,2024-04-25,9183
1440,南紡,40,26,14,群益金鼎-高雄,2024-04-25,9183
6425,易發,20,6,14,群益金鼎-高雄,2024-04-25,9183
9945,潤泰新,13,0,13,群益金鼎-高雄,2024-04-25,9183
2886,兆豐金,14,2,12,群益金鼎-高雄,2024-04-25,9183
8104,錸寶,12,0,12,群益金鼎-高雄,2024-04-25,9183
2888,新光金,11,0,11,群益金鼎-高雄,2024-04-25,9183
5703,亞都,11,0,11,群益金鼎-高雄,2024-04-25,9183
2330,台積電,15,4,11,群益金鼎-高雄,2024-04-25,9183
2603,長榮,14,4,10,群益金鼎-高雄,2024-04-25,9183
4716,大立,13,3,10,群益金鼎-高雄,2024-04-25,9183
2354,鴻準,11,1,10,群益金鼎-高雄,2024-04-25,9183
2734,易飛網,10,0,10,群益金鼎-高雄,2024-04-25,9183
5905,南仁湖,10,0,10,群益金鼎-高雄,2024-04-25,9183
8027,鈦昇,10,0,10,群益金鼎-高雄,2024-04-25,9183
2548,華固,12,2,10,群益金鼎-高雄,2024-04-25,9183
6005,群益證,13,3,10,群益金鼎-高雄,2024-04-25,9183
3715,定穎投控,10,1,9,群益金鼎-高雄,2024-04-25,9183
00919,群益台灣精選高息,10,1,9,群益金鼎-高雄,2024-04-25,9183
00939,統一台灣高息動能,12,3,9,群益金鼎-高雄,2024-04-25,9183
2884,玉山金,9,0,9,群益金鼎-高雄,2024-04-25,9183
2609,陽明,456,150,306,群益金鼎-高雄,2024-04-26,9183
8938,明安,62,0,62,群益金鼎-高雄,2024-04-26,9183
2009,第一銅,58,3,55,群益金鼎-高雄,2024-04-26,9183
00632R,元大台灣50反1,88,43,45,群益金鼎-高雄,2024-04-26,9183
1314,中石化,44,6,38,群益金鼎-高雄,2024-04-26,9183
00940,元大台灣價值高息,38,1,37,群益金鼎-高雄,2024-04-26,9183
00751B,元大AAA至A公司債,35,0,35,群益金鼎-高雄,2024-04-26,9183
1524,耿鼎,35,0,35,群益金鼎-高雄,2024-04-26,9183
2611,志信,43,8,35,群益金鼎-高雄,2024-04-26,9183
2886,兆豐金,34,2,32,群益金鼎-高雄,2024-04-26,9183
2017,官田鋼,31,0,31,群益金鼎-高雄,2024-04-26,9183
1618,合機,44,14,30,群益金鼎-高雄,2024-04-26,9183
00712,復華富時不動產,30,0,30,群益金鼎-高雄,2024-04-26,9183
8936,國統,32,2,30,群益金鼎-高雄,2024-04-26,9183
1587,吉茂,27,6,21,群益金鼎-高雄,2024-04-26,9183
3380,明泰,23,3,20,群益金鼎-高雄,2024-04-26,9183
5905,南仁湖,20,0,20,群益金鼎-高雄,2024-04-26,9183
8234,新漢,22,3,19,群益金鼎-高雄,2024-04-26,9183
2834,臺企銀,20,2,18,群益金鼎-高雄,2024-04-26,9183
3339,泰谷,16,0,16,群益金鼎-高雄,2024-04-26,9183
00937B,群益ESG投等債20,18,3,15,群益金鼎-高雄,2024-04-26,9183
00795B,中信美國公債20年,15,0,15,群益金鼎-高雄,2024-04-26,9183
2367,燿華,16,1,15,群益金鼎-高雄,2024-04-26,9183
3312,弘憶股,16,1,15,群益金鼎-高雄,2024-04-26,9183
6127,九豪,15,0,15,群益金鼎-高雄,2024-04-26,9183
1532,勤美,15,0,15,群益金鼎-高雄,2024-04-26,9183
2371,大同,55,40,15,群益金鼎-高雄,2024-04-26,9183
2882,國泰金,25,13,12,群益金鼎-高雄,2024-04-26,9183
2543,皇昌,12,1,11,群益金鼎-高雄,2024-04-26,9183
6197,佳必琪,15,4,11,群益金鼎-高雄,2024-04-26,9183
6425,易發,17,6,11,群益金鼎-高雄,2024-04-26,9183
8403,盛弘,11,0,11,群益金鼎-高雄,2024-04-26,9183
6596,寬宏藝術,11,0,11,群益金鼎-高雄,2024-04-26,9183
6207,雷科,49,39,10,群益金鼎-高雄,2024-04-26,9183
00740B,富邦全球投等債,25,15,10,群益金鼎-高雄,2024-04-26,9183
2329,華泰,21,11,10,群益金鼎-高雄,2024-04-26,9183
3715,定穎投控,14,4,10,群益金鼎-高雄,2024-04-26,9183
8027,鈦昇,15,5,10,群益金鼎-高雄,2024-04-26,9183
00679B,元大美債20年,15,6,9,群益金鼎-高雄,2024-04-26,9183
1503,士電,19,11,8,群益金鼎-高雄,2024-04-26,9183
6282,康舒,8,0,8,群益金鼎-高雄,2024-04-26,9183
2748,雲品,8,0,8,群益金鼎-高雄,2024-04-26,9183
9946,三發地產,11,3,8,群益金鼎-高雄,2024-04-26,9183
006206,元大上證50,7,0,7,群益金鼎-高雄,2024-04-26,9183
2387,精元,17,10,7,群益金鼎-高雄,2024-04-26,9183
6120,達運,10,3,7,群益金鼎-高雄,2024-04-26,9183
6531,愛普*,11,4,7,群益金鼎-高雄,2024-04-26,9183
00706L,期元大S＆P日圓正2,7,0,7,群益金鼎-高雄,2024-04-26,9183
5871,中租-KY,6,0,6,群益金鼎-高雄,2024-04-26,9183
4979,華星光,8,2,6,群益金鼎-高雄,2024-04-26,9183
00688L,國泰20年美債正2,200,0,200,群益金鼎-高雄,2024-04-29,9183
1609,大亞,95,25,70,群益金鼎-高雄,2024-04-29,9183
2323,中環,255,189,66,群益金鼎-高雄,2024-04-29,9183
3013,晟銘電,53,3,50,群益金鼎-高雄,2024-04-29,9183
2618,長榮航,171,125,46,群益金鼎-高雄,2024-04-29,9183
00679B,元大美債20年,53,7,46,群益金鼎-高雄,2024-04-29,9183
9105,泰金寶-DR,50,5,45,群益金鼎-高雄,2024-04-29,9183
3706,神達,44,4,40,群益金鼎-高雄,2024-04-29,9183
2382,廣達,44,6,38,群益金鼎-高雄,2024-04-29,9183
3231,緯創,58,20,38,群益金鼎-高雄,2024-04-29,9183
2605,新興,38,1,37,群益金鼎-高雄,2024-04-29,9183
1307,三芳,35,0,35,群益金鼎-高雄,2024-04-29,9183
2363,矽統,63,37,26,群益金鼎-高雄,2024-04-29,9183
6197,佳必琪,37,12,25,群益金鼎-高雄,2024-04-29,9183
2889,國票金,34,12,22,群益金鼎-高雄,2024-04-29,9183
2029,盛餘,20,0,20,群益金鼎-高雄,2024-04-29,9183
2371,大同,64,44,20,群益金鼎-高雄,2024-04-29,9183
5905,南仁湖,20,0,20,群益金鼎-高雄,2024-04-29,9183
1815,富喬,20,1,19,群益金鼎-高雄,2024-04-29,9183
6177,達麗,52,33,19,群益金鼎-高雄,2024-04-29,9183
2515,中工,258,240,18,群益金鼎-高雄,2024-04-29,9183
6230,尼得科超眾,22,4,18,群益金鼎-高雄,2024-04-29,9183
1316,上曜,38,20,18,群益金鼎-高雄,2024-04-29,9183
2883,凱基金,18,1,17,群益金鼎-高雄,2024-04-29,9183
3312,弘憶股,21,4,17,群益金鼎-高雄,2024-04-29,9183
2609,陽明,95,79,16,群益金鼎-高雄,2024-04-29,9183
00706L,期元大S＆P日圓正2,14,0,14,群益金鼎-高雄,2024-04-29,9183
5392,能率,13,0,13,群益金鼎-高雄,2024-04-29,9183
4915,致伸,18,6,12,群益金鼎-高雄,2024-04-29,9183
5210,寶碩,12,0,12,群益金鼎-高雄,2024-04-29,9183
3481,群創,39,28,11,群益金鼎-高雄,2024-04-29,9183
1616,億泰,11,0,11,群益金鼎-高雄,2024-04-29,9183
2450,神腦,11,0,11,群益金鼎-高雄,2024-04-29,9183
4532,瑞智,13,2,11,群益金鼎-高雄,2024-04-29,9183
4909,新復興,25,14,11,群益金鼎-高雄,2024-04-29,9183
1103,嘉泥,12,2,10,群益金鼎-高雄,2024-04-29,9183
00632R,元大台灣50反1,10,0,10,群益金鼎-高雄,2024-04-29,9183
3163,波若威,19,9,10,群益金鼎-高雄,2024-04-29,9183
6191,精成科,10,0,10,群益金鼎-高雄,2024-04-29,9183
2501,國建,17,7,10,群益金鼎-高雄,2024-04-29,9183
1531,高林股,9,0,9,群益金鼎-高雄,2024-04-29,9183
2464,盟立,13,4,9,群益金鼎-高雄,2024-04-29,9183
4905,台聯電,9,0,9,群益金鼎-高雄,2024-04-29,9183
8111,立��,9,0,9,群益金鼎-高雄,2024-04-29,9183
8936,國統,23,15,8,群益金鼎-高雄,2024-04-29,9183
2316,楠梓電,10,2,8,群益金鼎-高雄,2024-04-29,9183
8069,元太,11,4,7,群益金鼎-高雄,2024-04-29,9183
1618,合機,13,6,7,群益金鼎-高雄,2024-04-29,9183
2923,鼎固-KY,7,0,7,群益金鼎-高雄,2024-04-29,9183
6215,和椿,31,24,7,群益金鼎-高雄,2024-04-29,9183
00929,復華台灣科技優息,136,2,134,群益金鼎-高雄,2024-04-30,9183
2515,中工,133,14,119,群益金鼎-高雄,2024-04-30,9183
00753L,中信中國50正2,100,0,100,群益金鼎-高雄,2024-04-30,9183
2633,台灣高鐵,100,0,100,群益金鼎-高雄,2024-04-30,9183
2501,國建,166,76,90,群益金鼎-高雄,2024-04-30,9183
2880,華南金,112,22,90,群益金鼎-高雄,2024-04-30,9183
00940,元大台灣價值高息,90,9,81,群益金鼎-高雄,2024-04-30,9183
9105,泰金寶-DR,50,0,50,群益金鼎-高雄,2024-04-30,9183
2317,鴻海,44,5,39,群益金鼎-高雄,2024-04-30,9183
00941,中信上游半導體,38,0,38,群益金鼎-高雄,2024-04-30,9183
2609,陽明,72,35,37,群益金鼎-高雄,2024-04-30,9183
9103,美德醫療-DR,30,0,30,群益金鼎-高雄,2024-04-30,9183
2618,長榮航,38,12,26,群益金鼎-高雄,2024-04-30,9183
00891,中信關鍵半導體,25,0,25,群益金鼎-高雄,2024-04-30,9183
6743,安普新,25,0,25,群益金鼎-高雄,2024-04-30,9183
6770,力積電,33,10,23,群益金鼎-高雄,2024-04-30,9183
3014,聯陽,23,1,22,群益金鼎-高雄,2024-04-30,9183
3305,昇貿,22,1,21,群益金鼎-高雄,2024-04-30,9183
6668,中揚光,22,1,21,群益金鼎-高雄,2024-04-30,9183
2022,聚亨,30,10,20,群益金鼎-高雄,2024-04-30,9183
2453,凌群,21,1,20,群益金鼎-高雄,2024-04-30,9183
2836,高雄銀,20,0,20,群益金鼎-高雄,2024-04-30,9183
1504,東元,19,0,19,群益金鼎-高雄,2024-04-30,9183
1314,中石化,52,33,19,群益金鼎-高雄,2024-04-30,9183
00679B,元大美債20年,22,5,17,群益金鼎-高雄,2024-04-30,9183
2887,台新金,16,0,16,群益金鼎-高雄,2024-04-30,9183
5210,寶碩,16,0,16,群益金鼎-高雄,2024-04-30,9183
5009,榮剛,25,10,15,群益金鼎-高雄,2024-04-30,9183
8478,東哥遊艇,15,0,15,群益金鼎-高雄,2024-04-30,9183
2107,厚生,16,1,15,群益金鼎-高雄,2024-04-30,9183
2547,日勝生,15,1,14,群益金鼎-高雄,2024-04-30,9183
2607,榮運,13,1,12,群益金鼎-高雄,2024-04-30,9183
8088,品安,16,4,12,群益金鼎-高雄,2024-04-30,9183
2845,遠東銀,11,0,11,群益金鼎-高雄,2024-04-30,9183
2913,農林,22,11,11,群益金鼎-高雄,2024-04-30,9183
3466,德晉,12,1,11,群益金鼎-高雄,2024-04-30,9183
6269,台郡,20,9,11,群益金鼎-高雄,2024-04-30,9183
4737,華廣,10,0,10,群益金鼎-高雄,2024-04-30,9183
00772B,中信高評級公司債,10,0,10,群益金鼎-高雄,2024-04-30,9183
1103,嘉泥,10,0,10,群益金鼎-高雄,2024-04-30,9183
2451,創見,10,0,10,群益金鼎-高雄,2024-04-30,9183
5905,南仁湖,10,0,10,群益金鼎-高雄,2024-04-30,9183
6168,宏齊,10,0,10,群益金鼎-高雄,2024-04-30,9183
1217,愛之味,10,1,9,群益金鼎-高雄,2024-04-30,9183
1340,勝悅-KY,9,0,9,群益金鼎-高雄,2024-04-30,9183
1786,科妍,9,0,9,群益金鼎-高雄,2024-04-30,9183
2355,敬鵬,12,3,9,群益金鼎-高雄,2024-04-30,9183
2882,國泰金,11,3,8,群益金鼎-高雄,2024-04-30,9183
3260,威剛,10,2,8,群益金鼎-高雄,2024-04-30,9183
5457,宣德,9,1,8,群益金鼎-高雄,2024-04-30,9183
00940,元大台灣價值高息,223,4,219,群益金鼎-高雄,2024-05-02,9183
00937B,群益ESG投等債20,182,4,178,群益金鼎-高雄,2024-05-02,9183
00933B,國泰10Y+金融債,100,11,89,群益金鼎-高雄,2024-05-02,9183
1815,富喬,90,5,85,群益金鼎-高雄,2024-05-02,9183
1314,中石化,90,10,80,群益金鼎-高雄,2024-05-02,9183
2501,國建,111,36,75,群益金鼎-高雄,2024-05-02,9183
00919,群益台灣精選高息,40,0,40,群益金鼎-高雄,2024-05-02,9183
2615,萬海,53,15,38,群益金鼎-高雄,2024-05-02,9183
3049,精金,42,5,37,群益金鼎-高雄,2024-05-02,9183
2409,友達,38,2,36,群益金鼎-高雄,2024-05-02,9183
3512,皇龍,33,0,33,群益金鼎-高雄,2024-05-02,9183
3481,群創,52,19,33,群益金鼎-高雄,2024-05-02,9183
00878,國泰永續高股息,31,2,29,群益金鼎-高雄,2024-05-02,9183
9105,泰金寶-DR,29,0,29,群益金鼎-高雄,2024-05-02,9183
3605,宏致,27,0,27,群益金鼎-高雄,2024-05-02,9183
2603,長榮,26,2,24,群益金鼎-高雄,2024-05-02,9183
2401,凌陽,23,0,23,群益金鼎-高雄,2024-05-02,9183
00929,復華台灣科技優息,30,9,21,群益金鼎-高雄,2024-05-02,9183
00680L,元大美債20正2,50,30,20,群益金鼎-高雄,2024-05-02,9183
00642U,期元大S＆P石油,20,0,20,群益金鼎-高雄,2024-05-02,9183
00632R,元大台灣50反1,20,0,20,群益金鼎-高雄,2024-05-02,9183
2610,華航,41,21,20,群益金鼎-高雄,2024-05-02,9183
2330,台積電,22,2,20,群益金鼎-高雄,2024-05-02,9183
3041,揚智,21,2,19,群益金鼎-高雄,2024-05-02,9183
3188,鑫龍騰,23,4,19,群益金鼎-高雄,2024-05-02,9183
2303,聯電,18,0,18,群益金鼎-高雄,2024-05-02,9183
3013,晟銘電,73,56,17,群益金鼎-高雄,2024-05-02,9183
2887,台新金,16,0,16,群益金鼎-高雄,2024-05-02,9183
3306,鼎天,17,2,15,群益金鼎-高雄,2024-05-02,9183
3483,力致,19,4,15,群益金鼎-高雄,2024-05-02,9183
2739,寒舍,26,12,14,群益金鼎-高雄,2024-05-02,9183
00679B,元大美債20年,15,2,13,群益金鼎-高雄,2024-05-02,9183
1608,華榮,35,23,12,群益金鼎-高雄,2024-05-02,9183
2337,旺宏,19,7,12,群益金鼎-高雄,2024-05-02,9183
2324,仁寶,13,2,11,群益金鼎-高雄,2024-05-02,9183
6177,達麗,43,33,10,群益金鼎-高雄,2024-05-02,9183
1513,中興電,13,3,10,群益金鼎-高雄,2024-05-02,9183
0050,元大台灣50,10,0,10,群益金鼎-高雄,2024-05-02,9183
00687B,國泰20年美債,10,0,10,群益金鼎-高雄,2024-05-02,9183
00715L,期街口布蘭特正2,22,12,10,群益金鼎-高雄,2024-05-02,9183
1808,潤隆,15,5,10,群益金鼎-高雄,2024-05-02,9183
2323,中環,13,3,10,群益金鼎-高雄,2024-05-02,9183
2705,六福,27,17,10,群益金鼎-高雄,2024-05-02,9183
5371,中光電,14,4,10,群益金鼎-高雄,2024-05-02,9183
00733,富邦臺灣中小,97,88,9,群益金鼎-高雄,2024-05-02,9183
5475,德宏,9,0,9,群益金鼎-高雄,2024-05-02,9183
6239,力成,11,2,9,群益金鼎-高雄,2024-05-02,9183
00712,復華富時不動產,11,3,8,群益金鼎-高雄,2024-05-02,9183
6770,力積電,18,10,8,群益金鼎-高雄,2024-05-02,9183
1618,合機,13,5,8,群益金鼎-高雄,2024-05-02,9183
00937B,群益ESG投等債20,387,0,387,群益金鼎-高雄,2024-05-03,9183
00679B,元大美債20年,89,20,69,群益金鼎-高雄,2024-05-03,9183
9105,泰金寶-DR,60,0,60,群益金鼎-高雄,2024-05-03,9183
6770,力積電,95,37,58,群益金鼎-高雄,2024-05-03,9183
00687B,國泰20年美債,57,0,57,群益金鼎-高雄,2024-05-03,9183
2492,華新科,57,2,55,群益金鼎-高雄,2024-05-03,9183
2344,華邦電,55,0,55,群益金鼎-高雄,2024-05-03,9183
2104,國際中橡,46,0,46,群益金鼎-高雄,2024-05-03,9183
9933,中鼎,88,44,44,群益金鼎-高雄,2024-05-03,9183
00929,復華台灣科技優息,96,66,30,群益金鼎-高雄,2024-05-03,9183
2449,京元電子,34,5,29,群益金鼎-高雄,2024-05-03,9183
4720,德淵,29,0,29,群益金鼎-高雄,2024-05-03,9183
00940,元大台灣價值高息,43,15,28,群益金鼎-高雄,2024-05-03,9183
1316,上曜,45,18,27,群益金鼎-高雄,2024-05-03,9183
00740B,富邦全球投等債,26,0,26,群益金鼎-高雄,2024-05-03,9183
2323,中環,42,16,26,群益金鼎-高雄,2024-05-03,9183
2365,昆盈,25,0,25,群益金鼎-高雄,2024-05-03,9183
2511,太子,32,7,25,群益金鼎-高雄,2024-05-03,9183
6180,橘子,30,5,25,群益金鼎-高雄,2024-05-03,9183
2634,漢翔,30,6,24,群益金鼎-高雄,2024-05-03,9183
6269,台郡,33,9,24,群益金鼎-高雄,2024-05-03,9183
8454,富邦媒,23,0,23,群益金鼎-高雄,2024-05-03,9183
00941,中信上游半導體,21,0,21,群益金鼎-高雄,2024-05-03,9183
00892,富邦台灣半導體,20,0,20,群益金鼎-高雄,2024-05-03,9183
1305,華夏,20,0,20,群益金鼎-高雄,2024-05-03,9183
8096,擎亞,99,81,18,群益金鼎-高雄,2024-05-03,9183
00882,中信中國高股息,16,0,16,群益金鼎-高雄,2024-05-03,9183
00919,群益台灣精選高息,21,6,15,群益金鼎-高雄,2024-05-03,9183
2376,技嘉,13,0,13,群益金鼎-高雄,2024-05-03,9183
2527,宏璟,24,11,13,群益金鼎-高雄,2024-05-03,9183
3038,全台,13,0,13,群益金鼎-高雄,2024-05-03,9183
00878,國泰永續高股息,18,5,13,群益金鼎-高雄,2024-05-03,9183
2363,矽統,79,67,12,群益金鼎-高雄,2024-05-03,9183
2610,華航,24,12,12,群益金鼎-高雄,2024-05-03,9183
1815,富喬,12,1,11,群益金鼎-高雄,2024-05-03,9183
2029,盛餘,11,0,11,群益金鼎-高雄,2024-05-03,9183
2547,日勝生,14,3,11,群益金鼎-高雄,2024-05-03,9183
4529,淳紳,11,0,11,群益金鼎-高雄,2024-05-03,9183
6282,康舒,11,0,11,群益金鼎-高雄,2024-05-03,9183
8936,國統,19,8,11,群益金鼎-高雄,2024-05-03,9183
1609,大亞,24,14,10,群益金鼎-高雄,2024-05-03,9183
3466,德晉,21,11,10,群益金鼎-高雄,2024-05-03,9183
3483,力致,10,0,10,群益金鼎-高雄,2024-05-03,9183
3706,神達,19,9,10,群益金鼎-高雄,2024-05-03,9183
4532,瑞智,10,0,10,群益金鼎-高雄,2024-05-03,9183
6140,訊達,10,0,10,群益金鼎-高雄,2024-05-03,9183
6190,萬泰科,11,1,10,群益金鼎-高雄,2024-05-03,9183
1217,愛之味,10,0,10,群益金鼎-高雄,2024-05-03,9183
2408,南亞科,9,0,9,群益金鼎-高雄,2024-05-03,9183
6285,啟��,10,1,9,群益金鼎-高雄,2024-05-03,9183
00932,兆豐永續高息等權,333,0,333,群益金鼎-高雄,2024-05-06,9183
2301,光寶科,264,6,258,群益金鼎-高雄,2024-05-06,9183
9945,潤泰新,164,9,155,群益金鼎-高雄,2024-05-06,9183
00679B,元大美債20年,103,5,98,群益金鼎-高雄,2024-05-06,9183
4967,十銓,65,25,40,群益金鼎-高雄,2024-05-06,9183
1101,台泥,52,13,39,群益金鼎-高雄,2024-05-06,9183
3062,建漢,38,2,36,群益金鼎-高雄,2024-05-06,9183
2409,友達,41,13,28,群益金鼎-高雄,2024-05-06,9183
1314,中石化,41,15,26,群益金鼎-高雄,2024-05-06,9183
1316,上曜,36,10,26,群益金鼎-高雄,2024-05-06,9183
3339,泰谷,27,3,24,群益金鼎-高雄,2024-05-06,9183
2501,國建,42,20,22,群益金鼎-高雄,2024-05-06,9183
3163,波若威,37,15,22,群益金鼎-高雄,2024-05-06,9183
5512,力麒,25,3,22,群益金鼎-高雄,2024-05-06,9183
2352,佳世達,25,4,21,群益金鼎-高雄,2024-05-06,9183
00712,復華富時不動產,21,0,21,群益金鼎-高雄,2024-05-06,9183
2888,新光金,148,127,21,群益金鼎-高雄,2024-05-06,9183
8112,至上,28,7,21,群益金鼎-高雄,2024-05-06,9183
3284,太普高,20,0,20,群益金鼎-高雄,2024-05-06,9183
5905,南仁湖,20,0,20,群益金鼎-高雄,2024-05-06,9183
8092,建暐,20,3,17,群益金鼎-高雄,2024-05-06,9183
2449,京元電子,37,21,16,群益金鼎-高雄,2024-05-06,9183
3466,德晉,26,10,16,群益金鼎-高雄,2024-05-06,9183
8086,宏捷科,16,0,16,群益金鼎-高雄,2024-05-06,9183
00929,復華台灣科技優息,19,3,16,群益金鼎-高雄,2024-05-06,9183
2371,大同,24,10,14,群益金鼎-高雄,2024-05-06,9183
1532,勤美,25,11,14,群益金鼎-高雄,2024-05-06,9183
3312,弘憶股,31,17,14,群益金鼎-高雄,2024-05-06,9183
2009,第一銅,17,5,12,群益金鼎-高雄,2024-05-06,9183
2538,基泰,43,31,12,群益金鼎-高雄,2024-05-06,9183
3260,威剛,17,5,12,群益金鼎-高雄,2024-05-06,9183
00878,國泰永續高股息,16,4,12,群益金鼎-高雄,2024-05-06,9183
00764B,群益25年美債,10,0,10,群益金鼎-高雄,2024-05-06,9183
2104,國際中橡,10,0,10,群益金鼎-高雄,2024-05-06,9183
3055,蔚華科,15,5,10,群益金鼎-高雄,2024-05-06,9183
3230,錦明,10,0,10,群益金鼎-高雄,2024-05-06,9183
4707,磐亞,10,0,10,群益金鼎-高雄,2024-05-06,9183
5202,力新,10,0,10,群益金鼎-高雄,2024-05-06,9183
8039,台虹,10,0,10,群益金鼎-高雄,2024-05-06,9183
9103,美德醫療-DR,10,0,10,群益金鼎-高雄,2024-05-06,9183
2323,中環,110,100,10,群益金鼎-高雄,2024-05-06,9183
3024,憶聲,14,4,10,群益金鼎-高雄,2024-05-06,9183
4714,永捷,11,2,9,群益金鼎-高雄,2024-05-06,9183
2014,中鴻,10,1,9,群益金鼎-高雄,2024-05-06,9183
6125,廣運,15,6,9,群益金鼎-高雄,2024-05-06,9183
3356,奇偶,16,7,9,群益金鼎-高雄,2024-05-06,9183
2543,皇昌,16,7,9,群益金鼎-高雄,2024-05-06,9183
1605,華新,9,1,8,群益金鼎-高雄,2024-05-06,9183
2101,南港,12,4,8,群益金鼎-高雄,2024-05-06,9183
3481,群創,14,6,8,群益金鼎-高雄,2024-05-06,9183
00937B,群益ESG投等債20,335,14,321,群益金鼎-高雄,2024-05-07,9183
2101,南港,205,3,202,群益金鼎-高雄,2024-05-07,9183
6290,良維,95,4,91,群益金鼎-高雄,2024-05-07,9183
00878,國泰永續高股息,124,36,88,群益金鼎-高雄,2024-05-07,9183
4933,友輝,75,0,75,群益金鼎-高雄,2024-05-07,9183
00929,復華台灣科技優息,91,18,73,群益金鼎-高雄,2024-05-07,9183
00687B,國泰20年美債,87,16,71,群益金鼎-高雄,2024-05-07,9183
1314,中石化,72,19,53,群益金鼎-高雄,2024-05-07,9183
1609,大亞,71,22,49,群益金鼎-高雄,2024-05-07,9183
00940,元大台灣價值高息,50,6,44,群益金鼎-高雄,2024-05-07,9183
2301,光寶科,47,13,34,群益金鼎-高雄,2024-05-07,9183
2014,中鴻,32,0,32,群益金鼎-高雄,2024-05-07,9183
00891,中信關鍵半導體,30,0,30,群益金鼎-高雄,2024-05-07,9183
00720B,元大投資級公司債,29,0,29,群益金鼎-高雄,2024-05-07,9183
5512,力麒,29,1,28,群益金鼎-高雄,2024-05-07,9183
2365,昆盈,27,0,27,群益金鼎-高雄,2024-05-07,9183
6177,達麗,75,49,26,群益金鼎-高雄,2024-05-07,9183
1815,富喬,28,2,26,群益金鼎-高雄,2024-05-07,9183
3013,晟銘電,73,48,25,群益金鼎-高雄,2024-05-07,9183
8048,德勝,27,4,23,群益金鼎-高雄,2024-05-07,9183
2241,艾姆勒,25,3,22,群益金鼎-高雄,2024-05-07,9183
4714,永捷,22,1,21,群益金鼎-高雄,2024-05-07,9183
2883,凱基金,21,0,21,群益金鼎-高雄,2024-05-07,9183
2442,新美齊,22,2,20,群益金鼎-高雄,2024-05-07,9183
00772B,中信高評級公司債,20,0,20,群益金鼎-高雄,2024-05-07,9183
8438,昶昕,20,0,20,群益金鼎-高雄,2024-05-07,9183
2352,佳世達,19,1,18,群益金鼎-高雄,2024-05-07,9183
2317,鴻海,65,49,16,群益金鼎-高雄,2024-05-07,9183
2888,新光金,71,57,14,群益金鼎-高雄,2024-05-07,9183
6120,達運,14,0,14,群益金鼎-高雄,2024-05-07,9183
2884,玉山金,16,2,14,群益金鼎-高雄,2024-05-07,9183
1617,榮星,13,0,13,群益金鼎-高雄,2024-05-07,9183
2537,聯上發,16,3,13,群益金鼎-高雄,2024-05-07,9183
2359,所羅門,19,6,13,群益金鼎-高雄,2024-05-07,9183
5871,中租-KY,12,0,12,群益金鼎-高雄,2024-05-07,9183
1513,中興電,13,1,12,群益金鼎-高雄,2024-05-07,9183
1605,華新,11,0,11,群益金鼎-高雄,2024-05-07,9183
9933,中鼎,11,0,11,群益金鼎-高雄,2024-05-07,9183
2348,海悅,11,0,11,群益金鼎-高雄,2024-05-07,9183
9958,世紀鋼,11,1,10,群益金鼎-高雄,2024-05-07,9183
00632R,元大台灣50反1,10,0,10,群益金鼎-高雄,2024-05-07,9183
00631L,元大台灣50正2,10,0,10,群益金鼎-高雄,2024-05-07,9183
00715L,期街口布蘭特正2,10,0,10,群益金鼎-高雄,2024-05-07,9183
1218,泰山,10,0,10,群益金鼎-高雄,2024-05-07,9183
2547,日勝生,10,0,10,群益金鼎-高雄,2024-05-07,9183
2867,三商壽,10,0,10,群益金鼎-高雄,2024-05-07,9183
5388,中磊,10,0,10,群益金鼎-高雄,2024-05-07,9183
8064,東捷,11,1,10,群益金鼎-高雄,2024-05-07,9183
8092,建暐,30,20,10,群益金鼎-高雄,2024-05-07,9183
8234,新漢,19,9,10,群益金鼎-高雄,2024-05-07,9183
00937B,群益ESG投等債20,298,71,227,群益金鼎-高雄,2024-05-08,9183
00940,元大台灣價值高息,195,20,175,群益金鼎-高雄,2024-05-08,9183
9105,泰金寶-DR,146,0,146,群益金鼎-高雄,2024-05-08,9183
2618,長榮航,115,11,104,群益金鼎-高雄,2024-05-08,9183
2382,廣達,116,24,92,群益金鼎-高雄,2024-05-08,9183
5880,合庫金,74,1,73,群益金鼎-高雄,2024-05-08,9183
2611,志信,63,1,62,群益金鼎-高雄,2024-05-08,9183
3515,華擎,51,0,51,群益金鼎-高雄,2024-05-08,9183
5871,中租-KY,51,0,51,群益金鼎-高雄,2024-05-08,9183
2301,光寶科,62,12,50,群益金鼎-高雄,2024-05-08,9183
3231,緯創,61,12,49,群益金鼎-高雄,2024-05-08,9183
9933,中鼎,44,0,44,群益金鼎-高雄,2024-05-08,9183
2356,英業達,45,13,32,群益金鼎-高雄,2024-05-08,9183
5508,永信建,57,26,31,群益金鼎-高雄,2024-05-08,9183
1314,中石化,31,0,31,群益金鼎-高雄,2024-05-08,9183
1608,華榮,30,5,25,群益金鼎-高雄,2024-05-08,9183
2387,精元,35,10,25,群益金鼎-高雄,2024-05-08,9183
3024,憶聲,24,0,24,群益金鼎-高雄,2024-05-08,9183
4714,永捷,21,0,21,群益金鼎-高雄,2024-05-08,9183
6177,達麗,27,6,21,群益金鼎-高雄,2024-05-08,9183
3481,群創,29,9,20,群益金鼎-高雄,2024-05-08,9183
6189,豐藝,24,4,20,群益金鼎-高雄,2024-05-08,9183
5521,工信,18,0,18,群益金鼎-高雄,2024-05-08,9183
2603,長榮,26,8,18,群益金鼎-高雄,2024-05-08,9183
2101,南港,18,1,17,群益金鼎-高雄,2024-05-08,9183
2609,陽明,41,25,16,群益金鼎-高雄,2024-05-08,9183
1218,泰山,14,0,14,群益金鼎-高雄,2024-05-08,9183
8076,伍豐,13,0,13,群益金鼎-高雄,2024-05-08,9183
2882,國泰金,18,5,13,群益金鼎-高雄,2024-05-08,9183
6169,昱泉,12,0,12,群益金鼎-高雄,2024-05-08,9183
6742,澤米,12,0,12,群益金鼎-高雄,2024-05-08,9183
2376,技嘉,27,15,12,群益金鼎-高雄,2024-05-08,9183
4967,十銓,32,21,11,群益金鼎-高雄,2024-05-08,9183
2834,臺企銀,11,0,11,群益金鼎-高雄,2024-05-08,9183
3499,環天科,11,0,11,群益金鼎-高雄,2024-05-08,9183
5608,四維航,15,4,11,群益金鼎-高雄,2024-05-08,9183
1513,中興電,19,9,10,群益金鼎-高雄,2024-05-08,9183
00830,國泰費城半導體,10,0,10,群益金鼎-高雄,2024-05-08,9183
3501,維熹,10,0,10,群益金鼎-高雄,2024-05-08,9183
4754,國碳科,10,0,10,群益金鼎-高雄,2024-05-08,9183
4973,廣穎,21,11,10,群益金鼎-高雄,2024-05-08,9183
2374,佳能,32,23,9,群益金鼎-高雄,2024-05-08,9183
2542,興富發,11,2,9,群益金鼎-高雄,2024-05-08,9183
2845,遠東銀,9,0,9,群益金鼎-高雄,2024-05-08,9183
00929,復華台灣科技優息,142,133,9,群益金鼎-高雄,2024-05-08,9183
2449,京元電子,11,3,8,群益金鼎-高雄,2024-05-08,9183
3038,全台,8,0,8,群益金鼎-高雄,2024-05-08,9183
3059,華晶科,11,3,8,群益金鼎-高雄,2024-05-08,9183
3338,泰碩,10,2,8,群益金鼎-高雄,2024-05-08,9183
6163,華電網,8,0,8,群益金鼎-高雄,2024-05-08,9183
00687B,國泰20年美債,143,10,133,群益金鼎-高雄,2024-05-09,9183
2524,京城,113,1,112,群益金鼎-高雄,2024-05-09,9183
2618,長榮航,116,11,105,群益金鼎-高雄,2024-05-09,9183
4542,科嶠,100,0,100,群益金鼎-高雄,2024-05-09,9183
00937B,群益ESG投等債20,119,41,78,群益金鼎-高雄,2024-05-09,9183
00679B,元大美債20年,72,0,72,群益金鼎-高雄,2024-05-09,9183
4529,淳紳,71,0,71,群益金鼎-高雄,2024-05-09,9183
2888,新光金,279,209,70,群益金鼎-高雄,2024-05-09,9183
6207,雷科,48,8,40,群益金鼎-高雄,2024-05-09,9183
1314,中石化,37,0,37,群益金鼎-高雄,2024-05-09,9183
1109,信大,35,0,35,群益金鼎-高雄,2024-05-09,9183
2359,所羅門,54,20,34,群益金鼎-高雄,2024-05-09,9183
5230,雷笛克光學,31,0,31,群益金鼎-高雄,2024-05-09,9183
8089,康全電訊,31,1,30,群益金鼎-高雄,2024-05-09,9183
2328,廣宇,30,1,29,群益金鼎-高雄,2024-05-09,9183
6188,廣明,38,15,23,群益金鼎-高雄,2024-05-09,9183
2382,廣達,28,7,21,群益金鼎-高雄,2024-05-09,9183
2029,盛餘,18,0,18,群益金鼎-高雄,2024-05-09,9183
2442,新美齊,18,0,18,群益金鼎-高雄,2024-05-09,9183
2317,鴻海,32,15,17,群益金鼎-高雄,2024-05-09,9183
00915,凱基優選高股息30,17,0,17,群益金鼎-高雄,2024-05-09,9183
1466,聚隆,16,0,16,群益金鼎-高雄,2024-05-09,9183
8936,國統,19,4,15,群益金鼎-高雄,2024-05-09,9183
6142,友勁,14,0,14,群益金鼎-高雄,2024-05-09,9183
2542,興富發,14,1,13,群益金鼎-高雄,2024-05-09,9183
6125,廣運,18,5,13,群益金鼎-高雄,2024-05-09,9183
2880,華南金,14,1,13,群益金鼎-高雄,2024-05-09,9183
8112,至上,24,12,12,群益金鼎-高雄,2024-05-09,9183
00680L,元大美債20正2,12,0,12,群益金鼎-高雄,2024-05-09,9183
1721,三晃,13,1,12,群益金鼎-高雄,2024-05-09,9183
2515,中工,12,0,12,群益金鼎-高雄,2024-05-09,9183
6116,彩晶,12,0,12,群益金鼎-高雄,2024-05-09,9183
6257,矽格,12,0,12,群益金鼎-高雄,2024-05-09,9183
1710,東聯,12,0,12,群益金鼎-高雄,2024-05-09,9183
2002,中鋼,12,0,12,群益金鼎-高雄,2024-05-09,9183
5871,中租-KY,13,1,12,群益金鼎-高雄,2024-05-09,9183
6005,群益證,14,3,11,群益金鼎-高雄,2024-05-09,9183
3481,群創,34,23,11,群益金鼎-高雄,2024-05-09,9183
2834,臺企銀,14,3,11,群益金鼎-高雄,2024-05-09,9183
2887,台新金,11,0,11,群益金鼎-高雄,2024-05-09,9183
6197,佳必琪,16,5,11,群益金鼎-高雄,2024-05-09,9183
6282,康舒,15,4,11,群益金鼎-高雄,2024-05-09,9183
2201,裕隆,14,4,10,群益金鼎-高雄,2024-05-09,9183
00892,富邦台灣半導體,10,0,10,群益金鼎-高雄,2024-05-09,9183
00632R,元大台灣50反1,10,0,10,群益金鼎-高雄,2024-05-09,9183
1316,上曜,10,0,10,群益金鼎-高雄,2024-05-09,9183
1909,榮成,10,0,10,群益金鼎-高雄,2024-05-09,9183
2008,高興昌,10,0,10,群益金鼎-高雄,2024-05-09,9183
2363,矽統,41,31,10,群益金鼎-高雄,2024-05-09,9183
2704,國賓,13,3,10,群益金鼎-高雄,2024-05-09,9183
00946,群益科技高息成長,1686,13,1673,群益金鼎-高雄,2024-05-10,9183
00919,群益台灣精選高息,628,7,621,群益金鼎-高雄,2024-05-10,9183
00937B,群益ESG投等債20,405,91,314,群益金鼎-高雄,2024-05-10,9183
00929,復華台灣科技優息,211,2,209,群益金鼎-高雄,2024-05-10,9183
00632R,元大台灣50反1,205,0,205,群益金鼎-高雄,2024-05-10,9183
00712,復華富時不動產,72,0,72,群益金鼎-高雄,2024-05-10,9183
4720,德淵,66,0,66,群益金鼎-高雄,2024-05-10,9183
2344,華邦電,68,11,57,群益金鼎-高雄,2024-05-10,9183
3576,聯合再生,33,1,32,群益金鼎-高雄,2024-05-10,9183
2323,中環,32,2,30,群益金鼎-高雄,2024-05-10,9183
2618,長榮航,138,108,30,群益金鼎-高雄,2024-05-10,9183
3356,奇偶,73,44,29,群益金鼎-高雄,2024-05-10,9183
2409,友達,28,1,27,群益金鼎-高雄,2024-05-10,9183
2313,華通,40,14,26,群益金鼎-高雄,2024-05-10,9183
1409,新纖,24,0,24,群益金鼎-高雄,2024-05-10,9183
2208,台船,22,0,22,群益金鼎-高雄,2024-05-10,9183
4903,聯光通,21,2,19,群益金鼎-高雄,2024-05-10,9183
2317,鴻海,41,22,19,群益金鼎-高雄,2024-05-10,9183
2834,臺企銀,20,2,18,群益金鼎-高雄,2024-05-10,9183
3706,神達,33,16,17,群益金鼎-高雄,2024-05-10,9183
2352,佳世達,20,4,16,群益金鼎-高雄,2024-05-10,9183
2442,新美齊,17,1,16,群益金鼎-高雄,2024-05-10,9183
4714,永捷,15,0,15,群益金鼎-高雄,2024-05-10,9183
1316,上曜,15,1,14,群益金鼎-高雄,2024-05-10,9183
9105,泰金寶-DR,13,0,13,群益金鼎-高雄,2024-05-10,9183
00900,富邦特選高股息30,20,8,12,群益金鼎-高雄,2024-05-10,9183
5340,建榮,12,0,12,群益金鼎-高雄,2024-05-10,9183
6290,良維,14,2,12,群益金鼎-高雄,2024-05-10,9183
2886,兆豐金,15,3,12,群益金鼎-高雄,2024-05-10,9183
6177,達麗,12,1,11,群益金鼎-高雄,2024-05-10,9183
3402,漢科,11,0,11,群益金鼎-高雄,2024-05-10,9183
2762,世界健身-KY,11,0,11,群益金鼎-高雄,2024-05-10,9183
4306,炎洲,10,0,10,群益金鼎-高雄,2024-05-10,9183
00697B,元大美債7-10,10,0,10,群益金鼎-高雄,2024-05-10,9183
1103,嘉泥,10,0,10,群益金鼎-高雄,2024-05-10,9183
2851,中再保,10,0,10,群益金鼎-高雄,2024-05-10,9183
3357,臺慶科,10,0,10,群益金鼎-高雄,2024-05-10,9183
4542,科嶠,10,0,10,群益金鼎-高雄,2024-05-10,9183
4934,太極,10,0,10,群益金鼎-高雄,2024-05-10,9183
4949,有成精密,10,0,10,群益金鼎-高雄,2024-05-10,9183
1786,科妍,11,1,10,群益金鼎-高雄,2024-05-10,9183
5521,工信,10,0,10,群益金鼎-高雄,2024-05-10,9183
3481,群創,23,13,10,群益金鼎-高雄,2024-05-10,9183
00891,中信關鍵半導體,10,1,9,群益金鼎-高雄,2024-05-10,9183
3362,先進光,9,0,9,群益金鼎-高雄,2024-05-10,9183
8112,至上,14,5,9,群益金鼎-高雄,2024-05-10,9183
3036,文曄,17,8,9,群益金鼎-高雄,2024-05-10,9183
4973,廣穎,11,2,9,群益金鼎-高雄,2024-05-10,9183
6449,鈺邦,9,1,8,群益金鼎-高雄,2024-05-10,9183
3083,網龍,8,1,7,群益金鼎-高雄,2024-05-10,9183
00937B,群益ESG投等債20,264,5,259,群益金鼎-高雄,2024-05-13,9183
5871,中租-KY,153,3,150,群益金鼎-高雄,2024-05-13,9183
2867,三商壽,111,9,102,群益金鼎-高雄,2024-05-13,9183
2601,益航,100,0,100,群益金鼎-高雄,2024-05-13,9183
2618,長榮航,125,40,85,群益金鼎-高雄,2024-05-13,9183
00929,復華台灣科技優息,81,5,76,群益金鼎-高雄,2024-05-13,9183
2301,光寶科,52,3,49,群益金鼎-高雄,2024-05-13,9183
6431,光麗-KY,48,0,48,群益金鼎-高雄,2024-05-13,9183
00932,兆豐永續高息等權,36,0,36,群益金鼎-高雄,2024-05-13,9183
2801,彰銀,32,0,32,群益金鼎-高雄,2024-05-13,9183
00773B,中信優先金融債,30,0,30,群益金鼎-高雄,2024-05-13,9183
00715L,期街口布蘭特正2,30,0,30,群益金鼎-高雄,2024-05-13,9183
6668,中揚光,26,0,26,群益金鼎-高雄,2024-05-13,9183
00687B,國泰20年美債,26,0,26,群益金鼎-高雄,2024-05-13,9183
2344,華邦電,22,0,22,群益金鼎-高雄,2024-05-13,9183
1314,中石化,22,2,20,群益金鼎-高雄,2024-05-13,9183
4542,科嶠,20,0,20,群益金鼎-高雄,2024-05-13,9183
6005,群益證,20,0,20,群益金鼎-高雄,2024-05-13,9183
2891,中信金,20,2,18,群益金鼎-高雄,2024-05-13,9183
2641,正德,28,12,16,群益金鼎-高雄,2024-05-13,9183
4967,十銓,19,4,15,群益金鼎-高雄,2024-05-13,9183
00679B,元大美債20年,16,2,14,群益金鼎-高雄,2024-05-13,9183
00720B,元大投資級公司債,13,0,13,群益金鼎-高雄,2024-05-13,9183
2882,國泰金,32,19,13,群益金鼎-高雄,2024-05-13,9183
2367,燿華,64,51,13,群益金鼎-高雄,2024-05-13,9183
00680L,元大美債20正2,12,0,12,群益金鼎-高雄,2024-05-13,9183
00939,統一台灣高息動能,12,0,12,群益金鼎-高雄,2024-05-13,9183
3390,旭軟,12,0,12,群益金鼎-高雄,2024-05-13,9183
00878,國泰永續高股息,32,21,11,群益金鼎-高雄,2024-05-13,9183
2615,萬海,43,33,10,群益金鼎-高雄,2024-05-13,9183
00665L,富邦�琤肭磪囓�2,10,0,10,群益金鼎-高雄,2024-05-13,9183
1806,冠軍,10,0,10,群益金鼎-高雄,2024-05-13,9183
2008,高興昌,10,0,10,群益金鼎-高雄,2024-05-13,9183
2515,中工,10,0,10,群益金鼎-高雄,2024-05-13,9183
4576,大銀微系統,10,0,10,群益金鼎-高雄,2024-05-13,9183
9950,萬國通,10,0,10,群益金鼎-高雄,2024-05-13,9183
2888,新光金,10,0,10,群益金鼎-高雄,2024-05-13,9183
6207,雷科,10,0,10,群益金鼎-高雄,2024-05-13,9183
3231,緯創,19,9,10,群益金鼎-高雄,2024-05-13,9183
00646,元大S＆P500,9,0,9,群益金鼎-高雄,2024-05-13,9183
00933B,國泰10Y+金融債,9,0,9,群益金鼎-高雄,2024-05-13,9183
00712,復華富時不動產,10,1,9,群益金鼎-高雄,2024-05-13,9183
2468,華經,10,1,9,群益金鼎-高雄,2024-05-13,9183
4532,瑞智,10,1,9,群益金鼎-高雄,2024-05-13,9183
4905,台聯電,10,1,9,群益金鼎-高雄,2024-05-13,9183
00692,富邦公司治理,9,0,9,群益金鼎-高雄,2024-05-13,9183
5392,能率,10,2,8,群益金鼎-高雄,2024-05-13,9183
1815,富喬,24,16,8,群益金鼎-高雄,2024-05-13,9183
1616,億泰,8,0,8,群益金鼎-高雄,2024-05-13,9183
2542,興富發,8,0,8,群益金鼎-高雄,2024-05-13,9183
00679B,元大美債20年,343,40,303,群益金鼎-高雄,2024-05-14,9183
2371,大同,114,13,101,群益金鼎-高雄,2024-05-14,9183
00946,群益科技高息成長,358,258,100,群益金鼎-高雄,2024-05-14,9183
00940,元大台灣價值高息,109,17,92,群益金鼎-高雄,2024-05-14,9183
00929,復華台灣科技優息,104,18,86,群益金鼎-高雄,2024-05-14,9183
00680L,元大美債20正2,72,0,72,群益金鼎-高雄,2024-05-14,9183
2323,中環,54,0,54,群益金鼎-高雄,2024-05-14,9183
6269,台郡,56,2,54,群益金鼎-高雄,2024-05-14,9183
9105,泰金寶-DR,60,12,48,群益金鼎-高雄,2024-05-14,9183
2317,鴻海,69,23,46,群益金鼎-高雄,2024-05-14,9183
00665L,富邦�琤肭磪囓�2,45,0,45,群益金鼎-高雄,2024-05-14,9183
00933B,國泰10Y+金融債,58,15,43,群益金鼎-高雄,2024-05-14,9183
1314,中石化,41,0,41,群益金鼎-高雄,2024-05-14,9183
8092,建暐,42,1,41,群益金鼎-高雄,2024-05-14,9183
2356,英業達,77,38,39,群益金鼎-高雄,2024-05-14,9183
2618,長榮航,76,39,37,群益金鼎-高雄,2024-05-14,9183
00878,國泰永續高股息,39,4,35,群益金鼎-高雄,2024-05-14,9183
6431,光麗-KY,32,0,32,群益金鼎-高雄,2024-05-14,9183
3268,海德威,40,9,31,群益金鼎-高雄,2024-05-14,9183
3284,太普高,30,0,30,群益金鼎-高雄,2024-05-14,9183
6189,豐藝,30,0,30,群益金鼎-高雄,2024-05-14,9183
3231,緯創,42,14,28,群益金鼎-高雄,2024-05-14,9183
9945,潤泰新,32,4,28,群益金鼎-高雄,2024-05-14,9183
3024,憶聲,26,0,26,群益金鼎-高雄,2024-05-14,9183
1618,合機,28,4,24,群益金鼎-高雄,2024-05-14,9183
00632R,元大台灣50反1,24,0,24,群益金鼎-高雄,2024-05-14,9183
2206,三陽工業,24,0,24,群益金鼎-高雄,2024-05-14,9183
8131,福懋科,21,0,21,群益金鼎-高雄,2024-05-14,9183
2867,三商壽,21,1,20,群益金鼎-高雄,2024-05-14,9183
3230,錦明,20,0,20,群益金鼎-高雄,2024-05-14,9183
6757,台灣虎航,20,0,20,群益金鼎-高雄,2024-05-14,9183
2801,彰銀,18,0,18,群益金鼎-高雄,2024-05-14,9183
2881,富邦金,16,0,16,群益金鼎-高雄,2024-05-14,9183
6807,峰源-KY,16,0,16,群益金鼎-高雄,2024-05-14,9183
00633L,富邦上証正2,15,0,15,群益金鼎-高雄,2024-05-14,9183
00722B,群益投資級電信債,15,0,15,群益金鼎-高雄,2024-05-14,9183
2353,宏��,67,52,15,群益金鼎-高雄,2024-05-14,9183
3362,先進光,16,1,15,群益金鼎-高雄,2024-05-14,9183
4905,台聯電,16,1,15,群益金鼎-高雄,2024-05-14,9183
2374,佳能,49,35,14,群益金鼎-高雄,2024-05-14,9183
3060,銘異,15,1,14,群益金鼎-高雄,2024-05-14,9183
1513,中興電,15,2,13,群益金鼎-高雄,2024-05-14,9183
2449,京元電子,13,0,13,群益金鼎-高雄,2024-05-14,9183
6177,達麗,19,6,13,群益金鼎-高雄,2024-05-14,9183
00919,群益台灣精選高息,17,5,12,群益金鼎-高雄,2024-05-14,9183
00720B,元大投資級公司債,12,0,12,群益金鼎-高雄,2024-05-14,9183
1218,泰山,12,0,12,群益金鼎-高雄,2024-05-14,9183
2303,聯電,22,10,12,群益金鼎-高雄,2024-05-14,9183
2348,海悅,20,8,12,群益金鼎-高雄,2024-05-14,9183
9934,成霖,14,2,12,群益金鼎-高雄,2024-05-14,9183
00937B,群益ESG投等債20,363,50,313,群益金鼎-高雄,2024-05-15,9183
00929,復華台灣科技優息,386,161,225,群益金鼎-高雄,2024-05-15,9183
00712,復華富時不動產,205,0,205,群益金鼎-高雄,2024-05-15,9183
00632R,元大台灣50反1,215,42,173,群益金鼎-高雄,2024-05-15,9183
00946,群益科技高息成長,636,503,133,群益金鼎-高雄,2024-05-15,9183
2886,兆豐金,130,1,129,群益金鼎-高雄,2024-05-15,9183
00687B,國泰20年美債,116,7,109,群益金鼎-高雄,2024-05-15,9183
3548,兆利,85,17,68,群益金鼎-高雄,2024-05-15,9183
00931B,統一美債20年,122,62,60,群益金鼎-高雄,2024-05-15,9183
00688L,國泰20年美債正2,100,50,50,群益金鼎-高雄,2024-05-15,9183
00933B,國泰10Y+金融債,40,0,40,群益金鼎-高雄,2024-05-15,9183
2618,長榮航,83,44,39,群益金鼎-高雄,2024-05-15,9183
9945,潤泰新,66,29,37,群益金鼎-高雄,2024-05-15,9183
9904,寶成,36,0,36,群益金鼎-高雄,2024-05-15,9183
1609,大亞,39,6,33,群益金鼎-高雄,2024-05-15,9183
00919,群益台灣精選高息,31,0,31,群益金鼎-高雄,2024-05-15,9183
2605,新興,42,12,30,群益金鼎-高雄,2024-05-15,9183
8087,麗升能源,27,0,27,群益金鼎-高雄,2024-05-15,9183
2362,藍天,40,14,26,群益金鼎-高雄,2024-05-15,9183
8086,宏捷科,25,0,25,群益金鼎-高雄,2024-05-15,9183
3498,陽程,24,0,24,群益金鼎-高雄,2024-05-15,9183
3362,先進光,24,0,24,群益金鼎-高雄,2024-05-15,9183
2401,凌陽,21,0,21,群益金鼎-高雄,2024-05-15,9183
5512,力麒,20,0,20,群益金鼎-高雄,2024-05-15,9183
2208,台船,18,0,18,群益金鼎-高雄,2024-05-15,9183
2603,長榮,28,11,17,群益金鼎-高雄,2024-05-15,9183
00730,富邦臺灣優質高息,15,0,15,群益金鼎-高雄,2024-05-15,9183
3490,單井,15,0,15,群益金鼎-高雄,2024-05-15,9183
2406,國碩,19,5,14,群益金鼎-高雄,2024-05-15,9183
2542,興富發,15,2,13,群益金鼎-高雄,2024-05-15,9183
6548,長科*,13,0,13,群益金鼎-高雄,2024-05-15,9183
5871,中租-KY,13,1,12,群益金鼎-高雄,2024-05-15,9183
2376,技嘉,20,8,12,群益金鼎-高雄,2024-05-15,9183
00724B,群益投資級金融債,11,0,11,群益金鼎-高雄,2024-05-15,9183
8048,德勝,17,6,11,群益金鼎-高雄,2024-05-15,9183
00882,中信中國高股息,13,3,10,群益金鼎-高雄,2024-05-15,9183
3031,佰鴻,10,0,10,群益金鼎-高雄,2024-05-15,9183
4414,如興,10,0,10,群益金鼎-高雄,2024-05-15,9183
4533,協易機,16,6,10,群益金鼎-高雄,2024-05-15,9183
5469,瀚宇博,17,7,10,群益金鼎-高雄,2024-05-15,9183
2323,中環,29,20,9,群益金鼎-高雄,2024-05-15,9183
2352,佳世達,9,0,9,群益金鼎-高雄,2024-05-15,9183
2617,台航,11,2,9,群益金鼎-高雄,2024-05-15,9183
5493,三聯,9,0,9,群益金鼎-高雄,2024-05-15,9183
6431,光麗-KY,9,0,9,群益金鼎-高雄,2024-05-15,9183
3035,智原,59,51,8,群益金鼎-高雄,2024-05-15,9183
1109,信大,8,0,8,群益金鼎-高雄,2024-05-15,9183
3049,精金,38,30,8,群益金鼎-高雄,2024-05-15,9183
4743,合一,13,5,8,群益金鼎-高雄,2024-05-15,9183
8299,群聯,8,0,8,群益金鼎-高雄,2024-05-15,9183
00937B,群益ESG投等債20,1768,181,1587,群益金鼎-高雄,2024-05-16,9183
00680L,元大美債20正2,520,290,230,群益金鼎-高雄,2024-05-16,9183
9105,泰金寶-DR,200,3,197,群益金鼎-高雄,2024-05-16,9183
00632R,元大台灣50反1,188,0,188,群益金鼎-高雄,2024-05-16,9183
3024,憶聲,73,2,71,群益金鼎-高雄,2024-05-16,9183
00679B,元大美債20年,120,54,66,群益金鼎-高雄,2024-05-16,9183
2362,藍天,118,61,57,群益金鼎-高雄,2024-05-16,9183
3673,TPK-KY,50,0,50,群益金鼎-高雄,2024-05-16,9183
2356,英業達,50,5,45,群益金鼎-高雄,2024-05-16,9183
1109,信大,40,0,40,群益金鼎-高雄,2024-05-16,9183
3231,緯創,49,9,40,群益金鼎-高雄,2024-05-16,9183
2301,光寶科,41,3,38,群益金鼎-高雄,2024-05-16,9183
2923,鼎固-KY,35,0,35,群益金鼎-高雄,2024-05-16,9183
8087,麗升能源,33,0,33,群益金鼎-高雄,2024-05-16,9183
2382,廣達,65,32,33,群益金鼎-高雄,2024-05-16,9183
6431,光麗-KY,23,0,23,群益金鼎-高雄,2024-05-16,9183
4952,凌通,21,1,20,群益金鼎-高雄,2024-05-16,9183
2317,鴻海,73,56,17,群益金鼎-高雄,2024-05-16,9183
1514,亞力,17,2,15,群益金鼎-高雄,2024-05-16,9183
2329,華泰,24,9,15,群益金鼎-高雄,2024-05-16,9183
5351,鈺創,39,25,14,群益金鼎-高雄,2024-05-16,9183
6285,啟��,23,9,14,群益金鼎-高雄,2024-05-16,9183
2031,新光鋼,11,0,11,群益金鼎-高雄,2024-05-16,9183
8069,元太,13,2,11,群益金鼎-高雄,2024-05-16,9183
3031,佰鴻,10,0,10,群益金鼎-高雄,2024-05-16,9183
3551,世禾,10,0,10,群益金鼎-高雄,2024-05-16,9183
3706,神達,19,9,10,群益金鼎-高雄,2024-05-16,9183
5905,南仁湖,10,0,10,群益金鼎-高雄,2024-05-16,9183
6128,上福,10,0,10,群益金鼎-高雄,2024-05-16,9183
6190,萬泰科,11,1,10,群益金鼎-高雄,2024-05-16,9183
8092,建暐,10,0,10,群益金鼎-高雄,2024-05-16,9183
4904,遠傳,10,0,10,群益金鼎-高雄,2024-05-16,9183
8046,南電,10,1,9,群益金鼎-高雄,2024-05-16,9183
1319,東陽,15,6,9,群益金鼎-高雄,2024-05-16,9183
1785,光洋科,11,2,9,群益金鼎-高雄,2024-05-16,9183
2349,錸德,10,1,9,群益金鼎-高雄,2024-05-16,9183
1466,聚隆,8,0,8,群益金鼎-高雄,2024-05-16,9183
1591,駿吉-KY,9,1,8,群益金鼎-高雄,2024-05-16,9183
3002,歐格,8,0,8,群益金鼎-高雄,2024-05-16,9183
8096,擎亞,37,29,8,群益金鼎-高雄,2024-05-16,9183
00918,大華優利高填息30,7,0,7,群益金鼎-高雄,2024-05-16,9183
00631L,元大台灣50正2,7,0,7,群益金鼎-高雄,2024-05-16,9183
1522,堤維西,10,3,7,群益金鼎-高雄,2024-05-16,9183
8131,福懋科,7,0,7,群益金鼎-高雄,2024-05-16,9183
5234,達興材料,10,3,7,群益金鼎-高雄,2024-05-16,9183
3693,營邦,12,6,6,群益金鼎-高雄,2024-05-16,9183
2515,中工,12,6,6,群益金鼎-高雄,2024-05-16,9183
3484,崧騰,6,0,6,群益金鼎-高雄,2024-05-16,9183
4542,科嶠,6,0,6,群益金鼎-高雄,2024-05-16,9183
00712,復華富時不動產,5,0,5,群益金鼎-高雄,2024-05-16,9183
2867,三商壽,261,24,237,群益金鼎-高雄,2024-05-17,9183
00929,復華台灣科技優息,209,40,169,群益金鼎-高雄,2024-05-17,9183
00688L,國泰20年美債正2,60,0,60,群益金鼎-高雄,2024-05-17,9183
00687B,國泰20年美債,48,0,48,群益金鼎-高雄,2024-05-17,9183
2349,錸德,47,0,47,群益金鼎-高雄,2024-05-17,9183
6592,和潤企業,44,0,44,群益金鼎-高雄,2024-05-17,9183
2409,友達,42,0,42,群益金鼎-高雄,2024-05-17,9183
6116,彩晶,47,6,41,群益金鼎-高雄,2024-05-17,9183
2362,藍天,69,28,41,群益金鼎-高雄,2024-05-17,9183
2329,華泰,32,0,32,群益金鼎-高雄,2024-05-17,9183
4532,瑞智,40,11,29,群益金鼎-高雄,2024-05-17,9183
2374,佳能,81,54,27,群益金鼎-高雄,2024-05-17,9183
6257,矽格,29,3,26,群益金鼎-高雄,2024-05-17,9183
00946,群益科技高息成長,618,593,25,群益金鼎-高雄,2024-05-17,9183
00690,兆豐藍籌30,28,4,24,群益金鼎-高雄,2024-05-17,9183
1102,亞泥,23,0,23,群益金鼎-高雄,2024-05-17,9183
2489,瑞軒,63,41,22,群益金鼎-高雄,2024-05-17,9183
2029,盛餘,20,0,20,群益金鼎-高雄,2024-05-17,9183
9105,泰金寶-DR,100,80,20,群益金鼎-高雄,2024-05-17,9183
5347,世界,22,2,20,群益金鼎-高雄,2024-05-17,9183
00882,中信中國高股息,19,0,19,群益金鼎-高雄,2024-05-17,9183
2408,南亞科,20,1,19,群益金鼎-高雄,2024-05-17,9183
00918,大華優利高填息30,19,0,19,群益金鼎-高雄,2024-05-17,9183
3312,弘憶股,28,9,19,群益金鼎-高雄,2024-05-17,9183
2607,榮運,30,11,19,群益金鼎-高雄,2024-05-17,9183
2323,中環,30,12,18,群益金鼎-高雄,2024-05-17,9183
3689,湧德,61,43,18,群益金鼎-高雄,2024-05-17,9183
3231,緯創,46,29,17,群益金鼎-高雄,2024-05-17,9183
00937B,群益ESG投等債20,17,0,17,群益金鼎-高雄,2024-05-17,9183
00679B,元大美債20年,16,0,16,群益金鼎-高雄,2024-05-17,9183
3033,威健,39,24,15,群益金鼎-高雄,2024-05-17,9183
2356,英業達,20,5,15,群益金鼎-高雄,2024-05-17,9183
1785,光洋科,13,0,13,群益金鼎-高雄,2024-05-17,9183
3260,威剛,15,2,13,群益金鼎-高雄,2024-05-17,9183
6770,力積電,37,24,13,群益金鼎-高雄,2024-05-17,9183
2344,華邦電,12,0,12,群益金鼎-高雄,2024-05-17,9183
5011,久陽,12,0,12,群益金鼎-高雄,2024-05-17,9183
00665L,富邦�琤肭磪囓�2,36,25,11,群益金鼎-高雄,2024-05-17,9183
2327,國巨,16,5,11,群益金鼎-高雄,2024-05-17,9183
2348,海悅,13,2,11,群益金鼎-高雄,2024-05-17,9183
2605,新興,17,7,10,群益金鼎-高雄,2024-05-17,9183
00722B,群益投資級電信債,10,0,10,群益金鼎-高雄,2024-05-17,9183
2369,菱生,10,0,10,群益金鼎-高雄,2024-05-17,9183
2812,台中銀,10,0,10,群益金鼎-高雄,2024-05-17,9183
3303,岱稜,11,1,10,群益金鼎-高雄,2024-05-17,9183
5243,乙盛-KY,10,0,10,群益金鼎-高雄,2024-05-17,9183
6431,光麗-KY,10,0,10,群益金鼎-高雄,2024-05-17,9183
2603,長榮,34,25,9,群益金鼎-高雄,2024-05-17,9183
00878,國泰永續高股息,31,22,9,群益金鼎-高雄,2024-05-17,9183
2606,裕民,9,0,9,群益金鼎-高雄,2024-05-17,9183
3523,迎輝,300,0,300,群益金鼎-高雄,2024-05-20,9183
2104,國際中橡,210,0,210,群益金鼎-高雄,2024-05-20,9183
00946,群益科技高息成長,745,563,182,群益金鼎-高雄,2024-05-20,9183
00878,國泰永續高股息,163,16,147,群益金鼎-高雄,2024-05-20,9183
00929,復華台灣科技優息,123,4,119,群益金鼎-高雄,2024-05-20,9183
00937B,群益ESG投等債20,104,1,103,群益金鼎-高雄,2024-05-20,9183
3264,欣銓,100,0,100,群益金鼎-高雄,2024-05-20,9183
9105,泰金寶-DR,250,153,97,群益金鼎-高雄,2024-05-20,9183
6443,元晶,100,4,96,群益金鼎-高雄,2024-05-20,9183
2610,華航,132,54,78,群益金鼎-高雄,2024-05-20,9183
6167,久正,59,0,59,群益金鼎-高雄,2024-05-20,9183
6548,長科*,52,0,52,群益金鼎-高雄,2024-05-20,9183
00632R,元大台灣50反1,50,1,49,群益金鼎-高雄,2024-05-20,9183
3049,精金,78,46,32,群益金鼎-高雄,2024-05-20,9183
2030,彰源,30,0,30,群益金鼎-高雄,2024-05-20,9183
9919,康那香,30,0,30,群益金鼎-高雄,2024-05-20,9183
3231,緯創,36,7,29,群益金鼎-高雄,2024-05-20,9183
00934,中信成長高股息,27,0,27,群益金鼎-高雄,2024-05-20,9183
00919,群益台灣精選高息,29,2,27,群益金鼎-高雄,2024-05-20,9183
2618,長榮航,94,69,25,群益金鼎-高雄,2024-05-20,9183
1781,合世,25,0,25,群益金鼎-高雄,2024-05-20,9183
2607,榮運,43,21,22,群益金鼎-高雄,2024-05-20,9183
2367,燿華,110,90,20,群益金鼎-高雄,2024-05-20,9183
00679B,元大美債20年,51,32,19,群益金鼎-高雄,2024-05-20,9183
2442,新美齊,25,6,19,群益金鼎-高雄,2024-05-20,9183
2359,所羅門,56,37,19,群益金鼎-高雄,2024-05-20,9183
00715L,期街口布蘭特正2,15,0,15,群益金鼎-高雄,2024-05-20,9183
2317,鴻海,35,20,15,群益金鼎-高雄,2024-05-20,9183
00857B,永豐20年美公債,14,0,14,群益金鼎-高雄,2024-05-20,9183
5347,世界,19,6,13,群益金鼎-高雄,2024-05-20,9183
00713,元大台灣高息低波,12,0,12,群益金鼎-高雄,2024-05-20,9183
00915,凱基優選高股息30,12,0,12,群益金鼎-高雄,2024-05-20,9183
2382,廣達,22,10,12,群益金鼎-高雄,2024-05-20,9183
5533,皇鼎,11,0,11,群益金鼎-高雄,2024-05-20,9183
8112,至上,11,0,11,群益金鼎-高雄,2024-05-20,9183
2884,玉山金,18,7,11,群益金鼎-高雄,2024-05-20,9183
1524,耿鼎,10,0,10,群益金鼎-高雄,2024-05-20,9183
3362,先進光,10,0,10,群益金鼎-高雄,2024-05-20,9183
3492,長盛,10,0,10,群益金鼎-高雄,2024-05-20,9183
3576,聯合再生,10,0,10,群益金鼎-高雄,2024-05-20,9183
6757,台灣虎航,10,0,10,群益金鼎-高雄,2024-05-20,9183
8071,能率網通,20,11,9,群益金鼎-高雄,2024-05-20,9183
8271,宇瞻,10,1,9,群益金鼎-高雄,2024-05-20,9183
2028,威致,7,0,7,群益金鼎-高雄,2024-05-20,9183
00712,復華富時不動產,10,3,7,群益金鼎-高雄,2024-05-20,9183
2867,三商壽,263,256,7,群益金鼎-高雄,2024-05-20,9183
2330,台積電,11,4,7,群益金鼎-高雄,2024-05-20,9183
2352,佳世達,14,8,6,群益金鼎-高雄,2024-05-20,9183
1304,台聚,6,0,6,群益金鼎-高雄,2024-05-20,9183
6449,鈺邦,7,1,6,群益金鼎-高雄,2024-05-20,9183
8110,華東,206,12,194,群益金鼎-高雄,2024-05-21,9183
3264,欣銓,135,1,134,群益金鼎-高雄,2024-05-21,9183
9105,泰金寶-DR,130,0,130,群益金鼎-高雄,2024-05-21,9183
00937B,群益ESG投等債20,107,0,107,群益金鼎-高雄,2024-05-21,9183
00940,元大台灣價值高息,113,6,107,群益金鼎-高雄,2024-05-21,9183
3535,晶彩科,103,0,103,群益金鼎-高雄,2024-05-21,9183
00665L,富邦�琤肭磪囓�2,71,9,62,群益金鼎-高雄,2024-05-21,9183
2442,新美齊,56,4,52,群益金鼎-高雄,2024-05-21,9183
00632R,元大台灣50反1,50,0,50,群益金鼎-高雄,2024-05-21,9183
9904,寶成,44,6,38,群益金鼎-高雄,2024-05-21,9183
00882,中信中國高股息,30,0,30,群益金鼎-高雄,2024-05-21,9183
1218,泰山,28,0,28,群益金鼎-高雄,2024-05-21,9183
00929,復華台灣科技優息,33,6,27,群益金鼎-高雄,2024-05-21,9183
2611,志信,22,0,22,群益金鼎-高雄,2024-05-21,9183
6770,力積電,22,0,22,群益金鼎-高雄,2024-05-21,9183
00892,富邦台灣半導體,20,0,20,群益金鼎-高雄,2024-05-21,9183
4137,麗豐-KY,20,0,20,群益金鼎-高雄,2024-05-21,9183
6548,長科*,19,0,19,群益金鼎-高雄,2024-05-21,9183
2371,大同,29,11,18,群益金鼎-高雄,2024-05-21,9183
1752,南光,38,20,18,群益金鼎-高雄,2024-05-21,9183
4952,凌通,23,6,17,群益金鼎-高雄,2024-05-21,9183
1304,台聚,17,0,17,群益金鼎-高雄,2024-05-21,9183
5014,建錩,17,0,17,群益金鼎-高雄,2024-05-21,9183
6188,廣明,32,15,17,群益金鼎-高雄,2024-05-21,9183
00680L,元大美債20正2,15,0,15,群益金鼎-高雄,2024-05-21,9183
1109,信大,15,0,15,群益金鼎-高雄,2024-05-21,9183
1319,東陽,18,3,15,群益金鼎-高雄,2024-05-21,9183
1605,華新,73,58,15,群益金鼎-高雄,2024-05-21,9183
2409,友達,16,1,15,群益金鼎-高雄,2024-05-21,9183
2317,鴻海,27,13,14,群益金鼎-高雄,2024-05-21,9183
4532,瑞智,14,0,14,群益金鼎-高雄,2024-05-21,9183
2851,中再保,13,0,13,群益金鼎-高雄,2024-05-21,9183
3049,精金,18,5,13,群益金鼎-高雄,2024-05-21,9183
6431,光麗-KY,13,0,13,群益金鼎-高雄,2024-05-21,9183
2103,台橡,13,0,13,群益金鼎-高雄,2024-05-21,9183
00713,元大台灣高息低波,12,0,12,群益金鼎-高雄,2024-05-21,9183
2882,國泰金,21,9,12,群益金鼎-高雄,2024-05-21,9183
2887,台新金,12,0,12,群益金鼎-高雄,2024-05-21,9183
6257,矽格,12,0,12,群益金鼎-高雄,2024-05-21,9183
2607,榮運,12,1,11,群益金鼎-高雄,2024-05-21,9183
00772B,中信高評級公司債,11,0,11,群益金鼎-高雄,2024-05-21,9183
00712,復華富時不動產,11,0,11,群益金鼎-高雄,2024-05-21,9183
8112,至上,12,1,11,群益金鼎-高雄,2024-05-21,9183
4549,桓達,13,2,11,群益金鼎-高雄,2024-05-21,9183
00946,群益科技高息成長,590,580,10,群益金鼎-高雄,2024-05-21,9183
00722B,群益投資級電信債,10,0,10,群益金鼎-高雄,2024-05-21,9183
00773B,中信優先金融債,10,0,10,群益金鼎-高雄,2024-05-21,9183
1527,鑽全,10,0,10,群益金鼎-高雄,2024-05-21,9183
2030,彰源,10,0,10,群益金鼎-高雄,2024-05-21,9183
2104,國際中橡,10,0,10,群益金鼎-高雄,2024-05-21,9183
00753L,中信中國50正2,112,0,112,群益金鼎-高雄,2024-05-22,9183
00937B,群益ESG投等債20,108,20,88,群益金鼎-高雄,2024-05-22,9183
8104,錸寶,77,1,76,群益金鼎-高雄,2024-05-22,9183
2022,聚亨,72,0,72,群益金鼎-高雄,2024-05-22,9183
2881,富邦金,51,0,51,群益金鼎-高雄,2024-05-22,9183
3673,TPK-KY,80,31,49,群益金鼎-高雄,2024-05-22,9183
6901,鑽石投資,48,5,43,群益金鼎-高雄,2024-05-22,9183
2017,官田鋼,51,9,42,群益金鼎-高雄,2024-05-22,9183
2611,志信,42,0,42,群益金鼎-高雄,2024-05-22,9183
2882,國泰金,54,13,41,群益金鼎-高雄,2024-05-22,9183
2002,中鋼,39,0,39,群益金鼎-高雄,2024-05-22,9183
3013,晟銘電,81,50,31,群益金鼎-高雄,2024-05-22,9183
00632R,元大台灣50反1,31,0,31,群益金鼎-高雄,2024-05-22,9183
2618,長榮航,68,42,26,群益金鼎-高雄,2024-05-22,9183
6207,雷科,25,0,25,群益金鼎-高雄,2024-05-22,9183
6431,光麗-KY,24,0,24,群益金鼎-高雄,2024-05-22,9183
2367,燿華,29,6,23,群益金鼎-高雄,2024-05-22,9183
2377,微星,29,6,23,群益金鼎-高雄,2024-05-22,9183
2884,玉山金,25,2,23,群益金鼎-高雄,2024-05-22,9183
1301,台塑,23,1,22,群益金鼎-高雄,2024-05-22,9183
3706,神達,57,36,21,群益金鼎-高雄,2024-05-22,9183
1314,中石化,20,0,20,群益金鼎-高雄,2024-05-22,9183
00679B,元大美債20年,85,65,20,群益金鼎-高雄,2024-05-22,9183
00706L,期元大S＆P日圓正2,20,0,20,群益金鼎-高雄,2024-05-22,9183
4105,東洋,20,0,20,群益金鼎-高雄,2024-05-22,9183
8092,建暐,23,3,20,群益金鼎-高雄,2024-05-22,9183
00929,復華台灣科技優息,43,24,19,群益金鼎-高雄,2024-05-22,9183
2020,美亞,20,2,18,群益金鼎-高雄,2024-05-22,9183
3033,威健,20,3,17,群益金鼎-高雄,2024-05-22,9183
1609,大亞,25,9,16,群益金鼎-高雄,2024-05-22,9183
8299,群聯,15,0,15,群益金鼎-高雄,2024-05-22,9183
4538,大詠城,15,0,15,群益金鼎-高雄,2024-05-22,9183
2371,大同,24,10,14,群益金鼎-高雄,2024-05-22,9183
6125,廣運,45,32,13,群益金鼎-高雄,2024-05-22,9183
3060,銘異,50,37,13,群益金鼎-高雄,2024-05-22,9183
1303,南亞,12,0,12,群益金鼎-高雄,2024-05-22,9183
6770,力積電,20,8,12,群益金鼎-高雄,2024-05-22,9183
2449,京元電子,14,3,11,群益金鼎-高雄,2024-05-22,9183
1608,華榮,27,16,11,群益金鼎-高雄,2024-05-22,9183
3047,訊舟,29,18,11,群益金鼎-高雄,2024-05-22,9183
5347,世界,12,1,11,群益金鼎-高雄,2024-05-22,9183
00772B,中信高評級公司債,10,0,10,群益金鼎-高雄,2024-05-22,9183
1109,信大,10,0,10,群益金鼎-高雄,2024-05-22,9183
1466,聚隆,10,0,10,群益金鼎-高雄,2024-05-22,9183
1909,榮成,10,0,10,群益金鼎-高雄,2024-05-22,9183
2104,國際中橡,10,0,10,群益金鼎-高雄,2024-05-22,9183
2348,海悅,10,0,10,群益金鼎-高雄,2024-05-22,9183
2601,益航,10,0,10,群益金鼎-高雄,2024-05-22,9183
3038,全台,10,0,10,群益金鼎-高雄,2024-05-22,9183
3419,譁裕,10,0,10,群益金鼎-高雄,2024-05-22,9183
00946,群益科技高息成長,1118,618,500,群益金鼎-高雄,2024-05-23,9183
00929,復華台灣科技優息,144,1,143,群益金鼎-高雄,2024-05-23,9183
00937B,群益ESG投等債20,138,0,138,群益金鼎-高雄,2024-05-23,9183
2409,友達,122,0,122,群益金鼎-高雄,2024-05-23,9183
2801,彰銀,102,0,102,群益金鼎-高雄,2024-05-23,9183
9105,泰金寶-DR,100,0,100,群益金鼎-高雄,2024-05-23,9183
2880,華南金,86,6,80,群益金鼎-高雄,2024-05-23,9183
5014,建錩,70,1,69,群益金鼎-高雄,2024-05-23,9183
4542,科嶠,61,0,61,群益金鼎-高雄,2024-05-23,9183
6901,鑽石投資,49,5,44,群益金鼎-高雄,2024-05-23,9183
2610,華航,60,29,31,群益金鼎-高雄,2024-05-23,9183
2362,藍天,39,9,30,群益金鼎-高雄,2024-05-23,9183
2888,新光金,30,0,30,群益金鼎-高雄,2024-05-23,9183
6431,光麗-KY,28,0,28,群益金鼎-高雄,2024-05-23,9183
00679B,元大美債20年,27,0,27,群益金鼎-高雄,2024-05-23,9183
3481,群創,43,16,27,群益金鼎-高雄,2024-05-23,9183
6285,啟��,32,8,24,群益金鼎-高雄,2024-05-23,9183
2101,南港,26,3,23,群益金鼎-高雄,2024-05-23,9183
2324,仁寶,41,18,23,群益金鼎-高雄,2024-05-23,9183
2442,新美齊,23,0,23,群益金鼎-高雄,2024-05-23,9183
8092,建暐,26,3,23,群益金鼎-高雄,2024-05-23,9183
2337,旺宏,22,0,22,群益金鼎-高雄,2024-05-23,9183
3548,兆利,22,1,21,群益金鼎-高雄,2024-05-23,9183
6419,京晨科,21,0,21,群益金鼎-高雄,2024-05-23,9183
00706L,期元大S＆P日圓正2,20,0,20,群益金鼎-高雄,2024-05-23,9183
1109,信大,20,0,20,群益金鼎-高雄,2024-05-23,9183
6005,群益證,20,0,20,群益金鼎-高雄,2024-05-23,9183
2014,中鴻,19,0,19,群益金鼎-高雄,2024-05-23,9183
4720,德淵,29,10,19,群益金鼎-高雄,2024-05-23,9183
2371,大同,35,17,18,群益金鼎-高雄,2024-05-23,9183
00882,中信中國高股息,18,0,18,群益金鼎-高雄,2024-05-23,9183
8070,長華*,20,2,18,群益金鼎-高雄,2024-05-23,9183
1218,泰山,18,0,18,群益金鼎-高雄,2024-05-23,9183
2356,英業達,21,3,18,群益金鼎-高雄,2024-05-23,9183
00878,國泰永續高股息,23,7,16,群益金鼎-高雄,2024-05-23,9183
3056,富華新,16,0,16,群益金鼎-高雄,2024-05-23,9183
5521,工信,15,1,14,群益金鼎-高雄,2024-05-23,9183
2009,第一銅,15,1,14,群益金鼎-高雄,2024-05-23,9183
3450,聯鈞,27,14,13,群益金鼎-高雄,2024-05-23,9183
2887,台新金,13,0,13,群益金鼎-高雄,2024-05-23,9183
3033,威健,21,8,13,群益金鼎-高雄,2024-05-23,9183
3049,精金,19,6,13,群益金鼎-高雄,2024-05-23,9183
9906,欣巴巴,13,0,13,群益金鼎-高雄,2024-05-23,9183
2634,漢翔,39,27,12,群益金鼎-高雄,2024-05-23,9183
2002,中鋼,22,10,12,群益金鼎-高雄,2024-05-23,9183
00757,統一FANG+,12,0,12,群益金鼎-高雄,2024-05-23,9183
5465,富驊,12,0,12,群益金鼎-高雄,2024-05-23,9183
5512,力麒,14,2,12,群益金鼎-高雄,2024-05-23,9183
6190,萬泰科,12,0,12,群益金鼎-高雄,2024-05-23,9183
2464,盟立,58,46,12,群益金鼎-高雄,2024-05-23,9183
00937B,群益ESG投等債20,281,20,261,群益金鼎-高雄,2024-05-24,9183
2882,國泰金,120,2,118,群益金鼎-高雄,2024-05-24,9183
3306,鼎天,110,3,107,群益金鼎-高雄,2024-05-24,9183
3234,光環,85,1,84,群益金鼎-高雄,2024-05-24,9183
00637L,元大滬深300正2,67,0,67,群益金鼎-高雄,2024-05-24,9183
2365,昆盈,112,47,65,群益金鼎-高雄,2024-05-24,9183
00712,復華富時不動產,55,0,55,群益金鼎-高雄,2024-05-24,9183
3548,兆利,40,0,40,群益金鼎-高雄,2024-05-24,9183
2634,漢翔,28,5,23,群益金鼎-高雄,2024-05-24,9183
1605,華新,23,0,23,群益金鼎-高雄,2024-05-24,9183
4529,淳紳,23,0,23,群益金鼎-高雄,2024-05-24,9183
2880,華南金,20,0,20,群益金鼎-高雄,2024-05-24,9183
6182,合晶,20,0,20,群益金鼎-高雄,2024-05-24,9183
3455,由田,21,2,19,群益金鼎-高雄,2024-05-24,9183
00679B,元大美債20年,22,5,17,群益金鼎-高雄,2024-05-24,9183
1815,富喬,53,36,17,群益金鼎-高雄,2024-05-24,9183
2801,彰銀,16,0,16,群益金鼎-高雄,2024-05-24,9183
3163,波若威,30,16,14,群益金鼎-高雄,2024-05-24,9183
6188,廣明,29,15,14,群益金鼎-高雄,2024-05-24,9183
3706,神達,17,3,14,群益金鼎-高雄,2024-05-24,9183
5498,凱崴,18,4,14,群益金鼎-高雄,2024-05-24,9183
6431,光麗-KY,14,0,14,群益金鼎-高雄,2024-05-24,9183
5443,均豪,13,0,13,群益金鼎-高雄,2024-05-24,9183
6147,頎邦,14,2,12,群益金鼎-高雄,2024-05-24,9183
2017,官田鋼,17,5,12,群益金鼎-高雄,2024-05-24,9183
00652,富邦印度,11,0,11,群益金鼎-高雄,2024-05-24,9183
6196,帆宣,11,0,11,群益金鼎-高雄,2024-05-24,9183
00773B,中信優先金融債,10,0,10,群益金鼎-高雄,2024-05-24,9183
1809,中釉,20,10,10,群益金鼎-高雄,2024-05-24,9183
3062,建漢,12,2,10,群益金鼎-高雄,2024-05-24,9183
3090,日電貿,11,1,10,群益金鼎-高雄,2024-05-24,9183
3490,單井,10,0,10,群益金鼎-高雄,2024-05-24,9183
6241,易通展,10,0,10,群益金鼎-高雄,2024-05-24,9183
6901,鑽石投資,10,0,10,群益金鼎-高雄,2024-05-24,9183
9941,裕融,10,0,10,群益金鼎-高雄,2024-05-24,9183
006208,富邦台50,10,0,10,群益金鼎-高雄,2024-05-24,9183
1516,川飛,20,11,9,群益金鼎-高雄,2024-05-24,9183
00878,國泰永續高股息,9,0,9,群益金鼎-高雄,2024-05-24,9183
2104,國際中橡,10,1,9,群益金鼎-高雄,2024-05-24,9183
2313,華通,19,10,9,群益金鼎-高雄,2024-05-24,9183
2887,台新金,10,1,9,群益金鼎-高雄,2024-05-24,9183
2382,廣達,15,6,9,群益金鼎-高雄,2024-05-24,9183
6223,旺矽,10,2,8,群益金鼎-高雄,2024-05-24,9183
1301,台塑,13,5,8,群益金鼎-高雄,2024-05-24,9183
2312,金寶,15,7,8,群益金鼎-高雄,2024-05-24,9183
2457,飛宏,8,0,8,群益金鼎-高雄,2024-05-24,9183
2501,國建,8,0,8,群益金鼎-高雄,2024-05-24,9183
2613,中櫃,10,2,8,群益金鼎-高雄,2024-05-24,9183
2883,凱基金,8,0,8,群益金鼎-高雄,2024-05-24,9183
2891,中信金,10,2,8,群益金鼎-高雄,2024-05-24,9183
1314,中石化,250,0,250,群益金鼎-高雄,2024-05-27,9183
00946,群益科技高息成長,1558,1379,179,群益金鼎-高雄,2024-05-27,9183
00632R,元大台灣50反1,164,1,163,群益金鼎-高雄,2024-05-27,9183
2312,金寶,100,6,94,群益金鼎-高雄,2024-05-27,9183
00937B,群益ESG投等債20,107,13,94,群益金鼎-高雄,2024-05-27,9183
9105,泰金寶-DR,241,175,66,群益金鼎-高雄,2024-05-27,9183
2611,志信,50,0,50,群益金鼎-高雄,2024-05-27,9183
00940,元大台灣價值高息,134,85,49,群益金鼎-高雄,2024-05-27,9183
2353,宏��,81,38,43,群益金鼎-高雄,2024-05-27,9183
00733,富邦臺灣中小,150,111,39,群益金鼎-高雄,2024-05-27,9183
5230,雷笛克光學,34,2,32,群益金鼎-高雄,2024-05-27,9183
3548,兆利,30,1,29,群益金鼎-高雄,2024-05-27,9183
1101,台泥,28,0,28,群益金鼎-高雄,2024-05-27,9183
3033,威健,39,11,28,群益金鼎-高雄,2024-05-27,9183
6282,康舒,30,2,28,群益金鼎-高雄,2024-05-27,9183
2610,華航,32,5,27,群益金鼎-高雄,2024-05-27,9183
2002,中鋼,27,0,27,群益金鼎-高雄,2024-05-27,9183
2618,長榮航,52,26,26,群益金鼎-高雄,2024-05-27,9183
00882,中信中國高股息,25,2,23,群益金鼎-高雄,2024-05-27,9183
00929,復華台灣科技優息,33,12,21,群益金鼎-高雄,2024-05-27,9183
3049,精金,20,0,20,群益金鼎-高雄,2024-05-27,9183
00637L,元大滬深300正2,20,0,20,群益金鼎-高雄,2024-05-27,9183
3592,瑞鼎,20,0,20,群益金鼎-高雄,2024-05-27,9183
00645,富邦日本,87,69,18,群益金鼎-高雄,2024-05-27,9183
6431,光麗-KY,18,0,18,群益金鼎-高雄,2024-05-27,9183
8033,雷虎,18,0,18,群益金鼎-高雄,2024-05-27,9183
2103,台橡,20,3,17,群益金鼎-高雄,2024-05-27,9183
3338,泰碩,28,12,16,群益金鼎-高雄,2024-05-27,9183
6125,廣運,39,23,16,群益金鼎-高雄,2024-05-27,9183
2886,兆豐金,15,0,15,群益金鼎-高雄,2024-05-27,9183
00941,中信上游半導體,15,0,15,群益金鼎-高雄,2024-05-27,9183
4720,德淵,18,4,14,群益金鼎-高雄,2024-05-27,9183
00679B,元大美債20年,15,2,13,群益金鼎-高雄,2024-05-27,9183
6770,力積電,13,1,12,群益金鼎-高雄,2024-05-27,9183
2359,所羅門,15,3,12,群益金鼎-高雄,2024-05-27,9183
2401,凌陽,18,6,12,群益金鼎-高雄,2024-05-27,9183
2023,燁輝,12,1,11,群益金鼎-高雄,2024-05-27,9183
2887,台新金,10,0,10,群益金鼎-高雄,2024-05-27,9183
00712,復華富時不動產,10,0,10,群益金鼎-高雄,2024-05-27,9183
00830,國泰費城半導體,10,0,10,群益金鼎-高雄,2024-05-27,9183
2603,長榮,50,40,10,群益金鼎-高雄,2024-05-27,9183
00933B,國泰10Y+金融債,10,0,10,群益金鼎-高雄,2024-05-27,9183
00772B,中信高評級公司債,10,0,10,群益金鼎-高雄,2024-05-27,9183
2104,國際中橡,10,0,10,群益金鼎-高雄,2024-05-27,9183
4529,淳紳,10,0,10,群益金鼎-高雄,2024-05-27,9183
5426,振發,10,0,10,群益金鼎-高雄,2024-05-27,9183
3059,華晶科,29,19,10,群益金鼎-高雄,2024-05-27,9183
5388,中磊,10,0,10,群益金鼎-高雄,2024-05-27,9183
2367,燿華,10,0,10,群益金鼎-高雄,2024-05-27,9183
4979,華星光,10,1,9,群益金鼎-高雄,2024-05-27,9183
1314,中石化,216,66,150,群益金鼎-高雄,2024-05-28,9183
00937B,群益ESG投等債20,136,35,101,群益金鼎-高雄,2024-05-28,9183
2353,宏��,113,58,55,群益金鼎-高雄,2024-05-28,9183
2801,彰銀,50,0,50,群益金鼎-高雄,2024-05-28,9183
00940,元大台灣價值高息,107,59,48,群益金鼎-高雄,2024-05-28,9183
2495,普安,48,2,46,群益金鼎-高雄,2024-05-28,9183
2323,中環,61,19,42,群益金鼎-高雄,2024-05-28,9183
00712,復華富時不動產,41,0,41,群益金鼎-高雄,2024-05-28,9183
6548,長科*,42,4,38,群益金鼎-高雄,2024-05-28,9183
2301,光寶科,39,2,37,群益金鼎-高雄,2024-05-28,9183
00679B,元大美債20年,41,4,37,群益金鼎-高雄,2024-05-28,9183
2392,正崴,36,1,35,群益金鼎-高雄,2024-05-28,9183
3374,精材,34,3,31,群益金鼎-高雄,2024-05-28,9183
3231,緯創,82,52,30,群益金鼎-高雄,2024-05-28,9183
00933B,國泰10Y+金融債,28,0,28,群益金鼎-高雄,2024-05-28,9183
5230,雷笛克光學,39,12,27,群益金鼎-高雄,2024-05-28,9183
1522,堤維西,30,4,26,群益金鼎-高雄,2024-05-28,9183
00929,復華台灣科技優息,31,5,26,群益金鼎-高雄,2024-05-28,9183
2363,矽統,92,66,26,群益金鼎-高雄,2024-05-28,9183
00687B,國泰20年美債,27,4,23,群益金鼎-高雄,2024-05-28,9183
2543,皇昌,23,0,23,群益金鼎-高雄,2024-05-28,9183
3714,富采,301,280,21,群益金鼎-高雄,2024-05-28,9183
2867,三商壽,70,50,20,群益金鼎-高雄,2024-05-28,9183
2354,鴻準,128,110,18,群益金鼎-高雄,2024-05-28,9183
6207,雷科,56,39,17,群益金鼎-高雄,2024-05-28,9183
2313,華通,19,3,16,群益金鼎-高雄,2024-05-28,9183
2464,盟立,33,18,15,群益金鼎-高雄,2024-05-28,9183
00881,國泰台灣5G+,16,1,15,群益金鼎-高雄,2024-05-28,9183
00882,中信中國高股息,15,1,14,群益金鼎-高雄,2024-05-28,9183
2417,圓剛,20,6,14,群益金鼎-高雄,2024-05-28,9183
4562,穎漢,14,0,14,群益金鼎-高雄,2024-05-28,9183
2609,陽明,42,29,13,群益金鼎-高雄,2024-05-28,9183
2002,中鋼,12,0,12,群益金鼎-高雄,2024-05-28,9183
4532,瑞智,12,0,12,群益金鼎-高雄,2024-05-28,9183
00919,群益台灣精選高息,19,8,11,群益金鼎-高雄,2024-05-28,9183
2515,中工,11,0,11,群益金鼎-高雄,2024-05-28,9183
3483,力致,15,4,11,群益金鼎-高雄,2024-05-28,9183
6244,茂迪,12,1,11,群益金鼎-高雄,2024-05-28,9183
8121,越峰,11,0,11,群益金鼎-高雄,2024-05-28,9183
2603,長榮,22,12,10,群益金鼎-高雄,2024-05-28,9183
00773B,中信優先金融債,10,0,10,群益金鼎-高雄,2024-05-28,9183
00652,富邦印度,10,0,10,群益金鼎-高雄,2024-05-28,9183
1611,中電,10,0,10,群益金鼎-高雄,2024-05-28,9183
2009,第一銅,11,1,10,群益金鼎-高雄,2024-05-28,9183
2891,中信金,33,23,10,群益金鼎-高雄,2024-05-28,9183
6190,萬泰科,10,0,10,群益金鼎-高雄,2024-05-28,9183
6782,視陽,10,0,10,群益金鼎-高雄,2024-05-28,9183
8147,正淩,10,0,10,群益金鼎-高雄,2024-05-28,9183
2367,燿華,15,6,9,群益金鼎-高雄,2024-05-28,9183
2618,長榮航,57,48,9,群益金鼎-高雄,2024-05-28,9183
00937B,群益ESG投等債20,595,1,594,群益金鼎-高雄,2024-05-29,9183
2891,中信金,135,0,135,群益金鼎-高雄,2024-05-29,9183
3580,友威科,116,0,116,群益金鼎-高雄,2024-05-29,9183
2867,三商壽,111,10,101,群益金鼎-高雄,2024-05-29,9183
2495,普安,102,5,97,群益金鼎-高雄,2024-05-29,9183
2886,兆豐金,74,9,65,群益金鼎-高雄,2024-05-29,9183
2880,華南金,62,0,62,群益金鼎-高雄,2024-05-29,9183
2353,宏��,102,42,60,群益金鼎-高雄,2024-05-29,9183
2002,中鋼,60,0,60,群益金鼎-高雄,2024-05-29,9183
00929,復華台灣科技優息,63,3,60,群益金鼎-高雄,2024-05-29,9183
00940,元大台灣價值高息,72,18,54,群益金鼎-高雄,2024-05-29,9183
1516,川飛,54,1,53,群益金鼎-高雄,2024-05-29,9183
5608,四維航,79,34,45,群益金鼎-高雄,2024-05-29,9183
2317,鴻海,44,10,34,群益金鼎-高雄,2024-05-29,9183
00679B,元大美債20年,33,0,33,群益金鼎-高雄,2024-05-29,9183
2349,錸德,32,0,32,群益金鼎-高雄,2024-05-29,9183
2889,國票金,32,0,32,群益金鼎-高雄,2024-05-29,9183
00632R,元大台灣50反1,50,20,30,群益金鼎-高雄,2024-05-29,9183
00878,國泰永續高股息,30,0,30,群益金鼎-高雄,2024-05-29,9183
2883,凱基金,28,0,28,群益金鼎-高雄,2024-05-29,9183
6188,廣明,32,5,27,群益金鼎-高雄,2024-05-29,9183
00687B,國泰20年美債,26,0,26,群益金鼎-高雄,2024-05-29,9183
2489,瑞軒,57,32,25,群益金鼎-高雄,2024-05-29,9183
00919,群益台灣精選高息,42,18,24,群益金鼎-高雄,2024-05-29,9183
2606,裕民,26,3,23,群益金鼎-高雄,2024-05-29,9183
2409,友達,28,5,23,群益金鼎-高雄,2024-05-29,9183
4306,炎洲,25,2,23,群益金鼎-高雄,2024-05-29,9183
2641,正德,27,5,22,群益金鼎-高雄,2024-05-29,9183
00946,群益科技高息成長,440,418,22,群益金鼎-高雄,2024-05-29,9183
3231,緯創,49,30,19,群益金鼎-高雄,2024-05-29,9183
2890,永豐金,19,0,19,群益金鼎-高雄,2024-05-29,9183
2610,華航,30,12,18,群益金鼎-高雄,2024-05-29,9183
00933B,國泰10Y+金融債,18,0,18,群益金鼎-高雄,2024-05-29,9183
2801,彰銀,18,0,18,群益金鼎-高雄,2024-05-29,9183
2401,凌陽,124,107,17,群益金鼎-高雄,2024-05-29,9183
3702,大聯大,17,1,16,群益金鼎-高雄,2024-05-29,9183
00680L,元大美債20正2,16,0,16,群益金鼎-高雄,2024-05-29,9183
2206,三陽工業,15,0,15,群益金鼎-高雄,2024-05-29,9183
3313,斐成,21,6,15,群益金鼎-高雄,2024-05-29,9183
3035,智原,24,9,15,群益金鼎-高雄,2024-05-29,9183
2369,菱生,28,13,15,群益金鼎-高雄,2024-05-29,9183
2887,台新金,14,0,14,群益金鼎-高雄,2024-05-29,9183
4804,大略-KY,13,0,13,群益金鼎-高雄,2024-05-29,9183
1303,南亞,12,0,12,群益金鼎-高雄,2024-05-29,9183
1312,國喬,15,3,12,群益金鼎-高雄,2024-05-29,9183
3049,精金,18,6,12,群益金鼎-高雄,2024-05-29,9183
9105,泰金寶-DR,62,50,12,群益金鼎-高雄,2024-05-29,9183
2615,萬海,15,4,11,群益金鼎-高雄,2024-05-29,9183
00882,中信中國高股息,10,0,10,群益金鼎-高雄,2024-05-29,9183
00773B,中信優先金融債,10,0,10,群益金鼎-高雄,2024-05-29,9183
6207,雷科,141,1,140,群益金鼎-高雄,2024-05-30,9183
00632R,元大台灣50反1,281,155,126,群益金鼎-高雄,2024-05-30,9183
2834,臺企銀,118,3,115,群益金鼎-高雄,2024-05-30,9183
00671R,富邦NASDAQ反1,104,0,104,群益金鼎-高雄,2024-05-30,9183
00937B,群益ESG投等債20,100,4,96,群益金鼎-高雄,2024-05-30,9183
6695,芯鼎,96,9,87,群益金鼎-高雄,2024-05-30,9183
00878,國泰永續高股息,55,0,55,群益金鼎-高雄,2024-05-30,9183
2495,普安,56,4,52,群益金鼎-高雄,2024-05-30,9183
2002,中鋼,41,0,41,群益金鼎-高雄,2024-05-30,9183
00919,群益台灣精選高息,61,20,41,群益金鼎-高雄,2024-05-30,9183
2867,三商壽,62,21,41,群益金鼎-高雄,2024-05-30,9183
00830,國泰費城半導體,40,0,40,群益金鼎-高雄,2024-05-30,9183
3652,精聯,42,2,40,群益金鼎-高雄,2024-05-30,9183
2354,鴻準,70,31,39,群益金鼎-高雄,2024-05-30,9183
2618,長榮航,63,32,31,群益金鼎-高雄,2024-05-30,9183
00918,大華優利高填息30,38,10,28,群益金鼎-高雄,2024-05-30,9183
2330,台積電,30,4,26,群益金鼎-高雄,2024-05-30,9183
00680L,元大美債20正2,25,0,25,群益金鼎-高雄,2024-05-30,9183
4167,松瑞藥,23,0,23,群益金鼎-高雄,2024-05-30,9183
00882,中信中國高股息,24,2,22,群益金鼎-高雄,2024-05-30,9183
2891,中信金,31,10,21,群益金鼎-高雄,2024-05-30,9183
00687B,國泰20年美債,21,0,21,群益金鼎-高雄,2024-05-30,9183
6005,群益證,21,0,21,群益金鼎-高雄,2024-05-30,9183
8438,昶昕,26,5,21,群益金鼎-高雄,2024-05-30,9183
00850,元大臺灣ESG永續,21,0,21,群益金鼎-高雄,2024-05-30,9183
00650L,復華香港正2,20,0,20,群益金鼎-高雄,2024-05-30,9183
2405,輔信,22,2,20,群益金鼎-高雄,2024-05-30,9183
2543,皇昌,20,1,19,群益金鼎-高雄,2024-05-30,9183
4720,德淵,19,0,19,群益金鼎-高雄,2024-05-30,9183
2886,兆豐金,27,10,17,群益金鼎-高雄,2024-05-30,9183
1815,富喬,78,61,17,群益金鼎-高雄,2024-05-30,9183
3231,緯創,22,7,15,群益金鼎-高雄,2024-05-30,9183
00939,統一台灣高息動能,17,2,15,群益金鼎-高雄,2024-05-30,9183
4542,科嶠,15,0,15,群益金鼎-高雄,2024-05-30,9183
2489,瑞軒,37,23,14,群益金鼎-高雄,2024-05-30,9183
2892,第一金,13,0,13,群益金鼎-高雄,2024-05-30,9183
5498,凱崴,16,3,13,群益金鼎-高雄,2024-05-30,9183
6140,訊達,15,2,13,群益金鼎-高雄,2024-05-30,9183
3049,精金,24,12,12,群益金鼎-高雄,2024-05-30,9183
3264,欣銓,13,1,12,群益金鼎-高雄,2024-05-30,9183
2382,廣達,13,1,12,群益金鼎-高雄,2024-05-30,9183
1303,南亞,11,0,11,群益金鼎-高雄,2024-05-30,9183
00940,元大台灣價值高息,22,11,11,群益金鼎-高雄,2024-05-30,9183
00932,兆豐永續高息等權,10,0,10,群益金鼎-高雄,2024-05-30,9183
5880,合庫金,15,5,10,群益金鼎-高雄,2024-05-30,9183
3706,神達,13,3,10,群益金鼎-高雄,2024-05-30,9183
6147,頎邦,10,0,10,群益金鼎-高雄,2024-05-30,9183
00773B,中信優先金融債,10,0,10,群益金鼎-高雄,2024-05-30,9183
1210,大成,10,0,10,群益金鼎-高雄,2024-05-30,9183
1440,南紡,10,0,10,群益金鼎-高雄,2024-05-30,9183
2317,鴻海,95,14,81,群益金鼎-高雄,2024-05-31,9183
00946,群益科技高息成長,1506,1430,76,群益金鼎-高雄,2024-05-31,9183
2442,新美齊,59,13,46,群益金鼎-高雄,2024-05-31,9183
3374,精材,46,2,44,群益金鼎-高雄,2024-05-31,9183
5608,四維航,63,24,39,群益金鼎-高雄,2024-05-31,9183
3033,威健,54,15,39,群益金鼎-高雄,2024-05-31,9183
2382,廣達,46,10,36,群益金鼎-高雄,2024-05-31,9183
3163,波若威,36,1,35,群益金鼎-高雄,2024-05-31,9183
3339,泰谷,40,5,35,群益金鼎-高雄,2024-05-31,9183
2609,陽明,96,63,33,群益金鼎-高雄,2024-05-31,9183
00929,復華台灣科技優息,38,10,28,群益金鼎-高雄,2024-05-31,9183
4542,科嶠,28,0,28,群益金鼎-高雄,2024-05-31,9183
2330,台積電,30,2,28,群益金鼎-高雄,2024-05-31,9183
5230,雷笛克光學,77,51,26,群益金鼎-高雄,2024-05-31,9183
6770,力積電,38,13,25,群益金鼎-高雄,2024-05-31,9183
00892,富邦台灣半導體,22,0,22,群益金鼎-高雄,2024-05-31,9183
3231,緯創,30,10,20,群益金鼎-高雄,2024-05-31,9183
00939,統一台灣高息動能,20,0,20,群益金鼎-高雄,2024-05-31,9183
2408,南亞科,21,1,20,群益金鼎-高雄,2024-05-31,9183
6116,彩晶,22,2,20,群益金鼎-高雄,2024-05-31,9183
2303,聯電,38,19,19,群益金鼎-高雄,2024-05-31,9183
8105,凌巨,21,2,19,群益金鼎-高雄,2024-05-31,9183
4552,力達-KY,17,0,17,群益金鼎-高雄,2024-05-31,9183
2344,華邦電,18,2,16,群益金鼎-高雄,2024-05-31,9183
2495,普安,21,5,16,群益金鼎-高雄,2024-05-31,9183
2101,南港,24,11,13,群益金鼎-高雄,2024-05-31,9183
2002,中鋼,15,3,12,群益金鼎-高雄,2024-05-31,9183
2301,光寶科,17,5,12,群益金鼎-高雄,2024-05-31,9183
4804,大略-KY,11,0,11,群益金鼎-高雄,2024-05-31,9183
6505,台塑化,11,0,11,群益金鼎-高雄,2024-05-31,9183
3308,聯德,12,1,11,群益金鼎-高雄,2024-05-31,9183
2353,宏��,47,37,10,群益金鼎-高雄,2024-05-31,9183
00927,群益半導體收益,10,0,10,群益金鼎-高雄,2024-05-31,9183
00665L,富邦�琤肭磪囓�2,13,3,10,群益金鼎-高雄,2024-05-31,9183
1444,力麗,10,0,10,群益金鼎-高雄,2024-05-31,9183
1446,宏和,10,0,10,群益金鼎-高雄,2024-05-31,9183
4414,如興,10,0,10,群益金鼎-高雄,2024-05-31,9183
8096,擎亞,13,3,10,群益金鼎-高雄,2024-05-31,9183
1587,吉茂,11,1,10,群益金鼎-高雄,2024-05-31,9183
2365,昆盈,10,1,9,群益金鼎-高雄,2024-05-31,9183
2230,泰茂,10,1,9,群益金鼎-高雄,2024-05-31,9183
6271,同欣電,9,0,9,群益金鼎-高雄,2024-05-31,9183
2376,技嘉,11,3,8,群益金鼎-高雄,2024-05-31,9183
2454,聯發科,11,3,8,群益金鼎-高雄,2024-05-31,9183
1319,東陽,8,0,8,群益金鼎-高雄,2024-05-31,9183
2534,宏盛,8,0,8,群益金鼎-高雄,2024-05-31,9183
2834,臺企銀,10,2,8,群益金鼎-高雄,2024-05-31,9183
3284,太普高,8,0,8,群益金鼎-高雄,2024-05-31,9183
6523,達爾膚,8,0,8,群益金鼎-高雄,2024-05-31,9183
8940,新天地,8,0,8,群益金鼎-高雄,2024-05-31,9183
00946,群益科技高息成長,699,568,131,群益金鼎-高雄,2024-06-03,9183
00919,群益台灣精選高息,123,2,121,群益金鼎-高雄,2024-06-03,9183
2417,圓剛,103,7,96,群益金鼎-高雄,2024-06-03,9183
3202,樺晟,93,8,85,群益金鼎-高雄,2024-06-03,9183
2354,鴻準,139,60,79,群益金鼎-高雄,2024-06-03,9183
2618,長榮航,92,19,73,群益金鼎-高雄,2024-06-03,9183
2880,華南金,61,0,61,群益金鼎-高雄,2024-06-03,9183
1314,中石化,61,10,51,群益金鼎-高雄,2024-06-03,9183
2337,旺宏,51,6,45,群益金鼎-高雄,2024-06-03,9183
2514,龍邦,44,0,44,群益金鼎-高雄,2024-06-03,9183
3481,群創,41,1,40,群益金鼎-高雄,2024-06-03,9183
1522,堤維西,40,1,39,群益金鼎-高雄,2024-06-03,9183
9904,寶成,37,0,37,群益金鼎-高雄,2024-06-03,9183
00688L,國泰20年美債正2,30,0,30,群益金鼎-高雄,2024-06-03,9183
00937B,群益ESG投等債20,45,16,29,群益金鼎-高雄,2024-06-03,9183
2324,仁寶,44,16,28,群益金鼎-高雄,2024-06-03,9183
5469,瀚宇博,27,2,25,群益金鼎-高雄,2024-06-03,9183
00715L,期街口布蘭特正2,23,0,23,群益金鼎-高雄,2024-06-03,9183
00637L,元大滬深300正2,23,0,23,群益金鼎-高雄,2024-06-03,9183
3260,威剛,29,6,23,群益金鼎-高雄,2024-06-03,9183
2438,翔耀,23,1,22,群益金鼎-高雄,2024-06-03,9183
00929,復華台灣科技優息,35,13,22,群益金鼎-高雄,2024-06-03,9183
2363,矽統,43,22,21,群益金鼎-高雄,2024-06-03,9183
1409,新纖,20,0,20,群益金鼎-高雄,2024-06-03,9183
5230,雷笛克光學,30,10,20,群益金鼎-高雄,2024-06-03,9183
1714,和桐,20,1,19,群益金鼎-高雄,2024-06-03,9183
2615,萬海,41,22,19,群益金鼎-高雄,2024-06-03,9183
6606,建德工業,19,0,19,群益金鼎-高雄,2024-06-03,9183
2303,聯電,35,16,19,群益金鼎-高雄,2024-06-03,9183
5905,南仁湖,17,0,17,群益金鼎-高雄,2024-06-03,9183
2313,華通,20,4,16,群益金鼎-高雄,2024-06-03,9183
2377,微星,18,3,15,群益金鼎-高雄,2024-06-03,9183
3374,精材,15,0,15,群益金鼎-高雄,2024-06-03,9183
3490,單井,17,2,15,群益金鼎-高雄,2024-06-03,9183
2367,燿華,25,11,14,群益金鼎-高雄,2024-06-03,9183
2605,新興,13,0,13,群益金鼎-高雄,2024-06-03,9183
6117,迎廣,18,5,13,群益金鼎-高雄,2024-06-03,9183
1570,力肯,12,0,12,群益金鼎-高雄,2024-06-03,9183
3706,神達,19,7,12,群益金鼎-高雄,2024-06-03,9183
3231,緯創,22,10,12,群益金鼎-高雄,2024-06-03,9183
6770,力積電,11,0,11,群益金鼎-高雄,2024-06-03,9183
00918,大華優利高填息30,10,0,10,群益金鼎-高雄,2024-06-03,9183
00632R,元大台灣50反1,20,10,10,群益金鼎-高雄,2024-06-03,9183
2034,允強,10,0,10,群益金鼎-高雄,2024-06-03,9183
2352,佳世達,14,4,10,群益金鼎-高雄,2024-06-03,9183
3294,英濟,12,2,10,群益金鼎-高雄,2024-06-03,9183
3306,鼎天,15,5,10,群益金鼎-高雄,2024-06-03,9183
4414,如興,10,0,10,群益金鼎-高雄,2024-06-03,9183
6505,台塑化,10,0,10,群益金鼎-高雄,2024-06-03,9183
8105,凌巨,10,0,10,群益金鼎-高雄,2024-06-03,9183
00940,元大台灣價值高息,564,11,553,群益金鼎-高雄,2024-06-04,9183
2888,新光金,195,31,164,群益金鼎-高雄,2024-06-04,9183
00753L,中信中國50正2,110,0,110,群益金鼎-高雄,2024-06-04,9183
00918,大華優利高填息30,94,0,94,群益金鼎-高雄,2024-06-04,9183
3202,樺晟,89,4,85,群益金鼎-高雄,2024-06-04,9183
00929,復華台灣科技優息,79,15,64,群益金鼎-高雄,2024-06-04,9183
00919,群益台灣精選高息,68,12,56,群益金鼎-高雄,2024-06-04,9183
6770,力積電,61,6,55,群益金鼎-高雄,2024-06-04,9183
00679B,元大美債20年,53,1,52,群益金鼎-高雄,2024-06-04,9183
00632R,元大台灣50反1,100,50,50,群益金鼎-高雄,2024-06-04,9183
6548,長科*,50,2,48,群益金鼎-高雄,2024-06-04,9183
2312,金寶,56,14,42,群益金鼎-高雄,2024-06-04,9183
2344,華邦電,43,1,42,群益金鼎-高雄,2024-06-04,9183
2324,仁寶,49,17,32,群益金鼎-高雄,2024-06-04,9183
00688L,國泰20年美債正2,41,10,31,群益金鼎-高雄,2024-06-04,9183
6579,研揚,33,2,31,群益金鼎-高雄,2024-06-04,9183
2354,鴻準,92,61,31,群益金鼎-高雄,2024-06-04,9183
3037,欣興,31,1,30,群益金鼎-高雄,2024-06-04,9183
00680L,元大美債20正2,63,35,28,群益金鼎-高雄,2024-06-04,9183
2002,中鋼,31,3,28,群益金鼎-高雄,2024-06-04,9183
3062,建漢,28,0,28,群益金鼎-高雄,2024-06-04,9183
8210,勤誠,28,1,27,群益金鼎-高雄,2024-06-04,9183
3231,緯創,31,4,27,群益金鼎-高雄,2024-06-04,9183
00642U,期元大S＆P石油,26,0,26,群益金鼎-高雄,2024-06-04,9183
1314,中石化,26,0,26,群益金鼎-高雄,2024-06-04,9183
2337,旺宏,31,5,26,群益金鼎-高雄,2024-06-04,9183
2241,艾姆勒,42,17,25,群益金鼎-高雄,2024-06-04,9183
1532,勤美,24,1,23,群益金鼎-高雄,2024-06-04,9183
2331,精英,48,25,23,群益金鼎-高雄,2024-06-04,9183
3481,群創,26,3,23,群益金鼎-高雄,2024-06-04,9183
00878,國泰永續高股息,22,0,22,群益金鼎-高雄,2024-06-04,9183
2880,華南金,21,0,21,群益金鼎-高雄,2024-06-04,9183
2367,燿華,54,34,20,群益金鼎-高雄,2024-06-04,9183
3047,訊舟,22,2,20,群益金鼎-高雄,2024-06-04,9183
2538,基泰,40,21,19,群益金鼎-高雄,2024-06-04,9183
6125,廣運,44,26,18,群益金鼎-高雄,2024-06-04,9183
2489,瑞軒,20,2,18,群益金鼎-高雄,2024-06-04,9183
3490,單井,18,0,18,群益金鼎-高雄,2024-06-04,9183
3312,弘憶股,22,4,18,群益金鼎-高雄,2024-06-04,9183
6005,群益證,17,0,17,群益金鼎-高雄,2024-06-04,9183
2317,鴻海,85,69,16,群益金鼎-高雄,2024-06-04,9183
3339,泰谷,15,0,15,群益金鼎-高雄,2024-06-04,9183
5347,世界,20,5,15,群益金鼎-高雄,2024-06-04,9183
8028,昇陽半導體,24,9,15,群益金鼎-高雄,2024-06-04,9183
2618,長榮航,53,39,14,群益金鼎-高雄,2024-06-04,9183
2313,華通,20,7,13,群益金鼎-高雄,2024-06-04,9183
6116,彩晶,13,0,13,群益金鼎-高雄,2024-06-04,9183
1218,泰山,18,6,12,群益金鼎-高雄,2024-06-04,9183
1308,亞聚,18,6,12,群益金鼎-高雄,2024-06-04,9183
1815,富喬,28,16,12,群益金鼎-高雄,2024-06-04,9183
00946,群益科技高息成長,771,548,223,群益金鼎-高雄,2024-06-05,9183
00753L,中信中國50正2,300,100,200,群益金鼎-高雄,2024-06-05,9183
9105,泰金寶-DR,104,0,104,群益金鼎-高雄,2024-06-05,9183
00929,復華台灣科技優息,87,14,73,群益金鼎-高雄,2024-06-05,9183
00687B,國泰20年美債,88,29,59,群益金鼎-高雄,2024-06-05,9183
2002,中鋼,47,11,36,群益金鼎-高雄,2024-06-05,9183
00936,台新永續高息中小,32,0,32,群益金鼎-高雄,2024-06-05,9183
00764B,群益25年美債,41,10,31,群益金鼎-高雄,2024-06-05,9183
2241,艾姆勒,43,14,29,群益金鼎-高雄,2024-06-05,9183
3048,益登,43,18,25,群益金鼎-高雄,2024-06-05,9183
0052,富邦科技,24,0,24,群益金鼎-高雄,2024-06-05,9183
8105,凌巨,23,0,23,群益金鼎-高雄,2024-06-05,9183
00878,國泰永續高股息,28,6,22,群益金鼎-高雄,2024-06-05,9183
3231,緯創,27,7,20,群益金鼎-高雄,2024-06-05,9183
6113,亞矽,20,0,20,群益金鼎-高雄,2024-06-05,9183
2376,技嘉,19,1,18,群益金鼎-高雄,2024-06-05,9183
3490,單井,18,0,18,群益金鼎-高雄,2024-06-05,9183
6290,良維,20,2,18,群益金鼎-高雄,2024-06-05,9183
4123,晟德,30,12,18,群益金鼎-高雄,2024-06-05,9183
3706,神達,29,13,16,群益金鼎-高雄,2024-06-05,9183
2609,陽明,102,87,15,群益金鼎-高雄,2024-06-05,9183
1809,中釉,15,0,15,群益金鼎-高雄,2024-06-05,9183
4542,科嶠,31,16,15,群益金鼎-高雄,2024-06-05,9183
2324,仁寶,14,0,14,群益金鼎-高雄,2024-06-05,9183
6695,芯鼎,14,0,14,群益金鼎-高雄,2024-06-05,9183
2014,中鴻,15,1,14,群益金鼎-高雄,2024-06-05,9183
5608,四維航,14,0,14,群益金鼎-高雄,2024-06-05,9183
2329,華泰,14,1,13,群益金鼎-高雄,2024-06-05,9183
5469,瀚宇博,22,9,13,群益金鼎-高雄,2024-06-05,9183
00715L,期街口布蘭特正2,12,0,12,群益金鼎-高雄,2024-06-05,9183
2105,正新,18,6,12,群益金鼎-高雄,2024-06-05,9183
6116,彩晶,12,0,12,群益金鼎-高雄,2024-06-05,9183
2344,華邦電,13,2,11,群益金鼎-高雄,2024-06-05,9183
2349,錸德,11,0,11,群益金鼎-高雄,2024-06-05,9183
9945,潤泰新,11,0,11,群益金鼎-高雄,2024-06-05,9183
6125,廣運,34,23,11,群益金鼎-高雄,2024-06-05,9183
00688L,國泰20年美債正2,51,41,10,群益金鼎-高雄,2024-06-05,9183
8210,勤誠,11,1,10,群益金鼎-高雄,2024-06-05,9183
3035,智原,17,8,9,群益金鼎-高雄,2024-06-05,9183
4532,瑞智,9,0,9,群益金鼎-高雄,2024-06-05,9183
3645,達邁,9,0,9,群益金鼎-高雄,2024-06-05,9183
8048,德勝,20,11,9,群益金鼎-高雄,2024-06-05,9183
1504,東元,11,3,8,群益金鼎-高雄,2024-06-05,9183
2352,佳世達,8,0,8,群益金鼎-高雄,2024-06-05,9183
2608,嘉里大榮,8,0,8,群益金鼎-高雄,2024-06-05,9183
2611,志信,14,6,8,群益金鼎-高雄,2024-06-05,9183
3033,威健,12,4,8,群益金鼎-高雄,2024-06-05,9183
3188,鑫龍騰,8,0,8,群益金鼎-高雄,2024-06-05,9183
6770,力積電,8,0,8,群益金鼎-高雄,2024-06-05,9183
1303,南亞,10,3,7,群益金鼎-高雄,2024-06-05,9183
00946,群益科技高息成長,1378,1035,343,群益金鼎-高雄,2024-06-06,9183
00688L,國泰20年美債正2,291,40,251,群益金鼎-高雄,2024-06-06,9183
00680L,元大美債20正2,242,60,182,群益金鼎-高雄,2024-06-06,9183
00679B,元大美債20年,92,6,86,群益金鼎-高雄,2024-06-06,9183
00936,台新永續高息中小,65,0,65,群益金鼎-高雄,2024-06-06,9183
2323,中環,58,0,58,群益金鼎-高雄,2024-06-06,9183
3592,瑞鼎,49,0,49,群益金鼎-高雄,2024-06-06,9183
3062,建漢,36,3,33,群益金鼎-高雄,2024-06-06,9183
2409,友達,33,0,33,群益金鼎-高雄,2024-06-06,9183
2354,鴻準,107,76,31,群益金鼎-高雄,2024-06-06,9183
2609,陽明,128,99,29,群益金鼎-高雄,2024-06-06,9183
2348,海悅,29,0,29,群益金鼎-高雄,2024-06-06,9183
00764B,群益25年美債,70,42,28,群益金鼎-高雄,2024-06-06,9183
3033,威健,32,10,22,群益金鼎-高雄,2024-06-06,9183
6163,華電網,30,8,22,群益金鼎-高雄,2024-06-06,9183
2002,中鋼,23,2,21,群益金鼎-高雄,2024-06-06,9183
3202,樺晟,28,7,21,群益金鼎-高雄,2024-06-06,9183
1109,信大,20,0,20,群益金鼎-高雄,2024-06-06,9183
2328,廣宇,39,19,20,群益金鼎-高雄,2024-06-06,9183
2337,旺宏,24,5,19,群益金鼎-高雄,2024-06-06,9183
3049,精金,19,0,19,群益金鼎-高雄,2024-06-06,9183
3015,全漢,21,3,18,群益金鼎-高雄,2024-06-06,9183
3264,欣銓,18,0,18,群益金鼎-高雄,2024-06-06,9183
5388,中磊,18,0,18,群益金鼎-高雄,2024-06-06,9183
2101,南港,20,2,18,群益金鼎-高雄,2024-06-06,9183
2014,中鴻,15,0,15,群益金鼎-高雄,2024-06-06,9183
2520,冠德,20,5,15,群益金鼎-高雄,2024-06-06,9183
4909,新復興,17,2,15,群益金鼎-高雄,2024-06-06,9183
2613,中櫃,31,17,14,群益金鼎-高雄,2024-06-06,9183
8096,擎亞,18,4,14,群益金鼎-高雄,2024-06-06,9183
2367,燿華,75,62,13,群益金鼎-高雄,2024-06-06,9183
2464,盟立,23,10,13,群益金鼎-高雄,2024-06-06,9183
00921,兆豐龍頭等權重,12,0,12,群益金鼎-高雄,2024-06-06,9183
2427,三商電,23,11,12,群益金鼎-高雄,2024-06-06,9183
1570,力肯,11,0,11,群益金鼎-高雄,2024-06-06,9183
2208,台船,11,0,11,群益金鼎-高雄,2024-06-06,9183
00712,復華富時不動產,11,0,11,群益金鼎-高雄,2024-06-06,9183
1710,東聯,10,0,10,群益金鼎-高雄,2024-06-06,9183
2450,神腦,10,0,10,群益金鼎-高雄,2024-06-06,9183
3105,穩懋,10,0,10,群益金鼎-高雄,2024-06-06,9183
5608,四維航,33,23,10,群益金鼎-高雄,2024-06-06,9183
6125,廣運,37,27,10,群益金鼎-高雄,2024-06-06,9183
8089,康全電訊,10,0,10,群益金鼎-高雄,2024-06-06,9183
9103,美德醫療-DR,10,0,10,群益金鼎-高雄,2024-06-06,9183
2201,裕隆,10,1,9,群益金鼎-高雄,2024-06-06,9183
3605,宏致,11,2,9,群益金鼎-高雄,2024-06-06,9183
6197,佳必琪,15,6,9,群益金鼎-高雄,2024-06-06,9183
00929,復華台灣科技優息,19,10,9,群益金鼎-高雄,2024-06-06,9183
1784,訊聯,9,1,8,群益金鼎-高雄,2024-06-06,9183
2363,矽統,23,15,8,群益金鼎-高雄,2024-06-06,9183
00929,復華台灣科技優息,141,0,141,群益金鼎-高雄,2024-06-07,9183
9105,泰金寶-DR,390,251,139,群益金鼎-高雄,2024-06-07,9183
3231,緯創,77,12,65,群益金鼎-高雄,2024-06-07,9183
2312,金寶,70,7,63,群益金鼎-高雄,2024-06-07,9183
2882,國泰金,72,22,50,群益金鼎-高雄,2024-06-07,9183
8210,勤誠,45,1,44,群益金鼎-高雄,2024-06-07,9183
00637L,元大滬深300正2,42,0,42,群益金鼎-高雄,2024-06-07,9183
1609,大亞,58,28,30,群益金鼎-高雄,2024-06-07,9183
00895,富邦未來車,30,0,30,群益金鼎-高雄,2024-06-07,9183
00937B,群益ESG投等債20,52,25,27,群益金鼎-高雄,2024-06-07,9183
6257,矽格,26,0,26,群益金鼎-高雄,2024-06-07,9183
2331,精英,21,1,20,群益金鼎-高雄,2024-06-07,9183
2330,台積電,26,6,20,群益金鼎-高雄,2024-06-07,9183
6419,京晨科,20,1,19,群益金鼎-高雄,2024-06-07,9183
2208,台船,18,0,18,群益金鼎-高雄,2024-06-07,9183
2353,宏��,18,2,16,群益金鼎-高雄,2024-06-07,9183
2388,威盛,17,1,16,群益金鼎-高雄,2024-06-07,9183
00936,台新永續高息中小,16,0,16,群益金鼎-高雄,2024-06-07,9183
2354,鴻準,26,10,16,群益金鼎-高雄,2024-06-07,9183
00923,群益台ESG低碳50,40,25,15,群益金鼎-高雄,2024-06-07,9183
00680L,元大美債20正2,16,1,15,群益金鼎-高雄,2024-06-07,9183
3605,宏致,17,2,15,群益金鼎-高雄,2024-06-07,9183
4909,新復興,19,4,15,群益金鼎-高雄,2024-06-07,9183
1611,中電,16,1,15,群益金鼎-高雄,2024-06-07,9183
2615,萬海,43,30,13,群益金鼎-高雄,2024-06-07,9183
2371,大同,29,17,12,群益金鼎-高雄,2024-06-07,9183
1524,耿鼎,13,1,12,群益金鼎-高雄,2024-06-07,9183
00885,富邦越南,10,0,10,群益金鼎-高雄,2024-06-07,9183
00733,富邦臺灣中小,64,54,10,群益金鼎-高雄,2024-06-07,9183
2313,華通,41,31,10,群益金鼎-高雄,2024-06-07,9183
2547,日勝生,10,0,10,群益金鼎-高雄,2024-06-07,9183
00878,國泰永續高股息,10,0,10,群益金鼎-高雄,2024-06-07,9183
2236,百達-KY,9,0,9,群益金鼎-高雄,2024-06-07,9183
1570,力肯,9,0,9,群益金鼎-高雄,2024-06-07,9183
4154,樂威科-KY,9,0,9,群益金鼎-高雄,2024-06-07,9183
6770,力積電,9,0,9,群益金鼎-高雄,2024-06-07,9183
8383,千附,9,0,9,群益金鼎-高雄,2024-06-07,9183
2348,海悅,10,2,8,群益金鼎-高雄,2024-06-07,9183
2506,太設,11,3,8,群益金鼎-高雄,2024-06-07,9183
3122,笙泉,41,33,8,群益金鼎-高雄,2024-06-07,9183
3313,斐成,11,3,8,群益金鼎-高雄,2024-06-07,9183
5388,中磊,10,2,8,群益金鼎-高雄,2024-06-07,9183
2324,仁寶,9,1,8,群益金鼎-高雄,2024-06-07,9183
2317,鴻海,13,5,8,群益金鼎-高雄,2024-06-07,9183
2809,京城銀,12,5,7,群益金鼎-高雄,2024-06-07,9183
2886,兆豐金,13,6,7,群益金鼎-高雄,2024-06-07,9183
5353,台林,7,0,7,群益金鼎-高雄,2024-06-07,9183
2367,燿華,42,35,7,群益金鼎-高雄,2024-06-07,9183
2603,長榮,14,8,6,群益金鼎-高雄,2024-06-07,9183
00891,中信關鍵半導體,6,0,6,群益金鼎-高雄,2024-06-07,9183
00937B,群益ESG投等債20,803,20,783,群益金鼎-高雄,2024-06-11,9183
2609,陽明,341,129,212,群益金鼎-高雄,2024-06-11,9183
00632R,元大台灣50反1,200,0,200,群益金鼎-高雄,2024-06-11,9183
00918,大華優利高填息30,127,0,127,群益金鼎-高雄,2024-06-11,9183
3583,辛耘,127,7,120,群益金鼎-高雄,2024-06-11,9183
00942B,台新美A公司債20+,111,0,111,群益金鼎-高雄,2024-06-11,9183
00753L,中信中國50正2,101,2,99,群益金鼎-高雄,2024-06-11,9183
00919,群益台灣精選高息,70,4,66,群益金鼎-高雄,2024-06-11,9183
2888,新光金,88,22,66,群益金鼎-高雄,2024-06-11,9183
2409,友達,72,9,63,群益金鼎-高雄,2024-06-11,9183
00878,國泰永續高股息,53,0,53,群益金鼎-高雄,2024-06-11,9183
6207,雷科,57,4,53,群益金鼎-高雄,2024-06-11,9183
2002,中鋼,53,3,50,群益金鼎-高雄,2024-06-11,9183
00936,台新永續高息中小,45,1,44,群益金鼎-高雄,2024-06-11,9183
00940,元大台灣價值高息,74,31,43,群益金鼎-高雄,2024-06-11,9183
3202,樺晟,52,10,42,群益金鼎-高雄,2024-06-11,9183
6548,長科*,41,0,41,群益金鼎-高雄,2024-06-11,9183
2607,榮運,40,0,40,群益金鼎-高雄,2024-06-11,9183
3231,緯創,45,10,35,群益金鼎-高雄,2024-06-11,9183
2603,長榮,45,13,32,群益金鼎-高雄,2024-06-11,9183
4714,永捷,31,0,31,群益金鼎-高雄,2024-06-11,9183
1308,亞聚,30,0,30,群益金鼎-高雄,2024-06-11,9183
2356,英業達,34,4,30,群益金鼎-高雄,2024-06-11,9183
3483,力致,33,4,29,群益金鼎-高雄,2024-06-11,9183
00929,復華台灣科技優息,30,3,27,群益金鼎-高雄,2024-06-11,9183
8210,勤誠,41,15,26,群益金鼎-高雄,2024-06-11,9183
3481,群創,25,0,25,群益金鼎-高雄,2024-06-11,9183
2606,裕民,27,2,25,群益金鼎-高雄,2024-06-11,9183
1218,泰山,24,0,24,群益金鼎-高雄,2024-06-11,9183
3049,精金,24,0,24,群益金鼎-高雄,2024-06-11,9183
4183,福永生技,24,0,24,群益金鼎-高雄,2024-06-11,9183
00687B,國泰20年美債,94,71,23,群益金鼎-高雄,2024-06-11,9183
2354,鴻準,44,22,22,群益金鼎-高雄,2024-06-11,9183
8089,康全電訊,32,10,22,群益金鼎-高雄,2024-06-11,9183
1609,大亞,31,9,22,群益金鼎-高雄,2024-06-11,9183
2537,聯上發,59,38,21,群益金鼎-高雄,2024-06-11,9183
1314,中石化,55,35,20,群益金鼎-高雄,2024-06-11,9183
2349,錸德,20,0,20,群益金鼎-高雄,2024-06-11,9183
3047,訊舟,138,118,20,群益金鼎-高雄,2024-06-11,9183
9907,統一實,21,1,20,群益金鼎-高雄,2024-06-11,9183
1785,光洋科,20,1,19,群益金鼎-高雄,2024-06-11,9183
5519,隆大,19,1,18,群益金鼎-高雄,2024-06-11,9183
2634,漢翔,17,0,17,群益金鼎-高雄,2024-06-11,9183
00720B,元大投資級公司債,17,0,17,群益金鼎-高雄,2024-06-11,9183
2303,聯電,28,12,16,群益金鼎-高雄,2024-06-11,9183
6125,廣運,22,6,16,群益金鼎-高雄,2024-06-11,9183
00882,中信中國高股息,16,0,16,群益金鼎-高雄,2024-06-11,9183
6116,彩晶,16,0,16,群益金鼎-高雄,2024-06-11,9183
00751B,元大AAA至A公司債,15,0,15,群益金鼎-高雄,2024-06-11,9183
1301,台塑,15,0,15,群益金鼎-高雄,2024-06-11,9183
00940,元大台灣價值高息,501,39,462,群益金鼎-高雄,2024-06-12,9183
2883B,凱基金乙特,443,0,443,群益金鼎-高雄,2024-06-12,9183
1815,富喬,174,26,148,群益金鼎-高雄,2024-06-12,9183
00680L,元大美債20正2,144,2,142,群益金鼎-高雄,2024-06-12,9183
00688L,國泰20年美債正2,119,1,118,群益金鼎-高雄,2024-06-12,9183
00687B,國泰20年美債,107,9,98,群益金鼎-高雄,2024-06-12,9183
2609,陽明,198,112,86,群益金鼎-高雄,2024-06-12,9183
1101,台泥,80,2,78,群益金鼎-高雄,2024-06-12,9183
00882,中信中國高股息,71,0,71,群益金鼎-高雄,2024-06-12,9183
00632R,元大台灣50反1,70,0,70,群益金鼎-高雄,2024-06-12,9183
00948B,中信優息投資級債,51,0,51,群益金鼎-高雄,2024-06-12,9183
2883,凱基金,57,13,44,群益金鼎-高雄,2024-06-12,9183
00713,元大台灣高息低波,41,0,41,群益金鼎-高雄,2024-06-12,9183
3652,精聯,44,4,40,群益金鼎-高雄,2024-06-12,9183
00929,復華台灣科技優息,46,6,40,群益金鼎-高雄,2024-06-12,9183
00937B,群益ESG投等債20,38,0,38,群益金鼎-高雄,2024-06-12,9183
2442,新美齊,33,0,33,群益金鼎-高雄,2024-06-12,9183
8210,勤誠,32,0,32,群益金鼎-高雄,2024-06-12,9183
6548,長科*,30,0,30,群益金鼎-高雄,2024-06-12,9183
2374,佳能,62,33,29,群益金鼎-高雄,2024-06-12,9183
6695,芯鼎,33,6,27,群益金鼎-高雄,2024-06-12,9183
3481,群創,25,0,25,群益金鼎-高雄,2024-06-12,9183
2241,艾姆勒,24,0,24,群益金鼎-高雄,2024-06-12,9183
2882,國泰金,38,14,24,群益金鼎-高雄,2024-06-12,9183
1314,中石化,80,57,23,群益金鼎-高雄,2024-06-12,9183
3583,辛耘,25,2,23,群益金鼎-高雄,2024-06-12,9183
00712,復華富時不動產,20,0,20,群益金鼎-高雄,2024-06-12,9183
2030,彰源,20,0,20,群益金鼎-高雄,2024-06-12,9183
3231,緯創,29,11,18,群益金鼎-高雄,2024-06-12,9183
2337,旺宏,21,3,18,群益金鼎-高雄,2024-06-12,9183
2482,連宇,17,0,17,群益金鼎-高雄,2024-06-12,9183
00919,群益台灣精選高息,49,32,17,群益金鼎-高雄,2024-06-12,9183
2002,中鋼,21,5,16,群益金鼎-高雄,2024-06-12,9183
2607,榮運,15,0,15,群益金鼎-高雄,2024-06-12,9183
6706,惠特,32,17,15,群益金鼎-高雄,2024-06-12,9183
5905,南仁湖,14,0,14,群益金鼎-高雄,2024-06-12,9183
1618,合機,20,8,12,群益金鼎-高雄,2024-06-12,9183
1802,台玻,12,0,12,群益金鼎-高雄,2024-06-12,9183
2409,友達,12,0,12,群益金鼎-高雄,2024-06-12,9183
2020,美亞,11,0,11,群益金鼎-高雄,2024-06-12,9183
6125,廣運,20,10,10,群益金鼎-高雄,2024-06-12,9183
2208,台船,10,0,10,群益金鼎-高雄,2024-06-12,9183
00724B,群益投資級金融債,10,0,10,群益金鼎-高雄,2024-06-12,9183
00751B,元大AAA至A公司債,10,0,10,群益金鼎-高雄,2024-06-12,9183
2610,華航,14,4,10,群益金鼎-高雄,2024-06-12,9183
4562,穎漢,15,5,10,群益金鼎-高雄,2024-06-12,9183
2105,正新,9,0,9,群益金鼎-高雄,2024-06-12,9183
2312,金寶,23,14,9,群益金鼎-高雄,2024-06-12,9183
2867,三商壽,9,0,9,群益金鼎-高雄,2024-06-12,9183
6903,巨漢,10,1,9,群益金鼎-高雄,2024-06-12,9183
9105,泰金寶-DR,300,146,154,群益金鼎-高雄,2024-06-13,9183
00632R,元大台灣50反1,106,0,106,群益金鼎-高雄,2024-06-13,9183
00919,群益台灣精選高息,134,35,99,群益金鼎-高雄,2024-06-13,9183
2618,長榮航,90,7,83,群益金鼎-高雄,2024-06-13,9183
00878,國泰永續高股息,82,4,78,群益金鼎-高雄,2024-06-13,9183
00929,復華台灣科技優息,149,77,72,群益金鼎-高雄,2024-06-13,9183
2002,中鋼,83,20,63,群益金鼎-高雄,2024-06-13,9183
00937B,群益ESG投等債20,212,150,62,群益金鼎-高雄,2024-06-13,9183
2611,志信,50,0,50,群益金鼎-高雄,2024-06-13,9183
6207,雷科,103,58,45,群益金鼎-高雄,2024-06-13,9183
00936,台新永續高息中小,39,6,33,群益金鼎-高雄,2024-06-13,9183
9136,巨騰-DR,29,0,29,群益金鼎-高雄,2024-06-13,9183
00948B,中信優息投資級債,28,0,28,群益金鼎-高雄,2024-06-13,9183
8210,勤誠,52,24,28,群益金鼎-高雄,2024-06-13,9183
8039,台虹,30,3,27,群益金鼎-高雄,2024-06-13,9183
00830,國泰費城半導體,23,1,22,群益金鼎-高雄,2024-06-13,9183
00668,國泰美國道瓊,20,0,20,群益金鼎-高雄,2024-06-13,9183
1626,艾美特-KY,20,0,20,群益金鼎-高雄,2024-06-13,9183
1714,和桐,20,0,20,群益金鼎-高雄,2024-06-13,9183
2606,裕民,17,0,17,群益金鼎-高雄,2024-06-13,9183
2387,精元,20,4,16,群益金鼎-高雄,2024-06-13,9183
3176,基亞,16,0,16,群益金鼎-高雄,2024-06-13,9183
2607,榮運,15,0,15,群益金鼎-高雄,2024-06-13,9183
3062,建漢,15,0,15,群益金鼎-高雄,2024-06-13,9183
6188,廣明,17,3,14,群益金鼎-高雄,2024-06-13,9183
4552,力達-KY,15,1,14,群益金鼎-高雄,2024-06-13,9183
5905,南仁湖,14,0,14,群益金鼎-高雄,2024-06-13,9183
1609,大亞,16,2,14,群益金鼎-高雄,2024-06-13,9183
00947,台新臺灣IC設計,14,0,14,群益金鼎-高雄,2024-06-13,9183
1312,國喬,12,0,12,群益金鼎-高雄,2024-06-13,9183
8110,華東,26,14,12,群益金鼎-高雄,2024-06-13,9183
4562,穎漢,13,1,12,群益金鼎-高雄,2024-06-13,9183
00918,大華優利高填息30,15,4,11,群益金鼎-高雄,2024-06-13,9183
00882,中信中國高股息,10,0,10,群益金鼎-高雄,2024-06-13,9183
2330,台積電,22,11,11,群益金鼎-高雄,2024-06-13,9183
4147,中裕,10,0,10,群益金鼎-高雄,2024-06-13,9183
4402,郡都開發,10,0,10,群益金鼎-高雄,2024-06-13,9183
9919,康那香,10,0,10,群益金鼎-高雄,2024-06-13,9183
3583,辛耘,22,13,9,群益金鼎-高雄,2024-06-13,9183
1305,華夏,8,0,8,群益金鼎-高雄,2024-06-13,9183
3499,環天科,8,0,8,群益金鼎-高雄,2024-06-13,9183
2371,大同,25,18,7,群益金鼎-高雄,2024-06-13,9183
1301,台塑,11,4,7,群益金鼎-高雄,2024-06-13,9183
1528,恩德,7,0,7,群益金鼎-高雄,2024-06-13,9183
2352,佳世達,7,0,7,群益金鼎-高雄,2024-06-13,9183
2368,金像電,10,3,7,群益金鼎-高雄,2024-06-13,9183
2420,新巨,14,7,7,群益金鼎-高雄,2024-06-13,9183
2809,京城銀,7,0,7,群益金鼎-高雄,2024-06-13,9183
5443,均豪,9,2,7,群益金鼎-高雄,2024-06-13,9183
6235,華孚,8,1,7,群益金鼎-高雄,2024-06-13,9183
00687B,國泰20年美債,706,37,669,群益金鼎-高雄,2024-06-14,9183
2851,中再保,600,0,600,群益金鼎-高雄,2024-06-14,9183
00937B,群益ESG投等債20,125,20,105,群益金鼎-高雄,2024-06-14,9183
00946,群益科技高息成長,705,603,102,群益金鼎-高雄,2024-06-14,9183
9136,巨騰-DR,95,6,89,群益金鼎-高雄,2024-06-14,9183
00679B,元大美債20年,122,36,86,群益金鼎-高雄,2024-06-14,9183
2308,台達電,80,0,80,群益金鼎-高雄,2024-06-14,9183
00948B,中信優息投資級債,72,0,72,群益金鼎-高雄,2024-06-14,9183
2388,威盛,80,9,71,群益金鼎-高雄,2024-06-14,9183
6505,台塑化,70,0,70,群益金鼎-高雄,2024-06-14,9183
1714,和桐,56,0,56,群益金鼎-高雄,2024-06-14,9183
6207,雷科,57,2,55,群益金鼎-高雄,2024-06-14,9183
3105,穩懋,68,14,54,群益金鼎-高雄,2024-06-14,9183
2618,長榮航,54,9,45,群益金鼎-高雄,2024-06-14,9183
2605,新興,48,4,44,群益金鼎-高雄,2024-06-14,9183
2002,中鋼,45,4,41,群益金鼎-高雄,2024-06-14,9183
00918,大華優利高填息30,197,161,36,群益金鼎-高雄,2024-06-14,9183
00680L,元大美債20正2,75,40,35,群益金鼎-高雄,2024-06-14,9183
2392,正崴,71,41,30,群益金鼎-高雄,2024-06-14,9183
1626,艾美特-KY,30,0,30,群益金鼎-高雄,2024-06-14,9183
2537,聯上發,29,0,29,群益金鼎-高雄,2024-06-14,9183
6257,矽格,28,0,28,群益金鼎-高雄,2024-06-14,9183
5905,南仁湖,30,3,27,群益金鼎-高雄,2024-06-14,9183
2548,華固,30,4,26,群益金鼎-高雄,2024-06-14,9183
6547,高端疫苗,30,6,24,群益金鼎-高雄,2024-06-14,9183
2888,新光金,34,10,24,群益金鼎-高雄,2024-06-14,9183
2363,矽統,54,31,23,群益金鼎-高雄,2024-06-14,9183
00713,元大台灣高息低波,22,0,22,群益金鼎-高雄,2024-06-14,9183
2371,大同,71,50,21,群益金鼎-高雄,2024-06-14,9183
00915,凱基優選高股息30,20,0,20,群益金鼎-高雄,2024-06-14,9183
3047,訊舟,21,2,19,群益金鼎-高雄,2024-06-14,9183
00929,復華台灣科技優息,276,259,17,群益金鼎-高雄,2024-06-14,9183
2330,台積電,19,2,17,群益金鼎-高雄,2024-06-14,9183
00637L,元大滬深300正2,17,0,17,群益金鼎-高雄,2024-06-14,9183
3605,宏致,17,1,16,群益金鼎-高雄,2024-06-14,9183
8028,昇陽半導體,40,24,16,群益金鼎-高雄,2024-06-14,9183
2354,鴻準,29,14,15,群益金鼎-高雄,2024-06-14,9183
2905,三商,15,0,15,群益金鼎-高雄,2024-06-14,9183
2913,農林,19,4,15,群益金鼎-高雄,2024-06-14,9183
6209,今國光,17,2,15,群益金鼎-高雄,2024-06-14,9183
1101,台泥,20,6,14,群益金鼎-高雄,2024-06-14,9183
2460,建通,14,1,13,群益金鼎-高雄,2024-06-14,9183
2834,臺企銀,13,0,13,群益金鼎-高雄,2024-06-14,9183
2377,微星,12,0,12,群益金鼎-高雄,2024-06-14,9183
1532,勤美,12,0,12,群益金鼎-高雄,2024-06-14,9183
2353,宏��,31,19,12,群益金鼎-高雄,2024-06-14,9183
2482,連宇,16,4,12,群益金鼎-高雄,2024-06-14,9183
3048,益登,70,58,12,群益金鼎-高雄,2024-06-14,9183
3481,群創,20,8,12,群益金鼎-高雄,2024-06-14,9183
4976,佳凌,12,0,12,群益金鼎-高雄,2024-06-14,9183
00937B,群益ESG投等債20,590,7,583,群益金鼎-高雄,2024-06-17,9183
00936,台新永續高息中小,337,2,335,群益金鼎-高雄,2024-06-17,9183
00948B,中信優息投資級債,70,0,70,群益金鼎-高雄,2024-06-17,9183
00918,大華優利高填息30,193,124,69,群益金鼎-高雄,2024-06-17,9183
00882,中信中國高股息,66,0,66,群益金鼎-高雄,2024-06-17,9183
2382,廣達,63,2,61,群益金鼎-高雄,2024-06-17,9183
00946,群益科技高息成長,660,604,56,群益金鼎-高雄,2024-06-17,9183
2312,金寶,119,64,55,群益金鼎-高雄,2024-06-17,9183
1101,台泥,41,0,41,群益金鼎-高雄,2024-06-17,9183
00878,國泰永續高股息,48,9,39,群益金鼎-高雄,2024-06-17,9183
6505,台塑化,50,14,36,群益金鼎-高雄,2024-06-17,9183
2615,萬海,54,19,35,群益金鼎-高雄,2024-06-17,9183
9904,寶成,32,0,32,群益金鼎-高雄,2024-06-17,9183
00895,富邦未來車,30,0,30,群益金鼎-高雄,2024-06-17,9183
8210,勤誠,38,8,30,群益金鼎-高雄,2024-06-17,9183
00772B,中信高評級公司債,25,0,25,群益金鼎-高雄,2024-06-17,9183
2515,中工,24,0,24,群益金鼎-高雄,2024-06-17,9183
3149,正達,22,0,22,群益金鼎-高雄,2024-06-17,9183
2101,南港,21,0,21,群益金鼎-高雄,2024-06-17,9183
00830,國泰費城半導體,20,0,20,群益金鼎-高雄,2024-06-17,9183
00947,台新臺灣IC設計,20,0,20,群益金鼎-高雄,2024-06-17,9183
2241,艾姆勒,20,0,20,群益金鼎-高雄,2024-06-17,9183
2303,聯電,32,12,20,群益金鼎-高雄,2024-06-17,9183
00929,復華台灣科技優息,98,78,20,群益金鼎-高雄,2024-06-17,9183
2308,台達電,20,0,20,群益金鼎-高雄,2024-06-17,9183
2317,鴻海,32,12,20,群益金鼎-高雄,2024-06-17,9183
3710,連展投控,21,2,19,群益金鼎-高雄,2024-06-17,9183
2314,台揚,19,1,18,群益金鼎-高雄,2024-06-17,9183
8039,台虹,24,6,18,群益金鼎-高雄,2024-06-17,9183
6548,長科*,16,1,15,群益金鼎-高雄,2024-06-17,9183
00941,中信上游半導體,13,0,13,群益金鼎-高雄,2024-06-17,9183
2330,台積電,18,5,13,群益金鼎-高雄,2024-06-17,9183
00713,元大台灣高息低波,14,1,13,群益金鼎-高雄,2024-06-17,9183
4903,聯光通,13,0,13,群益金鼎-高雄,2024-06-17,9183
2377,微星,15,3,12,群益金鼎-高雄,2024-06-17,9183
00885,富邦越南,12,0,12,群益金鼎-高雄,2024-06-17,9183
00687B,國泰20年美債,42,30,12,群益金鼎-高雄,2024-06-17,9183
2327,國巨,11,0,11,群益金鼎-高雄,2024-06-17,9183
00795B,中信美國公債20年,11,0,11,群益金鼎-高雄,2024-06-17,9183
2427,三商電,11,0,11,群益金鼎-高雄,2024-06-17,9183
00919,群益台灣精選高息,53,43,10,群益金鼎-高雄,2024-06-17,9183
00876,元大全球5G,10,0,10,群益金鼎-高雄,2024-06-17,9183
2387,精元,10,0,10,群益金鼎-高雄,2024-06-17,9183
6120,達運,10,0,10,群益金鼎-高雄,2024-06-17,9183
2348,海悅,11,1,10,群益金鼎-高雄,2024-06-17,9183
2542,興富發,24,14,10,群益金鼎-高雄,2024-06-17,9183
5443,均豪,23,14,9,群益金鼎-高雄,2024-06-17,9183
1210,大成,11,2,9,群益金鼎-高雄,2024-06-17,9183
1616,億泰,9,0,9,群益金鼎-高雄,2024-06-17,9183
2379,瑞昱,9,1,8,群益金鼎-高雄,2024-06-17,9183
00679B,元大美債20年,176,0,176,群益金鼎-高雄,2024-06-18,9183
00940,元大台灣價值高息,215,71,144,群益金鼎-高雄,2024-06-18,9183
00946,群益科技高息成長,738,608,130,群益金鼎-高雄,2024-06-18,9183
00933B,國泰10Y+金融債,85,0,85,群益金鼎-高雄,2024-06-18,9183
00937B,群益ESG投等債20,408,325,83,群益金鼎-高雄,2024-06-18,9183
00733,富邦臺灣中小,144,65,79,群益金鼎-高雄,2024-06-18,9183
6207,雷科,78,2,76,群益金鼎-高雄,2024-06-18,9183
00936,台新永續高息中小,129,75,54,群益金鼎-高雄,2024-06-18,9183
2317,鴻海,77,26,51,群益金鼎-高雄,2024-06-18,9183
3047,訊舟,51,0,51,群益金鼎-高雄,2024-06-18,9183
00918,大華優利高填息30,72,24,48,群益金鼎-高雄,2024-06-18,9183
2353,宏��,49,8,41,群益金鼎-高雄,2024-06-18,9183
2371,大同,56,24,32,群益金鼎-高雄,2024-06-18,9183
00680L,元大美債20正2,28,0,28,群益金鼎-高雄,2024-06-18,9183
1101,台泥,30,2,28,群益金鼎-高雄,2024-06-18,9183
5202,力新,35,7,28,群益金鼎-高雄,2024-06-18,9183
00919,群益台灣精選高息,175,147,28,群益金鼎-高雄,2024-06-18,9183
1802,台玻,30,3,27,群益金鼎-高雄,2024-06-18,9183
3163,波若威,38,11,27,群益金鼎-高雄,2024-06-18,9183
3049,精金,26,0,26,群益金鼎-高雄,2024-06-18,9183
2105,正新,26,0,26,群益金鼎-高雄,2024-06-18,9183
2929,淘帝-KY,23,0,23,群益金鼎-高雄,2024-06-18,9183
2801,彰銀,25,2,23,群益金鼎-高雄,2024-06-18,9183
3202,樺晟,29,8,21,群益金鼎-高雄,2024-06-18,9183
00764B,群益25年美債,93,73,20,群益金鼎-高雄,2024-06-18,9183
00688L,國泰20年美債正2,20,0,20,群益金鼎-高雄,2024-06-18,9183
2020,美亞,20,0,20,群益金鼎-高雄,2024-06-18,9183
00687B,國泰20年美債,20,0,20,群益金鼎-高雄,2024-06-18,9183
1504,東元,20,2,18,群益金鼎-高雄,2024-06-18,9183
2316,楠梓電,17,2,15,群益金鼎-高雄,2024-06-18,9183
8210,勤誠,15,0,15,群益金鼎-高雄,2024-06-18,9183
00722B,群益投資級電信債,15,0,15,群益金鼎-高雄,2024-06-18,9183
8093,保銳,14,0,14,群益金鼎-高雄,2024-06-18,9183
2002,中鋼,16,3,13,群益金鼎-高雄,2024-06-18,9183
1815,富喬,24,11,13,群益金鼎-高雄,2024-06-18,9183
2367,燿華,15,2,13,群益金鼎-高雄,2024-06-18,9183
2356,英業達,12,0,12,群益金鼎-高雄,2024-06-18,9183
3006,晶豪科,12,0,12,群益金鼎-高雄,2024-06-18,9183
3264,欣銓,12,0,12,群益金鼎-高雄,2024-06-18,9183
6116,彩晶,12,0,12,群益金鼎-高雄,2024-06-18,9183
6167,久正,12,0,12,群益金鼎-高雄,2024-06-18,9183
2385,群光,12,1,11,群益金鼎-高雄,2024-06-18,9183
2340,台亞,10,0,10,群益金鼎-高雄,2024-06-18,9183
5371,中光電,13,3,10,群益金鼎-高雄,2024-06-18,9183
1314,中石化,45,35,10,群益金鼎-高雄,2024-06-18,9183
1609,大亞,24,14,10,群益金鼎-高雄,2024-06-18,9183
1733,五鼎,10,0,10,群益金鼎-高雄,2024-06-18,9183
2608,嘉里大榮,10,0,10,群益金鼎-高雄,2024-06-18,9183
4967,十銓,20,10,10,群益金鼎-高雄,2024-06-18,9183
8410,森田,10,0,10,群益金鼎-高雄,2024-06-18,9183
00679B,元大美債20年,315,15,300,群益金鼎-高雄,2024-06-19,9183
00680L,元大美債20正2,211,0,211,群益金鼎-高雄,2024-06-19,9183
00632R,元大台灣50反1,412,214,198,群益金鼎-高雄,2024-06-19,9183
00751B,元大AAA至A公司債,170,0,170,群益金鼎-高雄,2024-06-19,9183
00688L,國泰20年美債正2,130,0,130,群益金鼎-高雄,2024-06-19,9183
00673R,期元大S＆P原油反1,101,0,101,群益金鼎-高雄,2024-06-19,9183
00687B,國泰20年美債,101,1,100,群益金鼎-高雄,2024-06-19,9183
2417,圓剛,100,1,99,群益金鼎-高雄,2024-06-19,9183
00936,台新永續高息中小,67,0,67,群益金鼎-高雄,2024-06-19,9183
2834,臺企銀,61,2,59,群益金鼎-高雄,2024-06-19,9183
8938,明安,50,0,50,群益金鼎-高雄,2024-06-19,9183
3264,欣銓,52,12,40,群益金鼎-高雄,2024-06-19,9183
00927,群益半導體收益,35,3,32,群益金鼎-高雄,2024-06-19,9183
5490,同亨,35,3,32,群益金鼎-高雄,2024-06-19,9183
2371,大同,39,9,30,群益金鼎-高雄,2024-06-19,9183
00713,元大台灣高息低波,25,0,25,群益金鼎-高雄,2024-06-19,9183
4532,瑞智,20,0,20,群益金鼎-高雄,2024-06-19,9183
3705,永信,20,0,20,群益金鼎-高雄,2024-06-19,9183
6753,龍德造船,22,2,20,群益金鼎-高雄,2024-06-19,9183
2337,旺宏,22,4,18,群益金鼎-高雄,2024-06-19,9183
3202,樺晟,31,14,17,群益金鼎-高雄,2024-06-19,9183
6770,力積電,35,18,17,群益金鼎-高雄,2024-06-19,9183
3481,群創,37,21,16,群益金鼎-高雄,2024-06-19,9183
1314,中石化,20,5,15,群益金鼎-高雄,2024-06-19,9183
8110,華東,20,5,15,群益金鼎-高雄,2024-06-19,9183
0052,富邦科技,14,0,14,群益金鼎-高雄,2024-06-19,9183
6180,橘子,14,1,13,群益金鼎-高雄,2024-06-19,9183
6505,台塑化,27,14,13,群益金鼎-高雄,2024-06-19,9183
00720B,元大投資級公司債,12,0,12,群益金鼎-高雄,2024-06-19,9183
00934,中信成長高股息,12,0,12,群益金鼎-高雄,2024-06-19,9183
2377,微星,11,0,11,群益金鼎-高雄,2024-06-19,9183
00946,群益科技高息成長,611,600,11,群益金鼎-高雄,2024-06-19,9183
5351,鈺創,13,2,11,群益金鼎-高雄,2024-06-19,9183
4967,十銓,16,6,10,群益金鼎-高雄,2024-06-19,9183
6269,台郡,10,0,10,群益金鼎-高雄,2024-06-19,9183
1109,信大,10,0,10,群益金鼎-高雄,2024-06-19,9183
1218,泰山,10,0,10,群益金鼎-高雄,2024-06-19,9183
1605,華新,12,2,10,群益金鼎-高雄,2024-06-19,9183
2020,美亞,10,0,10,群益金鼎-高雄,2024-06-19,9183
3338,泰碩,10,0,10,群益金鼎-高雄,2024-06-19,9183
3567,逸昌,10,0,10,群益金鼎-高雄,2024-06-19,9183
8049,晶采,10,0,10,群益金鼎-高雄,2024-06-19,9183
912000,晨訊科-DR,10,0,10,群益金鼎-高雄,2024-06-19,9183
2379,瑞昱,9,0,9,群益金鼎-高雄,2024-06-19,9183
3047,訊舟,11,2,9,群益金鼎-高雄,2024-06-19,9183
6190,萬泰科,17,8,9,群益金鼎-高雄,2024-06-19,9183
6658,聯策,10,1,9,群益金鼎-高雄,2024-06-19,9183
8040,九暘,9,0,9,群益金鼎-高雄,2024-06-19,9183
3591,艾笛森,9,1,8,群益金鼎-高雄,2024-06-19,9183
3231,緯創,36,28,8,群益金鼎-高雄,2024-06-19,9183
00937B,群益ESG投等債20,363,204,159,群益金鼎-高雄,2024-06-20,9183
00946,群益科技高息成長,706,585,121,群益金鼎-高雄,2024-06-20,9183
2353,宏��,107,6,101,群益金鼎-高雄,2024-06-20,9183
00753L,中信中國50正2,200,100,100,群益金鼎-高雄,2024-06-20,9183
00687B,國泰20年美債,79,5,74,群益金鼎-高雄,2024-06-20,9183
3163,波若威,64,8,56,群益金鼎-高雄,2024-06-20,9183
00712,復華富時不動產,55,0,55,群益金鼎-高雄,2024-06-20,9183
00918,大華優利高填息30,107,59,48,群益金鼎-高雄,2024-06-20,9183
00680L,元大美債20正2,37,0,37,群益金鼎-高雄,2024-06-20,9183
2382,廣達,64,30,34,群益金鼎-高雄,2024-06-20,9183
8105,凌巨,41,8,33,群益金鼎-高雄,2024-06-20,9183
00936,台新永續高息中小,34,2,32,群益金鼎-高雄,2024-06-20,9183
6216,居易,38,12,26,群益金鼎-高雄,2024-06-20,9183
00882,中信中國高股息,40,15,25,群益金鼎-高雄,2024-06-20,9183
6431,光麗-KY,22,0,22,群益金鼎-高雄,2024-06-20,9183
1570,力肯,21,0,21,群益金鼎-高雄,2024-06-20,9183
2348,海悅,41,20,21,群益金鼎-高雄,2024-06-20,9183
4529,淳紳,20,0,20,群益金鼎-高雄,2024-06-20,9183
2615,萬海,54,35,19,群益金鼎-高雄,2024-06-20,9183
00934,中信成長高股息,18,0,18,群益金鼎-高雄,2024-06-20,9183
3047,訊舟,19,1,18,群益金鼎-高雄,2024-06-20,9183
2330,台積電,23,5,18,群益金鼎-高雄,2024-06-20,9183
2618,長榮航,36,19,17,群益金鼎-高雄,2024-06-20,9183
9919,康那香,22,5,17,群益金鼎-高雄,2024-06-20,9183
4768,晶呈科技,17,1,16,群益金鼎-高雄,2024-06-20,9183
4306,炎洲,15,0,15,群益金鼎-高雄,2024-06-20,9183
00688L,國泰20年美債正2,14,0,14,群益金鼎-高雄,2024-06-20,9183
2316,楠梓電,70,56,14,群益金鼎-高雄,2024-06-20,9183
2888,新光金,15,3,12,群益金鼎-高雄,2024-06-20,9183
6153,嘉聯益,12,0,12,群益金鼎-高雄,2024-06-20,9183
6505,台塑化,13,1,12,群益金鼎-高雄,2024-06-20,9183
6005,群益證,11,0,11,群益金鼎-高雄,2024-06-20,9183
3622,洋華,13,2,11,群益金鼎-高雄,2024-06-20,9183
2312,金寶,11,0,11,群益金鼎-高雄,2024-06-20,9183
2428,興勤,10,0,10,群益金鼎-高雄,2024-06-20,9183
00685L,群益臺灣加權正2,10,0,10,群益金鼎-高雄,2024-06-20,9183
00948B,中信優息投資級債,16,6,10,群益金鼎-高雄,2024-06-20,9183
1786,科妍,10,0,10,群益金鼎-高雄,2024-06-20,9183
2359,所羅門,24,14,10,群益金鼎-高雄,2024-06-20,9183
4999,鑫禾,10,0,10,群益金鼎-高雄,2024-06-20,9183
5475,德宏,10,1,9,群益金鼎-高雄,2024-06-20,9183
2385,群光,10,1,9,群益金鼎-高雄,2024-06-20,9183
3059,華晶科,9,0,9,群益金鼎-高雄,2024-06-20,9183
4526,東台,47,38,9,群益金鼎-高雄,2024-06-20,9183
8271,宇瞻,10,1,9,群益金鼎-高雄,2024-06-20,9183
00713,元大台灣高息低波,11,3,8,群益金鼎-高雄,2024-06-20,9183
5905,南仁湖,8,0,8,群益金鼎-高雄,2024-06-20,9183
1513,中興電,21,14,7,群益金鼎-高雄,2024-06-20,9183
2356,英業達,28,21,7,群益金鼎-高雄,2024-06-20,9183
2374,佳能,12,5,7,群益金鼎-高雄,2024-06-20,9183
00937B,群益ESG投等債20,1023,0,1023,群益金鼎-高雄,2024-06-21,9183
00940,元大台灣價值高息,329,25,304,群益金鼎-高雄,2024-06-21,9183
00919,群益台灣精選高息,158,39,119,群益金鼎-高雄,2024-06-21,9183
6120,達運,120,14,106,群益金鼎-高雄,2024-06-21,9183
1560,中砂,101,0,101,群益金鼎-高雄,2024-06-21,9183
00753L,中信中國50正2,100,0,100,群益金鼎-高雄,2024-06-21,9183
6207,雷科,135,35,100,群益金鼎-高雄,2024-06-21,9183
00637L,元大滬深300正2,124,25,99,群益金鼎-高雄,2024-06-21,9183
00946,群益科技高息成長,675,598,77,群益金鼎-高雄,2024-06-21,9183
2312,金寶,72,2,70,群益金鼎-高雄,2024-06-21,9183
2337,旺宏,72,7,65,群益金鼎-高雄,2024-06-21,9183
2498,宏達電,106,54,52,群益金鼎-高雄,2024-06-21,9183
00929,復華台灣科技優息,70,18,52,群益金鼎-高雄,2024-06-21,9183
00948B,中信優息投資級債,50,0,50,群益金鼎-高雄,2024-06-21,9183
2374,佳能,40,0,40,群益金鼎-高雄,2024-06-21,9183
5490,同亨,37,0,37,群益金鼎-高雄,2024-06-21,9183
00751B,元大AAA至A公司債,33,0,33,群益金鼎-高雄,2024-06-21,9183
2867,三商壽,33,0,33,群益金鼎-高雄,2024-06-21,9183
1503,士電,40,8,32,群益金鼎-高雄,2024-06-21,9183
00632R,元大台灣50反1,50,20,30,群益金鼎-高雄,2024-06-21,9183
6770,力積電,38,8,30,群益金鼎-高雄,2024-06-21,9183
2603,長榮,40,10,30,群益金鼎-高雄,2024-06-21,9183
2609,陽明,96,68,28,群益金鼎-高雄,2024-06-21,9183
2382,廣達,50,24,26,群益金鼎-高雄,2024-06-21,9183
00933B,國泰10Y+金融債,36,10,26,群益金鼎-高雄,2024-06-21,9183
9105,泰金寶-DR,36,10,26,群益金鼎-高雄,2024-06-21,9183
6438,迅得,22,0,22,群益金鼎-高雄,2024-06-21,9183
2348,海悅,22,0,22,群益金鼎-高雄,2024-06-21,9183
2330,台積電,23,1,22,群益金鼎-高雄,2024-06-21,9183
00876,元大全球5G,20,0,20,群益金鼎-高雄,2024-06-21,9183
2002,中鋼,22,2,20,群益金鼎-高雄,2024-06-21,9183
5236,凌陽創新,20,0,20,群益金鼎-高雄,2024-06-21,9183
00939,統一台灣高息動能,30,10,20,群益金鼎-高雄,2024-06-21,9183
8210,勤誠,34,15,19,群益金鼎-高雄,2024-06-21,9183
6505,台塑化,18,0,18,群益金鼎-高雄,2024-06-21,9183
2329,華泰,45,28,17,群益金鼎-高雄,2024-06-21,9183
2801,彰銀,17,0,17,群益金鼎-高雄,2024-06-21,9183
2634,漢翔,17,1,16,群益金鼎-高雄,2024-06-21,9183
3583,辛耘,16,0,16,群益金鼎-高雄,2024-06-21,9183
3466,德晉,16,1,15,群益金鼎-高雄,2024-06-21,9183
00936,台新永續高息中小,13,0,13,群益金鼎-高雄,2024-06-21,9183
00851,台新全球AI,12,0,12,群益金鼎-高雄,2024-06-21,9183
2014,中鴻,12,0,12,群益金鼎-高雄,2024-06-21,9183
2426,鼎元,12,0,12,群益金鼎-高雄,2024-06-21,9183
2371,大同,30,19,11,群益金鼎-高雄,2024-06-21,9183
3073,天方能源,11,0,11,群益金鼎-高雄,2024-06-21,9183
4562,穎漢,14,3,11,群益金鼎-高雄,2024-06-21,9183
2449,京元電子,39,28,11,群益金鼎-高雄,2024-06-21,9183
2313,華通,22,12,10,群益金鼎-高雄,2024-06-21,9183
00673R,期元大S＆P原油反1,10,0,10,群益金鼎-高雄,2024-06-21,9183
00882,中信中國高股息,220,10,210,群益金鼎-高雄,2024-06-24,9183
3264,欣銓,126,0,126,群益金鼎-高雄,2024-06-24,9183
00946,群益科技高息成長,690,589,101,群益金鼎-高雄,2024-06-24,9183
00753L,中信中國50正2,101,0,101,群益金鼎-高雄,2024-06-24,9183
6548,長科*,65,0,65,群益金鼎-高雄,2024-06-24,9183
00937B,群益ESG投等債20,60,2,58,群益金鼎-高雄,2024-06-24,9183
1785,光洋科,83,32,51,群益金鼎-高雄,2024-06-24,9183
00919,群益台灣精選高息,85,36,49,群益金鼎-高雄,2024-06-24,9183
00929,復華台灣科技優息,153,105,48,群益金鼎-高雄,2024-06-24,9183
3481,群創,324,278,46,群益金鼎-高雄,2024-06-24,9183
2330,台積電,53,8,45,群益金鼎-高雄,2024-06-24,9183
3047,訊舟,55,12,43,群益金鼎-高雄,2024-06-24,9183
4414,如興,42,0,42,群益金鼎-高雄,2024-06-24,9183
4306,炎洲,35,0,35,群益金鼎-高雄,2024-06-24,9183
3663,鑫科,52,18,34,群益金鼎-高雄,2024-06-24,9183
5328,華容,37,5,32,群益金鼎-高雄,2024-06-24,9183
00650L,復華香港正2,30,0,30,群益金鼎-高雄,2024-06-24,9183
6770,力積電,37,7,30,群益金鼎-高雄,2024-06-24,9183
00680L,元大美債20正2,30,1,29,群益金鼎-高雄,2024-06-24,9183
00936,台新永續高息中小,27,0,27,群益金鼎-高雄,2024-06-24,9183
00881,國泰台灣5G+,26,0,26,群益金鼎-高雄,2024-06-24,9183
00687B,國泰20年美債,23,1,22,群益金鼎-高雄,2024-06-24,9183
1301,台塑,23,1,22,群益金鼎-高雄,2024-06-24,9183
2891,中信金,32,11,21,群益金鼎-高雄,2024-06-24,9183
6505,台塑化,22,2,20,群益金鼎-高雄,2024-06-24,9183
3073,天方能源,40,20,20,群益金鼎-高雄,2024-06-24,9183
2317,鴻海,36,17,19,群益金鼎-高雄,2024-06-24,9183
00679B,元大美債20年,29,10,19,群益金鼎-高雄,2024-06-24,9183
00904,新光臺灣半導體30,17,0,17,群益金鼎-高雄,2024-06-24,9183
2886,兆豐金,25,8,17,群益金鼎-高雄,2024-06-24,9183
3289,宜特,32,15,17,群益金鼎-高雄,2024-06-24,9183
6438,迅得,17,0,17,群益金鼎-高雄,2024-06-24,9183
2408,南亞科,18,2,16,群益金鼎-高雄,2024-06-24,9183
00927,群益半導體收益,16,0,16,群益金鼎-高雄,2024-06-24,9183
2429,銘旺科,16,0,16,群益金鼎-高雄,2024-06-24,9183
6116,彩晶,16,0,16,群益金鼎-高雄,2024-06-24,9183
2885,元大金,15,0,15,群益金鼎-高雄,2024-06-24,9183
4768,晶呈科技,15,0,15,群益金鼎-高雄,2024-06-24,9183
6005,群益證,16,1,15,群益金鼎-高雄,2024-06-24,9183
2356,英業達,19,5,14,群益金鼎-高雄,2024-06-24,9183
6449,鈺邦,21,7,14,群益金鼎-高雄,2024-06-24,9183
2890,永豐金,15,1,14,群益金鼎-高雄,2024-06-24,9183
1752,南光,13,0,13,群益金鼎-高雄,2024-06-24,9183
2002,中鋼,14,1,13,群益金鼎-高雄,2024-06-24,9183
2515,中工,13,0,13,群益金鼎-高雄,2024-06-24,9183
6216,居易,14,1,13,群益金鼎-高雄,2024-06-24,9183
2353,宏��,30,18,12,群益金鼎-高雄,2024-06-24,9183
2392,正崴,13,1,12,群益金鼎-高雄,2024-06-24,9183
2388,威盛,12,0,12,群益金鼎-高雄,2024-06-24,9183
2615,萬海,18,6,12,群益金鼎-高雄,2024-06-24,9183
00688L,國泰20年美債正2,410,0,410,群益金鼎-高雄,2024-06-25,9183
00680L,元大美債20正2,358,3,355,群益金鼎-高雄,2024-06-25,9183
00931B,統一美債20年,340,50,290,群益金鼎-高雄,2024-06-25,9183
2883B,凱基金乙特,206,0,206,群益金鼎-高雄,2024-06-25,9183
2409,友達,206,3,203,群益金鼎-高雄,2024-06-25,9183
3481,群創,180,33,147,群益金鼎-高雄,2024-06-25,9183
2618,長榮航,125,5,120,群益金鼎-高雄,2024-06-25,9183
3231,緯創,122,17,105,群益金鼎-高雄,2024-06-25,9183
3264,欣銓,72,0,72,群益金鼎-高雄,2024-06-25,9183
00919,群益台灣精選高息,65,1,64,群益金鼎-高雄,2024-06-25,9183
00881,國泰台灣5G+,60,0,60,群益金鼎-高雄,2024-06-25,9183
00929,復華台灣科技優息,61,5,56,群益金鼎-高雄,2024-06-25,9183
2611,志信,54,0,54,群益金鼎-高雄,2024-06-25,9183
00664R,國泰臺灣加權反1,50,0,50,群益金鼎-高雄,2024-06-25,9183
2312,金寶,101,51,50,群益金鼎-高雄,2024-06-25,9183
00687B,國泰20年美債,46,8,38,群益金鼎-高雄,2024-06-25,9183
00936,台新永續高息中小,32,2,30,群益金鼎-高雄,2024-06-25,9183
00772B,中信高評級公司債,30,0,30,群益金鼎-高雄,2024-06-25,9183
00946,群益科技高息成長,735,708,27,群益金鼎-高雄,2024-06-25,9183
2472,立隆電,32,5,27,群益金鼎-高雄,2024-06-25,9183
3483,力致,31,5,26,群益金鼎-高雄,2024-06-25,9183
6869,雲豹能源,43,17,26,群益金鼎-高雄,2024-06-25,9183
3374,精材,31,5,26,群益金鼎-高雄,2024-06-25,9183
1301,台塑,51,31,20,群益金鼎-高雄,2024-06-25,9183
2883,凱基金,20,0,20,群益金鼎-高雄,2024-06-25,9183
2002,中鋼,48,30,18,群益金鼎-高雄,2024-06-25,9183
1314,中石化,92,75,17,群益金鼎-高雄,2024-06-25,9183
6116,彩晶,16,0,16,群益金鼎-高雄,2024-06-25,9183
1101,台泥,18,3,15,群益金鼎-高雄,2024-06-25,9183
3047,訊舟,18,3,15,群益金鼎-高雄,2024-06-25,9183
6419,京晨科,15,0,15,群益金鼎-高雄,2024-06-25,9183
2313,華通,16,2,14,群益金鼎-高雄,2024-06-25,9183
6957,裕慶-KY,16,2,14,群益金鼎-高雄,2024-06-25,9183
2344,華邦電,20,8,12,群益金鼎-高雄,2024-06-25,9183
2492,華新科,14,2,12,群益金鼎-高雄,2024-06-25,9183
2836,高雄銀,20,8,12,群益金鼎-高雄,2024-06-25,9183
1570,力肯,11,0,11,群益金鼎-高雄,2024-06-25,9183
2515,中工,11,0,11,群益金鼎-高雄,2024-06-25,9183
4956,光鋐,11,0,11,群益金鼎-高雄,2024-06-25,9183
2330,台積電,21,11,10,群益金鼎-高雄,2024-06-25,9183
00882,中信中國高股息,10,0,10,群益金鼎-高雄,2024-06-25,9183
00891,中信關鍵半導體,10,0,10,群益金鼎-高雄,2024-06-25,9183
2031,新光鋼,10,0,10,群益金鼎-高雄,2024-06-25,9183
8049,晶采,10,0,10,群益金鼎-高雄,2024-06-25,9183
8440,綠電,10,0,10,群益金鼎-高雄,2024-06-25,9183
00878,國泰永續高股息,8,0,8,群益金鼎-高雄,2024-06-25,9183
2542,興富發,9,1,8,群益金鼎-高雄,2024-06-25,9183
2352,佳世達,35,27,8,群益金鼎-高雄,2024-06-25,9183
2382,廣達,28,20,8,群益金鼎-高雄,2024-06-25,9183
00757,統一FANG+,8,1,7,群益金鼎-高雄,2024-06-25,9183
00632R,元大台灣50反1,312,12,300,群益金鼎-高雄,2024-06-26,9183
2883B,凱基金乙特,100,0,100,群益金鼎-高雄,2024-06-26,9183
2002,中鋼,96,1,95,群益金鼎-高雄,2024-06-26,9183
2449,京元電子,123,39,84,群益金鼎-高雄,2024-06-26,9183
2887,台新金,60,0,60,群益金鼎-高雄,2024-06-26,9183
2409,友達,81,22,59,群益金鼎-高雄,2024-06-26,9183
00881,國泰台灣5G+,52,0,52,群益金鼎-高雄,2024-06-26,9183
2892,第一金,46,0,46,群益金鼎-高雄,2024-06-26,9183
1314,中石化,75,29,46,群益金鼎-高雄,2024-06-26,9183
1301,台塑,49,4,45,群益金鼎-高雄,2024-06-26,9183
2883,凱基金,45,0,45,群益金鼎-高雄,2024-06-26,9183
00882,中信中國高股息,45,0,45,群益金鼎-高雄,2024-06-26,9183
2615,萬海,48,3,45,群益金鼎-高雄,2024-06-26,9183
00936,台新永續高息中小,44,0,44,群益金鼎-高雄,2024-06-26,9183
2543,皇昌,57,13,44,群益金鼎-高雄,2024-06-26,9183
6719,力智,40,0,40,群益金鼎-高雄,2024-06-26,9183
2354,鴻準,40,2,38,群益金鼎-高雄,2024-06-26,9183
1326,台化,43,6,37,群益金鼎-高雄,2024-06-26,9183
3264,欣銓,35,0,35,群益金鼎-高雄,2024-06-26,9183
8076,伍豐,41,9,32,群益金鼎-高雄,2024-06-26,9183
2882,國泰金,53,23,30,群益金鼎-高雄,2024-06-26,9183
1303,南亞,28,0,28,群益金鼎-高雄,2024-06-26,9183
6505,台塑化,28,0,28,群益金鼎-高雄,2024-06-26,9183
2371,大同,36,10,26,群益金鼎-高雄,2024-06-26,9183
2352,佳世達,31,5,26,群益金鼎-高雄,2024-06-26,9183
00830,國泰費城半導體,25,0,25,群益金鼎-高雄,2024-06-26,9183
00687B,國泰20年美債,24,0,24,群益金鼎-高雄,2024-06-26,9183
00948B,中信優息投資級債,21,0,21,群益金鼎-高雄,2024-06-26,9183
2609,陽明,44,23,21,群益金鼎-高雄,2024-06-26,9183
6541,泰福-KY,20,0,20,群益金鼎-高雄,2024-06-26,9183
1218,泰山,19,0,19,群益金鼎-高雄,2024-06-26,9183
6637,醫影,19,0,19,群益金鼎-高雄,2024-06-26,9183
1785,光洋科,40,22,18,群益金鼎-高雄,2024-06-26,9183
3231,緯創,24,7,17,群益金鼎-高雄,2024-06-26,9183
6806,森崴能源,45,28,17,群益金鼎-高雄,2024-06-26,9183
3481,群創,96,79,17,群益金鼎-高雄,2024-06-26,9183
1609,大亞,37,21,16,群益金鼎-高雄,2024-06-26,9183
2834,臺企銀,15,0,15,群益金鼎-高雄,2024-06-26,9183
3466,德晉,15,0,15,群益金鼎-高雄,2024-06-26,9183
3483,力致,17,3,14,群益金鼎-高雄,2024-06-26,9183
3548,兆利,15,1,14,群益金鼎-高雄,2024-06-26,9183
2368,金像電,15,3,12,群益金鼎-高雄,2024-06-26,9183
1447,力鵬,12,0,12,群益金鼎-高雄,2024-06-26,9183
2353,宏��,13,2,11,群益金鼎-高雄,2024-06-26,9183
8277,商丞,10,0,10,群益金鼎-高雄,2024-06-26,9183
6877,鏵友益,10,0,10,群益金鼎-高雄,2024-06-26,9183
00904,新光臺灣半導體30,10,0,10,群益金鼎-高雄,2024-06-26,9183
00664R,國泰臺灣加權反1,10,0,10,群益金鼎-高雄,2024-06-26,9183
2516,新建,10,0,10,群益金鼎-高雄,2024-06-26,9183
6116,彩晶,10,0,10,群益金鼎-高雄,2024-06-26,9183
8110,華東,217,33,184,群益金鼎-高雄,2024-06-27,9183
6477,安集,135,7,128,群益金鼎-高雄,2024-06-27,9183
00882,中信中國高股息,105,0,105,群益金鼎-高雄,2024-06-27,9183
2883B,凱基金乙特,101,0,101,群益金鼎-高雄,2024-06-27,9183
2618,長榮航,181,96,85,群益金鼎-高雄,2024-06-27,9183
00929,復華台灣科技優息,82,5,77,群益金鼎-高雄,2024-06-27,9183
2885,元大金,82,7,75,群益金鼎-高雄,2024-06-27,9183
00687B,國泰20年美債,70,0,70,群益金鼎-高雄,2024-06-27,9183
3481,群創,83,20,63,群益金鼎-高雄,2024-06-27,9183
2354,鴻準,67,9,58,群益金鼎-高雄,2024-06-27,9183
00650L,復華香港正2,51,0,51,群益金鼎-高雄,2024-06-27,9183
6257,矽格,61,10,51,群益金鼎-高雄,2024-06-27,9183
00936,台新永續高息中小,43,0,43,群益金鼎-高雄,2024-06-27,9183
3083,網龍,35,3,32,群益金鼎-高雄,2024-06-27,9183
9105,泰金寶-DR,34,3,31,群益金鼎-高雄,2024-06-27,9183
9958,世紀鋼,32,2,30,群益金鼎-高雄,2024-06-27,9183
6244,茂迪,37,10,27,群益金鼎-高雄,2024-06-27,9183
2409,友達,28,1,27,群益金鼎-高雄,2024-06-27,9183
2603,長榮,33,7,26,群益金鼎-高雄,2024-06-27,9183
6216,居易,38,12,26,群益金鼎-高雄,2024-06-27,9183
2368,金像電,26,1,25,群益金鼎-高雄,2024-06-27,9183
2883,凱基金,24,0,24,群益金鼎-高雄,2024-06-27,9183
1609,大亞,76,53,23,群益金鼎-高雄,2024-06-27,9183
00795B,中信美國公債20年,22,0,22,群益金鼎-高雄,2024-06-27,9183
00919,群益台灣精選高息,20,0,20,群益金鼎-高雄,2024-06-27,9183
00915,凱基優選高股息30,20,0,20,群益金鼎-高雄,2024-06-27,9183
00933B,國泰10Y+金融債,19,0,19,群益金鼎-高雄,2024-06-27,9183
3583,辛耘,33,14,19,群益金鼎-高雄,2024-06-27,9183
3581,博磊,19,2,17,群益金鼎-高雄,2024-06-27,9183
912000,晨訊科-DR,37,20,17,群益金鼎-高雄,2024-06-27,9183
00713,元大台灣高息低波,16,0,16,群益金鼎-高雄,2024-06-27,9183
6719,力智,16,0,16,群益金鼎-高雄,2024-06-27,9183
6877,鏵友益,16,0,16,群益金鼎-高雄,2024-06-27,9183
2353,宏��,21,5,16,群益金鼎-高雄,2024-06-27,9183
3490,單井,23,8,15,群益金鼎-高雄,2024-06-27,9183
2031,新光鋼,20,6,14,群益金鼎-高雄,2024-06-27,9183
4561,健椿,18,4,14,群益金鼎-高雄,2024-06-27,9183
4167,松瑞藥,29,16,13,群益金鼎-高雄,2024-06-27,9183
3712,永崴投控,42,29,13,群益金鼎-高雄,2024-06-27,9183
6770,力積電,19,7,12,群益金鼎-高雄,2024-06-27,9183
2606,裕民,11,0,11,群益金鼎-高雄,2024-06-27,9183
00878,國泰永續高股息,11,0,11,群益金鼎-高雄,2024-06-27,9183
3090,日電貿,11,0,11,群益金鼎-高雄,2024-06-27,9183
00725B,國泰投資級公司債,10,0,10,群益金鼎-高雄,2024-06-27,9183
00904,新光臺灣半導體30,10,0,10,群益金鼎-高雄,2024-06-27,9183
1314,中石化,10,0,10,群益金鼎-高雄,2024-06-27,9183
1409,新纖,10,0,10,群益金鼎-高雄,2024-06-27,9183
1605,華新,11,1,10,群益金鼎-高雄,2024-06-27,9183
1802,台玻,10,0,10,群益金鼎-高雄,2024-06-27,9183
3501,維熹,10,0,10,群益金鼎-高雄,2024-06-27,9183
00918,大華優利高填息30,140,0,140,群益金鼎-高雄,2024-06-28,9183
2303,聯電,91,10,81,群益金鼎-高雄,2024-06-28,9183
2388,威盛,60,1,59,群益金鼎-高雄,2024-06-28,9183
3073,天方能源,60,2,58,群益金鼎-高雄,2024-06-28,9183
8440,綠電,69,12,57,群益金鼎-高雄,2024-06-28,9183
912000,晨訊科-DR,56,1,55,群益金鼎-高雄,2024-06-28,9183
2883B,凱基金乙特,50,0,50,群益金鼎-高雄,2024-06-28,9183
00882,中信中國高股息,51,2,49,群益金鼎-高雄,2024-06-28,9183
00885,富邦越南,43,0,43,群益金鼎-高雄,2024-06-28,9183
2337,旺宏,51,8,43,群益金鼎-高雄,2024-06-28,9183
2618,長榮航,76,33,43,群益金鼎-高雄,2024-06-28,9183
3312,弘憶股,71,38,33,群益金鼎-高雄,2024-06-28,9183
00936,台新永續高息中小,38,5,33,群益金鼎-高雄,2024-06-28,9183
2323,中環,30,0,30,群益金鼎-高雄,2024-06-28,9183
00680L,元大美債20正2,63,33,30,群益金鼎-高雄,2024-06-28,9183
00939,統一台灣高息動能,26,0,26,群益金鼎-高雄,2024-06-28,9183
2406,國碩,71,46,25,群益金鼎-高雄,2024-06-28,9183
4167,松瑞藥,25,3,22,群益金鼎-高雄,2024-06-28,9183
00679B,元大美債20年,21,0,21,群益金鼎-高雄,2024-06-28,9183
4532,瑞智,26,5,21,群益金鼎-高雄,2024-06-28,9183
00915,凱基優選高股息30,22,2,20,群益金鼎-高雄,2024-06-28,9183
00905,FT臺灣Smart,20,0,20,群益金鼎-高雄,2024-06-28,9183
1522,堤維西,22,2,20,群益金鼎-高雄,2024-06-28,9183
00946,群益科技高息成長,541,523,18,群益金鼎-高雄,2024-06-28,9183
2330,台積電,26,9,17,群益金鼎-高雄,2024-06-28,9183
00937B,群益ESG投等債20,16,0,16,群益金鼎-高雄,2024-06-28,9183
3492,長盛,13,0,13,群益金鼎-高雄,2024-06-28,9183
5355,佳總,13,0,13,群益金鼎-高雄,2024-06-28,9183
8096,擎亞,16,3,13,群益金鼎-高雄,2024-06-28,9183
3481,群創,17,5,12,群益金鼎-高雄,2024-06-28,9183
3048,益登,20,8,12,群益金鼎-高雄,2024-06-28,9183
3037,欣興,12,1,11,群益金鼎-高雄,2024-06-28,9183
5276,達輝-KY,11,0,11,群益金鼎-高雄,2024-06-28,9183
2301,光寶科,14,4,10,群益金鼎-高雄,2024-06-28,9183
1504,東元,13,3,10,群益金鼎-高雄,2024-06-28,9183
8027,鈦昇,14,4,10,群益金鼎-高雄,2024-06-28,9183
00795B,中信美國公債20年,10,0,10,群益金鼎-高雄,2024-06-28,9183
1773,勝一,11,1,10,群益金鼎-高雄,2024-06-28,9183
2002,中鋼,12,2,10,群益金鼎-高雄,2024-06-28,9183
2258,鴻華先進-創,10,0,10,群益金鼎-高雄,2024-06-28,9183
2329,華泰,12,2,10,群益金鼎-高雄,2024-06-28,9183
2607,榮運,10,0,10,群益金鼎-高雄,2024-06-28,9183
4934,太極,10,0,10,群益金鼎-高雄,2024-06-28,9183
5230,雷笛克光學,14,4,10,群益金鼎-高雄,2024-06-28,9183
8087,麗升能源,10,0,10,群益金鼎-高雄,2024-06-28,9183
3712,永崴投控,11,2,9,群益金鼎-高雄,2024-06-28,9183
00687B,國泰20年美債,14,5,9,群益金鼎-高雄,2024-06-28,9183
00631L,元大台灣50正2,10,1,9,群益金鼎-高雄,2024-06-28,9183
2883,凱基金,26,17,9,群益金鼎-高雄,2024-06-28,9183
4540,全球傳動,9,0,9,群益金鼎-高雄,2024-06-28,9183
2883,凱基金,401,32,369,群益金鼎-高雄,2024-07-01,9183
00918,大華優利高填息30,220,0,220,群益金鼎-高雄,2024-07-01,9183
00687B,國泰20年美債,193,15,178,群益金鼎-高雄,2024-07-01,9183
00937B,群益ESG投等債20,138,0,138,群益金鼎-高雄,2024-07-01,9183
00680L,元大美債20正2,106,0,106,群益金鼎-高雄,2024-07-01,9183
00679B,元大美債20年,111,18,93,群益金鼎-高雄,2024-07-01,9183
0056,元大高股息,106,24,82,群益金鼎-高雄,2024-07-01,9183
00948B,中信優息投資級債,78,0,78,群益金鼎-高雄,2024-07-01,9183
00632R,元大台灣50反1,100,30,70,群益金鼎-高雄,2024-07-01,9183
8110,華東,79,9,70,群益金鼎-高雄,2024-07-01,9183
2371,大同,71,4,67,群益金鼎-高雄,2024-07-01,9183
00725B,國泰投資級公司債,247,180,67,群益金鼎-高雄,2024-07-01,9183
2374,佳能,62,5,57,群益金鼎-高雄,2024-07-01,9183
2349,錸德,57,1,56,群益金鼎-高雄,2024-07-01,9183
2885,元大金,55,10,45,群益金鼎-高雄,2024-07-01,9183
00929,復華台灣科技優息,54,12,42,群益金鼎-高雄,2024-07-01,9183
2892,第一金,40,0,40,群益金鼎-高雄,2024-07-01,9183
2002,中鋼,53,20,33,群益金鼎-高雄,2024-07-01,9183
5347,世界,33,1,32,群益金鼎-高雄,2024-07-01,9183
3060,銘異,31,4,27,群益金鼎-高雄,2024-07-01,9183
2354,鴻準,27,3,24,群益金鼎-高雄,2024-07-01,9183
00882,中信中國高股息,24,0,24,群益金鼎-高雄,2024-07-01,9183
2313,華通,51,29,22,群益金鼎-高雄,2024-07-01,9183
5243,乙盛-KY,38,17,21,群益金鼎-高雄,2024-07-01,9183
2324,仁寶,22,2,20,群益金鼎-高雄,2024-07-01,9183
3481,群創,22,2,20,群益金鼎-高雄,2024-07-01,9183
8390,金益鼎,20,0,20,群益金鼎-高雄,2024-07-01,9183
1785,光洋科,27,8,19,群益金鼎-高雄,2024-07-01,9183
00934,中信成長高股息,16,0,16,群益金鼎-高雄,2024-07-01,9183
5484,慧友,16,1,15,群益金鼎-高雄,2024-07-01,9183
2634,漢翔,17,2,15,群益金鼎-高雄,2024-07-01,9183
2641,正德,19,4,15,群益金鼎-高雄,2024-07-01,9183
3338,泰碩,16,1,15,群益金鼎-高雄,2024-07-01,9183
4534,慶騰,15,0,15,群益金鼎-高雄,2024-07-01,9183
6130,上亞科技,15,0,15,群益金鼎-高雄,2024-07-01,9183
6548,長科*,15,0,15,群益金鼎-高雄,2024-07-01,9183
8092,建暐,15,0,15,群益金鼎-高雄,2024-07-01,9183
5371,中光電,23,9,14,群益金鼎-高雄,2024-07-01,9183
00933B,國泰10Y+金融債,14,0,14,群益金鼎-高雄,2024-07-01,9183
2337,旺宏,16,3,13,群益金鼎-高雄,2024-07-01,9183
8104,錸寶,14,1,13,群益金鼎-高雄,2024-07-01,9183
1301,台塑,12,0,12,群益金鼎-高雄,2024-07-01,9183
2329,華泰,12,0,12,群益金鼎-高雄,2024-07-01,9183
2340,台亞,12,0,12,群益金鼎-高雄,2024-07-01,9183
6116,彩晶,12,0,12,群益金鼎-高雄,2024-07-01,9183
6188,廣明,17,5,12,群益金鼎-高雄,2024-07-01,9183
8050,廣積,12,0,12,群益金鼎-高雄,2024-07-01,9183
9934,成霖,13,1,12,群益金鼎-高雄,2024-07-01,9183
00719B,元大美債1-3,11,0,11,群益金鼎-高雄,2024-07-01,9183
8105,凌巨,11,0,11,群益金鼎-高雄,2024-07-01,9183
00934,中信成長高股息,620,0,620,群益金鼎-高雄,2024-07-02,9183
2349,錸德,130,24,106,群益金鼎-高雄,2024-07-02,9183
00929,復華台灣科技優息,129,25,104,群益金鼎-高雄,2024-07-02,9183
2836,高雄銀,100,0,100,群益金鼎-高雄,2024-07-02,9183
00937B,群益ESG投等債20,79,5,74,群益金鼎-高雄,2024-07-02,9183
00687B,國泰20年美債,72,0,72,群益金鼎-高雄,2024-07-02,9183
9105,泰金寶-DR,63,1,62,群益金鼎-高雄,2024-07-02,9183
2365,昆盈,76,15,61,群益金鼎-高雄,2024-07-02,9183
00939,統一台灣高息動能,55,0,55,群益金鼎-高雄,2024-07-02,9183
2303,聯電,95,42,53,群益金鼎-高雄,2024-07-02,9183
2317,鴻海,68,16,52,群益金鼎-高雄,2024-07-02,9183
2406,國碩,116,73,43,群益金鼎-高雄,2024-07-02,9183
3702,大聯大,39,1,38,群益金鼎-高雄,2024-07-02,9183
6288,聯嘉,37,0,37,群益金鼎-高雄,2024-07-02,9183
6285,啟��,37,0,37,群益金鼎-高雄,2024-07-02,9183
00679B,元大美債20年,36,2,34,群益金鼎-高雄,2024-07-02,9183
6770,力積電,31,0,31,群益金鼎-高雄,2024-07-02,9183
2002,中鋼,27,1,26,群益金鼎-高雄,2024-07-02,9183
6244,茂迪,44,19,25,群益金鼎-高雄,2024-07-02,9183
2609,陽明,55,31,24,群益金鼎-高雄,2024-07-02,9183
00725B,國泰投資級公司債,98,75,23,群益金鼎-高雄,2024-07-02,9183
2330,台積電,27,5,22,群益金鼎-高雄,2024-07-02,9183
1326,台化,20,0,20,群益金鼎-高雄,2024-07-02,9183
2892,第一金,20,0,20,群益金鼎-高雄,2024-07-02,9183
00881,國泰台灣5G+,20,0,20,群益金鼎-高雄,2024-07-02,9183
2618,長榮航,91,71,20,群益金鼎-高雄,2024-07-02,9183
00927,群益半導體收益,19,0,19,群益金鼎-高雄,2024-07-02,9183
2449,京元電子,27,9,18,群益金鼎-高雄,2024-07-02,9183
2495,普安,37,19,18,群益金鼎-高雄,2024-07-02,9183
5519,隆大,20,2,18,群益金鼎-高雄,2024-07-02,9183
00946,群益科技高息成長,28,10,18,群益金鼎-高雄,2024-07-02,9183
00949,復華日本龍頭,46,29,17,群益金鼎-高雄,2024-07-02,9183
6477,安集,41,25,16,群益金鼎-高雄,2024-07-02,9183
2354,鴻準,47,32,15,群益金鼎-高雄,2024-07-02,9183
1609,大亞,15,1,14,群益金鼎-高雄,2024-07-02,9183
2201,裕隆,14,2,12,群益金鼎-高雄,2024-07-02,9183
00882,中信中國高股息,31,19,12,群益金鼎-高雄,2024-07-02,9183
2547,日勝生,12,0,12,群益金鼎-高雄,2024-07-02,9183
00713,元大台灣高息低波,11,0,11,群益金鼎-高雄,2024-07-02,9183
3062,建漢,12,1,11,群益金鼎-高雄,2024-07-02,9183
5230,雷笛克光學,12,1,11,群益金鼎-高雄,2024-07-02,9183
8110,華東,12,1,11,群益金鼎-高雄,2024-07-02,9183
2834,臺企銀,11,0,11,群益金鼎-高雄,2024-07-02,9183
3576,聯合再生,16,5,11,群益金鼎-高雄,2024-07-02,9183
3163,波若威,13,3,10,群益金鼎-高雄,2024-07-02,9183
2603,長榮,14,4,10,群益金鼎-高雄,2024-07-02,9183
1612,宏泰,10,0,10,群益金鼎-高雄,2024-07-02,9183
2211,長榮鋼,10,0,10,群益金鼎-高雄,2024-07-02,9183
2323,中環,20,10,10,群益金鼎-高雄,2024-07-02,9183
2332,友訊,10,0,10,群益金鼎-高雄,2024-07-02,9183
00934,中信成長高股息,188,0,188,群益金鼎-高雄,2024-07-03,9183
3591,艾笛森,136,5,131,群益金鼎-高雄,2024-07-03,9183
00706L,期元大S＆P日圓正2,100,0,100,群益金鼎-高雄,2024-07-03,9183
9105,泰金寶-DR,184,107,77,群益金鼎-高雄,2024-07-03,9183
00918,大華優利高填息30,70,0,70,群益金鼎-高雄,2024-07-03,9183
00946,群益科技高息成長,71,4,67,群益金鼎-高雄,2024-07-03,9183
6120,達運,63,0,63,群益金鼎-高雄,2024-07-03,9183
6147,頎邦,41,1,40,群益金鼎-高雄,2024-07-03,9183
00680L,元大美債20正2,39,0,39,群益金鼎-高雄,2024-07-03,9183
3583,辛耘,44,11,33,群益金鼎-高雄,2024-07-03,9183
00936,台新永續高息中小,33,0,33,群益金鼎-高雄,2024-07-03,9183
6142,友勁,33,1,32,群益金鼎-高雄,2024-07-03,9183
6548,長科*,31,0,31,群益金鼎-高雄,2024-07-03,9183
3576,聯合再生,72,44,28,群益金鼎-高雄,2024-07-03,9183
8390,金益鼎,30,4,26,群益金鼎-高雄,2024-07-03,9183
4183,福永生技,23,0,23,群益金鼎-高雄,2024-07-03,9183
2317,鴻海,27,4,23,群益金鼎-高雄,2024-07-03,9183
5210,寶碩,22,0,22,群益金鼎-高雄,2024-07-03,9183
5905,南仁湖,25,4,21,群益金鼎-高雄,2024-07-03,9183
2337,旺宏,21,1,20,群益金鼎-高雄,2024-07-03,9183
4534,慶騰,21,1,20,群益金鼎-高雄,2024-07-03,9183
6282,康舒,28,8,20,群益金鼎-高雄,2024-07-03,9183
912000,晨訊科-DR,20,0,20,群益金鼎-高雄,2024-07-03,9183
8064,東捷,28,10,18,群益金鼎-高雄,2024-07-03,9183
3062,建漢,16,1,15,群益金鼎-高雄,2024-07-03,9183
2374,佳能,16,3,13,群益金鼎-高雄,2024-07-03,9183
2354,鴻準,34,21,13,群益金鼎-高雄,2024-07-03,9183
3284,太普高,13,0,13,群益金鼎-高雄,2024-07-03,9183
2385,群光,12,0,12,群益金鼎-高雄,2024-07-03,9183
5347,世界,13,1,12,群益金鼎-高雄,2024-07-03,9183
2303,聯電,23,11,12,群益金鼎-高雄,2024-07-03,9183
1529,樂事綠能,11,0,11,群益金鼎-高雄,2024-07-03,9183
2618,長榮航,71,60,11,群益金鼎-高雄,2024-07-03,9183
3481,群創,14,3,11,群益金鼎-高雄,2024-07-03,9183
2603,長榮,13,3,10,群益金鼎-高雄,2024-07-03,9183
4561,健椿,12,2,10,群益金鼎-高雄,2024-07-03,9183
00688L,國泰20年美債正2,10,0,10,群益金鼎-高雄,2024-07-03,9183
00673R,期元大S＆P原油反1,10,0,10,群益金鼎-高雄,2024-07-03,9183
2332,友訊,14,4,10,群益金鼎-高雄,2024-07-03,9183
2884,玉山金,10,0,10,群益金鼎-高雄,2024-07-03,9183
4532,瑞智,10,0,10,群益金鼎-高雄,2024-07-03,9183
00919,群益台灣精選高息,12,3,9,群益金鼎-高雄,2024-07-03,9183
3622,洋華,11,2,9,群益金鼎-高雄,2024-07-03,9183
4906,正文,20,11,9,群益金鼎-高雄,2024-07-03,9183
3047,訊舟,77,69,8,群益金鼎-高雄,2024-07-03,9183
0056,元大高股息,10,2,8,群益金鼎-高雄,2024-07-03,9183
1504,東元,8,0,8,群益金鼎-高雄,2024-07-03,9183
4952,凌通,13,5,8,群益金鼎-高雄,2024-07-03,9183
5388,中磊,8,0,8,群益金鼎-高雄,2024-07-03,9183
5498,凱崴,15,7,8,群益金鼎-高雄,2024-07-03,9183
00753L,中信中國50正2,400,100,300,群益金鼎-高雄,2024-07-04,9183
9105,泰金寶-DR,166,21,145,群益金鼎-高雄,2024-07-04,9183
2883,凱基金,140,21,119,群益金鼎-高雄,2024-07-04,9183
00632R,元大台灣50反1,120,11,109,群益金鼎-高雄,2024-07-04,9183
6443,元晶,113,23,90,群益金鼎-高雄,2024-07-04,9183
00949,復華日本龍頭,113,33,80,群益金鼎-高雄,2024-07-04,9183
3576,聯合再生,82,11,71,群益金鼎-高雄,2024-07-04,9183
3050,鈺德,64,3,61,群益金鼎-高雄,2024-07-04,9183
6213,聯茂,50,2,48,群益金鼎-高雄,2024-07-04,9183
2618,長榮航,73,27,46,群益金鼎-高雄,2024-07-04,9183
6719,力智,44,0,44,群益金鼎-高雄,2024-07-04,9183
1815,富喬,45,3,42,群益金鼎-高雄,2024-07-04,9183
6147,頎邦,41,0,41,群益金鼎-高雄,2024-07-04,9183
2344,華邦電,42,7,35,群益金鼎-高雄,2024-07-04,9183
5347,世界,39,13,26,群益金鼎-高雄,2024-07-04,9183
4919,新唐,26,0,26,群益金鼎-高雄,2024-07-04,9183
3312,弘憶股,53,28,25,群益金鼎-高雄,2024-07-04,9183
2405,輔信,39,17,22,群益金鼎-高雄,2024-07-04,9183
00931B,統一美債20年,20,0,20,群益金鼎-高雄,2024-07-04,9183
2402,毅嘉,23,3,20,群益金鼎-高雄,2024-07-04,9183
2610,華航,21,2,19,群益金鼎-高雄,2024-07-04,9183
3323,加百裕,125,106,19,群益金鼎-高雄,2024-07-04,9183
6770,力積電,33,15,18,群益金鼎-高雄,2024-07-04,9183
6548,長科*,18,0,18,群益金鼎-高雄,2024-07-04,9183
3580,友威科,21,3,18,群益金鼎-高雄,2024-07-04,9183
00882,中信中國高股息,17,0,17,群益金鼎-高雄,2024-07-04,9183
2412,中華電,17,0,17,群益金鼎-高雄,2024-07-04,9183
2371,大同,24,8,16,群益金鼎-高雄,2024-07-04,9183
2105,正新,18,2,16,群益金鼎-高雄,2024-07-04,9183
00795B,中信美國公債20年,15,0,15,群益金鼎-高雄,2024-07-04,9183
3041,揚智,15,0,15,群益金鼎-高雄,2024-07-04,9183
3581,博磊,17,2,15,群益金鼎-高雄,2024-07-04,9183
3047,訊舟,48,34,14,群益金鼎-高雄,2024-07-04,9183
3455,由田,21,7,14,群益金鼎-高雄,2024-07-04,9183
00934,中信成長高股息,14,0,14,群益金鼎-高雄,2024-07-04,9183
00725B,國泰投資級公司債,164,151,13,群益金鼎-高雄,2024-07-04,9183
4743,合一,23,10,13,群益金鼎-高雄,2024-07-04,9183
6005,群益證,16,3,13,群益金鼎-高雄,2024-07-04,9183
2382,廣達,14,2,12,群益金鼎-高雄,2024-07-04,9183
2241,艾姆勒,12,0,12,群益金鼎-高雄,2024-07-04,9183
2882,國泰金,18,6,12,群益金鼎-高雄,2024-07-04,9183
1409,新纖,23,11,12,群益金鼎-高雄,2024-07-04,9183
3189,景碩,12,1,11,群益金鼎-高雄,2024-07-04,9183
2355,敬鵬,12,1,11,群益金鼎-高雄,2024-07-04,9183
6591,動力-KY,11,0,11,群益金鼎-高雄,2024-07-04,9183
6877,鏵友益,11,1,10,群益金鼎-高雄,2024-07-04,9183
00924,復華S＆P500成長,10,0,10,群益金鼎-高雄,2024-07-04,9183
00680L,元大美債20正2,10,0,10,群益金鼎-高雄,2024-07-04,9183
2489,瑞軒,16,6,10,群益金鼎-高雄,2024-07-04,9183
3498,陽程,10,0,10,群益金鼎-高雄,2024-07-04,9183
00637L,元大滬深300正2,262,5,257,群益金鼎-高雄,2024-07-05,9183
2323,中環,286,68,218,群益金鼎-高雄,2024-07-05,9183
8110,華東,202,27,175,群益金鼎-高雄,2024-07-05,9183
2618,長榮航,103,13,90,群益金鼎-高雄,2024-07-05,9183
1316,上曜,65,0,65,群益金鼎-高雄,2024-07-05,9183
2603,長榮,66,11,55,群益金鼎-高雄,2024-07-05,9183
2317,鴻海,47,10,37,群益金鼎-高雄,2024-07-05,9183
8064,東捷,61,25,36,群益金鼎-高雄,2024-07-05,9183
2387,精元,36,0,36,群益金鼎-高雄,2024-07-05,9183
00795B,中信美國公債20年,35,0,35,群益金鼎-高雄,2024-07-05,9183
3706,神達,42,8,34,群益金鼎-高雄,2024-07-05,9183
2464,盟立,56,24,32,群益金鼎-高雄,2024-07-05,9183
3521,鴻翊,32,0,32,群益金鼎-高雄,2024-07-05,9183
1609,大亞,36,5,31,群益金鼎-高雄,2024-07-05,9183
00934,中信成長高股息,30,0,30,群益金鼎-高雄,2024-07-05,9183
6142,友勁,30,0,30,群益金鼎-高雄,2024-07-05,9183
6548,長科*,30,0,30,群益金鼎-高雄,2024-07-05,9183
8429,金麗-KY,30,0,30,群益金鼎-高雄,2024-07-05,9183
2329,華泰,33,5,28,群益金鼎-高雄,2024-07-05,9183
2485,兆赫,26,0,26,群益金鼎-高雄,2024-07-05,9183
2495,普安,31,8,23,群益金鼎-高雄,2024-07-05,9183
2615,萬海,25,3,22,群益金鼎-高雄,2024-07-05,9183
2609,陽明,44,23,21,群益金鼎-高雄,2024-07-05,9183
1304,台聚,21,1,20,群益金鼎-高雄,2024-07-05,9183
2845,遠東銀,20,0,20,群益金鼎-高雄,2024-07-05,9183
8374,羅昇,21,1,20,群益金鼎-高雄,2024-07-05,9183
6658,聯策,19,0,19,群益金鼎-高雄,2024-07-05,9183
3515,華擎,18,0,18,群益金鼎-高雄,2024-07-05,9183
1785,光洋科,51,34,17,群益金鼎-高雄,2024-07-05,9183
8076,伍豐,21,4,17,群益金鼎-高雄,2024-07-05,9183
2344,華邦電,15,0,15,群益金鼎-高雄,2024-07-05,9183
3592,瑞鼎,16,1,15,群益金鼎-高雄,2024-07-05,9183
3048,益登,35,21,14,群益金鼎-高雄,2024-07-05,9183
3078,僑威,15,2,13,群益金鼎-高雄,2024-07-05,9183
2884,玉山金,12,0,12,群益金鼎-高雄,2024-07-05,9183
1815,富喬,18,6,12,群益金鼎-高雄,2024-07-05,9183
2515,中工,11,0,11,群益金鼎-高雄,2024-07-05,9183
5324,士開,11,0,11,群益金鼎-高雄,2024-07-05,9183
2371,大同,19,8,11,群益金鼎-高雄,2024-07-05,9183
1514,亞力,22,12,10,群益金鼎-高雄,2024-07-05,9183
00918,大華優利高填息30,10,0,10,群益金鼎-高雄,2024-07-05,9183
00878,國泰永續高股息,11,1,10,群益金鼎-高雄,2024-07-05,9183
00680L,元大美債20正2,10,0,10,群益金鼎-高雄,2024-07-05,9183
1714,和桐,10,0,10,群益金鼎-高雄,2024-07-05,9183
1809,中釉,12,2,10,群益金鼎-高雄,2024-07-05,9183
9904,寶成,15,5,10,群益金鼎-高雄,2024-07-05,9183
6770,力積電,10,0,10,群益金鼎-高雄,2024-07-05,9183
1618,合機,11,2,9,群益金鼎-高雄,2024-07-05,9183
2328,廣宇,20,11,9,群益金鼎-高雄,2024-07-05,9183
2365,昆盈,20,11,9,群益金鼎-高雄,2024-07-05,9183
2851,中再保,400,0,400,群益金鼎-高雄,2024-07-08,9183
2352,佳世達,114,2,112,群益金鼎-高雄,2024-07-08,9183
5471,松翰,116,5,111,群益金鼎-高雄,2024-07-08,9183
00882,中信中國高股息,105,0,105,群益金鼎-高雄,2024-07-08,9183
00753L,中信中國50正2,100,0,100,群益金鼎-高雄,2024-07-08,9183
3706,神達,89,2,87,群益金鼎-高雄,2024-07-08,9183
1718,中纖,83,6,77,群益金鼎-高雄,2024-07-08,9183
3710,連展投控,55,0,55,群益金鼎-高雄,2024-07-08,9183
8068,全達,56,4,52,群益金鼎-高雄,2024-07-08,9183
3024,憶聲,50,0,50,群益金鼎-高雄,2024-07-08,9183
3511,矽瑪,56,10,46,群益金鼎-高雄,2024-07-08,9183
00931B,統一美債20年,110,71,39,群益金鼎-高雄,2024-07-08,9183
2618,長榮航,54,15,39,群益金鼎-高雄,2024-07-08,9183
00937B,群益ESG投等債20,128,90,38,群益金鼎-高雄,2024-07-08,9183
2405,輔信,38,1,37,群益金鼎-高雄,2024-07-08,9183
1722,台肥,35,0,35,群益金鼎-高雄,2024-07-08,9183
2603,長榮,51,17,34,群益金鼎-高雄,2024-07-08,9183
3537,堡達,49,15,34,群益金鼎-高雄,2024-07-08,9183
2344,華邦電,33,0,33,群益金鼎-高雄,2024-07-08,9183
3230,錦明,33,0,33,群益金鼎-高雄,2024-07-08,9183
3033,威健,49,19,30,群益金鼎-高雄,2024-07-08,9183
9902,台火,30,0,30,群益金鼎-高雄,2024-07-08,9183
2801,彰銀,30,1,29,群益金鼎-高雄,2024-07-08,9183
2464,盟立,65,36,29,群益金鼎-高雄,2024-07-08,9183
1815,富喬,29,1,28,群益金鼎-高雄,2024-07-08,9183
00632R,元大台灣50反1,30,5,25,群益金鼎-高雄,2024-07-08,9183
4919,新唐,25,1,24,群益金鼎-高雄,2024-07-08,9183
2365,昆盈,71,47,24,群益金鼎-高雄,2024-07-08,9183
1340,勝悅-KY,22,0,22,群益金鼎-高雄,2024-07-08,9183
2397,友通,23,2,21,群益金鼎-高雄,2024-07-08,9183
00687B,國泰20年美債,20,0,20,群益金鼎-高雄,2024-07-08,9183
2836,高雄銀,20,0,20,群益金鼎-高雄,2024-07-08,9183
00904,新光臺灣半導體30,17,0,17,群益金鼎-高雄,2024-07-08,9183
3521,鴻翊,17,0,17,群益金鼎-高雄,2024-07-08,9183
6152,百一,18,2,16,群益金鼎-高雄,2024-07-08,9183
1785,光洋科,51,36,15,群益金鼎-高雄,2024-07-08,9183
2329,華泰,14,0,14,群益金鼎-高雄,2024-07-08,9183
5443,均豪,33,19,14,群益金鼎-高雄,2024-07-08,9183
00934,中信成長高股息,19,5,14,群益金鼎-高雄,2024-07-08,9183
2412,中華電,14,0,14,群益金鼎-高雄,2024-07-08,9183
4916,事欣科,29,15,14,群益金鼎-高雄,2024-07-08,9183
6605,帝寶,14,1,13,群益金鼎-高雄,2024-07-08,9183
6126,信音,34,21,13,群益金鼎-高雄,2024-07-08,9183
2393,億光,12,0,12,群益金鼎-高雄,2024-07-08,9183
2882,國泰金,23,11,12,群益金鼎-高雄,2024-07-08,9183
1809,中釉,12,0,12,群益金鼎-高雄,2024-07-08,9183
2316,楠梓電,12,0,12,群益金鼎-高雄,2024-07-08,9183
6202,盛群,17,5,12,群益金鼎-高雄,2024-07-08,9183
3055,蔚華科,12,1,11,群益金鼎-高雄,2024-07-08,9183
2401,凌陽,15,4,11,群益金鼎-高雄,2024-07-08,9183
00931B,統一美債20年,518,0,518,群益金鼎-高雄,2024-07-09,9183
00753L,中信中國50正2,310,5,305,群益金鼎-高雄,2024-07-09,9183
00882,中信中國高股息,179,0,179,群益金鼎-高雄,2024-07-09,9183
9105,泰金寶-DR,297,187,110,群益金鼎-高雄,2024-07-09,9183
2834,臺企銀,171,81,90,群益金鼎-高雄,2024-07-09,9183
00934,中信成長高股息,101,12,89,群益金鼎-高雄,2024-07-09,9183
6548,長科*,80,0,80,群益金鼎-高雄,2024-07-09,9183
2867,三商壽,65,1,64,群益金鼎-高雄,2024-07-09,9183
00929,復華台灣科技優息,61,0,61,群益金鼎-高雄,2024-07-09,9183
00664R,國泰臺灣加權反1,50,0,50,群益金鼎-高雄,2024-07-09,9183
2353,宏��,48,2,46,群益金鼎-高雄,2024-07-09,9183
2892,第一金,47,1,46,群益金鼎-高雄,2024-07-09,9183
2618,長榮航,53,11,42,群益金鼎-高雄,2024-07-09,9183
2801,彰銀,41,0,41,群益金鼎-高雄,2024-07-09,9183
2312,金寶,112,72,40,群益金鼎-高雄,2024-07-09,9183
4153,鈺緯,37,0,37,群益金鼎-高雄,2024-07-09,9183
2367,燿華,163,129,34,群益金鼎-高雄,2024-07-09,9183
5475,德宏,34,0,34,群益金鼎-高雄,2024-07-09,9183
4510,高鋒,39,6,33,群益金鼎-高雄,2024-07-09,9183
00936,台新永續高息中小,33,0,33,群益金鼎-高雄,2024-07-09,9183
00632R,元大台灣50反1,31,1,30,群益金鼎-高雄,2024-07-09,9183
2392,正崴,59,31,28,群益金鼎-高雄,2024-07-09,9183
6207,雷科,48,20,28,群益金鼎-高雄,2024-07-09,9183
2427,三商電,29,3,26,群益金鼎-高雄,2024-07-09,9183
2374,佳能,42,17,25,群益金鼎-高雄,2024-07-09,9183
1815,富喬,31,8,23,群益金鼎-高雄,2024-07-09,9183
4154,樂威科-KY,30,8,22,群益金鼎-高雄,2024-07-09,9183
6005,群益證,22,0,22,群益金鼎-高雄,2024-07-09,9183
6116,彩晶,20,0,20,群益金鼎-高雄,2024-07-09,9183
2303,聯電,30,10,20,群益金鼎-高雄,2024-07-09,9183
00772B,中信高評級公司債,20,1,19,群益金鼎-高雄,2024-07-09,9183
1301,台塑,19,2,17,群益金鼎-高雄,2024-07-09,9183
3047,訊舟,85,68,17,群益金鼎-高雄,2024-07-09,9183
3062,建漢,25,8,17,群益金鼎-高雄,2024-07-09,9183
3049,精金,21,4,17,群益金鼎-高雄,2024-07-09,9183
3481,群創,53,36,17,群益金鼎-高雄,2024-07-09,9183
6202,盛群,19,3,16,群益金鼎-高雄,2024-07-09,9183
00795B,中信美國公債20年,15,0,15,群益金鼎-高雄,2024-07-09,9183
8092,建暐,25,11,14,群益金鼎-高雄,2024-07-09,9183
2449,京元電子,43,30,13,群益金鼎-高雄,2024-07-09,9183
2542,興富發,13,0,13,群益金鼎-高雄,2024-07-09,9183
6603,富強鑫,72,59,13,群益金鼎-高雄,2024-07-09,9183
00933B,國泰10Y+金融債,13,0,13,群益金鼎-高雄,2024-07-09,9183
2609,陽明,25,13,12,群益金鼎-高雄,2024-07-09,9183
6877,鏵友益,15,3,12,群益金鼎-高雄,2024-07-09,9183
2344,華邦電,32,20,12,群益金鼎-高雄,2024-07-09,9183
2369,菱生,19,7,12,群益金鼎-高雄,2024-07-09,9183
3583,辛耘,18,6,12,群益金鼎-高雄,2024-07-09,9183
00878,國泰永續高股息,33,22,11,群益金鼎-高雄,2024-07-09,9183
2634,漢翔,11,0,11,群益金鼎-高雄,2024-07-09,9183
2889,國票金,361,39,322,群益金鼎-高雄,2024-07-10,9183
2888,新光金,375,94,281,群益金鼎-高雄,2024-07-10,9183
00725B,國泰投資級公司債,246,101,145,群益金鼎-高雄,2024-07-10,9183
00934,中信成長高股息,115,0,115,群益金鼎-高雄,2024-07-10,9183
00918,大華優利高填息30,100,1,99,群益金鼎-高雄,2024-07-10,9183
2834,臺企銀,91,3,88,群益金鼎-高雄,2024-07-10,9183
00937B,群益ESG投等債20,67,0,67,群益金鼎-高雄,2024-07-10,9183
00882,中信中國高股息,65,0,65,群益金鼎-高雄,2024-07-10,9183
00929,復華台灣科技優息,55,0,55,群益金鼎-高雄,2024-07-10,9183
00933B,國泰10Y+金融債,45,2,43,群益金鼎-高雄,2024-07-10,9183
00688L,國泰20年美債正2,36,0,36,群益金鼎-高雄,2024-07-10,9183
00927,群益半導體收益,32,0,32,群益金鼎-高雄,2024-07-10,9183
2371,大同,39,7,32,群益金鼎-高雄,2024-07-10,9183
2312,金寶,71,39,32,群益金鼎-高雄,2024-07-10,9183
00881,國泰台灣5G+,34,3,31,群益金鼎-高雄,2024-07-10,9183
1605,華新,30,2,28,群益金鼎-高雄,2024-07-10,9183
2883,凱基金,384,358,26,群益金鼎-高雄,2024-07-10,9183
3078,僑威,27,2,25,群益金鼎-高雄,2024-07-10,9183
0056,元大高股息,24,0,24,群益金鼎-高雄,2024-07-10,9183
2317,鴻海,29,6,23,群益金鼎-高雄,2024-07-10,9183
3094,聯傑,33,10,23,群益金鼎-高雄,2024-07-10,9183
4562,穎漢,23,0,23,群益金鼎-高雄,2024-07-10,9183
1618,合機,26,6,20,群益金鼎-高雄,2024-07-10,9183
2002,中鋼,20,2,18,群益金鼎-高雄,2024-07-10,9183
00680L,元大美債20正2,20,2,18,群益金鼎-高雄,2024-07-10,9183
2393,億光,18,0,18,群益金鼎-高雄,2024-07-10,9183
2867,三商壽,20,2,18,群益金鼎-高雄,2024-07-10,9183
3312,弘憶股,36,21,15,群益金鼎-高雄,2024-07-10,9183
5210,寶碩,15,0,15,群益金鼎-高雄,2024-07-10,9183
2609,陽明,31,16,15,群益金鼎-高雄,2024-07-10,9183
3594,磐儀,49,35,14,群益金鼎-高雄,2024-07-10,9183
8105,凌巨,26,12,14,群益金鼎-高雄,2024-07-10,9183
00632R,元大台灣50反1,23,10,13,群益金鼎-高雄,2024-07-10,9183
2367,燿華,18,5,13,群益金鼎-高雄,2024-07-10,9183
4804,大略-KY,13,0,13,群益金鼎-高雄,2024-07-10,9183
2408,南亞科,13,1,12,群益金鼎-高雄,2024-07-10,9183
00642U,期元大S＆P石油,12,0,12,群益金鼎-高雄,2024-07-10,9183
4542,科嶠,12,0,12,群益金鼎-高雄,2024-07-10,9183
5876,上海商銀,12,0,12,群益金鼎-高雄,2024-07-10,9183
9945,潤泰新,11,0,11,群益金鼎-高雄,2024-07-10,9183
00948B,中信優息投資級債,10,0,10,群益金鼎-高雄,2024-07-10,9183
1616,億泰,14,4,10,群益金鼎-高雄,2024-07-10,9183
2208,台船,10,0,10,群益金鼎-高雄,2024-07-10,9183
5475,德宏,10,0,10,群益金鼎-高雄,2024-07-10,9183
6605,帝寶,10,1,9,群益金鼎-高雄,2024-07-10,9183
00715L,期街口布蘭特正2,10,1,9,群益金鼎-高雄,2024-07-10,9183
3272,東碩,10,1,9,群益金鼎-高雄,2024-07-10,9183
5213,亞昕,9,0,9,群益金鼎-高雄,2024-07-10,9183
5426,振發,20,11,9,群益金鼎-高雄,2024-07-10,9183
9136,巨騰-DR,9,0,9,群益金鼎-高雄,2024-07-10,9183
00632R,元大台灣50反1,352,110,242,群益金鼎-高雄,2024-07-11,9183
6578,達邦蛋白,133,2,131,群益金鼎-高雄,2024-07-11,9183
00934,中信成長高股息,117,10,107,群益金鼎-高雄,2024-07-11,9183
00936,台新永續高息中小,100,0,100,群益金鼎-高雄,2024-07-11,9183
00753L,中信中國50正2,100,5,95,群益金鼎-高雄,2024-07-11,9183
1718,中纖,57,5,52,群益金鼎-高雄,2024-07-11,9183
3535,晶彩科,50,0,50,群益金鼎-高雄,2024-07-11,9183
0056,元大高股息,52,3,49,群益金鼎-高雄,2024-07-11,9183
2618,長榮航,49,5,44,群益金鼎-高雄,2024-07-11,9183
00882,中信中國高股息,42,0,42,群益金鼎-高雄,2024-07-11,9183
00687B,國泰20年美債,42,0,42,群益金鼎-高雄,2024-07-11,9183
4306,炎洲,60,22,38,群益金鼎-高雄,2024-07-11,9183
2349,錸德,38,0,38,群益金鼎-高雄,2024-07-11,9183
2609,陽明,39,3,36,群益金鼎-高雄,2024-07-11,9183
2382,廣達,37,4,33,群益金鼎-高雄,2024-07-11,9183
00905,FT臺灣Smart,31,0,31,群益金鼎-高雄,2024-07-11,9183
3607,谷崧,31,0,31,群益金鼎-高雄,2024-07-11,9183
5230,雷笛克光學,29,0,29,群益金鼎-高雄,2024-07-11,9183
1609,大亞,31,4,27,群益金鼎-高雄,2024-07-11,9183
1340,勝悅-KY,25,0,25,群益金鼎-高雄,2024-07-11,9183
3050,鈺德,29,4,25,群益金鼎-高雄,2024-07-11,9183
00688L,國泰20年美債正2,24,0,24,群益金鼎-高雄,2024-07-11,9183
006208,富邦台50,23,0,23,群益金鼎-高雄,2024-07-11,9183
3693,營邦,21,0,21,群益金鼎-高雄,2024-07-11,9183
3024,憶聲,21,0,21,群益金鼎-高雄,2024-07-11,9183
00933B,國泰10Y+金融債,20,0,20,群益金鼎-高雄,2024-07-11,9183
1314,中石化,37,19,18,群益金鼎-高雄,2024-07-11,9183
2329,華泰,20,5,15,群益金鼎-高雄,2024-07-11,9183
3062,建漢,31,16,15,群益金鼎-高雄,2024-07-11,9183
6806,森崴能源,22,8,14,群益金鼎-高雄,2024-07-11,9183
00878,國泰永續高股息,21,7,14,群益金鼎-高雄,2024-07-11,9183
6139,亞翔,14,0,14,群益金鼎-高雄,2024-07-11,9183
2449,京元電子,16,2,14,群益金鼎-高雄,2024-07-11,9183
2464,盟立,22,8,14,群益金鼎-高雄,2024-07-11,9183
2002,中鋼,13,0,13,群益金鼎-高雄,2024-07-11,9183
2331,精英,14,1,13,群益金鼎-高雄,2024-07-11,9183
3257,虹冠電,13,0,13,群益金鼎-高雄,2024-07-11,9183
2363,矽統,26,14,12,群益金鼎-高雄,2024-07-11,9183
1101,台泥,12,0,12,群益金鼎-高雄,2024-07-11,9183
5443,均豪,18,6,12,群益金鼎-高雄,2024-07-11,9183
2450,神腦,11,0,11,群益金鼎-高雄,2024-07-11,9183
1513,中興電,64,53,11,群益金鼎-高雄,2024-07-11,9183
8028,昇陽半導體,27,17,10,群益金鼎-高雄,2024-07-11,9183
00918,大華優利高填息30,90,80,10,群益金鼎-高雄,2024-07-11,9183
2504,國產,10,0,10,群益金鼎-高雄,2024-07-11,9183
2607,榮運,10,0,10,群益金鼎-高雄,2024-07-11,9183
2897,王道銀行,10,0,10,群益金鼎-高雄,2024-07-11,9183
5426,振發,17,7,10,群益金鼎-高雄,2024-07-11,9183
8064,東捷,24,14,10,群益金鼎-高雄,2024-07-11,9183
8092,建暐,32,22,10,群益金鼎-高雄,2024-07-11,9183
00931B,統一美債20年,432,2,430,群益金鼎-高雄,2024-07-12,9183
00680L,元大美債20正2,270,6,264,群益金鼎-高雄,2024-07-12,9183
00934,中信成長高股息,366,110,256,群益金鼎-高雄,2024-07-12,9183
00688L,國泰20年美債正2,249,0,249,群益金鼎-高雄,2024-07-12,9183
00664R,國泰臺灣加權反1,134,0,134,群益金鼎-高雄,2024-07-12,9183
00929,復華台灣科技優息,143,33,110,群益金鼎-高雄,2024-07-12,9183
00937B,群益ESG投等債20,102,2,100,群益金鼎-高雄,2024-07-12,9183
00795B,中信美國公債20年,80,0,80,群益金鼎-高雄,2024-07-12,9183
00919,群益台灣精選高息,69,1,68,群益金鼎-高雄,2024-07-12,9183
00946,群益科技高息成長,71,3,68,群益金鼎-高雄,2024-07-12,9183
3686,達能,58,0,58,群益金鼎-高雄,2024-07-12,9183
00927,群益半導體收益,57,1,56,群益金鼎-高雄,2024-07-12,9183
00713,元大台灣高息低波,51,0,51,群益金鼎-高雄,2024-07-12,9183
4804,大略-KY,50,0,50,群益金鼎-高雄,2024-07-12,9183
3715,定穎投控,45,1,44,群益金鼎-高雄,2024-07-12,9183
00881,國泰台灣5G+,38,0,38,群益金鼎-高雄,2024-07-12,9183
4306,炎洲,33,2,31,群益金鼎-高雄,2024-07-12,9183
00948B,中信優息投資級債,30,0,30,群益金鼎-高雄,2024-07-12,9183
2330,台積電,36,9,27,群益金鼎-高雄,2024-07-12,9183
2867,三商壽,41,14,27,群益金鼎-高雄,2024-07-12,9183
2303,聯電,37,13,24,群益金鼎-高雄,2024-07-12,9183
00891,中信關鍵半導體,24,0,24,群益金鼎-高雄,2024-07-12,9183
3535,晶彩科,44,20,24,群益金鼎-高雄,2024-07-12,9183
1608,華榮,44,20,24,群益金鼎-高雄,2024-07-12,9183
2371,大同,27,4,23,群益金鼎-高雄,2024-07-12,9183
4414,如興,23,0,23,群益金鼎-高雄,2024-07-12,9183
00892,富邦台灣半導體,21,0,21,群益金鼎-高雄,2024-07-12,9183
2886,兆豐金,24,4,20,群益金鼎-高雄,2024-07-12,9183
00715L,期街口布蘭特正2,21,1,20,群益金鼎-高雄,2024-07-12,9183
2329,華泰,21,1,20,群益金鼎-高雄,2024-07-12,9183
2363,矽統,35,15,20,群益金鼎-高雄,2024-07-12,9183
3024,憶聲,20,0,20,群益金鼎-高雄,2024-07-12,9183
8933,愛地雅,20,0,20,群益金鼎-高雄,2024-07-12,9183
3673,TPK-KY,29,11,18,群益金鼎-高雄,2024-07-12,9183
3711,日月光投控,19,1,18,群益金鼎-高雄,2024-07-12,9183
1309,台達化,23,6,17,群益金鼎-高雄,2024-07-12,9183
1616,億泰,17,0,17,群益金鼎-高雄,2024-07-12,9183
8927,北基,23,6,17,群益金鼎-高雄,2024-07-12,9183
1513,中興電,47,31,16,群益金鼎-高雄,2024-07-12,9183
2317,鴻海,58,42,16,群益金鼎-高雄,2024-07-12,9183
2834,臺企銀,23,7,16,群益金鼎-高雄,2024-07-12,9183
3630,新鉅科,18,2,16,群益金鼎-高雄,2024-07-12,9183
2615,萬海,16,0,16,群益金鼎-高雄,2024-07-12,9183
1109,信大,15,0,15,群益金鼎-高雄,2024-07-12,9183
2383,台光電,16,2,14,群益金鼎-高雄,2024-07-12,9183
00940,元大台灣價值高息,35,22,13,群益金鼎-高雄,2024-07-12,9183
2603,長榮,16,3,13,群益金鼎-高雄,2024-07-12,9183
6449,鈺邦,30,17,13,群益金鼎-高雄,2024-07-12,9183
4532,瑞智,13,0,13,群益金鼎-高雄,2024-07-12,9183
6005,群益證,15,2,13,群益金鼎-高雄,2024-07-12,9183
2538,基泰,262,30,232,群益金鼎-高雄,2024-07-15,9183
00664R,國泰臺灣加權反1,137,0,137,群益金鼎-高雄,2024-07-15,9183
2312,金寶,130,13,117,群益金鼎-高雄,2024-07-15,9183
2489,瑞軒,140,58,82,群益金鼎-高雄,2024-07-15,9183
00937B,群益ESG投等債20,72,0,72,群益金鼎-高雄,2024-07-15,9183
1301,台塑,58,1,57,群益金鼎-高雄,2024-07-15,9183
2542,興富發,64,9,55,群益金鼎-高雄,2024-07-15,9183
4154,樂威科-KY,76,23,53,群益金鼎-高雄,2024-07-15,9183
1101,台泥,53,0,53,群益金鼎-高雄,2024-07-15,9183
00934,中信成長高股息,50,1,49,群益金鼎-高雄,2024-07-15,9183
2892,第一金,40,0,40,群益金鼎-高雄,2024-07-15,9183
2891,中信金,43,3,40,群益金鼎-高雄,2024-07-15,9183
2409,友達,67,32,35,群益金鼎-高雄,2024-07-15,9183
8064,東捷,39,6,33,群益金鼎-高雄,2024-07-15,9183
00923,群益台ESG低碳50,30,2,28,群益金鼎-高雄,2024-07-15,9183
5309,系統電,30,3,27,群益金鼎-高雄,2024-07-15,9183
9907,統一實,27,0,27,群益金鼎-高雄,2024-07-15,9183
2402,毅嘉,56,31,25,群益金鼎-高雄,2024-07-15,9183
2317,鴻海,40,16,24,群益金鼎-高雄,2024-07-15,9183
8104,錸寶,22,0,22,群益金鼎-高雄,2024-07-15,9183
00919,群益台灣精選高息,23,2,21,群益金鼎-高雄,2024-07-15,9183
6177,達麗,25,4,21,群益金鼎-高雄,2024-07-15,9183
2492,華新科,21,1,20,群益金鼎-高雄,2024-07-15,9183
2836,高雄銀,20,0,20,群益金鼎-高雄,2024-07-15,9183
5210,寶碩,20,0,20,群益金鼎-高雄,2024-07-15,9183
1314,中石化,29,10,19,群益金鼎-高雄,2024-07-15,9183
1616,億泰,27,8,19,群益金鼎-高雄,2024-07-15,9183
1718,中纖,25,6,19,群益金鼎-高雄,2024-07-15,9183
2365,昆盈,29,10,19,群益金鼎-高雄,2024-07-15,9183
6005,群益證,19,1,18,群益金鼎-高雄,2024-07-15,9183
2886,兆豐金,18,0,18,群益金鼎-高雄,2024-07-15,9183
4153,鈺緯,18,0,18,群益金鼎-高雄,2024-07-15,9183
2882,國泰金,35,18,17,群益金鼎-高雄,2024-07-15,9183
1608,華榮,49,32,17,群益金鼎-高雄,2024-07-15,9183
1786,科妍,20,3,17,群益金鼎-高雄,2024-07-15,9183
4566,時碩工業,28,11,17,群益金鼎-高雄,2024-07-15,9183
2324,仁寶,16,1,15,群益金鼎-高雄,2024-07-15,9183
8076,伍豐,14,1,13,群益金鼎-高雄,2024-07-15,9183
2889,國票金,16,3,13,群益金鼎-高雄,2024-07-15,9183
2330,台積電,15,2,13,群益金鼎-高雄,2024-07-15,9183
2915,潤泰全,13,1,12,群益金鼎-高雄,2024-07-15,9183
1513,中興電,39,27,12,群益金鼎-高雄,2024-07-15,9183
1303,南亞,11,0,11,群益金鼎-高雄,2024-07-15,9183
4906,正文,12,1,11,群益金鼎-高雄,2024-07-15,9183
00933B,國泰10Y+金融債,11,0,11,群益金鼎-高雄,2024-07-15,9183
00735,國泰臺韓科技,11,0,11,群益金鼎-高雄,2024-07-15,9183
2641,正德,12,1,11,群益金鼎-高雄,2024-07-15,9183
0056,元大高股息,10,0,10,群益金鼎-高雄,2024-07-15,9183
00927,群益半導體收益,10,0,10,群益金鼎-高雄,2024-07-15,9183
00706L,期元大S＆P日圓正2,10,0,10,群益金鼎-高雄,2024-07-15,9183
4154,樂威科-KY,81,0,81,群益金鼎-高雄,2024-07-16,9183
00905,FT臺灣Smart,76,0,76,群益金鼎-高雄,2024-07-16,9183
00882,中信中國高股息,60,0,60,群益金鼎-高雄,2024-07-16,9183
00933B,國泰10Y+金融債,60,4,56,群益金鼎-高雄,2024-07-16,9183
00937B,群益ESG投等債20,68,17,51,群益金鼎-高雄,2024-07-16,9183
1101,台泥,50,2,48,群益金鼎-高雄,2024-07-16,9183
6213,聯茂,50,3,47,群益金鼎-高雄,2024-07-16,9183
1513,中興電,61,20,41,群益金鼎-高雄,2024-07-16,9183
1312,國喬,101,60,41,群益金鼎-高雄,2024-07-16,9183
2834,臺企銀,47,7,40,群益金鼎-高雄,2024-07-16,9183
2492,華新科,49,11,38,群益金鼎-高雄,2024-07-16,9183
0056,元大高股息,38,1,37,群益金鼎-高雄,2024-07-16,9183
3050,鈺德,38,1,37,群益金鼎-高雄,2024-07-16,9183
1316,上曜,51,18,33,群益金鼎-高雄,2024-07-16,9183
6214,精誠,34,2,32,群益金鼎-高雄,2024-07-16,9183
2538,基泰,365,336,29,群益金鼎-高雄,2024-07-16,9183
2317,鴻海,42,14,28,群益金鼎-高雄,2024-07-16,9183
3548,兆利,25,0,25,群益金鼎-高雄,2024-07-16,9183
00878,國泰永續高股息,24,0,24,群益金鼎-高雄,2024-07-16,9183
1609,大亞,28,5,23,群益金鼎-高雄,2024-07-16,9183
2891,中信金,22,1,21,群益金鼎-高雄,2024-07-16,9183
2312,金寶,43,22,21,群益金鼎-高雄,2024-07-16,9183
00735,國泰臺韓科技,20,0,20,群益金鼎-高雄,2024-07-16,9183
1617,榮星,20,0,20,群益金鼎-高雄,2024-07-16,9183
3022,威強電,23,4,19,群益金鼎-高雄,2024-07-16,9183
00919,群益台灣精選高息,21,3,18,群益金鼎-高雄,2024-07-16,9183
4526,東台,17,0,17,群益金鼎-高雄,2024-07-16,9183
9105,泰金寶-DR,17,0,17,群益金鼎-高雄,2024-07-16,9183
2495,普安,35,19,16,群益金鼎-高雄,2024-07-16,9183
4173,久裕,16,0,16,群益金鼎-高雄,2024-07-16,9183
8046,南電,18,2,16,群益金鼎-高雄,2024-07-16,9183
9907,統一實,16,0,16,群益金鼎-高雄,2024-07-16,9183
3481,群創,29,13,16,群益金鼎-高雄,2024-07-16,9183
6153,嘉聯益,24,10,14,群益金鼎-高雄,2024-07-16,9183
00927,群益半導體收益,13,0,13,群益金鼎-高雄,2024-07-16,9183
3583,辛耘,16,3,13,群益金鼎-高雄,2024-07-16,9183
4167,松瑞藥,13,0,13,群益金鼎-高雄,2024-07-16,9183
8054,安國,37,24,13,群益金鼎-高雄,2024-07-16,9183
1618,合機,16,4,12,群益金鼎-高雄,2024-07-16,9183
2501,國建,12,0,12,群益金鼎-高雄,2024-07-16,9183
2867,三商壽,14,2,12,群益金鼎-高雄,2024-07-16,9183
6877,鏵友益,16,4,12,群益金鼎-高雄,2024-07-16,9183
2363,矽統,19,8,11,群益金鼎-高雄,2024-07-16,9183
00940,元大台灣價值高息,17,7,10,群益金鼎-高雄,2024-07-16,9183
2382,廣達,15,5,10,群益金鼎-高雄,2024-07-16,9183
2537,聯上發,38,28,10,群益金鼎-高雄,2024-07-16,9183
4532,瑞智,10,0,10,群益金鼎-高雄,2024-07-16,9183
4804,大略-KY,10,0,10,群益金鼎-高雄,2024-07-16,9183
6244,茂迪,11,1,10,群益金鼎-高雄,2024-07-16,9183
00928,中信上櫃ESG30,9,0,9,群益金鼎-高雄,2024-07-16,9183
00937B,群益ESG投等債20,2066,6,2060,群益金鼎-高雄,2024-07-17,9183
00680L,元大美債20正2,708,0,708,群益金鼎-高雄,2024-07-17,9183
00931B,統一美債20年,450,15,435,群益金鼎-高雄,2024-07-17,9183
00706L,期元大S＆P日圓正2,200,0,200,群益金鼎-高雄,2024-07-17,9183
00664R,國泰臺灣加權反1,134,0,134,群益金鼎-高雄,2024-07-17,9183
00688L,國泰20年美債正2,132,3,129,群益金鼎-高雄,2024-07-17,9183
00929,復華台灣科技優息,97,10,87,群益金鼎-高雄,2024-07-17,9183
00882,中信中國高股息,86,0,86,群益金鼎-高雄,2024-07-17,9183
4154,樂威科-KY,71,0,71,群益金鼎-高雄,2024-07-17,9183
00946,群益科技高息成長,70,9,61,群益金鼎-高雄,2024-07-17,9183
5210,寶碩,61,0,61,群益金鼎-高雄,2024-07-17,9183
4906,正文,53,6,47,群益金鼎-高雄,2024-07-17,9183
00687B,國泰20年美債,41,5,36,群益金鼎-高雄,2024-07-17,9183
2537,聯上發,73,41,32,群益金鼎-高雄,2024-07-17,9183
3437,榮創,31,0,31,群益金鼎-高雄,2024-07-17,9183
00934,中信成長高股息,30,0,30,群益金鼎-高雄,2024-07-17,9183
2481,強茂,28,0,28,群益金鼎-高雄,2024-07-17,9183
00936,台新永續高息中小,27,0,27,群益金鼎-高雄,2024-07-17,9183
2330,台積電,30,5,25,群益金鼎-高雄,2024-07-17,9183
2891,中信金,29,5,24,群益金鼎-高雄,2024-07-17,9183
2301,光寶科,24,1,23,群益金鼎-高雄,2024-07-17,9183
2371,大同,26,3,23,群益金鼎-高雄,2024-07-17,9183
4804,大略-KY,22,0,22,群益金鼎-高雄,2024-07-17,9183
00878,國泰永續高股息,21,1,20,群益金鼎-高雄,2024-07-17,9183
1786,科妍,20,0,20,群益金鼎-高雄,2024-07-17,9183
2801,彰銀,20,0,20,群益金鼎-高雄,2024-07-17,9183
6548,長科*,20,0,20,群益金鼎-高雄,2024-07-17,9183
9919,康那香,20,0,20,群益金鼎-高雄,2024-07-17,9183
6492,生華科,20,2,18,群益金鼎-高雄,2024-07-17,9183
2338,光罩,18,1,17,群益金鼎-高雄,2024-07-17,9183
4566,時碩工業,22,6,16,群益金鼎-高雄,2024-07-17,9183
2408,南亞科,16,0,16,群益金鼎-高雄,2024-07-17,9183
6914,阜爾運通,20,4,16,群益金鼎-高雄,2024-07-17,9183
3712,永崴投控,16,1,15,群益金鼎-高雄,2024-07-17,9183
2353,宏��,21,6,15,群益金鼎-高雄,2024-07-17,9183
3535,晶彩科,16,1,15,群益金鼎-高雄,2024-07-17,9183
9955,佳龍,17,2,15,群益金鼎-高雄,2024-07-17,9183
2845,遠東銀,14,0,14,群益金鼎-高雄,2024-07-17,9183
6196,帆宣,14,0,14,群益金鼎-高雄,2024-07-17,9183
3231,緯創,26,12,14,群益金鼎-高雄,2024-07-17,9183
2542,興富發,30,17,13,群益金鼎-高雄,2024-07-17,9183
2449,京元電子,18,5,13,群益金鼎-高雄,2024-07-17,9183
1909,榮成,11,0,11,群益金鼎-高雄,2024-07-17,9183
2354,鴻準,13,2,11,群益金鼎-高雄,2024-07-17,9183
3592,瑞鼎,11,0,11,群益金鼎-高雄,2024-07-17,9183
6190,萬泰科,11,0,11,群益金鼎-高雄,2024-07-17,9183
00881,國泰台灣5G+,12,2,10,群益金鼎-高雄,2024-07-17,9183
00892,富邦台灣半導體,10,0,10,群益金鼎-高雄,2024-07-17,9183
3312,弘憶股,25,15,10,群益金鼎-高雄,2024-07-17,9183
3013,晟銘電,19,9,10,群益金鼎-高雄,2024-07-17,9183
00937B,群益ESG投等債20,827,22,805,群益金鼎-高雄,2024-07-18,9183
00664R,國泰臺灣加權反1,145,0,145,群益金鼎-高雄,2024-07-18,9183
2444,兆勁,102,0,102,群益金鼎-高雄,2024-07-18,9183
00753L,中信中國50正2,100,0,100,群益金鼎-高雄,2024-07-18,9183
00929,復華台灣科技優息,116,19,97,群益金鼎-高雄,2024-07-18,9183
00919,群益台灣精選高息,98,6,92,群益金鼎-高雄,2024-07-18,9183
6548,長科*,91,0,91,群益金鼎-高雄,2024-07-18,9183
2489,瑞軒,90,5,85,群益金鼎-高雄,2024-07-18,9183
3049,精金,67,11,56,群益金鼎-高雄,2024-07-18,9183
1301,台塑,60,12,48,群益金鼎-高雄,2024-07-18,9183
00712,復華富時不動產,53,8,45,群益金鼎-高雄,2024-07-18,9183
2356,英業達,44,1,43,群益金鼎-高雄,2024-07-18,9183
2891,中信金,53,14,39,群益金鼎-高雄,2024-07-18,9183
00936,台新永續高息中小,37,0,37,群益金鼎-高雄,2024-07-18,9183
00882,中信中國高股息,36,0,36,群益金鼎-高雄,2024-07-18,9183
00934,中信成長高股息,37,3,34,群益金鼎-高雄,2024-07-18,9183
3711,日月光投控,42,8,34,群益金鼎-高雄,2024-07-18,9183
3535,晶彩科,36,3,33,群益金鼎-高雄,2024-07-18,9183
0056,元大高股息,31,0,31,群益金鼎-高雄,2024-07-18,9183
00935,野村臺灣新科技50,31,0,31,群益金鼎-高雄,2024-07-18,9183
2330,台積電,34,3,31,群益金鼎-高雄,2024-07-18,9183
2618,長榮航,32,1,31,群益金鼎-高雄,2024-07-18,9183
2892,第一金,35,5,30,群益金鼎-高雄,2024-07-18,9183
6492,生華科,39,9,30,群益金鼎-高雄,2024-07-18,9183
2836,高雄銀,30,1,29,群益金鼎-高雄,2024-07-18,9183
00946,群益科技高息成長,28,0,28,群益金鼎-高雄,2024-07-18,9183
4743,合一,30,3,27,群益金鼎-高雄,2024-07-18,9183
2338,光罩,28,1,27,群益金鼎-高雄,2024-07-18,9183
00918,大華優利高填息30,26,0,26,群益金鼎-高雄,2024-07-18,9183
3712,永崴投控,29,3,26,群益金鼎-高雄,2024-07-18,9183
8210,勤誠,28,3,25,群益金鼎-高雄,2024-07-18,9183
00878,國泰永續高股息,28,3,25,群益金鼎-高雄,2024-07-18,9183
2449,京元電子,65,41,24,群益金鼎-高雄,2024-07-18,9183
1718,中纖,48,24,24,群益金鼎-高雄,2024-07-18,9183
00891,中信關鍵半導體,23,0,23,群益金鼎-高雄,2024-07-18,9183
3481,群創,110,88,22,群益金鼎-高雄,2024-07-18,9183
00680L,元大美債20正2,33,12,21,群益金鼎-高雄,2024-07-18,9183
00679B,元大美債20年,24,3,21,群益金鼎-高雄,2024-07-18,9183
00688L,國泰20年美債正2,21,0,21,群益金鼎-高雄,2024-07-18,9183
2610,華航,21,0,21,群益金鼎-高雄,2024-07-18,9183
00876,元大全球5G,20,0,20,群益金鼎-高雄,2024-07-18,9183
1402,遠東新,18,0,18,群益金鼎-高雄,2024-07-18,9183
1109,信大,17,0,17,群益金鼎-高雄,2024-07-18,9183
2312,金寶,51,34,17,群益金鼎-高雄,2024-07-18,9183
00687B,國泰20年美債,16,0,16,群益金鼎-高雄,2024-07-18,9183
8105,凌巨,33,18,15,群益金鼎-高雄,2024-07-18,9183
3605,宏致,16,1,15,群益金鼎-高雄,2024-07-18,9183
00927,群益半導體收益,13,0,13,群益金鼎-高雄,2024-07-18,9183
1303,南亞,14,1,13,群益金鼎-高雄,2024-07-18,9183
00923,群益台ESG低碳50,15,3,12,群益金鼎-高雄,2024-07-18,9183
00937B,群益ESG投等債20,231,4,227,群益金鼎-高雄,2024-07-19,9183
00929,復華台灣科技優息,199,0,199,群益金鼎-高雄,2024-07-19,9183
00919,群益台灣精選高息,156,1,155,群益金鼎-高雄,2024-07-19,9183
2017,官田鋼,135,0,135,群益金鼎-高雄,2024-07-19,9183
00940,元大台灣價值高息,123,36,87,群益金鼎-高雄,2024-07-19,9183
2834,臺企銀,71,0,71,群益金鼎-高雄,2024-07-19,9183
00712,復華富時不動產,72,4,68,群益金鼎-高雄,2024-07-19,9183
3481,群創,122,58,64,群益金鼎-高雄,2024-07-19,9183
00946,群益科技高息成長,53,1,52,群益金鼎-高雄,2024-07-19,9183
2883B,凱基金乙特,52,0,52,群益金鼎-高雄,2024-07-19,9183
1718,中纖,52,6,46,群益金鼎-高雄,2024-07-19,9183
6548,長科*,45,1,44,群益金鼎-高雄,2024-07-19,9183
0056,元大高股息,41,0,41,群益金鼎-高雄,2024-07-19,9183
2330,台積電,51,11,40,群益金鼎-高雄,2024-07-19,9183
00882,中信中國高股息,40,0,40,群益金鼎-高雄,2024-07-19,9183
2618,長榮航,34,3,31,群益金鼎-高雄,2024-07-19,9183
9105,泰金寶-DR,61,32,29,群益金鼎-高雄,2024-07-19,9183
2609,陽明,35,7,28,群益金鼎-高雄,2024-07-19,9183
1785,光洋科,34,9,25,群益金鼎-高雄,2024-07-19,9183
9136,巨騰-DR,25,0,25,群益金鼎-高雄,2024-07-19,9183
00936,台新永續高息中小,24,0,24,群益金鼎-高雄,2024-07-19,9183
00878,國泰永續高股息,27,4,23,群益金鼎-高雄,2024-07-19,9183
00664R,國泰臺灣加權反1,22,0,22,群益金鼎-高雄,2024-07-19,9183
2337,旺宏,21,0,21,群益金鼎-高雄,2024-07-19,9183
00688L,國泰20年美債正2,20,0,20,群益金鼎-高雄,2024-07-19,9183
00650L,復華香港正2,20,0,20,群益金鼎-高雄,2024-07-19,9183
1449,佳和,23,3,20,群益金鼎-高雄,2024-07-19,9183
2891,中信金,25,5,20,群益金鼎-高雄,2024-07-19,9183
1314,中石化,24,5,19,群益金鼎-高雄,2024-07-19,9183
2382,廣達,23,5,18,群益金鼎-高雄,2024-07-19,9183
1709,和益,40,22,18,群益金鼎-高雄,2024-07-19,9183
2603,長榮,20,3,17,群益金鼎-高雄,2024-07-19,9183
6142,友勁,23,6,17,群益金鼎-高雄,2024-07-19,9183
6661,威健生技,17,0,17,群益金鼎-高雄,2024-07-19,9183
00918,大華優利高填息30,17,0,17,群益金鼎-高雄,2024-07-19,9183
2408,南亞科,18,1,17,群益金鼎-高雄,2024-07-19,9183
2892,第一金,21,5,16,群益金鼎-高雄,2024-07-19,9183
2356,英業達,22,6,16,群益金鼎-高雄,2024-07-19,9183
2492,華新科,16,0,16,群益金鼎-高雄,2024-07-19,9183
5469,瀚宇博,18,2,16,群益金鼎-高雄,2024-07-19,9183
00881,國泰台灣5G+,16,0,16,群益金鼎-高雄,2024-07-19,9183
6505,台塑化,17,2,15,群益金鼎-高雄,2024-07-19,9183
2317,鴻海,28,13,15,群益金鼎-高雄,2024-07-19,9183
4303,信立,35,21,14,群益金鼎-高雄,2024-07-19,9183
2303,聯電,16,3,13,群益金鼎-高雄,2024-07-19,9183
1608,華榮,14,1,13,群益金鼎-高雄,2024-07-19,9183
6770,力積電,15,2,13,群益金鼎-高雄,2024-07-19,9183
00905,FT臺灣Smart,12,0,12,群益金鼎-高雄,2024-07-19,9183
3049,精金,12,0,12,群益金鼎-高雄,2024-07-19,9183
6116,彩晶,12,0,12,群益金鼎-高雄,2024-07-19,9183
2888,新光金,516,47,469,群益金鼎-高雄,2024-07-22,9183
00931B,統一美債20年,341,10,331,群益金鼎-高雄,2024-07-22,9183
00929,復華台灣科技優息,317,19,298,群益金鼎-高雄,2024-07-22,9183
00878,國泰永續高股息,245,2,243,群益金鼎-高雄,2024-07-22,9183
00919,群益台灣精選高息,255,13,242,群益金鼎-高雄,2024-07-22,9183
00680L,元大美債20正2,153,1,152,群益金鼎-高雄,2024-07-22,9183
6548,長科*,129,0,129,群益金鼎-高雄,2024-07-22,9183
00940,元大台灣價值高息,134,38,96,群益金鼎-高雄,2024-07-22,9183
00937B,群益ESG投等債20,139,59,80,群益金鼎-高雄,2024-07-22,9183
2002,中鋼,61,3,58,群益金鼎-高雄,2024-07-22,9183
2834,臺企銀,58,6,52,群益金鼎-高雄,2024-07-22,9183
1708,東鹼,50,0,50,群益金鼎-高雄,2024-07-22,9183
4743,合一,53,9,44,群益金鼎-高雄,2024-07-22,9183
2444,兆勁,41,0,41,群益金鼎-高雄,2024-07-22,9183
2489,瑞軒,43,2,41,群益金鼎-高雄,2024-07-22,9183
00949,復華日本龍頭,48,15,33,群益金鼎-高雄,2024-07-22,9183
00946,群益科技高息成長,52,20,32,群益金鼎-高雄,2024-07-22,9183
00934,中信成長高股息,33,2,31,群益金鼎-高雄,2024-07-22,9183
6901,鑽石投資,34,5,29,群益金鼎-高雄,2024-07-22,9183
3481,群創,79,51,28,群益金鼎-高雄,2024-07-22,9183
2330,台積電,58,30,28,群益金鼎-高雄,2024-07-22,9183
8046,南電,30,2,28,群益金鼎-高雄,2024-07-22,9183
00882,中信中國高股息,28,5,23,群益金鼎-高雄,2024-07-22,9183
4533,協易機,22,0,22,群益金鼎-高雄,2024-07-22,9183
3038,全台,20,0,20,群益金鼎-高雄,2024-07-22,9183
5521,工信,20,0,20,群益金鼎-高雄,2024-07-22,9183
8110,華東,20,0,20,群益金鼎-高雄,2024-07-22,9183
2867,三商壽,19,0,19,群益金鼎-高雄,2024-07-22,9183
6142,友勁,19,0,19,群益金鼎-高雄,2024-07-22,9183
8210,勤誠,23,5,18,群益金鼎-高雄,2024-07-22,9183
2538,基泰,22,5,17,群益金鼎-高雄,2024-07-22,9183
1808,潤隆,21,5,16,群益金鼎-高雄,2024-07-22,9183
2408,南亞科,24,9,15,群益金鼎-高雄,2024-07-22,9183
1503,士電,20,5,15,群益金鼎-高雄,2024-07-22,9183
8927,北基,18,3,15,群益金鼎-高雄,2024-07-22,9183
2352,佳世達,15,0,15,群益金鼎-高雄,2024-07-22,9183
2402,毅嘉,29,14,15,群益金鼎-高雄,2024-07-22,9183
02001L,富邦蘋果正二N,14,0,14,群益金鼎-高雄,2024-07-22,9183
5512,力麒,46,32,14,群益金鼎-高雄,2024-07-22,9183
0056,元大高股息,41,28,13,群益金鼎-高雄,2024-07-22,9183
1444,力麗,31,18,13,群益金鼎-高雄,2024-07-22,9183
2836,高雄銀,13,0,13,群益金鼎-高雄,2024-07-22,9183
00923,群益台ESG低碳50,12,0,12,群益金鼎-高雄,2024-07-22,9183
1314,中石化,37,25,12,群益金鼎-高雄,2024-07-22,9183
1905,華紙,20,8,12,群益金鼎-高雄,2024-07-22,9183
2462,良得電,12,0,12,群益金鼎-高雄,2024-07-22,9183
3024,憶聲,12,0,12,群益金鼎-高雄,2024-07-22,9183
3490,單井,12,0,12,群益金鼎-高雄,2024-07-22,9183
2317,鴻海,54,42,12,群益金鼎-高雄,2024-07-22,9183
2618,長榮航,12,1,11,群益金鼎-高雄,2024-07-22,9183
2888,新光金,339,3,336,群益金鼎-高雄,2024-07-23,9183
00665L,富邦�琤肭磪囓�2,250,0,250,群益金鼎-高雄,2024-07-23,9183
00937B,群益ESG投等債20,264,60,204,群益金鼎-高雄,2024-07-23,9183
3481,群創,236,68,168,群益金鼎-高雄,2024-07-23,9183
00664R,國泰臺灣加權反1,129,0,129,群益金鼎-高雄,2024-07-23,9183
2538,基泰,97,10,87,群益金鼎-高雄,2024-07-23,9183
2409,友達,88,2,86,群益金鼎-高雄,2024-07-23,9183
2883B,凱基金乙特,85,0,85,群益金鼎-高雄,2024-07-23,9183
00929,復華台灣科技優息,96,26,70,群益金鼎-高雄,2024-07-23,9183
6548,長科*,53,0,53,群益金鼎-高雄,2024-07-23,9183
2312,金寶,75,31,44,群益金鼎-高雄,2024-07-23,9183
3673,TPK-KY,43,2,41,群益金鼎-高雄,2024-07-23,9183
2317,鴻海,59,24,35,群益金鼎-高雄,2024-07-23,9183
2303,聯電,33,7,26,群益金鼎-高雄,2024-07-23,9183
3450,聯鈞,20,0,20,群益金鼎-高雄,2024-07-23,9183
6770,力積電,20,0,20,群益金鼎-高雄,2024-07-23,9183
1301,台塑,18,0,18,群益金鼎-高雄,2024-07-23,9183
2349,錸德,18,0,18,群益金鼎-高雄,2024-07-23,9183
2542,興富發,22,4,18,群益金鼎-高雄,2024-07-23,9183
2408,南亞科,17,0,17,群益金鼎-高雄,2024-07-23,9183
2891,中信金,17,0,17,群益金鼎-高雄,2024-07-23,9183
4562,穎漢,32,16,16,群益金鼎-高雄,2024-07-23,9183
2515,中工,20,4,16,群益金鼎-高雄,2024-07-23,9183
9907,統一實,16,0,16,群益金鼎-高雄,2024-07-23,9183
00722B,群益投資級電信債,15,0,15,群益金鼎-高雄,2024-07-23,9183
00946,群益科技高息成長,14,0,14,群益金鼎-高雄,2024-07-23,9183
5512,力麒,16,3,13,群益金鼎-高雄,2024-07-23,9183
4726,永昕,13,0,13,群益金鼎-高雄,2024-07-23,9183
5309,系統電,15,2,13,群益金鼎-高雄,2024-07-23,9183
3062,建漢,14,2,12,群益金鼎-高雄,2024-07-23,9183
8110,華東,12,0,12,群益金鼎-高雄,2024-07-23,9183
2889,國票金,11,0,11,群益金鼎-高雄,2024-07-23,9183
6719,力智,10,0,10,群益金鼎-高雄,2024-07-23,9183
00724B,群益投資級金融債,10,0,10,群益金鼎-高雄,2024-07-23,9183
2008,高興昌,10,0,10,群益金鼎-高雄,2024-07-23,9183
2609,陽明,50,40,10,群益金鼎-高雄,2024-07-23,9183
4916,事欣科,17,7,10,群益金鼎-高雄,2024-07-23,9183
00878,國泰永續高股息,10,1,9,群益金鼎-高雄,2024-07-23,9183
2356,英業達,16,7,9,群益金鼎-高雄,2024-07-23,9183
2362,藍天,9,0,9,群益金鼎-高雄,2024-07-23,9183
8085,福華,12,3,9,群益金鼎-高雄,2024-07-23,9183
6116,彩晶,8,0,8,群益金鼎-高雄,2024-07-23,9183
00933B,國泰10Y+金融債,9,1,8,群益金鼎-高雄,2024-07-23,9183
2633,台灣高鐵,11,3,8,群益金鼎-高雄,2024-07-23,9183
3490,單井,8,0,8,群益金鼎-高雄,2024-07-23,9183
3715,定穎投控,9,1,8,群益金鼎-高雄,2024-07-23,9183
8076,伍豐,8,0,8,群益金鼎-高雄,2024-07-23,9183
6443,元晶,11,3,8,群益金鼎-高雄,2024-07-23,9183
00679B,元大美債20年,7,0,7,群益金鼎-高雄,2024-07-23,9183
00947,台新臺灣IC設計,7,0,7,群益金鼎-高雄,2024-07-23,9183
00946,群益科技高息成長,559,0,559,群益金鼎-高雄,2024-07-26,9183
00929,復華台灣科技優息,143,10,133,群益金鼎-高雄,2024-07-26,9183
00937B,群益ESG投等債20,97,0,97,群益金鼎-高雄,2024-07-26,9183
00637L,元大滬深300正2,96,0,96,群益金鼎-高雄,2024-07-26,9183
4306,炎洲,80,2,78,群益金鼎-高雄,2024-07-26,9183
00712,復華富時不動產,58,0,58,群益金鼎-高雄,2024-07-26,9183
2886,兆豐金,53,1,52,群益金鼎-高雄,2024-07-26,9183
2002,中鋼,52,0,52,群益金鼎-高雄,2024-07-26,9183
00919,群益台灣精選高息,49,0,49,群益金鼎-高雄,2024-07-26,9183
2349,錸德,43,0,43,群益金鼎-高雄,2024-07-26,9183
9907,統一實,36,0,36,群益金鼎-高雄,2024-07-26,9183
2330,台積電,46,10,36,群益金鼎-高雄,2024-07-26,9183
00679B,元大美債20年,34,0,34,群益金鼎-高雄,2024-07-26,9183
00878,國泰永續高股息,34,2,32,群益金鼎-高雄,2024-07-26,9183
2834,臺企銀,36,5,31,群益金鼎-高雄,2024-07-26,9183
0056,元大高股息,28,0,28,群益金鼎-高雄,2024-07-26,9183
2884,玉山金,31,3,28,群益金鼎-高雄,2024-07-26,9183
3024,憶聲,27,0,27,群益金鼎-高雄,2024-07-26,9183
2317,鴻海,44,18,26,群益金鼎-高雄,2024-07-26,9183
00882,中信中國高股息,25,0,25,群益金鼎-高雄,2024-07-26,9183
2382,廣達,35,11,24,群益金鼎-高雄,2024-07-26,9183
00923,群益台ESG低碳50,27,5,22,群益金鼎-高雄,2024-07-26,9183
6770,力積電,22,1,21,群益金鼎-高雄,2024-07-26,9183
3711,日月光投控,26,6,20,群益金鼎-高雄,2024-07-26,9183
00940,元大台灣價值高息,25,5,20,群益金鼎-高雄,2024-07-26,9183
2327,國巨,17,0,17,群益金鼎-高雄,2024-07-26,9183
2603,長榮,20,3,17,群益金鼎-高雄,2024-07-26,9183
6548,長科*,17,0,17,群益金鼎-高雄,2024-07-26,9183
3231,緯創,32,16,16,群益金鼎-高雄,2024-07-26,9183
00891,中信關鍵半導體,16,0,16,群益金鼎-高雄,2024-07-26,9183
6177,達麗,36,20,16,群益金鼎-高雄,2024-07-26,9183
00724B,群益投資級金融債,15,0,15,群益金鼎-高雄,2024-07-26,9183
00687B,國泰20年美債,15,0,15,群益金鼎-高雄,2024-07-26,9183
00675L,富邦臺灣加權正2,19,4,15,群益金鼎-高雄,2024-07-26,9183
2303,聯電,16,2,14,群益金鼎-高雄,2024-07-26,9183
2379,瑞昱,12,0,12,群益金鼎-高雄,2024-07-26,9183
6142,友勁,12,0,12,群益金鼎-高雄,2024-07-26,9183
2401,凌陽,12,1,11,群益金鼎-高雄,2024-07-26,9183
00722B,群益投資級電信債,11,0,11,群益金鼎-高雄,2024-07-26,9183
00934,中信成長高股息,11,0,11,群益金鼎-高雄,2024-07-26,9183
2002A,中鋼特,10,0,10,群益金鼎-高雄,2024-07-26,9183
2511,太子,10,0,10,群益金鼎-高雄,2024-07-26,9183
8074,鉅橡,10,0,10,群益金鼎-高雄,2024-07-26,9183
1101,台泥,10,0,10,群益金鼎-高雄,2024-07-26,9183
00949,復華日本龍頭,9,0,9,群益金鼎-高雄,2024-07-26,9183
2891,中信金,10,1,9,群益金鼎-高雄,2024-07-26,9183
00951,台新日本半導體,8,0,8,群益金鼎-高雄,2024-07-26,9183
2449,京元電子,31,23,8,群益金鼎-高雄,2024-07-26,9183
2867,三商壽,8,0,8,群益金鼎-高雄,2024-07-26,9183
5210,寶碩,8,0,8,群益金鼎-高雄,2024-07-26,9183
2883,凱基金,340,19,321,群益金鼎-高雄,2024-07-29,9183
00632R,元大台灣50反1,327,100,227,群益金鼎-高雄,2024-07-29,9183
00931B,統一美債20年,225,0,225,群益金鼎-高雄,2024-07-29,9183
00664R,國泰臺灣加權反1,126,0,126,群益金鼎-高雄,2024-07-29,9183
00929,復華台灣科技優息,120,11,109,群益金鼎-高雄,2024-07-29,9183
3481,群創,94,12,82,群益金鼎-高雄,2024-07-29,9183
2402,毅嘉,60,0,60,群益金鼎-高雄,2024-07-29,9183
6239,力成,45,2,43,群益金鼎-高雄,2024-07-29,9183
00878,國泰永續高股息,42,1,41,群益金鼎-高雄,2024-07-29,9183
00949,復華日本龍頭,80,43,37,群益金鼎-高雄,2024-07-29,9183
9945,潤泰新,44,15,29,群益金鼎-高雄,2024-07-29,9183
2634,漢翔,31,2,29,群益金鼎-高雄,2024-07-29,9183
6548,長科*,29,0,29,群益金鼎-高雄,2024-07-29,9183
00680L,元大美債20正2,29,2,27,群益金鼎-高雄,2024-07-29,9183
0056,元大高股息,27,1,26,群益金鼎-高雄,2024-07-29,9183
8210,勤誠,25,0,25,群益金鼎-高雄,2024-07-29,9183
00919,群益台灣精選高息,26,2,24,群益金鼎-高雄,2024-07-29,9183
1718,中纖,30,6,24,群益金鼎-高雄,2024-07-29,9183
2442,新美齊,27,4,23,群益金鼎-高雄,2024-07-29,9183
3231,緯創,23,2,21,群益金鼎-高雄,2024-07-29,9183
00895,富邦未來車,21,0,21,群益金鼎-高雄,2024-07-29,9183
6269,台郡,20,1,19,群益金鼎-高雄,2024-07-29,9183
00891,中信關鍵半導體,19,0,19,群益金鼎-高雄,2024-07-29,9183
2882,國泰金,41,22,19,群益金鼎-高雄,2024-07-29,9183
9949,琉園,18,0,18,群益金鼎-高雄,2024-07-29,9183
2317,鴻海,30,12,18,群益金鼎-高雄,2024-07-29,9183
2002,中鋼,20,3,17,群益金鼎-高雄,2024-07-29,9183
5519,隆大,27,10,17,群益金鼎-高雄,2024-07-29,9183
2409,友達,18,3,15,群益金鼎-高雄,2024-07-29,9183
3189,景碩,20,6,14,群益金鼎-高雄,2024-07-29,9183
5443,均豪,54,41,13,群益金鼎-高雄,2024-07-29,9183
8027,鈦昇,12,0,12,群益金鼎-高雄,2024-07-29,9183
4154,樂威科-KY,12,0,12,群益金鼎-高雄,2024-07-29,9183
5521,工信,12,0,12,群益金鼎-高雄,2024-07-29,9183
3706,神達,11,0,11,群益金鼎-高雄,2024-07-29,9183
00713,元大台灣高息低波,11,0,11,群益金鼎-高雄,2024-07-29,9183
2367,燿華,14,3,11,群益金鼎-高雄,2024-07-29,9183
2511,太子,11,0,11,群益金鼎-高雄,2024-07-29,9183
3024,憶聲,29,18,11,群益金鼎-高雄,2024-07-29,9183
00715L,期街口布蘭特正2,10,0,10,群益金鼎-高雄,2024-07-29,9183
3032,偉訓,10,0,10,群益金鼎-高雄,2024-07-29,9183
4142,國光生,10,0,10,群益金鼎-高雄,2024-07-29,9183
6207,雷科,10,0,10,群益金鼎-高雄,2024-07-29,9183
2344,華邦電,9,0,9,群益金鼎-高雄,2024-07-29,9183
6770,力積電,10,1,9,群益金鼎-高雄,2024-07-29,9183
3312,弘憶股,9,1,8,群益金鼎-高雄,2024-07-29,9183
3035,智原,22,14,8,群益金鼎-高雄,2024-07-29,9183
3264,欣銓,8,0,8,群益金鼎-高雄,2024-07-29,9183
00679B,元大美債20年,7,0,7,群益金鼎-高雄,2024-07-29,9183
1529,樂事綠能,7,0,7,群益金鼎-高雄,2024-07-29,9183
00680L,元大美債20正2,391,0,391,群益金鼎-高雄,2024-07-30,9183
00929,復華台灣科技優息,162,12,150,群益金鼎-高雄,2024-07-30,9183
00664R,國泰臺灣加權反1,125,0,125,群益金鼎-高雄,2024-07-30,9183
00637L,元大滬深300正2,122,0,122,群益金鼎-高雄,2024-07-30,9183
00940,元大台灣價值高息,103,2,101,群益金鼎-高雄,2024-07-30,9183
00937B,群益ESG投等債20,91,0,91,群益金鼎-高雄,2024-07-30,9183
2349,錸德,77,25,52,群益金鼎-高雄,2024-07-30,9183
2344,華邦電,36,2,34,群益金鼎-高雄,2024-07-30,9183
0056,元大高股息,34,0,34,群益金鼎-高雄,2024-07-30,9183
00878,國泰永續高股息,40,6,34,群益金鼎-高雄,2024-07-30,9183
2353,宏��,32,1,31,群益金鼎-高雄,2024-07-30,9183
00687B,國泰20年美債,40,9,31,群益金鼎-高雄,2024-07-30,9183
2820,華票,30,0,30,群益金鼎-高雄,2024-07-30,9183
2442,新美齊,50,23,27,群益金鼎-高雄,2024-07-30,9183
00946,群益科技高息成長,29,3,26,群益金鼎-高雄,2024-07-30,9183
2867,三商壽,25,0,25,群益金鼎-高雄,2024-07-30,9183
2317,鴻海,50,25,25,群益金鼎-高雄,2024-07-30,9183
00931B,統一美債20年,100,76,24,群益金鼎-高雄,2024-07-30,9183
6163,華電網,25,1,24,群益金鼎-高雄,2024-07-30,9183
9907,統一實,24,0,24,群益金鼎-高雄,2024-07-30,9183
2891,中信金,27,6,21,群益金鼎-高雄,2024-07-30,9183
4154,樂威科-KY,21,0,21,群益金鼎-高雄,2024-07-30,9183
2363,矽統,33,12,21,群益金鼎-高雄,2024-07-30,9183
2597,潤弘,20,2,18,群益金鼎-高雄,2024-07-30,9183
3189,景碩,24,6,18,群益金鼎-高雄,2024-07-30,9183
00724B,群益投資級金融債,15,0,15,群益金鼎-高雄,2024-07-30,9183
00713,元大台灣高息低波,15,1,14,群益金鼎-高雄,2024-07-30,9183
2882,國泰金,24,11,13,群益金鼎-高雄,2024-07-30,9183
1301,台塑,14,1,13,群益金鼎-高雄,2024-07-30,9183
2537,聯上發,22,10,12,群益金鼎-高雄,2024-07-30,9183
2890,永豐金,14,2,12,群益金鼎-高雄,2024-07-30,9183
4157,太景*-KY,12,0,12,群益金鼎-高雄,2024-07-30,9183
00936,台新永續高息中小,12,1,11,群益金鼎-高雄,2024-07-30,9183
4303,信立,12,1,11,群益金鼎-高雄,2024-07-30,9183
4767,誠泰科技,11,0,11,群益金鼎-高雄,2024-07-30,9183
00720B,元大投資級公司債,10,0,10,群益金鼎-高雄,2024-07-30,9183
00671R,富邦NASDAQ反1,10,0,10,群益金鼎-高雄,2024-07-30,9183
6269,台郡,10,0,10,群益金鼎-高雄,2024-07-30,9183
9105,泰金寶-DR,80,70,10,群益金鼎-高雄,2024-07-30,9183
3706,神達,9,0,9,群益金鼎-高雄,2024-07-30,9183
6177,達麗,21,12,9,群益金鼎-高雄,2024-07-30,9183
00679B,元大美債20年,14,6,8,群益金鼎-高雄,2024-07-30,9183
6770,力積電,8,1,7,群益金鼎-高雄,2024-07-30,9183
00918,大華優利高填息30,10,3,7,群益金鼎-高雄,2024-07-30,9183
6239,力成,12,5,7,群益金鼎-高雄,2024-07-30,9183
3265,台星科,7,0,7,群益金鼎-高雄,2024-07-30,9183
2330,台積電,14,7,7,群益金鼎-高雄,2024-07-30,9183
6505,台塑化,6,0,6,群益金鼎-高雄,2024-07-30,9183
2417,圓剛,6,0,6,群益金鼎-高雄,2024-07-30,9183
2348,海悅,13,7,6,群益金鼎-高雄,2024-07-30,9183
4306,炎洲,200,2,198,群益金鼎-高雄,2024-07-31,9183
00632R,元大台灣50反1,126,6,120,群益金鼎-高雄,2024-07-31,9183
1540,喬福,73,1,72,群益金鼎-高雄,2024-07-31,9183
3481,群創,115,46,69,群益金鼎-高雄,2024-07-31,9183
2353,宏��,67,5,62,群益金鼎-高雄,2024-07-31,9183
3024,憶聲,76,14,62,群益金鼎-高雄,2024-07-31,9183
2442,新美齊,62,1,61,群益金鼎-高雄,2024-07-31,9183
4729,熒茂,51,2,49,群益金鼎-高雄,2024-07-31,9183
2886,兆豐金,51,4,47,群益金鼎-高雄,2024-07-31,9183
2409,友達,50,6,44,群益金鼎-高雄,2024-07-31,9183
00946,群益科技高息成長,43,0,43,群益金鼎-高雄,2024-07-31,9183
00929,復華台灣科技優息,45,8,37,群益金鼎-高雄,2024-07-31,9183
1314,中石化,40,3,37,群益金鼎-高雄,2024-07-31,9183
3167,大量,41,5,36,群益金鼎-高雄,2024-07-31,9183
00795B,中信美國公債20年,32,0,32,群益金鼎-高雄,2024-07-31,9183
2641,正德,32,0,32,群益金鼎-高雄,2024-07-31,9183
3663,鑫科,80,48,32,群益金鼎-高雄,2024-07-31,9183
8064,東捷,84,56,28,群益金鼎-高雄,2024-07-31,9183
00697B,元大美債7-10,20,0,20,群益金鼎-高雄,2024-07-31,9183
1608,華榮,20,0,20,群益金鼎-高雄,2024-07-31,9183
1905,華紙,20,0,20,群益金鼎-高雄,2024-07-31,9183
00687B,國泰20年美債,20,0,20,群益金鼎-高雄,2024-07-31,9183
1605,華新,17,0,17,群益金鼎-高雄,2024-07-31,9183
1609,大亞,20,3,17,群益金鼎-高雄,2024-07-31,9183
00679B,元大美債20年,19,2,17,群益金鼎-高雄,2024-07-31,9183
00919,群益台灣精選高息,51,35,16,群益金鼎-高雄,2024-07-31,9183
3711,日月光投控,26,10,16,群益金鼎-高雄,2024-07-31,9183
00633L,富邦上証正2,15,0,15,群益金鼎-高雄,2024-07-31,9183
2204,中華,15,0,15,群益金鼎-高雄,2024-07-31,9183
6239,力成,14,0,14,群益金鼎-高雄,2024-07-31,9183
3105,穩懋,19,6,13,群益金鼎-高雄,2024-07-31,9183
6877,鏵友益,25,12,13,群益金鼎-高雄,2024-07-31,9183
2464,盟立,15,3,12,群益金鼎-高雄,2024-07-31,9183
2884,玉山金,17,5,12,群益金鼎-高雄,2024-07-31,9183
3062,建漢,12,0,12,群益金鼎-高雄,2024-07-31,9183
00878,國泰永續高股息,23,12,11,群益金鼎-高雄,2024-07-31,9183
00733,富邦臺灣中小,10,0,10,群益金鼎-高雄,2024-07-31,9183
2537,聯上發,13,3,10,群益金鼎-高雄,2024-07-31,9183
2836,高雄銀,13,3,10,群益金鼎-高雄,2024-07-31,9183
5515,建國,21,11,10,群益金鼎-高雄,2024-07-31,9183
3455,由田,9,0,9,群益金鼎-高雄,2024-07-31,9183
1307,三芳,7,0,7,群益金鼎-高雄,2024-07-31,9183
1434,福懋,6,0,6,群益金鼎-高雄,2024-07-31,9183
1718,中纖,42,36,6,群益金鼎-高雄,2024-07-31,9183
2543,皇昌,6,0,6,群益金鼎-高雄,2024-07-31,9183
2596,綠意,6,0,6,群益金鼎-高雄,2024-07-31,9183
9940,信義,11,5,6,群益金鼎-高雄,2024-07-31,9183
9906,欣巴巴,10,4,6,群益金鼎-高雄,2024-07-31,9183
2449,京元電子,8,2,6,群益金鼎-高雄,2024-07-31,9183
2883B,凱基金乙特,5,0,5,群益金鼎-高雄,2024-07-31,9183
00680L,元大美債20正2,569,84,485,群益金鼎-高雄,2024-08-01,9183
1312,國喬,350,1,349,群益金鼎-高雄,2024-08-01,9183
00664R,國泰臺灣加權反1,128,0,128,群益金鼎-高雄,2024-08-01,9183
00878,國泰永續高股息,120,2,118,群益金鼎-高雄,2024-08-01,9183
00688L,國泰20年美債正2,156,40,116,群益金鼎-高雄,2024-08-01,9183
00753L,中信中國50正2,100,0,100,群益金鼎-高雄,2024-08-01,9183
00915,凱基優選高股息30,100,0,100,群益金鼎-高雄,2024-08-01,9183
00918,大華優利高填息30,90,6,84,群益金鼎-高雄,2024-08-01,9183
00679B,元大美債20年,133,73,60,群益金鼎-高雄,2024-08-01,9183
00937B,群益ESG投等債20,52,4,48,群益金鼎-高雄,2024-08-01,9183
2538,基泰,57,11,46,群益金鼎-高雄,2024-08-01,9183
2349,錸德,69,25,44,群益金鼎-高雄,2024-08-01,9183
2801,彰銀,40,0,40,群益金鼎-高雄,2024-08-01,9183
3580,友威科,56,19,37,群益金鼎-高雄,2024-08-01,9183
2204,中華,36,0,36,群益金鼎-高雄,2024-08-01,9183
3024,憶聲,48,12,36,群益金鼎-高雄,2024-08-01,9183
9933,中鼎,35,0,35,群益金鼎-高雄,2024-08-01,9183
4729,熒茂,33,0,33,群益金鼎-高雄,2024-08-01,9183
00935,野村臺灣新科技50,26,0,26,群益金鼎-高雄,2024-08-01,9183
2887,台新金,24,0,24,群益金鼎-高雄,2024-08-01,9183
3663,鑫科,71,50,21,群益金鼎-高雄,2024-08-01,9183
3481,群創,40,20,20,群益金鼎-高雄,2024-08-01,9183
00687B,國泰20年美債,22,4,18,群益金鼎-高雄,2024-08-01,9183
2442,新美齊,18,1,17,群益金鼎-高雄,2024-08-01,9183
5443,均豪,46,29,17,群益金鼎-高雄,2024-08-01,9183
1101,台泥,22,5,17,群益金鼎-高雄,2024-08-01,9183
2363,矽統,32,15,17,群益金鼎-高雄,2024-08-01,9183
5213,亞昕,16,0,16,群益金鼎-高雄,2024-08-01,9183
2884,玉山金,14,0,14,群益金鼎-高雄,2024-08-01,9183
3338,泰碩,16,2,14,群益金鼎-高雄,2024-08-01,9183
00946,群益科技高息成長,12,0,12,群益金鼎-高雄,2024-08-01,9183
00939,統一台灣高息動能,11,0,11,群益金鼎-高雄,2024-08-01,9183
1608,華榮,11,0,11,群益金鼎-高雄,2024-08-01,9183
3518,柏騰,30,19,11,群益金鼎-高雄,2024-08-01,9183
00949,復華日本龍頭,10,0,10,群益金鼎-高雄,2024-08-01,9183
1102,亞泥,10,0,10,群益金鼎-高雄,2024-08-01,9183
2344,華邦電,10,0,10,群益金鼎-高雄,2024-08-01,9183
5531,鄉林,10,0,10,群益金鼎-高雄,2024-08-01,9183
6719,力智,10,0,10,群益金鼎-高雄,2024-08-01,9183
2070,精湛,13,4,9,群益金鼎-高雄,2024-08-01,9183
6257,矽格,11,2,9,群益金鼎-高雄,2024-08-01,9183
6603,富強鑫,13,4,9,群益金鼎-高雄,2024-08-01,9183
2397,友通,10,1,9,群益金鼎-高雄,2024-08-01,9183
4510,高鋒,10,1,9,群益金鼎-高雄,2024-08-01,9183
5371,中光電,15,7,8,群益金鼎-高雄,2024-08-01,9183
00934,中信成長高股息,18,10,8,群益金鼎-高雄,2024-08-01,9183
3047,訊舟,23,15,8,群益金鼎-高雄,2024-08-01,9183
2417,圓剛,12,4,8,群益金鼎-高雄,2024-08-01,9183
00923,群益台ESG低碳50,7,0,7,群益金鼎-高雄,2024-08-01,9183
00632R,元大台灣50反1,57,50,7,群益金鼎-高雄,2024-08-01,9183
00637L,元大滬深300正2,710,1,709,群益金鼎-高雄,2024-08-02,9183
00688L,國泰20年美債正2,565,265,300,群益金鼎-高雄,2024-08-02,9183
00878,國泰永續高股息,221,29,192,群益金鼎-高雄,2024-08-02,9183
00929,復華台灣科技優息,203,20,183,群益金鼎-高雄,2024-08-02,9183
00919,群益台灣精選高息,174,5,169,群益金鼎-高雄,2024-08-02,9183
00940,元大台灣價值高息,201,85,116,群益金鼎-高雄,2024-08-02,9183
6548,長科*,74,0,74,群益金鼎-高雄,2024-08-02,9183
4729,熒茂,69,0,69,群益金鼎-高雄,2024-08-02,9183
00679B,元大美債20年,118,52,66,群益金鼎-高雄,2024-08-02,9183
2330,台積電,81,21,60,群益金鼎-高雄,2024-08-02,9183
1718,中纖,54,0,54,群益金鼎-高雄,2024-08-02,9183
1708,東鹼,50,0,50,群益金鼎-高雄,2024-08-02,9183
00923,群益台ESG低碳50,42,3,39,群益金鼎-高雄,2024-08-02,9183
00951,台新日本半導體,42,5,37,群益金鼎-高雄,2024-08-02,9183
4306,炎洲,35,0,35,群益金鼎-高雄,2024-08-02,9183
0056,元大高股息,34,0,34,群益金鼎-高雄,2024-08-02,9183
00712,復華富時不動產,33,0,33,群益金鼎-高雄,2024-08-02,9183
00946,群益科技高息成長,57,24,33,群益金鼎-高雄,2024-08-02,9183
1905,華紙,30,0,30,群益金鼎-高雄,2024-08-02,9183
2337,旺宏,30,1,29,群益金鼎-高雄,2024-08-02,9183
3481,群創,62,33,29,群益金鼎-高雄,2024-08-02,9183
00675L,富邦臺灣加權正2,29,1,28,群益金鼎-高雄,2024-08-02,9183
1314,中石化,37,10,27,群益金鼎-高雄,2024-08-02,9183
8076,伍豐,27,0,27,群益金鼎-高雄,2024-08-02,9183
00905,FT臺灣Smart,25,0,25,群益金鼎-高雄,2024-08-02,9183
3037,欣興,32,7,25,群益金鼎-高雄,2024-08-02,9183
00941,中信上游半導體,21,0,21,群益金鼎-高雄,2024-08-02,9183
9105,泰金寶-DR,21,0,21,群益金鼎-高雄,2024-08-02,9183
00881,國泰台灣5G+,21,0,21,群益金鼎-高雄,2024-08-02,9183
2027,大成鋼,25,5,20,群益金鼎-高雄,2024-08-02,9183
9945,潤泰新,27,7,20,群益金鼎-高雄,2024-08-02,9183
2610,華航,20,0,20,群益金鼎-高雄,2024-08-02,9183
3188,鑫龍騰,49,29,20,群益金鼎-高雄,2024-08-02,9183
3171,炎洲流通,19,0,19,群益金鼎-高雄,2024-08-02,9183
2524,京城,48,30,18,群益金鼎-高雄,2024-08-02,9183
5876,上海商銀,17,0,17,群益金鼎-高雄,2024-08-02,9183
2514,龍邦,17,0,17,群益金鼎-高雄,2024-08-02,9183
2449,京元電子,21,5,16,群益金鼎-高雄,2024-08-02,9183
8027,鈦昇,21,5,16,群益金鼎-高雄,2024-08-02,9183
2884,玉山金,16,0,16,群益金鼎-高雄,2024-08-02,9183
00935,野村臺灣新科技50,15,0,15,群益金鼎-高雄,2024-08-02,9183
2880,華南金,20,5,15,群益金鼎-高雄,2024-08-02,9183
00891,中信關鍵半導體,15,1,14,群益金鼎-高雄,2024-08-02,9183
00918,大華優利高填息30,17,3,14,群益金鼎-高雄,2024-08-02,9183
5512,力麒,14,0,14,群益金鼎-高雄,2024-08-02,9183
2867,三商壽,13,0,13,群益金鼎-高雄,2024-08-02,9183
4303,信立,18,5,13,群益金鼎-高雄,2024-08-02,9183
2891,中信金,20,8,12,群益金鼎-高雄,2024-08-02,9183
00895,富邦未來車,12,0,12,群益金鼎-高雄,2024-08-02,9183
3645,達邁,12,0,12,群益金鼎-高雄,2024-08-02,9183
00946,群益科技高息成長,558,22,536,群益金鼎-高雄,2024-08-05,9183
00940,元大台灣價值高息,331,58,273,群益金鼎-高雄,2024-08-05,9183
00929,復華台灣科技優息,446,195,251,群益金鼎-高雄,2024-08-05,9183
00688L,國泰20年美債正2,635,438,197,群益金鼎-高雄,2024-08-05,9183
00937B,群益ESG投等債20,200,40,160,群益金鼎-高雄,2024-08-05,9183
2834,臺企銀,164,6,158,群益金鼎-高雄,2024-08-05,9183
00919,群益台灣精選高息,168,32,136,群益金鼎-高雄,2024-08-05,9183
6548,長科*,108,0,108,群益金鼎-高雄,2024-08-05,9183
8299,群聯,103,1,102,群益金鼎-高雄,2024-08-05,9183
2618,長榮航,98,10,88,群益金鼎-高雄,2024-08-05,9183
2881,富邦金,84,2,82,群益金鼎-高雄,2024-08-05,9183
2883B,凱基金乙特,78,0,78,群益金鼎-高雄,2024-08-05,9183
2317,鴻海,105,33,72,群益金鼎-高雄,2024-08-05,9183
2409,友達,72,3,69,群益金鼎-高雄,2024-08-05,9183
9105,泰金寶-DR,65,0,65,群益金鼎-高雄,2024-08-05,9183
3481,群創,79,15,64,群益金鼎-高雄,2024-08-05,9183
2330,台積電,113,51,62,群益金鼎-高雄,2024-08-05,9183
4729,熒茂,58,0,58,群益金鼎-高雄,2024-08-05,9183
2417,圓剛,56,0,56,群益金鼎-高雄,2024-08-05,9183
6005,群益證,76,20,56,群益金鼎-高雄,2024-08-05,9183
6770,力積電,51,0,51,群益金鼎-高雄,2024-08-05,9183
0056,元大高股息,64,15,49,群益金鼎-高雄,2024-08-05,9183
00753L,中信中國50正2,51,2,49,群益金鼎-高雄,2024-08-05,9183
2801,彰銀,49,0,49,群益金鼎-高雄,2024-08-05,9183
2609,陽明,64,20,44,群益金鼎-高雄,2024-08-05,9183
00878,國泰永續高股息,98,56,42,群益金鼎-高雄,2024-08-05,9183
3138,耀登,40,0,40,群益金鼎-高雄,2024-08-05,9183
2887,台新金,40,1,39,群益金鼎-高雄,2024-08-05,9183
00923,群益台ESG低碳50,41,3,38,群益金鼎-高雄,2024-08-05,9183
00692,富邦公司治理,37,1,36,群益金鼎-高雄,2024-08-05,9183
9136,巨騰-DR,47,15,32,群益金鼎-高雄,2024-08-05,9183
1301,台塑,44,12,32,群益金鼎-高雄,2024-08-05,9183
006208,富邦台50,32,1,31,群益金鼎-高雄,2024-08-05,9183
4154,樂威科-KY,31,0,31,群益金鼎-高雄,2024-08-05,9183
2349,錸德,33,5,28,群益金鼎-高雄,2024-08-05,9183
2892,第一金,34,6,28,群益金鼎-高雄,2024-08-05,9183
2515,中工,35,7,28,群益金鼎-高雄,2024-08-05,9183
4113,聯上,27,0,27,群益金鼎-高雄,2024-08-05,9183
00715L,期街口布蘭特正2,27,1,26,群益金鼎-高雄,2024-08-05,9183
00936,台新永續高息中小,26,0,26,群益金鼎-高雄,2024-08-05,9183
2845,遠東銀,25,0,25,群益金鼎-高雄,2024-08-05,9183
00941,中信上游半導體,25,0,25,群益金鼎-高雄,2024-08-05,9183
1540,喬福,133,108,25,群益金鼎-高雄,2024-08-05,9183
6505,台塑化,25,2,23,群益金鼎-高雄,2024-08-05,9183
6177,達麗,28,6,22,群益金鼎-高雄,2024-08-05,9183
1303,南亞,25,3,22,群益金鼎-高雄,2024-08-05,9183
2880,華南金,42,20,22,群益金鼎-高雄,2024-08-05,9183
2891,中信金,27,7,20,群益金鼎-高雄,2024-08-05,9183
6116,彩晶,20,0,20,群益金鼎-高雄,2024-08-05,9183
8110,華東,20,0,20,群益金鼎-高雄,2024-08-05,9183
2542,興富發,322,15,307,群益金鼎-高雄,2024-08-06,9183
00637L,元大滬深300正2,232,0,232,群益金鼎-高雄,2024-08-06,9183
0050,元大台灣50,204,0,204,群益金鼎-高雄,2024-08-06,9183
2888,新光金,263,168,95,群益金鼎-高雄,2024-08-06,9183
00900,富邦特選高股息30,483,412,71,群益金鼎-高雄,2024-08-06,9183
00929,復華台灣科技優息,108,42,66,群益金鼎-高雄,2024-08-06,9183
9105,泰金寶-DR,60,0,60,群益金鼎-高雄,2024-08-06,9183
00878,國泰永續高股息,79,23,56,群益金鼎-高雄,2024-08-06,9183
00932,兆豐永續高息等權,343,288,55,群益金鼎-高雄,2024-08-06,9183
1522,堤維西,50,0,50,群益金鼎-高雄,2024-08-06,9183
6548,長科*,50,0,50,群益金鼎-高雄,2024-08-06,9183
5519,隆大,53,4,49,群益金鼎-高雄,2024-08-06,9183
00679B,元大美債20年,55,10,45,群益金鼎-高雄,2024-08-06,9183
00715L,期街口布蘭特正2,42,0,42,群益金鼎-高雄,2024-08-06,9183
3163,波若威,37,2,35,群益金鼎-高雄,2024-08-06,9183
6125,廣運,36,2,34,群益金鼎-高雄,2024-08-06,9183
6177,達麗,39,6,33,群益金鼎-高雄,2024-08-06,9183
2882,國泰金,62,30,32,群益金鼎-高雄,2024-08-06,9183
2867,三商壽,30,0,30,群益金鼎-高雄,2024-08-06,9183
2884,玉山金,32,2,30,群益金鼎-高雄,2024-08-06,9183
2887,台新金,30,0,30,群益金鼎-高雄,2024-08-06,9183
00919,群益台灣精選高息,41,15,26,群益金鼎-高雄,2024-08-06,9183
00940,元大台灣價值高息,94,69,25,群益金鼎-高雄,2024-08-06,9183
6811,宏�硌穈T,25,0,25,群益金鼎-高雄,2024-08-06,9183
2409,友達,34,10,24,群益金鼎-高雄,2024-08-06,9183
2515,中工,24,1,23,群益金鼎-高雄,2024-08-06,9183
6257,矽格,24,3,21,群益金鼎-高雄,2024-08-06,9183
3138,耀登,20,0,20,群益金鼎-高雄,2024-08-06,9183
4303,信立,20,0,20,群益金鼎-高雄,2024-08-06,9183
4513,福裕,21,1,20,群益金鼎-高雄,2024-08-06,9183
2382,廣達,28,10,18,群益金鼎-高雄,2024-08-06,9183
2352,佳世達,19,1,18,群益金鼎-高雄,2024-08-06,9183
00881,國泰台灣5G+,22,4,18,群益金鼎-高雄,2024-08-06,9183
00633L,富邦上証正2,17,0,17,群益金鼎-高雄,2024-08-06,9183
3481,群創,63,47,16,群益金鼎-高雄,2024-08-06,9183
2324,仁寶,17,2,15,群益金鼎-高雄,2024-08-06,9183
0056,元大高股息,42,27,15,群益金鼎-高雄,2024-08-06,9183
1513,中興電,18,3,15,群益金鼎-高雄,2024-08-06,9183
2641,正德,16,1,15,群益金鼎-高雄,2024-08-06,9183
6005,群益證,14,0,14,群益金鼎-高雄,2024-08-06,9183
2023,燁輝,15,1,14,群益金鼎-高雄,2024-08-06,9183
2845,遠東銀,18,4,14,群益金鼎-高雄,2024-08-06,9183
00923,群益台ESG低碳50,19,5,14,群益金鼎-高雄,2024-08-06,9183
02001L,富邦蘋果正二N,13,0,13,群益金鼎-高雄,2024-08-06,9183
2337,旺宏,21,8,13,群益金鼎-高雄,2024-08-06,9183
00895,富邦未來車,20,8,12,群益金鼎-高雄,2024-08-06,9183
2349,錸德,20,8,12,群益金鼎-高雄,2024-08-06,9183
6163,華電網,13,1,12,群益金鼎-高雄,2024-08-06,9183
1314,中石化,12,1,11,群益金鼎-高雄,2024-08-06,9183
3576,聯合再生,11,0,11,群益金鼎-高雄,2024-08-06,9183
2481,強茂,212,0,212,群益金鼎-高雄,2024-08-07,9183
00632R,元大台灣50反1,386,220,166,群益金鼎-高雄,2024-08-07,9183
00929,復華台灣科技優息,227,73,154,群益金鼎-高雄,2024-08-07,9183
00934,中信成長高股息,148,15,133,群益金鼎-高雄,2024-08-07,9183
6548,長科*,121,1,120,群益金鼎-高雄,2024-08-07,9183
3322,建舜電,110,2,108,群益金鼎-高雄,2024-08-07,9183
00753L,中信中國50正2,100,0,100,群益金鼎-高雄,2024-08-07,9183
00878,國泰永續高股息,98,20,78,群益金鼎-高雄,2024-08-07,9183
00687B,國泰20年美債,74,1,73,群益金鼎-高雄,2024-08-07,9183
4729,熒茂,60,0,60,群益金鼎-高雄,2024-08-07,9183
00680L,元大美債20正2,157,105,52,群益金鼎-高雄,2024-08-07,9183
2888,新光金,66,20,46,群益金鼎-高雄,2024-08-07,9183
6285,啟��,40,1,39,群益金鼎-高雄,2024-08-07,9183
1303,南亞,40,1,39,群益金鼎-高雄,2024-08-07,9183
2317,鴻海,93,55,38,群益金鼎-高雄,2024-08-07,9183
2409,友達,38,1,37,群益金鼎-高雄,2024-08-07,9183
2834,臺企銀,39,4,35,群益金鼎-高雄,2024-08-07,9183
3481,群創,40,7,33,群益金鼎-高雄,2024-08-07,9183
00919,群益台灣精選高息,42,11,31,群益金鼎-高雄,2024-08-07,9183
2031,新光鋼,31,0,31,群益金鼎-高雄,2024-08-07,9183
6431,光麗-KY,25,0,25,群益金鼎-高雄,2024-08-07,9183
5210,寶碩,23,0,23,群益金鼎-高雄,2024-08-07,9183
3024,憶聲,22,1,21,群益金鼎-高雄,2024-08-07,9183
2886,兆豐金,25,5,20,群益金鼎-高雄,2024-08-07,9183
00915,凱基優選高股息30,20,0,20,群益金鼎-高雄,2024-08-07,9183
3073,天方能源,20,0,20,群益金鼎-高雄,2024-08-07,9183
3022,威強電,20,1,19,群益金鼎-高雄,2024-08-07,9183
3712,永崴投控,18,0,18,群益金鼎-高雄,2024-08-07,9183
2867,三商壽,20,3,17,群益金鼎-高雄,2024-08-07,9183
3163,波若威,20,3,17,群益金鼎-高雄,2024-08-07,9183
00935,野村臺灣新科技50,15,0,15,群益金鼎-高雄,2024-08-07,9183
2887,台新金,15,0,15,群益金鼎-高雄,2024-08-07,9183
00918,大華優利高填息30,38,25,13,群益金鼎-高雄,2024-08-07,9183
6770,力積電,13,0,13,群益金鼎-高雄,2024-08-07,9183
6213,聯茂,30,18,12,群益金鼎-高雄,2024-08-07,9183
5531,鄉林,11,0,11,群益金鼎-高雄,2024-08-07,9183
00631L,元大台灣50正2,12,1,11,群益金鼎-高雄,2024-08-07,9183
2884,玉山金,13,2,11,群益金鼎-高雄,2024-08-07,9183
2405,輔信,11,0,11,群益金鼎-高雄,2024-08-07,9183
00712,復華富時不動產,10,0,10,群益金鼎-高雄,2024-08-07,9183
00673R,期元大S＆P原油反1,10,0,10,群益金鼎-高雄,2024-08-07,9183
2337,旺宏,21,11,10,群益金鼎-高雄,2024-08-07,9183
2606,裕民,10,0,10,群益金鼎-高雄,2024-08-07,9183
2845,遠東銀,10,0,10,群益金鼎-高雄,2024-08-07,9183
3450,聯鈞,12,2,10,群益金鼎-高雄,2024-08-07,9183
8076,伍豐,10,0,10,群益金鼎-高雄,2024-08-07,9183
4919,新唐,11,1,10,群益金鼎-高雄,2024-08-07,9183
1513,中興電,15,5,10,群益金鼎-高雄,2024-08-07,9183
6239,力成,10,1,9,群益金鼎-高雄,2024-08-07,9183
1540,喬福,52,43,9,群益金鼎-高雄,2024-08-07,9183
00679B,元大美債20年,329,6,323,群益金鼎-高雄,2024-08-08,9183
00937B,群益ESG投等債20,171,7,164,群益金鼎-高雄,2024-08-08,9183
00664R,國泰臺灣加權反1,122,0,122,群益金鼎-高雄,2024-08-08,9183
2892,第一金,119,0,119,群益金鼎-高雄,2024-08-08,9183
00878,國泰永續高股息,94,1,93,群益金鼎-高雄,2024-08-08,9183
00632R,元大台灣50反1,100,10,90,群益金鼎-高雄,2024-08-08,9183
00932,兆豐永續高息等權,106,20,86,群益金鼎-高雄,2024-08-08,9183
2349,錸德,107,27,80,群益金鼎-高雄,2024-08-08,9183
2886,兆豐金,66,15,51,群益金鼎-高雄,2024-08-08,9183
00929,復華台灣科技優息,166,116,50,群益金鼎-高雄,2024-08-08,9183
8071,能率網通,42,1,41,群益金鼎-高雄,2024-08-08,9183
2324,仁寶,47,7,40,群益金鼎-高雄,2024-08-08,9183
2031,新光鋼,40,1,39,群益金鼎-高雄,2024-08-08,9183
00688L,國泰20年美債正2,59,21,38,群益金鼎-高雄,2024-08-08,9183
1301,台塑,39,1,38,群益金鼎-高雄,2024-08-08,9183
00900,富邦特選高股息30,33,0,33,群益金鼎-高雄,2024-08-08,9183
2618,長榮航,31,0,31,群益金鼎-高雄,2024-08-08,9183
6719,力智,30,0,30,群益金鼎-高雄,2024-08-08,9183
9902,台火,30,0,30,群益金鼎-高雄,2024-08-08,9183
2344,華邦電,30,1,29,群益金鼎-高雄,2024-08-08,9183
2317,鴻海,49,21,28,群益金鼎-高雄,2024-08-08,9183
4510,高鋒,70,43,27,群益金鼎-高雄,2024-08-08,9183
2409,友達,30,5,25,群益金鼎-高雄,2024-08-08,9183
0056,元大高股息,24,0,24,群益金鼎-高雄,2024-08-08,9183
00881,國泰台灣5G+,24,1,23,群益金鼎-高雄,2024-08-08,9183
2537,聯上發,25,2,23,群益金鼎-高雄,2024-08-08,9183
00686R,群益臺灣加權反1,20,0,20,群益金鼎-高雄,2024-08-08,9183
00940,元大台灣價值高息,33,14,19,群益金鼎-高雄,2024-08-08,9183
00687B,國泰20年美債,21,3,18,群益金鼎-高雄,2024-08-08,9183
6269,台郡,16,0,16,群益金鼎-高雄,2024-08-08,9183
6257,矽格,28,13,15,群益金鼎-高雄,2024-08-08,9183
2515,中工,13,0,13,群益金鼎-高雄,2024-08-08,9183
3047,訊舟,34,22,12,群益金鼎-高雄,2024-08-08,9183
2609,陽明,49,37,12,群益金鼎-高雄,2024-08-08,9183
00933B,國泰10Y+金融債,12,0,12,群益金鼎-高雄,2024-08-08,9183
3356,奇偶,14,2,12,群益金鼎-高雄,2024-08-08,9183
2610,華航,11,0,11,群益金鼎-高雄,2024-08-08,9183
2353,宏��,10,0,10,群益金鼎-高雄,2024-08-08,9183
3284,太普高,10,0,10,群益金鼎-高雄,2024-08-08,9183
6180,橘子,10,0,10,群益金鼎-高雄,2024-08-08,9183
2834,臺企銀,10,1,9,群益金鼎-高雄,2024-08-08,9183
2603,長榮,17,8,9,群益金鼎-高雄,2024-08-08,9183
2615,萬海,18,9,9,群益金鼎-高雄,2024-08-08,9183
2382,廣達,15,6,9,群益金鼎-高雄,2024-08-08,9183
00923,群益台ESG低碳50,8,0,8,群益金鼎-高雄,2024-08-08,9183
00795B,中信美國公債20年,8,0,8,群益金鼎-高雄,2024-08-08,9183
3325,旭品,8,0,8,群益金鼎-高雄,2024-08-08,9183
3689,湧德,10,2,8,群益金鼎-高雄,2024-08-08,9183
3522,御嵿,12,4,8,群益金鼎-高雄,2024-08-08,9183
2812,台中銀,7,0,7,群益金鼎-高雄,2024-08-08,9183
00679B,元大美債20年,374,2,372,群益金鼎-高雄,2024-08-09,9183
00937B,群益ESG投等債20,322,8,314,群益金鼎-高雄,2024-08-09,9183
00891,中信關鍵半導體,305,0,305,群益金鼎-高雄,2024-08-09,9183
00632R,元大台灣50反1,385,80,305,群益金鼎-高雄,2024-08-09,9183
00936,台新永續高息中小,221,6,215,群益金鼎-高雄,2024-08-09,9183
4174,浩鼎,212,9,203,群益金鼎-高雄,2024-08-09,9183
3189,景碩,175,27,148,群益金鼎-高雄,2024-08-09,9183
2489,瑞軒,164,61,103,群益金鼎-高雄,2024-08-09,9183
6285,啟��,77,0,77,群益金鼎-高雄,2024-08-09,9183
00664R,國泰臺灣加權反1,126,50,76,群益金鼎-高雄,2024-08-09,9183
00795B,中信美國公債20年,51,0,51,群益金鼎-高雄,2024-08-09,9183
00935,野村臺灣新科技50,52,1,51,群益金鼎-高雄,2024-08-09,9183
3231,緯創,138,92,46,群益金鼎-高雄,2024-08-09,9183
0056,元大高股息,57,22,35,群益金鼎-高雄,2024-08-09,9183
8071,能率網通,40,8,32,群益金鼎-高雄,2024-08-09,9183
00633L,富邦上証正2,30,0,30,群益金鼎-高雄,2024-08-09,9183
2349,錸德,69,39,30,群益金鼎-高雄,2024-08-09,9183
2317,鴻海,54,24,30,群益金鼎-高雄,2024-08-09,9183
6603,富強鑫,25,3,22,群益金鼎-高雄,2024-08-09,9183
00631L,元大台灣50正2,21,0,21,群益金鼎-高雄,2024-08-09,9183
00713,元大台灣高息低波,20,0,20,群益金鼎-高雄,2024-08-09,9183
8046,南電,20,0,20,群益金鼎-高雄,2024-08-09,9183
00687B,國泰20年美債,23,4,19,群益金鼎-高雄,2024-08-09,9183
4909,新復興,61,43,18,群益金鼎-高雄,2024-08-09,9183
5351,鈺創,18,0,18,群益金鼎-高雄,2024-08-09,9183
00918,大華優利高填息30,20,3,17,群益金鼎-高雄,2024-08-09,9183
5519,隆大,20,4,16,群益金鼎-高雄,2024-08-09,9183
6180,橘子,16,1,15,群益金鼎-高雄,2024-08-09,9183
3188,鑫龍騰,17,2,15,群益金鼎-高雄,2024-08-09,9183
9907,統一實,15,0,15,群益金鼎-高雄,2024-08-09,9183
2409,友達,26,12,14,群益金鼎-高雄,2024-08-09,9183
2392,正崴,23,9,14,群益金鼎-高雄,2024-08-09,9183
3010,華立,39,27,12,群益金鼎-高雄,2024-08-09,9183
00929,復華台灣科技優息,130,118,12,群益金鼎-高雄,2024-08-09,9183
6244,茂迪,11,0,11,群益金鼎-高雄,2024-08-09,9183
00715L,期街口布蘭特正2,22,11,11,群益金鼎-高雄,2024-08-09,9183
2363,矽統,16,5,11,群益金鼎-高雄,2024-08-09,9183
00878,國泰永續高股息,53,43,10,群益金鼎-高雄,2024-08-09,9183
00673R,期元大S＆P原油反1,10,0,10,群益金鼎-高雄,2024-08-09,9183
00712,復華富時不動產,10,0,10,群益金鼎-高雄,2024-08-09,9183
2515,中工,11,1,10,群益金鼎-高雄,2024-08-09,9183
6547,高端疫苗,10,0,10,群益金鼎-高雄,2024-08-09,9183
3163,波若威,10,1,9,群益金鼎-高雄,2024-08-09,9183
2542,興富發,11,2,9,群益金鼎-高雄,2024-08-09,9183
00933B,國泰10Y+金融債,8,0,8,群益金鼎-高雄,2024-08-09,9183
2610,華航,8,0,8,群益金鼎-高雄,2024-08-09,9183
3356,奇偶,9,1,8,群益金鼎-高雄,2024-08-09,9183
6126,信音,8,0,8,群益金鼎-高雄,2024-08-09,9183
2243,宏旭-KY,9,2,7,群益金鼎-高雄,2024-08-09,9183
2348,海悅,13,6,7,群益金鼎-高雄,2024-08-09,9183
00632R,元大台灣50反1,366,0,366,群益金鼎-高雄,2024-08-12,9183
00679B,元大美債20年,350,4,346,群益金鼎-高雄,2024-08-12,9183
00688L,國泰20年美債正2,335,31,304,群益金鼎-高雄,2024-08-12,9183
00680L,元大美債20正2,317,30,287,群益金鼎-高雄,2024-08-12,9183
00687B,國泰20年美債,101,0,101,群益金鼎-高雄,2024-08-12,9183
4174,浩鼎,101,5,96,群益金鼎-高雄,2024-08-12,9183
9933,中鼎,100,5,95,群益金鼎-高雄,2024-08-12,9183
00664R,國泰臺灣加權反1,77,0,77,群益金鼎-高雄,2024-08-12,9183
8086,宏捷科,58,0,58,群益金鼎-高雄,2024-08-12,9183
00931B,統一美債20年,50,0,50,群益金鼎-高雄,2024-08-12,9183
2888,新光金,112,73,39,群益金鼎-高雄,2024-08-12,9183
3189,景碩,43,7,36,群益金鼎-高雄,2024-08-12,9183
2489,瑞軒,35,4,31,群益金鼎-高雄,2024-08-12,9183
3024,憶聲,53,23,30,群益金鼎-高雄,2024-08-12,9183
2312,金寶,63,40,23,群益金鼎-高雄,2024-08-12,9183
2891,中信金,23,0,23,群益金鼎-高雄,2024-08-12,9183
1597,直得,30,8,22,群益金鼎-高雄,2024-08-12,9183
4513,福裕,20,0,20,群益金鼎-高雄,2024-08-12,9183
2845,遠東銀,20,0,20,群益金鼎-高雄,2024-08-12,9183
2363,矽統,27,9,18,群益金鼎-高雄,2024-08-12,9183
3047,訊舟,23,6,17,群益金鼎-高雄,2024-08-12,9183
5443,均豪,25,9,16,群益金鼎-高雄,2024-08-12,9183
1447,力鵬,16,0,16,群益金鼎-高雄,2024-08-12,9183
3481,群創,59,44,15,群益金鼎-高雄,2024-08-12,9183
1513,中興電,22,8,14,群益金鼎-高雄,2024-08-12,9183
6241,易通展,14,0,14,群益金鼎-高雄,2024-08-12,9183
1301,台塑,13,0,13,群益金鼎-高雄,2024-08-12,9183
2368,金像電,14,1,13,群益金鼎-高雄,2024-08-12,9183
5905,南仁湖,13,0,13,群益金鼎-高雄,2024-08-12,9183
2409,友達,14,3,11,群益金鼎-高雄,2024-08-12,9183
3303,岱稜,11,0,11,群益金鼎-高雄,2024-08-12,9183
4958,臻鼎-KY,11,0,11,群益金鼎-高雄,2024-08-12,9183
1718,中纖,16,6,10,群益金鼎-高雄,2024-08-12,9183
4523,永彰,30,20,10,群益金鼎-高雄,2024-08-12,9183
8105,凌巨,10,0,10,群益金鼎-高雄,2024-08-12,9183
2880,華南金,16,6,10,群益金鼎-高雄,2024-08-12,9183
1762,中化生,9,0,9,群益金鼎-高雄,2024-08-12,9183
1785,光洋科,9,0,9,群益金鼎-高雄,2024-08-12,9183
2474,可成,9,0,9,群益金鼎-高雄,2024-08-12,9183
00685L,群益臺灣加權正2,9,0,9,群益金鼎-高雄,2024-08-12,9183
3450,聯鈞,16,8,8,群益金鼎-高雄,2024-08-12,9183
00713,元大台灣高息低波,18,10,8,群益金鼎-高雄,2024-08-12,9183
00712,復華富時不動產,10,2,8,群益金鼎-高雄,2024-08-12,9183
2008,高興昌,8,0,8,群益金鼎-高雄,2024-08-12,9183
4540,全球傳動,14,6,8,群益金鼎-高雄,2024-08-12,9183
2365,昆盈,46,39,7,群益金鼎-高雄,2024-08-12,9183
6248,沛波,7,0,7,群益金鼎-高雄,2024-08-12,9183
6431,光麗-KY,7,0,7,群益金鼎-高雄,2024-08-12,9183
3663,鑫科,32,25,7,群益金鼎-高雄,2024-08-12,9183
5309,系統電,7,1,6,群益金鼎-高雄,2024-08-12,9183
00946,群益科技高息成長,519,0,519,群益金鼎-高雄,2024-08-13,9183
2851,中再保,302,0,302,群益金鼎-高雄,2024-08-13,9183
00795B,中信美國公債20年,195,1,194,群益金鼎-高雄,2024-08-13,9183
00929,復華台灣科技優息,122,3,119,群益金鼎-高雄,2024-08-13,9183
1708,東鹼,121,3,118,群益金鼎-高雄,2024-08-13,9183
3189,景碩,107,5,102,群益金鼎-高雄,2024-08-13,9183
9933,中鼎,100,0,100,群益金鼎-高雄,2024-08-13,9183
00937B,群益ESG投等債20,101,7,94,群益金鼎-高雄,2024-08-13,9183
00919,群益台灣精選高息,76,1,75,群益金鼎-高雄,2024-08-13,9183
4306,炎洲,60,0,60,群益金鼎-高雄,2024-08-13,9183
8071,能率網通,58,5,53,群益金鼎-高雄,2024-08-13,9183
2880,華南金,51,5,46,群益金鼎-高雄,2024-08-13,9183
4977,眾達-KY,35,0,35,群益金鼎-高雄,2024-08-13,9183
00881,國泰台灣5G+,34,0,34,群益金鼎-高雄,2024-08-13,9183
2615,萬海,38,4,34,群益金鼎-高雄,2024-08-13,9183
0056,元大高股息,53,21,32,群益金鼎-高雄,2024-08-13,9183
00932,兆豐永續高息等權,33,1,32,群益金鼎-高雄,2024-08-13,9183
00918,大華優利高填息30,40,10,30,群益金鼎-高雄,2024-08-13,9183
6505,台塑化,28,0,28,群益金鼎-高雄,2024-08-13,9183
3481,群創,38,11,27,群益金鼎-高雄,2024-08-13,9183
2801,彰銀,27,0,27,群益金鼎-高雄,2024-08-13,9183
00712,復華富時不動產,24,0,24,群益金鼎-高雄,2024-08-13,9183
6269,台郡,23,0,23,群益金鼎-高雄,2024-08-13,9183
00632R,元大台灣50反1,23,0,23,群益金鼎-高雄,2024-08-13,9183
2489,瑞軒,27,7,20,群益金鼎-高雄,2024-08-13,9183
2382,廣達,21,3,18,群益金鼎-高雄,2024-08-13,9183
2609,陽明,38,21,17,群益金鼎-高雄,2024-08-13,9183
00936,台新永續高息中小,27,10,17,群益金鼎-高雄,2024-08-13,9183
00679B,元大美債20年,18,2,16,群益金鼎-高雄,2024-08-13,9183
2886,兆豐金,25,10,15,群益金鼎-高雄,2024-08-13,9183
00686R,群益臺灣加權反1,15,0,15,群益金鼎-高雄,2024-08-13,9183
2892,第一金,15,0,15,群益金鼎-高雄,2024-08-13,9183
1301,台塑,14,0,14,群益金鼎-高雄,2024-08-13,9183
1314,中石化,14,0,14,群益金鼎-高雄,2024-08-13,9183
2323,中環,14,0,14,群益金鼎-高雄,2024-08-13,9183
1513,中興電,25,13,12,群益金鼎-高雄,2024-08-13,9183
5880,合庫金,62,50,12,群益金鼎-高雄,2024-08-13,9183
3535,晶彩科,22,11,11,群益金鼎-高雄,2024-08-13,9183
3706,神達,17,7,10,群益金鼎-高雄,2024-08-13,9183
8028,昇陽半導體,26,16,10,群益金鼎-高雄,2024-08-13,9183
1806,冠軍,9,0,9,群益金鼎-高雄,2024-08-13,9183
2891,中信金,11,3,8,群益金鼎-高雄,2024-08-13,9183
00900,富邦特選高股息30,8,0,8,群益金鼎-高雄,2024-08-13,9183
1718,中纖,8,0,8,群益金鼎-高雄,2024-08-13,9183
4979,華星光,13,5,8,群益金鼎-高雄,2024-08-13,9183
2538,基泰,7,0,7,群益金鼎-高雄,2024-08-13,9183
2883B,凱基金乙特,6,0,6,群益金鼎-高雄,2024-08-13,9183
2208,台船,6,0,6,群益金鼎-高雄,2024-08-13,9183
2367,燿華,7,1,6,群益金鼎-高雄,2024-08-13,9183
4549,桓達,6,0,6,群益金鼎-高雄,2024-08-13,9183
00688L,國泰20年美債正2,743,30,713,群益金鼎-高雄,2024-08-14,9183
00680L,元大美債20正2,521,0,521,群益金鼎-高雄,2024-08-14,9183
00687B,國泰20年美債,317,4,313,群益金鼎-高雄,2024-08-14,9183
00632R,元大台灣50反1,358,109,249,群益金鼎-高雄,2024-08-14,9183
8071,能率網通,142,6,136,群益金鼎-高雄,2024-08-14,9183
2481,強茂,61,1,60,群益金鼎-高雄,2024-08-14,9183
00931B,統一美債20年,50,0,50,群益金鼎-高雄,2024-08-14,9183
1101,台泥,52,11,41,群益金鼎-高雄,2024-08-14,9183
2801,彰銀,31,0,31,群益金鼎-高雄,2024-08-14,9183
3583,辛耘,54,28,26,群益金鼎-高雄,2024-08-14,9183
4113,聯上,27,2,25,群益金鼎-高雄,2024-08-14,9183
5443,均豪,31,9,22,群益金鼎-高雄,2024-08-14,9183
1301,台塑,20,0,20,群益金鼎-高雄,2024-08-14,9183
5272,笙科,20,0,20,群益金鼎-高雄,2024-08-14,9183
8150,南茂,18,0,18,群益金鼎-高雄,2024-08-14,9183
3441,聯一光,15,0,15,群益金鼎-高雄,2024-08-14,9183
6431,光麗-KY,15,0,15,群益金鼎-高雄,2024-08-14,9183
8096,擎亞,56,42,14,群益金鼎-高雄,2024-08-14,9183
4534,慶騰,15,3,12,群益金鼎-高雄,2024-08-14,9183
8354,冠好,12,0,12,群益金鼎-高雄,2024-08-14,9183
3580,友威科,16,4,12,群益金鼎-高雄,2024-08-14,9183
2543,皇昌,22,10,12,群益金鼎-高雄,2024-08-14,9183
00929,復華台灣科技優息,69,57,12,群益金鼎-高雄,2024-08-14,9183
2603,長榮,18,7,11,群益金鼎-高雄,2024-08-14,9183
2897,王道銀行,10,0,10,群益金鼎-高雄,2024-08-14,9183
4131,浩泰,10,0,10,群益金鼎-高雄,2024-08-14,9183
2312,金寶,14,5,9,群益金鼎-高雄,2024-08-14,9183
3535,晶彩科,18,9,9,群益金鼎-高雄,2024-08-14,9183
8043,蜜望實,13,4,9,群益金鼎-高雄,2024-08-14,9183
1524,耿鼎,8,0,8,群益金鼎-高雄,2024-08-14,9183
3303,岱稜,37,29,8,群益金鼎-高雄,2024-08-14,9183
2408,南亞科,8,0,8,群益金鼎-高雄,2024-08-14,9183
00712,復華富時不動產,7,0,7,群益金鼎-高雄,2024-08-14,9183
00715L,期街口布蘭特正2,20,13,7,群益金鼎-高雄,2024-08-14,9183
2615,萬海,15,8,7,群益金鼎-高雄,2024-08-14,9183
5398,慕康生醫,7,0,7,群益金鼎-高雄,2024-08-14,9183
00882,中信中國高股息,6,0,6,群益金鼎-高雄,2024-08-14,9183
5519,隆大,14,8,6,群益金鼎-高雄,2024-08-14,9183
00927,群益半導體收益,6,0,6,群益金鼎-高雄,2024-08-14,9183
2356,英業達,36,30,6,群益金鼎-高雄,2024-08-14,9183
6548,長科*,6,0,6,群益金鼎-高雄,2024-08-14,9183
2401,凌陽,17,12,5,群益金鼎-高雄,2024-08-14,9183
00706L,期元大S＆P日圓正2,5,0,5,群益金鼎-高雄,2024-08-14,9183
00673R,期元大S＆P原油反1,5,0,5,群益金鼎-高雄,2024-08-14,9183
1321,大洋,5,0,5,群益金鼎-高雄,2024-08-14,9183
2014,中鴻,8,3,5,群益金鼎-高雄,2024-08-14,9183
2313,華通,9,4,5,群益金鼎-高雄,2024-08-14,9183
3231,緯創,18,13,5,群益金鼎-高雄,2024-08-14,9183
3490,單井,5,0,5,群益金鼎-高雄,2024-08-14,9183
3528,安馳,5,0,5,群益金鼎-高雄,2024-08-14,9183
00680L,元大美債20正2,812,525,287,群益金鼎-高雄,2024-08-15,9183
2851,中再保,214,0,214,群益金鼎-高雄,2024-08-15,9183
4306,炎洲,116,0,116,群益金鼎-高雄,2024-08-15,9183
00878,國泰永續高股息,129,21,108,群益金鼎-高雄,2024-08-15,9183
00929,復華台灣科技優息,84,7,77,群益金鼎-高雄,2024-08-15,9183
6005,群益證,65,0,65,群益金鼎-高雄,2024-08-15,9183
00940,元大台灣價值高息,66,10,56,群益金鼎-高雄,2024-08-15,9183
1101,台泥,49,0,49,群益金鼎-高雄,2024-08-15,9183
2867,三商壽,65,18,47,群益金鼎-高雄,2024-08-15,9183
00900,富邦特選高股息30,51,14,37,群益金鼎-高雄,2024-08-15,9183
2886,兆豐金,35,4,31,群益金鼎-高雄,2024-08-15,9183
00679B,元大美債20年,32,4,28,群益金鼎-高雄,2024-08-15,9183
00882,中信中國高股息,25,0,25,群益金鼎-高雄,2024-08-15,9183
1718,中纖,36,12,24,群益金鼎-高雄,2024-08-15,9183
1301,台塑,20,0,20,群益金鼎-高雄,2024-08-15,9183
1314,中石化,21,1,20,群益金鼎-高雄,2024-08-15,9183
8028,昇陽半導體,38,20,18,群益金鼎-高雄,2024-08-15,9183
2543,皇昌,28,10,18,群益金鼎-高雄,2024-08-15,9183
2316,楠梓電,16,0,16,群益金鼎-高雄,2024-08-15,9183
2611,志信,15,0,15,群益金鼎-高雄,2024-08-15,9183
00715L,期街口布蘭特正2,14,0,14,群益金鼎-高雄,2024-08-15,9183
2801,彰銀,14,0,14,群益金鼎-高雄,2024-08-15,9183
2607,榮運,14,2,12,群益金鼎-高雄,2024-08-15,9183
6180,橘子,12,0,12,群益金鼎-高雄,2024-08-15,9183
2365,昆盈,43,32,11,群益金鼎-高雄,2024-08-15,9183
2367,燿華,13,2,11,群益金鼎-高雄,2024-08-15,9183
3663,鑫科,48,38,10,群益金鼎-高雄,2024-08-15,9183
2464,盟立,17,7,10,群益金鼎-高雄,2024-08-15,9183
3483,力致,10,0,10,群益金鼎-高雄,2024-08-15,9183
4540,全球傳動,29,19,10,群益金鼎-高雄,2024-08-15,9183
8249,菱光,10,0,10,群益金鼎-高雄,2024-08-15,9183
2109,華豐,9,0,9,群益金鼎-高雄,2024-08-15,9183
2349,錸德,11,2,9,群益金鼎-高雄,2024-08-15,9183
9105,泰金寶-DR,19,10,9,群益金鼎-高雄,2024-08-15,9183
1216,統一,8,0,8,群益金鼎-高雄,2024-08-15,9183
00946,群益科技高息成長,11,3,8,群益金鼎-高雄,2024-08-15,9183
1303,南亞,8,0,8,群益金鼎-高雄,2024-08-15,9183
1701,中化,8,0,8,群益金鼎-高雄,2024-08-15,9183
2885,元大金,8,0,8,群益金鼎-高雄,2024-08-15,9183
3188,鑫龍騰,8,0,8,群益金鼎-高雄,2024-08-15,9183
3051,力特,8,0,8,群益金鼎-高雄,2024-08-15,9183
00933B,國泰10Y+金融債,7,0,7,群益金鼎-高雄,2024-08-15,9183
00632R,元大台灣50反1,27,20,7,群益金鼎-高雄,2024-08-15,9183
1815,富喬,7,0,7,群益金鼎-高雄,2024-08-15,9183
2008,高興昌,15,8,7,群益金鼎-高雄,2024-08-15,9183
2344,華邦電,8,1,7,群益金鼎-高雄,2024-08-15,9183
6770,力積電,6,0,6,群益金鼎-高雄,2024-08-15,9183
3019,亞光,28,22,6,群益金鼎-高雄,2024-08-15,9183
00923,群益台ESG低碳50,6,0,6,群益金鼎-高雄,2024-08-15,9183
1529,樂事綠能,6,0,6,群益金鼎-高雄,2024-08-15,9183
00687B,國泰20年美債,208,65,143,群益金鼎-高雄,2024-08-16,9183
0056,元大高股息,70,2,68,群益金鼎-高雄,2024-08-16,9183
2618,長榮航,52,0,52,群益金鼎-高雄,2024-08-16,9183
00878,國泰永續高股息,49,4,45,群益金鼎-高雄,2024-08-16,9183
2845,遠東銀,55,10,45,群益金鼎-高雄,2024-08-16,9183
00632R,元大台灣50反1,226,186,40,群益金鼎-高雄,2024-08-16,9183
2892,第一金,40,0,40,群益金鼎-高雄,2024-08-16,9183
00631L,元大台灣50正2,55,20,35,群益金鼎-高雄,2024-08-16,9183
3711,日月光投控,35,6,29,群益金鼎-高雄,2024-08-16,9183
00940,元大台灣價值高息,28,1,27,群益金鼎-高雄,2024-08-16,9183
00936,台新永續高息中小,26,1,25,群益金鼎-高雄,2024-08-16,9183
3490,單井,25,0,25,群益金鼎-高雄,2024-08-16,9183
2610,華航,23,1,22,群益金鼎-高雄,2024-08-16,9183
2881,富邦金,31,11,20,群益金鼎-高雄,2024-08-16,9183
00918,大華優利高填息30,20,0,20,群益金鼎-高雄,2024-08-16,9183
6616,特昇-KY,20,0,20,群益金鼎-高雄,2024-08-16,9183
1718,中纖,36,18,18,群益金鼎-高雄,2024-08-16,9183
3163,波若威,35,17,18,群益金鼎-高雄,2024-08-16,9183
4562,穎漢,32,15,17,群益金鼎-高雄,2024-08-16,9183
00715L,期街口布蘭特正2,17,0,17,群益金鼎-高雄,2024-08-16,9183
3583,辛耘,54,37,17,群益金鼎-高雄,2024-08-16,9183
8096,擎亞,74,58,16,群益金鼎-高雄,2024-08-16,9183
2548,華固,16,0,16,群益金鼎-高雄,2024-08-16,9183
1785,光洋科,13,2,11,群益金鼎-高雄,2024-08-16,9183
1326,台化,10,0,10,群益金鼎-高雄,2024-08-16,9183
00900,富邦特選高股息30,11,1,10,群益金鼎-高雄,2024-08-16,9183
2367,燿華,10,0,10,群益金鼎-高雄,2024-08-16,9183
2641,正德,10,0,10,群益金鼎-高雄,2024-08-16,9183
2836,高雄銀,10,0,10,群益金鼎-高雄,2024-08-16,9183
6443,元晶,10,0,10,群益金鼎-高雄,2024-08-16,9183
6505,台塑化,9,0,9,群益金鼎-高雄,2024-08-16,9183
9105,泰金寶-DR,119,111,8,群益金鼎-高雄,2024-08-16,9183
1609,大亞,10,2,8,群益金鼎-高雄,2024-08-16,9183
2537,聯上發,20,12,8,群益金鼎-高雄,2024-08-16,9183
2002,中鋼,7,0,7,群益金鼎-高雄,2024-08-16,9183
00664R,國泰臺灣加權反1,7,0,7,群益金鼎-高雄,2024-08-16,9183
2062,橋椿,36,29,7,群益金鼎-高雄,2024-08-16,9183
3013,晟銘電,23,16,7,群益金鼎-高雄,2024-08-16,9183
2524,京城,10,3,7,群益金鼎-高雄,2024-08-16,9183
3284,太普高,9,3,6,群益金鼎-高雄,2024-08-16,9183
00720B,元大投資級公司債,6,0,6,群益金鼎-高雄,2024-08-16,9183
2008,高興昌,8,2,6,群益金鼎-高雄,2024-08-16,9183
00795B,中信美國公債20年,5,0,5,群益金鼎-高雄,2024-08-16,9183
00857B,永豐20年美公債,5,0,5,群益金鼎-高雄,2024-08-16,9183
00675L,富邦臺灣加權正2,7,2,5,群益金鼎-高雄,2024-08-16,9183
1220,台榮,5,0,5,群益金鼎-高雄,2024-08-16,9183
2105,正新,5,0,5,群益金鼎-高雄,2024-08-16,9183
2328,廣宇,5,0,5,群益金鼎-高雄,2024-08-16,9183
3050,鈺德,5,0,5,群益金鼎-高雄,2024-08-16,9183
4906,正文,6,1,5,群益金鼎-高雄,2024-08-16,9183
00637L,元大滬深300正2,486,6,480,群益金鼎-高雄,2024-08-19,9183
2883,凱基金,325,0,325,群益金鼎-高雄,2024-08-19,9183
8087,麗升能源,66,0,66,群益金鼎-高雄,2024-08-19,9183
00937B,群益ESG投等債20,62,0,62,群益金鼎-高雄,2024-08-19,9183
00687B,國泰20年美債,61,0,61,群益金鼎-高雄,2024-08-19,9183
2402,毅嘉,60,2,58,群益金鼎-高雄,2024-08-19,9183
2317,鴻海,69,17,52,群益金鼎-高雄,2024-08-19,9183
00878,國泰永續高股息,50,10,40,群益金鼎-高雄,2024-08-19,9183
2890,永豐金,36,0,36,群益金鼎-高雄,2024-08-19,9183
00680L,元大美債20正2,36,0,36,群益金鼎-高雄,2024-08-19,9183
1301,台塑,31,0,31,群益金鼎-高雄,2024-08-19,9183
3605,宏致,30,0,30,群益金鼎-高雄,2024-08-19,9183
8071,能率網通,38,13,25,群益金鼎-高雄,2024-08-19,9183
2405,輔信,38,14,24,群益金鼎-高雄,2024-08-19,9183
0056,元大高股息,20,0,20,群益金鼎-高雄,2024-08-19,9183
00642U,期元大S＆P石油,20,0,20,群益金鼎-高雄,2024-08-19,9183
00948B,中信優息投資級債,20,0,20,群益金鼎-高雄,2024-08-19,9183
2615,萬海,23,3,20,群益金鼎-高雄,2024-08-19,9183
00929,復華台灣科技優息,102,83,19,群益金鼎-高雄,2024-08-19,9183
1218,泰山,17,0,17,群益金鼎-高雄,2024-08-19,9183
2354,鴻準,20,3,17,群益金鼎-高雄,2024-08-19,9183
6548,長科*,15,0,15,群益金鼎-高雄,2024-08-19,9183
00933B,國泰10Y+金融債,14,0,14,群益金鼎-高雄,2024-08-19,9183
4924,欣厚-KY,12,0,12,群益金鼎-高雄,2024-08-19,9183
8028,昇陽半導體,59,48,11,群益金鼎-高雄,2024-08-19,9183
00715L,期街口布蘭特正2,18,7,11,群益金鼎-高雄,2024-08-19,9183
2633,台灣高鐵,11,1,10,群益金鼎-高雄,2024-08-19,9183
3284,太普高,10,0,10,群益金鼎-高雄,2024-08-19,9183
4949,有成精密,10,0,10,群益金鼎-高雄,2024-08-19,9183
1513,中興電,10,1,9,群益金鼎-高雄,2024-08-19,9183
5371,中光電,10,1,9,群益金鼎-高雄,2024-08-19,9183
4566,時碩工業,10,1,9,群益金鼎-高雄,2024-08-19,9183
2002,中鋼,11,2,9,群益金鼎-高雄,2024-08-19,9183
2062,橋椿,19,10,9,群益金鼎-高雄,2024-08-19,9183
2464,盟立,20,11,9,群益金鼎-高雄,2024-08-19,9183
2359,所羅門,28,19,9,群益金鼎-高雄,2024-08-19,9183
6188,廣明,11,3,8,群益金鼎-高雄,2024-08-19,9183
1808,潤隆,9,1,8,群益金鼎-高雄,2024-08-19,9183
6530,創威,8,0,8,群益金鼎-高雄,2024-08-19,9183
00720B,元大投資級公司債,7,0,7,群益金鼎-高雄,2024-08-19,9183
00795B,中信美國公債20年,7,0,7,群益金鼎-高雄,2024-08-19,9183
1618,合機,7,0,7,群益金鼎-高雄,2024-08-19,9183
1785,光洋科,14,7,7,群益金鼎-高雄,2024-08-19,9183
4526,東台,8,1,7,群益金鼎-高雄,2024-08-19,9183
3518,柏騰,9,2,7,群益金鼎-高雄,2024-08-19,9183
2886,兆豐金,10,4,6,群益金鼎-高雄,2024-08-19,9183
00757,統一FANG+,7,1,6,群益金鼎-高雄,2024-08-19,9183
1718,中纖,6,0,6,群益金鼎-高雄,2024-08-19,9183
2355,敬鵬,10,4,6,群益金鼎-高雄,2024-08-19,9183
2610,華航,6,0,6,群益金鼎-高雄,2024-08-19,9183
00946,群益科技高息成長,503,0,503,群益金鼎-高雄,2024-08-20,9183
00680L,元大美債20正2,129,6,123,群益金鼎-高雄,2024-08-20,9183
2323,中環,100,2,98,群益金鼎-高雄,2024-08-20,9183
5452,佶優,70,1,69,群益金鼎-高雄,2024-08-20,9183
00932,兆豐永續高息等權,60,4,56,群益金鼎-高雄,2024-08-20,9183
00715L,期街口布蘭特正2,51,0,51,群益金鼎-高雄,2024-08-20,9183
00936,台新永續高息中小,50,0,50,群益金鼎-高雄,2024-08-20,9183
8087,麗升能源,50,0,50,群益金鼎-高雄,2024-08-20,9183
00918,大華優利高填息30,66,17,49,群益金鼎-高雄,2024-08-20,9183
00933B,國泰10Y+金融債,46,0,46,群益金鼎-高雄,2024-08-20,9183
00633L,富邦上証正2,40,0,40,群益金鼎-高雄,2024-08-20,9183
3515,華擎,36,0,36,群益金鼎-高雄,2024-08-20,9183
1802,台玻,33,2,31,群益金鼎-高雄,2024-08-20,9183
2449,京元電子,34,3,31,群益金鼎-高雄,2024-08-20,9183
3583,辛耘,43,13,30,群益金鼎-高雄,2024-08-20,9183
00934,中信成長高股息,30,0,30,群益金鼎-高雄,2024-08-20,9183
3289,宜特,30,1,29,群益金鼎-高雄,2024-08-20,9183
1326,台化,27,0,27,群益金鼎-高雄,2024-08-20,9183
9945,潤泰新,28,2,26,群益金鼎-高雄,2024-08-20,9183
8071,能率網通,25,0,25,群益金鼎-高雄,2024-08-20,9183
00679B,元大美債20年,50,27,23,群益金鼎-高雄,2024-08-20,9183
3163,波若威,22,0,22,群益金鼎-高雄,2024-08-20,9183
2374,佳能,54,33,21,群益金鼎-高雄,2024-08-20,9183
6153,嘉聯益,19,0,19,群益金鼎-高雄,2024-08-20,9183
1314,中石化,29,11,18,群益金鼎-高雄,2024-08-20,9183
00929,復華台灣科技優息,19,2,17,群益金鼎-高雄,2024-08-20,9183
00937B,群益ESG投等債20,17,0,17,群益金鼎-高雄,2024-08-20,9183
2867,三商壽,32,15,17,群益金鼎-高雄,2024-08-20,9183
6118,建達,18,1,17,群益金鼎-高雄,2024-08-20,9183
2891,中信金,22,6,16,群益金鼎-高雄,2024-08-20,9183
3548,兆利,15,0,15,群益金鼎-高雄,2024-08-20,9183
2002,中鋼,14,1,13,群益金鼎-高雄,2024-08-20,9183
3379,彬台,17,4,13,群益金鼎-高雄,2024-08-20,9183
4306,炎洲,13,0,13,群益金鼎-高雄,2024-08-20,9183
1532,勤美,12,0,12,群益金鼎-高雄,2024-08-20,9183
1718,中纖,12,0,12,群益金鼎-高雄,2024-08-20,9183
3714,富采,12,0,12,群益金鼎-高雄,2024-08-20,9183
4541,晟田,12,0,12,群益金鼎-高雄,2024-08-20,9183
6125,廣運,31,19,12,群益金鼎-高雄,2024-08-20,9183
2609,陽明,27,16,11,群益金鼎-高雄,2024-08-20,9183
00713,元大台灣高息低波,11,0,11,群益金鼎-高雄,2024-08-20,9183
2243,宏旭-KY,11,0,11,群益金鼎-高雄,2024-08-20,9183
2431,聯昌,11,0,11,群益金鼎-高雄,2024-08-20,9183
3580,友威科,35,24,11,群益金鼎-高雄,2024-08-20,9183
2330,台積電,15,4,11,群益金鼎-高雄,2024-08-20,9183
00878,國泰永續高股息,10,0,10,群益金鼎-高雄,2024-08-20,9183
2352,佳世達,10,0,10,群益金鼎-高雄,2024-08-20,9183
4566,時碩工業,20,10,10,群益金鼎-高雄,2024-08-20,9183
5222,全訊,10,0,10,群益金鼎-高雄,2024-08-20,9183
2882,國泰金,15,5,10,群益金鼎-高雄,2024-08-20,9183
00688L,國泰20年美債正2,550,3,547,群益金鼎-高雄,2024-08-21,9183
00680L,元大美債20正2,574,50,524,群益金鼎-高雄,2024-08-21,9183
2891,中信金,147,11,136,群益金鼎-高雄,2024-08-21,9183
4306,炎洲,102,0,102,群益金鼎-高雄,2024-08-21,9183
8107,大億金茂,100,0,100,群益金鼎-高雄,2024-08-21,9183
00632R,元大台灣50反1,54,0,54,群益金鼎-高雄,2024-08-21,9183
3016,嘉晶,45,0,45,群益金鼎-高雄,2024-08-21,9183
9105,泰金寶-DR,62,21,41,群益金鼎-高雄,2024-08-21,9183
00687B,國泰20年美債,41,3,38,群益金鼎-高雄,2024-08-21,9183
00936,台新永續高息中小,157,120,37,群益金鼎-高雄,2024-08-21,9183
8028,昇陽半導體,93,60,33,群益金鼎-高雄,2024-08-21,9183
00686R,群益臺灣加權反1,30,0,30,群益金鼎-高雄,2024-08-21,9183
00940,元大台灣價值高息,35,7,28,群益金鼎-高雄,2024-08-21,9183
8210,勤誠,27,0,27,群益金鼎-高雄,2024-08-21,9183
00929,復華台灣科技優息,26,2,24,群益金鼎-高雄,2024-08-21,9183
3050,鈺德,25,2,23,群益金鼎-高雄,2024-08-21,9183
00878,國泰永續高股息,25,3,22,群益金鼎-高雄,2024-08-21,9183
8087,麗升能源,21,0,21,群益金鼎-高雄,2024-08-21,9183
2481,強茂,30,10,20,群益金鼎-高雄,2024-08-21,9183
6233,旺玖,20,0,20,群益金鼎-高雄,2024-08-21,9183
2618,長榮航,56,36,20,群益金鼎-高雄,2024-08-21,9183
8080,印鉐,22,3,19,群益金鼎-高雄,2024-08-21,9183
6208,日揚,23,5,18,群益金鼎-高雄,2024-08-21,9183
2887,台新金,25,7,18,群益金鼎-高雄,2024-08-21,9183
00919,群益台灣精選高息,50,33,17,群益金鼎-高雄,2024-08-21,9183
2884,玉山金,15,0,15,群益金鼎-高雄,2024-08-21,9183
3312,弘憶股,17,3,14,群益金鼎-高雄,2024-08-21,9183
2317,鴻海,25,11,14,群益金鼎-高雄,2024-08-21,9183
8027,鈦昇,12,0,12,群益金鼎-高雄,2024-08-21,9183
3491,昇達科,11,0,11,群益金鼎-高雄,2024-08-21,9183
00881,國泰台灣5G+,11,0,11,群益金鼎-高雄,2024-08-21,9183
00830,國泰費城半導體,11,0,11,群益金鼎-高雄,2024-08-21,9183
1218,泰山,11,0,11,群益金鼎-高雄,2024-08-21,9183
1301,台塑,12,1,11,群益金鼎-高雄,2024-08-21,9183
2367,燿華,11,0,11,群益金鼎-高雄,2024-08-21,9183
00715L,期街口布蘭特正2,10,0,10,群益金鼎-高雄,2024-08-21,9183
00633L,富邦上証正2,10,0,10,群益金鼎-高雄,2024-08-21,9183
2641,正德,10,0,10,群益金鼎-高雄,2024-08-21,9183
4540,全球傳動,10,0,10,群益金鼎-高雄,2024-08-21,9183
2356,英業達,9,0,9,群益金鼎-高雄,2024-08-21,9183
3535,晶彩科,35,26,9,群益金鼎-高雄,2024-08-21,9183
8104,錸寶,12,3,9,群益金鼎-高雄,2024-08-21,9183
2524,京城,12,3,9,群益金鼎-高雄,2024-08-21,9183
3024,憶聲,8,0,8,群益金鼎-高雄,2024-08-21,9183
5364,力麗店,8,0,8,群益金鼎-高雄,2024-08-21,9183
8440,綠電,27,19,8,群益金鼎-高雄,2024-08-21,9183
3583,辛耘,11,4,7,群益金鼎-高雄,2024-08-21,9183
1216,統一,10,3,7,群益金鼎-高雄,2024-08-21,9183
5469,瀚宇博,7,0,7,群益金鼎-高雄,2024-08-21,9183
8299,群聯,7,0,7,群益金鼎-高雄,2024-08-21,9183
00637L,元大滬深300正2,480,0,480,群益金鼎-高雄,2024-08-22,9183
00940,元大台灣價值高息,158,3,155,群益金鼎-高雄,2024-08-22,9183
00664R,國泰臺灣加權反1,128,0,128,群益金鼎-高雄,2024-08-22,9183
00936,台新永續高息中小,171,57,114,群益金鼎-高雄,2024-08-22,9183
00929,復華台灣科技優息,68,9,59,群益金鼎-高雄,2024-08-22,9183
8087,麗升能源,47,0,47,群益金鼎-高雄,2024-08-22,9183
00918,大華優利高填息30,41,0,41,群益金鼎-高雄,2024-08-22,9183
6548,長科*,42,2,40,群益金鼎-高雄,2024-08-22,9183
00915,凱基優選高股息30,39,0,39,群益金鼎-高雄,2024-08-22,9183
2890,永豐金,32,1,31,群益金鼎-高雄,2024-08-22,9183
2349,錸德,146,115,31,群益金鼎-高雄,2024-08-22,9183
2891,中信金,26,0,26,群益金鼎-高雄,2024-08-22,9183
3019,亞光,42,18,24,群益金鼎-高雄,2024-08-22,9183
00891,中信關鍵半導體,22,0,22,群益金鼎-高雄,2024-08-22,9183
6505,台塑化,20,0,20,群益金鼎-高雄,2024-08-22,9183
00904,新光臺灣半導體30,20,0,20,群益金鼎-高雄,2024-08-22,9183
2062,橋椿,43,23,20,群益金鼎-高雄,2024-08-22,9183
1474,弘裕,19,0,19,群益金鼎-高雄,2024-08-22,9183
6177,達麗,28,13,15,群益金鼎-高雄,2024-08-22,9183
1785,光洋科,16,1,15,群益金鼎-高雄,2024-08-22,9183
3548,兆利,15,0,15,群益金鼎-高雄,2024-08-22,9183
3576,聯合再生,20,5,15,群益金鼎-高雄,2024-08-22,9183
00953B,群益優選非投等債,14,0,14,群益金鼎-高雄,2024-08-22,9183
5443,均豪,24,10,14,群益金鼎-高雄,2024-08-22,9183
4716,大立,42,29,13,群益金鼎-高雄,2024-08-22,9183
1584,精剛,17,4,13,群益金鼎-高雄,2024-08-22,9183
3037,欣興,53,40,13,群益金鼎-高雄,2024-08-22,9183
00715L,期街口布蘭特正2,14,1,13,群益金鼎-高雄,2024-08-22,9183
8089,康全電訊,31,18,13,群益金鼎-高雄,2024-08-22,9183
2542,興富發,19,8,11,群益金鼎-高雄,2024-08-22,9183
4306,炎洲,11,0,11,群益金鼎-高雄,2024-08-22,9183
2317,鴻海,24,13,11,群益金鼎-高雄,2024-08-22,9183
2201,裕隆,10,0,10,群益金鼎-高雄,2024-08-22,9183
1789,神隆,10,0,10,群益金鼎-高雄,2024-08-22,9183
1909,榮成,10,0,10,群益金鼎-高雄,2024-08-22,9183
2328,廣宇,10,0,10,群益金鼎-高雄,2024-08-22,9183
3029,零壹,10,0,10,群益金鼎-高雄,2024-08-22,9183
3501,維熹,10,0,10,群益金鼎-高雄,2024-08-22,9183
3605,宏致,10,0,10,群益金鼎-高雄,2024-08-22,9183
5426,振發,10,0,10,群益金鼎-高雄,2024-08-22,9183
3491,昇達科,10,1,9,群益金鼎-高雄,2024-08-22,9183
4142,國光生,9,0,9,群益金鼎-高雄,2024-08-22,9183
8027,鈦昇,14,5,9,群益金鼎-高雄,2024-08-22,9183
3535,晶彩科,32,24,8,群益金鼎-高雄,2024-08-22,9183
8033,雷虎,9,1,8,群益金鼎-高雄,2024-08-22,9183
2883,凱基金,9,1,8,群益金鼎-高雄,2024-08-22,9183
3006,晶豪科,11,3,8,群益金鼎-高雄,2024-08-22,9183
6180,橘子,8,0,8,群益金鼎-高雄,2024-08-22,9183
2881,富邦金,9,2,7,群益金鼎-高雄,2024-08-22,9183
1216,統一,8,1,7,群益金鼎-高雄,2024-08-22,9183
2888,新光金,2033,576,1457,群益金鼎-高雄,2024-08-23,9183
1314,中石化,243,62,181,群益金鼎-高雄,2024-08-23,9183
00687B,國泰20年美債,129,0,129,群益金鼎-高雄,2024-08-23,9183
00664R,國泰臺灣加權反1,127,0,127,群益金鼎-高雄,2024-08-23,9183
00936,台新永續高息中小,130,20,110,群益金鼎-高雄,2024-08-23,9183
00679B,元大美債20年,98,10,88,群益金鼎-高雄,2024-08-23,9183
00929,復華台灣科技優息,83,12,71,群益金鼎-高雄,2024-08-23,9183
00715L,期街口布蘭特正2,50,0,50,群益金鼎-高雄,2024-08-23,9183
4958,臻鼎-KY,40,3,37,群益金鼎-高雄,2024-08-23,9183
00937B,群益ESG投等債20,29,0,29,群益金鼎-高雄,2024-08-23,9183
1711,永光,41,16,25,群益金鼎-高雄,2024-08-23,9183
4979,華星光,22,0,22,群益金鼎-高雄,2024-08-23,9183
5905,南仁湖,29,8,21,群益金鼎-高雄,2024-08-23,9183
1802,台玻,20,0,20,群益金鼎-高雄,2024-08-23,9183
8028,昇陽半導體,66,47,19,群益金鼎-高雄,2024-08-23,9183
1718,中纖,24,6,18,群益金鼎-高雄,2024-08-23,9183
2891,中信金,33,17,16,群益金鼎-高雄,2024-08-23,9183
2603,長榮,15,0,15,群益金鼎-高雄,2024-08-23,9183
2337,旺宏,19,5,14,群益金鼎-高雄,2024-08-23,9183
8087,麗升能源,14,0,14,群益金鼎-高雄,2024-08-23,9183
8076,伍豐,13,0,13,群益金鼎-高雄,2024-08-23,9183
2609,陽明,15,3,12,群益金鼎-高雄,2024-08-23,9183
1708,東鹼,32,20,12,群益金鼎-高雄,2024-08-23,9183
1326,台化,12,0,12,群益金鼎-高雄,2024-08-23,9183
00932,兆豐永續高息等權,57,45,12,群益金鼎-高雄,2024-08-23,9183
2882,國泰金,18,7,11,群益金鼎-高雄,2024-08-23,9183
6617,共信-KY,11,0,11,群益金鼎-高雄,2024-08-23,9183
8096,擎亞,22,11,11,群益金鼎-高雄,2024-08-23,9183
2542,興富發,16,5,11,群益金鼎-高雄,2024-08-23,9183
6177,達麗,20,10,10,群益金鼎-高雄,2024-08-23,9183
3362,先進光,11,1,10,群益金鼎-高雄,2024-08-23,9183
3576,聯合再生,12,2,10,群益金鼎-高雄,2024-08-23,9183
3615,安可,12,3,9,群益金鼎-高雄,2024-08-23,9183
2317,鴻海,21,12,9,群益金鼎-高雄,2024-08-23,9183
00795B,中信美國公債20年,8,0,8,群益金鼎-高雄,2024-08-23,9183
4303,信立,23,15,8,群益金鼎-高雄,2024-08-23,9183
00919,群益台灣精選高息,7,0,7,群益金鼎-高雄,2024-08-23,9183
1301,台塑,7,0,7,群益金鼎-高雄,2024-08-23,9183
3363,上詮,22,15,7,群益金鼎-高雄,2024-08-23,9183
2538,基泰,7,0,7,群益金鼎-高雄,2024-08-23,9183
8021,尖點,14,8,6,群益金鼎-高雄,2024-08-23,9183
1597,直得,6,0,6,群益金鼎-高雄,2024-08-23,9183
4513,福裕,7,1,6,群益金鼎-高雄,2024-08-23,9183
2363,矽統,24,19,5,群益金鼎-高雄,2024-08-23,9183
3652,精聯,5,0,5,群益金鼎-高雄,2024-08-23,9183
3037,欣興,10,5,5,群益金鼎-高雄,2024-08-23,9183
1218,泰山,7,2,5,群益金鼎-高雄,2024-08-23,9183
1709,和益,5,0,5,群益金鼎-高雄,2024-08-23,9183
2340,台亞,10,5,5,群益金鼎-高雄,2024-08-23,9183
2356,英業達,5,0,5,群益金鼎-高雄,2024-08-23,9183
00632R,元大台灣50反1,403,0,403,群益金鼎-高雄,2024-08-26,9183
00680L,元大美債20正2,155,2,153,群益金鼎-高雄,2024-08-26,9183
00929,復華台灣科技優息,116,13,103,群益金鼎-高雄,2024-08-26,9183
00940,元大台灣價值高息,164,76,88,群益金鼎-高雄,2024-08-26,9183
2402,毅嘉,89,15,74,群益金鼎-高雄,2024-08-26,9183
00664R,國泰臺灣加權反1,66,0,66,群益金鼎-高雄,2024-08-26,9183
9136,巨騰-DR,70,8,62,群益金鼎-高雄,2024-08-26,9183
3189,景碩,59,9,50,群益金鼎-高雄,2024-08-26,9183
00715L,期街口布蘭特正2,57,15,42,群益金鼎-高雄,2024-08-26,9183
00687B,國泰20年美債,48,6,42,群益金鼎-高雄,2024-08-26,9183
1326,台化,44,6,38,群益金鼎-高雄,2024-08-26,9183
00918,大華優利高填息30,35,11,24,群益金鼎-高雄,2024-08-26,9183
1532,勤美,20,0,20,群益金鼎-高雄,2024-08-26,9183
2312,金寶,26,7,19,群益金鼎-高雄,2024-08-26,9183
0056,元大高股息,23,4,19,群益金鼎-高雄,2024-08-26,9183
2409,友達,25,8,17,群益金鼎-高雄,2024-08-26,9183
2524,京城,18,1,17,群益金鼎-高雄,2024-08-26,9183
9105,泰金寶-DR,16,0,16,群益金鼎-高雄,2024-08-26,9183
00953B,群益優選非投等債,15,0,15,群益金鼎-高雄,2024-08-26,9183
3523,迎輝,15,0,15,群益金鼎-高雄,2024-08-26,9183
6125,廣運,19,4,15,群益金鼎-高雄,2024-08-26,9183
3583,辛耘,27,14,13,群益金鼎-高雄,2024-08-26,9183
2303,聯電,15,2,13,群益金鼎-高雄,2024-08-26,9183
1301,台塑,13,1,12,群益金鼎-高雄,2024-08-26,9183
2317,鴻海,25,14,11,群益金鼎-高雄,2024-08-26,9183
2331,精英,20,9,11,群益金鼎-高雄,2024-08-26,9183
2349,錸德,24,13,11,群益金鼎-高雄,2024-08-26,9183
6173,信昌電,11,0,11,群益金鼎-高雄,2024-08-26,9183
6177,達麗,12,1,11,群益金鼎-高雄,2024-08-26,9183
8049,晶采,11,0,11,群益金鼎-高雄,2024-08-26,9183
00712,復華富時不動產,10,0,10,群益金鼎-高雄,2024-08-26,9183
00688L,國泰20年美債正2,10,0,10,群益金鼎-高雄,2024-08-26,9183
00633L,富邦上証正2,10,0,10,群益金鼎-高雄,2024-08-26,9183
1464,得力,10,0,10,群益金鼎-高雄,2024-08-26,9183
2464,盟立,18,8,10,群益金鼎-高雄,2024-08-26,9183
6443,元晶,10,0,10,群益金鼎-高雄,2024-08-26,9183
6470,宇智,10,0,10,群益金鼎-高雄,2024-08-26,9183
8110,華東,10,0,10,群益金鼎-高雄,2024-08-26,9183
2834,臺企銀,10,1,9,群益金鼎-高雄,2024-08-26,9183
006208,富邦台50,10,1,9,群益金鼎-高雄,2024-08-26,9183
4513,福裕,10,1,9,群益金鼎-高雄,2024-08-26,9183
2441,超豐,10,1,9,群益金鼎-高雄,2024-08-26,9183
2886,兆豐金,9,1,8,群益金鼎-高雄,2024-08-26,9183
8043,蜜望實,13,5,8,群益金鼎-高雄,2024-08-26,9183
3037,欣興,11,3,8,群益金鼎-高雄,2024-08-26,9183
1513,中興電,14,6,8,群益金鼎-高雄,2024-08-26,9183
2362,藍天,10,2,8,群益金鼎-高雄,2024-08-26,9183
2537,聯上發,8,0,8,群益金鼎-高雄,2024-08-26,9183
2618,長榮航,8,0,8,群益金鼎-高雄,2024-08-26,9183
8092,建暐,8,0,8,群益金鼎-高雄,2024-08-26,9183
00687B,國泰20年美債,217,34,183,群益金鼎-高雄,2024-08-27,9183
00918,大華優利高填息30,94,0,94,群益金鼎-高雄,2024-08-27,9183
3481,群創,174,86,88,群益金鼎-高雄,2024-08-27,9183
3390,旭軟,76,5,71,群益金鼎-高雄,2024-08-27,9183
2891,中信金,51,1,50,群益金鼎-高雄,2024-08-27,9183
00919,群益台灣精選高息,43,1,42,群益金鼎-高雄,2024-08-27,9183
00725B,國泰投資級公司債,40,0,40,群益金鼎-高雄,2024-08-27,9183
3217,優群,40,0,40,群益金鼎-高雄,2024-08-27,9183
6133,金橋,41,1,40,群益金鼎-高雄,2024-08-27,9183
2883,凱基金,33,3,30,群益金鼎-高雄,2024-08-27,9183
00680L,元大美債20正2,52,25,27,群益金鼎-高雄,2024-08-27,9183
8210,勤誠,25,1,24,群益金鼎-高雄,2024-08-27,9183
2887,台新金,23,2,21,群益金鼎-高雄,2024-08-27,9183
4729,熒茂,21,0,21,群益金鼎-高雄,2024-08-27,9183
2449,京元電子,22,1,21,群益金鼎-高雄,2024-08-27,9183
3711,日月光投控,20,0,20,群益金鼎-高雄,2024-08-27,9183
1312,國喬,20,0,20,群益金鼎-高雄,2024-08-27,9183
2615,萬海,20,0,20,群益金鼎-高雄,2024-08-27,9183
3284,太普高,20,0,20,群益金鼎-高雄,2024-08-27,9183
4958,臻鼎-KY,20,0,20,群益金鼎-高雄,2024-08-27,9183
6405,悅城,16,0,16,群益金鼎-高雄,2024-08-27,9183
00830,國泰費城半導體,15,0,15,群益金鼎-高雄,2024-08-27,9183
3693,營邦,14,0,14,群益金鼎-高雄,2024-08-27,9183
1789,神隆,13,0,13,群益金鼎-高雄,2024-08-27,9183
2353,宏��,13,0,13,群益金鼎-高雄,2024-08-27,9183
00936,台新永續高息中小,12,0,12,群益金鼎-高雄,2024-08-27,9183
3325,旭品,12,0,12,群益金鼎-高雄,2024-08-27,9183
1718,中纖,17,6,11,群益金鼎-高雄,2024-08-27,9183
3202,樺晟,11,0,11,群益金鼎-高雄,2024-08-27,9183
3689,湧德,12,1,11,群益金鼎-高雄,2024-08-27,9183
4139,馬光-KY,11,0,11,群益金鼎-高雄,2024-08-27,9183
8421,旭源,11,0,11,群益金鼎-高雄,2024-08-27,9183
3312,弘憶股,11,1,10,群益金鼎-高雄,2024-08-27,9183
2313,華通,13,3,10,群益金鼎-高雄,2024-08-27,9183
1218,泰山,10,0,10,群益金鼎-高雄,2024-08-27,9183
1708,東鹼,16,6,10,群益金鼎-高雄,2024-08-27,9183
3322,建舜電,10,0,10,群益金鼎-高雄,2024-08-27,9183
2603,長榮,12,3,9,群益金鼎-高雄,2024-08-27,9183
00929,復華台灣科技優息,19,10,9,群益金鼎-高雄,2024-08-27,9183
4967,十銓,19,10,9,群益金鼎-高雄,2024-08-27,9183
2409,友達,10,1,9,群益金鼎-高雄,2024-08-27,9183
2610,華航,9,0,9,群益金鼎-高雄,2024-08-27,9183
2323,中環,8,0,8,群益金鼎-高雄,2024-08-27,9183
2905,三商,8,0,8,群益金鼎-高雄,2024-08-27,9183
8150,南茂,8,0,8,群益金鼎-高雄,2024-08-27,9183
00923,群益台ESG低碳50,9,2,7,群益金鼎-高雄,2024-08-27,9183
2537,聯上發,9,2,7,群益金鼎-高雄,2024-08-27,9183
4401,東隆興,7,0,7,群益金鼎-高雄,2024-08-27,9183
6163,華電網,7,0,7,群益金鼎-高雄,2024-08-27,9183
6218,豪勉,7,0,7,群益金鼎-高雄,2024-08-27,9183
1708,東鹼,131,1,130,群益金鼎-高雄,2024-08-28,9183
00632R,元大台灣50反1,110,0,110,群益金鼎-高雄,2024-08-28,9183
00753L,中信中國50正2,100,0,100,群益金鼎-高雄,2024-08-28,9183
00929,復華台灣科技優息,106,8,98,群益金鼎-高雄,2024-08-28,9183
3548,兆利,60,0,60,群益金鼎-高雄,2024-08-28,9183
3289,宜特,40,1,39,群益金鼎-高雄,2024-08-28,9183
2317,鴻海,57,23,34,群益金鼎-高雄,2024-08-28,9183
2425,承啟,40,7,33,群益金鼎-高雄,2024-08-28,9183
00940,元大台灣價值高息,30,0,30,群益金鼎-高雄,2024-08-28,9183
2349,錸德,38,9,29,群益金鼎-高雄,2024-08-28,9183
3515,華擎,24,0,24,群益金鼎-高雄,2024-08-28,9183
2402,毅嘉,55,32,23,群益金鼎-高雄,2024-08-28,9183
00757,統一FANG+,20,0,20,群益金鼎-高雄,2024-08-28,9183
2340,台亞,20,0,20,群益金鼎-高雄,2024-08-28,9183
8210,勤誠,20,0,20,群益金鼎-高雄,2024-08-28,9183
2867,三商壽,22,3,19,群益金鼎-高雄,2024-08-28,9183
4979,華星光,19,3,16,群益金鼎-高雄,2024-08-28,9183
8027,鈦昇,22,6,16,群益金鼎-高雄,2024-08-28,9183
3149,正達,18,2,16,群益金鼎-高雄,2024-08-28,9183
2524,京城,16,1,15,群益金鼎-高雄,2024-08-28,9183
1609,大亞,18,3,15,群益金鼎-高雄,2024-08-28,9183
2891,中信金,21,6,15,群益金鼎-高雄,2024-08-28,9183
3217,優群,15,0,15,群益金鼎-高雄,2024-08-28,9183
4133,亞諾法,20,5,15,群益金鼎-高雄,2024-08-28,9183
8096,擎亞,18,3,15,群益金鼎-高雄,2024-08-28,9183
8028,昇陽半導體,25,10,15,群益金鼎-高雄,2024-08-28,9183
8074,鉅橡,14,0,14,群益金鼎-高雄,2024-08-28,9183
6177,達麗,15,1,14,群益金鼎-高雄,2024-08-28,9183
00881,國泰台灣5G+,13,0,13,群益金鼎-高雄,2024-08-28,9183
6548,長科*,13,0,13,群益金鼎-高雄,2024-08-28,9183
1301,台塑,13,0,13,群益金鼎-高雄,2024-08-28,9183
5443,均豪,39,27,12,群益金鼎-高雄,2024-08-28,9183
3059,華晶科,12,0,12,群益金鼎-高雄,2024-08-28,9183
4549,桓達,14,2,12,群益金鼎-高雄,2024-08-28,9183
2886,兆豐金,11,0,11,群益金鼎-高雄,2024-08-28,9183
2409,友達,14,3,11,群益金鼎-高雄,2024-08-28,9183
8111,立��,48,38,10,群益金鼎-高雄,2024-08-28,9183
6505,台塑化,10,0,10,群益金鼎-高雄,2024-08-28,9183
8039,台虹,21,11,10,群益金鼎-高雄,2024-08-28,9183
00950B,凱基A級公司債,10,0,10,群益金鼎-高雄,2024-08-28,9183
00680L,元大美債20正2,15,5,10,群益金鼎-高雄,2024-08-28,9183
00633L,富邦上証正2,10,0,10,群益金鼎-高雄,2024-08-28,9183
3535,晶彩科,12,2,10,群益金鼎-高雄,2024-08-28,9183
3673,TPK-KY,21,11,10,群益金鼎-高雄,2024-08-28,9183
00919,群益台灣精選高息,15,6,9,群益金鼎-高雄,2024-08-28,9183
2331,精英,10,1,9,群益金鼎-高雄,2024-08-28,9183
2392,正崴,10,1,9,群益金鼎-高雄,2024-08-28,9183
6248,沛波,10,1,9,群益金鼎-高雄,2024-08-28,9183
2337,旺宏,8,0,8,群益金鼎-高雄,2024-08-28,9183
2852,第一保,8,0,8,群益金鼎-高雄,2024-08-28,9183
2888,新光金,152,14,138,群益金鼎-高雄,2024-08-29,9183
00680L,元大美債20正2,73,3,70,群益金鼎-高雄,2024-08-29,9183
2887,台新金,69,0,69,群益金鼎-高雄,2024-08-29,9183
2891,中信金,68,0,68,群益金鼎-高雄,2024-08-29,9183
00940,元大台灣價值高息,46,0,46,群益金鼎-高雄,2024-08-29,9183
00715L,期街口布蘭特正2,45,0,45,群益金鼎-高雄,2024-08-29,9183
00937B,群益ESG投等債20,44,0,44,群益金鼎-高雄,2024-08-29,9183
00637L,元大滬深300正2,38,0,38,群益金鼎-高雄,2024-08-29,9183
5871,中租-KY,36,0,36,群益金鼎-高雄,2024-08-29,9183
4510,高鋒,69,37,32,群益金鼎-高雄,2024-08-29,9183
2317,鴻海,52,21,31,群益金鼎-高雄,2024-08-29,9183
1314,中石化,30,0,30,群益金鼎-高雄,2024-08-29,9183
00687B,國泰20年美債,29,0,29,群益金鼎-高雄,2024-08-29,9183
2330,台積電,50,28,22,群益金鼎-高雄,2024-08-29,9183
2417,圓剛,18,1,17,群益金鼎-高雄,2024-08-29,9183
9904,寶成,16,0,16,群益金鼎-高雄,2024-08-29,9183
8039,台虹,23,8,15,群益金鼎-高雄,2024-08-29,9183
8074,鉅橡,14,0,14,群益金鼎-高雄,2024-08-29,9183
2867,三商壽,13,0,13,群益金鼎-高雄,2024-08-29,9183
2882,國泰金,13,0,13,群益金鼎-高雄,2024-08-29,9183
00830,國泰費城半導體,13,0,13,群益金鼎-高雄,2024-08-29,9183
00895,富邦未來車,13,0,13,群益金鼎-高雄,2024-08-29,9183
00919,群益台灣精選高息,16,4,12,群益金鼎-高雄,2024-08-29,9183
2303,聯電,13,1,12,群益金鼎-高雄,2024-08-29,9183
1721,三晃,24,12,12,群益金鼎-高雄,2024-08-29,9183
00757,統一FANG+,11,0,11,群益金鼎-高雄,2024-08-29,9183
00878,國泰永續高股息,11,0,11,群益金鼎-高雄,2024-08-29,9183
8996,高力,19,8,11,群益金鼎-高雄,2024-08-29,9183
00673R,期元大S＆P原油反1,10,0,10,群益金鼎-高雄,2024-08-29,9183
00633L,富邦上証正2,10,0,10,群益金鼎-高雄,2024-08-29,9183
2312,金寶,10,0,10,群益金鼎-高雄,2024-08-29,9183
3217,優群,10,0,10,群益金鼎-高雄,2024-08-29,9183
5905,南仁湖,10,0,10,群益金鼎-高雄,2024-08-29,9183
5443,均豪,77,67,10,群益金鼎-高雄,2024-08-29,9183
00720B,元大投資級公司債,9,0,9,群益金鼎-高雄,2024-08-29,9183
2362,藍天,9,0,9,群益金鼎-高雄,2024-08-29,9183
9105,泰金寶-DR,18,9,9,群益金鼎-高雄,2024-08-29,9183
1513,中興電,10,1,9,群益金鼎-高雄,2024-08-29,9183
00632R,元大台灣50反1,111,103,8,群益金鼎-高雄,2024-08-29,9183
2353,宏��,8,0,8,群益金鼎-高雄,2024-08-29,9183
4303,信立,17,9,8,群益金鼎-高雄,2024-08-29,9183
4526,東台,95,87,8,群益金鼎-高雄,2024-08-29,9183
6728,上洋,8,0,8,群益金鼎-高雄,2024-08-29,9183
2543,皇昌,11,4,7,群益金鼎-高雄,2024-08-29,9183
00795B,中信美國公債20年,7,0,7,群益金鼎-高雄,2024-08-29,9183
2538,基泰,7,0,7,群益金鼎-高雄,2024-08-29,9183
4534,慶騰,7,0,7,群益金鼎-高雄,2024-08-29,9183
6505,台塑化,9,2,7,群益金鼎-高雄,2024-08-29,9183
1540,喬福,22,16,6,群益金鼎-高雄,2024-08-29,9183
8043,蜜望實,6,0,6,群益金鼎-高雄,2024-08-29,9183
00637L,元大滬深300正2,1225,16,1209,群益金鼎-高雄,2024-08-30,9183
2888,新光金,173,4,169,群益金鼎-高雄,2024-08-30,9183
3189,景碩,162,7,155,群益金鼎-高雄,2024-08-30,9183
3481,群創,56,10,46,群益金鼎-高雄,2024-08-30,9183
00937B,群益ESG投等債20,70,29,41,群益金鼎-高雄,2024-08-30,9183
00715L,期街口布蘭特正2,40,0,40,群益金鼎-高雄,2024-08-30,9183
4714,永捷,50,10,40,群益金鼎-高雄,2024-08-30,9183
3673,TPK-KY,47,9,38,群益金鼎-高雄,2024-08-30,9183
4526,東台,78,41,37,群益金鼎-高雄,2024-08-30,9183
2317,鴻海,38,4,34,群益金鼎-高雄,2024-08-30,9183
3576,聯合再生,29,2,27,群益金鼎-高雄,2024-08-30,9183
00680L,元大美債20正2,26,0,26,群益金鼎-高雄,2024-08-30,9183
2887,台新金,25,0,25,群益金鼎-高雄,2024-08-30,9183
8438,昶昕,23,0,23,群益金鼎-高雄,2024-08-30,9183
5443,均豪,62,40,22,群益金鼎-高雄,2024-08-30,9183
2891,中信金,21,0,21,群益金鼎-高雄,2024-08-30,9183
2867,三商壽,22,2,20,群益金鼎-高雄,2024-08-30,9183
6005,群益證,20,0,20,群益金鼎-高雄,2024-08-30,9183
6431,光麗-KY,20,0,20,群益金鼎-高雄,2024-08-30,9183
6441,廣錠,21,1,20,群益金鼎-高雄,2024-08-30,9183
2880,華南金,21,4,17,群益金鼎-高雄,2024-08-30,9183
2399,映泰,23,6,17,群益金鼎-高雄,2024-08-30,9183
8210,勤誠,17,1,16,群益金鼎-高雄,2024-08-30,9183
3015,全漢,16,1,15,群益金鼎-高雄,2024-08-30,9183
6698,旭暉應材,21,6,15,群益金鼎-高雄,2024-08-30,9183
3645,達邁,17,2,15,群益金鼎-高雄,2024-08-30,9183
2409,友達,18,4,14,群益金鼎-高雄,2024-08-30,9183
2489,瑞軒,13,0,13,群益金鼎-高雄,2024-08-30,9183
6186,新潤,13,0,13,群益金鼎-高雄,2024-08-30,9183
8039,台虹,12,0,12,群益金鼎-高雄,2024-08-30,9183
3515,華擎,12,0,12,群益金鼎-高雄,2024-08-30,9183
4729,熒茂,12,1,11,群益金鼎-高雄,2024-08-30,9183
00959B,大華投等美債15Y+,11,0,11,群益金鼎-高雄,2024-08-30,9183
00687B,國泰20年美債,11,0,11,群益金鼎-高雄,2024-08-30,9183
4303,信立,13,2,11,群益金鼎-高雄,2024-08-30,9183
1609,大亞,11,0,11,群益金鼎-高雄,2024-08-30,9183
1711,永光,41,31,10,群益金鼎-高雄,2024-08-30,9183
2514,龍邦,10,0,10,群益金鼎-高雄,2024-08-30,9183
2882,國泰金,10,0,10,群益金鼎-高雄,2024-08-30,9183
4906,正文,10,0,10,群益金鼎-高雄,2024-08-30,9183
5515,建國,10,0,10,群益金鼎-高雄,2024-08-30,9183
6153,嘉聯益,16,6,10,群益金鼎-高雄,2024-08-30,9183
00632R,元大台灣50反1,9,0,9,群益金鼎-高雄,2024-08-30,9183
6152,百一,9,0,9,群益金鼎-高雄,2024-08-30,9183
6218,豪勉,10,2,8,群益金鼎-高雄,2024-08-30,9183
6213,聯茂,50,42,8,群益金鼎-高雄,2024-08-30,9183
1524,耿鼎,8,0,8,群益金鼎-高雄,2024-08-30,9183
3498,陽程,20,12,8,群益金鼎-高雄,2024-08-30,9183
00944,野村趨勢動能高息,8,1,7,群益金鼎-高雄,2024-08-30,9183
1617,榮星,7,0,7,群益金鼎-高雄,2024-08-30,9183
00687B,國泰20年美債,254,0,254,群益金鼎-高雄,2024-09-02,9183
00915,凱基優選高股息30,116,0,116,群益金鼎-高雄,2024-09-02,9183
00927,群益半導體收益,100,0,100,群益金鼎-高雄,2024-09-02,9183
2349,錸德,104,5,99,群益金鼎-高雄,2024-09-02,9183
2425,承啟,102,4,98,群益金鼎-高雄,2024-09-02,9183
00715L,期街口布蘭特正2,85,6,79,群益金鼎-高雄,2024-09-02,9183
2867,三商壽,54,0,54,群益金鼎-高雄,2024-09-02,9183
00918,大華優利高填息30,52,5,47,群益金鼎-高雄,2024-09-02,9183
00633L,富邦上証正2,42,0,42,群益金鼎-高雄,2024-09-02,9183
3213,茂訊,50,16,34,群益金鼎-高雄,2024-09-02,9183
3149,正達,76,46,30,群益金鼎-高雄,2024-09-02,9183
00680L,元大美債20正2,29,0,29,群益金鼎-高雄,2024-09-02,9183
00937B,群益ESG投等債20,25,0,25,群益金鼎-高雄,2024-09-02,9183
2609,陽明,34,9,25,群益金鼎-高雄,2024-09-02,9183
00959B,大華投等美債15Y+,24,0,24,群益金鼎-高雄,2024-09-02,9183
00795B,中信美國公債20年,24,0,24,群益金鼎-高雄,2024-09-02,9183
4526,東台,50,26,24,群益金鼎-高雄,2024-09-02,9183
6133,金橋,25,2,23,群益金鼎-高雄,2024-09-02,9183
8438,昶昕,22,0,22,群益金鼎-高雄,2024-09-02,9183
2615,萬海,34,13,21,群益金鼎-高雄,2024-09-02,9183
6603,富強鑫,22,1,21,群益金鼎-高雄,2024-09-02,9183
00919,群益台灣精選高息,42,21,21,群益金鼎-高雄,2024-09-02,9183
8299,群聯,20,0,20,群益金鼎-高雄,2024-09-02,9183
00632R,元大台灣50反1,20,0,20,群益金鼎-高雄,2024-09-02,9183
00642U,期元大S＆P石油,20,0,20,群益金鼎-高雄,2024-09-02,9183
2399,映泰,18,0,18,群益金鼎-高雄,2024-09-02,9183
2442,新美齊,20,2,18,群益金鼎-高雄,2024-09-02,9183
8027,鈦昇,18,2,16,群益金鼎-高雄,2024-09-02,9183
3481,群創,47,32,15,群益金鼎-高雄,2024-09-02,9183
5516,雙喜,15,0,15,群益金鼎-高雄,2024-09-02,9183
6197,佳必琪,19,4,15,群益金鼎-高雄,2024-09-02,9183
5309,系統電,14,0,14,群益金鼎-高雄,2024-09-02,9183
6116,彩晶,14,0,14,群益金鼎-高雄,2024-09-02,9183
8076,伍豐,19,5,14,群益金鼎-高雄,2024-09-02,9183
4303,信立,16,3,13,群益金鼎-高雄,2024-09-02,9183
00679B,元大美債20年,12,0,12,群益金鼎-高雄,2024-09-02,9183
6728,上洋,12,0,12,群益金鼎-高雄,2024-09-02,9183
6546,正基,14,3,11,群益金鼎-高雄,2024-09-02,9183
2409,友達,11,0,11,群益金鼎-高雄,2024-09-02,9183
9945,潤泰新,12,1,11,群益金鼎-高雄,2024-09-02,9183
2449,京元電子,12,1,11,群益金鼎-高雄,2024-09-02,9183
3323,加百裕,10,0,10,群益金鼎-高雄,2024-09-02,9183
6152,百一,10,0,10,群益金鼎-高雄,2024-09-02,9183
6213,聯茂,31,22,9,群益金鼎-高雄,2024-09-02,9183
1101,台泥,10,1,9,群益金鼎-高雄,2024-09-02,9183
1314,中石化,24,15,9,群益金鼎-高雄,2024-09-02,9183
2354,鴻準,9,0,9,群益金鼎-高雄,2024-09-02,9183
3520,華盈,10,1,9,群益金鼎-高雄,2024-09-02,9183
3024,憶聲,8,0,8,群益金鼎-高雄,2024-09-02,9183
2603,長榮,10,2,8,群益金鼎-高雄,2024-09-02,9183
00937B,群益ESG投等債20,283,2,281,群益金鼎-高雄,2024-09-03,9183
00687B,國泰20年美債,156,20,136,群益金鼎-高雄,2024-09-03,9183
00915,凱基優選高股息30,149,41,108,群益金鼎-高雄,2024-09-03,9183
4113,聯上,102,1,101,群益金鼎-高雄,2024-09-03,9183
4534,慶騰,80,2,78,群益金鼎-高雄,2024-09-03,9183
00680L,元大美債20正2,62,0,62,群益金鼎-高雄,2024-09-03,9183
2883,凱基金,42,3,39,群益金鼎-高雄,2024-09-03,9183
00918,大華優利高填息30,67,30,37,群益金鼎-高雄,2024-09-03,9183
00946,群益科技高息成長,38,4,34,群益金鼎-高雄,2024-09-03,9183
00919,群益台灣精選高息,35,2,33,群益金鼎-高雄,2024-09-03,9183
3189,景碩,31,1,30,群益金鼎-高雄,2024-09-03,9183
00948B,中信優息投資級債,22,0,22,群益金鼎-高雄,2024-09-03,9183
2542,興富發,20,0,20,群益金鼎-高雄,2024-09-03,9183
6431,光麗-KY,20,0,20,群益金鼎-高雄,2024-09-03,9183
2449,京元電子,20,0,20,群益金鼎-高雄,2024-09-03,9183
00878,國泰永續高股息,19,0,19,群益金鼎-高雄,2024-09-03,9183
1314,中石化,24,5,19,群益金鼎-高雄,2024-09-03,9183
6405,悅城,23,4,19,群益金鼎-高雄,2024-09-03,9183
2882,國泰金,16,0,16,群益金鼎-高雄,2024-09-03,9183
3049,精金,16,0,16,群益金鼎-高雄,2024-09-03,9183
2313,華通,26,12,14,群益金鼎-高雄,2024-09-03,9183
6125,廣運,14,0,14,群益金鼎-高雄,2024-09-03,9183
1608,華榮,13,0,13,群益金鼎-高雄,2024-09-03,9183
2891,中信金,16,3,13,群益金鼎-高雄,2024-09-03,9183
2892,第一金,12,0,12,群益金鼎-高雄,2024-09-03,9183
00929,復華台灣科技優息,22,9,13,群益金鼎-高雄,2024-09-03,9183
1609,大亞,12,0,12,群益金鼎-高雄,2024-09-03,9183
1718,中纖,18,6,12,群益金鼎-高雄,2024-09-03,9183
6213,聯茂,107,95,12,群益金鼎-高雄,2024-09-03,9183
3019,亞光,16,5,11,群益金鼎-高雄,2024-09-03,9183
4154,樂威科-KY,15,4,11,群益金鼎-高雄,2024-09-03,9183
4532,瑞智,11,0,11,群益金鼎-高雄,2024-09-03,9183
1101,台泥,12,2,10,群益金鼎-高雄,2024-09-03,9183
00895,富邦未來車,10,0,10,群益金鼎-高雄,2024-09-03,9183
2340,台亞,10,0,10,群益金鼎-高雄,2024-09-03,9183
2605,新興,10,0,10,群益金鼎-高雄,2024-09-03,9183
4566,時碩工業,21,11,10,群益金鼎-高雄,2024-09-03,9183
5516,雙喜,10,0,10,群益金鼎-高雄,2024-09-03,9183
2233,宇隆,16,7,9,群益金鼎-高雄,2024-09-03,9183
2323,中環,9,0,9,群益金鼎-高雄,2024-09-03,9183
3062,建漢,142,134,8,群益金鼎-高雄,2024-09-03,9183
00934,中信成長高股息,14,6,8,群益金鼎-高雄,2024-09-03,9183
2208,台船,8,0,8,群益金鼎-高雄,2024-09-03,9183
2426,鼎元,9,1,8,群益金鼎-高雄,2024-09-03,9183
4576,大銀微系統,30,22,8,群益金鼎-高雄,2024-09-03,9183
8438,昶昕,15,7,8,群益金鼎-高雄,2024-09-03,9183
1785,光洋科,26,18,8,群益金鼎-高雄,2024-09-03,9183
1303,南亞,7,0,7,群益金鼎-高雄,2024-09-03,9183
3031,佰鴻,7,0,7,群益金鼎-高雄,2024-09-03,9183
3520,華盈,7,0,7,群益金鼎-高雄,2024-09-03,9183
00680L,元大美債20正2,1103,300,803,群益金鼎-高雄,2024-09-04,9183
00688L,國泰20年美債正2,801,300,501,群益金鼎-高雄,2024-09-04,9183
00946,群益科技高息成長,154,10,144,群益金鼎-高雄,2024-09-04,9183
00940,元大台灣價值高息,132,8,124,群益金鼎-高雄,2024-09-04,9183
00878,國泰永續高股息,126,2,124,群益金鼎-高雄,2024-09-04,9183
00919,群益台灣精選高息,123,2,121,群益金鼎-高雄,2024-09-04,9183
00931B,統一美債20年,200,102,98,群益金鼎-高雄,2024-09-04,9183
00929,復華台灣科技優息,168,72,96,群益金鼎-高雄,2024-09-04,9183
00753L,中信中國50正2,101,7,94,群益金鼎-高雄,2024-09-04,9183
4303,信立,101,11,90,群益金鼎-高雄,2024-09-04,9183
00715L,期街口布蘭特正2,85,0,85,群益金鼎-高雄,2024-09-04,9183
2891,中信金,80,4,76,群益金鼎-高雄,2024-09-04,9183
3481,群創,80,7,73,群益金鼎-高雄,2024-09-04,9183
00936,台新永續高息中小,60,0,60,群益金鼎-高雄,2024-09-04,9183
6005,群益證,50,0,50,群益金鼎-高雄,2024-09-04,9183
2330,台積電,51,1,50,群益金鼎-高雄,2024-09-04,9183
3037,欣興,50,1,49,群益金鼎-高雄,2024-09-04,9183
4113,聯上,50,1,49,群益金鼎-高雄,2024-09-04,9183
00951,台新日本半導體,45,0,45,群益金鼎-高雄,2024-09-04,9183
2886,兆豐金,39,0,39,群益金鼎-高雄,2024-09-04,9183
6257,矽格,36,0,36,群益金鼎-高雄,2024-09-04,9183
00857B,永豐20年美公債,36,1,35,群益金鼎-高雄,2024-09-04,9183
00881,國泰台灣5G+,35,0,35,群益金鼎-高雄,2024-09-04,9183
2337,旺宏,33,2,31,群益金鼎-高雄,2024-09-04,9183
1301,台塑,34,4,30,群益金鼎-高雄,2024-09-04,9183
006208,富邦台50,29,0,29,群益金鼎-高雄,2024-09-04,9183
1303,南亞,28,1,27,群益金鼎-高雄,2024-09-04,9183
2382,廣達,35,8,27,群益金鼎-高雄,2024-09-04,9183
2408,南亞科,27,1,26,群益金鼎-高雄,2024-09-04,9183
00923,群益台ESG低碳50,28,2,26,群益金鼎-高雄,2024-09-04,9183
6546,正基,24,1,23,群益金鼎-高雄,2024-09-04,9183
2317,鴻海,59,37,22,群益金鼎-高雄,2024-09-04,9183
2208,台船,20,0,20,群益金鼎-高雄,2024-09-04,9183
2316,楠梓電,20,0,20,群益金鼎-高雄,2024-09-04,9183
2405,輔信,20,0,20,群益金鼎-高雄,2024-09-04,9183
2609,陽明,26,6,20,群益金鼎-高雄,2024-09-04,9183
6548,長科*,20,0,20,群益金鼎-高雄,2024-09-04,9183
3231,緯創,20,1,19,群益金鼎-高雄,2024-09-04,9183
00675L,富邦臺灣加權正2,19,0,19,群益金鼎-高雄,2024-09-04,9183
2002,中鋼,18,1,17,群益金鼎-高雄,2024-09-04,9183
4714,永捷,18,1,17,群益金鼎-高雄,2024-09-04,9183
6770,力積電,18,2,16,群益金鼎-高雄,2024-09-04,9183
2618,長榮航,29,14,15,群益金鼎-高雄,2024-09-04,9183
2883,凱基金,19,5,14,群益金鼎-高雄,2024-09-04,9183
00918,大華優利高填息30,73,60,13,群益金鼎-高雄,2024-09-04,9183
0050,元大台灣50,19,6,13,群益金鼎-高雄,2024-09-04,9183
00633L,富邦上証正2,13,0,13,群益金鼎-高雄,2024-09-04,9183
6206,飛捷,13,0,13,群益金鼎-高雄,2024-09-04,9183
8027,鈦昇,19,7,12,群益金鼎-高雄,2024-09-04,9183
00642U,期元大S＆P石油,12,0,12,群益金鼎-高雄,2024-09-04,9183
2888,新光金,313,99,214,群益金鼎-高雄,2024-09-05,9183
00919,群益台灣精選高息,133,17,116,群益金鼎-高雄,2024-09-05,9183
00632R,元大台灣50反1,107,1,106,群益金鼎-高雄,2024-09-05,9183
00946,群益科技高息成長,107,2,105,群益金鼎-高雄,2024-09-05,9183
00715L,期街口布蘭特正2,92,1,91,群益金鼎-高雄,2024-09-05,9183
00940,元大台灣價值高息,58,2,56,群益金鼎-高雄,2024-09-05,9183
00857B,永豐20年美公債,66,20,46,群益金鼎-高雄,2024-09-05,9183
00878,國泰永續高股息,50,15,35,群益金鼎-高雄,2024-09-05,9183
00915,凱基優選高股息30,40,5,35,群益金鼎-高雄,2024-09-05,9183
00918,大華優利高填息30,41,10,31,群益金鼎-高雄,2024-09-05,9183
00927,群益半導體收益,30,0,30,群益金鼎-高雄,2024-09-05,9183
4971,IET-KY,32,3,29,群益金鼎-高雄,2024-09-05,9183
3548,兆利,30,3,27,群益金鼎-高雄,2024-09-05,9183
00952,凱基台灣AI50,45,19,26,群益金鼎-高雄,2024-09-05,9183
2344,華邦電,24,0,24,群益金鼎-高雄,2024-09-05,9183
3013,晟銘電,27,5,22,群益金鼎-高雄,2024-09-05,9183
2329,華泰,23,2,21,群益金鼎-高雄,2024-09-05,9183
00637L,元大滬深300正2,20,0,20,群益金鼎-高雄,2024-09-05,9183
5512,力麒,20,0,20,群益金鼎-高雄,2024-09-05,9183
6431,光麗-KY,20,0,20,群益金鼎-高雄,2024-09-05,9183
3481,群創,17,0,17,群益金鼎-高雄,2024-09-05,9183
3189,景碩,17,1,16,群益金鼎-高雄,2024-09-05,9183
3323,加百裕,16,0,16,群益金鼎-高雄,2024-09-05,9183
2408,南亞科,14,0,14,群益金鼎-高雄,2024-09-05,9183
3047,訊舟,23,9,14,群益金鼎-高雄,2024-09-05,9183
2317,鴻海,49,35,14,群益金鼎-高雄,2024-09-05,9183
6173,信昌電,13,0,13,群益金鼎-高雄,2024-09-05,9183
4956,光鋐,13,0,13,群益金鼎-高雄,2024-09-05,9183
2367,燿華,15,2,13,群益金鼎-高雄,2024-09-05,9183
00751B,元大AAA至A公司債,12,0,12,群益金鼎-高雄,2024-09-05,9183
4714,永捷,12,0,12,群益金鼎-高雄,2024-09-05,9183
3312,弘憶股,12,2,10,群益金鼎-高雄,2024-09-05,9183
00724B,群益投資級金融債,10,0,10,群益金鼎-高雄,2024-09-05,9183
2108,南帝,10,0,10,群益金鼎-高雄,2024-09-05,9183
2201,裕隆,10,0,10,群益金鼎-高雄,2024-09-05,9183
2316,楠梓電,10,0,10,群益金鼎-高雄,2024-09-05,9183
3491,昇達科,10,0,10,群益金鼎-高雄,2024-09-05,9183
3535,晶彩科,12,2,10,群益金鼎-高雄,2024-09-05,9183
6152,百一,10,0,10,群益金鼎-高雄,2024-09-05,9183
6191,精成科,10,0,10,群益金鼎-高雄,2024-09-05,9183
3605,宏致,10,0,10,群益金鼎-高雄,2024-09-05,9183
3019,亞光,18,8,10,群益金鼎-高雄,2024-09-05,9183
6197,佳必琪,10,1,9,群益金鼎-高雄,2024-09-05,9183
3374,精材,8,0,8,群益金鼎-高雄,2024-09-05,9183
2540,愛山林,9,1,8,群益金鼎-高雄,2024-09-05,9183
00951,台新日本半導體,8,0,8,群益金鼎-高雄,2024-09-05,9183
0056,元大高股息,8,1,7,群益金鼎-高雄,2024-09-05,9183
2368,金像電,13,6,7,群益金鼎-高雄,2024-09-05,9183
2892,第一金,7,0,7,群益金鼎-高雄,2024-09-05,9183
00642U,期元大S＆P石油,7,0,7,群益金鼎-高雄,2024-09-05,9183
2834,臺企銀,307,0,307,群益金鼎-高雄,2024-09-06,9183
00632R,元大台灣50反1,110,0,110,群益金鼎-高雄,2024-09-06,9183
4113,聯上,110,0,110,群益金鼎-高雄,2024-09-06,9183
00715L,期街口布蘭特正2,102,12,90,群益金鼎-高雄,2024-09-06,9183
00688L,國泰20年美債正2,250,163,87,群益金鼎-高雄,2024-09-06,9183
2881,富邦金,46,4,42,群益金鼎-高雄,2024-09-06,9183
3481,群創,51,21,30,群益金鼎-高雄,2024-09-06,9183
00881,國泰台灣5G+,30,0,30,群益金鼎-高雄,2024-09-06,9183
5519,隆大,30,0,30,群益金鼎-高雄,2024-09-06,9183
00919,群益台灣精選高息,30,6,24,群益金鼎-高雄,2024-09-06,9183
2891,中信金,29,5,24,群益金鼎-高雄,2024-09-06,9183
00935,野村臺灣新科技50,20,0,20,群益金鼎-高雄,2024-09-06,9183
1522,堤維西,20,0,20,群益金鼎-高雄,2024-09-06,9183
2610,華航,21,1,20,群益金鼎-高雄,2024-09-06,9183
00679B,元大美債20年,25,5,20,群益金鼎-高雄,2024-09-06,9183
00918,大華優利高填息30,39,20,19,群益金鼎-高雄,2024-09-06,9183
4510,高鋒,81,62,19,群益金鼎-高雄,2024-09-06,9183
4532,瑞智,18,0,18,群益金鼎-高雄,2024-09-06,9183
8070,長華*,42,24,18,群益金鼎-高雄,2024-09-06,9183
00937B,群益ESG投等債20,22,5,17,群益金鼎-高雄,2024-09-06,9183
00751B,元大AAA至A公司債,16,0,16,群益金鼎-高雄,2024-09-06,9183
00940,元大台灣價值高息,15,0,15,群益金鼎-高雄,2024-09-06,9183
8027,鈦昇,23,8,15,群益金鼎-高雄,2024-09-06,9183
9907,統一實,15,0,15,群益金鼎-高雄,2024-09-06,9183
00941,中信上游半導體,14,0,14,群益金鼎-高雄,2024-09-06,9183
3019,亞光,25,12,13,群益金鼎-高雄,2024-09-06,9183
4533,協易機,13,0,13,群益金鼎-高雄,2024-09-06,9183
2368,金像電,17,5,12,群益金鼎-高雄,2024-09-06,9183
1815,富喬,81,70,11,群益金鼎-高雄,2024-09-06,9183
3032,偉訓,10,0,10,群益金鼎-高雄,2024-09-06,9183
2913,農林,10,0,10,群益金鼎-高雄,2024-09-06,9183
5460,同協,10,1,9,群益金鼎-高雄,2024-09-06,9183
1612,宏泰,8,0,8,群益金鼎-高雄,2024-09-06,9183
2328,廣宇,8,0,8,群益金鼎-高雄,2024-09-06,9183
00915,凱基優選高股息30,37,30,7,群益金鼎-高雄,2024-09-06,9183
8071,能率網通,8,1,7,群益金鼎-高雄,2024-09-06,9183
2609,陽明,13,6,7,群益金鼎-高雄,2024-09-06,9183
6197,佳必琪,8,2,6,群益金鼎-高雄,2024-09-06,9183
1314,中石化,6,0,6,群益金鼎-高雄,2024-09-06,9183
1570,力肯,6,0,6,群益金鼎-高雄,2024-09-06,9183
1605,華新,6,0,6,群益金鼎-高雄,2024-09-06,9183
1718,中纖,18,12,6,群益金鼎-高雄,2024-09-06,9183
2888,新光金,6,0,6,群益金鼎-高雄,2024-09-06,9183
3294,英濟,6,0,6,群益金鼎-高雄,2024-09-06,9183
4566,時碩工業,9,3,6,群益金鼎-高雄,2024-09-06,9183
9945,潤泰新,6,0,6,群益金鼎-高雄,2024-09-06,9183
00724B,群益投資級金融債,5,0,5,群益金鼎-高雄,2024-09-06,9183
00951,台新日本半導體,5,0,5,群益金鼎-高雄,2024-09-06,9183
1909,榮成,5,0,5,群益金鼎-高雄,2024-09-06,9183
2316,楠梓電,5,0,5,群益金鼎-高雄,2024-09-06,9183
00680L,元大美債20正2,466,63,403,群益金鼎-高雄,2024-09-09,9183
2915,潤泰全,180,0,180,群益金鼎-高雄,2024-09-09,9183
3189,景碩,154,2,152,群益金鼎-高雄,2024-09-09,9183
00919,群益台灣精選高息,128,24,104,群益金鼎-高雄,2024-09-09,9183
00637L,元大滬深300正2,104,0,104,群益金鼎-高雄,2024-09-09,9183
00915,凱基優選高股息30,157,58,99,群益金鼎-高雄,2024-09-09,9183
00687B,國泰20年美債,614,517,97,群益金鼎-高雄,2024-09-09,9183
00713,元大台灣高息低波,78,0,78,群益金鼎-高雄,2024-09-09,9183
00943,兆豐電子高息等權,65,0,65,群益金鼎-高雄,2024-09-09,9183
3081,聯亞,53,0,53,群益金鼎-高雄,2024-09-09,9183
00881,國泰台灣5G+,53,1,52,群益金鼎-高雄,2024-09-09,9183
00927,群益半導體收益,50,0,50,群益金鼎-高雄,2024-09-09,9183
2891,中信金,47,1,46,群益金鼎-高雄,2024-09-09,9183
6125,廣運,46,0,46,群益金鼎-高雄,2024-09-09,9183
4113,聯上,40,0,40,群益金鼎-高雄,2024-09-09,9183
00715L,期街口布蘭特正2,37,0,37,群益金鼎-高雄,2024-09-09,9183
00878,國泰永續高股息,45,8,37,群益金鼎-高雄,2024-09-09,9183
8070,長華*,35,0,35,群益金鼎-高雄,2024-09-09,9183
00929,復華台灣科技優息,38,6,32,群益金鼎-高雄,2024-09-09,9183
00936,台新永續高息中小,32,0,32,群益金鼎-高雄,2024-09-09,9183
1907,永豐餘,30,0,30,群益金鼎-高雄,2024-09-09,9183
2317,鴻海,36,7,29,群益金鼎-高雄,2024-09-09,9183
6177,達麗,31,3,28,群益金鼎-高雄,2024-09-09,9183
9105,泰金寶-DR,27,0,27,群益金鼎-高雄,2024-09-09,9183
00669R,國泰美國道瓊反1,25,0,25,群益金鼎-高雄,2024-09-09,9183
00633L,富邦上証正2,24,0,24,群益金鼎-高雄,2024-09-09,9183
5905,南仁湖,30,6,24,群益金鼎-高雄,2024-09-09,9183
6148,驊宏資,22,0,22,群益金鼎-高雄,2024-09-09,9183
0056,元大高股息,21,0,21,群益金鼎-高雄,2024-09-09,9183
2881,富邦金,20,1,19,群益金鼎-高雄,2024-09-09,9183
3522,御嵿,17,0,17,群益金鼎-高雄,2024-09-09,9183
2344,華邦電,15,0,15,群益金鼎-高雄,2024-09-09,9183
2610,華航,16,1,15,群益金鼎-高雄,2024-09-09,9183
2882,國泰金,17,3,14,群益金鼎-高雄,2024-09-09,9183
00947,台新臺灣IC設計,12,0,12,群益金鼎-高雄,2024-09-09,9183
1540,喬福,30,18,12,群益金鼎-高雄,2024-09-09,9183
3406,玉晶光,13,1,12,群益金鼎-高雄,2024-09-09,9183
3714,富采,12,0,12,群益金鼎-高雄,2024-09-09,9183
00953B,群益優選非投等債,25,15,10,群益金鼎-高雄,2024-09-09,9183
00712,復華富時不動產,10,0,10,群益金鼎-高雄,2024-09-09,9183
00923,群益台ESG低碳50,10,0,10,群益金鼎-高雄,2024-09-09,9183
5519,隆大,10,0,10,群益金鼎-高雄,2024-09-09,9183
4974,亞泰,12,3,9,群益金鼎-高雄,2024-09-09,9183
1301,台塑,8,0,8,群益金鼎-高雄,2024-09-09,9183
00941,中信上游半導體,8,0,8,群益金鼎-高雄,2024-09-09,9183
00735,國泰臺韓科技,8,0,8,群益金鼎-高雄,2024-09-09,9183
2524,京城,14,6,8,群益金鼎-高雄,2024-09-09,9183
2618,長榮航,64,56,8,群益金鼎-高雄,2024-09-09,9183
3062,建漢,10,2,8,群益金鼎-高雄,2024-09-09,9183
4526,東台,9,1,8,群益金鼎-高雄,2024-09-09,9183
00957B,兆豐US優選投等債,380,2,378,群益金鼎-高雄,2024-09-10,9183
00919,群益台灣精選高息,112,0,112,群益金鼎-高雄,2024-09-10,9183
00753L,中信中國50正2,100,0,100,群益金鼎-高雄,2024-09-10,9183
00687B,國泰20年美債,134,35,99,群益金鼎-高雄,2024-09-10,9183
00952,凱基台灣AI50,102,6,96,群益金鼎-高雄,2024-09-10,9183
00931B,統一美債20年,80,0,80,群益金鼎-高雄,2024-09-10,9183
00706L,期元大S＆P日圓正2,80,0,80,群益金鼎-高雄,2024-09-10,9183
6177,達麗,70,1,69,群益金鼎-高雄,2024-09-10,9183
00915,凱基優選高股息30,81,21,60,群益金鼎-高雄,2024-09-10,9183
00927,群益半導體收益,50,0,50,群益金鼎-高雄,2024-09-10,9183
3481,群創,51,2,49,群益金鼎-高雄,2024-09-10,9183
00940,元大台灣價值高息,47,0,47,群益金鼎-高雄,2024-09-10,9183
00715L,期街口布蘭特正2,44,1,43,群益金鼎-高雄,2024-09-10,9183
2002,中鋼,39,4,35,群益金鼎-高雄,2024-09-10,9183
5345,天揚,30,0,30,群益金鼎-高雄,2024-09-10,9183
2349,錸德,42,16,26,群益金鼎-高雄,2024-09-10,9183
2497,怡利電,70,44,26,群益金鼎-高雄,2024-09-10,9183
6838,台新藥,22,0,22,群益金鼎-高雄,2024-09-10,9183
2915,潤泰全,20,0,20,群益金鼎-高雄,2024-09-10,9183
5512,力麒,20,0,20,群益金鼎-高雄,2024-09-10,9183
00934,中信成長高股息,20,1,19,群益金鼎-高雄,2024-09-10,9183
3693,營邦,20,2,18,群益金鼎-高雄,2024-09-10,9183
00878,國泰永續高股息,22,4,18,群益金鼎-高雄,2024-09-10,9183
00937B,群益ESG投等債20,27,10,17,群益金鼎-高雄,2024-09-10,9183
3047,訊舟,39,23,16,群益金鼎-高雄,2024-09-10,9183
2382,廣達,19,3,16,群益金鼎-高雄,2024-09-10,9183
3605,宏致,21,5,16,群益金鼎-高雄,2024-09-10,9183
00946,群益科技高息成長,14,0,14,群益金鼎-高雄,2024-09-10,9183
2312,金寶,23,9,14,群益金鼎-高雄,2024-09-10,9183
3535,晶彩科,17,3,14,群益金鼎-高雄,2024-09-10,9183
4956,光鋐,17,3,14,群益金鼎-高雄,2024-09-10,9183
2610,華航,13,0,13,群益金鼎-高雄,2024-09-10,9183
3062,建漢,62,49,13,群益金鼎-高雄,2024-09-10,9183
3706,神達,14,2,12,群益金鼎-高雄,2024-09-10,9183
3189,景碩,41,29,12,群益金鼎-高雄,2024-09-10,9183
9136,巨騰-DR,12,0,12,群益金鼎-高雄,2024-09-10,9183
00929,復華台灣科技優息,77,65,12,群益金鼎-高雄,2024-09-10,9183
2495,普安,11,0,11,群益金鼎-高雄,2024-09-10,9183
6015,宏遠證,11,0,11,群益金鼎-高雄,2024-09-10,9183
6606,建德工業,11,0,11,群益金鼎-高雄,2024-09-10,9183
2337,旺宏,17,6,11,群益金鼎-高雄,2024-09-10,9183
2233,宇隆,14,4,10,群益金鼎-高雄,2024-09-10,9183
00686R,群益臺灣加權反1,10,0,10,群益金鼎-高雄,2024-09-10,9183
1608,華榮,11,1,10,群益金鼎-高雄,2024-09-10,9183
2392,正崴,10,0,10,群益金鼎-高雄,2024-09-10,9183
3313,斐成,10,0,10,群益金鼎-高雄,2024-09-10,9183
1101,台泥,11,2,9,群益金鼎-高雄,2024-09-10,9183
6530,創威,12,3,9,群益金鼎-高雄,2024-09-10,9183
3066,李洲,10,1,9,群益金鼎-高雄,2024-09-10,9183
6431,光麗-KY,9,0,9,群益金鼎-高雄,2024-09-10,9183
00687B,國泰20年美債,450,247,203,群益金鼎-高雄,2024-09-11,9183
00715L,期街口布蘭特正2,170,2,168,群益金鼎-高雄,2024-09-11,9183
00882,中信中國高股息,156,0,156,群益金鼎-高雄,2024-09-11,9183
00948B,中信優息投資級債,131,0,131,群益金鼎-高雄,2024-09-11,9183
00688L,國泰20年美債正2,540,452,88,群益金鼎-高雄,2024-09-11,9183
2851,中再保,86,0,86,群益金鼎-高雄,2024-09-11,9183
4113,聯上,81,11,70,群益金鼎-高雄,2024-09-11,9183
00937B,群益ESG投等債20,73,10,63,群益金鼎-高雄,2024-09-11,9183
00929,復華台灣科技優息,49,2,47,群益金鼎-高雄,2024-09-11,9183
00957B,兆豐US優選投等債,411,370,41,群益金鼎-高雄,2024-09-11,9183
2883,凱基金,37,0,37,群益金鼎-高雄,2024-09-11,9183
00878,國泰永續高股息,35,3,32,群益金鼎-高雄,2024-09-11,9183
0056,元大高股息,31,1,30,群益金鼎-高雄,2024-09-11,9183
8438,昶昕,22,0,22,群益金鼎-高雄,2024-09-11,9183
00919,群益台灣精選高息,21,1,20,群益金鼎-高雄,2024-09-11,9183
00725B,國泰投資級公司債,20,0,20,群益金鼎-高雄,2024-09-11,9183
1312,國喬,20,0,20,群益金鼎-高雄,2024-09-11,9183
6005,群益證,20,0,20,群益金鼎-高雄,2024-09-11,9183
1326,台化,17,0,17,群益金鼎-高雄,2024-09-11,9183
4566,時碩工業,18,4,14,群益金鼎-高雄,2024-09-11,9183
00633L,富邦上証正2,13,0,13,群益金鼎-高雄,2024-09-11,9183
9933,中鼎,13,0,13,群益金鼎-高雄,2024-09-11,9183
6177,達麗,21,9,12,群益金鼎-高雄,2024-09-11,9183
8096,擎亞,13,1,12,群益金鼎-高雄,2024-09-11,9183
1319,東陽,18,7,11,群益金鼎-高雄,2024-09-11,9183
8070,長華*,14,3,11,群益金鼎-高雄,2024-09-11,9183
5905,南仁湖,10,0,10,群益金鼎-高雄,2024-09-11,9183
6125,廣運,10,0,10,群益金鼎-高雄,2024-09-11,9183
9105,泰金寶-DR,15,5,10,群益金鼎-高雄,2024-09-11,9183
00915,凱基優選高股息30,108,99,9,群益金鼎-高雄,2024-09-11,9183
6182,合晶,9,0,9,群益金鼎-高雄,2024-09-11,9183
00900,富邦特選高股息30,9,0,9,群益金鼎-高雄,2024-09-11,9183
6191,精成科,9,0,9,群益金鼎-高雄,2024-09-11,9183
00830,國泰費城半導體,9,0,9,群益金鼎-高雄,2024-09-11,9183
3707,漢磊,8,0,8,群益金鼎-高雄,2024-09-11,9183
9136,巨騰-DR,15,7,8,群益金鼎-高雄,2024-09-11,9183
2495,普安,11,4,7,群益金鼎-高雄,2024-09-11,9183
1316,上曜,7,0,7,群益金鼎-高雄,2024-09-11,9183
3062,建漢,11,4,7,群益金鼎-高雄,2024-09-11,9183
2008,高興昌,7,0,7,群益金鼎-高雄,2024-09-11,9183
6139,亞翔,7,1,6,群益金鼎-高雄,2024-09-11,9183
00713,元大台灣高息低波,6,0,6,群益金鼎-高雄,2024-09-11,9183
2353,宏��,6,0,6,群益金鼎-高雄,2024-09-11,9183
4763,材料-KY,7,1,6,群益金鼎-高雄,2024-09-11,9183
1301,台塑,5,0,5,群益金鼎-高雄,2024-09-11,9183
00753L,中信中國50正2,5,0,5,群益金鼎-高雄,2024-09-11,9183
00935,野村臺灣新科技50,5,0,5,群益金鼎-高雄,2024-09-11,9183
1305,華夏,5,0,5,群益金鼎-高雄,2024-09-11,9183
1527,鑽全,5,0,5,群益金鼎-高雄,2024-09-11,9183
1904,正隆,5,0,5,群益金鼎-高雄,2024-09-11,9183
00637L,元大滬深300正2,1200,0,1200,群益金鼎-高雄,2024-09-12,9183
00720B,元大投資級公司債,200,2,198,群益金鼎-高雄,2024-09-12,9183
00632R,元大台灣50反1,206,20,186,群益金鼎-高雄,2024-09-12,9183
3481,群創,88,4,84,群益金鼎-高雄,2024-09-12,9183
00918,大華優利高填息30,100,25,75,群益金鼎-高雄,2024-09-12,9183
00706L,期元大S＆P日圓正2,70,0,70,群益金鼎-高雄,2024-09-12,9183
00915,凱基優選高股息30,88,33,55,群益金鼎-高雄,2024-09-12,9183
1513,中興電,41,0,41,群益金鼎-高雄,2024-09-12,9183
2399,映泰,94,69,25,群益金鼎-高雄,2024-09-12,9183
00929,復華台灣科技優息,53,29,24,群益金鼎-高雄,2024-09-12,9183
00715L,期街口布蘭特正2,21,0,21,群益金鼎-高雄,2024-09-12,9183
00948B,中信優息投資級債,19,0,19,群益金鼎-高雄,2024-09-12,9183
8011,台通,90,71,19,群益金鼎-高雄,2024-09-12,9183
8070,長華*,22,4,18,群益金鼎-高雄,2024-09-12,9183
6133,金橋,33,16,17,群益金鼎-高雄,2024-09-12,9183
00953B,群益優選非投等債,55,40,15,群益金鼎-高雄,2024-09-12,9183
2891,中信金,15,0,15,群益金鼎-高雄,2024-09-12,9183
1611,中電,13,0,13,群益金鼎-高雄,2024-09-12,9183
00631L,元大台灣50正2,32,20,12,群益金鼎-高雄,2024-09-12,9183
2365,昆盈,24,13,11,群益金鼎-高雄,2024-09-12,9183
6416,瑞祺電通,21,10,11,群益金鼎-高雄,2024-09-12,9183
3583,辛耘,13,2,11,群益金鼎-高雄,2024-09-12,9183
00671R,富邦NASDAQ反1,10,0,10,群益金鼎-高雄,2024-09-12,9183
3357,臺慶科,10,0,10,群益金鼎-高雄,2024-09-12,9183
4153,鈺緯,10,0,10,群益金鼎-高雄,2024-09-12,9183
6603,富強鑫,10,0,10,群益金鼎-高雄,2024-09-12,9183
9907,統一實,10,0,10,群益金鼎-高雄,2024-09-12,9183
9935,慶豐富,10,0,10,群益金鼎-高雄,2024-09-12,9183
00919,群益台灣精選高息,13,4,9,群益金鼎-高雄,2024-09-12,9183
2887,台新金,11,2,9,群益金鼎-高雄,2024-09-12,9183
00940,元大台灣價值高息,10,2,8,群益金鼎-高雄,2024-09-12,9183
6719,力智,8,0,8,群益金鼎-高雄,2024-09-12,9183
2409,友達,13,6,7,群益金鼎-高雄,2024-09-12,9183
6838,台新藥,7,0,7,群益金鼎-高雄,2024-09-12,9183
2618,長榮航,23,16,7,群益金鼎-高雄,2024-09-12,9183
3707,漢磊,9,3,6,群益金鼎-高雄,2024-09-12,9183
00648R,元大S＆P500反1,6,0,6,群益金鼎-高雄,2024-09-12,9183
00957B,兆豐US優選投等債,427,421,6,群益金鼎-高雄,2024-09-12,9183
2233,宇隆,9,3,6,群益金鼎-高雄,2024-09-12,9183
2489,瑞軒,6,0,6,群益金鼎-高雄,2024-09-12,9183
3017,奇鋐,12,6,6,群益金鼎-高雄,2024-09-12,9183
00885,富邦越南,5,0,5,群益金鼎-高雄,2024-09-12,9183
1305,華夏,5,0,5,群益金鼎-高雄,2024-09-12,9183
1402,遠東新,5,0,5,群益金鼎-高雄,2024-09-12,9183
2537,聯上發,5,0,5,群益金鼎-高雄,2024-09-12,9183
2637,慧洋-KY,5,0,5,群益金鼎-高雄,2024-09-12,9183
4114,健喬,5,0,5,群益金鼎-高雄,2024-09-12,9183
5469,瀚宇博,5,0,5,群益金鼎-高雄,2024-09-12,9183
6728,上洋,5,0,5,群益金鼎-高雄,2024-09-12,9183
8121,越峰,5,0,5,群益金鼎-高雄,2024-09-12,9183
00687B,國泰20年美債,457,0,457,群益金鼎-高雄,2024-09-13,9183
00948B,中信優息投資級債,285,0,285,群益金鼎-高雄,2024-09-13,9183
00632R,元大台灣50反1,102,0,102,群益金鼎-高雄,2024-09-13,9183
1301,台塑,102,2,100,群益金鼎-高雄,2024-09-13,9183
00915,凱基優選高股息30,79,1,78,群益金鼎-高雄,2024-09-13,9183
00637L,元大滬深300正2,72,0,72,群益金鼎-高雄,2024-09-13,9183
00937B,群益ESG投等債20,63,12,51,群益金鼎-高雄,2024-09-13,9183
00713,元大台灣高息低波,50,0,50,群益金鼎-高雄,2024-09-13,9183
2002,中鋼,37,0,37,群益金鼎-高雄,2024-09-13,9183
00919,群益台灣精選高息,25,1,24,群益金鼎-高雄,2024-09-13,9183
00680L,元大美債20正2,529,506,23,群益金鼎-高雄,2024-09-13,9183
00940,元大台灣價值高息,22,0,22,群益金鼎-高雄,2024-09-13,9183
8039,台虹,23,2,21,群益金鼎-高雄,2024-09-13,9183
00918,大華優利高填息30,15,0,15,群益金鼎-高雄,2024-09-13,9183
6416,瑞祺電通,45,30,15,群益金鼎-高雄,2024-09-13,9183
6719,力智,15,0,15,群益金鼎-高雄,2024-09-13,9183
1314,中石化,14,0,14,群益金鼎-高雄,2024-09-13,9183
3576,聯合再生,14,0,14,群益金鼎-高雄,2024-09-13,9183
00795B,中信美國公債20年,12,0,12,群益金鼎-高雄,2024-09-13,9183
1711,永光,13,1,12,群益金鼎-高雄,2024-09-13,9183
2409,友達,12,0,12,群益金鼎-高雄,2024-09-13,9183
00633L,富邦上証正2,10,0,10,群益金鼎-高雄,2024-09-13,9183
00642U,期元大S＆P石油,10,0,10,群益金鼎-高雄,2024-09-13,9183
1305,華夏,10,0,10,群益金鼎-高雄,2024-09-13,9183
1727,中華化,19,9,10,群益金鼎-高雄,2024-09-13,9183
1808,潤隆,12,2,10,群益金鼎-高雄,2024-09-13,9183
2845,遠東銀,10,0,10,群益金鼎-高雄,2024-09-13,9183
8074,鉅橡,10,0,10,群益金鼎-高雄,2024-09-13,9183
2520,冠德,10,1,9,群益金鼎-高雄,2024-09-13,9183
3264,欣銓,8,0,8,群益金鼎-高雄,2024-09-13,9183
4303,信立,10,2,8,群益金鼎-高雄,2024-09-13,9183
3013,晟銘電,15,8,7,群益金鼎-高雄,2024-09-13,9183
8096,擎亞,7,0,7,群益金鼎-高雄,2024-09-13,9183
6446,藥華藥,8,1,7,群益金鼎-高雄,2024-09-13,9183
4979,華星光,52,46,6,群益金鼎-高雄,2024-09-13,9183
00830,國泰費城半導體,6,0,6,群益金鼎-高雄,2024-09-13,9183
6257,矽格,6,0,6,群益金鼎-高雄,2024-09-13,9183
6727,亞泰金屬,10,4,6,群益金鼎-高雄,2024-09-13,9183
8043,蜜望實,10,4,6,群益金鼎-高雄,2024-09-13,9183
912000,晨訊科-DR,6,0,6,群益金鼎-高雄,2024-09-13,9183
4114,健喬,5,0,5,群益金鼎-高雄,2024-09-13,9183
5443,均豪,21,16,5,群益金鼎-高雄,2024-09-13,9183
2405,輔信,10,5,5,群益金鼎-高雄,2024-09-13,9183
2641,正德,5,0,5,群益金鼎-高雄,2024-09-13,9183
3580,友威科,17,12,5,群益金鼎-高雄,2024-09-13,9183
4442,竣邦-KY,5,0,5,群益金鼎-高雄,2024-09-13,9183
4960,誠美材,5,0,5,群益金鼎-高雄,2024-09-13,9183
6152,百一,8,3,5,群益金鼎-高雄,2024-09-13,9183
00679B,元大美債20年,13,9,4,群益金鼎-高雄,2024-09-13,9183
2070,精湛,9,5,4,群益金鼎-高雄,2024-09-13,9183
00937B,群益ESG投等債20,491,0,491,群益金鼎-高雄,2024-09-16,9183
00929,復華台灣科技優息,260,5,255,群益金鼎-高雄,2024-09-16,9183
00680L,元大美債20正2,280,30,250,群益金鼎-高雄,2024-09-16,9183
00687B,國泰20年美債,212,3,209,群益金鼎-高雄,2024-09-16,9183
00919,群益台灣精選高息,118,5,113,群益金鼎-高雄,2024-09-16,9183
00915,凱基優選高股息30,109,1,108,群益金鼎-高雄,2024-09-16,9183
00713,元大台灣高息低波,50,0,50,群益金鼎-高雄,2024-09-16,9183
00933B,國泰10Y+金融債,50,0,50,群益金鼎-高雄,2024-09-16,9183
4977,眾達-KY,52,11,41,群益金鼎-高雄,2024-09-16,9183
3372,典範,30,0,30,群益金鼎-高雄,2024-09-16,9183
5230,雷笛克光學,32,6,26,群益金鼎-高雄,2024-09-16,9183
1907,永豐餘,20,0,20,群益金鼎-高雄,2024-09-16,9183
5324,士開,20,0,20,群益金鼎-高雄,2024-09-16,9183
6431,光麗-KY,20,0,20,群益金鼎-高雄,2024-09-16,9183
912000,晨訊科-DR,20,0,20,群益金鼎-高雄,2024-09-16,9183
8096,擎亞,21,2,19,群益金鼎-高雄,2024-09-16,9183
00715L,期街口布蘭特正2,28,12,16,群益金鼎-高雄,2024-09-16,9183
2332,友訊,16,1,15,群益金鼎-高雄,2024-09-16,9183
00637L,元大滬深300正2,15,0,15,群益金鼎-高雄,2024-09-16,9183
2891,中信金,17,2,15,群益金鼎-高雄,2024-09-16,9183
1808,潤隆,15,2,13,群益金鼎-高雄,2024-09-16,9183
00795B,中信美國公債20年,13,0,13,群益金鼎-高雄,2024-09-16,9183
1301,台塑,15,2,13,群益金鼎-高雄,2024-09-16,9183
1711,永光,48,35,13,群益金鼎-高雄,2024-09-16,9183
3231,緯創,17,4,13,群益金鼎-高雄,2024-09-16,9183
00633L,富邦上証正2,11,0,11,群益金鼎-高雄,2024-09-16,9183
5234,達興材料,11,0,11,群益金鼎-高雄,2024-09-16,9183
911608,明輝-DR,11,0,11,群益金鼎-高雄,2024-09-16,9183
2233,宇隆,14,3,11,群益金鼎-高雄,2024-09-16,9183
8028,昇陽半導體,27,17,10,群益金鼎-高雄,2024-09-16,9183
2308,台達電,10,0,10,群益金鼎-高雄,2024-09-16,9183
1522,堤維西,12,2,10,群益金鼎-高雄,2024-09-16,9183
4128,中天,10,0,10,群益金鼎-高雄,2024-09-16,9183
4532,瑞智,10,0,10,群益金鼎-高雄,2024-09-16,9183
00642U,期元大S＆P石油,10,1,9,群益金鼎-高雄,2024-09-16,9183
1708,東鹼,9,0,9,群益金鼎-高雄,2024-09-16,9183
2618,長榮航,10,1,9,群益金鼎-高雄,2024-09-16,9183
6609,瀧澤科,13,4,9,群益金鼎-高雄,2024-09-16,9183
2886,兆豐金,9,0,9,群益金鼎-高雄,2024-09-16,9183
1314,中石化,10,2,8,群益金鼎-高雄,2024-09-16,9183
00885,富邦越南,12,5,7,群益金鼎-高雄,2024-09-16,9183
3430,奇鈦科,7,0,7,群益金鼎-高雄,2024-09-16,9183
2449,京元電子,6,0,6,群益金鼎-高雄,2024-09-16,9183
3587,閎康,6,0,6,群益金鼎-高雄,2024-09-16,9183
00679B,元大美債20年,12,6,6,群益金鼎-高雄,2024-09-16,9183
00953B,群益優選非投等債,6,0,6,群益金鼎-高雄,2024-09-16,9183
1718,中纖,6,0,6,群益金鼎-高雄,2024-09-16,9183
2609,陽明,7,1,6,群益金鼎-高雄,2024-09-16,9183
5392,能率,9,3,6,群益金鼎-高雄,2024-09-16,9183
9904,寶成,8,2,6,群益金鼎-高雄,2024-09-16,9183
1449,佳和,174,4,170,群益金鼎-高雄,2024-09-18,9183
00929,復華台灣科技優息,185,20,165,群益金鼎-高雄,2024-09-18,9183
3481,群創,256,103,153,群益金鼎-高雄,2024-09-18,9183
00919,群益台灣精選高息,143,3,140,群益金鼎-高雄,2024-09-18,9183
00918,大華優利高填息30,163,25,138,群益金鼎-高雄,2024-09-18,9183
00637L,元大滬深300正2,134,0,134,群益金鼎-高雄,2024-09-18,9183
1907,永豐餘,100,0,100,群益金鼎-高雄,2024-09-18,9183
6416,瑞祺電通,59,0,59,群益金鼎-高雄,2024-09-18,9183
2618,長榮航,61,20,41,群益金鼎-高雄,2024-09-18,9183
6431,光麗-KY,38,0,38,群益金鼎-高雄,2024-09-18,9183
3498,陽程,43,6,37,群益金鼎-高雄,2024-09-18,9183
2317,鴻海,47,15,32,群益金鼎-高雄,2024-09-18,9183
00688L,國泰20年美債正2,62,30,32,群益金鼎-高雄,2024-09-18,9183
3576,聯合再生,25,0,25,群益金鼎-高雄,2024-09-18,9183
6174,安��,25,0,25,群益金鼎-高雄,2024-09-18,9183
00946,群益科技高息成長,22,1,21,群益金鼎-高雄,2024-09-18,9183
3062,建漢,26,6,20,群益金鼎-高雄,2024-09-18,9183
00930,永豐ESG低碳高息,20,0,20,群益金鼎-高雄,2024-09-18,9183
1301,台塑,33,13,20,群益金鼎-高雄,2024-09-18,9183
9105,泰金寶-DR,20,0,20,群益金鼎-高雄,2024-09-18,9183
00713,元大台灣高息低波,33,14,19,群益金鼎-高雄,2024-09-18,9183
1808,潤隆,20,1,19,群益金鼎-高雄,2024-09-18,9183
1721,三晃,17,1,16,群益金鼎-高雄,2024-09-18,9183
2524,京城,18,2,16,群益金鼎-高雄,2024-09-18,9183
2887,台新金,16,0,16,群益金鼎-高雄,2024-09-18,9183
2344,華邦電,16,1,15,群益金鼎-高雄,2024-09-18,9183
006208,富邦台50,14,0,14,群益金鼎-高雄,2024-09-18,9183
5230,雷笛克光學,14,0,14,群益金鼎-高雄,2024-09-18,9183
2367,燿華,13,0,13,群益金鼎-高雄,2024-09-18,9183
6152,百一,14,1,13,群益金鼎-高雄,2024-09-18,9183
00951,台新日本半導體,12,0,12,群益金鼎-高雄,2024-09-18,9183
8104,錸寶,12,0,12,群益金鼎-高雄,2024-09-18,9183
1708,東鹼,11,0,11,群益金鼎-高雄,2024-09-18,9183
8111,立��,14,3,11,群益金鼎-高雄,2024-09-18,9183
00878,國泰永續高股息,10,0,10,群益金鼎-高雄,2024-09-18,9183
00686R,群益臺灣加權反1,10,0,10,群益金鼎-高雄,2024-09-18,9183
00675L,富邦臺灣加權正2,11,1,10,群益金鼎-高雄,2024-09-18,9183
1446,宏和,10,0,10,群益金鼎-高雄,2024-09-18,9183
4971,IET-KY,10,0,10,群益金鼎-高雄,2024-09-18,9183
6125,廣運,10,0,10,群益金鼎-高雄,2024-09-18,9183
6442,光聖,21,11,10,群益金鼎-高雄,2024-09-18,9183
3354,律勝,9,0,9,群益金鼎-高雄,2024-09-18,9183
8076,伍豐,10,1,9,群益金鼎-高雄,2024-09-18,9183
1319,東陽,9,0,9,群益金鼎-高雄,2024-09-18,9183
2313,華通,24,16,8,群益金鼎-高雄,2024-09-18,9183
2539,櫻花建,8,0,8,群益金鼎-高雄,2024-09-18,9183
3596,智易,8,0,8,群益金鼎-高雄,2024-09-18,9183
5443,均豪,12,4,8,群益金鼎-高雄,2024-09-18,9183
6191,精成科,8,0,8,群益金鼎-高雄,2024-09-18,9183
8438,昶昕,8,0,8,群益金鼎-高雄,2024-09-18,9183
00937B,群益ESG投等債20,164,3,161,群益金鼎-高雄,2024-09-19,9183
00958B,永豐ESG銀行債15,111,0,111,群益金鼎-高雄,2024-09-19,9183
00919,群益台灣精選高息,110,0,110,群益金鼎-高雄,2024-09-19,9183
00929,復華台灣科技優息,108,0,108,群益金鼎-高雄,2024-09-19,9183
00632R,元大台灣50反1,100,0,100,群益金鼎-高雄,2024-09-19,9183
00687B,國泰20年美債,83,33,50,群益金鼎-高雄,2024-09-19,9183
00637L,元大滬深300正2,44,0,44,群益金鼎-高雄,2024-09-19,9183
1569,濱川,35,0,35,群益金鼎-高雄,2024-09-19,9183
00706L,期元大S＆P日圓正2,31,0,31,群益金鼎-高雄,2024-09-19,9183
00915,凱基優選高股息30,24,0,24,群益金鼎-高雄,2024-09-19,9183
00715L,期街口布蘭特正2,23,0,23,群益金鼎-高雄,2024-09-19,9183
2888,新光金,34,13,21,群益金鼎-高雄,2024-09-19,9183
6288,聯嘉,23,6,17,群益金鼎-高雄,2024-09-19,9183
1711,永光,72,57,15,群益金鼎-高雄,2024-09-19,9183
2891,中信金,18,4,14,群益金鼎-高雄,2024-09-19,9183
2382,廣達,15,1,14,群益金鼎-高雄,2024-09-19,9183
00713,元大台灣高息低波,16,3,13,群益金鼎-高雄,2024-09-19,9183
3592,瑞鼎,13,0,13,群益金鼎-高雄,2024-09-19,9183
00881,國泰台灣5G+,12,0,12,群益金鼎-高雄,2024-09-19,9183
2368,金像電,12,0,12,群益金鼎-高雄,2024-09-19,9183
1709,和益,11,0,11,群益金鼎-高雄,2024-09-19,9183
00720B,元大投資級公司債,12,2,10,群益金鼎-高雄,2024-09-19,9183
2408,南亞科,10,0,10,群益金鼎-高雄,2024-09-19,9183
4401,東隆興,10,0,10,群益金鼎-高雄,2024-09-19,9183
8104,錸寶,10,0,10,群益金鼎-高雄,2024-09-19,9183
00680L,元大美債20正2,78,69,9,群益金鼎-高雄,2024-09-19,9183
6517,保勝光學,11,2,9,群益金鼎-高雄,2024-09-19,9183
2355,敬鵬,8,0,8,群益金鼎-高雄,2024-09-19,9183
2426,鼎元,10,2,8,群益金鼎-高雄,2024-09-19,9183
6216,居易,8,0,8,群益金鼎-高雄,2024-09-19,9183
00795B,中信美國公債20年,7,0,7,群益金鼎-高雄,2024-09-19,9183
2025,千興,7,0,7,群益金鼎-高雄,2024-09-19,9183
2349,錸德,14,7,7,群益金鼎-高雄,2024-09-19,9183
3360,尚立,13,6,7,群益金鼎-高雄,2024-09-19,9183
9902,台火,7,0,7,群益金鼎-高雄,2024-09-19,9183
5314,世紀,7,1,6,群益金鼎-高雄,2024-09-19,9183
2345,智邦,7,1,6,群益金鼎-高雄,2024-09-19,9183
3013,晟銘電,21,15,6,群益金鼎-高雄,2024-09-19,9183
1784,訊聯,5,0,5,群益金鼎-高雄,2024-09-19,9183
00933B,國泰10Y+金融債,11,6,5,群益金鼎-高雄,2024-09-19,9183
2537,聯上發,10,5,5,群益金鼎-高雄,2024-09-19,9183
2903,遠百,5,0,5,群益金鼎-高雄,2024-09-19,9183
3163,波若威,11,6,5,群益金鼎-高雄,2024-09-19,9183
3338,泰碩,5,0,5,群益金鼎-高雄,2024-09-19,9183
4532,瑞智,5,0,5,群益金鼎-高雄,2024-09-19,9183
5465,富驊,5,0,5,群益金鼎-高雄,2024-09-19,9183
6290,良維,5,0,5,群益金鼎-高雄,2024-09-19,9183
6425,易發,20,15,5,群益金鼎-高雄,2024-09-19,9183
6443,元晶,5,0,5,群益金鼎-高雄,2024-09-19,9183
6606,建德工業,5,0,5,群益金鼎-高雄,2024-09-19,9183
4113,聯上,250,14,236,群益金鼎-高雄,2024-09-20,9183
00919,群益台灣精選高息,219,31,188,群益金鼎-高雄,2024-09-20,9183
00958B,永豐ESG銀行債15,104,0,104,群益金鼎-高雄,2024-09-20,9183
9105,泰金寶-DR,110,20,90,群益金鼎-高雄,2024-09-20,9183
00680L,元大美債20正2,77,0,77,群益金鼎-高雄,2024-09-20,9183
00637L,元大滬深300正2,65,0,65,群益金鼎-高雄,2024-09-20,9183
9945,潤泰新,44,3,41,群益金鼎-高雄,2024-09-20,9183
6509,聚和,40,3,37,群益金鼎-高雄,2024-09-20,9183
5871,中租-KY,35,0,35,群益金鼎-高雄,2024-09-20,9183
5876,上海商銀,30,0,30,群益金鼎-高雄,2024-09-20,9183
00687B,國泰20年美債,29,0,29,群益金鼎-高雄,2024-09-20,9183
3202,樺晟,30,1,29,群益金鼎-高雄,2024-09-20,9183
1711,永光,103,75,28,群益金鼎-高雄,2024-09-20,9183
6177,達麗,36,9,27,群益金鼎-高雄,2024-09-20,9183
3564,其陽,26,0,26,群益金鼎-高雄,2024-09-20,9183
2303,聯電,28,3,25,群益金鼎-高雄,2024-09-20,9183
2349,錸德,30,6,24,群益金鼎-高雄,2024-09-20,9183
2524,京城,33,11,22,群益金鼎-高雄,2024-09-20,9183
4716,大立,26,4,22,群益金鼎-高雄,2024-09-20,9183
2520,冠德,21,0,21,群益金鼎-高雄,2024-09-20,9183
4772,台特化,29,9,20,群益金鼎-高雄,2024-09-20,9183
00633L,富邦上証正2,20,0,20,群益金鼎-高雄,2024-09-20,9183
3149,正達,64,44,20,群益金鼎-高雄,2024-09-20,9183
00795B,中信美國公債20年,19,0,19,群益金鼎-高雄,2024-09-20,9183
1721,三晃,22,4,18,群益金鼎-高雄,2024-09-20,9183
4939,亞電,19,2,17,群益金鼎-高雄,2024-09-20,9183
00907,永豐優息存股,16,0,16,群益金鼎-高雄,2024-09-20,9183
3049,精金,21,5,16,群益金鼎-高雄,2024-09-20,9183
2313,華通,26,11,15,群益金鼎-高雄,2024-09-20,9183
5512,力麒,17,2,15,群益金鼎-高雄,2024-09-20,9183
1569,濱川,15,1,14,群益金鼎-高雄,2024-09-20,9183
2388,威盛,24,10,14,群益金鼎-高雄,2024-09-20,9183
5905,南仁湖,13,0,13,群益金鼎-高雄,2024-09-20,9183
00631L,元大台灣50正2,18,6,12,群益金鼎-高雄,2024-09-20,9183
3062,建漢,27,15,12,群益金鼎-高雄,2024-09-20,9183
00730,富邦臺灣優質高息,11,0,11,群益金鼎-高雄,2024-09-20,9183
6405,悅城,20,9,11,群益金鼎-高雄,2024-09-20,9183
4707,磐亞,13,2,11,群益金鼎-高雄,2024-09-20,9183
3363,上詮,15,4,11,群益金鼎-高雄,2024-09-20,9183
1316,上曜,20,10,10,群益金鼎-高雄,2024-09-20,9183
2243,宏旭-KY,10,0,10,群益金鼎-高雄,2024-09-20,9183
3313,斐成,10,0,10,群益金鼎-高雄,2024-09-20,9183
8092,建暐,11,1,10,群益金鼎-高雄,2024-09-20,9183
8374,羅昇,30,20,10,群益金鼎-高雄,2024-09-20,9183
8438,昶昕,10,0,10,群益金鼎-高雄,2024-09-20,9183
2399,映泰,145,135,10,群益金鼎-高雄,2024-09-20,9183
8070,長華*,43,34,9,群益金鼎-高雄,2024-09-20,9183
3312,弘憶股,11,2,9,群益金鼎-高雄,2024-09-20,9183
8421,旭源,9,0,9,群益金鼎-高雄,2024-09-20,9183
3430,奇鈦科,27,18,9,群益金鼎-高雄,2024-09-20,9183
00637L,元大滬深300正2,284,9,275,群益金鼎-高雄,2024-09-23,9183
00753L,中信中國50正2,215,0,215,群益金鼎-高雄,2024-09-23,9183
00918,大華優利高填息30,109,6,103,群益金鼎-高雄,2024-09-23,9183
00927,群益半導體收益,100,0,100,群益金鼎-高雄,2024-09-23,9183
0056,元大高股息,100,3,97,群益金鼎-高雄,2024-09-23,9183
1718,中纖,72,0,72,群益金鼎-高雄,2024-09-23,9183
2399,映泰,81,32,49,群益金鼎-高雄,2024-09-23,9183
2884,玉山金,56,9,47,群益金鼎-高雄,2024-09-23,9183
00706L,期元大S＆P日圓正2,43,0,43,群益金鼎-高雄,2024-09-23,9183
1314,中石化,41,5,36,群益金鼎-高雄,2024-09-23,9183
00720B,元大投資級公司債,35,0,35,群益金鼎-高雄,2024-09-23,9183
1569,濱川,25,0,25,群益金鼎-高雄,2024-09-23,9183
3163,波若威,26,5,21,群益金鼎-高雄,2024-09-23,9183
00878,國泰永續高股息,20,0,20,群益金鼎-高雄,2024-09-23,9183
4442,竣邦-KY,17,0,17,群益金鼎-高雄,2024-09-23,9183
6116,彩晶,17,0,17,群益金鼎-高雄,2024-09-23,9183
6188,廣明,23,7,16,群益金鼎-高雄,2024-09-23,9183
5512,力麒,15,0,15,群益金鼎-高雄,2024-09-23,9183
2882,國泰金,22,7,15,群益金鼎-高雄,2024-09-23,9183
00680L,元大美債20正2,16,2,14,群益金鼎-高雄,2024-09-23,9183
2867,三商壽,14,0,14,群益金鼎-高雄,2024-09-23,9183
2317,鴻海,22,9,13,群益金鼎-高雄,2024-09-23,9183
6177,達麗,18,6,12,群益金鼎-高雄,2024-09-23,9183
00937B,群益ESG投等債20,15,3,12,群益金鼎-高雄,2024-09-23,9183
8438,昶昕,12,0,12,群益金鼎-高雄,2024-09-23,9183
9904,寶成,12,0,12,群益金鼎-高雄,2024-09-23,9183
5324,士開,11,0,11,群益金鼎-高雄,2024-09-23,9183
1725,元禎,42,31,11,群益金鼎-高雄,2024-09-23,9183
00764B,群益25年美債,10,0,10,群益金鼎-高雄,2024-09-23,9183
00946,群益科技高息成長,10,0,10,群益金鼎-高雄,2024-09-23,9183
5871,中租-KY,10,0,10,群益金鼎-高雄,2024-09-23,9183
00936,台新永續高息中小,10,0,10,群益金鼎-高雄,2024-09-23,9183
00795B,中信美國公債20年,10,0,10,群益金鼎-高雄,2024-09-23,9183
5521,工信,10,0,10,群益金鼎-高雄,2024-09-23,9183
5905,南仁湖,10,0,10,群益金鼎-高雄,2024-09-23,9183
2425,承啟,16,8,8,群益金鼎-高雄,2024-09-23,9183
1785,光洋科,19,12,7,群益金鼎-高雄,2024-09-23,9183
8033,雷虎,7,0,7,群益金鼎-高雄,2024-09-23,9183
3040,遠見,7,0,7,群益金鼎-高雄,2024-09-23,9183
1524,耿鼎,22,15,7,群益金鼎-高雄,2024-09-23,9183
2365,昆盈,8,1,7,群益金鼎-高雄,2024-09-23,9183
1522,堤維西,9,3,6,群益金鼎-高雄,2024-09-23,9183
00712,復華富時不動產,7,1,6,群益金鼎-高雄,2024-09-23,9183
1584,精剛,7,1,6,群益金鼎-高雄,2024-09-23,9183
2025,千興,6,0,6,群益金鼎-高雄,2024-09-23,9183
2228,劍麟,9,3,6,群益金鼎-高雄,2024-09-23,9183
2243,宏旭-KY,6,0,6,群益金鼎-高雄,2024-09-23,9183
2409,友達,6,0,6,群益金鼎-高雄,2024-09-23,9183
4526,東台,8,2,6,群益金鼎-高雄,2024-09-23,9183
4754,國碳科,6,0,6,群益金鼎-高雄,2024-09-23,9183
0056,元大高股息,106,0,106,群益金鼎-高雄,2024-09-24,9183
00927,群益半導體收益,100,0,100,群益金鼎-高雄,2024-09-24,9183
9933,中鼎,100,0,100,群益金鼎-高雄,2024-09-24,9183
00937B,群益ESG投等債20,75,2,73,群益金鼎-高雄,2024-09-24,9183
00929,復華台灣科技優息,66,16,50,群益金鼎-高雄,2024-09-24,9183
4154,樂威科-KY,55,10,45,群益金鼎-高雄,2024-09-24,9183
00713,元大台灣高息低波,44,0,44,群益金鼎-高雄,2024-09-24,9183
6431,光麗-KY,40,0,40,群益金鼎-高雄,2024-09-24,9183
2855,統一證,36,0,36,群益金鼎-高雄,2024-09-24,9183
00680L,元大美債20正2,34,0,34,群益金鼎-高雄,2024-09-24,9183
2915,潤泰全,31,0,31,群益金鼎-高雄,2024-09-24,9183
2349,錸德,34,4,30,群益金鼎-高雄,2024-09-24,9183
3605,宏致,34,4,30,群益金鼎-高雄,2024-09-24,9183
2344,華邦電,37,7,30,群益金鼎-高雄,2024-09-24,9183
2509,全坤建,25,0,25,群益金鼎-高雄,2024-09-24,9183
2337,旺宏,25,1,24,群益金鼎-高雄,2024-09-24,9183
00958B,永豐ESG銀行債15,22,0,22,群益金鼎-高雄,2024-09-24,9183
00764B,群益25年美債,20,0,20,群益金鼎-高雄,2024-09-24,9183
1735,日勝化,20,0,20,群益金鼎-高雄,2024-09-24,9183
3049,精金,20,0,20,群益金鼎-高雄,2024-09-24,9183
00712,復華富時不動產,19,0,19,群益金鼎-高雄,2024-09-24,9183
3354,律勝,18,0,18,群益金鼎-高雄,2024-09-24,9183
3522,御嵿,20,3,17,群益金鼎-高雄,2024-09-24,9183
00960,野村全球航運龍頭,40,24,16,群益金鼎-高雄,2024-09-24,9183
00930,永豐ESG低碳高息,16,0,16,群益金鼎-高雄,2024-09-24,9183
1569,濱川,17,1,16,群益金鼎-高雄,2024-09-24,9183
5519,隆大,21,6,15,群益金鼎-高雄,2024-09-24,9183
3583,辛耘,15,1,14,群益金鼎-高雄,2024-09-24,9183
1540,喬福,36,22,14,群益金鼎-高雄,2024-09-24,9183
2890,永豐金,14,0,14,群益金鼎-高雄,2024-09-24,9183
3062,建漢,18,5,13,群益金鼎-高雄,2024-09-24,9183
00940,元大台灣價值高息,26,14,12,群益金鼎-高雄,2024-09-24,9183
2883,凱基金,26,14,12,群益金鼎-高雄,2024-09-24,9183
4974,亞泰,13,2,11,群益金鼎-高雄,2024-09-24,9183
00679B,元大美債20年,11,0,11,群益金鼎-高雄,2024-09-24,9183
00907,永豐優息存股,11,0,11,群益金鼎-高雄,2024-09-24,9183
1316,上曜,11,0,11,群益金鼎-高雄,2024-09-24,9183
1442,名軒,11,0,11,群益金鼎-高雄,2024-09-24,9183
3390,旭軟,11,0,11,群益金鼎-高雄,2024-09-24,9183
4716,大立,35,24,11,群益金鼎-高雄,2024-09-24,9183
6151,晉倫,17,6,11,群益金鼎-高雄,2024-09-24,9183
00715L,期街口布蘭特正2,110,100,10,群益金鼎-高雄,2024-09-24,9183
3284,太普高,10,0,10,群益金鼎-高雄,2024-09-24,9183
3290,東浦,10,0,10,群益金鼎-高雄,2024-09-24,9183
3597,映興,10,0,10,群益金鼎-高雄,2024-09-24,9183
4123,晟德,10,0,10,群益金鼎-高雄,2024-09-24,9183
4526,東台,18,8,10,群益金鼎-高雄,2024-09-24,9183
5483,中美晶,12,2,10,群益金鼎-高雄,2024-09-24,9183
6134,萬旭,12,2,10,群益金鼎-高雄,2024-09-24,9183
00915,凱基優選高股息30,39,30,9,群益金鼎-高雄,2024-09-24,9183
9933,中鼎,100,0,100,群益金鼎-高雄,2024-09-25,9183
2313,華通,57,2,55,群益金鼎-高雄,2024-09-25,9183
00632R,元大台灣50反1,45,0,45,群益金鼎-高雄,2024-09-25,9183
4154,樂威科-KY,50,12,38,群益金鼎-高雄,2024-09-25,9183
00687B,國泰20年美債,38,5,33,群益金鼎-高雄,2024-09-25,9183
00680L,元大美債20正2,33,0,33,群益金鼎-高雄,2024-09-25,9183
2401,凌陽,30,0,30,群益金鼎-高雄,2024-09-25,9183
8043,蜜望實,30,0,30,群益金鼎-高雄,2024-09-25,9183
3481,群創,32,6,26,群益金鼎-高雄,2024-09-25,9183
2855,統一證,23,0,23,群益金鼎-高雄,2024-09-25,9183
6506,雙邦,22,0,22,群益金鼎-高雄,2024-09-25,9183
00633L,富邦上証正2,25,5,20,群益金鼎-高雄,2024-09-25,9183
1312,國喬,20,0,20,群益金鼎-高雄,2024-09-25,9183
2888,新光金,30,10,20,群益金鼎-高雄,2024-09-25,9183
3066,李洲,21,1,20,群益金鼎-高雄,2024-09-25,9183
8210,勤誠,21,1,20,群益金鼎-高雄,2024-09-25,9183
3715,定穎投控,52,33,19,群益金鼎-高雄,2024-09-25,9183
00907,永豐優息存股,19,2,17,群益金鼎-高雄,2024-09-25,9183
3047,訊舟,54,38,16,群益金鼎-高雄,2024-09-25,9183
2891,中信金,33,18,15,群益金鼎-高雄,2024-09-25,9183
00933B,國泰10Y+金融債,13,0,13,群益金鼎-高雄,2024-09-25,9183
2376,技嘉,16,3,13,群益金鼎-高雄,2024-09-25,9183
00706L,期元大S＆P日圓正2,12,0,12,群益金鼎-高雄,2024-09-25,9183
1516,川飛,12,0,12,群益金鼎-高雄,2024-09-25,9183
00679B,元大美債20年,12,1,11,群益金鼎-高雄,2024-09-25,9183
2867,三商壽,11,0,11,群益金鼎-高雄,2024-09-25,9183
006206,元大上證50,10,0,10,群益金鼎-高雄,2024-09-25,9183
1569,濱川,14,4,10,群益金鼎-高雄,2024-09-25,9183
2367,燿華,42,32,10,群益金鼎-高雄,2024-09-25,9183
3202,樺晟,10,0,10,群益金鼎-高雄,2024-09-25,9183
4526,東台,17,7,10,群益金鼎-高雄,2024-09-25,9183
4931,新盛力,13,3,10,群益金鼎-高雄,2024-09-25,9183
5460,同協,18,8,10,群益金鼎-高雄,2024-09-25,9183
1590,亞德客-KY,12,2,10,群益金鼎-高雄,2024-09-25,9183
9927,泰銘,10,0,10,群益金鼎-高雄,2024-09-25,9183
6279,胡連,11,2,9,群益金鼎-高雄,2024-09-25,9183
2492,華新科,9,0,9,群益金鼎-高雄,2024-09-25,9183
5516,雙喜,9,0,9,群益金鼎-高雄,2024-09-25,9183
2402,毅嘉,20,11,9,群益金鼎-高雄,2024-09-25,9183
2345,智邦,9,1,8,群益金鼎-高雄,2024-09-25,9183
00937B,群益ESG投等債20,9,1,8,群益金鼎-高雄,2024-09-25,9183
2340,台亞,8,0,8,群益金鼎-高雄,2024-09-25,9183
4545,銘鈺,10,2,8,群益金鼎-高雄,2024-09-25,9183
3363,上詮,41,33,8,群益金鼎-高雄,2024-09-25,9183
3490,單井,7,0,7,群益金鼎-高雄,2024-09-25,9183
00882,中信中國高股息,10,3,7,群益金鼎-高雄,2024-09-25,9183
00720B,元大投資級公司債,7,0,7,群益金鼎-高雄,2024-09-25,9183
8011,台通,7,0,7,群益金鼎-高雄,2024-09-25,9183
1584,精剛,10,4,6,群益金鼎-高雄,2024-09-25,9183
2329,華泰,6,0,6,群益金鼎-高雄,2024-09-25,9183
00937B,群益ESG投等債20,207,22,185,群益金鼎-高雄,2024-09-26,9183
00715L,期街口布蘭特正2,129,3,126,群益金鼎-高雄,2024-09-26,9183
1808,潤隆,105,22,83,群益金鼎-高雄,2024-09-26,9183
00680L,元大美債20正2,78,1,77,群益金鼎-高雄,2024-09-26,9183
00712,復華富時不動產,60,0,60,群益金鼎-高雄,2024-09-26,9183
00679B,元大美債20年,66,11,55,群益金鼎-高雄,2024-09-26,9183
00929,復華台灣科技優息,63,12,51,群益金鼎-高雄,2024-09-26,9183
00664R,國泰臺灣加權反1,50,0,50,群益金鼎-高雄,2024-09-26,9183
4716,大立,51,13,38,群益金鼎-高雄,2024-09-26,9183
00706L,期元大S＆P日圓正2,33,0,33,群益金鼎-高雄,2024-09-26,9183
00687B,國泰20年美債,38,6,32,群益金鼎-高雄,2024-09-26,9183
5324,士開,32,0,32,群益金鼎-高雄,2024-09-26,9183
6416,瑞祺電通,32,1,31,群益金鼎-高雄,2024-09-26,9183
3019,亞光,31,6,25,群益金鼎-高雄,2024-09-26,9183
2344,華邦電,26,2,24,群益金鼎-高雄,2024-09-26,9183
00632R,元大台灣50反1,24,0,24,群益金鼎-高雄,2024-09-26,9183
00795B,中信美國公債20年,23,0,23,群益金鼎-高雄,2024-09-26,9183
8210,勤誠,31,8,23,群益金鼎-高雄,2024-09-26,9183
5521,工信,21,0,21,群益金鼎-高雄,2024-09-26,9183
5512,力麒,20,0,20,群益金鼎-高雄,2024-09-26,9183
00751B,元大AAA至A公司債,20,1,19,群益金鼎-高雄,2024-09-26,9183
3615,安可,28,9,19,群益金鼎-高雄,2024-09-26,9183
6405,悅城,23,5,18,群益金鼎-高雄,2024-09-26,9183
2408,南亞科,20,3,17,群益金鼎-高雄,2024-09-26,9183
6188,廣明,30,13,17,群益金鼎-高雄,2024-09-26,9183
00960,野村全球航運龍頭,22,5,17,群益金鼎-高雄,2024-09-26,9183
2312,金寶,22,6,16,群益金鼎-高雄,2024-09-26,9183
00881,國泰台灣5G+,15,0,15,群益金鼎-高雄,2024-09-26,9183
2337,旺宏,21,6,15,群益金鼎-高雄,2024-09-26,9183
1569,濱川,15,1,14,群益金鼎-高雄,2024-09-26,9183
1709,和益,13,0,13,群益金鼎-高雄,2024-09-26,9183
6125,廣運,13,0,13,群益金鼎-高雄,2024-09-26,9183
00764B,群益25年美債,12,0,12,群益金鼎-高雄,2024-09-26,9183
2613,中櫃,28,16,12,群益金鼎-高雄,2024-09-26,9183
2607,榮運,14,2,12,群益金鼎-高雄,2024-09-26,9183
2887,台新金,12,0,12,群益金鼎-高雄,2024-09-26,9183
00713,元大台灣高息低波,11,0,11,群益金鼎-高雄,2024-09-26,9183
2892,第一金,12,1,11,群益金鼎-高雄,2024-09-26,9183
3032,偉訓,11,0,11,群益金鼎-高雄,2024-09-26,9183
8111,立��,33,22,11,群益金鼎-高雄,2024-09-26,9183
2303,聯電,57,46,11,群益金鼎-高雄,2024-09-26,9183
2362,藍天,26,15,11,群益金鼎-高雄,2024-09-26,9183
0056,元大高股息,11,1,10,群益金鼎-高雄,2024-09-26,9183
1101,台泥,10,0,10,群益金鼎-高雄,2024-09-26,9183
2340,台亞,11,1,10,群益金鼎-高雄,2024-09-26,9183
5251,天鉞電,10,0,10,群益金鼎-高雄,2024-09-26,9183
6202,盛群,10,0,10,群益金鼎-高雄,2024-09-26,9183
6207,雷科,18,8,10,群益金鼎-高雄,2024-09-26,9183
6244,茂迪,10,0,10,群益金鼎-高雄,2024-09-26,9183
2609,陽明,89,79,10,群益金鼎-高雄,2024-09-26,9183
00720B,元大投資級公司債,308,0,308,群益金鼎-高雄,2024-09-27,9183
00937B,群益ESG投等債20,232,0,232,群益金鼎-高雄,2024-09-27,9183
00715L,期街口布蘭特正2,145,0,145,群益金鼎-高雄,2024-09-27,9183
1907,永豐餘,100,10,90,群益金鼎-高雄,2024-09-27,9183
00664R,國泰臺灣加權反1,60,0,60,群益金鼎-高雄,2024-09-27,9183
2891,中信金,61,2,59,群益金鼎-高雄,2024-09-27,9183
00687B,國泰20年美債,52,1,51,群益金鼎-高雄,2024-09-27,9183
00665L,富邦�琤肭磪囓�2,99,56,43,群益金鼎-高雄,2024-09-27,9183
4716,大立,46,13,33,群益金鼎-高雄,2024-09-27,9183
2371,大同,37,7,30,群益金鼎-高雄,2024-09-27,9183
2303,聯電,58,29,29,群益金鼎-高雄,2024-09-27,9183
00960,野村全球航運龍頭,38,10,28,群益金鼎-高雄,2024-09-27,9183
1569,濱川,26,0,26,群益金鼎-高雄,2024-09-27,9183
2439,美律,31,7,24,群益金鼎-高雄,2024-09-27,9183
00679B,元大美債20年,21,0,21,群益金鼎-高雄,2024-09-27,9183
1326,台化,30,9,21,群益金鼎-高雄,2024-09-27,9183
2516,新建,19,0,19,群益金鼎-高雄,2024-09-27,9183
2363,矽統,45,28,17,群益金鼎-高雄,2024-09-27,9183
00706L,期元大S＆P日圓正2,15,0,15,群益金鼎-高雄,2024-09-27,9183
2002,中鋼,54,39,15,群益金鼎-高雄,2024-09-27,9183
6213,聯茂,15,0,15,群益金鼎-高雄,2024-09-27,9183
00650L,復華香港正2,15,1,14,群益金鼎-高雄,2024-09-27,9183
2886,兆豐金,14,0,14,群益金鼎-高雄,2024-09-27,9183
2607,榮運,14,0,14,群益金鼎-高雄,2024-09-27,9183
4952,凌通,14,1,13,群益金鼎-高雄,2024-09-27,9183
2399,映泰,18,5,13,群益金鼎-高雄,2024-09-27,9183
2543,皇昌,16,3,13,群益金鼎-高雄,2024-09-27,9183
6274,台燿,15,2,13,群益金鼎-高雄,2024-09-27,9183
00680L,元大美債20正2,22,10,12,群益金鼎-高雄,2024-09-27,9183
2356,英業達,13,1,12,群益金鼎-高雄,2024-09-27,9183
00915,凱基優選高股息30,11,0,11,群益金鼎-高雄,2024-09-27,9183
4542,科嶠,19,8,11,群益金鼎-高雄,2024-09-27,9183
1714,和桐,10,0,10,群益金鼎-高雄,2024-09-27,9183
2387,精元,10,0,10,群益金鼎-高雄,2024-09-27,9183
3033,威健,22,12,10,群益金鼎-高雄,2024-09-27,9183
3483,力致,13,3,10,群益金鼎-高雄,2024-09-27,9183
3576,聯合再生,15,5,10,群益金鼎-高雄,2024-09-27,9183
3605,宏致,20,11,9,群益金鼎-高雄,2024-09-27,9183
2388,威盛,16,7,9,群益金鼎-高雄,2024-09-27,9183
00713,元大台灣高息低波,9,0,9,群益金鼎-高雄,2024-09-27,9183
4109,加捷生醫,9,0,9,群益金鼎-高雄,2024-09-27,9183
6606,建德工業,9,0,9,群益金鼎-高雄,2024-09-27,9183
3019,亞光,16,8,8,群益金鼎-高雄,2024-09-27,9183
00712,復華富時不動產,8,0,8,群益金鼎-高雄,2024-09-27,9183
4154,樂威科-KY,8,0,8,群益金鼎-高雄,2024-09-27,9183
8070,長華*,9,1,8,群益金鼎-高雄,2024-09-27,9183
3017,奇鋐,12,5,7,群益金鼎-高雄,2024-09-27,9183
00958B,永豐ESG銀行債15,7,0,7,群益金鼎-高雄,2024-09-27,9183
2495,普安,9,2,7,群益金鼎-高雄,2024-09-27,9183
2606,裕民,14,7,7,群益金鼎-高雄,2024-09-27,9183
00927,群益半導體收益,246,0,246,群益金鼎-高雄,2024-09-30,9183
00633L,富邦上証正2,255,22,233,群益金鼎-高雄,2024-09-30,9183
00720B,元大投資級公司債,107,0,107,群益金鼎-高雄,2024-09-30,9183
00919,群益台灣精選高息,95,1,94,群益金鼎-高雄,2024-09-30,9183
2317,鴻海,106,17,89,群益金鼎-高雄,2024-09-30,9183
00929,復華台灣科技優息,93,13,80,群益金鼎-高雄,2024-09-30,9183
00937B,群益ESG投等債20,67,14,53,群益金鼎-高雄,2024-09-30,9183
00664R,國泰臺灣加權反1,50,0,50,群益金鼎-高雄,2024-09-30,9183
1569,濱川,65,17,48,群益金鼎-高雄,2024-09-30,9183
00637L,元大滬深300正2,174,135,39,群益金鼎-高雄,2024-09-30,9183
2489,瑞軒,42,4,38,群益金鼎-高雄,2024-09-30,9183
4154,樂威科-KY,34,0,34,群益金鼎-高雄,2024-09-30,9183
2330,台積電,34,2,32,群益金鼎-高雄,2024-09-30,9183
006208,富邦台50,32,0,32,群益金鼎-高雄,2024-09-30,9183
00948B,中信優息投資級債,31,0,31,群益金鼎-高雄,2024-09-30,9183
00915,凱基優選高股息30,30,2,28,群益金鼎-高雄,2024-09-30,9183
2603,長榮,32,7,25,群益金鼎-高雄,2024-09-30,9183
2615,萬海,73,48,25,群益金鼎-高雄,2024-09-30,9183
0050,元大台灣50,24,0,24,群益金鼎-高雄,2024-09-30,9183
4527,方土霖,25,2,23,群益金鼎-高雄,2024-09-30,9183
2609,陽明,62,40,22,群益金鼎-高雄,2024-09-30,9183
00639,富邦深100,20,1,19,群益金鼎-高雄,2024-09-30,9183
00687B,國泰20年美債,29,12,17,群益金鼎-高雄,2024-09-30,9183
8210,勤誠,17,0,17,群益金鼎-高雄,2024-09-30,9183
6125,廣運,16,0,16,群益金鼎-高雄,2024-09-30,9183
00713,元大台灣高息低波,17,4,13,群益金鼎-高雄,2024-09-30,9183
00918,大華優利高填息30,13,0,13,群益金鼎-高雄,2024-09-30,9183
0056,元大高股息,25,12,13,群益金鼎-高雄,2024-09-30,9183
2022,聚亨,13,0,13,群益金鼎-高雄,2024-09-30,9183
00958B,永豐ESG銀行債15,12,0,12,群益金鼎-高雄,2024-09-30,9183
6188,廣明,14,2,12,群益金鼎-高雄,2024-09-30,9183
00923,群益台ESG低碳50,11,0,11,群益金鼎-高雄,2024-09-30,9183
2515,中工,11,0,11,群益金鼎-高雄,2024-09-30,9183
8092,建暐,11,0,11,群益金鼎-高雄,2024-09-30,9183
3711,日月光投控,11,0,11,群益金鼎-高雄,2024-09-30,9183
00686R,群益臺灣加權反1,10,0,10,群益金鼎-高雄,2024-09-30,9183
2313,華通,17,7,10,群益金鼎-高雄,2024-09-30,9183
2323,中環,10,0,10,群益金鼎-高雄,2024-09-30,9183
4532,瑞智,10,0,10,群益金鼎-高雄,2024-09-30,9183
4714,永捷,10,0,10,群益金鼎-高雄,2024-09-30,9183
3481,群創,97,87,10,群益金鼎-高雄,2024-09-30,9183
6104,創惟,20,11,9,群益金鼎-高雄,2024-09-30,9183
6928,攸泰科技,9,0,9,群益金鼎-高雄,2024-09-30,9183
00960,野村全球航運龍頭,12,4,8,群益金鼎-高雄,2024-09-30,9183
1727,中華化,31,23,8,群益金鼎-高雄,2024-09-30,9183
2337,旺宏,11,3,8,群益金鼎-高雄,2024-09-30,9183
00952,凱基台灣AI50,7,0,7,群益金鼎-高雄,2024-09-30,9183
3037,欣興,12,5,7,群益金鼎-高雄,2024-09-30,9183
6274,台燿,7,0,7,群益金鼎-高雄,2024-09-30,9183
3491,昇達科,7,0,7,群益金鼎-高雄,2024-09-30,9183
00715L,期街口布蘭特正2,101,2,99,群益金鼎-高雄,2024-10-01,9183
9105,泰金寶-DR,90,0,90,群益金鼎-高雄,2024-10-01,9183
00940,元大台灣價值高息,79,0,79,群益金鼎-高雄,2024-10-01,9183
1718,中纖,54,0,54,群益金鼎-高雄,2024-10-01,9183
2618,長榮航,77,33,44,群益金鼎-高雄,2024-10-01,9183
00637L,元大滬深300正2,51,10,41,群益金鼎-高雄,2024-10-01,9183
1504,東元,41,0,41,群益金鼎-高雄,2024-10-01,9183
00929,復華台灣科技優息,70,37,33,群益金鼎-高雄,2024-10-01,9183
5531,鄉林,32,0,32,群益金鼎-高雄,2024-10-01,9183
00927,群益半導體收益,31,0,31,群益金鼎-高雄,2024-10-01,9183
00680L,元大美債20正2,31,0,31,群益金鼎-高雄,2024-10-01,9183
1727,中華化,34,3,31,群益金鼎-高雄,2024-10-01,9183
2883,凱基金,30,0,30,群益金鼎-高雄,2024-10-01,9183
006208,富邦台50,29,0,29,群益金鼎-高雄,2024-10-01,9183
2845,遠東銀,26,0,26,群益金鼎-高雄,2024-10-01,9183
2033,佳大,24,0,24,群益金鼎-高雄,2024-10-01,9183
2367,燿華,23,1,22,群益金鼎-高雄,2024-10-01,9183
00895,富邦未來車,20,0,20,群益金鼎-高雄,2024-10-01,9183
00919,群益台灣精選高息,20,1,19,群益金鼎-高雄,2024-10-01,9183
2449,京元電子,20,1,19,群益金鼎-高雄,2024-10-01,9183
6416,瑞祺電通,42,24,18,群益金鼎-高雄,2024-10-01,9183
2455,全新,23,8,15,群益金鼎-高雄,2024-10-01,9183
3041,揚智,15,0,15,群益金鼎-高雄,2024-10-01,9183
00952,凱基台灣AI50,14,0,14,群益金鼎-高雄,2024-10-01,9183
1815,富喬,16,2,14,群益金鼎-高雄,2024-10-01,9183
2504,國產,14,0,14,群益金鼎-高雄,2024-10-01,9183
2609,陽明,34,20,14,群益金鼎-高雄,2024-10-01,9183
2486,一詮,15,2,13,群益金鼎-高雄,2024-10-01,9183
2014,中鴻,76,63,13,群益金鼎-高雄,2024-10-01,9183
00706L,期元大S＆P日圓正2,16,4,12,群益金鼎-高雄,2024-10-01,9183
6125,廣運,12,0,12,群益金鼎-高雄,2024-10-01,9183
00878,國泰永續高股息,12,0,12,群益金鼎-高雄,2024-10-01,9183
00665L,富邦�琤肭磪囓�2,16,5,11,群益金鼎-高雄,2024-10-01,9183
2409,友達,12,1,11,群益金鼎-高雄,2024-10-01,9183
3360,尚立,16,5,11,群益金鼎-高雄,2024-10-01,9183
2415,錩新,12,2,10,群益金鼎-高雄,2024-10-01,9183
00633L,富邦上証正2,10,0,10,群益金鼎-高雄,2024-10-01,9183
1714,和桐,10,0,10,群益金鼎-高雄,2024-10-01,9183
1907,永豐餘,10,0,10,群益金鼎-高雄,2024-10-01,9183
2332,友訊,10,0,10,群益金鼎-高雄,2024-10-01,9183
2612,中航,10,0,10,群益金鼎-高雄,2024-10-01,9183
1319,東陽,9,0,9,群益金鼎-高雄,2024-10-01,9183
2610,華航,10,1,9,群益金鼎-高雄,2024-10-01,9183
2613,中櫃,14,5,9,群益金鼎-高雄,2024-10-01,9183
3021,鴻名,9,0,9,群益金鼎-高雄,2024-10-01,9183
3188,鑫龍騰,9,0,9,群益金鼎-高雄,2024-10-01,9183
6405,悅城,10,1,9,群益金鼎-高雄,2024-10-01,9183
1101,台泥,12,3,9,群益金鼎-高雄,2024-10-01,9183
2383,台光電,9,1,8,群益金鼎-高雄,2024-10-01,9183
2243,宏旭-KY,18,10,8,群益金鼎-高雄,2024-10-01,9183
6548,長科*,213,2,211,群益金鼎-高雄,2024-10-04,9183
2929,淘帝-KY,159,0,159,群益金鼎-高雄,2024-10-04,9183
2618,長榮航,102,15,87,群益金鼎-高雄,2024-10-04,9183
00919,群益台灣精選高息,87,4,83,群益金鼎-高雄,2024-10-04,9183
00929,復華台灣科技優息,99,34,65,群益金鼎-高雄,2024-10-04,9183
00679B,元大美債20年,61,0,61,群益金鼎-高雄,2024-10-04,9183
2609,陽明,74,14,60,群益金鼎-高雄,2024-10-04,9183
0056,元大高股息,54,0,54,群益金鼎-高雄,2024-10-04,9183
4174,浩鼎,52,2,50,群益金鼎-高雄,2024-10-04,9183
00940,元大台灣價值高息,45,0,45,群益金鼎-高雄,2024-10-04,9183
2603,長榮,47,6,41,群益金鼎-高雄,2024-10-04,9183
2867,三商壽,35,0,35,群益金鼎-高雄,2024-10-04,9183
00751B,元大AAA至A公司債,30,0,30,群益金鼎-高雄,2024-10-04,9183
8429,金麗-KY,33,3,30,群益金鼎-高雄,2024-10-04,9183
00927,群益半導體收益,26,0,26,群益金鼎-高雄,2024-10-04,9183
2883,凱基金,28,2,26,群益金鼎-高雄,2024-10-04,9183
1301,台塑,31,6,25,群益金鼎-高雄,2024-10-04,9183
2892,第一金,23,0,23,群益金鼎-高雄,2024-10-04,9183
00680L,元大美債20正2,44,25,19,群益金鼎-高雄,2024-10-04,9183
00712,復華富時不動產,19,0,19,群益金鼎-高雄,2024-10-04,9183
1718,中纖,18,0,18,群益金鼎-高雄,2024-10-04,9183
1569,濱川,22,5,17,群益金鼎-高雄,2024-10-04,9183
3048,益登,19,2,17,群益金鼎-高雄,2024-10-04,9183
00878,國泰永續高股息,18,2,16,群益金鼎-高雄,2024-10-04,9183
00918,大華優利高填息30,15,0,15,群益金鼎-高雄,2024-10-04,9183
2353,宏��,15,0,15,群益金鼎-高雄,2024-10-04,9183
2368,金像電,14,0,14,群益金鼎-高雄,2024-10-04,9183
2038,海光,15,2,13,群益金鼎-高雄,2024-10-04,9183
2610,華航,13,0,13,群益金鼎-高雄,2024-10-04,9183
3708,上緯投控,16,3,13,群益金鼎-高雄,2024-10-04,9183
9904,寶成,13,0,13,群益金鼎-高雄,2024-10-04,9183
3450,聯鈞,23,11,12,群益金鼎-高雄,2024-10-04,9183
5014,建錩,18,6,12,群益金鼎-高雄,2024-10-04,9183
5876,上海商銀,12,0,12,群益金鼎-高雄,2024-10-04,9183
3693,營邦,11,0,11,群益金鼎-高雄,2024-10-04,9183
00706L,期元大S＆P日圓正2,11,0,11,群益金鼎-高雄,2024-10-04,9183
2303,聯電,18,8,10,群益金鼎-高雄,2024-10-04,9183
00686R,群益臺灣加權反1,10,0,10,群益金鼎-高雄,2024-10-04,9183
2406,國碩,10,0,10,群益金鼎-高雄,2024-10-04,9183
3322,建舜電,10,0,10,群益金鼎-高雄,2024-10-04,9183
4562,穎漢,10,0,10,群益金鼎-高雄,2024-10-04,9183
6547,高端疫苗,10,0,10,群益金鼎-高雄,2024-10-04,9183
2834,臺企銀,11,1,10,群益金鼎-高雄,2024-10-04,9183
2308,台達電,10,1,9,群益金鼎-高雄,2024-10-04,9183
2382,廣達,9,0,9,群益金鼎-高雄,2024-10-04,9183
2498,宏達電,37,28,9,群益金鼎-高雄,2024-10-04,9183
2543,皇昌,19,10,9,群益金鼎-高雄,2024-10-04,9183
2317,鴻海,43,34,9,群益金鼎-高雄,2024-10-04,9183
1109,信大,8,0,8,群益金鼎-高雄,2024-10-04,9183
1742,台蠟,8,0,8,群益金鼎-高雄,2024-10-04,9183
00929,復華台灣科技優息,274,9,265,群益金鼎-高雄,2024-10-07,9183
2498,宏達電,115,10,105,群益金鼎-高雄,2024-10-07,9183
00679B,元大美債20年,109,9,100,群益金鼎-高雄,2024-10-07,9183
00940,元大台灣價值高息,111,12,99,群益金鼎-高雄,2024-10-07,9183
2633,台灣高鐵,100,10,90,群益金鼎-高雄,2024-10-07,9183
5213,亞昕,68,0,68,群益金鼎-高雄,2024-10-07,9183
1314,中石化,64,0,64,群益金鼎-高雄,2024-10-07,9183
9105,泰金寶-DR,90,30,60,群益金鼎-高雄,2024-10-07,9183
3591,艾笛森,85,29,56,群益金鼎-高雄,2024-10-07,9183
00706L,期元大S＆P日圓正2,54,0,54,群益金鼎-高雄,2024-10-07,9183
3481,群創,55,3,52,群益金鼎-高雄,2024-10-07,9183
2316,楠梓電,56,16,40,群益金鼎-高雄,2024-10-07,9183
00919,群益台灣精選高息,38,5,33,群益金鼎-高雄,2024-10-07,9183
00680L,元大美債20正2,30,0,30,群益金鼎-高雄,2024-10-07,9183
00688L,國泰20年美債正2,27,0,27,群益金鼎-高雄,2024-10-07,9183
1815,富喬,39,14,25,群益金鼎-高雄,2024-10-07,9183
3499,環天科,24,0,24,群益金鼎-高雄,2024-10-07,9183
2609,陽明,26,5,21,群益金鼎-高雄,2024-10-07,9183
00958B,永豐ESG銀行債15,20,0,20,群益金鼎-高雄,2024-10-07,9183
0056,元大高股息,29,10,19,群益金鼎-高雄,2024-10-07,9183
2382,廣達,19,1,18,群益金鼎-高雄,2024-10-07,9183
2353,宏��,19,2,17,群益金鼎-高雄,2024-10-07,9183
00631L,元大台灣50正2,14,0,14,群益金鼎-高雄,2024-10-07,9183
00639,富邦深100,17,3,14,群益金鼎-高雄,2024-10-07,9183
5531,鄉林,13,0,13,群益金鼎-高雄,2024-10-07,9183
2317,鴻海,38,26,12,群益金鼎-高雄,2024-10-07,9183
00637L,元大滬深300正2,113,101,12,群益金鼎-高雄,2024-10-07,9183
2009,第一銅,12,1,11,群益金鼎-高雄,2024-10-07,9183
4532,瑞智,12,1,11,群益金鼎-高雄,2024-10-07,9183
1802,台玻,11,0,11,群益金鼎-高雄,2024-10-07,9183
006206,元大上證50,10,0,10,群益金鼎-高雄,2024-10-07,9183
00671R,富邦NASDAQ反1,10,0,10,群益金鼎-高雄,2024-10-07,9183
1709,和益,10,0,10,群益金鼎-高雄,2024-10-07,9183
3094,聯傑,10,0,10,群益金鼎-高雄,2024-10-07,9183
4903,聯光通,43,33,10,群益金鼎-高雄,2024-10-07,9183
2313,華通,15,5,10,群益金鼎-高雄,2024-10-07,9183
3037,欣興,10,1,9,群益金鼎-高雄,2024-10-07,9183
9945,潤泰新,9,0,9,群益金鼎-高雄,2024-10-07,9183
1416,廣豐,9,0,9,群益金鼎-高雄,2024-10-07,9183
00656R,國泰中國A50反1,8,0,8,群益金鼎-高雄,2024-10-07,9183
1717,長興,8,0,8,群益金鼎-高雄,2024-10-07,9183
2327,國巨,10,2,8,群益金鼎-高雄,2024-10-07,9183
3322,建舜電,8,0,8,群益金鼎-高雄,2024-10-07,9183
4909,新復興,10,2,8,群益金鼎-高雄,2024-10-07,9183
2515,中工,20,12,8,群益金鼎-高雄,2024-10-07,9183
00713,元大台灣高息低波,7,0,7,群益金鼎-高雄,2024-10-07,9183
00795B,中信美國公債20年,7,0,7,群益金鼎-高雄,2024-10-07,9183
1326,台化,7,0,7,群益金鼎-高雄,2024-10-07,9183
2399,映泰,23,16,7,群益金鼎-高雄,2024-10-07,9183
6257,矽格,10,3,7,群益金鼎-高雄,2024-10-07,9183
00940,元大台灣價值高息,92,0,92,群益金鼎-高雄,2024-10-08,9183
00929,復華台灣科技優息,89,0,89,群益金鼎-高雄,2024-10-08,9183
00937B,群益ESG投等債20,89,1,88,群益金鼎-高雄,2024-10-08,9183
1314,中石化,60,0,60,群益金鼎-高雄,2024-10-08,9183
00680L,元大美債20正2,45,0,45,群益金鼎-高雄,2024-10-08,9183
3209,全科,93,53,40,群益金鼎-高雄,2024-10-08,9183
00919,群益台灣精選高息,39,0,39,群益金鼎-高雄,2024-10-08,9183
2014,中鴻,50,13,37,群益金鼎-高雄,2024-10-08,9183
00679B,元大美債20年,43,9,34,群益金鼎-高雄,2024-10-08,9183
00720B,元大投資級公司債,30,0,30,群益金鼎-高雄,2024-10-08,9183
00753L,中信中國50正2,61,36,25,群益金鼎-高雄,2024-10-08,9183
3049,精金,112,88,24,群益金鼎-高雄,2024-10-08,9183
00687B,國泰20年美債,44,21,23,群益金鼎-高雄,2024-10-08,9183
2067,嘉鋼,22,0,22,群益金鼎-高雄,2024-10-08,9183
2409,友達,22,0,22,群益金鼎-高雄,2024-10-08,9183
00712,復華富時不動產,22,0,22,群益金鼎-高雄,2024-10-08,9183
00887,永豐中國科技50大,144,123,21,群益金鼎-高雄,2024-10-08,9183
1721,三晃,20,0,20,群益金鼎-高雄,2024-10-08,9183
2834,臺企銀,20,0,20,群益金鼎-高雄,2024-10-08,9183
5864,致和證,20,0,20,群益金鼎-高雄,2024-10-08,9183
00918,大華優利高填息30,17,0,17,群益金鼎-高雄,2024-10-08,9183
00713,元大台灣高息低波,16,0,16,群益金鼎-高雄,2024-10-08,9183
2002,中鋼,29,13,16,群益金鼎-高雄,2024-10-08,9183
0056,元大高股息,34,18,16,群益金鼎-高雄,2024-10-08,9183
00706L,期元大S＆P日圓正2,15,0,15,群益金鼎-高雄,2024-10-08,9183
00946,群益科技高息成長,13,0,13,群益金鼎-高雄,2024-10-08,9183
2344,華邦電,27,15,12,群益金鼎-高雄,2024-10-08,9183
2610,華航,12,0,12,群益金鼎-高雄,2024-10-08,9183
00673R,期元大S＆P原油反1,11,0,11,群益金鼎-高雄,2024-10-08,9183
3481,群創,11,0,11,群益金鼎-高雄,2024-10-08,9183
1301,台塑,13,3,10,群益金鼎-高雄,2024-10-08,9183
5014,建錩,11,1,10,群益金鼎-高雄,2024-10-08,9183
3583,辛耘,51,41,10,群益金鼎-高雄,2024-10-08,9183
00922,國泰台灣領袖50,9,0,9,群益金鼎-高雄,2024-10-08,9183
2601,益航,39,30,9,群益金鼎-高雄,2024-10-08,9183
00878,國泰永續高股息,9,0,9,群益金鼎-高雄,2024-10-08,9183
2303,聯電,9,0,9,群益金鼎-高雄,2024-10-08,9183
3037,欣興,9,0,9,群益金鼎-高雄,2024-10-08,9183
6104,創惟,27,19,8,群益金鼎-高雄,2024-10-08,9183
2427,三商電,7,0,7,群益金鼎-高雄,2024-10-08,9183
1218,泰山,7,0,7,群益金鼎-高雄,2024-10-08,9183
2353,宏��,12,5,7,群益金鼎-高雄,2024-10-08,9183
2362,藍天,26,19,7,群益金鼎-高雄,2024-10-08,9183
3322,建舜電,7,0,7,群益金鼎-高雄,2024-10-08,9183
3591,艾笛森,11,4,7,群益金鼎-高雄,2024-10-08,9183
6116,彩晶,11,4,7,群益金鼎-高雄,2024-10-08,9183
2425,承啟,24,18,6,群益金鼎-高雄,2024-10-08,9183
00675L,富邦臺灣加權正2,6,0,6,群益金鼎-高雄,2024-10-08,9183
1569,濱川,9,3,6,群益金鼎-高雄,2024-10-08,9183
3033,威健,10,4,6,群益金鼎-高雄,2024-10-08,9183
00937B,群益ESG投等債20,125,0,125,群益金鼎-高雄,2024-10-09,9183
00637L,元大滬深300正2,262,143,119,群益金鼎-高雄,2024-10-09,9183
00753L,中信中國50正2,298,250,48,群益金鼎-高雄,2024-10-09,9183
00665L,富邦�琤肭磪囓�2,50,4,46,群益金鼎-高雄,2024-10-09,9183
3481,群創,45,1,44,群益金鼎-高雄,2024-10-09,9183
2014,中鴻,33,1,32,群益金鼎-高雄,2024-10-09,9183
3693,營邦,37,10,27,群益金鼎-高雄,2024-10-09,9183
6116,彩晶,27,0,27,群益金鼎-高雄,2024-10-09,9183
3049,精金,54,28,26,群益金鼎-高雄,2024-10-09,9183
1301,台塑,28,3,25,群益金鼎-高雄,2024-10-09,9183
00687B,國泰20年美債,22,0,22,群益金鼎-高雄,2024-10-09,9183
2356,英業達,45,24,21,群益金鼎-高雄,2024-10-09,9183
0056,元大高股息,39,18,21,群益金鼎-高雄,2024-10-09,9183
00712,復華富時不動產,20,0,20,群益金鼎-高雄,2024-10-09,9183
00671R,富邦NASDAQ反1,20,0,20,群益金鼎-高雄,2024-10-09,9183
00680L,元大美債20正2,23,3,20,群益金鼎-高雄,2024-10-09,9183
2312,金寶,20,0,20,群益金鼎-高雄,2024-10-09,9183
00679B,元大美債20年,19,0,19,群益金鼎-高雄,2024-10-09,9183
00919,群益台灣精選高息,19,1,18,群益金鼎-高雄,2024-10-09,9183
6830,汎銓,15,0,15,群益金鼎-高雄,2024-10-09,9183
4971,IET-KY,15,1,14,群益金鼎-高雄,2024-10-09,9183
00633L,富邦上証正2,32,18,14,群益金鼎-高雄,2024-10-09,9183
2436,偉詮電,23,9,14,群益金鼎-高雄,2024-10-09,9183
00706L,期元大S＆P日圓正2,12,0,12,群益金鼎-高雄,2024-10-09,9183
00935,野村臺灣新科技50,12,0,12,群益金鼎-高雄,2024-10-09,9183
1609,大亞,12,0,12,群益金鼎-高雄,2024-10-09,9183
3163,波若威,25,14,11,群益金鼎-高雄,2024-10-09,9183
00643,群益深証中小,11,0,11,群益金鼎-高雄,2024-10-09,9183
1714,和桐,11,0,11,群益金鼎-高雄,2024-10-09,9183
9907,統一實,21,10,11,群益金鼎-高雄,2024-10-09,9183
00725B,國泰投資級公司債,10,0,10,群益金鼎-高雄,2024-10-09,9183
00673R,期元大S＆P原油反1,12,2,10,群益金鼎-高雄,2024-10-09,9183
1309,台達化,10,0,10,群益金鼎-高雄,2024-10-09,9183
5905,南仁湖,10,0,10,群益金鼎-高雄,2024-10-09,9183
8150,南茂,11,1,10,群益金鼎-高雄,2024-10-09,9183
4979,華星光,18,8,10,群益金鼎-高雄,2024-10-09,9183
2425,承啟,10,1,9,群益金鼎-高雄,2024-10-09,9183
2427,三商電,9,0,9,群益金鼎-高雄,2024-10-09,9183
2618,長榮航,14,5,9,群益金鼎-高雄,2024-10-09,9183
00713,元大台灣高息低波,8,0,8,群益金鼎-高雄,2024-10-09,9183
2303,聯電,24,16,8,群益金鼎-高雄,2024-10-09,9183
2890,永豐金,8,0,8,群益金鼎-高雄,2024-10-09,9183
6207,雷科,44,36,8,群益金鼎-高雄,2024-10-09,9183
00795B,中信美國公債20年,8,0,8,群益金鼎-高雄,2024-10-09,9183
1708,東鹼,8,0,8,群益金鼎-高雄,2024-10-09,9183
2367,燿華,8,0,8,群益金鼎-高雄,2024-10-09,9183
5347,世界,10,2,8,群益金鼎-高雄,2024-10-09,9183
6155,鈞寶,8,0,8,群益金鼎-高雄,2024-10-09,9183
8112,至上,8,0,8,群益金鼎-高雄,2024-10-09,9183
4977,眾達-KY,25,17,8,群益金鼎-高雄,2024-10-09,9183
00637L,元大滬深300正2,1296,17,1279,群益金鼎-高雄,2024-10-11,9183
00929,復華台灣科技優息,88,29,59,群益金鼎-高雄,2024-10-11,9183
00945B,凱基美國非投等債,50,0,50,群益金鼎-高雄,2024-10-11,9183
00673R,期元大S＆P原油反1,45,0,45,群益金鼎-高雄,2024-10-11,9183
1569,濱川,49,5,44,群益金鼎-高雄,2024-10-11,9183
006208,富邦台50,34,0,34,群益金鼎-高雄,2024-10-11,9183
0056,元大高股息,37,10,27,群益金鼎-高雄,2024-10-11,9183
00937B,群益ESG投等債20,26,0,26,群益金鼎-高雄,2024-10-11,9183
00679B,元大美債20年,24,0,24,群益金鼎-高雄,2024-10-11,9183
2344,華邦電,24,0,24,群益金鼎-高雄,2024-10-11,9183
2014,中鴻,23,0,23,群益金鼎-高雄,2024-10-11,9183
1815,富喬,22,0,22,群益金鼎-高雄,2024-10-11,9183
1605,華新,21,0,21,群益金鼎-高雄,2024-10-11,9183
00885,富邦越南,20,0,20,群益金鼎-高雄,2024-10-11,9183
00753L,中信中國50正2,20,0,20,群益金鼎-高雄,2024-10-11,9183
1432,大魯閣,20,0,20,群益金鼎-高雄,2024-10-11,9183
4909,新復興,26,8,18,群益金鼎-高雄,2024-10-11,9183
9907,統一實,18,0,18,群益金鼎-高雄,2024-10-11,9183
3583,辛耘,31,14,17,群益金鼎-高雄,2024-10-11,9183
00680L,元大美債20正2,44,28,16,群益金鼎-高雄,2024-10-11,9183
00706L,期元大S＆P日圓正2,16,0,16,群益金鼎-高雄,2024-10-11,9183
3515,華擎,14,0,14,群益金鼎-高雄,2024-10-11,9183
4306,炎洲,14,0,14,群益金鼎-高雄,2024-10-11,9183
8150,南茂,13,0,13,群益金鼎-高雄,2024-10-11,9183
1301,台塑,12,0,12,群益金鼎-高雄,2024-10-11,9183
2409,友達,15,3,12,群益金鼎-高雄,2024-10-11,9183
3060,銘異,13,1,12,群益金鼎-高雄,2024-10-11,9183
4442,竣邦-KY,12,0,12,群益金鼎-高雄,2024-10-11,9183
2421,建準,19,7,12,群益金鼎-高雄,2024-10-11,9183
2834,臺企銀,11,0,11,群益金鼎-高雄,2024-10-11,9183
00795B,中信美國公債20年,11,0,11,群益金鼎-高雄,2024-10-11,9183
00715L,期街口布蘭特正2,13,2,11,群益金鼎-高雄,2024-10-11,9183
1584,精剛,16,5,11,群益金鼎-高雄,2024-10-11,9183
2365,昆盈,14,3,11,群益金鼎-高雄,2024-10-11,9183
2515,中工,11,0,11,群益金鼎-高雄,2024-10-11,9183
3710,連展投控,11,0,11,群益金鼎-高雄,2024-10-11,9183
5351,鈺創,12,1,11,群益金鼎-高雄,2024-10-11,9183
00636,國泰中國A50,10,0,10,群益金鼎-高雄,2024-10-11,9183
00764B,群益25年美債,10,0,10,群益金鼎-高雄,2024-10-11,9183
6431,光麗-KY,10,0,10,群益金鼎-高雄,2024-10-11,9183
5340,建榮,10,0,10,群益金鼎-高雄,2024-10-11,9183
4956,光鋐,68,59,9,群益金鼎-高雄,2024-10-11,9183
6530,創威,27,18,9,群益金鼎-高雄,2024-10-11,9183
2388,威盛,11,2,9,群益金鼎-高雄,2024-10-11,9183
2489,瑞軒,12,4,8,群益金鼎-高雄,2024-10-11,9183
2542,興富發,11,3,8,群益金鼎-高雄,2024-10-11,9183
00915,凱基優選高股息30,8,0,8,群益金鼎-高雄,2024-10-11,9183
00948B,中信優息投資級債,7,0,7,群益金鼎-高雄,2024-10-11,9183
3693,營邦,7,0,7,群益金鼎-高雄,2024-10-11,9183
1904,正隆,7,0,7,群益金鼎-高雄,2024-10-11,9183
00927,群益半導體收益,248,0,248,群益金鼎-高雄,2024-10-14,9183
00688L,國泰20年美債正2,238,20,218,群益金鼎-高雄,2024-10-14,9183
00945B,凱基美國非投等債,100,0,100,群益金鼎-高雄,2024-10-14,9183
9105,泰金寶-DR,214,130,84,群益金鼎-高雄,2024-10-14,9183
00680L,元大美債20正2,70,3,67,群益金鼎-高雄,2024-10-14,9183
00795B,中信美國公債20年,59,0,59,群益金鼎-高雄,2024-10-14,9183
00915,凱基優選高股息30,55,0,55,群益金鼎-高雄,2024-10-14,9183
00919,群益台灣精選高息,58,7,51,群益金鼎-高雄,2024-10-14,9183
5864,致和證,50,0,50,群益金鼎-高雄,2024-10-14,9183
00885,富邦越南,50,3,47,群益金鼎-高雄,2024-10-14,9183
00887,永豐中國科技50大,47,1,46,群益金鼎-高雄,2024-10-14,9183
4927,泰鼎-KY,45,0,45,群益金鼎-高雄,2024-10-14,9183
00922,國泰台灣領袖50,39,0,39,群益金鼎-高雄,2024-10-14,9183
2845,遠東銀,34,0,34,群益金鼎-高雄,2024-10-14,9183
00679B,元大美債20年,32,0,32,群益金鼎-高雄,2024-10-14,9183
3548,兆利,32,0,32,群益金鼎-高雄,2024-10-14,9183
3710,連展投控,40,8,32,群益金鼎-高雄,2024-10-14,9183
00632R,元大台灣50反1,35,8,27,群益金鼎-高雄,2024-10-14,9183
00907,永豐優息存股,25,0,25,群益金鼎-高雄,2024-10-14,9183
00713,元大台灣高息低波,26,1,25,群益金鼎-高雄,2024-10-14,9183
0056,元大高股息,28,4,24,群益金鼎-高雄,2024-10-14,9183
00937B,群益ESG投等債20,43,20,23,群益金鼎-高雄,2024-10-14,9183
1569,濱川,22,0,22,群益金鼎-高雄,2024-10-14,9183
00764B,群益25年美債,20,0,20,群益金鼎-高雄,2024-10-14,9183
4956,光鋐,62,44,18,群益金鼎-高雄,2024-10-14,9183
2834,臺企銀,20,2,18,群益金鼎-高雄,2024-10-14,9183
00706L,期元大S＆P日圓正2,16,0,16,群益金鼎-高雄,2024-10-14,9183
4401,東隆興,16,0,16,群益金鼎-高雄,2024-10-14,9183
2887,台新金,16,0,16,群益金鼎-高雄,2024-10-14,9183
6156,松上,19,4,15,群益金鼎-高雄,2024-10-14,9183
2615,萬海,25,11,14,群益金鼎-高雄,2024-10-14,9183
2349,錸德,18,4,14,群益金鼎-高雄,2024-10-14,9183
3499,環天科,14,0,14,群益金鼎-高雄,2024-10-14,9183
9136,巨騰-DR,13,0,13,群益金鼎-高雄,2024-10-14,9183
8111,立��,52,40,12,群益金鼎-高雄,2024-10-14,9183
2363,矽統,30,18,12,群益金鼎-高雄,2024-10-14,9183
2882,國泰金,13,1,12,群益金鼎-高雄,2024-10-14,9183
1314,中石化,12,0,12,群益金鼎-高雄,2024-10-14,9183
3706,神達,11,0,11,群益金鼎-高雄,2024-10-14,9183
00712,復華富時不動產,10,0,10,群益金鼎-高雄,2024-10-14,9183
1815,富喬,15,5,10,群益金鼎-高雄,2024-10-14,9183
2243,宏旭-KY,10,0,10,群益金鼎-高雄,2024-10-14,9183
5521,工信,10,0,10,群益金鼎-高雄,2024-10-14,9183
2312,金寶,84,74,10,群益金鼎-高雄,2024-10-14,9183
2547,日勝生,10,1,9,群益金鼎-高雄,2024-10-14,9183
3322,建舜電,9,0,9,群益金鼎-高雄,2024-10-14,9183
00960,野村全球航運龍頭,8,0,8,群益金鼎-高雄,2024-10-14,9183
2002,中鋼,8,1,7,群益金鼎-高雄,2024-10-14,9183
8011,台通,8,1,7,群益金鼎-高雄,2024-10-14,9183
8033,雷虎,9,2,7,群益金鼎-高雄,2024-10-14,9183
00637L,元大滬深300正2,803,17,786,群益金鼎-高雄,2024-10-15,9183
00961,FT臺灣永續高息,203,0,203,群益金鼎-高雄,2024-10-15,9183
6241,易通展,100,3,97,群益金鼎-高雄,2024-10-15,9183
00937B,群益ESG投等債20,70,0,70,群益金鼎-高雄,2024-10-15,9183
00715L,期街口布蘭特正2,64,2,62,群益金鼎-高雄,2024-10-15,9183
00882,中信中國高股息,67,12,55,群益金鼎-高雄,2024-10-15,9183
00945B,凱基美國非投等債,50,0,50,群益金鼎-高雄,2024-10-15,9183
00688L,國泰20年美債正2,49,0,49,群益金鼎-高雄,2024-10-15,9183
2399,映泰,115,75,40,群益金鼎-高雄,2024-10-15,9183
5905,南仁湖,41,1,40,群益金鼎-高雄,2024-10-15,9183
2601,益航,37,0,37,群益金鼎-高雄,2024-10-15,9183
3149,正達,91,56,35,群益金鼎-高雄,2024-10-15,9183
1309,台達化,34,0,34,群益金鼎-高雄,2024-10-15,9183
1326,台化,33,0,33,群益金鼎-高雄,2024-10-15,9183
00665L,富邦�琤肭磪囓�2,87,56,31,群益金鼎-高雄,2024-10-15,9183
1721,三晃,32,1,31,群益金鼎-高雄,2024-10-15,9183
5864,致和證,31,0,31,群益金鼎-高雄,2024-10-15,9183
00720B,元大投資級公司債,30,0,30,群益金鼎-高雄,2024-10-15,9183
1569,濱川,29,0,29,群益金鼎-高雄,2024-10-15,9183
2442,新美齊,28,0,28,群益金鼎-高雄,2024-10-15,9183
3322,建舜電,28,0,28,群益金鼎-高雄,2024-10-15,9183
2312,金寶,67,42,25,群益金鼎-高雄,2024-10-15,9183
00687B,國泰20年美債,25,0,25,群益金鼎-高雄,2024-10-15,9183
6257,矽格,34,10,24,群益金鼎-高雄,2024-10-15,9183
1314,中石化,83,60,23,群益金鼎-高雄,2024-10-15,9183
8097,常珵,23,2,21,群益金鼎-高雄,2024-10-15,9183
2888,新光金,34,14,20,群益金鼎-高雄,2024-10-15,9183
3049,精金,45,25,20,群益金鼎-高雄,2024-10-15,9183
00642U,期元大S＆P石油,20,0,20,群益金鼎-高雄,2024-10-15,9183
5438,東友,28,8,20,群益金鼎-高雄,2024-10-15,9183
4532,瑞智,20,1,19,群益金鼎-高雄,2024-10-15,9183
3013,晟銘電,35,16,19,群益金鼎-高雄,2024-10-15,9183
1301,台塑,21,3,18,群益金鼎-高雄,2024-10-15,9183
3591,艾笛森,65,47,18,群益金鼎-高雄,2024-10-15,9183
6246,臺龍,18,0,18,群益金鼎-高雄,2024-10-15,9183
8028,昇陽半導體,32,16,16,群益金鼎-高雄,2024-10-15,9183
00706L,期元大S＆P日圓正2,15,0,15,群益金鼎-高雄,2024-10-15,9183
3188,鑫龍騰,15,0,15,群益金鼎-高雄,2024-10-15,9183
2367,燿華,15,1,14,群益金鼎-高雄,2024-10-15,9183
5443,均豪,33,19,14,群益金鼎-高雄,2024-10-15,9183
1776,展宇,14,0,14,群益金鼎-高雄,2024-10-15,9183
2884,玉山金,15,1,14,群益金鼎-高雄,2024-10-15,9183
4977,眾達-KY,54,40,14,群益金鼎-高雄,2024-10-15,9183
1785,光洋科,14,1,13,群益金鼎-高雄,2024-10-15,9183
00680L,元大美債20正2,13,0,13,群益金鼎-高雄,2024-10-15,9183
2206,三陽工業,13,0,13,群益金鼎-高雄,2024-10-15,9183
6126,信音,17,4,13,群益金鼎-高雄,2024-10-15,9183
5515,建國,12,0,12,群益金鼎-高雄,2024-10-15,9183
9136,巨騰-DR,20,8,12,群益金鼎-高雄,2024-10-15,9183
00912,中信臺灣智慧50,12,0,12,群益金鼎-高雄,2024-10-15,9183
00922,國泰台灣領袖50,105,2,103,群益金鼎-高雄,2024-10-16,9183
2409,友達,87,2,85,群益金鼎-高雄,2024-10-16,9183
00918,大華優利高填息30,55,0,55,群益金鼎-高雄,2024-10-16,9183
5864,致和證,53,0,53,群益金鼎-高雄,2024-10-16,9183
1802,台玻,51,0,51,群益金鼎-高雄,2024-10-16,9183
00915,凱基優選高股息30,50,0,50,群益金鼎-高雄,2024-10-16,9183
6763,綠界科技*,55,6,49,群益金鼎-高雄,2024-10-16,9183
1101,台泥,52,10,42,群益金鼎-高雄,2024-10-16,9183
00887,永豐中國科技50大,41,0,41,群益金鼎-高雄,2024-10-16,9183
00637L,元大滬深300正2,74,35,39,群益金鼎-高雄,2024-10-16,9183
3591,艾笛森,78,40,38,群益金鼎-高雄,2024-10-16,9183
1314,中石化,58,24,34,群益金鼎-高雄,2024-10-16,9183
2439,美律,34,1,33,群益金鼎-高雄,2024-10-16,9183
6416,瑞祺電通,33,7,26,群益金鼎-高雄,2024-10-16,9183
4577,達航科技,22,0,22,群益金鼎-高雄,2024-10-16,9183
1708,東鹼,22,1,21,群益金鼎-高雄,2024-10-16,9183
00673R,期元大S＆P原油反1,20,0,20,群益金鼎-高雄,2024-10-16,9183
00895,富邦未來車,20,1,19,群益金鼎-高雄,2024-10-16,9183
00830,國泰費城半導體,20,1,19,群益金鼎-高雄,2024-10-16,9183
2883,凱基金,22,3,19,群益金鼎-高雄,2024-10-16,9183
2543,皇昌,22,6,16,群益金鼎-高雄,2024-10-16,9183
8938,明安,16,0,16,群益金鼎-高雄,2024-10-16,9183
00715L,期街口布蘭特正2,17,2,15,群益金鼎-高雄,2024-10-16,9183
00688L,國泰20年美債正2,17,2,15,群益金鼎-高雄,2024-10-16,9183
2014,中鴻,23,8,15,群益金鼎-高雄,2024-10-16,9183
006208,富邦台50,15,2,13,群益金鼎-高雄,2024-10-16,9183
2888,新光金,15,2,13,群益金鼎-高雄,2024-10-16,9183
4979,華星光,18,6,12,群益金鼎-高雄,2024-10-16,9183
2317,鴻海,33,22,11,群益金鼎-高雄,2024-10-16,9183
4908,前鼎,25,14,11,群益金鼎-高雄,2024-10-16,9183
2303,聯電,11,0,11,群益金鼎-高雄,2024-10-16,9183
3071,協禧,11,0,11,群益金鼎-高雄,2024-10-16,9183
6449,鈺邦,12,1,11,群益金鼎-高雄,2024-10-16,9183
2455,全新,15,5,10,群益金鼎-高雄,2024-10-16,9183
6274,台燿,13,3,10,群益金鼎-高雄,2024-10-16,9183
00795B,中信美國公債20年,10,0,10,群益金鼎-高雄,2024-10-16,9183
00687B,國泰20年美債,15,5,10,群益金鼎-高雄,2024-10-16,9183
1569,濱川,11,1,10,群益金鼎-高雄,2024-10-16,9183
2395,研華,10,0,10,群益金鼎-高雄,2024-10-16,9183
5202,力新,10,0,10,群益金鼎-高雄,2024-10-16,9183
6431,光麗-KY,10,0,10,群益金鼎-高雄,2024-10-16,9183
3605,宏致,9,0,9,群益金鼎-高雄,2024-10-16,9183
3711,日月光投控,13,4,9,群益金鼎-高雄,2024-10-16,9183
0056,元大高股息,68,59,9,群益金鼎-高雄,2024-10-16,9183
2330,台積電,13,4,9,群益金鼎-高雄,2024-10-16,9183
3615,安可,15,6,9,群益金鼎-高雄,2024-10-16,9183
00905,FT臺灣Smart,8,0,8,群益金鼎-高雄,2024-10-16,9183
2887,台新金,8,0,8,群益金鼎-高雄,2024-10-16,9183
1528,恩德,17,9,8,群益金鼎-高雄,2024-10-16,9183
2002,中鋼,8,0,8,群益金鼎-高雄,2024-10-16,9183
2312,金寶,146,47,99,群益金鼎-高雄,2024-10-17,9183
2845,遠東銀,88,0,88,群益金鼎-高雄,2024-10-17,9183
9105,泰金寶-DR,225,146,79,群益金鼎-高雄,2024-10-17,9183
0056,元大高股息,72,0,72,群益金鼎-高雄,2024-10-17,9183
2439,美律,51,0,51,群益金鼎-高雄,2024-10-17,9183
00887,永豐中國科技50大,43,0,43,群益金鼎-高雄,2024-10-17,9183
1522,堤維西,32,0,32,群益金鼎-高雄,2024-10-17,9183
3209,全科,44,14,30,群益金鼎-高雄,2024-10-17,9183
6568,宏觀,27,0,27,群益金鼎-高雄,2024-10-17,9183
00632R,元大台灣50反1,25,0,25,群益金鼎-高雄,2024-10-17,9183
2399,映泰,47,23,24,群益金鼎-高雄,2024-10-17,9183
00753L,中信中國50正2,24,4,20,群益金鼎-高雄,2024-10-17,9183
1569,濱川,33,13,20,群益金鼎-高雄,2024-10-17,9183
8111,立��,24,4,20,群益金鼎-高雄,2024-10-17,9183
6416,瑞祺電通,26,8,18,群益金鼎-高雄,2024-10-17,9183
2543,皇昌,24,7,17,群益金鼎-高雄,2024-10-17,9183
00922,國泰台灣領袖50,24,8,16,群益金鼎-高雄,2024-10-17,9183
3049,精金,21,5,16,群益金鼎-高雄,2024-10-17,9183
00912,中信臺灣智慧50,15,0,15,群益金鼎-高雄,2024-10-17,9183
9136,巨騰-DR,18,3,15,群益金鼎-高雄,2024-10-17,9183
2062,橋椿,13,1,12,群益金鼎-高雄,2024-10-17,9183
2308,台達電,12,0,12,群益金鼎-高雄,2024-10-17,9183
2421,建準,14,2,12,群益金鼎-高雄,2024-10-17,9183
00951,台新日本半導體,11,0,11,群益金鼎-高雄,2024-10-17,9183
00830,國泰費城半導體,11,0,11,群益金鼎-高雄,2024-10-17,9183
006208,富邦台50,11,0,11,群益金鼎-高雄,2024-10-17,9183
8374,羅昇,29,18,11,群益金鼎-高雄,2024-10-17,9183
0050,元大台灣50,14,4,10,群益金鼎-高雄,2024-10-17,9183
00946,群益科技高息成長,10,0,10,群益金鼎-高雄,2024-10-17,9183
00633L,富邦上証正2,11,1,10,群益金鼎-高雄,2024-10-17,9183
4513,福裕,10,0,10,群益金鼎-高雄,2024-10-17,9183
8163,達方,10,0,10,群益金鼎-高雄,2024-10-17,9183
3322,建舜電,9,0,9,群益金鼎-高雄,2024-10-17,9183
3498,陽程,17,8,9,群益金鼎-高雄,2024-10-17,9183
4903,聯光通,26,17,9,群益金鼎-高雄,2024-10-17,9183
1314,中石化,10,2,8,群益金鼎-高雄,2024-10-17,9183
3605,宏致,10,2,8,群益金鼎-高雄,2024-10-17,9183
6104,創惟,8,1,7,群益金鼎-高雄,2024-10-17,9183
4729,熒茂,17,10,7,群益金鼎-高雄,2024-10-17,9183
6134,萬旭,10,3,7,群益金鼎-高雄,2024-10-17,9183
2330,台積電,9,2,7,群益金鼎-高雄,2024-10-17,9183
00905,FT臺灣Smart,6,0,6,群益金鼎-高雄,2024-10-17,9183
00941,中信上游半導體,6,0,6,群益金鼎-高雄,2024-10-17,9183
6257,矽格,6,0,6,群益金鼎-高雄,2024-10-17,9183
00960,野村全球航運龍頭,14,8,6,群益金鼎-高雄,2024-10-17,9183
1473,台南,6,0,6,群益金鼎-高雄,2024-10-17,9183
3380,明泰,6,0,6,群益金鼎-高雄,2024-10-17,9183
6449,鈺邦,9,3,6,群益金鼎-高雄,2024-10-17,9183
3522,御嵿,11,5,6,群益金鼎-高雄,2024-10-17,9183
5452,佶優,54,49,5,群益金鼎-高雄,2024-10-17,9183
2439,美律,202,50,152,群益金鼎-高雄,2024-10-18,9183
0056,元大高股息,109,1,108,群益金鼎-高雄,2024-10-18,9183
00687B,國泰20年美債,97,0,97,群益金鼎-高雄,2024-10-18,9183
2883,凱基金,119,29,90,群益金鼎-高雄,2024-10-18,9183
2402,毅嘉,114,32,82,群益金鼎-高雄,2024-10-18,9183
00957B,兆豐US優選投等債,75,0,75,群益金鼎-高雄,2024-10-18,9183
6151,晉倫,65,3,62,群益金鼎-高雄,2024-10-18,9183
00900,富邦特選高股息30,60,0,60,群益金鼎-高雄,2024-10-18,9183
00632R,元大台灣50反1,50,1,49,群益金鼎-高雄,2024-10-18,9183
00937B,群益ESG投等債20,44,0,44,群益金鼎-高雄,2024-10-18,9183
00882,中信中國高股息,41,1,40,群益金鼎-高雄,2024-10-18,9183
1522,堤維西,36,0,36,群益金鼎-高雄,2024-10-18,9183
2303,聯電,34,0,34,群益金鼎-高雄,2024-10-18,9183
1569,濱川,32,0,32,群益金鼎-高雄,2024-10-18,9183
00751B,元大AAA至A公司債,31,0,31,群益金鼎-高雄,2024-10-18,9183
2449,京元電子,30,3,27,群益金鼎-高雄,2024-10-18,9183
3322,建舜電,28,2,26,群益金鼎-高雄,2024-10-18,9183
00680L,元大美債20正2,30,6,24,群益金鼎-高雄,2024-10-18,9183
6169,昱泉,23,0,23,群益金鼎-高雄,2024-10-18,9183
3583,辛耘,33,12,21,群益金鼎-高雄,2024-10-18,9183
3062,建漢,24,3,21,群益金鼎-高雄,2024-10-18,9183
2367,燿華,20,0,20,群益金鼎-高雄,2024-10-18,9183
2374,佳能,42,23,19,群益金鼎-高雄,2024-10-18,9183
2406,國碩,18,0,18,群益金鼎-高雄,2024-10-18,9183
00665L,富邦�琤肭磪囓�2,36,20,16,群益金鼎-高雄,2024-10-18,9183
3312,弘憶股,27,12,15,群益金鼎-高雄,2024-10-18,9183
2376,技嘉,17,2,15,群益金鼎-高雄,2024-10-18,9183
6188,廣明,15,0,15,群益金鼎-高雄,2024-10-18,9183
8111,立��,33,18,15,群益金鼎-高雄,2024-10-18,9183
9907,統一實,15,0,15,群益金鼎-高雄,2024-10-18,9183
4576,大銀微系統,17,5,12,群益金鼎-高雄,2024-10-18,9183
2867,三商壽,22,10,12,群益金鼎-高雄,2024-10-18,9183
6530,創威,12,0,12,群益金鼎-高雄,2024-10-18,9183
3605,宏致,11,0,11,群益金鼎-高雄,2024-10-18,9183
8110,華東,11,0,11,群益金鼎-高雄,2024-10-18,9183
9904,寶成,16,5,11,群益金鼎-高雄,2024-10-18,9183
00631L,元大台灣50正2,17,6,11,群益金鼎-高雄,2024-10-18,9183
3374,精材,19,9,10,群益金鼎-高雄,2024-10-18,9183
00951,台新日本半導體,10,0,10,群益金鼎-高雄,2024-10-18,9183
00673R,期元大S＆P原油反1,10,0,10,群益金鼎-高雄,2024-10-18,9183
00688L,國泰20年美債正2,10,0,10,群益金鼎-高雄,2024-10-18,9183
1432,大魯閣,10,0,10,群益金鼎-高雄,2024-10-18,9183
3357,臺慶科,10,0,10,群益金鼎-高雄,2024-10-18,9183
3711,日月光投控,18,8,10,群益金鼎-高雄,2024-10-18,9183
6290,良維,10,0,10,群益金鼎-高雄,2024-10-18,9183
6548,長科*,10,0,10,群益金鼎-高雄,2024-10-18,9183
2312,金寶,61,52,9,群益金鼎-高雄,2024-10-18,9183
1513,中興電,10,1,9,群益金鼎-高雄,2024-10-18,9183
2305,全友,9,0,9,群益金鼎-高雄,2024-10-18,9183
4566,時碩工業,25,16,9,群益金鼎-高雄,2024-10-18,9183
00637L,元大滬深300正2,1629,36,1593,群益金鼎-高雄,2024-10-21,9183
1528,恩德,250,1,249,群益金鼎-高雄,2024-10-21,9183
00905,FT臺灣Smart,150,0,150,群益金鼎-高雄,2024-10-21,9183
00720B,元大投資級公司債,108,0,108,群益金鼎-高雄,2024-10-21,9183
00937B,群益ESG投等債20,86,2,84,群益金鼎-高雄,2024-10-21,9183
00948B,中信優息投資級債,60,0,60,群益金鼎-高雄,2024-10-21,9183
00753L,中信中國50正2,47,2,45,群益金鼎-高雄,2024-10-21,9183
00943,兆豐電子高息等權,30,0,30,群益金鼎-高雄,2024-10-21,9183
4541,晟田,26,0,26,群益金鼎-高雄,2024-10-21,9183
2312,金寶,64,40,24,群益金鼎-高雄,2024-10-21,9183
00900,富邦特選高股息30,20,0,20,群益金鼎-高雄,2024-10-21,9183
1718,中纖,20,0,20,群益金鼎-高雄,2024-10-21,9183
1786,科妍,20,0,20,群益金鼎-高雄,2024-10-21,9183
00922,國泰台灣領袖50,19,0,19,群益金鼎-高雄,2024-10-21,9183
1708,東鹼,20,1,19,群益金鼎-高雄,2024-10-21,9183
2303,聯電,24,6,18,群益金鼎-高雄,2024-10-21,9183
6155,鈞寶,22,4,18,群益金鼎-高雄,2024-10-21,9183
2891,中信金,17,0,17,群益金鼎-高雄,2024-10-21,9183
00687B,國泰20年美債,29,12,17,群益金鼎-高雄,2024-10-21,9183
5452,佶優,39,23,16,群益金鼎-高雄,2024-10-21,9183
3548,兆利,16,0,16,群益金鼎-高雄,2024-10-21,9183
00933B,國泰10Y+金融債,15,0,15,群益金鼎-高雄,2024-10-21,9183
2439,美律,16,2,14,群益金鼎-高雄,2024-10-21,9183
3209,全科,16,2,14,群益金鼎-高雄,2024-10-21,9183
6156,松上,21,7,14,群益金鼎-高雄,2024-10-21,9183
2486,一詮,16,3,13,群益金鼎-高雄,2024-10-21,9183
2882,國泰金,12,1,11,群益金鼎-高雄,2024-10-21,9183
2002,中鋼,29,18,11,群益金鼎-高雄,2024-10-21,9183
3515,華擎,11,0,11,群益金鼎-高雄,2024-10-21,9183
2634,漢翔,10,0,10,群益金鼎-高雄,2024-10-21,9183
00632R,元大台灣50反1,10,0,10,群益金鼎-高雄,2024-10-21,9183
00953B,群益優選非投等債,20,10,10,群益金鼎-高雄,2024-10-21,9183
8064,東捷,80,70,10,群益金鼎-高雄,2024-10-21,9183
8210,勤誠,10,0,10,群益金鼎-高雄,2024-10-21,9183
9904,寶成,13,4,9,群益金鼎-高雄,2024-10-21,9183
6532,瑞耘,13,5,8,群益金鼎-高雄,2024-10-21,9183
6531,愛普*,10,2,8,群益金鼎-高雄,2024-10-21,9183
00679B,元大美債20年,47,40,7,群益金鼎-高雄,2024-10-21,9183
3013,晟銘電,24,17,7,群益金鼎-高雄,2024-10-21,9183
00958B,永豐ESG銀行債15,7,0,7,群益金鼎-高雄,2024-10-21,9183
4977,眾達-KY,7,0,7,群益金鼎-高雄,2024-10-21,9183
2421,建準,11,4,7,群益金鼎-高雄,2024-10-21,9183
00915,凱基優選高股息30,6,0,6,群益金鼎-高雄,2024-10-21,9183
1815,富喬,12,6,6,群益金鼎-高雄,2024-10-21,9183
4190,佐登-KY,13,7,6,群益金鼎-高雄,2024-10-21,9183
4566,時碩工業,11,5,6,群益金鼎-高雄,2024-10-21,9183
5392,能率,8,2,6,群益金鼎-高雄,2024-10-21,9183
00680L,元大美債20正2,5,0,5,群益金鼎-高雄,2024-10-21,9183
6274,台燿,6,1,5,群益金鼎-高雄,2024-10-21,9183
3693,營邦,5,0,5,群益金鼎-高雄,2024-10-21,9183
00937B,群益ESG投等債20,559,26,533,群益金鼎-高雄,2024-10-22,9183
00948B,中信優息投資級債,138,0,138,群益金鼎-高雄,2024-10-22,9183
2439,美律,130,0,130,群益金鼎-高雄,2024-10-22,9183
00679B,元大美債20年,127,0,127,群益金鼎-高雄,2024-10-22,9183
4716,大立,160,34,126,群益金鼎-高雄,2024-10-22,9183
00687B,國泰20年美債,133,50,83,群益金鼎-高雄,2024-10-22,9183
1708,東鹼,80,0,80,群益金鼎-高雄,2024-10-22,9183
00918,大華優利高填息30,79,3,76,群益金鼎-高雄,2024-10-22,9183
2883,凱基金,94,31,63,群益金鼎-高雄,2024-10-22,9183
2888,新光金,84,27,57,群益金鼎-高雄,2024-10-22,9183
2363,矽統,73,19,54,群益金鼎-高雄,2024-10-22,9183
00929,復華台灣科技優息,46,1,45,群益金鼎-高雄,2024-10-22,9183
3581,博磊,46,1,45,群益金鼎-高雄,2024-10-22,9183
2303,聯電,35,2,33,群益金鼎-高雄,2024-10-22,9183
4729,熒茂,66,35,31,群益金鼎-高雄,2024-10-22,9183
00953B,群益優選非投等債,30,0,30,群益金鼎-高雄,2024-10-22,9183
00933B,國泰10Y+金融債,29,0,29,群益金鼎-高雄,2024-10-22,9183
3550,聯穎,42,16,26,群益金鼎-高雄,2024-10-22,9183
1301,台塑,24,1,23,群益金鼎-高雄,2024-10-22,9183
6763,綠界科技*,32,10,22,群益金鼎-高雄,2024-10-22,9183
00943,兆豐電子高息等權,22,0,22,群益金鼎-高雄,2024-10-22,9183
1786,科妍,22,0,22,群益金鼎-高雄,2024-10-22,9183
00934,中信成長高股息,20,0,20,群益金鼎-高雄,2024-10-22,9183
2887,台新金,30,10,20,群益金鼎-高雄,2024-10-22,9183
00706L,期元大S＆P日圓正2,17,0,17,群益金鼎-高雄,2024-10-22,9183
4541,晟田,19,2,17,群益金鼎-高雄,2024-10-22,9183
3290,東浦,17,1,16,群益金鼎-高雄,2024-10-22,9183
4540,全球傳動,29,13,16,群益金鼎-高雄,2024-10-22,9183
00712,復華富時不動產,15,0,15,群益金鼎-高雄,2024-10-22,9183
2243,宏旭-KY,15,0,15,群益金鼎-高雄,2024-10-22,9183
2453,凌群,21,7,14,群益金鼎-高雄,2024-10-22,9183
00919,群益台灣精選高息,14,1,13,群益金鼎-高雄,2024-10-22,9183
3189,景碩,33,20,13,群益金鼎-高雄,2024-10-22,9183
00795B,中信美國公債20年,12,0,12,群益金鼎-高雄,2024-10-22,9183
2613,中櫃,12,0,12,群益金鼎-高雄,2024-10-22,9183
3062,建漢,12,0,12,群益金鼎-高雄,2024-10-22,9183
00631L,元大台灣50正2,11,0,11,群益金鼎-高雄,2024-10-22,9183
5315,光聯,15,4,11,群益金鼎-高雄,2024-10-22,9183
8996,高力,12,1,11,群益金鼎-高雄,2024-10-22,9183
00927,群益半導體收益,10,0,10,群益金鼎-高雄,2024-10-22,9183
2330,台積電,11,1,10,群益金鼎-高雄,2024-10-22,9183
3167,大量,10,0,10,群益金鼎-高雄,2024-10-22,9183
00751B,元大AAA至A公司債,9,0,9,群益金鼎-高雄,2024-10-22,9183
00959B,大華投等美債15Y+,9,0,9,群益金鼎-高雄,2024-10-22,9183
4979,華星光,11,3,8,群益金鼎-高雄,2024-10-22,9183
00947,台新臺灣IC設計,8,0,8,群益金鼎-高雄,2024-10-22,9183
3615,安可,34,26,8,群益金鼎-高雄,2024-10-22,9183
1597,直得,14,6,8,群益金鼎-高雄,2024-10-22,9183
2388,威盛,8,0,8,群益金鼎-高雄,2024-10-22,9183
3041,揚智,9,2,7,群益金鼎-高雄,2024-10-22,9183
00637L,元大滬深300正2,305,132,173,群益金鼎-高雄,2024-10-23,9183
00937B,群益ESG投等債20,73,0,73,群益金鼎-高雄,2024-10-23,9183
1569,濱川,74,6,68,群益金鼎-高雄,2024-10-23,9183
2303,聯電,66,8,58,群益金鼎-高雄,2024-10-23,9183
2883,凱基金,50,0,50,群益金鼎-高雄,2024-10-23,9183
4720,德淵,50,0,50,群益金鼎-高雄,2024-10-23,9183
9105,泰金寶-DR,35,0,35,群益金鼎-高雄,2024-10-23,9183
00878,國泰永續高股息,25,0,25,群益金鼎-高雄,2024-10-23,9183
00631L,元大台灣50正2,23,0,23,群益金鼎-高雄,2024-10-23,9183
00712,復華富時不動產,23,0,23,群益金鼎-高雄,2024-10-23,9183
2618,長榮航,31,9,22,群益金鼎-高雄,2024-10-23,9183
00951,台新日本半導體,22,0,22,群益金鼎-高雄,2024-10-23,9183
6770,力積電,32,11,21,群益金鼎-高雄,2024-10-23,9183
00929,復華台灣科技優息,22,1,21,群益金鼎-高雄,2024-10-23,9183
2104,國際中橡,20,0,20,群益金鼎-高雄,2024-10-23,9183
6548,長科*,20,0,20,群益金鼎-高雄,2024-10-23,9183
4743,合一,19,0,19,群益金鼎-高雄,2024-10-23,9183
00891,中信關鍵半導體,26,8,18,群益金鼎-高雄,2024-10-23,9183
00688L,國泰20年美債正2,17,0,17,群益金鼎-高雄,2024-10-23,9183
00887,永豐中國科技50大,21,5,16,群益金鼎-高雄,2024-10-23,9183
00675L,富邦臺灣加權正2,16,0,16,群益金鼎-高雄,2024-10-23,9183
8249,菱光,21,6,15,群益金鼎-高雄,2024-10-23,9183
3523,迎輝,15,0,15,群益金鼎-高雄,2024-10-23,9183
4527,方土霖,38,23,15,群益金鼎-高雄,2024-10-23,9183
9907,統一實,15,0,15,群益金鼎-高雄,2024-10-23,9183
00919,群益台灣精選高息,21,6,15,群益金鼎-高雄,2024-10-23,9183
6156,松上,34,19,15,群益金鼎-高雄,2024-10-23,9183
1301,台塑,14,0,14,群益金鼎-高雄,2024-10-23,9183
2409,友達,29,15,14,群益金鼎-高雄,2024-10-23,9183
00680L,元大美債20正2,13,0,13,群益金鼎-高雄,2024-10-23,9183
2834,臺企銀,24,11,13,群益金鼎-高雄,2024-10-23,9183
00934,中信成長高股息,12,0,12,群益金鼎-高雄,2024-10-23,9183
00720B,元大投資級公司債,12,0,12,群益金鼎-高雄,2024-10-23,9183
1595,川寶,38,26,12,群益金鼎-高雄,2024-10-23,9183
3711,日月光投控,14,2,12,群益金鼎-高雄,2024-10-23,9183
2809,京城銀,11,0,11,群益金鼎-高雄,2024-10-23,9183
2449,京元電子,20,9,11,群益金鼎-高雄,2024-10-23,9183
1711,永光,24,13,11,群益金鼎-高雄,2024-10-23,9183
3031,佰鴻,11,0,11,群益金鼎-高雄,2024-10-23,9183
3615,安可,11,0,11,群益金鼎-高雄,2024-10-23,9183
0056,元大高股息,11,0,11,群益金鼎-高雄,2024-10-23,9183
00900,富邦特選高股息30,10,0,10,群益金鼎-高雄,2024-10-23,9183
00665L,富邦�琤肭磪囓�2,10,0,10,群益金鼎-高雄,2024-10-23,9183
2426,鼎元,13,3,10,群益金鼎-高雄,2024-10-23,9183
3515,華擎,10,0,10,群益金鼎-高雄,2024-10-23,9183
4541,晟田,10,0,10,群益金鼎-高雄,2024-10-23,9183
00713,元大台灣高息低波,10,0,10,群益金鼎-高雄,2024-10-23,9183
00932,兆豐永續高息等權,9,0,9,群益金鼎-高雄,2024-10-23,9183
00643,群益深証中小,16,7,9,群益金鼎-高雄,2024-10-23,9183
2105,正新,9,0,9,群益金鼎-高雄,2024-10-23,9183
00937B,群益ESG投等債20,166,7,159,群益金鼎-高雄,2024-10-24,9183
2323,中環,120,0,120,群益金鼎-高雄,2024-10-24,9183
2888,新光金,108,7,101,群益金鼎-高雄,2024-10-24,9183
00919,群益台灣精選高息,74,0,74,群益金鼎-高雄,2024-10-24,9183
00915,凱基優選高股息30,62,0,62,群益金鼎-高雄,2024-10-24,9183
8938,明安,55,2,53,群益金鼎-高雄,2024-10-24,9183
00958B,永豐ESG銀行債15,51,0,51,群益金鼎-高雄,2024-10-24,9183
4720,德淵,50,0,50,群益金鼎-高雄,2024-10-24,9183
1540,喬福,57,8,49,群益金鼎-高雄,2024-10-24,9183
00643,群益深証中小,40,0,40,群益金鼎-高雄,2024-10-24,9183
00688L,國泰20年美債正2,38,0,38,群益金鼎-高雄,2024-10-24,9183
1802,台玻,75,38,37,群益金鼎-高雄,2024-10-24,9183
1569,濱川,46,10,36,群益金鼎-高雄,2024-10-24,9183
3481,群創,42,6,36,群益金鼎-高雄,2024-10-24,9183
2317,鴻海,56,21,35,群益金鼎-高雄,2024-10-24,9183
2329,華泰,41,6,35,群益金鼎-高雄,2024-10-24,9183
9907,統一實,30,0,30,群益金鼎-高雄,2024-10-24,9183
0056,元大高股息,73,43,30,群益金鼎-高雄,2024-10-24,9183
2303,聯電,29,0,29,群益金鼎-高雄,2024-10-24,9183
00675L,富邦臺灣加權正2,29,0,29,群益金鼎-高雄,2024-10-24,9183
3231,緯創,37,10,27,群益金鼎-高雄,2024-10-24,9183
3548,兆利,27,0,27,群益金鼎-高雄,2024-10-24,9183
3605,宏致,31,4,27,群益金鼎-高雄,2024-10-24,9183
00878,國泰永續高股息,28,3,25,群益金鼎-高雄,2024-10-24,9183
00713,元大台灣高息低波,29,5,24,群益金鼎-高雄,2024-10-24,9183
1301,台塑,21,0,21,群益金鼎-高雄,2024-10-24,9183
2809,京城銀,20,0,20,群益金鼎-高雄,2024-10-24,9183
00712,復華富時不動產,20,0,20,群益金鼎-高雄,2024-10-24,9183
1589,永冠-KY,20,0,20,群益金鼎-高雄,2024-10-24,9183
2104,國際中橡,20,0,20,群益金鼎-高雄,2024-10-24,9183
6548,長科*,20,0,20,群益金鼎-高雄,2024-10-24,9183
00706L,期元大S＆P日圓正2,18,0,18,群益金鼎-高雄,2024-10-24,9183
4541,晟田,25,7,18,群益金鼎-高雄,2024-10-24,9183
3689,湧德,20,5,15,群益金鼎-高雄,2024-10-24,9183
6770,力積電,16,1,15,群益金鼎-高雄,2024-10-24,9183
4903,聯光通,18,4,14,群益金鼎-高雄,2024-10-24,9183
6116,彩晶,13,0,13,群益金鼎-高雄,2024-10-24,9183
00943,兆豐電子高息等權,13,0,13,群益金鼎-高雄,2024-10-24,9183
3033,威健,14,1,13,群益金鼎-高雄,2024-10-24,9183
6763,綠界科技*,46,33,13,群益金鼎-高雄,2024-10-24,9183
6530,創威,13,2,11,群益金鼎-高雄,2024-10-24,9183
1504,東元,11,0,11,群益金鼎-高雄,2024-10-24,9183
1612,宏泰,11,0,11,群益金鼎-高雄,2024-10-24,9183
4561,健椿,12,1,11,群益金鼎-高雄,2024-10-24,9183
2388,威盛,14,3,11,群益金鼎-高雄,2024-10-24,9183
1785,光洋科,12,1,11,群益金鼎-高雄,2024-10-24,9183
2352,佳世達,10,0,10,群益金鼎-高雄,2024-10-24,9183
00632R,元大台灣50反1,10,0,10,群益金鼎-高雄,2024-10-24,9183
00945B,凱基美國非投等債,10,0,10,群益金鼎-高雄,2024-10-24,9183
00948B,中信優息投資級債,10,0,10,群益金鼎-高雄,2024-10-24,9183
00632R,元大台灣50反1,4491,0,4491,群益金鼎-高雄,2024-10-25,9183
00959B,大華投等美債15Y+,269,0,269,群益金鼎-高雄,2024-10-25,9183
00929,復華台灣科技優息,154,7,147,群益金鼎-高雄,2024-10-25,9183
00937B,群益ESG投等債20,144,10,134,群益金鼎-高雄,2024-10-25,9183
2646,星宇航空,132,25,107,群益金鼎-高雄,2024-10-25,9183
4720,德淵,70,0,70,群益金鼎-高雄,2024-10-25,9183
2845,遠東銀,60,0,60,群益金鼎-高雄,2024-10-25,9183
6770,力積電,44,3,41,群益金鼎-高雄,2024-10-25,9183
00918,大華優利高填息30,51,12,39,群益金鼎-高雄,2024-10-25,9183
9907,統一實,32,0,32,群益金鼎-高雄,2024-10-25,9183
8938,明安,29,0,29,群益金鼎-高雄,2024-10-25,9183
2344,華邦電,29,5,24,群益金鼎-高雄,2024-10-25,9183
2303,聯電,23,0,23,群益金鼎-高雄,2024-10-25,9183
6546,正基,22,0,22,群益金鼎-高雄,2024-10-25,9183
1605,華新,22,1,21,群益金鼎-高雄,2024-10-25,9183
00933B,國泰10Y+金融債,20,0,20,群益金鼎-高雄,2024-10-25,9183
00891,中信關鍵半導體,31,11,20,群益金鼎-高雄,2024-10-25,9183
1569,濱川,20,1,19,群益金鼎-高雄,2024-10-25,9183
2542,興富發,19,1,18,群益金鼎-高雄,2024-10-25,9183
5347,世界,20,2,18,群益金鼎-高雄,2024-10-25,9183
3060,銘異,17,1,16,群益金鼎-高雄,2024-10-25,9183
5521,工信,14,0,14,群益金鼎-高雄,2024-10-25,9183
8249,菱光,40,27,13,群益金鼎-高雄,2024-10-25,9183
6235,華孚,20,7,13,群益金鼎-高雄,2024-10-25,9183
6213,聯茂,15,3,12,群益金鼎-高雄,2024-10-25,9183
00680L,元大美債20正2,15,3,12,群益金鼎-高雄,2024-10-25,9183
3551,世禾,19,7,12,群益金鼎-高雄,2024-10-25,9183
2809,京城銀,11,0,11,群益金鼎-高雄,2024-10-25,9183
2477,美隆電,210,199,11,群益金鼎-高雄,2024-10-25,9183
6451,訊芯-KY,11,1,10,群益金鼎-高雄,2024-10-25,9183
00948B,中信優息投資級債,10,0,10,群益金鼎-高雄,2024-10-25,9183
1316,上曜,10,0,10,群益金鼎-高雄,2024-10-25,9183
2329,華泰,13,4,9,群益金鼎-高雄,2024-10-25,9183
8096,擎亞,16,7,9,群益金鼎-高雄,2024-10-25,9183
2427,三商電,9,2,7,群益金鼎-高雄,2024-10-25,9183
2462,良得電,7,0,7,群益金鼎-高雄,2024-10-25,9183
3406,玉晶光,46,39,7,群益金鼎-高雄,2024-10-25,9183
4153,鈺緯,7,0,7,群益金鼎-高雄,2024-10-25,9183
4303,信立,7,0,7,群益金鼎-高雄,2024-10-25,9183
8374,羅昇,7,0,7,群益金鼎-高雄,2024-10-25,9183
2412,中華電,6,0,6,群益金鼎-高雄,2024-10-25,9183
3038,全台,8,2,6,群益金鼎-高雄,2024-10-25,9183
4527,方土霖,8,2,6,群益金鼎-高雄,2024-10-25,9183
6116,彩晶,6,0,6,群益金鼎-高雄,2024-10-25,9183
6117,迎廣,9,3,6,群益金鼎-高雄,2024-10-25,9183
8027,鈦昇,17,11,6,群益金鼎-高雄,2024-10-25,9183
2884,玉山金,6,1,5,群益金鼎-高雄,2024-10-25,9183
00960,野村全球航運龍頭,5,0,5,群益金鼎-高雄,2024-10-25,9183
2374,佳能,6,1,5,群益金鼎-高雄,2024-10-25,9183
2457,飛宏,5,0,5,群益金鼎-高雄,2024-10-25,9183
00706L,期元大S＆P日圓正2,203,0,203,群益金鼎-高雄,2024-10-28,9183
00643,群益深証中小,235,55,180,群益金鼎-高雄,2024-10-28,9183
00937B,群益ESG投等債20,112,0,112,群益金鼎-高雄,2024-10-28,9183
00929,復華台灣科技優息,117,9,108,群益金鼎-高雄,2024-10-28,9183
00720B,元大投資級公司債,103,0,103,群益金鼎-高雄,2024-10-28,9183
2303,聯電,89,0,89,群益金鼎-高雄,2024-10-28,9183
00687B,國泰20年美債,70,0,70,群益金鼎-高雄,2024-10-28,9183
4720,德淵,67,0,67,群益金鼎-高雄,2024-10-28,9183
00679B,元大美債20年,51,8,43,群益金鼎-高雄,2024-10-28,9183
00959B,大華投等美債15Y+,218,177,41,群益金鼎-高雄,2024-10-28,9183
00795B,中信美國公債20年,40,0,40,群益金鼎-高雄,2024-10-28,9183
6164,華興,40,2,38,群益金鼎-高雄,2024-10-28,9183
1569,濱川,33,0,33,群益金鼎-高雄,2024-10-28,9183
6770,力積電,31,0,31,群益金鼎-高雄,2024-10-28,9183
00715L,期街口布蘭特正2,44,14,30,群益金鼎-高雄,2024-10-28,9183
00688L,國泰20年美債正2,30,0,30,群益金鼎-高雄,2024-10-28,9183
00633L,富邦上証正2,25,0,25,群益金鼎-高雄,2024-10-28,9183
6191,精成科,26,4,22,群益金鼎-高雄,2024-10-28,9183
6288,聯嘉,50,29,21,群益金鼎-高雄,2024-10-28,9183
2603,長榮,21,1,20,群益金鼎-高雄,2024-10-28,9183
00933B,國泰10Y+金融債,20,0,20,群益金鼎-高雄,2024-10-28,9183
3548,兆利,20,0,20,群益金鼎-高雄,2024-10-28,9183
9907,統一實,20,0,20,群益金鼎-高雄,2024-10-28,9183
3687,歐買尬,23,4,19,群益金鼎-高雄,2024-10-28,9183
00919,群益台灣精選高息,16,0,16,群益金鼎-高雄,2024-10-28,9183
8074,鉅橡,19,3,16,群益金鼎-高雄,2024-10-28,9183
1449,佳和,73,59,14,群益金鼎-高雄,2024-10-28,9183
3062,建漢,13,0,13,群益金鼎-高雄,2024-10-28,9183
2890,永豐金,12,0,12,群益金鼎-高雄,2024-10-28,9183
3038,全台,11,0,11,群益金鼎-高雄,2024-10-28,9183
4919,新唐,12,1,11,群益金鼎-高雄,2024-10-28,9183
4979,華星光,13,2,11,群益金鼎-高雄,2024-10-28,9183
2882,國泰金,11,0,11,群益金鼎-高雄,2024-10-28,9183
2457,飛宏,10,0,10,群益金鼎-高雄,2024-10-28,9183
6180,橘子,10,0,10,群益金鼎-高雄,2024-10-28,9183
00900,富邦特選高股息30,10,0,10,群益金鼎-高雄,2024-10-28,9183
1584,精剛,9,0,9,群益金鼎-高雄,2024-10-28,9183
2393,億光,17,8,9,群益金鼎-高雄,2024-10-28,9183
2855,統一證,9,0,9,群益金鼎-高雄,2024-10-28,9183
6125,廣運,10,1,9,群益金鼎-高雄,2024-10-28,9183
00946,群益科技高息成長,8,0,8,群益金鼎-高雄,2024-10-28,9183
2409,友達,8,0,8,群益金鼎-高雄,2024-10-28,9183
6285,啟��,7,0,7,群益金鼎-高雄,2024-10-28,9183
6761,穩得,7,0,7,群益金鼎-高雄,2024-10-28,9183
5521,工信,7,0,7,群益金鼎-高雄,2024-10-28,9183
6742,澤米,10,4,6,群益金鼎-高雄,2024-10-28,9183
3689,湧德,6,0,6,群益金鼎-高雄,2024-10-28,9183
4542,科嶠,7,1,6,群益金鼎-高雄,2024-10-28,9183
2354,鴻準,23,17,6,群益金鼎-高雄,2024-10-28,9183
6235,華孚,43,37,6,群益金鼎-高雄,2024-10-28,9183
00929,復華台灣科技優息,213,12,201,群益金鼎-高雄,2024-10-29,9183
00919,群益台灣精選高息,184,0,184,群益金鼎-高雄,2024-10-29,9183
00637L,元大滬深300正2,215,107,108,群益金鼎-高雄,2024-10-29,9183
2845,遠東銀,73,0,73,群益金鼎-高雄,2024-10-29,9183
8044,網家,76,4,72,群益金鼎-高雄,2024-10-29,9183
1326,台化,57,0,57,群益金鼎-高雄,2024-10-29,9183
00958B,永豐ESG銀行債15,55,0,55,群益金鼎-高雄,2024-10-29,9183
00878,國泰永續高股息,54,0,54,群益金鼎-高雄,2024-10-29,9183
2303,聯電,51,1,50,群益金鼎-高雄,2024-10-29,9183
00945B,凱基美國非投等債,50,0,50,群益金鼎-高雄,2024-10-29,9183
2317,鴻海,67,17,50,群益金鼎-高雄,2024-10-29,9183
8938,明安,45,0,45,群益金鼎-高雄,2024-10-29,9183
2618,長榮航,52,9,43,群益金鼎-高雄,2024-10-29,9183
2834,臺企銀,41,0,41,群益金鼎-高雄,2024-10-29,9183
00922,國泰台灣領袖50,39,0,39,群益金鼎-高雄,2024-10-29,9183
0056,元大高股息,35,0,35,群益金鼎-高雄,2024-10-29,9183
2883,凱基金,34,0,34,群益金鼎-高雄,2024-10-29,9183
00688L,國泰20年美債正2,33,0,33,群益金鼎-高雄,2024-10-29,9183
006208,富邦台50,34,1,33,群益金鼎-高雄,2024-10-29,9183
00712,復華富時不動產,33,0,33,群益金鼎-高雄,2024-10-29,9183
2867,三商壽,32,0,32,群益金鼎-高雄,2024-10-29,9183
6811,宏�硌穈T,31,0,31,群益金鼎-高雄,2024-10-29,9183
4532,瑞智,25,0,25,群益金鼎-高雄,2024-10-29,9183
6770,力積電,24,0,24,群益金鼎-高雄,2024-10-29,9183
9907,統一實,22,0,22,群益金鼎-高雄,2024-10-29,9183
00904,新光臺灣半導體30,20,0,20,群益金鼎-高雄,2024-10-29,9183
00753L,中信中國50正2,20,0,20,群益金鼎-高雄,2024-10-29,9183
6548,長科*,21,1,20,群益金鼎-高雄,2024-10-29,9183
00715L,期街口布蘭特正2,19,0,19,群益金鼎-高雄,2024-10-29,9183
6274,台燿,18,0,18,群益金鼎-高雄,2024-10-29,9183
1301,台塑,21,3,18,群益金鼎-高雄,2024-10-29,9183
00940,元大台灣價值高息,23,5,18,群益金鼎-高雄,2024-10-29,9183
2344,華邦電,17,0,17,群益金鼎-高雄,2024-10-29,9183
8074,鉅橡,17,0,17,群益金鼎-高雄,2024-10-29,9183
4977,眾達-KY,17,1,16,群益金鼎-高雄,2024-10-29,9183
1218,泰山,15,0,15,群益金鼎-高雄,2024-10-29,9183
6719,力智,15,0,15,群益金鼎-高雄,2024-10-29,9183
3290,東浦,16,2,14,群益金鼎-高雄,2024-10-29,9183
6104,創惟,21,7,14,群益金鼎-高雄,2024-10-29,9183
1708,東鹼,13,0,13,群益金鼎-高雄,2024-10-29,9183
6191,精成科,27,14,13,群益金鼎-高雄,2024-10-29,9183
2477,美隆電,16,3,13,群益金鼎-高雄,2024-10-29,9183
00939,統一台灣高息動能,12,0,12,群益金鼎-高雄,2024-10-29,9183
00643,群益深証中小,351,339,12,群益金鼎-高雄,2024-10-29,9183
3049,精金,12,0,12,群益金鼎-高雄,2024-10-29,9183
3715,定穎投控,13,2,11,群益金鼎-高雄,2024-10-29,9183
00946,群益科技高息成長,10,0,10,群益金鼎-高雄,2024-10-29,9183
3006,晶豪科,10,0,10,群益金鼎-高雄,2024-10-29,9183
6697,東捷資訊,11,1,10,群益金鼎-高雄,2024-10-29,9183
6425,易發,14,4,10,群益金鼎-高雄,2024-10-29,9183
00632R,元大台灣50反1,2822,5,2817,群益金鼎-高雄,2024-10-30,9183
00753L,中信中國50正2,106,3,103,群益金鼎-高雄,2024-10-30,9183
00937B,群益ESG投等債20,106,5,101,群益金鼎-高雄,2024-10-30,9183
2439,美律,102,1,101,群益金鼎-高雄,2024-10-30,9183
00940,元大台灣價值高息,106,17,89,群益金鼎-高雄,2024-10-30,9183
00643,群益深証中小,356,281,75,群益金鼎-高雄,2024-10-30,9183
1708,東鹼,65,13,52,群益金鼎-高雄,2024-10-30,9183
1616,億泰,45,1,44,群益金鼎-高雄,2024-10-30,9183
00882,中信中國高股息,34,0,34,群益金鼎-高雄,2024-10-30,9183
00929,復華台灣科技優息,41,9,32,群益金鼎-高雄,2024-10-30,9183
2337,旺宏,36,5,31,群益金鼎-高雄,2024-10-30,9183
00934,中信成長高股息,31,2,29,群益金鼎-高雄,2024-10-30,9183
2352,佳世達,28,0,28,群益金鼎-高雄,2024-10-30,9183
3481,群創,41,19,22,群益金鼎-高雄,2024-10-30,9183
2431,聯昌,20,0,20,群益金鼎-高雄,2024-10-30,9183
6180,橘子,20,0,20,群益金鼎-高雄,2024-10-30,9183
00712,復華富時不動產,19,0,19,群益金鼎-高雄,2024-10-30,9183
2618,長榮航,26,7,19,群益金鼎-高雄,2024-10-30,9183
6257,矽格,28,10,18,群益金鼎-高雄,2024-10-30,9183
00878,國泰永續高股息,18,2,16,群益金鼎-高雄,2024-10-30,9183
006208,富邦台50,14,0,14,群益金鼎-高雄,2024-10-30,9183
6770,力積電,14,0,14,群益金鼎-高雄,2024-10-30,9183
0056,元大高股息,15,2,13,群益金鼎-高雄,2024-10-30,9183
00633L,富邦上証正2,12,0,12,群益金鼎-高雄,2024-10-30,9183
00915,凱基優選高股息30,12,0,12,群益金鼎-高雄,2024-10-30,9183
00919,群益台灣精選高息,12,0,12,群益金鼎-高雄,2024-10-30,9183
3325,旭品,15,4,11,群益金鼎-高雄,2024-10-30,9183
3663,鑫科,14,3,11,群益金鼎-高雄,2024-10-30,9183
4532,瑞智,41,30,11,群益金鼎-高雄,2024-10-30,9183
5386,青雲,24,14,10,群益金鼎-高雄,2024-10-30,9183
6506,雙邦,10,0,10,群益金鼎-高雄,2024-10-30,9183
00665L,富邦�琤肭磪囓�2,37,28,9,群益金鼎-高雄,2024-10-30,9183
2316,楠梓電,10,1,9,群益金鼎-高雄,2024-10-30,9183
6108,競國,9,0,9,群益金鼎-高雄,2024-10-30,9183
2327,國巨,16,8,8,群益金鼎-高雄,2024-10-30,9183
3037,欣興,25,17,8,群益金鼎-高雄,2024-10-30,9183
00715L,期街口布蘭特正2,23,15,8,群益金鼎-高雄,2024-10-30,9183
2646,星宇航空,9,1,8,群益金鼎-高雄,2024-10-30,9183
1528,恩德,141,134,7,群益金鼎-高雄,2024-10-30,9183
2880,華南金,7,0,7,群益金鼎-高雄,2024-10-30,9183
2495,普安,7,1,6,群益金鼎-高雄,2024-10-30,9183
00943,兆豐電子高息等權,6,0,6,群益金鼎-高雄,2024-10-30,9183
00918,大華優利高填息30,6,0,6,群益金鼎-高雄,2024-10-30,9183
2399,映泰,18,12,6,群益金鼎-高雄,2024-10-30,9183
4716,大立,10,4,6,群益金鼎-高雄,2024-10-30,9183
5314,世紀,6,0,6,群益金鼎-高雄,2024-10-30,9183
6706,惠特,7,1,6,群益金鼎-高雄,2024-10-30,9183
5438,東友,6,1,5,群益金鼎-高雄,2024-10-30,9183
00688L,國泰20年美債正2,5,0,5,群益金鼎-高雄,2024-10-30,9183
00946,群益科技高息成長,5,0,5,群益金鼎-高雄,2024-10-30,9183
00959B,大華投等美債15Y+,104,0,104,群益金鼎-高雄,2024-11-01,9183
2303,聯電,109,13,96,群益金鼎-高雄,2024-11-01,9183
1708,東鹼,75,0,75,群益金鼎-高雄,2024-11-01,9183
8044,網家,74,0,74,群益金鼎-高雄,2024-11-01,9183
00878,國泰永續高股息,73,0,73,群益金鼎-高雄,2024-11-01,9183
00953B,群益優選非投等債,80,10,70,群益金鼎-高雄,2024-11-01,9183
2834,臺企銀,53,0,53,群益金鼎-高雄,2024-11-01,9183
00945B,凱基美國非投等債,48,0,48,群益金鼎-高雄,2024-11-01,9183
00915,凱基優選高股息30,41,0,41,群益金鼎-高雄,2024-11-01,9183
2034,允強,40,1,39,群益金鼎-高雄,2024-11-01,9183
00946,群益科技高息成長,39,3,36,群益金鼎-高雄,2024-11-01,9183
1438,三地開發,36,0,36,群益金鼎-高雄,2024-11-01,9183
00940,元大台灣價值高息,41,8,33,群益金鼎-高雄,2024-11-01,9183
2887,台新金,32,0,32,群益金鼎-高雄,2024-11-01,9183
00720B,元大投資級公司債,30,0,30,群益金鼎-高雄,2024-11-01,9183
2884,玉山金,30,1,29,群益金鼎-高雄,2024-11-01,9183
00680L,元大美債20正2,28,0,28,群益金鼎-高雄,2024-11-01,9183
1569,濱川,31,3,28,群益金鼎-高雄,2024-11-01,9183
00941,中信上游半導體,27,0,27,群益金鼎-高雄,2024-11-01,9183
2317,鴻海,36,9,27,群益金鼎-高雄,2024-11-01,9183
00929,復華台灣科技優息,27,2,25,群益金鼎-高雄,2024-11-01,9183
00893,國泰智能電動車,22,0,22,群益金鼎-高雄,2024-11-01,9183
8110,華東,22,0,22,群益金鼎-高雄,2024-11-01,9183
2890,永豐金,21,0,21,群益金鼎-高雄,2024-11-01,9183
00938,凱基優選30,20,0,20,群益金鼎-高雄,2024-11-01,9183
00712,復華富時不動產,20,0,20,群益金鼎-高雄,2024-11-01,9183
00895,富邦未來車,20,0,20,群益金鼎-高雄,2024-11-01,9183
00887,永豐中國科技50大,28,9,19,群益金鼎-高雄,2024-11-01,9183
2367,燿華,18,0,18,群益金鼎-高雄,2024-11-01,9183
2892,第一金,18,0,18,群益金鼎-高雄,2024-11-01,9183
2344,華邦電,17,0,17,群益金鼎-高雄,2024-11-01,9183
2354,鴻準,108,91,17,群益金鼎-高雄,2024-11-01,9183
2886,兆豐金,16,0,16,群益金鼎-高雄,2024-11-01,9183
9935,慶豐富,16,0,16,群益金鼎-高雄,2024-11-01,9183
00937B,群益ESG投等債20,21,7,14,群益金鼎-高雄,2024-11-01,9183
00922,國泰台灣領袖50,13,0,13,群益金鼎-高雄,2024-11-01,9183
2382,廣達,15,3,12,群益金鼎-高雄,2024-11-01,9183
2646,星宇航空,14,2,12,群益金鼎-高雄,2024-11-01,9183
1584,精剛,21,10,11,群益金鼎-高雄,2024-11-01,9183
00665L,富邦�琤肭磪囓�2,11,0,11,群益金鼎-高雄,2024-11-01,9183
2408,南亞科,11,0,11,群益金鼎-高雄,2024-11-01,9183
00637L,元大滬深300正2,11,0,11,群益金鼎-高雄,2024-11-01,9183
2493,揚博,12,1,11,群益金鼎-高雄,2024-11-01,9183
3711,日月光投控,12,2,10,群益金鼎-高雄,2024-11-01,9183
00688L,國泰20年美債正2,10,0,10,群益金鼎-高雄,2024-11-01,9183
00923,群益台ESG低碳50,10,0,10,群益金鼎-高雄,2024-11-01,9183
1789,神隆,10,0,10,群益金鼎-高雄,2024-11-01,9183
2397,友通,40,30,10,群益金鼎-高雄,2024-11-01,9183
3049,精金,30,20,10,群益金鼎-高雄,2024-11-01,9183
5864,致和證,10,0,10,群益金鼎-高雄,2024-11-01,9183
00878,國泰永續高股息,106,0,106,群益金鼎-高雄,2024-11-04,9183
2303,聯電,69,1,68,群益金鼎-高雄,2024-11-04,9183
00891,中信關鍵半導體,76,20,56,群益金鼎-高雄,2024-11-04,9183
9105,泰金寶-DR,50,0,50,群益金鼎-高雄,2024-11-04,9183
1314,中石化,50,2,48,群益金鼎-高雄,2024-11-04,9183
1449,佳和,49,2,47,群益金鼎-高雄,2024-11-04,9183
00919,群益台灣精選高息,39,0,39,群益金鼎-高雄,2024-11-04,9183
00679B,元大美債20年,38,0,38,群益金鼎-高雄,2024-11-04,9183
00932,兆豐永續高息等權,36,0,36,群益金鼎-高雄,2024-11-04,9183
00943,兆豐電子高息等權,30,0,30,群益金鼎-高雄,2024-11-04,9183
00712,復華富時不動產,29,0,29,群益金鼎-高雄,2024-11-04,9183
8107,大億金茂,32,3,29,群益金鼎-高雄,2024-11-04,9183
6151,晉倫,29,1,28,群益金鼎-高雄,2024-11-04,9183
6156,松上,27,3,24,群益金鼎-高雄,2024-11-04,9183
1569,濱川,23,0,23,群益金鼎-高雄,2024-11-04,9183
8021,尖點,24,1,23,群益金鼎-高雄,2024-11-04,9183
00687B,國泰20年美債,21,0,21,群益金鼎-高雄,2024-11-04,9183
00715L,期街口布蘭特正2,21,0,21,群益金鼎-高雄,2024-11-04,9183
00937B,群益ESG投等債20,71,50,21,群益金鼎-高雄,2024-11-04,9183
3515,華擎,20,0,20,群益金鼎-高雄,2024-11-04,9183
00751B,元大AAA至A公司債,20,0,20,群益金鼎-高雄,2024-11-04,9183
2834,臺企銀,20,0,20,群益金鼎-高雄,2024-11-04,9183
6661,威健生技,19,0,19,群益金鼎-高雄,2024-11-04,9183
00795B,中信美國公債20年,18,0,18,群益金鼎-高雄,2024-11-04,9183
00933B,國泰10Y+金融債,17,0,17,群益金鼎-高雄,2024-11-04,9183
3481,群創,17,0,17,群益金鼎-高雄,2024-11-04,9183
2905,三商,14,0,14,群益金鼎-高雄,2024-11-04,9183
4513,福裕,14,0,14,群益金鼎-高雄,2024-11-04,9183
2337,旺宏,13,0,13,群益金鼎-高雄,2024-11-04,9183
2431,聯昌,49,36,13,群益金鼎-高雄,2024-11-04,9183
6140,訊達,13,0,13,群益金鼎-高雄,2024-11-04,9183
00912,中信臺灣智慧50,11,0,11,群益金鼎-高雄,2024-11-04,9183
00643,群益深証中小,381,370,11,群益金鼎-高雄,2024-11-04,9183
8111,立��,47,36,11,群益金鼎-高雄,2024-11-04,9183
2609,陽明,26,15,11,群益金鼎-高雄,2024-11-04,9183
00680L,元大美債20正2,10,0,10,群益金鼎-高雄,2024-11-04,9183
00632R,元大台灣50反1,10,0,10,群益金鼎-高雄,2024-11-04,9183
1218,泰山,10,0,10,群益金鼎-高雄,2024-11-04,9183
2641,正德,10,0,10,群益金鼎-高雄,2024-11-04,9183
6180,橘子,10,0,10,群益金鼎-高雄,2024-11-04,9183
6558,興能高,10,0,10,群益金鼎-高雄,2024-11-04,9183
6134,萬旭,41,32,9,群益金鼎-高雄,2024-11-04,9183
2408,南亞科,9,0,9,群益金鼎-高雄,2024-11-04,9183
3325,旭品,9,0,9,群益金鼎-高雄,2024-11-04,9183
6142,友勁,9,0,9,群益金鼎-高雄,2024-11-04,9183
6104,創惟,10,1,9,群益金鼎-高雄,2024-11-04,9183
2329,華泰,15,7,8,群益金鼎-高雄,2024-11-04,9183
6830,汎銓,8,0,8,群益金鼎-高雄,2024-11-04,9183
3466,德晉,7,0,7,群益金鼎-高雄,2024-11-04,9183
5347,世界,8,1,7,群益金鼎-高雄,2024-11-04,9183
00940,元大台灣價值高息,64,0,64,群益金鼎-高雄,2024-11-05,9183
6216,居易,52,2,50,群益金鼎-高雄,2024-11-05,9183
2303,聯電,68,21,47,群益金鼎-高雄,2024-11-05,9183
00680L,元大美債20正2,45,0,45,群益金鼎-高雄,2024-11-05,9183
2314,台揚,58,16,42,群益金鼎-高雄,2024-11-05,9183
00637L,元大滬深300正2,63,28,35,群益金鼎-高雄,2024-11-05,9183
6244,茂迪,31,1,30,群益金鼎-高雄,2024-11-05,9183
00919,群益台灣精選高息,30,0,30,群益金鼎-高雄,2024-11-05,9183
2354,鴻準,111,87,24,群益金鼎-高雄,2024-11-05,9183
2834,臺企銀,23,0,23,群益金鼎-高雄,2024-11-05,9183
8261,富鼎,26,6,20,群益金鼎-高雄,2024-11-05,9183
4991,環宇-KY,37,18,19,群益金鼎-高雄,2024-11-05,9183
00878,國泰永續高股息,69,50,19,群益金鼎-高雄,2024-11-05,9183
3049,精金,90,73,17,群益金鼎-高雄,2024-11-05,9183
3583,辛耘,17,1,16,群益金鼎-高雄,2024-11-05,9183
2329,華泰,19,3,16,群益金鼎-高雄,2024-11-05,9183
00935,野村臺灣新科技50,15,0,15,群益金鼎-高雄,2024-11-05,9183
3702,大聯大,15,0,15,群益金鼎-高雄,2024-11-05,9183
00946,群益科技高息成長,14,0,14,群益金鼎-高雄,2024-11-05,9183
3711,日月光投控,17,4,13,群益金鼎-高雄,2024-11-05,9183
2344,華邦電,13,0,13,群益金鼎-高雄,2024-11-05,9183
3714,富采,13,0,13,群益金鼎-高雄,2024-11-05,9183
00713,元大台灣高息低波,12,0,12,群益金鼎-高雄,2024-11-05,9183
6530,創威,36,24,12,群益金鼎-高雄,2024-11-05,9183
00921,兆豐龍頭等權重,11,0,11,群益金鼎-高雄,2024-11-05,9183
00932,兆豐永續高息等權,11,0,11,群益金鼎-高雄,2024-11-05,9183
00929,復華台灣科技優息,63,53,10,群益金鼎-高雄,2024-11-05,9183
00953B,群益優選非投等債,10,0,10,群益金鼎-高雄,2024-11-05,9183
1451,年興,10,0,10,群益金鼎-高雄,2024-11-05,9183
1522,堤維西,10,0,10,群益金鼎-高雄,2024-11-05,9183
3062,建漢,13,3,10,群益金鼎-高雄,2024-11-05,9183
4919,新唐,15,5,10,群益金鼎-高雄,2024-11-05,9183
6431,光麗-KY,10,0,10,群益金鼎-高雄,2024-11-05,9183
6811,宏�硌穈T,10,0,10,群益金鼎-高雄,2024-11-05,9183
2328,廣宇,17,8,9,群益金鼎-高雄,2024-11-05,9183
4162,智擎,10,1,9,群益金鼎-高雄,2024-11-05,9183
00930,永豐ESG低碳高息,8,0,8,群益金鼎-高雄,2024-11-05,9183
00631L,元大台灣50正2,22,14,8,群益金鼎-高雄,2024-11-05,9183
3701,大眾控,8,0,8,群益金鼎-高雄,2024-11-05,9183
2867,三商壽,56,50,6,群益金鼎-高雄,2024-11-05,9183
2905,三商,6,0,6,群益金鼎-高雄,2024-11-05,9183
3047,訊舟,8,2,6,群益金鼎-高雄,2024-11-05,9183
5314,世紀,6,0,6,群益金鼎-高雄,2024-11-05,9183
6116,彩晶,13,7,6,群益金鼎-高雄,2024-11-05,9183
6248,沛波,6,0,6,群益金鼎-高雄,2024-11-05,9183
8111,立��,15,10,5,群益金鼎-高雄,2024-11-05,9183
00679B,元大美債20年,8,3,5,群益金鼎-高雄,2024-11-05,9183
00934,中信成長高股息,5,0,5,群益金鼎-高雄,2024-11-05,9183
1616,億泰,5,0,5,群益金鼎-高雄,2024-11-05,9183
2348,海悅,5,0,5,群益金鼎-高雄,2024-11-05,9183
00753L,中信中國50正2,337,2,335,群益金鼎-高雄,2024-11-06,9183
00937B,群益ESG投等債20,111,0,111,群益金鼎-高雄,2024-11-06,9183
00706L,期元大S＆P日圓正2,110,0,110,群益金鼎-高雄,2024-11-06,9183
00637L,元大滬深300正2,121,26,95,群益金鼎-高雄,2024-11-06,9183
00643,群益深証中小,261,170,91,群益金鼎-高雄,2024-11-06,9183
2356,英業達,137,52,85,群益金鼎-高雄,2024-11-06,9183
9907,統一實,79,10,69,群益金鼎-高雄,2024-11-06,9183
00632R,元大台灣50反1,78,10,68,群益金鼎-高雄,2024-11-06,9183
2439,美律,66,0,66,群益金鼎-高雄,2024-11-06,9183
0056,元大高股息,77,17,60,群益金鼎-高雄,2024-11-06,9183
00680L,元大美債20正2,71,12,59,群益金鼎-高雄,2024-11-06,9183
2314,台揚,61,4,57,群益金鼎-高雄,2024-11-06,9183
00665L,富邦�琤肭磪囓�2,56,0,56,群益金鼎-高雄,2024-11-06,9183
00878,國泰永續高股息,56,7,49,群益金鼎-高雄,2024-11-06,9183
00679B,元大美債20年,58,18,40,群益金鼎-高雄,2024-11-06,9183
00882,中信中國高股息,35,8,27,群益金鼎-高雄,2024-11-06,9183
00687B,國泰20年美債,50,23,27,群益金鼎-高雄,2024-11-06,9183
1451,年興,25,0,25,群益金鼎-高雄,2024-11-06,9183
8107,大億金茂,26,1,25,群益金鼎-高雄,2024-11-06,9183
00932,兆豐永續高息等權,24,0,24,群益金鼎-高雄,2024-11-06,9183
2883,凱基金,22,1,21,群益金鼎-高雄,2024-11-06,9183
00631L,元大台灣50正2,37,17,20,群益金鼎-高雄,2024-11-06,9183
2409,友達,27,7,20,群益金鼎-高雄,2024-11-06,9183
4526,東台,34,14,20,群益金鼎-高雄,2024-11-06,9183
6005,群益證,20,0,20,群益金鼎-高雄,2024-11-06,9183
2834,臺企銀,20,1,19,群益金鼎-高雄,2024-11-06,9183
2801,彰銀,24,5,19,群益金鼎-高雄,2024-11-06,9183
3313,斐成,17,0,17,群益金鼎-高雄,2024-11-06,9183
00918,大華優利高填息30,19,3,16,群益金鼎-高雄,2024-11-06,9183
1436,華友聯,16,0,16,群益金鼎-高雄,2024-11-06,9183
5230,雷笛克光學,15,0,15,群益金鼎-高雄,2024-11-06,9183
00919,群益台灣精選高息,23,8,15,群益金鼎-高雄,2024-11-06,9183
2303,聯電,24,10,14,群益金鼎-高雄,2024-11-06,9183
1584,精剛,13,0,13,群益金鼎-高雄,2024-11-06,9183
2609,陽明,30,17,13,群益金鼎-高雄,2024-11-06,9183
8021,尖點,12,0,12,群益金鼎-高雄,2024-11-06,9183
2313,華通,12,0,12,群益金鼎-高雄,2024-11-06,9183
1460,宏遠,10,0,10,群益金鼎-高雄,2024-11-06,9183
2408,南亞科,26,16,10,群益金鼎-高雄,2024-11-06,9183
2886,兆豐金,9,0,9,群益金鼎-高雄,2024-11-06,9183
2419,仲琦,32,23,9,群益金鼎-高雄,2024-11-06,9183
00731,復華富時高息低波,8,0,8,群益金鼎-高雄,2024-11-06,9183
8044,網家,11,4,7,群益金鼎-高雄,2024-11-06,9183
00946,群益科技高息成長,7,0,7,群益金鼎-高雄,2024-11-06,9183
1609,大亞,7,0,7,群益金鼎-高雄,2024-11-06,9183
2890,永豐金,7,0,7,群益金鼎-高雄,2024-11-06,9183
3049,精金,20,13,7,群益金鼎-高雄,2024-11-06,9183
3013,晟銘電,71,65,6,群益金鼎-高雄,2024-11-06,9183
00933B,國泰10Y+金融債,6,0,6,群益金鼎-高雄,2024-11-06,9183
1301,台塑,8,2,6,群益金鼎-高雄,2024-11-06,9183
00637L,元大滬深300正2,200,17,183,群益金鼎-高雄,2024-11-07,9183
00878,國泰永續高股息,136,3,133,群益金鼎-高雄,2024-11-07,9183
8033,雷虎,72,3,69,群益金鼎-高雄,2024-11-07,9183
1584,精剛,46,0,46,群益金鼎-高雄,2024-11-07,9183
2439,美律,30,0,30,群益金鼎-高雄,2024-11-07,9183
1451,年興,29,0,29,群益金鼎-高雄,2024-11-07,9183
2014,中鴻,33,7,26,群益金鼎-高雄,2024-11-07,9183
00687B,國泰20年美債,32,7,25,群益金鼎-高雄,2024-11-07,9183
00730,富邦臺灣優質高息,25,0,25,群益金鼎-高雄,2024-11-07,9183
2367,燿華,34,11,23,群益金鼎-高雄,2024-11-07,9183
00739,元大MSCI A股,20,0,20,群益金鼎-高雄,2024-11-07,9183
00643,群益深証中小,343,323,20,群益金鼎-高雄,2024-11-07,9183
9105,泰金寶-DR,72,52,20,群益金鼎-高雄,2024-11-07,9183
3047,訊舟,22,5,17,群益金鼎-高雄,2024-11-07,9183
4927,泰鼎-KY,17,0,17,群益金鼎-高雄,2024-11-07,9183
2892,第一金,17,0,17,群益金鼎-高雄,2024-11-07,9183
00680L,元大美債20正2,16,0,16,群益金鼎-高雄,2024-11-07,9183
00631L,元大台灣50正2,57,41,16,群益金鼎-高雄,2024-11-07,9183
2303,聯電,32,16,16,群益金鼎-高雄,2024-11-07,9183
00673R,期元大S＆P原油反1,15,0,15,群益金鼎-高雄,2024-11-07,9183
8070,長華*,16,1,15,群益金鼎-高雄,2024-11-07,9183
4533,協易機,16,2,14,群益金鼎-高雄,2024-11-07,9183
2884,玉山金,22,8,14,群益金鼎-高雄,2024-11-07,9183
00688L,國泰20年美債正2,13,0,13,群益金鼎-高雄,2024-11-07,9183
00937B,群益ESG投等債20,13,0,13,群益金鼎-高雄,2024-11-07,9183
2356,英業達,42,29,13,群益金鼎-高雄,2024-11-07,9183
2392,正崴,15,2,13,群益金鼎-高雄,2024-11-07,9183
00712,復華富時不動產,14,3,11,群益金鼎-高雄,2024-11-07,9183
00929,復華台灣科技優息,50,39,11,群益金鼎-高雄,2024-11-07,9183
2889,國票金,12,1,11,群益金鼎-高雄,2024-11-07,9183
4131,浩泰,11,0,11,群益金鼎-高雄,2024-11-07,9183
0056,元大高股息,60,50,10,群益金鼎-高雄,2024-11-07,9183
3163,波若威,10,0,10,群益金鼎-高雄,2024-11-07,9183
3167,大量,12,2,10,群益金鼎-高雄,2024-11-07,9183
5340,建榮,10,0,10,群益金鼎-高雄,2024-11-07,9183
2230,泰茂,8,0,8,群益金鼎-高雄,2024-11-07,9183
8027,鈦昇,7,0,7,群益金鼎-高雄,2024-11-07,9183
00713,元大台灣高息低波,7,0,7,群益金鼎-高雄,2024-11-07,9183
00795B,中信美國公債20年,7,0,7,群益金鼎-高雄,2024-11-07,9183
8096,擎亞,16,9,7,群益金鼎-高雄,2024-11-07,9183
3701,大眾控,22,15,7,群益金鼎-高雄,2024-11-07,9183
6288,聯嘉,15,8,7,群益金鼎-高雄,2024-11-07,9183
2615,萬海,19,12,7,群益金鼎-高雄,2024-11-07,9183
5243,乙盛-KY,15,9,6,群益金鼎-高雄,2024-11-07,9183
00706L,期元大S＆P日圓正2,6,0,6,群益金鼎-高雄,2024-11-07,9183
1711,永光,12,6,6,群益金鼎-高雄,2024-11-07,9183
2328,廣宇,16,10,6,群益金鼎-高雄,2024-11-07,9183
2613,中櫃,10,4,6,群益金鼎-高雄,2024-11-07,9183
4903,聯光通,18,12,6,群益金鼎-高雄,2024-11-07,9183
3552,同致,6,0,6,群益金鼎-高雄,2024-11-07,9183
00637L,元大滬深300正2,338,23,315,群益金鼎-高雄,2024-11-08,9183
2542,興富發,102,5,97,群益金鼎-高雄,2024-11-08,9183
2356,英業達,117,47,70,群益金鼎-高雄,2024-11-08,9183
8938,明安,55,0,55,群益金鼎-高雄,2024-11-08,9183
2034,允強,56,3,53,群益金鼎-高雄,2024-11-08,9183
00753L,中信中國50正2,83,31,52,群益金鼎-高雄,2024-11-08,9183
00878,國泰永續高股息,39,0,39,群益金鼎-高雄,2024-11-08,9183
3227,原相,39,2,37,群益金鼎-高雄,2024-11-08,9183
9935,慶豐富,36,1,35,群益金鼎-高雄,2024-11-08,9183
2408,南亞科,35,2,33,群益金鼎-高雄,2024-11-08,9183
2367,燿華,54,24,30,群益金鼎-高雄,2024-11-08,9183
2439,美律,30,0,30,群益金鼎-高雄,2024-11-08,9183
6239,力成,30,0,30,群益金鼎-高雄,2024-11-08,9183
00795B,中信美國公債20年,25,0,25,群益金鼎-高雄,2024-11-08,9183
2314,台揚,44,20,24,群益金鼎-高雄,2024-11-08,9183
3303,岱稜,68,45,23,群益金鼎-高雄,2024-11-08,9183
2892,第一金,22,0,22,群益金鼎-高雄,2024-11-08,9183
2834,臺企銀,20,0,20,群益金鼎-高雄,2024-11-08,9183
6727,亞泰金屬,20,0,20,群益金鼎-高雄,2024-11-08,9183
00941,中信上游半導體,20,0,20,群益金鼎-高雄,2024-11-08,9183
1451,年興,20,0,20,群益金鼎-高雄,2024-11-08,9183
8107,大億金茂,25,5,20,群益金鼎-高雄,2024-11-08,9183
2618,長榮航,42,23,19,群益金鼎-高雄,2024-11-08,9183
3704,合勤控,19,0,19,群益金鼎-高雄,2024-11-08,9183
9105,泰金寶-DR,53,34,19,群益金鼎-高雄,2024-11-08,9183
3062,建漢,62,44,18,群益金鼎-高雄,2024-11-08,9183
3701,大眾控,17,0,17,群益金鼎-高雄,2024-11-08,9183
2489,瑞軒,16,0,16,群益金鼎-高雄,2024-11-08,9183
2388,威盛,17,2,15,群益金鼎-高雄,2024-11-08,9183
00712,復華富時不動產,15,0,15,群益金鼎-高雄,2024-11-08,9183
2493,揚博,22,8,14,群益金鼎-高雄,2024-11-08,9183
4207,環泰,14,0,14,群益金鼎-高雄,2024-11-08,9183
6116,彩晶,14,0,14,群益金鼎-高雄,2024-11-08,9183
2352,佳世達,12,0,12,群益金鼎-高雄,2024-11-08,9183
00882,中信中國高股息,17,5,12,群益金鼎-高雄,2024-11-08,9183
2409,友達,16,5,11,群益金鼎-高雄,2024-11-08,9183
0056,元大高股息,13,2,11,群益金鼎-高雄,2024-11-08,9183
6104,創惟,11,0,11,群益金鼎-高雄,2024-11-08,9183
6152,百一,11,0,11,群益金鼎-高雄,2024-11-08,9183
3013,晟銘電,33,22,11,群益金鼎-高雄,2024-11-08,9183
6151,晉倫,14,4,10,群益金鼎-高雄,2024-11-08,9183
6142,友勁,10,0,10,群益金鼎-高雄,2024-11-08,9183
00936,台新永續高息中小,10,0,10,群益金鼎-高雄,2024-11-08,9183
1531,高林股,11,1,10,群益金鼎-高雄,2024-11-08,9183
2353,宏��,15,5,10,群益金鼎-高雄,2024-11-08,9183
2883,凱基金,20,10,10,群益金鼎-高雄,2024-11-08,9183
6811,宏�硌穈T,10,0,10,群益金鼎-高雄,2024-11-08,9183
2303,聯電,24,15,9,群益金鼎-高雄,2024-11-08,9183
00918,大華優利高填息30,9,0,9,群益金鼎-高雄,2024-11-08,9183
3663,鑫科,9,0,9,群益金鼎-高雄,2024-11-08,9183
00753L,中信中國50正2,200,18,182,群益金鼎-高雄,2024-11-11,9183
00915,凱基優選高股息30,77,0,77,群益金鼎-高雄,2024-11-11,9183
00637L,元大滬深300正2,87,14,73,群益金鼎-高雄,2024-11-11,9183
2409,友達,61,7,54,群益金鼎-高雄,2024-11-11,9183
00878,國泰永續高股息,38,0,38,群益金鼎-高雄,2024-11-11,9183
1326,台化,32,0,32,群益金鼎-高雄,2024-11-11,9183
3372,典範,31,1,30,群益金鼎-高雄,2024-11-11,9183
6108,競國,30,0,30,群益金鼎-高雄,2024-11-11,9183
6431,光麗-KY,29,0,29,群益金鼎-高雄,2024-11-11,9183
2615,萬海,36,10,26,群益金鼎-高雄,2024-11-11,9183
2344,華邦電,30,5,25,群益金鼎-高雄,2024-11-11,9183
3494,誠研,25,0,25,群益金鼎-高雄,2024-11-11,9183
1584,精剛,26,2,24,群益金鼎-高雄,2024-11-11,9183
5457,宣德,28,4,24,群益金鼎-高雄,2024-11-11,9183
3481,群創,31,8,23,群益金鼎-高雄,2024-11-11,9183
00929,復華台灣科技優息,23,1,22,群益金鼎-高雄,2024-11-11,9183
00909,國泰數位支付服務,21,0,21,群益金鼎-高雄,2024-11-11,9183
8150,南茂,20,0,20,群益金鼎-高雄,2024-11-11,9183
00631L,元大台灣50正2,22,6,16,群益金鼎-高雄,2024-11-11,9183
2449,京元電子,29,14,15,群益金鼎-高雄,2024-11-11,9183
2353,宏��,15,0,15,群益金鼎-高雄,2024-11-11,9183
00643,群益深証中小,394,379,15,群益金鼎-高雄,2024-11-11,9183
3290,東浦,16,1,15,群益金鼎-高雄,2024-11-11,9183
2486,一詮,44,30,14,群益金鼎-高雄,2024-11-11,9183
3712,永崴投控,20,6,14,群益金鼎-高雄,2024-11-11,9183
2892,第一金,14,0,14,群益金鼎-高雄,2024-11-11,9183
911608,明輝-DR,14,0,14,群益金鼎-高雄,2024-11-11,9183
2374,佳能,12,0,12,群益金鼎-高雄,2024-11-11,9183
6116,彩晶,12,0,12,群益金鼎-高雄,2024-11-11,9183
2883,凱基金,16,5,11,群益金鼎-高雄,2024-11-11,9183
2609,陽明,16,6,10,群益金鼎-高雄,2024-11-11,9183
1449,佳和,61,51,10,群益金鼎-高雄,2024-11-11,9183
00671R,富邦NASDAQ反1,10,0,10,群益金鼎-高雄,2024-11-11,9183
1605,華新,10,0,10,群益金鼎-高雄,2024-11-11,9183
2337,旺宏,10,0,10,群益金鼎-高雄,2024-11-11,9183
2887,台新金,10,0,10,群益金鼎-高雄,2024-11-11,9183
3043,科風,12,2,10,群益金鼎-高雄,2024-11-11,9183
3702,大聯大,10,0,10,群益金鼎-高雄,2024-11-11,9183
4903,聯光通,15,5,10,群益金鼎-高雄,2024-11-11,9183
6104,創惟,10,0,10,群益金鼎-高雄,2024-11-11,9183
6179,亞通,10,0,10,群益金鼎-高雄,2024-11-11,9183
6191,精成科,22,12,10,群益金鼎-高雄,2024-11-11,9183
6727,亞泰金屬,10,0,10,群益金鼎-高雄,2024-11-11,9183
8021,尖點,13,3,10,群益金鼎-高雄,2024-11-11,9183
9941,裕融,10,1,9,群益金鼎-高雄,2024-11-11,9183
00912,中信臺灣智慧50,9,0,9,群益金鼎-高雄,2024-11-11,9183
3060,銘異,9,0,9,群益金鼎-高雄,2024-11-11,9183
6163,華電網,11,2,9,群益金鼎-高雄,2024-11-11,9183
00713,元大台灣高息低波,8,0,8,群益金鼎-高雄,2024-11-11,9183
1301,台塑,8,0,8,群益金鼎-高雄,2024-11-11,9183
00939,統一台灣高息動能,470,0,470,群益金鼎-高雄,2024-11-12,9183
00878,國泰永續高股息,311,1,310,群益金鼎-高雄,2024-11-12,9183
00929,復華台灣科技優息,149,8,141,群益金鼎-高雄,2024-11-12,9183
2409,友達,103,1,102,群益金鼎-高雄,2024-11-12,9183
1326,台化,61,0,61,群益金鼎-高雄,2024-11-12,9183
1314,中石化,56,0,56,群益金鼎-高雄,2024-11-12,9183
6548,長科*,50,0,50,群益金鼎-高雄,2024-11-12,9183
00665L,富邦�琤肭磪囓�2,50,6,44,群益金鼎-高雄,2024-11-12,9183
1905,華紙,42,0,42,群益金鼎-高雄,2024-11-12,9183
2356,英業達,58,18,40,群益金鼎-高雄,2024-11-12,9183
00940,元大台灣價值高息,63,26,37,群益金鼎-高雄,2024-11-12,9183
2615,萬海,72,38,34,群益金鼎-高雄,2024-11-12,9183
00715L,期街口布蘭特正2,34,0,34,群益金鼎-高雄,2024-11-12,9183
00891,中信關鍵半導體,31,0,31,群益金鼎-高雄,2024-11-12,9183
4919,新唐,28,0,28,群益金鼎-高雄,2024-11-12,9183
00935,野村臺灣新科技50,27,0,27,群益金鼎-高雄,2024-11-12,9183
2641,正德,33,6,27,群益金鼎-高雄,2024-11-12,9183
1531,高林股,26,1,25,群益金鼎-高雄,2024-11-12,9183
2636,台驊控股,25,0,25,群益金鼎-高雄,2024-11-12,9183
3605,宏致,22,0,22,群益金鼎-高雄,2024-11-12,9183
00882,中信中國高股息,21,0,21,群益金鼎-高雄,2024-11-12,9183
3704,合勤控,21,0,21,群益金鼎-高雄,2024-11-12,9183
3481,群創,21,1,20,群益金鼎-高雄,2024-11-12,9183
1301,台塑,20,0,20,群益金鼎-高雄,2024-11-12,9183
00943,兆豐電子高息等權,20,0,20,群益金鼎-高雄,2024-11-12,9183
1218,泰山,20,0,20,群益金鼎-高雄,2024-11-12,9183
4927,泰鼎-KY,22,2,20,群益金鼎-高雄,2024-11-12,9183
5236,凌陽創新,20,0,20,群益金鼎-高雄,2024-11-12,9183
8027,鈦昇,22,2,20,群益金鼎-高雄,2024-11-12,9183
0056,元大高股息,19,0,19,群益金鼎-高雄,2024-11-12,9183
2353,宏��,35,16,19,群益金鼎-高雄,2024-11-12,9183
2317,鴻海,28,10,18,群益金鼎-高雄,2024-11-12,9183
00932,兆豐永續高息等權,19,0,19,群益金鼎-高雄,2024-11-12,9183
00919,群益台灣精選高息,17,0,17,群益金鼎-高雄,2024-11-12,9183
00893,國泰智能電動車,27,10,17,群益金鼎-高雄,2024-11-12,9183
2426,鼎元,16,0,16,群益金鼎-高雄,2024-11-12,9183
00905,FT臺灣Smart,16,0,16,群益金鼎-高雄,2024-11-12,9183
1436,華友聯,15,0,15,群益金鼎-高雄,2024-11-12,9183
5469,瀚宇博,15,0,15,群益金鼎-高雄,2024-11-12,9183
00946,群益科技高息成長,15,0,15,群益金鼎-高雄,2024-11-12,9183
3231,緯創,23,9,14,群益金鼎-高雄,2024-11-12,9183
1307,三芳,18,4,14,群益金鼎-高雄,2024-11-12,9183
2312,金寶,18,4,14,群益金鼎-高雄,2024-11-12,9183
3663,鑫科,14,0,14,群益金鼎-高雄,2024-11-12,9183
6241,易通展,14,0,14,群益金鼎-高雄,2024-11-12,9183
5871,中租-KY,15,1,14,群益金鼎-高雄,2024-11-12,9183
00909,國泰數位支付服務,13,0,13,群益金鼎-高雄,2024-11-12,9183
2477,美隆電,18,5,13,群益金鼎-高雄,2024-11-12,9183
3550,聯穎,13,0,13,群益金鼎-高雄,2024-11-12,9183
5398,慕康生醫,25,12,13,群益金鼎-高雄,2024-11-12,9183
00753L,中信中國50正2,350,3,347,群益金鼎-高雄,2024-11-13,9183
00643,群益深証中小,527,370,157,群益金鼎-高雄,2024-11-13,9183
6163,華電網,130,0,130,群益金鼎-高雄,2024-11-13,9183
00878,國泰永續高股息,104,0,104,群益金鼎-高雄,2024-11-13,9183
2356,英業達,123,63,60,群益金鼎-高雄,2024-11-13,9183
2892,第一金,53,0,53,群益金鼎-高雄,2024-11-13,9183
4174,浩鼎,50,0,50,群益金鼎-高雄,2024-11-13,9183
00687B,國泰20年美債,42,0,42,群益金鼎-高雄,2024-11-13,9183
00891,中信關鍵半導體,40,0,40,群益金鼎-高雄,2024-11-13,9183
2317,鴻海,45,6,39,群益金鼎-高雄,2024-11-13,9183
9935,慶豐富,37,1,36,群益金鼎-高雄,2024-11-13,9183
00937B,群益ESG投等債20,98,65,33,群益金鼎-高雄,2024-11-13,9183
00715L,期街口布蘭特正2,35,4,31,群益金鼎-高雄,2024-11-13,9183
6180,橘子,30,0,30,群益金鼎-高雄,2024-11-13,9183
2303,聯電,46,18,28,群益金鼎-高雄,2024-11-13,9183
2882,國泰金,28,0,28,群益金鼎-高雄,2024-11-13,9183
00933B,國泰10Y+金融債,24,0,24,群益金鼎-高雄,2024-11-13,9183
1314,中石化,22,0,22,群益金鼎-高雄,2024-11-13,9183
2323,中環,22,0,22,群益金鼎-高雄,2024-11-13,9183
4114,健喬,22,0,22,群益金鼎-高雄,2024-11-13,9183
00712,復華富時不動產,21,0,21,群益金鼎-高雄,2024-11-13,9183
1451,年興,20,0,20,群益金鼎-高雄,2024-11-13,9183
9105,泰金寶-DR,21,1,20,群益金鼎-高雄,2024-11-13,9183
00679B,元大美債20年,20,1,19,群益金鼎-高雄,2024-11-13,9183
6811,宏�硌穈T,17,0,17,群益金鼎-高雄,2024-11-13,9183
00882,中信中國高股息,22,6,16,群益金鼎-高雄,2024-11-13,9183
00764B,群益25年美債,15,0,15,群益金鼎-高雄,2024-11-13,9183
3583,辛耘,16,1,15,群益金鼎-高雄,2024-11-13,9183
4532,瑞智,15,0,15,群益金鼎-高雄,2024-11-13,9183
3062,建漢,42,28,14,群益金鼎-高雄,2024-11-13,9183
00909,國泰數位支付服務,13,0,13,群益金鼎-高雄,2024-11-13,9183
00893,國泰智能電動車,12,1,11,群益金鼎-高雄,2024-11-13,9183
3003,健和興,45,34,11,群益金鼎-高雄,2024-11-13,9183
3362,先進光,14,3,11,群益金鼎-高雄,2024-11-13,9183
3481,群創,11,0,11,群益金鼎-高雄,2024-11-13,9183
3013,晟銘電,55,44,11,群益金鼎-高雄,2024-11-13,9183
2637,慧洋-KY,10,0,10,群益金鼎-高雄,2024-11-13,9183
3622,洋華,10,0,10,群益金鼎-高雄,2024-11-13,9183
6606,建德工業,10,0,10,群益金鼎-高雄,2024-11-13,9183
9927,泰銘,10,0,10,群益金鼎-高雄,2024-11-13,9183
6505,台塑化,9,0,9,群益金鼎-高雄,2024-11-13,9183
1718,中纖,42,33,9,群益金鼎-高雄,2024-11-13,9183
2915,潤泰全,9,0,9,群益金鼎-高雄,2024-11-13,9183
2027,大成鋼,8,0,8,群益金鼎-高雄,2024-11-13,9183
3521,鴻翊,8,0,8,群益金鼎-高雄,2024-11-13,9183
8150,南茂,8,0,8,群益金鼎-高雄,2024-11-13,9183
2887,台新金,8,0,8,群益金鼎-高雄,2024-11-13,9183
2344,華邦電,8,0,8,群益金鼎-高雄,2024-11-13,9183
0056,元大高股息,8,0,8,群益金鼎-高雄,2024-11-13,9183
4904,遠傳,10,3,7,群益金鼎-高雄,2024-11-13,9183
00878,國泰永續高股息,326,0,326,群益金鼎-高雄,2024-11-14,9183
00929,復華台灣科技優息,91,0,91,群益金鼎-高雄,2024-11-14,9183
00764B,群益25年美債,76,5,71,群益金鼎-高雄,2024-11-14,9183
1611,中電,90,37,53,群益金鼎-高雄,2024-11-14,9183
00951,台新日本半導體,50,0,50,群益金鼎-高雄,2024-11-14,9183
00637L,元大滬深300正2,54,13,41,群益金鼎-高雄,2024-11-14,9183
2303,聯電,37,2,35,群益金鼎-高雄,2024-11-14,9183
2892,第一金,32,0,32,群益金鼎-高雄,2024-11-14,9183
2356,英業達,85,53,32,群益金鼎-高雄,2024-11-14,9183
00932,兆豐永續高息等權,30,0,30,群益金鼎-高雄,2024-11-14,9183
9934,成霖,30,0,30,群益金鼎-高雄,2024-11-14,9183
6191,精成科,31,2,29,群益金鼎-高雄,2024-11-14,9183
3712,永崴投控,43,18,25,群益金鼎-高雄,2024-11-14,9183
3138,耀登,21,0,21,群益金鼎-高雄,2024-11-14,9183
00919,群益台灣精選高息,20,0,20,群益金鼎-高雄,2024-11-14,9183
3481,群創,21,1,20,群益金鼎-高雄,2024-11-14,9183
2317,鴻海,26,6,20,群益金鼎-高雄,2024-11-14,9183
2890,永豐金,21,1,20,群益金鼎-高雄,2024-11-14,9183
2887,台新金,19,0,19,群益金鼎-高雄,2024-11-14,9183
8905,裕國,18,0,18,群益金鼎-高雄,2024-11-14,9183
00679B,元大美債20年,17,0,17,群益金鼎-高雄,2024-11-14,9183
2312,金寶,20,4,16,群益金鼎-高雄,2024-11-14,9183
00881,國泰台灣5G+,15,0,15,群益金鼎-高雄,2024-11-14,9183
2486,一詮,17,2,15,群益金鼎-高雄,2024-11-14,9183
6179,亞通,15,0,15,群益金鼎-高雄,2024-11-14,9183
2543,皇昌,58,44,14,群益金鼎-高雄,2024-11-14,9183
1524,耿鼎,17,3,14,群益金鼎-高雄,2024-11-14,9183
00680L,元大美債20正2,14,0,14,群益金鼎-高雄,2024-11-14,9183
00688L,國泰20年美債正2,14,0,14,群益金鼎-高雄,2024-11-14,9183
00905,FT臺灣Smart,14,0,14,群益金鼎-高雄,2024-11-14,9183
1336,台翰,13,0,13,群益金鼎-高雄,2024-11-14,9183
00933B,國泰10Y+金融債,12,0,12,群益金鼎-高雄,2024-11-14,9183
2367,燿華,12,0,12,群益金鼎-高雄,2024-11-14,9183
6609,瀧澤科,18,6,12,群益金鼎-高雄,2024-11-14,9183
2354,鴻準,38,27,11,群益金鼎-高雄,2024-11-14,9183
6811,宏�硌穈T,11,0,11,群益金鼎-高雄,2024-11-14,9183
2330,台積電,48,37,11,群益金鼎-高雄,2024-11-14,9183
00915,凱基優選高股息30,10,0,10,群益金鼎-高雄,2024-11-14,9183
00735,國泰臺韓科技,10,0,10,群益金鼎-高雄,2024-11-14,9183
00957B,兆豐US優選投等債,10,0,10,群益金鼎-高雄,2024-11-14,9183
2867,三商壽,10,0,10,群益金鼎-高雄,2024-11-14,9183
3019,亞光,10,0,10,群益金鼎-高雄,2024-11-14,9183
3707,漢磊,11,1,10,群益金鼎-高雄,2024-11-14,9183
4513,福裕,10,0,10,群益金鼎-高雄,2024-11-14,9183
00713,元大台灣高息低波,10,0,10,群益金鼎-高雄,2024-11-14,9183
5871,中租-KY,9,0,9,群益金鼎-高雄,2024-11-14,9183
2382,廣達,11,2,9,群益金鼎-高雄,2024-11-14,9183
00923,群益台ESG低碳50,9,0,9,群益金鼎-高雄,2024-11-14,9183
1718,中纖,12,3,9,群益金鼎-高雄,2024-11-14,9183
6241,易通展,9,0,9,群益金鼎-高雄,2024-11-14,9183
00706L,期元大S＆P日圓正2,201,0,201,群益金鼎-高雄,2024-11-15,9183
00878,國泰永續高股息,166,12,154,群益金鼎-高雄,2024-11-15,9183
00753L,中信中國50正2,100,0,100,群益金鼎-高雄,2024-11-15,9183
00764B,群益25年美債,92,8,84,群益金鼎-高雄,2024-11-15,9183
2382,廣達,71,7,64,群益金鼎-高雄,2024-11-15,9183
0056,元大高股息,42,0,42,群益金鼎-高雄,2024-11-15,9183
9904,寶成,35,8,27,群益金鼎-高雄,2024-11-15,9183
2344,華邦電,27,0,27,群益金鼎-高雄,2024-11-15,9183
00937B,群益ESG投等債20,25,0,25,群益金鼎-高雄,2024-11-15,9183
00637L,元大滬深300正2,40,17,23,群益金鼎-高雄,2024-11-15,9183
3338,泰碩,30,8,22,群益金鼎-高雄,2024-11-15,9183
2489,瑞軒,20,0,20,群益金鼎-高雄,2024-11-15,9183
00918,大華優利高填息30,20,1,19,群益金鼎-高雄,2024-11-15,9183
4931,新盛力,31,13,18,群益金鼎-高雄,2024-11-15,9183
3712,永崴投控,38,20,18,群益金鼎-高雄,2024-11-15,9183
6811,宏�硌穈T,17,0,17,群益金鼎-高雄,2024-11-15,9183
6443,元晶,16,0,16,群益金鼎-高雄,2024-11-15,9183
00665L,富邦�琤肭磪囓�2,37,22,15,群益金鼎-高雄,2024-11-15,9183
1540,喬福,15,0,15,群益金鼎-高雄,2024-11-15,9183
2402,毅嘉,15,0,15,群益金鼎-高雄,2024-11-15,9183
4919,新唐,16,2,14,群益金鼎-高雄,2024-11-15,9183
3450,聯鈞,49,36,13,群益金鼎-高雄,2024-11-15,9183
5465,富驊,14,1,13,群益金鼎-高雄,2024-11-15,9183
3706,神達,111,99,12,群益金鼎-高雄,2024-11-15,9183
4442,竣邦-KY,13,1,12,群益金鼎-高雄,2024-11-15,9183
2330,台積電,14,2,12,群益金鼎-高雄,2024-11-15,9183
6505,台塑化,11,0,11,群益金鼎-高雄,2024-11-15,9183
2317,鴻海,35,24,11,群益金鼎-高雄,2024-11-15,9183
3045,台灣大,11,0,11,群益金鼎-高雄,2024-11-15,9183
00915,凱基優選高股息30,10,0,10,群益金鼎-高雄,2024-11-15,9183
1305,華夏,10,0,10,群益金鼎-高雄,2024-11-15,9183
1451,年興,10,0,10,群益金鼎-高雄,2024-11-15,9183
4167,松瑞藥,10,0,10,群益金鼎-高雄,2024-11-15,9183
6180,橘子,10,0,10,群益金鼎-高雄,2024-11-15,9183
2888,新光金,9,0,9,群益金鼎-高雄,2024-11-15,9183
9105,泰金寶-DR,232,223,9,群益金鼎-高雄,2024-11-15,9183
3017,奇鋐,15,6,9,群益金鼎-高雄,2024-11-15,9183
8027,鈦昇,8,0,8,群益金鼎-高雄,2024-11-15,9183
00631L,元大台灣50正2,20,12,8,群益金鼎-高雄,2024-11-15,9183
2883,凱基金,12,4,8,群益金鼎-高雄,2024-11-15,9183
5519,隆大,10,2,8,群益金鼎-高雄,2024-11-15,9183
00643,群益深証中小,552,545,7,群益金鼎-高雄,2024-11-15,9183
2880,華南金,7,0,7,群益金鼎-高雄,2024-11-15,9183
8011,台通,7,0,7,群益金鼎-高雄,2024-11-15,9183
006208,富邦台50,8,1,7,群益金鼎-高雄,2024-11-15,9183
00909,國泰數位支付服務,6,0,6,群益金鼎-高雄,2024-11-15,9183
2353,宏��,31,25,6,群益金鼎-高雄,2024-11-15,9183
2605,新興,17,11,6,群益金鼎-高雄,2024-11-15,9183
6288,聯嘉,9,3,6,群益金鼎-高雄,2024-11-15,9183
6558,興能高,14,8,6,群益金鼎-高雄,2024-11-15,9183
00680L,元大美債20正2,213,0,213,群益金鼎-高雄,2024-11-18,9183
00937B,群益ESG投等債20,140,3,137,群益金鼎-高雄,2024-11-18,9183
00878,國泰永續高股息,127,0,127,群益金鼎-高雄,2024-11-18,9183
9105,泰金寶-DR,113,64,49,群益金鼎-高雄,2024-11-18,9183
00932,兆豐永續高息等權,41,0,41,群益金鼎-高雄,2024-11-18,9183
2646,星宇航空,41,5,36,群益金鼎-高雄,2024-11-18,9183
00764B,群益25年美債,85,50,35,群益金鼎-高雄,2024-11-18,9183
00643,群益深証中小,576,545,31,群益金鼎-高雄,2024-11-18,9183
3704,合勤控,34,5,29,群益金鼎-高雄,2024-11-18,9183
1218,泰山,27,0,27,群益金鼎-高雄,2024-11-18,9183
1540,喬福,25,0,25,群益金鼎-高雄,2024-11-18,9183
3024,憶聲,69,44,25,群益金鼎-高雄,2024-11-18,9183
00929,復華台灣科技優息,76,52,24,群益金鼎-高雄,2024-11-18,9183
00731,復華富時高息低波,22,0,22,群益金鼎-高雄,2024-11-18,9183
4743,合一,21,0,21,群益金鼎-高雄,2024-11-18,9183
8938,明安,20,0,20,群益金鼎-高雄,2024-11-18,9183
2354,鴻準,87,69,18,群益金鼎-高雄,2024-11-18,9183
00637L,元大滬深300正2,29,10,19,群益金鼎-高雄,2024-11-18,9183
00715L,期街口布蘭特正2,18,0,18,群益金鼎-高雄,2024-11-18,9183
2382,廣達,20,2,18,群益金鼎-高雄,2024-11-18,9183
3593,力銘,17,0,17,群益金鼎-高雄,2024-11-18,9183
1808,潤隆,16,0,16,群益金鼎-高雄,2024-11-18,9183
3062,建漢,17,1,16,群益金鼎-高雄,2024-11-18,9183
9136,巨騰-DR,17,1,16,群益金鼎-高雄,2024-11-18,9183
6216,居易,15,0,15,群益金鼎-高雄,2024-11-18,9183
3032,偉訓,20,6,14,群益金鼎-高雄,2024-11-18,9183
1310,台苯,13,0,13,群益金鼎-高雄,2024-11-18,9183
3049,精金,43,30,13,群益金鼎-高雄,2024-11-18,9183
4720,德淵,13,0,13,群益金鼎-高雄,2024-11-18,9183
2330,台積電,16,3,13,群益金鼎-高雄,2024-11-18,9183
9907,統一實,12,0,12,群益金鼎-高雄,2024-11-18,9183
2409,友達,16,5,11,群益金鼎-高雄,2024-11-18,9183
2457,飛宏,11,0,11,群益金鼎-高雄,2024-11-18,9183
4919,新唐,13,2,11,群益金鼎-高雄,2024-11-18,9183
00706L,期元大S＆P日圓正2,10,0,10,群益金鼎-高雄,2024-11-18,9183
1618,合機,16,6,10,群益金鼎-高雄,2024-11-18,9183
2515,中工,41,31,10,群益金鼎-高雄,2024-11-18,9183
2537,聯上發,10,0,10,群益金鼎-高雄,2024-11-18,9183
3019,亞光,12,2,10,群益金鼎-高雄,2024-11-18,9183
3591,艾笛森,10,0,10,群益金鼎-高雄,2024-11-18,9183
4167,松瑞藥,10,0,10,群益金鼎-高雄,2024-11-18,9183
5512,力麒,10,0,10,群益金鼎-高雄,2024-11-18,9183
5519,隆大,10,0,10,群益金鼎-高雄,2024-11-18,9183
6108,競國,10,0,10,群益金鼎-高雄,2024-11-18,9183
3013,晟銘電,20,11,9,群益金鼎-高雄,2024-11-18,9183
006208,富邦台50,8,0,8,群益金鼎-高雄,2024-11-18,9183
1785,光洋科,15,7,8,群益金鼎-高雄,2024-11-18,9183
00922,國泰台灣領袖50,8,0,8,群益金鼎-高雄,2024-11-18,9183
2204,中華,8,0,8,群益金鼎-高雄,2024-11-18,9183
2344,華邦電,8,0,8,群益金鼎-高雄,2024-11-18,9183
00937B,群益ESG投等債20,115,0,115,群益金鼎-高雄,2024-11-19,9183
00930,永豐ESG低碳高息,205,105,100,群益金鼎-高雄,2024-11-19,9183
00753L,中信中國50正2,100,0,100,群益金鼎-高雄,2024-11-19,9183
00637L,元大滬深300正2,55,1,54,群益金鼎-高雄,2024-11-19,9183
1540,喬福,30,0,30,群益金鼎-高雄,2024-11-19,9183
3024,憶聲,25,0,25,群益金鼎-高雄,2024-11-19,9183
00631L,元大台灣50正2,37,13,24,群益金鼎-高雄,2024-11-19,9183
0056,元大高股息,22,1,21,群益金鼎-高雄,2024-11-19,9183
2340,台亞,20,0,20,群益金鼎-高雄,2024-11-19,9183
3231,緯創,22,2,20,群益金鼎-高雄,2024-11-19,9183
3037,欣興,20,1,19,群益金鼎-高雄,2024-11-19,9183
4303,信立,22,4,18,群益金鼎-高雄,2024-11-19,9183
2317,鴻海,21,5,16,群益金鼎-高雄,2024-11-19,9183
00932,兆豐永續高息等權,25,10,15,群益金鼎-高雄,2024-11-19,9183
2646,星宇航空,22,7,15,群益金鼎-高雄,2024-11-19,9183
6187,萬潤,22,8,14,群益金鼎-高雄,2024-11-19,9183
2884,玉山金,13,0,13,群益金鼎-高雄,2024-11-19,9183
2605,新興,14,2,12,群益金鼎-高雄,2024-11-19,9183
6811,宏�硌穈T,12,0,12,群益金鼎-高雄,2024-11-19,9183
2351,順德,11,1,10,群益金鼎-高雄,2024-11-19,9183
3521,鴻翊,10,0,10,群益金鼎-高雄,2024-11-19,9183
3450,聯鈞,37,27,10,群益金鼎-高雄,2024-11-19,9183
3209,全科,12,4,8,群益金鼎-高雄,2024-11-19,9183
1815,富喬,8,0,8,群益金鼎-高雄,2024-11-19,9183
2303,聯電,12,4,8,群益金鼎-高雄,2024-11-19,9183
3017,奇鋐,15,7,8,群益金鼎-高雄,2024-11-19,9183
1301,台塑,7,0,7,群益金鼎-高雄,2024-11-19,9183
2618,長榮航,13,6,7,群益金鼎-高雄,2024-11-19,9183
2382,廣達,7,1,6,群益金鼎-高雄,2024-11-19,9183
3324,雙鴻,11,5,6,群益金鼎-高雄,2024-11-19,9183
00885,富邦越南,6,0,6,群益金鼎-高雄,2024-11-19,9183
1409,新纖,6,0,6,群益金鼎-高雄,2024-11-19,9183
2371,大同,8,2,6,群益金鼎-高雄,2024-11-19,9183
00897,富邦基因免疫生技,5,0,5,群益金鼎-高雄,2024-11-19,9183
00710B,復華彭博非投等債,5,0,5,群益金鼎-高雄,2024-11-19,9183
2535,達欣工,5,0,5,群益金鼎-高雄,2024-11-19,9183
4532,瑞智,5,0,5,群益金鼎-高雄,2024-11-19,9183
6109,亞元,5,0,5,群益金鼎-高雄,2024-11-19,9183
6134,萬旭,5,0,5,群益金鼎-高雄,2024-11-19,9183
00713,元大台灣高息低波,5,0,5,群益金鼎-高雄,2024-11-19,9183
1446,宏和,5,1,4,群益金鼎-高雄,2024-11-19,9183
2204,中華,4,0,4,群益金鼎-高雄,2024-11-19,9183
3704,合勤控,27,23,4,群益金鼎-高雄,2024-11-19,9183
4977,眾達-KY,7,3,4,群益金鼎-高雄,2024-11-19,9183
6216,居易,4,0,4,群益金鼎-高雄,2024-11-19,9183
6584,南俊國際,4,0,4,群益金鼎-高雄,2024-11-19,9183
2308,台達電,4,1,3,群益金鼎-高雄,2024-11-19,9183
2890,永豐金,3,0,3,群益金鼎-高雄,2024-11-19,9183
1587,吉茂,4,1,3,群益金鼎-高雄,2024-11-19,9183
00887,永豐中國科技50大,3,0,3,群益金鼎-高雄,2024-11-19,9183
1815,富喬,143,13,130,群益金鼎-高雄,2024-11-20,9183
2444,兆勁,112,3,109,群益金鼎-高雄,2024-11-20,9183
2354,鴻準,150,48,102,群益金鼎-高雄,2024-11-20,9183
2880,華南金,57,0,57,群益金鼎-高雄,2024-11-20,9183
2887,台新金,54,3,51,群益金鼎-高雄,2024-11-20,9183
1540,喬福,50,2,48,群益金鼎-高雄,2024-11-20,9183
1446,宏和,44,0,44,群益金鼎-高雄,2024-11-20,9183
3594,磐儀,46,5,41,群益金鼎-高雄,2024-11-20,9183
1808,潤隆,31,1,30,群益金鼎-高雄,2024-11-20,9183
2543,皇昌,35,7,28,群益金鼎-高雄,2024-11-20,9183
4729,熒茂,53,25,28,群益金鼎-高雄,2024-11-20,9183
00764B,群益25年美債,265,240,25,群益金鼎-高雄,2024-11-20,9183
2332,友訊,54,29,25,群益金鼎-高雄,2024-11-20,9183
2646,星宇航空,22,1,21,群益金鼎-高雄,2024-11-20,9183
00878,國泰永續高股息,29,8,21,群益金鼎-高雄,2024-11-20,9183
00679B,元大美債20年,20,0,20,群益金鼎-高雄,2024-11-20,9183
00934,中信成長高股息,20,0,20,群益金鼎-高雄,2024-11-20,9183
00950B,凱基A級公司債,20,0,20,群益金鼎-高雄,2024-11-20,9183
2409,友達,18,0,18,群益金鼎-高雄,2024-11-20,9183
2882,國泰金,19,1,18,群益金鼎-高雄,2024-11-20,9183
00937B,群益ESG投等債20,17,0,17,群益金鼎-高雄,2024-11-20,9183
00929,復華台灣科技優息,27,11,16,群益金鼎-高雄,2024-11-20,9183
3450,聯鈞,47,32,15,群益金鼎-高雄,2024-11-20,9183
3032,偉訓,31,16,15,群益金鼎-高雄,2024-11-20,9183
00918,大華優利高填息30,30,16,14,群益金鼎-高雄,2024-11-20,9183
3049,精金,14,0,14,群益金鼎-高雄,2024-11-20,9183
3323,加百裕,27,13,14,群益金鼎-高雄,2024-11-20,9183
3037,欣興,13,0,13,群益金鼎-高雄,2024-11-20,9183
2308,台達電,13,0,13,群益金鼎-高雄,2024-11-20,9183
8404,百和興業-KY,12,0,12,群益金鼎-高雄,2024-11-20,9183
2344,華邦電,17,5,12,群益金鼎-高雄,2024-11-20,9183
00713,元大台灣高息低波,11,0,11,群益金鼎-高雄,2024-11-20,9183
1776,展宇,11,0,11,群益金鼎-高雄,2024-11-20,9183
3062,建漢,13,2,11,群益金鼎-高雄,2024-11-20,9183
5880,合庫金,11,0,11,群益金鼎-高雄,2024-11-20,9183
3706,神達,259,249,10,群益金鼎-高雄,2024-11-20,9183
00795B,中信美國公債20年,10,0,10,群益金鼎-高雄,2024-11-20,9183
00632R,元大台灣50反1,10,0,10,群益金鼎-高雄,2024-11-20,9183
2834,臺企銀,10,0,10,群益金鼎-高雄,2024-11-20,9183
9103,美德醫療-DR,10,0,10,群益金鼎-高雄,2024-11-20,9183
6187,萬潤,16,6,10,群益金鼎-高雄,2024-11-20,9183
3231,緯創,18,8,10,群益金鼎-高雄,2024-11-20,9183
2329,華泰,10,1,9,群益金鼎-高雄,2024-11-20,9183
0056,元大高股息,26,17,9,群益金鼎-高雄,2024-11-20,9183
1301,台塑,8,0,8,群益金鼎-高雄,2024-11-20,9183
3189,景碩,8,0,8,群益金鼎-高雄,2024-11-20,9183
2603,長榮,11,3,8,群益金鼎-高雄,2024-11-20,9183
6442,光聖,24,17,7,群益金鼎-高雄,2024-11-20,9183
2330,台積電,9,2,7,群益金鼎-高雄,2024-11-20,9183
1734,杏輝,7,0,7,群益金鼎-高雄,2024-11-20,9183
00953B,群益優選非投等債,105,5,100,群益金鼎-高雄,2024-11-21,9183
00909,國泰數位支付服務,78,12,66,群益金鼎-高雄,2024-11-21,9183
00959B,大華投等美債15Y+,60,0,60,群益金鼎-高雄,2024-11-21,9183
3673,TPK-KY,60,0,60,群益金鼎-高雄,2024-11-21,9183
00878,國泰永續高股息,53,0,53,群益金鼎-高雄,2024-11-21,9183
00764B,群益25年美債,330,280,50,群益金鼎-高雄,2024-11-21,9183
2646,星宇航空,45,0,45,群益金鼎-高雄,2024-11-21,9183
006208,富邦台50,29,0,29,群益金鼎-高雄,2024-11-21,9183
6288,聯嘉,33,6,27,群益金鼎-高雄,2024-11-21,9183
4931,新盛力,31,6,25,群益金鼎-高雄,2024-11-21,9183
2382,廣達,26,2,24,群益金鼎-高雄,2024-11-21,9183
8038,長園科,23,0,23,群益金鼎-高雄,2024-11-21,9183
1524,耿鼎,48,29,19,群益金鼎-高雄,2024-11-21,9183
1734,杏輝,18,0,18,群益金鼎-高雄,2024-11-21,9183
3323,加百裕,21,3,18,群益金鼎-高雄,2024-11-21,9183
2535,達欣工,17,0,17,群益金鼎-高雄,2024-11-21,9183
2405,輔信,18,1,17,群益金鼎-高雄,2024-11-21,9183
00929,復華台灣科技優息,31,15,16,群益金鼎-高雄,2024-11-21,9183
0056,元大高股息,15,0,15,群益金鼎-高雄,2024-11-21,9183
2303,聯電,16,1,15,群益金鼎-高雄,2024-11-21,9183
3515,華擎,15,0,15,群益金鼎-高雄,2024-11-21,9183
2330,台積電,18,4,14,群益金鼎-高雄,2024-11-21,9183
5315,光聯,13,0,13,群益金鼎-高雄,2024-11-21,9183
00713,元大台灣高息低波,12,0,12,群益金鼎-高雄,2024-11-21,9183
4979,華星光,13,1,12,群益金鼎-高雄,2024-11-21,9183
2890,永豐金,11,0,11,群益金鼎-高雄,2024-11-21,9183
1584,精剛,10,0,10,群益金鼎-高雄,2024-11-21,9183
2882,國泰金,10,0,10,群益金鼎-高雄,2024-11-21,9183
00951,台新日本半導體,10,0,10,群益金鼎-高雄,2024-11-21,9183
1301,台塑,10,0,10,群益金鼎-高雄,2024-11-21,9183
2208,台船,10,0,10,群益金鼎-高雄,2024-11-21,9183
2393,億光,16,6,10,群益金鼎-高雄,2024-11-21,9183
2515,中工,9,0,9,群益金鼎-高雄,2024-11-21,9183
8455,大拓-KY,9,0,9,群益金鼎-高雄,2024-11-21,9183
2002,中鋼,8,0,8,群益金鼎-高雄,2024-11-21,9183
3625,西勝,14,6,8,群益金鼎-高雄,2024-11-21,9183
2317,鴻海,22,14,8,群益金鼎-高雄,2024-11-21,9183
2886,兆豐金,7,0,7,群益金鼎-高雄,2024-11-21,9183
00715L,期街口布蘭特正2,7,0,7,群益金鼎-高雄,2024-11-21,9183
1711,永光,7,0,7,群益金鼎-高雄,2024-11-21,9183
2543,皇昌,8,1,7,群益金鼎-高雄,2024-11-21,9183
2312,金寶,29,23,6,群益金鼎-高雄,2024-11-21,9183
2105,正新,8,2,6,群益金鼎-高雄,2024-11-21,9183
00923,群益台ESG低碳50,6,0,6,群益金鼎-高雄,2024-11-21,9183
2618,長榮航,13,7,6,群益金鼎-高雄,2024-11-21,9183
3290,東浦,10,4,6,群益金鼎-高雄,2024-11-21,9183
6465,威潤,6,0,6,群益金鼎-高雄,2024-11-21,9183
6138,茂達,5,0,5,群益金鼎-高雄,2024-11-21,9183
2353,宏��,5,0,5,群益金鼎-高雄,2024-11-21,9183
00927,群益半導體收益,5,0,5,群益金鼎-高雄,2024-11-21,9183
3290,東浦,103,2,101,群益金鼎-高雄,2024-11-22,9183
00753L,中信中國50正2,100,0,100,群益金鼎-高雄,2024-11-22,9183
00918,大華優利高填息30,68,1,67,群益金鼎-高雄,2024-11-22,9183
00930,永豐ESG低碳高息,52,0,52,群益金鼎-高雄,2024-11-22,9183
9105,泰金寶-DR,383,334,49,群益金鼎-高雄,2024-11-22,9183
2867,三商壽,42,0,42,群益金鼎-高雄,2024-11-22,9183
5876,上海商銀,34,0,34,群益金鼎-高雄,2024-11-22,9183
2543,皇昌,35,3,32,群益金鼎-高雄,2024-11-22,9183
00631L,元大台灣50正2,33,1,32,群益金鼎-高雄,2024-11-22,9183
2605,新興,25,0,25,群益金鼎-高雄,2024-11-22,9183
00882,中信中國高股息,23,0,23,群益金鼎-高雄,2024-11-22,9183
3037,欣興,27,5,22,群益金鼎-高雄,2024-11-22,9183
3049,精金,22,0,22,群益金鼎-高雄,2024-11-22,9183
00935,野村臺灣新科技50,20,0,20,群益金鼎-高雄,2024-11-22,9183
3058,立德,20,0,20,群益金鼎-高雄,2024-11-22,9183
4532,瑞智,30,10,20,群益金鼎-高雄,2024-11-22,9183
2332,友訊,22,3,19,群益金鼎-高雄,2024-11-22,9183
3231,緯創,44,25,19,群益金鼎-高雄,2024-11-22,9183
6706,惠特,20,4,16,群益金鼎-高雄,2024-11-22,9183
3032,偉訓,37,21,16,群益金鼎-高雄,2024-11-22,9183
3702,大聯大,14,0,14,群益金鼎-高雄,2024-11-22,9183
2367,燿華,18,4,14,群益金鼎-高雄,2024-11-22,9183
2547,日勝生,12,0,12,群益金鼎-高雄,2024-11-22,9183
3047,訊舟,16,4,12,群益金鼎-高雄,2024-11-22,9183
00878,國泰永續高股息,17,6,11,群益金鼎-高雄,2024-11-22,9183
006208,富邦台50,10,0,10,群益金鼎-高雄,2024-11-22,9183
2356,英業達,22,12,10,群益金鼎-高雄,2024-11-22,9183
00680L,元大美債20正2,10,0,10,群益金鼎-高雄,2024-11-22,9183
00643,群益深証中小,405,395,10,群益金鼎-高雄,2024-11-22,9183
2353,宏��,9,0,9,群益金鼎-高雄,2024-11-22,9183
8104,錸寶,27,18,9,群益金鼎-高雄,2024-11-22,9183
1522,堤維西,8,0,8,群益金鼎-高雄,2024-11-22,9183
4971,IET-KY,9,1,8,群益金鼎-高雄,2024-11-22,9183
5315,光聯,11,3,8,群益金鼎-高雄,2024-11-22,9183
00960,野村全球航運龍頭,7,0,7,群益金鼎-高雄,2024-11-22,9183
2453,凌群,7,0,7,群益金鼎-高雄,2024-11-22,9183
2495,普安,16,9,7,群益金鼎-高雄,2024-11-22,9183
6151,晉倫,9,2,7,群益金鼎-高雄,2024-11-22,9183
00915,凱基優選高股息30,7,0,7,群益金鼎-高雄,2024-11-22,9183
3511,矽瑪,17,11,6,群益金鼎-高雄,2024-11-22,9183
3040,遠見,11,5,6,群益金鼎-高雄,2024-11-22,9183
3576,聯合再生,6,0,6,群益金鼎-高雄,2024-11-22,9183
6465,威潤,6,0,6,群益金鼎-高雄,2024-11-22,9183
8163,達方,7,1,6,群益金鼎-高雄,2024-11-22,9183
2317,鴻海,17,11,6,群益金鼎-高雄,2024-11-22,9183
2371,大同,33,28,5,群益金鼎-高雄,2024-11-22,9183
3035,智原,5,0,5,群益金鼎-高雄,2024-11-22,9183
00924,復華S＆P500成長,5,0,5,群益金鼎-高雄,2024-11-22,9183
1301,台塑,5,0,5,群益金鼎-高雄,2024-11-22,9183
1532,勤美,5,0,5,群益金鼎-高雄,2024-11-22,9183
9105,泰金寶-DR,429,326,103,群益金鼎-高雄,2024-11-25,9183
00953B,群益優選非投等債,62,0,62,群益金鼎-高雄,2024-11-25,9183
1524,耿鼎,69,10,59,群益金鼎-高雄,2024-11-25,9183
2439,美律,51,0,51,群益金鼎-高雄,2024-11-25,9183
2890,永豐金,49,5,44,群益金鼎-高雄,2024-11-25,9183
00919,群益台灣精選高息,42,0,42,群益金鼎-高雄,2024-11-25,9183
2444,兆勁,31,1,30,群益金鼎-高雄,2024-11-25,9183
2317,鴻海,48,19,29,群益金鼎-高雄,2024-11-25,9183
2371,大同,30,2,28,群益金鼎-高雄,2024-11-25,9183
2615,萬海,34,7,27,群益金鼎-高雄,2024-11-25,9183
3032,偉訓,27,2,25,群益金鼎-高雄,2024-11-25,9183
3481,群創,28,4,24,群益金鼎-高雄,2024-11-25,9183
3013,晟銘電,33,9,24,群益金鼎-高雄,2024-11-25,9183
2543,皇昌,28,6,22,群益金鼎-高雄,2024-11-25,9183
1301,台塑,22,0,22,群益金鼎-高雄,2024-11-25,9183
3712,永崴投控,55,35,20,群益金鼎-高雄,2024-11-25,9183
2603,長榮,22,1,21,群益金鼎-高雄,2024-11-25,9183
00643,群益深証中小,440,420,20,群益金鼎-高雄,2024-11-25,9183
00665L,富邦�琤肭磪囓�2,67,47,20,群益金鼎-高雄,2024-11-25,9183
9103,美德醫療-DR,20,0,20,群益金鼎-高雄,2024-11-25,9183
1815,富喬,80,61,19,群益金鼎-高雄,2024-11-25,9183
2449,京元電子,16,1,15,群益金鼎-高雄,2024-11-25,9183
1307,三芳,15,0,15,群益金鼎-高雄,2024-11-25,9183
2327,國巨,12,0,12,群益金鼎-高雄,2024-11-25,9183
00912,中信臺灣智慧50,12,0,12,群益金鼎-高雄,2024-11-25,9183
8240,華宏,12,0,12,群益金鼎-高雄,2024-11-25,9183
1721,三晃,13,2,11,群益金鼎-高雄,2024-11-25,9183
5876,上海商銀,14,3,11,群益金鼎-高雄,2024-11-25,9183
00935,野村臺灣新科技50,14,4,10,群益金鼎-高雄,2024-11-25,9183
00673R,期元大S＆P原油反1,10,0,10,群益金鼎-高雄,2024-11-25,9183
00633L,富邦上証正2,10,0,10,群益金鼎-高雄,2024-11-25,9183
1314,中石化,20,10,10,群益金鼎-高雄,2024-11-25,9183
2331,精英,10,0,10,群益金鼎-高雄,2024-11-25,9183
2368,金像電,10,0,10,群益金鼎-高雄,2024-11-25,9183
3033,威健,10,0,10,群益金鼎-高雄,2024-11-25,9183
5864,致和證,10,0,10,群益金鼎-高雄,2024-11-25,9183
0056,元大高股息,9,0,9,群益金鼎-高雄,2024-11-25,9183
00887,永豐中國科技50大,9,0,9,群益金鼎-高雄,2024-11-25,9183
00882,中信中國高股息,8,0,8,群益金鼎-高雄,2024-11-25,9183
00881,國泰台灣5G+,10,2,8,群益金鼎-高雄,2024-11-25,9183
3090,日電貿,47,39,8,群益金鼎-高雄,2024-11-25,9183
1618,合機,8,1,7,群益金鼎-高雄,2024-11-25,9183
6465,威潤,7,0,7,群益金鼎-高雄,2024-11-25,9183
3047,訊舟,7,1,6,群益金鼎-高雄,2024-11-25,9183
2312,金寶,83,77,6,群益金鼎-高雄,2024-11-25,9183
3706,神達,154,148,6,群益金鼎-高雄,2024-11-25,9183
1538,正峰,6,0,6,群益金鼎-高雄,2024-11-25,9183
4973,廣穎,6,0,6,群益金鼎-高雄,2024-11-25,9183
1432,大魯閣,21,15,6,群益金鼎-高雄,2024-11-25,9183
6213,聯茂,10,5,5,群益金鼎-高雄,2024-11-25,9183
00930,永豐ESG低碳高息,162,30,132,群益金鼎-高雄,2024-11-26,9183
1815,富喬,149,43,106,群益金鼎-高雄,2024-11-26,9183
3357,臺慶科,100,0,100,群益金鼎-高雄,2024-11-26,9183
8039,台虹,100,0,100,群益金鼎-高雄,2024-11-26,9183
6962,ITH-KY,57,8,49,群益金鼎-高雄,2024-11-26,9183
3231,緯創,46,7,39,群益金鼎-高雄,2024-11-26,9183
2609,陽明,37,5,32,群益金鼎-高雄,2024-11-26,9183
4743,合一,28,3,25,群益金鼎-高雄,2024-11-26,9183
2330,台積電,23,1,22,群益金鼎-高雄,2024-11-26,9183
00878,國泰永續高股息,28,8,20,群益金鼎-高雄,2024-11-26,9183
00664R,國泰臺灣加權反1,20,0,20,群益金鼎-高雄,2024-11-26,9183
1218,泰山,20,0,20,群益金鼎-高雄,2024-11-26,9183
006208,富邦台50,20,0,20,群益金鼎-高雄,2024-11-26,9183
3706,神達,74,57,17,群益金鼎-高雄,2024-11-26,9183
1466,聚隆,17,1,16,群益金鼎-高雄,2024-11-26,9183
2367,燿華,17,1,16,群益金鼎-高雄,2024-11-26,9183
5309,系統電,102,87,15,群益金鼎-高雄,2024-11-26,9183
00715L,期街口布蘭特正2,15,0,15,群益金鼎-高雄,2024-11-26,9183
2368,金像電,15,1,14,群益金鼎-高雄,2024-11-26,9183
3511,矽瑪,15,2,13,群益金鼎-高雄,2024-11-26,9183
2419,仲琦,55,42,13,群益金鼎-高雄,2024-11-26,9183
00950B,凱基A級公司債,13,0,13,群益金鼎-高雄,2024-11-26,9183
4510,高鋒,20,7,13,群益金鼎-高雄,2024-11-26,9183
5876,上海商銀,13,0,13,群益金鼎-高雄,2024-11-26,9183
6216,居易,12,0,12,群益金鼎-高雄,2024-11-26,9183
2883,凱基金,11,0,11,群益金鼎-高雄,2024-11-26,9183
2233,宇隆,11,0,11,群益金鼎-高雄,2024-11-26,9183
3037,欣興,14,4,10,群益金鼎-高雄,2024-11-26,9183
2344,華邦電,10,0,10,群益金鼎-高雄,2024-11-26,9183
3419,譁裕,11,1,10,群益金鼎-高雄,2024-11-26,9183
4991,環宇-KY,10,0,10,群益金鼎-高雄,2024-11-26,9183
9103,美德醫療-DR,10,0,10,群益金鼎-高雄,2024-11-26,9183
00922,國泰台灣領袖50,11,2,9,群益金鼎-高雄,2024-11-26,9183
2340,台亞,10,1,9,群益金鼎-高雄,2024-11-26,9183
2646,星宇航空,10,1,9,群益金鼎-高雄,2024-11-26,9183
00951,台新日本半導體,8,0,8,群益金鼎-高雄,2024-11-26,9183
00940,元大台灣價值高息,8,0,8,群益金鼎-高雄,2024-11-26,9183
4772,台特化,8,0,8,群益金鼎-高雄,2024-11-26,9183
8938,明安,8,0,8,群益金鼎-高雄,2024-11-26,9183
1609,大亞,9,1,8,群益金鼎-高雄,2024-11-26,9183
00919,群益台灣精選高息,8,1,7,群益金鼎-高雄,2024-11-26,9183
8064,東捷,8,1,7,群益金鼎-高雄,2024-11-26,9183
2371,大同,8,1,7,群益金鼎-高雄,2024-11-26,9183
6169,昱泉,7,0,7,群益金鼎-高雄,2024-11-26,9183
4977,眾達-KY,24,17,7,群益金鼎-高雄,2024-11-26,9183
00720B,元大投資級公司債,10,3,7,群益金鼎-高雄,2024-11-26,9183
2354,鴻準,34,28,6,群益金鼎-高雄,2024-11-26,9183
2515,中工,6,0,6,群益金鼎-高雄,2024-11-26,9183
6411,晶焱,6,0,6,群益金鼎-高雄,2024-11-26,9183
00713,元大台灣高息低波,5,0,5,群益金鼎-高雄,2024-11-26,9183
3010,華立,100,0,100,群益金鼎-高雄,2024-11-27,9183
3290,東浦,105,6,99,群益金鼎-高雄,2024-11-27,9183
00919,群益台灣精選高息,88,5,83,群益金鼎-高雄,2024-11-27,9183
2303,聯電,79,4,75,群益金鼎-高雄,2024-11-27,9183
00940,元大台灣價值高息,64,0,64,群益金鼎-高雄,2024-11-27,9183
1524,耿鼎,52,7,45,群益金鼎-高雄,2024-11-27,9183
6411,晶焱,44,0,44,群益金鼎-高雄,2024-11-27,9183
2317,鴻海,50,8,42,群益金鼎-高雄,2024-11-27,9183
00878,國泰永續高股息,42,1,41,群益金鼎-高雄,2024-11-27,9183
3037,欣興,40,0,40,群益金鼎-高雄,2024-11-27,9183
00915,凱基優選高股息30,34,0,34,群益金鼎-高雄,2024-11-27,9183
1218,泰山,33,0,33,群益金鼎-高雄,2024-11-27,9183
0056,元大高股息,33,0,33,群益金鼎-高雄,2024-11-27,9183
2615,萬海,53,25,28,群益金鼎-高雄,2024-11-27,9183
9105,泰金寶-DR,285,257,28,群益金鼎-高雄,2024-11-27,9183
00943,兆豐電子高息等權,26,0,26,群益金鼎-高雄,2024-11-27,9183
2547,日勝生,24,0,24,群益金鼎-高雄,2024-11-27,9183
00881,國泰台灣5G+,20,0,20,群益金鼎-高雄,2024-11-27,9183
00934,中信成長高股息,20,0,20,群益金鼎-高雄,2024-11-27,9183
00921,兆豐龍頭等權重,20,0,20,群益金鼎-高雄,2024-11-27,9183
3521,鴻翊,21,1,20,群益金鼎-高雄,2024-11-27,9183
4927,泰鼎-KY,25,5,20,群益金鼎-高雄,2024-11-27,9183
2330,台積電,23,3,20,群益金鼎-高雄,2024-11-27,9183
006208,富邦台50,20,1,19,群益金鼎-高雄,2024-11-27,9183
8163,達方,34,15,19,群益金鼎-高雄,2024-11-27,9183
1605,華新,17,0,17,群益金鼎-高雄,2024-11-27,9183
3019,亞光,17,1,16,群益金鼎-高雄,2024-11-27,9183
00932,兆豐永續高息等權,16,1,15,群益金鼎-高雄,2024-11-27,9183
2002,中鋼,15,0,15,群益金鼎-高雄,2024-11-27,9183
00935,野村臺灣新科技50,17,3,14,群益金鼎-高雄,2024-11-27,9183
8033,雷虎,14,0,14,群益金鼎-高雄,2024-11-27,9183
9904,寶成,16,2,14,群益金鼎-高雄,2024-11-27,9183
2382,廣達,16,2,14,群益金鼎-高雄,2024-11-27,9183
2344,華邦電,20,7,13,群益金鼎-高雄,2024-11-27,9183
00715L,期街口布蘭特正2,12,0,12,群益金鼎-高雄,2024-11-27,9183
4562,穎漢,91,79,12,群益金鼎-高雄,2024-11-27,9183
1808,潤隆,11,0,11,群益金鼎-高雄,2024-11-27,9183
3372,典範,11,0,11,群益金鼎-高雄,2024-11-27,9183
8027,鈦昇,11,0,11,群益金鼎-高雄,2024-11-27,9183
6116,彩晶,10,0,10,群益金鼎-高雄,2024-11-27,9183
5880,合庫金,10,0,10,群益金鼎-高雄,2024-11-27,9183
2409,友達,10,0,10,群益金鼎-高雄,2024-11-27,9183
4707,磐亞,10,0,10,群益金鼎-高雄,2024-11-27,9183
4931,新盛力,18,8,10,群益金鼎-高雄,2024-11-27,9183
8046,南電,10,0,10,群益金鼎-高雄,2024-11-27,9183
1449,佳和,9,0,9,群益金鼎-高雄,2024-11-27,9183
3231,緯創,89,80,9,群益金鼎-高雄,2024-11-27,9183
0050,元大台灣50,9,0,9,群益金鼎-高雄,2024-11-27,9183
2603,長榮,53,44,9,群益金鼎-高雄,2024-11-27,9183
00675L,富邦臺灣加權正2,8,0,8,群益金鼎-高雄,2024-11-27,9183
00919,群益台灣精選高息,114,10,104,群益金鼎-高雄,2024-11-28,9183
8039,台虹,100,0,100,群益金鼎-高雄,2024-11-28,9183
00878,國泰永續高股息,85,10,75,群益金鼎-高雄,2024-11-28,9183
3591,艾笛森,64,1,63,群益金鼎-高雄,2024-11-28,9183
1605,華新,51,0,51,群益金鼎-高雄,2024-11-28,9183
3357,臺慶科,51,0,51,群益金鼎-高雄,2024-11-28,9183
3010,華立,55,5,50,群益金鼎-高雄,2024-11-28,9183
6411,晶焱,50,0,50,群益金鼎-高雄,2024-11-28,9183
8938,明安,50,0,50,群益金鼎-高雄,2024-11-28,9183
3062,建漢,41,0,41,群益金鼎-高雄,2024-11-28,9183
00929,復華台灣科技優息,41,4,37,群益金鼎-高雄,2024-11-28,9183
3037,欣興,38,2,36,群益金鼎-高雄,2024-11-28,9183
2332,友訊,98,69,29,群益金鼎-高雄,2024-11-28,9183
00686R,群益臺灣加權反1,28,0,28,群益金鼎-高雄,2024-11-28,9183
00943,兆豐電子高息等權,24,1,23,群益金鼎-高雄,2024-11-28,9183
2834,臺企銀,23,0,23,群益金鼎-高雄,2024-11-28,9183
00764B,群益25年美債,350,330,20,群益金鼎-高雄,2024-11-28,9183
3628,盈正,21,1,20,群益金鼎-高雄,2024-11-28,9183
8121,越峰,17,0,17,群益金鼎-高雄,2024-11-28,9183
3583,辛耘,17,1,16,群益金鼎-高雄,2024-11-28,9183
00950B,凱基A級公司債,14,0,14,群益金鼎-高雄,2024-11-28,9183
0056,元大高股息,13,0,13,群益金鼎-高雄,2024-11-28,9183
00930,永豐ESG低碳高息,13,0,13,群益金鼎-高雄,2024-11-28,9183
3043,科風,14,1,13,群益金鼎-高雄,2024-11-28,9183
1815,富喬,43,30,13,群益金鼎-高雄,2024-11-28,9183
2303,聯電,27,15,12,群益金鼎-高雄,2024-11-28,9183
2354,鴻準,42,30,12,群益金鼎-高雄,2024-11-28,9183
2882,國泰金,12,0,12,群益金鼎-高雄,2024-11-28,9183
00881,國泰台灣5G+,12,1,11,群益金鼎-高雄,2024-11-28,9183
006208,富邦台50,12,1,11,群益金鼎-高雄,2024-11-28,9183
2444,兆勁,11,0,11,群益金鼎-高雄,2024-11-28,9183
2542,興富發,11,0,11,群益金鼎-高雄,2024-11-28,9183
3049,精金,11,0,11,群益金鼎-高雄,2024-11-28,9183
2454,聯發科,10,0,10,群益金鼎-高雄,2024-11-28,9183
00932,兆豐永續高息等權,10,0,10,群益金鼎-高雄,2024-11-28,9183
1218,泰山,32,22,10,群益金鼎-高雄,2024-11-28,9183
2316,楠梓電,10,0,10,群益金鼎-高雄,2024-11-28,9183
3362,先進光,10,0,10,群益金鼎-高雄,2024-11-28,9183
5880,合庫金,10,0,10,群益金鼎-高雄,2024-11-28,9183
8240,華宏,32,22,10,群益金鼎-高雄,2024-11-28,9183
9907,統一實,10,0,10,群益金鼎-高雄,2024-11-28,9183
00923,群益台ESG低碳50,9,0,9,群益金鼎-高雄,2024-11-28,9183
1301,台塑,13,5,8,群益金鼎-高雄,2024-11-28,9183
1308,亞聚,8,0,8,群益金鼎-高雄,2024-11-28,9183
3323,加百裕,549,541,8,群益金鼎-高雄,2024-11-28,9183
2330,台積電,17,10,7,群益金鼎-高雄,2024-11-28,9183
2615,萬海,14,8,6,群益金鼎-高雄,2024-11-28,9183
6505,台塑化,7,1,6,群益金鼎-高雄,2024-11-28,9183
2356,英業達,10,4,6,群益金鼎-高雄,2024-11-28,9183
00900,富邦特選高股息30,6,0,6,群益金鼎-高雄,2024-11-28,9183
00930,永豐ESG低碳高息,80,0,80,群益金鼎-高雄,2024-11-29,9183
2354,鴻準,115,69,46,群益金鼎-高雄,2024-11-29,9183
4909,新復興,42,0,42,群益金鼎-高雄,2024-11-29,9183
2027,大成鋼,40,0,40,群益金鼎-高雄,2024-11-29,9183
2609,陽明,58,22,36,群益金鼎-高雄,2024-11-29,9183
2834,臺企銀,29,0,29,群益金鼎-高雄,2024-11-29,9183
5880,合庫金,26,0,26,群益金鼎-高雄,2024-11-29,9183
00878,國泰永續高股息,42,18,24,群益金鼎-高雄,2024-11-29,9183
1301,台塑,23,0,23,群益金鼎-高雄,2024-11-29,9183
0056,元大高股息,21,0,21,群益金鼎-高雄,2024-11-29,9183
2312,金寶,50,33,17,群益金鼎-高雄,2024-11-29,9183
2486,一詮,19,3,16,群益金鼎-高雄,2024-11-29,9183
3712,永崴投控,16,1,15,群益金鼎-高雄,2024-11-29,9183
2882,國泰金,16,1,15,群益金鼎-高雄,2024-11-29,9183
8210,勤誠,15,0,15,群益金鼎-高雄,2024-11-29,9183
3706,神達,164,149,15,群益金鼎-高雄,2024-11-29,9183
1605,華新,15,1,14,群益金鼎-高雄,2024-11-29,9183
2303,聯電,14,0,14,群益金鼎-高雄,2024-11-29,9183
4303,信立,45,31,14,群益金鼎-高雄,2024-11-29,9183
1471,首利,12,0,12,群益金鼎-高雄,2024-11-29,9183
2801,彰銀,12,0,12,群益金鼎-高雄,2024-11-29,9183
3338,泰碩,12,0,12,群益金鼎-高雄,2024-11-29,9183
5309,系統電,63,51,12,群益金鼎-高雄,2024-11-29,9183
00919,群益台灣精選高息,30,19,11,群益金鼎-高雄,2024-11-29,9183
00713,元大台灣高息低波,11,0,11,群益金鼎-高雄,2024-11-29,9183
1303,南亞,11,0,11,群益金鼎-高雄,2024-11-29,9183
2888,新光金,11,0,11,群益金鼎-高雄,2024-11-29,9183
8938,明安,11,0,11,群益金鼎-高雄,2024-11-29,9183
1451,年興,10,0,10,群益金鼎-高雄,2024-11-29,9183
2020,美亞,10,0,10,群益金鼎-高雄,2024-11-29,9183
1218,泰山,15,5,10,群益金鼎-高雄,2024-11-29,9183
2426,鼎元,20,10,10,群益金鼎-高雄,2024-11-29,9183
3090,日電貿,12,3,9,群益金鼎-高雄,2024-11-29,9183
1308,亞聚,9,0,9,群益金鼎-高雄,2024-11-29,9183
3230,錦明,11,2,9,群益金鼎-高雄,2024-11-29,9183
8104,錸寶,16,7,9,群益金鼎-高雄,2024-11-29,9183
2891,中信金,8,0,8,群益金鼎-高雄,2024-11-29,9183
6142,友勁,8,0,8,群益金鼎-高雄,2024-11-29,9183
2002,中鋼,8,1,7,群益金鼎-高雄,2024-11-29,9183
3037,欣興,7,0,7,群益金鼎-高雄,2024-11-29,9183
00934,中信成長高股息,7,0,7,群益金鼎-高雄,2024-11-29,9183
2375,凱美,8,1,7,群益金鼎-高雄,2024-11-29,9183
2618,長榮航,9,2,7,群益金鼎-高雄,2024-11-29,9183
3231,緯創,25,18,7,群益金鼎-高雄,2024-11-29,9183
1504,東元,6,0,6,群益金鼎-高雄,2024-11-29,9183
2062,橋椿,8,2,6,群益金鼎-高雄,2024-11-29,9183
00918,大華優利高填息30,5,0,5,群益金鼎-高雄,2024-11-29,9183
00950B,凱基A級公司債,5,0,5,群益金鼎-高雄,2024-11-29,9183
00922,國泰台灣領袖50,5,0,5,群益金鼎-高雄,2024-11-29,9183
1442,名軒,5,0,5,群益金鼎-高雄,2024-11-29,9183
3625,西勝,140,2,138,群益金鼎-高雄,2024-12-02,9183
2312,金寶,92,20,72,群益金鼎-高雄,2024-12-02,9183
00795B,中信美國公債20年,70,2,68,群益金鼎-高雄,2024-12-02,9183
2367,燿華,75,20,55,群益金鼎-高雄,2024-12-02,9183
3024,憶聲,64,10,54,群益金鼎-高雄,2024-12-02,9183
1540,喬福,50,0,50,群益金鼎-高雄,2024-12-02,9183
1218,泰山,54,5,49,群益金鼎-高雄,2024-12-02,9183
1815,富喬,78,29,49,群益金鼎-高雄,2024-12-02,9183
00725B,國泰投資級公司債,40,0,40,群益金鼎-高雄,2024-12-02,9183
8938,明安,40,0,40,群益金鼎-高雄,2024-12-02,9183
00687B,國泰20年美債,70,32,38,群益金鼎-高雄,2024-12-02,9183
1605,華新,44,11,33,群益金鼎-高雄,2024-12-02,9183
3013,晟銘電,33,3,30,群益金鼎-高雄,2024-12-02,9183
00637L,元大滬深300正2,26,4,22,群益金鼎-高雄,2024-12-02,9183
2329,華泰,20,0,20,群益金鼎-高雄,2024-12-02,9183
3450,聯鈞,40,22,18,群益金鼎-高雄,2024-12-02,9183
00943,兆豐電子高息等權,14,0,14,群益金鼎-高雄,2024-12-02,9183
2609,陽明,50,36,14,群益金鼎-高雄,2024-12-02,9183
6719,力智,13,0,13,群益金鼎-高雄,2024-12-02,9183
5371,中光電,27,14,13,群益金鼎-高雄,2024-12-02,9183
2392,正崴,21,8,13,群益金鼎-高雄,2024-12-02,9183
00918,大華優利高填息30,12,0,12,群益金鼎-高雄,2024-12-02,9183
2401,凌陽,12,0,12,群益金鼎-高雄,2024-12-02,9183
2457,飛宏,11,0,11,群益金鼎-高雄,2024-12-02,9183
3189,景碩,13,2,11,群益金鼎-高雄,2024-12-02,9183
00632R,元大台灣50反1,10,0,10,群益金鼎-高雄,2024-12-02,9183
00712,復華富時不動產,10,0,10,群益金鼎-高雄,2024-12-02,9183
00893,國泰智能電動車,10,0,10,群益金鼎-高雄,2024-12-02,9183
9103,美德醫療-DR,10,0,10,群益金鼎-高雄,2024-12-02,9183
3617,碩天,13,3,10,群益金鼎-高雄,2024-12-02,9183
5328,華容,42,32,10,群益金鼎-高雄,2024-12-02,9183
3712,永崴投控,11,2,9,群益金鼎-高雄,2024-12-02,9183
6187,萬潤,19,10,9,群益金鼎-高雄,2024-12-02,9183
2337,旺宏,9,0,9,群益金鼎-高雄,2024-12-02,9183
5864,致和證,23,14,9,群益金鼎-高雄,2024-12-02,9183
6657,華安,9,0,9,群益金鼎-高雄,2024-12-02,9183
2354,鴻準,33,25,8,群益金鼎-高雄,2024-12-02,9183
1314,中石化,8,0,8,群益金鼎-高雄,2024-12-02,9183
4726,永昕,8,0,8,群益金鼎-高雄,2024-12-02,9183
6235,華孚,9,2,7,群益金鼎-高雄,2024-12-02,9183
8027,鈦昇,7,0,7,群益金鼎-高雄,2024-12-02,9183
1718,中纖,6,0,6,群益金鼎-高雄,2024-12-02,9183
1808,潤隆,6,0,6,群益金鼎-高雄,2024-12-02,9183
6770,力積電,7,1,6,群益金鼎-高雄,2024-12-02,9183
2454,聯發科,9,3,6,群益金鼎-高雄,2024-12-02,9183
3706,神達,81,76,5,群益金鼎-高雄,2024-12-02,9183
9955,佳龍,5,0,5,群益金鼎-高雄,2024-12-02,9183
00946,群益科技高息成長,5,0,5,群益金鼎-高雄,2024-12-02,9183
2332,友訊,23,18,5,群益金鼎-高雄,2024-12-02,9183
3003,健和興,5,0,5,群益金鼎-高雄,2024-12-02,9183
00918,大華優利高填息30,87,0,87,群益金鼎-高雄,2024-12-03,9183
6962,ITH-KY,74,0,74,群益金鼎-高雄,2024-12-03,9183
00919,群益台灣精選高息,70,3,67,群益金鼎-高雄,2024-12-03,9183
2367,燿華,60,1,59,群益金鼎-高雄,2024-12-03,9183
3010,華立,50,0,50,群益金鼎-高雄,2024-12-03,9183
5353,台林,53,7,46,群益金鼎-高雄,2024-12-03,9183
00940,元大台灣價值高息,50,5,45,群益金鼎-高雄,2024-12-03,9183
3511,矽瑪,45,2,43,群益金鼎-高雄,2024-12-03,9183
1587,吉茂,43,0,43,群益金鼎-高雄,2024-12-03,9183
1471,首利,40,0,40,群益金鼎-高雄,2024-12-03,9183
4303,信立,174,140,34,群益金鼎-高雄,2024-12-03,9183
2444,兆勁,32,1,31,群益金鼎-高雄,2024-12-03,9183
00907,永豐優息存股,30,0,30,群益金鼎-高雄,2024-12-03,9183
00900,富邦特選高股息30,30,0,30,群益金鼎-高雄,2024-12-03,9183
1442,名軒,35,5,30,群益金鼎-高雄,2024-12-03,9183
6005,群益證,30,0,30,群益金鼎-高雄,2024-12-03,9183
00878,國泰永續高股息,96,67,29,群益金鼎-高雄,2024-12-03,9183
4977,眾達-KY,58,29,29,群益金鼎-高雄,2024-12-03,9183
1815,富喬,27,5,22,群益金鼎-高雄,2024-12-03,9183
2317,鴻海,23,4,19,群益金鼎-高雄,2024-12-03,9183
2882,國泰金,27,10,17,群益金鼎-高雄,2024-12-03,9183
1605,華新,18,2,16,群益金鼎-高雄,2024-12-03,9183
3045,台灣大,16,0,16,群益金鼎-高雄,2024-12-03,9183
3090,日電貿,29,14,15,群益金鼎-高雄,2024-12-03,9183
2405,輔信,14,0,14,群益金鼎-高雄,2024-12-03,9183
4566,時碩工業,14,0,14,群益金鼎-高雄,2024-12-03,9183
00715L,期街口布蘭特正2,14,1,13,群益金鼎-高雄,2024-12-03,9183
00631L,元大台灣50正2,15,2,13,群益金鼎-高雄,2024-12-03,9183
00953B,群益優選非投等債,11,0,11,群益金鼎-高雄,2024-12-03,9183
1565,精華,11,0,11,群益金鼎-高雄,2024-12-03,9183
2316,楠梓電,11,0,11,群益金鼎-高雄,2024-12-03,9183
3040,遠見,11,0,11,群益金鼎-高雄,2024-12-03,9183
3583,辛耘,12,1,11,群益金鼎-高雄,2024-12-03,9183
6548,長科*,11,0,11,群益金鼎-高雄,2024-12-03,9183
1609,大亞,12,1,11,群益金鼎-高雄,2024-12-03,9183
5880,合庫金,10,0,10,群益金鼎-高雄,2024-12-03,9183
00770,國泰北美科技,10,0,10,群益金鼎-高雄,2024-12-03,9183
006208,富邦台50,10,0,10,群益金鼎-高雄,2024-12-03,9183
2368,金像電,10,0,10,群益金鼎-高雄,2024-12-03,9183
3588,通嘉,10,0,10,群益金鼎-高雄,2024-12-03,9183
6174,安��,10,0,10,群益金鼎-高雄,2024-12-03,9183
6180,橘子,10,0,10,群益金鼎-高雄,2024-12-03,9183
8096,擎亞,10,0,10,群益金鼎-高雄,2024-12-03,9183
2722,夏都,9,0,9,群益金鼎-高雄,2024-12-03,9183
4510,高鋒,21,12,9,群益金鼎-高雄,2024-12-03,9183
2329,華泰,10,2,8,群益金鼎-高雄,2024-12-03,9183
4113,聯上,8,0,8,群益金鼎-高雄,2024-12-03,9183
6117,迎廣,10,3,7,群益金鼎-高雄,2024-12-03,9183
6177,達麗,7,0,7,群益金鼎-高雄,2024-12-03,9183
6216,居易,9,2,7,群益金鼎-高雄,2024-12-03,9183
00953B,群益優選非投等債,114,0,114,群益金鼎-高雄,2024-12-04,9183
2347,聯強,67,0,67,群益金鼎-高雄,2024-12-04,9183
00643,群益深証中小,455,405,50,群益金鼎-高雄,2024-12-04,9183
00687B,國泰20年美債,42,0,42,群益金鼎-高雄,2024-12-04,9183
2401,凌陽,37,0,37,群益金鼎-高雄,2024-12-04,9183
00918,大華優利高填息30,55,20,35,群益金鼎-高雄,2024-12-04,9183
9105,泰金寶-DR,105,70,35,群益金鼎-高雄,2024-12-04,9183
00795B,中信美國公債20年,33,0,33,群益金鼎-高雄,2024-12-04,9183
3591,艾笛森,52,20,32,群益金鼎-高雄,2024-12-04,9183
3625,西勝,46,16,30,群益金鼎-高雄,2024-12-04,9183
5905,南仁湖,30,0,30,群益金鼎-高雄,2024-12-04,9183
00937B,群益ESG投等債20,28,0,28,群益金鼎-高雄,2024-12-04,9183
00712,復華富時不動產,26,0,26,群益金鼎-高雄,2024-12-04,9183
1815,富喬,73,50,23,群益金鼎-高雄,2024-12-04,9183
00664R,國泰臺灣加權反1,20,0,20,群益金鼎-高雄,2024-12-04,9183
2633,台灣高鐵,20,0,20,群益金鼎-高雄,2024-12-04,9183
2897,王道銀行,20,0,20,群益金鼎-高雄,2024-12-04,9183
3013,晟銘電,19,1,18,群益金鼎-高雄,2024-12-04,9183
00679B,元大美債20年,15,0,15,群益金鼎-高雄,2024-12-04,9183
5328,華容,29,14,15,群益金鼎-高雄,2024-12-04,9183
00751B,元大AAA至A公司債,15,1,14,群益金鼎-高雄,2024-12-04,9183
3548,兆利,30,16,14,群益金鼎-高雄,2024-12-04,9183
1449,佳和,22,9,13,群益金鼎-高雄,2024-12-04,9183
2851,中再保,13,0,13,群益金鼎-高雄,2024-12-04,9183
3029,零壹,13,2,11,群益金鼎-高雄,2024-12-04,9183
00720B,元大投資級公司債,10,0,10,群益金鼎-高雄,2024-12-04,9183
6962,ITH-KY,12,2,10,群益金鼎-高雄,2024-12-04,9183
00680L,元大美債20正2,10,0,10,群益金鼎-高雄,2024-12-04,9183
6180,橘子,10,0,10,群益金鼎-高雄,2024-12-04,9183
2449,京元電子,11,2,9,群益金鼎-高雄,2024-12-04,9183
2312,金寶,9,0,9,群益金鼎-高雄,2024-12-04,9183
3045,台灣大,11,2,9,群益金鼎-高雄,2024-12-04,9183
6191,精成科,9,0,9,群益金鼎-高雄,2024-12-04,9183
6588,東典光電,9,0,9,群益金鼎-高雄,2024-12-04,9183
2392,正崴,18,10,8,群益金鼎-高雄,2024-12-04,9183
1605,華新,16,9,7,群益金鼎-高雄,2024-12-04,9183
1102,亞泥,7,0,7,群益金鼎-高雄,2024-12-04,9183
3019,亞光,10,3,7,群益金鼎-高雄,2024-12-04,9183
6285,啟��,8,1,7,群益金鼎-高雄,2024-12-04,9183
8467,波力-KY,8,1,7,群益金鼎-高雄,2024-12-04,9183
00909,國泰數位支付服務,6,0,6,群益金鼎-高雄,2024-12-04,9183
1584,精剛,6,0,6,群益金鼎-高雄,2024-12-04,9183
3036,文曄,6,0,6,群益金鼎-高雄,2024-12-04,9183
3163,波若威,7,1,6,群益金鼎-高雄,2024-12-04,9183
8171,天宇,15,9,6,群益金鼎-高雄,2024-12-04,9183
4763,材料-KY,5,0,5,群益金鼎-高雄,2024-12-04,9183
6505,台塑化,5,0,5,群益金鼎-高雄,2024-12-04,9183
0056,元大高股息,5,0,5,群益金鼎-高雄,2024-12-04,9183
6442,光聖,12,7,5,群益金鼎-高雄,2024-12-04,9183
1218,泰山,5,0,5,群益金鼎-高雄,2024-12-04,9183
2542,興富發,130,2,128,群益金鼎-高雄,2024-12-05,9183
2439,美律,90,0,90,群益金鼎-高雄,2024-12-05,9183
9105,泰金寶-DR,80,10,70,群益金鼎-高雄,2024-12-05,9183
00918,大華優利高填息30,60,0,60,群益金鼎-高雄,2024-12-05,9183
00924,復華S＆P500成長,60,0,60,群益金鼎-高雄,2024-12-05,9183
3010,華立,52,1,51,群益金鼎-高雄,2024-12-05,9183
00643,群益深証中小,505,455,50,群益金鼎-高雄,2024-12-05,9183
1524,耿鼎,34,3,31,群益金鼎-高雄,2024-12-05,9183
6962,ITH-KY,33,2,31,群益金鼎-高雄,2024-12-05,9183
1718,中纖,30,0,30,群益金鼎-高雄,2024-12-05,9183
2457,飛宏,28,3,25,群益金鼎-高雄,2024-12-05,9183
3583,辛耘,26,5,21,群益金鼎-高雄,2024-12-05,9183
3594,磐儀,21,1,20,群益金鼎-高雄,2024-12-05,9183
3231,緯創,31,11,20,群益金鼎-高雄,2024-12-05,9183
1218,泰山,23,5,18,群益金鼎-高雄,2024-12-05,9183
2547,日勝生,16,0,16,群益金鼎-高雄,2024-12-05,9183
9904,寶成,16,0,16,群益金鼎-高雄,2024-12-05,9183
5905,南仁湖,15,0,15,群益金鼎-高雄,2024-12-05,9183
2615,萬海,18,4,14,群益金鼎-高雄,2024-12-05,9183
2302,麗正,14,0,14,群益金鼎-高雄,2024-12-05,9183
2344,華邦電,15,1,14,群益金鼎-高雄,2024-12-05,9183
2337,旺宏,14,1,13,群益金鼎-高雄,2024-12-05,9183
3490,單井,13,0,13,群益金鼎-高雄,2024-12-05,9183
3704,合勤控,13,0,13,群益金鼎-高雄,2024-12-05,9183
2317,鴻海,21,8,13,群益金鼎-高雄,2024-12-05,9183
3481,群創,12,0,12,群益金鼎-高雄,2024-12-05,9183
8171,天宇,15,3,12,群益金鼎-高雄,2024-12-05,9183
2834,臺企銀,10,0,10,群益金鼎-高雄,2024-12-05,9183
3003,健和興,15,5,10,群益金鼎-高雄,2024-12-05,9183
8938,明安,10,0,10,群益金鼎-高雄,2024-12-05,9183
00712,復華富時不動產,9,0,9,群益金鼎-高雄,2024-12-05,9183
2392,正崴,64,55,9,群益金鼎-高雄,2024-12-05,9183
00715L,期街口布蘭特正2,9,1,8,群益金鼎-高雄,2024-12-05,9183
2476,鉅祥,8,0,8,群益金鼎-高雄,2024-12-05,9183
5371,中光電,12,4,8,群益金鼎-高雄,2024-12-05,9183
2472,立隆電,10,3,7,群益金鼎-高雄,2024-12-05,9183
6127,九豪,10,3,7,群益金鼎-高雄,2024-12-05,9183
00909,國泰數位支付服務,21,15,6,群益金鼎-高雄,2024-12-05,9183
1336,台翰,6,0,6,群益金鼎-高雄,2024-12-05,9183
2431,聯昌,6,0,6,群益金鼎-高雄,2024-12-05,9183
3078,僑威,8,2,6,群益金鼎-高雄,2024-12-05,9183
5465,富驊,10,4,6,群益金鼎-高雄,2024-12-05,9183
6116,彩晶,6,0,6,群益金鼎-高雄,2024-12-05,9183
8070,長華*,6,0,6,群益金鼎-高雄,2024-12-05,9183
1736,喬山,6,0,6,群益金鼎-高雄,2024-12-05,9183
4977,眾達-KY,30,24,6,群益金鼎-高雄,2024-12-05,9183
2303,聯電,13,7,6,群益金鼎-高雄,2024-12-05,9183
2371,大同,11,6,5,群益金鼎-高雄,2024-12-05,9183
00710B,復華彭博非投等債,5,0,5,群益金鼎-高雄,2024-12-05,9183
00830,國泰費城半導體,5,0,5,群益金鼎-高雄,2024-12-05,9183
00753L,中信中國50正2,388,1,387,群益金鼎-高雄,2024-12-06,9183
00715L,期街口布蘭特正2,136,0,136,群益金鼎-高雄,2024-12-06,9183
3024,憶聲,51,0,51,群益金鼎-高雄,2024-12-06,9183
00953B,群益優選非投等債,40,0,40,群益金鼎-高雄,2024-12-06,9183
1524,耿鼎,40,10,30,群益金鼎-高雄,2024-12-06,9183
6588,東典光電,37,9,28,群益金鼎-高雄,2024-12-06,9183
00919,群益台灣精選高息,44,17,27,群益金鼎-高雄,2024-12-06,9183
3706,神達,194,169,25,群益金鼎-高雄,2024-12-06,9183
2023,燁輝,20,0,20,群益金鼎-高雄,2024-12-06,9183
00728,第一金工業30,20,0,20,群益金鼎-高雄,2024-12-06,9183
5244,弘凱,21,1,20,群益金鼎-高雄,2024-12-06,9183
00915,凱基優選高股息30,18,0,18,群益金鼎-高雄,2024-12-06,9183
2303,聯電,15,0,15,群益金鼎-高雄,2024-12-06,9183
1336,台翰,17,4,13,群益金鼎-高雄,2024-12-06,9183
3515,華擎,13,0,13,群益金鼎-高雄,2024-12-06,9183
2317,鴻海,15,3,12,群益金鼎-高雄,2024-12-06,9183
3013,晟銘電,11,0,11,群益金鼎-高雄,2024-12-06,9183
1464,得力,10,0,10,群益金鼎-高雄,2024-12-06,9183
5508,永信建,10,0,10,群益金鼎-高雄,2024-12-06,9183
2449,京元電子,15,5,10,群益金鼎-高雄,2024-12-06,9183
00642U,期元大S＆P石油,10,0,10,群益金鼎-高雄,2024-12-06,9183
00962,台新AI優息動能,10,0,10,群益金鼎-高雄,2024-12-06,9183
1436,華友聯,10,0,10,群益金鼎-高雄,2024-12-06,9183
1540,喬福,10,0,10,群益金鼎-高雄,2024-12-06,9183
911608,明輝-DR,10,0,10,群益金鼎-高雄,2024-12-06,9183
2368,金像電,10,0,10,群益金鼎-高雄,2024-12-06,9183
2337,旺宏,32,22,10,群益金鼎-高雄,2024-12-06,9183
5443,均豪,11,1,10,群益金鼎-高雄,2024-12-06,9183
2515,中工,10,1,9,群益金鼎-高雄,2024-12-06,9183
4735,豪展,9,0,9,群益金鼎-高雄,2024-12-06,9183
1736,喬山,8,0,8,群益金鼎-高雄,2024-12-06,9183
3450,聯鈞,15,8,7,群益金鼎-高雄,2024-12-06,9183
6173,信昌電,7,0,7,群益金鼎-高雄,2024-12-06,9183
1319,東陽,10,4,6,群益金鼎-高雄,2024-12-06,9183
2890,永豐金,6,0,6,群益金鼎-高雄,2024-12-06,9183
4303,信立,11,5,6,群益金鼎-高雄,2024-12-06,9183
6465,威潤,6,0,6,群益金鼎-高雄,2024-12-06,9183
1301,台塑,5,0,5,群益金鼎-高雄,2024-12-06,9183
00713,元大台灣高息低波,6,1,5,群益金鼎-高雄,2024-12-06,9183
00941,中信上游半導體,5,0,5,群益金鼎-高雄,2024-12-06,9183
00710B,復華彭博非投等債,5,0,5,群益金鼎-高雄,2024-12-06,9183
2392,正崴,15,10,5,群益金鼎-高雄,2024-12-06,9183
3535,晶彩科,5,0,5,群益金鼎-高雄,2024-12-06,9183
3686,達能,5,0,5,群益金鼎-高雄,2024-12-06,9183
6112,邁達特,56,51,5,群益金鼎-高雄,2024-12-06,9183
4919,新唐,8,3,5,群益金鼎-高雄,2024-12-06,9183
4510,高鋒,17,13,4,群益金鼎-高雄,2024-12-06,9183
8070,長華*,4,0,4,群益金鼎-高雄,2024-12-06,9183
2027,大成鋼,4,0,4,群益金鼎-高雄,2024-12-06,9183
8069,元太,6,2,4,群益金鼎-高雄,2024-12-06,9183
00918,大華優利高填息30,206,0,206,群益金鼎-高雄,2024-12-09,9183
2891,中信金,72,0,72,群益金鼎-高雄,2024-12-09,9183
00680L,元大美債20正2,70,0,70,群益金鼎-高雄,2024-12-09,9183
3607,谷崧,114,54,60,群益金鼎-高雄,2024-12-09,9183
2324,仁寶,64,15,49,群益金鼎-高雄,2024-12-09,9183
0056,元大高股息,44,1,43,群益金鼎-高雄,2024-12-09,9183
00968B,元大優息投等債,40,0,40,群益金鼎-高雄,2024-12-09,9183
8210,勤誠,43,4,39,群益金鼎-高雄,2024-12-09,9183
4513,福裕,30,0,30,群益金鼎-高雄,2024-12-09,9183
2883,凱基金,33,7,26,群益金鼎-高雄,2024-12-09,9183
6116,彩晶,25,0,25,群益金鼎-高雄,2024-12-09,9183
2317,鴻海,27,3,24,群益金鼎-高雄,2024-12-09,9183
5864,致和證,21,0,21,群益金鼎-高雄,2024-12-09,9183
1540,喬福,20,0,20,群益金鼎-高雄,2024-12-09,9183
3706,神達,86,70,16,群益金鼎-高雄,2024-12-09,9183
00909,國泰數位支付服務,22,6,16,群益金鼎-高雄,2024-12-09,9183
4113,聯上,16,0,16,群益金鼎-高雄,2024-12-09,9183
4977,眾達-KY,38,23,15,群益金鼎-高雄,2024-12-09,9183
2303,聯電,16,2,14,群益金鼎-高雄,2024-12-09,9183
2344,華邦電,16,2,14,群益金鼎-高雄,2024-12-09,9183
2354,鴻準,59,46,13,群益金鼎-高雄,2024-12-09,9183
1718,中纖,18,6,12,群益金鼎-高雄,2024-12-09,9183
2449,京元電子,13,1,12,群益金鼎-高雄,2024-12-09,9183
5508,永信建,11,0,11,群益金鼎-高雄,2024-12-09,9183
00930,永豐ESG低碳高息,11,0,11,群益金鼎-高雄,2024-12-09,9183
1101,台泥,10,0,10,群益金鼎-高雄,2024-12-09,9183
2392,正崴,13,3,10,群益金鼎-高雄,2024-12-09,9183
00642U,期元大S＆P石油,10,0,10,群益金鼎-高雄,2024-12-09,9183
2010,春源,10,0,10,群益金鼎-高雄,2024-12-09,9183
3032,偉訓,15,5,10,群益金鼎-高雄,2024-12-09,9183
4532,瑞智,10,0,10,群益金鼎-高雄,2024-12-09,9183
5905,南仁湖,10,0,10,群益金鼎-高雄,2024-12-09,9183
3693,營邦,10,1,9,群益金鼎-高雄,2024-12-09,9183
8163,達方,10,1,9,群益金鼎-高雄,2024-12-09,9183
2337,旺宏,9,0,9,群益金鼎-高雄,2024-12-09,9183
1605,華新,10,2,8,群益金鼎-高雄,2024-12-09,9183
1612,宏泰,8,0,8,群益金鼎-高雄,2024-12-09,9183
2348,海悅,8,0,8,群益金鼎-高雄,2024-12-09,9183
2472,立隆電,9,1,8,群益金鼎-高雄,2024-12-09,9183
2611,志信,10,2,8,群益金鼎-高雄,2024-12-09,9183
3481,群創,8,0,8,群益金鼎-高雄,2024-12-09,9183
2374,佳能,14,6,8,群益金鼎-高雄,2024-12-09,9183
3289,宜特,7,0,7,群益金鼎-高雄,2024-12-09,9183
2453,凌群,21,14,7,群益金鼎-高雄,2024-12-09,9183
1301,台塑,10,4,6,群益金鼎-高雄,2024-12-09,9183
3062,建漢,6,0,6,群益金鼎-高雄,2024-12-09,9183
00679B,元大美債20年,260,254,6,群益金鼎-高雄,2024-12-09,9183
2332,友訊,15,9,6,群益金鼎-高雄,2024-12-09,9183
2409,友達,6,0,6,群益金鼎-高雄,2024-12-09,9183
3033,威健,6,0,6,群益金鼎-高雄,2024-12-09,9183
00687B,國泰20年美債,54,2,52,群益金鼎-高雄,2024-12-10,9183
1301,台塑,63,14,49,群益金鼎-高雄,2024-12-10,9183
2317,鴻海,38,4,34,群益金鼎-高雄,2024-12-10,9183
8429,金麗-KY,33,0,33,群益金鼎-高雄,2024-12-10,9183
00631L,元大台灣50正2,33,1,32,群益金鼎-高雄,2024-12-10,9183
4513,福裕,30,0,30,群益金鼎-高雄,2024-12-10,9183
00679B,元大美債20年,276,250,26,群益金鼎-高雄,2024-12-10,9183
2027,大成鋼,25,0,25,群益金鼎-高雄,2024-12-10,9183
00909,國泰數位支付服務,25,1,24,群益金鼎-高雄,2024-12-10,9183
00680L,元大美債20正2,24,0,24,群益金鼎-高雄,2024-12-10,9183
2615,萬海,20,3,17,群益金鼎-高雄,2024-12-10,9183
1449,佳和,26,11,15,群益金鼎-高雄,2024-12-10,9183
3257,虹冠電,15,0,15,群益金鼎-高雄,2024-12-10,9183
6127,九豪,16,1,15,群益金鼎-高雄,2024-12-10,9183
00937B,群益ESG投等債20,15,0,15,群益金鼎-高雄,2024-12-10,9183
00919,群益台灣精選高息,18,4,14,群益金鼎-高雄,2024-12-10,9183
1587,吉茂,14,0,14,群益金鼎-高雄,2024-12-10,9183
2342,茂矽,13,0,13,群益金鼎-高雄,2024-12-10,9183
1718,中纖,18,6,12,群益金鼎-高雄,2024-12-10,9183
2618,長榮航,15,3,12,群益金鼎-高雄,2024-12-10,9183
00952,凱基台灣AI50,11,0,11,群益金鼎-高雄,2024-12-10,9183
1101,台泥,11,0,11,群益金鼎-高雄,2024-12-10,9183
3490,單井,11,0,11,群益金鼎-高雄,2024-12-10,9183
4114,健喬,11,0,11,群益金鼎-高雄,2024-12-10,9183
912000,晨訊科-DR,11,0,11,群益金鼎-高雄,2024-12-10,9183
2890,永豐金,10,0,10,群益金鼎-高雄,2024-12-10,9183
5202,力新,15,5,10,群益金鼎-高雄,2024-12-10,9183
3706,神達,104,94,10,群益金鼎-高雄,2024-12-10,9183
3693,營邦,10,0,10,群益金鼎-高雄,2024-12-10,9183
00751B,元大AAA至A公司債,10,0,10,群益金鼎-高雄,2024-12-10,9183
1540,喬福,20,10,10,群益金鼎-高雄,2024-12-10,9183
2929,淘帝-KY,10,1,9,群益金鼎-高雄,2024-12-10,9183
2353,宏��,21,13,8,群益金鼎-高雄,2024-12-10,9183
6558,興能高,23,15,8,群益金鼎-高雄,2024-12-10,9183
8104,錸寶,9,1,8,群益金鼎-高雄,2024-12-10,9183
4510,高鋒,9,2,7,群益金鼎-高雄,2024-12-10,9183
5309,系統電,10,3,7,群益金鼎-高雄,2024-12-10,9183
3231,緯創,7,0,7,群益金鼎-高雄,2024-12-10,9183
00675L,富邦臺灣加權正2,12,6,6,群益金鼎-高雄,2024-12-10,9183
00922,國泰台灣領袖50,6,0,6,群益金鼎-高雄,2024-12-10,9183
00953B,群益優選非投等債,6,0,6,群益金鼎-高雄,2024-12-10,9183
1303,南亞,6,0,6,群益金鼎-高雄,2024-12-10,9183
2374,佳能,8,2,6,群益金鼎-高雄,2024-12-10,9183
3447,展達,6,0,6,群益金鼎-高雄,2024-12-10,9183
3597,映興,6,0,6,群益金鼎-高雄,2024-12-10,9183
3628,盈正,6,0,6,群益金鼎-高雄,2024-12-10,9183
3704,合勤控,6,0,6,群益金鼎-高雄,2024-12-10,9183
4113,聯上,12,6,6,群益金鼎-高雄,2024-12-10,9183
5328,華容,21,15,6,群益金鼎-高雄,2024-12-10,9183
6592,和潤企業,6,0,6,群益金鼎-高雄,2024-12-10,9183
00720B,元大投資級公司債,164,0,164,群益金鼎-高雄,2024-12-11,9183
00896,中信綠能及電動車,55,0,55,群益金鼎-高雄,2024-12-11,9183
00951,台新日本半導體,50,0,50,群益金鼎-高雄,2024-12-11,9183
00919,群益台灣精選高息,60,10,50,群益金鼎-高雄,2024-12-11,9183
2609,陽明,62,13,49,群益金鼎-高雄,2024-12-11,9183
00918,大華優利高填息30,34,3,31,群益金鼎-高雄,2024-12-11,9183
1808,潤隆,31,0,31,群益金鼎-高雄,2024-12-11,9183
6548,長科*,30,0,30,群益金鼎-高雄,2024-12-11,9183
911608,明輝-DR,30,0,30,群益金鼎-高雄,2024-12-11,9183
3704,合勤控,26,0,26,群益金鼎-高雄,2024-12-11,9183
2002,中鋼,28,3,25,群益金鼎-高雄,2024-12-11,9183
00687B,國泰20年美債,23,0,23,群益金鼎-高雄,2024-12-11,9183
9933,中鼎,21,0,21,群益金鼎-高雄,2024-12-11,9183
2027,大成鋼,21,0,21,群益金鼎-高雄,2024-12-11,9183
2317,鴻海,43,23,20,群益金鼎-高雄,2024-12-11,9183
6770,力積電,25,5,20,群益金鼎-高雄,2024-12-11,9183
3515,華擎,19,0,19,群益金鼎-高雄,2024-12-11,9183
00680L,元大美債20正2,17,0,17,群益金鼎-高雄,2024-12-11,9183
2382,廣達,17,1,16,群益金鼎-高雄,2024-12-11,9183
2618,長榮航,29,13,16,群益金鼎-高雄,2024-12-11,9183
6188,廣明,16,0,16,群益金鼎-高雄,2024-12-11,9183
2330,台積電,18,2,16,群益金鼎-高雄,2024-12-11,9183
0056,元大高股息,17,1,16,群益金鼎-高雄,2024-12-11,9183
00909,國泰數位支付服務,15,0,15,群益金鼎-高雄,2024-12-11,9183
1605,華新,15,0,15,群益金鼎-高雄,2024-12-11,9183
1714,和桐,15,0,15,群益金鼎-高雄,2024-12-11,9183
2316,楠梓電,15,0,15,群益金鼎-高雄,2024-12-11,9183
2324,仁寶,19,5,14,群益金鼎-高雄,2024-12-11,9183
1220,台榮,13,0,13,群益金鼎-高雄,2024-12-11,9183
3402,漢科,13,0,13,群益金鼎-高雄,2024-12-11,9183
00637L,元大滬深300正2,13,0,13,群益金鼎-高雄,2024-12-11,9183
1316,上曜,12,0,12,群益金鼎-高雄,2024-12-11,9183
2303,聯電,16,5,11,群益金鼎-高雄,2024-12-11,9183
2408,南亞科,11,0,11,群益金鼎-高雄,2024-12-11,9183
00940,元大台灣價值高息,11,0,11,群益金鼎-高雄,2024-12-11,9183
2344,華邦電,18,7,11,群益金鼎-高雄,2024-12-11,9183
6213,聯茂,11,0,11,群益金鼎-高雄,2024-12-11,9183
3693,營邦,10,0,10,群益金鼎-高雄,2024-12-11,9183
4167,松瑞藥,10,0,10,群益金鼎-高雄,2024-12-11,9183
4532,瑞智,10,0,10,群益金鼎-高雄,2024-12-11,9183
3663,鑫科,10,1,9,群益金鼎-高雄,2024-12-11,9183
6112,邁達特,13,4,9,群益金鼎-高雄,2024-12-11,9183
2049,上銀,10,1,9,群益金鼎-高雄,2024-12-11,9183
2615,萬海,18,10,8,群益金鼎-高雄,2024-12-11,9183
6167,久正,8,0,8,群益金鼎-高雄,2024-12-11,9183
6235,華孚,8,0,8,群益金鼎-高雄,2024-12-11,9183
6962,ITH-KY,9,1,8,群益金鼎-高雄,2024-12-11,9183
2388,威盛,11,4,7,群益金鼎-高雄,2024-12-11,9183
2392,正崴,8,1,7,群益金鼎-高雄,2024-12-11,9183
4576,大銀微系統,45,38,7,群益金鼎-高雄,2024-12-11,9183
00753L,中信中國50正2,251,100,151,群益金鼎-高雄,2024-12-12,9183
00680L,元大美債20正2,84,0,84,群益金鼎-高雄,2024-12-12,9183
1540,喬福,52,3,49,群益金鼎-高雄,2024-12-12,9183
2312,金寶,44,4,40,群益金鼎-高雄,2024-12-12,9183
00687B,國泰20年美債,38,10,28,群益金鼎-高雄,2024-12-12,9183
1524,耿鼎,42,20,22,群益金鼎-高雄,2024-12-12,9183
3017,奇鋐,19,4,15,群益金鼎-高雄,2024-12-12,9183
00795B,中信美國公債20年,15,0,15,群益金鼎-高雄,2024-12-12,9183
00918,大華優利高填息30,15,0,15,群益金鼎-高雄,2024-12-12,9183
1218,泰山,15,0,15,群益金鼎-高雄,2024-12-12,9183
00937B,群益ESG投等債20,39,25,14,群益金鼎-高雄,2024-12-12,9183
2027,大成鋼,14,0,14,群益金鼎-高雄,2024-12-12,9183
2891,中信金,26,12,14,群益金鼎-高雄,2024-12-12,9183
6175,立敦,13,0,13,群益金鼎-高雄,2024-12-12,9183
6505,台塑化,14,1,13,群益金鼎-高雄,2024-12-12,9183
5880,合庫金,12,0,12,群益金鼎-高雄,2024-12-12,9183
00896,中信綠能及電動車,12,0,12,群益金鼎-高雄,2024-12-12,9183
2427,三商電,13,1,12,群益金鼎-高雄,2024-12-12,9183
2354,鴻準,45,33,12,群益金鼎-高雄,2024-12-12,9183
3481,群創,26,15,11,群益金鼎-高雄,2024-12-12,9183
2449,京元電子,10,0,10,群益金鼎-高雄,2024-12-12,9183
00671R,富邦NASDAQ反1,10,0,10,群益金鼎-高雄,2024-12-12,9183
1808,潤隆,10,0,10,群益金鼎-高雄,2024-12-12,9183
3402,漢科,10,0,10,群益金鼎-高雄,2024-12-12,9183
5392,能率,10,0,10,群益金鼎-高雄,2024-12-12,9183
3029,零壹,62,53,9,群益金鼎-高雄,2024-12-12,9183
2317,鴻海,26,17,9,群益金鼎-高雄,2024-12-12,9183
4153,鈺緯,8,0,8,群益金鼎-高雄,2024-12-12,9183
8104,錸寶,8,0,8,群益金鼎-高雄,2024-12-12,9183
6215,和椿,61,53,8,群益金鼎-高雄,2024-12-12,9183
1301,台塑,18,11,7,群益金鼎-高雄,2024-12-12,9183
4979,華星光,15,8,7,群益金鼎-高雄,2024-12-12,9183
2371,大同,7,0,7,群益金鼎-高雄,2024-12-12,9183
3019,亞光,19,12,7,群益金鼎-高雄,2024-12-12,9183
00631L,元大台灣50正2,6,0,6,群益金鼎-高雄,2024-12-12,9183
3498,陽程,17,11,6,群益金鼎-高雄,2024-12-12,9183
1718,中纖,6,0,6,群益金鼎-高雄,2024-12-12,9183
2002,中鋼,12,6,6,群益金鼎-高雄,2024-12-12,9183
2867,三商壽,6,0,6,群益金鼎-高雄,2024-12-12,9183
8374,羅昇,17,11,6,群益金鼎-高雄,2024-12-12,9183
00712,復華富時不動產,6,0,6,群益金鼎-高雄,2024-12-12,9183
3023,信邦,5,0,5,群益金鼎-高雄,2024-12-12,9183
3025,星通,5,0,5,群益金鼎-高雄,2024-12-12,9183
2201,裕隆,5,0,5,群益金鼎-高雄,2024-12-12,9183
6451,訊芯-KY,21,16,5,群益金鼎-高雄,2024-12-12,9183
2382,廣達,5,0,5,群益金鼎-高雄,2024-12-12,9183
00882,中信中國高股息,8,3,5,群益金鼎-高雄,2024-12-12,9183
2406,國碩,5,0,5,群益金鼎-高雄,2024-12-12,9183
2450,神腦,5,0,5,群益金鼎-高雄,2024-12-12,9183
2887,台新金,5,0,5,群益金鼎-高雄,2024-12-12,9183
6163,華電網,87,0,87,群益金鼎-高雄,2024-12-13,9183
00937B,群益ESG投等債20,84,0,84,群益金鼎-高雄,2024-12-13,9183
2409,友達,51,0,51,群益金鼎-高雄,2024-12-13,9183
6244,茂迪,50,0,50,群益金鼎-高雄,2024-12-13,9183
1524,耿鼎,37,0,37,群益金鼎-高雄,2024-12-13,9183
00919,群益台灣精選高息,36,0,36,群益金鼎-高雄,2024-12-13,9183
00687B,國泰20年美債,30,0,30,群益金鼎-高雄,2024-12-13,9183
00940,元大台灣價值高息,32,2,30,群益金鼎-高雄,2024-12-13,9183
00959B,大華投等美債15Y+,30,0,30,群益金鼎-高雄,2024-12-13,9183
2883,凱基金,35,5,30,群益金鼎-高雄,2024-12-13,9183
1314,中石化,26,0,26,群益金鼎-高雄,2024-12-13,9183
6116,彩晶,23,0,23,群益金鼎-高雄,2024-12-13,9183
3231,緯創,25,2,23,群益金鼎-高雄,2024-12-13,9183
2618,長榮航,27,5,22,群益金鼎-高雄,2024-12-13,9183
1101,台泥,21,0,21,群益金鼎-高雄,2024-12-13,9183
2353,宏��,21,0,21,群益金鼎-高雄,2024-12-13,9183
00637L,元大滬深300正2,35,15,20,群益金鼎-高雄,2024-12-13,9183
2405,輔信,20,0,20,群益金鼎-高雄,2024-12-13,9183
2492,華新科,20,0,20,群益金鼎-高雄,2024-12-13,9183
00915,凱基優選高股息30,19,0,19,群益金鼎-高雄,2024-12-13,9183
1218,泰山,15,0,15,群益金鼎-高雄,2024-12-13,9183
4113,聯上,15,0,15,群益金鼎-高雄,2024-12-13,9183
6863,永道-KY,15,0,15,群益金鼎-高雄,2024-12-13,9183
2104,國際中橡,13,0,13,群益金鼎-高雄,2024-12-13,9183
2515,中工,13,0,13,群益金鼎-高雄,2024-12-13,9183
2547,日勝生,13,0,13,群益金鼎-高雄,2024-12-13,9183
5880,合庫金,12,0,12,群益金鼎-高雄,2024-12-13,9183
2301,光寶科,12,0,12,群益金鼎-高雄,2024-12-13,9183
1605,華新,17,5,12,群益金鼎-高雄,2024-12-13,9183
2002,中鋼,11,0,11,群益金鼎-高雄,2024-12-13,9183
5278,尚凡*,11,0,11,群益金鼎-高雄,2024-12-13,9183
00929,復華台灣科技優息,11,0,11,群益金鼎-高雄,2024-12-13,9183
0056,元大高股息,15,5,10,群益金鼎-高雄,2024-12-13,9183
00680L,元大美債20正2,10,0,10,群益金鼎-高雄,2024-12-13,9183
00900,富邦特選高股息30,10,0,10,群益金鼎-高雄,2024-12-13,9183
00795B,中信美國公債20年,11,1,10,群益金鼎-高雄,2024-12-13,9183
00953B,群益優選非投等債,10,0,10,群益金鼎-高雄,2024-12-13,9183
1540,喬福,10,0,10,群益金鼎-高雄,2024-12-13,9183
2356,英業達,18,8,10,群益金鼎-高雄,2024-12-13,9183
3362,先進光,10,0,10,群益金鼎-高雄,2024-12-13,9183
4930,燦星網,10,0,10,群益金鼎-高雄,2024-12-13,9183
5521,工信,10,0,10,群益金鼎-高雄,2024-12-13,9183
00878,國泰永續高股息,13,4,9,群益金鼎-高雄,2024-12-13,9183
00679B,元大美債20年,9,0,9,群益金鼎-高雄,2024-12-13,9183
9933,中鼎,9,0,9,群益金鼎-高雄,2024-12-13,9183
2317,鴻海,40,32,8,群益金鼎-高雄,2024-12-13,9183
6962,ITH-KY,9,1,8,群益金鼎-高雄,2024-12-13,9183
8027,鈦昇,8,0,8,群益金鼎-高雄,2024-12-13,9183
1220,台榮,8,0,8,群益金鼎-高雄,2024-12-13,9183
1808,潤隆,10,2,8,群益金鼎-高雄,2024-12-13,9183
00937B,群益ESG投等債20,147,0,147,群益金鼎-高雄,2024-12-16,9183
1569,濱川,81,13,68,群益金鼎-高雄,2024-12-16,9183
2002,中鋼,70,6,64,群益金鼎-高雄,2024-12-16,9183
3231,緯創,52,2,50,群益金鼎-高雄,2024-12-16,9183
00905,FT臺灣Smart,60,14,46,群益金鼎-高雄,2024-12-16,9183
2618,長榮航,53,14,39,群益金鼎-高雄,2024-12-16,9183
00915,凱基優選高股息30,39,1,38,群益金鼎-高雄,2024-12-16,9183
00918,大華優利高填息30,58,20,38,群益金鼎-高雄,2024-12-16,9183
3037,欣興,32,1,31,群益金鼎-高雄,2024-12-16,9183
00680L,元大美債20正2,31,0,31,群益金鼎-高雄,2024-12-16,9183
2382,廣達,23,1,22,群益金鼎-高雄,2024-12-16,9183
00687B,國泰20年美債,20,0,20,群益金鼎-高雄,2024-12-16,9183
00962,台新AI優息動能,20,0,20,群益金鼎-高雄,2024-12-16,9183
3515,華擎,20,0,20,群益金鼎-高雄,2024-12-16,9183
2317,鴻海,26,8,18,群益金鼎-高雄,2024-12-16,9183
1218,泰山,20,2,18,群益金鼎-高雄,2024-12-16,9183
00940,元大台灣價值高息,17,0,17,群益金鼎-高雄,2024-12-16,9183
2646,星宇航空,17,0,17,群益金鼎-高雄,2024-12-16,9183
2367,燿華,17,0,17,群益金鼎-高雄,2024-12-16,9183
2312,金寶,22,6,16,群益金鼎-高雄,2024-12-16,9183
2609,陽明,356,340,16,群益金鼎-高雄,2024-12-16,9183
2354,鴻準,58,43,15,群益金鼎-高雄,2024-12-16,9183
3013,晟銘電,16,1,15,群益金鼎-高雄,2024-12-16,9183
00878,國泰永續高股息,14,0,14,群益金鼎-高雄,2024-12-16,9183
2027,大成鋼,13,0,13,群益金鼎-高雄,2024-12-16,9183
9105,泰金寶-DR,24,11,13,群益金鼎-高雄,2024-12-16,9183
00632R,元大台灣50反1,12,0,12,群益金鼎-高雄,2024-12-16,9183
2338,光罩,14,2,12,群益金鼎-高雄,2024-12-16,9183
3481,群創,13,1,12,群益金鼎-高雄,2024-12-16,9183
00924,復華S＆P500成長,11,0,11,群益金鼎-高雄,2024-12-16,9183
8074,鉅橡,11,0,11,群益金鼎-高雄,2024-12-16,9183
00857B,永豐20年美公債,10,0,10,群益金鼎-高雄,2024-12-16,9183
1605,華新,14,4,10,群益金鼎-高雄,2024-12-16,9183
1708,東鹼,10,0,10,群益金鼎-高雄,2024-12-16,9183
1815,富喬,18,8,10,群益金鼎-高雄,2024-12-16,9183
2342,茂矽,10,0,10,群益金鼎-高雄,2024-12-16,9183
2423,固緯,10,0,10,群益金鼎-高雄,2024-12-16,9183
4114,健喬,10,0,10,群益金鼎-高雄,2024-12-16,9183
4532,瑞智,10,0,10,群益金鼎-高雄,2024-12-16,9183
2449,京元電子,21,12,9,群益金鼎-高雄,2024-12-16,9183
2615,萬海,18,9,9,群益金鼎-高雄,2024-12-16,9183
6108,競國,14,5,9,群益金鼎-高雄,2024-12-16,9183
6719,力智,9,0,9,群益金鼎-高雄,2024-12-16,9183
3062,建漢,10,2,8,群益金鼎-高雄,2024-12-16,9183
00893,國泰智能電動車,8,0,8,群益金鼎-高雄,2024-12-16,9183
8249,菱光,15,8,7,群益金鼎-高雄,2024-12-16,9183
8374,羅昇,12,5,7,群益金鼎-高雄,2024-12-16,9183
2887,台新金,6,0,6,群益金鼎-高雄,2024-12-16,9183
3450,聯鈞,48,42,6,群益金鼎-高雄,2024-12-16,9183
3706,神達,46,40,6,群益金鼎-高雄,2024-12-16,9183
00753L,中信中國50正2,380,0,380,群益金鼎-高雄,2024-12-17,9183
00948B,中信優息投資級債,53,0,53,群益金鼎-高雄,2024-12-17,9183
6425,易發,56,10,46,群益金鼎-高雄,2024-12-17,9183
2834,臺企銀,43,0,43,群益金鼎-高雄,2024-12-17,9183
2002,中鋼,52,10,42,群益金鼎-高雄,2024-12-17,9183
8210,勤誠,40,0,40,群益金鼎-高雄,2024-12-17,9183
00937B,群益ESG投等債20,93,55,38,群益金鼎-高雄,2024-12-17,9183
2303,聯電,55,17,38,群益金鼎-高雄,2024-12-17,9183
00940,元大台灣價值高息,50,13,37,群益金鼎-高雄,2024-12-17,9183
00909,國泰數位支付服務,41,8,33,群益金鼎-高雄,2024-12-17,9183
00764B,群益25年美債,204,173,31,群益金鼎-高雄,2024-12-17,9183
00757,統一FANG+,31,0,31,群益金鼎-高雄,2024-12-17,9183
00679B,元大美債20年,33,3,30,群益金鼎-高雄,2024-12-17,9183
4532,瑞智,20,0,20,群益金鼎-高雄,2024-12-17,9183
1101,台泥,21,2,19,群益金鼎-高雄,2024-12-17,9183
1301,台塑,25,6,19,群益金鼎-高雄,2024-12-17,9183
9933,中鼎,19,0,19,群益金鼎-高雄,2024-12-17,9183
2359,所羅門,56,40,16,群益金鼎-高雄,2024-12-17,9183
2883,凱基金,16,1,15,群益金鼎-高雄,2024-12-17,9183
0056,元大高股息,15,0,15,群益金鼎-高雄,2024-12-17,9183
00713,元大台灣高息低波,15,0,15,群益金鼎-高雄,2024-12-17,9183
2382,廣達,14,0,14,群益金鼎-高雄,2024-12-17,9183
5880,合庫金,14,1,13,群益金鼎-高雄,2024-12-17,9183
3035,智原,23,12,11,群益金鼎-高雄,2024-12-17,9183
2882,國泰金,12,1,11,群益金鼎-高雄,2024-12-17,9183
3702,大聯大,12,1,11,群益金鼎-高雄,2024-12-17,9183
5871,中租-KY,11,1,10,群益金鼎-高雄,2024-12-17,9183
3323,加百裕,10,0,10,群益金鼎-高雄,2024-12-17,9183
8358,金居,10,0,10,群益金鼎-高雄,2024-12-17,9183
4763,材料-KY,10,0,10,群益金鼎-高雄,2024-12-17,9183
3231,緯創,13,3,10,群益金鼎-高雄,2024-12-17,9183
3481,群創,9,0,9,群益金鼎-高雄,2024-12-17,9183
6005,群益證,8,0,8,群益金鼎-高雄,2024-12-17,9183
2352,佳世達,8,0,8,群益金鼎-高雄,2024-12-17,9183
6216,居易,10,2,8,群益金鼎-高雄,2024-12-17,9183
6241,易通展,8,0,8,群益金鼎-高雄,2024-12-17,9183
6405,悅城,8,0,8,群益金鼎-高雄,2024-12-17,9183
2317,鴻海,13,5,8,群益金鼎-高雄,2024-12-17,9183
2301,光寶科,7,0,7,群益金鼎-高雄,2024-12-17,9183
2354,鴻準,29,22,7,群益金鼎-高雄,2024-12-17,9183
2412,中華電,7,0,7,群益金鼎-高雄,2024-12-17,9183
2468,華經,12,5,7,群益金鼎-高雄,2024-12-17,9183
2880,華南金,7,1,6,群益金鼎-高雄,2024-12-17,9183
2464,盟立,6,0,6,群益金鼎-高雄,2024-12-17,9183
1531,高林股,6,0,6,群益金鼎-高雄,2024-12-17,9183
1536,和大,9,3,6,群益金鼎-高雄,2024-12-17,9183
3169,亞信,6,0,6,群益金鼎-高雄,2024-12-17,9183
6112,邁達特,6,0,6,群益金鼎-高雄,2024-12-17,9183
8044,網家,8,2,6,群益金鼎-高雄,2024-12-17,9183
2609,陽明,17,12,5,群益金鼎-高雄,2024-12-17,9183
00918,大華優利高填息30,142,0,142,群益金鼎-高雄,2024-12-18,9183
9105,泰金寶-DR,257,146,111,群益金鼎-高雄,2024-12-18,9183
00919,群益台灣精選高息,61,12,49,群益金鼎-高雄,2024-12-18,9183
2547,日勝生,28,3,25,群益金鼎-高雄,2024-12-18,9183
00712,復華富時不動產,24,0,24,群益金鼎-高雄,2024-12-18,9183
3230,錦明,17,0,17,群益金鼎-高雄,2024-12-18,9183
6174,安��,25,9,16,群益金鼎-高雄,2024-12-18,9183
3029,零壹,28,13,15,群益金鼎-高雄,2024-12-18,9183
1314,中石化,13,0,13,群益金鼎-高雄,2024-12-18,9183
3312,弘憶股,20,7,13,群益金鼎-高雄,2024-12-18,9183
2303,聯電,36,25,11,群益金鼎-高雄,2024-12-18,9183
2312,金寶,14,3,11,群益金鼎-高雄,2024-12-18,9183
00687B,國泰20年美債,11,0,11,群益金鼎-高雄,2024-12-18,9183
2002,中鋼,10,0,10,群益金鼎-高雄,2024-12-18,9183
00968B,元大優息投等債,10,0,10,群益金鼎-高雄,2024-12-18,9183
00909,國泰數位支付服務,12,2,10,群益金鼎-高雄,2024-12-18,9183
6531,愛普*,12,2,10,群益金鼎-高雄,2024-12-18,9183
2392,正崴,10,0,10,群益金鼎-高雄,2024-12-18,9183
2449,京元電子,12,2,10,群益金鼎-高雄,2024-12-18,9183
6142,友勁,9,0,9,群益金鼎-高雄,2024-12-18,9183
4991,環宇-KY,15,7,8,群益金鼎-高雄,2024-12-18,9183
1815,富喬,17,9,8,群益金鼎-高雄,2024-12-18,9183
3211,順達,46,38,8,群益金鼎-高雄,2024-12-18,9183
2887,台新金,7,0,7,群益金鼎-高雄,2024-12-18,9183
8249,菱光,13,6,7,群益金鼎-高雄,2024-12-18,9183
2354,鴻準,20,13,7,群益金鼎-高雄,2024-12-18,9183
5871,中租-KY,8,1,7,群益金鼎-高雄,2024-12-18,9183
2359,所羅門,21,14,7,群益金鼎-高雄,2024-12-18,9183
4540,全球傳動,63,57,6,群益金鼎-高雄,2024-12-18,9183
00632R,元大台灣50反1,7,1,6,群益金鼎-高雄,2024-12-18,9183
2886,兆豐金,10,4,6,群益金鼎-高雄,2024-12-18,9183
1504,東元,6,0,6,群益金鼎-高雄,2024-12-18,9183
3483,力致,6,0,6,群益金鼎-高雄,2024-12-18,9183
5484,慧友,6,0,6,群益金鼎-高雄,2024-12-18,9183
6209,今國光,7,1,6,群益金鼎-高雄,2024-12-18,9183
2543,皇昌,6,0,6,群益金鼎-高雄,2024-12-18,9183
1785,光洋科,6,0,6,群益金鼎-高雄,2024-12-18,9183
3665,貿聯-KY,7,2,5,群益金鼎-高雄,2024-12-18,9183
00937B,群益ESG投等債20,5,0,5,群益金鼎-高雄,2024-12-18,9183
00643,群益深証中小,415,410,5,群益金鼎-高雄,2024-12-18,9183
1708,東鹼,5,0,5,群益金鼎-高雄,2024-12-18,9183
2399,映泰,10,5,5,群益金鼎-高雄,2024-12-18,9183
3535,晶彩科,5,0,5,群益金鼎-高雄,2024-12-18,9183
3687,歐買尬,5,0,5,群益金鼎-高雄,2024-12-18,9183
4303,信立,31,26,5,群益金鼎-高雄,2024-12-18,9183
2059,川湖,7,2,5,群益金鼎-高雄,2024-12-18,9183
2382,廣達,7,2,5,群益金鼎-高雄,2024-12-18,9183
2049,上銀,16,12,4,群益金鼎-高雄,2024-12-18,9183
5328,華容,6,2,4,群益金鼎-高雄,2024-12-18,9183
2345,智邦,5,1,4,群益金鼎-高雄,2024-12-18,9183
9105,泰金寶-DR,582,145,437,群益金鼎-高雄,2024-12-19,9183
1785,光洋科,151,0,151,群益金鼎-高雄,2024-12-19,9183
00919,群益台灣精選高息,96,3,93,群益金鼎-高雄,2024-12-19,9183
2344,華邦電,55,2,53,群益金鼎-高雄,2024-12-19,9183
00937B,群益ESG投等債20,42,0,42,群益金鼎-高雄,2024-12-19,9183
00940,元大台灣價值高息,52,10,42,群益金鼎-高雄,2024-12-19,9183
0056,元大高股息,42,0,42,群益金鼎-高雄,2024-12-19,9183
00687B,國泰20年美債,41,0,41,群益金鼎-高雄,2024-12-19,9183
00918,大華優利高填息30,36,0,36,群益金鼎-高雄,2024-12-19,9183
00909,國泰數位支付服務,35,0,35,群益金鼎-高雄,2024-12-19,9183
00680L,元大美債20正2,35,0,35,群益金鼎-高雄,2024-12-19,9183
2883,凱基金,34,4,30,群益金鼎-高雄,2024-12-19,9183
00679B,元大美債20年,30,0,30,群益金鼎-高雄,2024-12-19,9183
6174,安��,27,0,27,群益金鼎-高雄,2024-12-19,9183
5315,光聯,26,0,26,群益金鼎-高雄,2024-12-19,9183
2449,京元電子,38,16,22,群益金鼎-高雄,2024-12-19,9183
2882,國泰金,22,1,21,群益金鼎-高雄,2024-12-19,9183
3289,宜特,21,0,21,群益金鼎-高雄,2024-12-19,9183
00878,國泰永續高股息,20,0,20,群益金鼎-高雄,2024-12-19,9183
3163,波若威,20,0,20,群益金鼎-高雄,2024-12-19,9183
2330,台積電,22,4,18,群益金鼎-高雄,2024-12-19,9183
3231,緯創,25,9,16,群益金鼎-高雄,2024-12-19,9183
2332,友訊,22,6,16,群益金鼎-高雄,2024-12-19,9183
4919,新唐,16,0,16,群益金鼎-高雄,2024-12-19,9183
00713,元大台灣高息低波,15,0,15,群益金鼎-高雄,2024-12-19,9183
00922,國泰台灣領袖50,14,0,14,群益金鼎-高雄,2024-12-19,9183
4540,全球傳動,15,1,14,群益金鼎-高雄,2024-12-19,9183
3312,弘憶股,15,2,13,群益金鼎-高雄,2024-12-19,9183
4142,國光生,13,0,13,群益金鼎-高雄,2024-12-19,9183
6770,力積電,13,1,12,群益金鼎-高雄,2024-12-19,9183
2317,鴻海,20,9,11,群益金鼎-高雄,2024-12-19,9183
2887,台新金,11,0,11,群益金鼎-高雄,2024-12-19,9183
3669,圓展,11,0,11,群益金鼎-高雄,2024-12-19,9183
6246,臺龍,11,0,11,群益金鼎-高雄,2024-12-19,9183
2886,兆豐金,10,0,10,群益金鼎-高雄,2024-12-19,9183
2890,永豐金,10,0,10,群益金鼎-高雄,2024-12-19,9183
006208,富邦台50,11,1,10,群益金鼎-高雄,2024-12-19,9183
1565,精華,10,0,10,群益金鼎-高雄,2024-12-19,9183
2002,中鋼,14,4,10,群益金鼎-高雄,2024-12-19,9183
2354,鴻準,23,13,10,群益金鼎-高雄,2024-12-19,9183
2408,南亞科,10,0,10,群益金鼎-高雄,2024-12-19,9183
2514,龍邦,10,0,10,群益金鼎-高雄,2024-12-19,9183
8044,網家,10,0,10,群益金鼎-高雄,2024-12-19,9183
00930,永豐ESG低碳高息,9,0,9,群益金鼎-高雄,2024-12-19,9183
2509,全坤建,9,0,9,群益金鼎-高雄,2024-12-19,9183
2609,陽明,29,21,8,群益金鼎-高雄,2024-12-19,9183
00915,凱基優選高股息30,8,0,8,群益金鼎-高雄,2024-12-19,9183
00953B,群益優選非投等債,8,0,8,群益金鼎-高雄,2024-12-19,9183
2542,興富發,8,0,8,群益金鼎-高雄,2024-12-19,9183
2618,長榮航,11,3,8,群益金鼎-高雄,2024-12-19,9183
