Ticker,Name,buy,sell,diff,Branch,Date,Branch_Code
00715L,期街口布蘭特正2,250,1,249,群益金鼎-台中,2023-01-03,9184
1722,台肥,85,0,85,群益金鼎-台中,2023-01-03,9184
1605,華新,68,12,56,群益金鼎-台中,2023-01-03,9184
9945,潤泰新,30,0,30,群益金鼎-台中,2023-01-03,9184
2331,精英,23,0,23,群益金鼎-台中,2023-01-03,9184
2637,慧洋-KY,22,2,20,群益金鼎-台中,2023-01-03,9184
00673R,期元大S＆P原油反1,20,0,20,群益金鼎-台中,2023-01-03,9184
2618,長榮航,30,13,17,群益金鼎-台中,2023-01-03,9184
00878,國泰永續高股息,19,2,17,群益金鼎-台中,2023-01-03,9184
00664R,國泰臺灣加權反1,18,3,15,群益金鼎-台中,2023-01-03,9184
2884,玉山金,13,0,13,群益金鼎-台中,2023-01-03,9184
00637L,元大滬深300正2,18,5,13,群益金鼎-台中,2023-01-03,9184
3479,安勤,65,53,12,群益金鼎-台中,2023-01-03,9184
00679B,元大美債20年,11,0,11,群益金鼎-台中,2023-01-03,9184
2030,彰源,10,0,10,群益金鼎-台中,2023-01-03,9184
5014,建錩,10,0,10,群益金鼎-台中,2023-01-03,9184
1305,華夏,13,3,10,群益金鼎-台中,2023-01-03,9184
00680L,元大美債20正2,10,0,10,群益金鼎-台中,2023-01-03,9184
2880,華南金,11,1,10,群益金鼎-台中,2023-01-03,9184
5227,立凱-KY,10,0,10,群益金鼎-台中,2023-01-03,9184
00896,中信綠能及電動車,9,0,9,群益金鼎-台中,2023-01-03,9184
3011,今皓,9,0,9,群益金鼎-台中,2023-01-03,9184
3481,群創,10,1,9,群益金鼎-台中,2023-01-03,9184
1319,東陽,9,1,8,群益金鼎-台中,2023-01-03,9184
00642U,期元大S＆P石油,10,3,7,群益金鼎-台中,2023-01-03,9184
9904,寶成,7,0,7,群益金鼎-台中,2023-01-03,9184
00720B,元大投資級公司債,6,0,6,群益金鼎-台中,2023-01-03,9184
00772B,中信高評級公司債,6,0,6,群益金鼎-台中,2023-01-03,9184
2606,裕民,6,1,5,群益金鼎-台中,2023-01-03,9184
00712,復華富時不動產,5,0,5,群益金鼎-台中,2023-01-03,9184
6672,騰輝電子-KY,6,1,5,群益金鼎-台中,2023-01-03,9184
2610,華航,11,6,5,群益金鼎-台中,2023-01-03,9184
5371,中光電,5,0,5,群益金鼎-台中,2023-01-03,9184
2609,陽明,6,1,5,群益金鼎-台中,2023-01-03,9184
00919,群益台灣精選高息,5,0,5,群益金鼎-台中,2023-01-03,9184
6133,金橋,5,0,5,群益金鼎-台中,2023-01-03,9184
3264,欣銓,6,1,5,群益金鼎-台中,2023-01-03,9184
2547,日勝生,4,0,4,群益金鼎-台中,2023-01-03,9184
1720,生達,6,2,4,群益金鼎-台中,2023-01-03,9184
00916,國泰全球品牌50,4,0,4,群益金鼎-台中,2023-01-03,9184
4919,新唐,4,0,4,群益金鼎-台中,2023-01-03,9184
2723,美食-KY,5,1,4,群益金鼎-台中,2023-01-03,9184
3037,欣興,9,5,4,群益金鼎-台中,2023-01-03,9184
2031,新光鋼,4,0,4,群益金鼎-台中,2023-01-03,9184
2719,燦星旅,4,0,4,群益金鼎-台中,2023-01-03,9184
1504,東元,4,0,4,群益金鼎-台中,2023-01-03,9184
5388,中磊,4,0,4,群益金鼎-台中,2023-01-03,9184
00888,永豐台灣ESG,3,0,3,群益金鼎-台中,2023-01-03,9184
9802,鈺齊-KY,5,2,3,群益金鼎-台中,2023-01-03,9184
1783,和康生,3,0,3,群益金鼎-台中,2023-01-03,9184
00715L,期街口布蘭特正2,257,13,244,群益金鼎-台中,2023-01-04,9184
9103,美德醫療-DR,70,6,64,群益金鼎-台中,2023-01-04,9184
4114,健喬,98,45,53,群益金鼎-台中,2023-01-04,9184
00642U,期元大S＆P石油,30,0,30,群益金鼎-台中,2023-01-04,9184
2030,彰源,23,3,20,群益金鼎-台中,2023-01-04,9184
2615,萬海,25,5,20,群益金鼎-台中,2023-01-04,9184
00632R,元大台灣50反1,17,0,17,群益金鼎-台中,2023-01-04,9184
2498,宏達電,40,24,16,群益金鼎-台中,2023-01-04,9184
3481,群創,17,1,16,群益金鼎-台中,2023-01-04,9184
9907,統一實,12,0,12,群益金鼎-台中,2023-01-04,9184
6235,華孚,34,22,12,群益金鼎-台中,2023-01-04,9184
00680L,元大美債20正2,11,0,11,群益金鼎-台中,2023-01-04,9184
8110,華東,10,0,10,群益金鼎-台中,2023-01-04,9184
2023,燁輝,10,0,10,群益金鼎-台中,2023-01-04,9184
2867,三商壽,10,0,10,群益金鼎-台中,2023-01-04,9184
1560,中砂,12,2,10,群益金鼎-台中,2023-01-04,9184
9962,有益,10,0,10,群益金鼎-台中,2023-01-04,9184
5880,合庫金,10,0,10,群益金鼎-台中,2023-01-04,9184
3062,建漢,12,2,10,群益金鼎-台中,2023-01-04,9184
1471,首利,10,0,10,群益金鼎-台中,2023-01-04,9184
2637,慧洋-KY,41,31,10,群益金鼎-台中,2023-01-04,9184
2313,華通,9,0,9,群益金鼎-台中,2023-01-04,9184
00893,國泰智能電動車,11,2,9,群益金鼎-台中,2023-01-04,9184
00752,中信中國50,8,0,8,群益金鼎-台中,2023-01-04,9184
00664R,國泰臺灣加權反1,8,0,8,群益金鼎-台中,2023-01-04,9184
2368,金像電,26,18,8,群益金鼎-台中,2023-01-04,9184
00916,國泰全球品牌50,7,0,7,群益金鼎-台中,2023-01-04,9184
6741,91APP*-KY,10,3,7,群益金鼎-台中,2023-01-04,9184
2634,漢翔,15,8,7,群益金鼎-台中,2023-01-04,9184
8033,雷虎,13,6,7,群益金鼎-台中,2023-01-04,9184
6111,大宇資,19,12,7,群益金鼎-台中,2023-01-04,9184
2884,玉山金,6,0,6,群益金鼎-台中,2023-01-04,9184
3037,欣興,16,10,6,群益金鼎-台中,2023-01-04,9184
3011,今皓,6,0,6,群益金鼎-台中,2023-01-04,9184
2609,陽明,6,0,6,群益金鼎-台中,2023-01-04,9184
6167,久正,6,0,6,群益金鼎-台中,2023-01-04,9184
2603,長榮,6,1,5,群益金鼎-台中,2023-01-04,9184
5009,榮剛,5,0,5,群益金鼎-台中,2023-01-04,9184
00907,永豐優息存股,5,0,5,群益金鼎-台中,2023-01-04,9184
3272,東碩,10,5,5,群益金鼎-台中,2023-01-04,9184
1217,愛之味,5,0,5,群益金鼎-台中,2023-01-04,9184
1789,神隆,5,0,5,群益金鼎-台中,2023-01-04,9184
2610,華航,6,1,5,群益金鼎-台中,2023-01-04,9184
6026,福邦證,5,0,5,群益金鼎-台中,2023-01-04,9184
2444,兆勁,5,0,5,群益金鼎-台中,2023-01-04,9184
3511,矽瑪,5,0,5,群益金鼎-台中,2023-01-04,9184
1568,倉佑,5,0,5,群益金鼎-台中,2023-01-04,9184
2892,第一金,8,3,5,群益金鼎-台中,2023-01-04,9184
4102,永日,9,4,5,群益金鼎-台中,2023-01-04,9184
6015,宏遠證,5,0,5,群益金鼎-台中,2023-01-04,9184
00715L,期街口布蘭特正2,304,0,304,群益金鼎-台中,2023-01-05,9184
00680L,元大美債20正2,96,0,96,群益金鼎-台中,2023-01-05,9184
00632R,元大台灣50反1,94,0,94,群益金鼎-台中,2023-01-05,9184
00885,富邦越南,57,1,56,群益金鼎-台中,2023-01-05,9184
1722,台肥,91,57,34,群益金鼎-台中,2023-01-05,9184
9924,福興,30,0,30,群益金鼎-台中,2023-01-05,9184
6128,上福,28,0,28,群益金鼎-台中,2023-01-05,9184
2610,華航,26,0,26,群益金鼎-台中,2023-01-05,9184
00878,國泰永續高股息,27,2,25,群益金鼎-台中,2023-01-05,9184
8933,愛地雅,23,3,20,群益金鼎-台中,2023-01-05,9184
00656R,國泰中國A50反1,20,0,20,群益金鼎-台中,2023-01-05,9184
00638R,元大滬深300反1,20,0,20,群益金鼎-台中,2023-01-05,9184
5258,虹堡,21,2,19,群益金鼎-台中,2023-01-05,9184
5425,台半,33,14,19,群益金鼎-台中,2023-01-05,9184
3035,智原,21,3,18,群益金鼎-台中,2023-01-05,9184
0056,元大高股息,16,0,16,群益金鼎-台中,2023-01-05,9184
3380,明泰,17,2,15,群益金鼎-台中,2023-01-05,9184
1232,大統益,15,0,15,群益金鼎-台中,2023-01-05,9184
00679B,元大美債20年,14,2,12,群益金鼎-台中,2023-01-05,9184
6235,華孚,16,4,12,群益金鼎-台中,2023-01-05,9184
1513,中興電,33,23,10,群益金鼎-台中,2023-01-05,9184
3708,上緯投控,13,3,10,群益金鼎-台中,2023-01-05,9184
8249,菱光,10,0,10,群益金鼎-台中,2023-01-05,9184
2014,中鴻,15,5,10,群益金鼎-台中,2023-01-05,9184
8150,南茂,10,0,10,群益金鼎-台中,2023-01-05,9184
1417,嘉裕,27,18,9,群益金鼎-台中,2023-01-05,9184
2317,鴻海,14,5,9,群益金鼎-台中,2023-01-05,9184
4432,銘旺實,8,0,8,群益金鼎-台中,2023-01-05,9184
6533,晶心科,12,4,8,群益金鼎-台中,2023-01-05,9184
2382,廣達,7,0,7,群益金鼎-台中,2023-01-05,9184
2915,潤泰全,7,0,7,群益金鼎-台中,2023-01-05,9184
8069,元太,23,16,7,群益金鼎-台中,2023-01-05,9184
2886,兆豐金,7,0,7,群益金鼎-台中,2023-01-05,9184
3686,達能,7,0,7,群益金鼎-台中,2023-01-05,9184
4961,天鈺,38,31,7,群益金鼎-台中,2023-01-05,9184
3443,創意,34,27,7,群益金鼎-台中,2023-01-05,9184
00664R,國泰臺灣加權反1,7,0,7,群益金鼎-台中,2023-01-05,9184
3037,欣興,12,6,6,群益金鼎-台中,2023-01-05,9184
3704,合勤控,52,46,6,群益金鼎-台中,2023-01-05,9184
5284,jpp-KY,13,7,6,群益金鼎-台中,2023-01-05,9184
6589,台康生技,6,0,6,群益金鼎-台中,2023-01-05,9184
2313,華通,6,0,6,群益金鼎-台中,2023-01-05,9184
1503,士電,6,0,6,群益金鼎-台中,2023-01-05,9184
1314,中石化,5,0,5,群益金鼎-台中,2023-01-05,9184
8046,南電,21,16,5,群益金鼎-台中,2023-01-05,9184
00919,群益台灣精選高息,5,0,5,群益金鼎-台中,2023-01-05,9184
4162,智擎,7,2,5,群益金鼎-台中,2023-01-05,9184
2497,怡利電,5,0,5,群益金鼎-台中,2023-01-05,9184
8215,明基材,5,0,5,群益金鼎-台中,2023-01-05,9184
3706,神達,5,0,5,群益金鼎-台中,2023-01-05,9184
00715L,期街口布蘭特正2,120,1,119,群益金鼎-台中,2023-01-06,9184
2409,友達,100,6,94,群益金鼎-台中,2023-01-06,9184
2883,凱基金,102,14,88,群益金鼎-台中,2023-01-06,9184
00632R,元大台灣50反1,64,0,64,群益金鼎-台中,2023-01-06,9184
2303,聯電,85,24,61,群益金鼎-台中,2023-01-06,9184
6443,元晶,77,21,56,群益金鼎-台中,2023-01-06,9184
00680L,元大美債20正2,55,0,55,群益金鼎-台中,2023-01-06,9184
2888,新光金,50,0,50,群益金鼎-台中,2023-01-06,9184
00676R,富邦臺灣加權反1,50,0,50,群益金鼎-台中,2023-01-06,9184
00885,富邦越南,100,71,29,群益金鼎-台中,2023-01-06,9184
4746,台耀,24,1,23,群益金鼎-台中,2023-01-06,9184
5475,德宏,30,10,20,群益金鼎-台中,2023-01-06,9184
2748,雲品,35,17,18,群益金鼎-台中,2023-01-06,9184
00650L,復華香港正2,15,0,15,群益金鼎-台中,2023-01-06,9184
2884,玉山金,13,0,13,群益金鼎-台中,2023-01-06,9184
00720B,元大投資級公司債,12,0,12,群益金鼎-台中,2023-01-06,9184
8033,雷虎,15,5,10,群益金鼎-台中,2023-01-06,9184
1810,和成,10,0,10,群益金鼎-台中,2023-01-06,9184
1529,樂事綠能,10,0,10,群益金鼎-台中,2023-01-06,9184
5905,南仁湖,14,4,10,群益金鼎-台中,2023-01-06,9184
1722,台肥,10,0,10,群益金鼎-台中,2023-01-06,9184
2332,友訊,15,5,10,群益金鼎-台中,2023-01-06,9184
3708,上緯投控,10,0,10,群益金鼎-台中,2023-01-06,9184
00656R,國泰中國A50反1,10,0,10,群益金鼎-台中,2023-01-06,9184
2368,金像電,16,6,10,群益金鼎-台中,2023-01-06,9184
00638R,元大滬深300反1,10,0,10,群益金鼎-台中,2023-01-06,9184
6282,康舒,10,1,9,群益金鼎-台中,2023-01-06,9184
2443,昶虹,9,0,9,群益金鼎-台中,2023-01-06,9184
2634,漢翔,10,1,9,群益金鼎-台中,2023-01-06,9184
3105,穩懋,13,5,8,群益金鼎-台中,2023-01-06,9184
3714,富采,6,0,6,群益金鼎-台中,2023-01-06,9184
4114,健喬,142,136,6,群益金鼎-台中,2023-01-06,9184
2308,台達電,6,1,5,群益金鼎-台中,2023-01-06,9184
1709,和益,5,0,5,群益金鼎-台中,2023-01-06,9184
2371,大同,5,0,5,群益金鼎-台中,2023-01-06,9184
00919,群益台灣精選高息,5,0,5,群益金鼎-台中,2023-01-06,9184
6233,旺玖,5,0,5,群益金鼎-台中,2023-01-06,9184
2457,飛宏,6,1,5,群益金鼎-台中,2023-01-06,9184
1217,愛之味,5,0,5,群益金鼎-台中,2023-01-06,9184
3541,西柏,5,0,5,群益金鼎-台中,2023-01-06,9184
5608,四維航,5,0,5,群益金鼎-台中,2023-01-06,9184
1467,南緯,5,0,5,群益金鼎-台中,2023-01-06,9184
1736,喬山,5,0,5,群益金鼎-台中,2023-01-06,9184
3363,上詮,5,0,5,群益金鼎-台中,2023-01-06,9184
2313,華通,5,0,5,群益金鼎-台中,2023-01-06,9184
2612,中航,5,0,5,群益金鼎-台中,2023-01-06,9184
00664R,國泰臺灣加權反1,5,0,5,群益金鼎-台中,2023-01-06,9184
8044,網家,23,18,5,群益金鼎-台中,2023-01-06,9184
6245,立端,5,1,4,群益金鼎-台中,2023-01-06,9184
6415,矽力*-KY,5,1,4,群益金鼎-台中,2023-01-06,9184
2845,遠東銀,282,1,281,群益金鼎-台中,2023-01-09,9184
00632R,元大台灣50反1,433,244,189,群益金鼎-台中,2023-01-09,9184
00676R,富邦臺灣加權反1,150,0,150,群益金鼎-台中,2023-01-09,9184
00885,富邦越南,221,102,119,群益金鼎-台中,2023-01-09,9184
2618,長榮航,100,10,90,群益金鼎-台中,2023-01-09,9184
2409,友達,70,4,66,群益金鼎-台中,2023-01-09,9184
2486,一詮,68,6,62,群益金鼎-台中,2023-01-09,9184
3006,晶豪科,35,8,27,群益金鼎-台中,2023-01-09,9184
00669R,國泰美國道瓊反1,30,7,23,群益金鼎-台中,2023-01-09,9184
00902,中信電池及儲能,22,0,22,群益金鼎-台中,2023-01-09,9184
3105,穩懋,28,6,22,群益金鼎-台中,2023-01-09,9184
00664R,國泰臺灣加權反1,21,0,21,群益金鼎-台中,2023-01-09,9184
6118,建達,55,36,19,群益金鼎-台中,2023-01-09,9184
9907,統一實,16,0,16,群益金鼎-台中,2023-01-09,9184
3035,智原,27,11,16,群益金鼎-台中,2023-01-09,9184
6133,金橋,77,62,15,群益金鼎-台中,2023-01-09,9184
3034,聯詠,21,6,15,群益金鼎-台中,2023-01-09,9184
1513,中興電,27,13,14,群益金鼎-台中,2023-01-09,9184
8046,南電,34,22,12,群益金鼎-台中,2023-01-09,9184
1417,嘉裕,10,0,10,群益金鼎-台中,2023-01-09,9184
00907,永豐優息存股,11,1,10,群益金鼎-台中,2023-01-09,9184
1701,中化,11,1,10,群益金鼎-台中,2023-01-09,9184
6282,康舒,10,0,10,群益金鼎-台中,2023-01-09,9184
3576,聯合再生,10,0,10,群益金鼎-台中,2023-01-09,9184
9933,中鼎,12,2,10,群益金鼎-台中,2023-01-09,9184
5905,南仁湖,10,0,10,群益金鼎-台中,2023-01-09,9184
9942,茂順,9,0,9,群益金鼎-台中,2023-01-09,9184
2603,長榮,23,15,8,群益金鼎-台中,2023-01-09,9184
4114,健喬,24,16,8,群益金鼎-台中,2023-01-09,9184
00720B,元大投資級公司債,7,0,7,群益金鼎-台中,2023-01-09,9184
2317,鴻海,15,9,6,群益金鼎-台中,2023-01-09,9184
8069,元太,18,12,6,群益金鼎-台中,2023-01-09,9184
2482,連宇,6,0,6,群益金鼎-台中,2023-01-09,9184
2344,華邦電,6,0,6,群益金鼎-台中,2023-01-09,9184
00680L,元大美債20正2,10,4,6,群益金鼎-台中,2023-01-09,9184
00648R,元大S＆P500反1,10,4,6,群益金鼎-台中,2023-01-09,9184
4153,鈺緯,6,0,6,群益金鼎-台中,2023-01-09,9184
3264,欣銓,7,1,6,群益金鼎-台中,2023-01-09,9184
00631L,元大台灣50正2,6,0,6,群益金鼎-台中,2023-01-09,9184
5284,jpp-KY,23,18,5,群益金鼎-台中,2023-01-09,9184
1101,台泥,8,3,5,群益金鼎-台中,2023-01-09,9184
00679B,元大美債20年,5,0,5,群益金鼎-台中,2023-01-09,9184
4934,太極,5,0,5,群益金鼎-台中,2023-01-09,9184
5340,建榮,5,0,5,群益金鼎-台中,2023-01-09,9184
00656R,國泰中國A50反1,5,0,5,群益金鼎-台中,2023-01-09,9184
00638R,元大滬深300反1,5,0,5,群益金鼎-台中,2023-01-09,9184
3592,瑞鼎,5,0,5,群益金鼎-台中,2023-01-09,9184
1605,華新,31,27,4,群益金鼎-台中,2023-01-09,9184
2439,美律,4,0,4,群益金鼎-台中,2023-01-09,9184
3227,原相,4,0,4,群益金鼎-台中,2023-01-09,9184
00676R,富邦臺灣加權反1,350,0,350,群益金鼎-台中,2023-01-10,9184
2303,聯電,115,23,92,群益金鼎-台中,2023-01-10,9184
00885,富邦越南,82,7,75,群益金鼎-台中,2023-01-10,9184
00632R,元大台灣50反1,65,0,65,群益金鼎-台中,2023-01-10,9184
1514,亞力,64,3,61,群益金鼎-台中,2023-01-10,9184
00893,國泰智能電動車,101,40,61,群益金鼎-台中,2023-01-10,9184
2409,友達,40,6,34,群益金鼎-台中,2023-01-10,9184
4746,台耀,22,2,20,群益金鼎-台中,2023-01-10,9184
00680L,元大美債20正2,20,0,20,群益金鼎-台中,2023-01-10,9184
8033,雷虎,18,1,17,群益金鼎-台中,2023-01-10,9184
00715L,期街口布蘭特正2,16,0,16,群益金鼎-台中,2023-01-10,9184
1524,耿鼎,16,1,15,群益金鼎-台中,2023-01-10,9184
8105,凌巨,19,5,14,群益金鼎-台中,2023-01-10,9184
9962,有益,13,0,13,群益金鼎-台中,2023-01-10,9184
2359,所羅門,12,0,12,群益金鼎-台中,2023-01-10,9184
5905,南仁湖,12,0,12,群益金鼎-台中,2023-01-10,9184
1227,佳格,12,0,12,群益金鼎-台中,2023-01-10,9184
3576,聯合再生,11,0,11,群益金鼎-台中,2023-01-10,9184
2421,建準,11,0,11,群益金鼎-台中,2023-01-10,9184
3322,建舜電,10,0,10,群益金鼎-台中,2023-01-10,9184
8933,愛地雅,10,0,10,群益金鼎-台中,2023-01-10,9184
6443,元晶,22,12,10,群益金鼎-台中,2023-01-10,9184
6589,台康生技,13,4,9,群益金鼎-台中,2023-01-10,9184
00919,群益台灣精選高息,9,0,9,群益金鼎-台中,2023-01-10,9184
1519,華城,27,18,9,群益金鼎-台中,2023-01-10,9184
2618,長榮航,21,12,9,群益金鼎-台中,2023-01-10,9184
2888,新光金,10,2,8,群益金鼎-台中,2023-01-10,9184
3006,晶豪科,10,2,8,群益金鼎-台中,2023-01-10,9184
8050,廣積,13,6,7,群益金鼎-台中,2023-01-10,9184
00896,中信綠能及電動車,7,0,7,群益金鼎-台中,2023-01-10,9184
9958,世紀鋼,12,6,6,群益金鼎-台中,2023-01-10,9184
2892,第一金,6,0,6,群益金鼎-台中,2023-01-10,9184
00902,中信電池及儲能,16,10,6,群益金鼎-台中,2023-01-10,9184
2014,中鴻,7,1,6,群益金鼎-台中,2023-01-10,9184
6235,華孚,14,8,6,群益金鼎-台中,2023-01-10,9184
2929,淘帝-KY,5,0,5,群益金鼎-台中,2023-01-10,9184
6015,宏遠證,5,0,5,群益金鼎-台中,2023-01-10,9184
2497,怡利電,5,0,5,群益金鼎-台中,2023-01-10,9184
6274,台燿,5,0,5,群益金鼎-台中,2023-01-10,9184
5009,榮剛,5,0,5,群益金鼎-台中,2023-01-10,9184
2883,凱基金,5,0,5,群益金鼎-台中,2023-01-10,9184
1785,光洋科,5,0,5,群益金鼎-台中,2023-01-10,9184
3105,穩懋,35,30,5,群益金鼎-台中,2023-01-10,9184
00671R,富邦NASDAQ反1,5,0,5,群益金鼎-台中,2023-01-10,9184
2338,光罩,6,1,5,群益金鼎-台中,2023-01-10,9184
1722,台肥,5,0,5,群益金鼎-台中,2023-01-10,9184
2634,漢翔,14,9,5,群益金鼎-台中,2023-01-10,9184
3714,富采,13,9,4,群益金鼎-台中,2023-01-10,9184
1810,和成,16,12,4,群益金鼎-台中,2023-01-10,9184
3035,智原,14,10,4,群益金鼎-台中,2023-01-10,9184
00664R,國泰臺灣加權反1,101,0,101,群益金鼎-台中,2023-01-11,9184
00676R,富邦臺灣加權反1,100,0,100,群益金鼎-台中,2023-01-11,9184
2834,臺企銀,110,11,99,群益金鼎-台中,2023-01-11,9184
00632R,元大台灣50反1,72,0,72,群益金鼎-台中,2023-01-11,9184
8171,天宇,42,1,41,群益金鼎-台中,2023-01-11,9184
3587,閎康,25,2,23,群益金鼎-台中,2023-01-11,9184
1795,美時,30,12,18,群益金鼎-台中,2023-01-11,9184
3704,合勤控,32,16,16,群益金鼎-台中,2023-01-11,9184
6770,力積電,15,1,14,群益金鼎-台中,2023-01-11,9184
6188,廣明,18,5,13,群益金鼎-台中,2023-01-11,9184
2634,漢翔,21,8,13,群益金鼎-台中,2023-01-11,9184
2881,富邦金,15,3,12,群益金鼎-台中,2023-01-11,9184
00770,國泰北美科技,12,0,12,群益金鼎-台中,2023-01-11,9184
5351,鈺創,13,1,12,群益金鼎-台中,2023-01-11,9184
00878,國泰永續高股息,11,0,11,群益金鼎-台中,2023-01-11,9184
00680L,元大美債20正2,11,0,11,群益金鼎-台中,2023-01-11,9184
4904,遠傳,11,0,11,群益金鼎-台中,2023-01-11,9184
2542,興富發,11,0,11,群益金鼎-台中,2023-01-11,9184
6274,台燿,12,2,10,群益金鼎-台中,2023-01-11,9184
9103,美德醫療-DR,10,0,10,群益金鼎-台中,2023-01-11,9184
6541,泰福-KY,10,0,10,群益金鼎-台中,2023-01-11,9184
4979,華星光,47,37,10,群益金鼎-台中,2023-01-11,9184
2486,一詮,10,0,10,群益金鼎-台中,2023-01-11,9184
6547,高端疫苗,10,1,9,群益金鼎-台中,2023-01-11,9184
5009,榮剛,24,15,9,群益金鼎-台中,2023-01-11,9184
6163,華電網,13,4,9,群益金鼎-台中,2023-01-11,9184
1524,耿鼎,10,2,8,群益金鼎-台中,2023-01-11,9184
4747,強生,9,1,8,群益金鼎-台中,2023-01-11,9184
3479,安勤,14,7,7,群益金鼎-台中,2023-01-11,9184
6533,晶心科,26,19,7,群益金鼎-台中,2023-01-11,9184
4162,智擎,16,9,7,群益金鼎-台中,2023-01-11,9184
3163,波若威,9,2,7,群益金鼎-台中,2023-01-11,9184
1616,億泰,7,0,7,群益金鼎-台中,2023-01-11,9184
2457,飛宏,7,0,7,群益金鼎-台中,2023-01-11,9184
6589,台康生技,7,1,6,群益金鼎-台中,2023-01-11,9184
2748,雲品,10,4,6,群益金鼎-台中,2023-01-11,9184
2419,仲琦,6,0,6,群益金鼎-台中,2023-01-11,9184
00713,元大台灣高息低波,5,0,5,群益金鼎-台中,2023-01-11,9184
2371,大同,5,0,5,群益金鼎-台中,2023-01-11,9184
00673R,期元大S＆P原油反1,5,0,5,群益金鼎-台中,2023-01-11,9184
2707,晶華,5,0,5,群益金鼎-台中,2023-01-11,9184
2916,滿心,19,14,5,群益金鼎-台中,2023-01-11,9184
6649,台生材,5,0,5,群益金鼎-台中,2023-01-11,9184
6414,樺漢,5,0,5,群益金鼎-台中,2023-01-11,9184
2344,華邦電,7,2,5,群益金鼎-台中,2023-01-11,9184
1785,光洋科,5,0,5,群益金鼎-台中,2023-01-11,9184
3093,港建*,5,0,5,群益金鼎-台中,2023-01-11,9184
2495,普安,4,0,4,群益金鼎-台中,2023-01-11,9184
3207,耀勝,7,3,4,群益金鼎-台中,2023-01-11,9184
6741,91APP*-KY,9,5,4,群益金鼎-台中,2023-01-11,9184
2441,超豐,108,0,108,群益金鼎-台中,2023-01-12,9184
2498,宏達電,209,106,103,群益金鼎-台中,2023-01-12,9184
00676R,富邦臺灣加權反1,100,0,100,群益金鼎-台中,2023-01-12,9184
2618,長榮航,95,1,94,群益金鼎-台中,2023-01-12,9184
2883B,凱基金乙特,100,15,85,群益金鼎-台中,2023-01-12,9184
020027,元大上櫃ESG成長N,45,0,45,群益金鼎-台中,2023-01-12,9184
2382,廣達,30,0,30,群益金鼎-台中,2023-01-12,9184
2038,海光,24,4,20,群益金鼎-台中,2023-01-12,9184
6477,安集,20,0,20,群益金鼎-台中,2023-01-12,9184
00680L,元大美債20正2,20,0,20,群益金鼎-台中,2023-01-12,9184
3704,合勤控,24,6,18,群益金鼎-台中,2023-01-12,9184
1313,聯成,14,0,14,群益金鼎-台中,2023-01-12,9184
1605,華新,35,22,13,群益金鼎-台中,2023-01-12,9184
2633,台灣高鐵,12,0,12,群益金鼎-台中,2023-01-12,9184
2748,雲品,11,0,11,群益金鼎-台中,2023-01-12,9184
00669R,國泰美國道瓊反1,10,0,10,群益金鼎-台中,2023-01-12,9184
2481,強茂,10,0,10,群益金鼎-台中,2023-01-12,9184
1815,富喬,10,0,10,群益金鼎-台中,2023-01-12,9184
5351,鈺創,12,2,10,群益金鼎-台中,2023-01-12,9184
00662,富邦NASDAQ,10,0,10,群益金鼎-台中,2023-01-12,9184
2356,英業達,11,2,9,群益金鼎-台中,2023-01-12,9184
00882,中信中國高股息,10,1,9,群益金鼎-台中,2023-01-12,9184
00673R,期元大S＆P原油反1,9,0,9,群益金鼎-台中,2023-01-12,9184
1907,永豐餘,8,0,8,群益金鼎-台中,2023-01-12,9184
3481,群創,9,2,7,群益金鼎-台中,2023-01-12,9184
3260,威剛,7,0,7,群益金鼎-台中,2023-01-12,9184
6589,台康生技,7,1,6,群益金鼎-台中,2023-01-12,9184
5321,美而快,59,53,6,群益金鼎-台中,2023-01-12,9184
8261,富鼎,12,6,6,群益金鼎-台中,2023-01-12,9184
2609,陽明,7,2,5,群益金鼎-台中,2023-01-12,9184
4746,台耀,5,0,5,群益金鼎-台中,2023-01-12,9184
6113,亞矽,5,0,5,群益金鼎-台中,2023-01-12,9184
6111,大宇資,6,1,5,群益金鼎-台中,2023-01-12,9184
00919,群益台灣精選高息,5,0,5,群益金鼎-台中,2023-01-12,9184
1701,中化,11,6,5,群益金鼎-台中,2023-01-12,9184
00753L,中信中國50正2,10,5,5,群益金鼎-台中,2023-01-12,9184
5284,jpp-KY,8,3,5,群益金鼎-台中,2023-01-12,9184
6104,創惟,5,0,5,群益金鼎-台中,2023-01-12,9184
1795,美時,14,9,5,群益金鼎-台中,2023-01-12,9184
2027,大成鋼,10,6,4,群益金鼎-台中,2023-01-12,9184
3714,富采,7,3,4,群益金鼎-台中,2023-01-12,9184
8033,雷虎,4,0,4,群益金鼎-台中,2023-01-12,9184
2486,一詮,4,0,4,群益金鼎-台中,2023-01-12,9184
6188,廣明,5,1,4,群益金鼎-台中,2023-01-12,9184
3034,聯詠,6,2,4,群益金鼎-台中,2023-01-12,9184
3504,揚明光,4,0,4,群益金鼎-台中,2023-01-12,9184
2230,泰茂,34,30,4,群益金鼎-台中,2023-01-12,9184
3624,光頡,9,5,4,群益金鼎-台中,2023-01-12,9184
6443,元晶,5,1,4,群益金鼎-台中,2023-01-12,9184
2404,漢唐,4,0,4,群益金鼎-台中,2023-01-12,9184
00632R,元大台灣50反1,228,80,148,群益金鼎-台中,2023-01-13,9184
00676R,富邦臺灣加權反1,101,0,101,群益金鼎-台中,2023-01-13,9184
1234,黑松,100,0,100,群益金鼎-台中,2023-01-13,9184
2618,長榮航,67,5,62,群益金鼎-台中,2023-01-13,9184
00680L,元大美債20正2,42,0,42,群益金鼎-台中,2023-01-13,9184
3706,神達,40,2,38,群益金鼎-台中,2023-01-13,9184
00921,兆豐龍頭等權重,35,0,35,群益金鼎-台中,2023-01-13,9184
1708,東鹼,27,2,25,群益金鼎-台中,2023-01-13,9184
4432,銘旺實,21,0,21,群益金鼎-台中,2023-01-13,9184
00858,永豐美國500大,20,0,20,群益金鼎-台中,2023-01-13,9184
020027,元大上櫃ESG成長N,20,0,20,群益金鼎-台中,2023-01-13,9184
1308,亞聚,20,1,19,群益金鼎-台中,2023-01-13,9184
00671R,富邦NASDAQ反1,16,0,16,群益金鼎-台中,2023-01-13,9184
2897,王道銀行,15,0,15,群益金鼎-台中,2023-01-13,9184
3576,聯合再生,20,5,15,群益金鼎-台中,2023-01-13,9184
6443,元晶,13,0,13,群益金鼎-台中,2023-01-13,9184
2444,兆勁,12,0,12,群益金鼎-台中,2023-01-13,9184
00719B,元大美債1-3,10,0,10,群益金鼎-台中,2023-01-13,9184
1529,樂事綠能,12,2,10,群益金鼎-台中,2023-01-13,9184
2441,超豐,9,0,9,群益金鼎-台中,2023-01-13,9184
00669R,國泰美國道瓊反1,12,3,9,群益金鼎-台中,2023-01-13,9184
5284,jpp-KY,8,0,8,群益金鼎-台中,2023-01-13,9184
2371,大同,8,0,8,群益金鼎-台中,2023-01-13,9184
00720B,元大投資級公司債,10,2,8,群益金鼎-台中,2023-01-13,9184
00770,國泰北美科技,8,0,8,群益金鼎-台中,2023-01-13,9184
3481,群創,16,8,8,群益金鼎-台中,2023-01-13,9184
6125,廣運,7,0,7,群益金鼎-台中,2023-01-13,9184
4174,浩鼎,7,0,7,群益金鼎-台中,2023-01-13,9184
3105,穩懋,27,20,7,群益金鼎-台中,2023-01-13,9184
4904,遠傳,6,0,6,群益金鼎-台中,2023-01-13,9184
6118,建達,21,15,6,群益金鼎-台中,2023-01-13,9184
3711,日月光投控,6,0,6,群益金鼎-台中,2023-01-13,9184
6548,長科*,6,0,6,群益金鼎-台中,2023-01-13,9184
0056,元大高股息,9,4,5,群益金鼎-台中,2023-01-13,9184
4906,正文,5,0,5,群益金鼎-台中,2023-01-13,9184
00706L,期元大S＆P日圓正2,5,0,5,群益金鼎-台中,2023-01-13,9184
00919,群益台灣精選高息,5,0,5,群益金鼎-台中,2023-01-13,9184
3046,建��,5,0,5,群益金鼎-台中,2023-01-13,9184
00830,國泰費城半導體,5,0,5,群益金鼎-台中,2023-01-13,9184
1305,華夏,4,0,4,群益金鼎-台中,2023-01-13,9184
3708,上緯投控,7,3,4,群益金鼎-台中,2023-01-13,9184
4155,訊映,5,1,4,群益金鼎-台中,2023-01-13,9184
6285,啟��,6,2,4,群益金鼎-台中,2023-01-13,9184
6435,大中,4,0,4,群益金鼎-台中,2023-01-13,9184
6223,旺矽,6,2,4,群益金鼎-台中,2023-01-13,9184
6719,力智,8,4,4,群益金鼎-台中,2023-01-13,9184
2317,鴻海,6,3,3,群益金鼎-台中,2023-01-13,9184
1101,台泥,8,5,3,群益金鼎-台中,2023-01-13,9184
6770,力積電,4,1,3,群益金鼎-台中,2023-01-13,9184
00772B,中信高評級公司債,3,0,3,群益金鼎-台中,2023-01-13,9184
00632R,元大台灣50反1,177,0,177,群益金鼎-台中,2023-01-16,9184
00680L,元大美債20正2,160,2,158,群益金鼎-台中,2023-01-16,9184
00676R,富邦臺灣加權反1,100,25,75,群益金鼎-台中,2023-01-16,9184
1708,東鹼,72,20,52,群益金鼎-台中,2023-01-16,9184
00888,永豐台灣ESG,50,3,47,群益金鼎-台中,2023-01-16,9184
00885,富邦越南,43,0,43,群益金鼎-台中,2023-01-16,9184
0056,元大高股息,42,3,39,群益金鼎-台中,2023-01-16,9184
4114,健喬,45,15,30,群益金鼎-台中,2023-01-16,9184
00669R,國泰美國道瓊反1,23,0,23,群益金鼎-台中,2023-01-16,9184
8033,雷虎,33,10,23,群益金鼎-台中,2023-01-16,9184
2610,華航,21,0,21,群益金鼎-台中,2023-01-16,9184
2317,鴻海,19,0,19,群益金鼎-台中,2023-01-16,9184
2897,王道銀行,20,4,16,群益金鼎-台中,2023-01-16,9184
2885,元大金,17,2,15,群益金鼎-台中,2023-01-16,9184
3680,家登,24,11,13,群益金鼎-台中,2023-01-16,9184
4155,訊映,19,6,13,群益金鼎-台中,2023-01-16,9184
2201,裕隆,45,32,13,群益金鼎-台中,2023-01-16,9184
2409,友達,12,0,12,群益金鼎-台中,2023-01-16,9184
2614,東森,12,1,11,群益金鼎-台中,2023-01-16,9184
00638R,元大滬深300反1,11,0,11,群益金鼎-台中,2023-01-16,9184
2609,陽明,13,3,10,群益金鼎-台中,2023-01-16,9184
3441,聯一光,10,0,10,群益金鼎-台中,2023-01-16,9184
2441,超豐,10,0,10,群益金鼎-台中,2023-01-16,9184
3027,盛達,10,0,10,群益金鼎-台中,2023-01-16,9184
1709,和益,10,0,10,群益金鼎-台中,2023-01-16,9184
2903,遠百,10,0,10,群益金鼎-台中,2023-01-16,9184
2027,大成鋼,10,0,10,群益金鼎-台中,2023-01-16,9184
00752,中信中國50,10,0,10,群益金鼎-台中,2023-01-16,9184
1909,榮成,16,7,9,群益金鼎-台中,2023-01-16,9184
1605,華新,10,1,9,群益金鼎-台中,2023-01-16,9184
2351,順德,9,0,9,群益金鼎-台中,2023-01-16,9184
3034,聯詠,11,3,8,群益金鼎-台中,2023-01-16,9184
2615,萬海,11,4,7,群益金鼎-台中,2023-01-16,9184
3037,欣興,19,12,7,群益金鼎-台中,2023-01-16,9184
00881,國泰台灣5G+,7,0,7,群益金鼎-台中,2023-01-16,9184
00656R,國泰中國A50反1,7,0,7,群益金鼎-台中,2023-01-16,9184
3708,上緯投控,9,2,7,群益金鼎-台中,2023-01-16,9184
6770,力積電,11,5,6,群益金鼎-台中,2023-01-16,9184
00683L,期元大美元指正2,6,0,6,群益金鼎-台中,2023-01-16,9184
1722,台肥,48,42,6,群益金鼎-台中,2023-01-16,9184
2009,第一銅,9,3,6,群益金鼎-台中,2023-01-16,9184
4747,強生,7,1,6,群益金鼎-台中,2023-01-16,9184
6227,茂綸,5,0,5,群益金鼎-台中,2023-01-16,9184
6116,彩晶,5,0,5,群益金鼎-台中,2023-01-16,9184
00673R,期元大S＆P原油反1,5,0,5,群益金鼎-台中,2023-01-16,9184
6541,泰福-KY,10,5,5,群益金鼎-台中,2023-01-16,9184
2305,全友,5,0,5,群益金鼎-台中,2023-01-16,9184
2538,基泰,5,0,5,群益金鼎-台中,2023-01-16,9184
8097,常珵,5,0,5,群益金鼎-台中,2023-01-16,9184
3122,笙泉,5,0,5,群益金鼎-台中,2023-01-16,9184
00676R,富邦臺灣加權反1,101,0,101,群益金鼎-台中,2023-01-17,9184
00680L,元大美債20正2,90,0,90,群益金鼎-台中,2023-01-17,9184
1473,台南,75,0,75,群益金鼎-台中,2023-01-17,9184
1722,台肥,74,2,72,群益金鼎-台中,2023-01-17,9184
00753L,中信中國50正2,69,0,69,群益金鼎-台中,2023-01-17,9184
2444,兆勁,50,0,50,群益金鼎-台中,2023-01-17,9184
3260,威剛,30,0,30,群益金鼎-台中,2023-01-17,9184
2883B,凱基金乙特,27,0,27,群益金鼎-台中,2023-01-17,9184
2618,長榮航,25,2,23,群益金鼎-台中,2023-01-17,9184
8033,雷虎,25,3,22,群益金鼎-台中,2023-01-17,9184
2884,玉山金,21,0,21,群益金鼎-台中,2023-01-17,9184
6125,廣運,20,0,20,群益金鼎-台中,2023-01-17,9184
3481,群創,30,11,19,群益金鼎-台中,2023-01-17,9184
2634,漢翔,16,0,16,群益金鼎-台中,2023-01-17,9184
2610,華航,17,1,16,群益金鼎-台中,2023-01-17,9184
0050,元大台灣50,17,4,13,群益金鼎-台中,2023-01-17,9184
2441,超豐,12,0,12,群益金鼎-台中,2023-01-17,9184
6153,嘉聯益,12,0,12,群益金鼎-台中,2023-01-17,9184
6547,高端疫苗,12,0,12,群益金鼎-台中,2023-01-17,9184
00878,國泰永續高股息,22,11,11,群益金鼎-台中,2023-01-17,9184
00632R,元大台灣50反1,41,30,11,群益金鼎-台中,2023-01-17,9184
2356,英業達,11,0,11,群益金鼎-台中,2023-01-17,9184
2317,鴻海,10,0,10,群益金鼎-台中,2023-01-17,9184
00858,永豐美國500大,10,0,10,群益金鼎-台中,2023-01-17,9184
00665L,富邦�琤肭磪囓�2,10,0,10,群益金鼎-台中,2023-01-17,9184
2069,運錩,10,0,10,群益金鼎-台中,2023-01-17,9184
00683L,期元大美元指正2,15,5,10,群益金鼎-台中,2023-01-17,9184
00795B,中信美國公債20年,10,0,10,群益金鼎-台中,2023-01-17,9184
2702,華園,10,0,10,群益金鼎-台中,2023-01-17,9184
2101,南港,10,0,10,群益金鼎-台中,2023-01-17,9184
2748,雲品,13,3,10,群益金鼎-台中,2023-01-17,9184
2812,台中銀,11,2,9,群益金鼎-台中,2023-01-17,9184
00850,元大臺灣ESG永續,10,2,8,群益金鼎-台中,2023-01-17,9184
00720B,元大投資級公司債,8,0,8,群益金鼎-台中,2023-01-17,9184
1760,寶齡富錦,8,0,8,群益金鼎-台中,2023-01-17,9184
2342,茂矽,8,0,8,群益金鼎-台中,2023-01-17,9184
2809,京城銀,8,0,8,群益金鼎-台中,2023-01-17,9184
4119,旭富,12,4,8,群益金鼎-台中,2023-01-17,9184
2409,友達,8,1,7,群益金鼎-台中,2023-01-17,9184
00882,中信中國高股息,6,0,6,群益金鼎-台中,2023-01-17,9184
00770,國泰北美科技,10,4,6,群益金鼎-台中,2023-01-17,9184
5351,鈺創,12,7,5,群益金鼎-台中,2023-01-17,9184
2230,泰茂,13,8,5,群益金鼎-台中,2023-01-17,9184
1529,樂事綠能,83,78,5,群益金鼎-台中,2023-01-17,9184
2465,麗臺,14,9,5,群益金鼎-台中,2023-01-17,9184
1326,台化,5,0,5,群益金鼎-台中,2023-01-17,9184
2897,王道銀行,5,0,5,群益金鼎-台中,2023-01-17,9184
3673,TPK-KY,5,0,5,群益金鼎-台中,2023-01-17,9184
6550,北極星藥業-KY,5,1,4,群益金鼎-台中,2023-01-17,9184
6770,力積電,8,4,4,群益金鼎-台中,2023-01-17,9184
00632R,元大台灣50反1,780,203,577,群益金鼎-台中,2023-01-30,9184
00885,富邦越南,281,50,231,群益金鼎-台中,2023-01-30,9184
00676R,富邦臺灣加權反1,155,0,155,群益金鼎-台中,2023-01-30,9184
2441,超豐,137,1,136,群益金鼎-台中,2023-01-30,9184
00664R,國泰臺灣加權反1,110,0,110,群益金鼎-台中,2023-01-30,9184
3071,協禧,60,0,60,群益金鼎-台中,2023-01-30,9184
2317,鴻海,51,16,35,群益金鼎-台中,2023-01-30,9184
2014,中鴻,49,19,30,群益金鼎-台中,2023-01-30,9184
2484,希華,21,0,21,群益金鼎-台中,2023-01-30,9184
3236,千如,20,0,20,群益金鼎-台中,2023-01-30,9184
5014,建錩,20,0,20,群益金鼎-台中,2023-01-30,9184
8050,廣積,17,0,17,群益金鼎-台中,2023-01-30,9184
1313,聯成,15,2,13,群益金鼎-台中,2023-01-30,9184
3207,耀勝,13,0,13,群益金鼎-台中,2023-01-30,9184
2609,陽明,17,4,13,群益金鼎-台中,2023-01-30,9184
8996,高力,61,49,12,群益金鼎-台中,2023-01-30,9184
00680L,元大美債20正2,20,8,12,群益金鼎-台中,2023-01-30,9184
4747,強生,13,1,12,群益金鼎-台中,2023-01-30,9184
00654R,富邦印度反1,12,0,12,群益金鼎-台中,2023-01-30,9184
3265,台星科,11,0,11,群益金鼎-台中,2023-01-30,9184
2603,長榮,12,2,10,群益金鼎-台中,2023-01-30,9184
6741,91APP*-KY,10,0,10,群益金鼎-台中,2023-01-30,9184
6175,立敦,10,0,10,群益金鼎-台中,2023-01-30,9184
2368,金像電,10,0,10,群益金鼎-台中,2023-01-30,9184
2356,英業達,12,2,10,群益金鼎-台中,2023-01-30,9184
9105,泰金寶-DR,10,0,10,群益金鼎-台中,2023-01-30,9184
2705,六福,10,0,10,群益金鼎-台中,2023-01-30,9184
2038,海光,12,2,10,群益金鼎-台中,2023-01-30,9184
00719B,元大美債1-3,10,0,10,群益金鼎-台中,2023-01-30,9184
8289,泰藝,10,0,10,群益金鼎-台中,2023-01-30,9184
00900,富邦特選高股息30,21,12,9,群益金鼎-台中,2023-01-30,9184
00772B,中信高評級公司債,7,0,7,群益金鼎-台中,2023-01-30,9184
8044,網家,10,3,7,群益金鼎-台中,2023-01-30,9184
2634,漢翔,7,0,7,群益金鼎-台中,2023-01-30,9184
1513,中興電,24,18,6,群益金鼎-台中,2023-01-30,9184
3078,僑威,6,0,6,群益金鼎-台中,2023-01-30,9184
4979,華星光,27,21,6,群益金鼎-台中,2023-01-30,9184
4157,太景*-KY,6,0,6,群益金鼎-台中,2023-01-30,9184
4155,訊映,6,0,6,群益金鼎-台中,2023-01-30,9184
8069,元太,12,6,6,群益金鼎-台中,2023-01-30,9184
6806,森崴能源,7,2,5,群益金鼎-台中,2023-01-30,9184
3372,典範,5,0,5,群益金鼎-台中,2023-01-30,9184
6285,啟��,5,0,5,群益金鼎-台中,2023-01-30,9184
1712,興農,5,0,5,群益金鼎-台中,2023-01-30,9184
3219,倚強科,5,0,5,群益金鼎-台中,2023-01-30,9184
4173,久裕,5,0,5,群益金鼎-台中,2023-01-30,9184
1474,弘裕,5,0,5,群益金鼎-台中,2023-01-30,9184
2065,世豐,5,0,5,群益金鼎-台中,2023-01-30,9184
1815,富喬,5,0,5,群益金鼎-台中,2023-01-30,9184
00830,國泰費城半導體,5,0,5,群益金鼎-台中,2023-01-30,9184
3035,智原,102,5,97,群益金鼎-台中,2023-01-31,9184
00905,FT臺灣Smart,92,2,90,群益金鼎-台中,2023-01-31,9184
00885,富邦越南,78,20,58,群益金鼎-台中,2023-01-31,9184
2498,宏達電,57,6,51,群益金鼎-台中,2023-01-31,9184
5347,世界,45,5,40,群益金鼎-台中,2023-01-31,9184
2634,漢翔,36,0,36,群益金鼎-台中,2023-01-31,9184
2482,連宇,49,19,30,群益金鼎-台中,2023-01-31,9184
3481,群創,50,21,29,群益金鼎-台中,2023-01-31,9184
00680L,元大美債20正2,30,2,28,群益金鼎-台中,2023-01-31,9184
1514,亞力,32,5,27,群益金鼎-台中,2023-01-31,9184
0050,元大台灣50,28,3,25,群益金鼎-台中,2023-01-31,9184
1611,中電,28,3,25,群益金鼎-台中,2023-01-31,9184
1234,黑松,50,25,25,群益金鼎-台中,2023-01-31,9184
00669R,國泰美國道瓊反1,23,0,23,群益金鼎-台中,2023-01-31,9184
6282,康舒,84,61,23,群益金鼎-台中,2023-01-31,9184
2330,台積電,26,5,21,群益金鼎-台中,2023-01-31,9184
2382,廣達,21,0,21,群益金鼎-台中,2023-01-31,9184
2201,裕隆,159,138,21,群益金鼎-台中,2023-01-31,9184
00642U,期元大S＆P石油,20,0,20,群益金鼎-台中,2023-01-31,9184
4128,中天,25,6,19,群益金鼎-台中,2023-01-31,9184
0056,元大高股息,23,5,18,群益金鼎-台中,2023-01-31,9184
1102,亞泥,16,0,16,群益金鼎-台中,2023-01-31,9184
1524,耿鼎,18,2,16,群益金鼎-台中,2023-01-31,9184
00919,群益台灣精選高息,25,10,15,群益金鼎-台中,2023-01-31,9184
00719B,元大美債1-3,15,0,15,群益金鼎-台中,2023-01-31,9184
006208,富邦台50,13,0,13,群益金鼎-台中,2023-01-31,9184
3264,欣銓,12,0,12,群益金鼎-台中,2023-01-31,9184
2002,中鋼,15,5,10,群益金鼎-台中,2023-01-31,9184
2367,燿華,10,0,10,群益金鼎-台中,2023-01-31,9184
2890,永豐金,10,0,10,群益金鼎-台中,2023-01-31,9184
2892,第一金,9,0,9,群益金鼎-台中,2023-01-31,9184
3708,上緯投控,10,1,9,群益金鼎-台中,2023-01-31,9184
3027,盛達,51,42,9,群益金鼎-台中,2023-01-31,9184
1477,聚陽,11,2,9,群益金鼎-台中,2023-01-31,9184
00753L,中信中國50正2,9,0,9,群益金鼎-台中,2023-01-31,9184
1560,中砂,10,2,8,群益金鼎-台中,2023-01-31,9184
1101,台泥,8,0,8,群益金鼎-台中,2023-01-31,9184
6770,力積電,14,7,7,群益金鼎-台中,2023-01-31,9184
3017,奇鋐,7,0,7,群益金鼎-台中,2023-01-31,9184
2812,台中銀,7,0,7,群益金鼎-台中,2023-01-31,9184
2356,英業達,9,2,7,群益金鼎-台中,2023-01-31,9184
2884,玉山金,7,1,6,群益金鼎-台中,2023-01-31,9184
2376,技嘉,7,1,6,群益金鼎-台中,2023-01-31,9184
4102,永日,12,6,6,群益金鼎-台中,2023-01-31,9184
2867,三商壽,6,0,6,群益金鼎-台中,2023-01-31,9184
2323,中環,6,0,6,群益金鼎-台中,2023-01-31,9184
8478,東哥遊艇,41,35,6,群益金鼎-台中,2023-01-31,9184
6111,大宇資,8,2,6,群益金鼎-台中,2023-01-31,9184
00720B,元大投資級公司債,5,0,5,群益金鼎-台中,2023-01-31,9184
2886,兆豐金,5,0,5,群益金鼎-台中,2023-01-31,9184
5425,台半,81,49,32,群益金鼎-台中,2023-02-01,9184
00900,富邦特選高股息30,32,2,30,群益金鼎-台中,2023-02-01,9184
00878,國泰永續高股息,27,1,26,群益金鼎-台中,2023-02-01,9184
2906,高林,25,0,25,群益金鼎-台中,2023-02-01,9184
2317,鴻海,25,1,24,群益金鼎-台中,2023-02-01,9184
3322,建舜電,21,0,21,群益金鼎-台中,2023-02-01,9184
00671R,富邦NASDAQ反1,20,0,20,群益金鼎-台中,2023-02-01,9184
4961,天鈺,22,3,19,群益金鼎-台中,2023-02-01,9184
2201,裕隆,143,125,18,群益金鼎-台中,2023-02-01,9184
2009,第一銅,125,108,17,群益金鼎-台中,2023-02-01,9184
3035,智原,35,20,15,群益金鼎-台中,2023-02-01,9184
2419,仲琦,14,0,14,群益金鼎-台中,2023-02-01,9184
2368,金像電,21,8,13,群益金鼎-台中,2023-02-01,9184
00905,FT臺灣Smart,13,0,13,群益金鼎-台中,2023-02-01,9184
2412,中華電,12,0,12,群益金鼎-台中,2023-02-01,9184
2104,國際中橡,12,0,12,群益金鼎-台中,2023-02-01,9184
4746,台耀,15,4,11,群益金鼎-台中,2023-02-01,9184
2023,燁輝,14,3,11,群益金鼎-台中,2023-02-01,9184
6111,大宇資,15,4,11,群益金鼎-台中,2023-02-01,9184
2884,玉山金,10,0,10,群益金鼎-台中,2023-02-01,9184
2897,王道銀行,10,0,10,群益金鼎-台中,2023-02-01,9184
1537,廣隆,10,0,10,群益金鼎-台中,2023-02-01,9184
2069,運錩,10,0,10,群益金鼎-台中,2023-02-01,9184
00653L,富邦印度正2,10,0,10,群益金鼎-台中,2023-02-01,9184
3708,上緯投控,11,1,10,群益金鼎-台中,2023-02-01,9184
3260,威剛,10,0,10,群益金鼎-台中,2023-02-01,9184
6541,泰福-KY,10,0,10,群益金鼎-台中,2023-02-01,9184
1907,永豐餘,10,0,10,群益金鼎-台中,2023-02-01,9184
4915,致伸,11,1,10,群益金鼎-台中,2023-02-01,9184
6143,振曜,12,3,9,群益金鼎-台中,2023-02-01,9184
1616,億泰,10,1,9,群益金鼎-台中,2023-02-01,9184
6129,普誠,9,1,8,群益金鼎-台中,2023-02-01,9184
1809,中釉,12,5,7,群益金鼎-台中,2023-02-01,9184
9904,寶成,7,0,7,群益金鼎-台中,2023-02-01,9184
8155,博智,10,3,7,群益金鼎-台中,2023-02-01,9184
6443,元晶,26,19,7,群益金鼎-台中,2023-02-01,9184
6213,聯茂,9,2,7,群益金鼎-台中,2023-02-01,9184
2338,光罩,9,3,6,群益金鼎-台中,2023-02-01,9184
1218,泰山,8,2,6,群益金鼎-台中,2023-02-01,9184
2344,華邦電,13,7,6,群益金鼎-台中,2023-02-01,9184
6535,順藥,11,5,6,群益金鼎-台中,2023-02-01,9184
2481,強茂,6,0,6,群益金鼎-台中,2023-02-01,9184
2890,永豐金,6,0,6,群益金鼎-台中,2023-02-01,9184
4114,健喬,8,2,6,群益金鼎-台中,2023-02-01,9184
2409,友達,7,2,5,群益金鼎-台中,2023-02-01,9184
2723,美食-KY,8,3,5,群益金鼎-台中,2023-02-01,9184
3013,晟銘電,5,0,5,群益金鼎-台中,2023-02-01,9184
3207,耀勝,9,4,5,群益金鼎-台中,2023-02-01,9184
00919,群益台灣精選高息,5,0,5,群益金鼎-台中,2023-02-01,9184
1443,立益物流,5,0,5,群益金鼎-台中,2023-02-01,9184
00885,富邦越南,110,42,68,群益金鼎-台中,2023-02-02,9184
6129,普誠,80,28,52,群益金鼎-台中,2023-02-02,9184
6190,萬泰科,51,0,51,群益金鼎-台中,2023-02-02,9184
2347,聯強,50,0,50,群益金鼎-台中,2023-02-02,9184
2324,仁寶,50,7,43,群益金鼎-台中,2023-02-02,9184
00680L,元大美債20正2,40,0,40,群益金鼎-台中,2023-02-02,9184
2891,中信金,40,1,39,群益金鼎-台中,2023-02-02,9184
8150,南茂,51,12,39,群益金鼎-台中,2023-02-02,9184
00878,國泰永續高股息,35,2,33,群益金鼎-台中,2023-02-02,9184
4306,炎洲,33,0,33,群益金鼎-台中,2023-02-02,9184
00642U,期元大S＆P石油,30,0,30,群益金鼎-台中,2023-02-02,9184
00715L,期街口布蘭特正2,23,1,22,群益金鼎-台中,2023-02-02,9184
2329,華泰,25,3,22,群益金鼎-台中,2023-02-02,9184
3236,千如,22,1,21,群益金鼎-台中,2023-02-02,9184
1102,亞泥,20,0,20,群益金鼎-台中,2023-02-02,9184
6494,九齊,24,4,20,群益金鼎-台中,2023-02-02,9184
3704,合勤控,31,12,19,群益金鼎-台中,2023-02-02,9184
2317,鴻海,25,6,19,群益金鼎-台中,2023-02-02,9184
2069,運錩,18,0,18,群益金鼎-台中,2023-02-02,9184
8215,明基材,21,4,17,群益金鼎-台中,2023-02-02,9184
1514,亞力,24,8,16,群益金鼎-台中,2023-02-02,9184
00882,中信中國高股息,15,0,15,群益金鼎-台中,2023-02-02,9184
00653L,富邦印度正2,15,0,15,群益金鼎-台中,2023-02-02,9184
1218,泰山,16,2,14,群益金鼎-台中,2023-02-02,9184
6443,元晶,32,18,14,群益金鼎-台中,2023-02-02,9184
2610,華航,19,6,13,群益金鼎-台中,2023-02-02,9184
3041,揚智,13,0,13,群益金鼎-台中,2023-02-02,9184
3322,建舜電,10,0,10,群益金鼎-台中,2023-02-02,9184
1314,中石化,10,0,10,群益金鼎-台中,2023-02-02,9184
3027,盛達,13,3,10,群益金鼎-台中,2023-02-02,9184
6170,統振,10,0,10,群益金鼎-台中,2023-02-02,9184
00719B,元大美債1-3,10,0,10,群益金鼎-台中,2023-02-02,9184
1589,永冠-KY,11,1,10,群益金鼎-台中,2023-02-02,9184
00676R,富邦臺灣加權反1,10,0,10,群益金鼎-台中,2023-02-02,9184
8033,雷虎,16,6,10,群益金鼎-台中,2023-02-02,9184
2002,中鋼,13,3,10,群益金鼎-台中,2023-02-02,9184
6111,大宇資,14,5,9,群益金鼎-台中,2023-02-02,9184
8996,高力,34,26,8,群益金鼎-台中,2023-02-02,9184
6223,旺矽,8,0,8,群益金鼎-台中,2023-02-02,9184
5876,上海商銀,8,0,8,群益金鼎-台中,2023-02-02,9184
6274,台燿,10,3,7,群益金鼎-台中,2023-02-02,9184
1443,立益物流,13,6,7,群益金鼎-台中,2023-02-02,9184
2419,仲琦,8,1,7,群益金鼎-台中,2023-02-02,9184
3162,精確,11,4,7,群益金鼎-台中,2023-02-02,9184
8040,九暘,6,0,6,群益金鼎-台中,2023-02-02,9184
4927,泰鼎-KY,6,0,6,群益金鼎-台中,2023-02-02,9184
2468,華經,32,26,6,群益金鼎-台中,2023-02-02,9184
2109,華豐,6,0,6,群益金鼎-台中,2023-02-02,9184
2492,華新科,14,8,6,群益金鼎-台中,2023-02-02,9184
3189,景碩,8,3,5,群益金鼎-台中,2023-02-02,9184
00680L,元大美債20正2,191,0,191,群益金鼎-台中,2023-02-03,9184
00753L,中信中國50正2,137,0,137,群益金鼎-台中,2023-02-03,9184
00669R,國泰美國道瓊反1,71,0,71,群益金鼎-台中,2023-02-03,9184
00878,國泰永續高股息,71,6,65,群益金鼎-台中,2023-02-03,9184
3024,憶聲,60,0,60,群益金鼎-台中,2023-02-03,9184
3322,建舜電,45,0,45,群益金鼎-台中,2023-02-03,9184
00885,富邦越南,39,0,39,群益金鼎-台中,2023-02-03,9184
2888,新光金,37,0,37,群益金鼎-台中,2023-02-03,9184
0056,元大高股息,32,1,31,群益金鼎-台中,2023-02-03,9184
00715L,期街口布蘭特正2,28,0,28,群益金鼎-台中,2023-02-03,9184
2347,聯強,23,0,23,群益金鼎-台中,2023-02-03,9184
2614,東森,22,0,22,群益金鼎-台中,2023-02-03,9184
1102,亞泥,20,0,20,群益金鼎-台中,2023-02-03,9184
3031,佰鴻,20,0,20,群益金鼎-台中,2023-02-03,9184
3443,創意,36,16,20,群益金鼎-台中,2023-02-03,9184
1584,精剛,40,22,18,群益金鼎-台中,2023-02-03,9184
2388,威盛,61,43,18,群益金鼎-台中,2023-02-03,9184
00882,中信中國高股息,18,0,18,群益金鼎-台中,2023-02-03,9184
8150,南茂,31,14,17,群益金鼎-台中,2023-02-03,9184
2891,中信金,17,0,17,群益金鼎-台中,2023-02-03,9184
6418,詠昇,17,1,16,群益金鼎-台中,2023-02-03,9184
3508,位速,16,0,16,群益金鼎-台中,2023-02-03,9184
2023,燁輝,16,0,16,群益金鼎-台中,2023-02-03,9184
5488,松普,15,0,15,群益金鼎-台中,2023-02-03,9184
00919,群益台灣精選高息,15,0,15,群益金鼎-台中,2023-02-03,9184
1234,黑松,25,10,15,群益金鼎-台中,2023-02-03,9184
00653L,富邦印度正2,15,0,15,群益金鼎-台中,2023-02-03,9184
00665L,富邦�琤肭磪囓�2,15,0,15,群益金鼎-台中,2023-02-03,9184
2609,陽明,23,8,15,群益金鼎-台中,2023-02-03,9184
8478,東哥遊艇,24,10,14,群益金鼎-台中,2023-02-03,9184
1337,再生-KY,14,0,14,群益金鼎-台中,2023-02-03,9184
6190,萬泰科,28,14,14,群益金鼎-台中,2023-02-03,9184
5608,四維航,13,0,13,群益金鼎-台中,2023-02-03,9184
3035,智原,83,70,13,群益金鼎-台中,2023-02-03,9184
2230,泰茂,25,13,12,群益金鼎-台中,2023-02-03,9184
2402,毅嘉,12,0,12,群益金鼎-台中,2023-02-03,9184
5351,鈺創,55,43,12,群益金鼎-台中,2023-02-03,9184
2882,國泰金,11,0,11,群益金鼎-台中,2023-02-03,9184
3515,華擎,13,2,11,群益金鼎-台中,2023-02-03,9184
6150,撼訊,11,0,11,群益金鼎-台中,2023-02-03,9184
3708,上緯投控,10,0,10,群益金鼎-台中,2023-02-03,9184
5347,世界,11,1,10,群益金鼎-台中,2023-02-03,9184
00676R,富邦臺灣加權反1,10,0,10,群益金鼎-台中,2023-02-03,9184
020027,元大上櫃ESG成長N,10,0,10,群益金鼎-台中,2023-02-03,9184
2337,旺宏,10,1,9,群益金鼎-台中,2023-02-03,9184
3010,華立,9,0,9,群益金鼎-台中,2023-02-03,9184
8033,雷虎,14,5,9,群益金鼎-台中,2023-02-03,9184
2465,麗臺,9,0,9,群益金鼎-台中,2023-02-03,9184
5452,佶優,9,0,9,群益金鼎-台中,2023-02-03,9184
4961,天鈺,12,3,9,群益金鼎-台中,2023-02-03,9184
00878,國泰永續高股息,94,1,93,群益金鼎-台中,2023-02-06,9184
2324,仁寶,50,1,49,群益金鼎-台中,2023-02-06,9184
00680L,元大美債20正2,41,1,40,群益金鼎-台中,2023-02-06,9184
1722,台肥,42,2,40,群益金鼎-台中,2023-02-06,9184
2317,鴻海,50,11,39,群益金鼎-台中,2023-02-06,9184
4104,佳醫,30,0,30,群益金鼎-台中,2023-02-06,9184
00900,富邦特選高股息30,25,0,25,群益金鼎-台中,2023-02-06,9184
00715L,期街口布蘭特正2,26,1,25,群益金鼎-台中,2023-02-06,9184
00753L,中信中國50正2,22,0,22,群益金鼎-台中,2023-02-06,9184
2888,新光金,21,0,21,群益金鼎-台中,2023-02-06,9184
3041,揚智,22,2,20,群益金鼎-台中,2023-02-06,9184
00671R,富邦NASDAQ反1,40,20,20,群益金鼎-台中,2023-02-06,9184
006208,富邦台50,16,0,16,群益金鼎-台中,2023-02-06,9184
00919,群益台灣精選高息,15,0,15,群益金鼎-台中,2023-02-06,9184
00642U,期元大S＆P石油,35,20,15,群益金鼎-台中,2023-02-06,9184
00653L,富邦印度正2,15,0,15,群益金鼎-台中,2023-02-06,9184
5905,南仁湖,15,0,15,群益金鼎-台中,2023-02-06,9184
8358,金居,22,8,14,群益金鼎-台中,2023-02-06,9184
00637L,元大滬深300正2,14,0,14,群益金鼎-台中,2023-02-06,9184
2330,台積電,14,1,13,群益金鼎-台中,2023-02-06,9184
2069,運錩,12,0,12,群益金鼎-台中,2023-02-06,9184
1783,和康生,40,28,12,群益金鼎-台中,2023-02-06,9184
6111,大宇資,18,6,12,群益金鼎-台中,2023-02-06,9184
3011,今皓,11,0,11,群益金鼎-台中,2023-02-06,9184
3443,創意,19,8,11,群益金鼎-台中,2023-02-06,9184
1605,華新,42,32,10,群益金鼎-台中,2023-02-06,9184
3617,碩天,20,10,10,群益金鼎-台中,2023-02-06,9184
2441,超豐,10,0,10,群益金鼎-台中,2023-02-06,9184
6223,旺矽,13,3,10,群益金鼎-台中,2023-02-06,9184
1708,東鹼,22,13,9,群益金鼎-台中,2023-02-06,9184
2603,長榮,10,2,8,群益金鼎-台中,2023-02-06,9184
00882,中信中國高股息,8,0,8,群益金鼎-台中,2023-02-06,9184
00665L,富邦�琤肭磪囓�2,8,0,8,群益金鼎-台中,2023-02-06,9184
4111,濟生,8,0,8,群益金鼎-台中,2023-02-06,9184
00752,中信中國50,8,0,8,群益金鼎-台中,2023-02-06,9184
2201,裕隆,29,21,8,群益金鼎-台中,2023-02-06,9184
6443,元晶,13,5,8,群益金鼎-台中,2023-02-06,9184
0050,元大台灣50,7,0,7,群益金鼎-台中,2023-02-06,9184
1101,台泥,8,1,7,群益金鼎-台中,2023-02-06,9184
1513,中興電,14,7,7,群益金鼎-台中,2023-02-06,9184
8215,明基材,12,5,7,群益金鼎-台中,2023-02-06,9184
2392,正崴,14,7,7,群益金鼎-台中,2023-02-06,9184
5351,鈺創,23,16,7,群益金鼎-台中,2023-02-06,9184
5880,合庫金,7,1,6,群益金鼎-台中,2023-02-06,9184
0056,元大高股息,8,2,6,群益金鼎-台中,2023-02-06,9184
4119,旭富,7,1,6,群益金鼎-台中,2023-02-06,9184
2881,富邦金,7,1,6,群益金鼎-台中,2023-02-06,9184
2465,麗臺,6,0,6,群益金鼎-台中,2023-02-06,9184
6486,互動,6,0,6,群益金鼎-台中,2023-02-06,9184
2061,風青,6,0,6,群益金鼎-台中,2023-02-06,9184
00680L,元大美債20正2,118,0,118,群益金鼎-台中,2023-02-07,9184
1605,華新,76,34,42,群益金鼎-台中,2023-02-07,9184
2891,中信金,42,7,35,群益金鼎-台中,2023-02-07,9184
2610,華航,26,1,25,群益金鼎-台中,2023-02-07,9184
0056,元大高股息,22,1,21,群益金鼎-台中,2023-02-07,9184
00676R,富邦臺灣加權反1,20,0,20,群益金鼎-台中,2023-02-07,9184
00715L,期街口布蘭特正2,135,116,19,群益金鼎-台中,2023-02-07,9184
2344,華邦電,20,1,19,群益金鼎-台中,2023-02-07,9184
00679B,元大美債20年,17,1,16,群益金鼎-台中,2023-02-07,9184
2498,宏達電,71,55,16,群益金鼎-台中,2023-02-07,9184
2888,新光金,16,0,16,群益金鼎-台中,2023-02-07,9184
6541,泰福-KY,18,2,16,群益金鼎-台中,2023-02-07,9184
2201,裕隆,22,7,15,群益金鼎-台中,2023-02-07,9184
00919,群益台灣精選高息,15,0,15,群益金鼎-台中,2023-02-07,9184
1795,美時,85,70,15,群益金鼎-台中,2023-02-07,9184
4111,濟生,13,0,13,群益金鼎-台中,2023-02-07,9184
00642U,期元大S＆P石油,12,0,12,群益金鼎-台中,2023-02-07,9184
1474,弘裕,12,0,12,群益金鼎-台中,2023-02-07,9184
1722,台肥,12,0,12,群益金鼎-台中,2023-02-07,9184
4142,國光生,20,9,11,群益金鼎-台中,2023-02-07,9184
4564,元翎,11,0,11,群益金鼎-台中,2023-02-07,9184
2321,東訊,11,0,11,群益金鼎-台中,2023-02-07,9184
00862B,中信投資級公司債,10,0,10,群益金鼎-台中,2023-02-07,9184
1417,嘉裕,13,3,10,群益金鼎-台中,2023-02-07,9184
8928,鉅明,10,0,10,群益金鼎-台中,2023-02-07,9184
00653L,富邦印度正2,10,0,10,群益金鼎-台中,2023-02-07,9184
3088,艾訊,10,0,10,群益金鼎-台中,2023-02-07,9184
2022,聚亨,10,1,9,群益金鼎-台中,2023-02-07,9184
1513,中興電,19,10,9,群益金鼎-台中,2023-02-07,9184
1584,精剛,24,15,9,群益金鼎-台中,2023-02-07,9184
0050,元大台灣50,19,11,8,群益金鼎-台中,2023-02-07,9184
2317,鴻海,10,2,8,群益金鼎-台中,2023-02-07,9184
1337,再生-KY,8,0,8,群益金鼎-台中,2023-02-07,9184
1760,寶齡富錦,15,7,8,群益金鼎-台中,2023-02-07,9184
6278,台表科,16,8,8,群益金鼎-台中,2023-02-07,9184
4977,眾達-KY,10,2,8,群益金鼎-台中,2023-02-07,9184
3162,精確,12,4,8,群益金鼎-台中,2023-02-07,9184
00751B,元大AAA至A公司債,8,0,8,群益金鼎-台中,2023-02-07,9184
6548,長科*,8,0,8,群益金鼎-台中,2023-02-07,9184
4155,訊映,8,1,7,群益金鼎-台中,2023-02-07,9184
00882,中信中國高股息,8,1,7,群益金鼎-台中,2023-02-07,9184
4906,正文,7,0,7,群益金鼎-台中,2023-02-07,9184
3703,欣陸,6,0,6,群益金鼎-台中,2023-02-07,9184
1305,華夏,6,0,6,群益金鼎-台中,2023-02-07,9184
2313,華通,6,0,6,群益金鼎-台中,2023-02-07,9184
9910,豐泰,6,0,6,群益金鼎-台中,2023-02-07,9184
2883,凱基金,11,5,6,群益金鼎-台中,2023-02-07,9184
6118,建達,14,8,6,群益金鼎-台中,2023-02-07,9184
5353,台林,14,8,6,群益金鼎-台中,2023-02-07,9184
2609,陽明,7,2,5,群益金鼎-台中,2023-02-07,9184
00632R,元大台灣50反1,176,0,176,群益金鼎-台中,2023-02-08,9184
3545,敦泰,67,0,67,群益金鼎-台中,2023-02-08,9184
2880,華南金,54,0,54,群益金鼎-台中,2023-02-08,9184
2897,王道銀行,56,2,54,群益金鼎-台中,2023-02-08,9184
00878,國泰永續高股息,59,7,52,群益金鼎-台中,2023-02-08,9184
2498,宏達電,73,22,51,群益金鼎-台中,2023-02-08,9184
9902,台火,48,0,48,群益金鼎-台中,2023-02-08,9184
4104,佳醫,48,0,48,群益金鼎-台中,2023-02-08,9184
00679B,元大美債20年,48,2,46,群益金鼎-台中,2023-02-08,9184
00885,富邦越南,59,16,43,群益金鼎-台中,2023-02-08,9184
3059,華晶科,33,1,32,群益金鼎-台中,2023-02-08,9184
00919,群益台灣精選高息,32,0,32,群益金鼎-台中,2023-02-08,9184
2034,允強,31,0,31,群益金鼎-台中,2023-02-08,9184
2888,新光金,25,0,25,群益金鼎-台中,2023-02-08,9184
00862B,中信投資級公司債,25,0,25,群益金鼎-台中,2023-02-08,9184
00665L,富邦�琤肭磪囓�2,20,0,20,群益金鼎-台中,2023-02-08,9184
1783,和康生,20,0,20,群益金鼎-台中,2023-02-08,9184
6282,康舒,40,23,17,群益金鼎-台中,2023-02-08,9184
2338,光罩,22,7,15,群益金鼎-台中,2023-02-08,9184
1513,中興電,23,9,14,群益金鼎-台中,2023-02-08,9184
6116,彩晶,14,0,14,群益金鼎-台中,2023-02-08,9184
3162,精確,57,43,14,群益金鼎-台中,2023-02-08,9184
2413,環科,29,15,14,群益金鼎-台中,2023-02-08,9184
8933,愛地雅,14,0,14,群益金鼎-台中,2023-02-08,9184
3017,奇鋐,16,3,13,群益金鼎-台中,2023-02-08,9184
5425,台半,19,6,13,群益金鼎-台中,2023-02-08,9184
3027,盛達,16,4,12,群益金鼎-台中,2023-02-08,9184
00683L,期元大美元指正2,12,0,12,群益金鼎-台中,2023-02-08,9184
6118,建達,15,4,11,群益金鼎-台中,2023-02-08,9184
2014,中鴻,17,6,11,群益金鼎-台中,2023-02-08,9184
1722,台肥,30,19,11,群益金鼎-台中,2023-02-08,9184
2009,第一銅,44,33,11,群益金鼎-台中,2023-02-08,9184
1584,精剛,32,21,11,群益金鼎-台中,2023-02-08,9184
2883,凱基金,11,1,10,群益金鼎-台中,2023-02-08,9184
5902,德記,10,0,10,群益金鼎-台中,2023-02-08,9184
2405,輔信,10,0,10,群益金鼎-台中,2023-02-08,9184
2489,瑞軒,10,0,10,群益金鼎-台中,2023-02-08,9184
1444,力麗,10,0,10,群益金鼎-台中,2023-02-08,9184
1220,台榮,10,0,10,群益金鼎-台中,2023-02-08,9184
2634,漢翔,13,3,10,群益金鼎-台中,2023-02-08,9184
2887,台新金,10,1,9,群益金鼎-台中,2023-02-08,9184
2388,威盛,11,2,9,群益金鼎-台中,2023-02-08,9184
6509,聚和,19,10,9,群益金鼎-台中,2023-02-08,9184
4960,誠美材,11,2,9,群益金鼎-台中,2023-02-08,9184
5258,虹堡,19,10,9,群益金鼎-台中,2023-02-08,9184
5704,老爺知,10,1,9,群益金鼎-台中,2023-02-08,9184
3515,華擎,8,0,8,群益金鼎-台中,2023-02-08,9184
00907,永豐優息存股,8,0,8,群益金鼎-台中,2023-02-08,9184
00751B,元大AAA至A公司債,8,0,8,群益金鼎-台中,2023-02-08,9184
4581,光隆精密-KY,7,0,7,群益金鼎-台中,2023-02-08,9184
00632R,元大台灣50反1,50,0,50,群益金鼎-台中,2023-02-09,9184
4107,邦特,42,0,42,群益金鼎-台中,2023-02-09,9184
020027,元大上櫃ESG成長N,40,0,40,群益金鼎-台中,2023-02-09,9184
00878,國泰永續高股息,41,1,40,群益金鼎-台中,2023-02-09,9184
3443,創意,69,36,33,群益金鼎-台中,2023-02-09,9184
6472,保瑞,48,15,33,群益金鼎-台中,2023-02-09,9184
00885,富邦越南,33,2,31,群益金鼎-台中,2023-02-09,9184
2367,燿華,27,1,26,群益金鼎-台中,2023-02-09,9184
1101,台泥,24,2,22,群益金鼎-台中,2023-02-09,9184
00862B,中信投資級公司債,22,0,22,群益金鼎-台中,2023-02-09,9184
00676R,富邦臺灣加權反1,22,0,22,群益金鼎-台中,2023-02-09,9184
1795,美時,46,26,20,群益金鼎-台中,2023-02-09,9184
6174,安��,20,0,20,群益金鼎-台中,2023-02-09,9184
3056,富華新,20,0,20,群益金鼎-台中,2023-02-09,9184
00680L,元大美債20正2,20,0,20,群益金鼎-台中,2023-02-09,9184
6138,茂達,25,7,18,群益金鼎-台中,2023-02-09,9184
00679B,元大美債20年,16,0,16,群益金鼎-台中,2023-02-09,9184
5351,鈺創,19,3,16,群益金鼎-台中,2023-02-09,9184
2344,華邦電,19,4,15,群益金鼎-台中,2023-02-09,9184
2377,微星,15,0,15,群益金鼎-台中,2023-02-09,9184
00919,群益台灣精選高息,16,1,15,群益金鼎-台中,2023-02-09,9184
2368,金像電,17,2,15,群益金鼎-台中,2023-02-09,9184
2413,環科,14,1,13,群益金鼎-台中,2023-02-09,9184
6719,力智,20,7,13,群益金鼎-台中,2023-02-09,9184
1474,弘裕,12,0,12,群益金鼎-台中,2023-02-09,9184
2376,技嘉,15,3,12,群益金鼎-台中,2023-02-09,9184
6533,晶心科,25,14,11,群益金鼎-台中,2023-02-09,9184
2618,長榮航,12,1,11,群益金鼎-台中,2023-02-09,9184
6285,啟��,11,0,11,群益金鼎-台中,2023-02-09,9184
00715L,期街口布蘭特正2,30,19,11,群益金鼎-台中,2023-02-09,9184
6188,廣明,11,0,11,群益金鼎-台中,2023-02-09,9184
4747,強生,19,9,10,群益金鼎-台中,2023-02-09,9184
00653L,富邦印度正2,10,0,10,群益金鼎-台中,2023-02-09,9184
2882,國泰金,10,0,10,群益金鼎-台中,2023-02-09,9184
00882,中信中國高股息,10,0,10,群益金鼎-台中,2023-02-09,9184
2915,潤泰全,10,0,10,群益金鼎-台中,2023-02-09,9184
2105,正新,10,0,10,群益金鼎-台中,2023-02-09,9184
2834,臺企銀,11,1,10,群益金鼎-台中,2023-02-09,9184
2891,中信金,11,2,9,群益金鼎-台中,2023-02-09,9184
6282,康舒,50,41,9,群益金鼎-台中,2023-02-09,9184
6733,博晟生醫,10,1,9,群益金鼎-台中,2023-02-09,9184
2603,長榮,13,5,8,群益金鼎-台中,2023-02-09,9184
00720B,元大投資級公司債,8,0,8,群益金鼎-台中,2023-02-09,9184
6531,愛普*,18,11,7,群益金鼎-台中,2023-02-09,9184
4743,合一,29,22,7,群益金鼎-台中,2023-02-09,9184
3019,亞光,6,0,6,群益金鼎-台中,2023-02-09,9184
4167,松瑞藥,6,0,6,群益金鼎-台中,2023-02-09,9184
4931,新盛力,65,59,6,群益金鼎-台中,2023-02-09,9184
00772B,中信高評級公司債,6,0,6,群益金鼎-台中,2023-02-09,9184
5475,德宏,11,5,6,群益金鼎-台中,2023-02-09,9184
3481,群創,158,7,151,群益金鼎-台中,2023-02-10,9184
2888,新光金,93,0,93,群益金鼎-台中,2023-02-10,9184
1708,東鹼,79,3,76,群益金鼎-台中,2023-02-10,9184
00878,國泰永續高股息,73,8,65,群益金鼎-台中,2023-02-10,9184
00752,中信中國50,35,0,35,群益金鼎-台中,2023-02-10,9184
6282,康舒,73,41,32,群益金鼎-台中,2023-02-10,9184
8933,愛地雅,31,0,31,群益金鼎-台中,2023-02-10,9184
00900,富邦特選高股息30,32,1,31,群益金鼎-台中,2023-02-10,9184
4114,健喬,35,12,23,群益金鼎-台中,2023-02-10,9184
2498,宏達電,36,14,22,群益金鼎-台中,2023-02-10,9184
5351,鈺創,24,3,21,群益金鼎-台中,2023-02-10,9184
2883,凱基金,22,1,21,群益金鼎-台中,2023-02-10,9184
6118,建達,28,7,21,群益金鼎-台中,2023-02-10,9184
2618,長榮航,56,35,21,群益金鼎-台中,2023-02-10,9184
00885,富邦越南,16,0,16,群益金鼎-台中,2023-02-10,9184
1605,華新,30,14,16,群益金鼎-台中,2023-02-10,9184
4721,美琪瑪,18,2,16,群益金鼎-台中,2023-02-10,9184
00919,群益台灣精選高息,15,0,15,群益金鼎-台中,2023-02-10,9184
1789,神隆,17,3,14,群益金鼎-台中,2023-02-10,9184
2367,燿華,15,1,14,群益金鼎-台中,2023-02-10,9184
00632R,元大台灣50反1,14,0,14,群益金鼎-台中,2023-02-10,9184
6789,采鈺,13,0,13,群益金鼎-台中,2023-02-10,9184
6547,高端疫苗,12,0,12,群益金鼎-台中,2023-02-10,9184
2405,輔信,12,0,12,群益金鼎-台中,2023-02-10,9184
2230,泰茂,14,2,12,群益金鼎-台中,2023-02-10,9184
00637L,元大滬深300正2,16,4,12,群益金鼎-台中,2023-02-10,9184
2368,金像電,18,6,12,群益金鼎-台中,2023-02-10,9184
3046,建��,12,0,12,群益金鼎-台中,2023-02-10,9184
00751B,元大AAA至A公司債,11,0,11,群益金鼎-台中,2023-02-10,9184
6111,大宇資,11,0,11,群益金鼎-台中,2023-02-10,9184
00680L,元大美債20正2,11,0,11,群益金鼎-台中,2023-02-10,9184
1513,中興電,48,37,11,群益金鼎-台中,2023-02-10,9184
6806,森崴能源,30,19,11,群益金鼎-台中,2023-02-10,9184
6486,互動,10,0,10,群益金鼎-台中,2023-02-10,9184
3710,連展投控,12,2,10,群益金鼎-台中,2023-02-10,9184
00753L,中信中國50正2,10,0,10,群益金鼎-台中,2023-02-10,9184
00679B,元大美債20年,12,2,10,群益金鼎-台中,2023-02-10,9184
2444,兆勁,9,0,9,群益金鼎-台中,2023-02-10,9184
3374,精材,13,4,9,群益金鼎-台中,2023-02-10,9184
2388,威盛,16,7,9,群益金鼎-台中,2023-02-10,9184
8069,元太,14,5,9,群益金鼎-台中,2023-02-10,9184
6443,元晶,9,1,8,群益金鼎-台中,2023-02-10,9184
3624,光頡,43,35,8,群益金鼎-台中,2023-02-10,9184
6248,沛波,8,0,8,群益金鼎-台中,2023-02-10,9184
4915,致伸,8,0,8,群益金鼎-台中,2023-02-10,9184
2468,華經,22,14,8,群益金鼎-台中,2023-02-10,9184
2465,麗臺,8,0,8,群益金鼎-台中,2023-02-10,9184
2359,所羅門,8,0,8,群益金鼎-台中,2023-02-10,9184
3443,創意,39,32,7,群益金鼎-台中,2023-02-10,9184
9945,潤泰新,7,0,7,群益金鼎-台中,2023-02-10,9184
00632R,元大台灣50反1,202,30,172,群益金鼎-台中,2023-02-13,9184
1528,恩德,90,0,90,群益金鼎-台中,2023-02-13,9184
3481,群創,74,1,73,群益金鼎-台中,2023-02-13,9184
1722,台肥,55,0,55,群益金鼎-台中,2023-02-13,9184
2409,友達,62,10,52,群益金鼎-台中,2023-02-13,9184
4961,天鈺,50,0,50,群益金鼎-台中,2023-02-13,9184
00680L,元大美債20正2,37,0,37,群益金鼎-台中,2023-02-13,9184
00892,富邦台灣半導體,34,0,34,群益金鼎-台中,2023-02-13,9184
1810,和成,28,0,28,群益金鼎-台中,2023-02-13,9184
00919,群益台灣精選高息,25,0,25,群益金鼎-台中,2023-02-13,9184
2888,新光金,23,0,23,群益金鼎-台中,2023-02-13,9184
0056,元大高股息,27,7,20,群益金鼎-台中,2023-02-13,9184
2537,聯上發,20,0,20,群益金鼎-台中,2023-02-13,9184
2609,陽明,25,7,18,群益金鼎-台中,2023-02-13,9184
8033,雷虎,19,1,18,群益金鼎-台中,2023-02-13,9184
1584,精剛,21,3,18,群益金鼎-台中,2023-02-13,9184
020027,元大上櫃ESG成長N,23,5,18,群益金鼎-台中,2023-02-13,9184
2303,聯電,21,3,18,群益金鼎-台中,2023-02-13,9184
3027,盛達,17,0,17,群益金鼎-台中,2023-02-13,9184
3207,耀勝,22,6,16,群益金鼎-台中,2023-02-13,9184
3594,磐儀,18,3,15,群益金鼎-台中,2023-02-13,9184
5425,台半,16,2,14,群益金鼎-台中,2023-02-13,9184
2206,三陽工業,23,10,13,群益金鼎-台中,2023-02-13,9184
1217,愛之味,13,0,13,群益金鼎-台中,2023-02-13,9184
6799,來頡,13,1,12,群益金鼎-台中,2023-02-13,9184
6269,台郡,10,0,10,群益金鼎-台中,2023-02-13,9184
2314,台揚,10,0,10,群益金鼎-台中,2023-02-13,9184
00679B,元大美債20年,10,0,10,群益金鼎-台中,2023-02-13,9184
00676R,富邦臺灣加權反1,10,0,10,群益金鼎-台中,2023-02-13,9184
8155,博智,11,2,9,群益金鼎-台中,2023-02-13,9184
4111,濟生,9,0,9,群益金鼎-台中,2023-02-13,9184
1605,華新,12,4,8,群益金鼎-台中,2023-02-13,9184
3624,光頡,30,22,8,群益金鼎-台中,2023-02-13,9184
1701,中化,21,13,8,群益金鼎-台中,2023-02-13,9184
6266,泰詠,39,31,8,群益金鼎-台中,2023-02-13,9184
2748,雲品,14,6,8,群益金鼎-台中,2023-02-13,9184
6282,康舒,25,17,8,群益金鼎-台中,2023-02-13,9184
00882,中信中國高股息,8,0,8,群益金鼎-台中,2023-02-13,9184
6719,力智,10,2,8,群益金鼎-台中,2023-02-13,9184
2618,長榮航,8,0,8,群益金鼎-台中,2023-02-13,9184
4503,金雨,12,5,7,群益金鼎-台中,2023-02-13,9184
2610,華航,28,21,7,群益金鼎-台中,2023-02-13,9184
2344,華邦電,8,1,7,群益金鼎-台中,2023-02-13,9184
2425,承啟,9,2,7,群益金鼎-台中,2023-02-13,9184
2345,智邦,7,0,7,群益金鼎-台中,2023-02-13,9184
6235,華孚,36,30,6,群益金鼎-台中,2023-02-13,9184
6789,采鈺,6,0,6,群益金鼎-台中,2023-02-13,9184
6806,森崴能源,34,28,6,群益金鼎-台中,2023-02-13,9184
2405,輔信,10,4,6,群益金鼎-台中,2023-02-13,9184
2034,允強,6,0,6,群益金鼎-台中,2023-02-13,9184
00632R,元大台灣50反1,211,13,198,群益金鼎-台中,2023-02-14,9184
2886,兆豐金,52,2,50,群益金鼎-台中,2023-02-14,9184
1101,台泥,43,0,43,群益金鼎-台中,2023-02-14,9184
3558,神準,32,2,30,群益金鼎-台中,2023-02-14,9184
00918,大華優利高填息30,30,0,30,群益金鼎-台中,2023-02-14,9184
2486,一詮,36,7,29,群益金鼎-台中,2023-02-14,9184
00878,國泰永續高股息,46,18,28,群益金鼎-台中,2023-02-14,9184
3594,磐儀,60,38,22,群益金鼎-台中,2023-02-14,9184
00720B,元大投資級公司債,20,0,20,群益金鼎-台中,2023-02-14,9184
3624,光頡,78,63,15,群益金鼎-台中,2023-02-14,9184
00664R,國泰臺灣加權反1,15,0,15,群益金鼎-台中,2023-02-14,9184
2368,金像電,20,6,14,群益金鼎-台中,2023-02-14,9184
4744,皇將,14,0,14,群益金鼎-台中,2023-02-14,9184
2009,第一銅,17,4,13,群益金鼎-台中,2023-02-14,9184
00753L,中信中國50正2,12,0,12,群益金鼎-台中,2023-02-14,9184
00680L,元大美債20正2,12,0,12,群益金鼎-台中,2023-02-14,9184
2453,凌群,112,101,11,群益金鼎-台中,2023-02-14,9184
2421,建準,12,2,10,群益金鼎-台中,2023-02-14,9184
00679B,元大美債20年,10,0,10,群益金鼎-台中,2023-02-14,9184
3264,欣銓,11,1,10,群益金鼎-台中,2023-02-14,9184
8383,千附,10,0,10,群益金鼎-台中,2023-02-14,9184
6799,來頡,10,0,10,群益金鼎-台中,2023-02-14,9184
00676R,富邦臺灣加權反1,10,0,10,群益金鼎-台中,2023-02-14,9184
00642U,期元大S＆P石油,10,0,10,群益金鼎-台中,2023-02-14,9184
4584,君帆,10,0,10,群益金鼎-台中,2023-02-14,9184
00669R,國泰美國道瓊反1,9,0,9,群益金鼎-台中,2023-02-14,9184
3711,日月光投控,9,0,9,群益金鼎-台中,2023-02-14,9184
3661,世芯-KY,17,8,9,群益金鼎-台中,2023-02-14,9184
2609,陽明,16,8,8,群益金鼎-台中,2023-02-14,9184
3693,營邦,8,0,8,群益金鼎-台中,2023-02-14,9184
1337,再生-KY,8,0,8,群益金鼎-台中,2023-02-14,9184
1584,精剛,8,1,7,群益金鼎-台中,2023-02-14,9184
020027,元大上櫃ESG成長N,7,0,7,群益金鼎-台中,2023-02-14,9184
00673R,期元大S＆P原油反1,7,0,7,群益金鼎-台中,2023-02-14,9184
4536,拓凱,27,21,6,群益金鼎-台中,2023-02-14,9184
2471,資通,10,4,6,群益金鼎-台中,2023-02-14,9184
2911,麗嬰房,6,0,6,群益金鼎-台中,2023-02-14,9184
2002,中鋼,13,7,6,群益金鼎-台中,2023-02-14,9184
2884,玉山金,6,1,5,群益金鼎-台中,2023-02-14,9184
3294,英濟,5,0,5,群益金鼎-台中,2023-02-14,9184
1609,大亞,5,0,5,群益金鼎-台中,2023-02-14,9184
3013,晟銘電,5,0,5,群益金鼎-台中,2023-02-14,9184
5353,台林,5,0,5,群益金鼎-台中,2023-02-14,9184
00719B,元大美債1-3,5,0,5,群益金鼎-台中,2023-02-14,9184
8478,東哥遊艇,32,27,5,群益金鼎-台中,2023-02-14,9184
3587,閎康,5,0,5,群益金鼎-台中,2023-02-14,9184
2867,三商壽,4,0,4,群益金鼎-台中,2023-02-14,9184
9938,百和,5,1,4,群益金鼎-台中,2023-02-14,9184
6546,正基,4,0,4,群益金鼎-台中,2023-02-14,9184
2472,立隆電,4,0,4,群益金鼎-台中,2023-02-14,9184
4739,康普,91,1,90,群益金鼎-台中,2023-02-15,9184
00676R,富邦臺灣加權反1,80,0,80,群益金鼎-台中,2023-02-15,9184
00878,國泰永續高股息,82,24,58,群益金鼎-台中,2023-02-15,9184
6509,聚和,31,5,26,群益金鼎-台中,2023-02-15,9184
6148,驊宏資,38,15,23,群益金鼎-台中,2023-02-15,9184
00632R,元大台灣50反1,102,80,22,群益金鼎-台中,2023-02-15,9184
8940,新天地,22,0,22,群益金鼎-台中,2023-02-15,9184
006208,富邦台50,27,9,18,群益金鼎-台中,2023-02-15,9184
5906,台南-KY,18,0,18,群益金鼎-台中,2023-02-15,9184
4584,君帆,18,0,18,群益金鼎-台中,2023-02-15,9184
2302,麗正,19,2,17,群益金鼎-台中,2023-02-15,9184
0050,元大台灣50,19,2,17,群益金鼎-台中,2023-02-15,9184
020027,元大上櫃ESG成長N,15,0,15,群益金鼎-台中,2023-02-15,9184
00903,富邦元宇宙,15,0,15,群益金鼎-台中,2023-02-15,9184
6531,愛普*,16,3,13,群益金鼎-台中,2023-02-15,9184
2330,台積電,26,14,12,群益金鼎-台中,2023-02-15,9184
00892,富邦台灣半導體,11,0,11,群益金鼎-台中,2023-02-15,9184
00680L,元大美債20正2,11,0,11,群益金鼎-台中,2023-02-15,9184
1560,中砂,11,0,11,群益金鼎-台中,2023-02-15,9184
00780B,國泰A級金融債,10,0,10,群益金鼎-台中,2023-02-15,9184
00665L,富邦�琤肭磪囓�2,10,0,10,群益金鼎-台中,2023-02-15,9184
8081,致新,10,0,10,群益金鼎-台中,2023-02-15,9184
2743,山富,17,8,9,群益金鼎-台中,2023-02-15,9184
2618,長榮航,41,32,9,群益金鼎-台中,2023-02-15,9184
00919,群益台灣精選高息,10,1,9,群益金鼎-台中,2023-02-15,9184
1474,弘裕,9,0,9,群益金鼎-台中,2023-02-15,9184
2881,富邦金,8,0,8,群益金鼎-台中,2023-02-15,9184
00900,富邦特選高股息30,8,0,8,群益金鼎-台中,2023-02-15,9184
2208,台船,11,3,8,群益金鼎-台中,2023-02-15,9184
4536,拓凱,20,12,8,群益金鼎-台中,2023-02-15,9184
6411,晶焱,8,0,8,群益金鼎-台中,2023-02-15,9184
3078,僑威,10,2,8,群益金鼎-台中,2023-02-15,9184
1337,再生-KY,8,0,8,群益金鼎-台中,2023-02-15,9184
2603,長榮,9,2,7,群益金鼎-台中,2023-02-15,9184
00888,永豐台灣ESG,12,5,7,群益金鼎-台中,2023-02-15,9184
8033,雷虎,7,0,7,群益金鼎-台中,2023-02-15,9184
6118,建達,7,0,7,群益金鼎-台中,2023-02-15,9184
8222,寶一,24,17,7,群益金鼎-台中,2023-02-15,9184
5483,中美晶,7,1,6,群益金鼎-台中,2023-02-15,9184
00713,元大台灣高息低波,6,0,6,群益金鼎-台中,2023-02-15,9184
6278,台表科,9,3,6,群益金鼎-台中,2023-02-15,9184
2027,大成鋼,17,11,6,群益金鼎-台中,2023-02-15,9184
2484,希華,6,0,6,群益金鼎-台中,2023-02-15,9184
2723,美食-KY,39,33,6,群益金鼎-台中,2023-02-15,9184
3035,智原,12,6,6,群益金鼎-台中,2023-02-15,9184
3034,聯詠,19,13,6,群益金鼎-台中,2023-02-15,9184
2332,友訊,5,0,5,群益金鼎-台中,2023-02-15,9184
2340,台亞,5,0,5,群益金鼎-台中,2023-02-15,9184
00720B,元大投資級公司債,5,0,5,群益金鼎-台中,2023-02-15,9184
00725B,國泰投資級公司債,5,0,5,群益金鼎-台中,2023-02-15,9184
00632R,元大台灣50反1,237,10,227,群益金鼎-台中,2023-02-16,9184
00676R,富邦臺灣加權反1,160,0,160,群益金鼎-台中,2023-02-16,9184
00878,國泰永續高股息,89,12,77,群益金鼎-台中,2023-02-16,9184
1608,華榮,60,0,60,群益金鼎-台中,2023-02-16,9184
1609,大亞,44,6,38,群益金鼎-台中,2023-02-16,9184
2033,佳大,30,0,30,群益金鼎-台中,2023-02-16,9184
00687B,國泰20年美債,30,0,30,群益金鼎-台中,2023-02-16,9184
00679B,元大美債20年,45,15,30,群益金鼎-台中,2023-02-16,9184
00751B,元大AAA至A公司債,31,6,25,群益金鼎-台中,2023-02-16,9184
3558,神準,42,21,21,群益金鼎-台中,2023-02-16,9184
00680L,元大美債20正2,21,0,21,群益金鼎-台中,2023-02-16,9184
2481,強茂,25,4,21,群益金鼎-台中,2023-02-16,9184
00653L,富邦印度正2,20,0,20,群益金鼎-台中,2023-02-16,9184
2421,建準,18,0,18,群益金鼎-台中,2023-02-16,9184
4931,新盛力,18,0,18,群益金鼎-台中,2023-02-16,9184
2748,雲品,23,6,17,群益金鼎-台中,2023-02-16,9184
2482,連宇,21,4,17,群益金鼎-台中,2023-02-16,9184
2884,玉山金,15,0,15,群益金鼎-台中,2023-02-16,9184
6118,建達,15,0,15,群益金鼎-台中,2023-02-16,9184
6541,泰福-KY,15,0,15,群益金鼎-台中,2023-02-16,9184
8222,寶一,52,39,13,群益金鼎-台中,2023-02-16,9184
1522,堤維西,17,5,12,群益金鼎-台中,2023-02-16,9184
1909,榮成,16,4,12,群益金鼎-台中,2023-02-16,9184
2890,永豐金,11,0,11,群益金鼎-台中,2023-02-16,9184
1718,中纖,11,0,11,群益金鼎-台中,2023-02-16,9184
2376,技嘉,13,2,11,群益金鼎-台中,2023-02-16,9184
2201,裕隆,44,34,10,群益金鼎-台中,2023-02-16,9184
6191,精成科,12,2,10,群益金鼎-台中,2023-02-16,9184
3016,嘉晶,10,0,10,群益金鼎-台中,2023-02-16,9184
8349,�矬�,10,0,10,群益金鼎-台中,2023-02-16,9184
4114,健喬,13,3,10,群益金鼎-台中,2023-02-16,9184
5347,世界,10,1,9,群益金鼎-台中,2023-02-16,9184
1218,泰山,9,0,9,群益金鼎-台中,2023-02-16,9184
6205,詮欣,9,0,9,群益金鼎-台中,2023-02-16,9184
2484,希華,10,1,9,群益金鼎-台中,2023-02-16,9184
4584,君帆,8,0,8,群益金鼎-台中,2023-02-16,9184
3044,健鼎,8,0,8,群益金鼎-台中,2023-02-16,9184
1519,華城,15,8,7,群益金鼎-台中,2023-02-16,9184
8046,南電,9,3,6,群益金鼎-台中,2023-02-16,9184
00720B,元大投資級公司債,6,0,6,群益金鼎-台中,2023-02-16,9184
00772B,中信高評級公司債,6,0,6,群益金鼎-台中,2023-02-16,9184
2615,萬海,7,1,6,群益金鼎-台中,2023-02-16,9184
3035,智原,19,13,6,群益金鼎-台中,2023-02-16,9184
6443,元晶,13,7,6,群益金鼎-台中,2023-02-16,9184
4104,佳醫,5,0,5,群益金鼎-台中,2023-02-16,9184
8996,高力,21,16,5,群益金鼎-台中,2023-02-16,9184
3128,昇銳,10,5,5,群益金鼎-台中,2023-02-16,9184
2634,漢翔,15,10,5,群益金鼎-台中,2023-02-16,9184
3541,西柏,5,0,5,群益金鼎-台中,2023-02-16,9184
2607,榮運,7,2,5,群益金鼎-台中,2023-02-16,9184
6770,力積電,70,0,70,群益金鼎-台中,2023-02-17,9184
2421,建準,70,0,70,群益金鼎-台中,2023-02-17,9184
00715L,期街口布蘭特正2,45,0,45,群益金鼎-台中,2023-02-17,9184
00752,中信中國50,40,0,40,群益金鼎-台中,2023-02-17,9184
00680L,元大美債20正2,36,0,36,群益金鼎-台中,2023-02-17,9184
2344,華邦電,40,5,35,群益金鼎-台中,2023-02-17,9184
5328,華容,33,0,33,群益金鼎-台中,2023-02-17,9184
00893,國泰智能電動車,33,0,33,群益金鼎-台中,2023-02-17,9184
2201,裕隆,41,11,30,群益金鼎-台中,2023-02-17,9184
6116,彩晶,42,14,28,群益金鼎-台中,2023-02-17,9184
1314,中石化,28,0,28,群益金鼎-台中,2023-02-17,9184
5488,松普,28,0,28,群益金鼎-台中,2023-02-17,9184
2002,中鋼,28,2,26,群益金鼎-台中,2023-02-17,9184
1584,精剛,31,6,25,群益金鼎-台中,2023-02-17,9184
1503,士電,41,16,25,群益金鼎-台中,2023-02-17,9184
6547,高端疫苗,23,0,23,群益金鼎-台中,2023-02-17,9184
00902,中信電池及儲能,23,0,23,群益金鼎-台中,2023-02-17,9184
0050,元大台灣50,22,0,22,群益金鼎-台中,2023-02-17,9184
2206,三陽工業,23,1,22,群益金鼎-台中,2023-02-17,9184
3558,神準,45,25,20,群益金鼎-台中,2023-02-17,9184
00885,富邦越南,22,2,20,群益金鼎-台中,2023-02-17,9184
6191,精成科,20,0,20,群益金鼎-台中,2023-02-17,9184
1809,中釉,20,0,20,群益金鼎-台中,2023-02-17,9184
3048,益登,20,0,20,群益金鼎-台中,2023-02-17,9184
00878,國泰永續高股息,23,4,19,群益金鼎-台中,2023-02-17,9184
3661,世芯-KY,28,9,19,群益金鼎-台中,2023-02-17,9184
2330,台積電,20,2,18,群益金鼎-台中,2023-02-17,9184
00673R,期元大S＆P原油反1,20,3,17,群益金鼎-台中,2023-02-17,9184
1516,川飛,15,0,15,群益金鼎-台中,2023-02-17,9184
4164,承業醫,15,0,15,群益金鼎-台中,2023-02-17,9184
6486,互動,15,0,15,群益金鼎-台中,2023-02-17,9184
00919,群益台灣精選高息,15,0,15,群益金鼎-台中,2023-02-17,9184
8028,昇陽半導體,14,1,13,群益金鼎-台中,2023-02-17,9184
00679B,元大美債20年,12,0,12,群益金鼎-台中,2023-02-17,9184
5425,台半,15,3,12,群益金鼎-台中,2023-02-17,9184
2313,華通,11,0,11,群益金鼎-台中,2023-02-17,9184
2481,強茂,11,0,11,群益金鼎-台中,2023-02-17,9184
2607,榮運,10,0,10,群益金鼎-台中,2023-02-17,9184
4104,佳醫,10,0,10,群益金鼎-台中,2023-02-17,9184
1301,台塑,10,0,10,群益金鼎-台中,2023-02-17,9184
5321,美而快,12,2,10,群益金鼎-台中,2023-02-17,9184
8261,富鼎,10,0,10,群益金鼎-台中,2023-02-17,9184
1444,力麗,10,0,10,群益金鼎-台中,2023-02-17,9184
8358,金居,12,2,10,群益金鼎-台中,2023-02-17,9184
2705,六福,10,0,10,群益金鼎-台中,2023-02-17,9184
2484,希華,11,2,9,群益金鼎-台中,2023-02-17,9184
4919,新唐,11,2,9,群益金鼎-台中,2023-02-17,9184
2368,金像電,11,2,9,群益金鼎-台中,2023-02-17,9184
3708,上緯投控,8,0,8,群益金鼎-台中,2023-02-17,9184
6109,亞元,8,0,8,群益金鼎-台中,2023-02-17,9184
00632R,元大台灣50反1,230,0,230,群益金鼎-台中,2023-02-20,9184
3141,晶宏,92,8,84,群益金鼎-台中,2023-02-20,9184
2498,宏達電,71,18,53,群益金鼎-台中,2023-02-20,9184
2883B,凱基金乙特,45,0,45,群益金鼎-台中,2023-02-20,9184
1504,東元,45,2,43,群益金鼎-台中,2023-02-20,9184
00665L,富邦�琤肭磪囓�2,40,0,40,群益金鼎-台中,2023-02-20,9184
8086,宏捷科,40,2,38,群益金鼎-台中,2023-02-20,9184
1314,中石化,41,3,38,群益金鼎-台中,2023-02-20,9184
3443,創意,62,30,32,群益金鼎-台中,2023-02-20,9184
1108,幸福,33,2,31,群益金鼎-台中,2023-02-20,9184
3479,安勤,30,3,27,群益金鼎-台中,2023-02-20,9184
2610,華航,107,82,25,群益金鼎-台中,2023-02-20,9184
00902,中信電池及儲能,37,16,21,群益金鼎-台中,2023-02-20,9184
00919,群益台灣精選高息,20,0,20,群益金鼎-台中,2023-02-20,9184
00680L,元大美債20正2,20,0,20,群益金鼎-台中,2023-02-20,9184
00637L,元大滬深300正2,121,103,18,群益金鼎-台中,2023-02-20,9184
00673R,期元大S＆P原油反1,20,2,18,群益金鼎-台中,2023-02-20,9184
6285,啟��,18,1,17,群益金鼎-台中,2023-02-20,9184
2748,雲品,43,26,17,群益金鼎-台中,2023-02-20,9184
2104,國際中橡,15,0,15,群益金鼎-台中,2023-02-20,9184
4128,中天,22,8,14,群益金鼎-台中,2023-02-20,9184
6719,力智,15,1,14,群益金鼎-台中,2023-02-20,9184
2486,一詮,13,0,13,群益金鼎-台中,2023-02-20,9184
2421,建準,18,5,13,群益金鼎-台中,2023-02-20,9184
2401,凌陽,12,0,12,群益金鼎-台中,2023-02-20,9184
8383,千附,14,2,12,群益金鼎-台中,2023-02-20,9184
3022,威強電,21,9,12,群益金鼎-台中,2023-02-20,9184
4142,國光生,12,0,12,群益金鼎-台中,2023-02-20,9184
2603,長榮,14,3,11,群益金鼎-台中,2023-02-20,9184
3033,威健,13,2,11,群益金鼎-台中,2023-02-20,9184
3058,立德,11,0,11,群益金鼎-台中,2023-02-20,9184
2707,晶華,10,0,10,群益金鼎-台中,2023-02-20,9184
2489,瑞軒,10,0,10,群益金鼎-台中,2023-02-20,9184
2906,高林,10,0,10,群益金鼎-台中,2023-02-20,9184
2331,精英,10,0,10,群益金鼎-台中,2023-02-20,9184
8240,華宏,10,0,10,群益金鼎-台中,2023-02-20,9184
8183,精星,10,0,10,群益金鼎-台中,2023-02-20,9184
1516,川飛,10,0,10,群益金鼎-台中,2023-02-20,9184
8121,越峰,11,1,10,群益金鼎-台中,2023-02-20,9184
6282,康舒,24,14,10,群益金鼎-台中,2023-02-20,9184
6288,聯嘉,11,1,10,群益金鼎-台中,2023-02-20,9184
2354,鴻準,9,0,9,群益金鼎-台中,2023-02-20,9184
8936,國統,11,2,9,群益金鼎-台中,2023-02-20,9184
1522,堤維西,12,3,9,群益金鼎-台中,2023-02-20,9184
00715L,期街口布蘭特正2,8,0,8,群益金鼎-台中,2023-02-20,9184
00676R,富邦臺灣加權反1,10,2,8,群益金鼎-台中,2023-02-20,9184
8227,巨有科技,10,2,8,群益金鼎-台中,2023-02-20,9184
1727,中華化,9,1,8,群益金鼎-台中,2023-02-20,9184
8050,廣積,21,13,8,群益金鼎-台中,2023-02-20,9184
1503,士電,58,51,7,群益金鼎-台中,2023-02-20,9184
2867,三商壽,181,5,176,群益金鼎-台中,2023-02-21,9184
5488,松普,133,1,132,群益金鼎-台中,2023-02-21,9184
3481,群創,117,31,86,群益金鼎-台中,2023-02-21,9184
2457,飛宏,196,140,56,群益金鼎-台中,2023-02-21,9184
2880,華南金,52,0,52,群益金鼎-台中,2023-02-21,9184
6167,久正,50,0,50,群益金鼎-台中,2023-02-21,9184
1504,東元,47,3,44,群益金鼎-台中,2023-02-21,9184
00720B,元大投資級公司債,40,0,40,群益金鼎-台中,2023-02-21,9184
00919,群益台灣精選高息,40,0,40,群益金鼎-台中,2023-02-21,9184
00752,中信中國50,56,20,36,群益金鼎-台中,2023-02-21,9184
2392,正崴,36,1,35,群益金鼎-台中,2023-02-21,9184
2897,王道銀行,30,0,30,群益金鼎-台中,2023-02-21,9184
6288,聯嘉,45,18,27,群益金鼎-台中,2023-02-21,9184
2883B,凱基金乙特,27,0,27,群益金鼎-台中,2023-02-21,9184
2884,玉山金,53,27,26,群益金鼎-台中,2023-02-21,9184
2352,佳世達,63,36,27,群益金鼎-台中,2023-02-21,9184
2610,華航,65,39,26,群益金鼎-台中,2023-02-21,9184
00751B,元大AAA至A公司債,22,0,22,群益金鼎-台中,2023-02-21,9184
3322,建舜電,21,0,21,群益金鼎-台中,2023-02-21,9184
5701,劍湖山,21,0,21,群益金鼎-台中,2023-02-21,9184
3128,昇銳,32,11,21,群益金鼎-台中,2023-02-21,9184
6188,廣明,30,10,20,群益金鼎-台中,2023-02-21,9184
00665L,富邦�琤肭磪囓�2,20,0,20,群益金鼎-台中,2023-02-21,9184
6541,泰福-KY,20,0,20,群益金鼎-台中,2023-02-21,9184
00680L,元大美債20正2,20,0,20,群益金鼎-台中,2023-02-21,9184
00687B,國泰20年美債,18,0,18,群益金鼎-台中,2023-02-21,9184
00632R,元大台灣50反1,72,55,17,群益金鼎-台中,2023-02-21,9184
6282,康舒,82,65,17,群益金鼎-台中,2023-02-21,9184
00725B,國泰投資級公司債,16,0,16,群益金鼎-台中,2023-02-21,9184
2421,建準,16,0,16,群益金鼎-台中,2023-02-21,9184
2748,雲品,27,12,15,群益金鼎-台中,2023-02-21,9184
3027,盛達,72,57,15,群益金鼎-台中,2023-02-21,9184
3537,堡達,15,0,15,群益金鼎-台中,2023-02-21,9184
3264,欣銓,55,40,15,群益金鼎-台中,2023-02-21,9184
2476,鉅祥,15,0,15,群益金鼎-台中,2023-02-21,9184
2634,漢翔,19,6,13,群益金鼎-台中,2023-02-21,9184
2906,高林,18,6,12,群益金鼎-台中,2023-02-21,9184
00888,永豐台灣ESG,14,2,12,群益金鼎-台中,2023-02-21,9184
2367,燿華,12,1,11,群益金鼎-台中,2023-02-21,9184
3224,三顧,13,2,11,群益金鼎-台中,2023-02-21,9184
4739,康普,11,0,11,群益金鼎-台中,2023-02-21,9184
6285,啟��,10,0,10,群益金鼎-台中,2023-02-21,9184
3390,旭軟,10,0,10,群益金鼎-台中,2023-02-21,9184
2701,萬企,10,0,10,群益金鼎-台中,2023-02-21,9184
4960,誠美材,10,0,10,群益金鼎-台中,2023-02-21,9184
2369,菱生,10,0,10,群益金鼎-台中,2023-02-21,9184
1512,瑞利,10,0,10,群益金鼎-台中,2023-02-21,9184
6142,友勁,10,0,10,群益金鼎-台中,2023-02-21,9184
2614,東森,10,0,10,群益金鼎-台中,2023-02-21,9184
3419,譁裕,10,0,10,群益金鼎-台中,2023-02-21,9184
8478,東哥遊艇,101,41,60,群益金鼎-台中,2023-02-22,9184
2498,宏達電,74,21,53,群益金鼎-台中,2023-02-22,9184
00919,群益台灣精選高息,50,0,50,群益金鼎-台中,2023-02-22,9184
00878,國泰永續高股息,87,37,50,群益金鼎-台中,2023-02-22,9184
0050,元大台灣50,57,16,41,群益金鼎-台中,2023-02-22,9184
3027,盛達,72,33,39,群益金鼎-台中,2023-02-22,9184
1722,台肥,53,14,39,群益金鼎-台中,2023-02-22,9184
2618,長榮航,54,17,37,群益金鼎-台中,2023-02-22,9184
00665L,富邦�琤肭磪囓�2,35,0,35,群益金鼎-台中,2023-02-22,9184
2421,建準,31,0,31,群益金鼎-台中,2023-02-22,9184
2377,微星,30,0,30,群益金鼎-台中,2023-02-22,9184
6167,久正,29,0,29,群益金鼎-台中,2023-02-22,9184
3322,建舜電,25,1,24,群益金鼎-台中,2023-02-22,9184
00680L,元大美債20正2,24,0,24,群益金鼎-台中,2023-02-22,9184
1314,中石化,21,0,21,群益金鼎-台中,2023-02-22,9184
00893,國泰智能電動車,21,1,20,群益金鼎-台中,2023-02-22,9184
2352,佳世達,20,1,19,群益金鼎-台中,2023-02-22,9184
2610,華航,49,32,17,群益金鼎-台中,2023-02-22,9184
6188,廣明,20,3,17,群益金鼎-台中,2023-02-22,9184
6116,彩晶,16,0,16,群益金鼎-台中,2023-02-22,9184
5258,虹堡,27,12,15,群益金鼎-台中,2023-02-22,9184
6443,元晶,16,2,14,群益金鼎-台中,2023-02-22,9184
4138,曜亞,20,6,14,群益金鼎-台中,2023-02-22,9184
1453,大將,14,0,14,群益金鼎-台中,2023-02-22,9184
4979,華星光,20,7,13,群益金鼎-台中,2023-02-22,9184
2891,中信金,13,0,13,群益金鼎-台中,2023-02-22,9184
3035,智原,28,15,13,群益金鼎-台中,2023-02-22,9184
2368,金像電,12,0,12,群益金鼎-台中,2023-02-22,9184
8049,晶采,12,0,12,群益金鼎-台中,2023-02-22,9184
00882,中信中國高股息,12,0,12,群益金鼎-台中,2023-02-22,9184
00654R,富邦印度反1,12,0,12,群益金鼎-台中,2023-02-22,9184
6235,華孚,80,69,11,群益金鼎-台中,2023-02-22,9184
2481,強茂,11,0,11,群益金鼎-台中,2023-02-22,9184
6547,高端疫苗,11,0,11,群益金鼎-台中,2023-02-22,9184
6531,愛普*,20,9,11,群益金鼎-台中,2023-02-22,9184
1513,中興電,26,16,10,群益金鼎-台中,2023-02-22,9184
5364,力麗店,10,0,10,群益金鼎-台中,2023-02-22,9184
3128,昇銳,10,0,10,群益金鼎-台中,2023-02-22,9184
2753,八方雲集,10,0,10,群益金鼎-台中,2023-02-22,9184
2892,第一金,10,0,10,群益金鼎-台中,2023-02-22,9184
020027,元大上櫃ESG成長N,15,5,10,群益金鼎-台中,2023-02-22,9184
3443,創意,27,18,9,群益金鼎-台中,2023-02-22,9184
3037,欣興,14,5,9,群益金鼎-台中,2023-02-22,9184
5905,南仁湖,10,1,9,群益金鼎-台中,2023-02-22,9184
00753L,中信中國50正2,9,0,9,群益金鼎-台中,2023-02-22,9184
2317,鴻海,12,4,8,群益金鼎-台中,2023-02-22,9184
00725B,國泰投資級公司債,21,13,8,群益金鼎-台中,2023-02-22,9184
5508,永信建,8,0,8,群益金鼎-台中,2023-02-22,9184
6496,科懋,9,1,8,群益金鼎-台中,2023-02-22,9184
2603,長榮,13,5,8,群益金鼎-台中,2023-02-22,9184
00632R,元大台灣50反1,402,0,402,群益金鼎-台中,2023-02-23,9184
2883,凱基金,203,9,194,群益金鼎-台中,2023-02-23,9184
2883B,凱基金乙特,83,0,83,群益金鼎-台中,2023-02-23,9184
00715L,期街口布蘭特正2,68,2,66,群益金鼎-台中,2023-02-23,9184
2892,第一金,50,0,50,群益金鼎-台中,2023-02-23,9184
00885,富邦越南,41,0,41,群益金鼎-台中,2023-02-23,9184
1314,中石化,40,0,40,群益金鼎-台中,2023-02-23,9184
1101,台泥,53,14,39,群益金鼎-台中,2023-02-23,9184
00919,群益台灣精選高息,30,0,30,群益金鼎-台中,2023-02-23,9184
2421,建準,29,0,29,群益金鼎-台中,2023-02-23,9184
3481,群創,33,10,23,群益金鼎-台中,2023-02-23,9184
6477,安集,22,0,22,群益金鼎-台中,2023-02-23,9184
2104,國際中橡,21,0,21,群益金鼎-台中,2023-02-23,9184
8411,福貞-KY,20,0,20,群益金鼎-台中,2023-02-23,9184
2882,國泰金,19,0,19,群益金鼎-台中,2023-02-23,9184
3322,建舜電,20,1,19,群益金鼎-台中,2023-02-23,9184
2399,映泰,21,2,19,群益金鼎-台中,2023-02-23,9184
00680L,元大美債20正2,18,0,18,群益金鼎-台中,2023-02-23,9184
1605,華新,42,25,17,群益金鼎-台中,2023-02-23,9184
2886,兆豐金,66,50,16,群益金鼎-台中,2023-02-23,9184
2887,台新金,15,0,15,群益金鼎-台中,2023-02-23,9184
1524,耿鼎,15,0,15,群益金鼎-台中,2023-02-23,9184
3027,盛達,23,10,13,群益金鼎-台中,2023-02-23,9184
0056,元大高股息,20,8,12,群益金鼎-台中,2023-02-23,9184
6443,元晶,13,1,12,群益金鼎-台中,2023-02-23,9184
2390,云辰,11,0,11,群益金鼎-台中,2023-02-23,9184
2712,遠雄來,12,1,11,群益金鼎-台中,2023-02-23,9184
5512,力麒,25,14,11,群益金鼎-台中,2023-02-23,9184
2634,漢翔,18,8,10,群益金鼎-台中,2023-02-23,9184
3380,明泰,14,4,10,群益金鼎-台中,2023-02-23,9184
3652,精聯,10,0,10,群益金鼎-台中,2023-02-23,9184
3260,威剛,10,0,10,群益金鼎-台中,2023-02-23,9184
6266,泰詠,23,13,10,群益金鼎-台中,2023-02-23,9184
2457,飛宏,16,6,10,群益金鼎-台中,2023-02-23,9184
8049,晶采,27,17,10,群益金鼎-台中,2023-02-23,9184
4147,中裕,28,18,10,群益金鼎-台中,2023-02-23,9184
2409,友達,17,8,9,群益金鼎-台中,2023-02-23,9184
5703,亞都,12,3,9,群益金鼎-台中,2023-02-23,9184
3094,聯傑,20,11,9,群益金鼎-台中,2023-02-23,9184
2641,正德,16,7,9,群益金鼎-台中,2023-02-23,9184
3029,零壹,15,7,8,群益金鼎-台中,2023-02-23,9184
6120,達運,8,0,8,群益金鼎-台中,2023-02-23,9184
2344,華邦電,10,2,8,群益金鼎-台中,2023-02-23,9184
8033,雷虎,13,5,8,群益金鼎-台中,2023-02-23,9184
3088,艾訊,8,0,8,群益金鼎-台中,2023-02-23,9184
1701,中化,8,0,8,群益金鼎-台中,2023-02-23,9184
1616,億泰,10,3,7,群益金鼎-台中,2023-02-23,9184
3264,欣銓,7,0,7,群益金鼎-台中,2023-02-23,9184
1529,樂事綠能,12,5,7,群益金鼎-台中,2023-02-23,9184
1783,和康生,8,1,7,群益金鼎-台中,2023-02-23,9184
6167,久正,171,0,171,群益金鼎-台中,2023-02-24,9184
00637L,元大滬深300正2,124,3,121,群益金鼎-台中,2023-02-24,9184
00752,中信中國50,60,0,60,群益金鼎-台中,2023-02-24,9184
2324,仁寶,50,3,47,群益金鼎-台中,2023-02-24,9184
1314,中石化,42,0,42,群益金鼎-台中,2023-02-24,9184
2634,漢翔,44,6,38,群益金鼎-台中,2023-02-24,9184
020027,元大上櫃ESG成長N,58,20,38,群益金鼎-台中,2023-02-24,9184
2617,台航,48,11,37,群益金鼎-台中,2023-02-24,9184
00665L,富邦�琤肭磪囓�2,31,0,31,群益金鼎-台中,2023-02-24,9184
3013,晟銘電,53,23,30,群益金鼎-台中,2023-02-24,9184
6176,瑞儀,27,0,27,群益金鼎-台中,2023-02-24,9184
2739,寒舍,28,2,26,群益金鼎-台中,2023-02-24,9184
2317,鴻海,27,3,24,群益金鼎-台中,2023-02-24,9184
6129,普誠,24,0,24,群益金鼎-台中,2023-02-24,9184
2243,宏旭-KY,25,3,22,群益金鼎-台中,2023-02-24,9184
3481,群創,28,7,21,群益金鼎-台中,2023-02-24,9184
00878,國泰永續高股息,20,0,20,群益金鼎-台中,2023-02-24,9184
00919,群益台灣精選高息,20,0,20,群益金鼎-台中,2023-02-24,9184
5512,力麒,92,72,20,群益金鼎-台中,2023-02-24,9184
2610,華航,24,5,19,群益金鼎-台中,2023-02-24,9184
2618,長榮航,25,6,19,群益金鼎-台中,2023-02-24,9184
2615,萬海,32,13,19,群益金鼎-台中,2023-02-24,9184
3594,磐儀,25,6,19,群益金鼎-台中,2023-02-24,9184
2377,微星,20,1,19,群益金鼎-台中,2023-02-24,9184
6266,泰詠,55,37,18,群益金鼎-台中,2023-02-24,9184
5258,虹堡,40,24,16,群益金鼎-台中,2023-02-24,9184
2201,裕隆,50,34,16,群益金鼎-台中,2023-02-24,9184
5210,寶碩,16,1,15,群益金鼎-台中,2023-02-24,9184
5450,南良,15,0,15,群益金鼎-台中,2023-02-24,9184
5488,松普,14,0,14,群益金鼎-台中,2023-02-24,9184
3035,智原,45,31,14,群益金鼎-台中,2023-02-24,9184
5483,中美晶,13,0,13,群益金鼎-台中,2023-02-24,9184
6441,廣錠,13,0,13,群益金鼎-台中,2023-02-24,9184
8155,博智,13,1,12,群益金鼎-台中,2023-02-24,9184
3661,世芯-KY,32,20,12,群益金鼎-台中,2023-02-24,9184
8105,凌巨,16,4,12,群益金鼎-台中,2023-02-24,9184
2014,中鴻,16,4,12,群益金鼎-台中,2023-02-24,9184
8924,大田,22,10,12,群益金鼎-台中,2023-02-24,9184
0050,元大台灣50,12,0,12,群益金鼎-台中,2023-02-24,9184
8183,精星,11,0,11,群益金鼎-台中,2023-02-24,9184
3520,華盈,49,38,11,群益金鼎-台中,2023-02-24,9184
1709,和益,12,1,11,群益金鼎-台中,2023-02-24,9184
5309,系統電,10,0,10,群益金鼎-台中,2023-02-24,9184
00676R,富邦臺灣加權反1,10,0,10,群益金鼎-台中,2023-02-24,9184
2421,建準,10,1,9,群益金鼎-台中,2023-02-24,9184
2887,台新金,11,2,9,群益金鼎-台中,2023-02-24,9184
4433,興采,23,14,9,群益金鼎-台中,2023-02-24,9184
8016,矽創,10,1,9,群益金鼎-台中,2023-02-24,9184
1722,台肥,11,2,9,群益金鼎-台中,2023-02-24,9184
00882,中信中國高股息,10,1,9,群益金鼎-台中,2023-02-24,9184
5512,力麒,43,3,40,群益金鼎-台中,2023-03-01,9184
2002,中鋼,37,5,32,群益金鼎-台中,2023-03-01,9184
00878,國泰永續高股息,35,4,31,群益金鼎-台中,2023-03-01,9184
2641,正德,35,5,30,群益金鼎-台中,2023-03-01,9184
8176,智捷,25,0,25,群益金鼎-台中,2023-03-01,9184
2014,中鴻,27,3,24,群益金鼎-台中,2023-03-01,9184
2634,漢翔,25,3,22,群益金鼎-台中,2023-03-01,9184
2888,新光金,21,0,21,群益金鼎-台中,2023-03-01,9184
2606,裕民,27,6,21,群益金鼎-台中,2023-03-01,9184
5906,台南-KY,21,0,21,群益金鼎-台中,2023-03-01,9184
00653L,富邦印度正2,20,0,20,群益金鼎-台中,2023-03-01,9184
8033,雷虎,24,4,20,群益金鼎-台中,2023-03-01,9184
3443,創意,34,15,19,群益金鼎-台中,2023-03-01,9184
3029,零壹,27,9,18,群益金鼎-台中,2023-03-01,9184
1584,精剛,16,0,16,群益金鼎-台中,2023-03-01,9184
2885,元大金,15,0,15,群益金鼎-台中,2023-03-01,9184
5438,東友,15,0,15,群益金鼎-台中,2023-03-01,9184
8936,國統,23,8,15,群益金鼎-台中,2023-03-01,9184
8050,廣積,14,0,14,群益金鼎-台中,2023-03-01,9184
2402,毅嘉,16,4,12,群益金鼎-台中,2023-03-01,9184
1314,中石化,11,0,11,群益金鼎-台中,2023-03-01,9184
6104,創惟,15,4,11,群益金鼎-台中,2023-03-01,9184
3105,穩懋,14,4,10,群益金鼎-台中,2023-03-01,9184
00676R,富邦臺灣加權反1,10,0,10,群益金鼎-台中,2023-03-01,9184
2618,長榮航,19,9,10,群益金鼎-台中,2023-03-01,9184
8401,白紗科,10,0,10,群益金鼎-台中,2023-03-01,9184
2612,中航,14,4,10,群益金鼎-台中,2023-03-01,9184
3056,富華新,10,0,10,群益金鼎-台中,2023-03-01,9184
3714,富采,10,1,9,群益金鼎-台中,2023-03-01,9184
3088,艾訊,10,1,9,群益金鼎-台中,2023-03-01,9184
2881,富邦金,14,5,9,群益金鼎-台中,2023-03-01,9184
4138,曜亞,9,0,9,群益金鼎-台中,2023-03-01,9184
2615,萬海,8,0,8,群益金鼎-台中,2023-03-01,9184
00712,復華富時不動產,8,0,8,群益金鼎-台中,2023-03-01,9184
5608,四維航,75,67,8,群益金鼎-台中,2023-03-01,9184
1210,大成,9,2,7,群益金鼎-台中,2023-03-01,9184
2317,鴻海,9,2,7,群益金鼎-台中,2023-03-01,9184
3011,今皓,7,0,7,群益金鼎-台中,2023-03-01,9184
00772B,中信高評級公司債,7,0,7,群益金鼎-台中,2023-03-01,9184
4915,致伸,10,3,7,群益金鼎-台中,2023-03-01,9184
2049,上銀,9,3,6,群益金鼎-台中,2023-03-01,9184
6669,緯穎,8,2,6,群益金鼎-台中,2023-03-01,9184
6284,佳邦,6,0,6,群益金鼎-台中,2023-03-01,9184
1227,佳格,6,0,6,群益金鼎-台中,2023-03-01,9184
1504,東元,6,0,6,群益金鼎-台中,2023-03-01,9184
6116,彩晶,6,0,6,群益金鼎-台中,2023-03-01,9184
2471,資通,8,2,6,群益金鼎-台中,2023-03-01,9184
8069,元太,15,9,6,群益金鼎-台中,2023-03-01,9184
2482,連宇,9,3,6,群益金鼎-台中,2023-03-01,9184
1605,華新,34,28,6,群益金鼎-台中,2023-03-01,9184
6167,久正,50,0,50,群益金鼎-台中,2023-03-02,9184
2880,華南金,50,0,50,群益金鼎-台中,2023-03-02,9184
6118,建達,42,10,32,群益金鼎-台中,2023-03-02,9184
2888,新光金,29,0,29,群益金鼎-台中,2023-03-02,9184
1701,中化,25,0,25,群益金鼎-台中,2023-03-02,9184
00751B,元大AAA至A公司債,24,0,24,群益金鼎-台中,2023-03-02,9184
1605,華新,37,15,22,群益金鼎-台中,2023-03-02,9184
2498,宏達電,25,3,22,群益金鼎-台中,2023-03-02,9184
00772B,中信高評級公司債,20,0,20,群益金鼎-台中,2023-03-02,9184
3661,世芯-KY,28,8,20,群益金鼎-台中,2023-03-02,9184
00670L,富邦NASDAQ正2,19,0,19,群益金鼎-台中,2023-03-02,9184
5351,鈺創,24,6,18,群益金鼎-台中,2023-03-02,9184
3594,磐儀,42,24,18,群益金鼎-台中,2023-03-02,9184
1513,中興電,40,25,15,群益金鼎-台中,2023-03-02,9184
00878,國泰永續高股息,23,8,15,群益金鼎-台中,2023-03-02,9184
2736,富野,33,18,15,群益金鼎-台中,2023-03-02,9184
2605,新興,138,124,14,群益金鼎-台中,2023-03-02,9184
00680L,元大美債20正2,14,0,14,群益金鼎-台中,2023-03-02,9184
3362,先進光,23,10,13,群益金鼎-台中,2023-03-02,9184
6170,統振,16,3,13,群益金鼎-台中,2023-03-02,9184
6282,康舒,39,26,13,群益金鼎-台中,2023-03-02,9184
1584,精剛,13,0,13,群益金鼎-台中,2023-03-02,9184
4142,國光生,16,3,13,群益金鼎-台中,2023-03-02,9184
5704,老爺知,23,11,12,群益金鼎-台中,2023-03-02,9184
3322,建舜電,12,0,12,群益金鼎-台中,2023-03-02,9184
2641,正德,23,11,12,群益金鼎-台中,2023-03-02,9184
2634,漢翔,11,0,11,群益金鼎-台中,2023-03-02,9184
00712,復華富時不動產,11,0,11,群益金鼎-台中,2023-03-02,9184
3704,合勤控,11,1,10,群益金鼎-台中,2023-03-02,9184
3035,智原,15,5,10,群益金鼎-台中,2023-03-02,9184
2328,廣宇,10,0,10,群益金鼎-台中,2023-03-02,9184
00892,富邦台灣半導體,32,22,10,群益金鼎-台中,2023-03-02,9184
1504,東元,10,0,10,群益金鼎-台中,2023-03-02,9184
00714,群益道瓊美國地產,10,0,10,群益金鼎-台中,2023-03-02,9184
00919,群益台灣精選高息,10,0,10,群益金鼎-台中,2023-03-02,9184
8442,威宏-KY,10,0,10,群益金鼎-台中,2023-03-02,9184
9103,美德醫療-DR,10,0,10,群益金鼎-台中,2023-03-02,9184
2303,聯電,9,0,9,群益金鼎-台中,2023-03-02,9184
2480,敦陽科,9,0,9,群益金鼎-台中,2023-03-02,9184
2482,連宇,14,5,9,群益金鼎-台中,2023-03-02,9184
00632R,元大台灣50反1,12,3,9,群益金鼎-台中,2023-03-02,9184
2834,臺企銀,13,5,8,群益金鼎-台中,2023-03-02,9184
4147,中裕,9,1,8,群益金鼎-台中,2023-03-02,9184
2368,金像電,11,3,8,群益金鼎-台中,2023-03-02,9184
3231,緯創,9,1,8,群益金鼎-台中,2023-03-02,9184
1560,中砂,7,0,7,群益金鼎-台中,2023-03-02,9184
00725B,國泰投資級公司債,7,0,7,群益金鼎-台中,2023-03-02,9184
00893,國泰智能電動車,26,20,6,群益金鼎-台中,2023-03-02,9184
2743,山富,7,1,6,群益金鼎-台中,2023-03-02,9184
00902,中信電池及儲能,6,0,6,群益金鼎-台中,2023-03-02,9184
6167,久正,118,0,118,群益金鼎-台中,2023-03-03,9184
8176,智捷,100,0,100,群益金鼎-台中,2023-03-03,9184
020027,元大上櫃ESG成長N,86,34,52,群益金鼎-台中,2023-03-03,9184
00632R,元大台灣50反1,50,0,50,群益金鼎-台中,2023-03-03,9184
1786,科妍,35,0,35,群益金鼎-台中,2023-03-03,9184
1314,中石化,30,0,30,群益金鼎-台中,2023-03-03,9184
2481,強茂,25,1,24,群益金鼎-台中,2023-03-03,9184
2609,陽明,38,15,23,群益金鼎-台中,2023-03-03,9184
4915,致伸,26,3,23,群益金鼎-台中,2023-03-03,9184
5880,合庫金,20,0,20,群益金鼎-台中,2023-03-03,9184
3661,世芯-KY,37,18,19,群益金鼎-台中,2023-03-03,9184
3443,創意,45,26,19,群益金鼎-台中,2023-03-03,9184
0050,元大台灣50,22,5,17,群益金鼎-台中,2023-03-03,9184
3624,光頡,16,0,16,群益金鼎-台中,2023-03-03,9184
5425,台半,30,16,14,群益金鼎-台中,2023-03-03,9184
2601,益航,13,0,13,群益金鼎-台中,2023-03-03,9184
00679B,元大美債20年,14,2,12,群益金鼎-台中,2023-03-03,9184
2886,兆豐金,11,0,11,群益金鼎-台中,2023-03-03,9184
1722,台肥,27,16,11,群益金鼎-台中,2023-03-03,9184
2834,臺企銀,25,15,10,群益金鼎-台中,2023-03-03,9184
1519,華城,27,17,10,群益金鼎-台中,2023-03-03,9184
6165,浪凡,10,0,10,群益金鼎-台中,2023-03-03,9184
6799,來頡,15,5,10,群益金鼎-台中,2023-03-03,9184
00919,群益台灣精選高息,10,0,10,群益金鼎-台中,2023-03-03,9184
00676R,富邦臺灣加權反1,10,0,10,群益金鼎-台中,2023-03-03,9184
1220,台榮,10,0,10,群益金鼎-台中,2023-03-03,9184
2891,中信金,10,0,10,群益金鼎-台中,2023-03-03,9184
3558,神準,28,18,10,群益金鼎-台中,2023-03-03,9184
3027,盛達,34,25,9,群益金鼎-台中,2023-03-03,9184
2382,廣達,9,0,9,群益金鼎-台中,2023-03-03,9184
00882,中信中國高股息,9,0,9,群益金鼎-台中,2023-03-03,9184
3016,嘉晶,9,1,8,群益金鼎-台中,2023-03-03,9184
4138,曜亞,8,0,8,群益金鼎-台中,2023-03-03,9184
5512,力麒,8,0,8,群益金鼎-台中,2023-03-03,9184
2707,晶華,10,2,8,群益金鼎-台中,2023-03-03,9184
2313,華通,8,0,8,群益金鼎-台中,2023-03-03,9184
3141,晶宏,12,5,7,群益金鼎-台中,2023-03-03,9184
4747,強生,21,14,7,群益金鼎-台中,2023-03-03,9184
5906,台南-KY,7,0,7,群益金鼎-台中,2023-03-03,9184
1810,和成,7,0,7,群益金鼎-台中,2023-03-03,9184
3356,奇偶,15,8,7,群益金鼎-台中,2023-03-03,9184
1477,聚陽,7,0,7,群益金鼎-台中,2023-03-03,9184
6285,啟��,8,1,7,群益金鼎-台中,2023-03-03,9184
2454,聯發科,7,0,7,群益金鼎-台中,2023-03-03,9184
6235,華孚,78,72,6,群益金鼎-台中,2023-03-03,9184
2884,玉山金,6,0,6,群益金鼎-台中,2023-03-03,9184
3346,麗清,6,0,6,群益金鼎-台中,2023-03-03,9184
2230,泰茂,7,1,6,群益金鼎-台中,2023-03-03,9184
8105,凌巨,6,0,6,群益金鼎-台中,2023-03-03,9184
00878,國泰永續高股息,7,1,6,群益金鼎-台中,2023-03-03,9184
00637L,元大滬深300正2,165,10,155,群益金鼎-台中,2023-03-06,9184
6485,點序,51,7,44,群益金鼎-台中,2023-03-06,9184
3029,零壹,45,1,44,群益金鼎-台中,2023-03-06,9184
00673R,期元大S＆P原油反1,41,0,41,群益金鼎-台中,2023-03-06,9184
5272,笙科,40,0,40,群益金鼎-台中,2023-03-06,9184
2610,華航,37,3,34,群益金鼎-台中,2023-03-06,9184
8033,雷虎,36,4,32,群益金鼎-台中,2023-03-06,9184
00919,群益台灣精選高息,30,0,30,群益金鼎-台中,2023-03-06,9184
4915,致伸,33,4,29,群益金鼎-台中,2023-03-06,9184
00878,國泰永續高股息,33,7,26,群益金鼎-台中,2023-03-06,9184
2344,華邦電,43,19,24,群益金鼎-台中,2023-03-06,9184
1907,永豐餘,24,0,24,群益金鼎-台中,2023-03-06,9184
2486,一詮,32,8,24,群益金鼎-台中,2023-03-06,9184
6245,立端,31,9,22,群益金鼎-台中,2023-03-06,9184
00712,復華富時不動產,20,0,20,群益金鼎-台中,2023-03-06,9184
2609,陽明,39,20,19,群益金鼎-台中,2023-03-06,9184
1712,興農,23,5,18,群益金鼎-台中,2023-03-06,9184
3356,奇偶,36,18,18,群益金鼎-台中,2023-03-06,9184
3710,連展投控,17,0,17,群益金鼎-台中,2023-03-06,9184
5608,四維航,50,35,15,群益金鼎-台中,2023-03-06,9184
2314,台揚,14,0,14,群益金鼎-台中,2023-03-06,9184
2618,長榮航,15,1,14,群益金鼎-台中,2023-03-06,9184
5009,榮剛,13,0,13,群益金鼎-台中,2023-03-06,9184
00679B,元大美債20年,13,0,13,群益金鼎-台中,2023-03-06,9184
1720,生達,14,2,12,群益金鼎-台中,2023-03-06,9184
8049,晶采,11,0,11,群益金鼎-台中,2023-03-06,9184
1449,佳和,10,0,10,群益金鼎-台中,2023-03-06,9184
00669R,國泰美國道瓊反1,10,0,10,群益金鼎-台中,2023-03-06,9184
4167,松瑞藥,10,0,10,群益金鼎-台中,2023-03-06,9184
1909,榮成,10,0,10,群益金鼎-台中,2023-03-06,9184
1309,台達化,10,0,10,群益金鼎-台中,2023-03-06,9184
00885,富邦越南,12,2,10,群益金鼎-台中,2023-03-06,9184
2302,麗正,15,5,10,群益金鼎-台中,2023-03-06,9184
3673,TPK-KY,12,3,9,群益金鼎-台中,2023-03-06,9184
9907,統一實,10,1,9,群益金鼎-台中,2023-03-06,9184
4128,中天,10,1,9,群益金鼎-台中,2023-03-06,9184
3661,世芯-KY,17,8,9,群益金鼎-台中,2023-03-06,9184
2482,連宇,20,12,8,群益金鼎-台中,2023-03-06,9184
1605,華新,18,10,8,群益金鼎-台中,2023-03-06,9184
3221,台嘉碩,10,2,8,群益金鼎-台中,2023-03-06,9184
2436,偉詮電,10,2,8,群益金鼎-台中,2023-03-06,9184
4906,正文,9,1,8,群益金鼎-台中,2023-03-06,9184
2884,玉山金,8,0,8,群益金鼎-台中,2023-03-06,9184
1722,台肥,18,11,7,群益金鼎-台中,2023-03-06,9184
1783,和康生,17,10,7,群益金鼎-台中,2023-03-06,9184
3289,宜特,7,0,7,群益金鼎-台中,2023-03-06,9184
3664,安瑞-KY,7,0,7,群益金鼎-台中,2023-03-06,9184
5906,台南-KY,7,0,7,群益金鼎-台中,2023-03-06,9184
6509,聚和,10,3,7,群益金鼎-台中,2023-03-06,9184
3362,先進光,45,39,6,群益金鼎-台中,2023-03-06,9184
2883,凱基金,104,0,104,群益金鼎-台中,2023-03-07,9184
00632R,元大台灣50反1,99,0,99,群益金鼎-台中,2023-03-07,9184
2498,宏達電,59,9,50,群益金鼎-台中,2023-03-07,9184
1710,東聯,49,4,45,群益金鼎-台中,2023-03-07,9184
3029,零壹,43,15,28,群益金鼎-台中,2023-03-07,9184
00673R,期元大S＆P原油反1,23,0,23,群益金鼎-台中,2023-03-07,9184
00878,國泰永續高股息,24,3,21,群益金鼎-台中,2023-03-07,9184
3013,晟銘電,133,114,19,群益金鼎-台中,2023-03-07,9184
6488,環球晶,21,3,18,群益金鼎-台中,2023-03-07,9184
1605,華新,60,45,15,群益金鼎-台中,2023-03-07,9184
2317,鴻海,28,14,14,群益金鼎-台中,2023-03-07,9184
3019,亞光,51,37,14,群益金鼎-台中,2023-03-07,9184
3027,盛達,20,7,13,群益金鼎-台中,2023-03-07,9184
1503,士電,19,6,13,群益金鼎-台中,2023-03-07,9184
3037,欣興,15,3,12,群益金鼎-台中,2023-03-07,9184
3209,全科,12,0,12,群益金鼎-台中,2023-03-07,9184
6470,宇智,12,1,11,群益金鼎-台中,2023-03-07,9184
1210,大成,21,10,11,群益金鼎-台中,2023-03-07,9184
2344,華邦電,19,8,11,群益金鼎-台中,2023-03-07,9184
1609,大亞,14,3,11,群益金鼎-台中,2023-03-07,9184
3441,聯一光,20,10,10,群益金鼎-台中,2023-03-07,9184
5272,笙科,14,4,10,群益金鼎-台中,2023-03-07,9184
2421,建準,10,0,10,群益金鼎-台中,2023-03-07,9184
020027,元大上櫃ESG成長N,30,20,10,群益金鼎-台中,2023-03-07,9184
8081,致新,10,0,10,群益金鼎-台中,2023-03-07,9184
00919,群益台灣精選高息,10,0,10,群益金鼎-台中,2023-03-07,9184
00676R,富邦臺灣加權反1,10,0,10,群益金鼎-台中,2023-03-07,9184
2371,大同,12,3,9,群益金鼎-台中,2023-03-07,9184
00725B,國泰投資級公司債,9,0,9,群益金鼎-台中,2023-03-07,9184
3624,光頡,11,2,9,群益金鼎-台中,2023-03-07,9184
8941,關中,9,0,9,群益金鼎-台中,2023-03-07,9184
6770,力積電,11,2,9,群益金鼎-台中,2023-03-07,9184
2330,台積電,11,3,8,群益金鼎-台中,2023-03-07,9184
2449,京元電子,8,0,8,群益金鼎-台中,2023-03-07,9184
6288,聯嘉,15,7,8,群益金鼎-台中,2023-03-07,9184
3265,台星科,9,1,8,群益金鼎-台中,2023-03-07,9184
6494,九齊,8,0,8,群益金鼎-台中,2023-03-07,9184
2884,玉山金,10,3,7,群益金鼎-台中,2023-03-07,9184
6706,惠特,8,1,7,群益金鼎-台中,2023-03-07,9184
6274,台燿,12,5,7,群益金鼎-台中,2023-03-07,9184
00679B,元大美債20年,7,0,7,群益金鼎-台中,2023-03-07,9184
1752,南光,10,3,7,群益金鼎-台中,2023-03-07,9184
3481,群創,18,12,6,群益金鼎-台中,2023-03-07,9184
8033,雷虎,8,2,6,群益金鼎-台中,2023-03-07,9184
1734,杏輝,6,0,6,群益金鼎-台中,2023-03-07,9184
1708,東鹼,6,0,6,群益金鼎-台中,2023-03-07,9184
8105,凌巨,6,0,6,群益金鼎-台中,2023-03-07,9184
2359,所羅門,36,30,6,群益金鼎-台中,2023-03-07,9184
4906,正文,11,5,6,群益金鼎-台中,2023-03-07,9184
00715L,期街口布蘭特正2,12,6,6,群益金鼎-台中,2023-03-07,9184
00637L,元大滬深300正2,147,0,147,群益金鼎-台中,2023-03-08,9184
00752,中信中國50,121,0,121,群益金鼎-台中,2023-03-08,9184
3481,群創,119,11,108,群益金鼎-台中,2023-03-08,9184
1710,東聯,116,8,108,群益金鼎-台中,2023-03-08,9184
00878,國泰永續高股息,90,0,90,群益金鼎-台中,2023-03-08,9184
00636,國泰中國A50,67,0,67,群益金鼎-台中,2023-03-08,9184
2880,華南金,50,0,50,群益金鼎-台中,2023-03-08,9184
6285,啟��,47,2,45,群益金鼎-台中,2023-03-08,9184
3013,晟銘電,124,80,44,群益金鼎-台中,2023-03-08,9184
2634,漢翔,73,32,41,群益金鼎-台中,2023-03-08,9184
00902,中信電池及儲能,40,0,40,群益金鼎-台中,2023-03-08,9184
2888,新光金,40,1,39,群益金鼎-台中,2023-03-08,9184
00923,群益台ESG低碳50,37,0,37,群益金鼎-台中,2023-03-08,9184
1102,亞泥,32,0,32,群益金鼎-台中,2023-03-08,9184
1722,台肥,33,2,31,群益金鼎-台中,2023-03-08,9184
00665L,富邦�琤肭磪囓�2,31,0,31,群益金鼎-台中,2023-03-08,9184
3594,磐儀,34,5,29,群益金鼎-台中,2023-03-08,9184
2313,華通,28,1,27,群益金鼎-台中,2023-03-08,9184
2354,鴻準,27,1,26,群益金鼎-台中,2023-03-08,9184
3265,台星科,33,11,22,群益金鼎-台中,2023-03-08,9184
00897,富邦基因免疫生技,21,0,21,群益金鼎-台中,2023-03-08,9184
1314,中石化,21,1,20,群益金鼎-台中,2023-03-08,9184
3558,神準,33,14,19,群益金鼎-台中,2023-03-08,9184
5608,四維航,29,11,18,群益金鼎-台中,2023-03-08,9184
2314,台揚,31,14,17,群益金鼎-台中,2023-03-08,9184
6509,聚和,24,7,17,群益金鼎-台中,2023-03-08,9184
1513,中興電,33,16,17,群益金鼎-台中,2023-03-08,9184
00715L,期街口布蘭特正2,17,1,16,群益金鼎-台中,2023-03-08,9184
1101,台泥,16,1,15,群益金鼎-台中,2023-03-08,9184
2498,宏達電,26,11,15,群益金鼎-台中,2023-03-08,9184
6118,建達,15,0,15,群益金鼎-台中,2023-03-08,9184
00919,群益台灣精選高息,15,0,15,群益金鼎-台中,2023-03-08,9184
6142,友勁,15,0,15,群益金鼎-台中,2023-03-08,9184
6190,萬泰科,18,4,14,群益金鼎-台中,2023-03-08,9184
2883,凱基金,14,0,14,群益金鼎-台中,2023-03-08,9184
1909,榮成,13,0,13,群益金鼎-台中,2023-03-08,9184
3231,緯創,18,5,13,群益金鼎-台中,2023-03-08,9184
3266,昇陽,13,0,13,群益金鼎-台中,2023-03-08,9184
00670L,富邦NASDAQ正2,12,0,12,群益金鼎-台中,2023-03-08,9184
2867,三商壽,12,0,12,群益金鼎-台中,2023-03-08,9184
5906,台南-KY,11,0,11,群益金鼎-台中,2023-03-08,9184
6841,長佳智能,15,4,11,群益金鼎-台中,2023-03-08,9184
4147,中裕,11,1,10,群益金鼎-台中,2023-03-08,9184
6116,彩晶,12,2,10,群益金鼎-台中,2023-03-08,9184
6016,康和證,10,0,10,群益金鼎-台中,2023-03-08,9184
00918,大華優利高填息30,10,0,10,群益金鼎-台中,2023-03-08,9184
8028,昇陽半導體,10,0,10,群益金鼎-台中,2023-03-08,9184
00632R,元大台灣50反1,10,0,10,群益金鼎-台中,2023-03-08,9184
5905,南仁湖,10,0,10,群益金鼎-台中,2023-03-08,9184
2615,萬海,19,9,10,群益金鼎-台中,2023-03-08,9184
3024,憶聲,84,0,84,群益金鼎-台中,2023-03-09,9184
2618,長榮航,97,26,71,群益金鼎-台中,2023-03-09,9184
00878,國泰永續高股息,97,37,60,群益金鼎-台中,2023-03-09,9184
2329,華泰,55,0,55,群益金鼎-台中,2023-03-09,9184
2886,兆豐金,37,1,36,群益金鼎-台中,2023-03-09,9184
3029,零壹,49,18,31,群益金鼎-台中,2023-03-09,9184
5347,世界,30,0,30,群益金鼎-台中,2023-03-09,9184
2317,鴻海,26,0,26,群益金鼎-台中,2023-03-09,9184
6443,元晶,32,8,24,群益金鼎-台中,2023-03-09,9184
2405,輔信,22,0,22,群益金鼎-台中,2023-03-09,9184
00902,中信電池及儲能,22,1,21,群益金鼎-台中,2023-03-09,9184
4916,事欣科,21,0,21,群益金鼎-台中,2023-03-09,9184
1513,中興電,53,32,21,群益金鼎-台中,2023-03-09,9184
2484,希華,21,2,19,群益金鼎-台中,2023-03-09,9184
2883,凱基金,18,0,18,群益金鼎-台中,2023-03-09,9184
2610,華航,64,47,17,群益金鼎-台中,2023-03-09,9184
2482,連宇,58,41,17,群益金鼎-台中,2023-03-09,9184
00923,群益台ESG低碳50,116,100,16,群益金鼎-台中,2023-03-09,9184
8046,南電,29,14,15,群益金鼎-台中,2023-03-09,9184
4147,中裕,16,1,15,群益金鼎-台中,2023-03-09,9184
00715L,期街口布蘭特正2,16,1,15,群益金鼎-台中,2023-03-09,9184
3710,連展投控,15,0,15,群益金鼎-台中,2023-03-09,9184
2421,建準,16,1,15,群益金鼎-台中,2023-03-09,9184
2480,敦陽科,15,0,15,群益金鼎-台中,2023-03-09,9184
3356,奇偶,47,33,14,群益金鼎-台中,2023-03-09,9184
6799,來頡,22,8,14,群益金鼎-台中,2023-03-09,9184
2409,友達,19,6,13,群益金鼎-台中,2023-03-09,9184
1514,亞力,24,11,13,群益金鼎-台中,2023-03-09,9184
2413,環科,20,7,13,群益金鼎-台中,2023-03-09,9184
2617,台航,30,18,12,群益金鼎-台中,2023-03-09,9184
2375,凱美,29,17,12,群益金鼎-台中,2023-03-09,9184
6290,良維,12,1,11,群益金鼎-台中,2023-03-09,9184
6104,創惟,18,7,11,群益金鼎-台中,2023-03-09,9184
3708,上緯投控,11,0,11,群益金鼎-台中,2023-03-09,9184
3481,群創,116,106,10,群益金鼎-台中,2023-03-09,9184
020027,元大上櫃ESG成長N,21,11,10,群益金鼎-台中,2023-03-09,9184
8070,長華*,10,0,10,群益金鼎-台中,2023-03-09,9184
1314,中石化,10,0,10,群益金鼎-台中,2023-03-09,9184
6419,京晨科,10,0,10,群益金鼎-台中,2023-03-09,9184
2368,金像電,11,2,9,群益金鼎-台中,2023-03-09,9184
2371,大同,12,3,9,群益金鼎-台中,2023-03-09,9184
2230,泰茂,11,2,9,群益金鼎-台中,2023-03-09,9184
3019,亞光,10,1,9,群益金鼎-台中,2023-03-09,9184
6188,廣明,10,1,9,群益金鼎-台中,2023-03-09,9184
00669R,國泰美國道瓊反1,12,3,9,群益金鼎-台中,2023-03-09,9184
6205,詮欣,10,1,9,群益金鼎-台中,2023-03-09,9184
3290,東浦,23,14,9,群益金鼎-台中,2023-03-09,9184
6182,合晶,9,0,9,群益金鼎-台中,2023-03-09,9184
2359,所羅門,67,59,8,群益金鼎-台中,2023-03-09,9184
1301,台塑,8,0,8,群益金鼎-台中,2023-03-09,9184
00878,國泰永續高股息,153,20,133,群益金鼎-台中,2023-03-10,9184
2609,陽明,276,157,119,群益金鼎-台中,2023-03-10,9184
020027,元大上櫃ESG成長N,100,0,100,群益金鼎-台中,2023-03-10,9184
6167,久正,65,0,65,群益金鼎-台中,2023-03-10,9184
1722,台肥,92,37,55,群益金鼎-台中,2023-03-10,9184
9103,美德醫療-DR,45,0,45,群益金鼎-台中,2023-03-10,9184
00923,群益台ESG低碳50,100,55,45,群益金鼎-台中,2023-03-10,9184
00715L,期街口布蘭特正2,44,1,43,群益金鼎-台中,2023-03-10,9184
2633,台灣高鐵,40,0,40,群益金鼎-台中,2023-03-10,9184
2884,玉山金,38,0,38,群益金鼎-台中,2023-03-10,9184
5906,台南-KY,35,1,34,群益金鼎-台中,2023-03-10,9184
2498,宏達電,36,5,31,群益金鼎-台中,2023-03-10,9184
5328,華容,30,0,30,群益金鼎-台中,2023-03-10,9184
1314,中石化,27,0,27,群益金鼎-台中,2023-03-10,9184
2812,台中銀,26,0,26,群益金鼎-台中,2023-03-10,9184
00680L,元大美債20正2,25,0,25,群益金鼎-台中,2023-03-10,9184
2897,王道銀行,29,5,24,群益金鼎-台中,2023-03-10,9184
8069,元太,32,8,24,群益金鼎-台中,2023-03-10,9184
2883,凱基金,25,2,23,群益金鼎-台中,2023-03-10,9184
5512,力麒,22,0,22,群益金鼎-台中,2023-03-10,9184
5608,四維航,29,7,22,群益金鼎-台中,2023-03-10,9184
00893,國泰智能電動車,25,3,22,群益金鼎-台中,2023-03-10,9184
2409,友達,28,8,20,群益金鼎-台中,2023-03-10,9184
5272,笙科,20,0,20,群益金鼎-台中,2023-03-10,9184
2610,華航,54,34,20,群益金鼎-台中,2023-03-10,9184
00714,群益道瓊美國地產,20,1,19,群益金鼎-台中,2023-03-10,9184
3209,全科,19,0,19,群益金鼎-台中,2023-03-10,9184
2388,威盛,133,114,19,群益金鼎-台中,2023-03-10,9184
5706,鳳凰,23,4,19,群益金鼎-台中,2023-03-10,9184
0056,元大高股息,31,13,18,群益金鼎-台中,2023-03-10,9184
00632R,元大台灣50反1,65,47,18,群益金鼎-台中,2023-03-10,9184
2887,台新金,17,0,17,群益金鼎-台中,2023-03-10,9184
4961,天鈺,24,7,17,群益金鼎-台中,2023-03-10,9184
00670L,富邦NASDAQ正2,17,0,17,群益金鼎-台中,2023-03-10,9184
4147,中裕,15,0,15,群益金鼎-台中,2023-03-10,9184
6116,彩晶,15,0,15,群益金鼎-台中,2023-03-10,9184
8121,越峰,20,5,15,群益金鼎-台中,2023-03-10,9184
3029,零壹,21,6,15,群益金鼎-台中,2023-03-10,9184
6806,森崴能源,16,2,14,群益金鼎-台中,2023-03-10,9184
00882,中信中國高股息,13,0,13,群益金鼎-台中,2023-03-10,9184
00713,元大台灣高息低波,13,0,13,群益金鼎-台中,2023-03-10,9184
2641,正德,16,3,13,群益金鼎-台中,2023-03-10,9184
2891,中信金,14,1,13,群益金鼎-台中,2023-03-10,9184
3491,昇達科,18,5,13,群益金鼎-台中,2023-03-10,9184
1519,華城,39,27,12,群益金鼎-台中,2023-03-10,9184
6278,台表科,15,3,12,群益金鼎-台中,2023-03-10,9184
2886,兆豐金,12,0,12,群益金鼎-台中,2023-03-10,9184
2406,國碩,12,1,11,群益金鼎-台中,2023-03-10,9184
1734,杏輝,11,0,11,群益金鼎-台中,2023-03-10,9184
8050,廣積,14,3,11,群益金鼎-台中,2023-03-10,9184
00878,國泰永續高股息,125,4,121,群益金鼎-台中,2023-03-13,9184
00885,富邦越南,107,0,107,群益金鼎-台中,2023-03-13,9184
3024,憶聲,112,53,59,群益金鼎-台中,2023-03-13,9184
6122,擎邦,52,2,50,群益金鼎-台中,2023-03-13,9184
00712,復華富時不動產,38,1,37,群益金鼎-台中,2023-03-13,9184
8932,智通*,36,0,36,群益金鼎-台中,2023-03-13,9184
00687B,國泰20年美債,30,0,30,群益金鼎-台中,2023-03-13,9184
2888,新光金,32,2,30,群益金鼎-台中,2023-03-13,9184
6167,久正,30,0,30,群益金鼎-台中,2023-03-13,9184
2017,官田鋼,26,0,26,群益金鼎-台中,2023-03-13,9184
2413,環科,60,38,22,群益金鼎-台中,2023-03-13,9184
6841,長佳智能,23,2,21,群益金鼎-台中,2023-03-13,9184
00773B,中信優先金融債,20,0,20,群益金鼎-台中,2023-03-13,9184
2615,萬海,69,50,19,群益金鼎-台中,2023-03-13,9184
3011,今皓,18,0,18,群益金鼎-台中,2023-03-13,9184
00632R,元大台灣50反1,111,94,17,群益金鼎-台中,2023-03-13,9184
2634,漢翔,40,24,16,群益金鼎-台中,2023-03-13,9184
2201,裕隆,36,21,15,群益金鼎-台中,2023-03-13,9184
6649,台生材,15,0,15,群益金鼎-台中,2023-03-13,9184
1605,華新,27,13,14,群益金鼎-台中,2023-03-13,9184
00713,元大台灣高息低波,15,1,14,群益金鼎-台中,2023-03-13,9184
2027,大成鋼,17,3,14,群益金鼎-台中,2023-03-13,9184
1432,大魯閣,13,0,13,群益金鼎-台中,2023-03-13,9184
00882,中信中國高股息,12,0,12,群益金鼎-台中,2023-03-13,9184
6531,愛普*,34,22,12,群益金鼎-台中,2023-03-13,9184
3712,永崴投控,25,14,11,群益金鼎-台中,2023-03-13,9184
1711,永光,11,0,11,群益金鼎-台中,2023-03-13,9184
5209,新鼎,10,0,10,群益金鼎-台中,2023-03-13,9184
6118,建達,10,0,10,群益金鼎-台中,2023-03-13,9184
912000,晨訊科-DR,10,0,10,群益金鼎-台中,2023-03-13,9184
3260,威剛,11,1,10,群益金鼎-台中,2023-03-13,9184
2884,玉山金,14,4,10,群益金鼎-台中,2023-03-13,9184
6719,力智,45,35,10,群益金鼎-台中,2023-03-13,9184
3481,群創,14,5,9,群益金鼎-台中,2023-03-13,9184
3374,精材,11,2,9,群益金鼎-台中,2023-03-13,9184
9904,寶成,13,4,9,群益金鼎-台中,2023-03-13,9184
00665L,富邦�琤肭磪囓�2,10,1,9,群益金鼎-台中,2023-03-13,9184
1314,中石化,9,0,9,群益金鼎-台中,2023-03-13,9184
1569,濱川,9,0,9,群益金鼎-台中,2023-03-13,9184
2002,中鋼,11,2,9,群益金鼎-台中,2023-03-13,9184
3624,光頡,27,19,8,群益金鼎-台中,2023-03-13,9184
9958,世紀鋼,8,0,8,群益金鼎-台中,2023-03-13,9184
2882,國泰金,10,3,7,群益金鼎-台中,2023-03-13,9184
4581,光隆精密-KY,7,0,7,群益金鼎-台中,2023-03-13,9184
6605,帝寶,7,0,7,群益金鼎-台中,2023-03-13,9184
3362,先進光,8,2,6,群益金鼎-台中,2023-03-13,9184
2357,華碩,7,1,6,群益金鼎-台中,2023-03-13,9184
2482,連宇,34,28,6,群益金鼎-台中,2023-03-13,9184
2367,燿華,10,4,6,群益金鼎-台中,2023-03-13,9184
2484,希華,8,2,6,群益金鼎-台中,2023-03-13,9184
00878,國泰永續高股息,136,4,132,群益金鼎-台中,2023-03-14,9184
2618,長榮航,144,52,92,群益金鼎-台中,2023-03-14,9184
00715L,期街口布蘭特正2,84,11,73,群益金鼎-台中,2023-03-14,9184
00680L,元大美債20正2,86,16,70,群益金鼎-台中,2023-03-14,9184
2867,三商壽,61,0,61,群益金鼎-台中,2023-03-14,9184
3231,緯創,56,3,53,群益金鼎-台中,2023-03-14,9184
2880,華南金,53,0,53,群益金鼎-台中,2023-03-14,9184
2329,華泰,51,0,51,群益金鼎-台中,2023-03-14,9184
00751B,元大AAA至A公司債,60,10,50,群益金鼎-台中,2023-03-14,9184
00712,復華富時不動產,47,0,47,群益金鼎-台中,2023-03-14,9184
00893,國泰智能電動車,46,0,46,群益金鼎-台中,2023-03-14,9184
00725B,國泰投資級公司債,65,25,40,群益金鼎-台中,2023-03-14,9184
2888,新光金,59,19,40,群益金鼎-台中,2023-03-14,9184
3481,群創,38,3,35,群益金鼎-台中,2023-03-14,9184
3011,今皓,32,0,32,群益金鼎-台中,2023-03-14,9184
2883,凱基金,33,2,31,群益金鼎-台中,2023-03-14,9184
00720B,元大投資級公司債,53,23,30,群益金鼎-台中,2023-03-14,9184
00888,永豐台灣ESG,29,0,29,群益金鼎-台中,2023-03-14,9184
00902,中信電池及儲能,28,0,28,群益金鼎-台中,2023-03-14,9184
00665L,富邦�琤肭磪囓�2,26,0,26,群益金鼎-台中,2023-03-14,9184
00772B,中信高評級公司債,26,0,26,群益金鼎-台中,2023-03-14,9184
3209,全科,23,0,23,群益金鼎-台中,2023-03-14,9184
2615,萬海,31,11,20,群益金鼎-台中,2023-03-14,9184
00761B,國泰A級公司債,20,0,20,群益金鼎-台中,2023-03-14,9184
2409,友達,20,1,19,群益金鼎-台中,2023-03-14,9184
2303,聯電,28,10,18,群益金鼎-台中,2023-03-14,9184
8932,智通*,17,0,17,群益金鼎-台中,2023-03-14,9184
2884,玉山金,18,1,17,群益金鼎-台中,2023-03-14,9184
3712,永崴投控,21,5,16,群益金鼎-台中,2023-03-14,9184
2344,華邦電,16,0,16,群益金鼎-台中,2023-03-14,9184
6278,台表科,15,0,15,群益金鼎-台中,2023-03-14,9184
2890,永豐金,18,3,15,群益金鼎-台中,2023-03-14,9184
6841,長佳智能,14,0,14,群益金鼎-台中,2023-03-14,9184
2885,元大金,13,0,13,群益金鼎-台中,2023-03-14,9184
5351,鈺創,32,19,13,群益金鼎-台中,2023-03-14,9184
1605,華新,15,2,13,群益金鼎-台中,2023-03-14,9184
2812,台中銀,16,3,13,群益金鼎-台中,2023-03-14,9184
2427,三商電,13,0,13,群益金鼎-台中,2023-03-14,9184
00642U,期元大S＆P石油,12,0,12,群益金鼎-台中,2023-03-14,9184
2027,大成鋼,41,29,12,群益金鼎-台中,2023-03-14,9184
00773B,中信優先金融債,11,0,11,群益金鼎-台中,2023-03-14,9184
2453,凌群,41,30,11,群益金鼎-台中,2023-03-14,9184
3443,創意,22,11,11,群益金鼎-台中,2023-03-14,9184
00679B,元大美債20年,16,6,10,群益金鼎-台中,2023-03-14,9184
2891,中信金,14,4,10,群益金鼎-台中,2023-03-14,9184
0056,元大高股息,13,3,10,群益金鼎-台中,2023-03-14,9184
00687B,國泰20年美債,20,10,10,群益金鼎-台中,2023-03-14,9184
020027,元大上櫃ESG成長N,10,0,10,群益金鼎-台中,2023-03-14,9184
1102,亞泥,10,0,10,群益金鼎-台中,2023-03-14,9184
4303,信立,9,0,9,群益金鼎-台中,2023-03-14,9184
00632R,元大台灣50反1,156,40,116,群益金鼎-台中,2023-03-15,9184
00715L,期街口布蘭特正2,73,0,73,群益金鼎-台中,2023-03-15,9184
2880,華南金,52,1,51,群益金鼎-台中,2023-03-15,9184
2834,臺企銀,52,4,48,群益金鼎-台中,2023-03-15,9184
00878,國泰永續高股息,84,38,46,群益金鼎-台中,2023-03-15,9184
2603,長榮,111,73,38,群益金鼎-台中,2023-03-15,9184
1722,台肥,35,5,30,群益金鼎-台中,2023-03-15,9184
00642U,期元大S＆P石油,27,2,25,群益金鼎-台中,2023-03-15,9184
2634,漢翔,37,13,24,群益金鼎-台中,2023-03-15,9184
2609,陽明,39,16,23,群益金鼎-台中,2023-03-15,9184
2891,中信金,25,2,23,群益金鼎-台中,2023-03-15,9184
2464,盟立,20,0,20,群益金鼎-台中,2023-03-15,9184
00687B,國泰20年美債,28,8,20,群益金鼎-台中,2023-03-15,9184
5608,四維航,48,28,20,群益金鼎-台中,2023-03-15,9184
2883,凱基金,24,5,19,群益金鼎-台中,2023-03-15,9184
00761B,國泰A級公司債,20,2,18,群益金鼎-台中,2023-03-15,9184
2201,裕隆,38,21,17,群益金鼎-台中,2023-03-15,9184
00712,復華富時不動產,17,0,17,群益金鼎-台中,2023-03-15,9184
2614,東森,33,17,16,群益金鼎-台中,2023-03-15,9184
3576,聯合再生,16,0,16,群益金鼎-台中,2023-03-15,9184
6266,泰詠,21,5,16,群益金鼎-台中,2023-03-15,9184
2409,友達,14,0,14,群益金鼎-台中,2023-03-15,9184
00680L,元大美債20正2,13,0,13,群益金鼎-台中,2023-03-15,9184
2356,英業達,13,1,12,群益金鼎-台中,2023-03-15,9184
2610,華航,23,11,12,群益金鼎-台中,2023-03-15,9184
9904,寶成,12,0,12,群益金鼎-台中,2023-03-15,9184
2498,宏達電,53,41,12,群益金鼎-台中,2023-03-15,9184
00679B,元大美債20年,13,2,11,群益金鼎-台中,2023-03-15,9184
6257,矽格,15,4,11,群益金鼎-台中,2023-03-15,9184
8940,新天地,10,0,10,群益金鼎-台中,2023-03-15,9184
2636,台驊控股,10,0,10,群益金鼎-台中,2023-03-15,9184
2915,潤泰全,10,0,10,群益金鼎-台中,2023-03-15,9184
6591,動力-KY,10,0,10,群益金鼎-台中,2023-03-15,9184
00665L,富邦�琤肭磪囓�2,20,10,10,群益金鼎-台中,2023-03-15,9184
1336,台翰,10,0,10,群益金鼎-台中,2023-03-15,9184
00713,元大台灣高息低波,10,0,10,群益金鼎-台中,2023-03-15,9184
3048,益登,10,0,10,群益金鼎-台中,2023-03-15,9184
1444,力麗,10,0,10,群益金鼎-台中,2023-03-15,9184
00795B,中信美國公債20年,10,0,10,群益金鼎-台中,2023-03-15,9184
3011,今皓,10,0,10,群益金鼎-台中,2023-03-15,9184
6116,彩晶,10,0,10,群益金鼎-台中,2023-03-15,9184
2377,微星,12,2,10,群益金鼎-台中,2023-03-15,9184
1513,中興電,9,0,9,群益金鼎-台中,2023-03-15,9184
6276,安鈦克,9,0,9,群益金鼎-台中,2023-03-15,9184
2367,燿華,9,0,9,群益金鼎-台中,2023-03-15,9184
2482,連宇,33,24,9,群益金鼎-台中,2023-03-15,9184
2515,中工,9,0,9,群益金鼎-台中,2023-03-15,9184
2883B,凱基金乙特,8,0,8,群益金鼎-台中,2023-03-15,9184
2486,一詮,29,21,8,群益金鼎-台中,2023-03-15,9184
2027,大成鋼,11,3,8,群益金鼎-台中,2023-03-15,9184
00715L,期街口布蘭特正2,191,13,178,群益金鼎-台中,2023-03-16,9184
2891,中信金,151,14,137,群益金鼎-台中,2023-03-16,9184
00878,國泰永續高股息,123,43,80,群益金鼎-台中,2023-03-16,9184
1722,台肥,40,0,40,群益金鼎-台中,2023-03-16,9184
00640L,富邦日本正2,30,0,30,群益金鼎-台中,2023-03-16,9184
8932,智通*,30,0,30,群益金鼎-台中,2023-03-16,9184
3027,盛達,63,34,29,群益金鼎-台中,2023-03-16,9184
3558,神準,33,7,26,群益金鼎-台中,2023-03-16,9184
2883,凱基金,32,6,26,群益金鼎-台中,2023-03-16,9184
00680L,元大美債20正2,26,1,25,群益金鼎-台中,2023-03-16,9184
00642U,期元大S＆P石油,29,6,23,群益金鼎-台中,2023-03-16,9184
2884,玉山金,29,7,22,群益金鼎-台中,2023-03-16,9184
2880,華南金,21,0,21,群益金鼎-台中,2023-03-16,9184
2464,盟立,20,0,20,群益金鼎-台中,2023-03-16,9184
2812,台中銀,20,2,18,群益金鼎-台中,2023-03-16,9184
3481,群創,37,19,18,群益金鼎-台中,2023-03-16,9184
00665L,富邦�琤肭磪囓�2,15,0,15,群益金鼎-台中,2023-03-16,9184
6441,廣錠,15,0,15,群益金鼎-台中,2023-03-16,9184
2881,富邦金,22,8,14,群益金鼎-台中,2023-03-16,9184
2230,泰茂,20,6,14,群益金鼎-台中,2023-03-16,9184
3056,富華新,22,9,13,群益金鼎-台中,2023-03-16,9184
2888,新光金,25,12,13,群益金鼎-台中,2023-03-16,9184
3443,創意,22,10,12,群益金鼎-台中,2023-03-16,9184
2102,泰豐,14,2,12,群益金鼎-台中,2023-03-16,9184
2615,萬海,39,27,12,群益金鼎-台中,2023-03-16,9184
3048,益登,11,0,11,群益金鼎-台中,2023-03-16,9184
2303,聯電,18,7,11,群益金鼎-台中,2023-03-16,9184
2867,三商壽,11,0,11,群益金鼎-台中,2023-03-16,9184
2603,長榮,40,30,10,群益金鼎-台中,2023-03-16,9184
00687B,國泰20年美債,10,0,10,群益金鼎-台中,2023-03-16,9184
3708,上緯投控,10,0,10,群益金鼎-台中,2023-03-16,9184
4919,新唐,11,1,10,群益金鼎-台中,2023-03-16,9184
4128,中天,12,2,10,群益金鼎-台中,2023-03-16,9184
9103,美德醫療-DR,10,0,10,群益金鼎-台中,2023-03-16,9184
00795B,中信美國公債20年,10,0,10,群益金鼎-台中,2023-03-16,9184
00712,復華富時不動產,10,0,10,群益金鼎-台中,2023-03-16,9184
2547,日勝生,10,0,10,群益金鼎-台中,2023-03-16,9184
00713,元大台灣高息低波,11,2,9,群益金鼎-台中,2023-03-16,9184
2882,國泰金,12,3,9,群益金鼎-台中,2023-03-16,9184
1708,東鹼,10,1,9,群益金鼎-台中,2023-03-16,9184
2330,台積電,10,1,9,群益金鼎-台中,2023-03-16,9184
4162,智擎,10,2,8,群益金鼎-台中,2023-03-16,9184
1477,聚陽,8,0,8,群益金鼎-台中,2023-03-16,9184
2231,為升,8,0,8,群益金鼎-台中,2023-03-16,9184
5471,松翰,8,0,8,群益金鼎-台中,2023-03-16,9184
3264,欣銓,18,10,8,群益金鼎-台中,2023-03-16,9184
2406,國碩,7,0,7,群益金鼎-台中,2023-03-16,9184
5880,合庫金,7,0,7,群益金鼎-台中,2023-03-16,9184
1815,富喬,7,0,7,群益金鼎-台中,2023-03-16,9184
8069,元太,18,11,7,群益金鼎-台中,2023-03-16,9184
00715L,期街口布蘭特正2,78,8,70,群益金鼎-台中,2023-03-17,9184
00632R,元大台灣50反1,290,225,65,群益金鼎-台中,2023-03-17,9184
2353,宏��,61,9,52,群益金鼎-台中,2023-03-17,9184
2034,允強,50,0,50,群益金鼎-台中,2023-03-17,9184
2618,長榮航,66,20,46,群益金鼎-台中,2023-03-17,9184
00637L,元大滬深300正2,45,5,40,群益金鼎-台中,2023-03-17,9184
5515,建國,36,0,36,群益金鼎-台中,2023-03-17,9184
8070,長華*,34,0,34,群益金鼎-台中,2023-03-17,9184
2891,中信金,27,1,26,群益金鼎-台中,2023-03-17,9184
00679B,元大美債20年,23,1,22,群益金鼎-台中,2023-03-17,9184
00878,國泰永續高股息,20,0,20,群益金鼎-台中,2023-03-17,9184
3712,永崴投控,20,0,20,群益金鼎-台中,2023-03-17,9184
00885,富邦越南,20,0,20,群益金鼎-台中,2023-03-17,9184
00713,元大台灣高息低波,19,0,19,群益金鼎-台中,2023-03-17,9184
6185,幃翔,20,2,18,群益金鼎-台中,2023-03-17,9184
2883,凱基金,13,0,13,群益金鼎-台中,2023-03-17,9184
3594,磐儀,13,1,12,群益金鼎-台中,2023-03-17,9184
00918,大華優利高填息30,11,0,11,群益金鼎-台中,2023-03-17,9184
9904,寶成,11,0,11,群益金鼎-台中,2023-03-17,9184
1229,聯華,11,0,11,群益金鼎-台中,2023-03-17,9184
8016,矽創,13,3,10,群益金鼎-台中,2023-03-17,9184
2308,台達電,11,1,10,群益金鼎-台中,2023-03-17,9184
3024,憶聲,10,0,10,群益金鼎-台中,2023-03-17,9184
2614,東森,10,0,10,群益金鼎-台中,2023-03-17,9184
00676R,富邦臺灣加權反1,10,0,10,群益金鼎-台中,2023-03-17,9184
00642U,期元大S＆P石油,10,0,10,群益金鼎-台中,2023-03-17,9184
2889,國票金,10,1,9,群益金鼎-台中,2023-03-17,9184
2399,映泰,11,2,9,群益金鼎-台中,2023-03-17,9184
5206,坤悅,9,0,9,群益金鼎-台中,2023-03-17,9184
2867,三商壽,9,0,9,群益金鼎-台中,2023-03-17,9184
2888,新光金,9,0,9,群益金鼎-台中,2023-03-17,9184
2201,裕隆,16,8,8,群益金鼎-台中,2023-03-17,9184
2464,盟立,8,0,8,群益金鼎-台中,2023-03-17,9184
2486,一詮,10,2,8,群益金鼎-台中,2023-03-17,9184
3035,智原,21,13,8,群益金鼎-台中,2023-03-17,9184
2515,中工,8,0,8,群益金鼎-台中,2023-03-17,9184
1457,宜進,8,0,8,群益金鼎-台中,2023-03-17,9184
3704,合勤控,8,0,8,群益金鼎-台中,2023-03-17,9184
2834,臺企銀,54,47,7,群益金鼎-台中,2023-03-17,9184
8069,元太,11,4,7,群益金鼎-台中,2023-03-17,9184
1708,東鹼,7,0,7,群益金鼎-台中,2023-03-17,9184
6411,晶焱,8,1,7,群益金鼎-台中,2023-03-17,9184
6488,環球晶,8,1,7,群益金鼎-台中,2023-03-17,9184
2457,飛宏,80,73,7,群益金鼎-台中,2023-03-17,9184
6449,鈺邦,12,5,7,群益金鼎-台中,2023-03-17,9184
2409,友達,7,1,6,群益金鼎-台中,2023-03-17,9184
4934,太極,7,1,6,群益金鼎-台中,2023-03-17,9184
00751B,元大AAA至A公司債,6,0,6,群益金鼎-台中,2023-03-17,9184
00669R,國泰美國道瓊反1,5,0,5,群益金鼎-台中,2023-03-17,9184
3003,健和興,5,0,5,群益金鼎-台中,2023-03-17,9184
00632R,元大台灣50反1,267,50,217,群益金鼎-台中,2023-03-20,9184
00752,中信中國50,78,0,78,群益金鼎-台中,2023-03-20,9184
3558,神準,60,8,52,群益金鼎-台中,2023-03-20,9184
00878,國泰永續高股息,50,7,43,群益金鼎-台中,2023-03-20,9184
4906,正文,49,7,42,群益金鼎-台中,2023-03-20,9184
00893,國泰智能電動車,35,0,35,群益金鼎-台中,2023-03-20,9184
6233,旺玖,35,0,35,群益金鼎-台中,2023-03-20,9184
2882,國泰金,66,35,31,群益金鼎-台中,2023-03-20,9184
3592,瑞鼎,31,1,30,群益金鼎-台中,2023-03-20,9184
1722,台肥,28,0,28,群益金鼎-台中,2023-03-20,9184
00900,富邦特選高股息30,26,0,26,群益金鼎-台中,2023-03-20,9184
00665L,富邦�琤肭磪囓�2,24,0,24,群益金鼎-台中,2023-03-20,9184
00712,復華富時不動產,24,0,24,群益金鼎-台中,2023-03-20,9184
00714,群益道瓊美國地產,39,17,22,群益金鼎-台中,2023-03-20,9184
3056,富華新,24,3,21,群益金鼎-台中,2023-03-20,9184
3227,原相,21,0,21,群益金鼎-台中,2023-03-20,9184
2641,正德,20,0,20,群益金鼎-台中,2023-03-20,9184
8936,國統,32,14,18,群益金鼎-台中,2023-03-20,9184
3088,艾訊,16,0,16,群益金鼎-台中,2023-03-20,9184
1477,聚陽,23,7,16,群益金鼎-台中,2023-03-20,9184
2881,富邦金,17,2,15,群益金鼎-台中,2023-03-20,9184
2603,長榮,20,5,15,群益金鼎-台中,2023-03-20,9184
6235,華孚,34,20,14,群益金鼎-台中,2023-03-20,9184
2636,台驊控股,14,0,14,群益金鼎-台中,2023-03-20,9184
2606,裕民,13,0,13,群益金鼎-台中,2023-03-20,9184
0050,元大台灣50,15,3,12,群益金鼎-台中,2023-03-20,9184
3624,光頡,13,1,12,群益金鼎-台中,2023-03-20,9184
6770,力積電,12,0,12,群益金鼎-台中,2023-03-20,9184
4966,譜瑞-KY,14,3,11,群益金鼎-台中,2023-03-20,9184
2486,一詮,13,2,11,群益金鼎-台中,2023-03-20,9184
6148,驊宏資,11,0,11,群益金鼎-台中,2023-03-20,9184
5211,蒙恬,11,0,11,群益金鼎-台中,2023-03-20,9184
00919,群益台灣精選高息,10,0,10,群益金鼎-台中,2023-03-20,9184
5450,南良,13,3,10,群益金鼎-台中,2023-03-20,9184
8916,光隆,10,0,10,群益金鼎-台中,2023-03-20,9184
6756,威鋒電子,10,0,10,群益金鼎-台中,2023-03-20,9184
2520,冠德,10,0,10,群益金鼎-台中,2023-03-20,9184
2537,聯上發,10,0,10,群益金鼎-台中,2023-03-20,9184
8054,安國,10,0,10,群益金鼎-台中,2023-03-20,9184
1712,興農,9,0,9,群益金鼎-台中,2023-03-20,9184
3481,群創,9,0,9,群益金鼎-台中,2023-03-20,9184
2457,飛宏,68,59,9,群益金鼎-台中,2023-03-20,9184
5608,四維航,9,0,9,群益金鼎-台中,2023-03-20,9184
2464,盟立,9,0,9,群益金鼎-台中,2023-03-20,9184
00715L,期街口布蘭特正2,71,62,9,群益金鼎-台中,2023-03-20,9184
2027,大成鋼,8,0,8,群益金鼎-台中,2023-03-20,9184
2014,中鴻,8,0,8,群益金鼎-台中,2023-03-20,9184
1605,華新,11,3,8,群益金鼎-台中,2023-03-20,9184
3430,奇鈦科,8,0,8,群益金鼎-台中,2023-03-20,9184
6150,撼訊,8,1,7,群益金鼎-台中,2023-03-20,9184
6167,久正,101,0,101,群益金鼎-台中,2023-03-21,9184
00687B,國泰20年美債,70,0,70,群益金鼎-台中,2023-03-21,9184
00632R,元大台灣50反1,97,39,58,群益金鼎-台中,2023-03-21,9184
00752,中信中國50,52,0,52,群益金鼎-台中,2023-03-21,9184
00665L,富邦�琤肭磪囓�2,51,2,49,群益金鼎-台中,2023-03-21,9184
00637L,元大滬深300正2,43,0,43,群益金鼎-台中,2023-03-21,9184
3231,緯創,51,15,36,群益金鼎-台中,2023-03-21,9184
2834,臺企銀,38,9,29,群益金鼎-台中,2023-03-21,9184
5484,慧友,22,0,22,群益金鼎-台中,2023-03-21,9184
3443,創意,45,25,20,群益金鼎-台中,2023-03-21,9184
2427,三商電,23,3,20,群益金鼎-台中,2023-03-21,9184
020027,元大上櫃ESG成長N,20,0,20,群益金鼎-台中,2023-03-21,9184
00878,國泰永續高股息,17,0,17,群益金鼎-台中,2023-03-21,9184
6276,安鈦克,33,18,15,群益金鼎-台中,2023-03-21,9184
00885,富邦越南,13,0,13,群益金鼎-台中,2023-03-21,9184
2609,陽明,16,3,13,群益金鼎-台中,2023-03-21,9184
4564,元翎,13,0,13,群益金鼎-台中,2023-03-21,9184
8289,泰藝,32,19,13,群益金鼎-台中,2023-03-21,9184
5880,合庫金,13,0,13,群益金鼎-台中,2023-03-21,9184
2888,新光金,12,0,12,群益金鼎-台中,2023-03-21,9184
8926,台汽電,34,22,12,群益金鼎-台中,2023-03-21,9184
1603,華電,12,0,12,群益金鼎-台中,2023-03-21,9184
3706,神達,12,0,12,群益金鼎-台中,2023-03-21,9184
00712,復華富時不動產,14,2,12,群益金鼎-台中,2023-03-21,9184
2230,泰茂,17,5,12,群益金鼎-台中,2023-03-21,9184
2498,宏達電,21,9,12,群益金鼎-台中,2023-03-21,9184
00720B,元大投資級公司債,11,0,11,群益金鼎-台中,2023-03-21,9184
1305,華夏,11,0,11,群益金鼎-台中,2023-03-21,9184
2614,東森,11,0,11,群益金鼎-台中,2023-03-21,9184
00772B,中信高評級公司債,12,1,11,群益金鼎-台中,2023-03-21,9184
00751B,元大AAA至A公司債,11,0,11,群益金鼎-台中,2023-03-21,9184
2748,雲品,14,3,11,群益金鼎-台中,2023-03-21,9184
6531,愛普*,46,36,10,群益金鼎-台中,2023-03-21,9184
3088,艾訊,16,6,10,群益金鼎-台中,2023-03-21,9184
1524,耿鼎,26,16,10,群益金鼎-台中,2023-03-21,9184
3520,華盈,10,0,10,群益金鼎-台中,2023-03-21,9184
3056,富華新,22,12,10,群益金鼎-台中,2023-03-21,9184
2453,凌群,92,83,9,群益金鼎-台中,2023-03-21,9184
1102,亞泥,9,0,9,群益金鼎-台中,2023-03-21,9184
2883,凱基金,13,4,9,群益金鼎-台中,2023-03-21,9184
4979,華星光,26,17,9,群益金鼎-台中,2023-03-21,9184
2472,立隆電,12,3,9,群益金鼎-台中,2023-03-21,9184
3652,精聯,10,1,9,群益金鼎-台中,2023-03-21,9184
2464,盟立,9,0,9,群益金鼎-台中,2023-03-21,9184
1584,精剛,13,4,9,群益金鼎-台中,2023-03-21,9184
00888,永豐台灣ESG,8,0,8,群益金鼎-台中,2023-03-21,9184
2892,第一金,8,0,8,群益金鼎-台中,2023-03-21,9184
3430,奇鈦科,8,0,8,群益金鼎-台中,2023-03-21,9184
5258,虹堡,27,19,8,群益金鼎-台中,2023-03-21,9184
6568,宏觀,8,0,8,群益金鼎-台中,2023-03-21,9184
6163,華電網,102,2,100,群益金鼎-台中,2023-03-22,9184
2834,臺企銀,100,27,73,群益金鼎-台中,2023-03-22,9184
00632R,元大台灣50反1,383,310,73,群益金鼎-台中,2023-03-22,9184
00687B,國泰20年美債,80,10,70,群益金鼎-台中,2023-03-22,9184
00679B,元大美債20年,76,19,57,群益金鼎-台中,2023-03-22,9184
8069,元太,52,4,48,群益金鼎-台中,2023-03-22,9184
8932,智通*,33,0,33,群益金鼎-台中,2023-03-22,9184
00676R,富邦臺灣加權反1,33,0,33,群益金鼎-台中,2023-03-22,9184
1513,中興電,31,4,27,群益金鼎-台中,2023-03-22,9184
6167,久正,27,0,27,群益金鼎-台中,2023-03-22,9184
00680L,元大美債20正2,31,4,27,群益金鼎-台中,2023-03-22,9184
00751B,元大AAA至A公司債,31,6,25,群益金鼎-台中,2023-03-22,9184
5381,合正,21,0,21,群益金鼎-台中,2023-03-22,9184
4532,瑞智,20,0,20,群益金鼎-台中,2023-03-22,9184
5011,久陽,20,0,20,群益金鼎-台中,2023-03-22,9184
2201,裕隆,23,4,19,群益金鼎-台中,2023-03-22,9184
2359,所羅門,22,3,19,群益金鼎-台中,2023-03-22,9184
2610,華航,28,9,19,群益金鼎-台中,2023-03-22,9184
3532,台勝科,18,0,18,群益金鼎-台中,2023-03-22,9184
00637L,元大滬深300正2,18,2,16,群益金鼎-台中,2023-03-22,9184
3715,定穎投控,20,6,14,群益金鼎-台中,2023-03-22,9184
3661,世芯-KY,27,13,14,群益金鼎-台中,2023-03-22,9184
1101,台泥,14,1,13,群益金鼎-台中,2023-03-22,9184
2352,佳世達,14,1,13,群益金鼎-台中,2023-03-22,9184
00878,國泰永續高股息,16,4,12,群益金鼎-台中,2023-03-22,9184
3029,零壹,21,9,12,群益金鼎-台中,2023-03-22,9184
6160,欣技,12,0,12,群益金鼎-台中,2023-03-22,9184
2882,國泰金,13,1,12,群益金鼎-台中,2023-03-22,9184
8176,智捷,16,4,12,群益金鼎-台中,2023-03-22,9184
6244,茂迪,14,3,11,群益金鼎-台中,2023-03-22,9184
2302,麗正,13,2,11,群益金鼎-台中,2023-03-22,9184
3038,全台,16,5,11,群益金鼎-台中,2023-03-22,9184
00712,復華富時不動產,11,0,11,群益金鼎-台中,2023-03-22,9184
3499,環天科,16,5,11,群益金鼎-台中,2023-03-22,9184
3037,欣興,21,10,11,群益金鼎-台中,2023-03-22,9184
5371,中光電,12,1,11,群益金鼎-台中,2023-03-22,9184
3027,盛達,35,25,10,群益金鼎-台中,2023-03-22,9184
00669R,國泰美國道瓊反1,10,0,10,群益金鼎-台中,2023-03-22,9184
3508,位速,10,0,10,群益金鼎-台中,2023-03-22,9184
00761B,國泰A級公司債,10,0,10,群益金鼎-台中,2023-03-22,9184
6533,晶心科,12,2,10,群益金鼎-台中,2023-03-22,9184
00664R,國泰臺灣加權反1,15,5,10,群益金鼎-台中,2023-03-22,9184
6719,力智,16,6,10,群益金鼎-台中,2023-03-22,9184
6776,展�眥篕�,12,3,9,群益金鼎-台中,2023-03-22,9184
5426,振發,9,0,9,群益金鼎-台中,2023-03-22,9184
3481,群創,8,0,8,群益金鼎-台中,2023-03-22,9184
2891,中信金,7,0,7,群益金鼎-台中,2023-03-22,9184
2464,盟立,7,0,7,群益金鼎-台中,2023-03-22,9184
6679,鈺太,7,0,7,群益金鼎-台中,2023-03-22,9184
6233,旺玖,9,2,7,群益金鼎-台中,2023-03-22,9184
00632R,元大台灣50反1,418,45,373,群益金鼎-台中,2023-03-23,9184
6160,欣技,106,3,103,群益金鼎-台中,2023-03-23,9184
3481,群創,99,25,74,群益金鼎-台中,2023-03-23,9184
00712,復華富時不動產,58,0,58,群益金鼎-台中,2023-03-23,9184
00878,國泰永續高股息,62,10,52,群益金鼎-台中,2023-03-23,9184
2308,台達電,58,13,45,群益金鼎-台中,2023-03-23,9184
3703,欣陸,40,0,40,群益金鼎-台中,2023-03-23,9184
6182,合晶,37,3,34,群益金鼎-台中,2023-03-23,9184
2347,聯強,31,0,31,群益金鼎-台中,2023-03-23,9184
00679B,元大美債20年,37,10,27,群益金鼎-台中,2023-03-23,9184
00885,富邦越南,25,0,25,群益金鼎-台中,2023-03-23,9184
2606,裕民,23,1,22,群益金鼎-台中,2023-03-23,9184
2867,三商壽,21,0,21,群益金鼎-台中,2023-03-23,9184
8932,智通*,20,0,20,群益金鼎-台中,2023-03-23,9184
2834,臺企銀,27,7,20,群益金鼎-台中,2023-03-23,9184
2014,中鴻,19,0,19,群益金鼎-台中,2023-03-23,9184
1722,台肥,36,18,18,群益金鼎-台中,2023-03-23,9184
8940,新天地,16,0,16,群益金鼎-台中,2023-03-23,9184
6605,帝寶,16,0,16,群益金鼎-台中,2023-03-23,9184
1504,東元,32,16,16,群益金鼎-台中,2023-03-23,9184
2353,宏��,20,5,15,群益金鼎-台中,2023-03-23,9184
00917,中信特選金融,15,0,15,群益金鼎-台中,2023-03-23,9184
3694,海華,13,0,13,群益金鼎-台中,2023-03-23,9184
3047,訊舟,15,3,12,群益金鼎-台中,2023-03-23,9184
00900,富邦特選高股息30,12,0,12,群益金鼎-台中,2023-03-23,9184
00676R,富邦臺灣加權反1,12,0,12,群益金鼎-台中,2023-03-23,9184
00664R,國泰臺灣加權反1,12,0,12,群益金鼎-台中,2023-03-23,9184
3322,建舜電,47,35,12,群益金鼎-台中,2023-03-23,9184
00714,群益道瓊美國地產,19,8,11,群益金鼎-台中,2023-03-23,9184
00685L,群益臺灣加權正2,11,0,11,群益金鼎-台中,2023-03-23,9184
2427,三商電,14,3,11,群益金鼎-台中,2023-03-23,9184
2748,雲品,13,2,11,群益金鼎-台中,2023-03-23,9184
4763,材料-KY,27,17,10,群益金鼎-台中,2023-03-23,9184
6223,旺矽,23,13,10,群益金鼎-台中,2023-03-23,9184
6443,元晶,13,3,10,群益金鼎-台中,2023-03-23,9184
3051,力特,10,0,10,群益金鼎-台中,2023-03-23,9184
4157,太景*-KY,10,0,10,群益金鼎-台中,2023-03-23,9184
3231,緯創,36,26,10,群益金鼎-台中,2023-03-23,9184
5284,jpp-KY,17,7,10,群益金鼎-台中,2023-03-23,9184
6719,力智,13,3,10,群益金鼎-台中,2023-03-23,9184
2482,連宇,23,14,9,群益金鼎-台中,2023-03-23,9184
2882,國泰金,10,2,8,群益金鼎-台中,2023-03-23,9184
00919,群益台灣精選高息,8,0,8,群益金鼎-台中,2023-03-23,9184
6235,華孚,15,7,8,群益金鼎-台中,2023-03-23,9184
2464,盟立,8,0,8,群益金鼎-台中,2023-03-23,9184
6570,維田,9,1,8,群益金鼎-台中,2023-03-23,9184
2603,長榮,18,10,8,群益金鼎-台中,2023-03-23,9184
6788,華景電,7,0,7,群益金鼎-台中,2023-03-23,9184
2313,華通,7,0,7,群益金鼎-台中,2023-03-23,9184
2027,大成鋼,7,0,7,群益金鼎-台中,2023-03-23,9184
3024,憶聲,264,20,244,群益金鼎-台中,2023-03-24,9184
2349,錸德,100,0,100,群益金鼎-台中,2023-03-24,9184
00751B,元大AAA至A公司債,90,10,80,群益金鼎-台中,2023-03-24,9184
00720B,元大投資級公司債,88,10,78,群益金鼎-台中,2023-03-24,9184
2867,三商壽,60,1,59,群益金鼎-台中,2023-03-24,9184
1609,大亞,71,23,48,群益金鼎-台中,2023-03-24,9184
4979,華星光,51,9,42,群益金鼎-台中,2023-03-24,9184
3029,零壹,53,14,39,群益金鼎-台中,2023-03-24,9184
00679B,元大美債20年,52,15,37,群益金鼎-台中,2023-03-24,9184
3058,立德,31,0,31,群益金鼎-台中,2023-03-24,9184
00687B,國泰20年美債,40,10,30,群益金鼎-台中,2023-03-24,9184
2610,華航,39,9,30,群益金鼎-台中,2023-03-24,9184
00665L,富邦�琤肭磪囓�2,35,7,28,群益金鼎-台中,2023-03-24,9184
2834,臺企銀,25,0,25,群益金鼎-台中,2023-03-24,9184
3432,台端,30,5,25,群益金鼎-台中,2023-03-24,9184
2303,聯電,28,4,24,群益金鼎-台中,2023-03-24,9184
8478,東哥遊艇,119,96,23,群益金鼎-台中,2023-03-24,9184
2486,一詮,26,4,22,群益金鼎-台中,2023-03-24,9184
6288,聯嘉,34,12,22,群益金鼎-台中,2023-03-24,9184
00637L,元大滬深300正2,21,0,21,群益金鼎-台中,2023-03-24,9184
8249,菱光,23,3,20,群益金鼎-台中,2023-03-24,9184
3712,永崴投控,20,0,20,群益金鼎-台中,2023-03-24,9184
2105,正新,32,14,18,群益金鼎-台中,2023-03-24,9184
8932,智通*,18,0,18,群益金鼎-台中,2023-03-24,9184
4167,松瑞藥,18,0,18,群益金鼎-台中,2023-03-24,9184
2464,盟立,17,0,17,群益金鼎-台中,2023-03-24,9184
00712,復華富時不動產,17,0,17,群益金鼎-台中,2023-03-24,9184
00772B,中信高評級公司債,16,0,16,群益金鼎-台中,2023-03-24,9184
3006,晶豪科,22,7,15,群益金鼎-台中,2023-03-24,9184
2388,威盛,38,23,15,群益金鼎-台中,2023-03-24,9184
3056,富華新,21,7,14,群益金鼎-台中,2023-03-24,9184
5381,合正,13,0,13,群益金鼎-台中,2023-03-24,9184
4916,事欣科,14,1,13,群益金鼎-台中,2023-03-24,9184
2106,建大,12,0,12,群益金鼎-台中,2023-03-24,9184
2897,王道銀行,12,0,12,群益金鼎-台中,2023-03-24,9184
6233,旺玖,13,1,12,群益金鼎-台中,2023-03-24,9184
2323,中環,11,0,11,群益金鼎-台中,2023-03-24,9184
00902,中信電池及儲能,15,4,11,群益金鼎-台中,2023-03-24,9184
3499,環天科,39,28,11,群益金鼎-台中,2023-03-24,9184
6517,保勝光學,11,0,11,群益金鼎-台中,2023-03-24,9184
2002,中鋼,11,1,10,群益金鼎-台中,2023-03-24,9184
8171,天宇,16,6,10,群益金鼎-台中,2023-03-24,9184
3306,鼎天,23,13,10,群益金鼎-台中,2023-03-24,9184
5475,德宏,10,0,10,群益金鼎-台中,2023-03-24,9184
00917,中信特選金融,10,0,10,群益金鼎-台中,2023-03-24,9184
6152,百一,10,0,10,群益金鼎-台中,2023-03-24,9184
2436,偉詮電,10,0,10,群益金鼎-台中,2023-03-24,9184
00725B,國泰投資級公司債,15,5,10,群益金鼎-台中,2023-03-24,9184
3532,台勝科,22,13,9,群益金鼎-台中,2023-03-24,9184
2023,燁輝,10,1,9,群益金鼎-台中,2023-03-24,9184
00676R,富邦臺灣加權反1,200,0,200,群益金鼎-台中,2023-03-27,9184
00752,中信中國50,97,0,97,群益金鼎-台中,2023-03-27,9184
2330,台積電,73,4,69,群益金鼎-台中,2023-03-27,9184
2308,台達電,58,1,57,群益金鼎-台中,2023-03-27,9184
6143,振曜,55,5,50,群益金鼎-台中,2023-03-27,9184
2867,三商壽,40,0,40,群益金鼎-台中,2023-03-27,9184
4979,華星光,45,7,38,群益金鼎-台中,2023-03-27,9184
00665L,富邦�琤肭磪囓�2,44,10,34,群益金鼎-台中,2023-03-27,9184
6152,百一,32,0,32,群益金鼎-台中,2023-03-27,9184
2834,臺企銀,31,0,31,群益金鼎-台中,2023-03-27,9184
00761B,國泰A級公司債,40,10,30,群益金鼎-台中,2023-03-27,9184
00922,國泰台灣領袖50,30,0,30,群益金鼎-台中,2023-03-27,9184
2399,映泰,25,0,25,群益金鼎-台中,2023-03-27,9184
6226,光鼎,47,24,23,群益金鼎-台中,2023-03-27,9184
3715,定穎投控,39,16,23,群益金鼎-台中,2023-03-27,9184
2344,華邦電,25,4,21,群益金鼎-台中,2023-03-27,9184
2596,綠意,20,0,20,群益金鼎-台中,2023-03-27,9184
1102,亞泥,20,0,20,群益金鼎-台中,2023-03-27,9184
6443,元晶,26,7,19,群益金鼎-台中,2023-03-27,9184
2402,毅嘉,51,33,18,群益金鼎-台中,2023-03-27,9184
1605,華新,30,13,17,群益金鼎-台中,2023-03-27,9184
2482,連宇,26,9,17,群益金鼎-台中,2023-03-27,9184
2890,永豐金,20,3,17,群益金鼎-台中,2023-03-27,9184
2453,凌群,42,27,15,群益金鼎-台中,2023-03-27,9184
00636,國泰中國A50,15,0,15,群益金鼎-台中,2023-03-27,9184
2409,友達,14,0,14,群益金鼎-台中,2023-03-27,9184
2413,環科,33,19,14,群益金鼎-台中,2023-03-27,9184
1708,東鹼,33,19,14,群益金鼎-台中,2023-03-27,9184
2609,陽明,12,1,11,群益金鼎-台中,2023-03-27,9184
2605,新興,12,1,11,群益金鼎-台中,2023-03-27,9184
6530,創威,11,0,11,群益金鼎-台中,2023-03-27,9184
1504,東元,45,34,11,群益金鼎-台中,2023-03-27,9184
6605,帝寶,10,0,10,群益金鼎-台中,2023-03-27,9184
6706,惠特,10,0,10,群益金鼎-台中,2023-03-27,9184
6282,康舒,13,3,10,群益金鼎-台中,2023-03-27,9184
6244,茂迪,17,7,10,群益金鼎-台中,2023-03-27,9184
00905,FT臺灣Smart,10,0,10,群益金鼎-台中,2023-03-27,9184
2726,雅茗-KY,10,0,10,群益金鼎-台中,2023-03-27,9184
2617,台航,10,0,10,群益金鼎-台中,2023-03-27,9184
4432,銘旺實,10,0,10,群益金鼎-台中,2023-03-27,9184
9103,美德醫療-DR,10,0,10,群益金鼎-台中,2023-03-27,9184
6753,龍德造船,9,0,9,群益金鼎-台中,2023-03-27,9184
2382,廣達,10,1,9,群益金鼎-台中,2023-03-27,9184
3591,艾笛森,10,1,9,群益金鼎-台中,2023-03-27,9184
5353,台林,11,2,9,群益金鼎-台中,2023-03-27,9184
2027,大成鋼,8,0,8,群益金鼎-台中,2023-03-27,9184
3017,奇鋐,30,22,8,群益金鼎-台中,2023-03-27,9184
2329,華泰,14,6,8,群益金鼎-台中,2023-03-27,9184
2891,中信金,8,0,8,群益金鼎-台中,2023-03-27,9184
9904,寶成,8,0,8,群益金鼎-台中,2023-03-27,9184
1722,台肥,142,14,128,群益金鼎-台中,2023-03-28,9184
00923,群益台ESG低碳50,49,2,47,群益金鼎-台中,2023-03-28,9184
3481,群創,51,10,41,群益金鼎-台中,2023-03-28,9184
00679B,元大美債20年,79,40,39,群益金鼎-台中,2023-03-28,9184
2727,王品,97,58,39,群益金鼎-台中,2023-03-28,9184
00922,國泰台灣領袖50,32,0,32,群益金鼎-台中,2023-03-28,9184
3624,光頡,109,79,30,群益金鼎-台中,2023-03-28,9184
4532,瑞智,30,0,30,群益金鼎-台中,2023-03-28,9184
3011,今皓,29,0,29,群益金鼎-台中,2023-03-28,9184
6118,建達,27,0,27,群益金鼎-台中,2023-03-28,9184
1512,瑞利,23,0,23,群益金鼎-台中,2023-03-28,9184
00882,中信中國高股息,22,0,22,群益金鼎-台中,2023-03-28,9184
8255,朋程,41,20,21,群益金鼎-台中,2023-03-28,9184
2883B,凱基金乙特,20,0,20,群益金鼎-台中,2023-03-28,9184
5381,合正,20,0,20,群益金鼎-台中,2023-03-28,9184
1101,台泥,19,0,19,群益金鼎-台中,2023-03-28,9184
3715,定穎投控,68,51,17,群益金鼎-台中,2023-03-28,9184
00665L,富邦�琤肭磪囓�2,30,14,16,群益金鼎-台中,2023-03-28,9184
0050,元大台灣50,15,0,15,群益金鼎-台中,2023-03-28,9184
00902,中信電池及儲能,15,0,15,群益金鼎-台中,2023-03-28,9184
5211,蒙恬,16,1,15,群益金鼎-台中,2023-03-28,9184
8227,巨有科技,15,1,14,群益金鼎-台中,2023-03-28,9184
8222,寶一,76,62,14,群益金鼎-台中,2023-03-28,9184
2498,宏達電,20,6,14,群益金鼎-台中,2023-03-28,9184
2342,茂矽,26,12,14,群益金鼎-台中,2023-03-28,9184
3217,優群,13,0,13,群益金鼎-台中,2023-03-28,9184
1504,東元,20,8,12,群益金鼎-台中,2023-03-28,9184
6188,廣明,12,0,12,群益金鼎-台中,2023-03-28,9184
3062,建漢,11,0,11,群益金鼎-台中,2023-03-28,9184
3029,零壹,13,3,10,群益金鼎-台中,2023-03-28,9184
6792,詠業,10,0,10,群益金鼎-台中,2023-03-28,9184
4960,誠美材,10,0,10,群益金鼎-台中,2023-03-28,9184
00753L,中信中國50正2,10,0,10,群益金鼎-台中,2023-03-28,9184
2464,盟立,10,0,10,群益金鼎-台中,2023-03-28,9184
9103,美德醫療-DR,10,0,10,群益金鼎-台中,2023-03-28,9184
3594,磐儀,9,0,9,群益金鼎-台中,2023-03-28,9184
3047,訊舟,11,2,9,群益金鼎-台中,2023-03-28,9184
6605,帝寶,10,1,9,群益金鼎-台中,2023-03-28,9184
00713,元大台灣高息低波,9,0,9,群益金鼎-台中,2023-03-28,9184
2303,聯電,8,0,8,群益金鼎-台中,2023-03-28,9184
5284,jpp-KY,12,4,8,群益金鼎-台中,2023-03-28,9184
2388,威盛,33,25,8,群益金鼎-台中,2023-03-28,9184
2609,陽明,9,1,8,群益金鼎-台中,2023-03-28,9184
6274,台燿,20,13,7,群益金鼎-台中,2023-03-28,9184
2455,全新,9,1,8,群益金鼎-台中,2023-03-28,9184
8171,天宇,9,1,8,群益金鼎-台中,2023-03-28,9184
2618,長榮航,29,22,7,群益金鼎-台中,2023-03-28,9184
3443,創意,24,18,6,群益金鼎-台中,2023-03-28,9184
8016,矽創,8,2,6,群益金鼎-台中,2023-03-28,9184
6122,擎邦,32,26,6,群益金鼎-台中,2023-03-28,9184
00632R,元大台灣50反1,221,35,186,群益金鼎-台中,2023-03-29,9184
2371,大同,53,5,48,群益金鼎-台中,2023-03-29,9184
020027,元大上櫃ESG成長N,40,0,40,群益金鼎-台中,2023-03-29,9184
00922,國泰台灣領袖50,33,0,33,群益金鼎-台中,2023-03-29,9184
00923,群益台ESG低碳50,22,0,22,群益金鼎-台中,2023-03-29,9184
5243,乙盛-KY,65,43,22,群益金鼎-台中,2023-03-29,9184
1709,和益,20,0,20,群益金鼎-台中,2023-03-29,9184
00885,富邦越南,20,0,20,群益金鼎-台中,2023-03-29,9184
1722,台肥,19,0,19,群益金鼎-台中,2023-03-29,9184
2429,銘旺科,19,0,19,群益金鼎-台中,2023-03-29,9184
00673R,期元大S＆P原油反1,18,0,18,群益金鼎-台中,2023-03-29,9184
3035,智原,37,21,16,群益金鼎-台中,2023-03-29,9184
8478,東哥遊艇,14,1,13,群益金鼎-台中,2023-03-29,9184
00679B,元大美債20年,12,0,12,群益金鼎-台中,2023-03-29,9184
6116,彩晶,12,0,12,群益金鼎-台中,2023-03-29,9184
4919,新唐,13,2,11,群益金鼎-台中,2023-03-29,9184
3447,展達,11,0,11,群益金鼎-台中,2023-03-29,9184
4934,太極,10,0,10,群益金鼎-台中,2023-03-29,9184
2022,聚亨,10,0,10,群益金鼎-台中,2023-03-29,9184
00712,復華富時不動產,10,0,10,群益金鼎-台中,2023-03-29,9184
9103,美德醫療-DR,10,0,10,群益金鼎-台中,2023-03-29,9184
3236,千如,10,0,10,群益金鼎-台中,2023-03-29,9184
3024,憶聲,12,2,10,群益金鼎-台中,2023-03-29,9184
1760,寶齡富錦,14,4,10,群益金鼎-台中,2023-03-29,9184
6288,聯嘉,36,26,10,群益金鼎-台中,2023-03-29,9184
2303,聯電,26,17,9,群益金鼎-台中,2023-03-29,9184
00882,中信中國高股息,13,4,9,群益金鼎-台中,2023-03-29,9184
2614,東森,10,1,9,群益金鼎-台中,2023-03-29,9184
00751B,元大AAA至A公司債,9,0,9,群益金鼎-台中,2023-03-29,9184
2603,長榮,12,4,8,群益金鼎-台中,2023-03-29,9184
8289,泰藝,9,1,8,群益金鼎-台中,2023-03-29,9184
6235,華孚,34,26,8,群益金鼎-台中,2023-03-29,9184
00902,中信電池及儲能,8,0,8,群益金鼎-台中,2023-03-29,9184
2368,金像電,17,10,7,群益金鼎-台中,2023-03-29,9184
3594,磐儀,7,0,7,群益金鼎-台中,2023-03-29,9184
2409,友達,7,0,7,群益金鼎-台中,2023-03-29,9184
2329,華泰,8,1,7,群益金鼎-台中,2023-03-29,9184
00772B,中信高評級公司債,7,0,7,群益金鼎-台中,2023-03-29,9184
8255,朋程,27,20,7,群益金鼎-台中,2023-03-29,9184
1762,中化生,20,14,6,群益金鼎-台中,2023-03-29,9184
4961,天鈺,6,0,6,群益金鼎-台中,2023-03-29,9184
3290,東浦,6,0,6,群益金鼎-台中,2023-03-29,9184
4960,誠美材,6,0,6,群益金鼎-台中,2023-03-29,9184
2402,毅嘉,11,5,6,群益金鼎-台中,2023-03-29,9184
4967,十銓,10,4,6,群益金鼎-台中,2023-03-29,9184
6792,詠業,5,0,5,群益金鼎-台中,2023-03-29,9184
2464,盟立,5,0,5,群益金鼎-台中,2023-03-29,9184
3576,聯合再生,5,0,5,群益金鼎-台中,2023-03-29,9184
6733,博晟生醫,5,0,5,群益金鼎-台中,2023-03-29,9184
5009,榮剛,6,1,5,群益金鼎-台中,2023-03-29,9184
00632R,元大台灣50反1,110,3,107,群益金鼎-台中,2023-03-30,9184
00882,中信中國高股息,86,0,86,群益金鼎-台中,2023-03-30,9184
1722,台肥,120,52,68,群益金鼎-台中,2023-03-30,9184
1522,堤維西,52,0,52,群益金鼎-台中,2023-03-30,9184
00878,國泰永續高股息,69,38,31,群益金鼎-台中,2023-03-30,9184
2867,三商壽,30,0,30,群益金鼎-台中,2023-03-30,9184
00715L,期街口布蘭特正2,37,9,28,群益金鼎-台中,2023-03-30,9184
1799,易威,20,1,19,群益金鼎-台中,2023-03-30,9184
6125,廣運,19,0,19,群益金鼎-台中,2023-03-30,9184
2313,華通,16,0,16,群益金鼎-台中,2023-03-30,9184
2610,華航,17,1,16,群益金鼎-台中,2023-03-30,9184
6415,矽力*-KY,16,1,15,群益金鼎-台中,2023-03-30,9184
6152,百一,14,0,14,群益金鼎-台中,2023-03-30,9184
4976,佳凌,12,0,12,群益金鼎-台中,2023-03-30,9184
1319,東陽,12,0,12,群益金鼎-台中,2023-03-30,9184
3260,威剛,16,5,11,群益金鼎-台中,2023-03-30,9184
5301,寶得利,10,0,10,群益金鼎-台中,2023-03-30,9184
9103,美德醫療-DR,10,0,10,群益金鼎-台中,2023-03-30,9184
9907,統一實,10,0,10,群益金鼎-台中,2023-03-30,9184
2006,東和鋼鐵,10,0,10,群益金鼎-台中,2023-03-30,9184
2464,盟立,10,0,10,群益金鼎-台中,2023-03-30,9184
00753L,中信中國50正2,10,0,10,群益金鼎-台中,2023-03-30,9184
1504,東元,41,32,9,群益金鼎-台中,2023-03-30,9184
3661,世芯-KY,21,12,9,群益金鼎-台中,2023-03-30,9184
1101,台泥,8,0,8,群益金鼎-台中,2023-03-30,9184
2303,聯電,10,2,8,群益金鼎-台中,2023-03-30,9184
5388,中磊,16,8,8,群益金鼎-台中,2023-03-30,9184
6799,來頡,11,3,8,群益金鼎-台中,2023-03-30,9184
0050,元大台灣50,25,17,8,群益金鼎-台中,2023-03-30,9184
3231,緯創,48,41,7,群益金鼎-台中,2023-03-30,9184
3346,麗清,7,0,7,群益金鼎-台中,2023-03-30,9184
2371,大同,7,0,7,群益金鼎-台中,2023-03-30,9184
6231,系微,8,1,7,群益金鼎-台中,2023-03-30,9184
00679B,元大美債20年,7,0,7,群益金鼎-台中,2023-03-30,9184
2457,飛宏,10,4,6,群益金鼎-台中,2023-03-30,9184
2206,三陽工業,7,1,6,群益金鼎-台中,2023-03-30,9184
4746,台耀,7,1,6,群益金鼎-台中,2023-03-30,9184
00669R,國泰美國道瓊反1,6,0,6,群益金鼎-台中,2023-03-30,9184
2337,旺宏,6,0,6,群益金鼎-台中,2023-03-30,9184
3622,洋華,6,0,6,群益金鼎-台中,2023-03-30,9184
2722,夏都,6,0,6,群益金鼎-台中,2023-03-30,9184
1795,美時,17,11,6,群益金鼎-台中,2023-03-30,9184
2889,國票金,5,0,5,群益金鼎-台中,2023-03-30,9184
4961,天鈺,8,3,5,群益金鼎-台中,2023-03-30,9184
3093,港建*,6,1,5,群益金鼎-台中,2023-03-30,9184
1736,喬山,6,1,5,群益金鼎-台中,2023-03-30,9184
3521,鴻翊,5,0,5,群益金鼎-台中,2023-03-30,9184
2108,南帝,5,0,5,群益金鼎-台中,2023-03-30,9184
1605,華新,17,12,5,群益金鼎-台中,2023-03-30,9184
2834,臺企銀,5,0,5,群益金鼎-台中,2023-03-30,9184
00676R,富邦臺灣加權反1,200,0,200,群益金鼎-台中,2023-03-31,9184
00632R,元大台灣50反1,259,85,174,群益金鼎-台中,2023-03-31,9184
3704,合勤控,53,0,53,群益金鼎-台中,2023-03-31,9184
2201,裕隆,51,2,49,群益金鼎-台中,2023-03-31,9184
1513,中興電,50,1,49,群益金鼎-台中,2023-03-31,9184
5536,聖暉*,50,2,48,群益金鼎-台中,2023-03-31,9184
4906,正文,37,2,35,群益金鼎-台中,2023-03-31,9184
1605,華新,27,3,24,群益金鼎-台中,2023-03-31,9184
00885,富邦越南,25,2,23,群益金鼎-台中,2023-03-31,9184
2027,大成鋼,24,1,23,群益金鼎-台中,2023-03-31,9184
2634,漢翔,20,0,20,群益金鼎-台中,2023-03-31,9184
00712,復華富時不動產,20,0,20,群益金鼎-台中,2023-03-31,9184
6133,金橋,69,50,19,群益金鼎-台中,2023-03-31,9184
3162,精確,19,3,16,群益金鼎-台中,2023-03-31,9184
6194,育富,16,0,16,群益金鼎-台中,2023-03-31,9184
2727,王品,55,39,16,群益金鼎-台中,2023-03-31,9184
3308,聯德,15,0,15,群益金鼎-台中,2023-03-31,9184
1504,東元,17,2,15,群益金鼎-台中,2023-03-31,9184
6547,高端疫苗,14,0,14,群益金鼎-台中,2023-03-31,9184
8050,廣積,23,10,13,群益金鼎-台中,2023-03-31,9184
4967,十銓,58,46,12,群益金鼎-台中,2023-03-31,9184
2464,盟立,10,0,10,群益金鼎-台中,2023-03-31,9184
4157,太景*-KY,10,0,10,群益金鼎-台中,2023-03-31,9184
2337,旺宏,20,10,10,群益金鼎-台中,2023-03-31,9184
2614,東森,10,0,10,群益金鼎-台中,2023-03-31,9184
2368,金像電,9,0,9,群益金鼎-台中,2023-03-31,9184
6285,啟��,45,36,9,群益金鼎-台中,2023-03-31,9184
5608,四維航,8,0,8,群益金鼎-台中,2023-03-31,9184
3056,富華新,12,4,8,群益金鼎-台中,2023-03-31,9184
3483,力致,10,2,8,群益金鼎-台中,2023-03-31,9184
1611,中電,18,11,7,群益金鼎-台中,2023-03-31,9184
5301,寶得利,7,0,7,群益金鼎-台中,2023-03-31,9184
2402,毅嘉,8,1,7,群益金鼎-台中,2023-03-31,9184
6143,振曜,16,10,6,群益金鼎-台中,2023-03-31,9184
8033,雷虎,6,0,6,群益金鼎-台中,2023-03-31,9184
3005,神基,8,2,6,群益金鼎-台中,2023-03-31,9184
2609,陽明,7,1,6,群益金鼎-台中,2023-03-31,9184
2453,凌群,9,3,6,群益金鼎-台中,2023-03-31,9184
2106,建大,5,0,5,群益金鼎-台中,2023-03-31,9184
2025,千興,5,0,5,群益金鼎-台中,2023-03-31,9184
6415,矽力*-KY,5,0,5,群益金鼎-台中,2023-03-31,9184
3038,全台,6,1,5,群益金鼎-台中,2023-03-31,9184
00919,群益台灣精選高息,5,0,5,群益金鼎-台中,2023-03-31,9184
5351,鈺創,13,8,5,群益金鼎-台中,2023-03-31,9184
6509,聚和,5,0,5,群益金鼎-台中,2023-03-31,9184
2867,三商壽,5,0,5,群益金鼎-台中,2023-03-31,9184
5439,高技,5,0,5,群益金鼎-台中,2023-03-31,9184
2482,連宇,21,16,5,群益金鼎-台中,2023-03-31,9184
6122,擎邦,27,22,5,群益金鼎-台中,2023-03-31,9184
3006,晶豪科,39,35,4,群益金鼎-台中,2023-03-31,9184
00922,國泰台灣領袖50,71,0,71,群益金鼎-台中,2023-04-06,9184
2609,陽明,65,3,62,群益金鼎-台中,2023-04-06,9184
020027,元大上櫃ESG成長N,60,0,60,群益金鼎-台中,2023-04-06,9184
00882,中信中國高股息,57,0,57,群益金鼎-台中,2023-04-06,9184
1309,台達化,55,0,55,群益金鼎-台中,2023-04-06,9184
00893,國泰智能電動車,43,0,43,群益金鼎-台中,2023-04-06,9184
2344,華邦電,54,12,42,群益金鼎-台中,2023-04-06,9184
2867,三商壽,41,0,41,群益金鼎-台中,2023-04-06,9184
6163,華電網,62,24,38,群益金鼎-台中,2023-04-06,9184
00919,群益台灣精選高息,33,0,33,群益金鼎-台中,2023-04-06,9184
5452,佶優,30,0,30,群益金鼎-台中,2023-04-06,9184
00680L,元大美債20正2,28,0,28,群益金鼎-台中,2023-04-06,9184
2618,長榮航,27,1,26,群益金鼎-台中,2023-04-06,9184
00665L,富邦�琤肭磪囓�2,25,0,25,群益金鼎-台中,2023-04-06,9184
2342,茂矽,25,1,24,群益金鼎-台中,2023-04-06,9184
6142,友勁,23,0,23,群益金鼎-台中,2023-04-06,9184
00636,國泰中國A50,23,0,23,群益金鼎-台中,2023-04-06,9184
2615,萬海,23,1,22,群益金鼎-台中,2023-04-06,9184
1605,華新,32,10,22,群益金鼎-台中,2023-04-06,9184
00923,群益台ESG低碳50,21,0,21,群益金鼎-台中,2023-04-06,9184
9934,成霖,21,0,21,群益金鼎-台中,2023-04-06,9184
3211,順達,20,0,20,群益金鼎-台中,2023-04-06,9184
2358,廷鑫,17,0,17,群益金鼎-台中,2023-04-06,9184
6278,台表科,23,6,17,群益金鼎-台中,2023-04-06,9184
00878,國泰永續高股息,25,10,15,群益金鼎-台中,2023-04-06,9184
6477,安集,16,1,15,群益金鼎-台中,2023-04-06,9184
00673R,期元大S＆P原油反1,14,0,14,群益金鼎-台中,2023-04-06,9184
00902,中信電池及儲能,14,0,14,群益金鼎-台中,2023-04-06,9184
2482,連宇,36,22,14,群益金鼎-台中,2023-04-06,9184
1799,易威,12,0,12,群益金鼎-台中,2023-04-06,9184
8069,元太,27,16,11,群益金鼎-台中,2023-04-06,9184
2614,東森,11,0,11,群益金鼎-台中,2023-04-06,9184
4164,承業醫,14,5,9,群益金鼎-台中,2023-04-06,9184
2405,輔信,10,1,9,群益金鼎-台中,2023-04-06,9184
2308,台達電,8,0,8,群益金鼎-台中,2023-04-06,9184
6706,惠特,8,0,8,群益金鼎-台中,2023-04-06,9184
00637L,元大滬深300正2,8,0,8,群益金鼎-台中,2023-04-06,9184
1762,中化生,25,17,8,群益金鼎-台中,2023-04-06,9184
8033,雷虎,8,0,8,群益金鼎-台中,2023-04-06,9184
2603,長榮,10,2,8,群益金鼎-台中,2023-04-06,9184
6235,華孚,83,76,7,群益金鼎-台中,2023-04-06,9184
6770,力積電,9,2,7,群益金鼎-台中,2023-04-06,9184
00897,富邦基因免疫生技,7,0,7,群益金鼎-台中,2023-04-06,9184
4979,華星光,17,10,7,群益金鼎-台中,2023-04-06,9184
3037,欣興,11,4,7,群益金鼎-台中,2023-04-06,9184
3594,磐儀,6,0,6,群益金鼎-台中,2023-04-06,9184
6576,逸達,5,0,5,群益金鼎-台中,2023-04-06,9184
8028,昇陽半導體,8,3,5,群益金鼎-台中,2023-04-06,9184
00669R,國泰美國道瓊反1,5,0,5,群益金鼎-台中,2023-04-06,9184
1532,勤美,5,0,5,群益金鼎-台中,2023-04-06,9184
2867,三商壽,196,1,195,群益金鼎-台中,2023-04-07,9184
00632R,元大台灣50反1,130,0,130,群益金鼎-台中,2023-04-07,9184
00673R,期元大S＆P原油反1,113,0,113,群益金鼎-台中,2023-04-07,9184
00712,復華富時不動產,52,0,52,群益金鼎-台中,2023-04-07,9184
00885,富邦越南,56,20,36,群益金鼎-台中,2023-04-07,9184
2337,旺宏,35,2,33,群益金鼎-台中,2023-04-07,9184
2356,英業達,75,43,32,群益金鼎-台中,2023-04-07,9184
2328,廣宇,29,4,25,群益金鼎-台中,2023-04-07,9184
0056,元大高股息,26,1,25,群益金鼎-台中,2023-04-07,9184
2498,宏達電,66,43,23,群益金鼎-台中,2023-04-07,9184
6142,友勁,22,0,22,群益金鼎-台中,2023-04-07,9184
6753,龍德造船,28,7,21,群益金鼎-台中,2023-04-07,9184
00752,中信中國50,24,4,20,群益金鼎-台中,2023-04-07,9184
00881,國泰台灣5G+,20,2,18,群益金鼎-台中,2023-04-07,9184
6290,良維,20,2,18,群益金鼎-台中,2023-04-07,9184
6147,頎邦,15,0,15,群益金鼎-台中,2023-04-07,9184
00683L,期元大美元指正2,15,0,15,群益金鼎-台中,2023-04-07,9184
2402,毅嘉,18,5,13,群益金鼎-台中,2023-04-07,9184
3027,盛達,17,4,13,群益金鼎-台中,2023-04-07,9184
1795,美時,66,53,13,群益金鼎-台中,2023-04-07,9184
3308,聯德,12,0,12,群益金鼎-台中,2023-04-07,9184
4744,皇將,12,0,12,群益金鼎-台中,2023-04-07,9184
3056,富華新,18,7,11,群益金鼎-台中,2023-04-07,9184
1605,華新,34,23,11,群益金鼎-台中,2023-04-07,9184
9921,巨大,10,0,10,群益金鼎-台中,2023-04-07,9184
1326,台化,10,0,10,群益金鼎-台中,2023-04-07,9184
2457,飛宏,83,73,10,群益金鼎-台中,2023-04-07,9184
3363,上詮,10,0,10,群益金鼎-台中,2023-04-07,9184
8403,盛弘,10,0,10,群益金鼎-台中,2023-04-07,9184
3011,今皓,10,0,10,群益金鼎-台中,2023-04-07,9184
3236,千如,10,0,10,群益金鼎-台中,2023-04-07,9184
5328,華容,10,0,10,群益金鼎-台中,2023-04-07,9184
2014,中鴻,11,1,10,群益金鼎-台中,2023-04-07,9184
3558,神準,13,3,10,群益金鼎-台中,2023-04-07,9184
2409,友達,9,0,9,群益金鼎-台中,2023-04-07,9184
3594,磐儀,10,1,9,群益金鼎-台中,2023-04-07,9184
8028,昇陽半導體,27,18,9,群益金鼎-台中,2023-04-07,9184
1762,中化生,10,1,9,群益金鼎-台中,2023-04-07,9184
2317,鴻海,13,5,8,群益金鼎-台中,2023-04-07,9184
00893,國泰智能電動車,50,42,8,群益金鼎-台中,2023-04-07,9184
1504,東元,26,18,8,群益金鼎-台中,2023-04-07,9184
1799,易威,8,0,8,群益金鼎-台中,2023-04-07,9184
6150,撼訊,8,0,8,群益金鼎-台中,2023-04-07,9184
2495,普安,12,4,8,群益金鼎-台中,2023-04-07,9184
00720B,元大投資級公司債,7,0,7,群益金鼎-台中,2023-04-07,9184
3264,欣銓,11,4,7,群益金鼎-台中,2023-04-07,9184
3630,新鉅科,7,0,7,群益金鼎-台中,2023-04-07,9184
2211,長榮鋼,7,0,7,群益金鼎-台中,2023-04-07,9184
2206,三陽工業,8,1,7,群益金鼎-台中,2023-04-07,9184
00713,元大台灣高息低波,6,0,6,群益金鼎-台中,2023-04-07,9184
3231,緯創,118,24,94,群益金鼎-台中,2023-04-10,9184
1304,台聚,87,0,87,群益金鼎-台中,2023-04-10,9184
00632R,元大台灣50反1,72,0,72,群益金鼎-台中,2023-04-10,9184
2609,陽明,128,59,69,群益金鼎-台中,2023-04-10,9184
00712,復華富時不動產,63,0,63,群益金鼎-台中,2023-04-10,9184
2314,台揚,40,5,35,群益金鼎-台中,2023-04-10,9184
00679B,元大美債20年,47,16,31,群益金鼎-台中,2023-04-10,9184
2608,嘉里大榮,30,0,30,群益金鼎-台中,2023-04-10,9184
6290,良維,43,15,28,群益金鼎-台中,2023-04-10,9184
2230,泰茂,35,12,23,群益金鼎-台中,2023-04-10,9184
00772B,中信高評級公司債,27,6,21,群益金鼎-台中,2023-04-10,9184
00687B,國泰20年美債,20,0,20,群益金鼎-台中,2023-04-10,9184
5452,佶優,21,2,19,群益金鼎-台中,2023-04-10,9184
9955,佳龍,20,1,19,群益金鼎-台中,2023-04-10,9184
00888,永豐台灣ESG,16,0,16,群益金鼎-台中,2023-04-10,9184
2208,台船,32,16,16,群益金鼎-台中,2023-04-10,9184
6418,詠昇,15,1,14,群益金鼎-台中,2023-04-10,9184
2610,華航,14,0,14,群益金鼎-台中,2023-04-10,9184
1605,華新,16,4,12,群益金鼎-台中,2023-04-10,9184
8072,陞泰,12,0,12,群益金鼎-台中,2023-04-10,9184
1784,訊聯,12,0,12,群益金鼎-台中,2023-04-10,9184
2834,臺企銀,12,0,12,群益金鼎-台中,2023-04-10,9184
4968,立積,58,46,12,群益金鼎-台中,2023-04-10,9184
2317,鴻海,16,5,11,群益金鼎-台中,2023-04-10,9184
1319,東陽,12,1,11,群益金鼎-台中,2023-04-10,9184
7402,邑錡,11,0,11,群益金鼎-台中,2023-04-10,9184
4746,台耀,20,9,11,群益金鼎-台中,2023-04-10,9184
3443,創意,24,13,11,群益金鼎-台中,2023-04-10,9184
3540,曜越,10,0,10,群益金鼎-台中,2023-04-10,9184
1471,首利,10,0,10,群益金鼎-台中,2023-04-10,9184
6147,頎邦,9,0,9,群益金鼎-台中,2023-04-10,9184
00919,群益台灣精選高息,9,0,9,群益金鼎-台中,2023-04-10,9184
3056,富華新,14,5,9,群益金鼎-台中,2023-04-10,9184
2402,毅嘉,24,16,8,群益金鼎-台中,2023-04-10,9184
0056,元大高股息,8,0,8,群益金鼎-台中,2023-04-10,9184
6443,元晶,10,2,8,群益金鼎-台中,2023-04-10,9184
00881,國泰台灣5G+,8,0,8,群益金鼎-台中,2023-04-10,9184
2464,盟立,8,0,8,群益金鼎-台中,2023-04-10,9184
3035,智原,9,2,7,群益金鼎-台中,2023-04-10,9184
2453,凌群,11,4,7,群益金鼎-台中,2023-04-10,9184
4541,晟田,13,6,7,群益金鼎-台中,2023-04-10,9184
2702,華園,7,0,7,群益金鼎-台中,2023-04-10,9184
1717,長興,8,1,7,群益金鼎-台中,2023-04-10,9184
5471,松翰,7,0,7,群益金鼎-台中,2023-04-10,9184
6570,維田,8,1,7,群益金鼎-台中,2023-04-10,9184
3025,星通,56,49,7,群益金鼎-台中,2023-04-10,9184
8938,明安,9,2,7,群益金鼎-台中,2023-04-10,9184
6285,啟��,20,13,7,群益金鼎-台中,2023-04-10,9184
1524,耿鼎,17,11,6,群益金鼎-台中,2023-04-10,9184
3027,盛達,15,9,6,群益金鼎-台中,2023-04-10,9184
00632R,元大台灣50反1,78,5,73,群益金鼎-台中,2023-04-11,9184
00885,富邦越南,67,0,67,群益金鼎-台中,2023-04-11,9184
3231,緯創,147,82,65,群益金鼎-台中,2023-04-11,9184
2634,漢翔,68,11,57,群益金鼎-台中,2023-04-11,9184
00752,中信中國50,72,22,50,群益金鼎-台中,2023-04-11,9184
00679B,元大美債20年,48,0,48,群益金鼎-台中,2023-04-11,9184
2353,宏��,50,9,41,群益金鼎-台中,2023-04-11,9184
6669,緯穎,43,4,39,群益金鼎-台中,2023-04-11,9184
00878,國泰永續高股息,56,23,33,群益金鼎-台中,2023-04-11,9184
00687B,國泰20年美債,30,0,30,群益金鼎-台中,2023-04-11,9184
2208,台船,36,8,28,群益金鼎-台中,2023-04-11,9184
3141,晶宏,35,10,25,群益金鼎-台中,2023-04-11,9184
4906,正文,23,1,22,群益金鼎-台中,2023-04-11,9184
3029,零壹,26,6,20,群益金鼎-台中,2023-04-11,9184
4174,浩鼎,34,14,20,群益金鼎-台中,2023-04-11,9184
00665L,富邦�琤肭磪囓�2,20,0,20,群益金鼎-台中,2023-04-11,9184
5299,杰力,20,0,20,群益金鼎-台中,2023-04-11,9184
1417,嘉裕,19,0,19,群益金鼎-台中,2023-04-11,9184
1503,士電,28,11,17,群益金鼎-台中,2023-04-11,9184
2337,旺宏,19,3,16,群益金鼎-台中,2023-04-11,9184
2464,盟立,15,0,15,群益金鼎-台中,2023-04-11,9184
8050,廣積,30,16,14,群益金鼎-台中,2023-04-11,9184
00712,復華富時不動產,20,6,14,群益金鼎-台中,2023-04-11,9184
2027,大成鋼,16,2,14,群益金鼎-台中,2023-04-11,9184
0056,元大高股息,25,11,14,群益金鼎-台中,2023-04-11,9184
6548,長科*,16,2,14,群益金鼎-台中,2023-04-11,9184
3049,精金,14,0,14,群益金鼎-台中,2023-04-11,9184
2313,華通,15,1,14,群益金鼎-台中,2023-04-11,9184
0050,元大台灣50,16,3,13,群益金鼎-台中,2023-04-11,9184
2614,東森,13,0,13,群益金鼎-台中,2023-04-11,9184
5258,虹堡,19,7,12,群益金鼎-台中,2023-04-11,9184
5353,台林,15,3,12,群益金鼎-台中,2023-04-11,9184
6248,沛波,12,1,11,群益金鼎-台中,2023-04-11,9184
2881,富邦金,10,0,10,群益金鼎-台中,2023-04-11,9184
3052,夆典,11,1,10,群益金鼎-台中,2023-04-11,9184
2375,凱美,10,0,10,群益金鼎-台中,2023-04-11,9184
4503,金雨,21,11,10,群益金鼎-台中,2023-04-11,9184
6266,泰詠,67,58,9,群益金鼎-台中,2023-04-11,9184
00888,永豐台灣ESG,9,0,9,群益金鼎-台中,2023-04-11,9184
3038,全台,23,14,9,群益金鼎-台中,2023-04-11,9184
1708,東鹼,27,18,9,群益金鼎-台中,2023-04-11,9184
6217,中探針,9,1,8,群益金鼎-台中,2023-04-11,9184
3046,建��,35,27,8,群益金鼎-台中,2023-04-11,9184
3264,欣銓,10,2,8,群益金鼎-台中,2023-04-11,9184
2371,大同,20,12,8,群益金鼎-台中,2023-04-11,9184
1471,首利,8,0,8,群益金鼎-台中,2023-04-11,9184
6285,啟��,22,15,7,群益金鼎-台中,2023-04-11,9184
6533,晶心科,11,4,7,群益金鼎-台中,2023-04-11,9184
2382,廣達,7,0,7,群益金鼎-台中,2023-04-11,9184
2317,鴻海,10,3,7,群益金鼎-台中,2023-04-11,9184
2317,鴻海,92,2,90,群益金鼎-台中,2023-04-12,9184
2834,臺企銀,44,0,44,群益金鼎-台中,2023-04-12,9184
4958,臻鼎-KY,30,0,30,群益金鼎-台中,2023-04-12,9184
2369,菱生,31,1,30,群益金鼎-台中,2023-04-12,9184
6234,高僑,37,7,30,群益金鼎-台中,2023-04-12,9184
5488,松普,24,1,23,群益金鼎-台中,2023-04-12,9184
00673R,期元大S＆P原油反1,35,13,22,群益金鼎-台中,2023-04-12,9184
00712,復華富時不動產,23,2,21,群益金鼎-台中,2023-04-12,9184
00637L,元大滬深300正2,20,0,20,群益金鼎-台中,2023-04-12,9184
2618,長榮航,22,3,19,群益金鼎-台中,2023-04-12,9184
5425,台半,21,4,17,群益金鼎-台中,2023-04-12,9184
2329,華泰,32,15,17,群益金鼎-台中,2023-04-12,9184
00752,中信中國50,16,0,16,群益金鼎-台中,2023-04-12,9184
6477,安集,21,6,15,群益金鼎-台中,2023-04-12,9184
00665L,富邦�琤肭磪囓�2,20,5,15,群益金鼎-台中,2023-04-12,9184
1234,黑松,20,5,15,群益金鼎-台中,2023-04-12,9184
3715,定穎投控,34,20,14,群益金鼎-台中,2023-04-12,9184
2313,華通,14,1,13,群益金鼎-台中,2023-04-12,9184
00881,國泰台灣5G+,12,0,12,群益金鼎-台中,2023-04-12,9184
3013,晟銘電,50,39,11,群益金鼎-台中,2023-04-12,9184
2610,華航,12,1,11,群益金鼎-台中,2023-04-12,9184
6770,力積電,17,6,11,群益金鼎-台中,2023-04-12,9184
6240,松崗,11,0,11,群益金鼎-台中,2023-04-12,9184
6485,點序,22,11,11,群益金鼎-台中,2023-04-12,9184
0050,元大台灣50,10,0,10,群益金鼎-台中,2023-04-12,9184
00679B,元大美債20年,11,1,10,群益金鼎-台中,2023-04-12,9184
2457,飛宏,30,20,10,群益金鼎-台中,2023-04-12,9184
3701,大眾控,10,0,10,群益金鼎-台中,2023-04-12,9184
1584,精剛,36,26,10,群益金鼎-台中,2023-04-12,9184
00650L,復華香港正2,10,0,10,群益金鼎-台中,2023-04-12,9184
2881,富邦金,10,1,9,群益金鼎-台中,2023-04-12,9184
1605,華新,15,6,9,群益金鼎-台中,2023-04-12,9184
1512,瑞利,9,0,9,群益金鼎-台中,2023-04-12,9184
2482,連宇,13,4,9,群益金鼎-台中,2023-04-12,9184
3029,零壹,9,0,9,群益金鼎-台中,2023-04-12,9184
4979,華星光,30,22,8,群益金鼎-台中,2023-04-12,9184
3441,聯一光,8,0,8,群益金鼎-台中,2023-04-12,9184
00919,群益台灣精選高息,8,0,8,群益金鼎-台中,2023-04-12,9184
9945,潤泰新,10,2,8,群益金鼎-台中,2023-04-12,9184
3209,全科,46,38,8,群益金鼎-台中,2023-04-12,9184
1101,台泥,8,0,8,群益金鼎-台中,2023-04-12,9184
2427,三商電,10,3,7,群益金鼎-台中,2023-04-12,9184
3338,泰碩,8,1,7,群益金鼎-台中,2023-04-12,9184
6235,華孚,42,35,7,群益金鼎-台中,2023-04-12,9184
2886,兆豐金,7,0,7,群益金鼎-台中,2023-04-12,9184
1513,中興電,54,47,7,群益金鼎-台中,2023-04-12,9184
3003,健和興,7,1,6,群益金鼎-台中,2023-04-12,9184
8171,天宇,8,2,6,群益金鼎-台中,2023-04-12,9184
1218,泰山,6,0,6,群益金鼎-台中,2023-04-12,9184
4164,承業醫,10,4,6,群益金鼎-台中,2023-04-12,9184
00632R,元大台灣50反1,200,8,192,群益金鼎-台中,2023-04-13,9184
3231,緯創,105,6,99,群益金鼎-台中,2023-04-13,9184
3715,定穎投控,78,2,76,群益金鼎-台中,2023-04-13,9184
1102,亞泥,75,0,75,群益金鼎-台中,2023-04-13,9184
00893,國泰智能電動車,56,0,56,群益金鼎-台中,2023-04-13,9184
1609,大亞,67,14,53,群益金鼎-台中,2023-04-13,9184
1708,東鹼,54,5,49,群益金鼎-台中,2023-04-13,9184
00712,復華富時不動產,45,0,45,群益金鼎-台中,2023-04-13,9184
00919,群益台灣精選高息,43,0,43,群益金鼎-台中,2023-04-13,9184
6290,良維,43,0,43,群益金鼎-台中,2023-04-13,9184
00687B,國泰20年美債,50,10,40,群益金鼎-台中,2023-04-13,9184
1234,黑松,35,0,35,群益金鼎-台中,2023-04-13,9184
00751B,元大AAA至A公司債,56,25,31,群益金鼎-台中,2023-04-13,9184
2208,台船,58,29,29,群益金鼎-台中,2023-04-13,9184
6443,元晶,31,3,28,群益金鼎-台中,2023-04-13,9184
0056,元大高股息,28,2,26,群益金鼎-台中,2023-04-13,9184
00753L,中信中國50正2,26,0,26,群益金鼎-台中,2023-04-13,9184
3494,誠研,27,2,25,群益金鼎-台中,2023-04-13,9184
3078,僑威,35,12,23,群益金鼎-台中,2023-04-13,9184
00720B,元大投資級公司債,43,20,23,群益金鼎-台中,2023-04-13,9184
2402,毅嘉,60,39,21,群益金鼎-台中,2023-04-13,9184
2359,所羅門,26,5,21,群益金鼎-台中,2023-04-13,9184
00665L,富邦�琤肭磪囓�2,41,21,20,群益金鼎-台中,2023-04-13,9184
2317,鴻海,18,1,17,群益金鼎-台中,2023-04-13,9184
5452,佶優,17,0,17,群益金鼎-台中,2023-04-13,9184
00725B,國泰投資級公司債,21,5,16,群益金鼎-台中,2023-04-13,9184
5353,台林,57,41,16,群益金鼎-台中,2023-04-13,9184
2492,華新科,27,11,16,群益金鼎-台中,2023-04-13,9184
6485,點序,17,2,15,群益金鼎-台中,2023-04-13,9184
00637L,元大滬深300正2,17,2,15,群益金鼎-台中,2023-04-13,9184
3664,安瑞-KY,15,0,15,群益金鼎-台中,2023-04-13,9184
00761B,國泰A級公司債,20,5,15,群益金鼎-台中,2023-04-13,9184
00878,國泰永續高股息,31,17,14,群益金鼎-台中,2023-04-13,9184
2206,三陽工業,22,8,14,群益金鼎-台中,2023-04-13,9184
3499,環天科,27,13,14,群益金鼎-台中,2023-04-13,9184
6127,九豪,24,10,14,群益金鼎-台中,2023-04-13,9184
8088,品安,18,4,14,群益金鼎-台中,2023-04-13,9184
5009,榮剛,47,33,14,群益金鼎-台中,2023-04-13,9184
00888,永豐台灣ESG,13,0,13,群益金鼎-台中,2023-04-13,9184
2313,華通,13,0,13,群益金鼎-台中,2023-04-13,9184
6753,龍德造船,16,4,12,群益金鼎-台中,2023-04-13,9184
5258,虹堡,14,2,12,群益金鼎-台中,2023-04-13,9184
5222,全訊,33,21,12,群益金鼎-台中,2023-04-13,9184
3037,欣興,13,2,11,群益金鼎-台中,2023-04-13,9184
4960,誠美材,11,0,11,群益金鼎-台中,2023-04-13,9184
6244,茂迪,11,0,11,群益金鼎-台中,2023-04-13,9184
1529,樂事綠能,16,5,11,群益金鼎-台中,2023-04-13,9184
2409,友達,18,7,11,群益金鼎-台中,2023-04-13,9184
3025,星通,36,25,11,群益金鼎-台中,2023-04-13,9184
1795,美時,28,18,10,群益金鼎-台中,2023-04-13,9184
00632R,元大台灣50反1,325,0,325,群益金鼎-台中,2023-04-14,9184
00664R,國泰臺灣加權反1,201,0,201,群益金鼎-台中,2023-04-14,9184
1722,台肥,109,9,100,群益金鼎-台中,2023-04-14,9184
2208,台船,160,83,77,群益金鼎-台中,2023-04-14,9184
00679B,元大美債20年,55,0,55,群益金鼎-台中,2023-04-14,9184
2812,台中銀,50,11,39,群益金鼎-台中,2023-04-14,9184
3013,晟銘電,36,2,34,群益金鼎-台中,2023-04-14,9184
00669R,國泰美國道瓊反1,33,0,33,群益金鼎-台中,2023-04-14,9184
2402,毅嘉,56,23,33,群益金鼎-台中,2023-04-14,9184
3454,晶睿,33,4,29,群益金鼎-台中,2023-04-14,9184
3058,立德,29,0,29,群益金鼎-台中,2023-04-14,9184
2887,台新金,30,1,29,群益金鼎-台中,2023-04-14,9184
3231,緯創,66,39,27,群益金鼎-台中,2023-04-14,9184
3006,晶豪科,34,8,26,群益金鼎-台中,2023-04-14,9184
6179,亞通,36,11,25,群益金鼎-台中,2023-04-14,9184
2206,三陽工業,40,15,25,群益金鼎-台中,2023-04-14,9184
00712,復華富時不動產,23,0,23,群益金鼎-台中,2023-04-14,9184
2344,華邦電,26,5,21,群益金鼎-台中,2023-04-14,9184
8222,寶一,48,30,18,群益金鼎-台中,2023-04-14,9184
1584,精剛,51,34,17,群益金鼎-台中,2023-04-14,9184
2356,英業達,25,9,16,群益金鼎-台中,2023-04-14,9184
3035,智原,19,4,15,群益金鼎-台中,2023-04-14,9184
5515,建國,15,0,15,群益金鼎-台中,2023-04-14,9184
3624,光頡,18,3,15,群益金鼎-台中,2023-04-14,9184
00888,永豐台灣ESG,23,11,12,群益金鼎-台中,2023-04-14,9184
3576,聯合再生,12,0,12,群益金鼎-台中,2023-04-14,9184
1810,和成,15,3,12,群益金鼎-台中,2023-04-14,9184
8940,新天地,15,3,12,群益金鼎-台中,2023-04-14,9184
3049,精金,11,0,11,群益金鼎-台中,2023-04-14,9184
4934,太極,10,0,10,群益金鼎-台中,2023-04-14,9184
1789,神隆,10,0,10,群益金鼎-台中,2023-04-14,9184
3062,建漢,10,0,10,群益金鼎-台中,2023-04-14,9184
3494,誠研,10,0,10,群益金鼎-台中,2023-04-14,9184
2641,正德,10,0,10,群益金鼎-台中,2023-04-14,9184
6284,佳邦,13,3,10,群益金鼎-台中,2023-04-14,9184
00642U,期元大S＆P石油,10,0,10,群益金鼎-台中,2023-04-14,9184
3027,盛達,10,0,10,群益金鼎-台中,2023-04-14,9184
2801,彰銀,10,0,10,群益金鼎-台中,2023-04-14,9184
6441,廣錠,10,0,10,群益金鼎-台中,2023-04-14,9184
00687B,國泰20年美債,30,20,10,群益金鼎-台中,2023-04-14,9184
3521,鴻翊,10,0,10,群益金鼎-台中,2023-04-14,9184
3592,瑞鼎,11,1,10,群益金鼎-台中,2023-04-14,9184
4541,晟田,17,7,10,群益金鼎-台中,2023-04-14,9184
2382,廣達,11,2,9,群益金鼎-台中,2023-04-14,9184
6127,九豪,17,8,9,群益金鼎-台中,2023-04-14,9184
6111,大宇資,10,1,9,群益金鼎-台中,2023-04-14,9184
6152,百一,10,1,9,群益金鼎-台中,2023-04-14,9184
2634,漢翔,100,92,8,群益金鼎-台中,2023-04-14,9184
00878,國泰永續高股息,21,13,8,群益金鼎-台中,2023-04-14,9184
5222,全訊,36,28,8,群益金鼎-台中,2023-04-14,9184
2634,漢翔,393,225,168,群益金鼎-台中,2023-04-17,9184
1809,中釉,127,7,120,群益金鼎-台中,2023-04-17,9184
2105,正新,95,0,95,群益金鼎-台中,2023-04-17,9184
00881,國泰台灣5G+,37,1,36,群益金鼎-台中,2023-04-17,9184
6168,宏齊,33,0,33,群益金鼎-台中,2023-04-17,9184
00751B,元大AAA至A公司債,32,0,32,群益金鼎-台中,2023-04-17,9184
3481,群創,48,16,32,群益金鼎-台中,2023-04-17,9184
1717,長興,61,30,31,群益金鼎-台中,2023-04-17,9184
00712,復華富時不動產,30,1,29,群益金鼎-台中,2023-04-17,9184
3231,緯創,36,8,28,群益金鼎-台中,2023-04-17,9184
2359,所羅門,45,18,27,群益金鼎-台中,2023-04-17,9184
00687B,國泰20年美債,25,0,25,群益金鼎-台中,2023-04-17,9184
5452,佶優,25,0,25,群益金鼎-台中,2023-04-17,9184
00922,國泰台灣領袖50,25,0,25,群益金鼎-台中,2023-04-17,9184
2206,三陽工業,57,33,24,群益金鼎-台中,2023-04-17,9184
3520,華盈,26,2,24,群益金鼎-台中,2023-04-17,9184
8085,福華,23,0,23,群益金鼎-台中,2023-04-17,9184
00923,群益台ESG低碳50,23,0,23,群益金鼎-台中,2023-04-17,9184
2002,中鋼,22,0,22,群益金鼎-台中,2023-04-17,9184
3362,先進光,21,0,21,群益金鼎-台中,2023-04-17,9184
2515,中工,34,14,20,群益金鼎-台中,2023-04-17,9184
5355,佳總,20,0,20,群益金鼎-台中,2023-04-17,9184
5381,合正,20,0,20,群益金鼎-台中,2023-04-17,9184
3071,協禧,21,2,19,群益金鼎-台中,2023-04-17,9184
00679B,元大美債20年,18,0,18,群益金鼎-台中,2023-04-17,9184
5371,中光電,28,11,17,群益金鼎-台中,2023-04-17,9184
6547,高端疫苗,34,19,15,群益金鼎-台中,2023-04-17,9184
2402,毅嘉,15,1,14,群益金鼎-台中,2023-04-17,9184
6285,啟��,20,6,14,群益金鼎-台中,2023-04-17,9184
6248,沛波,23,10,13,群益金鼎-台中,2023-04-17,9184
3059,華晶科,14,1,13,群益金鼎-台中,2023-04-17,9184
2482,連宇,15,2,13,群益金鼎-台中,2023-04-17,9184
6274,台燿,13,1,12,群益金鼎-台中,2023-04-17,9184
5222,全訊,30,18,12,群益金鼎-台中,2023-04-17,9184
0056,元大高股息,20,8,12,群益金鼎-台中,2023-04-17,9184
2382,廣達,14,3,11,群益金鼎-台中,2023-04-17,9184
2610,華航,13,2,11,群益金鼎-台中,2023-04-17,9184
3049,精金,11,0,11,群益金鼎-台中,2023-04-17,9184
1722,台肥,11,0,11,群益金鼎-台中,2023-04-17,9184
5353,台林,16,5,11,群益金鼎-台中,2023-04-17,9184
6122,擎邦,14,3,11,群益金鼎-台中,2023-04-17,9184
5706,鳳凰,10,0,10,群益金鼎-台中,2023-04-17,9184
1337,再生-KY,10,0,10,群益金鼎-台中,2023-04-17,9184
2312,金寶,11,1,10,群益金鼎-台中,2023-04-17,9184
00919,群益台灣精選高息,10,0,10,群益金鼎-台中,2023-04-17,9184
2748,雲品,16,6,10,群益金鼎-台中,2023-04-17,9184
3576,聯合再生,10,0,10,群益金鼎-台中,2023-04-17,9184
6116,彩晶,14,4,10,群益金鼎-台中,2023-04-17,9184
2618,長榮航,17,8,9,群益金鼎-台中,2023-04-17,9184
6485,點序,9,0,9,群益金鼎-台中,2023-04-17,9184
00632R,元大台灣50反1,205,6,199,群益金鼎-台中,2023-04-18,9184
020027,元大上櫃ESG成長N,120,0,120,群益金鼎-台中,2023-04-18,9184
6179,亞通,73,1,72,群益金鼎-台中,2023-04-18,9184
4739,康普,60,0,60,群益金鼎-台中,2023-04-18,9184
3078,僑威,108,49,59,群益金鼎-台中,2023-04-18,9184
00720B,元大投資級公司債,52,0,52,群益金鼎-台中,2023-04-18,9184
3231,緯創,56,8,48,群益金鼎-台中,2023-04-18,9184
00919,群益台灣精選高息,48,0,48,群益金鼎-台中,2023-04-18,9184
00687B,國泰20年美債,53,5,48,群益金鼎-台中,2023-04-18,9184
00923,群益台ESG低碳50,42,0,42,群益金鼎-台中,2023-04-18,9184
00642U,期元大S＆P石油,40,0,40,群益金鼎-台中,2023-04-18,9184
2634,漢翔,98,58,40,群益金鼎-台中,2023-04-18,9184
00751B,元大AAA至A公司債,37,0,37,群益金鼎-台中,2023-04-18,9184
3522,御嵿,35,0,35,群益金鼎-台中,2023-04-18,9184
00878,國泰永續高股息,39,6,33,群益金鼎-台中,2023-04-18,9184
3712,永崴投控,39,9,30,群益金鼎-台中,2023-04-18,9184
00881,國泰台灣5G+,30,0,30,群益金鼎-台中,2023-04-18,9184
00679B,元大美債20年,29,0,29,群益金鼎-台中,2023-04-18,9184
4127,天良,28,0,28,群益金鼎-台中,2023-04-18,9184
1717,長興,33,8,25,群益金鼎-台中,2023-04-18,9184
0056,元大高股息,32,9,23,群益金鼎-台中,2023-04-18,9184
1809,中釉,29,7,22,群益金鼎-台中,2023-04-18,9184
00713,元大台灣高息低波,21,0,21,群益金鼎-台中,2023-04-18,9184
6152,百一,21,0,21,群益金鼎-台中,2023-04-18,9184
2515,中工,24,3,21,群益金鼎-台中,2023-04-18,9184
2312,金寶,21,1,20,群益金鼎-台中,2023-04-18,9184
1319,東陽,21,2,19,群益金鼎-台中,2023-04-18,9184
8222,寶一,33,16,17,群益金鼎-台中,2023-04-18,9184
1584,精剛,74,59,15,群益金鼎-台中,2023-04-18,9184
6142,友勁,19,4,15,群益金鼎-台中,2023-04-18,9184
00900,富邦特選高股息30,13,0,13,群益金鼎-台中,2023-04-18,9184
1471,首利,19,6,13,群益金鼎-台中,2023-04-18,9184
6147,頎邦,13,0,13,群益金鼎-台中,2023-04-18,9184
3481,群創,19,7,12,群益金鼎-台中,2023-04-18,9184
00680L,元大美債20正2,12,0,12,群益金鼎-台中,2023-04-18,9184
2601,益航,12,0,12,群益金鼎-台中,2023-04-18,9184
2401,凌陽,12,0,12,群益金鼎-台中,2023-04-18,9184
3048,益登,12,0,12,群益金鼎-台中,2023-04-18,9184
00712,復華富時不動產,12,0,12,群益金鼎-台中,2023-04-18,9184
6129,普誠,18,6,12,群益金鼎-台中,2023-04-18,9184
2609,陽明,17,6,11,群益金鼎-台中,2023-04-18,9184
00922,國泰台灣領袖50,11,0,11,群益金鼎-台中,2023-04-18,9184
2486,一詮,22,11,11,群益金鼎-台中,2023-04-18,9184
00761B,國泰A級公司債,11,0,11,群益金鼎-台中,2023-04-18,9184
8069,元太,11,0,11,群益金鼎-台中,2023-04-18,9184
2615,萬海,12,2,10,群益金鼎-台中,2023-04-18,9184
3260,威剛,10,0,10,群益金鼎-台中,2023-04-18,9184
6568,宏觀,20,10,10,群益金鼎-台中,2023-04-18,9184
3591,艾笛森,12,2,10,群益金鼎-台中,2023-04-18,9184
5876,上海商銀,10,0,10,群益金鼎-台中,2023-04-18,9184
00673R,期元大S＆P原油反1,400,0,400,群益金鼎-台中,2023-04-19,9184
6129,普誠,71,1,70,群益金鼎-台中,2023-04-19,9184
3481,群創,77,29,48,群益金鼎-台中,2023-04-19,9184
00665L,富邦�琤肭磪囓�2,40,0,40,群益金鼎-台中,2023-04-19,9184
2610,華航,36,0,36,群益金鼎-台中,2023-04-19,9184
3576,聯合再生,44,13,31,群益金鼎-台中,2023-04-19,9184
2324,仁寶,40,11,29,群益金鼎-台中,2023-04-19,9184
00687B,國泰20年美債,25,0,25,群益金鼎-台中,2023-04-19,9184
00720B,元大投資級公司債,24,0,24,群益金鼎-台中,2023-04-19,9184
2382,廣達,44,21,23,群益金鼎-台中,2023-04-19,9184
00888,永豐台灣ESG,23,0,23,群益金鼎-台中,2023-04-19,9184
1802,台玻,21,0,21,群益金鼎-台中,2023-04-19,9184
3221,台嘉碩,30,9,21,群益金鼎-台中,2023-04-19,9184
5381,合正,20,0,20,群益金鼎-台中,2023-04-19,9184
6234,高僑,18,0,18,群益金鼎-台中,2023-04-19,9184
2101,南港,17,0,17,群益金鼎-台中,2023-04-19,9184
00919,群益台灣精選高息,17,0,17,群益金鼎-台中,2023-04-19,9184
2453,凌群,39,23,16,群益金鼎-台中,2023-04-19,9184
8222,寶一,71,55,16,群益金鼎-台中,2023-04-19,9184
3056,富華新,15,0,15,群益金鼎-台中,2023-04-19,9184
2603,長榮,17,2,15,群益金鼎-台中,2023-04-19,9184
6719,力智,13,0,13,群益金鼎-台中,2023-04-19,9184
8033,雷虎,173,160,13,群益金鼎-台中,2023-04-19,9184
3035,智原,17,5,12,群益金鼎-台中,2023-04-19,9184
3094,聯傑,13,1,12,群益金鼎-台中,2023-04-19,9184
00923,群益台ESG低碳50,22,10,12,群益金鼎-台中,2023-04-19,9184
1810,和成,32,21,11,群益金鼎-台中,2023-04-19,9184
3374,精材,11,0,11,群益金鼎-台中,2023-04-19,9184
4164,承業醫,19,8,11,群益金鼎-台中,2023-04-19,9184
8111,立��,20,9,11,群益金鼎-台中,2023-04-19,9184
0056,元大高股息,11,1,10,群益金鼎-台中,2023-04-19,9184
5371,中光電,14,4,10,群益金鼎-台中,2023-04-19,9184
3520,華盈,11,1,10,群益金鼎-台中,2023-04-19,9184
3356,奇偶,10,0,10,群益金鼎-台中,2023-04-19,9184
3673,TPK-KY,27,17,10,群益金鼎-台中,2023-04-19,9184
2515,中工,72,62,10,群益金鼎-台中,2023-04-19,9184
2601,益航,10,0,10,群益金鼎-台中,2023-04-19,9184
9105,泰金寶-DR,10,0,10,群益金鼎-台中,2023-04-19,9184
2443,昶虹,10,0,10,群益金鼎-台中,2023-04-19,9184
4142,國光生,10,0,10,群益金鼎-台中,2023-04-19,9184
4123,晟德,17,7,10,群益金鼎-台中,2023-04-19,9184
2002,中鋼,12,3,9,群益金鼎-台中,2023-04-19,9184
00679B,元大美債20年,9,0,9,群益金鼎-台中,2023-04-19,9184
9904,寶成,10,1,9,群益金鼎-台中,2023-04-19,9184
00772B,中信高評級公司債,9,0,9,群益金鼎-台中,2023-04-19,9184
00922,國泰台灣領袖50,9,0,9,群益金鼎-台中,2023-04-19,9184
2495,普安,25,16,9,群益金鼎-台中,2023-04-19,9184
2886,兆豐金,10,2,8,群益金鼎-台中,2023-04-19,9184
2303,聯電,9,1,8,群益金鼎-台中,2023-04-19,9184
00878,國泰永續高股息,13,5,8,群益金鼎-台中,2023-04-19,9184
3078,僑威,79,17,62,群益金鼎-台中,2023-04-20,9184
00919,群益台灣精選高息,59,0,59,群益金鼎-台中,2023-04-20,9184
6244,茂迪,166,109,57,群益金鼎-台中,2023-04-20,9184
00893,國泰智能電動車,90,37,53,群益金鼎-台中,2023-04-20,9184
2515,中工,75,25,50,群益金鼎-台中,2023-04-20,9184
00878,國泰永續高股息,44,0,44,群益金鼎-台中,2023-04-20,9184
020027,元大上櫃ESG成長N,200,160,40,群益金鼎-台中,2023-04-20,9184
6443,元晶,70,30,40,群益金鼎-台中,2023-04-20,9184
6167,久正,38,2,36,群益金鼎-台中,2023-04-20,9184
1907,永豐餘,42,9,33,群益金鼎-台中,2023-04-20,9184
00665L,富邦�琤肭磪囓�2,30,0,30,群益金鼎-台中,2023-04-20,9184
1609,大亞,32,2,30,群益金鼎-台中,2023-04-20,9184
1722,台肥,29,0,29,群益金鼎-台中,2023-04-20,9184
2204,中華,42,13,29,群益金鼎-台中,2023-04-20,9184
2739,寒舍,28,0,28,群益金鼎-台中,2023-04-20,9184
2324,仁寶,29,2,27,群益金鼎-台中,2023-04-20,9184
00715L,期街口布蘭特正2,27,0,27,群益金鼎-台中,2023-04-20,9184
00637L,元大滬深300正2,26,3,23,群益金鼎-台中,2023-04-20,9184
6741,91APP*-KY,22,2,20,群益金鼎-台中,2023-04-20,9184
1234,黑松,20,0,20,群益金鼎-台中,2023-04-20,9184
1701,中化,24,4,20,群益金鼎-台中,2023-04-20,9184
00642U,期元大S＆P石油,20,0,20,群益金鼎-台中,2023-04-20,9184
6234,高僑,24,5,19,群益金鼎-台中,2023-04-20,9184
2484,希華,23,6,17,群益金鼎-台中,2023-04-20,9184
2201,裕隆,27,10,17,群益金鼎-台中,2023-04-20,9184
3706,神達,16,0,16,群益金鼎-台中,2023-04-20,9184
2402,毅嘉,22,7,15,群益金鼎-台中,2023-04-20,9184
6753,龍德造船,15,1,14,群益金鼎-台中,2023-04-20,9184
3038,全台,18,4,14,群益金鼎-台中,2023-04-20,9184
3624,光頡,21,8,13,群益金鼎-台中,2023-04-20,9184
3664,安瑞-KY,13,0,13,群益金鼎-台中,2023-04-20,9184
8091,翔名,12,0,12,群益金鼎-台中,2023-04-20,9184
4967,十銓,16,4,12,群益金鼎-台中,2023-04-20,9184
3290,東浦,12,0,12,群益金鼎-台中,2023-04-20,9184
3062,建漢,15,3,12,群益金鼎-台中,2023-04-20,9184
00713,元大台灣高息低波,11,0,11,群益金鼎-台中,2023-04-20,9184
4102,永日,12,1,11,群益金鼎-台中,2023-04-20,9184
1810,和成,83,72,11,群益金鼎-台中,2023-04-20,9184
4114,健喬,13,2,11,群益金鼎-台中,2023-04-20,9184
3702,大聯大,11,0,11,群益金鼎-台中,2023-04-20,9184
2615,萬海,14,3,11,群益金鼎-台中,2023-04-20,9184
4934,太極,15,4,11,群益金鼎-台中,2023-04-20,9184
00923,群益台ESG低碳50,10,0,10,群益金鼎-台中,2023-04-20,9184
8046,南電,13,3,10,群益金鼎-台中,2023-04-20,9184
4167,松瑞藥,10,0,10,群益金鼎-台中,2023-04-20,9184
1906,寶隆,12,2,10,群益金鼎-台中,2023-04-20,9184
2464,盟立,10,0,10,群益金鼎-台中,2023-04-20,9184
5465,富驊,18,8,10,群益金鼎-台中,2023-04-20,9184
2634,漢翔,18,8,10,群益金鼎-台中,2023-04-20,9184
8069,元太,14,5,9,群益金鼎-台中,2023-04-20,9184
00919,群益台灣精選高息,62,0,62,群益金鼎-台中,2023-04-21,9184
1708,東鹼,60,0,60,群益金鼎-台中,2023-04-21,9184
3024,憶聲,50,0,50,群益金鼎-台中,2023-04-21,9184
020027,元大上櫃ESG成長N,80,40,40,群益金鼎-台中,2023-04-21,9184
1101,台泥,59,19,40,群益金鼎-台中,2023-04-21,9184
6005,群益證,43,6,37,群益金鼎-台中,2023-04-21,9184
1108,幸福,61,24,37,群益金鼎-台中,2023-04-21,9184
4958,臻鼎-KY,38,4,34,群益金鼎-台中,2023-04-21,9184
00878,國泰永續高股息,34,0,34,群益金鼎-台中,2023-04-21,9184
1310,台苯,30,1,29,群益金鼎-台中,2023-04-21,9184
3029,零壹,53,24,29,群益金鼎-台中,2023-04-21,9184
1513,中興電,33,6,27,群益金鼎-台中,2023-04-21,9184
6719,力智,23,0,23,群益金鼎-台中,2023-04-21,9184
2423,固緯,23,0,23,群益金鼎-台中,2023-04-21,9184
00893,國泰智能電動車,34,12,22,群益金鼎-台中,2023-04-21,9184
6125,廣運,28,7,21,群益金鼎-台中,2023-04-21,9184
6271,同欣電,21,1,20,群益金鼎-台中,2023-04-21,9184
00923,群益台ESG低碳50,20,0,20,群益金鼎-台中,2023-04-21,9184
3661,世芯-KY,28,10,18,群益金鼎-台中,2023-04-21,9184
5371,中光電,25,8,17,群益金鼎-台中,2023-04-21,9184
3011,今皓,17,1,16,群益金鼎-台中,2023-04-21,9184
1711,永光,25,9,16,群益金鼎-台中,2023-04-21,9184
2615,萬海,19,3,16,群益金鼎-台中,2023-04-21,9184
3231,緯創,68,53,15,群益金鼎-台中,2023-04-21,9184
3576,聯合再生,27,13,14,群益金鼎-台中,2023-04-21,9184
2312,金寶,14,1,13,群益金鼎-台中,2023-04-21,9184
2605,新興,12,0,12,群益金鼎-台中,2023-04-21,9184
4919,新唐,13,1,12,群益金鼎-台中,2023-04-21,9184
0056,元大高股息,14,3,11,群益金鼎-台中,2023-04-21,9184
2351,順德,16,5,11,群益金鼎-台中,2023-04-21,9184
2408,南亞科,12,1,11,群益金鼎-台中,2023-04-21,9184
1611,中電,73,62,11,群益金鼎-台中,2023-04-21,9184
1903,士紙,11,0,11,群益金鼎-台中,2023-04-21,9184
6117,迎廣,10,0,10,群益金鼎-台中,2023-04-21,9184
3017,奇鋐,14,4,10,群益金鼎-台中,2023-04-21,9184
2382,廣達,12,3,9,群益金鼎-台中,2023-04-21,9184
2002,中鋼,10,1,9,群益金鼎-台中,2023-04-21,9184
3673,TPK-KY,12,3,9,群益金鼎-台中,2023-04-21,9184
2371,大同,10,1,9,群益金鼎-台中,2023-04-21,9184
9904,寶成,10,1,9,群益金鼎-台中,2023-04-21,9184
5009,榮剛,21,12,9,群益金鼎-台中,2023-04-21,9184
2610,華航,8,0,8,群益金鼎-台中,2023-04-21,9184
1710,東聯,10,2,8,群益金鼎-台中,2023-04-21,9184
5243,乙盛-KY,11,3,8,群益金鼎-台中,2023-04-21,9184
1589,永冠-KY,9,1,8,群益金鼎-台中,2023-04-21,9184
2406,國碩,10,2,8,群益金鼎-台中,2023-04-21,9184
4744,皇將,7,0,7,群益金鼎-台中,2023-04-21,9184
1785,光洋科,7,0,7,群益金鼎-台中,2023-04-21,9184
3003,健和興,9,2,7,群益金鼎-台中,2023-04-21,9184
2739,寒舍,13,6,7,群益金鼎-台中,2023-04-21,9184
1907,永豐餘,132,47,85,群益金鼎-台中,2023-04-24,9184
1905,華紙,111,33,78,群益金鼎-台中,2023-04-24,9184
1708,東鹼,53,7,46,群益金鼎-台中,2023-04-24,9184
6531,愛普*,46,3,43,群益金鼎-台中,2023-04-24,9184
1101,台泥,72,29,43,群益金鼎-台中,2023-04-24,9184
2330,台積電,44,7,37,群益金鼎-台中,2023-04-24,9184
9902,台火,56,25,31,群益金鼎-台中,2023-04-24,9184
6770,力積電,36,11,25,群益金鼎-台中,2023-04-24,9184
6175,立敦,25,0,25,群益金鼎-台中,2023-04-24,9184
3058,立德,29,5,24,群益金鼎-台中,2023-04-24,9184
2313,華通,25,2,23,群益金鼎-台中,2023-04-24,9184
2634,漢翔,85,63,22,群益金鼎-台中,2023-04-24,9184
00752,中信中國50,21,0,21,群益金鼎-台中,2023-04-24,9184
3481,群創,21,0,21,群益金鼎-台中,2023-04-24,9184
2515,中工,18,0,18,群益金鼎-台中,2023-04-24,9184
00902,中信電池及儲能,56,41,15,群益金鼎-台中,2023-04-24,9184
2913,農林,55,41,14,群益金鼎-台中,2023-04-24,9184
2610,華航,15,1,14,群益金鼎-台中,2023-04-24,9184
8240,華宏,18,4,14,群益金鼎-台中,2023-04-24,9184
2609,陽明,19,7,12,群益金鼎-台中,2023-04-24,9184
8222,寶一,36,24,12,群益金鼎-台中,2023-04-24,9184
00679B,元大美債20年,12,0,12,群益金鼎-台中,2023-04-24,9184
2482,連宇,14,3,11,群益金鼎-台中,2023-04-24,9184
00923,群益台ESG低碳50,11,0,11,群益金鼎-台中,2023-04-24,9184
00772B,中信高評級公司債,10,0,10,群益金鼎-台中,2023-04-24,9184
6112,邁達特,11,1,10,群益金鼎-台中,2023-04-24,9184
2006,東和鋼鐵,10,0,10,群益金鼎-台中,2023-04-24,9184
00636,國泰中國A50,10,0,10,群益金鼎-台中,2023-04-24,9184
00665L,富邦�琤肭磪囓�2,10,0,10,群益金鼎-台中,2023-04-24,9184
1904,正隆,29,19,10,群益金鼎-台中,2023-04-24,9184
00888,永豐台灣ESG,33,24,9,群益金鼎-台中,2023-04-24,9184
3290,東浦,9,0,9,群益金鼎-台中,2023-04-24,9184
1514,亞力,13,4,9,群益金鼎-台中,2023-04-24,9184
00715L,期街口布蘭特正2,9,0,9,群益金鼎-台中,2023-04-24,9184
3504,揚明光,9,1,8,群益金鼎-台中,2023-04-24,9184
00893,國泰智能電動車,8,0,8,群益金鼎-台中,2023-04-24,9184
6163,華電網,9,2,7,群益金鼎-台中,2023-04-24,9184
5243,乙盛-KY,7,0,7,群益金鼎-台中,2023-04-24,9184
2354,鴻準,7,0,7,群益金鼎-台中,2023-04-24,9184
3624,光頡,10,3,7,群益金鼎-台中,2023-04-24,9184
00900,富邦特選高股息30,8,1,7,群益金鼎-台中,2023-04-24,9184
4934,太極,7,1,6,群益金鼎-台中,2023-04-24,9184
2457,飛宏,18,12,6,群益金鼎-台中,2023-04-24,9184
6235,華孚,29,23,6,群益金鼎-台中,2023-04-24,9184
5371,中光電,7,1,6,群益金鼎-台中,2023-04-24,9184
2618,長榮航,7,1,6,群益金鼎-台中,2023-04-24,9184
2413,環科,6,0,6,群益金鼎-台中,2023-04-24,9184
4133,亞諾法,5,0,5,群益金鼎-台中,2023-04-24,9184
8996,高力,6,1,5,群益金鼎-台中,2023-04-24,9184
00687B,國泰20年美債,5,0,5,群益金鼎-台中,2023-04-24,9184
00676R,富邦臺灣加權反1,121,0,121,群益金鼎-台中,2023-04-25,9184
3712,永崴投控,72,4,68,群益金鼎-台中,2023-04-25,9184
2208,台船,70,14,56,群益金鼎-台中,2023-04-25,9184
1708,東鹼,84,32,52,群益金鼎-台中,2023-04-25,9184
00878,國泰永續高股息,64,14,50,群益金鼎-台中,2023-04-25,9184
3041,揚智,50,0,50,群益金鼎-台中,2023-04-25,9184
3481,群創,50,1,49,群益金鼎-台中,2023-04-25,9184
1810,和成,42,2,40,群益金鼎-台中,2023-04-25,9184
1905,華紙,85,49,36,群益金鼎-台中,2023-04-25,9184
3029,零壹,43,8,35,群益金鼎-台中,2023-04-25,9184
1101,台泥,42,7,35,群益金鼎-台中,2023-04-25,9184
6282,康舒,55,21,34,群益金鼎-台中,2023-04-25,9184
0056,元大高股息,36,2,34,群益金鼎-台中,2023-04-25,9184
1904,正隆,40,9,31,群益金鼎-台中,2023-04-25,9184
0050,元大台灣50,33,2,31,群益金鼎-台中,2023-04-25,9184
00637L,元大滬深300正2,50,25,25,群益金鼎-台中,2023-04-25,9184
00686R,群益臺灣加權反1,24,0,24,群益金鼎-台中,2023-04-25,9184
1219,福壽,34,11,23,群益金鼎-台中,2023-04-25,9184
2482,連宇,48,27,21,群益金鼎-台中,2023-04-25,9184
00893,國泰智能電動車,22,2,20,群益金鼎-台中,2023-04-25,9184
1721,三晃,48,28,20,群益金鼎-台中,2023-04-25,9184
4121,優盛,42,22,20,群益金鼎-台中,2023-04-25,9184
1725,元禎,44,24,20,群益金鼎-台中,2023-04-25,9184
4566,時碩工業,38,19,19,群益金鼎-台中,2023-04-25,9184
2002,中鋼,28,11,17,群益金鼎-台中,2023-04-25,9184
00888,永豐台灣ESG,17,0,17,群益金鼎-台中,2023-04-25,9184
5906,台南-KY,17,1,16,群益金鼎-台中,2023-04-25,9184
00642U,期元大S＆P石油,15,0,15,群益金鼎-台中,2023-04-25,9184
3189,景碩,22,8,14,群益金鼎-台中,2023-04-25,9184
2423,固緯,41,27,14,群益金鼎-台中,2023-04-25,9184
1503,士電,21,7,14,群益金鼎-台中,2023-04-25,9184
2884,玉山金,17,3,14,群益金鼎-台中,2023-04-25,9184
6789,采鈺,13,0,13,群益金鼎-台中,2023-04-25,9184
1215,卜蜂,19,7,12,群益金鼎-台中,2023-04-25,9184
8069,元太,13,2,11,群益金鼎-台中,2023-04-25,9184
2498,宏達電,15,4,11,群益金鼎-台中,2023-04-25,9184
2356,英業達,15,4,11,群益金鼎-台中,2023-04-25,9184
3003,健和興,12,1,11,群益金鼎-台中,2023-04-25,9184
6697,東捷資訊,11,0,11,群益金鼎-台中,2023-04-25,9184
4123,晟德,14,4,10,群益金鼎-台中,2023-04-25,9184
1514,亞力,15,5,10,群益金鼎-台中,2023-04-25,9184
2702,華園,10,0,10,群益金鼎-台中,2023-04-25,9184
3323,加百裕,10,0,10,群益金鼎-台中,2023-04-25,9184
1909,榮成,13,3,10,群益金鼎-台中,2023-04-25,9184
1611,中電,17,7,10,群益金鼎-台中,2023-04-25,9184
3454,晶睿,11,1,10,群益金鼎-台中,2023-04-25,9184
5388,中磊,10,0,10,群益金鼎-台中,2023-04-25,9184
2330,台積電,13,3,10,群益金鼎-台中,2023-04-25,9184
5222,全訊,18,9,9,群益金鼎-台中,2023-04-25,9184
6271,同欣電,11,2,9,群益金鼎-台中,2023-04-25,9184
00676R,富邦臺灣加權反1,58,0,58,群益金鼎-台中,2023-04-26,9184
1710,東聯,52,7,45,群益金鼎-台中,2023-04-26,9184
00712,復華富時不動產,40,0,40,群益金鼎-台中,2023-04-26,9184
4161,聿新科,32,0,32,群益金鼎-台中,2023-04-26,9184
00878,國泰永續高股息,32,1,31,群益金鼎-台中,2023-04-26,9184
2634,漢翔,84,58,26,群益金鼎-台中,2023-04-26,9184
6418,詠昇,24,0,24,群益金鼎-台中,2023-04-26,9184
00905,FT臺灣Smart,23,0,23,群益金鼎-台中,2023-04-26,9184
2515,中工,23,1,22,群益金鼎-台中,2023-04-26,9184
1102,亞泥,32,12,20,群益金鼎-台中,2023-04-26,9184
5213,亞昕,20,1,19,群益金鼎-台中,2023-04-26,9184
00715L,期街口布蘭特正2,16,0,16,群益金鼎-台中,2023-04-26,9184
6461,益得,15,0,15,群益金鼎-台中,2023-04-26,9184
9914,美利達,15,0,15,群益金鼎-台中,2023-04-26,9184
2603,長榮,15,0,15,群益金鼎-台中,2023-04-26,9184
00720B,元大投資級公司債,23,11,12,群益金鼎-台中,2023-04-26,9184
8046,南電,16,4,12,群益金鼎-台中,2023-04-26,9184
2002,中鋼,11,0,11,群益金鼎-台中,2023-04-26,9184
2313,華通,12,1,11,群益金鼎-台中,2023-04-26,9184
5351,鈺創,13,2,11,群益金鼎-台中,2023-04-26,9184
2610,華航,13,3,10,群益金鼎-台中,2023-04-26,9184
2409,友達,11,1,10,群益金鼎-台中,2023-04-26,9184
3714,富采,13,3,10,群益金鼎-台中,2023-04-26,9184
5206,坤悅,10,0,10,群益金鼎-台中,2023-04-26,9184
00710B,復華彭博非投等債,10,0,10,群益金鼎-台中,2023-04-26,9184
1504,東元,12,2,10,群益金鼎-台中,2023-04-26,9184
00680L,元大美債20正2,10,0,10,群益金鼎-台中,2023-04-26,9184
6829,千附精密,19,9,10,群益金鼎-台中,2023-04-26,9184
006208,富邦台50,10,0,10,群益金鼎-台中,2023-04-26,9184
3058,立德,14,5,9,群益金鼎-台中,2023-04-26,9184
0050,元大台灣50,10,1,9,群益金鼎-台中,2023-04-26,9184
2482,連宇,36,28,8,群益金鼎-台中,2023-04-26,9184
4111,濟生,8,0,8,群益金鼎-台中,2023-04-26,9184
4581,光隆精密-KY,9,1,8,群益金鼎-台中,2023-04-26,9184
2327,國巨,11,3,8,群益金鼎-台中,2023-04-26,9184
3624,光頡,23,15,8,群益金鼎-台中,2023-04-26,9184
00885,富邦越南,7,0,7,群益金鼎-台中,2023-04-26,9184
2464,盟立,7,0,7,群益金鼎-台中,2023-04-26,9184
6770,力積電,13,6,7,群益金鼎-台中,2023-04-26,9184
3078,僑威,7,1,6,群益金鼎-台中,2023-04-26,9184
2344,華邦電,10,4,6,群益金鼎-台中,2023-04-26,9184
3029,零壹,31,25,6,群益金鼎-台中,2023-04-26,9184
3322,建舜電,6,0,6,群益金鼎-台中,2023-04-26,9184
2471,資通,35,29,6,群益金鼎-台中,2023-04-26,9184
9904,寶成,9,4,5,群益金鼎-台中,2023-04-26,9184
1905,華紙,87,82,5,群益金鼎-台中,2023-04-26,9184
3454,晶睿,5,0,5,群益金鼎-台中,2023-04-26,9184
1231,聯華食,20,15,5,群益金鼎-台中,2023-04-26,9184
2601,益航,5,0,5,群益金鼎-台中,2023-04-26,9184
00882,中信中國高股息,6,1,5,群益金鼎-台中,2023-04-26,9184
00632R,元大台灣50反1,265,5,260,群益金鼎-台中,2023-04-27,9184
2897,王道銀行,250,2,248,群益金鼎-台中,2023-04-27,9184
1722,台肥,122,22,100,群益金鼎-台中,2023-04-27,9184
00720B,元大投資級公司債,102,31,71,群益金鼎-台中,2023-04-27,9184
00687B,國泰20年美債,96,35,61,群益金鼎-台中,2023-04-27,9184
00715L,期街口布蘭特正2,58,0,58,群益金鼎-台中,2023-04-27,9184
00751B,元大AAA至A公司債,66,30,36,群益金鼎-台中,2023-04-27,9184
2353,宏��,33,1,32,群益金鼎-台中,2023-04-27,9184
8936,國統,30,0,30,群益金鼎-台中,2023-04-27,9184
1735,日勝化,25,0,25,群益金鼎-台中,2023-04-27,9184
9934,成霖,30,7,23,群益金鼎-台中,2023-04-27,9184
1905,華紙,32,10,22,群益金鼎-台中,2023-04-27,9184
00714,群益道瓊美國地產,22,4,18,群益金鼎-台中,2023-04-27,9184
6116,彩晶,18,0,18,群益金鼎-台中,2023-04-27,9184
6770,力積電,19,2,17,群益金鼎-台中,2023-04-27,9184
00772B,中信高評級公司債,17,0,17,群益金鼎-台中,2023-04-27,9184
6829,千附精密,34,18,16,群益金鼎-台中,2023-04-27,9184
6163,華電網,17,2,15,群益金鼎-台中,2023-04-27,9184
00878,國泰永續高股息,15,1,14,群益金鼎-台中,2023-04-27,9184
00712,復華富時不動產,14,0,14,群益金鼎-台中,2023-04-27,9184
2031,新光鋼,14,0,14,群益金鼎-台中,2023-04-27,9184
2002,中鋼,13,0,13,群益金鼎-台中,2023-04-27,9184
2303,聯電,13,0,13,群益金鼎-台中,2023-04-27,9184
1533,車王電,17,5,12,群益金鼎-台中,2023-04-27,9184
3029,零壹,18,7,11,群益金鼎-台中,2023-04-27,9184
4934,太極,10,0,10,群益金鼎-台中,2023-04-27,9184
1471,首利,14,4,10,群益金鼎-台中,2023-04-27,9184
1609,大亞,10,0,10,群益金鼎-台中,2023-04-27,9184
1720,生達,14,4,10,群益金鼎-台中,2023-04-27,9184
6016,康和證,10,1,9,群益金鼎-台中,2023-04-27,9184
1514,亞力,12,3,9,群益金鼎-台中,2023-04-27,9184
2630,亞航,12,4,8,群益金鼎-台中,2023-04-27,9184
2609,陽明,24,16,8,群益金鼎-台中,2023-04-27,9184
2891,中信金,8,0,8,群益金鼎-台中,2023-04-27,9184
6185,幃翔,10,3,7,群益金鼎-台中,2023-04-27,9184
1762,中化生,9,2,7,群益金鼎-台中,2023-04-27,9184
1785,光洋科,7,0,7,群益金鼎-台中,2023-04-27,9184
2360,致茂,7,0,7,群益金鼎-台中,2023-04-27,9184
2330,台積電,7,1,6,群益金鼎-台中,2023-04-27,9184
2606,裕民,6,0,6,群益金鼎-台中,2023-04-27,9184
3454,晶睿,9,3,6,群益金鼎-台中,2023-04-27,9184
2610,華航,12,6,6,群益金鼎-台中,2023-04-27,9184
3441,聯一光,6,0,6,群益金鼎-台中,2023-04-27,9184
1519,華城,13,7,6,群益金鼎-台中,2023-04-27,9184
3037,欣興,9,3,6,群益金鼎-台中,2023-04-27,9184
4931,新盛力,6,0,6,群益金鼎-台中,2023-04-27,9184
6283,淳安,6,0,6,群益金鼎-台中,2023-04-27,9184
2352,佳世達,8,2,6,群益金鼎-台中,2023-04-27,9184
2885,元大金,5,0,5,群益金鼎-台中,2023-04-27,9184
4919,新唐,12,7,5,群益金鼎-台中,2023-04-27,9184
2338,光罩,125,0,125,群益金鼎-台中,2023-04-28,9184
2609,陽明,103,10,93,群益金鼎-台中,2023-04-28,9184
5498,凱崴,75,0,75,群益金鼎-台中,2023-04-28,9184
2352,佳世達,55,10,45,群益金鼎-台中,2023-04-28,9184
2344,華邦電,57,14,43,群益金鼎-台中,2023-04-28,9184
3105,穩懋,44,7,37,群益金鼎-台中,2023-04-28,9184
3481,群創,45,9,36,群益金鼎-台中,2023-04-28,9184
3006,晶豪科,30,1,29,群益金鼎-台中,2023-04-28,9184
2022,聚亨,25,2,23,群益金鼎-台中,2023-04-28,9184
8121,越峰,31,9,22,群益金鼎-台中,2023-04-28,9184
6290,良維,21,0,21,群益金鼎-台中,2023-04-28,9184
00900,富邦特選高股息30,20,0,20,群益金鼎-台中,2023-04-28,9184
00885,富邦越南,20,0,20,群益金鼎-台中,2023-04-28,9184
2206,三陽工業,33,13,20,群益金鼎-台中,2023-04-28,9184
2409,友達,21,2,19,群益金鼎-台中,2023-04-28,9184
1776,展宇,19,0,19,群益金鼎-台中,2023-04-28,9184
2618,長榮航,24,6,18,群益金鼎-台中,2023-04-28,9184
2368,金像電,17,0,17,群益金鼎-台中,2023-04-28,9184
6443,元晶,16,0,16,群益金鼎-台中,2023-04-28,9184
8222,寶一,66,50,16,群益金鼎-台中,2023-04-28,9184
1584,精剛,16,0,16,群益金鼎-台中,2023-04-28,9184
1907,永豐餘,21,5,16,群益金鼎-台中,2023-04-28,9184
2405,輔信,15,0,15,群益金鼎-台中,2023-04-28,9184
00671R,富邦NASDAQ反1,15,0,15,群益金鼎-台中,2023-04-28,9184
2062,橋椿,15,0,15,群益金鼎-台中,2023-04-28,9184
1909,榮成,16,2,14,群益金鼎-台中,2023-04-28,9184
3545,敦泰,16,3,13,群益金鼎-台中,2023-04-28,9184
2634,漢翔,72,60,12,群益金鼎-台中,2023-04-28,9184
00715L,期街口布蘭特正2,13,1,12,群益金鼎-台中,2023-04-28,9184
3704,合勤控,15,3,12,群益金鼎-台中,2023-04-28,9184
912000,晨訊科-DR,12,0,12,群益金鼎-台中,2023-04-28,9184
1810,和成,12,0,12,群益金鼎-台中,2023-04-28,9184
1101,台泥,12,1,11,群益金鼎-台中,2023-04-28,9184
2201,裕隆,13,2,11,群益金鼎-台中,2023-04-28,9184
8050,廣積,11,0,11,群益金鼎-台中,2023-04-28,9184
3027,盛達,10,0,10,群益金鼎-台中,2023-04-28,9184
2356,英業達,10,0,10,群益金鼎-台中,2023-04-28,9184
1440,南紡,10,0,10,群益金鼎-台中,2023-04-28,9184
00679B,元大美債20年,11,2,9,群益金鼎-台中,2023-04-28,9184
3049,精金,10,1,9,群益金鼎-台中,2023-04-28,9184
3710,連展投控,8,0,8,群益金鼎-台中,2023-04-28,9184
4121,優盛,10,2,8,群益金鼎-台中,2023-04-28,9184
3071,協禧,26,18,8,群益金鼎-台中,2023-04-28,9184
4931,新盛力,8,0,8,群益金鼎-台中,2023-04-28,9184
2801,彰銀,8,0,8,群益金鼎-台中,2023-04-28,9184
8996,高力,11,4,7,群益金鼎-台中,2023-04-28,9184
4971,IET-KY,7,0,7,群益金鼎-台中,2023-04-28,9184
00772B,中信高評級公司債,6,0,6,群益金鼎-台中,2023-04-28,9184
3046,建��,10,4,6,群益金鼎-台中,2023-04-28,9184
00882,中信中國高股息,10,4,6,群益金鼎-台中,2023-04-28,9184
00632R,元大台灣50反1,379,3,376,群益金鼎-台中,2023-05-02,9184
00885,富邦越南,80,3,77,群益金鼎-台中,2023-05-02,9184
00679B,元大美債20年,70,1,69,群益金鼎-台中,2023-05-02,9184
00720B,元大投資級公司債,56,0,56,群益金鼎-台中,2023-05-02,9184
2314,台揚,50,1,49,群益金鼎-台中,2023-05-02,9184
00751B,元大AAA至A公司債,47,0,47,群益金鼎-台中,2023-05-02,9184
00772B,中信高評級公司債,34,0,34,群益金鼎-台中,2023-05-02,9184
4961,天鈺,37,4,33,群益金鼎-台中,2023-05-02,9184
3202,樺晟,31,0,31,群益金鼎-台中,2023-05-02,9184
6288,聯嘉,39,9,30,群益金鼎-台中,2023-05-02,9184
2610,華航,31,1,30,群益金鼎-台中,2023-05-02,9184
2206,三陽工業,69,40,29,群益金鼎-台中,2023-05-02,9184
1504,東元,56,29,27,群益金鼎-台中,2023-05-02,9184
3363,上詮,45,18,27,群益金鼎-台中,2023-05-02,9184
2327,國巨,26,2,24,群益金鼎-台中,2023-05-02,9184
3712,永崴投控,33,11,22,群益金鼎-台中,2023-05-02,9184
1513,中興電,47,25,22,群益金鼎-台中,2023-05-02,9184
4909,新復興,20,0,20,群益金鼎-台中,2023-05-02,9184
00642U,期元大S＆P石油,17,0,17,群益金鼎-台中,2023-05-02,9184
8033,雷虎,17,0,17,群益金鼎-台中,2023-05-02,9184
2609,陽明,22,6,16,群益金鼎-台中,2023-05-02,9184
3704,合勤控,16,0,16,群益金鼎-台中,2023-05-02,9184
2618,長榮航,16,0,16,群益金鼎-台中,2023-05-02,9184
6234,高僑,49,34,15,群益金鼎-台中,2023-05-02,9184
4161,聿新科,15,0,15,群益金鼎-台中,2023-05-02,9184
8222,寶一,36,21,15,群益金鼎-台中,2023-05-02,9184
2603,長榮,25,11,14,群益金鼎-台中,2023-05-02,9184
6829,千附精密,21,8,13,群益金鼎-台中,2023-05-02,9184
3038,全台,20,7,13,群益金鼎-台中,2023-05-02,9184
4541,晟田,40,28,12,群益金鼎-台中,2023-05-02,9184
2331,精英,14,3,11,群益金鼎-台中,2023-05-02,9184
00712,復華富時不動產,11,0,11,群益金鼎-台中,2023-05-02,9184
2482,連宇,34,23,11,群益金鼎-台中,2023-05-02,9184
6111,大宇資,20,9,11,群益金鼎-台中,2023-05-02,9184
1310,台苯,11,0,11,群益金鼎-台中,2023-05-02,9184
00680L,元大美債20正2,10,0,10,群益金鼎-台中,2023-05-02,9184
00669R,國泰美國道瓊反1,10,0,10,群益金鼎-台中,2023-05-02,9184
00671R,富邦NASDAQ反1,10,0,10,群益金鼎-台中,2023-05-02,9184
6417,韋僑,12,2,10,群益金鼎-台中,2023-05-02,9184
1789,神隆,10,0,10,群益金鼎-台中,2023-05-02,9184
9907,統一實,10,1,9,群益金鼎-台中,2023-05-02,9184
1701,中化,23,14,9,群益金鼎-台中,2023-05-02,9184
3029,零壹,98,89,9,群益金鼎-台中,2023-05-02,9184
1529,樂事綠能,12,4,8,群益金鼎-台中,2023-05-02,9184
3362,先進光,19,12,7,群益金鼎-台中,2023-05-02,9184
8121,越峰,8,1,7,群益金鼎-台中,2023-05-02,9184
4121,優盛,23,16,7,群益金鼎-台中,2023-05-02,9184
3078,僑威,26,19,7,群益金鼎-台中,2023-05-02,9184
6244,茂迪,20,14,6,群益金鼎-台中,2023-05-02,9184
3715,定穎投控,9,3,6,群益金鼎-台中,2023-05-02,9184
00715L,期街口布蘭特正2,504,0,504,群益金鼎-台中,2023-05-03,9184
00712,復華富時不動產,146,0,146,群益金鼎-台中,2023-05-03,9184
00632R,元大台灣50反1,100,20,80,群益金鼎-台中,2023-05-03,9184
00893,國泰智能電動車,48,1,47,群益金鼎-台中,2023-05-03,9184
00752,中信中國50,45,0,45,群益金鼎-台中,2023-05-03,9184
00919,群益台灣精選高息,43,0,43,群益金鼎-台中,2023-05-03,9184
3481,群創,42,0,42,群益金鼎-台中,2023-05-03,9184
1722,台肥,41,1,40,群益金鼎-台中,2023-05-03,9184
00885,富邦越南,38,0,38,群益金鼎-台中,2023-05-03,9184
3704,合勤控,37,0,37,群益金鼎-台中,2023-05-03,9184
2610,華航,44,7,37,群益金鼎-台中,2023-05-03,9184
1102,亞泥,40,5,35,群益金鼎-台中,2023-05-03,9184
1514,亞力,45,12,33,群益金鼎-台中,2023-05-03,9184
3029,零壹,42,9,33,群益金鼎-台中,2023-05-03,9184
00714,群益道瓊美國地產,27,3,24,群益金鼎-台中,2023-05-03,9184
4746,台耀,41,19,22,群益金鼎-台中,2023-05-03,9184
00772B,中信高評級公司債,23,2,21,群益金鼎-台中,2023-05-03,9184
1234,黑松,19,0,19,群益金鼎-台中,2023-05-03,9184
2603,長榮,35,18,17,群益金鼎-台中,2023-05-03,9184
00878,國泰永續高股息,26,10,16,群益金鼎-台中,2023-05-03,9184
5498,凱崴,15,0,15,群益金鼎-台中,2023-05-03,9184
1907,永豐餘,31,16,15,群益金鼎-台中,2023-05-03,9184
5009,榮剛,22,7,15,群益金鼎-台中,2023-05-03,9184
00773B,中信優先金融債,14,0,14,群益金鼎-台中,2023-05-03,9184
2327,國巨,14,0,14,群益金鼎-台中,2023-05-03,9184
2002,中鋼,14,1,13,群益金鼎-台中,2023-05-03,9184
2495,普安,14,1,13,群益金鼎-台中,2023-05-03,9184
00922,國泰台灣領袖50,13,0,13,群益金鼎-台中,2023-05-03,9184
2206,三陽工業,32,20,12,群益金鼎-台中,2023-05-03,9184
1101,台泥,13,2,11,群益金鼎-台中,2023-05-03,9184
2609,陽明,14,3,11,群益金鼎-台中,2023-05-03,9184
2913,農林,48,37,11,群益金鼎-台中,2023-05-03,9184
6244,茂迪,18,8,10,群益金鼎-台中,2023-05-03,9184
00751B,元大AAA至A公司債,20,10,10,群益金鼎-台中,2023-05-03,9184
1504,東元,17,7,10,群益金鼎-台中,2023-05-03,9184
6285,啟��,11,1,10,群益金鼎-台中,2023-05-03,9184
1905,華紙,70,61,9,群益金鼎-台中,2023-05-03,9184
6290,良維,10,1,9,群益金鼎-台中,2023-05-03,9184
1310,台苯,12,3,9,群益金鼎-台中,2023-05-03,9184
1519,華城,27,19,8,群益金鼎-台中,2023-05-03,9184
2352,佳世達,10,2,8,群益金鼎-台中,2023-05-03,9184
00642U,期元大S＆P石油,8,0,8,群益金鼎-台中,2023-05-03,9184
2605,新興,8,0,8,群益金鼎-台中,2023-05-03,9184
5465,富驊,11,3,8,群益金鼎-台中,2023-05-03,9184
9934,成霖,10,2,8,群益金鼎-台中,2023-05-03,9184
2881,富邦金,7,0,7,群益金鼎-台中,2023-05-03,9184
6148,驊宏資,53,46,7,群益金鼎-台中,2023-05-03,9184
3231,緯創,14,7,7,群益金鼎-台中,2023-05-03,9184
00900,富邦特選高股息30,9,2,7,群益金鼎-台中,2023-05-03,9184
6167,久正,39,32,7,群益金鼎-台中,2023-05-03,9184
3024,憶聲,586,0,586,群益金鼎-台中,2023-05-04,9184
00715L,期街口布蘭特正2,167,52,115,群益金鼎-台中,2023-05-04,9184
00712,復華富時不動產,93,0,93,群益金鼎-台中,2023-05-04,9184
1722,台肥,65,0,65,群益金鼎-台中,2023-05-04,9184
2022,聚亨,56,0,56,群益金鼎-台中,2023-05-04,9184
8085,福華,57,16,41,群益金鼎-台中,2023-05-04,9184
00878,國泰永續高股息,37,4,33,群益金鼎-台中,2023-05-04,9184
3715,定穎投控,88,64,24,群益金鼎-台中,2023-05-04,9184
1307,三芳,22,0,22,群益金鼎-台中,2023-05-04,9184
6169,昱泉,21,0,21,群益金鼎-台中,2023-05-04,9184
3362,先進光,21,0,21,群益金鼎-台中,2023-05-04,9184
00642U,期元大S＆P石油,21,0,21,群益金鼎-台中,2023-05-04,9184
00679B,元大美債20年,20,1,19,群益金鼎-台中,2023-05-04,9184
2409,友達,19,0,19,群益金鼎-台中,2023-05-04,9184
2206,三陽工業,51,33,18,群益金鼎-台中,2023-05-04,9184
00751B,元大AAA至A公司債,18,0,18,群益金鼎-台中,2023-05-04,9184
00714,群益道瓊美國地產,18,1,17,群益金鼎-台中,2023-05-04,9184
1514,亞力,26,10,16,群益金鼎-台中,2023-05-04,9184
2609,陽明,20,5,15,群益金鼎-台中,2023-05-04,9184
5355,佳總,15,0,15,群益金鼎-台中,2023-05-04,9184
4121,優盛,24,9,15,群益金鼎-台中,2023-05-04,9184
6005,群益證,14,0,14,群益金鼎-台中,2023-05-04,9184
1529,樂事綠能,14,0,14,群益金鼎-台中,2023-05-04,9184
00919,群益台灣精選高息,13,0,13,群益金鼎-台中,2023-05-04,9184
8358,金居,12,0,12,群益金鼎-台中,2023-05-04,9184
4916,事欣科,13,1,12,群益金鼎-台中,2023-05-04,9184
4541,晟田,30,19,11,群益金鼎-台中,2023-05-04,9184
6163,華電網,11,0,11,群益金鼎-台中,2023-05-04,9184
2913,農林,13,2,11,群益金鼎-台中,2023-05-04,9184
4934,太極,10,0,10,群益金鼎-台中,2023-05-04,9184
5475,德宏,10,0,10,群益金鼎-台中,2023-05-04,9184
4566,時碩工業,14,4,10,群益金鼎-台中,2023-05-04,9184
8112,至上,10,0,10,群益金鼎-台中,2023-05-04,9184
2368,金像電,11,2,9,群益金鼎-台中,2023-05-04,9184
3011,今皓,11,2,9,群益金鼎-台中,2023-05-04,9184
3236,千如,10,1,9,群益金鼎-台中,2023-05-04,9184
4931,新盛力,8,0,8,群益金鼎-台中,2023-05-04,9184
4111,濟生,8,0,8,群益金鼎-台中,2023-05-04,9184
00631L,元大台灣50正2,8,0,8,群益金鼎-台中,2023-05-04,9184
6111,大宇資,50,42,8,群益金鼎-台中,2023-05-04,9184
1503,士電,24,16,8,群益金鼎-台中,2023-05-04,9184
2603,長榮,16,9,7,群益金鼎-台中,2023-05-04,9184
2344,華邦電,7,0,7,群益金鼎-台中,2023-05-04,9184
1786,科妍,7,0,7,群益金鼎-台中,2023-05-04,9184
4919,新唐,7,0,7,群益金鼎-台中,2023-05-04,9184
6160,欣技,42,35,7,群益金鼎-台中,2023-05-04,9184
6148,驊宏資,141,134,7,群益金鼎-台中,2023-05-04,9184
4746,台耀,12,5,7,群益金鼎-台中,2023-05-04,9184
2356,英業達,7,0,7,群益金鼎-台中,2023-05-04,9184
3032,偉訓,8,1,7,群益金鼎-台中,2023-05-04,9184
3024,憶聲,256,2,254,群益金鼎-台中,2023-05-05,9184
00715L,期街口布蘭特正2,215,2,213,群益金鼎-台中,2023-05-05,9184
00878,國泰永續高股息,54,1,53,群益金鼎-台中,2023-05-05,9184
2880,華南金,50,0,50,群益金鼎-台中,2023-05-05,9184
00720B,元大投資級公司債,47,0,47,群益金鼎-台中,2023-05-05,9184
3029,零壹,54,8,46,群益金鼎-台中,2023-05-05,9184
1609,大亞,143,101,42,群益金鼎-台中,2023-05-05,9184
00751B,元大AAA至A公司債,36,0,36,群益金鼎-台中,2023-05-05,9184
6573,虹揚-KY,32,0,32,群益金鼎-台中,2023-05-05,9184
00687B,國泰20年美債,52,21,31,群益金鼎-台中,2023-05-05,9184
2347,聯強,30,0,30,群益金鼎-台中,2023-05-05,9184
1102,亞泥,36,6,30,群益金鼎-台中,2023-05-05,9184
2542,興富發,30,0,30,群益金鼎-台中,2023-05-05,9184
00712,復華富時不動產,28,0,28,群益金鼎-台中,2023-05-05,9184
6127,九豪,45,22,23,群益金鼎-台中,2023-05-05,9184
8930,青鋼,25,2,23,群益金鼎-台中,2023-05-05,9184
1605,華新,28,7,21,群益金鼎-台中,2023-05-05,9184
9921,巨大,21,0,21,群益金鼎-台中,2023-05-05,9184
3287,廣寰科,20,1,19,群益金鼎-台中,2023-05-05,9184
4744,皇將,40,23,17,群益金鼎-台中,2023-05-05,9184
00919,群益台灣精選高息,17,0,17,群益金鼎-台中,2023-05-05,9184
5356,協益,44,27,17,群益金鼎-台中,2023-05-05,9184
1907,永豐餘,16,0,16,群益金鼎-台中,2023-05-05,9184
9955,佳龍,29,13,16,群益金鼎-台中,2023-05-05,9184
6244,茂迪,29,13,16,群益金鼎-台中,2023-05-05,9184
1789,神隆,15,0,15,群益金鼎-台中,2023-05-05,9184
1708,東鹼,15,1,14,群益金鼎-台中,2023-05-05,9184
00632R,元大台灣50反1,24,10,14,群益金鼎-台中,2023-05-05,9184
00679B,元大美債20年,14,0,14,群益金鼎-台中,2023-05-05,9184
6282,康舒,20,7,13,群益金鼎-台中,2023-05-05,9184
2408,南亞科,15,2,13,群益金鼎-台中,2023-05-05,9184
6129,普誠,13,0,13,群益金鼎-台中,2023-05-05,9184
6218,豪勉,32,20,12,群益金鼎-台中,2023-05-05,9184
4747,強生,16,4,12,群益金鼎-台中,2023-05-05,9184
2617,台航,12,0,12,群益金鼎-台中,2023-05-05,9184
3338,泰碩,25,14,11,群益金鼎-台中,2023-05-05,9184
00642U,期元大S＆P石油,11,0,11,群益金鼎-台中,2023-05-05,9184
4977,眾達-KY,12,1,11,群益金鼎-台中,2023-05-05,9184
2615,萬海,29,19,10,群益金鼎-台中,2023-05-05,9184
2458,義隆,10,0,10,群益金鼎-台中,2023-05-05,9184
8033,雷虎,10,0,10,群益金鼎-台中,2023-05-05,9184
00773B,中信優先金融債,10,0,10,群益金鼎-台中,2023-05-05,9184
2308,台達電,10,0,10,群益金鼎-台中,2023-05-05,9184
6443,元晶,30,21,9,群益金鼎-台中,2023-05-05,9184
6191,精成科,24,15,9,群益金鼎-台中,2023-05-05,9184
3078,僑威,8,0,8,群益金鼎-台中,2023-05-05,9184
3714,富采,8,0,8,群益金鼎-台中,2023-05-05,9184
5511,德昌,8,0,8,群益金鼎-台中,2023-05-05,9184
2457,飛宏,38,30,8,群益金鼎-台中,2023-05-05,9184
6245,立端,15,7,8,群益金鼎-台中,2023-05-05,9184
00885,富邦越南,154,0,154,群益金鼎-台中,2023-05-08,9184
00751B,元大AAA至A公司債,88,0,88,群益金鼎-台中,2023-05-08,9184
00715L,期街口布蘭特正2,89,18,71,群益金鼎-台中,2023-05-08,9184
00632R,元大台灣50反1,74,4,70,群益金鼎-台中,2023-05-08,9184
3029,零壹,65,17,48,群益金鼎-台中,2023-05-08,9184
1605,華新,144,100,44,群益金鼎-台中,2023-05-08,9184
00772B,中信高評級公司債,43,0,43,群益金鼎-台中,2023-05-08,9184
020027,元大上櫃ESG成長N,40,0,40,群益金鼎-台中,2023-05-08,9184
00720B,元大投資級公司債,34,1,33,群益金鼎-台中,2023-05-08,9184
3024,憶聲,30,0,30,群益金鼎-台中,2023-05-08,9184
1708,東鹼,74,45,29,群益金鼎-台中,2023-05-08,9184
1514,亞力,49,22,27,群益金鼎-台中,2023-05-08,9184
2453,凌群,29,6,23,群益金鼎-台中,2023-05-08,9184
00687B,國泰20年美債,27,5,22,群益金鼎-台中,2023-05-08,9184
6248,沛波,23,2,21,群益金鼎-台中,2023-05-08,9184
1215,卜蜂,20,0,20,群益金鼎-台中,2023-05-08,9184
6116,彩晶,20,0,20,群益金鼎-台中,2023-05-08,9184
2492,華新科,29,11,18,群益金鼎-台中,2023-05-08,9184
2883,凱基金,33,16,17,群益金鼎-台中,2023-05-08,9184
2495,普安,16,0,16,群益金鼎-台中,2023-05-08,9184
2359,所羅門,40,24,16,群益金鼎-台中,2023-05-08,9184
2421,建準,99,83,16,群益金鼎-台中,2023-05-08,9184
6243,迅杰,13,0,13,群益金鼎-台中,2023-05-08,9184
8215,明基材,12,0,12,群益金鼎-台中,2023-05-08,9184
1701,中化,11,0,11,群益金鼎-台中,2023-05-08,9184
00685L,群益臺灣加權正2,11,0,11,群益金鼎-台中,2023-05-08,9184
6550,北極星藥業-KY,11,1,10,群益金鼎-台中,2023-05-08,9184
1513,中興電,27,17,10,群益金鼎-台中,2023-05-08,9184
9103,美德醫療-DR,10,0,10,群益金鼎-台中,2023-05-08,9184
00679B,元大美債20年,12,2,10,群益金鼎-台中,2023-05-08,9184
3481,群創,10,0,10,群益金鼎-台中,2023-05-08,9184
6173,信昌電,15,5,10,群益金鼎-台中,2023-05-08,9184
3071,協禧,12,3,9,群益金鼎-台中,2023-05-08,9184
3323,加百裕,9,0,9,群益金鼎-台中,2023-05-08,9184
3041,揚智,8,0,8,群益金鼎-台中,2023-05-08,9184
2609,陽明,13,5,8,群益金鼎-台中,2023-05-08,9184
2489,瑞軒,10,2,8,群益金鼎-台中,2023-05-08,9184
2022,聚亨,10,2,8,群益金鼎-台中,2023-05-08,9184
2358,廷鑫,8,0,8,群益金鼎-台中,2023-05-08,9184
1101,台泥,10,3,7,群益金鼎-台中,2023-05-08,9184
3714,富采,11,4,7,群益金鼎-台中,2023-05-08,9184
3363,上詮,13,6,7,群益金鼎-台中,2023-05-08,9184
1789,神隆,12,5,7,群益金鼎-台中,2023-05-08,9184
2739,寒舍,7,0,7,群益金鼎-台中,2023-05-08,9184
1319,東陽,12,5,7,群益金鼎-台中,2023-05-08,9184
8390,金益鼎,9,3,6,群益金鼎-台中,2023-05-08,9184
2457,飛宏,24,18,6,群益金鼎-台中,2023-05-08,9184
6234,高僑,7,1,6,群益金鼎-台中,2023-05-08,9184
3049,精金,6,0,6,群益金鼎-台中,2023-05-08,9184
3454,晶睿,6,0,6,群益金鼎-台中,2023-05-08,9184
00772B,中信高評級公司債,125,0,125,群益金鼎-台中,2023-05-09,9184
1905,華紙,159,53,106,群益金鼎-台中,2023-05-09,9184
00665L,富邦�琤肭磪囓�2,125,20,105,群益金鼎-台中,2023-05-09,9184
3029,零壹,75,4,71,群益金鼎-台中,2023-05-09,9184
00720B,元大投資級公司債,59,0,59,群益金鼎-台中,2023-05-09,9184
00680L,元大美債20正2,45,0,45,群益金鼎-台中,2023-05-09,9184
00751B,元大AAA至A公司債,57,19,38,群益金鼎-台中,2023-05-09,9184
00679B,元大美債20年,36,2,34,群益金鼎-台中,2023-05-09,9184
1810,和成,40,7,33,群益金鼎-台中,2023-05-09,9184
00878,國泰永續高股息,30,1,29,群益金鼎-台中,2023-05-09,9184
1215,卜蜂,33,5,28,群益金鼎-台中,2023-05-09,9184
2314,台揚,31,3,28,群益金鼎-台中,2023-05-09,9184
4931,新盛力,29,6,23,群益金鼎-台中,2023-05-09,9184
1513,中興電,46,24,22,群益金鼎-台中,2023-05-09,9184
4979,華星光,22,1,21,群益金鼎-台中,2023-05-09,9184
2022,聚亨,20,0,20,群益金鼎-台中,2023-05-09,9184
2206,三陽工業,24,6,18,群益金鼎-台中,2023-05-09,9184
2371,大同,18,0,18,群益金鼎-台中,2023-05-09,9184
3037,欣興,21,4,17,群益金鼎-台中,2023-05-09,9184
3541,西柏,17,0,17,群益金鼎-台中,2023-05-09,9184
00919,群益台灣精選高息,17,1,16,群益金鼎-台中,2023-05-09,9184
2211,長榮鋼,15,0,15,群益金鼎-台中,2023-05-09,9184
2353,宏��,19,4,15,群益金鼎-台中,2023-05-09,9184
8422,可寧衛,15,0,15,群益金鼎-台中,2023-05-09,9184
2471,資通,14,0,14,群益金鼎-台中,2023-05-09,9184
3078,僑威,13,0,13,群益金鼎-台中,2023-05-09,9184
4744,皇將,50,37,13,群益金鼎-台中,2023-05-09,9184
4919,新唐,14,1,13,群益金鼎-台中,2023-05-09,9184
1609,大亞,40,28,12,群益金鼎-台中,2023-05-09,9184
3006,晶豪科,18,6,12,群益金鼎-台中,2023-05-09,9184
3664,安瑞-KY,13,1,12,群益金鼎-台中,2023-05-09,9184
2913,農林,22,10,12,群益金鼎-台中,2023-05-09,9184
4934,太極,12,0,12,群益金鼎-台中,2023-05-09,9184
1314,中石化,16,5,11,群益金鼎-台中,2023-05-09,9184
6218,豪勉,11,0,11,群益金鼎-台中,2023-05-09,9184
1722,台肥,14,3,11,群益金鼎-台中,2023-05-09,9184
2618,長榮航,11,0,11,群益金鼎-台中,2023-05-09,9184
9103,美德醫療-DR,10,0,10,群益金鼎-台中,2023-05-09,9184
3062,建漢,10,0,10,群益金鼎-台中,2023-05-09,9184
00687B,國泰20年美債,10,0,10,群益金鼎-台中,2023-05-09,9184
3652,精聯,10,0,10,群益金鼎-台中,2023-05-09,9184
3624,光頡,12,3,9,群益金鼎-台中,2023-05-09,9184
2480,敦陽科,10,1,9,群益金鼎-台中,2023-05-09,9184
2748,雲品,10,1,9,群益金鼎-台中,2023-05-09,9184
2421,建準,95,86,9,群益金鼎-台中,2023-05-09,9184
3041,揚智,8,0,8,群益金鼎-台中,2023-05-09,9184
9933,中鼎,8,0,8,群益金鼎-台中,2023-05-09,9184
1515,力山,8,0,8,群益金鼎-台中,2023-05-09,9184
1504,東元,31,24,7,群益金鼎-台中,2023-05-09,9184
3380,明泰,7,0,7,群益金鼎-台中,2023-05-09,9184
00665L,富邦�琤肭磪囓�2,183,0,183,群益金鼎-台中,2023-05-10,9184
00687B,國泰20年美債,167,0,167,群益金鼎-台中,2023-05-10,9184
2883,凱基金,100,10,90,群益金鼎-台中,2023-05-10,9184
2618,長榮航,105,30,75,群益金鼎-台中,2023-05-10,9184
1907,永豐餘,69,1,68,群益金鼎-台中,2023-05-10,9184
4729,熒茂,55,16,39,群益金鼎-台中,2023-05-10,9184
00881,國泰台灣5G+,37,0,37,群益金鼎-台中,2023-05-10,9184
3664,安瑞-KY,34,0,34,群益金鼎-台中,2023-05-10,9184
3231,緯創,36,8,28,群益金鼎-台中,2023-05-10,9184
1609,大亞,65,37,28,群益金鼎-台中,2023-05-10,9184
00637L,元大滬深300正2,23,0,23,群益金鼎-台中,2023-05-10,9184
00922,國泰台灣領袖50,23,0,23,群益金鼎-台中,2023-05-10,9184
1722,台肥,37,15,22,群益金鼎-台中,2023-05-10,9184
00923,群益台ESG低碳50,20,0,20,群益金鼎-台中,2023-05-10,9184
1215,卜蜂,21,2,19,群益金鼎-台中,2023-05-10,9184
6244,茂迪,25,8,17,群益金鼎-台中,2023-05-10,9184
00761B,國泰A級公司債,20,5,15,群益金鼎-台中,2023-05-10,9184
2387,精元,14,0,14,群益金鼎-台中,2023-05-10,9184
2356,英業達,14,0,14,群益金鼎-台中,2023-05-10,9184
3443,創意,21,8,13,群益金鼎-台中,2023-05-10,9184
3024,憶聲,12,0,12,群益金鼎-台中,2023-05-10,9184
912000,晨訊科-DR,12,0,12,群益金鼎-台中,2023-05-10,9184
4743,合一,11,0,11,群益金鼎-台中,2023-05-10,9184
6570,維田,44,33,11,群益金鼎-台中,2023-05-10,9184
6142,友勁,10,0,10,群益金鼎-台中,2023-05-10,9184
00642U,期元大S＆P石油,11,1,10,群益金鼎-台中,2023-05-10,9184
00725B,國泰投資級公司債,20,10,10,群益金鼎-台中,2023-05-10,9184
2882,國泰金,10,0,10,群益金鼎-台中,2023-05-10,9184
6719,力智,13,3,10,群益金鼎-台中,2023-05-10,9184
9955,佳龍,12,3,9,群益金鼎-台中,2023-05-10,9184
4503,金雨,41,32,9,群益金鼎-台中,2023-05-10,9184
9933,中鼎,8,0,8,群益金鼎-台中,2023-05-10,9184
2409,友達,8,0,8,群益金鼎-台中,2023-05-10,9184
8097,常珵,24,16,8,群益金鼎-台中,2023-05-10,9184
3224,三顧,9,1,8,群益金鼎-台中,2023-05-10,9184
3576,聯合再生,8,0,8,群益金鼎-台中,2023-05-10,9184
3046,建��,30,22,8,群益金鼎-台中,2023-05-10,9184
00650L,復華香港正2,8,0,8,群益金鼎-台中,2023-05-10,9184
00752,中信中國50,8,0,8,群益金鼎-台中,2023-05-10,9184
6235,華孚,18,10,8,群益金鼎-台中,2023-05-10,9184
2812,台中銀,7,0,7,群益金鼎-台中,2023-05-10,9184
3058,立德,9,2,7,群益金鼎-台中,2023-05-10,9184
3673,TPK-KY,7,0,7,群益金鼎-台中,2023-05-10,9184
4161,聿新科,11,4,7,群益金鼎-台中,2023-05-10,9184
4109,加捷生醫,7,0,7,群益金鼎-台中,2023-05-10,9184
3362,先進光,7,0,7,群益金鼎-台中,2023-05-10,9184
1218,泰山,7,0,7,群益金鼎-台中,2023-05-10,9184
8940,新天地,7,0,7,群益金鼎-台中,2023-05-10,9184
4114,健喬,6,0,6,群益金鼎-台中,2023-05-10,9184
4977,眾達-KY,11,5,6,群益金鼎-台中,2023-05-10,9184
1722,台肥,183,0,183,群益金鼎-台中,2023-05-11,9184
3024,憶聲,167,1,166,群益金鼎-台中,2023-05-11,9184
00715L,期街口布蘭特正2,91,8,83,群益金鼎-台中,2023-05-11,9184
020027,元大上櫃ESG成長N,120,40,80,群益金鼎-台中,2023-05-11,9184
2618,長榮航,64,18,46,群益金鼎-台中,2023-05-11,9184
4958,臻鼎-KY,45,2,43,群益金鼎-台中,2023-05-11,9184
00882,中信中國高股息,41,0,41,群益金鼎-台中,2023-05-11,9184
2610,華航,37,2,35,群益金鼎-台中,2023-05-11,9184
8478,東哥遊艇,45,10,35,群益金鼎-台中,2023-05-11,9184
2883,凱基金,33,2,31,群益金鼎-台中,2023-05-11,9184
4102,永日,30,0,30,群益金鼎-台中,2023-05-11,9184
9907,統一實,27,0,27,群益金鼎-台中,2023-05-11,9184
00919,群益台灣精選高息,48,24,24,群益金鼎-台中,2023-05-11,9184
1584,精剛,24,0,24,群益金鼎-台中,2023-05-11,9184
2630,亞航,44,21,23,群益金鼎-台中,2023-05-11,9184
2880,華南金,25,2,23,群益金鼎-台中,2023-05-11,9184
3034,聯詠,27,5,22,群益金鼎-台中,2023-05-11,9184
4121,優盛,22,0,22,群益金鼎-台中,2023-05-11,9184
1609,大亞,32,11,21,群益金鼎-台中,2023-05-11,9184
2201,裕隆,20,0,20,群益金鼎-台中,2023-05-11,9184
00632R,元大台灣50反1,110,90,20,群益金鼎-台中,2023-05-11,9184
3029,零壹,21,2,19,群益金鼎-台中,2023-05-11,9184
3481,群創,22,3,19,群益金鼎-台中,2023-05-11,9184
2739,寒舍,19,0,19,群益金鼎-台中,2023-05-11,9184
2314,台揚,19,0,19,群益金鼎-台中,2023-05-11,9184
6126,信音,19,0,19,群益金鼎-台中,2023-05-11,9184
2206,三陽工業,36,18,18,群益金鼎-台中,2023-05-11,9184
2615,萬海,22,5,17,群益金鼎-台中,2023-05-11,9184
5222,全訊,15,0,15,群益金鼎-台中,2023-05-11,9184
00912,中信臺灣智慧50,15,0,15,群益金鼎-台中,2023-05-11,9184
00888,永豐台灣ESG,16,1,15,群益金鼎-台中,2023-05-11,9184
2312,金寶,13,0,13,群益金鼎-台中,2023-05-11,9184
00900,富邦特選高股息30,14,1,13,群益金鼎-台中,2023-05-11,9184
3441,聯一光,14,1,13,群益金鼎-台中,2023-05-11,9184
6244,茂迪,15,3,12,群益金鼎-台中,2023-05-11,9184
3058,立德,12,0,12,群益金鼎-台中,2023-05-11,9184
2030,彰源,13,1,12,群益金鼎-台中,2023-05-11,9184
3011,今皓,12,0,12,群益金鼎-台中,2023-05-11,9184
6285,啟��,20,9,11,群益金鼎-台中,2023-05-11,9184
6167,久正,23,12,11,群益金鼎-台中,2023-05-11,9184
6443,元晶,13,2,11,群益金鼎-台中,2023-05-11,9184
00637L,元大滬深300正2,11,0,11,群益金鼎-台中,2023-05-11,9184
1102,亞泥,10,0,10,群益金鼎-台中,2023-05-11,9184
1314,中石化,10,0,10,群益金鼎-台中,2023-05-11,9184
1762,中化生,16,6,10,群益金鼎-台中,2023-05-11,9184
9103,美德醫療-DR,10,0,10,群益金鼎-台中,2023-05-11,9184
3230,錦明,10,0,10,群益金鼎-台中,2023-05-11,9184
6547,高端疫苗,10,0,10,群益金鼎-台中,2023-05-11,9184
2104,國際中橡,10,0,10,群益金鼎-台中,2023-05-11,9184
00679B,元大美債20年,10,0,10,群益金鼎-台中,2023-05-11,9184
00715L,期街口布蘭特正2,87,11,76,群益金鼎-台中,2023-05-12,9184
2317,鴻海,78,11,67,群益金鼎-台中,2023-05-12,9184
2883,凱基金,63,1,62,群益金鼎-台中,2023-05-12,9184
1905,華紙,63,4,59,群益金鼎-台中,2023-05-12,9184
00882,中信中國高股息,59,3,56,群益金鼎-台中,2023-05-12,9184
1108,幸福,47,2,45,群益金鼎-台中,2023-05-12,9184
9907,統一實,48,3,45,群益金鼎-台中,2023-05-12,9184
00687B,國泰20年美債,40,1,39,群益金鼎-台中,2023-05-12,9184
3024,憶聲,35,0,35,群益金鼎-台中,2023-05-12,9184
00919,群益台灣精選高息,35,0,35,群益金鼎-台中,2023-05-12,9184
00878,國泰永續高股息,36,11,25,群益金鼎-台中,2023-05-12,9184
9914,美利達,20,0,20,群益金鼎-台中,2023-05-12,9184
2323,中環,20,0,20,群益金鼎-台中,2023-05-12,9184
2888,新光金,17,0,17,群益金鼎-台中,2023-05-12,9184
6112,邁達特,50,33,17,群益金鼎-台中,2023-05-12,9184
2880,華南金,16,0,16,群益金鼎-台中,2023-05-12,9184
00637L,元大滬深300正2,21,5,16,群益金鼎-台中,2023-05-12,9184
00908,富邦入息REITs+,14,0,14,群益金鼎-台中,2023-05-12,9184
1101,台泥,14,1,13,群益金鼎-台中,2023-05-12,9184
4147,中裕,25,12,13,群益金鼎-台中,2023-05-12,9184
2615,萬海,16,3,13,群益金鼎-台中,2023-05-12,9184
2464,盟立,13,0,13,群益金鼎-台中,2023-05-12,9184
5469,瀚宇博,12,0,12,群益金鼎-台中,2023-05-12,9184
5371,中光電,11,0,11,群益金鼎-台中,2023-05-12,9184
4934,太極,12,1,11,群益金鼎-台中,2023-05-12,9184
2610,華航,11,1,10,群益金鼎-台中,2023-05-12,9184
2390,云辰,10,0,10,群益金鼎-台中,2023-05-12,9184
00680L,元大美債20正2,10,0,10,群益金鼎-台中,2023-05-12,9184
2337,旺宏,10,0,10,群益金鼎-台中,2023-05-12,9184
2014,中鴻,10,0,10,群益金鼎-台中,2023-05-12,9184
0056,元大高股息,9,0,9,群益金鼎-台中,2023-05-12,9184
4503,金雨,35,26,9,群益金鼎-台中,2023-05-12,9184
1580,新麥,10,1,9,群益金鼎-台中,2023-05-12,9184
4916,事欣科,9,0,9,群益金鼎-台中,2023-05-12,9184
00712,復華富時不動產,8,0,8,群益金鼎-台中,2023-05-12,9184
1608,華榮,8,0,8,群益金鼎-台中,2023-05-12,9184
00642U,期元大S＆P石油,8,0,8,群益金鼎-台中,2023-05-12,9184
4743,合一,9,2,7,群益金鼎-台中,2023-05-12,9184
1736,喬山,7,0,7,群益金鼎-台中,2023-05-12,9184
2025,千興,7,0,7,群益金鼎-台中,2023-05-12,9184
3041,揚智,7,0,7,群益金鼎-台中,2023-05-12,9184
6285,啟��,12,6,6,群益金鼎-台中,2023-05-12,9184
2885,元大金,6,0,6,群益金鼎-台中,2023-05-12,9184
3481,群創,7,1,6,群益金鼎-台中,2023-05-12,9184
1701,中化,6,0,6,群益金鼎-台中,2023-05-12,9184
006205,富邦上証,6,0,6,群益金鼎-台中,2023-05-12,9184
1440,南紡,6,0,6,群益金鼎-台中,2023-05-12,9184
2890,永豐金,6,0,6,群益金鼎-台中,2023-05-12,9184
6244,茂迪,6,0,6,群益金鼎-台中,2023-05-12,9184
1611,中電,6,0,6,群益金鼎-台中,2023-05-12,9184
00878,國泰永續高股息,63,10,53,群益金鼎-台中,2023-05-15,9184
00882,中信中國高股息,42,0,42,群益金鼎-台中,2023-05-15,9184
2618,長榮航,47,7,40,群益金鼎-台中,2023-05-15,9184
2610,華航,36,1,35,群益金鼎-台中,2023-05-15,9184
00637L,元大滬深300正2,34,2,32,群益金鼎-台中,2023-05-15,9184
00715L,期街口布蘭特正2,32,0,32,群益金鼎-台中,2023-05-15,9184
2206,三陽工業,35,5,30,群益金鼎-台中,2023-05-15,9184
3024,憶聲,26,0,26,群益金鼎-台中,2023-05-15,9184
3056,富華新,26,0,26,群益金鼎-台中,2023-05-15,9184
1722,台肥,61,36,25,群益金鼎-台中,2023-05-15,9184
00680L,元大美債20正2,21,0,21,群益金鼎-台中,2023-05-15,9184
00881,國泰台灣5G+,20,0,20,群益金鼎-台中,2023-05-15,9184
1464,得力,20,0,20,群益金鼎-台中,2023-05-15,9184
5324,士開,17,0,17,群益金鼎-台中,2023-05-15,9184
2303,聯電,23,7,16,群益金鼎-台中,2023-05-15,9184
6288,聯嘉,19,4,15,群益金鼎-台中,2023-05-15,9184
6122,擎邦,95,80,15,群益金鼎-台中,2023-05-15,9184
1101,台泥,17,3,14,群益金鼎-台中,2023-05-15,9184
3202,樺晟,21,7,14,群益金鼎-台中,2023-05-15,9184
00642U,期元大S＆P石油,14,0,14,群益金鼎-台中,2023-05-15,9184
2915,潤泰全,14,0,14,群益金鼎-台中,2023-05-15,9184
2464,盟立,13,0,13,群益金鼎-台中,2023-05-15,9184
3231,緯創,43,31,12,群益金鼎-台中,2023-05-15,9184
00772B,中信高評級公司債,12,0,12,群益金鼎-台中,2023-05-15,9184
3264,欣銓,12,0,12,群益金鼎-台中,2023-05-15,9184
2457,飛宏,43,31,12,群益金鼎-台中,2023-05-15,9184
3062,建漢,11,0,11,群益金鼎-台中,2023-05-15,9184
3287,廣寰科,11,0,11,群益金鼎-台中,2023-05-15,9184
2356,英業達,15,4,11,群益金鼎-台中,2023-05-15,9184
2482,連宇,15,5,10,群益金鼎-台中,2023-05-15,9184
3035,智原,16,6,10,群益金鼎-台中,2023-05-15,9184
2888,新光金,10,0,10,群益金鼎-台中,2023-05-15,9184
1504,東元,45,35,10,群益金鼎-台中,2023-05-15,9184
2889,國票金,11,1,10,群益金鼎-台中,2023-05-15,9184
8478,東哥遊艇,13,4,9,群益金鼎-台中,2023-05-15,9184
3661,世芯-KY,16,7,9,群益金鼎-台中,2023-05-15,9184
00919,群益台灣精選高息,20,11,9,群益金鼎-台中,2023-05-15,9184
2421,建準,42,33,9,群益金鼎-台中,2023-05-15,9184
6214,精誠,11,2,9,群益金鼎-台中,2023-05-15,9184
6414,樺漢,10,1,9,群益金鼎-台中,2023-05-15,9184
8183,精星,10,2,8,群益金鼎-台中,2023-05-15,9184
3363,上詮,33,25,8,群益金鼎-台中,2023-05-15,9184
8069,元太,7,0,7,群益金鼎-台中,2023-05-15,9184
2630,亞航,9,2,7,群益金鼎-台中,2023-05-15,9184
8074,鉅橡,7,0,7,群益金鼎-台中,2023-05-15,9184
6806,森崴能源,8,2,6,群益金鼎-台中,2023-05-15,9184
8086,宏捷科,6,0,6,群益金鼎-台中,2023-05-15,9184
2634,漢翔,19,13,6,群益金鼎-台中,2023-05-15,9184
2480,敦陽科,6,0,6,群益金鼎-台中,2023-05-15,9184
6275,元山,6,0,6,群益金鼎-台中,2023-05-15,9184
00632R,元大台灣50反1,327,30,297,群益金鼎-台中,2023-05-16,9184
00637L,元大滬深300正2,130,2,128,群益金鼎-台中,2023-05-16,9184
00878,國泰永續高股息,149,39,110,群益金鼎-台中,2023-05-16,9184
00885,富邦越南,108,0,108,群益金鼎-台中,2023-05-16,9184
00680L,元大美債20正2,93,0,93,群益金鼎-台中,2023-05-16,9184
00687B,國泰20年美債,81,20,61,群益金鼎-台中,2023-05-16,9184
00751B,元大AAA至A公司債,78,25,53,群益金鼎-台中,2023-05-16,9184
00772B,中信高評級公司債,41,0,41,群益金鼎-台中,2023-05-16,9184
2743,山富,45,12,33,群益金鼎-台中,2023-05-16,9184
2449,京元電子,25,0,25,群益金鼎-台中,2023-05-16,9184
2603,長榮,26,3,23,群益金鼎-台中,2023-05-16,9184
4916,事欣科,22,0,22,群益金鼎-台中,2023-05-16,9184
00725B,國泰投資級公司債,21,0,21,群益金鼎-台中,2023-05-16,9184
00761B,國泰A級公司債,21,0,21,群益金鼎-台中,2023-05-16,9184
2402,毅嘉,23,4,19,群益金鼎-台中,2023-05-16,9184
2382,廣達,39,20,19,群益金鼎-台中,2023-05-16,9184
2337,旺宏,17,0,17,群益金鼎-台中,2023-05-16,9184
2317,鴻海,17,1,16,群益金鼎-台中,2023-05-16,9184
2323,中環,21,5,16,群益金鼎-台中,2023-05-16,9184
3011,今皓,16,1,15,群益金鼎-台中,2023-05-16,9184
1907,永豐餘,14,0,14,群益金鼎-台中,2023-05-16,9184
00720B,元大投資級公司債,23,10,13,群益金鼎-台中,2023-05-16,9184
3207,耀勝,16,3,13,群益金鼎-台中,2023-05-16,9184
3037,欣興,30,17,13,群益金鼎-台中,2023-05-16,9184
6806,森崴能源,23,11,12,群益金鼎-台中,2023-05-16,9184
3443,創意,21,10,11,群益金鼎-台中,2023-05-16,9184
6698,旭暉應材,12,1,11,群益金鼎-台中,2023-05-16,9184
6770,力積電,12,1,11,群益金鼎-台中,2023-05-16,9184
2030,彰源,10,0,10,群益金鼎-台中,2023-05-16,9184
00664R,國泰臺灣加權反1,10,0,10,群益金鼎-台中,2023-05-16,9184
00676R,富邦臺灣加權反1,10,0,10,群益金鼎-台中,2023-05-16,9184
2485,兆赫,10,0,10,群益金鼎-台中,2023-05-16,9184
1709,和益,10,0,10,群益金鼎-台中,2023-05-16,9184
5706,鳳凰,45,35,10,群益金鼎-台中,2023-05-16,9184
6288,聯嘉,12,3,9,群益金鼎-台中,2023-05-16,9184
8105,凌巨,9,0,9,群益金鼎-台中,2023-05-16,9184
6005,群益證,19,10,9,群益金鼎-台中,2023-05-16,9184
2615,萬海,12,4,8,群益金鼎-台中,2023-05-16,9184
2313,華通,8,0,8,群益金鼎-台中,2023-05-16,9184
2482,連宇,9,1,8,群益金鼎-台中,2023-05-16,9184
4746,台耀,7,0,7,群益金鼎-台中,2023-05-16,9184
2634,漢翔,8,2,6,群益金鼎-台中,2023-05-16,9184
6165,浪凡,6,0,6,群益金鼎-台中,2023-05-16,9184
2464,盟立,6,0,6,群益金鼎-台中,2023-05-16,9184
00690,兆豐藍籌30,6,0,6,群益金鼎-台中,2023-05-16,9184
3035,智原,8,2,6,群益金鼎-台中,2023-05-16,9184
3048,益登,6,0,6,群益金鼎-台中,2023-05-16,9184
4911,德英,5,0,5,群益金鼎-台中,2023-05-16,9184
4967,十銓,18,13,5,群益金鼎-台中,2023-05-16,9184
2471,資通,5,0,5,群益金鼎-台中,2023-05-16,9184
00632R,元大台灣50反1,488,21,467,群益金鼎-台中,2023-05-17,9184
00878,國泰永續高股息,63,9,54,群益金鼎-台中,2023-05-17,9184
2201,裕隆,62,12,50,群益金鼎-台中,2023-05-17,9184
2618,長榮航,45,10,35,群益金鼎-台中,2023-05-17,9184
00687B,國泰20年美債,81,50,31,群益金鼎-台中,2023-05-17,9184
00664R,國泰臺灣加權反1,25,0,25,群益金鼎-台中,2023-05-17,9184
00679B,元大美債20年,25,0,25,群益金鼎-台中,2023-05-17,9184
00751B,元大AAA至A公司債,43,20,23,群益金鼎-台中,2023-05-17,9184
1101,台泥,24,2,22,群益金鼎-台中,2023-05-17,9184
00636,國泰中國A50,21,0,21,群益金鼎-台中,2023-05-17,9184
00637L,元大滬深300正2,19,0,19,群益金鼎-台中,2023-05-17,9184
3034,聯詠,20,2,18,群益金鼎-台中,2023-05-17,9184
006205,富邦上証,18,0,18,群益金鼎-台中,2023-05-17,9184
1617,榮星,19,1,18,群益金鼎-台中,2023-05-17,9184
00715L,期街口布蘭特正2,28,10,18,群益金鼎-台中,2023-05-17,9184
6160,欣技,67,49,18,群益金鼎-台中,2023-05-17,9184
1609,大亞,46,29,17,群益金鼎-台中,2023-05-17,9184
3380,明泰,20,4,16,群益金鼎-台中,2023-05-17,9184
00908,富邦入息REITs+,14,0,14,群益金鼎-台中,2023-05-17,9184
3078,僑威,21,8,13,群益金鼎-台中,2023-05-17,9184
00720B,元大投資級公司債,47,35,12,群益金鼎-台中,2023-05-17,9184
00714,群益道瓊美國地產,15,3,12,群益金鼎-台中,2023-05-17,9184
4746,台耀,13,1,12,群益金鼎-台中,2023-05-17,9184
00725B,國泰投資級公司債,51,40,11,群益金鼎-台中,2023-05-17,9184
8050,廣積,12,1,11,群益金鼎-台中,2023-05-17,9184
6589,台康生技,25,14,11,群益金鼎-台中,2023-05-17,9184
3024,憶聲,10,0,10,群益金鼎-台中,2023-05-17,9184
6697,東捷資訊,10,0,10,群益金鼎-台中,2023-05-17,9184
00676R,富邦臺灣加權反1,10,0,10,群益金鼎-台中,2023-05-17,9184
00665L,富邦�琤肭磪囓�2,10,0,10,群益金鼎-台中,2023-05-17,9184
00690,兆豐藍籌30,10,0,10,群益金鼎-台中,2023-05-17,9184
4106,雃博,10,0,10,群益金鼎-台中,2023-05-17,9184
00680L,元大美債20正2,9,0,9,群益金鼎-台中,2023-05-17,9184
00712,復華富時不動產,8,0,8,群益金鼎-台中,2023-05-17,9184
00772B,中信高評級公司債,8,0,8,群益金鼎-台中,2023-05-17,9184
1519,華城,17,9,8,群益金鼎-台中,2023-05-17,9184
3017,奇鋐,11,4,7,群益金鼎-台中,2023-05-17,9184
3046,建��,29,22,7,群益金鼎-台中,2023-05-17,9184
3540,曜越,8,1,7,群益金鼎-台中,2023-05-17,9184
2731,雄獅,16,10,6,群益金鼎-台中,2023-05-17,9184
2388,威盛,7,1,6,群益金鼎-台中,2023-05-17,9184
2633,台灣高鐵,7,1,6,群益金鼎-台中,2023-05-17,9184
3362,先進光,8,2,6,群益金鼎-台中,2023-05-17,9184
6133,金橋,6,0,6,群益金鼎-台中,2023-05-17,9184
5351,鈺創,12,6,6,群益金鼎-台中,2023-05-17,9184
2492,華新科,8,2,6,群益金鼎-台中,2023-05-17,9184
6285,啟��,9,3,6,群益金鼎-台中,2023-05-17,9184
3294,英濟,5,0,5,群益金鼎-台中,2023-05-17,9184
5227,立凱-KY,5,0,5,群益金鼎-台中,2023-05-17,9184
5269,祥碩,8,3,5,群益金鼎-台中,2023-05-17,9184
00632R,元大台灣50反1,720,85,635,群益金鼎-台中,2023-05-18,9184
00687B,國泰20年美債,118,20,98,群益金鼎-台中,2023-05-18,9184
2867,三商壽,62,0,62,群益金鼎-台中,2023-05-18,9184
3694,海華,56,2,54,群益金鼎-台中,2023-05-18,9184
2891,中信金,51,9,42,群益金鼎-台中,2023-05-18,9184
1102,亞泥,35,0,35,群益金鼎-台中,2023-05-18,9184
3037,欣興,43,10,33,群益金鼎-台中,2023-05-18,9184
1737,臺鹽,31,0,31,群益金鼎-台中,2023-05-18,9184
5388,中磊,42,11,31,群益金鼎-台中,2023-05-18,9184
3025,星通,42,15,27,群益金鼎-台中,2023-05-18,9184
3264,欣銓,22,0,22,群益金鼎-台中,2023-05-18,9184
3704,合勤控,33,12,21,群益金鼎-台中,2023-05-18,9184
3024,憶聲,22,1,21,群益金鼎-台中,2023-05-18,9184
00680L,元大美債20正2,21,0,21,群益金鼎-台中,2023-05-18,9184
2734,易飛網,20,0,20,群益金鼎-台中,2023-05-18,9184
5425,台半,22,2,20,群益金鼎-台中,2023-05-18,9184
4906,正文,18,2,16,群益金鼎-台中,2023-05-18,9184
3038,全台,20,5,15,群益金鼎-台中,2023-05-18,9184
6218,豪勉,33,18,15,群益金鼎-台中,2023-05-18,9184
00761B,國泰A級公司債,20,5,15,群益金鼎-台中,2023-05-18,9184
00919,群益台灣精選高息,20,6,14,群益金鼎-台中,2023-05-18,9184
2409,友達,14,1,13,群益金鼎-台中,2023-05-18,9184
5222,全訊,13,1,12,群益金鼎-台中,2023-05-18,9184
5351,鈺創,17,5,12,群益金鼎-台中,2023-05-18,9184
00772B,中信高評級公司債,12,0,12,群益金鼎-台中,2023-05-18,9184
6167,久正,12,0,12,群益金鼎-台中,2023-05-18,9184
6285,啟��,15,3,12,群益金鼎-台中,2023-05-18,9184
8222,寶一,44,33,11,群益金鼎-台中,2023-05-18,9184
2206,三陽工業,54,43,11,群益金鼎-台中,2023-05-18,9184
2393,億光,18,7,11,群益金鼎-台中,2023-05-18,9184
00685L,群益臺灣加權正2,11,0,11,群益金鼎-台中,2023-05-18,9184
5353,台林,14,3,11,群益金鼎-台中,2023-05-18,9184
8150,南茂,10,0,10,群益金鼎-台中,2023-05-18,9184
4157,太景*-KY,10,0,10,群益金鼎-台中,2023-05-18,9184
00664R,國泰臺灣加權反1,10,0,10,群益金鼎-台中,2023-05-18,9184
2851,中再保,9,0,9,群益金鼎-台中,2023-05-18,9184
6122,擎邦,22,13,9,群益金鼎-台中,2023-05-18,9184
1234,黑松,9,0,9,群益金鼎-台中,2023-05-18,9184
8076,伍豐,21,12,9,群益金鼎-台中,2023-05-18,9184
00895,富邦未來車,10,1,9,群益金鼎-台中,2023-05-18,9184
3017,奇鋐,21,13,8,群益金鼎-台中,2023-05-18,9184
2615,萬海,8,0,8,群益金鼎-台中,2023-05-18,9184
2515,中工,10,2,8,群益金鼎-台中,2023-05-18,9184
1907,永豐餘,8,0,8,群益金鼎-台中,2023-05-18,9184
2886,兆豐金,8,0,8,群益金鼎-台中,2023-05-18,9184
3022,威強電,18,10,8,群益金鼎-台中,2023-05-18,9184
3056,富華新,9,2,7,群益金鼎-台中,2023-05-18,9184
3416,融程電,7,0,7,群益金鼎-台中,2023-05-18,9184
2634,漢翔,21,14,7,群益金鼎-台中,2023-05-18,9184
2305,全友,6,0,6,群益金鼎-台中,2023-05-18,9184
00632R,元大台灣50反1,387,95,292,群益金鼎-台中,2023-05-19,9184
3029,零壹,183,52,131,群益金鼎-台中,2023-05-19,9184
00665L,富邦�琤肭磪囓�2,60,0,60,群益金鼎-台中,2023-05-19,9184
00752,中信中國50,58,0,58,群益金鼎-台中,2023-05-19,9184
00772B,中信高評級公司債,53,0,53,群益金鼎-台中,2023-05-19,9184
1234,黑松,48,0,48,群益金鼎-台中,2023-05-19,9184
00882,中信中國高股息,42,0,42,群益金鼎-台中,2023-05-19,9184
2442,新美齊,33,0,33,群益金鼎-台中,2023-05-19,9184
00712,復華富時不動產,34,1,33,群益金鼎-台中,2023-05-19,9184
1519,華城,80,50,30,群益金鼎-台中,2023-05-19,9184
1737,臺鹽,29,0,29,群益金鼎-台中,2023-05-19,9184
6235,華孚,81,54,27,群益金鼎-台中,2023-05-19,9184
00690,兆豐藍籌30,26,0,26,群益金鼎-台中,2023-05-19,9184
3024,憶聲,25,0,25,群益金鼎-台中,2023-05-19,9184
2371,大同,31,7,24,群益金鼎-台中,2023-05-19,9184
3058,立德,27,3,24,群益金鼎-台中,2023-05-19,9184
3673,TPK-KY,23,1,22,群益金鼎-台中,2023-05-19,9184
2867,三商壽,30,8,22,群益金鼎-台中,2023-05-19,9184
2480,敦陽科,25,4,21,群益金鼎-台中,2023-05-19,9184
00680L,元大美債20正2,21,0,21,群益金鼎-台中,2023-05-19,9184
4157,太景*-KY,20,0,20,群益金鼎-台中,2023-05-19,9184
1504,東元,63,43,20,群益金鼎-台中,2023-05-19,9184
4931,新盛力,31,12,19,群益金鼎-台中,2023-05-19,9184
3006,晶豪科,21,2,19,群益金鼎-台中,2023-05-19,9184
2377,微星,17,0,17,群益金鼎-台中,2023-05-19,9184
1609,大亞,48,31,17,群益金鼎-台中,2023-05-19,9184
006205,富邦上証,16,0,16,群益金鼎-台中,2023-05-19,9184
6005,群益證,17,1,16,群益金鼎-台中,2023-05-19,9184
2601,益航,15,1,14,群益金鼎-台中,2023-05-19,9184
1605,華新,20,7,13,群益金鼎-台中,2023-05-19,9184
8478,東哥遊艇,28,16,12,群益金鼎-台中,2023-05-19,9184
1618,合機,21,10,11,群益金鼎-台中,2023-05-19,9184
1727,中華化,17,6,11,群益金鼎-台中,2023-05-19,9184
2006,東和鋼鐵,11,0,11,群益金鼎-台中,2023-05-19,9184
00715L,期街口布蘭特正2,12,1,11,群益金鼎-台中,2023-05-19,9184
1904,正隆,10,0,10,群益金鼎-台中,2023-05-19,9184
6517,保勝光學,24,14,10,群益金鼎-台中,2023-05-19,9184
3576,聯合再生,10,0,10,群益金鼎-台中,2023-05-19,9184
3520,華盈,10,0,10,群益金鼎-台中,2023-05-19,9184
2449,京元電子,10,0,10,群益金鼎-台中,2023-05-19,9184
00720B,元大投資級公司債,9,0,9,群益金鼎-台中,2023-05-19,9184
2471,資通,14,5,9,群益金鼎-台中,2023-05-19,9184
3231,緯創,66,57,9,群益金鼎-台中,2023-05-19,9184
9938,百和,8,0,8,群益金鼎-台中,2023-05-19,9184
6761,穩得,8,0,8,群益金鼎-台中,2023-05-19,9184
00912,中信臺灣智慧50,8,0,8,群益金鼎-台中,2023-05-19,9184
6806,森崴能源,7,0,7,群益金鼎-台中,2023-05-19,9184
2453,凌群,10,3,7,群益金鼎-台中,2023-05-19,9184
2351,順德,8,1,7,群益金鼎-台中,2023-05-19,9184
6266,泰詠,12,5,7,群益金鼎-台中,2023-05-19,9184
00715L,期街口布蘭特正2,96,2,94,群益金鼎-台中,2023-05-22,9184
2409,友達,84,0,84,群益金鼎-台中,2023-05-22,9184
8478,東哥遊艇,38,7,31,群益金鼎-台中,2023-05-22,9184
00772B,中信高評級公司債,30,0,30,群益金鼎-台中,2023-05-22,9184
2867,三商壽,25,0,25,群益金鼎-台中,2023-05-22,9184
3037,欣興,33,10,23,群益金鼎-台中,2023-05-22,9184
00637L,元大滬深300正2,32,10,22,群益金鼎-台中,2023-05-22,9184
2303,聯電,23,2,21,群益金鼎-台中,2023-05-22,9184
2601,益航,21,0,21,群益金鼎-台中,2023-05-22,9184
3035,智原,21,3,18,群益金鼎-台中,2023-05-22,9184
2610,華航,42,25,17,群益金鼎-台中,2023-05-22,9184
6288,聯嘉,20,5,15,群益金鼎-台中,2023-05-22,9184
1533,車王電,18,5,13,群益金鼎-台中,2023-05-22,9184
4503,金雨,13,0,13,群益金鼎-台中,2023-05-22,9184
8222,寶一,25,12,13,群益金鼎-台中,2023-05-22,9184
00687B,國泰20年美債,13,0,13,群益金鼎-台中,2023-05-22,9184
3706,神達,24,11,13,群益金鼎-台中,2023-05-22,9184
3032,偉訓,23,10,13,群益金鼎-台中,2023-05-22,9184
2317,鴻海,13,1,12,群益金鼎-台中,2023-05-22,9184
2204,中華,13,1,12,群益金鼎-台中,2023-05-22,9184
2882,國泰金,20,9,11,群益金鼎-台中,2023-05-22,9184
6229,研通,10,0,10,群益金鼎-台中,2023-05-22,9184
00664R,國泰臺灣加權反1,10,0,10,群益金鼎-台中,2023-05-22,9184
2332,友訊,11,1,10,群益金鼎-台中,2023-05-22,9184
6188,廣明,13,3,10,群益金鼎-台中,2023-05-22,9184
2634,漢翔,24,14,10,群益金鼎-台中,2023-05-22,9184
2356,英業達,9,0,9,群益金鼎-台中,2023-05-22,9184
2383,台光電,12,4,8,群益金鼎-台中,2023-05-22,9184
2897,王道銀行,11,3,8,群益金鼎-台中,2023-05-22,9184
2344,華邦電,12,5,7,群益金鼎-台中,2023-05-22,9184
4744,皇將,12,5,7,群益金鼎-台中,2023-05-22,9184
3022,威強電,7,0,7,群益金鼎-台中,2023-05-22,9184
1616,億泰,7,0,7,群益金鼎-台中,2023-05-22,9184
3374,精材,7,0,7,群益金鼎-台中,2023-05-22,9184
00690,兆豐藍籌30,7,0,7,群益金鼎-台中,2023-05-22,9184
3661,世芯-KY,10,3,7,群益金鼎-台中,2023-05-22,9184
1785,光洋科,8,2,6,群益金鼎-台中,2023-05-22,9184
3038,全台,20,14,6,群益金鼎-台中,2023-05-22,9184
3088,艾訊,7,1,6,群益金鼎-台中,2023-05-22,9184
2471,資通,6,0,6,群益金鼎-台中,2023-05-22,9184
6244,茂迪,8,2,6,群益金鼎-台中,2023-05-22,9184
6517,保勝光學,10,5,5,群益金鼎-台中,2023-05-22,9184
00720B,元大投資級公司債,5,0,5,群益金鼎-台中,2023-05-22,9184
2481,強茂,5,0,5,群益金鼎-台中,2023-05-22,9184
5452,佶優,5,0,5,群益金鼎-台中,2023-05-22,9184
1611,中電,5,0,5,群益金鼎-台中,2023-05-22,9184
2442,新美齊,18,13,5,群益金鼎-台中,2023-05-22,9184
5880,合庫金,5,0,5,群益金鼎-台中,2023-05-22,9184
2323,中環,5,0,5,群益金鼎-台中,2023-05-22,9184
00908,富邦入息REITs+,5,0,5,群益金鼎-台中,2023-05-22,9184
00680L,元大美債20正2,121,0,121,群益金鼎-台中,2023-05-23,9184
00725B,國泰投資級公司債,98,0,98,群益金鼎-台中,2023-05-23,9184
00687B,國泰20年美債,83,0,83,群益金鼎-台中,2023-05-23,9184
00885,富邦越南,80,0,80,群益金鼎-台中,2023-05-23,9184
00882,中信中國高股息,70,0,70,群益金鼎-台中,2023-05-23,9184
00761B,國泰A級公司債,47,0,47,群益金鼎-台中,2023-05-23,9184
9105,泰金寶-DR,41,0,41,群益金鼎-台中,2023-05-23,9184
00712,復華富時不動產,40,0,40,群益金鼎-台中,2023-05-23,9184
6164,華興,40,2,38,群益金鼎-台中,2023-05-23,9184
2867,三商壽,36,6,30,群益金鼎-台中,2023-05-23,9184
4979,華星光,28,1,27,群益金鼎-台中,2023-05-23,9184
00632R,元大台灣50反1,31,6,25,群益金鼎-台中,2023-05-23,9184
3259,鑫創,22,0,22,群益金鼎-台中,2023-05-23,9184
8940,新天地,18,0,18,群益金鼎-台中,2023-05-23,9184
6197,佳必琪,46,28,18,群益金鼎-台中,2023-05-23,9184
6278,台表科,20,2,18,群益金鼎-台中,2023-05-23,9184
3591,艾笛森,26,9,17,群益金鼎-台中,2023-05-23,9184
2002,中鋼,16,0,16,群益金鼎-台中,2023-05-23,9184
1905,華紙,44,29,15,群益金鼎-台中,2023-05-23,9184
3661,世芯-KY,24,9,15,群益金鼎-台中,2023-05-23,9184
6235,華孚,30,16,14,群益金鼎-台中,2023-05-23,9184
1584,精剛,14,0,14,群益金鼎-台中,2023-05-23,9184
8076,伍豐,27,13,14,群益金鼎-台中,2023-05-23,9184
00636,國泰中國A50,14,0,14,群益金鼎-台中,2023-05-23,9184
6288,聯嘉,61,47,14,群益金鼎-台中,2023-05-23,9184
00637L,元大滬深300正2,14,2,12,群益金鼎-台中,2023-05-23,9184
00706L,期元大S＆P日圓正2,12,0,12,群益金鼎-台中,2023-05-23,9184
2323,中環,12,0,12,群益金鼎-台中,2023-05-23,9184
2603,長榮,11,0,11,群益金鼎-台中,2023-05-23,9184
1101,台泥,10,0,10,群益金鼎-台中,2023-05-23,9184
00653L,富邦印度正2,10,0,10,群益金鼎-台中,2023-05-23,9184
2616,山隆,10,0,10,群益金鼎-台中,2023-05-23,9184
8935,邦泰,10,0,10,群益金鼎-台中,2023-05-23,9184
2614,東森,10,0,10,群益金鼎-台中,2023-05-23,9184
1504,東元,21,11,10,群益金鼎-台中,2023-05-23,9184
2399,映泰,41,31,10,群益金鼎-台中,2023-05-23,9184
00919,群益台灣精選高息,10,0,10,群益金鼎-台中,2023-05-23,9184
6603,富強鑫,10,0,10,群益金鼎-台中,2023-05-23,9184
8261,富鼎,10,0,10,群益金鼎-台中,2023-05-23,9184
8358,金居,10,0,10,群益金鼎-台中,2023-05-23,9184
00751B,元大AAA至A公司債,9,0,9,群益金鼎-台中,2023-05-23,9184
3540,曜越,22,13,9,群益金鼎-台中,2023-05-23,9184
00772B,中信高評級公司債,9,0,9,群益金鼎-台中,2023-05-23,9184
4746,台耀,16,7,9,群益金鼎-台中,2023-05-23,9184
00679B,元大美債20年,9,0,9,群益金鼎-台中,2023-05-23,9184
0056,元大高股息,10,1,9,群益金鼎-台中,2023-05-23,9184
2606,裕民,8,0,8,群益金鼎-台中,2023-05-23,9184
4931,新盛力,9,1,8,群益金鼎-台中,2023-05-23,9184
00720B,元大投資級公司債,8,0,8,群益金鼎-台中,2023-05-23,9184
3706,神達,13,6,7,群益金鼎-台中,2023-05-23,9184
00919,群益台灣精選高息,80,0,80,群益金鼎-台中,2023-05-24,9184
8091,翔名,66,1,65,群益金鼎-台中,2023-05-24,9184
00687B,國泰20年美債,71,10,61,群益金鼎-台中,2023-05-24,9184
00882,中信中國高股息,58,0,58,群益金鼎-台中,2023-05-24,9184
2610,華航,75,29,46,群益金鼎-台中,2023-05-24,9184
00878,國泰永續高股息,54,13,41,群益金鼎-台中,2023-05-24,9184
00637L,元大滬深300正2,32,4,28,群益金鼎-台中,2023-05-24,9184
00752,中信中國50,28,0,28,群益金鼎-台中,2023-05-24,9184
4744,皇將,46,19,27,群益金鼎-台中,2023-05-24,9184
00712,復華富時不動產,22,0,22,群益金鼎-台中,2023-05-24,9184
00679B,元大美債20年,20,0,20,群益金鼎-台中,2023-05-24,9184
3325,旭品,28,10,18,群益金鼎-台中,2023-05-24,9184
2323,中環,18,0,18,群益金鼎-台中,2023-05-24,9184
6233,旺玖,17,0,17,群益金鼎-台中,2023-05-24,9184
3029,零壹,17,1,16,群益金鼎-台中,2023-05-24,9184
1529,樂事綠能,33,17,16,群益金鼎-台中,2023-05-24,9184
2002,中鋼,15,0,15,群益金鼎-台中,2023-05-24,9184
2409,友達,38,23,15,群益金鼎-台中,2023-05-24,9184
6288,聯嘉,36,22,14,群益金鼎-台中,2023-05-24,9184
3037,欣興,16,2,14,群益金鼎-台中,2023-05-24,9184
2634,漢翔,17,3,14,群益金鼎-台中,2023-05-24,9184
3231,緯創,46,33,13,群益金鼎-台中,2023-05-24,9184
3035,智原,14,2,12,群益金鼎-台中,2023-05-24,9184
00674R,期元大S＆P黃金反1,11,0,11,群益金鼎-台中,2023-05-24,9184
6235,華孚,15,4,11,群益金鼎-台中,2023-05-24,9184
2617,台航,11,0,11,群益金鼎-台中,2023-05-24,9184
00680L,元大美債20正2,10,0,10,群益金鼎-台中,2023-05-24,9184
1732,毛寶,10,0,10,群益金鼎-台中,2023-05-24,9184
1609,大亞,21,11,10,群益金鼎-台中,2023-05-24,9184
2812,台中銀,10,0,10,群益金鼎-台中,2023-05-24,9184
00665L,富邦�琤肭磪囓�2,10,0,10,群益金鼎-台中,2023-05-24,9184
00923,群益台ESG低碳50,10,0,10,群益金鼎-台中,2023-05-24,9184
3540,曜越,10,0,10,群益金鼎-台中,2023-05-24,9184
8099,大世科,22,12,10,群益金鼎-台中,2023-05-24,9184
6753,龍德造船,12,2,10,群益金鼎-台中,2023-05-24,9184
4162,智擎,10,1,9,群益金鼎-台中,2023-05-24,9184
3264,欣銓,9,0,9,群益金鼎-台中,2023-05-24,9184
00636,國泰中國A50,9,0,9,群益金鼎-台中,2023-05-24,9184
00753L,中信中國50正2,9,0,9,群益金鼎-台中,2023-05-24,9184
1580,新麥,9,0,9,群益金鼎-台中,2023-05-24,9184
8222,寶一,36,27,9,群益金鼎-台中,2023-05-24,9184
3664,安瑞-KY,8,0,8,群益金鼎-台中,2023-05-24,9184
5465,富驊,12,4,8,群益金鼎-台中,2023-05-24,9184
2330,台積電,10,3,7,群益金鼎-台中,2023-05-24,9184
2891,中信金,10,3,7,群益金鼎-台中,2023-05-24,9184
6282,康舒,23,16,7,群益金鼎-台中,2023-05-24,9184
2867,三商壽,7,0,7,群益金鼎-台中,2023-05-24,9184
2606,裕民,6,0,6,群益金鼎-台中,2023-05-24,9184
2458,義隆,13,7,6,群益金鼎-台中,2023-05-24,9184
2337,旺宏,6,0,6,群益金鼎-台中,2023-05-24,9184
00632R,元大台灣50反1,374,30,344,群益金鼎-台中,2023-05-25,9184
00637L,元大滬深300正2,140,0,140,群益金鼎-台中,2023-05-25,9184
1722,台肥,97,0,97,群益金鼎-台中,2023-05-25,9184
00882,中信中國高股息,72,2,70,群益金鼎-台中,2023-05-25,9184
00712,復華富時不動產,58,0,58,群益金鼎-台中,2023-05-25,9184
4510,高鋒,49,0,49,群益金鼎-台中,2023-05-25,9184
1608,華榮,51,2,49,群益金鼎-台中,2023-05-25,9184
1234,黑松,50,3,47,群益金鼎-台中,2023-05-25,9184
2610,華航,87,42,45,群益金鼎-台中,2023-05-25,9184
3078,僑威,55,11,44,群益金鼎-台中,2023-05-25,9184
020027,元大上櫃ESG成長N,120,80,40,群益金鼎-台中,2023-05-25,9184
2701,萬企,60,22,38,群益金鼎-台中,2023-05-25,9184
2883,凱基金,34,1,33,群益金鼎-台中,2023-05-25,9184
00676R,富邦臺灣加權反1,30,0,30,群益金鼎-台中,2023-05-25,9184
00686R,群益臺灣加權反1,30,0,30,群益金鼎-台中,2023-05-25,9184
2371,大同,44,14,30,群益金鼎-台中,2023-05-25,9184
3013,晟銘電,47,21,26,群益金鼎-台中,2023-05-25,9184
2867,三商壽,27,1,26,群益金鼎-台中,2023-05-25,9184
1310,台苯,25,0,25,群益金鼎-台中,2023-05-25,9184
3661,世芯-KY,37,14,23,群益金鼎-台中,2023-05-25,9184
00751B,元大AAA至A公司債,22,0,22,群益金鼎-台中,2023-05-25,9184
2317,鴻海,23,1,22,群益金鼎-台中,2023-05-25,9184
2739,寒舍,30,8,22,群益金鼎-台中,2023-05-25,9184
4743,合一,20,0,20,群益金鼎-台中,2023-05-25,9184
3011,今皓,22,3,19,群益金鼎-台中,2023-05-25,9184
00919,群益台灣精選高息,20,1,19,群益金鼎-台中,2023-05-25,9184
00680L,元大美債20正2,19,0,19,群益金鼎-台中,2023-05-25,9184
00679B,元大美債20年,20,1,19,群益金鼎-台中,2023-05-25,9184
8932,智通*,15,0,15,群益金鼎-台中,2023-05-25,9184
2349,錸德,17,2,15,群益金鼎-台中,2023-05-25,9184
2881,富邦金,15,0,15,群益金鼎-台中,2023-05-25,9184
6164,華興,37,22,15,群益金鼎-台中,2023-05-25,9184
1609,大亞,21,7,14,群益金鼎-台中,2023-05-25,9184
5706,鳳凰,66,53,13,群益金鼎-台中,2023-05-25,9184
4746,台耀,16,3,13,群益金鼎-台中,2023-05-25,9184
8091,翔名,13,0,13,群益金鼎-台中,2023-05-25,9184
2377,微星,13,1,12,群益金鼎-台中,2023-05-25,9184
2882,國泰金,11,0,11,群益金鼎-台中,2023-05-25,9184
2611,志信,49,38,11,群益金鼎-台中,2023-05-25,9184
4564,元翎,19,9,10,群益金鼎-台中,2023-05-25,9184
6443,元晶,10,0,10,群益金鼎-台中,2023-05-25,9184
3372,典範,10,0,10,群益金鼎-台中,2023-05-25,9184
3665,貿聯-KY,10,1,9,群益金鼎-台中,2023-05-25,9184
8099,大世科,13,4,9,群益金鼎-台中,2023-05-25,9184
2548,華固,10,2,8,群益金鼎-台中,2023-05-25,9184
2618,長榮航,85,77,8,群益金鼎-台中,2023-05-25,9184
3005,神基,13,5,8,群益金鼎-台中,2023-05-25,9184
2402,毅嘉,18,10,8,群益金鼎-台中,2023-05-25,9184
2495,普安,8,0,8,群益金鼎-台中,2023-05-25,9184
3029,零壹,15,7,8,群益金鼎-台中,2023-05-25,9184
00632R,元大台灣50反1,399,150,249,群益金鼎-台中,2023-05-26,9184
1722,台肥,106,0,106,群益金鼎-台中,2023-05-26,9184
00712,復華富時不動產,104,1,103,群益金鼎-台中,2023-05-26,9184
8091,翔名,65,0,65,群益金鼎-台中,2023-05-26,9184
00715L,期街口布蘭特正2,59,5,54,群益金鼎-台中,2023-05-26,9184
2317,鴻海,60,13,47,群益金鼎-台中,2023-05-26,9184
1101,台泥,43,1,42,群益金鼎-台中,2023-05-26,9184
2883,凱基金,43,9,34,群益金鼎-台中,2023-05-26,9184
1310,台苯,40,8,32,群益金鼎-台中,2023-05-26,9184
2495,普安,32,1,31,群益金鼎-台中,2023-05-26,9184
00882,中信中國高股息,42,12,30,群益金鼎-台中,2023-05-26,9184
00686R,群益臺灣加權反1,30,0,30,群益金鼎-台中,2023-05-26,9184
1907,永豐餘,30,1,29,群益金鼎-台中,2023-05-26,9184
00679B,元大美債20年,28,2,26,群益金鼎-台中,2023-05-26,9184
2382,廣達,34,9,25,群益金鼎-台中,2023-05-26,9184
2534,宏盛,25,0,25,群益金鼎-台中,2023-05-26,9184
3264,欣銓,30,10,20,群益金鼎-台中,2023-05-26,9184
6015,宏遠證,20,0,20,群益金鼎-台中,2023-05-26,9184
2880,華南金,20,0,20,群益金鼎-台中,2023-05-26,9184
2739,寒舍,29,9,20,群益金鼎-台中,2023-05-26,9184
5009,榮剛,25,6,19,群益金鼎-台中,2023-05-26,9184
1560,中砂,27,8,19,群益金鼎-台中,2023-05-26,9184
00720B,元大投資級公司債,17,0,17,群益金鼎-台中,2023-05-26,9184
2421,建準,111,94,17,群益金鼎-台中,2023-05-26,9184
3006,晶豪科,17,1,16,群益金鼎-台中,2023-05-26,9184
2906,高林,15,0,15,群益金鼎-台中,2023-05-26,9184
6689,伊雲谷,25,10,15,群益金鼎-台中,2023-05-26,9184
2745,五福,15,0,15,群益金鼎-台中,2023-05-26,9184
2022,聚亨,15,1,14,群益金鼎-台中,2023-05-26,9184
6143,振曜,14,0,14,群益金鼎-台中,2023-05-26,9184
3032,偉訓,13,0,13,群益金鼎-台中,2023-05-26,9184
2609,陽明,18,5,13,群益金鼎-台中,2023-05-26,9184
00664R,國泰臺灣加權反1,13,0,13,群益金鼎-台中,2023-05-26,9184
8358,金居,14,1,13,群益金鼎-台中,2023-05-26,9184
3041,揚智,11,0,11,群益金鼎-台中,2023-05-26,9184
2722,夏都,12,1,11,群益金鼎-台中,2023-05-26,9184
2356,英業達,41,30,11,群益金鼎-台中,2023-05-26,9184
2457,飛宏,21,10,11,群益金鼎-台中,2023-05-26,9184
6164,華興,14,4,10,群益金鼎-台中,2023-05-26,9184
1102,亞泥,30,20,10,群益金鼎-台中,2023-05-26,9184
1734,杏輝,18,8,10,群益金鼎-台中,2023-05-26,9184
5243,乙盛-KY,14,4,10,群益金鼎-台中,2023-05-26,9184
3703,欣陸,10,0,10,群益金鼎-台中,2023-05-26,9184
6605,帝寶,10,0,10,群益金鼎-台中,2023-05-26,9184
1304,台聚,10,1,9,群益金鼎-台中,2023-05-26,9184
00772B,中信高評級公司債,9,0,9,群益金鼎-台中,2023-05-26,9184
6441,廣錠,14,5,9,群益金鼎-台中,2023-05-26,9184
8046,南電,12,3,9,群益金鼎-台中,2023-05-26,9184
1314,中石化,8,0,8,群益金鼎-台中,2023-05-26,9184
2605,新興,8,0,8,群益金鼎-台中,2023-05-26,9184
00632R,元大台灣50反1,291,40,251,群益金鼎-台中,2023-05-29,9184
2495,普安,137,4,133,群益金鼎-台中,2023-05-29,9184
1608,華榮,131,33,98,群益金鼎-台中,2023-05-29,9184
6016,康和證,100,12,88,群益金鼎-台中,2023-05-29,9184
020027,元大上櫃ESG成長N,160,80,80,群益金鼎-台中,2023-05-29,9184
1234,黑松,70,0,70,群益金鼎-台中,2023-05-29,9184
00919,群益台灣精選高息,50,1,49,群益金鼎-台中,2023-05-29,9184
2610,華航,67,21,46,群益金鼎-台中,2023-05-29,9184
1905,華紙,59,13,46,群益金鼎-台中,2023-05-29,9184
2449,京元電子,111,66,45,群益金鼎-台中,2023-05-29,9184
1519,華城,69,26,43,群益金鼎-台中,2023-05-29,9184
00676R,富邦臺灣加權反1,40,0,40,群益金鼎-台中,2023-05-29,9184
4938,和碩,36,0,36,群益金鼎-台中,2023-05-29,9184
3231,緯創,96,63,33,群益金鼎-台中,2023-05-29,9184
5328,華容,48,18,30,群益金鼎-台中,2023-05-29,9184
3443,創意,48,23,25,群益金鼎-台中,2023-05-29,9184
00878,國泰永續高股息,51,28,23,群益金鼎-台中,2023-05-29,9184
3372,典範,20,0,20,群益金鼎-台中,2023-05-29,9184
00665L,富邦�琤肭磪囓�2,20,0,20,群益金鼎-台中,2023-05-29,9184
1709,和益,20,0,20,群益金鼎-台中,2023-05-29,9184
1737,臺鹽,19,0,19,群益金鼎-台中,2023-05-29,9184
00687B,國泰20年美債,24,5,19,群益金鼎-台中,2023-05-29,9184
3481,群創,346,329,17,群益金鼎-台中,2023-05-29,9184
2331,精英,16,0,16,群益金鼎-台中,2023-05-29,9184
3441,聯一光,16,0,16,群益金鼎-台中,2023-05-29,9184
2002,中鋼,15,0,15,群益金鼎-台中,2023-05-29,9184
4157,太景*-KY,15,0,15,群益金鼎-台中,2023-05-29,9184
4513,福裕,15,0,15,群益金鼎-台中,2023-05-29,9184
00636,國泰中國A50,15,0,15,群益金鼎-台中,2023-05-29,9184
5439,高技,14,0,14,群益金鼎-台中,2023-05-29,9184
6290,良維,13,0,13,群益金鼎-台中,2023-05-29,9184
2342,茂矽,13,0,13,群益金鼎-台中,2023-05-29,9184
4904,遠傳,13,0,13,群益金鼎-台中,2023-05-29,9184
8222,寶一,17,4,13,群益金鼎-台中,2023-05-29,9184
2739,寒舍,13,0,13,群益金鼎-台中,2023-05-29,9184
00752,中信中國50,12,0,12,群益金鼎-台中,2023-05-29,9184
4919,新唐,26,14,12,群益金鼎-台中,2023-05-29,9184
3284,太普高,10,0,10,群益金鼎-台中,2023-05-29,9184
2851,中再保,10,0,10,群益金鼎-台中,2023-05-29,9184
5243,乙盛-KY,13,3,10,群益金鼎-台中,2023-05-29,9184
2609,陽明,20,10,10,群益金鼎-台中,2023-05-29,9184
3594,磐儀,16,6,10,群益金鼎-台中,2023-05-29,9184
3037,欣興,22,12,10,群益金鼎-台中,2023-05-29,9184
5425,台半,30,21,9,群益金鼎-台中,2023-05-29,9184
6217,中探針,11,2,9,群益金鼎-台中,2023-05-29,9184
2834,臺企銀,9,0,9,群益金鼎-台中,2023-05-29,9184
5465,富驊,17,8,9,群益金鼎-台中,2023-05-29,9184
2330,台積電,17,9,8,群益金鼎-台中,2023-05-29,9184
4564,元翎,20,12,8,群益金鼎-台中,2023-05-29,9184
1609,大亞,15,7,8,群益金鼎-台中,2023-05-29,9184
2883,凱基金,221,0,221,群益金鼎-台中,2023-05-30,9184
00632R,元大台灣50反1,172,3,169,群益金鼎-台中,2023-05-30,9184
00882,中信中國高股息,54,0,54,群益金鼎-台中,2023-05-30,9184
00919,群益台灣精選高息,45,0,45,群益金鼎-台中,2023-05-30,9184
5498,凱崴,73,32,41,群益金鼎-台中,2023-05-30,9184
6188,廣明,56,23,33,群益金鼎-台中,2023-05-30,9184
00637L,元大滬深300正2,33,0,33,群益金鼎-台中,2023-05-30,9184
3078,僑威,41,9,32,群益金鼎-台中,2023-05-30,9184
2356,英業達,107,77,30,群益金鼎-台中,2023-05-30,9184
1310,台苯,30,0,30,群益金鼎-台中,2023-05-30,9184
1460,宏遠,28,4,24,群益金鼎-台中,2023-05-30,9184
2002,中鋼,24,1,23,群益金鼎-台中,2023-05-30,9184
3031,佰鴻,23,2,21,群益金鼎-台中,2023-05-30,9184
3231,緯創,56,36,20,群益金鼎-台中,2023-05-30,9184
4121,優盛,20,0,20,群益金鼎-台中,2023-05-30,9184
00878,國泰永續高股息,20,3,17,群益金鼎-台中,2023-05-30,9184
2498,宏達電,28,12,16,群益金鼎-台中,2023-05-30,9184
2368,金像電,39,23,16,群益金鼎-台中,2023-05-30,9184
3532,台勝科,25,10,15,群益金鼎-台中,2023-05-30,9184
6125,廣運,26,11,15,群益金鼎-台中,2023-05-30,9184
2615,萬海,15,2,13,群益金鼎-台中,2023-05-30,9184
00715L,期街口布蘭特正2,14,1,13,群益金鼎-台中,2023-05-30,9184
3038,全台,17,4,13,群益金鼎-台中,2023-05-30,9184
2425,承啟,80,68,12,群益金鼎-台中,2023-05-30,9184
4961,天鈺,18,6,12,群益金鼎-台中,2023-05-30,9184
2034,允強,12,0,12,群益金鼎-台中,2023-05-30,9184
5351,鈺創,22,10,12,群益金鼎-台中,2023-05-30,9184
5706,鳳凰,25,14,11,群益金鼎-台中,2023-05-30,9184
6104,創惟,11,0,11,群益金鼎-台中,2023-05-30,9184
00687B,國泰20年美債,11,0,11,群益金鼎-台中,2023-05-30,9184
9943,好樂迪,11,0,11,群益金鼎-台中,2023-05-30,9184
00712,復華富時不動產,11,0,11,群益金鼎-台中,2023-05-30,9184
6605,帝寶,10,0,10,群益金鼎-台中,2023-05-30,9184
8215,明基材,10,0,10,群益金鼎-台中,2023-05-30,9184
1101,台泥,13,3,10,群益金鼎-台中,2023-05-30,9184
2382,廣達,30,20,10,群益金鼎-台中,2023-05-30,9184
1609,大亞,9,0,9,群益金鼎-台中,2023-05-30,9184
8099,大世科,50,41,9,群益金鼎-台中,2023-05-30,9184
2801,彰銀,10,1,9,群益金鼎-台中,2023-05-30,9184
8038,長園科,9,0,9,群益金鼎-台中,2023-05-30,9184
00665L,富邦�琤肭磪囓�2,10,2,8,群益金鼎-台中,2023-05-30,9184
2739,寒舍,9,1,8,群益金鼎-台中,2023-05-30,9184
3037,欣興,8,0,8,群益金鼎-台中,2023-05-30,9184
5328,華容,10,3,7,群益金鼎-台中,2023-05-30,9184
2465,麗臺,12,5,7,群益金鼎-台中,2023-05-30,9184
1905,華紙,8,1,7,群益金鼎-台中,2023-05-30,9184
4977,眾達-KY,23,16,7,群益金鼎-台中,2023-05-30,9184
6799,來頡,27,20,7,群益金鼎-台中,2023-05-30,9184
2344,華邦電,7,0,7,群益金鼎-台中,2023-05-30,9184
3356,奇偶,15,8,7,群益金鼎-台中,2023-05-30,9184
00715L,期街口布蘭特正2,166,0,166,群益金鼎-台中,2023-05-31,9184
1722,台肥,80,3,77,群益金鼎-台中,2023-05-31,9184
00919,群益台灣精選高息,146,100,46,群益金鼎-台中,2023-05-31,9184
00882,中信中國高股息,39,0,39,群益金鼎-台中,2023-05-31,9184
2498,宏達電,71,37,34,群益金鼎-台中,2023-05-31,9184
2002,中鋼,36,3,33,群益金鼎-台中,2023-05-31,9184
00878,國泰永續高股息,32,3,29,群益金鼎-台中,2023-05-31,9184
00637L,元大滬深300正2,26,2,24,群益金鼎-台中,2023-05-31,9184
3704,合勤控,28,4,24,群益金鼎-台中,2023-05-31,9184
2371,大同,61,38,23,群益金鼎-台中,2023-05-31,9184
2331,精英,47,25,22,群益金鼎-台中,2023-05-31,9184
2314,台揚,20,0,20,群益金鼎-台中,2023-05-31,9184
1434,福懋,20,0,20,群益金鼎-台中,2023-05-31,9184
4967,十銓,30,12,18,群益金鼎-台中,2023-05-31,9184
2630,亞航,21,4,17,群益金鼎-台中,2023-05-31,9184
2801,彰銀,15,0,15,群益金鼎-台中,2023-05-31,9184
1737,臺鹽,24,10,14,群益金鼎-台中,2023-05-31,9184
3715,定穎投控,17,4,13,群益金鼎-台中,2023-05-31,9184
00642U,期元大S＆P石油,13,0,13,群益金鼎-台中,2023-05-31,9184
2883,凱基金,24,12,12,群益金鼎-台中,2023-05-31,9184
6274,台燿,12,1,11,群益金鼎-台中,2023-05-31,9184
2352,佳世達,16,5,11,群益金鼎-台中,2023-05-31,9184
4543,萬在,20,9,11,群益金鼎-台中,2023-05-31,9184
5388,中磊,20,9,11,群益金鼎-台中,2023-05-31,9184
2449,京元電子,11,0,11,群益金鼎-台中,2023-05-31,9184
2603,長榮,15,5,10,群益金鼎-台中,2023-05-31,9184
1102,亞泥,10,0,10,群益金鼎-台中,2023-05-31,9184
2867,三商壽,10,0,10,群益金鼎-台中,2023-05-31,9184
3576,聯合再生,10,0,10,群益金鼎-台中,2023-05-31,9184
3025,星通,70,60,10,群益金鼎-台中,2023-05-31,9184
2412,中華電,10,0,10,群益金鼎-台中,2023-05-31,9184
2313,華通,10,0,10,群益金鼎-台中,2023-05-31,9184
6189,豐藝,11,2,9,群益金鼎-台中,2023-05-31,9184
6118,建達,10,1,9,群益金鼎-台中,2023-05-31,9184
5222,全訊,8,0,8,群益金鼎-台中,2023-05-31,9184
3325,旭品,8,0,8,群益金鼎-台中,2023-05-31,9184
6271,同欣電,9,1,8,群益金鼎-台中,2023-05-31,9184
3645,達邁,8,0,8,群益金鼎-台中,2023-05-31,9184
4147,中裕,11,3,8,群益金鼎-台中,2023-05-31,9184
2382,廣達,22,14,8,群益金鼎-台中,2023-05-31,9184
8930,青鋼,10,2,8,群益金鼎-台中,2023-05-31,9184
00903,富邦元宇宙,11,3,8,群益金鼎-台中,2023-05-31,9184
1218,泰山,8,1,7,群益金鼎-台中,2023-05-31,9184
8150,南茂,8,1,7,群益金鼎-台中,2023-05-31,9184
6770,力積電,7,0,7,群益金鼎-台中,2023-05-31,9184
00853B,統一美債10年Aa-,7,0,7,群益金鼎-台中,2023-05-31,9184
4746,台耀,9,2,7,群益金鼎-台中,2023-05-31,9184
0056,元大高股息,8,2,6,群益金鼎-台中,2023-05-31,9184
2362,藍天,6,0,6,群益金鼎-台中,2023-05-31,9184
3006,晶豪科,14,9,5,群益金鼎-台中,2023-05-31,9184
6015,宏遠證,80,0,80,群益金鼎-台中,2023-06-01,9184
00725B,國泰投資級公司債,75,0,75,群益金鼎-台中,2023-06-01,9184
00687B,國泰20年美債,63,0,63,群益金鼎-台中,2023-06-01,9184
00715L,期街口布蘭特正2,60,0,60,群益金鼎-台中,2023-06-01,9184
00761B,國泰A級公司債,60,0,60,群益金鼎-台中,2023-06-01,9184
00919,群益台灣精選高息,41,0,41,群益金鼎-台中,2023-06-01,9184
4938,和碩,34,2,32,群益金鼎-台中,2023-06-01,9184
6016,康和證,60,30,30,群益金鼎-台中,2023-06-01,9184
1722,台肥,30,0,30,群益金鼎-台中,2023-06-01,9184
6161,捷波,28,0,28,群益金鼎-台中,2023-06-01,9184
1711,永光,25,0,25,群益金鼎-台中,2023-06-01,9184
6160,欣技,32,11,21,群益金鼎-台中,2023-06-01,9184
2211,長榮鋼,20,0,20,群益金鼎-台中,2023-06-01,9184
1504,東元,27,9,18,群益金鼎-台中,2023-06-01,9184
00642U,期元大S＆P石油,16,0,16,群益金鼎-台中,2023-06-01,9184
2201,裕隆,69,53,16,群益金鼎-台中,2023-06-01,9184
3481,群創,15,0,15,群益金鼎-台中,2023-06-01,9184
2705,六福,16,1,15,群益金鼎-台中,2023-06-01,9184
2206,三陽工業,17,2,15,群益金鼎-台中,2023-06-01,9184
4503,金雨,15,0,15,群益金鼎-台中,2023-06-01,9184
1904,正隆,18,4,14,群益金鼎-台中,2023-06-01,9184
00893,國泰智能電動車,13,0,13,群益金鼎-台中,2023-06-01,9184
00882,中信中國高股息,12,0,12,群益金鼎-台中,2023-06-01,9184
2881,富邦金,12,0,12,群益金鼎-台中,2023-06-01,9184
6180,橘子,18,6,12,群益金鼎-台中,2023-06-01,9184
2352,佳世達,16,4,12,群益金鼎-台中,2023-06-01,9184
2489,瑞軒,15,3,12,群益金鼎-台中,2023-06-01,9184
4564,元翎,55,44,11,群益金鼎-台中,2023-06-01,9184
2888,新光金,11,0,11,群益金鼎-台中,2023-06-01,9184
6153,嘉聯益,11,0,11,群益金鼎-台中,2023-06-01,9184
2356,英業達,14,3,11,群益金鼎-台中,2023-06-01,9184
2323,中環,97,86,11,群益金鼎-台中,2023-06-01,9184
1514,亞力,18,7,11,群益金鼎-台中,2023-06-01,9184
6005,群益證,10,0,10,群益金鼎-台中,2023-06-01,9184
2359,所羅門,10,0,10,群益金鼎-台中,2023-06-01,9184
2913,農林,41,31,10,群益金鼎-台中,2023-06-01,9184
2317,鴻海,24,15,9,群益金鼎-台中,2023-06-01,9184
3025,星通,45,36,9,群益金鼎-台中,2023-06-01,9184
2331,精英,59,50,9,群益金鼎-台中,2023-06-01,9184
2637,慧洋-KY,11,2,9,群益金鼎-台中,2023-06-01,9184
6188,廣明,66,57,9,群益金鼎-台中,2023-06-01,9184
0056,元大高股息,10,1,9,群益金鼎-台中,2023-06-01,9184
1605,華新,8,0,8,群益金鼎-台中,2023-06-01,9184
00888,永豐台灣ESG,8,0,8,群益金鼎-台中,2023-06-01,9184
2486,一詮,13,5,8,群益金鼎-台中,2023-06-01,9184
8261,富鼎,10,2,8,群益金鼎-台中,2023-06-01,9184
6248,沛波,8,0,8,群益金鼎-台中,2023-06-01,9184
6190,萬泰科,8,1,7,群益金鼎-台中,2023-06-01,9184
8930,青鋼,17,10,7,群益金鼎-台中,2023-06-01,9184
2605,新興,9,3,6,群益金鼎-台中,2023-06-01,9184
2022,聚亨,215,0,215,群益金鼎-台中,2023-06-02,9184
00632R,元大台灣50反1,245,104,141,群益金鼎-台中,2023-06-02,9184
2353,宏��,143,61,82,群益金鼎-台中,2023-06-02,9184
3231,緯創,123,84,39,群益金鼎-台中,2023-06-02,9184
2489,瑞軒,49,11,38,群益金鼎-台中,2023-06-02,9184
2603,長榮,34,5,29,群益金鼎-台中,2023-06-02,9184
00919,群益台灣精選高息,78,49,29,群益金鼎-台中,2023-06-02,9184
2617,台航,28,0,28,群益金鼎-台中,2023-06-02,9184
8403,盛弘,26,0,26,群益金鼎-台中,2023-06-02,9184
6733,博晟生醫,25,0,25,群益金鼎-台中,2023-06-02,9184
6111,大宇資,34,9,25,群益金鼎-台中,2023-06-02,9184
1722,台肥,50,26,24,群益金鼎-台中,2023-06-02,9184
00715L,期街口布蘭特正2,35,11,24,群益金鼎-台中,2023-06-02,9184
2739,寒舍,23,0,23,群益金鼎-台中,2023-06-02,9184
2371,大同,42,21,21,群益金鼎-台中,2023-06-02,9184
5222,全訊,21,0,21,群益金鼎-台中,2023-06-02,9184
3443,創意,34,13,21,群益金鼎-台中,2023-06-02,9184
2314,台揚,20,0,20,群益金鼎-台中,2023-06-02,9184
6531,愛普*,28,8,20,群益金鼎-台中,2023-06-02,9184
3591,艾笛森,18,1,17,群益金鼎-台中,2023-06-02,9184
6198,瑞築,17,0,17,群益金鼎-台中,2023-06-02,9184
2883,凱基金,21,4,17,群益金鼎-台中,2023-06-02,9184
6570,維田,21,6,15,群益金鼎-台中,2023-06-02,9184
1806,冠軍,17,3,14,群益金鼎-台中,2023-06-02,9184
00679B,元大美債20年,15,1,14,群益金鼎-台中,2023-06-02,9184
3532,台勝科,16,3,13,群益金鼎-台中,2023-06-02,9184
6150,撼訊,27,14,13,群益金鼎-台中,2023-06-02,9184
6190,萬泰科,14,1,13,群益金鼎-台中,2023-06-02,9184
3706,神達,26,14,12,群益金鼎-台中,2023-06-02,9184
1473,台南,12,0,12,群益金鼎-台中,2023-06-02,9184
2323,中環,26,14,12,群益金鼎-台中,2023-06-02,9184
2633,台灣高鐵,11,0,11,群益金鼎-台中,2023-06-02,9184
3058,立德,11,0,11,群益金鼎-台中,2023-06-02,9184
1702,南僑,11,0,11,群益金鼎-台中,2023-06-02,9184
1513,中興電,37,27,10,群益金鼎-台中,2023-06-02,9184
3234,光環,10,0,10,群益金鼎-台中,2023-06-02,9184
2845,遠東銀,10,0,10,群益金鼎-台中,2023-06-02,9184
6535,順藥,10,0,10,群益金鼎-台中,2023-06-02,9184
6163,華電網,10,0,10,群益金鼎-台中,2023-06-02,9184
1717,長興,10,0,10,群益金鼎-台中,2023-06-02,9184
4503,金雨,12,2,10,群益金鼎-台中,2023-06-02,9184
3049,精金,10,0,10,群益金鼎-台中,2023-06-02,9184
5706,鳳凰,29,19,10,群益金鼎-台中,2023-06-02,9184
2736,富野,10,0,10,群益金鼎-台中,2023-06-02,9184
4979,華星光,85,76,9,群益金鼎-台中,2023-06-02,9184
2349,錸德,11,2,9,群益金鼎-台中,2023-06-02,9184
8021,尖點,11,2,9,群益金鼎-台中,2023-06-02,9184
5608,四維航,8,0,8,群益金鼎-台中,2023-06-02,9184
2481,強茂,9,1,8,群益金鼎-台中,2023-06-02,9184
8478,東哥遊艇,61,53,8,群益金鼎-台中,2023-06-02,9184
6282,康舒,233,107,126,群益金鼎-台中,2023-06-05,9184
00632R,元大台灣50反1,115,10,105,群益金鼎-台中,2023-06-05,9184
3029,零壹,95,0,95,群益金鼎-台中,2023-06-05,9184
2610,華航,89,8,81,群益金鼎-台中,2023-06-05,9184
2353,宏��,150,81,69,群益金鼎-台中,2023-06-05,9184
00687B,國泰20年美債,66,5,61,群益金鼎-台中,2023-06-05,9184
9907,統一實,60,0,60,群益金鼎-台中,2023-06-05,9184
00751B,元大AAA至A公司債,60,0,60,群益金鼎-台中,2023-06-05,9184
2312,金寶,60,1,59,群益金鼎-台中,2023-06-05,9184
1907,永豐餘,47,3,44,群益金鼎-台中,2023-06-05,9184
5864,致和證,44,0,44,群益金鼎-台中,2023-06-05,9184
1722,台肥,38,7,31,群益金鼎-台中,2023-06-05,9184
00915,凱基優選高股息30,30,0,30,群益金鼎-台中,2023-06-05,9184
8076,伍豐,30,1,29,群益金鼎-台中,2023-06-05,9184
2324,仁寶,47,23,24,群益金鼎-台中,2023-06-05,9184
2382,廣達,32,9,23,群益金鼎-台中,2023-06-05,9184
3372,典範,20,0,20,群益金鼎-台中,2023-06-05,9184
4979,華星光,59,40,19,群益金鼎-台中,2023-06-05,9184
2515,中工,45,26,19,群益金鼎-台中,2023-06-05,9184
1711,永光,36,18,18,群益金鼎-台中,2023-06-05,9184
2393,億光,19,2,17,群益金鼎-台中,2023-06-05,9184
2313,華通,17,0,17,群益金鼎-台中,2023-06-05,9184
00679B,元大美債20年,21,4,17,群益金鼎-台中,2023-06-05,9184
3706,神達,23,9,14,群益金鼎-台中,2023-06-05,9184
1605,華新,20,6,14,群益金鼎-台中,2023-06-05,9184
1513,中興電,28,15,13,群益金鼎-台中,2023-06-05,9184
2606,裕民,13,0,13,群益金鼎-台中,2023-06-05,9184
6187,萬潤,13,0,13,群益金鼎-台中,2023-06-05,9184
1460,宏遠,14,2,12,群益金鼎-台中,2023-06-05,9184
4916,事欣科,35,23,12,群益金鼎-台中,2023-06-05,9184
2206,三陽工業,24,13,11,群益金鼎-台中,2023-06-05,9184
1752,南光,11,0,11,群益金鼎-台中,2023-06-05,9184
00919,群益台灣精選高息,11,0,11,群益金鼎-台中,2023-06-05,9184
3558,神準,12,1,11,群益金鼎-台中,2023-06-05,9184
00673R,期元大S＆P原油反1,11,0,11,群益金鼎-台中,2023-06-05,9184
5457,宣德,18,7,11,群益金鼎-台中,2023-06-05,9184
2323,中環,37,27,10,群益金鼎-台中,2023-06-05,9184
3339,泰谷,10,0,10,群益金鼎-台中,2023-06-05,9184
01007T,兆豐國泰R2,10,0,10,群益金鼎-台中,2023-06-05,9184
2104,國際中橡,10,0,10,群益金鼎-台中,2023-06-05,9184
3483,力致,13,3,10,群益金鼎-台中,2023-06-05,9184
2484,希華,10,0,10,群益金鼎-台中,2023-06-05,9184
2511,太子,10,0,10,群益金鼎-台中,2023-06-05,9184
2344,華邦電,16,7,9,群益金鼎-台中,2023-06-05,9184
5608,四維航,9,0,9,群益金鼎-台中,2023-06-05,9184
9945,潤泰新,12,3,9,群益金鼎-台中,2023-06-05,9184
8478,東哥遊艇,26,17,9,群益金鼎-台中,2023-06-05,9184
2328,廣宇,27,18,9,群益金鼎-台中,2023-06-05,9184
3576,聯合再生,9,0,9,群益金鼎-台中,2023-06-05,9184
2603,長榮,9,1,8,群益金鼎-台中,2023-06-05,9184
00679B,元大美債20年,67,2,65,群益金鼎-台中,2023-06-06,9184
3264,欣銓,60,0,60,群益金鼎-台中,2023-06-06,9184
2402,毅嘉,52,16,36,群益金鼎-台中,2023-06-06,9184
1608,華榮,42,9,33,群益金鼎-台中,2023-06-06,9184
6235,華孚,50,18,32,群益金鼎-台中,2023-06-06,9184
6282,康舒,80,50,30,群益金鼎-台中,2023-06-06,9184
1609,大亞,129,100,29,群益金鼎-台中,2023-06-06,9184
4931,新盛力,42,16,26,群益金鼎-台中,2023-06-06,9184
6547,高端疫苗,26,1,25,群益金鼎-台中,2023-06-06,9184
1722,台肥,25,0,25,群益金鼎-台中,2023-06-06,9184
3481,群創,29,6,23,群益金鼎-台中,2023-06-06,9184
1907,永豐餘,29,7,22,群益金鼎-台中,2023-06-06,9184
2614,東森,23,2,21,群益金鼎-台中,2023-06-06,9184
3038,全台,25,4,21,群益金鼎-台中,2023-06-06,9184
1219,福壽,21,0,21,群益金鼎-台中,2023-06-06,9184
3014,聯陽,20,0,20,群益金鼎-台中,2023-06-06,9184
020027,元大上櫃ESG成長N,60,40,20,群益金鼎-台中,2023-06-06,9184
2705,六福,22,3,19,群益金鼎-台中,2023-06-06,9184
2492,華新科,21,2,19,群益金鼎-台中,2023-06-06,9184
4906,正文,28,10,18,群益金鼎-台中,2023-06-06,9184
3346,麗清,21,5,16,群益金鼎-台中,2023-06-06,9184
2425,承啟,54,39,15,群益金鼎-台中,2023-06-06,9184
3363,上詮,22,8,14,群益金鼎-台中,2023-06-06,9184
00670L,富邦NASDAQ正2,14,0,14,群益金鼎-台中,2023-06-06,9184
2606,裕民,13,0,13,群益金鼎-台中,2023-06-06,9184
8358,金居,44,32,12,群益金鼎-台中,2023-06-06,9184
1605,華新,44,32,12,群益金鼎-台中,2023-06-06,9184
9907,統一實,11,0,11,群益金鼎-台中,2023-06-06,9184
1905,華紙,41,31,10,群益金鼎-台中,2023-06-06,9184
2613,中櫃,10,0,10,群益金鼎-台中,2023-06-06,9184
1603,華電,10,0,10,群益金鼎-台中,2023-06-06,9184
1104,環泥,10,0,10,群益金鼎-台中,2023-06-06,9184
3029,零壹,15,5,10,群益金鼎-台中,2023-06-06,9184
2890,永豐金,10,0,10,群益金鼎-台中,2023-06-06,9184
5351,鈺創,11,1,10,群益金鼎-台中,2023-06-06,9184
2103,台橡,10,0,10,群益金鼎-台中,2023-06-06,9184
3661,世芯-KY,22,13,9,群益金鼎-台中,2023-06-06,9184
5864,致和證,11,2,9,群益金鼎-台中,2023-06-06,9184
6288,聯嘉,11,2,9,群益金鼎-台中,2023-06-06,9184
1528,恩德,59,50,9,群益金鼎-台中,2023-06-06,9184
1584,精剛,15,6,9,群益金鼎-台中,2023-06-06,9184
2413,環科,9,0,9,群益金鼎-台中,2023-06-06,9184
3019,亞光,9,0,9,群益金鼎-台中,2023-06-06,9184
1504,東元,11,3,8,群益金鼎-台中,2023-06-06,9184
2356,英業達,11,3,8,群益金鼎-台中,2023-06-06,9184
5478,智冠,8,0,8,群益金鼎-台中,2023-06-06,9184
2211,長榮鋼,8,0,8,群益金鼎-台中,2023-06-06,9184
2027,大成鋼,11,3,8,群益金鼎-台中,2023-06-06,9184
1308,亞聚,7,0,7,群益金鼎-台中,2023-06-06,9184
00928,中信上櫃ESG30,7,0,7,群益金鼎-台中,2023-06-06,9184
00632R,元大台灣50反1,392,30,362,群益金鼎-台中,2023-06-07,9184
5284,jpp-KY,149,2,147,群益金鼎-台中,2023-06-07,9184
00687B,國泰20年美債,128,25,103,群益金鼎-台中,2023-06-07,9184
3264,欣銓,101,1,100,群益金鼎-台中,2023-06-07,9184
3231,緯創,84,15,69,群益金鼎-台中,2023-06-07,9184
1102,亞泥,55,10,45,群益金鼎-台中,2023-06-07,9184
6164,華興,44,0,44,群益金鼎-台中,2023-06-07,9184
3481,群創,59,20,39,群益金鼎-台中,2023-06-07,9184
3346,麗清,41,7,34,群益金鼎-台中,2023-06-07,9184
00637L,元大滬深300正2,35,1,34,群益金鼎-台中,2023-06-07,9184
1907,永豐餘,28,2,26,群益金鼎-台中,2023-06-07,9184
2489,瑞軒,32,11,21,群益金鼎-台中,2023-06-07,9184
1736,喬山,20,0,20,群益金鼎-台中,2023-06-07,9184
2030,彰源,20,0,20,群益金鼎-台中,2023-06-07,9184
5302,太欣,20,0,20,群益金鼎-台中,2023-06-07,9184
00712,復華富時不動產,18,0,18,群益金鼎-台中,2023-06-07,9184
4533,協易機,19,2,17,群益金鼎-台中,2023-06-07,9184
00636,國泰中國A50,17,0,17,群益金鼎-台中,2023-06-07,9184
2368,金像電,30,13,17,群益金鼎-台中,2023-06-07,9184
6282,康舒,40,24,16,群益金鼎-台中,2023-06-07,9184
1219,福壽,19,4,15,群益金鼎-台中,2023-06-07,9184
00878,國泰永續高股息,19,6,13,群益金鼎-台中,2023-06-07,9184
2722,夏都,37,24,13,群益金鼎-台中,2023-06-07,9184
00928,中信上櫃ESG30,20,7,13,群益金鼎-台中,2023-06-07,9184
5706,鳳凰,50,37,13,群益金鼎-台中,2023-06-07,9184
2313,華通,13,1,12,群益金鼎-台中,2023-06-07,9184
6270,倍微,13,1,12,群益金鼎-台中,2023-06-07,9184
3306,鼎天,14,3,11,群益金鼎-台中,2023-06-07,9184
1815,富喬,15,4,11,群益金鼎-台中,2023-06-07,9184
3374,精材,14,3,11,群益金鼎-台中,2023-06-07,9184
5475,德宏,10,0,10,群益金鼎-台中,2023-06-07,9184
2038,海光,10,0,10,群益金鼎-台中,2023-06-07,9184
3624,光頡,10,0,10,群益金鼎-台中,2023-06-07,9184
6244,茂迪,14,4,10,群益金鼎-台中,2023-06-07,9184
8478,東哥遊艇,13,3,10,群益金鼎-台中,2023-06-07,9184
2614,東森,10,0,10,群益金鼎-台中,2023-06-07,9184
3325,旭品,12,2,10,群益金鼎-台中,2023-06-07,9184
1519,華城,29,19,10,群益金鼎-台中,2023-06-07,9184
2317,鴻海,11,2,9,群益金鼎-台中,2023-06-07,9184
1514,亞力,11,2,9,群益金鼎-台中,2023-06-07,9184
1785,光洋科,32,23,9,群益金鼎-台中,2023-06-07,9184
8940,新天地,15,6,9,群益金鼎-台中,2023-06-07,9184
9945,潤泰新,19,11,8,群益金鼎-台中,2023-06-07,9184
2419,仲琦,8,0,8,群益金鼎-台中,2023-06-07,9184
3236,千如,8,0,8,群益金鼎-台中,2023-06-07,9184
5603,陸海,10,2,8,群益金鼎-台中,2023-06-07,9184
2734,易飛網,10,2,8,群益金鼎-台中,2023-06-07,9184
6743,安普新,10,2,8,群益金鼎-台中,2023-06-07,9184
2425,承啟,12,4,8,群益金鼎-台中,2023-06-07,9184
6188,廣明,10,3,7,群益金鼎-台中,2023-06-07,9184
00751B,元大AAA至A公司債,168,0,168,群益金鼎-台中,2023-06-08,9184
00687B,國泰20年美債,134,21,113,群益金鼎-台中,2023-06-08,9184
1609,大亞,326,246,80,群益金鼎-台中,2023-06-08,9184
2618,長榮航,120,50,70,群益金鼎-台中,2023-06-08,9184
00772B,中信高評級公司債,65,0,65,群益金鼎-台中,2023-06-08,9184
2888,新光金,76,15,61,群益金鼎-台中,2023-06-08,9184
00919,群益台灣精選高息,65,14,51,群益金鼎-台中,2023-06-08,9184
2801,彰銀,50,2,48,群益金鼎-台中,2023-06-08,9184
00878,國泰永續高股息,56,10,46,群益金鼎-台中,2023-06-08,9184
5302,太欣,44,0,44,群益金鼎-台中,2023-06-08,9184
2201,裕隆,45,1,44,群益金鼎-台中,2023-06-08,9184
1907,永豐餘,37,1,36,群益金鼎-台中,2023-06-08,9184
00679B,元大美債20年,36,0,36,群益金鼎-台中,2023-06-08,9184
3027,盛達,44,10,34,群益金鼎-台中,2023-06-08,9184
00927,群益半導體收益,44,12,32,群益金鼎-台中,2023-06-08,9184
00928,中信上櫃ESG30,31,0,31,群益金鼎-台中,2023-06-08,9184
2030,彰源,30,0,30,群益金鼎-台中,2023-06-08,9184
3264,欣銓,30,0,30,群益金鼎-台中,2023-06-08,9184
4958,臻鼎-KY,30,0,30,群益金鼎-台中,2023-06-08,9184
5516,雙喜,30,0,30,群益金鼎-台中,2023-06-08,9184
2882,國泰金,27,0,27,群益金鼎-台中,2023-06-08,9184
3029,零壹,31,4,27,群益金鼎-台中,2023-06-08,9184
3037,欣興,35,8,27,群益金鼎-台中,2023-06-08,9184
00720B,元大投資級公司債,23,0,23,群益金鼎-台中,2023-06-08,9184
1473,台南,23,0,23,群益金鼎-台中,2023-06-08,9184
2419,仲琦,22,0,22,群益金鼎-台中,2023-06-08,9184
1612,宏泰,28,7,21,群益金鼎-台中,2023-06-08,9184
2881,富邦金,20,0,20,群益金鼎-台中,2023-06-08,9184
0056,元大高股息,29,9,20,群益金鼎-台中,2023-06-08,9184
2344,華邦電,22,2,20,群益金鼎-台中,2023-06-08,9184
3630,新鉅科,25,5,20,群益金鼎-台中,2023-06-08,9184
00680L,元大美債20正2,18,0,18,群益金鼎-台中,2023-06-08,9184
2206,三陽工業,38,22,16,群益金鼎-台中,2023-06-08,9184
6143,振曜,17,2,15,群益金鼎-台中,2023-06-08,9184
3054,立萬利,15,0,15,群益金鼎-台中,2023-06-08,9184
6288,聯嘉,21,6,15,群益金鼎-台中,2023-06-08,9184
00712,復華富時不動產,15,1,14,群益金鼎-台中,2023-06-08,9184
3338,泰碩,16,2,14,群益金鼎-台中,2023-06-08,9184
3498,陽程,14,1,13,群益金鼎-台中,2023-06-08,9184
6139,亞翔,18,5,13,群益金鼎-台中,2023-06-08,9184
1524,耿鼎,52,39,13,群益金鼎-台中,2023-06-08,9184
2399,映泰,13,1,12,群益金鼎-台中,2023-06-08,9184
3363,上詮,12,0,12,群益金鼎-台中,2023-06-08,9184
2609,陽明,23,11,12,群益金鼎-台中,2023-06-08,9184
5443,均豪,12,1,11,群益金鼎-台中,2023-06-08,9184
4976,佳凌,11,0,11,群益金鼎-台中,2023-06-08,9184
1504,東元,35,24,11,群益金鼎-台中,2023-06-08,9184
4754,國碳科,11,0,11,群益金鼎-台中,2023-06-08,9184
5704,老爺知,10,0,10,群益金鼎-台中,2023-06-08,9184
1506,正道,10,0,10,群益金鼎-台中,2023-06-08,9184
00688L,國泰20年美債正2,172,0,172,群益金鼎-台中,2023-06-09,9184
00929,復華台灣科技優息,112,32,80,群益金鼎-台中,2023-06-09,9184
00740B,富邦全球投等債,70,0,70,群益金鼎-台中,2023-06-09,9184
2618,長榮航,88,31,57,群益金鼎-台中,2023-06-09,9184
00632R,元大台灣50反1,72,25,47,群益金鼎-台中,2023-06-09,9184
00712,復華富時不動產,46,0,46,群益金鼎-台中,2023-06-09,9184
3264,欣銓,61,22,39,群益金鼎-台中,2023-06-09,9184
00671R,富邦NASDAQ反1,38,0,38,群益金鼎-台中,2023-06-09,9184
2610,華航,52,15,37,群益金鼎-台中,2023-06-09,9184
4157,太景*-KY,41,4,37,群益金鼎-台中,2023-06-09,9184
2888,新光金,41,4,37,群益金鼎-台中,2023-06-09,9184
1473,台南,34,0,34,群益金鼎-台中,2023-06-09,9184
2312,金寶,40,12,28,群益金鼎-台中,2023-06-09,9184
6122,擎邦,78,53,25,群益金鼎-台中,2023-06-09,9184
00715L,期街口布蘭特正2,33,8,25,群益金鼎-台中,2023-06-09,9184
00919,群益台灣精選高息,53,28,25,群益金鼎-台中,2023-06-09,9184
2344,華邦電,30,6,24,群益金鼎-台中,2023-06-09,9184
5498,凱崴,20,0,20,群益金鼎-台中,2023-06-09,9184
00725B,國泰投資級公司債,20,0,20,群益金鼎-台中,2023-06-09,9184
00773B,中信優先金融債,20,2,18,群益金鼎-台中,2023-06-09,9184
3058,立德,19,1,18,群益金鼎-台中,2023-06-09,9184
1104,環泥,19,1,18,群益金鼎-台中,2023-06-09,9184
4958,臻鼎-KY,17,0,17,群益金鼎-台中,2023-06-09,9184
6125,廣運,57,41,16,群益金鼎-台中,2023-06-09,9184
2882,國泰金,16,0,16,群益金鼎-台中,2023-06-09,9184
5426,振發,15,0,15,群益金鼎-台中,2023-06-09,9184
3048,益登,15,0,15,群益金鼎-台中,2023-06-09,9184
2739,寒舍,14,0,14,群益金鼎-台中,2023-06-09,9184
6282,康舒,19,5,14,群益金鼎-台中,2023-06-09,9184
5469,瀚宇博,13,0,13,群益金鼎-台中,2023-06-09,9184
4207,環泰,13,1,12,群益金鼎-台中,2023-06-09,9184
1533,車王電,17,5,12,群益金鼎-台中,2023-06-09,9184
3260,威剛,14,2,12,群益金鼎-台中,2023-06-09,9184
1419,新紡,13,1,12,群益金鼎-台中,2023-06-09,9184
2352,佳世達,30,19,11,群益金鼎-台中,2023-06-09,9184
1504,東元,15,4,11,群益金鼎-台中,2023-06-09,9184
1709,和益,11,0,11,群益金鼎-台中,2023-06-09,9184
3594,磐儀,11,0,11,群益金鼎-台中,2023-06-09,9184
3025,星通,41,31,10,群益金鼎-台中,2023-06-09,9184
2408,南亞科,10,0,10,群益金鼎-台中,2023-06-09,9184
8097,常珵,10,0,10,群益金鼎-台中,2023-06-09,9184
5009,榮剛,13,3,10,群益金鼎-台中,2023-06-09,9184
2425,承啟,13,3,10,群益金鼎-台中,2023-06-09,9184
3624,光頡,10,0,10,群益金鼎-台中,2023-06-09,9184
2482,連宇,41,31,10,群益金鼎-台中,2023-06-09,9184
2712,遠雄來,10,1,9,群益金鼎-台中,2023-06-09,9184
00679B,元大美債20年,12,3,9,群益金鼎-台中,2023-06-09,9184
2457,飛宏,13,5,8,群益金鼎-台中,2023-06-09,9184
2515,中工,13,5,8,群益金鼎-台中,2023-06-09,9184
3346,麗清,12,4,8,群益金鼎-台中,2023-06-09,9184
00632R,元大台灣50反1,180,60,120,群益金鼎-台中,2023-06-12,9184
2618,長榮航,146,47,99,群益金鼎-台中,2023-06-12,9184
2888,新光金,136,59,77,群益金鼎-台中,2023-06-12,9184
00715L,期街口布蘭特正2,65,5,60,群益金鼎-台中,2023-06-12,9184
3264,欣銓,53,12,41,群益金鼎-台中,2023-06-12,9184
2356,英業達,41,4,37,群益金鼎-台中,2023-06-12,9184
1102,亞泥,46,10,36,群益金鼎-台中,2023-06-12,9184
00919,群益台灣精選高息,42,10,32,群益金鼎-台中,2023-06-12,9184
00712,復華富時不動產,36,5,31,群益金鼎-台中,2023-06-12,9184
2457,飛宏,46,17,29,群益金鼎-台中,2023-06-12,9184
2739,寒舍,27,0,27,群益金鼎-台中,2023-06-12,9184
6116,彩晶,25,0,25,群益金鼎-台中,2023-06-12,9184
2515,中工,25,0,25,群益金鼎-台中,2023-06-12,9184
2324,仁寶,31,8,23,群益金鼎-台中,2023-06-12,9184
1605,華新,34,12,22,群益金鼎-台中,2023-06-12,9184
5222,全訊,27,5,22,群益金鼎-台中,2023-06-12,9184
1101,台泥,21,0,21,群益金鼎-台中,2023-06-12,9184
4958,臻鼎-KY,21,0,21,群益金鼎-台中,2023-06-12,9184
6661,威健生技,20,0,20,群益金鼎-台中,2023-06-12,9184
2536,宏普,20,0,20,群益金鼎-台中,2023-06-12,9184
2382,廣達,35,17,18,群益金鼎-台中,2023-06-12,9184
1752,南光,20,2,18,群益金鼎-台中,2023-06-12,9184
2882,國泰金,18,0,18,群益金鼎-台中,2023-06-12,9184
2906,高林,16,0,16,群益金鼎-台中,2023-06-12,9184
6282,康舒,36,21,15,群益金鼎-台中,2023-06-12,9184
5465,富驊,30,16,14,群益金鼎-台中,2023-06-12,9184
3576,聯合再生,19,6,13,群益金鼎-台中,2023-06-12,9184
1529,樂事綠能,30,17,13,群益金鼎-台中,2023-06-12,9184
2610,華航,29,16,13,群益金鼎-台中,2023-06-12,9184
2436,偉詮電,14,2,12,群益金鼎-台中,2023-06-12,9184
8358,金居,17,5,12,群益金鼎-台中,2023-06-12,9184
6139,亞翔,13,1,12,群益金鼎-台中,2023-06-12,9184
1905,華紙,15,3,12,群益金鼎-台中,2023-06-12,9184
2485,兆赫,33,21,12,群益金鼎-台中,2023-06-12,9184
8210,勤誠,28,16,12,群益金鼎-台中,2023-06-12,9184
3624,光頡,11,0,11,群益金鼎-台中,2023-06-12,9184
6148,驊宏資,11,0,11,群益金鼎-台中,2023-06-12,9184
00929,復華台灣科技優息,13,2,11,群益金鼎-台中,2023-06-12,9184
2337,旺宏,15,4,11,群益金鼎-台中,2023-06-12,9184
3022,威強電,10,0,10,群益金鼎-台中,2023-06-12,9184
3284,太普高,10,0,10,群益金鼎-台中,2023-06-12,9184
3520,華盈,10,0,10,群益金鼎-台中,2023-06-12,9184
8478,東哥遊艇,27,17,10,群益金鼎-台中,2023-06-12,9184
1717,長興,10,0,10,群益金鼎-台中,2023-06-12,9184
1611,中電,9,0,9,群益金鼎-台中,2023-06-12,9184
2442,新美齊,9,0,9,群益金鼎-台中,2023-06-12,9184
2718,全心投控,9,0,9,群益金鼎-台中,2023-06-12,9184
2338,光罩,10,1,9,群益金鼎-台中,2023-06-12,9184
5324,士開,9,0,9,群益金鼎-台中,2023-06-12,9184
3029,零壹,9,0,9,群益金鼎-台中,2023-06-12,9184
00632R,元大台灣50反1,546,120,426,群益金鼎-台中,2023-06-13,9184
00715L,期街口布蘭特正2,209,5,204,群益金鼎-台中,2023-06-13,9184
00919,群益台灣精選高息,206,5,201,群益金鼎-台中,2023-06-13,9184
00896,中信綠能及電動車,70,0,70,群益金鼎-台中,2023-06-13,9184
00929,復華台灣科技優息,52,0,52,群益金鼎-台中,2023-06-13,9184
2312,金寶,58,10,48,群益金鼎-台中,2023-06-13,9184
1605,華新,48,8,40,群益金鼎-台中,2023-06-13,9184
6125,廣運,73,35,38,群益金鼎-台中,2023-06-13,9184
2324,仁寶,49,14,35,群益金鼎-台中,2023-06-13,9184
6288,聯嘉,82,51,31,群益金鼎-台中,2023-06-13,9184
00642U,期元大S＆P石油,36,5,31,群益金鼎-台中,2023-06-13,9184
00665L,富邦�琤肭磪囓�2,30,0,30,群益金鼎-台中,2023-06-13,9184
1102,亞泥,21,0,21,群益金鼎-台中,2023-06-13,9184
3032,偉訓,26,6,20,群益金鼎-台中,2023-06-13,9184
1609,大亞,50,31,19,群益金鼎-台中,2023-06-13,9184
3078,僑威,136,117,19,群益金鼎-台中,2023-06-13,9184
3652,精聯,26,11,15,群益金鼎-台中,2023-06-13,9184
4533,協易機,19,5,14,群益金鼎-台中,2023-06-13,9184
3046,建��,60,47,13,群益金鼎-台中,2023-06-13,9184
2634,漢翔,28,16,12,群益金鼎-台中,2023-06-13,9184
2402,毅嘉,12,0,12,群益金鼎-台中,2023-06-13,9184
3042,晶技,11,0,11,群益金鼎-台中,2023-06-13,9184
4157,太景*-KY,11,0,11,群益金鼎-台中,2023-06-13,9184
5706,鳳凰,39,29,10,群益金鼎-台中,2023-06-13,9184
3576,聯合再生,12,2,10,群益金鼎-台中,2023-06-13,9184
3715,定穎投控,10,0,10,群益金鼎-台中,2023-06-13,9184
2006,東和鋼鐵,10,0,10,群益金鼎-台中,2023-06-13,9184
3666,光耀,11,1,10,群益金鼎-台中,2023-06-13,9184
1907,永豐餘,11,1,10,群益金鼎-台中,2023-06-13,9184
9939,宏全,10,0,10,群益金鼎-台中,2023-06-13,9184
8087,麗升能源,10,0,10,群益金鼎-台中,2023-06-13,9184
8092,建暐,10,0,10,群益金鼎-台中,2023-06-13,9184
5871,中租-KY,9,0,9,群益金鼎-台中,2023-06-13,9184
2399,映泰,10,1,9,群益金鼎-台中,2023-06-13,9184
5425,台半,22,13,9,群益金鼎-台中,2023-06-13,9184
6122,擎邦,18,9,9,群益金鼎-台中,2023-06-13,9184
00679B,元大美債20年,9,1,8,群益金鼎-台中,2023-06-13,9184
5258,虹堡,30,22,8,群益金鼎-台中,2023-06-13,9184
3434,哲固,8,0,8,群益金鼎-台中,2023-06-13,9184
1101,台泥,8,0,8,群益金鼎-台中,2023-06-13,9184
3374,精材,16,9,7,群益金鼎-台中,2023-06-13,9184
3661,世芯-KY,21,14,7,群益金鼎-台中,2023-06-13,9184
8358,金居,9,2,7,群益金鼎-台中,2023-06-13,9184
00712,復華富時不動產,18,11,7,群益金鼎-台中,2023-06-13,9184
4961,天鈺,13,6,7,群益金鼎-台中,2023-06-13,9184
8050,廣積,13,6,7,群益金鼎-台中,2023-06-13,9184
5478,智冠,6,0,6,群益金鼎-台中,2023-06-13,9184
3062,建漢,6,0,6,群益金鼎-台中,2023-06-13,9184
4503,金雨,6,0,6,群益金鼎-台中,2023-06-13,9184
2323,中環,6,0,6,群益金鼎-台中,2023-06-13,9184
00632R,元大台灣50反1,105,0,105,群益金鼎-台中,2023-06-14,9184
00665L,富邦�琤肭磪囓�2,100,10,90,群益金鼎-台中,2023-06-14,9184
00687B,國泰20年美債,52,2,50,群益金鼎-台中,2023-06-14,9184
8076,伍豐,51,11,40,群益金鼎-台中,2023-06-14,9184
4173,久裕,40,2,38,群益金鼎-台中,2023-06-14,9184
6770,力積電,35,0,35,群益金鼎-台中,2023-06-14,9184
3037,欣興,38,5,33,群益金鼎-台中,2023-06-14,9184
6125,廣運,81,48,33,群益金鼎-台中,2023-06-14,9184
3141,晶宏,39,8,31,群益金鼎-台中,2023-06-14,9184
00919,群益台灣精選高息,35,5,30,群益金鼎-台中,2023-06-14,9184
3498,陽程,27,0,27,群益金鼎-台中,2023-06-14,9184
2382,廣達,36,10,26,群益金鼎-台中,2023-06-14,9184
2449,京元電子,44,19,25,群益金鼎-台中,2023-06-14,9184
00712,復華富時不動產,23,0,23,群益金鼎-台中,2023-06-14,9184
6116,彩晶,23,0,23,群益金鼎-台中,2023-06-14,9184
3264,欣銓,59,36,23,群益金鼎-台中,2023-06-14,9184
2301,光寶科,35,13,22,群益金鼎-台中,2023-06-14,9184
2356,英業達,116,94,22,群益金鼎-台中,2023-06-14,9184
3346,麗清,27,6,21,群益金鼎-台中,2023-06-14,9184
1308,亞聚,20,0,20,群益金鼎-台中,2023-06-14,9184
00927,群益半導體收益,26,6,20,群益金鼎-台中,2023-06-14,9184
00929,復華台灣科技優息,22,3,19,群益金鼎-台中,2023-06-14,9184
1609,大亞,40,21,19,群益金鼎-台中,2023-06-14,9184
1568,倉佑,17,0,17,群益金鼎-台中,2023-06-14,9184
1789,神隆,15,0,15,群益金鼎-台中,2023-06-14,9184
1906,寶隆,15,0,15,群益金鼎-台中,2023-06-14,9184
2228,劍麟,16,2,14,群益金鼎-台中,2023-06-14,9184
3078,僑威,42,28,14,群益金鼎-台中,2023-06-14,9184
9938,百和,13,0,13,群益金鼎-台中,2023-06-14,9184
00713,元大台灣高息低波,12,0,12,群益金鼎-台中,2023-06-14,9184
2211,長榮鋼,15,3,12,群益金鼎-台中,2023-06-14,9184
3356,奇偶,28,16,12,群益金鼎-台中,2023-06-14,9184
2399,映泰,17,5,12,群益金鼎-台中,2023-06-14,9184
6290,良維,12,1,11,群益金鼎-台中,2023-06-14,9184
1219,福壽,10,0,10,群益金鼎-台中,2023-06-14,9184
5475,德宏,10,0,10,群益金鼎-台中,2023-06-14,9184
3284,太普高,10,0,10,群益金鼎-台中,2023-06-14,9184
4157,太景*-KY,10,0,10,群益金鼎-台中,2023-06-14,9184
2618,長榮航,217,208,9,群益金鼎-台中,2023-06-14,9184
2482,連宇,29,20,9,群益金鼎-台中,2023-06-14,9184
00772B,中信高評級公司債,16,7,9,群益金鼎-台中,2023-06-14,9184
4967,十銓,11,2,9,群益金鼎-台中,2023-06-14,9184
00885,富邦越南,13,4,9,群益金鼎-台中,2023-06-14,9184
3027,盛達,13,4,9,群益金鼎-台中,2023-06-14,9184
1522,堤維西,91,82,9,群益金鼎-台中,2023-06-14,9184
2743,山富,48,39,9,群益金鼎-台中,2023-06-14,9184
1101,台泥,9,0,9,群益金鼎-台中,2023-06-14,9184
00679B,元大美債20年,8,0,8,群益金鼎-台中,2023-06-14,9184
00722B,群益投資級電信債,8,0,8,群益金鼎-台中,2023-06-14,9184
6605,帝寶,11,3,8,群益金鼎-台中,2023-06-14,9184
00720B,元大投資級公司債,120,0,120,群益金鼎-台中,2023-06-15,9184
2618,長榮航,501,384,117,群益金鼎-台中,2023-06-15,9184
00632R,元大台灣50反1,89,3,86,群益金鼎-台中,2023-06-15,9184
00712,復華富時不動產,81,0,81,群益金鼎-台中,2023-06-15,9184
00751B,元大AAA至A公司債,75,2,73,群益金鼎-台中,2023-06-15,9184
00830,國泰費城半導體,50,0,50,群益金鼎-台中,2023-06-15,9184
00919,群益台灣精選高息,81,34,47,群益金鼎-台中,2023-06-15,9184
2489,瑞軒,47,1,46,群益金鼎-台中,2023-06-15,9184
00893,國泰智能電動車,52,6,46,群益金鼎-台中,2023-06-15,9184
4534,慶騰,43,1,42,群益金鼎-台中,2023-06-15,9184
2888,新光金,45,5,40,群益金鼎-台中,2023-06-15,9184
1609,大亞,68,29,39,群益金鼎-台中,2023-06-15,9184
2371,大同,71,33,38,群益金鼎-台中,2023-06-15,9184
00713,元大台灣高息低波,32,4,28,群益金鼎-台中,2023-06-15,9184
3013,晟銘電,47,23,24,群益金鼎-台中,2023-06-15,9184
8926,台汽電,44,20,24,群益金鼎-台中,2023-06-15,9184
00929,復華台灣科技優息,27,6,21,群益金鼎-台中,2023-06-15,9184
4958,臻鼎-KY,21,0,21,群益金鼎-台中,2023-06-15,9184
00664R,國泰臺灣加權反1,20,0,20,群益金鼎-台中,2023-06-15,9184
3543,州巧,20,0,20,群益金鼎-台中,2023-06-15,9184
4533,協易機,35,17,18,群益金鼎-台中,2023-06-15,9184
1522,堤維西,114,96,18,群益金鼎-台中,2023-06-15,9184
2421,建準,52,36,16,群益金鼎-台中,2023-06-15,9184
6167,久正,16,0,16,群益金鼎-台中,2023-06-15,9184
6799,來頡,16,0,16,群益金鼎-台中,2023-06-15,9184
2603,長榮,28,13,15,群益金鼎-台中,2023-06-15,9184
3308,聯德,18,4,14,群益金鼎-台中,2023-06-15,9184
1514,亞力,31,18,13,群益金鼎-台中,2023-06-15,9184
4510,高鋒,21,8,13,群益金鼎-台中,2023-06-15,9184
2454,聯發科,13,0,13,群益金鼎-台中,2023-06-15,9184
1521,大億,12,0,12,群益金鼎-台中,2023-06-15,9184
4974,亞泰,12,0,12,群益金鼎-台中,2023-06-15,9184
3576,聯合再生,19,8,11,群益金鼎-台中,2023-06-15,9184
6166,凌華,18,7,11,群益金鼎-台中,2023-06-15,9184
1560,中砂,26,15,11,群益金鼎-台中,2023-06-15,9184
2409,友達,10,0,10,群益金鼎-台中,2023-06-15,9184
01007T,兆豐國泰R2,10,0,10,群益金鼎-台中,2023-06-15,9184
8936,國統,10,0,10,群益金鼎-台中,2023-06-15,9184
2425,承啟,14,4,10,群益金鼎-台中,2023-06-15,9184
2705,六福,14,4,10,群益金鼎-台中,2023-06-15,9184
00733,富邦臺灣中小,10,0,10,群益金鼎-台中,2023-06-15,9184
3661,世芯-KY,28,18,10,群益金鼎-台中,2023-06-15,9184
1905,華紙,9,0,9,群益金鼎-台中,2023-06-15,9184
5512,力麒,10,1,9,群益金鼎-台中,2023-06-15,9184
4906,正文,10,1,9,群益金鼎-台中,2023-06-15,9184
2002,中鋼,20,12,8,群益金鼎-台中,2023-06-15,9184
1605,華新,11,3,8,群益金鼎-台中,2023-06-15,9184
1568,倉佑,8,0,8,群益金鼎-台中,2023-06-15,9184
6596,寬宏藝術,14,6,8,群益金鼎-台中,2023-06-15,9184
2882,國泰金,15,7,8,群益金鼎-台中,2023-06-15,9184
00632R,元大台灣50反1,106,0,106,群益金鼎-台中,2023-06-16,9184
2618,長榮航,313,209,104,群益金鼎-台中,2023-06-16,9184
1605,華新,96,31,65,群益金鼎-台中,2023-06-16,9184
2409,友達,71,7,64,群益金鼎-台中,2023-06-16,9184
00919,群益台灣精選高息,62,9,53,群益金鼎-台中,2023-06-16,9184
2610,華航,291,243,48,群益金鼎-台中,2023-06-16,9184
3498,陽程,50,2,48,群益金鼎-台中,2023-06-16,9184
2356,英業達,167,119,48,群益金鼎-台中,2023-06-16,9184
5258,虹堡,85,39,46,群益金鼎-台中,2023-06-16,9184
3013,晟銘電,62,20,42,群益金鼎-台中,2023-06-16,9184
1722,台肥,40,0,40,群益金鼎-台中,2023-06-16,9184
2457,飛宏,42,5,37,群益金鼎-台中,2023-06-16,9184
6116,彩晶,38,5,33,群益金鼎-台中,2023-06-16,9184
2353,宏��,43,13,30,群益金鼎-台中,2023-06-16,9184
2201,裕隆,60,32,28,群益金鼎-台中,2023-06-16,9184
6127,九豪,29,2,27,群益金鼎-台中,2023-06-16,9184
2211,長榮鋼,27,0,27,群益金鼎-台中,2023-06-16,9184
2344,華邦電,30,4,26,群益金鼎-台中,2023-06-16,9184
4744,皇將,26,1,25,群益金鼎-台中,2023-06-16,9184
2834,臺企銀,25,1,24,群益金鼎-台中,2023-06-16,9184
8926,台汽電,31,7,24,群益金鼎-台中,2023-06-16,9184
2105,正新,30,7,23,群益金鼎-台中,2023-06-16,9184
2882,國泰金,25,3,22,群益金鼎-台中,2023-06-16,9184
3706,神達,113,92,21,群益金鼎-台中,2023-06-16,9184
5498,凱崴,20,0,20,群益金鼎-台中,2023-06-16,9184
00671R,富邦NASDAQ反1,20,0,20,群益金鼎-台中,2023-06-16,9184
6282,康舒,31,11,20,群益金鼎-台中,2023-06-16,9184
00712,復華富時不動產,26,6,20,群益金鼎-台中,2023-06-16,9184
2449,京元電子,21,2,19,群益金鼎-台中,2023-06-16,9184
8403,盛弘,18,0,18,群益金鼎-台中,2023-06-16,9184
3443,創意,23,6,17,群益金鼎-台中,2023-06-16,9184
00924,復華S＆P500成長,17,0,17,群益金鼎-台中,2023-06-16,9184
5351,鈺創,18,1,17,群益金鼎-台中,2023-06-16,9184
3231,緯創,81,65,16,群益金鼎-台中,2023-06-16,9184
3481,群創,28,12,16,群益金鼎-台中,2023-06-16,9184
00648R,元大S＆P500反1,15,0,15,群益金鼎-台中,2023-06-16,9184
6120,達運,15,0,15,群益金鼎-台中,2023-06-16,9184
2392,正崴,15,0,15,群益金鼎-台中,2023-06-16,9184
00669R,國泰美國道瓊反1,15,0,15,群益金鼎-台中,2023-06-16,9184
5706,鳳凰,22,7,15,群益金鼎-台中,2023-06-16,9184
00713,元大台灣高息低波,14,0,14,群益金鼎-台中,2023-06-16,9184
2371,大同,262,248,14,群益金鼎-台中,2023-06-16,9184
4207,環泰,18,5,13,群益金鼎-台中,2023-06-16,9184
1529,樂事綠能,39,26,13,群益金鼎-台中,2023-06-16,9184
4958,臻鼎-KY,12,0,12,群益金鼎-台中,2023-06-16,9184
0056,元大高股息,22,10,12,群益金鼎-台中,2023-06-16,9184
2748,雲品,16,5,11,群益金鼎-台中,2023-06-16,9184
00903,富邦元宇宙,11,0,11,群益金鼎-台中,2023-06-16,9184
00885,富邦越南,31,21,10,群益金鼎-台中,2023-06-16,9184
3038,全台,10,0,10,群益金鼎-台中,2023-06-16,9184
00665L,富邦�琤肭磪囓�2,80,0,80,群益金鼎-台中,2023-06-19,9184
1722,台肥,82,5,77,群益金鼎-台中,2023-06-19,9184
1528,恩德,75,7,68,群益金鼎-台中,2023-06-19,9184
2104,國際中橡,63,2,61,群益金鼎-台中,2023-06-19,9184
2883,凱基金,56,0,56,群益金鼎-台中,2023-06-19,9184
2030,彰源,50,0,50,群益金鼎-台中,2023-06-19,9184
00919,群益台灣精選高息,54,6,48,群益金鼎-台中,2023-06-19,9184
6120,達運,41,4,37,群益金鼎-台中,2023-06-19,9184
2312,金寶,93,57,36,群益金鼎-台中,2023-06-19,9184
1513,中興電,83,55,28,群益金鼎-台中,2023-06-19,9184
5880,合庫金,26,0,26,群益金鼎-台中,2023-06-19,9184
3046,建��,36,10,26,群益金鼎-台中,2023-06-19,9184
2027,大成鋼,32,6,26,群益金鼎-台中,2023-06-19,9184
00673R,期元大S＆P原油反1,25,0,25,群益金鼎-台中,2023-06-19,9184
00679B,元大美債20年,27,2,25,群益金鼎-台中,2023-06-19,9184
2405,輔信,41,17,24,群益金鼎-台中,2023-06-19,9184
2371,大同,103,79,24,群益金鼎-台中,2023-06-19,9184
2449,京元電子,22,1,21,群益金鼎-台中,2023-06-19,9184
00720B,元大投資級公司債,20,0,20,群益金鼎-台中,2023-06-19,9184
8936,國統,20,0,20,群益金鼎-台中,2023-06-19,9184
00664R,國泰臺灣加權反1,20,0,20,群益金鼎-台中,2023-06-19,9184
2201,裕隆,20,0,20,群益金鼎-台中,2023-06-19,9184
6550,北極星藥業-KY,22,3,19,群益金鼎-台中,2023-06-19,9184
00929,復華台灣科技優息,20,1,19,群益金鼎-台中,2023-06-19,9184
2421,建準,46,28,18,群益金鼎-台中,2023-06-19,9184
2401,凌陽,19,1,18,群益金鼎-台中,2023-06-19,9184
1504,東元,27,11,16,群益金鼎-台中,2023-06-19,9184
00888,永豐台灣ESG,16,0,16,群益金鼎-台中,2023-06-19,9184
3032,偉訓,16,0,16,群益金鼎-台中,2023-06-19,9184
3231,緯創,58,43,15,群益金鼎-台中,2023-06-19,9184
2211,長榮鋼,15,0,15,群益金鼎-台中,2023-06-19,9184
2356,英業達,50,35,15,群益金鼎-台中,2023-06-19,9184
2324,仁寶,22,8,14,群益金鼎-台中,2023-06-19,9184
00712,復華富時不動產,39,25,14,群益金鼎-台中,2023-06-19,9184
5258,虹堡,23,10,13,群益金鼎-台中,2023-06-19,9184
2382,廣達,42,31,11,群益金鼎-台中,2023-06-19,9184
2482,連宇,16,5,11,群益金鼎-台中,2023-06-19,9184
3011,今皓,14,3,11,群益金鼎-台中,2023-06-19,9184
2353,宏��,16,5,11,群益金鼎-台中,2023-06-19,9184
8033,雷虎,13,2,11,群益金鼎-台中,2023-06-19,9184
2303,聯電,11,1,10,群益金鼎-台中,2023-06-19,9184
3661,世芯-KY,13,3,10,群益金鼎-台中,2023-06-19,9184
01007T,兆豐國泰R2,10,0,10,群益金鼎-台中,2023-06-19,9184
2352,佳世達,10,0,10,群益金鼎-台中,2023-06-19,9184
3380,明泰,27,17,10,群益金鼎-台中,2023-06-19,9184
3498,陽程,10,0,10,群益金鼎-台中,2023-06-19,9184
2038,海光,20,10,10,群益金鼎-台中,2023-06-19,9184
2882,國泰金,10,0,10,群益金鼎-台中,2023-06-19,9184
3711,日月光投控,12,3,9,群益金鼎-台中,2023-06-19,9184
6485,點序,20,11,9,群益金鼎-台中,2023-06-19,9184
1722,台肥,113,0,113,群益金鼎-台中,2023-06-20,9184
00664R,國泰臺灣加權反1,105,0,105,群益金鼎-台中,2023-06-20,9184
3014,聯陽,72,4,68,群益金鼎-台中,2023-06-20,9184
2618,長榮航,78,29,49,群益金鼎-台中,2023-06-20,9184
1319,東陽,66,17,49,群益金鼎-台中,2023-06-20,9184
2323,中環,67,19,48,群益金鼎-台中,2023-06-20,9184
3025,星通,49,5,44,群益金鼎-台中,2023-06-20,9184
00921,兆豐龍頭等權重,34,0,34,群益金鼎-台中,2023-06-20,9184
2330,台積電,35,1,34,群益金鼎-台中,2023-06-20,9184
1742,台蠟,30,1,29,群益金鼎-台中,2023-06-20,9184
00632R,元大台灣50反1,100,72,28,群益金鼎-台中,2023-06-20,9184
1609,大亞,45,18,27,群益金鼎-台中,2023-06-20,9184
3056,富華新,34,12,22,群益金鼎-台中,2023-06-20,9184
6127,九豪,26,5,21,群益金鼎-台中,2023-06-20,9184
00919,群益台灣精選高息,62,42,20,群益金鼎-台中,2023-06-20,9184
2605,新興,20,0,20,群益金鼎-台中,2023-06-20,9184
3581,博磊,20,0,20,群益金鼎-台中,2023-06-20,9184
2409,友達,32,12,20,群益金鼎-台中,2023-06-20,9184
1514,亞力,22,3,19,群益金鼎-台中,2023-06-20,9184
2610,華航,189,170,19,群益金鼎-台中,2023-06-20,9184
5324,士開,20,2,18,群益金鼎-台中,2023-06-20,9184
2888,新光金,18,0,18,群益金鼎-台中,2023-06-20,9184
3481,群創,32,14,18,群益金鼎-台中,2023-06-20,9184
4108,懷特,16,0,16,群益金鼎-台中,2023-06-20,9184
2454,聯發科,16,2,14,群益金鼎-台中,2023-06-20,9184
2340,台亞,33,20,13,群益金鼎-台中,2023-06-20,9184
6180,橘子,16,3,13,群益金鼎-台中,2023-06-20,9184
2211,長榮鋼,13,0,13,群益金鼎-台中,2023-06-20,9184
9911,櫻花,13,0,13,群益金鼎-台中,2023-06-20,9184
00929,復華台灣科技優息,12,0,12,群益金鼎-台中,2023-06-20,9184
2913,農林,12,0,12,群益金鼎-台中,2023-06-20,9184
2382,廣達,19,8,11,群益金鼎-台中,2023-06-20,9184
1504,東元,24,13,11,群益金鼎-台中,2023-06-20,9184
2402,毅嘉,14,3,11,群益金鼎-台中,2023-06-20,9184
2331,精英,25,14,11,群益金鼎-台中,2023-06-20,9184
2022,聚亨,11,0,11,群益金鼎-台中,2023-06-20,9184
00679B,元大美債20年,10,0,10,群益金鼎-台中,2023-06-20,9184
00773B,中信優先金融債,10,0,10,群益金鼎-台中,2023-06-20,9184
4533,協易機,11,1,10,群益金鼎-台中,2023-06-20,9184
3520,華盈,10,0,10,群益金鼎-台中,2023-06-20,9184
2206,三陽工業,16,7,9,群益金鼎-台中,2023-06-20,9184
8446,華研,9,0,9,群益金鼎-台中,2023-06-20,9184
2601,益航,10,1,9,群益金鼎-台中,2023-06-20,9184
8940,新天地,10,1,9,群益金鼎-台中,2023-06-20,9184
6160,欣技,12,3,9,群益金鼎-台中,2023-06-20,9184
3024,憶聲,10,1,9,群益金鼎-台中,2023-06-20,9184
8033,雷虎,9,1,8,群益金鼎-台中,2023-06-20,9184
4904,遠傳,8,0,8,群益金鼎-台中,2023-06-20,9184
2511,太子,8,0,8,群益金鼎-台中,2023-06-20,9184
00885,富邦越南,8,0,8,群益金鼎-台中,2023-06-20,9184
6116,彩晶,117,12,105,群益金鼎-台中,2023-06-21,9184
3049,精金,60,2,58,群益金鼎-台中,2023-06-21,9184
00665L,富邦�琤肭磪囓�2,50,0,50,群益金鼎-台中,2023-06-21,9184
4916,事欣科,98,50,48,群益金鼎-台中,2023-06-21,9184
00919,群益台灣精選高息,39,2,37,群益金鼎-台中,2023-06-21,9184
020027,元大上櫃ESG成長N,30,0,30,群益金鼎-台中,2023-06-21,9184
1605,華新,33,7,26,群益金鼎-台中,2023-06-21,9184
2634,漢翔,99,73,26,群益金鼎-台中,2023-06-21,9184
6120,達運,169,146,23,群益金鼎-台中,2023-06-21,9184
2547,日勝生,21,0,21,群益金鼎-台中,2023-06-21,9184
1722,台肥,20,0,20,群益金鼎-台中,2023-06-21,9184
1218,泰山,20,0,20,群益金鼎-台中,2023-06-21,9184
8210,勤誠,30,11,19,群益金鼎-台中,2023-06-21,9184
2371,大同,113,94,19,群益金鼎-台中,2023-06-21,9184
00752,中信中國50,18,0,18,群益金鼎-台中,2023-06-21,9184
3037,欣興,18,1,17,群益金鼎-台中,2023-06-21,9184
1504,東元,21,5,16,群益金鼎-台中,2023-06-21,9184
3032,偉訓,47,31,16,群益金鼎-台中,2023-06-21,9184
2409,友達,50,36,14,群益金鼎-台中,2023-06-21,9184
4904,遠傳,14,0,14,群益金鼎-台中,2023-06-21,9184
3706,神達,23,10,13,群益金鼎-台中,2023-06-21,9184
3374,精材,16,4,12,群益金鼎-台中,2023-06-21,9184
2211,長榮鋼,12,0,12,群益金鼎-台中,2023-06-21,9184
00929,復華台灣科技優息,14,2,12,群益金鼎-台中,2023-06-21,9184
2331,精英,18,7,11,群益金鼎-台中,2023-06-21,9184
2618,長榮航,56,45,11,群益金鼎-台中,2023-06-21,9184
1907,永豐餘,16,5,11,群益金鼎-台中,2023-06-21,9184
2399,映泰,15,4,11,群益金鼎-台中,2023-06-21,9184
2457,飛宏,16,6,10,群益金鼎-台中,2023-06-21,9184
2511,太子,10,0,10,群益金鼎-台中,2023-06-21,9184
2425,承啟,10,0,10,群益金鼎-台中,2023-06-21,9184
5425,台半,19,9,10,群益金鼎-台中,2023-06-21,9184
1717,長興,10,1,9,群益金鼎-台中,2023-06-21,9184
5531,鄉林,9,0,9,群益金鼎-台中,2023-06-21,9184
00895,富邦未來車,10,1,9,群益金鼎-台中,2023-06-21,9184
1609,大亞,25,16,9,群益金鼎-台中,2023-06-21,9184
2408,南亞科,12,4,8,群益金鼎-台中,2023-06-21,9184
3346,麗清,8,0,8,群益金鼎-台中,2023-06-21,9184
00715L,期街口布蘭特正2,13,5,8,群益金鼎-台中,2023-06-21,9184
3027,盛達,36,28,8,群益金鼎-台中,2023-06-21,9184
2324,仁寶,9,1,8,群益金鼎-台中,2023-06-21,9184
2454,聯發科,8,1,7,群益金鼎-台中,2023-06-21,9184
2867,三商壽,11,4,7,群益金鼎-台中,2023-06-21,9184
2712,遠雄來,11,4,7,群益金鼎-台中,2023-06-21,9184
8033,雷虎,8,1,7,群益金鼎-台中,2023-06-21,9184
3058,立德,10,3,7,群益金鼎-台中,2023-06-21,9184
6176,瑞儀,8,2,6,群益金鼎-台中,2023-06-21,9184
1342,八貫,6,0,6,群益金鼎-台中,2023-06-21,9184
2615,萬海,8,2,6,群益金鼎-台中,2023-06-21,9184
3042,晶技,18,12,6,群益金鼎-台中,2023-06-21,9184
00637L,元大滬深300正2,117,4,113,群益金鼎-台中,2023-06-26,9184
2883,凱基金,107,0,107,群益金鼎-台中,2023-06-26,9184
6005,群益證,100,1,99,群益金鼎-台中,2023-06-26,9184
2023,燁輝,97,5,92,群益金鼎-台中,2023-06-26,9184
00632R,元大台灣50反1,213,130,83,群益金鼎-台中,2023-06-26,9184
2201,裕隆,69,0,69,群益金鼎-台中,2023-06-26,9184
00715L,期街口布蘭特正2,54,3,51,群益金鼎-台中,2023-06-26,9184
2303,聯電,56,8,48,群益金鼎-台中,2023-06-26,9184
1514,亞力,49,3,46,群益金鼎-台中,2023-06-26,9184
2618,長榮航,103,63,40,群益金鼎-台中,2023-06-26,9184
1609,大亞,58,21,37,群益金鼎-台中,2023-06-26,9184
2409,友達,38,6,32,群益金鼎-台中,2023-06-26,9184
6282,康舒,46,14,32,群益金鼎-台中,2023-06-26,9184
2067,嘉鋼,30,0,30,群益金鼎-台中,2023-06-26,9184
3498,陽程,26,0,26,群益金鼎-台中,2023-06-26,9184
2739,寒舍,26,1,25,群益金鼎-台中,2023-06-26,9184
3306,鼎天,27,4,23,群益金鼎-台中,2023-06-26,9184
1605,華新,23,1,22,群益金鼎-台中,2023-06-26,9184
00929,復華台灣科技優息,20,0,20,群益金鼎-台中,2023-06-26,9184
8358,金居,27,7,20,群益金鼎-台中,2023-06-26,9184
2547,日勝生,20,0,20,群益金鼎-台中,2023-06-26,9184
00919,群益台灣精選高息,20,1,19,群益金鼎-台中,2023-06-26,9184
00928,中信上櫃ESG30,18,0,18,群益金鼎-台中,2023-06-26,9184
2913,農林,26,9,17,群益金鼎-台中,2023-06-26,9184
00893,國泰智能電動車,32,15,17,群益金鼎-台中,2023-06-26,9184
1301,台塑,17,0,17,群益金鼎-台中,2023-06-26,9184
00714,群益道瓊美國地產,16,0,16,群益金鼎-台中,2023-06-26,9184
00885,富邦越南,21,7,14,群益金鼎-台中,2023-06-26,9184
2634,漢翔,54,41,13,群益金鼎-台中,2023-06-26,9184
2344,華邦電,17,4,13,群益金鼎-台中,2023-06-26,9184
4106,雃博,16,3,13,群益金鼎-台中,2023-06-26,9184
3231,緯創,66,53,13,群益金鼎-台中,2023-06-26,9184
00927,群益半導體收益,16,4,12,群益金鼎-台中,2023-06-26,9184
3013,晟銘電,12,0,12,群益金鼎-台中,2023-06-26,9184
2736,富野,12,0,12,群益金鼎-台中,2023-06-26,9184
6191,精成科,12,1,11,群益金鼎-台中,2023-06-26,9184
2889,國票金,13,2,11,群益金鼎-台中,2023-06-26,9184
2014,中鴻,16,5,11,群益金鼎-台中,2023-06-26,9184
2002,中鋼,13,2,11,群益金鼎-台中,2023-06-26,9184
2610,華航,29,19,10,群益金鼎-台中,2023-06-26,9184
2609,陽明,13,3,10,群益金鼎-台中,2023-06-26,9184
020020,元大台股領航N,10,0,10,群益金鼎-台中,2023-06-26,9184
2355,敬鵬,10,0,10,群益金鼎-台中,2023-06-26,9184
2615,萬海,10,0,10,群益金鼎-台中,2023-06-26,9184
6196,帆宣,15,5,10,群益金鼎-台中,2023-06-26,9184
2358,廷鑫,10,0,10,群益金鼎-台中,2023-06-26,9184
2482,連宇,10,0,10,群益金鼎-台中,2023-06-26,9184
4916,事欣科,15,5,10,群益金鼎-台中,2023-06-26,9184
6799,來頡,10,0,10,群益金鼎-台中,2023-06-26,9184
4915,致伸,10,0,10,群益金鼎-台中,2023-06-26,9184
6005,群益證,101,0,101,群益金鼎-台中,2023-06-27,9184
2547,日勝生,70,0,70,群益金鼎-台中,2023-06-27,9184
3231,緯創,90,33,57,群益金鼎-台中,2023-06-27,9184
00665L,富邦�琤肭磪囓�2,52,0,52,群益金鼎-台中,2023-06-27,9184
2618,長榮航,112,60,52,群益金鼎-台中,2023-06-27,9184
2362,藍天,40,0,40,群益金鼎-台中,2023-06-27,9184
0056,元大高股息,49,10,39,群益金鼎-台中,2023-06-27,9184
2201,裕隆,40,3,37,群益金鼎-台中,2023-06-27,9184
3481,群創,63,26,37,群益金鼎-台中,2023-06-27,9184
2883,凱基金,37,3,34,群益金鼎-台中,2023-06-27,9184
6188,廣明,50,19,31,群益金鼎-台中,2023-06-27,9184
1319,東陽,31,0,31,群益金鼎-台中,2023-06-27,9184
2355,敬鵬,30,0,30,群益金鼎-台中,2023-06-27,9184
2356,英業達,32,7,25,群益金鼎-台中,2023-06-27,9184
1605,華新,26,4,22,群益金鼎-台中,2023-06-27,9184
4744,皇將,23,3,20,群益金鼎-台中,2023-06-27,9184
3706,神達,22,3,19,群益金鼎-台中,2023-06-27,9184
2409,友達,43,25,18,群益金鼎-台中,2023-06-27,9184
3058,立德,20,2,18,群益金鼎-台中,2023-06-27,9184
8358,金居,20,3,17,群益金鼎-台中,2023-06-27,9184
2303,聯電,21,6,15,群益金鼎-台中,2023-06-27,9184
5009,榮剛,16,1,15,群益金鼎-台中,2023-06-27,9184
3202,樺晟,19,4,15,群益金鼎-台中,2023-06-27,9184
1101,台泥,13,0,13,群益金鼎-台中,2023-06-27,9184
3592,瑞鼎,13,0,13,群益金鼎-台中,2023-06-27,9184
2206,三陽工業,15,3,12,群益金鼎-台中,2023-06-27,9184
2739,寒舍,12,0,12,群益金鼎-台中,2023-06-27,9184
3673,TPK-KY,12,0,12,群益金鼎-台中,2023-06-27,9184
2801,彰銀,12,0,12,群益金鼎-台中,2023-06-27,9184
2349,錸德,11,0,11,群益金鼎-台中,2023-06-27,9184
3356,奇偶,65,54,11,群益金鼎-台中,2023-06-27,9184
1608,華榮,10,0,10,群益金鼎-台中,2023-06-27,9184
3029,零壹,10,0,10,群益金鼎-台中,2023-06-27,9184
2332,友訊,11,1,10,群益金鼎-台中,2023-06-27,9184
00680L,元大美債20正2,10,0,10,群益金鼎-台中,2023-06-27,9184
5512,力麒,10,0,10,群益金鼎-台中,2023-06-27,9184
2354,鴻準,10,0,10,群益金鼎-台中,2023-06-27,9184
3374,精材,19,9,10,群益金鼎-台中,2023-06-27,9184
4543,萬在,18,8,10,群益金鼎-台中,2023-06-27,9184
6209,今國光,9,0,9,群益金鼎-台中,2023-06-27,9184
1529,樂事綠能,11,2,9,群益金鼎-台中,2023-06-27,9184
2427,三商電,75,66,9,群益金鼎-台中,2023-06-27,9184
1907,永豐餘,11,2,9,群益金鼎-台中,2023-06-27,9184
2610,華航,168,159,9,群益金鼎-台中,2023-06-27,9184
3017,奇鋐,12,4,8,群益金鼎-台中,2023-06-27,9184
2408,南亞科,10,2,8,群益金鼎-台中,2023-06-27,9184
1409,新纖,8,0,8,群益金鼎-台中,2023-06-27,9184
00922,國泰台灣領袖50,8,0,8,群益金鼎-台中,2023-06-27,9184
2323,中環,22,14,8,群益金鼎-台中,2023-06-27,9184
1762,中化生,18,10,8,群益金鼎-台中,2023-06-27,9184
00715L,期街口布蘭特正2,126,8,118,群益金鼎-台中,2023-06-28,9184
1473,台南,73,0,73,群益金鼎-台中,2023-06-28,9184
00885,富邦越南,64,1,63,群益金鼎-台中,2023-06-28,9184
1444,力麗,96,53,43,群益金鼎-台中,2023-06-28,9184
1605,華新,51,11,40,群益金鼎-台中,2023-06-28,9184
00642U,期元大S＆P石油,40,0,40,群益金鼎-台中,2023-06-28,9184
1722,台肥,60,20,40,群益金鼎-台中,2023-06-28,9184
3011,今皓,39,3,36,群益金鼎-台中,2023-06-28,9184
4121,優盛,43,15,28,群益金鼎-台中,2023-06-28,9184
2323,中環,29,5,24,群益金鼎-台中,2023-06-28,9184
00919,群益台灣精選高息,24,4,20,群益金鼎-台中,2023-06-28,9184
2356,英業達,39,19,20,群益金鼎-台中,2023-06-28,9184
2367,燿華,20,0,20,群益金鼎-台中,2023-06-28,9184
6276,安鈦克,26,6,20,群益金鼎-台中,2023-06-28,9184
4967,十銓,31,13,18,群益金鼎-台中,2023-06-28,9184
4916,事欣科,21,5,16,群益金鼎-台中,2023-06-28,9184
2412,中華電,16,0,16,群益金鼎-台中,2023-06-28,9184
1101,台泥,17,1,16,群益金鼎-台中,2023-06-28,9184
2009,第一銅,15,0,15,群益金鼎-台中,2023-06-28,9184
4744,皇將,18,3,15,群益金鼎-台中,2023-06-28,9184
6415,矽力*-KY,17,3,14,群益金鼎-台中,2023-06-28,9184
6111,大宇資,21,8,13,群益金鼎-台中,2023-06-28,9184
2498,宏達電,12,0,12,群益金鼎-台中,2023-06-28,9184
3481,群創,32,20,12,群益金鼎-台中,2023-06-28,9184
8222,寶一,14,3,11,群益金鼎-台中,2023-06-28,9184
3715,定穎投控,11,0,11,群益金鼎-台中,2023-06-28,9184
3035,智原,27,16,11,群益金鼎-台中,2023-06-28,9184
3287,廣寰科,12,1,11,群益金鼎-台中,2023-06-28,9184
2303,聯電,14,3,11,群益金鼎-台中,2023-06-28,9184
2889,國票金,10,0,10,群益金鼎-台中,2023-06-28,9184
3078,僑威,13,3,10,群益金鼎-台中,2023-06-28,9184
2609,陽明,18,8,10,群益金鼎-台中,2023-06-28,9184
5009,榮剛,10,1,9,群益金鼎-台中,2023-06-28,9184
3231,緯創,49,40,9,群益金鼎-台中,2023-06-28,9184
2425,承啟,15,7,8,群益金鼎-台中,2023-06-28,9184
1611,中電,9,1,8,群益金鼎-台中,2023-06-28,9184
8046,南電,8,1,7,群益金鼎-台中,2023-06-28,9184
2748,雲品,12,5,7,群益金鼎-台中,2023-06-28,9184
2371,大同,67,60,7,群益金鼎-台中,2023-06-28,9184
3454,晶睿,11,4,7,群益金鼎-台中,2023-06-28,9184
1471,首利,7,0,7,群益金鼎-台中,2023-06-28,9184
6719,力智,7,1,6,群益金鼎-台中,2023-06-28,9184
6138,茂達,6,0,6,群益金鼎-台中,2023-06-28,9184
2888,新光金,26,20,6,群益金鼎-台中,2023-06-28,9184
4175,杏一,6,0,6,群益金鼎-台中,2023-06-28,9184
6486,互動,6,0,6,群益金鼎-台中,2023-06-28,9184
1609,大亞,28,23,5,群益金鼎-台中,2023-06-28,9184
2382,廣達,17,11,6,群益金鼎-台中,2023-06-28,9184
2404,漢唐,5,0,5,群益金鼎-台中,2023-06-28,9184
1301,台塑,5,0,5,群益金鼎-台中,2023-06-28,9184
6005,群益證,100,0,100,群益金鼎-台中,2023-06-29,9184
2324,仁寶,109,20,89,群益金鼎-台中,2023-06-29,9184
00665L,富邦�琤肭磪囓�2,50,0,50,群益金鼎-台中,2023-06-29,9184
00632R,元大台灣50反1,110,60,50,群益金鼎-台中,2023-06-29,9184
2449,京元電子,52,7,45,群益金鼎-台中,2023-06-29,9184
4746,台耀,50,18,32,群益金鼎-台中,2023-06-29,9184
2618,長榮航,69,39,30,群益金鼎-台中,2023-06-29,9184
2882,國泰金,28,4,24,群益金鼎-台中,2023-06-29,9184
2353,宏��,37,14,23,群益金鼎-台中,2023-06-29,9184
3033,威健,30,8,22,群益金鼎-台中,2023-06-29,9184
2412,中華電,19,0,19,群益金鼎-台中,2023-06-29,9184
2610,華航,59,41,18,群益金鼎-台中,2023-06-29,9184
5452,佶優,19,2,17,群益金鼎-台中,2023-06-29,9184
3027,盛達,18,2,16,群益金鼎-台中,2023-06-29,9184
4979,華星光,53,37,16,群益金鼎-台中,2023-06-29,9184
3006,晶豪科,15,0,15,群益金鼎-台中,2023-06-29,9184
8210,勤誠,15,1,14,群益金鼎-台中,2023-06-29,9184
1605,華新,13,0,13,群益金鼎-台中,2023-06-29,9184
00919,群益台灣精選高息,26,13,13,群益金鼎-台中,2023-06-29,9184
4958,臻鼎-KY,13,0,13,群益金鼎-台中,2023-06-29,9184
1103,嘉泥,12,0,12,群益金鼎-台中,2023-06-29,9184
3706,神達,21,10,11,群益金鼎-台中,2023-06-29,9184
00830,國泰費城半導體,11,0,11,群益金鼎-台中,2023-06-29,9184
2344,華邦電,30,19,11,群益金鼎-台中,2023-06-29,9184
00902,中信電池及儲能,10,0,10,群益金鼎-台中,2023-06-29,9184
00885,富邦越南,13,3,10,群益金鼎-台中,2023-06-29,9184
1473,台南,10,0,10,群益金鼎-台中,2023-06-29,9184
4105,東洋,10,0,10,群益金鼎-台中,2023-06-29,9184
6499,益安,10,0,10,群益金鼎-台中,2023-06-29,9184
1504,東元,11,1,10,群益金鼎-台中,2023-06-29,9184
6605,帝寶,10,0,10,群益金鼎-台中,2023-06-29,9184
5706,鳳凰,16,6,10,群益金鼎-台中,2023-06-29,9184
5880,合庫金,10,1,9,群益金鼎-台中,2023-06-29,9184
2371,大同,19,10,9,群益金鼎-台中,2023-06-29,9184
5521,工信,9,0,9,群益金鼎-台中,2023-06-29,9184
2303,聯電,16,8,8,群益金鼎-台中,2023-06-29,9184
2615,萬海,9,1,8,群益金鼎-台中,2023-06-29,9184
4123,晟德,8,0,8,群益金鼎-台中,2023-06-29,9184
2356,英業達,15,7,8,群益金鼎-台中,2023-06-29,9184
1471,首利,9,1,8,群益金鼎-台中,2023-06-29,9184
5465,富驊,14,6,8,群益金鼎-台中,2023-06-29,9184
3356,奇偶,46,38,8,群益金鼎-台中,2023-06-29,9184
2739,寒舍,8,0,8,群益金鼎-台中,2023-06-29,9184
2453,凌群,8,0,8,群益金鼎-台中,2023-06-29,9184
00882,中信中國高股息,7,0,7,群益金鼎-台中,2023-06-29,9184
6190,萬泰科,9,2,7,群益金鼎-台中,2023-06-29,9184
1417,嘉裕,7,0,7,群益金鼎-台中,2023-06-29,9184
2630,亞航,9,2,7,群益金鼎-台中,2023-06-29,9184
1742,台蠟,7,0,7,群益金鼎-台中,2023-06-29,9184
4564,元翎,7,0,7,群益金鼎-台中,2023-06-29,9184
3045,台灣大,57,0,57,群益金鼎-台中,2023-06-30,9184
1904,正隆,55,0,55,群益金鼎-台中,2023-06-30,9184
6005,群益證,51,1,50,群益金鼎-台中,2023-06-30,9184
2607,榮運,51,2,49,群益金鼎-台中,2023-06-30,9184
2603,長榮,80,34,46,群益金鼎-台中,2023-06-30,9184
2610,華航,50,13,37,群益金鼎-台中,2023-06-30,9184
2883,凱基金,35,1,34,群益金鼎-台中,2023-06-30,9184
3231,緯創,88,55,33,群益金鼎-台中,2023-06-30,9184
2344,華邦電,43,13,30,群益金鼎-台中,2023-06-30,9184
1605,華新,35,6,29,群益金鼎-台中,2023-06-30,9184
2323,中環,35,13,22,群益金鼎-台中,2023-06-30,9184
00795B,中信美國公債20年,20,0,20,群益金鼎-台中,2023-06-30,9184
4161,聿新科,22,3,19,群益金鼎-台中,2023-06-30,9184
3078,僑威,38,20,18,群益金鼎-台中,2023-06-30,9184
2353,宏��,21,3,18,群益金鼎-台中,2023-06-30,9184
00687B,國泰20年美債,16,0,16,群益金鼎-台中,2023-06-30,9184
3481,群創,18,2,16,群益金鼎-台中,2023-06-30,9184
2888,新光金,15,0,15,群益金鼎-台中,2023-06-30,9184
3056,富華新,15,1,14,群益金鼎-台中,2023-06-30,9184
6153,嘉聯益,69,56,13,群益金鼎-台中,2023-06-30,9184
2022,聚亨,13,0,13,群益金鼎-台中,2023-06-30,9184
2462,良得電,19,6,13,群益金鼎-台中,2023-06-30,9184
4967,十銓,12,0,12,群益金鼎-台中,2023-06-30,9184
6285,啟��,12,0,12,群益金鼎-台中,2023-06-30,9184
4147,中裕,19,8,11,群益金鼎-台中,2023-06-30,9184
2324,仁寶,11,0,11,群益金鼎-台中,2023-06-30,9184
5439,高技,13,2,11,群益金鼎-台中,2023-06-30,9184
2609,陽明,49,38,11,群益金鼎-台中,2023-06-30,9184
2405,輔信,11,1,10,群益金鼎-台中,2023-06-30,9184
2312,金寶,10,0,10,群益金鼎-台中,2023-06-30,9184
00706L,期元大S＆P日圓正2,10,0,10,群益金鼎-台中,2023-06-30,9184
2504,國產,10,0,10,群益金鼎-台中,2023-06-30,9184
3034,聯詠,14,5,9,群益金鼎-台中,2023-06-30,9184
6161,捷波,27,18,9,群益金鼎-台中,2023-06-30,9184
1471,首利,9,0,9,群益金鼎-台中,2023-06-30,9184
2351,順德,12,3,9,群益金鼎-台中,2023-06-30,9184
4121,優盛,28,20,8,群益金鼎-台中,2023-06-30,9184
2352,佳世達,10,2,8,群益金鼎-台中,2023-06-30,9184
2368,金像電,33,26,7,群益金鼎-台中,2023-06-30,9184
3711,日月光投控,8,1,7,群益金鼎-台中,2023-06-30,9184
3356,奇偶,94,87,7,群益金鼎-台中,2023-06-30,9184
1717,長興,7,0,7,群益金鼎-台中,2023-06-30,9184
6470,宇智,19,12,7,群益金鼎-台中,2023-06-30,9184
5309,系統電,9,2,7,群益金鼎-台中,2023-06-30,9184
6547,高端疫苗,9,2,7,群益金鼎-台中,2023-06-30,9184
3580,友威科,7,1,6,群益金鼎-台中,2023-06-30,9184
3306,鼎天,7,1,6,群益金鼎-台中,2023-06-30,9184
5258,虹堡,6,0,6,群益金鼎-台中,2023-06-30,9184
2492,華新科,6,0,6,群益金鼎-台中,2023-06-30,9184
8112,至上,6,0,6,群益金鼎-台中,2023-06-30,9184
00632R,元大台灣50反1,221,0,221,群益金鼎-台中,2023-07-03,9184
6005,群益證,150,0,150,群益金鼎-台中,2023-07-03,9184
00676R,富邦臺灣加權反1,90,0,90,群益金鼎-台中,2023-07-03,9184
2495,普安,80,0,80,群益金鼎-台中,2023-07-03,9184
3062,建漢,53,0,53,群益金鼎-台中,2023-07-03,9184
2606,裕民,52,2,50,群益金鼎-台中,2023-07-03,9184
3591,艾笛森,36,4,32,群益金鼎-台中,2023-07-03,9184
3231,緯創,52,20,32,群益金鼎-台中,2023-07-03,9184
5425,台半,34,3,31,群益金鼎-台中,2023-07-03,9184
1101,台泥,29,1,28,群益金鼎-台中,2023-07-03,9184
2402,毅嘉,78,52,26,群益金鼎-台中,2023-07-03,9184
3548,兆利,25,0,25,群益金鼎-台中,2023-07-03,9184
2206,三陽工業,27,4,23,群益金鼎-台中,2023-07-03,9184
3033,威健,23,1,22,群益金鼎-台中,2023-07-03,9184
00664R,國泰臺灣加權反1,20,0,20,群益金鼎-台中,2023-07-03,9184
5324,士開,20,0,20,群益金鼎-台中,2023-07-03,9184
2313,華通,21,1,20,群益金鼎-台中,2023-07-03,9184
1528,恩德,91,71,20,群益金鼎-台中,2023-07-03,9184
6532,瑞耘,18,0,18,群益金鼎-台中,2023-07-03,9184
2883,凱基金,28,10,18,群益金鼎-台中,2023-07-03,9184
4105,東洋,17,0,17,群益金鼎-台中,2023-07-03,9184
1611,中電,30,13,17,群益金鼎-台中,2023-07-03,9184
5009,榮剛,20,4,16,群益金鼎-台中,2023-07-03,9184
3363,上詮,16,0,16,群益金鼎-台中,2023-07-03,9184
2332,友訊,25,11,14,群益金鼎-台中,2023-07-03,9184
3694,海華,15,1,14,群益金鼎-台中,2023-07-03,9184
2615,萬海,23,9,14,群益金鼎-台中,2023-07-03,9184
6191,精成科,14,0,14,群益金鼎-台中,2023-07-03,9184
00878,國泰永續高股息,40,26,14,群益金鼎-台中,2023-07-03,9184
3092,鴻碩,13,0,13,群益金鼎-台中,2023-07-03,9184
2634,漢翔,21,8,13,群益金鼎-台中,2023-07-03,9184
5222,全訊,12,0,12,群益金鼎-台中,2023-07-03,9184
1460,宏遠,12,0,12,群益金鼎-台中,2023-07-03,9184
3346,麗清,16,4,12,群益金鼎-台中,2023-07-03,9184
4121,優盛,22,10,12,群益金鼎-台中,2023-07-03,9184
1316,上曜,12,0,12,群益金鼎-台中,2023-07-03,9184
3481,群創,12,1,11,群益金鼎-台中,2023-07-03,9184
4564,元翎,11,0,11,群益金鼎-台中,2023-07-03,9184
1795,美時,24,14,10,群益金鼎-台中,2023-07-03,9184
3038,全台,13,3,10,群益金鼎-台中,2023-07-03,9184
00673R,期元大S＆P原油反1,10,0,10,群益金鼎-台中,2023-07-03,9184
2736,富野,15,5,10,群益金鼎-台中,2023-07-03,9184
00661,元大日經225,10,0,10,群益金鼎-台中,2023-07-03,9184
1533,車王電,12,2,10,群益金鼎-台中,2023-07-03,9184
5531,鄉林,10,0,10,群益金鼎-台中,2023-07-03,9184
2453,凌群,9,0,9,群益金鼎-台中,2023-07-03,9184
2605,新興,9,0,9,群益金鼎-台中,2023-07-03,9184
6182,合晶,11,2,9,群益金鼎-台中,2023-07-03,9184
2449,京元電子,24,15,9,群益金鼎-台中,2023-07-03,9184
5347,世界,8,0,8,群益金鼎-台中,2023-07-03,9184
2603,長榮,291,91,200,群益金鼎-台中,2023-07-04,9184
6005,群益證,200,1,199,群益金鼎-台中,2023-07-04,9184
00632R,元大台灣50反1,127,0,127,群益金鼎-台中,2023-07-04,9184
2883,凱基金,82,3,79,群益金鼎-台中,2023-07-04,9184
0056,元大高股息,82,19,63,群益金鼎-台中,2023-07-04,9184
1101,台泥,62,8,54,群益金鼎-台中,2023-07-04,9184
2317,鴻海,61,8,53,群益金鼎-台中,2023-07-04,9184
2340,台亞,45,2,43,群益金鼎-台中,2023-07-04,9184
2409,友達,63,21,42,群益金鼎-台中,2023-07-04,9184
3260,威剛,46,6,40,群益金鼎-台中,2023-07-04,9184
1514,亞力,44,6,38,群益金鼎-台中,2023-07-04,9184
00927,群益半導體收益,46,10,36,群益金鼎-台中,2023-07-04,9184
1464,得力,35,0,35,群益金鼎-台中,2023-07-04,9184
2399,映泰,43,11,32,群益金鼎-台中,2023-07-04,9184
6288,聯嘉,43,12,31,群益金鼎-台中,2023-07-04,9184
2369,菱生,29,0,29,群益金鼎-台中,2023-07-04,9184
2609,陽明,46,18,28,群益金鼎-台中,2023-07-04,9184
2606,裕民,30,3,27,群益金鼎-台中,2023-07-04,9184
2882,國泰金,21,2,19,群益金鼎-台中,2023-07-04,9184
2419,仲琦,46,27,19,群益金鼎-台中,2023-07-04,9184
1762,中化生,22,3,19,群益金鼎-台中,2023-07-04,9184
3163,波若威,41,23,18,群益金鼎-台中,2023-07-04,9184
1905,華紙,32,14,18,群益金鼎-台中,2023-07-04,9184
2241,艾姆勒,17,0,17,群益金鼎-台中,2023-07-04,9184
8210,勤誠,47,31,16,群益金鼎-台中,2023-07-04,9184
7402,邑錡,27,11,16,群益金鼎-台中,2023-07-04,9184
2332,友訊,21,5,16,群益金鼎-台中,2023-07-04,9184
1605,華新,22,6,16,群益金鼎-台中,2023-07-04,9184
3548,兆利,15,0,15,群益金鼎-台中,2023-07-04,9184
4927,泰鼎-KY,24,9,15,群益金鼎-台中,2023-07-04,9184
4543,萬在,26,12,14,群益金鼎-台中,2023-07-04,9184
1316,上曜,14,0,14,群益金鼎-台中,2023-07-04,9184
2211,長榮鋼,14,0,14,群益金鼎-台中,2023-07-04,9184
00679B,元大美債20年,14,0,14,群益金鼎-台中,2023-07-04,9184
2425,承啟,18,4,14,群益金鼎-台中,2023-07-04,9184
3056,富華新,15,1,14,群益金鼎-台中,2023-07-04,9184
1795,美時,19,6,13,群益金鼎-台中,2023-07-04,9184
3042,晶技,13,0,13,群益金鼎-台中,2023-07-04,9184
8054,安國,16,4,12,群益金鼎-台中,2023-07-04,9184
3013,晟銘電,30,18,12,群益金鼎-台中,2023-07-04,9184
1460,宏遠,16,4,12,群益金鼎-台中,2023-07-04,9184
1513,中興電,35,24,11,群益金鼎-台中,2023-07-04,9184
2888,新光金,11,0,11,群益金鼎-台中,2023-07-04,9184
1608,華榮,11,0,11,群益金鼎-台中,2023-07-04,9184
1314,中石化,11,0,11,群益金鼎-台中,2023-07-04,9184
8271,宇瞻,12,1,11,群益金鼎-台中,2023-07-04,9184
4915,致伸,11,1,10,群益金鼎-台中,2023-07-04,9184
2633,台灣高鐵,10,0,10,群益金鼎-台中,2023-07-04,9184
2449,京元電子,21,11,10,群益金鼎-台中,2023-07-04,9184
5469,瀚宇博,11,1,10,群益金鼎-台中,2023-07-04,9184
1609,大亞,242,109,133,群益金鼎-台中,2023-07-05,9184
6190,萬泰科,113,1,112,群益金鼎-台中,2023-07-05,9184
00665L,富邦�琤肭磪囓�2,110,0,110,群益金鼎-台中,2023-07-05,9184
1101,台泥,87,6,81,群益金鼎-台中,2023-07-05,9184
2618,長榮航,416,346,70,群益金鼎-台中,2023-07-05,9184
2449,京元電子,69,6,63,群益金鼎-台中,2023-07-05,9184
3033,威健,54,0,54,群益金鼎-台中,2023-07-05,9184
2356,英業達,71,20,51,群益金鼎-台中,2023-07-05,9184
2867,三商壽,50,0,50,群益金鼎-台中,2023-07-05,9184
2609,陽明,208,168,40,群益金鼎-台中,2023-07-05,9184
00929,復華台灣科技優息,38,0,38,群益金鼎-台中,2023-07-05,9184
3231,緯創,67,31,36,群益金鼎-台中,2023-07-05,9184
6282,康舒,85,51,34,群益金鼎-台中,2023-07-05,9184
2889,國票金,32,0,32,群益金鼎-台中,2023-07-05,9184
2211,長榮鋼,26,0,26,群益金鼎-台中,2023-07-05,9184
3025,星通,30,4,26,群益金鼎-台中,2023-07-05,9184
3374,精材,38,12,26,群益金鼎-台中,2023-07-05,9184
2355,敬鵬,30,6,24,群益金鼎-台中,2023-07-05,9184
00878,國泰永續高股息,30,7,23,群益金鼎-台中,2023-07-05,9184
5285,界霖,23,2,21,群益金鼎-台中,2023-07-05,9184
2511,太子,20,0,20,群益金鼎-台中,2023-07-05,9184
020027,元大上櫃ESG成長N,20,0,20,群益金鼎-台中,2023-07-05,9184
4564,元翎,17,0,17,群益金鼎-台中,2023-07-05,9184
00888,永豐台灣ESG,15,0,15,群益金鼎-台中,2023-07-05,9184
00687B,國泰20年美債,15,0,15,群益金鼎-台中,2023-07-05,9184
00927,群益半導體收益,20,5,15,群益金鼎-台中,2023-07-05,9184
1907,永豐餘,15,0,15,群益金鼎-台中,2023-07-05,9184
4538,大詠城,15,0,15,群益金鼎-台中,2023-07-05,9184
6168,宏齊,17,2,15,群益金鼎-台中,2023-07-05,9184
3284,太普高,29,14,15,群益金鼎-台中,2023-07-05,9184
00679B,元大美債20年,15,0,15,群益金鼎-台中,2023-07-05,9184
3049,精金,15,0,15,群益金鼎-台中,2023-07-05,9184
0056,元大高股息,19,4,15,群益金鼎-台中,2023-07-05,9184
4532,瑞智,64,50,14,群益金鼎-台中,2023-07-05,9184
3260,威剛,14,1,13,群益金鼎-台中,2023-07-05,9184
4916,事欣科,16,3,13,群益金鼎-台中,2023-07-05,9184
00673R,期元大S＆P原油反1,13,0,13,群益金鼎-台中,2023-07-05,9184
6532,瑞耘,13,0,13,群益金鼎-台中,2023-07-05,9184
3092,鴻碩,13,0,13,群益金鼎-台中,2023-07-05,9184
3706,神達,33,20,13,群益金鼎-台中,2023-07-05,9184
6188,廣明,19,7,12,群益金鼎-台中,2023-07-05,9184
2317,鴻海,13,1,12,群益金鼎-台中,2023-07-05,9184
00713,元大台灣高息低波,12,0,12,群益金鼎-台中,2023-07-05,9184
3027,盛達,23,11,12,群益金鼎-台中,2023-07-05,9184
1611,中電,28,16,12,群益金鼎-台中,2023-07-05,9184
6275,元山,11,0,11,群益金鼎-台中,2023-07-05,9184
2369,菱生,56,45,11,群益金鼎-台中,2023-07-05,9184
1528,恩德,15,4,11,群益金鼎-台中,2023-07-05,9184
2547,日勝生,11,0,11,群益金鼎-台中,2023-07-05,9184
2313,華通,20,10,10,群益金鼎-台中,2023-07-05,9184
3481,群創,359,56,303,群益金鼎-台中,2023-07-06,9184
2495,普安,90,0,90,群益金鼎-台中,2023-07-06,9184
5880,合庫金,89,0,89,群益金鼎-台中,2023-07-06,9184
00927,群益半導體收益,84,6,78,群益金鼎-台中,2023-07-06,9184
1101,台泥,70,0,70,群益金鼎-台中,2023-07-06,9184
2317,鴻海,69,3,66,群益金鼎-台中,2023-07-06,9184
00673R,期元大S＆P原油反1,53,0,53,群益金鼎-台中,2023-07-06,9184
1904,正隆,53,1,52,群益金鼎-台中,2023-07-06,9184
00665L,富邦�琤肭磪囓�2,50,0,50,群益金鼎-台中,2023-07-06,9184
00637L,元大滬深300正2,59,19,40,群益金鼎-台中,2023-07-06,9184
00671R,富邦NASDAQ反1,40,0,40,群益金鼎-台中,2023-07-06,9184
4532,瑞智,39,4,35,群益金鼎-台中,2023-07-06,9184
2834,臺企銀,33,0,33,群益金鼎-台中,2023-07-06,9184
2610,華航,35,2,33,群益金鼎-台中,2023-07-06,9184
2609,陽明,49,17,32,群益金鼎-台中,2023-07-06,9184
1314,中石化,28,0,28,群益金鼎-台中,2023-07-06,9184
1303,南亞,27,0,27,群益金鼎-台中,2023-07-06,9184
6532,瑞耘,27,0,27,群益金鼎-台中,2023-07-06,9184
2449,京元電子,29,3,26,群益金鼎-台中,2023-07-06,9184
3576,聯合再生,25,0,25,群益金鼎-台中,2023-07-06,9184
3060,銘異,26,1,25,群益金鼎-台中,2023-07-06,9184
2002,中鋼,25,3,22,群益金鼎-台中,2023-07-06,9184
2312,金寶,25,3,22,群益金鼎-台中,2023-07-06,9184
1907,永豐餘,21,1,20,群益金鼎-台中,2023-07-06,9184
020027,元大上櫃ESG成長N,40,20,20,群益金鼎-台中,2023-07-06,9184
2812,台中銀,23,3,20,群益金鼎-台中,2023-07-06,9184
0056,元大高股息,19,0,19,群益金鼎-台中,2023-07-06,9184
6443,元晶,30,11,19,群益金鼎-台中,2023-07-06,9184
00929,復華台灣科技優息,19,0,19,群益金鼎-台中,2023-07-06,9184
2330,台積電,22,3,19,群益金鼎-台中,2023-07-06,9184
00888,永豐台灣ESG,21,4,17,群益金鼎-台中,2023-07-06,9184
2371,大同,43,26,17,群益金鼎-台中,2023-07-06,9184
2634,漢翔,19,2,17,群益金鼎-台中,2023-07-06,9184
4906,正文,25,9,16,群益金鼎-台中,2023-07-06,9184
1473,台南,16,0,16,群益金鼎-台中,2023-07-06,9184
1301,台塑,16,0,16,群益金鼎-台中,2023-07-06,9184
0050,元大台灣50,20,4,16,群益金鼎-台中,2023-07-06,9184
00882,中信中國高股息,15,0,15,群益金鼎-台中,2023-07-06,9184
2323,中環,22,7,15,群益金鼎-台中,2023-07-06,9184
1584,精剛,17,2,15,群益金鼎-台中,2023-07-06,9184
8112,至上,16,2,14,群益金鼎-台中,2023-07-06,9184
00751B,元大AAA至A公司債,14,0,14,群益金鼎-台中,2023-07-06,9184
4566,時碩工業,46,33,13,群益金鼎-台中,2023-07-06,9184
3016,嘉晶,12,0,12,群益金鼎-台中,2023-07-06,9184
2888,新光金,12,0,12,群益金鼎-台中,2023-07-06,9184
2401,凌陽,16,4,12,群益金鼎-台中,2023-07-06,9184
2352,佳世達,11,0,11,群益金鼎-台中,2023-07-06,9184
2354,鴻準,11,0,11,群益金鼎-台中,2023-07-06,9184
2382,廣達,26,16,10,群益金鼎-台中,2023-07-06,9184
00679B,元大美債20年,10,0,10,群益金鼎-台中,2023-07-06,9184
1473,台南,170,0,170,群益金鼎-台中,2023-07-07,9184
1722,台肥,100,2,98,群益金鼎-台中,2023-07-07,9184
00927,群益半導體收益,91,11,80,群益金鼎-台中,2023-07-07,9184
00673R,期元大S＆P原油反1,53,0,53,群益金鼎-台中,2023-07-07,9184
3596,智易,52,1,51,群益金鼎-台中,2023-07-07,9184
2301,光寶科,57,7,50,群益金鼎-台中,2023-07-07,9184
00720B,元大投資級公司債,43,0,43,群益金鼎-台中,2023-07-07,9184
8107,大億金茂,40,0,40,群益金鼎-台中,2023-07-07,9184
2883,凱基金,42,5,37,群益金鼎-台中,2023-07-07,9184
5880,合庫金,33,0,33,群益金鼎-台中,2023-07-07,9184
00878,國泰永續高股息,62,32,30,群益金鼎-台中,2023-07-07,9184
00687B,國泰20年美債,30,0,30,群益金鼎-台中,2023-07-07,9184
00696B,富邦美債20年,28,0,28,群益金鼎-台中,2023-07-07,9184
2495,普安,32,4,28,群益金鼎-台中,2023-07-07,9184
2888,新光金,27,2,25,群益金鼎-台中,2023-07-07,9184
2889,國票金,25,0,25,群益金鼎-台中,2023-07-07,9184
4746,台耀,32,9,23,群益金鼎-台中,2023-07-07,9184
00712,復華富時不動產,23,0,23,群益金鼎-台中,2023-07-07,9184
2485,兆赫,23,0,23,群益金鼎-台中,2023-07-07,9184
3049,精金,30,7,23,群益金鼎-台中,2023-07-07,9184
6190,萬泰科,23,0,23,群益金鼎-台中,2023-07-07,9184
1609,大亞,39,16,23,群益金鼎-台中,2023-07-07,9184
1608,華榮,25,3,22,群益金鼎-台中,2023-07-07,9184
3694,海華,21,0,21,群益金鼎-台中,2023-07-07,9184
2352,佳世達,21,1,20,群益金鼎-台中,2023-07-07,9184
3576,聯合再生,20,0,20,群益金鼎-台中,2023-07-07,9184
3581,博磊,22,2,20,群益金鼎-台中,2023-07-07,9184
00675L,富邦臺灣加權正2,19,0,19,群益金鼎-台中,2023-07-07,9184
3029,零壹,21,2,19,群益金鼎-台中,2023-07-07,9184
1905,華紙,54,35,19,群益金鼎-台中,2023-07-07,9184
2323,中環,42,24,18,群益金鼎-台中,2023-07-07,9184
4155,訊映,21,3,18,群益金鼎-台中,2023-07-07,9184
2317,鴻海,25,7,18,群益金鼎-台中,2023-07-07,9184
00679B,元大美債20年,18,1,17,群益金鼎-台中,2023-07-07,9184
6532,瑞耘,17,0,17,群益金鼎-台中,2023-07-07,9184
3346,麗清,31,14,17,群益金鼎-台中,2023-07-07,9184
2002,中鋼,16,0,16,群益金鼎-台中,2023-07-07,9184
1736,喬山,26,10,16,群益金鼎-台中,2023-07-07,9184
3666,光耀,19,4,15,群益金鼎-台中,2023-07-07,9184
00751B,元大AAA至A公司債,15,0,15,群益金鼎-台中,2023-07-07,9184
6125,廣運,17,3,14,群益金鼎-台中,2023-07-07,9184
6443,元晶,24,10,14,群益金鼎-台中,2023-07-07,9184
2884,玉山金,13,0,13,群益金鼎-台中,2023-07-07,9184
2303,聯電,13,0,13,群益金鼎-台中,2023-07-07,9184
00893,國泰智能電動車,15,2,13,群益金鼎-台中,2023-07-07,9184
00680L,元大美債20正2,13,0,13,群益金鼎-台中,2023-07-07,9184
00795B,中信美國公債20年,13,0,13,群益金鼎-台中,2023-07-07,9184
5009,榮剛,12,0,12,群益金鼎-台中,2023-07-07,9184
4743,合一,11,0,11,群益金鼎-台中,2023-07-07,9184
1604,聲寶,16,5,11,群益金鼎-台中,2023-07-07,9184
2883,凱基金,126,1,125,群益金鼎-台中,2023-07-10,9184
020027,元大上櫃ESG成長N,125,20,105,群益金鼎-台中,2023-07-10,9184
00673R,期元大S＆P原油反1,88,0,88,群益金鼎-台中,2023-07-10,9184
1722,台肥,65,1,64,群益金鼎-台中,2023-07-10,9184
2618,長榮航,64,16,48,群益金鼎-台中,2023-07-10,9184
2409,友達,53,10,43,群益金鼎-台中,2023-07-10,9184
00927,群益半導體收益,45,2,43,群益金鼎-台中,2023-07-10,9184
2105,正新,41,0,41,群益金鼎-台中,2023-07-10,9184
00679B,元大美債20年,39,1,38,群益金鼎-台中,2023-07-10,9184
6290,良維,37,1,36,群益金鼎-台中,2023-07-10,9184
3313,斐成,33,0,33,群益金鼎-台中,2023-07-10,9184
2301,光寶科,44,12,32,群益金鼎-台中,2023-07-10,9184
1101,台泥,32,1,31,群益金鼎-台中,2023-07-10,9184
2449,京元電子,39,9,30,群益金鼎-台中,2023-07-10,9184
020020,元大台股領航N,30,0,30,群益金鼎-台中,2023-07-10,9184
4534,慶騰,30,0,30,群益金鼎-台中,2023-07-10,9184
00772B,中信高評級公司債,30,2,28,群益金鼎-台中,2023-07-10,9184
00680L,元大美債20正2,27,0,27,群益金鼎-台中,2023-07-10,9184
3016,嘉晶,28,1,27,群益金鼎-台中,2023-07-10,9184
8488,吉源-KY,25,0,25,群益金鼎-台中,2023-07-10,9184
2356,英業達,65,40,25,群益金鼎-台中,2023-07-10,9184
2610,華航,124,101,23,群益金鼎-台中,2023-07-10,9184
4532,瑞智,97,74,23,群益金鼎-台中,2023-07-10,9184
6111,大宇資,24,4,20,群益金鼎-台中,2023-07-10,9184
00632R,元大台灣50反1,40,20,20,群益金鼎-台中,2023-07-10,9184
2511,太子,20,0,20,群益金鼎-台中,2023-07-10,9184
2312,金寶,20,1,19,群益金鼎-台中,2023-07-10,9184
5392,能率,24,5,19,群益金鼎-台中,2023-07-10,9184
2609,陽明,35,16,19,群益金鼎-台中,2023-07-10,9184
4572,駐龍,17,0,17,群益金鼎-台中,2023-07-10,9184
2405,輔信,18,1,17,群益金鼎-台中,2023-07-10,9184
3706,神達,17,0,17,群益金鼎-台中,2023-07-10,9184
2419,仲琦,46,30,16,群益金鼎-台中,2023-07-10,9184
2201,裕隆,17,1,16,群益金鼎-台中,2023-07-10,9184
3038,全台,16,1,15,群益金鼎-台中,2023-07-10,9184
3289,宜特,18,3,15,群益金鼎-台中,2023-07-10,9184
1104,環泥,15,0,15,群益金鼎-台中,2023-07-10,9184
2324,仁寶,14,0,14,群益金鼎-台中,2023-07-10,9184
3163,波若威,16,2,14,群益金鼎-台中,2023-07-10,9184
6179,亞通,15,1,14,群益金鼎-台中,2023-07-10,9184
3022,威強電,13,0,13,群益金鼎-台中,2023-07-10,9184
6282,康舒,60,47,13,群益金鼎-台中,2023-07-10,9184
3346,麗清,20,8,12,群益金鼎-台中,2023-07-10,9184
2515,中工,12,0,12,群益金鼎-台中,2023-07-10,9184
2030,彰源,11,0,11,群益金鼎-台中,2023-07-10,9184
00764B,群益25年美債,11,0,11,群益金鼎-台中,2023-07-10,9184
1809,中釉,24,13,11,群益金鼎-台中,2023-07-10,9184
3707,漢磊,34,23,11,群益金鼎-台中,2023-07-10,9184
2313,華通,11,1,10,群益金鼎-台中,2023-07-10,9184
3339,泰谷,10,0,10,群益金鼎-台中,2023-07-10,9184
00632R,元大台灣50反1,145,0,145,群益金鼎-台中,2023-07-11,9184
5425,台半,96,23,73,群益金鼎-台中,2023-07-11,9184
2618,長榮航,76,13,63,群益金鼎-台中,2023-07-11,9184
9929,秋雨,32,0,32,群益金鼎-台中,2023-07-11,9184
2851,中再保,31,0,31,群益金鼎-台中,2023-07-11,9184
3191,雲嘉南,30,0,30,群益金鼎-台中,2023-07-11,9184
2382,廣達,72,44,28,群益金鼎-台中,2023-07-11,9184
1316,上曜,28,0,28,群益金鼎-台中,2023-07-11,9184
6216,居易,27,0,27,群益金鼎-台中,2023-07-11,9184
2030,彰源,25,0,25,群益金鼎-台中,2023-07-11,9184
2301,光寶科,54,31,23,群益金鼎-台中,2023-07-11,9184
6288,聯嘉,36,14,22,群益金鼎-台中,2023-07-11,9184
1609,大亞,45,23,22,群益金鼎-台中,2023-07-11,9184
00679B,元大美債20年,40,20,20,群益金鼎-台中,2023-07-11,9184
6274,台燿,32,14,18,群益金鼎-台中,2023-07-11,9184
1605,華新,18,1,17,群益金鼎-台中,2023-07-11,9184
5483,中美晶,18,1,17,群益金鼎-台中,2023-07-11,9184
3362,先進光,48,32,16,群益金鼎-台中,2023-07-11,9184
2405,輔信,18,2,16,群益金鼎-台中,2023-07-11,9184
1515,力山,16,2,14,群益金鼎-台中,2023-07-11,9184
4967,十銓,15,1,14,群益金鼎-台中,2023-07-11,9184
2409,友達,34,21,13,群益金鼎-台中,2023-07-11,9184
00882,中信中國高股息,13,1,12,群益金鼎-台中,2023-07-11,9184
2371,大同,35,23,12,群益金鼎-台中,2023-07-11,9184
2104,國際中橡,11,0,11,群益金鼎-台中,2023-07-11,9184
2427,三商電,22,11,11,群益金鼎-台中,2023-07-11,9184
3025,星通,74,63,11,群益金鼎-台中,2023-07-11,9184
2609,陽明,31,21,10,群益金鼎-台中,2023-07-11,9184
6156,松上,10,0,10,群益金鼎-台中,2023-07-11,9184
2399,映泰,10,0,10,群益金鼎-台中,2023-07-11,9184
1540,喬福,12,2,10,群益金鼎-台中,2023-07-11,9184
3339,泰谷,10,0,10,群益金鼎-台中,2023-07-11,9184
2355,敬鵬,15,5,10,群益金鼎-台中,2023-07-11,9184
6118,建達,31,21,10,群益金鼎-台中,2023-07-11,9184
2009,第一銅,10,0,10,群益金鼎-台中,2023-07-11,9184
2634,漢翔,10,1,9,群益金鼎-台中,2023-07-11,9184
2419,仲琦,43,34,9,群益金鼎-台中,2023-07-11,9184
2201,裕隆,9,0,9,群益金鼎-台中,2023-07-11,9184
4533,協易機,8,0,8,群益金鼎-台中,2023-07-11,9184
2457,飛宏,20,12,8,群益金鼎-台中,2023-07-11,9184
4564,元翎,8,0,8,群益金鼎-台中,2023-07-11,9184
6188,廣明,16,8,8,群益金鼎-台中,2023-07-11,9184
3707,漢磊,26,18,8,群益金鼎-台中,2023-07-11,9184
2421,建準,15,7,8,群益金鼎-台中,2023-07-11,9184
2022,聚亨,7,0,7,群益金鼎-台中,2023-07-11,9184
1789,神隆,7,0,7,群益金鼎-台中,2023-07-11,9184
2415,錩新,7,0,7,群益金鼎-台中,2023-07-11,9184
6415,矽力*-KY,6,0,6,群益金鼎-台中,2023-07-11,9184
2883,凱基金,6,0,6,群益金鼎-台中,2023-07-11,9184
00929,復華台灣科技優息,6,0,6,群益金鼎-台中,2023-07-11,9184
6282,康舒,166,19,147,群益金鼎-台中,2023-07-12,9184
00673R,期元大S＆P原油反1,127,0,127,群益金鼎-台中,2023-07-12,9184
00676R,富邦臺灣加權反1,100,0,100,群益金鼎-台中,2023-07-12,9184
6120,達運,126,34,92,群益金鼎-台中,2023-07-12,9184
2324,仁寶,87,5,82,群益金鼎-台中,2023-07-12,9184
6244,茂迪,53,1,52,群益金鼎-台中,2023-07-12,9184
2897,王道銀行,50,0,50,群益金鼎-台中,2023-07-12,9184
6188,廣明,113,63,50,群益金鼎-台中,2023-07-12,9184
00632R,元大台灣50反1,40,0,40,群益金鼎-台中,2023-07-12,9184
2419,仲琦,53,20,33,群益金鼎-台中,2023-07-12,9184
2618,長榮航,45,13,32,群益金鼎-台中,2023-07-12,9184
2409,友達,33,2,31,群益金鼎-台中,2023-07-12,9184
1722,台肥,42,15,27,群益金鼎-台中,2023-07-12,9184
3114,好德,26,0,26,群益金鼎-台中,2023-07-12,9184
2356,英業達,161,136,25,群益金鼎-台中,2023-07-12,9184
6218,豪勉,50,26,24,群益金鼎-台中,2023-07-12,9184
5484,慧友,23,0,23,群益金鼎-台中,2023-07-12,9184
4563,百德,23,1,22,群益金鼎-台中,2023-07-12,9184
00712,復華富時不動產,24,4,20,群益金鼎-台中,2023-07-12,9184
2009,第一銅,20,0,20,群益金鼎-台中,2023-07-12,9184
6477,安集,19,0,19,群益金鼎-台中,2023-07-12,9184
2020,美亞,20,1,19,群益金鼎-台中,2023-07-12,9184
3025,星通,63,44,19,群益金鼎-台中,2023-07-12,9184
3024,憶聲,18,0,18,群益金鼎-台中,2023-07-12,9184
2485,兆赫,27,9,18,群益金鼎-台中,2023-07-12,9184
00929,復華台灣科技優息,16,0,16,群益金鼎-台中,2023-07-12,9184
00679B,元大美債20年,16,1,15,群益金鼎-台中,2023-07-12,9184
2323,中環,20,5,15,群益金鼎-台中,2023-07-12,9184
8070,長華*,20,6,14,群益金鼎-台中,2023-07-12,9184
2505,國揚,14,0,14,群益金鼎-台中,2023-07-12,9184
2401,凌陽,21,7,14,群益金鼎-台中,2023-07-12,9184
3231,緯創,64,50,14,群益金鼎-台中,2023-07-12,9184
3014,聯陽,13,0,13,群益金鼎-台中,2023-07-12,9184
2834,臺企銀,13,0,13,群益金鼎-台中,2023-07-12,9184
6187,萬潤,26,14,12,群益金鼎-台中,2023-07-12,9184
2888,新光金,12,0,12,群益金鼎-台中,2023-07-12,9184
2371,大同,15,3,12,群益金鼎-台中,2023-07-12,9184
2405,輔信,12,0,12,群益金鼎-台中,2023-07-12,9184
4533,協易機,17,5,12,群益金鼎-台中,2023-07-12,9184
00905,FT臺灣Smart,11,0,11,群益金鼎-台中,2023-07-12,9184
2916,滿心,11,0,11,群益金鼎-台中,2023-07-12,9184
8261,富鼎,11,0,11,群益金鼎-台中,2023-07-12,9184
3032,偉訓,14,3,11,群益金鼎-台中,2023-07-12,9184
8046,南電,13,3,10,群益金鼎-台中,2023-07-12,9184
3037,欣興,11,1,10,群益金鼎-台中,2023-07-12,9184
2481,強茂,39,29,10,群益金鼎-台中,2023-07-12,9184
00642U,期元大S＆P石油,10,0,10,群益金鼎-台中,2023-07-12,9184
1464,得力,10,0,10,群益金鼎-台中,2023-07-12,9184
6153,嘉聯益,10,0,10,群益金鼎-台中,2023-07-12,9184
3189,景碩,11,1,10,群益金鼎-台中,2023-07-12,9184
00632R,元大台灣50反1,622,60,562,群益金鼎-台中,2023-07-13,9184
00676R,富邦臺灣加權反1,200,0,200,群益金鼎-台中,2023-07-13,9184
6005,群益證,200,6,194,群益金鼎-台中,2023-07-13,9184
2324,仁寶,171,43,128,群益金鼎-台中,2023-07-13,9184
00712,復華富時不動產,111,4,107,群益金鼎-台中,2023-07-13,9184
00673R,期元大S＆P原油反1,67,0,67,群益金鼎-台中,2023-07-13,9184
3260,威剛,68,4,64,群益金鼎-台中,2023-07-13,9184
00929,復華台灣科技優息,63,1,62,群益金鼎-台中,2023-07-13,9184
1609,大亞,93,40,53,群益金鼎-台中,2023-07-13,9184
3576,聯合再生,52,2,50,群益金鼎-台中,2023-07-13,9184
00671R,富邦NASDAQ反1,40,0,40,群益金鼎-台中,2023-07-13,9184
4532,瑞智,70,34,36,群益金鼎-台中,2023-07-13,9184
3017,奇鋐,66,31,35,群益金鼎-台中,2023-07-13,9184
2618,長榮航,71,39,32,群益金鼎-台中,2023-07-13,9184
4533,協易機,63,32,31,群益金鼎-台中,2023-07-13,9184
3596,智易,32,1,31,群益金鼎-台中,2023-07-13,9184
4114,健喬,30,0,30,群益金鼎-台中,2023-07-13,9184
9103,美德醫療-DR,30,0,30,群益金鼎-台中,2023-07-13,9184
2312,金寶,71,50,21,群益金鼎-台中,2023-07-13,9184
2382,廣達,57,36,21,群益金鼎-台中,2023-07-13,9184
020020,元大台股領航N,20,0,20,群益金鼎-台中,2023-07-13,9184
2883,凱基金,20,1,19,群益金鼎-台中,2023-07-13,9184
5371,中光電,19,0,19,群益金鼎-台中,2023-07-13,9184
2352,佳世達,43,26,17,群益金鼎-台中,2023-07-13,9184
3661,世芯-KY,42,25,17,群益金鼎-台中,2023-07-13,9184
2397,友通,15,0,15,群益金鼎-台中,2023-07-13,9184
3363,上詮,48,34,14,群益金鼎-台中,2023-07-13,9184
00679B,元大美債20年,15,1,14,群益金鼎-台中,2023-07-13,9184
5009,榮剛,15,2,13,群益金鼎-台中,2023-07-13,9184
3374,精材,14,1,13,群益金鼎-台中,2023-07-13,9184
00722B,群益投資級電信債,13,0,13,群益金鼎-台中,2023-07-13,9184
1904,正隆,13,0,13,群益金鼎-台中,2023-07-13,9184
6278,台表科,14,1,13,群益金鼎-台中,2023-07-13,9184
1503,士電,13,0,13,群益金鼎-台中,2023-07-13,9184
2739,寒舍,12,0,12,群益金鼎-台中,2023-07-13,9184
2323,中環,12,0,12,群益金鼎-台中,2023-07-13,9184
1905,華紙,16,4,12,群益金鼎-台中,2023-07-13,9184
2634,漢翔,19,8,11,群益金鼎-台中,2023-07-13,9184
2317,鴻海,17,6,11,群益金鼎-台中,2023-07-13,9184
2633,台灣高鐵,10,0,10,群益金鼎-台中,2023-07-13,9184
4167,松瑞藥,10,0,10,群益金鼎-台中,2023-07-13,9184
2436,偉詮電,13,3,10,群益金鼎-台中,2023-07-13,9184
2367,燿華,12,2,10,群益金鼎-台中,2023-07-13,9184
00640L,富邦日本正2,10,0,10,群益金鼎-台中,2023-07-13,9184
8064,東捷,10,0,10,群益金鼎-台中,2023-07-13,9184
00687B,國泰20年美債,10,0,10,群益金鼎-台中,2023-07-13,9184
3036,文曄,10,0,10,群益金鼎-台中,2023-07-13,9184
3038,全台,11,1,10,群益金鼎-台中,2023-07-13,9184
00720B,元大投資級公司債,10,0,10,群益金鼎-台中,2023-07-13,9184
2408,南亞科,13,3,10,群益金鼎-台中,2023-07-13,9184
00720B,元大投資級公司債,199,50,149,群益金鼎-台中,2023-07-14,9184
00929,復華台灣科技優息,140,2,138,群益金鼎-台中,2023-07-14,9184
2449,京元電子,118,4,114,群益金鼎-台中,2023-07-14,9184
00676R,富邦臺灣加權反1,100,0,100,群益金鼎-台中,2023-07-14,9184
2610,華航,110,49,61,群益金鼎-台中,2023-07-14,9184
6207,雷科,50,3,47,群益金鼎-台中,2023-07-14,9184
6223,旺矽,51,5,46,群益金鼎-台中,2023-07-14,9184
2340,台亞,53,8,45,群益金鼎-台中,2023-07-14,9184
2481,強茂,51,9,42,群益金鼎-台中,2023-07-14,9184
00671R,富邦NASDAQ反1,40,0,40,群益金鼎-台中,2023-07-14,9184
3057,喬鼎,35,1,34,群益金鼎-台中,2023-07-14,9184
2323,中環,38,8,30,群益金鼎-台中,2023-07-14,9184
00665L,富邦�琤肭磪囓�2,100,70,30,群益金鼎-台中,2023-07-14,9184
3339,泰谷,30,0,30,群益金鼎-台中,2023-07-14,9184
4533,協易機,87,60,27,群益金鼎-台中,2023-07-14,9184
4532,瑞智,82,56,26,群益金鼎-台中,2023-07-14,9184
1319,東陽,25,0,25,群益金鼎-台中,2023-07-14,9184
8011,台通,25,0,25,群益金鼎-台中,2023-07-14,9184
2402,毅嘉,26,2,24,群益金鼎-台中,2023-07-14,9184
6120,達運,24,3,21,群益金鼎-台中,2023-07-14,9184
6189,豐藝,20,0,20,群益金鼎-台中,2023-07-14,9184
3380,明泰,27,9,18,群益金鼎-台中,2023-07-14,9184
2352,佳世達,50,32,18,群益金鼎-台中,2023-07-14,9184
1101,台泥,18,1,17,群益金鼎-台中,2023-07-14,9184
3704,合勤控,43,26,17,群益金鼎-台中,2023-07-14,9184
3011,今皓,17,0,17,群益金鼎-台中,2023-07-14,9184
2634,漢翔,21,4,17,群益金鼎-台中,2023-07-14,9184
6841,長佳智能,20,4,16,群益金鼎-台中,2023-07-14,9184
00633L,富邦上証正2,16,0,16,群益金鼎-台中,2023-07-14,9184
2382,廣達,55,40,15,群益金鼎-台中,2023-07-14,9184
3576,聯合再生,23,8,15,群益金鼎-台中,2023-07-14,9184
00652,富邦印度,15,0,15,群益金鼎-台中,2023-07-14,9184
6235,華孚,54,40,14,群益金鼎-台中,2023-07-14,9184
2409,友達,24,10,14,群益金鼎-台中,2023-07-14,9184
5258,虹堡,42,28,14,群益金鼎-台中,2023-07-14,9184
1609,大亞,91,77,14,群益金鼎-台中,2023-07-14,9184
2027,大成鋼,13,0,13,群益金鼎-台中,2023-07-14,9184
2609,陽明,33,22,11,群益金鼎-台中,2023-07-14,9184
6217,中探針,11,0,11,群益金鼎-台中,2023-07-14,9184
00882,中信中國高股息,10,0,10,群益金鼎-台中,2023-07-14,9184
3703,欣陸,10,0,10,群益金鼎-台中,2023-07-14,9184
2367,燿華,12,2,10,群益金鼎-台中,2023-07-14,9184
3441,聯一光,12,2,10,群益金鼎-台中,2023-07-14,9184
3338,泰碩,11,1,10,群益金鼎-台中,2023-07-14,9184
2002,中鋼,11,1,10,群益金鼎-台中,2023-07-14,9184
00680L,元大美債20正2,10,1,9,群益金鼎-台中,2023-07-14,9184
2603,長榮,12,3,9,群益金鼎-台中,2023-07-14,9184
1477,聚陽,13,4,9,群益金鼎-台中,2023-07-14,9184
3694,海華,11,2,9,群益金鼎-台中,2023-07-14,9184
00885,富邦越南,10,1,9,群益金鼎-台中,2023-07-14,9184
6005,群益證,150,3,147,群益金鼎-台中,2023-07-17,9184
00665L,富邦�琤肭磪囓�2,170,50,120,群益金鼎-台中,2023-07-17,9184
00929,復華台灣科技優息,137,51,86,群益金鼎-台中,2023-07-17,9184
2812,台中銀,65,0,65,群益金鼎-台中,2023-07-17,9184
2603,長榮,60,6,54,群益金鼎-台中,2023-07-17,9184
3037,欣興,62,9,53,群益金鼎-台中,2023-07-17,9184
2401,凌陽,70,17,53,群益金鼎-台中,2023-07-17,9184
2002,中鋼,45,0,45,群益金鼎-台中,2023-07-17,9184
1102,亞泥,43,0,43,群益金鼎-台中,2023-07-17,9184
2324,仁寶,74,37,37,群益金鼎-台中,2023-07-17,9184
2382,廣達,64,28,36,群益金鼎-台中,2023-07-17,9184
4714,永捷,39,3,36,群益金鼎-台中,2023-07-17,9184
0056,元大高股息,123,88,35,群益金鼎-台中,2023-07-17,9184
2402,毅嘉,70,38,32,群益金鼎-台中,2023-07-17,9184
00918,大華優利高填息30,30,0,30,群益金鼎-台中,2023-07-17,9184
4123,晟德,33,5,28,群益金鼎-台中,2023-07-17,9184
1473,台南,28,0,28,群益金鼎-台中,2023-07-17,9184
5425,台半,31,4,27,群益金鼎-台中,2023-07-17,9184
1722,台肥,42,17,25,群益金鼎-台中,2023-07-17,9184
1316,上曜,23,0,23,群益金鼎-台中,2023-07-17,9184
5876,上海商銀,23,0,23,群益金鼎-台中,2023-07-17,9184
2027,大成鋼,24,1,23,群益金鼎-台中,2023-07-17,9184
5465,富驊,25,4,21,群益金鼎-台中,2023-07-17,9184
3033,威健,23,3,20,群益金鼎-台中,2023-07-17,9184
2338,光罩,20,0,20,群益金鼎-台中,2023-07-17,9184
3022,威強電,22,2,20,群益金鼎-台中,2023-07-17,9184
2312,金寶,128,108,20,群益金鼎-台中,2023-07-17,9184
4533,協易機,23,3,20,群益金鼎-台中,2023-07-17,9184
3048,益登,19,0,19,群益金鼎-台中,2023-07-17,9184
2352,佳世達,26,7,19,群益金鼎-台中,2023-07-17,9184
5426,振發,19,1,18,群益金鼎-台中,2023-07-17,9184
3374,精材,19,1,18,群益金鼎-台中,2023-07-17,9184
2034,允強,17,0,17,群益金鼎-台中,2023-07-17,9184
6282,康舒,94,79,15,群益金鼎-台中,2023-07-17,9184
3689,湧德,23,9,14,群益金鼎-台中,2023-07-17,9184
1789,神隆,19,5,14,群益金鼎-台中,2023-07-17,9184
2331,精英,23,9,14,群益金鼎-台中,2023-07-17,9184
3706,神達,18,5,13,群益金鼎-台中,2023-07-17,9184
6235,華孚,20,8,12,群益金鼎-台中,2023-07-17,9184
2371,大同,40,28,12,群益金鼎-台中,2023-07-17,9184
2397,友通,11,0,11,群益金鼎-台中,2023-07-17,9184
1101,台泥,12,1,11,群益金鼎-台中,2023-07-17,9184
2486,一詮,23,12,11,群益金鼎-台中,2023-07-17,9184
3712,永崴投控,12,1,11,群益金鼎-台中,2023-07-17,9184
5009,榮剛,15,4,11,群益金鼎-台中,2023-07-17,9184
2481,強茂,32,22,10,群益金鼎-台中,2023-07-17,9184
0050,元大台灣50,11,1,10,群益金鼎-台中,2023-07-17,9184
5324,士開,10,0,10,群益金鼎-台中,2023-07-17,9184
2420,新巨,10,0,10,群益金鼎-台中,2023-07-17,9184
8043,蜜望實,10,0,10,群益金鼎-台中,2023-07-17,9184
1722,台肥,115,0,115,群益金鼎-台中,2023-07-18,9184
2449,京元電子,127,23,104,群益金鼎-台中,2023-07-18,9184
5469,瀚宇博,65,5,60,群益金鼎-台中,2023-07-18,9184
2312,金寶,220,164,56,群益金鼎-台中,2023-07-18,9184
4938,和碩,75,21,54,群益金鼎-台中,2023-07-18,9184
6005,群益證,55,2,53,群益金鼎-台中,2023-07-18,9184
5457,宣德,61,9,52,群益金鼎-台中,2023-07-18,9184
3024,憶聲,49,5,44,群益金鼎-台中,2023-07-18,9184
5488,松普,40,0,40,群益金鼎-台中,2023-07-18,9184
00637L,元大滬深300正2,40,1,39,群益金鼎-台中,2023-07-18,9184
2812,台中銀,58,21,37,群益金鼎-台中,2023-07-18,9184
1313,聯成,39,4,35,群益金鼎-台中,2023-07-18,9184
2317,鴻海,75,41,34,群益金鼎-台中,2023-07-18,9184
2634,漢翔,33,2,31,群益金鼎-台中,2023-07-18,9184
2610,華航,80,49,31,群益金鼎-台中,2023-07-18,9184
2603,長榮,31,3,28,群益金鼎-台中,2023-07-18,9184
00882,中信中國高股息,28,0,28,群益金鼎-台中,2023-07-18,9184
4532,瑞智,65,39,26,群益金鼎-台中,2023-07-18,9184
00632R,元大台灣50反1,70,45,25,群益金鼎-台中,2023-07-18,9184
2605,新興,26,1,25,群益金鼎-台中,2023-07-18,9184
4157,太景*-KY,21,0,21,群益金鼎-台中,2023-07-18,9184
1711,永光,22,2,20,群益金鼎-台中,2023-07-18,9184
00929,復華台灣科技優息,70,50,20,群益金鼎-台中,2023-07-18,9184
6288,聯嘉,18,0,18,群益金鼎-台中,2023-07-18,9184
00715L,期街口布蘭特正2,18,0,18,群益金鼎-台中,2023-07-18,9184
2329,華泰,92,75,17,群益金鼎-台中,2023-07-18,9184
1513,中興電,36,21,15,群益金鼎-台中,2023-07-18,9184
8048,德勝,15,0,15,群益金鼎-台中,2023-07-18,9184
3038,全台,18,4,14,群益金鼎-台中,2023-07-18,9184
6282,康舒,105,91,14,群益金鼎-台中,2023-07-18,9184
3322,建舜電,14,1,13,群益金鼎-台中,2023-07-18,9184
6188,廣明,81,68,13,群益金鼎-台中,2023-07-18,9184
1101,台泥,23,11,12,群益金鼎-台中,2023-07-18,9184
4906,正文,14,2,12,群益金鼎-台中,2023-07-18,9184
6218,豪勉,20,8,12,群益金鼎-台中,2023-07-18,9184
2881,富邦金,27,16,11,群益金鼎-台中,2023-07-18,9184
1301,台塑,11,0,11,群益金鼎-台中,2023-07-18,9184
3630,新鉅科,17,6,11,群益金鼎-台中,2023-07-18,9184
2374,佳能,12,1,11,群益金鼎-台中,2023-07-18,9184
2915,潤泰全,12,1,11,群益金鼎-台中,2023-07-18,9184
8050,廣積,38,27,11,群益金鼎-台中,2023-07-18,9184
6290,良維,16,6,10,群益金鼎-台中,2023-07-18,9184
3027,盛達,23,13,10,群益金鼎-台中,2023-07-18,9184
1905,華紙,11,1,10,群益金鼎-台中,2023-07-18,9184
2457,飛宏,41,31,10,群益金鼎-台中,2023-07-18,9184
3450,聯鈞,10,0,10,群益金鼎-台中,2023-07-18,9184
3071,協禧,33,23,10,群益金鼎-台中,2023-07-18,9184
2637,慧洋-KY,10,0,10,群益金鼎-台中,2023-07-18,9184
1514,亞力,95,86,9,群益金鼎-台中,2023-07-18,9184
2313,華通,34,25,9,群益金鼎-台中,2023-07-18,9184
5876,上海商銀,160,1,159,群益金鼎-台中,2023-07-19,9184
6167,久正,130,0,130,群益金鼎-台中,2023-07-19,9184
2324,仁寶,228,113,115,群益金鼎-台中,2023-07-19,9184
020027,元大上櫃ESG成長N,120,20,100,群益金鼎-台中,2023-07-19,9184
6120,達運,70,20,50,群益金鼎-台中,2023-07-19,9184
020020,元大台股領航N,30,0,30,群益金鼎-台中,2023-07-19,9184
4726,永昕,28,0,28,群益金鼎-台中,2023-07-19,9184
3078,僑威,34,7,27,群益金鼎-台中,2023-07-19,9184
2317,鴻海,30,3,27,群益金鼎-台中,2023-07-19,9184
2419,仲琦,71,44,27,群益金鼎-台中,2023-07-19,9184
00669R,國泰美國道瓊反1,25,0,25,群益金鼎-台中,2023-07-19,9184
2353,宏��,93,69,24,群益金鼎-台中,2023-07-19,9184
2881,富邦金,25,1,24,群益金鼎-台中,2023-07-19,9184
3105,穩懋,28,4,24,群益金鼎-台中,2023-07-19,9184
00888,永豐台灣ESG,22,0,22,群益金鼎-台中,2023-07-19,9184
2610,華航,33,11,22,群益金鼎-台中,2023-07-19,9184
1513,中興電,21,0,21,群益金鼎-台中,2023-07-19,9184
2342,茂矽,21,0,21,群益金鼎-台中,2023-07-19,9184
5009,榮剛,22,1,21,群益金鼎-台中,2023-07-19,9184
6153,嘉聯益,20,0,20,群益金鼎-台中,2023-07-19,9184
3026,禾伸堂,20,0,20,群益金鼎-台中,2023-07-19,9184
1319,東陽,20,0,20,群益金鼎-台中,2023-07-19,9184
3552,同致,20,0,20,群益金鼎-台中,2023-07-19,9184
2886,兆豐金,18,0,18,群益金鼎-台中,2023-07-19,9184
6405,悅城,18,0,18,群益金鼎-台中,2023-07-19,9184
00712,復華富時不動產,18,0,18,群益金鼎-台中,2023-07-19,9184
6548,長科*,19,2,17,群益金鼎-台中,2023-07-19,9184
1609,大亞,77,60,17,群益金鼎-台中,2023-07-19,9184
3443,創意,44,28,16,群益金鼎-台中,2023-07-19,9184
00878,國泰永續高股息,137,121,16,群益金鼎-台中,2023-07-19,9184
5469,瀚宇博,21,6,15,群益金鼎-台中,2023-07-19,9184
1529,樂事綠能,20,5,15,群益金鼎-台中,2023-07-19,9184
6288,聯嘉,14,0,14,群益金鼎-台中,2023-07-19,9184
00637L,元大滬深300正2,58,44,14,群益金鼎-台中,2023-07-19,9184
3189,景碩,25,12,13,群益金鼎-台中,2023-07-19,9184
2303,聯電,16,3,13,群益金鼎-台中,2023-07-19,9184
4563,百德,14,1,13,群益金鼎-台中,2023-07-19,9184
6182,合晶,17,5,12,群益金鼎-台中,2023-07-19,9184
2354,鴻準,12,0,12,群益金鼎-台中,2023-07-19,9184
2887,台新金,12,0,12,群益金鼎-台中,2023-07-19,9184
8464,億豐,12,0,12,群益金鼎-台中,2023-07-19,9184
2498,宏達電,12,1,11,群益金鼎-台中,2023-07-19,9184
4142,國光生,11,0,11,群益金鼎-台中,2023-07-19,9184
1471,首利,11,0,11,群益金鼎-台中,2023-07-19,9184
3207,耀勝,11,0,11,群益金鼎-台中,2023-07-19,9184
6282,康舒,41,31,10,群益金鼎-台中,2023-07-19,9184
00671R,富邦NASDAQ反1,10,0,10,群益金鼎-台中,2023-07-19,9184
020030,統一智慧電動車N,10,0,10,群益金鼎-台中,2023-07-19,9184
00679B,元大美債20年,11,1,10,群益金鼎-台中,2023-07-19,9184
4931,新盛力,13,3,10,群益金鼎-台中,2023-07-19,9184
1316,上曜,581,1,580,群益金鼎-台中,2023-07-20,9184
1102,亞泥,186,0,186,群益金鼎-台中,2023-07-20,9184
2449,京元電子,121,51,70,群益金鼎-台中,2023-07-20,9184
2312,金寶,58,4,54,群益金鼎-台中,2023-07-20,9184
3033,威健,51,5,46,群益金鼎-台中,2023-07-20,9184
5425,台半,37,5,32,群益金鼎-台中,2023-07-20,9184
2303,聯電,39,7,32,群益金鼎-台中,2023-07-20,9184
3346,麗清,46,18,28,群益金鼎-台中,2023-07-20,9184
00637L,元大滬深300正2,30,3,27,群益金鼎-台中,2023-07-20,9184
2402,毅嘉,26,2,24,群益金鼎-台中,2023-07-20,9184
00712,復華富時不動產,22,0,22,群益金鼎-台中,2023-07-20,9184
6235,華孚,46,25,21,群益金鼎-台中,2023-07-20,9184
00878,國泰永續高股息,79,58,21,群益金鼎-台中,2023-07-20,9184
3576,聯合再生,21,0,21,群益金鼎-台中,2023-07-20,9184
3037,欣興,39,18,21,群益金鼎-台中,2023-07-20,9184
1305,華夏,20,0,20,群益金鼎-台中,2023-07-20,9184
1789,神隆,21,3,18,群益金鼎-台中,2023-07-20,9184
00929,復華台灣科技優息,16,0,16,群益金鼎-台中,2023-07-20,9184
6158,禾昌,17,1,16,群益金鼎-台中,2023-07-20,9184
2609,陽明,37,21,16,群益金鼎-台中,2023-07-20,9184
2881,富邦金,15,1,14,群益金鼎-台中,2023-07-20,9184
2405,輔信,76,62,14,群益金鼎-台中,2023-07-20,9184
6188,廣明,41,28,13,群益金鼎-台中,2023-07-20,9184
6111,大宇資,13,0,13,群益金鼎-台中,2023-07-20,9184
3289,宜特,22,10,12,群益金鼎-台中,2023-07-20,9184
1513,中興電,12,0,12,群益金鼎-台中,2023-07-20,9184
5469,瀚宇博,12,0,12,群益金鼎-台中,2023-07-20,9184
6150,撼訊,43,31,12,群益金鼎-台中,2023-07-20,9184
1711,永光,14,3,11,群益金鼎-台中,2023-07-20,9184
2301,光寶科,21,11,10,群益金鼎-台中,2023-07-20,9184
6213,聯茂,18,8,10,群益金鼎-台中,2023-07-20,9184
2206,三陽工業,25,15,10,群益金鼎-台中,2023-07-20,9184
00648R,元大S＆P500反1,10,0,10,群益金鼎-台中,2023-07-20,9184
3694,海華,10,0,10,群益金鼎-台中,2023-07-20,9184
2511,太子,10,0,10,群益金鼎-台中,2023-07-20,9184
2329,華泰,42,32,10,群益金鼎-台中,2023-07-20,9184
5475,德宏,12,3,9,群益金鼎-台中,2023-07-20,9184
2461,光群雷,14,5,9,群益金鼎-台中,2023-07-20,9184
8358,金居,12,3,9,群益金鼎-台中,2023-07-20,9184
8905,裕國,9,0,9,群益金鼎-台中,2023-07-20,9184
3264,欣銓,70,61,9,群益金鼎-台中,2023-07-20,9184
3564,其陽,11,2,9,群益金鼎-台中,2023-07-20,9184
4977,眾達-KY,34,25,9,群益金鼎-台中,2023-07-20,9184
3362,先進光,12,4,8,群益金鼎-台中,2023-07-20,9184
3055,蔚華科,11,3,8,群益金鼎-台中,2023-07-20,9184
3228,金麗科,7,0,7,群益金鼎-台中,2023-07-20,9184
3481,群創,19,12,7,群益金鼎-台中,2023-07-20,9184
8926,台汽電,12,5,7,群益金鼎-台中,2023-07-20,9184
1101,台泥,11,4,7,群益金鼎-台中,2023-07-20,9184
8996,高力,12,6,6,群益金鼎-台中,2023-07-20,9184
00676R,富邦臺灣加權反1,200,17,183,群益金鼎-台中,2023-07-21,9184
3682,亞太電,104,0,104,群益金鼎-台中,2023-07-21,9184
00706L,期元大S＆P日圓正2,100,0,100,群益金鼎-台中,2023-07-21,9184
1101,台泥,85,3,82,群益金鼎-台中,2023-07-21,9184
1513,中興電,133,56,77,群益金鼎-台中,2023-07-21,9184
1609,大亞,95,27,68,群益金鼎-台中,2023-07-21,9184
4533,協易機,65,7,58,群益金鼎-台中,2023-07-21,9184
6189,豐藝,50,0,50,群益金鼎-台中,2023-07-21,9184
2610,華航,80,44,36,群益金鼎-台中,2023-07-21,9184
00878,國泰永續高股息,51,19,32,群益金鼎-台中,2023-07-21,9184
00665L,富邦�琤肭磪囓�2,30,0,30,群益金鼎-台中,2023-07-21,9184
2323,中環,26,0,26,群益金鼎-台中,2023-07-21,9184
1907,永豐餘,41,16,25,群益金鼎-台中,2023-07-21,9184
2630,亞航,48,24,24,群益金鼎-台中,2023-07-21,9184
00712,復華富時不動產,21,1,20,群益金鼎-台中,2023-07-21,9184
5864,致和證,23,3,20,群益金鼎-台中,2023-07-21,9184
3105,穩懋,26,6,20,群益金鼎-台中,2023-07-21,9184
3706,神達,26,6,20,群益金鼎-台中,2023-07-21,9184
2615,萬海,26,7,19,群益金鼎-台中,2023-07-21,9184
2425,承啟,27,8,19,群益金鼎-台中,2023-07-21,9184
1905,華紙,34,16,18,群益金鼎-台中,2023-07-21,9184
3013,晟銘電,77,59,18,群益金鼎-台中,2023-07-21,9184
6275,元山,32,15,17,群益金鼎-台中,2023-07-21,9184
00929,復華台灣科技優息,17,0,17,群益金鼎-台中,2023-07-21,9184
3581,博磊,23,8,15,群益金鼎-台中,2023-07-21,9184
3450,聯鈞,18,3,15,群益金鼎-台中,2023-07-21,9184
6854,錼創科技-KY創,15,0,15,群益金鼎-台中,2023-07-21,9184
2382,廣達,81,67,14,群益金鼎-台中,2023-07-21,9184
2330,台積電,21,7,14,群益金鼎-台中,2023-07-21,9184
2887,台新金,14,0,14,群益金鼎-台中,2023-07-21,9184
2312,金寶,21,7,14,群益金鼎-台中,2023-07-21,9184
2609,陽明,38,25,13,群益金鼎-台中,2023-07-21,9184
2634,漢翔,39,26,13,群益金鼎-台中,2023-07-21,9184
00733,富邦臺灣中小,13,0,13,群益金鼎-台中,2023-07-21,9184
3264,欣銓,13,1,12,群益金鼎-台中,2023-07-21,9184
0050,元大台灣50,15,4,11,群益金鼎-台中,2023-07-21,9184
3564,其陽,11,0,11,群益金鼎-台中,2023-07-21,9184
1529,樂事綠能,11,0,11,群益金鼎-台中,2023-07-21,9184
2511,太子,10,0,10,群益金鼎-台中,2023-07-21,9184
00669R,國泰美國道瓊反1,13,3,10,群益金鼎-台中,2023-07-21,9184
00685L,群益臺灣加權正2,10,0,10,群益金鼎-台中,2023-07-21,9184
2402,毅嘉,25,15,10,群益金鼎-台中,2023-07-21,9184
6576,逸達,10,0,10,群益金鼎-台中,2023-07-21,9184
1464,得力,10,1,9,群益金鼎-台中,2023-07-21,9184
6278,台表科,10,1,9,群益金鼎-台中,2023-07-21,9184
3588,通嘉,15,6,9,群益金鼎-台中,2023-07-21,9184
6188,廣明,42,34,8,群益金鼎-台中,2023-07-21,9184
006208,富邦台50,8,0,8,群益金鼎-台中,2023-07-21,9184
1402,遠東新,8,0,8,群益金鼎-台中,2023-07-21,9184
1727,中華化,15,8,7,群益金鼎-台中,2023-07-21,9184
1102,亞泥,389,0,389,群益金鼎-台中,2023-07-24,9184
2882,國泰金,172,30,142,群益金鼎-台中,2023-07-24,9184
5876,上海商銀,100,0,100,群益金鼎-台中,2023-07-24,9184
2312,金寶,101,4,97,群益金鼎-台中,2023-07-24,9184
6005,群益證,102,23,79,群益金鼎-台中,2023-07-24,9184
4526,東台,60,2,58,群益金鼎-台中,2023-07-24,9184
00637L,元大滬深300正2,45,0,45,群益金鼎-台中,2023-07-24,9184
3715,定穎投控,45,4,41,群益金鼎-台中,2023-07-24,9184
2547,日勝生,40,0,40,群益金鼎-台中,2023-07-24,9184
020027,元大上櫃ESG成長N,120,80,40,群益金鼎-台中,2023-07-24,9184
4532,瑞智,52,12,40,群益金鼎-台中,2023-07-24,9184
2889,國票金,40,1,39,群益金鼎-台中,2023-07-24,9184
00665L,富邦�琤肭磪囓�2,30,0,30,群益金鼎-台中,2023-07-24,9184
00676R,富邦臺灣加權反1,25,0,25,群益金鼎-台中,2023-07-24,9184
6274,台燿,44,21,23,群益金鼎-台中,2023-07-24,9184
5309,系統電,21,0,21,群益金鼎-台中,2023-07-24,9184
2421,建準,60,39,21,群益金鼎-台中,2023-07-24,9184
2426,鼎元,20,0,20,群益金鼎-台中,2023-07-24,9184
9105,泰金寶-DR,20,0,20,群益金鼎-台中,2023-07-24,9184
2834,臺企銀,20,0,20,群益金鼎-台中,2023-07-24,9184
00673R,期元大S＆P原油反1,19,0,19,群益金鼎-台中,2023-07-24,9184
3441,聯一光,20,1,19,群益金鼎-台中,2023-07-24,9184
3264,欣銓,18,1,17,群益金鼎-台中,2023-07-24,9184
1609,大亞,89,73,16,群益金鼎-台中,2023-07-24,9184
2609,陽明,30,14,16,群益金鼎-台中,2023-07-24,9184
2425,承啟,21,5,16,群益金鼎-台中,2023-07-24,9184
2316,楠梓電,118,102,16,群益金鼎-台中,2023-07-24,9184
2357,華碩,20,5,15,群益金鼎-台中,2023-07-24,9184
00712,復華富時不動產,16,1,15,群益金鼎-台中,2023-07-24,9184
6209,今國光,17,2,15,群益金鼎-台中,2023-07-24,9184
2880,華南金,14,0,14,群益金鼎-台中,2023-07-24,9184
5457,宣德,14,0,14,群益金鼎-台中,2023-07-24,9184
3706,神達,37,23,14,群益金鼎-台中,2023-07-24,9184
2382,廣達,75,62,13,群益金鼎-台中,2023-07-24,9184
2603,長榮,28,15,13,群益金鼎-台中,2023-07-24,9184
1714,和桐,12,0,12,群益金鼎-台中,2023-07-24,9184
2812,台中銀,16,4,12,群益金鼎-台中,2023-07-24,9184
2301,光寶科,41,30,11,群益金鼎-台中,2023-07-24,9184
00927,群益半導體收益,11,0,11,群益金鼎-台中,2023-07-24,9184
3036,文曄,11,0,11,群益金鼎-台中,2023-07-24,9184
5469,瀚宇博,24,13,11,群益金鼎-台中,2023-07-24,9184
2739,寒舍,11,0,11,群益金鼎-台中,2023-07-24,9184
2883,凱基金,11,0,11,群益金鼎-台中,2023-07-24,9184
6118,建達,11,0,11,群益金鼎-台中,2023-07-24,9184
5222,全訊,11,0,11,群益金鼎-台中,2023-07-24,9184
2511,太子,10,0,10,群益金鼎-台中,2023-07-24,9184
3322,建舜電,15,5,10,群益金鼎-台中,2023-07-24,9184
2368,金像電,23,13,10,群益金鼎-台中,2023-07-24,9184
3362,先進光,10,1,9,群益金鼎-台中,2023-07-24,9184
2615,萬海,14,5,9,群益金鼎-台中,2023-07-24,9184
00632R,元大台灣50反1,224,30,194,群益金鼎-台中,2023-07-25,9184
00676R,富邦臺灣加權反1,100,0,100,群益金鼎-台中,2023-07-25,9184
00673R,期元大S＆P原油反1,99,5,94,群益金鼎-台中,2023-07-25,9184
5426,振發,50,0,50,群益金鼎-台中,2023-07-25,9184
1522,堤維西,40,0,40,群益金鼎-台中,2023-07-25,9184
6257,矽格,40,0,40,群益金鼎-台中,2023-07-25,9184
020027,元大上櫃ESG成長N,40,0,40,群益金鼎-台中,2023-07-25,9184
2201,裕隆,45,7,38,群益金鼎-台中,2023-07-25,9184
3227,原相,49,16,33,群益金鼎-台中,2023-07-25,9184
1314,中石化,32,0,32,群益金鼎-台中,2023-07-25,9184
2881,富邦金,40,8,32,群益金鼎-台中,2023-07-25,9184
9105,泰金寶-DR,30,0,30,群益金鼎-台中,2023-07-25,9184
3356,奇偶,29,2,27,群益金鼎-台中,2023-07-25,9184
2382,廣達,151,125,26,群益金鼎-台中,2023-07-25,9184
00712,復華富時不動產,25,0,25,群益金鼎-台中,2023-07-25,9184
2002,中鋼,32,8,24,群益金鼎-台中,2023-07-25,9184
00679B,元大美債20年,24,0,24,群益金鼎-台中,2023-07-25,9184
2887,台新金,30,6,24,群益金鼎-台中,2023-07-25,9184
5483,中美晶,24,1,23,群益金鼎-台中,2023-07-25,9184
2301,光寶科,73,51,22,群益金鼎-台中,2023-07-25,9184
00687B,國泰20年美債,23,2,21,群益金鼎-台中,2023-07-25,9184
2883,凱基金,20,0,20,群益金鼎-台中,2023-07-25,9184
4526,東台,20,0,20,群益金鼎-台中,2023-07-25,9184
2897,王道銀行,20,0,20,群益金鼎-台中,2023-07-25,9184
1714,和桐,20,0,20,群益金鼎-台中,2023-07-25,9184
020020,元大台股領航N,20,0,20,群益金鼎-台中,2023-07-25,9184
2211,長榮鋼,50,31,19,群益金鼎-台中,2023-07-25,9184
3260,威剛,18,0,18,群益金鼎-台中,2023-07-25,9184
3541,西柏,19,2,17,群益金鼎-台中,2023-07-25,9184
1217,愛之味,16,0,16,群益金鼎-台中,2023-07-25,9184
2312,金寶,20,4,16,群益金鼎-台中,2023-07-25,9184
2329,華泰,21,5,16,群益金鼎-台中,2023-07-25,9184
4989,榮科,31,15,16,群益金鼎-台中,2023-07-25,9184
00725B,國泰投資級公司債,15,0,15,群益金鼎-台中,2023-07-25,9184
3694,海華,17,2,15,群益金鼎-台中,2023-07-25,9184
3596,智易,21,6,15,群益金鼎-台中,2023-07-25,9184
6591,動力-KY,29,16,13,群益金鼎-台中,2023-07-25,9184
3033,威健,13,0,13,群益金鼎-台中,2023-07-25,9184
6188,廣明,52,39,13,群益金鼎-台中,2023-07-25,9184
2880,華南金,12,0,12,群益金鼎-台中,2023-07-25,9184
1618,合機,16,5,11,群益金鼎-台中,2023-07-25,9184
1752,南光,11,0,11,群益金鼎-台中,2023-07-25,9184
00715L,期街口布蘭特正2,15,4,11,群益金鼎-台中,2023-07-25,9184
2421,建準,48,37,11,群益金鼎-台中,2023-07-25,9184
2851,中再保,10,0,10,群益金鼎-台中,2023-07-25,9184
1234,黑松,10,0,10,群益金鼎-台中,2023-07-25,9184
6026,福邦證,10,0,10,群益金鼎-台中,2023-07-25,9184
1737,臺鹽,10,0,10,群益金鼎-台中,2023-07-25,9184
00720B,元大投資級公司債,10,0,10,群益金鼎-台中,2023-07-25,9184
4513,福裕,12,2,10,群益金鼎-台中,2023-07-25,9184
2449,京元電子,105,6,99,群益金鼎-台中,2023-07-26,9184
6126,信音,59,2,57,群益金鼎-台中,2023-07-26,9184
2883,凱基金,50,0,50,群益金鼎-台中,2023-07-26,9184
00751B,元大AAA至A公司債,50,0,50,群益金鼎-台中,2023-07-26,9184
00673R,期元大S＆P原油反1,43,0,43,群益金鼎-台中,2023-07-26,9184
2211,長榮鋼,42,1,41,群益金鼎-台中,2023-07-26,9184
2329,華泰,186,146,40,群益金鼎-台中,2023-07-26,9184
020027,元大上櫃ESG成長N,80,40,40,群益金鼎-台中,2023-07-26,9184
1471,首利,47,8,39,群益金鼎-台中,2023-07-26,9184
00720B,元大投資級公司債,36,0,36,群益金鼎-台中,2023-07-26,9184
2867,三商壽,38,2,36,群益金鼎-台中,2023-07-26,9184
00679B,元大美債20年,36,0,36,群益金鼎-台中,2023-07-26,9184
1609,大亞,41,6,35,群益金鼎-台中,2023-07-26,9184
1504,東元,86,52,34,群益金鼎-台中,2023-07-26,9184
6015,宏遠證,38,8,30,群益金鼎-台中,2023-07-26,9184
2405,輔信,72,43,29,群益金鼎-台中,2023-07-26,9184
2312,金寶,42,14,28,群益金鼎-台中,2023-07-26,9184
00687B,國泰20年美債,27,0,27,群益金鼎-台中,2023-07-26,9184
2354,鴻準,33,9,24,群益金鼎-台中,2023-07-26,9184
3576,聯合再生,22,0,22,群益金鼎-台中,2023-07-26,9184
1313,聯成,22,2,20,群益金鼎-台中,2023-07-26,9184
2415,錩新,20,0,20,群益金鼎-台中,2023-07-26,9184
00752,中信中國50,20,0,20,群益金鼎-台中,2023-07-26,9184
3013,晟銘電,39,19,20,群益金鼎-台中,2023-07-26,9184
00725B,國泰投資級公司債,20,0,20,群益金鼎-台中,2023-07-26,9184
2887,台新金,24,4,20,群益金鼎-台中,2023-07-26,9184
8341,日友,20,1,19,群益金鼎-台中,2023-07-26,9184
6214,精誠,28,10,18,群益金鼎-台中,2023-07-26,9184
6125,廣運,34,18,16,群益金鼎-台中,2023-07-26,9184
8093,保銳,16,0,16,群益金鼎-台中,2023-07-26,9184
2303,聯電,15,0,15,群益金鼎-台中,2023-07-26,9184
8358,金居,73,58,15,群益金鼎-台中,2023-07-26,9184
00712,復華富時不動產,15,0,15,群益金鼎-台中,2023-07-26,9184
2382,廣達,110,96,14,群益金鼎-台中,2023-07-26,9184
2352,佳世達,21,8,13,群益金鼎-台中,2023-07-26,9184
3483,力致,13,0,13,群益金鼎-台中,2023-07-26,9184
9910,豐泰,13,0,13,群益金鼎-台中,2023-07-26,9184
2328,廣宇,13,0,13,群益金鼎-台中,2023-07-26,9184
1301,台塑,13,1,12,群益金鼎-台中,2023-07-26,9184
2359,所羅門,49,38,11,群益金鼎-台中,2023-07-26,9184
2880,華南金,11,0,11,群益金鼎-台中,2023-07-26,9184
2481,強茂,13,2,11,群益金鼎-台中,2023-07-26,9184
3071,協禧,11,0,11,群益金鼎-台中,2023-07-26,9184
2421,建準,37,26,11,群益金鼎-台中,2023-07-26,9184
00701,國泰股利精選30,10,0,10,群益金鼎-台中,2023-07-26,9184
3323,加百裕,10,0,10,群益金鼎-台中,2023-07-26,9184
3284,太普高,10,0,10,群益金鼎-台中,2023-07-26,9184
2353,宏��,14,4,10,群益金鼎-台中,2023-07-26,9184
00882,中信中國高股息,11,1,10,群益金鼎-台中,2023-07-26,9184
6188,廣明,37,27,10,群益金鼎-台中,2023-07-26,9184
2211,長榮鋼,78,0,78,群益金鼎-台中,2023-07-27,9184
00632R,元大台灣50反1,41,1,40,群益金鼎-台中,2023-07-27,9184
2014,中鴻,42,2,40,群益金鼎-台中,2023-07-27,9184
4533,協易機,139,102,37,群益金鼎-台中,2023-07-27,9184
2353,宏��,36,5,31,群益金鼎-台中,2023-07-27,9184
6120,達運,39,9,30,群益金鼎-台中,2023-07-27,9184
3372,典範,30,0,30,群益金鼎-台中,2023-07-27,9184
2419,仲琦,49,20,29,群益金鼎-台中,2023-07-27,9184
00687B,國泰20年美債,28,0,28,群益金鼎-台中,2023-07-27,9184
3037,欣興,62,34,28,群益金鼎-台中,2023-07-27,9184
00673R,期元大S＆P原油反1,27,0,27,群益金鼎-台中,2023-07-27,9184
2498,宏達電,31,6,25,群益金鼎-台中,2023-07-27,9184
00676R,富邦臺灣加權反1,25,0,25,群益金鼎-台中,2023-07-27,9184
4532,瑞智,38,17,21,群益金鼎-台中,2023-07-27,9184
3541,西柏,21,0,21,群益金鼎-台中,2023-07-27,9184
00878,國泰永續高股息,35,15,20,群益金鼎-台中,2023-07-27,9184
00902,中信電池及儲能,20,0,20,群益金鼎-台中,2023-07-27,9184
00671R,富邦NASDAQ反1,20,0,20,群益金鼎-台中,2023-07-27,9184
5608,四維航,20,0,20,群益金鼎-台中,2023-07-27,9184
00679B,元大美債20年,19,0,19,群益金鼎-台中,2023-07-27,9184
2002,中鋼,18,0,18,群益金鼎-台中,2023-07-27,9184
3260,威剛,20,5,15,群益金鼎-台中,2023-07-27,9184
2603,長榮,19,5,14,群益金鼎-台中,2023-07-27,9184
2618,長榮航,38,24,14,群益金鼎-台中,2023-07-27,9184
2880,華南金,13,0,13,群益金鼎-台中,2023-07-27,9184
5386,青雲,23,10,13,群益金鼎-台中,2023-07-27,9184
8234,新漢,51,39,12,群益金鼎-台中,2023-07-27,9184
1909,榮成,16,4,12,群益金鼎-台中,2023-07-27,9184
6579,研揚,12,0,12,群益金鼎-台中,2023-07-27,9184
3706,神達,45,33,12,群益金鼎-台中,2023-07-27,9184
1513,中興電,17,6,11,群益金鼎-台中,2023-07-27,9184
3189,景碩,12,1,11,群益金鼎-台中,2023-07-27,9184
3576,聯合再生,11,0,11,群益金鼎-台中,2023-07-27,9184
2609,陽明,27,16,11,群益金鼎-台中,2023-07-27,9184
2317,鴻海,10,0,10,群益金鼎-台中,2023-07-27,9184
6190,萬泰科,25,15,10,群益金鼎-台中,2023-07-27,9184
6016,康和證,12,2,10,群益金鼎-台中,2023-07-27,9184
3588,通嘉,10,0,10,群益金鼎-台中,2023-07-27,9184
4744,皇將,10,0,10,群益金鼎-台中,2023-07-27,9184
5439,高技,14,4,10,群益金鼎-台中,2023-07-27,9184
2301,光寶科,32,22,10,群益金鼎-台中,2023-07-27,9184
3004,豐達科,9,0,9,群益金鼎-台中,2023-07-27,9184
1710,東聯,10,2,8,群益金鼎-台中,2023-07-27,9184
3231,緯創,14,5,9,群益金鼎-台中,2023-07-27,9184
4938,和碩,15,7,8,群益金鼎-台中,2023-07-27,9184
6213,聯茂,24,16,8,群益金鼎-台中,2023-07-27,9184
6015,宏遠證,14,6,8,群益金鼎-台中,2023-07-27,9184
6116,彩晶,13,6,7,群益金鼎-台中,2023-07-27,9184
1560,中砂,16,9,7,群益金鼎-台中,2023-07-27,9184
3346,麗清,21,14,7,群益金鼎-台中,2023-07-27,9184
00632R,元大台灣50反1,533,70,463,群益金鼎-台中,2023-07-28,9184
2002,中鋼,187,1,186,群益金鼎-台中,2023-07-28,9184
2426,鼎元,101,34,67,群益金鼎-台中,2023-07-28,9184
2344,華邦電,106,41,65,群益金鼎-台中,2023-07-28,9184
1722,台肥,60,1,59,群益金鼎-台中,2023-07-28,9184
6016,康和證,58,0,58,群益金鼎-台中,2023-07-28,9184
6147,頎邦,54,4,50,群益金鼎-台中,2023-07-28,9184
00676R,富邦臺灣加權反1,50,0,50,群益金鼎-台中,2023-07-28,9184
2324,仁寶,54,7,47,群益金鼎-台中,2023-07-28,9184
5876,上海商銀,45,0,45,群益金鼎-台中,2023-07-28,9184
1402,遠東新,42,0,42,群益金鼎-台中,2023-07-28,9184
00680L,元大美債20正2,40,0,40,群益金鼎-台中,2023-07-28,9184
2481,強茂,38,0,38,群益金鼎-台中,2023-07-28,9184
3006,晶豪科,54,18,36,群益金鼎-台中,2023-07-28,9184
2610,華航,41,7,34,群益金鼎-台中,2023-07-28,9184
1609,大亞,35,5,30,群益金鼎-台中,2023-07-28,9184
2880,華南金,30,0,30,群益金鼎-台中,2023-07-28,9184
4744,皇將,30,0,30,群益金鼎-台中,2023-07-28,9184
00929,復華台灣科技優息,30,0,30,群益金鼎-台中,2023-07-28,9184
2399,映泰,27,2,25,群益金鼎-台中,2023-07-28,9184
2369,菱生,26,2,24,群益金鼎-台中,2023-07-28,9184
00782B,國泰A級公用債,28,4,24,群益金鼎-台中,2023-07-28,9184
3264,欣銓,32,9,23,群益金鼎-台中,2023-07-28,9184
2606,裕民,29,8,21,群益金鼎-台中,2023-07-28,9184
2356,英業達,44,23,21,群益金鼎-台中,2023-07-28,9184
2013,中鋼構,20,0,20,群益金鼎-台中,2023-07-28,9184
2883,凱基金,20,0,20,群益金鼎-台中,2023-07-28,9184
6257,矽格,20,0,20,群益金鼎-台中,2023-07-28,9184
6282,康舒,48,30,18,群益金鼎-台中,2023-07-28,9184
2891,中信金,19,2,17,群益金鼎-台中,2023-07-28,9184
1904,正隆,21,5,16,群益金鼎-台中,2023-07-28,9184
00673R,期元大S＆P原油反1,16,0,16,群益金鼎-台中,2023-07-28,9184
6274,台燿,56,41,15,群益金鼎-台中,2023-07-28,9184
6190,萬泰科,33,18,15,群益金鼎-台中,2023-07-28,9184
2027,大成鋼,23,9,14,群益金鼎-台中,2023-07-28,9184
2402,毅嘉,32,18,14,群益金鼎-台中,2023-07-28,9184
5443,均豪,14,0,14,群益金鼎-台中,2023-07-28,9184
00878,國泰永續高股息,63,50,13,群益金鼎-台中,2023-07-28,9184
6275,元山,13,1,12,群益金鼎-台中,2023-07-28,9184
2468,華經,12,0,12,群益金鼎-台中,2023-07-28,9184
3231,緯創,85,74,11,群益金鼎-台中,2023-07-28,9184
2498,宏達電,14,3,11,群益金鼎-台中,2023-07-28,9184
3714,富采,12,2,10,群益金鼎-台中,2023-07-28,9184
0050,元大台灣50,10,0,10,群益金鼎-台中,2023-07-28,9184
6443,元晶,10,0,10,群益金鼎-台中,2023-07-28,9184
2881,富邦金,12,2,10,群益金鼎-台中,2023-07-28,9184
2211,長榮鋼,10,0,10,群益金鼎-台中,2023-07-28,9184
2634,漢翔,12,2,10,群益金鼎-台中,2023-07-28,9184
3078,僑威,34,24,10,群益金鼎-台中,2023-07-28,9184
5386,青雲,30,20,10,群益金鼎-台中,2023-07-28,9184
00632R,元大台灣50反1,255,5,250,群益金鼎-台中,2023-07-31,9184
2329,華泰,239,114,125,群益金鼎-台中,2023-07-31,9184
2426,鼎元,116,10,106,群益金鼎-台中,2023-07-31,9184
2882,國泰金,82,4,78,群益金鼎-台中,2023-07-31,9184
1314,中石化,72,3,69,群益金鼎-台中,2023-07-31,9184
00752,中信中國50,70,2,68,群益金鼎-台中,2023-07-31,9184
00637L,元大滬深300正2,90,25,65,群益金鼎-台中,2023-07-31,9184
2002,中鋼,65,6,59,群益金鼎-台中,2023-07-31,9184
00676R,富邦臺灣加權反1,50,0,50,群益金鼎-台中,2023-07-31,9184
2301,光寶科,122,74,48,群益金鼎-台中,2023-07-31,9184
00679B,元大美債20年,38,2,36,群益金鼎-台中,2023-07-31,9184
3029,零壹,86,50,36,群益金鼎-台中,2023-07-31,9184
00878,國泰永續高股息,94,58,36,群益金鼎-台中,2023-07-31,9184
3289,宜特,42,8,34,群益金鼎-台中,2023-07-31,9184
2618,長榮航,41,8,33,群益金鼎-台中,2023-07-31,9184
4207,環泰,32,0,32,群益金鼎-台中,2023-07-31,9184
2880,華南金,30,0,30,群益金鼎-台中,2023-07-31,9184
2449,京元電子,36,7,29,群益金鼎-台中,2023-07-31,9184
3714,富采,31,2,29,群益金鼎-台中,2023-07-31,9184
2312,金寶,71,44,27,群益金鼎-台中,2023-07-31,9184
2609,陽明,34,9,25,群益金鼎-台中,2023-07-31,9184
2603,長榮,29,5,24,群益金鼎-台中,2023-07-31,9184
00929,復華台灣科技優息,27,4,23,群益金鼎-台中,2023-07-31,9184
2881,富邦金,36,13,23,群益金鼎-台中,2023-07-31,9184
2405,輔信,25,3,22,群益金鼎-台中,2023-07-31,9184
1513,中興電,47,26,21,群益金鼎-台中,2023-07-31,9184
00905,FT臺灣Smart,21,0,21,群益金鼎-台中,2023-07-31,9184
2027,大成鋼,41,20,21,群益金鼎-台中,2023-07-31,9184
1722,台肥,20,0,20,群益金鼎-台中,2023-07-31,9184
00687B,國泰20年美債,20,0,20,群益金鼎-台中,2023-07-31,9184
3006,晶豪科,22,2,20,群益金鼎-台中,2023-07-31,9184
020027,元大上櫃ESG成長N,40,20,20,群益金鼎-台中,2023-07-31,9184
2891,中信金,19,0,19,群益金鼎-台中,2023-07-31,9184
3704,合勤控,22,6,16,群益金鼎-台中,2023-07-31,9184
6187,萬潤,32,16,16,群益金鼎-台中,2023-07-31,9184
3037,欣興,23,8,15,群益金鼎-台中,2023-07-31,9184
6235,華孚,25,11,14,群益金鼎-台中,2023-07-31,9184
5351,鈺創,17,3,14,群益金鼎-台中,2023-07-31,9184
1907,永豐餘,17,3,14,群益金鼎-台中,2023-07-31,9184
6282,康舒,147,133,14,群益金鼎-台中,2023-07-31,9184
5347,世界,13,0,13,群益金鼎-台中,2023-07-31,9184
2323,中環,13,0,13,群益金鼎-台中,2023-07-31,9184
3272,東碩,13,0,13,群益金鼎-台中,2023-07-31,9184
3058,立德,13,1,12,群益金鼎-台中,2023-07-31,9184
2330,台積電,13,0,13,群益金鼎-台中,2023-07-31,9184
3189,景碩,12,0,12,群益金鼎-台中,2023-07-31,9184
3055,蔚華科,25,13,12,群益金鼎-台中,2023-07-31,9184
1736,喬山,14,2,12,群益金鼎-台中,2023-07-31,9184
2317,鴻海,17,6,11,群益金鼎-台中,2023-07-31,9184
2206,三陽工業,34,23,11,群益金鼎-台中,2023-07-31,9184
2883,凱基金,185,2,183,群益金鼎-台中,2023-08-01,9184
1722,台肥,100,0,100,群益金鼎-台中,2023-08-01,9184
020027,元大上櫃ESG成長N,80,0,80,群益金鼎-台中,2023-08-01,9184
1737,臺鹽,90,10,80,群益金鼎-台中,2023-08-01,9184
00637L,元大滬深300正2,55,2,53,群益金鼎-台中,2023-08-01,9184
5388,中磊,72,21,51,群益金鼎-台中,2023-08-01,9184
00676R,富邦臺灣加權反1,50,0,50,群益金鼎-台中,2023-08-01,9184
00900,富邦特選高股息30,49,0,49,群益金鼎-台中,2023-08-01,9184
1609,大亞,52,9,43,群益金鼎-台中,2023-08-01,9184
2312,金寶,42,3,39,群益金鼎-台中,2023-08-01,9184
2449,京元電子,46,8,38,群益金鼎-台中,2023-08-01,9184
3325,旭品,34,12,22,群益金鼎-台中,2023-08-01,9184
3105,穩懋,35,14,21,群益金鼎-台中,2023-08-01,9184
4510,高鋒,21,0,21,群益金鼎-台中,2023-08-01,9184
2618,長榮航,29,9,20,群益金鼎-台中,2023-08-01,9184
2880,華南金,20,0,20,群益金鼎-台中,2023-08-01,9184
2426,鼎元,23,5,18,群益金鼎-台中,2023-08-01,9184
1532,勤美,17,0,17,群益金鼎-台中,2023-08-01,9184
0056,元大高股息,88,72,16,群益金鼎-台中,2023-08-01,9184
2201,裕隆,36,20,16,群益金鼎-台中,2023-08-01,9184
1905,華紙,22,6,16,群益金鼎-台中,2023-08-01,9184
1802,台玻,37,22,15,群益金鼎-台中,2023-08-01,9184
1305,華夏,13,0,13,群益金鼎-台中,2023-08-01,9184
1710,東聯,15,2,13,群益金鼎-台中,2023-08-01,9184
00645,富邦日本,13,0,13,群益金鼎-台中,2023-08-01,9184
1907,永豐餘,12,0,12,群益金鼎-台中,2023-08-01,9184
6125,廣運,24,12,12,群益金鼎-台中,2023-08-01,9184
3483,力致,13,1,12,群益金鼎-台中,2023-08-01,9184
6532,瑞耘,15,3,12,群益金鼎-台中,2023-08-01,9184
4726,永昕,12,1,11,群益金鼎-台中,2023-08-01,9184
00923,群益台ESG低碳50,11,0,11,群益金鼎-台中,2023-08-01,9184
2801,彰銀,11,0,11,群益金鼎-台中,2023-08-01,9184
3092,鴻碩,11,0,11,群益金鼎-台中,2023-08-01,9184
5009,榮剛,11,0,11,群益金鼎-台中,2023-08-01,9184
6188,廣明,37,26,11,群益金鼎-台中,2023-08-01,9184
5324,士開,10,0,10,群益金鼎-台中,2023-08-01,9184
2408,南亞科,10,0,10,群益金鼎-台中,2023-08-01,9184
2497,怡利電,10,0,10,群益金鼎-台中,2023-08-01,9184
2634,漢翔,13,3,10,群益金鼎-台中,2023-08-01,9184
6015,宏遠證,10,0,10,群益金鼎-台中,2023-08-01,9184
3231,緯創,94,84,10,群益金鼎-台中,2023-08-01,9184
3596,智易,15,5,10,群益金鼎-台中,2023-08-01,9184
3013,晟銘電,16,6,10,群益金鼎-台中,2023-08-01,9184
2867,三商壽,9,0,9,群益金鼎-台中,2023-08-01,9184
00673R,期元大S＆P原油反1,9,0,9,群益金鼎-台中,2023-08-01,9184
5439,高技,15,6,9,群益金鼎-台中,2023-08-01,9184
00690,兆豐藍籌30,9,0,9,群益金鼎-台中,2023-08-01,9184
8049,晶采,9,0,9,群益金鼎-台中,2023-08-01,9184
4563,百德,10,1,9,群益金鼎-台中,2023-08-01,9184
4938,和碩,9,1,8,群益金鼎-台中,2023-08-01,9184
1722,台肥,277,132,145,群益金鼎-台中,2023-08-02,9184
2449,京元電子,140,6,134,群益金鼎-台中,2023-08-02,9184
00878,國泰永續高股息,256,153,103,群益金鼎-台中,2023-08-02,9184
00923,群益台ESG低碳50,103,6,97,群益金鼎-台中,2023-08-02,9184
00900,富邦特選高股息30,97,16,81,群益金鼎-台中,2023-08-02,9184
020027,元大上櫃ESG成長N,80,0,80,群益金鼎-台中,2023-08-02,9184
00927,群益半導體收益,89,17,72,群益金鼎-台中,2023-08-02,9184
4532,瑞智,97,27,70,群益金鼎-台中,2023-08-02,9184
3033,威健,51,0,51,群益金鼎-台中,2023-08-02,9184
00642U,期元大S＆P石油,50,1,49,群益金鼎-台中,2023-08-02,9184
2312,金寶,50,4,46,群益金鼎-台中,2023-08-02,9184
2883,凱基金,393,350,43,群益金鼎-台中,2023-08-02,9184
1313,聯成,46,7,39,群益金鼎-台中,2023-08-02,9184
2331,精英,45,6,39,群益金鼎-台中,2023-08-02,9184
00637L,元大滬深300正2,39,1,38,群益金鼎-台中,2023-08-02,9184
00929,復華台灣科技優息,31,0,31,群益金鼎-台中,2023-08-02,9184
00679B,元大美債20年,42,12,30,群益金鼎-台中,2023-08-02,9184
020030,統一智慧電動車N,30,0,30,群益金鼎-台中,2023-08-02,9184
9103,美德醫療-DR,30,0,30,群益金鼎-台中,2023-08-02,9184
3576,聯合再生,32,3,29,群益金鼎-台中,2023-08-02,9184
3231,緯創,93,65,28,群益金鼎-台中,2023-08-02,9184
0056,元大高股息,69,42,27,群益金鼎-台中,2023-08-02,9184
6190,萬泰科,32,6,26,群益金鼎-台中,2023-08-02,9184
2301,光寶科,59,35,24,群益金鼎-台中,2023-08-02,9184
00688L,國泰20年美債正2,34,10,24,群益金鼎-台中,2023-08-02,9184
2201,裕隆,48,25,23,群益金鼎-台中,2023-08-02,9184
3013,晟銘電,23,0,23,群益金鼎-台中,2023-08-02,9184
2014,中鴻,38,15,23,群益金鼎-台中,2023-08-02,9184
2002,中鋼,38,15,23,群益金鼎-台中,2023-08-02,9184
2880,華南金,20,0,20,群益金鼎-台中,2023-08-02,9184
4510,高鋒,23,3,20,群益金鼎-台中,2023-08-02,9184
2480,敦陽科,22,2,20,群益金鼎-台中,2023-08-02,9184
00752,中信中國50,20,0,20,群益金鼎-台中,2023-08-02,9184
2382,廣達,89,70,19,群益金鼎-台中,2023-08-02,9184
2038,海光,38,20,18,群益金鼎-台中,2023-08-02,9184
1721,三晃,35,17,18,群益金鼎-台中,2023-08-02,9184
6274,台燿,50,32,18,群益金鼎-台中,2023-08-02,9184
1785,光洋科,32,14,18,群益金鼎-台中,2023-08-02,9184
00680L,元大美債20正2,17,0,17,群益金鼎-台中,2023-08-02,9184
00687B,國泰20年美債,45,28,17,群益金鼎-台中,2023-08-02,9184
2881,富邦金,107,91,16,群益金鼎-台中,2023-08-02,9184
2402,毅嘉,56,40,16,群益金鼎-台中,2023-08-02,9184
00665L,富邦�琤肭磪囓�2,45,30,15,群益金鼎-台中,2023-08-02,9184
1217,愛之味,21,6,15,群益金鼎-台中,2023-08-02,9184
00751B,元大AAA至A公司債,24,9,15,群益金鼎-台中,2023-08-02,9184
6015,宏遠證,15,0,15,群益金鼎-台中,2023-08-02,9184
5347,世界,15,0,15,群益金鼎-台中,2023-08-02,9184
2356,英業達,23,8,15,群益金鼎-台中,2023-08-02,9184
00645,富邦日本,14,0,14,群益金鼎-台中,2023-08-02,9184
8930,青鋼,14,0,14,群益金鼎-台中,2023-08-02,9184
00680L,元大美債20正2,616,3,613,群益金鼎-台中,2023-08-04,9184
00720B,元大投資級公司債,125,0,125,群益金鼎-台中,2023-08-04,9184
00676R,富邦臺灣加權反1,110,0,110,群益金鼎-台中,2023-08-04,9184
00878,國泰永續高股息,147,63,84,群益金鼎-台中,2023-08-04,9184
00679B,元大美債20年,85,2,83,群益金鼎-台中,2023-08-04,9184
2883,凱基金,80,0,80,群益金鼎-台中,2023-08-04,9184
2913,農林,206,138,68,群益金鼎-台中,2023-08-04,9184
00929,復華台灣科技優息,64,1,63,群益金鼎-台中,2023-08-04,9184
2344,華邦電,60,3,57,群益金鼎-台中,2023-08-04,9184
2449,京元電子,52,2,50,群益金鼎-台中,2023-08-04,9184
2006,東和鋼鐵,50,4,46,群益金鼎-台中,2023-08-04,9184
00795B,中信美國公債20年,44,0,44,群益金鼎-台中,2023-08-04,9184
3576,聯合再生,44,1,43,群益金鼎-台中,2023-08-04,9184
00687B,國泰20年美債,41,2,39,群益金鼎-台中,2023-08-04,9184
2891,中信金,38,0,38,群益金鼎-台中,2023-08-04,9184
00900,富邦特選高股息30,36,1,35,群益金鼎-台中,2023-08-04,9184
00645,富邦日本,35,1,34,群益金鼎-台中,2023-08-04,9184
2610,華航,59,26,33,群益金鼎-台中,2023-08-04,9184
00772B,中信高評級公司債,32,0,32,群益金鼎-台中,2023-08-04,9184
1605,華新,96,64,32,群益金鼎-台中,2023-08-04,9184
6167,久正,31,0,31,群益金鼎-台中,2023-08-04,9184
1722,台肥,65,35,30,群益金鼎-台中,2023-08-04,9184
2890,永豐金,33,3,30,群益金鼎-台中,2023-08-04,9184
2014,中鴻,45,18,27,群益金鼎-台中,2023-08-04,9184
8215,明基材,25,2,23,群益金鼎-台中,2023-08-04,9184
00696B,富邦美債20年,21,0,21,群益金鼎-台中,2023-08-04,9184
00688L,國泰20年美債正2,21,0,21,群益金鼎-台中,2023-08-04,9184
2881,富邦金,20,3,17,群益金鼎-台中,2023-08-04,9184
2498,宏達電,17,0,17,群益金鼎-台中,2023-08-04,9184
00712,復華富時不動產,19,2,17,群益金鼎-台中,2023-08-04,9184
00927,群益半導體收益,18,2,16,群益金鼎-台中,2023-08-04,9184
2204,中華,15,0,15,群益金鼎-台中,2023-08-04,9184
1809,中釉,15,0,15,群益金鼎-台中,2023-08-04,9184
00919,群益台灣精選高息,14,0,14,群益金鼎-台中,2023-08-04,9184
3163,波若威,31,17,14,群益金鼎-台中,2023-08-04,9184
4746,台耀,15,1,14,群益金鼎-台中,2023-08-04,9184
00885,富邦越南,16,2,14,群益金鼎-台中,2023-08-04,9184
6125,廣運,41,27,14,群益金鼎-台中,2023-08-04,9184
006208,富邦台50,12,0,12,群益金鼎-台中,2023-08-04,9184
4906,正文,30,18,12,群益金鼎-台中,2023-08-04,9184
2461,光群雷,15,3,12,群益金鼎-台中,2023-08-04,9184
00722B,群益投資級電信債,12,0,12,群益金鼎-台中,2023-08-04,9184
2352,佳世達,36,24,12,群益金鼎-台中,2023-08-04,9184
6114,久威,13,2,11,群益金鼎-台中,2023-08-04,9184
0056,元大高股息,68,58,10,群益金鼎-台中,2023-08-04,9184
1785,光洋科,13,3,10,群益金鼎-台中,2023-08-04,9184
4967,十銓,10,0,10,群益金鼎-台中,2023-08-04,9184
5880,合庫金,12,2,10,群益金鼎-台中,2023-08-04,9184
8050,廣積,12,2,10,群益金鼎-台中,2023-08-04,9184
5009,榮剛,10,0,10,群益金鼎-台中,2023-08-04,9184
6005,群益證,573,1,572,群益金鼎-台中,2023-08-07,9184
2890,永豐金,172,0,172,群益金鼎-台中,2023-08-07,9184
00795B,中信美國公債20年,111,0,111,群益金鼎-台中,2023-08-07,9184
00929,復華台灣科技優息,75,3,72,群益金鼎-台中,2023-08-07,9184
00720B,元大投資級公司債,52,0,52,群益金鼎-台中,2023-08-07,9184
2014,中鴻,59,10,49,群益金鼎-台中,2023-08-07,9184
2006,東和鋼鐵,51,2,49,群益金鼎-台中,2023-08-07,9184
3024,憶聲,53,5,48,群益金鼎-台中,2023-08-07,9184
00688L,國泰20年美債正2,44,2,42,群益金鼎-台中,2023-08-07,9184
00907,永豐優息存股,39,0,39,群益金鼎-台中,2023-08-07,9184
2461,光群雷,38,0,38,群益金鼎-台中,2023-08-07,9184
1215,卜蜂,38,1,37,群益金鼎-台中,2023-08-07,9184
00878,國泰永續高股息,67,35,32,群益金鼎-台中,2023-08-07,9184
00637L,元大滬深300正2,30,0,30,群益金鼎-台中,2023-08-07,9184
6282,康舒,36,9,27,群益金鼎-台中,2023-08-07,9184
2301,光寶科,107,82,25,群益金鼎-台中,2023-08-07,9184
2317,鴻海,36,13,23,群益金鼎-台中,2023-08-07,9184
00632R,元大台灣50反1,143,120,23,群益金鼎-台中,2023-08-07,9184
00679B,元大美債20年,22,0,22,群益金鼎-台中,2023-08-07,9184
020020,元大台股領航N,20,0,20,群益金鼎-台中,2023-08-07,9184
00676R,富邦臺灣加權反1,20,0,20,群益金鼎-台中,2023-08-07,9184
8084,巨虹,20,0,20,群益金鼎-台中,2023-08-07,9184
1907,永豐餘,20,0,20,群益金鼎-台中,2023-08-07,9184
3576,聯合再生,32,15,17,群益金鼎-台中,2023-08-07,9184
3443,創意,18,2,16,群益金鼎-台中,2023-08-07,9184
4906,正文,29,13,16,群益金鼎-台中,2023-08-07,9184
2382,廣達,81,65,16,群益金鼎-台中,2023-08-07,9184
2913,農林,35,20,15,群益金鼎-台中,2023-08-07,9184
2458,義隆,15,1,14,群益金鼎-台中,2023-08-07,9184
00923,群益台ESG低碳50,13,0,13,群益金鼎-台中,2023-08-07,9184
00712,復華富時不動產,12,0,12,群益金鼎-台中,2023-08-07,9184
2609,陽明,22,10,12,群益金鼎-台中,2023-08-07,9184
00830,國泰費城半導體,11,0,11,群益金鼎-台中,2023-08-07,9184
2457,飛宏,11,0,11,群益金鼎-台中,2023-08-07,9184
2329,華泰,15,4,11,群益金鼎-台中,2023-08-07,9184
2027,大成鋼,13,3,10,群益金鼎-台中,2023-08-07,9184
6117,迎廣,11,1,10,群益金鼎-台中,2023-08-07,9184
2405,輔信,40,30,10,群益金鼎-台中,2023-08-07,9184
6235,華孚,16,6,10,群益金鼎-台中,2023-08-07,9184
1234,黑松,10,0,10,群益金鼎-台中,2023-08-07,9184
5009,榮剛,52,42,10,群益金鼎-台中,2023-08-07,9184
2731,雄獅,30,21,9,群益金鼎-台中,2023-08-07,9184
00902,中信電池及儲能,9,0,9,群益金鼎-台中,2023-08-07,9184
2428,興勤,9,0,9,群益金鼎-台中,2023-08-07,9184
2630,亞航,10,2,8,群益金鼎-台中,2023-08-07,9184
3305,昇貿,13,5,8,群益金鼎-台中,2023-08-07,9184
2316,楠梓電,9,1,8,群益金鼎-台中,2023-08-07,9184
2891,中信金,7,0,7,群益金鼎-台中,2023-08-07,9184
2421,建準,8,1,7,群益金鼎-台中,2023-08-07,9184
2606,裕民,8,1,7,群益金鼎-台中,2023-08-07,9184
6005,群益證,428,0,428,群益金鼎-台中,2023-08-08,9184
00900,富邦特選高股息30,417,26,391,群益金鼎-台中,2023-08-08,9184
1722,台肥,195,4,191,群益金鼎-台中,2023-08-08,9184
1234,黑松,136,0,136,群益金鼎-台中,2023-08-08,9184
020027,元大上櫃ESG成長N,80,0,80,群益金鼎-台中,2023-08-08,9184
2356,英業達,155,86,69,群益金鼎-台中,2023-08-08,9184
00929,復華台灣科技優息,68,14,54,群益金鼎-台中,2023-08-08,9184
00885,富邦越南,60,8,52,群益金鼎-台中,2023-08-08,9184
6167,久正,39,0,39,群益金鼎-台中,2023-08-08,9184
00928,中信上櫃ESG30,35,0,35,群益金鼎-台中,2023-08-08,9184
2634,漢翔,61,28,33,群益金鼎-台中,2023-08-08,9184
6770,力積電,30,0,30,群益金鼎-台中,2023-08-08,9184
6290,良維,30,0,30,群益金鼎-台中,2023-08-08,9184
00897,富邦基因免疫生技,30,0,30,群益金鼎-台中,2023-08-08,9184
00931B,統一美債20年,37,7,30,群益金鼎-台中,2023-08-08,9184
2801,彰銀,26,0,26,群益金鼎-台中,2023-08-08,9184
3231,緯創,187,162,25,群益金鼎-台中,2023-08-08,9184
3576,聯合再生,27,3,24,群益金鼎-台中,2023-08-08,9184
3706,神達,71,48,23,群益金鼎-台中,2023-08-08,9184
2883,凱基金,23,0,23,群益金鼎-台中,2023-08-08,9184
00923,群益台ESG低碳50,22,0,22,群益金鼎-台中,2023-08-08,9184
0050,元大台灣50,22,0,22,群益金鼎-台中,2023-08-08,9184
2344,華邦電,22,1,21,群益金鼎-台中,2023-08-08,9184
2316,楠梓電,26,6,20,群益金鼎-台中,2023-08-08,9184
00673R,期元大S＆P原油反1,20,0,20,群益金鼎-台中,2023-08-08,9184
1471,首利,20,0,20,群益金鼎-台中,2023-08-08,9184
2913,農林,46,27,19,群益金鼎-台中,2023-08-08,9184
6223,旺矽,17,0,17,群益金鼎-台中,2023-08-08,9184
1609,大亞,26,10,16,群益金鼎-台中,2023-08-08,9184
3694,海華,15,0,15,群益金鼎-台中,2023-08-08,9184
4934,太極,21,6,15,群益金鼎-台中,2023-08-08,9184
3362,先進光,18,3,15,群益金鼎-台中,2023-08-08,9184
2204,中華,15,0,15,群益金鼎-台中,2023-08-08,9184
2313,華通,21,6,15,群益金鼎-台中,2023-08-08,9184
2002,中鋼,15,1,14,群益金鼎-台中,2023-08-08,9184
3481,群創,14,0,14,群益金鼎-台中,2023-08-08,9184
5347,世界,14,0,14,群益金鼎-台中,2023-08-08,9184
0056,元大高股息,23,10,13,群益金鼎-台中,2023-08-08,9184
4906,正文,15,2,13,群益金鼎-台中,2023-08-08,9184
2419,仲琦,13,0,13,群益金鼎-台中,2023-08-08,9184
3163,波若威,73,60,13,群益金鼎-台中,2023-08-08,9184
00892,富邦台灣半導體,18,5,13,群益金鼎-台中,2023-08-08,9184
2890,永豐金,12,0,12,群益金鼎-台中,2023-08-08,9184
3029,零壹,16,4,12,群益金鼎-台中,2023-08-08,9184
2645,長榮航太,20,8,12,群益金鼎-台中,2023-08-08,9184
2461,光群雷,11,0,11,群益金鼎-台中,2023-08-08,9184
1210,大成,14,3,11,群益金鼎-台中,2023-08-08,9184
3308,聯德,13,2,11,群益金鼎-台中,2023-08-08,9184
2376,技嘉,40,30,10,群益金鼎-台中,2023-08-08,9184
3032,偉訓,11,1,10,群益金鼎-台中,2023-08-08,9184
00885,富邦越南,701,1,700,群益金鼎-台中,2023-08-09,9184
00900,富邦特選高股息30,660,0,660,群益金鼎-台中,2023-08-09,9184
2365,昆盈,282,0,282,群益金鼎-台中,2023-08-09,9184
00927,群益半導體收益,53,1,52,群益金鼎-台中,2023-08-09,9184
2002,中鋼,48,0,48,群益金鼎-台中,2023-08-09,9184
00929,復華台灣科技優息,68,30,38,群益金鼎-台中,2023-08-09,9184
6265,方土昶,46,10,36,群益金鼎-台中,2023-08-09,9184
00688L,國泰20年美債正2,32,0,32,群益金鼎-台中,2023-08-09,9184
00676R,富邦臺灣加權反1,30,0,30,群益金鼎-台中,2023-08-09,9184
3576,聯合再生,29,1,28,群益金鼎-台中,2023-08-09,9184
00923,群益台ESG低碳50,27,1,26,群益金鼎-台中,2023-08-09,9184
3006,晶豪科,28,2,26,群益金鼎-台中,2023-08-09,9184
1402,遠東新,28,5,23,群益金鼎-台中,2023-08-09,9184
2912,統一超,20,0,20,群益金鼎-台中,2023-08-09,9184
3289,宜特,20,0,20,群益金鼎-台中,2023-08-09,9184
00706L,期元大S＆P日圓正2,20,0,20,群益金鼎-台中,2023-08-09,9184
2883,凱基金,20,0,20,群益金鼎-台中,2023-08-09,9184
2882,國泰金,22,3,19,群益金鼎-台中,2023-08-09,9184
4510,高鋒,22,3,19,群益金鼎-台中,2023-08-09,9184
2881,富邦金,20,5,15,群益金鼎-台中,2023-08-09,9184
8210,勤誠,19,5,14,群益金鼎-台中,2023-08-09,9184
1795,美時,15,3,12,群益金鼎-台中,2023-08-09,9184
2603,長榮,14,1,13,群益金鼎-台中,2023-08-09,9184
1513,中興電,32,20,12,群益金鼎-台中,2023-08-09,9184
8936,國統,12,1,11,群益金鼎-台中,2023-08-09,9184
5880,合庫金,11,0,11,群益金鼎-台中,2023-08-09,9184
6112,邁達特,11,0,11,群益金鼎-台中,2023-08-09,9184
2344,華邦電,13,2,11,群益金鼎-台中,2023-08-09,9184
00928,中信上櫃ESG30,15,4,11,群益金鼎-台中,2023-08-09,9184
1474,弘裕,11,1,10,群益金鼎-台中,2023-08-09,9184
5309,系統電,10,0,10,群益金鼎-台中,2023-08-09,9184
2104,國際中橡,10,0,10,群益金鼎-台中,2023-08-09,9184
2023,燁輝,10,0,10,群益金鼎-台中,2023-08-09,9184
3689,湧德,12,2,10,群益金鼎-台中,2023-08-09,9184
2892,第一金,10,0,10,群益金鼎-台中,2023-08-09,9184
6443,元晶,19,9,10,群益金鼎-台中,2023-08-09,9184
4563,百德,10,0,10,群益金鼎-台中,2023-08-09,9184
6605,帝寶,15,6,9,群益金鼎-台中,2023-08-09,9184
2461,光群雷,11,2,9,群益金鼎-台中,2023-08-09,9184
2886,兆豐金,11,2,9,群益金鼎-台中,2023-08-09,9184
1319,東陽,16,7,9,群益金鼎-台中,2023-08-09,9184
6129,普誠,13,4,9,群益金鼎-台中,2023-08-09,9184
1605,華新,10,1,9,群益金鼎-台中,2023-08-09,9184
3362,先進光,9,1,8,群益金鼎-台中,2023-08-09,9184
4533,協易機,8,0,8,群益金鼎-台中,2023-08-09,9184
3038,全台,8,0,8,群益金鼎-台中,2023-08-09,9184
6274,台燿,22,14,8,群益金鼎-台中,2023-08-09,9184
4906,正文,16,9,7,群益金鼎-台中,2023-08-09,9184
9907,統一實,7,0,7,群益金鼎-台中,2023-08-09,9184
6125,廣運,30,23,7,群益金鼎-台中,2023-08-09,9184
2449,京元電子,190,34,156,群益金鼎-台中,2023-08-10,9184
00929,復華台灣科技優息,124,10,114,群益金鼎-台中,2023-08-10,9184
4707,磐亞,98,0,98,群益金鼎-台中,2023-08-10,9184
00878,國泰永續高股息,137,51,86,群益金鼎-台中,2023-08-10,9184
6603,富強鑫,80,0,80,群益金鼎-台中,2023-08-10,9184
1722,台肥,80,0,80,群益金鼎-台中,2023-08-10,9184
2312,金寶,76,10,66,群益金鼎-台中,2023-08-10,9184
0056,元大高股息,73,18,55,群益金鼎-台中,2023-08-10,9184
2885,元大金,60,5,55,群益金鼎-台中,2023-08-10,9184
3231,緯創,156,102,54,群益金鼎-台中,2023-08-10,9184
3024,憶聲,57,3,54,群益金鼎-台中,2023-08-10,9184
00706L,期元大S＆P日圓正2,48,0,48,群益金鼎-台中,2023-08-10,9184
3576,聯合再生,34,0,34,群益金鼎-台中,2023-08-10,9184
2511,太子,32,0,32,群益金鼎-台中,2023-08-10,9184
5488,松普,30,0,30,群益金鼎-台中,2023-08-10,9184
2382,廣達,90,62,28,群益金鼎-台中,2023-08-10,9184
2344,華邦電,32,5,27,群益金鼎-台中,2023-08-10,9184
00928,中信上櫃ESG30,35,8,27,群益金鼎-台中,2023-08-10,9184
2610,華航,44,19,25,群益金鼎-台中,2023-08-10,9184
2426,鼎元,25,0,25,群益金鼎-台中,2023-08-10,9184
3481,群創,38,13,25,群益金鼎-台中,2023-08-10,9184
2405,輔信,25,1,24,群益金鼎-台中,2023-08-10,9184
00927,群益半導體收益,23,0,23,群益金鼎-台中,2023-08-10,9184
3041,揚智,22,0,22,群益金鼎-台中,2023-08-10,9184
3032,偉訓,24,3,21,群益金鼎-台中,2023-08-10,9184
2324,仁寶,21,0,21,群益金鼎-台中,2023-08-10,9184
2731,雄獅,20,0,20,群益金鼎-台中,2023-08-10,9184
00676R,富邦臺灣加權反1,20,0,20,群益金鼎-台中,2023-08-10,9184
2201,裕隆,20,1,19,群益金鼎-台中,2023-08-10,9184
2363,矽統,192,174,18,群益金鼎-台中,2023-08-10,9184
1609,大亞,26,8,18,群益金鼎-台中,2023-08-10,9184
2365,昆盈,18,0,18,群益金鼎-台中,2023-08-10,9184
8358,金居,18,1,17,群益金鼎-台中,2023-08-10,9184
00725B,國泰投資級公司債,15,0,15,群益金鼎-台中,2023-08-10,9184
2912,統一超,15,0,15,群益金鼎-台中,2023-08-10,9184
2303,聯電,13,0,13,群益金鼎-台中,2023-08-10,9184
2368,金像電,18,5,13,群益金鼎-台中,2023-08-10,9184
00713,元大台灣高息低波,13,0,13,群益金鼎-台中,2023-08-10,9184
5351,鈺創,13,1,12,群益金鼎-台中,2023-08-10,9184
00637L,元大滬深300正2,16,4,12,群益金鼎-台中,2023-08-10,9184
2409,友達,14,2,12,群益金鼎-台中,2023-08-10,9184
3645,達邁,10,0,10,群益金鼎-台中,2023-08-10,9184
2332,友訊,10,0,10,群益金鼎-台中,2023-08-10,9184
3308,聯德,10,0,10,群益金鼎-台中,2023-08-10,9184
1104,環泥,10,0,10,群益金鼎-台中,2023-08-10,9184
2883B,凱基金乙特,10,0,10,群益金鼎-台中,2023-08-10,9184
4440,宜新實業,10,0,10,群益金鼎-台中,2023-08-10,9184
4157,太景*-KY,10,0,10,群益金鼎-台中,2023-08-10,9184
2104,國際中橡,10,0,10,群益金鼎-台中,2023-08-10,9184
4126,太醫,10,0,10,群益金鼎-台中,2023-08-10,9184
3024,憶聲,194,0,194,群益金鼎-台中,2023-08-11,9184
00642U,期元大S＆P石油,110,0,110,群益金鼎-台中,2023-08-11,9184
2801,彰銀,92,1,91,群益金鼎-台中,2023-08-11,9184
00931B,統一美債20年,67,8,59,群益金鼎-台中,2023-08-11,9184
5328,華容,53,0,53,群益金鼎-台中,2023-08-11,9184
3231,緯創,137,88,49,群益金鼎-台中,2023-08-11,9184
00900,富邦特選高股息30,51,8,43,群益金鼎-台中,2023-08-11,9184
2618,長榮航,99,56,43,群益金鼎-台中,2023-08-11,9184
00929,復華台灣科技優息,46,10,36,群益金鼎-台中,2023-08-11,9184
2883,凱基金,36,0,36,群益金鼎-台中,2023-08-11,9184
3037,欣興,39,6,33,群益金鼎-台中,2023-08-11,9184
00795B,中信美國公債20年,58,26,32,群益金鼎-台中,2023-08-11,9184
4958,臻鼎-KY,35,4,31,群益金鼎-台中,2023-08-11,9184
2002,中鋼,34,4,30,群益金鼎-台中,2023-08-11,9184
6167,久正,28,0,28,群益金鼎-台中,2023-08-11,9184
2520,冠德,30,4,26,群益金鼎-台中,2023-08-11,9184
00922,國泰台灣領袖50,25,0,25,群益金鼎-台中,2023-08-11,9184
2605,新興,21,0,21,群益金鼎-台中,2023-08-11,9184
2020,美亞,20,0,20,群益金鼎-台中,2023-08-11,9184
00676R,富邦臺灣加權反1,20,0,20,群益金鼎-台中,2023-08-11,9184
2323,中環,99,80,19,群益金鼎-台中,2023-08-11,9184
4142,國光生,19,1,18,群益金鼎-台中,2023-08-11,9184
8930,青鋼,19,1,18,群益金鼎-台中,2023-08-11,9184
2892,第一金,26,8,18,群益金鼎-台中,2023-08-11,9184
00923,群益台ESG低碳50,22,5,17,群益金鼎-台中,2023-08-11,9184
2363,矽統,80,63,17,群益金鼎-台中,2023-08-11,9184
00882,中信中國高股息,15,0,15,群益金鼎-台中,2023-08-11,9184
00893,國泰智能電動車,15,0,15,群益金鼎-台中,2023-08-11,9184
00772B,中信高評級公司債,25,11,14,群益金鼎-台中,2023-08-11,9184
00751B,元大AAA至A公司債,14,0,14,群益金鼎-台中,2023-08-11,9184
00679B,元大美債20年,14,0,14,群益金鼎-台中,2023-08-11,9184
3596,智易,13,0,13,群益金鼎-台中,2023-08-11,9184
00687B,國泰20年美債,29,16,13,群益金鼎-台中,2023-08-11,9184
2634,漢翔,22,9,13,群益金鼎-台中,2023-08-11,9184
2356,英業達,60,47,13,群益金鼎-台中,2023-08-11,9184
6257,矽格,13,0,13,群益金鼎-台中,2023-08-11,9184
2301,光寶科,34,22,12,群益金鼎-台中,2023-08-11,9184
8938,明安,11,0,11,群益金鼎-台中,2023-08-11,9184
1229,聯華,11,0,11,群益金鼎-台中,2023-08-11,9184
2330,台積電,11,1,10,群益金鼎-台中,2023-08-11,9184
3441,聯一光,10,0,10,群益金鼎-台中,2023-08-11,9184
00652,富邦印度,10,0,10,群益金鼎-台中,2023-08-11,9184
00907,永豐優息存股,10,0,10,群益金鼎-台中,2023-08-11,9184
1514,亞力,10,0,10,群益金鼎-台中,2023-08-11,9184
1473,台南,10,0,10,群益金鼎-台中,2023-08-11,9184
5469,瀚宇博,11,1,10,群益金鼎-台中,2023-08-11,9184
6158,禾昌,10,0,10,群益金鼎-台中,2023-08-11,9184
5530,龍巖,10,0,10,群益金鼎-台中,2023-08-11,9184
9939,宏全,10,1,9,群益金鼎-台中,2023-08-11,9184
8069,元太,9,1,8,群益金鼎-台中,2023-08-11,9184
00885,富邦越南,503,8,495,群益金鼎-台中,2023-08-14,9184
5876,上海商銀,107,0,107,群益金鼎-台中,2023-08-14,9184
00929,復華台灣科技優息,107,6,101,群益金鼎-台中,2023-08-14,9184
2449,京元電子,101,0,101,群益金鼎-台中,2023-08-14,9184
00893,國泰智能電動車,106,11,95,群益金鼎-台中,2023-08-14,9184
00900,富邦特選高股息30,82,0,82,群益金鼎-台中,2023-08-14,9184
2883,凱基金,53,0,53,群益金鼎-台中,2023-08-14,9184
2610,華航,57,5,52,群益金鼎-台中,2023-08-14,9184
00642U,期元大S＆P石油,50,0,50,群益金鼎-台中,2023-08-14,9184
3029,零壹,48,1,47,群益金鼎-台中,2023-08-14,9184
2363,矽統,154,117,37,群益金鼎-台中,2023-08-14,9184
00850,元大臺灣ESG永續,47,10,37,群益金鼎-台中,2023-08-14,9184
00830,國泰費城半導體,52,20,32,群益金鼎-台中,2023-08-14,9184
2006,東和鋼鐵,30,0,30,群益金鼎-台中,2023-08-14,9184
00692,富邦公司治理,47,17,30,群益金鼎-台中,2023-08-14,9184
2897,王道銀行,29,0,29,群益金鼎-台中,2023-08-14,9184
2382,廣達,118,91,27,群益金鼎-台中,2023-08-14,9184
2609,陽明,36,9,27,群益金鼎-台中,2023-08-14,9184
2356,英業達,80,57,23,群益金鼎-台中,2023-08-14,9184
00751B,元大AAA至A公司債,22,0,22,群益金鼎-台中,2023-08-14,9184
4976,佳凌,21,0,21,群益金鼎-台中,2023-08-14,9184
00679B,元大美債20年,27,6,21,群益金鼎-台中,2023-08-14,9184
00878,國泰永續高股息,55,35,20,群益金鼎-台中,2023-08-14,9184
2881,富邦金,25,5,20,群益金鼎-台中,2023-08-14,9184
2889,國票金,20,0,20,群益金鼎-台中,2023-08-14,9184
2511,太子,20,0,20,群益金鼎-台中,2023-08-14,9184
2880,華南金,20,0,20,群益金鼎-台中,2023-08-14,9184
00665L,富邦�琤肭磪囓�2,20,0,20,群益金鼎-台中,2023-08-14,9184
2882,國泰金,27,8,19,群益金鼎-台中,2023-08-14,9184
6285,啟��,26,7,19,群益金鼎-台中,2023-08-14,9184
2408,南亞科,20,1,19,群益金鼎-台中,2023-08-14,9184
00923,群益台ESG低碳50,22,3,19,群益金鼎-台中,2023-08-14,9184
3265,台星科,18,0,18,群益金鼎-台中,2023-08-14,9184
00881,國泰台灣5G+,17,0,17,群益金鼎-台中,2023-08-14,9184
00882,中信中國高股息,18,3,15,群益金鼎-台中,2023-08-14,9184
5351,鈺創,15,0,15,群益金鼎-台中,2023-08-14,9184
2312,金寶,19,4,15,群益金鼎-台中,2023-08-14,9184
0050,元大台灣50,15,1,14,群益金鼎-台中,2023-08-14,9184
2748,雲品,14,0,14,群益金鼎-台中,2023-08-14,9184
00931B,統一美債20年,14,0,14,群益金鼎-台中,2023-08-14,9184
2344,華邦電,20,6,14,群益金鼎-台中,2023-08-14,9184
3231,緯創,156,142,14,群益金鼎-台中,2023-08-14,9184
00927,群益半導體收益,16,3,13,群益金鼎-台中,2023-08-14,9184
2892,第一金,14,2,12,群益金鼎-台中,2023-08-14,9184
2834,臺企銀,12,0,12,群益金鼎-台中,2023-08-14,9184
2886,兆豐金,14,2,12,群益金鼎-台中,2023-08-14,9184
3481,群創,19,7,12,群益金鼎-台中,2023-08-14,9184
2884,玉山金,11,0,11,群益金鼎-台中,2023-08-14,9184
2634,漢翔,28,17,11,群益金鼎-台中,2023-08-14,9184
2425,承啟,12,1,11,群益金鼎-台中,2023-08-14,9184
00923,群益台ESG低碳50,310,0,310,群益金鼎-台中,2023-08-15,9184
2883,凱基金,122,37,85,群益金鼎-台中,2023-08-15,9184
00878,國泰永續高股息,89,7,82,群益金鼎-台中,2023-08-15,9184
5876,上海商銀,63,0,63,群益金鼎-台中,2023-08-15,9184
1101,台泥,58,1,57,群益金鼎-台中,2023-08-15,9184
00676R,富邦臺灣加權反1,55,0,55,群益金鼎-台中,2023-08-15,9184
00900,富邦特選高股息30,62,8,54,群益金鼎-台中,2023-08-15,9184
00929,復華台灣科技優息,56,4,52,群益金鼎-台中,2023-08-15,9184
2880,華南金,48,0,48,群益金鼎-台中,2023-08-15,9184
9105,泰金寶-DR,46,0,46,群益金鼎-台中,2023-08-15,9184
00632R,元大台灣50反1,205,160,45,群益金鼎-台中,2023-08-15,9184
00692,富邦公司治理,45,0,45,群益金鼎-台中,2023-08-15,9184
2618,長榮航,76,31,45,群益金鼎-台中,2023-08-15,9184
6122,擎邦,47,4,43,群益金鼎-台中,2023-08-15,9184
00881,國泰台灣5G+,40,0,40,群益金鼎-台中,2023-08-15,9184
00850,元大臺灣ESG永續,35,0,35,群益金鼎-台中,2023-08-15,9184
2317,鴻海,32,1,31,群益金鼎-台中,2023-08-15,9184
6167,久正,30,0,30,群益金鼎-台中,2023-08-15,9184
2634,漢翔,28,1,27,群益金鼎-台中,2023-08-15,9184
00931B,統一美債20年,31,5,26,群益金鼎-台中,2023-08-15,9184
6219,富旺,25,0,25,群益金鼎-台中,2023-08-15,9184
2881,富邦金,38,15,23,群益金鼎-台中,2023-08-15,9184
2892,第一金,23,0,23,群益金鼎-台中,2023-08-15,9184
00680L,元大美債20正2,22,0,22,群益金鼎-台中,2023-08-15,9184
3005,神基,18,0,18,群益金鼎-台中,2023-08-15,9184
2609,陽明,18,2,16,群益金鼎-台中,2023-08-15,9184
6214,精誠,17,2,15,群益金鼎-台中,2023-08-15,9184
2344,華邦電,23,8,15,群益金鼎-台中,2023-08-15,9184
3706,神達,32,20,12,群益金鼎-台中,2023-08-15,9184
00919,群益台灣精選高息,15,3,12,群益金鼎-台中,2023-08-15,9184
3078,僑威,65,53,12,群益金鼎-台中,2023-08-15,9184
2834,臺企銀,11,0,11,群益金鼎-台中,2023-08-15,9184
1906,寶隆,10,0,10,群益金鼎-台中,2023-08-15,9184
4157,太景*-KY,10,0,10,群益金鼎-台中,2023-08-15,9184
4533,協易機,11,1,10,群益金鼎-台中,2023-08-15,9184
6136,富爾特,10,0,10,群益金鼎-台中,2023-08-15,9184
4564,元翎,10,0,10,群益金鼎-台中,2023-08-15,9184
1789,神隆,10,0,10,群益金鼎-台中,2023-08-15,9184
6415,矽力*-KY,10,0,10,群益金鼎-台中,2023-08-15,9184
2888,新光金,10,0,10,群益金鼎-台中,2023-08-15,9184
00685L,群益臺灣加權正2,10,0,10,群益金鼎-台中,2023-08-15,9184
00673R,期元大S＆P原油反1,9,0,9,群益金鼎-台中,2023-08-15,9184
5871,中租-KY,9,1,8,群益金鼎-台中,2023-08-15,9184
00772B,中信高評級公司債,8,0,8,群益金鼎-台中,2023-08-15,9184
00751B,元大AAA至A公司債,8,0,8,群益金鼎-台中,2023-08-15,9184
00687B,國泰20年美債,8,0,8,群益金鼎-台中,2023-08-15,9184
00930,永豐ESG低碳高息,8,0,8,群益金鼎-台中,2023-08-15,9184
2316,楠梓電,10,3,7,群益金鼎-台中,2023-08-15,9184
6770,力積電,7,1,6,群益金鼎-台中,2023-08-15,9184
2425,承啟,34,28,6,群益金鼎-台中,2023-08-15,9184
9105,泰金寶-DR,174,5,169,群益金鼎-台中,2023-08-16,9184
1402,遠東新,161,0,161,群益金鼎-台中,2023-08-16,9184
5876,上海商銀,199,65,134,群益金鼎-台中,2023-08-16,9184
00929,復華台灣科技優息,144,52,92,群益金鼎-台中,2023-08-16,9184
2834,臺企銀,62,0,62,群益金鼎-台中,2023-08-16,9184
2880,華南金,60,0,60,群益金鼎-台中,2023-08-16,9184
1301,台塑,70,12,58,群益金鼎-台中,2023-08-16,9184
2022,聚亨,52,5,47,群益金鼎-台中,2023-08-16,9184
020027,元大上櫃ESG成長N,80,40,40,群益金鼎-台中,2023-08-16,9184
00931B,統一美債20年,42,3,39,群益金鼎-台中,2023-08-16,9184
2303,聯電,44,5,39,群益金鼎-台中,2023-08-16,9184
2897,王道銀行,34,0,34,群益金鼎-台中,2023-08-16,9184
2324,仁寶,97,63,34,群益金鼎-台中,2023-08-16,9184
1101,台泥,44,15,29,群益金鼎-台中,2023-08-16,9184
2317,鴻海,40,14,26,群益金鼎-台中,2023-08-16,9184
00712,復華富時不動產,25,0,25,群益金鼎-台中,2023-08-16,9184
00878,國泰永續高股息,46,22,24,群益金鼎-台中,2023-08-16,9184
2415,錩新,24,0,24,群益金鼎-台中,2023-08-16,9184
00706L,期元大S＆P日圓正2,21,0,21,群益金鼎-台中,2023-08-16,9184
2301,光寶科,29,9,20,群益金鼎-台中,2023-08-16,9184
6167,久正,20,0,20,群益金鼎-台中,2023-08-16,9184
2363,矽統,47,28,19,群益金鼎-台中,2023-08-16,9184
2002,中鋼,20,2,18,群益金鼎-台中,2023-08-16,9184
00772B,中信高評級公司債,18,0,18,群益金鼎-台中,2023-08-16,9184
2609,陽明,22,6,16,群益金鼎-台中,2023-08-16,9184
00680L,元大美債20正2,15,0,15,群益金鼎-台中,2023-08-16,9184
2409,友達,16,2,14,群益金鼎-台中,2023-08-16,9184
2603,長榮,18,5,13,群益金鼎-台中,2023-08-16,9184
00882,中信中國高股息,16,3,13,群益金鼎-台中,2023-08-16,9184
2886,兆豐金,14,2,12,群益金鼎-台中,2023-08-16,9184
00900,富邦特選高股息30,17,5,12,群益金鼎-台中,2023-08-16,9184
1326,台化,47,35,12,群益金鼎-台中,2023-08-16,9184
2357,華碩,21,10,11,群益金鼎-台中,2023-08-16,9184
9945,潤泰新,14,3,11,群益金鼎-台中,2023-08-16,9184
6438,迅得,14,3,11,群益金鼎-台中,2023-08-16,9184
8213,志超,11,0,11,群益金鼎-台中,2023-08-16,9184
2462,良得電,27,16,11,群益金鼎-台中,2023-08-16,9184
00795B,中信美國公債20年,11,0,11,群益金鼎-台中,2023-08-16,9184
1907,永豐餘,11,0,11,群益金鼎-台中,2023-08-16,9184
3689,湧德,41,30,11,群益金鼎-台中,2023-08-16,9184
6488,環球晶,10,0,10,群益金鼎-台中,2023-08-16,9184
2889,國票金,10,0,10,群益金鼎-台中,2023-08-16,9184
8112,至上,11,1,10,群益金鼎-台中,2023-08-16,9184
2065,世豐,10,0,10,群益金鼎-台中,2023-08-16,9184
1795,美時,41,31,10,群益金鼎-台中,2023-08-16,9184
8936,國統,10,0,10,群益金鼎-台中,2023-08-16,9184
2892,第一金,10,1,9,群益金鼎-台中,2023-08-16,9184
00907,永豐優息存股,9,0,9,群益金鼎-台中,2023-08-16,9184
00927,群益半導體收益,9,0,9,群益金鼎-台中,2023-08-16,9184
2884,玉山金,14,5,9,群益金鼎-台中,2023-08-16,9184
00929,復華台灣科技優息,236,2,234,群益金鼎-台中,2023-08-17,9184
2401,凌陽,123,32,91,群益金鼎-台中,2023-08-17,9184
3231,緯創,201,125,76,群益金鼎-台中,2023-08-17,9184
1101,台泥,73,1,72,群益金鼎-台中,2023-08-17,9184
1326,台化,66,0,66,群益金鼎-台中,2023-08-17,9184
00676R,富邦臺灣加權反1,50,0,50,群益金鼎-台中,2023-08-17,9184
2329,華泰,97,49,48,群益金鼎-台中,2023-08-17,9184
1402,遠東新,44,0,44,群益金鼎-台中,2023-08-17,9184
1722,台肥,37,0,37,群益金鼎-台中,2023-08-17,9184
3260,威剛,39,3,36,群益金鼎-台中,2023-08-17,9184
00712,復華富時不動產,36,0,36,群益金鼎-台中,2023-08-17,9184
1301,台塑,31,0,31,群益金鼎-台中,2023-08-17,9184
00687B,國泰20年美債,34,4,30,群益金鼎-台中,2023-08-17,9184
00642U,期元大S＆P石油,40,10,30,群益金鼎-台中,2023-08-17,9184
00931B,統一美債20年,30,0,30,群益金鼎-台中,2023-08-17,9184
00680L,元大美債20正2,30,1,29,群益金鼎-台中,2023-08-17,9184
2324,仁寶,127,100,27,群益金鼎-台中,2023-08-17,9184
1102,亞泥,25,0,25,群益金鼎-台中,2023-08-17,9184
2891,中信金,32,7,25,群益金鼎-台中,2023-08-17,9184
8050,廣積,38,13,25,群益金鼎-台中,2023-08-17,9184
1215,卜蜂,21,0,21,群益金鼎-台中,2023-08-17,9184
3056,富華新,26,7,19,群益金鼎-台中,2023-08-17,9184
00679B,元大美債20年,18,0,18,群益金鼎-台中,2023-08-17,9184
3078,僑威,34,17,17,群益金鼎-台中,2023-08-17,9184
3689,湧德,47,30,17,群益金鼎-台中,2023-08-17,9184
00795B,中信美國公債20年,19,3,16,群益金鼎-台中,2023-08-17,9184
6189,豐藝,16,0,16,群益金鼎-台中,2023-08-17,9184
3043,科風,30,14,16,群益金鼎-台中,2023-08-17,9184
2357,華碩,16,1,15,群益金鼎-台中,2023-08-17,9184
2419,仲琦,30,17,13,群益金鼎-台中,2023-08-17,9184
2881,富邦金,13,0,13,群益金鼎-台中,2023-08-17,9184
5483,中美晶,13,1,12,群益金鼎-台中,2023-08-17,9184
5309,系統電,11,0,11,群益金鼎-台中,2023-08-17,9184
00725B,國泰投資級公司債,11,0,11,群益金鼎-台中,2023-08-17,9184
5340,建榮,31,20,11,群益金鼎-台中,2023-08-17,9184
00773B,中信優先金融債,10,0,10,群益金鼎-台中,2023-08-17,9184
00665L,富邦�琤肭磪囓�2,10,0,10,群益金鼎-台中,2023-08-17,9184
2511,太子,10,0,10,群益金鼎-台中,2023-08-17,9184
2104,國際中橡,10,0,10,群益金鼎-台中,2023-08-17,9184
00696B,富邦美債20年,10,0,10,群益金鼎-台中,2023-08-17,9184
2745,五福,12,2,10,群益金鼎-台中,2023-08-17,9184
3372,典範,10,0,10,群益金鼎-台中,2023-08-17,9184
00751B,元大AAA至A公司債,9,0,9,群益金鼎-台中,2023-08-17,9184
6269,台郡,10,1,9,群益金鼎-台中,2023-08-17,9184
5347,世界,9,0,9,群益金鼎-台中,2023-08-17,9184
3664,安瑞-KY,9,1,8,群益金鼎-台中,2023-08-17,9184
3306,鼎天,39,31,8,群益金鼎-台中,2023-08-17,9184
2890,永豐金,7,0,7,群益金鼎-台中,2023-08-17,9184
2208,台船,7,0,7,群益金鼎-台中,2023-08-17,9184
2882,國泰金,9,2,7,群益金鼎-台中,2023-08-17,9184
00881,國泰台灣5G+,295,4,291,群益金鼎-台中,2023-08-18,9184
00929,復華台灣科技優息,336,79,257,群益金鼎-台中,2023-08-18,9184
00692,富邦公司治理,190,0,190,群益金鼎-台中,2023-08-18,9184
6167,久正,100,6,94,群益金鼎-台中,2023-08-18,9184
2618,長榮航,139,80,59,群益金鼎-台中,2023-08-18,9184
2329,華泰,179,127,52,群益金鼎-台中,2023-08-18,9184
0050,元大台灣50,57,6,51,群益金鼎-台中,2023-08-18,9184
2324,仁寶,109,60,49,群益金鼎-台中,2023-08-18,9184
2449,京元電子,44,2,42,群益金鼎-台中,2023-08-18,9184
00712,復華富時不動產,38,0,38,群益金鼎-台中,2023-08-18,9184
00637L,元大滬深300正2,39,2,37,群益金鼎-台中,2023-08-18,9184
1907,永豐餘,66,31,35,群益金鼎-台中,2023-08-18,9184
1101,台泥,30,2,28,群益金鼎-台中,2023-08-18,9184
00900,富邦特選高股息30,25,0,25,群益金鼎-台中,2023-08-18,9184
00632R,元大台灣50反1,80,56,24,群益金鼎-台中,2023-08-18,9184
2301,光寶科,93,70,23,群益金鼎-台中,2023-08-18,9184
4533,協易機,25,3,22,群益金鼎-台中,2023-08-18,9184
6139,亞翔,31,9,22,群益金鼎-台中,2023-08-18,9184
00878,國泰永續高股息,53,33,20,群益金鼎-台中,2023-08-18,9184
2323,中環,24,5,19,群益金鼎-台中,2023-08-18,9184
2425,承啟,21,2,19,群益金鼎-台中,2023-08-18,9184
5347,世界,19,0,19,群益金鼎-台中,2023-08-18,9184
9945,潤泰新,20,1,19,群益金鼎-台中,2023-08-18,9184
3006,晶豪科,19,0,19,群益金鼎-台中,2023-08-18,9184
3231,緯創,174,157,17,群益金鼎-台中,2023-08-18,9184
2388,威盛,19,4,15,群益金鼎-台中,2023-08-18,9184
2603,長榮,44,29,15,群益金鼎-台中,2023-08-18,9184
3051,力特,37,23,14,群益金鼎-台中,2023-08-18,9184
00919,群益台灣精選高息,13,0,13,群益金鼎-台中,2023-08-18,9184
2356,英業達,88,75,13,群益金鼎-台中,2023-08-18,9184
2344,華邦電,15,2,13,群益金鼎-台中,2023-08-18,9184
00882,中信中國高股息,13,0,13,群益金鼎-台中,2023-08-18,9184
2308,台達電,15,2,13,群益金鼎-台中,2023-08-18,9184
3042,晶技,13,0,13,群益金鼎-台中,2023-08-18,9184
1473,台南,12,0,12,群益金鼎-台中,2023-08-18,9184
2014,中鴻,32,20,12,群益金鼎-台中,2023-08-18,9184
00927,群益半導體收益,12,1,11,群益金鼎-台中,2023-08-18,9184
2006,東和鋼鐵,11,0,11,群益金鼎-台中,2023-08-18,9184
00687B,國泰20年美債,11,0,11,群益金鼎-台中,2023-08-18,9184
2382,廣達,82,71,11,群益金鼎-台中,2023-08-18,9184
00923,群益台ESG低碳50,10,0,10,群益金鼎-台中,2023-08-18,9184
0056,元大高股息,13,3,10,群益金鼎-台中,2023-08-18,9184
1536,和大,10,0,10,群益金鼎-台中,2023-08-18,9184
6488,環球晶,10,0,10,群益金鼎-台中,2023-08-18,9184
3454,晶睿,10,0,10,群益金鼎-台中,2023-08-18,9184
00773B,中信優先金融債,10,0,10,群益金鼎-台中,2023-08-18,9184
2801,彰銀,10,0,10,群益金鼎-台中,2023-08-18,9184
9103,美德醫療-DR,10,0,10,群益金鼎-台中,2023-08-18,9184
6499,益安,9,0,9,群益金鼎-台中,2023-08-18,9184
3037,欣興,10,1,9,群益金鼎-台中,2023-08-18,9184
00751B,元大AAA至A公司債,74,0,74,群益金鼎-台中,2023-08-21,9184
1326,台化,65,0,65,群益金鼎-台中,2023-08-21,9184
2618,長榮航,81,19,62,群益金鼎-台中,2023-08-21,9184
00772B,中信高評級公司債,61,0,61,群益金鼎-台中,2023-08-21,9184
8932,智通*,60,0,60,群益金鼎-台中,2023-08-21,9184
00687B,國泰20年美債,55,1,54,群益金鼎-台中,2023-08-21,9184
1402,遠東新,51,0,51,群益金鼎-台中,2023-08-21,9184
3264,欣銓,53,2,51,群益金鼎-台中,2023-08-21,9184
00795B,中信美國公債20年,50,0,50,群益金鼎-台中,2023-08-21,9184
00929,復華台灣科技優息,48,0,48,群益金鼎-台中,2023-08-21,9184
020027,元大上櫃ESG成長N,40,0,40,群益金鼎-台中,2023-08-21,9184
5457,宣德,31,0,31,群益金鼎-台中,2023-08-21,9184
5347,世界,27,0,27,群益金鼎-台中,2023-08-21,9184
00712,復華富時不動產,26,0,26,群益金鼎-台中,2023-08-21,9184
5351,鈺創,25,0,25,群益金鼎-台中,2023-08-21,9184
3706,神達,56,32,24,群益金鼎-台中,2023-08-21,9184
9938,百和,22,0,22,群益金鼎-台中,2023-08-21,9184
3042,晶技,24,4,20,群益金鼎-台中,2023-08-21,9184
2610,華航,26,6,20,群益金鼎-台中,2023-08-21,9184
2498,宏達電,20,2,18,群益金鼎-台中,2023-08-21,9184
1471,首利,19,2,17,群益金鼎-台中,2023-08-21,9184
6167,久正,16,0,16,群益金鼎-台中,2023-08-21,9184
00637L,元大滬深300正2,16,0,16,群益金鼎-台中,2023-08-21,9184
6166,凌華,15,0,15,群益金鼎-台中,2023-08-21,9184
6605,帝寶,14,0,14,群益金鼎-台中,2023-08-21,9184
00878,國泰永續高股息,18,5,13,群益金鼎-台中,2023-08-21,9184
4532,瑞智,12,0,12,群益金鼎-台中,2023-08-21,9184
00882,中信中國高股息,14,2,12,群益金鼎-台中,2023-08-21,9184
2382,廣達,70,59,11,群益金鼎-台中,2023-08-21,9184
3694,海華,16,5,11,群益金鼎-台中,2023-08-21,9184
2402,毅嘉,31,20,11,群益金鼎-台中,2023-08-21,9184
3483,力致,32,22,10,群益金鼎-台中,2023-08-21,9184
00665L,富邦�琤肭磪囓�2,60,50,10,群益金鼎-台中,2023-08-21,9184
1722,台肥,29,19,10,群益金鼎-台中,2023-08-21,9184
3323,加百裕,10,0,10,群益金鼎-台中,2023-08-21,9184
4109,加捷生醫,10,0,10,群益金鼎-台中,2023-08-21,9184
9934,成霖,10,0,10,群益金鼎-台中,2023-08-21,9184
3078,僑威,13,3,10,群益金鼎-台中,2023-08-21,9184
00900,富邦特選高股息30,9,0,9,群益金鼎-台中,2023-08-21,9184
2603,長榮,12,3,9,群益金鼎-台中,2023-08-21,9184
2425,承啟,13,4,9,群益金鼎-台中,2023-08-21,9184
2355,敬鵬,8,0,8,群益金鼎-台中,2023-08-21,9184
6188,廣明,12,4,8,群益金鼎-台中,2023-08-21,9184
2344,華邦電,8,0,8,群益金鼎-台中,2023-08-21,9184
3708,上緯投控,8,0,8,群益金鼎-台中,2023-08-21,9184
00673R,期元大S＆P原油反1,8,0,8,群益金鼎-台中,2023-08-21,9184
00892,富邦台灣半導體,8,0,8,群益金鼎-台中,2023-08-21,9184
2892,第一金,8,0,8,群益金鼎-台中,2023-08-21,9184
00923,群益台ESG低碳50,7,0,7,群益金鼎-台中,2023-08-21,9184
2609,陽明,8,1,7,群益金鼎-台中,2023-08-21,9184
1402,遠東新,180,0,180,群益金鼎-台中,2023-08-22,9184
3024,憶聲,105,0,105,群益金鼎-台中,2023-08-22,9184
1722,台肥,105,0,105,群益金鼎-台中,2023-08-22,9184
00665L,富邦�琤肭磪囓�2,200,102,98,群益金鼎-台中,2023-08-22,9184
1522,堤維西,41,0,41,群益金鼎-台中,2023-08-22,9184
4532,瑞智,40,0,40,群益金鼎-台中,2023-08-22,9184
6125,廣運,67,28,39,群益金鼎-台中,2023-08-22,9184
00712,復華富時不動產,35,0,35,群益金鼎-台中,2023-08-22,9184
2356,英業達,74,40,34,群益金鼎-台中,2023-08-22,9184
5351,鈺創,34,0,34,群益金鼎-台中,2023-08-22,9184
3308,聯德,54,24,30,群益金鼎-台中,2023-08-22,9184
00642U,期元大S＆P石油,50,20,30,群益金鼎-台中,2023-08-22,9184
00919,群益台灣精選高息,29,0,29,群益金鼎-台中,2023-08-22,9184
3706,神達,48,20,28,群益金鼎-台中,2023-08-22,9184
2883,凱基金,25,0,25,群益金鼎-台中,2023-08-22,9184
00929,復華台灣科技優息,32,9,23,群益金鼎-台中,2023-08-22,9184
1504,東元,29,6,23,群益金鼎-台中,2023-08-22,9184
2002,中鋼,21,0,21,群益金鼎-台中,2023-08-22,9184
3576,聯合再生,21,0,21,群益金鼎-台中,2023-08-22,9184
2897,王道銀行,21,0,21,群益金鼎-台中,2023-08-22,9184
3231,緯創,116,96,20,群益金鼎-台中,2023-08-22,9184
3078,僑威,38,19,19,群益金鼎-台中,2023-08-22,9184
2637,慧洋-KY,23,4,19,群益金鼎-台中,2023-08-22,9184
00891,中信關鍵半導體,20,2,18,群益金鼎-台中,2023-08-22,9184
00882,中信中國高股息,16,0,16,群益金鼎-台中,2023-08-22,9184
00631L,元大台灣50正2,15,0,15,群益金鼎-台中,2023-08-22,9184
00720B,元大投資級公司債,14,0,14,群益金鼎-台中,2023-08-22,9184
00637L,元大滬深300正2,26,12,14,群益金鼎-台中,2023-08-22,9184
2324,仁寶,37,23,14,群益金鼎-台中,2023-08-22,9184
5347,世界,14,1,13,群益金鼎-台中,2023-08-22,9184
8932,智通*,13,0,13,群益金鼎-台中,2023-08-22,9184
4906,正文,32,19,13,群益金鼎-台中,2023-08-22,9184
2607,榮運,17,4,13,群益金鼎-台中,2023-08-22,9184
6170,統振,20,7,13,群益金鼎-台中,2023-08-22,9184
5608,四維航,12,0,12,群益金鼎-台中,2023-08-22,9184
2409,友達,22,10,12,群益金鼎-台中,2023-08-22,9184
2516,新建,12,0,12,群益金鼎-台中,2023-08-22,9184
2323,中環,11,0,11,群益金鼎-台中,2023-08-22,9184
00679B,元大美債20年,15,4,11,群益金鼎-台中,2023-08-22,9184
1737,臺鹽,10,0,10,群益金鼎-台中,2023-08-22,9184
3306,鼎天,29,19,10,群益金鼎-台中,2023-08-22,9184
6122,擎邦,11,1,10,群益金鼎-台中,2023-08-22,9184
1513,中興電,14,4,10,群益金鼎-台中,2023-08-22,9184
2912,統一超,10,0,10,群益金鼎-台中,2023-08-22,9184
00671R,富邦NASDAQ反1,10,0,10,群益金鼎-台中,2023-08-22,9184
2342,茂矽,10,0,10,群益金鼎-台中,2023-08-22,9184
00676R,富邦臺灣加權反1,10,0,10,群益金鼎-台中,2023-08-22,9184
9934,成霖,10,0,10,群益金鼎-台中,2023-08-22,9184
1584,精剛,10,0,10,群益金鼎-台中,2023-08-22,9184
2884,玉山金,9,0,9,群益金鼎-台中,2023-08-22,9184
6005,群益證,319,2,317,群益金鼎-台中,2023-08-23,9184
1402,遠東新,302,0,302,群益金鼎-台中,2023-08-23,9184
00676R,富邦臺灣加權反1,120,0,120,群益金鼎-台中,2023-08-23,9184
00632R,元大台灣50反1,80,0,80,群益金鼎-台中,2023-08-23,9184
00712,復華富時不動產,38,1,37,群益金鼎-台中,2023-08-23,9184
2610,華航,42,14,28,群益金鼎-台中,2023-08-23,9184
2618,長榮航,50,25,25,群益金鼎-台中,2023-08-23,9184
9945,潤泰新,25,2,23,群益金鼎-台中,2023-08-23,9184
2301,光寶科,34,13,21,群益金鼎-台中,2023-08-23,9184
2891,中信金,20,0,20,群益金鼎-台中,2023-08-23,9184
00929,復華台灣科技優息,33,14,19,群益金鼎-台中,2023-08-23,9184
3051,力特,31,15,16,群益金鼎-台中,2023-08-23,9184
5351,鈺創,16,0,16,群益金鼎-台中,2023-08-23,9184
9105,泰金寶-DR,15,0,15,群益金鼎-台中,2023-08-23,9184
2882,國泰金,15,0,15,群益金鼎-台中,2023-08-23,9184
2382,廣達,45,30,15,群益金鼎-台中,2023-08-23,9184
2486,一詮,21,7,14,群益金鼎-台中,2023-08-23,9184
4533,協易機,12,0,12,群益金鼎-台中,2023-08-23,9184
3483,力致,23,11,12,群益金鼎-台中,2023-08-23,9184
8358,金居,20,8,12,群益金鼎-台中,2023-08-23,9184
2421,建準,36,25,11,群益金鼎-台中,2023-08-23,9184
3576,聯合再生,11,0,11,群益金鼎-台中,2023-08-23,9184
4960,誠美材,11,0,11,群益金鼎-台中,2023-08-23,9184
6125,廣運,52,41,11,群益金鼎-台中,2023-08-23,9184
4543,萬在,12,1,11,群益金鼎-台中,2023-08-23,9184
00919,群益台灣精選高息,11,0,11,群益金鼎-台中,2023-08-23,9184
3013,晟銘電,189,179,10,群益金鼎-台中,2023-08-23,9184
3380,明泰,13,3,10,群益金鼎-台中,2023-08-23,9184
1316,上曜,10,0,10,群益金鼎-台中,2023-08-23,9184
1471,首利,15,5,10,群益金鼎-台中,2023-08-23,9184
6415,矽力*-KY,11,1,10,群益金鼎-台中,2023-08-23,9184
2204,中華,10,0,10,群益金鼎-台中,2023-08-23,9184
00680L,元大美債20正2,10,0,10,群益金鼎-台中,2023-08-23,9184
1464,得力,10,0,10,群益金鼎-台中,2023-08-23,9184
3622,洋華,9,0,9,群益金鼎-台中,2023-08-23,9184
2887,台新金,10,1,9,群益金鼎-台中,2023-08-23,9184
3071,協禧,46,37,9,群益金鼎-台中,2023-08-23,9184
2368,金像電,21,13,8,群益金鼎-台中,2023-08-23,9184
2905,三商,8,0,8,群益金鼎-台中,2023-08-23,9184
3594,磐儀,8,0,8,群益金鼎-台中,2023-08-23,9184
2303,聯電,8,0,8,群益金鼎-台中,2023-08-23,9184
2329,華泰,53,45,8,群益金鼎-台中,2023-08-23,9184
3706,神達,19,11,8,群益金鼎-台中,2023-08-23,9184
2324,仁寶,18,10,8,群益金鼎-台中,2023-08-23,9184
8222,寶一,15,7,8,群益金鼎-台中,2023-08-23,9184
00878,國泰永續高股息,17,9,8,群益金鼎-台中,2023-08-23,9184
3017,奇鋐,11,4,7,群益金鼎-台中,2023-08-23,9184
2353,宏��,7,0,7,群益金鼎-台中,2023-08-23,9184
6204,艾華,7,0,7,群益金鼎-台中,2023-08-23,9184
8033,雷虎,7,0,7,群益金鼎-台中,2023-08-23,9184
6005,群益證,206,0,206,群益金鼎-台中,2023-08-24,9184
1722,台肥,188,3,185,群益金鼎-台中,2023-08-24,9184
00632R,元大台灣50反1,122,0,122,群益金鼎-台中,2023-08-24,9184
00676R,富邦臺灣加權反1,110,0,110,群益金鼎-台中,2023-08-24,9184
00929,復華台灣科技優息,106,6,100,群益金鼎-台中,2023-08-24,9184
3231,緯創,286,208,78,群益金鼎-台中,2023-08-24,9184
00919,群益台灣精選高息,51,5,46,群益金鼎-台中,2023-08-24,9184
2356,英業達,104,67,37,群益金鼎-台中,2023-08-24,9184
3078,僑威,53,18,35,群益金鼎-台中,2023-08-24,9184
2352,佳世達,75,48,27,群益金鼎-台中,2023-08-24,9184
3596,智易,27,2,25,群益金鼎-台中,2023-08-24,9184
2449,京元電子,172,148,24,群益金鼎-台中,2023-08-24,9184
2461,光群雷,23,0,23,群益金鼎-台中,2023-08-24,9184
2609,陽明,30,7,23,群益金鼎-台中,2023-08-24,9184
4157,太景*-KY,22,0,22,群益金鼎-台中,2023-08-24,9184
2377,微星,21,0,21,群益金鼎-台中,2023-08-24,9184
00671R,富邦NASDAQ反1,20,0,20,群益金鼎-台中,2023-08-24,9184
5488,松普,20,0,20,群益金鼎-台中,2023-08-24,9184
2634,漢翔,60,41,19,群益金鼎-台中,2023-08-24,9184
5469,瀚宇博,23,4,19,群益金鼎-台中,2023-08-24,9184
2883,凱基金,19,0,19,群益金鼎-台中,2023-08-24,9184
2002,中鋼,17,0,17,群益金鼎-台中,2023-08-24,9184
2882,國泰金,17,1,16,群益金鼎-台中,2023-08-24,9184
2618,長榮航,21,5,16,群益金鼎-台中,2023-08-24,9184
3706,神達,76,61,15,群益金鼎-台中,2023-08-24,9184
3035,智原,56,42,14,群益金鼎-台中,2023-08-24,9184
6285,啟��,54,40,14,群益金鼎-台中,2023-08-24,9184
00893,國泰智能電動車,20,6,14,群益金鼎-台中,2023-08-24,9184
00637L,元大滬深300正2,24,11,13,群益金鼎-台中,2023-08-24,9184
3443,創意,45,34,11,群益金鼎-台中,2023-08-24,9184
1519,華城,37,26,11,群益金鼎-台中,2023-08-24,9184
3576,聯合再生,11,0,11,群益金鼎-台中,2023-08-24,9184
2359,所羅門,15,4,11,群益金鼎-台中,2023-08-24,9184
2006,東和鋼鐵,11,0,11,群益金鼎-台中,2023-08-24,9184
2331,精英,41,30,11,群益金鼎-台中,2023-08-24,9184
2511,太子,10,0,10,群益金鼎-台中,2023-08-24,9184
00648R,元大S＆P500反1,10,0,10,群益金鼎-台中,2023-08-24,9184
5432,新門,10,0,10,群益金鼎-台中,2023-08-24,9184
2486,一詮,15,5,10,群益金鼎-台中,2023-08-24,9184
2409,友達,9,0,9,群益金鼎-台中,2023-08-24,9184
3062,建漢,23,14,9,群益金鼎-台中,2023-08-24,9184
4938,和碩,35,26,9,群益金鼎-台中,2023-08-24,9184
3305,昇貿,71,63,8,群益金鼎-台中,2023-08-24,9184
3689,湧德,20,12,8,群益金鼎-台中,2023-08-24,9184
00680L,元大美債20正2,10,2,8,群益金鼎-台中,2023-08-24,9184
2399,映泰,12,5,7,群益金鼎-台中,2023-08-24,9184
3264,欣銓,12,5,7,群益金鼎-台中,2023-08-24,9184
2605,新興,7,0,7,群益金鼎-台中,2023-08-24,9184
8050,廣積,9,3,6,群益金鼎-台中,2023-08-24,9184
2884,玉山金,6,0,6,群益金鼎-台中,2023-08-24,9184
00878,國泰永續高股息,104,1,103,群益金鼎-台中,2023-08-25,9184
00929,復華台灣科技優息,100,4,96,群益金鼎-台中,2023-08-25,9184
1471,首利,100,4,96,群益金鼎-台中,2023-08-25,9184
3231,緯創,167,83,84,群益金鼎-台中,2023-08-25,9184
2344,華邦電,68,0,68,群益金鼎-台中,2023-08-25,9184
00919,群益台灣精選高息,56,0,56,群益金鼎-台中,2023-08-25,9184
2891,中信金,51,5,46,群益金鼎-台中,2023-08-25,9184
1722,台肥,163,119,44,群益金鼎-台中,2023-08-25,9184
00900,富邦特選高股息30,47,5,42,群益金鼎-台中,2023-08-25,9184
2449,京元電子,112,72,40,群益金鼎-台中,2023-08-25,9184
2382,廣達,96,61,35,群益金鼎-台中,2023-08-25,9184
2630,亞航,59,28,31,群益金鼎-台中,2023-08-25,9184
1609,大亞,45,15,30,群益金鼎-台中,2023-08-25,9184
00928,中信上櫃ESG30,29,0,29,群益金鼎-台中,2023-08-25,9184
2610,華航,37,9,28,群益金鼎-台中,2023-08-25,9184
3051,力特,27,0,27,群益金鼎-台中,2023-08-25,9184
00676R,富邦臺灣加權反1,22,0,22,群益金鼎-台中,2023-08-25,9184
2419,仲琦,38,17,21,群益金鼎-台中,2023-08-25,9184
2331,精英,125,104,21,群益金鼎-台中,2023-08-25,9184
2618,長榮航,24,4,20,群益金鼎-台中,2023-08-25,9184
2317,鴻海,23,3,20,群益金鼎-台中,2023-08-25,9184
0050,元大台灣50,20,0,20,群益金鼎-台中,2023-08-25,9184
2002,中鋼,19,0,19,群益金鼎-台中,2023-08-25,9184
00881,國泰台灣5G+,19,0,19,群益金鼎-台中,2023-08-25,9184
00923,群益台ESG低碳50,31,13,18,群益金鼎-台中,2023-08-25,9184
5706,鳳凰,18,1,17,群益金鼎-台中,2023-08-25,9184
2014,中鴻,17,1,16,群益金鼎-台中,2023-08-25,9184
3060,銘異,15,0,15,群益金鼎-台中,2023-08-25,9184
5347,世界,15,0,15,群益金鼎-台中,2023-08-25,9184
2337,旺宏,15,0,15,群益金鼎-台中,2023-08-25,9184
2484,希華,15,0,15,群益金鼎-台中,2023-08-25,9184
2330,台積電,15,0,15,群益金鼎-台中,2023-08-25,9184
3306,鼎天,15,2,13,群益金鼎-台中,2023-08-25,9184
2301,光寶科,21,9,12,群益金鼎-台中,2023-08-25,9184
2887,台新金,12,0,12,群益金鼎-台中,2023-08-25,9184
00907,永豐優息存股,11,0,11,群益金鼎-台中,2023-08-25,9184
3017,奇鋐,15,4,11,群益金鼎-台中,2023-08-25,9184
1101,台泥,10,0,10,群益金鼎-台中,2023-08-25,9184
4979,華星光,17,7,10,群益金鼎-台中,2023-08-25,9184
4934,太極,10,0,10,群益金鼎-台中,2023-08-25,9184
00680L,元大美債20正2,10,0,10,群益金鼎-台中,2023-08-25,9184
6167,久正,25,15,10,群益金鼎-台中,2023-08-25,9184
6170,統振,16,6,10,群益金鼎-台中,2023-08-25,9184
8927,北基,50,40,10,群益金鼎-台中,2023-08-25,9184
8222,寶一,99,89,10,群益金鼎-台中,2023-08-25,9184
3037,欣興,17,8,9,群益金鼎-台中,2023-08-25,9184
2883,凱基金,10,1,9,群益金鼎-台中,2023-08-25,9184
1584,精剛,10,1,9,群益金鼎-台中,2023-08-25,9184
6122,擎邦,9,0,9,群益金鼎-台中,2023-08-25,9184
3094,聯傑,15,6,9,群益金鼎-台中,2023-08-25,9184
2363,矽統,228,110,118,群益金鼎-台中,2023-08-28,9184
00929,復華台灣科技優息,100,0,100,群益金鼎-台中,2023-08-28,9184
1722,台肥,74,0,74,群益金鼎-台中,2023-08-28,9184
2344,華邦電,68,1,67,群益金鼎-台中,2023-08-28,9184
3051,力特,62,14,48,群益金鼎-台中,2023-08-28,9184
00676R,富邦臺灣加權反1,45,0,45,群益金鼎-台中,2023-08-28,9184
2618,長榮航,52,9,43,群益金鼎-台中,2023-08-28,9184
6120,達運,42,0,42,群益金鼎-台中,2023-08-28,9184
00687B,國泰20年美債,40,2,38,群益金鼎-台中,2023-08-28,9184
00637L,元大滬深300正2,156,119,37,群益金鼎-台中,2023-08-28,9184
6223,旺矽,41,7,34,群益金鼎-台中,2023-08-28,9184
2329,華泰,63,33,30,群益金鼎-台中,2023-08-28,9184
00878,國泰永續高股息,51,22,29,群益金鼎-台中,2023-08-28,9184
1737,臺鹽,55,28,27,群益金鼎-台中,2023-08-28,9184
1101,台泥,24,0,24,群益金鼎-台中,2023-08-28,9184
5009,榮剛,24,2,22,群益金鼎-台中,2023-08-28,9184
6285,啟��,32,11,21,群益金鼎-台中,2023-08-28,9184
00680L,元大美債20正2,21,0,21,群益金鼎-台中,2023-08-28,9184
2610,華航,27,8,19,群益金鼎-台中,2023-08-28,9184
2323,中環,19,0,19,群益金鼎-台中,2023-08-28,9184
3481,群創,18,0,18,群益金鼎-台中,2023-08-28,9184
3596,智易,18,0,18,群益金鼎-台中,2023-08-28,9184
2461,光群雷,18,0,18,群益金鼎-台中,2023-08-28,9184
2388,威盛,65,48,17,群益金鼎-台中,2023-08-28,9184
3227,原相,31,14,17,群益金鼎-台中,2023-08-28,9184
2355,敬鵬,26,9,17,群益金鼎-台中,2023-08-28,9184
4533,協易機,16,0,16,群益金鼎-台中,2023-08-28,9184
2449,京元電子,56,40,16,群益金鼎-台中,2023-08-28,9184
1471,首利,30,15,15,群益金鼎-台中,2023-08-28,9184
00753L,中信中國50正2,15,0,15,群益金鼎-台中,2023-08-28,9184
4960,誠美材,14,0,14,群益金鼎-台中,2023-08-28,9184
1584,精剛,18,5,13,群益金鼎-台中,2023-08-28,9184
3029,零壹,13,0,13,群益金鼎-台中,2023-08-28,9184
3710,連展投控,12,0,12,群益金鼎-台中,2023-08-28,9184
2402,毅嘉,22,11,11,群益金鼎-台中,2023-08-28,9184
6170,統振,12,1,11,群益金鼎-台中,2023-08-28,9184
0056,元大高股息,13,2,11,群益金鼎-台中,2023-08-28,9184
00881,國泰台灣5G+,30,19,11,群益金鼎-台中,2023-08-28,9184
2349,錸德,10,0,10,群益金鼎-台中,2023-08-28,9184
2516,新建,16,6,10,群益金鼎-台中,2023-08-28,9184
00671R,富邦NASDAQ反1,10,0,10,群益金鼎-台中,2023-08-28,9184
4510,高鋒,10,0,10,群益金鼎-台中,2023-08-28,9184
2419,仲琦,17,7,10,群益金鼎-台中,2023-08-28,9184
00706L,期元大S＆P日圓正2,10,0,10,群益金鼎-台中,2023-08-28,9184
2617,台航,10,0,10,群益金鼎-台中,2023-08-28,9184
1609,大亞,25,16,9,群益金鼎-台中,2023-08-28,9184
3035,智原,18,9,9,群益金鼎-台中,2023-08-28,9184
00713,元大台灣高息低波,8,0,8,群益金鼎-台中,2023-08-28,9184
2421,建準,18,10,8,群益金鼎-台中,2023-08-28,9184
6139,亞翔,13,5,8,群益金鼎-台中,2023-08-28,9184
00885,富邦越南,82,9,73,群益金鼎-台中,2023-08-29,9184
00929,復華台灣科技優息,56,1,55,群益金鼎-台中,2023-08-29,9184
00632R,元大台灣50反1,50,0,50,群益金鼎-台中,2023-08-29,9184
00676R,富邦臺灣加權反1,50,0,50,群益金鼎-台中,2023-08-29,9184
1471,首利,47,0,47,群益金鼎-台中,2023-08-29,9184
00687B,國泰20年美債,40,0,40,群益金鼎-台中,2023-08-29,9184
9904,寶成,27,0,27,群益金鼎-台中,2023-08-29,9184
2337,旺宏,21,0,21,群益金鼎-台中,2023-08-29,9184
00680L,元大美債20正2,20,0,20,群益金鼎-台中,2023-08-29,9184
3006,晶豪科,20,0,20,群益金鼎-台中,2023-08-29,9184
2356,英業達,35,15,20,群益金鼎-台中,2023-08-29,9184
1905,華紙,20,0,20,群益金鼎-台中,2023-08-29,9184
2022,聚亨,20,1,19,群益金鼎-台中,2023-08-29,9184
2812,台中銀,20,1,19,群益金鼎-台中,2023-08-29,9184
2211,長榮鋼,16,0,16,群益金鼎-台中,2023-08-29,9184
2884,玉山金,15,0,15,群益金鼎-台中,2023-08-29,9184
8222,寶一,44,29,15,群益金鼎-台中,2023-08-29,9184
6285,啟��,45,31,14,群益金鼎-台中,2023-08-29,9184
00919,群益台灣精選高息,13,0,13,群益金鼎-台中,2023-08-29,9184
2002,中鋼,13,1,12,群益金鼎-台中,2023-08-29,9184
5457,宣德,53,42,11,群益金鼎-台中,2023-08-29,9184
00888,永豐台灣ESG,11,0,11,群益金鼎-台中,2023-08-29,9184
3231,緯創,36,25,11,群益金鼎-台中,2023-08-29,9184
2834,臺企銀,10,0,10,群益金鼎-台中,2023-08-29,9184
00671R,富邦NASDAQ反1,10,0,10,群益金鼎-台中,2023-08-29,9184
1218,泰山,11,1,10,群益金鼎-台中,2023-08-29,9184
1907,永豐餘,20,10,10,群益金鼎-台中,2023-08-29,9184
5488,松普,10,0,10,群益金鼎-台中,2023-08-29,9184
2542,興富發,10,0,10,群益金鼎-台中,2023-08-29,9184
6829,千附精密,15,5,10,群益金鼎-台中,2023-08-29,9184
4533,協易機,20,10,10,群益金鼎-台中,2023-08-29,9184
6235,華孚,44,34,10,群益金鼎-台中,2023-08-29,9184
3163,波若威,36,27,9,群益金鼎-台中,2023-08-29,9184
2303,聯電,20,11,9,群益金鼎-台中,2023-08-29,9184
4938,和碩,10,2,8,群益金鼎-台中,2023-08-29,9184
2388,威盛,35,27,8,群益金鼎-台中,2023-08-29,9184
2329,華泰,35,27,8,群益金鼎-台中,2023-08-29,9184
5525,順天,7,0,7,群益金鼎-台中,2023-08-29,9184
2615,萬海,9,2,7,群益金鼎-台中,2023-08-29,9184
6541,泰福-KY,7,0,7,群益金鼎-台中,2023-08-29,9184
1402,遠東新,7,0,7,群益金鼎-台中,2023-08-29,9184
3308,聯德,20,14,6,群益金鼎-台中,2023-08-29,9184
2027,大成鋼,6,0,6,群益金鼎-台中,2023-08-29,9184
2401,凌陽,6,0,6,群益金鼎-台中,2023-08-29,9184
2377,微星,11,5,6,群益金鼎-台中,2023-08-29,9184
6168,宏齊,8,2,6,群益金鼎-台中,2023-08-29,9184
2816,旺旺保,36,30,6,群益金鼎-台中,2023-08-29,9184
2323,中環,7,2,5,群益金鼎-台中,2023-08-29,9184
3537,堡達,5,0,5,群益金鼎-台中,2023-08-29,9184
00895,富邦未來車,5,0,5,群益金鼎-台中,2023-08-29,9184
00665L,富邦�琤肭磪囓�2,220,20,200,群益金鼎-台中,2023-08-30,9184
2337,旺宏,163,36,127,群益金鼎-台中,2023-08-30,9184
00885,富邦越南,101,2,99,群益金鼎-台中,2023-08-30,9184
2303,聯電,108,17,91,群益金鼎-台中,2023-08-30,9184
00929,復華台灣科技優息,108,29,79,群益金鼎-台中,2023-08-30,9184
00632R,元大台灣50反1,82,5,77,群益金鼎-台中,2023-08-30,9184
00676R,富邦臺灣加權反1,75,0,75,群益金鼎-台中,2023-08-30,9184
2409,友達,59,16,43,群益金鼎-台中,2023-08-30,9184
3481,群創,33,0,33,群益金鼎-台中,2023-08-30,9184
2211,長榮鋼,30,0,30,群益金鼎-台中,2023-08-30,9184
2436,偉詮電,71,42,29,群益金鼎-台中,2023-08-30,9184
6168,宏齊,36,7,29,群益金鼎-台中,2023-08-30,9184
4933,友輝,24,0,24,群益金鼎-台中,2023-08-30,9184
3078,僑威,27,4,23,群益金鼎-台中,2023-08-30,9184
5425,台半,21,1,20,群益金鼎-台中,2023-08-30,9184
2511,太子,20,0,20,群益金鼎-台中,2023-08-30,9184
6170,統振,21,1,20,群益金鼎-台中,2023-08-30,9184
00680L,元大美債20正2,20,0,20,群益金鼎-台中,2023-08-30,9184
2449,京元電子,93,74,19,群益金鼎-台中,2023-08-30,9184
3264,欣銓,29,11,18,群益金鼎-台中,2023-08-30,9184
2610,華航,49,33,16,群益金鼎-台中,2023-08-30,9184
00648R,元大S＆P500反1,15,0,15,群益金鼎-台中,2023-08-30,9184
3260,威剛,22,8,14,群益金鼎-台中,2023-08-30,9184
1101,台泥,13,0,13,群益金鼎-台中,2023-08-30,9184
1609,大亞,21,8,13,群益金鼎-台中,2023-08-30,9184
3037,欣興,15,3,12,群益金鼎-台中,2023-08-30,9184
2356,英業達,33,22,11,群益金鼎-台中,2023-08-30,9184
3305,昇貿,12,1,11,群益金鼎-台中,2023-08-30,9184
8222,寶一,18,7,11,群益金鼎-台中,2023-08-30,9184
2332,友訊,30,19,11,群益金鼎-台中,2023-08-30,9184
2421,建準,16,6,10,群益金鼎-台中,2023-08-30,9184
1710,東聯,10,0,10,群益金鼎-台中,2023-08-30,9184
4128,中天,10,0,10,群益金鼎-台中,2023-08-30,9184
6125,廣運,13,3,10,群益金鼎-台中,2023-08-30,9184
1795,美時,15,5,10,群益金鼎-台中,2023-08-30,9184
00881,國泰台灣5G+,11,2,9,群益金鼎-台中,2023-08-30,9184
8112,至上,9,1,8,群益金鼎-台中,2023-08-30,9184
00888,永豐台灣ESG,13,5,8,群益金鼎-台中,2023-08-30,9184
3317,尼克森,8,0,8,群益金鼎-台中,2023-08-30,9184
8210,勤誠,14,6,8,群益金鼎-台中,2023-08-30,9184
3325,旭品,31,24,7,群益金鼎-台中,2023-08-30,9184
1905,華紙,10,3,7,群益金鼎-台中,2023-08-30,9184
1802,台玻,24,17,7,群益金鼎-台中,2023-08-30,9184
1210,大成,7,0,7,群益金鼎-台中,2023-08-30,9184
3308,聯德,27,21,6,群益金鼎-台中,2023-08-30,9184
1316,上曜,6,0,6,群益金鼎-台中,2023-08-30,9184
3666,光耀,6,0,6,群益金鼎-台中,2023-08-30,9184
4979,華星光,17,11,6,群益金鼎-台中,2023-08-30,9184
6605,帝寶,9,3,6,群益金鼎-台中,2023-08-30,9184
2324,仁寶,6,0,6,群益金鼎-台中,2023-08-30,9184
00885,富邦越南,160,3,157,群益金鼎-台中,2023-08-31,9184
6005,群益證,154,0,154,群益金鼎-台中,2023-08-31,9184
9904,寶成,107,7,100,群益金鼎-台中,2023-08-31,9184
1402,遠東新,83,5,78,群益金鼎-台中,2023-08-31,9184
2634,漢翔,78,27,51,群益金鼎-台中,2023-08-31,9184
2409,友達,55,6,49,群益金鼎-台中,2023-08-31,9184
2610,華航,38,0,38,群益金鼎-台中,2023-08-31,9184
2892,第一金,20,0,20,群益金鼎-台中,2023-08-31,9184
2025,千興,20,0,20,群益金鼎-台中,2023-08-31,9184
00679B,元大美債20年,26,6,20,群益金鼎-台中,2023-08-31,9184
2885,元大金,20,0,20,群益金鼎-台中,2023-08-31,9184
3715,定穎投控,104,85,19,群益金鼎-台中,2023-08-31,9184
2201,裕隆,20,3,17,群益金鼎-台中,2023-08-31,9184
2337,旺宏,50,35,15,群益金鼎-台中,2023-08-31,9184
6213,聯茂,125,110,15,群益金鼎-台中,2023-08-31,9184
1603,華電,15,1,14,群益金鼎-台中,2023-08-31,9184
1513,中興電,16,3,13,群益金鼎-台中,2023-08-31,9184
00923,群益台ESG低碳50,13,0,13,群益金鼎-台中,2023-08-31,9184
2303,聯電,21,8,13,群益金鼎-台中,2023-08-31,9184
2352,佳世達,13,1,12,群益金鼎-台中,2023-08-31,9184
00919,群益台灣精選高息,12,0,12,群益金鼎-台中,2023-08-31,9184
00637L,元大滬深300正2,15,3,12,群益金鼎-台中,2023-08-31,9184
6126,信音,21,9,12,群益金鼎-台中,2023-08-31,9184
0050,元大台灣50,12,1,11,群益金鼎-台中,2023-08-31,9184
2324,仁寶,14,3,11,群益金鼎-台中,2023-08-31,9184
6167,久正,11,0,11,群益金鼎-台中,2023-08-31,9184
00878,國泰永續高股息,106,96,10,群益金鼎-台中,2023-08-31,9184
2211,長榮鋼,11,1,10,群益金鼎-台中,2023-08-31,9184
00676R,富邦臺灣加權反1,10,0,10,群益金鼎-台中,2023-08-31,9184
2618,長榮航,12,2,10,群益金鼎-台中,2023-08-31,9184
2331,精英,18,8,10,群益金鼎-台中,2023-08-31,9184
2301,光寶科,36,26,10,群益金鼎-台中,2023-08-31,9184
2881,富邦金,10,1,9,群益金鼎-台中,2023-08-31,9184
2891,中信金,12,3,9,群益金鼎-台中,2023-08-31,9184
00929,復華台灣科技優息,17,8,9,群益金鼎-台中,2023-08-31,9184
2030,彰源,10,1,9,群益金鼎-台中,2023-08-31,9184
2461,光群雷,9,0,9,群益金鼎-台中,2023-08-31,9184
00772B,中信高評級公司債,10,1,9,群益金鼎-台中,2023-08-31,9184
3533,嘉澤,9,0,9,群益金鼎-台中,2023-08-31,9184
00712,復華富時不動產,12,3,9,群益金鼎-台中,2023-08-31,9184
2462,良得電,10,2,8,群益金鼎-台中,2023-08-31,9184
00927,群益半導體收益,13,5,8,群益金鼎-台中,2023-08-31,9184
2887,台新金,8,0,8,群益金鼎-台中,2023-08-31,9184
1216,統一,7,0,7,群益金鼎-台中,2023-08-31,9184
6485,點序,7,0,7,群益金鼎-台中,2023-08-31,9184
2834,臺企銀,7,0,7,群益金鼎-台中,2023-08-31,9184
3013,晟銘電,11,4,7,群益金鼎-台中,2023-08-31,9184
6799,來頡,7,0,7,群益金鼎-台中,2023-08-31,9184
2884,玉山金,7,0,7,群益金鼎-台中,2023-08-31,9184
00722B,群益投資級電信債,6,0,6,群益金鼎-台中,2023-08-31,9184
00881,國泰台灣5G+,160,0,160,群益金鼎-台中,2023-09-01,9184
2892,第一金,149,0,149,群益金鼎-台中,2023-09-01,9184
00671R,富邦NASDAQ反1,110,0,110,群益金鼎-台中,2023-09-01,9184
2367,燿華,123,29,94,群益金鼎-台中,2023-09-01,9184
00919,群益台灣精選高息,83,0,83,群益金鼎-台中,2023-09-01,9184
3231,緯創,134,58,76,群益金鼎-台中,2023-09-01,9184
00929,復華台灣科技優息,73,0,73,群益金鼎-台中,2023-09-01,9184
2816,旺旺保,66,2,64,群益金鼎-台中,2023-09-01,9184
00878,國泰永續高股息,83,37,46,群益金鼎-台中,2023-09-01,9184
2488,漢平,45,1,44,群益金鼎-台中,2023-09-01,9184
6285,啟��,62,20,42,群益金鼎-台中,2023-09-01,9184
2382,廣達,52,12,40,群益金鼎-台中,2023-09-01,9184
00885,富邦越南,40,0,40,群益金鼎-台中,2023-09-01,9184
00687B,國泰20年美債,40,0,40,群益金鼎-台中,2023-09-01,9184
00679B,元大美債20年,35,4,31,群益金鼎-台中,2023-09-01,9184
00692,富邦公司治理,30,0,30,群益金鼎-台中,2023-09-01,9184
6005,群益證,30,0,30,群益金鼎-台中,2023-09-01,9184
2356,英業達,40,10,30,群益金鼎-台中,2023-09-01,9184
4909,新復興,42,13,29,群益金鼎-台中,2023-09-01,9184
2331,精英,134,109,25,群益金鼎-台中,2023-09-01,9184
6223,旺矽,29,4,25,群益金鼎-台中,2023-09-01,9184
3037,欣興,26,3,23,群益金鼎-台中,2023-09-01,9184
00932,兆豐永續高息等權,26,5,21,群益金鼎-台中,2023-09-01,9184
2369,菱生,25,4,21,群益金鼎-台中,2023-09-01,9184
2329,華泰,63,43,20,群益金鼎-台中,2023-09-01,9184
2520,冠德,30,10,20,群益金鼎-台中,2023-09-01,9184
2891,中信金,20,0,20,群益金鼎-台中,2023-09-01,9184
2834,臺企銀,19,0,19,群益金鼎-台中,2023-09-01,9184
6282,康舒,41,23,18,群益金鼎-台中,2023-09-01,9184
1609,大亞,23,6,17,群益金鼎-台中,2023-09-01,9184
2363,矽統,181,164,17,群益金鼎-台中,2023-09-01,9184
4967,十銓,26,10,16,群益金鼎-台中,2023-09-01,9184
6125,廣運,26,10,16,群益金鼎-台中,2023-09-01,9184
00923,群益台ESG低碳50,16,0,16,群益金鼎-台中,2023-09-01,9184
3308,聯德,39,23,16,群益金鼎-台中,2023-09-01,9184
1540,喬福,15,0,15,群益金鼎-台中,2023-09-01,9184
2436,偉詮電,22,8,14,群益金鼎-台中,2023-09-01,9184
3105,穩懋,16,3,13,群益金鼎-台中,2023-09-01,9184
2337,旺宏,19,6,13,群益金鼎-台中,2023-09-01,9184
00751B,元大AAA至A公司債,14,3,11,群益金鼎-台中,2023-09-01,9184
3046,建��,11,0,11,群益金鼎-台中,2023-09-01,9184
2516,新建,11,0,11,群益金鼎-台中,2023-09-01,9184
2355,敬鵬,15,4,11,群益金鼎-台中,2023-09-01,9184
2511,太子,10,0,10,群益金鼎-台中,2023-09-01,9184
00676R,富邦臺灣加權反1,10,0,10,群益金鼎-台中,2023-09-01,9184
3622,洋華,33,23,10,群益金鼎-台中,2023-09-01,9184
2484,希華,10,0,10,群益金鼎-台中,2023-09-01,9184
00795B,中信美國公債20年,10,0,10,群益金鼎-台中,2023-09-01,9184
2368,金像電,12,2,10,群益金鼎-台中,2023-09-01,9184
2884,玉山金,9,0,9,群益金鼎-台中,2023-09-01,9184
00772B,中信高評級公司債,59,0,59,群益金鼎-台中,2023-09-04,9184
00795B,中信美國公債20年,54,0,54,群益金鼎-台中,2023-09-04,9184
00919,群益台灣精選高息,55,1,54,群益金鼎-台中,2023-09-04,9184
2618,長榮航,56,3,53,群益金鼎-台中,2023-09-04,9184
00687B,國泰20年美債,50,0,50,群益金鼎-台中,2023-09-04,9184
00751B,元大AAA至A公司債,48,0,48,群益金鼎-台中,2023-09-04,9184
9904,寶成,40,0,40,群益金鼎-台中,2023-09-04,9184
2363,矽統,74,42,32,群益金鼎-台中,2023-09-04,9184
00676R,富邦臺灣加權反1,30,0,30,群益金鼎-台中,2023-09-04,9184
3231,緯創,67,38,29,群益金鼎-台中,2023-09-04,9184
5009,榮剛,52,24,28,群益金鼎-台中,2023-09-04,9184
00637L,元大滬深300正2,44,18,26,群益金鼎-台中,2023-09-04,9184
00931B,統一美債20年,25,0,25,群益金鼎-台中,2023-09-04,9184
00923,群益台ESG低碳50,22,0,22,群益金鼎-台中,2023-09-04,9184
00632R,元大台灣50反1,20,0,20,群益金鼎-台中,2023-09-04,9184
1402,遠東新,20,0,20,群益金鼎-台中,2023-09-04,9184
6167,久正,21,1,20,群益金鼎-台中,2023-09-04,9184
3481,群創,20,1,19,群益金鼎-台中,2023-09-04,9184
1802,台玻,57,39,18,群益金鼎-台中,2023-09-04,9184
3260,威剛,23,6,17,群益金鼎-台中,2023-09-04,9184
2317,鴻海,85,68,17,群益金鼎-台中,2023-09-04,9184
3051,力特,46,31,15,群益金鼎-台中,2023-09-04,9184
8068,全達,15,0,15,群益金鼎-台中,2023-09-04,9184
3163,波若威,48,34,14,群益金鼎-台中,2023-09-04,9184
8926,台汽電,14,0,14,群益金鼎-台中,2023-09-04,9184
2371,大同,15,2,13,群益金鼎-台中,2023-09-04,9184
6204,艾華,12,0,12,群益金鼎-台中,2023-09-04,9184
3290,東浦,12,0,12,群益金鼎-台中,2023-09-04,9184
8927,北基,11,0,11,群益金鼎-台中,2023-09-04,9184
1905,華紙,23,12,11,群益金鼎-台中,2023-09-04,9184
2014,中鴻,30,19,11,群益金鼎-台中,2023-09-04,9184
6143,振曜,12,1,11,群益金鼎-台中,2023-09-04,9184
6698,旭暉應材,10,0,10,群益金鼎-台中,2023-09-04,9184
6005,群益證,10,0,10,群益金鼎-台中,2023-09-04,9184
9105,泰金寶-DR,10,0,10,群益金鼎-台中,2023-09-04,9184
3078,僑威,10,0,10,群益金鼎-台中,2023-09-04,9184
2497,怡利電,13,4,9,群益金鼎-台中,2023-09-04,9184
3715,定穎投控,43,34,9,群益金鼎-台中,2023-09-04,9184
4909,新復興,19,10,9,群益金鼎-台中,2023-09-04,9184
5381,合正,29,20,9,群益金鼎-台中,2023-09-04,9184
5457,宣德,12,3,9,群益金鼎-台中,2023-09-04,9184
3308,聯德,11,2,9,群益金鼎-台中,2023-09-04,9184
00680L,元大美債20正2,8,0,8,群益金鼎-台中,2023-09-04,9184
8069,元太,7,0,7,群益金鼎-台中,2023-09-04,9184
3714,富采,8,1,7,群益金鼎-台中,2023-09-04,9184
8358,金居,12,5,7,群益金鼎-台中,2023-09-04,9184
00715L,期街口布蘭特正2,12,5,7,群益金鼎-台中,2023-09-04,9184
3035,智原,24,18,6,群益金鼎-台中,2023-09-04,9184
6188,廣明,7,1,6,群益金鼎-台中,2023-09-04,9184
00679B,元大美債20年,6,0,6,群益金鼎-台中,2023-09-04,9184
00929,復華台灣科技優息,185,2,183,群益金鼎-台中,2023-09-05,9184
00919,群益台灣精選高息,177,5,172,群益金鼎-台中,2023-09-05,9184
00637L,元大滬深300正2,100,0,100,群益金鼎-台中,2023-09-05,9184
9904,寶成,55,0,55,群益金鼎-台中,2023-09-05,9184
1907,永豐餘,75,31,44,群益金鼎-台中,2023-09-05,9184
6282,康舒,54,21,33,群益金鼎-台中,2023-09-05,9184
5864,致和證,31,0,31,群益金鼎-台中,2023-09-05,9184
2344,華邦電,31,1,30,群益金鼎-台中,2023-09-05,9184
3576,聯合再生,30,0,30,群益金鼎-台中,2023-09-05,9184
2618,長榮航,58,30,28,群益金鼎-台中,2023-09-05,9184
00795B,中信美國公債20年,26,0,26,群益金鼎-台中,2023-09-05,9184
4207,環泰,23,0,23,群益金鼎-台中,2023-09-05,9184
6757,台灣虎航,26,3,23,群益金鼎-台中,2023-09-05,9184
2440,太空梭,23,0,23,群益金鼎-台中,2023-09-05,9184
00772B,中信高評級公司債,23,0,23,群益金鼎-台中,2023-09-05,9184
6143,振曜,21,1,20,群益金鼎-台中,2023-09-05,9184
2402,毅嘉,84,67,17,群益金鼎-台中,2023-09-05,9184
00751B,元大AAA至A公司債,15,0,15,群益金鼎-台中,2023-09-05,9184
2014,中鴻,15,1,14,群益金鼎-台中,2023-09-05,9184
5009,榮剛,23,9,14,群益金鼎-台中,2023-09-05,9184
3454,晶睿,13,0,13,群益金鼎-台中,2023-09-05,9184
6213,聯茂,39,26,13,群益金鼎-台中,2023-09-05,9184
2892,第一金,13,0,13,群益金鼎-台中,2023-09-05,9184
2834,臺企銀,12,0,12,群益金鼎-台中,2023-09-05,9184
6005,群益證,12,0,12,群益金鼎-台中,2023-09-05,9184
3308,聯德,22,11,11,群益金鼎-台中,2023-09-05,9184
5425,台半,13,2,11,群益金鼎-台中,2023-09-05,9184
3481,群創,16,6,10,群益金鼎-台中,2023-09-05,9184
4909,新復興,10,0,10,群益金鼎-台中,2023-09-05,9184
00918,大華優利高填息30,12,2,10,群益金鼎-台中,2023-09-05,9184
00676R,富邦臺灣加權反1,10,0,10,群益金鼎-台中,2023-09-05,9184
00645,富邦日本,10,0,10,群益金鼎-台中,2023-09-05,9184
00673R,期元大S＆P原油反1,10,0,10,群益金鼎-台中,2023-09-05,9184
2352,佳世達,11,1,10,群益金鼎-台中,2023-09-05,9184
2206,三陽工業,18,9,9,群益金鼎-台中,2023-09-05,9184
1101,台泥,11,2,9,群益金鼎-台中,2023-09-05,9184
6179,亞通,9,0,9,群益金鼎-台中,2023-09-05,9184
1319,東陽,9,0,9,群益金鼎-台中,2023-09-05,9184
8358,金居,30,21,9,群益金鼎-台中,2023-09-05,9184
1605,華新,10,1,9,群益金鼎-台中,2023-09-05,9184
1616,億泰,11,3,8,群益金鼎-台中,2023-09-05,9184
2458,義隆,28,20,8,群益金鼎-台中,2023-09-05,9184
00915,凱基優選高股息30,8,0,8,群益金鼎-台中,2023-09-05,9184
3047,訊舟,8,0,8,群益金鼎-台中,2023-09-05,9184
3163,波若威,12,5,7,群益金鼎-台中,2023-09-05,9184
2493,揚博,7,0,7,群益金鼎-台中,2023-09-05,9184
1609,大亞,10,3,7,群益金鼎-台中,2023-09-05,9184
3078,僑威,16,9,7,群益金鼎-台中,2023-09-05,9184
8070,長華*,7,0,7,群益金鼎-台中,2023-09-05,9184
6547,高端疫苗,30,24,6,群益金鼎-台中,2023-09-05,9184
2892,第一金,140,0,140,群益金鼎-台中,2023-09-06,9184
1722,台肥,100,0,100,群益金鼎-台中,2023-09-06,9184
3481,群創,130,45,85,群益金鼎-台中,2023-09-06,9184
2409,友達,77,7,70,群益金鼎-台中,2023-09-06,9184
00919,群益台灣精選高息,72,3,69,群益金鼎-台中,2023-09-06,9184
1402,遠東新,67,0,67,群益金鼎-台中,2023-09-06,9184
00645,富邦日本,50,5,45,群益金鼎-台中,2023-09-06,9184
00929,復華台灣科技優息,196,157,39,群益金鼎-台中,2023-09-06,9184
2605,新興,40,1,39,群益金鼎-台中,2023-09-06,9184
00915,凱基優選高股息30,44,5,39,群益金鼎-台中,2023-09-06,9184
00878,國泰永續高股息,71,34,37,群益金鼎-台中,2023-09-06,9184
00918,大華優利高填息30,38,4,34,群益金鼎-台中,2023-09-06,9184
4906,正文,57,23,34,群益金鼎-台中,2023-09-06,9184
00882,中信中國高股息,32,0,32,群益金鼎-台中,2023-09-06,9184
1802,台玻,41,10,31,群益金鼎-台中,2023-09-06,9184
6223,旺矽,32,3,29,群益金鼎-台中,2023-09-06,9184
9904,寶成,37,8,29,群益金鼎-台中,2023-09-06,9184
1102,亞泥,27,0,27,群益金鼎-台中,2023-09-06,9184
2344,華邦電,30,7,23,群益金鼎-台中,2023-09-06,9184
2303,聯電,26,4,22,群益金鼎-台中,2023-09-06,9184
00932,兆豐永續高息等權,21,0,21,群益金鼎-台中,2023-09-06,9184
2312,金寶,22,1,21,群益金鼎-台中,2023-09-06,9184
00888,永豐台灣ESG,20,0,20,群益金鼎-台中,2023-09-06,9184
00676R,富邦臺灣加權反1,20,0,20,群益金鼎-台中,2023-09-06,9184
1101,台泥,29,10,19,群益金鼎-台中,2023-09-06,9184
6143,振曜,16,1,15,群益金鼎-台中,2023-09-06,9184
00931B,統一美債20年,15,0,15,群益金鼎-台中,2023-09-06,9184
2486,一詮,15,1,14,群益金鼎-台中,2023-09-06,9184
3363,上詮,19,5,14,群益金鼎-台中,2023-09-06,9184
3325,旭品,14,0,14,群益金鼎-台中,2023-09-06,9184
2834,臺企銀,14,0,14,群益金鼎-台中,2023-09-06,9184
3450,聯鈞,24,10,14,群益金鼎-台中,2023-09-06,9184
2887,台新金,12,0,12,群益金鼎-台中,2023-09-06,9184
3265,台星科,22,11,11,群益金鼎-台中,2023-09-06,9184
8050,廣積,21,10,11,群益金鼎-台中,2023-09-06,9184
00679B,元大美債20年,11,0,11,群益金鼎-台中,2023-09-06,9184
2388,威盛,18,8,10,群益金鼎-台中,2023-09-06,9184
3706,神達,10,0,10,群益金鼎-台中,2023-09-06,9184
3051,力特,30,20,10,群益金鼎-台中,2023-09-06,9184
00665L,富邦�琤肭磪囓�2,120,110,10,群益金鼎-台中,2023-09-06,9184
8183,精星,10,0,10,群益金鼎-台中,2023-09-06,9184
3715,定穎投控,29,19,10,群益金鼎-台中,2023-09-06,9184
2618,長榮航,17,7,10,群益金鼎-台中,2023-09-06,9184
2881,富邦金,12,3,9,群益金鼎-台中,2023-09-06,9184
2609,陽明,13,4,9,群益金鼎-台中,2023-09-06,9184
2891,中信金,8,0,8,群益金鼎-台中,2023-09-06,9184
1319,東陽,10,2,8,群益金鼎-台中,2023-09-06,9184
2352,佳世達,9,1,8,群益金鼎-台中,2023-09-06,9184
8930,青鋼,9,2,7,群益金鼎-台中,2023-09-06,9184
2308,台達電,6,0,6,群益金鼎-台中,2023-09-06,9184
00929,復華台灣科技優息,171,48,123,群益金鼎-台中,2023-09-07,9184
1402,遠東新,120,0,120,群益金鼎-台中,2023-09-07,9184
00919,群益台灣精選高息,107,27,80,群益金鼎-台中,2023-09-07,9184
2363,矽統,104,43,61,群益金鼎-台中,2023-09-07,9184
2449,京元電子,64,6,58,群益金鼎-台中,2023-09-07,9184
00632R,元大台灣50反1,40,0,40,群益金鼎-台中,2023-09-07,9184
020027,元大上櫃ESG成長N,40,0,40,群益金鼎-台中,2023-09-07,9184
3481,群創,49,9,40,群益金鼎-台中,2023-09-07,9184
00923,群益台ESG低碳50,35,1,34,群益金鼎-台中,2023-09-07,9184
2618,長榮航,45,13,32,群益金鼎-台中,2023-09-07,9184
00907,永豐優息存股,25,0,25,群益金鼎-台中,2023-09-07,9184
1522,堤維西,24,0,24,群益金鼎-台中,2023-09-07,9184
00671R,富邦NASDAQ反1,20,0,20,群益金鼎-台中,2023-09-07,9184
2489,瑞軒,20,0,20,群益金鼎-台中,2023-09-07,9184
6167,久正,20,1,19,群益金鼎-台中,2023-09-07,9184
2409,友達,26,8,18,群益金鼎-台中,2023-09-07,9184
00673R,期元大S＆P原油反1,38,20,18,群益金鼎-台中,2023-09-07,9184
1473,台南,16,1,15,群益金鼎-台中,2023-09-07,9184
3163,波若威,21,6,15,群益金鼎-台中,2023-09-07,9184
1904,正隆,15,0,15,群益金鼎-台中,2023-09-07,9184
2002,中鋼,14,0,14,群益金鼎-台中,2023-09-07,9184
8112,至上,84,71,13,群益金鼎-台中,2023-09-07,9184
00878,國泰永續高股息,46,34,12,群益金鼎-台中,2023-09-07,9184
3051,力特,19,7,12,群益金鼎-台中,2023-09-07,9184
2365,昆盈,12,0,12,群益金鼎-台中,2023-09-07,9184
2485,兆赫,34,22,12,群益金鼎-台中,2023-09-07,9184
2323,中環,12,0,12,群益金鼎-台中,2023-09-07,9184
1101,台泥,14,2,12,群益金鼎-台中,2023-09-07,9184
1102,亞泥,28,17,11,群益金鼎-台中,2023-09-07,9184
00680L,元大美債20正2,11,0,11,群益金鼎-台中,2023-09-07,9184
4967,十銓,11,0,11,群益金鼎-台中,2023-09-07,9184
8069,元太,10,0,10,群益金鼎-台中,2023-09-07,9184
3338,泰碩,13,3,10,群益金鼎-台中,2023-09-07,9184
3372,典範,10,0,10,群益金鼎-台中,2023-09-07,9184
1305,華夏,10,0,10,群益金鼎-台中,2023-09-07,9184
4938,和碩,11,1,10,群益金鼎-台中,2023-09-07,9184
6143,振曜,10,0,10,群益金鼎-台中,2023-09-07,9184
2834,臺企銀,10,0,10,群益金鼎-台中,2023-09-07,9184
6101,寬魚國際,10,0,10,群益金鼎-台中,2023-09-07,9184
00676R,富邦臺灣加權反1,10,0,10,群益金鼎-台中,2023-09-07,9184
6547,高端疫苗,40,30,10,群益金鼎-台中,2023-09-07,9184
2401,凌陽,21,11,10,群益金鼎-台中,2023-09-07,9184
6415,矽力*-KY,25,16,9,群益金鼎-台中,2023-09-07,9184
2027,大成鋼,9,0,9,群益金鼎-台中,2023-09-07,9184
4746,台耀,12,3,9,群益金鼎-台中,2023-09-07,9184
00932,兆豐永續高息等權,10,1,9,群益金鼎-台中,2023-09-07,9184
2610,華航,20,11,9,群益金鼎-台中,2023-09-07,9184
8210,勤誠,10,1,9,群益金鼎-台中,2023-09-07,9184
1524,耿鼎,16,7,9,群益金鼎-台中,2023-09-07,9184
2884,玉山金,8,0,8,群益金鼎-台中,2023-09-07,9184
00929,復華台灣科技優息,241,117,124,群益金鼎-台中,2023-09-08,9184
020027,元大上櫃ESG成長N,80,0,80,群益金鼎-台中,2023-09-08,9184
1722,台肥,77,0,77,群益金鼎-台中,2023-09-08,9184
00918,大華優利高填息30,36,0,36,群益金鼎-台中,2023-09-08,9184
00637L,元大滬深300正2,35,0,35,群益金鼎-台中,2023-09-08,9184
00915,凱基優選高股息30,32,1,31,群益金鼎-台中,2023-09-08,9184
00881,國泰台灣5G+,30,0,30,群益金鼎-台中,2023-09-08,9184
3231,緯創,56,27,29,群益金鼎-台中,2023-09-08,9184
6285,啟��,58,32,26,群益金鼎-台中,2023-09-08,9184
2618,長榮航,29,5,24,群益金鼎-台中,2023-09-08,9184
3715,定穎投控,111,88,23,群益金鼎-台中,2023-09-08,9184
2332,友訊,26,4,22,群益金鼎-台中,2023-09-08,9184
3011,今皓,23,2,21,群益金鼎-台中,2023-09-08,9184
2376,技嘉,49,28,21,群益金鼎-台中,2023-09-08,9184
00919,群益台灣精選高息,30,10,20,群益金鼎-台中,2023-09-08,9184
8210,勤誠,24,4,20,群益金鼎-台中,2023-09-08,9184
1102,亞泥,30,10,20,群益金鼎-台中,2023-09-08,9184
00676R,富邦臺灣加權反1,20,0,20,群益金鼎-台中,2023-09-08,9184
00671R,富邦NASDAQ反1,20,0,20,群益金鼎-台中,2023-09-08,9184
3037,欣興,20,2,18,群益金鼎-台中,2023-09-08,9184
2880,華南金,18,1,17,群益金鼎-台中,2023-09-08,9184
3013,晟銘電,32,16,16,群益金鼎-台中,2023-09-08,9184
00932,兆豐永續高息等權,15,0,15,群益金鼎-台中,2023-09-08,9184
2634,漢翔,20,6,14,群益金鼎-台中,2023-09-08,9184
8103,瀚荃,13,0,13,群益金鼎-台中,2023-09-08,9184
1802,台玻,21,8,13,群益金鼎-台中,2023-09-08,9184
2329,華泰,36,23,13,群益金鼎-台中,2023-09-08,9184
2330,台積電,13,0,13,群益金鼎-台中,2023-09-08,9184
1101,台泥,12,0,12,群益金鼎-台中,2023-09-08,9184
00632R,元大台灣50反1,20,8,12,群益金鼎-台中,2023-09-08,9184
2408,南亞科,12,0,12,群益金鼎-台中,2023-09-08,9184
2313,華通,23,11,12,群益金鼎-台中,2023-09-08,9184
2204,中華,11,0,11,群益金鼎-台中,2023-09-08,9184
00680L,元大美債20正2,18,7,11,群益金鼎-台中,2023-09-08,9184
6188,廣明,15,4,11,群益金鼎-台中,2023-09-08,9184
2002,中鋼,10,0,10,群益金鼎-台中,2023-09-08,9184
3323,加百裕,11,1,10,群益金鼎-台中,2023-09-08,9184
3372,典範,10,0,10,群益金鼎-台中,2023-09-08,9184
00673R,期元大S＆P原油反1,10,0,10,群益金鼎-台中,2023-09-08,9184
2453,凌群,10,0,10,群益金鼎-台中,2023-09-08,9184
00665L,富邦�琤肭磪囓�2,10,0,10,群益金鼎-台中,2023-09-08,9184
6125,廣運,11,2,9,群益金鼎-台中,2023-09-08,9184
3163,波若威,22,13,9,群益金鼎-台中,2023-09-08,9184
1736,喬山,9,1,8,群益金鼎-台中,2023-09-08,9184
8930,青鋼,8,0,8,群益金鼎-台中,2023-09-08,9184
00931B,統一美債20年,19,12,7,群益金鼎-台中,2023-09-08,9184
6274,台燿,13,6,7,群益金鼎-台中,2023-09-08,9184
2382,廣達,24,17,7,群益金鼎-台中,2023-09-08,9184
2884,玉山金,7,0,7,群益金鼎-台中,2023-09-08,9184
2482,連宇,7,0,7,群益金鼎-台中,2023-09-08,9184
00878,國泰永續高股息,232,135,97,群益金鼎-台中,2023-09-11,9184
00919,群益台灣精選高息,102,20,82,群益金鼎-台中,2023-09-11,9184
2317,鴻海,65,3,62,群益金鼎-台中,2023-09-11,9184
00881,國泰台灣5G+,55,0,55,群益金鼎-台中,2023-09-11,9184
2618,長榮航,59,5,54,群益金鼎-台中,2023-09-11,9184
2888,新光金,54,2,52,群益金鼎-台中,2023-09-11,9184
00929,復華台灣科技優息,129,86,43,群益金鼎-台中,2023-09-11,9184
2449,京元電子,72,30,42,群益金鼎-台中,2023-09-11,9184
020027,元大上櫃ESG成長N,40,0,40,群益金鼎-台中,2023-09-11,9184
2891,中信金,42,8,34,群益金鼎-台中,2023-09-11,9184
1471,首利,47,14,33,群益金鼎-台中,2023-09-11,9184
3276,宇環,33,2,31,群益金鼎-台中,2023-09-11,9184
2634,漢翔,47,17,30,群益金鼎-台中,2023-09-11,9184
3576,聯合再生,32,3,29,群益金鼎-台中,2023-09-11,9184
8112,至上,32,3,29,群益金鼎-台中,2023-09-11,9184
2405,輔信,133,105,28,群益金鼎-台中,2023-09-11,9184
2363,矽統,67,39,28,群益金鼎-台中,2023-09-11,9184
3011,今皓,28,0,28,群益金鼎-台中,2023-09-11,9184
2374,佳能,31,6,25,群益金鼎-台中,2023-09-11,9184
2312,金寶,26,2,24,群益金鼎-台中,2023-09-11,9184
00772B,中信高評級公司債,23,0,23,群益金鼎-台中,2023-09-11,9184
3231,緯創,83,63,20,群益金鼎-台中,2023-09-11,9184
00687B,國泰20年美債,20,0,20,群益金鼎-台中,2023-09-11,9184
00676R,富邦臺灣加權反1,20,0,20,群益金鼎-台中,2023-09-11,9184
0056,元大高股息,20,0,20,群益金鼎-台中,2023-09-11,9184
2324,仁寶,19,0,19,群益金鼎-台中,2023-09-11,9184
3483,力致,29,11,18,群益金鼎-台中,2023-09-11,9184
4142,國光生,21,3,18,群益金鼎-台中,2023-09-11,9184
2301,光寶科,39,23,16,群益金鼎-台中,2023-09-11,9184
00680L,元大美債20正2,16,0,16,群益金鼎-台中,2023-09-11,9184
00932,兆豐永續高息等權,16,0,16,群益金鼎-台中,2023-09-11,9184
2610,華航,14,0,14,群益金鼎-台中,2023-09-11,9184
4533,協易機,20,6,14,群益金鼎-台中,2023-09-11,9184
2359,所羅門,17,3,14,群益金鼎-台中,2023-09-11,9184
2368,金像電,16,2,14,群益金鼎-台中,2023-09-11,9184
00850,元大臺灣ESG永續,14,0,14,群益金鼎-台中,2023-09-11,9184
1736,喬山,13,0,13,群益金鼎-台中,2023-09-11,9184
2330,台積電,13,0,13,群益金鼎-台中,2023-09-11,9184
00671R,富邦NASDAQ反1,12,0,12,群益金鼎-台中,2023-09-11,9184
2480,敦陽科,12,0,12,群益金鼎-台中,2023-09-11,9184
6223,旺矽,12,1,11,群益金鼎-台中,2023-09-11,9184
4938,和碩,13,2,11,群益金鼎-台中,2023-09-11,9184
2313,華通,19,8,11,群益金鼎-台中,2023-09-11,9184
5388,中磊,15,4,11,群益金鼎-台中,2023-09-11,9184
1802,台玻,14,3,11,群益金鼎-台中,2023-09-11,9184
00751B,元大AAA至A公司債,11,1,10,群益金鼎-台中,2023-09-11,9184
00753L,中信中國50正2,10,0,10,群益金鼎-台中,2023-09-11,9184
00918,大華優利高填息30,10,0,10,群益金鼎-台中,2023-09-11,9184
00853B,統一美債10年Aa-,10,0,10,群益金鼎-台中,2023-09-11,9184
2358,廷鑫,12,2,10,群益金鼎-台中,2023-09-11,9184
00929,復華台灣科技優息,154,22,132,群益金鼎-台中,2023-09-12,9184
2409,友達,62,0,62,群益金鼎-台中,2023-09-12,9184
5347,世界,56,1,55,群益金鼎-台中,2023-09-12,9184
00919,群益台灣精選高息,52,2,50,群益金鼎-台中,2023-09-12,9184
2618,長榮航,68,20,48,群益金鼎-台中,2023-09-12,9184
1722,台肥,54,6,48,群益金鼎-台中,2023-09-12,9184
00632R,元大台灣50反1,40,0,40,群益金鼎-台中,2023-09-12,9184
5425,台半,39,1,38,群益金鼎-台中,2023-09-12,9184
00676R,富邦臺灣加權反1,30,0,30,群益金鼎-台中,2023-09-12,9184
0056,元大高股息,33,5,28,群益金鼎-台中,2023-09-12,9184
2834,臺企銀,25,0,25,群益金鼎-台中,2023-09-12,9184
8086,宏捷科,24,1,23,群益金鼎-台中,2023-09-12,9184
3322,建舜電,21,0,21,群益金鼎-台中,2023-09-12,9184
00931B,統一美債20年,20,0,20,群益金鼎-台中,2023-09-12,9184
2323,中環,20,0,20,群益金鼎-台中,2023-09-12,9184
2462,良得電,21,3,18,群益金鼎-台中,2023-09-12,9184
00900,富邦特選高股息30,17,0,17,群益金鼎-台中,2023-09-12,9184
3576,聯合再生,14,0,14,群益金鼎-台中,2023-09-12,9184
00720B,元大投資級公司債,14,0,14,群益金鼎-台中,2023-09-12,9184
5381,合正,15,2,13,群益金鼎-台中,2023-09-12,9184
6806,森崴能源,11,0,11,群益金鼎-台中,2023-09-12,9184
3035,智原,39,28,11,群益金鼎-台中,2023-09-12,9184
00671R,富邦NASDAQ反1,10,0,10,群益金鼎-台中,2023-09-12,9184
1339,昭輝,11,1,10,群益金鼎-台中,2023-09-12,9184
00772B,中信高評級公司債,10,0,10,群益金鼎-台中,2023-09-12,9184
3583,辛耘,13,3,10,群益金鼎-台中,2023-09-12,9184
2497,怡利電,12,2,10,群益金鼎-台中,2023-09-12,9184
00932,兆豐永續高息等權,10,0,10,群益金鼎-台中,2023-09-12,9184
2382,廣達,44,34,10,群益金鼎-台中,2023-09-12,9184
00882,中信中國高股息,9,0,9,群益金鼎-台中,2023-09-12,9184
4564,元翎,9,0,9,群益金鼎-台中,2023-09-12,9184
5469,瀚宇博,14,5,9,群益金鼎-台中,2023-09-12,9184
6282,康舒,51,43,8,群益金鼎-台中,2023-09-12,9184
6120,達運,35,27,8,群益金鼎-台中,2023-09-12,9184
5439,高技,8,0,8,群益金鼎-台中,2023-09-12,9184
00751B,元大AAA至A公司債,8,0,8,群益金鼎-台中,2023-09-12,9184
3704,合勤控,37,30,7,群益金鼎-台中,2023-09-12,9184
6125,廣運,30,23,7,群益金鼎-台中,2023-09-12,9184
8069,元太,12,5,7,群益金鼎-台中,2023-09-12,9184
00795B,中信美國公債20年,7,0,7,群益金鼎-台中,2023-09-12,9184
3013,晟銘電,32,25,7,群益金鼎-台中,2023-09-12,9184
6235,華孚,21,14,7,群益金鼎-台中,2023-09-12,9184
2027,大成鋼,7,0,7,群益金鼎-台中,2023-09-12,9184
00687B,國泰20年美債,7,0,7,群益金鼎-台中,2023-09-12,9184
6170,統振,7,0,7,群益金鼎-台中,2023-09-12,9184
2358,廷鑫,6,0,6,群益金鼎-台中,2023-09-12,9184
2498,宏達電,6,0,6,群益金鼎-台中,2023-09-12,9184
4303,信立,6,0,6,群益金鼎-台中,2023-09-12,9184
5206,坤悅,6,0,6,群益金鼎-台中,2023-09-12,9184
3694,海華,7,1,6,群益金鼎-台中,2023-09-12,9184
00919,群益台灣精選高息,218,0,218,群益金鼎-台中,2023-09-13,9184
020020,元大台股領航N,125,0,125,群益金鼎-台中,2023-09-13,9184
00929,復華台灣科技優息,127,14,113,群益金鼎-台中,2023-09-13,9184
2409,友達,80,5,75,群益金鼎-台中,2023-09-13,9184
2505,國揚,45,0,45,群益金鼎-台中,2023-09-13,9184
1722,台肥,48,4,44,群益金鼎-台中,2023-09-13,9184
00632R,元大台灣50反1,43,0,43,群益金鼎-台中,2023-09-13,9184
5347,世界,36,0,36,群益金鼎-台中,2023-09-13,9184
2449,京元電子,46,14,32,群益金鼎-台中,2023-09-13,9184
2312,金寶,30,0,30,群益金鼎-台中,2023-09-13,9184
6285,啟��,61,31,30,群益金鼎-台中,2023-09-13,9184
00680L,元大美債20正2,28,0,28,群益金鼎-台中,2023-09-13,9184
00923,群益台ESG低碳50,26,0,26,群益金鼎-台中,2023-09-13,9184
2609,陽明,28,3,25,群益金鼎-台中,2023-09-13,9184
2851,中再保,21,0,21,群益金鼎-台中,2023-09-13,9184
3694,海華,17,1,16,群益金鼎-台中,2023-09-13,9184
3548,兆利,18,2,16,群益金鼎-台中,2023-09-13,9184
2329,華泰,49,33,16,群益金鼎-台中,2023-09-13,9184
2355,敬鵬,65,51,14,群益金鼎-台中,2023-09-13,9184
2436,偉詮電,30,16,14,群益金鼎-台中,2023-09-13,9184
8081,致新,13,0,13,群益金鼎-台中,2023-09-13,9184
2331,精英,18,5,13,群益金鼎-台中,2023-09-13,9184
4746,台耀,14,1,13,群益金鼎-台中,2023-09-13,9184
1618,合機,25,12,13,群益金鼎-台中,2023-09-13,9184
2313,華通,30,18,12,群益金鼎-台中,2023-09-13,9184
3189,景碩,11,0,11,群益金鼎-台中,2023-09-13,9184
1609,大亞,12,1,11,群益金鼎-台中,2023-09-13,9184
00932,兆豐永續高息等權,11,0,11,群益金鼎-台中,2023-09-13,9184
2353,宏��,11,0,11,群益金鼎-台中,2023-09-13,9184
00676R,富邦臺灣加權反1,10,0,10,群益金鼎-台中,2023-09-13,9184
2603,長榮,15,5,10,群益金鼎-台中,2023-09-13,9184
9934,成霖,10,0,10,群益金鼎-台中,2023-09-13,9184
2511,太子,10,0,10,群益金鼎-台中,2023-09-13,9184
5215,科嘉-KY,15,6,9,群益金鼎-台中,2023-09-13,9184
2352,佳世達,13,4,9,群益金鼎-台中,2023-09-13,9184
6284,佳邦,19,10,9,群益金鼎-台中,2023-09-13,9184
4114,健喬,8,0,8,群益金鼎-台中,2023-09-13,9184
3706,神達,8,0,8,群益金鼎-台中,2023-09-13,9184
3624,光頡,10,2,8,群益金鼎-台中,2023-09-13,9184
1718,中纖,8,0,8,群益金鼎-台中,2023-09-13,9184
3567,逸昌,17,9,8,群益金鼎-台中,2023-09-13,9184
5371,中光電,18,10,8,群益金鼎-台中,2023-09-13,9184
2402,毅嘉,10,2,8,群益金鼎-台中,2023-09-13,9184
1339,昭輝,9,1,8,群益金鼎-台中,2023-09-13,9184
9938,百和,10,2,8,群益金鼎-台中,2023-09-13,9184
6188,廣明,9,2,7,群益金鼎-台中,2023-09-13,9184
00902,中信電池及儲能,7,0,7,群益金鼎-台中,2023-09-13,9184
2405,輔信,19,12,7,群益金鼎-台中,2023-09-13,9184
6288,聯嘉,154,147,7,群益金鼎-台中,2023-09-13,9184
3005,神基,20,13,7,群益金鼎-台中,2023-09-13,9184
00929,復華台灣科技優息,374,27,347,群益金鼎-台中,2023-09-14,9184
00632R,元大台灣50反1,300,0,300,群益金鼎-台中,2023-09-14,9184
00676R,富邦臺灣加權反1,60,0,60,群益金鼎-台中,2023-09-14,9184
3024,憶聲,55,0,55,群益金鼎-台中,2023-09-14,9184
00720B,元大投資級公司債,50,0,50,群益金鼎-台中,2023-09-14,9184
2332,友訊,51,1,50,群益金鼎-台中,2023-09-14,9184
00919,群益台灣精選高息,74,25,49,群益金鼎-台中,2023-09-14,9184
5347,世界,50,2,48,群益金鼎-台中,2023-09-14,9184
2002,中鋼,48,1,47,群益金鼎-台中,2023-09-14,9184
00751B,元大AAA至A公司債,45,0,45,群益金鼎-台中,2023-09-14,9184
00795B,中信美國公債20年,45,0,45,群益金鼎-台中,2023-09-14,9184
3209,全科,44,0,44,群益金鼎-台中,2023-09-14,9184
00642U,期元大S＆P石油,40,0,40,群益金鼎-台中,2023-09-14,9184
4532,瑞智,30,0,30,群益金鼎-台中,2023-09-14,9184
9938,百和,25,0,25,群益金鼎-台中,2023-09-14,9184
2371,大同,30,7,23,群益金鼎-台中,2023-09-14,9184
00671R,富邦NASDAQ反1,20,0,20,群益金鼎-台中,2023-09-14,9184
00740B,富邦全球投等債,20,0,20,群益金鼎-台中,2023-09-14,9184
00664R,國泰臺灣加權反1,20,0,20,群益金鼎-台中,2023-09-14,9184
3380,明泰,25,8,17,群益金鼎-台中,2023-09-14,9184
8076,伍豐,18,2,16,群益金鼎-台中,2023-09-14,9184
6125,廣運,29,13,16,群益金鼎-台中,2023-09-14,9184
5206,坤悅,15,0,15,群益金鼎-台中,2023-09-14,9184
2486,一詮,65,52,13,群益金鼎-台中,2023-09-14,9184
3583,辛耘,13,0,13,群益金鼎-台中,2023-09-14,9184
2376,技嘉,32,20,12,群益金鼎-台中,2023-09-14,9184
2337,旺宏,15,3,12,群益金鼎-台中,2023-09-14,9184
8112,至上,18,6,12,群益金鼎-台中,2023-09-14,9184
00885,富邦越南,11,0,11,群益金鼎-台中,2023-09-14,9184
2610,華航,11,0,11,群益金鼎-台中,2023-09-14,9184
6217,中探針,18,7,11,群益金鼎-台中,2023-09-14,9184
4114,健喬,11,0,11,群益金鼎-台中,2023-09-14,9184
4979,華星光,35,24,11,群益金鼎-台中,2023-09-14,9184
8240,華宏,13,3,10,群益金鼎-台中,2023-09-14,9184
00665L,富邦�琤肭磪囓�2,10,0,10,群益金鼎-台中,2023-09-14,9184
2634,漢翔,15,5,10,群益金鼎-台中,2023-09-14,9184
00680L,元大美債20正2,10,0,10,群益金鼎-台中,2023-09-14,9184
3624,光頡,10,0,10,群益金鼎-台中,2023-09-14,9184
4915,致伸,23,13,10,群益金鼎-台中,2023-09-14,9184
6288,聯嘉,15,5,10,群益金鼎-台中,2023-09-14,9184
3006,晶豪科,16,6,10,群益金鼎-台中,2023-09-14,9184
6770,力積電,10,1,9,群益金鼎-台中,2023-09-14,9184
8086,宏捷科,9,0,9,群益金鼎-台中,2023-09-14,9184
2413,環科,9,0,9,群益金鼎-台中,2023-09-14,9184
6266,泰詠,10,1,9,群益金鼎-台中,2023-09-14,9184
1308,亞聚,12,4,8,群益金鼎-台中,2023-09-14,9184
4746,台耀,10,2,8,群益金鼎-台中,2023-09-14,9184
2913,農林,8,0,8,群益金鼎-台中,2023-09-14,9184
3234,光環,10,2,8,群益金鼎-台中,2023-09-14,9184
1568,倉佑,38,30,8,群益金鼎-台中,2023-09-14,9184
00929,復華台灣科技優息,273,24,249,群益金鼎-台中,2023-09-15,9184
00632R,元大台灣50反1,130,0,130,群益金鼎-台中,2023-09-15,9184
00687B,國泰20年美債,77,0,77,群益金鼎-台中,2023-09-15,9184
00919,群益台灣精選高息,121,48,73,群益金鼎-台中,2023-09-15,9184
6223,旺矽,55,4,51,群益金鼎-台中,2023-09-15,9184
5521,工信,46,0,46,群益金鼎-台中,2023-09-15,9184
2610,華航,39,0,39,群益金鼎-台中,2023-09-15,9184
00918,大華優利高填息30,32,0,32,群益金鼎-台中,2023-09-15,9184
6285,啟��,32,2,30,群益金鼎-台中,2023-09-15,9184
2425,承啟,29,0,29,群益金鼎-台中,2023-09-15,9184
2317,鴻海,29,1,28,群益金鼎-台中,2023-09-15,9184
6282,康舒,27,0,27,群益金鼎-台中,2023-09-15,9184
1528,恩德,27,0,27,群益金鼎-台中,2023-09-15,9184
2634,漢翔,31,5,26,群益金鼎-台中,2023-09-15,9184
1215,卜蜂,29,5,24,群益金鼎-台中,2023-09-15,9184
00931B,統一美債20年,25,2,23,群益金鼎-台中,2023-09-15,9184
00680L,元大美債20正2,22,0,22,群益金鼎-台中,2023-09-15,9184
3231,緯創,44,24,20,群益金鼎-台中,2023-09-15,9184
2002,中鋼,20,0,20,群益金鼎-台中,2023-09-15,9184
3032,偉訓,28,8,20,群益金鼎-台中,2023-09-15,9184
3588,通嘉,26,6,20,群益金鼎-台中,2023-09-15,9184
8277,商丞,20,0,20,群益金鼎-台中,2023-09-15,9184
2303,聯電,20,0,20,群益金鼎-台中,2023-09-15,9184
1319,東陽,28,9,19,群益金鼎-台中,2023-09-15,9184
1504,東元,18,0,18,群益金鼎-台中,2023-09-15,9184
3035,智原,60,43,17,群益金鼎-台中,2023-09-15,9184
00725B,國泰投資級公司債,34,17,17,群益金鼎-台中,2023-09-15,9184
2637,慧洋-KY,31,16,15,群益金鼎-台中,2023-09-15,9184
00932,兆豐永續高息等權,16,1,15,群益金鼎-台中,2023-09-15,9184
2485,兆赫,19,5,14,群益金鼎-台中,2023-09-15,9184
2606,裕民,19,5,14,群益金鼎-台中,2023-09-15,9184
4906,正文,15,2,13,群益金鼎-台中,2023-09-15,9184
4915,致伸,27,14,13,群益金鼎-台中,2023-09-15,9184
5483,中美晶,12,1,11,群益金鼎-台中,2023-09-15,9184
3363,上詮,85,74,11,群益金鼎-台中,2023-09-15,9184
1301,台塑,11,0,11,群益金鼎-台中,2023-09-15,9184
1524,耿鼎,15,4,11,群益金鼎-台中,2023-09-15,9184
3702,大聯大,16,5,11,群益金鼎-台中,2023-09-15,9184
3406,玉晶光,11,0,11,群益金鼎-台中,2023-09-15,9184
2376,技嘉,15,5,10,群益金鼎-台中,2023-09-15,9184
00676R,富邦臺灣加權反1,10,0,10,群益金鼎-台中,2023-09-15,9184
3483,力致,13,3,10,群益金鼎-台中,2023-09-15,9184
8034,榮群,26,16,10,群益金鼎-台中,2023-09-15,9184
00669R,國泰美國道瓊反1,10,0,10,群益金鼎-台中,2023-09-15,9184
2498,宏達電,10,0,10,群益金鼎-台中,2023-09-15,9184
3025,星通,10,0,10,群益金鼎-台中,2023-09-15,9184
00673R,期元大S＆P原油反1,10,0,10,群益金鼎-台中,2023-09-15,9184
4529,淳紳,10,0,10,群益金鼎-台中,2023-09-15,9184
3630,新鉅科,15,5,10,群益金鼎-台中,2023-09-15,9184
6416,瑞祺電通,10,0,10,群益金鼎-台中,2023-09-15,9184
00919,群益台灣精選高息,131,32,99,群益金鼎-台中,2023-09-18,9184
00795B,中信美國公債20年,115,30,85,群益金鼎-台中,2023-09-18,9184
00929,復華台灣科技優息,255,171,84,群益金鼎-台中,2023-09-18,9184
3231,緯創,61,11,50,群益金鼎-台中,2023-09-18,9184
2834,臺企銀,43,0,43,群益金鼎-台中,2023-09-18,9184
00720B,元大投資級公司債,73,31,42,群益金鼎-台中,2023-09-18,9184
2363,矽統,91,52,39,群益金鼎-台中,2023-09-18,9184
3702,大聯大,33,0,33,群益金鼎-台中,2023-09-18,9184
8054,安國,43,12,31,群益金鼎-台中,2023-09-18,9184
3630,新鉅科,30,1,29,群益金鼎-台中,2023-09-18,9184
00878,國泰永續高股息,34,7,27,群益金鼎-台中,2023-09-18,9184
00680L,元大美債20正2,24,0,24,群益金鼎-台中,2023-09-18,9184
00751B,元大AAA至A公司債,54,30,24,群益金鼎-台中,2023-09-18,9184
2344,華邦電,27,5,22,群益金鼎-台中,2023-09-18,9184
0056,元大高股息,21,0,21,群益金鼎-台中,2023-09-18,9184
00665L,富邦�琤肭磪囓�2,21,0,21,群益金鼎-台中,2023-09-18,9184
2332,友訊,21,0,21,群益金鼎-台中,2023-09-18,9184
00915,凱基優選高股息30,21,1,20,群益金鼎-台中,2023-09-18,9184
4142,國光生,20,0,20,群益金鼎-台中,2023-09-18,9184
2031,新光鋼,20,0,20,群益金鼎-台中,2023-09-18,9184
2312,金寶,21,1,20,群益金鼎-台中,2023-09-18,9184
5347,世界,20,0,20,群益金鼎-台中,2023-09-18,9184
00931B,統一美債20年,19,0,19,群益金鼎-台中,2023-09-18,9184
2331,精英,20,1,19,群益金鼎-台中,2023-09-18,9184
2330,台積電,18,0,18,群益金鼎-台中,2023-09-18,9184
5432,新門,16,0,16,群益金鼎-台中,2023-09-18,9184
00885,富邦越南,14,0,14,群益金鼎-台中,2023-09-18,9184
00830,國泰費城半導體,14,0,14,群益金鼎-台中,2023-09-18,9184
00673R,期元大S＆P原油反1,14,0,14,群益金鼎-台中,2023-09-18,9184
3036,文曄,14,0,14,群益金鼎-台中,2023-09-18,9184
2002,中鋼,16,3,13,群益金鼎-台中,2023-09-18,9184
3078,僑威,13,0,13,群益金鼎-台中,2023-09-18,9184
3017,奇鋐,19,7,12,群益金鼎-台中,2023-09-18,9184
2382,廣達,33,21,12,群益金鼎-台中,2023-09-18,9184
2609,陽明,16,5,11,群益金鼎-台中,2023-09-18,9184
4909,新復興,11,0,11,群益金鼎-台中,2023-09-18,9184
00740B,富邦全球投等債,10,0,10,群益金鼎-台中,2023-09-18,9184
3264,欣銓,15,5,10,群益金鼎-台中,2023-09-18,9184
5381,合正,25,15,10,群益金鼎-台中,2023-09-18,9184
2301,光寶科,45,35,10,群益金鼎-台中,2023-09-18,9184
4746,台耀,11,1,10,群益金鼎-台中,2023-09-18,9184
6426,統新,10,0,10,群益金鼎-台中,2023-09-18,9184
6167,久正,10,0,10,群益金鼎-台中,2023-09-18,9184
8104,錸寶,10,0,10,群益金鼎-台中,2023-09-18,9184
2421,建準,12,2,10,群益金鼎-台中,2023-09-18,9184
6125,廣運,9,0,9,群益金鼎-台中,2023-09-18,9184
2356,英業達,12,3,9,群益金鼎-台中,2023-09-18,9184
8277,商丞,9,0,9,群益金鼎-台中,2023-09-18,9184
2882,國泰金,9,0,9,群益金鼎-台中,2023-09-18,9184
3013,晟銘電,13,4,9,群益金鼎-台中,2023-09-18,9184
00919,群益台灣精選高息,141,18,123,群益金鼎-台中,2023-09-19,9184
6167,久正,85,15,70,群益金鼎-台中,2023-09-19,9184
00929,復華台灣科技優息,148,95,53,群益金鼎-台中,2023-09-19,9184
6901,鑽石投資,54,3,51,群益金鼎-台中,2023-09-19,9184
3036,文曄,97,47,50,群益金鼎-台中,2023-09-19,9184
2449,京元電子,77,28,49,群益金鼎-台中,2023-09-19,9184
1722,台肥,48,0,48,群益金鼎-台中,2023-09-19,9184
2618,長榮航,50,6,44,群益金鼎-台中,2023-09-19,9184
2838,聯邦銀,32,0,32,群益金鼎-台中,2023-09-19,9184
00878,國泰永續高股息,28,0,28,群益金鼎-台中,2023-09-19,9184
00671R,富邦NASDAQ反1,28,0,28,群益金鼎-台中,2023-09-19,9184
00921,兆豐龍頭等權重,22,0,22,群益金鼎-台中,2023-09-19,9184
2851,中再保,21,0,21,群益金鼎-台中,2023-09-19,9184
2330,台積電,20,0,20,群益金鼎-台中,2023-09-19,9184
1314,中石化,20,0,20,群益金鼎-台中,2023-09-19,9184
4532,瑞智,20,0,20,群益金鼎-台中,2023-09-19,9184
2421,建準,22,2,20,群益金鼎-台中,2023-09-19,9184
1215,卜蜂,19,0,19,群益金鼎-台中,2023-09-19,9184
2634,漢翔,27,9,18,群益金鼎-台中,2023-09-19,9184
2312,金寶,20,3,17,群益金鼎-台中,2023-09-19,9184
00888,永豐台灣ESG,16,0,16,群益金鼎-台中,2023-09-19,9184
2363,矽統,49,33,16,群益金鼎-台中,2023-09-19,9184
3481,群創,15,0,15,群益金鼎-台中,2023-09-19,9184
1471,首利,15,1,14,群益金鼎-台中,2023-09-19,9184
5347,世界,14,0,14,群益金鼎-台中,2023-09-19,9184
5285,界霖,14,0,14,群益金鼎-台中,2023-09-19,9184
2436,偉詮電,15,2,13,群益金鼎-台中,2023-09-19,9184
00915,凱基優選高股息30,12,0,12,群益金鼎-台中,2023-09-19,9184
3380,明泰,12,0,12,群益金鼎-台中,2023-09-19,9184
2425,承啟,15,3,12,群益金鼎-台中,2023-09-19,9184
4533,協易機,17,6,11,群益金鼎-台中,2023-09-19,9184
2610,華航,13,2,11,群益金鼎-台中,2023-09-19,9184
2887,台新金,11,0,11,群益金鼎-台中,2023-09-19,9184
3025,星通,16,5,11,群益金鼎-台中,2023-09-19,9184
2353,宏��,37,26,11,群益金鼎-台中,2023-09-19,9184
1815,富喬,31,21,10,群益金鼎-台中,2023-09-19,9184
00900,富邦特選高股息30,20,10,10,群益金鼎-台中,2023-09-19,9184
2201,裕隆,11,1,10,群益金鼎-台中,2023-09-19,9184
2485,兆赫,18,8,10,群益金鼎-台中,2023-09-19,9184
4979,華星光,47,37,10,群益金鼎-台中,2023-09-19,9184
2342,茂矽,10,0,10,群益金鼎-台中,2023-09-19,9184
3323,加百裕,10,0,10,群益金鼎-台中,2023-09-19,9184
3013,晟銘電,16,6,10,群益金鼎-台中,2023-09-19,9184
4142,國光生,10,0,10,群益金鼎-台中,2023-09-19,9184
6218,豪勉,10,0,10,群益金鼎-台中,2023-09-19,9184
3044,健鼎,20,11,9,群益金鼎-台中,2023-09-19,9184
4129,聯合,9,0,9,群益金鼎-台中,2023-09-19,9184
1524,耿鼎,16,7,9,群益金鼎-台中,2023-09-19,9184
3231,緯創,56,48,8,群益金鼎-台中,2023-09-19,9184
1584,精剛,8,0,8,群益金鼎-台中,2023-09-19,9184
1722,台肥,96,5,91,群益金鼎-台中,2023-09-20,9184
00919,群益台灣精選高息,84,7,77,群益金鼎-台中,2023-09-20,9184
00915,凱基優選高股息30,51,0,51,群益金鼎-台中,2023-09-20,9184
1605,華新,64,16,48,群益金鼎-台中,2023-09-20,9184
020027,元大上櫃ESG成長N,40,0,40,群益金鼎-台中,2023-09-20,9184
6257,矽格,42,4,38,群益金鼎-台中,2023-09-20,9184
00673R,期元大S＆P原油反1,31,0,31,群益金鼎-台中,2023-09-20,9184
2618,長榮航,32,1,31,群益金鼎-台中,2023-09-20,9184
2317,鴻海,29,0,29,群益金鼎-台中,2023-09-20,9184
2449,京元電子,119,95,24,群益金鼎-台中,2023-09-20,9184
00900,富邦特選高股息30,25,2,23,群益金鼎-台中,2023-09-20,9184
5347,世界,22,0,22,群益金鼎-台中,2023-09-20,9184
3265,台星科,65,45,20,群益金鼎-台中,2023-09-20,9184
00680L,元大美債20正2,20,0,20,群益金鼎-台中,2023-09-20,9184
00642U,期元大S＆P石油,20,1,19,群益金鼎-台中,2023-09-20,9184
2316,楠梓電,20,1,19,群益金鼎-台中,2023-09-20,9184
3037,欣興,27,8,19,群益金鼎-台中,2023-09-20,9184
2352,佳世達,18,0,18,群益金鼎-台中,2023-09-20,9184
6901,鑽石投資,22,6,16,群益金鼎-台中,2023-09-20,9184
6147,頎邦,18,2,16,群益金鼎-台中,2023-09-20,9184
2354,鴻準,19,3,16,群益金鼎-台中,2023-09-20,9184
2883,凱基金,16,0,16,群益金鼎-台中,2023-09-20,9184
4979,華星光,33,17,16,群益金鼎-台中,2023-09-20,9184
6120,達運,15,0,15,群益金鼎-台中,2023-09-20,9184
2461,光群雷,15,0,15,群益金鼎-台中,2023-09-20,9184
1101,台泥,14,0,14,群益金鼎-台中,2023-09-20,9184
00932,兆豐永續高息等權,13,0,13,群益金鼎-台中,2023-09-20,9184
1319,東陽,19,6,13,群益金鼎-台中,2023-09-20,9184
2330,台積電,15,3,12,群益金鼎-台中,2023-09-20,9184
2353,宏��,20,8,12,群益金鼎-台中,2023-09-20,9184
4142,國光生,16,4,12,群益金鼎-台中,2023-09-20,9184
4909,新復興,10,0,10,群益金鼎-台中,2023-09-20,9184
2485,兆赫,15,5,10,群益金鼎-台中,2023-09-20,9184
1584,精剛,69,59,10,群益金鼎-台中,2023-09-20,9184
2412,中華電,10,0,10,群益金鼎-台中,2023-09-20,9184
5469,瀚宇博,11,1,10,群益金鼎-台中,2023-09-20,9184
9904,寶成,10,0,10,群益金鼎-台中,2023-09-20,9184
8234,新漢,10,0,10,群益金鼎-台中,2023-09-20,9184
2377,微星,15,5,10,群益金鼎-台中,2023-09-20,9184
4114,健喬,9,0,9,群益金鼎-台中,2023-09-20,9184
1513,中興電,12,4,8,群益金鼎-台中,2023-09-20,9184
2344,華邦電,15,7,8,群益金鼎-台中,2023-09-20,9184
8467,波力-KY,8,0,8,群益金鼎-台中,2023-09-20,9184
1789,神隆,8,0,8,群益金鼎-台中,2023-09-20,9184
1609,大亞,8,0,8,群益金鼎-台中,2023-09-20,9184
1802,台玻,13,6,7,群益金鼎-台中,2023-09-20,9184
00687B,國泰20年美債,8,1,7,群益金鼎-台中,2023-09-20,9184
4581,光隆精密-KY,7,0,7,群益金鼎-台中,2023-09-20,9184
3481,群創,32,26,6,群益金鼎-台中,2023-09-20,9184
3231,緯創,43,37,6,群益金鼎-台中,2023-09-20,9184
020027,元大上櫃ESG成長N,80,0,80,群益金鼎-台中,2023-09-21,9184
00929,復華台灣科技優息,175,103,72,群益金鼎-台中,2023-09-21,9184
00753L,中信中國50正2,61,0,61,群益金鼎-台中,2023-09-21,9184
00919,群益台灣精選高息,87,30,57,群益金鼎-台中,2023-09-21,9184
3450,聯鈞,77,30,47,群益金鼎-台中,2023-09-21,9184
3615,安可,40,0,40,群益金鼎-台中,2023-09-21,9184
2365,昆盈,41,1,40,群益金鼎-台中,2023-09-21,9184
00882,中信中國高股息,31,0,31,群益金鼎-台中,2023-09-21,9184
2547,日勝生,30,0,30,群益金鼎-台中,2023-09-21,9184
1101,台泥,27,0,27,群益金鼎-台中,2023-09-21,9184
00923,群益台ESG低碳50,26,2,24,群益金鼎-台中,2023-09-21,9184
2330,台積電,24,0,24,群益金鼎-台中,2023-09-21,9184
2317,鴻海,21,0,21,群益金鼎-台中,2023-09-21,9184
6285,啟��,47,27,20,群益金鼎-台中,2023-09-21,9184
00671R,富邦NASDAQ反1,30,11,19,群益金鼎-台中,2023-09-21,9184
3045,台灣大,18,0,18,群益金鼎-台中,2023-09-21,9184
00673R,期元大S＆P原油反1,20,2,18,群益金鼎-台中,2023-09-21,9184
9904,寶成,28,10,18,群益金鼎-台中,2023-09-21,9184
2610,華航,19,2,17,群益金鼎-台中,2023-09-21,9184
1402,遠東新,20,4,16,群益金鼎-台中,2023-09-21,9184
6257,矽格,15,0,15,群益金鼎-台中,2023-09-21,9184
0050,元大台灣50,19,5,14,群益金鼎-台中,2023-09-21,9184
00652,富邦印度,13,0,13,群益金鼎-台中,2023-09-21,9184
2634,漢翔,16,4,12,群益金鼎-台中,2023-09-21,9184
0056,元大高股息,16,4,12,群益金鼎-台中,2023-09-21,9184
2882,國泰金,11,0,11,群益金鼎-台中,2023-09-21,9184
006208,富邦台50,11,0,11,群益金鼎-台中,2023-09-21,9184
2618,長榮航,17,6,11,群益金鼎-台中,2023-09-21,9184
2612,中航,17,6,11,群益金鼎-台中,2023-09-21,9184
3035,智原,49,38,11,群益金鼎-台中,2023-09-21,9184
2353,宏��,20,9,11,群益金鼎-台中,2023-09-21,9184
2851,中再保,10,0,10,群益金鼎-台中,2023-09-21,9184
2002,中鋼,14,4,10,群益金鼎-台中,2023-09-21,9184
3548,兆利,11,1,10,群益金鼎-台中,2023-09-21,9184
2031,新光鋼,10,0,10,群益金鼎-台中,2023-09-21,9184
3092,鴻碩,10,0,10,群益金鼎-台中,2023-09-21,9184
2834,臺企銀,10,0,10,群益金鼎-台中,2023-09-21,9184
6284,佳邦,10,0,10,群益金鼎-台中,2023-09-21,9184
00679B,元大美債20年,9,0,9,群益金鼎-台中,2023-09-21,9184
2881,富邦金,11,2,9,群益金鼎-台中,2023-09-21,9184
4114,健喬,10,1,9,群益金鼎-台中,2023-09-21,9184
8054,安國,9,0,9,群益金鼎-台中,2023-09-21,9184
1722,台肥,106,97,9,群益金鼎-台中,2023-09-21,9184
3715,定穎投控,39,31,8,群益金鼎-台中,2023-09-21,9184
00850,元大臺灣ESG永續,8,0,8,群益金鼎-台中,2023-09-21,9184
2615,萬海,10,2,8,群益金鼎-台中,2023-09-21,9184
00922,國泰台灣領袖50,8,0,8,群益金鼎-台中,2023-09-21,9184
5880,合庫金,8,1,7,群益金鼎-台中,2023-09-21,9184
00881,國泰台灣5G+,10,3,7,群益金鼎-台中,2023-09-21,9184
2887,台新金,7,0,7,群益金鼎-台中,2023-09-21,9184
00664R,國泰臺灣加權反1,301,0,301,群益金鼎-台中,2023-09-22,9184
2801,彰銀,201,0,201,群益金鼎-台中,2023-09-22,9184
00642U,期元大S＆P石油,100,0,100,群益金鼎-台中,2023-09-22,9184
00919,群益台灣精選高息,59,10,49,群益金鼎-台中,2023-09-22,9184
00687B,國泰20年美債,47,0,47,群益金鼎-台中,2023-09-22,9184
00931B,統一美債20年,42,0,42,群益金鼎-台中,2023-09-22,9184
00795B,中信美國公債20年,53,11,42,群益金鼎-台中,2023-09-22,9184
00679B,元大美債20年,50,10,40,群益金鼎-台中,2023-09-22,9184
1324,地球,36,2,34,群益金鼎-台中,2023-09-22,9184
00929,復華台灣科技優息,81,50,31,群益金鼎-台中,2023-09-22,9184
00632R,元大台灣50反1,350,320,30,群益金鼎-台中,2023-09-22,9184
00878,國泰永續高股息,87,59,28,群益金鼎-台中,2023-09-22,9184
00680L,元大美債20正2,25,0,25,群益金鼎-台中,2023-09-22,9184
5381,合正,22,0,22,群益金鼎-台中,2023-09-22,9184
2606,裕民,22,1,21,群益金鼎-台中,2023-09-22,9184
00885,富邦越南,21,0,21,群益金鼎-台中,2023-09-22,9184
2421,建準,32,12,20,群益金鼎-台中,2023-09-22,9184
1444,力麗,38,18,20,群益金鼎-台中,2023-09-22,9184
6167,久正,20,0,20,群益金鼎-台中,2023-09-22,9184
5347,世界,17,0,17,群益金鼎-台中,2023-09-22,9184
00712,復華富時不動產,24,7,17,群益金鼎-台中,2023-09-22,9184
00772B,中信高評級公司債,16,0,16,群益金鼎-台中,2023-09-22,9184
00720B,元大投資級公司債,15,0,15,群益金鼎-台中,2023-09-22,9184
1101,台泥,15,0,15,群益金鼎-台中,2023-09-22,9184
3694,海華,16,1,15,群益金鼎-台中,2023-09-22,9184
4909,新復興,14,0,14,群益金鼎-台中,2023-09-22,9184
6285,啟��,30,17,13,群益金鼎-台中,2023-09-22,9184
2330,台積電,18,5,13,群益金鼎-台中,2023-09-22,9184
3062,建漢,12,0,12,群益金鼎-台中,2023-09-22,9184
2317,鴻海,12,0,12,群益金鼎-台中,2023-09-22,9184
3051,力特,29,17,12,群益金鼎-台中,2023-09-22,9184
3010,華立,12,0,12,群益金鼎-台中,2023-09-22,9184
2612,中航,12,0,12,群益金鼎-台中,2023-09-22,9184
3588,通嘉,12,1,11,群益金鼎-台中,2023-09-22,9184
1584,精剛,16,5,11,群益金鼎-台中,2023-09-22,9184
6901,鑽石投資,15,4,11,群益金鼎-台中,2023-09-22,9184
2354,鴻準,11,1,10,群益金鼎-台中,2023-09-22,9184
2427,三商電,10,0,10,群益金鼎-台中,2023-09-22,9184
00888,永豐台灣ESG,9,0,9,群益金鼎-台中,2023-09-22,9184
00751B,元大AAA至A公司債,9,0,9,群益金鼎-台中,2023-09-22,9184
5608,四維航,12,3,9,群益金鼎-台中,2023-09-22,9184
00714,群益道瓊美國地產,9,0,9,群益金鼎-台中,2023-09-22,9184
00631L,元大台灣50正2,8,0,8,群益金鼎-台中,2023-09-22,9184
6485,點序,32,25,7,群益金鼎-台中,2023-09-22,9184
2356,英業達,32,25,7,群益金鼎-台中,2023-09-22,9184
2834,臺企銀,7,0,7,群益金鼎-台中,2023-09-22,9184
2313,華通,42,35,7,群益金鼎-台中,2023-09-22,9184
00830,國泰費城半導體,7,0,7,群益金鼎-台中,2023-09-22,9184
2603,長榮,10,3,7,群益金鼎-台中,2023-09-22,9184
2881,富邦金,6,0,6,群益金鼎-台中,2023-09-22,9184
00632R,元大台灣50反1,114,0,114,群益金鼎-台中,2023-09-25,9184
00919,群益台灣精選高息,52,3,49,群益金鼎-台中,2023-09-25,9184
2618,長榮航,95,49,46,群益金鼎-台中,2023-09-25,9184
00751B,元大AAA至A公司債,45,2,43,群益金鼎-台中,2023-09-25,9184
2363,矽統,81,50,31,群益金鼎-台中,2023-09-25,9184
1101,台泥,31,0,31,群益金鼎-台中,2023-09-25,9184
00795B,中信美國公債20年,40,10,30,群益金鼎-台中,2023-09-25,9184
3706,神達,63,35,28,群益金鼎-台中,2023-09-25,9184
00687B,國泰20年美債,25,0,25,群益金鼎-台中,2023-09-25,9184
3443,創意,27,3,24,群益金鼎-台中,2023-09-25,9184
1319,東陽,21,1,20,群益金鼎-台中,2023-09-25,9184
2324,仁寶,18,0,18,群益金鼎-台中,2023-09-25,9184
00679B,元大美債20年,18,0,18,群益金鼎-台中,2023-09-25,9184
6405,悅城,17,0,17,群益金鼎-台中,2023-09-25,9184
00929,復華台灣科技優息,41,25,16,群益金鼎-台中,2023-09-25,9184
6220,岳豐,14,0,14,群益金鼎-台中,2023-09-25,9184
1605,華新,15,1,14,群益金鼎-台中,2023-09-25,9184
2365,昆盈,14,1,13,群益金鼎-台中,2023-09-25,9184
1471,首利,13,0,13,群益金鼎-台中,2023-09-25,9184
2845,遠東銀,13,0,13,群益金鼎-台中,2023-09-25,9184
2344,華邦電,18,5,13,群益金鼎-台中,2023-09-25,9184
2206,三陽工業,18,6,12,群益金鼎-台中,2023-09-25,9184
3491,昇達科,13,2,11,群益金鼎-台中,2023-09-25,9184
00885,富邦越南,11,0,11,群益金鼎-台中,2023-09-25,9184
1809,中釉,11,0,11,群益金鼎-台中,2023-09-25,9184
1717,長興,11,0,11,群益金鼎-台中,2023-09-25,9184
00720B,元大投資級公司債,10,0,10,群益金鼎-台中,2023-09-25,9184
2851,中再保,10,0,10,群益金鼎-台中,2023-09-25,9184
8028,昇陽半導體,10,0,10,群益金鼎-台中,2023-09-25,9184
3450,聯鈞,72,62,10,群益金鼎-台中,2023-09-25,9184
3481,群創,10,0,10,群益金鼎-台中,2023-09-25,9184
2461,光群雷,10,0,10,群益金鼎-台中,2023-09-25,9184
2031,新光鋼,10,0,10,群益金鼎-台中,2023-09-25,9184
6182,合晶,14,5,9,群益金鼎-台中,2023-09-25,9184
3163,波若威,29,20,9,群益金鼎-台中,2023-09-25,9184
2605,新興,8,0,8,群益金鼎-台中,2023-09-25,9184
00712,復華富時不動產,7,0,7,群益金鼎-台中,2023-09-25,9184
6147,頎邦,7,0,7,群益金鼎-台中,2023-09-25,9184
8112,至上,10,3,7,群益金鼎-台中,2023-09-25,9184
4908,前鼎,38,31,7,群益金鼎-台中,2023-09-25,9184
8054,安國,7,0,7,群益金鼎-台中,2023-09-25,9184
3715,定穎投控,138,131,7,群益金鼎-台中,2023-09-25,9184
6191,精成科,6,0,6,群益金鼎-台中,2023-09-25,9184
6770,力積電,6,0,6,群益金鼎-台中,2023-09-25,9184
6517,保勝光學,6,0,6,群益金鼎-台中,2023-09-25,9184
1409,新纖,6,0,6,群益金鼎-台中,2023-09-25,9184
3363,上詮,136,130,6,群益金鼎-台中,2023-09-25,9184
3276,宇環,6,0,6,群益金鼎-台中,2023-09-25,9184
00713,元大台灣高息低波,5,0,5,群益金鼎-台中,2023-09-25,9184
2449,京元電子,12,7,5,群益金鼎-台中,2023-09-25,9184
3481,群創,76,0,76,群益金鼎-台中,2023-09-26,9184
5324,士開,70,0,70,群益金鼎-台中,2023-09-26,9184
1722,台肥,70,0,70,群益金鼎-台中,2023-09-26,9184
5465,富驊,75,24,51,群益金鼎-台中,2023-09-26,9184
00929,復華台灣科技優息,75,26,49,群益金鼎-台中,2023-09-26,9184
00919,群益台灣精選高息,57,11,46,群益金鼎-台中,2023-09-26,9184
2392,正崴,42,0,42,群益金鼎-台中,2023-09-26,9184
00679B,元大美債20年,37,0,37,群益金鼎-台中,2023-09-26,9184
00931B,統一美債20年,34,1,33,群益金鼎-台中,2023-09-26,9184
00696B,富邦美債20年,31,0,31,群益金鼎-台中,2023-09-26,9184
6531,愛普*,42,15,27,群益金鼎-台中,2023-09-26,9184
2412,中華電,26,0,26,群益金鼎-台中,2023-09-26,9184
00671R,富邦NASDAQ反1,20,0,20,群益金鼎-台中,2023-09-26,9184
2303,聯電,15,0,15,群益金鼎-台中,2023-09-26,9184
3450,聯鈞,33,18,15,群益金鼎-台中,2023-09-26,9184
00680L,元大美債20正2,44,29,15,群益金鼎-台中,2023-09-26,9184
00655L,國泰中國A50正2,15,0,15,群益金鼎-台中,2023-09-26,9184
8401,白紗科,16,1,15,群益金鼎-台中,2023-09-26,9184
00712,復華富時不動產,13,0,13,群益金鼎-台中,2023-09-26,9184
2002,中鋼,14,1,13,群益金鼎-台中,2023-09-26,9184
00923,群益台ESG低碳50,13,0,13,群益金鼎-台中,2023-09-26,9184
6223,旺矽,18,5,13,群益金鼎-台中,2023-09-26,9184
2388,威盛,37,25,12,群益金鼎-台中,2023-09-26,9184
00888,永豐台灣ESG,11,0,11,群益金鼎-台中,2023-09-26,9184
00673R,期元大S＆P原油反1,10,0,10,群益金鼎-台中,2023-09-26,9184
1569,濱川,10,0,10,群益金鼎-台中,2023-09-26,9184
1313,聯成,10,0,10,群益金鼎-台中,2023-09-26,9184
00907,永豐優息存股,10,0,10,群益金鼎-台中,2023-09-26,9184
00665L,富邦�琤肭磪囓�2,10,0,10,群益金鼎-台中,2023-09-26,9184
8996,高力,13,3,10,群益金鼎-台中,2023-09-26,9184
9938,百和,10,0,10,群益金鼎-台中,2023-09-26,9184
2329,華泰,22,12,10,群益金鼎-台中,2023-09-26,9184
2542,興富發,10,1,9,群益金鼎-台中,2023-09-26,9184
5880,合庫金,9,0,9,群益金鼎-台中,2023-09-26,9184
2330,台積電,11,2,9,群益金鼎-台中,2023-09-26,9184
6274,台燿,30,21,9,群益金鼎-台中,2023-09-26,9184
8068,全達,9,0,9,群益金鼎-台中,2023-09-26,9184
6122,擎邦,15,6,9,群益金鼎-台中,2023-09-26,9184
2449,京元電子,11,2,9,群益金鼎-台中,2023-09-26,9184
8069,元太,9,0,9,群益金鼎-台中,2023-09-26,9184
3024,憶聲,9,0,9,群益金鼎-台中,2023-09-26,9184
2610,華航,9,0,9,群益金鼎-台中,2023-09-26,9184
00713,元大台灣高息低波,8,0,8,群益金鼎-台中,2023-09-26,9184
8358,金居,10,2,8,群益金鼎-台中,2023-09-26,9184
4919,新唐,8,0,8,群益金鼎-台中,2023-09-26,9184
6605,帝寶,9,1,8,群益金鼎-台中,2023-09-26,9184
2634,漢翔,9,1,8,群益金鼎-台中,2023-09-26,9184
5351,鈺創,9,1,8,群益金鼎-台中,2023-09-26,9184
2881,富邦金,7,0,7,群益金鼎-台中,2023-09-26,9184
0056,元大高股息,7,0,7,群益金鼎-台中,2023-09-26,9184
00929,復華台灣科技優息,108,2,106,群益金鼎-台中,2023-09-27,9184
1618,合機,89,44,45,群益金鼎-台中,2023-09-27,9184
3264,欣銓,45,3,42,群益金鼎-台中,2023-09-27,9184
020027,元大上櫃ESG成長N,40,0,40,群益金鼎-台中,2023-09-27,9184
00687B,國泰20年美債,30,0,30,群益金鼎-台中,2023-09-27,9184
00919,群益台灣精選高息,26,3,23,群益金鼎-台中,2023-09-27,9184
00751B,元大AAA至A公司債,23,0,23,群益金鼎-台中,2023-09-27,9184
00720B,元大投資級公司債,21,0,21,群益金鼎-台中,2023-09-27,9184
2002,中鋼,24,4,20,群益金鼎-台中,2023-09-27,9184
5521,工信,21,1,20,群益金鼎-台中,2023-09-27,9184
3024,憶聲,20,0,20,群益金鼎-台中,2023-09-27,9184
5347,世界,14,0,14,群益金鼎-台中,2023-09-27,9184
00679B,元大美債20年,14,0,14,群益金鼎-台中,2023-09-27,9184
1513,中興電,16,3,13,群益金鼎-台中,2023-09-27,9184
2834,臺企銀,13,0,13,群益金鼎-台中,2023-09-27,9184
00712,復華富時不動產,12,0,12,群益金鼎-台中,2023-09-27,9184
00878,國泰永續高股息,42,31,11,群益金鼎-台中,2023-09-27,9184
2614,東森,11,0,11,群益金鼎-台中,2023-09-27,9184
2606,裕民,16,5,11,群益金鼎-台中,2023-09-27,9184
2511,太子,11,0,11,群益金鼎-台中,2023-09-27,9184
00932,兆豐永續高息等權,11,0,11,群益金鼎-台中,2023-09-27,9184
3045,台灣大,11,0,11,群益金鼎-台中,2023-09-27,9184
2605,新興,24,13,11,群益金鼎-台中,2023-09-27,9184
00680L,元大美債20正2,11,0,11,群益金鼎-台中,2023-09-27,9184
00795B,中信美國公債20年,30,20,10,群益金鼎-台中,2023-09-27,9184
00673R,期元大S＆P原油反1,10,0,10,群益金鼎-台中,2023-09-27,9184
3037,欣興,9,0,9,群益金鼎-台中,2023-09-27,9184
6605,帝寶,8,0,8,群益金鼎-台中,2023-09-27,9184
1802,台玻,8,0,8,群益金鼎-台中,2023-09-27,9184
2408,南亞科,7,0,7,群益金鼎-台中,2023-09-27,9184
4927,泰鼎-KY,7,0,7,群益金鼎-台中,2023-09-27,9184
3545,敦泰,11,4,7,群益金鼎-台中,2023-09-27,9184
6288,聯嘉,7,0,7,群益金鼎-台中,2023-09-27,9184
2610,華航,8,1,7,群益金鼎-台中,2023-09-27,9184
6139,亞翔,49,43,6,群益金鼎-台中,2023-09-27,9184
1815,富喬,36,30,6,群益金鼎-台中,2023-09-27,9184
3481,群創,6,0,6,群益金鼎-台中,2023-09-27,9184
5236,凌陽創新,6,0,6,群益金鼎-台中,2023-09-27,9184
00900,富邦特選高股息30,6,0,6,群益金鼎-台中,2023-09-27,9184
1609,大亞,52,46,6,群益金鼎-台中,2023-09-27,9184
3709,鑫聯大投控,7,1,6,群益金鼎-台中,2023-09-27,9184
6204,艾華,6,0,6,群益金鼎-台中,2023-09-27,9184
6451,訊芯-KY,21,15,6,群益金鼎-台中,2023-09-27,9184
8420,明揚,10,5,5,群益金鼎-台中,2023-09-27,9184
2633,台灣高鐵,5,0,5,群益金鼎-台中,2023-09-27,9184
1301,台塑,5,0,5,群益金鼎-台中,2023-09-27,9184
2354,鴻準,7,2,5,群益金鼎-台中,2023-09-27,9184
2353,宏��,5,0,5,群益金鼎-台中,2023-09-27,9184
5381,合正,7,2,5,群益金鼎-台中,2023-09-27,9184
6189,豐藝,5,0,5,群益金鼎-台中,2023-09-27,9184
00795B,中信美國公債20年,108,1,107,群益金鼎-台中,2023-09-28,9184
00712,復華富時不動產,52,0,52,群益金鼎-台中,2023-09-28,9184
3231,緯創,97,46,51,群益金鼎-台中,2023-09-28,9184
00720B,元大投資級公司債,48,0,48,群益金鼎-台中,2023-09-28,9184
3630,新鉅科,53,6,47,群益金鼎-台中,2023-09-28,9184
2449,京元電子,53,10,43,群益金鼎-台中,2023-09-28,9184
00642U,期元大S＆P石油,50,11,39,群益金鼎-台中,2023-09-28,9184
00751B,元大AAA至A公司債,34,0,34,群益金鼎-台中,2023-09-28,9184
1722,台肥,38,10,28,群益金鼎-台中,2023-09-28,9184
00673R,期元大S＆P原油反1,27,0,27,群益金鼎-台中,2023-09-28,9184
6285,啟��,41,14,27,群益金鼎-台中,2023-09-28,9184
2317,鴻海,28,4,24,群益金鼎-台中,2023-09-28,9184
3419,譁裕,21,0,21,群益金鼎-台中,2023-09-28,9184
2408,南亞科,20,1,19,群益金鼎-台中,2023-09-28,9184
2353,宏��,21,2,19,群益金鼎-台中,2023-09-28,9184
00679B,元大美債20年,18,0,18,群益金鼎-台中,2023-09-28,9184
00931B,統一美債20年,17,0,17,群益金鼎-台中,2023-09-28,9184
2002,中鋼,40,24,16,群益金鼎-台中,2023-09-28,9184
2468,華經,138,123,15,群益金鼎-台中,2023-09-28,9184
00772B,中信高評級公司債,24,10,14,群益金鼎-台中,2023-09-28,9184
00633L,富邦上証正2,14,0,14,群益金鼎-台中,2023-09-28,9184
2609,陽明,15,2,13,群益金鼎-台中,2023-09-28,9184
2610,華航,13,0,13,群益金鼎-台中,2023-09-28,9184
1560,中砂,29,16,13,群益金鼎-台中,2023-09-28,9184
6188,廣明,17,5,12,群益金鼎-台中,2023-09-28,9184
2344,華邦電,16,4,12,群益金鼎-台中,2023-09-28,9184
00680L,元大美債20正2,12,0,12,群益金鼎-台中,2023-09-28,9184
5371,中光電,12,0,12,群益金鼎-台中,2023-09-28,9184
3260,威剛,11,1,10,群益金鼎-台中,2023-09-28,9184
2369,菱生,10,0,10,群益金鼎-台中,2023-09-28,9184
1319,東陽,11,1,10,群益金鼎-台中,2023-09-28,9184
00665L,富邦�琤肭磪囓�2,110,100,10,群益金鼎-台中,2023-09-28,9184
6005,群益證,10,0,10,群益金鼎-台中,2023-09-28,9184
6274,台燿,24,15,9,群益金鼎-台中,2023-09-28,9184
1504,東元,10,1,9,群益金鼎-台中,2023-09-28,9184
2883,凱基金,10,1,9,群益金鼎-台中,2023-09-28,9184
3322,建舜電,15,6,9,群益金鼎-台中,2023-09-28,9184
2356,英業達,40,33,7,群益金鼎-台中,2023-09-28,9184
1513,中興電,9,2,7,群益金鼎-台中,2023-09-28,9184
1471,首利,13,6,7,群益金鼎-台中,2023-09-28,9184
2388,威盛,19,13,6,群益金鼎-台中,2023-09-28,9184
4908,前鼎,13,7,6,群益金鼎-台中,2023-09-28,9184
9904,寶成,6,0,6,群益金鼎-台中,2023-09-28,9184
2332,友訊,6,0,6,群益金鼎-台中,2023-09-28,9184
00929,復華台灣科技優息,34,28,6,群益金鼎-台中,2023-09-28,9184
2838,聯邦銀,5,0,5,群益金鼎-台中,2023-09-28,9184
2204,中華,14,9,5,群益金鼎-台中,2023-09-28,9184
2025,千興,5,0,5,群益金鼎-台中,2023-09-28,9184
00655L,國泰中國A50正2,6,1,5,群益金鼎-台中,2023-09-28,9184
2303,聯電,5,0,5,群益金鼎-台中,2023-09-28,9184
00632R,元大台灣50反1,131,4,127,群益金鼎-台中,2023-10-02,9184
00885,富邦越南,120,0,120,群益金鼎-台中,2023-10-02,9184
00751B,元大AAA至A公司債,96,5,91,群益金鼎-台中,2023-10-02,9184
00795B,中信美國公債20年,76,5,71,群益金鼎-台中,2023-10-02,9184
00725B,國泰投資級公司債,71,0,71,群益金鼎-台中,2023-10-02,9184
00772B,中信高評級公司債,69,0,69,群益金鼎-台中,2023-10-02,9184
2363,矽統,149,85,64,群益金鼎-台中,2023-10-02,9184
00720B,元大投資級公司債,63,5,58,群益金鼎-台中,2023-10-02,9184
2405,輔信,61,5,56,群益金鼎-台中,2023-10-02,9184
00642U,期元大S＆P石油,50,0,50,群益金鼎-台中,2023-10-02,9184
00919,群益台灣精選高息,48,15,33,群益金鼎-台中,2023-10-02,9184
00740B,富邦全球投等債,33,0,33,群益金鼎-台中,2023-10-02,9184
2313,華通,32,2,30,群益金鼎-台中,2023-10-02,9184
00688L,國泰20年美債正2,30,0,30,群益金鼎-台中,2023-10-02,9184
3715,定穎投控,146,116,30,群益金鼎-台中,2023-10-02,9184
00929,復華台灣科技優息,55,27,28,群益金鼎-台中,2023-10-02,9184
00671R,富邦NASDAQ反1,25,0,25,群益金鼎-台中,2023-10-02,9184
00712,復華富時不動產,23,0,23,群益金鼎-台中,2023-10-02,9184
2354,鴻準,35,14,21,群益金鼎-台中,2023-10-02,9184
2883,凱基金,21,0,21,群益金鼎-台中,2023-10-02,9184
00757,統一FANG+,21,0,21,群益金鼎-台中,2023-10-02,9184
00664R,國泰臺灣加權反1,20,0,20,群益金鼎-台中,2023-10-02,9184
00878,國泰永續高股息,70,52,18,群益金鼎-台中,2023-10-02,9184
2618,長榮航,19,3,16,群益金鼎-台中,2023-10-02,9184
2609,陽明,26,10,16,群益金鼎-台中,2023-10-02,9184
9938,百和,17,2,15,群益金鼎-台中,2023-10-02,9184
3704,合勤控,14,0,14,群益金鼎-台中,2023-10-02,9184
2615,萬海,14,0,14,群益金鼎-台中,2023-10-02,9184
6120,達運,13,0,13,群益金鼎-台中,2023-10-02,9184
00931B,統一美債20年,13,0,13,群益金鼎-台中,2023-10-02,9184
00687B,國泰20年美債,15,3,12,群益金鼎-台中,2023-10-02,9184
00679B,元大美債20年,12,0,12,群益金鼎-台中,2023-10-02,9184
4979,華星光,25,13,12,群益金鼎-台中,2023-10-02,9184
6191,精成科,12,0,12,群益金鼎-台中,2023-10-02,9184
3032,偉訓,30,18,12,群益金鼎-台中,2023-10-02,9184
2409,友達,12,1,11,群益金鼎-台中,2023-10-02,9184
6415,矽力*-KY,11,0,11,群益金鼎-台中,2023-10-02,9184
2881,富邦金,10,0,10,群益金鼎-台中,2023-10-02,9184
00680L,元大美債20正2,10,0,10,群益金鼎-台中,2023-10-02,9184
2419,仲琦,10,0,10,群益金鼎-台中,2023-10-02,9184
2006,東和鋼鐵,10,0,10,群益金鼎-台中,2023-10-02,9184
2511,太子,10,0,10,群益金鼎-台中,2023-10-02,9184
00676R,富邦臺灣加權反1,10,0,10,群益金鼎-台中,2023-10-02,9184
2464,盟立,10,0,10,群益金鼎-台中,2023-10-02,9184
6128,上福,11,1,10,群益金鼎-台中,2023-10-02,9184
2610,華航,10,0,10,群益金鼎-台中,2023-10-02,9184
912000,晨訊科-DR,10,0,10,群益金鼎-台中,2023-10-02,9184
3548,兆利,17,7,10,群益金鼎-台中,2023-10-02,9184
1319,東陽,11,2,9,群益金鼎-台中,2023-10-02,9184
1795,美時,13,4,9,群益金鼎-台中,2023-10-02,9184
00673R,期元大S＆P原油反1,502,10,492,群益金鼎-台中,2023-10-03,9184
1722,台肥,174,0,174,群益金鼎-台中,2023-10-03,9184
2409,友達,92,5,87,群益金鼎-台中,2023-10-03,9184
00929,復華台灣科技優息,86,12,74,群益金鼎-台中,2023-10-03,9184
2618,長榮航,77,28,49,群益金鼎-台中,2023-10-03,9184
00900,富邦特選高股息30,45,0,45,群益金鼎-台中,2023-10-03,9184
00919,群益台灣精選高息,39,0,39,群益金鼎-台中,2023-10-03,9184
0056,元大高股息,49,14,35,群益金鼎-台中,2023-10-03,9184
2615,萬海,35,0,35,群益金鼎-台中,2023-10-03,9184
00665L,富邦�琤肭磪囓�2,30,0,30,群益金鼎-台中,2023-10-03,9184
2388,威盛,70,45,25,群益金鼎-台中,2023-10-03,9184
00882,中信中國高股息,21,0,21,群益金鼎-台中,2023-10-03,9184
00738U,期元大道瓊白銀,20,0,20,群益金鼎-台中,2023-10-03,9184
3406,玉晶光,20,1,19,群益金鼎-台中,2023-10-03,9184
2402,毅嘉,38,19,19,群益金鼎-台中,2023-10-03,9184
00637L,元大滬深300正2,17,0,17,群益金鼎-台中,2023-10-03,9184
00932,兆豐永續高息等權,16,0,16,群益金鼎-台中,2023-10-03,9184
00922,國泰台灣領袖50,15,0,15,群益金鼎-台中,2023-10-03,9184
2421,建準,21,7,14,群益金鼎-台中,2023-10-03,9184
3709,鑫聯大投控,15,1,14,群益金鼎-台中,2023-10-03,9184
3481,群創,29,15,14,群益金鼎-台中,2023-10-03,9184
1301,台塑,13,0,13,群益金鼎-台中,2023-10-03,9184
00715L,期街口布蘭特正2,13,0,13,群益金鼎-台中,2023-10-03,9184
4979,華星光,17,5,12,群益金鼎-台中,2023-10-03,9184
2329,華泰,19,7,12,群益金鼎-台中,2023-10-03,9184
3231,緯創,62,50,12,群益金鼎-台中,2023-10-03,9184
00757,統一FANG+,11,0,11,群益金鼎-台中,2023-10-03,9184
00897,富邦基因免疫生技,11,0,11,群益金鼎-台中,2023-10-03,9184
2536,宏普,11,0,11,群益金鼎-台中,2023-10-03,9184
9904,寶成,11,0,11,群益金鼎-台中,2023-10-03,9184
2313,華通,24,13,11,群益金鼎-台中,2023-10-03,9184
8210,勤誠,12,2,10,群益金鼎-台中,2023-10-03,9184
3694,海華,10,0,10,群益金鼎-台中,2023-10-03,9184
2884,玉山金,10,0,10,群益金鼎-台中,2023-10-03,9184
3045,台灣大,10,0,10,群益金鼎-台中,2023-10-03,9184
2204,中華,12,2,10,群益金鼎-台中,2023-10-03,9184
3055,蔚華科,11,1,10,群益金鼎-台中,2023-10-03,9184
00924,復華S＆P500成長,10,0,10,群益金鼎-台中,2023-10-03,9184
6290,良維,9,0,9,群益金鼎-台中,2023-10-03,9184
1303,南亞,9,0,9,群益金鼎-台中,2023-10-03,9184
6806,森崴能源,10,1,9,群益金鼎-台中,2023-10-03,9184
3533,嘉澤,9,0,9,群益金鼎-台中,2023-10-03,9184
00679B,元大美債20年,8,0,8,群益金鼎-台中,2023-10-03,9184
2387,精元,8,0,8,群益金鼎-台中,2023-10-03,9184
3013,晟銘電,51,43,8,群益金鼎-台中,2023-10-03,9184
2367,燿華,18,10,8,群益金鼎-台中,2023-10-03,9184
2354,鴻準,10,2,8,群益金鼎-台中,2023-10-03,9184
1907,永豐餘,9,1,8,群益金鼎-台中,2023-10-03,9184
1102,亞泥,7,0,7,群益金鼎-台中,2023-10-03,9184
2301,光寶科,26,19,7,群益金鼎-台中,2023-10-03,9184
2409,友達,72,7,65,群益金鼎-台中,2023-10-04,9184
00795B,中信美國公債20年,54,0,54,群益金鼎-台中,2023-10-04,9184
3024,憶聲,54,0,54,群益金鼎-台中,2023-10-04,9184
00929,復華台灣科技優息,85,32,53,群益金鼎-台中,2023-10-04,9184
2801,彰銀,52,0,52,群益金鼎-台中,2023-10-04,9184
2888,新光金,51,0,51,群益金鼎-台中,2023-10-04,9184
1402,遠東新,50,0,50,群益金鼎-台中,2023-10-04,9184
00712,復華富時不動產,40,0,40,群益金鼎-台中,2023-10-04,9184
2614,東森,40,0,40,群益金鼎-台中,2023-10-04,9184
00679B,元大美債20年,38,2,36,群益金鼎-台中,2023-10-04,9184
6167,久正,35,0,35,群益金鼎-台中,2023-10-04,9184
2449,京元電子,38,3,35,群益金鼎-台中,2023-10-04,9184
00673R,期元大S＆P原油反1,31,0,31,群益金鼎-台中,2023-10-04,9184
00751B,元大AAA至A公司債,29,0,29,群益金鼎-台中,2023-10-04,9184
2618,長榮航,34,6,28,群益金鼎-台中,2023-10-04,9184
00720B,元大投資級公司債,27,0,27,群益金鼎-台中,2023-10-04,9184
1102,亞泥,30,3,27,群益金鼎-台中,2023-10-04,9184
00687B,國泰20年美債,28,2,26,群益金鼎-台中,2023-10-04,9184
2002,中鋼,30,4,26,群益金鼎-台中,2023-10-04,9184
2353,宏��,24,2,22,群益金鼎-台中,2023-10-04,9184
1326,台化,19,0,19,群益金鼎-台中,2023-10-04,9184
00878,國泰永續高股息,38,20,18,群益金鼎-台中,2023-10-04,9184
1216,統一,17,0,17,群益金鼎-台中,2023-10-04,9184
6285,啟��,22,5,17,群益金鼎-台中,2023-10-04,9184
5328,華容,17,0,17,群益金鼎-台中,2023-10-04,9184
2605,新興,31,15,16,群益金鼎-台中,2023-10-04,9184
1301,台塑,15,0,15,群益金鼎-台中,2023-10-04,9184
00922,國泰台灣領袖50,15,0,15,群益金鼎-台中,2023-10-04,9184
5009,榮剛,14,0,14,群益金鼎-台中,2023-10-04,9184
2891,中信金,14,0,14,群益金鼎-台中,2023-10-04,9184
2883,凱基金,14,0,14,群益金鼎-台中,2023-10-04,9184
9904,寶成,14,0,14,群益金鼎-台中,2023-10-04,9184
8936,國統,14,0,14,群益金鼎-台中,2023-10-04,9184
00923,群益台ESG低碳50,13,0,13,群益金鼎-台中,2023-10-04,9184
3325,旭品,47,34,13,群益金鼎-台中,2023-10-04,9184
00680L,元大美債20正2,13,0,13,群益金鼎-台中,2023-10-04,9184
1319,東陽,14,1,13,群益金鼎-台中,2023-10-04,9184
00671R,富邦NASDAQ反1,13,0,13,群益金鼎-台中,2023-10-04,9184
2834,臺企銀,12,0,12,群益金鼎-台中,2023-10-04,9184
00757,統一FANG+,11,0,11,群益金鼎-台中,2023-10-04,9184
2330,台積電,11,0,11,群益金鼎-台中,2023-10-04,9184
5521,工信,10,0,10,群益金鼎-台中,2023-10-04,9184
2027,大成鋼,11,1,10,群益金鼎-台中,2023-10-04,9184
2031,新光鋼,10,0,10,群益金鼎-台中,2023-10-04,9184
00900,富邦特選高股息30,10,0,10,群益金鼎-台中,2023-10-04,9184
00897,富邦基因免疫生技,10,0,10,群益金鼎-台中,2023-10-04,9184
2884,玉山金,10,1,9,群益金鼎-台中,2023-10-04,9184
0056,元大高股息,12,3,9,群益金鼎-台中,2023-10-04,9184
3163,波若威,18,9,9,群益金鼎-台中,2023-10-04,9184
1802,台玻,11,2,9,群益金鼎-台中,2023-10-04,9184
00632R,元大台灣50反1,125,0,125,群益金鼎-台中,2023-10-05,9184
00712,復華富時不動產,56,2,54,群益金鼎-台中,2023-10-05,9184
00642U,期元大S＆P石油,50,0,50,群益金鼎-台中,2023-10-05,9184
2393,億光,47,0,47,群益金鼎-台中,2023-10-05,9184
1528,恩德,32,1,31,群益金鼎-台中,2023-10-05,9184
6257,矽格,31,0,31,群益金鼎-台中,2023-10-05,9184
3037,欣興,31,2,29,群益金鼎-台中,2023-10-05,9184
2363,矽統,94,65,29,群益金鼎-台中,2023-10-05,9184
9904,寶成,26,0,26,群益金鼎-台中,2023-10-05,9184
5258,虹堡,26,4,22,群益金鼎-台中,2023-10-05,9184
5347,世界,20,0,20,群益金鼎-台中,2023-10-05,9184
3715,定穎投控,131,111,20,群益金鼎-台中,2023-10-05,9184
00640L,富邦日本正2,20,0,20,群益金鼎-台中,2023-10-05,9184
1540,喬福,20,0,20,群益金鼎-台中,2023-10-05,9184
00680L,元大美債20正2,20,1,19,群益金鼎-台中,2023-10-05,9184
6274,台燿,41,23,18,群益金鼎-台中,2023-10-05,9184
00931B,統一美債20年,17,0,17,群益金鼎-台中,2023-10-05,9184
2812,台中銀,16,0,16,群益金鼎-台中,2023-10-05,9184
00720B,元大投資級公司債,14,0,14,群益金鼎-台中,2023-10-05,9184
2015,豐興,15,2,13,群益金鼎-台中,2023-10-05,9184
8271,宇瞻,12,0,12,群益金鼎-台中,2023-10-05,9184
2355,敬鵬,13,1,12,群益金鼎-台中,2023-10-05,9184
3051,力特,22,11,11,群益金鼎-台中,2023-10-05,9184
4979,華星光,18,7,11,群益金鼎-台中,2023-10-05,9184
00715L,期街口布蘭特正2,11,0,11,群益金鼎-台中,2023-10-05,9184
00752,中信中國50,11,0,11,群益金鼎-台中,2023-10-05,9184
00679B,元大美債20年,12,1,11,群益金鼎-台中,2023-10-05,9184
2511,太子,10,0,10,群益金鼎-台中,2023-10-05,9184
4906,正文,10,0,10,群益金鼎-台中,2023-10-05,9184
2897,王道銀行,10,0,10,群益金鼎-台中,2023-10-05,9184
00676R,富邦臺灣加權反1,10,0,10,群益金鼎-台中,2023-10-05,9184
00757,統一FANG+,10,0,10,群益金鼎-台中,2023-10-05,9184
3481,群創,10,1,9,群益金鼎-台中,2023-10-05,9184
2313,華通,36,27,9,群益金鼎-台中,2023-10-05,9184
8112,至上,20,12,8,群益金鼎-台中,2023-10-05,9184
3234,光環,8,0,8,群益金鼎-台中,2023-10-05,9184
6770,力積電,8,0,8,群益金鼎-台中,2023-10-05,9184
2417,圓剛,46,38,8,群益金鼎-台中,2023-10-05,9184
2421,建準,11,4,7,群益金鼎-台中,2023-10-05,9184
3078,僑威,20,13,7,群益金鼎-台中,2023-10-05,9184
2465,麗臺,9,2,7,群益金鼎-台中,2023-10-05,9184
9938,百和,7,0,7,群益金鼎-台中,2023-10-05,9184
3231,緯創,21,15,6,群益金鼎-台中,2023-10-05,9184
3260,威剛,13,7,6,群益金鼎-台中,2023-10-05,9184
00637L,元大滬深300正2,6,0,6,群益金鼎-台中,2023-10-05,9184
2535,達欣工,6,0,6,群益金鼎-台中,2023-10-05,9184
2634,漢翔,8,2,6,群益金鼎-台中,2023-10-05,9184
2388,威盛,25,19,6,群益金鼎-台中,2023-10-05,9184
5426,振發,11,5,6,群益金鼎-台中,2023-10-05,9184
2486,一詮,27,22,5,群益金鼎-台中,2023-10-05,9184
00720B,元大投資級公司債,114,0,114,群益金鼎-台中,2023-10-06,9184
00740B,富邦全球投等債,81,0,81,群益金鼎-台中,2023-10-06,9184
00751B,元大AAA至A公司債,68,0,68,群益金鼎-台中,2023-10-06,9184
00725B,國泰投資級公司債,55,0,55,群益金鼎-台中,2023-10-06,9184
00642U,期元大S＆P石油,51,0,51,群益金鼎-台中,2023-10-06,9184
2801,彰銀,49,0,49,群益金鼎-台中,2023-10-06,9184
2002,中鋼,55,8,47,群益金鼎-台中,2023-10-06,9184
00795B,中信美國公債20年,56,15,41,群益金鼎-台中,2023-10-06,9184
00929,復華台灣科技優息,43,2,41,群益金鼎-台中,2023-10-06,9184
00632R,元大台灣50反1,40,0,40,群益金鼎-台中,2023-10-06,9184
2312,金寶,40,0,40,群益金鼎-台中,2023-10-06,9184
00712,復華富時不動產,32,0,32,群益金鼎-台中,2023-10-06,9184
6770,力積電,32,0,32,群益金鼎-台中,2023-10-06,9184
00687B,國泰20年美債,25,0,25,群益金鼎-台中,2023-10-06,9184
00885,富邦越南,23,0,23,群益金鼎-台中,2023-10-06,9184
00679B,元大美債20年,21,0,21,群益金鼎-台中,2023-10-06,9184
3231,緯創,76,56,20,群益金鼎-台中,2023-10-06,9184
6285,啟��,20,1,19,群益金鼎-台中,2023-10-06,9184
6841,長佳智能,20,1,19,群益金鼎-台中,2023-10-06,9184
1609,大亞,19,0,19,群益金鼎-台中,2023-10-06,9184
00715L,期街口布蘭特正2,18,0,18,群益金鼎-台中,2023-10-06,9184
6230,尼得科超眾,17,0,17,群益金鼎-台中,2023-10-06,9184
00772B,中信高評級公司債,15,0,15,群益金鼎-台中,2023-10-06,9184
5521,工信,15,0,15,群益金鼎-台中,2023-10-06,9184
2486,一詮,31,17,14,群益金鼎-台中,2023-10-06,9184
6274,台燿,37,23,14,群益金鼎-台中,2023-10-06,9184
2363,矽統,72,59,13,群益金鼎-台中,2023-10-06,9184
1815,富喬,25,12,13,群益金鼎-台中,2023-10-06,9184
2301,光寶科,19,7,12,群益金鼎-台中,2023-10-06,9184
2610,華航,11,0,11,群益金鼎-台中,2023-10-06,9184
2427,三商電,142,131,11,群益金鼎-台中,2023-10-06,9184
2618,長榮航,46,35,11,群益金鼎-台中,2023-10-06,9184
3576,聯合再生,11,0,11,群益金鼎-台中,2023-10-06,9184
2605,新興,29,18,11,群益金鼎-台中,2023-10-06,9184
6167,久正,10,0,10,群益金鼎-台中,2023-10-06,9184
4909,新復興,10,0,10,群益金鼎-台中,2023-10-06,9184
00680L,元大美債20正2,10,0,10,群益金鼎-台中,2023-10-06,9184
1445,大宇,10,0,10,群益金鼎-台中,2023-10-06,9184
00676R,富邦臺灣加權反1,10,0,10,群益金鼎-台中,2023-10-06,9184
1586,和勤,9,0,9,群益金鼎-台中,2023-10-06,9184
3011,今皓,8,0,8,群益金鼎-台中,2023-10-06,9184
2354,鴻準,8,0,8,群益金鼎-台中,2023-10-06,9184
4961,天鈺,9,1,8,群益金鼎-台中,2023-10-06,9184
4119,旭富,8,0,8,群益金鼎-台中,2023-10-06,9184
6282,康舒,18,10,8,群益金鼎-台中,2023-10-06,9184
00919,群益台灣精選高息,10,3,7,群益金鼎-台中,2023-10-06,9184
2468,華經,73,66,7,群益金鼎-台中,2023-10-06,9184
2365,昆盈,75,68,7,群益金鼎-台中,2023-10-06,9184
3163,波若威,31,24,7,群益金鼎-台中,2023-10-06,9184
2329,華泰,23,16,7,群益金鼎-台中,2023-10-06,9184
00632R,元大台灣50反1,145,0,145,群益金鼎-台中,2023-10-11,9184
3231,緯創,133,63,70,群益金鼎-台中,2023-10-11,9184
5864,致和證,60,0,60,群益金鼎-台中,2023-10-11,9184
3715,定穎投控,144,104,40,群益金鼎-台中,2023-10-11,9184
00751B,元大AAA至A公司債,74,35,39,群益金鼎-台中,2023-10-11,9184
2313,華通,55,16,39,群益金鼎-台中,2023-10-11,9184
2002,中鋼,42,7,35,群益金鼎-台中,2023-10-11,9184
2609,陽明,33,3,30,群益金鼎-台中,2023-10-11,9184
3264,欣銓,30,1,29,群益金鼎-台中,2023-10-11,9184
00795B,中信美國公債20年,66,40,26,群益金鼎-台中,2023-10-11,9184
00637L,元大滬深300正2,22,1,21,群益金鼎-台中,2023-10-11,9184
9105,泰金寶-DR,20,0,20,群益金鼎-台中,2023-10-11,9184
2610,華航,122,102,20,群益金鼎-台中,2023-10-11,9184
00671R,富邦NASDAQ反1,20,0,20,群益金鼎-台中,2023-10-11,9184
00669R,國泰美國道瓊反1,20,0,20,群益金鼎-台中,2023-10-11,9184
3481,群創,18,0,18,群益金鼎-台中,2023-10-11,9184
2421,建準,23,5,18,群益金鼎-台中,2023-10-11,9184
6415,矽力*-KY,20,2,18,群益金鼎-台中,2023-10-11,9184
2618,長榮航,30,12,18,群益金鼎-台中,2023-10-11,9184
1907,永豐餘,17,0,17,群益金鼎-台中,2023-10-11,9184
00923,群益台ESG低碳50,40,23,17,群益金鼎-台中,2023-10-11,9184
2356,英業達,36,20,16,群益金鼎-台中,2023-10-11,9184
1568,倉佑,18,2,16,群益金鼎-台中,2023-10-11,9184
00648R,元大S＆P500反1,15,0,15,群益金鼎-台中,2023-10-11,9184
00664R,國泰臺灣加權反1,15,0,15,群益金鼎-台中,2023-10-11,9184
5351,鈺創,27,12,15,群益金鼎-台中,2023-10-11,9184
4102,永日,14,0,14,群益金鼎-台中,2023-10-11,9184
2603,長榮,28,16,12,群益金鼎-台中,2023-10-11,9184
5371,中光電,12,0,12,群益金鼎-台中,2023-10-11,9184
00680L,元大美債20正2,12,0,12,群益金鼎-台中,2023-10-11,9184
2105,正新,18,7,11,群益金鼎-台中,2023-10-11,9184
1515,力山,15,4,11,群益金鼎-台中,2023-10-11,9184
2104,國際中橡,11,0,11,群益金鼎-台中,2023-10-11,9184
8222,寶一,20,9,11,群益金鼎-台中,2023-10-11,9184
3122,笙泉,42,31,11,群益金鼎-台中,2023-10-11,9184
1815,富喬,21,10,11,群益金鼎-台中,2023-10-11,9184
1471,首利,11,0,11,群益金鼎-台中,2023-10-11,9184
1809,中釉,10,0,10,群益金鼎-台中,2023-10-11,9184
5426,振發,15,5,10,群益金鼎-台中,2023-10-11,9184
00640L,富邦日本正2,10,0,10,群益金鼎-台中,2023-10-11,9184
5469,瀚宇博,10,0,10,群益金鼎-台中,2023-10-11,9184
00931B,統一美債20年,10,1,9,群益金鼎-台中,2023-10-11,9184
5222,全訊,12,3,9,群益金鼎-台中,2023-10-11,9184
6449,鈺邦,9,0,9,群益金鼎-台中,2023-10-11,9184
2399,映泰,26,17,9,群益金鼎-台中,2023-10-11,9184
2489,瑞軒,10,2,8,群益金鼎-台中,2023-10-11,9184
00922,國泰台灣領袖50,8,0,8,群益金鼎-台中,2023-10-11,9184
3325,旭品,20,12,8,群益金鼎-台中,2023-10-11,9184
3419,譁裕,8,0,8,群益金鼎-台中,2023-10-11,9184
3701,大眾控,11,3,8,群益金鼎-台中,2023-10-11,9184
00885,富邦越南,160,1,159,群益金鼎-台中,2023-10-12,9184
00688L,國泰20年美債正2,80,0,80,群益金鼎-台中,2023-10-12,9184
00632R,元大台灣50反1,80,0,80,群益金鼎-台中,2023-10-12,9184
2363,矽統,232,171,61,群益金鼎-台中,2023-10-12,9184
2816,旺旺保,43,3,40,群益金鼎-台中,2023-10-12,9184
9904,寶成,40,5,35,群益金鼎-台中,2023-10-12,9184
2405,輔信,30,0,30,群益金鼎-台中,2023-10-12,9184
00637L,元大滬深300正2,26,0,26,群益金鼎-台中,2023-10-12,9184
1234,黑松,26,0,26,群益金鼎-台中,2023-10-12,9184
3044,健鼎,28,5,23,群益金鼎-台中,2023-10-12,9184
00929,復華台灣科技優息,22,1,21,群益金鼎-台中,2023-10-12,9184
00676R,富邦臺灣加權反1,20,0,20,群益金鼎-台中,2023-10-12,9184
00720B,元大投資級公司債,61,41,20,群益金鼎-台中,2023-10-12,9184
00905,FT臺灣Smart,20,0,20,群益金鼎-台中,2023-10-12,9184
2368,金像電,28,10,18,群益金鼎-台中,2023-10-12,9184
00673R,期元大S＆P原油反1,20,3,17,群益金鼎-台中,2023-10-12,9184
00664R,國泰臺灣加權反1,15,0,15,群益金鼎-台中,2023-10-12,9184
0050,元大台灣50,16,1,15,群益金鼎-台中,2023-10-12,9184
5483,中美晶,15,1,14,群益金鼎-台中,2023-10-12,9184
5222,全訊,14,0,14,群益金鼎-台中,2023-10-12,9184
9928,中視,15,1,14,群益金鼎-台中,2023-10-12,9184
00919,群益台灣精選高息,22,10,12,群益金鼎-台中,2023-10-12,9184
8227,巨有科技,35,23,12,群益金鼎-台中,2023-10-12,9184
0056,元大高股息,13,2,11,群益金鼎-台中,2023-10-12,9184
2408,南亞科,22,12,10,群益金鼎-台中,2023-10-12,9184
1786,科妍,10,0,10,群益金鼎-台中,2023-10-12,9184
1722,台肥,10,0,10,群益金鼎-台中,2023-10-12,9184
1905,華紙,10,0,10,群益金鼎-台中,2023-10-12,9184
9939,宏全,10,0,10,群益金鼎-台中,2023-10-12,9184
2382,廣達,45,36,9,群益金鼎-台中,2023-10-12,9184
00931B,統一美債20年,21,12,9,群益金鼎-台中,2023-10-12,9184
1519,華城,20,11,9,群益金鼎-台中,2023-10-12,9184
2376,技嘉,11,3,8,群益金鼎-台中,2023-10-12,9184
3025,星通,23,15,8,群益金鼎-台中,2023-10-12,9184
1522,堤維西,18,10,8,群益金鼎-台中,2023-10-12,9184
1907,永豐餘,8,0,8,群益金鼎-台中,2023-10-12,9184
00712,復華富時不動產,12,5,7,群益金鼎-台中,2023-10-12,9184
8210,勤誠,13,6,7,群益金鼎-台中,2023-10-12,9184
5386,青雲,8,1,7,群益金鼎-台中,2023-10-12,9184
2201,裕隆,38,32,6,群益金鼎-台中,2023-10-12,9184
3014,聯陽,7,1,6,群益金鼎-台中,2023-10-12,9184
6148,驊宏資,7,1,6,群益金鼎-台中,2023-10-12,9184
9938,百和,6,0,6,群益金鼎-台中,2023-10-12,9184
1514,亞力,8,2,6,群益金鼎-台中,2023-10-12,9184
3450,聯鈞,14,8,6,群益金鼎-台中,2023-10-12,9184
2881,富邦金,7,1,6,群益金鼎-台中,2023-10-12,9184
2352,佳世達,5,0,5,群益金鼎-台中,2023-10-12,9184
1736,喬山,9,4,5,群益金鼎-台中,2023-10-12,9184
3288,點晶,5,0,5,群益金鼎-台中,2023-10-12,9184
00669R,國泰美國道瓊反1,5,0,5,群益金鼎-台中,2023-10-12,9184
00720B,元大投資級公司債,115,0,115,群益金鼎-台中,2023-10-13,9184
00751B,元大AAA至A公司債,63,0,63,群益金鼎-台中,2023-10-13,9184
4939,亞電,60,0,60,群益金鼎-台中,2023-10-13,9184
6117,迎廣,59,0,59,群益金鼎-台中,2023-10-13,9184
00878,國泰永續高股息,58,5,53,群益金鼎-台中,2023-10-13,9184
00671R,富邦NASDAQ反1,50,0,50,群益金鼎-台中,2023-10-13,9184
3231,緯創,74,26,48,群益金鼎-台中,2023-10-13,9184
5347,世界,44,2,42,群益金鼎-台中,2023-10-13,9184
2344,華邦電,50,10,40,群益金鼎-台中,2023-10-13,9184
00919,群益台灣精選高息,34,0,34,群益金鼎-台中,2023-10-13,9184
3715,定穎投控,104,72,32,群益金鼎-台中,2023-10-13,9184
4915,致伸,30,0,30,群益金鼎-台中,2023-10-13,9184
00679B,元大美債20年,29,0,29,群益金鼎-台中,2023-10-13,9184
2301,光寶科,55,29,26,群益金鼎-台中,2023-10-13,9184
2618,長榮航,33,10,23,群益金鼎-台中,2023-10-13,9184
6284,佳邦,51,29,22,群益金鼎-台中,2023-10-13,9184
3062,建漢,25,4,21,群益金鼎-台中,2023-10-13,9184
3576,聯合再生,20,0,20,群益金鼎-台中,2023-10-13,9184
6188,廣明,25,5,20,群益金鼎-台中,2023-10-13,9184
1905,華紙,30,10,20,群益金鼎-台中,2023-10-13,9184
2615,萬海,19,0,19,群益金鼎-台中,2023-10-13,9184
3059,華晶科,32,13,19,群益金鼎-台中,2023-10-13,9184
00712,復華富時不動產,19,0,19,群益金鼎-台中,2023-10-13,9184
00680L,元大美債20正2,18,0,18,群益金鼎-台中,2023-10-13,9184
2881,富邦金,18,0,18,群益金鼎-台中,2023-10-13,9184
00929,復華台灣科技優息,28,10,18,群益金鼎-台中,2023-10-13,9184
2329,華泰,29,13,16,群益金鼎-台中,2023-10-13,9184
00931B,統一美債20年,23,7,16,群益金鼎-台中,2023-10-13,9184
5351,鈺創,17,1,16,群益金鼎-台中,2023-10-13,9184
9950,萬國通,24,8,16,群益金鼎-台中,2023-10-13,9184
2913,農林,16,1,15,群益金鼎-台中,2023-10-13,9184
2486,一詮,16,2,14,群益金鼎-台中,2023-10-13,9184
2331,精英,13,0,13,群益金鼎-台中,2023-10-13,9184
2376,技嘉,20,7,13,群益金鼎-台中,2023-10-13,9184
2382,廣達,45,33,12,群益金鼎-台中,2023-10-13,9184
3037,欣興,16,4,12,群益金鼎-台中,2023-10-13,9184
1762,中化生,11,0,11,群益金鼎-台中,2023-10-13,9184
3163,波若威,40,29,11,群益金鼎-台中,2023-10-13,9184
1907,永豐餘,13,2,11,群益金鼎-台中,2023-10-13,9184
6120,達運,18,8,10,群益金鼎-台中,2023-10-13,9184
00640L,富邦日本正2,10,0,10,群益金鼎-台中,2023-10-13,9184
00676R,富邦臺灣加權反1,10,0,10,群益金鼎-台中,2023-10-13,9184
8076,伍豐,12,3,9,群益金鼎-台中,2023-10-13,9184
2409,友達,16,7,9,群益金鼎-台中,2023-10-13,9184
6216,居易,10,1,9,群益金鼎-台中,2023-10-13,9184
2303,聯電,14,5,9,群益金鼎-台中,2023-10-13,9184
0056,元大高股息,29,21,8,群益金鼎-台中,2023-10-13,9184
5425,台半,10,2,8,群益金鼎-台中,2023-10-13,9184
1603,華電,12,4,8,群益金鼎-台中,2023-10-13,9184
00637L,元大滬深300正2,12,4,8,群益金鼎-台中,2023-10-13,9184
2801,彰銀,150,0,150,群益金鼎-台中,2023-10-16,9184
0056,元大高股息,101,7,94,群益金鼎-台中,2023-10-16,9184
00715L,期街口布蘭特正2,104,14,90,群益金鼎-台中,2023-10-16,9184
2324,仁寶,76,2,74,群益金鼎-台中,2023-10-16,9184
3706,神達,59,18,41,群益金鼎-台中,2023-10-16,9184
020027,元大上櫃ESG成長N,80,40,40,群益金鼎-台中,2023-10-16,9184
2610,華航,40,1,39,群益金鼎-台中,2023-10-16,9184
00897,富邦基因免疫生技,30,0,30,群益金鼎-台中,2023-10-16,9184
6285,啟��,41,13,28,群益金鼎-台中,2023-10-16,9184
2618,長榮航,28,0,28,群益金鼎-台中,2023-10-16,9184
00919,群益台灣精選高息,26,5,21,群益金鼎-台中,2023-10-16,9184
3231,緯創,45,25,20,群益金鼎-台中,2023-10-16,9184
00712,復華富時不動產,22,2,20,群益金鼎-台中,2023-10-16,9184
00878,國泰永續高股息,27,8,19,群益金鼎-台中,2023-10-16,9184
3715,定穎投控,46,30,16,群益金鼎-台中,2023-10-16,9184
2201,裕隆,26,10,16,群益金鼎-台中,2023-10-16,9184
6120,達運,27,11,16,群益金鼎-台中,2023-10-16,9184
00680L,元大美債20正2,15,0,15,群益金鼎-台中,2023-10-16,9184
1314,中石化,78,64,14,群益金鼎-台中,2023-10-16,9184
2486,一詮,16,2,14,群益金鼎-台中,2023-10-16,9184
9904,寶成,13,0,13,群益金鼎-台中,2023-10-16,9184
2312,金寶,13,0,13,群益金鼎-台中,2023-10-16,9184
1525,江申,12,0,12,群益金鼎-台中,2023-10-16,9184
2344,華邦電,86,75,11,群益金鼎-台中,2023-10-16,9184
2425,承啟,16,5,11,群益金鼎-台中,2023-10-16,9184
1319,東陽,13,2,11,群益金鼎-台中,2023-10-16,9184
2363,矽統,209,198,11,群益金鼎-台中,2023-10-16,9184
1609,大亞,10,0,10,群益金鼎-台中,2023-10-16,9184
8054,安國,10,0,10,群益金鼎-台中,2023-10-16,9184
00900,富邦特選高股息30,10,0,10,群益金鼎-台中,2023-10-16,9184
5608,四維航,10,0,10,群益金鼎-台中,2023-10-16,9184
1529,樂事綠能,10,0,10,群益金鼎-台中,2023-10-16,9184
00929,復華台灣科技優息,88,78,10,群益金鼎-台中,2023-10-16,9184
8046,南電,10,1,9,群益金鼎-台中,2023-10-16,9184
2369,菱生,12,3,9,群益金鼎-台中,2023-10-16,9184
3276,宇環,11,2,9,群益金鼎-台中,2023-10-16,9184
5009,榮剛,12,3,9,群益金鼎-台中,2023-10-16,9184
9938,百和,11,2,9,群益金鼎-台中,2023-10-16,9184
3363,上詮,24,15,9,群益金鼎-台中,2023-10-16,9184
00637L,元大滬深300正2,9,0,9,群益金鼎-台中,2023-10-16,9184
2464,盟立,10,1,9,群益金鼎-台中,2023-10-16,9184
2353,宏��,11,2,9,群益金鼎-台中,2023-10-16,9184
2892,第一金,9,0,9,群益金鼎-台中,2023-10-16,9184
6276,安鈦克,26,18,8,群益金鼎-台中,2023-10-16,9184
2421,建準,9,2,7,群益金鼎-台中,2023-10-16,9184
4908,前鼎,64,57,7,群益金鼎-台中,2023-10-16,9184
2887,台新金,7,0,7,群益金鼎-台中,2023-10-16,9184
6282,康舒,14,8,6,群益金鼎-台中,2023-10-16,9184
6274,台燿,14,8,6,群益金鼎-台中,2023-10-16,9184
6533,晶心科,10,4,6,群益金鼎-台中,2023-10-16,9184
0056,元大高股息,103,14,89,群益金鼎-台中,2023-10-17,9184
9904,寶成,100,13,87,群益金鼎-台中,2023-10-17,9184
2313,華通,115,31,84,群益金鼎-台中,2023-10-17,9184
1402,遠東新,70,0,70,群益金鼎-台中,2023-10-17,9184
3024,憶聲,41,0,41,群益金鼎-台中,2023-10-17,9184
00679B,元大美債20年,40,0,40,群益金鼎-台中,2023-10-17,9184
3231,緯創,93,56,37,群益金鼎-台中,2023-10-17,9184
6530,創威,60,26,34,群益金鼎-台中,2023-10-17,9184
2312,金寶,30,0,30,群益金鼎-台中,2023-10-17,9184
2610,華航,29,1,28,群益金鼎-台中,2023-10-17,9184
6284,佳邦,40,13,27,群益金鼎-台中,2023-10-17,9184
2324,仁寶,25,0,25,群益金鼎-台中,2023-10-17,9184
00687B,國泰20年美債,28,5,23,群益金鼎-台中,2023-10-17,9184
00931B,統一美債20年,22,1,21,群益金鼎-台中,2023-10-17,9184
00929,復華台灣科技優息,37,16,21,群益金鼎-台中,2023-10-17,9184
6426,統新,21,0,21,群益金鼎-台中,2023-10-17,9184
2382,廣達,43,23,20,群益金鼎-台中,2023-10-17,9184
6233,旺玖,19,0,19,群益金鼎-台中,2023-10-17,9184
00878,國泰永續高股息,25,9,16,群益金鼎-台中,2023-10-17,9184
8054,安國,130,114,16,群益金鼎-台中,2023-10-17,9184
00637L,元大滬深300正2,16,0,16,群益金鼎-台中,2023-10-17,9184
3715,定穎投控,113,97,16,群益金鼎-台中,2023-10-17,9184
1314,中石化,15,1,14,群益金鼎-台中,2023-10-17,9184
00680L,元大美債20正2,14,0,14,群益金鼎-台中,2023-10-17,9184
6168,宏齊,29,15,14,群益金鼎-台中,2023-10-17,9184
2363,矽統,236,223,13,群益金鼎-台中,2023-10-17,9184
3576,聯合再生,13,0,13,群益金鼎-台中,2023-10-17,9184
3483,力致,23,11,12,群益金鼎-台中,2023-10-17,9184
2201,裕隆,14,2,12,群益金鼎-台中,2023-10-17,9184
8048,德勝,26,14,12,群益金鼎-台中,2023-10-17,9184
2206,三陽工業,12,1,11,群益金鼎-台中,2023-10-17,9184
3032,偉訓,13,2,11,群益金鼎-台中,2023-10-17,9184
2634,漢翔,12,1,11,群益金鼎-台中,2023-10-17,9184
6170,統振,11,0,11,群益金鼎-台中,2023-10-17,9184
00696B,富邦美債20年,11,0,11,群益金鼎-台中,2023-10-17,9184
00665L,富邦�琤肭磪囓�2,10,0,10,群益金鼎-台中,2023-10-17,9184
2460,建通,10,0,10,群益金鼎-台中,2023-10-17,9184
020027,元大上櫃ESG成長N,130,120,10,群益金鼎-台中,2023-10-17,9184
1905,華紙,27,18,9,群益金鼎-台中,2023-10-17,9184
2014,中鴻,11,2,9,群益金鼎-台中,2023-10-17,9184
5521,工信,12,3,9,群益金鼎-台中,2023-10-17,9184
6442,光聖,22,13,9,群益金鼎-台中,2023-10-17,9184
4979,華星光,14,6,8,群益金鼎-台中,2023-10-17,9184
3029,零壹,10,2,8,群益金鼎-台中,2023-10-17,9184
2515,中工,35,28,7,群益金鼎-台中,2023-10-17,9184
2356,英業達,25,18,7,群益金鼎-台中,2023-10-17,9184
3376,新日興,12,5,7,群益金鼎-台中,2023-10-17,9184
4744,皇將,7,0,7,群益金鼎-台中,2023-10-17,9184
2883,凱基金,6,0,6,群益金鼎-台中,2023-10-17,9184
6139,亞翔,19,13,6,群益金鼎-台中,2023-10-17,9184
00929,復華台灣科技優息,236,3,233,群益金鼎-台中,2023-10-18,9184
0056,元大高股息,187,21,166,群益金鼎-台中,2023-10-18,9184
00720B,元大投資級公司債,141,0,141,群益金鼎-台中,2023-10-18,9184
1102,亞泥,118,0,118,群益金鼎-台中,2023-10-18,9184
00795B,中信美國公債20年,100,0,100,群益金鼎-台中,2023-10-18,9184
00751B,元大AAA至A公司債,83,0,83,群益金鼎-台中,2023-10-18,9184
00679B,元大美債20年,53,0,53,群益金鼎-台中,2023-10-18,9184
6168,宏齊,152,108,44,群益金鼎-台中,2023-10-18,9184
00922,國泰台灣領袖50,41,0,41,群益金鼎-台中,2023-10-18,9184
2515,中工,36,2,34,群益金鼎-台中,2023-10-18,9184
00919,群益台灣精選高息,39,7,32,群益金鼎-台中,2023-10-18,9184
3706,神達,30,6,24,群益金鼎-台中,2023-10-18,9184
00931B,統一美債20年,23,1,22,群益金鼎-台中,2023-10-18,9184
00673R,期元大S＆P原油反1,22,0,22,群益金鼎-台中,2023-10-18,9184
3029,零壹,21,0,21,群益金鼎-台中,2023-10-18,9184
2353,宏��,22,4,18,群益金鼎-台中,2023-10-18,9184
2382,廣達,52,34,18,群益金鼎-台中,2023-10-18,9184
3024,憶聲,17,0,17,群益金鼎-台中,2023-10-18,9184
00637L,元大滬深300正2,19,2,17,群益金鼎-台中,2023-10-18,9184
6426,統新,17,0,17,群益金鼎-台中,2023-10-18,9184
2421,建準,22,5,17,群益金鼎-台中,2023-10-18,9184
5425,台半,20,4,16,群益金鼎-台中,2023-10-18,9184
6443,元晶,14,0,14,群益金鼎-台中,2023-10-18,9184
6223,旺矽,15,2,13,群益金鼎-台中,2023-10-18,9184
1101,台泥,14,2,12,群益金鼎-台中,2023-10-18,9184
2610,華航,18,6,12,群益金鼎-台中,2023-10-18,9184
00900,富邦特選高股息30,12,0,12,群益金鼎-台中,2023-10-18,9184
00680L,元大美債20正2,12,0,12,群益金鼎-台中,2023-10-18,9184
3548,兆利,68,56,12,群益金鼎-台中,2023-10-18,9184
00675L,富邦臺灣加權正2,11,0,11,群益金鼎-台中,2023-10-18,9184
6104,創惟,22,11,11,群益金鼎-台中,2023-10-18,9184
6415,矽力*-KY,11,1,10,群益金鼎-台中,2023-10-18,9184
1712,興農,11,1,10,群益金鼎-台中,2023-10-18,9184
2230,泰茂,10,0,10,群益金鼎-台中,2023-10-18,9184
6120,達運,14,4,10,群益金鼎-台中,2023-10-18,9184
6139,亞翔,17,8,9,群益金鼎-台中,2023-10-18,9184
5258,虹堡,9,0,9,群益金鼎-台中,2023-10-18,9184
3037,欣興,9,1,8,群益金鼎-台中,2023-10-18,9184
2634,漢翔,12,4,8,群益金鼎-台中,2023-10-18,9184
2201,裕隆,22,14,8,群益金鼎-台中,2023-10-18,9184
2344,華邦電,9,1,8,群益金鼎-台中,2023-10-18,9184
3437,榮創,8,0,8,群益金鼎-台中,2023-10-18,9184
4908,前鼎,50,42,8,群益金鼎-台中,2023-10-18,9184
6237,驊訊,22,14,8,群益金鼎-台中,2023-10-18,9184
3363,上詮,22,15,7,群益金鼎-台中,2023-10-18,9184
2883,凱基金,7,0,7,群益金鼎-台中,2023-10-18,9184
2330,台積電,6,0,6,群益金鼎-台中,2023-10-18,9184
2436,偉詮電,10,4,6,群益金鼎-台中,2023-10-18,9184
2303,聯電,80,74,6,群益金鼎-台中,2023-10-18,9184
4979,華星光,14,8,6,群益金鼎-台中,2023-10-18,9184
2312,金寶,100,0,100,群益金鼎-台中,2023-10-19,9184
0056,元大高股息,102,4,98,群益金鼎-台中,2023-10-19,9184
2801,彰銀,51,0,51,群益金鼎-台中,2023-10-19,9184
1101,台泥,63,12,51,群益金鼎-台中,2023-10-19,9184
00637L,元大滬深300正2,43,0,43,群益金鼎-台中,2023-10-19,9184
00929,復華台灣科技優息,51,14,37,群益金鼎-台中,2023-10-19,9184
00655L,國泰中國A50正2,36,0,36,群益金鼎-台中,2023-10-19,9184
00679B,元大美債20年,30,0,30,群益金鼎-台中,2023-10-19,9184
00680L,元大美債20正2,27,0,27,群益金鼎-台中,2023-10-19,9184
00931B,統一美債20年,25,0,25,群益金鼎-台中,2023-10-19,9184
00885,富邦越南,27,2,25,群益金鼎-台中,2023-10-19,9184
1319,東陽,26,2,24,群益金鼎-台中,2023-10-19,9184
00919,群益台灣精選高息,25,2,23,群益金鼎-台中,2023-10-19,9184
00897,富邦基因免疫生技,21,0,21,群益金鼎-台中,2023-10-19,9184
00720B,元大投資級公司債,19,0,19,群益金鼎-台中,2023-10-19,9184
6223,旺矽,22,3,19,群益金鼎-台中,2023-10-19,9184
00907,永豐優息存股,17,0,17,群益金鼎-台中,2023-10-19,9184
2606,裕民,30,13,17,群益金鼎-台中,2023-10-19,9184
3176,基亞,16,1,15,群益金鼎-台中,2023-10-19,9184
2317,鴻海,15,1,14,群益金鼎-台中,2023-10-19,9184
2607,榮運,15,1,14,群益金鼎-台中,2023-10-19,9184
3078,僑威,14,1,13,群益金鼎-台中,2023-10-19,9184
00882,中信中國高股息,12,0,12,群益金鼎-台中,2023-10-19,9184
00687B,國泰20年美債,12,0,12,群益金鼎-台中,2023-10-19,9184
3029,零壹,12,0,12,群益金鼎-台中,2023-10-19,9184
00712,復華富時不動產,11,0,11,群益金鼎-台中,2023-10-19,9184
3045,台灣大,11,0,11,群益金鼎-台中,2023-10-19,9184
3576,聯合再生,10,0,10,群益金鼎-台中,2023-10-19,9184
2002,中鋼,20,10,10,群益金鼎-台中,2023-10-19,9184
1303,南亞,10,0,10,群益金鼎-台中,2023-10-19,9184
00713,元大台灣高息低波,10,0,10,群益金鼎-台中,2023-10-19,9184
2641,正德,15,5,10,群益金鼎-台中,2023-10-19,9184
2368,金像電,17,7,10,群益金鼎-台中,2023-10-19,9184
6120,達運,10,0,10,群益金鼎-台中,2023-10-19,9184
6799,來頡,10,0,10,群益金鼎-台中,2023-10-19,9184
006208,富邦台50,10,0,10,群益金鼎-台中,2023-10-19,9184
2105,正新,11,2,9,群益金鼎-台中,2023-10-19,9184
00893,國泰智能電動車,8,0,8,群益金鼎-台中,2023-10-19,9184
8996,高力,22,14,8,群益金鼎-台中,2023-10-19,9184
4306,炎洲,8,0,8,群益金鼎-台中,2023-10-19,9184
00696B,富邦美債20年,8,0,8,群益金鼎-台中,2023-10-19,9184
2743,山富,8,0,8,群益金鼎-台中,2023-10-19,9184
00922,國泰台灣領袖50,8,0,8,群益金鼎-台中,2023-10-19,9184
1524,耿鼎,34,26,8,群益金鼎-台中,2023-10-19,9184
00751B,元大AAA至A公司債,7,0,7,群益金鼎-台中,2023-10-19,9184
2421,建準,7,0,7,群益金鼎-台中,2023-10-19,9184
6158,禾昌,9,2,7,群益金鼎-台中,2023-10-19,9184
2201,裕隆,11,5,6,群益金鼎-台中,2023-10-19,9184
1227,佳格,6,0,6,群益金鼎-台中,2023-10-19,9184
2352,佳世達,6,0,6,群益金鼎-台中,2023-10-19,9184
2801,彰銀,121,5,116,群益金鼎-台中,2023-10-20,9184
5521,工信,98,10,88,群益金鼎-台中,2023-10-20,9184
00878,國泰永續高股息,97,12,85,群益金鼎-台中,2023-10-20,9184
3045,台灣大,70,0,70,群益金鼎-台中,2023-10-20,9184
00919,群益台灣精選高息,45,1,44,群益金鼎-台中,2023-10-20,9184
5425,台半,41,0,41,群益金鼎-台中,2023-10-20,9184
1524,耿鼎,52,11,41,群益金鼎-台中,2023-10-20,9184
00679B,元大美債20年,39,0,39,群益金鼎-台中,2023-10-20,9184
00715L,期街口布蘭特正2,51,14,37,群益金鼎-台中,2023-10-20,9184
0056,元大高股息,41,4,37,群益金鼎-台中,2023-10-20,9184
2618,長榮航,53,24,29,群益金鼎-台中,2023-10-20,9184
00897,富邦基因免疫生技,23,0,23,群益金鼎-台中,2023-10-20,9184
2834,臺企銀,21,0,21,群益金鼎-台中,2023-10-20,9184
5210,寶碩,20,0,20,群益金鼎-台中,2023-10-20,9184
4552,力達-KY,23,3,20,群益金鼎-台中,2023-10-20,9184
2014,中鴻,20,0,20,群益金鼎-台中,2023-10-20,9184
2303,聯電,46,26,20,群益金鼎-台中,2023-10-20,9184
2883,凱基金,17,0,17,群益金鼎-台中,2023-10-20,9184
2888,新光金,17,0,17,群益金鼎-台中,2023-10-20,9184
2002,中鋼,17,1,16,群益金鼎-台中,2023-10-20,9184
6770,力積電,18,3,15,群益金鼎-台中,2023-10-20,9184
2353,宏��,15,1,14,群益金鼎-台中,2023-10-20,9184
00772B,中信高評級公司債,13,0,13,群益金鼎-台中,2023-10-20,9184
1101,台泥,15,3,12,群益金鼎-台中,2023-10-20,9184
5351,鈺創,12,0,12,群益金鼎-台中,2023-10-20,9184
1319,東陽,15,3,12,群益金鼎-台中,2023-10-20,9184
2886,兆豐金,11,0,11,群益金鼎-台中,2023-10-20,9184
2484,希華,10,0,10,群益金鼎-台中,2023-10-20,9184
2367,燿華,10,0,10,群益金鼎-台中,2023-10-20,9184
4960,誠美材,10,0,10,群益金鼎-台中,2023-10-20,9184
4401,東隆興,24,14,10,群益金鼎-台中,2023-10-20,9184
3276,宇環,14,4,10,群益金鼎-台中,2023-10-20,9184
00676R,富邦臺灣加權反1,10,0,10,群益金鼎-台中,2023-10-20,9184
00673R,期元大S＆P原油反1,10,0,10,群益金鼎-台中,2023-10-20,9184
6120,達運,10,0,10,群益金鼎-台中,2023-10-20,9184
00637L,元大滬深300正2,9,0,9,群益金鼎-台中,2023-10-20,9184
00933B,國泰10Y+金融債,12,3,9,群益金鼎-台中,2023-10-20,9184
2354,鴻準,11,2,9,群益金鼎-台中,2023-10-20,9184
8033,雷虎,8,0,8,群益金鼎-台中,2023-10-20,9184
3715,定穎投控,104,96,8,群益金鼎-台中,2023-10-20,9184
00665L,富邦�琤肭磪囓�2,8,0,8,群益金鼎-台中,2023-10-20,9184
3025,星通,84,76,8,群益金鼎-台中,2023-10-20,9184
3545,敦泰,8,0,8,群益金鼎-台中,2023-10-20,9184
2317,鴻海,9,1,8,群益金鼎-台中,2023-10-20,9184
8112,至上,8,1,7,群益金鼎-台中,2023-10-20,9184
1216,統一,7,0,7,群益金鼎-台中,2023-10-20,9184
3005,神基,7,0,7,群益金鼎-台中,2023-10-20,9184
3706,神達,7,0,7,群益金鼎-台中,2023-10-20,9184
2882,國泰金,9,2,7,群益金鼎-台中,2023-10-20,9184
2344,華邦電,42,35,7,群益金鼎-台中,2023-10-20,9184
00687B,國泰20年美債,147,0,147,群益金鼎-台中,2023-10-23,9184
020027,元大上櫃ESG成長N,160,80,80,群益金鼎-台中,2023-10-23,9184
00929,復華台灣科技優息,89,21,68,群益金鼎-台中,2023-10-23,9184
1785,光洋科,58,13,45,群益金鼎-台中,2023-10-23,9184
00919,群益台灣精選高息,52,20,32,群益金鼎-台中,2023-10-23,9184
6113,亞矽,69,44,25,群益金鼎-台中,2023-10-23,9184
00712,復華富時不動產,24,0,24,群益金鼎-台中,2023-10-23,9184
3094,聯傑,25,2,23,群益金鼎-台中,2023-10-23,9184
5521,工信,23,0,23,群益金鼎-台中,2023-10-23,9184
5328,華容,22,0,22,群益金鼎-台中,2023-10-23,9184
2317,鴻海,48,27,21,群益金鼎-台中,2023-10-23,9184
1727,中華化,34,14,20,群益金鼎-台中,2023-10-23,9184
2609,陽明,20,0,20,群益金鼎-台中,2023-10-23,9184
3481,群創,22,5,17,群益金鼎-台中,2023-10-23,9184
00679B,元大美債20年,17,0,17,群益金鼎-台中,2023-10-23,9184
3025,星通,26,9,17,群益金鼎-台中,2023-10-23,9184
6274,台燿,71,56,15,群益金鼎-台中,2023-10-23,9184
00878,國泰永續高股息,29,16,13,群益金鼎-台中,2023-10-23,9184
2449,京元電子,32,19,13,群益金鼎-台中,2023-10-23,9184
00888,永豐台灣ESG,12,0,12,群益金鼎-台中,2023-10-23,9184
3051,力特,71,59,12,群益金鼎-台中,2023-10-23,9184
2353,宏��,11,0,11,群益金鼎-台中,2023-10-23,9184
00931B,統一美債20年,11,0,11,群益金鼎-台中,2023-10-23,9184
6799,來頡,11,0,11,群益金鼎-台中,2023-10-23,9184
6170,統振,10,0,10,群益金鼎-台中,2023-10-23,9184
6167,久正,10,0,10,群益金鼎-台中,2023-10-23,9184
2489,瑞軒,10,0,10,群益金鼎-台中,2023-10-23,9184
2516,新建,10,0,10,群益金鼎-台中,2023-10-23,9184
6284,佳邦,10,0,10,群益金鼎-台中,2023-10-23,9184
3617,碩天,10,0,10,群益金鼎-台中,2023-10-23,9184
6695,芯鼎,11,1,10,群益金鼎-台中,2023-10-23,9184
2610,華航,11,1,10,群益金鼎-台中,2023-10-23,9184
00642U,期元大S＆P石油,10,0,10,群益金鼎-台中,2023-10-23,9184
3006,晶豪科,41,32,9,群益金鼎-台中,2023-10-23,9184
2881,富邦金,8,0,8,群益金鼎-台中,2023-10-23,9184
00720B,元大投資級公司債,8,0,8,群益金鼎-台中,2023-10-23,9184
1101,台泥,8,0,8,群益金鼎-台中,2023-10-23,9184
2352,佳世達,14,6,8,群益金鼎-台中,2023-10-23,9184
00795B,中信美國公債20年,8,0,8,群益金鼎-台中,2023-10-23,9184
3450,聯鈞,11,3,8,群益金鼎-台中,2023-10-23,9184
3230,錦明,8,0,8,群益金鼎-台中,2023-10-23,9184
3231,緯創,61,54,7,群益金鼎-台中,2023-10-23,9184
2882,國泰金,9,2,7,群益金鼎-台中,2023-10-23,9184
00751B,元大AAA至A公司債,7,0,7,群益金鼎-台中,2023-10-23,9184
00922,國泰台灣領袖50,7,0,7,群益金鼎-台中,2023-10-23,9184
1504,東元,8,1,7,群益金鼎-台中,2023-10-23,9184
9938,百和,12,5,7,群益金鼎-台中,2023-10-23,9184
2104,國際中橡,6,0,6,群益金鼎-台中,2023-10-23,9184
2888,新光金,6,0,6,群益金鼎-台中,2023-10-23,9184
4958,臻鼎-KY,6,0,6,群益金鼎-台中,2023-10-23,9184
00688L,國泰20年美債正2,100,0,100,群益金鼎-台中,2023-10-24,9184
2317,鴻海,146,51,95,群益金鼎-台中,2023-10-24,9184
00922,國泰台灣領袖50,53,0,53,群益金鼎-台中,2023-10-24,9184
2883,凱基金,47,0,47,群益金鼎-台中,2023-10-24,9184
00687B,國泰20年美債,44,3,41,群益金鼎-台中,2023-10-24,9184
00929,復華台灣科技優息,51,14,37,群益金鼎-台中,2023-10-24,9184
3715,定穎投控,114,81,33,群益金鼎-台中,2023-10-24,9184
00637L,元大滬深300正2,24,0,24,群益金鼎-台中,2023-10-24,9184
00712,復華富時不動產,24,1,23,群益金鼎-台中,2023-10-24,9184
2867,三商壽,23,0,23,群益金鼎-台中,2023-10-24,9184
00665L,富邦�琤肭磪囓�2,120,100,20,群益金鼎-台中,2023-10-24,9184
020039,元大加權N,20,0,20,群益金鼎-台中,2023-10-24,9184
2303,聯電,26,7,19,群益金鼎-台中,2023-10-24,9184
00636,國泰中國A50,17,0,17,群益金鼎-台中,2023-10-24,9184
00679B,元大美債20年,14,1,13,群益金鼎-台中,2023-10-24,9184
1568,倉佑,23,10,13,群益金鼎-台中,2023-10-24,9184
6494,九齊,14,1,13,群益金鼎-台中,2023-10-24,9184
2882,國泰金,11,0,11,群益金鼎-台中,2023-10-24,9184
2352,佳世達,12,1,11,群益金鼎-台中,2023-10-24,9184
2329,華泰,17,6,11,群益金鼎-台中,2023-10-24,9184
6122,擎邦,11,0,11,群益金鼎-台中,2023-10-24,9184
00640L,富邦日本正2,10,0,10,群益金鼎-台中,2023-10-24,9184
00897,富邦基因免疫生技,10,0,10,群益金鼎-台中,2023-10-24,9184
6168,宏齊,54,44,10,群益金鼎-台中,2023-10-24,9184
1319,東陽,10,0,10,群益金鼎-台中,2023-10-24,9184
1522,堤維西,10,0,10,群益金鼎-台中,2023-10-24,9184
2536,宏普,10,0,10,群益金鼎-台中,2023-10-24,9184
2401,凌陽,12,3,9,群益金鼎-台中,2023-10-24,9184
2834,臺企銀,9,0,9,群益金鼎-台中,2023-10-24,9184
2369,菱生,74,65,9,群益金鼎-台中,2023-10-24,9184
2634,漢翔,12,3,9,群益金鼎-台中,2023-10-24,9184
2486,一詮,10,1,9,群益金鼎-台中,2023-10-24,9184
2464,盟立,11,2,9,群益金鼎-台中,2023-10-24,9184
1618,合機,26,17,9,群益金鼎-台中,2023-10-24,9184
2109,華豐,9,0,9,群益金鼎-台中,2023-10-24,9184
00915,凱基優選高股息30,8,0,8,群益金鼎-台中,2023-10-24,9184
2449,京元電子,25,17,8,群益金鼎-台中,2023-10-24,9184
6605,帝寶,8,0,8,群益金鼎-台中,2023-10-24,9184
3122,笙泉,42,35,7,群益金鼎-台中,2023-10-24,9184
006208,富邦台50,7,0,7,群益金鼎-台中,2023-10-24,9184
1815,富喬,16,9,7,群益金鼎-台中,2023-10-24,9184
3035,智原,34,27,7,群益金鼎-台中,2023-10-24,9184
00933B,國泰10Y+金融債,6,0,6,群益金鼎-台中,2023-10-24,9184
00715L,期街口布蘭特正2,6,0,6,群益金鼎-台中,2023-10-24,9184
6150,撼訊,7,1,6,群益金鼎-台中,2023-10-24,9184
3450,聯鈞,20,14,6,群益金鼎-台中,2023-10-24,9184
00655L,國泰中國A50正2,6,0,6,群益金鼎-台中,2023-10-24,9184
2399,映泰,20,14,6,群益金鼎-台中,2023-10-24,9184
00772B,中信高評級公司債,6,0,6,群益金鼎-台中,2023-10-24,9184
3041,揚智,88,83,5,群益金鼎-台中,2023-10-24,9184
00632R,元大台灣50反1,100,0,100,群益金鼎-台中,2023-10-25,9184
5521,工信,71,0,71,群益金鼎-台中,2023-10-25,9184
00687B,國泰20年美債,57,2,55,群益金鼎-台中,2023-10-25,9184
3450,聯鈞,61,17,44,群益金鼎-台中,2023-10-25,9184
2891,中信金,43,0,43,群益金鼎-台中,2023-10-25,9184
1618,合機,56,23,33,群益金鼎-台中,2023-10-25,9184
2883,凱基金,30,0,30,群益金鼎-台中,2023-10-25,9184
2313,華通,32,2,30,群益金鼎-台中,2023-10-25,9184
2498,宏達電,30,0,30,群益金鼎-台中,2023-10-25,9184
8936,國統,74,44,30,群益金鼎-台中,2023-10-25,9184
2115,六暉-KY,29,0,29,群益金鼎-台中,2023-10-25,9184
2634,漢翔,35,6,29,群益金鼎-台中,2023-10-25,9184
2834,臺企銀,24,0,24,群益金鼎-台中,2023-10-25,9184
3037,欣興,25,1,24,群益金鼎-台中,2023-10-25,9184
1101,台泥,22,0,22,群益金鼎-台中,2023-10-25,9184
00642U,期元大S＆P石油,22,0,22,群益金鼎-台中,2023-10-25,9184
3406,玉晶光,21,0,21,群益金鼎-台中,2023-10-25,9184
1603,華電,20,0,20,群益金鼎-台中,2023-10-25,9184
8210,勤誠,27,8,19,群益金鼎-台中,2023-10-25,9184
2230,泰茂,47,30,17,群益金鼎-台中,2023-10-25,9184
2344,華邦電,18,1,17,群益金鼎-台中,2023-10-25,9184
6282,康舒,16,0,16,群益金鼎-台中,2023-10-25,9184
00919,群益台灣精選高息,17,2,15,群益金鼎-台中,2023-10-25,9184
00680L,元大美債20正2,17,2,15,群益金鼎-台中,2023-10-25,9184
3078,僑威,45,31,14,群益金鼎-台中,2023-10-25,9184
00878,國泰永續高股息,16,4,12,群益金鼎-台中,2023-10-25,9184
00931B,統一美債20年,21,9,12,群益金鼎-台中,2023-10-25,9184
6156,松上,12,0,12,群益金鼎-台中,2023-10-25,9184
3044,健鼎,17,5,12,群益金鼎-台中,2023-10-25,9184
3035,智原,36,24,12,群益金鼎-台中,2023-10-25,9184
2337,旺宏,13,2,11,群益金鼎-台中,2023-10-25,9184
2356,英業達,15,4,11,群益金鼎-台中,2023-10-25,9184
2515,中工,29,18,11,群益金鼎-台中,2023-10-25,9184
2419,仲琦,16,5,11,群益金鼎-台中,2023-10-25,9184
2609,陽明,16,5,11,群益金鼎-台中,2023-10-25,9184
3025,星通,56,45,11,群益金鼎-台中,2023-10-25,9184
2881,富邦金,11,0,11,群益金鼎-台中,2023-10-25,9184
00640L,富邦日本正2,10,0,10,群益金鼎-台中,2023-10-25,9184
2464,盟立,10,0,10,群益金鼎-台中,2023-10-25,9184
2889,國票金,10,0,10,群益金鼎-台中,2023-10-25,9184
2867,三商壽,10,0,10,群益金鼎-台中,2023-10-25,9184
6235,華孚,15,5,10,群益金鼎-台中,2023-10-25,9184
00679B,元大美債20年,15,6,9,群益金鼎-台中,2023-10-25,9184
3594,磐儀,8,0,8,群益金鼎-台中,2023-10-25,9184
2743,山富,11,3,8,群益金鼎-台中,2023-10-25,9184
6274,台燿,13,5,8,群益金鼎-台中,2023-10-25,9184
4906,正文,8,0,8,群益金鼎-台中,2023-10-25,9184
3231,緯創,67,59,8,群益金鼎-台中,2023-10-25,9184
2465,麗臺,10,2,8,群益金鼎-台中,2023-10-25,9184
00715L,期街口布蘭特正2,10,3,7,群益金鼎-台中,2023-10-25,9184
5521,工信,220,0,220,群益金鼎-台中,2023-10-26,9184
2801,彰銀,201,0,201,群益金鼎-台中,2023-10-26,9184
00929,復華台灣科技優息,131,2,129,群益金鼎-台中,2023-10-26,9184
020027,元大上櫃ESG成長N,120,0,120,群益金鼎-台中,2023-10-26,9184
2324,仁寶,101,0,101,群益金鼎-台中,2023-10-26,9184
0056,元大高股息,103,23,80,群益金鼎-台中,2023-10-26,9184
00687B,國泰20年美債,74,0,74,群益金鼎-台中,2023-10-26,9184
00885,富邦越南,67,0,67,群益金鼎-台中,2023-10-26,9184
1722,台肥,65,0,65,群益金鼎-台中,2023-10-26,9184
2344,華邦電,56,2,54,群益金鼎-台中,2023-10-26,9184
00919,群益台灣精選高息,59,5,54,群益金鼎-台中,2023-10-26,9184
2303,聯電,56,6,50,群益金鼎-台中,2023-10-26,9184
3056,富華新,40,0,40,群益金鼎-台中,2023-10-26,9184
1326,台化,38,0,38,群益金鼎-台中,2023-10-26,9184
00712,復華富時不動產,32,0,32,群益金鼎-台中,2023-10-26,9184
5328,華容,31,0,31,群益金鼎-台中,2023-10-26,9184
00878,國泰永續高股息,37,13,24,群益金鼎-台中,2023-10-26,9184
00881,國泰台灣5G+,23,0,23,群益金鼎-台中,2023-10-26,9184
00680L,元大美債20正2,22,0,22,群益金鼎-台中,2023-10-26,9184
2457,飛宏,33,11,22,群益金鼎-台中,2023-10-26,9184
3033,威健,22,0,22,群益金鼎-台中,2023-10-26,9184
2889,國票金,21,0,21,群益金鼎-台中,2023-10-26,9184
6167,久正,20,0,20,群益金鼎-台中,2023-10-26,9184
00650L,復華香港正2,20,0,20,群益金鼎-台中,2023-10-26,9184
2888,新光金,20,1,19,群益金鼎-台中,2023-10-26,9184
2312,金寶,20,1,19,群益金鼎-台中,2023-10-26,9184
1301,台塑,18,0,18,群益金鼎-台中,2023-10-26,9184
3704,合勤控,23,5,18,群益金鼎-台中,2023-10-26,9184
3078,僑威,24,7,17,群益金鼎-台中,2023-10-26,9184
3025,星通,62,45,17,群益金鼎-台中,2023-10-26,9184
3024,憶聲,16,0,16,群益金鼎-台中,2023-10-26,9184
2891,中信金,16,0,16,群益金鼎-台中,2023-10-26,9184
3437,榮創,15,0,15,群益金鼎-台中,2023-10-26,9184
0050,元大台灣50,17,3,14,群益金鼎-台中,2023-10-26,9184
00931B,統一美債20年,13,0,13,群益金鼎-台中,2023-10-26,9184
00631L,元大台灣50正2,12,0,12,群益金鼎-台中,2023-10-26,9184
6285,啟��,12,0,12,群益金鼎-台中,2023-10-26,9184
4510,高鋒,12,0,12,群益金鼎-台中,2023-10-26,9184
1802,台玻,12,0,12,群益金鼎-台中,2023-10-26,9184
1101,台泥,12,0,12,群益金鼎-台中,2023-10-26,9184
2002,中鋼,11,0,11,群益金鼎-台中,2023-10-26,9184
5351,鈺創,15,4,11,群益金鼎-台中,2023-10-26,9184
2353,宏��,11,0,11,群益金鼎-台中,2023-10-26,9184
00923,群益台ESG低碳50,11,0,11,群益金鼎-台中,2023-10-26,9184
2834,臺企銀,10,0,10,群益金鼎-台中,2023-10-26,9184
00640L,富邦日本正2,10,0,10,群益金鼎-台中,2023-10-26,9184
9919,康那香,10,0,10,群益金鼎-台中,2023-10-26,9184
1907,永豐餘,10,0,10,群益金鼎-台中,2023-10-26,9184
2610,華航,18,8,10,群益金鼎-台中,2023-10-26,9184
00713,元大台灣高息低波,9,0,9,群益金鼎-台中,2023-10-26,9184
00632R,元大台灣50反1,300,0,300,群益金鼎-台中,2023-10-27,9184
5521,工信,256,1,255,群益金鼎-台中,2023-10-27,9184
00637L,元大滬深300正2,101,0,101,群益金鼎-台中,2023-10-27,9184
00878,國泰永續高股息,219,143,76,群益金鼎-台中,2023-10-27,9184
00881,國泰台灣5G+,125,62,63,群益金鼎-台中,2023-10-27,9184
00885,富邦越南,34,0,34,群益金鼎-台中,2023-10-27,9184
00919,群益台灣精選高息,36,4,32,群益金鼎-台中,2023-10-27,9184
1722,台肥,23,0,23,群益金鼎-台中,2023-10-27,9184
2329,華泰,28,6,22,群益金鼎-台中,2023-10-27,9184
3041,揚智,31,11,20,群益金鼎-台中,2023-10-27,9184
2520,冠德,20,0,20,群益金鼎-台中,2023-10-27,9184
9904,寶成,20,0,20,群益金鼎-台中,2023-10-27,9184
3056,富華新,20,0,20,群益金鼎-台中,2023-10-27,9184
5351,鈺創,18,0,18,群益金鼎-台中,2023-10-27,9184
6139,亞翔,23,8,15,群益金鼎-台中,2023-10-27,9184
00929,復華台灣科技優息,44,30,14,群益金鼎-台中,2023-10-27,9184
2457,飛宏,15,1,14,群益金鼎-台中,2023-10-27,9184
5511,德昌,13,0,13,群益金鼎-台中,2023-10-27,9184
2352,佳世達,13,0,13,群益金鼎-台中,2023-10-27,9184
2369,菱生,69,57,12,群益金鼎-台中,2023-10-27,9184
6492,生華科,22,11,11,群益金鼎-台中,2023-10-27,9184
6133,金橋,11,0,11,群益金鼎-台中,2023-10-27,9184
2834,臺企銀,11,1,10,群益金鼎-台中,2023-10-27,9184
4533,協易機,10,0,10,群益金鼎-台中,2023-10-27,9184
3450,聯鈞,14,4,10,群益金鼎-台中,2023-10-27,9184
00640L,富邦日本正2,10,0,10,群益金鼎-台中,2023-10-27,9184
3711,日月光投控,10,0,10,群益金鼎-台中,2023-10-27,9184
2449,京元電子,10,0,10,群益金鼎-台中,2023-10-27,9184
3669,圓展,10,0,10,群益金鼎-台中,2023-10-27,9184
00757,統一FANG+,10,0,10,群益金鼎-台中,2023-10-27,9184
1234,黑松,10,0,10,群益金鼎-台中,2023-10-27,9184
2515,中工,10,0,10,群益金鼎-台中,2023-10-27,9184
2915,潤泰全,10,0,10,群益金鼎-台中,2023-10-27,9184
2888,新光金,10,0,10,群益金鼎-台中,2023-10-27,9184
1721,三晃,12,3,9,群益金鼎-台中,2023-10-27,9184
00687B,國泰20年美債,10,1,9,群益金鼎-台中,2023-10-27,9184
3363,上詮,18,9,9,群益金鼎-台中,2023-10-27,9184
3017,奇鋐,15,6,9,群益金鼎-台中,2023-10-27,9184
0056,元大高股息,11,2,9,群益金鼎-台中,2023-10-27,9184
2388,威盛,37,29,8,群益金鼎-台中,2023-10-27,9184
1795,美時,42,35,7,群益金鼎-台中,2023-10-27,9184
00931B,統一美債20年,12,5,7,群益金鼎-台中,2023-10-27,9184
1504,東元,9,2,7,群益金鼎-台中,2023-10-27,9184
3037,欣興,11,4,7,群益金鼎-台中,2023-10-27,9184
3094,聯傑,13,6,7,群益金鼎-台中,2023-10-27,9184
3013,晟銘電,29,22,7,群益金鼎-台中,2023-10-27,9184
2344,華邦電,7,0,7,群益金鼎-台中,2023-10-27,9184
1618,合機,7,0,7,群益金鼎-台中,2023-10-27,9184
5009,榮剛,9,2,7,群益金鼎-台中,2023-10-27,9184
2465,麗臺,7,0,7,群益金鼎-台中,2023-10-27,9184
5521,工信,130,4,126,群益金鼎-台中,2023-10-30,9184
2801,彰銀,51,0,51,群益金鼎-台中,2023-10-30,9184
2317,鴻海,106,59,47,群益金鼎-台中,2023-10-30,9184
2618,長榮航,48,2,46,群益金鼎-台中,2023-10-30,9184
1722,台肥,42,2,40,群益金鼎-台中,2023-10-30,9184
00933B,國泰10Y+金融債,31,0,31,群益金鼎-台中,2023-10-30,9184
00642U,期元大S＆P石油,25,0,25,群益金鼎-台中,2023-10-30,9184
3056,富華新,20,0,20,群益金鼎-台中,2023-10-30,9184
3532,台勝科,20,1,19,群益金鼎-台中,2023-10-30,9184
2498,宏達電,21,2,19,群益金鼎-台中,2023-10-30,9184
2897,王道銀行,18,0,18,群益金鼎-台中,2023-10-30,9184
6117,迎廣,64,47,17,群益金鼎-台中,2023-10-30,9184
2417,圓剛,25,8,17,群益金鼎-台中,2023-10-30,9184
00720B,元大投資級公司債,47,30,17,群益金鼎-台中,2023-10-30,9184
00680L,元大美債20正2,21,4,17,群益金鼎-台中,2023-10-30,9184
2356,英業達,37,21,16,群益金鼎-台中,2023-10-30,9184
3576,聯合再生,35,19,16,群益金鼎-台中,2023-10-30,9184
00679B,元大美債20年,16,0,16,群益金鼎-台中,2023-10-30,9184
3706,神達,27,11,16,群益金鼎-台中,2023-10-30,9184
2485,兆赫,64,49,15,群益金鼎-台中,2023-10-30,9184
3450,聯鈞,16,2,14,群益金鼎-台中,2023-10-30,9184
3438,類比科,16,3,13,群益金鼎-台中,2023-10-30,9184
00919,群益台灣精選高息,15,2,13,群益金鼎-台中,2023-10-30,9184
1524,耿鼎,20,8,12,群益金鼎-台中,2023-10-30,9184
4123,晟德,33,22,11,群益金鼎-台中,2023-10-30,9184
2330,台積電,12,1,11,群益金鼎-台中,2023-10-30,9184
00931B,統一美債20年,12,1,11,群益金鼎-台中,2023-10-30,9184
00929,復華台灣科技優息,13,2,11,群益金鼎-台中,2023-10-30,9184
2465,麗臺,19,9,10,群益金鼎-台中,2023-10-30,9184
2836,高雄銀,10,0,10,群益金鼎-台中,2023-10-30,9184
00640L,富邦日本正2,10,0,10,群益金鼎-台中,2023-10-30,9184
3055,蔚華科,10,0,10,群益金鼎-台中,2023-10-30,9184
6216,居易,22,12,10,群益金鼎-台中,2023-10-30,9184
5469,瀚宇博,10,0,10,群益金鼎-台中,2023-10-30,9184
3231,緯創,60,51,9,群益金鼎-台中,2023-10-30,9184
2884,玉山金,9,0,9,群益金鼎-台中,2023-10-30,9184
00850,元大臺灣ESG永續,9,0,9,群益金鼎-台中,2023-10-30,9184
2520,冠德,11,2,9,群益金鼎-台中,2023-10-30,9184
2834,臺企銀,9,0,9,群益金鼎-台中,2023-10-30,9184
3346,麗清,8,0,8,群益金鼎-台中,2023-10-30,9184
2301,光寶科,11,3,8,群益金鼎-台中,2023-10-30,9184
3078,僑威,16,9,7,群益金鼎-台中,2023-10-30,9184
3290,東浦,13,6,7,群益金鼎-台中,2023-10-30,9184
3059,華晶科,7,0,7,群益金鼎-台中,2023-10-30,9184
2634,漢翔,7,0,7,群益金鼎-台中,2023-10-30,9184
006206,元大上證50,7,0,7,群益金鼎-台中,2023-10-30,9184
006208,富邦台50,6,0,6,群益金鼎-台中,2023-10-30,9184
2887,台新金,6,0,6,群益金鼎-台中,2023-10-30,9184
1457,宜進,6,0,6,群益金鼎-台中,2023-10-30,9184
00885,富邦越南,7,1,6,群益金鼎-台中,2023-10-30,9184
1722,台肥,75,0,75,群益金鼎-台中,2023-10-31,9184
00878,國泰永續高股息,88,31,57,群益金鼎-台中,2023-10-31,9184
2618,長榮航,57,2,55,群益金鼎-台中,2023-10-31,9184
2344,華邦電,58,5,53,群益金鼎-台中,2023-10-31,9184
020027,元大上櫃ESG成長N,40,0,40,群益金鼎-台中,2023-10-31,9184
2369,菱生,36,1,35,群益金鼎-台中,2023-10-31,9184
2115,六暉-KY,33,0,33,群益金鼎-台中,2023-10-31,9184
2883,凱基金,33,0,33,群益金鼎-台中,2023-10-31,9184
0056,元大高股息,29,1,28,群益金鼎-台中,2023-10-31,9184
00712,復華富時不動產,26,2,24,群益金鼎-台中,2023-10-31,9184
3596,智易,24,2,22,群益金鼎-台中,2023-10-31,9184
00929,復華台灣科技優息,27,6,21,群益金鼎-台中,2023-10-31,9184
00650L,復華香港正2,20,0,20,群益金鼎-台中,2023-10-31,9184
3268,海德威,34,14,20,群益金鼎-台中,2023-10-31,9184
2201,裕隆,24,4,20,群益金鼎-台中,2023-10-31,9184
2609,陽明,19,1,18,群益金鼎-台中,2023-10-31,9184
6257,矽格,20,2,18,群益金鼎-台中,2023-10-31,9184
00679B,元大美債20年,17,0,17,群益金鼎-台中,2023-10-31,9184
5521,工信,28,11,17,群益金鼎-台中,2023-10-31,9184
2888,新光金,17,0,17,群益金鼎-台中,2023-10-31,9184
2836,高雄銀,19,2,17,群益金鼎-台中,2023-10-31,9184
3029,零壹,16,0,16,群益金鼎-台中,2023-10-31,9184
3704,合勤控,44,28,16,群益金鼎-台中,2023-10-31,9184
6209,今國光,15,0,15,群益金鼎-台中,2023-10-31,9184
2388,威盛,64,49,15,群益金鼎-台中,2023-10-31,9184
2382,廣達,58,44,14,群益金鼎-台中,2023-10-31,9184
3260,威剛,21,7,14,群益金鼎-台中,2023-10-31,9184
2891,中信金,14,0,14,群益金鼎-台中,2023-10-31,9184
3715,定穎投控,133,120,13,群益金鼎-台中,2023-10-31,9184
3272,東碩,13,0,13,群益金鼎-台中,2023-10-31,9184
5351,鈺創,13,0,13,群益金鼎-台中,2023-10-31,9184
2615,萬海,12,0,12,群益金鼎-台中,2023-10-31,9184
00665L,富邦�琤肭磪囓�2,12,0,12,群益金鼎-台中,2023-10-31,9184
00715L,期街口布蘭特正2,12,0,12,群益金鼎-台中,2023-10-31,9184
2312,金寶,11,0,11,群益金鼎-台中,2023-10-31,9184
3041,揚智,13,2,11,群益金鼎-台中,2023-10-31,9184
4768,晶呈科技,11,0,11,群益金鼎-台中,2023-10-31,9184
00918,大華優利高填息30,11,0,11,群益金鼎-台中,2023-10-31,9184
2867,三商壽,10,0,10,群益金鼎-台中,2023-10-31,9184
2376,技嘉,23,13,10,群益金鼎-台中,2023-10-31,9184
3122,笙泉,62,52,10,群益金鼎-台中,2023-10-31,9184
2353,宏��,10,0,10,群益金鼎-台中,2023-10-31,9184
2457,飛宏,15,5,10,群益金鼎-台中,2023-10-31,9184
3372,典範,12,2,10,群益金鼎-台中,2023-10-31,9184
00752,中信中國50,10,0,10,群益金鼎-台中,2023-10-31,9184
6274,台燿,20,10,10,群益金鼎-台中,2023-10-31,9184
9938,百和,13,3,10,群益金鼎-台中,2023-10-31,9184
2313,華通,24,14,10,群益金鼎-台中,2023-10-31,9184
3035,智原,46,37,9,群益金鼎-台中,2023-10-31,9184
3189,景碩,14,5,9,群益金鼎-台中,2023-10-31,9184
00688L,國泰20年美債正2,500,0,500,群益金鼎-台中,2023-11-01,9184
00919,群益台灣精選高息,285,7,278,群益金鼎-台中,2023-11-01,9184
2618,長榮航,127,18,109,群益金鼎-台中,2023-11-01,9184
00642U,期元大S＆P石油,105,0,105,群益金鼎-台中,2023-11-01,9184
5521,工信,101,0,101,群益金鼎-台中,2023-11-01,9184
00934,中信成長高股息,67,0,67,群益金鼎-台中,2023-11-01,9184
00935,野村臺灣新科技50,79,13,66,群益金鼎-台中,2023-11-01,9184
00679B,元大美債20年,34,2,32,群益金鼎-台中,2023-11-01,9184
4306,炎洲,29,0,29,群益金鼎-台中,2023-11-01,9184
00712,復華富時不動產,26,1,25,群益金鼎-台中,2023-11-01,9184
00637L,元大滬深300正2,50,28,22,群益金鼎-台中,2023-11-01,9184
2353,宏��,21,0,21,群益金鼎-台中,2023-11-01,9184
00751B,元大AAA至A公司債,19,0,19,群益金鼎-台中,2023-11-01,9184
00720B,元大投資級公司債,28,10,18,群益金鼎-台中,2023-11-01,9184
2363,矽統,21,3,18,群益金鼎-台中,2023-11-01,9184
1326,台化,16,0,16,群益金鼎-台中,2023-11-01,9184
00680L,元大美債20正2,15,0,15,群益金鼎-台中,2023-11-01,9184
2634,漢翔,17,3,14,群益金鼎-台中,2023-11-01,9184
00715L,期街口布蘭特正2,13,0,13,群益金鼎-台中,2023-11-01,9184
00931B,統一美債20年,11,0,11,群益金鼎-台中,2023-11-01,9184
1301,台塑,11,0,11,群益金鼎-台中,2023-11-01,9184
2457,飛宏,11,0,11,群益金鼎-台中,2023-11-01,9184
2358,廷鑫,41,31,10,群益金鼎-台中,2023-11-01,9184
2891,中信金,10,0,10,群益金鼎-台中,2023-11-01,9184
00795B,中信美國公債20年,10,0,10,群益金鼎-台中,2023-11-01,9184
5483,中美晶,23,13,10,群益金鼎-台中,2023-11-01,9184
3532,台勝科,10,0,10,群益金鼎-台中,2023-11-01,9184
4967,十銓,35,25,10,群益金鼎-台中,2023-11-01,9184
2883,凱基金,10,0,10,群益金鼎-台中,2023-11-01,9184
00885,富邦越南,9,0,9,群益金鼎-台中,2023-11-01,9184
6492,生華科,19,10,9,群益金鼎-台中,2023-11-01,9184
00687B,國泰20年美債,8,0,8,群益金鼎-台中,2023-11-01,9184
2427,三商電,13,5,8,群益金鼎-台中,2023-11-01,9184
2486,一詮,9,1,8,群益金鼎-台中,2023-11-01,9184
2609,陽明,7,0,7,群益金鼎-台中,2023-11-01,9184
6290,良維,7,0,7,群益金鼎-台中,2023-11-01,9184
8054,安國,26,19,7,群益金鼎-台中,2023-11-01,9184
2308,台達電,6,0,6,群益金鼎-台中,2023-11-01,9184
3450,聯鈞,29,23,6,群益金鼎-台中,2023-11-01,9184
4973,廣穎,6,0,6,群益金鼎-台中,2023-11-01,9184
3122,笙泉,21,15,6,群益金鼎-台中,2023-11-01,9184
1609,大亞,6,0,6,群益金鼎-台中,2023-11-01,9184
3163,波若威,6,0,6,群益金鼎-台中,2023-11-01,9184
1909,榮成,6,0,6,群益金鼎-台中,2023-11-01,9184
00878,國泰永續高股息,57,51,6,群益金鼎-台中,2023-11-01,9184
9105,泰金寶-DR,30,25,5,群益金鼎-台中,2023-11-01,9184
2454,聯發科,6,1,5,群益金鼎-台中,2023-11-01,9184
6143,振曜,5,0,5,群益金鼎-台中,2023-11-01,9184
3011,今皓,7,2,5,群益金鼎-台中,2023-11-01,9184
00752,中信中國50,5,0,5,群益金鼎-台中,2023-11-01,9184
00680L,元大美債20正2,62,2,60,群益金鼎-台中,2023-11-02,9184
00632R,元大台灣50反1,195,150,45,群益金鼎-台中,2023-11-02,9184
4306,炎洲,40,0,40,群益金鼎-台中,2023-11-02,9184
4552,力達-KY,40,0,40,群益金鼎-台中,2023-11-02,9184
00934,中信成長高股息,25,3,22,群益金鼎-台中,2023-11-02,9184
1449,佳和,22,0,22,群益金鼎-台中,2023-11-02,9184
3715,定穎投控,124,103,21,群益金鼎-台中,2023-11-02,9184
6415,矽力*-KY,22,2,20,群益金鼎-台中,2023-11-02,9184
2618,長榮航,31,11,20,群益金鼎-台中,2023-11-02,9184
3481,群創,25,10,15,群益金鼎-台中,2023-11-02,9184
2329,華泰,22,7,15,群益金鼎-台中,2023-11-02,9184
3576,聯合再生,14,0,14,群益金鼎-台中,2023-11-02,9184
2328,廣宇,15,2,13,群益金鼎-台中,2023-11-02,9184
2363,矽統,29,16,13,群益金鼎-台中,2023-11-02,9184
6117,迎廣,20,8,12,群益金鼎-台中,2023-11-02,9184
2367,燿華,13,2,11,群益金鼎-台中,2023-11-02,9184
3260,威剛,39,28,11,群益金鼎-台中,2023-11-02,9184
6290,良維,11,0,11,群益金鼎-台中,2023-11-02,9184
2376,技嘉,27,16,11,群益金鼎-台中,2023-11-02,9184
4510,高鋒,10,0,10,群益金鼎-台中,2023-11-02,9184
00664R,國泰臺灣加權反1,10,0,10,群益金鼎-台中,2023-11-02,9184
8927,北基,9,0,9,群益金鼎-台中,2023-11-02,9184
1760,寶齡富錦,19,10,9,群益金鼎-台中,2023-11-02,9184
9904,寶成,25,17,8,群益金鼎-台中,2023-11-02,9184
8086,宏捷科,10,2,8,群益金鼎-台中,2023-11-02,9184
8227,巨有科技,7,0,7,群益金鼎-台中,2023-11-02,9184
00679B,元大美債20年,9,2,7,群益金鼎-台中,2023-11-02,9184
2002,中鋼,10,3,7,群益金鼎-台中,2023-11-02,9184
8050,廣積,8,1,7,群益金鼎-台中,2023-11-02,9184
3231,緯創,49,43,6,群益金鼎-台中,2023-11-02,9184
4915,致伸,19,13,6,群益金鼎-台中,2023-11-02,9184
8271,宇瞻,7,1,6,群益金鼎-台中,2023-11-02,9184
1815,富喬,34,28,6,群益金鼎-台中,2023-11-02,9184
3322,建舜電,13,7,6,群益金鼎-台中,2023-11-02,9184
2516,新建,6,0,6,群益金鼎-台中,2023-11-02,9184
3078,僑威,20,14,6,群益金鼎-台中,2023-11-02,9184
6202,盛群,5,0,5,群益金鼎-台中,2023-11-02,9184
00715L,期街口布蘭特正2,5,0,5,群益金鼎-台中,2023-11-02,9184
00725B,國泰投資級公司債,5,0,5,群益金鼎-台中,2023-11-02,9184
2316,楠梓電,5,0,5,群益金鼎-台中,2023-11-02,9184
9958,世紀鋼,21,16,5,群益金鼎-台中,2023-11-02,9184
00669R,國泰美國道瓊反1,5,0,5,群益金鼎-台中,2023-11-02,9184
00643,群益深証中小,5,0,5,群益金鼎-台中,2023-11-02,9184
3025,星通,12,7,5,群益金鼎-台中,2023-11-02,9184
3122,笙泉,22,17,5,群益金鼎-台中,2023-11-02,9184
2836,高雄銀,5,0,5,群益金鼎-台中,2023-11-02,9184
1522,堤維西,6,1,5,群益金鼎-台中,2023-11-02,9184
6128,上福,5,0,5,群益金鼎-台中,2023-11-02,9184
8476,台境*,5,0,5,群益金鼎-台中,2023-11-02,9184
2485,兆赫,5,0,5,群益金鼎-台中,2023-11-02,9184
00878,國泰永續高股息,121,10,111,群益金鼎-台中,2023-11-03,9184
2363,矽統,203,162,41,群益金鼎-台中,2023-11-03,9184
6533,晶心科,32,0,32,群益金鼎-台中,2023-11-03,9184
00935,野村臺灣新科技50,31,0,31,群益金鼎-台中,2023-11-03,9184
4142,國光生,30,0,30,群益金鼎-台中,2023-11-03,9184
8442,威宏-KY,24,0,24,群益金鼎-台中,2023-11-03,9184
8086,宏捷科,38,14,24,群益金鼎-台中,2023-11-03,9184
00687B,國泰20年美債,27,7,20,群益金鼎-台中,2023-11-03,9184
6285,啟��,45,25,20,群益金鼎-台中,2023-11-03,9184
3325,旭品,19,0,19,群益金鼎-台中,2023-11-03,9184
2014,中鴻,18,0,18,群益金鼎-台中,2023-11-03,9184
2421,建準,19,1,18,群益金鼎-台中,2023-11-03,9184
4167,松瑞藥,18,0,18,群益金鼎-台中,2023-11-03,9184
2356,英業達,29,12,17,群益金鼎-台中,2023-11-03,9184
1584,精剛,17,0,17,群益金鼎-台中,2023-11-03,9184
2610,華航,20,4,16,群益金鼎-台中,2023-11-03,9184
3231,緯創,48,33,15,群益金鼎-台中,2023-11-03,9184
6558,興能高,13,2,11,群益金鼎-台中,2023-11-03,9184
2836,高雄銀,11,0,11,群益金鼎-台中,2023-11-03,9184
6156,松上,20,9,11,群益金鼎-台中,2023-11-03,9184
3025,星通,18,7,11,群益金鼎-台中,2023-11-03,9184
3545,敦泰,11,0,11,群益金鼎-台中,2023-11-03,9184
2301,光寶科,20,9,11,群益金鼎-台中,2023-11-03,9184
00706L,期元大S＆P日圓正2,10,0,10,群益金鼎-台中,2023-11-03,9184
2520,冠德,10,0,10,群益金鼎-台中,2023-11-03,9184
00922,國泰台灣領袖50,10,0,10,群益金鼎-台中,2023-11-03,9184
00671R,富邦NASDAQ反1,10,0,10,群益金鼎-台中,2023-11-03,9184
00664R,國泰臺灣加權反1,10,0,10,群益金鼎-台中,2023-11-03,9184
00669R,國泰美國道瓊反1,10,0,10,群益金鼎-台中,2023-11-03,9184
8088,品安,21,11,10,群益金鼎-台中,2023-11-03,9184
6112,邁達特,10,0,10,群益金鼎-台中,2023-11-03,9184
2303,聯電,26,17,9,群益金鼎-台中,2023-11-03,9184
2382,廣達,43,33,10,群益金鼎-台中,2023-11-03,9184
2458,義隆,16,7,9,群益金鼎-台中,2023-11-03,9184
8150,南茂,9,1,8,群益金鼎-台中,2023-11-03,9184
2015,豐興,8,0,8,群益金鼎-台中,2023-11-03,9184
6155,鈞寶,10,2,8,群益金鼎-台中,2023-11-03,9184
6672,騰輝電子-KY,8,0,8,群益金鼎-台中,2023-11-03,9184
2618,長榮航,109,101,8,群益金鼎-台中,2023-11-03,9184
8046,南電,7,0,7,群益金鼎-台中,2023-11-03,9184
2731,雄獅,7,0,7,群益金鼎-台中,2023-11-03,9184
6284,佳邦,12,5,7,群益金鼎-台中,2023-11-03,9184
2482,連宇,6,0,6,群益金鼎-台中,2023-11-03,9184
00648R,元大S＆P500反1,6,0,6,群益金鼎-台中,2023-11-03,9184
3005,神基,6,0,6,群益金鼎-台中,2023-11-03,9184
00751B,元大AAA至A公司債,6,0,6,群益金鼎-台中,2023-11-03,9184
8163,達方,11,6,5,群益金鼎-台中,2023-11-03,9184
6114,久威,5,0,5,群益金鼎-台中,2023-11-03,9184
4938,和碩,5,0,5,群益金鼎-台中,2023-11-03,9184
8068,全達,16,11,5,群益金鼎-台中,2023-11-03,9184
9904,寶成,60,0,60,群益金鼎-台中,2023-11-06,9184
00885,富邦越南,61,3,58,群益金鼎-台中,2023-11-06,9184
2610,華航,59,6,53,群益金鼎-台中,2023-11-06,9184
00688L,國泰20年美債正2,50,0,50,群益金鼎-台中,2023-11-06,9184
6770,力積電,52,9,43,群益金鼎-台中,2023-11-06,9184
00671R,富邦NASDAQ反1,40,0,40,群益金鼎-台中,2023-11-06,9184
3071,協禧,40,0,40,群益金鼎-台中,2023-11-06,9184
3596,智易,38,2,36,群益金鼎-台中,2023-11-06,9184
00934,中信成長高股息,35,0,35,群益金鼎-台中,2023-11-06,9184
00648R,元大S＆P500反1,33,0,33,群益金鼎-台中,2023-11-06,9184
2618,長榮航,181,152,29,群益金鼎-台中,2023-11-06,9184
2484,希華,23,0,23,群益金鼎-台中,2023-11-06,9184
00915,凱基優選高股息30,33,10,23,群益金鼎-台中,2023-11-06,9184
00712,復華富時不動產,32,9,23,群益金鼎-台中,2023-11-06,9184
1599,宏佳騰,21,0,21,群益金鼎-台中,2023-11-06,9184
5521,工信,20,0,20,群益金鼎-台中,2023-11-06,9184
00692,富邦公司治理,20,0,20,群益金鼎-台中,2023-11-06,9184
4939,亞電,20,0,20,群益金鼎-台中,2023-11-06,9184
00687B,國泰20年美債,23,5,18,群益金鼎-台中,2023-11-06,9184
1785,光洋科,33,15,18,群益金鼎-台中,2023-11-06,9184
00679B,元大美債20年,21,4,17,群益金鼎-台中,2023-11-06,9184
1609,大亞,20,4,16,群益金鼎-台中,2023-11-06,9184
2401,凌陽,21,5,16,群益金鼎-台中,2023-11-06,9184
00664R,國泰臺灣加權反1,15,0,15,群益金鼎-台中,2023-11-06,9184
6415,矽力*-KY,22,7,15,群益金鼎-台中,2023-11-06,9184
00720B,元大投資級公司債,16,2,14,群益金鼎-台中,2023-11-06,9184
3545,敦泰,18,4,14,群益金鼎-台中,2023-11-06,9184
00715L,期街口布蘭特正2,14,0,14,群益金鼎-台中,2023-11-06,9184
4967,十銓,44,31,13,群益金鼎-台中,2023-11-06,9184
1721,三晃,58,45,13,群益金鼎-台中,2023-11-06,9184
2206,三陽工業,14,1,13,群益金鼎-台中,2023-11-06,9184
9958,世紀鋼,16,4,12,群益金鼎-台中,2023-11-06,9184
2388,威盛,133,122,11,群益金鼎-台中,2023-11-06,9184
4961,天鈺,14,3,11,群益金鼎-台中,2023-11-06,9184
00751B,元大AAA至A公司債,16,5,11,群益金鼎-台中,2023-11-06,9184
00669R,國泰美國道瓊反1,10,0,10,群益金鼎-台中,2023-11-06,9184
00772B,中信高評級公司債,10,0,10,群益金鼎-台中,2023-11-06,9184
2836,高雄銀,10,0,10,群益金鼎-台中,2023-11-06,9184
3032,偉訓,10,0,10,群益金鼎-台中,2023-11-06,9184
1568,倉佑,11,1,10,群益金鼎-台中,2023-11-06,9184
4909,新復興,10,0,10,群益金鼎-台中,2023-11-06,9184
8110,華東,10,0,10,群益金鼎-台中,2023-11-06,9184
6139,亞翔,24,14,10,群益金鼎-台中,2023-11-06,9184
2408,南亞科,9,0,9,群益金鼎-台中,2023-11-06,9184
9945,潤泰新,10,1,9,群益金鼎-台中,2023-11-06,9184
8048,德勝,9,0,9,群益金鼎-台中,2023-11-06,9184
1722,台肥,45,36,9,群益金鼎-台中,2023-11-06,9184
3702,大聯大,11,2,9,群益金鼎-台中,2023-11-06,9184
2891,中信金,11,2,9,群益金鼎-台中,2023-11-06,9184
8069,元太,9,1,8,群益金鼎-台中,2023-11-06,9184
00642U,期元大S＆P石油,101,0,101,群益金鼎-台中,2023-11-07,9184
00919,群益台灣精選高息,68,12,56,群益金鼎-台中,2023-11-07,9184
00688L,國泰20年美債正2,52,0,52,群益金鼎-台中,2023-11-07,9184
00878,國泰永續高股息,62,13,49,群益金鼎-台中,2023-11-07,9184
00900,富邦特選高股息30,40,4,36,群益金鼎-台中,2023-11-07,9184
2371,大同,29,1,28,群益金鼎-台中,2023-11-07,9184
00640L,富邦日本正2,25,0,25,群益金鼎-台中,2023-11-07,9184
00772B,中信高評級公司債,25,0,25,群益金鼎-台中,2023-11-07,9184
2359,所羅門,28,4,24,群益金鼎-台中,2023-11-07,9184
00687B,國泰20年美債,24,2,22,群益金鼎-台中,2023-11-07,9184
3041,揚智,25,4,21,群益金鼎-台中,2023-11-07,9184
1524,耿鼎,22,1,21,群益金鼎-台中,2023-11-07,9184
00773B,中信優先金融債,20,0,20,群益金鼎-台中,2023-11-07,9184
2007,燁興,23,4,19,群益金鼎-台中,2023-11-07,9184
6533,晶心科,23,4,19,群益金鼎-台中,2023-11-07,9184
2634,漢翔,24,6,18,群益金鼎-台中,2023-11-07,9184
2891,中信金,18,0,18,群益金鼎-台中,2023-11-07,9184
00715L,期街口布蘭特正2,17,0,17,群益金鼎-台中,2023-11-07,9184
5521,工信,23,6,17,群益金鼎-台中,2023-11-07,9184
00922,國泰台灣領袖50,20,3,17,群益金鼎-台中,2023-11-07,9184
2615,萬海,17,0,17,群益金鼎-台中,2023-11-07,9184
2409,友達,20,5,15,群益金鼎-台中,2023-11-07,9184
2002,中鋼,17,2,15,群益金鼎-台中,2023-11-07,9184
3264,欣銓,17,2,15,群益金鼎-台中,2023-11-07,9184
6274,台燿,21,6,15,群益金鼎-台中,2023-11-07,9184
3105,穩懋,17,3,14,群益金鼎-台中,2023-11-07,9184
3221,台嘉碩,15,2,13,群益金鼎-台中,2023-11-07,9184
2748,雲品,39,27,12,群益金鼎-台中,2023-11-07,9184
6492,生華科,15,3,12,群益金鼎-台中,2023-11-07,9184
00915,凱基優選高股息30,12,0,12,群益金鼎-台中,2023-11-07,9184
6733,博晟生醫,12,0,12,群益金鼎-台中,2023-11-07,9184
2317,鴻海,12,1,11,群益金鼎-台中,2023-11-07,9184
00680L,元大美債20正2,11,0,11,群益金鼎-台中,2023-11-07,9184
4566,時碩工業,10,0,10,群益金鼎-台中,2023-11-07,9184
4909,新復興,10,0,10,群益金鼎-台中,2023-11-07,9184
1717,長興,10,0,10,群益金鼎-台中,2023-11-07,9184
6209,今國光,10,0,10,群益金鼎-台中,2023-11-07,9184
6901,鑽石投資,14,4,10,群益金鼎-台中,2023-11-07,9184
2367,燿華,10,0,10,群益金鼎-台中,2023-11-07,9184
4114,健喬,9,0,9,群益金鼎-台中,2023-11-07,9184
00885,富邦越南,10,1,9,群益金鼎-台中,2023-11-07,9184
8069,元太,9,1,8,群益金鼎-台中,2023-11-07,9184
00679B,元大美債20年,8,0,8,群益金鼎-台中,2023-11-07,9184
3450,聯鈞,14,6,8,群益金鼎-台中,2023-11-07,9184
1326,台化,8,0,8,群益金鼎-台中,2023-11-07,9184
6279,胡連,8,0,8,群益金鼎-台中,2023-11-07,9184
1519,華城,17,10,7,群益金鼎-台中,2023-11-07,9184
3035,智原,28,21,7,群益金鼎-台中,2023-11-07,9184
2344,華邦電,11,4,7,群益金鼎-台中,2023-11-07,9184
00720B,元大投資級公司債,7,0,7,群益金鼎-台中,2023-11-07,9184
5521,工信,203,45,158,群益金鼎-台中,2023-11-08,9184
00642U,期元大S＆P石油,111,0,111,群益金鼎-台中,2023-11-08,9184
00933B,國泰10Y+金融債,201,105,96,群益金鼎-台中,2023-11-08,9184
4167,松瑞藥,57,1,56,群益金鼎-台中,2023-11-08,9184
00720B,元大投資級公司債,52,0,52,群益金鼎-台中,2023-11-08,9184
00715L,期街口布蘭特正2,48,0,48,群益金鼎-台中,2023-11-08,9184
1722,台肥,48,0,48,群益金鼎-台中,2023-11-08,9184
2610,華航,53,7,46,群益金鼎-台中,2023-11-08,9184
6290,良維,83,39,44,群益金鼎-台中,2023-11-08,9184
6415,矽力*-KY,45,4,41,群益金鼎-台中,2023-11-08,9184
00936,台新永續高息中小,41,0,41,群益金鼎-台中,2023-11-08,9184
020027,元大上櫃ESG成長N,84,44,40,群益金鼎-台中,2023-11-08,9184
8936,國統,44,6,38,群益金鼎-台中,2023-11-08,9184
2609,陽明,43,5,38,群益金鼎-台中,2023-11-08,9184
00934,中信成長高股息,32,0,32,群益金鼎-台中,2023-11-08,9184
2739,寒舍,28,0,28,群益金鼎-台中,2023-11-08,9184
6901,鑽石投資,37,9,28,群益金鼎-台中,2023-11-08,9184
9938,百和,30,3,27,群益金鼎-台中,2023-11-08,9184
5351,鈺創,24,1,23,群益金鼎-台中,2023-11-08,9184
2515,中工,23,1,22,群益金鼎-台中,2023-11-08,9184
2488,漢平,22,1,21,群益金鼎-台中,2023-11-08,9184
2618,長榮航,62,42,20,群益金鼎-台中,2023-11-08,9184
00935,野村臺灣新科技50,20,0,20,群益金鼎-台中,2023-11-08,9184
2615,萬海,20,0,20,群益金鼎-台中,2023-11-08,9184
00671R,富邦NASDAQ反1,20,0,20,群益金鼎-台中,2023-11-08,9184
1815,富喬,35,15,20,群益金鼎-台中,2023-11-08,9184
2363,矽統,115,95,20,群益金鼎-台中,2023-11-08,9184
2462,良得電,23,4,19,群益金鼎-台中,2023-11-08,9184
6593,台灣銘板,18,0,18,群益金鼎-台中,2023-11-08,9184
2388,威盛,69,54,15,群益金鼎-台中,2023-11-08,9184
1314,中石化,15,0,15,群益金鼎-台中,2023-11-08,9184
1326,台化,19,5,14,群益金鼎-台中,2023-11-08,9184
00915,凱基優選高股息30,13,0,13,群益金鼎-台中,2023-11-08,9184
2402,毅嘉,11,0,11,群益金鼎-台中,2023-11-08,9184
3346,麗清,11,0,11,群益金鼎-台中,2023-11-08,9184
00929,復華台灣科技優息,41,31,10,群益金鼎-台中,2023-11-08,9184
2425,承啟,10,0,10,群益金鼎-台中,2023-11-08,9184
1717,長興,10,0,10,群益金鼎-台中,2023-11-08,9184
4552,力達-KY,10,0,10,群益金鼎-台中,2023-11-08,9184
4157,太景*-KY,10,0,10,群益金鼎-台中,2023-11-08,9184
00640L,富邦日本正2,10,0,10,群益金鼎-台中,2023-11-08,9184
00923,群益台ESG低碳50,10,0,10,群益金鼎-台中,2023-11-08,9184
4909,新復興,10,0,10,群益金鼎-台中,2023-11-08,9184
00921,兆豐龍頭等權重,10,0,10,群益金鼎-台中,2023-11-08,9184
5009,榮剛,15,5,10,群益金鼎-台中,2023-11-08,9184
2376,技嘉,26,16,10,群益金鼎-台中,2023-11-08,9184
4162,智擎,16,7,9,群益金鼎-台中,2023-11-08,9184
4128,中天,70,61,9,群益金鼎-台中,2023-11-08,9184
4729,熒茂,9,0,9,群益金鼎-台中,2023-11-08,9184
8240,華宏,9,0,9,群益金鼎-台中,2023-11-08,9184
00878,國泰永續高股息,93,1,92,群益金鼎-台中,2023-11-09,9184
00929,復華台灣科技優息,101,11,90,群益金鼎-台中,2023-11-09,9184
2618,長榮航,52,2,50,群益金鼎-台中,2023-11-09,9184
00688L,國泰20年美債正2,50,0,50,群益金鼎-台中,2023-11-09,9184
00919,群益台灣精選高息,49,0,49,群益金鼎-台中,2023-11-09,9184
00715L,期街口布蘭特正2,49,0,49,群益金鼎-台中,2023-11-09,9184
5347,世界,44,0,44,群益金鼎-台中,2023-11-09,9184
8043,蜜望實,39,0,39,群益金鼎-台中,2023-11-09,9184
00885,富邦越南,40,4,36,群益金鼎-台中,2023-11-09,9184
00650L,復華香港正2,35,0,35,群益金鼎-台中,2023-11-09,9184
00935,野村臺灣新科技50,31,0,31,群益金鼎-台中,2023-11-09,9184
4128,中天,47,16,31,群益金鼎-台中,2023-11-09,9184
3044,健鼎,31,2,29,群益金鼎-台中,2023-11-09,9184
6593,台灣銘板,29,0,29,群益金鼎-台中,2023-11-09,9184
9904,寶成,30,3,27,群益金鼎-台中,2023-11-09,9184
2356,英業達,29,3,26,群益金鼎-台中,2023-11-09,9184
00934,中信成長高股息,23,0,23,群益金鼎-台中,2023-11-09,9184
3483,力致,45,23,22,群益金鼎-台中,2023-11-09,9184
00752,中信中國50,20,0,20,群益金鼎-台中,2023-11-09,9184
00712,復華富時不動產,20,0,20,群益金鼎-台中,2023-11-09,9184
4167,松瑞藥,24,4,20,群益金鼎-台中,2023-11-09,9184
1314,中石化,19,0,19,群益金鼎-台中,2023-11-09,9184
2329,華泰,76,60,16,群益金鼎-台中,2023-11-09,9184
1522,堤維西,129,114,15,群益金鼎-台中,2023-11-09,9184
00637L,元大滬深300正2,15,0,15,群益金鼎-台中,2023-11-09,9184
00900,富邦特選高股息30,14,0,14,群益金鼎-台中,2023-11-09,9184
2421,建準,27,14,13,群益金鼎-台中,2023-11-09,9184
2610,華航,18,5,13,群益金鼎-台中,2023-11-09,9184
6116,彩晶,13,0,13,群益金鼎-台中,2023-11-09,9184
6139,亞翔,16,4,12,群益金鼎-台中,2023-11-09,9184
6901,鑽石投資,17,5,12,群益金鼎-台中,2023-11-09,9184
1584,精剛,17,6,11,群益金鼎-台中,2023-11-09,9184
1519,華城,16,5,11,群益金鼎-台中,2023-11-09,9184
2115,六暉-KY,11,0,11,群益金鼎-台中,2023-11-09,9184
2313,華通,14,3,11,群益金鼎-台中,2023-11-09,9184
2882,國泰金,11,0,11,群益金鼎-台中,2023-11-09,9184
1324,地球,11,0,11,群益金鼎-台中,2023-11-09,9184
1717,長興,10,0,10,群益金鼎-台中,2023-11-09,9184
1789,神隆,10,0,10,群益金鼎-台中,2023-11-09,9184
6243,迅杰,14,4,10,群益金鼎-台中,2023-11-09,9184
5388,中磊,11,1,10,群益金鼎-台中,2023-11-09,9184
8930,青鋼,10,0,10,群益金鼎-台中,2023-11-09,9184
00671R,富邦NASDAQ反1,10,0,10,群益金鼎-台中,2023-11-09,9184
1471,首利,12,2,10,群益金鼎-台中,2023-11-09,9184
8111,立��,10,0,10,群益金鼎-台中,2023-11-09,9184
2889,國票金,10,0,10,群益金鼎-台中,2023-11-09,9184
6285,啟��,11,1,10,群益金鼎-台中,2023-11-09,9184
1503,士電,9,0,9,群益金鼎-台中,2023-11-09,9184
6125,廣運,15,6,9,群益金鼎-台中,2023-11-09,9184
1101,台泥,9,0,9,群益金鼎-台中,2023-11-09,9184
4306,炎洲,84,0,84,群益金鼎-台中,2023-11-10,9184
00885,富邦越南,79,0,79,群益金鼎-台中,2023-11-10,9184
00878,國泰永續高股息,87,23,64,群益金鼎-台中,2023-11-10,9184
00919,群益台灣精選高息,59,0,59,群益金鼎-台中,2023-11-10,9184
00665L,富邦�琤肭磪囓�2,100,50,50,群益金鼎-台中,2023-11-10,9184
9904,寶成,60,15,45,群益金鼎-台中,2023-11-10,9184
1326,台化,41,0,41,群益金鼎-台中,2023-11-10,9184
2889,國票金,40,0,40,群益金鼎-台中,2023-11-10,9184
00687B,國泰20年美債,37,2,35,群益金鼎-台中,2023-11-10,9184
00795B,中信美國公債20年,33,0,33,群益金鼎-台中,2023-11-10,9184
2615,萬海,33,1,32,群益金鼎-台中,2023-11-10,9184
3056,富華新,30,0,30,群益金鼎-台中,2023-11-10,9184
6593,台灣銘板,29,0,29,群益金鼎-台中,2023-11-10,9184
00680L,元大美債20正2,39,11,28,群益金鼎-台中,2023-11-10,9184
00900,富邦特選高股息30,27,1,26,群益金鼎-台中,2023-11-10,9184
00712,復華富時不動產,30,4,26,群益金鼎-台中,2023-11-10,9184
00934,中信成長高股息,38,12,26,群益金鼎-台中,2023-11-10,9184
00929,復華台灣科技優息,25,0,25,群益金鼎-台中,2023-11-10,9184
00882,中信中國高股息,25,0,25,群益金鼎-台中,2023-11-10,9184
5328,華容,25,0,25,群益金鼎-台中,2023-11-10,9184
2363,矽統,144,120,24,群益金鼎-台中,2023-11-10,9184
1301,台塑,29,5,24,群益金鼎-台中,2023-11-10,9184
2882,國泰金,24,0,24,群益金鼎-台中,2023-11-10,9184
8940,新天地,20,0,20,群益金鼎-台中,2023-11-10,9184
00897,富邦基因免疫生技,20,0,20,群益金鼎-台中,2023-11-10,9184
2353,宏��,29,10,19,群益金鼎-台中,2023-11-10,9184
00650L,復華香港正2,24,5,19,群益金鼎-台中,2023-11-10,9184
2115,六暉-KY,18,0,18,群益金鼎-台中,2023-11-10,9184
1584,精剛,23,5,18,群益金鼎-台中,2023-11-10,9184
00772B,中信高評級公司債,19,1,18,群益金鼎-台中,2023-11-10,9184
3041,揚智,22,6,16,群益金鼎-台中,2023-11-10,9184
5347,世界,15,0,15,群益金鼎-台中,2023-11-10,9184
2467,志聖,15,0,15,群益金鼎-台中,2023-11-10,9184
2634,漢翔,15,1,14,群益金鼎-台中,2023-11-10,9184
00637L,元大滬深300正2,16,2,14,群益金鼎-台中,2023-11-10,9184
2609,陽明,25,11,14,群益金鼎-台中,2023-11-10,9184
1101,台泥,13,0,13,群益金鼎-台中,2023-11-10,9184
00631L,元大台灣50正2,14,1,13,群益金鼎-台中,2023-11-10,9184
2313,華通,54,42,12,群益金鼎-台中,2023-11-10,9184
00935,野村臺灣新科技50,12,1,11,群益金鼎-台中,2023-11-10,9184
00720B,元大投資級公司債,10,0,10,群益金鼎-台中,2023-11-10,9184
020027,元大上櫃ESG成長N,170,160,10,群益金鼎-台中,2023-11-10,9184
2516,新建,10,0,10,群益金鼎-台中,2023-11-10,9184
6271,同欣電,11,1,10,群益金鼎-台中,2023-11-10,9184
3013,晟銘電,22,12,10,群益金鼎-台中,2023-11-10,9184
6284,佳邦,12,2,10,群益金鼎-台中,2023-11-10,9184
2382,廣達,36,27,9,群益金鼎-台中,2023-11-10,9184
2425,承啟,10,1,9,群益金鼎-台中,2023-11-10,9184
2387,精元,17,8,9,群益金鼎-台中,2023-11-10,9184
2449,京元電子,12,3,9,群益金鼎-台中,2023-11-10,9184
9904,寶成,184,0,184,群益金鼎-台中,2023-11-13,9184
00933B,國泰10Y+金融債,120,10,110,群益金鼎-台中,2023-11-13,9184
6593,台灣銘板,89,5,84,群益金鼎-台中,2023-11-13,9184
00878,國泰永續高股息,94,13,81,群益金鼎-台中,2023-11-13,9184
00671R,富邦NASDAQ反1,70,0,70,群益金鼎-台中,2023-11-13,9184
00931B,統一美債20年,68,0,68,群益金鼎-台中,2023-11-13,9184
00885,富邦越南,60,0,60,群益金鼎-台中,2023-11-13,9184
020027,元大上櫃ESG成長N,90,40,50,群益金鼎-台中,2023-11-13,9184
2486,一詮,50,1,49,群益金鼎-台中,2023-11-13,9184
00882,中信中國高股息,41,0,41,群益金鼎-台中,2023-11-13,9184
3056,富華新,35,0,35,群益金鼎-台中,2023-11-13,9184
3583,辛耘,35,2,33,群益金鼎-台中,2023-11-13,9184
00850,元大臺灣ESG永續,30,0,30,群益金鼎-台中,2023-11-13,9184
4306,炎洲,28,0,28,群益金鼎-台中,2023-11-13,9184
5328,華容,26,0,26,群益金鼎-台中,2023-11-13,9184
00632R,元大台灣50反1,152,131,21,群益金鼎-台中,2023-11-13,9184
6613,朋億*,20,0,20,群益金鼎-台中,2023-11-13,9184
00935,野村臺灣新科技50,20,0,20,群益金鼎-台中,2023-11-13,9184
00712,復華富時不動產,28,12,16,群益金鼎-台中,2023-11-13,9184
8940,新天地,27,12,15,群益金鼎-台中,2023-11-13,9184
00637L,元大滬深300正2,15,0,15,群益金鼎-台中,2023-11-13,9184
00687B,國泰20年美債,21,6,15,群益金鼎-台中,2023-11-13,9184
2618,長榮航,30,15,15,群益金鼎-台中,2023-11-13,9184
00679B,元大美債20年,24,10,14,群益金鼎-台中,2023-11-13,9184
00650L,復華香港正2,14,0,14,群益金鼎-台中,2023-11-13,9184
00655L,國泰中國A50正2,13,0,13,群益金鼎-台中,2023-11-13,9184
6901,鑽石投資,38,26,12,群益金鼎-台中,2023-11-13,9184
2462,良得電,14,2,12,群益金鼎-台中,2023-11-13,9184
2313,華通,114,102,12,群益金鼎-台中,2023-11-13,9184
6235,華孚,14,2,12,群益金鼎-台中,2023-11-13,9184
2353,宏��,14,2,12,群益金鼎-台中,2023-11-13,9184
2369,菱生,31,20,11,群益金鼎-台中,2023-11-13,9184
2206,三陽工業,14,3,11,群益金鼎-台中,2023-11-13,9184
2376,技嘉,28,17,11,群益金鼎-台中,2023-11-13,9184
00648R,元大S＆P500反1,10,0,10,群益金鼎-台中,2023-11-13,9184
2007,燁興,10,0,10,群益金鼎-台中,2023-11-13,9184
9938,百和,10,0,10,群益金鼎-台中,2023-11-13,9184
00915,凱基優選高股息30,10,0,10,群益金鼎-台中,2023-11-13,9184
4183,福永生技,10,0,10,群益金鼎-台中,2023-11-13,9184
3045,台灣大,10,0,10,群益金鼎-台中,2023-11-13,9184
2850,新產,10,0,10,群益金鼎-台中,2023-11-13,9184
0056,元大高股息,11,2,9,群益金鼎-台中,2023-11-13,9184
2402,毅嘉,20,11,9,群益金鼎-台中,2023-11-13,9184
4916,事欣科,9,0,9,群益金鼎-台中,2023-11-13,9184
2888,新光金,9,0,9,群益金鼎-台中,2023-11-13,9184
4915,致伸,10,1,9,群益金鼎-台中,2023-11-13,9184
00636,國泰中國A50,9,0,9,群益金鼎-台中,2023-11-13,9184
2204,中華,9,1,8,群益金鼎-台中,2023-11-13,9184
2352,佳世達,8,0,8,群益金鼎-台中,2023-11-13,9184
3013,晟銘電,15,7,8,群益金鼎-台中,2023-11-13,9184
2883,凱基金,177,0,177,群益金鼎-台中,2023-11-14,9184
2834,臺企銀,175,3,172,群益金鼎-台中,2023-11-14,9184
6139,亞翔,73,14,59,群益金鼎-台中,2023-11-14,9184
3094,聯傑,65,14,51,群益金鼎-台中,2023-11-14,9184
8473,山林水,50,0,50,群益金鼎-台中,2023-11-14,9184
2515,中工,38,0,38,群益金鼎-台中,2023-11-14,9184
3260,威剛,50,15,35,群益金鼎-台中,2023-11-14,9184
3231,緯創,62,30,32,群益金鼎-台中,2023-11-14,9184
2498,宏達電,43,13,30,群益金鼎-台中,2023-11-14,9184
8936,國統,28,2,26,群益金鼎-台中,2023-11-14,9184
9904,寶成,40,15,25,群益金鼎-台中,2023-11-14,9184
4960,誠美材,22,0,22,群益金鼎-台中,2023-11-14,9184
2606,裕民,30,10,20,群益金鼎-台中,2023-11-14,9184
00692,富邦公司治理,20,0,20,群益金鼎-台中,2023-11-14,9184
2323,中環,16,0,16,群益金鼎-台中,2023-11-14,9184
2486,一詮,16,2,14,群益金鼎-台中,2023-11-14,9184
1449,佳和,14,0,14,群益金鼎-台中,2023-11-14,9184
1605,華新,13,0,13,群益金鼎-台中,2023-11-14,9184
1815,富喬,15,2,13,群益金鼎-台中,2023-11-14,9184
2390,云辰,12,0,12,群益金鼎-台中,2023-11-14,9184
6122,擎邦,134,122,12,群益金鼎-台中,2023-11-14,9184
3041,揚智,14,3,11,群益金鼎-台中,2023-11-14,9184
5258,虹堡,24,13,11,群益金鼎-台中,2023-11-14,9184
3035,智原,26,16,10,群益金鼎-台中,2023-11-14,9184
6005,群益證,10,0,10,群益金鼎-台中,2023-11-14,9184
00669R,國泰美國道瓊反1,10,0,10,群益金鼎-台中,2023-11-14,9184
2027,大成鋼,10,0,10,群益金鼎-台中,2023-11-14,9184
00671R,富邦NASDAQ反1,10,0,10,群益金鼎-台中,2023-11-14,9184
4129,聯合,9,0,9,群益金鼎-台中,2023-11-14,9184
2402,毅嘉,52,43,9,群益金鼎-台中,2023-11-14,9184
2482,連宇,8,0,8,群益金鼎-台中,2023-11-14,9184
2355,敬鵬,114,106,8,群益金鼎-台中,2023-11-14,9184
2369,菱生,13,5,8,群益金鼎-台中,2023-11-14,9184
2492,華新科,10,3,7,群益金鼎-台中,2023-11-14,9184
00712,復華富時不動產,7,0,7,群益金鼎-台中,2023-11-14,9184
1504,東元,7,0,7,群益金鼎-台中,2023-11-14,9184
6282,康舒,9,3,6,群益金鼎-台中,2023-11-14,9184
2442,新美齊,6,0,6,群益金鼎-台中,2023-11-14,9184
2915,潤泰全,6,0,6,群益金鼎-台中,2023-11-14,9184
2421,建準,18,12,6,群益金鼎-台中,2023-11-14,9184
3483,力致,8,2,6,群益金鼎-台中,2023-11-14,9184
1568,倉佑,22,16,6,群益金鼎-台中,2023-11-14,9184
00931B,統一美債20年,6,0,6,群益金鼎-台中,2023-11-14,9184
2374,佳能,5,0,5,群益金鼎-台中,2023-11-14,9184
4763,材料-KY,12,7,5,群益金鼎-台中,2023-11-14,9184
1101,台泥,5,0,5,群益金鼎-台中,2023-11-14,9184
2427,三商電,7,2,5,群益金鼎-台中,2023-11-14,9184
2534,宏盛,5,0,5,群益金鼎-台中,2023-11-14,9184
4167,松瑞藥,5,0,5,群益金鼎-台中,2023-11-14,9184
3450,聯鈞,13,8,5,群益金鼎-台中,2023-11-14,9184
00632R,元大台灣50反1,230,18,212,群益金鼎-台中,2023-11-15,9184
00671R,富邦NASDAQ反1,150,0,150,群益金鼎-台中,2023-11-15,9184
00720B,元大投資級公司債,96,7,89,群益金鼎-台中,2023-11-15,9184
00688L,國泰20年美債正2,60,0,60,群益金鼎-台中,2023-11-15,9184
00885,富邦越南,60,1,59,群益金鼎-台中,2023-11-15,9184
00878,國泰永續高股息,121,68,53,群益金鼎-台中,2023-11-15,9184
2498,宏達電,60,7,53,群益金鼎-台中,2023-11-15,9184
00679B,元大美債20年,59,17,42,群益金鼎-台中,2023-11-15,9184
6127,九豪,45,3,42,群益金鼎-台中,2023-11-15,9184
00648R,元大S＆P500反1,40,0,40,群益金鼎-台中,2023-11-15,9184
6770,力積電,41,4,37,群益金鼎-台中,2023-11-15,9184
2363,矽統,125,90,35,群益金鼎-台中,2023-11-15,9184
1722,台肥,55,20,35,群益金鼎-台中,2023-11-15,9184
00637L,元大滬深300正2,35,0,35,群益金鼎-台中,2023-11-15,9184
2882,國泰金,112,79,33,群益金鼎-台中,2023-11-15,9184
2603,長榮,42,11,31,群益金鼎-台中,2023-11-15,9184
00669R,國泰美國道瓊反1,30,0,30,群益金鼎-台中,2023-11-15,9184
3706,神達,49,20,29,群益金鼎-台中,2023-11-15,9184
2376,技嘉,46,19,27,群益金鼎-台中,2023-11-15,9184
2609,陽明,38,14,24,群益金鼎-台中,2023-11-15,9184
3035,智原,51,29,22,群益金鼎-台中,2023-11-15,9184
00935,野村臺灣新科技50,20,0,20,群益金鼎-台中,2023-11-15,9184
020027,元大上櫃ESG成長N,60,40,20,群益金鼎-台中,2023-11-15,9184
3588,通嘉,38,18,20,群益金鼎-台中,2023-11-15,9184
2618,長榮航,43,24,19,群益金鼎-台中,2023-11-15,9184
1514,亞力,25,8,17,群益金鼎-台中,2023-11-15,9184
2355,敬鵬,51,34,17,群益金鼎-台中,2023-11-15,9184
6005,群益證,20,5,15,群益金鼎-台中,2023-11-15,9184
2449,京元電子,20,6,14,群益金鼎-台中,2023-11-15,9184
1319,東陽,14,0,14,群益金鼎-台中,2023-11-15,9184
6284,佳邦,29,15,14,群益金鼎-台中,2023-11-15,9184
3017,奇鋐,28,14,14,群益金鼎-台中,2023-11-15,9184
1101,台泥,14,0,14,群益金鼎-台中,2023-11-15,9184
2722,夏都,14,2,12,群益金鼎-台中,2023-11-15,9184
1603,華電,11,0,11,群益金鼎-台中,2023-11-15,9184
6122,擎邦,77,66,11,群益金鼎-台中,2023-11-15,9184
6664,群翊,11,1,10,群益金鼎-台中,2023-11-15,9184
3027,盛達,10,0,10,群益金鼎-台中,2023-11-15,9184
00636,國泰中國A50,10,0,10,群益金鼎-台中,2023-11-15,9184
6516,勤崴國際,10,0,10,群益金鼎-台中,2023-11-15,9184
2387,精元,14,5,9,群益金鼎-台中,2023-11-15,9184
3025,星通,21,12,9,群益金鼎-台中,2023-11-15,9184
6806,森崴能源,8,0,8,群益金鼎-台中,2023-11-15,9184
2002,中鋼,11,3,8,群益金鼎-台中,2023-11-15,9184
9907,統一實,10,2,8,群益金鼎-台中,2023-11-15,9184
2353,宏��,14,6,8,群益金鼎-台中,2023-11-15,9184
5530,龍巖,8,0,8,群益金鼎-台中,2023-11-15,9184
3450,聯鈞,19,11,8,群益金鼎-台中,2023-11-15,9184
5388,中磊,8,0,8,群益金鼎-台中,2023-11-15,9184
1609,大亞,9,2,7,群益金鼎-台中,2023-11-15,9184
2618,長榮航,390,304,86,群益金鼎-台中,2023-11-16,9184
00687B,國泰20年美債,65,0,65,群益金鼎-台中,2023-11-16,9184
1102,亞泥,63,2,61,群益金鼎-台中,2023-11-16,9184
00715L,期街口布蘭特正2,59,0,59,群益金鼎-台中,2023-11-16,9184
2409,友達,60,1,59,群益金鼎-台中,2023-11-16,9184
00878,國泰永續高股息,80,21,59,群益金鼎-台中,2023-11-16,9184
00795B,中信美國公債20年,48,1,47,群益金鼎-台中,2023-11-16,9184
00679B,元大美債20年,38,0,38,群益金鼎-台中,2023-11-16,9184
2353,宏��,35,0,35,群益金鼎-台中,2023-11-16,9184
2371,大同,36,3,33,群益金鼎-台中,2023-11-16,9184
6122,擎邦,32,3,29,群益金鼎-台中,2023-11-16,9184
1101,台泥,29,1,28,群益金鼎-台中,2023-11-16,9184
1815,富喬,51,26,25,群益金鼎-台中,2023-11-16,9184
00669R,國泰美國道瓊反1,25,0,25,群益金鼎-台中,2023-11-16,9184
2344,華邦電,37,13,24,群益金鼎-台中,2023-11-16,9184
00931B,統一美債20年,22,0,22,群益金鼎-台中,2023-11-16,9184
2882,國泰金,57,35,22,群益金鼎-台中,2023-11-16,9184
2027,大成鋼,31,10,21,群益金鼎-台中,2023-11-16,9184
3035,智原,45,26,19,群益金鼎-台中,2023-11-16,9184
2014,中鴻,24,7,17,群益金鼎-台中,2023-11-16,9184
6695,芯鼎,20,3,17,群益金鼎-台中,2023-11-16,9184
5706,鳳凰,22,6,16,群益金鼎-台中,2023-11-16,9184
5258,虹堡,13,1,12,群益金鼎-台中,2023-11-16,9184
2417,圓剛,86,74,12,群益金鼎-台中,2023-11-16,9184
6282,康舒,14,2,12,群益金鼎-台中,2023-11-16,9184
6156,松上,10,0,10,群益金鼎-台中,2023-11-16,9184
4128,中天,11,1,10,群益金鼎-台中,2023-11-16,9184
4164,承業醫,10,0,10,群益金鼎-台中,2023-11-16,9184
3694,海華,11,1,10,群益金鼎-台中,2023-11-16,9184
00936,台新永續高息中小,10,0,10,群益金鼎-台中,2023-11-16,9184
2402,毅嘉,45,35,10,群益金鼎-台中,2023-11-16,9184
8034,榮群,10,0,10,群益金鼎-台中,2023-11-16,9184
2850,新產,10,0,10,群益金鼎-台中,2023-11-16,9184
6209,今國光,10,0,10,群益金鼎-台中,2023-11-16,9184
4945,陞達科技,8,0,8,群益金鼎-台中,2023-11-16,9184
3141,晶宏,8,0,8,群益金鼎-台中,2023-11-16,9184
6558,興能高,8,0,8,群益金鼎-台中,2023-11-16,9184
2462,良得電,9,1,8,群益金鼎-台中,2023-11-16,9184
2734,易飛網,8,0,8,群益金鼎-台中,2023-11-16,9184
2324,仁寶,8,1,7,群益金鼎-台中,2023-11-16,9184
2388,威盛,87,80,7,群益金鼎-台中,2023-11-16,9184
6625,必應,13,6,7,群益金鼎-台中,2023-11-16,9184
5392,能率,7,0,7,群益金鼎-台中,2023-11-16,9184
9904,寶成,97,90,7,群益金鼎-台中,2023-11-16,9184
1605,華新,11,5,6,群益金鼎-台中,2023-11-16,9184
6274,台燿,12,6,6,群益金鼎-台中,2023-11-16,9184
3032,偉訓,6,0,6,群益金鼎-台中,2023-11-16,9184
2634,漢翔,10,4,6,群益金鼎-台中,2023-11-16,9184
2401,凌陽,7,1,6,群益金鼎-台中,2023-11-16,9184
8088,品安,23,17,6,群益金鼎-台中,2023-11-16,9184
00632R,元大台灣50反1,125,0,125,群益金鼎-台中,2023-11-17,9184
2801,彰銀,105,7,98,群益金鼎-台中,2023-11-17,9184
1326,台化,76,2,74,群益金鼎-台中,2023-11-17,9184
00752,中信中國50,53,4,49,群益金鼎-台中,2023-11-17,9184
00715L,期街口布蘭特正2,55,15,40,群益金鼎-台中,2023-11-17,9184
8936,國統,31,3,28,群益金鼎-台中,2023-11-17,9184
00919,群益台灣精選高息,32,11,21,群益金鼎-台中,2023-11-17,9184
6257,矽格,20,0,20,群益金鼎-台中,2023-11-17,9184
3024,憶聲,19,0,19,群益金鼎-台中,2023-11-17,9184
2353,宏��,17,0,17,群益金鼎-台中,2023-11-17,9184
00679B,元大美債20年,17,0,17,群益金鼎-台中,2023-11-17,9184
00712,復華富時不動產,16,0,16,群益金鼎-台中,2023-11-17,9184
00650L,復華香港正2,16,0,16,群益金鼎-台中,2023-11-17,9184
2618,長榮航,157,142,15,群益金鼎-台中,2023-11-17,9184
00648R,元大S＆P500反1,15,0,15,群益金鼎-台中,2023-11-17,9184
00931B,統一美債20年,14,0,14,群益金鼎-台中,2023-11-17,9184
2204,中華,20,6,14,群益金鼎-台中,2023-11-17,9184
2367,燿華,16,2,14,群益金鼎-台中,2023-11-17,9184
3715,定穎投控,43,30,13,群益金鼎-台中,2023-11-17,9184
2301,光寶科,16,3,13,群益金鼎-台中,2023-11-17,9184
2405,輔信,268,255,13,群益金鼎-台中,2023-11-17,9184
2409,友達,28,17,11,群益金鼎-台中,2023-11-17,9184
00637L,元大滬深300正2,11,0,11,群益金鼎-台中,2023-11-17,9184
2838,聯邦銀,10,0,10,群益金鼎-台中,2023-11-17,9184
6167,久正,10,0,10,群益金鼎-台中,2023-11-17,9184
8097,常珵,10,0,10,群益金鼎-台中,2023-11-17,9184
8040,九暘,10,0,10,群益金鼎-台中,2023-11-17,9184
4167,松瑞藥,10,0,10,群益金鼎-台中,2023-11-17,9184
4129,聯合,10,0,10,群益金鼎-台中,2023-11-17,9184
00665L,富邦�琤肭磪囓�2,10,0,10,群益金鼎-台中,2023-11-17,9184
00669R,國泰美國道瓊反1,10,0,10,群益金鼎-台中,2023-11-17,9184
6414,樺漢,10,0,10,群益金鼎-台中,2023-11-17,9184
3231,緯創,21,11,10,群益金鼎-台中,2023-11-17,9184
4909,新復興,9,0,9,群益金鼎-台中,2023-11-17,9184
5443,均豪,16,7,9,群益金鼎-台中,2023-11-17,9184
00687B,國泰20年美債,63,54,9,群益金鼎-台中,2023-11-17,9184
2002,中鋼,11,2,9,群益金鼎-台中,2023-11-17,9184
3450,聯鈞,24,16,8,群益金鼎-台中,2023-11-17,9184
6127,九豪,18,10,8,群益金鼎-台中,2023-11-17,9184
3036,文曄,9,1,8,群益金鼎-台中,2023-11-17,9184
5258,虹堡,7,0,7,群益金鼎-台中,2023-11-17,9184
3533,嘉澤,7,0,7,群益金鼎-台中,2023-11-17,9184
3217,優群,9,2,7,群益金鼎-台中,2023-11-17,9184
3260,威剛,13,6,7,群益金鼎-台中,2023-11-17,9184
4746,台耀,8,1,7,群益金鼎-台中,2023-11-17,9184
00720B,元大投資級公司債,7,0,7,群益金鼎-台中,2023-11-17,9184
2332,友訊,8,2,6,群益金鼎-台中,2023-11-17,9184
2603,長榮,7,1,6,群益金鼎-台中,2023-11-17,9184
2743,山富,21,15,6,群益金鼎-台中,2023-11-17,9184
8163,達方,7,1,6,群益金鼎-台中,2023-11-17,9184
1402,遠東新,175,1,174,群益金鼎-台中,2023-11-20,9184
00687B,國泰20年美債,128,0,128,群益金鼎-台中,2023-11-20,9184
9904,寶成,101,0,101,群益金鼎-台中,2023-11-20,9184
5351,鈺創,116,22,94,群益金鼎-台中,2023-11-20,9184
020027,元大上櫃ESG成長N,85,0,85,群益金鼎-台中,2023-11-20,9184
1722,台肥,69,0,69,群益金鼎-台中,2023-11-20,9184
00929,復華台灣科技優息,103,51,52,群益金鼎-台中,2023-11-20,9184
1598,岱宇,51,0,51,群益金鼎-台中,2023-11-20,9184
2313,華通,75,37,38,群益金鼎-台中,2023-11-20,9184
2356,英業達,46,10,36,群益金鼎-台中,2023-11-20,9184
2618,長榮航,107,78,29,群益金鼎-台中,2023-11-20,9184
6163,華電網,28,0,28,群益金鼎-台中,2023-11-20,9184
2402,毅嘉,50,23,27,群益金鼎-台中,2023-11-20,9184
2915,潤泰全,29,4,25,群益金鼎-台中,2023-11-20,9184
00935,野村臺灣新科技50,23,0,23,群益金鼎-台中,2023-11-20,9184
6235,華孚,29,6,23,群益金鼎-台中,2023-11-20,9184
00878,國泰永續高股息,26,5,21,群益金鼎-台中,2023-11-20,9184
3149,正達,22,1,21,群益金鼎-台中,2023-11-20,9184
3260,威剛,29,8,21,群益金鼎-台中,2023-11-20,9184
2812,台中銀,20,0,20,群益金鼎-台中,2023-11-20,9184
4533,協易機,19,0,19,群益金鼎-台中,2023-11-20,9184
6139,亞翔,42,25,17,群益金鼎-台中,2023-11-20,9184
5706,鳳凰,24,7,17,群益金鼎-台中,2023-11-20,9184
6125,廣運,42,25,17,群益金鼎-台中,2023-11-20,9184
5244,弘凱,16,0,16,群益金鼎-台中,2023-11-20,9184
1605,華新,20,4,16,群益金鼎-台中,2023-11-20,9184
6770,力積電,21,7,14,群益金鼎-台中,2023-11-20,9184
3025,星通,18,5,13,群益金鼎-台中,2023-11-20,9184
1522,堤維西,14,2,12,群益金鼎-台中,2023-11-20,9184
3035,智原,53,42,11,群益金鼎-台中,2023-11-20,9184
00900,富邦特選高股息30,11,0,11,群益金鼎-台中,2023-11-20,9184
2816,旺旺保,10,0,10,群益金鼎-台中,2023-11-20,9184
6243,迅杰,27,17,10,群益金鼎-台中,2023-11-20,9184
00919,群益台灣精選高息,27,17,10,群益金鼎-台中,2023-11-20,9184
1603,華電,10,0,10,群益金鼎-台中,2023-11-20,9184
00751B,元大AAA至A公司債,13,3,10,群益金鼎-台中,2023-11-20,9184
2002,中鋼,10,0,10,群益金鼎-台中,2023-11-20,9184
2258,鴻華先進-創,10,0,10,群益金鼎-台中,2023-11-20,9184
5519,隆大,12,2,10,群益金鼎-台中,2023-11-20,9184
6108,競國,12,2,10,群益金鼎-台中,2023-11-20,9184
00931B,統一美債20年,10,0,10,群益金鼎-台中,2023-11-20,9184
6156,松上,10,0,10,群益金鼎-台中,2023-11-20,9184
8261,富鼎,16,6,10,群益金鼎-台中,2023-11-20,9184
2838,聯邦銀,10,0,10,群益金鼎-台中,2023-11-20,9184
6290,良維,9,0,9,群益金鼎-台中,2023-11-20,9184
1524,耿鼎,25,16,9,群益金鼎-台中,2023-11-20,9184
6517,保勝光學,9,0,9,群益金鼎-台中,2023-11-20,9184
5521,工信,17,8,9,群益金鼎-台中,2023-11-20,9184
2105,正新,9,0,9,群益金鼎-台中,2023-11-20,9184
6168,宏齊,13,5,8,群益金鼎-台中,2023-11-20,9184
00632R,元大台灣50反1,371,10,361,群益金鼎-台中,2023-11-21,9184
00706L,期元大S＆P日圓正2,101,0,101,群益金鼎-台中,2023-11-21,9184
00929,復華台灣科技優息,87,10,77,群益金鼎-台中,2023-11-21,9184
00671R,富邦NASDAQ反1,65,0,65,群益金鼎-台中,2023-11-21,9184
3541,西柏,63,1,62,群益金鼎-台中,2023-11-21,9184
1504,東元,55,2,53,群益金鼎-台中,2023-11-21,9184
2313,華通,122,85,37,群益金鼎-台中,2023-11-21,9184
00648R,元大S＆P500反1,35,0,35,群益金鼎-台中,2023-11-21,9184
6517,保勝光學,39,4,35,群益金鼎-台中,2023-11-21,9184
3047,訊舟,106,73,33,群益金鼎-台中,2023-11-21,9184
00665L,富邦�琤肭磪囓�2,100,70,30,群益金鼎-台中,2023-11-21,9184
00669R,國泰美國道瓊反1,25,0,25,群益金鼎-台中,2023-11-21,9184
1102,亞泥,35,10,25,群益金鼎-台中,2023-11-21,9184
2461,光群雷,25,0,25,群益金鼎-台中,2023-11-21,9184
6558,興能高,35,14,21,群益金鼎-台中,2023-11-21,9184
00686R,群益臺灣加權反1,20,0,20,群益金鼎-台中,2023-11-21,9184
00850,元大臺灣ESG永續,20,0,20,群益金鼎-台中,2023-11-21,9184
00676R,富邦臺灣加權反1,20,0,20,群益金鼎-台中,2023-11-21,9184
2462,良得電,27,7,20,群益金鼎-台中,2023-11-21,9184
5425,台半,20,0,20,群益金鼎-台中,2023-11-21,9184
3228,金麗科,22,3,19,群益金鼎-台中,2023-11-21,9184
2374,佳能,24,5,19,群益金鼎-台中,2023-11-21,9184
6158,禾昌,44,25,19,群益金鼎-台中,2023-11-21,9184
9103,美德醫療-DR,19,0,19,群益金鼎-台中,2023-11-21,9184
2108,南帝,18,0,18,群益金鼎-台中,2023-11-21,9184
00712,復華富時不動產,16,0,16,群益金鼎-台中,2023-11-21,9184
4533,協易機,19,4,15,群益金鼎-台中,2023-11-21,9184
3325,旭品,19,4,15,群益金鼎-台中,2023-11-21,9184
4952,凌通,15,1,14,群益金鼎-台中,2023-11-21,9184
3059,華晶科,27,14,13,群益金鼎-台中,2023-11-21,9184
2355,敬鵬,55,42,13,群益金鼎-台中,2023-11-21,9184
4906,正文,13,0,13,群益金鼎-台中,2023-11-21,9184
00631L,元大台灣50正2,13,0,13,群益金鼎-台中,2023-11-21,9184
5371,中光電,12,0,12,群益金鼎-台中,2023-11-21,9184
6282,康舒,35,24,11,群益金鼎-台中,2023-11-21,9184
6442,光聖,16,5,11,群益金鼎-台中,2023-11-21,9184
2367,燿華,32,21,11,群益金鼎-台中,2023-11-21,9184
2402,毅嘉,23,13,10,群益金鼎-台中,2023-11-21,9184
3013,晟銘電,23,13,10,群益金鼎-台中,2023-11-21,9184
2915,潤泰全,24,14,10,群益金鼎-台中,2023-11-21,9184
1598,岱宇,14,4,10,群益金鼎-台中,2023-11-21,9184
3588,通嘉,22,12,10,群益金鼎-台中,2023-11-21,9184
00690,兆豐藍籌30,10,0,10,群益金鼎-台中,2023-11-21,9184
3176,基亞,10,0,10,群益金鼎-台中,2023-11-21,9184
6168,宏齊,11,1,10,群益金鼎-台中,2023-11-21,9184
2353,宏��,15,6,9,群益金鼎-台中,2023-11-21,9184
1609,大亞,16,7,9,群益金鼎-台中,2023-11-21,9184
5210,寶碩,9,0,9,群益金鼎-台中,2023-11-21,9184
9950,萬國通,8,0,8,群益金鼎-台中,2023-11-21,9184
2303,聯電,35,27,8,群益金鼎-台中,2023-11-21,9184
6167,久正,111,0,111,群益金鼎-台中,2023-11-22,9184
5388,中磊,70,3,67,群益金鼎-台中,2023-11-22,9184
00934,中信成長高股息,56,0,56,群益金鼎-台中,2023-11-22,9184
1102,亞泥,55,5,50,群益金鼎-台中,2023-11-22,9184
3230,錦明,50,0,50,群益金鼎-台中,2023-11-22,9184
2486,一詮,51,3,48,群益金鼎-台中,2023-11-22,9184
3231,緯創,77,32,45,群益金鼎-台中,2023-11-22,9184
2301,光寶科,56,14,42,群益金鼎-台中,2023-11-22,9184
00905,FT臺灣Smart,40,0,40,群益金鼎-台中,2023-11-22,9184
9904,寶成,35,0,35,群益金鼎-台中,2023-11-22,9184
2402,毅嘉,31,1,30,群益金鼎-台中,2023-11-22,9184
2405,輔信,59,30,29,群益金鼎-台中,2023-11-22,9184
00878,國泰永續高股息,28,0,28,群益金鼎-台中,2023-11-22,9184
2615,萬海,27,0,27,群益金鼎-台中,2023-11-22,9184
2353,宏��,30,3,27,群益金鼎-台中,2023-11-22,9184
2356,英業達,47,21,26,群益金鼎-台中,2023-11-22,9184
2201,裕隆,26,1,25,群益金鼎-台中,2023-11-22,9184
2363,矽統,88,64,24,群益金鼎-台中,2023-11-22,9184
3706,神達,23,2,21,群益金鼎-台中,2023-11-22,9184
00679B,元大美債20年,21,0,21,群益金鼎-台中,2023-11-22,9184
00665L,富邦�琤肭磪囓�2,20,0,20,群益金鼎-台中,2023-11-22,9184
2618,長榮航,31,13,18,群益金鼎-台中,2023-11-22,9184
2536,宏普,18,0,18,群益金鼎-台中,2023-11-22,9184
2376,技嘉,25,7,18,群益金鼎-台中,2023-11-22,9184
6541,泰福-KY,21,4,17,群益金鼎-台中,2023-11-22,9184
0056,元大高股息,17,0,17,群益金鼎-台中,2023-11-22,9184
2516,新建,15,1,14,群益金鼎-台中,2023-11-22,9184
6235,華孚,23,10,13,群益金鼎-台中,2023-11-22,9184
00655L,國泰中國A50正2,13,1,12,群益金鼎-台中,2023-11-22,9184
3325,旭品,46,34,12,群益金鼎-台中,2023-11-22,9184
3437,榮創,12,0,12,群益金鼎-台中,2023-11-22,9184
2748,雲品,19,7,12,群益金鼎-台中,2023-11-22,9184
00687B,國泰20年美債,12,0,12,群益金鼎-台中,2023-11-22,9184
2382,廣達,42,30,12,群益金鼎-台中,2023-11-22,9184
4168,醣聯,11,0,11,群益金鼎-台中,2023-11-22,9184
2736,富野,19,8,11,群益金鼎-台中,2023-11-22,9184
6492,生華科,13,2,11,群益金鼎-台中,2023-11-22,9184
2313,華通,37,26,11,群益金鼎-台中,2023-11-22,9184
3481,群創,10,0,10,群益金鼎-台中,2023-11-22,9184
2883,凱基金,17,7,10,群益金鼎-台中,2023-11-22,9184
3576,聯合再生,10,0,10,群益金鼎-台中,2023-11-22,9184
1515,力山,10,0,10,群益金鼎-台中,2023-11-22,9184
3266,昇陽,10,0,10,群益金鼎-台中,2023-11-22,9184
4128,中天,17,7,10,群益金鼎-台中,2023-11-22,9184
5471,松翰,31,21,10,群益金鼎-台中,2023-11-22,9184
00637L,元大滬深300正2,10,0,10,群益金鼎-台中,2023-11-22,9184
4960,誠美材,10,0,10,群益金鼎-台中,2023-11-22,9184
2401,凌陽,14,5,9,群益金鼎-台中,2023-11-22,9184
00919,群益台灣精選高息,20,11,9,群益金鼎-台中,2023-11-22,9184
5443,均豪,26,17,9,群益金鼎-台中,2023-11-22,9184
00933B,國泰10Y+金融債,213,2,211,群益金鼎-台中,2023-11-23,9184
6282,康舒,318,155,163,群益金鼎-台中,2023-11-23,9184
5521,工信,141,42,99,群益金鼎-台中,2023-11-23,9184
1326,台化,102,5,97,群益金鼎-台中,2023-11-23,9184
5328,華容,88,4,84,群益金鼎-台中,2023-11-23,9184
00919,群益台灣精選高息,99,28,71,群益金鼎-台中,2023-11-23,9184
00878,國泰永續高股息,125,59,66,群益金鼎-台中,2023-11-23,9184
6139,亞翔,63,6,57,群益金鼎-台中,2023-11-23,9184
2457,飛宏,64,10,54,群益金鼎-台中,2023-11-23,9184
2801,彰銀,53,0,53,群益金鼎-台中,2023-11-23,9184
1609,大亞,75,22,53,群益金鼎-台中,2023-11-23,9184
6167,久正,50,0,50,群益金鼎-台中,2023-11-23,9184
0056,元大高股息,40,0,40,群益金鼎-台中,2023-11-23,9184
2881,富邦金,38,0,38,群益金鼎-台中,2023-11-23,9184
00715L,期街口布蘭特正2,41,5,36,群益金鼎-台中,2023-11-23,9184
3078,僑威,91,58,33,群益金鼎-台中,2023-11-23,9184
9950,萬國通,44,11,33,群益金鼎-台中,2023-11-23,9184
3041,揚智,97,66,31,群益金鼎-台中,2023-11-23,9184
3715,定穎投控,68,46,22,群益金鼎-台中,2023-11-23,9184
2329,華泰,21,0,21,群益金鼎-台中,2023-11-23,9184
4533,協易機,23,2,21,群益金鼎-台中,2023-11-23,9184
4960,誠美材,20,1,19,群益金鼎-台中,2023-11-23,9184
00655L,國泰中國A50正2,19,0,19,群益金鼎-台中,2023-11-23,9184
1449,佳和,30,11,19,群益金鼎-台中,2023-11-23,9184
2458,義隆,20,2,18,群益金鼎-台中,2023-11-23,9184
6127,九豪,19,2,17,群益金鼎-台中,2023-11-23,9184
6426,統新,17,0,17,群益金鼎-台中,2023-11-23,9184
2482,連宇,35,18,17,群益金鼎-台中,2023-11-23,9184
3024,憶聲,16,1,15,群益金鼎-台中,2023-11-23,9184
2355,敬鵬,25,11,14,群益金鼎-台中,2023-11-23,9184
2388,威盛,101,87,14,群益金鼎-台中,2023-11-23,9184
00751B,元大AAA至A公司債,14,0,14,群益金鼎-台中,2023-11-23,9184
2402,毅嘉,16,3,13,群益金鼎-台中,2023-11-23,9184
6285,啟��,16,3,13,群益金鼎-台中,2023-11-23,9184
6233,旺玖,16,4,12,群益金鼎-台中,2023-11-23,9184
4976,佳凌,13,1,12,群益金鼎-台中,2023-11-23,9184
4543,萬在,15,3,12,群益金鼎-台中,2023-11-23,9184
1605,華新,22,11,11,群益金鼎-台中,2023-11-23,9184
6719,力智,18,7,11,群益金鼎-台中,2023-11-23,9184
8068,全達,32,21,11,群益金鼎-台中,2023-11-23,9184
8358,金居,27,16,11,群益金鼎-台中,2023-11-23,9184
6243,迅杰,26,15,11,群益金鼎-台中,2023-11-23,9184
1815,富喬,11,0,11,群益金鼎-台中,2023-11-23,9184
6284,佳邦,23,13,10,群益金鼎-台中,2023-11-23,9184
2421,建準,10,0,10,群益金鼎-台中,2023-11-23,9184
2376,技嘉,21,11,10,群益金鼎-台中,2023-11-23,9184
2606,裕民,10,0,10,群益金鼎-台中,2023-11-23,9184
00636,國泰中國A50,10,0,10,群益金鼎-台中,2023-11-23,9184
6168,宏齊,10,0,10,群益金鼎-台中,2023-11-23,9184
3234,光環,10,0,10,群益金鼎-台中,2023-11-23,9184
00680L,元大美債20正2,110,0,110,群益金鼎-台中,2023-11-24,9184
2881,富邦金,57,2,55,群益金鼎-台中,2023-11-24,9184
9904,寶成,55,0,55,群益金鼎-台中,2023-11-24,9184
6168,宏齊,76,35,41,群益金鼎-台中,2023-11-24,9184
00687B,國泰20年美債,40,0,40,群益金鼎-台中,2023-11-24,9184
3706,神達,44,8,36,群益金鼎-台中,2023-11-24,9184
2618,長榮航,89,55,34,群益金鼎-台中,2023-11-24,9184
4956,光鋐,36,2,34,群益金鼎-台中,2023-11-24,9184
2374,佳能,35,2,33,群益金鼎-台中,2023-11-24,9184
00795B,中信美國公債20年,31,0,31,群益金鼎-台中,2023-11-24,9184
00885,富邦越南,30,0,30,群益金鼎-台中,2023-11-24,9184
00679B,元大美債20年,29,0,29,群益金鼎-台中,2023-11-24,9184
2353,宏��,25,0,25,群益金鼎-台中,2023-11-24,9184
8033,雷虎,28,3,25,群益金鼎-台中,2023-11-24,9184
00751B,元大AAA至A公司債,24,0,24,群益金鼎-台中,2023-11-24,9184
6167,久正,22,0,22,群益金鼎-台中,2023-11-24,9184
00919,群益台灣精選高息,27,5,22,群益金鼎-台中,2023-11-24,9184
3032,偉訓,32,10,22,群益金鼎-台中,2023-11-24,9184
2356,英業達,23,2,21,群益金鼎-台中,2023-11-24,9184
1809,中釉,21,1,20,群益金鼎-台中,2023-11-24,9184
00642U,期元大S＆P石油,20,0,20,群益金鼎-台中,2023-11-24,9184
2610,華航,17,1,16,群益金鼎-台中,2023-11-24,9184
6426,統新,15,0,15,群益金鼎-台中,2023-11-24,9184
6243,迅杰,18,3,15,群益金鼎-台中,2023-11-24,9184
00720B,元大投資級公司債,15,0,15,群益金鼎-台中,2023-11-24,9184
1519,華城,34,20,14,群益金鼎-台中,2023-11-24,9184
6189,豐藝,13,0,13,群益金鼎-台中,2023-11-24,9184
2630,亞航,23,11,12,群益金鼎-台中,2023-11-24,9184
3701,大眾控,17,6,11,群益金鼎-台中,2023-11-24,9184
8222,寶一,33,22,11,群益金鼎-台中,2023-11-24,9184
6117,迎廣,21,10,11,群益金鼎-台中,2023-11-24,9184
6016,康和證,10,0,10,群益金鼎-台中,2023-11-24,9184
2515,中工,10,0,10,群益金鼎-台中,2023-11-24,9184
1447,力鵬,10,1,9,群益金鼎-台中,2023-11-24,9184
6578,達邦蛋白,13,4,9,群益金鼎-台中,2023-11-24,9184
1529,樂事綠能,17,8,9,群益金鼎-台中,2023-11-24,9184
2731,雄獅,11,3,8,群益金鼎-台中,2023-11-24,9184
2812,台中銀,10,2,8,群益金鼎-台中,2023-11-24,9184
4908,前鼎,10,2,8,群益金鼎-台中,2023-11-24,9184
3062,建漢,8,0,8,群益金鼎-台中,2023-11-24,9184
1582,信錦,8,0,8,群益金鼎-台中,2023-11-24,9184
2332,友訊,8,0,8,群益金鼎-台中,2023-11-24,9184
6285,啟��,8,0,8,群益金鼎-台中,2023-11-24,9184
3006,晶豪科,23,16,7,群益金鼎-台中,2023-11-24,9184
2615,萬海,7,0,7,群益金鼎-台中,2023-11-24,9184
3047,訊舟,7,0,7,群益金鼎-台中,2023-11-24,9184
6188,廣明,7,0,7,群益金鼎-台中,2023-11-24,9184
3592,瑞鼎,7,0,7,群益金鼎-台中,2023-11-24,9184
6708,天擎,7,0,7,群益金鼎-台中,2023-11-24,9184
6233,旺玖,9,2,7,群益金鼎-台中,2023-11-24,9184
2882,國泰金,69,1,68,群益金鼎-台中,2023-11-27,9184
00919,群益台灣精選高息,65,8,57,群益金鼎-台中,2023-11-27,9184
2374,佳能,54,0,54,群益金鼎-台中,2023-11-27,9184
00752,中信中國50,52,0,52,群益金鼎-台中,2023-11-27,9184
00715L,期街口布蘭特正2,40,0,40,群益金鼎-台中,2023-11-27,9184
020027,元大上櫃ESG成長N,60,20,40,群益金鼎-台中,2023-11-27,9184
00655L,國泰中國A50正2,31,1,30,群益金鼎-台中,2023-11-27,9184
3035,智原,33,7,26,群益金鼎-台中,2023-11-27,9184
2382,廣達,58,35,23,群益金鼎-台中,2023-11-27,9184
6176,瑞儀,28,5,23,群益金鼎-台中,2023-11-27,9184
00637L,元大滬深300正2,22,0,22,群益金鼎-台中,2023-11-27,9184
00935,野村臺灣新科技50,24,2,22,群益金鼎-台中,2023-11-27,9184
2313,華通,172,151,21,群益金鼎-台中,2023-11-27,9184
9103,美德醫療-DR,20,0,20,群益金鼎-台中,2023-11-27,9184
8042,金山電,20,0,20,群益金鼎-台中,2023-11-27,9184
00665L,富邦�琤肭磪囓�2,20,0,20,群益金鼎-台中,2023-11-27,9184
00706L,期元大S＆P日圓正2,20,0,20,群益金鼎-台中,2023-11-27,9184
2356,英業達,31,11,20,群益金鼎-台中,2023-11-27,9184
3706,神達,22,2,20,群益金鼎-台中,2023-11-27,9184
2915,潤泰全,19,0,19,群益金鼎-台中,2023-11-27,9184
3231,緯創,41,22,19,群益金鼎-台中,2023-11-27,9184
3105,穩懋,49,30,19,群益金鼎-台中,2023-11-27,9184
6282,康舒,31,12,19,群益金鼎-台中,2023-11-27,9184
00680L,元大美債20正2,20,2,18,群益金鼎-台中,2023-11-27,9184
3705,永信,19,1,18,群益金鼎-台中,2023-11-27,9184
4142,國光生,27,9,18,群益金鼎-台中,2023-11-27,9184
3437,榮創,36,19,17,群益金鼎-台中,2023-11-27,9184
2891,中信金,20,3,17,群益金鼎-台中,2023-11-27,9184
2472,立隆電,16,0,16,群益金鼎-台中,2023-11-27,9184
6509,聚和,16,0,16,群益金鼎-台中,2023-11-27,9184
5347,世界,33,18,15,群益金鼎-台中,2023-11-27,9184
5351,鈺創,41,26,15,群益金鼎-台中,2023-11-27,9184
6167,久正,15,0,15,群益金鼎-台中,2023-11-27,9184
00679B,元大美債20年,14,0,14,群益金鼎-台中,2023-11-27,9184
6173,信昌電,15,1,14,群益金鼎-台中,2023-11-27,9184
2352,佳世達,37,23,14,群益金鼎-台中,2023-11-27,9184
2344,華邦電,18,4,14,群益金鼎-台中,2023-11-27,9184
2883,凱基金,17,4,13,群益金鼎-台中,2023-11-27,9184
2376,技嘉,39,26,13,群益金鼎-台中,2023-11-27,9184
00888,永豐台灣ESG,12,0,12,群益金鼎-台中,2023-11-27,9184
2353,宏��,14,2,12,群益金鼎-台中,2023-11-27,9184
00696B,富邦美債20年,12,0,12,群益金鼎-台中,2023-11-27,9184
2303,聯電,14,3,11,群益金鼎-台中,2023-11-27,9184
00712,復華富時不動產,12,1,11,群益金鼎-台中,2023-11-27,9184
2231,為升,10,0,10,群益金鼎-台中,2023-11-27,9184
1473,台南,14,4,10,群益金鼎-台中,2023-11-27,9184
6516,勤崴國際,10,0,10,群益金鼎-台中,2023-11-27,9184
2375,凱美,11,1,10,群益金鼎-台中,2023-11-27,9184
1701,中化,17,7,10,群益金鼎-台中,2023-11-27,9184
1734,杏輝,13,3,10,群益金鼎-台中,2023-11-27,9184
1402,遠東新,76,1,75,群益金鼎-台中,2023-11-28,9184
00885,富邦越南,63,0,63,群益金鼎-台中,2023-11-28,9184
2618,長榮航,178,126,52,群益金鼎-台中,2023-11-28,9184
2801,彰銀,50,0,50,群益金鼎-台中,2023-11-28,9184
2816,旺旺保,41,1,40,群益金鼎-台中,2023-11-28,9184
6111,大宇資,34,4,30,群益金鼎-台中,2023-11-28,9184
4114,健喬,97,68,29,群益金鼎-台中,2023-11-28,9184
00752,中信中國50,28,0,28,群益金鼎-台中,2023-11-28,9184
5347,世界,31,3,28,群益金鼎-台中,2023-11-28,9184
1722,台肥,27,0,27,群益金鼎-台中,2023-11-28,9184
2371,大同,30,8,22,群益金鼎-台中,2023-11-28,9184
00935,野村臺灣新科技50,20,0,20,群益金鼎-台中,2023-11-28,9184
1218,泰山,20,0,20,群益金鼎-台中,2023-11-28,9184
6284,佳邦,32,12,20,群益金鼎-台中,2023-11-28,9184
1101,台泥,42,25,17,群益金鼎-台中,2023-11-28,9184
6806,森崴能源,16,0,16,群益金鼎-台中,2023-11-28,9184
2303,聯電,14,0,14,群益金鼎-台中,2023-11-28,9184
2882,國泰金,93,80,13,群益金鼎-台中,2023-11-28,9184
3231,緯創,21,9,12,群益金鼎-台中,2023-11-28,9184
00712,復華富時不動產,12,0,12,群益金鼎-台中,2023-11-28,9184
1904,正隆,12,0,12,群益金鼎-台中,2023-11-28,9184
3051,力特,13,1,12,群益金鼎-台中,2023-11-28,9184
4167,松瑞藥,14,3,11,群益金鼎-台中,2023-11-28,9184
4171,瑞基,14,3,11,群益金鼎-台中,2023-11-28,9184
3437,榮創,25,14,11,群益金鼎-台中,2023-11-28,9184
4157,太景*-KY,11,0,11,群益金鼎-台中,2023-11-28,9184
6669,緯穎,11,1,10,群益金鼎-台中,2023-11-28,9184
8086,宏捷科,16,6,10,群益金鼎-台中,2023-11-28,9184
3062,建漢,18,8,10,群益金鼎-台中,2023-11-28,9184
00725B,國泰投資級公司債,10,0,10,群益金鼎-台中,2023-11-28,9184
3230,錦明,10,0,10,群益金鼎-台中,2023-11-28,9184
2520,冠德,10,0,10,群益金鼎-台中,2023-11-28,9184
2897,王道銀行,10,0,10,群益金鼎-台中,2023-11-28,9184
3715,定穎投控,68,58,10,群益金鼎-台中,2023-11-28,9184
2374,佳能,10,1,9,群益金鼎-台中,2023-11-28,9184
00642U,期元大S＆P石油,9,0,9,群益金鼎-台中,2023-11-28,9184
1460,宏遠,10,1,9,群益金鼎-台中,2023-11-28,9184
6901,鑽石投資,9,0,9,群益金鼎-台中,2023-11-28,9184
1514,亞力,39,30,9,群益金鼎-台中,2023-11-28,9184
2344,華邦電,20,12,8,群益金鼎-台中,2023-11-28,9184
1582,信錦,16,8,8,群益金鼎-台中,2023-11-28,9184
5533,皇鼎,7,0,7,群益金鼎-台中,2023-11-28,9184
6237,驊訊,17,10,7,群益金鼎-台中,2023-11-28,9184
2496,卓越,7,0,7,群益金鼎-台中,2023-11-28,9184
1905,華紙,9,2,7,群益金鼎-台中,2023-11-28,9184
6120,達運,7,0,7,群益金鼎-台中,2023-11-28,9184
2027,大成鋼,7,0,7,群益金鼎-台中,2023-11-28,9184
3363,上詮,8,2,6,群益金鼎-台中,2023-11-28,9184
3017,奇鋐,12,6,6,群益金鼎-台中,2023-11-28,9184
8429,金麗-KY,6,0,6,群益金鼎-台中,2023-11-28,9184
2883,凱基金,300,62,238,群益金鼎-台中,2023-11-29,9184
00680L,元大美債20正2,200,3,197,群益金鼎-台中,2023-11-29,9184
00882,中信中國高股息,157,0,157,群益金鼎-台中,2023-11-29,9184
00665L,富邦�琤肭磪囓�2,100,0,100,群益金鼎-台中,2023-11-29,9184
2515,中工,70,0,70,群益金鼎-台中,2023-11-29,9184
1402,遠東新,76,20,56,群益金鼎-台中,2023-11-29,9184
00752,中信中國50,47,0,47,群益金鼎-台中,2023-11-29,9184
2317,鴻海,47,0,47,群益金鼎-台中,2023-11-29,9184
2641,正德,40,3,37,群益金鼎-台中,2023-11-29,9184
2449,京元電子,37,1,36,群益金鼎-台中,2023-11-29,9184
2457,飛宏,40,7,33,群益金鼎-台中,2023-11-29,9184
2610,華航,32,0,32,群益金鼎-台中,2023-11-29,9184
3094,聯傑,62,37,25,群益金鼎-台中,2023-11-29,9184
1605,華新,25,1,24,群益金鼎-台中,2023-11-29,9184
9904,寶成,53,31,22,群益金鼎-台中,2023-11-29,9184
4908,前鼎,41,19,22,群益金鼎-台中,2023-11-29,9184
00931B,統一美債20年,24,6,18,群益金鼎-台中,2023-11-29,9184
2023,燁輝,17,0,17,群益金鼎-台中,2023-11-29,9184
2882,國泰金,28,12,16,群益金鼎-台中,2023-11-29,9184
2409,友達,16,0,16,群益金鼎-台中,2023-11-29,9184
00655L,國泰中國A50正2,17,1,16,群益金鼎-台中,2023-11-29,9184
3122,笙泉,24,8,16,群益金鼎-台中,2023-11-29,9184
2401,凌陽,20,5,15,群益金鼎-台中,2023-11-29,9184
6167,久正,15,0,15,群益金鼎-台中,2023-11-29,9184
6125,廣運,16,3,13,群益金鼎-台中,2023-11-29,9184
00720B,元大投資級公司債,13,0,13,群益金鼎-台中,2023-11-29,9184
2605,新興,18,5,13,群益金鼎-台中,2023-11-29,9184
00915,凱基優選高股息30,13,0,13,群益金鼎-台中,2023-11-29,9184
00650L,復華香港正2,22,9,13,群益金鼎-台中,2023-11-29,9184
3450,聯鈞,12,0,12,群益金鼎-台中,2023-11-29,9184
00936,台新永續高息中小,12,0,12,群益金鼎-台中,2023-11-29,9184
6175,立敦,12,0,12,群益金鼎-台中,2023-11-29,9184
2615,萬海,11,0,11,群益金鼎-台中,2023-11-29,9184
2482,連宇,11,0,11,群益金鼎-台中,2023-11-29,9184
8086,宏捷科,14,3,11,群益金鼎-台中,2023-11-29,9184
1609,大亞,13,2,11,群益金鼎-台中,2023-11-29,9184
2022,聚亨,11,0,11,群益金鼎-台中,2023-11-29,9184
3481,群創,11,0,11,群益金鼎-台中,2023-11-29,9184
2014,中鴻,10,0,10,群益金鼎-台中,2023-11-29,9184
2356,英業達,17,7,10,群益金鼎-台中,2023-11-29,9184
2340,台亞,10,0,10,群益金鼎-台中,2023-11-29,9184
6770,力積電,24,14,10,群益金鼎-台中,2023-11-29,9184
8289,泰藝,10,0,10,群益金鼎-台中,2023-11-29,9184
6285,啟��,10,0,10,群益金鼎-台中,2023-11-29,9184
2376,技嘉,34,24,10,群益金鼎-台中,2023-11-29,9184
2399,映泰,9,0,9,群益金鼎-台中,2023-11-29,9184
2363,矽統,14,6,8,群益金鼎-台中,2023-11-29,9184
2492,華新科,16,8,8,群益金鼎-台中,2023-11-29,9184
6187,萬潤,8,0,8,群益金鼎-台中,2023-11-29,9184
3041,揚智,19,11,8,群益金鼎-台中,2023-11-29,9184
00680L,元大美債20正2,150,6,144,群益金鼎-台中,2023-11-30,9184
3051,力特,155,12,143,群益金鼎-台中,2023-11-30,9184
2883,凱基金,173,43,130,群益金鼎-台中,2023-11-30,9184
5302,太欣,100,0,100,群益金鼎-台中,2023-11-30,9184
1102,亞泥,95,0,95,群益金鼎-台中,2023-11-30,9184
9904,寶成,102,23,79,群益金鼎-台中,2023-11-30,9184
00882,中信中國高股息,74,2,72,群益金鼎-台中,2023-11-30,9184
6111,大宇資,62,7,55,群益金鼎-台中,2023-11-30,9184
2641,正德,55,1,54,群益金鼎-台中,2023-11-30,9184
2405,輔信,55,4,51,群益金鼎-台中,2023-11-30,9184
3044,健鼎,52,3,49,群益金鼎-台中,2023-11-30,9184
020027,元大上櫃ESG成長N,40,0,40,群益金鼎-台中,2023-11-30,9184
00720B,元大投資級公司債,37,0,37,群益金鼎-台中,2023-11-30,9184
6167,久正,36,0,36,群益金鼎-台中,2023-11-30,9184
6120,達運,35,0,35,群益金鼎-台中,2023-11-30,9184
2915,潤泰全,52,22,30,群益金鼎-台中,2023-11-30,9184
8096,擎亞,31,4,27,群益金鼎-台中,2023-11-30,9184
2329,華泰,330,305,25,群益金鼎-台中,2023-11-30,9184
00751B,元大AAA至A公司債,25,0,25,群益金鼎-台中,2023-11-30,9184
3317,尼克森,32,7,25,群益金鼎-台中,2023-11-30,9184
2850,新產,25,0,25,群益金鼎-台中,2023-11-30,9184
3623,富晶通,25,0,25,群益金鼎-台中,2023-11-30,9184
00632R,元大台灣50反1,30,6,24,群益金鼎-台中,2023-11-30,9184
4919,新唐,32,8,24,群益金鼎-台中,2023-11-30,9184
00679B,元大美債20年,23,0,23,群益金鼎-台中,2023-11-30,9184
3045,台灣大,23,0,23,群益金鼎-台中,2023-11-30,9184
5272,笙科,23,1,22,群益金鼎-台中,2023-11-30,9184
2383,台光電,24,3,21,群益金鼎-台中,2023-11-30,9184
1314,中石化,21,0,21,群益金鼎-台中,2023-11-30,9184
1718,中纖,20,0,20,群益金鼎-台中,2023-11-30,9184
1326,台化,20,0,20,群益金鼎-台中,2023-11-30,9184
1722,台肥,22,2,20,群益金鼎-台中,2023-11-30,9184
00650L,復華香港正2,19,0,19,群益金鼎-台中,2023-11-30,9184
5328,華容,49,30,19,群益金鼎-台中,2023-11-30,9184
2204,中華,19,0,19,群益金鼎-台中,2023-11-30,9184
2610,華航,20,2,18,群益金鼎-台中,2023-11-30,9184
2458,義隆,20,2,18,群益金鼎-台中,2023-11-30,9184
5351,鈺創,34,16,18,群益金鼎-台中,2023-11-30,9184
8936,國統,20,3,17,群益金鼎-台中,2023-11-30,9184
2637,慧洋-KY,41,25,16,群益金鼎-台中,2023-11-30,9184
2605,新興,42,27,15,群益金鼎-台中,2023-11-30,9184
2363,矽統,29,15,14,群益金鼎-台中,2023-11-30,9184
3265,台星科,15,3,12,群益金鼎-台中,2023-11-30,9184
00687B,國泰20年美債,14,2,12,群益金鼎-台中,2023-11-30,9184
00673R,期元大S＆P原油反1,14,2,12,群益金鼎-台中,2023-11-30,9184
2206,三陽工業,11,0,11,群益金鼎-台中,2023-11-30,9184
3707,漢磊,16,5,11,群益金鼎-台中,2023-11-30,9184
1568,倉佑,11,0,11,群益金鼎-台中,2023-11-30,9184
2425,承啟,16,6,10,群益金鼎-台中,2023-11-30,9184
2324,仁寶,10,0,10,群益金鼎-台中,2023-11-30,9184
00919,群益台灣精選高息,102,0,102,群益金鼎-台中,2023-12-01,9184
00680L,元大美債20正2,106,5,101,群益金鼎-台中,2023-12-01,9184
2405,輔信,354,266,88,群益金鼎-台中,2023-12-01,9184
2324,仁寶,78,0,78,群益金鼎-台中,2023-12-01,9184
2002,中鋼,57,0,57,群益金鼎-台中,2023-12-01,9184
5425,台半,54,7,47,群益金鼎-台中,2023-12-01,9184
2023,燁輝,45,3,42,群益金鼎-台中,2023-12-01,9184
020027,元大上櫃ESG成長N,40,0,40,群益金鼎-台中,2023-12-01,9184
2881,富邦金,60,23,37,群益金鼎-台中,2023-12-01,9184
8110,華東,33,0,33,群益金鼎-台中,2023-12-01,9184
2376,技嘉,41,9,32,群益金鼎-台中,2023-12-01,9184
1101,台泥,30,1,29,群益金鼎-台中,2023-12-01,9184
2882,國泰金,33,5,28,群益金鼎-台中,2023-12-01,9184
3669,圓展,27,0,27,群益金鼎-台中,2023-12-01,9184
00915,凱基優選高股息30,27,0,27,群益金鼎-台中,2023-12-01,9184
2880,華南金,25,0,25,群益金鼎-台中,2023-12-01,9184
2329,華泰,165,141,24,群益金鼎-台中,2023-12-01,9184
00878,國泰永續高股息,26,4,22,群益金鼎-台中,2023-12-01,9184
3390,旭軟,22,0,22,群益金鼎-台中,2023-12-01,9184
6259,百徽,21,0,21,群益金鼎-台中,2023-12-01,9184
6290,良維,20,0,20,群益金鼎-台中,2023-12-01,9184
1722,台肥,23,3,20,群益金鼎-台中,2023-12-01,9184
00669R,國泰美國道瓊反1,20,0,20,群益金鼎-台中,2023-12-01,9184
00922,國泰台灣領袖50,20,0,20,群益金鼎-台中,2023-12-01,9184
2542,興富發,20,1,19,群益金鼎-台中,2023-12-01,9184
3576,聯合再生,20,1,19,群益金鼎-台中,2023-12-01,9184
00655L,國泰中國A50正2,19,0,19,群益金鼎-台中,2023-12-01,9184
3706,神達,66,47,19,群益金鼎-台中,2023-12-01,9184
4121,優盛,22,5,17,群益金鼎-台中,2023-12-01,9184
2359,所羅門,18,1,17,群益金鼎-台中,2023-12-01,9184
6168,宏齊,17,2,15,群益金鼎-台中,2023-12-01,9184
1326,台化,15,0,15,群益金鼎-台中,2023-12-01,9184
2891,中信金,15,1,14,群益金鼎-台中,2023-12-01,9184
2356,英業達,28,15,13,群益金鼎-台中,2023-12-01,9184
2332,友訊,13,0,13,群益金鼎-台中,2023-12-01,9184
9958,世紀鋼,13,0,13,群益金鼎-台中,2023-12-01,9184
3045,台灣大,12,0,12,群益金鼎-台中,2023-12-01,9184
4966,譜瑞-KY,12,0,12,群益金鼎-台中,2023-12-01,9184
00795B,中信美國公債20年,12,0,12,群益金鼎-台中,2023-12-01,9184
2478,大毅,12,0,12,群益金鼎-台中,2023-12-01,9184
6180,橘子,21,9,12,群益金鼎-台中,2023-12-01,9184
3105,穩懋,13,2,11,群益金鼎-台中,2023-12-01,9184
1616,億泰,11,0,11,群益金鼎-台中,2023-12-01,9184
3163,波若威,11,0,11,群益金鼎-台中,2023-12-01,9184
2888,新光金,11,0,11,群益金鼎-台中,2023-12-01,9184
00882,中信中國高股息,10,0,10,群益金鼎-台中,2023-12-01,9184
8433,弘帆,10,0,10,群益金鼎-台中,2023-12-01,9184
2201,裕隆,10,0,10,群益金鼎-台中,2023-12-01,9184
3520,華盈,10,0,10,群益金鼎-台中,2023-12-01,9184
2340,台亞,13,3,10,群益金鼎-台中,2023-12-01,9184
1708,東鹼,140,30,110,群益金鼎-台中,2023-12-04,9184
2353,宏��,105,7,98,群益金鼎-台中,2023-12-04,9184
2618,長榮航,93,5,88,群益金鼎-台中,2023-12-04,9184
00919,群益台灣精選高息,87,10,77,群益金鼎-台中,2023-12-04,9184
00715L,期街口布蘭特正2,62,0,62,群益金鼎-台中,2023-12-04,9184
2883,凱基金,46,1,45,群益金鼎-台中,2023-12-04,9184
2882,國泰金,45,6,39,群益金鼎-台中,2023-12-04,9184
00642U,期元大S＆P石油,58,20,38,群益金鼎-台中,2023-12-04,9184
3041,揚智,40,3,37,群益金鼎-台中,2023-12-04,9184
00751B,元大AAA至A公司債,37,0,37,群益金鼎-台中,2023-12-04,9184
1326,台化,76,40,36,群益金鼎-台中,2023-12-04,9184
2421,建準,33,3,30,群益金鼎-台中,2023-12-04,9184
1528,恩德,31,2,29,群益金鼎-台中,2023-12-04,9184
5202,力新,29,0,29,群益金鼎-台中,2023-12-04,9184
8088,品安,33,6,27,群益金鼎-台中,2023-12-04,9184
4939,亞電,27,0,27,群益金鼎-台中,2023-12-04,9184
2489,瑞軒,386,360,26,群益金鼎-台中,2023-12-04,9184
2615,萬海,51,26,25,群益金鼎-台中,2023-12-04,9184
00882,中信中國高股息,25,0,25,群益金鼎-台中,2023-12-04,9184
00669R,國泰美國道瓊反1,25,0,25,群益金鼎-台中,2023-12-04,9184
00929,復華台灣科技優息,34,13,21,群益金鼎-台中,2023-12-04,9184
3231,緯創,39,18,21,群益金鼎-台中,2023-12-04,9184
6425,易發,21,0,21,群益金鼎-台中,2023-12-04,9184
6492,生華科,21,2,19,群益金鼎-台中,2023-12-04,9184
1609,大亞,24,5,19,群益金鼎-台中,2023-12-04,9184
2457,飛宏,38,19,19,群益金鼎-台中,2023-12-04,9184
6111,大宇資,34,16,18,群益金鼎-台中,2023-12-04,9184
8086,宏捷科,28,12,16,群益金鼎-台中,2023-12-04,9184
2402,毅嘉,41,25,16,群益金鼎-台中,2023-12-04,9184
00648R,元大S＆P500反1,15,0,15,群益金鼎-台中,2023-12-04,9184
1722,台肥,39,24,15,群益金鼎-台中,2023-12-04,9184
00878,國泰永續高股息,14,0,14,群益金鼎-台中,2023-12-04,9184
00680L,元大美債20正2,21,7,14,群益金鼎-台中,2023-12-04,9184
3032,偉訓,19,5,14,群益金鼎-台中,2023-12-04,9184
1584,精剛,15,1,14,群益金鼎-台中,2023-12-04,9184
3163,波若威,14,1,13,群益金鼎-台中,2023-12-04,9184
2356,英業達,17,5,12,群益金鼎-台中,2023-12-04,9184
6243,迅杰,17,5,12,群益金鼎-台中,2023-12-04,9184
2630,亞航,12,0,12,群益金鼎-台中,2023-12-04,9184
3035,智原,42,30,12,群益金鼎-台中,2023-12-04,9184
00687B,國泰20年美債,12,1,11,群益金鼎-台中,2023-12-04,9184
00679B,元大美債20年,11,1,10,群益金鼎-台中,2023-12-04,9184
1504,東元,10,0,10,群益金鼎-台中,2023-12-04,9184
00918,大華優利高填息30,10,0,10,群益金鼎-台中,2023-12-04,9184
2601,益航,44,34,10,群益金鼎-台中,2023-12-04,9184
4566,時碩工業,10,0,10,群益金鼎-台中,2023-12-04,9184
3583,辛耘,11,1,10,群益金鼎-台中,2023-12-04,9184
3013,晟銘電,97,88,9,群益金鼎-台中,2023-12-04,9184
5607,遠雄港,10,1,9,群益金鼎-台中,2023-12-04,9184
4919,新唐,12,3,9,群益金鼎-台中,2023-12-04,9184
00919,群益台灣精選高息,183,0,183,群益金鼎-台中,2023-12-05,9184
2882,國泰金,136,0,136,群益金鼎-台中,2023-12-05,9184
00878,國泰永續高股息,83,1,82,群益金鼎-台中,2023-12-05,9184
00882,中信中國高股息,75,0,75,群益金鼎-台中,2023-12-05,9184
00680L,元大美債20正2,55,0,55,群益金鼎-台中,2023-12-05,9184
1504,東元,58,4,54,群益金鼎-台中,2023-12-05,9184
8110,華東,55,4,51,群益金鼎-台中,2023-12-05,9184
2888,新光金,44,0,44,群益金鼎-台中,2023-12-05,9184
1605,華新,45,1,44,群益金鼎-台中,2023-12-05,9184
3673,TPK-KY,36,0,36,群益金鼎-台中,2023-12-05,9184
2329,華泰,99,65,34,群益金鼎-台中,2023-12-05,9184
00929,復華台灣科技優息,56,23,33,群益金鼎-台中,2023-12-05,9184
00918,大華優利高填息30,31,0,31,群益金鼎-台中,2023-12-05,9184
00751B,元大AAA至A公司債,26,0,26,群益金鼎-台中,2023-12-05,9184
5347,世界,26,2,24,群益金鼎-台中,2023-12-05,9184
5328,華容,24,1,23,群益金鼎-台中,2023-12-05,9184
5258,虹堡,28,5,23,群益金鼎-台中,2023-12-05,9184
3013,晟銘電,68,46,22,群益金鼎-台中,2023-12-05,9184
2376,技嘉,38,17,21,群益金鼎-台中,2023-12-05,9184
2356,英業達,29,8,21,群益金鼎-台中,2023-12-05,9184
2374,佳能,20,0,20,群益金鼎-台中,2023-12-05,9184
00715L,期街口布蘭特正2,21,1,20,群益金鼎-台中,2023-12-05,9184
2613,中櫃,21,1,20,群益金鼎-台中,2023-12-05,9184
2603,長榮,21,3,18,群益金鼎-台中,2023-12-05,9184
3264,欣銓,23,5,18,群益金鼎-台中,2023-12-05,9184
3588,通嘉,30,12,18,群益金鼎-台中,2023-12-05,9184
3035,智原,35,18,17,群益金鼎-台中,2023-12-05,9184
2340,台亞,22,5,17,群益金鼎-台中,2023-12-05,9184
2607,榮運,41,25,16,群益金鼎-台中,2023-12-05,9184
2637,慧洋-KY,52,36,16,群益金鼎-台中,2023-12-05,9184
1440,南紡,15,0,15,群益金鼎-台中,2023-12-05,9184
6191,精成科,16,2,14,群益金鼎-台中,2023-12-05,9184
1325,恆大,14,0,14,群益金鼎-台中,2023-12-05,9184
2617,台航,39,25,14,群益金鼎-台中,2023-12-05,9184
00696B,富邦美債20年,15,2,13,群益金鼎-台中,2023-12-05,9184
3231,緯創,35,22,13,群益金鼎-台中,2023-12-05,9184
2353,宏��,13,0,13,群益金鼎-台中,2023-12-05,9184
9904,寶成,56,44,12,群益金鼎-台中,2023-12-05,9184
2641,正德,45,33,12,群益金鼎-台中,2023-12-05,9184
00888,永豐台灣ESG,12,0,12,群益金鼎-台中,2023-12-05,9184
00934,中信成長高股息,12,0,12,群益金鼎-台中,2023-12-05,9184
2371,大同,22,11,11,群益金鼎-台中,2023-12-05,9184
2520,冠德,11,0,11,群益金鼎-台中,2023-12-05,9184
8163,達方,13,2,11,群益金鼎-台中,2023-12-05,9184
3041,揚智,13,3,10,群益金鼎-台中,2023-12-05,9184
2303,聯電,11,1,10,群益金鼎-台中,2023-12-05,9184
5439,高技,13,3,10,群益金鼎-台中,2023-12-05,9184
00650L,復華香港正2,10,0,10,群益金鼎-台中,2023-12-05,9184
1815,富喬,10,0,10,群益金鼎-台中,2023-12-05,9184
00665L,富邦�琤肭磪囓�2,10,0,10,群益金鼎-台中,2023-12-05,9184
00680L,元大美債20正2,283,8,275,群益金鼎-台中,2023-12-06,9184
2882,國泰金,163,62,101,群益金鼎-台中,2023-12-06,9184
00679B,元大美債20年,71,2,69,群益金鼎-台中,2023-12-06,9184
00919,群益台灣精選高息,76,10,66,群益金鼎-台中,2023-12-06,9184
2881,富邦金,53,0,53,群益金鼎-台中,2023-12-06,9184
1326,台化,55,3,52,群益金鼎-台中,2023-12-06,9184
00688L,國泰20年美債正2,52,10,42,群益金鼎-台中,2023-12-06,9184
00720B,元大投資級公司債,38,0,38,群益金鼎-台中,2023-12-06,9184
00687B,國泰20年美債,35,4,31,群益金鼎-台中,2023-12-06,9184
3481,群創,31,3,28,群益金鼎-台中,2023-12-06,9184
2344,華邦電,30,2,28,群益金鼎-台中,2023-12-06,9184
00715L,期街口布蘭特正2,25,0,25,群益金鼎-台中,2023-12-06,9184
1513,中興電,46,22,24,群益金鼎-台中,2023-12-06,9184
2489,瑞軒,23,0,23,群益金鼎-台中,2023-12-06,9184
2542,興富發,22,0,22,群益金鼎-台中,2023-12-06,9184
2329,華泰,65,43,22,群益金鼎-台中,2023-12-06,9184
2419,仲琦,75,53,22,群益金鼎-台中,2023-12-06,9184
3088,艾訊,25,4,21,群益金鼎-台中,2023-12-06,9184
00915,凱基優選高股息30,20,0,20,群益金鼎-台中,2023-12-06,9184
1711,永光,20,0,20,群益金鼎-台中,2023-12-06,9184
3035,智原,39,20,19,群益金鼎-台中,2023-12-06,9184
1609,大亞,20,2,18,群益金鼎-台中,2023-12-06,9184
2337,旺宏,31,13,18,群益金鼎-台中,2023-12-06,9184
3050,鈺德,22,4,18,群益金鼎-台中,2023-12-06,9184
1522,堤維西,130,113,17,群益金鼎-台中,2023-12-06,9184
1504,東元,30,14,16,群益金鼎-台中,2023-12-06,9184
00921,兆豐龍頭等權重,15,0,15,群益金鼎-台中,2023-12-06,9184
2374,佳能,22,7,15,群益金鼎-台中,2023-12-06,9184
3540,曜越,17,2,15,群益金鼎-台中,2023-12-06,9184
2409,友達,15,0,15,群益金鼎-台中,2023-12-06,9184
2607,榮運,16,2,14,群益金鼎-台中,2023-12-06,9184
1514,亞力,85,71,14,群益金鼎-台中,2023-12-06,9184
2425,承啟,43,30,13,群益金鼎-台中,2023-12-06,9184
2603,長榮,19,6,13,群益金鼎-台中,2023-12-06,9184
6443,元晶,12,0,12,群益金鼎-台中,2023-12-06,9184
6901,鑽石投資,11,0,11,群益金鼎-台中,2023-12-06,9184
3078,僑威,11,0,11,群益金鼎-台中,2023-12-06,9184
2303,聯電,12,1,11,群益金鼎-台中,2023-12-06,9184
2618,長榮航,18,7,11,群益金鼎-台中,2023-12-06,9184
6125,廣運,13,2,11,群益金鼎-台中,2023-12-06,9184
2313,華通,21,11,10,群益金鼎-台中,2023-12-06,9184
2383,台光電,11,1,10,群益金鼎-台中,2023-12-06,9184
4953,緯軟,15,5,10,群益金鼎-台中,2023-12-06,9184
6213,聯茂,13,3,10,群益金鼎-台中,2023-12-06,9184
6235,華孚,16,7,9,群益金鼎-台中,2023-12-06,9184
2317,鴻海,11,2,9,群益金鼎-台中,2023-12-06,9184
6122,擎邦,25,16,9,群益金鼎-台中,2023-12-06,9184
6136,富爾特,10,1,9,群益金鼎-台中,2023-12-06,9184
2436,偉詮電,9,1,8,群益金鼎-台中,2023-12-06,9184
1519,華城,39,30,9,群益金鼎-台中,2023-12-06,9184
00680L,元大美債20正2,593,10,583,群益金鼎-台中,2023-12-07,9184
2915,潤泰全,210,57,153,群益金鼎-台中,2023-12-07,9184
00642U,期元大S＆P石油,112,0,112,群益金鼎-台中,2023-12-07,9184
1722,台肥,95,13,82,群益金鼎-台中,2023-12-07,9184
00919,群益台灣精選高息,109,28,81,群益金鼎-台中,2023-12-07,9184
2883B,凱基金乙特,78,0,78,群益金鼎-台中,2023-12-07,9184
2888,新光金,72,0,72,群益金鼎-台中,2023-12-07,9184
00715L,期街口布蘭特正2,60,2,58,群益金鼎-台中,2023-12-07,9184
00929,復華台灣科技優息,54,1,53,群益金鼎-台中,2023-12-07,9184
6233,旺玖,61,16,45,群益金鼎-台中,2023-12-07,9184
3062,建漢,57,14,43,群益金鼎-台中,2023-12-07,9184
2889,國票金,42,0,42,群益金鼎-台中,2023-12-07,9184
00688L,國泰20年美債正2,40,3,37,群益金鼎-台中,2023-12-07,9184
00882,中信中國高股息,33,2,31,群益金鼎-台中,2023-12-07,9184
2603,長榮,32,1,31,群益金鼎-台中,2023-12-07,9184
2392,正崴,30,2,28,群益金鼎-台中,2023-12-07,9184
00888,永豐台灣ESG,28,0,28,群益金鼎-台中,2023-12-07,9184
3013,晟銘電,46,18,28,群益金鼎-台中,2023-12-07,9184
2880,華南金,25,0,25,群益金鼎-台中,2023-12-07,9184
00712,復華富時不動產,24,0,24,群益金鼎-台中,2023-12-07,9184
1503,士電,85,63,22,群益金鼎-台中,2023-12-07,9184
1319,東陽,27,6,21,群益金鼎-台中,2023-12-07,9184
2323,中環,20,0,20,群益金鼎-台中,2023-12-07,9184
3041,揚智,107,88,19,群益金鼎-台中,2023-12-07,9184
2457,飛宏,25,6,19,群益金鼎-台中,2023-12-07,9184
2845,遠東銀,18,0,18,群益金鼎-台中,2023-12-07,9184
2883,凱基金,21,4,17,群益金鼎-台中,2023-12-07,9184
3715,定穎投控,37,20,17,群益金鼎-台中,2023-12-07,9184
2344,華邦電,17,1,16,群益金鼎-台中,2023-12-07,9184
2605,新興,76,60,16,群益金鼎-台中,2023-12-07,9184
3260,威剛,21,6,15,群益金鼎-台中,2023-12-07,9184
3029,零壹,15,0,15,群益金鼎-台中,2023-12-07,9184
3706,神達,14,0,14,群益金鼎-台中,2023-12-07,9184
2371,大同,37,24,13,群益金鼎-台中,2023-12-07,9184
1618,合機,36,24,12,群益金鼎-台中,2023-12-07,9184
8936,國統,15,3,12,群益金鼎-台中,2023-12-07,9184
5347,世界,13,2,11,群益金鼎-台中,2023-12-07,9184
3707,漢磊,11,0,11,群益金鼎-台中,2023-12-07,9184
2436,偉詮電,11,1,10,群益金鼎-台中,2023-12-07,9184
6112,邁達特,18,8,10,群益金鼎-台中,2023-12-07,9184
6578,達邦蛋白,10,0,10,群益金鼎-台中,2023-12-07,9184
2897,王道銀行,10,0,10,群益金鼎-台中,2023-12-07,9184
00665L,富邦�琤肭磪囓�2,10,0,10,群益金鼎-台中,2023-12-07,9184
1612,宏泰,27,17,10,群益金鼎-台中,2023-12-07,9184
00671R,富邦NASDAQ反1,20,10,10,群益金鼎-台中,2023-12-07,9184
8240,華宏,10,0,10,群益金鼎-台中,2023-12-07,9184
1608,華榮,13,3,10,群益金鼎-台中,2023-12-07,9184
4561,健椿,18,8,10,群益金鼎-台中,2023-12-07,9184
00728,第一金工業30,10,0,10,群益金鼎-台中,2023-12-07,9184
6486,互動,9,0,9,群益金鼎-台中,2023-12-07,9184
00919,群益台灣精選高息,963,10,953,群益金鼎-台中,2023-12-08,9184
2882,國泰金,119,0,119,群益金鼎-台中,2023-12-08,9184
00937B,群益ESG投等債20,142,50,92,群益金鼎-台中,2023-12-08,9184
00687B,國泰20年美債,95,6,89,群益金鼎-台中,2023-12-08,9184
00680L,元大美債20正2,86,2,84,群益金鼎-台中,2023-12-08,9184
00679B,元大美債20年,67,5,62,群益金鼎-台中,2023-12-08,9184
3481,群創,50,0,50,群益金鼎-台中,2023-12-08,9184
2303,聯電,53,7,46,群益金鼎-台中,2023-12-08,9184
2888,新光金,40,0,40,群益金鼎-台中,2023-12-08,9184
00882,中信中國高股息,39,0,39,群益金鼎-台中,2023-12-08,9184
1722,台肥,61,24,37,群益金鼎-台中,2023-12-08,9184
00632R,元大台灣50反1,40,5,35,群益金鼎-台中,2023-12-08,9184
4306,炎洲,33,4,29,群益金鼎-台中,2023-12-08,9184
2457,飛宏,33,6,27,群益金鼎-台中,2023-12-08,9184
3324,雙鴻,25,0,25,群益金鼎-台中,2023-12-08,9184
5608,四維航,43,21,22,群益金鼎-台中,2023-12-08,9184
2889,國票金,22,0,22,群益金鼎-台中,2023-12-08,9184
1402,遠東新,21,0,21,群益金鼎-台中,2023-12-08,9184
2618,長榮航,282,261,21,群益金鼎-台中,2023-12-08,9184
9904,寶成,20,0,20,群益金鼎-台中,2023-12-08,9184
2542,興富發,20,0,20,群益金鼎-台中,2023-12-08,9184
3576,聯合再生,20,0,20,群益金鼎-台中,2023-12-08,9184
6167,久正,20,0,20,群益金鼎-台中,2023-12-08,9184
3287,廣寰科,22,3,19,群益金鼎-台中,2023-12-08,9184
00715L,期街口布蘭特正2,17,0,17,群益金鼎-台中,2023-12-08,9184
3045,台灣大,16,0,16,群益金鼎-台中,2023-12-08,9184
3078,僑威,57,42,15,群益金鼎-台中,2023-12-08,9184
00751B,元大AAA至A公司債,14,0,14,群益金鼎-台中,2023-12-08,9184
2374,佳能,18,5,13,群益金鼎-台中,2023-12-08,9184
3630,新鉅科,13,0,13,群益金鼎-台中,2023-12-08,9184
2606,裕民,18,5,13,群益金鼎-台中,2023-12-08,9184
00637L,元大滬深300正2,13,0,13,群益金鼎-台中,2023-12-08,9184
4909,新復興,12,0,12,群益金鼎-台中,2023-12-08,9184
6668,中揚光,12,0,12,群益金鼎-台中,2023-12-08,9184
6170,統振,20,8,12,群益金鼎-台中,2023-12-08,9184
2851,中再保,11,0,11,群益金鼎-台中,2023-12-08,9184
8996,高力,21,10,11,群益金鼎-台中,2023-12-08,9184
2449,京元電子,18,8,10,群益金鼎-台中,2023-12-08,9184
2002,中鋼,10,0,10,群益金鼎-台中,2023-12-08,9184
2739,寒舍,10,0,10,群益金鼎-台中,2023-12-08,9184
1711,永光,10,0,10,群益金鼎-台中,2023-12-08,9184
4142,國光生,10,0,10,群益金鼎-台中,2023-12-08,9184
3062,建漢,10,0,10,群益金鼎-台中,2023-12-08,9184
8942,森鉅,10,0,10,群益金鼎-台中,2023-12-08,9184
2206,三陽工業,11,1,10,群益金鼎-台中,2023-12-08,9184
2419,仲琦,12,2,10,群益金鼎-台中,2023-12-08,9184
1515,力山,12,2,10,群益金鼎-台中,2023-12-08,9184
1795,美時,14,4,10,群益金鼎-台中,2023-12-08,9184
5009,榮剛,10,1,9,群益金鼎-台中,2023-12-08,9184
1326,台化,20,11,9,群益金鼎-台中,2023-12-08,9184
00688L,國泰20年美債正2,300,5,295,群益金鼎-台中,2023-12-11,9184
00882,中信中國高股息,111,3,108,群益金鼎-台中,2023-12-11,9184
00919,群益台灣精選高息,109,10,99,群益金鼎-台中,2023-12-11,9184
6282,康舒,59,2,57,群益金鼎-台中,2023-12-11,9184
1402,遠東新,45,0,45,群益金鼎-台中,2023-12-11,9184
1618,合機,70,33,37,群益金鼎-台中,2023-12-11,9184
2881,富邦金,38,3,35,群益金鼎-台中,2023-12-11,9184
5324,士開,59,25,34,群益金鼎-台中,2023-12-11,9184
1524,耿鼎,104,70,34,群益金鼎-台中,2023-12-11,9184
020039,元大加權N,30,0,30,群益金鼎-台中,2023-12-11,9184
2882,國泰金,29,0,29,群益金鼎-台中,2023-12-11,9184
5347,世界,32,4,28,群益金鼎-台中,2023-12-11,9184
00687B,國泰20年美債,37,10,27,群益金鼎-台中,2023-12-11,9184
2606,裕民,25,4,21,群益金鼎-台中,2023-12-11,9184
2636,台驊控股,20,0,20,群益金鼎-台中,2023-12-11,9184
6170,統振,20,0,20,群益金鼎-台中,2023-12-11,9184
00680L,元大美債20正2,20,1,19,群益金鼎-台中,2023-12-11,9184
2888,新光金,19,0,19,群益金鼎-台中,2023-12-11,9184
6167,久正,18,0,18,群益金鼎-台中,2023-12-11,9184
00937B,群益ESG投等債20,99,81,18,群益金鼎-台中,2023-12-11,9184
2891,中信金,18,1,17,群益金鼎-台中,2023-12-11,9184
00935,野村臺灣新科技50,17,0,17,群益金鼎-台中,2023-12-11,9184
1598,岱宇,18,2,16,群益金鼎-台中,2023-12-11,9184
2618,長榮航,173,158,15,群益金鼎-台中,2023-12-11,9184
1711,永光,15,0,15,群益金鼎-台中,2023-12-11,9184
2382,廣達,39,24,15,群益金鼎-台中,2023-12-11,9184
1734,杏輝,14,0,14,群益金鼎-台中,2023-12-11,9184
2402,毅嘉,54,42,12,群益金鼎-台中,2023-12-11,9184
2425,承啟,14,2,12,群益金鼎-台中,2023-12-11,9184
3045,台灣大,12,0,12,群益金鼎-台中,2023-12-11,9184
2317,鴻海,13,2,11,群益金鼎-台中,2023-12-11,9184
1609,大亞,33,22,11,群益金鼎-台中,2023-12-11,9184
6187,萬潤,18,7,11,群益金鼎-台中,2023-12-11,9184
00655L,國泰中國A50正2,12,1,11,群益金鼎-台中,2023-12-11,9184
1616,億泰,13,2,11,群益金鼎-台中,2023-12-11,9184
2376,技嘉,33,22,11,群益金鼎-台中,2023-12-11,9184
6901,鑽石投資,10,0,10,群益金鼎-台中,2023-12-11,9184
5871,中租-KY,10,0,10,群益金鼎-台中,2023-12-11,9184
00934,中信成長高股息,10,0,10,群益金鼎-台中,2023-12-11,9184
6443,元晶,10,0,10,群益金鼎-台中,2023-12-11,9184
3390,旭軟,12,2,10,群益金鼎-台中,2023-12-11,9184
2851,中再保,10,0,10,群益金鼎-台中,2023-12-11,9184
9939,宏全,10,0,10,群益金鼎-台中,2023-12-11,9184
3443,創意,31,21,10,群益金鼎-台中,2023-12-11,9184
2401,凌陽,12,3,9,群益金鼎-台中,2023-12-11,9184
8044,網家,10,1,9,群益金鼎-台中,2023-12-11,9184
1708,東鹼,9,0,9,群益金鼎-台中,2023-12-11,9184
3715,定穎投控,11,2,9,群益金鼎-台中,2023-12-11,9184
2388,威盛,84,76,8,群益金鼎-台中,2023-12-11,9184
2002,中鋼,12,4,8,群益金鼎-台中,2023-12-11,9184
5521,工信,229,92,137,群益金鼎-台中,2023-12-12,9184
00934,中信成長高股息,84,0,84,群益金鼎-台中,2023-12-12,9184
00680L,元大美債20正2,76,0,76,群益金鼎-台中,2023-12-12,9184
2915,潤泰全,75,0,75,群益金鼎-台中,2023-12-12,9184
00919,群益台灣精選高息,132,64,68,群益金鼎-台中,2023-12-12,9184
6116,彩晶,45,0,45,群益金鼎-台中,2023-12-12,9184
00632R,元大台灣50反1,40,0,40,群益金鼎-台中,2023-12-12,9184
00918,大華優利高填息30,40,0,40,群益金鼎-台中,2023-12-12,9184
00929,復華台灣科技優息,54,15,39,群益金鼎-台中,2023-12-12,9184
2882,國泰金,43,6,37,群益金鼎-台中,2023-12-12,9184
00688L,國泰20年美債正2,32,0,32,群益金鼎-台中,2023-12-12,9184
00671R,富邦NASDAQ反1,40,10,30,群益金鼎-台中,2023-12-12,9184
3231,緯創,35,8,27,群益金鼎-台中,2023-12-12,9184
1584,精剛,43,18,25,群益金鼎-台中,2023-12-12,9184
1618,合機,129,105,24,群益金鼎-台中,2023-12-12,9184
5607,遠雄港,27,3,24,群益金鼎-台中,2023-12-12,9184
00687B,國泰20年美債,58,35,23,群益金鼎-台中,2023-12-12,9184
4979,華星光,30,7,23,群益金鼎-台中,2023-12-12,9184
2401,凌陽,24,3,21,群益金鼎-台中,2023-12-12,9184
2402,毅嘉,66,46,20,群益金鼎-台中,2023-12-12,9184
2313,華通,82,64,18,群益金鼎-台中,2023-12-12,9184
2014,中鴻,19,2,17,群益金鼎-台中,2023-12-12,9184
6182,合晶,27,11,16,群益金鼎-台中,2023-12-12,9184
8210,勤誠,27,11,16,群益金鼎-台中,2023-12-12,9184
00706L,期元大S＆P日圓正2,35,20,15,群益金鼎-台中,2023-12-12,9184
3078,僑威,20,5,15,群益金鼎-台中,2023-12-12,9184
9950,萬國通,17,2,15,群益金鼎-台中,2023-12-12,9184
8426,紅木-KY,15,1,14,群益金鼎-台中,2023-12-12,9184
1734,杏輝,14,0,14,群益金鼎-台中,2023-12-12,9184
1609,大亞,22,10,12,群益金鼎-台中,2023-12-12,9184
00712,復華富時不動產,12,1,11,群益金鼎-台中,2023-12-12,9184
3443,創意,26,16,10,群益金鼎-台中,2023-12-12,9184
00648R,元大S＆P500反1,10,0,10,群益金鼎-台中,2023-12-12,9184
3630,新鉅科,10,0,10,群益金鼎-台中,2023-12-12,9184
00936,台新永續高息中小,10,0,10,群益金鼎-台中,2023-12-12,9184
6136,富爾特,10,0,10,群益金鼎-台中,2023-12-12,9184
2851,中再保,10,0,10,群益金鼎-台中,2023-12-12,9184
00669R,國泰美國道瓊反1,10,0,10,群益金鼎-台中,2023-12-12,9184
5236,凌陽創新,11,1,10,群益金鼎-台中,2023-12-12,9184
2888,新光金,11,1,10,群益金鼎-台中,2023-12-12,9184
8183,精星,10,0,10,群益金鼎-台中,2023-12-12,9184
3037,欣興,11,1,10,群益金鼎-台中,2023-12-12,9184
2409,友達,12,3,9,群益金鼎-台中,2023-12-12,9184
2634,漢翔,9,0,9,群益金鼎-台中,2023-12-12,9184
00719B,元大美債1-3,9,0,9,群益金鼎-台中,2023-12-12,9184
1218,泰山,10,1,9,群益金鼎-台中,2023-12-12,9184
3163,波若威,16,7,9,群益金鼎-台中,2023-12-12,9184
3694,海華,21,12,9,群益金鼎-台中,2023-12-12,9184
2427,三商電,13,4,9,群益金鼎-台中,2023-12-12,9184
5469,瀚宇博,10,1,9,群益金鼎-台中,2023-12-12,9184
2801,彰銀,100,0,100,群益金鼎-台中,2023-12-13,9184
1402,遠東新,77,0,77,群益金鼎-台中,2023-12-13,9184
00715L,期街口布蘭特正2,65,2,63,群益金鼎-台中,2023-12-13,9184
00919,群益台灣精選高息,99,40,59,群益金鼎-台中,2023-12-13,9184
00642U,期元大S＆P石油,57,1,56,群益金鼎-台中,2023-12-13,9184
00882,中信中國高股息,51,0,51,群益金鼎-台中,2023-12-13,9184
00929,復華台灣科技優息,72,25,47,群益金鼎-台中,2023-12-13,9184
9904,寶成,47,0,47,群益金鼎-台中,2023-12-13,9184
2303,聯電,36,1,35,群益金鼎-台中,2023-12-13,9184
2425,承啟,52,17,35,群益金鼎-台中,2023-12-13,9184
00918,大華優利高填息30,32,0,32,群益金鼎-台中,2023-12-13,9184
2327,國巨,31,0,31,群益金鼎-台中,2023-12-13,9184
2634,漢翔,93,65,28,群益金鼎-台中,2023-12-13,9184
2882,國泰金,28,0,28,群益金鼎-台中,2023-12-13,9184
2402,毅嘉,32,5,27,群益金鼎-台中,2023-12-13,9184
00687B,國泰20年美債,25,1,24,群益金鼎-台中,2023-12-13,9184
2204,中華,41,19,22,群益金鼎-台中,2023-12-13,9184
2408,南亞科,22,0,22,群益金鼎-台中,2023-12-13,9184
3041,揚智,25,4,21,群益金鼎-台中,2023-12-13,9184
2201,裕隆,21,0,21,群益金鼎-台中,2023-12-13,9184
2363,矽統,46,25,21,群益金鼎-台中,2023-12-13,9184
2889,國票金,21,0,21,群益金鼎-台中,2023-12-13,9184
8110,華東,20,0,20,群益金鼎-台中,2023-12-13,9184
2484,希華,20,0,20,群益金鼎-台中,2023-12-13,9184
2890,永豐金,20,0,20,群益金鼎-台中,2023-12-13,9184
00934,中信成長高股息,20,1,19,群益金鼎-台中,2023-12-13,9184
2002,中鋼,17,0,17,群益金鼎-台中,2023-12-13,9184
1514,亞力,26,9,17,群益金鼎-台中,2023-12-13,9184
1519,華城,32,15,17,群益金鼎-台中,2023-12-13,9184
6231,系微,19,4,15,群益金鼎-台中,2023-12-13,9184
1529,樂事綠能,15,0,15,群益金鼎-台中,2023-12-13,9184
1605,華新,18,3,15,群益金鼎-台中,2023-12-13,9184
3704,合勤控,17,2,15,群益金鼎-台中,2023-12-13,9184
2027,大成鋼,14,0,14,群益金鼎-台中,2023-12-13,9184
3706,神達,82,68,14,群益金鼎-台中,2023-12-13,9184
3481,群創,15,2,13,群益金鼎-台中,2023-12-13,9184
00655L,國泰中國A50正2,13,0,13,群益金鼎-台中,2023-12-13,9184
5202,力新,12,0,12,群益金鼎-台中,2023-12-13,9184
1609,大亞,15,3,12,群益金鼎-台中,2023-12-13,9184
2476,鉅祥,14,3,11,群益金鼎-台中,2023-12-13,9184
2371,大同,36,25,11,群益金鼎-台中,2023-12-13,9184
00751B,元大AAA至A公司債,11,0,11,群益金鼎-台中,2023-12-13,9184
2610,華航,13,2,11,群益金鼎-台中,2023-12-13,9184
00712,復華富時不動產,11,1,10,群益金鼎-台中,2023-12-13,9184
00671R,富邦NASDAQ反1,20,10,10,群益金鼎-台中,2023-12-13,9184
2472,立隆電,15,5,10,群益金鼎-台中,2023-12-13,9184
1711,永光,10,0,10,群益金鼎-台中,2023-12-13,9184
2206,三陽工業,10,0,10,群益金鼎-台中,2023-12-13,9184
2382,廣達,41,31,10,群益金鼎-台中,2023-12-13,9184
2886,兆豐金,9,0,9,群益金鼎-台中,2023-12-13,9184
00632R,元大台灣50反1,254,0,254,群益金鼎-台中,2023-12-14,9184
00919,群益台灣精選高息,150,45,105,群益金鼎-台中,2023-12-14,9184
00669R,國泰美國道瓊反1,85,0,85,群益金鼎-台中,2023-12-14,9184
00671R,富邦NASDAQ反1,80,0,80,群益金鼎-台中,2023-12-14,9184
00934,中信成長高股息,105,25,80,群益金鼎-台中,2023-12-14,9184
2915,潤泰全,102,22,80,群益金鼎-台中,2023-12-14,9184
00648R,元大S＆P500反1,65,0,65,群益金鼎-台中,2023-12-14,9184
00680L,元大美債20正2,72,13,59,群益金鼎-台中,2023-12-14,9184
00665L,富邦�琤肭磪囓�2,50,0,50,群益金鼎-台中,2023-12-14,9184
00687B,國泰20年美債,63,16,47,群益金鼎-台中,2023-12-14,9184
2027,大成鋼,43,0,43,群益金鼎-台中,2023-12-14,9184
00641R,富邦日本反1,40,0,40,群益金鼎-台中,2023-12-14,9184
6176,瑞儀,40,0,40,群益金鼎-台中,2023-12-14,9184
2332,友訊,30,0,30,群益金鼎-台中,2023-12-14,9184
2301,光寶科,32,4,28,群益金鼎-台中,2023-12-14,9184
00720B,元大投資級公司債,22,0,22,群益金鼎-台中,2023-12-14,9184
6127,九豪,189,167,22,群益金鼎-台中,2023-12-14,9184
5521,工信,78,57,21,群益金鼎-台中,2023-12-14,9184
2615,萬海,22,3,19,群益金鼎-台中,2023-12-14,9184
00773B,中信優先金融債,20,1,19,群益金鼎-台中,2023-12-14,9184
00645,富邦日本,28,11,17,群益金鼎-台中,2023-12-14,9184
00933B,國泰10Y+金融債,16,0,16,群益金鼎-台中,2023-12-14,9184
2367,燿華,31,16,15,群益金鼎-台中,2023-12-14,9184
00719B,元大美債1-3,14,0,14,群益金鼎-台中,2023-12-14,9184
8210,勤誠,21,7,14,群益金鼎-台中,2023-12-14,9184
2436,偉詮電,25,12,13,群益金鼎-台中,2023-12-14,9184
2329,華泰,35,23,12,群益金鼎-台中,2023-12-14,9184
1609,大亞,12,0,12,群益金鼎-台中,2023-12-14,9184
3617,碩天,12,0,12,群益金鼎-台中,2023-12-14,9184
8467,波力-KY,12,0,12,群益金鼎-台中,2023-12-14,9184
2425,承啟,43,31,12,群益金鼎-台中,2023-12-14,9184
2405,輔信,11,0,11,群益金鼎-台中,2023-12-14,9184
00882,中信中國高股息,10,0,10,群益金鼎-台中,2023-12-14,9184
3661,世芯-KY,13,3,10,群益金鼎-台中,2023-12-14,9184
00642U,期元大S＆P石油,30,20,10,群益金鼎-台中,2023-12-14,9184
1582,信錦,10,0,10,群益金鼎-台中,2023-12-14,9184
3450,聯鈞,10,0,10,群益金鼎-台中,2023-12-14,9184
00885,富邦越南,11,1,10,群益金鼎-台中,2023-12-14,9184
4939,亞電,21,11,10,群益金鼎-台中,2023-12-14,9184
4906,正文,18,8,10,群益金鼎-台中,2023-12-14,9184
9951,皇田,10,0,10,群益金鼎-台中,2023-12-14,9184
2606,裕民,13,3,10,群益金鼎-台中,2023-12-14,9184
1519,華城,36,27,9,群益金鼎-台中,2023-12-14,9184
2313,華通,185,176,9,群益金鼎-台中,2023-12-14,9184
6139,亞翔,21,12,9,群益金鼎-台中,2023-12-14,9184
1503,士電,22,13,9,群益金鼎-台中,2023-12-14,9184
1799,易威,9,0,9,群益金鼎-台中,2023-12-14,9184
3515,華擎,11,2,9,群益金鼎-台中,2023-12-14,9184
2371,大同,14,6,8,群益金鼎-台中,2023-12-14,9184
00935,野村臺灣新科技50,8,0,8,群益金鼎-台中,2023-12-14,9184
00679B,元大美債20年,362,2,360,群益金鼎-台中,2023-12-15,9184
00934,中信成長高股息,145,23,122,群益金鼎-台中,2023-12-15,9184
2356,英業達,259,144,115,群益金鼎-台中,2023-12-15,9184
2882,國泰金,118,8,110,群益金鼎-台中,2023-12-15,9184
00751B,元大AAA至A公司債,84,2,82,群益金鼎-台中,2023-12-15,9184
00632R,元大台灣50反1,130,62,68,群益金鼎-台中,2023-12-15,9184
00919,群益台灣精選高息,247,182,65,群益金鼎-台中,2023-12-15,9184
00929,復華台灣科技優息,150,94,56,群益金鼎-台中,2023-12-15,9184
6257,矽格,78,23,55,群益金鼎-台中,2023-12-15,9184
00885,富邦越南,61,10,51,群益金鼎-台中,2023-12-15,9184
2303,聯電,52,6,46,群益金鼎-台中,2023-12-15,9184
00687B,國泰20年美債,62,17,45,群益金鼎-台中,2023-12-15,9184
6754,匯僑設計,41,0,41,群益金鼎-台中,2023-12-15,9184
2897,王道銀行,40,0,40,群益金鼎-台中,2023-12-15,9184
3006,晶豪科,61,23,38,群益金鼎-台中,2023-12-15,9184
2363,矽統,145,108,37,群益金鼎-台中,2023-12-15,9184
2881,富邦金,62,29,33,群益金鼎-台中,2023-12-15,9184
00720B,元大投資級公司債,41,10,31,群益金鼎-台中,2023-12-15,9184
2201,裕隆,30,0,30,群益金鼎-台中,2023-12-15,9184
2641,正德,30,1,29,群益金鼎-台中,2023-12-15,9184
2449,京元電子,64,35,29,群益金鼎-台中,2023-12-15,9184
1584,精剛,72,45,27,群益金鼎-台中,2023-12-15,9184
3231,緯創,51,26,25,群益金鼎-台中,2023-12-15,9184
6176,瑞儀,30,5,25,群益金鼎-台中,2023-12-15,9184
2402,毅嘉,44,20,24,群益金鼎-台中,2023-12-15,9184
6147,頎邦,27,3,24,群益金鼎-台中,2023-12-15,9184
2891,中信金,23,3,20,群益金鼎-台中,2023-12-15,9184
00664R,國泰臺灣加權反1,20,0,20,群益金鼎-台中,2023-12-15,9184
00905,FT臺灣Smart,20,1,19,群益金鼎-台中,2023-12-15,9184
2388,威盛,44,29,15,群益金鼎-台中,2023-12-15,9184
1312,國喬,16,1,15,群益金鼎-台中,2023-12-15,9184
00669R,國泰美國道瓊反1,15,0,15,群益金鼎-台中,2023-12-15,9184
2436,偉詮電,15,1,14,群益金鼎-台中,2023-12-15,9184
2353,宏��,15,1,14,群益金鼎-台中,2023-12-15,9184
2301,光寶科,20,6,14,群益金鼎-台中,2023-12-15,9184
00688L,國泰20年美債正2,19,6,13,群益金鼎-台中,2023-12-15,9184
00706L,期元大S＆P日圓正2,13,0,13,群益金鼎-台中,2023-12-15,9184
8201,無敵,12,0,12,群益金鼎-台中,2023-12-15,9184
8421,旭源,12,0,12,群益金鼎-台中,2023-12-15,9184
9958,世紀鋼,25,13,12,群益金鼎-台中,2023-12-15,9184
2412,中華電,11,0,11,群益金鼎-台中,2023-12-15,9184
0061,元大寶滬深,11,0,11,群益金鼎-台中,2023-12-15,9184
2387,精元,12,1,11,群益金鼎-台中,2023-12-15,9184
2010,春源,13,2,11,群益金鼎-台中,2023-12-15,9184
3049,精金,11,0,11,群益金鼎-台中,2023-12-15,9184
2002,中鋼,81,70,11,群益金鼎-台中,2023-12-15,9184
3265,台星科,23,13,10,群益金鼎-台中,2023-12-15,9184
00882,中信中國高股息,10,0,10,群益金鼎-台中,2023-12-15,9184
9904,寶成,55,45,10,群益金鼎-台中,2023-12-15,9184
3033,威健,10,0,10,群益金鼎-台中,2023-12-15,9184
00929,復華台灣科技優息,600,44,556,群益金鼎-台中,2023-12-18,9184
00919,群益台灣精選高息,213,69,144,群益金鼎-台中,2023-12-18,9184
00687B,國泰20年美債,108,3,105,群益金鼎-台中,2023-12-18,9184
00720B,元大投資級公司債,82,1,81,群益金鼎-台中,2023-12-18,9184
9105,泰金寶-DR,117,41,76,群益金鼎-台中,2023-12-18,9184
1326,台化,67,10,57,群益金鼎-台中,2023-12-18,9184
2610,華航,56,1,55,群益金鼎-台中,2023-12-18,9184
00918,大華優利高填息30,59,5,54,群益金鼎-台中,2023-12-18,9184
00680L,元大美債20正2,51,2,49,群益金鼎-台中,2023-12-18,9184
00751B,元大AAA至A公司債,46,0,46,群益金鼎-台中,2023-12-18,9184
2881,富邦金,56,16,40,群益金鼎-台中,2023-12-18,9184
00665L,富邦�琤肭磪囓�2,60,22,38,群益金鼎-台中,2023-12-18,9184
1102,亞泥,80,43,37,群益金鼎-台中,2023-12-18,9184
2023,燁輝,90,55,35,群益金鼎-台中,2023-12-18,9184
1605,華新,49,16,33,群益金鼎-台中,2023-12-18,9184
00935,野村臺灣新科技50,32,0,32,群益金鼎-台中,2023-12-18,9184
1907,永豐餘,32,0,32,群益金鼎-台中,2023-12-18,9184
2408,南亞科,30,0,30,群益金鼎-台中,2023-12-18,9184
6456,GIS-KY,30,0,30,群益金鼎-台中,2023-12-18,9184
2028,威致,31,3,28,群益金鼎-台中,2023-12-18,9184
00772B,中信高評級公司債,26,2,24,群益金鼎-台中,2023-12-18,9184
2505,國揚,23,0,23,群益金鼎-台中,2023-12-18,9184
2887,台新金,21,0,21,群益金鼎-台中,2023-12-18,9184
2515,中工,26,5,21,群益金鼎-台中,2023-12-18,9184
2356,英業達,81,61,20,群益金鼎-台中,2023-12-18,9184
00641R,富邦日本反1,20,0,20,群益金鼎-台中,2023-12-18,9184
00679B,元大美債20年,23,3,20,群益金鼎-台中,2023-12-18,9184
020027,元大上櫃ESG成長N,20,0,20,群益金鼎-台中,2023-12-18,9184
3374,精材,20,0,20,群益金鼎-台中,2023-12-18,9184
2607,榮運,21,2,19,群益金鼎-台中,2023-12-18,9184
2474,可成,20,1,19,群益金鼎-台中,2023-12-18,9184
00878,國泰永續高股息,18,1,17,群益金鼎-台中,2023-12-18,9184
2637,慧洋-KY,23,6,17,群益金鼎-台中,2023-12-18,9184
6176,瑞儀,20,5,15,群益金鼎-台中,2023-12-18,9184
2812,台中銀,16,2,14,群益金鼎-台中,2023-12-18,9184
1609,大亞,14,0,14,群益金鼎-台中,2023-12-18,9184
3356,奇偶,14,0,14,群益金鼎-台中,2023-12-18,9184
1536,和大,13,0,13,群益金鼎-台中,2023-12-18,9184
3033,威健,13,0,13,群益金鼎-台中,2023-12-18,9184
2427,三商電,13,0,13,群益金鼎-台中,2023-12-18,9184
2204,中華,20,7,13,群益金鼎-台中,2023-12-18,9184
00882,中信中國高股息,12,0,12,群益金鼎-台中,2023-12-18,9184
2030,彰源,38,26,12,群益金鼎-台中,2023-12-18,9184
2022,聚亨,21,9,12,群益金鼎-台中,2023-12-18,9184
1319,東陽,15,4,11,群益金鼎-台中,2023-12-18,9184
2206,三陽工業,11,0,11,群益金鼎-台中,2023-12-18,9184
2436,偉詮電,11,0,11,群益金鼎-台中,2023-12-18,9184
2201,裕隆,14,3,11,群益金鼎-台中,2023-12-18,9184
2388,威盛,27,17,10,群益金鼎-台中,2023-12-18,9184
00692,富邦公司治理,10,0,10,群益金鼎-台中,2023-12-18,9184
00664R,國泰臺灣加權反1,900,60,840,群益金鼎-台中,2023-12-19,9184
00680L,元大美債20正2,541,11,530,群益金鼎-台中,2023-12-19,9184
1102,亞泥,381,150,231,群益金鼎-台中,2023-12-19,9184
00918,大華優利高填息30,180,30,150,群益金鼎-台中,2023-12-19,9184
00937B,群益ESG投等債20,151,40,111,群益金鼎-台中,2023-12-19,9184
2903,遠百,90,0,90,群益金鼎-台中,2023-12-19,9184
020027,元大上櫃ESG成長N,100,20,80,群益金鼎-台中,2023-12-19,9184
2376,技嘉,61,15,46,群益金鼎-台中,2023-12-19,9184
3576,聯合再生,35,1,34,群益金鼎-台中,2023-12-19,9184
6235,華孚,39,5,34,群益金鼎-台中,2023-12-19,9184
3024,憶聲,33,0,33,群益金鼎-台中,2023-12-19,9184
3712,永崴投控,34,2,32,群益金鼎-台中,2023-12-19,9184
2888,新光金,32,0,32,群益金鼎-台中,2023-12-19,9184
2352,佳世達,32,1,31,群益金鼎-台中,2023-12-19,9184
2002,中鋼,31,1,30,群益金鼎-台中,2023-12-19,9184
00934,中信成長高股息,30,0,30,群益金鼎-台中,2023-12-19,9184
00878,國泰永續高股息,48,18,30,群益金鼎-台中,2023-12-19,9184
00933B,國泰10Y+金融債,56,32,24,群益金鼎-台中,2023-12-19,9184
2812,台中銀,21,0,21,群益金鼎-台中,2023-12-19,9184
2356,英業達,46,26,20,群益金鼎-台中,2023-12-19,9184
00641R,富邦日本反1,20,0,20,群益金鼎-台中,2023-12-19,9184
00795B,中信美國公債20年,20,0,20,群益金鼎-台中,2023-12-19,9184
00671R,富邦NASDAQ反1,20,0,20,群益金鼎-台中,2023-12-19,9184
1711,永光,20,0,20,群益金鼎-台中,2023-12-19,9184
5302,太欣,20,0,20,群益金鼎-台中,2023-12-19,9184
5906,台南-KY,18,0,18,群益金鼎-台中,2023-12-19,9184
4909,新復興,19,1,18,群益金鼎-台中,2023-12-19,9184
00720B,元大投資級公司債,17,0,17,群益金鼎-台中,2023-12-19,9184
3380,明泰,18,1,17,群益金鼎-台中,2023-12-19,9184
2465,麗臺,16,1,15,群益金鼎-台中,2023-12-19,9184
00900,富邦特選高股息30,15,0,15,群益金鼎-台中,2023-12-19,9184
3710,連展投控,14,0,14,群益金鼎-台中,2023-12-19,9184
6901,鑽石投資,14,0,14,群益金鼎-台中,2023-12-19,9184
2436,偉詮電,15,1,14,群益金鼎-台中,2023-12-19,9184
1815,富喬,16,2,14,群益金鼎-台中,2023-12-19,9184
5351,鈺創,36,23,13,群益金鼎-台中,2023-12-19,9184
6116,彩晶,12,0,12,群益金鼎-台中,2023-12-19,9184
1519,華城,16,5,11,群益金鼎-台中,2023-12-19,9184
8261,富鼎,11,1,10,群益金鼎-台中,2023-12-19,9184
00648R,元大S＆P500反1,10,0,10,群益金鼎-台中,2023-12-19,9184
6233,旺玖,13,3,10,群益金鼎-台中,2023-12-19,9184
2880,華南金,10,0,10,群益金鼎-台中,2023-12-19,9184
6176,瑞儀,10,0,10,群益金鼎-台中,2023-12-19,9184
00719B,元大美債1-3,10,0,10,群益金鼎-台中,2023-12-19,9184
2845,遠東銀,10,0,10,群益金鼎-台中,2023-12-19,9184
6284,佳邦,16,6,10,群益金鼎-台中,2023-12-19,9184
2637,慧洋-KY,11,2,9,群益金鼎-台中,2023-12-19,9184
2324,仁寶,12,3,9,群益金鼎-台中,2023-12-19,9184
6462,神盾,10,1,9,群益金鼎-台中,2023-12-19,9184
1312,國喬,8,0,8,群益金鼎-台中,2023-12-19,9184
00679B,元大美債20年,227,0,227,群益金鼎-台中,2023-12-20,9184
2885,元大金,208,2,206,群益金鼎-台中,2023-12-20,9184
00680L,元大美債20正2,125,0,125,群益金鼎-台中,2023-12-20,9184
2881,富邦金,101,2,99,群益金鼎-台中,2023-12-20,9184
00919,群益台灣精選高息,100,2,98,群益金鼎-台中,2023-12-20,9184
2882,國泰金,92,5,87,群益金鼎-台中,2023-12-20,9184
2356,英業達,246,176,70,群益金鼎-台中,2023-12-20,9184
2618,長榮航,95,44,51,群益金鼎-台中,2023-12-20,9184
00929,復華台灣科技優息,62,20,42,群益金鼎-台中,2023-12-20,9184
00632R,元大台灣50反1,40,0,40,群益金鼎-台中,2023-12-20,9184
00933B,國泰10Y+金融債,36,0,36,群益金鼎-台中,2023-12-20,9184
00645,富邦日本,41,7,34,群益金鼎-台中,2023-12-20,9184
00934,中信成長高股息,30,0,30,群益金鼎-台中,2023-12-20,9184
00720B,元大投資級公司債,28,0,28,群益金鼎-台中,2023-12-20,9184
2408,南亞科,27,0,27,群益金鼎-台中,2023-12-20,9184
6257,矽格,31,4,27,群益金鼎-台中,2023-12-20,9184
00669R,國泰美國道瓊反1,25,0,25,群益金鼎-台中,2023-12-20,9184
6579,研揚,22,0,22,群益金鼎-台中,2023-12-20,9184
2371,大同,41,20,21,群益金鼎-台中,2023-12-20,9184
00671R,富邦NASDAQ反1,20,0,20,群益金鼎-台中,2023-12-20,9184
00687B,國泰20年美債,20,0,20,群益金鼎-台中,2023-12-20,9184
6284,佳邦,26,6,20,群益金鼎-台中,2023-12-20,9184
9958,世紀鋼,19,0,19,群益金鼎-台中,2023-12-20,9184
1605,華新,23,6,17,群益金鼎-台中,2023-12-20,9184
00648R,元大S＆P500反1,15,0,15,群益金鼎-台中,2023-12-20,9184
8112,至上,31,17,14,群益金鼎-台中,2023-12-20,9184
2201,裕隆,12,0,12,群益金鼎-台中,2023-12-20,9184
1616,億泰,11,0,11,群益金鼎-台中,2023-12-20,9184
00772B,中信高評級公司債,11,0,11,群益金鼎-台中,2023-12-20,9184
5511,德昌,10,0,10,群益金鼎-台中,2023-12-20,9184
5515,建國,10,0,10,群益金鼎-台中,2023-12-20,9184
5351,鈺創,12,2,10,群益金鼎-台中,2023-12-20,9184
2401,凌陽,10,0,10,群益金鼎-台中,2023-12-20,9184
1210,大成,10,0,10,群益金鼎-台中,2023-12-20,9184
2374,佳能,10,0,10,群益金鼎-台中,2023-12-20,9184
4960,誠美材,10,0,10,群益金鼎-台中,2023-12-20,9184
6196,帆宣,10,1,9,群益金鼎-台中,2023-12-20,9184
2344,華邦電,11,2,9,群益金鼎-台中,2023-12-20,9184
5904,寶雅,9,0,9,群益金鼎-台中,2023-12-20,9184
2388,威盛,14,6,8,群益金鼎-台中,2023-12-20,9184
2038,海光,15,7,8,群益金鼎-台中,2023-12-20,9184
3694,海華,13,5,8,群益金鼎-台中,2023-12-20,9184
3013,晟銘電,10,2,8,群益金鼎-台中,2023-12-20,9184
2515,中工,37,29,8,群益金鼎-台中,2023-12-20,9184
3583,辛耘,9,1,8,群益金鼎-台中,2023-12-20,9184
00885,富邦越南,8,0,8,群益金鼎-台中,2023-12-20,9184
3169,亞信,7,0,7,群益金鼎-台中,2023-12-20,9184
00898,國泰基因免疫革命,7,0,7,群益金鼎-台中,2023-12-20,9184
2888,新光金,7,0,7,群益金鼎-台中,2023-12-20,9184
0061,元大寶滬深,7,0,7,群益金鼎-台中,2023-12-20,9184
00919,群益台灣精選高息,221,48,173,群益金鼎-台中,2023-12-21,9184
00937B,群益ESG投等債20,157,46,111,群益金鼎-台中,2023-12-21,9184
00688L,國泰20年美債正2,80,2,78,群益金鼎-台中,2023-12-21,9184
2324,仁寶,127,68,59,群益金鼎-台中,2023-12-21,9184
2634,漢翔,68,15,53,群益金鼎-台中,2023-12-21,9184
2515,中工,260,210,50,群益金鼎-台中,2023-12-21,9184
1102,亞泥,125,75,50,群益金鼎-台中,2023-12-21,9184
1907,永豐餘,56,11,45,群益金鼎-台中,2023-12-21,9184
00929,復華台灣科技優息,55,18,37,群益金鼎-台中,2023-12-21,9184
2392,正崴,36,3,33,群益金鼎-台中,2023-12-21,9184
00645,富邦日本,32,0,32,群益金鼎-台中,2023-12-21,9184
2031,新光鋼,32,3,29,群益金鼎-台中,2023-12-21,9184
00934,中信成長高股息,29,0,29,群益金鼎-台中,2023-12-21,9184
5608,四維航,27,2,25,群益金鼎-台中,2023-12-21,9184
3532,台勝科,24,5,19,群益金鼎-台中,2023-12-21,9184
3035,智原,51,32,19,群益金鼎-台中,2023-12-21,9184
2331,精英,89,71,18,群益金鼎-台中,2023-12-21,9184
6139,亞翔,17,0,17,群益金鼎-台中,2023-12-21,9184
00878,國泰永續高股息,17,1,16,群益金鼎-台中,2023-12-21,9184
6166,凌華,16,0,16,群益金鼎-台中,2023-12-21,9184
2409,友達,17,2,15,群益金鼎-台中,2023-12-21,9184
00900,富邦特選高股息30,15,0,15,群益金鼎-台中,2023-12-21,9184
00935,野村臺灣新科技50,15,0,15,群益金鼎-台中,2023-12-21,9184
6233,旺玖,56,41,15,群益金鼎-台中,2023-12-21,9184
1722,台肥,25,10,15,群益金鼎-台中,2023-12-21,9184
2425,承啟,17,3,14,群益金鼎-台中,2023-12-21,9184
3712,永崴投控,15,2,13,群益金鼎-台中,2023-12-21,9184
3706,神達,14,1,13,群益金鼎-台中,2023-12-21,9184
8222,寶一,14,2,12,群益金鼎-台中,2023-12-21,9184
00680L,元大美債20正2,18,6,12,群益金鼎-台中,2023-12-21,9184
3231,緯創,47,35,12,群益金鼎-台中,2023-12-21,9184
2330,台積電,13,2,11,群益金鼎-台中,2023-12-21,9184
00772B,中信高評級公司債,10,0,10,群益金鼎-台中,2023-12-21,9184
2419,仲琦,16,6,10,群益金鼎-台中,2023-12-21,9184
2023,燁輝,12,2,10,群益金鼎-台中,2023-12-21,9184
8027,鈦昇,10,0,10,群益金鼎-台中,2023-12-21,9184
8261,富鼎,10,0,10,群益金鼎-台中,2023-12-21,9184
3521,鴻翊,10,0,10,群益金鼎-台中,2023-12-21,9184
00923,群益台ESG低碳50,12,3,9,群益金鼎-台中,2023-12-21,9184
0061,元大寶滬深,9,0,9,群益金鼎-台中,2023-12-21,9184
2201,裕隆,11,2,9,群益金鼎-台中,2023-12-21,9184
9958,世紀鋼,9,0,9,群益金鼎-台中,2023-12-21,9184
3011,今皓,8,0,8,群益金鼎-台中,2023-12-21,9184
1504,東元,8,1,7,群益金鼎-台中,2023-12-21,9184
2605,新興,13,6,7,群益金鼎-台中,2023-12-21,9184
2377,微星,10,3,7,群益金鼎-台中,2023-12-21,9184
3034,聯詠,6,0,6,群益金鼎-台中,2023-12-21,9184
2374,佳能,6,0,6,群益金鼎-台中,2023-12-21,9184
8112,至上,19,13,6,群益金鼎-台中,2023-12-21,9184
6285,啟��,9,3,6,群益金鼎-台中,2023-12-21,9184
1326,台化,183,1,182,群益金鼎-台中,2023-12-22,9184
2609,陽明,431,287,144,群益金鼎-台中,2023-12-22,9184
00937B,群益ESG投等債20,93,1,92,群益金鼎-台中,2023-12-22,9184
2313,華通,133,52,81,群益金鼎-台中,2023-12-22,9184
00687B,國泰20年美債,77,1,76,群益金鼎-台中,2023-12-22,9184
8163,達方,59,0,59,群益金鼎-台中,2023-12-22,9184
2344,華邦電,108,52,56,群益金鼎-台中,2023-12-22,9184
2880,華南金,50,0,50,群益金鼎-台中,2023-12-22,9184
5210,寶碩,48,0,48,群益金鼎-台中,2023-12-22,9184
2618,長榮航,111,63,48,群益金鼎-台中,2023-12-22,9184
00919,群益台灣精選高息,55,10,45,群益金鼎-台中,2023-12-22,9184
2353,宏��,59,25,34,群益金鼎-台中,2023-12-22,9184
2520,冠德,31,0,31,群益金鼎-台中,2023-12-22,9184
2356,英業達,103,74,29,群益金鼎-台中,2023-12-22,9184
00795B,中信美國公債20年,27,0,27,群益金鼎-台中,2023-12-22,9184
00772B,中信高評級公司債,27,2,25,群益金鼎-台中,2023-12-22,9184
00931B,統一美債20年,41,17,24,群益金鼎-台中,2023-12-22,9184
00752,中信中國50,22,0,22,群益金鼎-台中,2023-12-22,9184
2405,輔信,21,0,21,群益金鼎-台中,2023-12-22,9184
8088,品安,43,24,19,群益金鼎-台中,2023-12-22,9184
6231,系微,24,5,19,群益金鼎-台中,2023-12-22,9184
6285,啟��,27,9,18,群益金鼎-台中,2023-12-22,9184
2324,仁寶,44,27,17,群益金鼎-台中,2023-12-22,9184
00933B,國泰10Y+金融債,14,0,14,群益金鼎-台中,2023-12-22,9184
2355,敬鵬,94,80,14,群益金鼎-台中,2023-12-22,9184
8050,廣積,16,3,13,群益金鼎-台中,2023-12-22,9184
0056,元大高股息,11,0,11,群益金鼎-台中,2023-12-22,9184
00720B,元大投資級公司債,11,0,11,群益金鼎-台中,2023-12-22,9184
4973,廣穎,12,1,11,群益金鼎-台中,2023-12-22,9184
2369,菱生,10,0,10,群益金鼎-台中,2023-12-22,9184
2329,華泰,11,1,10,群益金鼎-台中,2023-12-22,9184
6125,廣運,13,3,10,群益金鼎-台中,2023-12-22,9184
2891,中信金,9,0,9,群益金鼎-台中,2023-12-22,9184
1210,大成,9,0,9,群益金鼎-台中,2023-12-22,9184
2363,矽統,10,1,9,群益金鼎-台中,2023-12-22,9184
5530,龍巖,9,0,9,群益金鼎-台中,2023-12-22,9184
6290,良維,10,1,9,群益金鼎-台中,2023-12-22,9184
00882,中信中國高股息,8,0,8,群益金鼎-台中,2023-12-22,9184
1711,永光,7,0,7,群益金鼎-台中,2023-12-22,9184
00751B,元大AAA至A公司債,7,0,7,群益金鼎-台中,2023-12-22,9184
2002,中鋼,7,0,7,群益金鼎-台中,2023-12-22,9184
5009,榮剛,15,8,7,群益金鼎-台中,2023-12-22,9184
2606,裕民,11,4,7,群益金鼎-台中,2023-12-22,9184
00680L,元大美債20正2,17,11,6,群益金鼎-台中,2023-12-22,9184
1101,台泥,6,0,6,群益金鼎-台中,2023-12-22,9184
8299,群聯,7,1,6,群益金鼎-台中,2023-12-22,9184
6117,迎廣,14,8,6,群益金鼎-台中,2023-12-22,9184
6114,久威,6,0,6,群益金鼎-台中,2023-12-22,9184
2636,台驊控股,10,4,6,群益金鼎-台中,2023-12-22,9184
6233,旺玖,65,59,6,群益金鼎-台中,2023-12-22,9184
00885,富邦越南,104,4,100,群益金鼎-台中,2023-12-25,9184
00919,群益台灣精選高息,92,3,89,群益金鼎-台中,2023-12-25,9184
2634,漢翔,102,14,88,群益金鼎-台中,2023-12-25,9184
00937B,群益ESG投等債20,148,67,81,群益金鼎-台中,2023-12-25,9184
2610,華航,126,45,81,群益金鼎-台中,2023-12-25,9184
4906,正文,54,0,54,群益金鼎-台中,2023-12-25,9184
00900,富邦特選高股息30,47,0,47,群益金鼎-台中,2023-12-25,9184
1711,永光,38,0,38,群益金鼎-台中,2023-12-25,9184
00632R,元大台灣50反1,40,2,38,群益金鼎-台中,2023-12-25,9184
1605,華新,49,13,36,群益金鼎-台中,2023-12-25,9184
8163,達方,35,0,35,群益金鼎-台中,2023-12-25,9184
6282,康舒,34,0,34,群益金鼎-台中,2023-12-25,9184
9935,慶豐富,33,0,33,群益金鼎-台中,2023-12-25,9184
00918,大華優利高填息30,27,3,24,群益金鼎-台中,2023-12-25,9184
8936,國統,25,1,24,群益金鼎-台中,2023-12-25,9184
2344,華邦電,27,5,22,群益金鼎-台中,2023-12-25,9184
00645,富邦日本,22,0,22,群益金鼎-台中,2023-12-25,9184
5530,龍巖,21,0,21,群益金鼎-台中,2023-12-25,9184
6176,瑞儀,50,30,20,群益金鼎-台中,2023-12-25,9184
3499,環天科,20,0,20,群益金鼎-台中,2023-12-25,9184
00671R,富邦NASDAQ反1,20,0,20,群益金鼎-台中,2023-12-25,9184
2449,京元電子,18,0,18,群益金鼎-台中,2023-12-25,9184
2427,三商電,18,0,18,群益金鼎-台中,2023-12-25,9184
2615,萬海,52,36,16,群益金鼎-台中,2023-12-25,9184
2605,新興,24,8,16,群益金鼎-台中,2023-12-25,9184
0056,元大高股息,20,4,16,群益金鼎-台中,2023-12-25,9184
00931B,統一美債20年,23,7,16,群益金鼎-台中,2023-12-25,9184
1101,台泥,16,0,16,群益金鼎-台中,2023-12-25,9184
2421,建準,46,31,15,群益金鼎-台中,2023-12-25,9184
2636,台驊控股,25,10,15,群益金鼎-台中,2023-12-25,9184
2515,中工,46,32,14,群益金鼎-台中,2023-12-25,9184
8050,廣積,15,1,14,群益金鼎-台中,2023-12-25,9184
2032,新鋼,17,3,14,群益金鼎-台中,2023-12-25,9184
3715,定穎投控,17,4,13,群益金鼎-台中,2023-12-25,9184
00933B,國泰10Y+金融債,17,5,12,群益金鼎-台中,2023-12-25,9184
6418,詠昇,12,0,12,群益金鼎-台中,2023-12-25,9184
6257,矽格,22,11,11,群益金鼎-台中,2023-12-25,9184
5439,高技,11,0,11,群益金鼎-台中,2023-12-25,9184
6231,系微,15,4,11,群益金鼎-台中,2023-12-25,9184
6237,驊訊,17,6,11,群益金鼎-台中,2023-12-25,9184
8088,品安,110,99,11,群益金鼎-台中,2023-12-25,9184
1815,富喬,11,0,11,群益金鼎-台中,2023-12-25,9184
2363,矽統,12,1,11,群益金鼎-台中,2023-12-25,9184
6189,豐藝,10,0,10,群益金鼎-台中,2023-12-25,9184
00648R,元大S＆P500反1,10,0,10,群益金鼎-台中,2023-12-25,9184
2883,凱基金,11,1,10,群益金鼎-台中,2023-12-25,9184
2028,威致,11,1,10,群益金鼎-台中,2023-12-25,9184
3707,漢磊,10,0,10,群益金鼎-台中,2023-12-25,9184
4979,華星光,18,8,10,群益金鼎-台中,2023-12-25,9184
4171,瑞基,10,0,10,群益金鼎-台中,2023-12-25,9184
00632R,元大台灣50反1,80,0,80,群益金鼎-台中,2023-12-26,9184
2610,華航,71,21,50,群益金鼎-台中,2023-12-26,9184
8039,台虹,47,13,34,群益金鼎-台中,2023-12-26,9184
2405,輔信,93,60,33,群益金鼎-台中,2023-12-26,9184
2618,長榮航,41,11,30,群益金鼎-台中,2023-12-26,9184
00720B,元大投資級公司債,25,0,25,群益金鼎-台中,2023-12-26,9184
00937B,群益ESG投等債20,25,3,22,群益金鼎-台中,2023-12-26,9184
1521,大億,20,0,20,群益金鼎-台中,2023-12-26,9184
2607,榮運,20,1,19,群益金鼎-台中,2023-12-26,9184
1519,華城,49,31,18,群益金鼎-台中,2023-12-26,9184
00919,群益台灣精選高息,17,0,17,群益金鼎-台中,2023-12-26,9184
6104,創惟,17,1,16,群益金鼎-台中,2023-12-26,9184
2324,仁寶,206,190,16,群益金鼎-台中,2023-12-26,9184
3437,榮創,21,6,15,群益金鼎-台中,2023-12-26,9184
5009,榮剛,17,3,14,群益金鼎-台中,2023-12-26,9184
00929,復華台灣科技優息,25,12,13,群益金鼎-台中,2023-12-26,9184
2812,台中銀,18,6,12,群益金鼎-台中,2023-12-26,9184
3710,連展投控,12,0,12,群益金鼎-台中,2023-12-26,9184
2357,華碩,13,1,12,群益金鼎-台中,2023-12-26,9184
00918,大華優利高填息30,15,3,12,群益金鼎-台中,2023-12-26,9184
3047,訊舟,29,18,11,群益金鼎-台中,2023-12-26,9184
3094,聯傑,9,0,9,群益金鼎-台中,2023-12-26,9184
4979,華星光,16,8,8,群益金鼎-台中,2023-12-26,9184
2641,正德,9,1,8,群益金鼎-台中,2023-12-26,9184
2515,中工,42,34,8,群益金鼎-台中,2023-12-26,9184
6499,益安,8,0,8,群益金鼎-台中,2023-12-26,9184
00645,富邦日本,8,0,8,群益金鼎-台中,2023-12-26,9184
00915,凱基優選高股息30,8,0,8,群益金鼎-台中,2023-12-26,9184
2317,鴻海,12,4,8,群益金鼎-台中,2023-12-26,9184
6233,旺玖,21,14,7,群益金鼎-台中,2023-12-26,9184
00931B,統一美債20年,7,0,7,群益金鼎-台中,2023-12-26,9184
8050,廣積,10,3,7,群益金鼎-台中,2023-12-26,9184
3006,晶豪科,54,47,7,群益金鼎-台中,2023-12-26,9184
00680L,元大美債20正2,6,0,6,群益金鼎-台中,2023-12-26,9184
00655L,國泰中國A50正2,14,8,6,群益金鼎-台中,2023-12-26,9184
1101,台泥,6,0,6,群益金鼎-台中,2023-12-26,9184
00891,中信關鍵半導體,5,0,5,群益金鼎-台中,2023-12-26,9184
00669R,國泰美國道瓊反1,5,0,5,群益金鼎-台中,2023-12-26,9184
2006,東和鋼鐵,5,0,5,群益金鼎-台中,2023-12-26,9184
3325,旭品,20,15,5,群益金鼎-台中,2023-12-26,9184
1532,勤美,6,1,5,群益金鼎-台中,2023-12-26,9184
00637L,元大滬深300正2,5,0,5,群益金鼎-台中,2023-12-26,9184
6141,柏承,5,0,5,群益金鼎-台中,2023-12-26,9184
00712,復華富時不動產,5,0,5,群益金鼎-台中,2023-12-26,9184
00857B,永豐20年美公債,5,0,5,群益金鼎-台中,2023-12-26,9184
2303,聯電,16,11,5,群益金鼎-台中,2023-12-26,9184
00648R,元大S＆P500反1,5,0,5,群益金鼎-台中,2023-12-26,9184
00636,國泰中國A50,5,0,5,群益金鼎-台中,2023-12-26,9184
00643,群益深証中小,5,0,5,群益金鼎-台中,2023-12-26,9184
3694,海華,17,12,5,群益金鼎-台中,2023-12-26,9184
00937B,群益ESG投等債20,248,14,234,群益金鼎-台中,2023-12-27,9184
00687B,國泰20年美債,127,1,126,群益金鼎-台中,2023-12-27,9184
2405,輔信,193,84,109,群益金鼎-台中,2023-12-27,9184
00632R,元大台灣50反1,206,100,106,群益金鼎-台中,2023-12-27,9184
2324,仁寶,221,140,81,群益金鼎-台中,2023-12-27,9184
00919,群益台灣精選高息,73,8,65,群益金鼎-台中,2023-12-27,9184
4915,致伸,56,1,55,群益金鼎-台中,2023-12-27,9184
2392,正崴,47,0,47,群益金鼎-台中,2023-12-27,9184
2353,宏��,150,106,44,群益金鼎-台中,2023-12-27,9184
6167,久正,32,0,32,群益金鼎-台中,2023-12-27,9184
3712,永崴投控,30,0,30,群益金鼎-台中,2023-12-27,9184
2449,京元電子,32,5,27,群益金鼎-台中,2023-12-27,9184
00900,富邦特選高股息30,30,4,26,群益金鼎-台中,2023-12-27,9184
00676R,富邦臺灣加權反1,23,0,23,群益金鼎-台中,2023-12-27,9184
00686R,群益臺灣加權反1,23,0,23,群益金鼎-台中,2023-12-27,9184
00662,富邦NASDAQ,23,0,23,群益金鼎-台中,2023-12-27,9184
00915,凱基優選高股息30,22,0,22,群益金鼎-台中,2023-12-27,9184
2439,美律,23,1,22,群益金鼎-台中,2023-12-27,9184
9935,慶豐富,21,0,21,群益金鼎-台中,2023-12-27,9184
2913,農林,21,0,21,群益金鼎-台中,2023-12-27,9184
6285,啟��,24,4,20,群益金鼎-台中,2023-12-27,9184
00669R,國泰美國道瓊反1,20,0,20,群益金鼎-台中,2023-12-27,9184
2356,英業達,75,56,19,群益金鼎-台中,2023-12-27,9184
3231,緯創,31,15,16,群益金鼎-台中,2023-12-27,9184
00772B,中信高評級公司債,16,0,16,群益金鼎-台中,2023-12-27,9184
00795B,中信美國公債20年,16,0,16,群益金鼎-台中,2023-12-27,9184
6770,力積電,17,1,16,群益金鼎-台中,2023-12-27,9184
3260,威剛,21,6,15,群益金鼎-台中,2023-12-27,9184
00719B,元大美債1-3,15,0,15,群益金鼎-台中,2023-12-27,9184
00648R,元大S＆P500反1,15,0,15,群益金鼎-台中,2023-12-27,9184
00935,野村臺灣新科技50,18,4,14,群益金鼎-台中,2023-12-27,9184
3481,群創,29,18,11,群益金鼎-台中,2023-12-27,9184
5210,寶碩,11,0,11,群益金鼎-台中,2023-12-27,9184
6288,聯嘉,11,0,11,群益金鼎-台中,2023-12-27,9184
6667,信紘科,32,22,10,群益金鼎-台中,2023-12-27,9184
6282,康舒,11,1,10,群益金鼎-台中,2023-12-27,9184
4933,友輝,10,0,10,群益金鼎-台中,2023-12-27,9184
00679B,元大美債20年,10,0,10,群益金鼎-台中,2023-12-27,9184
6182,合晶,10,0,10,群益金鼎-台中,2023-12-27,9184
00671R,富邦NASDAQ反1,10,0,10,群益金鼎-台中,2023-12-27,9184
2362,藍天,13,3,10,群益金鼎-台中,2023-12-27,9184
3114,好德,10,0,10,群益金鼎-台中,2023-12-27,9184
1905,華紙,11,1,10,群益金鼎-台中,2023-12-27,9184
2312,金寶,11,2,9,群益金鼎-台中,2023-12-27,9184
1701,中化,9,0,9,群益金鼎-台中,2023-12-27,9184
3346,麗清,18,9,9,群益金鼎-台中,2023-12-27,9184
3694,海華,20,12,8,群益金鼎-台中,2023-12-27,9184
3437,榮創,14,6,8,群益金鼎-台中,2023-12-27,9184
4979,華星光,29,22,7,群益金鼎-台中,2023-12-27,9184
2882,國泰金,10,3,7,群益金鼎-台中,2023-12-27,9184
00937B,群益ESG投等債20,298,39,259,群益金鼎-台中,2023-12-28,9184
00891,中信關鍵半導體,54,0,54,群益金鼎-台中,2023-12-28,9184
00637L,元大滬深300正2,56,6,50,群益金鼎-台中,2023-12-28,9184
2303,聯電,115,66,49,群益金鼎-台中,2023-12-28,9184
00929,復華台灣科技優息,50,10,40,群益金鼎-台中,2023-12-28,9184
00753L,中信中國50正2,40,1,39,群益金鼎-台中,2023-12-28,9184
2405,輔信,54,16,38,群益金鼎-台中,2023-12-28,9184
2353,宏��,348,317,31,群益金鼎-台中,2023-12-28,9184
8096,擎亞,94,64,30,群益金鼎-台中,2023-12-28,9184
00669R,國泰美國道瓊反1,30,0,30,群益金鼎-台中,2023-12-28,9184
5906,台南-KY,29,0,29,群益金鼎-台中,2023-12-28,9184
2356,英業達,114,86,28,群益金鼎-台中,2023-12-28,9184
1337,再生-KY,26,0,26,群益金鼎-台中,2023-12-28,9184
3231,緯創,58,32,26,群益金鼎-台中,2023-12-28,9184
00687B,國泰20年美債,41,16,25,群益金鼎-台中,2023-12-28,9184
5258,虹堡,24,1,23,群益金鼎-台中,2023-12-28,9184
3013,晟銘電,31,8,23,群益金鼎-台中,2023-12-28,9184
3305,昇貿,24,2,22,群益金鼎-台中,2023-12-28,9184
2609,陽明,46,25,21,群益金鼎-台中,2023-12-28,9184
2337,旺宏,29,9,20,群益金鼎-台中,2023-12-28,9184
3712,永崴投控,20,0,20,群益金鼎-台中,2023-12-28,9184
00665L,富邦�琤肭磪囓�2,20,0,20,群益金鼎-台中,2023-12-28,9184
1218,泰山,20,0,20,群益金鼎-台中,2023-12-28,9184
020027,元大上櫃ESG成長N,20,0,20,群益金鼎-台中,2023-12-28,9184
00632R,元大台灣50反1,19,0,19,群益金鼎-台中,2023-12-28,9184
00885,富邦越南,17,0,17,群益金鼎-台中,2023-12-28,9184
2365,昆盈,83,66,17,群益金鼎-台中,2023-12-28,9184
4533,協易機,16,0,16,群益金鼎-台中,2023-12-28,9184
2492,華新科,22,6,16,群益金鼎-台中,2023-12-28,9184
4979,華星光,20,5,15,群益金鼎-台中,2023-12-28,9184
6104,創惟,16,1,15,群益金鼎-台中,2023-12-28,9184
9945,潤泰新,15,0,15,群益金鼎-台中,2023-12-28,9184
1514,亞力,45,31,14,群益金鼎-台中,2023-12-28,9184
1513,中興電,20,7,13,群益金鼎-台中,2023-12-28,9184
00715L,期街口布蘭特正2,22,10,12,群益金鼎-台中,2023-12-28,9184
5471,松翰,12,0,12,群益金鼎-台中,2023-12-28,9184
4915,致伸,17,5,12,群益金鼎-台中,2023-12-28,9184
6274,台燿,21,10,11,群益金鼎-台中,2023-12-28,9184
6188,廣明,16,5,11,群益金鼎-台中,2023-12-28,9184
00645,富邦日本,11,0,11,群益金鼎-台中,2023-12-28,9184
2408,南亞科,16,5,11,群益金鼎-台中,2023-12-28,9184
1815,富喬,10,0,10,群益金鼎-台中,2023-12-28,9184
00650L,復華香港正2,10,0,10,群益金鼎-台中,2023-12-28,9184
2617,台航,10,0,10,群益金鼎-台中,2023-12-28,9184
00671R,富邦NASDAQ反1,10,0,10,群益金鼎-台中,2023-12-28,9184
6257,矽格,10,0,10,群益金鼎-台中,2023-12-28,9184
00648R,元大S＆P500反1,10,0,10,群益金鼎-台中,2023-12-28,9184
00679B,元大美債20年,10,0,10,群益金鼎-台中,2023-12-28,9184
6203,海韻電,13,4,9,群益金鼎-台中,2023-12-28,9184
3035,智原,21,12,9,群益金鼎-台中,2023-12-28,9184
00937B,群益ESG投等債20,283,6,277,群益金鼎-台中,2023-12-29,9184
00885,富邦越南,104,10,94,群益金鼎-台中,2023-12-29,9184
00919,群益台灣精選高息,89,0,89,群益金鼎-台中,2023-12-29,9184
00665L,富邦�琤肭磪囓�2,100,20,80,群益金鼎-台中,2023-12-29,9184
00687B,國泰20年美債,64,0,64,群益金鼎-台中,2023-12-29,9184
1605,華新,56,4,52,群益金鼎-台中,2023-12-29,9184
2352,佳世達,88,43,45,群益金鼎-台中,2023-12-29,9184
00715L,期街口布蘭特正2,44,0,44,群益金鼎-台中,2023-12-29,9184
00632R,元大台灣50反1,40,1,39,群益金鼎-台中,2023-12-29,9184
2485,兆赫,40,1,39,群益金鼎-台中,2023-12-29,9184
2610,華航,45,14,31,群益金鼎-台中,2023-12-29,9184
5469,瀚宇博,25,0,25,群益金鼎-台中,2023-12-29,9184
2442,新美齊,25,0,25,群益金鼎-台中,2023-12-29,9184
00933B,國泰10Y+金融債,22,0,22,群益金鼎-台中,2023-12-29,9184
1504,東元,24,2,22,群益金鼎-台中,2023-12-29,9184
2365,昆盈,83,62,21,群益金鼎-台中,2023-12-29,9184
2344,華邦電,117,97,20,群益金鼎-台中,2023-12-29,9184
00655L,國泰中國A50正2,24,5,19,群益金鼎-台中,2023-12-29,9184
00680L,元大美債20正2,20,4,16,群益金鼎-台中,2023-12-29,9184
1609,大亞,16,0,16,群益金鼎-台中,2023-12-29,9184
2356,英業達,46,32,14,群益金鼎-台中,2023-12-29,9184
00712,復華富時不動產,17,3,14,群益金鼎-台中,2023-12-29,9184
1519,華城,44,31,13,群益金鼎-台中,2023-12-29,9184
2465,麗臺,13,0,13,群益金鼎-台中,2023-12-29,9184
2362,藍天,15,4,11,群益金鼎-台中,2023-12-29,9184
9105,泰金寶-DR,11,0,11,群益金鼎-台中,2023-12-29,9184
4557,永新-KY,11,0,11,群益金鼎-台中,2023-12-29,9184
2354,鴻準,12,1,11,群益金鼎-台中,2023-12-29,9184
00931B,統一美債20年,10,0,10,群益金鼎-台中,2023-12-29,9184
3006,晶豪科,41,31,10,群益金鼎-台中,2023-12-29,9184
5906,台南-KY,10,0,10,群益金鼎-台中,2023-12-29,9184
6213,聯茂,11,1,10,群益金鼎-台中,2023-12-29,9184
2371,大同,11,2,9,群益金鼎-台中,2023-12-29,9184
2618,長榮航,11,2,9,群益金鼎-台中,2023-12-29,9184
00929,復華台灣科技優息,21,13,8,群益金鼎-台中,2023-12-29,9184
00645,富邦日本,19,11,8,群益金鼎-台中,2023-12-29,9184
1437,勤益控,8,0,8,群益金鼎-台中,2023-12-29,9184
2329,華泰,8,1,7,群益金鼎-台中,2023-12-29,9184
9945,潤泰新,7,0,7,群益金鼎-台中,2023-12-29,9184
6719,力智,20,13,7,群益金鼎-台中,2023-12-29,9184
5351,鈺創,15,8,7,群益金鼎-台中,2023-12-29,9184
3207,耀勝,8,1,7,群益金鼎-台中,2023-12-29,9184
6015,宏遠證,7,0,7,群益金鼎-台中,2023-12-29,9184
2377,微星,10,4,6,群益金鼎-台中,2023-12-29,9184
2301,光寶科,6,0,6,群益金鼎-台中,2023-12-29,9184
2393,億光,11,5,6,群益金鼎-台中,2023-12-29,9184
1471,首利,6,0,6,群益金鼎-台中,2023-12-29,9184
00795B,中信美國公債20年,20,14,6,群益金鼎-台中,2023-12-29,9184
6016,康和證,6,0,6,群益金鼎-台中,2023-12-29,9184
3694,海華,27,21,6,群益金鼎-台中,2023-12-29,9184
00937B,群益ESG投等債20,138,7,131,群益金鼎-台中,2024-01-02,9184
3231,緯創,138,33,105,群益金鼎-台中,2024-01-02,9184
00885,富邦越南,88,6,82,群益金鼎-台中,2024-01-02,9184
2634,漢翔,102,30,72,群益金鼎-台中,2024-01-02,9184
4915,致伸,51,0,51,群益金鼎-台中,2024-01-02,9184
6129,普誠,50,0,50,群益金鼎-台中,2024-01-02,9184
2485,兆赫,41,0,41,群益金鼎-台中,2024-01-02,9184
2353,宏��,111,71,40,群益金鼎-台中,2024-01-02,9184
5521,工信,85,46,39,群益金鼎-台中,2024-01-02,9184
2352,佳世達,63,25,38,群益金鼎-台中,2024-01-02,9184
3706,神達,46,11,35,群益金鼎-台中,2024-01-02,9184
2838,聯邦銀,30,0,30,群益金鼎-台中,2024-01-02,9184
00696B,富邦美債20年,27,0,27,群益金鼎-台中,2024-01-02,9184
3264,欣銓,26,1,25,群益金鼎-台中,2024-01-02,9184
00934,中信成長高股息,29,5,24,群益金鼎-台中,2024-01-02,9184
00900,富邦特選高股息30,22,0,22,群益金鼎-台中,2024-01-02,9184
2356,英業達,45,23,22,群益金鼎-台中,2024-01-02,9184
6108,競國,21,0,21,群益金鼎-台中,2024-01-02,9184
9945,潤泰新,24,3,21,群益金鼎-台中,2024-01-02,9184
8039,台虹,21,0,21,群益金鼎-台中,2024-01-02,9184
020039,元大加權N,20,0,20,群益金鼎-台中,2024-01-02,9184
020027,元大上櫃ESG成長N,20,0,20,群益金鼎-台中,2024-01-02,9184
00655L,國泰中國A50正2,25,5,20,群益金鼎-台中,2024-01-02,9184
00632R,元大台灣50反1,20,0,20,群益金鼎-台中,2024-01-02,9184
2344,華邦電,55,36,19,群益金鼎-台中,2024-01-02,9184
2449,京元電子,21,2,19,群益金鼎-台中,2024-01-02,9184
00891,中信關鍵半導體,27,8,19,群益金鼎-台中,2024-01-02,9184
2885,元大金,20,4,16,群益金鼎-台中,2024-01-02,9184
1314,中石化,15,0,15,群益金鼎-台中,2024-01-02,9184
00935,野村臺灣新科技50,13,0,13,群益金鼎-台中,2024-01-02,9184
2605,新興,21,8,13,群益金鼎-台中,2024-01-02,9184
2363,矽統,16,4,12,群益金鼎-台中,2024-01-02,9184
00637L,元大滬深300正2,13,2,11,群益金鼎-台中,2024-01-02,9184
00882,中信中國高股息,11,0,11,群益金鼎-台中,2024-01-02,9184
00687B,國泰20年美債,33,22,11,群益金鼎-台中,2024-01-02,9184
2382,廣達,28,18,10,群益金鼎-台中,2024-01-02,9184
0056,元大高股息,13,3,10,群益金鼎-台中,2024-01-02,9184
2889,國票金,10,0,10,群益金鼎-台中,2024-01-02,9184
00633L,富邦上証正2,10,0,10,群益金鼎-台中,2024-01-02,9184
6443,元晶,10,0,10,群益金鼎-台中,2024-01-02,9184
2882,國泰金,11,1,10,群益金鼎-台中,2024-01-02,9184
006206,元大上證50,10,0,10,群益金鼎-台中,2024-01-02,9184
1722,台肥,11,1,10,群益金鼎-台中,2024-01-02,9184
8011,台通,19,10,9,群益金鼎-台中,2024-01-02,9184
9935,慶豐富,9,0,9,群益金鼎-台中,2024-01-02,9184
1437,勤益控,8,0,8,群益金鼎-台中,2024-01-02,9184
2413,環科,13,5,8,群益金鼎-台中,2024-01-02,9184
2457,飛宏,14,6,8,群益金鼎-台中,2024-01-02,9184
3011,今皓,8,0,8,群益金鼎-台中,2024-01-02,9184
00919,群益台灣精選高息,96,89,7,群益金鼎-台中,2024-01-02,9184
00937B,群益ESG投等債20,329,2,327,群益金鼎-台中,2024-01-03,9184
00929,復華台灣科技優息,217,56,161,群益金鼎-台中,2024-01-03,9184
2408,南亞科,131,1,130,群益金鼎-台中,2024-01-03,9184
00680L,元大美債20正2,114,0,114,群益金鼎-台中,2024-01-03,9184
00720B,元大投資級公司債,71,0,71,群益金鼎-台中,2024-01-03,9184
020027,元大上櫃ESG成長N,60,0,60,群益金鼎-台中,2024-01-03,9184
00715L,期街口布蘭特正2,60,0,60,群益金鼎-台中,2024-01-03,9184
00919,群益台灣精選高息,94,37,57,群益金鼎-台中,2024-01-03,9184
4906,正文,60,5,55,群益金鼎-台中,2024-01-03,9184
0056,元大高股息,60,6,54,群益金鼎-台中,2024-01-03,9184
2101,南港,51,2,49,群益金鼎-台中,2024-01-03,9184
2885,元大金,47,1,46,群益金鼎-台中,2024-01-03,9184
2353,宏��,81,38,43,群益金鼎-台中,2024-01-03,9184
2344,華邦電,45,2,43,群益金鼎-台中,2024-01-03,9184
2881,富邦金,41,4,37,群益金鼎-台中,2024-01-03,9184
3264,欣銓,31,0,31,群益金鼎-台中,2024-01-03,9184
8110,華東,33,2,31,群益金鼎-台中,2024-01-03,9184
3481,群創,40,10,30,群益金鼎-台中,2024-01-03,9184
1326,台化,30,1,29,群益金鼎-台中,2024-01-03,9184
2376,技嘉,29,3,26,群益金鼎-台中,2024-01-03,9184
00891,中信關鍵半導體,43,18,25,群益金鼎-台中,2024-01-03,9184
00878,國泰永續高股息,80,56,24,群益金鼎-台中,2024-01-03,9184
9935,慶豐富,24,0,24,群益金鼎-台中,2024-01-03,9184
3045,台灣大,23,0,23,群益金鼎-台中,2024-01-03,9184
00687B,國泰20年美債,22,0,22,群益金鼎-台中,2024-01-03,9184
2375,凱美,21,0,21,群益金鼎-台中,2024-01-03,9184
2201,裕隆,22,1,21,群益金鼎-台中,2024-01-03,9184
00641R,富邦日本反1,20,0,20,群益金鼎-台中,2024-01-03,9184
00725B,國泰投資級公司債,20,0,20,群益金鼎-台中,2024-01-03,9184
3374,精材,20,0,20,群益金鼎-台中,2024-01-03,9184
2331,精英,71,52,19,群益金鼎-台中,2024-01-03,9184
2888,新光金,19,0,19,群益金鼎-台中,2024-01-03,9184
2330,台積電,17,0,17,群益金鼎-台中,2024-01-03,9184
2324,仁寶,43,26,17,群益金鼎-台中,2024-01-03,9184
2303,聯電,18,2,16,群益金鼎-台中,2024-01-03,9184
2637,慧洋-KY,15,0,15,群益金鼎-台中,2024-01-03,9184
00934,中信成長高股息,14,0,14,群益金鼎-台中,2024-01-03,9184
00655L,國泰中國A50正2,14,1,13,群益金鼎-台中,2024-01-03,9184
006208,富邦台50,16,3,13,群益金鼎-台中,2024-01-03,9184
1907,永豐餘,12,0,12,群益金鼎-台中,2024-01-03,9184
3005,神基,13,2,11,群益金鼎-台中,2024-01-03,9184
5426,振發,11,0,11,群益金鼎-台中,2024-01-03,9184
1434,福懋,10,0,10,群益金鼎-台中,2024-01-03,9184
3011,今皓,10,0,10,群益金鼎-台中,2024-01-03,9184
00753L,中信中國50正2,10,0,10,群益金鼎-台中,2024-01-03,9184
6189,豐藝,10,0,10,群益金鼎-台中,2024-01-03,9184
5608,四維航,10,0,10,群益金鼎-台中,2024-01-03,9184
6182,合晶,10,0,10,群益金鼎-台中,2024-01-03,9184
8261,富鼎,10,0,10,群益金鼎-台中,2024-01-03,9184
2630,亞航,10,0,10,群益金鼎-台中,2024-01-03,9184
00937B,群益ESG投等債20,203,113,90,群益金鼎-台中,2024-01-04,9184
2618,長榮航,183,98,85,群益金鼎-台中,2024-01-04,9184
00929,復華台灣科技優息,67,0,67,群益金鼎-台中,2024-01-04,9184
00687B,國泰20年美債,44,3,41,群益金鼎-台中,2024-01-04,9184
020027,元大上櫃ESG成長N,40,0,40,群益金鼎-台中,2024-01-04,9184
9103,美德醫療-DR,60,20,40,群益金鼎-台中,2024-01-04,9184
2882,國泰金,39,1,38,群益金鼎-台中,2024-01-04,9184
00712,復華富時不動產,38,0,38,群益金鼎-台中,2024-01-04,9184
2449,京元電子,56,18,38,群益金鼎-台中,2024-01-04,9184
9935,慶豐富,37,2,35,群益金鼎-台中,2024-01-04,9184
3712,永崴投控,31,0,31,群益金鼎-台中,2024-01-04,9184
2101,南港,29,1,28,群益金鼎-台中,2024-01-04,9184
2353,宏��,79,51,28,群益金鼎-台中,2024-01-04,9184
2344,華邦電,25,3,22,群益金鼎-台中,2024-01-04,9184
2881,富邦金,22,1,21,群益金鼎-台中,2024-01-04,9184
00878,國泰永續高股息,21,0,21,群益金鼎-台中,2024-01-04,9184
2356,英業達,27,8,19,群益金鼎-台中,2024-01-04,9184
4906,正文,20,1,19,群益金鼎-台中,2024-01-04,9184
8163,達方,19,2,17,群益金鼎-台中,2024-01-04,9184
3694,海華,18,3,15,群益金鼎-台中,2024-01-04,9184
5608,四維航,22,8,14,群益金鼎-台中,2024-01-04,9184
2331,精英,31,17,14,群益金鼎-台中,2024-01-04,9184
4938,和碩,14,1,13,群益金鼎-台中,2024-01-04,9184
8112,至上,19,6,13,群益金鼎-台中,2024-01-04,9184
3078,僑威,12,0,12,群益金鼎-台中,2024-01-04,9184
2362,藍天,40,28,12,群益金鼎-台中,2024-01-04,9184
1519,華城,38,27,11,群益金鼎-台中,2024-01-04,9184
3036,文曄,13,2,11,群益金鼎-台中,2024-01-04,9184
2303,聯電,28,17,11,群益金鼎-台中,2024-01-04,9184
1326,台化,15,4,11,群益金鼎-台中,2024-01-04,9184
8261,富鼎,11,0,11,群益金鼎-台中,2024-01-04,9184
2883,凱基金,11,0,11,群益金鼎-台中,2024-01-04,9184
2392,正崴,13,2,11,群益金鼎-台中,2024-01-04,9184
1337,再生-KY,10,0,10,群益金鼎-台中,2024-01-04,9184
6108,競國,17,7,10,群益金鼎-台中,2024-01-04,9184
2851,中再保,10,0,10,群益金鼎-台中,2024-01-04,9184
00751B,元大AAA至A公司債,10,0,10,群益金鼎-台中,2024-01-04,9184
2891,中信金,10,0,10,群益金鼎-台中,2024-01-04,9184
2369,菱生,10,0,10,群益金鼎-台中,2024-01-04,9184
5272,笙科,10,0,10,群益金鼎-台中,2024-01-04,9184
00935,野村臺灣新科技50,10,0,10,群益金鼎-台中,2024-01-04,9184
3217,優群,15,5,10,群益金鼎-台中,2024-01-04,9184
00720B,元大投資級公司債,9,0,9,群益金鼎-台中,2024-01-04,9184
00919,群益台灣精選高息,14,5,9,群益金鼎-台中,2024-01-04,9184
8088,品安,11,2,9,群益金鼎-台中,2024-01-04,9184
3011,今皓,9,0,9,群益金鼎-台中,2024-01-04,9184
8046,南電,9,1,8,群益金鼎-台中,2024-01-04,9184
6625,必應,10,2,8,群益金鼎-台中,2024-01-04,9184
00916,國泰全球品牌50,8,0,8,群益金鼎-台中,2024-01-04,9184
8068,全達,9,1,8,群益金鼎-台中,2024-01-04,9184
2885,元大金,201,1,200,群益金鼎-台中,2024-01-05,9184
00935,野村臺灣新科技50,154,0,154,群益金鼎-台中,2024-01-05,9184
2618,長榮航,403,311,92,群益金鼎-台中,2024-01-05,9184
00937B,群益ESG投等債20,98,23,75,群益金鼎-台中,2024-01-05,9184
00929,復華台灣科技優息,81,10,71,群益金鼎-台中,2024-01-05,9184
00687B,國泰20年美債,83,12,71,群益金鼎-台中,2024-01-05,9184
3264,欣銓,71,5,66,群益金鼎-台中,2024-01-05,9184
2603,長榮,99,37,62,群益金鼎-台中,2024-01-05,9184
00919,群益台灣精選高息,64,8,56,群益金鼎-台中,2024-01-05,9184
2881,富邦金,44,0,44,群益金鼎-台中,2024-01-05,9184
2356,英業達,58,19,39,群益金鼎-台中,2024-01-05,9184
00720B,元大投資級公司債,35,2,33,群益金鼎-台中,2024-01-05,9184
2353,宏��,88,56,32,群益金鼎-台中,2024-01-05,9184
00725B,國泰投資級公司債,28,0,28,群益金鼎-台中,2024-01-05,9184
2344,華邦電,32,6,26,群益金鼎-台中,2024-01-05,9184
00688L,國泰20年美債正2,26,0,26,群益金鼎-台中,2024-01-05,9184
8088,品安,24,0,24,群益金鼎-台中,2024-01-05,9184
1473,台南,23,0,23,群益金鼎-台中,2024-01-05,9184
00679B,元大美債20年,22,0,22,群益金鼎-台中,2024-01-05,9184
4919,新唐,24,4,20,群益金鼎-台中,2024-01-05,9184
2442,新美齊,18,0,18,群益金鼎-台中,2024-01-05,9184
2324,仁寶,51,33,18,群益金鼎-台中,2024-01-05,9184
3231,緯創,51,35,16,群益金鼎-台中,2024-01-05,9184
4979,華星光,20,4,16,群益金鼎-台中,2024-01-05,9184
00900,富邦特選高股息30,15,0,15,群益金鼎-台中,2024-01-05,9184
1711,永光,15,0,15,群益金鼎-台中,2024-01-05,9184
00931B,統一美債20年,29,17,12,群益金鼎-台中,2024-01-05,9184
8046,南電,15,3,12,群益金鼎-台中,2024-01-05,9184
5426,振發,14,2,12,群益金鼎-台中,2024-01-05,9184
9935,慶豐富,12,0,12,群益金鼎-台中,2024-01-05,9184
3715,定穎投控,22,11,11,群益金鼎-台中,2024-01-05,9184
1605,華新,12,1,11,群益金鼎-台中,2024-01-05,9184
2330,台積電,12,1,11,群益金鼎-台中,2024-01-05,9184
8222,寶一,20,10,10,群益金鼎-台中,2024-01-05,9184
6108,競國,10,0,10,群益金鼎-台中,2024-01-05,9184
5533,皇鼎,10,0,10,群益金鼎-台中,2024-01-05,9184
3380,明泰,17,7,10,群益金鼎-台中,2024-01-05,9184
3011,今皓,10,0,10,群益金鼎-台中,2024-01-05,9184
4906,正文,10,0,10,群益金鼎-台中,2024-01-05,9184
5706,鳳凰,10,0,10,群益金鼎-台中,2024-01-05,9184
4938,和碩,10,0,10,群益金鼎-台中,2024-01-05,9184
8261,富鼎,9,0,9,群益金鼎-台中,2024-01-05,9184
2352,佳世達,37,28,9,群益金鼎-台中,2024-01-05,9184
1326,台化,9,0,9,群益金鼎-台中,2024-01-05,9184
4746,台耀,12,3,9,群益金鼎-台中,2024-01-05,9184
5425,台半,9,1,8,群益金鼎-台中,2024-01-05,9184
00902,中信電池及儲能,8,0,8,群益金鼎-台中,2024-01-05,9184
2369,菱生,9,1,8,群益金鼎-台中,2024-01-05,9184
2313,華通,11,3,8,群益金鼎-台中,2024-01-05,9184
8027,鈦昇,8,0,8,群益金鼎-台中,2024-01-05,9184
00715L,期街口布蘭特正2,163,2,161,群益金鼎-台中,2024-01-08,9184
00687B,國泰20年美債,92,3,89,群益金鼎-台中,2024-01-08,9184
00937B,群益ESG投等債20,114,33,81,群益金鼎-台中,2024-01-08,9184
00882,中信中國高股息,59,0,59,群益金鼎-台中,2024-01-08,9184
00933B,國泰10Y+金融債,56,0,56,群益金鼎-台中,2024-01-08,9184
00931B,統一美債20年,55,0,55,群益金鼎-台中,2024-01-08,9184
00919,群益台灣精選高息,65,14,51,群益金鼎-台中,2024-01-08,9184
2885,元大金,50,0,50,群益金鼎-台中,2024-01-08,9184
00665L,富邦�琤肭磪囓�2,50,0,50,群益金鼎-台中,2024-01-08,9184
5213,亞昕,45,0,45,群益金鼎-台中,2024-01-08,9184
00637L,元大滬深300正2,44,0,44,群益金鼎-台中,2024-01-08,9184
2449,京元電子,45,6,39,群益金鼎-台中,2024-01-08,9184
2317,鴻海,43,6,37,群益金鼎-台中,2024-01-08,9184
2353,宏��,103,72,31,群益金鼎-台中,2024-01-08,9184
2344,華邦電,31,2,29,群益金鼎-台中,2024-01-08,9184
1101,台泥,32,4,28,群益金鼎-台中,2024-01-08,9184
00725B,國泰投資級公司債,28,0,28,群益金鼎-台中,2024-01-08,9184
00772B,中信高評級公司債,26,1,25,群益金鼎-台中,2024-01-08,9184
00929,復華台灣科技優息,62,38,24,群益金鼎-台中,2024-01-08,9184
4909,新復興,38,14,24,群益金鼎-台中,2024-01-08,9184
2882,國泰金,27,3,24,群益金鼎-台中,2024-01-08,9184
00904,新光臺灣半導體30,23,0,23,群益金鼎-台中,2024-01-08,9184
6770,力積電,40,18,22,群益金鼎-台中,2024-01-08,9184
2618,長榮航,84,64,20,群益金鼎-台中,2024-01-08,9184
2324,仁寶,42,22,20,群益金鼎-台中,2024-01-08,9184
00679B,元大美債20年,20,1,19,群益金鼎-台中,2024-01-08,9184
3287,廣寰科,29,10,19,群益金鼎-台中,2024-01-08,9184
00795B,中信美國公債20年,18,1,17,群益金鼎-台中,2024-01-08,9184
2641,正德,19,2,17,群益金鼎-台中,2024-01-08,9184
00918,大華優利高填息30,17,0,17,群益金鼎-台中,2024-01-08,9184
5521,工信,20,5,15,群益金鼎-台中,2024-01-08,9184
1514,亞力,23,9,14,群益金鼎-台中,2024-01-08,9184
00655L,國泰中國A50正2,13,0,13,群益金鼎-台中,2024-01-08,9184
3036,文曄,14,1,13,群益金鼎-台中,2024-01-08,9184
6282,康舒,12,0,12,群益金鼎-台中,2024-01-08,9184
2486,一詮,22,10,12,群益金鼎-台中,2024-01-08,9184
2362,藍天,97,85,12,群益金鼎-台中,2024-01-08,9184
5871,中租-KY,13,2,11,群益金鼎-台中,2024-01-08,9184
2436,偉詮電,12,1,11,群益金鼎-台中,2024-01-08,9184
1326,台化,13,2,11,群益金鼎-台中,2024-01-08,9184
1513,中興電,13,2,11,群益金鼎-台中,2024-01-08,9184
2607,榮運,11,0,11,群益金鼎-台中,2024-01-08,9184
00720B,元大投資級公司債,10,0,10,群益金鼎-台中,2024-01-08,9184
1809,中釉,10,0,10,群益金鼎-台中,2024-01-08,9184
5469,瀚宇博,10,0,10,群益金鼎-台中,2024-01-08,9184
1582,信錦,11,1,10,群益金鼎-台中,2024-01-08,9184
2636,台驊控股,10,0,10,群益金鼎-台中,2024-01-08,9184
00753L,中信中國50正2,10,0,10,群益金鼎-台中,2024-01-08,9184
6257,矽格,9,0,9,群益金鼎-台中,2024-01-08,9184
2867,三商壽,10,1,9,群益金鼎-台中,2024-01-08,9184
00919,群益台灣精選高息,156,31,125,群益金鼎-台中,2024-01-09,9184
00632R,元大台灣50反1,120,40,80,群益金鼎-台中,2024-01-09,9184
2609,陽明,222,150,72,群益金鼎-台中,2024-01-09,9184
00671R,富邦NASDAQ反1,60,0,60,群益金鼎-台中,2024-01-09,9184
3712,永崴投控,50,0,50,群益金鼎-台中,2024-01-09,9184
2603,長榮,65,26,39,群益金鼎-台中,2024-01-09,9184
00715L,期街口布蘭特正2,38,0,38,群益金鼎-台中,2024-01-09,9184
00900,富邦特選高股息30,39,6,33,群益金鼎-台中,2024-01-09,9184
2324,仁寶,47,19,28,群益金鼎-台中,2024-01-09,9184
00882,中信中國高股息,27,0,27,群益金鼎-台中,2024-01-09,9184
00937B,群益ESG投等債20,62,37,25,群益金鼎-台中,2024-01-09,9184
00725B,國泰投資級公司債,25,0,25,群益金鼎-台中,2024-01-09,9184
00929,復華台灣科技優息,37,14,23,群益金鼎-台中,2024-01-09,9184
00680L,元大美債20正2,26,5,21,群益金鼎-台中,2024-01-09,9184
1605,華新,27,7,20,群益金鼎-台中,2024-01-09,9184
6118,建達,20,0,20,群益金鼎-台中,2024-01-09,9184
00648R,元大S＆P500反1,20,0,20,群益金鼎-台中,2024-01-09,9184
8110,華東,20,0,20,群益金鼎-台中,2024-01-09,9184
1513,中興電,29,10,19,群益金鼎-台中,2024-01-09,9184
6901,鑽石投資,18,0,18,群益金鼎-台中,2024-01-09,9184
3231,緯創,53,35,18,群益金鼎-台中,2024-01-09,9184
3032,偉訓,38,21,17,群益金鼎-台中,2024-01-09,9184
00637L,元大滬深300正2,17,0,17,群益金鼎-台中,2024-01-09,9184
6266,泰詠,17,0,17,群益金鼎-台中,2024-01-09,9184
6290,良維,16,0,16,群益金鼎-台中,2024-01-09,9184
2489,瑞軒,16,0,16,群益金鼎-台中,2024-01-09,9184
6239,力成,15,0,15,群益金鼎-台中,2024-01-09,9184
8261,富鼎,15,0,15,群益金鼎-台中,2024-01-09,9184
3481,群創,26,12,14,群益金鼎-台中,2024-01-09,9184
2515,中工,13,0,13,群益金鼎-台中,2024-01-09,9184
2308,台達電,12,0,12,群益金鼎-台中,2024-01-09,9184
9103,美德醫療-DR,11,0,11,群益金鼎-台中,2024-01-09,9184
2206,三陽工業,10,0,10,群益金鼎-台中,2024-01-09,9184
2388,威盛,35,25,10,群益金鼎-台中,2024-01-09,9184
00751B,元大AAA至A公司債,10,0,10,群益金鼎-台中,2024-01-09,9184
2617,台航,10,0,10,群益金鼎-台中,2024-01-09,9184
2367,燿華,10,0,10,群益金鼎-台中,2024-01-09,9184
6015,宏遠證,10,0,10,群益金鼎-台中,2024-01-09,9184
5206,坤悅,10,0,10,群益金鼎-台中,2024-01-09,9184
00830,國泰費城半導體,21,11,10,群益金鼎-台中,2024-01-09,9184
00757,統一FANG+,10,0,10,群益金鼎-台中,2024-01-09,9184
2449,京元電子,10,0,10,群益金鼎-台中,2024-01-09,9184
3402,漢科,10,0,10,群益金鼎-台中,2024-01-09,9184
6442,光聖,10,0,10,群益金鼎-台中,2024-01-09,9184
2636,台驊控股,10,0,10,群益金鼎-台中,2024-01-09,9184
3287,廣寰科,43,33,10,群益金鼎-台中,2024-01-09,9184
3022,威強電,9,0,9,群益金鼎-台中,2024-01-09,9184
2606,裕民,9,0,9,群益金鼎-台中,2024-01-09,9184
00688L,國泰20年美債正2,8,0,8,群益金鼎-台中,2024-01-09,9184
00642U,期元大S＆P石油,8,0,8,群益金鼎-台中,2024-01-09,9184
6026,福邦證,203,0,203,群益金鼎-台中,2024-01-10,9184
00933B,國泰10Y+金融債,100,1,99,群益金鼎-台中,2024-01-10,9184
00929,復華台灣科技優息,135,54,81,群益金鼎-台中,2024-01-10,9184
2883,凱基金,66,1,65,群益金鼎-台中,2024-01-10,9184
2317,鴻海,57,0,57,群益金鼎-台中,2024-01-10,9184
1473,台南,50,0,50,群益金鼎-台中,2024-01-10,9184
6163,華電網,56,10,46,群益金鼎-台中,2024-01-10,9184
2329,華泰,69,27,42,群益金鼎-台中,2024-01-10,9184
1711,永光,41,0,41,群益金鼎-台中,2024-01-10,9184
00725B,國泰投資級公司債,36,0,36,群益金鼎-台中,2024-01-10,9184
2812,台中銀,69,36,33,群益金鼎-台中,2024-01-10,9184
2609,陽明,173,140,33,群益金鼎-台中,2024-01-10,9184
2355,敬鵬,37,6,31,群益金鼎-台中,2024-01-10,9184
2915,潤泰全,30,0,30,群益金鼎-台中,2024-01-10,9184
00679B,元大美債20年,27,0,27,群益金鼎-台中,2024-01-10,9184
2618,長榮航,29,5,24,群益金鼎-台中,2024-01-10,9184
00687B,國泰20年美債,22,0,22,群益金鼎-台中,2024-01-10,9184
2376,技嘉,22,1,21,群益金鼎-台中,2024-01-10,9184
2887,台新金,20,0,20,群益金鼎-台中,2024-01-10,9184
2301,光寶科,30,12,18,群益金鼎-台中,2024-01-10,9184
2353,宏��,48,31,17,群益金鼎-台中,2024-01-10,9184
00878,國泰永續高股息,17,2,15,群益金鼎-台中,2024-01-10,9184
3666,光耀,14,0,14,群益金鼎-台中,2024-01-10,9184
2352,佳世達,27,13,14,群益金鼎-台中,2024-01-10,9184
2324,仁寶,17,4,13,群益金鼎-台中,2024-01-10,9184
2891,中信金,15,3,12,群益金鼎-台中,2024-01-10,9184
00680L,元大美債20正2,12,0,12,群益金鼎-台中,2024-01-10,9184
3032,偉訓,12,1,11,群益金鼎-台中,2024-01-10,9184
2408,南亞科,11,0,11,群益金鼎-台中,2024-01-10,9184
2867,三商壽,16,5,11,群益金鼎-台中,2024-01-10,9184
5222,全訊,10,0,10,群益金鼎-台中,2024-01-10,9184
00671R,富邦NASDAQ反1,10,0,10,群益金鼎-台中,2024-01-10,9184
8261,富鼎,10,0,10,群益金鼎-台中,2024-01-10,9184
6114,久威,10,0,10,群益金鼎-台中,2024-01-10,9184
5206,坤悅,10,0,10,群益金鼎-台中,2024-01-10,9184
2313,華通,12,2,10,群益金鼎-台中,2024-01-10,9184
3191,雲嘉南,10,0,10,群益金鼎-台中,2024-01-10,9184
00676R,富邦臺灣加權反1,10,0,10,群益金鼎-台中,2024-01-10,9184
0056,元大高股息,11,1,10,群益金鼎-台中,2024-01-10,9184
2543,皇昌,15,6,9,群益金鼎-台中,2024-01-10,9184
2498,宏達電,43,34,9,群益金鼎-台中,2024-01-10,9184
4123,晟德,9,0,9,群益金鼎-台中,2024-01-10,9184
2489,瑞軒,165,156,9,群益金鼎-台中,2024-01-10,9184
3481,群創,15,6,9,群益金鼎-台中,2024-01-10,9184
00919,群益台灣精選高息,81,73,8,群益金鼎-台中,2024-01-10,9184
00888,永豐台灣ESG,8,0,8,群益金鼎-台中,2024-01-10,9184
2605,新興,19,12,7,群益金鼎-台中,2024-01-10,9184
1314,中石化,7,0,7,群益金鼎-台中,2024-01-10,9184
6684,安格,31,24,7,群益金鼎-台中,2024-01-10,9184
2615,萬海,15,9,6,群益金鼎-台中,2024-01-10,9184
00929,復華台灣科技優息,89,2,87,群益金鼎-台中,2024-01-11,9184
00937B,群益ESG投等債20,112,30,82,群益金鼎-台中,2024-01-11,9184
2883,凱基金,76,0,76,群益金鼎-台中,2024-01-11,9184
00720B,元大投資級公司債,66,4,62,群益金鼎-台中,2024-01-11,9184
00671R,富邦NASDAQ反1,50,0,50,群益金鼎-台中,2024-01-11,9184
2329,華泰,74,28,46,群益金鼎-台中,2024-01-11,9184
3437,榮創,49,4,45,群益金鼎-台中,2024-01-11,9184
3033,威健,51,7,44,群益金鼎-台中,2024-01-11,9184
00919,群益台灣精選高息,56,13,43,群益金鼎-台中,2024-01-11,9184
2353,宏��,81,39,42,群益金鼎-台中,2024-01-11,9184
2449,京元電子,65,26,39,群益金鼎-台中,2024-01-11,9184
00927,群益半導體收益,37,0,37,群益金鼎-台中,2024-01-11,9184
2408,南亞科,32,2,30,群益金鼎-台中,2024-01-11,9184
8034,榮群,37,9,28,群益金鼎-台中,2024-01-11,9184
00930,永豐ESG低碳高息,26,0,26,群益金鼎-台中,2024-01-11,9184
2609,陽明,57,31,26,群益金鼎-台中,2024-01-11,9184
2365,昆盈,24,0,24,群益金鼎-台中,2024-01-11,9184
6770,力積電,22,0,22,群益金鼎-台中,2024-01-11,9184
2542,興富發,21,0,21,群益金鼎-台中,2024-01-11,9184
2303,聯電,26,6,20,群益金鼎-台中,2024-01-11,9184
00648R,元大S＆P500反1,20,0,20,群益金鼎-台中,2024-01-11,9184
2388,威盛,28,10,18,群益金鼎-台中,2024-01-11,9184
00687B,國泰20年美債,18,0,18,群益金鼎-台中,2024-01-11,9184
3287,廣寰科,78,62,16,群益金鼎-台中,2024-01-11,9184
6695,芯鼎,91,75,16,群益金鼎-台中,2024-01-11,9184
00882,中信中國高股息,15,0,15,群益金鼎-台中,2024-01-11,9184
2897,王道銀行,14,0,14,群益金鼎-台中,2024-01-11,9184
5426,振發,27,13,14,群益金鼎-台中,2024-01-11,9184
1312,國喬,13,0,13,群益金鼎-台中,2024-01-11,9184
2610,華航,21,8,13,群益金鼎-台中,2024-01-11,9184
2344,華邦電,12,0,12,群益金鼎-台中,2024-01-11,9184
2887,台新金,11,0,11,群益金鼎-台中,2024-01-11,9184
1762,中化生,11,0,11,群益金鼎-台中,2024-01-11,9184
6120,達運,51,40,11,群益金鼎-台中,2024-01-11,9184
6239,力成,12,2,10,群益金鼎-台中,2024-01-11,9184
3576,聯合再生,10,0,10,群益金鼎-台中,2024-01-11,9184
00923,群益台ESG低碳50,10,0,10,群益金鼎-台中,2024-01-11,9184
00679B,元大美債20年,10,0,10,群益金鼎-台中,2024-01-11,9184
4557,永新-KY,10,0,10,群益金鼎-台中,2024-01-11,9184
00757,統一FANG+,10,0,10,群益金鼎-台中,2024-01-11,9184
6163,華電網,14,4,10,群益金鼎-台中,2024-01-11,9184
1301,台塑,9,0,9,群益金鼎-台中,2024-01-11,9184
2022,聚亨,9,1,8,群益金鼎-台中,2024-01-11,9184
5521,工信,20,12,8,群益金鼎-台中,2024-01-11,9184
2605,新興,9,1,8,群益金鼎-台中,2024-01-11,9184
6226,光鼎,8,0,8,群益金鼎-台中,2024-01-11,9184
4956,光鋐,156,149,7,群益金鼎-台中,2024-01-11,9184
8932,智通*,7,0,7,群益金鼎-台中,2024-01-11,9184
1519,華城,16,9,7,群益金鼎-台中,2024-01-11,9184
3499,環天科,7,0,7,群益金鼎-台中,2024-01-11,9184
00632R,元大台灣50反1,299,0,299,群益金鼎-台中,2024-01-12,9184
00680L,元大美債20正2,105,1,104,群益金鼎-台中,2024-01-12,9184
00720B,元大投資級公司債,80,0,80,群益金鼎-台中,2024-01-12,9184
00665L,富邦�琤肭磪囓�2,100,30,70,群益金鼎-台中,2024-01-12,9184
020027,元大上櫃ESG成長N,65,0,65,群益金鼎-台中,2024-01-12,9184
00933B,國泰10Y+金融債,59,1,58,群益金鼎-台中,2024-01-12,9184
00637L,元大滬深300正2,58,1,57,群益金鼎-台中,2024-01-12,9184
9935,慶豐富,55,0,55,群益金鼎-台中,2024-01-12,9184
00929,復華台灣科技優息,52,7,45,群益金鼎-台中,2024-01-12,9184
2883,凱基金,37,0,37,群益金鼎-台中,2024-01-12,9184
2543,皇昌,40,6,34,群益金鼎-台中,2024-01-12,9184
1473,台南,30,0,30,群益金鼎-台中,2024-01-12,9184
2371,大同,28,1,27,群益金鼎-台中,2024-01-12,9184
3499,環天科,28,3,25,群益金鼎-台中,2024-01-12,9184
2618,長榮航,30,5,25,群益金鼎-台中,2024-01-12,9184
5426,振發,98,76,22,群益金鼎-台中,2024-01-12,9184
00937B,群益ESG投等債20,21,0,21,群益金鼎-台中,2024-01-12,9184
3041,揚智,23,2,21,群益金鼎-台中,2024-01-12,9184
1528,恩德,48,29,19,群益金鼎-台中,2024-01-12,9184
2812,台中銀,20,2,18,群益金鼎-台中,2024-01-12,9184
3438,類比科,16,1,15,群益金鼎-台中,2024-01-12,9184
8086,宏捷科,15,0,15,群益金鼎-台中,2024-01-12,9184
2882,國泰金,14,0,14,群益金鼎-台中,2024-01-12,9184
8034,榮群,51,38,13,群益金鼎-台中,2024-01-12,9184
2405,輔信,20,7,13,群益金鼎-台中,2024-01-12,9184
3032,偉訓,15,2,13,群益金鼎-台中,2024-01-12,9184
6274,台燿,18,5,13,群益金鼎-台中,2024-01-12,9184
00633L,富邦上証正2,11,0,11,群益金鼎-台中,2024-01-12,9184
2610,華航,16,5,11,群益金鼎-台中,2024-01-12,9184
2617,台航,11,0,11,群益金鼎-台中,2024-01-12,9184
3059,華晶科,10,0,10,群益金鼎-台中,2024-01-12,9184
2344,華邦電,10,0,10,群益金鼎-台中,2024-01-12,9184
3622,洋華,24,14,10,群益金鼎-台中,2024-01-12,9184
3021,鴻名,12,2,10,群益金鼎-台中,2024-01-12,9184
2636,台驊控股,11,1,10,群益金鼎-台中,2024-01-12,9184
4147,中裕,14,5,9,群益金鼎-台中,2024-01-12,9184
00919,群益台灣精選高息,35,26,9,群益金鼎-台中,2024-01-12,9184
4109,加捷生醫,9,0,9,群益金鼎-台中,2024-01-12,9184
00687B,國泰20年美債,21,12,9,群益金鼎-台中,2024-01-12,9184
00733,富邦臺灣中小,8,0,8,群益金鼎-台中,2024-01-12,9184
6128,上福,8,0,8,群益金鼎-台中,2024-01-12,9184
2329,華泰,23,15,8,群益金鼎-台中,2024-01-12,9184
2436,偉詮電,7,0,7,群益金鼎-台中,2024-01-12,9184
6275,元山,7,0,7,群益金鼎-台中,2024-01-12,9184
2890,永豐金,7,0,7,群益金鼎-台中,2024-01-12,9184
8201,無敵,7,0,7,群益金鼎-台中,2024-01-12,9184
3036,文曄,21,14,7,群益金鼎-台中,2024-01-12,9184
1309,台達化,6,0,6,群益金鼎-台中,2024-01-12,9184
5347,世界,6,0,6,群益金鼎-台中,2024-01-12,9184
3588,通嘉,8,2,6,群益金鼎-台中,2024-01-12,9184
00929,復華台灣科技優息,335,1,334,群益金鼎-台中,2024-01-15,9184
00680L,元大美債20正2,281,0,281,群益金鼎-台中,2024-01-15,9184
00632R,元大台灣50反1,256,15,241,群益金鼎-台中,2024-01-15,9184
00720B,元大投資級公司債,160,0,160,群益金鼎-台中,2024-01-15,9184
1326,台化,120,0,120,群益金鼎-台中,2024-01-15,9184
00927,群益半導體收益,115,0,115,群益金鼎-台中,2024-01-15,9184
2883,凱基金,61,0,61,群益金鼎-台中,2024-01-15,9184
00882,中信中國高股息,45,0,45,群益金鼎-台中,2024-01-15,9184
2317,鴻海,42,0,42,群益金鼎-台中,2024-01-15,9184
00919,群益台灣精選高息,62,21,41,群益金鼎-台中,2024-01-15,9184
2882,國泰金,46,6,40,群益金鼎-台中,2024-01-15,9184
3231,緯創,92,55,37,群益金鼎-台中,2024-01-15,9184
2610,華航,40,6,34,群益金鼎-台中,2024-01-15,9184
2618,長榮航,36,3,33,群益金鼎-台中,2024-01-15,9184
0056,元大高股息,34,1,33,群益金鼎-台中,2024-01-15,9184
2887,台新金,31,0,31,群益金鼎-台中,2024-01-15,9184
00933B,國泰10Y+金融債,30,0,30,群益金鼎-台中,2024-01-15,9184
2371,大同,35,10,25,群益金鼎-台中,2024-01-15,9184
2609,陽明,53,32,21,群益金鼎-台中,2024-01-15,9184
5521,工信,21,0,21,群益金鼎-台中,2024-01-15,9184
3013,晟銘電,25,5,20,群益金鼎-台中,2024-01-15,9184
3437,榮創,22,4,18,群益金鼎-台中,2024-01-15,9184
2356,英業達,19,3,16,群益金鼎-台中,2024-01-15,9184
2634,漢翔,20,4,16,群益金鼎-台中,2024-01-15,9184
5340,建榮,16,0,16,群益金鼎-台中,2024-01-15,9184
00918,大華優利高填息30,15,0,15,群益金鼎-台中,2024-01-15,9184
3017,奇鋐,32,17,15,群益金鼎-台中,2024-01-15,9184
8222,寶一,78,63,15,群益金鼎-台中,2024-01-15,9184
2313,華通,26,13,13,群益金鼎-台中,2024-01-15,9184
8936,國統,12,0,12,群益金鼎-台中,2024-01-15,9184
1514,亞力,42,31,11,群益金鼎-台中,2024-01-15,9184
5351,鈺創,22,11,11,群益金鼎-台中,2024-01-15,9184
1519,華城,38,27,11,群益金鼎-台中,2024-01-15,9184
1434,福懋,10,0,10,群益金鼎-台中,2024-01-15,9184
2607,榮運,13,3,10,群益金鼎-台中,2024-01-15,9184
00712,復華富時不動產,10,0,10,群益金鼎-台中,2024-01-15,9184
1616,億泰,10,0,10,群益金鼎-台中,2024-01-15,9184
2812,台中銀,10,0,10,群益金鼎-台中,2024-01-15,9184
00650L,復華香港正2,11,1,10,群益金鼎-台中,2024-01-15,9184
00688L,國泰20年美債正2,9,0,9,群益金鼎-台中,2024-01-15,9184
2427,三商電,9,0,9,群益金鼎-台中,2024-01-15,9184
1529,樂事綠能,11,3,8,群益金鼎-台中,2024-01-15,9184
2377,微星,7,0,7,群益金鼎-台中,2024-01-15,9184
00679B,元大美債20年,7,1,6,群益金鼎-台中,2024-01-15,9184
8096,擎亞,46,39,7,群益金鼎-台中,2024-01-15,9184
2630,亞航,6,0,6,群益金鼎-台中,2024-01-15,9184
3317,尼克森,5,0,5,群益金鼎-台中,2024-01-15,9184
3346,麗清,5,0,5,群益金鼎-台中,2024-01-15,9184
2498,宏達電,5,0,5,群益金鼎-台中,2024-01-15,9184
2731,雄獅,11,6,5,群益金鼎-台中,2024-01-15,9184
00632R,元大台灣50反1,411,85,326,群益金鼎-台中,2024-01-16,9184
00753L,中信中國50正2,202,0,202,群益金鼎-台中,2024-01-16,9184
0056,元大高股息,108,1,107,群益金鼎-台中,2024-01-16,9184
00929,復華台灣科技優息,108,14,94,群益金鼎-台中,2024-01-16,9184
00900,富邦特選高股息30,78,0,78,群益金鼎-台中,2024-01-16,9184
2888,新光金,69,0,69,群益金鼎-台中,2024-01-16,9184
2511,太子,60,0,60,群益金鼎-台中,2024-01-16,9184
00919,群益台灣精選高息,82,23,59,群益金鼎-台中,2024-01-16,9184
2881,富邦金,56,0,56,群益金鼎-台中,2024-01-16,9184
2409,友達,59,12,47,群益金鼎-台中,2024-01-16,9184
2883,凱基金,40,0,40,群益金鼎-台中,2024-01-16,9184
00882,中信中國高股息,44,6,38,群益金鼎-台中,2024-01-16,9184
00680L,元大美債20正2,32,0,32,群益金鼎-台中,2024-01-16,9184
00655L,國泰中國A50正2,36,4,32,群益金鼎-台中,2024-01-16,9184
1434,福懋,30,0,30,群益金鼎-台中,2024-01-16,9184
00878,國泰永續高股息,49,21,28,群益金鼎-台中,2024-01-16,9184
2002,中鋼,32,6,26,群益金鼎-台中,2024-01-16,9184
00904,新光臺灣半導體30,33,8,25,群益金鼎-台中,2024-01-16,9184
2812,台中銀,26,1,25,群益金鼎-台中,2024-01-16,9184
2408,南亞科,25,1,24,群益金鼎-台中,2024-01-16,9184
3712,永崴投控,26,3,23,群益金鼎-台中,2024-01-16,9184
1319,東陽,23,2,21,群益金鼎-台中,2024-01-16,9184
1609,大亞,61,40,21,群益金鼎-台中,2024-01-16,9184
3013,晟銘電,20,0,20,群益金鼎-台中,2024-01-16,9184
2014,中鴻,20,0,20,群益金鼎-台中,2024-01-16,9184
8050,廣積,25,5,20,群益金鼎-台中,2024-01-16,9184
2427,三商電,19,0,19,群益金鼎-台中,2024-01-16,9184
3027,盛達,18,0,18,群益金鼎-台中,2024-01-16,9184
4557,永新-KY,14,0,14,群益金鼎-台中,2024-01-16,9184
00679B,元大美債20年,13,0,13,群益金鼎-台中,2024-01-16,9184
6901,鑽石投資,13,0,13,群益金鼎-台中,2024-01-16,9184
6695,芯鼎,74,61,13,群益金鼎-台中,2024-01-16,9184
2884,玉山金,13,0,13,群益金鼎-台中,2024-01-16,9184
3035,智原,67,54,13,群益金鼎-台中,2024-01-16,9184
5272,笙科,12,0,12,群益金鼎-台中,2024-01-16,9184
00637L,元大滬深300正2,17,5,12,群益金鼎-台中,2024-01-16,9184
00733,富邦臺灣中小,12,1,11,群益金鼎-台中,2024-01-16,9184
2486,一詮,50,39,11,群益金鼎-台中,2024-01-16,9184
8261,富鼎,11,0,11,群益金鼎-台中,2024-01-16,9184
1325,恆大,15,4,11,群益金鼎-台中,2024-01-16,9184
2801,彰銀,11,0,11,群益金鼎-台中,2024-01-16,9184
3346,麗清,11,0,11,群益金鼎-台中,2024-01-16,9184
2838,聯邦銀,10,0,10,群益金鼎-台中,2024-01-16,9184
3045,台灣大,10,0,10,群益金鼎-台中,2024-01-16,9184
1907,永豐餘,10,0,10,群益金鼎-台中,2024-01-16,9184
2371,大同,11,1,10,群益金鼎-台中,2024-01-16,9184
5206,坤悅,10,0,10,群益金鼎-台中,2024-01-16,9184
2201,裕隆,10,0,10,群益金鼎-台中,2024-01-16,9184
6288,聯嘉,10,0,10,群益金鼎-台中,2024-01-16,9184
2353,宏��,24,14,10,群益金鼎-台中,2024-01-16,9184
00929,復華台灣科技優息,263,15,248,群益金鼎-台中,2024-01-17,9184
00919,群益台灣精選高息,198,15,183,群益金鼎-台中,2024-01-17,9184
1326,台化,181,33,148,群益金鼎-台中,2024-01-17,9184
2610,華航,125,2,123,群益金鼎-台中,2024-01-17,9184
1722,台肥,93,10,83,群益金鼎-台中,2024-01-17,9184
020027,元大上櫃ESG成長N,100,20,80,群益金鼎-台中,2024-01-17,9184
0056,元大高股息,85,7,78,群益金鼎-台中,2024-01-17,9184
00882,中信中國高股息,79,3,76,群益金鼎-台中,2024-01-17,9184
00878,國泰永續高股息,59,0,59,群益金鼎-台中,2024-01-17,9184
2633,台灣高鐵,54,1,53,群益金鼎-台中,2024-01-17,9184
2449,京元電子,52,0,52,群益金鼎-台中,2024-01-17,9184
2888,新光金,49,1,48,群益金鼎-台中,2024-01-17,9184
00650L,復華香港正2,48,1,47,群益金鼎-台中,2024-01-17,9184
6167,久正,44,0,44,群益金鼎-台中,2024-01-17,9184
00679B,元大美債20年,41,0,41,群益金鼎-台中,2024-01-17,9184
00900,富邦特選高股息30,52,12,40,群益金鼎-台中,2024-01-17,9184
2317,鴻海,39,0,39,群益金鼎-台中,2024-01-17,9184
2887,台新金,37,0,37,群益金鼎-台中,2024-01-17,9184
2883,凱基金,34,0,34,群益金鼎-台中,2024-01-17,9184
2881,富邦金,32,0,32,群益金鼎-台中,2024-01-17,9184
00687B,國泰20年美債,37,6,31,群益金鼎-台中,2024-01-17,9184
2344,華邦電,29,0,29,群益金鼎-台中,2024-01-17,9184
2609,陽明,42,14,28,群益金鼎-台中,2024-01-17,9184
6243,迅杰,130,104,26,群益金鼎-台中,2024-01-17,9184
8112,至上,35,9,26,群益金鼎-台中,2024-01-17,9184
00927,群益半導體收益,21,0,21,群益金鼎-台中,2024-01-17,9184
00652,富邦印度,21,0,21,群益金鼎-台中,2024-01-17,9184
00923,群益台ESG低碳50,21,0,21,群益金鼎-台中,2024-01-17,9184
1314,中石化,22,1,21,群益金鼎-台中,2024-01-17,9184
6533,晶心科,34,13,21,群益金鼎-台中,2024-01-17,9184
3712,永崴投控,20,0,20,群益金鼎-台中,2024-01-17,9184
2511,太子,20,0,20,群益金鼎-台中,2024-01-17,9184
2885,元大金,19,0,19,群益金鼎-台中,2024-01-17,9184
2002,中鋼,20,2,18,群益金鼎-台中,2024-01-17,9184
2308,台達電,21,3,18,群益金鼎-台中,2024-01-17,9184
8088,品安,17,0,17,群益金鼎-台中,2024-01-17,9184
2886,兆豐金,17,0,17,群益金鼎-台中,2024-01-17,9184
2303,聯電,45,29,16,群益金鼎-台中,2024-01-17,9184
2897,王道銀行,15,0,15,群益金鼎-台中,2024-01-17,9184
3231,緯創,50,35,15,群益金鼎-台中,2024-01-17,9184
00928,中信上櫃ESG30,14,0,14,群益金鼎-台中,2024-01-17,9184
6695,芯鼎,52,38,14,群益金鼎-台中,2024-01-17,9184
2618,長榮航,53,40,13,群益金鼎-台中,2024-01-17,9184
1101,台泥,53,40,13,群益金鼎-台中,2024-01-17,9184
4114,健喬,13,0,13,群益金鼎-台中,2024-01-17,9184
2486,一詮,63,50,13,群益金鼎-台中,2024-01-17,9184
00680L,元大美債20正2,15,2,13,群益金鼎-台中,2024-01-17,9184
2498,宏達電,12,0,12,群益金鼎-台中,2024-01-17,9184
2884,玉山金,12,0,12,群益金鼎-台中,2024-01-17,9184
2485,兆赫,14,2,12,群益金鼎-台中,2024-01-17,9184
00632R,元大台灣50反1,162,3,159,群益金鼎-台中,2024-01-18,9184
6005,群益證,150,0,150,群益金鼎-台中,2024-01-18,9184
00904,新光臺灣半導體30,105,0,105,群益金鼎-台中,2024-01-18,9184
9904,寶成,102,0,102,群益金鼎-台中,2024-01-18,9184
00929,復華台灣科技優息,131,39,92,群益金鼎-台中,2024-01-18,9184
00882,中信中國高股息,79,4,75,群益金鼎-台中,2024-01-18,9184
1722,台肥,75,8,67,群益金鼎-台中,2024-01-18,9184
1101,台泥,87,37,50,群益金鼎-台中,2024-01-18,9184
2615,萬海,85,35,50,群益金鼎-台中,2024-01-18,9184
2888,新光金,42,1,41,群益金鼎-台中,2024-01-18,9184
3481,群創,196,162,34,群益金鼎-台中,2024-01-18,9184
2408,南亞科,36,2,34,群益金鼎-台中,2024-01-18,9184
00637L,元大滬深300正2,63,30,33,群益金鼎-台中,2024-01-18,9184
9958,世紀鋼,33,0,33,群益金鼎-台中,2024-01-18,9184
00878,國泰永續高股息,34,1,33,群益金鼎-台中,2024-01-18,9184
1418,東華,25,0,25,群益金鼎-台中,2024-01-18,9184
2882,國泰金,41,17,24,群益金鼎-台中,2024-01-18,9184
2881,富邦金,33,10,23,群益金鼎-台中,2024-01-18,9184
00733,富邦臺灣中小,25,3,22,群益金鼎-台中,2024-01-18,9184
2002,中鋼,22,0,22,群益金鼎-台中,2024-01-18,9184
8034,榮群,38,16,22,群益金鼎-台中,2024-01-18,9184
0056,元大高股息,20,0,20,群益金鼎-台中,2024-01-18,9184
00665L,富邦�琤肭磪囓�2,20,0,20,群益金鼎-台中,2024-01-18,9184
6695,芯鼎,36,16,20,群益金鼎-台中,2024-01-18,9184
2382,廣達,34,16,18,群益金鼎-台中,2024-01-18,9184
4908,前鼎,26,9,17,群益金鼎-台中,2024-01-18,9184
3714,富采,17,0,17,群益金鼎-台中,2024-01-18,9184
8112,至上,35,18,17,群益金鼎-台中,2024-01-18,9184
2915,潤泰全,31,16,15,群益金鼎-台中,2024-01-18,9184
6152,百一,15,0,15,群益金鼎-台中,2024-01-18,9184
6770,力積電,14,1,13,群益金鼎-台中,2024-01-18,9184
00655L,國泰中國A50正2,16,3,13,群益金鼎-台中,2024-01-18,9184
3287,廣寰科,64,52,12,群益金鼎-台中,2024-01-18,9184
4188,安克,12,0,12,群益金鼎-台中,2024-01-18,9184
2313,華通,17,5,12,群益金鼎-台中,2024-01-18,9184
5213,亞昕,13,1,12,群益金鼎-台中,2024-01-18,9184
3231,緯創,53,41,12,群益金鼎-台中,2024-01-18,9184
00679B,元大美債20年,11,0,11,群益金鼎-台中,2024-01-18,9184
4979,華星光,17,6,11,群益金鼎-台中,2024-01-18,9184
3576,聯合再生,12,1,11,群益金鼎-台中,2024-01-18,9184
3712,永崴投控,11,0,11,群益金鼎-台中,2024-01-18,9184
2634,漢翔,16,5,11,群益金鼎-台中,2024-01-18,9184
00936,台新永續高息中小,10,0,10,群益金鼎-台中,2024-01-18,9184
2007,燁興,10,0,10,群益金鼎-台中,2024-01-18,9184
2887,台新金,10,0,10,群益金鼎-台中,2024-01-18,9184
2303,聯電,24,15,9,群益金鼎-台中,2024-01-18,9184
00652,富邦印度,10,1,9,群益金鼎-台中,2024-01-18,9184
2812,台中銀,10,1,9,群益金鼎-台中,2024-01-18,9184
2324,仁寶,53,44,9,群益金鼎-台中,2024-01-18,9184
2356,英業達,19,10,9,群益金鼎-台中,2024-01-18,9184
00632R,元大台灣50反1,766,0,766,群益金鼎-台中,2024-01-19,9184
2449,京元電子,130,2,128,群益金鼎-台中,2024-01-19,9184
00937B,群益ESG投等債20,131,10,121,群益金鼎-台中,2024-01-19,9184
00720B,元大投資級公司債,82,0,82,群益金鼎-台中,2024-01-19,9184
00687B,國泰20年美債,79,5,74,群益金鼎-台中,2024-01-19,9184
00772B,中信高評級公司債,66,0,66,群益金鼎-台中,2024-01-19,9184
00679B,元大美債20年,63,0,63,群益金鼎-台中,2024-01-19,9184
00671R,富邦NASDAQ反1,60,0,60,群益金鼎-台中,2024-01-19,9184
00882,中信中國高股息,55,0,55,群益金鼎-台中,2024-01-19,9184
2880,華南金,54,0,54,群益金鼎-台中,2024-01-19,9184
00929,復華台灣科技優息,76,24,52,群益金鼎-台中,2024-01-19,9184
2801,彰銀,50,0,50,群益金鼎-台中,2024-01-19,9184
4960,誠美材,47,0,47,群益金鼎-台中,2024-01-19,9184
1326,台化,45,0,45,群益金鼎-台中,2024-01-19,9184
2329,華泰,179,135,44,群益金鼎-台中,2024-01-19,9184
2897,王道銀行,40,0,40,群益金鼎-台中,2024-01-19,9184
00680L,元大美債20正2,42,3,39,群益金鼎-台中,2024-01-19,9184
00919,群益台灣精選高息,65,27,38,群益金鼎-台中,2024-01-19,9184
00931B,統一美債20年,35,0,35,群益金鼎-台中,2024-01-19,9184
5213,亞昕,33,0,33,群益金鼎-台中,2024-01-19,9184
9958,世紀鋼,33,7,26,群益金鼎-台中,2024-01-19,9184
2884,玉山金,25,0,25,群益金鼎-台中,2024-01-19,9184
2356,英業達,66,41,25,群益金鼎-台中,2024-01-19,9184
2615,萬海,28,4,24,群益金鼎-台中,2024-01-19,9184
9105,泰金寶-DR,22,0,22,群益金鼎-台中,2024-01-19,9184
2515,中工,23,1,22,群益金鼎-台中,2024-01-19,9184
5426,振發,185,164,21,群益金鼎-台中,2024-01-19,9184
00795B,中信美國公債20年,21,0,21,群益金鼎-台中,2024-01-19,9184
00904,新光臺灣半導體30,22,2,20,群益金鼎-台中,2024-01-19,9184
1319,東陽,20,0,20,群益金鼎-台中,2024-01-19,9184
3265,台星科,22,4,18,群益金鼎-台中,2024-01-19,9184
2486,一詮,32,15,17,群益金鼎-台中,2024-01-19,9184
2886,兆豐金,16,0,16,群益金鼎-台中,2024-01-19,9184
6139,亞翔,43,27,16,群益金鼎-台中,2024-01-19,9184
00688L,國泰20年美債正2,18,3,15,群益金鼎-台中,2024-01-19,9184
4906,正文,15,0,15,群益金鼎-台中,2024-01-19,9184
6239,力成,16,2,14,群益金鼎-台中,2024-01-19,9184
3490,單井,17,4,13,群益金鼎-台中,2024-01-19,9184
00751B,元大AAA至A公司債,13,0,13,群益金鼎-台中,2024-01-19,9184
2610,華航,29,16,13,群益金鼎-台中,2024-01-19,9184
2603,長榮,17,4,13,群益金鼎-台中,2024-01-19,9184
5222,全訊,15,3,12,群益金鼎-台中,2024-01-19,9184
8040,九暘,28,16,12,群益金鼎-台中,2024-01-19,9184
3036,文曄,30,18,12,群益金鼎-台中,2024-01-19,9184
3306,鼎天,12,1,11,群益金鼎-台中,2024-01-19,9184
1102,亞泥,19,8,11,群益金鼎-台中,2024-01-19,9184
3041,揚智,12,2,10,群益金鼎-台中,2024-01-19,9184
2301,光寶科,16,6,10,群益金鼎-台中,2024-01-19,9184
00922,國泰台灣領袖50,10,0,10,群益金鼎-台中,2024-01-19,9184
9928,中視,10,0,10,群益金鼎-台中,2024-01-19,9184
00882,中信中國高股息,236,5,231,群益金鼎-台中,2024-01-22,9184
6005,群益證,150,0,150,群益金鼎-台中,2024-01-22,9184
00671R,富邦NASDAQ反1,100,0,100,群益金鼎-台中,2024-01-22,9184
00937B,群益ESG投等債20,85,2,83,群益金鼎-台中,2024-01-22,9184
00929,復華台灣科技優息,88,17,71,群益金鼎-台中,2024-01-22,9184
00632R,元大台灣50反1,161,100,61,群益金鼎-台中,2024-01-22,9184
00669R,國泰美國道瓊反1,60,0,60,群益金鼎-台中,2024-01-22,9184
1326,台化,61,7,54,群益金鼎-台中,2024-01-22,9184
2610,華航,48,0,48,群益金鼎-台中,2024-01-22,9184
00648R,元大S＆P500反1,45,0,45,群益金鼎-台中,2024-01-22,9184
00933B,國泰10Y+金融債,51,6,45,群益金鼎-台中,2024-01-22,9184
00687B,國泰20年美債,44,0,44,群益金鼎-台中,2024-01-22,9184
2867,三商壽,41,0,41,群益金鼎-台中,2024-01-22,9184
00885,富邦越南,40,0,40,群益金鼎-台中,2024-01-22,9184
2511,太子,40,0,40,群益金鼎-台中,2024-01-22,9184
1473,台南,34,0,34,群益金鼎-台中,2024-01-22,9184
2515,中工,39,7,32,群益金鼎-台中,2024-01-22,9184
00931B,統一美債20年,31,0,31,群益金鼎-台中,2024-01-22,9184
2915,潤泰全,27,2,25,群益金鼎-台中,2024-01-22,9184
2313,華通,30,7,23,群益金鼎-台中,2024-01-22,9184
2618,長榮航,39,18,21,群益金鼎-台中,2024-01-22,9184
00650L,復華香港正2,24,3,21,群益金鼎-台中,2024-01-22,9184
4906,正文,141,121,20,群益金鼎-台中,2024-01-22,9184
2485,兆赫,25,5,20,群益金鼎-台中,2024-01-22,9184
2317,鴻海,21,2,19,群益金鼎-台中,2024-01-22,9184
6233,旺玖,40,22,18,群益金鼎-台中,2024-01-22,9184
3694,海華,25,7,18,群益金鼎-台中,2024-01-22,9184
3623,富晶通,30,12,18,群益金鼎-台中,2024-01-22,9184
2353,宏��,82,65,17,群益金鼎-台中,2024-01-22,9184
00752,中信中國50,15,0,15,群益金鼎-台中,2024-01-22,9184
00900,富邦特選高股息30,30,15,15,群益金鼎-台中,2024-01-22,9184
00679B,元大美債20年,16,2,14,群益金鼎-台中,2024-01-22,9184
5258,虹堡,13,0,13,群益金鼎-台中,2024-01-22,9184
00904,新光臺灣半導體30,12,0,12,群益金鼎-台中,2024-01-22,9184
1532,勤美,11,0,11,群益金鼎-台中,2024-01-22,9184
2887,台新金,11,1,10,群益金鼎-台中,2024-01-22,9184
2316,楠梓電,65,55,10,群益金鼎-台中,2024-01-22,9184
00891,中信關鍵半導體,10,0,10,群益金鼎-台中,2024-01-22,9184
6139,亞翔,12,2,10,群益金鼎-台中,2024-01-22,9184
2324,仁寶,56,46,10,群益金鼎-台中,2024-01-22,9184
8034,榮群,19,10,9,群益金鼎-台中,2024-01-22,9184
2356,英業達,261,252,9,群益金鼎-台中,2024-01-22,9184
1618,合機,8,0,8,群益金鼎-台中,2024-01-22,9184
6698,旭暉應材,10,2,8,群益金鼎-台中,2024-01-22,9184
5347,世界,8,0,8,群益金鼎-台中,2024-01-22,9184
4543,萬在,8,0,8,群益金鼎-台中,2024-01-22,9184
6285,啟��,9,1,8,群益金鼎-台中,2024-01-22,9184
2329,華泰,76,69,7,群益金鼎-台中,2024-01-22,9184
00753L,中信中國50正2,6,0,6,群益金鼎-台中,2024-01-22,9184
6120,達運,10,4,6,群益金鼎-台中,2024-01-22,9184
00878,國泰永續高股息,156,8,148,群益金鼎-台中,2024-01-23,9184
2405,輔信,106,0,106,群益金鼎-台中,2024-01-23,9184
2449,京元電子,103,0,103,群益金鼎-台中,2024-01-23,9184
00688L,國泰20年美債正2,100,0,100,群益金鼎-台中,2024-01-23,9184
1326,台化,82,4,78,群益金鼎-台中,2024-01-23,9184
00937B,群益ESG投等債20,62,0,62,群益金鼎-台中,2024-01-23,9184
00931B,統一美債20年,47,0,47,群益金鼎-台中,2024-01-23,9184
2511,太子,40,0,40,群益金鼎-台中,2024-01-23,9184
6140,訊達,72,46,26,群益金鼎-台中,2024-01-23,9184
2915,潤泰全,25,0,25,群益金鼎-台中,2024-01-23,9184
8996,高力,27,3,24,群益金鼎-台中,2024-01-23,9184
6139,亞翔,24,0,24,群益金鼎-台中,2024-01-23,9184
2344,華邦電,39,19,20,群益金鼎-台中,2024-01-23,9184
3036,文曄,33,15,18,群益金鼎-台中,2024-01-23,9184
3437,榮創,29,12,17,群益金鼎-台中,2024-01-23,9184
3059,華晶科,20,3,17,群益金鼎-台中,2024-01-23,9184
2498,宏達電,18,2,16,群益金鼎-台中,2024-01-23,9184
2515,中工,20,5,15,群益金鼎-台中,2024-01-23,9184
00713,元大台灣高息低波,15,1,14,群益金鼎-台中,2024-01-23,9184
2329,華泰,39,25,14,群益金鼎-台中,2024-01-23,9184
00652,富邦印度,14,0,14,群益金鼎-台中,2024-01-23,9184
2609,陽明,18,5,13,群益金鼎-台中,2024-01-23,9184
1785,光洋科,14,1,13,群益金鼎-台中,2024-01-23,9184
3380,明泰,13,0,13,群益金鼎-台中,2024-01-23,9184
2382,廣達,34,22,12,群益金鼎-台中,2024-01-23,9184
00720B,元大投資級公司債,12,0,12,群益金鼎-台中,2024-01-23,9184
3615,安可,94,82,12,群益金鼎-台中,2024-01-23,9184
8096,擎亞,18,7,11,群益金鼎-台中,2024-01-23,9184
3443,創意,16,5,11,群益金鼎-台中,2024-01-23,9184
6770,力積電,15,4,11,群益金鼎-台中,2024-01-23,9184
2476,鉅祥,12,1,11,群益金鼎-台中,2024-01-23,9184
2376,技嘉,28,18,10,群益金鼎-台中,2024-01-23,9184
00687B,國泰20年美債,15,5,10,群益金鼎-台中,2024-01-23,9184
00770,國泰北美科技,10,0,10,群益金鼎-台中,2024-01-23,9184
8936,國統,30,20,10,群益金鼎-台中,2024-01-23,9184
6282,康舒,12,2,10,群益金鼎-台中,2024-01-23,9184
9935,慶豐富,10,0,10,群益金鼎-台中,2024-01-23,9184
2486,一詮,13,4,9,群益金鼎-台中,2024-01-23,9184
4956,光鋐,32,23,9,群益金鼎-台中,2024-01-23,9184
00680L,元大美債20正2,9,0,9,群益金鼎-台中,2024-01-23,9184
00885,富邦越南,15,6,9,群益金鼎-台中,2024-01-23,9184
1519,華城,34,25,9,群益金鼎-台中,2024-01-23,9184
8089,康全電訊,12,4,8,群益金鼎-台中,2024-01-23,9184
2421,建準,21,12,9,群益金鼎-台中,2024-01-23,9184
5347,世界,9,1,8,群益金鼎-台中,2024-01-23,9184
8054,安國,34,26,8,群益金鼎-台中,2024-01-23,9184
00632R,元大台灣50反1,8,0,8,群益金鼎-台中,2024-01-23,9184
2015,豐興,8,0,8,群益金鼎-台中,2024-01-23,9184
3149,正達,10,2,8,群益金鼎-台中,2024-01-23,9184
6111,大宇資,8,0,8,群益金鼎-台中,2024-01-23,9184
00937B,群益ESG投等債20,288,2,286,群益金鼎-台中,2024-01-24,9184
5426,振發,163,76,87,群益金鼎-台中,2024-01-24,9184
00632R,元大台灣50反1,80,0,80,群益金鼎-台中,2024-01-24,9184
00929,復華台灣科技優息,68,6,62,群益金鼎-台中,2024-01-24,9184
2449,京元電子,52,1,51,群益金鼎-台中,2024-01-24,9184
2344,華邦電,58,9,49,群益金鼎-台中,2024-01-24,9184
00687B,國泰20年美債,45,0,45,群益金鼎-台中,2024-01-24,9184
2618,長榮航,87,43,44,群益金鼎-台中,2024-01-24,9184
1722,台肥,45,2,43,群益金鼎-台中,2024-01-24,9184
2353,宏��,108,73,35,群益金鼎-台中,2024-01-24,9184
00679B,元大美債20年,30,0,30,群益金鼎-台中,2024-01-24,9184
1402,遠東新,35,5,30,群益金鼎-台中,2024-01-24,9184
1216,統一,25,0,25,群益金鼎-台中,2024-01-24,9184
2453,凌群,22,0,22,群益金鼎-台中,2024-01-24,9184
1795,美時,25,3,22,群益金鼎-台中,2024-01-24,9184
2882,國泰金,21,0,21,群益金鼎-台中,2024-01-24,9184
1101,台泥,20,0,20,群益金鼎-台中,2024-01-24,9184
2888,新光金,20,0,20,群益金鼎-台中,2024-01-24,9184
8059,凱碩,27,7,20,群益金鼎-台中,2024-01-24,9184
00770,國泰北美科技,20,0,20,群益金鼎-台中,2024-01-24,9184
6265,方土昶,21,3,18,群益金鼎-台中,2024-01-24,9184
2303,聯電,32,14,18,群益金鼎-台中,2024-01-24,9184
5457,宣德,25,7,18,群益金鼎-台中,2024-01-24,9184
3287,廣寰科,27,11,16,群益金鼎-台中,2024-01-24,9184
00645,富邦日本,16,0,16,群益金鼎-台中,2024-01-24,9184
3706,神達,85,69,16,群益金鼎-台中,2024-01-24,9184
00857B,永豐20年美公債,15,0,15,群益金鼎-台中,2024-01-24,9184
2887,台新金,15,0,15,群益金鼎-台中,2024-01-24,9184
3545,敦泰,19,6,13,群益金鼎-台中,2024-01-24,9184
6417,韋僑,12,0,12,群益金鼎-台中,2024-01-24,9184
3712,永崴投控,18,6,12,群益金鼎-台中,2024-01-24,9184
4714,永捷,22,10,12,群益金鼎-台中,2024-01-24,9184
4746,台耀,12,1,11,群益金鼎-台中,2024-01-24,9184
3036,文曄,12,1,11,群益金鼎-台中,2024-01-24,9184
3615,安可,68,57,11,群益金鼎-台中,2024-01-24,9184
00933B,國泰10Y+金融債,11,0,11,群益金鼎-台中,2024-01-24,9184
3231,緯創,46,35,11,群益金鼎-台中,2024-01-24,9184
4979,華星光,13,3,10,群益金鼎-台中,2024-01-24,9184
2388,威盛,14,4,10,群益金鼎-台中,2024-01-24,9184
2884,玉山金,10,0,10,群益金鼎-台中,2024-01-24,9184
1444,力麗,11,1,10,群益金鼎-台中,2024-01-24,9184
00648R,元大S＆P500反1,10,0,10,群益金鼎-台中,2024-01-24,9184
00795B,中信美國公債20年,10,0,10,群益金鼎-台中,2024-01-24,9184
4906,正文,11,1,10,群益金鼎-台中,2024-01-24,9184
1234,黑松,10,0,10,群益金鼎-台中,2024-01-24,9184
6237,驊訊,53,43,10,群益金鼎-台中,2024-01-24,9184
2607,榮運,10,0,10,群益金鼎-台中,2024-01-24,9184
00773B,中信優先金融債,10,0,10,群益金鼎-台中,2024-01-24,9184
00637L,元大滬深300正2,12,2,10,群益金鼎-台中,2024-01-24,9184
1455,集盛,10,0,10,群益金鼎-台中,2024-01-24,9184
00851,台新全球AI,200,0,200,群益金鼎-台中,2024-01-25,9184
00671R,富邦NASDAQ反1,115,0,115,群益金鼎-台中,2024-01-25,9184
1326,台化,76,0,76,群益金鼎-台中,2024-01-25,9184
00937B,群益ESG投等債20,127,63,64,群益金鼎-台中,2024-01-25,9184
6139,亞翔,61,4,57,群益金鼎-台中,2024-01-25,9184
00687B,國泰20年美債,78,28,50,群益金鼎-台中,2024-01-25,9184
00933B,國泰10Y+金融債,49,1,48,群益金鼎-台中,2024-01-25,9184
6116,彩晶,46,5,41,群益金鼎-台中,2024-01-25,9184
00935,野村臺灣新科技50,40,3,37,群益金鼎-台中,2024-01-25,9184
00754B,群益AAA-AA公司,34,0,34,群益金鼎-台中,2024-01-25,9184
00919,群益台灣精選高息,36,4,32,群益金鼎-台中,2024-01-25,9184
00637L,元大滬深300正2,41,11,30,群益金鼎-台中,2024-01-25,9184
2915,潤泰全,32,5,27,群益金鼎-台中,2024-01-25,9184
2356,英業達,99,74,25,群益金鼎-台中,2024-01-25,9184
00795B,中信美國公債20年,24,0,24,群益金鼎-台中,2024-01-25,9184
2801,彰銀,20,0,20,群益金鼎-台中,2024-01-25,9184
2867,三商壽,20,0,20,群益金鼎-台中,2024-01-25,9184
00680L,元大美債20正2,20,0,20,群益金鼎-台中,2024-01-25,9184
00679B,元大美債20年,18,0,18,群益金鼎-台中,2024-01-25,9184
3033,威健,17,0,17,群益金鼎-台中,2024-01-25,9184
5351,鈺創,16,0,16,群益金鼎-台中,2024-01-25,9184
00712,復華富時不動產,15,0,15,群益金鼎-台中,2024-01-25,9184
2880,華南金,15,0,15,群益金鼎-台中,2024-01-25,9184
1102,亞泥,15,0,15,群益金鼎-台中,2024-01-25,9184
00931B,統一美債20年,14,0,14,群益金鼎-台中,2024-01-25,9184
6111,大宇資,17,4,13,群益金鼎-台中,2024-01-25,9184
3339,泰谷,23,10,13,群益金鼎-台中,2024-01-25,9184
6695,芯鼎,15,2,13,群益金鼎-台中,2024-01-25,9184
0056,元大高股息,16,4,12,群益金鼎-台中,2024-01-25,9184
00752,中信中國50,15,3,12,群益金鼎-台中,2024-01-25,9184
2376,技嘉,21,9,12,群益金鼎-台中,2024-01-25,9184
2615,萬海,15,4,11,群益金鼎-台中,2024-01-25,9184
3041,揚智,12,1,11,群益金鼎-台中,2024-01-25,9184
00632R,元大台灣50反1,121,110,11,群益金鼎-台中,2024-01-25,9184
3025,星通,30,19,11,群益金鼎-台中,2024-01-25,9184
3666,光耀,11,0,11,群益金鼎-台中,2024-01-25,9184
3311,閎暉,10,0,10,群益金鼎-台中,2024-01-25,9184
00688L,國泰20年美債正2,10,0,10,群益金鼎-台中,2024-01-25,9184
2014,中鴻,10,0,10,群益金鼎-台中,2024-01-25,9184
00713,元大台灣高息低波,10,1,9,群益金鼎-台中,2024-01-25,9184
2344,華邦電,23,14,9,群益金鼎-台中,2024-01-25,9184
8105,凌巨,16,7,9,群益金鼎-台中,2024-01-25,9184
2313,華通,18,9,9,群益金鼎-台中,2024-01-25,9184
2308,台達電,9,0,9,群益金鼎-台中,2024-01-25,9184
6274,台燿,17,9,8,群益金鼎-台中,2024-01-25,9184
3035,智原,38,30,8,群益金鼎-台中,2024-01-25,9184
6229,研通,8,0,8,群益金鼎-台中,2024-01-25,9184
1234,黑松,10,2,8,群益金鼎-台中,2024-01-25,9184
9105,泰金寶-DR,68,60,8,群益金鼎-台中,2024-01-25,9184
4956,光鋐,53,46,7,群益金鼎-台中,2024-01-25,9184
00937B,群益ESG投等債20,152,14,138,群益金鼎-台中,2024-01-26,9184
3264,欣銓,130,2,128,群益金鼎-台中,2024-01-26,9184
2303,聯電,130,5,125,群益金鼎-台中,2024-01-26,9184
00687B,國泰20年美債,149,26,123,群益金鼎-台中,2024-01-26,9184
020027,元大上櫃ESG成長N,80,0,80,群益金鼎-台中,2024-01-26,9184
1473,台南,74,0,74,群益金鼎-台中,2024-01-26,9184
00929,復華台灣科技優息,77,6,71,群益金鼎-台中,2024-01-26,9184
5426,振發,183,118,65,群益金鼎-台中,2024-01-26,9184
2867,三商壽,64,0,64,群益金鼎-台中,2024-01-26,9184
00751B,元大AAA至A公司債,55,0,55,群益金鼎-台中,2024-01-26,9184
2882,國泰金,55,1,54,群益金鼎-台中,2024-01-26,9184
2880,華南金,51,0,51,群益金鼎-台中,2024-01-26,9184
2399,映泰,51,0,51,群益金鼎-台中,2024-01-26,9184
00637L,元大滬深300正2,56,9,47,群益金鼎-台中,2024-01-26,9184
00919,群益台灣精選高息,53,7,46,群益金鼎-台中,2024-01-26,9184
00878,國泰永續高股息,45,4,41,群益金鼎-台中,2024-01-26,9184
0056,元大高股息,48,11,37,群益金鼎-台中,2024-01-26,9184
1722,台肥,33,0,33,群益金鼎-台中,2024-01-26,9184
1312,國喬,30,0,30,群益金鼎-台中,2024-01-26,9184
1101,台泥,31,3,28,群益金鼎-台中,2024-01-26,9184
00733,富邦臺灣中小,31,4,27,群益金鼎-台中,2024-01-26,9184
1402,遠東新,32,5,27,群益金鼎-台中,2024-01-26,9184
3297,杭特,26,0,26,群益金鼎-台中,2024-01-26,9184
00680L,元大美債20正2,30,5,25,群益金鼎-台中,2024-01-26,9184
8936,國統,29,5,24,群益金鼎-台中,2024-01-26,9184
2382,廣達,40,16,24,群益金鼎-台中,2024-01-26,9184
00665L,富邦�琤肭磪囓�2,33,10,23,群益金鼎-台中,2024-01-26,9184
2353,宏��,126,104,22,群益金鼎-台中,2024-01-26,9184
6270,倍微,110,88,22,群益金鼎-台中,2024-01-26,9184
1432,大魯閣,20,0,20,群益金鼎-台中,2024-01-26,9184
2618,長榮航,37,18,19,群益金鼎-台中,2024-01-26,9184
2002,中鋼,17,0,17,群益金鼎-台中,2024-01-26,9184
1514,亞力,20,3,17,群益金鼎-台中,2024-01-26,9184
1102,亞泥,15,0,15,群益金鼎-台中,2024-01-26,9184
2431,聯昌,47,32,15,群益金鼎-台中,2024-01-26,9184
9904,寶成,14,0,14,群益金鼎-台中,2024-01-26,9184
6237,驊訊,18,5,13,群益金鼎-台中,2024-01-26,9184
00931B,統一美債20年,13,0,13,群益金鼎-台中,2024-01-26,9184
00645,富邦日本,12,0,12,群益金鼎-台中,2024-01-26,9184
2344,華邦電,21,9,12,群益金鼎-台中,2024-01-26,9184
3360,尚立,33,22,11,群益金鼎-台中,2024-01-26,9184
3615,安可,17,6,11,群益金鼎-台中,2024-01-26,9184
2609,陽明,21,11,10,群益金鼎-台中,2024-01-26,9184
00648R,元大S＆P500反1,10,0,10,群益金鼎-台中,2024-01-26,9184
6257,矽格,12,3,9,群益金鼎-台中,2024-01-26,9184
00933B,國泰10Y+金融債,15,6,9,群益金鼎-台中,2024-01-26,9184
00927,群益半導體收益,8,0,8,群益金鼎-台中,2024-01-26,9184
6124,業強,8,0,8,群益金鼎-台中,2024-01-26,9184
8096,擎亞,41,33,8,群益金鼎-台中,2024-01-26,9184
2363,矽統,8,0,8,群益金鼎-台中,2024-01-26,9184
00632R,元大台灣50反1,476,200,276,群益金鼎-台中,2024-01-29,9184
2867,三商壽,183,0,183,群益金鼎-台中,2024-01-29,9184
00687B,國泰20年美債,84,3,81,群益金鼎-台中,2024-01-29,9184
2882,國泰金,82,25,57,群益金鼎-台中,2024-01-29,9184
1326,台化,45,0,45,群益金鼎-台中,2024-01-29,9184
6116,彩晶,42,0,42,群益金鼎-台中,2024-01-29,9184
00937B,群益ESG投等債20,148,110,38,群益金鼎-台中,2024-01-29,9184
1101,台泥,40,4,36,群益金鼎-台中,2024-01-29,9184
00931B,統一美債20年,31,0,31,群益金鼎-台中,2024-01-29,9184
00795B,中信美國公債20年,30,0,30,群益金鼎-台中,2024-01-29,9184
8071,能率網通,30,0,30,群益金鼎-台中,2024-01-29,9184
2618,長榮航,123,98,25,群益金鼎-台中,2024-01-29,9184
00933B,國泰10Y+金融債,25,0,25,群益金鼎-台中,2024-01-29,9184
9105,泰金寶-DR,49,25,24,群益金鼎-台中,2024-01-29,9184
00885,富邦越南,22,0,22,群益金鼎-台中,2024-01-29,9184
00904,新光臺灣半導體30,21,0,21,群益金鼎-台中,2024-01-29,9184
00679B,元大美債20年,19,1,18,群益金鼎-台中,2024-01-29,9184
3622,洋華,30,15,15,群益金鼎-台中,2024-01-29,9184
2412,中華電,15,0,15,群益金鼎-台中,2024-01-29,9184
4908,前鼎,27,14,13,群益金鼎-台中,2024-01-29,9184
3339,泰谷,14,1,13,群益金鼎-台中,2024-01-29,9184
6229,研通,93,80,13,群益金鼎-台中,2024-01-29,9184
2344,華邦電,15,2,13,群益金鼎-台中,2024-01-29,9184
2915,潤泰全,17,5,12,群益金鼎-台中,2024-01-29,9184
2887,台新金,11,0,11,群益金鼎-台中,2024-01-29,9184
3059,華晶科,15,4,11,群益金鼎-台中,2024-01-29,9184
3576,聯合再生,10,0,10,群益金鼎-台中,2024-01-29,9184
00673R,期元大S＆P原油反1,10,0,10,群益金鼎-台中,2024-01-29,9184
00764B,群益25年美債,10,0,10,群益金鼎-台中,2024-01-29,9184
2002,中鋼,11,2,9,群益金鼎-台中,2024-01-29,9184
5426,振發,81,72,9,群益金鼎-台中,2024-01-29,9184
4956,光鋐,13,4,9,群益金鼎-台中,2024-01-29,9184
4968,立積,26,17,9,群益金鼎-台中,2024-01-29,9184
00919,群益台灣精選高息,9,1,8,群益金鼎-台中,2024-01-29,9184
6282,康舒,17,9,8,群益金鼎-台中,2024-01-29,9184
3661,世芯-KY,8,0,8,群益金鼎-台中,2024-01-29,9184
2031,新光鋼,8,0,8,群益金鼎-台中,2024-01-29,9184
3013,晟銘電,8,1,7,群益金鼎-台中,2024-01-29,9184
6535,順藥,7,0,7,群益金鼎-台中,2024-01-29,9184
2436,偉詮電,7,0,7,群益金鼎-台中,2024-01-29,9184
8064,東捷,14,7,7,群益金鼎-台中,2024-01-29,9184
6239,力成,9,2,7,群益金鼎-台中,2024-01-29,9184
2722,夏都,6,0,6,群益金鼎-台中,2024-01-29,9184
1506,正道,6,0,6,群益金鼎-台中,2024-01-29,9184
6278,台表科,6,0,6,群益金鼎-台中,2024-01-29,9184
6139,亞翔,7,1,6,群益金鼎-台中,2024-01-29,9184
6111,大宇資,6,0,6,群益金鼎-台中,2024-01-29,9184
00680L,元大美債20正2,6,0,6,群益金鼎-台中,2024-01-29,9184
2376,技嘉,17,11,6,群益金鼎-台中,2024-01-29,9184
3231,緯創,46,40,6,群益金鼎-台中,2024-01-29,9184
00937B,群益ESG投等債20,236,0,236,群益金鼎-台中,2024-01-30,9184
2867,三商壽,181,1,180,群益金鼎-台中,2024-01-30,9184
00680L,元大美債20正2,155,5,150,群益金鼎-台中,2024-01-30,9184
2882,國泰金,100,0,100,群益金鼎-台中,2024-01-30,9184
00665L,富邦�琤肭磪囓�2,83,0,83,群益金鼎-台中,2024-01-30,9184
00687B,國泰20年美債,103,24,79,群益金鼎-台中,2024-01-30,9184
00929,復華台灣科技優息,68,2,66,群益金鼎-台中,2024-01-30,9184
1326,台化,63,2,61,群益金鼎-台中,2024-01-30,9184
2883,凱基金,62,3,59,群益金鼎-台中,2024-01-30,9184
2618,長榮航,45,2,43,群益金鼎-台中,2024-01-30,9184
00671R,富邦NASDAQ反1,40,0,40,群益金鼎-台中,2024-01-30,9184
3481,群創,90,51,39,群益金鼎-台中,2024-01-30,9184
6282,康舒,49,13,36,群益金鼎-台中,2024-01-30,9184
00648R,元大S＆P500反1,35,0,35,群益金鼎-台中,2024-01-30,9184
00669R,國泰美國道瓊反1,35,0,35,群益金鼎-台中,2024-01-30,9184
00637L,元大滬深300正2,31,0,31,群益金鼎-台中,2024-01-30,9184
2421,建準,74,44,30,群益金鼎-台中,2024-01-30,9184
3576,聯合再生,30,0,30,群益金鼎-台中,2024-01-30,9184
2344,華邦電,31,5,26,群益金鼎-台中,2024-01-30,9184
2303,聯電,35,11,24,群益金鼎-台中,2024-01-30,9184
5347,世界,23,0,23,群益金鼎-台中,2024-01-30,9184
9105,泰金寶-DR,30,8,22,群益金鼎-台中,2024-01-30,9184
020039,元大加權N,20,0,20,群益金鼎-台中,2024-01-30,9184
00720B,元大投資級公司債,20,0,20,群益金鼎-台中,2024-01-30,9184
2511,太子,20,0,20,群益金鼎-台中,2024-01-30,9184
00773B,中信優先金融債,20,0,20,群益金鼎-台中,2024-01-30,9184
00885,富邦越南,20,1,19,群益金鼎-台中,2024-01-30,9184
2329,華泰,43,24,19,群益金鼎-台中,2024-01-30,9184
2369,菱生,37,18,19,群益金鼎-台中,2024-01-30,9184
3338,泰碩,26,7,19,群益金鼎-台中,2024-01-30,9184
5443,均豪,15,0,15,群益金鼎-台中,2024-01-30,9184
5871,中租-KY,14,0,14,群益金鼎-台中,2024-01-30,9184
00655L,國泰中國A50正2,13,0,13,群益金鼎-台中,2024-01-30,9184
00679B,元大美債20年,13,0,13,群益金鼎-台中,2024-01-30,9184
8110,華東,55,43,12,群益金鼎-台中,2024-01-30,9184
6113,亞矽,18,6,12,群益金鼎-台中,2024-01-30,9184
2314,台揚,11,0,11,群益金鼎-台中,2024-01-30,9184
2332,友訊,11,0,11,群益金鼎-台中,2024-01-30,9184
3380,明泰,151,140,11,群益金鼎-台中,2024-01-30,9184
6116,彩晶,10,0,10,群益金鼎-台中,2024-01-30,9184
2887,台新金,10,0,10,群益金鼎-台中,2024-01-30,9184
2358,廷鑫,10,0,10,群益金鼎-台中,2024-01-30,9184
3032,偉訓,11,1,10,群益金鼎-台中,2024-01-30,9184
2489,瑞軒,10,1,9,群益金鼎-台中,2024-01-30,9184
3615,安可,11,2,9,群益金鼎-台中,2024-01-30,9184
00933B,國泰10Y+金融債,9,0,9,群益金鼎-台中,2024-01-30,9184
2748,雲品,12,3,9,群益金鼎-台中,2024-01-30,9184
6274,台燿,14,6,8,群益金鼎-台中,2024-01-30,9184
2436,偉詮電,8,0,8,群益金鼎-台中,2024-01-30,9184
3715,定穎投控,21,13,8,群益金鼎-台中,2024-01-30,9184
00680L,元大美債20正2,194,10,184,群益金鼎-台中,2024-01-31,9184
00687B,國泰20年美債,190,10,180,群益金鼎-台中,2024-01-31,9184
00665L,富邦�琤肭磪囓�2,88,5,83,群益金鼎-台中,2024-01-31,9184
00933B,國泰10Y+金融債,102,32,70,群益金鼎-台中,2024-01-31,9184
00752,中信中國50,46,6,40,群益金鼎-台中,2024-01-31,9184
3231,緯創,63,28,35,群益金鼎-台中,2024-01-31,9184
5906,台南-KY,32,0,32,群益金鼎-台中,2024-01-31,9184
1326,台化,31,0,31,群益金鼎-台中,2024-01-31,9184
00706L,期元大S＆P日圓正2,31,0,31,群益金鼎-台中,2024-01-31,9184
2303,聯電,37,7,30,群益金鼎-台中,2024-01-31,9184
2369,菱生,42,12,30,群益金鼎-台中,2024-01-31,9184
2915,潤泰全,30,0,30,群益金鼎-台中,2024-01-31,9184
9105,泰金寶-DR,29,0,29,群益金鼎-台中,2024-01-31,9184
3360,尚立,47,22,25,群益金鼎-台中,2024-01-31,9184
00904,新光臺灣半導體30,32,8,24,群益金鼎-台中,2024-01-31,9184
00688L,國泰20年美債正2,24,0,24,群益金鼎-台中,2024-01-31,9184
00937B,群益ESG投等債20,49,28,21,群益金鼎-台中,2024-01-31,9184
6237,驊訊,50,30,20,群益金鼎-台中,2024-01-31,9184
00888,永豐台灣ESG,20,0,20,群益金鼎-台中,2024-01-31,9184
2801,彰銀,20,0,20,群益金鼎-台中,2024-01-31,9184
2356,英業達,45,28,17,群益金鼎-台中,2024-01-31,9184
00650L,復華香港正2,17,0,17,群益金鼎-台中,2024-01-31,9184
3149,正達,17,0,17,群益金鼎-台中,2024-01-31,9184
2605,新興,17,0,17,群益金鼎-台中,2024-01-31,9184
3481,群創,101,85,16,群益金鼎-台中,2024-01-31,9184
00931B,統一美債20年,20,4,16,群益金鼎-台中,2024-01-31,9184
2412,中華電,15,0,15,群益金鼎-台中,2024-01-31,9184
00669R,國泰美國道瓊反1,15,0,15,群益金鼎-台中,2024-01-31,9184
2618,長榮航,16,1,15,群益金鼎-台中,2024-01-31,9184
3055,蔚華科,125,110,15,群益金鼎-台中,2024-01-31,9184
2382,廣達,34,21,13,群益金鼎-台中,2024-01-31,9184
5351,鈺創,13,0,13,群益金鼎-台中,2024-01-31,9184
6768,志強-KY,13,0,13,群益金鼎-台中,2024-01-31,9184
2609,陽明,21,9,12,群益金鼎-台中,2024-01-31,9184
3535,晶彩科,17,6,11,群益金鼎-台中,2024-01-31,9184
2748,雲品,17,6,11,群益金鼎-台中,2024-01-31,9184
6695,芯鼎,54,44,10,群益金鼎-台中,2024-01-31,9184
2308,台達電,12,2,10,群益金鼎-台中,2024-01-31,9184
00671R,富邦NASDAQ反1,20,10,10,群益金鼎-台中,2024-01-31,9184
4939,亞電,10,0,10,群益金鼎-台中,2024-01-31,9184
4956,光鋐,12,2,10,群益金鼎-台中,2024-01-31,9184
00712,復華富時不動產,10,0,10,群益金鼎-台中,2024-01-31,9184
00919,群益台灣精選高息,29,19,10,群益金鼎-台中,2024-01-31,9184
2409,友達,13,3,10,群益金鼎-台中,2024-01-31,9184
2332,友訊,9,0,9,群益金鼎-台中,2024-01-31,9184
1452,宏益,9,0,9,群益金鼎-台中,2024-01-31,9184
2330,台積電,12,4,8,群益金鼎-台中,2024-01-31,9184
1514,亞力,17,9,8,群益金鼎-台中,2024-01-31,9184
3706,神達,13,5,8,群益金鼎-台中,2024-01-31,9184
6167,久正,8,0,8,群益金鼎-台中,2024-01-31,9184
1722,台肥,176,0,176,群益金鼎-台中,2024-02-01,9184
00937B,群益ESG投等債20,170,5,165,群益金鼎-台中,2024-02-01,9184
00680L,元大美債20正2,116,30,86,群益金鼎-台中,2024-02-01,9184
00687B,國泰20年美債,80,11,69,群益金鼎-台中,2024-02-01,9184
2867,三商壽,62,0,62,群益金鼎-台中,2024-02-01,9184
3188,鑫龍騰,50,0,50,群益金鼎-台中,2024-02-01,9184
2801,彰銀,50,2,48,群益金鼎-台中,2024-02-01,9184
00919,群益台灣精選高息,65,19,46,群益金鼎-台中,2024-02-01,9184
3694,海華,59,22,37,群益金鼎-台中,2024-02-01,9184
00929,復華台灣科技優息,59,23,36,群益金鼎-台中,2024-02-01,9184
3231,緯創,57,30,27,群益金鼎-台中,2024-02-01,9184
00712,復華富時不動產,26,2,24,群益金鼎-台中,2024-02-01,9184
2337,旺宏,26,4,22,群益金鼎-台中,2024-02-01,9184
00904,新光臺灣半導體30,22,0,22,群益金鼎-台中,2024-02-01,9184
2303,聯電,42,20,22,群益金鼎-台中,2024-02-01,9184
1616,億泰,30,10,20,群益金鼎-台中,2024-02-01,9184
2511,太子,20,0,20,群益金鼎-台中,2024-02-01,9184
2542,興富發,20,0,20,群益金鼎-台中,2024-02-01,9184
00878,國泰永續高股息,22,5,17,群益金鼎-台中,2024-02-01,9184
2409,友達,16,0,16,群益金鼎-台中,2024-02-01,9184
2634,漢翔,15,1,14,群益金鼎-台中,2024-02-01,9184
6113,亞矽,51,38,13,群益金鼎-台中,2024-02-01,9184
9105,泰金寶-DR,13,0,13,群益金鼎-台中,2024-02-01,9184
2382,廣達,23,10,13,群益金鼎-台中,2024-02-01,9184
3360,尚立,13,1,12,群益金鼎-台中,2024-02-01,9184
1102,亞泥,12,0,12,群益金鼎-台中,2024-02-01,9184
2486,一詮,17,5,12,群益金鼎-台中,2024-02-01,9184
00645,富邦日本,11,0,11,群益金鼎-台中,2024-02-01,9184
3548,兆利,18,8,10,群益金鼎-台中,2024-02-01,9184
00900,富邦特選高股息30,10,0,10,群益金鼎-台中,2024-02-01,9184
2358,廷鑫,10,0,10,群益金鼎-台中,2024-02-01,9184
00753L,中信中國50正2,10,0,10,群益金鼎-台中,2024-02-01,9184
5347,世界,12,2,10,群益金鼎-台中,2024-02-01,9184
6167,久正,10,0,10,群益金鼎-台中,2024-02-01,9184
6257,矽格,11,1,10,群益金鼎-台中,2024-02-01,9184
4909,新復興,13,3,10,群益金鼎-台中,2024-02-01,9184
2851,中再保,10,0,10,群益金鼎-台中,2024-02-01,9184
6695,芯鼎,64,55,9,群益金鼎-台中,2024-02-01,9184
3437,榮創,11,2,9,群益金鼎-台中,2024-02-01,9184
6139,亞翔,10,1,9,群益金鼎-台中,2024-02-01,9184
8096,擎亞,39,31,8,群益金鼎-台中,2024-02-01,9184
3535,晶彩科,12,4,8,群益金鼎-台中,2024-02-01,9184
2436,偉詮電,8,0,8,群益金鼎-台中,2024-02-01,9184
00650L,復華香港正2,16,8,8,群益金鼎-台中,2024-02-01,9184
6229,研通,10,2,8,群益金鼎-台中,2024-02-01,9184
6261,久元,8,0,8,群益金鼎-台中,2024-02-01,9184
4968,立積,23,15,8,群益金鼎-台中,2024-02-01,9184
2421,建準,27,19,8,群益金鼎-台中,2024-02-01,9184
1216,統一,10,2,8,群益金鼎-台中,2024-02-01,9184
3481,群創,158,150,8,群益金鼎-台中,2024-02-01,9184
00937B,群益ESG投等債20,341,46,295,群益金鼎-台中,2024-02-02,9184
00680L,元大美債20正2,303,53,250,群益金鼎-台中,2024-02-02,9184
00642U,期元大S＆P石油,101,0,101,群益金鼎-台中,2024-02-02,9184
00687B,國泰20年美債,82,1,81,群益金鼎-台中,2024-02-02,9184
00929,復華台灣科技優息,57,1,56,群益金鼎-台中,2024-02-02,9184
4908,前鼎,56,4,52,群益金鼎-台中,2024-02-02,9184
2801,彰銀,50,0,50,群益金鼎-台中,2024-02-02,9184
2303,聯電,49,0,49,群益金鼎-台中,2024-02-02,9184
3188,鑫龍騰,47,0,47,群益金鼎-台中,2024-02-02,9184
2618,長榮航,54,12,42,群益金鼎-台中,2024-02-02,9184
00632R,元大台灣50反1,40,0,40,群益金鼎-台中,2024-02-02,9184
2609,陽明,45,6,39,群益金鼎-台中,2024-02-02,9184
2313,華通,35,1,34,群益金鼎-台中,2024-02-02,9184
00904,新光臺灣半導體30,32,0,32,群益金鼎-台中,2024-02-02,9184
6116,彩晶,42,13,29,群益金鼎-台中,2024-02-02,9184
3047,訊舟,30,1,29,群益金鼎-台中,2024-02-02,9184
2891,中信金,46,20,26,群益金鼎-台中,2024-02-02,9184
3694,海華,37,11,26,群益金鼎-台中,2024-02-02,9184
00933B,國泰10Y+金融債,42,16,26,群益金鼎-台中,2024-02-02,9184
00648R,元大S＆P500反1,25,0,25,群益金鼎-台中,2024-02-02,9184
00900,富邦特選高股息30,34,10,24,群益金鼎-台中,2024-02-02,9184
1473,台南,23,0,23,群益金鼎-台中,2024-02-02,9184
00715L,期街口布蘭特正2,21,0,21,群益金鼎-台中,2024-02-02,9184
2890,永豐金,21,0,21,群益金鼎-台中,2024-02-02,9184
2603,長榮,22,2,20,群益金鼎-台中,2024-02-02,9184
2867,三商壽,20,0,20,群益金鼎-台中,2024-02-02,9184
2353,宏��,38,18,20,群益金鼎-台中,2024-02-02,9184
2365,昆盈,57,37,20,群益金鼎-台中,2024-02-02,9184
2615,萬海,29,12,17,群益金鼎-台中,2024-02-02,9184
2634,漢翔,19,2,17,群益金鼎-台中,2024-02-02,9184
00919,群益台灣精選高息,18,2,16,群益金鼎-台中,2024-02-02,9184
2390,云辰,31,15,16,群益金鼎-台中,2024-02-02,9184
00655L,國泰中國A50正2,16,0,16,群益金鼎-台中,2024-02-02,9184
3588,通嘉,18,2,16,群益金鼎-台中,2024-02-02,9184
4906,正文,159,143,16,群益金鼎-台中,2024-02-02,9184
1514,亞力,32,19,13,群益金鼎-台中,2024-02-02,9184
3481,群創,115,102,13,群益金鼎-台中,2024-02-02,9184
3540,曜越,13,0,13,群益金鼎-台中,2024-02-02,9184
2812,台中銀,13,1,12,群益金鼎-台中,2024-02-02,9184
2355,敬鵬,13,1,12,群益金鼎-台中,2024-02-02,9184
2329,華泰,50,38,12,群益金鼎-台中,2024-02-02,9184
3576,聯合再生,11,0,11,群益金鼎-台中,2024-02-02,9184
6282,康舒,15,4,11,群益金鼎-台中,2024-02-02,9184
2208,台船,11,0,11,群益金鼎-台中,2024-02-02,9184
2376,技嘉,37,27,10,群益金鼎-台中,2024-02-02,9184
2888,新光金,10,0,10,群益金鼎-台中,2024-02-02,9184
1101,台泥,10,0,10,群益金鼎-台中,2024-02-02,9184
2204,中華,10,0,10,群益金鼎-台中,2024-02-02,9184
6164,華興,30,20,10,群益金鼎-台中,2024-02-02,9184
5272,笙科,18,8,10,群益金鼎-台中,2024-02-02,9184
00687B,國泰20年美債,130,0,130,群益金鼎-台中,2024-02-05,9184
00937B,群益ESG投等債20,174,56,118,群益金鼎-台中,2024-02-05,9184
00919,群益台灣精選高息,121,6,115,群益金鼎-台中,2024-02-05,9184
00929,復華台灣科技優息,110,1,109,群益金鼎-台中,2024-02-05,9184
020027,元大上櫃ESG成長N,100,0,100,群益金鼎-台中,2024-02-05,9184
2867,三商壽,80,1,79,群益金鼎-台中,2024-02-05,9184
3078,僑威,42,1,41,群益金鼎-台中,2024-02-05,9184
1326,台化,65,25,40,群益金鼎-台中,2024-02-05,9184
2511,太子,40,0,40,群益金鼎-台中,2024-02-05,9184
00878,國泰永續高股息,53,16,37,群益金鼎-台中,2024-02-05,9184
3481,群創,51,14,37,群益金鼎-台中,2024-02-05,9184
00632R,元大台灣50反1,41,4,37,群益金鼎-台中,2024-02-05,9184
5328,華容,36,0,36,群益金鼎-台中,2024-02-05,9184
00669R,國泰美國道瓊反1,33,0,33,群益金鼎-台中,2024-02-05,9184
2356,英業達,56,23,33,群益金鼎-台中,2024-02-05,9184
3041,揚智,35,3,32,群益金鼎-台中,2024-02-05,9184
2888,新光金,32,0,32,群益金鼎-台中,2024-02-05,9184
00795B,中信美國公債20年,31,0,31,群益金鼎-台中,2024-02-05,9184
1528,恩德,60,30,30,群益金鼎-台中,2024-02-05,9184
3056,富華新,30,0,30,群益金鼎-台中,2024-02-05,9184
00712,復華富時不動產,28,1,27,群益金鼎-台中,2024-02-05,9184
00715L,期街口布蘭特正2,27,0,27,群益金鼎-台中,2024-02-05,9184
2303,聯電,30,5,25,群益金鼎-台中,2024-02-05,9184
00931B,統一美債20年,77,52,25,群益金鼎-台中,2024-02-05,9184
00671R,富邦NASDAQ反1,20,0,20,群益金鼎-台中,2024-02-05,9184
3580,友威科,20,0,20,群益金鼎-台中,2024-02-05,9184
00680L,元大美債20正2,28,10,18,群益金鼎-台中,2024-02-05,9184
00882,中信中國高股息,17,0,17,群益金鼎-台中,2024-02-05,9184
2002,中鋼,18,4,14,群益金鼎-台中,2024-02-05,9184
1418,東華,14,0,14,群益金鼎-台中,2024-02-05,9184
00904,新光臺灣半導體30,13,0,13,群益金鼎-台中,2024-02-05,9184
1722,台肥,34,21,13,群益金鼎-台中,2024-02-05,9184
6265,方土昶,16,3,13,群益金鼎-台中,2024-02-05,9184
3706,神達,16,3,13,群益金鼎-台中,2024-02-05,9184
00679B,元大美債20年,25,13,12,群益金鼎-台中,2024-02-05,9184
2883,凱基金,12,0,12,群益金鼎-台中,2024-02-05,9184
6438,迅得,12,0,12,群益金鼎-台中,2024-02-05,9184
6271,同欣電,20,8,12,群益金鼎-台中,2024-02-05,9184
2887,台新金,11,0,11,群益金鼎-台中,2024-02-05,9184
2610,華航,12,1,11,群益金鼎-台中,2024-02-05,9184
5457,宣德,16,5,11,群益金鼎-台中,2024-02-05,9184
3615,安可,12,1,11,群益金鼎-台中,2024-02-05,9184
8111,立��,11,0,11,群益金鼎-台中,2024-02-05,9184
2204,中華,11,0,11,群益金鼎-台中,2024-02-05,9184
9945,潤泰新,15,4,11,群益金鼎-台中,2024-02-05,9184
4557,永新-KY,10,0,10,群益金鼎-台中,2024-02-05,9184
2838,聯邦銀,10,0,10,群益金鼎-台中,2024-02-05,9184
3105,穩懋,10,0,10,群益金鼎-台中,2024-02-05,9184
5906,台南-KY,10,0,10,群益金鼎-台中,2024-02-05,9184
2897,王道銀行,10,0,10,群益金鼎-台中,2024-02-05,9184
00937B,群益ESG投等債20,332,10,322,群益金鼎-台中,2024-02-15,9184
00933B,國泰10Y+金融債,212,5,207,群益金鼎-台中,2024-02-15,9184
00687B,國泰20年美債,118,10,108,群益金鼎-台中,2024-02-15,9184
00679B,元大美債20年,107,2,105,群益金鼎-台中,2024-02-15,9184
9904,寶成,71,1,70,群益金鼎-台中,2024-02-15,9184
00919,群益台灣精選高息,105,38,67,群益金鼎-台中,2024-02-15,9184
1102,亞泥,70,5,65,群益金鼎-台中,2024-02-15,9184
00712,復華富時不動產,61,0,61,群益金鼎-台中,2024-02-15,9184
2610,華航,65,5,60,群益金鼎-台中,2024-02-15,9184
00795B,中信美國公債20年,55,0,55,群益金鼎-台中,2024-02-15,9184
2915,潤泰全,55,0,55,群益金鼎-台中,2024-02-15,9184
5014,建錩,50,0,50,群益金鼎-台中,2024-02-15,9184
00671R,富邦NASDAQ反1,50,0,50,群益金鼎-台中,2024-02-15,9184
00931B,統一美債20年,46,0,46,群益金鼎-台中,2024-02-15,9184
00740B,富邦全球投等債,41,0,41,群益金鼎-台中,2024-02-15,9184
1326,台化,120,80,40,群益金鼎-台中,2024-02-15,9184
1717,長興,40,0,40,群益金鼎-台中,2024-02-15,9184
3294,英濟,43,4,39,群益金鼎-台中,2024-02-15,9184
00648R,元大S＆P500反1,35,0,35,群益金鼎-台中,2024-02-15,9184
2888,新光金,34,1,33,群益金鼎-台中,2024-02-15,9184
5521,工信,32,0,32,群益金鼎-台中,2024-02-15,9184
2353,宏��,48,17,31,群益金鼎-台中,2024-02-15,9184
8110,華東,31,0,31,群益金鼎-台中,2024-02-15,9184
2408,南亞科,31,1,30,群益金鼎-台中,2024-02-15,9184
3607,谷崧,30,1,29,群益金鼎-台中,2024-02-15,9184
2421,建準,81,57,24,群益金鼎-台中,2024-02-15,9184
00673R,期元大S＆P原油反1,21,0,21,群益金鼎-台中,2024-02-15,9184
2511,太子,20,0,20,群益金鼎-台中,2024-02-15,9184
2208,台船,20,1,19,群益金鼎-台中,2024-02-15,9184
00632R,元大台灣50反1,669,650,19,群益金鼎-台中,2024-02-15,9184
2355,敬鵬,25,7,18,群益金鼎-台中,2024-02-15,9184
3360,尚立,17,0,17,群益金鼎-台中,2024-02-15,9184
2376,技嘉,54,38,16,群益金鼎-台中,2024-02-15,9184
2515,中工,16,0,16,群益金鼎-台中,2024-02-15,9184
00751B,元大AAA至A公司債,22,6,16,群益金鼎-台中,2024-02-15,9184
00706L,期元大S＆P日圓正2,15,0,15,群益金鼎-台中,2024-02-15,9184
6282,康舒,25,10,15,群益金鼎-台中,2024-02-15,9184
6116,彩晶,33,20,13,群益金鼎-台中,2024-02-15,9184
5347,世界,13,0,13,群益金鼎-台中,2024-02-15,9184
2317,鴻海,14,2,12,群益金鼎-台中,2024-02-15,9184
00720B,元大投資級公司債,13,1,12,群益金鼎-台中,2024-02-15,9184
8028,昇陽半導體,12,0,12,群益金鼎-台中,2024-02-15,9184
2014,中鴻,12,0,12,群益金鼎-台中,2024-02-15,9184
00885,富邦越南,12,0,12,群益金鼎-台中,2024-02-15,9184
00904,新光臺灣半導體30,27,15,12,群益金鼎-台中,2024-02-15,9184
8936,國統,32,20,12,群益金鼎-台中,2024-02-15,9184
4714,永捷,66,55,11,群益金鼎-台中,2024-02-15,9184
00772B,中信高評級公司債,11,0,11,群益金鼎-台中,2024-02-15,9184
6015,宏遠證,10,0,10,群益金鼎-台中,2024-02-15,9184
2838,聯邦銀,10,0,10,群益金鼎-台中,2024-02-15,9184
2367,燿華,179,9,170,群益金鼎-台中,2024-02-16,9184
3024,憶聲,125,0,125,群益金鼎-台中,2024-02-16,9184
00795B,中信美國公債20年,107,0,107,群益金鼎-台中,2024-02-16,9184
020027,元大上櫃ESG成長N,140,40,100,群益金鼎-台中,2024-02-16,9184
00929,復華台灣科技優息,126,36,90,群益金鼎-台中,2024-02-16,9184
00679B,元大美債20年,92,7,85,群益金鼎-台中,2024-02-16,9184
00687B,國泰20年美債,82,0,82,群益金鼎-台中,2024-02-16,9184
00891,中信關鍵半導體,80,1,79,群益金鼎-台中,2024-02-16,9184
00688L,國泰20年美債正2,75,0,75,群益金鼎-台中,2024-02-16,9184
00933B,國泰10Y+金融債,69,2,67,群益金鼎-台中,2024-02-16,9184
2888,新光金,66,1,65,群益金鼎-台中,2024-02-16,9184
00937B,群益ESG投等債20,64,1,63,群益金鼎-台中,2024-02-16,9184
6016,康和證,60,0,60,群益金鼎-台中,2024-02-16,9184
1722,台肥,58,0,58,群益金鼎-台中,2024-02-16,9184
2891,中信金,105,51,54,群益金鼎-台中,2024-02-16,9184
00753L,中信中國50正2,125,80,45,群益金鼎-台中,2024-02-16,9184
00655L,國泰中國A50正2,47,4,43,群益金鼎-台中,2024-02-16,9184
2376,技嘉,58,21,37,群益金鼎-台中,2024-02-16,9184
00931B,統一美債20年,46,12,34,群益金鼎-台中,2024-02-16,9184
2609,陽明,43,13,30,群益金鼎-台中,2024-02-16,9184
1234,黑松,34,4,30,群益金鼎-台中,2024-02-16,9184
3321,同泰,30,0,30,群益金鼎-台中,2024-02-16,9184
00680L,元大美債20正2,33,5,28,群益金鼎-台中,2024-02-16,9184
1815,富喬,30,5,25,群益金鼎-台中,2024-02-16,9184
2374,佳能,25,0,25,群益金鼎-台中,2024-02-16,9184
3029,零壹,29,5,24,群益金鼎-台中,2024-02-16,9184
3047,訊舟,35,11,24,群益金鼎-台中,2024-02-16,9184
00632R,元大台灣50反1,103,80,23,群益金鼎-台中,2024-02-16,9184
2365,昆盈,66,43,23,群益金鼎-台中,2024-02-16,9184
00904,新光臺灣半導體30,25,3,22,群益金鼎-台中,2024-02-16,9184
3264,欣銓,23,1,22,群益金鼎-台中,2024-02-16,9184
00773B,中信優先金融債,21,0,21,群益金鼎-台中,2024-02-16,9184
00751B,元大AAA至A公司債,21,0,21,群益金鼎-台中,2024-02-16,9184
2511,太子,20,0,20,群益金鼎-台中,2024-02-16,9184
00648R,元大S＆P500反1,20,0,20,群益金鼎-台中,2024-02-16,9184
3044,健鼎,32,13,19,群益金鼎-台中,2024-02-16,9184
00673R,期元大S＆P原油反1,19,0,19,群益金鼎-台中,2024-02-16,9184
2313,華通,20,1,19,群益金鼎-台中,2024-02-16,9184
6125,廣運,42,23,19,群益金鼎-台中,2024-02-16,9184
00637L,元大滬深300正2,28,10,18,群益金鼎-台中,2024-02-16,9184
3450,聯鈞,33,15,18,群益金鼎-台中,2024-02-16,9184
2344,華邦電,47,30,17,群益金鼎-台中,2024-02-16,9184
8936,國統,26,10,16,群益金鼎-台中,2024-02-16,9184
2353,宏��,85,70,15,群益金鼎-台中,2024-02-16,9184
2382,廣達,67,51,16,群益金鼎-台中,2024-02-16,9184
2449,京元電子,18,4,14,群益金鼎-台中,2024-02-16,9184
1806,冠軍,14,0,14,群益金鼎-台中,2024-02-16,9184
2303,聯電,14,1,13,群益金鼎-台中,2024-02-16,9184
00696B,富邦美債20年,13,0,13,群益金鼎-台中,2024-02-16,9184
2884,玉山金,12,0,12,群益金鼎-台中,2024-02-16,9184
00937B,群益ESG投等債20,149,20,129,群益金鼎-台中,2024-02-19,9184
9904,寶成,124,0,124,群益金鼎-台中,2024-02-19,9184
00687B,國泰20年美債,109,10,99,群益金鼎-台中,2024-02-19,9184
2801,彰銀,56,6,50,群益金鼎-台中,2024-02-19,9184
2353,宏��,59,14,45,群益金鼎-台中,2024-02-19,9184
00637L,元大滬深300正2,73,33,40,群益金鼎-台中,2024-02-19,9184
00679B,元大美債20年,39,3,36,群益金鼎-台中,2024-02-19,9184
00688L,國泰20年美債正2,32,0,32,群益金鼎-台中,2024-02-19,9184
4402,郡都開發,30,0,30,群益金鼎-台中,2024-02-19,9184
3049,精金,30,0,30,群益金鼎-台中,2024-02-19,9184
1722,台肥,30,1,29,群益金鼎-台中,2024-02-19,9184
4711,永純,28,0,28,群益金鼎-台中,2024-02-19,9184
2376,技嘉,46,22,24,群益金鼎-台中,2024-02-19,9184
2382,廣達,48,25,23,群益金鼎-台中,2024-02-19,9184
3035,智原,43,20,23,群益金鼎-台中,2024-02-19,9184
1504,東元,26,5,21,群益金鼎-台中,2024-02-19,9184
3163,波若威,28,7,21,群益金鼎-台中,2024-02-19,9184
1513,中興電,63,43,20,群益金鼎-台中,2024-02-19,9184
4923,力士,20,0,20,群益金鼎-台中,2024-02-19,9184
4167,松瑞藥,21,1,20,群益金鼎-台中,2024-02-19,9184
00933B,國泰10Y+金融債,19,0,19,群益金鼎-台中,2024-02-19,9184
2317,鴻海,30,12,18,群益金鼎-台中,2024-02-19,9184
2324,仁寶,22,4,18,群益金鼎-台中,2024-02-19,9184
3264,欣銓,20,4,16,群益金鼎-台中,2024-02-19,9184
3032,偉訓,17,1,16,群益金鼎-台中,2024-02-19,9184
9908,大台北,15,0,15,群益金鼎-台中,2024-02-19,9184
3013,晟銘電,21,6,15,群益金鼎-台中,2024-02-19,9184
5355,佳總,15,0,15,群益金鼎-台中,2024-02-19,9184
6288,聯嘉,52,37,15,群益金鼎-台中,2024-02-19,9184
2303,聯電,15,0,15,群益金鼎-台中,2024-02-19,9184
00929,復華台灣科技優息,44,29,15,群益金鼎-台中,2024-02-19,9184
00720B,元大投資級公司債,33,20,13,群益金鼎-台中,2024-02-19,9184
1506,正道,13,0,13,群益金鼎-台中,2024-02-19,9184
2476,鉅祥,27,14,13,群益金鼎-台中,2024-02-19,9184
00878,國泰永續高股息,27,14,13,群益金鼎-台中,2024-02-19,9184
2609,陽明,17,5,12,群益金鼎-台中,2024-02-19,9184
1449,佳和,12,0,12,群益金鼎-台中,2024-02-19,9184
2888,新光金,15,3,12,群益金鼎-台中,2024-02-19,9184
1582,信錦,13,1,12,群益金鼎-台中,2024-02-19,9184
00712,復華富時不動產,12,0,12,群益金鼎-台中,2024-02-19,9184
00733,富邦臺灣中小,13,1,12,群益金鼎-台中,2024-02-19,9184
1447,力鵬,17,5,12,群益金鼎-台中,2024-02-19,9184
3217,優群,12,0,12,群益金鼎-台中,2024-02-19,9184
5426,振發,42,30,12,群益金鼎-台中,2024-02-19,9184
00751B,元大AAA至A公司債,11,0,11,群益金鼎-台中,2024-02-19,9184
2367,燿華,17,6,11,群益金鼎-台中,2024-02-19,9184
6585,鼎基,11,0,11,群益金鼎-台中,2024-02-19,9184
8096,擎亞,48,38,10,群益金鼎-台中,2024-02-19,9184
1522,堤維西,18,8,10,群益金鼎-台中,2024-02-19,9184
3663,鑫科,10,0,10,群益金鼎-台中,2024-02-19,9184
00929,復華台灣科技優息,362,53,309,群益金鼎-台中,2024-02-20,9184
3221,台嘉碩,92,2,90,群益金鼎-台中,2024-02-20,9184
00933B,國泰10Y+金融債,85,0,85,群益金鼎-台中,2024-02-20,9184
00679B,元大美債20年,66,6,60,群益金鼎-台中,2024-02-20,9184
00885,富邦越南,62,9,53,群益金鼎-台中,2024-02-20,9184
00931B,統一美債20年,51,0,51,群益金鼎-台中,2024-02-20,9184
00878,國泰永續高股息,60,10,50,群益金鼎-台中,2024-02-20,9184
2399,映泰,50,0,50,群益金鼎-台中,2024-02-20,9184
2892,第一金,50,0,50,群益金鼎-台中,2024-02-20,9184
2409,友達,50,3,47,群益金鼎-台中,2024-02-20,9184
6167,久正,40,0,40,群益金鼎-台中,2024-02-20,9184
1316,上曜,42,2,40,群益金鼎-台中,2024-02-20,9184
1722,台肥,35,0,35,群益金鼎-台中,2024-02-20,9184
4903,聯光通,35,0,35,群益金鼎-台中,2024-02-20,9184
2313,華通,55,20,35,群益金鼎-台中,2024-02-20,9184
00919,群益台灣精選高息,92,57,35,群益金鼎-台中,2024-02-20,9184
2610,華航,33,3,30,群益金鼎-台中,2024-02-20,9184
1460,宏遠,30,0,30,群益金鼎-台中,2024-02-20,9184
3038,全台,31,2,29,群益金鼎-台中,2024-02-20,9184
3264,欣銓,30,2,28,群益金鼎-台中,2024-02-20,9184
6257,矽格,30,2,28,群益金鼎-台中,2024-02-20,9184
4414,如興,26,0,26,群益金鼎-台中,2024-02-20,9184
2889,國票金,25,0,25,群益金鼎-台中,2024-02-20,9184
3035,智原,49,25,24,群益金鼎-台中,2024-02-20,9184
3041,揚智,160,138,22,群益金鼎-台中,2024-02-20,9184
00918,大華優利高填息30,22,0,22,群益金鼎-台中,2024-02-20,9184
3231,緯創,43,22,21,群益金鼎-台中,2024-02-20,9184
3712,永崴投控,48,28,20,群益金鼎-台中,2024-02-20,9184
00673R,期元大S＆P原油反1,19,0,19,群益金鼎-台中,2024-02-20,9184
6235,華孚,30,11,19,群益金鼎-台中,2024-02-20,9184
00632R,元大台灣50反1,42,25,17,群益金鼎-台中,2024-02-20,9184
1717,長興,24,7,17,群益金鼎-台中,2024-02-20,9184
4960,誠美材,17,0,17,群益金鼎-台中,2024-02-20,9184
5426,振發,47,30,17,群益金鼎-台中,2024-02-20,9184
1455,集盛,18,2,16,群益金鼎-台中,2024-02-20,9184
5347,世界,16,0,16,群益金鼎-台中,2024-02-20,9184
2201,裕隆,21,5,16,群益金鼎-台中,2024-02-20,9184
2915,潤泰全,35,20,15,群益金鼎-台中,2024-02-20,9184
8182,加高,15,0,15,群益金鼎-台中,2024-02-20,9184
4714,永捷,165,150,15,群益金鼎-台中,2024-02-20,9184
3321,同泰,34,19,15,群益金鼎-台中,2024-02-20,9184
00795B,中信美國公債20年,14,0,14,群益金鼎-台中,2024-02-20,9184
9105,泰金寶-DR,14,0,14,群益金鼎-台中,2024-02-20,9184
3260,威剛,13,0,13,群益金鼎-台中,2024-02-20,9184
2371,大同,17,4,13,群益金鼎-台中,2024-02-20,9184
00680L,元大美債20正2,13,0,13,群益金鼎-台中,2024-02-20,9184
6108,競國,16,4,12,群益金鼎-台中,2024-02-20,9184
00733,富邦臺灣中小,12,0,12,群益金鼎-台中,2024-02-20,9184
6695,芯鼎,20,8,12,群益金鼎-台中,2024-02-20,9184
2329,華泰,121,109,12,群益金鼎-台中,2024-02-20,9184
00937B,群益ESG投等債20,180,5,175,群益金鼎-台中,2024-02-21,9184
2609,陽明,106,15,91,群益金鼎-台中,2024-02-21,9184
00688L,國泰20年美債正2,76,0,76,群益金鼎-台中,2024-02-21,9184
2332,友訊,54,0,54,群益金鼎-台中,2024-02-21,9184
2883B,凱基金乙特,51,0,51,群益金鼎-台中,2024-02-21,9184
1326,台化,50,0,50,群益金鼎-台中,2024-02-21,9184
8064,東捷,81,35,46,群益金鼎-台中,2024-02-21,9184
00878,國泰永續高股息,51,6,45,群益金鼎-台中,2024-02-21,9184
020027,元大上櫃ESG成長N,40,0,40,群益金鼎-台中,2024-02-21,9184
1785,光洋科,42,3,39,群益金鼎-台中,2024-02-21,9184
00687B,國泰20年美債,45,10,35,群益金鼎-台中,2024-02-21,9184
1234,黑松,30,0,30,群益金鼎-台中,2024-02-21,9184
9105,泰金寶-DR,76,46,30,群益金鼎-台中,2024-02-21,9184
2476,鉅祥,33,4,29,群益金鼎-台中,2024-02-21,9184
3231,緯創,59,30,29,群益金鼎-台中,2024-02-21,9184
00929,復華台灣科技優息,47,19,28,群益金鼎-台中,2024-02-21,9184
3035,智原,51,23,28,群益金鼎-台中,2024-02-21,9184
2515,中工,33,10,23,群益金鼎-台中,2024-02-21,9184
6125,廣運,45,24,21,群益金鼎-台中,2024-02-21,9184
00696B,富邦美債20年,20,0,20,群益金鼎-台中,2024-02-21,9184
00935,野村臺灣新科技50,20,0,20,群益金鼎-台中,2024-02-21,9184
3535,晶彩科,23,3,20,群益金鼎-台中,2024-02-21,9184
2834,臺企銀,20,1,19,群益金鼎-台中,2024-02-21,9184
2882,國泰金,94,76,18,群益金鼎-台中,2024-02-21,9184
3689,湧德,22,4,18,群益金鼎-台中,2024-02-21,9184
00881,國泰台灣5G+,17,0,17,群益金鼎-台中,2024-02-21,9184
00679B,元大美債20年,16,0,16,群益金鼎-台中,2024-02-21,9184
6160,欣技,16,0,16,群益金鼎-台中,2024-02-21,9184
1514,亞力,47,31,16,群益金鼎-台中,2024-02-21,9184
3339,泰谷,21,6,15,群益金鼎-台中,2024-02-21,9184
6243,迅杰,15,0,15,群益金鼎-台中,2024-02-21,9184
5519,隆大,15,0,15,群益金鼎-台中,2024-02-21,9184
00712,復華富時不動產,14,0,14,群益金鼎-台中,2024-02-21,9184
3481,群創,149,136,13,群益金鼎-台中,2024-02-21,9184
2885,元大金,13,0,13,群益金鼎-台中,2024-02-21,9184
3234,光環,20,7,13,群益金鼎-台中,2024-02-21,9184
00933B,國泰10Y+金融債,13,0,13,群益金鼎-台中,2024-02-21,9184
5488,松普,13,1,12,群益金鼎-台中,2024-02-21,9184
3038,全台,12,0,12,群益金鼎-台中,2024-02-21,9184
2303,聯電,19,8,11,群益金鼎-台中,2024-02-21,9184
5426,振發,21,10,11,群益金鼎-台中,2024-02-21,9184
8477,創業家,10,0,10,群益金鼎-台中,2024-02-21,9184
8089,康全電訊,10,0,10,群益金鼎-台中,2024-02-21,9184
3526,凡甲,10,0,10,群益金鼎-台中,2024-02-21,9184
2367,燿華,11,1,10,群益金鼎-台中,2024-02-21,9184
3232,昱捷,10,0,10,群益金鼎-台中,2024-02-21,9184
3545,敦泰,23,14,9,群益金鼎-台中,2024-02-21,9184
5347,世界,12,3,9,群益金鼎-台中,2024-02-21,9184
6117,迎廣,16,7,9,群益金鼎-台中,2024-02-21,9184
6196,帆宣,10,1,9,群益金鼎-台中,2024-02-21,9184
00632R,元大台灣50反1,123,0,123,群益金鼎-台中,2024-02-22,9184
00687B,國泰20年美債,115,1,114,群益金鼎-台中,2024-02-22,9184
2883B,凱基金乙特,83,0,83,群益金鼎-台中,2024-02-22,9184
00922,國泰台灣領袖50,81,0,81,群益金鼎-台中,2024-02-22,9184
1326,台化,80,0,80,群益金鼎-台中,2024-02-22,9184
00680L,元大美債20正2,73,3,70,群益金鼎-台中,2024-02-22,9184
00679B,元大美債20年,68,0,68,群益金鼎-台中,2024-02-22,9184
00929,復華台灣科技優息,135,70,65,群益金鼎-台中,2024-02-22,9184
5328,華容,66,1,65,群益金鼎-台中,2024-02-22,9184
2618,長榮航,89,28,61,群益金鼎-台中,2024-02-22,9184
00933B,國泰10Y+金融債,58,0,58,群益金鼎-台中,2024-02-22,9184
00919,群益台灣精選高息,106,56,50,群益金鼎-台中,2024-02-22,9184
2329,華泰,162,125,37,群益金鼎-台中,2024-02-22,9184
3339,泰谷,50,14,36,群益金鼎-台中,2024-02-22,9184
2489,瑞軒,60,25,35,群益金鼎-台中,2024-02-22,9184
00712,復華富時不動產,33,0,33,群益金鼎-台中,2024-02-22,9184
3231,緯創,44,11,33,群益金鼎-台中,2024-02-22,9184
3576,聯合再生,32,0,32,群益金鼎-台中,2024-02-22,9184
2367,燿華,77,45,32,群益金鼎-台中,2024-02-22,9184
4979,華星光,34,3,31,群益金鼎-台中,2024-02-22,9184
3162,精確,30,0,30,群益金鼎-台中,2024-02-22,9184
2371,大同,57,29,28,群益金鼎-台中,2024-02-22,9184
00673R,期元大S＆P原油反1,28,0,28,群益金鼎-台中,2024-02-22,9184
4714,永捷,32,6,26,群益金鼎-台中,2024-02-22,9184
2417,圓剛,27,2,25,群益金鼎-台中,2024-02-22,9184
3013,晟銘電,58,36,22,群益金鼎-台中,2024-02-22,9184
1314,中石化,21,0,21,群益金鼎-台中,2024-02-22,9184
2610,華航,20,0,20,群益金鼎-台中,2024-02-22,9184
8064,東捷,23,3,20,群益金鼎-台中,2024-02-22,9184
6126,信音,80,60,20,群益金鼎-台中,2024-02-22,9184
2834,臺企銀,20,0,20,群益金鼎-台中,2024-02-22,9184
2369,菱生,29,10,19,群益金鼎-台中,2024-02-22,9184
3044,健鼎,20,2,18,群益金鼎-台中,2024-02-22,9184
00655L,國泰中國A50正2,20,2,18,群益金鼎-台中,2024-02-22,9184
6164,華興,16,0,16,群益金鼎-台中,2024-02-22,9184
00937B,群益ESG投等債20,50,35,15,群益金鼎-台中,2024-02-22,9184
5443,均豪,52,37,15,群益金鼎-台中,2024-02-22,9184
8182,加高,52,37,15,群益金鼎-台中,2024-02-22,9184
2915,潤泰全,20,5,15,群益金鼎-台中,2024-02-22,9184
00753L,中信中國50正2,15,0,15,群益金鼎-台中,2024-02-22,9184
2388,威盛,16,2,14,群益金鼎-台中,2024-02-22,9184
6223,旺矽,23,9,14,群益金鼎-台中,2024-02-22,9184
3535,晶彩科,13,0,13,群益金鼎-台中,2024-02-22,9184
00772B,中信高評級公司債,12,0,12,群益金鼎-台中,2024-02-22,9184
2332,友訊,12,0,12,群益金鼎-台中,2024-02-22,9184
9904,寶成,36,25,11,群益金鼎-台中,2024-02-22,9184
6179,亞通,12,1,11,群益金鼎-台中,2024-02-22,9184
00878,國泰永續高股息,20,9,11,群益金鼎-台中,2024-02-22,9184
8150,南茂,11,0,11,群益金鼎-台中,2024-02-22,9184
6415,矽力*-KY,14,3,11,群益金鼎-台中,2024-02-22,9184
00632R,元大台灣50反1,144,8,136,群益金鼎-台中,2024-02-23,9184
2882,國泰金,129,0,129,群益金鼎-台中,2024-02-23,9184
5328,華容,122,0,122,群益金鼎-台中,2024-02-23,9184
1722,台肥,101,5,96,群益金鼎-台中,2024-02-23,9184
00671R,富邦NASDAQ反1,90,0,90,群益金鼎-台中,2024-02-23,9184
2834,臺企銀,80,0,80,群益金鼎-台中,2024-02-23,9184
2618,長榮航,122,44,78,群益金鼎-台中,2024-02-23,9184
4526,東台,50,0,50,群益金鼎-台中,2024-02-23,9184
2883B,凱基金乙特,50,0,50,群益金鼎-台中,2024-02-23,9184
3576,聯合再生,51,2,49,群益金鼎-台中,2024-02-23,9184
00933B,國泰10Y+金融債,44,0,44,群益金鼎-台中,2024-02-23,9184
8064,東捷,112,68,44,群益金鼎-台中,2024-02-23,9184
00878,國泰永續高股息,57,13,44,群益金鼎-台中,2024-02-23,9184
00648R,元大S＆P500反1,40,0,40,群益金鼎-台中,2024-02-23,9184
2457,飛宏,40,0,40,群益金鼎-台中,2024-02-23,9184
6223,旺矽,39,0,39,群益金鼎-台中,2024-02-23,9184
2610,華航,44,8,36,群益金鼎-台中,2024-02-23,9184
2915,潤泰全,30,0,30,群益金鼎-台中,2024-02-23,9184
00669R,國泰美國道瓊反1,30,0,30,群益金鼎-台中,2024-02-23,9184
6613,朋億*,32,2,30,群益金鼎-台中,2024-02-23,9184
3264,欣銓,52,23,29,群益金鼎-台中,2024-02-23,9184
00680L,元大美債20正2,44,15,29,群益金鼎-台中,2024-02-23,9184
2486,一詮,29,1,28,群益金鼎-台中,2024-02-23,9184
2888,新光金,26,0,26,群益金鼎-台中,2024-02-23,9184
3481,群創,37,11,26,群益金鼎-台中,2024-02-23,9184
3041,揚智,33,9,24,群益金鼎-台中,2024-02-23,9184
020027,元大上櫃ESG成長N,80,60,20,群益金鼎-台中,2024-02-23,9184
020039,元大加權N,20,0,20,群益金鼎-台中,2024-02-23,9184
00687B,國泰20年美債,34,15,19,群益金鼎-台中,2024-02-23,9184
1536,和大,20,1,19,群益金鼎-台中,2024-02-23,9184
4533,協易機,18,0,18,群益金鼎-台中,2024-02-23,9184
00650L,復華香港正2,20,3,17,群益金鼎-台中,2024-02-23,9184
2417,圓剛,17,0,17,群益金鼎-台中,2024-02-23,9184
6285,啟��,26,9,17,群益金鼎-台中,2024-02-23,9184
6189,豐藝,50,34,16,群益金鼎-台中,2024-02-23,9184
00679B,元大美債20年,16,2,14,群益金鼎-台中,2024-02-23,9184
6415,矽力*-KY,13,0,13,群益金鼎-台中,2024-02-23,9184
3535,晶彩科,44,31,13,群益金鼎-台中,2024-02-23,9184
2303,聯電,13,0,13,群益金鼎-台中,2024-02-23,9184
2408,南亞科,12,0,12,群益金鼎-台中,2024-02-23,9184
8092,建暐,11,0,11,群益金鼎-台中,2024-02-23,9184
4979,華星光,22,12,10,群益金鼎-台中,2024-02-23,9184
8215,明基材,10,0,10,群益金鼎-台中,2024-02-23,9184
6185,幃翔,11,1,10,群益金鼎-台中,2024-02-23,9184
5876,上海商銀,10,0,10,群益金鼎-台中,2024-02-23,9184
4729,熒茂,15,5,10,群益金鼎-台中,2024-02-23,9184
8261,富鼎,10,0,10,群益金鼎-台中,2024-02-23,9184
020020,元大台股領航N,10,0,10,群益金鼎-台中,2024-02-23,9184
00877,復華中國5G,10,0,10,群益金鼎-台中,2024-02-23,9184
2884,玉山金,10,0,10,群益金鼎-台中,2024-02-23,9184
00878,國泰永續高股息,552,4,548,群益金鼎-台中,2024-02-26,9184
00933B,國泰10Y+金融債,140,4,136,群益金鼎-台中,2024-02-26,9184
00919,群益台灣精選高息,137,12,125,群益金鼎-台中,2024-02-26,9184
1722,台肥,123,0,123,群益金鼎-台中,2024-02-26,9184
00642U,期元大S＆P石油,100,5,95,群益金鼎-台中,2024-02-26,9184
00929,復華台灣科技優息,117,53,64,群益金鼎-台中,2024-02-26,9184
2369,菱生,62,2,60,群益金鼎-台中,2024-02-26,9184
6167,久正,61,1,60,群益金鼎-台中,2024-02-26,9184
2303,聯電,63,5,58,群益金鼎-台中,2024-02-26,9184
2801,彰銀,50,0,50,群益金鼎-台中,2024-02-26,9184
00918,大華優利高填息30,68,20,48,群益金鼎-台中,2024-02-26,9184
1514,亞力,94,48,46,群益金鼎-台中,2024-02-26,9184
00632R,元大台灣50反1,45,0,45,群益金鼎-台中,2024-02-26,9184
2438,翔耀,41,0,41,群益金鼎-台中,2024-02-26,9184
2883B,凱基金乙特,40,0,40,群益金鼎-台中,2024-02-26,9184
00851,台新全球AI,40,0,40,群益金鼎-台中,2024-02-26,9184
00637L,元大滬深300正2,42,3,39,群益金鼎-台中,2024-02-26,9184
00650L,復華香港正2,38,0,38,群益金鼎-台中,2024-02-26,9184
6141,柏承,36,0,36,群益金鼎-台中,2024-02-26,9184
1717,長興,48,13,35,群益金鼎-台中,2024-02-26,9184
00655L,國泰中國A50正2,31,0,31,群益金鼎-台中,2024-02-26,9184
00937B,群益ESG投等債20,157,126,31,群益金鼎-台中,2024-02-26,9184
3071,協禧,25,0,25,群益金鼎-台中,2024-02-26,9184
2355,敬鵬,28,5,23,群益金鼎-台中,2024-02-26,9184
00931B,統一美債20年,23,1,22,群益金鼎-台中,2024-02-26,9184
1471,首利,21,0,21,群益金鼎-台中,2024-02-26,9184
00770,國泰北美科技,20,0,20,群益金鼎-台中,2024-02-26,9184
6425,易發,20,0,20,群益金鼎-台中,2024-02-26,9184
3321,同泰,22,2,20,群益金鼎-台中,2024-02-26,9184
6532,瑞耘,22,3,19,群益金鼎-台中,2024-02-26,9184
8040,九暘,58,40,18,群益金鼎-台中,2024-02-26,9184
2610,華航,19,1,18,群益金鼎-台中,2024-02-26,9184
00636,國泰中國A50,17,0,17,群益金鼎-台中,2024-02-26,9184
2363,矽統,36,20,16,群益金鼎-台中,2024-02-26,9184
1503,士電,82,66,16,群益金鼎-台中,2024-02-26,9184
3437,榮創,27,12,15,群益金鼎-台中,2024-02-26,9184
2305,全友,20,6,14,群益金鼎-台中,2024-02-26,9184
00882,中信中國高股息,15,1,14,群益金鼎-台中,2024-02-26,9184
5351,鈺創,21,7,14,群益金鼎-台中,2024-02-26,9184
1524,耿鼎,14,0,14,群益金鼎-台中,2024-02-26,9184
2449,京元電子,14,2,12,群益金鼎-台中,2024-02-26,9184
1709,和益,12,0,12,群益金鼎-台中,2024-02-26,9184
2530,華建,12,0,12,群益金鼎-台中,2024-02-26,9184
2457,飛宏,13,1,12,群益金鼎-台中,2024-02-26,9184
2392,正崴,12,1,11,群益金鼎-台中,2024-02-26,9184
1618,合機,11,0,11,群益金鼎-台中,2024-02-26,9184
6223,旺矽,11,0,11,群益金鼎-台中,2024-02-26,9184
2476,鉅祥,22,11,11,群益金鼎-台中,2024-02-26,9184
2812,台中銀,28,17,11,群益金鼎-台中,2024-02-26,9184
3708,上緯投控,17,6,11,群益金鼎-台中,2024-02-26,9184
00878,國泰永續高股息,252,11,241,群益金鼎-台中,2024-02-27,9184
00919,群益台灣精選高息,239,48,191,群益金鼎-台中,2024-02-27,9184
00937B,群益ESG投等債20,255,90,165,群益金鼎-台中,2024-02-27,9184
2883,凱基金,128,0,128,群益金鼎-台中,2024-02-27,9184
6125,廣運,165,84,81,群益金鼎-台中,2024-02-27,9184
00933B,國泰10Y+金融債,76,0,76,群益金鼎-台中,2024-02-27,9184
8096,擎亞,193,134,59,群益金鼎-台中,2024-02-27,9184
00891,中信關鍵半導體,49,1,48,群益金鼎-台中,2024-02-27,9184
00929,復華台灣科技優息,241,193,48,群益金鼎-台中,2024-02-27,9184
2610,華航,46,4,42,群益金鼎-台中,2024-02-27,9184
2303,聯電,47,6,41,群益金鼎-台中,2024-02-27,9184
6770,力積電,42,2,40,群益金鼎-台中,2024-02-27,9184
3450,聯鈞,56,22,34,群益金鼎-台中,2024-02-27,9184
1722,台肥,61,28,33,群益金鼎-台中,2024-02-27,9184
1711,永光,69,38,31,群益金鼎-台中,2024-02-27,9184
2409,友達,90,62,28,群益金鼎-台中,2024-02-27,9184
00923,群益台ESG低碳50,26,0,26,群益金鼎-台中,2024-02-27,9184
00690,兆豐藍籌30,25,0,25,群益金鼎-台中,2024-02-27,9184
00795B,中信美國公債20年,23,0,23,群益金鼎-台中,2024-02-27,9184
00751B,元大AAA至A公司債,23,0,23,群益金鼎-台中,2024-02-27,9184
4979,華星光,45,24,21,群益金鼎-台中,2024-02-27,9184
3390,旭軟,53,32,21,群益金鼎-台中,2024-02-27,9184
020027,元大上櫃ESG成長N,120,100,20,群益金鼎-台中,2024-02-27,9184
3162,精確,20,0,20,群益金鼎-台中,2024-02-27,9184
2883B,凱基金乙特,20,0,20,群益金鼎-台中,2024-02-27,9184
5512,力麒,18,0,18,群益金鼎-台中,2024-02-27,9184
2301,光寶科,43,26,17,群益金鼎-台中,2024-02-27,9184
3481,群創,48,31,17,群益金鼎-台中,2024-02-27,9184
5347,世界,18,1,17,群益金鼎-台中,2024-02-27,9184
1717,長興,40,24,16,群益金鼎-台中,2024-02-27,9184
00673R,期元大S＆P原油反1,16,0,16,群益金鼎-台中,2024-02-27,9184
00720B,元大投資級公司債,16,0,16,群益金鼎-台中,2024-02-27,9184
00882,中信中國高股息,16,0,16,群益金鼎-台中,2024-02-27,9184
6288,聯嘉,27,11,16,群益金鼎-台中,2024-02-27,9184
3516,亞帝歐,16,1,15,群益金鼎-台中,2024-02-27,9184
00764B,群益25年美債,15,0,15,群益金鼎-台中,2024-02-27,9184
3029,零壹,15,0,15,群益金鼎-台中,2024-02-27,9184
6257,矽格,20,6,14,群益金鼎-台中,2024-02-27,9184
2476,鉅祥,43,29,14,群益金鼎-台中,2024-02-27,9184
5351,鈺創,38,24,14,群益金鼎-台中,2024-02-27,9184
9945,潤泰新,15,2,13,群益金鼎-台中,2024-02-27,9184
6126,信音,41,28,13,群益金鼎-台中,2024-02-27,9184
3041,揚智,31,18,13,群益金鼎-台中,2024-02-27,9184
4303,信立,30,17,13,群益金鼎-台中,2024-02-27,9184
2363,矽統,54,41,13,群益金鼎-台中,2024-02-27,9184
2337,旺宏,13,1,12,群益金鼎-台中,2024-02-27,9184
4714,永捷,12,0,12,群益金鼎-台中,2024-02-27,9184
6167,久正,278,266,12,群益金鼎-台中,2024-02-27,9184
2382,廣達,28,16,12,群益金鼎-台中,2024-02-27,9184
1513,中興電,61,49,12,群益金鼎-台中,2024-02-27,9184
00937B,群益ESG投等債20,203,1,202,群益金鼎-台中,2024-02-29,9184
3024,憶聲,85,0,85,群益金鼎-台中,2024-02-29,9184
00919,群益台灣精選高息,99,24,75,群益金鼎-台中,2024-02-29,9184
1234,黑松,68,0,68,群益金鼎-台中,2024-02-29,9184
00929,復華台灣科技優息,81,14,67,群益金鼎-台中,2024-02-29,9184
2888,新光金,60,3,57,群益金鼎-台中,2024-02-29,9184
2438,翔耀,70,14,56,群益金鼎-台中,2024-02-29,9184
00632R,元大台灣50反1,104,51,53,群益金鼎-台中,2024-02-29,9184
4714,永捷,50,0,50,群益金鼎-台中,2024-02-29,9184
5512,力麒,50,0,50,群益金鼎-台中,2024-02-29,9184
00933B,國泰10Y+金融債,47,2,45,群益金鼎-台中,2024-02-29,9184
6167,久正,60,18,42,群益金鼎-台中,2024-02-29,9184
6288,聯嘉,66,30,36,群益金鼎-台中,2024-02-29,9184
2436,偉詮電,38,3,35,群益金鼎-台中,2024-02-29,9184
00688L,國泰20年美債正2,35,0,35,群益金鼎-台中,2024-02-29,9184
6147,頎邦,30,0,30,群益金鼎-台中,2024-02-29,9184
1815,富喬,96,67,29,群益金鼎-台中,2024-02-29,9184
00931B,統一美債20年,33,4,29,群益金鼎-台中,2024-02-29,9184
2884,玉山金,42,14,28,群益金鼎-台中,2024-02-29,9184
2460,建通,37,10,27,群益金鼎-台中,2024-02-29,9184
2002,中鋼,26,1,25,群益金鼎-台中,2024-02-29,9184
2534,宏盛,25,0,25,群益金鼎-台中,2024-02-29,9184
6282,康舒,29,6,23,群益金鼎-台中,2024-02-29,9184
2511,太子,22,0,22,群益金鼎-台中,2024-02-29,9184
00751B,元大AAA至A公司債,21,0,21,群益金鼎-台中,2024-02-29,9184
2605,新興,160,140,20,群益金鼎-台中,2024-02-29,9184
00772B,中信高評級公司債,19,0,19,群益金鼎-台中,2024-02-29,9184
2371,大同,61,44,17,群益金鼎-台中,2024-02-29,9184
3013,晟銘電,22,5,17,群益金鼎-台中,2024-02-29,9184
2025,千興,18,1,17,群益金鼎-台中,2024-02-29,9184
00764B,群益25年美債,15,0,15,群益金鼎-台中,2024-02-29,9184
3363,上詮,72,58,14,群益金鼎-台中,2024-02-29,9184
00687B,國泰20年美債,29,15,14,群益金鼎-台中,2024-02-29,9184
5452,佶優,56,42,14,群益金鼎-台中,2024-02-29,9184
00795B,中信美國公債20年,14,0,14,群益金鼎-台中,2024-02-29,9184
1418,東華,14,0,14,群益金鼎-台中,2024-02-29,9184
2834,臺企銀,20,6,14,群益金鼎-台中,2024-02-29,9184
2353,宏��,22,9,13,群益金鼎-台中,2024-02-29,9184
5347,世界,13,0,13,群益金鼎-台中,2024-02-29,9184
2634,漢翔,15,2,13,群益金鼎-台中,2024-02-29,9184
2301,光寶科,13,0,13,群益金鼎-台中,2024-02-29,9184
2376,技嘉,48,35,13,群益金鼎-台中,2024-02-29,9184
3706,神達,12,0,12,群益金鼎-台中,2024-02-29,9184
2329,華泰,67,55,12,群益金鼎-台中,2024-02-29,9184
2405,輔信,16,5,11,群益金鼎-台中,2024-02-29,9184
00680L,元大美債20正2,11,0,11,群益金鼎-台中,2024-02-29,9184
6901,鑽石投資,16,5,11,群益金鼎-台中,2024-02-29,9184
3217,優群,12,1,11,群益金鼎-台中,2024-02-29,9184
3437,榮創,11,0,11,群益金鼎-台中,2024-02-29,9184
3017,奇鋐,35,24,11,群益金鼎-台中,2024-02-29,9184
00937B,群益ESG投等債20,586,3,583,群益金鼎-台中,2024-03-01,9184
00919,群益台灣精選高息,504,110,394,群益金鼎-台中,2024-03-01,9184
00918,大華優利高填息30,143,5,138,群益金鼎-台中,2024-03-01,9184
00929,復華台灣科技優息,122,17,105,群益金鼎-台中,2024-03-01,9184
00737,國泰AI+Robo,100,0,100,群益金鼎-台中,2024-03-01,9184
00688L,國泰20年美債正2,100,0,100,群益金鼎-台中,2024-03-01,9184
00642U,期元大S＆P石油,100,0,100,群益金鼎-台中,2024-03-01,9184
00903,富邦元宇宙,100,4,96,群益金鼎-台中,2024-03-01,9184
6125,廣運,134,62,72,群益金鼎-台中,2024-03-01,9184
3029,零壹,72,7,65,群益金鼎-台中,2024-03-01,9184
6141,柏承,60,0,60,群益金鼎-台中,2024-03-01,9184
8050,廣積,51,0,51,群益金鼎-台中,2024-03-01,9184
1326,台化,47,0,47,群益金鼎-台中,2024-03-01,9184
2025,千興,46,0,46,群益金鼎-台中,2024-03-01,9184
00687B,國泰20年美債,46,4,42,群益金鼎-台中,2024-03-01,9184
6185,幃翔,40,0,40,群益金鼎-台中,2024-03-01,9184
00885,富邦越南,40,3,37,群益金鼎-台中,2024-03-01,9184
2020,美亞,38,3,35,群益金鼎-台中,2024-03-01,9184
3324,雙鴻,48,17,31,群益金鼎-台中,2024-03-01,9184
1609,大亞,55,24,31,群益金鼎-台中,2024-03-01,9184
2609,陽明,34,4,30,群益金鼎-台中,2024-03-01,9184
1905,華紙,30,0,30,群益金鼎-台中,2024-03-01,9184
00931B,統一美債20年,30,0,30,群益金鼎-台中,2024-03-01,9184
6150,撼訊,54,24,30,群益金鼎-台中,2024-03-01,9184
1316,上曜,86,56,30,群益金鼎-台中,2024-03-01,9184
1514,亞力,142,114,28,群益金鼎-台中,2024-03-01,9184
2618,長榮航,35,7,28,群益金鼎-台中,2024-03-01,9184
4533,協易機,40,15,25,群益金鼎-台中,2024-03-01,9184
1815,富喬,28,3,25,群益金鼎-台中,2024-03-01,9184
00772B,中信高評級公司債,33,10,23,群益金鼎-台中,2024-03-01,9184
6257,矽格,23,2,21,群益金鼎-台中,2024-03-01,9184
00665L,富邦�琤肭磪囓�2,45,25,20,群益金鼎-台中,2024-03-01,9184
1722,台肥,20,0,20,群益金鼎-台中,2024-03-01,9184
00712,復華富時不動產,23,3,20,群益金鼎-台中,2024-03-01,9184
2867,三商壽,20,0,20,群益金鼎-台中,2024-03-01,9184
6282,康舒,22,2,20,群益金鼎-台中,2024-03-01,9184
2369,菱生,29,10,19,群益金鼎-台中,2024-03-01,9184
8011,台通,19,0,19,群益金鼎-台中,2024-03-01,9184
1907,永豐餘,19,0,19,群益金鼎-台中,2024-03-01,9184
2313,華通,29,11,18,群益金鼎-台中,2024-03-01,9184
2330,台積電,19,1,18,群益金鼎-台中,2024-03-01,9184
6733,博晟生醫,18,0,18,群益金鼎-台中,2024-03-01,9184
6288,聯嘉,31,13,18,群益金鼎-台中,2024-03-01,9184
3605,宏致,21,4,17,群益金鼎-台中,2024-03-01,9184
6127,九豪,23,7,16,群益金鼎-台中,2024-03-01,9184
2610,華航,18,2,16,群益金鼎-台中,2024-03-01,9184
00751B,元大AAA至A公司債,15,0,15,群益金鼎-台中,2024-03-01,9184
1513,中興電,83,68,15,群益金鼎-台中,2024-03-01,9184
00923,群益台ESG低碳50,15,1,14,群益金鼎-台中,2024-03-01,9184
1618,合機,28,14,14,群益金鼎-台中,2024-03-01,9184
00632R,元大台灣50反1,388,13,375,群益金鼎-台中,2024-03-04,9184
00919,群益台灣精選高息,216,23,193,群益金鼎-台中,2024-03-04,9184
00937B,群益ESG投等債20,186,27,159,群益金鼎-台中,2024-03-04,9184
1326,台化,99,0,99,群益金鼎-台中,2024-03-04,9184
3029,零壹,91,0,91,群益金鼎-台中,2024-03-04,9184
00671R,富邦NASDAQ反1,70,0,70,群益金鼎-台中,2024-03-04,9184
00918,大華優利高填息30,67,3,64,群益金鼎-台中,2024-03-04,9184
2880,華南金,54,0,54,群益金鼎-台中,2024-03-04,9184
2610,華航,49,2,47,群益金鼎-台中,2024-03-04,9184
00752,中信中國50,46,0,46,群益金鼎-台中,2024-03-04,9184
2417,圓剛,43,7,36,群益金鼎-台中,2024-03-04,9184
2883B,凱基金乙特,30,0,30,群益金鼎-台中,2024-03-04,9184
00878,國泰永續高股息,31,2,29,群益金鼎-台中,2024-03-04,9184
6125,廣運,66,37,29,群益金鼎-台中,2024-03-04,9184
1717,長興,30,1,29,群益金鼎-台中,2024-03-04,9184
2002,中鋼,28,1,27,群益金鼎-台中,2024-03-04,9184
6139,亞翔,54,27,27,群益金鼎-台中,2024-03-04,9184
00687B,國泰20年美債,41,14,27,群益金鼎-台中,2024-03-04,9184
00673R,期元大S＆P原油反1,26,0,26,群益金鼎-台中,2024-03-04,9184
00720B,元大投資級公司債,25,0,25,群益金鼎-台中,2024-03-04,9184
00648R,元大S＆P500反1,25,0,25,群益金鼎-台中,2024-03-04,9184
2834,臺企銀,23,0,23,群益金鼎-台中,2024-03-04,9184
1303,南亞,23,1,22,群益金鼎-台中,2024-03-04,9184
1514,亞力,58,37,21,群益金鼎-台中,2024-03-04,9184
4960,誠美材,20,0,20,群益金鼎-台中,2024-03-04,9184
00679B,元大美債20年,20,0,20,群益金鼎-台中,2024-03-04,9184
00696B,富邦美債20年,20,0,20,群益金鼎-台中,2024-03-04,9184
4979,華星光,62,42,20,群益金鼎-台中,2024-03-04,9184
2329,華泰,63,45,18,群益金鼎-台中,2024-03-04,9184
3047,訊舟,22,4,18,群益金鼎-台中,2024-03-04,9184
6218,豪勉,20,2,18,群益金鼎-台中,2024-03-04,9184
1609,大亞,24,6,18,群益金鼎-台中,2024-03-04,9184
1301,台塑,17,0,17,群益金鼎-台中,2024-03-04,9184
00636,國泰中國A50,16,0,16,群益金鼎-台中,2024-03-04,9184
4968,立積,30,15,15,群益金鼎-台中,2024-03-04,9184
1101,台泥,16,1,15,群益金鼎-台中,2024-03-04,9184
6015,宏遠證,15,0,15,群益金鼎-台中,2024-03-04,9184
2881,富邦金,15,0,15,群益金鼎-台中,2024-03-04,9184
1785,光洋科,15,1,14,群益金鼎-台中,2024-03-04,9184
6235,華孚,14,0,14,群益金鼎-台中,2024-03-04,9184
1513,中興電,41,28,13,群益金鼎-台中,2024-03-04,9184
3005,神基,18,6,12,群益金鼎-台中,2024-03-04,9184
3380,明泰,15,3,12,群益金鼎-台中,2024-03-04,9184
00712,復華富時不動產,12,0,12,群益金鼎-台中,2024-03-04,9184
3294,英濟,12,0,12,群益金鼎-台中,2024-03-04,9184
2530,華建,11,0,11,群益金鼎-台中,2024-03-04,9184
00915,凱基優選高股息30,18,7,11,群益金鼎-台中,2024-03-04,9184
2489,瑞軒,13,2,11,群益金鼎-台中,2024-03-04,9184
6712,長聖,15,4,11,群益金鼎-台中,2024-03-04,9184
2356,英業達,16,6,10,群益金鼎-台中,2024-03-04,9184
00919,群益台灣精選高息,670,35,635,群益金鼎-台中,2024-03-05,9184
00665L,富邦�琤肭磪囓�2,140,0,140,群益金鼎-台中,2024-03-05,9184
1409,新纖,145,29,116,群益金鼎-台中,2024-03-05,9184
00929,復華台灣科技優息,142,46,96,群益金鼎-台中,2024-03-05,9184
00915,凱基優選高股息30,100,5,95,群益金鼎-台中,2024-03-05,9184
00752,中信中國50,85,8,77,群益金鼎-台中,2024-03-05,9184
4906,正文,202,126,76,群益金鼎-台中,2024-03-05,9184
3645,達邁,49,6,43,群益金鼎-台中,2024-03-05,9184
6770,力積電,48,5,43,群益金鼎-台中,2024-03-05,9184
1722,台肥,85,46,39,群益金鼎-台中,2024-03-05,9184
00937B,群益ESG投等債20,52,13,39,群益金鼎-台中,2024-03-05,9184
2376,技嘉,79,44,35,群益金鼎-台中,2024-03-05,9184
6141,柏承,35,0,35,群益金鼎-台中,2024-03-05,9184
3360,尚立,32,2,30,群益金鼎-台中,2024-03-05,9184
00712,復華富時不動產,24,0,24,群益金鼎-台中,2024-03-05,9184
6143,振曜,58,37,21,群益金鼎-台中,2024-03-05,9184
2356,英業達,25,4,21,群益金鼎-台中,2024-03-05,9184
6282,康舒,22,1,21,群益金鼎-台中,2024-03-05,9184
00679B,元大美債20年,26,6,20,群益金鼎-台中,2024-03-05,9184
2002,中鋼,32,12,20,群益金鼎-台中,2024-03-05,9184
1586,和勤,20,0,20,群益金鼎-台中,2024-03-05,9184
020039,元大加權N,20,0,20,群益金鼎-台中,2024-03-05,9184
3024,憶聲,20,0,20,群益金鼎-台中,2024-03-05,9184
3380,明泰,20,0,20,群益金鼎-台中,2024-03-05,9184
00753L,中信中國50正2,20,1,19,群益金鼎-台中,2024-03-05,9184
8110,華東,20,1,19,群益金鼎-台中,2024-03-05,9184
1907,永豐餘,29,10,19,群益金鼎-台中,2024-03-05,9184
2317,鴻海,56,38,18,群益金鼎-台中,2024-03-05,9184
9105,泰金寶-DR,25,7,18,群益金鼎-台中,2024-03-05,9184
6591,動力-KY,27,10,17,群益金鼎-台中,2024-03-05,9184
5511,德昌,18,1,17,群益金鼎-台中,2024-03-05,9184
3029,零壹,16,0,16,群益金鼎-台中,2024-03-05,9184
1474,弘裕,17,1,16,群益金鼎-台中,2024-03-05,9184
2316,楠梓電,40,24,16,群益金鼎-台中,2024-03-05,9184
8926,台汽電,18,2,16,群益金鼎-台中,2024-03-05,9184
00918,大華優利高填息30,21,5,16,群益金鼎-台中,2024-03-05,9184
3294,英濟,16,0,16,群益金鼎-台中,2024-03-05,9184
3372,典範,43,27,16,群益金鼎-台中,2024-03-05,9184
00904,新光臺灣半導體30,15,0,15,群益金鼎-台中,2024-03-05,9184
4979,華星光,17,2,15,群益金鼎-台中,2024-03-05,9184
2880,華南金,15,0,15,群益金鼎-台中,2024-03-05,9184
3105,穩懋,17,3,14,群益金鼎-台中,2024-03-05,9184
2022,聚亨,14,0,14,群益金鼎-台中,2024-03-05,9184
2543,皇昌,18,4,14,群益金鼎-台中,2024-03-05,9184
2374,佳能,14,0,14,群益金鼎-台中,2024-03-05,9184
3481,群創,48,34,14,群益金鼎-台中,2024-03-05,9184
8064,東捷,42,29,13,群益金鼎-台中,2024-03-05,9184
2457,飛宏,57,44,13,群益金鼎-台中,2024-03-05,9184
2486,一詮,15,3,12,群益金鼎-台中,2024-03-05,9184
3035,智原,30,18,12,群益金鼎-台中,2024-03-05,9184
00919,群益台灣精選高息,167,29,138,群益金鼎-台中,2024-03-06,9184
00918,大華優利高填息30,135,0,135,群益金鼎-台中,2024-03-06,9184
6125,廣運,193,82,111,群益金鼎-台中,2024-03-06,9184
2812,台中銀,103,0,103,群益金鼎-台中,2024-03-06,9184
1802,台玻,100,0,100,群益金鼎-台中,2024-03-06,9184
00937B,群益ESG投等債20,118,20,98,群益金鼎-台中,2024-03-06,9184
00933B,國泰10Y+金融債,94,9,85,群益金鼎-台中,2024-03-06,9184
3021,鴻名,84,0,84,群益金鼎-台中,2024-03-06,9184
1326,台化,75,1,74,群益金鼎-台中,2024-03-06,9184
2405,輔信,65,11,54,群益金鼎-台中,2024-03-06,9184
3029,零壹,60,15,45,群益金鼎-台中,2024-03-06,9184
2530,華建,40,0,40,群益金鼎-台中,2024-03-06,9184
00915,凱基優選高股息30,39,0,39,群益金鼎-台中,2024-03-06,9184
00679B,元大美債20年,49,11,38,群益金鼎-台中,2024-03-06,9184
2352,佳世達,100,63,37,群益金鼎-台中,2024-03-06,9184
6179,亞通,39,2,37,群益金鼎-台中,2024-03-06,9184
00929,復華台灣科技優息,80,47,33,群益金鼎-台中,2024-03-06,9184
4109,加捷生醫,23,0,23,群益金鼎-台中,2024-03-06,9184
2313,華通,42,20,22,群益金鼎-台中,2024-03-06,9184
020027,元大上櫃ESG成長N,20,0,20,群益金鼎-台中,2024-03-06,9184
2605,新興,18,0,18,群益金鼎-台中,2024-03-06,9184
6233,旺玖,25,8,17,群益金鼎-台中,2024-03-06,9184
3312,弘憶股,30,14,16,群益金鼎-台中,2024-03-06,9184
3481,群創,48,32,16,群益金鼎-台中,2024-03-06,9184
2367,燿華,96,81,15,群益金鼎-台中,2024-03-06,9184
3231,緯創,25,10,15,群益金鼎-台中,2024-03-06,9184
00712,復華富時不動產,14,0,14,群益金鼎-台中,2024-03-06,9184
5498,凱崴,22,9,13,群益金鼎-台中,2024-03-06,9184
00881,國泰台灣5G+,24,11,13,群益金鼎-台中,2024-03-06,9184
2618,長榮航,19,6,13,群益金鼎-台中,2024-03-06,9184
3540,曜越,15,2,13,群益金鼎-台中,2024-03-06,9184
5521,工信,26,13,13,群益金鼎-台中,2024-03-06,9184
8210,勤誠,15,2,13,群益金鼎-台中,2024-03-06,9184
3645,達邁,18,5,13,群益金鼎-台中,2024-03-06,9184
3035,智原,40,28,12,群益金鼎-台中,2024-03-06,9184
6139,亞翔,32,20,12,群益金鼎-台中,2024-03-06,9184
6190,萬泰科,207,195,12,群益金鼎-台中,2024-03-06,9184
00935,野村臺灣新科技50,13,1,12,群益金鼎-台中,2024-03-06,9184
00934,中信成長高股息,13,1,12,群益金鼎-台中,2024-03-06,9184
1608,華榮,12,0,12,群益金鼎-台中,2024-03-06,9184
5213,亞昕,12,0,12,群益金鼎-台中,2024-03-06,9184
2105,正新,12,0,12,群益金鼎-台中,2024-03-06,9184
8069,元太,12,0,12,群益金鼎-台中,2024-03-06,9184
5009,榮剛,14,3,11,群益金鼎-台中,2024-03-06,9184
5015,華祺,11,0,11,群益金鼎-台中,2024-03-06,9184
3017,奇鋐,64,54,10,群益金鼎-台中,2024-03-06,9184
4743,合一,11,1,10,群益金鼎-台中,2024-03-06,9184
8936,國統,17,7,10,群益金鼎-台中,2024-03-06,9184
4535,至興,10,0,10,群益金鼎-台中,2024-03-06,9184
2328,廣宇,10,0,10,群益金鼎-台中,2024-03-06,9184
00632R,元大台灣50反1,294,103,191,群益金鼎-台中,2024-03-07,9184
00919,群益台灣精選高息,278,87,191,群益金鼎-台中,2024-03-07,9184
6257,矽格,161,22,139,群益金鼎-台中,2024-03-07,9184
00937B,群益ESG投等債20,179,54,125,群益金鼎-台中,2024-03-07,9184
2834,臺企銀,100,3,97,群益金鼎-台中,2024-03-07,9184
00900,富邦特選高股息30,146,50,96,群益金鼎-台中,2024-03-07,9184
1409,新纖,89,0,89,群益金鼎-台中,2024-03-07,9184
00929,復華台灣科技優息,336,255,81,群益金鼎-台中,2024-03-07,9184
1722,台肥,60,0,60,群益金鼎-台中,2024-03-07,9184
00931B,統一美債20年,79,25,54,群益金鼎-台中,2024-03-07,9184
00915,凱基優選高股息30,53,0,53,群益金鼎-台中,2024-03-07,9184
6016,康和證,46,0,46,群益金鼎-台中,2024-03-07,9184
4306,炎洲,43,1,42,群益金鼎-台中,2024-03-07,9184
2367,燿華,220,178,42,群益金鼎-台中,2024-03-07,9184
9902,台火,40,0,40,群益金鼎-台中,2024-03-07,9184
2883,凱基金,87,47,40,群益金鼎-台中,2024-03-07,9184
6125,廣運,131,92,39,群益金鼎-台中,2024-03-07,9184
3481,群創,57,19,38,群益金鼎-台中,2024-03-07,9184
4979,華星光,42,5,37,群益金鼎-台中,2024-03-07,9184
6139,亞翔,56,22,34,群益金鼎-台中,2024-03-07,9184
4114,健喬,30,0,30,群益金鼎-台中,2024-03-07,9184
9955,佳龍,37,9,28,群益金鼎-台中,2024-03-07,9184
4109,加捷生醫,51,23,28,群益金鼎-台中,2024-03-07,9184
3712,永崴投控,30,2,28,群益金鼎-台中,2024-03-07,9184
9958,世紀鋼,35,9,26,群益金鼎-台中,2024-03-07,9184
2369,菱生,29,4,25,群益金鼎-台中,2024-03-07,9184
2375,凱美,24,3,21,群益金鼎-台中,2024-03-07,9184
2486,一詮,34,14,20,群益金鼎-台中,2024-03-07,9184
00679B,元大美債20年,26,7,19,群益金鼎-台中,2024-03-07,9184
00752,中信中國50,30,11,19,群益金鼎-台中,2024-03-07,9184
2515,中工,24,6,18,群益金鼎-台中,2024-03-07,9184
3324,雙鴻,69,51,18,群益金鼎-台中,2024-03-07,9184
2421,建準,23,6,17,群益金鼎-台中,2024-03-07,9184
8088,品安,16,0,16,群益金鼎-台中,2024-03-07,9184
2352,佳世達,32,17,15,群益金鼎-台中,2024-03-07,9184
00935,野村臺灣新科技50,20,5,15,群益金鼎-台中,2024-03-07,9184
3264,欣銓,20,6,14,群益金鼎-台中,2024-03-07,9184
6005,群益證,18,4,14,群益金鼎-台中,2024-03-07,9184
00720B,元大投資級公司債,20,6,14,群益金鼎-台中,2024-03-07,9184
2409,友達,22,8,14,群益金鼎-台中,2024-03-07,9184
00878,國泰永續高股息,30,17,13,群益金鼎-台中,2024-03-07,9184
1301,台塑,14,1,13,群益金鼎-台中,2024-03-07,9184
3231,緯創,28,15,13,群益金鼎-台中,2024-03-07,9184
1907,永豐餘,13,0,13,群益金鼎-台中,2024-03-07,9184
2332,友訊,14,2,12,群益金鼎-台中,2024-03-07,9184
6126,信音,21,9,12,群益金鼎-台中,2024-03-07,9184
6275,元山,50,39,11,群益金鼎-台中,2024-03-07,9184
3122,笙泉,11,0,11,群益金鼎-台中,2024-03-07,9184
3666,光耀,11,0,11,群益金鼎-台中,2024-03-07,9184
5498,凱崴,11,0,11,群益金鼎-台中,2024-03-07,9184
00919,群益台灣精選高息,651,185,466,群益金鼎-台中,2024-03-08,9184
00632R,元大台灣50反1,290,48,242,群益金鼎-台中,2024-03-08,9184
020039,元大加權N,150,0,150,群益金鼎-台中,2024-03-08,9184
020027,元大上櫃ESG成長N,140,20,120,群益金鼎-台中,2024-03-08,9184
00935,野村臺灣新科技50,122,10,112,群益金鼎-台中,2024-03-08,9184
00687B,國泰20年美債,130,20,110,群益金鼎-台中,2024-03-08,9184
00937B,群益ESG投等債20,109,15,94,群益金鼎-台中,2024-03-08,9184
3029,零壹,78,2,76,群益金鼎-台中,2024-03-08,9184
6016,康和證,75,0,75,群益金鼎-台中,2024-03-08,9184
6257,矽格,216,155,61,群益金鼎-台中,2024-03-08,9184
00915,凱基優選高股息30,48,10,38,群益金鼎-台中,2024-03-08,9184
00671R,富邦NASDAQ反1,30,0,30,群益金鼎-台中,2024-03-08,9184
6288,聯嘉,31,3,28,群益金鼎-台中,2024-03-08,9184
2883,凱基金,37,12,25,群益金鼎-台中,2024-03-08,9184
2201,裕隆,28,3,25,群益金鼎-台中,2024-03-08,9184
00648R,元大S＆P500反1,25,0,25,群益金鼎-台中,2024-03-08,9184
1815,富喬,85,62,23,群益金鼎-台中,2024-03-08,9184
1319,東陽,21,0,21,群益金鼎-台中,2024-03-08,9184
2441,超豐,28,8,20,群益金鼎-台中,2024-03-08,9184
2812,台中銀,27,8,19,群益金鼎-台中,2024-03-08,9184
2317,鴻海,32,14,18,群益金鼎-台中,2024-03-08,9184
3535,晶彩科,18,0,18,群益金鼎-台中,2024-03-08,9184
1737,臺鹽,17,0,17,群益金鼎-台中,2024-03-08,9184
3481,群創,76,59,17,群益金鼎-台中,2024-03-08,9184
00655L,國泰中國A50正2,16,0,16,群益金鼎-台中,2024-03-08,9184
6274,台燿,30,15,15,群益金鼎-台中,2024-03-08,9184
00751B,元大AAA至A公司債,15,0,15,群益金鼎-台中,2024-03-08,9184
9904,寶成,15,0,15,群益金鼎-台中,2024-03-08,9184
00679B,元大美債20年,22,8,14,群益金鼎-台中,2024-03-08,9184
2374,佳能,15,1,14,群益金鼎-台中,2024-03-08,9184
6127,九豪,13,0,13,群益金鼎-台中,2024-03-08,9184
8112,至上,33,20,13,群益金鼎-台中,2024-03-08,9184
00664R,國泰臺灣加權反1,12,0,12,群益金鼎-台中,2024-03-08,9184
3308,聯德,13,1,12,群益金鼎-台中,2024-03-08,9184
2369,菱生,32,20,12,群益金鼎-台中,2024-03-08,9184
8114,振樺電,11,0,11,群益金鼎-台中,2024-03-08,9184
00719B,元大美債1-3,11,0,11,群益金鼎-台中,2024-03-08,9184
2486,一詮,17,6,11,群益金鼎-台中,2024-03-08,9184
3622,洋華,10,0,10,群益金鼎-台中,2024-03-08,9184
1504,東元,31,21,10,群益金鼎-台中,2024-03-08,9184
1308,亞聚,10,0,10,群益金鼎-台中,2024-03-08,9184
1506,正道,10,0,10,群益金鼎-台中,2024-03-08,9184
00669R,國泰美國道瓊反1,10,0,10,群益金鼎-台中,2024-03-08,9184
00936,台新永續高息中小,10,0,10,群益金鼎-台中,2024-03-08,9184
6164,華興,10,0,10,群益金鼎-台中,2024-03-08,9184
4167,松瑞藥,11,1,10,群益金鼎-台中,2024-03-08,9184
6190,萬泰科,11,1,10,群益金鼎-台中,2024-03-08,9184
5906,台南-KY,20,10,10,群益金鼎-台中,2024-03-08,9184
5498,凱崴,46,36,10,群益金鼎-台中,2024-03-08,9184
1455,集盛,14,4,10,群益金鼎-台中,2024-03-08,9184
00664R,國泰臺灣加權反1,300,0,300,群益金鼎-台中,2024-03-11,9184
00632R,元大台灣50反1,382,161,221,群益金鼎-台中,2024-03-11,9184
00645,富邦日本,125,0,125,群益金鼎-台中,2024-03-11,9184
00937B,群益ESG投等債20,166,44,122,群益金鼎-台中,2024-03-11,9184
00706L,期元大S＆P日圓正2,110,0,110,群益金鼎-台中,2024-03-11,9184
2888,新光金,104,0,104,群益金鼎-台中,2024-03-11,9184
6257,矽格,60,1,59,群益金鼎-台中,2024-03-11,9184
2303,聯電,85,28,57,群益金鼎-台中,2024-03-11,9184
5608,四維航,52,0,52,群益金鼎-台中,2024-03-11,9184
1809,中釉,50,0,50,群益金鼎-台中,2024-03-11,9184
2851,中再保,45,3,42,群益金鼎-台中,2024-03-11,9184
00885,富邦越南,40,1,39,群益金鼎-台中,2024-03-11,9184
1455,集盛,40,3,37,群益金鼎-台中,2024-03-11,9184
00830,國泰費城半導體,35,0,35,群益金鼎-台中,2024-03-11,9184
00882,中信中國高股息,32,0,32,群益金鼎-台中,2024-03-11,9184
2610,華航,29,1,28,群益金鼎-台中,2024-03-11,9184
00918,大華優利高填息30,37,10,27,群益金鼎-台中,2024-03-11,9184
00904,新光臺灣半導體30,25,0,25,群益金鼎-台中,2024-03-11,9184
8092,建暐,25,0,25,群益金鼎-台中,2024-03-11,9184
2484,希華,25,0,25,群益金鼎-台中,2024-03-11,9184
6116,彩晶,26,2,24,群益金鼎-台中,2024-03-11,9184
4909,新復興,30,6,24,群益金鼎-台中,2024-03-11,9184
2618,長榮航,25,2,23,群益金鼎-台中,2024-03-11,9184
2838,聯邦銀,42,20,22,群益金鼎-台中,2024-03-11,9184
00915,凱基優選高股息30,21,0,21,群益金鼎-台中,2024-03-11,9184
00922,國泰台灣領袖50,20,0,20,群益金鼎-台中,2024-03-11,9184
3339,泰谷,20,0,20,群益金鼎-台中,2024-03-11,9184
00921,兆豐龍頭等權重,20,0,20,群益金鼎-台中,2024-03-11,9184
3707,漢磊,40,20,20,群益金鼎-台中,2024-03-11,9184
2603,長榮,41,22,19,群益金鼎-台中,2024-03-11,9184
2301,光寶科,30,12,18,群益金鼎-台中,2024-03-11,9184
00919,群益台灣精選高息,310,293,17,群益金鼎-台中,2024-03-11,9184
2367,燿華,79,63,16,群益金鼎-台中,2024-03-11,9184
2884,玉山金,15,0,15,群益金鼎-台中,2024-03-11,9184
3163,波若威,42,27,15,群益金鼎-台中,2024-03-11,9184
1618,合機,15,0,15,群益金鼎-台中,2024-03-11,9184
3017,奇鋐,63,48,15,群益金鼎-台中,2024-03-11,9184
6128,上福,14,0,14,群益金鼎-台中,2024-03-11,9184
6761,穩得,14,0,14,群益金鼎-台中,2024-03-11,9184
1515,力山,14,1,13,群益金鼎-台中,2024-03-11,9184
2417,圓剛,77,64,13,群益金鼎-台中,2024-03-11,9184
00923,群益台ESG低碳50,18,6,12,群益金鼎-台中,2024-03-11,9184
00687B,國泰20年美債,12,1,11,群益金鼎-台中,2024-03-11,9184
3322,建舜電,11,0,11,群益金鼎-台中,2024-03-11,9184
1785,光洋科,11,0,11,群益金鼎-台中,2024-03-11,9184
2887,台新金,11,0,11,群益金鼎-台中,2024-03-11,9184
5880,合庫金,14,3,11,群益金鼎-台中,2024-03-11,9184
2885,元大金,10,0,10,群益金鼎-台中,2024-03-11,9184
1721,三晃,10,0,10,群益金鼎-台中,2024-03-11,9184
1506,正道,10,0,10,群益金鼎-台中,2024-03-11,9184
2834,臺企銀,209,11,198,群益金鼎-台中,2024-03-12,9184
00751B,元大AAA至A公司債,124,1,123,群益金鼎-台中,2024-03-12,9184
3481,群創,434,346,88,群益金鼎-台中,2024-03-12,9184
2609,陽明,76,9,67,群益金鼎-台中,2024-03-12,9184
00687B,國泰20年美債,61,0,61,群益金鼎-台中,2024-03-12,9184
00665L,富邦�琤肭磪囓�2,60,0,60,群益金鼎-台中,2024-03-12,9184
00680L,元大美債20正2,50,10,40,群益金鼎-台中,2024-03-12,9184
3712,永崴投控,40,3,37,群益金鼎-台中,2024-03-12,9184
2461,光群雷,30,0,30,群益金鼎-台中,2024-03-12,9184
6005,群益證,53,24,29,群益金鼎-台中,2024-03-12,9184
3231,緯創,66,37,29,群益金鼎-台中,2024-03-12,9184
5880,合庫金,31,4,27,群益金鼎-台中,2024-03-12,9184
1815,富喬,31,5,26,群益金鼎-台中,2024-03-12,9184
6167,久正,25,0,25,群益金鼎-台中,2024-03-12,9184
00933B,國泰10Y+金融債,23,0,23,群益金鼎-台中,2024-03-12,9184
2376,技嘉,28,7,21,群益金鼎-台中,2024-03-12,9184
00927,群益半導體收益,21,0,21,群益金鼎-台中,2024-03-12,9184
3035,智原,24,3,21,群益金鼎-台中,2024-03-12,9184
3715,定穎投控,21,0,21,群益金鼎-台中,2024-03-12,9184
00895,富邦未來車,20,0,20,群益金鼎-台中,2024-03-12,9184
3294,英濟,24,4,20,群益金鼎-台中,2024-03-12,9184
6120,達運,58,40,18,群益金鼎-台中,2024-03-12,9184
9902,台火,20,3,17,群益金鼎-台中,2024-03-12,9184
2460,建通,17,2,15,群益金鼎-台中,2024-03-12,9184
2408,南亞科,15,0,15,群益金鼎-台中,2024-03-12,9184
00679B,元大美債20年,15,1,14,群益金鼎-台中,2024-03-12,9184
5864,致和證,14,0,14,群益金鼎-台中,2024-03-12,9184
6789,采鈺,16,3,13,群益金鼎-台中,2024-03-12,9184
6290,良維,14,2,12,群益金鼎-台中,2024-03-12,9184
3005,神基,22,10,12,群益金鼎-台中,2024-03-12,9184
00715L,期街口布蘭特正2,13,1,12,群益金鼎-台中,2024-03-12,9184
1506,正道,11,0,11,群益金鼎-台中,2024-03-12,9184
3234,光環,14,3,11,群益金鼎-台中,2024-03-12,9184
6163,華電網,18,7,11,群益金鼎-台中,2024-03-12,9184
6235,華孚,15,4,11,群益金鼎-台中,2024-03-12,9184
00830,國泰費城半導體,11,0,11,群益金鼎-台中,2024-03-12,9184
00764B,群益25年美債,10,0,10,群益金鼎-台中,2024-03-12,9184
1737,臺鹽,10,0,10,群益金鼎-台中,2024-03-12,9184
3056,富華新,10,0,10,群益金鼎-台中,2024-03-12,9184
00712,復華富時不動產,10,0,10,群益金鼎-台中,2024-03-12,9184
2031,新光鋼,10,0,10,群益金鼎-台中,2024-03-12,9184
2371,大同,19,9,10,群益金鼎-台中,2024-03-12,9184
1308,亞聚,10,0,10,群益金鼎-台中,2024-03-12,9184
00688L,國泰20年美債正2,10,0,10,群益金鼎-台中,2024-03-12,9184
4971,IET-KY,10,0,10,群益金鼎-台中,2024-03-12,9184
3450,聯鈞,11,1,10,群益金鼎-台中,2024-03-12,9184
00713,元大台灣高息低波,9,0,9,群益金鼎-台中,2024-03-12,9184
8011,台通,15,6,9,群益金鼎-台中,2024-03-12,9184
3583,辛耘,9,1,8,群益金鼎-台中,2024-03-12,9184
6275,元山,12,4,8,群益金鼎-台中,2024-03-12,9184
00919,群益台灣精選高息,389,72,317,群益金鼎-台中,2024-03-13,9184
00632R,元大台灣50反1,144,20,124,群益金鼎-台中,2024-03-13,9184
00933B,國泰10Y+金融債,57,0,57,群益金鼎-台中,2024-03-13,9184
00751B,元大AAA至A公司債,51,0,51,群益金鼎-台中,2024-03-13,9184
2812,台中銀,51,0,51,群益金鼎-台中,2024-03-13,9184
00795B,中信美國公債20年,50,0,50,群益金鼎-台中,2024-03-13,9184
2464,盟立,47,1,46,群益金鼎-台中,2024-03-13,9184
3231,緯創,75,30,45,群益金鼎-台中,2024-03-13,9184
6016,康和證,40,0,40,群益金鼎-台中,2024-03-13,9184
2344,華邦電,44,4,40,群益金鼎-台中,2024-03-13,9184
6005,群益證,57,18,39,群益金鼎-台中,2024-03-13,9184
00937B,群益ESG投等債20,49,14,35,群益金鼎-台中,2024-03-13,9184
00687B,國泰20年美債,37,2,35,群益金鼎-台中,2024-03-13,9184
00904,新光臺灣半導體30,28,1,27,群益金鼎-台中,2024-03-13,9184
6274,台燿,63,36,27,群益金鼎-台中,2024-03-13,9184
00915,凱基優選高股息30,38,11,27,群益金鼎-台中,2024-03-13,9184
5498,凱崴,34,8,26,群益金鼎-台中,2024-03-13,9184
3041,揚智,31,6,25,群益金鼎-台中,2024-03-13,9184
2421,建準,36,13,23,群益金鼎-台中,2024-03-13,9184
1815,富喬,28,5,23,群益金鼎-台中,2024-03-13,9184
2601,益航,23,0,23,群益金鼎-台中,2024-03-13,9184
6234,高僑,23,0,23,群益金鼎-台中,2024-03-13,9184
3576,聯合再生,21,0,21,群益金鼎-台中,2024-03-13,9184
3380,明泰,21,0,21,群益金鼎-台中,2024-03-13,9184
00675L,富邦臺灣加權正2,21,0,21,群益金鼎-台中,2024-03-13,9184
6125,廣運,67,47,20,群益金鼎-台中,2024-03-13,9184
00671R,富邦NASDAQ反1,20,0,20,群益金鼎-台中,2024-03-13,9184
3499,環天科,20,0,20,群益金鼎-台中,2024-03-13,9184
00733,富邦臺灣中小,20,1,19,群益金鼎-台中,2024-03-13,9184
2610,華航,29,11,18,群益金鼎-台中,2024-03-13,9184
2409,友達,27,9,18,群益金鼎-台中,2024-03-13,9184
2408,南亞科,19,1,18,群益金鼎-台中,2024-03-13,9184
2453,凌群,20,2,18,群益金鼎-台中,2024-03-13,9184
00650L,復華香港正2,22,5,17,群益金鼎-台中,2024-03-13,9184
3715,定穎投控,17,1,16,群益金鼎-台中,2024-03-13,9184
6167,久正,21,5,16,群益金鼎-台中,2024-03-13,9184
8435,鉅邁,16,0,16,群益金鼎-台中,2024-03-13,9184
1802,台玻,14,0,14,群益金鼎-台中,2024-03-13,9184
00655L,國泰中國A50正2,14,0,14,群益金鼎-台中,2024-03-13,9184
5272,笙科,15,1,14,群益金鼎-台中,2024-03-13,9184
2436,偉詮電,14,0,14,群益金鼎-台中,2024-03-13,9184
2382,廣達,40,27,13,群益金鼎-台中,2024-03-13,9184
6257,矽格,21,8,13,群益金鼎-台中,2024-03-13,9184
9943,好樂迪,35,22,13,群益金鼎-台中,2024-03-13,9184
00923,群益台ESG低碳50,15,3,12,群益金鼎-台中,2024-03-13,9184
00631L,元大台灣50正2,17,5,12,群益金鼎-台中,2024-03-13,9184
8064,東捷,44,32,12,群益金鼎-台中,2024-03-13,9184
2353,宏��,22,10,12,群益金鼎-台中,2024-03-13,9184
8099,大世科,17,5,12,群益金鼎-台中,2024-03-13,9184
1608,華榮,50,38,12,群益金鼎-台中,2024-03-13,9184
00937B,群益ESG投等債20,263,8,255,群益金鼎-台中,2024-03-14,9184
2618,長榮航,233,11,222,群益金鼎-台中,2024-03-14,9184
00919,群益台灣精選高息,574,380,194,群益金鼎-台中,2024-03-14,9184
00929,復華台灣科技優息,197,47,150,群益金鼎-台中,2024-03-14,9184
6026,福邦證,102,0,102,群益金鼎-台中,2024-03-14,9184
00687B,國泰20年美債,98,13,85,群益金鼎-台中,2024-03-14,9184
00915,凱基優選高股息30,103,29,74,群益金鼎-台中,2024-03-14,9184
00918,大華優利高填息30,115,42,73,群益金鼎-台中,2024-03-14,9184
00650L,復華香港正2,53,0,53,群益金鼎-台中,2024-03-14,9184
2303,聯電,76,26,50,群益金鼎-台中,2024-03-14,9184
2505,國揚,50,0,50,群益金鼎-台中,2024-03-14,9184
1316,上曜,109,64,45,群益金鼎-台中,2024-03-14,9184
020027,元大上櫃ESG成長N,100,60,40,群益金鼎-台中,2024-03-14,9184
00933B,國泰10Y+金融債,45,10,35,群益金鼎-台中,2024-03-14,9184
2353,宏��,41,6,35,群益金鼎-台中,2024-03-14,9184
00665L,富邦�琤肭磪囓�2,35,0,35,群益金鼎-台中,2024-03-14,9184
2834,臺企銀,44,9,35,群益金鼎-台中,2024-03-14,9184
2603,長榮,47,13,34,群益金鼎-台中,2024-03-14,9184
6257,矽格,31,0,31,群益金鼎-台中,2024-03-14,9184
2889,國票金,69,44,25,群益金鼎-台中,2024-03-14,9184
8105,凌巨,137,115,22,群益金鼎-台中,2024-03-14,9184
00680L,元大美債20正2,22,0,22,群益金鼎-台中,2024-03-14,9184
5876,上海商銀,22,2,20,群益金鼎-台中,2024-03-14,9184
2851,中再保,20,0,20,群益金鼎-台中,2024-03-14,9184
2201,裕隆,20,0,20,群益金鼎-台中,2024-03-14,9184
9904,寶成,22,3,19,群益金鼎-台中,2024-03-14,9184
1815,富喬,18,0,18,群益金鼎-台中,2024-03-14,9184
00857B,永豐20年美公債,17,0,17,群益金鼎-台中,2024-03-14,9184
6139,亞翔,25,8,17,群益金鼎-台中,2024-03-14,9184
00696B,富邦美債20年,16,0,16,群益金鼎-台中,2024-03-14,9184
2801,彰銀,20,4,16,群益金鼎-台中,2024-03-14,9184
6234,高僑,16,0,16,群益金鼎-台中,2024-03-14,9184
6288,聯嘉,13,1,12,群益金鼎-台中,2024-03-14,9184
1718,中纖,12,0,12,群益金鼎-台中,2024-03-14,9184
2313,華通,17,6,11,群益金鼎-台中,2024-03-14,9184
00655L,國泰中國A50正2,12,1,11,群益金鼎-台中,2024-03-14,9184
00679B,元大美債20年,30,20,10,群益金鼎-台中,2024-03-14,9184
00927,群益半導體收益,15,5,10,群益金鼎-台中,2024-03-14,9184
1305,華夏,16,6,10,群益金鼎-台中,2024-03-14,9184
2832,台產,10,0,10,群益金鼎-台中,2024-03-14,9184
00795B,中信美國公債20年,17,7,10,群益金鼎-台中,2024-03-14,9184
00882,中信中國高股息,10,1,9,群益金鼎-台中,2024-03-14,9184
5432,新門,9,0,9,群益金鼎-台中,2024-03-14,9184
4714,永捷,21,12,9,群益金鼎-台中,2024-03-14,9184
6167,久正,12,3,9,群益金鼎-台中,2024-03-14,9184
2382,廣達,23,14,9,群益金鼎-台中,2024-03-14,9184
2059,川湖,10,1,9,群益金鼎-台中,2024-03-14,9184
2609,陽明,11,3,8,群益金鼎-台中,2024-03-14,9184
2485,兆赫,10,2,8,群益金鼎-台中,2024-03-14,9184
2359,所羅門,8,0,8,群益金鼎-台中,2024-03-14,9184
00919,群益台灣精選高息,823,136,687,群益金鼎-台中,2024-03-15,9184
00933B,國泰10Y+金融債,170,1,169,群益金鼎-台中,2024-03-15,9184
00941,中信上游半導體,207,45,162,群益金鼎-台中,2024-03-15,9184
4714,永捷,317,164,153,群益金鼎-台中,2024-03-15,9184
00687B,國泰20年美債,121,0,121,群益金鼎-台中,2024-03-15,9184
2834,臺企銀,144,50,94,群益金鼎-台中,2024-03-15,9184
2618,長榮航,104,22,82,群益金鼎-台中,2024-03-15,9184
00915,凱基優選高股息30,64,1,63,群益金鼎-台中,2024-03-15,9184
00929,復華台灣科技優息,102,45,57,群益金鼎-台中,2024-03-15,9184
1802,台玻,55,0,55,群益金鼎-台中,2024-03-15,9184
00751B,元大AAA至A公司債,55,0,55,群益金鼎-台中,2024-03-15,9184
3712,永崴投控,50,0,50,群益金鼎-台中,2024-03-15,9184
2603,長榮,74,28,46,群益金鼎-台中,2024-03-15,9184
1303,南亞,31,0,31,群益金鼎-台中,2024-03-15,9184
00680L,元大美債20正2,33,2,31,群益金鼎-台中,2024-03-15,9184
3576,聯合再生,31,0,31,群益金鼎-台中,2024-03-15,9184
1434,福懋,30,0,30,群益金鼎-台中,2024-03-15,9184
00665L,富邦�琤肭磪囓�2,30,0,30,群益金鼎-台中,2024-03-15,9184
5388,中磊,25,0,25,群益金鼎-台中,2024-03-15,9184
00679B,元大美債20年,25,0,25,群益金鼎-台中,2024-03-15,9184
2851,中再保,24,0,24,群益金鼎-台中,2024-03-15,9184
3499,環天科,21,0,21,群益金鼎-台中,2024-03-15,9184
2636,台驊控股,20,0,20,群益金鼎-台中,2024-03-15,9184
9904,寶成,49,29,20,群益金鼎-台中,2024-03-15,9184
3324,雙鴻,62,43,19,群益金鼎-台中,2024-03-15,9184
3163,波若威,24,6,18,群益金鼎-台中,2024-03-15,9184
6190,萬泰科,264,246,18,群益金鼎-台中,2024-03-15,9184
00673R,期元大S＆P原油反1,18,0,18,群益金鼎-台中,2024-03-15,9184
3322,建舜電,30,12,18,群益金鼎-台中,2024-03-15,9184
00878,國泰永續高股息,35,17,18,群益金鼎-台中,2024-03-15,9184
2409,友達,20,2,18,群益金鼎-台中,2024-03-15,9184
1305,華夏,17,0,17,群益金鼎-台中,2024-03-15,9184
2303,聯電,22,6,16,群益金鼎-台中,2024-03-15,9184
2330,台積電,21,4,17,群益金鼎-台中,2024-03-15,9184
3005,神基,26,11,15,群益金鼎-台中,2024-03-15,9184
2352,佳世達,15,0,15,群益金鼎-台中,2024-03-15,9184
6442,光聖,19,4,15,群益金鼎-台中,2024-03-15,9184
8085,福華,14,1,13,群益金鼎-台中,2024-03-15,9184
00752,中信中國50,13,0,13,群益金鼎-台中,2024-03-15,9184
00712,復華富時不動產,14,2,12,群益金鼎-台中,2024-03-15,9184
2354,鴻準,49,37,12,群益金鼎-台中,2024-03-15,9184
8096,擎亞,22,11,11,群益金鼎-台中,2024-03-15,9184
6712,長聖,10,0,10,群益金鼎-台中,2024-03-15,9184
5443,均豪,11,1,10,群益金鼎-台中,2024-03-15,9184
00650L,復華香港正2,12,2,10,群益金鼎-台中,2024-03-15,9184
00882,中信中國高股息,10,0,10,群益金鼎-台中,2024-03-15,9184
2891,中信金,14,5,9,群益金鼎-台中,2024-03-15,9184
1210,大成,11,2,9,群益金鼎-台中,2024-03-15,9184
1809,中釉,12,3,9,群益金鼎-台中,2024-03-15,9184
2605,新興,14,5,9,群益金鼎-台中,2024-03-15,9184
00941,中信上游半導體,193,11,182,群益金鼎-台中,2024-03-18,9184
2317,鴻海,167,62,105,群益金鼎-台中,2024-03-18,9184
00642U,期元大S＆P石油,102,0,102,群益金鼎-台中,2024-03-18,9184
2888,新光金,81,0,81,群益金鼎-台中,2024-03-18,9184
00919,群益台灣精選高息,168,114,54,群益金鼎-台中,2024-03-18,9184
2332,友訊,50,0,50,群益金鼎-台中,2024-03-18,9184
2883,凱基金,55,9,46,群益金鼎-台中,2024-03-18,9184
2323,中環,140,94,46,群益金鼎-台中,2024-03-18,9184
00687B,國泰20年美債,44,0,44,群益金鼎-台中,2024-03-18,9184
00632R,元大台灣50反1,40,0,40,群益金鼎-台中,2024-03-18,9184
00933B,國泰10Y+金融債,78,40,38,群益金鼎-台中,2024-03-18,9184
5880,合庫金,26,1,25,群益金鼎-台中,2024-03-18,9184
6167,久正,25,0,25,群益金鼎-台中,2024-03-18,9184
2020,美亞,26,1,25,群益金鼎-台中,2024-03-18,9184
00706L,期元大S＆P日圓正2,25,0,25,群益金鼎-台中,2024-03-18,9184
2357,華碩,36,14,22,群益金鼎-台中,2024-03-18,9184
2885,元大金,22,1,21,群益金鼎-台中,2024-03-18,9184
2303,聯電,24,3,21,群益金鼎-台中,2024-03-18,9184
2363,矽統,21,0,21,群益金鼎-台中,2024-03-18,9184
2820,華票,20,0,20,群益金鼎-台中,2024-03-18,9184
2610,華航,22,3,19,群益金鼎-台中,2024-03-18,9184
7402,邑錡,25,7,18,群益金鼎-台中,2024-03-18,9184
2382,廣達,50,33,17,群益金鼎-台中,2024-03-18,9184
3324,雙鴻,45,30,15,群益金鼎-台中,2024-03-18,9184
00764B,群益25年美債,15,0,15,群益金鼎-台中,2024-03-18,9184
4532,瑞智,16,1,15,群益金鼎-台中,2024-03-18,9184
2374,佳能,15,0,15,群益金鼎-台中,2024-03-18,9184
1609,大亞,18,4,14,群益金鼎-台中,2024-03-18,9184
2328,廣宇,14,0,14,群益金鼎-台中,2024-03-18,9184
00679B,元大美債20年,14,0,14,群益金鼎-台中,2024-03-18,9184
2891,中信金,19,5,14,群益金鼎-台中,2024-03-18,9184
6712,長聖,14,1,13,群益金鼎-台中,2024-03-18,9184
00751B,元大AAA至A公司債,12,0,12,群益金鼎-台中,2024-03-18,9184
2354,鴻準,25,14,11,群益金鼎-台中,2024-03-18,9184
9904,寶成,20,9,11,群益金鼎-台中,2024-03-18,9184
2438,翔耀,11,0,11,群益金鼎-台中,2024-03-18,9184
3622,洋華,18,7,11,群益金鼎-台中,2024-03-18,9184
3356,奇偶,13,2,11,群益金鼎-台中,2024-03-18,9184
2511,太子,11,0,11,群益金鼎-台中,2024-03-18,9184
6285,啟��,13,2,11,群益金鼎-台中,2024-03-18,9184
5608,四維航,11,0,11,群益金鼎-台中,2024-03-18,9184
2353,宏��,14,4,10,群益金鼎-台中,2024-03-18,9184
1434,福懋,10,0,10,群益金鼎-台中,2024-03-18,9184
2618,長榮航,11,1,10,群益金鼎-台中,2024-03-18,9184
3576,聯合再生,10,0,10,群益金鼎-台中,2024-03-18,9184
3044,健鼎,14,4,10,群益金鼎-台中,2024-03-18,9184
1789,神隆,10,0,10,群益金鼎-台中,2024-03-18,9184
1460,宏遠,10,0,10,群益金鼎-台中,2024-03-18,9184
2449,京元電子,37,27,10,群益金鼎-台中,2024-03-18,9184
2208,台船,17,7,10,群益金鼎-台中,2024-03-18,9184
00937B,群益ESG投等債20,280,101,179,群益金鼎-台中,2024-03-19,9184
00941,中信上游半導體,78,13,65,群益金鼎-台中,2024-03-19,9184
00687B,國泰20年美債,67,18,49,群益金鼎-台中,2024-03-19,9184
00706L,期元大S＆P日圓正2,43,0,43,群益金鼎-台中,2024-03-19,9184
00919,群益台灣精選高息,187,148,39,群益金鼎-台中,2024-03-19,9184
3322,建舜電,39,0,39,群益金鼎-台中,2024-03-19,9184
00679B,元大美債20年,40,4,36,群益金鼎-台中,2024-03-19,9184
2369,菱生,36,3,33,群益金鼎-台中,2024-03-19,9184
8150,南茂,31,0,31,群益金鼎-台中,2024-03-19,9184
4915,致伸,32,3,29,群益金鼎-台中,2024-03-19,9184
2356,英業達,45,16,29,群益金鼎-台中,2024-03-19,9184
2357,華碩,28,1,27,群益金鼎-台中,2024-03-19,9184
3105,穩懋,30,3,27,群益金鼎-台中,2024-03-19,9184
00632R,元大台灣50反1,50,23,27,群益金鼎-台中,2024-03-19,9184
9904,寶成,30,3,27,群益金鼎-台中,2024-03-19,9184
00933B,國泰10Y+金融債,27,2,25,群益金鼎-台中,2024-03-19,9184
8932,智通*,25,0,25,群益金鼎-台中,2024-03-19,9184
2880,華南金,30,5,25,群益金鼎-台中,2024-03-19,9184
6161,捷波,25,0,25,群益金鼎-台中,2024-03-19,9184
2367,燿華,66,41,25,群益金鼎-台中,2024-03-19,9184
3005,神基,55,31,24,群益金鼎-台中,2024-03-19,9184
00650L,復華香港正2,27,4,23,群益金鼎-台中,2024-03-19,9184
00680L,元大美債20正2,23,1,22,群益金鼎-台中,2024-03-19,9184
3163,波若威,24,3,21,群益金鼎-台中,2024-03-19,9184
6167,久正,26,5,21,群益金鼎-台中,2024-03-19,9184
2368,金像電,29,9,20,群益金鼎-台中,2024-03-19,9184
1815,富喬,20,0,20,群益金鼎-台中,2024-03-19,9184
2371,大同,22,2,20,群益金鼎-台中,2024-03-19,9184
1504,東元,134,115,19,群益金鼎-台中,2024-03-19,9184
3264,欣銓,49,30,19,群益金鼎-台中,2024-03-19,9184
2618,長榮航,20,1,19,群益金鼎-台中,2024-03-19,9184
2515,中工,39,22,17,群益金鼎-台中,2024-03-19,9184
1722,台肥,17,0,17,群益金鼎-台中,2024-03-19,9184
8011,台通,23,6,17,群益金鼎-台中,2024-03-19,9184
2353,宏��,17,2,15,群益金鼎-台中,2024-03-19,9184
1907,永豐餘,15,0,15,群益金鼎-台中,2024-03-19,9184
00915,凱基優選高股息30,15,0,15,群益金鼎-台中,2024-03-19,9184
9958,世紀鋼,14,0,14,群益金鼎-台中,2024-03-19,9184
6462,神盾,30,17,13,群益金鼎-台中,2024-03-19,9184
4714,永捷,20,6,14,群益金鼎-台中,2024-03-19,9184
1101,台泥,13,0,13,群益金鼎-台中,2024-03-19,9184
3576,聯合再生,14,1,13,群益金鼎-台中,2024-03-19,9184
3372,典範,13,0,13,群益金鼎-台中,2024-03-19,9184
1506,正道,13,0,13,群益金鼎-台中,2024-03-19,9184
2313,華通,17,4,13,群益金鼎-台中,2024-03-19,9184
3312,弘憶股,68,55,13,群益金鼎-台中,2024-03-19,9184
00696B,富邦美債20年,13,0,13,群益金鼎-台中,2024-03-19,9184
2501,國建,13,0,13,群益金鼎-台中,2024-03-19,9184
2352,佳世達,17,4,13,群益金鼎-台中,2024-03-19,9184
8112,至上,48,36,12,群益金鼎-台中,2024-03-19,9184
00919,群益台灣精選高息,561,80,481,群益金鼎-台中,2024-03-20,9184
00937B,群益ESG投等債20,442,10,432,群益金鼎-台中,2024-03-20,9184
00688L,國泰20年美債正2,77,0,77,群益金鼎-台中,2024-03-20,9184
2356,英業達,74,18,56,群益金鼎-台中,2024-03-20,9184
2880,華南金,52,3,49,群益金鼎-台中,2024-03-20,9184
8932,智通*,41,1,40,群益金鼎-台中,2024-03-20,9184
2353,宏��,64,29,35,群益金鼎-台中,2024-03-20,9184
8088,品安,36,1,35,群益金鼎-台中,2024-03-20,9184
2834,臺企銀,32,0,32,群益金鼎-台中,2024-03-20,9184
2376,技嘉,37,8,29,群益金鼎-台中,2024-03-20,9184
1785,光洋科,52,25,27,群益金鼎-台中,2024-03-20,9184
00878,國泰永續高股息,44,17,27,群益金鼎-台中,2024-03-20,9184
00941,中信上游半導體,26,0,26,群益金鼎-台中,2024-03-20,9184
00673R,期元大S＆P原油反1,24,0,24,群益金鼎-台中,2024-03-20,9184
5880,合庫金,22,0,22,群益金鼎-台中,2024-03-20,9184
2486,一詮,48,27,21,群益金鼎-台中,2024-03-20,9184
4915,致伸,28,7,21,群益金鼎-台中,2024-03-20,9184
00751B,元大AAA至A公司債,20,0,20,群益金鼎-台中,2024-03-20,9184
00706L,期元大S＆P日圓正2,73,53,20,群益金鼎-台中,2024-03-20,9184
00679B,元大美債20年,21,1,20,群益金鼎-台中,2024-03-20,9184
6166,凌華,20,0,20,群益金鼎-台中,2024-03-20,9184
3594,磐儀,20,0,20,群益金鼎-台中,2024-03-20,9184
00929,復華台灣科技優息,98,80,18,群益金鼎-台中,2024-03-20,9184
4513,福裕,21,4,17,群益金鼎-台中,2024-03-20,9184
4938,和碩,72,55,17,群益金鼎-台中,2024-03-20,9184
2344,華邦電,21,5,16,群益金鼎-台中,2024-03-20,9184
6215,和椿,18,2,16,群益金鼎-台中,2024-03-20,9184
1303,南亞,16,1,15,群益金鼎-台中,2024-03-20,9184
6127,九豪,15,0,15,群益金鼎-台中,2024-03-20,9184
2354,鴻準,81,66,15,群益金鼎-台中,2024-03-20,9184
2596,綠意,15,0,15,群益金鼎-台中,2024-03-20,9184
00676R,富邦臺灣加權反1,15,0,15,群益金鼎-台中,2024-03-20,9184
00665L,富邦�琤肭磪囓�2,115,100,15,群益金鼎-台中,2024-03-20,9184
1319,東陽,20,5,15,群益金鼎-台中,2024-03-20,9184
2888,新光金,25,10,15,群益金鼎-台中,2024-03-20,9184
1301,台塑,14,0,14,群益金鼎-台中,2024-03-20,9184
2357,華碩,30,17,13,群益金鼎-台中,2024-03-20,9184
2374,佳能,51,38,13,群益金鼎-台中,2024-03-20,9184
2891,中信金,15,3,12,群益金鼎-台中,2024-03-20,9184
00923,群益台ESG低碳50,12,0,12,群益金鼎-台中,2024-03-20,9184
00687B,國泰20年美債,27,15,12,群益金鼎-台中,2024-03-20,9184
2002,中鋼,14,3,11,群益金鼎-台中,2024-03-20,9184
00764B,群益25年美債,11,0,11,群益金鼎-台中,2024-03-20,9184
3588,通嘉,12,1,11,群益金鼎-台中,2024-03-20,9184
8112,至上,15,4,11,群益金鼎-台中,2024-03-20,9184
2313,華通,23,12,11,群益金鼎-台中,2024-03-20,9184
6005,群益證,13,2,11,群益金鼎-台中,2024-03-20,9184
00680L,元大美債20正2,10,0,10,群益金鼎-台中,2024-03-20,9184
3324,雙鴻,29,19,10,群益金鼎-台中,2024-03-20,9184
2482,連宇,10,0,10,群益金鼎-台中,2024-03-20,9184
00632R,元大台灣50反1,477,91,386,群益金鼎-台中,2024-03-21,9184
00919,群益台灣精選高息,338,183,155,群益金鼎-台中,2024-03-21,9184
00680L,元大美債20正2,107,0,107,群益金鼎-台中,2024-03-21,9184
00764B,群益25年美債,98,1,97,群益金鼎-台中,2024-03-21,9184
2317,鴻海,208,123,85,群益金鼎-台中,2024-03-21,9184
00687B,國泰20年美債,82,0,82,群益金鼎-台中,2024-03-21,9184
00671R,富邦NASDAQ反1,80,0,80,群益金鼎-台中,2024-03-21,9184
00669R,國泰美國道瓊反1,71,0,71,群益金鼎-台中,2024-03-21,9184
00642U,期元大S＆P石油,65,0,65,群益金鼎-台中,2024-03-21,9184
00679B,元大美債20年,63,2,61,群益金鼎-台中,2024-03-21,9184
00648R,元大S＆P500反1,45,0,45,群益金鼎-台中,2024-03-21,9184
2405,輔信,88,55,33,群益金鼎-台中,2024-03-21,9184
1504,東元,54,22,32,群益金鼎-台中,2024-03-21,9184
00751B,元大AAA至A公司債,31,0,31,群益金鼎-台中,2024-03-21,9184
00706L,期元大S＆P日圓正2,31,1,30,群益金鼎-台中,2024-03-21,9184
2367,燿華,61,31,30,群益金鼎-台中,2024-03-21,9184
2834,臺企銀,41,14,27,群益金鼎-台中,2024-03-21,9184
2354,鴻準,44,17,27,群益金鼎-台中,2024-03-21,9184
4564,元翎,25,0,25,群益金鼎-台中,2024-03-21,9184
6285,啟��,31,7,24,群益金鼎-台中,2024-03-21,9184
00720B,元大投資級公司債,26,2,24,群益金鼎-台中,2024-03-21,9184
00715L,期街口布蘭特正2,26,2,24,群益金鼎-台中,2024-03-21,9184
00930,永豐ESG低碳高息,23,0,23,群益金鼎-台中,2024-03-21,9184
4768,晶呈科技,23,0,23,群益金鼎-台中,2024-03-21,9184
3006,晶豪科,28,7,21,群益金鼎-台中,2024-03-21,9184
3499,環天科,20,0,20,群益金鼎-台中,2024-03-21,9184
2610,華航,21,1,20,群益金鼎-台中,2024-03-21,9184
2464,盟立,20,0,20,群益金鼎-台中,2024-03-21,9184
3706,神達,279,260,19,群益金鼎-台中,2024-03-21,9184
8112,至上,56,38,18,群益金鼎-台中,2024-03-21,9184
2303,聯電,19,1,18,群益金鼎-台中,2024-03-21,9184
6016,康和證,20,2,18,群益金鼎-台中,2024-03-21,9184
6288,聯嘉,19,3,16,群益金鼎-台中,2024-03-21,9184
4906,正文,16,0,16,群益金鼎-台中,2024-03-21,9184
3029,零壹,15,0,15,群益金鼎-台中,2024-03-21,9184
2312,金寶,15,0,15,群益金鼎-台中,2024-03-21,9184
2358,廷鑫,17,2,15,群益金鼎-台中,2024-03-21,9184
2528,皇普,15,0,15,群益金鼎-台中,2024-03-21,9184
2630,亞航,15,0,15,群益金鼎-台中,2024-03-21,9184
4979,華星光,14,0,14,群益金鼎-台中,2024-03-21,9184
00688L,國泰20年美債正2,14,0,14,群益金鼎-台中,2024-03-21,9184
2392,正崴,13,0,13,群益金鼎-台中,2024-03-21,9184
6274,台燿,52,39,13,群益金鼎-台中,2024-03-21,9184
1101,台泥,15,2,13,群益金鼎-台中,2024-03-21,9184
1513,中興電,95,82,13,群益金鼎-台中,2024-03-21,9184
6188,廣明,56,45,11,群益金鼎-台中,2024-03-21,9184
3036,文曄,13,2,11,群益金鼎-台中,2024-03-21,9184
6235,華孚,16,6,10,群益金鼎-台中,2024-03-21,9184
00676R,富邦臺灣加權反1,10,0,10,群益金鼎-台中,2024-03-21,9184
00664R,國泰臺灣加權反1,10,0,10,群益金鼎-台中,2024-03-21,9184
00919,群益台灣精選高息,503,227,276,群益金鼎-台中,2024-03-22,9184
6257,矽格,224,4,220,群益金鼎-台中,2024-03-22,9184
00680L,元大美債20正2,132,0,132,群益金鼎-台中,2024-03-22,9184
00665L,富邦�琤肭磪囓�2,260,155,105,群益金鼎-台中,2024-03-22,9184
1722,台肥,105,1,104,群益金鼎-台中,2024-03-22,9184
1504,東元,107,21,86,群益金鼎-台中,2024-03-22,9184
6274,台燿,105,32,73,群益金鼎-台中,2024-03-22,9184
4564,元翎,75,6,69,群益金鼎-台中,2024-03-22,9184
00941,中信上游半導體,75,12,63,群益金鼎-台中,2024-03-22,9184
00650L,復華香港正2,60,0,60,群益金鼎-台中,2024-03-22,9184
00642U,期元大S＆P石油,50,0,50,群益金鼎-台中,2024-03-22,9184
00687B,國泰20年美債,58,12,46,群益金鼎-台中,2024-03-22,9184
020027,元大上櫃ESG成長N,80,40,40,群益金鼎-台中,2024-03-22,9184
2405,輔信,36,0,36,群益金鼎-台中,2024-03-22,9184
2303,聯電,47,14,33,群益金鼎-台中,2024-03-22,9184
4540,全球傳動,30,0,30,群益金鼎-台中,2024-03-22,9184
00679B,元大美債20年,46,16,30,群益金鼎-台中,2024-03-22,9184
6443,元晶,107,77,30,群益金鼎-台中,2024-03-22,9184
5347,世界,67,38,29,群益金鼎-台中,2024-03-22,9184
1101,台泥,28,0,28,群益金鼎-台中,2024-03-22,9184
2353,宏��,65,37,28,群益金鼎-台中,2024-03-22,9184
00637L,元大滬深300正2,30,8,22,群益金鼎-台中,2024-03-22,9184
2603,長榮,42,21,21,群益金鼎-台中,2024-03-22,9184
1605,華新,26,6,20,群益金鼎-台中,2024-03-22,9184
8033,雷虎,25,5,20,群益金鼎-台中,2024-03-22,9184
3499,環天科,20,0,20,群益金鼎-台中,2024-03-22,9184
2888,新光金,19,0,19,群益金鼎-台中,2024-03-22,9184
2883,凱基金,23,4,19,群益金鼎-台中,2024-03-22,9184
1513,中興電,33,15,18,群益金鼎-台中,2024-03-22,9184
2376,技嘉,33,17,16,群益金鼎-台中,2024-03-22,9184
3712,永崴投控,16,0,16,群益金鼎-台中,2024-03-22,9184
5243,乙盛-KY,16,0,16,群益金鼎-台中,2024-03-22,9184
3322,建舜電,40,25,15,群益金鼎-台中,2024-03-22,9184
00706L,期元大S＆P日圓正2,15,0,15,群益金鼎-台中,2024-03-22,9184
3005,神基,16,2,14,群益金鼎-台中,2024-03-22,9184
2406,國碩,31,17,14,群益金鼎-台中,2024-03-22,9184
00688L,國泰20年美債正2,14,0,14,群益金鼎-台中,2024-03-22,9184
4714,永捷,22,8,14,群益金鼎-台中,2024-03-22,9184
9904,寶成,16,2,14,群益金鼎-台中,2024-03-22,9184
2344,華邦電,17,3,14,群益金鼎-台中,2024-03-22,9184
8040,九暘,13,0,13,群益金鼎-台中,2024-03-22,9184
2634,漢翔,16,3,13,群益金鼎-台中,2024-03-22,9184
5871,中租-KY,12,0,12,群益金鼎-台中,2024-03-22,9184
2850,新產,12,0,12,群益金鼎-台中,2024-03-22,9184
2369,菱生,13,1,12,群益金鼎-台中,2024-03-22,9184
2882,國泰金,13,2,11,群益金鼎-台中,2024-03-22,9184
2851,中再保,11,0,11,群益金鼎-台中,2024-03-22,9184
00655L,國泰中國A50正2,12,1,11,群益金鼎-台中,2024-03-22,9184
1618,合機,24,13,11,群益金鼎-台中,2024-03-22,9184
6005,群益證,13,2,11,群益金鼎-台中,2024-03-22,9184
00937B,群益ESG投等債20,302,12,290,群益金鼎-台中,2024-03-25,9184
00680L,元大美債20正2,251,3,248,群益金鼎-台中,2024-03-25,9184
00919,群益台灣精選高息,354,119,235,群益金鼎-台中,2024-03-25,9184
00939,統一台灣高息動能,203,58,145,群益金鼎-台中,2024-03-25,9184
6257,矽格,171,71,100,群益金鼎-台中,2024-03-25,9184
00764B,群益25年美債,96,15,81,群益金鼎-台中,2024-03-25,9184
00712,復華富時不動產,57,0,57,群益金鼎-台中,2024-03-25,9184
00632R,元大台灣50反1,52,0,52,群益金鼎-台中,2024-03-25,9184
2002,中鋼,45,1,44,群益金鼎-台中,2024-03-25,9184
3062,建漢,110,73,37,群益金鼎-台中,2024-03-25,9184
1326,台化,35,0,35,群益金鼎-台中,2024-03-25,9184
2317,鴻海,68,35,33,群益金鼎-台中,2024-03-25,9184
5381,合正,32,0,32,群益金鼎-台中,2024-03-25,9184
1722,台肥,36,5,31,群益金鼎-台中,2024-03-25,9184
5864,致和證,30,0,30,群益金鼎-台中,2024-03-25,9184
8064,東捷,30,1,29,群益金鼎-台中,2024-03-25,9184
2337,旺宏,30,1,29,群益金鼎-台中,2024-03-25,9184
00918,大華優利高填息30,35,10,25,群益金鼎-台中,2024-03-25,9184
2354,鴻準,42,18,24,群益金鼎-台中,2024-03-25,9184
5347,世界,29,7,22,群益金鼎-台中,2024-03-25,9184
8935,邦泰,21,0,21,群益金鼎-台中,2024-03-25,9184
3021,鴻名,24,4,20,群益金鼎-台中,2024-03-25,9184
3011,今皓,21,1,20,群益金鼎-台中,2024-03-25,9184
00645,富邦日本,20,0,20,群益金鼎-台中,2024-03-25,9184
00929,復華台灣科技優息,56,39,17,群益金鼎-台中,2024-03-25,9184
3231,緯創,29,13,16,群益金鼎-台中,2024-03-25,9184
3545,敦泰,23,7,16,群益金鼎-台中,2024-03-25,9184
00724B,群益投資級金融債,15,0,15,群益金鼎-台中,2024-03-25,9184
2382,廣達,25,10,15,群益金鼎-台中,2024-03-25,9184
3706,神達,46,31,15,群益金鼎-台中,2024-03-25,9184
00679B,元大美債20年,16,2,14,群益金鼎-台中,2024-03-25,9184
3035,智原,16,2,14,群益金鼎-台中,2024-03-25,9184
00905,FT臺灣Smart,13,0,13,群益金鼎-台中,2024-03-25,9184
4540,全球傳動,12,0,12,群益金鼎-台中,2024-03-25,9184
4714,永捷,14,2,12,群益金鼎-台中,2024-03-25,9184
4533,協易機,12,0,12,群益金鼎-台中,2024-03-25,9184
3005,神基,21,9,12,群益金鼎-台中,2024-03-25,9184
2376,技嘉,51,40,11,群益金鼎-台中,2024-03-25,9184
00915,凱基優選高股息30,16,5,11,群益金鼎-台中,2024-03-25,9184
6753,龍德造船,19,8,11,群益金鼎-台中,2024-03-25,9184
2596,綠意,11,0,11,群益金鼎-台中,2024-03-25,9184
7402,邑錡,26,15,11,群益金鼎-台中,2024-03-25,9184
1609,大亞,176,166,10,群益金鼎-台中,2024-03-25,9184
2482,連宇,10,0,10,群益金鼎-台中,2024-03-25,9184
3312,弘憶股,22,12,10,群益金鼎-台中,2024-03-25,9184
2836,高雄銀,10,0,10,群益金鼎-台中,2024-03-25,9184
1608,華榮,22,12,10,群益金鼎-台中,2024-03-25,9184
2897,王道銀行,10,0,10,群益金鼎-台中,2024-03-25,9184
2034,允強,10,0,10,群益金鼎-台中,2024-03-25,9184
3221,台嘉碩,10,0,10,群益金鼎-台中,2024-03-25,9184
00939,統一台灣高息動能,406,220,186,群益金鼎-台中,2024-03-26,9184
2834,臺企銀,176,0,176,群益金鼎-台中,2024-03-26,9184
00937B,群益ESG投等債20,177,10,167,群益金鼎-台中,2024-03-26,9184
00929,復華台灣科技優息,197,59,138,群益金鼎-台中,2024-03-26,9184
00680L,元大美債20正2,104,15,89,群益金鼎-台中,2024-03-26,9184
8936,國統,98,19,79,群益金鼎-台中,2024-03-26,9184
1722,台肥,66,0,66,群益金鼎-台中,2024-03-26,9184
2356,英業達,136,74,62,群益金鼎-台中,2024-03-26,9184
3231,緯創,83,31,52,群益金鼎-台中,2024-03-26,9184
2421,建準,60,17,43,群益金鼎-台中,2024-03-26,9184
00905,FT臺灣Smart,40,0,40,群益金鼎-台中,2024-03-26,9184
2883,凱基金,67,29,38,群益金鼎-台中,2024-03-26,9184
2371,大同,101,66,35,群益金鼎-台中,2024-03-26,9184
2610,華航,34,0,34,群益金鼎-台中,2024-03-26,9184
00679B,元大美債20年,39,5,34,群益金鼎-台中,2024-03-26,9184
1616,億泰,47,16,31,群益金鼎-台中,2024-03-26,9184
6257,矽格,48,17,31,群益金鼎-台中,2024-03-26,9184
2897,王道銀行,30,0,30,群益金鼎-台中,2024-03-26,9184
6215,和椿,50,23,27,群益金鼎-台中,2024-03-26,9184
1514,亞力,56,29,27,群益金鼎-台中,2024-03-26,9184
2359,所羅門,66,40,26,群益金鼎-台中,2024-03-26,9184
00923,群益台ESG低碳50,27,1,26,群益金鼎-台中,2024-03-26,9184
4909,新復興,26,3,23,群益金鼎-台中,2024-03-26,9184
2609,陽明,24,2,22,群益金鼎-台中,2024-03-26,9184
6139,亞翔,28,7,21,群益金鼎-台中,2024-03-26,9184
8112,至上,39,18,21,群益金鼎-台中,2024-03-26,9184
1314,中石化,21,0,21,群益金鼎-台中,2024-03-26,9184
1609,大亞,122,101,21,群益金鼎-台中,2024-03-26,9184
8092,建暐,30,11,19,群益金鼎-台中,2024-03-26,9184
3083,網龍,27,8,19,群益金鼎-台中,2024-03-26,9184
00764B,群益25年美債,38,19,19,群益金鼎-台中,2024-03-26,9184
00933B,國泰10Y+金融債,19,0,19,群益金鼎-台中,2024-03-26,9184
6443,元晶,31,13,18,群益金鼎-台中,2024-03-26,9184
1504,東元,64,46,18,群益金鼎-台中,2024-03-26,9184
00632R,元大台灣50反1,138,120,18,群益金鼎-台中,2024-03-26,9184
00725B,國泰投資級公司債,17,0,17,群益金鼎-台中,2024-03-26,9184
2405,輔信,17,0,17,群益金鼎-台中,2024-03-26,9184
6179,亞通,42,26,16,群益金鼎-台中,2024-03-26,9184
6789,采鈺,17,2,15,群益金鼎-台中,2024-03-26,9184
2317,鴻海,86,71,15,群益金鼎-台中,2024-03-26,9184
2303,聯電,26,13,13,群益金鼎-台中,2024-03-26,9184
2349,錸德,13,0,13,群益金鼎-台中,2024-03-26,9184
3704,合勤控,20,8,12,群益金鼎-台中,2024-03-26,9184
00881,國泰台灣5G+,13,1,12,群益金鼎-台中,2024-03-26,9184
6189,豐藝,18,6,12,群益金鼎-台中,2024-03-26,9184
2388,威盛,58,47,11,群益金鼎-台中,2024-03-26,9184
00918,大華優利高填息30,11,0,11,群益金鼎-台中,2024-03-26,9184
2344,華邦電,16,5,11,群益金鼎-台中,2024-03-26,9184
8932,智通*,12,1,11,群益金鼎-台中,2024-03-26,9184
3141,晶宏,11,0,11,群益金鼎-台中,2024-03-26,9184
00937B,群益ESG投等債20,347,6,341,群益金鼎-台中,2024-03-27,9184
00939,統一台灣高息動能,232,61,171,群益金鼎-台中,2024-03-27,9184
6005,群益證,101,1,100,群益金鼎-台中,2024-03-27,9184
00642U,期元大S＆P石油,100,0,100,群益金鼎-台中,2024-03-27,9184
2344,華邦電,75,11,64,群益金鼎-台中,2024-03-27,9184
00929,復華台灣科技優息,123,64,59,群益金鼎-台中,2024-03-27,9184
00687B,國泰20年美債,44,0,44,群益金鼎-台中,2024-03-27,9184
00915,凱基優選高股息30,40,5,35,群益金鼎-台中,2024-03-27,9184
2530,華建,30,0,30,群益金鼎-台中,2024-03-27,9184
00885,富邦越南,30,1,29,群益金鼎-台中,2024-03-27,9184
00764B,群益25年美債,40,17,23,群益金鼎-台中,2024-03-27,9184
2371,大同,114,92,22,群益金鼎-台中,2024-03-27,9184
1513,中興電,46,27,19,群益金鼎-台中,2024-03-27,9184
3059,華晶科,20,1,19,群益金鼎-台中,2024-03-27,9184
2464,盟立,34,15,19,群益金鼎-台中,2024-03-27,9184
6443,元晶,20,1,19,群益金鼎-台中,2024-03-27,9184
3622,洋華,20,1,19,群益金鼎-台中,2024-03-27,9184
5439,高技,22,5,17,群益金鼎-台中,2024-03-27,9184
1326,台化,17,0,17,群益金鼎-台中,2024-03-27,9184
6274,台燿,83,66,17,群益金鼎-台中,2024-03-27,9184
3231,緯創,22,7,15,群益金鼎-台中,2024-03-27,9184
2301,光寶科,26,11,15,群益金鼎-台中,2024-03-27,9184
5244,弘凱,15,0,15,群益金鼎-台中,2024-03-27,9184
2486,一詮,25,11,14,群益金鼎-台中,2024-03-27,9184
1808,潤隆,45,32,13,群益金鼎-台中,2024-03-27,9184
2609,陽明,26,13,13,群益金鼎-台中,2024-03-27,9184
2408,南亞科,17,4,13,群益金鼎-台中,2024-03-27,9184
00733,富邦臺灣中小,15,2,13,群益金鼎-台中,2024-03-27,9184
1612,宏泰,28,15,13,群益金鼎-台中,2024-03-27,9184
2359,所羅門,12,1,11,群益金鼎-台中,2024-03-27,9184
6770,力積電,17,6,11,群益金鼎-台中,2024-03-27,9184
6125,廣運,25,14,11,群益金鼎-台中,2024-03-27,9184
2812,台中銀,11,0,11,群益金鼎-台中,2024-03-27,9184
00679B,元大美債20年,21,10,11,群益金鼎-台中,2024-03-27,9184
2365,昆盈,25,15,10,群益金鼎-台中,2024-03-27,9184
6425,易發,20,10,10,群益金鼎-台中,2024-03-27,9184
00665L,富邦�琤肭磪囓�2,10,0,10,群益金鼎-台中,2024-03-27,9184
5347,世界,12,2,10,群益金鼎-台中,2024-03-27,9184
00680L,元大美債20正2,10,0,10,群益金鼎-台中,2024-03-27,9184
9958,世紀鋼,10,0,10,群益金鼎-台中,2024-03-27,9184
2303,聯電,12,3,9,群益金鼎-台中,2024-03-27,9184
6188,廣明,21,12,9,群益金鼎-台中,2024-03-27,9184
2367,燿華,42,33,9,群益金鼎-台中,2024-03-27,9184
2015,豐興,8,0,8,群益金鼎-台中,2024-03-27,9184
00930,永豐ESG低碳高息,8,0,8,群益金鼎-台中,2024-03-27,9184
2836,高雄銀,10,2,8,群益金鼎-台中,2024-03-27,9184
3450,聯鈞,8,0,8,群益金鼎-台中,2024-03-27,9184
8222,寶一,22,15,7,群益金鼎-台中,2024-03-27,9184
6227,茂綸,9,2,7,群益金鼎-台中,2024-03-27,9184
3188,鑫龍騰,7,0,7,群益金鼎-台中,2024-03-27,9184
00919,群益台灣精選高息,322,114,208,群益金鼎-台中,2024-03-28,9184
1326,台化,166,0,166,群益金鼎-台中,2024-03-28,9184
00937B,群益ESG投等債20,108,0,108,群益金鼎-台中,2024-03-28,9184
2890,永豐金,75,5,70,群益金鼎-台中,2024-03-28,9184
1529,樂事綠能,70,0,70,群益金鼎-台中,2024-03-28,9184
3706,神達,75,23,52,群益金鼎-台中,2024-03-28,9184
00882,中信中國高股息,50,0,50,群益金鼎-台中,2024-03-28,9184
00941,中信上游半導體,53,12,41,群益金鼎-台中,2024-03-28,9184
2344,華邦電,44,6,38,群益金鼎-台中,2024-03-28,9184
3481,群創,37,0,37,群益金鼎-台中,2024-03-28,9184
2303,聯電,46,10,36,群益金鼎-台中,2024-03-28,9184
3704,合勤控,35,2,33,群益金鼎-台中,2024-03-28,9184
6257,矽格,35,4,31,群益金鼎-台中,2024-03-28,9184
2301,光寶科,51,25,26,群益金鼎-台中,2024-03-28,9184
1603,華電,31,5,26,群益金鼎-台中,2024-03-28,9184
00687B,國泰20年美債,55,29,26,群益金鼎-台中,2024-03-28,9184
6026,福邦證,25,0,25,群益金鼎-台中,2024-03-28,9184
00901,永豐智能車供應鏈,20,0,20,群益金鼎-台中,2024-03-28,9184
3499,環天科,20,0,20,群益金鼎-台中,2024-03-28,9184
5880,合庫金,19,0,19,群益金鼎-台中,2024-03-28,9184
2317,鴻海,64,45,19,群益金鼎-台中,2024-03-28,9184
3260,威剛,20,3,17,群益金鼎-台中,2024-03-28,9184
1316,上曜,33,16,17,群益金鼎-台中,2024-03-28,9184
2328,廣宇,128,112,16,群益金鼎-台中,2024-03-28,9184
3356,奇偶,16,0,16,群益金鼎-台中,2024-03-28,9184
4532,瑞智,15,0,15,群益金鼎-台中,2024-03-28,9184
8033,雷虎,29,15,14,群益金鼎-台中,2024-03-28,9184
2367,燿華,29,16,13,群益金鼎-台中,2024-03-28,9184
2337,旺宏,13,0,13,群益金鼎-台中,2024-03-28,9184
1618,合機,31,18,13,群益金鼎-台中,2024-03-28,9184
5483,中美晶,21,9,12,群益金鼎-台中,2024-03-28,9184
5309,系統電,62,50,12,群益金鼎-台中,2024-03-28,9184
1453,大將,12,0,12,群益金鼎-台中,2024-03-28,9184
3710,連展投控,13,1,12,群益金鼎-台中,2024-03-28,9184
00918,大華優利高填息30,11,0,11,群益金鼎-台中,2024-03-28,9184
00706L,期元大S＆P日圓正2,11,0,11,群益金鼎-台中,2024-03-28,9184
1314,中石化,11,0,11,群益金鼎-台中,2024-03-28,9184
8936,國統,16,5,11,群益金鼎-台中,2024-03-28,9184
6128,上福,10,0,10,群益金鼎-台中,2024-03-28,9184
2495,普安,10,0,10,群益金鼎-台中,2024-03-28,9184
3703,欣陸,10,0,10,群益金鼎-台中,2024-03-28,9184
1445,大宇,10,0,10,群益金鼎-台中,2024-03-28,9184
00924,復華S＆P500成長,10,0,10,群益金鼎-台中,2024-03-28,9184
5534,長虹,10,0,10,群益金鼎-台中,2024-03-28,9184
1608,華榮,17,7,10,群益金鼎-台中,2024-03-28,9184
6207,雷科,10,0,10,群益金鼎-台中,2024-03-28,9184
3005,神基,17,8,9,群益金鼎-台中,2024-03-28,9184
2415,錩新,14,5,9,群益金鼎-台中,2024-03-28,9184
2851,中再保,10,1,9,群益金鼎-台中,2024-03-28,9184
9958,世紀鋼,10,1,9,群益金鼎-台中,2024-03-28,9184
00937B,群益ESG投等債20,172,35,137,群益金鼎-台中,2024-03-29,9184
1722,台肥,136,0,136,群益金鼎-台中,2024-03-29,9184
2317,鴻海,141,39,102,群益金鼎-台中,2024-03-29,9184
00939,統一台灣高息動能,150,83,67,群益金鼎-台中,2024-03-29,9184
00712,復華富時不動產,60,0,60,群益金鼎-台中,2024-03-29,9184
6274,台燿,57,2,55,群益金鼎-台中,2024-03-29,9184
00764B,群益25年美債,72,19,53,群益金鼎-台中,2024-03-29,9184
00900,富邦特選高股息30,50,0,50,群益金鼎-台中,2024-03-29,9184
2365,昆盈,51,5,46,群益金鼎-台中,2024-03-29,9184
2352,佳世達,50,14,36,群益金鼎-台中,2024-03-29,9184
3290,東浦,36,0,36,群益金鼎-台中,2024-03-29,9184
2371,大同,55,23,32,群益金鼎-台中,2024-03-29,9184
4572,駐龍,31,1,30,群益金鼎-台中,2024-03-29,9184
5309,系統電,34,5,29,群益金鼎-台中,2024-03-29,9184
2301,光寶科,46,18,28,群益金鼎-台中,2024-03-29,9184
2324,仁寶,33,9,24,群益金鼎-台中,2024-03-29,9184
6125,廣運,46,24,22,群益金鼎-台中,2024-03-29,9184
4720,德淵,22,0,22,群益金鼎-台中,2024-03-29,9184
00720B,元大投資級公司債,21,0,21,群益金鼎-台中,2024-03-29,9184
5388,中磊,22,2,20,群益金鼎-台中,2024-03-29,9184
8996,高力,31,11,20,群益金鼎-台中,2024-03-29,9184
00679B,元大美債20年,34,15,19,群益金鼎-台中,2024-03-29,9184
3481,群創,19,1,18,群益金鼎-台中,2024-03-29,9184
00751B,元大AAA至A公司債,28,11,17,群益金鼎-台中,2024-03-29,9184
5452,佶優,16,0,16,群益金鼎-台中,2024-03-29,9184
3701,大眾控,25,10,15,群益金鼎-台中,2024-03-29,9184
2231,為升,14,0,14,群益金鼎-台中,2024-03-29,9184
9939,宏全,16,2,14,群益金鼎-台中,2024-03-29,9184
00655L,國泰中國A50正2,13,0,13,群益金鼎-台中,2024-03-29,9184
3703,欣陸,15,2,13,群益金鼎-台中,2024-03-29,9184
00688L,國泰20年美債正2,12,0,12,群益金鼎-台中,2024-03-29,9184
2436,偉詮電,12,0,12,群益金鼎-台中,2024-03-29,9184
4533,協易機,10,0,10,群益金鼎-台中,2024-03-29,9184
5608,四維航,10,0,10,群益金鼎-台中,2024-03-29,9184
2485,兆赫,10,0,10,群益金鼎-台中,2024-03-29,9184
9935,慶豐富,10,0,10,群益金鼎-台中,2024-03-29,9184
1603,華電,13,3,10,群益金鼎-台中,2024-03-29,9184
2851,中再保,10,0,10,群益金鼎-台中,2024-03-29,9184
3689,湧德,16,6,10,群益金鼎-台中,2024-03-29,9184
6015,宏遠證,10,0,10,群益金鼎-台中,2024-03-29,9184
6141,柏承,10,0,10,群益金鼎-台中,2024-03-29,9184
2634,漢翔,18,8,10,群益金鼎-台中,2024-03-29,9184
3059,華晶科,10,1,9,群益金鼎-台中,2024-03-29,9184
6196,帆宣,10,1,9,群益金鼎-台中,2024-03-29,9184
2405,輔信,8,1,7,群益金鼎-台中,2024-03-29,9184
2009,第一銅,11,4,7,群益金鼎-台中,2024-03-29,9184
4958,臻鼎-KY,12,5,7,群益金鼎-台中,2024-03-29,9184
1815,富喬,24,18,6,群益金鼎-台中,2024-03-29,9184
6189,豐藝,9,3,6,群益金鼎-台中,2024-03-29,9184
5512,力麒,6,0,6,群益金鼎-台中,2024-03-29,9184
00940,元大台灣價值高息,876,385,491,群益金鼎-台中,2024-04-01,9184
00937B,群益ESG投等債20,492,2,490,群益金鼎-台中,2024-04-01,9184
2891,中信金,226,7,219,群益金鼎-台中,2024-04-01,9184
00919,群益台灣精選高息,110,42,68,群益金鼎-台中,2024-04-01,9184
00939,統一台灣高息動能,101,36,65,群益金鼎-台中,2024-04-01,9184
1815,富喬,103,42,61,群益金鼎-台中,2024-04-01,9184
00929,復華台灣科技優息,51,7,44,群益金鼎-台中,2024-04-01,9184
00885,富邦越南,41,0,41,群益金鼎-台中,2024-04-01,9184
2352,佳世達,40,0,40,群益金鼎-台中,2024-04-01,9184
6188,廣明,47,7,40,群益金鼎-台中,2024-04-01,9184
00632R,元大台灣50反1,40,0,40,群益金鼎-台中,2024-04-01,9184
020027,元大上櫃ESG成長N,40,0,40,群益金鼎-台中,2024-04-01,9184
6016,康和證,35,0,35,群益金鼎-台中,2024-04-01,9184
00712,復華富時不動產,31,2,29,群益金鼎-台中,2024-04-01,9184
1527,鑽全,30,2,28,群益金鼎-台中,2024-04-01,9184
2834,臺企銀,25,0,25,群益金鼎-台中,2024-04-01,9184
2382,廣達,42,18,24,群益金鼎-台中,2024-04-01,9184
2356,英業達,40,17,23,群益金鼎-台中,2024-04-01,9184
6695,芯鼎,42,20,22,群益金鼎-台中,2024-04-01,9184
2369,菱生,22,0,22,群益金鼎-台中,2024-04-01,9184
6186,新潤,21,0,21,群益金鼎-台中,2024-04-01,9184
3305,昇貿,20,0,20,群益金鼎-台中,2024-04-01,9184
00888,永豐台灣ESG,20,1,19,群益金鼎-台中,2024-04-01,9184
00645,富邦日本,20,1,19,群益金鼎-台中,2024-04-01,9184
1722,台肥,30,11,19,群益金鼎-台中,2024-04-01,9184
3231,緯創,37,19,18,群益金鼎-台中,2024-04-01,9184
00740B,富邦全球投等債,18,0,18,群益金鼎-台中,2024-04-01,9184
3260,威剛,23,6,17,群益金鼎-台中,2024-04-01,9184
5347,世界,17,0,17,群益金鼎-台中,2024-04-01,9184
00669R,國泰美國道瓊反1,17,0,17,群益金鼎-台中,2024-04-01,9184
3711,日月光投控,17,1,16,群益金鼎-台中,2024-04-01,9184
1785,光洋科,15,0,15,群益金鼎-台中,2024-04-01,9184
4167,松瑞藥,15,1,14,群益金鼎-台中,2024-04-01,9184
2492,華新科,21,7,14,群益金鼎-台中,2024-04-01,9184
5483,中美晶,15,2,13,群益金鼎-台中,2024-04-01,9184
6125,廣運,16,3,13,群益金鼎-台中,2024-04-01,9184
6425,易發,24,11,13,群益金鼎-台中,2024-04-01,9184
4714,永捷,18,5,13,群益金鼎-台中,2024-04-01,9184
1906,寶隆,12,0,12,群益金鼎-台中,2024-04-01,9184
2328,廣宇,17,5,12,群益金鼎-台中,2024-04-01,9184
6416,瑞祺電通,11,0,11,群益金鼎-台中,2024-04-01,9184
00936,台新永續高息中小,11,0,11,群益金鼎-台中,2024-04-01,9184
3704,合勤控,12,1,11,群益金鼎-台中,2024-04-01,9184
4956,光鋐,11,0,11,群益金鼎-台中,2024-04-01,9184
3149,正達,10,0,10,群益金鼎-台中,2024-04-01,9184
3701,大眾控,10,0,10,群益金鼎-台中,2024-04-01,9184
00648R,元大S＆P500反1,10,0,10,群益金鼎-台中,2024-04-01,9184
2413,環科,10,0,10,群益金鼎-台中,2024-04-01,9184
00933B,國泰10Y+金融債,11,1,10,群益金鼎-台中,2024-04-01,9184
2547,日勝生,10,0,10,群益金鼎-台中,2024-04-01,9184
00929,復華台灣科技優息,1335,62,1273,群益金鼎-台中,2024-04-02,9184
00632R,元大台灣50反1,174,7,167,群益金鼎-台中,2024-04-02,9184
2367,燿華,112,5,107,群益金鼎-台中,2024-04-02,9184
00933B,國泰10Y+金融債,101,0,101,群益金鼎-台中,2024-04-02,9184
4564,元翎,100,0,100,群益金鼎-台中,2024-04-02,9184
00687B,國泰20年美債,133,35,98,群益金鼎-台中,2024-04-02,9184
00937B,群益ESG投等債20,541,443,98,群益金鼎-台中,2024-04-02,9184
2371,大同,101,31,70,群益金鼎-台中,2024-04-02,9184
4720,德淵,47,0,47,群益金鼎-台中,2024-04-02,9184
1815,富喬,72,26,46,群益金鼎-台中,2024-04-02,9184
00941,中信上游半導體,66,26,40,群益金鼎-台中,2024-04-02,9184
2352,佳世達,40,2,38,群益金鼎-台中,2024-04-02,9184
00772B,中信高評級公司債,35,0,35,群益金鼎-台中,2024-04-02,9184
00795B,中信美國公債20年,34,0,34,群益金鼎-台中,2024-04-02,9184
2301,光寶科,46,14,32,群益金鼎-台中,2024-04-02,9184
6274,台燿,63,32,31,群益金鼎-台中,2024-04-02,9184
00679B,元大美債20年,41,10,31,群益金鼎-台中,2024-04-02,9184
00680L,元大美債20正2,30,0,30,群益金鼎-台中,2024-04-02,9184
00764B,群益25年美債,25,0,25,群益金鼎-台中,2024-04-02,9184
2610,華航,23,0,23,群益金鼎-台中,2024-04-02,9184
6257,矽格,24,1,23,群益金鼎-台中,2024-04-02,9184
2530,華建,21,0,21,群益金鼎-台中,2024-04-02,9184
2492,華新科,32,11,21,群益金鼎-台中,2024-04-02,9184
1605,華新,21,2,19,群益金鼎-台中,2024-04-02,9184
00725B,國泰投資級公司債,18,0,18,群益金鼎-台中,2024-04-02,9184
2634,漢翔,33,15,18,群益金鼎-台中,2024-04-02,9184
2354,鴻準,45,28,17,群益金鼎-台中,2024-04-02,9184
6188,廣明,20,3,17,群益金鼎-台中,2024-04-02,9184
6197,佳必琪,44,27,17,群益金鼎-台中,2024-04-02,9184
8932,智通*,17,0,17,群益金鼎-台中,2024-04-02,9184
2405,輔信,15,0,15,群益金鼎-台中,2024-04-02,9184
00688L,國泰20年美債正2,15,0,15,群益金鼎-台中,2024-04-02,9184
8112,至上,16,1,15,群益金鼎-台中,2024-04-02,9184
3260,威剛,16,1,15,群益金鼎-台中,2024-04-02,9184
00720B,元大投資級公司債,14,0,14,群益金鼎-台中,2024-04-02,9184
2603,長榮,32,17,15,群益金鼎-台中,2024-04-02,9184
00706L,期元大S＆P日圓正2,15,1,14,群益金鼎-台中,2024-04-02,9184
2421,建準,15,2,13,群益金鼎-台中,2024-04-02,9184
00645,富邦日本,13,0,13,群益金鼎-台中,2024-04-02,9184
8046,南電,12,0,12,群益金鼎-台中,2024-04-02,9184
3715,定穎投控,43,31,12,群益金鼎-台中,2024-04-02,9184
6163,華電網,11,0,11,群益金鼎-台中,2024-04-02,9184
3622,洋華,24,13,11,群益金鼎-台中,2024-04-02,9184
00673R,期元大S＆P原油反1,11,0,11,群益金鼎-台中,2024-04-02,9184
00643,群益深証中小,11,0,11,群益金鼎-台中,2024-04-02,9184
2201,裕隆,11,0,11,群益金鼎-台中,2024-04-02,9184
8033,雷虎,15,4,11,群益金鼎-台中,2024-04-02,9184
3548,兆利,17,7,10,群益金鼎-台中,2024-04-02,9184
0056,元大高股息,10,0,10,群益金鼎-台中,2024-04-02,9184
1440,南紡,10,0,10,群益金鼎-台中,2024-04-02,9184
00937B,群益ESG投等債20,738,14,724,群益金鼎-台中,2024-04-03,9184
00927,群益半導體收益,526,0,526,群益金鼎-台中,2024-04-03,9184
00719B,元大美債1-3,201,0,201,群益金鼎-台中,2024-04-03,9184
1326,台化,215,37,178,群益金鼎-台中,2024-04-03,9184
4564,元翎,171,3,168,群益金鼎-台中,2024-04-03,9184
1529,樂事綠能,60,0,60,群益金鼎-台中,2024-04-03,9184
00941,中信上游半導體,59,1,58,群益金鼎-台中,2024-04-03,9184
2409,友達,53,1,52,群益金鼎-台中,2024-04-03,9184
00864B,中信美國公債0-1,50,0,50,群益金鼎-台中,2024-04-03,9184
2505,國揚,50,0,50,群益金鼎-台中,2024-04-03,9184
2880,華南金,50,0,50,群益金鼎-台中,2024-04-03,9184
00940,元大台灣價值高息,233,185,48,群益金鼎-台中,2024-04-03,9184
00919,群益台灣精選高息,80,32,48,群益金鼎-台中,2024-04-03,9184
2382,廣達,52,14,38,群益金鼎-台中,2024-04-03,9184
6139,亞翔,63,26,37,群益金鼎-台中,2024-04-03,9184
00933B,國泰10Y+金融債,32,0,32,群益金鼎-台中,2024-04-03,9184
6290,良維,32,1,31,群益金鼎-台中,2024-04-03,9184
5511,德昌,30,0,30,群益金鼎-台中,2024-04-03,9184
3673,TPK-KY,30,0,30,群益金鼎-台中,2024-04-03,9184
2610,華航,31,3,28,群益金鼎-台中,2024-04-03,9184
8054,安國,61,33,28,群益金鼎-台中,2024-04-03,9184
8936,國統,30,3,27,群益金鼎-台中,2024-04-03,9184
2888,新光金,27,0,27,群益金鼎-台中,2024-04-03,9184
00764B,群益25年美債,25,0,25,群益金鼎-台中,2024-04-03,9184
3036,文曄,33,9,24,群益金鼎-台中,2024-04-03,9184
2618,長榮航,27,3,24,群益金鼎-台中,2024-04-03,9184
4714,永捷,24,0,24,群益金鼎-台中,2024-04-03,9184
1101,台泥,35,12,23,群益金鼎-台中,2024-04-03,9184
1609,大亞,49,27,22,群益金鼎-台中,2024-04-03,9184
2201,裕隆,22,0,22,群益金鼎-台中,2024-04-03,9184
1605,華新,27,5,22,群益金鼎-台中,2024-04-03,9184
2317,鴻海,50,28,22,群益金鼎-台中,2024-04-03,9184
2881,富邦金,21,0,21,群益金鼎-台中,2024-04-03,9184
6207,雷科,41,20,21,群益金鼎-台中,2024-04-03,9184
2038,海光,24,3,21,群益金鼎-台中,2024-04-03,9184
2010,春源,21,0,21,群益金鼎-台中,2024-04-03,9184
6244,茂迪,20,0,20,群益金鼎-台中,2024-04-03,9184
3712,永崴投控,20,1,19,群益金鼎-台中,2024-04-03,9184
00680L,元大美債20正2,16,0,16,群益金鼎-台中,2024-04-03,9184
5011,久陽,16,0,16,群益金鼎-台中,2024-04-03,9184
00720B,元大投資級公司債,16,0,16,群益金鼎-台中,2024-04-03,9184
2353,宏��,28,13,15,群益金鼎-台中,2024-04-03,9184
1524,耿鼎,24,9,15,群益金鼎-台中,2024-04-03,9184
4958,臻鼎-KY,17,3,14,群益金鼎-台中,2024-04-03,9184
3666,光耀,47,34,13,群益金鼎-台中,2024-04-03,9184
3481,群創,20,7,13,群益金鼎-台中,2024-04-03,9184
2611,志信,13,1,12,群益金鼎-台中,2024-04-03,9184
2316,楠梓電,12,0,12,群益金鼎-台中,2024-04-03,9184
5880,合庫金,12,0,12,群益金鼎-台中,2024-04-03,9184
3622,洋華,13,1,12,群益金鼎-台中,2024-04-03,9184
00929,復華台灣科技優息,220,0,220,群益金鼎-台中,2024-04-08,9184
00919,群益台灣精選高息,141,0,141,群益金鼎-台中,2024-04-08,9184
00937B,群益ESG投等債20,260,150,110,群益金鼎-台中,2024-04-08,9184
00687B,國泰20年美債,104,4,100,群益金鼎-台中,2024-04-08,9184
9904,寶成,104,10,94,群益金鼎-台中,2024-04-08,9184
3231,緯創,131,39,92,群益金鼎-台中,2024-04-08,9184
00940,元大台灣價值高息,174,108,66,群益金鼎-台中,2024-04-08,9184
2506,太設,63,0,63,群益金鼎-台中,2024-04-08,9184
1722,台肥,60,0,60,群益金鼎-台中,2024-04-08,9184
00915,凱基優選高股息30,52,0,52,群益金鼎-台中,2024-04-08,9184
6125,廣運,159,108,51,群益金鼎-台中,2024-04-08,9184
00632R,元大台灣50反1,48,0,48,群益金鼎-台中,2024-04-08,9184
00733,富邦臺灣中小,46,5,41,群益金鼎-台中,2024-04-08,9184
6285,啟��,32,0,32,群益金鼎-台中,2024-04-08,9184
3260,威剛,27,1,26,群益金鼎-台中,2024-04-08,9184
2515,中工,183,158,25,群益金鼎-台中,2024-04-08,9184
2317,鴻海,42,17,25,群益金鼎-台中,2024-04-08,9184
1513,中興電,37,12,25,群益金鼎-台中,2024-04-08,9184
00642U,期元大S＆P石油,30,6,24,群益金鼎-台中,2024-04-08,9184
00878,國泰永續高股息,31,7,24,群益金鼎-台中,2024-04-08,9184
6257,矽格,24,1,23,群益金鼎-台中,2024-04-08,9184
00941,中信上游半導體,24,1,23,群益金鼎-台中,2024-04-08,9184
00720B,元大投資級公司債,22,0,22,群益金鼎-台中,2024-04-08,9184
2356,英業達,46,25,21,群益金鼎-台中,2024-04-08,9184
6005,群益證,54,34,20,群益金鼎-台中,2024-04-08,9184
020027,元大上櫃ESG成長N,20,0,20,群益金鼎-台中,2024-04-08,9184
00751B,元大AAA至A公司債,18,1,17,群益金鼎-台中,2024-04-08,9184
1789,神隆,16,0,16,群益金鼎-台中,2024-04-08,9184
2460,建通,15,0,15,群益金鼎-台中,2024-04-08,9184
00673R,期元大S＆P原油反1,15,0,15,群益金鼎-台中,2024-04-08,9184
2353,宏��,18,3,15,群益金鼎-台中,2024-04-08,9184
8034,榮群,15,0,15,群益金鼎-台中,2024-04-08,9184
2464,盟立,37,23,14,群益金鼎-台中,2024-04-08,9184
2851,中再保,13,0,13,群益金鼎-台中,2024-04-08,9184
8926,台汽電,14,1,13,群益金鼎-台中,2024-04-08,9184
1519,華城,18,6,12,群益金鼎-台中,2024-04-08,9184
2324,仁寶,12,0,12,群益金鼎-台中,2024-04-08,9184
5871,中租-KY,12,0,12,群益金鼎-台中,2024-04-08,9184
4561,健椿,15,4,11,群益金鼎-台中,2024-04-08,9184
3122,笙泉,12,1,11,群益金鼎-台中,2024-04-08,9184
3290,東浦,10,0,10,群益金鼎-台中,2024-04-08,9184
00671R,富邦NASDAQ反1,10,0,10,群益金鼎-台中,2024-04-08,9184
2367,燿華,29,19,10,群益金鼎-台中,2024-04-08,9184
4907,富宇,10,0,10,群益金鼎-台中,2024-04-08,9184
00891,中信關鍵半導體,10,0,10,群益金鼎-台中,2024-04-08,9184
4726,永昕,10,0,10,群益金鼎-台中,2024-04-08,9184
5443,均豪,49,40,9,群益金鼎-台中,2024-04-08,9184
5356,協益,9,0,9,群益金鼎-台中,2024-04-08,9184
1522,堤維西,16,7,9,群益金鼎-台中,2024-04-08,9184
2313,華通,16,7,9,群益金鼎-台中,2024-04-08,9184
00632R,元大台灣50反1,439,1,438,群益金鼎-台中,2024-04-09,9184
00929,復華台灣科技優息,229,0,229,群益金鼎-台中,2024-04-09,9184
00937B,群益ESG投等債20,161,3,158,群益金鼎-台中,2024-04-09,9184
912000,晨訊科-DR,104,0,104,群益金鼎-台中,2024-04-09,9184
00919,群益台灣精選高息,150,58,92,群益金鼎-台中,2024-04-09,9184
9904,寶成,69,0,69,群益金鼎-台中,2024-04-09,9184
00642U,期元大S＆P石油,70,3,67,群益金鼎-台中,2024-04-09,9184
3231,緯創,192,130,62,群益金鼎-台中,2024-04-09,9184
020027,元大上櫃ESG成長N,85,25,60,群益金鼎-台中,2024-04-09,9184
6125,廣運,74,19,55,群益金鼎-台中,2024-04-09,9184
2356,英業達,49,14,35,群益金鼎-台中,2024-04-09,9184
2233,宇隆,30,0,30,群益金鼎-台中,2024-04-09,9184
2834,臺企銀,32,2,30,群益金鼎-台中,2024-04-09,9184
1906,寶隆,45,15,30,群益金鼎-台中,2024-04-09,9184
00941,中信上游半導體,29,0,29,群益金鼎-台中,2024-04-09,9184
4714,永捷,29,0,29,群益金鼎-台中,2024-04-09,9184
00680L,元大美債20正2,25,0,25,群益金鼎-台中,2024-04-09,9184
2317,鴻海,57,32,25,群益金鼎-台中,2024-04-09,9184
6005,群益證,52,30,22,群益金鼎-台中,2024-04-09,9184
2506,太設,20,0,20,群益金鼎-台中,2024-04-09,9184
00857B,永豐20年美公債,20,0,20,群益金鼎-台中,2024-04-09,9184
2382,廣達,34,14,20,群益金鼎-台中,2024-04-09,9184
3481,群創,38,19,19,群益金鼎-台中,2024-04-09,9184
2486,一詮,92,73,19,群益金鼎-台中,2024-04-09,9184
2449,京元電子,23,5,18,群益金鼎-台中,2024-04-09,9184
00637L,元大滬深300正2,40,22,18,群益金鼎-台中,2024-04-09,9184
2022,聚亨,87,69,18,群益金鼎-台中,2024-04-09,9184
1104,環泥,20,2,18,群益金鼎-台中,2024-04-09,9184
6768,志強-KY,18,0,18,群益金鼎-台中,2024-04-09,9184
1301,台塑,20,4,16,群益金鼎-台中,2024-04-09,9184
5521,工信,27,11,16,群益金鼎-台中,2024-04-09,9184
00720B,元大投資級公司債,14,0,14,群益金鼎-台中,2024-04-09,9184
2025,千興,15,1,14,群益金鼎-台中,2024-04-09,9184
4123,晟德,16,3,13,群益金鼎-台中,2024-04-09,9184
2484,希華,13,0,13,群益金鼎-台中,2024-04-09,9184
00679B,元大美債20年,14,1,13,群益金鼎-台中,2024-04-09,9184
4909,新復興,13,0,13,群益金鼎-台中,2024-04-09,9184
00673R,期元大S＆P原油反1,12,0,12,群益金鼎-台中,2024-04-09,9184
2464,盟立,34,22,12,群益金鼎-台中,2024-04-09,9184
3324,雙鴻,37,26,11,群益金鼎-台中,2024-04-09,9184
3059,華晶科,14,3,11,群益金鼎-台中,2024-04-09,9184
3078,僑威,11,0,11,群益金鼎-台中,2024-04-09,9184
8016,矽創,13,3,10,群益金鼎-台中,2024-04-09,9184
2609,陽明,11,1,10,群益金鼎-台中,2024-04-09,9184
00696B,富邦美債20年,10,0,10,群益金鼎-台中,2024-04-09,9184
2542,興富發,10,0,10,群益金鼎-台中,2024-04-09,9184
00664R,國泰臺灣加權反1,10,0,10,群益金鼎-台中,2024-04-09,9184
00733,富邦臺灣中小,37,27,10,群益金鼎-台中,2024-04-09,9184
00905,FT臺灣Smart,10,0,10,群益金鼎-台中,2024-04-09,9184
3322,建舜電,10,0,10,群益金鼎-台中,2024-04-09,9184
00929,復華台灣科技優息,474,23,451,群益金鼎-台中,2024-04-10,9184
2464,盟立,207,48,159,群益金鼎-台中,2024-04-10,9184
2888,新光金,134,7,127,群益金鼎-台中,2024-04-10,9184
00937B,群益ESG投等債20,149,27,122,群益金鼎-台中,2024-04-10,9184
2002,中鋼,107,8,99,群益金鼎-台中,2024-04-10,9184
5880,合庫金,100,1,99,群益金鼎-台中,2024-04-10,9184
2009,第一銅,159,70,89,群益金鼎-台中,2024-04-10,9184
6125,廣運,75,7,68,群益金鼎-台中,2024-04-10,9184
00885,富邦越南,61,1,60,群益金鼎-台中,2024-04-10,9184
6207,雷科,60,7,53,群益金鼎-台中,2024-04-10,9184
2883,凱基金,52,0,52,群益金鼎-台中,2024-04-10,9184
2511,太子,42,2,40,群益金鼎-台中,2024-04-10,9184
3576,聯合再生,94,56,38,群益金鼎-台中,2024-04-10,9184
2363,矽統,175,138,37,群益金鼎-台中,2024-04-10,9184
1101,台泥,34,2,32,群益金鼎-台中,2024-04-10,9184
2376,技嘉,38,9,29,群益金鼎-台中,2024-04-10,9184
5439,高技,31,2,29,群益金鼎-台中,2024-04-10,9184
5388,中磊,26,2,24,群益金鼎-台中,2024-04-10,9184
1722,台肥,24,0,24,群益金鼎-台中,2024-04-10,9184
00940,元大台灣價值高息,138,118,20,群益金鼎-台中,2024-04-10,9184
1504,東元,21,1,20,群益金鼎-台中,2024-04-10,9184
2460,建通,25,5,20,群益金鼎-台中,2024-04-10,9184
2605,新興,20,0,20,群益金鼎-台中,2024-04-10,9184
5521,工信,26,6,20,群益金鼎-台中,2024-04-10,9184
2820,華票,20,0,20,群益金鼎-台中,2024-04-10,9184
3231,緯創,118,99,19,群益金鼎-台中,2024-04-10,9184
8096,擎亞,54,36,18,群益金鼎-台中,2024-04-10,9184
2324,仁寶,29,11,18,群益金鼎-台中,2024-04-10,9184
2515,中工,48,31,17,群益金鼎-台中,2024-04-10,9184
6005,群益證,21,4,17,群益金鼎-台中,2024-04-10,9184
4402,郡都開發,16,0,16,群益金鼎-台中,2024-04-10,9184
3294,英濟,38,23,15,群益金鼎-台中,2024-04-10,9184
5011,久陽,15,0,15,群益金鼎-台中,2024-04-10,9184
00720B,元大投資級公司債,17,3,14,群益金鼎-台中,2024-04-10,9184
2882,國泰金,15,1,14,群益金鼎-台中,2024-04-10,9184
4909,新復興,14,0,14,群益金鼎-台中,2024-04-10,9184
2618,長榮航,17,4,13,群益金鼎-台中,2024-04-10,9184
5871,中租-KY,13,0,13,群益金鼎-台中,2024-04-10,9184
2353,宏��,47,34,13,群益金鼎-台中,2024-04-10,9184
2301,光寶科,13,1,12,群益金鼎-台中,2024-04-10,9184
00923,群益台ESG低碳50,12,0,12,群益金鼎-台中,2024-04-10,9184
2317,鴻海,45,34,11,群益金鼎-台中,2024-04-10,9184
2881,富邦金,11,0,11,群益金鼎-台中,2024-04-10,9184
6425,易發,21,10,11,群益金鼎-台中,2024-04-10,9184
4561,健椿,11,0,11,群益金鼎-台中,2024-04-10,9184
2884,玉山金,11,0,11,群益金鼎-台中,2024-04-10,9184
8112,至上,34,23,11,群益金鼎-台中,2024-04-10,9184
6698,旭暉應材,10,0,10,群益金鼎-台中,2024-04-10,9184
4168,醣聯,10,0,10,群益金鼎-台中,2024-04-10,9184
9944,新麗,10,0,10,群益金鼎-台中,2024-04-10,9184
00929,復華台灣科技優息,869,9,860,群益金鼎-台中,2024-04-11,9184
00712,復華富時不動產,170,0,170,群益金鼎-台中,2024-04-11,9184
1722,台肥,127,0,127,群益金鼎-台中,2024-04-11,9184
00679B,元大美債20年,111,4,107,群益金鼎-台中,2024-04-11,9184
00688L,國泰20年美債正2,104,0,104,群益金鼎-台中,2024-04-11,9184
00937B,群益ESG投等債20,398,312,86,群益金鼎-台中,2024-04-11,9184
3481,群創,103,17,86,群益金鼎-台中,2024-04-11,9184
2367,燿華,72,7,65,群益金鼎-台中,2024-04-11,9184
00687B,國泰20年美債,55,7,48,群益金鼎-台中,2024-04-11,9184
4572,駐龍,43,0,43,群益金鼎-台中,2024-04-11,9184
00933B,國泰10Y+金融債,41,0,41,群益金鼎-台中,2024-04-11,9184
00676R,富邦臺灣加權反1,40,0,40,群益金鼎-台中,2024-04-11,9184
00720B,元大投資級公司債,34,0,34,群益金鼎-台中,2024-04-11,9184
6275,元山,30,0,30,群益金鼎-台中,2024-04-11,9184
3305,昇貿,29,0,29,群益金鼎-台中,2024-04-11,9184
0056,元大高股息,31,2,29,群益金鼎-台中,2024-04-11,9184
00706L,期元大S＆P日圓正2,30,2,28,群益金鼎-台中,2024-04-11,9184
1326,台化,25,0,25,群益金鼎-台中,2024-04-11,9184
3260,威剛,53,29,24,群益金鼎-台中,2024-04-11,9184
3231,緯創,70,47,23,群益金鼎-台中,2024-04-11,9184
00751B,元大AAA至A公司債,24,0,24,群益金鼎-台中,2024-04-11,9184
1815,富喬,23,0,23,群益金鼎-台中,2024-04-11,9184
2406,國碩,66,45,21,群益金鼎-台中,2024-04-11,9184
3013,晟銘電,47,26,21,群益金鼎-台中,2024-04-11,9184
00904,新光臺灣半導體30,20,0,20,群益金鼎-台中,2024-04-11,9184
4155,訊映,20,0,20,群益金鼎-台中,2024-04-11,9184
2891,中信金,22,3,19,群益金鼎-台中,2024-04-11,9184
4167,松瑞藥,22,3,19,群益金鼎-台中,2024-04-11,9184
00940,元大台灣價值高息,83,64,19,群益金鼎-台中,2024-04-11,9184
00919,群益台灣精選高息,45,26,19,群益金鼎-台中,2024-04-11,9184
2405,輔信,17,0,17,群益金鼎-台中,2024-04-11,9184
5706,鳳凰,26,9,17,群益金鼎-台中,2024-04-11,9184
00680L,元大美債20正2,17,0,17,群益金鼎-台中,2024-04-11,9184
00637L,元大滬深300正2,16,0,16,群益金鼎-台中,2024-04-11,9184
2371,大同,52,37,15,群益金鼎-台中,2024-04-11,9184
2109,華豐,20,5,15,群益金鼎-台中,2024-04-11,9184
1319,東陽,15,0,15,群益金鼎-台中,2024-04-11,9184
00923,群益台ESG低碳50,15,1,14,群益金鼎-台中,2024-04-11,9184
3060,銘異,34,20,14,群益金鼎-台中,2024-04-11,9184
00725B,國泰投資級公司債,14,0,14,群益金鼎-台中,2024-04-11,9184
2009,第一銅,23,9,14,群益金鼎-台中,2024-04-11,9184
2365,昆盈,23,10,13,群益金鼎-台中,2024-04-11,9184
2515,中工,19,6,13,群益金鼎-台中,2024-04-11,9184
3016,嘉晶,13,0,13,群益金鼎-台中,2024-04-11,9184
8096,擎亞,51,38,13,群益金鼎-台中,2024-04-11,9184
2329,華泰,46,34,12,群益金鼎-台中,2024-04-11,9184
00795B,中信美國公債20年,16,4,12,群益金鼎-台中,2024-04-11,9184
1609,大亞,46,34,12,群益金鼎-台中,2024-04-11,9184
2303,聯電,11,0,11,群益金鼎-台中,2024-04-11,9184
00857B,永豐20年美公債,11,0,11,群益金鼎-台中,2024-04-11,9184
00929,復華台灣科技優息,592,47,545,群益金鼎-台中,2024-04-12,9184
00680L,元大美債20正2,136,11,125,群益金鼎-台中,2024-04-12,9184
00642U,期元大S＆P石油,110,0,110,群益金鼎-台中,2024-04-12,9184
2353,宏��,150,62,88,群益金鼎-台中,2024-04-12,9184
00679B,元大美債20年,81,0,81,群益金鼎-台中,2024-04-12,9184
2880,華南金,68,1,67,群益金鼎-台中,2024-04-12,9184
1314,中石化,61,0,61,群益金鼎-台中,2024-04-12,9184
00933B,國泰10Y+金融債,58,0,58,群益金鼎-台中,2024-04-12,9184
4564,元翎,51,0,51,群益金鼎-台中,2024-04-12,9184
00687B,國泰20年美債,76,25,51,群益金鼎-台中,2024-04-12,9184
2812,台中銀,50,0,50,群益金鼎-台中,2024-04-12,9184
2382,廣達,47,3,44,群益金鼎-台中,2024-04-12,9184
2103,台橡,40,0,40,群益金鼎-台中,2024-04-12,9184
00720B,元大投資級公司債,41,3,38,群益金鼎-台中,2024-04-12,9184
5871,中租-KY,36,0,36,群益金鼎-台中,2024-04-12,9184
2836,高雄銀,30,0,30,群益金鼎-台中,2024-04-12,9184
5347,世界,25,2,23,群益金鼎-台中,2024-04-12,9184
1101,台泥,21,0,21,群益金鼎-台中,2024-04-12,9184
2101,南港,24,3,21,群益金鼎-台中,2024-04-12,9184
4526,東台,24,4,20,群益金鼎-台中,2024-04-12,9184
8110,華東,22,2,20,群益金鼎-台中,2024-04-12,9184
00940,元大台灣價值高息,73,54,19,群益金鼎-台中,2024-04-12,9184
3305,昇貿,22,4,18,群益金鼎-台中,2024-04-12,9184
3691,碩禾,20,3,17,群益金鼎-台中,2024-04-12,9184
4167,松瑞藥,16,0,16,群益金鼎-台中,2024-04-12,9184
2405,輔信,33,17,16,群益金鼎-台中,2024-04-12,9184
1570,力肯,16,0,16,群益金鼎-台中,2024-04-12,9184
2881,富邦金,16,0,16,群益金鼎-台中,2024-04-12,9184
3231,緯創,35,20,15,群益金鼎-台中,2024-04-12,9184
2349,錸德,15,0,15,群益金鼎-台中,2024-04-12,9184
5009,榮剛,18,3,15,群益金鼎-台中,2024-04-12,9184
00665L,富邦�琤肭磪囓�2,85,71,14,群益金鼎-台中,2024-04-12,9184
2371,大同,95,82,13,群益金鼎-台中,2024-04-12,9184
5512,力麒,14,1,13,群益金鼎-台中,2024-04-12,9184
5457,宣德,13,0,13,群益金鼎-台中,2024-04-12,9184
00719B,元大美債1-3,12,0,12,群益金鼎-台中,2024-04-12,9184
00795B,中信美國公債20年,12,0,12,群益金鼎-台中,2024-04-12,9184
3294,英濟,13,1,12,群益金鼎-台中,2024-04-12,9184
4535,至興,11,0,11,群益金鼎-台中,2024-04-12,9184
00650L,復華香港正2,10,0,10,群益金鼎-台中,2024-04-12,9184
6257,矽格,12,2,10,群益金鼎-台中,2024-04-12,9184
2607,榮運,9,0,9,群益金鼎-台中,2024-04-12,9184
2356,英業達,9,0,9,群益金鼎-台中,2024-04-12,9184
00751B,元大AAA至A公司債,15,6,9,群益金鼎-台中,2024-04-12,9184
2645,長榮航太,12,3,9,群益金鼎-台中,2024-04-12,9184
3033,威健,10,1,9,群益金鼎-台中,2024-04-12,9184
00857B,永豐20年美公債,9,0,9,群益金鼎-台中,2024-04-12,9184
2002,中鋼,12,4,8,群益金鼎-台中,2024-04-12,9184
1522,堤維西,9,1,8,群益金鼎-台中,2024-04-12,9184
3055,蔚華科,8,0,8,群益金鼎-台中,2024-04-12,9184
00929,復華台灣科技優息,1428,43,1385,群益金鼎-台中,2024-04-15,9184
00680L,元大美債20正2,390,8,382,群益金鼎-台中,2024-04-15,9184
00937B,群益ESG投等債20,287,31,256,群益金鼎-台中,2024-04-15,9184
00665L,富邦�琤肭磪囓�2,187,59,128,群益金鼎-台中,2024-04-15,9184
1101,台泥,120,0,120,群益金鼎-台中,2024-04-15,9184
2371,大同,289,183,106,群益金鼎-台中,2024-04-15,9184
0056,元大高股息,85,1,84,群益金鼎-台中,2024-04-15,9184
00933B,國泰10Y+金融債,73,0,73,群益金鼎-台中,2024-04-15,9184
2867,三商壽,82,13,69,群益金鼎-台中,2024-04-15,9184
020027,元大上櫃ESG成長N,100,40,60,群益金鼎-台中,2024-04-15,9184
6167,久正,60,0,60,群益金鼎-台中,2024-04-15,9184
2409,友達,51,0,51,群益金鼎-台中,2024-04-15,9184
2538,基泰,50,3,47,群益金鼎-台中,2024-04-15,9184
2303,聯電,56,14,42,群益金鼎-台中,2024-04-15,9184
2002,中鋼,41,1,40,群益金鼎-台中,2024-04-15,9184
2427,三商電,40,0,40,群益金鼎-台中,2024-04-15,9184
00687B,國泰20年美債,36,2,34,群益金鼎-台中,2024-04-15,9184
2367,燿華,80,46,34,群益金鼎-台中,2024-04-15,9184
4564,元翎,40,10,30,群益金鼎-台中,2024-04-15,9184
1514,亞力,108,78,30,群益金鼎-台中,2024-04-15,9184
1513,中興電,88,59,29,群益金鼎-台中,2024-04-15,9184
00664R,國泰臺灣加權反1,37,10,27,群益金鼎-台中,2024-04-15,9184
2101,南港,34,7,27,群益金鼎-台中,2024-04-15,9184
1453,大將,27,0,27,群益金鼎-台中,2024-04-15,9184
00692,富邦公司治理,26,1,25,群益金鼎-台中,2024-04-15,9184
00671R,富邦NASDAQ反1,25,0,25,群益金鼎-台中,2024-04-15,9184
00752,中信中國50,25,0,25,群益金鼎-台中,2024-04-15,9184
00941,中信上游半導體,24,0,24,群益金鼎-台中,2024-04-15,9184
00725B,國泰投資級公司債,24,0,24,群益金鼎-台中,2024-04-15,9184
00939,統一台灣高息動能,50,28,22,群益金鼎-台中,2024-04-15,9184
5512,力麒,30,10,20,群益金鼎-台中,2024-04-15,9184
2836,高雄銀,20,0,20,群益金鼎-台中,2024-04-15,9184
3056,富華新,20,1,19,群益金鼎-台中,2024-04-15,9184
00720B,元大投資級公司債,39,21,18,群益金鼎-台中,2024-04-15,9184
00927,群益半導體收益,18,0,18,群益金鼎-台中,2024-04-15,9184
6282,康舒,19,1,18,群益金鼎-台中,2024-04-15,9184
2353,宏��,45,28,17,群益金鼎-台中,2024-04-15,9184
00764B,群益25年美債,17,0,17,群益金鼎-台中,2024-04-15,9184
3013,晟銘電,41,25,16,群益金鼎-台中,2024-04-15,9184
6244,茂迪,30,15,15,群益金鼎-台中,2024-04-15,9184
1785,光洋科,56,41,15,群益金鼎-台中,2024-04-15,9184
3615,安可,41,27,14,群益金鼎-台中,2024-04-15,9184
3163,波若威,15,1,14,群益金鼎-台中,2024-04-15,9184
6613,朋億*,17,3,14,群益金鼎-台中,2024-04-15,9184
4167,松瑞藥,14,0,14,群益金鼎-台中,2024-04-15,9184
6901,鑽石投資,13,0,13,群益金鼎-台中,2024-04-15,9184
1605,華新,65,52,13,群益金鼎-台中,2024-04-15,9184
1612,宏泰,31,18,13,群益金鼎-台中,2024-04-15,9184
3060,銘異,20,7,13,群益金鼎-台中,2024-04-15,9184
3260,威剛,31,18,13,群益金鼎-台中,2024-04-15,9184
00929,復華台灣科技優息,862,123,739,群益金鼎-台中,2024-04-16,9184
00940,元大台灣價值高息,717,76,641,群益金鼎-台中,2024-04-16,9184
0056,元大高股息,457,10,447,群益金鼎-台中,2024-04-16,9184
2834,臺企銀,288,2,286,群益金鼎-台中,2024-04-16,9184
00937B,群益ESG投等債20,798,514,284,群益金鼎-台中,2024-04-16,9184
00919,群益台灣精選高息,393,272,121,群益金鼎-台中,2024-04-16,9184
1326,台化,112,0,112,群益金鼎-台中,2024-04-16,9184
00878,國泰永續高股息,103,3,100,群益金鼎-台中,2024-04-16,9184
1722,台肥,86,0,86,群益金鼎-台中,2024-04-16,9184
1609,大亞,274,196,78,群益金鼎-台中,2024-04-16,9184
00933B,國泰10Y+金融債,86,14,72,群益金鼎-台中,2024-04-16,9184
8213,志超,60,0,60,群益金鼎-台中,2024-04-16,9184
00692,富邦公司治理,59,0,59,群益金鼎-台中,2024-04-16,9184
2408,南亞科,60,3,57,群益金鼎-台中,2024-04-16,9184
2897,王道銀行,50,0,50,群益金鼎-台中,2024-04-16,9184
00941,中信上游半導體,77,30,47,群益金鼎-台中,2024-04-16,9184
00720B,元大投資級公司債,38,0,38,群益金鼎-台中,2024-04-16,9184
2801,彰銀,37,0,37,群益金鼎-台中,2024-04-16,9184
2353,宏��,48,12,36,群益金鼎-台中,2024-04-16,9184
2615,萬海,38,2,36,群益金鼎-台中,2024-04-16,9184
00713,元大台灣高息低波,37,1,36,群益金鼎-台中,2024-04-16,9184
3481,群創,41,6,35,群益金鼎-台中,2024-04-16,9184
3024,憶聲,35,0,35,群益金鼎-台中,2024-04-16,9184
8936,國統,53,19,34,群益金鼎-台中,2024-04-16,9184
2618,長榮航,37,3,34,群益金鼎-台中,2024-04-16,9184
00733,富邦臺灣中小,59,28,31,群益金鼎-台中,2024-04-16,9184
00891,中信關鍵半導體,30,0,30,群益金鼎-台中,2024-04-16,9184
2352,佳世達,34,4,30,群益金鼎-台中,2024-04-16,9184
2605,新興,31,2,29,群益金鼎-台中,2024-04-16,9184
2344,華邦電,48,20,28,群益金鼎-台中,2024-04-16,9184
2303,聯電,36,8,28,群益金鼎-台中,2024-04-16,9184
6901,鑽石投資,27,0,27,群益金鼎-台中,2024-04-16,9184
2409,友達,29,2,27,群益金鼎-台中,2024-04-16,9184
2838,聯邦銀,27,0,27,群益金鼎-台中,2024-04-16,9184
2515,中工,35,8,27,群益金鼎-台中,2024-04-16,9184
6616,特昇-KY,25,0,25,群益金鼎-台中,2024-04-16,9184
00927,群益半導體收益,24,0,24,群益金鼎-台中,2024-04-16,9184
00931B,統一美債20年,26,2,24,群益金鼎-台中,2024-04-16,9184
2880,華南金,50,27,23,群益金鼎-台中,2024-04-16,9184
00687B,國泰20年美債,24,2,22,群益金鼎-台中,2024-04-16,9184
00882,中信中國高股息,21,0,21,群益金鼎-台中,2024-04-16,9184
1810,和成,32,11,21,群益金鼎-台中,2024-04-16,9184
2538,基泰,20,0,20,群益金鼎-台中,2024-04-16,9184
00665L,富邦�琤肭磪囓�2,20,0,20,群益金鼎-台中,2024-04-16,9184
00939,統一台灣高息動能,125,106,19,群益金鼎-台中,2024-04-16,9184
00637L,元大滬深300正2,31,12,19,群益金鼎-台中,2024-04-16,9184
2610,華航,19,0,19,群益金鼎-台中,2024-04-16,9184
2330,台積電,22,4,18,群益金鼎-台中,2024-04-16,9184
3701,大眾控,18,0,18,群益金鼎-台中,2024-04-16,9184
00650L,復華香港正2,20,2,18,群益金鼎-台中,2024-04-16,9184
00937B,群益ESG投等債20,1253,20,1233,群益金鼎-台中,2024-04-17,9184
00929,復華台灣科技優息,843,7,836,群益金鼎-台中,2024-04-17,9184
00632R,元大台灣50反1,291,0,291,群益金鼎-台中,2024-04-17,9184
0056,元大高股息,147,0,147,群益金鼎-台中,2024-04-17,9184
00720B,元大投資級公司債,139,45,94,群益金鼎-台中,2024-04-17,9184
3027,盛達,95,11,84,群益金鼎-台中,2024-04-17,9184
1326,台化,126,50,76,群益金鼎-台中,2024-04-17,9184
00688L,國泰20年美債正2,60,0,60,群益金鼎-台中,2024-04-17,9184
00665L,富邦�琤肭磪囓�2,110,50,60,群益金鼎-台中,2024-04-17,9184
2501,國建,62,4,58,群益金鼎-台中,2024-04-17,9184
00933B,國泰10Y+金融債,52,0,52,群益金鼎-台中,2024-04-17,9184
00857B,永豐20年美公債,52,0,52,群益金鼎-台中,2024-04-17,9184
00681R,元大美債20反1,50,0,50,群益金鼎-台中,2024-04-17,9184
00882,中信中國高股息,50,0,50,群益金鼎-台中,2024-04-17,9184
00679B,元大美債20年,51,3,48,群益金鼎-台中,2024-04-17,9184
00687B,國泰20年美債,42,0,42,群益金鼎-台中,2024-04-17,9184
00940,元大台灣價值高息,120,79,41,群益金鼎-台中,2024-04-17,9184
2618,長榮航,42,1,41,群益金鼎-台中,2024-04-17,9184
2356,英業達,42,3,39,群益金鼎-台中,2024-04-17,9184
00941,中信上游半導體,56,20,36,群益金鼎-台中,2024-04-17,9184
00712,復華富時不動產,35,0,35,群益金鼎-台中,2024-04-17,9184
3045,台灣大,35,0,35,群益金鼎-台中,2024-04-17,9184
2103,台橡,35,2,33,群益金鼎-台中,2024-04-17,9184
6282,康舒,44,14,30,群益金鼎-台中,2024-04-17,9184
00927,群益半導體收益,30,0,30,群益金鼎-台中,2024-04-17,9184
3024,憶聲,25,0,25,群益金鼎-台中,2024-04-17,9184
5529,鉅陞,25,0,25,群益金鼎-台中,2024-04-17,9184
2885,元大金,24,0,24,群益金鼎-台中,2024-04-17,9184
1789,神隆,22,0,22,群益金鼎-台中,2024-04-17,9184
1101,台泥,23,3,20,群益金鼎-台中,2024-04-17,9184
00733,富邦臺灣中小,30,10,20,群益金鼎-台中,2024-04-17,9184
2303,聯電,23,4,19,群益金鼎-台中,2024-04-17,9184
2030,彰源,18,0,18,群益金鼎-台中,2024-04-17,9184
3305,昇貿,17,0,17,群益金鼎-台中,2024-04-17,9184
00795B,中信美國公債20年,32,15,17,群益金鼎-台中,2024-04-17,9184
2353,宏��,37,21,16,群益金鼎-台中,2024-04-17,9184
00772B,中信高評級公司債,23,7,16,群益金鼎-台中,2024-04-17,9184
00881,國泰台灣5G+,30,15,15,群益金鼎-台中,2024-04-17,9184
2897,王道銀行,15,0,15,群益金鼎-台中,2024-04-17,9184
00725B,國泰投資級公司債,14,0,14,群益金鼎-台中,2024-04-17,9184
3231,緯創,36,22,14,群益金鼎-台中,2024-04-17,9184
2371,大同,161,147,14,群益金鼎-台中,2024-04-17,9184
3490,單井,55,42,13,群益金鼎-台中,2024-04-17,9184
1301,台塑,13,0,13,群益金鼎-台中,2024-04-17,9184
6274,台燿,15,3,12,群益金鼎-台中,2024-04-17,9184
2383,台光電,15,3,12,群益金鼎-台中,2024-04-17,9184
00878,國泰永續高股息,19,8,11,群益金鼎-台中,2024-04-17,9184
2880,華南金,16,5,11,群益金鼎-台中,2024-04-17,9184
6120,達運,13,2,11,群益金鼎-台中,2024-04-17,9184
3013,晟銘電,31,20,11,群益金鼎-台中,2024-04-17,9184
00937B,群益ESG投等債20,598,0,598,群益金鼎-台中,2024-04-18,9184
3481,群創,161,17,144,群益金鼎-台中,2024-04-18,9184
00885,富邦越南,137,6,131,群益金鼎-台中,2024-04-18,9184
2867,三商壽,110,0,110,群益金鼎-台中,2024-04-18,9184
9934,成霖,100,0,100,群益金鼎-台中,2024-04-18,9184
00940,元大台灣價值高息,113,23,90,群益金鼎-台中,2024-04-18,9184
2317,鴻海,90,29,61,群益金鼎-台中,2024-04-18,9184
2103,台橡,60,0,60,群益金鼎-台中,2024-04-18,9184
00939,統一台灣高息動能,65,9,56,群益金鼎-台中,2024-04-18,9184
00681R,元大美債20反1,50,0,50,群益金鼎-台中,2024-04-18,9184
00687B,國泰20年美債,57,8,49,群益金鼎-台中,2024-04-18,9184
00941,中信上游半導體,74,33,41,群益金鼎-台中,2024-04-18,9184
00933B,國泰10Y+金融債,40,2,38,群益金鼎-台中,2024-04-18,9184
2303,聯電,48,16,32,群益金鼎-台中,2024-04-18,9184
00929,復華台灣科技優息,116,85,31,群益金鼎-台中,2024-04-18,9184
5512,力麒,48,23,25,群益金鼎-台中,2024-04-18,9184
00713,元大台灣高息低波,22,0,22,群益金鼎-台中,2024-04-18,9184
00665L,富邦�琤肭磪囓�2,21,0,21,群益金鼎-台中,2024-04-18,9184
2030,彰源,22,1,21,群益金鼎-台中,2024-04-18,9184
2530,華建,21,0,21,群益金鼎-台中,2024-04-18,9184
2109,華豐,21,0,21,群益金鼎-台中,2024-04-18,9184
5531,鄉林,31,10,21,群益金鼎-台中,2024-04-18,9184
2883,凱基金,20,0,20,群益金鼎-台中,2024-04-18,9184
1608,華榮,71,54,17,群益金鼎-台中,2024-04-18,9184
3622,洋華,21,6,15,群益金鼎-台中,2024-04-18,9184
00751B,元大AAA至A公司債,15,0,15,群益金鼎-台中,2024-04-18,9184
1609,大亞,121,106,15,群益金鼎-台中,2024-04-18,9184
1504,東元,62,49,13,群益金鼎-台中,2024-04-18,9184
4142,國光生,18,5,13,群益金鼎-台中,2024-04-18,9184
5371,中光電,19,6,13,群益金鼎-台中,2024-04-18,9184
3645,達邁,27,14,13,群益金鼎-台中,2024-04-18,9184
2371,大同,175,162,13,群益金鼎-台中,2024-04-18,9184
00712,復華富時不動產,12,0,12,群益金鼎-台中,2024-04-18,9184
5272,笙科,12,0,12,群益金鼎-台中,2024-04-18,9184
1605,華新,89,77,12,群益金鼎-台中,2024-04-18,9184
8016,矽創,11,0,11,群益金鼎-台中,2024-04-18,9184
00720B,元大投資級公司債,41,30,11,群益金鼎-台中,2024-04-18,9184
00715L,期街口布蘭特正2,16,5,11,群益金鼎-台中,2024-04-18,9184
2329,華泰,44,34,10,群益金鼎-台中,2024-04-18,9184
2352,佳世達,11,1,10,群益金鼎-台中,2024-04-18,9184
2608,嘉里大榮,10,0,10,群益金鼎-台中,2024-04-18,9184
00664R,國泰臺灣加權反1,10,0,10,群益金鼎-台中,2024-04-18,9184
1301,台塑,9,0,9,群益金鼎-台中,2024-04-18,9184
2547,日勝生,9,0,9,群益金鼎-台中,2024-04-18,9184
1612,宏泰,61,52,9,群益金鼎-台中,2024-04-18,9184
9904,寶成,10,1,9,群益金鼎-台中,2024-04-18,9184
2881,富邦金,9,0,9,群益金鼎-台中,2024-04-18,9184
5392,能率,8,0,8,群益金鼎-台中,2024-04-18,9184
2014,中鴻,25,17,8,群益金鼎-台中,2024-04-18,9184
0056,元大高股息,8,0,8,群益金鼎-台中,2024-04-18,9184
00929,復華台灣科技優息,880,89,791,群益金鼎-台中,2024-04-19,9184
1326,台化,357,81,276,群益金鼎-台中,2024-04-19,9184
00940,元大台灣價值高息,392,156,236,群益金鼎-台中,2024-04-19,9184
00939,統一台灣高息動能,305,74,231,群益金鼎-台中,2024-04-19,9184
00919,群益台灣精選高息,291,124,167,群益金鼎-台中,2024-04-19,9184
020027,元大上櫃ESG成長N,120,0,120,群益金鼎-台中,2024-04-19,9184
1609,大亞,547,435,112,群益金鼎-台中,2024-04-19,9184
00681R,元大美債20反1,100,0,100,群益金鼎-台中,2024-04-19,9184
2101,南港,112,14,98,群益金鼎-台中,2024-04-19,9184
2303,聯電,77,5,72,群益金鼎-台中,2024-04-19,9184
2897,王道銀行,67,0,67,群益金鼎-台中,2024-04-19,9184
0056,元大高股息,72,5,67,群益金鼎-台中,2024-04-19,9184
2547,日勝生,142,81,61,群益金鼎-台中,2024-04-19,9184
2427,三商電,59,3,56,群益金鼎-台中,2024-04-19,9184
00878,國泰永續高股息,94,41,53,群益金鼎-台中,2024-04-19,9184
2515,中工,188,139,49,群益金鼎-台中,2024-04-19,9184
2330,台積電,60,14,46,群益金鼎-台中,2024-04-19,9184
8936,國統,88,44,44,群益金鼎-台中,2024-04-19,9184
2317,鴻海,90,47,43,群益金鼎-台中,2024-04-19,9184
2801,彰銀,48,5,43,群益金鼎-台中,2024-04-19,9184
6005,群益證,51,11,40,群益金鼎-台中,2024-04-19,9184
00941,中信上游半導體,176,137,39,群益金鼎-台中,2024-04-19,9184
2608,嘉里大榮,38,1,37,群益金鼎-台中,2024-04-19,9184
2353,宏��,76,39,37,群益金鼎-台中,2024-04-19,9184
5512,力麒,124,88,36,群益金鼎-台中,2024-04-19,9184
2610,華航,53,17,36,群益金鼎-台中,2024-04-19,9184
00692,富邦公司治理,83,50,33,群益金鼎-台中,2024-04-19,9184
2337,旺宏,33,2,31,群益金鼎-台中,2024-04-19,9184
1101,台泥,37,8,29,群益金鼎-台中,2024-04-19,9184
2359,所羅門,28,1,27,群益金鼎-台中,2024-04-19,9184
3481,群創,29,2,27,群益金鼎-台中,2024-04-19,9184
2344,華邦電,33,6,27,群益金鼎-台中,2024-04-19,9184
3703,欣陸,29,2,27,群益金鼎-台中,2024-04-19,9184
3231,緯創,64,38,26,群益金鼎-台中,2024-04-19,9184
9933,中鼎,37,12,25,群益金鼎-台中,2024-04-19,9184
2501,國建,29,5,24,群益金鼎-台中,2024-04-19,9184
6901,鑽石投資,23,0,23,群益金鼎-台中,2024-04-19,9184
3013,晟銘電,48,26,22,群益金鼎-台中,2024-04-19,9184
1605,華新,32,10,22,群益金鼎-台中,2024-04-19,9184
2530,華建,21,0,21,群益金鼎-台中,2024-04-19,9184
1216,統一,20,0,20,群益金鼎-台中,2024-04-19,9184
5529,鉅陞,20,0,20,群益金鼎-台中,2024-04-19,9184
2405,輔信,39,20,19,群益金鼎-台中,2024-04-19,9184
00904,新光臺灣半導體30,21,2,19,群益金鼎-台中,2024-04-19,9184
4123,晟德,19,1,18,群益金鼎-台中,2024-04-19,9184
3045,台灣大,20,2,18,群益金鼎-台中,2024-04-19,9184
2618,長榮航,31,14,17,群益金鼎-台中,2024-04-19,9184
00891,中信關鍵半導體,54,38,16,群益金鼎-台中,2024-04-19,9184
0050,元大台灣50,19,3,16,群益金鼎-台中,2024-04-19,9184
2388,威盛,17,2,15,群益金鼎-台中,2024-04-19,9184
00937B,群益ESG投等債20,1024,504,520,群益金鼎-台中,2024-04-22,9184
00929,復華台灣科技優息,596,83,513,群益金鼎-台中,2024-04-22,9184
00939,統一台灣高息動能,266,57,209,群益金鼎-台中,2024-04-22,9184
00919,群益台灣精選高息,234,49,185,群益金鼎-台中,2024-04-22,9184
00940,元大台灣價值高息,307,177,130,群益金鼎-台中,2024-04-22,9184
2303,聯電,118,4,114,群益金鼎-台中,2024-04-22,9184
2371,大同,371,304,67,群益金鼎-台中,2024-04-22,9184
4510,高鋒,55,0,55,群益金鼎-台中,2024-04-22,9184
00720B,元大投資級公司債,55,1,54,群益金鼎-台中,2024-04-22,9184
5529,鉅陞,51,0,51,群益金鼎-台中,2024-04-22,9184
2609,陽明,81,31,50,群益金鼎-台中,2024-04-22,9184
00881,國泰台灣5G+,49,6,43,群益金鼎-台中,2024-04-22,9184
2408,南亞科,49,7,42,群益金鼎-台中,2024-04-22,9184
00905,FT臺灣Smart,41,0,41,群益金鼎-台中,2024-04-22,9184
00681R,元大美債20反1,35,0,35,群益金鼎-台中,2024-04-22,9184
00941,中信上游半導體,49,15,34,群益金鼎-台中,2024-04-22,9184
00915,凱基優選高股息30,40,6,34,群益金鼎-台中,2024-04-22,9184
2515,中工,195,163,32,群益金鼎-台中,2024-04-22,9184
2520,冠德,45,16,29,群益金鼎-台中,2024-04-22,9184
2356,英業達,29,2,27,群益金鼎-台中,2024-04-22,9184
00795B,中信美國公債20年,26,0,26,群益金鼎-台中,2024-04-22,9184
3703,欣陸,90,65,25,群益金鼎-台中,2024-04-22,9184
2888,新光金,24,0,24,群益金鼎-台中,2024-04-22,9184
2867,三商壽,23,0,23,群益金鼎-台中,2024-04-22,9184
8473,山林水,36,14,22,群益金鼎-台中,2024-04-22,9184
6257,矽格,22,1,21,群益金鼎-台中,2024-04-22,9184
00751B,元大AAA至A公司債,23,3,20,群益金鼎-台中,2024-04-22,9184
00676R,富邦臺灣加權反1,20,0,20,群益金鼎-台中,2024-04-22,9184
01002T,土銀國泰R1,20,0,20,群益金鼎-台中,2024-04-22,9184
00669R,國泰美國道瓊反1,20,0,20,群益金鼎-台中,2024-04-22,9184
00882,中信中國高股息,20,0,20,群益金鼎-台中,2024-04-22,9184
2409,友達,24,4,20,群益金鼎-台中,2024-04-22,9184
3481,群創,30,11,19,群益金鼎-台中,2024-04-22,9184
2545,皇翔,21,2,19,群益金鼎-台中,2024-04-22,9184
5533,皇鼎,21,2,19,群益金鼎-台中,2024-04-22,9184
1314,中石化,66,49,17,群益金鼎-台中,2024-04-22,9184
2884,玉山金,18,1,17,群益金鼎-台中,2024-04-22,9184
2344,華邦電,42,25,17,群益金鼎-台中,2024-04-22,9184
2376,技嘉,21,4,17,群益金鼎-台中,2024-04-22,9184
2543,皇昌,66,50,16,群益金鼎-台中,2024-04-22,9184
2834,臺企銀,36,20,16,群益金鼎-台中,2024-04-22,9184
6116,彩晶,16,0,16,群益金鼎-台中,2024-04-22,9184
2368,金像電,17,3,14,群益金鼎-台中,2024-04-22,9184
00679B,元大美債20年,24,10,14,群益金鼎-台中,2024-04-22,9184
00715L,期街口布蘭特正2,13,0,13,群益金鼎-台中,2024-04-22,9184
2542,興富發,26,14,12,群益金鼎-台中,2024-04-22,9184
2527,宏璟,12,0,12,群益金鼎-台中,2024-04-22,9184
9904,寶成,13,2,11,群益金鼎-台中,2024-04-22,9184
2501,國建,56,45,11,群益金鼎-台中,2024-04-22,9184
00687B,國泰20年美債,58,47,11,群益金鼎-台中,2024-04-22,9184
00929,復華台灣科技優息,530,144,386,群益金鼎-台中,2024-04-23,9184
00632R,元大台灣50反1,141,50,91,群益金鼎-台中,2024-04-23,9184
00940,元大台灣價值高息,160,89,71,群益金鼎-台中,2024-04-23,9184
020039,元大加權N,50,0,50,群益金鼎-台中,2024-04-23,9184
2465,麗臺,37,0,37,群益金鼎-台中,2024-04-23,9184
3011,今皓,36,0,36,群益金鼎-台中,2024-04-23,9184
2303,聯電,35,2,33,群益金鼎-台中,2024-04-23,9184
2547,日勝生,41,9,32,群益金鼎-台中,2024-04-23,9184
6005,群益證,42,14,28,群益金鼎-台中,2024-04-23,9184
00669R,國泰美國道瓊反1,25,0,25,群益金鼎-台中,2024-04-23,9184
2506,太設,36,12,24,群益金鼎-台中,2024-04-23,9184
2317,鴻海,53,32,21,群益金鼎-台中,2024-04-23,9184
3305,昇貿,20,2,18,群益金鼎-台中,2024-04-23,9184
4564,元翎,15,0,15,群益金鼎-台中,2024-04-23,9184
9958,世紀鋼,15,0,15,群益金鼎-台中,2024-04-23,9184
2371,大同,103,90,13,群益金鼎-台中,2024-04-23,9184
1101,台泥,15,2,13,群益金鼎-台中,2024-04-23,9184
2501,國建,76,64,12,群益金鼎-台中,2024-04-23,9184
5529,鉅陞,11,0,11,群益金鼎-台中,2024-04-23,9184
3013,晟銘電,28,18,10,群益金鼎-台中,2024-04-23,9184
00923,群益台ESG低碳50,10,0,10,群益金鼎-台中,2024-04-23,9184
00676R,富邦臺灣加權反1,10,0,10,群益金鼎-台中,2024-04-23,9184
2228,劍麟,10,0,10,群益金鼎-台中,2024-04-23,9184
3033,威健,10,0,10,群益金鼎-台中,2024-04-23,9184
2485,兆赫,10,0,10,群益金鼎-台中,2024-04-23,9184
6185,幃翔,10,0,10,群益金鼎-台中,2024-04-23,9184
2812,台中銀,10,0,10,群益金鼎-台中,2024-04-23,9184
2301,光寶科,23,13,10,群益金鼎-台中,2024-04-23,9184
3297,杭特,11,1,10,群益金鼎-台中,2024-04-23,9184
6213,聯茂,12,2,10,群益金鼎-台中,2024-04-23,9184
2820,華票,10,1,9,群益金鼎-台中,2024-04-23,9184
2489,瑞軒,10,1,9,群益金鼎-台中,2024-04-23,9184
4532,瑞智,20,11,9,群益金鼎-台中,2024-04-23,9184
2603,長榮,17,8,9,群益金鼎-台中,2024-04-23,9184
2618,長榮航,66,57,9,群益金鼎-台中,2024-04-23,9184
0061,元大寶滬深,9,0,9,群益金鼎-台中,2024-04-23,9184
2330,台積電,18,9,9,群益金鼎-台中,2024-04-23,9184
9939,宏全,9,1,8,群益金鼎-台中,2024-04-23,9184
3231,緯創,18,10,8,群益金鼎-台中,2024-04-23,9184
8033,雷虎,8,0,8,群益金鼎-台中,2024-04-23,9184
1605,華新,10,3,7,群益金鼎-台中,2024-04-23,9184
2617,台航,7,0,7,群益金鼎-台中,2024-04-23,9184
3290,東浦,7,0,7,群益金鼎-台中,2024-04-23,9184
8473,山林水,11,4,7,群益金鼎-台中,2024-04-23,9184
8358,金居,6,0,6,群益金鼎-台中,2024-04-23,9184
1786,科妍,6,0,6,群益金鼎-台中,2024-04-23,9184
5514,三豐,6,0,6,群益金鼎-台中,2024-04-23,9184
2888,新光金,6,0,6,群益金鼎-台中,2024-04-23,9184
00941,中信上游半導體,66,60,6,群益金鼎-台中,2024-04-23,9184
2101,南港,25,19,6,群益金鼎-台中,2024-04-23,9184
00937B,群益ESG投等債20,485,12,473,群益金鼎-台中,2024-04-24,9184
00720B,元大投資級公司債,304,85,219,群益金鼎-台中,2024-04-24,9184
00795B,中信美國公債20年,322,105,217,群益金鼎-台中,2024-04-24,9184
00885,富邦越南,160,0,160,群益金鼎-台中,2024-04-24,9184
00751B,元大AAA至A公司債,151,40,111,群益金鼎-台中,2024-04-24,9184
00671R,富邦NASDAQ反1,90,0,90,群益金鼎-台中,2024-04-24,9184
4564,元翎,65,0,65,群益金鼎-台中,2024-04-24,9184
3481,群創,55,0,55,群益金鼎-台中,2024-04-24,9184
00648R,元大S＆P500反1,55,0,55,群益金鼎-台中,2024-04-24,9184
00687B,國泰20年美債,40,0,40,群益金鼎-台中,2024-04-24,9184
00664R,國泰臺灣加權反1,40,0,40,群益金鼎-台中,2024-04-24,9184
6005,群益證,53,18,35,群益金鼎-台中,2024-04-24,9184
00669R,國泰美國道瓊反1,35,0,35,群益金鼎-台中,2024-04-24,9184
00764B,群益25年美債,33,0,33,群益金鼎-台中,2024-04-24,9184
1101,台泥,28,1,27,群益金鼎-台中,2024-04-24,9184
2489,瑞軒,23,1,22,群益金鼎-台中,2024-04-24,9184
3045,台灣大,20,0,20,群益金鼎-台中,2024-04-24,9184
6438,迅得,20,0,20,群益金鼎-台中,2024-04-24,9184
00931B,統一美債20年,21,2,19,群益金鼎-台中,2024-04-24,9184
8936,國統,33,15,18,群益金鼎-台中,2024-04-24,9184
2867,三商壽,18,0,18,群益金鼎-台中,2024-04-24,9184
3703,欣陸,31,16,15,群益金鼎-台中,2024-04-24,9184
5512,力麒,38,24,14,群益金鼎-台中,2024-04-24,9184
2476,鉅祥,13,0,13,群益金鼎-台中,2024-04-24,9184
00679B,元大美債20年,14,2,12,群益金鼎-台中,2024-04-24,9184
1506,正道,11,0,11,群益金鼎-台中,2024-04-24,9184
3689,湧德,13,2,11,群益金鼎-台中,2024-04-24,9184
5514,三豐,16,5,11,群益金鼎-台中,2024-04-24,9184
2547,日勝生,18,8,10,群益金鼎-台中,2024-04-24,9184
2022,聚亨,10,0,10,群益金鼎-台中,2024-04-24,9184
5533,皇鼎,14,4,10,群益金鼎-台中,2024-04-24,9184
00725B,國泰投資級公司債,10,0,10,群益金鼎-台中,2024-04-24,9184
9939,宏全,10,0,10,群益金鼎-台中,2024-04-24,9184
00933B,國泰10Y+金融債,10,0,10,群益金鼎-台中,2024-04-24,9184
2536,宏普,14,4,10,群益金鼎-台中,2024-04-24,9184
00676R,富邦臺灣加權反1,10,0,10,群益金鼎-台中,2024-04-24,9184
2888,新光金,10,1,9,群益金鼎-台中,2024-04-24,9184
9958,世紀鋼,9,0,9,群益金鼎-台中,2024-04-24,9184
4543,萬在,11,2,9,群益金鼎-台中,2024-04-24,9184
2527,宏璟,11,3,8,群益金鼎-台中,2024-04-24,9184
4961,天鈺,8,0,8,群益金鼎-台中,2024-04-24,9184
6667,信紘科,8,0,8,群益金鼎-台中,2024-04-24,9184
2504,國產,10,2,8,群益金鼎-台中,2024-04-24,9184
5251,天鉞電,7,0,7,群益金鼎-台中,2024-04-24,9184
5523,豐謙,10,3,7,群益金鼎-台中,2024-04-24,9184
1612,宏泰,22,15,7,群益金鼎-台中,2024-04-24,9184
4906,正文,7,0,7,群益金鼎-台中,2024-04-24,9184
6215,和椿,42,35,7,群益金鼎-台中,2024-04-24,9184
4726,永昕,9,2,7,群益金鼎-台中,2024-04-24,9184
6284,佳邦,12,5,7,群益金鼎-台中,2024-04-24,9184
00929,復華台灣科技優息,324,8,316,群益金鼎-台中,2024-04-25,9184
00919,群益台灣精選高息,269,5,264,群益金鼎-台中,2024-04-25,9184
00937B,群益ESG投等債20,302,70,232,群益金鼎-台中,2024-04-25,9184
1101,台泥,91,16,75,群益金鼎-台中,2024-04-25,9184
2880,華南金,73,0,73,群益金鼎-台中,2024-04-25,9184
3703,欣陸,73,13,60,群益金鼎-台中,2024-04-25,9184
00939,統一台灣高息動能,60,1,59,群益金鼎-台中,2024-04-25,9184
1440,南紡,68,15,53,群益金鼎-台中,2024-04-25,9184
2618,長榮航,154,102,52,群益金鼎-台中,2024-04-25,9184
00931B,統一美債20年,43,0,43,群益金鼎-台中,2024-04-25,9184
1529,樂事綠能,40,0,40,群益金鼎-台中,2024-04-25,9184
5519,隆大,40,0,40,群益金鼎-台中,2024-04-25,9184
2101,南港,63,26,37,群益金鼎-台中,2024-04-25,9184
4564,元翎,52,16,36,群益金鼎-台中,2024-04-25,9184
2515,中工,141,108,33,群益金鼎-台中,2024-04-25,9184
5512,力麒,54,23,31,群益金鼎-台中,2024-04-25,9184
8070,長華*,48,20,28,群益金鼎-台中,2024-04-25,9184
00940,元大台灣價值高息,47,20,27,群益金鼎-台中,2024-04-25,9184
2382,廣達,63,38,25,群益金鼎-台中,2024-04-25,9184
00878,國泰永續高股息,22,0,22,群益金鼎-台中,2024-04-25,9184
1316,上曜,53,31,22,群益金鼎-台中,2024-04-25,9184
4714,永捷,26,4,22,群益金鼎-台中,2024-04-25,9184
6125,廣運,108,87,21,群益金鼎-台中,2024-04-25,9184
4532,瑞智,26,6,20,群益金鼎-台中,2024-04-25,9184
1605,華新,20,2,18,群益金鼎-台中,2024-04-25,9184
2303,聯電,37,21,16,群益金鼎-台中,2024-04-25,9184
5009,榮剛,15,0,15,群益金鼎-台中,2024-04-25,9184
4510,高鋒,13,0,13,群益金鼎-台中,2024-04-25,9184
3013,晟銘電,40,27,13,群益金鼎-台中,2024-04-25,9184
2371,大同,103,90,13,群益金鼎-台中,2024-04-25,9184
2543,皇昌,15,3,12,群益金鼎-台中,2024-04-25,9184
4979,華星光,25,13,12,群益金鼎-台中,2024-04-25,9184
5511,德昌,17,5,12,群益金鼎-台中,2024-04-25,9184
2884,玉山金,12,0,12,群益金鼎-台中,2024-04-25,9184
2374,佳能,32,20,12,群益金鼎-台中,2024-04-25,9184
0050,元大台灣50,12,0,12,群益金鼎-台中,2024-04-25,9184
3231,緯創,18,7,11,群益金鼎-台中,2024-04-25,9184
00891,中信關鍵半導體,10,0,10,群益金鼎-台中,2024-04-25,9184
3045,台灣大,10,0,10,群益金鼎-台中,2024-04-25,9184
00687B,國泰20年美債,26,16,10,群益金鼎-台中,2024-04-25,9184
2356,英業達,13,3,10,群益金鼎-台中,2024-04-25,9184
020027,元大上櫃ESG成長N,10,0,10,群益金鼎-台中,2024-04-25,9184
5531,鄉林,10,0,10,群益金鼎-台中,2024-04-25,9184
6670,復盛應用,15,5,10,群益金鼎-台中,2024-04-25,9184
6139,亞翔,12,2,10,群益金鼎-台中,2024-04-25,9184
6005,群益證,18,9,9,群益金鼎-台中,2024-04-25,9184
2867,三商壽,20,11,9,群益金鼎-台中,2024-04-25,9184
8112,至上,9,0,9,群益金鼎-台中,2024-04-25,9184
6516,勤崴國際,9,0,9,群益金鼎-台中,2024-04-25,9184
3141,晶宏,10,1,9,群益金鼎-台中,2024-04-25,9184
00937B,群益ESG投等債20,238,20,218,群益金鼎-台中,2024-04-26,9184
2515,中工,342,135,207,群益金鼎-台中,2024-04-26,9184
00720B,元大投資級公司債,153,55,98,群益金鼎-台中,2024-04-26,9184
00929,復華台灣科技優息,144,65,79,群益金鼎-台中,2024-04-26,9184
1440,南紡,169,95,74,群益金鼎-台中,2024-04-26,9184
00679B,元大美債20年,67,0,67,群益金鼎-台中,2024-04-26,9184
00795B,中信美國公債20年,62,0,62,群益金鼎-台中,2024-04-26,9184
00751B,元大AAA至A公司債,50,0,50,群益金鼎-台中,2024-04-26,9184
6125,廣運,150,101,49,群益金鼎-台中,2024-04-26,9184
2317,鴻海,76,34,42,群益金鼎-台中,2024-04-26,9184
6152,百一,41,0,41,群益金鼎-台中,2024-04-26,9184
5521,工信,45,7,38,群益金鼎-台中,2024-04-26,9184
00665L,富邦�琤肭磪囓�2,38,5,33,群益金鼎-台中,2024-04-26,9184
00681R,元大美債20反1,33,0,33,群益金鼎-台中,2024-04-26,9184
00939,統一台灣高息動能,31,0,31,群益金鼎-台中,2024-04-26,9184
8033,雷虎,32,2,30,群益金鼎-台中,2024-04-26,9184
2344,華邦電,33,4,29,群益金鼎-台中,2024-04-26,9184
00713,元大台灣高息低波,39,11,28,群益金鼎-台中,2024-04-26,9184
3706,神達,39,11,28,群益金鼎-台中,2024-04-26,9184
6207,雷科,64,39,25,群益金鼎-台中,2024-04-26,9184
6190,萬泰科,277,252,25,群益金鼎-台中,2024-04-26,9184
2363,矽統,45,20,25,群益金鼎-台中,2024-04-26,9184
4564,元翎,24,0,24,群益金鼎-台中,2024-04-26,9184
2641,正德,38,16,22,群益金鼎-台中,2024-04-26,9184
6217,中探針,36,15,21,群益金鼎-台中,2024-04-26,9184
2888,新光金,20,1,19,群益金鼎-台中,2024-04-26,9184
2530,華建,19,0,19,群益金鼎-台中,2024-04-26,9184
2382,廣達,50,32,18,群益金鼎-台中,2024-04-26,9184
9904,寶成,23,6,17,群益金鼎-台中,2024-04-26,9184
00642U,期元大S＆P石油,16,0,16,群益金鼎-台中,2024-04-26,9184
2731,雄獅,19,4,15,群益金鼎-台中,2024-04-26,9184
00664R,國泰臺灣加權反1,15,0,15,群益金鼎-台中,2024-04-26,9184
3413,京鼎,16,1,15,群益金鼎-台中,2024-04-26,9184
4426,利勤,19,5,14,群益金鼎-台中,2024-04-26,9184
00688L,國泰20年美債正2,13,0,13,群益金鼎-台中,2024-04-26,9184
2745,五福,14,1,13,群益金鼎-台中,2024-04-26,9184
00933B,國泰10Y+金融債,14,1,13,群益金鼎-台中,2024-04-26,9184
1532,勤美,33,21,12,群益金鼎-台中,2024-04-26,9184
2505,國揚,19,7,12,群益金鼎-台中,2024-04-26,9184
00725B,國泰投資級公司債,11,0,11,群益金鼎-台中,2024-04-26,9184
6215,和椿,17,6,11,群益金鼎-台中,2024-04-26,9184
1418,東華,10,0,10,群益金鼎-台中,2024-04-26,9184
1445,大宇,10,0,10,群益金鼎-台中,2024-04-26,9184
2617,台航,10,0,10,群益金鼎-台中,2024-04-26,9184
00915,凱基優選高股息30,10,0,10,群益金鼎-台中,2024-04-26,9184
6188,廣明,31,21,10,群益金鼎-台中,2024-04-26,9184
00940,元大台灣價值高息,25,15,10,群益金鼎-台中,2024-04-26,9184
2630,亞航,10,1,9,群益金鼎-台中,2024-04-26,9184
2545,皇翔,10,1,9,群益金鼎-台中,2024-04-26,9184
2867,三商壽,11,3,8,群益金鼎-台中,2024-04-26,9184
00632R,元大台灣50反1,292,40,252,群益金鼎-台中,2024-04-29,9184
2834,臺企銀,208,48,160,群益金鼎-台中,2024-04-29,9184
2812,台中銀,103,16,87,群益金鼎-台中,2024-04-29,9184
00929,復華台灣科技優息,259,176,83,群益金鼎-台中,2024-04-29,9184
00665L,富邦�琤肭磪囓�2,78,0,78,群益金鼎-台中,2024-04-29,9184
2501,國建,66,14,52,群益金鼎-台中,2024-04-29,9184
00937B,群益ESG投等債20,160,109,51,群益金鼎-台中,2024-04-29,9184
00706L,期元大S＆P日圓正2,76,25,51,群益金鼎-台中,2024-04-29,9184
2618,長榮航,130,80,50,群益金鼎-台中,2024-04-29,9184
2363,矽統,81,43,38,群益金鼎-台中,2024-04-29,9184
2606,裕民,42,5,37,群益金鼎-台中,2024-04-29,9184
00687B,國泰20年美債,35,1,34,群益金鼎-台中,2024-04-29,9184
2610,華航,57,26,31,群益金鼎-台中,2024-04-29,9184
1409,新纖,51,20,31,群益金鼎-台中,2024-04-29,9184
5508,永信建,35,4,31,群益金鼎-台中,2024-04-29,9184
00671R,富邦NASDAQ反1,30,0,30,群益金鼎-台中,2024-04-29,9184
9904,寶成,29,1,28,群益金鼎-台中,2024-04-29,9184
6177,達麗,36,8,28,群益金鼎-台中,2024-04-29,9184
2609,陽明,121,99,22,群益金鼎-台中,2024-04-29,9184
5498,凱崴,21,0,21,群益金鼎-台中,2024-04-29,9184
4726,永昕,21,1,20,群益金鼎-台中,2024-04-29,9184
2449,京元電子,26,8,18,群益金鼎-台中,2024-04-29,9184
00664R,國泰臺灣加權反1,18,0,18,群益金鼎-台中,2024-04-29,9184
2636,台驊控股,17,0,17,群益金鼎-台中,2024-04-29,9184
00681R,元大美債20反1,17,0,17,群益金鼎-台中,2024-04-29,9184
6125,廣運,173,157,16,群益金鼎-台中,2024-04-29,9184
2641,正德,16,0,16,群益金鼎-台中,2024-04-29,9184
4133,亞諾法,16,0,16,群益金鼎-台中,2024-04-29,9184
8933,愛地雅,16,0,16,群益金鼎-台中,2024-04-29,9184
2367,燿華,25,10,15,群益金鼎-台中,2024-04-29,9184
2867,三商壽,15,0,15,群益金鼎-台中,2024-04-29,9184
4909,新復興,22,7,15,群益金鼎-台中,2024-04-29,9184
1587,吉茂,78,64,14,群益金鼎-台中,2024-04-29,9184
1457,宜進,15,1,14,群益金鼎-台中,2024-04-29,9184
2359,所羅門,54,40,14,群益金鼎-台中,2024-04-29,9184
2371,大同,33,20,13,群益金鼎-台中,2024-04-29,9184
6005,群益證,26,13,13,群益金鼎-台中,2024-04-29,9184
6290,良維,12,0,12,群益金鼎-台中,2024-04-29,9184
2442,新美齊,20,8,12,群益金鼎-台中,2024-04-29,9184
2323,中環,75,64,11,群益金鼎-台中,2024-04-29,9184
5516,雙喜,11,0,11,群益金鼎-台中,2024-04-29,9184
6186,新潤,12,1,11,群益金鼎-台中,2024-04-29,9184
00919,群益台灣精選高息,84,73,11,群益金鼎-台中,2024-04-29,9184
1609,大亞,92,81,11,群益金鼎-台中,2024-04-29,9184
1802,台玻,10,0,10,群益金鼎-台中,2024-04-29,9184
00648R,元大S＆P500反1,10,0,10,群益金鼎-台中,2024-04-29,9184
9933,中鼎,10,0,10,群益金鼎-台中,2024-04-29,9184
5533,皇鼎,20,11,9,群益金鼎-台中,2024-04-29,9184
6491,晶碩,9,0,9,群益金鼎-台中,2024-04-29,9184
6207,雷科,43,34,9,群益金鼎-台中,2024-04-29,9184
00919,群益台灣精選高息,353,3,350,群益金鼎-台中,2024-04-30,9184
00632R,元大台灣50反1,140,5,135,群益金鼎-台中,2024-04-30,9184
2883,凱基金,138,4,134,群益金鼎-台中,2024-04-30,9184
1504,東元,56,7,49,群益金鼎-台中,2024-04-30,9184
1316,上曜,77,36,41,群益金鼎-台中,2024-04-30,9184
9904,寶成,38,0,38,群益金鼎-台中,2024-04-30,9184
2402,毅嘉,39,4,35,群益金鼎-台中,2024-04-30,9184
2605,新興,34,0,34,群益金鼎-台中,2024-04-30,9184
00937B,群益ESG投等債20,37,6,31,群益金鼎-台中,2024-04-30,9184
2515,中工,205,177,28,群益金鼎-台中,2024-04-30,9184
1101,台泥,27,0,27,群益金鼎-台中,2024-04-30,9184
2880,華南金,63,40,23,群益金鼎-台中,2024-04-30,9184
2481,強茂,27,6,21,群益金鼎-台中,2024-04-30,9184
3284,太普高,49,29,20,群益金鼎-台中,2024-04-30,9184
00713,元大台灣高息低波,19,0,19,群益金鼎-台中,2024-04-30,9184
3363,上詮,31,12,19,群益金鼎-台中,2024-04-30,9184
2317,鴻海,29,10,19,群益金鼎-台中,2024-04-30,9184
00688L,國泰20年美債正2,18,0,18,群益金鼎-台中,2024-04-30,9184
6235,華孚,31,15,16,群益金鼎-台中,2024-04-30,9184
2506,太設,15,0,15,群益金鼎-台中,2024-04-30,9184
00664R,國泰臺灣加權反1,15,0,15,群益金鼎-台中,2024-04-30,9184
1905,華紙,16,1,15,群益金鼎-台中,2024-04-30,9184
5512,力麒,20,6,14,群益金鼎-台中,2024-04-30,9184
3016,嘉晶,14,0,14,群益金鼎-台中,2024-04-30,9184
1304,台聚,15,1,14,群益金鼎-台中,2024-04-30,9184
00720B,元大投資級公司債,20,7,13,群益金鼎-台中,2024-04-30,9184
2501,國建,58,45,13,群益金鼎-台中,2024-04-30,9184
2101,南港,21,8,13,群益金鼎-台中,2024-04-30,9184
4526,東台,15,2,13,群益金鼎-台中,2024-04-30,9184
00915,凱基優選高股息30,17,5,12,群益金鼎-台中,2024-04-30,9184
2449,京元電子,20,8,12,群益金鼎-台中,2024-04-30,9184
3305,昇貿,13,1,12,群益金鼎-台中,2024-04-30,9184
2323,中環,24,12,12,群益金鼎-台中,2024-04-30,9184
5371,中光電,17,5,12,群益金鼎-台中,2024-04-30,9184
6190,萬泰科,12,1,11,群益金鼎-台中,2024-04-30,9184
00751B,元大AAA至A公司債,10,0,10,群益金鼎-台中,2024-04-30,9184
2812,台中銀,10,1,9,群益金鼎-台中,2024-04-30,9184
2371,大同,14,5,9,群益金鼎-台中,2024-04-30,9184
8183,精星,9,0,9,群益金鼎-台中,2024-04-30,9184
9938,百和,12,3,9,群益金鼎-台中,2024-04-30,9184
4533,協易機,23,14,9,群益金鼎-台中,2024-04-30,9184
00637L,元大滬深300正2,10,2,8,群益金鼎-台中,2024-04-30,9184
6509,聚和,8,0,8,群益金鼎-台中,2024-04-30,9184
00878,國泰永續高股息,14,6,8,群益金鼎-台中,2024-04-30,9184
4303,信立,29,22,7,群益金鼎-台中,2024-04-30,9184
3163,波若威,10,3,7,群益金鼎-台中,2024-04-30,9184
2431,聯昌,7,0,7,群益金鼎-台中,2024-04-30,9184
5386,青雲,7,0,7,群益金鼎-台中,2024-04-30,9184
2498,宏達電,7,0,7,群益金鼎-台中,2024-04-30,9184
2504,國產,7,0,7,群益金鼎-台中,2024-04-30,9184
00937B,群益ESG投等債20,169,12,157,群益金鼎-台中,2024-05-02,9184
00878,國泰永續高股息,156,10,146,群益金鼎-台中,2024-05-02,9184
00929,復華台灣科技優息,164,63,101,群益金鼎-台中,2024-05-02,9184
2891,中信金,105,6,99,群益金鼎-台中,2024-05-02,9184
00665L,富邦�琤肭磪囓�2,90,5,85,群益金鼎-台中,2024-05-02,9184
00919,群益台灣精選高息,95,21,74,群益金鼎-台中,2024-05-02,9184
2801,彰銀,80,10,70,群益金鼎-台中,2024-05-02,9184
6125,廣運,75,8,67,群益金鼎-台中,2024-05-02,9184
2888,新光金,50,3,47,群益金鼎-台中,2024-05-02,9184
1532,勤美,49,10,39,群益金鼎-台中,2024-05-02,9184
3481,群創,34,1,33,群益金鼎-台中,2024-05-02,9184
2103,台橡,30,0,30,群益金鼎-台中,2024-05-02,9184
2303,聯電,27,3,24,群益金鼎-台中,2024-05-02,9184
2611,志信,44,23,21,群益金鼎-台中,2024-05-02,9184
2851,中再保,21,0,21,群益金鼎-台中,2024-05-02,9184
1314,中石化,54,33,21,群益金鼎-台中,2024-05-02,9184
00687B,國泰20年美債,20,0,20,群益金鼎-台中,2024-05-02,9184
00676R,富邦臺灣加權反1,20,0,20,群益金鼎-台中,2024-05-02,9184
3305,昇貿,20,0,20,群益金鼎-台中,2024-05-02,9184
1504,東元,28,9,19,群益金鼎-台中,2024-05-02,9184
2603,長榮,32,13,19,群益金鼎-台中,2024-05-02,9184
2615,萬海,33,15,18,群益金鼎-台中,2024-05-02,9184
2359,所羅門,22,4,18,群益金鼎-台中,2024-05-02,9184
2330,台積電,20,3,17,群益金鼎-台中,2024-05-02,9184
5608,四維航,17,0,17,群益金鼎-台中,2024-05-02,9184
9933,中鼎,23,6,17,群益金鼎-台中,2024-05-02,9184
2486,一詮,18,2,16,群益金鼎-台中,2024-05-02,9184
1459,聯發,16,0,16,群益金鼎-台中,2024-05-02,9184
00715L,期街口布蘭特正2,16,2,14,群益金鼎-台中,2024-05-02,9184
00939,統一台灣高息動能,14,1,13,群益金鼎-台中,2024-05-02,9184
2301,光寶科,18,5,13,群益金鼎-台中,2024-05-02,9184
2501,國建,121,108,13,群益金鼎-台中,2024-05-02,9184
2376,技嘉,15,3,12,群益金鼎-台中,2024-05-02,9184
3576,聯合再生,12,0,12,群益金鼎-台中,2024-05-02,9184
00915,凱基優選高股息30,12,0,12,群益金鼎-台中,2024-05-02,9184
00945B,凱基美國非投等債,12,0,12,群益金鼎-台中,2024-05-02,9184
6177,達麗,53,41,12,群益金鼎-台中,2024-05-02,9184
00830,國泰費城半導體,11,0,11,群益金鼎-台中,2024-05-02,9184
2371,大同,57,46,11,群益金鼎-台中,2024-05-02,9184
4714,永捷,20,9,11,群益金鼎-台中,2024-05-02,9184
2855,統一證,10,0,10,群益金鼎-台中,2024-05-02,9184
2374,佳能,26,16,10,群益金鼎-台中,2024-05-02,9184
3520,華盈,10,0,10,群益金鼎-台中,2024-05-02,9184
2915,潤泰全,15,5,10,群益金鼎-台中,2024-05-02,9184
00713,元大台灣高息低波,10,0,10,群益金鼎-台中,2024-05-02,9184
9904,寶成,11,1,10,群益金鼎-台中,2024-05-02,9184
2353,宏��,18,9,9,群益金鼎-台中,2024-05-02,9184
1605,華新,13,4,9,群益金鼎-台中,2024-05-02,9184
2356,英業達,13,4,9,群益金鼎-台中,2024-05-02,9184
5515,建國,9,0,9,群益金鼎-台中,2024-05-02,9184
00937B,群益ESG投等債20,602,2,600,群益金鼎-台中,2024-05-03,9184
00919,群益台灣精選高息,330,38,292,群益金鼎-台中,2024-05-03,9184
00720B,元大投資級公司債,140,15,125,群益金鼎-台中,2024-05-03,9184
00751B,元大AAA至A公司債,100,10,90,群益金鼎-台中,2024-05-03,9184
00706L,期元大S＆P日圓正2,90,0,90,群益金鼎-台中,2024-05-03,9184
00795B,中信美國公債20年,100,10,90,群益金鼎-台中,2024-05-03,9184
020027,元大上櫃ESG成長N,80,0,80,群益金鼎-台中,2024-05-03,9184
00929,復華台灣科技優息,160,102,58,群益金鼎-台中,2024-05-03,9184
00679B,元大美債20年,54,1,53,群益金鼎-台中,2024-05-03,9184
6770,力積電,84,36,48,群益金鼎-台中,2024-05-03,9184
00882,中信中國高股息,79,33,46,群益金鼎-台中,2024-05-03,9184
6269,台郡,52,6,46,群益金鼎-台中,2024-05-03,9184
2537,聯上發,88,47,41,群益金鼎-台中,2024-05-03,9184
8150,南茂,40,0,40,群益金鼎-台中,2024-05-03,9184
00915,凱基優選高股息30,37,0,37,群益金鼎-台中,2024-05-03,9184
3042,晶技,43,10,33,群益金鼎-台中,2024-05-03,9184
2344,華邦電,41,9,32,群益金鼎-台中,2024-05-03,9184
00671R,富邦NASDAQ反1,30,0,30,群益金鼎-台中,2024-05-03,9184
00878,國泰永續高股息,59,30,29,群益金鼎-台中,2024-05-03,9184
1418,東華,28,0,28,群益金鼎-台中,2024-05-03,9184
3231,緯創,30,4,26,群益金鼎-台中,2024-05-03,9184
1815,富喬,26,0,26,群益金鼎-台中,2024-05-03,9184
00665L,富邦�琤肭磪囓�2,35,10,25,群益金鼎-台中,2024-05-03,9184
2851,中再保,25,0,25,群益金鼎-台中,2024-05-03,9184
9933,中鼎,23,0,23,群益金鼎-台中,2024-05-03,9184
00669R,國泰美國道瓊反1,20,0,20,群益金鼎-台中,2024-05-03,9184
00939,統一台灣高息動能,22,2,20,群益金鼎-台中,2024-05-03,9184
2371,大同,60,41,19,群益金鼎-台中,2024-05-03,9184
00753L,中信中國50正2,20,2,18,群益金鼎-台中,2024-05-03,9184
2501,國建,112,94,18,群益金鼎-台中,2024-05-03,9184
1605,華新,33,17,16,群益金鼎-台中,2024-05-03,9184
1905,華紙,17,1,16,群益金鼎-台中,2024-05-03,9184
00687B,國泰20年美債,16,0,16,群益金鼎-台中,2024-05-03,9184
2834,臺企銀,14,0,14,群益金鼎-台中,2024-05-03,9184
2442,新美齊,16,2,14,群益金鼎-台中,2024-05-03,9184
2603,長榮,14,1,13,群益金鼎-台中,2024-05-03,9184
3706,神達,19,6,13,群益金鼎-台中,2024-05-03,9184
00940,元大台灣價值高息,38,25,13,群益金鼎-台中,2024-05-03,9184
3260,威剛,20,8,12,群益金鼎-台中,2024-05-03,9184
6235,華孚,17,5,12,群益金鼎-台中,2024-05-03,9184
2705,六福,14,3,11,群益金鼎-台中,2024-05-03,9184
6282,康舒,12,1,11,群益金鼎-台中,2024-05-03,9184
1446,宏和,26,15,11,群益金鼎-台中,2024-05-03,9184
2376,技嘉,13,2,11,群益金鼎-台中,2024-05-03,9184
8926,台汽電,11,0,11,群益金鼎-台中,2024-05-03,9184
00664R,國泰臺灣加權反1,11,0,11,群益金鼎-台中,2024-05-03,9184
2101,南港,22,11,11,群益金鼎-台中,2024-05-03,9184
5880,合庫金,10,0,10,群益金鼎-台中,2024-05-03,9184
00909,國泰數位支付服務,10,0,10,群益金鼎-台中,2024-05-03,9184
5519,隆大,16,6,10,群益金鼎-台中,2024-05-03,9184
00632R,元大台灣50反1,610,0,610,群益金鼎-台中,2024-05-06,9184
4744,皇將,497,0,497,群益金鼎-台中,2024-05-06,9184
00937B,群益ESG投等債20,196,9,187,群益金鼎-台中,2024-05-06,9184
00680L,元大美債20正2,186,10,176,群益金鼎-台中,2024-05-06,9184
2449,京元電子,322,192,130,群益金鼎-台中,2024-05-06,9184
00933B,國泰10Y+金融債,103,0,103,群益金鼎-台中,2024-05-06,9184
00885,富邦越南,100,0,100,群益金鼎-台中,2024-05-06,9184
00878,國泰永續高股息,110,16,94,群益金鼎-台中,2024-05-06,9184
4714,永捷,80,0,80,群益金鼎-台中,2024-05-06,9184
00795B,中信美國公債20年,100,38,62,群益金鼎-台中,2024-05-06,9184
00671R,富邦NASDAQ反1,60,0,60,群益金鼎-台中,2024-05-06,9184
2352,佳世達,52,1,51,群益金鼎-台中,2024-05-06,9184
9933,中鼎,55,4,51,群益金鼎-台中,2024-05-06,9184
00679B,元大美債20年,49,1,48,群益金鼎-台中,2024-05-06,9184
00929,復華台灣科技優息,59,11,48,群益金鼎-台中,2024-05-06,9184
2515,中工,168,121,47,群益金鼎-台中,2024-05-06,9184
2605,新興,52,6,46,群益金鼎-台中,2024-05-06,9184
9904,寶成,41,3,38,群益金鼎-台中,2024-05-06,9184
2618,長榮航,91,56,35,群益金鼎-台中,2024-05-06,9184
00648R,元大S＆P500反1,35,0,35,群益金鼎-台中,2024-05-06,9184
00669R,國泰美國道瓊反1,35,0,35,群益金鼎-台中,2024-05-06,9184
2365,昆盈,25,0,25,群益金鼎-台中,2024-05-06,9184
00664R,國泰臺灣加權反1,23,0,23,群益金鼎-台中,2024-05-06,9184
5512,力麒,31,10,21,群益金鼎-台中,2024-05-06,9184
2537,聯上發,53,32,21,群益金鼎-台中,2024-05-06,9184
3706,神達,33,13,20,群益金鼎-台中,2024-05-06,9184
5880,合庫金,25,5,20,群益金鼎-台中,2024-05-06,9184
6269,台郡,22,3,19,群益金鼎-台中,2024-05-06,9184
2834,臺企銀,17,0,17,群益金鼎-台中,2024-05-06,9184
1905,華紙,15,0,15,群益金鼎-台中,2024-05-06,9184
2382,廣達,56,42,14,群益金鼎-台中,2024-05-06,9184
2867,三商壽,12,0,12,群益金鼎-台中,2024-05-06,9184
2888,新光金,49,37,12,群益金鼎-台中,2024-05-06,9184
3056,富華新,12,1,11,群益金鼎-台中,2024-05-06,9184
6173,信昌電,27,16,11,群益金鼎-台中,2024-05-06,9184
2371,大同,21,10,11,群益金鼎-台中,2024-05-06,9184
2010,春源,10,0,10,群益金鼎-台中,2024-05-06,9184
00927,群益半導體收益,10,0,10,群益金鼎-台中,2024-05-06,9184
2535,達欣工,10,0,10,群益金鼎-台中,2024-05-06,9184
6282,康舒,12,2,10,群益金鼎-台中,2024-05-06,9184
4919,新唐,10,0,10,群益金鼎-台中,2024-05-06,9184
2883B,凱基金乙特,10,0,10,群益金鼎-台中,2024-05-06,9184
2316,楠梓電,12,3,9,群益金鼎-台中,2024-05-06,9184
2427,三商電,9,0,9,群益金鼎-台中,2024-05-06,9184
6449,鈺邦,9,1,8,群益金鼎-台中,2024-05-06,9184
6177,達麗,25,17,8,群益金鼎-台中,2024-05-06,9184
5426,振發,8,0,8,群益金鼎-台中,2024-05-06,9184
6264,富裔,9,1,8,群益金鼎-台中,2024-05-06,9184
3532,台勝科,8,0,8,群益金鼎-台中,2024-05-06,9184
4533,協易機,15,7,8,群益金鼎-台中,2024-05-06,9184
00706L,期元大S＆P日圓正2,590,22,568,群益金鼎-台中,2024-05-07,9184
00937B,群益ESG投等債20,535,169,366,群益金鼎-台中,2024-05-07,9184
00680L,元大美債20正2,200,14,186,群益金鼎-台中,2024-05-07,9184
00929,復華台灣科技優息,178,4,174,群益金鼎-台中,2024-05-07,9184
6257,矽格,126,5,121,群益金鼎-台中,2024-05-07,9184
00878,國泰永續高股息,110,8,102,群益金鼎-台中,2024-05-07,9184
2883B,凱基金乙特,90,0,90,群益金鼎-台中,2024-05-07,9184
00679B,元大美債20年,90,0,90,群益金鼎-台中,2024-05-07,9184
00882,中信中國高股息,83,15,68,群益金鼎-台中,2024-05-07,9184
6125,廣運,69,15,54,群益金鼎-台中,2024-05-07,9184
00664R,國泰臺灣加權反1,58,5,53,群益金鼎-台中,2024-05-07,9184
2527,宏璟,40,5,35,群益金鼎-台中,2024-05-07,9184
00945B,凱基美國非投等債,41,7,34,群益金鼎-台中,2024-05-07,9184
5512,力麒,52,19,33,群益金鼎-台中,2024-05-07,9184
2101,南港,42,10,32,群益金鼎-台中,2024-05-07,9184
2449,京元電子,162,131,31,群益金鼎-台中,2024-05-07,9184
3011,今皓,30,0,30,群益金鼎-台中,2024-05-07,9184
00648R,元大S＆P500反1,30,0,30,群益金鼎-台中,2024-05-07,9184
00671R,富邦NASDAQ反1,30,0,30,群益金鼎-台中,2024-05-07,9184
00919,群益台灣精選高息,47,19,28,群益金鼎-台中,2024-05-07,9184
3481,群創,29,1,28,群益金鼎-台中,2024-05-07,9184
3708,上緯投控,29,3,26,群益金鼎-台中,2024-05-07,9184
8096,擎亞,104,83,21,群益金鼎-台中,2024-05-07,9184
9933,中鼎,21,1,20,群益金鼎-台中,2024-05-07,9184
00864B,中信美國公債0-1,20,0,20,群益金鼎-台中,2024-05-07,9184
2498,宏達電,20,0,20,群益金鼎-台中,2024-05-07,9184
00915,凱基優選高股息30,21,2,19,群益金鼎-台中,2024-05-07,9184
2888,新光金,22,5,17,群益金鼎-台中,2024-05-07,9184
2323,中環,17,0,17,群益金鼎-台中,2024-05-07,9184
4967,十銓,24,7,17,群益金鼎-台中,2024-05-07,9184
6770,力積電,17,1,16,群益金鼎-台中,2024-05-07,9184
2486,一詮,131,115,16,群益金鼎-台中,2024-05-07,9184
3701,大眾控,15,0,15,群益金鼎-台中,2024-05-07,9184
1608,華榮,23,8,15,群益金鼎-台中,2024-05-07,9184
2363,矽統,39,25,14,群益金鼎-台中,2024-05-07,9184
1905,華紙,16,2,14,群益金鼎-台中,2024-05-07,9184
9958,世紀鋼,13,0,13,群益金鼎-台中,2024-05-07,9184
2374,佳能,38,25,13,群益金鼎-台中,2024-05-07,9184
6531,愛普*,14,2,12,群益金鼎-台中,2024-05-07,9184
2014,中鴻,12,0,12,群益金鼎-台中,2024-05-07,9184
5498,凱崴,33,21,12,群益金鼎-台中,2024-05-07,9184
2392,正崴,95,83,12,群益金鼎-台中,2024-05-07,9184
4306,炎洲,12,0,12,群益金鼎-台中,2024-05-07,9184
2515,中工,90,78,12,群益金鼎-台中,2024-05-07,9184
1304,台聚,11,0,11,群益金鼎-台中,2024-05-07,9184
5876,上海商銀,11,0,11,群益金鼎-台中,2024-05-07,9184
5483,中美晶,13,2,11,群益金鼎-台中,2024-05-07,9184
00940,元大台灣價值高息,30,20,10,群益金鼎-台中,2024-05-07,9184
1712,興農,10,0,10,群益金鼎-台中,2024-05-07,9184
00936,台新永續高息中小,10,0,10,群益金鼎-台中,2024-05-07,9184
00937B,群益ESG投等債20,387,58,329,群益金鼎-台中,2024-05-08,9184
00679B,元大美債20年,207,1,206,群益金鼎-台中,2024-05-08,9184
00664R,國泰臺灣加權反1,133,0,133,群益金鼎-台中,2024-05-08,9184
4306,炎洲,136,20,116,群益金鼎-台中,2024-05-08,9184
00882,中信中國高股息,93,5,88,群益金鼎-台中,2024-05-08,9184
00764B,群益25年美債,77,0,77,群益金鼎-台中,2024-05-08,9184
00680L,元大美債20正2,102,25,77,群益金鼎-台中,2024-05-08,9184
00940,元大台灣價值高息,78,6,72,群益金鼎-台中,2024-05-08,9184
00650L,復華香港正2,62,0,62,群益金鼎-台中,2024-05-08,9184
2359,所羅門,95,34,61,群益金鼎-台中,2024-05-08,9184
2883B,凱基金乙特,60,0,60,群益金鼎-台中,2024-05-08,9184
00725B,國泰投資級公司債,51,0,51,群益金鼎-台中,2024-05-08,9184
6180,橘子,51,1,50,群益金鼎-台中,2024-05-08,9184
2618,長榮航,54,4,50,群益金鼎-台中,2024-05-08,9184
00929,復華台灣科技優息,144,95,49,群益金鼎-台中,2024-05-08,9184
00632R,元大台灣50反1,47,0,47,群益金鼎-台中,2024-05-08,9184
00919,群益台灣精選高息,65,23,42,群益金鼎-台中,2024-05-08,9184
2356,英業達,61,28,33,群益金鼎-台中,2024-05-08,9184
1618,合機,101,69,32,群益金鼎-台中,2024-05-08,9184
2603,長榮,32,1,31,群益金鼎-台中,2024-05-08,9184
00687B,國泰20年美債,28,0,28,群益金鼎-台中,2024-05-08,9184
2338,光罩,30,4,26,群益金鼎-台中,2024-05-08,9184
5871,中租-KY,25,0,25,群益金鼎-台中,2024-05-08,9184
3712,永崴投控,25,0,25,群益金鼎-台中,2024-05-08,9184
2609,陽明,82,58,24,群益金鼎-台中,2024-05-08,9184
00932,兆豐永續高息等權,24,0,24,群益金鼎-台中,2024-05-08,9184
9933,中鼎,23,0,23,群益金鼎-台中,2024-05-08,9184
2352,佳世達,32,10,22,群益金鼎-台中,2024-05-08,9184
5529,鉅陞,22,1,21,群益金鼎-台中,2024-05-08,9184
00933B,國泰10Y+金融債,24,4,20,群益金鼎-台中,2024-05-08,9184
2634,漢翔,21,3,18,群益金鼎-台中,2024-05-08,9184
2374,佳能,78,60,18,群益金鼎-台中,2024-05-08,9184
4532,瑞智,16,0,16,群益金鼎-台中,2024-05-08,9184
3056,富華新,16,0,16,群益金鼎-台中,2024-05-08,9184
2641,正德,129,115,14,群益金鼎-台中,2024-05-08,9184
5512,力麒,15,1,14,群益金鼎-台中,2024-05-08,9184
2850,新產,15,2,13,群益金鼎-台中,2024-05-08,9184
1905,華紙,15,2,13,群益金鼎-台中,2024-05-08,9184
9904,寶成,13,0,13,群益金鼎-台中,2024-05-08,9184
5522,遠雄,14,1,13,群益金鼎-台中,2024-05-08,9184
3512,皇龍,12,0,12,群益金鼎-台中,2024-05-08,9184
5533,皇鼎,12,0,12,群益金鼎-台中,2024-05-08,9184
2201,裕隆,13,2,11,群益金鼎-台中,2024-05-08,9184
3013,晟銘電,39,28,11,群益金鼎-台中,2024-05-08,9184
5009,榮剛,12,1,11,群益金鼎-台中,2024-05-08,9184
00720B,元大投資級公司債,50,40,10,群益金鼎-台中,2024-05-08,9184
6185,幃翔,10,0,10,群益金鼎-台中,2024-05-08,9184
1319,東陽,11,1,10,群益金鼎-台中,2024-05-08,9184
3596,智易,10,0,10,群益金鼎-台中,2024-05-08,9184
6596,寬宏藝術,10,0,10,群益金鼎-台中,2024-05-08,9184
4744,皇將,758,0,758,群益金鼎-台中,2024-05-09,9184
00937B,群益ESG投等債20,629,0,629,群益金鼎-台中,2024-05-09,9184
00929,復華台灣科技優息,276,26,250,群益金鼎-台中,2024-05-09,9184
00946,群益科技高息成長,391,184,207,群益金鼎-台中,2024-05-09,9184
2449,京元電子,202,0,202,群益金鼎-台中,2024-05-09,9184
2801,彰銀,129,0,129,群益金鼎-台中,2024-05-09,9184
2883B,凱基金乙特,80,0,80,群益金鼎-台中,2024-05-09,9184
00751B,元大AAA至A公司債,75,0,75,群益金鼎-台中,2024-05-09,9184
00725B,國泰投資級公司債,67,0,67,群益金鼎-台中,2024-05-09,9184
00944,野村趨勢動能高息,65,0,65,群益金鼎-台中,2024-05-09,9184
00919,群益台灣精選高息,64,5,59,群益金鼎-台中,2024-05-09,9184
00650L,復華香港正2,63,20,43,群益金鼎-台中,2024-05-09,9184
00915,凱基優選高股息30,40,0,40,群益金鼎-台中,2024-05-09,9184
020027,元大上櫃ESG成長N,40,0,40,群益金鼎-台中,2024-05-09,9184
6005,群益證,37,2,35,群益金鼎-台中,2024-05-09,9184
1101,台泥,35,1,34,群益金鼎-台中,2024-05-09,9184
2359,所羅門,48,15,33,群益金鼎-台中,2024-05-09,9184
2344,華邦電,30,3,27,群益金鼎-台中,2024-05-09,9184
00720B,元大投資級公司債,86,60,26,群益金鼎-台中,2024-05-09,9184
5351,鈺創,25,0,25,群益金鼎-台中,2024-05-09,9184
00940,元大台灣價值高息,73,48,25,群益金鼎-台中,2024-05-09,9184
3036,文曄,30,6,24,群益金鼎-台中,2024-05-09,9184
00679B,元大美債20年,29,6,23,群益金鼎-台中,2024-05-09,9184
3701,大眾控,20,0,20,群益金鼎-台中,2024-05-09,9184
2201,裕隆,46,26,20,群益金鼎-台中,2024-05-09,9184
00680L,元大美債20正2,30,10,20,群益金鼎-台中,2024-05-09,9184
2536,宏普,19,0,19,群益金鼎-台中,2024-05-09,9184
2405,輔信,18,0,18,群益金鼎-台中,2024-05-09,9184
2542,興富發,25,7,18,群益金鼎-台中,2024-05-09,9184
1440,南紡,19,2,17,群益金鼎-台中,2024-05-09,9184
1727,中華化,19,2,17,群益金鼎-台中,2024-05-09,9184
2363,矽統,62,45,17,群益金鼎-台中,2024-05-09,9184
6197,佳必琪,18,2,16,群益金鼎-台中,2024-05-09,9184
4979,華星光,17,1,16,群益金鼎-台中,2024-05-09,9184
00878,國泰永續高股息,105,90,15,群益金鼎-台中,2024-05-09,9184
2303,聯電,19,4,15,群益金鼎-台中,2024-05-09,9184
2884,玉山金,19,4,15,群益金鼎-台中,2024-05-09,9184
2101,南港,21,6,15,群益金鼎-台中,2024-05-09,9184
3128,昇銳,15,0,15,群益金鼎-台中,2024-05-09,9184
4562,穎漢,15,0,15,群益金鼎-台中,2024-05-09,9184
4542,科嶠,21,6,15,群益金鼎-台中,2024-05-09,9184
1905,華紙,15,0,15,群益金鼎-台中,2024-05-09,9184
1617,榮星,15,0,15,群益金鼎-台中,2024-05-09,9184
2851,中再保,16,1,15,群益金鼎-台中,2024-05-09,9184
2867,三商壽,15,1,14,群益金鼎-台中,2024-05-09,9184
00936,台新永續高息中小,14,0,14,群益金鼎-台中,2024-05-09,9184
5457,宣德,16,2,14,群益金鼎-台中,2024-05-09,9184
5871,中租-KY,16,2,14,群益金鼎-台中,2024-05-09,9184
3231,緯創,21,8,13,群益金鼎-台中,2024-05-09,9184
1316,上曜,13,0,13,群益金鼎-台中,2024-05-09,9184
00929,復華台灣科技優息,323,9,314,群益金鼎-台中,2024-05-10,9184
00937B,群益ESG投等債20,380,197,183,群益金鼎-台中,2024-05-10,9184
8150,南茂,156,0,156,群益金鼎-台中,2024-05-10,9184
5531,鄉林,146,0,146,群益金鼎-台中,2024-05-10,9184
00665L,富邦�琤肭磪囓�2,124,9,115,群益金鼎-台中,2024-05-10,9184
00632R,元大台灣50反1,113,0,113,群益金鼎-台中,2024-05-10,9184
00946,群益科技高息成長,140,29,111,群益金鼎-台中,2024-05-10,9184
00882,中信中國高股息,86,8,78,群益金鼎-台中,2024-05-10,9184
2641,正德,120,43,77,群益金鼎-台中,2024-05-10,9184
2317,鴻海,78,4,74,群益金鼎-台中,2024-05-10,9184
00795B,中信美國公債20年,142,68,74,群益金鼎-台中,2024-05-10,9184
00878,國泰永續高股息,92,26,66,群益金鼎-台中,2024-05-10,9184
00933B,國泰10Y+金融債,62,0,62,群益金鼎-台中,2024-05-10,9184
00915,凱基優選高股息30,44,0,44,群益金鼎-台中,2024-05-10,9184
2605,新興,69,28,41,群益金鼎-台中,2024-05-10,9184
00669R,國泰美國道瓊反1,35,0,35,群益金鼎-台中,2024-05-10,9184
6005,群益證,53,21,32,群益金鼎-台中,2024-05-10,9184
2409,友達,48,16,32,群益金鼎-台中,2024-05-10,9184
3712,永崴投控,30,1,29,群益金鼎-台中,2024-05-10,9184
8936,國統,43,14,29,群益金鼎-台中,2024-05-10,9184
2367,燿華,124,96,28,群益金鼎-台中,2024-05-10,9184
00944,野村趨勢動能高息,26,1,25,群益金鼎-台中,2024-05-10,9184
2884,玉山金,24,0,24,群益金鼎-台中,2024-05-10,9184
4906,正文,30,7,23,群益金鼎-台中,2024-05-10,9184
4903,聯光通,22,0,22,群益金鼎-台中,2024-05-10,9184
6226,光鼎,21,0,21,群益金鼎-台中,2024-05-10,9184
2323,中環,92,71,21,群益金鼎-台中,2024-05-10,9184
00764B,群益25年美債,68,49,19,群益金鼎-台中,2024-05-10,9184
2201,裕隆,19,0,19,群益金鼎-台中,2024-05-10,9184
4746,台耀,17,0,17,群益金鼎-台中,2024-05-10,9184
2359,所羅門,61,44,17,群益金鼎-台中,2024-05-10,9184
2889,國票金,21,5,16,群益金鼎-台中,2024-05-10,9184
1446,宏和,17,1,16,群益金鼎-台中,2024-05-10,9184
00664R,國泰臺灣加權反1,15,0,15,群益金鼎-台中,2024-05-10,9184
3706,神達,65,50,15,群益金鼎-台中,2024-05-10,9184
3011,今皓,15,0,15,群益金鼎-台中,2024-05-10,9184
00648R,元大S＆P500反1,15,0,15,群益金鼎-台中,2024-05-10,9184
00932,兆豐永續高息等權,15,0,15,群益金鼎-台中,2024-05-10,9184
2371,大同,36,21,15,群益金鼎-台中,2024-05-10,9184
9925,新保,14,0,14,群益金鼎-台中,2024-05-10,9184
5906,台南-KY,13,0,13,群益金鼎-台中,2024-05-10,9184
6207,雷科,24,12,12,群益金鼎-台中,2024-05-10,9184
2501,國建,53,41,12,群益金鼎-台中,2024-05-10,9184
9945,潤泰新,14,2,12,群益金鼎-台中,2024-05-10,9184
00877,復華中國5G,10,0,10,群益金鼎-台中,2024-05-10,9184
3147,大綜,10,0,10,群益金鼎-台中,2024-05-10,9184
2419,仲琦,10,0,10,群益金鼎-台中,2024-05-10,9184
1453,大將,10,0,10,群益金鼎-台中,2024-05-10,9184
3512,皇龍,10,0,10,群益金鼎-台中,2024-05-10,9184
1617,榮星,10,0,10,群益金鼎-台中,2024-05-10,9184
00706L,期元大S＆P日圓正2,605,5,600,群益金鼎-台中,2024-05-13,9184
00937B,群益ESG投等債20,403,10,393,群益金鼎-台中,2024-05-13,9184
00929,復華台灣科技優息,393,84,309,群益金鼎-台中,2024-05-13,9184
00944,野村趨勢動能高息,147,0,147,群益金鼎-台中,2024-05-13,9184
2609,陽明,285,181,104,群益金鼎-台中,2024-05-13,9184
2618,長榮航,153,57,96,群益金鼎-台中,2024-05-13,9184
00915,凱基優選高股息30,69,2,67,群益金鼎-台中,2024-05-13,9184
1563,巧新,63,6,57,群益金鼎-台中,2024-05-13,9184
00882,中信中國高股息,84,30,54,群益金鼎-台中,2024-05-13,9184
8150,南茂,52,0,52,群益金鼎-台中,2024-05-13,9184
00679B,元大美債20年,51,0,51,群益金鼎-台中,2024-05-13,9184
2890,永豐金,51,0,51,群益金鼎-台中,2024-05-13,9184
00939,統一台灣高息動能,60,13,47,群益金鼎-台中,2024-05-13,9184
00940,元大台灣價值高息,82,41,41,群益金鼎-台中,2024-05-13,9184
2359,所羅門,44,6,38,群益金鼎-台中,2024-05-13,9184
00932,兆豐永續高息等權,36,0,36,群益金鼎-台中,2024-05-13,9184
00946,群益科技高息成長,62,30,32,群益金鼎-台中,2024-05-13,9184
00878,國泰永續高股息,47,16,31,群益金鼎-台中,2024-05-13,9184
00933B,國泰10Y+金融債,30,0,30,群益金鼎-台中,2024-05-13,9184
2317,鴻海,40,12,28,群益金鼎-台中,2024-05-13,9184
2356,英業達,31,5,26,群益金鼎-台中,2024-05-13,9184
1314,中石化,26,1,25,群益金鼎-台中,2024-05-13,9184
4906,正文,28,8,20,群益金鼎-台中,2024-05-13,9184
00918,大華優利高填息30,20,0,20,群益金鼎-台中,2024-05-13,9184
1722,台肥,20,0,20,群益金鼎-台中,2024-05-13,9184
2891,中信金,21,2,19,群益金鼎-台中,2024-05-13,9184
2539,櫻花建,19,0,19,群益金鼎-台中,2024-05-13,9184
2101,南港,24,7,17,群益金鼎-台中,2024-05-13,9184
2867,三商壽,15,0,15,群益金鼎-台中,2024-05-13,9184
9925,新保,16,1,15,群益金鼎-台中,2024-05-13,9184
2547,日勝生,15,0,15,群益金鼎-台中,2024-05-13,9184
1905,華紙,15,0,15,群益金鼎-台中,2024-05-13,9184
1714,和桐,27,12,15,群益金鼎-台中,2024-05-13,9184
3231,緯創,25,12,13,群益金鼎-台中,2024-05-13,9184
1504,東元,13,0,13,群益金鼎-台中,2024-05-13,9184
5202,力新,13,0,13,群益金鼎-台中,2024-05-13,9184
1301,台塑,13,1,12,群益金鼎-台中,2024-05-13,9184
00687B,國泰20年美債,12,0,12,群益金鼎-台中,2024-05-13,9184
3033,威健,19,7,12,群益金鼎-台中,2024-05-13,9184
00715L,期街口布蘭特正2,11,0,11,群益金鼎-台中,2024-05-13,9184
00731,復華富時高息低波,11,0,11,群益金鼎-台中,2024-05-13,9184
2436,偉詮電,10,0,10,群益金鼎-台中,2024-05-13,9184
3622,洋華,10,0,10,群益金鼎-台中,2024-05-13,9184
8936,國統,50,40,10,群益金鼎-台中,2024-05-13,9184
00934,中信成長高股息,10,0,10,群益金鼎-台中,2024-05-13,9184
00676R,富邦臺灣加權反1,10,0,10,群益金鼎-台中,2024-05-13,9184
2419,仲琦,10,0,10,群益金鼎-台中,2024-05-13,9184
00671R,富邦NASDAQ反1,10,0,10,群益金鼎-台中,2024-05-13,9184
4510,高鋒,10,0,10,群益金鼎-台中,2024-05-13,9184
9904,寶成,12,2,10,群益金鼎-台中,2024-05-13,9184
2609,陽明,471,356,115,群益金鼎-台中,2024-05-14,9184
00720B,元大投資級公司債,105,0,105,群益金鼎-台中,2024-05-14,9184
2887,台新金,100,0,100,群益金鼎-台中,2024-05-14,9184
00751B,元大AAA至A公司債,74,0,74,群益金鼎-台中,2024-05-14,9184
2405,輔信,470,413,57,群益金鼎-台中,2024-05-14,9184
2352,佳世達,57,0,57,群益金鼎-台中,2024-05-14,9184
8150,南茂,51,0,51,群益金鼎-台中,2024-05-14,9184
00725B,國泰投資級公司債,51,0,51,群益金鼎-台中,2024-05-14,9184
00882,中信中國高股息,47,5,42,群益金鼎-台中,2024-05-14,9184
2367,燿華,230,189,41,群益金鼎-台中,2024-05-14,9184
00933B,國泰10Y+金融債,39,0,39,群益金鼎-台中,2024-05-14,9184
1101,台泥,38,2,36,群益金鼎-台中,2024-05-14,9184
00632R,元大台灣50反1,35,0,35,群益金鼎-台中,2024-05-14,9184
4106,雃博,30,0,30,群益金鼎-台中,2024-05-14,9184
2883,凱基金,32,6,26,群益金鼎-台中,2024-05-14,9184
2539,櫻花建,24,0,24,群益金鼎-台中,2024-05-14,9184
9945,潤泰新,79,56,23,群益金鼎-台中,2024-05-14,9184
2317,鴻海,50,29,21,群益金鼎-台中,2024-05-14,9184
2615,萬海,253,232,21,群益金鼎-台中,2024-05-14,9184
2303,聯電,32,11,21,群益金鼎-台中,2024-05-14,9184
3576,聯合再生,21,0,21,群益金鼎-台中,2024-05-14,9184
1722,台肥,20,0,20,群益金鼎-台中,2024-05-14,9184
00650L,復華香港正2,20,0,20,群益金鼎-台中,2024-05-14,9184
8046,南電,19,0,19,群益金鼎-台中,2024-05-14,9184
2850,新產,18,0,18,群益金鼎-台中,2024-05-14,9184
00772B,中信高評級公司債,17,0,17,群益金鼎-台中,2024-05-14,9184
4542,科嶠,18,1,17,群益金鼎-台中,2024-05-14,9184
2743,山富,21,4,17,群益金鼎-台中,2024-05-14,9184
3512,皇龍,16,0,16,群益金鼎-台中,2024-05-14,9184
2482,連宇,32,17,15,群益金鼎-台中,2024-05-14,9184
5469,瀚宇博,16,1,15,群益金鼎-台中,2024-05-14,9184
3231,緯創,22,8,14,群益金鼎-台中,2024-05-14,9184
6244,茂迪,15,1,14,群益金鼎-台中,2024-05-14,9184
2867,三商壽,27,13,14,群益金鼎-台中,2024-05-14,9184
00713,元大台灣高息低波,13,0,13,群益金鼎-台中,2024-05-14,9184
6605,帝寶,13,1,12,群益金鼎-台中,2024-05-14,9184
00946,群益科技高息成長,61,49,12,群益金鼎-台中,2024-05-14,9184
2618,長榮航,25,13,12,群益金鼎-台中,2024-05-14,9184
2851,中再保,14,3,11,群益金鼎-台中,2024-05-14,9184
8011,台通,14,3,11,群益金鼎-台中,2024-05-14,9184
2101,南港,10,0,10,群益金鼎-台中,2024-05-14,9184
3049,精金,10,0,10,群益金鼎-台中,2024-05-14,9184
2836,高雄銀,10,0,10,群益金鼎-台中,2024-05-14,9184
00764B,群益25年美債,78,68,10,群益金鼎-台中,2024-05-14,9184
3013,晟銘電,14,4,10,群益金鼎-台中,2024-05-14,9184
2383,台光電,10,0,10,群益金鼎-台中,2024-05-14,9184
2913,農林,10,0,10,群益金鼎-台中,2024-05-14,9184
1513,中興電,15,5,10,群益金鼎-台中,2024-05-14,9184
8933,愛地雅,9,0,9,群益金鼎-台中,2024-05-14,9184
2401,凌陽,13,4,9,群益金鼎-台中,2024-05-14,9184
00632R,元大台灣50反1,608,10,598,群益金鼎-台中,2024-05-15,9184
00929,復華台灣科技優息,335,12,323,群益金鼎-台中,2024-05-15,9184
00706L,期元大S＆P日圓正2,310,0,310,群益金鼎-台中,2024-05-15,9184
00795B,中信美國公債20年,278,74,204,群益金鼎-台中,2024-05-15,9184
00937B,群益ESG投等債20,386,256,130,群益金鼎-台中,2024-05-15,9184
00919,群益台灣精選高息,116,0,116,群益金鼎-台中,2024-05-15,9184
2312,金寶,115,9,106,群益金鼎-台中,2024-05-15,9184
6125,廣運,92,9,83,群益金鼎-台中,2024-05-15,9184
020027,元大上櫃ESG成長N,100,20,80,群益金鼎-台中,2024-05-15,9184
2464,盟立,94,15,79,群益金鼎-台中,2024-05-15,9184
9105,泰金寶-DR,73,0,73,群益金鼎-台中,2024-05-15,9184
00764B,群益25年美債,131,58,73,群益金鼎-台中,2024-05-15,9184
00945B,凱基美國非投等債,168,100,68,群益金鼎-台中,2024-05-15,9184
3576,聯合再生,72,5,67,群益金鼎-台中,2024-05-15,9184
00664R,國泰臺灣加權反1,66,0,66,群益金鼎-台中,2024-05-15,9184
2303,聯電,71,6,65,群益金鼎-台中,2024-05-15,9184
00936,台新永續高息中小,51,0,51,群益金鼎-台中,2024-05-15,9184
00725B,國泰投資級公司債,147,102,45,群益金鼎-台中,2024-05-15,9184
1722,台肥,42,4,38,群益金鼎-台中,2024-05-15,9184
1609,大亞,46,15,31,群益金鼎-台中,2024-05-15,9184
2405,輔信,97,67,30,群益金鼎-台中,2024-05-15,9184
00671R,富邦NASDAQ反1,30,0,30,群益金鼎-台中,2024-05-15,9184
00939,統一台灣高息動能,30,1,29,群益金鼎-台中,2024-05-15,9184
3260,威剛,31,3,28,群益金鼎-台中,2024-05-15,9184
00946,群益科技高息成長,91,64,27,群益金鼎-台中,2024-05-15,9184
00687B,國泰20年美債,33,6,27,群益金鼎-台中,2024-05-15,9184
2356,英業達,64,38,26,群益金鼎-台中,2024-05-15,9184
00648R,元大S＆P500反1,25,0,25,群益金鼎-台中,2024-05-15,9184
2331,精英,40,19,21,群益金鼎-台中,2024-05-15,9184
4533,協易機,59,38,21,群益金鼎-台中,2024-05-15,9184
00932,兆豐永續高息等權,20,1,19,群益金鼎-台中,2024-05-15,9184
9904,寶成,19,1,18,群益金鼎-台中,2024-05-15,9184
2850,新產,17,0,17,群益金鼎-台中,2024-05-15,9184
4532,瑞智,22,5,17,群益金鼎-台中,2024-05-15,9184
2324,仁寶,20,4,16,群益金鼎-台中,2024-05-15,9184
9939,宏全,18,2,16,群益金鼎-台中,2024-05-15,9184
00713,元大台灣高息低波,17,2,15,群益金鼎-台中,2024-05-15,9184
00669R,國泰美國道瓊反1,15,0,15,群益金鼎-台中,2024-05-15,9184
3701,大眾控,15,0,15,群益金鼎-台中,2024-05-15,9184
2352,佳世達,15,1,14,群益金鼎-台中,2024-05-15,9184
2406,國碩,24,10,14,群益金鼎-台中,2024-05-15,9184
4707,磐亞,20,6,14,群益金鼎-台中,2024-05-15,9184
00933B,國泰10Y+金融債,42,30,12,群益金鼎-台中,2024-05-15,9184
3703,欣陸,12,0,12,群益金鼎-台中,2024-05-15,9184
4306,炎洲,11,0,11,群益金鼎-台中,2024-05-15,9184
2539,櫻花建,12,1,11,群益金鼎-台中,2024-05-15,9184
8110,華東,23,12,11,群益金鼎-台中,2024-05-15,9184
00918,大華優利高填息30,12,2,10,群益金鼎-台中,2024-05-15,9184
1608,華榮,31,21,10,群益金鼎-台中,2024-05-15,9184
00650L,復華香港正2,10,0,10,群益金鼎-台中,2024-05-15,9184
00680L,元大美債20正2,321,0,321,群益金鼎-台中,2024-05-16,9184
00937B,群益ESG投等債20,468,177,291,群益金鼎-台中,2024-05-16,9184
00878,國泰永續高股息,184,21,163,群益金鼎-台中,2024-05-16,9184
00632R,元大台灣50反1,138,10,128,群益金鼎-台中,2024-05-16,9184
00885,富邦越南,100,6,94,群益金鼎-台中,2024-05-16,9184
2834,臺企銀,103,24,79,群益金鼎-台中,2024-05-16,9184
00671R,富邦NASDAQ反1,70,0,70,群益金鼎-台中,2024-05-16,9184
00933B,國泰10Y+金融債,77,8,69,群益金鼎-台中,2024-05-16,9184
00679B,元大美債20年,62,7,55,群益金鼎-台中,2024-05-16,9184
2317,鴻海,110,57,53,群益金鼎-台中,2024-05-16,9184
2382,廣達,96,45,51,群益金鼎-台中,2024-05-16,9184
00648R,元大S＆P500反1,45,0,45,群益金鼎-台中,2024-05-16,9184
00664R,國泰臺灣加權反1,44,0,44,群益金鼎-台中,2024-05-16,9184
00669R,國泰美國道瓊反1,40,0,40,群益金鼎-台中,2024-05-16,9184
3706,神達,44,4,40,群益金鼎-台中,2024-05-16,9184
3231,緯創,59,21,38,群益金鼎-台中,2024-05-16,9184
9945,潤泰新,52,18,34,群益金鼎-台中,2024-05-16,9184
2406,國碩,33,0,33,群益金鼎-台中,2024-05-16,9184
4576,大銀微系統,34,1,33,群益金鼎-台中,2024-05-16,9184
6770,力積電,44,12,32,群益金鼎-台中,2024-05-16,9184
2539,櫻花建,30,0,30,群益金鼎-台中,2024-05-16,9184
2645,長榮航太,31,3,28,群益金鼎-台中,2024-05-16,9184
6456,GIS-KY,31,4,27,群益金鼎-台中,2024-05-16,9184
2356,英業達,36,10,26,群益金鼎-台中,2024-05-16,9184
00795B,中信美國公債20年,250,224,26,群益金鼎-台中,2024-05-16,9184
1733,五鼎,24,0,24,群益金鼎-台中,2024-05-16,9184
00676R,富邦臺灣加權反1,24,0,24,群益金鼎-台中,2024-05-16,9184
5251,天鉞電,29,5,24,群益金鼎-台中,2024-05-16,9184
2323,中環,55,32,23,群益金鼎-台中,2024-05-16,9184
2062,橋椿,33,10,23,群益金鼎-台中,2024-05-16,9184
00929,復華台灣科技優息,42,19,23,群益金鼎-台中,2024-05-16,9184
6005,群益證,26,5,21,群益金鼎-台中,2024-05-16,9184
9904,寶成,38,20,18,群益金鼎-台中,2024-05-16,9184
2352,佳世達,20,3,17,群益金鼎-台中,2024-05-16,9184
2412,中華電,18,2,16,群益金鼎-台中,2024-05-16,9184
6147,頎邦,16,0,16,群益金鼎-台中,2024-05-16,9184
1312,國喬,16,0,16,群益金鼎-台中,2024-05-16,9184
2313,華通,34,18,16,群益金鼎-台中,2024-05-16,9184
3122,笙泉,15,0,15,群益金鼎-台中,2024-05-16,9184
2355,敬鵬,17,2,15,群益金鼎-台中,2024-05-16,9184
5272,笙科,17,2,15,群益金鼎-台中,2024-05-16,9184
00665L,富邦�琤肭磪囓�2,28,13,15,群益金鼎-台中,2024-05-16,9184
4909,新復興,16,2,14,群益金鼎-台中,2024-05-16,9184
6016,康和證,14,0,14,群益金鼎-台中,2024-05-16,9184
4542,科嶠,20,6,14,群益金鼎-台中,2024-05-16,9184
3062,建漢,15,1,14,群益金鼎-台中,2024-05-16,9184
00936,台新永續高息中小,13,0,13,群益金鼎-台中,2024-05-16,9184
1612,宏泰,23,10,13,群益金鼎-台中,2024-05-16,9184
5381,合正,14,1,13,群益金鼎-台中,2024-05-16,9184
1319,東陽,12,0,12,群益金鼎-台中,2024-05-16,9184
00929,復華台灣科技優息,676,32,644,群益金鼎-台中,2024-05-17,9184
2367,燿華,673,238,435,群益金鼎-台中,2024-05-17,9184
2349,錸德,239,0,239,群益金鼎-台中,2024-05-17,9184
8150,南茂,200,0,200,群益金鼎-台中,2024-05-17,9184
00795B,中信美國公債20年,192,1,191,群益金鼎-台中,2024-05-17,9184
6264,富裔,164,0,164,群益金鼎-台中,2024-05-17,9184
1722,台肥,152,0,152,群益金鼎-台中,2024-05-17,9184
00937B,群益ESG投等債20,362,211,151,群益金鼎-台中,2024-05-17,9184
00632R,元大台灣50反1,150,40,110,群益金鼎-台中,2024-05-17,9184
4744,皇將,100,0,100,群益金鼎-台中,2024-05-17,9184
00878,國泰永續高股息,131,40,91,群益金鼎-台中,2024-05-17,9184
00919,群益台灣精選高息,73,9,64,群益金鼎-台中,2024-05-17,9184
2610,華航,250,187,63,群益金鼎-台中,2024-05-17,9184
2801,彰銀,52,0,52,群益金鼎-台中,2024-05-17,9184
8107,大億金茂,50,0,50,群益金鼎-台中,2024-05-17,9184
00902,中信電池及儲能,50,0,50,群益金鼎-台中,2024-05-17,9184
3576,聯合再生,66,25,41,群益金鼎-台中,2024-05-17,9184
6443,元晶,43,9,34,群益金鼎-台中,2024-05-17,9184
6257,矽格,35,2,33,群益金鼎-台中,2024-05-17,9184
6244,茂迪,40,9,31,群益金鼎-台中,2024-05-17,9184
00680L,元大美債20正2,31,0,31,群益金鼎-台中,2024-05-17,9184
3059,華晶科,52,23,29,群益金鼎-台中,2024-05-17,9184
4576,大銀微系統,25,0,25,群益金鼎-台中,2024-05-17,9184
2365,昆盈,31,8,23,群益金鼎-台中,2024-05-17,9184
2408,南亞科,25,3,22,群益金鼎-台中,2024-05-17,9184
6770,力積電,32,10,22,群益金鼎-台中,2024-05-17,9184
00751B,元大AAA至A公司債,31,10,21,群益金鼎-台中,2024-05-17,9184
1609,大亞,44,24,20,群益金鼎-台中,2024-05-17,9184
8104,錸寶,20,0,20,群益金鼎-台中,2024-05-17,9184
2363,矽統,101,82,19,群益金鼎-台中,2024-05-17,9184
00946,群益科技高息成長,56,37,19,群益金鼎-台中,2024-05-17,9184
2506,太設,18,0,18,群益金鼎-台中,2024-05-17,9184
00940,元大台灣價值高息,27,9,18,群益金鼎-台中,2024-05-17,9184
00665L,富邦�琤肭磪囓�2,20,3,17,群益金鼎-台中,2024-05-17,9184
9945,潤泰新,35,19,16,群益金鼎-台中,2024-05-17,9184
2537,聯上發,99,83,16,群益金鼎-台中,2024-05-17,9184
1587,吉茂,107,93,14,群益金鼎-台中,2024-05-17,9184
2241,艾姆勒,28,15,13,群益金鼎-台中,2024-05-17,9184
2317,鴻海,25,12,13,群益金鼎-台中,2024-05-17,9184
4956,光鋐,12,0,12,群益金鼎-台中,2024-05-17,9184
3706,神達,21,9,12,群益金鼎-台中,2024-05-17,9184
2352,佳世達,14,2,12,群益金鼎-台中,2024-05-17,9184
2881,富邦金,12,1,11,群益金鼎-台中,2024-05-17,9184
00936,台新永續高息中小,11,0,11,群益金鼎-台中,2024-05-17,9184
3622,洋華,11,0,11,群益金鼎-台中,2024-05-17,9184
00915,凱基優選高股息30,11,0,11,群益金鼎-台中,2024-05-17,9184
3363,上詮,15,5,10,群益金鼎-台中,2024-05-17,9184
2376,技嘉,45,35,10,群益金鼎-台中,2024-05-17,9184
00648R,元大S＆P500反1,10,0,10,群益金鼎-台中,2024-05-17,9184
2836,高雄銀,10,0,10,群益金鼎-台中,2024-05-17,9184
00929,復華台灣科技優息,871,124,747,群益金鼎-台中,2024-05-20,9184
1722,台肥,396,11,385,群益金鼎-台中,2024-05-20,9184
2367,燿華,333,169,164,群益金鼎-台中,2024-05-20,9184
00937B,群益ESG投等債20,255,129,126,群益金鼎-台中,2024-05-20,9184
00687B,國泰20年美債,107,0,107,群益金鼎-台中,2024-05-20,9184
00885,富邦越南,83,3,80,群益金鼎-台中,2024-05-20,9184
00882,中信中國高股息,86,22,64,群益金鼎-台中,2024-05-20,9184
1504,東元,53,1,52,群益金鼎-台中,2024-05-20,9184
00679B,元大美債20年,56,5,51,群益金鼎-台中,2024-05-20,9184
2618,長榮航,105,56,49,群益金鼎-台中,2024-05-20,9184
2317,鴻海,60,12,48,群益金鼎-台中,2024-05-20,9184
2610,華航,94,49,45,群益金鼎-台中,2024-05-20,9184
4533,協易機,132,93,39,群益金鼎-台中,2024-05-20,9184
1474,弘裕,40,3,37,群益金鼎-台中,2024-05-20,9184
8070,長華*,37,2,35,群益金鼎-台中,2024-05-20,9184
1608,華榮,92,58,34,群益金鼎-台中,2024-05-20,9184
00944,野村趨勢動能高息,33,0,33,群益金鼎-台中,2024-05-20,9184
00764B,群益25年美債,166,134,32,群益金鼎-台中,2024-05-20,9184
5906,台南-KY,32,0,32,群益金鼎-台中,2024-05-20,9184
2867,三商壽,77,46,31,群益金鼎-台中,2024-05-20,9184
2892,第一金,30,6,24,群益金鼎-台中,2024-05-20,9184
6456,GIS-KY,22,2,20,群益金鼎-台中,2024-05-20,9184
2464,盟立,39,20,19,群益金鼎-台中,2024-05-20,9184
8028,昇陽半導體,28,9,19,群益金鼎-台中,2024-05-20,9184
2449,京元電子,35,16,19,群益金鼎-台中,2024-05-20,9184
00943,兆豐電子高息等權,17,0,17,群益金鼎-台中,2024-05-20,9184
00946,群益科技高息成長,58,42,16,群益金鼎-台中,2024-05-20,9184
6177,達麗,23,7,16,群益金鼎-台中,2024-05-20,9184
5469,瀚宇博,16,1,15,群益金鼎-台中,2024-05-20,9184
4510,高鋒,25,10,15,群益金鼎-台中,2024-05-20,9184
1101,台泥,23,8,15,群益金鼎-台中,2024-05-20,9184
2406,國碩,16,2,14,群益金鼎-台中,2024-05-20,9184
8096,擎亞,38,24,14,群益金鼎-台中,2024-05-20,9184
1522,堤維西,16,3,13,群益金鼎-台中,2024-05-20,9184
00772B,中信高評級公司債,12,0,12,群益金鼎-台中,2024-05-20,9184
2007,燁興,24,12,12,群益金鼎-台中,2024-05-20,9184
00753L,中信中國50正2,14,2,12,群益金鼎-台中,2024-05-20,9184
3376,新日興,37,25,12,群益金鼎-台中,2024-05-20,9184
8071,能率網通,20,8,12,群益金鼎-台中,2024-05-20,9184
00713,元大台灣高息低波,13,1,12,群益金鼎-台中,2024-05-20,9184
3231,緯創,19,8,11,群益金鼎-台中,2024-05-20,9184
2353,宏��,15,4,11,群益金鼎-台中,2024-05-20,9184
8933,愛地雅,11,0,11,群益金鼎-台中,2024-05-20,9184
6264,富裔,152,141,11,群益金鼎-台中,2024-05-20,9184
2204,中華,14,3,11,群益金鼎-台中,2024-05-20,9184
4707,磐亞,11,0,11,群益金鼎-台中,2024-05-20,9184
2882,國泰金,11,1,10,群益金鼎-台中,2024-05-20,9184
3260,威剛,11,1,10,群益金鼎-台中,2024-05-20,9184
6257,矽格,24,14,10,群益金鼎-台中,2024-05-20,9184
1584,精剛,10,0,10,群益金鼎-台中,2024-05-20,9184
00929,復華台灣科技優息,305,22,283,群益金鼎-台中,2024-05-21,9184
00937B,群益ESG投等債20,222,3,219,群益金鼎-台中,2024-05-21,9184
4306,炎洲,155,1,154,群益金鼎-台中,2024-05-21,9184
8150,南茂,101,0,101,群益金鼎-台中,2024-05-21,9184
00751B,元大AAA至A公司債,91,4,87,群益金鼎-台中,2024-05-21,9184
00795B,中信美國公債20年,64,4,60,群益金鼎-台中,2024-05-21,9184
020027,元大上櫃ESG成長N,80,20,60,群益金鼎-台中,2024-05-21,9184
00720B,元大投資級公司債,57,2,55,群益金鼎-台中,2024-05-21,9184
00878,國泰永續高股息,63,12,51,群益金鼎-台中,2024-05-21,9184
00919,群益台灣精選高息,54,4,50,群益金鼎-台中,2024-05-21,9184
00940,元大台灣價值高息,71,21,50,群益金鼎-台中,2024-05-21,9184
00764B,群益25年美債,198,154,44,群益金鼎-台中,2024-05-21,9184
00918,大華優利高填息30,42,1,41,群益金鼎-台中,2024-05-21,9184
2883,凱基金,41,2,39,群益金鼎-台中,2024-05-21,9184
6125,廣運,145,108,37,群益金鼎-台中,2024-05-21,9184
1605,華新,127,90,37,群益金鼎-台中,2024-05-21,9184
2027,大成鋼,77,43,34,群益金鼎-台中,2024-05-21,9184
1101,台泥,37,4,33,群益金鼎-台中,2024-05-21,9184
1326,台化,32,0,32,群益金鼎-台中,2024-05-21,9184
2367,燿華,314,283,31,群益金鼎-台中,2024-05-21,9184
2605,新興,30,0,30,群益金鼎-台中,2024-05-21,9184
2317,鴻海,29,2,27,群益金鼎-台中,2024-05-21,9184
1815,富喬,38,12,26,群益金鼎-台中,2024-05-21,9184
00687B,國泰20年美債,25,0,25,群益金鼎-台中,2024-05-21,9184
00857B,永豐20年美公債,23,0,23,群益金鼎-台中,2024-05-21,9184
6209,今國光,28,6,22,群益金鼎-台中,2024-05-21,9184
6282,康舒,22,0,22,群益金鼎-台中,2024-05-21,9184
00713,元大台灣高息低波,22,0,22,群益金鼎-台中,2024-05-21,9184
00882,中信中國高股息,20,0,20,群益金鼎-台中,2024-05-21,9184
3230,錦明,22,2,20,群益金鼎-台中,2024-05-21,9184
3033,威健,279,259,20,群益金鼎-台中,2024-05-21,9184
2836,高雄銀,20,0,20,群益金鼎-台中,2024-05-21,9184
5906,台南-KY,18,0,18,群益金鼎-台中,2024-05-21,9184
4562,穎漢,16,0,16,群益金鼎-台中,2024-05-21,9184
2520,冠德,16,0,16,群益金鼎-台中,2024-05-21,9184
00679B,元大美債20年,19,5,14,群益金鼎-台中,2024-05-21,9184
2537,聯上發,20,6,14,群益金鼎-台中,2024-05-21,9184
2382,廣達,21,7,14,群益金鼎-台中,2024-05-21,9184
1304,台聚,15,2,13,群益金鼎-台中,2024-05-21,9184
6188,廣明,39,26,13,群益金鼎-台中,2024-05-21,9184
1303,南亞,13,1,12,群益金鼎-台中,2024-05-21,9184
9945,潤泰新,18,6,12,群益金鼎-台中,2024-05-21,9184
2374,佳能,173,161,12,群益金鼎-台中,2024-05-21,9184
2329,華泰,18,7,11,群益金鼎-台中,2024-05-21,9184
6189,豐藝,11,0,11,群益金鼎-台中,2024-05-21,9184
6456,GIS-KY,11,0,11,群益金鼎-台中,2024-05-21,9184
00939,統一台灣高息動能,13,3,10,群益金鼎-台中,2024-05-21,9184
2482,連宇,11,1,10,群益金鼎-台中,2024-05-21,9184
2731,雄獅,22,12,10,群益金鼎-台中,2024-05-21,9184
2368,金像電,10,0,10,群益金鼎-台中,2024-05-21,9184
00937B,群益ESG投等債20,337,0,337,群益金鼎-台中,2024-05-22,9184
00795B,中信美國公債20年,230,18,212,群益金鼎-台中,2024-05-22,9184
00720B,元大投資級公司債,203,0,203,群益金鼎-台中,2024-05-22,9184
00632R,元大台灣50反1,146,0,146,群益金鼎-台中,2024-05-22,9184
00725B,國泰投資級公司債,150,50,100,群益金鼎-台中,2024-05-22,9184
6125,廣運,194,111,83,群益金鼎-台中,2024-05-22,9184
00919,群益台灣精選高息,69,7,62,群益金鼎-台中,2024-05-22,9184
4306,炎洲,63,2,61,群益金鼎-台中,2024-05-22,9184
2363,矽統,79,19,60,群益金鼎-台中,2024-05-22,9184
2367,燿華,190,134,56,群益金鼎-台中,2024-05-22,9184
00751B,元大AAA至A公司債,55,0,55,群益金鼎-台中,2024-05-22,9184
8150,南茂,53,0,53,群益金鼎-台中,2024-05-22,9184
3047,訊舟,144,93,51,群益金鼎-台中,2024-05-22,9184
00671R,富邦NASDAQ反1,43,0,43,群益金鼎-台中,2024-05-22,9184
1309,台達化,40,0,40,群益金鼎-台中,2024-05-22,9184
3710,連展投控,37,0,37,群益金鼎-台中,2024-05-22,9184
00664R,國泰臺灣加權反1,35,0,35,群益金鼎-台中,2024-05-22,9184
2038,海光,36,1,35,群益金鼎-台中,2024-05-22,9184
2002,中鋼,34,0,34,群益金鼎-台中,2024-05-22,9184
5392,能率,54,20,34,群益金鼎-台中,2024-05-22,9184
1536,和大,47,14,33,群益金鼎-台中,2024-05-22,9184
2023,燁輝,31,0,31,群益金鼎-台中,2024-05-22,9184
00637L,元大滬深300正2,35,5,30,群益金鼎-台中,2024-05-22,9184
00752,中信中國50,30,0,30,群益金鼎-台中,2024-05-22,9184
8064,東捷,41,12,29,群益金鼎-台中,2024-05-22,9184
00665L,富邦�琤肭磪囓�2,31,3,28,群益金鼎-台中,2024-05-22,9184
2354,鴻準,30,2,28,群益金鼎-台中,2024-05-22,9184
2504,國產,27,1,26,群益金鼎-台中,2024-05-22,9184
3483,力致,48,23,25,群益金鼎-台中,2024-05-22,9184
2610,華航,37,14,23,群益金鼎-台中,2024-05-22,9184
8112,至上,27,5,22,群益金鼎-台中,2024-05-22,9184
2101,南港,23,2,21,群益金鼎-台中,2024-05-22,9184
6264,富裔,31,10,21,群益金鼎-台中,2024-05-22,9184
2547,日勝生,21,0,21,群益金鼎-台中,2024-05-22,9184
2369,菱生,25,5,20,群益金鼎-台中,2024-05-22,9184
2607,榮運,20,0,20,群益金鼎-台中,2024-05-22,9184
00676R,富邦臺灣加權反1,20,0,20,群益金鼎-台中,2024-05-22,9184
5516,雙喜,20,0,20,群益金鼎-台中,2024-05-22,9184
2362,藍天,22,4,18,群益金鼎-台中,2024-05-22,9184
3540,曜越,20,2,18,群益金鼎-台中,2024-05-22,9184
1102,亞泥,20,2,18,群益金鼎-台中,2024-05-22,9184
3686,達能,17,0,17,群益金鼎-台中,2024-05-22,9184
3356,奇偶,26,11,15,群益金鼎-台中,2024-05-22,9184
9945,潤泰新,19,4,15,群益金鼎-台中,2024-05-22,9184
3701,大眾控,15,0,15,群益金鼎-台中,2024-05-22,9184
00706L,期元大S＆P日圓正2,15,0,15,群益金鼎-台中,2024-05-22,9184
3033,威健,53,39,14,群益金鼎-台中,2024-05-22,9184
6128,上福,14,0,14,群益金鼎-台中,2024-05-22,9184
2241,艾姆勒,25,12,13,群益金鼎-台中,2024-05-22,9184
6584,南俊國際,14,1,13,群益金鼎-台中,2024-05-22,9184
1326,台化,144,11,133,群益金鼎-台中,2024-05-23,9184
1722,台肥,131,0,131,群益金鼎-台中,2024-05-23,9184
4306,炎洲,132,4,128,群益金鼎-台中,2024-05-23,9184
1303,南亞,122,0,122,群益金鼎-台中,2024-05-23,9184
1536,和大,102,9,93,群益金鼎-台中,2024-05-23,9184
00919,群益台灣精選高息,117,57,60,群益金鼎-台中,2024-05-23,9184
020027,元大上櫃ESG成長N,80,20,60,群益金鼎-台中,2024-05-23,9184
00632R,元大台灣50反1,58,0,58,群益金鼎-台中,2024-05-23,9184
2464,盟立,167,112,55,群益金鼎-台中,2024-05-23,9184
2880,華南金,53,2,51,群益金鼎-台中,2024-05-23,9184
1815,富喬,189,141,48,群益金鼎-台中,2024-05-23,9184
00671R,富邦NASDAQ反1,47,0,47,群益金鼎-台中,2024-05-23,9184
2417,圓剛,48,2,46,群益金鼎-台中,2024-05-23,9184
00946,群益科技高息成長,162,117,45,群益金鼎-台中,2024-05-23,9184
2354,鴻準,113,69,44,群益金鼎-台中,2024-05-23,9184
6180,橘子,43,0,43,群益金鼎-台中,2024-05-23,9184
2392,正崴,91,53,38,群益金鼎-台中,2024-05-23,9184
2409,友達,41,4,37,群益金鼎-台中,2024-05-23,9184
2618,長榮航,55,23,32,群益金鼎-台中,2024-05-23,9184
2002,中鋼,35,7,28,群益金鼎-台中,2024-05-23,9184
2359,所羅門,111,84,27,群益金鼎-台中,2024-05-23,9184
00637L,元大滬深300正2,30,4,26,群益金鼎-台中,2024-05-23,9184
2017,官田鋼,25,0,25,群益金鼎-台中,2024-05-23,9184
5371,中光電,71,47,24,群益金鼎-台中,2024-05-23,9184
2020,美亞,23,1,22,群益金鼎-台中,2024-05-23,9184
1319,東陽,21,0,21,群益金鼎-台中,2024-05-23,9184
00944,野村趨勢動能高息,20,0,20,群益金鼎-台中,2024-05-23,9184
1301,台塑,20,0,20,群益金鼎-台中,2024-05-23,9184
00648R,元大S＆P500反1,20,0,20,群益金鼎-台中,2024-05-23,9184
00664R,國泰臺灣加權反1,25,5,20,群益金鼎-台中,2024-05-23,9184
2882,國泰金,21,1,20,群益金鼎-台中,2024-05-23,9184
2356,英業達,27,8,19,群益金鼎-台中,2024-05-23,9184
2352,佳世達,22,3,19,群益金鼎-台中,2024-05-23,9184
4960,誠美材,20,1,19,群益金鼎-台中,2024-05-23,9184
2867,三商壽,30,12,18,群益金鼎-台中,2024-05-23,9184
00715L,期街口布蘭特正2,18,0,18,群益金鼎-台中,2024-05-23,9184
2014,中鴻,17,0,17,群益金鼎-台中,2024-05-23,9184
2801,彰銀,22,5,17,群益金鼎-台中,2024-05-23,9184
2483,百容,19,3,16,群益金鼎-台中,2024-05-23,9184
2515,中工,17,1,16,群益金鼎-台中,2024-05-23,9184
2009,第一銅,24,9,15,群益金鼎-台中,2024-05-23,9184
00933B,國泰10Y+金融債,30,15,15,群益金鼎-台中,2024-05-23,9184
3049,精金,15,0,15,群益金鼎-台中,2024-05-23,9184
2731,雄獅,20,5,15,群益金鼎-台中,2024-05-23,9184
1802,台玻,24,9,15,群益金鼎-台中,2024-05-23,9184
9105,泰金寶-DR,15,0,15,群益金鼎-台中,2024-05-23,9184
6016,康和證,15,0,15,群益金鼎-台中,2024-05-23,9184
2324,仁寶,43,28,15,群益金鼎-台中,2024-05-23,9184
3231,緯創,26,13,13,群益金鼎-台中,2024-05-23,9184
00646,元大S＆P500,13,0,13,群益金鼎-台中,2024-05-23,9184
00937B,群益ESG投等債20,654,3,651,群益金鼎-台中,2024-05-24,9184
00712,復華富時不動產,154,0,154,群益金鼎-台中,2024-05-24,9184
00929,復華台灣科技優息,130,2,128,群益金鼎-台中,2024-05-24,9184
00642U,期元大S＆P石油,124,0,124,群益金鼎-台中,2024-05-24,9184
2353,宏��,227,121,106,群益金鼎-台中,2024-05-24,9184
1326,台化,165,82,83,群益金鼎-台中,2024-05-24,9184
00751B,元大AAA至A公司債,62,0,62,群益金鼎-台中,2024-05-24,9184
00725B,國泰投資級公司債,53,0,53,群益金鼎-台中,2024-05-24,9184
2324,仁寶,89,38,51,群益金鼎-台中,2024-05-24,9184
00687B,國泰20年美債,88,40,48,群益金鼎-台中,2024-05-24,9184
3499,環天科,45,0,45,群益金鼎-台中,2024-05-24,9184
9105,泰金寶-DR,45,0,45,群益金鼎-台中,2024-05-24,9184
8150,南茂,40,0,40,群益金鼎-台中,2024-05-24,9184
2371,大同,34,5,29,群益金鼎-台中,2024-05-24,9184
6806,森崴能源,26,0,26,群益金鼎-台中,2024-05-24,9184
00795B,中信美國公債20年,126,100,26,群益金鼎-台中,2024-05-24,9184
00933B,國泰10Y+金融債,24,0,24,群益金鼎-台中,2024-05-24,9184
2101,南港,25,4,21,群益金鼎-台中,2024-05-24,9184
00665L,富邦�琤肭磪囓�2,26,5,21,群益金鼎-台中,2024-05-24,9184
3306,鼎天,23,2,21,群益金鼎-台中,2024-05-24,9184
2312,金寶,21,0,21,群益金鼎-台中,2024-05-24,9184
00918,大華優利高填息30,20,0,20,群益金鼎-台中,2024-05-24,9184
6213,聯茂,34,14,20,群益金鼎-台中,2024-05-24,9184
00679B,元大美債20年,24,4,20,群益金鼎-台中,2024-05-24,9184
2867,三商壽,21,2,19,群益金鼎-台中,2024-05-24,9184
1532,勤美,19,0,19,群益金鼎-台中,2024-05-24,9184
3006,晶豪科,33,17,16,群益金鼎-台中,2024-05-24,9184
2017,官田鋼,15,0,15,群益金鼎-台中,2024-05-24,9184
00664R,國泰臺灣加權反1,15,0,15,群益金鼎-台中,2024-05-24,9184
5876,上海商銀,15,0,15,群益金鼎-台中,2024-05-24,9184
6147,頎邦,15,1,14,群益金鼎-台中,2024-05-24,9184
2543,皇昌,16,2,14,群益金鼎-台中,2024-05-24,9184
00940,元大台灣價值高息,47,34,13,群益金鼎-台中,2024-05-24,9184
2472,立隆電,14,1,13,群益金鼎-台中,2024-05-24,9184
3363,上詮,28,17,11,群益金鼎-台中,2024-05-24,9184
5880,合庫金,11,0,11,群益金鼎-台中,2024-05-24,9184
2405,輔信,24,13,11,群益金鼎-台中,2024-05-24,9184
2421,建準,11,0,11,群益金鼎-台中,2024-05-24,9184
8028,昇陽半導體,31,21,10,群益金鼎-台中,2024-05-24,9184
2609,陽明,40,30,10,群益金鼎-台中,2024-05-24,9184
2460,建通,10,0,10,群益金鼎-台中,2024-05-24,9184
3537,堡達,11,1,10,群益金鼎-台中,2024-05-24,9184
00941,中信上游半導體,10,0,10,群益金鼎-台中,2024-05-24,9184
2891,中信金,10,0,10,群益金鼎-台中,2024-05-24,9184
00857B,永豐20年美公債,10,0,10,群益金鼎-台中,2024-05-24,9184
1702,南僑,10,0,10,群益金鼎-台中,2024-05-24,9184
5324,士開,10,0,10,群益金鼎-台中,2024-05-24,9184
00830,國泰費城半導體,9,0,9,群益金鼎-台中,2024-05-24,9184
2340,台亞,10,1,9,群益金鼎-台中,2024-05-24,9184
2618,長榮航,14,5,9,群益金鼎-台中,2024-05-24,9184
00937B,群益ESG投等債20,486,72,414,群益金鼎-台中,2024-05-27,9184
00632R,元大台灣50反1,245,0,245,群益金鼎-台中,2024-05-27,9184
00929,復華台灣科技優息,315,72,243,群益金鼎-台中,2024-05-27,9184
2392,正崴,182,36,146,群益金鼎-台中,2024-05-27,9184
00720B,元大投資級公司債,138,22,116,群益金鼎-台中,2024-05-27,9184
00946,群益科技高息成長,239,127,112,群益金鼎-台中,2024-05-27,9184
2883,凱基金,119,18,101,群益金鼎-台中,2024-05-27,9184
2887,台新金,101,1,100,群益金鼎-台中,2024-05-27,9184
00905,FT臺灣Smart,100,13,87,群益金鼎-台中,2024-05-27,9184
00669R,國泰美國道瓊反1,80,0,80,群益金鼎-台中,2024-05-27,9184
6264,富裔,70,0,70,群益金鼎-台中,2024-05-27,9184
2002,中鋼,63,3,60,群益金鼎-台中,2024-05-27,9184
00923,群益台ESG低碳50,83,25,58,群益金鼎-台中,2024-05-27,9184
00751B,元大AAA至A公司債,105,55,50,群益金鼎-台中,2024-05-27,9184
00919,群益台灣精選高息,91,45,46,群益金鼎-台中,2024-05-27,9184
2637,慧洋-KY,52,10,42,群益金鼎-台中,2024-05-27,9184
00637L,元大滬深300正2,33,0,33,群益金鼎-台中,2024-05-27,9184
00795B,中信美國公債20年,151,120,31,群益金鼎-台中,2024-05-27,9184
1815,富喬,82,56,26,群益金鼎-台中,2024-05-27,9184
2324,仁寶,33,9,24,群益金鼎-台中,2024-05-27,9184
2109,華豐,29,5,24,群益金鼎-台中,2024-05-27,9184
3047,訊舟,82,58,24,群益金鼎-台中,2024-05-27,9184
3231,緯創,32,10,22,群益金鼎-台中,2024-05-27,9184
2633,台灣高鐵,22,0,22,群益金鼎-台中,2024-05-27,9184
2884,玉山金,30,8,22,群益金鼎-台中,2024-05-27,9184
2367,燿華,54,32,22,群益金鼎-台中,2024-05-27,9184
00915,凱基優選高股息30,23,1,22,群益金鼎-台中,2024-05-27,9184
2363,矽統,189,168,21,群益金鼎-台中,2024-05-27,9184
00664R,國泰臺灣加權反1,20,0,20,群益金鼎-台中,2024-05-27,9184
00936,台新永續高息中小,20,0,20,群益金鼎-台中,2024-05-27,9184
3060,銘異,32,13,19,群益金鼎-台中,2024-05-27,9184
6207,雷科,43,25,18,群益金鼎-台中,2024-05-27,9184
2317,鴻海,99,83,16,群益金鼎-台中,2024-05-27,9184
3481,群創,40,24,16,群益金鼎-台中,2024-05-27,9184
2382,廣達,35,19,16,群益金鼎-台中,2024-05-27,9184
00676R,富邦臺灣加權反1,15,0,15,群益金鼎-台中,2024-05-27,9184
00882,中信中國高股息,27,12,15,群益金鼎-台中,2024-05-27,9184
4533,協易機,85,70,15,群益金鼎-台中,2024-05-27,9184
4906,正文,53,39,14,群益金鼎-台中,2024-05-27,9184
5880,合庫金,14,0,14,群益金鼎-台中,2024-05-27,9184
00687B,國泰20年美債,40,27,13,群益金鼎-台中,2024-05-27,9184
2481,強茂,16,3,13,群益金鼎-台中,2024-05-27,9184
1313,聯成,12,0,12,群益金鼎-台中,2024-05-27,9184
00679B,元大美債20年,20,9,11,群益金鼎-台中,2024-05-27,9184
00878,國泰永續高股息,25,14,11,群益金鼎-台中,2024-05-27,9184
2603,長榮,65,54,11,群益金鼎-台中,2024-05-27,9184
2489,瑞軒,94,83,11,群益金鼎-台中,2024-05-27,9184
5234,達興材料,20,9,11,群益金鼎-台中,2024-05-27,9184
1301,台塑,12,2,10,群益金鼎-台中,2024-05-27,9184
8150,南茂,10,0,10,群益金鼎-台中,2024-05-27,9184
00937B,群益ESG投等債20,576,39,537,群益金鼎-台中,2024-05-28,9184
00795B,中信美國公債20年,214,0,214,群益金鼎-台中,2024-05-28,9184
00929,復華台灣科技優息,205,47,158,群益金鼎-台中,2024-05-28,9184
3338,泰碩,114,9,105,群益金鼎-台中,2024-05-28,9184
1303,南亞,122,33,89,群益金鼎-台中,2024-05-28,9184
00632R,元大台灣50反1,89,4,85,群益金鼎-台中,2024-05-28,9184
3231,緯創,94,33,61,群益金鼎-台中,2024-05-28,9184
00882,中信中國高股息,63,4,59,群益金鼎-台中,2024-05-28,9184
00725B,國泰投資級公司債,87,30,57,群益金鼎-台中,2024-05-28,9184
00665L,富邦�琤肭磪囓�2,84,30,54,群益金鼎-台中,2024-05-28,9184
2615,萬海,75,22,53,群益金鼎-台中,2024-05-28,9184
2353,宏��,104,53,51,群益金鼎-台中,2024-05-28,9184
6156,松上,50,0,50,群益金鼎-台中,2024-05-28,9184
1316,上曜,58,10,48,群益金鼎-台中,2024-05-28,9184
00946,群益科技高息成長,137,97,40,群益金鼎-台中,2024-05-28,9184
5426,振發,71,32,39,群益金鼎-台中,2024-05-28,9184
00720B,元大投資級公司債,116,80,36,群益金鼎-台中,2024-05-28,9184
6207,雷科,94,60,34,群益金鼎-台中,2024-05-28,9184
2867,三商壽,35,1,34,群益金鼎-台中,2024-05-28,9184
00679B,元大美債20年,33,1,32,群益金鼎-台中,2024-05-28,9184
2601,益航,32,0,32,群益金鼎-台中,2024-05-28,9184
2313,華通,31,0,31,群益金鼎-台中,2024-05-28,9184
5608,四維航,56,25,31,群益金鼎-台中,2024-05-28,9184
2884,玉山金,30,1,29,群益金鼎-台中,2024-05-28,9184
4744,皇將,24,0,24,群益金鼎-台中,2024-05-28,9184
4714,永捷,58,35,23,群益金鼎-台中,2024-05-28,9184
00687B,國泰20年美債,31,8,23,群益金鼎-台中,2024-05-28,9184
6275,元山,36,13,23,群益金鼎-台中,2024-05-28,9184
00713,元大台灣高息低波,22,0,22,群益金鼎-台中,2024-05-28,9184
1340,勝悅-KY,21,0,21,群益金鼎-台中,2024-05-28,9184
00664R,國泰臺灣加權反1,20,0,20,群益金鼎-台中,2024-05-28,9184
00945B,凱基美國非投等債,20,0,20,群益金鼎-台中,2024-05-28,9184
1522,堤維西,28,8,20,群益金鼎-台中,2024-05-28,9184
2501,國建,20,1,19,群益金鼎-台中,2024-05-28,9184
00933B,國泰10Y+金融債,19,0,19,群益金鼎-台中,2024-05-28,9184
2324,仁寶,20,1,19,群益金鼎-台中,2024-05-28,9184
2367,燿華,27,9,18,群益金鼎-台中,2024-05-28,9184
1514,亞力,20,3,17,群益金鼎-台中,2024-05-28,9184
2362,藍天,17,1,16,群益金鼎-台中,2024-05-28,9184
2308,台達電,33,17,16,群益金鼎-台中,2024-05-28,9184
2891,中信金,22,8,14,群益金鼎-台中,2024-05-28,9184
1603,華電,14,0,14,群益金鼎-台中,2024-05-28,9184
6456,GIS-KY,17,3,14,群益金鼎-台中,2024-05-28,9184
8096,擎亞,18,5,13,群益金鼎-台中,2024-05-28,9184
1785,光洋科,15,2,13,群益金鼎-台中,2024-05-28,9184
3380,明泰,16,3,13,群益金鼎-台中,2024-05-28,9184
2365,昆盈,18,5,13,群益金鼎-台中,2024-05-28,9184
1536,和大,14,2,12,群益金鼎-台中,2024-05-28,9184
00918,大華優利高填息30,12,0,12,群益金鼎-台中,2024-05-28,9184
2392,正崴,14,3,11,群益金鼎-台中,2024-05-28,9184
00937B,群益ESG投等債20,929,385,544,群益金鼎-台中,2024-05-29,9184
00929,復華台灣科技優息,541,278,263,群益金鼎-台中,2024-05-29,9184
1722,台肥,171,0,171,群益金鼎-台中,2024-05-29,9184
1326,台化,146,0,146,群益金鼎-台中,2024-05-29,9184
00795B,中信美國公債20年,367,250,117,群益金鼎-台中,2024-05-29,9184
00946,群益科技高息成長,304,198,106,群益金鼎-台中,2024-05-29,9184
00687B,國泰20年美債,130,45,85,群益金鼎-台中,2024-05-29,9184
00679B,元大美債20年,80,2,78,群益金鼎-台中,2024-05-29,9184
00751B,元大AAA至A公司債,186,111,75,群益金鼎-台中,2024-05-29,9184
2353,宏��,131,59,72,群益金鼎-台中,2024-05-29,9184
2880,華南金,67,0,67,群益金鼎-台中,2024-05-29,9184
2328,廣宇,96,37,59,群益金鼎-台中,2024-05-29,9184
2464,盟立,89,35,54,群益金鼎-台中,2024-05-29,9184
2317,鴻海,64,11,53,群益金鼎-台中,2024-05-29,9184
2888,新光金,56,4,52,群益金鼎-台中,2024-05-29,9184
00915,凱基優選高股息30,43,0,43,群益金鼎-台中,2024-05-29,9184
1303,南亞,36,1,35,群益金鼎-台中,2024-05-29,9184
2002,中鋼,32,0,32,群益金鼎-台中,2024-05-29,9184
00665L,富邦�琤肭磪囓�2,31,0,31,群益金鼎-台中,2024-05-29,9184
00720B,元大投資級公司債,191,161,30,群益金鼎-台中,2024-05-29,9184
00878,國泰永續高股息,49,20,29,群益金鼎-台中,2024-05-29,9184
2355,敬鵬,28,0,28,群益金鼎-台中,2024-05-29,9184
3047,訊舟,83,57,26,群益金鼎-台中,2024-05-29,9184
2617,台航,30,4,26,群益金鼎-台中,2024-05-29,9184
2614,東森,26,0,26,群益金鼎-台中,2024-05-29,9184
00919,群益台灣精選高息,112,87,25,群益金鼎-台中,2024-05-29,9184
00713,元大台灣高息低波,24,0,24,群益金鼎-台中,2024-05-29,9184
2382,廣達,50,27,23,群益金鼎-台中,2024-05-29,9184
00931B,統一美債20年,23,0,23,群益金鼎-台中,2024-05-29,9184
00680L,元大美債20正2,22,0,22,群益金鼎-台中,2024-05-29,9184
2610,華航,45,23,22,群益金鼎-台中,2024-05-29,9184
2883,凱基金,24,2,22,群益金鼎-台中,2024-05-29,9184
1799,易威,21,0,21,群益金鼎-台中,2024-05-29,9184
6416,瑞祺電通,21,0,21,群益金鼎-台中,2024-05-29,9184
00731,復華富時高息低波,20,0,20,群益金鼎-台中,2024-05-29,9184
00857B,永豐20年美公債,20,0,20,群益金鼎-台中,2024-05-29,9184
6288,聯嘉,20,0,20,群益金鼎-台中,2024-05-29,9184
00933B,國泰10Y+金融債,27,8,19,群益金鼎-台中,2024-05-29,9184
00764B,群益25年美債,296,277,19,群益金鼎-台中,2024-05-29,9184
00918,大華優利高填息30,18,0,18,群益金鼎-台中,2024-05-29,9184
6160,欣技,44,26,18,群益金鼎-台中,2024-05-29,9184
2365,昆盈,32,15,17,群益金鼎-台中,2024-05-29,9184
2367,燿華,72,55,17,群益金鼎-台中,2024-05-29,9184
2409,友達,18,1,17,群益金鼎-台中,2024-05-29,9184
6188,廣明,36,20,16,群益金鼎-台中,2024-05-29,9184
4952,凌通,25,10,15,群益金鼎-台中,2024-05-29,9184
2887,台新金,15,0,15,群益金鼎-台中,2024-05-29,9184
5371,中光電,25,12,13,群益金鼎-台中,2024-05-29,9184
2912,統一超,13,0,13,群益金鼎-台中,2024-05-29,9184
2030,彰源,14,1,13,群益金鼎-台中,2024-05-29,9184
00937B,群益ESG投等債20,699,23,676,群益金鼎-台中,2024-05-30,9184
4744,皇將,470,0,470,群益金鼎-台中,2024-05-30,9184
1722,台肥,90,2,88,群益金鼎-台中,2024-05-30,9184
1326,台化,112,25,87,群益金鼎-台中,2024-05-30,9184
2405,輔信,181,106,75,群益金鼎-台中,2024-05-30,9184
2880,華南金,62,0,62,群益金鼎-台中,2024-05-30,9184
2317,鴻海,78,20,58,群益金鼎-台中,2024-05-30,9184
5906,台南-KY,50,0,50,群益金鼎-台中,2024-05-30,9184
00946,群益科技高息成長,163,114,49,群益金鼎-台中,2024-05-30,9184
1444,力麗,50,2,48,群益金鼎-台中,2024-05-30,9184
2354,鴻準,90,45,45,群益金鼎-台中,2024-05-30,9184
2002,中鋼,43,0,43,群益金鼎-台中,2024-05-30,9184
2618,長榮航,83,42,41,群益金鼎-台中,2024-05-30,9184
2836,高雄銀,40,0,40,群益金鼎-台中,2024-05-30,9184
00680L,元大美債20正2,38,0,38,群益金鼎-台中,2024-05-30,9184
00764B,群益25年美債,327,295,32,群益金鼎-台中,2024-05-30,9184
00712,復華富時不動產,37,5,32,群益金鼎-台中,2024-05-30,9184
00918,大華優利高填息30,34,2,32,群益金鼎-台中,2024-05-30,9184
00687B,國泰20年美債,32,1,31,群益金鼎-台中,2024-05-30,9184
00642U,期元大S＆P石油,31,0,31,群益金鼎-台中,2024-05-30,9184
2834,臺企銀,29,0,29,群益金鼎-台中,2024-05-30,9184
1303,南亞,164,136,28,群益金鼎-台中,2024-05-30,9184
00878,國泰永續高股息,40,13,27,群益金鼎-台中,2024-05-30,9184
2363,矽統,66,39,27,群益金鼎-台中,2024-05-30,9184
1314,中石化,27,2,25,群益金鼎-台中,2024-05-30,9184
3202,樺晟,26,1,25,群益金鼎-台中,2024-05-30,9184
4906,正文,34,10,24,群益金鼎-台中,2024-05-30,9184
2330,台積電,26,3,23,群益金鼎-台中,2024-05-30,9184
3481,群創,31,8,23,群益金鼎-台中,2024-05-30,9184
5880,合庫金,23,0,23,群益金鼎-台中,2024-05-30,9184
2353,宏��,47,25,22,群益金鼎-台中,2024-05-30,9184
0056,元大高股息,30,8,22,群益金鼎-台中,2024-05-30,9184
6264,富裔,166,145,21,群益金鼎-台中,2024-05-30,9184
2356,英業達,21,0,21,群益金鼎-台中,2024-05-30,9184
2867,三商壽,39,18,21,群益金鼎-台中,2024-05-30,9184
5230,雷笛克光學,94,74,20,群益金鼎-台中,2024-05-30,9184
00688L,國泰20年美債正2,35,15,20,群益金鼎-台中,2024-05-30,9184
00665L,富邦�琤肭磪囓�2,20,0,20,群益金鼎-台中,2024-05-30,9184
2501,國建,28,8,20,群益金鼎-台中,2024-05-30,9184
2605,新興,23,5,18,群益金鼎-台中,2024-05-30,9184
00931B,統一美債20年,22,4,18,群益金鼎-台中,2024-05-30,9184
6128,上福,18,0,18,群益金鼎-台中,2024-05-30,9184
6139,亞翔,19,1,18,群益金鼎-台中,2024-05-30,9184
2352,佳世達,16,0,16,群益金鼎-台中,2024-05-30,9184
00637L,元大滬深300正2,16,0,16,群益金鼎-台中,2024-05-30,9184
2464,盟立,33,17,16,群益金鼎-台中,2024-05-30,9184
2495,普安,18,3,15,群益金鼎-台中,2024-05-30,9184
2610,華航,44,29,15,群益金鼎-台中,2024-05-30,9184
4533,協易機,64,50,14,群益金鼎-台中,2024-05-30,9184
3622,洋華,14,0,14,群益金鼎-台中,2024-05-30,9184
1326,台化,307,0,307,群益金鼎-台中,2024-05-31,9184
00937B,群益ESG投等債20,404,181,223,群益金鼎-台中,2024-05-31,9184
00919,群益台灣精選高息,252,36,216,群益金鼎-台中,2024-05-31,9184
00946,群益科技高息成長,216,72,144,群益金鼎-台中,2024-05-31,9184
2867,三商壽,169,59,110,群益金鼎-台中,2024-05-31,9184
3591,艾笛森,90,0,90,群益金鼎-台中,2024-05-31,9184
00764B,群益25年美債,347,267,80,群益金鼎-台中,2024-05-31,9184
2303,聯電,73,8,65,群益金鼎-台中,2024-05-31,9184
00929,復華台灣科技優息,223,163,60,群益金鼎-台中,2024-05-31,9184
3338,泰碩,60,6,54,群益金鼎-台中,2024-05-31,9184
2880,華南金,52,0,52,群益金鼎-台中,2024-05-31,9184
00715L,期街口布蘭特正2,47,0,47,群益金鼎-台中,2024-05-31,9184
3312,弘憶股,169,130,39,群益金鼎-台中,2024-05-31,9184
6005,群益證,33,0,33,群益金鼎-台中,2024-05-31,9184
2317,鴻海,81,49,32,群益金鼎-台中,2024-05-31,9184
00687B,國泰20年美債,31,1,30,群益金鼎-台中,2024-05-31,9184
2615,萬海,32,6,26,群益金鼎-台中,2024-05-31,9184
3231,緯創,32,7,25,群益金鼎-台中,2024-05-31,9184
2392,正崴,21,0,21,群益金鼎-台中,2024-05-31,9184
2344,華邦電,22,1,21,群益金鼎-台中,2024-05-31,9184
3051,力特,20,0,20,群益金鼎-台中,2024-05-31,9184
9105,泰金寶-DR,20,0,20,群益金鼎-台中,2024-05-31,9184
2641,正德,36,16,20,群益金鼎-台中,2024-05-31,9184
00939,統一台灣高息動能,48,30,18,群益金鼎-台中,2024-05-31,9184
00923,群益台ESG低碳50,23,5,18,群益金鼎-台中,2024-05-31,9184
00891,中信關鍵半導體,18,1,17,群益金鼎-台中,2024-05-31,9184
1605,華新,20,3,17,群益金鼎-台中,2024-05-31,9184
6692,進能服,15,0,15,群益金鼎-台中,2024-05-31,9184
00688L,國泰20年美債正2,15,0,15,群益金鼎-台中,2024-05-31,9184
2376,技嘉,16,2,14,群益金鼎-台中,2024-05-31,9184
5426,振發,31,17,14,群益金鼎-台中,2024-05-31,9184
2002,中鋼,18,4,14,群益金鼎-台中,2024-05-31,9184
5880,合庫金,13,0,13,群益金鼎-台中,2024-05-31,9184
8105,凌巨,22,9,13,群益金鼎-台中,2024-05-31,9184
2330,台積電,15,2,13,群益金鼎-台中,2024-05-31,9184
1305,華夏,12,0,12,群益金鼎-台中,2024-05-31,9184
1785,光洋科,21,9,12,群益金鼎-台中,2024-05-31,9184
3016,嘉晶,11,0,11,群益金鼎-台中,2024-05-31,9184
2301,光寶科,31,20,11,群益金鼎-台中,2024-05-31,9184
2377,微星,11,1,10,群益金鼎-台中,2024-05-31,9184
00665L,富邦�琤肭磪囓�2,10,0,10,群益金鼎-台中,2024-05-31,9184
1319,東陽,10,0,10,群益金鼎-台中,2024-05-31,9184
2438,翔耀,10,0,10,群益金鼎-台中,2024-05-31,9184
3308,聯德,20,10,10,群益金鼎-台中,2024-05-31,9184
2027,大成鋼,11,1,10,群益金鼎-台中,2024-05-31,9184
3013,晟銘電,73,63,10,群益金鼎-台中,2024-05-31,9184
4768,晶呈科技,10,0,10,群益金鼎-台中,2024-05-31,9184
3227,原相,18,8,10,群益金鼎-台中,2024-05-31,9184
2101,南港,47,37,10,群益金鼎-台中,2024-05-31,9184
1102,亞泥,9,0,9,群益金鼎-台中,2024-05-31,9184
00632R,元大台灣50反1,222,0,222,群益金鼎-台中,2024-06-03,9184
6257,矽格,203,0,203,群益金鼎-台中,2024-06-03,9184
00937B,群益ESG投等債20,201,28,173,群益金鼎-台中,2024-06-03,9184
00929,復華台灣科技優息,294,137,157,群益金鼎-台中,2024-06-03,9184
00919,群益台灣精選高息,168,15,153,群益金鼎-台中,2024-06-03,9184
2883,凱基金,140,0,140,群益金鼎-台中,2024-06-03,9184
1314,中石化,110,0,110,群益金鼎-台中,2024-06-03,9184
00669R,國泰美國道瓊反1,90,0,90,群益金鼎-台中,2024-06-03,9184
2317,鴻海,107,17,90,群益金鼎-台中,2024-06-03,9184
00665L,富邦�琤肭磪囓�2,88,8,80,群益金鼎-台中,2024-06-03,9184
00918,大華優利高填息30,78,0,78,群益金鼎-台中,2024-06-03,9184
1326,台化,100,32,68,群益金鼎-台中,2024-06-03,9184
2101,南港,61,1,60,群益金鼎-台中,2024-06-03,9184
2489,瑞軒,89,31,58,群益金鼎-台中,2024-06-03,9184
2353,宏��,59,8,51,群益金鼎-台中,2024-06-03,9184
2537,聯上發,257,219,38,群益金鼎-台中,2024-06-03,9184
3481,群創,36,0,36,群益金鼎-台中,2024-06-03,9184
3706,神達,44,10,34,群益金鼎-台中,2024-06-03,9184
2409,友達,33,0,33,群益金鼎-台中,2024-06-03,9184
2354,鴻準,73,40,33,群益金鼎-台中,2024-06-03,9184
2867,三商壽,44,12,32,群益金鼎-台中,2024-06-03,9184
00648R,元大S＆P500反1,30,0,30,群益金鼎-台中,2024-06-03,9184
4533,協易機,172,144,28,群益金鼎-台中,2024-06-03,9184
2880,華南金,25,0,25,群益金鼎-台中,2024-06-03,9184
2548,華固,26,1,25,群益金鼎-台中,2024-06-03,9184
6695,芯鼎,32,8,24,群益金鼎-台中,2024-06-03,9184
00945B,凱基美國非投等債,24,0,24,群益金鼎-台中,2024-06-03,9184
2812,台中銀,23,0,23,群益金鼎-台中,2024-06-03,9184
00941,中信上游半導體,36,14,22,群益金鼎-台中,2024-06-03,9184
00878,國泰永續高股息,41,20,21,群益金鼎-台中,2024-06-03,9184
00891,中信關鍵半導體,21,0,21,群益金鼎-台中,2024-06-03,9184
00946,群益科技高息成長,151,131,20,群益金鼎-台中,2024-06-03,9184
8150,南茂,20,0,20,群益金鼎-台中,2024-06-03,9184
00942B,台新美A公司債20+,20,0,20,群益金鼎-台中,2024-06-03,9184
2836,高雄銀,20,0,20,群益金鼎-台中,2024-06-03,9184
8096,擎亞,43,23,20,群益金鼎-台中,2024-06-03,9184
6163,華電網,36,17,19,群益金鼎-台中,2024-06-03,9184
3356,奇偶,34,16,18,群益金鼎-台中,2024-06-03,9184
5426,振發,40,22,18,群益金鼎-台中,2024-06-03,9184
2618,長榮航,18,1,17,群益金鼎-台中,2024-06-03,9184
00933B,國泰10Y+金融債,22,6,16,群益金鼎-台中,2024-06-03,9184
00637L,元大滬深300正2,18,3,15,群益金鼎-台中,2024-06-03,9184
1309,台達化,13,0,13,群益金鼎-台中,2024-06-03,9184
00915,凱基優選高股息30,12,0,12,群益金鼎-台中,2024-06-03,9184
2402,毅嘉,13,1,12,群益金鼎-台中,2024-06-03,9184
2515,中工,75,63,12,群益金鼎-台中,2024-06-03,9184
00715L,期街口布蘭特正2,12,0,12,群益金鼎-台中,2024-06-03,9184
8112,至上,14,3,11,群益金鼎-台中,2024-06-03,9184
2328,廣宇,29,18,11,群益金鼎-台中,2024-06-03,9184
3322,建舜電,11,0,11,群益金鼎-台中,2024-06-03,9184
00937B,群益ESG投等債20,609,142,467,群益金鼎-台中,2024-06-04,9184
00929,復華台灣科技優息,432,68,364,群益金鼎-台中,2024-06-04,9184
00719B,元大美債1-3,250,0,250,群益金鼎-台中,2024-06-04,9184
8150,南茂,220,0,220,群益金鼎-台中,2024-06-04,9184
00686R,群益臺灣加權反1,200,0,200,群益金鼎-台中,2024-06-04,9184
00919,群益台灣精選高息,262,73,189,群益金鼎-台中,2024-06-04,9184
00885,富邦越南,160,0,160,群益金鼎-台中,2024-06-04,9184
00918,大華優利高填息30,153,0,153,群益金鼎-台中,2024-06-04,9184
2888,新光金,186,41,145,群益金鼎-台中,2024-06-04,9184
00936,台新永續高息中小,138,52,86,群益金鼎-台中,2024-06-04,9184
00720B,元大投資級公司債,100,21,79,群益金鼎-台中,2024-06-04,9184
2537,聯上發,694,623,71,群益金鼎-台中,2024-06-04,9184
1314,中石化,81,10,71,群益金鼎-台中,2024-06-04,9184
00878,國泰永續高股息,89,21,68,群益金鼎-台中,2024-06-04,9184
1303,南亞,65,0,65,群益金鼎-台中,2024-06-04,9184
3481,群創,73,13,60,群益金鼎-台中,2024-06-04,9184
00680L,元大美債20正2,50,5,45,群益金鼎-台中,2024-06-04,9184
00713,元大台灣高息低波,45,0,45,群益金鼎-台中,2024-06-04,9184
2618,長榮航,108,67,41,群益金鼎-台中,2024-06-04,9184
00664R,國泰臺灣加權反1,40,0,40,群益金鼎-台中,2024-06-04,9184
9103,美德醫療-DR,35,0,35,群益金鼎-台中,2024-06-04,9184
00715L,期街口布蘭特正2,43,11,32,群益金鼎-台中,2024-06-04,9184
3356,奇偶,103,71,32,群益金鼎-台中,2024-06-04,9184
2344,華邦電,31,0,31,群益金鼎-台中,2024-06-04,9184
1305,華夏,31,0,31,群益金鼎-台中,2024-06-04,9184
3325,旭品,30,0,30,群益金鼎-台中,2024-06-04,9184
1722,台肥,31,2,29,群益金鼎-台中,2024-06-04,9184
2495,普安,36,8,28,群益金鼎-台中,2024-06-04,9184
3312,弘憶股,29,1,28,群益金鼎-台中,2024-06-04,9184
2382,廣達,26,0,26,群益金鼎-台中,2024-06-04,9184
00662,富邦NASDAQ,25,0,25,群益金鼎-台中,2024-06-04,9184
2409,友達,56,32,24,群益金鼎-台中,2024-06-04,9184
2101,南港,61,37,24,群益金鼎-台中,2024-06-04,9184
2367,燿華,91,68,23,群益金鼎-台中,2024-06-04,9184
6188,廣明,41,20,21,群益金鼎-台中,2024-06-04,9184
1506,正道,20,0,20,群益金鼎-台中,2024-06-04,9184
2836,高雄銀,20,0,20,群益金鼎-台中,2024-06-04,9184
2606,裕民,20,0,20,群益金鼎-台中,2024-06-04,9184
3285,微端,20,0,20,群益金鼎-台中,2024-06-04,9184
2109,華豐,20,0,20,群益金鼎-台中,2024-06-04,9184
00934,中信成長高股息,20,0,20,群益金鼎-台中,2024-06-04,9184
1536,和大,20,1,19,群益金鼎-台中,2024-06-04,9184
2331,精英,88,69,19,群益金鼎-台中,2024-06-04,9184
3266,昇陽,21,2,19,群益金鼎-台中,2024-06-04,9184
3088,艾訊,18,1,17,群益金鼎-台中,2024-06-04,9184
4707,磐亞,17,0,17,群益金鼎-台中,2024-06-04,9184
00923,群益台ESG低碳50,26,10,16,群益金鼎-台中,2024-06-04,9184
4726,永昕,19,3,16,群益金鼎-台中,2024-06-04,9184
3013,晟銘電,58,42,16,群益金鼎-台中,2024-06-04,9184
5351,鈺創,15,0,15,群益金鼎-台中,2024-06-04,9184
00929,復華台灣科技優息,316,81,235,群益金鼎-台中,2024-06-05,9184
00936,台新永續高息中小,184,26,158,群益金鼎-台中,2024-06-05,9184
00878,國泰永續高股息,135,4,131,群益金鼎-台中,2024-06-05,9184
00725B,國泰投資級公司債,160,40,120,群益金鼎-台中,2024-06-05,9184
6245,立端,105,3,102,群益金鼎-台中,2024-06-05,9184
00905,FT臺灣Smart,100,0,100,群益金鼎-台中,2024-06-05,9184
00918,大華優利高填息30,86,0,86,群益金鼎-台中,2024-06-05,9184
00942B,台新美A公司債20+,71,4,67,群益金鼎-台中,2024-06-05,9184
8150,南茂,60,0,60,群益金鼎-台中,2024-06-05,9184
1314,中石化,75,15,60,群益金鼎-台中,2024-06-05,9184
2609,陽明,272,219,53,群益金鼎-台中,2024-06-05,9184
00719B,元大美債1-3,50,0,50,群益金鼎-台中,2024-06-05,9184
00680L,元大美債20正2,76,26,50,群益金鼎-台中,2024-06-05,9184
1536,和大,50,0,50,群益金鼎-台中,2024-06-05,9184
00713,元大台灣高息低波,45,0,45,群益金鼎-台中,2024-06-05,9184
00662,富邦NASDAQ,42,0,42,群益金鼎-台中,2024-06-05,9184
6161,捷波,61,20,41,群益金鼎-台中,2024-06-05,9184
00720B,元大投資級公司債,60,19,41,群益金鼎-台中,2024-06-05,9184
2527,宏璟,52,18,34,群益金鼎-台中,2024-06-05,9184
00933B,國泰10Y+金融債,34,1,33,群益金鼎-台中,2024-06-05,9184
2317,鴻海,89,57,32,群益金鼎-台中,2024-06-05,9184
3048,益登,42,11,31,群益金鼎-台中,2024-06-05,9184
2002,中鋼,31,1,30,群益金鼎-台中,2024-06-05,9184
2344,華邦電,29,0,29,群益金鼎-台中,2024-06-05,9184
3356,奇偶,44,15,29,群益金鼎-台中,2024-06-05,9184
00712,復華富時不動產,26,0,26,群益金鼎-台中,2024-06-05,9184
00688L,國泰20年美債正2,36,10,26,群益金鼎-台中,2024-06-05,9184
3596,智易,23,0,23,群益金鼎-台中,2024-06-05,9184
3202,樺晟,36,13,23,群益金鼎-台中,2024-06-05,9184
2352,佳世達,20,0,20,群益金鼎-台中,2024-06-05,9184
00664R,國泰臺灣加權反1,20,0,20,群益金鼎-台中,2024-06-05,9184
2392,正崴,25,5,20,群益金鼎-台中,2024-06-05,9184
00645,富邦日本,24,4,20,群益金鼎-台中,2024-06-05,9184
6582,申豐,20,0,20,群益金鼎-台中,2024-06-05,9184
2888,新光金,41,21,20,群益金鼎-台中,2024-06-05,9184
1532,勤美,18,0,18,群益金鼎-台中,2024-06-05,9184
2884,玉山金,16,0,16,群益金鼎-台中,2024-06-05,9184
1722,台肥,45,30,15,群益金鼎-台中,2024-06-05,9184
1471,首利,20,5,15,群益金鼎-台中,2024-06-05,9184
8374,羅昇,56,41,15,群益金鼎-台中,2024-06-05,9184
8046,南電,15,1,14,群益金鼎-台中,2024-06-05,9184
3013,晟銘電,46,32,14,群益金鼎-台中,2024-06-05,9184
4967,十銓,50,36,14,群益金鼎-台中,2024-06-05,9184
3231,緯創,16,3,13,群益金鼎-台中,2024-06-05,9184
2504,國產,12,0,12,群益金鼎-台中,2024-06-05,9184
2324,仁寶,15,3,12,群益金鼎-台中,2024-06-05,9184
3322,建舜電,12,0,12,群益金鼎-台中,2024-06-05,9184
2486,一詮,36,24,12,群益金鼎-台中,2024-06-05,9184
2354,鴻準,89,77,12,群益金鼎-台中,2024-06-05,9184
2303,聯電,16,4,12,群益金鼎-台中,2024-06-05,9184
00632R,元大台灣50反1,524,20,504,群益金鼎-台中,2024-06-06,9184
00937B,群益ESG投等債20,463,138,325,群益金鼎-台中,2024-06-06,9184
8150,南茂,252,0,252,群益金鼎-台中,2024-06-06,9184
00929,復華台灣科技優息,279,77,202,群益金鼎-台中,2024-06-06,9184
1326,台化,117,3,114,群益金鼎-台中,2024-06-06,9184
00713,元大台灣高息低波,103,0,103,群益金鼎-台中,2024-06-06,9184
00905,FT臺灣Smart,100,0,100,群益金鼎-台中,2024-06-06,9184
00671R,富邦NASDAQ反1,90,2,88,群益金鼎-台中,2024-06-06,9184
00936,台新永續高息中小,81,0,81,群益金鼎-台中,2024-06-06,9184
1722,台肥,126,50,76,群益金鼎-台中,2024-06-06,9184
00648R,元大S＆P500反1,70,0,70,群益金鼎-台中,2024-06-06,9184
00679B,元大美債20年,96,34,62,群益金鼎-台中,2024-06-06,9184
00720B,元大投資級公司債,71,15,56,群益金鼎-台中,2024-06-06,9184
00680L,元大美債20正2,53,0,53,群益金鼎-台中,2024-06-06,9184
3338,泰碩,58,7,51,群益金鼎-台中,2024-06-06,9184
1536,和大,49,0,49,群益金鼎-台中,2024-06-06,9184
2427,三商電,315,269,46,群益金鼎-台中,2024-06-06,9184
00918,大華優利高填息30,43,0,43,群益金鼎-台中,2024-06-06,9184
2317,鴻海,87,45,42,群益金鼎-台中,2024-06-06,9184
2367,燿華,97,56,41,群益金鼎-台中,2024-06-06,9184
2611,志信,48,7,41,群益金鼎-台中,2024-06-06,9184
1815,富喬,178,138,40,群益金鼎-台中,2024-06-06,9184
1455,集盛,42,6,36,群益金鼎-台中,2024-06-06,9184
00921,兆豐龍頭等權重,35,0,35,群益金鼎-台中,2024-06-06,9184
1301,台塑,43,10,33,群益金鼎-台中,2024-06-06,9184
3088,艾訊,37,4,33,群益金鼎-台中,2024-06-06,9184
1314,中石化,33,0,33,群益金鼎-台中,2024-06-06,9184
2303,聯電,35,3,32,群益金鼎-台中,2024-06-06,9184
00665L,富邦�琤肭磪囓�2,40,10,30,群益金鼎-台中,2024-06-06,9184
2101,南港,44,14,30,群益金鼎-台中,2024-06-06,9184
00895,富邦未來車,31,1,30,群益金鼎-台中,2024-06-06,9184
2883B,凱基金乙特,30,0,30,群益金鼎-台中,2024-06-06,9184
8234,新漢,31,3,28,群益金鼎-台中,2024-06-06,9184
00662,富邦NASDAQ,28,0,28,群益金鼎-台中,2024-06-06,9184
2353,宏��,31,4,27,群益金鼎-台中,2024-06-06,9184
1303,南亞,41,15,26,群益金鼎-台中,2024-06-06,9184
3481,群創,42,16,26,群益金鼎-台中,2024-06-06,9184
2504,國產,22,0,22,群益金鼎-台中,2024-06-06,9184
5347,世界,90,68,22,群益金鼎-台中,2024-06-06,9184
2354,鴻準,44,23,21,群益金鼎-台中,2024-06-06,9184
4956,光鋐,22,1,21,群益金鼎-台中,2024-06-06,9184
6244,茂迪,22,1,21,群益金鼎-台中,2024-06-06,9184
5251,天鉞電,22,1,21,群益金鼎-台中,2024-06-06,9184
2020,美亞,20,0,20,群益金鼎-台中,2024-06-06,9184
00942B,台新美A公司債20+,20,0,20,群益金鼎-台中,2024-06-06,9184
00896,中信綠能及電動車,20,0,20,群益金鼎-台中,2024-06-06,9184
7402,邑錡,20,0,20,群益金鼎-台中,2024-06-06,9184
5272,笙科,19,0,19,群益金鼎-台中,2024-06-06,9184
1464,得力,20,1,19,群益金鼎-台中,2024-06-06,9184
2374,佳能,24,5,19,群益金鼎-台中,2024-06-06,9184
00937B,群益ESG投等債20,652,37,615,群益金鼎-台中,2024-06-07,9184
0056,元大高股息,202,4,198,群益金鼎-台中,2024-06-07,9184
00919,群益台灣精選高息,218,22,196,群益金鼎-台中,2024-06-07,9184
00751B,元大AAA至A公司債,181,2,179,群益金鼎-台中,2024-06-07,9184
00725B,國泰投資級公司債,146,33,113,群益金鼎-台中,2024-06-07,9184
00713,元大台灣高息低波,104,1,103,群益金鼎-台中,2024-06-07,9184
5906,台南-KY,100,0,100,群益金鼎-台中,2024-06-07,9184
6257,矽格,81,0,81,群益金鼎-台中,2024-06-07,9184
00929,復華台灣科技優息,495,424,71,群益金鼎-台中,2024-06-07,9184
2610,華航,81,14,67,群益金鼎-台中,2024-06-07,9184
2618,長榮航,78,12,66,群益金鼎-台中,2024-06-07,9184
9105,泰金寶-DR,156,93,63,群益金鼎-台中,2024-06-07,9184
2330,台積電,82,20,62,群益金鼎-台中,2024-06-07,9184
00665L,富邦�琤肭磪囓�2,60,0,60,群益金鼎-台中,2024-06-07,9184
8936,國統,58,2,56,群益金鼎-台中,2024-06-07,9184
1447,力鵬,60,5,55,群益金鼎-台中,2024-06-07,9184
00878,國泰永續高股息,48,0,48,群益金鼎-台中,2024-06-07,9184
2504,國產,48,4,44,群益金鼎-台中,2024-06-07,9184
00687B,國泰20年美債,75,32,43,群益金鼎-台中,2024-06-07,9184
00942B,台新美A公司債20+,42,0,42,群益金鼎-台中,2024-06-07,9184
00885,富邦越南,41,0,41,群益金鼎-台中,2024-06-07,9184
00637L,元大滬深300正2,38,1,37,群益金鼎-台中,2024-06-07,9184
020027,元大上櫃ESG成長N,60,25,35,群益金鼎-台中,2024-06-07,9184
8463,潤泰材,30,0,30,群益金鼎-台中,2024-06-07,9184
00669R,國泰美國道瓊反1,30,0,30,群益金鼎-台中,2024-06-07,9184
6213,聯茂,35,5,30,群益金鼎-台中,2024-06-07,9184
3231,緯創,36,8,28,群益金鼎-台中,2024-06-07,9184
00936,台新永續高息中小,56,30,26,群益金鼎-台中,2024-06-07,9184
2417,圓剛,26,1,25,群益金鼎-台中,2024-06-07,9184
1609,大亞,37,12,25,群益金鼎-台中,2024-06-07,9184
2312,金寶,67,43,24,群益金鼎-台中,2024-06-07,9184
00933B,國泰10Y+金融債,23,0,23,群益金鼎-台中,2024-06-07,9184
2313,華通,34,13,21,群益金鼎-台中,2024-06-07,9184
00662,富邦NASDAQ,21,0,21,群益金鼎-台中,2024-06-07,9184
00664R,國泰臺灣加權反1,20,0,20,群益金鼎-台中,2024-06-07,9184
6706,惠特,19,0,19,群益金鼎-台中,2024-06-07,9184
2303,聯電,39,20,19,群益金鼎-台中,2024-06-07,9184
6180,橘子,17,0,17,群益金鼎-台中,2024-06-07,9184
2382,廣達,16,0,16,群益金鼎-台中,2024-06-07,9184
1453,大將,21,5,16,群益金鼎-台中,2024-06-07,9184
8064,東捷,32,16,16,群益金鼎-台中,2024-06-07,9184
2367,燿華,33,17,16,群益金鼎-台中,2024-06-07,9184
1440,南紡,18,3,15,群益金鼎-台中,2024-06-07,9184
6005,群益證,63,50,13,群益金鼎-台中,2024-06-07,9184
1907,永豐餘,12,0,12,群益金鼎-台中,2024-06-07,9184
2317,鴻海,24,12,12,群益金鼎-台中,2024-06-07,9184
6245,立端,12,1,11,群益金鼎-台中,2024-06-07,9184
6215,和椿,38,27,11,群益金鼎-台中,2024-06-07,9184
00881,國泰台灣5G+,11,0,11,群益金鼎-台中,2024-06-07,9184
2482,連宇,10,0,10,群益金鼎-台中,2024-06-07,9184
00937B,群益ESG投等債20,1040,560,480,群益金鼎-台中,2024-06-11,9184
00919,群益台灣精選高息,361,36,325,群益金鼎-台中,2024-06-11,9184
00929,復華台灣科技優息,399,114,285,群益金鼎-台中,2024-06-11,9184
00918,大華優利高填息30,233,0,233,群益金鼎-台中,2024-06-11,9184
00795B,中信美國公債20年,196,0,196,群益金鼎-台中,2024-06-11,9184
2888,新光金,157,3,154,群益金鼎-台中,2024-06-11,9184
00687B,國泰20年美債,148,2,146,群益金鼎-台中,2024-06-11,9184
00764B,群益25年美債,515,389,126,群益金鼎-台中,2024-06-11,9184
2867,三商壽,110,15,95,群益金鼎-台中,2024-06-11,9184
00942B,台新美A公司債20+,95,4,91,群益金鼎-台中,2024-06-11,9184
00933B,國泰10Y+金融債,79,0,79,群益金鼎-台中,2024-06-11,9184
2882,國泰金,90,13,77,群益金鼎-台中,2024-06-11,9184
2883B,凱基金乙特,70,0,70,群益金鼎-台中,2024-06-11,9184
00679B,元大美債20年,84,30,54,群益金鼎-台中,2024-06-11,9184
00939,統一台灣高息動能,61,12,49,群益金鼎-台中,2024-06-11,9184
8374,羅昇,47,0,47,群益金鼎-台中,2024-06-11,9184
3006,晶豪科,50,3,47,群益金鼎-台中,2024-06-11,9184
2504,國產,43,0,43,群益金鼎-台中,2024-06-11,9184
00882,中信中國高股息,49,10,39,群益金鼎-台中,2024-06-11,9184
2603,長榮,50,13,37,群益金鼎-台中,2024-06-11,9184
1608,華榮,54,18,36,群益金鼎-台中,2024-06-11,9184
1618,合機,106,71,35,群益金鼎-台中,2024-06-11,9184
00712,復華富時不動產,34,0,34,群益金鼎-台中,2024-06-11,9184
2515,中工,84,50,34,群益金鼎-台中,2024-06-11,9184
00931B,統一美債20年,42,10,32,群益金鼎-台中,2024-06-11,9184
1802,台玻,33,2,31,群益金鼎-台中,2024-06-11,9184
00632R,元大台灣50反1,30,0,30,群益金鼎-台中,2024-06-11,9184
1447,力鵬,40,10,30,群益金鼎-台中,2024-06-11,9184
8150,南茂,30,0,30,群益金鼎-台中,2024-06-11,9184
2537,聯上發,161,132,29,群益金鼎-台中,2024-06-11,9184
3231,緯創,35,6,29,群益金鼎-台中,2024-06-11,9184
1514,亞力,52,25,27,群益金鼎-台中,2024-06-11,9184
6245,立端,21,1,20,群益金鼎-台中,2024-06-11,9184
6167,久正,20,0,20,群益金鼎-台中,2024-06-11,9184
00664R,國泰臺灣加權反1,20,0,20,群益金鼎-台中,2024-06-11,9184
2836,高雄銀,20,0,20,群益金鼎-台中,2024-06-11,9184
2371,大同,20,2,18,群益金鼎-台中,2024-06-11,9184
00665L,富邦�琤肭磪囓�2,17,0,17,群益金鼎-台中,2024-06-11,9184
0056,元大高股息,18,1,17,群益金鼎-台中,2024-06-11,9184
2356,英業達,21,5,16,群益金鼎-台中,2024-06-11,9184
2103,台橡,16,0,16,群益金鼎-台中,2024-06-11,9184
1316,上曜,64,49,15,群益金鼎-台中,2024-06-11,9184
00857B,永豐20年美公債,15,0,15,群益金鼎-台中,2024-06-11,9184
6770,力積電,21,6,15,群益金鼎-台中,2024-06-11,9184
1815,富喬,38,23,15,群益金鼎-台中,2024-06-11,9184
3481,群創,22,8,14,群益金鼎-台中,2024-06-11,9184
00915,凱基優選高股息30,14,0,14,群益金鼎-台中,2024-06-11,9184
1218,泰山,17,3,14,群益金鼎-台中,2024-06-11,9184
1455,集盛,15,1,14,群益金鼎-台中,2024-06-11,9184
6139,亞翔,16,2,14,群益金鼎-台中,2024-06-11,9184
00948B,中信優息投資級債,161,0,161,群益金鼎-台中,2024-06-12,9184
1473,台南,155,5,150,群益金鼎-台中,2024-06-12,9184
00937B,群益ESG投等債20,322,191,131,群益金鼎-台中,2024-06-12,9184
2883,凱基金,169,45,124,群益金鼎-台中,2024-06-12,9184
00632R,元大台灣50反1,120,5,115,群益金鼎-台中,2024-06-12,9184
00720B,元大投資級公司債,125,10,115,群益金鼎-台中,2024-06-12,9184
00918,大華優利高填息30,120,15,105,群益金鼎-台中,2024-06-12,9184
2618,長榮航,118,15,103,群益金鼎-台中,2024-06-12,9184
1301,台塑,118,28,90,群益金鼎-台中,2024-06-12,9184
1722,台肥,80,0,80,群益金鼎-台中,2024-06-12,9184
00713,元大台灣高息低波,79,0,79,群益金鼎-台中,2024-06-12,9184
00712,復華富時不動產,76,0,76,群益金鼎-台中,2024-06-12,9184
00919,群益台灣精選高息,128,56,72,群益金鼎-台中,2024-06-12,9184
4167,松瑞藥,60,3,57,群益金鼎-台中,2024-06-12,9184
1303,南亞,62,5,57,群益金鼎-台中,2024-06-12,9184
2605,新興,63,6,57,群益金鼎-台中,2024-06-12,9184
2489,瑞軒,81,28,53,群益金鼎-台中,2024-06-12,9184
1326,台化,52,0,52,群益金鼎-台中,2024-06-12,9184
00637L,元大滬深300正2,51,0,51,群益金鼎-台中,2024-06-12,9184
2610,華航,58,14,44,群益金鼎-台中,2024-06-12,9184
2867,三商壽,52,9,43,群益金鼎-台中,2024-06-12,9184
2392,正崴,51,9,42,群益金鼎-台中,2024-06-12,9184
9945,潤泰新,36,0,36,群益金鼎-台中,2024-06-12,9184
2002,中鋼,34,1,33,群益金鼎-台中,2024-06-12,9184
00645,富邦日本,33,0,33,群益金鼎-台中,2024-06-12,9184
6546,正基,37,6,31,群益金鼎-台中,2024-06-12,9184
00676R,富邦臺灣加權反1,30,0,30,群益金鼎-台中,2024-06-12,9184
2367,燿華,85,56,29,群益金鼎-台中,2024-06-12,9184
1815,富喬,57,29,28,群益金鼎-台中,2024-06-12,9184
2504,國產,31,3,28,群益金鼎-台中,2024-06-12,9184
3380,明泰,28,0,28,群益金鼎-台中,2024-06-12,9184
1514,亞力,52,26,26,群益金鼎-台中,2024-06-12,9184
3047,訊舟,30,5,25,群益金鼎-台中,2024-06-12,9184
3231,緯創,33,9,24,群益金鼎-台中,2024-06-12,9184
5439,高技,20,0,20,群益金鼎-台中,2024-06-12,9184
3006,晶豪科,31,13,18,群益金鼎-台中,2024-06-12,9184
00662,富邦NASDAQ,18,0,18,群益金鼎-台中,2024-06-12,9184
00915,凱基優選高股息30,22,4,18,群益金鼎-台中,2024-06-12,9184
4952,凌通,18,1,17,群益金鼎-台中,2024-06-12,9184
2607,榮運,16,0,16,群益金鼎-台中,2024-06-12,9184
2201,裕隆,16,0,16,群益金鼎-台中,2024-06-12,9184
00921,兆豐龍頭等權重,16,0,16,群益金鼎-台中,2024-06-12,9184
1608,華榮,43,28,15,群益金鼎-台中,2024-06-12,9184
6133,金橋,15,0,15,群益金鼎-台中,2024-06-12,9184
2337,旺宏,14,0,14,群益金鼎-台中,2024-06-12,9184
3481,群創,17,3,14,群益金鼎-台中,2024-06-12,9184
2542,興富發,17,3,14,群益金鼎-台中,2024-06-12,9184
00896,中信綠能及電動車,13,0,13,群益金鼎-台中,2024-06-12,9184
1536,和大,15,2,13,群益金鼎-台中,2024-06-12,9184
3379,彬台,13,0,13,群益金鼎-台中,2024-06-12,9184
00632R,元大台灣50反1,375,0,375,群益金鼎-台中,2024-06-13,9184
00918,大華優利高填息30,350,49,301,群益金鼎-台中,2024-06-13,9184
00905,FT臺灣Smart,140,2,138,群益金鼎-台中,2024-06-13,9184
1722,台肥,173,55,118,群益金鼎-台中,2024-06-13,9184
00671R,富邦NASDAQ反1,100,0,100,群益金鼎-台中,2024-06-13,9184
00885,富邦越南,100,0,100,群益金鼎-台中,2024-06-13,9184
8150,南茂,100,2,98,群益金鼎-台中,2024-06-13,9184
00929,復華台灣科技優息,217,131,86,群益金鼎-台中,2024-06-13,9184
2317,鴻海,161,94,67,群益金鼎-台中,2024-06-13,9184
00648R,元大S＆P500反1,65,0,65,群益金鼎-台中,2024-06-13,9184
00676R,富邦臺灣加權反1,51,0,51,群益金鼎-台中,2024-06-13,9184
00936,台新永續高息中小,93,45,48,群益金鼎-台中,2024-06-13,9184
00692,富邦公司治理,40,0,40,群益金鼎-台中,2024-06-13,9184
2504,國產,62,25,37,群益金鼎-台中,2024-06-13,9184
6213,聯茂,38,3,35,群益金鼎-台中,2024-06-13,9184
2367,燿華,59,29,30,群益金鼎-台中,2024-06-13,9184
00942B,台新美A公司債20+,30,0,30,群益金鼎-台中,2024-06-13,9184
00665L,富邦�琤肭磪囓�2,30,0,30,群益金鼎-台中,2024-06-13,9184
1605,華新,27,0,27,群益金鼎-台中,2024-06-13,9184
00680L,元大美債20正2,32,7,25,群益金鼎-台中,2024-06-13,9184
1326,台化,130,106,24,群益金鼎-台中,2024-06-13,9184
2371,大同,38,15,23,群益金鼎-台中,2024-06-13,9184
2851,中再保,22,0,22,群益金鼎-台中,2024-06-13,9184
00757,統一FANG+,22,1,21,群益金鼎-台中,2024-06-13,9184
00662,富邦NASDAQ,21,0,21,群益金鼎-台中,2024-06-13,9184
2352,佳世達,20,0,20,群益金鼎-台中,2024-06-13,9184
00664R,國泰臺灣加權反1,20,0,20,群益金鼎-台中,2024-06-13,9184
1522,堤維西,25,7,18,群益金鼎-台中,2024-06-13,9184
00645,富邦日本,17,0,17,群益金鼎-台中,2024-06-13,9184
5236,凌陽創新,18,1,17,群益金鼎-台中,2024-06-13,9184
020027,元大上櫃ESG成長N,60,44,16,群益金鼎-台中,2024-06-13,9184
2330,台積電,33,18,15,群益金鼎-台中,2024-06-13,9184
00933B,國泰10Y+金融債,17,2,15,群益金鼎-台中,2024-06-13,9184
6245,立端,14,0,14,群益金鼎-台中,2024-06-13,9184
00679B,元大美債20年,36,22,14,群益金鼎-台中,2024-06-13,9184
3013,晟銘電,39,25,14,群益金鼎-台中,2024-06-13,9184
6290,良維,18,4,14,群益金鼎-台中,2024-06-13,9184
2883,凱基金,28,14,14,群益金鼎-台中,2024-06-13,9184
00915,凱基優選高股息30,13,0,13,群益金鼎-台中,2024-06-13,9184
2867,三商壽,25,12,13,群益金鼎-台中,2024-06-13,9184
1815,富喬,26,13,13,群益金鼎-台中,2024-06-13,9184
4909,新復興,38,26,12,群益金鼎-台中,2024-06-13,9184
8040,九暘,12,0,12,群益金鼎-台中,2024-06-13,9184
2368,金像電,13,2,11,群益金鼎-台中,2024-06-13,9184
1503,士電,25,14,11,群益金鼎-台中,2024-06-13,9184
00713,元大台灣高息低波,12,1,11,群益金鼎-台中,2024-06-13,9184
1301,台塑,106,95,11,群益金鼎-台中,2024-06-13,9184
00687B,國泰20年美債,13,2,11,群益金鼎-台中,2024-06-13,9184
5522,遠雄,13,2,11,群益金鼎-台中,2024-06-13,9184
2801,彰銀,11,0,11,群益金鼎-台中,2024-06-13,9184
9103,美德醫療-DR,480,6,474,群益金鼎-台中,2024-06-14,9184
00937B,群益ESG投等債20,875,466,409,群益金鼎-台中,2024-06-14,9184
00942B,台新美A公司債20+,355,0,355,群益金鼎-台中,2024-06-14,9184
00929,復華台灣科技優息,413,76,337,群益金鼎-台中,2024-06-14,9184
1722,台肥,164,0,164,群益金鼎-台中,2024-06-14,9184
1536,和大,90,1,89,群益金鼎-台中,2024-06-14,9184
00687B,國泰20年美債,133,50,83,群益金鼎-台中,2024-06-14,9184
00933B,國泰10Y+金融債,79,4,75,群益金鼎-台中,2024-06-14,9184
00918,大華優利高填息30,67,3,64,群益金鼎-台中,2024-06-14,9184
00919,群益台灣精選高息,70,6,64,群益金鼎-台中,2024-06-14,9184
2371,大同,127,71,56,群益金鼎-台中,2024-06-14,9184
2801,彰銀,55,0,55,群益金鼎-台中,2024-06-14,9184
00947,台新臺灣IC設計,50,0,50,群益金鼎-台中,2024-06-14,9184
00935,野村臺灣新科技50,50,0,50,群益金鼎-台中,2024-06-14,9184
00680L,元大美債20正2,130,90,40,群益金鼎-台中,2024-06-14,9184
2438,翔耀,40,0,40,群益金鼎-台中,2024-06-14,9184
00939,統一台灣高息動能,73,34,39,群益金鼎-台中,2024-06-14,9184
2537,聯上發,139,104,35,群益金鼎-台中,2024-06-14,9184
2328,廣宇,38,3,35,群益金鼎-台中,2024-06-14,9184
2489,瑞軒,35,3,32,群益金鼎-台中,2024-06-14,9184
00665L,富邦�琤肭磪囓�2,30,0,30,群益金鼎-台中,2024-06-14,9184
6207,雷科,39,11,28,群益金鼎-台中,2024-06-14,9184
00881,國泰台灣5G+,55,27,28,群益金鼎-台中,2024-06-14,9184
00664R,國泰臺灣加權反1,26,0,26,群益金鼎-台中,2024-06-14,9184
6245,立端,26,0,26,群益金鼎-台中,2024-06-14,9184
3374,精材,49,24,25,群益金鼎-台中,2024-06-14,9184
2367,燿華,42,19,23,群益金鼎-台中,2024-06-14,9184
3202,樺晟,36,13,23,群益金鼎-台中,2024-06-14,9184
8150,南茂,21,0,21,群益金鼎-台中,2024-06-14,9184
5398,慕康生醫,21,0,21,群益金鼎-台中,2024-06-14,9184
4155,訊映,21,1,20,群益金鼎-台中,2024-06-14,9184
00632R,元大台灣50反1,20,1,19,群益金鼎-台中,2024-06-14,9184
00706L,期元大S＆P日圓正2,17,0,17,群益金鼎-台中,2024-06-14,9184
3019,亞光,24,7,17,群益金鼎-台中,2024-06-14,9184
6161,捷波,47,30,17,群益金鼎-台中,2024-06-14,9184
00915,凱基優選高股息30,27,10,17,群益金鼎-台中,2024-06-14,9184
00764B,群益25年美債,464,448,16,群益金鼎-台中,2024-06-14,9184
5236,凌陽創新,42,26,16,群益金鼎-台中,2024-06-14,9184
2352,佳世達,15,0,15,群益金鼎-台中,2024-06-14,9184
5347,世界,22,7,15,群益金鼎-台中,2024-06-14,9184
3450,聯鈞,43,28,15,群益金鼎-台中,2024-06-14,9184
5604,中連,15,0,15,群益金鼎-台中,2024-06-14,9184
2002,中鋼,14,0,14,群益金鼎-台中,2024-06-14,9184
1582,信錦,15,1,14,群益金鼎-台中,2024-06-14,9184
00713,元大台灣高息低波,14,0,14,群益金鼎-台中,2024-06-14,9184
3576,聯合再生,12,0,12,群益金鼎-台中,2024-06-14,9184
1617,榮星,19,7,12,群益金鼎-台中,2024-06-14,9184
00941,中信上游半導體,12,0,12,群益金鼎-台中,2024-06-14,9184
3048,益登,153,141,12,群益金鼎-台中,2024-06-14,9184
1453,大將,16,5,11,群益金鼎-台中,2024-06-14,9184
00929,復華台灣科技優息,764,43,721,群益金鼎-台中,2024-06-17,9184
00918,大華優利高填息30,262,0,262,群益金鼎-台中,2024-06-17,9184
00936,台新永續高息中小,305,110,195,群益金鼎-台中,2024-06-17,9184
00933B,國泰10Y+金融債,168,21,147,群益金鼎-台中,2024-06-17,9184
00687B,國泰20年美債,177,47,130,群益金鼎-台中,2024-06-17,9184
1473,台南,125,2,123,群益金鼎-台中,2024-06-17,9184
00937B,群益ESG投等債20,465,345,120,群益金鼎-台中,2024-06-17,9184
00942B,台新美A公司債20+,110,1,109,群益金鼎-台中,2024-06-17,9184
2610,華航,103,5,98,群益金鼎-台中,2024-06-17,9184
2312,金寶,116,26,90,群益金鼎-台中,2024-06-17,9184
00632R,元大台灣50反1,75,0,75,群益金鼎-台中,2024-06-17,9184
2504,國產,65,3,62,群益金鼎-台中,2024-06-17,9184
00904,新光臺灣半導體30,50,3,47,群益金鼎-台中,2024-06-17,9184
00662,富邦NASDAQ,44,0,44,群益金鼎-台中,2024-06-17,9184
2542,興富發,56,12,44,群益金鼎-台中,2024-06-17,9184
00713,元大台灣高息低波,44,0,44,群益金鼎-台中,2024-06-17,9184
9105,泰金寶-DR,65,22,43,群益金鼎-台中,2024-06-17,9184
1722,台肥,41,0,41,群益金鼎-台中,2024-06-17,9184
2515,中工,42,2,40,群益金鼎-台中,2024-06-17,9184
0056,元大高股息,55,21,34,群益金鼎-台中,2024-06-17,9184
1802,台玻,52,20,32,群益金鼎-台中,2024-06-17,9184
3576,聯合再生,32,1,31,群益金鼎-台中,2024-06-17,9184
00885,富邦越南,37,6,31,群益金鼎-台中,2024-06-17,9184
5236,凌陽創新,35,5,30,群益金鼎-台中,2024-06-17,9184
4564,元翎,30,0,30,群益金鼎-台中,2024-06-17,9184
2308,台達電,31,2,29,群益金鼎-台中,2024-06-17,9184
2392,正崴,38,10,28,群益金鼎-台中,2024-06-17,9184
1514,亞力,76,49,27,群益金鼎-台中,2024-06-17,9184
6770,力積電,68,46,22,群益金鼎-台中,2024-06-17,9184
5426,振發,22,1,21,群益金鼎-台中,2024-06-17,9184
00679B,元大美債20年,31,10,21,群益金鼎-台中,2024-06-17,9184
4157,太景*-KY,20,0,20,群益金鼎-台中,2024-06-17,9184
2356,英業達,23,4,19,群益金鼎-台中,2024-06-17,9184
00764B,群益25年美債,501,483,18,群益金鼎-台中,2024-06-17,9184
6432,今展科,18,0,18,群益金鼎-台中,2024-06-17,9184
5284,jpp-KY,28,11,17,群益金鼎-台中,2024-06-17,9184
00947,台新臺灣IC設計,22,5,17,群益金鼎-台中,2024-06-17,9184
3231,緯創,21,4,17,群益金鼎-台中,2024-06-17,9184
1301,台塑,43,27,16,群益金鼎-台中,2024-06-17,9184
2354,鴻準,21,5,16,群益金鼎-台中,2024-06-17,9184
2489,瑞軒,23,7,16,群益金鼎-台中,2024-06-17,9184
00941,中信上游半導體,27,11,16,群益金鼎-台中,2024-06-17,9184
3062,建漢,53,37,16,群益金鼎-台中,2024-06-17,9184
2613,中櫃,15,0,15,群益金鼎-台中,2024-06-17,9184
6416,瑞祺電通,14,0,14,群益金鼎-台中,2024-06-17,9184
1617,榮星,15,1,14,群益金鼎-台中,2024-06-17,9184
00921,兆豐龍頭等權重,13,0,13,群益金鼎-台中,2024-06-17,9184
4534,慶騰,13,0,13,群益金鼎-台中,2024-06-17,9184
911868,同方友友-DR,12,0,12,群益金鼎-台中,2024-06-17,9184
2376,技嘉,19,8,11,群益金鼎-台中,2024-06-17,9184
00918,大華優利高填息30,472,45,427,群益金鼎-台中,2024-06-18,9184
00929,復華台灣科技優息,331,41,290,群益金鼎-台中,2024-06-18,9184
00632R,元大台灣50反1,343,97,246,群益金鼎-台中,2024-06-18,9184
00713,元大台灣高息低波,141,0,141,群益金鼎-台中,2024-06-18,9184
00937B,群益ESG投等債20,329,207,122,群益金鼎-台中,2024-06-18,9184
00650L,復華香港正2,110,0,110,群益金鼎-台中,2024-06-18,9184
6152,百一,105,3,102,群益金鼎-台中,2024-06-18,9184
4564,元翎,103,1,102,群益金鼎-台中,2024-06-18,9184
8096,擎亞,218,117,101,群益金鼎-台中,2024-06-18,9184
00936,台新永續高息中小,105,15,90,群益金鼎-台中,2024-06-18,9184
00944,野村趨勢動能高息,83,2,81,群益金鼎-台中,2024-06-18,9184
00915,凱基優選高股息30,83,13,70,群益金鼎-台中,2024-06-18,9184
00671R,富邦NASDAQ反1,60,0,60,群益金鼎-台中,2024-06-18,9184
1326,台化,234,175,59,群益金鼎-台中,2024-06-18,9184
00905,FT臺灣Smart,53,2,51,群益金鼎-台中,2024-06-18,9184
1802,台玻,81,32,49,群益金鼎-台中,2024-06-18,9184
00680L,元大美債20正2,73,30,43,群益金鼎-台中,2024-06-18,9184
3376,新日興,43,3,40,群益金鼎-台中,2024-06-18,9184
1815,富喬,126,86,40,群益金鼎-台中,2024-06-18,9184
00648R,元大S＆P500反1,40,0,40,群益金鼎-台中,2024-06-18,9184
2317,鴻海,56,16,40,群益金鼎-台中,2024-06-18,9184
2883,凱基金,53,13,40,群益金鼎-台中,2024-06-18,9184
2363,矽統,50,13,37,群益金鼎-台中,2024-06-18,9184
2371,大同,83,55,28,群益金鼎-台中,2024-06-18,9184
00664R,國泰臺灣加權反1,25,0,25,群益金鼎-台中,2024-06-18,9184
3019,亞光,23,1,22,群益金鼎-台中,2024-06-18,9184
3303,岱稜,21,0,21,群益金鼎-台中,2024-06-18,9184
2867,三商壽,25,4,21,群益金鼎-台中,2024-06-18,9184
2301,光寶科,20,0,20,群益金鼎-台中,2024-06-18,9184
2482,連宇,18,0,18,群益金鼎-台中,2024-06-18,9184
8150,南茂,20,2,18,群益金鼎-台中,2024-06-18,9184
00947,台新臺灣IC設計,20,3,17,群益金鼎-台中,2024-06-18,9184
2887,台新金,22,5,17,群益金鼎-台中,2024-06-18,9184
00688L,國泰20年美債正2,24,8,16,群益金鼎-台中,2024-06-18,9184
2353,宏��,17,2,15,群益金鼎-台中,2024-06-18,9184
2609,陽明,77,62,15,群益金鼎-台中,2024-06-18,9184
5309,系統電,16,1,15,群益金鼎-台中,2024-06-18,9184
2440,太空梭,15,0,15,群益金鼎-台中,2024-06-18,9184
1529,樂事綠能,15,0,15,群益金鼎-台中,2024-06-18,9184
6188,廣明,15,0,15,群益金鼎-台中,2024-06-18,9184
00891,中信關鍵半導體,16,2,14,群益金鼎-台中,2024-06-18,9184
2543,皇昌,13,0,13,群益金鼎-台中,2024-06-18,9184
00896,中信綠能及電動車,13,0,13,群益金鼎-台中,2024-06-18,9184
5484,慧友,13,1,12,群益金鼎-台中,2024-06-18,9184
1304,台聚,12,0,12,群益金鼎-台中,2024-06-18,9184
1563,巧新,12,0,12,群益金鼎-台中,2024-06-18,9184
9939,宏全,12,0,12,群益金鼎-台中,2024-06-18,9184
4142,國光生,12,0,12,群益金鼎-台中,2024-06-18,9184
00679B,元大美債20年,13,1,12,群益金鼎-台中,2024-06-18,9184
6024,群益期,11,0,11,群益金鼎-台中,2024-06-18,9184
00929,復華台灣科技優息,1092,69,1023,群益金鼎-台中,2024-06-19,9184
00632R,元大台灣50反1,881,100,781,群益金鼎-台中,2024-06-19,9184
00937B,群益ESG投等債20,545,285,260,群益金鼎-台中,2024-06-19,9184
00687B,國泰20年美債,229,58,171,群益金鼎-台中,2024-06-19,9184
006208,富邦台50,143,2,141,群益金鼎-台中,2024-06-19,9184
8936,國統,147,19,128,群益金鼎-台中,2024-06-19,9184
2371,大同,133,23,110,群益金鼎-台中,2024-06-19,9184
00713,元大台灣高息低波,104,3,101,群益金鼎-台中,2024-06-19,9184
2367,燿華,110,9,101,群益金鼎-台中,2024-06-19,9184
00936,台新永續高息中小,155,63,92,群益金鼎-台中,2024-06-19,9184
1303,南亞,107,16,91,群益金鼎-台中,2024-06-19,9184
1301,台塑,87,0,87,群益金鼎-台中,2024-06-19,9184
9105,泰金寶-DR,78,1,77,群益金鼎-台中,2024-06-19,9184
00881,國泰台灣5G+,84,7,77,群益金鼎-台中,2024-06-19,9184
00764B,群益25年美債,569,497,72,群益金鼎-台中,2024-06-19,9184
6152,百一,81,13,68,群益金鼎-台中,2024-06-19,9184
00915,凱基優選高股息30,98,38,60,群益金鼎-台中,2024-06-19,9184
2897A,王道銀甲特,60,0,60,群益金鼎-台中,2024-06-19,9184
00933B,國泰10Y+金融債,61,2,59,群益金鼎-台中,2024-06-19,9184
1799,易威,60,1,59,群益金鼎-台中,2024-06-19,9184
4564,元翎,58,0,58,群益金鼎-台中,2024-06-19,9184
00688L,國泰20年美債正2,61,3,58,群益金鼎-台中,2024-06-19,9184
2536,宏普,50,0,50,群益金鼎-台中,2024-06-19,9184
2029,盛餘,50,0,50,群益金鼎-台中,2024-06-19,9184
2883,凱基金,56,6,50,群益金鼎-台中,2024-06-19,9184
2887,台新金,46,2,44,群益金鼎-台中,2024-06-19,9184
5484,慧友,43,1,42,群益金鼎-台中,2024-06-19,9184
2312,金寶,52,11,41,群益金鼎-台中,2024-06-19,9184
00751B,元大AAA至A公司債,35,0,35,群益金鼎-台中,2024-06-19,9184
2303,聯電,38,6,32,群益金鼎-台中,2024-06-19,9184
2851,中再保,32,0,32,群益金鼎-台中,2024-06-19,9184
3622,洋華,38,8,30,群益金鼎-台中,2024-06-19,9184
00676R,富邦臺灣加權反1,30,0,30,群益金鼎-台中,2024-06-19,9184
00919,群益台灣精選高息,175,145,30,群益金鼎-台中,2024-06-19,9184
2515,中工,29,0,29,群益金鼎-台中,2024-06-19,9184
00664R,國泰臺灣加權反1,28,0,28,群益金鼎-台中,2024-06-19,9184
1326,台化,53,27,26,群益金鼎-台中,2024-06-19,9184
1618,合機,27,2,25,群益金鼎-台中,2024-06-19,9184
6282,康舒,26,1,25,群益金鼎-台中,2024-06-19,9184
00946,群益科技高息成長,79,56,23,群益金鼎-台中,2024-06-19,9184
00947,台新臺灣IC設計,23,0,23,群益金鼎-台中,2024-06-19,9184
3356,奇偶,29,6,23,群益金鼎-台中,2024-06-19,9184
3380,明泰,22,0,22,群益金鼎-台中,2024-06-19,9184
1473,台南,21,0,21,群益金鼎-台中,2024-06-19,9184
2022,聚亨,21,0,21,群益金鼎-台中,2024-06-19,9184
00680L,元大美債20正2,41,20,21,群益金鼎-台中,2024-06-19,9184
00648R,元大S＆P500反1,20,0,20,群益金鼎-台中,2024-06-19,9184
00671R,富邦NASDAQ反1,20,0,20,群益金鼎-台中,2024-06-19,9184
8040,九暘,22,3,19,群益金鼎-台中,2024-06-19,9184
4967,十銓,59,40,19,群益金鼎-台中,2024-06-19,9184
00937B,群益ESG投等債20,781,10,771,群益金鼎-台中,2024-06-20,9184
00764B,群益25年美債,711,407,304,群益金鼎-台中,2024-06-20,9184
00936,台新永續高息中小,214,5,209,群益金鼎-台中,2024-06-20,9184
00632R,元大台灣50反1,215,50,165,群益金鼎-台中,2024-06-20,9184
00942B,台新美A公司債20+,159,0,159,群益金鼎-台中,2024-06-20,9184
00680L,元大美債20正2,148,0,148,群益金鼎-台中,2024-06-20,9184
00933B,國泰10Y+金融債,130,2,128,群益金鼎-台中,2024-06-20,9184
00946,群益科技高息成長,164,39,125,群益金鼎-台中,2024-06-20,9184
1101,台泥,105,1,104,群益金鼎-台中,2024-06-20,9184
00687B,國泰20年美債,169,70,99,群益金鼎-台中,2024-06-20,9184
2834,臺企銀,102,15,87,群益金鼎-台中,2024-06-20,9184
00948B,中信優息投資級債,87,0,87,群益金鼎-台中,2024-06-20,9184
2371,大同,108,36,72,群益金鼎-台中,2024-06-20,9184
00679B,元大美債20年,98,28,70,群益金鼎-台中,2024-06-20,9184
4564,元翎,82,14,68,群益金鼎-台中,2024-06-20,9184
2851,中再保,65,2,63,群益金鼎-台中,2024-06-20,9184
1434,福懋,60,0,60,群益金鼎-台中,2024-06-20,9184
4306,炎洲,57,8,49,群益金鼎-台中,2024-06-20,9184
00905,FT臺灣Smart,50,4,46,群益金鼎-台中,2024-06-20,9184
2363,矽統,86,42,44,群益金鼎-台中,2024-06-20,9184
00940,元大台灣價值高息,188,145,43,群益金鼎-台中,2024-06-20,9184
00931B,統一美債20年,41,2,39,群益金鼎-台中,2024-06-20,9184
2353,宏��,44,7,37,群益金鼎-台中,2024-06-20,9184
00712,復華富時不動產,35,0,35,群益金鼎-台中,2024-06-20,9184
00665L,富邦�琤肭磪囓�2,30,0,30,群益金鼎-台中,2024-06-20,9184
00642U,期元大S＆P石油,30,0,30,群益金鼎-台中,2024-06-20,9184
2883B,凱基金乙特,30,0,30,群益金鼎-台中,2024-06-20,9184
9105,泰金寶-DR,33,5,28,群益金鼎-台中,2024-06-20,9184
00853B,統一美債10年Aa-,26,0,26,群益金鼎-台中,2024-06-20,9184
00655L,國泰中國A50正2,26,0,26,群益金鼎-台中,2024-06-20,9184
00713,元大台灣高息低波,25,0,25,群益金鼎-台中,2024-06-20,9184
2392,正崴,36,12,24,群益金鼎-台中,2024-06-20,9184
3016,嘉晶,28,5,23,群益金鼎-台中,2024-06-20,9184
8096,擎亞,109,87,22,群益金鼎-台中,2024-06-20,9184
00772B,中信高評級公司債,25,3,22,群益金鼎-台中,2024-06-20,9184
6163,華電網,22,0,22,群益金鼎-台中,2024-06-20,9184
00881,國泰台灣5G+,23,1,22,群益金鼎-台中,2024-06-20,9184
1513,中興電,28,7,21,群益金鼎-台中,2024-06-20,9184
2101,南港,21,0,21,群益金鼎-台中,2024-06-20,9184
00671R,富邦NASDAQ反1,20,0,20,群益金鼎-台中,2024-06-20,9184
1603,華電,22,2,20,群益金鼎-台中,2024-06-20,9184
6456,GIS-KY,23,3,20,群益金鼎-台中,2024-06-20,9184
2886,兆豐金,22,3,19,群益金鼎-台中,2024-06-20,9184
4526,東台,161,142,19,群益金鼎-台中,2024-06-20,9184
00915,凱基優選高股息30,18,0,18,群益金鼎-台中,2024-06-20,9184
00885,富邦越南,18,0,18,群益金鼎-台中,2024-06-20,9184
2615,萬海,74,57,17,群益金鼎-台中,2024-06-20,9184
2323,中環,19,2,17,群益金鼎-台中,2024-06-20,9184
00664R,國泰臺灣加權反1,22,5,17,群益金鼎-台中,2024-06-20,9184
2887,台新金,17,1,16,群益金鼎-台中,2024-06-20,9184
00937B,群益ESG投等債20,1314,5,1309,群益金鼎-台中,2024-06-21,9184
2610,華航,515,8,507,群益金鼎-台中,2024-06-21,9184
2897A,王道銀甲特,280,0,280,群益金鼎-台中,2024-06-21,9184
3481,群創,349,195,154,群益金鼎-台中,2024-06-21,9184
00936,台新永續高息中小,130,5,125,群益金鼎-台中,2024-06-21,9184
00929,復華台灣科技優息,271,152,119,群益金鼎-台中,2024-06-21,9184
2317,鴻海,110,18,92,群益金鼎-台中,2024-06-21,9184
00637L,元大滬深300正2,71,1,70,群益金鼎-台中,2024-06-21,9184
00933B,國泰10Y+金融債,69,3,66,群益金鼎-台中,2024-06-21,9184
00713,元大台灣高息低波,65,2,63,群益金鼎-台中,2024-06-21,9184
00946,群益科技高息成長,111,50,61,群益金鼎-台中,2024-06-21,9184
00948B,中信優息投資級債,57,0,57,群益金鼎-台中,2024-06-21,9184
2349,錸德,55,0,55,群益金鼎-台中,2024-06-21,9184
00679B,元大美債20年,61,11,50,群益金鼎-台中,2024-06-21,9184
3019,亞光,41,3,38,群益金鼎-台中,2024-06-21,9184
00830,國泰費城半導體,36,0,36,群益金鼎-台中,2024-06-21,9184
2504,國產,34,0,34,群益金鼎-台中,2024-06-21,9184
2888,新光金,42,8,34,群益金鼎-台中,2024-06-21,9184
2382,廣達,48,16,32,群益金鼎-台中,2024-06-21,9184
2867,三商壽,31,0,31,群益金鼎-台中,2024-06-21,9184
00680L,元大美債20正2,29,0,29,群益金鼎-台中,2024-06-21,9184
2316,楠梓電,55,27,28,群益金鼎-台中,2024-06-21,9184
2353,宏��,24,1,23,群益金鼎-台中,2024-06-21,9184
1301,台塑,23,0,23,群益金鼎-台中,2024-06-21,9184
2618,長榮航,92,69,23,群益金鼎-台中,2024-06-21,9184
2609,陽明,136,114,22,群益金鼎-台中,2024-06-21,9184
6217,中探針,24,3,21,群益金鼎-台中,2024-06-21,9184
1529,樂事綠能,23,2,21,群益金鼎-台中,2024-06-21,9184
3406,玉晶光,22,1,21,群益金鼎-台中,2024-06-21,9184
00669R,國泰美國道瓊反1,20,0,20,群益金鼎-台中,2024-06-21,9184
1303,南亞,20,0,20,群益金鼎-台中,2024-06-21,9184
020027,元大上櫃ESG成長N,20,0,20,群益金鼎-台中,2024-06-21,9184
2611,志信,21,1,20,群益金鼎-台中,2024-06-21,9184
00878,國泰永續高股息,36,17,19,群益金鼎-台中,2024-06-21,9184
00857B,永豐20年美公債,20,2,18,群益金鼎-台中,2024-06-21,9184
2891,中信金,18,0,18,群益金鼎-台中,2024-06-21,9184
00940,元大台灣價值高息,59,42,17,群益金鼎-台中,2024-06-21,9184
6456,GIS-KY,19,3,16,群益金鼎-台中,2024-06-21,9184
3312,弘憶股,31,15,16,群益金鼎-台中,2024-06-21,9184
00881,國泰台灣5G+,32,16,16,群益金鼎-台中,2024-06-21,9184
00942B,台新美A公司債20+,22,7,15,群益金鼎-台中,2024-06-21,9184
2007,燁興,15,0,15,群益金鼎-台中,2024-06-21,9184
2388,威盛,17,2,15,群益金鼎-台中,2024-06-21,9184
2603,長榮,20,6,14,群益金鼎-台中,2024-06-21,9184
00885,富邦越南,14,0,14,群益金鼎-台中,2024-06-21,9184
2330,台積電,21,7,14,群益金鼎-台中,2024-06-21,9184
3227,原相,14,1,13,群益金鼎-台中,2024-06-21,9184
3088,艾訊,13,0,13,群益金鼎-台中,2024-06-21,9184
8085,福華,38,25,13,群益金鼎-台中,2024-06-21,9184
00753L,中信中國50正2,13,1,12,群益金鼎-台中,2024-06-21,9184
00937B,群益ESG投等債20,1237,133,1104,群益金鼎-台中,2024-06-24,9184
00929,復華台灣科技優息,558,141,417,群益金鼎-台中,2024-06-24,9184
00936,台新永續高息中小,290,45,245,群益金鼎-台中,2024-06-24,9184
00940,元大台灣價值高息,250,71,179,群益金鼎-台中,2024-06-24,9184
00942B,台新美A公司債20+,175,32,143,群益金鼎-台中,2024-06-24,9184
1326,台化,132,0,132,群益金鼎-台中,2024-06-24,9184
3481,群創,242,117,125,群益金鼎-台中,2024-06-24,9184
00687B,國泰20年美債,134,14,120,群益金鼎-台中,2024-06-24,9184
00923,群益台ESG低碳50,150,32,118,群益金鼎-台中,2024-06-24,9184
00946,群益科技高息成長,126,37,89,群益金鼎-台中,2024-06-24,9184
00947,台新臺灣IC設計,93,5,88,群益金鼎-台中,2024-06-24,9184
00720B,元大投資級公司債,84,0,84,群益金鼎-台中,2024-06-24,9184
00679B,元大美債20年,74,5,69,群益金鼎-台中,2024-06-24,9184
2618,長榮航,128,64,64,群益金鼎-台中,2024-06-24,9184
2349,錸德,65,4,61,群益金鼎-台中,2024-06-24,9184
1304,台聚,60,1,59,群益金鼎-台中,2024-06-24,9184
00915,凱基優選高股息30,71,13,58,群益金鼎-台中,2024-06-24,9184
00935,野村臺灣新科技50,58,0,58,群益金鼎-台中,2024-06-24,9184
3379,彬台,55,0,55,群益金鼎-台中,2024-06-24,9184
1308,亞聚,50,0,50,群益金鼎-台中,2024-06-24,9184
6443,元晶,50,2,48,群益金鼎-台中,2024-06-24,9184
2356,英業達,49,3,46,群益金鼎-台中,2024-06-24,9184
020027,元大上櫃ESG成長N,62,17,45,群益金鼎-台中,2024-06-24,9184
2317,鴻海,80,35,45,群益金鼎-台中,2024-06-24,9184
1603,華電,45,1,44,群益金鼎-台中,2024-06-24,9184
8110,華東,48,8,40,群益金鼎-台中,2024-06-24,9184
2330,台積電,63,23,40,群益金鼎-台中,2024-06-24,9184
8105,凌巨,274,236,38,群益金鼎-台中,2024-06-24,9184
2002,中鋼,37,2,35,群益金鼎-台中,2024-06-24,9184
00713,元大台灣高息低波,50,15,35,群益金鼎-台中,2024-06-24,9184
00650L,復華香港正2,33,0,33,群益金鼎-台中,2024-06-24,9184
00692,富邦公司治理,30,0,30,群益金鼎-台中,2024-06-24,9184
2887,台新金,30,0,30,群益金鼎-台中,2024-06-24,9184
00642U,期元大S＆P石油,30,0,30,群益金鼎-台中,2024-06-24,9184
4168,醣聯,33,4,29,群益金鼎-台中,2024-06-24,9184
00857B,永豐20年美公債,28,0,28,群益金鼎-台中,2024-06-24,9184
2492,華新科,28,1,27,群益金鼎-台中,2024-06-24,9184
1907,永豐餘,26,0,26,群益金鼎-台中,2024-06-24,9184
2027,大成鋼,28,3,25,群益金鼎-台中,2024-06-24,9184
2610,華航,110,86,24,群益金鼎-台中,2024-06-24,9184
2498,宏達電,26,2,24,群益金鼎-台中,2024-06-24,9184
1309,台達化,35,11,24,群益金鼎-台中,2024-06-24,9184
00675L,富邦臺灣加權正2,24,1,23,群益金鼎-台中,2024-06-24,9184
1319,東陽,23,0,23,群益金鼎-台中,2024-06-24,9184
2516,新建,24,1,23,群益金鼎-台中,2024-06-24,9184
4909,新復興,46,24,22,群益金鼎-台中,2024-06-24,9184
6165,浪凡,20,0,20,群益金鼎-台中,2024-06-24,9184
2615,萬海,61,42,19,群益金鼎-台中,2024-06-24,9184
1722,台肥,20,1,19,群益金鼎-台中,2024-06-24,9184
2371,大同,21,2,19,群益金鼎-台中,2024-06-24,9184
3481,群創,268,78,190,群益金鼎-台中,2024-06-25,9184
1611,中電,223,112,111,群益金鼎-台中,2024-06-25,9184
2887,台新金,105,10,95,群益金鼎-台中,2024-06-25,9184
00936,台新永續高息中小,164,85,79,群益金鼎-台中,2024-06-25,9184
1326,台化,92,20,72,群益金鼎-台中,2024-06-25,9184
1722,台肥,72,10,62,群益金鼎-台中,2024-06-25,9184
1102,亞泥,60,0,60,群益金鼎-台中,2024-06-25,9184
2618,長榮航,55,7,48,群益金鼎-台中,2024-06-25,9184
00675L,富邦臺灣加權正2,36,0,36,群益金鼎-台中,2024-06-25,9184
1473,台南,34,0,34,群益金鼎-台中,2024-06-25,9184
6005,群益證,33,0,33,群益金鼎-台中,2024-06-25,9184
00650L,復華香港正2,33,0,33,群益金鼎-台中,2024-06-25,9184
2406,國碩,35,2,33,群益金鼎-台中,2024-06-25,9184
00881,國泰台灣5G+,32,0,32,群益金鼎-台中,2024-06-25,9184
3037,欣興,32,0,32,群益金鼎-台中,2024-06-25,9184
00918,大華優利高填息30,34,2,32,群益金鼎-台中,2024-06-25,9184
1605,華新,33,1,32,群益金鼎-台中,2024-06-25,9184
2317,鴻海,79,47,32,群益金鼎-台中,2024-06-25,9184
4909,新復興,38,7,31,群益金鼎-台中,2024-06-25,9184
00907,永豐優息存股,30,0,30,群益金鼎-台中,2024-06-25,9184
5906,台南-KY,28,1,27,群益金鼎-台中,2024-06-25,9184
00669R,國泰美國道瓊反1,25,0,25,群益金鼎-台中,2024-06-25,9184
0056,元大高股息,27,2,25,群益金鼎-台中,2024-06-25,9184
00923,群益台ESG低碳50,62,38,24,群益金鼎-台中,2024-06-25,9184
00947,台新臺灣IC設計,51,27,24,群益金鼎-台中,2024-06-25,9184
00713,元大台灣高息低波,29,5,24,群益金鼎-台中,2024-06-25,9184
2641,正德,23,0,23,群益金鼎-台中,2024-06-25,9184
5905,南仁湖,22,1,21,群益金鼎-台中,2024-06-25,9184
2371,大同,45,24,21,群益金鼎-台中,2024-06-25,9184
2029,盛餘,20,0,20,群益金鼎-台中,2024-06-25,9184
00706L,期元大S＆P日圓正2,19,0,19,群益金鼎-台中,2024-06-25,9184
9105,泰金寶-DR,54,35,19,群益金鼎-台中,2024-06-25,9184
4526,東台,59,40,19,群益金鼎-台中,2024-06-25,9184
2303,聯電,21,3,18,群益金鼎-台中,2024-06-25,9184
1514,亞力,48,31,17,群益金鼎-台中,2024-06-25,9184
00927,群益半導體收益,16,0,16,群益金鼎-台中,2024-06-25,9184
5871,中租-KY,15,0,15,群益金鼎-台中,2024-06-25,9184
2543,皇昌,17,2,15,群益金鼎-台中,2024-06-25,9184
3006,晶豪科,18,4,14,群益金鼎-台中,2024-06-25,9184
00933B,國泰10Y+金融債,14,0,14,群益金鼎-台中,2024-06-25,9184
8110,華東,30,17,13,群益金鼎-台中,2024-06-25,9184
1522,堤維西,13,1,12,群益金鼎-台中,2024-06-25,9184
2412,中華電,12,0,12,群益金鼎-台中,2024-06-25,9184
3093,港建*,21,9,12,群益金鼎-台中,2024-06-25,9184
5484,慧友,12,0,12,群益金鼎-台中,2024-06-25,9184
1301,台塑,12,1,11,群益金鼎-台中,2024-06-25,9184
2504,國產,43,32,11,群益金鼎-台中,2024-06-25,9184
2472,立隆電,26,15,11,群益金鼎-台中,2024-06-25,9184
2382,廣達,45,34,11,群益金鼎-台中,2024-06-25,9184
2476,鉅祥,11,1,10,群益金鼎-台中,2024-06-25,9184
00929,復華台灣科技優息,263,11,252,群益金鼎-台中,2024-06-26,9184
00878,國泰永續高股息,218,5,213,群益金鼎-台中,2024-06-26,9184
00665L,富邦�琤肭磪囓�2,150,0,150,群益金鼎-台中,2024-06-26,9184
1722,台肥,163,28,135,群益金鼎-台中,2024-06-26,9184
00936,台新永續高息中小,163,46,117,群益金鼎-台中,2024-06-26,9184
00713,元大台灣高息低波,118,1,117,群益金鼎-台中,2024-06-26,9184
00948B,中信優息投資級債,107,2,105,群益金鼎-台中,2024-06-26,9184
00946,群益科技高息成長,140,40,100,群益金鼎-台中,2024-06-26,9184
00680L,元大美債20正2,100,0,100,群益金鼎-台中,2024-06-26,9184
1609,大亞,116,23,93,群益金鼎-台中,2024-06-26,9184
4533,協易機,86,0,86,群益金鼎-台中,2024-06-26,9184
00933B,國泰10Y+金融債,65,1,64,群益金鼎-台中,2024-06-26,9184
2891,中信金,52,0,52,群益金鼎-台中,2024-06-26,9184
00934,中信成長高股息,49,1,48,群益金鼎-台中,2024-06-26,9184
1785,光洋科,79,33,46,群益金鼎-台中,2024-06-26,9184
2317,鴻海,61,16,45,群益金鼎-台中,2024-06-26,9184
3481,群創,125,84,41,群益金鼎-台中,2024-06-26,9184
2409,友達,80,41,39,群益金鼎-台中,2024-06-26,9184
1326,台化,160,122,38,群益金鼎-台中,2024-06-26,9184
3535,晶彩科,79,42,37,群益金鼎-台中,2024-06-26,9184
2374,佳能,39,3,36,群益金鼎-台中,2024-06-26,9184
5328,華容,35,0,35,群益金鼎-台中,2024-06-26,9184
2352,佳世達,43,8,35,群益金鼎-台中,2024-06-26,9184
00881,國泰台灣5G+,40,6,34,群益金鼎-台中,2024-06-26,9184
00772B,中信高評級公司債,32,0,32,群益金鼎-台中,2024-06-26,9184
2888,新光金,30,0,30,群益金鼎-台中,2024-06-26,9184
00945B,凱基美國非投等債,30,0,30,群益金鼎-台中,2024-06-26,9184
00850,元大臺灣ESG永續,30,0,30,群益金鼎-台中,2024-06-26,9184
2303,聯電,33,4,29,群益金鼎-台中,2024-06-26,9184
9105,泰金寶-DR,35,6,29,群益金鼎-台中,2024-06-26,9184
00830,國泰費城半導體,32,4,28,群益金鼎-台中,2024-06-26,9184
1301,台塑,28,0,28,群益金鼎-台中,2024-06-26,9184
1718,中纖,28,0,28,群益金鼎-台中,2024-06-26,9184
4123,晟德,31,3,28,群益金鼎-台中,2024-06-26,9184
2618,長榮航,41,15,26,群益金鼎-台中,2024-06-26,9184
2615,萬海,35,9,26,群益金鼎-台中,2024-06-26,9184
00764B,群益25年美債,353,327,26,群益金鼎-台中,2024-06-26,9184
2002,中鋼,47,21,26,群益金鼎-台中,2024-06-26,9184
2406,國碩,64,40,24,群益金鼎-台中,2024-06-26,9184
00725B,國泰投資級公司債,24,0,24,群益金鼎-台中,2024-06-26,9184
1709,和益,438,414,24,群益金鼎-台中,2024-06-26,9184
00937B,群益ESG投等債20,59,35,24,群益金鼎-台中,2024-06-26,9184
5009,榮剛,24,2,22,群益金鼎-台中,2024-06-26,9184
9945,潤泰新,21,0,21,群益金鼎-台中,2024-06-26,9184
2610,華航,21,1,20,群益金鼎-台中,2024-06-26,9184
00671R,富邦NASDAQ反1,20,0,20,群益金鼎-台中,2024-06-26,9184
1605,華新,19,0,19,群益金鼎-台中,2024-06-26,9184
1603,華電,18,0,18,群益金鼎-台中,2024-06-26,9184
00795B,中信美國公債20年,17,0,17,群益金鼎-台中,2024-06-26,9184
2308,台達電,30,14,16,群益金鼎-台中,2024-06-26,9184
00948B,中信優息投資級債,319,0,319,群益金鼎-台中,2024-06-27,9184
00929,復華台灣科技優息,320,18,302,群益金鼎-台中,2024-06-27,9184
00937B,群益ESG投等債20,365,127,238,群益金鼎-台中,2024-06-27,9184
1722,台肥,223,0,223,群益金鼎-台中,2024-06-27,9184
00936,台新永續高息中小,211,0,211,群益金鼎-台中,2024-06-27,9184
00680L,元大美債20正2,149,10,139,群益金鼎-台中,2024-06-27,9184
00679B,元大美債20年,103,1,102,群益金鼎-台中,2024-06-27,9184
2883,凱基金,126,30,96,群益金鼎-台中,2024-06-27,9184
020027,元大上櫃ESG成長N,80,0,80,群益金鼎-台中,2024-06-27,9184
00713,元大台灣高息低波,56,1,55,群益金鼎-台中,2024-06-27,9184
2618,長榮航,166,112,54,群益金鼎-台中,2024-06-27,9184
00687B,國泰20年美債,88,40,48,群益金鼎-台中,2024-06-27,9184
00933B,國泰10Y+金融債,58,13,45,群益金鼎-台中,2024-06-27,9184
00942B,台新美A公司債20+,44,0,44,群益金鼎-台中,2024-06-27,9184
1609,大亞,58,17,41,群益金鼎-台中,2024-06-27,9184
00720B,元大投資級公司債,40,0,40,群益金鼎-台中,2024-06-27,9184
2883B,凱基金乙特,40,0,40,群益金鼎-台中,2024-06-27,9184
2312,金寶,41,4,37,群益金鼎-台中,2024-06-27,9184
00830,國泰費城半導體,37,0,37,群益金鼎-台中,2024-06-27,9184
2489,瑞軒,395,360,35,群益金鼎-台中,2024-06-27,9184
6869,雲豹能源,74,44,30,群益金鼎-台中,2024-06-27,9184
00878,國泰永續高股息,30,2,28,群益金鼎-台中,2024-06-27,9184
2002,中鋼,27,0,27,群益金鼎-台中,2024-06-27,9184
8234,新漢,25,0,25,群益金鼎-台中,2024-06-27,9184
00795B,中信美國公債20年,28,4,24,群益金鼎-台中,2024-06-27,9184
1709,和益,65,42,23,群益金鼎-台中,2024-06-27,9184
3047,訊舟,236,214,22,群益金鼎-台中,2024-06-27,9184
2331,精英,21,0,21,群益金鼎-台中,2024-06-27,9184
9904,寶成,20,0,20,群益金鼎-台中,2024-06-27,9184
4533,協易機,30,10,20,群益金鼎-台中,2024-06-27,9184
3481,群創,145,125,20,群益金鼎-台中,2024-06-27,9184
4157,太景*-KY,21,1,20,群益金鼎-台中,2024-06-27,9184
6167,久正,20,0,20,群益金鼎-台中,2024-06-27,9184
5371,中光電,23,5,18,群益金鼎-台中,2024-06-27,9184
2867,三商壽,20,4,16,群益金鼎-台中,2024-06-27,9184
00882,中信中國高股息,28,12,16,群益金鼎-台中,2024-06-27,9184
00946,群益科技高息成長,55,38,17,群益金鼎-台中,2024-06-27,9184
00706L,期元大S＆P日圓正2,15,0,15,群益金鼎-台中,2024-06-27,9184
2467,志聖,35,21,14,群益金鼎-台中,2024-06-27,9184
3339,泰谷,20,6,14,群益金鼎-台中,2024-06-27,9184
00931B,統一美債20年,15,1,14,群益金鼎-台中,2024-06-27,9184
00772B,中信高評級公司債,14,1,13,群益金鼎-台中,2024-06-27,9184
00725B,國泰投資級公司債,13,0,13,群益金鼎-台中,2024-06-27,9184
2885,元大金,13,0,13,群益金鼎-台中,2024-06-27,9184
3006,晶豪科,40,28,12,群益金鼎-台中,2024-06-27,9184
2363,矽統,13,1,12,群益金鼎-台中,2024-06-27,9184
2323,中環,12,0,12,群益金鼎-台中,2024-06-27,9184
5534,長虹,16,4,12,群益金鼎-台中,2024-06-27,9184
2882,國泰金,14,3,11,群益金鼎-台中,2024-06-27,9184
2354,鴻準,13,2,11,群益金鼎-台中,2024-06-27,9184
00929,復華台灣科技優息,405,19,386,群益金鼎-台中,2024-06-28,9184
00937B,群益ESG投等債20,350,171,179,群益金鼎-台中,2024-06-28,9184
00948B,中信優息投資級債,124,2,122,群益金鼎-台中,2024-06-28,9184
00632R,元大台灣50反1,113,0,113,群益金鼎-台中,2024-06-28,9184
00720B,元大投資級公司債,128,47,81,群益金鼎-台中,2024-06-28,9184
2883,凱基金,75,18,57,群益金鼎-台中,2024-06-28,9184
9105,泰金寶-DR,48,0,48,群益金鼎-台中,2024-06-28,9184
4707,磐亞,48,0,48,群益金鼎-台中,2024-06-28,9184
3048,益登,52,13,39,群益金鼎-台中,2024-06-28,9184
5534,長虹,37,0,37,群益金鼎-台中,2024-06-28,9184
00687B,國泰20年美債,51,18,33,群益金鼎-台中,2024-06-28,9184
8064,東捷,62,30,32,群益金鼎-台中,2024-06-28,9184
9958,世紀鋼,43,13,30,群益金鼎-台中,2024-06-28,9184
00719B,元大美債1-3,30,0,30,群益金鼎-台中,2024-06-28,9184
1402,遠東新,30,0,30,群益金鼎-台中,2024-06-28,9184
4142,國光生,30,0,30,群益金鼎-台中,2024-06-28,9184
2610,華航,124,94,30,群益金鼎-台中,2024-06-28,9184
00713,元大台灣高息低波,26,0,26,群益金鼎-台中,2024-06-28,9184
3481,群創,28,3,25,群益金鼎-台中,2024-06-28,9184
00936,台新永續高息中小,35,10,25,群益金鼎-台中,2024-06-28,9184
00680L,元大美債20正2,61,37,24,群益金鼎-台中,2024-06-28,9184
00919,群益台灣精選高息,29,6,23,群益金鼎-台中,2024-06-28,9184
4533,協易機,30,7,23,群益金鼎-台中,2024-06-28,9184
6207,雷科,23,1,22,群益金鼎-台中,2024-06-28,9184
00830,國泰費城半導體,22,0,22,群益金鼎-台中,2024-06-28,9184
3149,正達,22,1,21,群益金鼎-台中,2024-06-28,9184
00671R,富邦NASDAQ反1,20,0,20,群益金鼎-台中,2024-06-28,9184
4576,大銀微系統,20,0,20,群益金鼎-台中,2024-06-28,9184
2352,佳世達,19,0,19,群益金鼎-台中,2024-06-28,9184
2301,光寶科,35,16,19,群益金鼎-台中,2024-06-28,9184
3703,欣陸,18,1,17,群益金鼎-台中,2024-06-28,9184
2464,盟立,37,20,17,群益金鼎-台中,2024-06-28,9184
2344,華邦電,22,6,16,群益金鼎-台中,2024-06-28,9184
3260,威剛,16,0,16,群益金鼎-台中,2024-06-28,9184
2337,旺宏,16,0,16,群益金鼎-台中,2024-06-28,9184
6125,廣運,19,4,15,群益金鼎-台中,2024-06-28,9184
3062,建漢,23,8,15,群益金鼎-台中,2024-06-28,9184
00712,復華富時不動產,14,0,14,群益金鼎-台中,2024-06-28,9184
1609,大亞,50,36,14,群益金鼎-台中,2024-06-28,9184
1806,冠軍,15,1,14,群益金鼎-台中,2024-06-28,9184
2882,國泰金,18,4,14,群益金鼎-台中,2024-06-28,9184
3413,京鼎,13,0,13,群益金鼎-台中,2024-06-28,9184
6215,和椿,27,15,12,群益金鼎-台中,2024-06-28,9184
8935,邦泰,12,0,12,群益金鼎-台中,2024-06-28,9184
2406,國碩,63,51,12,群益金鼎-台中,2024-06-28,9184
2354,鴻準,34,22,12,群益金鼎-台中,2024-06-28,9184
2303,聯電,16,5,11,群益金鼎-台中,2024-06-28,9184
6166,凌華,13,2,11,群益金鼎-台中,2024-06-28,9184
8087,麗升能源,11,0,11,群益金鼎-台中,2024-06-28,9184
6617,共信-KY,11,0,11,群益金鼎-台中,2024-06-28,9184
00937B,群益ESG投等債20,995,237,758,群益金鼎-台中,2024-07-01,9184
00929,復華台灣科技優息,337,40,297,群益金鼎-台中,2024-07-01,9184
00632R,元大台灣50反1,228,30,198,群益金鼎-台中,2024-07-01,9184
00948B,中信優息投資級債,168,4,164,群益金鼎-台中,2024-07-01,9184
6244,茂迪,165,9,156,群益金鼎-台中,2024-07-01,9184
00642U,期元大S＆P石油,102,0,102,群益金鼎-台中,2024-07-01,9184
00679B,元大美債20年,101,1,100,群益金鼎-台中,2024-07-01,9184
00725B,國泰投資級公司債,93,0,93,群益金鼎-台中,2024-07-01,9184
00720B,元大投資級公司債,161,80,81,群益金鼎-台中,2024-07-01,9184
2537,聯上發,443,367,76,群益金鼎-台中,2024-07-01,9184
00936,台新永續高息中小,84,11,73,群益金鼎-台中,2024-07-01,9184
00795B,中信美國公債20年,69,0,69,群益金鼎-台中,2024-07-01,9184
4564,元翎,62,0,62,群益金鼎-台中,2024-07-01,9184
00687B,國泰20年美債,99,45,54,群益金鼎-台中,2024-07-01,9184
00751B,元大AAA至A公司債,134,80,54,群益金鼎-台中,2024-07-01,9184
2365,昆盈,188,136,52,群益金鼎-台中,2024-07-01,9184
00680L,元大美債20正2,101,51,50,群益金鼎-台中,2024-07-01,9184
00637L,元大滬深300正2,51,1,50,群益金鼎-台中,2024-07-01,9184
00946,群益科技高息成長,124,75,49,群益金鼎-台中,2024-07-01,9184
2312,金寶,60,12,48,群益金鼎-台中,2024-07-01,9184
6546,正基,46,0,46,群益金鼎-台中,2024-07-01,9184
2883B,凱基金乙特,41,0,41,群益金鼎-台中,2024-07-01,9184
1473,台南,40,0,40,群益金鼎-台中,2024-07-01,9184
020027,元大上櫃ESG成長N,40,0,40,群益金鼎-台中,2024-07-01,9184
00662,富邦NASDAQ,38,0,38,群益金鼎-台中,2024-07-01,9184
1504,東元,37,3,34,群益金鼎-台中,2024-07-01,9184
0056,元大高股息,34,1,33,群益金鼎-台中,2024-07-01,9184
4533,協易機,47,16,31,群益金鼎-台中,2024-07-01,9184
2367,燿華,44,14,30,群益金鼎-台中,2024-07-01,9184
2313,華通,31,5,26,群益金鼎-台中,2024-07-01,9184
6753,龍德造船,46,20,26,群益金鼎-台中,2024-07-01,9184
3048,益登,45,23,22,群益金鼎-台中,2024-07-01,9184
2498,宏達電,22,0,22,群益金鼎-台中,2024-07-01,9184
2464,盟立,85,63,22,群益金鼎-台中,2024-07-01,9184
00713,元大台灣高息低波,22,1,21,群益金鼎-台中,2024-07-01,9184
3289,宜特,23,2,21,群益金鼎-台中,2024-07-01,9184
2374,佳能,39,18,21,群益金鼎-台中,2024-07-01,9184
2382,廣達,36,16,20,群益金鼎-台中,2024-07-01,9184
00933B,國泰10Y+金融債,68,48,20,群益金鼎-台中,2024-07-01,9184
9934,成霖,20,0,20,群益金鼎-台中,2024-07-01,9184
00945B,凱基美國非投等債,20,0,20,群益金鼎-台中,2024-07-01,9184
2101,南港,18,1,17,群益金鼎-台中,2024-07-01,9184
2362,藍天,21,5,16,群益金鼎-台中,2024-07-01,9184
3338,泰碩,19,3,16,群益金鼎-台中,2024-07-01,9184
1314,中石化,15,0,15,群益金鼎-台中,2024-07-01,9184
2609,陽明,56,42,14,群益金鼎-台中,2024-07-01,9184
1414,東和,14,0,14,群益金鼎-台中,2024-07-01,9184
5880,合庫金,20,6,14,群益金鼎-台中,2024-07-01,9184
8028,昇陽半導體,70,57,13,群益金鼎-台中,2024-07-01,9184
2359,所羅門,40,27,13,群益金鼎-台中,2024-07-01,9184
00934,中信成長高股息,728,56,672,群益金鼎-台中,2024-07-02,9184
0056,元大高股息,330,6,324,群益金鼎-台中,2024-07-02,9184
00929,復華台灣科技優息,388,220,168,群益金鼎-台中,2024-07-02,9184
2303,聯電,139,10,129,群益金鼎-台中,2024-07-02,9184
00927,群益半導體收益,109,0,109,群益金鼎-台中,2024-07-02,9184
4564,元翎,85,0,85,群益金鼎-台中,2024-07-02,9184
00725B,國泰投資級公司債,170,89,81,群益金鼎-台中,2024-07-02,9184
00680L,元大美債20正2,209,130,79,群益金鼎-台中,2024-07-02,9184
2317,鴻海,93,15,78,群益金鼎-台中,2024-07-02,9184
00679B,元大美債20年,74,0,74,群益金鼎-台中,2024-07-02,9184
00948B,中信優息投資級債,70,0,70,群益金鼎-台中,2024-07-02,9184
1722,台肥,91,22,69,群益金鼎-台中,2024-07-02,9184
9105,泰金寶-DR,90,24,66,群益金鼎-台中,2024-07-02,9184
6443,元晶,111,55,56,群益金鼎-台中,2024-07-02,9184
00942B,台新美A公司債20+,63,10,53,群益金鼎-台中,2024-07-02,9184
6505,台塑化,49,0,49,群益金鼎-台中,2024-07-02,9184
2312,金寶,41,1,40,群益金鼎-台中,2024-07-02,9184
1309,台達化,40,0,40,群益金鼎-台中,2024-07-02,9184
2897A,王道銀甲特,40,0,40,群益金鼎-台中,2024-07-02,9184
00712,復華富時不動產,39,0,39,群益金鼎-台中,2024-07-02,9184
3062,建漢,40,2,38,群益金鼎-台中,2024-07-02,9184
00878,國泰永續高股息,41,3,38,群益金鼎-台中,2024-07-02,9184
00687B,國泰20年美債,48,11,37,群益金鼎-台中,2024-07-02,9184
1326,台化,35,0,35,群益金鼎-台中,2024-07-02,9184
00923,群益台ESG低碳50,55,20,35,群益金鼎-台中,2024-07-02,9184
00669R,國泰美國道瓊反1,30,0,30,群益金鼎-台中,2024-07-02,9184
00850,元大臺灣ESG永續,30,1,29,群益金鼎-台中,2024-07-02,9184
5426,振發,28,2,26,群益金鼎-台中,2024-07-02,9184
2365,昆盈,76,50,26,群益金鼎-台中,2024-07-02,9184
3535,晶彩科,78,54,24,群益金鼎-台中,2024-07-02,9184
00940,元大台灣價值高息,60,37,23,群益金鼎-台中,2024-07-02,9184
00662,富邦NASDAQ,22,0,22,群益金鼎-台中,2024-07-02,9184
2367,燿華,23,1,22,群益金鼎-台中,2024-07-02,9184
2888,新光金,35,13,22,群益金鼎-台中,2024-07-02,9184
6901,鑽石投資,21,0,21,群益金鼎-台中,2024-07-02,9184
2405,輔信,181,160,21,群益金鼎-台中,2024-07-02,9184
4721,美琪瑪,32,12,20,群益金鼎-台中,2024-07-02,9184
00905,FT臺灣Smart,20,0,20,群益金鼎-台中,2024-07-02,9184
3591,艾笛森,30,10,20,群益金鼎-台中,2024-07-02,9184
00688L,國泰20年美債正2,20,0,20,群益金鼎-台中,2024-07-02,9184
00928,中信上櫃ESG30,20,0,20,群益金鼎-台中,2024-07-02,9184
1314,中石化,20,0,20,群益金鼎-台中,2024-07-02,9184
020027,元大上櫃ESG成長N,60,40,20,群益金鼎-台中,2024-07-02,9184
3380,明泰,20,0,20,群益金鼎-台中,2024-07-02,9184
2354,鴻準,22,3,19,群益金鼎-台中,2024-07-02,9184
2702,華園,20,1,19,群益金鼎-台中,2024-07-02,9184
00919,群益台灣精選高息,108,89,19,群益金鼎-台中,2024-07-02,9184
2201,裕隆,17,0,17,群益金鼎-台中,2024-07-02,9184
00947,台新臺灣IC設計,50,33,17,群益金鼎-台中,2024-07-02,9184
6806,森崴能源,30,13,17,群益金鼎-台中,2024-07-02,9184
00687B,國泰20年美債,407,1,406,群益金鼎-台中,2024-07-03,9184
00934,中信成長高股息,301,12,289,群益金鼎-台中,2024-07-03,9184
00929,復華台灣科技優息,249,26,223,群益金鼎-台中,2024-07-03,9184
00725B,國泰投資級公司債,339,139,200,群益金鼎-台中,2024-07-03,9184
0056,元大高股息,201,7,194,群益金鼎-台中,2024-07-03,9184
00632R,元大台灣50反1,131,0,131,群益金鼎-台中,2024-07-03,9184
00935,野村臺灣新科技50,198,95,103,群益金鼎-台中,2024-07-03,9184
00679B,元大美債20年,87,0,87,群益金鼎-台中,2024-07-03,9184
3576,聯合再生,269,188,81,群益金鼎-台中,2024-07-03,9184
2897A,王道銀甲特,80,0,80,群益金鼎-台中,2024-07-03,9184
00680L,元大美債20正2,126,50,76,群益金鼎-台中,2024-07-03,9184
00937B,群益ESG投等債20,216,144,72,群益金鼎-台中,2024-07-03,9184
5880,合庫金,70,2,68,群益金鼎-台中,2024-07-03,9184
00936,台新永續高息中小,67,6,61,群益金鼎-台中,2024-07-03,9184
2618,長榮航,75,23,52,群益金鼎-台中,2024-07-03,9184
00665L,富邦�琤肭磪囓�2,50,0,50,群益金鼎-台中,2024-07-03,9184
2409,友達,46,0,46,群益金鼎-台中,2024-07-03,9184
2317,鴻海,58,22,36,群益金鼎-台中,2024-07-03,9184
2906,高林,96,61,35,群益金鼎-台中,2024-07-03,9184
1722,台肥,155,120,35,群益金鼎-台中,2024-07-03,9184
6282,康舒,57,23,34,群益金鼎-台中,2024-07-03,9184
2444,兆勁,34,0,34,群益金鼎-台中,2024-07-03,9184
1785,光洋科,53,20,33,群益金鼎-台中,2024-07-03,9184
00945B,凱基美國非投等債,30,0,30,群益金鼎-台中,2024-07-03,9184
3047,訊舟,99,70,29,群益金鼎-台中,2024-07-03,9184
00915,凱基優選高股息30,28,0,28,群益金鼎-台中,2024-07-03,9184
2520,冠德,21,0,21,群益金鼎-台中,2024-07-03,9184
3062,建漢,48,28,20,群益金鼎-台中,2024-07-03,9184
2537,聯上發,31,11,20,群益金鼎-台中,2024-07-03,9184
4564,元翎,20,0,20,群益金鼎-台中,2024-07-03,9184
3706,神達,38,19,19,群益金鼎-台中,2024-07-03,9184
00662,富邦NASDAQ,19,0,19,群益金鼎-台中,2024-07-03,9184
00927,群益半導體收益,20,1,19,群益金鼎-台中,2024-07-03,9184
8935,邦泰,18,0,18,群益金鼎-台中,2024-07-03,9184
3622,洋華,29,12,17,群益金鼎-台中,2024-07-03,9184
6443,元晶,135,118,17,群益金鼎-台中,2024-07-03,9184
6477,安集,61,45,16,群益金鼎-台中,2024-07-03,9184
1326,台化,110,94,16,群益金鼎-台中,2024-07-03,9184
1608,華榮,18,3,15,群益金鼎-台中,2024-07-03,9184
1806,冠軍,15,0,15,群益金鼎-台中,2024-07-03,9184
6213,聯茂,34,20,14,群益金鼎-台中,2024-07-03,9184
00688L,國泰20年美債正2,13,0,13,群益金鼎-台中,2024-07-03,9184
2406,國碩,47,34,13,群益金鼎-台中,2024-07-03,9184
4934,太極,13,1,12,群益金鼎-台中,2024-07-03,9184
2301,光寶科,20,8,12,群益金鼎-台中,2024-07-03,9184
9939,宏全,11,0,11,群益金鼎-台中,2024-07-03,9184
2359,所羅門,33,23,10,群益金鼎-台中,2024-07-03,9184
6742,澤米,10,0,10,群益金鼎-台中,2024-07-03,9184
6689,伊雲谷,11,1,10,群益金鼎-台中,2024-07-03,9184
5230,雷笛克光學,14,4,10,群益金鼎-台中,2024-07-03,9184
00632R,元大台灣50反1,495,35,460,群益金鼎-台中,2024-07-04,9184
00687B,國泰20年美債,145,19,126,群益金鼎-台中,2024-07-04,9184
00830,國泰費城半導體,109,2,107,群益金鼎-台中,2024-07-04,9184
00642U,期元大S＆P石油,100,9,91,群益金鼎-台中,2024-07-04,9184
00688L,國泰20年美債正2,90,0,90,群益金鼎-台中,2024-07-04,9184
3615,安可,103,27,76,群益金鼎-台中,2024-07-04,9184
00679B,元大美債20年,82,11,71,群益金鼎-台中,2024-07-04,9184
00671R,富邦NASDAQ反1,70,0,70,群益金鼎-台中,2024-07-04,9184
6005,群益證,62,0,62,群益金鼎-台中,2024-07-04,9184
3481,群創,102,47,55,群益金鼎-台中,2024-07-04,9184
00885,富邦越南,62,12,50,群益金鼎-台中,2024-07-04,9184
00720B,元大投資級公司債,50,0,50,群益金鼎-台中,2024-07-04,9184
00713,元大台灣高息低波,51,6,45,群益金鼎-台中,2024-07-04,9184
00934,中信成長高股息,45,0,45,群益金鼎-台中,2024-07-04,9184
020027,元大上櫃ESG成長N,100,60,40,群益金鼎-台中,2024-07-04,9184
2867,三商壽,65,25,40,群益金鼎-台中,2024-07-04,9184
2887,台新金,52,13,39,群益金鼎-台中,2024-07-04,9184
00919,群益台灣精選高息,328,289,39,群益金鼎-台中,2024-07-04,9184
4109,加捷生醫,49,14,35,群益金鼎-台中,2024-07-04,9184
00753L,中信中國50正2,32,0,32,群益金鼎-台中,2024-07-04,9184
2412,中華電,31,0,31,群益金鼎-台中,2024-07-04,9184
2323,中環,35,5,30,群益金鼎-台中,2024-07-04,9184
00725B,國泰投資級公司債,381,352,29,群益金鼎-台中,2024-07-04,9184
00945B,凱基美國非投等債,27,0,27,群益金鼎-台中,2024-07-04,9184
00751B,元大AAA至A公司債,30,4,26,群益金鼎-台中,2024-07-04,9184
2371,大同,38,13,25,群益金鼎-台中,2024-07-04,9184
3663,鑫科,56,31,25,群益金鼎-台中,2024-07-04,9184
00882,中信中國高股息,23,1,22,群益金鼎-台中,2024-07-04,9184
6698,旭暉應材,37,16,21,群益金鼎-台中,2024-07-04,9184
1701,中化,20,0,20,群益金鼎-台中,2024-07-04,9184
00676R,富邦臺灣加權反1,20,0,20,群益金鼎-台中,2024-07-04,9184
8935,邦泰,20,0,20,群益金鼎-台中,2024-07-04,9184
2324,仁寶,21,2,19,群益金鼎-台中,2024-07-04,9184
2442,新美齊,20,1,19,群益金鼎-台中,2024-07-04,9184
2489,瑞軒,23,5,18,群益金鼎-台中,2024-07-04,9184
8383,千附,19,2,17,群益金鼎-台中,2024-07-04,9184
3229,晟鈦,17,0,17,群益金鼎-台中,2024-07-04,9184
4588,玖鼎電力,19,2,17,群益金鼎-台中,2024-07-04,9184
2801,彰銀,17,1,16,群益金鼎-台中,2024-07-04,9184
1815,富喬,75,59,16,群益金鼎-台中,2024-07-04,9184
8163,達方,15,0,15,群益金鼎-台中,2024-07-04,9184
1473,台南,15,0,15,群益金鼎-台中,2024-07-04,9184
2367,燿華,39,25,14,群益金鼎-台中,2024-07-04,9184
5392,能率,31,17,14,群益金鼎-台中,2024-07-04,9184
2374,佳能,32,18,14,群益金鼎-台中,2024-07-04,9184
2402,毅嘉,18,4,14,群益金鼎-台中,2024-07-04,9184
00655L,國泰中國A50正2,16,2,14,群益金鼎-台中,2024-07-04,9184
5312,寶島科,14,0,14,群益金鼎-台中,2024-07-04,9184
3576,聯合再生,58,45,13,群益金鼎-台中,2024-07-04,9184
9105,泰金寶-DR,33,20,13,群益金鼎-台中,2024-07-04,9184
00934,中信成長高股息,100,5,95,群益金鼎-台中,2024-07-05,9184
00637L,元大滬深300正2,82,0,82,群益金鼎-台中,2024-07-05,9184
00929,復華台灣科技優息,88,23,65,群益金鼎-台中,2024-07-05,9184
00687B,國泰20年美債,74,18,56,群益金鼎-台中,2024-07-05,9184
00935,野村臺灣新科技50,96,50,46,群益金鼎-台中,2024-07-05,9184
00632R,元大台灣50反1,55,10,45,群益金鼎-台中,2024-07-05,9184
6457,紘康,40,0,40,群益金鼎-台中,2024-07-05,9184
5906,台南-KY,39,0,39,群益金鼎-台中,2024-07-05,9184
2352,佳世達,38,0,38,群益金鼎-台中,2024-07-05,9184
3707,漢磊,38,3,35,群益金鼎-台中,2024-07-05,9184
2317,鴻海,50,15,35,群益金鼎-台中,2024-07-05,9184
2543,皇昌,80,46,34,群益金鼎-台中,2024-07-05,9184
2812,台中銀,33,0,33,群益金鼎-台中,2024-07-05,9184
00937B,群益ESG投等債20,111,80,31,群益金鼎-台中,2024-07-05,9184
00882,中信中國高股息,35,4,31,群益金鼎-台中,2024-07-05,9184
6182,合晶,30,0,30,群益金鼎-台中,2024-07-05,9184
6217,中探針,35,5,30,群益金鼎-台中,2024-07-05,9184
9105,泰金寶-DR,95,66,29,群益金鼎-台中,2024-07-05,9184
00725B,國泰投資級公司債,384,356,28,群益金鼎-台中,2024-07-05,9184
2356,英業達,43,18,25,群益金鼎-台中,2024-07-05,9184
1521,大億,25,0,25,群益金鼎-台中,2024-07-05,9184
2603,長榮,27,2,25,群益金鼎-台中,2024-07-05,9184
6005,群益證,24,1,23,群益金鼎-台中,2024-07-05,9184
1609,大亞,23,0,23,群益金鼎-台中,2024-07-05,9184
00946,群益科技高息成長,30,7,23,群益金鼎-台中,2024-07-05,9184
00679B,元大美債20年,24,1,23,群益金鼎-台中,2024-07-05,9184
3490,單井,26,3,23,群益金鼎-台中,2024-07-05,9184
2834,臺企銀,23,1,22,群益金鼎-台中,2024-07-05,9184
00927,群益半導體收益,22,0,22,群益金鼎-台中,2024-07-05,9184
3498,陽程,65,43,22,群益金鼎-台中,2024-07-05,9184
2618,長榮航,45,24,21,群益金鼎-台中,2024-07-05,9184
3494,誠研,21,0,21,群益金鼎-台中,2024-07-05,9184
00895,富邦未來車,21,0,21,群益金鼎-台中,2024-07-05,9184
2511,太子,21,0,21,群益金鼎-台中,2024-07-05,9184
2371,大同,32,12,20,群益金鼎-台中,2024-07-05,9184
8092,建暐,20,0,20,群益金鼎-台中,2024-07-05,9184
6706,惠特,23,5,18,群益金鼎-台中,2024-07-05,9184
4109,加捷生醫,21,4,17,群益金鼎-台中,2024-07-05,9184
2353,宏��,18,2,16,群益金鼎-台中,2024-07-05,9184
3094,聯傑,16,0,16,群益金鼎-台中,2024-07-05,9184
2365,昆盈,63,47,16,群益金鼎-台中,2024-07-05,9184
2883,凱基金,31,15,16,群益金鼎-台中,2024-07-05,9184
1434,福懋,15,0,15,群益金鼎-台中,2024-07-05,9184
3372,典範,19,4,15,群益金鼎-台中,2024-07-05,9184
2109,華豐,17,2,15,群益金鼎-台中,2024-07-05,9184
4562,穎漢,23,8,15,群益金鼎-台中,2024-07-05,9184
4526,東台,29,15,14,群益金鼎-台中,2024-07-05,9184
3037,欣興,15,1,14,群益金鼎-台中,2024-07-05,9184
6152,百一,14,0,14,群益金鼎-台中,2024-07-05,9184
2303,聯電,14,0,14,群益金鼎-台中,2024-07-05,9184
1722,台肥,263,1,262,群益金鼎-台中,2024-07-08,9184
00934,中信成長高股息,187,20,167,群益金鼎-台中,2024-07-08,9184
2618,長榮航,163,39,124,群益金鼎-台中,2024-07-08,9184
8936,國統,105,3,102,群益金鼎-台中,2024-07-08,9184
0056,元大高股息,87,3,84,群益金鼎-台中,2024-07-08,9184
2363,矽統,100,24,76,群益金鼎-台中,2024-07-08,9184
2812,台中銀,87,15,72,群益金鼎-台中,2024-07-08,9184
3481,群創,134,62,72,群益金鼎-台中,2024-07-08,9184
00936,台新永續高息中小,77,9,68,群益金鼎-台中,2024-07-08,9184
00937B,群益ESG投等債20,115,50,65,群益金鼎-台中,2024-07-08,9184
2412,中華電,65,3,62,群益金鼎-台中,2024-07-08,9184
00929,復華台灣科技優息,380,324,56,群益金鼎-台中,2024-07-08,9184
1609,大亞,72,18,54,群益金鼎-台中,2024-07-08,9184
00680L,元大美債20正2,54,0,54,群益金鼎-台中,2024-07-08,9184
00648R,元大S＆P500反1,50,0,50,群益金鼎-台中,2024-07-08,9184
2354,鴻準,133,84,49,群益金鼎-台中,2024-07-08,9184
2438,翔耀,47,0,47,群益金鼎-台中,2024-07-08,9184
00713,元大台灣高息低波,47,1,46,群益金鼎-台中,2024-07-08,9184
2610,華航,63,22,41,群益金鼎-台中,2024-07-08,9184
00687B,國泰20年美債,38,1,37,群益金鼎-台中,2024-07-08,9184
2427,三商電,36,3,33,群益金鼎-台中,2024-07-08,9184
2374,佳能,73,43,30,群益金鼎-台中,2024-07-08,9184
00942B,台新美A公司債20+,30,0,30,群益金鼎-台中,2024-07-08,9184
00671R,富邦NASDAQ反1,30,0,30,群益金鼎-台中,2024-07-08,9184
4906,正文,35,6,29,群益金鼎-台中,2024-07-08,9184
1536,和大,71,42,29,群益金鼎-台中,2024-07-08,9184
3045,台灣大,25,1,24,群益金鼎-台中,2024-07-08,9184
8028,昇陽半導體,47,25,22,群益金鼎-台中,2024-07-08,9184
2201,裕隆,22,1,21,群益金鼎-台中,2024-07-08,9184
00882,中信中國高股息,21,0,21,群益金鼎-台中,2024-07-08,9184
1504,東元,25,4,21,群益金鼎-台中,2024-07-08,9184
4533,協易機,21,1,20,群益金鼎-台中,2024-07-08,9184
3049,精金,20,0,20,群益金鼎-台中,2024-07-08,9184
00673R,期元大S＆P原油反1,20,0,20,群益金鼎-台中,2024-07-08,9184
6603,富強鑫,20,0,20,群益金鼎-台中,2024-07-08,9184
020027,元大上櫃ESG成長N,40,20,20,群益金鼎-台中,2024-07-08,9184
9958,世紀鋼,20,0,20,群益金鼎-台中,2024-07-08,9184
2883,凱基金,39,20,19,群益金鼎-台中,2024-07-08,9184
2353,宏��,31,13,18,群益金鼎-台中,2024-07-08,9184
3059,華晶科,24,6,18,群益金鼎-台中,2024-07-08,9184
8112,至上,19,2,17,群益金鼎-台中,2024-07-08,9184
2323,中環,24,7,17,群益金鼎-台中,2024-07-08,9184
3535,晶彩科,61,44,17,群益金鼎-台中,2024-07-08,9184
3296,勝德,17,0,17,群益金鼎-台中,2024-07-08,9184
2365,昆盈,129,112,17,群益金鼎-台中,2024-07-08,9184
00911,兆豐洲際半導體,16,0,16,群益金鼎-台中,2024-07-08,9184
3483,力致,17,2,15,群益金鼎-台中,2024-07-08,9184
2615,萬海,36,21,15,群益金鼎-台中,2024-07-08,9184
00676R,富邦臺灣加權反1,25,10,15,群益金鼎-台中,2024-07-08,9184
2444,兆勁,15,0,15,群益金鼎-台中,2024-07-08,9184
00673R,期元大S＆P原油反1,500,0,500,群益金鼎-台中,2024-07-09,9184
2888,新光金,850,449,401,群益金鼎-台中,2024-07-09,9184
1722,台肥,134,0,134,群益金鼎-台中,2024-07-09,9184
00934,中信成長高股息,120,9,111,群益金鼎-台中,2024-07-09,9184
00905,FT臺灣Smart,99,0,99,群益金鼎-台中,2024-07-09,9184
00687B,國泰20年美債,102,17,85,群益金鼎-台中,2024-07-09,9184
2353,宏��,70,7,63,群益金鼎-台中,2024-07-09,9184
00720B,元大投資級公司債,94,33,61,群益金鼎-台中,2024-07-09,9184
00936,台新永續高息中小,55,0,55,群益金鼎-台中,2024-07-09,9184
00680L,元大美債20正2,50,0,50,群益金鼎-台中,2024-07-09,9184
3673,TPK-KY,90,41,49,群益金鼎-台中,2024-07-09,9184
2812,台中銀,44,0,44,群益金鼎-台中,2024-07-09,9184
4533,協易機,50,8,42,群益金鼎-台中,2024-07-09,9184
1618,合機,57,18,39,群益金鼎-台中,2024-07-09,9184
0056,元大高股息,42,4,38,群益金鼎-台中,2024-07-09,9184
3231,緯創,61,28,33,群益金鼎-台中,2024-07-09,9184
6152,百一,34,3,31,群益金鼎-台中,2024-07-09,9184
1217,愛之味,30,0,30,群益金鼎-台中,2024-07-09,9184
8105,凌巨,380,352,28,群益金鼎-台中,2024-07-09,9184
8215,明基材,28,0,28,群益金鼎-台中,2024-07-09,9184
2504,國產,27,0,27,群益金鼎-台中,2024-07-09,9184
00878,國泰永續高股息,40,14,26,群益金鼎-台中,2024-07-09,9184
1454,台富,26,0,26,群益金鼎-台中,2024-07-09,9184
2352,佳世達,23,0,23,群益金鼎-台中,2024-07-09,9184
3481,群創,40,17,23,群益金鼎-台中,2024-07-09,9184
2834,臺企銀,24,1,23,群益金鼎-台中,2024-07-09,9184
00881,國泰台灣5G+,27,5,22,群益金鼎-台中,2024-07-09,9184
2301,光寶科,23,1,22,群益金鼎-台中,2024-07-09,9184
2886,兆豐金,21,0,21,群益金鼎-台中,2024-07-09,9184
6005,群益證,34,14,20,群益金鼎-台中,2024-07-09,9184
2303,聯電,32,12,20,群益金鼎-台中,2024-07-09,9184
00671R,富邦NASDAQ反1,20,0,20,群益金鼎-台中,2024-07-09,9184
6167,久正,20,0,20,群益金鼎-台中,2024-07-09,9184
00648R,元大S＆P500反1,20,0,20,群益金鼎-台中,2024-07-09,9184
2515,中工,25,5,20,群益金鼎-台中,2024-07-09,9184
4960,誠美材,31,12,19,群益金鼎-台中,2024-07-09,9184
00927,群益半導體收益,25,7,18,群益金鼎-台中,2024-07-09,9184
8936,國統,23,5,18,群益金鼎-台中,2024-07-09,9184
2610,華航,21,4,17,群益金鼎-台中,2024-07-09,9184
2324,仁寶,15,0,15,群益金鼎-台中,2024-07-09,9184
1473,台南,20,5,15,群益金鼎-台中,2024-07-09,9184
00949,復華日本龍頭,14,1,13,群益金鼎-台中,2024-07-09,9184
2317,鴻海,74,61,13,群益金鼎-台中,2024-07-09,9184
4909,新復興,22,10,12,群益金鼎-台中,2024-07-09,9184
8096,擎亞,15,3,12,群益金鼎-台中,2024-07-09,9184
00891,中信關鍵半導體,15,3,12,群益金鼎-台中,2024-07-09,9184
3372,典範,15,3,12,群益金鼎-台中,2024-07-09,9184
2438,翔耀,12,0,12,群益金鼎-台中,2024-07-09,9184
2388,威盛,13,1,12,群益金鼎-台中,2024-07-09,9184
2417,圓剛,16,4,12,群益金鼎-台中,2024-07-09,9184
9105,泰金寶-DR,496,21,475,群益金鼎-台中,2024-07-10,9184
3707,漢磊,98,0,98,群益金鼎-台中,2024-07-10,9184
2344,華邦電,82,0,82,群益金鼎-台中,2024-07-10,9184
00929,復華台灣科技優息,113,62,51,群益金鼎-台中,2024-07-10,9184
00934,中信成長高股息,51,0,51,群益金鼎-台中,2024-07-10,9184
00650L,復華香港正2,50,0,50,群益金鼎-台中,2024-07-10,9184
00905,FT臺灣Smart,50,0,50,群益金鼎-台中,2024-07-10,9184
8450,霹靂,50,0,50,群益金鼎-台中,2024-07-10,9184
00937B,群益ESG投等債20,87,39,48,群益金鼎-台中,2024-07-10,9184
2464,盟立,132,90,42,群益金鼎-台中,2024-07-10,9184
020027,元大上櫃ESG成長N,40,0,40,群益金鼎-台中,2024-07-10,9184
1718,中纖,38,0,38,群益金鼎-台中,2024-07-10,9184
8112,至上,42,8,34,群益金鼎-台中,2024-07-10,9184
2312,金寶,68,39,29,群益金鼎-台中,2024-07-10,9184
2405,輔信,66,37,29,群益金鼎-台中,2024-07-10,9184
00933B,國泰10Y+金融債,27,0,27,群益金鼎-台中,2024-07-10,9184
4904,遠傳,27,1,26,群益金鼎-台中,2024-07-10,9184
2489,瑞軒,69,43,26,群益金鼎-台中,2024-07-10,9184
4979,華星光,45,20,25,群益金鼎-台中,2024-07-10,9184
00687B,國泰20年美債,33,8,25,群益金鼎-台中,2024-07-10,9184
00688L,國泰20年美債正2,24,0,24,群益金鼎-台中,2024-07-10,9184
1303,南亞,22,0,22,群益金鼎-台中,2024-07-10,9184
00725B,國泰投資級公司債,350,329,21,群益金鼎-台中,2024-07-10,9184
3048,益登,33,13,20,群益金鼎-台中,2024-07-10,9184
00680L,元大美債20正2,20,0,20,群益金鼎-台中,2024-07-10,9184
3535,晶彩科,20,0,20,群益金鼎-台中,2024-07-10,9184
1314,中石化,23,3,20,群益金鼎-台中,2024-07-10,9184
6603,富強鑫,21,1,20,群益金鼎-台中,2024-07-10,9184
5309,系統電,293,273,20,群益金鼎-台中,2024-07-10,9184
2543,皇昌,29,9,20,群益金鼎-台中,2024-07-10,9184
2353,宏��,60,41,19,群益金鼎-台中,2024-07-10,9184
2352,佳世達,19,0,19,群益金鼎-台中,2024-07-10,9184
2406,國碩,21,4,17,群益金鼎-台中,2024-07-10,9184
3706,神達,18,2,16,群益金鼎-台中,2024-07-10,9184
1608,華榮,20,4,16,群益金鼎-台中,2024-07-10,9184
00679B,元大美債20年,16,0,16,群益金鼎-台中,2024-07-10,9184
2881,富邦金,43,27,16,群益金鼎-台中,2024-07-10,9184
9958,世紀鋼,19,4,15,群益金鼎-台中,2024-07-10,9184
4909,新復興,25,10,15,群益金鼎-台中,2024-07-10,9184
00878,國泰永續高股息,21,8,13,群益金鼎-台中,2024-07-10,9184
5443,均豪,30,17,13,群益金鼎-台中,2024-07-10,9184
2615,萬海,35,22,13,群益金鼎-台中,2024-07-10,9184
2504,國產,12,0,12,群益金鼎-台中,2024-07-10,9184
2633,台灣高鐵,12,0,12,群益金鼎-台中,2024-07-10,9184
3537,堡達,14,2,12,群益金鼎-台中,2024-07-10,9184
00712,復華富時不動產,13,2,11,群益金鼎-台中,2024-07-10,9184
3231,緯創,28,17,11,群益金鼎-台中,2024-07-10,9184
00945B,凱基美國非投等債,11,0,11,群益金鼎-台中,2024-07-10,9184
4907,富宇,11,0,11,群益金鼎-台中,2024-07-10,9184
6126,信音,92,81,11,群益金鼎-台中,2024-07-10,9184
00632R,元大台灣50反1,291,50,241,群益金鼎-台中,2024-07-11,9184
00725B,國泰投資級公司債,562,449,113,群益金鼎-台中,2024-07-11,9184
00945B,凱基美國非投等債,110,0,110,群益金鼎-台中,2024-07-11,9184
00679B,元大美債20年,110,3,107,群益金鼎-台中,2024-07-11,9184
00936,台新永續高息中小,85,1,84,群益金鼎-台中,2024-07-11,9184
1314,中石化,83,0,83,群益金鼎-台中,2024-07-11,9184
00687B,國泰20年美債,69,0,69,群益金鼎-台中,2024-07-11,9184
00887,永豐中國科技50大,68,0,68,群益金鼎-台中,2024-07-11,9184
2537,聯上發,183,117,66,群益金鼎-台中,2024-07-11,9184
00905,FT臺灣Smart,65,2,63,群益金鼎-台中,2024-07-11,9184
00944,野村趨勢動能高息,60,2,58,群益金鼎-台中,2024-07-11,9184
00934,中信成長高股息,54,0,54,群益金鼎-台中,2024-07-11,9184
2349,錸德,65,12,53,群益金鼎-台中,2024-07-11,9184
2101,南港,41,0,41,群益金鼎-台中,2024-07-11,9184
00850,元大臺灣ESG永續,61,20,41,群益金鼎-台中,2024-07-11,9184
5469,瀚宇博,40,0,40,群益金鼎-台中,2024-07-11,9184
2365,昆盈,168,129,39,群益金鼎-台中,2024-07-11,9184
00950B,凱基A級公司債,34,0,34,群益金鼎-台中,2024-07-11,9184
6207,雷科,32,0,32,群益金鼎-台中,2024-07-11,9184
00927,群益半導體收益,34,2,32,群益金鼎-台中,2024-07-11,9184
00764B,群益25年美債,31,0,31,群益金鼎-台中,2024-07-11,9184
2886,兆豐金,31,0,31,群益金鼎-台中,2024-07-11,9184
00671R,富邦NASDAQ反1,30,0,30,群益金鼎-台中,2024-07-11,9184
00676R,富邦臺灣加權反1,30,0,30,群益金鼎-台中,2024-07-11,9184
00650L,復華香港正2,30,0,30,群益金鼎-台中,2024-07-11,9184
4414,如興,29,0,29,群益金鼎-台中,2024-07-11,9184
2867,三商壽,54,25,29,群益金鼎-台中,2024-07-11,9184
2641,正德,28,0,28,群益金鼎-台中,2024-07-11,9184
2353,宏��,100,73,27,群益金鼎-台中,2024-07-11,9184
00688L,國泰20年美債正2,27,0,27,群益金鼎-台中,2024-07-11,9184
00720B,元大投資級公司債,120,94,26,群益金鼎-台中,2024-07-11,9184
1609,大亞,74,48,26,群益金鼎-台中,2024-07-11,9184
1447,力鵬,32,7,25,群益金鼎-台中,2024-07-11,9184
00648R,元大S＆P500反1,25,0,25,群益金鼎-台中,2024-07-11,9184
3706,神達,52,28,24,群益金鼎-台中,2024-07-11,9184
1473,台南,22,0,22,群益金鼎-台中,2024-07-11,9184
2363,矽統,32,11,21,群益金鼎-台中,2024-07-11,9184
00795B,中信美國公債20年,70,50,20,群益金鼎-台中,2024-07-11,9184
00882,中信中國高股息,20,0,20,群益金鼎-台中,2024-07-11,9184
00751B,元大AAA至A公司債,100,80,20,群益金鼎-台中,2024-07-11,9184
2406,國碩,34,15,19,群益金鼎-台中,2024-07-11,9184
3062,建漢,27,8,19,群益金鼎-台中,2024-07-11,9184
3498,陽程,25,6,19,群益金鼎-台中,2024-07-11,9184
9939,宏全,19,1,18,群益金鼎-台中,2024-07-11,9184
00935,野村臺灣新科技50,51,33,18,群益金鼎-台中,2024-07-11,9184
2492,華新科,31,14,17,群益金鼎-台中,2024-07-11,9184
3059,華晶科,16,0,16,群益金鼎-台中,2024-07-11,9184
5202,力新,33,17,16,群益金鼎-台中,2024-07-11,9184
2002,中鋼,17,1,16,群益金鼎-台中,2024-07-11,9184
2382,廣達,23,8,15,群益金鼎-台中,2024-07-11,9184
00935,野村臺灣新科技50,591,120,471,群益金鼎-台中,2024-07-12,9184
00929,復華台灣科技優息,526,195,331,群益金鼎-台中,2024-07-12,9184
00919,群益台灣精選高息,290,99,191,群益金鼎-台中,2024-07-12,9184
2344,華邦電,144,3,141,群益金鼎-台中,2024-07-12,9184
8076,伍豐,140,10,130,群益金鼎-台中,2024-07-12,9184
2888,新光金,317,189,128,群益金鼎-台中,2024-07-12,9184
1536,和大,142,31,111,群益金鼎-台中,2024-07-12,9184
1718,中纖,111,0,111,群益金鼎-台中,2024-07-12,9184
00881,國泰台灣5G+,124,22,102,群益金鼎-台中,2024-07-12,9184
00642U,期元大S＆P石油,100,0,100,群益金鼎-台中,2024-07-12,9184
020027,元大上櫃ESG成長N,85,0,85,群益金鼎-台中,2024-07-12,9184
00679B,元大美債20年,80,11,69,群益金鼎-台中,2024-07-12,9184
00934,中信成長高股息,88,20,68,群益金鼎-台中,2024-07-12,9184
2891,中信金,64,2,62,群益金鼎-台中,2024-07-12,9184
2312,金寶,375,316,59,群益金鼎-台中,2024-07-12,9184
0050,元大台灣50,69,10,59,群益金鼎-台中,2024-07-12,9184
00931B,統一美債20年,60,3,57,群益金鼎-台中,2024-07-12,9184
2349,錸德,61,6,55,群益金鼎-台中,2024-07-12,9184
006208,富邦台50,62,11,51,群益金鼎-台中,2024-07-12,9184
00927,群益半導體收益,65,14,51,群益金鼎-台中,2024-07-12,9184
3047,訊舟,53,5,48,群益金鼎-台中,2024-07-12,9184
0056,元大高股息,40,0,40,群益金鼎-台中,2024-07-12,9184
00928,中信上櫃ESG30,38,0,38,群益金鼎-台中,2024-07-12,9184
2303,聯電,52,14,38,群益金鼎-台中,2024-07-12,9184
8935,邦泰,35,0,35,群益金鼎-台中,2024-07-12,9184
00662,富邦NASDAQ,34,0,34,群益金鼎-台中,2024-07-12,9184
0052,富邦科技,34,0,34,群益金鼎-台中,2024-07-12,9184
00948B,中信優息投資級債,32,1,31,群益金鼎-台中,2024-07-12,9184
6603,富強鑫,31,0,31,群益金鼎-台中,2024-07-12,9184
2317,鴻海,101,72,29,群益金鼎-台中,2024-07-12,9184
4109,加捷生醫,42,13,29,群益金鼎-台中,2024-07-12,9184
00850,元大臺灣ESG永續,151,126,25,群益金鼎-台中,2024-07-12,9184
3711,日月光投控,25,1,24,群益金鼎-台中,2024-07-12,9184
00830,國泰費城半導體,24,0,24,群益金鼎-台中,2024-07-12,9184
2383,台光電,23,0,23,群益金鼎-台中,2024-07-12,9184
00941,中信上游半導體,26,4,22,群益金鼎-台中,2024-07-12,9184
1597,直得,22,0,22,群益金鼎-台中,2024-07-12,9184
2610,華航,61,40,21,群益金鼎-台中,2024-07-12,9184
2330,台積電,33,12,21,群益金鼎-台中,2024-07-12,9184
5512,力麒,20,0,20,群益金鼎-台中,2024-07-12,9184
1611,中電,20,0,20,群益金鼎-台中,2024-07-12,9184
1304,台聚,27,7,20,群益金鼎-台中,2024-07-12,9184
2442,新美齊,20,0,20,群益金鼎-台中,2024-07-12,9184
2363,矽統,22,3,19,群益金鼎-台中,2024-07-12,9184
1101,台泥,35,17,18,群益金鼎-台中,2024-07-12,9184
00706L,期元大S＆P日圓正2,18,0,18,群益金鼎-台中,2024-07-12,9184
3706,神達,33,15,18,群益金鼎-台中,2024-07-12,9184
00923,群益台ESG低碳50,18,0,18,群益金鼎-台中,2024-07-12,9184
1815,富喬,41,24,17,群益金鼎-台中,2024-07-12,9184
2883,凱基金,22,5,17,群益金鼎-台中,2024-07-12,9184
00937B,群益ESG投等債20,207,6,201,群益金鼎-台中,2024-07-15,9184
00679B,元大美債20年,184,2,182,群益金鼎-台中,2024-07-15,9184
00632R,元大台灣50反1,180,20,160,群益金鼎-台中,2024-07-15,9184
2489,瑞軒,342,198,144,群益金鼎-台中,2024-07-15,9184
3481,群創,134,9,125,群益金鼎-台中,2024-07-15,9184
00665L,富邦�琤肭磪囓�2,110,0,110,群益金鼎-台中,2024-07-15,9184
00929,復華台灣科技優息,227,129,98,群益金鼎-台中,2024-07-15,9184
00934,中信成長高股息,106,17,89,群益金鼎-台中,2024-07-15,9184
00850,元大臺灣ESG永續,90,7,83,群益金鼎-台中,2024-07-15,9184
00919,群益台灣精選高息,205,129,76,群益金鼎-台中,2024-07-15,9184
1314,中石化,70,0,70,群益金鼎-台中,2024-07-15,9184
2888,新光金,154,87,67,群益金鼎-台中,2024-07-15,9184
1608,華榮,122,68,54,群益金鼎-台中,2024-07-15,9184
2392,正崴,61,11,50,群益金鼎-台中,2024-07-15,9184
2891,中信金,56,6,50,群益金鼎-台中,2024-07-15,9184
00935,野村臺灣新科技50,200,155,45,群益金鼎-台中,2024-07-15,9184
00936,台新永續高息中小,44,0,44,群益金鼎-台中,2024-07-15,9184
6005,群益證,37,0,37,群益金鼎-台中,2024-07-15,9184
00881,國泰台灣5G+,36,4,32,群益金鼎-台中,2024-07-15,9184
2515,中工,36,5,31,群益金鼎-台中,2024-07-15,9184
00687B,國泰20年美債,34,5,29,群益金鼎-台中,2024-07-15,9184
00720B,元大投資級公司債,29,0,29,群益金鼎-台中,2024-07-15,9184
2633,台灣高鐵,28,2,26,群益金鼎-台中,2024-07-15,9184
1513,中興電,59,34,25,群益金鼎-台中,2024-07-15,9184
4909,新復興,44,19,25,群益金鼎-台中,2024-07-15,9184
6548,長科*,24,0,24,群益金鼎-台中,2024-07-15,9184
2402,毅嘉,25,2,23,群益金鼎-台中,2024-07-15,9184
2356,英業達,44,22,22,群益金鼎-台中,2024-07-15,9184
1316,上曜,56,34,22,群益金鼎-台中,2024-07-15,9184
8105,凌巨,38,16,22,群益金鼎-台中,2024-07-15,9184
2070,精湛,29,8,21,群益金鼎-台中,2024-07-15,9184
1514,亞力,39,18,21,群益金鼎-台中,2024-07-15,9184
2312,金寶,208,188,20,群益金鼎-台中,2024-07-15,9184
5009,榮剛,20,0,20,群益金鼎-台中,2024-07-15,9184
1721,三晃,28,8,20,群益金鼎-台中,2024-07-15,9184
1718,中纖,20,0,20,群益金鼎-台中,2024-07-15,9184
1727,中華化,38,18,20,群益金鼎-台中,2024-07-15,9184
00669R,國泰美國道瓊反1,20,0,20,群益金鼎-台中,2024-07-15,9184
0056,元大高股息,65,45,20,群益金鼎-台中,2024-07-15,9184
3189,景碩,51,33,18,群益金鼎-台中,2024-07-15,9184
1815,富喬,29,11,18,群益金鼎-台中,2024-07-15,9184
6016,康和證,20,2,18,群益金鼎-台中,2024-07-15,9184
3047,訊舟,23,5,18,群益金鼎-台中,2024-07-15,9184
1616,億泰,40,22,18,群益金鼎-台中,2024-07-15,9184
5452,佶優,23,6,17,群益金鼎-台中,2024-07-15,9184
3596,智易,16,1,15,群益金鼎-台中,2024-07-15,9184
00947,台新臺灣IC設計,15,0,15,群益金鼎-台中,2024-07-15,9184
2329,華泰,15,0,15,群益金鼎-台中,2024-07-15,9184
2436,偉詮電,15,0,15,群益金鼎-台中,2024-07-15,9184
8011,台通,401,387,14,群益金鼎-台中,2024-07-15,9184
2610,華航,210,0,210,群益金鼎-台中,2024-07-16,9184
00929,復華台灣科技優息,402,262,140,群益金鼎-台中,2024-07-16,9184
00632R,元大台灣50反1,121,0,121,群益金鼎-台中,2024-07-16,9184
00919,群益台灣精選高息,274,163,111,群益金鼎-台中,2024-07-16,9184
5210,寶碩,98,0,98,群益金鼎-台中,2024-07-16,9184
00931B,統一美債20年,93,5,88,群益金鼎-台中,2024-07-16,9184
00882,中信中國高股息,84,0,84,群益金鼎-台中,2024-07-16,9184
00679B,元大美債20年,80,14,66,群益金鼎-台中,2024-07-16,9184
00934,中信成長高股息,71,10,61,群益金鼎-台中,2024-07-16,9184
00936,台新永續高息中小,56,1,55,群益金鼎-台中,2024-07-16,9184
2363,矽統,57,12,45,群益金鼎-台中,2024-07-16,9184
1303,南亞,44,0,44,群益金鼎-台中,2024-07-16,9184
2317,鴻海,60,17,43,群益金鼎-台中,2024-07-16,9184
2101,南港,44,2,42,群益金鼎-台中,2024-07-16,9184
00933B,國泰10Y+金融債,40,0,40,群益金鼎-台中,2024-07-16,9184
9945,潤泰新,45,5,40,群益金鼎-台中,2024-07-16,9184
1473,台南,55,16,39,群益金鼎-台中,2024-07-16,9184
00905,FT臺灣Smart,58,20,38,群益金鼎-台中,2024-07-16,9184
00671R,富邦NASDAQ反1,30,0,30,群益金鼎-台中,2024-07-16,9184
2356,英業達,34,5,29,群益金鼎-台中,2024-07-16,9184
00927,群益半導體收益,27,2,25,群益金鼎-台中,2024-07-16,9184
2438,翔耀,25,1,24,群益金鼎-台中,2024-07-16,9184
0056,元大高股息,25,1,24,群益金鼎-台中,2024-07-16,9184
2891,中信金,36,13,23,群益金鼎-台中,2024-07-16,9184
00918,大華優利高填息30,35,13,22,群益金鼎-台中,2024-07-16,9184
8021,尖點,32,10,22,群益金鼎-台中,2024-07-16,9184
3149,正達,21,0,21,群益金鼎-台中,2024-07-16,9184
1319,東陽,20,0,20,群益金鼎-台中,2024-07-16,9184
2312,金寶,88,68,20,群益金鼎-台中,2024-07-16,9184
2504,國產,20,0,20,群益金鼎-台中,2024-07-16,9184
2332,友訊,21,1,20,群益金鼎-台中,2024-07-16,9184
2481,強茂,52,32,20,群益金鼎-台中,2024-07-16,9184
00942B,台新美A公司債20+,25,6,19,群益金鼎-台中,2024-07-16,9184
6695,芯鼎,92,73,19,群益金鼎-台中,2024-07-16,9184
2002,中鋼,18,0,18,群益金鼎-台中,2024-07-16,9184
00753L,中信中國50正2,18,0,18,群益金鼎-台中,2024-07-16,9184
2412,中華電,21,3,18,群益金鼎-台中,2024-07-16,9184
6005,群益證,17,0,17,群益金鼎-台中,2024-07-16,9184
8076,伍豐,17,0,17,群益金鼎-台中,2024-07-16,9184
2241,艾姆勒,17,0,17,群益金鼎-台中,2024-07-16,9184
2371,大同,23,6,17,群益金鼎-台中,2024-07-16,9184
00949,復華日本龍頭,18,2,16,群益金鼎-台中,2024-07-16,9184
3374,精材,27,11,16,群益金鼎-台中,2024-07-16,9184
2405,輔信,22,7,15,群益金鼎-台中,2024-07-16,9184
00665L,富邦�琤肭磪囓�2,17,2,15,群益金鼎-台中,2024-07-16,9184
00669R,國泰美國道瓊反1,15,0,15,群益金鼎-台中,2024-07-16,9184
2515,中工,16,2,14,群益金鼎-台中,2024-07-16,9184
8011,台通,378,364,14,群益金鼎-台中,2024-07-16,9184
3481,群創,23,10,13,群益金鼎-台中,2024-07-16,9184
3708,上緯投控,16,3,13,群益金鼎-台中,2024-07-16,9184
00937B,群益ESG投等債20,414,12,402,群益金鼎-台中,2024-07-17,9184
4306,炎洲,125,3,122,群益金鼎-台中,2024-07-17,9184
00927,群益半導體收益,119,1,118,群益金鼎-台中,2024-07-17,9184
00680L,元大美債20正2,210,132,78,群益金鼎-台中,2024-07-17,9184
00881,國泰台灣5G+,67,1,66,群益金鼎-台中,2024-07-17,9184
00669R,國泰美國道瓊反1,65,0,65,群益金鼎-台中,2024-07-17,9184
9945,潤泰新,89,40,49,群益金鼎-台中,2024-07-17,9184
00679B,元大美債20年,92,47,45,群益金鼎-台中,2024-07-17,9184
0056,元大高股息,47,5,42,群益金鼎-台中,2024-07-17,9184
2402,毅嘉,126,86,40,群益金鼎-台中,2024-07-17,9184
8011,台通,136,100,36,群益金鼎-台中,2024-07-17,9184
00720B,元大投資級公司債,34,1,33,群益金鼎-台中,2024-07-17,9184
1447,力鵬,30,0,30,群益金鼎-台中,2024-07-17,9184
00712,復華富時不動產,36,7,29,群益金鼎-台中,2024-07-17,9184
2464,盟立,61,33,28,群益金鼎-台中,2024-07-17,9184
00936,台新永續高息中小,27,0,27,群益金鼎-台中,2024-07-17,9184
2382,廣達,34,8,26,群益金鼎-台中,2024-07-17,9184
2201,裕隆,26,0,26,群益金鼎-台中,2024-07-17,9184
1722,台肥,26,0,26,群益金鼎-台中,2024-07-17,9184
4906,正文,49,23,26,群益金鼎-台中,2024-07-17,9184
3294,英濟,52,27,25,群益金鼎-台中,2024-07-17,9184
2498,宏達電,27,2,25,群益金鼎-台中,2024-07-17,9184
2542,興富發,32,9,23,群益金鼎-台中,2024-07-17,9184
5876,上海商銀,23,0,23,群益金鼎-台中,2024-07-17,9184
2408,南亞科,23,0,23,群益金鼎-台中,2024-07-17,9184
00946,群益科技高息成長,28,6,22,群益金鼎-台中,2024-07-17,9184
2330,台積電,42,20,22,群益金鼎-台中,2024-07-17,9184
2633,台灣高鐵,35,15,20,群益金鼎-台中,2024-07-17,9184
3060,銘異,20,0,20,群益金鼎-台中,2024-07-17,9184
2885,元大金,20,0,20,群益金鼎-台中,2024-07-17,9184
2352,佳世達,21,1,20,群益金鼎-台中,2024-07-17,9184
2371,大同,32,12,20,群益金鼎-台中,2024-07-17,9184
00948B,中信優息投資級債,31,12,19,群益金鼎-台中,2024-07-17,9184
2317,鴻海,56,37,19,群益金鼎-台中,2024-07-17,9184
3231,緯創,45,26,19,群益金鼎-台中,2024-07-17,9184
2438,翔耀,20,2,18,群益金鼎-台中,2024-07-17,9184
2495,普安,25,8,17,群益金鼎-台中,2024-07-17,9184
6706,惠特,17,0,17,群益金鼎-台中,2024-07-17,9184
00878,國泰永續高股息,20,4,16,群益金鼎-台中,2024-07-17,9184
2618,長榮航,24,8,16,群益金鼎-台中,2024-07-17,9184
00905,FT臺灣Smart,14,0,14,群益金鼎-台中,2024-07-17,9184
6139,亞翔,29,16,13,群益金鼎-台中,2024-07-17,9184
00923,群益台ESG低碳50,32,19,13,群益金鼎-台中,2024-07-17,9184
3715,定穎投控,16,3,13,群益金鼎-台中,2024-07-17,9184
5522,遠雄,15,2,13,群益金鼎-台中,2024-07-17,9184
3702,大聯大,17,4,13,群益金鼎-台中,2024-07-17,9184
2405,輔信,12,0,12,群益金鼎-台中,2024-07-17,9184
8210,勤誠,15,4,11,群益金鼎-台中,2024-07-17,9184
1536,和大,26,15,11,群益金鼎-台中,2024-07-17,9184
3017,奇鋐,22,12,10,群益金鼎-台中,2024-07-17,9184
00937B,群益ESG投等債20,288,5,283,群益金鼎-台中,2024-07-18,9184
00929,復華台灣科技優息,227,46,181,群益金鼎-台中,2024-07-18,9184
00680L,元大美債20正2,133,0,133,群益金鼎-台中,2024-07-18,9184
6021,美好證,120,0,120,群益金鼎-台中,2024-07-18,9184
00919,群益台灣精選高息,126,26,100,群益金鼎-台中,2024-07-18,9184
2880,華南金,101,1,100,群益金鼎-台中,2024-07-18,9184
00923,群益台ESG低碳50,70,8,62,群益金鼎-台中,2024-07-18,9184
2317,鴻海,98,39,59,群益金鼎-台中,2024-07-18,9184
4909,新復興,128,73,55,群益金鼎-台中,2024-07-18,9184
4306,炎洲,122,68,54,群益金鼎-台中,2024-07-18,9184
1609,大亞,115,63,52,群益金鼎-台中,2024-07-18,9184
006208,富邦台50,55,6,49,群益金鼎-台中,2024-07-18,9184
00927,群益半導體收益,56,10,46,群益金鼎-台中,2024-07-18,9184
2330,台積電,50,7,43,群益金鼎-台中,2024-07-18,9184
2610,華航,46,4,42,群益金鼎-台中,2024-07-18,9184
00905,FT臺灣Smart,44,5,39,群益金鼎-台中,2024-07-18,9184
1316,上曜,54,16,38,群益金鼎-台中,2024-07-18,9184
2365,昆盈,260,223,37,群益金鼎-台中,2024-07-18,9184
2349,錸德,35,0,35,群益金鼎-台中,2024-07-18,9184
2025,千興,35,0,35,群益金鼎-台中,2024-07-18,9184
00936,台新永續高息中小,78,44,34,群益金鼎-台中,2024-07-18,9184
1815,富喬,33,0,33,群益金鼎-台中,2024-07-18,9184
00941,中信上游半導體,37,4,33,群益金鼎-台中,2024-07-18,9184
2633,台灣高鐵,32,4,28,群益金鼎-台中,2024-07-18,9184
3231,緯創,30,2,28,群益金鼎-台中,2024-07-18,9184
8935,邦泰,26,0,26,群益金鼎-台中,2024-07-18,9184
2362,藍天,71,46,25,群益金鼎-台中,2024-07-18,9184
2363,矽統,25,0,25,群益金鼎-台中,2024-07-18,9184
00669R,國泰美國道瓊反1,25,0,25,群益金鼎-台中,2024-07-18,9184
4960,誠美材,22,0,22,群益金鼎-台中,2024-07-18,9184
2356,英業達,25,3,22,群益金鼎-台中,2024-07-18,9184
2382,廣達,30,8,22,群益金鼎-台中,2024-07-18,9184
00934,中信成長高股息,51,30,21,群益金鼎-台中,2024-07-18,9184
00675L,富邦臺灣加權正2,28,7,21,群益金鼎-台中,2024-07-18,9184
00904,新光臺灣半導體30,20,0,20,群益金鼎-台中,2024-07-18,9184
1802,台玻,20,0,20,群益金鼎-台中,2024-07-18,9184
2331,精英,20,0,20,群益金鼎-台中,2024-07-18,9184
2371,大同,21,1,20,群益金鼎-台中,2024-07-18,9184
00939,統一台灣高息動能,50,31,19,群益金鼎-台中,2024-07-18,9184
2014,中鴻,20,1,19,群益金鼎-台中,2024-07-18,9184
2888,新光金,56,37,19,群益金鼎-台中,2024-07-18,9184
2405,輔信,21,3,18,群益金鼎-台中,2024-07-18,9184
9105,泰金寶-DR,21,4,17,群益金鼎-台中,2024-07-18,9184
2634,漢翔,54,39,15,群益金鼎-台中,2024-07-18,9184
2498,宏達電,18,3,15,群益金鼎-台中,2024-07-18,9184
2537,聯上發,39,24,15,群益金鼎-台中,2024-07-18,9184
3715,定穎投控,20,6,14,群益金鼎-台中,2024-07-18,9184
2388,威盛,20,6,14,群益金鼎-台中,2024-07-18,9184
6770,力積電,19,6,13,群益金鼎-台中,2024-07-18,9184
2495,普安,21,8,13,群益金鼎-台中,2024-07-18,9184
00929,復華台灣科技優息,242,61,181,群益金鼎-台中,2024-07-19,9184
00919,群益台灣精選高息,252,89,163,群益金鼎-台中,2024-07-19,9184
00939,統一台灣高息動能,162,20,142,群益金鼎-台中,2024-07-19,9184
00934,中信成長高股息,102,12,90,群益金鼎-台中,2024-07-19,9184
4306,炎洲,67,0,67,群益金鼎-台中,2024-07-19,9184
020027,元大上櫃ESG成長N,60,0,60,群益金鼎-台中,2024-07-19,9184
2610,華航,57,0,57,群益金鼎-台中,2024-07-19,9184
00878,國泰永續高股息,74,21,53,群益金鼎-台中,2024-07-19,9184
2330,台積電,65,14,51,群益金鼎-台中,2024-07-19,9184
00665L,富邦�琤肭磪囓�2,40,0,40,群益金鼎-台中,2024-07-19,9184
5512,力麒,111,73,38,群益金鼎-台中,2024-07-19,9184
00946,群益科技高息成長,44,8,36,群益金鼎-台中,2024-07-19,9184
3576,聯合再生,43,8,35,群益金鼎-台中,2024-07-19,9184
00680L,元大美債20正2,35,0,35,群益金鼎-台中,2024-07-19,9184
2408,南亞科,34,0,34,群益金鼎-台中,2024-07-19,9184
3481,群創,123,90,33,群益金鼎-台中,2024-07-19,9184
00936,台新永續高息中小,88,54,34,群益金鼎-台中,2024-07-19,9184
3379,彬台,33,0,33,群益金鼎-台中,2024-07-19,9184
1304,台聚,33,0,33,群益金鼎-台中,2024-07-19,9184
00905,FT臺灣Smart,33,1,32,群益金鼎-台中,2024-07-19,9184
00935,野村臺灣新科技50,32,1,31,群益金鼎-台中,2024-07-19,9184
1101,台泥,34,4,30,群益金鼎-台中,2024-07-19,9184
3060,銘異,30,1,29,群益金鼎-台中,2024-07-19,9184
8064,東捷,50,22,28,群益金鼎-台中,2024-07-19,9184
00942B,台新美A公司債20+,30,2,28,群益金鼎-台中,2024-07-19,9184
2542,興富發,43,17,26,群益金鼎-台中,2024-07-19,9184
2641,正德,29,4,25,群益金鼎-台中,2024-07-19,9184
00940,元大台灣價值高息,66,42,24,群益金鼎-台中,2024-07-19,9184
3062,建漢,82,58,24,群益金鼎-台中,2024-07-19,9184
6668,中揚光,35,11,24,群益金鼎-台中,2024-07-19,9184
2419,仲琦,136,112,24,群益金鼎-台中,2024-07-19,9184
3231,緯創,42,18,24,群益金鼎-台中,2024-07-19,9184
006208,富邦台50,36,12,24,群益金鼎-台中,2024-07-19,9184
2892,第一金,29,6,23,群益金鼎-台中,2024-07-19,9184
00713,元大台灣高息低波,35,12,23,群益金鼎-台中,2024-07-19,9184
6163,華電網,24,3,21,群益金鼎-台中,2024-07-19,9184
5701,劍湖山,21,0,21,群益金鼎-台中,2024-07-19,9184
00923,群益台ESG低碳50,25,4,21,群益金鼎-台中,2024-07-19,9184
2344,華邦電,21,1,20,群益金鼎-台中,2024-07-19,9184
00921,兆豐龍頭等權重,20,0,20,群益金鼎-台中,2024-07-19,9184
4903,聯光通,20,0,20,群益金鼎-台中,2024-07-19,9184
2356,英業達,39,20,19,群益金鼎-台中,2024-07-19,9184
1504,東元,19,0,19,群益金鼎-台中,2024-07-19,9184
1785,光洋科,32,13,19,群益金鼎-台中,2024-07-19,9184
2406,國碩,18,0,18,群益金鼎-台中,2024-07-19,9184
4909,新復興,48,31,17,群益金鼎-台中,2024-07-19,9184
4157,太景*-KY,17,0,17,群益金鼎-台中,2024-07-19,9184
3689,湧德,32,15,17,群益金鼎-台中,2024-07-19,9184
00675L,富邦臺灣加權正2,25,8,17,群益金鼎-台中,2024-07-19,9184
00949,復華日本龍頭,18,2,16,群益金鼎-台中,2024-07-19,9184
1722,台肥,343,0,343,群益金鼎-台中,2024-07-22,9184
00929,復華台灣科技優息,447,207,240,群益金鼎-台中,2024-07-22,9184
00940,元大台灣價值高息,271,128,143,群益金鼎-台中,2024-07-22,9184
00919,群益台灣精選高息,314,185,129,群益金鼎-台中,2024-07-22,9184
3481,群創,160,45,115,群益金鼎-台中,2024-07-22,9184
2883,凱基金,155,72,83,群益金鼎-台中,2024-07-22,9184
2352,佳世達,77,3,74,群益金鼎-台中,2024-07-22,9184
4306,炎洲,81,13,68,群益金鼎-台中,2024-07-22,9184
2610,華航,107,46,61,群益金鼎-台中,2024-07-22,9184
1473,台南,65,10,55,群益金鼎-台中,2024-07-22,9184
2409,友達,55,4,51,群益金鼎-台中,2024-07-22,9184
4128,中天,57,13,44,群益金鼎-台中,2024-07-22,9184
00881,國泰台灣5G+,44,2,42,群益金鼎-台中,2024-07-22,9184
1609,大亞,71,30,41,群益金鼎-台中,2024-07-22,9184
00878,國泰永續高股息,79,38,41,群益金鼎-台中,2024-07-22,9184
2344,華邦電,42,2,40,群益金鼎-台中,2024-07-22,9184
00675L,富邦臺灣加權正2,41,3,38,群益金鼎-台中,2024-07-22,9184
00936,台新永續高息中小,36,0,36,群益金鼎-台中,2024-07-22,9184
00679B,元大美債20年,43,8,35,群益金鼎-台中,2024-07-22,9184
2330,台積電,59,26,33,群益金鼎-台中,2024-07-22,9184
3010,華立,33,0,33,群益金鼎-台中,2024-07-22,9184
00934,中信成長高股息,38,6,32,群益金鼎-台中,2024-07-22,9184
4510,高鋒,32,0,32,群益金鼎-台中,2024-07-22,9184
3686,達能,33,3,30,群益金鼎-台中,2024-07-22,9184
2408,南亞科,28,2,26,群益金鼎-台中,2024-07-22,9184
006208,富邦台50,28,3,25,群益金鼎-台中,2024-07-22,9184
00946,群益科技高息成長,29,5,24,群益金鼎-台中,2024-07-22,9184
2489,瑞軒,27,4,23,群益金鼎-台中,2024-07-22,9184
2353,宏��,34,12,22,群益金鼎-台中,2024-07-22,9184
8150,南茂,20,0,20,群益金鼎-台中,2024-07-22,9184
6167,久正,20,0,20,群益金鼎-台中,2024-07-22,9184
00719B,元大美債1-3,20,0,20,群益金鼎-台中,2024-07-22,9184
6257,矽格,20,0,20,群益金鼎-台中,2024-07-22,9184
00927,群益半導體收益,33,15,18,群益金鼎-台中,2024-07-22,9184
2419,仲琦,40,22,18,群益金鼎-台中,2024-07-22,9184
4743,合一,24,7,17,群益金鼎-台中,2024-07-22,9184
3379,彬台,19,3,16,群益金鼎-台中,2024-07-22,9184
2374,佳能,23,7,16,群益金鼎-台中,2024-07-22,9184
8935,邦泰,31,15,16,群益金鼎-台中,2024-07-22,9184
0056,元大高股息,37,21,16,群益金鼎-台中,2024-07-22,9184
6668,中揚光,17,2,15,群益金鼎-台中,2024-07-22,9184
3715,定穎投控,22,7,15,群益金鼎-台中,2024-07-22,9184
6116,彩晶,15,0,15,群益金鼎-台中,2024-07-22,9184
3052,夆典,20,5,15,群益金鼎-台中,2024-07-22,9184
2317,鴻海,85,71,14,群益金鼎-台中,2024-07-22,9184
00692,富邦公司治理,14,0,14,群益金鼎-台中,2024-07-22,9184
6582,申豐,15,1,14,群益金鼎-台中,2024-07-22,9184
6244,茂迪,18,4,14,群益金鼎-台中,2024-07-22,9184
3013,晟銘電,20,7,13,群益金鼎-台中,2024-07-22,9184
4906,正文,18,5,13,群益金鼎-台中,2024-07-22,9184
00632R,元大台灣50反1,333,96,237,群益金鼎-台中,2024-07-23,9184
00937B,群益ESG投等債20,218,5,213,群益金鼎-台中,2024-07-23,9184
2838,聯邦銀,93,0,93,群益金鼎-台中,2024-07-23,9184
3481,群創,169,85,84,群益金鼎-台中,2024-07-23,9184
2888,新光金,146,73,73,群益金鼎-台中,2024-07-23,9184
8105,凌巨,64,1,63,群益金鼎-台中,2024-07-23,9184
9105,泰金寶-DR,75,15,60,群益金鼎-台中,2024-07-23,9184
2489,瑞軒,57,5,52,群益金鼎-台中,2024-07-23,9184
2408,南亞科,49,9,40,群益金鼎-台中,2024-07-23,9184
00946,群益科技高息成長,52,15,37,群益金鼎-台中,2024-07-23,9184
00857B,永豐20年美公債,40,5,35,群益金鼎-台中,2024-07-23,9184
00680L,元大美債20正2,30,0,30,群益金鼎-台中,2024-07-23,9184
2867,三商壽,27,0,27,群益金鼎-台中,2024-07-23,9184
2405,輔信,25,0,25,群益金鼎-台中,2024-07-23,9184
00919,群益台灣精選高息,46,23,23,群益金鼎-台中,2024-07-23,9184
2537,聯上發,30,8,22,群益金鼎-台中,2024-07-23,9184
3663,鑫科,55,33,22,群益金鼎-台中,2024-07-23,9184
3576,聯合再生,123,101,22,群益金鼎-台中,2024-07-23,9184
00929,復華台灣科技優息,117,96,21,群益金鼎-台中,2024-07-23,9184
2344,華邦電,25,4,21,群益金鼎-台中,2024-07-23,9184
1110,東泥,21,0,21,群益金鼎-台中,2024-07-23,9184
00676R,富邦臺灣加權反1,20,0,20,群益金鼎-台中,2024-07-23,9184
4414,如興,20,0,20,群益金鼎-台中,2024-07-23,9184
00935,野村臺灣新科技50,25,5,20,群益金鼎-台中,2024-07-23,9184
5309,系統電,35,15,20,群益金鼎-台中,2024-07-23,9184
3686,達能,27,7,20,群益金鼎-台中,2024-07-23,9184
2897,王道銀行,20,0,20,群益金鼎-台中,2024-07-23,9184
00671R,富邦NASDAQ反1,20,0,20,群益金鼎-台中,2024-07-23,9184
00915,凱基優選高股息30,18,0,18,群益金鼎-台中,2024-07-23,9184
6668,中揚光,18,0,18,群益金鼎-台中,2024-07-23,9184
5213,亞昕,27,10,17,群益金鼎-台中,2024-07-23,9184
00706L,期元大S＆P日圓正2,26,10,16,群益金鼎-台中,2024-07-23,9184
5519,隆大,24,8,16,群益金鼎-台中,2024-07-23,9184
0056,元大高股息,17,1,16,群益金鼎-台中,2024-07-23,9184
00934,中信成長高股息,15,0,15,群益金鼎-台中,2024-07-23,9184
2409,友達,19,4,15,群益金鼎-台中,2024-07-23,9184
2892,第一金,15,0,15,群益金鼎-台中,2024-07-23,9184
2312,金寶,18,3,15,群益金鼎-台中,2024-07-23,9184
6116,彩晶,15,1,14,群益金鼎-台中,2024-07-23,9184
5906,台南-KY,14,0,14,群益金鼎-台中,2024-07-23,9184
3609,三一東林,14,0,14,群益金鼎-台中,2024-07-23,9184
00948B,中信優息投資級債,13,0,13,群益金鼎-台中,2024-07-23,9184
3312,弘憶股,22,9,13,群益金鼎-台中,2024-07-23,9184
00918,大華優利高填息30,12,0,12,群益金鼎-台中,2024-07-23,9184
006208,富邦台50,15,3,12,群益金鼎-台中,2024-07-23,9184
1108,幸福,12,0,12,群益金鼎-台中,2024-07-23,9184
4128,中天,47,35,12,群益金鼎-台中,2024-07-23,9184
6806,森崴能源,40,28,12,群益金鼎-台中,2024-07-23,9184
3037,欣興,29,18,11,群益金鼎-台中,2024-07-23,9184
00936,台新永續高息中小,12,0,12,群益金鼎-台中,2024-07-23,9184
00929,復華台灣科技優息,187,36,151,群益金鼎-台中,2024-07-26,9184
00937B,群益ESG投等債20,370,225,145,群益金鼎-台中,2024-07-26,9184
00680L,元大美債20正2,119,0,119,群益金鼎-台中,2024-07-26,9184
00642U,期元大S＆P石油,100,0,100,群益金鼎-台中,2024-07-26,9184
2897,王道銀行,90,0,90,群益金鼎-台中,2024-07-26,9184
2317,鴻海,99,17,82,群益金鼎-台中,2024-07-26,9184
2352,佳世達,79,15,64,群益金鼎-台中,2024-07-26,9184
00919,群益台灣精選高息,132,72,60,群益金鼎-台中,2024-07-26,9184
00946,群益科技高息成長,82,24,58,群益金鼎-台中,2024-07-26,9184
00878,國泰永續高股息,56,4,52,群益金鼎-台中,2024-07-26,9184
00687B,國泰20年美債,45,0,45,群益金鼎-台中,2024-07-26,9184
2330,台積電,54,11,43,群益金鼎-台中,2024-07-26,9184
00923,群益台ESG低碳50,45,5,40,群益金鼎-台中,2024-07-26,9184
2376,技嘉,35,1,34,群益金鼎-台中,2024-07-26,9184
00948B,中信優息投資級債,50,17,33,群益金鼎-台中,2024-07-26,9184
2002,中鋼,31,3,28,群益金鼎-台中,2024-07-26,9184
00857B,永豐20年美公債,27,0,27,群益金鼎-台中,2024-07-26,9184
00881,國泰台灣5G+,32,5,27,群益金鼎-台中,2024-07-26,9184
00893,國泰智能電動車,25,0,25,群益金鼎-台中,2024-07-26,9184
00940,元大台灣價值高息,84,59,25,群益金鼎-台中,2024-07-26,9184
2884,玉山金,25,0,25,群益金鼎-台中,2024-07-26,9184
0050,元大台灣50,30,6,24,群益金鼎-台中,2024-07-26,9184
2542,興富發,25,1,24,群益金鼎-台中,2024-07-26,9184
9105,泰金寶-DR,24,1,23,群益金鼎-台中,2024-07-26,9184
00631L,元大台灣50正2,24,2,22,群益金鼎-台中,2024-07-26,9184
0056,元大高股息,22,0,22,群益金鼎-台中,2024-07-26,9184
00712,復華富時不動產,24,3,21,群益金鼎-台中,2024-07-26,9184
3711,日月光投控,21,1,20,群益金鼎-台中,2024-07-26,9184
2888,新光金,21,1,20,群益金鼎-台中,2024-07-26,9184
6443,元晶,20,0,20,群益金鼎-台中,2024-07-26,9184
1434,福懋,20,0,20,群益金鼎-台中,2024-07-26,9184
00675L,富邦臺灣加權正2,20,0,20,群益金鼎-台中,2024-07-26,9184
00941,中信上游半導體,26,7,19,群益金鼎-台中,2024-07-26,9184
2408,南亞科,27,8,19,群益金鼎-台中,2024-07-26,9184
3231,緯創,28,9,19,群益金鼎-台中,2024-07-26,9184
2303,聯電,22,4,18,群益金鼎-台中,2024-07-26,9184
3663,鑫科,62,45,17,群益金鼎-台中,2024-07-26,9184
00934,中信成長高股息,20,3,17,群益金鼎-台中,2024-07-26,9184
2344,華邦電,16,0,16,群益金鼎-台中,2024-07-26,9184
00713,元大台灣高息低波,18,3,15,群益金鼎-台中,2024-07-26,9184
3188,鑫龍騰,47,32,15,群益金鼎-台中,2024-07-26,9184
00637L,元大滬深300正2,14,0,14,群益金鼎-台中,2024-07-26,9184
2885,元大金,14,0,14,群益金鼎-台中,2024-07-26,9184
2382,廣達,19,5,14,群益金鼎-台中,2024-07-26,9184
00692,富邦公司治理,13,0,13,群益金鼎-台中,2024-07-26,9184
00927,群益半導體收益,13,0,13,群益金鼎-台中,2024-07-26,9184
006208,富邦台50,17,4,13,群益金鼎-台中,2024-07-26,9184
1536,和大,13,1,12,群益金鼎-台中,2024-07-26,9184
00949,復華日本龍頭,13,1,12,群益金鼎-台中,2024-07-26,9184
2365,昆盈,60,48,12,群益金鼎-台中,2024-07-26,9184
00632R,元大台灣50反1,416,120,296,群益金鼎-台中,2024-07-29,9184
00929,復華台灣科技優息,254,9,245,群益金鼎-台中,2024-07-29,9184
00945B,凱基美國非投等債,142,10,132,群益金鼎-台中,2024-07-29,9184
00642U,期元大S＆P石油,101,0,101,群益金鼎-台中,2024-07-29,9184
2897,王道銀行,100,0,100,群益金鼎-台中,2024-07-29,9184
00940,元大台灣價值高息,86,15,71,群益金鼎-台中,2024-07-29,9184
00934,中信成長高股息,44,0,44,群益金鼎-台中,2024-07-29,9184
00679B,元大美債20年,42,0,42,群益金鼎-台中,2024-07-29,9184
00935,野村臺灣新科技50,44,3,41,群益金鼎-台中,2024-07-29,9184
1815,富喬,44,3,41,群益金鼎-台中,2024-07-29,9184
3289,宜特,41,1,40,群益金鼎-台中,2024-07-29,9184
00676R,富邦臺灣加權反1,40,0,40,群益金鼎-台中,2024-07-29,9184
2367,燿華,45,6,39,群益金鼎-台中,2024-07-29,9184
1609,大亞,71,34,37,群益金鼎-台中,2024-07-29,9184
2312,金寶,50,14,36,群益金鼎-台中,2024-07-29,9184
3231,緯創,40,5,35,群益金鼎-台中,2024-07-29,9184
0056,元大高股息,37,3,34,群益金鼎-台中,2024-07-29,9184
2884,玉山金,33,0,33,群益金鼎-台中,2024-07-29,9184
00905,FT臺灣Smart,35,4,31,群益金鼎-台中,2024-07-29,9184
1563,巧新,29,0,29,群益金鼎-台中,2024-07-29,9184
00878,國泰永續高股息,33,5,28,群益金鼎-台中,2024-07-29,9184
1785,光洋科,32,6,26,群益金鼎-台中,2024-07-29,9184
00936,台新永續高息中小,29,4,25,群益金鼎-台中,2024-07-29,9184
5519,隆大,33,12,21,群益金鼎-台中,2024-07-29,9184
9945,潤泰新,44,24,20,群益金鼎-台中,2024-07-29,9184
1473,台南,20,0,20,群益金鼎-台中,2024-07-29,9184
2409,友達,23,3,20,群益金鼎-台中,2024-07-29,9184
00686R,群益臺灣加權反1,20,0,20,群益金鼎-台中,2024-07-29,9184
00795B,中信美國公債20年,20,0,20,群益金鼎-台中,2024-07-29,9184
3481,群創,157,139,18,群益金鼎-台中,2024-07-29,9184
2891,中信金,18,0,18,群益金鼎-台中,2024-07-29,9184
00712,復華富時不動產,20,2,18,群益金鼎-台中,2024-07-29,9184
006208,富邦台50,19,2,17,群益金鼎-台中,2024-07-29,9184
8299,群聯,19,2,17,群益金鼎-台中,2024-07-29,9184
5443,均豪,66,50,16,群益金鼎-台中,2024-07-29,9184
3293,鈊象,19,3,16,群益金鼎-台中,2024-07-29,9184
8935,邦泰,19,4,15,群益金鼎-台中,2024-07-29,9184
6443,元晶,40,25,15,群益金鼎-台中,2024-07-29,9184
00933B,國泰10Y+金融債,15,0,15,群益金鼎-台中,2024-07-29,9184
2382,廣達,22,7,15,群益金鼎-台中,2024-07-29,9184
8054,安國,68,54,14,群益金鼎-台中,2024-07-29,9184
2356,英業達,17,3,14,群益金鼎-台中,2024-07-29,9184
3211,順達,24,11,13,群益金鼎-台中,2024-07-29,9184
9939,宏全,18,5,13,群益金鼎-台中,2024-07-29,9184
00680L,元大美債20正2,87,74,13,群益金鼎-台中,2024-07-29,9184
00850,元大臺灣ESG永續,13,1,12,群益金鼎-台中,2024-07-29,9184
4744,皇將,12,0,12,群益金鼎-台中,2024-07-29,9184
3105,穩懋,12,1,11,群益金鼎-台中,2024-07-29,9184
2505,國揚,11,0,11,群益金鼎-台中,2024-07-29,9184
2316,楠梓電,14,3,11,群益金鼎-台中,2024-07-29,9184
00929,復華台灣科技優息,407,72,335,群益金鼎-台中,2024-07-30,9184
00940,元大台灣價值高息,144,21,123,群益金鼎-台中,2024-07-30,9184
2538,基泰,119,1,118,群益金鼎-台中,2024-07-30,9184
2888,新光金,112,8,104,群益金鼎-台中,2024-07-30,9184
00680L,元大美債20正2,111,18,93,群益金鼎-台中,2024-07-30,9184
1722,台肥,87,10,77,群益金鼎-台中,2024-07-30,9184
00946,群益科技高息成長,77,24,53,群益金鼎-台中,2024-07-30,9184
00919,群益台灣精選高息,129,80,49,群益金鼎-台中,2024-07-30,9184
00878,國泰永續高股息,50,6,44,群益金鼎-台中,2024-07-30,9184
00939,統一台灣高息動能,42,0,42,群益金鼎-台中,2024-07-30,9184
6015,宏遠證,40,0,40,群益金鼎-台中,2024-07-30,9184
00715L,期街口布蘭特正2,37,0,37,群益金鼎-台中,2024-07-30,9184
00637L,元大滬深300正2,34,0,34,群益金鼎-台中,2024-07-30,9184
3576,聯合再生,33,1,32,群益金鼎-台中,2024-07-30,9184
0056,元大高股息,32,0,32,群益金鼎-台中,2024-07-30,9184
2891,中信金,31,0,31,群益金鼎-台中,2024-07-30,9184
2897,王道銀行,30,0,30,群益金鼎-台中,2024-07-30,9184
2303,聯電,26,2,24,群益金鼎-台中,2024-07-30,9184
00951,台新日本半導體,23,1,22,群益金鼎-台中,2024-07-30,9184
00936,台新永續高息中小,22,0,22,群益金鼎-台中,2024-07-30,9184
2618,長榮航,36,16,20,群益金鼎-台中,2024-07-30,9184
00665L,富邦�琤肭磪囓�2,20,0,20,群益金鼎-台中,2024-07-30,9184
1473,台南,21,1,20,群益金鼎-台中,2024-07-30,9184
2353,宏��,22,3,19,群益金鼎-台中,2024-07-30,9184
2408,南亞科,26,8,18,群益金鼎-台中,2024-07-30,9184
3024,憶聲,22,5,17,群益金鼎-台中,2024-07-30,9184
2337,旺宏,40,24,16,群益金鼎-台中,2024-07-30,9184
00713,元大台灣高息低波,17,1,16,群益金鼎-台中,2024-07-30,9184
2349,錸德,209,194,15,群益金鼎-台中,2024-07-30,9184
5484,慧友,15,0,15,群益金鼎-台中,2024-07-30,9184
6177,達麗,15,0,15,群益金鼎-台中,2024-07-30,9184
9105,泰金寶-DR,15,0,15,群益金鼎-台中,2024-07-30,9184
00934,中信成長高股息,15,0,15,群益金鼎-台中,2024-07-30,9184
00881,國泰台灣5G+,15,1,14,群益金鼎-台中,2024-07-30,9184
2211,長榮鋼,13,0,13,群益金鼎-台中,2024-07-30,9184
1785,光洋科,12,0,12,群益金鼎-台中,2024-07-30,9184
00688L,國泰20年美債正2,13,1,12,群益金鼎-台中,2024-07-30,9184
2442,新美齊,62,50,12,群益金鼎-台中,2024-07-30,9184
2886,兆豐金,12,0,12,群益金鼎-台中,2024-07-30,9184
2884,玉山金,13,2,11,群益金鼎-台中,2024-07-30,9184
2905,三商,11,0,11,群益金鼎-台中,2024-07-30,9184
00850,元大臺灣ESG永續,23,12,11,群益金鼎-台中,2024-07-30,9184
3015,全漢,10,0,10,群益金鼎-台中,2024-07-30,9184
3013,晟銘電,34,24,10,群益金鼎-台中,2024-07-30,9184
00904,新光臺灣半導體30,10,0,10,群益金鼎-台中,2024-07-30,9184
1216,統一,10,1,9,群益金鼎-台中,2024-07-30,9184
00918,大華優利高填息30,9,0,9,群益金鼎-台中,2024-07-30,9184
2542,興富發,18,9,9,群益金鼎-台中,2024-07-30,9184
2376,技嘉,10,1,9,群益金鼎-台中,2024-07-30,9184
3706,神達,19,11,8,群益金鼎-台中,2024-07-30,9184
9105,泰金寶-DR,430,0,430,群益金鼎-台中,2024-07-31,9184
00632R,元大台灣50反1,191,5,186,群益金鼎-台中,2024-07-31,9184
3481,群創,204,95,109,群益金鼎-台中,2024-07-31,9184
00929,復華台灣科技優息,214,136,78,群益金鼎-台中,2024-07-31,9184
00941,中信上游半導體,50,0,50,群益金鼎-台中,2024-07-31,9184
3686,達能,51,3,48,群益金鼎-台中,2024-07-31,9184
00687B,國泰20年美債,59,25,34,群益金鼎-台中,2024-07-31,9184
2511,太子,31,1,30,群益金鼎-台中,2024-07-31,9184
3050,鈺德,35,9,26,群益金鼎-台中,2024-07-31,9184
2409,友達,76,50,26,群益金鼎-台中,2024-07-31,9184
8064,東捷,112,90,22,群益金鼎-台中,2024-07-31,9184
00680L,元大美債20正2,80,59,21,群益金鼎-台中,2024-07-31,9184
00919,群益台灣精選高息,78,57,21,群益金鼎-台中,2024-07-31,9184
1815,富喬,30,10,20,群益金鼎-台中,2024-07-31,9184
0056,元大高股息,20,1,19,群益金鼎-台中,2024-07-31,9184
1513,中興電,25,6,19,群益金鼎-台中,2024-07-31,9184
00905,FT臺灣Smart,25,8,17,群益金鼎-台中,2024-07-31,9184
2515,中工,18,1,17,群益金鼎-台中,2024-07-31,9184
2489,瑞軒,25,8,17,群益金鼎-台中,2024-07-31,9184
00679B,元大美債20年,23,7,16,群益金鼎-台中,2024-07-31,9184
8935,邦泰,17,1,16,群益金鼎-台中,2024-07-31,9184
1217,愛之味,15,0,15,群益金鼎-台中,2024-07-31,9184
2374,佳能,15,0,15,群益金鼎-台中,2024-07-31,9184
5310,天剛,16,1,15,群益金鼎-台中,2024-07-31,9184
3047,訊舟,197,183,14,群益金鼎-台中,2024-07-31,9184
00933B,國泰10Y+金融債,20,6,14,群益金鼎-台中,2024-07-31,9184
00936,台新永續高息中小,14,0,14,群益金鼎-台中,2024-07-31,9184
00951,台新日本半導體,23,10,13,群益金鼎-台中,2024-07-31,9184
00881,國泰台灣5G+,13,0,13,群益金鼎-台中,2024-07-31,9184
3105,穩懋,14,2,12,群益金鼎-台中,2024-07-31,9184
0052,富邦科技,15,3,12,群益金鼎-台中,2024-07-31,9184
3010,華立,12,0,12,群益金鼎-台中,2024-07-31,9184
1309,台達化,11,0,11,群益金鼎-台中,2024-07-31,9184
2353,宏��,17,6,11,群益金鼎-台中,2024-07-31,9184
00878,國泰永續高股息,25,15,10,群益金鼎-台中,2024-07-31,9184
00664R,國泰臺灣加權反1,10,0,10,群益金鼎-台中,2024-07-31,9184
00650L,復華香港正2,10,0,10,群益金鼎-台中,2024-07-31,9184
2356,英業達,18,8,10,群益金鼎-台中,2024-07-31,9184
1316,上曜,19,9,10,群益金鼎-台中,2024-07-31,9184
2362,藍天,224,215,9,群益金鼎-台中,2024-07-31,9184
2408,南亞科,9,0,9,群益金鼎-台中,2024-07-31,9184
9945,潤泰新,16,7,9,群益金鼎-台中,2024-07-31,9184
00927,群益半導體收益,15,7,8,群益金鼎-台中,2024-07-31,9184
8028,昇陽半導體,45,37,8,群益金鼎-台中,2024-07-31,9184
1711,永光,12,4,8,群益金鼎-台中,2024-07-31,9184
00945B,凱基美國非投等債,8,0,8,群益金鼎-台中,2024-07-31,9184
00715L,期街口布蘭特正2,14,6,8,群益金鼎-台中,2024-07-31,9184
8021,尖點,8,0,8,群益金鼎-台中,2024-07-31,9184
2316,楠梓電,8,0,8,群益金鼎-台中,2024-07-31,9184
1609,大亞,11,3,8,群益金鼎-台中,2024-07-31,9184
00688L,國泰20年美債正2,375,10,365,群益金鼎-台中,2024-08-01,9184
00937B,群益ESG投等債20,426,209,217,群益金鼎-台中,2024-08-01,9184
00929,復華台灣科技優息,255,90,165,群益金鼎-台中,2024-08-01,9184
00936,台新永續高息中小,145,0,145,群益金鼎-台中,2024-08-01,9184
00665L,富邦�琤肭磪囓�2,105,0,105,群益金鼎-台中,2024-08-01,9184
2501,國建,105,9,96,群益金鼎-台中,2024-08-01,9184
00878,國泰永續高股息,83,2,81,群益金鼎-台中,2024-08-01,9184
2888,新光金,61,5,56,群益金鼎-台中,2024-08-01,9184
00632R,元大台灣50反1,91,40,51,群益金鼎-台中,2024-08-01,9184
2610,華航,65,19,46,群益金鼎-台中,2024-08-01,9184
00931B,統一美債20年,57,12,45,群益金鼎-台中,2024-08-01,9184
00706L,期元大S＆P日圓正2,44,1,43,群益金鼎-台中,2024-08-01,9184
3591,艾笛森,40,0,40,群益金鼎-台中,2024-08-01,9184
1216,統一,35,0,35,群益金鼎-台中,2024-08-01,9184
2383,台光電,41,13,28,群益金鼎-台中,2024-08-01,9184
1708,東鹼,26,0,26,群益金鼎-台中,2024-08-01,9184
2356,英業達,48,22,26,群益金鼎-台中,2024-08-01,9184
2543,皇昌,58,35,23,群益金鼎-台中,2024-08-01,9184
00881,國泰台灣5G+,24,1,23,群益金鼎-台中,2024-08-01,9184
2883,凱基金,24,2,22,群益金鼎-台中,2024-08-01,9184
00940,元大台灣價值高息,44,23,21,群益金鼎-台中,2024-08-01,9184
00946,群益科技高息成長,30,10,20,群益金鼎-台中,2024-08-01,9184
020027,元大上櫃ESG成長N,40,20,20,群益金鼎-台中,2024-08-01,9184
00712,復華富時不動產,48,28,20,群益金鼎-台中,2024-08-01,9184
2337,旺宏,162,145,17,群益金鼎-台中,2024-08-01,9184
00923,群益台ESG低碳50,26,10,16,群益金鼎-台中,2024-08-01,9184
2515,中工,24,9,15,群益金鼎-台中,2024-08-01,9184
3686,達能,16,1,15,群益金鼎-台中,2024-08-01,9184
3230,錦明,15,0,15,群益金鼎-台中,2024-08-01,9184
2354,鴻準,21,7,14,群益金鼎-台中,2024-08-01,9184
2884,玉山金,13,0,13,群益金鼎-台中,2024-08-01,9184
2313,華通,26,13,13,群益金鼎-台中,2024-08-01,9184
2362,藍天,146,133,13,群益金鼎-台中,2024-08-01,9184
3703,欣陸,13,0,13,群益金鼎-台中,2024-08-01,9184
1529,樂事綠能,15,2,13,群益金鼎-台中,2024-08-01,9184
4566,時碩工業,15,2,13,群益金鼎-台中,2024-08-01,9184
2312,金寶,16,4,12,群益金鼎-台中,2024-08-01,9184
1110,東泥,12,0,12,群益金鼎-台中,2024-08-01,9184
2417,圓剛,17,6,11,群益金鼎-台中,2024-08-01,9184
006208,富邦台50,12,1,11,群益金鼎-台中,2024-08-01,9184
00932,兆豐永續高息等權,11,0,11,群益金鼎-台中,2024-08-01,9184
00905,FT臺灣Smart,21,10,11,群益金鼎-台中,2024-08-01,9184
3583,辛耘,13,2,11,群益金鼎-台中,2024-08-01,9184
2542,興富發,11,1,10,群益金鼎-台中,2024-08-01,9184
00915,凱基優選高股息30,10,0,10,群益金鼎-台中,2024-08-01,9184
6139,亞翔,10,0,10,群益金鼎-台中,2024-08-01,9184
00696B,富邦美債20年,10,0,10,群益金鼎-台中,2024-08-01,9184
2476,鉅祥,10,0,10,群益金鼎-台中,2024-08-01,9184
00664R,國泰臺灣加權反1,10,0,10,群益金鼎-台中,2024-08-01,9184
3024,憶聲,10,0,10,群益金鼎-台中,2024-08-01,9184
2610,華航,220,4,216,群益金鼎-台中,2024-08-02,9184
00940,元大台灣價值高息,236,27,209,群益金鼎-台中,2024-08-02,9184
00919,群益台灣精選高息,220,25,195,群益金鼎-台中,2024-08-02,9184
00878,國泰永續高股息,171,3,168,群益金鼎-台中,2024-08-02,9184
00935,野村臺灣新科技50,167,0,167,群益金鼎-台中,2024-08-02,9184
2317,鴻海,170,13,157,群益金鼎-台中,2024-08-02,9184
00941,中信上游半導體,142,2,140,群益金鼎-台中,2024-08-02,9184
00688L,國泰20年美債正2,160,22,138,群益金鼎-台中,2024-08-02,9184
00929,復華台灣科技優息,220,89,131,群益金鼎-台中,2024-08-02,9184
00946,群益科技高息成長,91,10,81,群益金鼎-台中,2024-08-02,9184
00933B,國泰10Y+金融債,78,0,78,群益金鼎-台中,2024-08-02,9184
00923,群益台ESG低碳50,72,1,71,群益金鼎-台中,2024-08-02,9184
00948B,中信優息投資級債,65,0,65,群益金鼎-台中,2024-08-02,9184
2330,台積電,70,12,58,群益金鼎-台中,2024-08-02,9184
00881,國泰台灣5G+,63,5,58,群益金鼎-台中,2024-08-02,9184
2537,聯上發,76,21,55,群益金鼎-台中,2024-08-02,9184
9105,泰金寶-DR,53,1,52,群益金鼎-台中,2024-08-02,9184
2897,王道銀行,50,0,50,群益金鼎-台中,2024-08-02,9184
5310,天剛,49,0,49,群益金鼎-台中,2024-08-02,9184
00939,統一台灣高息動能,55,8,47,群益金鼎-台中,2024-08-02,9184
00679B,元大美債20年,62,18,44,群益金鼎-台中,2024-08-02,9184
2337,旺宏,49,7,42,群益金鼎-台中,2024-08-02,9184
2449,京元電子,147,107,40,群益金鼎-台中,2024-08-02,9184
00931B,統一美債20年,51,12,39,群益金鼎-台中,2024-08-02,9184
00680L,元大美債20正2,425,387,38,群益金鼎-台中,2024-08-02,9184
2408,南亞科,37,1,36,群益金鼎-台中,2024-08-02,9184
1722,台肥,34,0,34,群益金鼎-台中,2024-08-02,9184
006208,富邦台50,32,2,30,群益金鼎-台中,2024-08-02,9184
3037,欣興,30,2,28,群益金鼎-台中,2024-08-02,9184
00687B,國泰20年美債,58,31,27,群益金鼎-台中,2024-08-02,9184
2891,中信金,26,0,26,群益金鼎-台中,2024-08-02,9184
00949,復華日本龍頭,26,1,25,群益金鼎-台中,2024-08-02,9184
3711,日月光投控,25,1,24,群益金鼎-台中,2024-08-02,9184
2515,中工,27,3,24,群益金鼎-台中,2024-08-02,9184
00637L,元大滬深300正2,26,2,24,群益金鼎-台中,2024-08-02,9184
00850,元大臺灣ESG永續,23,0,23,群益金鼎-台中,2024-08-02,9184
2402,毅嘉,25,3,22,群益金鼎-台中,2024-08-02,9184
2543,皇昌,26,4,22,群益金鼎-台中,2024-08-02,9184
2359,所羅門,47,26,21,群益金鼎-台中,2024-08-02,9184
1326,台化,21,0,21,群益金鼎-台中,2024-08-02,9184
00645,富邦日本,22,1,21,群益金鼎-台中,2024-08-02,9184
2382,廣達,58,37,21,群益金鼎-台中,2024-08-02,9184
3231,緯創,24,4,20,群益金鼎-台中,2024-08-02,9184
00733,富邦臺灣中小,20,0,20,群益金鼎-台中,2024-08-02,9184
5519,隆大,21,1,20,群益金鼎-台中,2024-08-02,9184
6015,宏遠證,20,0,20,群益金鼎-台中,2024-08-02,9184
0056,元大高股息,28,8,20,群益金鼎-台中,2024-08-02,9184
3450,聯鈞,38,19,19,群益金鼎-台中,2024-08-02,9184
9945,潤泰新,31,12,19,群益金鼎-台中,2024-08-02,9184
5309,系統電,22,3,19,群益金鼎-台中,2024-08-02,9184
00680L,元大美債20正2,846,77,769,群益金鼎-台中,2024-08-05,9184
00688L,國泰20年美債正2,835,224,611,群益金鼎-台中,2024-08-05,9184
00929,復華台灣科技優息,655,151,504,群益金鼎-台中,2024-08-05,9184
00946,群益科技高息成長,340,34,306,群益金鼎-台中,2024-08-05,9184
00940,元大台灣價值高息,654,386,268,群益金鼎-台中,2024-08-05,9184
2897,王道銀行,256,0,256,群益金鼎-台中,2024-08-05,9184
00878,國泰永續高股息,316,124,192,群益金鼎-台中,2024-08-05,9184
5880,合庫金,184,15,169,群益金鼎-台中,2024-08-05,9184
1722,台肥,293,158,135,群益金鼎-台中,2024-08-05,9184
2504,國產,142,7,135,群益金鼎-台中,2024-08-05,9184
00642U,期元大S＆P石油,109,0,109,群益金鼎-台中,2024-08-05,9184
00687B,國泰20年美債,227,122,105,群益金鼎-台中,2024-08-05,9184
2610,華航,261,158,103,群益金鼎-台中,2024-08-05,9184
2409,友達,107,15,92,群益金鼎-台中,2024-08-05,9184
00936,台新永續高息中小,159,69,90,群益金鼎-台中,2024-08-05,9184
00948B,中信優息投資級債,83,1,82,群益金鼎-台中,2024-08-05,9184
5512,力麒,71,2,69,群益金鼎-台中,2024-08-05,9184
3010,華立,65,0,65,群益金鼎-台中,2024-08-05,9184
00945B,凱基美國非投等債,75,16,59,群益金鼎-台中,2024-08-05,9184
00715L,期街口布蘭特正2,55,0,55,群益金鼎-台中,2024-08-05,9184
1473,台南,53,0,53,群益金鼎-台中,2024-08-05,9184
2812,台中銀,88,38,50,群益金鼎-台中,2024-08-05,9184
5310,天剛,50,0,50,群益金鼎-台中,2024-08-05,9184
2330,台積電,102,57,45,群益金鼎-台中,2024-08-05,9184
00931B,統一美債20年,61,21,40,群益金鼎-台中,2024-08-05,9184
00891,中信關鍵半導體,74,35,39,群益金鼎-台中,2024-08-05,9184
00923,群益台ESG低碳50,86,48,38,群益金鼎-台中,2024-08-05,9184
2104,國際中橡,37,0,37,群益金鼎-台中,2024-08-05,9184
00631L,元大台灣50正2,49,13,36,群益金鼎-台中,2024-08-05,9184
2337,旺宏,100,66,34,群益金鼎-台中,2024-08-05,9184
00679B,元大美債20年,273,241,32,群益金鼎-台中,2024-08-05,9184
4564,元翎,34,2,32,群益金鼎-台中,2024-08-05,9184
00951,台新日本半導體,32,1,31,群益金鼎-台中,2024-08-05,9184
006208,富邦台50,39,9,30,群益金鼎-台中,2024-08-05,9184
6015,宏遠證,30,0,30,群益金鼎-台中,2024-08-05,9184
2408,南亞科,39,10,29,群益金鼎-台中,2024-08-05,9184
1304,台聚,29,0,29,群益金鼎-台中,2024-08-05,9184
2883B,凱基金乙特,30,1,29,群益金鼎-台中,2024-08-05,9184
00675L,富邦臺灣加權正2,48,23,25,群益金鼎-台中,2024-08-05,9184
2382,廣達,38,15,23,群益金鼎-台中,2024-08-05,9184
6285,啟��,23,0,23,群益金鼎-台中,2024-08-05,9184
1582,信錦,21,0,21,群益金鼎-台中,2024-08-05,9184
2633,台灣高鐵,20,0,20,群益金鼎-台中,2024-08-05,9184
00795B,中信美國公債20年,27,7,20,群益金鼎-台中,2024-08-05,9184
2515,中工,25,5,20,群益金鼎-台中,2024-08-05,9184
6167,久正,20,0,20,群益金鼎-台中,2024-08-05,9184
00918,大華優利高填息30,30,11,19,群益金鼎-台中,2024-08-05,9184
0050,元大台灣50,42,24,18,群益金鼎-台中,2024-08-05,9184
3686,達能,19,1,18,群益金鼎-台中,2024-08-05,9184
2103,台橡,19,1,18,群益金鼎-台中,2024-08-05,9184
00929,復華台灣科技優息,393,174,219,群益金鼎-台中,2024-08-06,9184
5880,合庫金,155,1,154,群益金鼎-台中,2024-08-06,9184
00632R,元大台灣50反1,900,773,127,群益金鼎-台中,2024-08-06,9184
00679B,元大美債20年,145,33,112,群益金鼎-台中,2024-08-06,9184
00946,群益科技高息成長,106,0,106,群益金鼎-台中,2024-08-06,9184
00878,國泰永續高股息,163,63,100,群益金鼎-台中,2024-08-06,9184
00641R,富邦日本反1,85,0,85,群益金鼎-台中,2024-08-06,9184
00940,元大台灣價值高息,100,22,78,群益金鼎-台中,2024-08-06,9184
00948B,中信優息投資級債,76,0,76,群益金鼎-台中,2024-08-06,9184
00637L,元大滬深300正2,65,0,65,群益金鼎-台中,2024-08-06,9184
00936,台新永續高息中小,98,35,63,群益金鼎-台中,2024-08-06,9184
5310,天剛,61,0,61,群益金鼎-台中,2024-08-06,9184
2504,國產,59,2,57,群益金鼎-台中,2024-08-06,9184
2029,盛餘,70,13,57,群益金鼎-台中,2024-08-06,9184
00882,中信中國高股息,50,0,50,群益金鼎-台中,2024-08-06,9184
6026,福邦證,50,0,50,群益金鼎-台中,2024-08-06,9184
00919,群益台灣精選高息,284,235,49,群益金鼎-台中,2024-08-06,9184
5347,世界,48,2,46,群益金鼎-台中,2024-08-06,9184
8021,尖點,45,6,39,群益金鼎-台中,2024-08-06,9184
2337,旺宏,40,5,35,群益金鼎-台中,2024-08-06,9184
2617,台航,74,40,34,群益金鼎-台中,2024-08-06,9184
00795B,中信美國公債20年,33,1,32,群益金鼎-台中,2024-08-06,9184
1722,台肥,146,114,32,群益金鼎-台中,2024-08-06,9184
2887,台新金,37,6,31,群益金鼎-台中,2024-08-06,9184
3006,晶豪科,35,7,28,群益金鼎-台中,2024-08-06,9184
00631L,元大台灣50正2,40,12,28,群益金鼎-台中,2024-08-06,9184
5426,振發,27,0,27,群益金鼎-台中,2024-08-06,9184
2376,技嘉,30,7,23,群益金鼎-台中,2024-08-06,9184
00951,台新日本半導體,52,30,22,群益金鼎-台中,2024-08-06,9184
0056,元大高股息,37,16,21,群益金鼎-台中,2024-08-06,9184
2464,盟立,55,35,20,群益金鼎-台中,2024-08-06,9184
3189,景碩,29,10,19,群益金鼎-台中,2024-08-06,9184
4513,福裕,34,15,19,群益金鼎-台中,2024-08-06,9184
2301,光寶科,42,24,18,群益金鼎-台中,2024-08-06,9184
2356,英業達,22,4,18,群益金鼎-台中,2024-08-06,9184
1815,富喬,32,16,16,群益金鼎-台中,2024-08-06,9184
00918,大華優利高填息30,17,2,15,群益金鼎-台中,2024-08-06,9184
2324,仁寶,21,6,15,群益金鼎-台中,2024-08-06,9184
2349,錸德,38,23,15,群益金鼎-台中,2024-08-06,9184
4534,慶騰,15,0,15,群益金鼎-台中,2024-08-06,9184
2801,彰銀,15,0,15,群益金鼎-台中,2024-08-06,9184
00900,富邦特選高股息30,16,2,14,群益金鼎-台中,2024-08-06,9184
9934,成霖,15,2,13,群益金鼎-台中,2024-08-06,9184
00664R,國泰臺灣加權反1,15,2,13,群益金鼎-台中,2024-08-06,9184
8096,擎亞,41,28,13,群益金鼎-台中,2024-08-06,9184
2543,皇昌,16,4,12,群益金鼎-台中,2024-08-06,9184
1540,喬福,209,197,12,群益金鼎-台中,2024-08-06,9184
1473,台南,12,0,12,群益金鼎-台中,2024-08-06,9184
00685L,群益臺灣加權正2,15,4,11,群益金鼎-台中,2024-08-06,9184
6005,群益證,31,20,11,群益金鼎-台中,2024-08-06,9184
00929,復華台灣科技優息,416,273,143,群益金鼎-台中,2024-08-07,9184
00679B,元大美債20年,187,94,93,群益金鼎-台中,2024-08-07,9184
00680L,元大美債20正2,383,299,84,群益金鼎-台中,2024-08-07,9184
00933B,國泰10Y+金融債,78,8,70,群益金鼎-台中,2024-08-07,9184
00948B,中信優息投資級債,65,5,60,群益金鼎-台中,2024-08-07,9184
00795B,中信美國公債20年,59,1,58,群益金鼎-台中,2024-08-07,9184
00664R,國泰臺灣加權反1,57,0,57,群益金鼎-台中,2024-08-07,9184
00900,富邦特選高股息30,67,10,57,群益金鼎-台中,2024-08-07,9184
1101,台泥,42,1,41,群益金鼎-台中,2024-08-07,9184
5310,天剛,40,0,40,群益金鼎-台中,2024-08-07,9184
2409,友達,42,3,39,群益金鼎-台中,2024-08-07,9184
2845,遠東銀,36,2,34,群益金鼎-台中,2024-08-07,9184
3006,晶豪科,35,3,32,群益金鼎-台中,2024-08-07,9184
00715L,期街口布蘭特正2,33,2,31,群益金鼎-台中,2024-08-07,9184
00676R,富邦臺灣加權反1,30,0,30,群益金鼎-台中,2024-08-07,9184
8163,達方,29,0,29,群益金鼎-台中,2024-08-07,9184
2317,鴻海,107,79,28,群益金鼎-台中,2024-08-07,9184
00688L,國泰20年美債正2,35,10,25,群益金鼎-台中,2024-08-07,9184
0050,元大台灣50,28,4,24,群益金鼎-台中,2024-08-07,9184
9105,泰金寶-DR,44,21,23,群益金鼎-台中,2024-08-07,9184
6005,群益證,21,0,21,群益金鼎-台中,2024-08-07,9184
2885,元大金,22,2,20,群益金鼎-台中,2024-08-07,9184
0056,元大高股息,32,15,17,群益金鼎-台中,2024-08-07,9184
00923,群益台ESG低碳50,16,1,15,群益金鼎-台中,2024-08-07,9184
6412,群電,15,0,15,群益金鼎-台中,2024-08-07,9184
2812,台中銀,13,0,13,群益金鼎-台中,2024-08-07,9184
2408,南亞科,33,20,13,群益金鼎-台中,2024-08-07,9184
1540,喬福,225,213,12,群益金鼎-台中,2024-08-07,9184
2312,金寶,23,11,12,群益金鼎-台中,2024-08-07,9184
2382,廣達,37,26,11,群益金鼎-台中,2024-08-07,9184
1301,台塑,11,0,11,群益金鼎-台中,2024-08-07,9184
3712,永崴投控,13,2,11,群益金鼎-台中,2024-08-07,9184
00934,中信成長高股息,11,0,11,群益金鼎-台中,2024-08-07,9184
00942B,台新美A公司債20+,10,0,10,群益金鼎-台中,2024-08-07,9184
4190,佐登-KY,10,0,10,群益金鼎-台中,2024-08-07,9184
00642U,期元大S＆P石油,10,0,10,群益金鼎-台中,2024-08-07,9184
1434,福懋,10,0,10,群益金鼎-台中,2024-08-07,9184
4534,慶騰,10,0,10,群益金鼎-台中,2024-08-07,9184
4714,永捷,10,0,10,群益金鼎-台中,2024-08-07,9184
6768,志強-KY,11,1,10,群益金鼎-台中,2024-08-07,9184
9950,萬國通,10,0,10,群益金鼎-台中,2024-08-07,9184
8935,邦泰,10,0,10,群益金鼎-台中,2024-08-07,9184
6282,康舒,10,0,10,群益金鼎-台中,2024-08-07,9184
2633,台灣高鐵,13,4,9,群益金鼎-台中,2024-08-07,9184
3454,晶睿,9,0,9,群益金鼎-台中,2024-08-07,9184
3356,奇偶,14,5,9,群益金鼎-台中,2024-08-07,9184
5009,榮剛,10,1,9,群益金鼎-台中,2024-08-07,9184
8039,台虹,9,0,9,群益金鼎-台中,2024-08-07,9184
3019,亞光,23,15,8,群益金鼎-台中,2024-08-07,9184
3037,欣興,21,13,8,群益金鼎-台中,2024-08-07,9184
00929,復華台灣科技優息,375,164,211,群益金鼎-台中,2024-08-08,9184
00680L,元大美債20正2,255,45,210,群益金鼎-台中,2024-08-08,9184
00679B,元大美債20年,282,103,179,群益金鼎-台中,2024-08-08,9184
8071,能率網通,118,9,109,群益金鼎-台中,2024-08-08,9184
00948B,中信優息投資級債,90,0,90,群益金鼎-台中,2024-08-08,9184
00688L,國泰20年美債正2,73,0,73,群益金鼎-台中,2024-08-08,9184
00878,國泰永續高股息,94,21,73,群益金鼎-台中,2024-08-08,9184
2886,兆豐金,62,4,58,群益金鼎-台中,2024-08-08,9184
00632R,元大台灣50反1,110,53,57,群益金鼎-台中,2024-08-08,9184
5310,天剛,55,0,55,群益金鼎-台中,2024-08-08,9184
00946,群益科技高息成長,47,0,47,群益金鼎-台中,2024-08-08,9184
1326,台化,47,1,46,群益金鼎-台中,2024-08-08,9184
4510,高鋒,196,152,44,群益金鼎-台中,2024-08-08,9184
1473,台南,43,0,43,群益金鼎-台中,2024-08-08,9184
00687B,國泰20年美債,88,46,42,群益金鼎-台中,2024-08-08,9184
00936,台新永續高息中小,41,0,41,群益金鼎-台中,2024-08-08,9184
00923,群益台ESG低碳50,41,3,38,群益金鼎-台中,2024-08-08,9184
00881,國泰台灣5G+,64,31,33,群益金鼎-台中,2024-08-08,9184
6015,宏遠證,32,0,32,群益金鼎-台中,2024-08-08,9184
2515,中工,42,10,32,群益金鼎-台中,2024-08-08,9184
1301,台塑,30,2,28,群益金鼎-台中,2024-08-08,9184
2615,萬海,70,42,28,群益金鼎-台中,2024-08-08,9184
9911,櫻花,29,1,28,群益金鼎-台中,2024-08-08,9184
2344,華邦電,42,16,26,群益金鼎-台中,2024-08-08,9184
00900,富邦特選高股息30,22,0,22,群益金鼎-台中,2024-08-08,9184
6207,雷科,25,3,22,群益金鼎-台中,2024-08-08,9184
2641,正德,22,0,22,群益金鼎-台中,2024-08-08,9184
00919,群益台灣精選高息,63,42,21,群益金鼎-台中,2024-08-08,9184
00915,凱基優選高股息30,31,10,21,群益金鼎-台中,2024-08-08,9184
00891,中信關鍵半導體,21,0,21,群益金鼎-台中,2024-08-08,9184
2405,輔信,20,0,20,群益金鼎-台中,2024-08-08,9184
9939,宏全,20,0,20,群益金鼎-台中,2024-08-08,9184
5512,力麒,20,0,20,群益金鼎-台中,2024-08-08,9184
2383,台光電,20,1,19,群益金鼎-台中,2024-08-08,9184
2365,昆盈,179,161,18,群益金鼎-台中,2024-08-08,9184
2382,廣達,33,16,17,群益金鼎-台中,2024-08-08,9184
00951,台新日本半導體,27,10,17,群益金鼎-台中,2024-08-08,9184
2330,台積電,23,7,16,群益金鼎-台中,2024-08-08,9184
2617,台航,16,0,16,群益金鼎-台中,2024-08-08,9184
3006,晶豪科,18,3,15,群益金鼎-台中,2024-08-08,9184
4906,正文,17,2,15,群益金鼎-台中,2024-08-08,9184
2834,臺企銀,13,0,13,群益金鼎-台中,2024-08-08,9184
00945B,凱基美國非投等債,13,0,13,群益金鼎-台中,2024-08-08,9184
2412,中華電,17,4,13,群益金鼎-台中,2024-08-08,9184
00720B,元大投資級公司債,12,0,12,群益金鼎-台中,2024-08-08,9184
2524,京城,13,1,12,群益金鼎-台中,2024-08-08,9184
00712,復華富時不動產,12,0,12,群益金鼎-台中,2024-08-08,9184
8028,昇陽半導體,15,3,12,群益金鼎-台中,2024-08-08,9184
00939,統一台灣高息動能,22,10,12,群益金鼎-台中,2024-08-08,9184
5483,中美晶,14,3,11,群益金鼎-台中,2024-08-08,9184
00937B,群益ESG投等債20,760,182,578,群益金鼎-台中,2024-08-09,9184
00632R,元大台灣50反1,230,0,230,群益金鼎-台中,2024-08-09,9184
00929,復華台灣科技優息,286,96,190,群益金鼎-台中,2024-08-09,9184
00664R,國泰臺灣加權反1,120,0,120,群益金鼎-台中,2024-08-09,9184
00679B,元大美債20年,100,0,100,群益金鼎-台中,2024-08-09,9184
00948B,中信優息投資級債,81,0,81,群益金鼎-台中,2024-08-09,9184
00931B,統一美債20年,69,2,67,群益金鼎-台中,2024-08-09,9184
00951,台新日本半導體,82,17,65,群益金鼎-台中,2024-08-09,9184
00680L,元大美債20正2,125,61,64,群益金鼎-台中,2024-08-09,9184
2337,旺宏,69,7,62,群益金鼎-台中,2024-08-09,9184
00934,中信成長高股息,60,0,60,群益金鼎-台中,2024-08-09,9184
00878,國泰永續高股息,81,22,59,群益金鼎-台中,2024-08-09,9184
1722,台肥,58,1,57,群益金鼎-台中,2024-08-09,9184
00907,永豐優息存股,52,0,52,群益金鼎-台中,2024-08-09,9184
00915,凱基優選高股息30,42,0,42,群益金鼎-台中,2024-08-09,9184
2353,宏��,41,0,41,群益金鼎-台中,2024-08-09,9184
6023,元大期,41,0,41,群益金鼎-台中,2024-08-09,9184
2365,昆盈,190,150,40,群益金鼎-台中,2024-08-09,9184
00900,富邦特選高股息30,36,0,36,群益金鼎-台中,2024-08-09,9184
6005,群益證,33,0,33,群益金鼎-台中,2024-08-09,9184
5310,天剛,46,13,33,群益金鼎-台中,2024-08-09,9184
2312,金寶,50,17,33,群益金鼎-台中,2024-08-09,9184
2885,元大金,30,0,30,群益金鼎-台中,2024-08-09,9184
3006,晶豪科,31,4,27,群益金鼎-台中,2024-08-09,9184
4909,新復興,74,48,26,群益金鼎-台中,2024-08-09,9184
00795B,中信美國公債20年,26,0,26,群益金鼎-台中,2024-08-09,9184
3044,健鼎,25,0,25,群益金鼎-台中,2024-08-09,9184
9911,櫻花,27,2,25,群益金鼎-台中,2024-08-09,9184
00919,群益台灣精選高息,62,39,23,群益金鼎-台中,2024-08-09,9184
3522,御嵿,22,1,21,群益金鼎-台中,2024-08-09,9184
00933B,國泰10Y+金融債,40,21,19,群益金鼎-台中,2024-08-09,9184
8096,擎亞,34,17,17,群益金鼎-台中,2024-08-09,9184
00673R,期元大S＆P原油反1,16,0,16,群益金鼎-台中,2024-08-09,9184
1714,和桐,16,0,16,群益金鼎-台中,2024-08-09,9184
00942B,台新美A公司債20+,17,2,15,群益金鼎-台中,2024-08-09,9184
2382,廣達,29,16,13,群益金鼎-台中,2024-08-09,9184
2301,光寶科,16,3,13,群益金鼎-台中,2024-08-09,9184
00904,新光臺灣半導體30,13,0,13,群益金鼎-台中,2024-08-09,9184
9941,裕融,13,0,13,群益金鼎-台中,2024-08-09,9184
4967,十銓,13,1,12,群益金鼎-台中,2024-08-09,9184
1312,國喬,12,0,12,群益金鼎-台中,2024-08-09,9184
8043,蜜望實,18,7,11,群益金鼎-台中,2024-08-09,9184
2243,宏旭-KY,30,19,11,群益金鼎-台中,2024-08-09,9184
8935,邦泰,11,0,11,群益金鼎-台中,2024-08-09,9184
00751B,元大AAA至A公司債,11,0,11,群益金鼎-台中,2024-08-09,9184
4157,太景*-KY,10,0,10,群益金鼎-台中,2024-08-09,9184
6285,啟��,13,3,10,群益金鼎-台中,2024-08-09,9184
2464,盟立,75,65,10,群益金鼎-台中,2024-08-09,9184
5483,中美晶,11,1,10,群益金鼎-台中,2024-08-09,9184
2852,第一保,10,0,10,群益金鼎-台中,2024-08-09,9184
00679B,元大美債20年,265,45,220,群益金鼎-台中,2024-08-12,9184
00680L,元大美債20正2,180,24,156,群益金鼎-台中,2024-08-12,9184
1326,台化,141,0,141,群益金鼎-台中,2024-08-12,9184
00688L,國泰20年美債正2,134,0,134,群益金鼎-台中,2024-08-12,9184
00900,富邦特選高股息30,109,0,109,群益金鼎-台中,2024-08-12,9184
1314,中石化,91,0,91,群益金鼎-台中,2024-08-12,9184
00933B,國泰10Y+金融債,75,5,70,群益金鼎-台中,2024-08-12,9184
00632R,元大台灣50反1,248,186,62,群益金鼎-台中,2024-08-12,9184
4510,高鋒,60,0,60,群益金鼎-台中,2024-08-12,9184
00931B,統一美債20年,41,0,41,群益金鼎-台中,2024-08-12,9184
2409,友達,41,1,40,群益金鼎-台中,2024-08-12,9184
00881,國泰台灣5G+,44,5,39,群益金鼎-台中,2024-08-12,9184
00936,台新永續高息中小,60,22,38,群益金鼎-台中,2024-08-12,9184
3481,群創,116,83,33,群益金鼎-台中,2024-08-12,9184
2312,金寶,280,247,33,群益金鼎-台中,2024-08-12,9184
4927,泰鼎-KY,32,0,32,群益金鼎-台中,2024-08-12,9184
00919,群益台灣精選高息,134,105,29,群益金鼎-台中,2024-08-12,9184
2883,凱基金,30,3,27,群益金鼎-台中,2024-08-12,9184
00673R,期元大S＆P原油反1,27,0,27,群益金鼎-台中,2024-08-12,9184
2365,昆盈,115,88,27,群益金鼎-台中,2024-08-12,9184
2891,中信金,26,0,26,群益金鼎-台中,2024-08-12,9184
00897,富邦基因免疫生技,25,0,25,群益金鼎-台中,2024-08-12,9184
0056,元大高股息,31,6,25,群益金鼎-台中,2024-08-12,9184
2633,台灣高鐵,20,0,20,群益金鼎-台中,2024-08-12,9184
2201,裕隆,20,0,20,群益金鼎-台中,2024-08-12,9184
2337,旺宏,27,7,20,群益金鼎-台中,2024-08-12,9184
2472,立隆電,20,0,20,群益金鼎-台中,2024-08-12,9184
2834,臺企銀,20,1,19,群益金鼎-台中,2024-08-12,9184
3006,晶豪科,21,4,17,群益金鼎-台中,2024-08-12,9184
2881,富邦金,16,0,16,群益金鼎-台中,2024-08-12,9184
00907,永豐優息存股,15,0,15,群益金鼎-台中,2024-08-12,9184
2356,英業達,25,10,15,群益金鼎-台中,2024-08-12,9184
3663,鑫科,109,94,15,群益金鼎-台中,2024-08-12,9184
3019,亞光,27,13,14,群益金鼎-台中,2024-08-12,9184
2489,瑞軒,30,18,12,群益金鼎-台中,2024-08-12,9184
4566,時碩工業,14,2,12,群益金鼎-台中,2024-08-12,9184
2002,中鋼,11,0,11,群益金鼎-台中,2024-08-12,9184
3010,華立,11,0,11,群益金鼎-台中,2024-08-12,9184
4306,炎洲,12,1,11,群益金鼎-台中,2024-08-12,9184
3520,華盈,10,0,10,群益金鼎-台中,2024-08-12,9184
3322,建舜電,10,0,10,群益金鼎-台中,2024-08-12,9184
5519,隆大,15,5,10,群益金鼎-台中,2024-08-12,9184
6177,達麗,20,10,10,群益金鼎-台中,2024-08-12,9184
2506,太設,34,24,10,群益金鼎-台中,2024-08-12,9184
1503,士電,21,11,10,群益金鼎-台中,2024-08-12,9184
00915,凱基優選高股息30,9,0,9,群益金鼎-台中,2024-08-12,9184
00795B,中信美國公債20年,9,0,9,群益金鼎-台中,2024-08-12,9184
00664R,國泰臺灣加權反1,10,1,9,群益金鼎-台中,2024-08-12,9184
3376,新日興,15,7,8,群益金鼎-台中,2024-08-12,9184
2359,所羅門,36,28,8,群益金鼎-台中,2024-08-12,9184
6757,台灣虎航,400,0,400,群益金鼎-台中,2024-08-13,9184
00632R,元大台灣50反1,358,20,338,群益金鼎-台中,2024-08-13,9184
00680L,元大美債20正2,220,3,217,群益金鼎-台中,2024-08-13,9184
00679B,元大美債20年,202,16,186,群益金鼎-台中,2024-08-13,9184
00948B,中信優息投資級債,160,0,160,群益金鼎-台中,2024-08-13,9184
00712,復華富時不動產,109,0,109,群益金鼎-台中,2024-08-13,9184
020027,元大上櫃ESG成長N,80,0,80,群益金鼎-台中,2024-08-13,9184
1722,台肥,117,37,80,群益金鼎-台中,2024-08-13,9184
00919,群益台灣精選高息,53,0,53,群益金鼎-台中,2024-08-13,9184
00773B,中信優先金融債,50,0,50,群益金鼎-台中,2024-08-13,9184
2615,萬海,68,27,41,群益金鼎-台中,2024-08-13,9184
00937B,群益ESG投等債20,154,113,41,群益金鼎-台中,2024-08-13,9184
2880,華南金,39,0,39,群益金鼎-台中,2024-08-13,9184
3706,神達,32,4,28,群益金鼎-台中,2024-08-13,9184
00945B,凱基美國非投等債,28,0,28,群益金鼎-台中,2024-08-13,9184
2382,廣達,38,11,27,群益金鼎-台中,2024-08-13,9184
00936,台新永續高息中小,26,0,26,群益金鼎-台中,2024-08-13,9184
2383,台光電,30,6,24,群益金鼎-台中,2024-08-13,9184
1301,台塑,25,2,23,群益金鼎-台中,2024-08-13,9184
1785,光洋科,24,1,23,群益金鼎-台中,2024-08-13,9184
1434,福懋,21,0,21,群益金鼎-台中,2024-08-13,9184
2886,兆豐金,20,0,20,群益金鼎-台中,2024-08-13,9184
5880,合庫金,26,6,20,群益金鼎-台中,2024-08-13,9184
2633,台灣高鐵,20,0,20,群益金鼎-台中,2024-08-13,9184
00900,富邦特選高股息30,19,0,19,群益金鼎-台中,2024-08-13,9184
00885,富邦越南,21,2,19,群益金鼎-台中,2024-08-13,9184
2002,中鋼,17,0,17,群益金鼎-台中,2024-08-13,9184
2891,中信金,19,2,17,群益金鼎-台中,2024-08-13,9184
1513,中興電,42,27,15,群益金鼎-台中,2024-08-13,9184
00687B,國泰20年美債,20,5,15,群益金鼎-台中,2024-08-13,9184
2362,藍天,30,15,15,群益金鼎-台中,2024-08-13,9184
6585,鼎基,19,4,15,群益金鼎-台中,2024-08-13,9184
2392,正崴,25,12,13,群益金鼎-台中,2024-08-13,9184
2515,中工,12,0,12,群益金鼎-台中,2024-08-13,9184
2504,國產,12,0,12,群益金鼎-台中,2024-08-13,9184
00673R,期元大S＆P原油反1,12,0,12,群益金鼎-台中,2024-08-13,9184
8076,伍豐,16,5,11,群益金鼎-台中,2024-08-13,9184
00904,新光臺灣半導體30,11,0,11,群益金鼎-台中,2024-08-13,9184
3048,益登,24,14,10,群益金鼎-台中,2024-08-13,9184
9105,泰金寶-DR,10,0,10,群益金鼎-台中,2024-08-13,9184
4157,太景*-KY,10,0,10,群益金鼎-台中,2024-08-13,9184
00676R,富邦臺灣加權反1,10,0,10,群益金鼎-台中,2024-08-13,9184
3006,晶豪科,11,1,10,群益金鼎-台中,2024-08-13,9184
4167,松瑞藥,11,1,10,群益金鼎-台中,2024-08-13,9184
1708,東鹼,14,4,10,群益金鼎-台中,2024-08-13,9184
1522,堤維西,22,12,10,群益金鼎-台中,2024-08-13,9184
2353,宏��,11,1,10,群益金鼎-台中,2024-08-13,9184
1815,富喬,14,4,10,群益金鼎-台中,2024-08-13,9184
4716,大立,12,2,10,群益金鼎-台中,2024-08-13,9184
2609,陽明,34,24,10,群益金鼎-台中,2024-08-13,9184
00680L,元大美債20正2,369,146,223,群益金鼎-台中,2024-08-14,9184
00642U,期元大S＆P石油,201,0,201,群益金鼎-台中,2024-08-14,9184
00688L,國泰20年美債正2,188,2,186,群益金鼎-台中,2024-08-14,9184
00679B,元大美債20年,93,18,75,群益金鼎-台中,2024-08-14,9184
00632R,元大台灣50反1,433,360,73,群益金鼎-台中,2024-08-14,9184
00948B,中信優息投資級債,70,0,70,群益金鼎-台中,2024-08-14,9184
1806,冠軍,60,0,60,群益金鼎-台中,2024-08-14,9184
4114,健喬,50,0,50,群益金鼎-台中,2024-08-14,9184
00900,富邦特選高股息30,42,0,42,群益金鼎-台中,2024-08-14,9184
3481,群創,41,2,39,群益金鼎-台中,2024-08-14,9184
00687B,國泰20年美債,38,13,25,群益金鼎-台中,2024-08-14,9184
2801,彰銀,25,0,25,群益金鼎-台中,2024-08-14,9184
2609,陽明,43,19,24,群益金鼎-台中,2024-08-14,9184
00934,中信成長高股息,28,5,23,群益金鼎-台中,2024-08-14,9184
3490,單井,25,2,23,群益金鼎-台中,2024-08-14,9184
00915,凱基優選高股息30,21,0,21,群益金鼎-台中,2024-08-14,9184
00857B,永豐20年美公債,21,0,21,群益金鼎-台中,2024-08-14,9184
1708,東鹼,25,4,21,群益金鼎-台中,2024-08-14,9184
2401,凌陽,25,4,21,群益金鼎-台中,2024-08-14,9184
5310,天剛,22,1,21,群益金鼎-台中,2024-08-14,9184
3013,晟銘電,35,14,21,群益金鼎-台中,2024-08-14,9184
00929,復華台灣科技優息,81,61,20,群益金鼎-台中,2024-08-14,9184
2317,鴻海,54,35,19,群益金鼎-台中,2024-08-14,9184
2356,英業達,31,13,18,群益金鼎-台中,2024-08-14,9184
1605,華新,20,2,18,群益金鼎-台中,2024-08-14,9184
2382,廣達,23,5,18,群益金鼎-台中,2024-08-14,9184
00637L,元大滬深300正2,17,0,17,群益金鼎-台中,2024-08-14,9184
1101,台泥,16,0,16,群益金鼎-台中,2024-08-14,9184
2349,錸德,23,7,16,群益金鼎-台中,2024-08-14,9184
3042,晶技,16,0,16,群益金鼎-台中,2024-08-14,9184
00945B,凱基美國非投等債,16,0,16,群益金鼎-台中,2024-08-14,9184
3522,御嵿,20,4,16,群益金鼎-台中,2024-08-14,9184
0056,元大高股息,15,0,15,群益金鼎-台中,2024-08-14,9184
2243,宏旭-KY,17,2,15,群益金鼎-台中,2024-08-14,9184
2362,藍天,22,7,15,群益金鼎-台中,2024-08-14,9184
6658,聯策,23,8,15,群益金鼎-台中,2024-08-14,9184
8033,雷虎,17,2,15,群益金鼎-台中,2024-08-14,9184
6257,矽格,15,1,14,群益金鼎-台中,2024-08-14,9184
2618,長榮航,19,6,13,群益金鼎-台中,2024-08-14,9184
2514,龍邦,12,0,12,群益金鼎-台中,2024-08-14,9184
00907,永豐優息存股,11,0,11,群益金鼎-台中,2024-08-14,9184
8028,昇陽半導體,35,24,11,群益金鼎-台中,2024-08-14,9184
1815,富喬,16,5,11,群益金鼎-台中,2024-08-14,9184
6274,台燿,13,3,10,群益金鼎-台中,2024-08-14,9184
1303,南亞,22,12,10,群益金鼎-台中,2024-08-14,9184
4564,元翎,20,10,10,群益金鼎-台中,2024-08-14,9184
00933B,國泰10Y+金融債,12,2,10,群益金鼎-台中,2024-08-14,9184
00897,富邦基因免疫生技,10,0,10,群益金鼎-台中,2024-08-14,9184
6706,惠特,22,12,10,群益金鼎-台中,2024-08-14,9184
00881,國泰台灣5G+,20,10,10,群益金鼎-台中,2024-08-14,9184
00929,復華台灣科技優息,526,74,452,群益金鼎-台中,2024-08-15,9184
2801,彰銀,324,1,323,群益金鼎-台中,2024-08-15,9184
00931B,統一美債20年,300,2,298,群益金鼎-台中,2024-08-15,9184
00680L,元大美債20正2,366,111,255,群益金鼎-台中,2024-08-15,9184
00878,國泰永續高股息,211,11,200,群益金鼎-台中,2024-08-15,9184
6757,台灣虎航,199,0,199,群益金鼎-台中,2024-08-15,9184
00679B,元大美債20年,239,68,171,群益金鼎-台中,2024-08-15,9184
00687B,國泰20年美債,130,6,124,群益金鼎-台中,2024-08-15,9184
00945B,凱基美國非投等債,108,1,107,群益金鼎-台中,2024-08-15,9184
1722,台肥,70,0,70,群益金鼎-台中,2024-08-15,9184
00900,富邦特選高股息30,74,7,67,群益金鼎-台中,2024-08-15,9184
1785,光洋科,76,20,56,群益金鼎-台中,2024-08-15,9184
00676R,富邦臺灣加權反1,45,0,45,群益金鼎-台中,2024-08-15,9184
5484,慧友,41,0,41,群益金鼎-台中,2024-08-15,9184
5488,松普,37,0,37,群益金鼎-台中,2024-08-15,9184
00881,國泰台灣5G+,45,9,36,群益金鼎-台中,2024-08-15,9184
2317,鴻海,61,29,32,群益金鼎-台中,2024-08-15,9184
5880,合庫金,26,0,26,群益金鼎-台中,2024-08-15,9184
2834,臺企銀,24,0,24,群益金鼎-台中,2024-08-15,9184
2883,凱基金,23,0,23,群益金鼎-台中,2024-08-15,9184
4306,炎洲,22,0,22,群益金鼎-台中,2024-08-15,9184
00795B,中信美國公債20年,20,0,20,群益金鼎-台中,2024-08-15,9184
020027,元大上櫃ESG成長N,40,20,20,群益金鼎-台中,2024-08-15,9184
4540,全球傳動,122,102,20,群益金鼎-台中,2024-08-15,9184
00688L,國泰20年美債正2,19,1,18,群益金鼎-台中,2024-08-15,9184
00933B,國泰10Y+金融債,56,40,16,群益金鼎-台中,2024-08-15,9184
9958,世紀鋼,17,1,16,群益金鼎-台中,2024-08-15,9184
2633,台灣高鐵,16,0,16,群益金鼎-台中,2024-08-15,9184
4927,泰鼎-KY,15,0,15,群益金鼎-台中,2024-08-15,9184
4555,氣立,19,4,15,群益金鼎-台中,2024-08-15,9184
2362,藍天,21,7,14,群益金鼎-台中,2024-08-15,9184
2504,國產,32,18,14,群益金鼎-台中,2024-08-15,9184
3188,鑫龍騰,14,0,14,群益金鼎-台中,2024-08-15,9184
2498,宏達電,18,4,14,群益金鼎-台中,2024-08-15,9184
2312,金寶,29,15,14,群益金鼎-台中,2024-08-15,9184
2359,所羅門,30,17,13,群益金鼎-台中,2024-08-15,9184
1504,東元,13,0,13,群益金鼎-台中,2024-08-15,9184
5519,隆大,13,0,13,群益金鼎-台中,2024-08-15,9184
00949,復華日本龍頭,14,1,13,群益金鼎-台中,2024-08-15,9184
3048,益登,19,6,13,群益金鼎-台中,2024-08-15,9184
2002,中鋼,15,2,13,群益金鼎-台中,2024-08-15,9184
1536,和大,14,2,12,群益金鼎-台中,2024-08-15,9184
2516,新建,12,0,12,群益金鼎-台中,2024-08-15,9184
1802,台玻,12,0,12,群益金鼎-台中,2024-08-15,9184
00894,中信小資高價30,13,2,11,群益金鼎-台中,2024-08-15,9184
1597,直得,15,4,11,群益金鼎-台中,2024-08-15,9184
3017,奇鋐,12,1,11,群益金鼎-台中,2024-08-15,9184
4987,科誠,10,0,10,群益金鼎-台中,2024-08-15,9184
4707,磐亞,10,0,10,群益金鼎-台中,2024-08-15,9184
00696B,富邦美債20年,10,0,10,群益金鼎-台中,2024-08-15,9184
00632R,元大台灣50反1,265,25,240,群益金鼎-台中,2024-08-16,9184
00687B,國泰20年美債,223,46,177,群益金鼎-台中,2024-08-16,9184
2890,永豐金,130,5,125,群益金鼎-台中,2024-08-16,9184
00948B,中信優息投資級債,100,1,99,群益金鼎-台中,2024-08-16,9184
00937B,群益ESG投等債20,71,9,62,群益金鼎-台中,2024-08-16,9184
6005,群益證,50,0,50,群益金鼎-台中,2024-08-16,9184
2349,錸德,42,3,39,群益金鼎-台中,2024-08-16,9184
5905,南仁湖,40,1,39,群益金鼎-台中,2024-08-16,9184
00857B,永豐20年美公債,36,1,35,群益金鼎-台中,2024-08-16,9184
1326,台化,40,5,35,群益金鼎-台中,2024-08-16,9184
2376,技嘉,38,4,34,群益金鼎-台中,2024-08-16,9184
6151,晉倫,40,9,31,群益金鼎-台中,2024-08-16,9184
00685L,群益臺灣加權正2,32,3,29,群益金鼎-台中,2024-08-16,9184
00795B,中信美國公債20年,27,0,27,群益金鼎-台中,2024-08-16,9184
2845,遠東銀,21,0,21,群益金鼎-台中,2024-08-16,9184
2834,臺企銀,22,1,21,群益金鼎-台中,2024-08-16,9184
00679B,元大美債20年,84,63,21,群益金鼎-台中,2024-08-16,9184
5011,久陽,22,2,20,群益金鼎-台中,2024-08-16,9184
5222,全訊,20,0,20,群益金鼎-台中,2024-08-16,9184
00696B,富邦美債20年,16,0,16,群益金鼎-台中,2024-08-16,9184
1536,和大,24,8,16,群益金鼎-台中,2024-08-16,9184
00680L,元大美債20正2,108,93,15,群益金鼎-台中,2024-08-16,9184
8021,尖點,14,0,14,群益金鼎-台中,2024-08-16,9184
1316,上曜,23,10,13,群益金鼎-台中,2024-08-16,9184
2618,長榮航,12,0,12,群益金鼎-台中,2024-08-16,9184
00919,群益台灣精選高息,12,0,12,群益金鼎-台中,2024-08-16,9184
1314,中石化,11,0,11,群益金鼎-台中,2024-08-16,9184
1449,佳和,11,0,11,群益金鼎-台中,2024-08-16,9184
3019,亞光,24,14,10,群益金鼎-台中,2024-08-16,9184
3712,永崴投控,17,7,10,群益金鼎-台中,2024-08-16,9184
00753L,中信中國50正2,10,0,10,群益金鼎-台中,2024-08-16,9184
2323,中環,201,191,10,群益金鼎-台中,2024-08-16,9184
3576,聯合再生,10,0,10,群益金鼎-台中,2024-08-16,9184
1442,名軒,12,2,10,群益金鼎-台中,2024-08-16,9184
3227,原相,19,9,10,群益金鼎-台中,2024-08-16,9184
4707,磐亞,10,0,10,群益金鼎-台中,2024-08-16,9184
4534,慶騰,9,0,9,群益金鼎-台中,2024-08-16,9184
2436,偉詮電,9,0,9,群益金鼎-台中,2024-08-16,9184
6658,聯策,14,5,9,群益金鼎-台中,2024-08-16,9184
2392,正崴,11,2,9,群益金鼎-台中,2024-08-16,9184
00664R,國泰臺灣加權反1,9,0,9,群益金鼎-台中,2024-08-16,9184
3056,富華新,11,2,9,群益金鼎-台中,2024-08-16,9184
2352,佳世達,11,2,9,群益金鼎-台中,2024-08-16,9184
00931B,統一美債20年,8,0,8,群益金鼎-台中,2024-08-16,9184
6143,振曜,9,1,8,群益金鼎-台中,2024-08-16,9184
1301,台塑,10,2,8,群益金鼎-台中,2024-08-16,9184
2545,皇翔,10,2,8,群益金鼎-台中,2024-08-16,9184
8071,能率網通,20,12,8,群益金鼎-台中,2024-08-16,9184
3017,奇鋐,13,5,8,群益金鼎-台中,2024-08-16,9184
00764B,群益25年美債,8,0,8,群益金鼎-台中,2024-08-16,9184
00937B,群益ESG投等債20,457,26,431,群益金鼎-台中,2024-08-19,9184
00687B,國泰20年美債,255,28,227,群益金鼎-台中,2024-08-19,9184
2888,新光金,302,162,140,群益金鼎-台中,2024-08-19,9184
00679B,元大美債20年,137,7,130,群益金鼎-台中,2024-08-19,9184
00642U,期元大S＆P石油,100,0,100,群益金鼎-台中,2024-08-19,9184
00680L,元大美債20正2,139,51,88,群益金鼎-台中,2024-08-19,9184
00665L,富邦�琤肭磪囓�2,80,0,80,群益金鼎-台中,2024-08-19,9184
00688L,國泰20年美債正2,74,1,73,群益金鼎-台中,2024-08-19,9184
1722,台肥,73,1,72,群益金鼎-台中,2024-08-19,9184
2537,聯上發,255,206,49,群益金鼎-台中,2024-08-19,9184
2324,仁寶,32,0,32,群益金鼎-台中,2024-08-19,9184
00931B,統一美債20年,31,0,31,群益金鼎-台中,2024-08-19,9184
3047,訊舟,254,224,30,群益金鼎-台中,2024-08-19,9184
00936,台新永續高息中小,26,0,26,群益金鼎-台中,2024-08-19,9184
00715L,期街口布蘭特正2,26,0,26,群益金鼎-台中,2024-08-19,9184
00942B,台新美A公司債20+,26,0,26,群益金鼎-台中,2024-08-19,9184
00933B,國泰10Y+金融債,21,0,21,群益金鼎-台中,2024-08-19,9184
2313,華通,22,2,20,群益金鼎-台中,2024-08-19,9184
4545,銘鈺,21,1,20,群益金鼎-台中,2024-08-19,9184
8028,昇陽半導體,61,41,20,群益金鼎-台中,2024-08-19,9184
4540,全球傳動,33,14,19,群益金鼎-台中,2024-08-19,9184
5512,力麒,20,1,19,群益金鼎-台中,2024-08-19,9184
2356,英業達,19,1,18,群益金鼎-台中,2024-08-19,9184
2002,中鋼,26,9,17,群益金鼎-台中,2024-08-19,9184
9904,寶成,16,0,16,群益金鼎-台中,2024-08-19,9184
2354,鴻準,27,11,16,群益金鼎-台中,2024-08-19,9184
00740B,富邦全球投等債,15,0,15,群益金鼎-台中,2024-08-19,9184
8104,錸寶,15,0,15,群益金鼎-台中,2024-08-19,9184
1905,華紙,15,0,15,群益金鼎-台中,2024-08-19,9184
00945B,凱基美國非投等債,15,0,15,群益金鼎-台中,2024-08-19,9184
3363,上詮,26,11,15,群益金鼎-台中,2024-08-19,9184
4523,永彰,13,0,13,群益金鼎-台中,2024-08-19,9184
2883,凱基金,13,0,13,群益金鼎-台中,2024-08-19,9184
1785,光洋科,20,7,13,群益金鼎-台中,2024-08-19,9184
1584,精剛,15,3,12,群益金鼎-台中,2024-08-19,9184
1536,和大,15,3,12,群益金鼎-台中,2024-08-19,9184
2615,萬海,32,20,12,群益金鼎-台中,2024-08-19,9184
00948B,中信優息投資級債,12,0,12,群益金鼎-台中,2024-08-19,9184
2362,藍天,16,4,12,群益金鼎-台中,2024-08-19,9184
3017,奇鋐,12,1,11,群益金鼎-台中,2024-08-19,9184
2887,台新金,11,0,11,群益金鼎-台中,2024-08-19,9184
3581,博磊,25,14,11,群益金鼎-台中,2024-08-19,9184
3324,雙鴻,14,4,10,群益金鼎-台中,2024-08-19,9184
5309,系統電,12,2,10,群益金鼎-台中,2024-08-19,9184
4927,泰鼎-KY,10,0,10,群益金鼎-台中,2024-08-19,9184
8033,雷虎,11,1,10,群益金鼎-台中,2024-08-19,9184
3537,堡達,10,0,10,群益金鼎-台中,2024-08-19,9184
9919,康那香,10,0,10,群益金鼎-台中,2024-08-19,9184
2367,燿華,12,2,10,群益金鼎-台中,2024-08-19,9184
3056,富華新,11,1,10,群益金鼎-台中,2024-08-19,9184
00937B,群益ESG投等債20,420,131,289,群益金鼎-台中,2024-08-20,9184
00687B,國泰20年美債,196,20,176,群益金鼎-台中,2024-08-20,9184
00642U,期元大S＆P石油,101,1,100,群益金鼎-台中,2024-08-20,9184
00885,富邦越南,80,0,80,群益金鼎-台中,2024-08-20,9184
00715L,期街口布蘭特正2,71,0,71,群益金鼎-台中,2024-08-20,9184
1326,台化,78,16,62,群益金鼎-台中,2024-08-20,9184
020027,元大上櫃ESG成長N,60,0,60,群益金鼎-台中,2024-08-20,9184
2897,王道銀行,50,0,50,群益金鼎-台中,2024-08-20,9184
2317,鴻海,63,17,46,群益金鼎-台中,2024-08-20,9184
4306,炎洲,36,0,36,群益金鼎-台中,2024-08-20,9184
2362,藍天,36,3,33,群益金鼎-台中,2024-08-20,9184
00948B,中信優息投資級債,33,0,33,群益金鼎-台中,2024-08-20,9184
3031,佰鴻,30,0,30,群益金鼎-台中,2024-08-20,9184
1303,南亞,29,0,29,群益金鼎-台中,2024-08-20,9184
2356,英業達,55,27,28,群益金鼎-台中,2024-08-20,9184
5310,天剛,23,0,23,群益金鼎-台中,2024-08-20,9184
5512,力麒,22,0,22,群益金鼎-台中,2024-08-20,9184
9939,宏全,22,1,21,群益金鼎-台中,2024-08-20,9184
00751B,元大AAA至A公司債,21,0,21,群益金鼎-台中,2024-08-20,9184
2618,長榮航,30,11,19,群益金鼎-台中,2024-08-20,9184
2537,聯上發,18,1,17,群益金鼎-台中,2024-08-20,9184
4540,全球傳動,23,7,16,群益金鼎-台中,2024-08-20,9184
2542,興富發,16,0,16,群益金鼎-台中,2024-08-20,9184
00772B,中信高評級公司債,13,0,13,群益金鼎-台中,2024-08-20,9184
8105,凌巨,19,6,13,群益金鼎-台中,2024-08-20,9184
00945B,凱基美國非投等債,14,1,13,群益金鼎-台中,2024-08-20,9184
2881,富邦金,22,10,12,群益金鼎-台中,2024-08-20,9184
5443,均豪,117,105,12,群益金鼎-台中,2024-08-20,9184
00795B,中信美國公債20年,12,0,12,群益金鼎-台中,2024-08-20,9184
4909,新復興,39,27,12,群益金鼎-台中,2024-08-20,9184
3047,訊舟,76,65,11,群益金鼎-台中,2024-08-20,9184
3056,富華新,11,0,11,群益金鼎-台中,2024-08-20,9184
2243,宏旭-KY,14,3,11,群益金鼎-台中,2024-08-20,9184
00719B,元大美債1-3,10,0,10,群益金鼎-台中,2024-08-20,9184
2312,金寶,31,21,10,群益金鼎-台中,2024-08-20,9184
00931B,統一美債20年,10,0,10,群益金鼎-台中,2024-08-20,9184
1905,華紙,10,0,10,群益金鼎-台中,2024-08-20,9184
2852,第一保,10,0,10,群益金鼎-台中,2024-08-20,9184
6122,擎邦,10,0,10,群益金鼎-台中,2024-08-20,9184
3019,亞光,23,14,9,群益金鼎-台中,2024-08-20,9184
2504,國產,12,3,9,群益金鼎-台中,2024-08-20,9184
3260,威剛,9,0,9,群益金鼎-台中,2024-08-20,9184
00680L,元大美債20正2,128,119,9,群益金鼎-台中,2024-08-20,9184
4562,穎漢,10,2,8,群益金鼎-台中,2024-08-20,9184
00923,群益台ESG低碳50,27,19,8,群益金鼎-台中,2024-08-20,9184
4513,福裕,10,2,8,群益金鼎-台中,2024-08-20,9184
4303,信立,12,4,8,群益金鼎-台中,2024-08-20,9184
5312,寶島科,8,0,8,群益金鼎-台中,2024-08-20,9184
3163,波若威,12,4,8,群益金鼎-台中,2024-08-20,9184
1786,科妍,7,0,7,群益金鼎-台中,2024-08-20,9184
00885,富邦越南,171,0,171,群益金鼎-台中,2024-08-21,9184
00676R,富邦臺灣加權反1,150,0,150,群益金鼎-台中,2024-08-21,9184
00919,群益台灣精選高息,150,21,129,群益金鼎-台中,2024-08-21,9184
2891,中信金,111,6,105,群益金鼎-台中,2024-08-21,9184
2888,新光金,368,267,101,群益金鼎-台中,2024-08-21,9184
00929,復華台灣科技優息,93,13,80,群益金鼎-台中,2024-08-21,9184
00936,台新永續高息中小,60,0,60,群益金鼎-台中,2024-08-21,9184
00795B,中信美國公債20年,81,24,57,群益金鼎-台中,2024-08-21,9184
00878,國泰永續高股息,71,17,54,群益金鼎-台中,2024-08-21,9184
00688L,國泰20年美債正2,41,5,36,群益金鼎-台中,2024-08-21,9184
2409,友達,33,0,33,群益金鼎-台中,2024-08-21,9184
4707,磐亞,33,0,33,群益金鼎-台中,2024-08-21,9184
6133,金橋,30,0,30,群益金鼎-台中,2024-08-21,9184
3576,聯合再生,30,1,29,群益金鼎-台中,2024-08-21,9184
00715L,期街口布蘭特正2,27,1,26,群益金鼎-台中,2024-08-21,9184
2356,英業達,30,5,25,群益金鼎-台中,2024-08-21,9184
00642U,期元大S＆P石油,24,0,24,群益金鼎-台中,2024-08-21,9184
2890,永豐金,25,3,22,群益金鼎-台中,2024-08-21,9184
3535,晶彩科,102,81,21,群益金鼎-台中,2024-08-21,9184
4510,高鋒,21,0,21,群益金鼎-台中,2024-08-21,9184
3581,博磊,23,3,20,群益金鼎-台中,2024-08-21,9184
3031,佰鴻,20,0,20,群益金鼎-台中,2024-08-21,9184
00934,中信成長高股息,19,0,19,群益金鼎-台中,2024-08-21,9184
2301,光寶科,32,13,19,群益金鼎-台中,2024-08-21,9184
3715,定穎投控,19,1,18,群益金鼎-台中,2024-08-21,9184
8299,群聯,19,1,18,群益金鼎-台中,2024-08-21,9184
8043,蜜望實,39,21,18,群益金鼎-台中,2024-08-21,9184
00945B,凱基美國非投等債,20,3,17,群益金鼎-台中,2024-08-21,9184
9935,慶豐富,16,0,16,群益金鼎-台中,2024-08-21,9184
3227,原相,27,11,16,群益金鼎-台中,2024-08-21,9184
2062,橋椿,39,24,15,群益金鼎-台中,2024-08-21,9184
3663,鑫科,20,6,14,群益金鼎-台中,2024-08-21,9184
2312,金寶,35,22,13,群益金鼎-台中,2024-08-21,9184
2330,台積電,16,3,13,群益金鼎-台中,2024-08-21,9184
4157,太景*-KY,12,0,12,群益金鼎-台中,2024-08-21,9184
2905,三商,11,0,11,群益金鼎-台中,2024-08-21,9184
4903,聯光通,11,0,11,群益金鼎-台中,2024-08-21,9184
4909,新復興,14,3,11,群益金鼎-台中,2024-08-21,9184
6005,群益證,10,0,10,群益金鼎-台中,2024-08-21,9184
6117,迎廣,13,3,10,群益金鼎-台中,2024-08-21,9184
6163,華電網,18,8,10,群益金鼎-台中,2024-08-21,9184
1815,富喬,18,8,10,群益金鼎-台中,2024-08-21,9184
3028,增你強,10,0,10,群益金鼎-台中,2024-08-21,9184
00706L,期元大S＆P日圓正2,10,0,10,群益金鼎-台中,2024-08-21,9184
1513,中興電,18,9,9,群益金鼎-台中,2024-08-21,9184
2610,華航,9,0,9,群益金鼎-台中,2024-08-21,9184
1609,大亞,35,26,9,群益金鼎-台中,2024-08-21,9184
00900,富邦特選高股息30,10,1,9,群益金鼎-台中,2024-08-21,9184
6754,匯僑設計,8,0,8,群益金鼎-台中,2024-08-21,9184
3062,建漢,12,4,8,群益金鼎-台中,2024-08-21,9184
00676R,富邦臺灣加權反1,250,0,250,群益金鼎-台中,2024-08-22,9184
00715L,期街口布蘭特正2,111,0,111,群益金鼎-台中,2024-08-22,9184
00687B,國泰20年美債,115,5,110,群益金鼎-台中,2024-08-22,9184
00929,復華台灣科技優息,186,95,91,群益金鼎-台中,2024-08-22,9184
00688L,國泰20年美債正2,88,0,88,群益金鼎-台中,2024-08-22,9184
00885,富邦越南,90,3,87,群益金鼎-台中,2024-08-22,9184
1449,佳和,86,1,85,群益金鼎-台中,2024-08-22,9184
1722,台肥,51,2,49,群益金鼎-台中,2024-08-22,9184
2891,中信金,110,70,40,群益金鼎-台中,2024-08-22,9184
00878,國泰永續高股息,38,0,38,群益金鼎-台中,2024-08-22,9184
4906,正文,50,13,37,群益金鼎-台中,2024-08-22,9184
4306,炎洲,37,0,37,群益金鼎-台中,2024-08-22,9184
1101,台泥,38,2,36,群益金鼎-台中,2024-08-22,9184
2504,國產,34,2,32,群益金鼎-台中,2024-08-22,9184
00679B,元大美債20年,44,12,32,群益金鼎-台中,2024-08-22,9184
4716,大立,156,126,30,群益金鼎-台中,2024-08-22,9184
2845,遠東銀,30,0,30,群益金鼎-台中,2024-08-22,9184
2537,聯上發,101,71,30,群益金鼎-台中,2024-08-22,9184
00680L,元大美債20正2,35,5,30,群益金鼎-台中,2024-08-22,9184
2637,慧洋-KY,33,7,26,群益金鼎-台中,2024-08-22,9184
1409,新纖,21,1,20,群益金鼎-台中,2024-08-22,9184
5309,系統電,59,40,19,群益金鼎-台中,2024-08-22,9184
2317,鴻海,48,29,19,群益金鼎-台中,2024-08-22,9184
6208,日揚,21,4,17,群益金鼎-台中,2024-08-22,9184
2881,富邦金,17,1,16,群益金鼎-台中,2024-08-22,9184
8096,擎亞,103,88,15,群益金鼎-台中,2024-08-22,9184
00713,元大台灣高息低波,15,0,15,群益金鼎-台中,2024-08-22,9184
00706L,期元大S＆P日圓正2,13,0,13,群益金鼎-台中,2024-08-22,9184
1784,訊聯,13,0,13,群益金鼎-台中,2024-08-22,9184
00881,國泰台灣5G+,13,0,13,群益金鼎-台中,2024-08-22,9184
3047,訊舟,159,147,12,群益金鼎-台中,2024-08-22,9184
2313,華通,12,1,11,群益金鼎-台中,2024-08-22,9184
6163,華電網,17,6,11,群益金鼎-台中,2024-08-22,9184
8028,昇陽半導體,29,18,11,群益金鼎-台中,2024-08-22,9184
3163,波若威,23,12,11,群益金鼎-台中,2024-08-22,9184
00939,統一台灣高息動能,10,0,10,群益金鼎-台中,2024-08-22,9184
00631L,元大台灣50正2,12,2,10,群益金鼎-台中,2024-08-22,9184
6547,高端疫苗,11,1,10,群益金鼎-台中,2024-08-22,9184
00942B,台新美A公司債20+,10,0,10,群益金鼎-台中,2024-08-22,9184
00945B,凱基美國非投等債,10,0,10,群益金鼎-台中,2024-08-22,9184
3011,今皓,11,1,10,群益金鼎-台中,2024-08-22,9184
1219,福壽,10,0,10,群益金鼎-台中,2024-08-22,9184
2362,藍天,14,4,10,群益金鼎-台中,2024-08-22,9184
3645,達邁,19,9,10,群益金鼎-台中,2024-08-22,9184
00692,富邦公司治理,10,0,10,群益金鼎-台中,2024-08-22,9184
4157,太景*-KY,10,0,10,群益金鼎-台中,2024-08-22,9184
9939,宏全,10,0,10,群益金鼎-台中,2024-08-22,9184
2382,廣達,12,2,10,群益金鼎-台中,2024-08-22,9184
2883,凱基金,10,1,9,群益金鼎-台中,2024-08-22,9184
2633,台灣高鐵,12,3,9,群益金鼎-台中,2024-08-22,9184
00942B,台新美A公司債20+,321,0,321,群益金鼎-台中,2024-08-23,9184
00687B,國泰20年美債,190,15,175,群益金鼎-台中,2024-08-23,9184
00878,國泰永續高股息,177,5,172,群益金鼎-台中,2024-08-23,9184
1326,台化,129,0,129,群益金鼎-台中,2024-08-23,9184
00688L,國泰20年美債正2,116,3,113,群益金鼎-台中,2024-08-23,9184
0056,元大高股息,114,4,110,群益金鼎-台中,2024-08-23,9184
00919,群益台灣精選高息,106,20,86,群益金鼎-台中,2024-08-23,9184
00929,復華台灣科技優息,218,150,68,群益金鼎-台中,2024-08-23,9184
4306,炎洲,63,1,62,群益金鼎-台中,2024-08-23,9184
2312,金寶,73,13,60,群益金鼎-台中,2024-08-23,9184
00679B,元大美債20年,53,0,53,群益金鼎-台中,2024-08-23,9184
4716,大立,62,17,45,群益金鼎-台中,2024-08-23,9184
00680L,元大美債20正2,44,2,42,群益金鼎-台中,2024-08-23,9184
5498,凱崴,40,0,40,群益金鼎-台中,2024-08-23,9184
2891,中信金,62,22,40,群益金鼎-台中,2024-08-23,9184
2845,遠東銀,31,0,31,群益金鼎-台中,2024-08-23,9184
2337,旺宏,33,2,31,群益金鼎-台中,2024-08-23,9184
6284,佳邦,31,1,30,群益金鼎-台中,2024-08-23,9184
4707,磐亞,36,7,29,群益金鼎-台中,2024-08-23,9184
1449,佳和,25,0,25,群益金鼎-台中,2024-08-23,9184
3189,景碩,55,32,23,群益金鼎-台中,2024-08-23,9184
00764B,群益25年美債,22,0,22,群益金鼎-台中,2024-08-23,9184
6208,日揚,27,5,22,群益金鼎-台中,2024-08-23,9184
5512,力麒,20,0,20,群益金鼎-台中,2024-08-23,9184
00713,元大台灣高息低波,18,0,18,群益金鼎-台中,2024-08-23,9184
00795B,中信美國公債20年,18,0,18,群益金鼎-台中,2024-08-23,9184
2317,鴻海,45,28,17,群益金鼎-台中,2024-08-23,9184
4513,福裕,29,13,16,群益金鼎-台中,2024-08-23,9184
1536,和大,19,4,15,群益金鼎-台中,2024-08-23,9184
2429,銘旺科,14,0,14,群益金鼎-台中,2024-08-23,9184
1711,永光,91,77,14,群益金鼎-台中,2024-08-23,9184
3231,緯創,32,19,13,群益金鼎-台中,2024-08-23,9184
00923,群益台ESG低碳50,14,2,12,群益金鼎-台中,2024-08-23,9184
4909,新復興,13,1,12,群益金鼎-台中,2024-08-23,9184
2303,聯電,14,2,12,群益金鼎-台中,2024-08-23,9184
6156,松上,16,4,12,群益金鼎-台中,2024-08-23,9184
3645,達邁,20,8,12,群益金鼎-台中,2024-08-23,9184
00915,凱基優選高股息30,15,3,12,群益金鼎-台中,2024-08-23,9184
2330,台積電,17,5,12,群益金鼎-台中,2024-08-23,9184
00712,復華富時不動產,11,0,11,群益金鼎-台中,2024-08-23,9184
00918,大華優利高填息30,12,1,11,群益金鼎-台中,2024-08-23,9184
8071,能率網通,24,13,11,群益金鼎-台中,2024-08-23,9184
2382,廣達,11,1,10,群益金鼎-台中,2024-08-23,9184
6754,匯僑設計,10,0,10,群益金鼎-台中,2024-08-23,9184
3715,定穎投控,11,1,10,群益金鼎-台中,2024-08-23,9184
00676R,富邦臺灣加權反1,10,0,10,群益金鼎-台中,2024-08-23,9184
5469,瀚宇博,10,0,10,群益金鼎-台中,2024-08-23,9184
4155,訊映,10,0,10,群益金鼎-台中,2024-08-23,9184
2362,藍天,11,1,10,群益金鼎-台中,2024-08-23,9184
00706L,期元大S＆P日圓正2,11,1,10,群益金鼎-台中,2024-08-23,9184
1722,台肥,109,5,104,群益金鼎-台中,2024-08-26,9184
020027,元大上櫃ESG成長N,100,0,100,群益金鼎-台中,2024-08-26,9184
00687B,國泰20年美債,95,0,95,群益金鼎-台中,2024-08-26,9184
00632R,元大台灣50反1,150,88,62,群益金鼎-台中,2024-08-26,9184
00676R,富邦臺灣加權反1,60,0,60,群益金鼎-台中,2024-08-26,9184
2409,友達,94,36,58,群益金鼎-台中,2024-08-26,9184
00679B,元大美債20年,76,19,57,群益金鼎-台中,2024-08-26,9184
00900,富邦特選高股息30,52,0,52,群益金鼎-台中,2024-08-26,9184
1609,大亞,46,3,43,群益金鼎-台中,2024-08-26,9184
2312,金寶,40,0,40,群益金鼎-台中,2024-08-26,9184
2845,遠東銀,41,3,38,群益金鼎-台中,2024-08-26,9184
00751B,元大AAA至A公司債,38,0,38,群益金鼎-台中,2024-08-26,9184
2891,中信金,63,27,36,群益金鼎-台中,2024-08-26,9184
00713,元大台灣高息低波,40,6,34,群益金鼎-台中,2024-08-26,9184
1802,台玻,34,3,31,群益金鼎-台中,2024-08-26,9184
2402,毅嘉,152,121,31,群益金鼎-台中,2024-08-26,9184
00919,群益台灣精選高息,59,31,28,群益金鼎-台中,2024-08-26,9184
4306,炎洲,38,10,28,群益金鼎-台中,2024-08-26,9184
4721,美琪瑪,25,0,25,群益金鼎-台中,2024-08-26,9184
00725B,國泰投資級公司債,21,0,21,群益金鼎-台中,2024-08-26,9184
2362,藍天,28,8,20,群益金鼎-台中,2024-08-26,9184
00671R,富邦NASDAQ反1,20,0,20,群益金鼎-台中,2024-08-26,9184
2880,華南金,21,1,20,群益金鼎-台中,2024-08-26,9184
8028,昇陽半導體,53,34,19,群益金鼎-台中,2024-08-26,9184
2208,台船,22,4,18,群益金鼎-台中,2024-08-26,9184
00927,群益半導體收益,21,3,18,群益金鼎-台中,2024-08-26,9184
2515,中工,20,2,18,群益金鼎-台中,2024-08-26,9184
8473,山林水,17,0,17,群益金鼎-台中,2024-08-26,9184
3227,原相,26,9,17,群益金鼎-台中,2024-08-26,9184
00929,復華台灣科技優息,31,17,14,群益金鼎-台中,2024-08-26,9184
1314,中石化,17,3,14,群益金鼎-台中,2024-08-26,9184
4973,廣穎,16,3,13,群益金鼎-台中,2024-08-26,9184
1101,台泥,12,0,12,群益金鼎-台中,2024-08-26,9184
00669R,國泰美國道瓊反1,12,0,12,群益金鼎-台中,2024-08-26,9184
2851,中再保,11,0,11,群益金鼎-台中,2024-08-26,9184
3615,安可,43,32,11,群益金鼎-台中,2024-08-26,9184
00882,中信中國高股息,11,0,11,群益金鼎-台中,2024-08-26,9184
6869,雲豹能源,12,2,10,群益金鼎-台中,2024-08-26,9184
6274,台燿,10,0,10,群益金鼎-台中,2024-08-26,9184
00731,復華富時高息低波,10,0,10,群益金鼎-台中,2024-08-26,9184
2520,冠德,11,1,10,群益金鼎-台中,2024-08-26,9184
00942B,台新美A公司債20+,10,0,10,群益金鼎-台中,2024-08-26,9184
6451,訊芯-KY,14,5,9,群益金鼎-台中,2024-08-26,9184
00941,中信上游半導體,13,4,9,群益金鼎-台中,2024-08-26,9184
3062,建漢,17,8,9,群益金鼎-台中,2024-08-26,9184
6133,金橋,14,5,9,群益金鼎-台中,2024-08-26,9184
3450,聯鈞,32,23,9,群益金鼎-台中,2024-08-26,9184
5371,中光電,9,0,9,群益金鼎-台中,2024-08-26,9184
00946,群益科技高息成長,30,21,9,群益金鼎-台中,2024-08-26,9184
00830,國泰費城半導體,10,1,9,群益金鼎-台中,2024-08-26,9184
00687B,國泰20年美債,132,13,119,群益金鼎-台中,2024-08-27,9184
00673R,期元大S＆P原油反1,76,0,76,群益金鼎-台中,2024-08-27,9184
00919,群益台灣精選高息,66,0,66,群益金鼎-台中,2024-08-27,9184
1303,南亞,51,0,51,群益金鼎-台中,2024-08-27,9184
3481,群創,210,159,51,群益金鼎-台中,2024-08-27,9184
00680L,元大美債20正2,40,0,40,群益金鼎-台中,2024-08-27,9184
2610,華航,69,38,31,群益金鼎-台中,2024-08-27,9184
00679B,元大美債20年,31,1,30,群益金鼎-台中,2024-08-27,9184
2312,金寶,32,5,27,群益金鼎-台中,2024-08-27,9184
2880,華南金,25,0,25,群益金鼎-台中,2024-08-27,9184
00712,復華富時不動產,25,0,25,群益金鼎-台中,2024-08-27,9184
8936,國統,22,0,22,群益金鼎-台中,2024-08-27,9184
00900,富邦特選高股息30,46,27,19,群益金鼎-台中,2024-08-27,9184
3013,晟銘電,33,14,19,群益金鼎-台中,2024-08-27,9184
2344,華邦電,18,0,18,群益金鼎-台中,2024-08-27,9184
00918,大華優利高填息30,18,0,18,群益金鼎-台中,2024-08-27,9184
2356,英業達,22,5,17,群益金鼎-台中,2024-08-27,9184
1316,上曜,17,0,17,群益金鼎-台中,2024-08-27,9184
1314,中石化,17,0,17,群益金鼎-台中,2024-08-27,9184
6143,振曜,18,1,17,群益金鼎-台中,2024-08-27,9184
00929,復華台灣科技優息,21,5,16,群益金鼎-台中,2024-08-27,9184
2615,萬海,24,9,15,群益金鼎-台中,2024-08-27,9184
2317,鴻海,15,1,14,群益金鼎-台中,2024-08-27,9184
5469,瀚宇博,17,3,14,群益金鼎-台中,2024-08-27,9184
8043,蜜望實,31,19,12,群益金鼎-台中,2024-08-27,9184
00942B,台新美A公司債20+,12,0,12,群益金鼎-台中,2024-08-27,9184
3006,晶豪科,11,0,11,群益金鼎-台中,2024-08-27,9184
2892,第一金,11,0,11,群益金鼎-台中,2024-08-27,9184
00931B,統一美債20年,10,0,10,群益金鼎-台中,2024-08-27,9184
2603,長榮,10,0,10,群益金鼎-台中,2024-08-27,9184
5876,上海商銀,10,0,10,群益金鼎-台中,2024-08-27,9184
2303,聯電,11,1,10,群益金鼎-台中,2024-08-27,9184
2412,中華電,10,0,10,群益金鼎-台中,2024-08-27,9184
1536,和大,23,13,10,群益金鼎-台中,2024-08-27,9184
8088,品安,10,0,10,群益金鼎-台中,2024-08-27,9184
3189,景碩,17,7,10,群益金鼎-台中,2024-08-27,9184
1711,永光,45,35,10,群益金鼎-台中,2024-08-27,9184
2440,太空梭,10,0,10,群益金鼎-台中,2024-08-27,9184
3033,威健,23,13,10,群益金鼎-台中,2024-08-27,9184
3498,陽程,21,11,10,群益金鼎-台中,2024-08-27,9184
2887,台新金,10,0,10,群益金鼎-台中,2024-08-27,9184
2429,銘旺科,10,1,9,群益金鼎-台中,2024-08-27,9184
8064,東捷,90,81,9,群益金鼎-台中,2024-08-27,9184
8111,立��,9,0,9,群益金鼎-台中,2024-08-27,9184
4707,磐亞,9,1,8,群益金鼎-台中,2024-08-27,9184
3576,聯合再生,10,2,8,群益金鼎-台中,2024-08-27,9184
2845,遠東銀,8,0,8,群益金鼎-台中,2024-08-27,9184
00951,台新日本半導體,8,1,7,群益金鼎-台中,2024-08-27,9184
00937B,群益ESG投等債20,156,149,7,群益金鼎-台中,2024-08-27,9184
2441,超豐,7,0,7,群益金鼎-台中,2024-08-27,9184
1722,台肥,214,0,214,群益金鼎-台中,2024-08-28,9184
6598,ABC-KY,130,0,130,群益金鼎-台中,2024-08-28,9184
00688L,國泰20年美債正2,101,0,101,群益金鼎-台中,2024-08-28,9184
00642U,期元大S＆P石油,100,0,100,群益金鼎-台中,2024-08-28,9184
00948B,中信優息投資級債,72,9,63,群益金鼎-台中,2024-08-28,9184
00929,復華台灣科技優息,70,9,61,群益金鼎-台中,2024-08-28,9184
00934,中信成長高股息,50,0,50,群益金鼎-台中,2024-08-28,9184
00919,群益台灣精選高息,60,16,44,群益金鼎-台中,2024-08-28,9184
3663,鑫科,54,10,44,群益金鼎-台中,2024-08-28,9184
00687B,國泰20年美債,48,18,30,群益金鼎-台中,2024-08-28,9184
2603,長榮,25,0,25,群益金鼎-台中,2024-08-28,9184
8039,台虹,50,27,23,群益金鼎-台中,2024-08-28,9184
8028,昇陽半導體,42,19,23,群益金鼎-台中,2024-08-28,9184
1326,台化,22,0,22,群益金鼎-台中,2024-08-28,9184
2392,正崴,33,12,21,群益金鼎-台中,2024-08-28,9184
3715,定穎投控,52,33,19,群益金鼎-台中,2024-08-28,9184
1536,和大,24,5,19,群益金鼎-台中,2024-08-28,9184
2887,台新金,32,15,17,群益金鼎-台中,2024-08-28,9184
00915,凱基優選高股息30,17,0,17,群益金鼎-台中,2024-08-28,9184
2489,瑞軒,16,1,15,群益金鼎-台中,2024-08-28,9184
00713,元大台灣高息低波,14,0,14,群益金鼎-台中,2024-08-28,9184
4303,信立,47,33,14,群益金鼎-台中,2024-08-28,9184
2880,華南金,14,0,14,群益金鼎-台中,2024-08-28,9184
00692,富邦公司治理,14,0,14,群益金鼎-台中,2024-08-28,9184
2409,友達,27,13,14,群益金鼎-台中,2024-08-28,9184
5443,均豪,88,74,14,群益金鼎-台中,2024-08-28,9184
2250,IKKA-KY,14,0,14,群益金鼎-台中,2024-08-28,9184
2405,輔信,13,0,13,群益金鼎-台中,2024-08-28,9184
2367,燿華,38,26,12,群益金鼎-台中,2024-08-28,9184
8096,擎亞,31,19,12,群益金鼎-台中,2024-08-28,9184
2609,陽明,15,3,12,群益金鼎-台中,2024-08-28,9184
2324,仁寶,13,2,11,群益金鼎-台中,2024-08-28,9184
5871,中租-KY,12,1,11,群益金鼎-台中,2024-08-28,9184
2633,台灣高鐵,10,0,10,群益金鼎-台中,2024-08-28,9184
8107,大億金茂,10,0,10,群益金鼎-台中,2024-08-28,9184
00676R,富邦臺灣加權反1,10,0,10,群益金鼎-台中,2024-08-28,9184
5880,合庫金,10,0,10,群益金鼎-台中,2024-08-28,9184
2891,中信金,44,35,9,群益金鼎-台中,2024-08-28,9184
2362,藍天,19,10,9,群益金鼎-台中,2024-08-28,9184
5386,青雲,40,31,9,群益金鼎-台中,2024-08-28,9184
00923,群益台ESG低碳50,15,6,9,群益金鼎-台中,2024-08-28,9184
3010,華立,14,6,8,群益金鼎-台中,2024-08-28,9184
2429,銘旺科,8,0,8,群益金鼎-台中,2024-08-28,9184
4721,美琪瑪,8,0,8,群益金鼎-台中,2024-08-28,9184
3522,御嵿,8,0,8,群益金鼎-台中,2024-08-28,9184
3260,威剛,8,0,8,群益金鼎-台中,2024-08-28,9184
00882,中信中國高股息,10,2,8,群益金鼎-台中,2024-08-28,9184
2883,凱基金,8,0,8,群益金鼎-台中,2024-08-28,9184
2867,三商壽,9,1,8,群益金鼎-台中,2024-08-28,9184
1506,正道,7,0,7,群益金鼎-台中,2024-08-28,9184
00687B,國泰20年美債,349,0,349,群益金鼎-台中,2024-08-29,9184
2891,中信金,104,1,103,群益金鼎-台中,2024-08-29,9184
00642U,期元大S＆P石油,101,0,101,群益金鼎-台中,2024-08-29,9184
00937B,群益ESG投等債20,507,414,93,群益金鼎-台中,2024-08-29,9184
00929,復華台灣科技優息,90,26,64,群益金鼎-台中,2024-08-29,9184
00948B,中信優息投資級債,57,0,57,群益金鼎-台中,2024-08-29,9184
1722,台肥,56,0,56,群益金鼎-台中,2024-08-29,9184
2537,聯上發,133,81,52,群益金鼎-台中,2024-08-29,9184
2412,中華電,51,0,51,群益金鼎-台中,2024-08-29,9184
00679B,元大美債20年,52,4,48,群益金鼎-台中,2024-08-29,9184
00688L,國泰20年美債正2,50,4,46,群益金鼎-台中,2024-08-29,9184
4306,炎洲,40,0,40,群益金鼎-台中,2024-08-29,9184
1101,台泥,37,0,37,群益金鼎-台中,2024-08-29,9184
8096,擎亞,60,28,32,群益金鼎-台中,2024-08-29,9184
2330,台積電,46,16,30,群益金鼎-台中,2024-08-29,9184
4510,高鋒,96,69,27,群益金鼎-台中,2024-08-29,9184
2367,燿華,68,44,24,群益金鼎-台中,2024-08-29,9184
00675L,富邦臺灣加權正2,26,2,24,群益金鼎-台中,2024-08-29,9184
00751B,元大AAA至A公司債,23,0,23,群益金鼎-台中,2024-08-29,9184
2880,華南金,21,0,21,群益金鼎-台中,2024-08-29,9184
3062,建漢,59,39,20,群益金鼎-台中,2024-08-29,9184
00959B,大華投等美債15Y+,17,0,17,群益金鼎-台中,2024-08-29,9184
3047,訊舟,52,36,16,群益金鼎-台中,2024-08-29,9184
2883,凱基金,30,14,16,群益金鼎-台中,2024-08-29,9184
00830,國泰費城半導體,17,1,16,群益金鼎-台中,2024-08-29,9184
2409,友達,19,4,15,群益金鼎-台中,2024-08-29,9184
3550,聯穎,42,27,15,群益金鼎-台中,2024-08-29,9184
00931B,統一美債20年,14,0,14,群益金鼎-台中,2024-08-29,9184
6603,富強鑫,60,46,14,群益金鼎-台中,2024-08-29,9184
1609,大亞,58,44,14,群益金鼎-台中,2024-08-29,9184
00919,群益台灣精選高息,27,15,12,群益金鼎-台中,2024-08-29,9184
2610,華航,65,53,12,群益金鼎-台中,2024-08-29,9184
00956,中信日經高股息,12,0,12,群益金鼎-台中,2024-08-29,9184
2887,台新金,25,13,12,群益金鼎-台中,2024-08-29,9184
2882,國泰金,11,0,11,群益金鼎-台中,2024-08-29,9184
00680L,元大美債20正2,29,18,11,群益金鼎-台中,2024-08-29,9184
6431,光麗-KY,11,0,11,群益金鼎-台中,2024-08-29,9184
2511,太子,10,0,10,群益金鼎-台中,2024-08-29,9184
1434,福懋,10,0,10,群益金鼎-台中,2024-08-29,9184
3558,神準,10,0,10,群益金鼎-台中,2024-08-29,9184
5512,力麒,10,0,10,群益金鼎-台中,2024-08-29,9184
1540,喬福,192,182,10,群益金鼎-台中,2024-08-29,9184
3455,由田,12,2,10,群益金鼎-台中,2024-08-29,9184
00918,大華優利高填息30,19,10,9,群益金鼎-台中,2024-08-29,9184
2376,技嘉,11,2,9,群益金鼎-台中,2024-08-29,9184
3437,榮創,17,8,9,群益金鼎-台中,2024-08-29,9184
3031,佰鴻,10,1,9,群益金鼎-台中,2024-08-29,9184
00715L,期街口布蘭特正2,24,15,9,群益金鼎-台中,2024-08-29,9184
1536,和大,12,4,8,群益金鼎-台中,2024-08-29,9184
2356,英業達,10,3,7,群益金鼎-台中,2024-08-29,9184
00632R,元大台灣50反1,434,10,424,群益金鼎-台中,2024-08-30,9184
00664R,國泰臺灣加權反1,300,0,300,群益金鼎-台中,2024-08-30,9184
00937B,群益ESG投等債20,373,112,261,群益金鼎-台中,2024-08-30,9184
00687B,國泰20年美債,240,127,113,群益金鼎-台中,2024-08-30,9184
2883,凱基金,115,5,110,群益金鼎-台中,2024-08-30,9184
00953B,群益優選非投等債,44,0,44,群益金鼎-台中,2024-08-30,9184
1785,光洋科,99,61,38,群益金鼎-台中,2024-08-30,9184
00751B,元大AAA至A公司債,35,0,35,群益金鼎-台中,2024-08-30,9184
00918,大華優利高填息30,44,10,34,群益金鼎-台中,2024-08-30,9184
4526,東台,178,148,30,群益金鼎-台中,2024-08-30,9184
1541,錩泰,33,4,29,群益金鼎-台中,2024-08-30,9184
3520,華盈,30,2,28,群益金鼎-台中,2024-08-30,9184
00673R,期元大S＆P原油反1,26,0,26,群益金鼎-台中,2024-08-30,9184
1711,永光,116,91,25,群益金鼎-台中,2024-08-30,9184
2409,友達,26,1,25,群益金鼎-台中,2024-08-30,9184
2313,華通,37,13,24,群益金鼎-台中,2024-08-30,9184
3576,聯合再生,24,0,24,群益金鼎-台中,2024-08-30,9184
1314,中石化,24,0,24,群益金鼎-台中,2024-08-30,9184
2891,中信金,30,7,23,群益金鼎-台中,2024-08-30,9184
2392,正崴,39,17,22,群益金鼎-台中,2024-08-30,9184
6257,矽格,45,24,21,群益金鼎-台中,2024-08-30,9184
6213,聯茂,27,6,21,群益金鼎-台中,2024-08-30,9184
3062,建漢,44,24,20,群益金鼎-台中,2024-08-30,9184
3015,全漢,20,0,20,群益金鼎-台中,2024-08-30,9184
2887,台新金,19,1,18,群益金鼎-台中,2024-08-30,9184
00915,凱基優選高股息30,16,0,16,群益金鼎-台中,2024-08-30,9184
2349,錸德,16,2,14,群益金鼎-台中,2024-08-30,9184
2543,皇昌,25,11,14,群益金鼎-台中,2024-08-30,9184
3013,晟銘電,15,2,13,群益金鼎-台中,2024-08-30,9184
2382,廣達,13,0,13,群益金鼎-台中,2024-08-30,9184
00713,元大台灣高息低波,12,0,12,群益金鼎-台中,2024-08-30,9184
4714,永捷,16,4,12,群益金鼎-台中,2024-08-30,9184
1722,台肥,26,15,11,群益金鼎-台中,2024-08-30,9184
2340,台亞,16,5,11,群益金鼎-台中,2024-08-30,9184
6706,惠特,17,7,10,群益金鼎-台中,2024-08-30,9184
8183,精星,10,0,10,群益金鼎-台中,2024-08-30,9184
3312,弘憶股,14,4,10,群益金鼎-台中,2024-08-30,9184
00929,復華台灣科技優息,44,34,10,群益金鼎-台中,2024-08-30,9184
1540,喬福,27,18,9,群益金鼎-台中,2024-08-30,9184
00882,中信中國高股息,11,2,9,群益金鼎-台中,2024-08-30,9184
3231,緯創,12,4,8,群益金鼎-台中,2024-08-30,9184
2886,兆豐金,10,2,8,群益金鼎-台中,2024-08-30,9184
8096,擎亞,42,34,8,群益金鼎-台中,2024-08-30,9184
8086,宏捷科,14,6,8,群益金鼎-台中,2024-08-30,9184
00715L,期街口布蘭特正2,21,13,8,群益金鼎-台中,2024-08-30,9184
6806,森崴能源,8,0,8,群益金鼎-台中,2024-08-30,9184
4716,大立,10,2,8,群益金鼎-台中,2024-08-30,9184
3374,精材,18,10,8,群益金鼎-台中,2024-08-30,9184
3019,亞光,25,18,7,群益金鼎-台中,2024-08-30,9184
00931B,統一美債20年,7,0,7,群益金鼎-台中,2024-08-30,9184
00937B,群益ESG投等債20,1378,371,1007,群益金鼎-台中,2024-09-02,9184
00687B,國泰20年美債,442,10,432,群益金鼎-台中,2024-09-02,9184
00632R,元大台灣50反1,340,0,340,群益金鼎-台中,2024-09-02,9184
00664R,國泰臺灣加權反1,300,0,300,群益金鼎-台中,2024-09-02,9184
00688L,國泰20年美債正2,148,0,148,群益金鼎-台中,2024-09-02,9184
8011,台通,222,93,129,群益金鼎-台中,2024-09-02,9184
2537,聯上發,259,150,109,群益金鼎-台中,2024-09-02,9184
1722,台肥,102,0,102,群益金鼎-台中,2024-09-02,9184
00948B,中信優息投資級債,100,0,100,群益金鼎-台中,2024-09-02,9184
00885,富邦越南,100,1,99,群益金鼎-台中,2024-09-02,9184
00715L,期街口布蘭特正2,99,2,97,群益金鼎-台中,2024-09-02,9184
1326,台化,95,0,95,群益金鼎-台中,2024-09-02,9184
00919,群益台灣精選高息,94,6,88,群益金鼎-台中,2024-09-02,9184
2883,凱基金,105,25,80,群益金鼎-台中,2024-09-02,9184
2615,萬海,78,10,68,群益金鼎-台中,2024-09-02,9184
020027,元大上櫃ESG成長N,60,0,60,群益金鼎-台中,2024-09-02,9184
2880,華南金,55,3,52,群益金鼎-台中,2024-09-02,9184
4951,精拓科,41,0,41,群益金鼎-台中,2024-09-02,9184
00680L,元大美債20正2,32,0,32,群益金鼎-台中,2024-09-02,9184
8076,伍豐,103,75,28,群益金鼎-台中,2024-09-02,9184
3576,聯合再生,28,0,28,群益金鼎-台中,2024-09-02,9184
1815,富喬,37,10,27,群益金鼎-台中,2024-09-02,9184
00772B,中信高評級公司債,27,2,25,群益金鼎-台中,2024-09-02,9184
00939,統一台灣高息動能,25,0,25,群益金鼎-台中,2024-09-02,9184
00679B,元大美債20年,24,1,23,群益金鼎-台中,2024-09-02,9184
00795B,中信美國公債20年,31,9,22,群益金鼎-台中,2024-09-02,9184
00665L,富邦�琤肭磪囓�2,20,0,20,群益金鼎-台中,2024-09-02,9184
1514,亞力,24,6,18,群益金鼎-台中,2024-09-02,9184
2392,正崴,40,23,17,群益金鼎-台中,2024-09-02,9184
6187,萬潤,26,9,17,群益金鼎-台中,2024-09-02,9184
1785,光洋科,112,96,16,群益金鼎-台中,2024-09-02,9184
1101,台泥,17,1,16,群益金鼎-台中,2024-09-02,9184
00669R,國泰美國道瓊反1,16,0,16,群益金鼎-台中,2024-09-02,9184
00915,凱基優選高股息30,26,10,16,群益金鼎-台中,2024-09-02,9184
00905,FT臺灣Smart,20,5,15,群益金鼎-台中,2024-09-02,9184
2349,錸德,48,34,14,群益金鼎-台中,2024-09-02,9184
2603,長榮,15,2,13,群益金鼎-台中,2024-09-02,9184
2352,佳世達,16,3,13,群益金鼎-台中,2024-09-02,9184
00900,富邦特選高股息30,15,2,13,群益金鼎-台中,2024-09-02,9184
3062,建漢,41,29,12,群益金鼎-台中,2024-09-02,9184
4510,高鋒,29,17,12,群益金鼎-台中,2024-09-02,9184
3163,波若威,19,7,12,群益金鼎-台中,2024-09-02,9184
2376,技嘉,16,5,11,群益金鼎-台中,2024-09-02,9184
00942B,台新美A公司債20+,11,0,11,群益金鼎-台中,2024-09-02,9184
2408,南亞科,11,0,11,群益金鼎-台中,2024-09-02,9184
00751B,元大AAA至A公司債,10,0,10,群益金鼎-台中,2024-09-02,9184
3231,緯創,13,4,9,群益金鼎-台中,2024-09-02,9184
4526,東台,68,59,9,群益金鼎-台中,2024-09-02,9184
2867,三商壽,8,0,8,群益金鼎-台中,2024-09-02,9184
2520,冠德,10,2,8,群益金鼎-台中,2024-09-02,9184
00937B,群益ESG投等債20,870,480,390,群益金鼎-台中,2024-09-03,9184
00687B,國泰20年美債,217,3,214,群益金鼎-台中,2024-09-03,9184
1326,台化,233,46,187,群益金鼎-台中,2024-09-03,9184
00948B,中信優息投資級債,177,0,177,群益金鼎-台中,2024-09-03,9184
00959B,大華投等美債15Y+,111,0,111,群益金鼎-台中,2024-09-03,9184
00688L,國泰20年美債正2,100,0,100,群益金鼎-台中,2024-09-03,9184
00929,復華台灣科技優息,148,51,97,群益金鼎-台中,2024-09-03,9184
3062,建漢,101,11,90,群益金鼎-台中,2024-09-03,9184
1101,台泥,54,0,54,群益金鼎-台中,2024-09-03,9184
2356,英業達,54,2,52,群益金鼎-台中,2024-09-03,9184
00680L,元大美債20正2,48,2,46,群益金鼎-台中,2024-09-03,9184
1609,大亞,61,19,42,群益金鼎-台中,2024-09-03,9184
00632R,元大台灣50反1,40,0,40,群益金鼎-台中,2024-09-03,9184
4714,永捷,52,13,39,群益金鼎-台中,2024-09-03,9184
2515,中工,36,0,36,群益金鼎-台中,2024-09-03,9184
00878,國泰永續高股息,35,0,35,群益金鼎-台中,2024-09-03,9184
6770,力積電,36,2,34,群益金鼎-台中,2024-09-03,9184
00713,元大台灣高息低波,33,0,33,群益金鼎-台中,2024-09-03,9184
1722,台肥,110,78,32,群益金鼎-台中,2024-09-03,9184
1434,福懋,32,0,32,群益金鼎-台中,2024-09-03,9184
2618,長榮航,62,30,32,群益金鼎-台中,2024-09-03,9184
3576,聯合再生,32,0,32,群益金鼎-台中,2024-09-03,9184
1815,富喬,42,13,29,群益金鼎-台中,2024-09-03,9184
3481,群創,29,1,28,群益金鼎-台中,2024-09-03,9184
00679B,元大美債20年,26,0,26,群益金鼎-台中,2024-09-03,9184
1785,光洋科,44,20,24,群益金鼎-台中,2024-09-03,9184
6472,保瑞,25,1,24,群益金鼎-台中,2024-09-03,9184
2537,聯上發,103,80,23,群益金鼎-台中,2024-09-03,9184
0056,元大高股息,42,20,22,群益金鼎-台中,2024-09-03,9184
4303,信立,22,0,22,群益金鼎-台中,2024-09-03,9184
2392,正崴,20,0,20,群益金鼎-台中,2024-09-03,9184
2547,日勝生,20,0,20,群益金鼎-台中,2024-09-03,9184
00637L,元大滬深300正2,18,0,18,群益金鼎-台中,2024-09-03,9184
3047,訊舟,121,103,18,群益金鼎-台中,2024-09-03,9184
1314,中石化,17,0,17,群益金鼎-台中,2024-09-03,9184
2610,華航,36,21,15,群益金鼎-台中,2024-09-03,9184
8111,立��,14,0,14,群益金鼎-台中,2024-09-03,9184
2408,南亞科,16,2,14,群益金鼎-台中,2024-09-03,9184
2486,一詮,32,18,14,群益金鼎-台中,2024-09-03,9184
2301,光寶科,17,4,13,群益金鼎-台中,2024-09-03,9184
00946,群益科技高息成長,23,10,13,群益金鼎-台中,2024-09-03,9184
1303,南亞,22,10,12,群益金鼎-台中,2024-09-03,9184
00939,統一台灣高息動能,13,1,12,群益金鼎-台中,2024-09-03,9184
4566,時碩工業,18,7,11,群益金鼎-台中,2024-09-03,9184
00940,元大台灣價值高息,17,6,11,群益金鼎-台中,2024-09-03,9184
2881,富邦金,11,1,10,群益金鼎-台中,2024-09-03,9184
2890,永豐金,10,0,10,群益金鼎-台中,2024-09-03,9184
2409,友達,16,6,10,群益金鼎-台中,2024-09-03,9184
8088,品安,10,0,10,群益金鼎-台中,2024-09-03,9184
2633,台灣高鐵,10,0,10,群益金鼎-台中,2024-09-03,9184
00940,元大台灣價值高息,756,11,745,群益金鼎-台中,2024-09-04,9184
00929,復華台灣科技優息,487,79,408,群益金鼎-台中,2024-09-04,9184
00919,群益台灣精選高息,350,109,241,群益金鼎-台中,2024-09-04,9184
00878,國泰永續高股息,274,54,220,群益金鼎-台中,2024-09-04,9184
00715L,期街口布蘭特正2,178,0,178,群益金鼎-台中,2024-09-04,9184
0056,元大高股息,167,8,159,群益金鼎-台中,2024-09-04,9184
1722,台肥,133,7,126,群益金鼎-台中,2024-09-04,9184
00688L,國泰20年美債正2,155,55,100,群益金鼎-台中,2024-09-04,9184
00706L,期元大S＆P日圓正2,90,0,90,群益金鼎-台中,2024-09-04,9184
00687B,國泰20年美債,121,36,85,群益金鼎-台中,2024-09-04,9184
2897,王道銀行,80,0,80,群益金鼎-台中,2024-09-04,9184
00680L,元大美債20正2,108,40,68,群益金鼎-台中,2024-09-04,9184
00927,群益半導體收益,65,0,65,群益金鼎-台中,2024-09-04,9184
00712,復華富時不動產,59,0,59,群益金鼎-台中,2024-09-04,9184
2891,中信金,58,7,51,群益金鼎-台中,2024-09-04,9184
2330,台積電,56,12,44,群益金鼎-台中,2024-09-04,9184
00915,凱基優選高股息30,43,0,43,群益金鼎-台中,2024-09-04,9184
2610,華航,43,1,42,群益金鼎-台中,2024-09-04,9184
00946,群益科技高息成長,42,0,42,群益金鼎-台中,2024-09-04,9184
00948B,中信優息投資級債,40,0,40,群益金鼎-台中,2024-09-04,9184
2511,太子,40,0,40,群益金鼎-台中,2024-09-04,9184
020027,元大上櫃ESG成長N,60,20,40,群益金鼎-台中,2024-09-04,9184
00665L,富邦�琤肭磪囓�2,40,0,40,群益金鼎-台中,2024-09-04,9184
00923,群益台ESG低碳50,71,35,36,群益金鼎-台中,2024-09-04,9184
2834,臺企銀,36,0,36,群益金鼎-台中,2024-09-04,9184
3231,緯創,39,4,35,群益金鼎-台中,2024-09-04,9184
4510,高鋒,104,72,32,群益金鼎-台中,2024-09-04,9184
2382,廣達,35,3,32,群益金鼎-台中,2024-09-04,9184
00881,國泰台灣5G+,33,1,32,群益金鼎-台中,2024-09-04,9184
2317,鴻海,75,44,31,群益金鼎-台中,2024-09-04,9184
2344,華邦電,31,0,31,群益金鼎-台中,2024-09-04,9184
2836,高雄銀,30,0,30,群益金鼎-台中,2024-09-04,9184
4306,炎洲,30,0,30,群益金鼎-台中,2024-09-04,9184
2547,日勝生,30,0,30,群益金鼎-台中,2024-09-04,9184
00676R,富邦臺灣加權反1,30,0,30,群益金鼎-台中,2024-09-04,9184
1434,福懋,30,0,30,群益金鼎-台中,2024-09-04,9184
2002,中鋼,30,0,30,群益金鼎-台中,2024-09-04,9184
5880,合庫金,30,1,29,群益金鼎-台中,2024-09-04,9184
2801,彰銀,27,0,27,群益金鼎-台中,2024-09-04,9184
2880,華南金,27,0,27,群益金鼎-台中,2024-09-04,9184
00918,大華優利高填息30,44,18,26,群益金鼎-台中,2024-09-04,9184
1101,台泥,25,0,25,群益金鼎-台中,2024-09-04,9184
1321,大洋,25,0,25,群益金鼎-台中,2024-09-04,9184
006208,富邦台50,27,2,25,群益金鼎-台中,2024-09-04,9184
2409,友達,46,22,24,群益金鼎-台中,2024-09-04,9184
1540,喬福,212,189,23,群益金鼎-台中,2024-09-04,9184
2498,宏達電,23,0,23,群益金鼎-台中,2024-09-04,9184
2408,南亞科,25,2,23,群益金鼎-台中,2024-09-04,9184
5512,力麒,20,0,20,群益金鼎-台中,2024-09-04,9184
1303,南亞,19,0,19,群益金鼎-台中,2024-09-04,9184
00632R,元大台灣50反1,760,292,468,群益金鼎-台中,2024-09-05,9184
00664R,國泰臺灣加權反1,300,0,300,群益金鼎-台中,2024-09-05,9184
00715L,期街口布蘭特正2,260,3,257,群益金鼎-台中,2024-09-05,9184
00946,群益科技高息成長,172,0,172,群益金鼎-台中,2024-09-05,9184
00919,群益台灣精選高息,161,63,98,群益金鼎-台中,2024-09-05,9184
00937B,群益ESG投等債20,281,193,88,群益金鼎-台中,2024-09-05,9184
00929,復華台灣科技優息,150,70,80,群益金鼎-台中,2024-09-05,9184
00676R,富邦臺灣加權反1,78,0,78,群益金鼎-台中,2024-09-05,9184
2344,華邦電,58,0,58,群益金鼎-台中,2024-09-05,9184
00885,富邦越南,56,3,53,群益金鼎-台中,2024-09-05,9184
2356,英業達,47,1,46,群益金鼎-台中,2024-09-05,9184
2317,鴻海,51,8,43,群益金鼎-台中,2024-09-05,9184
00939,統一台灣高息動能,72,31,41,群益金鼎-台中,2024-09-05,9184
020027,元大上櫃ESG成長N,40,0,40,群益金鼎-台中,2024-09-05,9184
020039,元大加權N,40,0,40,群益金鼎-台中,2024-09-05,9184
00671R,富邦NASDAQ反1,40,0,40,群益金鼎-台中,2024-09-05,9184
2408,南亞科,39,0,39,群益金鼎-台中,2024-09-05,9184
5512,力麒,35,0,35,群益金鼎-台中,2024-09-05,9184
1301,台塑,36,2,34,群益金鼎-台中,2024-09-05,9184
3019,亞光,44,11,33,群益金鼎-台中,2024-09-05,9184
2367,燿華,36,6,30,群益金鼎-台中,2024-09-05,9184
00953B,群益優選非投等債,30,0,30,群益金鼎-台中,2024-09-05,9184
2548,華固,30,0,30,群益金鼎-台中,2024-09-05,9184
00720B,元大投資級公司債,54,25,29,群益金鼎-台中,2024-09-05,9184
1434,福懋,31,3,28,群益金鼎-台中,2024-09-05,9184
2610,華航,27,2,25,群益金鼎-台中,2024-09-05,9184
00915,凱基優選高股息30,21,0,21,群益金鼎-台中,2024-09-05,9184
1785,光洋科,33,13,20,群益金鼎-台中,2024-09-05,9184
00712,復華富時不動產,26,7,19,群益金鼎-台中,2024-09-05,9184
2355,敬鵬,18,0,18,群益金鼎-台中,2024-09-05,9184
00951,台新日本半導體,26,8,18,群益金鼎-台中,2024-09-05,9184
00688L,國泰20年美債正2,38,22,16,群益金鼎-台中,2024-09-05,9184
2486,一詮,42,26,16,群益金鼎-台中,2024-09-05,9184
1609,大亞,18,4,14,群益金鼎-台中,2024-09-05,9184
2409,友達,19,5,14,群益金鼎-台中,2024-09-05,9184
2376,技嘉,13,1,12,群益金鼎-台中,2024-09-05,9184
5905,南仁湖,11,0,11,群益金鼎-台中,2024-09-05,9184
3413,京鼎,11,0,11,群益金鼎-台中,2024-09-05,9184
00927,群益半導體收益,11,0,11,群益金鼎-台中,2024-09-05,9184
2816,旺旺保,10,0,10,群益金鼎-台中,2024-09-05,9184
2371,大同,10,0,10,群益金鼎-台中,2024-09-05,9184
00753L,中信中國50正2,10,0,10,群益金鼎-台中,2024-09-05,9184
3545,敦泰,10,0,10,群益金鼎-台中,2024-09-05,9184
1506,正道,10,0,10,群益金鼎-台中,2024-09-05,9184
2547,日勝生,10,0,10,群益金鼎-台中,2024-09-05,9184
00904,新光臺灣半導體30,10,0,10,群益金鼎-台中,2024-09-05,9184
00706L,期元大S＆P日圓正2,10,0,10,群益金鼎-台中,2024-09-05,9184
2537,聯上發,48,38,10,群益金鼎-台中,2024-09-05,9184
00713,元大台灣高息低波,10,0,10,群益金鼎-台中,2024-09-05,9184
8054,安國,10,1,9,群益金鼎-台中,2024-09-05,9184
00687B,國泰20年美債,296,18,278,群益金鼎-台中,2024-09-06,9184
2897,王道銀行,100,0,100,群益金鼎-台中,2024-09-06,9184
00949,復華日本龍頭,61,2,59,群益金鼎-台中,2024-09-06,9184
00715L,期街口布蘭特正2,54,0,54,群益金鼎-台中,2024-09-06,9184
0056,元大高股息,42,2,40,群益金鼎-台中,2024-09-06,9184
8936,國統,40,1,39,群益金鼎-台中,2024-09-06,9184
3714,富采,39,0,39,群益金鼎-台中,2024-09-06,9184
1609,大亞,55,18,37,群益金鼎-台中,2024-09-06,9184
2355,敬鵬,39,2,37,群益金鼎-台中,2024-09-06,9184
2615,萬海,38,4,34,群益金鼎-台中,2024-09-06,9184
00915,凱基優選高股息30,39,6,33,群益金鼎-台中,2024-09-06,9184
2313,華通,34,8,26,群益金鼎-台中,2024-09-06,9184
8927,北基,28,3,25,群益金鼎-台中,2024-09-06,9184
00953B,群益優選非投等債,24,0,24,群益金鼎-台中,2024-09-06,9184
00951,台新日本半導體,23,0,23,群益金鼎-台中,2024-09-06,9184
8021,尖點,23,0,23,群益金鼎-台中,2024-09-06,9184
4707,磐亞,22,0,22,群益金鼎-台中,2024-09-06,9184
2603,長榮,22,0,22,群益金鼎-台中,2024-09-06,9184
6770,力積電,23,2,21,群益金鼎-台中,2024-09-06,9184
00919,群益台灣精選高息,70,50,20,群益金鼎-台中,2024-09-06,9184
00918,大華優利高填息30,20,0,20,群益金鼎-台中,2024-09-06,9184
2547,日勝生,20,0,20,群益金鼎-台中,2024-09-06,9184
8096,擎亞,35,16,19,群益金鼎-台中,2024-09-06,9184
00706L,期元大S＆P日圓正2,18,0,18,群益金鼎-台中,2024-09-06,9184
2617,台航,16,0,16,群益金鼎-台中,2024-09-06,9184
2002,中鋼,16,0,16,群益金鼎-台中,2024-09-06,9184
00929,復華台灣科技優息,67,52,15,群益金鼎-台中,2024-09-06,9184
2637,慧洋-KY,15,0,15,群益金鼎-台中,2024-09-06,9184
3167,大量,22,7,15,群益金鼎-台中,2024-09-06,9184
2409,友達,23,9,14,群益金鼎-台中,2024-09-06,9184
00946,群益科技高息成長,17,3,14,群益金鼎-台中,2024-09-06,9184
3663,鑫科,14,3,11,群益金鼎-台中,2024-09-06,9184
00830,國泰費城半導體,11,1,10,群益金鼎-台中,2024-09-06,9184
00632R,元大台灣50反1,60,50,10,群益金鼎-台中,2024-09-06,9184
00712,復華富時不動產,10,0,10,群益金鼎-台中,2024-09-06,9184
8935,邦泰,10,0,10,群益金鼎-台中,2024-09-06,9184
00945B,凱基美國非投等債,10,0,10,群益金鼎-台中,2024-09-06,9184
00878,國泰永續高股息,19,9,10,群益金鼎-台中,2024-09-06,9184
2609,陽明,16,7,9,群益金鼎-台中,2024-09-06,9184
1799,易威,9,0,9,群益金鼎-台中,2024-09-06,9184
2408,南亞科,10,2,8,群益金鼎-台中,2024-09-06,9184
6789,采鈺,8,0,8,群益金鼎-台中,2024-09-06,9184
1303,南亞,29,21,8,群益金鼎-台中,2024-09-06,9184
6270,倍微,10,2,8,群益金鼎-台中,2024-09-06,9184
6754,匯僑設計,8,0,8,群益金鼎-台中,2024-09-06,9184
1539,巨庭,42,34,8,群益金鼎-台中,2024-09-06,9184
6186,新潤,7,0,7,群益金鼎-台中,2024-09-06,9184
9941,裕融,7,0,7,群益金鼎-台中,2024-09-06,9184
00662,富邦NASDAQ,7,0,7,群益金鼎-台中,2024-09-06,9184
4561,健椿,12,5,7,群益金鼎-台中,2024-09-06,9184
00919,群益台灣精選高息,167,29,138,群益金鼎-台中,2024-09-09,9184
2801,彰銀,113,6,107,群益金鼎-台中,2024-09-09,9184
2891,中信金,74,3,71,群益金鼎-台中,2024-09-09,9184
00918,大華優利高填息30,69,0,69,群益金鼎-台中,2024-09-09,9184
00951,台新日本半導體,64,0,64,群益金鼎-台中,2024-09-09,9184
00676R,富邦臺灣加權反1,60,0,60,群益金鼎-台中,2024-09-09,9184
00715L,期街口布蘭特正2,56,0,56,群益金鼎-台中,2024-09-09,9184
00878,國泰永續高股息,50,0,50,群益金鼎-台中,2024-09-09,9184
00795B,中信美國公債20年,57,7,50,群益金鼎-台中,2024-09-09,9184
00650L,復華香港正2,50,0,50,群益金鼎-台中,2024-09-09,9184
00687B,國泰20年美債,85,35,50,群益金鼎-台中,2024-09-09,9184
00665L,富邦�琤肭磪囓�2,40,0,40,群益金鼎-台中,2024-09-09,9184
00940,元大台灣價值高息,45,6,39,群益金鼎-台中,2024-09-09,9184
00713,元大台灣高息低波,36,0,36,群益金鼎-台中,2024-09-09,9184
00881,國泰台灣5G+,35,0,35,群益金鼎-台中,2024-09-09,9184
6770,力積電,36,4,32,群益金鼎-台中,2024-09-09,9184
00943,兆豐電子高息等權,30,0,30,群益金鼎-台中,2024-09-09,9184
00915,凱基優選高股息30,36,7,29,群益金鼎-台中,2024-09-09,9184
00631L,元大台灣50正2,27,0,27,群益金鼎-台中,2024-09-09,9184
00680L,元大美債20正2,108,82,26,群益金鼎-台中,2024-09-09,9184
2881,富邦金,44,19,25,群益金鼎-台中,2024-09-09,9184
0056,元大高股息,36,13,23,群益金鼎-台中,2024-09-09,9184
00939,統一台灣高息動能,22,0,22,群益金鼎-台中,2024-09-09,9184
020027,元大上櫃ESG成長N,60,40,20,群益金鼎-台中,2024-09-09,9184
2330,台積電,23,4,19,群益金鼎-台中,2024-09-09,9184
2618,長榮航,21,2,19,群益金鼎-台中,2024-09-09,9184
00945B,凱基美國非投等債,17,0,17,群益金鼎-台中,2024-09-09,9184
2368,金像電,20,4,16,群益金鼎-台中,2024-09-09,9184
2317,鴻海,36,21,15,群益金鼎-台中,2024-09-09,9184
1540,喬福,99,84,15,群益金鼎-台中,2024-09-09,9184
00946,群益科技高息成長,15,0,15,群益金鼎-台中,2024-09-09,9184
2382,廣達,20,5,15,群益金鼎-台中,2024-09-09,9184
3715,定穎投控,21,6,15,群益金鼎-台中,2024-09-09,9184
2002,中鋼,20,6,14,群益金鼎-台中,2024-09-09,9184
00952,凱基台灣AI50,14,0,14,群益金鼎-台中,2024-09-09,9184
4576,大銀微系統,13,1,12,群益金鼎-台中,2024-09-09,9184
1473,台南,12,0,12,群益金鼎-台中,2024-09-09,9184
1806,冠軍,17,5,12,群益金鼎-台中,2024-09-09,9184
00753L,中信中國50正2,11,0,11,群益金鼎-台中,2024-09-09,9184
00948B,中信優息投資級債,11,0,11,群益金鼎-台中,2024-09-09,9184
3231,緯創,15,4,11,群益金鼎-台中,2024-09-09,9184
00675L,富邦臺灣加權正2,10,0,10,群益金鼎-台中,2024-09-09,9184
00637L,元大滬深300正2,10,0,10,群益金鼎-台中,2024-09-09,9184
2388,威盛,17,7,10,群益金鼎-台中,2024-09-09,9184
1722,台肥,70,60,10,群益金鼎-台中,2024-09-09,9184
5443,均豪,17,7,10,群益金鼎-台中,2024-09-09,9184
2885,元大金,10,0,10,群益金鼎-台中,2024-09-09,9184
00929,復華台灣科技優息,80,72,8,群益金鼎-台中,2024-09-09,9184
1316,上曜,11,3,8,群益金鼎-台中,2024-09-09,9184
00954,中信日本半導體,8,0,8,群益金鼎-台中,2024-09-09,9184
00957B,兆豐US優選投等債,4675,1067,3608,群益金鼎-台中,2024-09-10,9184
00919,群益台灣精選高息,216,55,161,群益金鼎-台中,2024-09-10,9184
00943,兆豐電子高息等權,160,0,160,群益金鼎-台中,2024-09-10,9184
00933B,國泰10Y+金融債,161,5,156,群益金鼎-台中,2024-09-10,9184
00946,群益科技高息成長,149,3,146,群益金鼎-台中,2024-09-10,9184
00940,元大台灣價值高息,103,13,90,群益金鼎-台中,2024-09-10,9184
00929,復華台灣科技優息,101,16,85,群益金鼎-台中,2024-09-10,9184
00878,國泰永續高股息,96,13,83,群益金鼎-台中,2024-09-10,9184
020027,元大上櫃ESG成長N,80,0,80,群益金鼎-台中,2024-09-10,9184
00725B,國泰投資級公司債,77,0,77,群益金鼎-台中,2024-09-10,9184
00952,凱基台灣AI50,94,22,72,群益金鼎-台中,2024-09-10,9184
00939,統一台灣高息動能,63,0,63,群益金鼎-台中,2024-09-10,9184
00720B,元大投資級公司債,70,7,63,群益金鼎-台中,2024-09-10,9184
9955,佳龍,66,5,61,群益金鼎-台中,2024-09-10,9184
2547,日勝生,60,0,60,群益金鼎-台中,2024-09-10,9184
1101,台泥,36,0,36,群益金鼎-台中,2024-09-10,9184
00676R,富邦臺灣加權反1,30,0,30,群益金鼎-台中,2024-09-10,9184
00680L,元大美債20正2,46,16,30,群益金鼎-台中,2024-09-10,9184
2382,廣達,34,10,24,群益金鼎-台中,2024-09-10,9184
3481,群創,24,4,20,群益金鼎-台中,2024-09-10,9184
1434,福懋,20,0,20,群益金鼎-台中,2024-09-10,9184
4909,新復興,30,10,20,群益金鼎-台中,2024-09-10,9184
5512,力麒,20,0,20,群益金鼎-台中,2024-09-10,9184
2376,技嘉,26,6,20,群益金鼎-台中,2024-09-10,9184
00688L,國泰20年美債正2,67,48,19,群益金鼎-台中,2024-09-10,9184
2337,旺宏,25,8,17,群益金鼎-台中,2024-09-10,9184
1540,喬福,81,64,17,群益金鼎-台中,2024-09-10,9184
1539,巨庭,29,13,16,群益金鼎-台中,2024-09-10,9184
2313,華通,28,12,16,群益金鼎-台中,2024-09-10,9184
1609,大亞,16,1,15,群益金鼎-台中,2024-09-10,9184
00918,大華優利高填息30,15,0,15,群益金鼎-台中,2024-09-10,9184
00948B,中信優息投資級債,17,2,15,群益金鼎-台中,2024-09-10,9184
00897,富邦基因免疫生技,30,15,15,群益金鼎-台中,2024-09-10,9184
9945,潤泰新,20,5,15,群益金鼎-台中,2024-09-10,9184
3231,緯創,15,1,14,群益金鼎-台中,2024-09-10,9184
8234,新漢,13,0,13,群益金鼎-台中,2024-09-10,9184
00642U,期元大S＆P石油,13,0,13,群益金鼎-台中,2024-09-10,9184
5443,均豪,31,18,13,群益金鼎-台中,2024-09-10,9184
4564,元翎,19,7,12,群益金鼎-台中,2024-09-10,9184
6152,百一,12,0,12,群益金鼎-台中,2024-09-10,9184
1605,華新,11,0,11,群益金鼎-台中,2024-09-10,9184
2356,英業達,14,3,11,群益金鼎-台中,2024-09-10,9184
00715L,期街口布蘭特正2,31,20,11,群益金鼎-台中,2024-09-10,9184
2867,三商壽,13,2,11,群益金鼎-台中,2024-09-10,9184
00713,元大台灣高息低波,24,13,11,群益金鼎-台中,2024-09-10,9184
2402,毅嘉,37,27,10,群益金鼎-台中,2024-09-10,9184
2104,國際中橡,11,1,10,群益金鼎-台中,2024-09-10,9184
2388,威盛,19,9,10,群益金鼎-台中,2024-09-10,9184
2331,精英,10,0,10,群益金鼎-台中,2024-09-10,9184
5452,佶優,10,0,10,群益金鼎-台中,2024-09-10,9184
00957B,兆豐US優選投等債,4840,4475,365,群益金鼎-台中,2024-09-11,9184
00687B,國泰20年美債,278,41,237,群益金鼎-台中,2024-09-11,9184
00706L,期元大S＆P日圓正2,114,5,109,群益金鼎-台中,2024-09-11,9184
00953B,群益優選非投等債,105,5,100,群益金鼎-台中,2024-09-11,9184
2891,中信金,93,1,92,群益金鼎-台中,2024-09-11,9184
00919,群益台灣精選高息,121,34,87,群益金鼎-台中,2024-09-11,9184
00715L,期街口布蘭特正2,70,1,69,群益金鼎-台中,2024-09-11,9184
1101,台泥,65,1,64,群益金鼎-台中,2024-09-11,9184
1722,台肥,80,25,55,群益金鼎-台中,2024-09-11,9184
00929,復華台灣科技優息,63,18,45,群益金鼎-台中,2024-09-11,9184
00878,國泰永續高股息,47,5,42,群益金鼎-台中,2024-09-11,9184
00918,大華優利高填息30,42,0,42,群益金鼎-台中,2024-09-11,9184
00915,凱基優選高股息30,44,3,41,群益金鼎-台中,2024-09-11,9184
2883,凱基金,41,2,39,群益金鼎-台中,2024-09-11,9184
2002,中鋼,40,8,32,群益金鼎-台中,2024-09-11,9184
1409,新纖,31,0,31,群益金鼎-台中,2024-09-11,9184
00934,中信成長高股息,28,0,28,群益金鼎-台中,2024-09-11,9184
6139,亞翔,28,5,23,群益金鼎-台中,2024-09-11,9184
00951,台新日本半導體,21,0,21,群益金鼎-台中,2024-09-11,9184
2884,玉山金,22,1,21,群益金鼎-台中,2024-09-11,9184
2547,日勝生,20,0,20,群益金鼎-台中,2024-09-11,9184
00665L,富邦�琤肭磪囓�2,20,0,20,群益金鼎-台中,2024-09-11,9184
00676R,富邦臺灣加權反1,20,0,20,群益金鼎-台中,2024-09-11,9184
2365,昆盈,20,4,16,群益金鼎-台中,2024-09-11,9184
5905,南仁湖,18,4,14,群益金鼎-台中,2024-09-11,9184
1316,上曜,29,15,14,群益金鼎-台中,2024-09-11,9184
1326,台化,14,0,14,群益金鼎-台中,2024-09-11,9184
2388,威盛,25,12,13,群益金鼎-台中,2024-09-11,9184
00882,中信中國高股息,13,0,13,群益金鼎-台中,2024-09-11,9184
3645,達邁,13,1,12,群益金鼎-台中,2024-09-11,9184
00712,復華富時不動產,11,0,11,群益金鼎-台中,2024-09-11,9184
00905,FT臺灣Smart,11,0,11,群益金鼎-台中,2024-09-11,9184
3019,亞光,12,2,10,群益金鼎-台中,2024-09-11,9184
2495,普安,10,0,10,群益金鼎-台中,2024-09-11,9184
00764B,群益25年美債,10,0,10,群益金鼎-台中,2024-09-11,9184
2444,兆勁,10,0,10,群益金鼎-台中,2024-09-11,9184
3715,定穎投控,11,1,10,群益金鼎-台中,2024-09-11,9184
2515,中工,10,0,10,群益金鼎-台中,2024-09-11,9184
3686,達能,10,0,10,群益金鼎-台中,2024-09-11,9184
1319,東陽,19,9,10,群益金鼎-台中,2024-09-11,9184
9939,宏全,10,0,10,群益金鼎-台中,2024-09-11,9184
0056,元大高股息,10,0,10,群益金鼎-台中,2024-09-11,9184
3363,上詮,10,1,9,群益金鼎-台中,2024-09-11,9184
00696B,富邦美債20年,10,1,9,群益金鼎-台中,2024-09-11,9184
3047,訊舟,26,17,9,群益金鼎-台中,2024-09-11,9184
2233,宇隆,11,2,9,群益金鼎-台中,2024-09-11,9184
00632R,元大台灣50反1,8,0,8,群益金鼎-台中,2024-09-11,9184
3437,榮創,8,0,8,群益金鼎-台中,2024-09-11,9184
6605,帝寶,8,0,8,群益金鼎-台中,2024-09-11,9184
2401,凌陽,7,0,7,群益金鼎-台中,2024-09-11,9184
00919,群益台灣精選高息,378,38,340,群益金鼎-台中,2024-09-12,9184
6152,百一,102,9,93,群益金鼎-台中,2024-09-12,9184
2891,中信金,92,1,91,群益金鼎-台中,2024-09-12,9184
00676R,富邦臺灣加權反1,80,0,80,群益金鼎-台中,2024-09-12,9184
00885,富邦越南,70,5,65,群益金鼎-台中,2024-09-12,9184
00632R,元大台灣50反1,55,0,55,群益金鼎-台中,2024-09-12,9184
00915,凱基優選高股息30,41,2,39,群益金鼎-台中,2024-09-12,9184
00918,大華優利高填息30,39,0,39,群益金鼎-台中,2024-09-12,9184
6405,悅城,22,0,22,群益金鼎-台中,2024-09-12,9184
00715L,期街口布蘭特正2,28,7,21,群益金鼎-台中,2024-09-12,9184
2104,國際中橡,21,0,21,群益金鼎-台中,2024-09-12,9184
00664R,國泰臺灣加權反1,20,0,20,群益金鼎-台中,2024-09-12,9184
3707,漢磊,18,0,18,群益金鼎-台中,2024-09-12,9184
1711,永光,25,8,17,群益金鼎-台中,2024-09-12,9184
00671R,富邦NASDAQ反1,13,0,13,群益金鼎-台中,2024-09-12,9184
00751B,元大AAA至A公司債,13,0,13,群益金鼎-台中,2024-09-12,9184
00948B,中信優息投資級債,19,6,13,群益金鼎-台中,2024-09-12,9184
2368,金像電,13,1,12,群益金鼎-台中,2024-09-12,9184
3580,友威科,16,5,11,群益金鼎-台中,2024-09-12,9184
00753L,中信中國50正2,11,0,11,群益金鼎-台中,2024-09-12,9184
6530,創威,123,112,11,群益金鼎-台中,2024-09-12,9184
00882,中信中國高股息,10,0,10,群益金鼎-台中,2024-09-12,9184
00900,富邦特選高股息30,10,0,10,群益金鼎-台中,2024-09-12,9184
1536,和大,21,11,10,群益金鼎-台中,2024-09-12,9184
2617,台航,10,0,10,群益金鼎-台中,2024-09-12,9184
8107,大億金茂,10,0,10,群益金鼎-台中,2024-09-12,9184
2438,翔耀,9,0,9,群益金鼎-台中,2024-09-12,9184
5460,同協,47,39,8,群益金鼎-台中,2024-09-12,9184
1527,鑽全,8,0,8,群益金鼎-台中,2024-09-12,9184
6246,臺龍,9,1,8,群益金鼎-台中,2024-09-12,9184
4526,東台,9,1,8,群益金鼎-台中,2024-09-12,9184
6111,大宇資,11,3,8,群益金鼎-台中,2024-09-12,9184
4714,永捷,8,0,8,群益金鼎-台中,2024-09-12,9184
6270,倍微,8,0,8,群益金鼎-台中,2024-09-12,9184
5443,均豪,60,53,7,群益金鼎-台中,2024-09-12,9184
1785,光洋科,8,1,7,群益金鼎-台中,2024-09-12,9184
6180,橘子,7,0,7,群益金鼎-台中,2024-09-12,9184
3481,群創,117,110,7,群益金鼎-台中,2024-09-12,9184
2349,錸德,6,0,6,群益金鼎-台中,2024-09-12,9184
1597,直得,8,2,6,群益金鼎-台中,2024-09-12,9184
6194,育富,30,24,6,群益金鼎-台中,2024-09-12,9184
2885,元大金,6,0,6,群益金鼎-台中,2024-09-12,9184
2887,台新金,33,28,5,群益金鼎-台中,2024-09-12,9184
3021,鴻名,5,0,5,群益金鼎-台中,2024-09-12,9184
00665L,富邦�琤肭磪囓�2,25,20,5,群益金鼎-台中,2024-09-12,9184
2514,龍邦,5,0,5,群益金鼎-台中,2024-09-12,9184
4563,百德,20,15,5,群益金鼎-台中,2024-09-12,9184
6589,台康生技,5,0,5,群益金鼎-台中,2024-09-12,9184
8249,菱光,91,86,5,群益金鼎-台中,2024-09-12,9184
6605,帝寶,5,0,5,群益金鼎-台中,2024-09-12,9184
00680L,元大美債20正2,781,15,766,群益金鼎-台中,2024-09-13,9184
00688L,國泰20年美債正2,257,27,230,群益金鼎-台中,2024-09-13,9184
1722,台肥,171,20,151,群益金鼎-台中,2024-09-13,9184
00929,復華台灣科技優息,449,328,121,群益金鼎-台中,2024-09-13,9184
00957B,兆豐US優選投等債,174,114,60,群益金鼎-台中,2024-09-13,9184
00687B,國泰20年美債,110,60,50,群益金鼎-台中,2024-09-13,9184
2897,王道銀行,50,0,50,群益金鼎-台中,2024-09-13,9184
00948B,中信優息投資級債,71,22,49,群益金鼎-台中,2024-09-13,9184
00915,凱基優選高股息30,68,23,45,群益金鼎-台中,2024-09-13,9184
00713,元大台灣高息低波,60,17,43,群益金鼎-台中,2024-09-13,9184
00885,富邦越南,40,0,40,群益金鼎-台中,2024-09-13,9184
3481,群創,34,1,33,群益金鼎-台中,2024-09-13,9184
00632R,元大台灣50反1,30,0,30,群益金鼎-台中,2024-09-13,9184
00940,元大台灣價值高息,31,8,23,群益金鼎-台中,2024-09-13,9184
1326,台化,24,1,23,群益金鼎-台中,2024-09-13,9184
2317,鴻海,28,8,20,群益金鼎-台中,2024-09-13,9184
3550,聯穎,22,2,20,群益金鼎-台中,2024-09-13,9184
2888,新光金,34,14,20,群益金鼎-台中,2024-09-13,9184
3047,訊舟,30,11,19,群益金鼎-台中,2024-09-13,9184
1708,東鹼,19,0,19,群益金鼎-台中,2024-09-13,9184
4540,全球傳動,21,2,19,群益金鼎-台中,2024-09-13,9184
2880,華南金,19,0,19,群益金鼎-台中,2024-09-13,9184
6117,迎廣,22,4,18,群益金鼎-台中,2024-09-13,9184
00679B,元大美債20年,18,1,17,群益金鼎-台中,2024-09-13,9184
3013,晟銘電,25,12,13,群益金鼎-台中,2024-09-13,9184
2062,橋椿,16,3,13,群益金鼎-台中,2024-09-13,9184
00933B,國泰10Y+金融債,12,0,12,群益金鼎-台中,2024-09-13,9184
1303,南亞,22,11,11,群益金鼎-台中,2024-09-13,9184
2368,金像電,11,0,11,群益金鼎-台中,2024-09-13,9184
3615,安可,13,2,11,群益金鼎-台中,2024-09-13,9184
5905,南仁湖,14,4,10,群益金鼎-台中,2024-09-13,9184
3011,今皓,11,1,10,群益金鼎-台中,2024-09-13,9184
00943,兆豐電子高息等權,10,0,10,群益金鼎-台中,2024-09-13,9184
3576,聯合再生,10,0,10,群益金鼎-台中,2024-09-13,9184
8070,長華*,22,12,10,群益金鼎-台中,2024-09-13,9184
8039,台虹,20,11,9,群益金鼎-台中,2024-09-13,9184
3492,長盛,9,0,9,群益金鼎-台中,2024-09-13,9184
2356,英業達,15,7,8,群益金鼎-台中,2024-09-13,9184
3163,波若威,11,3,8,群益金鼎-台中,2024-09-13,9184
9919,康那香,8,0,8,群益金鼎-台中,2024-09-13,9184
2023,燁輝,8,0,8,群益金鼎-台中,2024-09-13,9184
1799,易威,11,4,7,群益金鼎-台中,2024-09-13,9184
2444,兆勁,6,0,6,群益金鼎-台中,2024-09-13,9184
8064,東捷,19,13,6,群益金鼎-台中,2024-09-13,9184
6838,台新藥,6,0,6,群益金鼎-台中,2024-09-13,9184
8021,尖點,6,0,6,群益金鼎-台中,2024-09-13,9184
2449,京元電子,8,2,6,群益金鼎-台中,2024-09-13,9184
00673R,期元大S＆P原油反1,6,0,6,群益金鼎-台中,2024-09-13,9184
3303,岱稜,22,16,6,群益金鼎-台中,2024-09-13,9184
2603,長榮,6,0,6,群益金鼎-台中,2024-09-13,9184
00688L,國泰20年美債正2,492,26,466,群益金鼎-台中,2024-09-16,9184
00942B,台新美A公司債20+,368,0,368,群益金鼎-台中,2024-09-16,9184
1314,中石化,220,1,219,群益金鼎-台中,2024-09-16,9184
00687B,國泰20年美債,137,13,124,群益金鼎-台中,2024-09-16,9184
2601,益航,100,0,100,群益金鼎-台中,2024-09-16,9184
00878,國泰永續高股息,78,10,68,群益金鼎-台中,2024-09-16,9184
00945B,凱基美國非投等債,67,0,67,群益金鼎-台中,2024-09-16,9184
00948B,中信優息投資級債,52,0,52,群益金鼎-台中,2024-09-16,9184
8114,振樺電,45,1,44,群益金鼎-台中,2024-09-16,9184
2897,王道銀行,30,0,30,群益金鼎-台中,2024-09-16,9184
00715L,期街口布蘭特正2,30,6,24,群益金鼎-台中,2024-09-16,9184
4974,亞泰,28,5,23,群益金鼎-台中,2024-09-16,9184
00935,野村臺灣新科技50,21,0,21,群益金鼎-台中,2024-09-16,9184
4977,眾達-KY,24,3,21,群益金鼎-台中,2024-09-16,9184
020027,元大上櫃ESG成長N,40,20,20,群益金鼎-台中,2024-09-16,9184
2883,凱基金,20,1,19,群益金鼎-台中,2024-09-16,9184
00692,富邦公司治理,20,2,18,群益金鼎-台中,2024-09-16,9184
5443,均豪,26,9,17,群益金鼎-台中,2024-09-16,9184
00953B,群益優選非投等債,21,5,16,群益金鼎-台中,2024-09-16,9184
3207,耀勝,15,0,15,群益金鼎-台中,2024-09-16,9184
6530,創威,41,27,14,群益金鼎-台中,2024-09-16,9184
00857B,永豐20年美公債,14,0,14,群益金鼎-台中,2024-09-16,9184
8021,尖點,16,2,14,群益金鼎-台中,2024-09-16,9184
00680L,元大美債20正2,66,53,13,群益金鼎-台中,2024-09-16,9184
5243,乙盛-KY,17,5,12,群益金鼎-台中,2024-09-16,9184
3576,聯合再生,12,0,12,群益金鼎-台中,2024-09-16,9184
6151,晉倫,19,7,12,群益金鼎-台中,2024-09-16,9184
2609,陽明,13,1,12,群益金鼎-台中,2024-09-16,9184
6133,金橋,16,4,12,群益金鼎-台中,2024-09-16,9184
2313,華通,12,1,11,群益金鼎-台中,2024-09-16,9184
00671R,富邦NASDAQ反1,11,0,11,群益金鼎-台中,2024-09-16,9184
3374,精材,19,9,10,群益金鼎-台中,2024-09-16,9184
00642U,期元大S＆P石油,10,0,10,群益金鼎-台中,2024-09-16,9184
2801,彰銀,10,0,10,群益金鼎-台中,2024-09-16,9184
1301,台塑,13,3,10,群益金鼎-台中,2024-09-16,9184
00632R,元大台灣50反1,10,0,10,群益金鼎-台中,2024-09-16,9184
3715,定穎投控,12,2,10,群益金鼎-台中,2024-09-16,9184
8935,邦泰,10,0,10,群益金鼎-台中,2024-09-16,9184
00706L,期元大S＆P日圓正2,10,0,10,群益金鼎-台中,2024-09-16,9184
2520,冠德,10,0,10,群益金鼎-台中,2024-09-16,9184
00891,中信關鍵半導體,10,0,10,群益金鼎-台中,2024-09-16,9184
00753L,中信中國50正2,10,0,10,群益金鼎-台中,2024-09-16,9184
00637L,元大滬深300正2,9,0,9,群益金鼎-台中,2024-09-16,9184
8096,擎亞,12,3,9,群益金鼎-台中,2024-09-16,9184
1785,光洋科,43,34,9,群益金鼎-台中,2024-09-16,9184
2344,華邦電,8,0,8,群益金鼎-台中,2024-09-16,9184
2449,京元電子,8,0,8,群益金鼎-台中,2024-09-16,9184
5460,同協,16,9,7,群益金鼎-台中,2024-09-16,9184
2891,中信金,8,1,7,群益金鼎-台中,2024-09-16,9184
1303,南亞,20,13,7,群益金鼎-台中,2024-09-16,9184
00929,復華台灣科技優息,515,37,478,群益金鼎-台中,2024-09-18,9184
2888,新光金,679,330,349,群益金鼎-台中,2024-09-18,9184
00933B,國泰10Y+金融債,275,0,275,群益金鼎-台中,2024-09-18,9184
00687B,國泰20年美債,212,0,212,群益金鼎-台中,2024-09-18,9184
00919,群益台灣精選高息,239,64,175,群益金鼎-台中,2024-09-18,9184
00680L,元大美債20正2,174,8,166,群益金鼎-台中,2024-09-18,9184
3024,憶聲,156,0,156,群益金鼎-台中,2024-09-18,9184
00946,群益科技高息成長,153,0,153,群益金鼎-台中,2024-09-18,9184
2867,三商壽,141,1,140,群益金鼎-台中,2024-09-18,9184
00952,凱基台灣AI50,130,18,112,群益金鼎-台中,2024-09-18,9184
00935,野村臺灣新科技50,136,36,100,群益金鼎-台中,2024-09-18,9184
1722,台肥,100,2,98,群益金鼎-台中,2024-09-18,9184
00688L,國泰20年美債正2,115,21,94,群益金鼎-台中,2024-09-18,9184
00951,台新日本半導體,85,13,72,群益金鼎-台中,2024-09-18,9184
00915,凱基優選高股息30,67,12,55,群益金鼎-台中,2024-09-18,9184
00878,國泰永續高股息,117,71,46,群益金鼎-台中,2024-09-18,9184
2317,鴻海,47,2,45,群益金鼎-台中,2024-09-18,9184
2891,中信金,114,73,41,群益金鼎-台中,2024-09-18,9184
00713,元大台灣高息低波,34,0,34,群益金鼎-台中,2024-09-18,9184
0056,元大高股息,38,4,34,群益金鼎-台中,2024-09-18,9184
00940,元大台灣價值高息,46,14,32,群益金鼎-台中,2024-09-18,9184
8163,達方,31,0,31,群益金鼎-台中,2024-09-18,9184
00720B,元大投資級公司債,31,0,31,群益金鼎-台中,2024-09-18,9184
1907,永豐餘,27,0,27,群益金鼎-台中,2024-09-18,9184
6274,台燿,26,0,26,群益金鼎-台中,2024-09-18,9184
2313,華通,27,2,25,群益金鼎-台中,2024-09-18,9184
6609,瀧澤科,66,42,24,群益金鼎-台中,2024-09-18,9184
8114,振樺電,22,0,22,群益金鼎-台中,2024-09-18,9184
2303,聯電,30,9,21,群益金鼎-台中,2024-09-18,9184
3122,笙泉,20,0,20,群益金鼎-台中,2024-09-18,9184
5272,笙科,20,0,20,群益金鼎-台中,2024-09-18,9184
00881,國泰台灣5G+,20,1,19,群益金鼎-台中,2024-09-18,9184
00795B,中信美國公債20年,19,0,19,群益金鼎-台中,2024-09-18,9184
3189,景碩,23,5,18,群益金鼎-台中,2024-09-18,9184
3049,精金,27,9,18,群益金鼎-台中,2024-09-18,9184
4934,太極,15,0,15,群益金鼎-台中,2024-09-18,9184
00945B,凱基美國非投等債,15,0,15,群益金鼎-台中,2024-09-18,9184
00930,永豐ESG低碳高息,15,0,15,群益金鼎-台中,2024-09-18,9184
2201,裕隆,19,4,15,群益金鼎-台中,2024-09-18,9184
3037,欣興,16,2,14,群益金鼎-台中,2024-09-18,9184
1539,巨庭,19,5,14,群益金鼎-台中,2024-09-18,9184
4716,大立,16,2,14,群益金鼎-台中,2024-09-18,9184
2353,宏��,14,1,13,群益金鼎-台中,2024-09-18,9184
00943,兆豐電子高息等權,12,0,12,群益金鼎-台中,2024-09-18,9184
6194,育富,13,1,12,群益金鼎-台中,2024-09-18,9184
1718,中纖,12,0,12,群益金鼎-台中,2024-09-18,9184
2382,廣達,12,1,11,群益金鼎-台中,2024-09-18,9184
3042,晶技,12,1,11,群益金鼎-台中,2024-09-18,9184
8935,邦泰,11,0,11,群益金鼎-台中,2024-09-18,9184
2449,京元電子,39,28,11,群益金鼎-台中,2024-09-18,9184
00688L,國泰20年美債正2,257,0,257,群益金鼎-台中,2024-09-19,9184
00632R,元大台灣50反1,182,15,167,群益金鼎-台中,2024-09-19,9184
00795B,中信美國公債20年,122,0,122,群益金鼎-台中,2024-09-19,9184
00679B,元大美債20年,103,4,99,群益金鼎-台中,2024-09-19,9184
00687B,國泰20年美債,243,149,94,群益金鼎-台中,2024-09-19,9184
00942B,台新美A公司債20+,75,0,75,群益金鼎-台中,2024-09-19,9184
00915,凱基優選高股息30,84,11,73,群益金鼎-台中,2024-09-19,9184
00958B,永豐ESG銀行債15,57,2,55,群益金鼎-台中,2024-09-19,9184
00885,富邦越南,50,0,50,群益金鼎-台中,2024-09-19,9184
00931B,統一美債20年,45,0,45,群益金鼎-台中,2024-09-19,9184
00957B,兆豐US優選投等債,126,86,40,群益金鼎-台中,2024-09-19,9184
3360,尚立,54,18,36,群益金鼎-台中,2024-09-19,9184
00948B,中信優息投資級債,34,0,34,群益金鼎-台中,2024-09-19,9184
2344,華邦電,29,1,28,群益金鼎-台中,2024-09-19,9184
00706L,期元大S＆P日圓正2,25,0,25,群益金鼎-台中,2024-09-19,9184
6667,信紘科,24,1,23,群益金鼎-台中,2024-09-19,9184
4401,東隆興,20,2,18,群益金鼎-台中,2024-09-19,9184
2371,大同,19,1,18,群益金鼎-台中,2024-09-19,9184
1536,和大,18,1,17,群益金鼎-台中,2024-09-19,9184
3663,鑫科,21,5,16,群益金鼎-台中,2024-09-19,9184
1711,永光,78,63,15,群益金鼎-台中,2024-09-19,9184
2497,怡利電,27,12,15,群益金鼎-台中,2024-09-19,9184
3492,長盛,15,0,15,群益金鼎-台中,2024-09-19,9184
00753L,中信中國50正2,15,0,15,群益金鼎-台中,2024-09-19,9184
3062,建漢,59,45,14,群益金鼎-台中,2024-09-19,9184
00934,中信成長高股息,14,0,14,群益金鼎-台中,2024-09-19,9184
00715L,期街口布蘭特正2,17,3,14,群益金鼎-台中,2024-09-19,9184
4729,熒茂,15,2,13,群益金鼎-台中,2024-09-19,9184
00946,群益科技高息成長,13,0,13,群益金鼎-台中,2024-09-19,9184
2542,興富發,18,5,13,群益金鼎-台中,2024-09-19,9184
00764B,群益25年美債,13,0,13,群益金鼎-台中,2024-09-19,9184
00882,中信中國高股息,11,0,11,群益金鼎-台中,2024-09-19,9184
5905,南仁湖,29,18,11,群益金鼎-台中,2024-09-19,9184
00664R,國泰臺灣加權反1,10,0,10,群益金鼎-台中,2024-09-19,9184
020027,元大上櫃ESG成長N,10,0,10,群益金鼎-台中,2024-09-19,9184
00944,野村趨勢動能高息,10,0,10,群益金鼎-台中,2024-09-19,9184
00650L,復華香港正2,10,0,10,群益金鼎-台中,2024-09-19,9184
2915,潤泰全,10,0,10,群益金鼎-台中,2024-09-19,9184
4979,華星光,30,20,10,群益金鼎-台中,2024-09-19,9184
3413,京鼎,11,1,10,群益金鼎-台中,2024-09-19,9184
6288,聯嘉,25,16,9,群益金鼎-台中,2024-09-19,9184
6127,九豪,10,1,9,群益金鼎-台中,2024-09-19,9184
3230,錦明,16,7,9,群益金鼎-台中,2024-09-19,9184
8249,菱光,8,0,8,群益金鼎-台中,2024-09-19,9184
00927,群益半導體收益,8,0,8,群益金鼎-台中,2024-09-19,9184
2367,燿華,8,0,8,群益金鼎-台中,2024-09-19,9184
3363,上詮,40,32,8,群益金鼎-台中,2024-09-19,9184
6285,啟��,9,2,7,群益金鼎-台中,2024-09-19,9184
2477,美隆電,25,18,7,群益金鼎-台中,2024-09-19,9184
3548,兆利,12,5,7,群益金鼎-台中,2024-09-19,9184
00679B,元大美債20年,123,10,113,群益金鼎-台中,2024-09-20,9184
2547,日勝生,115,3,112,群益金鼎-台中,2024-09-20,9184
00688L,國泰20年美債正2,155,61,94,群益金鼎-台中,2024-09-20,9184
00687B,國泰20年美債,137,61,76,群益金鼎-台中,2024-09-20,9184
00795B,中信美國公債20年,76,2,74,群益金鼎-台中,2024-09-20,9184
00948B,中信優息投資級債,60,0,60,群益金鼎-台中,2024-09-20,9184
1326,台化,57,2,55,群益金鼎-台中,2024-09-20,9184
00933B,國泰10Y+金融債,55,0,55,群益金鼎-台中,2024-09-20,9184
00720B,元大投資級公司債,54,0,54,群益金鼎-台中,2024-09-20,9184
3673,TPK-KY,58,4,54,群益金鼎-台中,2024-09-20,9184
00945B,凱基美國非投等債,50,0,50,群益金鼎-台中,2024-09-20,9184
1722,台肥,50,0,50,群益金鼎-台中,2024-09-20,9184
5512,力麒,45,0,45,群益金鼎-台中,2024-09-20,9184
2887,台新金,44,0,44,群益金鼎-台中,2024-09-20,9184
4306,炎洲,46,2,44,群益金鼎-台中,2024-09-20,9184
00751B,元大AAA至A公司債,43,0,43,群益金鼎-台中,2024-09-20,9184
00958B,永豐ESG銀行債15,39,0,39,群益金鼎-台中,2024-09-20,9184
2399,映泰,123,87,36,群益金鼎-台中,2024-09-20,9184
1101,台泥,36,1,35,群益金鼎-台中,2024-09-20,9184
00919,群益台灣精選高息,123,90,33,群益金鼎-台中,2024-09-20,9184
9941,裕融,35,7,28,群益金鼎-台中,2024-09-20,9184
00937B,群益ESG投等債20,84,57,27,群益金鼎-台中,2024-09-20,9184
00885,富邦越南,30,6,24,群益金鼎-台中,2024-09-20,9184
00725B,國泰投資級公司債,25,1,24,群益金鼎-台中,2024-09-20,9184
2888,新光金,42,18,24,群益金鼎-台中,2024-09-20,9184
00931B,統一美債20年,24,1,23,群益金鼎-台中,2024-09-20,9184
00915,凱基優選高股息30,37,15,22,群益金鼎-台中,2024-09-20,9184
020027,元大上櫃ESG成長N,20,0,20,群益金鼎-台中,2024-09-20,9184
1314,中石化,20,0,20,群益金鼎-台中,2024-09-20,9184
2511,太子,20,0,20,群益金鼎-台中,2024-09-20,9184
00637L,元大滬深300正2,217,200,17,群益金鼎-台中,2024-09-20,9184
3149,正達,40,24,16,群益金鼎-台中,2024-09-20,9184
00960,野村全球航運龍頭,16,0,16,群益金鼎-台中,2024-09-20,9184
8114,振樺電,16,1,15,群益金鼎-台中,2024-09-20,9184
6830,汎銓,23,9,14,群益金鼎-台中,2024-09-20,9184
2497,怡利電,26,13,13,群益金鼎-台中,2024-09-20,9184
2408,南亞科,13,0,13,群益金鼎-台中,2024-09-20,9184
3376,新日興,15,3,12,群益金鼎-台中,2024-09-20,9184
00712,復華富時不動產,12,0,12,群益金鼎-台中,2024-09-20,9184
2504,國產,16,4,12,群益金鼎-台中,2024-09-20,9184
00946,群益科技高息成長,11,0,11,群益金鼎-台中,2024-09-20,9184
2344,華邦電,21,10,11,群益金鼎-台中,2024-09-20,9184
3105,穩懋,14,3,11,群益金鼎-台中,2024-09-20,9184
00673R,期元大S＆P原油反1,11,0,11,群益金鼎-台中,2024-09-20,9184
8070,長華*,32,21,11,群益金鼎-台中,2024-09-20,9184
3047,訊舟,19,9,10,群益金鼎-台中,2024-09-20,9184
00669R,國泰美國道瓊反1,10,0,10,群益金鼎-台中,2024-09-20,9184
00706L,期元大S＆P日圓正2,10,0,10,群益金鼎-台中,2024-09-20,9184
5529,鉅陞,13,3,10,群益金鼎-台中,2024-09-20,9184
00929,復華台灣科技優息,54,44,10,群益金鼎-台中,2024-09-20,9184
2888,新光金,1522,48,1474,群益金鼎-台中,2024-09-23,9184
2515,中工,204,3,201,群益金鼎-台中,2024-09-23,9184
00919,群益台灣精選高息,122,9,113,群益金鼎-台中,2024-09-23,9184
1785,光洋科,120,10,110,群益金鼎-台中,2024-09-23,9184
00687B,國泰20年美債,143,82,61,群益金鼎-台中,2024-09-23,9184
5512,力麒,82,21,61,群益金鼎-台中,2024-09-23,9184
00795B,中信美國公債20年,54,0,54,群益金鼎-台中,2024-09-23,9184
00680L,元大美債20正2,59,7,52,群益金鼎-台中,2024-09-23,9184
00712,復華富時不動產,51,0,51,群益金鼎-台中,2024-09-23,9184
2610,華航,120,72,48,群益金鼎-台中,2024-09-23,9184
00937B,群益ESG投等債20,109,63,46,群益金鼎-台中,2024-09-23,9184
00948B,中信優息投資級債,45,2,43,群益金鼎-台中,2024-09-23,9184
1314,中石化,42,0,42,群益金鼎-台中,2024-09-23,9184
1722,台肥,41,0,41,群益金鼎-台中,2024-09-23,9184
00648R,元大S＆P500反1,40,0,40,群益金鼎-台中,2024-09-23,9184
00688L,國泰20年美債正2,38,0,38,群益金鼎-台中,2024-09-23,9184
00671R,富邦NASDAQ反1,40,3,37,群益金鼎-台中,2024-09-23,9184
3017,奇鋐,38,3,35,群益金鼎-台中,2024-09-23,9184
00637L,元大滬深300正2,35,0,35,群益金鼎-台中,2024-09-23,9184
00669R,國泰美國道瓊反1,32,0,32,群益金鼎-台中,2024-09-23,9184
2867,三商壽,161,130,31,群益金鼎-台中,2024-09-23,9184
2365,昆盈,39,9,30,群益金鼎-台中,2024-09-23,9184
00943,兆豐電子高息等權,35,5,30,群益金鼎-台中,2024-09-23,9184
00751B,元大AAA至A公司債,26,0,26,群益金鼎-台中,2024-09-23,9184
2464,盟立,37,13,24,群益金鼎-台中,2024-09-23,9184
1524,耿鼎,90,66,24,群益金鼎-台中,2024-09-23,9184
6144,得利影,19,0,19,群益金鼎-台中,2024-09-23,9184
2547,日勝生,24,6,18,群益金鼎-台中,2024-09-23,9184
4157,太景*-KY,16,0,16,群益金鼎-台中,2024-09-23,9184
1605,華新,15,0,15,群益金鼎-台中,2024-09-23,9184
2481,強茂,26,11,15,群益金鼎-台中,2024-09-23,9184
2408,南亞科,17,3,14,群益金鼎-台中,2024-09-23,9184
2399,映泰,102,88,14,群益金鼎-台中,2024-09-23,9184
1536,和大,21,8,13,群益金鼎-台中,2024-09-23,9184
1711,永光,38,25,13,群益金鼎-台中,2024-09-23,9184
8028,昇陽半導體,15,2,13,群益金鼎-台中,2024-09-23,9184
1727,中華化,47,34,13,群益金鼎-台中,2024-09-23,9184
2449,京元電子,16,3,13,群益金鼎-台中,2024-09-23,9184
3535,晶彩科,17,4,13,群益金鼎-台中,2024-09-23,9184
1907,永豐餘,12,0,12,群益金鼎-台中,2024-09-23,9184
5243,乙盛-KY,12,0,12,群益金鼎-台中,2024-09-23,9184
2495,普安,26,15,11,群益金鼎-台中,2024-09-23,9184
4564,元翎,11,0,11,群益金鼎-台中,2024-09-23,9184
2425,承啟,23,12,11,群益金鼎-台中,2024-09-23,9184
00673R,期元大S＆P原油反1,10,0,10,群益金鼎-台中,2024-09-23,9184
1584,精剛,10,0,10,群益金鼎-台中,2024-09-23,9184
00725B,國泰投資級公司債,10,0,10,群益金鼎-台中,2024-09-23,9184
2062,橋椿,18,8,10,群益金鼎-台中,2024-09-23,9184
5905,南仁湖,10,0,10,群益金鼎-台中,2024-09-23,9184
6830,汎銓,18,8,10,群益金鼎-台中,2024-09-23,9184
00680L,元大美債20正2,540,5,535,群益金鼎-台中,2024-09-24,9184
2515,中工,343,1,342,群益金鼎-台中,2024-09-24,9184
2888,新光金,136,12,124,群益金鼎-台中,2024-09-24,9184
00688L,國泰20年美債正2,253,135,118,群益金鼎-台中,2024-09-24,9184
00687B,國泰20年美債,94,26,68,群益金鼎-台中,2024-09-24,9184
1449,佳和,50,0,50,群益金鼎-台中,2024-09-24,9184
00929,復華台灣科技優息,88,39,49,群益金鼎-台中,2024-09-24,9184
00679B,元大美債20年,48,1,47,群益金鼎-台中,2024-09-24,9184
2436,偉詮電,60,19,41,群益金鼎-台中,2024-09-24,9184
020027,元大上櫃ESG成長N,60,30,30,群益金鼎-台中,2024-09-24,9184
1584,精剛,173,145,28,群益金鼎-台中,2024-09-24,9184
00953B,群益優選非投等債,32,5,27,群益金鼎-台中,2024-09-24,9184
6144,得利影,25,0,25,群益金鼎-台中,2024-09-24,9184
00712,復華富時不動產,27,2,25,群益金鼎-台中,2024-09-24,9184
2497,怡利電,66,44,22,群益金鼎-台中,2024-09-24,9184
8070,長華*,32,11,21,群益金鼎-台中,2024-09-24,9184
00665L,富邦�琤肭磪囓�2,20,0,20,群益金鼎-台中,2024-09-24,9184
4303,信立,23,3,20,群益金鼎-台中,2024-09-24,9184
2882,國泰金,24,6,18,群益金鼎-台中,2024-09-24,9184
00960,野村全球航運龍頭,27,10,17,群益金鼎-台中,2024-09-24,9184
2388,威盛,27,12,15,群益金鼎-台中,2024-09-24,9184
2344,華邦電,14,0,14,群益金鼎-台中,2024-09-24,9184
8096,擎亞,39,25,14,群益金鼎-台中,2024-09-24,9184
6506,雙邦,15,1,14,群益金鼎-台中,2024-09-24,9184
00915,凱基優選高股息30,13,0,13,群益金鼎-台中,2024-09-24,9184
1609,大亞,13,0,13,群益金鼎-台中,2024-09-24,9184
2401,凌陽,13,0,13,群益金鼎-台中,2024-09-24,9184
00857B,永豐20年美公債,12,0,12,群益金鼎-台中,2024-09-24,9184
1524,耿鼎,19,7,12,群益金鼎-台中,2024-09-24,9184
3705,永信,12,0,12,群益金鼎-台中,2024-09-24,9184
6605,帝寶,12,0,12,群益金鼎-台中,2024-09-24,9184
2449,京元電子,14,3,11,群益金鼎-台中,2024-09-24,9184
1799,易威,11,0,11,群益金鼎-台中,2024-09-24,9184
2630,亞航,19,9,10,群益金鼎-台中,2024-09-24,9184
3019,亞光,15,5,10,群益金鼎-台中,2024-09-24,9184
2070,精湛,32,22,10,群益金鼎-台中,2024-09-24,9184
1809,中釉,10,0,10,群益金鼎-台中,2024-09-24,9184
1442,名軒,11,1,10,群益金鼎-台中,2024-09-24,9184
6754,匯僑設計,10,0,10,群益金鼎-台中,2024-09-24,9184
4109,加捷生醫,10,0,10,群益金鼎-台中,2024-09-24,9184
00764B,群益25年美債,10,0,10,群益金鼎-台中,2024-09-24,9184
8404,百和興業-KY,10,0,10,群益金鼎-台中,2024-09-24,9184
3051,力特,10,0,10,群益金鼎-台中,2024-09-24,9184
00666R,富邦�琤肭磪齯�1,10,0,10,群益金鼎-台中,2024-09-24,9184
1301,台塑,12,3,9,群益金鼎-台中,2024-09-24,9184
3537,堡達,13,4,9,群益金鼎-台中,2024-09-24,9184
1815,富喬,9,0,9,群益金鼎-台中,2024-09-24,9184
6156,松上,10,1,9,群益金鼎-台中,2024-09-24,9184
6442,光聖,16,7,9,群益金鼎-台中,2024-09-24,9184
2412,中華電,10,1,9,群益金鼎-台中,2024-09-24,9184
00953B,群益優選非投等債,112,8,104,群益金鼎-台中,2024-09-25,9184
00687B,國泰20年美債,132,78,54,群益金鼎-台中,2024-09-25,9184
00676R,富邦臺灣加權反1,50,0,50,群益金鼎-台中,2024-09-25,9184
2883,凱基金,51,7,44,群益金鼎-台中,2024-09-25,9184
00948B,中信優息投資級債,41,0,41,群益金鼎-台中,2024-09-25,9184
00940,元大台灣價值高息,46,6,40,群益金鼎-台中,2024-09-25,9184
00945B,凱基美國非投等債,33,0,33,群益金鼎-台中,2024-09-25,9184
4174,浩鼎,38,8,30,群益金鼎-台中,2024-09-25,9184
1449,佳和,30,0,30,群益金鼎-台中,2024-09-25,9184
8070,長華*,68,41,27,群益金鼎-台中,2024-09-25,9184
00881,國泰台灣5G+,53,27,26,群益金鼎-台中,2024-09-25,9184
2357,華碩,22,0,22,群益金鼎-台中,2024-09-25,9184
2030,彰源,20,0,20,群益金鼎-台中,2024-09-25,9184
6163,華電網,21,2,19,群益金鼎-台中,2024-09-25,9184
1582,信錦,17,0,17,群益金鼎-台中,2024-09-25,9184
00637L,元大滬深300正2,43,27,16,群益金鼎-台中,2024-09-25,9184
00665L,富邦�琤肭磪囓�2,36,20,16,群益金鼎-台中,2024-09-25,9184
00929,復華台灣科技優息,107,92,15,群益金鼎-台中,2024-09-25,9184
00919,群益台灣精選高息,21,6,15,群益金鼎-台中,2024-09-25,9184
00857B,永豐20年美公債,15,0,15,群益金鼎-台中,2024-09-25,9184
6133,金橋,15,0,15,群益金鼎-台中,2024-09-25,9184
2243,宏旭-KY,15,0,15,群益金鼎-台中,2024-09-25,9184
1605,華新,16,2,14,群益金鼎-台中,2024-09-25,9184
00946,群益科技高息成長,13,0,13,群益金鼎-台中,2024-09-25,9184
3609,三一東林,13,0,13,群益金鼎-台中,2024-09-25,9184
3715,定穎投控,30,17,13,群益金鼎-台中,2024-09-25,9184
8111,立��,53,41,12,群益金鼎-台中,2024-09-25,9184
8404,百和興業-KY,12,0,12,群益金鼎-台中,2024-09-25,9184
6923,中台,12,0,12,群益金鼎-台中,2024-09-25,9184
6197,佳必琪,12,0,12,群益金鼎-台中,2024-09-25,9184
3550,聯穎,114,103,11,群益金鼎-台中,2024-09-25,9184
00669R,國泰美國道瓊反1,11,0,11,群益金鼎-台中,2024-09-25,9184
4989,榮科,11,0,11,群益金鼎-台中,2024-09-25,9184
1721,三晃,11,0,11,群益金鼎-台中,2024-09-25,9184
00712,復華富時不動產,10,0,10,群益金鼎-台中,2024-09-25,9184
3581,博磊,14,4,10,群益金鼎-台中,2024-09-25,9184
1802,台玻,10,0,10,群益金鼎-台中,2024-09-25,9184
2354,鴻準,11,1,10,群益金鼎-台中,2024-09-25,9184
00921,兆豐龍頭等權重,10,0,10,群益金鼎-台中,2024-09-25,9184
3522,御嵿,10,0,10,群益金鼎-台中,2024-09-25,9184
00633L,富邦上証正2,10,0,10,群益金鼎-台中,2024-09-25,9184
2495,普安,15,5,10,群益金鼎-台中,2024-09-25,9184
4907,富宇,10,0,10,群益金鼎-台中,2024-09-25,9184
3663,鑫科,15,5,10,群益金鼎-台中,2024-09-25,9184
4510,高鋒,55,46,9,群益金鼎-台中,2024-09-25,9184
5371,中光電,9,0,9,群益金鼎-台中,2024-09-25,9184
2313,華通,17,8,9,群益金鼎-台中,2024-09-25,9184
3045,台灣大,9,0,9,群益金鼎-台中,2024-09-25,9184
4707,磐亞,8,0,8,群益金鼎-台中,2024-09-25,9184
3714,富采,16,8,8,群益金鼎-台中,2024-09-25,9184
00632R,元大台灣50反1,260,10,250,群益金鼎-台中,2024-09-26,9184
00937B,群益ESG投等債20,454,308,146,群益金鼎-台中,2024-09-26,9184
00687B,國泰20年美債,101,21,80,群益金鼎-台中,2024-09-26,9184
1301,台塑,82,4,78,群益金鼎-台中,2024-09-26,9184
00948B,中信優息投資級債,70,2,68,群益金鼎-台中,2024-09-26,9184
00953B,群益優選非投等債,62,0,62,群益金鼎-台中,2024-09-26,9184
00960,野村全球航運龍頭,370,313,57,群益金鼎-台中,2024-09-26,9184
4303,信立,54,0,54,群益金鼎-台中,2024-09-26,9184
8105,凌巨,52,2,50,群益金鼎-台中,2024-09-26,9184
00671R,富邦NASDAQ反1,50,6,44,群益金鼎-台中,2024-09-26,9184
3645,達邁,44,0,44,群益金鼎-台中,2024-09-26,9184
3019,亞光,47,8,39,群益金鼎-台中,2024-09-26,9184
2408,南亞科,40,3,37,群益金鼎-台中,2024-09-26,9184
2356,英業達,37,2,35,群益金鼎-台中,2024-09-26,9184
0056,元大高股息,43,8,35,群益金鼎-台中,2024-09-26,9184
020039,元大加權N,30,0,30,群益金鼎-台中,2024-09-26,9184
2613,中櫃,64,35,29,群益金鼎-台中,2024-09-26,9184
00679B,元大美債20年,30,1,29,群益金鼎-台中,2024-09-26,9184
00929,復華台灣科技優息,65,37,28,群益金鼎-台中,2024-09-26,9184
2436,偉詮電,61,34,27,群益金鼎-台中,2024-09-26,9184
4716,大立,42,16,26,群益金鼎-台中,2024-09-26,9184
2402,毅嘉,30,5,25,群益金鼎-台中,2024-09-26,9184
3483,力致,33,10,23,群益金鼎-台中,2024-09-26,9184
00688L,國泰20年美債正2,62,40,22,群益金鼎-台中,2024-09-26,9184
8011,台通,21,0,21,群益金鼎-台中,2024-09-26,9184
4157,太景*-KY,40,20,20,群益金鼎-台中,2024-09-26,9184
00648R,元大S＆P500反1,20,0,20,群益金鼎-台中,2024-09-26,9184
00752,中信中國50,23,3,20,群益金鼎-台中,2024-09-26,9184
6188,廣明,33,13,20,群益金鼎-台中,2024-09-26,9184
1586,和勤,19,0,19,群益金鼎-台中,2024-09-26,9184
2312,金寶,55,37,18,群益金鼎-台中,2024-09-26,9184
1314,中石化,16,0,16,群益金鼎-台中,2024-09-26,9184
2891,中信金,32,16,16,群益金鼎-台中,2024-09-26,9184
00720B,元大投資級公司債,16,0,16,群益金鼎-台中,2024-09-26,9184
00712,復華富時不動產,17,2,15,群益金鼎-台中,2024-09-26,9184
3673,TPK-KY,21,6,15,群益金鼎-台中,2024-09-26,9184
1540,喬福,31,16,15,群益金鼎-台中,2024-09-26,9184
00795B,中信美國公債20年,15,0,15,群益金鼎-台中,2024-09-26,9184
3707,漢磊,13,0,13,群益金鼎-台中,2024-09-26,9184
2603,長榮,25,13,12,群益金鼎-台中,2024-09-26,9184
00959B,大華投等美債15Y+,12,0,12,群益金鼎-台中,2024-09-26,9184
4729,熒茂,23,11,12,群益金鼎-台中,2024-09-26,9184
00857B,永豐20年美公債,11,0,11,群益金鼎-台中,2024-09-26,9184
1513,中興電,14,3,11,群益金鼎-台中,2024-09-26,9184
00945B,凱基美國非投等債,11,0,11,群益金鼎-台中,2024-09-26,9184
3715,定穎投控,27,16,11,群益金鼎-台中,2024-09-26,9184
3607,谷崧,10,0,10,群益金鼎-台中,2024-09-26,9184
6234,高僑,10,0,10,群益金鼎-台中,2024-09-26,9184
00947,台新臺灣IC設計,18,8,10,群益金鼎-台中,2024-09-26,9184
4513,福裕,11,1,10,群益金鼎-台中,2024-09-26,9184
00632R,元大台灣50反1,220,10,210,群益金鼎-台中,2024-09-27,9184
00953B,群益優選非投等債,207,0,207,群益金鼎-台中,2024-09-27,9184
00688L,國泰20年美債正2,163,50,113,群益金鼎-台中,2024-09-27,9184
00665L,富邦�琤肭磪囓�2,137,29,108,群益金鼎-台中,2024-09-27,9184
00937B,群益ESG投等債20,221,133,88,群益金鼎-台中,2024-09-27,9184
00679B,元大美債20年,97,10,87,群益金鼎-台中,2024-09-27,9184
00680L,元大美債20正2,83,3,80,群益金鼎-台中,2024-09-27,9184
2027,大成鋼,85,16,69,群益金鼎-台中,2024-09-27,9184
00706L,期元大S＆P日圓正2,92,33,59,群益金鼎-台中,2024-09-27,9184
2883,凱基金,52,0,52,群益金鼎-台中,2024-09-27,9184
0061,元大寶滬深,50,0,50,群益金鼎-台中,2024-09-27,9184
00715L,期街口布蘭特正2,43,0,43,群益金鼎-台中,2024-09-27,9184
020027,元大上櫃ESG成長N,60,20,40,群益金鼎-台中,2024-09-27,9184
00948B,中信優息投資級債,42,3,39,群益金鼎-台中,2024-09-27,9184
2637,慧洋-KY,43,4,39,群益金鼎-台中,2024-09-27,9184
1708,東鹼,44,8,36,群益金鼎-台中,2024-09-27,9184
00933B,國泰10Y+金融債,38,5,33,群益金鼎-台中,2024-09-27,9184
3712,永崴投控,30,0,30,群益金鼎-台中,2024-09-27,9184
00960,野村全球航運龍頭,44,15,29,群益金鼎-台中,2024-09-27,9184
8249,菱光,24,2,22,群益金鼎-台中,2024-09-27,9184
2101,南港,21,0,21,群益金鼎-台中,2024-09-27,9184
00696B,富邦美債20年,20,0,20,群益金鼎-台中,2024-09-27,9184
2032,新鋼,20,0,20,群益金鼎-台中,2024-09-27,9184
8110,華東,25,5,20,群益金鼎-台中,2024-09-27,9184
2605,新興,38,19,19,群益金鼎-台中,2024-09-27,9184
2388,威盛,34,16,18,群益金鼎-台中,2024-09-27,9184
2017,官田鋼,16,0,16,群益金鼎-台中,2024-09-27,9184
00675L,富邦臺灣加權正2,16,0,16,群益金鼎-台中,2024-09-27,9184
6246,臺龍,20,5,15,群益金鼎-台中,2024-09-27,9184
3041,揚智,15,0,15,群益金鼎-台中,2024-09-27,9184
2915,潤泰全,14,0,14,群益金鼎-台中,2024-09-27,9184
00929,復華台灣科技優息,52,40,12,群益金鼎-台中,2024-09-27,9184
1904,正隆,22,10,12,群益金鼎-台中,2024-09-27,9184
1785,光洋科,44,32,12,群益金鼎-台中,2024-09-27,9184
1799,易威,12,0,12,群益金鼎-台中,2024-09-27,9184
2891,中信金,85,73,12,群益金鼎-台中,2024-09-27,9184
00687B,國泰20年美債,132,121,11,群益金鼎-台中,2024-09-27,9184
00712,復華富時不動產,13,2,11,群益金鼎-台中,2024-09-27,9184
8473,山林水,11,0,11,群益金鼎-台中,2024-09-27,9184
3550,聯穎,15,4,11,群益金鼎-台中,2024-09-27,9184
00945B,凱基美國非投等債,11,0,11,群益金鼎-台中,2024-09-27,9184
2615,萬海,61,51,10,群益金鼎-台中,2024-09-27,9184
00927,群益半導體收益,10,0,10,群益金鼎-台中,2024-09-27,9184
00857B,永豐20年美公債,10,0,10,群益金鼎-台中,2024-09-27,9184
1319,東陽,20,10,10,群益金鼎-台中,2024-09-27,9184
2515,中工,10,0,10,群益金鼎-台中,2024-09-27,9184
3711,日月光投控,18,8,10,群益金鼎-台中,2024-09-27,9184
00753L,中信中國50正2,39,29,10,群益金鼎-台中,2024-09-27,9184
4903,聯光通,26,16,10,群益金鼎-台中,2024-09-27,9184
00676R,富邦臺灣加權反1,10,0,10,群益金鼎-台中,2024-09-27,9184
00637L,元大滬深300正2,818,191,627,群益金鼎-台中,2024-09-30,9184
00688L,國泰20年美債正2,701,80,621,群益金鼎-台中,2024-09-30,9184
00937B,群益ESG投等債20,294,81,213,群益金鼎-台中,2024-09-30,9184
00753L,中信中國50正2,232,36,196,群益金鼎-台中,2024-09-30,9184
00953B,群益優選非投等債,179,0,179,群益金鼎-台中,2024-09-30,9184
1717,長興,117,3,114,群益金鼎-台中,2024-09-30,9184
00945B,凱基美國非投等債,106,0,106,群益金鼎-台中,2024-09-30,9184
00795B,中信美國公債20年,173,73,100,群益金鼎-台中,2024-09-30,9184
00919,群益台灣精選高息,114,16,98,群益金鼎-台中,2024-09-30,9184
00929,復華台灣科技優息,91,24,67,群益金鼎-台中,2024-09-30,9184
00650L,復華香港正2,72,15,57,群益金鼎-台中,2024-09-30,9184
00887,永豐中國科技50大,55,5,50,群益金鼎-台中,2024-09-30,9184
00725B,國泰投資級公司債,74,25,49,群益金鼎-台中,2024-09-30,9184
00680L,元大美債20正2,68,20,48,群益金鼎-台中,2024-09-30,9184
2014,中鴻,221,173,48,群益金鼎-台中,2024-09-30,9184
00679B,元大美債20年,48,4,44,群益金鼎-台中,2024-09-30,9184
00948B,中信優息投資級債,44,0,44,群益金鼎-台中,2024-09-30,9184
2609,陽明,111,69,42,群益金鼎-台中,2024-09-30,9184
00878,國泰永續高股息,81,44,37,群益金鼎-台中,2024-09-30,9184
00881,國泰台灣5G+,33,0,33,群益金鼎-台中,2024-09-30,9184
1459,聯發,30,0,30,群益金鼎-台中,2024-09-30,9184
00639,富邦深100,30,0,30,群益金鼎-台中,2024-09-30,9184
2353,宏��,29,0,29,群益金鼎-台中,2024-09-30,9184
2382,廣達,34,6,28,群益金鼎-台中,2024-09-30,9184
00697B,元大美債7-10,27,0,27,群益金鼎-台中,2024-09-30,9184
00715L,期街口布蘭特正2,33,6,27,群益金鼎-台中,2024-09-30,9184
00960,野村全球航運龍頭,27,1,26,群益金鼎-台中,2024-09-30,9184
00940,元大台灣價值高息,56,31,25,群益金鼎-台中,2024-09-30,9184
3645,達邁,25,0,25,群益金鼎-台中,2024-09-30,9184
00643,群益深証中小,25,0,25,群益金鼎-台中,2024-09-30,9184
00918,大華優利高填息30,27,2,25,群益金鼎-台中,2024-09-30,9184
2363,矽統,60,35,25,群益金鼎-台中,2024-09-30,9184
2330,台積電,30,7,23,群益金鼎-台中,2024-09-30,9184
00713,元大台灣高息低波,23,0,23,群益金鼎-台中,2024-09-30,9184
3481,群創,66,45,21,群益金鼎-台中,2024-09-30,9184
0056,元大高股息,24,4,20,群益金鼎-台中,2024-09-30,9184
4123,晟德,21,1,20,群益金鼎-台中,2024-09-30,9184
2313,華通,29,9,20,群益金鼎-台中,2024-09-30,9184
4303,信立,20,0,20,群益金鼎-台中,2024-09-30,9184
2603,長榮,21,2,19,群益金鼎-台中,2024-09-30,9184
2317,鴻海,32,14,18,群益金鼎-台中,2024-09-30,9184
00675L,富邦臺灣加權正2,18,0,18,群益金鼎-台中,2024-09-30,9184
3049,精金,20,2,18,群益金鼎-台中,2024-09-30,9184
3029,零壹,17,0,17,群益金鼎-台中,2024-09-30,9184
006208,富邦台50,18,2,16,群益金鼎-台中,2024-09-30,9184
8096,擎亞,15,0,15,群益金鼎-台中,2024-09-30,9184
2392,正崴,24,10,14,群益金鼎-台中,2024-09-30,9184
2881,富邦金,14,0,14,群益金鼎-台中,2024-09-30,9184
1326,台化,15,2,13,群益金鼎-台中,2024-09-30,9184
1309,台達化,31,18,13,群益金鼎-台中,2024-09-30,9184
1722,台肥,262,4,258,群益金鼎-台中,2024-10-01,9184
00929,復華台灣科技優息,148,20,128,群益金鼎-台中,2024-10-01,9184
00637L,元大滬深300正2,179,55,124,群益金鼎-台中,2024-10-01,9184
00857B,永豐20年美公債,90,0,90,群益金鼎-台中,2024-10-01,9184
00697B,元大美債7-10,65,0,65,群益金鼎-台中,2024-10-01,9184
00922,國泰台灣領袖50,59,0,59,群益金鼎-台中,2024-10-01,9184
1717,長興,56,4,52,群益金鼎-台中,2024-10-01,9184
0056,元大高股息,44,13,31,群益金鼎-台中,2024-10-01,9184
020039,元大加權N,30,0,30,群益金鼎-台中,2024-10-01,9184
2312,金寶,55,29,26,群益金鼎-台中,2024-10-01,9184
2014,中鴻,81,56,25,群益金鼎-台中,2024-10-01,9184
1449,佳和,25,0,25,群益金鼎-台中,2024-10-01,9184
00946,群益科技高息成長,23,0,23,群益金鼎-台中,2024-10-01,9184
00948B,中信優息投資級債,22,0,22,群益金鼎-台中,2024-10-01,9184
4979,華星光,67,45,22,群益金鼎-台中,2024-10-01,9184
00897,富邦基因免疫生技,20,0,20,群益金鼎-台中,2024-10-01,9184
00643,群益深証中小,20,0,20,群益金鼎-台中,2024-10-01,9184
00915,凱基優選高股息30,20,0,20,群益金鼎-台中,2024-10-01,9184
00713,元大台灣高息低波,21,3,18,群益金鼎-台中,2024-10-01,9184
3576,聯合再生,38,21,17,群益金鼎-台中,2024-10-01,9184
1785,光洋科,21,4,17,群益金鼎-台中,2024-10-01,9184
00940,元大台灣價值高息,15,0,15,群益金鼎-台中,2024-10-01,9184
00719B,元大美債1-3,15,0,15,群益金鼎-台中,2024-10-01,9184
00688L,國泰20年美債正2,24,10,14,群益金鼎-台中,2024-10-01,9184
00753L,中信中國50正2,79,65,14,群益金鼎-台中,2024-10-01,9184
1597,直得,15,2,13,群益金鼎-台中,2024-10-01,9184
2929,淘帝-KY,51,38,13,群益金鼎-台中,2024-10-01,9184
00878,國泰永續高股息,28,15,13,群益金鼎-台中,2024-10-01,9184
6530,創威,48,36,12,群益金鼎-台中,2024-10-01,9184
00715L,期街口布蘭特正2,12,0,12,群益金鼎-台中,2024-10-01,9184
00919,群益台灣精選高息,35,24,11,群益金鼎-台中,2024-10-01,9184
2881,富邦金,12,1,11,群益金鼎-台中,2024-10-01,9184
1319,東陽,11,0,11,群益金鼎-台中,2024-10-01,9184
2392,正崴,10,0,10,群益金鼎-台中,2024-10-01,9184
00927,群益半導體收益,10,0,10,群益金鼎-台中,2024-10-01,9184
00752,中信中國50,11,1,10,群益金鼎-台中,2024-10-01,9184
00675L,富邦臺灣加權正2,12,2,10,群益金鼎-台中,2024-10-01,9184
8028,昇陽半導體,15,6,9,群益金鼎-台中,2024-10-01,9184
00939,統一台灣高息動能,9,0,9,群益金鼎-台中,2024-10-01,9184
2618,長榮航,14,5,9,群益金鼎-台中,2024-10-01,9184
6239,力成,8,0,8,群益金鼎-台中,2024-10-01,9184
1515,力山,8,0,8,群益金鼎-台中,2024-10-01,9184
6143,振曜,20,12,8,群益金鼎-台中,2024-10-01,9184
3035,智原,23,15,8,群益金鼎-台中,2024-10-01,9184
2605,新興,31,23,8,群益金鼎-台中,2024-10-01,9184
3715,定穎投控,19,11,8,群益金鼎-台中,2024-10-01,9184
6163,華電網,13,5,8,群益金鼎-台中,2024-10-01,9184
2497,怡利電,9,2,7,群益金鼎-台中,2024-10-01,9184
1101,台泥,9,2,7,群益金鼎-台中,2024-10-01,9184
4306,炎洲,7,0,7,群益金鼎-台中,2024-10-01,9184
00753L,中信中國50正2,594,32,562,群益金鼎-台中,2024-10-04,9184
00637L,元大滬深300正2,787,246,541,群益金鼎-台中,2024-10-04,9184
00929,復華台灣科技優息,221,31,190,群益金鼎-台中,2024-10-04,9184
00665L,富邦�琤肭磪囓�2,164,29,135,群益金鼎-台中,2024-10-04,9184
00948B,中信優息投資級債,140,7,133,群益金鼎-台中,2024-10-04,9184
00919,群益台灣精選高息,150,19,131,群益金鼎-台中,2024-10-04,9184
00940,元大台灣價值高息,167,53,114,群益金鼎-台中,2024-10-04,9184
1313,聯成,102,2,100,群益金鼎-台中,2024-10-04,9184
00922,國泰台灣領袖50,83,0,83,群益金鼎-台中,2024-10-04,9184
00679B,元大美債20年,88,21,67,群益金鼎-台中,2024-10-04,9184
00712,復華富時不動產,67,0,67,群益金鼎-台中,2024-10-04,9184
00695B,富邦美債7-10,65,0,65,群益金鼎-台中,2024-10-04,9184
00673R,期元大S＆P原油反1,60,0,60,群益金鼎-台中,2024-10-04,9184
4157,太景*-KY,50,0,50,群益金鼎-台中,2024-10-04,9184
00643,群益深証中小,46,0,46,群益金鼎-台中,2024-10-04,9184
1722,台肥,41,1,40,群益金鼎-台中,2024-10-04,9184
2618,長榮航,46,6,40,群益金鼎-台中,2024-10-04,9184
0056,元大高股息,41,6,35,群益金鼎-台中,2024-10-04,9184
8021,尖點,36,2,34,群益金鼎-台中,2024-10-04,9184
2609,陽明,97,63,34,群益金鼎-台中,2024-10-04,9184
1717,長興,32,0,32,群益金鼎-台中,2024-10-04,9184
00878,國泰永續高股息,40,9,31,群益金鼎-台中,2024-10-04,9184
00725B,國泰投資級公司債,35,5,30,群益金鼎-台中,2024-10-04,9184
3062,建漢,34,6,28,群益金鼎-台中,2024-10-04,9184
2610,華航,28,0,28,群益金鼎-台中,2024-10-04,9184
2615,萬海,50,24,26,群益金鼎-台中,2024-10-04,9184
2376,技嘉,34,9,25,群益金鼎-台中,2024-10-04,9184
2891,中信金,30,6,24,群益金鼎-台中,2024-10-04,9184
2371,大同,23,0,23,群益金鼎-台中,2024-10-04,9184
00676R,富邦臺灣加權反1,20,0,20,群益金鼎-台中,2024-10-04,9184
00921,兆豐龍頭等權重,20,0,20,群益金鼎-台中,2024-10-04,9184
1907,永豐餘,20,0,20,群益金鼎-台中,2024-10-04,9184
6133,金橋,19,0,19,群益金鼎-台中,2024-10-04,9184
00946,群益科技高息成長,19,0,19,群益金鼎-台中,2024-10-04,9184
2382,廣達,28,11,17,群益金鼎-台中,2024-10-04,9184
00939,統一台灣高息動能,16,0,16,群益金鼎-台中,2024-10-04,9184
00720B,元大投資級公司債,16,0,16,群益金鼎-台中,2024-10-04,9184
00887,永豐中國科技50大,59,43,16,群益金鼎-台中,2024-10-04,9184
2486,一詮,131,115,16,群益金鼎-台中,2024-10-04,9184
2388,威盛,25,10,15,群益金鼎-台中,2024-10-04,9184
3535,晶彩科,15,0,15,群益金鼎-台中,2024-10-04,9184
3290,東浦,15,0,15,群益金鼎-台中,2024-10-04,9184
2303,聯電,15,0,15,群益金鼎-台中,2024-10-04,9184
1319,東陽,15,0,15,群益金鼎-台中,2024-10-04,9184
3029,零壹,14,0,14,群益金鼎-台中,2024-10-04,9184
00783,富邦中証500,13,0,13,群益金鼎-台中,2024-10-04,9184
00934,中信成長高股息,12,0,12,群益金鼎-台中,2024-10-04,9184
3293,鈊象,14,1,13,群益金鼎-台中,2024-10-04,9184
3042,晶技,12,0,12,群益金鼎-台中,2024-10-04,9184
00927,群益半導體收益,11,0,11,群益金鼎-台中,2024-10-04,9184
00637L,元大滬深300正2,1746,348,1398,群益金鼎-台中,2024-10-07,9184
00665L,富邦�琤肭磪囓�2,421,22,399,群益金鼎-台中,2024-10-07,9184
00753L,中信中國50正2,679,305,374,群益金鼎-台中,2024-10-07,9184
0061,元大寶滬深,236,32,204,群益金鼎-台中,2024-10-07,9184
1809,中釉,153,0,153,群益金鼎-台中,2024-10-07,9184
00919,群益台灣精選高息,180,38,142,群益金鼎-台中,2024-10-07,9184
00642U,期元大S＆P石油,100,3,97,群益金鼎-台中,2024-10-07,9184
00795B,中信美國公債20年,83,0,83,群益金鼎-台中,2024-10-07,9184
2605,新興,86,14,72,群益金鼎-台中,2024-10-07,9184
00673R,期元大S＆P原油反1,67,0,67,群益金鼎-台中,2024-10-07,9184
00857B,永豐20年美公債,60,0,60,群益金鼎-台中,2024-10-07,9184
2313,華通,53,1,52,群益金鼎-台中,2024-10-07,9184
2356,英業達,51,2,49,群益金鼎-台中,2024-10-07,9184
00680L,元大美債20正2,127,81,46,群益金鼎-台中,2024-10-07,9184
1449,佳和,45,0,45,群益金鼎-台中,2024-10-07,9184
2897,王道銀行,38,0,38,群益金鼎-台中,2024-10-07,9184
00676R,富邦臺灣加權反1,35,0,35,群益金鼎-台中,2024-10-07,9184
00697B,元大美債7-10,35,0,35,群益金鼎-台中,2024-10-07,9184
1717,長興,40,6,34,群益金鼎-台中,2024-10-07,9184
5871,中租-KY,33,0,33,群益金鼎-台中,2024-10-07,9184
020027,元大上櫃ESG成長N,40,10,30,群益金鼎-台中,2024-10-07,9184
2881,富邦金,32,4,28,群益金鼎-台中,2024-10-07,9184
2349,錸德,40,13,27,群益金鼎-台中,2024-10-07,9184
2371,大同,28,1,27,群益金鼎-台中,2024-10-07,9184
5443,均豪,51,24,27,群益金鼎-台中,2024-10-07,9184
00679B,元大美債20年,62,36,26,群益金鼎-台中,2024-10-07,9184
00639,富邦深100,26,0,26,群益金鼎-台中,2024-10-07,9184
00725B,國泰投資級公司債,26,0,26,群益金鼎-台中,2024-10-07,9184
4956,光鋐,30,8,22,群益金鼎-台中,2024-10-07,9184
2243,宏旭-KY,22,0,22,群益金鼎-台中,2024-10-07,9184
00650L,復華香港正2,23,1,22,群益金鼎-台中,2024-10-07,9184
1815,富喬,82,60,22,群益金鼎-台中,2024-10-07,9184
2354,鴻準,22,0,22,群益金鼎-台中,2024-10-07,9184
6770,力積電,20,0,20,群益金鼎-台中,2024-10-07,9184
00948B,中信優息投資級債,21,1,20,群益金鼎-台中,2024-10-07,9184
00897,富邦基因免疫生技,20,0,20,群益金鼎-台中,2024-10-07,9184
00912,中信臺灣智慧50,20,0,20,群益金鼎-台中,2024-10-07,9184
0056,元大高股息,19,3,16,群益金鼎-台中,2024-10-07,9184
2613,中櫃,17,2,15,群益金鼎-台中,2024-10-07,9184
00922,國泰台灣領袖50,14,0,14,群益金鼎-台中,2024-10-07,9184
3374,精材,15,1,14,群益金鼎-台中,2024-10-07,9184
2317,鴻海,77,64,13,群益金鼎-台中,2024-10-07,9184
4979,華星光,134,121,13,群益金鼎-台中,2024-10-07,9184
1802,台玻,21,8,13,群益金鼎-台中,2024-10-07,9184
2014,中鴻,25,12,13,群益金鼎-台中,2024-10-07,9184
00902,中信電池及儲能,20,8,12,群益金鼎-台中,2024-10-07,9184
1727,中華化,13,1,12,群益金鼎-台中,2024-10-07,9184
2388,威盛,17,5,12,群益金鼎-台中,2024-10-07,9184
5230,雷笛克光學,18,7,11,群益金鼎-台中,2024-10-07,9184
8016,矽創,17,6,11,群益金鼎-台中,2024-10-07,9184
00915,凱基優選高股息30,1008,0,1008,群益金鼎-台中,2024-10-08,9184
00940,元大台灣價值高息,685,0,685,群益金鼎-台中,2024-10-08,9184
1722,台肥,141,0,141,群益金鼎-台中,2024-10-08,9184
00946,群益科技高息成長,138,1,137,群益金鼎-台中,2024-10-08,9184
00688L,國泰20年美債正2,122,0,122,群益金鼎-台中,2024-10-08,9184
00665L,富邦�琤肭磪囓�2,369,250,119,群益金鼎-台中,2024-10-08,9184
0061,元大寶滬深,167,58,109,群益金鼎-台中,2024-10-08,9184
00687B,國泰20年美債,148,40,108,群益金鼎-台中,2024-10-08,9184
00679B,元大美債20年,106,8,98,群益金鼎-台中,2024-10-08,9184
00948B,中信優息投資級債,91,0,91,群益金鼎-台中,2024-10-08,9184
00937B,群益ESG投等債20,167,79,88,群益金鼎-台中,2024-10-08,9184
00929,復華台灣科技優息,101,20,81,群益金鼎-台中,2024-10-08,9184
0056,元大高股息,64,3,61,群益金鼎-台中,2024-10-08,9184
00712,復華富時不動產,60,0,60,群益金鼎-台中,2024-10-08,9184
3615,安可,56,2,54,群益金鼎-台中,2024-10-08,9184
00919,群益台灣精選高息,69,15,54,群益金鼎-台中,2024-10-08,9184
3029,零壹,52,0,52,群益金鼎-台中,2024-10-08,9184
00680L,元大美債20正2,233,186,47,群益金鼎-台中,2024-10-08,9184
2399,映泰,235,193,42,群益金鼎-台中,2024-10-08,9184
00857B,永豐20年美公債,40,0,40,群益金鼎-台中,2024-10-08,9184
00725B,國泰投資級公司債,40,0,40,群益金鼎-台中,2024-10-08,9184
2356,英業達,39,1,38,群益金鼎-台中,2024-10-08,9184
00878,國泰永續高股息,35,1,34,群益金鼎-台中,2024-10-08,9184
00887,永豐中國科技50大,155,122,33,群益金鼎-台中,2024-10-08,9184
2317,鴻海,42,16,26,群益金鼎-台中,2024-10-08,9184
1815,富喬,40,15,25,群益金鼎-台中,2024-10-08,9184
1717,長興,25,1,24,群益金鼎-台中,2024-10-08,9184
4903,聯光通,69,47,22,群益金鼎-台中,2024-10-08,9184
1907,永豐餘,20,0,20,群益金鼎-台中,2024-10-08,9184
2836,高雄銀,20,0,20,群益金鼎-台中,2024-10-08,9184
2371,大同,22,3,19,群益金鼎-台中,2024-10-08,9184
00642U,期元大S＆P石油,20,2,18,群益金鼎-台中,2024-10-08,9184
2103,台橡,18,0,18,群益金鼎-台中,2024-10-08,9184
00673R,期元大S＆P原油反1,17,0,17,群益金鼎-台中,2024-10-08,9184
2408,南亞科,17,2,15,群益金鼎-台中,2024-10-08,9184
6658,聯策,19,4,15,群益金鼎-台中,2024-10-08,9184
00713,元大台灣高息低波,15,1,14,群益金鼎-台中,2024-10-08,9184
2486,一詮,42,28,14,群益金鼎-台中,2024-10-08,9184
1449,佳和,14,0,14,群益金鼎-台中,2024-10-08,9184
3047,訊舟,14,0,14,群益金鼎-台中,2024-10-08,9184
2353,宏��,13,0,13,群益金鼎-台中,2024-10-08,9184
3149,正達,61,48,13,群益金鼎-台中,2024-10-08,9184
00651R,復華香港反1,13,0,13,群益金鼎-台中,2024-10-08,9184
2344,華邦電,12,0,12,群益金鼎-台中,2024-10-08,9184
00957B,兆豐US優選投等債,12,0,12,群益金鼎-台中,2024-10-08,9184
00945B,凱基美國非投等債,11,0,11,群益金鼎-台中,2024-10-08,9184
2801,彰銀,11,0,11,群益金鼎-台中,2024-10-08,9184
3010,華立,10,0,10,群益金鼎-台中,2024-10-08,9184
4157,太景*-KY,10,0,10,群益金鼎-台中,2024-10-08,9184
2633,台灣高鐵,10,0,10,群益金鼎-台中,2024-10-08,9184
00688L,國泰20年美債正2,485,0,485,群益金鼎-台中,2024-10-09,9184
00637L,元大滬深300正2,364,71,293,群益金鼎-台中,2024-10-09,9184
00680L,元大美債20正2,330,100,230,群益金鼎-台中,2024-10-09,9184
00882,中信中國高股息,142,30,112,群益金鼎-台中,2024-10-09,9184
00885,富邦越南,100,0,100,群益金鼎-台中,2024-10-09,9184
00948B,中信優息投資級債,86,0,86,群益金鼎-台中,2024-10-09,9184
00937B,群益ESG投等債20,93,32,61,群益金鼎-台中,2024-10-09,9184
00795B,中信美國公債20年,40,2,38,群益金鼎-台中,2024-10-09,9184
00712,復華富時不動產,34,0,34,群益金鼎-台中,2024-10-09,9184
1449,佳和,33,0,33,群益金鼎-台中,2024-10-09,9184
2409,友達,34,1,33,群益金鼎-台中,2024-10-09,9184
2897,王道銀行,30,0,30,群益金鼎-台中,2024-10-09,9184
00945B,凱基美國非投等債,30,0,30,群益金鼎-台中,2024-10-09,9184
00676R,富邦臺灣加權反1,30,0,30,群益金鼎-台中,2024-10-09,9184
0056,元大高股息,34,4,30,群益金鼎-台中,2024-10-09,9184
5443,均豪,69,40,29,群益金鼎-台中,2024-10-09,9184
2618,長榮航,25,0,25,群益金鼎-台中,2024-10-09,9184
00725B,國泰投資級公司債,22,0,22,群益金鼎-台中,2024-10-09,9184
1802,台玻,35,13,22,群益金鼎-台中,2024-10-09,9184
2201,裕隆,20,0,20,群益金鼎-台中,2024-10-09,9184
2362,藍天,28,8,20,群益金鼎-台中,2024-10-09,9184
2801,彰銀,20,0,20,群益金鼎-台中,2024-10-09,9184
00957B,兆豐US優選投等債,20,0,20,群益金鼎-台中,2024-10-09,9184
1907,永豐餘,20,0,20,群益金鼎-台中,2024-10-09,9184
00934,中信成長高股息,20,1,19,群益金鼎-台中,2024-10-09,9184
00933B,國泰10Y+金融債,19,0,19,群益金鼎-台中,2024-10-09,9184
2353,宏��,19,0,19,群益金鼎-台中,2024-10-09,9184
00751B,元大AAA至A公司債,19,0,19,群益金鼎-台中,2024-10-09,9184
2891,中信金,23,4,19,群益金鼎-台中,2024-10-09,9184
2070,精湛,25,7,18,群益金鼎-台中,2024-10-09,9184
00922,國泰台灣領袖50,23,5,18,群益金鼎-台中,2024-10-09,9184
00713,元大台灣高息低波,18,0,18,群益金鼎-台中,2024-10-09,9184
1316,上曜,31,14,17,群益金鼎-台中,2024-10-09,9184
1473,台南,17,0,17,群益金鼎-台中,2024-10-09,9184
2337,旺宏,16,0,16,群益金鼎-台中,2024-10-09,9184
2834,臺企銀,20,5,15,群益金鼎-台中,2024-10-09,9184
2888,新光金,17,2,15,群益金鼎-台中,2024-10-09,9184
4306,炎洲,15,0,15,群益金鼎-台中,2024-10-09,9184
2405,輔信,15,0,15,群益金鼎-台中,2024-10-09,9184
2425,承啟,46,31,15,群益金鼎-台中,2024-10-09,9184
00643,群益深証中小,15,0,15,群益金鼎-台中,2024-10-09,9184
2399,映泰,100,86,14,群益金鼎-台中,2024-10-09,9184
1815,富喬,22,8,14,群益金鼎-台中,2024-10-09,9184
2022,聚亨,16,2,14,群益金鼎-台中,2024-10-09,9184
00720B,元大投資級公司債,14,0,14,群益金鼎-台中,2024-10-09,9184
00772B,中信高評級公司債,14,0,14,群益金鼎-台中,2024-10-09,9184
2880,華南金,15,1,14,群益金鼎-台中,2024-10-09,9184
2014,中鴻,19,6,13,群益金鼎-台中,2024-10-09,9184
3356,奇偶,13,0,13,群益金鼎-台中,2024-10-09,9184
4960,誠美材,12,0,12,群益金鼎-台中,2024-10-09,9184
00637L,元大滬深300正2,289,167,122,群益金鼎-台中,2024-10-11,9184
00795B,中信美國公債20年,151,35,116,群益金鼎-台中,2024-10-11,9184
00725B,國泰投資級公司債,92,0,92,群益金鼎-台中,2024-10-11,9184
3615,安可,73,6,67,群益金鼎-台中,2024-10-11,9184
00948B,中信優息投資級債,61,0,61,群益金鼎-台中,2024-10-11,9184
00751B,元大AAA至A公司債,60,0,60,群益金鼎-台中,2024-10-11,9184
00953B,群益優選非投等債,50,0,50,群益金鼎-台中,2024-10-11,9184
00676R,富邦臺灣加權反1,50,0,50,群益金鼎-台中,2024-10-11,9184
00688L,國泰20年美債正2,48,0,48,群益金鼎-台中,2024-10-11,9184
2883,凱基金,72,26,46,群益金鼎-台中,2024-10-11,9184
00753L,中信中國50正2,53,14,39,群益金鼎-台中,2024-10-11,9184
00937B,群益ESG投等債20,232,194,38,群益金鼎-台中,2024-10-11,9184
00881,國泰台灣5G+,48,10,38,群益金鼎-台中,2024-10-11,9184
00679B,元大美債20年,64,29,35,群益金鼎-台中,2024-10-11,9184
3049,精金,69,36,33,群益金鼎-台中,2024-10-11,9184
00632R,元大台灣50反1,54,23,31,群益金鼎-台中,2024-10-11,9184
00915,凱基優選高股息30,30,0,30,群益金鼎-台中,2024-10-11,9184
00942B,台新美A公司債20+,30,0,30,群益金鼎-台中,2024-10-11,9184
00882,中信中國高股息,55,27,28,群益金鼎-台中,2024-10-11,9184
0061,元大寶滬深,35,8,27,群益金鼎-台中,2024-10-11,9184
00878,國泰永續高股息,29,3,26,群益金鼎-台中,2024-10-11,9184
1449,佳和,24,0,24,群益金鼎-台中,2024-10-11,9184
00857B,永豐20年美公債,22,0,22,群益金鼎-台中,2024-10-11,9184
00673R,期元大S＆P原油反1,22,0,22,群益金鼎-台中,2024-10-11,9184
00680L,元大美債20正2,85,63,22,群益金鼎-台中,2024-10-11,9184
2888,新光金,28,7,21,群益金鼎-台中,2024-10-11,9184
9105,泰金寶-DR,20,0,20,群益金鼎-台中,2024-10-11,9184
00931B,統一美債20年,22,2,20,群益金鼎-台中,2024-10-11,9184
00885,富邦越南,20,0,20,群益金鼎-台中,2024-10-11,9184
4958,臻鼎-KY,20,0,20,群益金鼎-台中,2024-10-11,9184
2486,一詮,63,44,19,群益金鼎-台中,2024-10-11,9184
2408,南亞科,23,5,18,群益金鼎-台中,2024-10-11,9184
1473,台南,17,0,17,群益金鼎-台中,2024-10-11,9184
2495,普安,18,2,16,群益金鼎-台中,2024-10-11,9184
1319,東陽,15,0,15,群益金鼎-台中,2024-10-11,9184
5512,力麒,15,0,15,群益金鼎-台中,2024-10-11,9184
00650L,復華香港正2,20,5,15,群益金鼎-台中,2024-10-11,9184
3017,奇鋐,19,4,15,群益金鼎-台中,2024-10-11,9184
00639,富邦深100,13,0,13,群益金鼎-台中,2024-10-11,9184
2014,中鴻,13,0,13,群益金鼎-台中,2024-10-11,9184
2867,三商壽,13,0,13,群益金鼎-台中,2024-10-11,9184
00783,富邦中証500,18,5,13,群益金鼎-台中,2024-10-11,9184
1506,正道,12,0,12,群益金鼎-台中,2024-10-11,9184
5871,中租-KY,12,0,12,群益金鼎-台中,2024-10-11,9184
3081,聯亞,12,0,12,群益金鼎-台中,2024-10-11,9184
2388,威盛,33,21,12,群益金鼎-台中,2024-10-11,9184
2498,宏達電,15,4,11,群益金鼎-台中,2024-10-11,9184
2342,茂矽,11,0,11,群益金鼎-台中,2024-10-11,9184
00738U,期元大道瓊白銀,12,1,11,群益金鼎-台中,2024-10-11,9184
2317,鴻海,43,32,11,群益金鼎-台中,2024-10-11,9184
00795B,中信美國公債20年,235,0,235,群益金鼎-台中,2024-10-14,9184
2897,王道銀行,174,0,174,群益金鼎-台中,2024-10-14,9184
00885,富邦越南,110,17,93,群益金鼎-台中,2024-10-14,9184
00887,永豐中國科技50大,102,34,68,群益金鼎-台中,2024-10-14,9184
00948B,中信優息投資級債,61,0,61,群益金鼎-台中,2024-10-14,9184
020027,元大上櫃ESG成長N,60,0,60,群益金鼎-台中,2024-10-14,9184
00943,兆豐電子高息等權,50,0,50,群益金鼎-台中,2024-10-14,9184
9934,成霖,48,0,48,群益金鼎-台中,2024-10-14,9184
00720B,元大投資級公司債,66,20,46,群益金鼎-台中,2024-10-14,9184
00937B,群益ESG投等債20,397,352,45,群益金鼎-台中,2024-10-14,9184
00679B,元大美債20年,105,61,44,群益金鼎-台中,2024-10-14,9184
00751B,元大AAA至A公司債,72,30,42,群益金鼎-台中,2024-10-14,9184
1101,台泥,39,0,39,群益金鼎-台中,2024-10-14,9184
0056,元大高股息,38,0,38,群益金鼎-台中,2024-10-14,9184
8176,智捷,36,0,36,群益金鼎-台中,2024-10-14,9184
2317,鴻海,238,202,36,群益金鼎-台中,2024-10-14,9184
2344,華邦電,35,5,30,群益金鼎-台中,2024-10-14,9184
1447,力鵬,27,0,27,群益金鼎-台中,2024-10-14,9184
00712,復華富時不動產,27,0,27,群益金鼎-台中,2024-10-14,9184
00675L,富邦臺灣加權正2,27,0,27,群益金鼎-台中,2024-10-14,9184
2312,金寶,80,54,26,群益金鼎-台中,2024-10-14,9184
00922,國泰台灣領袖50,24,0,24,群益金鼎-台中,2024-10-14,9184
5443,均豪,48,26,22,群益金鼎-台中,2024-10-14,9184
4991,環宇-KY,33,11,22,群益金鼎-台中,2024-10-14,9184
00687B,國泰20年美債,61,40,21,群益金鼎-台中,2024-10-14,9184
00857B,永豐20年美公債,21,0,21,群益金鼎-台中,2024-10-14,9184
00669R,國泰美國道瓊反1,20,0,20,群益金鼎-台中,2024-10-14,9184
2002,中鋼,20,0,20,群益金鼎-台中,2024-10-14,9184
00680L,元大美債20正2,59,41,18,群益金鼎-台中,2024-10-14,9184
8096,擎亞,20,2,18,群益金鼎-台中,2024-10-14,9184
00882,中信中國高股息,39,22,17,群益金鼎-台中,2024-10-14,9184
3163,波若威,38,22,16,群益金鼎-台中,2024-10-14,9184
00960,野村全球航運龍頭,16,0,16,群益金鼎-台中,2024-10-14,9184
006205,富邦上証,16,0,16,群益金鼎-台中,2024-10-14,9184
00643,群益深証中小,16,0,16,群益金鼎-台中,2024-10-14,9184
00931B,統一美債20年,16,0,16,群益金鼎-台中,2024-10-14,9184
3013,晟銘電,44,28,16,群益金鼎-台中,2024-10-14,9184
5880,合庫金,15,0,15,群益金鼎-台中,2024-10-14,9184
00648R,元大S＆P500反1,15,0,15,群益金鼎-台中,2024-10-14,9184
00713,元大台灣高息低波,15,1,14,群益金鼎-台中,2024-10-14,9184
1301,台塑,15,2,13,群益金鼎-台中,2024-10-14,9184
00651R,復華香港反1,13,0,13,群益金鼎-台中,2024-10-14,9184
2324,仁寶,12,0,12,群益金鼎-台中,2024-10-14,9184
8429,金麗-KY,18,6,12,群益金鼎-台中,2024-10-14,9184
2243,宏旭-KY,12,0,12,群益金鼎-台中,2024-10-14,9184
00933B,國泰10Y+金融債,11,0,11,群益金鼎-台中,2024-10-14,9184
2367,燿華,18,7,11,群益金鼎-台中,2024-10-14,9184
4157,太景*-KY,10,0,10,群益金鼎-台中,2024-10-14,9184
3071,協禧,10,0,10,群益金鼎-台中,2024-10-14,9184
00953B,群益優選非投等債,10,0,10,群益金鼎-台中,2024-10-14,9184
00922,國泰台灣領袖50,249,5,244,群益金鼎-台中,2024-10-15,9184
00688L,國泰20年美債正2,242,0,242,群益金鼎-台中,2024-10-15,9184
00725B,國泰投資級公司債,226,0,226,群益金鼎-台中,2024-10-15,9184
0056,元大高股息,233,15,218,群益金鼎-台中,2024-10-15,9184
00931B,統一美債20年,150,2,148,群益金鼎-台中,2024-10-15,9184
00937B,群益ESG投等債20,248,108,140,群益金鼎-台中,2024-10-15,9184
00919,群益台灣精選高息,108,4,104,群益金鼎-台中,2024-10-15,9184
00642U,期元大S＆P石油,103,0,103,群益金鼎-台中,2024-10-15,9184
00878,國泰永續高股息,140,52,88,群益金鼎-台中,2024-10-15,9184
00948B,中信優息投資級債,85,0,85,群益金鼎-台中,2024-10-15,9184
00632R,元大台灣50反1,127,42,85,群益金鼎-台中,2024-10-15,9184
00639,富邦深100,80,0,80,群益金鼎-台中,2024-10-15,9184
00680L,元大美債20正2,80,0,80,群益金鼎-台中,2024-10-15,9184
00697B,元大美債7-10,68,0,68,群益金鼎-台中,2024-10-15,9184
00687B,國泰20年美債,73,9,64,群益金鼎-台中,2024-10-15,9184
1815,富喬,59,7,52,群益金鼎-台中,2024-10-15,9184
00953B,群益優選非投等債,49,0,49,群益金鼎-台中,2024-10-15,9184
00679B,元大美債20年,125,80,45,群益金鼎-台中,2024-10-15,9184
9105,泰金寶-DR,82,40,42,群益金鼎-台中,2024-10-15,9184
2392,正崴,50,10,40,群益金鼎-台中,2024-10-15,9184
2359,所羅門,35,5,30,群益金鼎-台中,2024-10-15,9184
8176,智捷,30,1,29,群益金鼎-台中,2024-10-15,9184
00715L,期街口布蘭特正2,41,16,25,群益金鼎-台中,2024-10-15,9184
3049,精金,36,11,25,群益金鼎-台中,2024-10-15,9184
00648R,元大S＆P500反1,25,0,25,群益金鼎-台中,2024-10-15,9184
00637L,元大滬深300正2,113,88,25,群益金鼎-台中,2024-10-15,9184
00887,永豐中國科技50大,61,39,22,群益金鼎-台中,2024-10-15,9184
5452,佶優,93,71,22,群益金鼎-台中,2024-10-15,9184
00961,FT臺灣永續高息,21,0,21,群益金鼎-台中,2024-10-15,9184
00676R,富邦臺灣加權反1,20,0,20,群益金鼎-台中,2024-10-15,9184
8438,昶昕,20,0,20,群益金鼎-台中,2024-10-15,9184
00671R,富邦NASDAQ反1,20,0,20,群益金鼎-台中,2024-10-15,9184
2897B,王道銀乙特,20,0,20,群益金鼎-台中,2024-10-15,9184
6415,矽力*-KY,18,0,18,群益金鼎-台中,2024-10-15,9184
4971,IET-KY,22,5,17,群益金鼎-台中,2024-10-15,9184
2351,順德,17,1,16,群益金鼎-台中,2024-10-15,9184
00669R,國泰美國道瓊反1,16,0,16,群益金鼎-台中,2024-10-15,9184
1717,長興,16,0,16,群益金鼎-台中,2024-10-15,9184
4927,泰鼎-KY,18,3,15,群益金鼎-台中,2024-10-15,9184
2312,金寶,53,39,14,群益金鼎-台中,2024-10-15,9184
6505,台塑化,12,0,12,群益金鼎-台中,2024-10-15,9184
8021,尖點,12,0,12,群益金鼎-台中,2024-10-15,9184
5871,中租-KY,14,2,12,群益金鼎-台中,2024-10-15,9184
4956,光鋐,188,176,12,群益金鼎-台中,2024-10-15,9184
5443,均豪,21,10,11,群益金鼎-台中,2024-10-15,9184
2356,英業達,22,11,11,群益金鼎-台中,2024-10-15,9184
3231,緯創,27,16,11,群益金鼎-台中,2024-10-15,9184
2449,京元電子,17,6,11,群益金鼎-台中,2024-10-15,9184
2103,台橡,10,0,10,群益金鼎-台中,2024-10-15,9184
2413,環科,10,0,10,群益金鼎-台中,2024-10-15,9184
00688L,國泰20年美債正2,1047,0,1047,群益金鼎-台中,2024-10-16,9184
00679B,元大美債20年,409,13,396,群益金鼎-台中,2024-10-16,9184
00922,國泰台灣領袖50,177,14,163,群益金鼎-台中,2024-10-16,9184
2867,三商壽,134,1,133,群益金鼎-台中,2024-10-16,9184
00725B,國泰投資級公司債,125,0,125,群益金鼎-台中,2024-10-16,9184
00948B,中信優息投資級債,120,1,119,群益金鼎-台中,2024-10-16,9184
0056,元大高股息,121,16,105,群益金鼎-台中,2024-10-16,9184
1722,台肥,124,70,54,群益金鼎-台中,2024-10-16,9184
00937B,群益ESG投等債20,58,7,51,群益金鼎-台中,2024-10-16,9184
00637L,元大滬深300正2,248,199,49,群益金鼎-台中,2024-10-16,9184
1301,台塑,42,0,42,群益金鼎-台中,2024-10-16,9184
2023,燁輝,47,6,41,群益金鼎-台中,2024-10-16,9184
2883,凱基金,41,10,31,群益金鼎-台中,2024-10-16,9184
00680L,元大美債20正2,52,22,30,群益金鼎-台中,2024-10-16,9184
00878,國泰永續高股息,32,4,28,群益金鼎-台中,2024-10-16,9184
2887,台新金,43,17,26,群益金鼎-台中,2024-10-16,9184
00943,兆豐電子高息等權,26,0,26,群益金鼎-台中,2024-10-16,9184
6609,瀧澤科,62,36,26,群益金鼎-台中,2024-10-16,9184
8176,智捷,25,0,25,群益金鼎-台中,2024-10-16,9184
00887,永豐中國科技50大,45,25,20,群益金鼎-台中,2024-10-16,9184
3615,安可,37,17,20,群益金鼎-台中,2024-10-16,9184
2881,富邦金,19,1,18,群益金鼎-台中,2024-10-16,9184
00675L,富邦臺灣加權正2,17,0,17,群益金鼎-台中,2024-10-16,9184
3289,宜特,21,5,16,群益金鼎-台中,2024-10-16,9184
5880,合庫金,15,0,15,群益金鼎-台中,2024-10-16,9184
2363,矽統,45,30,15,群益金鼎-台中,2024-10-16,9184
2882,國泰金,16,1,15,群益金鼎-台中,2024-10-16,9184
6274,台燿,14,0,14,群益金鼎-台中,2024-10-16,9184
2888,新光金,14,0,14,群益金鼎-台中,2024-10-16,9184
3209,全科,22,8,14,群益金鼎-台中,2024-10-16,9184
00941,中信上游半導體,14,0,14,群益金鼎-台中,2024-10-16,9184
2344,華邦電,21,8,13,群益金鼎-台中,2024-10-16,9184
00715L,期街口布蘭特正2,18,5,13,群益金鼎-台中,2024-10-16,9184
6214,精誠,13,0,13,群益金鼎-台中,2024-10-16,9184
3711,日月光投控,20,7,13,群益金鼎-台中,2024-10-16,9184
00905,FT臺灣Smart,13,0,13,群益金鼎-台中,2024-10-16,9184
00945B,凱基美國非投等債,12,0,12,群益金鼎-台中,2024-10-16,9184
2464,盟立,63,51,12,群益金鼎-台中,2024-10-16,9184
2303,聯電,11,0,11,群益金鼎-台中,2024-10-16,9184
3167,大量,83,72,11,群益金鼎-台中,2024-10-16,9184
2880,華南金,11,0,11,群益金鼎-台中,2024-10-16,9184
8054,安國,12,1,11,群益金鼎-台中,2024-10-16,9184
3230,錦明,24,13,11,群益金鼎-台中,2024-10-16,9184
00907,永豐優息存股,11,0,11,群益金鼎-台中,2024-10-16,9184
00713,元大台灣高息低波,11,0,11,群益金鼎-台中,2024-10-16,9184
2633,台灣高鐵,10,0,10,群益金鼎-台中,2024-10-16,9184
6770,力積電,10,0,10,群益金鼎-台中,2024-10-16,9184
1314,中石化,10,0,10,群益金鼎-台中,2024-10-16,9184
1539,巨庭,10,0,10,群益金鼎-台中,2024-10-16,9184
2511,太子,10,0,10,群益金鼎-台中,2024-10-16,9184
00937B,群益ESG投等債20,246,59,187,群益金鼎-台中,2024-10-17,9184
00687B,國泰20年美債,146,7,139,群益金鼎-台中,2024-10-17,9184
00679B,元大美債20年,91,2,89,群益金鼎-台中,2024-10-17,9184
00887,永豐中國科技50大,66,0,66,群益金鼎-台中,2024-10-17,9184
00665L,富邦�琤肭磪囓�2,81,24,57,群益金鼎-台中,2024-10-17,9184
00688L,國泰20年美債正2,50,5,45,群益金鼎-台中,2024-10-17,9184
2356,英業達,58,16,42,群益金鼎-台中,2024-10-17,9184
00922,國泰台灣領袖50,60,19,41,群益金鼎-台中,2024-10-17,9184
00753L,中信中國50正2,56,16,40,群益金鼎-台中,2024-10-17,9184
00720B,元大投資級公司債,52,15,37,群益金鼎-台中,2024-10-17,9184
1449,佳和,33,0,33,群益金鼎-台中,2024-10-17,9184
00650L,復華香港正2,30,0,30,群益金鼎-台中,2024-10-17,9184
1815,富喬,30,5,25,群益金鼎-台中,2024-10-17,9184
00680L,元大美債20正2,23,0,23,群益金鼎-台中,2024-10-17,9184
0056,元大高股息,24,2,22,群益金鼎-台中,2024-10-17,9184
3167,大量,32,10,22,群益金鼎-台中,2024-10-17,9184
2402,毅嘉,58,37,21,群益金鼎-台中,2024-10-17,9184
2399,映泰,119,98,21,群益金鼎-台中,2024-10-17,9184
00795B,中信美國公債20年,81,60,21,群益金鼎-台中,2024-10-17,9184
2374,佳能,28,8,20,群益金鼎-台中,2024-10-17,9184
1802,台玻,26,6,20,群益金鼎-台中,2024-10-17,9184
5452,佶優,41,24,17,群益金鼎-台中,2024-10-17,9184
1528,恩德,99,82,17,群益金鼎-台中,2024-10-17,9184
1722,台肥,20,5,15,群益金鼎-台中,2024-10-17,9184
2887,台新金,20,5,15,群益金鼎-台中,2024-10-17,9184
6274,台燿,15,1,14,群益金鼎-台中,2024-10-17,9184
2010,春源,35,21,14,群益金鼎-台中,2024-10-17,9184
00637L,元大滬深300正2,184,170,14,群益金鼎-台中,2024-10-17,9184
1712,興農,13,1,12,群益金鼎-台中,2024-10-17,9184
2388,威盛,18,7,11,群益金鼎-台中,2024-10-17,9184
0061,元大寶滬深,12,1,11,群益金鼎-台中,2024-10-17,9184
1711,永光,17,6,11,群益金鼎-台中,2024-10-17,9184
006208,富邦台50,11,0,11,群益金鼎-台中,2024-10-17,9184
3011,今皓,13,3,10,群益金鼎-台中,2024-10-17,9184
2352,佳世達,12,2,10,群益金鼎-台中,2024-10-17,9184
3059,華晶科,11,1,10,群益金鼎-台中,2024-10-17,9184
3372,典範,10,0,10,群益金鼎-台中,2024-10-17,9184
00730,富邦臺灣優質高息,10,0,10,群益金鼎-台中,2024-10-17,9184
00959B,大華投等美債15Y+,11,1,10,群益金鼎-台中,2024-10-17,9184
5258,虹堡,10,0,10,群益金鼎-台中,2024-10-17,9184
2303,聯電,9,0,9,群益金鼎-台中,2024-10-17,9184
1609,大亞,10,1,9,群益金鼎-台中,2024-10-17,9184
3535,晶彩科,11,2,9,群益金鼎-台中,2024-10-17,9184
8111,立��,81,73,8,群益金鼎-台中,2024-10-17,9184
2067,嘉鋼,8,0,8,群益金鼎-台中,2024-10-17,9184
3596,智易,8,0,8,群益金鼎-台中,2024-10-17,9184
6658,聯策,34,27,7,群益金鼎-台中,2024-10-17,9184
2543,皇昌,12,5,7,群益金鼎-台中,2024-10-17,9184
1536,和大,10,3,7,群益金鼎-台中,2024-10-17,9184
3379,彬台,11,4,7,群益金鼎-台中,2024-10-17,9184
00937B,群益ESG投等債20,493,263,230,群益金鼎-台中,2024-10-18,9184
00945B,凱基美國非投等債,166,16,150,群益金鼎-台中,2024-10-18,9184
00912,中信臺灣智慧50,154,4,150,群益金鼎-台中,2024-10-18,9184
020027,元大上櫃ESG成長N,160,40,120,群益金鼎-台中,2024-10-18,9184
00795B,中信美國公債20年,119,0,119,群益金鼎-台中,2024-10-18,9184
00679B,元大美債20年,117,0,117,群益金鼎-台中,2024-10-18,9184
00959B,大華投等美債15Y+,101,0,101,群益金鼎-台中,2024-10-18,9184
1449,佳和,110,11,99,群益金鼎-台中,2024-10-18,9184
00751B,元大AAA至A公司債,86,0,86,群益金鼎-台中,2024-10-18,9184
00687B,國泰20年美債,119,37,82,群益金鼎-台中,2024-10-18,9184
00942B,台新美A公司債20+,78,0,78,群益金鼎-台中,2024-10-18,9184
00632R,元大台灣50反1,276,200,76,群益金鼎-台中,2024-10-18,9184
00919,群益台灣精選高息,68,4,64,群益金鼎-台中,2024-10-18,9184
00720B,元大投資級公司債,61,0,61,群益金鼎-台中,2024-10-18,9184
00753L,中信中國50正2,64,7,57,群益金鼎-台中,2024-10-18,9184
00688L,國泰20年美債正2,56,0,56,群益金鼎-台中,2024-10-18,9184
00725B,國泰投資級公司債,50,0,50,群益金鼎-台中,2024-10-18,9184
00948B,中信優息投資級債,100,51,49,群益金鼎-台中,2024-10-18,9184
00887,永豐中國科技50大,57,9,48,群益金鼎-台中,2024-10-18,9184
00929,復華台灣科技優息,89,41,48,群益金鼎-台中,2024-10-18,9184
00676R,富邦臺灣加權反1,40,0,40,群益金鼎-台中,2024-10-18,9184
2303,聯電,36,0,36,群益金鼎-台中,2024-10-18,9184
3209,全科,118,87,31,群益金鼎-台中,2024-10-18,9184
8021,尖點,36,6,30,群益金鼎-台中,2024-10-18,9184
0061,元大寶滬深,30,0,30,群益金鼎-台中,2024-10-18,9184
2317,鴻海,74,45,29,群益金鼎-台中,2024-10-18,9184
2867,三商壽,31,2,29,群益金鼎-台中,2024-10-18,9184
3581,博磊,39,10,29,群益金鼎-台中,2024-10-18,9184
00680L,元大美債20正2,43,15,28,群益金鼎-台中,2024-10-18,9184
0056,元大高股息,64,37,27,群益金鼎-台中,2024-10-18,9184
2367,燿華,40,13,27,群益金鼎-台中,2024-10-18,9184
00706L,期元大S＆P日圓正2,26,0,26,群益金鼎-台中,2024-10-18,9184
00692,富邦公司治理,25,1,24,群益金鼎-台中,2024-10-18,9184
2887,台新金,27,5,22,群益金鼎-台中,2024-10-18,9184
2355,敬鵬,21,0,21,群益金鼎-台中,2024-10-18,9184
3011,今皓,57,36,21,群益金鼎-台中,2024-10-18,9184
8374,羅昇,22,2,20,群益金鼎-台中,2024-10-18,9184
1447,力鵬,20,0,20,群益金鼎-台中,2024-10-18,9184
2855,統一證,20,0,20,群益金鼎-台中,2024-10-18,9184
2374,佳能,38,20,18,群益金鼎-台中,2024-10-18,9184
00946,群益科技高息成長,17,0,17,群益金鼎-台中,2024-10-18,9184
00905,FT臺灣Smart,23,8,15,群益金鼎-台中,2024-10-18,9184
1609,大亞,28,13,15,群益金鼎-台中,2024-10-18,9184
00643,群益深証中小,15,0,15,群益金鼎-台中,2024-10-18,9184
8028,昇陽半導體,131,116,15,群益金鼎-台中,2024-10-18,9184
4909,新復興,25,11,14,群益金鼎-台中,2024-10-18,9184
4903,聯光通,27,13,14,群益金鼎-台中,2024-10-18,9184
00915,凱基優選高股息30,14,1,13,群益金鼎-台中,2024-10-18,9184
6770,力積電,13,0,13,群益金鼎-台中,2024-10-18,9184
00857B,永豐20年美公債,13,0,13,群益金鼎-台中,2024-10-18,9184
00680L,元大美債20正2,369,0,369,群益金鼎-台中,2024-10-21,9184
00688L,國泰20年美債正2,281,70,211,群益金鼎-台中,2024-10-21,9184
00637L,元大滬深300正2,174,68,106,群益金鼎-台中,2024-10-21,9184
00948B,中信優息投資級債,114,13,101,群益金鼎-台中,2024-10-21,9184
00679B,元大美債20年,85,2,83,群益金鼎-台中,2024-10-21,9184
2312,金寶,92,20,72,群益金鼎-台中,2024-10-21,9184
00687B,國泰20年美債,70,1,69,群益金鼎-台中,2024-10-21,9184
00720B,元大投資級公司債,113,51,62,群益金鼎-台中,2024-10-21,9184
00953B,群益優選非投等債,61,0,61,群益金鼎-台中,2024-10-21,9184
00715L,期街口布蘭特正2,57,0,57,群益金鼎-台中,2024-10-21,9184
00945B,凱基美國非投等債,51,10,41,群益金鼎-台中,2024-10-21,9184
00725B,國泰投資級公司債,123,83,40,群益金鼎-台中,2024-10-21,9184
0056,元大高股息,42,3,39,群益金鼎-台中,2024-10-21,9184
1326,台化,33,0,33,群益金鼎-台中,2024-10-21,9184
3209,全科,58,25,33,群益金鼎-台中,2024-10-21,9184
1449,佳和,30,0,30,群益金鼎-台中,2024-10-21,9184
00878,國泰永續高股息,42,15,27,群益金鼎-台中,2024-10-21,9184
1597,直得,79,53,26,群益金鼎-台中,2024-10-21,9184
2891,中信金,24,0,24,群益金鼎-台中,2024-10-21,9184
00915,凱基優選高股息30,28,4,24,群益金鼎-台中,2024-10-21,9184
00905,FT臺灣Smart,24,0,24,群益金鼎-台中,2024-10-21,9184
00643,群益深証中小,23,0,23,群益金鼎-台中,2024-10-21,9184
6282,康舒,23,2,21,群益金鼎-台中,2024-10-21,9184
00857B,永豐20年美公債,20,0,20,群益金鼎-台中,2024-10-21,9184
00927,群益半導體收益,24,4,20,群益金鼎-台中,2024-10-21,9184
3712,永崴投控,20,0,20,群益金鼎-台中,2024-10-21,9184
2867,三商壽,19,0,19,群益金鼎-台中,2024-10-21,9184
3017,奇鋐,22,3,19,群益金鼎-台中,2024-10-21,9184
8064,東捷,74,56,18,群益金鼎-台中,2024-10-21,9184
2365,昆盈,19,1,18,群益金鼎-台中,2024-10-21,9184
8039,台虹,18,0,18,群益金鼎-台中,2024-10-21,9184
2363,矽統,162,145,17,群益金鼎-台中,2024-10-21,9184
00669R,國泰美國道瓊反1,16,0,16,群益金鼎-台中,2024-10-21,9184
3149,正達,49,34,15,群益金鼎-台中,2024-10-21,9184
3710,連展投控,21,6,15,群益金鼎-台中,2024-10-21,9184
6163,華電網,15,0,15,群益金鼎-台中,2024-10-21,9184
2489,瑞軒,19,5,14,群益金鼎-台中,2024-10-21,9184
00918,大華優利高填息30,13,0,13,群益金鼎-台中,2024-10-21,9184
8097,常珵,15,3,12,群益金鼎-台中,2024-10-21,9184
00783,富邦中証500,12,0,12,群益金鼎-台中,2024-10-21,9184
3167,大量,22,10,12,群益金鼎-台中,2024-10-21,9184
2882,國泰金,13,1,12,群益金鼎-台中,2024-10-21,9184
2883,凱基金,21,10,11,群益金鼎-台中,2024-10-21,9184
2356,英業達,15,4,11,群益金鼎-台中,2024-10-21,9184
00713,元大台灣高息低波,11,0,11,群益金鼎-台中,2024-10-21,9184
1717,長興,10,0,10,群益金鼎-台中,2024-10-21,9184
2243,宏旭-KY,11,1,10,群益金鼎-台中,2024-10-21,9184
1721,三晃,9,0,9,群益金鼎-台中,2024-10-21,9184
1506,正道,9,0,9,群益金鼎-台中,2024-10-21,9184
3290,東浦,13,5,8,群益金鼎-台中,2024-10-21,9184
00937B,群益ESG投等債20,734,166,568,群益金鼎-台中,2024-10-22,9184
00948B,中信優息投資級債,159,0,159,群益金鼎-台中,2024-10-22,9184
00680L,元大美債20正2,200,56,144,群益金鼎-台中,2024-10-22,9184
00687B,國泰20年美債,165,23,142,群益金鼎-台中,2024-10-22,9184
00905,FT臺灣Smart,91,3,88,群益金鼎-台中,2024-10-22,9184
00712,復華富時不動產,80,0,80,群益金鼎-台中,2024-10-22,9184
00795B,中信美國公債20年,101,40,61,群益金鼎-台中,2024-10-22,9184
00751B,元大AAA至A公司債,98,45,53,群益金鼎-台中,2024-10-22,9184
3049,精金,63,11,52,群益金鼎-台中,2024-10-22,9184
1101,台泥,40,0,40,群益金鼎-台中,2024-10-22,9184
1449,佳和,40,0,40,群益金鼎-台中,2024-10-22,9184
00857B,永豐20年美公債,34,0,34,群益金鼎-台中,2024-10-22,9184
00713,元大台灣高息低波,30,0,30,群益金鼎-台中,2024-10-22,9184
3011,今皓,36,12,24,群益金鼎-台中,2024-10-22,9184
00753L,中信中國50正2,451,427,24,群益金鼎-台中,2024-10-22,9184
1326,台化,20,0,20,群益金鼎-台中,2024-10-22,9184
9105,泰金寶-DR,20,0,20,群益金鼎-台中,2024-10-22,9184
3167,大量,27,7,20,群益金鼎-台中,2024-10-22,9184
2392,正崴,25,6,19,群益金鼎-台中,2024-10-22,9184
3055,蔚華科,77,58,19,群益金鼎-台中,2024-10-22,9184
00959B,大華投等美債15Y+,18,0,18,群益金鼎-台中,2024-10-22,9184
3289,宜特,19,2,17,群益金鼎-台中,2024-10-22,9184
00643,群益深証中小,17,0,17,群益金鼎-台中,2024-10-22,9184
1711,永光,17,1,16,群益金鼎-台中,2024-10-22,9184
00878,國泰永續高股息,26,11,15,群益金鼎-台中,2024-10-22,9184
00929,復華台灣科技優息,18,4,14,群益金鼎-台中,2024-10-22,9184
1301,台塑,14,0,14,群益金鼎-台中,2024-10-22,9184
0056,元大高股息,20,6,14,群益金鼎-台中,2024-10-22,9184
2801,彰銀,13,0,13,群益金鼎-台中,2024-10-22,9184
2883,凱基金,18,5,13,群益金鼎-台中,2024-10-22,9184
6451,訊芯-KY,18,5,13,群益金鼎-台中,2024-10-22,9184
2010,春源,17,5,12,群益金鼎-台中,2024-10-22,9184
3550,聯穎,35,23,12,群益金鼎-台中,2024-10-22,9184
8043,蜜望實,36,24,12,群益金鼎-台中,2024-10-22,9184
00957B,兆豐US優選投等債,11,0,11,群益金鼎-台中,2024-10-22,9184
6285,啟��,11,0,11,群益金鼎-台中,2024-10-22,9184
00934,中信成長高股息,11,0,11,群益金鼎-台中,2024-10-22,9184
00675L,富邦臺灣加權正2,10,0,10,群益金鼎-台中,2024-10-22,9184
1717,長興,10,0,10,群益金鼎-台中,2024-10-22,9184
1609,大亞,10,0,10,群益金鼎-台中,2024-10-22,9184
8240,華宏,11,1,10,群益金鼎-台中,2024-10-22,9184
4503,金雨,10,0,10,群益金鼎-台中,2024-10-22,9184
8046,南電,12,2,10,群益金鼎-台中,2024-10-22,9184
8210,勤誠,10,0,10,群益金鼎-台中,2024-10-22,9184
8084,巨虹,10,0,10,群益金鼎-台中,2024-10-22,9184
5386,青雲,26,17,9,群益金鼎-台中,2024-10-22,9184
1569,濱川,17,8,9,群益金鼎-台中,2024-10-22,9184
4927,泰鼎-KY,9,0,9,群益金鼎-台中,2024-10-22,9184
3290,東浦,36,27,9,群益金鼎-台中,2024-10-22,9184
6530,創威,12,3,9,群益金鼎-台中,2024-10-22,9184
2344,華邦電,195,20,175,群益金鼎-台中,2024-10-23,9184
00720B,元大投資級公司債,197,46,151,群益金鼎-台中,2024-10-23,9184
1722,台肥,144,1,143,群益金鼎-台中,2024-10-23,9184
00937B,群益ESG投等債20,997,860,137,群益金鼎-台中,2024-10-23,9184
00948B,中信優息投資級債,80,0,80,群益金鼎-台中,2024-10-23,9184
00712,復華富時不動產,55,0,55,群益金鼎-台中,2024-10-23,9184
00688L,國泰20年美債正2,45,0,45,群益金鼎-台中,2024-10-23,9184
0056,元大高股息,61,18,43,群益金鼎-台中,2024-10-23,9184
2547,日勝生,42,0,42,群益金鼎-台中,2024-10-23,9184
00637L,元大滬深300正2,88,48,40,群益金鼎-台中,2024-10-23,9184
2329,華泰,85,46,39,群益金鼎-台中,2024-10-23,9184
00878,國泰永續高股息,38,4,34,群益金鼎-台中,2024-10-23,9184
00905,FT臺灣Smart,34,1,33,群益金鼎-台中,2024-10-23,9184
00945B,凱基美國非投等債,32,0,32,群益金鼎-台中,2024-10-23,9184
00706L,期元大S＆P日圓正2,42,15,27,群益金鼎-台中,2024-10-23,9184
00680L,元大美債20正2,26,2,24,群益金鼎-台中,2024-10-23,9184
6215,和椿,24,2,22,群益金鼎-台中,2024-10-23,9184
2884,玉山金,22,0,22,群益金鼎-台中,2024-10-23,9184
00679B,元大美債20年,25,3,22,群益金鼎-台中,2024-10-23,9184
00675L,富邦臺灣加權正2,21,0,21,群益金鼎-台中,2024-10-23,9184
00938,凱基優選30,27,6,21,群益金鼎-台中,2024-10-23,9184
00929,復華台灣科技優息,31,11,20,群益金鼎-台中,2024-10-23,9184
3305,昇貿,20,0,20,群益金鼎-台中,2024-10-23,9184
5905,南仁湖,22,2,20,群益金鼎-台中,2024-10-23,9184
00907,永豐優息存股,18,0,18,群益金鼎-台中,2024-10-23,9184
2313,華通,21,4,17,群益金鼎-台中,2024-10-23,9184
00882,中信中國高股息,19,2,17,群益金鼎-台中,2024-10-23,9184
6642,富致,16,0,16,群益金鼎-台中,2024-10-23,9184
8070,長華*,21,5,16,群益金鼎-台中,2024-10-23,9184
6603,富強鑫,15,0,15,群益金鼎-台中,2024-10-23,9184
5347,世界,17,3,14,群益金鼎-台中,2024-10-23,9184
1528,恩德,194,180,14,群益金鼎-台中,2024-10-23,9184
4909,新復興,15,2,13,群益金鼎-台中,2024-10-23,9184
3011,今皓,25,12,13,群益金鼎-台中,2024-10-23,9184
1907,永豐餘,13,0,13,群益金鼎-台中,2024-10-23,9184
2887,台新金,18,5,13,群益金鼎-台中,2024-10-23,9184
8176,智捷,12,0,12,群益金鼎-台中,2024-10-23,9184
4542,科嶠,34,22,12,群益金鼎-台中,2024-10-23,9184
8105,凌巨,11,0,11,群益金鼎-台中,2024-10-23,9184
00951,台新日本半導體,11,0,11,群益金鼎-台中,2024-10-23,9184
2382,廣達,15,5,10,群益金鼎-台中,2024-10-23,9184
3290,東浦,51,41,10,群益金鼎-台中,2024-10-23,9184
00650L,復華香港正2,20,10,10,群益金鼎-台中,2024-10-23,9184
1708,東鹼,10,0,10,群益金鼎-台中,2024-10-23,9184
2739,寒舍,10,0,10,群益金鼎-台中,2024-10-23,9184
00918,大華優利高填息30,10,0,10,群益金鼎-台中,2024-10-23,9184
3356,奇偶,10,0,10,群益金鼎-台中,2024-10-23,9184
5284,jpp-KY,20,10,10,群益金鼎-台中,2024-10-23,9184
8064,東捷,57,48,9,群益金鼎-台中,2024-10-23,9184
2634,漢翔,9,0,9,群益金鼎-台中,2024-10-23,9184
00948B,中信優息投資級債,177,10,167,群益金鼎-台中,2024-10-24,9184
020027,元大上櫃ESG成長N,120,0,120,群益金鼎-台中,2024-10-24,9184
2303,聯電,110,0,110,群益金鼎-台中,2024-10-24,9184
00922,國泰台灣領袖50,111,5,106,群益金鼎-台中,2024-10-24,9184
00637L,元大滬深300正2,106,44,62,群益金鼎-台中,2024-10-24,9184
00938,凱基優選30,206,147,59,群益金鼎-台中,2024-10-24,9184
00946,群益科技高息成長,50,0,50,群益金鼎-台中,2024-10-24,9184
00878,國泰永續高股息,52,3,49,群益金鼎-台中,2024-10-24,9184
2547,日勝生,40,0,40,群益金鼎-台中,2024-10-24,9184
0056,元大高股息,42,2,40,群益金鼎-台中,2024-10-24,9184
2353,宏��,40,2,38,群益金鼎-台中,2024-10-24,9184
00679B,元大美債20年,33,0,33,群益金鼎-台中,2024-10-24,9184
3033,威健,36,5,31,群益金鼎-台中,2024-10-24,9184
8176,智捷,31,0,31,群益金鼎-台中,2024-10-24,9184
2511,太子,30,0,30,群益金鼎-台中,2024-10-24,9184
1528,恩德,399,370,29,群益金鼎-台中,2024-10-24,9184
00712,復華富時不動產,27,1,26,群益金鼎-台中,2024-10-24,9184
2344,華邦電,29,5,24,群益金鼎-台中,2024-10-24,9184
2388,威盛,53,29,24,群益金鼎-台中,2024-10-24,9184
00959B,大華投等美債15Y+,43,20,23,群益金鼎-台中,2024-10-24,9184
2382,廣達,29,6,23,群益金鼎-台中,2024-10-24,9184
00725B,國泰投資級公司債,22,0,22,群益金鼎-台中,2024-10-24,9184
1722,台肥,22,0,22,群益金鼎-台中,2024-10-24,9184
9934,成霖,22,0,22,群益金鼎-台中,2024-10-24,9184
3663,鑫科,91,70,21,群益金鼎-台中,2024-10-24,9184
00905,FT臺灣Smart,33,12,21,群益金鼎-台中,2024-10-24,9184
3167,大量,27,7,20,群益金鼎-台中,2024-10-24,9184
2317,鴻海,38,18,20,群益金鼎-台中,2024-10-24,9184
1303,南亞,20,0,20,群益金鼎-台中,2024-10-24,9184
00919,群益台灣精選高息,30,10,20,群益金鼎-台中,2024-10-24,9184
00961,FT臺灣永續高息,20,3,17,群益金鼎-台中,2024-10-24,9184
2489,瑞軒,99,83,16,群益金鼎-台中,2024-10-24,9184
3372,典範,18,3,15,群益金鼎-台中,2024-10-24,9184
3289,宜特,16,1,15,群益金鼎-台中,2024-10-24,9184
2369,菱生,29,15,14,群益金鼎-台中,2024-10-24,9184
3551,世禾,43,30,13,群益金鼎-台中,2024-10-24,9184
5880,合庫金,13,0,13,群益金鼎-台中,2024-10-24,9184
00720B,元大投資級公司債,12,0,12,群益金鼎-台中,2024-10-24,9184
3029,零壹,19,8,11,群益金鼎-台中,2024-10-24,9184
00680L,元大美債20正2,12,1,11,群益金鼎-台中,2024-10-24,9184
1815,富喬,23,12,11,群益金鼎-台中,2024-10-24,9184
2376,技嘉,11,1,10,群益金鼎-台中,2024-10-24,9184
8111,立��,14,4,10,群益金鼎-台中,2024-10-24,9184
3049,精金,10,0,10,群益金鼎-台中,2024-10-24,9184
3272,東碩,11,1,10,群益金鼎-台中,2024-10-24,9184
2408,南亞科,10,0,10,群益金鼎-台中,2024-10-24,9184
2241,艾姆勒,10,0,10,群益金鼎-台中,2024-10-24,9184
5521,工信,11,1,10,群益金鼎-台中,2024-10-24,9184
3380,明泰,14,4,10,群益金鼎-台中,2024-10-24,9184
3450,聯鈞,43,33,10,群益金鼎-台中,2024-10-24,9184
00931B,統一美債20年,126,1,125,群益金鼎-台中,2024-10-25,9184
00725B,國泰投資級公司債,117,2,115,群益金鼎-台中,2024-10-25,9184
2883,凱基金,104,4,100,群益金鼎-台中,2024-10-25,9184
00680L,元大美債20正2,91,0,91,群益金鼎-台中,2024-10-25,9184
2344,華邦電,49,0,49,群益金鼎-台中,2024-10-25,9184
00679B,元大美債20年,58,14,44,群益金鼎-台中,2024-10-25,9184
2495,普安,392,352,40,群益金鼎-台中,2024-10-25,9184
020027,元大上櫃ESG成長N,40,0,40,群益金鼎-台中,2024-10-25,9184
00953B,群益優選非投等債,47,8,39,群益金鼎-台中,2024-10-25,9184
2405,輔信,48,15,33,群益金鼎-台中,2024-10-25,9184
2352,佳世達,31,0,31,群益金鼎-台中,2024-10-25,9184
00915,凱基優選高股息30,35,5,30,群益金鼎-台中,2024-10-25,9184
6492,生華科,30,0,30,群益金鼎-台中,2024-10-25,9184
3715,定穎投控,36,9,27,群益金鼎-台中,2024-10-25,9184
00713,元大台灣高息低波,22,0,22,群益金鼎-台中,2024-10-25,9184
00687B,國泰20年美債,22,0,22,群益金鼎-台中,2024-10-25,9184
4743,合一,22,1,21,群益金鼎-台中,2024-10-25,9184
00795B,中信美國公債20年,21,0,21,群益金鼎-台中,2024-10-25,9184
00959B,大華投等美債15Y+,21,0,21,群益金鼎-台中,2024-10-25,9184
3481,群創,33,13,20,群益金鼎-台中,2024-10-25,9184
2615,萬海,21,1,20,群益金鼎-台中,2024-10-25,9184
4306,炎洲,20,1,19,群益金鼎-台中,2024-10-25,9184
00887,永豐中國科技50大,27,10,17,群益金鼎-台中,2024-10-25,9184
3019,亞光,27,10,17,群益金鼎-台中,2024-10-25,9184
00929,復華台灣科技優息,23,7,16,群益金鼎-台中,2024-10-25,9184
2303,聯電,14,0,14,群益金鼎-台中,2024-10-25,9184
8932,智通*,14,0,14,群益金鼎-台中,2024-10-25,9184
5202,力新,44,31,13,群益金鼎-台中,2024-10-25,9184
00751B,元大AAA至A公司債,16,3,13,群益金鼎-台中,2024-10-25,9184
6288,聯嘉,43,30,13,群益金鼎-台中,2024-10-25,9184
00948B,中信優息投資級債,12,0,12,群益金鼎-台中,2024-10-25,9184
5880,合庫金,11,0,11,群益金鼎-台中,2024-10-25,9184
3149,正達,16,5,11,群益金鼎-台中,2024-10-25,9184
6235,華孚,18,8,10,群益金鼎-台中,2024-10-25,9184
8021,尖點,45,35,10,群益金鼎-台中,2024-10-25,9184
00715L,期街口布蘭特正2,10,0,10,群益金鼎-台中,2024-10-25,9184
8043,蜜望實,33,23,10,群益金鼎-台中,2024-10-25,9184
9939,宏全,10,0,10,群益金鼎-台中,2024-10-25,9184
00757,統一FANG+,10,1,9,群益金鼎-台中,2024-10-25,9184
2337,旺宏,10,1,9,群益金鼎-台中,2024-10-25,9184
2367,燿華,13,4,9,群益金鼎-台中,2024-10-25,9184
00878,國泰永續高股息,13,5,8,群益金鼎-台中,2024-10-25,9184
6838,台新藥,10,2,8,群益金鼎-台中,2024-10-25,9184
4927,泰鼎-KY,14,6,8,群益金鼎-台中,2024-10-25,9184
4526,東台,8,0,8,群益金鼎-台中,2024-10-25,9184
00960,野村全球航運龍頭,22,15,7,群益金鼎-台中,2024-10-25,9184
6207,雷科,9,2,7,群益金鼎-台中,2024-10-25,9184
6531,愛普*,7,0,7,群益金鼎-台中,2024-10-25,9184
2312,金寶,30,23,7,群益金鼎-台中,2024-10-25,9184
3535,晶彩科,14,7,7,群益金鼎-台中,2024-10-25,9184
00680L,元大美債20正2,210,12,198,群益金鼎-台中,2024-10-28,9184
00643,群益深証中小,155,5,150,群益金鼎-台中,2024-10-28,9184
00937B,群益ESG投等債20,233,103,130,群益金鼎-台中,2024-10-28,9184
00715L,期街口布蘭特正2,121,2,119,群益金鼎-台中,2024-10-28,9184
2883,凱基金,108,4,104,群益金鼎-台中,2024-10-28,9184
2646,星宇航空,127,34,93,群益金鼎-台中,2024-10-28,9184
00929,復華台灣科技優息,75,3,72,群益金鼎-台中,2024-10-28,9184
00720B,元大投資級公司債,65,0,65,群益金鼎-台中,2024-10-28,9184
8240,華宏,64,1,63,群益金鼎-台中,2024-10-28,9184
00751B,元大AAA至A公司債,61,0,61,群益金鼎-台中,2024-10-28,9184
00795B,中信美國公債20年,56,0,56,群益金鼎-台中,2024-10-28,9184
00632R,元大台灣50反1,51,0,51,群益金鼎-台中,2024-10-28,9184
00948B,中信優息投資級債,95,50,45,群益金鼎-台中,2024-10-28,9184
00725B,國泰投資級公司債,43,10,33,群益金鼎-台中,2024-10-28,9184
00946,群益科技高息成長,27,0,27,群益金鼎-台中,2024-10-28,9184
2356,英業達,53,26,27,群益金鼎-台中,2024-10-28,9184
00679B,元大美債20年,37,12,25,群益金鼎-台中,2024-10-28,9184
00712,復華富時不動產,26,0,26,群益金鼎-台中,2024-10-28,9184
8021,尖點,39,17,22,群益金鼎-台中,2024-10-28,9184
00950B,凱基A級公司債,21,0,21,群益金鼎-台中,2024-10-28,9184
5512,力麒,21,0,21,群益金鼎-台中,2024-10-28,9184
020027,元大上櫃ESG成長N,20,0,20,群益金鼎-台中,2024-10-28,9184
3305,昇貿,20,0,20,群益金鼎-台中,2024-10-28,9184
2409,友達,20,0,20,群益金鼎-台中,2024-10-28,9184
4919,新唐,27,7,20,群益金鼎-台中,2024-10-28,9184
00881,國泰台灣5G+,21,1,20,群益金鼎-台中,2024-10-28,9184
6142,友勁,18,0,18,群益金鼎-台中,2024-10-28,9184
1528,恩德,40,24,16,群益金鼎-台中,2024-10-28,9184
3013,晟銘電,43,27,16,群益金鼎-台中,2024-10-28,9184
00772B,中信高評級公司債,15,0,15,群益金鼎-台中,2024-10-28,9184
1717,長興,15,0,15,群益金鼎-台中,2024-10-28,9184
2303,聯電,14,0,14,群益金鼎-台中,2024-10-28,9184
3021,鴻名,16,2,14,群益金鼎-台中,2024-10-28,9184
1314,中石化,13,0,13,群益金鼎-台中,2024-10-28,9184
3037,欣興,15,2,13,群益金鼎-台中,2024-10-28,9184
3167,大量,37,24,13,群益金鼎-台中,2024-10-28,9184
2489,瑞軒,21,9,12,群益金鼎-台中,2024-10-28,9184
00959B,大華投等美債15Y+,12,0,12,群益金鼎-台中,2024-10-28,9184
6235,華孚,61,49,12,群益金鼎-台中,2024-10-28,9184
00887,永豐中國科技50大,15,4,11,群益金鼎-台中,2024-10-28,9184
2543,皇昌,27,16,11,群益金鼎-台中,2024-10-28,9184
6204,艾華,11,0,11,群益金鼎-台中,2024-10-28,9184
00706L,期元大S＆P日圓正2,11,0,11,群益金鼎-台中,2024-10-28,9184
3055,蔚華科,45,34,11,群益金鼎-台中,2024-10-28,9184
6290,良維,11,0,11,群益金鼎-台中,2024-10-28,9184
1815,富喬,11,0,11,群益金鼎-台中,2024-10-28,9184
2363,矽統,26,16,10,群益金鼎-台中,2024-10-28,9184
00942B,台新美A公司債20+,10,0,10,群益金鼎-台中,2024-10-28,9184
3702,大聯大,10,0,10,群益金鼎-台中,2024-10-28,9184
1319,東陽,10,0,10,群益金鼎-台中,2024-10-28,9184
00878,國泰永續高股息,194,29,165,群益金鼎-台中,2024-10-29,9184
00929,復華台灣科技優息,164,28,136,群益金鼎-台中,2024-10-29,9184
2303,聯電,138,5,133,群益金鼎-台中,2024-10-29,9184
00919,群益台灣精選高息,107,3,104,群益金鼎-台中,2024-10-29,9184
00946,群益科技高息成長,102,0,102,群益金鼎-台中,2024-10-29,9184
2344,華邦電,84,5,79,群益金鼎-台中,2024-10-29,9184
00922,國泰台灣領袖50,86,15,71,群益金鼎-台中,2024-10-29,9184
2883,凱基金,98,27,71,群益金鼎-台中,2024-10-29,9184
00715L,期街口布蘭特正2,68,4,64,群益金鼎-台中,2024-10-29,9184
00687B,國泰20年美債,61,0,61,群益金鼎-台中,2024-10-29,9184
8044,網家,66,6,60,群益金鼎-台中,2024-10-29,9184
020027,元大上櫃ESG成長N,60,0,60,群益金鼎-台中,2024-10-29,9184
00940,元大台灣價值高息,65,8,57,群益金鼎-台中,2024-10-29,9184
1722,台肥,55,0,55,群益金鼎-台中,2024-10-29,9184
00720B,元大投資級公司債,63,10,53,群益金鼎-台中,2024-10-29,9184
00936,台新永續高息中小,52,1,51,群益金鼎-台中,2024-10-29,9184
00712,復華富時不動產,48,0,48,群益金鼎-台中,2024-10-29,9184
6763,綠界科技*,47,1,46,群益金鼎-台中,2024-10-29,9184
4157,太景*-KY,43,0,43,群益金鼎-台中,2024-10-29,9184
00637L,元大滬深300正2,121,80,41,群益金鼎-台中,2024-10-29,9184
2317,鴻海,79,39,40,群益金鼎-台中,2024-10-29,9184
00948B,中信優息投資級債,32,0,32,群益金鼎-台中,2024-10-29,9184
1532,勤美,37,5,32,群益金鼎-台中,2024-10-29,9184
00938,凱基優選30,67,37,30,群益金鼎-台中,2024-10-29,9184
00650L,復華香港正2,30,0,30,群益金鼎-台中,2024-10-29,9184
00643,群益深証中小,180,150,30,群益金鼎-台中,2024-10-29,9184
2409,友達,28,0,28,群益金鼎-台中,2024-10-29,9184
6156,松上,45,17,28,群益金鼎-台中,2024-10-29,9184
2392,正崴,61,34,27,群益金鼎-台中,2024-10-29,9184
6257,矽格,28,4,24,群益金鼎-台中,2024-10-29,9184
00719B,元大美債1-3,24,0,24,群益金鼎-台中,2024-10-29,9184
2431,聯昌,46,23,23,群益金鼎-台中,2024-10-29,9184
00713,元大台灣高息低波,24,1,23,群益金鼎-台中,2024-10-29,9184
2388,威盛,44,22,22,群益金鼎-台中,2024-10-29,9184
00923,群益台ESG低碳50,20,0,20,群益金鼎-台中,2024-10-29,9184
2515,中工,20,0,20,群益金鼎-台中,2024-10-29,9184
3305,昇貿,20,0,20,群益金鼎-台中,2024-10-29,9184
00961,FT臺灣永續高息,20,0,20,群益金鼎-台中,2024-10-29,9184
6658,聯策,51,32,19,群益金鼎-台中,2024-10-29,9184
00685L,群益臺灣加權正2,15,0,15,群益金鼎-台中,2024-10-29,9184
00753L,中信中國50正2,130,115,15,群益金鼎-台中,2024-10-29,9184
1301,台塑,17,2,15,群益金鼎-台中,2024-10-29,9184
00675L,富邦臺灣加權正2,25,10,15,群益金鼎-台中,2024-10-29,9184
2646,星宇航空,23,9,14,群益金鼎-台中,2024-10-29,9184
00952,凱基台灣AI50,14,0,14,群益金鼎-台中,2024-10-29,9184
2324,仁寶,21,9,12,群益金鼎-台中,2024-10-29,9184
2439,美律,13,1,12,群益金鼎-台中,2024-10-29,9184
6244,茂迪,11,0,11,群益金鼎-台中,2024-10-29,9184
6285,啟��,12,1,11,群益金鼎-台中,2024-10-29,9184
00905,FT臺灣Smart,14,4,10,群益金鼎-台中,2024-10-29,9184
00676R,富邦臺灣加權反1,500,0,500,群益金鼎-台中,2024-10-30,9184
00795B,中信美國公債20年,97,5,92,群益金鼎-台中,2024-10-30,9184
00671R,富邦NASDAQ反1,90,0,90,群益金鼎-台中,2024-10-30,9184
00751B,元大AAA至A公司債,87,0,87,群益金鼎-台中,2024-10-30,9184
00937B,群益ESG投等債20,159,89,70,群益金鼎-台中,2024-10-30,9184
3481,群創,76,14,62,群益金鼎-台中,2024-10-30,9184
00919,群益台灣精選高息,57,4,53,群益金鼎-台中,2024-10-30,9184
8044,網家,155,103,52,群益金鼎-台中,2024-10-30,9184
00959B,大華投等美債15Y+,48,0,48,群益金鼎-台中,2024-10-30,9184
2883,凱基金,101,54,47,群益金鼎-台中,2024-10-30,9184
3209,全科,39,1,38,群益金鼎-台中,2024-10-30,9184
00712,復華富時不動產,35,0,35,群益金鼎-台中,2024-10-30,9184
2891,中信金,40,7,33,群益金鼎-台中,2024-10-30,9184
00687B,國泰20年美債,36,5,31,群益金鼎-台中,2024-10-30,9184
00679B,元大美債20年,32,1,31,群益金鼎-台中,2024-10-30,9184
020039,元大加權N,30,0,30,群益金鼎-台中,2024-10-30,9184
2344,華邦電,40,11,29,群益金鼎-台中,2024-10-30,9184
00637L,元大滬深300正2,159,133,26,群益金鼎-台中,2024-10-30,9184
020027,元大上櫃ESG成長N,45,20,25,群益金鼎-台中,2024-10-30,9184
00946,群益科技高息成長,25,0,25,群益金鼎-台中,2024-10-30,9184
00715L,期街口布蘭特正2,24,0,24,群益金鼎-台中,2024-10-30,9184
0056,元大高股息,31,8,23,群益金鼎-台中,2024-10-30,9184
3019,亞光,24,1,23,群益金鼎-台中,2024-10-30,9184
4716,大立,36,13,23,群益金鼎-台中,2024-10-30,9184
6257,矽格,24,3,21,群益金鼎-台中,2024-10-30,9184
00882,中信中國高股息,20,0,20,群益金鼎-台中,2024-10-30,9184
3011,今皓,23,3,20,群益金鼎-台中,2024-10-30,9184
00753L,中信中國50正2,22,2,20,群益金鼎-台中,2024-10-30,9184
00878,國泰永續高股息,19,1,18,群益金鼎-台中,2024-10-30,9184
2409,友達,18,0,18,群益金鼎-台中,2024-10-30,9184
00675L,富邦臺灣加權正2,15,0,15,群益金鼎-台中,2024-10-30,9184
00940,元大台灣價值高息,13,0,13,群益金鼎-台中,2024-10-30,9184
6126,信音,13,0,13,群益金鼎-台中,2024-10-30,9184
6770,力積電,14,2,12,群益金鼎-台中,2024-10-30,9184
2413,環科,22,11,11,群益金鼎-台中,2024-10-30,9184
3702,大聯大,11,0,11,群益金鼎-台中,2024-10-30,9184
5347,世界,10,0,10,群益金鼎-台中,2024-10-30,9184
1513,中興電,10,0,10,群益金鼎-台中,2024-10-30,9184
2329,華泰,13,3,10,群益金鼎-台中,2024-10-30,9184
5534,長虹,10,0,10,群益金鼎-台中,2024-10-30,9184
2834,臺企銀,10,0,10,群益金鼎-台中,2024-10-30,9184
6288,聯嘉,11,2,9,群益金鼎-台中,2024-10-30,9184
2832,台產,9,0,9,群益金鼎-台中,2024-10-30,9184
00952,凱基台灣AI50,10,1,9,群益金鼎-台中,2024-10-30,9184
2303,聯電,12,4,8,群益金鼎-台中,2024-10-30,9184
00887,永豐中國科技50大,12,4,8,群益金鼎-台中,2024-10-30,9184
6133,金橋,40,32,8,群益金鼎-台中,2024-10-30,9184
4919,新唐,73,66,7,群益金鼎-台中,2024-10-30,9184
2492,華新科,9,2,7,群益金鼎-台中,2024-10-30,9184
1528,恩德,206,199,7,群益金鼎-台中,2024-10-30,9184
00688L,國泰20年美債正2,175,0,175,群益金鼎-台中,2024-11-01,9184
00878,國泰永續高股息,156,9,147,群益金鼎-台中,2024-11-01,9184
00725B,國泰投資級公司債,95,10,85,群益金鼎-台中,2024-11-01,9184
2409,友達,86,10,76,群益金鼎-台中,2024-11-01,9184
00919,群益台灣精選高息,70,1,69,群益金鼎-台中,2024-11-01,9184
00929,復華台灣科技優息,68,5,63,群益金鼎-台中,2024-11-01,9184
2317,鴻海,76,17,59,群益金鼎-台中,2024-11-01,9184
00938,凱基優選30,51,0,51,群益金鼎-台中,2024-11-01,9184
00945B,凱基美國非投等債,40,0,40,群益金鼎-台中,2024-11-01,9184
00948B,中信優息投資級債,37,0,37,群益金鼎-台中,2024-11-01,9184
00632R,元大台灣50反1,40,5,35,群益金鼎-台中,2024-11-01,9184
0056,元大高股息,43,11,32,群益金鼎-台中,2024-11-01,9184
00720B,元大投資級公司債,41,10,31,群益金鼎-台中,2024-11-01,9184
00932,兆豐永續高息等權,31,0,31,群益金鼎-台中,2024-11-01,9184
00918,大華優利高填息30,30,0,30,群益金鼎-台中,2024-11-01,9184
2023,燁輝,30,0,30,群益金鼎-台中,2024-11-01,9184
00940,元大台灣價值高息,49,19,30,群益金鼎-台中,2024-11-01,9184
2354,鴻準,178,151,27,群益金鼎-台中,2024-11-01,9184
2303,聯電,31,4,27,群益金鼎-台中,2024-11-01,9184
00943,兆豐電子高息等權,24,0,24,群益金鼎-台中,2024-11-01,9184
2881,富邦金,33,10,23,群益金鼎-台中,2024-11-01,9184
2344,華邦電,28,5,23,群益金鼎-台中,2024-11-01,9184
020027,元大上櫃ESG成長N,20,0,20,群益金鼎-台中,2024-11-01,9184
5880,合庫金,20,0,20,群益金鼎-台中,2024-11-01,9184
00937B,群益ESG投等債20,56,37,19,群益金鼎-台中,2024-11-01,9184
5534,長虹,21,2,19,群益金鼎-台中,2024-11-01,9184
2337,旺宏,21,3,18,群益金鼎-台中,2024-11-01,9184
00675L,富邦臺灣加權正2,66,48,18,群益金鼎-台中,2024-11-01,9184
00953B,群益優選非投等債,17,0,17,群益金鼎-台中,2024-11-01,9184
2393,億光,18,2,16,群益金鼎-台中,2024-11-01,9184
00905,FT臺灣Smart,16,1,15,群益金鼎-台中,2024-11-01,9184
3447,展達,16,1,15,群益金鼎-台中,2024-11-01,9184
2353,宏��,18,4,14,群益金鼎-台中,2024-11-01,9184
00713,元大台灣高息低波,14,0,14,群益金鼎-台中,2024-11-01,9184
2002,中鋼,14,1,13,群益金鼎-台中,2024-11-01,9184
2356,英業達,23,11,12,群益金鼎-台中,2024-11-01,9184
3092,鴻碩,14,2,12,群益金鼎-台中,2024-11-01,9184
4157,太景*-KY,12,0,12,群益金鼎-台中,2024-11-01,9184
6606,建德工業,14,2,12,群益金鼎-台中,2024-11-01,9184
2408,南亞科,13,1,12,群益金鼎-台中,2024-11-01,9184
8044,網家,11,0,11,群益金鼎-台中,2024-11-01,9184
2880,華南金,11,0,11,群益金鼎-台中,2024-11-01,9184
00830,國泰費城半導體,17,6,11,群益金鼎-台中,2024-11-01,9184
3189,景碩,16,5,11,群益金鼎-台中,2024-11-01,9184
1528,恩德,25,14,11,群益金鼎-台中,2024-11-01,9184
0050,元大台灣50,12,1,11,群益金鼎-台中,2024-11-01,9184
6207,雷科,10,0,10,群益金鼎-台中,2024-11-01,9184
6257,矽格,13,3,10,群益金鼎-台中,2024-11-01,9184
3581,博磊,24,14,10,群益金鼎-台中,2024-11-01,9184
2610,華航,20,10,10,群益金鼎-台中,2024-11-01,9184
00680L,元大美債20正2,199,0,199,群益金鼎-台中,2024-11-04,9184
00637L,元大滬深300正2,151,0,151,群益金鼎-台中,2024-11-04,9184
00687B,國泰20年美債,140,22,118,群益金鼎-台中,2024-11-04,9184
00953B,群益優選非投等債,216,103,113,群益金鼎-台中,2024-11-04,9184
4306,炎洲,105,10,95,群益金鼎-台中,2024-11-04,9184
00712,復華富時不動產,58,0,58,群益金鼎-台中,2024-11-04,9184
00915,凱基優選高股息30,50,0,50,群益金鼎-台中,2024-11-04,9184
00948B,中信優息投資級債,49,0,49,群益金鼎-台中,2024-11-04,9184
2303,聯電,53,15,38,群益金鼎-台中,2024-11-04,9184
2883,凱基金,52,15,37,群益金鼎-台中,2024-11-04,9184
00961,FT臺灣永續高息,30,0,30,群益金鼎-台中,2024-11-04,9184
00713,元大台灣高息低波,31,2,29,群益金鼎-台中,2024-11-04,9184
00795B,中信美國公債20年,29,1,28,群益金鼎-台中,2024-11-04,9184
2431,聯昌,64,35,29,群益金鼎-台中,2024-11-04,9184
00751B,元大AAA至A公司債,28,0,28,群益金鼎-台中,2024-11-04,9184
2641,正德,28,0,28,群益金鼎-台中,2024-11-04,9184
00697B,元大美債7-10,28,0,28,群益金鼎-台中,2024-11-04,9184
00919,群益台灣精選高息,52,26,26,群益金鼎-台中,2024-11-04,9184
6257,矽格,25,0,25,群益金鼎-台中,2024-11-04,9184
00692,富邦公司治理,25,0,25,群益金鼎-台中,2024-11-04,9184
3481,群創,90,66,24,群益金鼎-台中,2024-11-04,9184
00930,永豐ESG低碳高息,24,0,24,群益金鼎-台中,2024-11-04,9184
2646,星宇航空,25,2,23,群益金鼎-台中,2024-11-04,9184
00857B,永豐20年美公債,22,0,22,群益金鼎-台中,2024-11-04,9184
0056,元大高股息,23,3,20,群益金鼎-台中,2024-11-04,9184
6207,雷科,20,0,20,群益金鼎-台中,2024-11-04,9184
2615,萬海,82,63,19,群益金鼎-台中,2024-11-04,9184
2547,日勝生,20,1,19,群益金鼎-台中,2024-11-04,9184
6770,力積電,20,3,17,群益金鼎-台中,2024-11-04,9184
2399,映泰,20,4,16,群益金鼎-台中,2024-11-04,9184
2409,友達,15,0,15,群益金鼎-台中,2024-11-04,9184
5512,力麒,15,0,15,群益金鼎-台中,2024-11-04,9184
5347,世界,14,1,13,群益金鼎-台中,2024-11-04,9184
1449,佳和,14,1,13,群益金鼎-台中,2024-11-04,9184
6285,啟��,12,0,12,群益金鼎-台中,2024-11-04,9184
4919,新唐,29,17,12,群益金鼎-台中,2024-11-04,9184
8111,立��,39,27,12,群益金鼎-台中,2024-11-04,9184
8043,蜜望實,12,0,12,群益金鼎-台中,2024-11-04,9184
2002,中鋼,11,0,11,群益金鼎-台中,2024-11-04,9184
00885,富邦越南,11,0,11,群益金鼎-台中,2024-11-04,9184
2609,陽明,32,21,11,群益金鼎-台中,2024-11-04,9184
2643,捷迅,10,0,10,群益金鼎-台中,2024-11-04,9184
00945B,凱基美國非投等債,10,0,10,群益金鼎-台中,2024-11-04,9184
2897,王道銀行,10,0,10,群益金鼎-台中,2024-11-04,9184
00676R,富邦臺灣加權反1,10,0,10,群益金鼎-台中,2024-11-04,9184
00942B,台新美A公司債20+,10,0,10,群益金鼎-台中,2024-11-04,9184
1473,台南,10,0,10,群益金鼎-台中,2024-11-04,9184
1528,恩德,38,28,10,群益金鼎-台中,2024-11-04,9184
3231,緯創,29,19,10,群益金鼎-台中,2024-11-04,9184
3715,定穎投控,10,1,9,群益金鼎-台中,2024-11-04,9184
00946,群益科技高息成長,243,0,243,群益金鼎-台中,2024-11-05,9184
2399,映泰,174,34,140,群益金鼎-台中,2024-11-05,9184
00687B,國泰20年美債,113,5,108,群益金鼎-台中,2024-11-05,9184
00937B,群益ESG投等債20,115,8,107,群益金鼎-台中,2024-11-05,9184
00878,國泰永續高股息,106,6,100,群益金鼎-台中,2024-11-05,9184
00919,群益台灣精選高息,107,14,93,群益金鼎-台中,2024-11-05,9184
2609,陽明,120,28,92,群益金鼎-台中,2024-11-05,9184
00680L,元大美債20正2,122,34,88,群益金鼎-台中,2024-11-05,9184
1722,台肥,85,0,85,群益金鼎-台中,2024-11-05,9184
2303,聯電,57,4,53,群益金鼎-台中,2024-11-05,9184
2344,華邦電,34,0,34,群益金鼎-台中,2024-11-05,9184
00753L,中信中國50正2,35,9,26,群益金鼎-台中,2024-11-05,9184
3490,單井,50,26,24,群益金鼎-台中,2024-11-05,9184
00960,野村全球航運龍頭,22,6,16,群益金鼎-台中,2024-11-05,9184
4903,聯光通,155,140,15,群益金鼎-台中,2024-11-05,9184
2351,順德,14,0,14,群益金鼎-台中,2024-11-05,9184
3055,蔚華科,13,0,13,群益金鼎-台中,2024-11-05,9184
5426,振發,19,6,13,群益金鼎-台中,2024-11-05,9184
6770,力積電,12,0,12,群益金鼎-台中,2024-11-05,9184
6005,群益證,12,0,12,群益金鼎-台中,2024-11-05,9184
00720B,元大投資級公司債,12,0,12,群益金鼎-台中,2024-11-05,9184
2328,廣宇,14,2,12,群益金鼎-台中,2024-11-05,9184
2543,皇昌,18,6,12,群益金鼎-台中,2024-11-05,9184
00751B,元大AAA至A公司債,21,10,11,群益金鼎-台中,2024-11-05,9184
8249,菱光,59,49,10,群益金鼎-台中,2024-11-05,9184
2607,榮運,10,0,10,群益金鼎-台中,2024-11-05,9184
00679B,元大美債20年,13,3,10,群益金鼎-台中,2024-11-05,9184
2867,三商壽,10,0,10,群益金鼎-台中,2024-11-05,9184
2492,華新科,10,0,10,群益金鼎-台中,2024-11-05,9184
00696B,富邦美債20年,10,0,10,群益金鼎-台中,2024-11-05,9184
00961,FT臺灣永續高息,10,0,10,群益金鼎-台中,2024-11-05,9184
3580,友威科,65,55,10,群益金鼎-台中,2024-11-05,9184
8021,尖點,12,2,10,群益金鼎-台中,2024-11-05,9184
3013,晟銘電,84,75,9,群益金鼎-台中,2024-11-05,9184
006208,富邦台50,9,1,8,群益金鼎-台中,2024-11-05,9184
6530,創威,49,41,8,群益金鼎-台中,2024-11-05,9184
00633L,富邦上証正2,7,0,7,群益金鼎-台中,2024-11-05,9184
3581,博磊,10,3,7,群益金鼎-台中,2024-11-05,9184
00959B,大華投等美債15Y+,7,0,7,群益金鼎-台中,2024-11-05,9184
8064,東捷,23,16,7,群益金鼎-台中,2024-11-05,9184
8111,立��,19,12,7,群益金鼎-台中,2024-11-05,9184
1506,正道,7,0,7,群益金鼎-台中,2024-11-05,9184
2646,星宇航空,16,10,6,群益金鼎-台中,2024-11-05,9184
2327,國巨,8,2,6,群益金鼎-台中,2024-11-05,9184
00700,富邦�琤肭磪�,6,0,6,群益金鼎-台中,2024-11-05,9184
4120,友華,6,0,6,群益金鼎-台中,2024-11-05,9184
5876,上海商銀,6,0,6,群益金鼎-台中,2024-11-05,9184
6179,亞通,6,0,6,群益金鼎-台中,2024-11-05,9184
00830,國泰費城半導體,6,0,6,群益金鼎-台中,2024-11-05,9184
6187,萬潤,9,4,5,群益金鼎-台中,2024-11-05,9184
00680L,元大美債20正2,631,154,477,群益金鼎-台中,2024-11-06,9184
00688L,國泰20年美債正2,288,60,228,群益金鼎-台中,2024-11-06,9184
00637L,元大滬深300正2,206,41,165,群益金鼎-台中,2024-11-06,9184
00953B,群益優選非投等債,152,2,150,群益金鼎-台中,2024-11-06,9184
00958B,永豐ESG銀行債15,137,16,121,群益金鼎-台中,2024-11-06,9184
00687B,國泰20年美債,165,51,114,群益金鼎-台中,2024-11-06,9184
00679B,元大美債20年,104,34,70,群益金鼎-台中,2024-11-06,9184
00885,富邦越南,64,5,59,群益金鼎-台中,2024-11-06,9184
1722,台肥,57,0,57,群益金鼎-台中,2024-11-06,9184
00878,國泰永續高股息,90,39,51,群益金鼎-台中,2024-11-06,9184
00948B,中信優息投資級債,39,0,39,群益金鼎-台中,2024-11-06,9184
8070,長華*,49,11,38,群益金鼎-台中,2024-11-06,9184
2303,聯電,65,32,33,群益金鼎-台中,2024-11-06,9184
2317,鴻海,44,13,31,群益金鼎-台中,2024-11-06,9184
2633,台灣高鐵,30,0,30,群益金鼎-台中,2024-11-06,9184
00937B,群益ESG投等債20,224,194,30,群益金鼎-台中,2024-11-06,9184
00933B,國泰10Y+金融債,31,1,30,群益金鼎-台中,2024-11-06,9184
00639,富邦深100,40,10,30,群益金鼎-台中,2024-11-06,9184
00712,復華富時不動產,30,1,29,群益金鼎-台中,2024-11-06,9184
00713,元大台灣高息低波,29,0,29,群益金鼎-台中,2024-11-06,9184
2353,宏��,40,13,27,群益金鼎-台中,2024-11-06,9184
00893,國泰智能電動車,27,2,25,群益金鼎-台中,2024-11-06,9184
5871,中租-KY,23,0,23,群益金鼎-台中,2024-11-06,9184
9105,泰金寶-DR,36,13,23,群益金鼎-台中,2024-11-06,9184
2104,國際中橡,22,0,22,群益金鼎-台中,2024-11-06,9184
2613,中櫃,32,13,19,群益金鼎-台中,2024-11-06,9184
2609,陽明,22,5,17,群益金鼎-台中,2024-11-06,9184
00795B,中信美國公債20年,21,5,16,群益金鼎-台中,2024-11-06,9184
2385,群光,14,0,14,群益金鼎-台中,2024-11-06,9184
2615,萬海,24,10,14,群益金鼎-台中,2024-11-06,9184
6133,金橋,15,1,14,群益金鼎-台中,2024-11-06,9184
1785,光洋科,20,7,13,群益金鼎-台中,2024-11-06,9184
4919,新唐,19,6,13,群益金鼎-台中,2024-11-06,9184
2034,允強,14,1,13,群益金鼎-台中,2024-11-06,9184
9907,統一實,13,0,13,群益金鼎-台中,2024-11-06,9184
00959B,大華投等美債15Y+,48,36,12,群益金鼎-台中,2024-11-06,9184
2101,南港,13,1,12,群益金鼎-台中,2024-11-06,9184
2867,三商壽,11,0,11,群益金鼎-台中,2024-11-06,9184
2601,益航,11,0,11,群益金鼎-台中,2024-11-06,9184
2603,長榮,11,0,11,群益金鼎-台中,2024-11-06,9184
00887,永豐中國科技50大,44,34,10,群益金鼎-台中,2024-11-06,9184
2534,宏盛,10,0,10,群益金鼎-台中,2024-11-06,9184
5386,青雲,17,7,10,群益金鼎-台中,2024-11-06,9184
2836,高雄銀,10,0,10,群益金鼎-台中,2024-11-06,9184
2905,三商,10,0,10,群益金鼎-台中,2024-11-06,9184
1712,興農,10,0,10,群益金鼎-台中,2024-11-06,9184
2897,王道銀行,10,0,10,群益金鼎-台中,2024-11-06,9184
1319,東陽,10,0,10,群益金鼎-台中,2024-11-06,9184
00751B,元大AAA至A公司債,22,13,9,群益金鼎-台中,2024-11-06,9184
9933,中鼎,8,0,8,群益金鼎-台中,2024-11-06,9184
00937B,群益ESG投等債20,169,3,166,群益金鼎-台中,2024-11-07,9184
00680L,元大美債20正2,236,124,112,群益金鼎-台中,2024-11-07,9184
00725B,國泰投資級公司債,74,5,69,群益金鼎-台中,2024-11-07,9184
00688L,國泰20年美債正2,69,0,69,群益金鼎-台中,2024-11-07,9184
00671R,富邦NASDAQ反1,60,0,60,群益金鼎-台中,2024-11-07,9184
2324,仁寶,75,20,55,群益金鼎-台中,2024-11-07,9184
00646,元大S＆P500,51,0,51,群益金鼎-台中,2024-11-07,9184
00885,富邦越南,45,2,43,群益金鼎-台中,2024-11-07,9184
00753L,中信中國50正2,73,30,43,群益金鼎-台中,2024-11-07,9184
2337,旺宏,43,1,42,群益金鼎-台中,2024-11-07,9184
2912,統一超,40,0,40,群益金鼎-台中,2024-11-07,9184
00648R,元大S＆P500反1,40,0,40,群益金鼎-台中,2024-11-07,9184
00795B,中信美國公債20年,90,52,38,群益金鼎-台中,2024-11-07,9184
00669R,國泰美國道瓊反1,35,0,35,群益金鼎-台中,2024-11-07,9184
00687B,國泰20年美債,109,78,31,群益金鼎-台中,2024-11-07,9184
00878,國泰永續高股息,36,5,31,群益金鼎-台中,2024-11-07,9184
2030,彰源,43,13,30,群益金鼎-台中,2024-11-07,9184
3413,京鼎,31,2,29,群益金鼎-台中,2024-11-07,9184
00679B,元大美債20年,33,5,28,群益金鼎-台中,2024-11-07,9184
00720B,元大投資級公司債,46,20,26,群益金鼎-台中,2024-11-07,9184
00948B,中信優息投資級債,26,0,26,群益金鼎-台中,2024-11-07,9184
5309,系統電,27,2,25,群益金鼎-台中,2024-11-07,9184
00933B,國泰10Y+金融債,25,0,25,群益金鼎-台中,2024-11-07,9184
2312,金寶,74,52,22,群益金鼎-台中,2024-11-07,9184
1536,和大,33,12,21,群益金鼎-台中,2024-11-07,9184
6617,共信-KY,20,0,20,群益金鼎-台中,2024-11-07,9184
00706L,期元大S＆P日圓正2,16,0,16,群益金鼎-台中,2024-11-07,9184
9934,成霖,20,4,16,群益金鼎-台中,2024-11-07,9184
00676R,富邦臺灣加權反1,15,0,15,群益金鼎-台中,2024-11-07,9184
2601,益航,15,0,15,群益金鼎-台中,2024-11-07,9184
3490,單井,17,3,14,群益金鼎-台中,2024-11-07,9184
2615,萬海,55,41,14,群益金鼎-台中,2024-11-07,9184
00919,群益台灣精選高息,35,21,14,群益金鼎-台中,2024-11-07,9184
2633,台灣高鐵,13,0,13,群益金鼎-台中,2024-11-07,9184
3324,雙鴻,15,2,13,群益金鼎-台中,2024-11-07,9184
6151,晉倫,13,0,13,群益金鼎-台中,2024-11-07,9184
2376,技嘉,18,5,13,群益金鼎-台中,2024-11-07,9184
4545,銘鈺,12,0,12,群益金鼎-台中,2024-11-07,9184
00915,凱基優選高股息30,12,0,12,群益金鼎-台中,2024-11-07,9184
2867,三商壽,12,0,12,群益金鼎-台中,2024-11-07,9184
2609,陽明,47,36,11,群益金鼎-台中,2024-11-07,9184
1101,台泥,12,1,11,群益金鼎-台中,2024-11-07,9184
4714,永捷,11,0,11,群益金鼎-台中,2024-11-07,9184
00757,統一FANG+,12,1,11,群益金鼎-台中,2024-11-07,9184
9958,世紀鋼,12,2,10,群益金鼎-台中,2024-11-07,9184
2486,一詮,27,17,10,群益金鼎-台中,2024-11-07,9184
2892,第一金,10,0,10,群益金鼎-台中,2024-11-07,9184
4729,熒茂,10,0,10,群益金鼎-台中,2024-11-07,9184
2023,燁輝,10,0,10,群益金鼎-台中,2024-11-07,9184
00938,凱基優選30,42,32,10,群益金鼎-台中,2024-11-07,9184
2353,宏��,201,3,198,群益金鼎-台中,2024-11-08,9184
1722,台肥,174,1,173,群益金鼎-台中,2024-11-08,9184
00632R,元大台灣50反1,121,20,101,群益金鼎-台中,2024-11-08,9184
1460,宏遠,80,0,80,群益金鼎-台中,2024-11-08,9184
00929,復華台灣科技優息,95,20,75,群益金鼎-台中,2024-11-08,9184
00671R,富邦NASDAQ反1,70,0,70,群益金鼎-台中,2024-11-08,9184
2489,瑞軒,56,0,56,群益金鼎-台中,2024-11-08,9184
00637L,元大滬深300正2,577,522,55,群益金鼎-台中,2024-11-08,9184
5426,振發,75,28,47,群益金鼎-台中,2024-11-08,9184
8105,凌巨,50,5,45,群益金鼎-台中,2024-11-08,9184
2897,王道銀行,42,0,42,群益金鼎-台中,2024-11-08,9184
3548,兆利,39,0,39,群益金鼎-台中,2024-11-08,9184
3029,零壹,39,1,38,群益金鼎-台中,2024-11-08,9184
2354,鴻準,176,141,35,群益金鼎-台中,2024-11-08,9184
3062,建漢,105,73,32,群益金鼎-台中,2024-11-08,9184
1539,巨庭,32,0,32,群益金鼎-台中,2024-11-08,9184
2344,華邦電,38,7,31,群益金鼎-台中,2024-11-08,9184
2243,宏旭-KY,30,1,29,群益金鼎-台中,2024-11-08,9184
00948B,中信優息投資級債,30,2,28,群益金鼎-台中,2024-11-08,9184
00680L,元大美債20正2,73,45,28,群益金鼎-台中,2024-11-08,9184
2356,英業達,90,65,25,群益金鼎-台中,2024-11-08,9184
00687B,國泰20年美債,29,4,25,群益金鼎-台中,2024-11-08,9184
00877,復華中國5G,25,0,25,群益金鼎-台中,2024-11-08,9184
00648R,元大S＆P500反1,25,0,25,群益金鼎-台中,2024-11-08,9184
00878,國泰永續高股息,70,46,24,群益金鼎-台中,2024-11-08,9184
3481,群創,26,2,24,群益金鼎-台中,2024-11-08,9184
00753L,中信中國50正2,75,53,22,群益金鼎-台中,2024-11-08,9184
00712,復華富時不動產,21,1,20,群益金鼎-台中,2024-11-08,9184
6901,鑽石投資,20,0,20,群益金鼎-台中,2024-11-08,9184
2313,華通,38,20,18,群益金鼎-台中,2024-11-08,9184
3338,泰碩,17,0,17,群益金鼎-台中,2024-11-08,9184
4576,大銀微系統,15,0,15,群益金鼎-台中,2024-11-08,9184
2610,華航,16,1,15,群益金鼎-台中,2024-11-08,9184
1734,杏輝,14,0,14,群益金鼎-台中,2024-11-08,9184
00882,中信中國高股息,18,4,14,群益金鼎-台中,2024-11-08,9184
2601,益航,17,3,14,群益金鼎-台中,2024-11-08,9184
2014,中鴻,16,2,14,群益金鼎-台中,2024-11-08,9184
2362,藍天,16,2,14,群益金鼎-台中,2024-11-08,9184
1314,中石化,14,0,14,群益金鼎-台中,2024-11-08,9184
00943,兆豐電子高息等權,15,2,13,群益金鼎-台中,2024-11-08,9184
00795B,中信美國公債20年,22,10,12,群益金鼎-台中,2024-11-08,9184
1795,美時,16,4,12,群益金鼎-台中,2024-11-08,9184
2409,友達,30,19,11,群益金鼎-台中,2024-11-08,9184
00951,台新日本半導體,11,0,11,群益金鼎-台中,2024-11-08,9184
2027,大成鋼,12,1,11,群益金鼎-台中,2024-11-08,9184
3339,泰谷,11,0,11,群益金鼎-台中,2024-11-08,9184
1303,南亞,13,2,11,群益金鼎-台中,2024-11-08,9184
2633,台灣高鐵,10,0,10,群益金鼎-台中,2024-11-08,9184
5263,智崴,10,0,10,群益金鼎-台中,2024-11-08,9184
00665L,富邦�琤肭磪囓�2,23,13,10,群益金鼎-台中,2024-11-08,9184
00953B,群益優選非投等債,490,0,490,群益金鼎-台中,2024-11-11,9184
00637L,元大滬深300正2,260,81,179,群益金鼎-台中,2024-11-11,9184
1722,台肥,178,0,178,群益金鼎-台中,2024-11-11,9184
2609,陽明,155,15,140,群益金鼎-台中,2024-11-11,9184
00878,國泰永續高股息,128,4,124,群益金鼎-台中,2024-11-11,9184
00946,群益科技高息成長,82,0,82,群益金鼎-台中,2024-11-11,9184
1326,台化,80,1,79,群益金鼎-台中,2024-11-11,9184
00895,富邦未來車,61,3,58,群益金鼎-台中,2024-11-11,9184
2353,宏��,59,2,57,群益金鼎-台中,2024-11-11,9184
00919,群益台灣精選高息,55,1,54,群益金鼎-台中,2024-11-11,9184
5426,振發,193,140,53,群益金鼎-台中,2024-11-11,9184
00961,FT臺灣永續高息,51,0,51,群益金鼎-台中,2024-11-11,9184
4958,臻鼎-KY,45,0,45,群益金鼎-台中,2024-11-11,9184
00930,永豐ESG低碳高息,42,0,42,群益金鼎-台中,2024-11-11,9184
020027,元大上櫃ESG成長N,40,0,40,群益金鼎-台中,2024-11-11,9184
8021,尖點,38,0,38,群益金鼎-台中,2024-11-11,9184
00687B,國泰20年美債,56,20,36,群益金鼎-台中,2024-11-11,9184
3231,緯創,68,35,33,群益金鼎-台中,2024-11-11,9184
2101,南港,30,0,30,群益金鼎-台中,2024-11-11,9184
00929,復華台灣科技優息,61,33,28,群益金鼎-台中,2024-11-11,9184
3303,岱稜,163,136,27,群益金鼎-台中,2024-11-11,9184
3481,群創,31,4,27,群益金鼎-台中,2024-11-11,9184
1711,永光,25,0,25,群益金鼎-台中,2024-11-11,9184
6877,鏵友益,40,16,24,群益金鼎-台中,2024-11-11,9184
2801,彰銀,20,0,20,群益金鼎-台中,2024-11-11,9184
2836,高雄銀,20,1,19,群益金鼎-台中,2024-11-11,9184
2615,萬海,37,19,18,群益金鼎-台中,2024-11-11,9184
2344,華邦電,22,4,18,群益金鼎-台中,2024-11-11,9184
4971,IET-KY,18,0,18,群益金鼎-台中,2024-11-11,9184
1524,耿鼎,55,38,17,群益金鼎-台中,2024-11-11,9184
2409,友達,23,7,16,群益金鼎-台中,2024-11-11,9184
00922,國泰台灣領袖50,16,0,16,群益金鼎-台中,2024-11-11,9184
2340,台亞,15,0,15,群益金鼎-台中,2024-11-11,9184
00665L,富邦�琤肭磪囓�2,15,0,15,群益金鼎-台中,2024-11-11,9184
2354,鴻準,57,43,14,群益金鼎-台中,2024-11-11,9184
4167,松瑞藥,13,0,13,群益金鼎-台中,2024-11-11,9184
1605,華新,13,0,13,群益金鼎-台中,2024-11-11,9184
6214,精誠,13,0,13,群益金鼎-台中,2024-11-11,9184
2313,華通,32,20,12,群益金鼎-台中,2024-11-11,9184
2419,仲琦,13,1,12,群益金鼎-台中,2024-11-11,9184
6901,鑽石投資,12,0,12,群益金鼎-台中,2024-11-11,9184
00915,凱基優選高股息30,12,0,12,群益金鼎-台中,2024-11-11,9184
00675L,富邦臺灣加權正2,21,10,11,群益金鼎-台中,2024-11-11,9184
00713,元大台灣高息低波,12,1,11,群益金鼎-台中,2024-11-11,9184
2542,興富發,12,1,11,群益金鼎-台中,2024-11-11,9184
0056,元大高股息,11,1,10,群益金鼎-台中,2024-11-11,9184
2633,台灣高鐵,10,0,10,群益金鼎-台中,2024-11-11,9184
3163,波若威,11,1,10,群益金鼎-台中,2024-11-11,9184
1540,喬福,10,0,10,群益金鼎-台中,2024-11-11,9184
5347,世界,10,0,10,群益金鼎-台中,2024-11-11,9184
00878,國泰永續高股息,307,7,300,群益金鼎-台中,2024-11-12,9184
00715L,期街口布蘭特正2,224,4,220,群益金鼎-台中,2024-11-12,9184
00943,兆豐電子高息等權,111,0,111,群益金鼎-台中,2024-11-12,9184
2609,陽明,176,75,101,群益金鼎-台中,2024-11-12,9184
1722,台肥,82,0,82,群益金鼎-台中,2024-11-12,9184
5426,振發,76,2,74,群益金鼎-台中,2024-11-12,9184
3706,神達,389,322,67,群益金鼎-台中,2024-11-12,9184
2353,宏��,142,79,63,群益金鼎-台中,2024-11-12,9184
5512,力麒,60,0,60,群益金鼎-台中,2024-11-12,9184
0056,元大高股息,62,6,56,群益金鼎-台中,2024-11-12,9184
8240,華宏,56,3,53,群益金鼎-台中,2024-11-12,9184
2356,英業達,56,7,49,群益金鼎-台中,2024-11-12,9184
00675L,富邦臺灣加權正2,60,14,46,群益金鼎-台中,2024-11-12,9184
00919,群益台灣精選高息,126,86,40,群益金鼎-台中,2024-11-12,9184
020027,元大上櫃ESG成長N,40,0,40,群益金鼎-台中,2024-11-12,9184
2882,國泰金,39,0,39,群益金鼎-台中,2024-11-12,9184
00893,國泰智能電動車,38,0,38,群益金鼎-台中,2024-11-12,9184
00946,群益科技高息成長,34,0,34,群益金鼎-台中,2024-11-12,9184
00713,元大台灣高息低波,37,3,34,群益金鼎-台中,2024-11-12,9184
3481,群創,97,64,33,群益金鼎-台中,2024-11-12,9184
00959B,大華投等美債15Y+,35,2,33,群益金鼎-台中,2024-11-12,9184
1301,台塑,32,2,30,群益金鼎-台中,2024-11-12,9184
00961,FT臺灣永續高息,30,0,30,群益金鼎-台中,2024-11-12,9184
00910,第一金太空衛星,30,0,30,群益金鼎-台中,2024-11-12,9184
00687B,國泰20年美債,44,15,29,群益金鼎-台中,2024-11-12,9184
2883,凱基金,30,2,28,群益金鼎-台中,2024-11-12,9184
3029,零壹,29,2,27,群益金鼎-台中,2024-11-12,9184
2317,鴻海,59,33,26,群益金鼎-台中,2024-11-12,9184
2905,三商,25,0,25,群益金鼎-台中,2024-11-12,9184
00922,國泰台灣領袖50,24,0,24,群益金鼎-台中,2024-11-12,9184
00932,兆豐永續高息等權,23,0,23,群益金鼎-台中,2024-11-12,9184
00725B,國泰投資級公司債,23,0,23,群益金鼎-台中,2024-11-12,9184
1314,中石化,24,2,22,群益金鼎-台中,2024-11-12,9184
5871,中租-KY,23,2,21,群益金鼎-台中,2024-11-12,9184
5880,合庫金,21,0,21,群益金鼎-台中,2024-11-12,9184
6175,立敦,20,0,20,群益金鼎-台中,2024-11-12,9184
6283,淳安,21,1,20,群益金鼎-台中,2024-11-12,9184
2881,富邦金,20,0,20,群益金鼎-台中,2024-11-12,9184
2880,華南金,20,0,20,群益金鼎-台中,2024-11-12,9184
3305,昇貿,20,0,20,群益金鼎-台中,2024-11-12,9184
3032,偉訓,20,0,20,群益金鼎-台中,2024-11-12,9184
2354,鴻準,61,41,20,群益金鼎-台中,2024-11-12,9184
2615,萬海,67,49,18,群益金鼎-台中,2024-11-12,9184
2344,華邦電,23,5,18,群益金鼎-台中,2024-11-12,9184
00631L,元大台灣50正2,24,6,18,群益金鼎-台中,2024-11-12,9184
00753L,中信中國50正2,35,18,17,群益金鼎-台中,2024-11-12,9184
6235,華孚,16,0,16,群益金鼎-台中,2024-11-12,9184
3231,緯創,34,19,15,群益金鼎-台中,2024-11-12,9184
00951,台新日本半導體,15,0,15,群益金鼎-台中,2024-11-12,9184
2408,南亞科,18,3,15,群益金鼎-台中,2024-11-12,9184
1326,台化,233,25,208,群益金鼎-台中,2024-11-13,9184
00878,國泰永續高股息,121,3,118,群益金鼎-台中,2024-11-13,9184
00764B,群益25年美債,105,0,105,群益金鼎-台中,2024-11-13,9184
00675L,富邦臺灣加權正2,64,3,61,群益金鼎-台中,2024-11-13,9184
00942B,台新美A公司債20+,60,0,60,群益金鼎-台中,2024-11-13,9184
2883,凱基金,51,0,51,群益金鼎-台中,2024-11-13,9184
2609,陽明,70,20,50,群益金鼎-台中,2024-11-13,9184
5880,合庫金,46,0,46,群益金鼎-台中,2024-11-13,9184
2882,國泰金,46,2,44,群益金鼎-台中,2024-11-13,9184
6288,聯嘉,46,6,40,群益金鼎-台中,2024-11-13,9184
2353,宏��,47,12,35,群益金鼎-台中,2024-11-13,9184
2354,鴻準,76,44,32,群益金鼎-台中,2024-11-13,9184
2324,仁寶,65,34,31,群益金鼎-台中,2024-11-13,9184
2356,英業達,32,3,29,群益金鼎-台中,2024-11-13,9184
00688L,國泰20年美債正2,78,50,28,群益金鼎-台中,2024-11-13,9184
2344,華邦電,42,15,27,群益金鼎-台中,2024-11-13,9184
3706,神達,216,189,27,群益金鼎-台中,2024-11-13,9184
00751B,元大AAA至A公司債,26,0,26,群益金鼎-台中,2024-11-13,9184
2891,中信金,28,6,22,群益金鼎-台中,2024-11-13,9184
2801,彰銀,23,1,22,群益金鼎-台中,2024-11-13,9184
00713,元大台灣高息低波,22,0,22,群益金鼎-台中,2024-11-13,9184
00795B,中信美國公債20年,21,0,21,群益金鼎-台中,2024-11-13,9184
1708,東鹼,34,13,21,群益金鼎-台中,2024-11-13,9184
0056,元大高股息,22,2,20,群益金鼎-台中,2024-11-13,9184
9935,慶豐富,21,1,20,群益金鼎-台中,2024-11-13,9184
00915,凱基優選高股息30,20,0,20,群益金鼎-台中,2024-11-13,9184
00943,兆豐電子高息等權,18,0,18,群益金鼎-台中,2024-11-13,9184
2547,日勝生,18,0,18,群益金鼎-台中,2024-11-13,9184
2881,富邦金,17,0,17,群益金鼎-台中,2024-11-13,9184
3312,弘憶股,20,3,17,群益金鼎-台中,2024-11-13,9184
00712,復華富時不動產,52,35,17,群益金鼎-台中,2024-11-13,9184
6279,胡連,16,0,16,群益金鼎-台中,2024-11-13,9184
00687B,國泰20年美債,15,0,15,群益金鼎-台中,2024-11-13,9184
00720B,元大投資級公司債,15,0,15,群益金鼎-台中,2024-11-13,9184
00960,野村全球航運龍頭,15,0,15,群益金鼎-台中,2024-11-13,9184
1524,耿鼎,29,15,14,群益金鼎-台中,2024-11-13,9184
00919,群益台灣精選高息,17,3,14,群益金鼎-台中,2024-11-13,9184
00631L,元大台灣50正2,14,1,13,群益金鼎-台中,2024-11-13,9184
00893,國泰智能電動車,12,0,12,群益金鼎-台中,2024-11-13,9184
00931B,統一美債20年,12,0,12,群益金鼎-台中,2024-11-13,9184
5871,中租-KY,12,1,11,群益金鼎-台中,2024-11-13,9184
00946,群益科技高息成長,11,0,11,群益金鼎-台中,2024-11-13,9184
9945,潤泰新,23,12,11,群益金鼎-台中,2024-11-13,9184
00923,群益台ESG低碳50,11,0,11,群益金鼎-台中,2024-11-13,9184
6152,百一,11,0,11,群益金鼎-台中,2024-11-13,9184
00706L,期元大S＆P日圓正2,11,0,11,群益金鼎-台中,2024-11-13,9184
2316,楠梓電,11,0,11,群益金鼎-台中,2024-11-13,9184
3551,世禾,11,1,10,群益金鼎-台中,2024-11-13,9184
00951,台新日本半導體,10,0,10,群益金鼎-台中,2024-11-13,9184
3230,錦明,10,0,10,群益金鼎-台中,2024-11-13,9184
00878,國泰永續高股息,973,33,940,群益金鼎-台中,2024-11-14,9184
00680L,元大美債20正2,335,26,309,群益金鼎-台中,2024-11-14,9184
00937B,群益ESG投等債20,294,100,194,群益金鼎-台中,2024-11-14,9184
00945B,凱基美國非投等債,175,0,175,群益金鼎-台中,2024-11-14,9184
1722,台肥,61,2,59,群益金鼎-台中,2024-11-14,9184
2303,聯電,50,4,46,群益金鼎-台中,2024-11-14,9184
0056,元大高股息,68,28,40,群益金鼎-台中,2024-11-14,9184
2890,永豐金,46,6,40,群益金鼎-台中,2024-11-14,9184
00882,中信中國高股息,40,3,37,群益金鼎-台中,2024-11-14,9184
00946,群益科技高息成長,36,0,36,群益金鼎-台中,2024-11-14,9184
00679B,元大美債20年,42,10,32,群益金鼎-台中,2024-11-14,9184
00942B,台新美A公司債20+,32,0,32,群益金鼎-台中,2024-11-14,9184
00943,兆豐電子高息等權,30,0,30,群益金鼎-台中,2024-11-14,9184
9105,泰金寶-DR,36,6,30,群益金鼎-台中,2024-11-14,9184
5426,振發,44,15,29,群益金鼎-台中,2024-11-14,9184
2353,宏��,34,5,29,群益金鼎-台中,2024-11-14,9184
2883,凱基金,25,0,25,群益金鼎-台中,2024-11-14,9184
2330,台積電,28,5,23,群益金鼎-台中,2024-11-14,9184
2317,鴻海,36,14,22,群益金鼎-台中,2024-11-14,9184
6877,鏵友益,30,8,22,群益金鼎-台中,2024-11-14,9184
00891,中信關鍵半導體,24,2,22,群益金鼎-台中,2024-11-14,9184
00795B,中信美國公債20年,31,10,21,群益金鼎-台中,2024-11-14,9184
2836,高雄銀,20,0,20,群益金鼎-台中,2024-11-14,9184
2382,廣達,20,1,19,群益金鼎-台中,2024-11-14,9184
3231,緯創,23,4,19,群益金鼎-台中,2024-11-14,9184
2405,輔信,22,3,19,群益金鼎-台中,2024-11-14,9184
2609,陽明,156,137,19,群益金鼎-台中,2024-11-14,9184
1301,台塑,22,4,18,群益金鼎-台中,2024-11-14,9184
6214,精誠,18,0,18,群益金鼎-台中,2024-11-14,9184
00953B,群益優選非投等債,80,62,18,群益金鼎-台中,2024-11-14,9184
6283,淳安,18,1,17,群益金鼎-台中,2024-11-14,9184
2408,南亞科,17,1,16,群益金鼎-台中,2024-11-14,9184
00713,元大台灣高息低波,15,0,15,群益金鼎-台中,2024-11-14,9184
00932,兆豐永續高息等權,15,0,15,群益金鼎-台中,2024-11-14,9184
3037,欣興,18,3,15,群益金鼎-台中,2024-11-14,9184
8240,華宏,15,0,15,群益金鼎-台中,2024-11-14,9184
1321,大洋,15,0,15,群益金鼎-台中,2024-11-14,9184
00951,台新日本半導體,15,0,15,群益金鼎-台中,2024-11-14,9184
1471,首利,15,0,15,群益金鼎-台中,2024-11-14,9184
3029,零壹,15,0,15,群益金鼎-台中,2024-11-14,9184
3481,群創,112,98,14,群益金鼎-台中,2024-11-14,9184
3376,新日興,22,9,13,群益金鼎-台中,2024-11-14,9184
2204,中華,12,0,12,群益金鼎-台中,2024-11-14,9184
2745,五福,12,0,12,群益金鼎-台中,2024-11-14,9184
2892,第一金,12,0,12,群益金鼎-台中,2024-11-14,9184
00720B,元大投資級公司債,26,15,11,群益金鼎-台中,2024-11-14,9184
006208,富邦台50,15,4,11,群益金鼎-台中,2024-11-14,9184
3090,日電貿,19,8,11,群益金鼎-台中,2024-11-14,9184
6180,橘子,11,0,11,群益金鼎-台中,2024-11-14,9184
2912,統一超,10,0,10,群益金鼎-台中,2024-11-14,9184
00878,國泰永續高股息,350,4,346,群益金鼎-台中,2024-11-15,9184
00937B,群益ESG投等債20,390,50,340,群益金鼎-台中,2024-11-15,9184
00725B,國泰投資級公司債,126,0,126,群益金鼎-台中,2024-11-15,9184
2887,台新金,116,5,111,群益金鼎-台中,2024-11-15,9184
2317,鴻海,67,15,52,群益金鼎-台中,2024-11-15,9184
3090,日電貿,97,45,52,群益金鼎-台中,2024-11-15,9184
00720B,元大投資級公司債,49,0,49,群益金鼎-台中,2024-11-15,9184
2382,廣達,57,13,44,群益金鼎-台中,2024-11-15,9184
2609,陽明,121,80,41,群益金鼎-台中,2024-11-15,9184
00690,兆豐藍籌30,40,0,40,群益金鼎-台中,2024-11-15,9184
00632R,元大台灣50反1,50,10,40,群益金鼎-台中,2024-11-15,9184
00932,兆豐永續高息等權,36,0,36,群益金鼎-台中,2024-11-15,9184
00795B,中信美國公債20年,30,0,30,群益金鼎-台中,2024-11-15,9184
00887,永豐中國科技50大,42,15,27,群益金鼎-台中,2024-11-15,9184
00637L,元大滬深300正2,113,87,26,群益金鼎-台中,2024-11-15,9184
00945B,凱基美國非投等債,30,7,23,群益金鼎-台中,2024-11-15,9184
9904,寶成,39,17,22,群益金鼎-台中,2024-11-15,9184
00751B,元大AAA至A公司債,22,0,22,群益金鼎-台中,2024-11-15,9184
00665L,富邦�琤肭磪囓�2,20,0,20,群益金鼎-台中,2024-11-15,9184
3231,緯創,22,7,15,群益金鼎-台中,2024-11-15,9184
1326,台化,25,11,14,群益金鼎-台中,2024-11-15,9184
1216,統一,14,0,14,群益金鼎-台中,2024-11-15,9184
2641,正德,14,0,14,群益金鼎-台中,2024-11-15,9184
00713,元大台灣高息低波,13,0,13,群益金鼎-台中,2024-11-15,9184
00953B,群益優選非投等債,90,78,12,群益金鼎-台中,2024-11-15,9184
2330,台積電,16,4,12,群益金鼎-台中,2024-11-15,9184
2324,仁寶,16,5,11,群益金鼎-台中,2024-11-15,9184
4581,光隆精密-KY,11,0,11,群益金鼎-台中,2024-11-15,9184
2464,盟立,12,1,11,群益金鼎-台中,2024-11-15,9184
2387,精元,15,4,11,群益金鼎-台中,2024-11-15,9184
8210,勤誠,17,6,11,群益金鼎-台中,2024-11-15,9184
4510,高鋒,44,34,10,群益金鼎-台中,2024-11-15,9184
2344,華邦電,17,7,10,群益金鼎-台中,2024-11-15,9184
2634,漢翔,10,0,10,群益金鼎-台中,2024-11-15,9184
1611,中電,10,0,10,群益金鼎-台中,2024-11-15,9184
2474,可成,10,0,10,群益金鼎-台中,2024-11-15,9184
3010,華立,10,0,10,群益金鼎-台中,2024-11-15,9184
3520,華盈,10,0,10,群益金鼎-台中,2024-11-15,9184
4979,華星光,23,14,9,群益金鼎-台中,2024-11-15,9184
2303,聯電,22,13,9,群益金鼎-台中,2024-11-15,9184
4991,環宇-KY,9,0,9,群益金鼎-台中,2024-11-15,9184
5398,慕康生醫,26,18,8,群益金鼎-台中,2024-11-15,9184
3312,弘憶股,8,1,7,群益金鼎-台中,2024-11-15,9184
3217,優群,7,0,7,群益金鼎-台中,2024-11-15,9184
3045,台灣大,6,0,6,群益金鼎-台中,2024-11-15,9184
00918,大華優利高填息30,6,0,6,群益金鼎-台中,2024-11-15,9184
1736,喬山,6,0,6,群益金鼎-台中,2024-11-15,9184
3293,鈊象,6,0,6,群益金鼎-台中,2024-11-15,9184
4755,三福化,6,0,6,群益金鼎-台中,2024-11-15,9184
4931,新盛力,77,72,5,群益金鼎-台中,2024-11-15,9184
00764B,群益25年美債,474,153,321,群益金鼎-台中,2024-11-18,9184
00937B,群益ESG投等債20,229,7,222,群益金鼎-台中,2024-11-18,9184
00795B,中信美國公債20年,106,0,106,群益金鼎-台中,2024-11-18,9184
2883,凱基金,110,4,106,群益金鼎-台中,2024-11-18,9184
00642U,期元大S＆P石油,104,0,104,群益金鼎-台中,2024-11-18,9184
00938,凱基優選30,64,4,60,群益金鼎-台中,2024-11-18,9184
5426,振發,65,12,53,群益金鼎-台中,2024-11-18,9184
00741B,富邦全球非投等債,50,0,50,群益金鼎-台中,2024-11-18,9184
006208,富邦台50,47,0,47,群益金鼎-台中,2024-11-18,9184
00725B,國泰投資級公司債,40,0,40,群益金鼎-台中,2024-11-18,9184
3466,德晉,36,0,36,群益金鼎-台中,2024-11-18,9184
00751B,元大AAA至A公司債,38,6,32,群益金鼎-台中,2024-11-18,9184
00692,富邦公司治理,31,0,31,群益金鼎-台中,2024-11-18,9184
00922,國泰台灣領袖50,28,0,28,群益金鼎-台中,2024-11-18,9184
6438,迅得,33,6,27,群益金鼎-台中,2024-11-18,9184
00919,群益台灣精選高息,35,11,24,群益金鼎-台中,2024-11-18,9184
8935,邦泰,23,0,23,群益金鼎-台中,2024-11-18,9184
00675L,富邦臺灣加權正2,37,15,22,群益金鼎-台中,2024-11-18,9184
3706,神達,139,118,21,群益金鼎-台中,2024-11-18,9184
5512,力麒,21,1,20,群益金鼎-台中,2024-11-18,9184
00650L,復華香港正2,35,15,20,群益金鼎-台中,2024-11-18,9184
2611,志信,20,0,20,群益金鼎-台中,2024-11-18,9184
2618,長榮航,34,15,19,群益金鼎-台中,2024-11-18,9184
00932,兆豐永續高息等權,19,0,19,群益金鼎-台中,2024-11-18,9184
0056,元大高股息,26,10,16,群益金鼎-台中,2024-11-18,9184
2314,台揚,15,0,15,群益金鼎-台中,2024-11-18,9184
00720B,元大投資級公司債,25,10,15,群益金鼎-台中,2024-11-18,9184
00715L,期街口布蘭特正2,15,2,13,群益金鼎-台中,2024-11-18,9184
0050,元大台灣50,13,1,12,群益金鼎-台中,2024-11-18,9184
6214,精誠,12,0,12,群益金鼎-台中,2024-11-18,9184
2368,金像電,13,1,12,群益金鼎-台中,2024-11-18,9184
3029,零壹,12,0,12,群益金鼎-台中,2024-11-18,9184
3231,緯創,15,3,12,群益金鼎-台中,2024-11-18,9184
3062,建漢,70,59,11,群益金鼎-台中,2024-11-18,9184
4991,環宇-KY,11,0,11,群益金鼎-台中,2024-11-18,9184
2601,益航,11,0,11,群益金鼎-台中,2024-11-18,9184
00929,復華台灣科技優息,57,46,11,群益金鼎-台中,2024-11-18,9184
00632R,元大台灣50反1,10,0,10,群益金鼎-台中,2024-11-18,9184
2204,中華,16,7,9,群益金鼎-台中,2024-11-18,9184
2105,正新,52,43,9,群益金鼎-台中,2024-11-18,9184
00915,凱基優選高股息30,10,1,9,群益金鼎-台中,2024-11-18,9184
00881,國泰台灣5G+,8,0,8,群益金鼎-台中,2024-11-18,9184
8027,鈦昇,15,7,8,群益金鼎-台中,2024-11-18,9184
3625,西勝,12,4,8,群益金鼎-台中,2024-11-18,9184
00888,永豐台灣ESG,8,0,8,群益金鼎-台中,2024-11-18,9184
6789,采鈺,8,0,8,群益金鼎-台中,2024-11-18,9184
2330,台積電,10,3,7,群益金鼎-台中,2024-11-18,9184
6830,汎銓,7,0,7,群益金鼎-台中,2024-11-18,9184
3324,雙鴻,10,3,7,群益金鼎-台中,2024-11-18,9184
2630,亞航,7,0,7,群益金鼎-台中,2024-11-18,9184
00764B,群益25年美債,1229,360,869,群益金鼎-台中,2024-11-19,9184
00937B,群益ESG投等債20,198,45,153,群益金鼎-台中,2024-11-19,9184
2317,鴻海,126,3,123,群益金鼎-台中,2024-11-19,9184
00637L,元大滬深300正2,84,14,70,群益金鼎-台中,2024-11-19,9184
00915,凱基優選高股息30,63,0,63,群益金鼎-台中,2024-11-19,9184
00878,國泰永續高股息,61,3,58,群益金鼎-台中,2024-11-19,9184
00795B,中信美國公債20年,40,6,34,群益金鼎-台中,2024-11-19,9184
1524,耿鼎,35,4,31,群益金鼎-台中,2024-11-19,9184
2489,瑞軒,30,0,30,群益金鼎-台中,2024-11-19,9184
2349,錸德,50,24,26,群益金鼎-台中,2024-11-19,9184
9105,泰金寶-DR,90,65,25,群益金鼎-台中,2024-11-19,9184
2606,裕民,25,1,24,群益金鼎-台中,2024-11-19,9184
3055,蔚華科,37,14,23,群益金鼎-台中,2024-11-19,9184
2382,廣達,28,8,20,群益金鼎-台中,2024-11-19,9184
3024,憶聲,20,0,20,群益金鼎-台中,2024-11-19,9184
3481,群創,25,6,19,群益金鼎-台中,2024-11-19,9184
00753L,中信中國50正2,17,0,17,群益金鼎-台中,2024-11-19,9184
00887,永豐中國科技50大,25,10,15,群益金鼎-台中,2024-11-19,9184
00664R,國泰臺灣加權反1,15,0,15,群益金鼎-台中,2024-11-19,9184
1795,美時,17,2,15,群益金鼎-台中,2024-11-19,9184
1216,統一,14,0,14,群益金鼎-台中,2024-11-19,9184
2303,聯電,46,34,12,群益金鼎-台中,2024-11-19,9184
5234,達興材料,13,1,12,群益金鼎-台中,2024-11-19,9184
2891,中信金,13,2,11,群益金鼎-台中,2024-11-19,9184
3037,欣興,15,4,11,群益金鼎-台中,2024-11-19,9184
00918,大華優利高填息30,11,0,11,群益金鼎-台中,2024-11-19,9184
00950B,凱基A級公司債,11,0,11,群益金鼎-台中,2024-11-19,9184
3466,德晉,14,3,11,群益金鼎-台中,2024-11-19,9184
3231,緯創,13,3,10,群益金鼎-台中,2024-11-19,9184
1321,大洋,10,0,10,群益金鼎-台中,2024-11-19,9184
3491,昇達科,10,0,10,群益金鼎-台中,2024-11-19,9184
00881,國泰台灣5G+,10,0,10,群益金鼎-台中,2024-11-19,9184
1736,喬山,10,0,10,群益金鼎-台中,2024-11-19,9184
2611,志信,10,0,10,群益金鼎-台中,2024-11-19,9184
6279,胡連,11,1,10,群益金鼎-台中,2024-11-19,9184
2431,聯昌,57,48,9,群益金鼎-台中,2024-11-19,9184
00632R,元大台灣50反1,50,41,9,群益金鼎-台中,2024-11-19,9184
2890,永豐金,13,5,8,群益金鼎-台中,2024-11-19,9184
9921,巨大,8,0,8,群益金鼎-台中,2024-11-19,9184
3019,亞光,12,4,8,群益金鼎-台中,2024-11-19,9184
2605,新興,8,0,8,群益金鼎-台中,2024-11-19,9184
0056,元大高股息,12,5,7,群益金鼎-台中,2024-11-19,9184
8935,邦泰,10,3,7,群益金鼎-台中,2024-11-19,9184
3694,海華,11,4,7,群益金鼎-台中,2024-11-19,9184
00930,永豐ESG低碳高息,7,0,7,群益金鼎-台中,2024-11-19,9184
6180,橘子,7,0,7,群益金鼎-台中,2024-11-19,9184
2356,英業達,14,7,7,群益金鼎-台中,2024-11-19,9184
2883,凱基金,7,0,7,群益金鼎-台中,2024-11-19,9184
6706,惠特,9,3,6,群益金鼎-台中,2024-11-19,9184
9935,慶豐富,11,5,6,群益金鼎-台中,2024-11-19,9184
00764B,群益25年美債,2079,1310,769,群益金鼎-台中,2024-11-20,9184
00937B,群益ESG投等債20,132,30,102,群益金鼎-台中,2024-11-20,9184
2354,鴻準,130,39,91,群益金鼎-台中,2024-11-20,9184
1722,台肥,86,0,86,群益金鼎-台中,2024-11-20,9184
006208,富邦台50,81,4,77,群益金鼎-台中,2024-11-20,9184
00918,大華優利高填息30,73,0,73,群益金鼎-台中,2024-11-20,9184
00692,富邦公司治理,54,0,54,群益金鼎-台中,2024-11-20,9184
00946,群益科技高息成長,50,0,50,群益金鼎-台中,2024-11-20,9184
00929,復華台灣科技優息,70,27,43,群益金鼎-台中,2024-11-20,9184
00878,國泰永續高股息,37,0,37,群益金鼎-台中,2024-11-20,9184
1102,亞泥,35,0,35,群益金鼎-台中,2024-11-20,9184
2356,英業達,68,33,35,群益金鼎-台中,2024-11-20,9184
1321,大洋,33,0,33,群益金鼎-台中,2024-11-20,9184
3413,京鼎,32,1,31,群益金鼎-台中,2024-11-20,9184
00950B,凱基A級公司債,30,0,30,群益金鼎-台中,2024-11-20,9184
9105,泰金寶-DR,57,31,26,群益金鼎-台中,2024-11-20,9184
00960,野村全球航運龍頭,38,13,25,群益金鼎-台中,2024-11-20,9184
2542,興富發,25,1,24,群益金鼎-台中,2024-11-20,9184
3706,神達,315,291,24,群益金鼎-台中,2024-11-20,9184
3481,群創,29,7,22,群益金鼎-台中,2024-11-20,9184
00919,群益台灣精選高息,20,0,20,群益金鼎-台中,2024-11-20,9184
00830,國泰費城半導體,20,0,20,群益金鼎-台中,2024-11-20,9184
020027,元大上櫃ESG成長N,40,20,20,群益金鼎-台中,2024-11-20,9184
1708,東鹼,22,3,19,群益金鼎-台中,2024-11-20,9184
2885,元大金,17,0,17,群益金鼎-台中,2024-11-20,9184
2489,瑞軒,16,1,15,群益金鼎-台中,2024-11-20,9184
4956,光鋐,45,30,15,群益金鼎-台中,2024-11-20,9184
00687B,國泰20年美債,17,3,14,群益金鼎-台中,2024-11-20,9184
2887,台新金,15,2,13,群益金鼎-台中,2024-11-20,9184
2882,國泰金,14,1,13,群益金鼎-台中,2024-11-20,9184
1446,宏和,15,2,13,群益金鼎-台中,2024-11-20,9184
3015,全漢,21,8,13,群益金鼎-台中,2024-11-20,9184
2492,華新科,12,0,12,群益金鼎-台中,2024-11-20,9184
00888,永豐台灣ESG,16,4,12,群益金鼎-台中,2024-11-20,9184
2601,益航,12,0,12,群益金鼎-台中,2024-11-20,9184
2646,星宇航空,11,0,11,群益金鼎-台中,2024-11-20,9184
2330,台積電,13,2,11,群益金鼎-台中,2024-11-20,9184
2382,廣達,19,8,11,群益金鼎-台中,2024-11-20,9184
6873,泓德能源,10,0,10,群益金鼎-台中,2024-11-20,9184
3290,東浦,11,1,10,群益金鼎-台中,2024-11-20,9184
00643,群益深証中小,80,70,10,群益金鼎-台中,2024-11-20,9184
00959B,大華投等美債15Y+,10,0,10,群益金鼎-台中,2024-11-20,9184
2611,志信,10,0,10,群益金鼎-台中,2024-11-20,9184
5876,上海商銀,10,0,10,群益金鼎-台中,2024-11-20,9184
8404,百和興業-KY,10,1,9,群益金鼎-台中,2024-11-20,9184
1449,佳和,10,2,8,群益金鼎-台中,2024-11-20,9184
3625,西勝,8,0,8,群益金鼎-台中,2024-11-20,9184
8011,台通,8,0,8,群益金鼎-台中,2024-11-20,9184
2634,漢翔,8,0,8,群益金鼎-台中,2024-11-20,9184
00713,元大台灣高息低波,8,0,8,群益金鼎-台中,2024-11-20,9184
2353,宏��,123,0,123,群益金鼎-台中,2024-11-21,9184
2317,鴻海,77,3,74,群益金鼎-台中,2024-11-21,9184
1101,台泥,40,0,40,群益金鼎-台中,2024-11-21,9184
2880,華南金,30,0,30,群益金鼎-台中,2024-11-21,9184
00950B,凱基A級公司債,30,0,30,群益金鼎-台中,2024-11-21,9184
00725B,國泰投資級公司債,31,1,30,群益金鼎-台中,2024-11-21,9184
2392,正崴,34,4,30,群益金鼎-台中,2024-11-21,9184
00713,元大台灣高息低波,31,4,27,群益金鼎-台中,2024-11-21,9184
8404,百和興業-KY,26,0,26,群益金鼎-台中,2024-11-21,9184
1802,台玻,32,7,25,群益金鼎-台中,2024-11-21,9184
1524,耿鼎,23,0,23,群益金鼎-台中,2024-11-21,9184
1326,台化,25,3,22,群益金鼎-台中,2024-11-21,9184
00938,凱基優選30,20,0,20,群益金鼎-台中,2024-11-21,9184
2312,金寶,92,72,20,群益金鼎-台中,2024-11-21,9184
1722,台肥,20,0,20,群益金鼎-台中,2024-11-21,9184
2511,太子,20,0,20,群益金鼎-台中,2024-11-21,9184
5876,上海商銀,20,0,20,群益金鼎-台中,2024-11-21,9184
00919,群益台灣精選高息,25,7,18,群益金鼎-台中,2024-11-21,9184
006208,富邦台50,26,8,18,群益金鼎-台中,2024-11-21,9184
2539,櫻花建,16,0,16,群益金鼎-台中,2024-11-21,9184
3447,展達,20,4,16,群益金鼎-台中,2024-11-21,9184
00878,國泰永續高股息,61,46,15,群益金鼎-台中,2024-11-21,9184
2352,佳世達,15,0,15,群益金鼎-台中,2024-11-21,9184
2457,飛宏,24,9,15,群益金鼎-台中,2024-11-21,9184
2330,台積電,17,2,15,群益金鼎-台中,2024-11-21,9184
8429,金麗-KY,16,2,14,群益金鼎-台中,2024-11-21,9184
00675L,富邦臺灣加權正2,13,0,13,群益金鼎-台中,2024-11-21,9184
0056,元大高股息,14,1,13,群益金鼎-台中,2024-11-21,9184
1234,黑松,13,0,13,群益金鼎-台中,2024-11-21,9184
3702,大聯大,13,0,13,群益金鼎-台中,2024-11-21,9184
00915,凱基優選高股息30,12,0,12,群益金鼎-台中,2024-11-21,9184
3376,新日興,16,4,12,群益金鼎-台中,2024-11-21,9184
00909,國泰數位支付服務,11,0,11,群益金鼎-台中,2024-11-21,9184
00706L,期元大S＆P日圓正2,11,0,11,群益金鼎-台中,2024-11-21,9184
00941,中信上游半導體,11,0,11,群益金鼎-台中,2024-11-21,9184
00685L,群益臺灣加權正2,11,0,11,群益金鼎-台中,2024-11-21,9184
9933,中鼎,11,0,11,群益金鼎-台中,2024-11-21,9184
2474,可成,11,1,10,群益金鼎-台中,2024-11-21,9184
2002,中鋼,10,0,10,群益金鼎-台中,2024-11-21,9184
00830,國泰費城半導體,10,0,10,群益金鼎-台中,2024-11-21,9184
00665L,富邦�琤肭磪囓�2,10,0,10,群益金鼎-台中,2024-11-21,9184
00918,大華優利高填息30,10,0,10,群益金鼎-台中,2024-11-21,9184
1303,南亞,13,3,10,群益金鼎-台中,2024-11-21,9184
00934,中信成長高股息,10,0,10,群益金鼎-台中,2024-11-21,9184
8038,長園科,10,0,10,群益金鼎-台中,2024-11-21,9184
00891,中信關鍵半導體,10,0,10,群益金鼎-台中,2024-11-21,9184
3230,錦明,9,0,9,群益金鼎-台中,2024-11-21,9184
2603,長榮,22,13,9,群益金鼎-台中,2024-11-21,9184
2882,國泰金,18,10,8,群益金鼎-台中,2024-11-21,9184
5426,振發,9,1,8,群益金鼎-台中,2024-11-21,9184
00950B,凱基A級公司債,147,0,147,群益金鼎-台中,2024-11-22,9184
00943,兆豐電子高息等權,138,0,138,群益金鼎-台中,2024-11-22,9184
00948B,中信優息投資級債,63,0,63,群益金鼎-台中,2024-11-22,9184
00937B,群益ESG投等債20,58,0,58,群益金鼎-台中,2024-11-22,9184
2834,臺企銀,53,2,51,群益金鼎-台中,2024-11-22,9184
5426,振發,57,12,45,群益金鼎-台中,2024-11-22,9184
00751B,元大AAA至A公司債,35,0,35,群益金鼎-台中,2024-11-22,9184
00960,野村全球航運龍頭,30,0,30,群益金鼎-台中,2024-11-22,9184
2609,陽明,68,38,30,群益金鼎-台中,2024-11-22,9184
912000,晨訊科-DR,30,0,30,群益金鼎-台中,2024-11-22,9184
9105,泰金寶-DR,105,76,29,群益金鼎-台中,2024-11-22,9184
4906,正文,29,1,28,群益金鼎-台中,2024-11-22,9184
5880,合庫金,30,2,28,群益金鼎-台中,2024-11-22,9184
5876,上海商銀,25,0,25,群益金鼎-台中,2024-11-22,9184
3706,神達,187,165,22,群益金鼎-台中,2024-11-22,9184
00909,國泰數位支付服務,25,3,22,群益金鼎-台中,2024-11-22,9184
3049,精金,22,0,22,群益金鼎-台中,2024-11-22,9184
020027,元大上櫃ESG成長N,20,0,20,群益金鼎-台中,2024-11-22,9184
00897,富邦基因免疫生技,20,0,20,群益金鼎-台中,2024-11-22,9184
006208,富邦台50,23,4,19,群益金鼎-台中,2024-11-22,9184
2867,三商壽,22,3,19,群益金鼎-台中,2024-11-22,9184
6143,振曜,68,49,19,群益金鼎-台中,2024-11-22,9184
00882,中信中國高股息,18,0,18,群益金鼎-台中,2024-11-22,9184
2353,宏��,17,1,16,群益金鼎-台中,2024-11-22,9184
00632R,元大台灣50反1,17,1,16,群益金鼎-台中,2024-11-22,9184
8044,網家,30,14,16,群益金鼎-台中,2024-11-22,9184
00764B,群益25年美債,2049,2033,16,群益金鼎-台中,2024-11-22,9184
2204,中華,27,13,14,群益金鼎-台中,2024-11-22,9184
2371,大同,52,39,13,群益金鼎-台中,2024-11-22,9184
2408,南亞科,13,0,13,群益金鼎-台中,2024-11-22,9184
3323,加百裕,73,61,12,群益金鼎-台中,2024-11-22,9184
00918,大華優利高填息30,13,1,12,群益金鼎-台中,2024-11-22,9184
3040,遠見,12,0,12,群益金鼎-台中,2024-11-22,9184
6285,啟��,12,1,11,群益金鼎-台中,2024-11-22,9184
3702,大聯大,11,0,11,群益金鼎-台中,2024-11-22,9184
00680L,元大美債20正2,11,0,11,群益金鼎-台中,2024-11-22,9184
6558,興能高,34,23,11,群益金鼎-台中,2024-11-22,9184
9939,宏全,10,0,10,群益金鼎-台中,2024-11-22,9184
3576,聯合再生,10,0,10,群益金鼎-台中,2024-11-22,9184
2511,太子,10,0,10,群益金鼎-台中,2024-11-22,9184
3024,憶聲,10,0,10,群益金鼎-台中,2024-11-22,9184
00959B,大華投等美債15Y+,10,0,10,群益金鼎-台中,2024-11-22,9184
1326,台化,20,10,10,群益金鼎-台中,2024-11-22,9184
00664R,國泰臺灣加權反1,10,0,10,群益金鼎-台中,2024-11-22,9184
2891,中信金,11,1,10,群益金鼎-台中,2024-11-22,9184
2603,長榮,14,5,9,群益金鼎-台中,2024-11-22,9184
2303,聯電,16,8,8,群益金鼎-台中,2024-11-22,9184
00953B,群益優選非投等債,8,0,8,群益金鼎-台中,2024-11-22,9184
00752,中信中國50,8,0,8,群益金鼎-台中,2024-11-22,9184
3447,展達,30,22,8,群益金鼎-台中,2024-11-22,9184
00764B,群益25年美債,2531,2118,413,群益金鼎-台中,2024-11-25,9184
8021,尖點,37,2,35,群益金鼎-台中,2024-11-25,9184
2449,京元電子,44,9,35,群益金鼎-台中,2024-11-25,9184
9105,泰金寶-DR,164,132,32,群益金鼎-台中,2024-11-25,9184
2104,國際中橡,30,0,30,群益金鼎-台中,2024-11-25,9184
00919,群益台灣精選高息,33,4,29,群益金鼎-台中,2024-11-25,9184
2539,櫻花建,31,2,29,群益金鼎-台中,2024-11-25,9184
1449,佳和,56,27,29,群益金鼎-台中,2024-11-25,9184
2515,中工,30,2,28,群益金鼎-台中,2024-11-25,9184
2312,金寶,184,158,26,群益金鼎-台中,2024-11-25,9184
3013,晟銘電,61,36,25,群益金鼎-台中,2024-11-25,9184
2615,萬海,23,2,21,群益金鼎-台中,2024-11-25,9184
00706L,期元大S＆P日圓正2,21,0,21,群益金鼎-台中,2024-11-25,9184
00878,國泰永續高股息,20,0,20,群益金鼎-台中,2024-11-25,9184
00918,大華優利高填息30,22,2,20,群益金鼎-台中,2024-11-25,9184
2371,大同,37,20,17,群益金鼎-台中,2024-11-25,9184
5876,上海商銀,17,0,17,群益金鼎-台中,2024-11-25,9184
2344,華邦電,20,3,17,群益金鼎-台中,2024-11-25,9184
5243,乙盛-KY,48,32,16,群益金鼎-台中,2024-11-25,9184
3027,盛達,29,14,15,群益金鼎-台中,2024-11-25,9184
00953B,群益優選非投等債,15,0,15,群益金鼎-台中,2024-11-25,9184
00921,兆豐龍頭等權重,15,0,15,群益金鼎-台中,2024-11-25,9184
6134,萬旭,25,11,14,群益金鼎-台中,2024-11-25,9184
5347,世界,13,0,13,群益金鼎-台中,2024-11-25,9184
2603,長榮,22,10,12,群益金鼎-台中,2024-11-25,9184
006208,富邦台50,16,4,12,群益金鼎-台中,2024-11-25,9184
2409,友達,28,16,12,群益金鼎-台中,2024-11-25,9184
00955,中信日本商社,12,0,12,群益金鼎-台中,2024-11-25,9184
2331,精英,12,0,12,群益金鼎-台中,2024-11-25,9184
00948B,中信優息投資級債,42,30,12,群益金鼎-台中,2024-11-25,9184
2887,台新金,11,0,11,群益金鼎-台中,2024-11-25,9184
2354,鴻準,50,39,11,群益金鼎-台中,2024-11-25,9184
00930,永豐ESG低碳高息,11,0,11,群益金鼎-台中,2024-11-25,9184
2618,長榮航,18,7,11,群益金鼎-台中,2024-11-25,9184
00959B,大華投等美債15Y+,11,0,11,群益金鼎-台中,2024-11-25,9184
6546,正基,25,14,11,群益金鼎-台中,2024-11-25,9184
2027,大成鋼,10,0,10,群益金鼎-台中,2024-11-25,9184
3032,偉訓,20,10,10,群益金鼎-台中,2024-11-25,9184
6282,康舒,12,2,10,群益金鼎-台中,2024-11-25,9184
4956,光鋐,31,21,10,群益金鼎-台中,2024-11-25,9184
0050,元大台灣50,11,1,10,群益金鼎-台中,2024-11-25,9184
2330,台積電,12,2,10,群益金鼎-台中,2024-11-25,9184
3712,永崴投控,62,53,9,群益金鼎-台中,2024-11-25,9184
4909,新復興,15,6,9,群益金鼎-台中,2024-11-25,9184
2543,皇昌,11,2,9,群益金鼎-台中,2024-11-25,9184
2542,興富發,13,5,8,群益金鼎-台中,2024-11-25,9184
1466,聚隆,8,0,8,群益金鼎-台中,2024-11-25,9184
3040,遠見,8,0,8,群益金鼎-台中,2024-11-25,9184
4906,正文,8,0,8,群益金鼎-台中,2024-11-25,9184
00665L,富邦�琤肭磪囓�2,9,1,8,群益金鼎-台中,2024-11-25,9184
00764B,群益25年美債,2726,2531,195,群益金鼎-台中,2024-11-26,9184
00915,凱基優選高股息30,84,0,84,群益金鼎-台中,2024-11-26,9184
00878,國泰永續高股息,78,0,78,群益金鼎-台中,2024-11-26,9184
0056,元大高股息,76,4,72,群益金鼎-台中,2024-11-26,9184
00669R,國泰美國道瓊反1,70,0,70,群益金鼎-台中,2024-11-26,9184
00931B,統一美債20年,61,0,61,群益金鼎-台中,2024-11-26,9184
2317,鴻海,72,13,59,群益金鼎-台中,2024-11-26,9184
00953B,群益優選非投等債,43,0,43,群益金鼎-台中,2024-11-26,9184
2539,櫻花建,30,0,30,群益金鼎-台中,2024-11-26,9184
00938,凱基優選30,32,2,30,群益金鼎-台中,2024-11-26,9184
3231,緯創,54,26,28,群益金鼎-台中,2024-11-26,9184
00919,群益台灣精選高息,29,1,28,群益金鼎-台中,2024-11-26,9184
2474,可成,26,0,26,群益金鼎-台中,2024-11-26,9184
00918,大華優利高填息30,26,0,26,群益金鼎-台中,2024-11-26,9184
3693,營邦,26,0,26,群益金鼎-台中,2024-11-26,9184
2444,兆勁,25,1,24,群益金鼎-台中,2024-11-26,9184
2330,台積電,25,1,24,群益金鼎-台中,2024-11-26,9184
00950B,凱基A級公司債,22,0,22,群益金鼎-台中,2024-11-26,9184
00715L,期街口布蘭特正2,21,0,21,群益金鼎-台中,2024-11-26,9184
4909,新復興,22,2,20,群益金鼎-台中,2024-11-26,9184
020027,元大上櫃ESG成長N,20,0,20,群益金鼎-台中,2024-11-26,9184
3576,聯合再生,20,0,20,群益金鼎-台中,2024-11-26,9184
00706L,期元大S＆P日圓正2,20,0,20,群益金鼎-台中,2024-11-26,9184
3380,明泰,37,17,20,群益金鼎-台中,2024-11-26,9184
00923,群益台ESG低碳50,19,0,19,群益金鼎-台中,2024-11-26,9184
006208,富邦台50,25,7,18,群益金鼎-台中,2024-11-26,9184
3049,精金,18,0,18,群益金鼎-台中,2024-11-26,9184
2344,華邦電,19,2,17,群益金鼎-台中,2024-11-26,9184
3289,宜特,16,0,16,群益金鼎-台中,2024-11-26,9184
3481,群創,16,0,16,群益金鼎-台中,2024-11-26,9184
00922,國泰台灣領袖50,15,0,15,群益金鼎-台中,2024-11-26,9184
2419,仲琦,47,32,15,群益金鼎-台中,2024-11-26,9184
00675L,富邦臺灣加權正2,19,5,14,群益金鼎-台中,2024-11-26,9184
2409,友達,17,3,14,群益金鼎-台中,2024-11-26,9184
6213,聯茂,14,0,14,群益金鼎-台中,2024-11-26,9184
6134,萬旭,20,6,14,群益金鼎-台中,2024-11-26,9184
6505,台塑化,13,0,13,群益金鼎-台中,2024-11-26,9184
2354,鴻準,32,20,12,群益金鼎-台中,2024-11-26,9184
00935,野村臺灣新科技50,11,0,11,群益金鼎-台中,2024-11-26,9184
2883,凱基金,11,0,11,群益金鼎-台中,2024-11-26,9184
6558,興能高,49,38,11,群益金鼎-台中,2024-11-26,9184
8210,勤誠,10,0,10,群益金鼎-台中,2024-11-26,9184
9907,統一實,10,0,10,群益金鼎-台中,2024-11-26,9184
4142,國光生,10,0,10,群益金鼎-台中,2024-11-26,9184
2880,華南金,10,0,10,群益金鼎-台中,2024-11-26,9184
6617,共信-KY,10,0,10,群益金鼎-台中,2024-11-26,9184
4960,誠美材,10,0,10,群益金鼎-台中,2024-11-26,9184
00952,凱基台灣AI50,10,0,10,群益金鼎-台中,2024-11-26,9184
2609,陽明,19,9,10,群益金鼎-台中,2024-11-26,9184
00930,永豐ESG低碳高息,9,0,9,群益金鼎-台中,2024-11-26,9184
00632R,元大台灣50反1,905,26,879,群益金鼎-台中,2024-11-27,9184
00878,國泰永續高股息,104,5,99,群益金鼎-台中,2024-11-27,9184
2609,陽明,114,18,96,群益金鼎-台中,2024-11-27,9184
2344,華邦電,72,0,72,群益金鼎-台中,2024-11-27,9184
00938,凱基優選30,71,0,71,群益金鼎-台中,2024-11-27,9184
00919,群益台灣精選高息,84,16,68,群益金鼎-台中,2024-11-27,9184
2303,聯電,73,7,66,群益金鼎-台中,2024-11-27,9184
2867,三商壽,65,2,63,群益金鼎-台中,2024-11-27,9184
00940,元大台灣價值高息,73,12,61,群益金鼎-台中,2024-11-27,9184
2317,鴻海,58,8,50,群益金鼎-台中,2024-11-27,9184
0056,元大高股息,49,11,38,群益金鼎-台中,2024-11-27,9184
00943,兆豐電子高息等權,33,0,33,群益金鼎-台中,2024-11-27,9184
00671R,富邦NASDAQ反1,30,0,30,群益金鼎-台中,2024-11-27,9184
00648R,元大S＆P500反1,30,0,30,群益金鼎-台中,2024-11-27,9184
6175,立敦,30,1,29,群益金鼎-台中,2024-11-27,9184
4960,誠美材,29,3,26,群益金鼎-台中,2024-11-27,9184
2312,金寶,136,111,25,群益金鼎-台中,2024-11-27,9184
2204,中華,38,13,25,群益金鼎-台中,2024-11-27,9184
3231,緯創,65,40,25,群益金鼎-台中,2024-11-27,9184
3481,群創,30,5,25,群益金鼎-台中,2024-11-27,9184
2603,長榮,41,18,23,群益金鼎-台中,2024-11-27,9184
9105,泰金寶-DR,51,28,23,群益金鼎-台中,2024-11-27,9184
00679B,元大美債20年,42,20,22,群益金鼎-台中,2024-11-27,9184
2330,台積電,21,1,20,群益金鼎-台中,2024-11-27,9184
00665L,富邦�琤肭磪囓�2,20,0,20,群益金鼎-台中,2024-11-27,9184
00725B,國泰投資級公司債,20,0,20,群益金鼎-台中,2024-11-27,9184
020027,元大上櫃ESG成長N,40,20,20,群益金鼎-台中,2024-11-27,9184
4956,光鋐,24,5,19,群益金鼎-台中,2024-11-27,9184
00946,群益科技高息成長,18,0,18,群益金鼎-台中,2024-11-27,9184
2332,友訊,71,53,18,群益金鼎-台中,2024-11-27,9184
1522,堤維西,20,2,18,群益金鼎-台中,2024-11-27,9184
2382,廣達,21,3,18,群益金鼎-台中,2024-11-27,9184
2356,英業達,24,7,17,群益金鼎-台中,2024-11-27,9184
6257,矽格,17,0,17,群益金鼎-台中,2024-11-27,9184
9904,寶成,18,1,17,群益金鼎-台中,2024-11-27,9184
00932,兆豐永續高息等權,16,0,16,群益金鼎-台中,2024-11-27,9184
00929,復華台灣科技優息,45,29,16,群益金鼎-台中,2024-11-27,9184
2363,矽統,15,0,15,群益金鼎-台中,2024-11-27,9184
9935,慶豐富,15,0,15,群益金鼎-台中,2024-11-27,9184
00930,永豐ESG低碳高息,16,1,15,群益金鼎-台中,2024-11-27,9184
00637L,元大滬深300正2,39,24,15,群益金鼎-台中,2024-11-27,9184
6617,共信-KY,25,10,15,群益金鼎-台中,2024-11-27,9184
2324,仁寶,30,16,14,群益金鼎-台中,2024-11-27,9184
5309,系統電,58,44,14,群益金鼎-台中,2024-11-27,9184
00952,凱基台灣AI50,13,0,13,群益金鼎-台中,2024-11-27,9184
00639,富邦深100,13,0,13,群益金鼎-台中,2024-11-27,9184
3037,欣興,15,2,13,群益金鼎-台中,2024-11-27,9184
00922,國泰台灣領袖50,12,0,12,群益金鼎-台中,2024-11-27,9184
6962,ITH-KY,21,9,12,群益金鼎-台中,2024-11-27,9184
00675L,富邦臺灣加權正2,13,2,11,群益金鼎-台中,2024-11-27,9184
00632R,元大台灣50反1,201,17,184,群益金鼎-台中,2024-11-28,9184
00878,國泰永續高股息,145,18,127,群益金鼎-台中,2024-11-28,9184
00953B,群益優選非投等債,100,0,100,群益金鼎-台中,2024-11-28,9184
8240,華宏,93,1,92,群益金鼎-台中,2024-11-28,9184
00909,國泰數位支付服務,61,0,61,群益金鼎-台中,2024-11-28,9184
00943,兆豐電子高息等權,58,0,58,群益金鼎-台中,2024-11-28,9184
00922,國泰台灣領袖50,54,0,54,群益金鼎-台中,2024-11-28,9184
2303,聯電,68,18,50,群益金鼎-台中,2024-11-28,9184
2344,華邦電,50,4,46,群益金鼎-台中,2024-11-28,9184
00929,復華台灣科技優息,119,75,44,群益金鼎-台中,2024-11-28,9184
3557,嘉威,40,0,40,群益金鼎-台中,2024-11-28,9184
020027,元大上櫃ESG成長N,40,0,40,群益金鼎-台中,2024-11-28,9184
00919,群益台灣精選高息,44,8,36,群益金鼎-台中,2024-11-28,9184
1722,台肥,37,2,35,群益金鼎-台中,2024-11-28,9184
1102,亞泥,33,0,33,群益金鼎-台中,2024-11-28,9184
8932,智通*,30,1,29,群益金鼎-台中,2024-11-28,9184
1815,富喬,103,81,22,群益金鼎-台中,2024-11-28,9184
00687B,國泰20年美債,45,24,21,群益金鼎-台中,2024-11-28,9184
00946,群益科技高息成長,33,12,21,群益金鼎-台中,2024-11-28,9184
1540,喬福,27,6,21,群益金鼎-台中,2024-11-28,9184
2330,台積電,27,7,20,群益金鼎-台中,2024-11-28,9184
0056,元大高股息,47,27,20,群益金鼎-台中,2024-11-28,9184
4931,新盛力,17,0,17,群益金鼎-台中,2024-11-28,9184
2618,長榮航,27,10,17,群益金鼎-台中,2024-11-28,9184
00940,元大台灣價值高息,24,9,15,群益金鼎-台中,2024-11-28,9184
00713,元大台灣高息低波,16,1,15,群益金鼎-台中,2024-11-28,9184
00637L,元大滬深300正2,80,66,14,群益金鼎-台中,2024-11-28,9184
2354,鴻準,34,20,14,群益金鼎-台中,2024-11-28,9184
6127,九豪,26,12,14,群益金鼎-台中,2024-11-28,9184
4991,環宇-KY,18,4,14,群益金鼎-台中,2024-11-28,9184
00935,野村臺灣新科技50,12,0,12,群益金鼎-台中,2024-11-28,9184
2355,敬鵬,11,0,11,群益金鼎-台中,2024-11-28,9184
006208,富邦台50,11,1,10,群益金鼎-台中,2024-11-28,9184
5347,世界,10,0,10,群益金鼎-台中,2024-11-28,9184
2633,台灣高鐵,10,0,10,群益金鼎-台中,2024-11-28,9184
2204,中華,30,20,10,群益金鼎-台中,2024-11-28,9184
1506,正道,10,0,10,群益金鼎-台中,2024-11-28,9184
00891,中信關鍵半導體,16,6,10,群益金鼎-台中,2024-11-28,9184
3041,揚智,10,1,9,群益金鼎-台中,2024-11-28,9184
2539,櫻花建,10,1,9,群益金鼎-台中,2024-11-28,9184
5353,台林,10,1,9,群益金鼎-台中,2024-11-28,9184
2062,橋椿,19,10,9,群益金鼎-台中,2024-11-28,9184
4927,泰鼎-KY,13,4,9,群益金鼎-台中,2024-11-28,9184
1802,台玻,9,0,9,群益金鼎-台中,2024-11-28,9184
3043,科風,13,5,8,群益金鼎-台中,2024-11-28,9184
00927,群益半導體收益,8,0,8,群益金鼎-台中,2024-11-28,9184
3481,群創,19,11,8,群益金鼎-台中,2024-11-28,9184
1536,和大,28,21,7,群益金鼎-台中,2024-11-28,9184
00881,國泰台灣5G+,7,0,7,群益金鼎-台中,2024-11-28,9184
3511,矽瑪,10,3,7,群益金鼎-台中,2024-11-28,9184
00950B,凱基A級公司債,106,0,106,群益金鼎-台中,2024-11-29,9184
2888,新光金,102,0,102,群益金鼎-台中,2024-11-29,9184
3706,神達,445,354,91,群益金鼎-台中,2024-11-29,9184
00919,群益台灣精選高息,98,9,89,群益金鼎-台中,2024-11-29,9184
00915,凱基優選高股息30,53,0,53,群益金鼎-台中,2024-11-29,9184
9105,泰金寶-DR,68,17,51,群益金鼎-台中,2024-11-29,9184
3511,矽瑪,65,17,48,群益金鼎-台中,2024-11-29,9184
2609,陽明,79,39,40,群益金鼎-台中,2024-11-29,9184
2603,長榮,40,3,37,群益金鼎-台中,2024-11-29,9184
5880,合庫金,37,1,36,群益金鼎-台中,2024-11-29,9184
0056,元大高股息,59,28,31,群益金鼎-台中,2024-11-29,9184
00741B,富邦全球非投等債,30,0,30,群益金鼎-台中,2024-11-29,9184
2882,國泰金,29,2,27,群益金鼎-台中,2024-11-29,9184
00637L,元大滬深300正2,180,154,26,群益金鼎-台中,2024-11-29,9184
00878,國泰永續高股息,37,12,25,群益金鼎-台中,2024-11-29,9184
8932,智通*,25,1,24,群益金鼎-台中,2024-11-29,9184
00953B,群益優選非投等債,24,0,24,群益金鼎-台中,2024-11-29,9184
1326,台化,29,7,22,群益金鼎-台中,2024-11-29,9184
00725B,國泰投資級公司債,20,0,20,群益金鼎-台中,2024-11-29,9184
2330,台積電,68,50,18,群益金鼎-台中,2024-11-29,9184
00687B,國泰20年美債,24,6,18,群益金鼎-台中,2024-11-29,9184
2615,萬海,30,15,15,群益金鼎-台中,2024-11-29,9184
2891,中信金,14,0,14,群益金鼎-台中,2024-11-29,9184
00675L,富邦臺灣加權正2,19,5,14,群益金鼎-台中,2024-11-29,9184
4977,眾達-KY,15,1,14,群益金鼎-台中,2024-11-29,9184
1722,台肥,15,2,13,群益金鼎-台中,2024-11-29,9184
2312,金寶,68,55,13,群益金鼎-台中,2024-11-29,9184
2881,富邦金,13,0,13,群益金鼎-台中,2024-11-29,9184
1301,台塑,21,8,13,群益金鼎-台中,2024-11-29,9184
00680L,元大美債20正2,17,5,12,群益金鼎-台中,2024-11-29,9184
9939,宏全,12,0,12,群益金鼎-台中,2024-11-29,9184
6257,矽格,12,0,12,群益金鼎-台中,2024-11-29,9184
5309,系統電,115,104,11,群益金鼎-台中,2024-11-29,9184
2883,凱基金,31,20,11,群益金鼎-台中,2024-11-29,9184
00940,元大台灣價值高息,22,11,11,群益金鼎-台中,2024-11-29,9184
2836,高雄銀,10,0,10,群益金鼎-台中,2024-11-29,9184
8028,昇陽半導體,21,11,10,群益金鼎-台中,2024-11-29,9184
00671R,富邦NASDAQ反1,10,0,10,群益金鼎-台中,2024-11-29,9184
1216,統一,10,0,10,群益金鼎-台中,2024-11-29,9184
2542,興富發,12,3,9,群益金鼎-台中,2024-11-29,9184
00918,大華優利高填息30,9,0,9,群益金鼎-台中,2024-11-29,9184
2399,映泰,12,3,9,群益金鼎-台中,2024-11-29,9184
1531,高林股,15,6,9,群益金鼎-台中,2024-11-29,9184
3231,緯創,12,4,8,群益金鼎-台中,2024-11-29,9184
3693,營邦,8,0,8,群益金鼎-台中,2024-11-29,9184
00937B,群益ESG投等債20,44,36,8,群益金鼎-台中,2024-11-29,9184
2634,漢翔,8,0,8,群益金鼎-台中,2024-11-29,9184
00891,中信關鍵半導體,8,0,8,群益金鼎-台中,2024-11-29,9184
1102,亞泥,7,0,7,群益金鼎-台中,2024-11-29,9184
2317,鴻海,23,16,7,群益金鼎-台中,2024-11-29,9184
00953B,群益優選非投等債,206,0,206,群益金鼎-台中,2024-12-02,9184
1326,台化,151,7,144,群益金鼎-台中,2024-12-02,9184
1722,台肥,127,1,126,群益金鼎-台中,2024-12-02,9184
00632R,元大台灣50反1,85,0,85,群益金鼎-台中,2024-12-02,9184
00918,大華優利高填息30,77,0,77,群益金鼎-台中,2024-12-02,9184
00741B,富邦全球非投等債,50,0,50,群益金鼎-台中,2024-12-02,9184
00931B,統一美債20年,60,11,49,群益金鼎-台中,2024-12-02,9184
2344,華邦電,54,6,48,群益金鼎-台中,2024-12-02,9184
2609,陽明,87,44,43,群益金鼎-台中,2024-12-02,9184
2317,鴻海,47,7,40,群益金鼎-台中,2024-12-02,9184
2883,凱基金,61,21,40,群益金鼎-台中,2024-12-02,9184
3230,錦明,37,6,31,群益金鼎-台中,2024-12-02,9184
00921,兆豐龍頭等權重,21,0,21,群益金鼎-台中,2024-12-02,9184
1815,富喬,46,26,20,群益金鼎-台中,2024-12-02,9184
3231,緯創,22,5,17,群益金鼎-台中,2024-12-02,9184
4977,眾達-KY,28,12,16,群益金鼎-台中,2024-12-02,9184
6257,矽格,16,0,16,群益金鼎-台中,2024-12-02,9184
2646,星宇航空,16,1,15,群益金鼎-台中,2024-12-02,9184
00664R,國泰臺灣加權反1,15,0,15,群益金鼎-台中,2024-12-02,9184
2356,英業達,16,2,14,群益金鼎-台中,2024-12-02,9184
8033,雷虎,17,3,14,群益金鼎-台中,2024-12-02,9184
6005,群益證,19,6,13,群益金鼎-台中,2024-12-02,9184
4157,太景*-KY,13,0,13,群益金鼎-台中,2024-12-02,9184
3481,群創,16,3,13,群益金鼎-台中,2024-12-02,9184
8111,立��,14,2,12,群益金鼎-台中,2024-12-02,9184
00713,元大台灣高息低波,11,0,11,群益金鼎-台中,2024-12-02,9184
00930,永豐ESG低碳高息,11,0,11,群益金鼎-台中,2024-12-02,9184
2543,皇昌,12,2,10,群益金鼎-台中,2024-12-02,9184
4123,晟德,11,1,10,群益金鼎-台中,2024-12-02,9184
2419,仲琦,20,10,10,群益金鼎-台中,2024-12-02,9184
3003,健和興,11,1,10,群益金鼎-台中,2024-12-02,9184
2836,高雄銀,10,0,10,群益金鼎-台中,2024-12-02,9184
00671R,富邦NASDAQ反1,10,0,10,群益金鼎-台中,2024-12-02,9184
00915,凱基優選高股息30,14,4,10,群益金鼎-台中,2024-12-02,9184
00665L,富邦�琤肭磪囓�2,10,0,10,群益金鼎-台中,2024-12-02,9184
2029,盛餘,11,1,10,群益金鼎-台中,2024-12-02,9184
3013,晟銘電,23,13,10,群益金鼎-台中,2024-12-02,9184
00951,台新日本半導體,20,10,10,群益金鼎-台中,2024-12-02,9184
1536,和大,32,23,9,群益金鼎-台中,2024-12-02,9184
6175,立敦,15,6,9,群益金鼎-台中,2024-12-02,9184
00933B,國泰10Y+金融債,10,1,9,群益金鼎-台中,2024-12-02,9184
1569,濱川,11,2,9,群益金鼎-台中,2024-12-02,9184
5309,系統電,125,117,8,群益金鼎-台中,2024-12-02,9184
2539,櫻花建,8,0,8,群益金鼎-台中,2024-12-02,9184
3520,華盈,8,0,8,群益金鼎-台中,2024-12-02,9184
00950B,凱基A級公司債,8,0,8,群益金鼎-台中,2024-12-02,9184
00662,富邦NASDAQ,8,0,8,群益金鼎-台中,2024-12-02,9184
00687B,國泰20年美債,17,9,8,群益金鼎-台中,2024-12-02,9184
2610,華航,23,16,7,群益金鼎-台中,2024-12-02,9184
2337,旺宏,7,0,7,群益金鼎-台中,2024-12-02,9184
00953B,群益優選非投等債,244,5,239,群益金鼎-台中,2024-12-03,9184
9105,泰金寶-DR,256,33,223,群益金鼎-台中,2024-12-03,9184
00919,群益台灣精選高息,183,28,155,群益金鼎-台中,2024-12-03,9184
1722,台肥,90,0,90,群益金鼎-台中,2024-12-03,9184
2353,宏��,103,20,83,群益金鼎-台中,2024-12-03,9184
00918,大華優利高填息30,74,8,66,群益金鼎-台中,2024-12-03,9184
0056,元大高股息,86,26,60,群益金鼎-台中,2024-12-03,9184
00878,國泰永續高股息,53,5,48,群益金鼎-台中,2024-12-03,9184
00945B,凱基美國非投等債,50,3,47,群益金鼎-台中,2024-12-03,9184
4306,炎洲,45,0,45,群益金鼎-台中,2024-12-03,9184
00753L,中信中國50正2,50,7,43,群益金鼎-台中,2024-12-03,9184
1605,華新,43,0,43,群益金鼎-台中,2024-12-03,9184
3033,威健,40,0,40,群益金鼎-台中,2024-12-03,9184
020027,元大上櫃ESG成長N,60,20,40,群益金鼎-台中,2024-12-03,9184
00671R,富邦NASDAQ反1,40,0,40,群益金鼎-台中,2024-12-03,9184
6901,鑽石投資,32,1,31,群益金鼎-台中,2024-12-03,9184
00961,FT臺灣永續高息,30,0,30,群益金鼎-台中,2024-12-03,9184
2618,長榮航,84,56,28,群益金鼎-台中,2024-12-03,9184
5871,中租-KY,27,0,27,群益金鼎-台中,2024-12-03,9184
5465,富驊,36,11,25,群益金鼎-台中,2024-12-03,9184
00915,凱基優選高股息30,42,18,24,群益金鼎-台中,2024-12-03,9184
4303,信立,79,57,22,群益金鼎-台中,2024-12-03,9184
00950B,凱基A級公司債,20,0,20,群益金鼎-台中,2024-12-03,9184
00958B,永豐ESG銀行債15,20,0,20,群益金鼎-台中,2024-12-03,9184
8042,金山電,26,6,20,群益金鼎-台中,2024-12-03,9184
8028,昇陽半導體,23,4,19,群益金鼎-台中,2024-12-03,9184
006208,富邦台50,25,7,18,群益金鼎-台中,2024-12-03,9184
2029,盛餘,18,0,18,群益金鼎-台中,2024-12-03,9184
5315,光聯,20,3,17,群益金鼎-台中,2024-12-03,9184
1449,佳和,27,11,16,群益金鼎-台中,2024-12-03,9184
2303,聯電,29,13,16,群益金鼎-台中,2024-12-03,9184
2317,鴻海,39,24,15,群益金鼎-台中,2024-12-03,9184
00664R,國泰臺灣加權反1,15,0,15,群益金鼎-台中,2024-12-03,9184
2385,群光,15,0,15,群益金鼎-台中,2024-12-03,9184
00946,群益科技高息成長,37,24,13,群益金鼎-台中,2024-12-03,9184
2344,華邦電,14,2,12,群益金鼎-台中,2024-12-03,9184
4909,新復興,14,2,12,群益金鼎-台中,2024-12-03,9184
2408,南亞科,17,5,12,群益金鼎-台中,2024-12-03,9184
4157,太景*-KY,12,0,12,群益金鼎-台中,2024-12-03,9184
1514,亞力,12,0,12,群益金鼎-台中,2024-12-03,9184
6239,力成,11,0,11,群益金鼎-台中,2024-12-03,9184
00922,國泰台灣領袖50,15,4,11,群益金鼎-台中,2024-12-03,9184
3466,德晉,32,21,11,群益金鼎-台中,2024-12-03,9184
5309,系統電,40,29,11,群益金鼎-台中,2024-12-03,9184
3230,錦明,23,12,11,群益金鼎-台中,2024-12-03,9184
2867,三商壽,11,0,11,群益金鼎-台中,2024-12-03,9184
00904,新光臺灣半導體30,10,0,10,群益金鼎-台中,2024-12-03,9184
2634,漢翔,11,1,10,群益金鼎-台中,2024-12-03,9184
2515,中工,10,0,10,群益金鼎-台中,2024-12-03,9184
5328,華容,23,13,10,群益金鼎-台中,2024-12-03,9184
00953B,群益優選非投等債,713,0,713,群益金鼎-台中,2024-12-04,9184
00912,中信臺灣智慧50,100,0,100,群益金鼎-台中,2024-12-04,9184
2883,凱基金,81,15,66,群益金鼎-台中,2024-12-04,9184
1722,台肥,104,45,59,群益金鼎-台中,2024-12-04,9184
00950B,凱基A級公司債,71,13,58,群益金鼎-台中,2024-12-04,9184
00918,大華優利高填息30,56,6,50,群益金鼎-台中,2024-12-04,9184
00958B,永豐ESG銀行債15,50,0,50,群益金鼎-台中,2024-12-04,9184
1326,台化,56,10,46,群益金鼎-台中,2024-12-04,9184
2845,遠東銀,32,2,30,群益金鼎-台中,2024-12-04,9184
00915,凱基優選高股息30,27,0,27,群益金鼎-台中,2024-12-04,9184
2405,輔信,43,16,27,群益金鼎-台中,2024-12-04,9184
6284,佳邦,27,1,26,群益金鼎-台中,2024-12-04,9184
1102,亞泥,94,70,24,群益金鼎-台中,2024-12-04,9184
00764B,群益25年美債,2763,2739,24,群益金鼎-台中,2024-12-04,9184
2062,橋椿,21,0,21,群益金鼎-台中,2024-12-04,9184
00712,復華富時不動產,21,0,21,群益金鼎-台中,2024-12-04,9184
00671R,富邦NASDAQ反1,20,0,20,群益金鼎-台中,2024-12-04,9184
00878,國泰永續高股息,21,3,18,群益金鼎-台中,2024-12-04,9184
8171,天宇,27,10,17,群益金鼎-台中,2024-12-04,9184
2486,一詮,31,15,16,群益金鼎-台中,2024-12-04,9184
2303,聯電,25,9,16,群益金鼎-台中,2024-12-04,9184
6187,萬潤,16,2,14,群益金鼎-台中,2024-12-04,9184
6005,群益證,14,1,13,群益金鼎-台中,2024-12-04,9184
8111,立��,26,13,13,群益金鼎-台中,2024-12-04,9184
1528,恩德,12,0,12,群益金鼎-台中,2024-12-04,9184
6214,精誠,12,0,12,群益金鼎-台中,2024-12-04,9184
3323,加百裕,98,86,12,群益金鼎-台中,2024-12-04,9184
00679B,元大美債20年,19,8,11,群益金鼎-台中,2024-12-04,9184
2633,台灣高鐵,11,0,11,群益金鼎-台中,2024-12-04,9184
2399,映泰,16,5,11,群益金鼎-台中,2024-12-04,9184
2884,玉山金,10,0,10,群益金鼎-台中,2024-12-04,9184
3317,尼克森,11,1,10,群益金鼎-台中,2024-12-04,9184
3466,德晉,11,1,10,群益金鼎-台中,2024-12-04,9184
00938,凱基優選30,10,0,10,群益金鼎-台中,2024-12-04,9184
2349,錸德,30,20,10,群益金鼎-台中,2024-12-04,9184
8112,至上,17,7,10,群益金鼎-台中,2024-12-04,9184
6757,台灣虎航,18,8,10,群益金鼎-台中,2024-12-04,9184
1464,得力,10,0,10,群益金鼎-台中,2024-12-04,9184
2312,金寶,22,13,9,群益金鼎-台中,2024-12-04,9184
2392,正崴,31,22,9,群益金鼎-台中,2024-12-04,9184
00751B,元大AAA至A公司債,9,0,9,群益金鼎-台中,2024-12-04,9184
2337,旺宏,27,18,9,群益金鼎-台中,2024-12-04,9184
00713,元大台灣高息低波,12,4,8,群益金鼎-台中,2024-12-04,9184
00919,群益台灣精選高息,18,10,8,群益金鼎-台中,2024-12-04,9184
4938,和碩,13,5,8,群益金鼎-台中,2024-12-04,9184
5371,中光電,15,7,8,群益金鼎-台中,2024-12-04,9184
2353,宏��,17,9,8,群益金鼎-台中,2024-12-04,9184
3050,鈺德,23,15,8,群益金鼎-台中,2024-12-04,9184
8404,百和興業-KY,9,1,8,群益金鼎-台中,2024-12-04,9184
2351,順德,10,2,8,群益金鼎-台中,2024-12-04,9184
00878,國泰永續高股息,180,10,170,群益金鼎-台中,2024-12-05,9184
1326,台化,117,15,102,群益金鼎-台中,2024-12-05,9184
2303,聯電,77,3,74,群益金鼎-台中,2024-12-05,9184
00918,大華優利高填息30,79,13,66,群益金鼎-台中,2024-12-05,9184
1722,台肥,116,50,66,群益金鼎-台中,2024-12-05,9184
5907,大洋-KY,61,0,61,群益金鼎-台中,2024-12-05,9184
00637L,元大滬深300正2,61,15,46,群益金鼎-台中,2024-12-05,9184
6558,興能高,102,63,39,群益金鼎-台中,2024-12-05,9184
2371,大同,51,15,36,群益金鼎-台中,2024-12-05,9184
00946,群益科技高息成長,39,3,36,群益金鼎-台中,2024-12-05,9184
4931,新盛力,287,252,35,群益金鼎-台中,2024-12-05,9184
00919,群益台灣精選高息,86,51,35,群益金鼎-台中,2024-12-05,9184
6175,立敦,46,18,28,群益金鼎-台中,2024-12-05,9184
2317,鴻海,31,3,28,群益金鼎-台中,2024-12-05,9184
00915,凱基優選高股息30,25,1,24,群益金鼎-台中,2024-12-05,9184
3481,群創,26,3,23,群益金鼎-台中,2024-12-05,9184
3323,加百裕,92,70,22,群益金鼎-台中,2024-12-05,9184
1303,南亞,23,3,20,群益金鼎-台中,2024-12-05,9184
00671R,富邦NASDAQ反1,20,0,20,群益金鼎-台中,2024-12-05,9184
00725B,國泰投資級公司債,20,0,20,群益金鼎-台中,2024-12-05,9184
2472,立隆電,42,23,19,群益金鼎-台中,2024-12-05,9184
3289,宜特,27,8,19,群益金鼎-台中,2024-12-05,9184
00715L,期街口布蘭特正2,16,0,16,群益金鼎-台中,2024-12-05,9184
3024,憶聲,15,0,15,群益金鼎-台中,2024-12-05,9184
2204,中華,17,3,14,群益金鼎-台中,2024-12-05,9184
3317,尼克森,14,0,14,群益金鼎-台中,2024-12-05,9184
3015,全漢,41,27,14,群益金鼎-台中,2024-12-05,9184
1101,台泥,14,0,14,群益金鼎-台中,2024-12-05,9184
7722,LINEPAY,13,1,12,群益金鼎-台中,2024-12-05,9184
2367,燿華,17,5,12,群益金鼎-台中,2024-12-05,9184
6173,信昌電,24,12,12,群益金鼎-台中,2024-12-05,9184
6235,華孚,14,2,12,群益金鼎-台中,2024-12-05,9184
6859,伯特光,12,0,12,群益金鼎-台中,2024-12-05,9184
00662,富邦NASDAQ,11,0,11,群益金鼎-台中,2024-12-05,9184
2425,承啟,16,5,11,群益金鼎-台中,2024-12-05,9184
6134,萬旭,13,2,11,群益金鼎-台中,2024-12-05,9184
6274,台燿,12,1,11,群益金鼎-台中,2024-12-05,9184
1301,台塑,11,0,11,群益金鼎-台中,2024-12-05,9184
3003,健和興,19,9,10,群益金鼎-台中,2024-12-05,9184
1727,中華化,10,0,10,群益金鼎-台中,2024-12-05,9184
00648R,元大S＆P500反1,10,0,10,群益金鼎-台中,2024-12-05,9184
3043,科風,18,8,10,群益金鼎-台中,2024-12-05,9184
6288,聯嘉,12,2,10,群益金鼎-台中,2024-12-05,9184
5244,弘凱,15,5,10,群益金鼎-台中,2024-12-05,9184
3163,波若威,255,246,9,群益金鼎-台中,2024-12-05,9184
0056,元大高股息,15,6,9,群益金鼎-台中,2024-12-05,9184
00933B,國泰10Y+金融債,19,10,9,群益金鼎-台中,2024-12-05,9184
2477,美隆電,19,10,9,群益金鼎-台中,2024-12-05,9184
3040,遠見,10,1,9,群益金鼎-台中,2024-12-05,9184
3450,聯鈞,100,91,9,群益金鼎-台中,2024-12-05,9184
00953B,群益優選非投等債,754,0,754,群益金鼎-台中,2024-12-06,9184
00919,群益台灣精選高息,126,2,124,群益金鼎-台中,2024-12-06,9184
00878,國泰永續高股息,91,5,86,群益金鼎-台中,2024-12-06,9184
00915,凱基優選高股息30,84,0,84,群益金鼎-台中,2024-12-06,9184
00918,大華優利高填息30,84,1,83,群益金鼎-台中,2024-12-06,9184
020027,元大上櫃ESG成長N,75,0,75,群益金鼎-台中,2024-12-06,9184
1326,台化,58,6,52,群益金鼎-台中,2024-12-06,9184
8111,立��,60,23,37,群益金鼎-台中,2024-12-06,9184
2405,輔信,56,23,33,群益金鼎-台中,2024-12-06,9184
3264,欣銓,35,3,32,群益金鼎-台中,2024-12-06,9184
00665L,富邦�琤肭磪囓�2,30,0,30,群益金鼎-台中,2024-12-06,9184
2354,鴻準,136,110,26,群益金鼎-台中,2024-12-06,9184
00715L,期街口布蘭特正2,32,10,22,群益金鼎-台中,2024-12-06,9184
2317,鴻海,33,11,22,群益金鼎-台中,2024-12-06,9184
5522,遠雄,20,0,20,群益金鼎-台中,2024-12-06,9184
00690,兆豐藍籌30,20,0,20,群益金鼎-台中,2024-12-06,9184
6288,聯嘉,22,4,18,群益金鼎-台中,2024-12-06,9184
4931,新盛力,56,39,17,群益金鼎-台中,2024-12-06,9184
2385,群光,19,3,16,群益金鼎-台中,2024-12-06,9184
00941,中信上游半導體,15,0,15,群益金鼎-台中,2024-12-06,9184
0056,元大高股息,29,16,13,群益金鼎-台中,2024-12-06,9184
00962,台新AI優息動能,16,3,13,群益金鼎-台中,2024-12-06,9184
2634,漢翔,13,0,13,群益金鼎-台中,2024-12-06,9184
1802,台玻,13,0,13,群益金鼎-台中,2024-12-06,9184
2375,凱美,26,14,12,群益金鼎-台中,2024-12-06,9184
3706,神達,166,154,12,群益金鼎-台中,2024-12-06,9184
1528,恩德,13,2,11,群益金鼎-台中,2024-12-06,9184
1605,華新,15,4,11,群益金鼎-台中,2024-12-06,9184
1449,佳和,25,14,11,群益金鼎-台中,2024-12-06,9184
8028,昇陽半導體,16,5,11,群益金鼎-台中,2024-12-06,9184
00926,凱基全球菁英55,10,0,10,群益金鼎-台中,2024-12-06,9184
00753L,中信中國50正2,10,0,10,群益金鼎-台中,2024-12-06,9184
1102,亞泥,10,0,10,群益金鼎-台中,2024-12-06,9184
2535,達欣工,10,0,10,群益金鼎-台中,2024-12-06,9184
9105,泰金寶-DR,12,2,10,群益金鼎-台中,2024-12-06,9184
5457,宣德,18,8,10,群益金鼎-台中,2024-12-06,9184
0052,富邦科技,10,0,10,群益金鼎-台中,2024-12-06,9184
6558,興能高,74,65,9,群益金鼎-台中,2024-12-06,9184
2542,興富發,11,2,9,群益金鼎-台中,2024-12-06,9184
00713,元大台灣高息低波,9,0,9,群益金鼎-台中,2024-12-06,9184
2303,聯電,37,28,9,群益金鼎-台中,2024-12-06,9184
2882,國泰金,12,3,9,群益金鼎-台中,2024-12-06,9184
8069,元太,9,1,8,群益金鼎-台中,2024-12-06,9184
3019,亞光,12,4,8,群益金鼎-台中,2024-12-06,9184
00933B,國泰10Y+金融債,8,0,8,群益金鼎-台中,2024-12-06,9184
1319,東陽,12,4,8,群益金鼎-台中,2024-12-06,9184
2241,艾姆勒,8,0,8,群益金鼎-台中,2024-12-06,9184
2883,凱基金,16,8,8,群益金鼎-台中,2024-12-06,9184
00655L,國泰中國A50正2,8,0,8,群益金鼎-台中,2024-12-06,9184
4919,新唐,45,37,8,群益金鼎-台中,2024-12-06,9184
00953B,群益優選非投等債,178,0,178,群益金鼎-台中,2024-12-09,9184
00919,群益台灣精選高息,152,28,124,群益金鼎-台中,2024-12-09,9184
00918,大華優利高填息30,76,0,76,群益金鼎-台中,2024-12-09,9184
1722,台肥,72,6,66,群益金鼎-台中,2024-12-09,9184
2317,鴻海,63,5,58,群益金鼎-台中,2024-12-09,9184
00905,FT臺灣Smart,57,1,56,群益金鼎-台中,2024-12-09,9184
9105,泰金寶-DR,58,4,54,群益金鼎-台中,2024-12-09,9184
00642U,期元大S＆P石油,54,0,54,群益金鼎-台中,2024-12-09,9184
00924,復華S＆P500成長,50,0,50,群益金鼎-台中,2024-12-09,9184
00878,國泰永續高股息,49,0,49,群益金鼎-台中,2024-12-09,9184
2354,鴻準,98,57,41,群益金鼎-台中,2024-12-09,9184
00887,永豐中國科技50大,36,0,36,群益金鼎-台中,2024-12-09,9184
00915,凱基優選高股息30,36,0,36,群益金鼎-台中,2024-12-09,9184
8210,勤誠,31,1,30,群益金鼎-台中,2024-12-09,9184
00639,富邦深100,30,0,30,群益金鼎-台中,2024-12-09,9184
0056,元大高股息,41,13,28,群益金鼎-台中,2024-12-09,9184
3231,緯創,38,13,25,群益金鼎-台中,2024-12-09,9184
00715L,期街口布蘭特正2,21,0,21,群益金鼎-台中,2024-12-09,9184
00952,凱基台灣AI50,20,0,20,群益金鼎-台中,2024-12-09,9184
020027,元大上櫃ESG成長N,40,20,20,群益金鼎-台中,2024-12-09,9184
00671R,富邦NASDAQ反1,20,0,20,群益金鼎-台中,2024-12-09,9184
00930,永豐ESG低碳高息,23,3,20,群益金鼎-台中,2024-12-09,9184
2371,大同,20,1,19,群益金鼎-台中,2024-12-09,9184
2392,正崴,20,1,19,群益金鼎-台中,2024-12-09,9184
2495,普安,20,2,18,群益金鼎-台中,2024-12-09,9184
2312,金寶,30,12,18,群益金鼎-台中,2024-12-09,9184
2399,映泰,78,62,16,群益金鼎-台中,2024-12-09,9184
020039,元大加權N,16,0,16,群益金鼎-台中,2024-12-09,9184
6175,立敦,21,5,16,群益金鼎-台中,2024-12-09,9184
00713,元大台灣高息低波,15,0,15,群益金鼎-台中,2024-12-09,9184
00948B,中信優息投資級債,25,10,15,群益金鼎-台中,2024-12-09,9184
6235,華孚,14,0,14,群益金鼎-台中,2024-12-09,9184
1444,力麗,16,2,14,群益金鼎-台中,2024-12-09,9184
1785,光洋科,68,54,14,群益金鼎-台中,2024-12-09,9184
00850,元大臺灣ESG永續,15,1,14,群益金鼎-台中,2024-12-09,9184
2405,輔信,20,7,13,群益金鼎-台中,2024-12-09,9184
9945,潤泰新,12,0,12,群益金鼎-台中,2024-12-09,9184
6770,力積電,12,0,12,群益金鼎-台中,2024-12-09,9184
3062,建漢,12,0,12,群益金鼎-台中,2024-12-09,9184
9939,宏全,11,0,11,群益金鼎-台中,2024-12-09,9184
5907,大洋-KY,11,0,11,群益金鼎-台中,2024-12-09,9184
3706,神達,234,223,11,群益金鼎-台中,2024-12-09,9184
1216,統一,11,0,11,群益金鼎-台中,2024-12-09,9184
2352,佳世達,10,0,10,群益金鼎-台中,2024-12-09,9184
2449,京元電子,14,4,10,群益金鼎-台中,2024-12-09,9184
6190,萬泰科,10,0,10,群益金鼎-台中,2024-12-09,9184
1102,亞泥,50,40,10,群益金鼎-台中,2024-12-09,9184
4746,台耀,10,0,10,群益金鼎-台中,2024-12-09,9184
6603,富強鑫,11,1,10,群益金鼎-台中,2024-12-09,9184
6282,康舒,11,1,10,群益金鼎-台中,2024-12-09,9184
00953B,群益優選非投等債,160,0,160,群益金鼎-台中,2024-12-10,9184
3625,西勝,116,0,116,群益金鼎-台中,2024-12-10,9184
2801,彰銀,121,5,116,群益金鼎-台中,2024-12-10,9184
2888,新光金,100,3,97,群益金鼎-台中,2024-12-10,9184
00764B,群益25年美債,2760,2663,97,群益金鼎-台中,2024-12-10,9184
00919,群益台灣精選高息,99,7,92,群益金鼎-台中,2024-12-10,9184
00637L,元大滬深300正2,117,34,83,群益金鼎-台中,2024-12-10,9184
9105,泰金寶-DR,87,20,67,群益金鼎-台中,2024-12-10,9184
2887,台新金,60,1,59,群益金鼎-台中,2024-12-10,9184
00918,大華優利高填息30,78,23,55,群益金鼎-台中,2024-12-10,9184
2317,鴻海,52,3,49,群益金鼎-台中,2024-12-10,9184
00909,國泰數位支付服務,39,0,39,群益金鼎-台中,2024-12-10,9184
00937B,群益ESG投等債20,140,102,38,群益金鼎-台中,2024-12-10,9184
3024,憶聲,39,3,36,群益金鼎-台中,2024-12-10,9184
2353,宏��,44,11,33,群益金鼎-台中,2024-12-10,9184
00961,FT臺灣永續高息,30,0,30,群益金鼎-台中,2024-12-10,9184
1303,南亞,36,10,26,群益金鼎-台中,2024-12-10,9184
1815,富喬,93,69,24,群益金鼎-台中,2024-12-10,9184
00915,凱基優選高股息30,28,4,24,群益金鼎-台中,2024-12-10,9184
00910,第一金太空衛星,23,0,23,群益金鼎-台中,2024-12-10,9184
1234,黑松,20,0,20,群益金鼎-台中,2024-12-10,9184
020027,元大上櫃ESG成長N,40,20,20,群益金鼎-台中,2024-12-10,9184
00881,國泰台灣5G+,20,0,20,群益金鼎-台中,2024-12-10,9184
0056,元大高股息,19,0,19,群益金鼎-台中,2024-12-10,9184
00753L,中信中國50正2,27,11,16,群益金鼎-台中,2024-12-10,9184
00688L,國泰20年美債正2,16,0,16,群益金鼎-台中,2024-12-10,9184
8429,金麗-KY,16,0,16,群益金鼎-台中,2024-12-10,9184
00877,復華中國5G,15,0,15,群益金鼎-台中,2024-12-10,9184
2615,萬海,20,6,14,群益金鼎-台中,2024-12-10,9184
00948B,中信優息投資級債,14,0,14,群益金鼎-台中,2024-12-10,9184
4991,環宇-KY,16,2,14,群益金鼎-台中,2024-12-10,9184
00680L,元大美債20正2,13,0,13,群益金鼎-台中,2024-12-10,9184
1595,川寶,29,17,12,群益金鼎-台中,2024-12-10,9184
2027,大成鋼,12,0,12,群益金鼎-台中,2024-12-10,9184
2344,華邦電,12,0,12,群益金鼎-台中,2024-12-10,9184
8096,擎亞,20,8,12,群益金鼎-台中,2024-12-10,9184
2883,凱基金,11,0,11,群益金鼎-台中,2024-12-10,9184
00713,元大台灣高息低波,19,8,11,群益金鼎-台中,2024-12-10,9184
006208,富邦台50,12,1,11,群益金鼎-台中,2024-12-10,9184
8936,國統,11,0,11,群益金鼎-台中,2024-12-10,9184
2618,長榮航,22,11,11,群益金鼎-台中,2024-12-10,9184
2436,偉詮電,35,25,10,群益金鼎-台中,2024-12-10,9184
2356,英業達,12,2,10,群益金鼎-台中,2024-12-10,9184
00962,台新AI優息動能,10,0,10,群益金鼎-台中,2024-12-10,9184
00926,凱基全球菁英55,10,0,10,群益金鼎-台中,2024-12-10,9184
00664R,國泰臺灣加權反1,10,0,10,群益金鼎-台中,2024-12-10,9184
4979,華星光,72,62,10,群益金鼎-台中,2024-12-10,9184
3032,偉訓,13,4,9,群益金鼎-台中,2024-12-10,9184
1319,東陽,10,1,9,群益金鼎-台中,2024-12-10,9184
8111,立��,16,8,8,群益金鼎-台中,2024-12-10,9184
2313,華通,453,161,292,群益金鼎-台中,2024-12-11,9184
00953B,群益優選非投等債,240,14,226,群益金鼎-台中,2024-12-11,9184
00919,群益台灣精選高息,139,7,132,群益金鼎-台中,2024-12-11,9184
1326,台化,132,6,126,群益金鼎-台中,2024-12-11,9184
00713,元大台灣高息低波,86,0,86,群益金鼎-台中,2024-12-11,9184
9105,泰金寶-DR,67,3,64,群益金鼎-台中,2024-12-11,9184
3625,西勝,60,2,58,群益金鼎-台中,2024-12-11,9184
2344,華邦電,56,1,55,群益金鼎-台中,2024-12-11,9184
00918,大華優利高填息30,48,0,48,群益金鼎-台中,2024-12-11,9184
2617,台航,47,0,47,群益金鼎-台中,2024-12-11,9184
2303,聯電,47,4,43,群益金鼎-台中,2024-12-11,9184
00915,凱基優選高股息30,42,0,42,群益金鼎-台中,2024-12-11,9184
00637L,元大滬深300正2,53,11,42,群益金鼎-台中,2024-12-11,9184
5371,中光電,53,12,41,群益金鼎-台中,2024-12-11,9184
020027,元大上櫃ESG成長N,40,0,40,群益金鼎-台中,2024-12-11,9184
00893,國泰智能電動車,34,0,34,群益金鼎-台中,2024-12-11,9184
00764B,群益25年美債,2790,2760,30,群益金鼎-台中,2024-12-11,9184
2897,王道銀行,30,0,30,群益金鼎-台中,2024-12-11,9184
00675L,富邦臺灣加權正2,33,6,27,群益金鼎-台中,2024-12-11,9184
00687B,國泰20年美債,27,4,23,群益金鼎-台中,2024-12-11,9184
1722,台肥,51,28,23,群益金鼎-台中,2024-12-11,9184
2317,鴻海,36,15,21,群益金鼎-台中,2024-12-11,9184
6558,興能高,55,35,20,群益金鼎-台中,2024-12-11,9184
00940,元大台灣價值高息,26,6,20,群益金鼎-台中,2024-12-11,9184
2609,陽明,33,14,19,群益金鼎-台中,2024-12-11,9184
3032,偉訓,39,20,19,群益金鼎-台中,2024-12-11,9184
2002,中鋼,17,1,16,群益金鼎-台中,2024-12-11,9184
6509,聚和,19,3,16,群益金鼎-台中,2024-12-11,9184
00950B,凱基A級公司債,16,0,16,群益金鼎-台中,2024-12-11,9184
00909,國泰數位支付服務,17,1,16,群益金鼎-台中,2024-12-11,9184
6770,力積電,18,3,15,群益金鼎-台中,2024-12-11,9184
00948B,中信優息投資級債,17,2,15,群益金鼎-台中,2024-12-11,9184
1608,華榮,15,0,15,群益金鼎-台中,2024-12-11,9184
2413,環科,14,0,14,群益金鼎-台中,2024-12-11,9184
1220,台榮,14,0,14,群益金鼎-台中,2024-12-11,9184
0056,元大高股息,18,4,14,群益金鼎-台中,2024-12-11,9184
2886,兆豐金,15,2,13,群益金鼎-台中,2024-12-11,9184
00937B,群益ESG投等債20,25,12,13,群益金鼎-台中,2024-12-11,9184
1569,濱川,17,4,13,群益金鼎-台中,2024-12-11,9184
4931,新盛力,30,17,13,群益金鼎-台中,2024-12-11,9184
2312,金寶,22,10,12,群益金鼎-台中,2024-12-11,9184
5608,四維航,12,0,12,群益金鼎-台中,2024-12-11,9184
6282,康舒,15,3,12,群益金鼎-台中,2024-12-11,9184
6288,聯嘉,11,0,11,群益金鼎-台中,2024-12-11,9184
00938,凱基優選30,11,0,11,群益金鼎-台中,2024-12-11,9184
1449,佳和,40,29,11,群益金鼎-台中,2024-12-11,9184
3450,聯鈞,15,4,11,群益金鼎-台中,2024-12-11,9184
006208,富邦台50,13,2,11,群益金鼎-台中,2024-12-11,9184
00712,復華富時不動產,11,0,11,群益金鼎-台中,2024-12-11,9184
00690,兆豐藍籌30,10,0,10,群益金鼎-台中,2024-12-11,9184
00953B,群益優選非投等債,303,0,303,群益金鼎-台中,2024-12-12,9184
2883,凱基金,320,25,295,群益金鼎-台中,2024-12-12,9184
2313,華通,331,91,240,群益金鼎-台中,2024-12-12,9184
00664R,國泰臺灣加權反1,135,0,135,群益金鼎-台中,2024-12-12,9184
00942B,台新美A公司債20+,91,0,91,群益金鼎-台中,2024-12-12,9184
2104,國際中橡,63,0,63,群益金鼎-台中,2024-12-12,9184
00918,大華優利高填息30,63,2,61,群益金鼎-台中,2024-12-12,9184
1301,台塑,62,11,51,群益金鼎-台中,2024-12-12,9184
00712,復華富時不動產,50,6,44,群益金鼎-台中,2024-12-12,9184
00687B,國泰20年美債,59,16,43,群益金鼎-台中,2024-12-12,9184
2344,華邦電,49,6,43,群益金鼎-台中,2024-12-12,9184
00950B,凱基A級公司債,43,0,43,群益金鼎-台中,2024-12-12,9184
2897,王道銀行,40,0,40,群益金鼎-台中,2024-12-12,9184
00671R,富邦NASDAQ反1,40,0,40,群益金鼎-台中,2024-12-12,9184
00688L,國泰20年美債正2,45,7,38,群益金鼎-台中,2024-12-12,9184
00679B,元大美債20年,39,3,36,群益金鼎-台中,2024-12-12,9184
2303,聯電,101,71,30,群益金鼎-台中,2024-12-12,9184
00945B,凱基美國非投等債,30,0,30,群益金鼎-台中,2024-12-12,9184
2883B,凱基金乙特,30,0,30,群益金鼎-台中,2024-12-12,9184
3706,神達,111,86,25,群益金鼎-台中,2024-12-12,9184
00676R,富邦臺灣加權反1,25,0,25,群益金鼎-台中,2024-12-12,9184
2801,彰銀,25,2,23,群益金鼎-台中,2024-12-12,9184
2371,大同,21,0,21,群益金鼎-台中,2024-12-12,9184
8111,立��,48,28,20,群益金鼎-台中,2024-12-12,9184
3625,西勝,30,10,20,群益金鼎-台中,2024-12-12,9184
5328,華容,23,3,20,群益金鼎-台中,2024-12-12,9184
2312,金寶,41,22,19,群益金鼎-台中,2024-12-12,9184
00753L,中信中國50正2,38,20,18,群益金鼎-台中,2024-12-12,9184
00915,凱基優選高股息30,25,7,18,群益金鼎-台中,2024-12-12,9184
2317,鴻海,22,5,17,群益金鼎-台中,2024-12-12,9184
00907,永豐優息存股,16,0,16,群益金鼎-台中,2024-12-12,9184
00764B,群益25年美債,2815,2800,15,群益金鼎-台中,2024-12-12,9184
00655L,國泰中國A50正2,15,0,15,群益金鼎-台中,2024-12-12,9184
2349,錸德,14,0,14,群益金鼎-台中,2024-12-12,9184
2449,京元電子,22,9,13,群益金鼎-台中,2024-12-12,9184
4566,時碩工業,13,0,13,群益金鼎-台中,2024-12-12,9184
2374,佳能,30,18,12,群益金鼎-台中,2024-12-12,9184
2392,正崴,20,8,12,群益金鼎-台中,2024-12-12,9184
00751B,元大AAA至A公司債,12,0,12,群益金鼎-台中,2024-12-12,9184
2887,台新金,11,0,11,群益金鼎-台中,2024-12-12,9184
00795B,中信美國公債20年,11,0,11,群益金鼎-台中,2024-12-12,9184
2468,華經,36,25,11,群益金鼎-台中,2024-12-12,9184
1524,耿鼎,38,28,10,群益金鼎-台中,2024-12-12,9184
00910,第一金太空衛星,10,0,10,群益金鼎-台中,2024-12-12,9184
8050,廣積,10,0,10,群益金鼎-台中,2024-12-12,9184
8028,昇陽半導體,17,7,10,群益金鼎-台中,2024-12-12,9184
1402,遠東新,10,0,10,群益金鼎-台中,2024-12-12,9184
00681R,元大美債20反1,10,0,10,群益金鼎-台中,2024-12-12,9184
2453,凌群,23,13,10,群益金鼎-台中,2024-12-12,9184
2464,盟立,20,10,10,群益金鼎-台中,2024-12-12,9184
00930,永豐ESG低碳高息,210,2,208,群益金鼎-台中,2024-12-13,9184
00918,大華優利高填息30,146,0,146,群益金鼎-台中,2024-12-13,9184
00937B,群益ESG投等債20,174,51,123,群益金鼎-台中,2024-12-13,9184
00919,群益台灣精選高息,132,15,117,群益金鼎-台中,2024-12-13,9184
2888,新光金,100,0,100,群益金鼎-台中,2024-12-13,9184
00713,元大台灣高息低波,89,0,89,群益金鼎-台中,2024-12-13,9184
00687B,國泰20年美債,88,0,88,群益金鼎-台中,2024-12-13,9184
00715L,期街口布蘭特正2,100,14,86,群益金鼎-台中,2024-12-13,9184
6505,台塑化,68,0,68,群益金鼎-台中,2024-12-13,9184
00680L,元大美債20正2,67,0,67,群益金鼎-台中,2024-12-13,9184
2353,宏��,67,3,64,群益金鼎-台中,2024-12-13,9184
00679B,元大美債20年,62,0,62,群益金鼎-台中,2024-12-13,9184
1326,台化,62,3,59,群益金鼎-台中,2024-12-13,9184
00961,FT臺灣永續高息,50,0,50,群益金鼎-台中,2024-12-13,9184
2617,台航,47,1,46,群益金鼎-台中,2024-12-13,9184
00950B,凱基A級公司債,41,0,41,群益金鼎-台中,2024-12-13,9184
2104,國際中橡,45,9,36,群益金鼎-台中,2024-12-13,9184
00662,富邦NASDAQ,33,0,33,群益金鼎-台中,2024-12-13,9184
3481,群創,35,3,32,群益金鼎-台中,2024-12-13,9184
00915,凱基優選高股息30,31,0,31,群益金鼎-台中,2024-12-13,9184
00725B,國泰投資級公司債,31,0,31,群益金鼎-台中,2024-12-13,9184
2371,大同,37,6,31,群益金鼎-台中,2024-12-13,9184
2250,IKKA-KY,30,0,30,群益金鼎-台中,2024-12-13,9184
00642U,期元大S＆P石油,30,0,30,群益金鼎-台中,2024-12-13,9184
2897,王道銀行,30,0,30,群益金鼎-台中,2024-12-13,9184
6443,元晶,30,1,29,群益金鼎-台中,2024-12-13,9184
4991,環宇-KY,46,18,28,群益金鼎-台中,2024-12-13,9184
00637L,元大滬深300正2,29,3,26,群益金鼎-台中,2024-12-13,9184
00720B,元大投資級公司債,25,0,25,群益金鼎-台中,2024-12-13,9184
00948B,中信優息投資級債,24,1,23,群益金鼎-台中,2024-12-13,9184
2883,凱基金,23,1,22,群益金鼎-台中,2024-12-13,9184
00751B,元大AAA至A公司債,20,0,20,群益金鼎-台中,2024-12-13,9184
2836,高雄銀,20,0,20,群益金鼎-台中,2024-12-13,9184
00688L,國泰20年美債正2,20,1,19,群益金鼎-台中,2024-12-13,9184
2880,華南金,20,1,19,群益金鼎-台中,2024-12-13,9184
1303,南亞,48,29,19,群益金鼎-台中,2024-12-13,9184
00926,凱基全球菁英55,43,25,18,群益金鼎-台中,2024-12-13,9184
00933B,國泰10Y+金融債,18,0,18,群益金鼎-台中,2024-12-13,9184
2337,旺宏,16,0,16,群益金鼎-台中,2024-12-13,9184
6108,競國,16,0,16,群益金鼎-台中,2024-12-13,9184
1314,中石化,15,0,15,群益金鼎-台中,2024-12-13,9184
00945B,凱基美國非投等債,14,0,14,群益金鼎-台中,2024-12-13,9184
2029,盛餘,14,0,14,群益金鼎-台中,2024-12-13,9184
00907,永豐優息存股,14,0,14,群益金鼎-台中,2024-12-13,9184
00878,國泰永續高股息,14,0,14,群益金鼎-台中,2024-12-13,9184
1815,富喬,31,18,13,群益金鼎-台中,2024-12-13,9184
2615,萬海,26,14,12,群益金鼎-台中,2024-12-13,9184
3037,欣興,22,11,11,群益金鼎-台中,2024-12-13,9184
0056,元大高股息,32,21,11,群益金鼎-台中,2024-12-13,9184
00969B,元大零息超長美債,11,0,11,群益金鼎-台中,2024-12-13,9184
00937B,群益ESG投等債20,362,30,332,群益金鼎-台中,2024-12-16,9184
00918,大華優利高填息30,263,0,263,群益金鼎-台中,2024-12-16,9184
1722,台肥,234,58,176,群益金鼎-台中,2024-12-16,9184
2609,陽明,138,23,115,群益金鼎-台中,2024-12-16,9184
2867,三商壽,80,2,78,群益金鼎-台中,2024-12-16,9184
00919,群益台灣精選高息,89,15,74,群益金鼎-台中,2024-12-16,9184
00680L,元大美債20正2,78,4,74,群益金鼎-台中,2024-12-16,9184
00915,凱基優選高股息30,74,3,71,群益金鼎-台中,2024-12-16,9184
2029,盛餘,66,0,66,群益金鼎-台中,2024-12-16,9184
2617,台航,57,0,57,群益金鼎-台中,2024-12-16,9184
00725B,國泰投資級公司債,46,0,46,群益金鼎-台中,2024-12-16,9184
0056,元大高股息,48,3,45,群益金鼎-台中,2024-12-16,9184
020027,元大上櫃ESG成長N,160,120,40,群益金鼎-台中,2024-12-16,9184
00953B,群益優選非投等債,40,0,40,群益金鼎-台中,2024-12-16,9184
00688L,國泰20年美債正2,42,2,40,群益金鼎-台中,2024-12-16,9184
00713,元大台灣高息低波,38,3,35,群益金鼎-台中,2024-12-16,9184
00950B,凱基A級公司債,31,0,31,群益金鼎-台中,2024-12-16,9184
2317,鴻海,52,21,31,群益金鼎-台中,2024-12-16,9184
00687B,國泰20年美債,89,60,29,群益金鼎-台中,2024-12-16,9184
00933B,國泰10Y+金融債,29,0,29,群益金鼎-台中,2024-12-16,9184
00751B,元大AAA至A公司債,28,0,28,群益金鼎-台中,2024-12-16,9184
00924,復華S＆P500成長,28,0,28,群益金鼎-台中,2024-12-16,9184
00720B,元大投資級公司債,33,6,27,群益金鼎-台中,2024-12-16,9184
00712,復華富時不動產,40,14,26,群益金鼎-台中,2024-12-16,9184
00881,國泰台灣5G+,22,0,22,群益金鼎-台中,2024-12-16,9184
2355,敬鵬,20,0,20,群益金鼎-台中,2024-12-16,9184
2883,凱基金,30,10,20,群益金鼎-台中,2024-12-16,9184
00706L,期元大S＆P日圓正2,20,0,20,群益金鼎-台中,2024-12-16,9184
1473,台南,18,0,18,群益金鼎-台中,2024-12-16,9184
00945B,凱基美國非投等債,17,0,17,群益金鼎-台中,2024-12-16,9184
1220,台榮,16,0,16,群益金鼎-台中,2024-12-16,9184
00900,富邦特選高股息30,16,0,16,群益金鼎-台中,2024-12-16,9184
2612,中航,15,0,15,群益金鼎-台中,2024-12-16,9184
00940,元大台灣價值高息,27,13,14,群益金鼎-台中,2024-12-16,9184
8932,智通*,14,0,14,群益金鼎-台中,2024-12-16,9184
3447,展達,17,3,14,群益金鼎-台中,2024-12-16,9184
00795B,中信美國公債20年,14,0,14,群益金鼎-台中,2024-12-16,9184
1313,聯成,13,1,12,群益金鼎-台中,2024-12-16,9184
1522,堤維西,13,1,12,群益金鼎-台中,2024-12-16,9184
00637L,元大滬深300正2,12,0,12,群益金鼎-台中,2024-12-16,9184
6214,精誠,12,1,11,群益金鼎-台中,2024-12-16,9184
1414,東和,11,0,11,群益金鼎-台中,2024-12-16,9184
00957B,兆豐US優選投等債,10,0,10,群益金鼎-台中,2024-12-16,9184
00671R,富邦NASDAQ反1,10,0,10,群益金鼎-台中,2024-12-16,9184
3062,建漢,10,0,10,群益金鼎-台中,2024-12-16,9184
2431,聯昌,10,0,10,群益金鼎-台中,2024-12-16,9184
2002,中鋼,25,16,9,群益金鼎-台中,2024-12-16,9184
2486,一詮,15,6,9,群益金鼎-台中,2024-12-16,9184
2356,英業達,9,0,9,群益金鼎-台中,2024-12-16,9184
6558,興能高,34,25,9,群益金鼎-台中,2024-12-16,9184
2609,陽明,272,76,196,群益金鼎-台中,2024-12-17,9184
00937B,群益ESG投等債20,347,201,146,群益金鼎-台中,2024-12-17,9184
00918,大華優利高填息30,137,0,137,群益金鼎-台中,2024-12-17,9184
1460,宏遠,60,0,60,群益金鼎-台中,2024-12-17,9184
00665L,富邦�琤肭磪囓�2,58,0,58,群益金鼎-台中,2024-12-17,9184
6214,精誠,64,10,54,群益金鼎-台中,2024-12-17,9184
00713,元大台灣高息低波,54,0,54,群益金鼎-台中,2024-12-17,9184
00712,復華富時不動產,55,2,53,群益金鼎-台中,2024-12-17,9184
2912,統一超,47,0,47,群益金鼎-台中,2024-12-17,9184
3481,群創,51,4,47,群益金鼎-台中,2024-12-17,9184
2618,長榮航,57,11,46,群益金鼎-台中,2024-12-17,9184
00915,凱基優選高股息30,42,0,42,群益金鼎-台中,2024-12-17,9184
2002,中鋼,42,1,41,群益金鼎-台中,2024-12-17,9184
00671R,富邦NASDAQ反1,40,0,40,群益金鼎-台中,2024-12-17,9184
00720B,元大投資級公司債,77,50,27,群益金鼎-台中,2024-12-17,9184
2303,聯電,147,123,24,群益金鼎-台中,2024-12-17,9184
00679B,元大美債20年,21,0,21,群益金鼎-台中,2024-12-17,9184
2867,三商壽,20,0,20,群益金鼎-台中,2024-12-17,9184
1449,佳和,20,0,20,群益金鼎-台中,2024-12-17,9184
00958B,永豐ESG銀行債15,20,0,20,群益金鼎-台中,2024-12-17,9184
00687B,國泰20年美債,21,1,20,群益金鼎-台中,2024-12-17,9184
2801,彰銀,25,6,19,群益金鼎-台中,2024-12-17,9184
9945,潤泰新,24,8,16,群益金鼎-台中,2024-12-17,9184
2883,凱基金,23,8,15,群益金鼎-台中,2024-12-17,9184
0056,元大高股息,14,0,14,群益金鼎-台中,2024-12-17,9184
2408,南亞科,19,5,14,群益金鼎-台中,2024-12-17,9184
6215,和椿,49,36,13,群益金鼎-台中,2024-12-17,9184
1440,南紡,13,0,13,群益金鼎-台中,2024-12-17,9184
8111,立��,32,19,13,群益金鼎-台中,2024-12-17,9184
00662,富邦NASDAQ,13,0,13,群益金鼎-台中,2024-12-17,9184
00909,國泰數位支付服務,13,0,13,群益金鼎-台中,2024-12-17,9184
00950B,凱基A級公司債,12,0,12,群益金鼎-台中,2024-12-17,9184
00753L,中信中國50正2,12,0,12,群益金鼎-台中,2024-12-17,9184
2882,國泰金,13,1,12,群益金鼎-台中,2024-12-17,9184
5880,合庫金,12,1,11,群益金鼎-台中,2024-12-17,9184
8374,羅昇,236,225,11,群益金鼎-台中,2024-12-17,9184
2312,金寶,13,2,11,群益金鼎-台中,2024-12-17,9184
1216,統一,10,0,10,群益金鼎-台中,2024-12-17,9184
00945B,凱基美國非投等債,10,0,10,群益金鼎-台中,2024-12-17,9184
2897,王道銀行,10,0,10,群益金鼎-台中,2024-12-17,9184
2409,友達,10,0,10,群益金鼎-台中,2024-12-17,9184
2836,高雄銀,10,0,10,群益金鼎-台中,2024-12-17,9184
2834,臺企銀,10,0,10,群益金鼎-台中,2024-12-17,9184
9933,中鼎,9,0,9,群益金鼎-台中,2024-12-17,9184
8261,富鼎,9,0,9,群益金鼎-台中,2024-12-17,9184
1305,華夏,10,1,9,群益金鼎-台中,2024-12-17,9184
4743,合一,10,1,9,群益金鼎-台中,2024-12-17,9184
4555,氣立,9,0,9,群益金鼎-台中,2024-12-17,9184
1736,喬山,8,0,8,群益金鼎-台中,2024-12-17,9184
1301,台塑,8,0,8,群益金鼎-台中,2024-12-17,9184
00937B,群益ESG投等債20,117,0,117,群益金鼎-台中,2024-12-18,9184
00950B,凱基A級公司債,107,0,107,群益金鼎-台中,2024-12-18,9184
00924,復華S＆P500成長,81,0,81,群益金鼎-台中,2024-12-18,9184
00918,大華優利高填息30,76,1,75,群益金鼎-台中,2024-12-18,9184
00688L,國泰20年美債正2,50,0,50,群益金鼎-台中,2024-12-18,9184
3481,群創,52,4,48,群益金鼎-台中,2024-12-18,9184
00712,復華富時不動產,44,0,44,群益金鼎-台中,2024-12-18,9184
4906,正文,37,2,35,群益金鼎-台中,2024-12-18,9184
00915,凱基優選高股息30,32,0,32,群益金鼎-台中,2024-12-18,9184
1722,台肥,27,0,27,群益金鼎-台中,2024-12-18,9184
2501,國建,27,0,27,群益金鼎-台中,2024-12-18,9184
4533,協易機,28,5,23,群益金鼎-台中,2024-12-18,9184
00953B,群益優選非投等債,22,0,22,群益金鼎-台中,2024-12-18,9184
1314,中石化,16,0,16,群益金鼎-台中,2024-12-18,9184
8249,菱光,52,36,16,群益金鼎-台中,2024-12-18,9184
00713,元大台灣高息低波,16,1,15,群益金鼎-台中,2024-12-18,9184
2392,正崴,21,6,15,群益金鼎-台中,2024-12-18,9184
2352,佳世達,17,2,15,群益金鼎-台中,2024-12-18,9184
00665L,富邦�琤肭磪囓�2,15,0,15,群益金鼎-台中,2024-12-18,9184
3706,神達,57,43,14,群益金鼎-台中,2024-12-18,9184
2354,鴻準,18,5,13,群益金鼎-台中,2024-12-18,9184
00725B,國泰投資級公司債,12,0,12,群益金鼎-台中,2024-12-18,9184
00878,國泰永續高股息,12,1,11,群益金鼎-台中,2024-12-18,9184
6962,ITH-KY,22,11,11,群益金鼎-台中,2024-12-18,9184
2408,南亞科,32,21,11,群益金鼎-台中,2024-12-18,9184
00673R,期元大S＆P原油反1,10,0,10,群益金鼎-台中,2024-12-18,9184
1442,名軒,11,1,10,群益金鼎-台中,2024-12-18,9184
2029,盛餘,10,0,10,群益金鼎-台中,2024-12-18,9184
2883B,凱基金乙特,10,0,10,群益金鼎-台中,2024-12-18,9184
00706L,期元大S＆P日圓正2,10,0,10,群益金鼎-台中,2024-12-18,9184
2886,兆豐金,9,0,9,群益金鼎-台中,2024-12-18,9184
5531,鄉林,9,0,9,群益金鼎-台中,2024-12-18,9184
2637,慧洋-KY,10,1,9,群益金鼎-台中,2024-12-18,9184
2393,億光,15,6,9,群益金鼎-台中,2024-12-18,9184
4576,大銀微系統,33,24,9,群益金鼎-台中,2024-12-18,9184
2062,橋椿,12,4,8,群益金鼎-台中,2024-12-18,9184
2615,萬海,9,1,8,群益金鼎-台中,2024-12-18,9184
00926,凱基全球菁英55,8,0,8,群益金鼎-台中,2024-12-18,9184
0056,元大高股息,8,0,8,群益金鼎-台中,2024-12-18,9184
1301,台塑,9,1,8,群益金鼎-台中,2024-12-18,9184
6215,和椿,17,10,7,群益金鼎-台中,2024-12-18,9184
1440,南紡,7,0,7,群益金鼎-台中,2024-12-18,9184
2739,寒舍,10,3,7,群益金鼎-台中,2024-12-18,9184
8016,矽創,8,1,7,群益金鼎-台中,2024-12-18,9184
2891,中信金,9,2,7,群益金鼎-台中,2024-12-18,9184
2359,所羅門,53,46,7,群益金鼎-台中,2024-12-18,9184
3211,順達,129,123,6,群益金鼎-台中,2024-12-18,9184
8028,昇陽半導體,16,10,6,群益金鼎-台中,2024-12-18,9184
2617,台航,6,0,6,群益金鼎-台中,2024-12-18,9184
2884,玉山金,6,0,6,群益金鼎-台中,2024-12-18,9184
00919,群益台灣精選高息,383,38,345,群益金鼎-台中,2024-12-19,9184
00680L,元大美債20正2,298,20,278,群益金鼎-台中,2024-12-19,9184
00937B,群益ESG投等債20,372,103,269,群益金鼎-台中,2024-12-19,9184
1722,台肥,135,1,134,群益金鼎-台中,2024-12-19,9184
9105,泰金寶-DR,169,43,126,群益金鼎-台中,2024-12-19,9184
00924,復華S＆P500成長,115,0,115,群益金鼎-台中,2024-12-19,9184
00720B,元大投資級公司債,101,10,91,群益金鼎-台中,2024-12-19,9184
00712,復華富時不動產,68,4,64,群益金鼎-台中,2024-12-19,9184
00688L,國泰20年美債正2,78,15,63,群益金鼎-台中,2024-12-19,9184
1102,亞泥,57,0,57,群益金鼎-台中,2024-12-19,9184
2618,長榮航,54,1,53,群益金鼎-台中,2024-12-19,9184
2317,鴻海,69,20,49,群益金鼎-台中,2024-12-19,9184
00918,大華優利高填息30,78,30,48,群益金鼎-台中,2024-12-19,9184
2617,台航,44,0,44,群益金鼎-台中,2024-12-19,9184
2330,台積電,58,17,41,群益金鼎-台中,2024-12-19,9184
00948B,中信優息投資級債,41,0,41,群益金鼎-台中,2024-12-19,9184
00725B,國泰投資級公司債,41,0,41,群益金鼎-台中,2024-12-19,9184
5880,合庫金,40,0,40,群益金鼎-台中,2024-12-19,9184
00795B,中信美國公債20年,40,0,40,群益金鼎-台中,2024-12-19,9184
00950B,凱基A級公司債,39,0,39,群益金鼎-台中,2024-12-19,9184
00713,元大台灣高息低波,37,1,36,群益金鼎-台中,2024-12-19,9184
6770,力積電,40,7,33,群益金鼎-台中,2024-12-19,9184
2367,燿華,33,0,33,群益金鼎-台中,2024-12-19,9184
00679B,元大美債20年,34,1,33,群益金鼎-台中,2024-12-19,9184
2897,王道銀行,32,0,32,群益金鼎-台中,2024-12-19,9184
2883,凱基金,31,0,31,群益金鼎-台中,2024-12-19,9184
00970B,新光BBB投等債20,41,10,31,群益金鼎-台中,2024-12-19,9184
00751B,元大AAA至A公司債,30,0,30,群益金鼎-台中,2024-12-19,9184
0056,元大高股息,26,2,24,群益金鼎-台中,2024-12-19,9184
3481,群創,29,5,24,群益金鼎-台中,2024-12-19,9184
00953B,群益優選非投等債,224,200,24,群益金鼎-台中,2024-12-19,9184
00933B,國泰10Y+金融債,23,0,23,群益金鼎-台中,2024-12-19,9184
4931,新盛力,118,95,23,群益金鼎-台中,2024-12-19,9184
00966B,統一ESG投等債15,21,0,21,群益金鼎-台中,2024-12-19,9184
00878,國泰永續高股息,25,4,21,群益金鼎-台中,2024-12-19,9184
2836,高雄銀,20,0,20,群益金鼎-台中,2024-12-19,9184
2022,聚亨,20,0,20,群益金鼎-台中,2024-12-19,9184
1326,台化,18,0,18,群益金鼎-台中,2024-12-19,9184
006208,富邦台50,19,1,18,群益金鼎-台中,2024-12-19,9184
00926,凱基全球菁英55,19,2,17,群益金鼎-台中,2024-12-19,9184
8249,菱光,27,11,16,群益金鼎-台中,2024-12-19,9184
00757,統一FANG+,20,5,15,群益金鼎-台中,2024-12-19,9184
00915,凱基優選高股息30,16,1,15,群益金鼎-台中,2024-12-19,9184
2887,台新金,13,0,13,群益金鼎-台中,2024-12-19,9184
00675L,富邦臺灣加權正2,13,1,12,群益金鼎-台中,2024-12-19,9184
00706L,期元大S＆P日圓正2,12,0,12,群益金鼎-台中,2024-12-19,9184
2303,聯電,29,17,12,群益金鼎-台中,2024-12-19,9184
2891,中信金,12,1,11,群益金鼎-台中,2024-12-19,9184
1314,中石化,11,0,11,群益金鼎-台中,2024-12-19,9184
00646,元大S＆P500,10,0,10,群益金鼎-台中,2024-12-19,9184
