Ticker,Name,buy,sell,diff,Branch,Date,Branch_Code
00651R,復華香港反1,270,0,270,群益金鼎-三民,2023-01-03,9188
00632R,元大台灣50反1,575,330,245,群益金鼎-三民,2023-01-03,9188
9105,泰金寶-DR,117,0,117,群益金鼎-三民,2023-01-03,9188
00885,富邦越南,107,15,92,群益金鼎-三民,2023-01-03,9188
2609,陽明,85,26,59,群益金鼎-三民,2023-01-03,9188
6666,羅麗芬-KY,32,0,32,群益金鼎-三民,2023-01-03,9188
1605,華新,44,14,30,群益金鼎-三民,2023-01-03,9188
00878,國泰永續高股息,29,1,28,群益金鼎-三民,2023-01-03,9188
1514,亞力,32,4,28,群益金鼎-三民,2023-01-03,9188
2880,華南金,23,0,23,群益金鼎-三民,2023-01-03,9188
2317,鴻海,25,3,22,群益金鼎-三民,2023-01-03,9188
1609,大亞,20,1,19,群益金鼎-三民,2023-01-03,9188
6142,友勁,19,0,19,群益金鼎-三民,2023-01-03,9188
2890,永豐金,17,0,17,群益金鼎-三民,2023-01-03,9188
4167,松瑞藥,60,44,16,群益金鼎-三民,2023-01-03,9188
2812,台中銀,15,0,15,群益金鼎-三民,2023-01-03,9188
4162,智擎,18,5,13,群益金鼎-三民,2023-01-03,9188
00902,中信電池及儲能,12,0,12,群益金鼎-三民,2023-01-03,9188
2388,威盛,17,5,12,群益金鼎-三民,2023-01-03,9188
6182,合晶,13,2,11,群益金鼎-三民,2023-01-03,9188
1529,樂事綠能,15,4,11,群益金鼎-三民,2023-01-03,9188
4114,健喬,42,31,11,群益金鼎-三民,2023-01-03,9188
4743,合一,16,6,10,群益金鼎-三民,2023-01-03,9188
2634,漢翔,11,1,10,群益金鼎-三民,2023-01-03,9188
2867,三商壽,10,0,10,群益金鼎-三民,2023-01-03,9188
2028,威致,10,1,9,群益金鼎-三民,2023-01-03,9188
9802,鈺齊-KY,10,1,9,群益金鼎-三民,2023-01-03,9188
2520,冠德,8,0,8,群益金鼎-三民,2023-01-03,9188
8299,群聯,8,0,8,群益金鼎-三民,2023-01-03,9188
2892,第一金,17,10,7,群益金鼎-三民,2023-01-03,9188
00772B,中信高評級公司債,7,0,7,群益金鼎-三民,2023-01-03,9188
4111,濟生,11,4,7,群益金鼎-三民,2023-01-03,9188
2615,萬海,13,7,6,群益金鼎-三民,2023-01-03,9188
6244,茂迪,11,5,6,群益金鼎-三民,2023-01-03,9188
2033,佳大,6,0,6,群益金鼎-三民,2023-01-03,9188
3033,威健,6,0,6,群益金鼎-三民,2023-01-03,9188
1802,台玻,25,20,5,群益金鼎-三民,2023-01-03,9188
3264,欣銓,5,0,5,群益金鼎-三民,2023-01-03,9188
2342,茂矽,5,0,5,群益金鼎-三民,2023-01-03,9188
2929,淘帝-KY,5,0,5,群益金鼎-三民,2023-01-03,9188
2897,王道銀行,5,0,5,群益金鼎-三民,2023-01-03,9188
2367,燿華,5,0,5,群益金鼎-三民,2023-01-03,9188
8938,明安,5,0,5,群益金鼎-三民,2023-01-03,9188
6217,中探針,5,0,5,群益金鼎-三民,2023-01-03,9188
4915,致伸,5,0,5,群益金鼎-三民,2023-01-03,9188
2495,普安,5,0,5,群益金鼎-三民,2023-01-03,9188
8289,泰藝,5,0,5,群益金鼎-三民,2023-01-03,9188
2498,宏達電,22,17,5,群益金鼎-三民,2023-01-03,9188
2330,台積電,6,2,4,群益金鼎-三民,2023-01-03,9188
4746,台耀,4,0,4,群益金鼎-三民,2023-01-03,9188
2610,華航,164,0,164,群益金鼎-三民,2023-01-04,9188
1217,愛之味,110,0,110,群益金鼎-三民,2023-01-04,9188
00885,富邦越南,101,12,89,群益金鼎-三民,2023-01-04,9188
2349,錸德,50,0,50,群益金鼎-三民,2023-01-04,9188
00900,富邦特選高股息30,41,5,36,群益金鼎-三民,2023-01-04,9188
1909,榮成,28,1,27,群益金鼎-三民,2023-01-04,9188
6517,保勝光學,27,0,27,群益金鼎-三民,2023-01-04,9188
3047,訊舟,23,0,23,群益金鼎-三民,2023-01-04,9188
2637,慧洋-KY,23,3,20,群益金鼎-三民,2023-01-04,9188
2884,玉山金,19,0,19,群益金鼎-三民,2023-01-04,9188
00679B,元大美債20年,15,0,15,群益金鼎-三民,2023-01-04,9188
2883,凱基金,270,256,14,群益金鼎-三民,2023-01-04,9188
8069,元太,59,45,14,群益金鼎-三民,2023-01-04,9188
2317,鴻海,21,7,14,群益金鼎-三民,2023-01-04,9188
00902,中信電池及儲能,13,0,13,群益金鼎-三民,2023-01-04,9188
6443,元晶,34,23,11,群益金鼎-三民,2023-01-04,9188
6781,AES-KY,11,1,10,群益金鼎-三民,2023-01-04,9188
2368,金像電,16,6,10,群益金鼎-三民,2023-01-04,9188
1524,耿鼎,10,0,10,群益金鼎-三民,2023-01-04,9188
2495,普安,10,0,10,群益金鼎-三民,2023-01-04,9188
3576,聯合再生,13,3,10,群益金鼎-三民,2023-01-04,9188
3481,群創,10,1,9,群益金鼎-三民,2023-01-04,9188
3149,正達,9,0,9,群益金鼎-三民,2023-01-04,9188
4906,正文,8,0,8,群益金鼎-三民,2023-01-04,9188
2002,中鋼,8,0,8,群益金鼎-三民,2023-01-04,9188
4763,材料-KY,103,95,8,群益金鼎-三民,2023-01-04,9188
1760,寶齡富錦,7,0,7,群益金鼎-三民,2023-01-04,9188
2007,燁興,7,0,7,群益金鼎-三民,2023-01-04,9188
00715L,期街口布蘭特正2,7,0,7,群益金鼎-三民,2023-01-04,9188
6118,建達,48,41,7,群益金鼎-三民,2023-01-04,9188
00650L,復華香港正2,6,0,6,群益金鼎-三民,2023-01-04,9188
2359,所羅門,7,1,6,群益金鼎-三民,2023-01-04,9188
3432,台端,6,0,6,群益金鼎-三民,2023-01-04,9188
4968,立積,10,4,6,群益金鼎-三民,2023-01-04,9188
6248,沛波,6,0,6,群益金鼎-三民,2023-01-04,9188
6533,晶心科,10,4,6,群益金鼎-三民,2023-01-04,9188
3062,建漢,5,0,5,群益金鼎-三民,2023-01-04,9188
6695,芯鼎,5,0,5,群益金鼎-三民,2023-01-04,9188
00706L,期元大S＆P日圓正2,5,0,5,群益金鼎-三民,2023-01-04,9188
8927,北基,5,0,5,群益金鼎-三民,2023-01-04,9188
00642U,期元大S＆P石油,5,0,5,群益金鼎-三民,2023-01-04,9188
2406,國碩,5,0,5,群益金鼎-三民,2023-01-04,9188
5607,遠雄港,5,0,5,群益金鼎-三民,2023-01-04,9188
00641R,富邦日本反1,5,0,5,群益金鼎-三民,2023-01-04,9188
3702,大聯大,5,0,5,群益金鼎-三民,2023-01-04,9188
8050,廣積,5,0,5,群益金鼎-三民,2023-01-04,9188
2603,長榮,7,3,4,群益金鼎-三民,2023-01-04,9188
8046,南電,16,12,4,群益金鼎-三民,2023-01-04,9188
8996,高力,15,11,4,群益金鼎-三民,2023-01-04,9188
3380,明泰,4,0,4,群益金鼎-三民,2023-01-04,9188
6005,群益證,90,0,90,群益金鼎-三民,2023-01-05,9188
1513,中興電,87,48,39,群益金鼎-三民,2023-01-05,9188
5009,榮剛,43,6,37,群益金鼎-三民,2023-01-05,9188
2317,鴻海,35,0,35,群益金鼎-三民,2023-01-05,9188
00882,中信中國高股息,63,30,33,群益金鼎-三民,2023-01-05,9188
00632R,元大台灣50反1,40,15,25,群益金鼎-三民,2023-01-05,9188
1444,力麗,31,7,24,群益金鼎-三民,2023-01-05,9188
00631L,元大台灣50正2,24,1,23,群益金鼎-三民,2023-01-05,9188
1519,華城,31,8,23,群益金鼎-三民,2023-01-05,9188
2338,光罩,24,3,21,群益金鼎-三民,2023-01-05,9188
2409,友達,20,0,20,群益金鼎-三民,2023-01-05,9188
8033,雷虎,36,17,19,群益金鼎-三民,2023-01-05,9188
2609,陽明,26,8,18,群益金鼎-三民,2023-01-05,9188
6111,大宇資,23,6,17,群益金鼎-三民,2023-01-05,9188
00885,富邦越南,17,0,17,群益金鼎-三民,2023-01-05,9188
00715L,期街口布蘭特正2,17,0,17,群益金鼎-三民,2023-01-05,9188
6244,茂迪,18,1,17,群益金鼎-三民,2023-01-05,9188
3625,西勝,17,0,17,群益金鼎-三民,2023-01-05,9188
8069,元太,28,13,15,群益金鼎-三民,2023-01-05,9188
3693,營邦,21,6,15,群益金鼎-三民,2023-01-05,9188
2376,技嘉,96,81,15,群益金鼎-三民,2023-01-05,9188
2313,華通,20,6,14,群益金鼎-三民,2023-01-05,9188
5425,台半,14,0,14,群益金鼎-三民,2023-01-05,9188
5351,鈺創,31,17,14,群益金鼎-三民,2023-01-05,9188
4743,合一,15,2,13,群益金鼎-三民,2023-01-05,9188
8046,南電,30,19,11,群益金鼎-三民,2023-01-05,9188
2892,第一金,12,1,11,群益金鼎-三民,2023-01-05,9188
2482,連宇,10,0,10,群益金鼎-三民,2023-01-05,9188
8928,鉅明,10,0,10,群益金鼎-三民,2023-01-05,9188
9907,統一實,10,0,10,群益金鼎-三民,2023-01-05,9188
1102,亞泥,10,0,10,群益金鼎-三民,2023-01-05,9188
8215,明基材,10,1,9,群益金鼎-三民,2023-01-05,9188
00670L,富邦NASDAQ正2,9,0,9,群益金鼎-三民,2023-01-05,9188
6443,元晶,11,2,9,群益金鼎-三民,2023-01-05,9188
3105,穩懋,10,1,9,群益金鼎-三民,2023-01-05,9188
1618,合機,10,2,8,群益金鼎-三民,2023-01-05,9188
6153,嘉聯益,8,0,8,群益金鼎-三民,2023-01-05,9188
1215,卜蜂,8,0,8,群益金鼎-三民,2023-01-05,9188
4116,明基醫,8,0,8,群益金鼎-三民,2023-01-05,9188
3207,耀勝,8,0,8,群益金鼎-三民,2023-01-05,9188
3228,金麗科,7,0,7,群益金鼎-三民,2023-01-05,9188
6104,創惟,9,2,7,群益金鼎-三民,2023-01-05,9188
4906,正文,6,0,6,群益金鼎-三民,2023-01-05,9188
3443,創意,8,2,6,群益金鼎-三民,2023-01-05,9188
1701,中化,18,12,6,群益金鼎-三民,2023-01-05,9188
2033,佳大,6,0,6,群益金鼎-三民,2023-01-05,9188
3686,達能,6,0,6,群益金鼎-三民,2023-01-05,9188
4162,智擎,35,30,5,群益金鼎-三民,2023-01-05,9188
00641R,富邦日本反1,5,0,5,群益金鼎-三民,2023-01-05,9188
5530,龍巖,5,0,5,群益金鼎-三民,2023-01-05,9188
1752,南光,127,6,121,群益金鼎-三民,2023-01-06,9188
1609,大亞,87,4,83,群益金鼎-三民,2023-01-06,9188
2498,宏達電,82,16,66,群益金鼎-三民,2023-01-06,9188
6005,群益證,61,4,57,群益金鼎-三民,2023-01-06,9188
2884,玉山金,36,0,36,群益金鼎-三民,2023-01-06,9188
2609,陽明,34,3,31,群益金鼎-三民,2023-01-06,9188
1444,力麗,30,0,30,群益金鼎-三民,2023-01-06,9188
2891,中信金,30,2,28,群益金鼎-三民,2023-01-06,9188
2618,長榮航,29,3,26,群益金鼎-三民,2023-01-06,9188
4167,松瑞藥,59,33,26,群益金鼎-三民,2023-01-06,9188
6517,保勝光學,26,0,26,群益金鼎-三民,2023-01-06,9188
1519,華城,29,7,22,群益金鼎-三民,2023-01-06,9188
00720B,元大投資級公司債,21,0,21,群益金鼎-三民,2023-01-06,9188
2610,華航,21,0,21,群益金鼎-三民,2023-01-06,9188
00631L,元大台灣50正2,20,0,20,群益金鼎-三民,2023-01-06,9188
2409,友達,35,16,19,群益金鼎-三民,2023-01-06,9188
2308,台達電,17,0,17,群益金鼎-三民,2023-01-06,9188
4402,郡都開發,16,0,16,群益金鼎-三民,2023-01-06,9188
1104,環泥,14,0,14,群益金鼎-三民,2023-01-06,9188
3207,耀勝,14,0,14,群益金鼎-三民,2023-01-06,9188
5880,合庫金,26,13,13,群益金鼎-三民,2023-01-06,9188
5608,四維航,13,0,13,群益金鼎-三民,2023-01-06,9188
1513,中興電,36,23,13,群益金鼎-三民,2023-01-06,9188
4934,太極,10,0,10,群益金鼎-三民,2023-01-06,9188
2344,華邦電,11,1,10,群益金鼎-三民,2023-01-06,9188
6279,胡連,10,0,10,群益金鼎-三民,2023-01-06,9188
3625,西勝,11,1,10,群益金鼎-三民,2023-01-06,9188
4114,健喬,20,11,9,群益金鼎-三民,2023-01-06,9188
00706L,期元大S＆P日圓正2,9,0,9,群益金鼎-三民,2023-01-06,9188
6139,亞翔,11,3,8,群益金鼎-三民,2023-01-06,9188
3048,益登,10,2,8,群益金鼎-三民,2023-01-06,9188
6282,康舒,9,1,8,群益金鼎-三民,2023-01-06,9188
1721,三晃,8,0,8,群益金鼎-三民,2023-01-06,9188
6589,台康生技,17,9,8,群益金鼎-三民,2023-01-06,9188
2892,第一金,10,2,8,群益金鼎-三民,2023-01-06,9188
1216,統一,12,5,7,群益金鼎-三民,2023-01-06,9188
4924,欣厚-KY,6,0,6,群益金鼎-三民,2023-01-06,9188
2002,中鋼,7,1,6,群益金鼎-三民,2023-01-06,9188
2332,友訊,6,0,6,群益金鼎-三民,2023-01-06,9188
3221,台嘉碩,6,0,6,群益金鼎-三民,2023-01-06,9188
4119,旭富,7,1,6,群益金鼎-三民,2023-01-06,9188
1701,中化,14,8,6,群益金鼎-三民,2023-01-06,9188
4174,浩鼎,5,0,5,群益金鼎-三民,2023-01-06,9188
5475,德宏,5,0,5,群益金鼎-三民,2023-01-06,9188
3380,明泰,6,1,5,群益金鼎-三民,2023-01-06,9188
00893,國泰智能電動車,5,0,5,群益金鼎-三民,2023-01-06,9188
2328,廣宇,10,5,5,群益金鼎-三民,2023-01-06,9188
4162,智擎,8,3,5,群益金鼎-三民,2023-01-06,9188
00919,群益台灣精選高息,5,0,5,群益金鼎-三民,2023-01-06,9188
3704,合勤控,11,6,5,群益金鼎-三民,2023-01-06,9188
00632R,元大台灣50反1,1476,50,1426,群益金鼎-三民,2023-01-09,9188
9105,泰金寶-DR,250,0,250,群益金鼎-三民,2023-01-09,9188
2834,臺企銀,152,17,135,群益金鼎-三民,2023-01-09,9188
6142,友勁,40,0,40,群益金鼎-三民,2023-01-09,9188
6274,台燿,45,9,36,群益金鼎-三民,2023-01-09,9188
1104,環泥,36,0,36,群益金鼎-三民,2023-01-09,9188
1314,中石化,38,4,34,群益金鼎-三民,2023-01-09,9188
00669R,國泰美國道瓊反1,32,0,32,群益金鼎-三民,2023-01-09,9188
2603,長榮,31,6,25,群益金鼎-三民,2023-01-09,9188
1605,華新,56,31,25,群益金鼎-三民,2023-01-09,9188
1909,榮成,127,106,21,群益金鼎-三民,2023-01-09,9188
1102,亞泥,20,0,20,群益金鼎-三民,2023-01-09,9188
3264,欣銓,18,3,15,群益金鼎-三民,2023-01-09,9188
2882,國泰金,31,17,14,群益金鼎-三民,2023-01-09,9188
5009,榮剛,16,2,14,群益金鼎-三民,2023-01-09,9188
00633L,富邦上証正2,12,0,12,群益金鼎-三民,2023-01-09,9188
2886,兆豐金,20,8,12,群益金鼎-三民,2023-01-09,9188
3059,華晶科,11,0,11,群益金鼎-三民,2023-01-09,9188
6266,泰詠,11,0,11,群益金鼎-三民,2023-01-09,9188
3002,歐格,10,0,10,群益金鼎-三民,2023-01-09,9188
1319,東陽,10,0,10,群益金鼎-三民,2023-01-09,9188
00642U,期元大S＆P石油,10,0,10,群益金鼎-三民,2023-01-09,9188
4105,東洋,12,3,9,群益金鼎-三民,2023-01-09,9188
3027,盛達,11,2,9,群益金鼎-三民,2023-01-09,9188
1513,中興電,29,20,9,群益金鼎-三民,2023-01-09,9188
3530,晶相光,8,0,8,群益金鼎-三民,2023-01-09,9188
6161,捷波,8,0,8,群益金鼎-三民,2023-01-09,9188
2472,立隆電,10,2,8,群益金鼎-三民,2023-01-09,9188
6415,矽力*-KY,15,8,7,群益金鼎-三民,2023-01-09,9188
2338,光罩,13,6,7,群益金鼎-三民,2023-01-09,9188
00893,國泰智能電動車,28,21,7,群益金鼎-三民,2023-01-09,9188
3479,安勤,7,1,6,群益金鼎-三民,2023-01-09,9188
6245,立端,6,0,6,群益金鼎-三民,2023-01-09,9188
2332,友訊,6,0,6,群益金鼎-三民,2023-01-09,9188
1473,台南,6,0,6,群益金鼎-三民,2023-01-09,9188
1589,永冠-KY,6,0,6,群益金鼎-三民,2023-01-09,9188
6197,佳必琪,6,0,6,群益金鼎-三民,2023-01-09,9188
3209,全科,6,0,6,群益金鼎-三民,2023-01-09,9188
8996,高力,10,4,6,群益金鼎-三民,2023-01-09,9188
3284,太普高,5,0,5,群益金鼎-三民,2023-01-09,9188
8069,元太,31,26,5,群益金鼎-三民,2023-01-09,9188
4961,天鈺,42,37,5,群益金鼎-三民,2023-01-09,9188
2204,中華,5,0,5,群益金鼎-三民,2023-01-09,9188
2031,新光鋼,5,0,5,群益金鼎-三民,2023-01-09,9188
5905,南仁湖,5,0,5,群益金鼎-三民,2023-01-09,9188
4513,福裕,5,0,5,群益金鼎-三民,2023-01-09,9188
5014,建錩,5,0,5,群益金鼎-三民,2023-01-09,9188
3390,旭軟,5,0,5,群益金鼎-三民,2023-01-09,9188
00919,群益台灣精選高息,5,0,5,群益金鼎-三民,2023-01-09,9188
5315,光聯,5,0,5,群益金鼎-三民,2023-01-09,9188
2812,台中銀,100,7,93,群益金鼎-三民,2023-01-10,9188
2834,臺企銀,82,12,70,群益金鼎-三民,2023-01-10,9188
1708,東鹼,64,5,59,群益金鼎-三民,2023-01-10,9188
00893,國泰智能電動車,65,10,55,群益金鼎-三民,2023-01-10,9188
2022,聚亨,40,0,40,群益金鼎-三民,2023-01-10,9188
1612,宏泰,34,0,34,群益金鼎-三民,2023-01-10,9188
8289,泰藝,37,4,33,群益金鼎-三民,2023-01-10,9188
2882,國泰金,36,4,32,群益金鼎-三民,2023-01-10,9188
2880,華南金,27,1,26,群益金鼎-三民,2023-01-10,9188
2892,第一金,25,0,25,群益金鼎-三民,2023-01-10,9188
8105,凌巨,26,1,25,群益金鼎-三民,2023-01-10,9188
6443,元晶,29,5,24,群益金鼎-三民,2023-01-10,9188
2929,淘帝-KY,24,0,24,群益金鼎-三民,2023-01-10,9188
2014,中鴻,23,5,18,群益金鼎-三民,2023-01-10,9188
2359,所羅門,18,2,16,群益金鼎-三民,2023-01-10,9188
1605,華新,37,23,14,群益金鼎-三民,2023-01-10,9188
1513,中興電,23,9,14,群益金鼎-三民,2023-01-10,9188
3297,杭特,15,3,12,群益金鼎-三民,2023-01-10,9188
1736,喬山,11,0,11,群益金鼎-三民,2023-01-10,9188
2312,金寶,11,0,11,群益金鼎-三民,2023-01-10,9188
2610,華航,19,8,11,群益金鼎-三民,2023-01-10,9188
9945,潤泰新,11,0,11,群益金鼎-三民,2023-01-10,9188
2883,凱基金,10,0,10,群益金鼎-三民,2023-01-10,9188
2369,菱生,10,0,10,群益金鼎-三民,2023-01-10,9188
6414,樺漢,10,0,10,群益金鼎-三民,2023-01-10,9188
6214,精誠,10,0,10,群益金鼎-三民,2023-01-10,9188
5340,建榮,10,0,10,群益金鼎-三民,2023-01-10,9188
4743,合一,10,1,9,群益金鼎-三民,2023-01-10,9188
3587,閎康,9,0,9,群益金鼎-三民,2023-01-10,9188
2308,台達電,9,0,9,群益金鼎-三民,2023-01-10,9188
5905,南仁湖,8,0,8,群益金鼎-三民,2023-01-10,9188
6274,台燿,32,24,8,群益金鼎-三民,2023-01-10,9188
2886,兆豐金,10,2,8,群益金鼎-三民,2023-01-10,9188
1734,杏輝,7,0,7,群益金鼎-三民,2023-01-10,9188
1609,大亞,10,3,7,群益金鼎-三民,2023-01-10,9188
2615,萬海,10,4,6,群益金鼎-三民,2023-01-10,9188
1216,統一,7,1,6,群益金鼎-三民,2023-01-10,9188
8050,廣積,6,0,6,群益金鼎-三民,2023-01-10,9188
6215,和椿,9,4,5,群益金鼎-三民,2023-01-10,9188
3712,永崴投控,5,0,5,群益金鼎-三民,2023-01-10,9188
00665L,富邦�琤肭磪囓�2,10,5,5,群益金鼎-三民,2023-01-10,9188
5426,振發,5,0,5,群益金鼎-三民,2023-01-10,9188
6176,瑞儀,6,1,5,群益金鼎-三民,2023-01-10,9188
2538,基泰,5,0,5,群益金鼎-三民,2023-01-10,9188
3498,陽程,5,0,5,群益金鼎-三民,2023-01-10,9188
2867,三商壽,5,0,5,群益金鼎-三民,2023-01-10,9188
6148,驊宏資,5,0,5,群益金鼎-三民,2023-01-10,9188
8044,網家,5,0,5,群益金鼎-三民,2023-01-10,9188
3272,東碩,5,0,5,群益金鼎-三民,2023-01-10,9188
2368,金像電,6,1,5,群益金鼎-三民,2023-01-10,9188
2618,長榮航,95,33,62,群益金鼎-三民,2023-01-11,9188
2610,華航,63,12,51,群益金鼎-三民,2023-01-11,9188
2892,第一金,68,20,48,群益金鼎-三民,2023-01-11,9188
5880,合庫金,43,0,43,群益金鼎-三民,2023-01-11,9188
1314,中石化,30,0,30,群益金鼎-三民,2023-01-11,9188
3669,圓展,30,0,30,群益金鼎-三民,2023-01-11,9188
8289,泰藝,30,0,30,群益金鼎-三民,2023-01-11,9188
3704,合勤控,35,6,29,群益金鼎-三民,2023-01-11,9188
1795,美時,35,7,28,群益金鼎-三民,2023-01-11,9188
2377,微星,30,2,28,群益金鼎-三民,2023-01-11,9188
1701,中化,37,13,24,群益金鼎-三民,2023-01-11,9188
2890,永豐金,27,3,24,群益金鼎-三民,2023-01-11,9188
5871,中租-KY,23,0,23,群益金鼎-三民,2023-01-11,9188
2880,華南金,22,0,22,群益金鼎-三民,2023-01-11,9188
00905,FT臺灣Smart,21,0,21,群益金鼎-三民,2023-01-11,9188
00712,復華富時不動產,20,0,20,群益金鼎-三民,2023-01-11,9188
1473,台南,19,0,19,群益金鼎-三民,2023-01-11,9188
2845,遠東銀,18,0,18,群益金鼎-三民,2023-01-11,9188
6148,驊宏資,27,10,17,群益金鼎-三民,2023-01-11,9188
3105,穩懋,32,15,17,群益金鼎-三民,2023-01-11,9188
2344,華邦電,17,2,15,群益金鼎-三民,2023-01-11,9188
2313,華通,18,4,14,群益金鼎-三民,2023-01-11,9188
1752,南光,17,5,12,群益金鼎-三民,2023-01-11,9188
8050,廣積,17,5,12,群益金鼎-三民,2023-01-11,9188
5608,四維航,11,0,11,群益金鼎-三民,2023-01-11,9188
3558,神準,10,0,10,群益金鼎-三民,2023-01-11,9188
4417,金洲,10,0,10,群益金鼎-三民,2023-01-11,9188
6111,大宇資,10,0,10,群益金鼎-三民,2023-01-11,9188
00680L,元大美債20正2,9,0,9,群益金鼎-三民,2023-01-11,9188
2887,台新金,50,41,9,群益金鼎-三民,2023-01-11,9188
2834,臺企銀,19,10,9,群益金鼎-三民,2023-01-11,9188
1308,亞聚,21,12,9,群益金鼎-三民,2023-01-11,9188
1104,環泥,60,51,9,群益金鼎-三民,2023-01-11,9188
4979,華星光,16,8,8,群益金鼎-三民,2023-01-11,9188
3006,晶豪科,17,9,8,群益金鼎-三民,2023-01-11,9188
3163,波若威,10,2,8,群益金鼎-三民,2023-01-11,9188
00679B,元大美債20年,7,0,7,群益金鼎-三民,2023-01-11,9188
4943,康控-KY,7,0,7,群益金鼎-三民,2023-01-11,9188
5465,富驊,7,0,7,群益金鼎-三民,2023-01-11,9188
1514,亞力,7,0,7,群益金鼎-三民,2023-01-11,9188
9933,中鼎,7,0,7,群益金鼎-三民,2023-01-11,9188
2312,金寶,7,0,7,群益金鼎-三民,2023-01-11,9188
3045,台灣大,7,0,7,群益金鼎-三民,2023-01-11,9188
2881,富邦金,11,5,6,群益金鼎-三民,2023-01-11,9188
2884,玉山金,6,0,6,群益金鼎-三民,2023-01-11,9188
3419,譁裕,6,0,6,群益金鼎-三民,2023-01-11,9188
1718,中纖,6,0,6,群益金鼎-三民,2023-01-11,9188
2033,佳大,6,0,6,群益金鼎-三民,2023-01-11,9188
9940,信義,6,0,6,群益金鼎-三民,2023-01-11,9188
3209,全科,6,0,6,群益金鼎-三民,2023-01-11,9188
9103,美德醫療-DR,50,0,50,群益金鼎-三民,2023-01-12,9188
912000,晨訊科-DR,50,0,50,群益金鼎-三民,2023-01-12,9188
2014,中鴻,73,27,46,群益金鼎-三民,2023-01-12,9188
2929,淘帝-KY,45,1,44,群益金鼎-三民,2023-01-12,9188
8289,泰藝,42,0,42,群益金鼎-三民,2023-01-12,9188
00919,群益台灣精選高息,40,0,40,群益金鼎-三民,2023-01-12,9188
00882,中信中國高股息,40,3,37,群益金鼎-三民,2023-01-12,9188
5880,合庫金,33,0,33,群益金鼎-三民,2023-01-12,9188
5225,東科-KY,31,0,31,群益金鼎-三民,2023-01-12,9188
2892,第一金,30,0,30,群益金鼎-三民,2023-01-12,9188
2610,華航,36,7,29,群益金鼎-三民,2023-01-12,9188
1314,中石化,38,10,28,群益金鼎-三民,2023-01-12,9188
2884,玉山金,28,2,26,群益金鼎-三民,2023-01-12,9188
2009,第一銅,41,18,23,群益金鼎-三民,2023-01-12,9188
2344,華邦電,25,3,22,群益金鼎-三民,2023-01-12,9188
2834,臺企銀,21,0,21,群益金鼎-三民,2023-01-12,9188
2897,王道銀行,52,32,20,群益金鼎-三民,2023-01-12,9188
2618,長榮航,32,12,20,群益金鼎-三民,2023-01-12,9188
6245,立端,27,9,18,群益金鼎-三民,2023-01-12,9188
2890,永豐金,17,0,17,群益金鼎-三民,2023-01-12,9188
911622,泰聚亨-DR,16,0,16,群益金鼎-三民,2023-01-12,9188
2358,廷鑫,44,29,15,群益金鼎-三民,2023-01-12,9188
2303,聯電,38,23,15,群益金鼎-三民,2023-01-12,9188
2468,華經,27,13,14,群益金鼎-三民,2023-01-12,9188
8255,朋程,13,1,12,群益金鼎-三民,2023-01-12,9188
5371,中光電,11,0,11,群益金鼎-三民,2023-01-12,9188
00669R,國泰美國道瓊反1,11,0,11,群益金鼎-三民,2023-01-12,9188
2317,鴻海,12,1,11,群益金鼎-三民,2023-01-12,9188
2356,英業達,10,0,10,群益金鼎-三民,2023-01-12,9188
5011,久陽,10,0,10,群益金鼎-三民,2023-01-12,9188
6244,茂迪,11,1,10,群益金鼎-三民,2023-01-12,9188
00637L,元大滬深300正2,24,14,10,群益金鼎-三民,2023-01-12,9188
2308,台達電,10,1,9,群益金鼎-三民,2023-01-12,9188
2347,聯強,19,10,9,群益金鼎-三民,2023-01-12,9188
2338,光罩,17,8,9,群益金鼎-三民,2023-01-12,9188
2606,裕民,12,3,9,群益金鼎-三民,2023-01-12,9188
8996,高力,21,12,9,群益金鼎-三民,2023-01-12,9188
0056,元大高股息,10,1,9,群益金鼎-三民,2023-01-12,9188
4763,材料-KY,80,72,8,群益金鼎-三民,2023-01-12,9188
5321,美而快,40,32,8,群益金鼎-三民,2023-01-12,9188
2603,長榮,10,2,8,群益金鼎-三民,2023-01-12,9188
3045,台灣大,8,1,7,群益金鼎-三民,2023-01-12,9188
1522,堤維西,8,1,7,群益金鼎-三民,2023-01-12,9188
8050,廣積,8,1,7,群益金鼎-三民,2023-01-12,9188
1473,台南,6,0,6,群益金鼎-三民,2023-01-12,9188
3056,富華新,6,0,6,群益金鼎-三民,2023-01-12,9188
6142,友勁,6,0,6,群益金鼎-三民,2023-01-12,9188
00878,國泰永續高股息,33,27,6,群益金鼎-三民,2023-01-12,9188
00713,元大台灣高息低波,5,0,5,群益金鼎-三民,2023-01-12,9188
6443,元晶,10,5,5,群益金鼎-三民,2023-01-12,9188
00632R,元大台灣50反1,511,190,321,群益金鼎-三民,2023-01-13,9188
9105,泰金寶-DR,250,11,239,群益金鼎-三民,2023-01-13,9188
00892,富邦台灣半導體,223,3,220,群益金鼎-三民,2023-01-13,9188
00651R,復華香港反1,128,0,128,群益金鼎-三民,2023-01-13,9188
8289,泰藝,82,0,82,群益金鼎-三民,2023-01-13,9188
5484,慧友,69,0,69,群益金鼎-三民,2023-01-13,9188
2312,金寶,56,0,56,群益金鼎-三民,2023-01-13,9188
4130,健亞,56,0,56,群益金鼎-三民,2023-01-13,9188
2892,第一金,52,0,52,群益金鼎-三民,2023-01-13,9188
2313,華通,83,32,51,群益金鼎-三民,2023-01-13,9188
2014,中鴻,57,7,50,群益金鼎-三民,2023-01-13,9188
2344,華邦電,56,15,41,群益金鼎-三民,2023-01-13,9188
5880,合庫金,26,0,26,群益金鼎-三民,2023-01-13,9188
1473,台南,24,0,24,群益金鼎-三民,2023-01-13,9188
2498,宏達電,43,21,22,群益金鼎-三民,2023-01-13,9188
1701,中化,21,1,20,群益金鼎-三民,2023-01-13,9188
00676R,富邦臺灣加權反1,20,0,20,群益金鼎-三民,2023-01-13,9188
00665L,富邦�琤肭磪囓�2,21,3,18,群益金鼎-三民,2023-01-13,9188
1314,中石化,15,0,15,群益金鼎-三民,2023-01-13,9188
6142,友勁,15,0,15,群益金鼎-三民,2023-01-13,9188
2610,華航,20,7,13,群益金鼎-三民,2023-01-13,9188
2465,麗臺,17,5,12,群益金鼎-三民,2023-01-13,9188
6763,綠界科技*,16,5,11,群益金鼎-三民,2023-01-13,9188
6148,驊宏資,10,0,10,群益金鼎-三民,2023-01-13,9188
4755,三福化,10,0,10,群益金鼎-三民,2023-01-13,9188
9103,美德醫療-DR,10,0,10,群益金鼎-三民,2023-01-13,9188
2324,仁寶,10,0,10,群益金鼎-三民,2023-01-13,9188
9958,世紀鋼,12,2,10,群益金鼎-三民,2023-01-13,9188
00673R,期元大S＆P原油反1,10,0,10,群益金鼎-三民,2023-01-13,9188
6133,金橋,12,2,10,群益金鼎-三民,2023-01-13,9188
00633L,富邦上証正2,9,0,9,群益金鼎-三民,2023-01-13,9188
3081,聯亞,10,1,9,群益金鼎-三民,2023-01-13,9188
9938,百和,10,1,9,群益金鼎-三民,2023-01-13,9188
3545,敦泰,8,0,8,群益金鼎-三民,2023-01-13,9188
00882,中信中國高股息,18,10,8,群益金鼎-三民,2023-01-13,9188
8050,廣積,10,2,8,群益金鼎-三民,2023-01-13,9188
5340,建榮,8,0,8,群益金鼎-三民,2023-01-13,9188
00773B,中信優先金融債,8,0,8,群益金鼎-三民,2023-01-13,9188
8390,金益鼎,8,0,8,群益金鼎-三民,2023-01-13,9188
2206,三陽工業,8,0,8,群益金鼎-三民,2023-01-13,9188
1752,南光,59,52,7,群益金鼎-三民,2023-01-13,9188
3265,台星科,7,0,7,群益金鼎-三民,2023-01-13,9188
3707,漢磊,7,0,7,群益金鼎-三民,2023-01-13,9188
6245,立端,7,1,6,群益金鼎-三民,2023-01-13,9188
3105,穩懋,8,2,6,群益金鼎-三民,2023-01-13,9188
4113,聯上,10,4,6,群益金鼎-三民,2023-01-13,9188
3663,鑫科,6,0,6,群益金鼎-三民,2023-01-13,9188
6443,元晶,16,10,6,群益金鼎-三民,2023-01-13,9188
3013,晟銘電,6,0,6,群益金鼎-三民,2023-01-13,9188
1605,華新,32,26,6,群益金鼎-三民,2023-01-13,9188
00641R,富邦日本反1,78,0,78,群益金鼎-三民,2023-01-16,9188
00632R,元大台灣50反1,766,690,76,群益金鼎-三民,2023-01-16,9188
00772B,中信高評級公司債,32,0,32,群益金鼎-三民,2023-01-16,9188
2317,鴻海,27,0,27,群益金鼎-三民,2023-01-16,9188
1308,亞聚,22,0,22,群益金鼎-三民,2023-01-16,9188
9103,美德醫療-DR,20,0,20,群益金鼎-三民,2023-01-16,9188
9962,有益,17,0,17,群益金鼎-三民,2023-01-16,9188
2867,三商壽,15,0,15,群益金鼎-三民,2023-01-16,9188
3673,TPK-KY,15,0,15,群益金鼎-三民,2023-01-16,9188
6770,力積電,23,9,14,群益金鼎-三民,2023-01-16,9188
1312,國喬,15,2,13,群益金鼎-三民,2023-01-16,9188
4931,新盛力,13,0,13,群益金鼎-三民,2023-01-16,9188
2882,國泰金,13,0,13,群益金鼎-三民,2023-01-16,9188
6741,91APP*-KY,19,7,12,群益金鼎-三民,2023-01-16,9188
4763,材料-KY,49,37,12,群益金鼎-三民,2023-01-16,9188
00751B,元大AAA至A公司債,11,0,11,群益金鼎-三民,2023-01-16,9188
00679B,元大美債20年,10,0,10,群益金鼎-三民,2023-01-16,9188
2338,光罩,24,14,10,群益金鼎-三民,2023-01-16,9188
2892,第一金,10,0,10,群益金鼎-三民,2023-01-16,9188
1473,台南,10,0,10,群益金鼎-三民,2023-01-16,9188
6244,茂迪,9,0,9,群益金鼎-三民,2023-01-16,9188
00708L,期元大S＆P黃金正2,9,0,9,群益金鼎-三民,2023-01-16,9188
3693,營邦,23,15,8,群益金鼎-三民,2023-01-16,9188
2014,中鴻,17,9,8,群益金鼎-三民,2023-01-16,9188
4979,華星光,10,2,8,群益金鼎-三民,2023-01-16,9188
00680L,元大美債20正2,10,2,8,群益金鼎-三民,2023-01-16,9188
3037,欣興,61,53,8,群益金鼎-三民,2023-01-16,9188
5263,智崴,10,3,7,群益金鼎-三民,2023-01-16,9188
00919,群益台灣精選高息,7,0,7,群益金鼎-三民,2023-01-16,9188
5011,久陽,7,0,7,群益金鼎-三民,2023-01-16,9188
2332,友訊,7,0,7,群益金鼎-三民,2023-01-16,9188
00885,富邦越南,7,0,7,群益金鼎-三民,2023-01-16,9188
2886,兆豐金,10,3,7,群益金鼎-三民,2023-01-16,9188
8086,宏捷科,6,0,6,群益金鼎-三民,2023-01-16,9188
4128,中天,11,5,6,群益金鼎-三民,2023-01-16,9188
2038,海光,6,0,6,群益金鼎-三民,2023-01-16,9188
2609,陽明,24,19,5,群益金鼎-三民,2023-01-16,9188
8421,旭源,5,0,5,群益金鼎-三民,2023-01-16,9188
1464,得力,5,0,5,群益金鼎-三民,2023-01-16,9188
2342,茂矽,5,0,5,群益金鼎-三民,2023-01-16,9188
2754,亞洲藏壽司,7,2,5,群益金鼎-三民,2023-01-16,9188
3293,鈊象,5,0,5,群益金鼎-三民,2023-01-16,9188
00770,國泰北美科技,5,0,5,群益金鼎-三民,2023-01-16,9188
006208,富邦台50,5,0,5,群益金鼎-三民,2023-01-16,9188
1701,中化,17,12,5,群益金鼎-三民,2023-01-16,9188
1513,中興電,10,6,4,群益金鼎-三民,2023-01-16,9188
3048,益登,4,0,4,群益金鼎-三民,2023-01-16,9188
1605,華新,6,2,4,群益金鼎-三民,2023-01-16,9188
6257,矽格,4,0,4,群益金鼎-三民,2023-01-16,9188
3576,聯合再生,4,0,4,群益金鼎-三民,2023-01-16,9188
00878,國泰永續高股息,195,2,193,群益金鼎-三民,2023-01-17,9188
00882,中信中國高股息,90,2,88,群益金鼎-三民,2023-01-17,9188
2884,玉山金,60,0,60,群益金鼎-三民,2023-01-17,9188
00772B,中信高評級公司債,60,0,60,群益金鼎-三民,2023-01-17,9188
8289,泰藝,63,4,59,群益金鼎-三民,2023-01-17,9188
6142,友勁,38,0,38,群益金鼎-三民,2023-01-17,9188
1473,台南,34,0,34,群益金鼎-三民,2023-01-17,9188
1529,樂事綠能,33,1,32,群益金鼎-三民,2023-01-17,9188
00905,FT臺灣Smart,30,0,30,群益金鼎-三民,2023-01-17,9188
2614,東森,30,1,29,群益金鼎-三民,2023-01-17,9188
0050,元大台灣50,31,6,25,群益金鼎-三民,2023-01-17,9188
0056,元大高股息,25,4,21,群益金鼎-三民,2023-01-17,9188
5011,久陽,20,0,20,群益金鼎-三民,2023-01-17,9188
6642,富致,20,0,20,群益金鼎-三民,2023-01-17,9188
00770,國泰北美科技,20,0,20,群益金鼎-三民,2023-01-17,9188
2610,華航,29,10,19,群益金鼎-三民,2023-01-17,9188
5876,上海商銀,20,4,16,群益金鼎-三民,2023-01-17,9188
8478,東哥遊艇,28,12,16,群益金鼎-三民,2023-01-17,9188
00633L,富邦上証正2,19,6,13,群益金鼎-三民,2023-01-17,9188
9940,信義,13,0,13,群益金鼎-三民,2023-01-17,9188
2317,鴻海,12,0,12,群益金鼎-三民,2023-01-17,9188
2031,新光鋼,12,0,12,群益金鼎-三民,2023-01-17,9188
6472,保瑞,11,0,11,群益金鼎-三民,2023-01-17,9188
3346,麗清,16,5,11,群益金鼎-三民,2023-01-17,9188
4979,華星光,19,8,11,群益金鼎-三民,2023-01-17,9188
1219,福壽,24,14,10,群益金鼎-三民,2023-01-17,9188
00652,富邦印度,10,0,10,群益金鼎-三民,2023-01-17,9188
2365,昆盈,10,0,10,群益金鼎-三民,2023-01-17,9188
4943,康控-KY,10,0,10,群益金鼎-三民,2023-01-17,9188
3481,群創,10,0,10,群益金鼎-三民,2023-01-17,9188
1524,耿鼎,10,0,10,群益金鼎-三民,2023-01-17,9188
3062,建漢,10,0,10,群益金鼎-三民,2023-01-17,9188
1101,台泥,22,13,9,群益金鼎-三民,2023-01-17,9188
2618,長榮航,13,4,9,群益金鼎-三民,2023-01-17,9188
8069,元太,14,5,9,群益金鼎-三民,2023-01-17,9188
3037,欣興,30,23,7,群益金鼎-三民,2023-01-17,9188
8349,�矬�,7,0,7,群益金鼎-三民,2023-01-17,9188
5312,寶島科,5,0,5,群益金鼎-三民,2023-01-17,9188
1810,和成,5,0,5,群益金鼎-三民,2023-01-17,9188
6257,矽格,5,0,5,群益金鼎-三民,2023-01-17,9188
1733,五鼎,5,0,5,群益金鼎-三民,2023-01-17,9188
3705,永信,6,1,5,群益金鼎-三民,2023-01-17,9188
5904,寶雅,5,0,5,群益金鼎-三民,2023-01-17,9188
00706L,期元大S＆P日圓正2,5,0,5,群益金鼎-三民,2023-01-17,9188
2356,英業達,5,0,5,群益金鼎-三民,2023-01-17,9188
8358,金居,8,3,5,群益金鼎-三民,2023-01-17,9188
6180,橘子,4,0,4,群益金鼎-三民,2023-01-17,9188
6205,詮欣,4,0,4,群益金鼎-三民,2023-01-17,9188
2337,旺宏,4,0,4,群益金鼎-三民,2023-01-17,9188
00655L,國泰中國A50正2,4,0,4,群益金鼎-三民,2023-01-17,9188
00676R,富邦臺灣加權反1,200,0,200,群益金鼎-三民,2023-01-30,9188
00878,國泰永續高股息,162,28,134,群益金鼎-三民,2023-01-30,9188
2618,長榮航,99,11,88,群益金鼎-三民,2023-01-30,9188
2897,王道銀行,78,4,74,群益金鼎-三民,2023-01-30,9188
8289,泰藝,65,5,60,群益金鼎-三民,2023-01-30,9188
1612,宏泰,50,0,50,群益金鼎-三民,2023-01-30,9188
2609,陽明,44,6,38,群益金鼎-三民,2023-01-30,9188
3693,營邦,39,5,34,群益金鼎-三民,2023-01-30,9188
2892,第一金,33,0,33,群益金鼎-三民,2023-01-30,9188
2031,新光鋼,30,0,30,群益金鼎-三民,2023-01-30,9188
2317,鴻海,34,5,29,群益金鼎-三民,2023-01-30,9188
8069,元太,28,3,25,群益金鼎-三民,2023-01-30,9188
1718,中纖,25,0,25,群益金鼎-三民,2023-01-30,9188
2328,廣宇,21,0,21,群益金鼎-三民,2023-01-30,9188
00895,富邦未來車,30,10,20,群益金鼎-三民,2023-01-30,9188
6788,華景電,21,1,20,群益金鼎-三民,2023-01-30,9188
00671R,富邦NASDAQ反1,20,0,20,群益金鼎-三民,2023-01-30,9188
4162,智擎,28,9,19,群益金鼎-三民,2023-01-30,9188
3374,精材,21,2,19,群益金鼎-三民,2023-01-30,9188
00905,FT臺灣Smart,20,1,19,群益金鼎-三民,2023-01-30,9188
1536,和大,20,2,18,群益金鼎-三民,2023-01-30,9188
6150,撼訊,20,2,18,群益金鼎-三民,2023-01-30,9188
2603,長榮,21,4,17,群益金鼎-三民,2023-01-30,9188
2382,廣達,20,3,17,群益金鼎-三民,2023-01-30,9188
8996,高力,47,31,16,群益金鼎-三民,2023-01-30,9188
2312,金寶,15,0,15,群益金鼎-三民,2023-01-30,9188
1714,和桐,15,0,15,群益金鼎-三民,2023-01-30,9188
4743,合一,17,3,14,群益金鼎-三民,2023-01-30,9188
2329,華泰,14,0,14,群益金鼎-三民,2023-01-30,9188
4979,華星光,32,18,14,群益金鼎-三民,2023-01-30,9188
2308,台達電,20,7,13,群益金鼎-三民,2023-01-30,9188
3228,金麗科,13,0,13,群益金鼎-三民,2023-01-30,9188
00772B,中信高評級公司債,12,0,12,群益金鼎-三民,2023-01-30,9188
2610,華航,19,7,12,群益金鼎-三民,2023-01-30,9188
2412,中華電,15,4,11,群益金鼎-三民,2023-01-30,9188
3455,由田,15,4,11,群益金鼎-三民,2023-01-30,9188
3481,群創,23,12,11,群益金鼎-三民,2023-01-30,9188
2038,海光,11,0,11,群益金鼎-三民,2023-01-30,9188
00637L,元大滬深300正2,24,13,11,群益金鼎-三民,2023-01-30,9188
1560,中砂,11,0,11,群益金鼎-三民,2023-01-30,9188
2206,三陽工業,10,0,10,群益金鼎-三民,2023-01-30,9188
3312,弘憶股,10,0,10,群益金鼎-三民,2023-01-30,9188
8047,星雲,10,0,10,群益金鼎-三民,2023-01-30,9188
4961,天鈺,16,6,10,群益金鼎-三民,2023-01-30,9188
9958,世紀鋼,11,1,10,群益金鼎-三民,2023-01-30,9188
5009,榮剛,10,0,10,群益金鼎-三民,2023-01-30,9188
4934,太極,10,1,9,群益金鼎-三民,2023-01-30,9188
00680L,元大美債20正2,9,0,9,群益金鼎-三民,2023-01-30,9188
1305,華夏,9,1,8,群益金鼎-三民,2023-01-30,9188
00669R,國泰美國道瓊反1,8,0,8,群益金鼎-三民,2023-01-30,9188
00669R,國泰美國道瓊反1,301,0,301,群益金鼎-三民,2023-01-31,9188
00905,FT臺灣Smart,242,8,234,群益金鼎-三民,2023-01-31,9188
2892,第一金,127,0,127,群益金鼎-三民,2023-01-31,9188
1314,中石化,110,10,100,群益金鼎-三民,2023-01-31,9188
5880,合庫金,94,0,94,群益金鼎-三民,2023-01-31,9188
00671R,富邦NASDAQ反1,70,0,70,群益金鼎-三民,2023-01-31,9188
2890,永豐金,65,0,65,群益金鼎-三民,2023-01-31,9188
2885,元大金,61,0,61,群益金鼎-三民,2023-01-31,9188
2610,華航,44,6,38,群益金鼎-三民,2023-01-31,9188
5871,中租-KY,39,1,38,群益金鼎-三民,2023-01-31,9188
2201,裕隆,74,38,36,群益金鼎-三民,2023-01-31,9188
6142,友勁,35,0,35,群益金鼎-三民,2023-01-31,9188
6550,北極星藥業-KY,40,7,33,群益金鼎-三民,2023-01-31,9188
2330,台積電,31,1,30,群益金鼎-三民,2023-01-31,9188
6005,群益證,29,0,29,群益金鼎-三民,2023-01-31,9188
00878,國泰永續高股息,66,39,27,群益金鼎-三民,2023-01-31,9188
1608,華榮,23,0,23,群益金鼎-三民,2023-01-31,9188
2324,仁寶,21,0,21,群益金鼎-三民,2023-01-31,9188
2368,金像電,19,0,19,群益金鼎-三民,2023-01-31,9188
2376,技嘉,95,76,19,群益金鼎-三民,2023-01-31,9188
2482,連宇,26,8,18,群益金鼎-三民,2023-01-31,9188
00885,富邦越南,17,0,17,群益金鼎-三民,2023-01-31,9188
00893,國泰智能電動車,18,2,16,群益金鼎-三民,2023-01-31,9188
00882,中信中國高股息,15,0,15,群益金鼎-三民,2023-01-31,9188
2412,中華電,15,1,14,群益金鼎-三民,2023-01-31,9188
8105,凌巨,37,23,14,群益金鼎-三民,2023-01-31,9188
2317,鴻海,37,24,13,群益金鼎-三民,2023-01-31,9188
2897,王道銀行,14,1,13,群益金鼎-三民,2023-01-31,9188
4167,松瑞藥,14,1,13,群益金鼎-三民,2023-01-31,9188
2358,廷鑫,15,2,13,群益金鼎-三民,2023-01-31,9188
00720B,元大投資級公司債,13,0,13,群益金鼎-三民,2023-01-31,9188
2884,玉山金,12,0,12,群益金鼎-三民,2023-01-31,9188
4164,承業醫,14,2,12,群益金鼎-三民,2023-01-31,9188
2023,燁輝,21,9,12,群益金鼎-三民,2023-01-31,9188
6830,汎銓,11,0,11,群益金鼎-三民,2023-01-31,9188
00637L,元大滬深300正2,14,3,11,群益金鼎-三民,2023-01-31,9188
3479,安勤,10,0,10,群益金鼎-三民,2023-01-31,9188
6118,建達,14,4,10,群益金鼎-三民,2023-01-31,9188
4306,炎洲,10,0,10,群益金鼎-三民,2023-01-31,9188
00738U,期元大道瓊白銀,10,0,10,群益金鼎-三民,2023-01-31,9188
4128,中天,16,6,10,群益金鼎-三民,2023-01-31,9188
5608,四維航,10,0,10,群益金鼎-三民,2023-01-31,9188
4968,立積,11,1,10,群益金鼎-三民,2023-01-31,9188
00650L,復華香港正2,9,0,9,群益金鼎-三民,2023-01-31,9188
4142,國光生,11,3,8,群益金鼎-三民,2023-01-31,9188
1802,台玻,10,2,8,群益金鼎-三民,2023-01-31,9188
1718,中纖,10,2,8,群益金鼎-三民,2023-01-31,9188
6806,森崴能源,11,3,8,群益金鼎-三民,2023-01-31,9188
6104,創惟,8,0,8,群益金鼎-三民,2023-01-31,9188
2883,凱基金,10,2,8,群益金鼎-三民,2023-01-31,9188
00676R,富邦臺灣加權反1,200,0,200,群益金鼎-三民,2023-02-01,9188
00878,國泰永續高股息,132,4,128,群益金鼎-三民,2023-02-01,9188
5880,合庫金,103,0,103,群益金鼎-三民,2023-02-01,9188
1217,愛之味,100,0,100,群益金鼎-三民,2023-02-01,9188
02002L,兆豐富櫃200正二N,100,0,100,群益金鼎-三民,2023-02-01,9188
2303,聯電,117,45,72,群益金鼎-三民,2023-02-01,9188
2883,凱基金,56,0,56,群益金鼎-三民,2023-02-01,9188
00919,群益台灣精選高息,51,0,51,群益金鼎-三民,2023-02-01,9188
1802,台玻,40,0,40,群益金鼎-三民,2023-02-01,9188
3035,智原,82,43,39,群益金鼎-三民,2023-02-01,9188
2457,飛宏,41,2,39,群益金鼎-三民,2023-02-01,9188
1314,中石化,40,2,38,群益金鼎-三民,2023-02-01,9188
2014,中鴻,42,5,37,群益金鼎-三民,2023-02-01,9188
2890,永豐金,37,0,37,群益金鼎-三民,2023-02-01,9188
2031,新光鋼,40,4,36,群益金鼎-三民,2023-02-01,9188
1611,中電,30,0,30,群益金鼎-三民,2023-02-01,9188
3062,建漢,30,0,30,群益金鼎-三民,2023-02-01,9188
5009,榮剛,39,10,29,群益金鼎-三民,2023-02-01,9188
00653L,富邦印度正2,25,0,25,群益金鼎-三民,2023-02-01,9188
2449,京元電子,29,5,24,群益金鼎-三民,2023-02-01,9188
2412,中華電,23,0,23,群益金鼎-三民,2023-02-01,9188
2607,榮運,23,0,23,群益金鼎-三民,2023-02-01,9188
6770,力積電,27,4,23,群益金鼎-三民,2023-02-01,9188
5876,上海商銀,20,0,20,群益金鼎-三民,2023-02-01,9188
00885,富邦越南,31,12,19,群益金鼎-三民,2023-02-01,9188
2317,鴻海,23,4,19,群益金鼎-三民,2023-02-01,9188
1795,美時,21,3,18,群益金鼎-三民,2023-02-01,9188
1336,台翰,17,0,17,群益金鼎-三民,2023-02-01,9188
4743,合一,22,5,17,群益金鼎-三民,2023-02-01,9188
2009,第一銅,26,10,16,群益金鼎-三民,2023-02-01,9188
1513,中興電,46,30,16,群益金鼎-三民,2023-02-01,9188
1512,瑞利,15,0,15,群益金鼎-三民,2023-02-01,9188
2888,新光金,15,0,15,群益金鼎-三民,2023-02-01,9188
6859,伯特光,14,0,14,群益金鼎-三民,2023-02-01,9188
2897,王道銀行,16,2,14,群益金鼎-三民,2023-02-01,9188
2892,第一金,14,0,14,群益金鼎-三民,2023-02-01,9188
5309,系統電,12,0,12,群益金鼎-三民,2023-02-01,9188
00680L,元大美債20正2,11,0,11,群益金鼎-三民,2023-02-01,9188
00637L,元大滬深300正2,35,24,11,群益金鼎-三民,2023-02-01,9188
1701,中化,12,1,11,群益金鼎-三民,2023-02-01,9188
3624,光頡,13,2,11,群益金鼎-三民,2023-02-01,9188
3036,文曄,10,0,10,群益金鼎-三民,2023-02-01,9188
00905,FT臺灣Smart,18,8,10,群益金鼎-三民,2023-02-01,9188
4974,亞泰,13,3,10,群益金鼎-三民,2023-02-01,9188
2302,麗正,10,0,10,群益金鼎-三民,2023-02-01,9188
1810,和成,10,0,10,群益金鼎-三民,2023-02-01,9188
9105,泰金寶-DR,10,0,10,群益金鼎-三民,2023-02-01,9188
6732,昇佳電子,10,0,10,群益金鼎-三民,2023-02-01,9188
2887,台新金,12,3,9,群益金鼎-三民,2023-02-01,9188
006208,富邦台50,9,0,9,群益金鼎-三民,2023-02-01,9188
2618,長榮航,162,11,151,群益金鼎-三民,2023-02-02,9188
2312,金寶,152,40,112,群益金鼎-三民,2023-02-02,9188
2449,京元電子,135,25,110,群益金鼎-三民,2023-02-02,9188
00676R,富邦臺灣加權反1,100,0,100,群益金鼎-三民,2023-02-02,9188
2610,華航,70,2,68,群益金鼎-三民,2023-02-02,9188
00679B,元大美債20年,65,0,65,群益金鼎-三民,2023-02-02,9188
00751B,元大AAA至A公司債,50,0,50,群益金鼎-三民,2023-02-02,9188
2892,第一金,61,20,41,群益金鼎-三民,2023-02-02,9188
8033,雷虎,42,3,39,群益金鼎-三民,2023-02-02,9188
2884,玉山金,36,0,36,群益金鼎-三民,2023-02-02,9188
2014,中鴻,42,7,35,群益金鼎-三民,2023-02-02,9188
8038,長園科,30,0,30,群益金鼎-三民,2023-02-02,9188
5905,南仁湖,30,0,30,群益金鼎-三民,2023-02-02,9188
6134,萬旭,27,1,26,群益金鼎-三民,2023-02-02,9188
4931,新盛力,27,2,25,群益金鼎-三民,2023-02-02,9188
2468,華經,34,13,21,群益金鼎-三民,2023-02-02,9188
00720B,元大投資級公司債,21,0,21,群益金鼎-三民,2023-02-02,9188
5608,四維航,20,1,19,群益金鼎-三民,2023-02-02,9188
1536,和大,17,1,16,群益金鼎-三民,2023-02-02,9188
2607,榮運,16,0,16,群益金鼎-三民,2023-02-02,9188
2609,陽明,37,21,16,群益金鼎-三民,2023-02-02,9188
1305,華夏,15,0,15,群益金鼎-三民,2023-02-02,9188
00652,富邦印度,15,0,15,群益金鼎-三民,2023-02-02,9188
2812,台中銀,14,0,14,群益金鼎-三民,2023-02-02,9188
2497,怡利電,27,13,14,群益金鼎-三民,2023-02-02,9188
3481,群創,15,2,13,群益金鼎-三民,2023-02-02,9188
5321,美而快,16,4,12,群益金鼎-三民,2023-02-02,9188
2834,臺企銀,13,1,12,群益金鼎-三民,2023-02-02,9188
8478,東哥遊艇,16,4,12,群益金鼎-三民,2023-02-02,9188
1609,大亞,13,2,11,群益金鼎-三民,2023-02-02,9188
3019,亞光,13,2,11,群益金鼎-三民,2023-02-02,9188
00715L,期街口布蘭特正2,11,0,11,群益金鼎-三民,2023-02-02,9188
6274,台燿,11,0,11,群益金鼎-三民,2023-02-02,9188
00900,富邦特選高股息30,16,6,10,群益金鼎-三民,2023-02-02,9188
00882,中信中國高股息,10,0,10,群益金鼎-三民,2023-02-02,9188
3209,全科,10,0,10,群益金鼎-三民,2023-02-02,9188
6224,聚鼎,10,0,10,群益金鼎-三民,2023-02-02,9188
00669R,國泰美國道瓊反1,10,0,10,群益金鼎-三民,2023-02-02,9188
6125,廣運,10,0,10,群益金鼎-三民,2023-02-02,9188
2891,中信金,10,1,9,群益金鼎-三民,2023-02-02,9188
2888,新光金,9,0,9,群益金鼎-三民,2023-02-02,9188
6643,M31,9,0,9,群益金鼎-三民,2023-02-02,9188
1529,樂事綠能,9,0,9,群益金鼎-三民,2023-02-02,9188
1785,光洋科,13,5,8,群益金鼎-三民,2023-02-02,9188
3704,合勤控,20,12,8,群益金鼎-三民,2023-02-02,9188
3205,佰研,8,0,8,群益金鼎-三民,2023-02-02,9188
6173,信昌電,8,0,8,群益金鼎-三民,2023-02-02,9188
2032,新鋼,10,2,8,群益金鼎-三民,2023-02-02,9188
2897,王道銀行,10,2,8,群益金鼎-三民,2023-02-02,9188
6150,撼訊,8,1,7,群益金鼎-三民,2023-02-02,9188
2867,三商壽,225,0,225,群益金鼎-三民,2023-02-03,9188
00676R,富邦臺灣加權反1,100,0,100,群益金鼎-三民,2023-02-03,9188
00680L,元大美債20正2,101,4,97,群益金鼎-三民,2023-02-03,9188
00918,大華優利高填息30,82,0,82,群益金鼎-三民,2023-02-03,9188
0056,元大高股息,84,6,78,群益金鼎-三民,2023-02-03,9188
00637L,元大滬深300正2,90,34,56,群益金鼎-三民,2023-02-03,9188
00900,富邦特選高股息30,60,9,51,群益金鼎-三民,2023-02-03,9188
9928,中視,50,0,50,群益金鼎-三民,2023-02-03,9188
2498,宏達電,92,47,45,群益金鼎-三民,2023-02-03,9188
00878,國泰永續高股息,45,7,38,群益金鼎-三民,2023-02-03,9188
1513,中興電,49,12,37,群益金鼎-三民,2023-02-03,9188
6109,亞元,37,0,37,群益金鼎-三民,2023-02-03,9188
2610,華航,38,8,30,群益金鼎-三民,2023-02-03,9188
00632R,元大台灣50反1,30,0,30,群益金鼎-三民,2023-02-03,9188
5321,美而快,34,4,30,群益金鼎-三民,2023-02-03,9188
2449,京元電子,46,19,27,群益金鼎-三民,2023-02-03,9188
1603,華電,25,0,25,群益金鼎-三民,2023-02-03,9188
2633,台灣高鐵,25,0,25,群益金鼎-三民,2023-02-03,9188
2834,臺企銀,23,1,22,群益金鼎-三民,2023-02-03,9188
1795,美時,34,12,22,群益金鼎-三民,2023-02-03,9188
2484,希華,29,9,20,群益金鼎-三民,2023-02-03,9188
5014,建錩,20,0,20,群益金鼎-三民,2023-02-03,9188
8150,南茂,21,1,20,群益金鼎-三民,2023-02-03,9188
2002,中鋼,22,3,19,群益金鼎-三民,2023-02-03,9188
1609,大亞,20,1,19,群益金鼎-三民,2023-02-03,9188
2388,威盛,35,18,17,群益金鼎-三民,2023-02-03,9188
00753L,中信中國50正2,18,3,15,群益金鼎-三民,2023-02-03,9188
6153,嘉聯益,15,0,15,群益金鼎-三民,2023-02-03,9188
1584,精剛,26,11,15,群益金鼎-三民,2023-02-03,9188
1732,毛寶,15,0,15,群益金鼎-三民,2023-02-03,9188
5608,四維航,14,0,14,群益金鼎-三民,2023-02-03,9188
2344,華邦電,24,11,13,群益金鼎-三民,2023-02-03,9188
6274,台燿,13,0,13,群益金鼎-三民,2023-02-03,9188
2401,凌陽,15,3,12,群益金鼎-三民,2023-02-03,9188
4402,郡都開發,12,0,12,群益金鼎-三民,2023-02-03,9188
00642U,期元大S＆P石油,12,0,12,群益金鼎-三民,2023-02-03,9188
00882,中信中國高股息,11,0,11,群益金鼎-三民,2023-02-03,9188
5371,中光電,16,5,11,群益金鼎-三民,2023-02-03,9188
6789,采鈺,13,3,10,群益金鼎-三民,2023-02-03,9188
1810,和成,10,0,10,群益金鼎-三民,2023-02-03,9188
2468,華經,13,3,10,群益金鼎-三民,2023-02-03,9188
00635U,期元大S＆P黃金,10,0,10,群益金鼎-三民,2023-02-03,9188
3027,盛達,11,1,10,群益金鼎-三民,2023-02-03,9188
1784,訊聯,10,0,10,群益金鼎-三民,2023-02-03,9188
2609,陽明,29,19,10,群益金鼎-三民,2023-02-03,9188
1701,中化,17,7,10,群益金鼎-三民,2023-02-03,9188
1216,統一,9,0,9,群益金鼎-三民,2023-02-03,9188
1231,聯華食,10,1,9,群益金鼎-三民,2023-02-03,9188
00715L,期街口布蘭特正2,9,0,9,群益金鼎-三民,2023-02-03,9188
00683L,期元大美元指正2,9,0,9,群益金鼎-三民,2023-02-03,9188
2867,三商壽,301,0,301,群益金鼎-三民,2023-02-06,9188
9105,泰金寶-DR,170,0,170,群益金鼎-三民,2023-02-06,9188
2834,臺企銀,154,0,154,群益金鼎-三民,2023-02-06,9188
00878,國泰永續高股息,132,2,130,群益金鼎-三民,2023-02-06,9188
00882,中信中國高股息,122,1,121,群益金鼎-三民,2023-02-06,9188
8163,達方,100,0,100,群益金鼎-三民,2023-02-06,9188
00680L,元大美債20正2,76,0,76,群益金鼎-三民,2023-02-06,9188
5880,合庫金,68,0,68,群益金鼎-三民,2023-02-06,9188
1104,環泥,50,0,50,群益金鼎-三民,2023-02-06,9188
2344,華邦電,38,5,33,群益金鼎-三民,2023-02-06,9188
2890,永豐金,30,0,30,群益金鼎-三民,2023-02-06,9188
00669R,國泰美國道瓊反1,30,0,30,群益金鼎-三民,2023-02-06,9188
4157,太景*-KY,30,0,30,群益金鼎-三民,2023-02-06,9188
00896,中信綠能及電動車,30,0,30,群益金鼎-三民,2023-02-06,9188
6165,浪凡,30,1,29,群益金鼎-三民,2023-02-06,9188
5009,榮剛,30,2,28,群益金鼎-三民,2023-02-06,9188
00637L,元大滬深300正2,47,20,27,群益金鼎-三民,2023-02-06,9188
1609,大亞,28,1,27,群益金鼎-三民,2023-02-06,9188
00900,富邦特選高股息30,38,14,24,群益金鼎-三民,2023-02-06,9188
6133,金橋,25,2,23,群益金鼎-三民,2023-02-06,9188
1513,中興電,31,10,21,群益金鼎-三民,2023-02-06,9188
4956,光鋐,29,9,20,群益金鼎-三民,2023-02-06,9188
2603,長榮,22,3,19,群益金鼎-三民,2023-02-06,9188
5425,台半,22,4,18,群益金鼎-三民,2023-02-06,9188
0056,元大高股息,25,8,17,群益金鼎-三民,2023-02-06,9188
4743,合一,28,12,16,群益金鼎-三民,2023-02-06,9188
6531,愛普*,16,1,15,群益金鼎-三民,2023-02-06,9188
00715L,期街口布蘭特正2,16,1,15,群益金鼎-三民,2023-02-06,9188
2330,台積電,15,1,14,群益金鼎-三民,2023-02-06,9188
00891,中信關鍵半導體,14,0,14,群益金鼎-三民,2023-02-06,9188
2615,萬海,14,1,13,群益金鼎-三民,2023-02-06,9188
2887,台新金,13,0,13,群益金鼎-三民,2023-02-06,9188
3037,欣興,29,17,12,群益金鼎-三民,2023-02-06,9188
6188,廣明,15,3,12,群益金鼎-三民,2023-02-06,9188
1605,華新,16,4,12,群益金鼎-三民,2023-02-06,9188
5871,中租-KY,18,7,11,群益金鼎-三民,2023-02-06,9188
1342,八貫,14,3,11,群益金鼎-三民,2023-02-06,9188
2409,友達,11,0,11,群益金鼎-三民,2023-02-06,9188
6153,嘉聯益,11,0,11,群益金鼎-三民,2023-02-06,9188
8289,泰藝,11,0,11,群益金鼎-三民,2023-02-06,9188
1336,台翰,12,1,11,群益金鼎-三民,2023-02-06,9188
3149,正達,10,0,10,群益金鼎-三民,2023-02-06,9188
8478,東哥遊艇,36,26,10,群益金鼎-三民,2023-02-06,9188
5353,台林,11,1,10,群益金鼎-三民,2023-02-06,9188
2031,新光鋼,10,0,10,群益金鼎-三民,2023-02-06,9188
00888,永豐台灣ESG,10,0,10,群益金鼎-三民,2023-02-06,9188
8358,金居,24,14,10,群益金鼎-三民,2023-02-06,9188
00712,復華富時不動產,10,0,10,群益金鼎-三民,2023-02-06,9188
6282,康舒,29,19,10,群益金鼎-三民,2023-02-06,9188
4164,承業醫,14,4,10,群益金鼎-三民,2023-02-06,9188
2867,三商壽,318,5,313,群益金鼎-三民,2023-02-07,9188
9105,泰金寶-DR,120,0,120,群益金鼎-三民,2023-02-07,9188
2812,台中銀,100,1,99,群益金鼎-三民,2023-02-07,9188
5701,劍湖山,60,0,60,群益金鼎-三民,2023-02-07,9188
2834,臺企銀,160,108,52,群益金鼎-三民,2023-02-07,9188
2897,王道銀行,50,0,50,群益金鼎-三民,2023-02-07,9188
00780B,國泰A級金融債,49,0,49,群益金鼎-三民,2023-02-07,9188
00878,國泰永續高股息,50,4,46,群益金鼎-三民,2023-02-07,9188
2368,金像電,37,1,36,群益金鼎-三民,2023-02-07,9188
8105,凌巨,39,5,34,群益金鼎-三民,2023-02-07,9188
4114,健喬,83,57,26,群益金鼎-三民,2023-02-07,9188
2312,金寶,25,0,25,群益金鼎-三民,2023-02-07,9188
00701,國泰股利精選30,20,0,20,群益金鼎-三民,2023-02-07,9188
00680L,元大美債20正2,20,0,20,群益金鼎-三民,2023-02-07,9188
1313,聯成,20,0,20,群益金鼎-三民,2023-02-07,9188
1701,中化,21,3,18,群益金鼎-三民,2023-02-07,9188
3038,全台,16,0,16,群益金鼎-三民,2023-02-07,9188
2884,玉山金,17,1,16,群益金鼎-三民,2023-02-07,9188
6414,樺漢,18,2,16,群益金鼎-三民,2023-02-07,9188
1609,大亞,15,0,15,群益金鼎-三民,2023-02-07,9188
2609,陽明,17,3,14,群益金鼎-三民,2023-02-07,9188
1795,美時,74,61,13,群益金鼎-三民,2023-02-07,9188
2892,第一金,13,0,13,群益金鼎-三民,2023-02-07,9188
2498,宏達電,75,63,12,群益金鼎-三民,2023-02-07,9188
1101,台泥,15,3,12,群益金鼎-三民,2023-02-07,9188
2633,台灣高鐵,17,5,12,群益金鼎-三民,2023-02-07,9188
3024,憶聲,12,0,12,群益金鼎-三民,2023-02-07,9188
3665,貿聯-KY,11,0,11,群益金鼎-三民,2023-02-07,9188
00679B,元大美債20年,12,1,11,群益金鼎-三民,2023-02-07,9188
2881,富邦金,12,1,11,群益金鼎-三民,2023-02-07,9188
1760,寶齡富錦,38,27,11,群益金鼎-三民,2023-02-07,9188
3059,華晶科,11,0,11,群益金鼎-三民,2023-02-07,9188
2845,遠東銀,10,0,10,群益金鼎-三民,2023-02-07,9188
1905,華紙,10,0,10,群益金鼎-三民,2023-02-07,9188
00665L,富邦�琤肭磪囓�2,10,0,10,群益金鼎-三民,2023-02-07,9188
2103,台橡,10,0,10,群益金鼎-三民,2023-02-07,9188
6770,力積電,10,0,10,群益金鼎-三民,2023-02-07,9188
5309,系統電,14,5,9,群益金鼎-三民,2023-02-07,9188
2317,鴻海,12,3,9,群益金鼎-三民,2023-02-07,9188
6104,創惟,22,14,8,群益金鼎-三民,2023-02-07,9188
4142,國光生,8,1,7,群益金鼎-三民,2023-02-07,9188
5284,jpp-KY,9,2,7,群益金鼎-三民,2023-02-07,9188
2330,台積電,7,0,7,群益金鼎-三民,2023-02-07,9188
2201,裕隆,11,5,6,群益金鼎-三民,2023-02-07,9188
00633L,富邦上証正2,6,0,6,群益金鼎-三民,2023-02-07,9188
6271,同欣電,6,0,6,群益金鼎-三民,2023-02-07,9188
6111,大宇資,6,0,6,群益金鼎-三民,2023-02-07,9188
2887,台新金,6,0,6,群益金鼎-三民,2023-02-07,9188
00772B,中信高評級公司債,5,0,5,群益金鼎-三民,2023-02-07,9188
00712,復華富時不動產,5,0,5,群益金鼎-三民,2023-02-07,9188
1101,台泥,141,3,138,群益金鼎-三民,2023-02-08,9188
00676R,富邦臺灣加權反1,100,0,100,群益金鼎-三民,2023-02-08,9188
00632R,元大台灣50反1,67,0,67,群益金鼎-三民,2023-02-08,9188
1104,環泥,50,1,49,群益金鼎-三民,2023-02-08,9188
1217,愛之味,40,0,40,群益金鼎-三民,2023-02-08,9188
2890,永豐金,36,0,36,群益金鼎-三民,2023-02-08,9188
6625,必應,42,7,35,群益金鼎-三民,2023-02-08,9188
2897,王道銀行,57,24,33,群益金鼎-三民,2023-02-08,9188
3062,建漢,30,0,30,群益金鼎-三民,2023-02-08,9188
2377,微星,30,0,30,群益金鼎-三民,2023-02-08,9188
2358,廷鑫,29,0,29,群益金鼎-三民,2023-02-08,9188
00780B,國泰A級金融債,27,0,27,群益金鼎-三民,2023-02-08,9188
3035,智原,101,75,26,群益金鼎-三民,2023-02-08,9188
6109,亞元,24,0,24,群益金鼎-三民,2023-02-08,9188
1513,中興電,34,10,24,群益金鼎-三民,2023-02-08,9188
3653,健策,23,0,23,群益金鼎-三民,2023-02-08,9188
6509,聚和,42,20,22,群益金鼎-三民,2023-02-08,9188
00715L,期街口布蘭特正2,30,8,22,群益金鼎-三民,2023-02-08,9188
2884,玉山金,21,0,21,群益金鼎-三民,2023-02-08,9188
6153,嘉聯益,20,0,20,群益金鼎-三民,2023-02-08,9188
1605,華新,31,11,20,群益金鼎-三民,2023-02-08,9188
2520,冠德,20,0,20,群益金鼎-三民,2023-02-08,9188
2618,長榮航,22,4,18,群益金鼎-三民,2023-02-08,9188
2834,臺企銀,18,0,18,群益金鼎-三民,2023-02-08,9188
1314,中石化,16,0,16,群益金鼎-三民,2023-02-08,9188
6603,富強鑫,15,0,15,群益金鼎-三民,2023-02-08,9188
4977,眾達-KY,14,0,14,群益金鼎-三民,2023-02-08,9188
00680L,元大美債20正2,14,0,14,群益金鼎-三民,2023-02-08,9188
2883,凱基金,23,10,13,群益金鼎-三民,2023-02-08,9188
6443,元晶,23,10,13,群益金鼎-三民,2023-02-08,9188
4162,智擎,14,2,12,群益金鼎-三民,2023-02-08,9188
8069,元太,18,6,12,群益金鼎-三民,2023-02-08,9188
00885,富邦越南,13,1,12,群益金鼎-三民,2023-02-08,9188
8289,泰藝,12,0,12,群益金鼎-三民,2023-02-08,9188
1432,大魯閣,14,2,12,群益金鼎-三民,2023-02-08,9188
6282,康舒,28,17,11,群益金鼎-三民,2023-02-08,9188
3022,威強電,18,7,11,群益金鼎-三民,2023-02-08,9188
2881,富邦金,12,1,11,群益金鼎-三民,2023-02-08,9188
00878,國泰永續高股息,23,13,10,群益金鼎-三民,2023-02-08,9188
3038,全台,10,0,10,群益金鼎-三民,2023-02-08,9188
00673R,期元大S＆P原油反1,10,0,10,群益金鼎-三民,2023-02-08,9188
3293,鈊象,12,2,10,群益金鼎-三民,2023-02-08,9188
4739,康普,11,1,10,群益金鼎-三民,2023-02-08,9188
1517,利奇,10,0,10,群益金鼎-三民,2023-02-08,9188
2495,普安,10,0,10,群益金鼎-三民,2023-02-08,9188
5351,鈺創,14,4,10,群益金鼎-三民,2023-02-08,9188
6472,保瑞,41,32,9,群益金鼎-三民,2023-02-08,9188
1524,耿鼎,9,0,9,群益金鼎-三民,2023-02-08,9188
2401,凌陽,24,15,9,群益金鼎-三民,2023-02-08,9188
00679B,元大美債20年,9,0,9,群益金鼎-三民,2023-02-08,9188
8289,泰藝,268,19,249,群益金鼎-三民,2023-02-09,9188
00772B,中信高評級公司債,122,0,122,群益金鼎-三民,2023-02-09,9188
6129,普誠,119,4,115,群益金鼎-三民,2023-02-09,9188
9105,泰金寶-DR,116,1,115,群益金鼎-三民,2023-02-09,9188
3710,連展投控,102,1,101,群益金鼎-三民,2023-02-09,9188
00878,國泰永續高股息,104,35,69,群益金鼎-三民,2023-02-09,9188
1217,愛之味,40,0,40,群益金鼎-三民,2023-02-09,9188
6603,富強鑫,40,0,40,群益金鼎-三民,2023-02-09,9188
2344,華邦電,104,68,36,群益金鼎-三民,2023-02-09,9188
00882,中信中國高股息,31,0,31,群益金鼎-三民,2023-02-09,9188
00673R,期元大S＆P原油反1,30,0,30,群益金鼎-三民,2023-02-09,9188
2520,冠德,30,0,30,群益金鼎-三民,2023-02-09,9188
6215,和椿,42,12,30,群益金鼎-三民,2023-02-09,9188
1101,台泥,27,1,26,群益金鼎-三民,2023-02-09,9188
4743,合一,58,33,25,群益金鼎-三民,2023-02-09,9188
2891,中信金,23,0,23,群益金鼎-三民,2023-02-09,9188
2812,台中銀,21,0,21,群益金鼎-三民,2023-02-09,9188
2468,華經,22,1,21,群益金鼎-三民,2023-02-09,9188
6770,力積電,21,0,21,群益金鼎-三民,2023-02-09,9188
00679B,元大美債20年,21,0,21,群益金鼎-三民,2023-02-09,9188
00665L,富邦�琤肭磪囓�2,20,0,20,群益金鼎-三民,2023-02-09,9188
2453,凌群,17,0,17,群益金鼎-三民,2023-02-09,9188
3014,聯陽,20,3,17,群益金鼎-三民,2023-02-09,9188
2845,遠東銀,17,0,17,群益金鼎-三民,2023-02-09,9188
1605,華新,24,8,16,群益金鼎-三民,2023-02-09,9188
00885,富邦越南,15,0,15,群益金鼎-三民,2023-02-09,9188
3481,群創,36,21,15,群益金鼎-三民,2023-02-09,9188
0056,元大高股息,16,1,15,群益金鼎-三民,2023-02-09,9188
1737,臺鹽,15,0,15,群益金鼎-三民,2023-02-09,9188
6666,羅麗芬-KY,14,0,14,群益金鼎-三民,2023-02-09,9188
3114,好德,13,0,13,群益金鼎-三民,2023-02-09,9188
1432,大魯閣,15,3,12,群益金鼎-三民,2023-02-09,9188
8227,巨有科技,23,12,11,群益金鼎-三民,2023-02-09,9188
00632R,元大台灣50反1,21,10,11,群益金鼎-三民,2023-02-09,9188
5608,四維航,14,3,11,群益金鼎-三民,2023-02-09,9188
8016,矽創,12,1,11,群益金鼎-三民,2023-02-09,9188
4130,健亞,19,8,11,群益金鼎-三民,2023-02-09,9188
3035,智原,15,5,10,群益金鼎-三民,2023-02-09,9188
4164,承業醫,10,0,10,群益金鼎-三民,2023-02-09,9188
8415,大國鋼,10,0,10,群益金鼎-三民,2023-02-09,9188
00680L,元大美債20正2,10,0,10,群益金鼎-三民,2023-02-09,9188
4960,誠美材,12,2,10,群益金鼎-三民,2023-02-09,9188
4766,南寶,10,0,10,群益金鼎-三民,2023-02-09,9188
2885,元大金,10,0,10,群益金鼎-三民,2023-02-09,9188
1304,台聚,10,0,10,群益金鼎-三民,2023-02-09,9188
3624,光頡,18,9,9,群益金鼎-三民,2023-02-09,9188
9907,統一實,9,0,9,群益金鼎-三民,2023-02-09,9188
5464,霖宏,9,1,8,群益金鼎-三民,2023-02-09,9188
3207,耀勝,10,2,8,群益金鼎-三民,2023-02-09,9188
4167,松瑞藥,9,1,8,群益金鼎-三民,2023-02-09,9188
00669R,國泰美國道瓊反1,276,0,276,群益金鼎-三民,2023-02-10,9188
00878,國泰永續高股息,180,1,179,群益金鼎-三民,2023-02-10,9188
6509,聚和,154,37,117,群益金鼎-三民,2023-02-10,9188
8289,泰藝,67,3,64,群益金鼎-三民,2023-02-10,9188
9105,泰金寶-DR,50,0,50,群益金鼎-三民,2023-02-10,9188
2344,華邦電,50,3,47,群益金鼎-三民,2023-02-10,9188
6168,宏齊,32,0,32,群益金鼎-三民,2023-02-10,9188
8927,北基,30,0,30,群益金鼎-三民,2023-02-10,9188
6770,力積電,29,1,28,群益金鼎-三民,2023-02-10,9188
2409,友達,28,1,27,群益金鼎-三民,2023-02-10,9188
2618,長榮航,27,1,26,群益金鼎-三民,2023-02-10,9188
00632R,元大台灣50反1,25,0,25,群益金鼎-三民,2023-02-10,9188
5011,久陽,24,0,24,群益金鼎-三民,2023-02-10,9188
2014,中鴻,24,0,24,群益金鼎-三民,2023-02-10,9188
2498,宏達電,97,74,23,群益金鼎-三民,2023-02-10,9188
0056,元大高股息,27,6,21,群益金鼎-三民,2023-02-10,9188
6005,群益證,20,0,20,群益金鼎-三民,2023-02-10,9188
5425,台半,23,3,20,群益金鼎-三民,2023-02-10,9188
00752,中信中國50,20,0,20,群益金鼎-三民,2023-02-10,9188
4979,華星光,24,7,17,群益金鼎-三民,2023-02-10,9188
2201,裕隆,24,9,15,群益金鼎-三民,2023-02-10,9188
2727,王品,17,2,15,群益金鼎-三民,2023-02-10,9188
1308,亞聚,14,0,14,群益金鼎-三民,2023-02-10,9188
6806,森崴能源,31,17,14,群益金鼎-三民,2023-02-10,9188
6546,正基,14,0,14,群益金鼎-三民,2023-02-10,9188
2609,陽明,26,14,12,群益金鼎-三民,2023-02-10,9188
6282,康舒,34,22,12,群益金鼎-三民,2023-02-10,9188
4977,眾達-KY,17,5,12,群益金鼎-三民,2023-02-10,9188
2377,微星,12,0,12,群益金鼎-三民,2023-02-10,9188
1609,大亞,12,0,12,群益金鼎-三民,2023-02-10,9188
8038,長園科,11,0,11,群益金鼎-三民,2023-02-10,9188
3707,漢磊,12,1,11,群益金鼎-三民,2023-02-10,9188
4162,智擎,12,1,11,群益金鼎-三民,2023-02-10,9188
2009,第一銅,15,5,10,群益金鼎-三民,2023-02-10,9188
2929,淘帝-KY,10,0,10,群益金鼎-三民,2023-02-10,9188
6139,亞翔,10,0,10,群益金鼎-三民,2023-02-10,9188
6552,易華電,10,0,10,群益金鼎-三民,2023-02-10,9188
6533,晶心科,10,1,9,群益金鼎-三民,2023-02-10,9188
5465,富驊,9,0,9,群益金鼎-三民,2023-02-10,9188
1210,大成,16,7,9,群益金鼎-三民,2023-02-10,9188
6492,生華科,9,0,9,群益金鼎-三民,2023-02-10,9188
2634,漢翔,84,76,8,群益金鼎-三民,2023-02-10,9188
2313,華通,13,5,8,群益金鼎-三民,2023-02-10,9188
6558,興能高,9,1,8,群益金鼎-三民,2023-02-10,9188
3046,建��,10,2,8,群益金鼎-三民,2023-02-10,9188
1784,訊聯,8,0,8,群益金鼎-三民,2023-02-10,9188
6187,萬潤,9,1,8,群益金鼎-三民,2023-02-10,9188
00655L,國泰中國A50正2,8,0,8,群益金鼎-三民,2023-02-10,9188
2603,長榮,24,17,7,群益金鼎-三民,2023-02-10,9188
00679B,元大美債20年,7,0,7,群益金鼎-三民,2023-02-10,9188
6142,友勁,520,82,438,群益金鼎-三民,2023-02-13,9188
00878,國泰永續高股息,78,5,73,群益金鼎-三民,2023-02-13,9188
5484,慧友,51,0,51,群益金鼎-三民,2023-02-13,9188
8927,北基,43,0,43,群益金鼎-三民,2023-02-13,9188
2409,友達,40,0,40,群益金鼎-三民,2023-02-13,9188
3583,辛耘,41,1,40,群益金鼎-三民,2023-02-13,9188
6005,群益證,38,0,38,群益金鼎-三民,2023-02-13,9188
2317,鴻海,49,18,31,群益金鼎-三民,2023-02-13,9188
1217,愛之味,30,0,30,群益金鼎-三民,2023-02-13,9188
2609,陽明,53,25,28,群益金鼎-三民,2023-02-13,9188
3479,安勤,27,1,26,群益金鼎-三民,2023-02-13,9188
2303,聯電,26,5,21,群益金鼎-三民,2023-02-13,9188
5315,光聯,27,6,21,群益金鼎-三民,2023-02-13,9188
2506,太設,20,0,20,群益金鼎-三民,2023-02-13,9188
9105,泰金寶-DR,20,0,20,群益金鼎-三民,2023-02-13,9188
1909,榮成,20,0,20,群益金鼎-三民,2023-02-13,9188
6405,悅城,20,0,20,群益金鼎-三民,2023-02-13,9188
00679B,元大美債20年,19,0,19,群益金鼎-三民,2023-02-13,9188
2449,京元電子,20,1,19,群益金鼎-三民,2023-02-13,9188
6865,偉康科技,16,0,16,群益金鼎-三民,2023-02-13,9188
3032,偉訓,16,0,16,群益金鼎-三民,2023-02-13,9188
1795,美時,39,23,16,群益金鼎-三民,2023-02-13,9188
2845,遠東銀,15,0,15,群益金鼎-三民,2023-02-13,9188
6288,聯嘉,15,0,15,群益金鼎-三民,2023-02-13,9188
6133,金橋,17,2,15,群益金鼎-三民,2023-02-13,9188
3362,先進光,16,2,14,群益金鼎-三民,2023-02-13,9188
4114,健喬,25,12,13,群益金鼎-三民,2023-02-13,9188
2897,王道銀行,18,5,13,群益金鼎-三民,2023-02-13,9188
2634,漢翔,17,4,13,群益金鼎-三民,2023-02-13,9188
2457,飛宏,13,2,11,群益金鼎-三民,2023-02-13,9188
2206,三陽工業,16,5,11,群益金鼎-三民,2023-02-13,9188
2498,宏達電,51,40,11,群益金鼎-三民,2023-02-13,9188
2887,台新金,11,0,11,群益金鼎-三民,2023-02-13,9188
00919,群益台灣精選高息,11,0,11,群益金鼎-三民,2023-02-13,9188
2881,富邦金,13,3,10,群益金鼎-三民,2023-02-13,9188
1709,和益,10,0,10,群益金鼎-三民,2023-02-13,9188
00723B,群益投資級科技債,10,0,10,群益金鼎-三民,2023-02-13,9188
1540,喬福,25,15,10,群益金鼎-三民,2023-02-13,9188
6649,台生材,10,0,10,群益金鼎-三民,2023-02-13,9188
6271,同欣電,10,1,9,群益金鼎-三民,2023-02-13,9188
5011,久陽,9,0,9,群益金鼎-三民,2023-02-13,9188
6282,康舒,24,16,8,群益金鼎-三民,2023-02-13,9188
2618,長榮航,8,0,8,群益金鼎-三民,2023-02-13,9188
2753,八方雲集,27,19,8,群益金鼎-三民,2023-02-13,9188
3481,群創,13,5,8,群益金鼎-三民,2023-02-13,9188
1560,中砂,10,2,8,群益金鼎-三民,2023-02-13,9188
00780B,國泰A級金融債,8,0,8,群益金鼎-三民,2023-02-13,9188
3114,好德,8,0,8,群益金鼎-三民,2023-02-13,9188
2603,長榮,11,3,8,群益金鼎-三民,2023-02-13,9188
00720B,元大投資級公司債,7,0,7,群益金鼎-三民,2023-02-13,9188
00632R,元大台灣50反1,41,0,41,群益金鼎-三民,2023-02-14,9188
1447,力鵬,42,2,40,群益金鼎-三民,2023-02-14,9188
1473,台南,53,16,37,群益金鼎-三民,2023-02-14,9188
2506,太設,35,0,35,群益金鼎-三民,2023-02-14,9188
00878,國泰永續高股息,54,21,33,群益金鼎-三民,2023-02-14,9188
5425,台半,30,0,30,群益金鼎-三民,2023-02-14,9188
1701,中化,36,8,28,群益金鼎-三民,2023-02-14,9188
2884,玉山金,63,38,25,群益金鼎-三民,2023-02-14,9188
3035,智原,23,3,20,群益金鼎-三民,2023-02-14,9188
6142,友勁,35,15,20,群益金鼎-三民,2023-02-14,9188
4114,健喬,48,30,18,群益金鼎-三民,2023-02-14,9188
2498,宏達電,40,22,18,群益金鼎-三民,2023-02-14,9188
2453,凌群,39,25,14,群益金鼎-三民,2023-02-14,9188
1314,中石化,14,0,14,群益金鼎-三民,2023-02-14,9188
3703,欣陸,13,0,13,群益金鼎-三民,2023-02-14,9188
2344,華邦電,15,2,13,群益金鼎-三民,2023-02-14,9188
6517,保勝光學,13,1,12,群益金鼎-三民,2023-02-14,9188
6235,華孚,14,2,12,群益金鼎-三民,2023-02-14,9188
3661,世芯-KY,16,5,11,群益金鼎-三民,2023-02-14,9188
2883,凱基金,32,21,11,群益金鼎-三民,2023-02-14,9188
2449,京元電子,13,2,11,群益金鼎-三民,2023-02-14,9188
6180,橘子,17,7,10,群益金鼎-三民,2023-02-14,9188
9105,泰金寶-DR,10,0,10,群益金鼎-三民,2023-02-14,9188
5484,慧友,10,0,10,群益金鼎-三民,2023-02-14,9188
6277,宏正,10,0,10,群益金鼎-三民,2023-02-14,9188
1101,台泥,26,17,9,群益金鼎-三民,2023-02-14,9188
1720,生達,10,1,9,群益金鼎-三民,2023-02-14,9188
00639,富邦深100,9,0,9,群益金鼎-三民,2023-02-14,9188
5465,富驊,9,0,9,群益金鼎-三民,2023-02-14,9188
6605,帝寶,9,1,8,群益金鼎-三民,2023-02-14,9188
2009,第一銅,13,5,8,群益金鼎-三民,2023-02-14,9188
00664R,國泰臺灣加權反1,8,0,8,群益金鼎-三民,2023-02-14,9188
2332,友訊,8,0,8,群益金鼎-三民,2023-02-14,9188
3038,全台,8,0,8,群益金鼎-三民,2023-02-14,9188
3094,聯傑,8,0,8,群益金鼎-三民,2023-02-14,9188
1210,大成,8,1,7,群益金鼎-三民,2023-02-14,9188
3680,家登,7,0,7,群益金鼎-三民,2023-02-14,9188
5351,鈺創,8,1,7,群益金鼎-三民,2023-02-14,9188
3105,穩懋,8,1,7,群益金鼎-三民,2023-02-14,9188
3704,合勤控,25,18,7,群益金鼎-三民,2023-02-14,9188
3594,磐儀,14,7,7,群益金鼎-三民,2023-02-14,9188
2368,金像電,11,5,6,群益金鼎-三民,2023-02-14,9188
3693,營邦,6,0,6,群益金鼎-三民,2023-02-14,9188
2314,台揚,8,2,6,群益金鼎-三民,2023-02-14,9188
3019,亞光,6,0,6,群益金鼎-三民,2023-02-14,9188
3362,先進光,5,0,5,群益金鼎-三民,2023-02-14,9188
1102,亞泥,5,0,5,群益金鼎-三民,2023-02-14,9188
5315,光聯,5,0,5,群益金鼎-三民,2023-02-14,9188
3090,日電貿,5,0,5,群益金鼎-三民,2023-02-14,9188
1708,東鹼,5,0,5,群益金鼎-三民,2023-02-14,9188
00651R,復華香港反1,200,0,200,群益金鼎-三民,2023-02-15,9188
3481,群創,127,48,79,群益金鼎-三民,2023-02-15,9188
00878,國泰永續高股息,171,117,54,群益金鼎-三民,2023-02-15,9188
2009,第一銅,45,1,44,群益金鼎-三民,2023-02-15,9188
2457,飛宏,40,0,40,群益金鼎-三民,2023-02-15,9188
2884,玉山金,35,3,32,群益金鼎-三民,2023-02-15,9188
2317,鴻海,43,11,32,群益金鼎-三民,2023-02-15,9188
0050,元大台灣50,24,0,24,群益金鼎-三民,2023-02-15,9188
2618,長榮航,21,0,21,群益金鼎-三民,2023-02-15,9188
2867,三商壽,21,0,21,群益金鼎-三民,2023-02-15,9188
5484,慧友,21,0,21,群益金鼎-三民,2023-02-15,9188
1305,華夏,20,0,20,群益金鼎-三民,2023-02-15,9188
1342,八貫,49,29,20,群益金鼎-三民,2023-02-15,9188
1611,中電,23,3,20,群益金鼎-三民,2023-02-15,9188
2498,宏達電,92,73,19,群益金鼎-三民,2023-02-15,9188
8069,元太,20,2,18,群益金鼎-三民,2023-02-15,9188
3653,健策,15,0,15,群益金鼎-三民,2023-02-15,9188
6770,力積電,23,8,15,群益金鼎-三民,2023-02-15,9188
2845,遠東銀,14,0,14,群益金鼎-三民,2023-02-15,9188
6168,宏齊,12,0,12,群益金鼎-三民,2023-02-15,9188
00637L,元大滬深300正2,17,6,11,群益金鼎-三民,2023-02-15,9188
3260,威剛,12,1,11,群益金鼎-三民,2023-02-15,9188
5880,合庫金,10,0,10,群益金鼎-三民,2023-02-15,9188
6140,訊達,10,0,10,群益金鼎-三民,2023-02-15,9188
2506,太設,10,0,10,群益金鼎-三民,2023-02-15,9188
00753L,中信中國50正2,16,6,10,群益金鼎-三民,2023-02-15,9188
00673R,期元大S＆P原油反1,10,0,10,群益金鼎-三民,2023-02-15,9188
6649,台生材,10,0,10,群益金鼎-三民,2023-02-15,9188
2330,台積電,24,14,10,群益金鼎-三民,2023-02-15,9188
2002,中鋼,9,0,9,群益金鼎-三民,2023-02-15,9188
3189,景碩,12,3,9,群益金鼎-三民,2023-02-15,9188
4763,材料-KY,14,6,8,群益金鼎-三民,2023-02-15,9188
3264,欣銓,8,0,8,群益金鼎-三民,2023-02-15,9188
3707,漢磊,11,3,8,群益金鼎-三民,2023-02-15,9188
6282,康舒,11,3,8,群益金鼎-三民,2023-02-15,9188
2603,長榮,9,2,7,群益金鼎-三民,2023-02-15,9188
2344,華邦電,10,3,7,群益金鼎-三民,2023-02-15,9188
4129,聯合,7,0,7,群益金鼎-三民,2023-02-15,9188
4977,眾達-KY,7,0,7,群益金鼎-三民,2023-02-15,9188
2883,凱基金,7,0,7,群益金鼎-三民,2023-02-15,9188
3545,敦泰,8,2,6,群益金鼎-三民,2023-02-15,9188
00653L,富邦印度正2,6,0,6,群益金鼎-三民,2023-02-15,9188
3221,台嘉碩,14,8,6,群益金鼎-三民,2023-02-15,9188
4123,晟德,6,0,6,群益金鼎-三民,2023-02-15,9188
4915,致伸,7,1,6,群益金鼎-三民,2023-02-15,9188
6712,長聖,10,4,6,群益金鼎-三民,2023-02-15,9188
00900,富邦特選高股息30,14,8,6,群益金鼎-三民,2023-02-15,9188
6492,生華科,6,0,6,群益金鼎-三民,2023-02-15,9188
2882,國泰金,5,0,5,群益金鼎-三民,2023-02-15,9188
00665L,富邦�琤肭磪囓�2,5,0,5,群益金鼎-三民,2023-02-15,9188
02002L,兆豐富櫃200正二N,100,0,100,群益金鼎-三民,2023-02-16,9188
8261,富鼎,75,3,72,群益金鼎-三民,2023-02-16,9188
00679B,元大美債20年,63,0,63,群益金鼎-三民,2023-02-16,9188
00878,國泰永續高股息,81,18,63,群益金鼎-三民,2023-02-16,9188
1104,環泥,50,0,50,群益金鼎-三民,2023-02-16,9188
6533,晶心科,38,2,36,群益金鼎-三民,2023-02-16,9188
6005,群益證,54,20,34,群益金鼎-三民,2023-02-16,9188
2606,裕民,31,1,30,群益金鼎-三民,2023-02-16,9188
00632R,元大台灣50反1,29,0,29,群益金鼎-三民,2023-02-16,9188
2884,玉山金,39,14,25,群益金鼎-三民,2023-02-16,9188
00665L,富邦�琤肭磪囓�2,27,2,25,群益金鼎-三民,2023-02-16,9188
2607,榮運,34,12,22,群益金鼎-三民,2023-02-16,9188
4127,天良,20,0,20,群益金鼎-三民,2023-02-16,9188
00751B,元大AAA至A公司債,20,0,20,群益金鼎-三民,2023-02-16,9188
8940,新天地,20,2,18,群益金鼎-三民,2023-02-16,9188
5871,中租-KY,15,0,15,群益金鼎-三民,2023-02-16,9188
3710,連展投控,16,1,15,群益金鼎-三民,2023-02-16,9188
6118,建達,15,0,15,群益金鼎-三民,2023-02-16,9188
8222,寶一,21,6,15,群益金鼎-三民,2023-02-16,9188
3037,欣興,100,86,14,群益金鼎-三民,2023-02-16,9188
2206,三陽工業,15,1,14,群益金鼎-三民,2023-02-16,9188
4744,皇將,13,0,13,群益金鼎-三民,2023-02-16,9188
1784,訊聯,14,1,13,群益金鼎-三民,2023-02-16,9188
1101,台泥,16,3,13,群益金鼎-三民,2023-02-16,9188
00772B,中信高評級公司債,12,0,12,群益金鼎-三民,2023-02-16,9188
1701,中化,12,0,12,群益金鼎-三民,2023-02-16,9188
00885,富邦越南,12,0,12,群益金鼎-三民,2023-02-16,9188
3711,日月光投控,10,0,10,群益金鼎-三民,2023-02-16,9188
5258,虹堡,16,6,10,群益金鼎-三民,2023-02-16,9188
3149,正達,10,0,10,群益金鼎-三民,2023-02-16,9188
2415,錩新,10,0,10,群益金鼎-三民,2023-02-16,9188
8234,新漢,12,3,9,群益金鼎-三民,2023-02-16,9188
2369,菱生,9,0,9,群益金鼎-三民,2023-02-16,9188
2478,大毅,10,1,9,群益金鼎-三民,2023-02-16,9188
3189,景碩,9,1,8,群益金鼎-三民,2023-02-16,9188
6142,友勁,13,5,8,群益金鼎-三民,2023-02-16,9188
2453,凌群,25,17,8,群益金鼎-三民,2023-02-16,9188
6257,矽格,8,0,8,群益金鼎-三民,2023-02-16,9188
4934,太極,9,1,8,群益金鼎-三民,2023-02-16,9188
2038,海光,9,1,8,群益金鼎-三民,2023-02-16,9188
6215,和椿,9,1,8,群益金鼎-三民,2023-02-16,9188
9933,中鼎,10,2,8,群益金鼎-三民,2023-02-16,9188
2030,彰源,8,0,8,群益金鼎-三民,2023-02-16,9188
00780B,國泰A級金融債,8,0,8,群益金鼎-三民,2023-02-16,9188
3443,創意,13,6,7,群益金鼎-三民,2023-02-16,9188
00893,國泰智能電動車,20,13,7,群益金鼎-三民,2023-02-16,9188
2888,新光金,7,0,7,群益金鼎-三民,2023-02-16,9188
6509,聚和,8,1,7,群益金鼎-三民,2023-02-16,9188
1611,中電,8,1,7,群益金鼎-三民,2023-02-16,9188
8103,瀚荃,6,0,6,群益金鼎-三民,2023-02-16,9188
00669R,國泰美國道瓊反1,400,50,350,群益金鼎-三民,2023-02-17,9188
00878,國泰永續高股息,132,2,130,群益金鼎-三民,2023-02-17,9188
2610,華航,158,35,123,群益金鼎-三民,2023-02-17,9188
5701,劍湖山,100,14,86,群益金鼎-三民,2023-02-17,9188
6168,宏齊,81,2,79,群益金鼎-三民,2023-02-17,9188
00680L,元大美債20正2,59,0,59,群益金鼎-三民,2023-02-17,9188
1540,喬福,51,0,51,群益金鼎-三民,2023-02-17,9188
3038,全台,50,0,50,群益金鼎-三民,2023-02-17,9188
2706,第一店,50,0,50,群益金鼎-三民,2023-02-17,9188
00679B,元大美債20年,38,0,38,群益金鼎-三民,2023-02-17,9188
2892,第一金,42,4,38,群益金鼎-三民,2023-02-17,9188
1605,華新,62,29,33,群益金鼎-三民,2023-02-17,9188
6129,普誠,35,2,33,群益金鼎-三民,2023-02-17,9188
6116,彩晶,44,13,31,群益金鼎-三民,2023-02-17,9188
2634,漢翔,32,7,25,群益金鼎-三民,2023-02-17,9188
4960,誠美材,58,34,24,群益金鼎-三民,2023-02-17,9188
00893,國泰智能電動車,25,1,24,群益金鼎-三民,2023-02-17,9188
02002L,兆豐富櫃200正二N,20,0,20,群益金鼎-三民,2023-02-17,9188
1519,華城,24,5,19,群益金鼎-三民,2023-02-17,9188
4168,醣聯,25,6,19,群益金鼎-三民,2023-02-17,9188
2606,裕民,20,1,19,群益金鼎-三民,2023-02-17,9188
6712,長聖,19,0,19,群益金鼎-三民,2023-02-17,9188
2618,長榮航,31,13,18,群益金鼎-三民,2023-02-17,9188
4549,桓達,18,0,18,群益金鼎-三民,2023-02-17,9188
00637L,元大滬深300正2,43,26,17,群益金鼎-三民,2023-02-17,9188
6005,群益證,16,0,16,群益金鼎-三民,2023-02-17,9188
2845,遠東銀,16,0,16,群益金鼎-三民,2023-02-17,9188
8105,凌巨,20,5,15,群益金鼎-三民,2023-02-17,9188
00900,富邦特選高股息30,19,6,13,群益金鼎-三民,2023-02-17,9188
6666,羅麗芬-KY,18,5,13,群益金鼎-三民,2023-02-17,9188
3014,聯陽,12,0,12,群益金鼎-三民,2023-02-17,9188
4906,正文,11,0,11,群益金鼎-三民,2023-02-17,9188
3035,智原,14,3,11,群益金鼎-三民,2023-02-17,9188
3374,精材,12,1,11,群益金鼎-三民,2023-02-17,9188
2375,凱美,18,7,11,群益金鼎-三民,2023-02-17,9188
6266,泰詠,10,0,10,群益金鼎-三民,2023-02-17,9188
2397,友通,10,0,10,群益金鼎-三民,2023-02-17,9188
8383,千附,10,0,10,群益金鼎-三民,2023-02-17,9188
00664R,國泰臺灣加權反1,10,0,10,群益金鼎-三民,2023-02-17,9188
00676R,富邦臺灣加權反1,10,0,10,群益金鼎-三民,2023-02-17,9188
8086,宏捷科,10,0,10,群益金鼎-三民,2023-02-17,9188
2603,長榮,13,4,9,群益金鼎-三民,2023-02-17,9188
8358,金居,10,1,9,群益金鼎-三民,2023-02-17,9188
2867,三商壽,10,1,9,群益金鼎-三民,2023-02-17,9188
1210,大成,9,0,9,群益金鼎-三民,2023-02-17,9188
3024,憶聲,14,5,9,群益金鼎-三民,2023-02-17,9188
2731,雄獅,12,3,9,群益金鼎-三民,2023-02-17,9188
2330,台積電,15,6,9,群益金鼎-三民,2023-02-17,9188
6257,矽格,8,0,8,群益金鼎-三民,2023-02-17,9188
6120,達運,8,0,8,群益金鼎-三民,2023-02-17,9188
2610,華航,227,48,179,群益金鼎-三民,2023-02-20,9188
1314,中石化,121,4,117,群益金鼎-三民,2023-02-20,9188
2812,台中銀,101,4,97,群益金鼎-三民,2023-02-20,9188
00679B,元大美債20年,34,0,34,群益金鼎-三民,2023-02-20,9188
00902,中信電池及儲能,34,0,34,群益金鼎-三民,2023-02-20,9188
2457,飛宏,44,11,33,群益金鼎-三民,2023-02-20,9188
2349,錸德,40,10,30,群益金鼎-三民,2023-02-20,9188
2406,國碩,30,1,29,群益金鼎-三民,2023-02-20,9188
2104,國際中橡,27,0,27,群益金鼎-三民,2023-02-20,9188
3058,立德,22,2,20,群益金鼎-三民,2023-02-20,9188
6461,益得,20,0,20,群益金鼎-三民,2023-02-20,9188
2882,國泰金,34,15,19,群益金鼎-三民,2023-02-20,9188
2634,漢翔,22,4,18,群益金鼎-三民,2023-02-20,9188
2887,台新金,20,3,17,群益金鼎-三民,2023-02-20,9188
8076,伍豐,16,0,16,群益金鼎-三民,2023-02-20,9188
2208,台船,25,9,16,群益金鼎-三民,2023-02-20,9188
00674R,期元大S＆P黃金反1,15,0,15,群益金鼎-三民,2023-02-20,9188
4526,東台,18,3,15,群益金鼎-三民,2023-02-20,9188
6168,宏齊,15,0,15,群益金鼎-三民,2023-02-20,9188
5706,鳳凰,35,20,15,群益金鼎-三民,2023-02-20,9188
4161,聿新科,14,0,14,群益金鼎-三民,2023-02-20,9188
3693,營邦,17,3,14,群益金鼎-三民,2023-02-20,9188
6414,樺漢,14,0,14,群益金鼎-三民,2023-02-20,9188
1708,東鹼,20,7,13,群益金鼎-三民,2023-02-20,9188
3027,盛達,14,2,12,群益金鼎-三民,2023-02-20,9188
3062,建漢,14,2,12,群益金鼎-三民,2023-02-20,9188
00673R,期元大S＆P原油反1,22,10,12,群益金鼎-三民,2023-02-20,9188
3006,晶豪科,12,1,11,群益金鼎-三民,2023-02-20,9188
3014,聯陽,11,0,11,群益金鼎-三民,2023-02-20,9188
2845,遠東銀,11,0,11,群益金鼎-三民,2023-02-20,9188
6156,松上,11,0,11,群益金鼎-三民,2023-02-20,9188
2504,國產,11,0,11,群益金鼎-三民,2023-02-20,9188
6432,今展科,11,0,11,群益金鼎-三民,2023-02-20,9188
4721,美琪瑪,10,0,10,群益金鼎-三民,2023-02-20,9188
4157,太景*-KY,12,2,10,群益金鼎-三民,2023-02-20,9188
2363,矽統,10,0,10,群益金鼎-三民,2023-02-20,9188
5443,均豪,10,0,10,群益金鼎-三民,2023-02-20,9188
1438,三地開發,10,0,10,群益金鼎-三民,2023-02-20,9188
4127,天良,10,0,10,群益金鼎-三民,2023-02-20,9188
2455,全新,11,1,10,群益金鼎-三民,2023-02-20,9188
00772B,中信高評級公司債,10,0,10,群益金鼎-三民,2023-02-20,9188
6741,91APP*-KY,16,6,10,群益金鼎-三民,2023-02-20,9188
00632R,元大台灣50反1,25,15,10,群益金鼎-三民,2023-02-20,9188
8182,加高,10,0,10,群益金鼎-三民,2023-02-20,9188
8227,巨有科技,11,1,10,群益金鼎-三民,2023-02-20,9188
2014,中鴻,21,11,10,群益金鼎-三民,2023-02-20,9188
1701,中化,21,12,9,群益金鼎-三民,2023-02-20,9188
6282,康舒,14,6,8,群益金鼎-三民,2023-02-20,9188
8050,廣積,9,1,8,群益金鼎-三民,2023-02-20,9188
4763,材料-KY,13,5,8,群益金鼎-三民,2023-02-20,9188
2884,玉山金,319,35,284,群益金鼎-三民,2023-02-21,9188
1712,興農,204,0,204,群益金鼎-三民,2023-02-21,9188
2337,旺宏,203,10,193,群益金鼎-三民,2023-02-21,9188
2610,華航,76,9,67,群益金鼎-三民,2023-02-21,9188
1473,台南,58,0,58,群益金鼎-三民,2023-02-21,9188
3715,定穎投控,57,0,57,群益金鼎-三民,2023-02-21,9188
2888,新光金,52,0,52,群益金鼎-三民,2023-02-21,9188
00905,FT臺灣Smart,51,0,51,群益金鼎-三民,2023-02-21,9188
3149,正達,50,0,50,群益金鼎-三民,2023-02-21,9188
6168,宏齊,51,2,49,群益金鼎-三民,2023-02-21,9188
2618,長榮航,67,19,48,群益金鼎-三民,2023-02-21,9188
2887,台新金,55,7,48,群益金鼎-三民,2023-02-21,9188
3711,日月光投控,31,0,31,群益金鼎-三民,2023-02-21,9188
1584,精剛,37,7,30,群益金鼎-三民,2023-02-21,9188
5701,劍湖山,30,1,29,群益金鼎-三民,2023-02-21,9188
2104,國際中橡,28,0,28,群益金鼎-三民,2023-02-21,9188
1103,嘉泥,26,0,26,群益金鼎-三民,2023-02-21,9188
3062,建漢,27,1,26,群益金鼎-三民,2023-02-21,9188
1336,台翰,28,2,26,群益金鼎-三民,2023-02-21,9188
1210,大成,37,12,25,群益金鼎-三民,2023-02-21,9188
2615,萬海,62,38,24,群益金鼎-三民,2023-02-21,9188
00679B,元大美債20年,23,0,23,群益金鼎-三民,2023-02-21,9188
1217,愛之味,22,0,22,群益金鼎-三民,2023-02-21,9188
9945,潤泰新,22,1,21,群益金鼎-三民,2023-02-21,9188
00725B,國泰投資級公司債,20,0,20,群益金鼎-三民,2023-02-21,9188
4127,天良,20,0,20,群益金鼎-三民,2023-02-21,9188
1440,南紡,20,0,20,群益金鼎-三民,2023-02-21,9188
2890,永豐金,21,1,20,群益金鼎-三民,2023-02-21,9188
3675,德微,30,12,18,群益金鼎-三民,2023-02-21,9188
8936,國統,27,10,17,群益金鼎-三民,2023-02-21,9188
2359,所羅門,16,0,16,群益金鼎-三民,2023-02-21,9188
4128,中天,36,20,16,群益金鼎-三民,2023-02-21,9188
4743,合一,35,20,15,群益金鼎-三民,2023-02-21,9188
6547,高端疫苗,15,0,15,群益金鼎-三民,2023-02-21,9188
2883,凱基金,22,7,15,群益金鼎-三民,2023-02-21,9188
6461,益得,15,0,15,群益金鼎-三民,2023-02-21,9188
8222,寶一,20,5,15,群益金鼎-三民,2023-02-21,9188
00751B,元大AAA至A公司債,13,0,13,群益金鼎-三民,2023-02-21,9188
3019,亞光,17,4,13,群益金鼎-三民,2023-02-21,9188
1605,華新,106,94,12,群益金鼎-三民,2023-02-21,9188
6165,浪凡,21,9,12,群益金鼎-三民,2023-02-21,9188
00878,國泰永續高股息,16,5,11,群益金鼎-三民,2023-02-21,9188
1432,大魯閣,12,1,11,群益金鼎-三民,2023-02-21,9188
2038,海光,11,0,11,群益金鼎-三民,2023-02-21,9188
6142,友勁,11,0,11,群益金鼎-三民,2023-02-21,9188
2885,元大金,11,0,11,群益金鼎-三民,2023-02-21,9188
4961,天鈺,43,33,10,群益金鼎-三民,2023-02-21,9188
2634,漢翔,20,10,10,群益金鼎-三民,2023-02-21,9188
0050,元大台灣50,10,0,10,群益金鼎-三民,2023-02-21,9188
8086,宏捷科,22,12,10,群益金鼎-三民,2023-02-21,9188
00885,富邦越南,233,0,233,群益金鼎-三民,2023-02-22,9188
9105,泰金寶-DR,210,0,210,群益金鼎-三民,2023-02-22,9188
2892,第一金,200,11,189,群益金鼎-三民,2023-02-22,9188
00664R,國泰臺灣加權反1,150,20,130,群益金鼎-三民,2023-02-22,9188
2025,千興,120,0,120,群益金鼎-三民,2023-02-22,9188
2337,旺宏,106,2,104,群益金鼎-三民,2023-02-22,9188
2618,長榮航,122,18,104,群益金鼎-三民,2023-02-22,9188
00878,國泰永續高股息,137,44,93,群益金鼎-三民,2023-02-22,9188
2201,裕隆,66,6,60,群益金鼎-三民,2023-02-22,9188
5701,劍湖山,100,45,55,群益金鼎-三民,2023-02-22,9188
00665L,富邦�琤肭磪囓�2,41,0,41,群益金鼎-三民,2023-02-22,9188
8033,雷虎,47,10,37,群益金鼎-三民,2023-02-22,9188
00680L,元大美債20正2,32,0,32,群益金鼎-三民,2023-02-22,9188
00720B,元大投資級公司債,30,0,30,群益金鼎-三民,2023-02-22,9188
8111,立��,32,2,30,群益金鼎-三民,2023-02-22,9188
3322,建舜電,30,0,30,群益金鼎-三民,2023-02-22,9188
2344,華邦電,30,1,29,群益金鼎-三民,2023-02-22,9188
2457,飛宏,36,8,28,群益金鼎-三民,2023-02-22,9188
4526,東台,28,0,28,群益金鼎-三民,2023-02-22,9188
6142,友勁,37,9,28,群益金鼎-三民,2023-02-22,9188
0056,元大高股息,27,1,26,群益金鼎-三民,2023-02-22,9188
4716,大立,25,0,25,群益金鼎-三民,2023-02-22,9188
5425,台半,25,2,23,群益金鼎-三民,2023-02-22,9188
00725B,國泰投資級公司債,23,0,23,群益金鼎-三民,2023-02-22,9188
1217,愛之味,43,21,22,群益金鼎-三民,2023-02-22,9188
3149,正達,22,0,22,群益金鼎-三民,2023-02-22,9188
5381,合正,21,0,21,群益金鼎-三民,2023-02-22,9188
3035,智原,30,9,21,群益金鼎-三民,2023-02-22,9188
4114,健喬,23,3,20,群益金鼎-三民,2023-02-22,9188
8069,元太,25,5,20,群益金鼎-三民,2023-02-22,9188
2883,凱基金,23,3,20,群益金鼎-三民,2023-02-22,9188
4127,天良,20,0,20,群益金鼎-三民,2023-02-22,9188
3049,精金,20,0,20,群益金鼎-三民,2023-02-22,9188
00637L,元大滬深300正2,33,14,19,群益金鼎-三民,2023-02-22,9188
6118,建達,19,0,19,群益金鼎-三民,2023-02-22,9188
8088,品安,20,1,19,群益金鼎-三民,2023-02-22,9188
00753L,中信中國50正2,32,14,18,群益金鼎-三民,2023-02-22,9188
4979,華星光,18,1,17,群益金鼎-三民,2023-02-22,9188
00712,復華富時不動產,17,0,17,群益金鼎-三民,2023-02-22,9188
2905,三商,16,0,16,群益金鼎-三民,2023-02-22,9188
6649,台生材,16,0,16,群益金鼎-三民,2023-02-22,9188
2303,聯電,41,25,16,群益金鼎-三民,2023-02-22,9188
5512,力麒,22,8,14,群益金鼎-三民,2023-02-22,9188
1314,中石化,16,2,14,群益金鼎-三民,2023-02-22,9188
4743,合一,30,17,13,群益金鼎-三民,2023-02-22,9188
4168,醣聯,27,15,12,群益金鼎-三民,2023-02-22,9188
4977,眾達-KY,13,1,12,群益金鼎-三民,2023-02-22,9188
3037,欣興,36,25,11,群益金鼎-三民,2023-02-22,9188
2498,宏達電,44,33,11,群益金鼎-三民,2023-02-22,9188
00893,國泰智能電動車,11,0,11,群益金鼎-三民,2023-02-22,9188
9105,泰金寶-DR,140,0,140,群益金鼎-三民,2023-02-23,9188
2867,三商壽,104,0,104,群益金鼎-三民,2023-02-23,9188
2883B,凱基金乙特,100,0,100,群益金鼎-三民,2023-02-23,9188
6142,友勁,84,0,84,群益金鼎-三民,2023-02-23,9188
5484,慧友,50,0,50,群益金鼎-三民,2023-02-23,9188
2104,國際中橡,50,0,50,群益金鼎-三民,2023-02-23,9188
1712,興農,50,0,50,群益金鼎-三民,2023-02-23,9188
5905,南仁湖,50,1,49,群益金鼎-三民,2023-02-23,9188
9933,中鼎,43,0,43,群益金鼎-三民,2023-02-23,9188
2890,永豐金,42,0,42,群益金鼎-三民,2023-02-23,9188
3058,立德,40,0,40,群益金鼎-三民,2023-02-23,9188
2610,華航,45,5,40,群益金鼎-三民,2023-02-23,9188
2618,長榮航,50,12,38,群益金鼎-三民,2023-02-23,9188
1605,華新,38,0,38,群益金鼎-三民,2023-02-23,9188
00632R,元大台灣50反1,53,20,33,群益金鼎-三民,2023-02-23,9188
00637L,元大滬深300正2,46,14,32,群益金鼎-三民,2023-02-23,9188
2885,元大金,32,0,32,群益金鼎-三民,2023-02-23,9188
2845,遠東銀,31,0,31,群益金鼎-三民,2023-02-23,9188
00720B,元大投資級公司債,31,0,31,群益金鼎-三民,2023-02-23,9188
3707,漢磊,34,3,31,群益金鼎-三民,2023-02-23,9188
6235,華孚,50,19,31,群益金鼎-三民,2023-02-23,9188
5258,虹堡,74,43,31,群益金鼎-三民,2023-02-23,9188
00665L,富邦�琤肭磪囓�2,30,0,30,群益金鼎-三民,2023-02-23,9188
2736,富野,31,1,30,群益金鼎-三民,2023-02-23,9188
2641,正德,30,2,28,群益金鼎-三民,2023-02-23,9188
1217,愛之味,22,0,22,群益金鼎-三民,2023-02-23,9188
8927,北基,50,29,21,群益金鼎-三民,2023-02-23,9188
1503,士電,22,1,21,群益金鼎-三民,2023-02-23,9188
00670L,富邦NASDAQ正2,20,0,20,群益金鼎-三民,2023-02-23,9188
2349,錸德,20,0,20,群益金鼎-三民,2023-02-23,9188
1907,永豐餘,22,2,20,群益金鼎-三民,2023-02-23,9188
5512,力麒,24,5,19,群益金鼎-三民,2023-02-23,9188
3014,聯陽,21,2,19,群益金鼎-三民,2023-02-23,9188
4526,東台,20,1,19,群益金鼎-三民,2023-02-23,9188
4931,新盛力,17,0,17,群益金鼎-三民,2023-02-23,9188
2734,易飛網,17,0,17,群益金鼎-三民,2023-02-23,9188
2897,王道銀行,25,8,17,群益金鼎-三民,2023-02-23,9188
3576,聯合再生,17,0,17,群益金鼎-三民,2023-02-23,9188
2344,華邦電,27,10,17,群益金鼎-三民,2023-02-23,9188
00642U,期元大S＆P石油,16,0,16,群益金鼎-三民,2023-02-23,9188
00780B,國泰A級金融債,15,0,15,群益金鼎-三民,2023-02-23,9188
1701,中化,19,4,15,群益金鼎-三民,2023-02-23,9188
00907,永豐優息存股,14,0,14,群益金鼎-三民,2023-02-23,9188
00753L,中信中國50正2,23,9,14,群益金鼎-三民,2023-02-23,9188
00664R,國泰臺灣加權反1,23,10,13,群益金鼎-三民,2023-02-23,9188
00885,富邦越南,13,0,13,群益金鼎-三民,2023-02-23,9188
3380,明泰,17,4,13,群益金鼎-三民,2023-02-23,9188
5871,中租-KY,13,0,13,群益金鼎-三民,2023-02-23,9188
1101,台泥,37,24,13,群益金鼎-三民,2023-02-23,9188
1529,樂事綠能,12,0,12,群益金鼎-三民,2023-02-23,9188
5701,劍湖山,126,0,126,群益金鼎-三民,2023-02-24,9188
00637L,元大滬深300正2,80,9,71,群益金鼎-三民,2023-02-24,9188
00878,國泰永續高股息,69,20,49,群益金鼎-三民,2023-02-24,9188
5512,力麒,70,25,45,群益金鼎-三民,2023-02-24,9188
6142,友勁,44,2,42,群益金鼎-三民,2023-02-24,9188
4104,佳醫,39,0,39,群益金鼎-三民,2023-02-24,9188
2498,宏達電,85,47,38,群益金鼎-三民,2023-02-24,9188
2885,元大金,39,2,37,群益金鼎-三民,2023-02-24,9188
2890,永豐金,41,4,37,群益金鼎-三民,2023-02-24,9188
2618,長榮航,43,9,34,群益金鼎-三民,2023-02-24,9188
2610,華航,56,22,34,群益金鼎-三民,2023-02-24,9188
1217,愛之味,32,1,31,群益金鼎-三民,2023-02-24,9188
3038,全台,35,4,31,群益金鼎-三民,2023-02-24,9188
2344,華邦電,26,1,25,群益金鼎-三民,2023-02-24,9188
1108,幸福,27,3,24,群益金鼎-三民,2023-02-24,9188
6109,亞元,31,7,24,群益金鼎-三民,2023-02-24,9188
8033,雷虎,28,6,22,群益金鼎-三民,2023-02-24,9188
4934,太極,22,0,22,群益金鼎-三民,2023-02-24,9188
3037,欣興,36,15,21,群益金鼎-三民,2023-02-24,9188
5484,慧友,20,0,20,群益金鼎-三民,2023-02-24,9188
00632R,元大台灣50反1,20,0,20,群益金鼎-三民,2023-02-24,9188
1305,華夏,20,0,20,群益金鼎-三民,2023-02-24,9188
2014,中鴻,24,4,20,群益金鼎-三民,2023-02-24,9188
1514,亞力,23,4,19,群益金鼎-三民,2023-02-24,9188
2913,農林,19,0,19,群益金鼎-三民,2023-02-24,9188
6116,彩晶,21,2,19,群益金鼎-三民,2023-02-24,9188
2303,聯電,35,17,18,群益金鼎-三民,2023-02-24,9188
00882,中信中國高股息,26,10,16,群益金鼎-三民,2023-02-24,9188
00753L,中信中國50正2,35,19,16,群益金鼎-三民,2023-02-24,9188
2884,玉山金,24,9,15,群益金鼎-三民,2023-02-24,9188
2230,泰茂,24,9,15,群益金鼎-三民,2023-02-24,9188
3624,光頡,14,0,14,群益金鼎-三民,2023-02-24,9188
4119,旭富,14,0,14,群益金鼎-三民,2023-02-24,9188
5381,合正,14,0,14,群益金鼎-三民,2023-02-24,9188
3094,聯傑,19,6,13,群益金鼎-三民,2023-02-24,9188
00641R,富邦日本反1,13,0,13,群益金鼎-三民,2023-02-24,9188
2017,官田鋼,15,3,12,群益金鼎-三民,2023-02-24,9188
2002,中鋼,11,0,11,群益金鼎-三民,2023-02-24,9188
3027,盛達,32,21,11,群益金鼎-三民,2023-02-24,9188
6517,保勝光學,17,6,11,群益金鼎-三民,2023-02-24,9188
3652,精聯,12,1,11,群益金鼎-三民,2023-02-24,9188
3508,位速,16,6,10,群益金鼎-三民,2023-02-24,9188
1103,嘉泥,10,0,10,群益金鼎-三民,2023-02-24,9188
2440,太空梭,10,0,10,群益金鼎-三民,2023-02-24,9188
4127,天良,10,0,10,群益金鼎-三民,2023-02-24,9188
00780B,國泰A級金融債,10,0,10,群益金鼎-三民,2023-02-24,9188
6799,來頡,11,1,10,群益金鼎-三民,2023-02-24,9188
3062,建漢,10,0,10,群益金鼎-三民,2023-02-24,9188
6197,佳必琪,10,0,10,群益金鼎-三民,2023-02-24,9188
00772B,中信高評級公司債,9,0,9,群益金鼎-三民,2023-02-24,9188
00664R,國泰臺灣加權反1,708,0,708,群益金鼎-三民,2023-03-01,9188
00665L,富邦�琤肭磪囓�2,121,0,121,群益金鼎-三民,2023-03-01,9188
00878,國泰永續高股息,115,2,113,群益金鼎-三民,2023-03-01,9188
2637,慧洋-KY,119,12,107,群益金鼎-三民,2023-03-01,9188
2882,國泰金,70,1,69,群益金鼎-三民,2023-03-01,9188
2897,王道銀行,70,2,68,群益金鼎-三民,2023-03-01,9188
2888,新光金,65,0,65,群益金鼎-三民,2023-03-01,9188
5484,慧友,60,0,60,群益金鼎-三民,2023-03-01,9188
2002,中鋼,57,2,55,群益金鼎-三民,2023-03-01,9188
2344,華邦電,52,1,51,群益金鼎-三民,2023-03-01,9188
9105,泰金寶-DR,50,0,50,群益金鼎-三民,2023-03-01,9188
8936,國統,61,13,48,群益金鼎-三民,2023-03-01,9188
1605,華新,93,50,43,群益金鼎-三民,2023-03-01,9188
2349,錸德,40,0,40,群益金鼎-三民,2023-03-01,9188
5608,四維航,41,7,34,群益金鼎-三民,2023-03-01,9188
00712,復華富時不動產,32,0,32,群益金鼎-三民,2023-03-01,9188
2014,中鴻,66,34,32,群益金鼎-三民,2023-03-01,9188
2603,長榮,44,13,31,群益金鼎-三民,2023-03-01,9188
6271,同欣電,30,0,30,群益金鼎-三民,2023-03-01,9188
00753L,中信中國50正2,34,4,30,群益金鼎-三民,2023-03-01,9188
2601,益航,31,3,28,群益金鼎-三民,2023-03-01,9188
00641R,富邦日本反1,27,0,27,群益金鼎-三民,2023-03-01,9188
2606,裕民,39,13,26,群益金鼎-三民,2023-03-01,9188
2885,元大金,24,2,22,群益金鼎-三民,2023-03-01,9188
5425,台半,30,9,21,群益金鼎-三民,2023-03-01,9188
2312,金寶,21,0,21,群益金鼎-三民,2023-03-01,9188
00751B,元大AAA至A公司債,21,0,21,群益金鼎-三民,2023-03-01,9188
0056,元大高股息,21,1,20,群益金鼎-三民,2023-03-01,9188
2504,國產,20,0,20,群益金鼎-三民,2023-03-01,9188
6116,彩晶,20,0,20,群益金鼎-三民,2023-03-01,9188
2618,長榮航,24,4,20,群益金鼎-三民,2023-03-01,9188
5464,霖宏,21,2,19,群益金鼎-三民,2023-03-01,9188
6266,泰詠,20,1,19,群益金鼎-三民,2023-03-01,9188
1101,台泥,50,32,18,群益金鼎-三民,2023-03-01,9188
5880,合庫金,18,0,18,群益金鼎-三民,2023-03-01,9188
9945,潤泰新,17,0,17,群益金鼎-三民,2023-03-01,9188
3362,先進光,20,3,17,群益金鼎-三民,2023-03-01,9188
2468,華經,15,0,15,群益金鼎-三民,2023-03-01,9188
2890,永豐金,22,7,15,群益金鼎-三民,2023-03-01,9188
00725B,國泰投資級公司債,15,0,15,群益金鼎-三民,2023-03-01,9188
6118,建達,15,0,15,群益金鼎-三民,2023-03-01,9188
2736,富野,15,0,15,群益金鼎-三民,2023-03-01,9188
2722,夏都,15,0,15,群益金鼎-三民,2023-03-01,9188
1210,大成,28,14,14,群益金鼎-三民,2023-03-01,9188
2845,遠東銀,14,0,14,群益金鼎-三民,2023-03-01,9188
4114,健喬,25,12,13,群益金鼎-三民,2023-03-01,9188
6841,長佳智能,15,2,13,群益金鼎-三民,2023-03-01,9188
00882,中信中國高股息,18,6,12,群益金鼎-三民,2023-03-01,9188
1514,亞力,30,18,12,群益金鼎-三民,2023-03-01,9188
3114,好德,12,0,12,群益金鼎-三民,2023-03-01,9188
1605,華新,237,82,155,群益金鼎-三民,2023-03-02,9188
00772B,中信高評級公司債,88,1,87,群益金鼎-三民,2023-03-02,9188
8289,泰藝,81,6,75,群益金鼎-三民,2023-03-02,9188
3481,群創,119,54,65,群益金鼎-三民,2023-03-02,9188
00893,國泰智能電動車,59,3,56,群益金鼎-三民,2023-03-02,9188
2892,第一金,50,0,50,群益金鼎-三民,2023-03-02,9188
1473,台南,43,0,43,群益金鼎-三民,2023-03-02,9188
2312,金寶,43,0,43,群益金鼎-三民,2023-03-02,9188
5905,南仁湖,40,0,40,群益金鼎-三民,2023-03-02,9188
5607,遠雄港,39,0,39,群益金鼎-三民,2023-03-02,9188
00713,元大台灣高息低波,35,3,32,群益金鼎-三民,2023-03-02,9188
3094,聯傑,25,0,25,群益金鼎-三民,2023-03-02,9188
6190,萬泰科,26,1,25,群益金鼎-三民,2023-03-02,9188
1810,和成,24,0,24,群益金鼎-三民,2023-03-02,9188
2014,中鴻,27,4,23,群益金鼎-三民,2023-03-02,9188
2748,雲品,27,4,23,群益金鼎-三民,2023-03-02,9188
00679B,元大美債20年,22,0,22,群益金鼎-三民,2023-03-02,9188
2419,仲琦,26,5,21,群益金鼎-三民,2023-03-02,9188
00725B,國泰投資級公司債,21,0,21,群益金鼎-三民,2023-03-02,9188
2886,兆豐金,20,0,20,群益金鼎-三民,2023-03-02,9188
00751B,元大AAA至A公司債,22,2,20,群益金鼎-三民,2023-03-02,9188
3576,聯合再生,20,0,20,群益金鼎-三民,2023-03-02,9188
5452,佶優,26,7,19,群益金鼎-三民,2023-03-02,9188
2498,宏達電,34,16,18,群益金鼎-三民,2023-03-02,9188
2409,友達,34,16,18,群益金鼎-三民,2023-03-02,9188
1609,大亞,19,2,17,群益金鼎-三民,2023-03-02,9188
2337,旺宏,17,0,17,群益金鼎-三民,2023-03-02,9188
2317,鴻海,20,4,16,群益金鼎-三民,2023-03-02,9188
1439,雋揚,20,4,16,群益金鼎-三民,2023-03-02,9188
8996,高力,48,32,16,群益金鼎-三民,2023-03-02,9188
00712,復華富時不動產,15,0,15,群益金鼎-三民,2023-03-02,9188
6547,高端疫苗,15,0,15,群益金鼎-三民,2023-03-02,9188
3708,上緯投控,13,0,13,群益金鼎-三民,2023-03-02,9188
2612,中航,13,0,13,群益金鼎-三民,2023-03-02,9188
3035,智原,13,1,12,群益金鼎-三民,2023-03-02,9188
2605,新興,42,30,12,群益金鼎-三民,2023-03-02,9188
1737,臺鹽,12,0,12,群益金鼎-三民,2023-03-02,9188
2430,燦坤,12,0,12,群益金鼎-三民,2023-03-02,9188
6104,創惟,12,1,11,群益金鼎-三民,2023-03-02,9188
00890B,凱基ESG BBB債,11,0,11,群益金鼎-三民,2023-03-02,9188
2201,裕隆,11,1,10,群益金鼎-三民,2023-03-02,9188
2371,大同,10,0,10,群益金鼎-三民,2023-03-02,9188
1305,華夏,10,0,10,群益金鼎-三民,2023-03-02,9188
2359,所羅門,27,17,10,群益金鼎-三民,2023-03-02,9188
1513,中興電,24,14,10,群益金鼎-三民,2023-03-02,9188
4529,淳紳,10,0,10,群益金鼎-三民,2023-03-02,9188
9103,美德醫療-DR,10,0,10,群益金鼎-三民,2023-03-02,9188
00878,國泰永續高股息,167,158,9,群益金鼎-三民,2023-03-02,9188
3362,先進光,25,16,9,群益金鼎-三民,2023-03-02,9188
8936,國統,28,19,9,群益金鼎-三民,2023-03-02,9188
00632R,元大台灣50反1,211,2,209,群益金鼎-三民,2023-03-03,9188
5484,慧友,70,0,70,群益金鼎-三民,2023-03-03,9188
2420,新巨,64,1,63,群益金鼎-三民,2023-03-03,9188
6189,豐藝,56,0,56,群益金鼎-三民,2023-03-03,9188
1712,興農,53,0,53,群益金鼎-三民,2023-03-03,9188
2867,三商壽,33,0,33,群益金鼎-三民,2023-03-03,9188
3362,先進光,43,10,33,群益金鼎-三民,2023-03-03,9188
2890,永豐金,39,6,33,群益金鼎-三民,2023-03-03,9188
9105,泰金寶-DR,30,0,30,群益金鼎-三民,2023-03-03,9188
1473,台南,30,0,30,群益金鼎-三民,2023-03-03,9188
1217,愛之味,35,7,28,群益金鼎-三民,2023-03-03,9188
2603,長榮,45,19,26,群益金鼎-三民,2023-03-03,9188
2601,益航,27,2,25,群益金鼎-三民,2023-03-03,9188
2610,華航,26,1,25,群益金鼎-三民,2023-03-03,9188
3711,日月光投控,22,0,22,群益金鼎-三民,2023-03-03,9188
3455,由田,21,0,21,群益金鼎-三民,2023-03-03,9188
3312,弘憶股,21,0,21,群益金鼎-三民,2023-03-03,9188
6461,益得,22,1,21,群益金鼎-三民,2023-03-03,9188
5701,劍湖山,20,0,20,群益金鼎-三民,2023-03-03,9188
2618,長榮航,21,1,20,群益金鼎-三民,2023-03-03,9188
2834,臺企銀,22,2,20,群益金鼎-三民,2023-03-03,9188
3592,瑞鼎,20,1,19,群益金鼎-三民,2023-03-03,9188
00665L,富邦�琤肭磪囓�2,20,1,19,群益金鼎-三民,2023-03-03,9188
1709,和益,19,0,19,群益金鼎-三民,2023-03-03,9188
00637L,元大滬深300正2,40,22,18,群益金鼎-三民,2023-03-03,9188
6147,頎邦,17,0,17,群益金鼎-三民,2023-03-03,9188
1220,台榮,22,8,14,群益金鼎-三民,2023-03-03,9188
2453,凌群,15,1,14,群益金鼎-三民,2023-03-03,9188
1513,中興電,34,21,13,群益金鼎-三民,2023-03-03,9188
6207,雷科,13,0,13,群益金鼎-三民,2023-03-03,9188
6649,台生材,13,0,13,群益金鼎-三民,2023-03-03,9188
00679B,元大美債20年,13,0,13,群益金鼎-三民,2023-03-03,9188
4934,太極,22,10,12,群益金鼎-三民,2023-03-03,9188
3049,精金,13,1,12,群益金鼎-三民,2023-03-03,9188
5410,國眾,23,11,12,群益金鼎-三民,2023-03-03,9188
8478,東哥遊艇,16,5,11,群益金鼎-三民,2023-03-03,9188
3663,鑫科,11,0,11,群益金鼎-三民,2023-03-03,9188
6118,建達,20,10,10,群益金鼎-三民,2023-03-03,9188
3149,正達,10,0,10,群益金鼎-三民,2023-03-03,9188
1439,雋揚,14,4,10,群益金鼎-三民,2023-03-03,9188
1201,味全,10,0,10,群益金鼎-三民,2023-03-03,9188
4960,誠美材,10,0,10,群益金鼎-三民,2023-03-03,9188
8021,尖點,10,0,10,群益金鼎-三民,2023-03-03,9188
2607,榮運,15,5,10,群益金鼎-三民,2023-03-03,9188
8935,邦泰,10,0,10,群益金鼎-三民,2023-03-03,9188
1786,科妍,10,0,10,群益金鼎-三民,2023-03-03,9188
2615,萬海,13,3,10,群益金鼎-三民,2023-03-03,9188
00885,富邦越南,12,2,10,群益金鼎-三民,2023-03-03,9188
4743,合一,10,1,9,群益金鼎-三民,2023-03-03,9188
1108,幸福,11,2,9,群益金鼎-三民,2023-03-03,9188
00632R,元大台灣50反1,505,219,286,群益金鼎-三民,2023-03-06,9188
5484,慧友,147,0,147,群益金鼎-三民,2023-03-06,9188
2845,遠東銀,76,0,76,群益金鼎-三民,2023-03-06,9188
3432,台端,71,9,62,群益金鼎-三民,2023-03-06,9188
1712,興農,52,0,52,群益金鼎-三民,2023-03-06,9188
2314,台揚,50,7,43,群益金鼎-三民,2023-03-06,9188
2349,錸德,40,0,40,群益金鼎-三民,2023-03-06,9188
2337,旺宏,50,12,38,群益金鼎-三民,2023-03-06,9188
5381,合正,37,0,37,群益金鼎-三民,2023-03-06,9188
2609,陽明,47,13,34,群益金鼎-三民,2023-03-06,9188
00905,FT臺灣Smart,33,0,33,群益金鼎-三民,2023-03-06,9188
6282,康舒,87,55,32,群益金鼎-三民,2023-03-06,9188
00637L,元大滬深300正2,45,14,31,群益金鼎-三民,2023-03-06,9188
6666,羅麗芬-KY,30,0,30,群益金鼎-三民,2023-03-06,9188
00669R,國泰美國道瓊反1,30,0,30,群益金鼎-三民,2023-03-06,9188
00673R,期元大S＆P原油反1,25,0,25,群益金鼎-三民,2023-03-06,9188
2329,華泰,23,0,23,群益金鼎-三民,2023-03-06,9188
6147,頎邦,26,3,23,群益金鼎-三民,2023-03-06,9188
00712,復華富時不動產,23,1,22,群益金鼎-三民,2023-03-06,9188
2344,華邦電,41,20,21,群益金鼎-三民,2023-03-06,9188
2420,新巨,21,0,21,群益金鼎-三民,2023-03-06,9188
6189,豐藝,20,0,20,群益金鼎-三民,2023-03-06,9188
4906,正文,20,2,18,群益金鼎-三民,2023-03-06,9188
8110,華東,20,2,18,群益金鼎-三民,2023-03-06,9188
2867,三商壽,17,0,17,群益金鼎-三民,2023-03-06,9188
1473,台南,17,0,17,群益金鼎-三民,2023-03-06,9188
00919,群益台灣精選高息,17,0,17,群益金鼎-三民,2023-03-06,9188
4432,銘旺實,16,0,16,群益金鼎-三民,2023-03-06,9188
3094,聯傑,15,0,15,群益金鼎-三民,2023-03-06,9188
3706,神達,20,5,15,群益金鼎-三民,2023-03-06,9188
2884,玉山金,26,11,15,群益金鼎-三民,2023-03-06,9188
8215,明基材,15,1,14,群益金鼎-三民,2023-03-06,9188
00772B,中信高評級公司債,14,0,14,群益金鼎-三民,2023-03-06,9188
3356,奇偶,40,27,13,群益金鼎-三民,2023-03-06,9188
3652,精聯,15,2,13,群益金鼎-三民,2023-03-06,9188
8021,尖點,13,0,13,群益金鼎-三民,2023-03-06,9188
00752,中信中國50,12,0,12,群益金鼎-三民,2023-03-06,9188
00636,國泰中國A50,11,0,11,群益金鼎-三民,2023-03-06,9188
3013,晟銘電,12,1,11,群益金鼎-三民,2023-03-06,9188
1762,中化生,14,3,11,群益金鼎-三民,2023-03-06,9188
00882,中信中國高股息,12,2,10,群益金鼎-三民,2023-03-06,9188
1217,愛之味,10,0,10,群益金鼎-三民,2023-03-06,9188
2020,美亞,10,0,10,群益金鼎-三民,2023-03-06,9188
3019,亞光,29,19,10,群益金鼎-三民,2023-03-06,9188
3663,鑫科,10,0,10,群益金鼎-三民,2023-03-06,9188
3059,華晶科,10,0,10,群益金鼎-三民,2023-03-06,9188
1752,南光,11,1,10,群益金鼎-三民,2023-03-06,9188
2630,亞航,10,0,10,群益金鼎-三民,2023-03-06,9188
2010,春源,10,0,10,群益金鼎-三民,2023-03-06,9188
5258,虹堡,36,26,10,群益金鼎-三民,2023-03-06,9188
4958,臻鼎-KY,1015,5,1010,群益金鼎-三民,2023-03-07,9188
5484,慧友,329,0,329,群益金鼎-三民,2023-03-07,9188
00878,國泰永續高股息,132,10,122,群益金鼎-三民,2023-03-07,9188
00907,永豐優息存股,100,0,100,群益金鼎-三民,2023-03-07,9188
2812,台中銀,100,4,96,群益金鼎-三民,2023-03-07,9188
00712,復華富時不動產,83,0,83,群益金鼎-三民,2023-03-07,9188
00888,永豐台灣ESG,75,0,75,群益金鼎-三民,2023-03-07,9188
2344,華邦電,74,21,53,群益金鼎-三民,2023-03-07,9188
00713,元大台灣高息低波,56,10,46,群益金鼎-三民,2023-03-07,9188
2889,國票金,33,0,33,群益金鼎-三民,2023-03-07,9188
5381,合正,32,0,32,群益金鼎-三民,2023-03-07,9188
2371,大同,33,3,30,群益金鼎-三民,2023-03-07,9188
3481,群創,87,61,26,群益金鼎-三民,2023-03-07,9188
2337,旺宏,31,5,26,群益金鼎-三民,2023-03-07,9188
8289,泰藝,41,17,24,群益金鼎-三民,2023-03-07,9188
00673R,期元大S＆P原油反1,23,0,23,群益金鼎-三民,2023-03-07,9188
8112,至上,26,4,22,群益金鼎-三民,2023-03-07,9188
4167,松瑞藥,22,1,21,群益金鼎-三民,2023-03-07,9188
6290,良維,21,2,19,群益金鼎-三民,2023-03-07,9188
2618,長榮航,19,1,18,群益金鼎-三民,2023-03-07,9188
2613,中櫃,18,0,18,群益金鼎-三民,2023-03-07,9188
0050,元大台灣50,21,4,17,群益金鼎-三民,2023-03-07,9188
3576,聯合再生,22,6,16,群益金鼎-三民,2023-03-07,9188
1712,興農,16,0,16,群益金鼎-三民,2023-03-07,9188
1710,東聯,27,12,15,群益金鼎-三民,2023-03-07,9188
2230,泰茂,16,1,15,群益金鼎-三民,2023-03-07,9188
6509,聚和,14,0,14,群益金鼎-三民,2023-03-07,9188
00882,中信中國高股息,13,1,12,群益金鼎-三民,2023-03-07,9188
006208,富邦台50,11,0,11,群益金鼎-三民,2023-03-07,9188
3673,TPK-KY,14,4,10,群益金鼎-三民,2023-03-07,9188
3019,亞光,28,18,10,群益金鼎-三民,2023-03-07,9188
8478,東哥遊艇,20,10,10,群益金鼎-三民,2023-03-07,9188
4127,天良,10,0,10,群益金鼎-三民,2023-03-07,9188
4113,聯上,10,0,10,群益金鼎-三民,2023-03-07,9188
2302,麗正,10,0,10,群益金鼎-三民,2023-03-07,9188
3583,辛耘,10,0,10,群益金鼎-三民,2023-03-07,9188
3029,零壹,36,26,10,群益金鼎-三民,2023-03-07,9188
6125,廣運,10,0,10,群益金鼎-三民,2023-03-07,9188
1714,和桐,10,0,10,群益金鼎-三民,2023-03-07,9188
3081,聯亞,10,0,10,群益金鼎-三民,2023-03-07,9188
2482,連宇,31,21,10,群益金鼎-三民,2023-03-07,9188
2610,華航,14,4,10,群益金鼎-三民,2023-03-07,9188
6874,倍力,9,0,9,群益金鼎-三民,2023-03-07,9188
2376,技嘉,10,1,9,群益金鼎-三民,2023-03-07,9188
4549,桓達,9,0,9,群益金鼎-三民,2023-03-07,9188
6026,福邦證,10,1,9,群益金鼎-三民,2023-03-07,9188
2471,資通,9,0,9,群益金鼎-三民,2023-03-07,9188
2107,厚生,9,0,9,群益金鼎-三民,2023-03-07,9188
1220,台榮,8,0,8,群益金鼎-三民,2023-03-07,9188
3138,耀登,15,8,7,群益金鼎-三民,2023-03-07,9188
2344,華邦電,122,8,114,群益金鼎-三民,2023-03-08,9188
2302,麗正,104,10,94,群益金鼎-三民,2023-03-08,9188
00637L,元大滬深300正2,84,10,74,群益金鼎-三民,2023-03-08,9188
8924,大田,67,2,65,群益金鼎-三民,2023-03-08,9188
6190,萬泰科,39,2,37,群益金鼎-三民,2023-03-08,9188
1760,寶齡富錦,39,2,37,群益金鼎-三民,2023-03-08,9188
2634,漢翔,56,21,35,群益金鼎-三民,2023-03-08,9188
00712,復華富時不動產,34,0,34,群益金鼎-三民,2023-03-08,9188
1810,和成,29,0,29,群益金鼎-三民,2023-03-08,9188
2615,萬海,34,5,29,群益金鼎-三民,2023-03-08,9188
5009,榮剛,49,21,28,群益金鼎-三民,2023-03-08,9188
9933,中鼎,29,2,27,群益金鼎-三民,2023-03-08,9188
4113,聯上,27,0,27,群益金鼎-三民,2023-03-08,9188
2482,連宇,33,9,24,群益金鼎-三民,2023-03-08,9188
3499,環天科,20,0,20,群益金鼎-三民,2023-03-08,9188
5381,合正,20,0,20,群益金鼎-三民,2023-03-08,9188
1102,亞泥,19,1,18,群益金鼎-三民,2023-03-08,9188
6116,彩晶,23,5,18,群益金鼎-三民,2023-03-08,9188
6235,華孚,32,15,17,群益金鼎-三民,2023-03-08,9188
2014,中鴻,17,1,16,群益金鼎-三民,2023-03-08,9188
9907,統一實,35,19,16,群益金鼎-三民,2023-03-08,9188
5230,雷笛克光學,16,0,16,群益金鼎-三民,2023-03-08,9188
2891,中信金,21,5,16,群益金鼎-三民,2023-03-08,9188
2609,陽明,32,16,16,群益金鼎-三民,2023-03-08,9188
2603,長榮,18,3,15,群益金鼎-三民,2023-03-08,9188
6282,康舒,41,26,15,群益金鼎-三民,2023-03-08,9188
6275,元山,15,0,15,群益金鼎-三民,2023-03-08,9188
1584,精剛,18,4,14,群益金鼎-三民,2023-03-08,9188
00878,國泰永續高股息,54,40,14,群益金鼎-三民,2023-03-08,9188
6168,宏齊,12,0,12,群益金鼎-三民,2023-03-08,9188
5512,力麒,12,0,12,群益金鼎-三民,2023-03-08,9188
6873,泓德能源,12,0,12,群益金鼎-三民,2023-03-08,9188
8936,國統,23,11,12,群益金鼎-三民,2023-03-08,9188
2887,台新金,11,0,11,群益金鼎-三民,2023-03-08,9188
4549,桓達,11,0,11,群益金鼎-三民,2023-03-08,9188
2327,國巨,13,2,11,群益金鼎-三民,2023-03-08,9188
6770,力積電,12,2,10,群益金鼎-三民,2023-03-08,9188
2354,鴻準,10,0,10,群益金鼎-三民,2023-03-08,9188
00882,中信中國高股息,12,2,10,群益金鼎-三民,2023-03-08,9188
2534,宏盛,10,0,10,群益金鼎-三民,2023-03-08,9188
2506,太設,10,0,10,群益金鼎-三民,2023-03-08,9188
6841,長佳智能,13,3,10,群益金鼎-三民,2023-03-08,9188
2380,虹光,10,0,10,群益金鼎-三民,2023-03-08,9188
2882,國泰金,10,0,10,群益金鼎-三民,2023-03-08,9188
00673R,期元大S＆P原油反1,30,20,10,群益金鼎-三民,2023-03-08,9188
8033,雷虎,12,2,10,群益金鼎-三民,2023-03-08,9188
2613,中櫃,10,0,10,群益金鼎-三民,2023-03-08,9188
3591,艾笛森,10,0,10,群益金鼎-三民,2023-03-08,9188
00687B,國泰20年美債,10,0,10,群益金鼎-三民,2023-03-08,9188
5701,劍湖山,10,0,10,群益金鼎-三民,2023-03-08,9188
00632R,元大台灣50反1,802,21,781,群益金鼎-三民,2023-03-09,9188
3481,群創,155,30,125,群益金鼎-三民,2023-03-09,9188
00878,國泰永續高股息,83,7,76,群益金鼎-三民,2023-03-09,9188
3093,港建*,70,10,60,群益金鼎-三民,2023-03-09,9188
2498,宏達電,90,32,58,群益金鼎-三民,2023-03-09,9188
00637L,元大滬深300正2,61,4,57,群益金鼎-三民,2023-03-09,9188
9907,統一實,56,0,56,群益金鼎-三民,2023-03-09,9188
2349,錸德,40,0,40,群益金鼎-三民,2023-03-09,9188
1473,台南,38,0,38,群益金鼎-三民,2023-03-09,9188
2884,玉山金,41,3,38,群益金鼎-三民,2023-03-09,9188
8936,國統,53,19,34,群益金鼎-三民,2023-03-09,9188
2845,遠東銀,33,0,33,群益金鼎-三民,2023-03-09,9188
1737,臺鹽,30,0,30,群益金鼎-三民,2023-03-09,9188
00753L,中信中國50正2,34,4,30,群益金鼎-三民,2023-03-09,9188
5381,合正,29,0,29,群益金鼎-三民,2023-03-09,9188
2637,慧洋-KY,38,10,28,群益金鼎-三民,2023-03-09,9188
2409,友達,27,0,27,群益金鼎-三民,2023-03-09,9188
2534,宏盛,27,0,27,群益金鼎-三民,2023-03-09,9188
6666,羅麗芬-KY,27,0,27,群益金鼎-三民,2023-03-09,9188
6190,萬泰科,27,0,27,群益金鼎-三民,2023-03-09,9188
2317,鴻海,27,0,27,群益金鼎-三民,2023-03-09,9188
2547,日勝生,25,0,25,群益金鼎-三民,2023-03-09,9188
00665L,富邦�琤肭磪囓�2,22,0,22,群益金鼎-三民,2023-03-09,9188
2834,臺企銀,30,8,22,群益金鼎-三民,2023-03-09,9188
2537,聯上發,22,0,22,群益金鼎-三民,2023-03-09,9188
5211,蒙恬,21,0,21,群益金鼎-三民,2023-03-09,9188
2312,金寶,34,15,19,群益金鼎-三民,2023-03-09,9188
6277,宏正,19,0,19,群益金鼎-三民,2023-03-09,9188
6142,友勁,23,4,19,群益金鼎-三民,2023-03-09,9188
2002,中鋼,20,1,19,群益金鼎-三民,2023-03-09,9188
8222,寶一,68,50,18,群益金鼎-三民,2023-03-09,9188
3038,全台,19,1,18,群益金鼎-三民,2023-03-09,9188
1303,南亞,17,0,17,群益金鼎-三民,2023-03-09,9188
3322,建舜電,17,0,17,群益金鼎-三民,2023-03-09,9188
1101,台泥,21,4,17,群益金鼎-三民,2023-03-09,9188
2352,佳世達,24,8,16,群益金鼎-三民,2023-03-09,9188
2481,強茂,19,4,15,群益金鼎-三民,2023-03-09,9188
9962,有益,14,0,14,群益金鼎-三民,2023-03-09,9188
00885,富邦越南,15,1,14,群益金鼎-三民,2023-03-09,9188
8112,至上,28,14,14,群益金鼎-三民,2023-03-09,9188
2337,旺宏,14,1,13,群益金鼎-三民,2023-03-09,9188
8433,弘帆,15,3,12,群益金鼎-三民,2023-03-09,9188
9960,邁達康,12,0,12,群益金鼎-三民,2023-03-09,9188
3290,東浦,18,6,12,群益金鼎-三民,2023-03-09,9188
8289,泰藝,16,5,11,群益金鼎-三民,2023-03-09,9188
3264,欣銓,12,1,11,群益金鼎-三民,2023-03-09,9188
1513,中興電,32,21,11,群益金鼎-三民,2023-03-09,9188
5351,鈺創,12,1,11,群益金鼎-三民,2023-03-09,9188
3209,全科,11,0,11,群益金鼎-三民,2023-03-09,9188
2812,台中銀,11,0,11,群益金鼎-三民,2023-03-09,9188
2344,華邦電,259,11,248,群益金鼎-三民,2023-03-10,9188
00712,復華富時不動產,170,2,168,群益金鼎-三民,2023-03-10,9188
00878,國泰永續高股息,212,76,136,群益金鼎-三民,2023-03-10,9188
2897,王道銀行,108,2,106,群益金鼎-三民,2023-03-10,9188
2609,陽明,230,136,94,群益金鼎-三民,2023-03-10,9188
2891,中信金,90,3,87,群益金鼎-三民,2023-03-10,9188
2105,正新,86,0,86,群益金鼎-三民,2023-03-10,9188
00923,群益台ESG低碳50,80,1,79,群益金鼎-三民,2023-03-10,9188
5381,合正,66,0,66,群益金鼎-三民,2023-03-10,9188
2883,凱基金,75,12,63,群益金鼎-三民,2023-03-10,9188
2610,華航,57,1,56,群益金鼎-三民,2023-03-10,9188
2880,華南金,45,0,45,群益金鼎-三民,2023-03-10,9188
6116,彩晶,45,1,44,群益金鼎-三民,2023-03-10,9188
8069,元太,44,3,41,群益金鼎-三民,2023-03-10,9188
1522,堤維西,40,0,40,群益金鼎-三民,2023-03-10,9188
9907,統一實,38,0,38,群益金鼎-三民,2023-03-10,9188
2884,玉山金,40,3,37,群益金鼎-三民,2023-03-10,9188
2637,慧洋-KY,36,2,34,群益金鼎-三民,2023-03-10,9188
00882,中信中國高股息,32,0,32,群益金鼎-三民,2023-03-10,9188
0056,元大高股息,32,2,30,群益金鼎-三民,2023-03-10,9188
00753L,中信中國50正2,33,4,29,群益金鼎-三民,2023-03-10,9188
1410,南染,29,0,29,群益金鼎-三民,2023-03-10,9188
2881,富邦金,27,1,26,群益金鼎-三民,2023-03-10,9188
2887,台新金,25,0,25,群益金鼎-三民,2023-03-10,9188
2409,友達,29,5,24,群益金鼎-三民,2023-03-10,9188
00665L,富邦�琤肭磪囓�2,24,0,24,群益金鼎-三民,2023-03-10,9188
9930,中聯資源,24,0,24,群益金鼎-三民,2023-03-10,9188
1217,愛之味,23,0,23,群益金鼎-三民,2023-03-10,9188
2641,正德,30,7,23,群益金鼎-三民,2023-03-10,9188
4164,承業醫,23,1,22,群益金鼎-三民,2023-03-10,9188
1616,億泰,22,0,22,群益金鼎-三民,2023-03-10,9188
9960,邁達康,22,0,22,群益金鼎-三民,2023-03-10,9188
3583,辛耘,24,2,22,群益金鼎-三民,2023-03-10,9188
2834,臺企銀,24,3,21,群益金鼎-三民,2023-03-10,9188
2888,新光金,22,1,21,群益金鼎-三民,2023-03-10,9188
1513,中興電,49,29,20,群益金鼎-三民,2023-03-10,9188
1909,榮成,20,0,20,群益金鼎-三民,2023-03-10,9188
1609,大亞,40,20,20,群益金鼎-三民,2023-03-10,9188
2618,長榮航,88,69,19,群益金鼎-三民,2023-03-10,9188
1504,東元,20,0,20,群益金鼎-三民,2023-03-10,9188
2603,長榮,98,79,19,群益金鼎-三民,2023-03-10,9188
6147,頎邦,20,1,19,群益金鼎-三民,2023-03-10,9188
9962,有益,19,0,19,群益金鼎-三民,2023-03-10,9188
5425,台半,24,6,18,群益金鼎-三民,2023-03-10,9188
1524,耿鼎,23,5,18,群益金鼎-三民,2023-03-10,9188
2929,淘帝-KY,20,2,18,群益金鼎-三民,2023-03-10,9188
2402,毅嘉,35,17,18,群益金鼎-三民,2023-03-10,9188
1605,華新,23,6,17,群益金鼎-三民,2023-03-10,9188
5880,合庫金,18,1,17,群益金鼎-三民,2023-03-10,9188
6277,宏正,17,0,17,群益金鼎-三民,2023-03-10,9188
9105,泰金寶-DR,280,0,280,群益金鼎-三民,2023-03-13,9188
00878,國泰永續高股息,213,16,197,群益金鼎-三民,2023-03-13,9188
912000,晨訊科-DR,174,10,164,群益金鼎-三民,2023-03-13,9188
2614,東森,135,0,135,群益金鼎-三民,2023-03-13,9188
2834,臺企銀,113,20,93,群益金鼎-三民,2023-03-13,9188
5381,合正,66,0,66,群益金鼎-三民,2023-03-13,9188
00712,復華富時不動產,62,2,60,群益金鼎-三民,2023-03-13,9188
9907,統一實,58,0,58,群益金鼎-三民,2023-03-13,9188
00664R,國泰臺灣加權反1,65,13,52,群益金鼎-三民,2023-03-13,9188
1473,台南,49,2,47,群益金鼎-三民,2023-03-13,9188
4164,承業醫,42,3,39,群益金鼎-三民,2023-03-13,9188
3035,智原,49,14,35,群益金鼎-三民,2023-03-13,9188
00882,中信中國高股息,32,0,32,群益金鼎-三民,2023-03-13,9188
2337,旺宏,30,0,30,群益金鼎-三民,2023-03-13,9188
1760,寶齡富錦,29,0,29,群益金鼎-三民,2023-03-13,9188
2344,華邦電,39,12,27,群益金鼎-三民,2023-03-13,9188
2495,普安,22,0,22,群益金鼎-三民,2023-03-13,9188
00713,元大台灣高息低波,21,0,21,群益金鼎-三民,2023-03-13,9188
00715L,期街口布蘭特正2,20,0,20,群益金鼎-三民,2023-03-13,9188
1810,和成,20,0,20,群益金鼎-三民,2023-03-13,9188
2208,台船,20,0,20,群益金鼎-三民,2023-03-13,9188
3046,建��,44,25,19,群益金鼎-三民,2023-03-13,9188
2312,金寶,16,0,16,群益金鼎-三民,2023-03-13,9188
2413,環科,42,26,16,群益金鼎-三民,2023-03-13,9188
3481,群創,19,3,16,群益金鼎-三民,2023-03-13,9188
6719,力智,18,3,15,群益金鼎-三民,2023-03-13,9188
3236,千如,21,6,15,群益金鼎-三民,2023-03-13,9188
2609,陽明,37,22,15,群益金鼎-三民,2023-03-13,9188
00753L,中信中國50正2,15,1,14,群益金鼎-三民,2023-03-13,9188
2618,長榮航,50,37,13,群益金鼎-三民,2023-03-13,9188
3209,全科,15,2,13,群益金鼎-三民,2023-03-13,9188
2881,富邦金,17,4,13,群益金鼎-三民,2023-03-13,9188
3346,麗清,20,8,12,群益金鼎-三民,2023-03-13,9188
2314,台揚,12,0,12,群益金鼎-三民,2023-03-13,9188
00919,群益台灣精選高息,12,1,11,群益金鼎-三民,2023-03-13,9188
3624,光頡,19,8,11,群益金鼎-三民,2023-03-13,9188
4119,旭富,10,0,10,群益金鼎-三民,2023-03-13,9188
6122,擎邦,18,8,10,群益金鼎-三民,2023-03-13,9188
2014,中鴻,10,0,10,群益金鼎-三民,2023-03-13,9188
9103,美德醫療-DR,10,0,10,群益金鼎-三民,2023-03-13,9188
3675,德微,13,4,9,群益金鼎-三民,2023-03-13,9188
00665L,富邦�琤肭磪囓�2,14,5,9,群益金鼎-三民,2023-03-13,9188
2610,華航,24,15,9,群益金鼎-三民,2023-03-13,9188
8069,元太,9,1,8,群益金鼎-三民,2023-03-13,9188
2905,三商,8,0,8,群益金鼎-三民,2023-03-13,9188
3033,威健,7,0,7,群益金鼎-三民,2023-03-13,9188
1721,三晃,8,1,7,群益金鼎-三民,2023-03-13,9188
2468,華經,7,0,7,群益金鼎-三民,2023-03-13,9188
6235,華孚,27,20,7,群益金鼎-三民,2023-03-13,9188
2880,華南金,7,0,7,群益金鼎-三民,2023-03-13,9188
00878,國泰永續高股息,226,6,220,群益金鼎-三民,2023-03-14,9188
912000,晨訊科-DR,101,0,101,群益金鼎-三民,2023-03-14,9188
2359,所羅門,108,7,101,群益金鼎-三民,2023-03-14,9188
2609,陽明,147,53,94,群益金鼎-三民,2023-03-14,9188
2614,東森,60,3,57,群益金鼎-三民,2023-03-14,9188
2834,臺企銀,82,26,56,群益金鼎-三民,2023-03-14,9188
5381,合正,56,0,56,群益金鼎-三民,2023-03-14,9188
00665L,富邦�琤肭磪囓�2,48,0,48,群益金鼎-三民,2023-03-14,9188
4123,晟德,45,0,45,群益金鼎-三民,2023-03-14,9188
2349,錸德,40,0,40,群益金鼎-三民,2023-03-14,9188
00637L,元大滬深300正2,67,28,39,群益金鼎-三民,2023-03-14,9188
00923,群益台ESG低碳50,44,5,39,群益金鼎-三民,2023-03-14,9188
2889,國票金,58,20,38,群益金鼎-三民,2023-03-14,9188
2409,友達,42,5,37,群益金鼎-三民,2023-03-14,9188
00715L,期街口布蘭特正2,37,0,37,群益金鼎-三民,2023-03-14,9188
00902,中信電池及儲能,37,0,37,群益金鼎-三民,2023-03-14,9188
2615,萬海,42,7,35,群益金鼎-三民,2023-03-14,9188
00642U,期元大S＆P石油,35,0,35,群益金鼎-三民,2023-03-14,9188
00882,中信中國高股息,37,4,33,群益金鼎-三民,2023-03-14,9188
2888,新光金,33,0,33,群益金鼎-三民,2023-03-14,9188
6873,泓德能源,34,1,33,群益金鼎-三民,2023-03-14,9188
1708,東鹼,29,0,29,群益金鼎-三民,2023-03-14,9188
2303,聯電,32,5,27,群益金鼎-三民,2023-03-14,9188
2618,長榮航,54,30,24,群益金鼎-三民,2023-03-14,9188
00632R,元大台灣50反1,44,20,24,群益金鼎-三民,2023-03-14,9188
1909,榮成,25,1,24,群益金鼎-三民,2023-03-14,9188
5425,台半,30,6,24,群益金鼎-三民,2023-03-14,9188
2344,華邦電,25,2,23,群益金鼎-三民,2023-03-14,9188
8069,元太,35,13,22,群益金鼎-三民,2023-03-14,9188
4958,臻鼎-KY,27,6,21,群益金鼎-三民,2023-03-14,9188
2897,王道銀行,25,4,21,群益金鼎-三民,2023-03-14,9188
1410,南染,21,0,21,群益金鼎-三民,2023-03-14,9188
4114,健喬,20,0,20,群益金鼎-三民,2023-03-14,9188
00830,國泰費城半導體,20,0,20,群益金鼎-三民,2023-03-14,9188
1711,永光,20,0,20,群益金鼎-三民,2023-03-14,9188
2017,官田鋼,26,8,18,群益金鼎-三民,2023-03-14,9188
4770,上品,19,1,18,群益金鼎-三民,2023-03-14,9188
2891,中信金,16,0,16,群益金鼎-三民,2023-03-14,9188
00773B,中信優先金融債,15,0,15,群益金鼎-三民,2023-03-14,9188
2211,長榮鋼,14,0,14,群益金鼎-三民,2023-03-14,9188
00893,國泰智能電動車,13,0,13,群益金鼎-三民,2023-03-14,9188
2890,永豐金,12,0,12,群益金鼎-三民,2023-03-14,9188
9907,統一實,12,0,12,群益金鼎-三民,2023-03-14,9188
00919,群益台灣精選高息,11,0,11,群益金鼎-三民,2023-03-14,9188
00725B,國泰投資級公司債,11,0,11,群益金鼎-三民,2023-03-14,9188
00652,富邦印度,11,0,11,群益金鼎-三民,2023-03-14,9188
1101,台泥,12,2,10,群益金鼎-三民,2023-03-14,9188
00712,復華富時不動產,10,0,10,群益金鼎-三民,2023-03-14,9188
1437,勤益控,10,0,10,群益金鼎-三民,2023-03-14,9188
4916,事欣科,12,2,10,群益金鼎-三民,2023-03-14,9188
2834,臺企銀,412,2,410,群益金鼎-三民,2023-03-15,9188
00878,國泰永續高股息,207,1,206,群益金鼎-三民,2023-03-15,9188
3441,聯一光,143,3,140,群益金鼎-三民,2023-03-15,9188
00712,復華富時不動產,104,0,104,群益金鼎-三民,2023-03-15,9188
00632R,元大台灣50反1,145,44,101,群益金鼎-三民,2023-03-15,9188
2812,台中銀,102,10,92,群益金鼎-三民,2023-03-15,9188
2891,中信金,68,0,68,群益金鼎-三民,2023-03-15,9188
00772B,中信高評級公司債,64,0,64,群益金鼎-三民,2023-03-15,9188
8289,泰藝,61,0,61,群益金鼎-三民,2023-03-15,9188
912000,晨訊科-DR,50,0,50,群益金鼎-三民,2023-03-15,9188
5880,合庫金,48,0,48,群益金鼎-三民,2023-03-15,9188
1701,中化,50,5,45,群益金鼎-三民,2023-03-15,9188
2886,兆豐金,37,0,37,群益金鼎-三民,2023-03-15,9188
2641,正德,36,5,31,群益金鼎-三民,2023-03-15,9188
2603,長榮,117,86,31,群益金鼎-三民,2023-03-15,9188
3265,台星科,30,0,30,群益金鼎-三民,2023-03-15,9188
3362,先進光,30,0,30,群益金鼎-三民,2023-03-15,9188
00751B,元大AAA至A公司債,29,0,29,群益金鼎-三民,2023-03-15,9188
3481,群創,32,5,27,群益金鼎-三民,2023-03-15,9188
1504,東元,28,3,25,群益金鼎-三民,2023-03-15,9188
1473,台南,25,0,25,群益金鼎-三民,2023-03-15,9188
9907,統一實,28,4,24,群益金鼎-三民,2023-03-15,9188
3548,兆利,23,0,23,群益金鼎-三民,2023-03-15,9188
2845,遠東銀,20,0,20,群益金鼎-三民,2023-03-15,9188
2017,官田鋼,20,0,20,群益金鼎-三民,2023-03-15,9188
2409,友達,26,6,20,群益金鼎-三民,2023-03-15,9188
00642U,期元大S＆P石油,19,0,19,群益金鼎-三民,2023-03-15,9188
2915,潤泰全,21,2,19,群益金鼎-三民,2023-03-15,9188
2883,凱基金,21,3,18,群益金鼎-三民,2023-03-15,9188
1709,和益,21,4,17,群益金鼎-三民,2023-03-15,9188
3703,欣陸,17,0,17,群益金鼎-三民,2023-03-15,9188
2884,玉山金,21,4,17,群益金鼎-三民,2023-03-15,9188
3380,明泰,27,10,17,群益金鼎-三民,2023-03-15,9188
00923,群益台ESG低碳50,17,2,15,群益金鼎-三民,2023-03-15,9188
6873,泓德能源,15,0,15,群益金鼎-三民,2023-03-15,9188
00665L,富邦�琤肭磪囓�2,16,1,15,群益金鼎-三民,2023-03-15,9188
3047,訊舟,20,5,15,群益金鼎-三民,2023-03-15,9188
5608,四維航,32,18,14,群益金鼎-三民,2023-03-15,9188
5871,中租-KY,14,0,14,群益金鼎-三民,2023-03-15,9188
00715L,期街口布蘭特正2,20,6,14,群益金鼎-三民,2023-03-15,9188
2027,大成鋼,14,0,14,群益金鼎-三民,2023-03-15,9188
2880,華南金,13,0,13,群益金鼎-三民,2023-03-15,9188
2313,華通,15,3,12,群益金鼎-三民,2023-03-15,9188
2388,威盛,30,18,12,群益金鼎-三民,2023-03-15,9188
6472,保瑞,13,1,12,群益金鼎-三民,2023-03-15,9188
2618,長榮航,17,6,11,群益金鼎-三民,2023-03-15,9188
2330,台積電,11,0,11,群益金鼎-三民,2023-03-15,9188
2607,榮運,14,3,11,群益金鼎-三民,2023-03-15,9188
2887,台新金,11,0,11,群益金鼎-三民,2023-03-15,9188
5381,合正,11,0,11,群益金鼎-三民,2023-03-15,9188
4958,臻鼎-KY,203,2,201,群益金鼎-三民,2023-03-16,9188
00715L,期街口布蘭特正2,197,24,173,群益金鼎-三民,2023-03-16,9188
00878,國泰永續高股息,186,72,114,群益金鼎-三民,2023-03-16,9188
4162,智擎,114,1,113,群益金鼎-三民,2023-03-16,9188
2834,臺企銀,218,112,106,群益金鼎-三民,2023-03-16,9188
2603,長榮,115,16,99,群益金鼎-三民,2023-03-16,9188
6129,普誠,81,5,76,群益金鼎-三民,2023-03-16,9188
2884,玉山金,99,27,72,群益金鼎-三民,2023-03-16,9188
00642U,期元大S＆P石油,69,0,69,群益金鼎-三民,2023-03-16,9188
1611,中電,73,19,54,群益金鼎-三民,2023-03-16,9188
8050,廣積,56,5,51,群益金鼎-三民,2023-03-16,9188
2014,中鴻,52,2,50,群益金鼎-三民,2023-03-16,9188
00665L,富邦�琤肭磪囓�2,42,0,42,群益金鼎-三民,2023-03-16,9188
2610,華航,40,1,39,群益金鼎-三民,2023-03-16,9188
2888,新光金,41,4,37,群益金鼎-三民,2023-03-16,9188
1605,華新,41,6,35,群益金鼎-三民,2023-03-16,9188
6244,茂迪,31,2,29,群益金鼎-三民,2023-03-16,9188
00902,中信電池及儲能,28,0,28,群益金鼎-三民,2023-03-16,9188
2890,永豐金,32,6,26,群益金鼎-三民,2023-03-16,9188
3027,盛達,71,45,26,群益金鼎-三民,2023-03-16,9188
2498,宏達電,74,49,25,群益金鼎-三民,2023-03-16,9188
2891,中信金,35,10,25,群益金鼎-三民,2023-03-16,9188
2618,長榮航,58,34,24,群益金鼎-三民,2023-03-16,9188
5009,榮剛,35,12,23,群益金鼎-三民,2023-03-16,9188
00923,群益台ESG低碳50,33,10,23,群益金鼎-三民,2023-03-16,9188
2838,聯邦銀,23,0,23,群益金鼎-三民,2023-03-16,9188
8110,華東,24,1,23,群益金鼎-三民,2023-03-16,9188
2337,旺宏,22,0,22,群益金鼎-三民,2023-03-16,9188
2882,國泰金,25,3,22,群益金鼎-三民,2023-03-16,9188
2867,三商壽,26,4,22,群益金鼎-三民,2023-03-16,9188
3481,群創,21,0,21,群益金鼎-三民,2023-03-16,9188
2504,國產,22,2,20,群益金鼎-三民,2023-03-16,9188
2881,富邦金,20,1,19,群益金鼎-三民,2023-03-16,9188
3703,欣陸,19,0,19,群益金鼎-三民,2023-03-16,9188
5425,台半,36,17,19,群益金鼎-三民,2023-03-16,9188
2017,官田鋼,24,5,19,群益金鼎-三民,2023-03-16,9188
2344,華邦電,26,7,19,群益金鼎-三民,2023-03-16,9188
00713,元大台灣高息低波,24,5,19,群益金鼎-三民,2023-03-16,9188
5381,合正,18,0,18,群益金鼎-三民,2023-03-16,9188
00637L,元大滬深300正2,56,39,17,群益金鼎-三民,2023-03-16,9188
3675,德微,25,8,17,群益金鼎-三民,2023-03-16,9188
9907,統一實,21,5,16,群益金鼎-三民,2023-03-16,9188
2506,太設,16,0,16,群益金鼎-三民,2023-03-16,9188
1609,大亞,18,2,16,群益金鼎-三民,2023-03-16,9188
2359,所羅門,27,12,15,群益金鼎-三民,2023-03-16,9188
3264,欣銓,16,1,15,群益金鼎-三民,2023-03-16,9188
912000,晨訊科-DR,15,0,15,群益金鼎-三民,2023-03-16,9188
2885,元大金,14,0,14,群益金鼎-三民,2023-03-16,9188
00753L,中信中國50正2,16,2,14,群益金鼎-三民,2023-03-16,9188
1473,台南,13,0,13,群益金鼎-三民,2023-03-16,9188
00665L,富邦�琤肭磪囓�2,103,1,102,群益金鼎-三民,2023-03-17,9188
2834,臺企銀,281,219,62,群益金鼎-三民,2023-03-17,9188
2610,華航,54,1,53,群益金鼎-三民,2023-03-17,9188
00680L,元大美債20正2,52,2,50,群益金鼎-三民,2023-03-17,9188
00632R,元大台灣50反1,46,0,46,群益金鼎-三民,2023-03-17,9188
00715L,期街口布蘭特正2,40,0,40,群益金鼎-三民,2023-03-17,9188
4129,聯合,38,0,38,群益金鼎-三民,2023-03-17,9188
5880,合庫金,27,0,27,群益金鼎-三民,2023-03-17,9188
2891,中信金,47,20,27,群益金鼎-三民,2023-03-17,9188
2014,中鴻,24,0,24,群益金鼎-三民,2023-03-17,9188
00878,國泰永續高股息,32,12,20,群益金鼎-三民,2023-03-17,9188
4743,合一,25,5,20,群益金鼎-三民,2023-03-17,9188
00902,中信電池及儲能,17,0,17,群益金鼎-三民,2023-03-17,9188
2412,中華電,17,0,17,群益金鼎-三民,2023-03-17,9188
5203,訊連,39,23,16,群益金鼎-三民,2023-03-17,9188
1609,大亞,31,15,16,群益金鼎-三民,2023-03-17,9188
2867,三商壽,21,5,16,群益金鼎-三民,2023-03-17,9188
2890,永豐金,20,5,15,群益金鼎-三民,2023-03-17,9188
6667,信紘科,20,5,15,群益金鼎-三民,2023-03-17,9188
00673R,期元大S＆P原油反1,20,5,15,群益金鼎-三民,2023-03-17,9188
2534,宏盛,15,0,15,群益金鼎-三民,2023-03-17,9188
2609,陽明,20,5,15,群益金鼎-三民,2023-03-17,9188
1611,中電,23,9,14,群益金鼎-三民,2023-03-17,9188
2892,第一金,14,0,14,群益金鼎-三民,2023-03-17,9188
00713,元大台灣高息低波,13,0,13,群益金鼎-三民,2023-03-17,9188
2812,台中銀,12,0,12,群益金鼎-三民,2023-03-17,9188
00712,復華富時不動產,13,2,11,群益金鼎-三民,2023-03-17,9188
1513,中興電,15,4,11,群益金鼎-三民,2023-03-17,9188
2328,廣宇,10,0,10,群益金鼎-三民,2023-03-17,9188
3499,環天科,10,0,10,群益金鼎-三民,2023-03-17,9188
3356,奇偶,15,5,10,群益金鼎-三民,2023-03-17,9188
00633L,富邦上証正2,10,0,10,群益金鼎-三民,2023-03-17,9188
2354,鴻準,10,0,10,群益金鼎-三民,2023-03-17,9188
2425,承啟,10,0,10,群益金鼎-三民,2023-03-17,9188
00664R,國泰臺灣加權反1,10,0,10,群益金鼎-三民,2023-03-17,9188
9955,佳龍,12,2,10,群益金鼎-三民,2023-03-17,9188
912000,晨訊科-DR,9,0,9,群益金鼎-三民,2023-03-17,9188
3532,台勝科,10,1,9,群益金鼎-三民,2023-03-17,9188
6235,華孚,24,15,9,群益金鼎-三民,2023-03-17,9188
00650L,復華香港正2,9,0,9,群益金鼎-三民,2023-03-17,9188
3362,先進光,10,1,9,群益金鼎-三民,2023-03-17,9188
4961,天鈺,18,10,8,群益金鼎-三民,2023-03-17,9188
9904,寶成,8,0,8,群益金鼎-三民,2023-03-17,9188
3033,威健,10,2,8,群益金鼎-三民,2023-03-17,9188
1909,榮成,12,4,8,群益金鼎-三民,2023-03-17,9188
2442,新美齊,8,0,8,群益金鼎-三民,2023-03-17,9188
8049,晶采,8,0,8,群益金鼎-三民,2023-03-17,9188
4164,承業醫,17,10,7,群益金鼎-三民,2023-03-17,9188
1517,利奇,7,0,7,群益金鼎-三民,2023-03-17,9188
3236,千如,7,0,7,群益金鼎-三民,2023-03-17,9188
2609,陽明,118,18,100,群益金鼎-三民,2023-03-20,9188
2014,中鴻,102,3,99,群益金鼎-三民,2023-03-20,9188
00637L,元大滬深300正2,97,16,81,群益金鼎-三民,2023-03-20,9188
5880,合庫金,52,0,52,群益金鼎-三民,2023-03-20,9188
9945,潤泰新,72,24,48,群益金鼎-三民,2023-03-20,9188
2890,永豐金,43,2,41,群益金鼎-三民,2023-03-20,9188
2886,兆豐金,40,0,40,群益金鼎-三民,2023-03-20,9188
00878,國泰永續高股息,42,6,36,群益金鼎-三民,2023-03-20,9188
2888,新光金,50,15,35,群益金鼎-三民,2023-03-20,9188
3029,零壹,48,13,35,群益金鼎-三民,2023-03-20,9188
3481,群創,28,2,26,群益金鼎-三民,2023-03-20,9188
00902,中信電池及儲能,25,0,25,群益金鼎-三民,2023-03-20,9188
2359,所羅門,45,21,24,群益金鼎-三民,2023-03-20,9188
1316,上曜,23,0,23,群益金鼎-三民,2023-03-20,9188
2388,威盛,30,8,22,群益金鼎-三民,2023-03-20,9188
2867,三商壽,20,0,20,群益金鼎-三民,2023-03-20,9188
00642U,期元大S＆P石油,20,1,19,群益金鼎-三民,2023-03-20,9188
00712,復華富時不動產,18,0,18,群益金鼎-三民,2023-03-20,9188
00753L,中信中國50正2,26,8,18,群益金鼎-三民,2023-03-20,9188
2881,富邦金,17,1,16,群益金鼎-三民,2023-03-20,9188
3272,東碩,15,0,15,群益金鼎-三民,2023-03-20,9188
0050,元大台灣50,15,0,15,群益金鼎-三民,2023-03-20,9188
912000,晨訊科-DR,15,0,15,群益金鼎-三民,2023-03-20,9188
3264,欣銓,14,0,14,群益金鼎-三民,2023-03-20,9188
6244,茂迪,95,81,14,群益金鼎-三民,2023-03-20,9188
00725B,國泰投資級公司債,13,0,13,群益金鼎-三民,2023-03-20,9188
1605,華新,18,6,12,群益金鼎-三民,2023-03-20,9188
1611,中電,13,1,12,群益金鼎-三民,2023-03-20,9188
1409,新纖,12,0,12,群益金鼎-三民,2023-03-20,9188
1473,台南,14,2,12,群益金鼎-三民,2023-03-20,9188
4977,眾達-KY,12,1,11,群益金鼎-三民,2023-03-20,9188
2637,慧洋-KY,11,0,11,群益金鼎-三民,2023-03-20,9188
00652,富邦印度,11,0,11,群益金鼎-三民,2023-03-20,9188
2206,三陽工業,11,0,11,群益金鼎-三民,2023-03-20,9188
8940,新天地,12,1,11,群益金鼎-三民,2023-03-20,9188
2891,中信金,10,0,10,群益金鼎-三民,2023-03-20,9188
3162,精確,33,23,10,群益金鼎-三民,2023-03-20,9188
00919,群益台灣精選高息,10,0,10,群益金鼎-三民,2023-03-20,9188
6535,順藥,10,0,10,群益金鼎-三民,2023-03-20,9188
00676R,富邦臺灣加權反1,10,0,10,群益金鼎-三民,2023-03-20,9188
2884,玉山金,14,4,10,群益金鼎-三民,2023-03-20,9188
2834,臺企銀,42,33,9,群益金鼎-三民,2023-03-20,9188
2027,大成鋼,11,2,9,群益金鼎-三民,2023-03-20,9188
00923,群益台ESG低碳50,9,0,9,群益金鼎-三民,2023-03-20,9188
2471,資通,29,20,9,群益金鼎-三民,2023-03-20,9188
2610,華航,16,7,9,群益金鼎-三民,2023-03-20,9188
8059,凱碩,9,0,9,群益金鼎-三民,2023-03-20,9188
2453,凌群,42,33,9,群益金鼎-三民,2023-03-20,9188
8033,雷虎,19,10,9,群益金鼎-三民,2023-03-20,9188
6477,安集,14,6,8,群益金鼎-三民,2023-03-20,9188
00632R,元大台灣50反1,230,0,230,群益金鼎-三民,2023-03-21,9188
3481,群創,82,9,73,群益金鼎-三民,2023-03-21,9188
2359,所羅門,67,17,50,群益金鼎-三民,2023-03-21,9188
2409,友達,55,12,43,群益金鼎-三民,2023-03-21,9188
5425,台半,73,31,42,群益金鼎-三民,2023-03-21,9188
2303,聯電,38,5,33,群益金鼎-三民,2023-03-21,9188
4958,臻鼎-KY,36,4,32,群益金鼎-三民,2023-03-21,9188
00712,復華富時不動產,31,0,31,群益金鼎-三民,2023-03-21,9188
00885,富邦越南,31,0,31,群益金鼎-三民,2023-03-21,9188
0056,元大高股息,31,0,31,群益金鼎-三民,2023-03-21,9188
6233,旺玖,40,10,30,群益金鼎-三民,2023-03-21,9188
3163,波若威,23,0,23,群益金鼎-三民,2023-03-21,9188
2017,官田鋼,24,3,21,群益金鼎-三民,2023-03-21,9188
3576,聯合再生,22,3,19,群益金鼎-三民,2023-03-21,9188
2302,麗正,38,19,19,群益金鼎-三民,2023-03-21,9188
6547,高端疫苗,19,1,18,群益金鼎-三民,2023-03-21,9188
1473,台南,21,4,17,群益金鼎-三民,2023-03-21,9188
1316,上曜,17,0,17,群益金鼎-三民,2023-03-21,9188
2482,連宇,24,7,17,群益金鼎-三民,2023-03-21,9188
2881,富邦金,15,0,15,群益金鼎-三民,2023-03-21,9188
1605,華新,27,12,15,群益金鼎-三民,2023-03-21,9188
8936,國統,52,37,15,群益金鼎-三民,2023-03-21,9188
2402,毅嘉,33,18,15,群益金鼎-三民,2023-03-21,9188
2367,燿華,15,0,15,群益金鼎-三民,2023-03-21,9188
2393,億光,15,0,15,群益金鼎-三民,2023-03-21,9188
3027,盛達,30,15,15,群益金鼎-三民,2023-03-21,9188
2883,凱基金,23,8,15,群益金鼎-三民,2023-03-21,9188
6163,華電網,18,3,15,群益金鼎-三民,2023-03-21,9188
2399,映泰,27,13,14,群益金鼎-三民,2023-03-21,9188
2882,國泰金,19,6,13,群益金鼎-三民,2023-03-21,9188
4960,誠美材,13,0,13,群益金鼎-三民,2023-03-21,9188
1503,士電,17,4,13,群益金鼎-三民,2023-03-21,9188
3624,光頡,27,14,13,群益金鼎-三民,2023-03-21,9188
1603,華電,15,2,13,群益金鼎-三民,2023-03-21,9188
2204,中華,13,0,13,群益金鼎-三民,2023-03-21,9188
1785,光洋科,14,2,12,群益金鼎-三民,2023-03-21,9188
4934,太極,14,3,11,群益金鼎-三民,2023-03-21,9188
2427,三商電,15,4,11,群益金鼎-三民,2023-03-21,9188
00720B,元大投資級公司債,11,0,11,群益金鼎-三民,2023-03-21,9188
3324,雙鴻,13,2,11,群益金鼎-三民,2023-03-21,9188
4306,炎洲,10,0,10,群益金鼎-三民,2023-03-21,9188
4129,聯合,16,6,10,群益金鼎-三民,2023-03-21,9188
3090,日電貿,10,0,10,群益金鼎-三民,2023-03-21,9188
6190,萬泰科,10,0,10,群益金鼎-三民,2023-03-21,9188
8028,昇陽半導體,10,0,10,群益金鼎-三民,2023-03-21,9188
2337,旺宏,12,2,10,群益金鼎-三民,2023-03-21,9188
2451,創見,10,0,10,群益金鼎-三民,2023-03-21,9188
1709,和益,11,1,10,群益金鼎-三民,2023-03-21,9188
3265,台星科,20,10,10,群益金鼎-三民,2023-03-21,9188
00882,中信中國高股息,11,1,10,群益金鼎-三民,2023-03-21,9188
00676R,富邦臺灣加權反1,901,0,901,群益金鼎-三民,2023-03-22,9188
00632R,元大台灣50反1,370,115,255,群益金鼎-三民,2023-03-22,9188
2890,永豐金,252,0,252,群益金鼎-三民,2023-03-22,9188
2402,毅嘉,220,38,182,群益金鼎-三民,2023-03-22,9188
912000,晨訊科-DR,167,0,167,群益金鼎-三民,2023-03-22,9188
2891,中信金,153,15,138,群益金鼎-三民,2023-03-22,9188
6275,元山,103,0,103,群益金鼎-三民,2023-03-22,9188
00679B,元大美債20年,75,0,75,群益金鼎-三民,2023-03-22,9188
4958,臻鼎-KY,79,10,69,群益金鼎-三民,2023-03-22,9188
6288,聯嘉,54,0,54,群益金鼎-三民,2023-03-22,9188
1513,中興電,53,3,50,群益金鼎-三民,2023-03-22,9188
6116,彩晶,75,25,50,群益金鼎-三民,2023-03-22,9188
2880,華南金,34,0,34,群益金鼎-三民,2023-03-22,9188
2457,飛宏,63,36,27,群益金鼎-三民,2023-03-22,9188
00900,富邦特選高股息30,26,0,26,群益金鼎-三民,2023-03-22,9188
3481,群創,73,49,24,群益金鼎-三民,2023-03-22,9188
2406,國碩,20,0,20,群益金鼎-三民,2023-03-22,9188
4934,太極,27,9,18,群益金鼎-三民,2023-03-22,9188
1708,東鹼,20,3,17,群益金鼎-三民,2023-03-22,9188
2453,凌群,29,13,16,群益金鼎-三民,2023-03-22,9188
8996,高力,17,1,16,群益金鼎-三民,2023-03-22,9188
3591,艾笛森,20,4,16,群益金鼎-三民,2023-03-22,9188
5371,中光電,17,2,15,群益金鼎-三民,2023-03-22,9188
2069,運錩,15,0,15,群益金鼎-三民,2023-03-22,9188
1316,上曜,14,0,14,群益金鼎-三民,2023-03-22,9188
8358,金居,17,3,14,群益金鼎-三民,2023-03-22,9188
2368,金像電,34,20,14,群益金鼎-三民,2023-03-22,9188
2330,台積電,45,31,14,群益金鼎-三民,2023-03-22,9188
00740B,富邦全球投等債,13,0,13,群益金鼎-三民,2023-03-22,9188
6140,訊達,15,2,13,群益金鼎-三民,2023-03-22,9188
00720B,元大投資級公司債,23,10,13,群益金鼎-三民,2023-03-22,9188
3037,欣興,51,38,13,群益金鼎-三民,2023-03-22,9188
5258,虹堡,22,10,12,群益金鼎-三民,2023-03-22,9188
8064,東捷,12,0,12,群益金鼎-三民,2023-03-22,9188
6443,元晶,17,6,11,群益金鼎-三民,2023-03-22,9188
3545,敦泰,14,3,11,群益金鼎-三民,2023-03-22,9188
9945,潤泰新,27,17,10,群益金鼎-三民,2023-03-22,9188
2614,東森,10,0,10,群益金鼎-三民,2023-03-22,9188
00751B,元大AAA至A公司債,10,0,10,群益金鼎-三民,2023-03-22,9188
6233,旺玖,14,4,10,群益金鼎-三民,2023-03-22,9188
3380,明泰,10,0,10,群益金鼎-三民,2023-03-22,9188
6160,欣技,10,0,10,群益金鼎-三民,2023-03-22,9188
2312,金寶,10,0,10,群益金鼎-三民,2023-03-22,9188
5211,蒙恬,12,2,10,群益金鼎-三民,2023-03-22,9188
00891,中信關鍵半導體,10,0,10,群益金鼎-三民,2023-03-22,9188
1612,宏泰,10,0,10,群益金鼎-三民,2023-03-22,9188
00753L,中信中國50正2,13,3,10,群益金鼎-三民,2023-03-22,9188
1535,中宇,10,0,10,群益金鼎-三民,2023-03-22,9188
2379,瑞昱,10,0,10,群益金鼎-三民,2023-03-22,9188
2449,京元電子,18,9,9,群益金鼎-三民,2023-03-22,9188
00632R,元大台灣50反1,585,60,525,群益金鼎-三民,2023-03-23,9188
6282,康舒,209,11,198,群益金鼎-三民,2023-03-23,9188
912000,晨訊科-DR,107,0,107,群益金鼎-三民,2023-03-23,9188
2734,易飛網,100,0,100,群益金鼎-三民,2023-03-23,9188
3362,先進光,59,13,46,群益金鼎-三民,2023-03-23,9188
2891,中信金,45,4,41,群益金鼎-三民,2023-03-23,9188
2349,錸德,38,0,38,群益金鼎-三民,2023-03-23,9188
2880,華南金,36,3,33,群益金鼎-三民,2023-03-23,9188
3481,群創,50,21,29,群益金鼎-三民,2023-03-23,9188
1611,中電,28,0,28,群益金鼎-三民,2023-03-23,9188
2014,中鴻,27,0,27,群益金鼎-三民,2023-03-23,9188
2637,慧洋-KY,28,3,25,群益金鼎-三民,2023-03-23,9188
6190,萬泰科,24,0,24,群益金鼎-三民,2023-03-23,9188
00725B,國泰投資級公司債,22,0,22,群益金鼎-三民,2023-03-23,9188
4743,合一,34,14,20,群益金鼎-三民,2023-03-23,9188
6134,萬旭,20,0,20,群益金鼎-三民,2023-03-23,9188
00680L,元大美債20正2,20,1,19,群益金鼎-三民,2023-03-23,9188
5457,宣德,21,3,18,群益金鼎-三民,2023-03-23,9188
2883,凱基金,22,5,17,群益金鼎-三民,2023-03-23,9188
00720B,元大投資級公司債,17,1,16,群益金鼎-三民,2023-03-23,9188
3491,昇達科,44,29,15,群益金鼎-三民,2023-03-23,9188
3576,聯合再生,14,0,14,群益金鼎-三民,2023-03-23,9188
2641,正德,15,1,14,群益金鼎-三民,2023-03-23,9188
1513,中興電,16,2,14,群益金鼎-三民,2023-03-23,9188
00679B,元大美債20年,13,0,13,群益金鼎-三民,2023-03-23,9188
00712,復華富時不動產,13,0,13,群益金鼎-三民,2023-03-23,9188
1442,名軒,12,0,12,群益金鼎-三民,2023-03-23,9188
1529,樂事綠能,16,5,11,群益金鼎-三民,2023-03-23,9188
5211,蒙恬,11,0,11,群益金鼎-三民,2023-03-23,9188
8415,大國鋼,11,0,11,群益金鼎-三民,2023-03-23,9188
2427,三商電,15,4,11,群益金鼎-三民,2023-03-23,9188
3056,富華新,12,1,11,群益金鼎-三民,2023-03-23,9188
00919,群益台灣精選高息,11,0,11,群益金鼎-三民,2023-03-23,9188
8926,台汽電,17,7,10,群益金鼎-三民,2023-03-23,9188
2323,中環,10,0,10,群益金鼎-三民,2023-03-23,9188
4527,方土霖,10,0,10,群益金鼎-三民,2023-03-23,9188
9962,有益,10,0,10,群益金鼎-三民,2023-03-23,9188
3390,旭軟,10,0,10,群益金鼎-三民,2023-03-23,9188
2606,裕民,10,0,10,群益金鼎-三民,2023-03-23,9188
2337,旺宏,18,9,9,群益金鼎-三民,2023-03-23,9188
3479,安勤,13,4,9,群益金鼎-三民,2023-03-23,9188
3228,金麗科,10,1,9,群益金鼎-三民,2023-03-23,9188
3706,神達,13,4,9,群益金鼎-三民,2023-03-23,9188
00885,富邦越南,9,0,9,群益金鼎-三民,2023-03-23,9188
2603,長榮,21,12,9,群益金鼎-三民,2023-03-23,9188
2392,正崴,9,1,8,群益金鼎-三民,2023-03-23,9188
2031,新光鋼,8,0,8,群益金鼎-三民,2023-03-23,9188
5011,久陽,8,0,8,群益金鼎-三民,2023-03-23,9188
5465,富驊,14,6,8,群益金鼎-三民,2023-03-23,9188
8047,星雲,7,0,7,群益金鼎-三民,2023-03-23,9188
6606,建德工業,107,0,107,群益金鼎-三民,2023-03-24,9188
00712,復華富時不動產,65,4,61,群益金鼎-三民,2023-03-24,9188
2014,中鴻,57,1,56,群益金鼎-三民,2023-03-24,9188
4960,誠美材,55,1,54,群益金鼎-三民,2023-03-24,9188
2402,毅嘉,67,21,46,群益金鼎-三民,2023-03-24,9188
4162,智擎,58,17,41,群益金鼎-三民,2023-03-24,9188
2891,中信金,31,1,30,群益金鼎-三民,2023-03-24,9188
6461,益得,25,0,25,群益金鼎-三民,2023-03-24,9188
6244,茂迪,37,13,24,群益金鼎-三民,2023-03-24,9188
1711,永光,22,0,22,群益金鼎-三民,2023-03-24,9188
2618,長榮航,29,8,21,群益金鼎-三民,2023-03-24,9188
2603,長榮,22,2,20,群益金鼎-三民,2023-03-24,9188
1799,易威,20,0,20,群益金鼎-三民,2023-03-24,9188
1513,中興電,23,3,20,群益金鼎-三民,2023-03-24,9188
2388,威盛,42,22,20,群益金鼎-三民,2023-03-24,9188
6443,元晶,19,2,17,群益金鼎-三民,2023-03-24,9188
3013,晟銘電,19,3,16,群益金鼎-三民,2023-03-24,9188
6799,來頡,16,1,15,群益金鼎-三民,2023-03-24,9188
5871,中租-KY,14,0,14,群益金鼎-三民,2023-03-24,9188
3005,神基,18,5,13,群益金鼎-三民,2023-03-24,9188
3711,日月光投控,12,0,12,群益金鼎-三民,2023-03-24,9188
2880,華南金,46,34,12,群益金鼎-三民,2023-03-24,9188
6122,擎邦,14,2,12,群益金鼎-三民,2023-03-24,9188
00679B,元大美債20年,13,1,12,群益金鼎-三民,2023-03-24,9188
1504,東元,82,70,12,群益金鼎-三民,2023-03-24,9188
2605,新興,16,5,11,群益金鼎-三民,2023-03-24,9188
2105,正新,19,8,11,群益金鼎-三民,2023-03-24,9188
6129,普誠,11,0,11,群益金鼎-三民,2023-03-24,9188
6288,聯嘉,20,9,11,群益金鼎-三民,2023-03-24,9188
2504,國產,11,0,11,群益金鼎-三民,2023-03-24,9188
3047,訊舟,11,0,11,群益金鼎-三民,2023-03-24,9188
2883,凱基金,54,44,10,群益金鼎-三民,2023-03-24,9188
3583,辛耘,10,0,10,群益金鼎-三民,2023-03-24,9188
2614,東森,20,10,10,群益金鼎-三民,2023-03-24,9188
2845,遠東銀,10,0,10,群益金鼎-三民,2023-03-24,9188
2888,新光金,11,1,10,群益金鼎-三民,2023-03-24,9188
1708,東鹼,10,0,10,群益金鼎-三民,2023-03-24,9188
3033,威健,9,0,9,群益金鼎-三民,2023-03-24,9188
2392,正崴,23,14,9,群益金鼎-三民,2023-03-24,9188
8155,博智,12,3,9,群益金鼎-三民,2023-03-24,9188
2634,漢翔,20,12,8,群益金鼎-三民,2023-03-24,9188
4919,新唐,24,16,8,群益金鼎-三民,2023-03-24,9188
2359,所羅門,17,9,8,群益金鼎-三民,2023-03-24,9188
6190,萬泰科,13,5,8,群益金鼎-三民,2023-03-24,9188
8088,品安,13,5,8,群益金鼎-三民,2023-03-24,9188
6196,帆宣,7,0,7,群益金鼎-三民,2023-03-24,9188
5211,蒙恬,11,4,7,群益金鼎-三民,2023-03-24,9188
2303,聯電,24,17,7,群益金鼎-三民,2023-03-24,9188
3592,瑞鼎,7,0,7,群益金鼎-三民,2023-03-24,9188
6112,邁達特,7,0,7,群益金鼎-三民,2023-03-24,9188
2880,華南金,241,6,235,群益金鼎-三民,2023-03-27,9188
4114,健喬,67,0,67,群益金鼎-三民,2023-03-27,9188
00637L,元大滬深300正2,60,4,56,群益金鼎-三民,2023-03-27,9188
00882,中信中國高股息,58,4,54,群益金鼎-三民,2023-03-27,9188
4164,承業醫,42,0,42,群益金鼎-三民,2023-03-27,9188
1605,華新,150,111,39,群益金鼎-三民,2023-03-27,9188
2349,錸德,38,1,37,群益金鼎-三民,2023-03-27,9188
912000,晨訊科-DR,35,0,35,群益金鼎-三民,2023-03-27,9188
6226,光鼎,35,1,34,群益金鼎-三民,2023-03-27,9188
1504,東元,76,44,32,群益金鼎-三民,2023-03-27,9188
8936,國統,40,8,32,群益金鼎-三民,2023-03-27,9188
2105,正新,33,6,27,群益金鼎-三民,2023-03-27,9188
1712,興農,25,0,25,群益金鼎-三民,2023-03-27,9188
1907,永豐餘,22,1,21,群益金鼎-三民,2023-03-27,9188
3362,先進光,21,0,21,群益金鼎-三民,2023-03-27,9188
3231,緯創,55,35,20,群益金鼎-三民,2023-03-27,9188
2303,聯電,28,8,20,群益金鼎-三民,2023-03-27,9188
2634,漢翔,32,12,20,群益金鼎-三民,2023-03-27,9188
00712,復華富時不動產,20,0,20,群益金鼎-三民,2023-03-27,9188
6733,博晟生醫,20,0,20,群益金鼎-三民,2023-03-27,9188
6244,茂迪,62,42,20,群益金鼎-三民,2023-03-27,9188
2002,中鋼,19,2,17,群益金鼎-三民,2023-03-27,9188
00632R,元大台灣50反1,27,10,17,群益金鼎-三民,2023-03-27,9188
4916,事欣科,19,2,17,群益金鼎-三民,2023-03-27,9188
2359,所羅門,21,4,17,群益金鼎-三民,2023-03-27,9188
0056,元大高股息,17,1,16,群益金鼎-三民,2023-03-27,9188
1342,八貫,37,21,16,群益金鼎-三民,2023-03-27,9188
3037,欣興,26,10,16,群益金鼎-三民,2023-03-27,9188
3558,神準,18,3,15,群益金鼎-三民,2023-03-27,9188
8033,雷虎,37,22,15,群益金鼎-三民,2023-03-27,9188
2317,鴻海,15,0,15,群益金鼎-三民,2023-03-27,9188
2409,友達,20,6,14,群益金鼎-三民,2023-03-27,9188
2402,毅嘉,26,13,13,群益金鼎-三民,2023-03-27,9188
3703,欣陸,16,3,13,群益金鼎-三民,2023-03-27,9188
3056,富華新,15,3,12,群益金鼎-三民,2023-03-27,9188
1584,精剛,20,8,12,群益金鼎-三民,2023-03-27,9188
00923,群益台ESG低碳50,10,0,10,群益金鼎-三民,2023-03-27,9188
3501,維熹,10,0,10,群益金鼎-三民,2023-03-27,9188
6275,元山,10,0,10,群益金鼎-三民,2023-03-27,9188
1513,中興電,10,0,10,群益金鼎-三民,2023-03-27,9188
5381,合正,10,0,10,群益金鼎-三民,2023-03-27,9188
8403,盛弘,10,0,10,群益金鼎-三民,2023-03-27,9188
6152,百一,10,1,9,群益金鼎-三民,2023-03-27,9188
2731,雄獅,11,2,9,群益金鼎-三民,2023-03-27,9188
3714,富采,21,12,9,群益金鼎-三民,2023-03-27,9188
2453,凌群,24,15,9,群益金鼎-三民,2023-03-27,9188
2882,國泰金,9,1,8,群益金鼎-三民,2023-03-27,9188
3481,群創,21,14,7,群益金鼎-三民,2023-03-27,9188
00878,國泰永續高股息,19,12,7,群益金鼎-三民,2023-03-27,9188
00752,中信中國50,7,0,7,群益金鼎-三民,2023-03-27,9188
00712,復華富時不動產,144,0,144,群益金鼎-三民,2023-03-28,9188
4164,承業醫,119,2,117,群益金鼎-三民,2023-03-28,9188
00679B,元大美債20年,103,0,103,群益金鼎-三民,2023-03-28,9188
00882,中信中國高股息,91,4,87,群益金鼎-三民,2023-03-28,9188
00772B,中信高評級公司債,71,0,71,群益金鼎-三民,2023-03-28,9188
1605,華新,75,8,67,群益金鼎-三民,2023-03-28,9188
00751B,元大AAA至A公司債,62,0,62,群益金鼎-三民,2023-03-28,9188
1701,中化,60,0,60,群益金鼎-三民,2023-03-28,9188
5425,台半,82,26,56,群益金鼎-三民,2023-03-28,9188
3025,星通,57,5,52,群益金鼎-三民,2023-03-28,9188
3049,精金,50,0,50,群益金鼎-三民,2023-03-28,9188
2734,易飛網,39,0,39,群益金鼎-三民,2023-03-28,9188
2342,茂矽,57,19,38,群益金鼎-三民,2023-03-28,9188
2886,兆豐金,31,3,28,群益金鼎-三民,2023-03-28,9188
5009,榮剛,31,6,25,群益金鼎-三民,2023-03-28,9188
1609,大亞,28,3,25,群益金鼎-三民,2023-03-28,9188
2481,強茂,52,28,24,群益金鼎-三民,2023-03-28,9188
9105,泰金寶-DR,24,0,24,群益金鼎-三民,2023-03-28,9188
3479,安勤,23,0,23,群益金鼎-三民,2023-03-28,9188
3224,三顧,27,5,22,群益金鼎-三民,2023-03-28,9188
1101,台泥,21,0,21,群益金鼎-三民,2023-03-28,9188
00900,富邦特選高股息30,21,0,21,群益金鼎-三民,2023-03-28,9188
3499,環天科,25,4,21,群益金鼎-三民,2023-03-28,9188
8047,星雲,20,0,20,群益金鼎-三民,2023-03-28,9188
3481,群創,27,8,19,群益金鼎-三民,2023-03-28,9188
3024,憶聲,19,0,19,群益金鼎-三民,2023-03-28,9188
6244,茂迪,23,4,19,群益金鼎-三民,2023-03-28,9188
2337,旺宏,16,0,16,群益金鼎-三民,2023-03-28,9188
5351,鈺創,22,6,16,群益金鼎-三民,2023-03-28,9188
9907,統一實,16,0,16,群益金鼎-三民,2023-03-28,9188
5011,久陽,17,1,16,群益金鼎-三民,2023-03-28,9188
4934,太極,15,0,15,群益金鼎-三民,2023-03-28,9188
3037,欣興,29,14,15,群益金鼎-三民,2023-03-28,9188
3050,鈺德,15,0,15,群益金鼎-三民,2023-03-28,9188
1437,勤益控,15,0,15,群益金鼎-三民,2023-03-28,9188
6282,康舒,14,0,14,群益金鼎-三民,2023-03-28,9188
3035,智原,23,10,13,群益金鼎-三民,2023-03-28,9188
5211,蒙恬,14,1,13,群益金鼎-三民,2023-03-28,9188
3508,位速,13,0,13,群益金鼎-三民,2023-03-28,9188
2614,東森,13,0,13,群益金鼎-三民,2023-03-28,9188
2211,長榮鋼,13,0,13,群益金鼎-三民,2023-03-28,9188
3231,緯創,18,5,13,群益金鼎-三民,2023-03-28,9188
2609,陽明,15,2,13,群益金鼎-三民,2023-03-28,9188
2610,華航,12,0,12,群益金鼎-三民,2023-03-28,9188
4968,立積,12,0,12,群益金鼎-三民,2023-03-28,9188
6235,華孚,16,4,12,群益金鼎-三民,2023-03-28,9188
2883,凱基金,16,5,11,群益金鼎-三民,2023-03-28,9188
6168,宏齊,31,20,11,群益金鼎-三民,2023-03-28,9188
1584,精剛,23,13,10,群益金鼎-三民,2023-03-28,9188
00919,群益台灣精選高息,10,0,10,群益金鼎-三民,2023-03-28,9188
2867,三商壽,177,15,162,群益金鼎-三民,2023-03-29,9188
6550,北極星藥業-KY,110,1,109,群益金鼎-三民,2023-03-29,9188
2610,華航,105,38,67,群益金鼎-三民,2023-03-29,9188
00772B,中信高評級公司債,60,0,60,群益金鼎-三民,2023-03-29,9188
2618,長榮航,84,24,60,群益金鼎-三民,2023-03-29,9188
2734,易飛網,52,1,51,群益金鼎-三民,2023-03-29,9188
4114,健喬,58,9,49,群益金鼎-三民,2023-03-29,9188
00905,FT臺灣Smart,49,0,49,群益金鼎-三民,2023-03-29,9188
00882,中信中國高股息,47,0,47,群益金鼎-三民,2023-03-29,9188
00923,群益台ESG低碳50,50,5,45,群益金鼎-三民,2023-03-29,9188
00712,復華富時不動產,38,1,37,群益金鼎-三民,2023-03-29,9188
2349,錸德,37,0,37,群益金鼎-三民,2023-03-29,9188
1504,東元,54,21,33,群益金鼎-三民,2023-03-29,9188
00679B,元大美債20年,31,0,31,群益金鼎-三民,2023-03-29,9188
8289,泰藝,36,6,30,群益金鼎-三民,2023-03-29,9188
5425,台半,27,1,26,群益金鼎-三民,2023-03-29,9188
00922,國泰台灣領袖50,25,0,25,群益金鼎-三民,2023-03-29,9188
6270,倍微,23,0,23,群益金鼎-三民,2023-03-29,9188
00680L,元大美債20正2,22,0,22,群益金鼎-三民,2023-03-29,9188
912000,晨訊科-DR,35,15,20,群益金鼎-三民,2023-03-29,9188
1799,易威,20,0,20,群益金鼎-三民,2023-03-29,9188
00646,元大S＆P500,20,0,20,群益金鼎-三民,2023-03-29,9188
6116,彩晶,20,0,20,群益金鼎-三民,2023-03-29,9188
6168,宏齊,18,1,17,群益金鼎-三民,2023-03-29,9188
4979,華星光,21,4,17,群益金鼎-三民,2023-03-29,9188
2303,聯電,33,17,16,群益金鼎-三民,2023-03-29,9188
3257,虹冠電,18,2,16,群益金鼎-三民,2023-03-29,9188
1101,台泥,16,1,15,群益金鼎-三民,2023-03-29,9188
6443,元晶,34,19,15,群益金鼎-三民,2023-03-29,9188
2645,長榮航太,18,3,15,群益金鼎-三民,2023-03-29,9188
5211,蒙恬,16,1,15,群益金鼎-三民,2023-03-29,9188
8222,寶一,16,2,14,群益金鼎-三民,2023-03-29,9188
3209,全科,14,0,14,群益金鼎-三民,2023-03-29,9188
00665L,富邦�琤肭磪囓�2,16,3,13,群益金鼎-三民,2023-03-29,9188
5243,乙盛-KY,24,11,13,群益金鼎-三民,2023-03-29,9188
2455,全新,47,35,12,群益金鼎-三民,2023-03-29,9188
2880,華南金,20,8,12,群益金鼎-三民,2023-03-29,9188
2727,王品,16,5,11,群益金鼎-三民,2023-03-29,9188
00650L,復華香港正2,15,4,11,群益金鼎-三民,2023-03-29,9188
6288,聯嘉,18,7,11,群益金鼎-三民,2023-03-29,9188
6753,龍德造船,15,5,10,群益金鼎-三民,2023-03-29,9188
00919,群益台灣精選高息,10,0,10,群益金鼎-三民,2023-03-29,9188
2429,銘旺科,10,0,10,群益金鼎-三民,2023-03-29,9188
6161,捷波,10,0,10,群益金鼎-三民,2023-03-29,9188
1718,中纖,10,0,10,群益金鼎-三民,2023-03-29,9188
8047,星雲,10,0,10,群益金鼎-三民,2023-03-29,9188
2328,廣宇,10,0,10,群益金鼎-三民,2023-03-29,9188
6531,愛普*,15,6,9,群益金鼎-三民,2023-03-29,9188
2838,聯邦銀,8,0,8,群益金鼎-三民,2023-03-29,9188
2732,六角,13,5,8,群益金鼎-三民,2023-03-29,9188
00632R,元大台灣50反1,82,22,60,群益金鼎-三民,2023-03-30,9188
2104,國際中橡,55,1,54,群益金鼎-三民,2023-03-30,9188
2734,易飛網,52,0,52,群益金鼎-三民,2023-03-30,9188
5484,慧友,40,0,40,群益金鼎-三民,2023-03-30,9188
2331,精英,41,1,40,群益金鼎-三民,2023-03-30,9188
3035,智原,39,6,33,群益金鼎-三民,2023-03-30,9188
2618,長榮航,34,2,32,群益金鼎-三民,2023-03-30,9188
4906,正文,30,0,30,群益金鼎-三民,2023-03-30,9188
6216,居易,30,0,30,群益金鼎-三民,2023-03-30,9188
2352,佳世達,32,7,25,群益金鼎-三民,2023-03-30,9188
3047,訊舟,27,3,24,群益金鼎-三民,2023-03-30,9188
00679B,元大美債20年,22,0,22,群益金鼎-三民,2023-03-30,9188
2890,永豐金,21,0,21,群益金鼎-三民,2023-03-30,9188
2603,長榮,21,1,20,群益金鼎-三民,2023-03-30,9188
1504,東元,46,26,20,群益金鼎-三民,2023-03-30,9188
1802,台玻,20,0,20,群益金鼎-三民,2023-03-30,9188
2880,華南金,20,0,20,群益金鼎-三民,2023-03-30,9188
2609,陽明,20,1,19,群益金鼎-三民,2023-03-30,9188
00882,中信中國高股息,20,1,19,群益金鼎-三民,2023-03-30,9188
3303,岱稜,18,0,18,群益金鼎-三民,2023-03-30,9188
5315,光聯,15,0,15,群益金鼎-三民,2023-03-30,9188
2892,第一金,16,2,14,群益金鼎-三民,2023-03-30,9188
2812,台中銀,13,0,13,群益金鼎-三民,2023-03-30,9188
2409,友達,16,3,13,群益金鼎-三民,2023-03-30,9188
5243,乙盛-KY,17,4,13,群益金鼎-三民,2023-03-30,9188
6142,友勁,12,0,12,群益金鼎-三民,2023-03-30,9188
1220,台榮,12,0,12,群益金鼎-三民,2023-03-30,9188
1473,台南,11,0,11,群益金鼎-三民,2023-03-30,9188
4979,華星光,12,1,11,群益金鼎-三民,2023-03-30,9188
2885,元大金,11,0,11,群益金鼎-三民,2023-03-30,9188
3257,虹冠電,10,0,10,群益金鼎-三民,2023-03-30,9188
6472,保瑞,17,7,10,群益金鼎-三民,2023-03-30,9188
2534,宏盛,10,0,10,群益金鼎-三民,2023-03-30,9188
3312,弘憶股,19,9,10,群益金鼎-三民,2023-03-30,9188
3576,聯合再生,21,11,10,群益金鼎-三民,2023-03-30,9188
1799,易威,10,0,10,群益金鼎-三民,2023-03-30,9188
00646,元大S＆P500,10,0,10,群益金鼎-三民,2023-03-30,9188
2883,凱基金,11,2,9,群益金鼎-三民,2023-03-30,9188
8155,博智,9,0,9,群益金鼎-三民,2023-03-30,9188
1314,中石化,9,0,9,群益金鼎-三民,2023-03-30,9188
00753L,中信中國50正2,22,13,9,群益金鼎-三民,2023-03-30,9188
8358,金居,9,0,9,群益金鼎-三民,2023-03-30,9188
2891,中信金,11,2,9,群益金鼎-三民,2023-03-30,9188
3224,三顧,33,25,8,群益金鼎-三民,2023-03-30,9188
6125,廣運,8,0,8,群益金鼎-三民,2023-03-30,9188
6517,保勝光學,8,0,8,群益金鼎-三民,2023-03-30,9188
6161,捷波,8,0,8,群益金鼎-三民,2023-03-30,9188
6134,萬旭,12,5,7,群益金鼎-三民,2023-03-30,9188
1101,台泥,12,5,7,群益金鼎-三民,2023-03-30,9188
00650L,復華香港正2,6,0,6,群益金鼎-三民,2023-03-30,9188
00632R,元大台灣50反1,387,15,372,群益金鼎-三民,2023-03-31,9188
9105,泰金寶-DR,68,0,68,群益金鼎-三民,2023-03-31,9188
00712,復華富時不動產,71,10,61,群益金鼎-三民,2023-03-31,9188
4167,松瑞藥,50,0,50,群益金鼎-三民,2023-03-31,9188
00922,國泰台灣領袖50,50,0,50,群益金鼎-三民,2023-03-31,9188
00905,FT臺灣Smart,50,0,50,群益金鼎-三民,2023-03-31,9188
2867,三商壽,38,0,38,群益金鼎-三民,2023-03-31,9188
2442,新美齊,35,0,35,群益金鼎-三民,2023-03-31,9188
8110,華東,33,0,33,群益金鼎-三民,2023-03-31,9188
6163,華電網,25,5,20,群益金鼎-三民,2023-03-31,9188
5381,合正,20,0,20,群益金鼎-三民,2023-03-31,9188
2492,華新科,21,2,19,群益金鼎-三民,2023-03-31,9188
2880,華南金,19,0,19,群益金鼎-三民,2023-03-31,9188
2734,易飛網,17,0,17,群益金鼎-三民,2023-03-31,9188
5425,台半,17,0,17,群益金鼎-三民,2023-03-31,9188
00679B,元大美債20年,16,0,16,群益金鼎-三民,2023-03-31,9188
1605,華新,38,22,16,群益金鼎-三民,2023-03-31,9188
00882,中信中國高股息,15,2,13,群益金鼎-三民,2023-03-31,9188
6235,華孚,44,32,12,群益金鼎-三民,2023-03-31,9188
4743,合一,24,12,12,群益金鼎-三民,2023-03-31,9188
5871,中租-KY,19,8,11,群益金鼎-三民,2023-03-31,9188
8277,商丞,11,0,11,群益金鼎-三民,2023-03-31,9188
1503,士電,11,0,11,群益金鼎-三民,2023-03-31,9188
2429,銘旺科,11,0,11,群益金鼎-三民,2023-03-31,9188
3037,欣興,43,32,11,群益金鼎-三民,2023-03-31,9188
1513,中興電,16,5,11,群益金鼎-三民,2023-03-31,9188
5515,建國,10,0,10,群益金鼎-三民,2023-03-31,9188
00673R,期元大S＆P原油反1,10,0,10,群益金鼎-三民,2023-03-31,9188
6799,來頡,19,9,10,群益金鼎-三民,2023-03-31,9188
2889,國票金,10,0,10,群益金鼎-三民,2023-03-31,9188
8403,盛弘,10,0,10,群益金鼎-三民,2023-03-31,9188
00896,中信綠能及電動車,10,0,10,群益金鼎-三民,2023-03-31,9188
6207,雷科,9,0,9,群益金鼎-三民,2023-03-31,9188
3712,永崴投控,8,0,8,群益金鼎-三民,2023-03-31,9188
4908,前鼎,8,0,8,群益金鼎-三民,2023-03-31,9188
00878,國泰永續高股息,25,17,8,群益金鼎-三民,2023-03-31,9188
6161,捷波,8,0,8,群益金鼎-三民,2023-03-31,9188
3189,景碩,8,0,8,群益金鼎-三民,2023-03-31,9188
4974,亞泰,9,1,8,群益金鼎-三民,2023-03-31,9188
3491,昇達科,75,67,8,群益金鼎-三民,2023-03-31,9188
1514,亞力,7,0,7,群益金鼎-三民,2023-03-31,9188
8088,品安,9,2,7,群益金鼎-三民,2023-03-31,9188
3207,耀勝,9,2,7,群益金鼎-三民,2023-03-31,9188
3390,旭軟,7,0,7,群益金鼎-三民,2023-03-31,9188
1760,寶齡富錦,12,5,7,群益金鼎-三民,2023-03-31,9188
5258,虹堡,11,4,7,群益金鼎-三民,2023-03-31,9188
8927,北基,12,5,7,群益金鼎-三民,2023-03-31,9188
3035,智原,23,17,6,群益金鼎-三民,2023-03-31,9188
3209,全科,6,0,6,群益金鼎-三民,2023-03-31,9188
2211,長榮鋼,6,0,6,群益金鼎-三民,2023-03-31,9188
8289,泰藝,139,2,137,群益金鼎-三民,2023-04-06,9188
2312,金寶,100,5,95,群益金鼎-三民,2023-04-06,9188
2605,新興,93,4,89,群益金鼎-三民,2023-04-06,9188
00902,中信電池及儲能,59,0,59,群益金鼎-三民,2023-04-06,9188
00673R,期元大S＆P原油反1,51,0,51,群益金鼎-三民,2023-04-06,9188
2603,長榮,50,2,48,群益金鼎-三民,2023-04-06,9188
6142,友勁,53,9,44,群益金鼎-三民,2023-04-06,9188
4960,誠美材,40,0,40,群益金鼎-三民,2023-04-06,9188
2344,華邦電,43,11,32,群益金鼎-三民,2023-04-06,9188
8069,元太,31,1,30,群益金鼎-三民,2023-04-06,9188
1609,大亞,44,17,27,群益金鼎-三民,2023-04-06,9188
3703,欣陸,25,0,25,群益金鼎-三民,2023-04-06,9188
3025,星通,27,4,23,群益金鼎-三民,2023-04-06,9188
5351,鈺創,25,2,23,群益金鼎-三民,2023-04-06,9188
00665L,富邦�琤肭磪囓�2,22,0,22,群益金鼎-三民,2023-04-06,9188
1611,中電,21,0,21,群益金鼎-三民,2023-04-06,9188
1409,新纖,21,0,21,群益金鼎-三民,2023-04-06,9188
3675,德微,21,1,20,群益金鼎-三民,2023-04-06,9188
1708,東鹼,20,0,20,群益金鼎-三民,2023-04-06,9188
1314,中石化,21,3,18,群益金鼎-三民,2023-04-06,9188
00885,富邦越南,33,16,17,群益金鼎-三民,2023-04-06,9188
1473,台南,17,0,17,群益金鼎-三民,2023-04-06,9188
00753L,中信中國50正2,17,0,17,群益金鼎-三民,2023-04-06,9188
4967,十銓,42,26,16,群益金鼎-三民,2023-04-06,9188
00893,國泰智能電動車,16,1,15,群益金鼎-三民,2023-04-06,9188
6732,昇佳電子,15,0,15,群益金鼎-三民,2023-04-06,9188
00637L,元大滬深300正2,19,4,15,群益金鼎-三民,2023-04-06,9188
5381,合正,15,0,15,群益金鼎-三民,2023-04-06,9188
2017,官田鋼,14,0,14,群益金鼎-三民,2023-04-06,9188
00882,中信中國高股息,13,0,13,群益金鼎-三民,2023-04-06,9188
6285,啟��,12,0,12,群益金鼎-三民,2023-04-06,9188
00725B,國泰投資級公司債,12,0,12,群益金鼎-三民,2023-04-06,9188
2409,友達,13,2,11,群益金鼎-三民,2023-04-06,9188
9945,潤泰新,12,1,11,群益金鼎-三民,2023-04-06,9188
2354,鴻準,11,0,11,群益金鼎-三民,2023-04-06,9188
6161,捷波,10,0,10,群益金鼎-三民,2023-04-06,9188
2387,精元,10,0,10,群益金鼎-三民,2023-04-06,9188
2889,國票金,10,0,10,群益金鼎-三民,2023-04-06,9188
00900,富邦特選高股息30,10,0,10,群益金鼎-三民,2023-04-06,9188
2504,國產,10,0,10,群益金鼎-三民,2023-04-06,9188
3714,富采,12,2,10,群益金鼎-三民,2023-04-06,9188
00633L,富邦上証正2,10,0,10,群益金鼎-三民,2023-04-06,9188
6120,達運,10,0,10,群益金鼎-三民,2023-04-06,9188
2323,中環,10,0,10,群益金鼎-三民,2023-04-06,9188
8046,南電,11,1,10,群益金鼎-三民,2023-04-06,9188
3501,維熹,10,1,9,群益金鼎-三民,2023-04-06,9188
1308,亞聚,12,3,9,群益金鼎-三民,2023-04-06,9188
2734,易飛網,10,1,9,群益金鼎-三民,2023-04-06,9188
2484,希華,13,4,9,群益金鼎-三民,2023-04-06,9188
5880,合庫金,10,1,9,群益金鼎-三民,2023-04-06,9188
00669R,國泰美國道瓊反1,310,0,310,群益金鼎-三民,2023-04-07,9188
3481,群創,61,1,60,群益金鼎-三民,2023-04-07,9188
2388,威盛,41,3,38,群益金鼎-三民,2023-04-07,9188
2838,聯邦銀,37,0,37,群益金鼎-三民,2023-04-07,9188
2884,玉山金,37,0,37,群益金鼎-三民,2023-04-07,9188
00922,國泰台灣領袖50,31,0,31,群益金鼎-三民,2023-04-07,9188
2892,第一金,29,0,29,群益金鼎-三民,2023-04-07,9188
2867,三商壽,31,4,27,群益金鼎-三民,2023-04-07,9188
2606,裕民,29,5,24,群益金鼎-三民,2023-04-07,9188
2891,中信金,22,0,22,群益金鼎-三民,2023-04-07,9188
2014,中鴻,21,1,20,群益金鼎-三民,2023-04-07,9188
4934,太極,22,3,19,群益金鼎-三民,2023-04-07,9188
2886,兆豐金,17,0,17,群益金鼎-三民,2023-04-07,9188
2889,國票金,15,0,15,群益金鼎-三民,2023-04-07,9188
2356,英業達,24,9,15,群益金鼎-三民,2023-04-07,9188
3231,緯創,18,4,14,群益金鼎-三民,2023-04-07,9188
5880,合庫金,14,0,14,群益金鼎-三民,2023-04-07,9188
4130,健亞,15,1,14,群益金鼎-三民,2023-04-07,9188
2834,臺企銀,17,3,14,群益金鼎-三民,2023-04-07,9188
2317,鴻海,13,1,12,群益金鼎-三民,2023-04-07,9188
2303,聯電,12,0,12,群益金鼎-三民,2023-04-07,9188
6547,高端疫苗,13,1,12,群益金鼎-三民,2023-04-07,9188
1314,中石化,12,0,12,群益金鼎-三民,2023-04-07,9188
00882,中信中國高股息,13,1,12,群益金鼎-三民,2023-04-07,9188
00923,群益台ESG低碳50,21,10,11,群益金鼎-三民,2023-04-07,9188
6142,友勁,50,39,11,群益金鼎-三民,2023-04-07,9188
1512,瑞利,11,0,11,群益金鼎-三民,2023-04-07,9188
1708,東鹼,11,0,11,群益金鼎-三民,2023-04-07,9188
8227,巨有科技,15,4,11,群益金鼎-三民,2023-04-07,9188
2208,台船,13,2,11,群益金鼎-三民,2023-04-07,9188
3038,全台,11,1,10,群益金鼎-三民,2023-04-07,9188
00919,群益台灣精選高息,10,0,10,群益金鼎-三民,2023-04-07,9188
2634,漢翔,17,7,10,群益金鼎-三民,2023-04-07,9188
3664,安瑞-KY,10,0,10,群益金鼎-三民,2023-04-07,9188
5381,合正,10,0,10,群益金鼎-三民,2023-04-07,9188
5471,松翰,10,0,10,群益金鼎-三民,2023-04-07,9188
3289,宜特,10,0,10,群益金鼎-三民,2023-04-07,9188
6216,居易,10,0,10,群益金鼎-三民,2023-04-07,9188
9103,美德醫療-DR,10,0,10,群益金鼎-三民,2023-04-07,9188
5309,系統電,9,0,9,群益金鼎-三民,2023-04-07,9188
6215,和椿,9,0,9,群益金鼎-三民,2023-04-07,9188
2002,中鋼,8,0,8,群益金鼎-三民,2023-04-07,9188
6168,宏齊,9,1,8,群益金鼎-三民,2023-04-07,9188
1216,統一,8,0,8,群益金鼎-三民,2023-04-07,9188
3037,欣興,8,0,8,群益金鼎-三民,2023-04-07,9188
3046,建��,11,3,8,群益金鼎-三民,2023-04-07,9188
1473,台南,8,0,8,群益金鼎-三民,2023-04-07,9188
2498,宏達電,29,21,8,群益金鼎-三民,2023-04-07,9188
00679B,元大美債20年,8,1,7,群益金鼎-三民,2023-04-07,9188
2436,偉詮電,8,1,7,群益金鼎-三民,2023-04-07,9188
00632R,元大台灣50反1,550,10,540,群益金鼎-三民,2023-04-10,9188
00669R,國泰美國道瓊反1,300,110,190,群益金鼎-三民,2023-04-10,9188
5880,合庫金,135,11,124,群益金鼎-三民,2023-04-10,9188
4167,松瑞藥,65,0,65,群益金鼎-三民,2023-04-10,9188
4114,健喬,51,10,41,群益金鼎-三民,2023-04-10,9188
2323,中環,40,0,40,群益金鼎-三民,2023-04-10,9188
00679B,元大美債20年,36,1,35,群益金鼎-三民,2023-04-10,9188
5328,華容,35,3,32,群益金鼎-三民,2023-04-10,9188
00878,國泰永續高股息,32,0,32,群益金鼎-三民,2023-04-10,9188
2603,長榮,40,8,32,群益金鼎-三民,2023-04-10,9188
2349,錸德,30,0,30,群益金鼎-三民,2023-04-10,9188
3362,先進光,36,7,29,群益金鼎-三民,2023-04-10,9188
6235,華孚,33,5,28,群益金鼎-三民,2023-04-10,9188
6160,欣技,29,1,28,群益金鼎-三民,2023-04-10,9188
5701,劍湖山,30,3,27,群益金鼎-三民,2023-04-10,9188
9907,統一實,24,0,24,群益金鼎-三民,2023-04-10,9188
5351,鈺創,25,1,24,群益金鼎-三民,2023-04-10,9188
6209,今國光,23,0,23,群益金鼎-三民,2023-04-10,9188
2610,華航,23,2,21,群益金鼎-三民,2023-04-10,9188
2401,凌陽,20,0,20,群益金鼎-三民,2023-04-10,9188
3499,環天科,20,0,20,群益金鼎-三民,2023-04-10,9188
9103,美德醫療-DR,20,0,20,群益金鼎-三民,2023-04-10,9188
2388,威盛,31,12,19,群益金鼎-三民,2023-04-10,9188
00712,復華富時不動產,18,0,18,群益金鼎-三民,2023-04-10,9188
2606,裕民,22,5,17,群益金鼎-三民,2023-04-10,9188
1605,華新,35,18,17,群益金鼎-三民,2023-04-10,9188
2886,兆豐金,17,1,16,群益金鼎-三民,2023-04-10,9188
2504,國產,15,0,15,群益金鼎-三民,2023-04-10,9188
3035,智原,14,1,13,群益金鼎-三民,2023-04-10,9188
3479,安勤,13,0,13,群益金鼎-三民,2023-04-10,9188
00720B,元大投資級公司債,13,0,13,群益金鼎-三民,2023-04-10,9188
8097,常珵,12,0,12,群益金鼎-三民,2023-04-10,9188
2066,世德,12,0,12,群益金鼎-三民,2023-04-10,9188
2734,易飛網,14,2,12,群益金鼎-三民,2023-04-10,9188
4934,太極,13,1,12,群益金鼎-三民,2023-04-10,9188
4113,聯上,12,0,12,群益金鼎-三民,2023-04-10,9188
3511,矽瑪,11,0,11,群益金鼎-三民,2023-04-10,9188
3114,好德,11,0,11,群益金鼎-三民,2023-04-10,9188
6861,睿生光電,10,0,10,群益金鼎-三民,2023-04-10,9188
5299,杰力,10,0,10,群益金鼎-三民,2023-04-10,9188
2371,大同,10,0,10,群益金鼎-三民,2023-04-10,9188
6461,益得,10,0,10,群益金鼎-三民,2023-04-10,9188
00635U,期元大S＆P黃金,10,0,10,群益金鼎-三民,2023-04-10,9188
00725B,國泰投資級公司債,9,0,9,群益金鼎-三民,2023-04-10,9188
5381,合正,8,0,8,群益金鼎-三民,2023-04-10,9188
3236,千如,7,0,7,群益金鼎-三民,2023-04-10,9188
4162,智擎,7,0,7,群益金鼎-三民,2023-04-10,9188
2409,友達,9,2,7,群益金鼎-三民,2023-04-10,9188
00900,富邦特選高股息30,7,0,7,群益金鼎-三民,2023-04-10,9188
3707,漢磊,7,0,7,群益金鼎-三民,2023-04-10,9188
2886,兆豐金,172,0,172,群益金鼎-三民,2023-04-11,9188
8289,泰藝,127,1,126,群益金鼎-三民,2023-04-11,9188
6248,沛波,106,5,101,群益金鼎-三民,2023-04-11,9188
3011,今皓,51,0,51,群益金鼎-三民,2023-04-11,9188
3046,建��,51,4,47,群益金鼎-三民,2023-04-11,9188
00679B,元大美債20年,46,3,43,群益金鼎-三民,2023-04-11,9188
2734,易飛網,38,0,38,群益金鼎-三民,2023-04-11,9188
2344,華邦電,85,49,36,群益金鼎-三民,2023-04-11,9188
6649,台生材,32,0,32,群益金鼎-三民,2023-04-11,9188
8050,廣積,35,4,31,群益金鼎-三民,2023-04-11,9188
00912,中信臺灣智慧50,23,0,23,群益金鼎-三民,2023-04-11,9188
2867,三商壽,47,25,22,群益金鼎-三民,2023-04-11,9188
912000,晨訊科-DR,22,0,22,群益金鼎-三民,2023-04-11,9188
2022,聚亨,21,0,21,群益金鼎-三民,2023-04-11,9188
2359,所羅門,25,4,21,群益金鼎-三民,2023-04-11,9188
2537,聯上發,20,0,20,群益金鼎-三民,2023-04-11,9188
2208,台船,20,1,19,群益金鼎-三民,2023-04-11,9188
4114,健喬,20,1,19,群益金鼎-三民,2023-04-11,9188
6791,虎門科技,18,1,17,群益金鼎-三民,2023-04-11,9188
6245,立端,18,1,17,群益金鼎-三民,2023-04-11,9188
00680L,元大美債20正2,16,0,16,群益金鼎-三民,2023-04-11,9188
3653,健策,16,0,16,群益金鼎-三民,2023-04-11,9188
6592,和潤企業,17,1,16,群益金鼎-三民,2023-04-11,9188
6127,九豪,15,0,15,群益金鼎-三民,2023-04-11,9188
1316,上曜,15,0,15,群益金鼎-三民,2023-04-11,9188
3481,群創,14,0,14,群益金鼎-三民,2023-04-11,9188
2317,鴻海,15,2,13,群益金鼎-三民,2023-04-11,9188
6140,訊達,14,1,13,群益金鼎-三民,2023-04-11,9188
1514,亞力,52,40,12,群益金鼎-三民,2023-04-11,9188
6443,元晶,14,2,12,群益金鼎-三民,2023-04-11,9188
6770,力積電,13,1,12,群益金鼎-三民,2023-04-11,9188
2891,中信金,11,0,11,群益金鼎-三民,2023-04-11,9188
2303,聯電,14,4,10,群益金鼎-三民,2023-04-11,9188
2481,強茂,12,2,10,群益金鼎-三民,2023-04-11,9188
3038,全台,14,4,10,群益金鼎-三民,2023-04-11,9188
3484,崧騰,10,0,10,群益金鼎-三民,2023-04-11,9188
3346,麗清,10,0,10,群益金鼎-三民,2023-04-11,9188
3149,正達,10,0,10,群益金鼎-三民,2023-04-11,9188
1710,東聯,10,0,10,群益金鼎-三民,2023-04-11,9188
9103,美德醫療-DR,10,0,10,群益金鼎-三民,2023-04-11,9188
8234,新漢,10,1,9,群益金鼎-三民,2023-04-11,9188
2605,新興,10,1,9,群益金鼎-三民,2023-04-11,9188
4971,IET-KY,10,2,8,群益金鼎-三民,2023-04-11,9188
6753,龍德造船,9,1,8,群益金鼎-三民,2023-04-11,9188
2206,三陽工業,128,120,8,群益金鼎-三民,2023-04-11,9188
3032,偉訓,8,0,8,群益金鼎-三民,2023-04-11,9188
3059,華晶科,11,3,8,群益金鼎-三民,2023-04-11,9188
00637L,元大滬深300正2,38,30,8,群益金鼎-三民,2023-04-11,9188
8059,凱碩,8,0,8,群益金鼎-三民,2023-04-11,9188
8261,富鼎,16,8,8,群益金鼎-三民,2023-04-11,9188
912000,晨訊科-DR,131,0,131,群益金鼎-三民,2023-04-12,9188
2634,漢翔,194,103,91,群益金鼎-三民,2023-04-12,9188
00712,復華富時不動產,64,0,64,群益金鼎-三民,2023-04-12,9188
5272,笙科,50,1,49,群益金鼎-三民,2023-04-12,9188
00637L,元大滬深300正2,44,2,42,群益金鼎-三民,2023-04-12,9188
2344,華邦電,56,16,40,群益金鼎-三民,2023-04-12,9188
3006,晶豪科,77,46,31,群益金鼎-三民,2023-04-12,9188
5880,合庫金,31,0,31,群益金鼎-三民,2023-04-12,9188
6649,台生材,30,0,30,群益金鼎-三民,2023-04-12,9188
2838,聯邦銀,30,0,30,群益金鼎-三民,2023-04-12,9188
3027,盛達,37,8,29,群益金鼎-三民,2023-04-12,9188
2359,所羅門,28,1,27,群益金鼎-三民,2023-04-12,9188
2371,大同,31,5,26,群益金鼎-三民,2023-04-12,9188
2820,華票,24,0,24,群益金鼎-三民,2023-04-12,9188
0056,元大高股息,23,0,23,群益金鼎-三民,2023-04-12,9188
2706,第一店,21,0,21,群益金鼎-三民,2023-04-12,9188
1605,華新,43,23,20,群益金鼎-三民,2023-04-12,9188
2867,三商壽,24,5,19,群益金鼎-三民,2023-04-12,9188
3058,立德,22,4,18,群益金鼎-三民,2023-04-12,9188
2392,正崴,16,0,16,群益金鼎-三民,2023-04-12,9188
6531,愛普*,18,2,16,群益金鼎-三民,2023-04-12,9188
1584,精剛,34,18,16,群益金鼎-三民,2023-04-12,9188
6209,今國光,15,0,15,群益金鼎-三民,2023-04-12,9188
9103,美德醫療-DR,15,0,15,群益金鼎-三民,2023-04-12,9188
1438,三地開發,14,0,14,群益金鼎-三民,2023-04-12,9188
8069,元太,15,1,14,群益金鼎-三民,2023-04-12,9188
4979,華星光,15,2,13,群益金鼎-三民,2023-04-12,9188
6197,佳必琪,15,2,13,群益金鼎-三民,2023-04-12,9188
1710,東聯,13,0,13,群益金鼎-三民,2023-04-12,9188
8028,昇陽半導體,13,1,12,群益金鼎-三民,2023-04-12,9188
2014,中鴻,12,0,12,群益金鼎-三民,2023-04-12,9188
2342,茂矽,13,2,11,群益金鼎-三民,2023-04-12,9188
1784,訊聯,13,2,11,群益金鼎-三民,2023-04-12,9188
3545,敦泰,28,17,11,群益金鼎-三民,2023-04-12,9188
2734,易飛網,10,0,10,群益金鼎-三民,2023-04-12,9188
3059,華晶科,11,1,10,群益金鼎-三民,2023-04-12,9188
00632R,元大台灣50反1,10,0,10,群益金鼎-三民,2023-04-12,9188
5211,蒙恬,10,0,10,群益金鼎-三民,2023-04-12,9188
00673R,期元大S＆P原油反1,10,0,10,群益金鼎-三民,2023-04-12,9188
4113,聯上,10,0,10,群益金鼎-三民,2023-04-12,9188
4943,康控-KY,10,0,10,群益金鼎-三民,2023-04-12,9188
6139,亞翔,12,2,10,群益金鼎-三民,2023-04-12,9188
6188,廣明,15,5,10,群益金鼎-三民,2023-04-12,9188
00888,永豐台灣ESG,9,0,9,群益金鼎-三民,2023-04-12,9188
2314,台揚,9,0,9,群益金鼎-三民,2023-04-12,9188
8358,金居,11,2,9,群益金鼎-三民,2023-04-12,9188
2457,飛宏,13,4,9,群益金鼎-三民,2023-04-12,9188
2338,光罩,10,1,9,群益金鼎-三民,2023-04-12,9188
3380,明泰,9,0,9,群益金鼎-三民,2023-04-12,9188
2618,長榮航,10,1,9,群益金鼎-三民,2023-04-12,9188
00912,中信臺灣智慧50,127,0,127,群益金鼎-三民,2023-04-13,9188
2368,金像電,73,1,72,群益金鼎-三民,2023-04-13,9188
3011,今皓,70,1,69,群益金鼎-三民,2023-04-13,9188
2359,所羅門,107,38,69,群益金鼎-三民,2023-04-13,9188
2427,三商電,61,2,59,群益金鼎-三民,2023-04-13,9188
1609,大亞,104,45,59,群益金鼎-三民,2023-04-13,9188
8105,凌巨,50,0,50,群益金鼎-三民,2023-04-13,9188
8289,泰藝,59,13,46,群益金鼎-三民,2023-04-13,9188
5272,笙科,41,0,41,群益金鼎-三民,2023-04-13,9188
8358,金居,39,1,38,群益金鼎-三民,2023-04-13,9188
6142,友勁,41,5,36,群益金鼎-三民,2023-04-13,9188
2838,聯邦銀,32,0,32,群益金鼎-三民,2023-04-13,9188
00712,復華富時不動產,31,0,31,群益金鼎-三民,2023-04-13,9188
00637L,元大滬深300正2,53,26,27,群益金鼎-三民,2023-04-13,9188
00720B,元大投資級公司債,26,0,26,群益金鼎-三民,2023-04-13,9188
5381,合正,25,0,25,群益金鼎-三民,2023-04-13,9188
4113,聯上,23,0,23,群益金鼎-三民,2023-04-13,9188
1795,美時,31,8,23,群益金鼎-三民,2023-04-13,9188
2330,台積電,21,0,21,群益金鼎-三民,2023-04-13,9188
3017,奇鋐,25,5,20,群益金鼎-三民,2023-04-13,9188
3664,安瑞-KY,20,0,20,群益金鼎-三民,2023-04-13,9188
8222,寶一,48,28,20,群益金鼎-三民,2023-04-13,9188
5009,榮剛,29,10,19,群益金鼎-三民,2023-04-13,9188
2883,凱基金,18,0,18,群益金鼎-三民,2023-04-13,9188
5521,工信,18,0,18,群益金鼎-三民,2023-04-13,9188
1513,中興電,83,66,17,群益金鼎-三民,2023-04-13,9188
2402,毅嘉,34,17,17,群益金鼎-三民,2023-04-13,9188
2406,國碩,17,0,17,群益金鼎-三民,2023-04-13,9188
2820,華票,15,0,15,群益金鼎-三民,2023-04-13,9188
2468,華經,20,5,15,群益金鼎-三民,2023-04-13,9188
6244,茂迪,14,0,14,群益金鼎-三民,2023-04-13,9188
3312,弘憶股,14,0,14,群益金鼎-三民,2023-04-13,9188
3711,日月光投控,13,0,13,群益金鼎-三民,2023-04-13,9188
2889,國票金,13,0,13,群益金鼎-三民,2023-04-13,9188
1417,嘉裕,15,2,13,群益金鼎-三民,2023-04-13,9188
8064,東捷,13,0,13,群益金鼎-三民,2023-04-13,9188
6234,高僑,15,2,13,群益金鼎-三民,2023-04-13,9188
00679B,元大美債20年,12,0,12,群益金鼎-三民,2023-04-13,9188
00878,國泰永續高股息,26,14,12,群益金鼎-三民,2023-04-13,9188
1101,台泥,12,0,12,群益金鼎-三民,2023-04-13,9188
1605,華新,21,9,12,群益金鼎-三民,2023-04-13,9188
1529,樂事綠能,15,3,12,群益金鼎-三民,2023-04-13,9188
00893,國泰智能電動車,13,1,12,群益金鼎-三民,2023-04-13,9188
5258,虹堡,16,4,12,群益金鼎-三民,2023-04-13,9188
6443,元晶,36,25,11,群益金鼎-三民,2023-04-13,9188
3624,光頡,12,1,11,群益金鼎-三民,2023-04-13,9188
6163,華電網,39,28,11,群益金鼎-三民,2023-04-13,9188
6770,力積電,11,1,10,群益金鼎-三民,2023-04-13,9188
00923,群益台ESG低碳50,10,0,10,群益金鼎-三民,2023-04-13,9188
1618,合機,10,0,10,群益金鼎-三民,2023-04-13,9188
00632R,元大台灣50反1,346,0,346,群益金鼎-三民,2023-04-14,9188
1810,和成,300,41,259,群益金鼎-三民,2023-04-14,9188
00679B,元大美債20年,73,0,73,群益金鼎-三民,2023-04-14,9188
8289,泰藝,71,2,69,群益金鼎-三民,2023-04-14,9188
4114,健喬,78,12,66,群益金鼎-三民,2023-04-14,9188
1605,華新,130,66,64,群益金鼎-三民,2023-04-14,9188
3481,群創,63,5,58,群益金鼎-三民,2023-04-14,9188
2208,台船,303,248,55,群益金鼎-三民,2023-04-14,9188
4743,合一,66,13,53,群益金鼎-三民,2023-04-14,9188
2634,漢翔,149,97,52,群益金鼎-三民,2023-04-14,9188
2027,大成鋼,52,0,52,群益金鼎-三民,2023-04-14,9188
2838,聯邦銀,47,0,47,群益金鼎-三民,2023-04-14,9188
1515,力山,42,0,42,群益金鼎-三民,2023-04-14,9188
2891,中信金,46,4,42,群益金鼎-三民,2023-04-14,9188
2886,兆豐金,35,1,34,群益金鼎-三民,2023-04-14,9188
3308,聯德,30,0,30,群益金鼎-三民,2023-04-14,9188
5880,合庫金,30,1,29,群益金鼎-三民,2023-04-14,9188
8050,廣積,30,2,28,群益金鼎-三民,2023-04-14,9188
6163,華電網,31,3,28,群益金鼎-三民,2023-04-14,9188
5351,鈺創,26,1,25,群益金鼎-三民,2023-04-14,9188
5425,台半,28,4,24,群益金鼎-三民,2023-04-14,9188
00893,國泰智能電動車,22,0,22,群益金鼎-三民,2023-04-14,9188
2369,菱生,20,0,20,群益金鼎-三民,2023-04-14,9188
4510,高鋒,20,0,20,群益金鼎-三民,2023-04-14,9188
5905,南仁湖,20,0,20,群益金鼎-三民,2023-04-14,9188
00752,中信中國50,19,0,19,群益金鼎-三民,2023-04-14,9188
2303,聯電,21,3,18,群益金鼎-三民,2023-04-14,9188
00720B,元大投資級公司債,18,0,18,群益金鼎-三民,2023-04-14,9188
6509,聚和,20,3,17,群益金鼎-三民,2023-04-14,9188
2206,三陽工業,22,5,17,群益金鼎-三民,2023-04-14,9188
2883,凱基金,25,9,16,群益金鼎-三民,2023-04-14,9188
1584,精剛,134,118,16,群益金鼎-三民,2023-04-14,9188
00878,國泰永續高股息,46,31,15,群益金鼎-三民,2023-04-14,9188
3011,今皓,16,1,15,群益金鼎-三民,2023-04-14,9188
5465,富驊,15,0,15,群益金鼎-三民,2023-04-14,9188
00900,富邦特選高股息30,15,0,15,群益金鼎-三民,2023-04-14,9188
1514,亞力,33,19,14,群益金鼎-三民,2023-04-14,9188
6176,瑞儀,16,2,14,群益金鼎-三民,2023-04-14,9188
5328,華容,22,8,14,群益金鼎-三民,2023-04-14,9188
5381,合正,39,25,14,群益金鼎-三民,2023-04-14,9188
2881,富邦金,16,2,14,群益金鼎-三民,2023-04-14,9188
5009,榮剛,41,28,13,群益金鼎-三民,2023-04-14,9188
4128,中天,16,3,13,群益金鼎-三民,2023-04-14,9188
5258,虹堡,21,9,12,群益金鼎-三民,2023-04-14,9188
3576,聯合再生,12,0,12,群益金鼎-三民,2023-04-14,9188
3231,緯創,40,28,12,群益金鼎-三民,2023-04-14,9188
00687B,國泰20年美債,12,0,12,群益金鼎-三民,2023-04-14,9188
2402,毅嘉,50,38,12,群益金鼎-三民,2023-04-14,9188
6477,安集,42,31,11,群益金鼎-三民,2023-04-14,9188
1503,士電,13,2,11,群益金鼎-三民,2023-04-14,9188
1409,新纖,215,0,215,群益金鼎-三民,2023-04-17,9188
2027,大成鋼,151,0,151,群益金鼎-三民,2023-04-17,9188
9105,泰金寶-DR,150,0,150,群益金鼎-三民,2023-04-17,9188
00687B,國泰20年美債,76,0,76,群益金鼎-三民,2023-04-17,9188
1810,和成,60,4,56,群益金鼎-三民,2023-04-17,9188
3006,晶豪科,47,1,46,群益金鼎-三民,2023-04-17,9188
3576,聯合再生,54,8,46,群益金鼎-三民,2023-04-17,9188
2838,聯邦銀,45,0,45,群益金鼎-三民,2023-04-17,9188
3058,立德,43,0,43,群益金鼎-三民,2023-04-17,9188
1605,華新,85,46,39,群益金鼎-三民,2023-04-17,9188
2349,錸德,36,0,36,群益金鼎-三民,2023-04-17,9188
6142,友勁,33,1,32,群益金鼎-三民,2023-04-17,9188
2820,華票,30,0,30,群益金鼎-三民,2023-04-17,9188
00712,復華富時不動產,33,3,30,群益金鼎-三民,2023-04-17,9188
4916,事欣科,36,8,28,群益金鼎-三民,2023-04-17,9188
2344,華邦電,27,2,25,群益金鼎-三民,2023-04-17,9188
00679B,元大美債20年,24,0,24,群益金鼎-三民,2023-04-17,9188
2329,華泰,27,5,22,群益金鼎-三民,2023-04-17,9188
2634,漢翔,222,201,21,群益金鼎-三民,2023-04-17,9188
6248,沛波,21,1,20,群益金鼎-三民,2023-04-17,9188
1319,東陽,21,1,20,群益金鼎-三民,2023-04-17,9188
2891,中信金,21,1,20,群益金鼎-三民,2023-04-17,9188
9962,有益,20,0,20,群益金鼎-三民,2023-04-17,9188
2617,台航,20,1,19,群益金鼎-三民,2023-04-17,9188
2002,中鋼,18,1,17,群益金鼎-三民,2023-04-17,9188
3481,群創,32,16,16,群益金鼎-三民,2023-04-17,9188
2867,三商壽,16,0,16,群益金鼎-三民,2023-04-17,9188
3308,聯德,20,4,16,群益金鼎-三民,2023-04-17,9188
6116,彩晶,16,1,15,群益金鼎-三民,2023-04-17,9188
00720B,元大投資級公司債,15,0,15,群益金鼎-三民,2023-04-17,9188
3032,偉訓,33,19,14,群益金鼎-三民,2023-04-17,9188
1618,合機,13,0,13,群益金鼎-三民,2023-04-17,9188
2471,資通,14,1,13,群益金鼎-三民,2023-04-17,9188
4979,華星光,16,3,13,群益金鼎-三民,2023-04-17,9188
6443,元晶,12,0,12,群益金鼎-三民,2023-04-17,9188
1503,士電,19,7,12,群益金鼎-三民,2023-04-17,9188
3056,富華新,13,1,12,群益金鼎-三民,2023-04-17,9188
5410,國眾,14,2,12,群益金鼎-三民,2023-04-17,9188
1519,華城,58,46,12,群益金鼎-三民,2023-04-17,9188
00878,國泰永續高股息,14,3,11,群益金鼎-三民,2023-04-17,9188
2486,一詮,21,10,11,群益金鼎-三民,2023-04-17,9188
2890,永豐金,12,2,10,群益金鼎-三民,2023-04-17,9188
4927,泰鼎-KY,10,0,10,群益金鼎-三民,2023-04-17,9188
4541,晟田,21,11,10,群益金鼎-三民,2023-04-17,9188
00635U,期元大S＆P黃金,10,0,10,群益金鼎-三民,2023-04-17,9188
5521,工信,10,0,10,群益金鼎-三民,2023-04-17,9188
6148,驊宏資,10,0,10,群益金鼎-三民,2023-04-17,9188
8938,明安,10,0,10,群益金鼎-三民,2023-04-17,9188
6182,合晶,16,6,10,群益金鼎-三民,2023-04-17,9188
2610,華航,31,22,9,群益金鼎-三民,2023-04-17,9188
1444,力麗,139,36,103,群益金鼎-三民,2023-04-18,9188
6142,友勁,96,15,81,群益金鼎-三民,2023-04-18,9188
1409,新纖,73,0,73,群益金鼎-三民,2023-04-18,9188
912000,晨訊科-DR,55,0,55,群益金鼎-三民,2023-04-18,9188
2344,華邦電,56,5,51,群益金鼎-三民,2023-04-18,9188
00679B,元大美債20年,44,1,43,群益金鼎-三民,2023-04-18,9188
6167,久正,39,2,37,群益金鼎-三民,2023-04-18,9188
2884,玉山金,50,14,36,群益金鼎-三民,2023-04-18,9188
00687B,國泰20年美債,35,0,35,群益金鼎-三民,2023-04-18,9188
4113,聯上,35,0,35,群益金鼎-三民,2023-04-18,9188
2636,台驊控股,31,0,31,群益金鼎-三民,2023-04-18,9188
00878,國泰永續高股息,31,0,31,群益金鼎-三民,2023-04-18,9188
3017,奇鋐,54,25,29,群益金鼎-三民,2023-04-18,9188
1605,華新,49,21,28,群益金鼎-三民,2023-04-18,9188
6215,和椿,26,0,26,群益金鼎-三民,2023-04-18,9188
3481,群創,29,4,25,群益金鼎-三民,2023-04-18,9188
2838,聯邦銀,24,0,24,群益金鼎-三民,2023-04-18,9188
6160,欣技,37,13,24,群益金鼎-三民,2023-04-18,9188
00713,元大台灣高息低波,24,0,24,群益金鼎-三民,2023-04-18,9188
5009,榮剛,36,12,24,群益金鼎-三民,2023-04-18,9188
2820,華票,26,3,23,群益金鼎-三民,2023-04-18,9188
9907,統一實,23,0,23,群益金鼎-三民,2023-04-18,9188
6282,康舒,34,12,22,群益金鼎-三民,2023-04-18,9188
6209,今國光,65,44,21,群益金鼎-三民,2023-04-18,9188
3046,建��,34,13,21,群益金鼎-三民,2023-04-18,9188
00712,復華富時不動產,21,0,21,群益金鼎-三民,2023-04-18,9188
2208,台船,40,20,20,群益金鼎-三民,2023-04-18,9188
2641,正德,21,1,20,群益金鼎-三民,2023-04-18,9188
3078,僑威,31,12,19,群益金鼎-三民,2023-04-18,9188
3062,建漢,32,13,19,群益金鼎-三民,2023-04-18,9188
1618,合機,18,0,18,群益金鼎-三民,2023-04-18,9188
1711,永光,18,0,18,群益金鼎-三民,2023-04-18,9188
1752,南光,31,13,18,群益金鼎-三民,2023-04-18,9188
00720B,元大投資級公司債,18,0,18,群益金鼎-三民,2023-04-18,9188
1584,精剛,105,87,18,群益金鼎-三民,2023-04-18,9188
1513,中興電,40,23,17,群益金鼎-三民,2023-04-18,9188
2423,固緯,16,0,16,群益金鼎-三民,2023-04-18,9188
3038,全台,20,4,16,群益金鼎-三民,2023-04-18,9188
00772B,中信高評級公司債,18,3,15,群益金鼎-三民,2023-04-18,9188
5258,虹堡,16,1,15,群益金鼎-三民,2023-04-18,9188
00891,中信關鍵半導體,15,0,15,群益金鼎-三民,2023-04-18,9188
2328,廣宇,14,0,14,群益金鼎-三民,2023-04-18,9188
6443,元晶,28,14,14,群益金鼎-三民,2023-04-18,9188
6485,點序,22,9,13,群益金鼎-三民,2023-04-18,9188
6829,千附精密,24,11,13,群益金鼎-三民,2023-04-18,9188
2486,一詮,17,5,12,群益金鼎-三民,2023-04-18,9188
2472,立隆電,12,0,12,群益金鼎-三民,2023-04-18,9188
2734,易飛網,12,0,12,群益金鼎-三民,2023-04-18,9188
2449,京元電子,15,3,12,群益金鼎-三民,2023-04-18,9188
2603,長榮,19,8,11,群益金鼎-三民,2023-04-18,9188
1810,和成,415,307,108,群益金鼎-三民,2023-04-19,9188
1608,華榮,55,5,50,群益金鼎-三民,2023-04-19,9188
2303,聯電,46,4,42,群益金鼎-三民,2023-04-19,9188
3576,聯合再生,90,50,40,群益金鼎-三民,2023-04-19,9188
2498,宏達電,40,2,38,群益金鼎-三民,2023-04-19,9188
2022,聚亨,38,0,38,群益金鼎-三民,2023-04-19,9188
1727,中華化,36,0,36,群益金鼎-三民,2023-04-19,9188
2002,中鋼,38,6,32,群益金鼎-三民,2023-04-19,9188
2601,益航,34,2,32,群益金鼎-三民,2023-04-19,9188
2354,鴻準,32,1,31,群益金鼎-三民,2023-04-19,9188
1101,台泥,32,2,30,群益金鼎-三民,2023-04-19,9188
2801,彰銀,30,0,30,群益金鼎-三民,2023-04-19,9188
912000,晨訊科-DR,30,0,30,群益金鼎-三民,2023-04-19,9188
2734,易飛網,30,0,30,群益金鼎-三民,2023-04-19,9188
00878,國泰永續高股息,29,0,29,群益金鼎-三民,2023-04-19,9188
3047,訊舟,30,4,26,群益金鼎-三民,2023-04-19,9188
2014,中鴻,26,0,26,群益金鼎-三民,2023-04-19,9188
00712,復華富時不動產,24,0,24,群益金鼎-三民,2023-04-19,9188
4113,聯上,23,0,23,群益金鼎-三民,2023-04-19,9188
1760,寶齡富錦,32,10,22,群益金鼎-三民,2023-04-19,9188
2313,華通,22,1,21,群益金鼎-三民,2023-04-19,9188
2344,華邦電,24,3,21,群益金鼎-三民,2023-04-19,9188
6592,和潤企業,22,1,21,群益金鼎-三民,2023-04-19,9188
00923,群益台ESG低碳50,20,0,20,群益金鼎-三民,2023-04-19,9188
8926,台汽電,26,6,20,群益金鼎-三民,2023-04-19,9188
6167,久正,29,9,20,群益金鼎-三民,2023-04-19,9188
2838,聯邦銀,56,36,20,群益金鼎-三民,2023-04-19,9188
8059,凱碩,20,0,20,群益金鼎-三民,2023-04-19,9188
00912,中信臺灣智慧50,20,0,20,群益金鼎-三民,2023-04-19,9188
2409,友達,45,26,19,群益金鼎-三民,2023-04-19,9188
2359,所羅門,27,8,19,群益金鼎-三民,2023-04-19,9188
2633,台灣高鐵,18,0,18,群益金鼎-三民,2023-04-19,9188
00637L,元大滬深300正2,26,9,17,群益金鼎-三民,2023-04-19,9188
3218,大學光,17,0,17,群益金鼎-三民,2023-04-19,9188
4979,華星光,81,64,17,群益金鼎-三民,2023-04-19,9188
2645,長榮航太,17,0,17,群益金鼎-三民,2023-04-19,9188
4967,十銓,26,10,16,群益金鼎-三民,2023-04-19,9188
3664,安瑞-KY,15,0,15,群益金鼎-三民,2023-04-19,9188
3693,營邦,18,3,15,群益金鼎-三民,2023-04-19,9188
2104,國際中橡,15,0,15,群益金鼎-三民,2023-04-19,9188
3548,兆利,15,0,15,群益金鼎-三民,2023-04-19,9188
6770,力積電,15,1,14,群益金鼎-三民,2023-04-19,9188
5243,乙盛-KY,23,9,14,群益金鼎-三民,2023-04-19,9188
1522,堤維西,16,2,14,群益金鼎-三民,2023-04-19,9188
2423,固緯,30,16,14,群益金鼎-三民,2023-04-19,9188
5512,力麒,19,5,14,群益金鼎-三民,2023-04-19,9188
00679B,元大美債20年,14,0,14,群益金鼎-三民,2023-04-19,9188
00888,永豐台灣ESG,13,0,13,群益金鼎-三民,2023-04-19,9188
3711,日月光投控,13,0,13,群益金鼎-三民,2023-04-19,9188
1438,三地開發,13,0,13,群益金鼎-三民,2023-04-19,9188
9105,泰金寶-DR,239,0,239,群益金鼎-三民,2023-04-20,9188
1810,和成,221,22,199,群益金鼎-三民,2023-04-20,9188
912000,晨訊科-DR,120,0,120,群益金鼎-三民,2023-04-20,9188
3576,聯合再生,122,8,114,群益金鼎-三民,2023-04-20,9188
3011,今皓,91,3,88,群益金鼎-三民,2023-04-20,9188
4147,中裕,117,37,80,群益金鼎-三民,2023-04-20,9188
6142,友勁,65,7,58,群益金鼎-三民,2023-04-20,9188
2344,華邦電,62,9,53,群益金鼎-三民,2023-04-20,9188
8289,泰藝,62,9,53,群益金鼎-三民,2023-04-20,9188
2838,聯邦銀,53,0,53,群益金鼎-三民,2023-04-20,9188
00878,國泰永續高股息,76,36,40,群益金鼎-三民,2023-04-20,9188
2444,兆勁,34,0,34,群益金鼎-三民,2023-04-20,9188
5880,合庫金,34,0,34,群益金鼎-三民,2023-04-20,9188
6443,元晶,45,12,33,群益金鼎-三民,2023-04-20,9188
6244,茂迪,111,81,30,群益金鼎-三民,2023-04-20,9188
00637L,元大滬深300正2,32,2,30,群益金鼎-三民,2023-04-20,9188
6188,廣明,33,5,28,群益金鼎-三民,2023-04-20,9188
6134,萬旭,30,3,27,群益金鼎-三民,2023-04-20,9188
9945,潤泰新,30,4,26,群益金鼎-三民,2023-04-20,9188
2359,所羅門,54,29,25,群益金鼎-三民,2023-04-20,9188
2886,兆豐金,25,0,25,群益金鼎-三民,2023-04-20,9188
2495,普安,26,2,24,群益金鼎-三民,2023-04-20,9188
3058,立德,36,14,22,群益金鼎-三民,2023-04-20,9188
2457,飛宏,115,93,22,群益金鼎-三民,2023-04-20,9188
00712,復華富時不動產,20,0,20,群益金鼎-三民,2023-04-20,9188
4915,致伸,20,0,20,群益金鼎-三民,2023-04-20,9188
2492,華新科,21,3,18,群益金鼎-三民,2023-04-20,9188
9103,美德醫療-DR,15,0,15,群益金鼎-三民,2023-04-20,9188
6782,視陽,16,1,15,群益金鼎-三民,2023-04-20,9188
6168,宏齊,14,0,14,群益金鼎-三民,2023-04-20,9188
5009,榮剛,26,13,13,群益金鼎-三民,2023-04-20,9188
6285,啟��,15,2,13,群益金鼎-三民,2023-04-20,9188
6732,昇佳電子,13,0,13,群益金鼎-三民,2023-04-20,9188
3710,連展投控,13,0,13,群益金鼎-三民,2023-04-20,9188
9927,泰銘,13,0,13,群益金鼎-三民,2023-04-20,9188
2515,中工,13,0,13,群益金鼎-三民,2023-04-20,9188
00679B,元大美債20年,12,0,12,群益金鼎-三民,2023-04-20,9188
2820,華票,12,0,12,群益金鼎-三民,2023-04-20,9188
8024,佑華,12,0,12,群益金鼎-三民,2023-04-20,9188
2409,友達,12,0,12,群益金鼎-三民,2023-04-20,9188
1609,大亞,22,10,12,群益金鼎-三民,2023-04-20,9188
6026,福邦證,11,0,11,群益金鼎-三民,2023-04-20,9188
2734,易飛網,11,0,11,群益金鼎-三民,2023-04-20,9188
1784,訊聯,13,2,11,群益金鼎-三民,2023-04-20,9188
2027,大成鋼,11,0,11,群益金鼎-三民,2023-04-20,9188
4743,合一,14,3,11,群益金鼎-三民,2023-04-20,9188
0056,元大高股息,13,3,10,群益金鼎-三民,2023-04-20,9188
6578,達邦蛋白,10,0,10,群益金鼎-三民,2023-04-20,9188
1603,華電,10,0,10,群益金鼎-三民,2023-04-20,9188
1504,東元,15,5,10,群益金鼎-三民,2023-04-20,9188
9105,泰金寶-DR,150,0,150,群益金鼎-三民,2023-04-21,9188
00878,國泰永續高股息,103,14,89,群益金鼎-三民,2023-04-21,9188
2344,華邦電,105,17,88,群益金鼎-三民,2023-04-21,9188
1701,中化,82,2,80,群益金鼎-三民,2023-04-21,9188
912000,晨訊科-DR,50,0,50,群益金鼎-三民,2023-04-21,9188
2838,聯邦銀,42,0,42,群益金鼎-三民,2023-04-21,9188
2323,中環,40,0,40,群益金鼎-三民,2023-04-21,9188
2312,金寶,33,0,33,群益金鼎-三民,2023-04-21,9188
2867,三商壽,51,21,30,群益金鼎-三民,2023-04-21,9188
9103,美德醫療-DR,30,0,30,群益金鼎-三民,2023-04-21,9188
1402,遠東新,30,0,30,群益金鼎-三民,2023-04-21,9188
4976,佳凌,30,0,30,群益金鼎-三民,2023-04-21,9188
2630,亞航,29,0,29,群益金鼎-三民,2023-04-21,9188
2027,大成鋼,32,4,28,群益金鼎-三民,2023-04-21,9188
1409,新纖,27,0,27,群益金鼎-三民,2023-04-21,9188
6244,茂迪,52,28,24,群益金鼎-三民,2023-04-21,9188
6163,華電網,29,6,23,群益金鼎-三民,2023-04-21,9188
3501,維熹,39,16,23,群益金鼎-三民,2023-04-21,9188
2609,陽明,31,10,21,群益金鼎-三民,2023-04-21,9188
00881,國泰台灣5G+,20,0,20,群益金鼎-三民,2023-04-21,9188
1709,和益,20,0,20,群益金鼎-三民,2023-04-21,9188
00637L,元大滬深300正2,21,1,20,群益金鼎-三民,2023-04-21,9188
00891,中信關鍵半導體,20,0,20,群益金鼎-三民,2023-04-21,9188
1710,東聯,31,12,19,群益金鼎-三民,2023-04-21,9188
3017,奇鋐,20,2,18,群益金鼎-三民,2023-04-21,9188
1514,亞力,19,2,17,群益金鼎-三民,2023-04-21,9188
00679B,元大美債20年,17,0,17,群益金鼎-三民,2023-04-21,9188
5011,久陽,22,5,17,群益金鼎-三民,2023-04-21,9188
8222,寶一,66,49,17,群益金鼎-三民,2023-04-21,9188
5880,合庫金,17,0,17,群益金鼎-三民,2023-04-21,9188
2617,台航,16,0,16,群益金鼎-三民,2023-04-21,9188
1437,勤益控,16,0,16,群益金鼎-三民,2023-04-21,9188
00885,富邦越南,16,0,16,群益金鼎-三民,2023-04-21,9188
1909,榮成,71,56,15,群益金鼎-三民,2023-04-21,9188
2402,毅嘉,16,2,14,群益金鼎-三民,2023-04-21,9188
1560,中砂,14,1,13,群益金鼎-三民,2023-04-21,9188
00907,永豐優息存股,13,0,13,群益金鼎-三民,2023-04-21,9188
6456,GIS-KY,13,0,13,群益金鼎-三民,2023-04-21,9188
6188,廣明,13,0,13,群益金鼎-三民,2023-04-21,9188
6271,同欣電,12,0,12,群益金鼎-三民,2023-04-21,9188
2472,立隆電,12,0,12,群益金鼎-三民,2023-04-21,9188
2368,金像電,14,2,12,群益金鼎-三民,2023-04-21,9188
4931,新盛力,23,11,12,群益金鼎-三民,2023-04-21,9188
3455,由田,13,1,12,群益金鼎-三民,2023-04-21,9188
00919,群益台灣精選高息,11,0,11,群益金鼎-三民,2023-04-21,9188
2388,威盛,12,1,11,群益金鼎-三民,2023-04-21,9188
6790,永豐實,11,0,11,群益金鼎-三民,2023-04-21,9188
6129,普誠,12,1,11,群益金鼎-三民,2023-04-21,9188
00720B,元大投資級公司債,12,1,11,群益金鼎-三民,2023-04-21,9188
6290,良維,10,0,10,群益金鼎-三民,2023-04-21,9188
00669R,國泰美國道瓊反1,302,0,302,群益金鼎-三民,2023-04-24,9188
00637L,元大滬深300正2,177,2,175,群益金鼎-三民,2023-04-24,9188
2002,中鋼,115,0,115,群益金鼎-三民,2023-04-24,9188
00902,中信電池及儲能,84,3,81,群益金鼎-三民,2023-04-24,9188
1101,台泥,220,175,45,群益金鼎-三民,2023-04-24,9188
1810,和成,46,2,44,群益金鼎-三民,2023-04-24,9188
2313,華通,26,0,26,群益金鼎-三民,2023-04-24,9188
8050,廣積,23,0,23,群益金鼎-三民,2023-04-24,9188
2883,凱基金,30,7,23,群益金鼎-三民,2023-04-24,9188
3265,台星科,21,0,21,群益金鼎-三民,2023-04-24,9188
1905,華紙,61,40,21,群益金鼎-三民,2023-04-24,9188
2457,飛宏,38,17,21,群益金鼎-三民,2023-04-24,9188
4979,華星光,34,13,21,群益金鼎-三民,2023-04-24,9188
2535,達欣工,20,0,20,群益金鼎-三民,2023-04-24,9188
9105,泰金寶-DR,20,0,20,群益金鼎-三民,2023-04-24,9188
5425,台半,20,0,20,群益金鼎-三民,2023-04-24,9188
2303,聯電,25,5,20,群益金鼎-三民,2023-04-24,9188
1513,中興電,30,11,19,群益金鼎-三民,2023-04-24,9188
8289,泰藝,16,0,16,群益金鼎-三民,2023-04-24,9188
4755,三福化,16,1,15,群益金鼎-三民,2023-04-24,9188
00907,永豐優息存股,15,0,15,群益金鼎-三民,2023-04-24,9188
2317,鴻海,14,0,14,群益金鼎-三民,2023-04-24,9188
2618,長榮航,14,0,14,群益金鼎-三民,2023-04-24,9188
6829,千附精密,25,11,14,群益金鼎-三民,2023-04-24,9188
8033,雷虎,13,0,13,群益金鼎-三民,2023-04-24,9188
00633L,富邦上証正2,13,0,13,群益金鼎-三民,2023-04-24,9188
2867,三商壽,12,0,12,群益金鼎-三民,2023-04-24,9188
4123,晟德,24,12,12,群益金鼎-三民,2023-04-24,9188
6649,台生材,12,0,12,群益金鼎-三民,2023-04-24,9188
2027,大成鋼,13,1,12,群益金鼎-三民,2023-04-24,9188
3078,僑威,20,8,12,群益金鼎-三民,2023-04-24,9188
0050,元大台灣50,11,0,11,群益金鼎-三民,2023-04-24,9188
00687B,國泰20年美債,11,0,11,群益金鼎-三民,2023-04-24,9188
1712,興農,10,0,10,群益金鼎-三民,2023-04-24,9188
00680L,元大美債20正2,10,0,10,群益金鼎-三民,2023-04-24,9188
9136,巨騰-DR,10,0,10,群益金鼎-三民,2023-04-24,9188
5009,榮剛,12,2,10,群益金鼎-三民,2023-04-24,9188
1907,永豐餘,21,11,10,群益金鼎-三民,2023-04-24,9188
3522,御嵿,10,0,10,群益金鼎-三民,2023-04-24,9188
2344,華邦電,10,0,10,群益金鼎-三民,2023-04-24,9188
6547,高端疫苗,10,0,10,群益金鼎-三民,2023-04-24,9188
8926,台汽電,11,1,10,群益金鼎-三民,2023-04-24,9188
00893,國泰智能電動車,10,1,9,群益金鼎-三民,2023-04-24,9188
3665,貿聯-KY,9,0,9,群益金鼎-三民,2023-04-24,9188
1528,恩德,8,0,8,群益金鼎-三民,2023-04-24,9188
6163,華電網,8,0,8,群益金鼎-三民,2023-04-24,9188
2371,大同,8,0,8,群益金鼎-三民,2023-04-24,9188
1608,華榮,8,0,8,群益金鼎-三民,2023-04-24,9188
6182,合晶,8,0,8,群益金鼎-三民,2023-04-24,9188
2453,凌群,18,10,8,群益金鼎-三民,2023-04-24,9188
2344,華邦電,120,3,117,群益金鼎-三民,2023-04-25,9188
00878,國泰永續高股息,133,18,115,群益金鼎-三民,2023-04-25,9188
0056,元大高股息,83,2,81,群益金鼎-三民,2023-04-25,9188
00902,中信電池及儲能,80,0,80,群益金鼎-三民,2023-04-25,9188
9105,泰金寶-DR,86,10,76,群益金鼎-三民,2023-04-25,9188
1907,永豐餘,66,10,56,群益金鼎-三民,2023-04-25,9188
1101,台泥,76,20,56,群益金鼎-三民,2023-04-25,9188
00637L,元大滬深300正2,66,13,53,群益金鼎-三民,2023-04-25,9188
00900,富邦特選高股息30,50,0,50,群益金鼎-三民,2023-04-25,9188
2897,王道銀行,50,1,49,群益金鼎-三民,2023-04-25,9188
2886,兆豐金,50,2,48,群益金鼎-三民,2023-04-25,9188
1605,華新,72,30,42,群益金鼎-三民,2023-04-25,9188
00891,中信關鍵半導體,42,0,42,群益金鼎-三民,2023-04-25,9188
4123,晟德,52,10,42,群益金鼎-三民,2023-04-25,9188
4566,時碩工業,69,32,37,群益金鼎-三民,2023-04-25,9188
1717,長興,36,0,36,群益金鼎-三民,2023-04-25,9188
8927,北基,47,15,32,群益金鼎-三民,2023-04-25,9188
00922,國泰台灣領袖50,32,0,32,群益金鼎-三民,2023-04-25,9188
00772B,中信高評級公司債,30,0,30,群益金鼎-三民,2023-04-25,9188
00761B,國泰A級公司債,30,0,30,群益金鼎-三民,2023-04-25,9188
1310,台苯,114,84,30,群益金鼎-三民,2023-04-25,9188
00724B,群益投資級金融債,30,0,30,群益金鼎-三民,2023-04-25,9188
2337,旺宏,30,0,30,群益金鼎-三民,2023-04-25,9188
0050,元大台灣50,31,1,30,群益金鼎-三民,2023-04-25,9188
2354,鴻準,29,0,29,群益金鼎-三民,2023-04-25,9188
2630,亞航,32,3,29,群益金鼎-三民,2023-04-25,9188
3231,緯創,33,6,27,群益金鼎-三民,2023-04-25,9188
2303,聯電,33,6,27,群益金鼎-三民,2023-04-25,9188
2472,立隆電,29,2,27,群益金鼎-三民,2023-04-25,9188
2002,中鋼,67,42,25,群益金鼎-三民,2023-04-25,9188
2504,國產,33,8,25,群益金鼎-三民,2023-04-25,9188
2409,友達,24,0,24,群益金鼎-三民,2023-04-25,9188
6163,華電網,31,9,22,群益金鼎-三民,2023-04-25,9188
1810,和成,40,19,21,群益金鼎-三民,2023-04-25,9188
00923,群益台ESG低碳50,21,0,21,群益金鼎-三民,2023-04-25,9188
1905,華紙,43,23,20,群益金鼎-三民,2023-04-25,9188
2323,中環,20,0,20,群益金鼎-三民,2023-04-25,9188
2317,鴻海,24,5,19,群益金鼎-三民,2023-04-25,9188
6125,廣運,20,1,19,群益金鼎-三民,2023-04-25,9188
4526,東台,20,1,19,群益金鼎-三民,2023-04-25,9188
1701,中化,31,13,18,群益金鼎-三民,2023-04-25,9188
2206,三陽工業,29,13,16,群益金鼎-三民,2023-04-25,9188
912000,晨訊科-DR,15,0,15,群益金鼎-三民,2023-04-25,9188
00664R,國泰臺灣加權反1,15,0,15,群益金鼎-三民,2023-04-25,9188
2852,第一保,15,0,15,群益金鼎-三民,2023-04-25,9188
3363,上詮,14,0,14,群益金鼎-三民,2023-04-25,9188
9907,統一實,14,0,14,群益金鼎-三民,2023-04-25,9188
1784,訊聯,31,17,14,群益金鼎-三民,2023-04-25,9188
00713,元大台灣高息低波,13,0,13,群益金鼎-三民,2023-04-25,9188
2515,中工,20,7,13,群益金鼎-三民,2023-04-25,9188
2634,漢翔,141,70,71,群益金鼎-三民,2023-04-26,9188
8222,寶一,74,21,53,群益金鼎-三民,2023-04-26,9188
1310,台苯,59,7,52,群益金鼎-三民,2023-04-26,9188
00885,富邦越南,38,0,38,群益金鼎-三民,2023-04-26,9188
1810,和成,37,1,36,群益金鼎-三民,2023-04-26,9188
00712,復華富時不動產,34,0,34,群益金鼎-三民,2023-04-26,9188
2002,中鋼,27,2,25,群益金鼎-三民,2023-04-26,9188
2913,農林,32,7,25,群益金鼎-三民,2023-04-26,9188
00893,國泰智能電動車,25,0,25,群益金鼎-三民,2023-04-26,9188
3071,協禧,39,19,20,群益金鼎-三民,2023-04-26,9188
8996,高力,22,2,20,群益金鼎-三民,2023-04-26,9188
2706,第一店,18,0,18,群益金鼎-三民,2023-04-26,9188
2337,旺宏,18,0,18,群益金鼎-三民,2023-04-26,9188
2618,長榮航,19,1,18,群益金鼎-三民,2023-04-26,9188
2344,華邦電,17,0,17,群益金鼎-三民,2023-04-26,9188
6148,驊宏資,40,23,17,群益金鼎-三民,2023-04-26,9188
2610,華航,29,13,16,群益金鼎-三民,2023-04-26,9188
2498,宏達電,27,11,16,群益金鼎-三民,2023-04-26,9188
1709,和益,18,2,16,群益金鼎-三民,2023-04-26,9188
6770,力積電,16,1,15,群益金鼎-三民,2023-04-26,9188
00715L,期街口布蘭特正2,17,2,15,群益金鼎-三民,2023-04-26,9188
1907,永豐餘,17,2,15,群益金鼎-三民,2023-04-26,9188
2206,三陽工業,24,10,14,群益金鼎-三民,2023-04-26,9188
5457,宣德,14,0,14,群益金鼎-三民,2023-04-26,9188
1711,永光,17,3,14,群益金鼎-三民,2023-04-26,9188
3029,零壹,25,11,14,群益金鼎-三民,2023-04-26,9188
00900,富邦特選高股息30,19,5,14,群益金鼎-三民,2023-04-26,9188
0056,元大高股息,14,1,13,群益金鼎-三民,2023-04-26,9188
6752,叡揚,20,7,13,群益金鼎-三民,2023-04-26,9188
8050,廣積,13,0,13,群益金鼎-三民,2023-04-26,9188
1503,士電,27,14,13,群益金鼎-三民,2023-04-26,9188
912000,晨訊科-DR,10,0,10,群益金鼎-三民,2023-04-26,9188
2482,連宇,42,32,10,群益金鼎-三民,2023-04-26,9188
2867,三商壽,10,0,10,群益金鼎-三民,2023-04-26,9188
2330,台積電,13,4,9,群益金鼎-三民,2023-04-26,9188
00720B,元大投資級公司債,10,0,10,群益金鼎-三民,2023-04-26,9188
1784,訊聯,18,9,9,群益金鼎-三民,2023-04-26,9188
3058,立德,10,1,9,群益金鼎-三民,2023-04-26,9188
00891,中信關鍵半導體,9,0,9,群益金鼎-三民,2023-04-26,9188
00713,元大台灣高息低波,9,1,8,群益金鼎-三民,2023-04-26,9188
6161,捷波,8,0,8,群益金鼎-三民,2023-04-26,9188
6547,高端疫苗,8,0,8,群益金鼎-三民,2023-04-26,9188
00641R,富邦日本反1,8,0,8,群益金鼎-三民,2023-04-26,9188
4111,濟生,10,2,8,群益金鼎-三民,2023-04-26,9188
2323,中環,20,13,7,群益金鼎-三民,2023-04-26,9188
3276,宇環,7,0,7,群益金鼎-三民,2023-04-26,9188
2882,國泰金,10,3,7,群益金鼎-三民,2023-04-26,9188
3037,欣興,35,28,7,群益金鼎-三民,2023-04-26,9188
1904,正隆,37,30,7,群益金鼎-三民,2023-04-26,9188
3035,智原,23,17,6,群益金鼎-三民,2023-04-26,9188
00669R,國泰美國道瓊反1,600,22,578,群益金鼎-三民,2023-04-27,9188
5211,蒙恬,71,0,71,群益金鼎-三民,2023-04-27,9188
1108,幸福,40,0,40,群益金鼎-三民,2023-04-27,9188
2887,台新金,40,5,35,群益金鼎-三民,2023-04-27,9188
2913,農林,36,1,35,群益金鼎-三民,2023-04-27,9188
00715L,期街口布蘭特正2,33,6,27,群益金鼎-三民,2023-04-27,9188
3058,立德,31,6,25,群益金鼎-三民,2023-04-27,9188
00712,復華富時不動產,24,0,24,群益金鼎-三民,2023-04-27,9188
0056,元大高股息,31,8,23,群益金鼎-三民,2023-04-27,9188
2104,國際中橡,22,0,22,群益金鼎-三民,2023-04-27,9188
2409,友達,22,0,22,群益金鼎-三民,2023-04-27,9188
00878,國泰永續高股息,25,3,22,群益金鼎-三民,2023-04-27,9188
3037,欣興,36,15,21,群益金鼎-三民,2023-04-27,9188
00772B,中信高評級公司債,21,0,21,群益金鼎-三民,2023-04-27,9188
2609,陽明,21,1,20,群益金鼎-三民,2023-04-27,9188
1708,東鹼,20,0,20,群益金鼎-三民,2023-04-27,9188
1604,聲寶,20,0,20,群益金鼎-三民,2023-04-27,9188
1402,遠東新,20,0,20,群益金鼎-三民,2023-04-27,9188
6443,元晶,24,5,19,群益金鼎-三民,2023-04-27,9188
1710,東聯,45,27,18,群益金鼎-三民,2023-04-27,9188
2891,中信金,44,28,16,群益金鼎-三民,2023-04-27,9188
6799,來頡,15,1,14,群益金鼎-三民,2023-04-27,9188
00687B,國泰20年美債,13,0,13,群益金鼎-三民,2023-04-27,9188
5871,中租-KY,14,2,12,群益金鼎-三民,2023-04-27,9188
00692,富邦公司治理,11,0,11,群益金鼎-三民,2023-04-27,9188
3308,聯德,10,0,10,群益金鼎-三民,2023-04-27,9188
4716,大立,10,0,10,群益金鼎-三民,2023-04-27,9188
00888,永豐台灣ESG,9,0,9,群益金鼎-三民,2023-04-27,9188
00725B,國泰投資級公司債,9,0,9,群益金鼎-三民,2023-04-27,9188
1310,台苯,14,5,9,群益金鼎-三民,2023-04-27,9188
00751B,元大AAA至A公司債,9,0,9,群益金鼎-三民,2023-04-27,9188
1514,亞力,15,6,9,群益金鼎-三民,2023-04-27,9188
00713,元大台灣高息低波,9,0,9,群益金鼎-三民,2023-04-27,9188
3711,日月光投控,7,0,7,群益金鼎-三民,2023-04-27,9188
1513,中興電,25,18,7,群益金鼎-三民,2023-04-27,9188
2429,銘旺科,7,0,7,群益金鼎-三民,2023-04-27,9188
2421,建準,7,0,7,群益金鼎-三民,2023-04-27,9188
00830,國泰費城半導體,10,3,7,群益金鼎-三民,2023-04-27,9188
1216,統一,9,2,7,群益金鼎-三民,2023-04-27,9188
2483,百容,6,0,6,群益金鼎-三民,2023-04-27,9188
3081,聯亞,6,0,6,群益金鼎-三民,2023-04-27,9188
1464,得力,6,0,6,群益金鼎-三民,2023-04-27,9188
1319,東陽,6,0,6,群益金鼎-三民,2023-04-27,9188
8093,保銳,6,0,6,群益金鼎-三民,2023-04-27,9188
1762,中化生,37,31,6,群益金鼎-三民,2023-04-27,9188
1519,華城,25,19,6,群益金鼎-三民,2023-04-27,9188
1460,宏遠,6,0,6,群益金鼎-三民,2023-04-27,9188
1533,車王電,12,6,6,群益金鼎-三民,2023-04-27,9188
4108,懷特,6,0,6,群益金鼎-三民,2023-04-27,9188
8215,明基材,12,6,6,群益金鼎-三民,2023-04-27,9188
00632R,元大台灣50反1,1065,130,935,群益金鼎-三民,2023-04-28,9188
6190,萬泰科,115,0,115,群益金鼎-三民,2023-04-28,9188
1809,中釉,130,33,97,群益金鼎-三民,2023-04-28,9188
2409,友達,93,2,91,群益金鼎-三民,2023-04-28,9188
00891,中信關鍵半導體,71,0,71,群益金鼎-三民,2023-04-28,9188
1904,正隆,62,0,62,群益金鼎-三民,2023-04-28,9188
3481,群創,60,5,55,群益金鼎-三民,2023-04-28,9188
2504,國產,50,0,50,群益金鼎-三民,2023-04-28,9188
2634,漢翔,107,67,40,群益金鼎-三民,2023-04-28,9188
2349,錸德,36,1,35,群益金鼎-三民,2023-04-28,9188
00878,國泰永續高股息,37,2,35,群益金鼎-三民,2023-04-28,9188
00679B,元大美債20年,34,0,34,群益金鼎-三民,2023-04-28,9188
3038,全台,52,18,34,群益金鼎-三民,2023-04-28,9188
1711,永光,39,11,28,群益金鼎-三民,2023-04-28,9188
1101,台泥,40,14,26,群益金鼎-三民,2023-04-28,9188
3624,光頡,53,28,25,群益金鼎-三民,2023-04-28,9188
00715L,期街口布蘭特正2,31,6,25,群益金鼎-三民,2023-04-28,9188
2471,資通,42,19,23,群益金鼎-三民,2023-04-28,9188
6235,華孚,31,9,22,群益金鼎-三民,2023-04-28,9188
6116,彩晶,20,0,20,群益金鼎-三民,2023-04-28,9188
00772B,中信高評級公司債,18,0,18,群益金鼎-三民,2023-04-28,9188
4741,泓瀚,18,0,18,群益金鼎-三民,2023-04-28,9188
2457,飛宏,28,10,18,群益金鼎-三民,2023-04-28,9188
3058,立德,17,0,17,群益金鼎-三民,2023-04-28,9188
1471,首利,21,4,17,群益金鼎-三民,2023-04-28,9188
4147,中裕,19,2,17,群益金鼎-三民,2023-04-28,9188
4967,十銓,24,8,16,群益金鼎-三民,2023-04-28,9188
3035,智原,20,4,16,群益金鼎-三民,2023-04-28,9188
2208,台船,27,12,15,群益金鼎-三民,2023-04-28,9188
2429,銘旺科,15,0,15,群益金鼎-三民,2023-04-28,9188
2002,中鋼,14,0,14,群益金鼎-三民,2023-04-28,9188
1503,士電,23,9,14,群益金鼎-三民,2023-04-28,9188
00688L,國泰20年美債正2,13,0,13,群益金鼎-三民,2023-04-28,9188
2630,亞航,17,4,13,群益金鼎-三民,2023-04-28,9188
1905,華紙,23,11,12,群益金鼎-三民,2023-04-28,9188
6271,同欣電,22,11,11,群益金鼎-三民,2023-04-28,9188
2371,大同,11,0,11,群益金鼎-三民,2023-04-28,9188
2328,廣宇,10,0,10,群益金鼎-三民,2023-04-28,9188
1314,中石化,10,0,10,群益金鼎-三民,2023-04-28,9188
00924,復華S＆P500成長,10,0,10,群益金鼎-三民,2023-04-28,9188
3078,僑威,23,13,10,群益金鼎-三民,2023-04-28,9188
2023,燁輝,10,0,10,群益金鼎-三民,2023-04-28,9188
2031,新光鋼,11,1,10,群益金鼎-三民,2023-04-28,9188
2401,凌陽,10,0,10,群益金鼎-三民,2023-04-28,9188
00893,國泰智能電動車,10,0,10,群益金鼎-三民,2023-04-28,9188
3501,維熹,10,0,10,群益金鼎-三民,2023-04-28,9188
2324,仁寶,10,0,10,群益金鼎-三民,2023-04-28,9188
2368,金像電,20,10,10,群益金鼎-三民,2023-04-28,9188
5410,國眾,10,0,10,群益金鼎-三民,2023-04-28,9188
2609,陽明,18,8,10,群益金鼎-三民,2023-04-28,9188
1217,愛之味,101,0,101,群益金鼎-三民,2023-05-02,9188
00680L,元大美債20正2,59,0,59,群益金鼎-三民,2023-05-02,9188
3325,旭品,48,0,48,群益金鼎-三民,2023-05-02,9188
00720B,元大投資級公司債,44,1,43,群益金鼎-三民,2023-05-02,9188
00679B,元大美債20年,39,1,38,群益金鼎-三民,2023-05-02,9188
2002,中鋼,34,1,33,群益金鼎-三民,2023-05-02,9188
2892,第一金,53,20,33,群益金鼎-三民,2023-05-02,9188
00772B,中信高評級公司債,31,0,31,群益金鼎-三民,2023-05-02,9188
2208,台船,30,2,28,群益金鼎-三民,2023-05-02,9188
2603,長榮,32,6,26,群益金鼎-三民,2023-05-02,9188
2323,中環,25,0,25,群益金鼎-三民,2023-05-02,9188
2482,連宇,34,11,23,群益金鼎-三民,2023-05-02,9188
2206,三陽工業,47,25,22,群益金鼎-三民,2023-05-02,9188
1310,台苯,33,12,21,群益金鼎-三民,2023-05-02,9188
00924,復華S＆P500成長,20,0,20,群益金鼎-三民,2023-05-02,9188
2601,益航,20,0,20,群益金鼎-三民,2023-05-02,9188
2734,易飛網,18,0,18,群益金鼎-三民,2023-05-02,9188
1720,生達,18,1,17,群益金鼎-三民,2023-05-02,9188
2344,華邦電,16,0,16,群益金鼎-三民,2023-05-02,9188
4121,優盛,32,16,16,群益金鼎-三民,2023-05-02,9188
2881,富邦金,21,5,16,群益金鼎-三民,2023-05-02,9188
00725B,國泰投資級公司債,15,0,15,群益金鼎-三民,2023-05-02,9188
1529,樂事綠能,15,0,15,群益金鼎-三民,2023-05-02,9188
3363,上詮,39,24,15,群益金鼎-三民,2023-05-02,9188
2880,華南金,14,0,14,群益金鼎-三民,2023-05-02,9188
2609,陽明,24,10,14,群益金鼎-三民,2023-05-02,9188
2891,中信金,26,12,14,群益金鼎-三民,2023-05-02,9188
1319,東陽,23,10,13,群益金鼎-三民,2023-05-02,9188
00795B,中信美國公債20年,13,0,13,群益金鼎-三民,2023-05-02,9188
4541,晟田,54,41,13,群益金鼎-三民,2023-05-02,9188
2409,友達,18,5,13,群益金鼎-三民,2023-05-02,9188
3035,智原,36,24,12,群益金鼎-三民,2023-05-02,9188
6443,元晶,15,3,12,群益金鼎-三民,2023-05-02,9188
4510,高鋒,16,4,12,群益金鼎-三民,2023-05-02,9188
3032,偉訓,14,2,12,群益金鼎-三民,2023-05-02,9188
8093,保銳,15,3,12,群益金鼎-三民,2023-05-02,9188
00878,國泰永續高股息,15,3,12,群益金鼎-三民,2023-05-02,9188
3033,威健,11,0,11,群益金鼎-三民,2023-05-02,9188
00907,永豐優息存股,10,0,10,群益金鼎-三民,2023-05-02,9188
3265,台星科,10,0,10,群益金鼎-三民,2023-05-02,9188
00915,凱基優選高股息30,10,0,10,群益金鼎-三民,2023-05-02,9188
00671R,富邦NASDAQ反1,10,0,10,群益金鼎-三民,2023-05-02,9188
1314,中石化,10,0,10,群益金鼎-三民,2023-05-02,9188
3289,宜特,12,2,10,群益金鼎-三民,2023-05-02,9188
2022,聚亨,11,1,10,群益金鼎-三民,2023-05-02,9188
5905,南仁湖,10,0,10,群益金鼎-三民,2023-05-02,9188
8926,台汽電,10,0,10,群益金鼎-三民,2023-05-02,9188
5009,榮剛,16,7,9,群益金鼎-三民,2023-05-02,9188
4417,金洲,9,0,9,群益金鼎-三民,2023-05-02,9188
2630,亞航,10,2,8,群益金鼎-三民,2023-05-02,9188
00637L,元大滬深300正2,228,3,225,群益金鼎-三民,2023-05-03,9188
1217,愛之味,141,0,141,群益金鼎-三民,2023-05-03,9188
00715L,期街口布蘭特正2,124,2,122,群益金鼎-三民,2023-05-03,9188
2812,台中銀,105,4,101,群益金鼎-三民,2023-05-03,9188
2344,華邦電,73,2,71,群益金鼎-三民,2023-05-03,9188
3481,群創,64,1,63,群益金鼎-三民,2023-05-03,9188
2603,長榮,61,2,59,群益金鼎-三民,2023-05-03,9188
1721,三晃,50,0,50,群益金鼎-三民,2023-05-03,9188
00642U,期元大S＆P石油,40,4,36,群益金鼎-三民,2023-05-03,9188
1514,亞力,43,7,36,群益金鼎-三民,2023-05-03,9188
00712,復華富時不動產,31,0,31,群益金鼎-三民,2023-05-03,9188
2609,陽明,35,5,30,群益金鼎-三民,2023-05-03,9188
2913,農林,46,16,30,群益金鼎-三民,2023-05-03,9188
2312,金寶,30,0,30,群益金鼎-三民,2023-05-03,9188
00751B,元大AAA至A公司債,30,0,30,群益金鼎-三民,2023-05-03,9188
2801,彰銀,26,0,26,群益金鼎-三民,2023-05-03,9188
2867,三商壽,25,0,25,群益金鼎-三民,2023-05-03,9188
1609,大亞,34,11,23,群益金鼎-三民,2023-05-03,9188
8222,寶一,51,29,22,群益金鼎-三民,2023-05-03,9188
1314,中石化,20,0,20,群益金鼎-三民,2023-05-03,9188
3419,譁裕,89,69,20,群益金鼎-三民,2023-05-03,9188
1513,中興電,43,24,19,群益金鼎-三民,2023-05-03,9188
6538,倉和,20,2,18,群益金鼎-三民,2023-05-03,9188
1711,永光,17,0,17,群益金鼎-三民,2023-05-03,9188
0056,元大高股息,16,0,16,群益金鼎-三民,2023-05-03,9188
5483,中美晶,16,0,16,群益金鼎-三民,2023-05-03,9188
3363,上詮,23,7,16,群益金鼎-三民,2023-05-03,9188
8289,泰藝,17,1,16,群益金鼎-三民,2023-05-03,9188
6829,千附精密,20,4,16,群益金鼎-三民,2023-05-03,9188
1227,佳格,20,5,15,群益金鼎-三民,2023-05-03,9188
2615,萬海,18,3,15,群益金鼎-三民,2023-05-03,9188
00878,國泰永續高股息,58,45,13,群益金鼎-三民,2023-05-03,9188
4919,新唐,17,4,13,群益金鼎-三民,2023-05-03,9188
6531,愛普*,15,2,13,群益金鼎-三民,2023-05-03,9188
2104,國際中橡,15,3,12,群益金鼎-三民,2023-05-03,9188
3038,全台,13,1,12,群益金鼎-三民,2023-05-03,9188
6167,久正,13,1,12,群益金鼎-三民,2023-05-03,9188
2337,旺宏,12,1,11,群益金鼎-三民,2023-05-03,9188
1218,泰山,11,0,11,群益金鼎-三民,2023-05-03,9188
1810,和成,18,8,10,群益金鼎-三民,2023-05-03,9188
6129,普誠,10,0,10,群益金鼎-三民,2023-05-03,9188
1701,中化,11,1,10,群益金鼎-三民,2023-05-03,9188
4121,優盛,24,14,10,群益金鼎-三民,2023-05-03,9188
3206,志豐,11,1,10,群益金鼎-三民,2023-05-03,9188
2007,燁興,10,0,10,群益金鼎-三民,2023-05-03,9188
3231,緯創,16,7,9,群益金鼎-三民,2023-05-03,9188
1519,華城,10,1,9,群益金鼎-三民,2023-05-03,9188
1789,神隆,10,1,9,群益金鼎-三民,2023-05-03,9188
3060,銘異,9,0,9,群益金鼎-三民,2023-05-03,9188
3013,晟銘電,9,0,9,群益金鼎-三民,2023-05-03,9188
00632R,元大台灣50反1,131,10,121,群益金鼎-三民,2023-05-04,9188
4744,皇將,103,1,102,群益金鼎-三民,2023-05-04,9188
2897,王道銀行,60,2,58,群益金鼎-三民,2023-05-04,9188
00878,國泰永續高股息,69,13,56,群益金鼎-三民,2023-05-04,9188
2634,漢翔,62,10,52,群益金鼎-三民,2023-05-04,9188
5009,榮剛,50,11,39,群益金鼎-三民,2023-05-04,9188
3035,智原,44,6,38,群益金鼎-三民,2023-05-04,9188
00642U,期元大S＆P石油,46,10,36,群益金鼎-三民,2023-05-04,9188
2867,三商壽,27,0,27,群益金鼎-三民,2023-05-04,9188
2344,華邦電,29,3,26,群益金鼎-三民,2023-05-04,9188
2206,三陽工業,35,9,26,群益金鼎-三民,2023-05-04,9188
2618,長榮航,28,3,25,群益金鼎-三民,2023-05-04,9188
00712,復華富時不動產,24,0,24,群益金鼎-三民,2023-05-04,9188
2734,易飛網,23,0,23,群益金鼎-三民,2023-05-04,9188
8213,志超,22,0,22,群益金鼎-三民,2023-05-04,9188
3029,零壹,26,5,21,群益金鼎-三民,2023-05-04,9188
3308,聯德,20,1,19,群益金鼎-三民,2023-05-04,9188
1503,士電,19,3,16,群益金鼎-三民,2023-05-04,9188
3046,建��,15,0,15,群益金鼎-三民,2023-05-04,9188
3128,昇銳,15,0,15,群益金鼎-三民,2023-05-04,9188
00679B,元大美債20年,14,1,13,群益金鼎-三民,2023-05-04,9188
3501,維熹,16,3,13,群益金鼎-三民,2023-05-04,9188
1721,三晃,13,0,13,群益金鼎-三民,2023-05-04,9188
9907,統一實,13,0,13,群益金鼎-三民,2023-05-04,9188
3624,光頡,35,24,11,群益金鼎-三民,2023-05-04,9188
1711,永光,11,0,11,群益金鼎-三民,2023-05-04,9188
1905,華紙,26,15,11,群益金鼎-三民,2023-05-04,9188
5871,中租-KY,11,0,11,群益金鼎-三民,2023-05-04,9188
00924,復華S＆P500成長,10,0,10,群益金鼎-三民,2023-05-04,9188
6163,華電網,21,11,10,群益金鼎-三民,2023-05-04,9188
2236,百達-KY,10,0,10,群益金鼎-三民,2023-05-04,9188
6752,叡揚,12,2,10,群益金鼎-三民,2023-05-04,9188
4741,泓瀚,10,0,10,群益金鼎-三民,2023-05-04,9188
4130,健亞,10,0,10,群益金鼎-三民,2023-05-04,9188
8940,新天地,10,0,10,群益金鼎-三民,2023-05-04,9188
8033,雷虎,10,0,10,群益金鼎-三民,2023-05-04,9188
00639,富邦深100,10,0,10,群益金鼎-三民,2023-05-04,9188
3033,威健,11,1,10,群益金鼎-三民,2023-05-04,9188
3362,先進光,14,4,10,群益金鼎-三民,2023-05-04,9188
6625,必應,12,3,9,群益金鼎-三民,2023-05-04,9188
6111,大宇資,26,17,9,群益金鼎-三民,2023-05-04,9188
1103,嘉泥,10,1,9,群益金鼎-三民,2023-05-04,9188
6116,彩晶,9,0,9,群益金鼎-三民,2023-05-04,9188
2891,中信金,12,3,9,群益金鼎-三民,2023-05-04,9188
3005,神基,10,1,9,群益金鼎-三民,2023-05-04,9188
8215,明基材,9,0,9,群益金鼎-三民,2023-05-04,9188
0056,元大高股息,10,1,9,群益金鼎-三民,2023-05-04,9188
2104,國際中橡,9,0,9,群益金鼎-三民,2023-05-04,9188
8478,東哥遊艇,12,4,8,群益金鼎-三民,2023-05-04,9188
6741,91APP*-KY,9,1,8,群益金鼎-三民,2023-05-04,9188
2897,王道銀行,100,1,99,群益金鼎-三民,2023-05-05,9188
00715L,期街口布蘭特正2,72,2,70,群益金鼎-三民,2023-05-05,9188
00878,國泰永續高股息,71,3,68,群益金鼎-三民,2023-05-05,9188
2312,金寶,56,0,56,群益金鼎-三民,2023-05-05,9188
00632R,元大台灣50反1,55,0,55,群益金鼎-三民,2023-05-05,9188
2801,彰銀,60,5,55,群益金鼎-三民,2023-05-05,9188
2892,第一金,50,0,50,群益金鼎-三民,2023-05-05,9188
2428,興勤,43,0,43,群益金鼎-三民,2023-05-05,9188
00915,凱基優選高股息30,40,0,40,群益金鼎-三民,2023-05-05,9188
2344,華邦電,52,16,36,群益金鼎-三民,2023-05-05,9188
00772B,中信高評級公司債,35,0,35,群益金鼎-三民,2023-05-05,9188
5328,華容,32,1,31,群益金鼎-三民,2023-05-05,9188
6127,九豪,30,0,30,群益金鼎-三民,2023-05-05,9188
3231,緯創,34,7,27,群益金鼎-三民,2023-05-05,9188
00679B,元大美債20年,32,7,25,群益金鼎-三民,2023-05-05,9188
1605,華新,49,25,24,群益金鼎-三民,2023-05-05,9188
6244,茂迪,49,27,22,群益金鼎-三民,2023-05-05,9188
2734,易飛網,22,0,22,群益金鼎-三民,2023-05-05,9188
2609,陽明,28,6,22,群益金鼎-三民,2023-05-05,9188
2323,中環,20,0,20,群益金鼎-三民,2023-05-05,9188
2838,聯邦銀,20,0,20,群益金鼎-三民,2023-05-05,9188
3594,磐儀,20,0,20,群益金鼎-三民,2023-05-05,9188
6216,居易,20,0,20,群益金鼎-三民,2023-05-05,9188
6191,精成科,36,17,19,群益金鼎-三民,2023-05-05,9188
5009,榮剛,20,1,19,群益金鼎-三民,2023-05-05,9188
4129,聯合,20,1,19,群益金鼎-三民,2023-05-05,9188
5356,協益,20,1,19,群益金鼎-三民,2023-05-05,9188
1101,台泥,26,7,19,群益金鼎-三民,2023-05-05,9188
2352,佳世達,20,3,17,群益金鼎-三民,2023-05-05,9188
6443,元晶,25,8,17,群益金鼎-三民,2023-05-05,9188
00857B,永豐20年美公債,17,0,17,群益金鼎-三民,2023-05-05,9188
3715,定穎投控,16,0,16,群益金鼎-三民,2023-05-05,9188
4744,皇將,24,8,16,群益金鼎-三民,2023-05-05,9188
00642U,期元大S＆P石油,19,3,16,群益金鼎-三民,2023-05-05,9188
2002,中鋼,15,0,15,群益金鼎-三民,2023-05-05,9188
00687B,國泰20年美債,15,0,15,群益金鼎-三民,2023-05-05,9188
2359,所羅門,37,24,13,群益金鼎-三民,2023-05-05,9188
3703,欣陸,20,8,12,群益金鼎-三民,2023-05-05,9188
00773B,中信優先金融債,11,0,11,群益金鼎-三民,2023-05-05,9188
3362,先進光,12,1,11,群益金鼎-三民,2023-05-05,9188
2606,裕民,10,0,10,群益金鼎-三民,2023-05-05,9188
6217,中探針,10,0,10,群益金鼎-三民,2023-05-05,9188
2630,亞航,15,5,10,群益金鼎-三民,2023-05-05,9188
4123,晟德,11,1,10,群益金鼎-三民,2023-05-05,9188
4916,事欣科,12,2,10,群益金鼎-三民,2023-05-05,9188
2727,王品,10,0,10,群益金鼎-三民,2023-05-05,9188
5438,東友,10,0,10,群益金鼎-三民,2023-05-05,9188
2331,精英,10,0,10,群益金鼎-三民,2023-05-05,9188
00897,富邦基因免疫生技,10,0,10,群益金鼎-三民,2023-05-05,9188
8215,明基材,22,13,9,群益金鼎-三民,2023-05-05,9188
2344,華邦電,201,0,201,群益金鼎-三民,2023-05-08,9188
1605,華新,139,11,128,群益金鼎-三民,2023-05-08,9188
00878,國泰永續高股息,104,5,99,群益金鼎-三民,2023-05-08,9188
2883,凱基金,103,7,96,群益金鼎-三民,2023-05-08,9188
4123,晟德,53,2,51,群益金鼎-三民,2023-05-08,9188
2832,台產,50,0,50,群益金鼎-三民,2023-05-08,9188
2812,台中銀,40,0,40,群益金鼎-三民,2023-05-08,9188
3481,群創,90,51,39,群益金鼎-三民,2023-05-08,9188
4744,皇將,45,9,36,群益金鼎-三民,2023-05-08,9188
2482,連宇,55,31,24,群益金鼎-三民,2023-05-08,9188
00881,國泰台灣5G+,22,0,22,群益金鼎-三民,2023-05-08,9188
9955,佳龍,34,13,21,群益金鼎-三民,2023-05-08,9188
2206,三陽工業,29,8,21,群益金鼎-三民,2023-05-08,9188
1101,台泥,33,13,20,群益金鼎-三民,2023-05-08,9188
2880,華南金,19,0,19,群益金鼎-三民,2023-05-08,9188
3005,神基,24,5,19,群益金鼎-三民,2023-05-08,9188
1218,泰山,27,9,18,群益金鼎-三民,2023-05-08,9188
00680L,元大美債20正2,17,0,17,群益金鼎-三民,2023-05-08,9188
8033,雷虎,29,12,17,群益金鼎-三民,2023-05-08,9188
4510,高鋒,17,0,17,群益金鼎-三民,2023-05-08,9188
2838,聯邦銀,16,0,16,群益金鼎-三民,2023-05-08,9188
1529,樂事綠能,21,5,16,群益金鼎-三民,2023-05-08,9188
9907,統一實,15,0,15,群益金鼎-三民,2023-05-08,9188
3703,欣陸,18,4,14,群益金鼎-三民,2023-05-08,9188
2504,國產,14,0,14,群益金鼎-三民,2023-05-08,9188
1314,中石化,14,0,14,群益金鼎-三民,2023-05-08,9188
5608,四維航,14,0,14,群益金鼎-三民,2023-05-08,9188
3715,定穎投控,22,9,13,群益金鼎-三民,2023-05-08,9188
6806,森崴能源,22,9,13,群益金鼎-三民,2023-05-08,9188
00713,元大台灣高息低波,17,5,12,群益金鼎-三民,2023-05-08,9188
6116,彩晶,12,0,12,群益金鼎-三民,2023-05-08,9188
2745,五福,12,0,12,群益金鼎-三民,2023-05-08,9188
3596,智易,14,2,12,群益金鼎-三民,2023-05-08,9188
8069,元太,16,5,11,群益金鼎-三民,2023-05-08,9188
3624,光頡,23,12,11,群益金鼎-三民,2023-05-08,9188
2002,中鋼,12,1,11,群益金鼎-三民,2023-05-08,9188
8027,鈦昇,13,2,11,群益金鼎-三民,2023-05-08,9188
3363,上詮,16,5,11,群益金鼎-三民,2023-05-08,9188
2609,陽明,18,8,10,群益金鼎-三民,2023-05-08,9188
8222,寶一,22,12,10,群益金鼎-三民,2023-05-08,9188
2303,聯電,18,8,10,群益金鼎-三民,2023-05-08,9188
1789,神隆,10,0,10,群益金鼎-三民,2023-05-08,9188
3520,華盈,10,0,10,群益金鼎-三民,2023-05-08,9188
2409,友達,24,14,10,群益金鼎-三民,2023-05-08,9188
00897,富邦基因免疫生技,10,0,10,群益金鼎-三民,2023-05-08,9188
00924,復華S＆P500成長,10,0,10,群益金鼎-三民,2023-05-08,9188
1455,集盛,10,0,10,群益金鼎-三民,2023-05-08,9188
4155,訊映,11,1,10,群益金鼎-三民,2023-05-08,9188
1904,正隆,11,2,9,群益金鼎-三民,2023-05-08,9188
1709,和益,9,0,9,群益金鼎-三民,2023-05-08,9188
00632R,元大台灣50反1,205,0,205,群益金鼎-三民,2023-05-09,9188
00687B,國泰20年美債,111,0,111,群益金鼎-三民,2023-05-09,9188
1609,大亞,85,7,78,群益金鼎-三民,2023-05-09,9188
00680L,元大美債20正2,69,4,65,群益金鼎-三民,2023-05-09,9188
1905,華紙,121,59,62,群益金鼎-三民,2023-05-09,9188
6142,友勁,50,0,50,群益金鼎-三民,2023-05-09,9188
2104,國際中橡,49,0,49,群益金鼎-三民,2023-05-09,9188
8050,廣積,42,0,42,群益金鼎-三民,2023-05-09,9188
1217,愛之味,40,0,40,群益金鼎-三民,2023-05-09,9188
3710,連展投控,38,0,38,群益金鼎-三民,2023-05-09,9188
4744,皇將,50,17,33,群益金鼎-三民,2023-05-09,9188
9105,泰金寶-DR,31,0,31,群益金鼎-三民,2023-05-09,9188
6589,台康生技,32,2,30,群益金鼎-三民,2023-05-09,9188
2427,三商電,30,0,30,群益金鼎-三民,2023-05-09,9188
2472,立隆電,30,0,30,群益金鼎-三民,2023-05-09,9188
9907,統一實,25,0,25,群益金鼎-三民,2023-05-09,9188
00679B,元大美債20年,35,14,21,群益金鼎-三民,2023-05-09,9188
2031,新光鋼,20,0,20,群益金鼎-三民,2023-05-09,9188
2745,五福,20,0,20,群益金鼎-三民,2023-05-09,9188
2832,台產,20,0,20,群益金鼎-三民,2023-05-09,9188
1709,和益,19,0,19,群益金鼎-三民,2023-05-09,9188
9962,有益,20,2,18,群益金鼎-三民,2023-05-09,9188
00725B,國泰投資級公司債,18,0,18,群益金鼎-三民,2023-05-09,9188
2482,連宇,44,27,17,群益金鼎-三民,2023-05-09,9188
00720B,元大投資級公司債,17,0,17,群益金鼎-三民,2023-05-09,9188
1513,中興電,50,34,16,群益金鼎-三民,2023-05-09,9188
5258,虹堡,18,2,16,群益金鼎-三民,2023-05-09,9188
1504,東元,34,20,14,群益金鼎-三民,2023-05-09,9188
1612,宏泰,37,23,14,群益金鼎-三民,2023-05-09,9188
5371,中光電,14,0,14,群益金鼎-三民,2023-05-09,9188
3483,力致,24,10,14,群益金鼎-三民,2023-05-09,9188
3038,全台,13,0,13,群益金鼎-三民,2023-05-09,9188
00688L,國泰20年美債正2,13,0,13,群益金鼎-三民,2023-05-09,9188
6218,豪勉,12,0,12,群益金鼎-三民,2023-05-09,9188
8234,新漢,12,0,12,群益金鼎-三民,2023-05-09,9188
3484,崧騰,18,6,12,群益金鼎-三民,2023-05-09,9188
1720,生達,11,0,11,群益金鼎-三民,2023-05-09,9188
1618,合機,12,1,11,群益金鼎-三民,2023-05-09,9188
1710,東聯,12,1,11,群益金鼎-三民,2023-05-09,9188
1101,台泥,21,11,10,群益金鼎-三民,2023-05-09,9188
6026,福邦證,10,0,10,群益金鼎-三民,2023-05-09,9188
4161,聿新科,10,0,10,群益金鼎-三民,2023-05-09,9188
1611,中電,15,5,10,群益金鼎-三民,2023-05-09,9188
1721,三晃,17,7,10,群益金鼎-三民,2023-05-09,9188
6161,捷波,10,0,10,群益金鼎-三民,2023-05-09,9188
2609,陽明,13,4,9,群益金鼎-三民,2023-05-09,9188
00878,國泰永續高股息,20,11,9,群益金鼎-三民,2023-05-09,9188
3114,好德,9,0,9,群益金鼎-三民,2023-05-09,9188
2208,台船,12,3,9,群益金鼎-三民,2023-05-09,9188
2504,國產,9,0,9,群益金鼎-三民,2023-05-09,9188
00637L,元大滬深300正2,160,12,148,群益金鼎-三民,2023-05-10,9188
00680L,元大美債20正2,52,0,52,群益金鼎-三民,2023-05-10,9188
2812,台中銀,51,0,51,群益金鼎-三民,2023-05-10,9188
3481,群創,50,0,50,群益金鼎-三民,2023-05-10,9188
4123,晟德,47,0,47,群益金鼎-三民,2023-05-10,9188
2801,彰銀,42,0,42,群益金鼎-三民,2023-05-10,9188
6235,華孚,52,13,39,群益金鼎-三民,2023-05-10,9188
2331,精英,38,0,38,群益金鼎-三民,2023-05-10,9188
00687B,國泰20年美債,37,0,37,群益金鼎-三民,2023-05-10,9188
2457,飛宏,50,15,35,群益金鼎-三民,2023-05-10,9188
00720B,元大投資級公司債,37,3,34,群益金鼎-三民,2023-05-10,9188
2002,中鋼,33,0,33,群益金鼎-三民,2023-05-10,9188
00679B,元大美債20年,30,0,30,群益金鼎-三民,2023-05-10,9188
2337,旺宏,32,4,28,群益金鼎-三民,2023-05-10,9188
2892,第一金,25,0,25,群益金鼎-三民,2023-05-10,9188
00878,國泰永續高股息,39,17,22,群益金鼎-三民,2023-05-10,9188
3046,建��,41,21,20,群益金鼎-三民,2023-05-10,9188
00713,元大台灣高息低波,18,0,18,群益金鼎-三民,2023-05-10,9188
00712,復華富時不動產,18,1,17,群益金鼎-三民,2023-05-10,9188
2303,聯電,17,0,17,群益金鼎-三民,2023-05-10,9188
2882,國泰金,18,1,17,群益金鼎-三民,2023-05-10,9188
3363,上詮,16,0,16,群益金鼎-三民,2023-05-10,9188
6806,森崴能源,45,30,15,群益金鼎-三民,2023-05-10,9188
1711,永光,14,0,14,群益金鼎-三民,2023-05-10,9188
1605,華新,23,9,14,群益金鼎-三民,2023-05-10,9188
00688L,國泰20年美債正2,14,0,14,群益金鼎-三民,2023-05-10,9188
4979,華星光,20,7,13,群益金鼎-三民,2023-05-10,9188
2387,精元,21,9,12,群益金鼎-三民,2023-05-10,9188
00751B,元大AAA至A公司債,12,0,12,群益金鼎-三民,2023-05-10,9188
6285,啟��,12,1,11,群益金鼎-三民,2023-05-10,9188
2402,毅嘉,13,2,11,群益金鼎-三民,2023-05-10,9188
2427,三商電,10,0,10,群益金鼎-三民,2023-05-10,9188
3703,欣陸,13,3,10,群益金鼎-三民,2023-05-10,9188
6148,驊宏資,10,0,10,群益金鼎-三民,2023-05-10,9188
4746,台耀,10,0,10,群益金鼎-三民,2023-05-10,9188
00633L,富邦上証正2,10,0,10,群益金鼎-三民,2023-05-10,9188
2890,永豐金,10,0,10,群益金鼎-三民,2023-05-10,9188
8222,寶一,26,16,10,群益金鼎-三民,2023-05-10,9188
9940,信義,10,0,10,群益金鼎-三民,2023-05-10,9188
6112,邁達特,14,4,10,群益金鼎-三民,2023-05-10,9188
8069,元太,9,0,9,群益金鼎-三民,2023-05-10,9188
6191,精成科,13,4,9,群益金鼎-三民,2023-05-10,9188
6415,矽力*-KY,9,0,9,群益金鼎-三民,2023-05-10,9188
2883,凱基金,9,0,9,群益金鼎-三民,2023-05-10,9188
2645,長榮航太,8,0,8,群益金鼎-三民,2023-05-10,9188
6245,立端,15,7,8,群益金鼎-三民,2023-05-10,9188
00655L,國泰中國A50正2,10,2,8,群益金鼎-三民,2023-05-10,9188
5328,華容,8,0,8,群益金鼎-三民,2023-05-10,9188
8390,金益鼎,11,4,7,群益金鼎-三民,2023-05-10,9188
6719,力智,7,0,7,群益金鼎-三民,2023-05-10,9188
00878,國泰永續高股息,214,1,213,群益金鼎-三民,2023-05-11,9188
9105,泰金寶-DR,55,0,55,群益金鼎-三民,2023-05-11,9188
4526,東台,45,0,45,群益金鼎-三民,2023-05-11,9188
3058,立德,37,1,36,群益金鼎-三民,2023-05-11,9188
00924,復華S＆P500成長,30,0,30,群益金鼎-三民,2023-05-11,9188
2832,台產,28,0,28,群益金鼎-三民,2023-05-11,9188
3017,奇鋐,33,7,26,群益金鼎-三民,2023-05-11,9188
1314,中石化,26,0,26,群益金鼎-三民,2023-05-11,9188
3576,聯合再生,26,0,26,群益金鼎-三民,2023-05-11,9188
2409,友達,26,0,26,群益金鼎-三民,2023-05-11,9188
5381,合正,25,0,25,群益金鼎-三民,2023-05-11,9188
1609,大亞,35,11,24,群益金鼎-三民,2023-05-11,9188
1612,宏泰,28,4,24,群益金鼎-三民,2023-05-11,9188
3224,三顧,24,3,21,群益金鼎-三民,2023-05-11,9188
4306,炎洲,20,0,20,群益金鼎-三民,2023-05-11,9188
2834,臺企銀,21,1,20,群益金鼎-三民,2023-05-11,9188
00891,中信關鍵半導體,20,0,20,群益金鼎-三民,2023-05-11,9188
1337,再生-KY,60,40,20,群益金鼎-三民,2023-05-11,9188
6285,啟��,20,1,19,群益金鼎-三民,2023-05-11,9188
2734,易飛網,18,0,18,群益金鼎-三民,2023-05-11,9188
2538,基泰,17,0,17,群益金鼎-三民,2023-05-11,9188
6282,康舒,19,2,17,群益金鼎-三民,2023-05-11,9188
4967,十銓,17,0,17,群益金鼎-三民,2023-05-11,9188
8936,國統,19,3,16,群益金鼎-三民,2023-05-11,9188
2706,第一店,16,0,16,群益金鼎-三民,2023-05-11,9188
8105,凌巨,16,0,16,群益金鼎-三民,2023-05-11,9188
2482,連宇,30,15,15,群益金鼎-三民,2023-05-11,9188
1795,美時,30,16,14,群益金鼎-三民,2023-05-11,9188
1718,中纖,16,2,14,群益金鼎-三民,2023-05-11,9188
6167,久正,24,10,14,群益金鼎-三民,2023-05-11,9188
1701,中化,30,16,14,群益金鼎-三民,2023-05-11,9188
2359,所羅門,20,6,14,群益金鼎-三民,2023-05-11,9188
1605,華新,20,6,14,群益金鼎-三民,2023-05-11,9188
2504,國產,14,0,14,群益金鼎-三民,2023-05-11,9188
2337,旺宏,13,0,13,群益金鼎-三民,2023-05-11,9188
1776,展宇,13,0,13,群益金鼎-三民,2023-05-11,9188
1727,中華化,13,0,13,群益金鼎-三民,2023-05-11,9188
2601,益航,13,0,13,群益金鼎-三民,2023-05-11,9188
2344,華邦電,17,5,12,群益金鼎-三民,2023-05-11,9188
3363,上詮,12,0,12,群益金鼎-三民,2023-05-11,9188
3663,鑫科,12,0,12,群益金鼎-三民,2023-05-11,9188
1709,和益,13,1,12,群益金鼎-三民,2023-05-11,9188
5009,榮剛,12,1,11,群益金鼎-三民,2023-05-11,9188
2913,農林,11,0,11,群益金鼎-三民,2023-05-11,9188
6125,廣運,11,0,11,群益金鼎-三民,2023-05-11,9188
2634,漢翔,38,27,11,群益金鼎-三民,2023-05-11,9188
4905,台聯電,10,0,10,群益金鼎-三民,2023-05-11,9188
3038,全台,11,1,10,群益金鼎-三民,2023-05-11,9188
6578,達邦蛋白,10,0,10,群益金鼎-三民,2023-05-11,9188
4510,高鋒,11,1,10,群益金鼎-三民,2023-05-11,9188
00637L,元大滬深300正2,319,2,317,群益金鼎-三民,2023-05-12,9188
00878,國泰永續高股息,111,43,68,群益金鼎-三民,2023-05-12,9188
00924,復華S＆P500成長,60,0,60,群益金鼎-三民,2023-05-12,9188
00715L,期街口布蘭特正2,57,5,52,群益金鼎-三民,2023-05-12,9188
00712,復華富時不動產,50,0,50,群益金鼎-三民,2023-05-12,9188
2206,三陽工業,67,19,48,群益金鼎-三民,2023-05-12,9188
8403,盛弘,35,0,35,群益金鼎-三民,2023-05-12,9188
1609,大亞,42,11,31,群益金鼎-三民,2023-05-12,9188
1101,台泥,28,0,28,群益金鼎-三民,2023-05-12,9188
9907,統一實,26,0,26,群益金鼎-三民,2023-05-12,9188
2104,國際中橡,24,0,24,群益金鼎-三民,2023-05-12,9188
2303,聯電,24,1,23,群益金鼎-三民,2023-05-12,9188
2317,鴻海,33,11,22,群益金鼎-三民,2023-05-12,9188
2883,凱基金,23,1,22,群益金鼎-三民,2023-05-12,9188
6148,驊宏資,46,25,21,群益金鼎-三民,2023-05-12,9188
1701,中化,20,0,20,群益金鼎-三民,2023-05-12,9188
00642U,期元大S＆P石油,20,1,19,群益金鼎-三民,2023-05-12,9188
1784,訊聯,42,23,19,群益金鼎-三民,2023-05-12,9188
3646,艾恩特,18,0,18,群益金鼎-三民,2023-05-12,9188
2882,國泰金,17,0,17,群益金鼎-三民,2023-05-12,9188
2890,永豐金,16,0,16,群益金鼎-三民,2023-05-12,9188
2027,大成鋼,17,3,14,群益金鼎-三民,2023-05-12,9188
5531,鄉林,14,0,14,群益金鼎-三民,2023-05-12,9188
2886,兆豐金,13,0,13,群益金鼎-三民,2023-05-12,9188
00687B,國泰20年美債,25,13,12,群益金鼎-三民,2023-05-12,9188
4741,泓瀚,12,0,12,群益金鼎-三民,2023-05-12,9188
3038,全台,12,0,12,群益金鼎-三民,2023-05-12,9188
1314,中石化,12,0,12,群益金鼎-三民,2023-05-12,9188
3006,晶豪科,29,17,12,群益金鼎-三民,2023-05-12,9188
1529,樂事綠能,14,2,12,群益金鼎-三民,2023-05-12,9188
6139,亞翔,81,70,11,群益金鼎-三民,2023-05-12,9188
6712,長聖,11,0,11,群益金鼎-三民,2023-05-12,9188
1712,興農,10,0,10,群益金鼎-三民,2023-05-12,9188
1608,華榮,16,6,10,群益金鼎-三民,2023-05-12,9188
2916,滿心,11,1,10,群益金鼎-三民,2023-05-12,9188
5457,宣德,10,0,10,群益金鼎-三民,2023-05-12,9188
2745,五福,10,0,10,群益金鼎-三民,2023-05-12,9188
9946,三發地產,10,0,10,群益金鼎-三民,2023-05-12,9188
3032,偉訓,11,2,9,群益金鼎-三民,2023-05-12,9188
2409,友達,9,0,9,群益金鼎-三民,2023-05-12,9188
00900,富邦特選高股息30,8,0,8,群益金鼎-三民,2023-05-12,9188
3576,聯合再生,10,2,8,群益金鼎-三民,2023-05-12,9188
3380,明泰,9,1,8,群益金鼎-三民,2023-05-12,9188
1514,亞力,13,6,7,群益金鼎-三民,2023-05-12,9188
4744,皇將,8,1,7,群益金鼎-三民,2023-05-12,9188
6285,啟��,9,2,7,群益金鼎-三民,2023-05-12,9188
00882,中信中國高股息,12,5,7,群益金鼎-三民,2023-05-12,9188
3081,聯亞,7,0,7,群益金鼎-三民,2023-05-12,9188
6161,捷波,11,4,7,群益金鼎-三民,2023-05-12,9188
6112,邁達特,39,32,7,群益金鼎-三民,2023-05-12,9188
00885,富邦越南,123,8,115,群益金鼎-三民,2023-05-15,9188
00878,國泰永續高股息,150,43,107,群益金鼎-三民,2023-05-15,9188
2344,華邦電,106,1,105,群益金鼎-三民,2023-05-15,9188
2633,台灣高鐵,67,12,55,群益金鼎-三民,2023-05-15,9188
00882,中信中國高股息,49,3,46,群益金鼎-三民,2023-05-15,9188
1609,大亞,53,8,45,群益金鼎-三民,2023-05-15,9188
00687B,國泰20年美債,44,0,44,群益金鼎-三民,2023-05-15,9188
5871,中租-KY,39,1,38,群益金鼎-三民,2023-05-15,9188
2618,長榮航,39,1,38,群益金鼎-三民,2023-05-15,9188
8213,志超,34,0,34,群益金鼎-三民,2023-05-15,9188
1101,台泥,32,0,32,群益金鼎-三民,2023-05-15,9188
2303,聯電,27,0,27,群益金鼎-三民,2023-05-15,9188
00900,富邦特選高股息30,26,1,25,群益金鼎-三民,2023-05-15,9188
00720B,元大投資級公司債,24,0,24,群益金鼎-三民,2023-05-15,9188
5498,凱崴,25,1,24,群益金鼎-三民,2023-05-15,9188
6112,邁達特,27,4,23,群益金鼎-三民,2023-05-15,9188
2349,錸德,32,10,22,群益金鼎-三民,2023-05-15,9188
3017,奇鋐,55,33,22,群益金鼎-三民,2023-05-15,9188
00751B,元大AAA至A公司債,21,0,21,群益金鼎-三民,2023-05-15,9188
1410,南染,20,0,20,群益金鼎-三民,2023-05-15,9188
4123,晟德,21,1,20,群益金鼎-三民,2023-05-15,9188
6218,豪勉,20,1,19,群益金鼎-三民,2023-05-15,9188
00679B,元大美債20年,18,0,18,群益金鼎-三民,2023-05-15,9188
2317,鴻海,16,0,16,群益金鼎-三民,2023-05-15,9188
3481,群創,27,12,15,群益金鼎-三民,2023-05-15,9188
1217,愛之味,15,0,15,群益金鼎-三民,2023-05-15,9188
5905,南仁湖,14,0,14,群益金鼎-三民,2023-05-15,9188
1314,中石化,14,0,14,群益金鼎-三民,2023-05-15,9188
1709,和益,14,0,14,群益金鼎-三民,2023-05-15,9188
6191,精成科,14,0,14,群益金鼎-三民,2023-05-15,9188
3038,全台,17,3,14,群益金鼎-三民,2023-05-15,9188
2353,宏��,15,1,14,群益金鼎-三民,2023-05-15,9188
3037,欣興,16,2,14,群益金鼎-三民,2023-05-15,9188
5706,鳳凰,22,9,13,群益金鼎-三民,2023-05-15,9188
2471,資通,25,12,13,群益金鼎-三民,2023-05-15,9188
2371,大同,26,13,13,群益金鼎-三民,2023-05-15,9188
2915,潤泰全,11,0,11,群益金鼎-三民,2023-05-15,9188
5425,台半,11,0,11,群益金鼎-三民,2023-05-15,9188
6756,威鋒電子,11,0,11,群益金鼎-三民,2023-05-15,9188
1611,中電,11,0,11,群益金鼎-三民,2023-05-15,9188
2482,連宇,13,2,11,群益金鼎-三民,2023-05-15,9188
2314,台揚,11,0,11,群益金鼎-三民,2023-05-15,9188
2610,華航,11,0,11,群益金鼎-三民,2023-05-15,9188
8289,泰藝,11,0,11,群益金鼎-三民,2023-05-15,9188
00642U,期元大S＆P石油,11,0,11,群益金鼎-三民,2023-05-15,9188
6244,茂迪,13,2,11,群益金鼎-三民,2023-05-15,9188
8050,廣積,13,3,10,群益金鼎-三民,2023-05-15,9188
2331,精英,10,0,10,群益金鼎-三民,2023-05-15,9188
1714,和桐,10,0,10,群益金鼎-三民,2023-05-15,9188
2851,中再保,10,0,10,群益金鼎-三民,2023-05-15,9188
00632R,元大台灣50反1,205,0,205,群益金鼎-三民,2023-05-16,9188
00680L,元大美債20正2,119,0,119,群益金鼎-三民,2023-05-16,9188
00885,富邦越南,100,0,100,群益金鼎-三民,2023-05-16,9188
00687B,國泰20年美債,89,0,89,群益金鼎-三民,2023-05-16,9188
9105,泰金寶-DR,70,0,70,群益金鼎-三民,2023-05-16,9188
00662,富邦NASDAQ,50,0,50,群益金鼎-三民,2023-05-16,9188
2428,興勤,47,0,47,群益金鼎-三民,2023-05-16,9188
00679B,元大美債20年,42,0,42,群益金鼎-三民,2023-05-16,9188
2317,鴻海,41,0,41,群益金鼎-三民,2023-05-16,9188
1709,和益,37,0,37,群益金鼎-三民,2023-05-16,9188
00720B,元大投資級公司債,35,0,35,群益金鼎-三民,2023-05-16,9188
00772B,中信高評級公司債,31,0,31,群益金鼎-三民,2023-05-16,9188
00751B,元大AAA至A公司債,30,0,30,群益金鼎-三民,2023-05-16,9188
4173,久裕,30,0,30,群益金鼎-三民,2023-05-16,9188
3520,華盈,30,0,30,群益金鼎-三民,2023-05-16,9188
3576,聯合再生,30,2,28,群益金鼎-三民,2023-05-16,9188
00878,國泰永續高股息,107,82,25,群益金鼎-三民,2023-05-16,9188
1110,東泥,24,0,24,群益金鼎-三民,2023-05-16,9188
6244,茂迪,20,0,20,群益金鼎-三民,2023-05-16,9188
2548,華固,20,0,20,群益金鼎-三民,2023-05-16,9188
6443,元晶,28,9,19,群益金鼎-三民,2023-05-16,9188
2371,大同,25,6,19,群益金鼎-三民,2023-05-16,9188
1503,士電,18,1,17,群益金鼎-三民,2023-05-16,9188
2337,旺宏,17,0,17,群益金鼎-三民,2023-05-16,9188
4744,皇將,24,7,17,群益金鼎-三民,2023-05-16,9188
00637L,元大滬深300正2,232,216,16,群益金鼎-三民,2023-05-16,9188
3035,智原,14,0,14,群益金鼎-三民,2023-05-16,9188
1905,華紙,21,8,13,群益金鼎-三民,2023-05-16,9188
1708,東鹼,13,0,13,群益金鼎-三民,2023-05-16,9188
2206,三陽工業,32,20,12,群益金鼎-三民,2023-05-16,9188
4164,承業醫,11,0,11,群益金鼎-三民,2023-05-16,9188
4114,健喬,10,0,10,群益金鼎-三民,2023-05-16,9188
00673R,期元大S＆P原油反1,10,0,10,群益金鼎-三民,2023-05-16,9188
1727,中華化,11,1,10,群益金鼎-三民,2023-05-16,9188
1217,愛之味,10,0,10,群益金鼎-三民,2023-05-16,9188
3490,單井,10,0,10,群益金鼎-三民,2023-05-16,9188
6142,友勁,10,0,10,群益金鼎-三民,2023-05-16,9188
2022,聚亨,10,0,10,群益金鼎-三民,2023-05-16,9188
5706,鳳凰,39,30,9,群益金鼎-三民,2023-05-16,9188
1723,中碳,9,0,9,群益金鼎-三民,2023-05-16,9188
1314,中石化,9,0,9,群益金鼎-三民,2023-05-16,9188
5351,鈺創,10,1,9,群益金鼎-三民,2023-05-16,9188
1308,亞聚,10,1,9,群益金鼎-三民,2023-05-16,9188
2313,華通,8,0,8,群益金鼎-三民,2023-05-16,9188
00795B,中信美國公債20年,8,0,8,群益金鼎-三民,2023-05-16,9188
2482,連宇,10,2,8,群益金鼎-三民,2023-05-16,9188
4967,十銓,17,10,7,群益金鼎-三民,2023-05-16,9188
6667,信紘科,7,0,7,群益金鼎-三民,2023-05-16,9188
1513,中興電,13,6,7,群益金鼎-三民,2023-05-16,9188
00725B,國泰投資級公司債,7,0,7,群益金鼎-三民,2023-05-16,9188
00632R,元大台灣50反1,2109,0,2109,群益金鼎-三民,2023-05-17,9188
00687B,國泰20年美債,152,0,152,群益金鼎-三民,2023-05-17,9188
00680L,元大美債20正2,133,0,133,群益金鼎-三民,2023-05-17,9188
9105,泰金寶-DR,130,0,130,群益金鼎-三民,2023-05-17,9188
00900,富邦特選高股息30,104,0,104,群益金鼎-三民,2023-05-17,9188
6142,友勁,50,0,50,群益金鼎-三民,2023-05-17,9188
1612,宏泰,97,52,45,群益金鼎-三民,2023-05-17,9188
00751B,元大AAA至A公司債,39,0,39,群益金鼎-三民,2023-05-17,9188
00662,富邦NASDAQ,36,0,36,群益金鼎-三民,2023-05-17,9188
00772B,中信高評級公司債,34,0,34,群益金鼎-三民,2023-05-17,9188
2603,長榮,30,0,30,群益金鼎-三民,2023-05-17,9188
2538,基泰,25,0,25,群益金鼎-三民,2023-05-17,9188
3078,僑威,40,15,25,群益金鼎-三民,2023-05-17,9188
1519,華城,41,21,20,群益金鼎-三民,2023-05-17,9188
2006,東和鋼鐵,20,0,20,群益金鼎-三民,2023-05-17,9188
4173,久裕,20,0,20,群益金鼎-三民,2023-05-17,9188
1711,永光,35,15,20,群益金鼎-三民,2023-05-17,9188
6285,啟��,19,2,17,群益金鼎-三民,2023-05-17,9188
00688L,國泰20年美債正2,17,0,17,群益金鼎-三民,2023-05-17,9188
1314,中石化,14,0,14,群益金鼎-三民,2023-05-17,9188
3032,偉訓,15,2,13,群益金鼎-三民,2023-05-17,9188
2745,五福,14,2,12,群益金鼎-三民,2023-05-17,9188
2457,飛宏,18,7,11,群益金鼎-三民,2023-05-17,9188
4123,晟德,13,2,11,群益金鼎-三民,2023-05-17,9188
00679B,元大美債20年,10,0,10,群益金鼎-三民,2023-05-17,9188
5351,鈺創,40,30,10,群益金鼎-三民,2023-05-17,9188
6218,豪勉,13,3,10,群益金鼎-三民,2023-05-17,9188
3374,精材,11,1,10,群益金鼎-三民,2023-05-17,9188
00676R,富邦臺灣加權反1,10,0,10,群益金鼎-三民,2023-05-17,9188
1752,南光,10,0,10,群益金鼎-三民,2023-05-17,9188
00882,中信中國高股息,11,2,9,群益金鼎-三民,2023-05-17,9188
2548,華固,10,1,9,群益金鼎-三民,2023-05-17,9188
2812,台中銀,10,1,9,群益金鼎-三民,2023-05-17,9188
00720B,元大投資級公司債,9,0,9,群益金鼎-三民,2023-05-17,9188
3583,辛耘,14,6,8,群益金鼎-三民,2023-05-17,9188
00712,復華富時不動產,8,0,8,群益金鼎-三民,2023-05-17,9188
3715,定穎投控,9,3,6,群益金鼎-三民,2023-05-17,9188
4906,正文,8,2,6,群益金鼎-三民,2023-05-17,9188
1101,台泥,6,0,6,群益金鼎-三民,2023-05-17,9188
00795B,中信美國公債20年,6,0,6,群益金鼎-三民,2023-05-17,9188
1319,東陽,9,3,6,群益金鼎-三民,2023-05-17,9188
006208,富邦台50,6,0,6,群益金鼎-三民,2023-05-17,9188
2493,揚博,6,0,6,群益金鼎-三民,2023-05-17,9188
2609,陽明,14,8,6,群益金鼎-三民,2023-05-17,9188
1905,華紙,9,3,6,群益金鼎-三民,2023-05-17,9188
3034,聯詠,5,0,5,群益金鼎-三民,2023-05-17,9188
6592,和潤企業,5,0,5,群益金鼎-三民,2023-05-17,9188
2601,益航,5,0,5,群益金鼎-三民,2023-05-17,9188
6203,海韻電,6,1,5,群益金鼎-三民,2023-05-17,9188
6570,維田,8,3,5,群益金鼎-三民,2023-05-17,9188
00632R,元大台灣50反1,392,246,146,群益金鼎-三民,2023-05-18,9188
00680L,元大美債20正2,125,0,125,群益金鼎-三民,2023-05-18,9188
00687B,國泰20年美債,110,0,110,群益金鼎-三民,2023-05-18,9188
2834,臺企銀,103,29,74,群益金鼎-三民,2023-05-18,9188
5880,合庫金,56,5,51,群益金鼎-三民,2023-05-18,9188
4114,健喬,42,0,42,群益金鼎-三民,2023-05-18,9188
1471,首利,40,0,40,群益金鼎-三民,2023-05-18,9188
5905,南仁湖,40,0,40,群益金鼎-三民,2023-05-18,9188
2495,普安,34,0,34,群益金鼎-三民,2023-05-18,9188
00662,富邦NASDAQ,30,0,30,群益金鼎-三民,2023-05-18,9188
2482,連宇,49,19,30,群益金鼎-三民,2023-05-18,9188
9907,統一實,27,1,26,群益金鼎-三民,2023-05-18,9188
2885,元大金,26,1,25,群益金鼎-三民,2023-05-18,9188
2538,基泰,25,0,25,群益金鼎-三民,2023-05-18,9188
2409,友達,24,2,22,群益金鼎-三民,2023-05-18,9188
3362,先進光,39,18,21,群益金鼎-三民,2023-05-18,9188
1101,台泥,21,0,21,群益金鼎-三民,2023-05-18,9188
00683L,期元大美元指正2,20,0,20,群益金鼎-三民,2023-05-18,9188
2601,益航,20,0,20,群益金鼎-三民,2023-05-18,9188
2427,三商電,20,0,20,群益金鼎-三民,2023-05-18,9188
00673R,期元大S＆P原油反1,20,0,20,群益金鼎-三民,2023-05-18,9188
00688L,國泰20年美債正2,18,0,18,群益金鼎-三民,2023-05-18,9188
6276,安鈦克,28,11,17,群益金鼎-三民,2023-05-18,9188
2618,長榮航,28,12,16,群益金鼎-三民,2023-05-18,9188
2867,三商壽,20,5,15,群益金鼎-三民,2023-05-18,9188
9940,信義,15,0,15,群益金鼎-三民,2023-05-18,9188
4541,晟田,15,0,15,群益金鼎-三民,2023-05-18,9188
1503,士電,20,5,15,群益金鼎-三民,2023-05-18,9188
6443,元晶,17,3,14,群益金鼎-三民,2023-05-18,9188
2633,台灣高鐵,41,27,14,群益金鼎-三民,2023-05-18,9188
00679B,元大美債20年,14,0,14,群益金鼎-三民,2023-05-18,9188
00773B,中信優先金融債,13,0,13,群益金鼎-三民,2023-05-18,9188
2734,易飛網,15,2,13,群益金鼎-三民,2023-05-18,9188
2303,聯電,27,15,12,群益金鼎-三民,2023-05-18,9188
2206,三陽工業,57,45,12,群益金鼎-三民,2023-05-18,9188
3481,群創,12,0,12,群益金鼎-三民,2023-05-18,9188
4961,天鈺,22,10,12,群益金鼎-三民,2023-05-18,9188
6112,邁達特,56,45,11,群益金鼎-三民,2023-05-18,9188
6285,啟��,11,1,10,群益金鼎-三民,2023-05-18,9188
2314,台揚,10,0,10,群益金鼎-三民,2023-05-18,9188
00720B,元大投資級公司債,10,0,10,群益金鼎-三民,2023-05-18,9188
2328,廣宇,10,0,10,群益金鼎-三民,2023-05-18,9188
1603,華電,10,0,10,群益金鼎-三民,2023-05-18,9188
00725B,國泰投資級公司債,10,0,10,群益金鼎-三民,2023-05-18,9188
6125,廣運,10,0,10,群益金鼎-三民,2023-05-18,9188
00772B,中信高評級公司債,10,0,10,群益金鼎-三民,2023-05-18,9188
2327,國巨,13,3,10,群益金鼎-三民,2023-05-18,9188
2504,國產,10,0,10,群益金鼎-三民,2023-05-18,9188
2408,南亞科,12,3,9,群益金鼎-三民,2023-05-18,9188
2468,華經,54,45,9,群益金鼎-三民,2023-05-18,9188
00632R,元大台灣50反1,466,6,460,群益金鼎-三民,2023-05-19,9188
00680L,元大美債20正2,126,0,126,群益金鼎-三民,2023-05-19,9188
00687B,國泰20年美債,124,0,124,群益金鼎-三民,2023-05-19,9188
6672,騰輝電子-KY,85,1,84,群益金鼎-三民,2023-05-19,9188
5009,榮剛,84,23,61,群益金鼎-三民,2023-05-19,9188
2427,三商電,80,20,60,群益金鼎-三民,2023-05-19,9188
2883,凱基金,61,5,56,群益金鼎-三民,2023-05-19,9188
3062,建漢,50,0,50,群益金鼎-三民,2023-05-19,9188
1609,大亞,65,27,38,群益金鼎-三民,2023-05-19,9188
00662,富邦NASDAQ,36,0,36,群益金鼎-三民,2023-05-19,9188
2314,台揚,35,0,35,群益金鼎-三民,2023-05-19,9188
1409,新纖,35,0,35,群益金鼎-三民,2023-05-19,9188
6235,華孚,58,24,34,群益金鼎-三民,2023-05-19,9188
2832,台產,30,0,30,群益金鼎-三民,2023-05-19,9188
00772B,中信高評級公司債,29,0,29,群益金鼎-三民,2023-05-19,9188
4931,新盛力,29,1,28,群益金鼎-三民,2023-05-19,9188
8289,泰藝,29,1,28,群益金鼎-三民,2023-05-19,9188
5905,南仁湖,27,0,27,群益金鼎-三民,2023-05-19,9188
2630,亞航,29,3,26,群益金鼎-三民,2023-05-19,9188
00637L,元大滬深300正2,94,70,24,群益金鼎-三民,2023-05-19,9188
6689,伊雲谷,35,12,23,群益金鼎-三民,2023-05-19,9188
4743,合一,22,0,22,群益金鼎-三民,2023-05-19,9188
4164,承業醫,23,2,21,群益金鼎-三民,2023-05-19,9188
8011,台通,24,4,20,群益金鼎-三民,2023-05-19,9188
00642U,期元大S＆P石油,20,0,20,群益金鼎-三民,2023-05-19,9188
1737,臺鹽,20,0,20,群益金鼎-三民,2023-05-19,9188
4977,眾達-KY,18,1,17,群益金鼎-三民,2023-05-19,9188
00688L,國泰20年美債正2,17,0,17,群益金鼎-三民,2023-05-19,9188
2538,基泰,16,0,16,群益金鼎-三民,2023-05-19,9188
1513,中興電,33,18,15,群益金鼎-三民,2023-05-19,9188
9907,統一實,15,0,15,群益金鼎-三民,2023-05-19,9188
00773B,中信優先金融債,15,0,15,群益金鼎-三民,2023-05-19,9188
2371,大同,15,1,14,群益金鼎-三民,2023-05-19,9188
1503,士電,77,63,14,群益金鼎-三民,2023-05-19,9188
00882,中信中國高股息,14,0,14,群益金鼎-三民,2023-05-19,9188
3025,星通,16,3,13,群益金鼎-三民,2023-05-19,9188
6509,聚和,29,16,13,群益金鼎-三民,2023-05-19,9188
4716,大立,12,0,12,群益金鼎-三民,2023-05-19,9188
2027,大成鋼,18,6,12,群益金鼎-三民,2023-05-19,9188
4123,晟德,12,0,12,群益金鼎-三民,2023-05-19,9188
1612,宏泰,11,0,11,群益金鼎-三民,2023-05-19,9188
1314,中石化,11,0,11,群益金鼎-三民,2023-05-19,9188
2609,陽明,14,4,10,群益金鼎-三民,2023-05-19,9188
00723B,群益投資級科技債,10,0,10,群益金鼎-三民,2023-05-19,9188
2332,友訊,15,5,10,群益金鼎-三民,2023-05-19,9188
00669R,國泰美國道瓊反1,10,0,10,群益金鼎-三民,2023-05-19,9188
3576,聯合再生,10,0,10,群益金鼎-三民,2023-05-19,9188
1110,東泥,20,10,10,群益金鼎-三民,2023-05-19,9188
00652,富邦印度,10,0,10,群益金鼎-三民,2023-05-19,9188
1721,三晃,14,4,10,群益金鼎-三民,2023-05-19,9188
00680L,元大美債20正2,119,0,119,群益金鼎-三民,2023-05-22,9188
1609,大亞,139,35,104,群益金鼎-三民,2023-05-22,9188
00878,國泰永續高股息,138,34,104,群益金鼎-三民,2023-05-22,9188
2303,聯電,52,3,49,群益金鼎-三民,2023-05-22,9188
00687B,國泰20年美債,49,0,49,群益金鼎-三民,2023-05-22,9188
2630,亞航,44,5,39,群益金鼎-三民,2023-05-22,9188
1504,東元,63,29,34,群益金鼎-三民,2023-05-22,9188
6223,旺矽,44,11,33,群益金鼎-三民,2023-05-22,9188
3037,欣興,38,6,32,群益金鼎-三民,2023-05-22,9188
6197,佳必琪,34,3,31,群益金鼎-三民,2023-05-22,9188
00715L,期街口布蘭特正2,31,0,31,群益金鼎-三民,2023-05-22,9188
2618,長榮航,100,69,31,群益金鼎-三民,2023-05-22,9188
00882,中信中國高股息,30,0,30,群益金鼎-三民,2023-05-22,9188
2489,瑞軒,30,0,30,群益金鼎-三民,2023-05-22,9188
2337,旺宏,27,0,27,群益金鼎-三民,2023-05-22,9188
4417,金洲,23,1,22,群益金鼎-三民,2023-05-22,9188
00772B,中信高評級公司債,24,3,21,群益金鼎-三民,2023-05-22,9188
2743,山富,20,0,20,群益金鼎-三民,2023-05-22,9188
6190,萬泰科,20,1,19,群益金鼎-三民,2023-05-22,9188
1519,華城,61,42,19,群益金鼎-三民,2023-05-22,9188
4581,光隆精密-KY,18,1,17,群益金鼎-三民,2023-05-22,9188
6531,愛普*,19,3,16,群益金鼎-三民,2023-05-22,9188
00795B,中信美國公債20年,14,0,14,群益金鼎-三民,2023-05-22,9188
3694,海華,14,0,14,群益金鼎-三民,2023-05-22,9188
00642U,期元大S＆P石油,14,0,14,群益金鼎-三民,2023-05-22,9188
8046,南電,15,1,14,群益金鼎-三民,2023-05-22,9188
3034,聯詠,23,10,13,群益金鼎-三民,2023-05-22,9188
3006,晶豪科,14,1,13,群益金鼎-三民,2023-05-22,9188
2867,三商壽,13,1,12,群益金鼎-三民,2023-05-22,9188
3289,宜特,12,1,11,群益金鼎-三民,2023-05-22,9188
00900,富邦特選高股息30,20,9,11,群益金鼎-三民,2023-05-22,9188
3363,上詮,42,31,11,群益金鼎-三民,2023-05-22,9188
4121,優盛,11,1,10,群益金鼎-三民,2023-05-22,9188
3305,昇貿,10,0,10,群益金鼎-三民,2023-05-22,9188
2634,漢翔,41,31,10,群益金鼎-三民,2023-05-22,9188
1608,華榮,26,17,9,群益金鼎-三民,2023-05-22,9188
3594,磐儀,9,0,9,群益金鼎-三民,2023-05-22,9188
2313,華通,8,0,8,群益金鼎-三民,2023-05-22,9188
2443,昶虹,8,0,8,群益金鼎-三民,2023-05-22,9188
3029,零壹,8,1,7,群益金鼎-三民,2023-05-22,9188
00690,兆豐藍籌30,7,0,7,群益金鼎-三民,2023-05-22,9188
2033,佳大,7,0,7,群益金鼎-三民,2023-05-22,9188
00696B,富邦美債20年,7,0,7,群益金鼎-三民,2023-05-22,9188
2706,第一店,7,0,7,群益金鼎-三民,2023-05-22,9188
3324,雙鴻,7,0,7,群益金鼎-三民,2023-05-22,9188
2382,廣達,11,4,7,群益金鼎-三民,2023-05-22,9188
00713,元大台灣高息低波,6,0,6,群益金鼎-三民,2023-05-22,9188
1101,台泥,21,15,6,群益金鼎-三民,2023-05-22,9188
6234,高僑,12,6,6,群益金鼎-三民,2023-05-22,9188
8091,翔名,6,0,6,群益金鼎-三民,2023-05-22,9188
2025,千興,125,0,125,群益金鼎-三民,2023-05-23,9188
00680L,元大美債20正2,121,0,121,群益金鼎-三民,2023-05-23,9188
00637L,元大滬深300正2,111,3,108,群益金鼎-三民,2023-05-23,9188
00882,中信中國高股息,77,0,77,群益金鼎-三民,2023-05-23,9188
1905,華紙,92,35,57,群益金鼎-三民,2023-05-23,9188
00687B,國泰20年美債,57,0,57,群益金鼎-三民,2023-05-23,9188
2495,普安,50,0,50,群益金鼎-三民,2023-05-23,9188
1513,中興電,75,37,38,群益金鼎-三民,2023-05-23,9188
00679B,元大美債20年,48,15,33,群益金鼎-三民,2023-05-23,9188
2323,中環,37,6,31,群益金鼎-三民,2023-05-23,9188
8076,伍豐,35,4,31,群益金鼎-三民,2023-05-23,9188
2618,長榮航,74,48,26,群益金鼎-三民,2023-05-23,9188
1314,中石化,26,1,25,群益金鼎-三民,2023-05-23,9188
2634,漢翔,33,11,22,群益金鼎-三民,2023-05-23,9188
1514,亞力,29,9,20,群益金鼎-三民,2023-05-23,9188
2548,華固,20,0,20,群益金鼎-三民,2023-05-23,9188
4541,晟田,63,43,20,群益金鼎-三民,2023-05-23,9188
2344,華邦電,32,14,18,群益金鼎-三民,2023-05-23,9188
00662,富邦NASDAQ,18,0,18,群益金鼎-三民,2023-05-23,9188
2409,友達,18,0,18,群益金鼎-三民,2023-05-23,9188
00772B,中信高評級公司債,17,1,16,群益金鼎-三民,2023-05-23,9188
2603,長榮,15,0,15,群益金鼎-三民,2023-05-23,9188
4763,材料-KY,21,6,15,群益金鼎-三民,2023-05-23,9188
2368,金像電,25,10,15,群益金鼎-三民,2023-05-23,9188
2468,華經,18,3,15,群益金鼎-三民,2023-05-23,9188
6533,晶心科,19,6,13,群益金鼎-三民,2023-05-23,9188
6689,伊雲谷,17,5,12,群益金鼎-三民,2023-05-23,9188
2201,裕隆,28,16,12,群益金鼎-三民,2023-05-23,9188
2886,兆豐金,12,0,12,群益金鼎-三民,2023-05-23,9188
1605,華新,20,9,11,群益金鼎-三民,2023-05-23,9188
5871,中租-KY,11,0,11,群益金鼎-三民,2023-05-23,9188
00688L,國泰20年美債正2,11,0,11,群益金鼎-三民,2023-05-23,9188
6282,康舒,23,12,11,群益金鼎-三民,2023-05-23,9188
2313,華通,11,1,10,群益金鼎-三民,2023-05-23,9188
3576,聯合再生,11,1,10,群益金鼎-三民,2023-05-23,9188
2303,聯電,16,6,10,群益金鼎-三民,2023-05-23,9188
2328,廣宇,10,0,10,群益金鼎-三民,2023-05-23,9188
9940,信義,10,0,10,群益金鼎-三民,2023-05-23,9188
2355,敬鵬,10,0,10,群益金鼎-三民,2023-05-23,9188
1108,幸福,10,0,10,群益金鼎-三民,2023-05-23,9188
2748,雲品,26,16,10,群益金鼎-三民,2023-05-23,9188
6248,沛波,10,0,10,群益金鼎-三民,2023-05-23,9188
2382,廣達,12,3,9,群益金鼎-三民,2023-05-23,9188
6148,驊宏資,12,3,9,群益金鼎-三民,2023-05-23,9188
2442,新美齊,10,1,9,群益金鼎-三民,2023-05-23,9188
2731,雄獅,16,7,9,群益金鼎-三民,2023-05-23,9188
3025,星通,41,32,9,群益金鼎-三民,2023-05-23,9188
5464,霖宏,10,1,9,群益金鼎-三民,2023-05-23,9188
3038,全台,11,2,9,群益金鼎-三民,2023-05-23,9188
1101,台泥,11,3,8,群益金鼎-三民,2023-05-23,9188
1905,華紙,284,43,241,群益金鼎-三民,2023-05-24,9188
00882,中信中國高股息,115,0,115,群益金鼎-三民,2023-05-24,9188
00637L,元大滬深300正2,137,54,83,群益金鼎-三民,2023-05-24,9188
00751B,元大AAA至A公司債,72,0,72,群益金鼎-三民,2023-05-24,9188
00687B,國泰20年美債,63,0,63,群益金鼎-三民,2023-05-24,9188
2457,飛宏,96,39,57,群益金鼎-三民,2023-05-24,9188
00665L,富邦�琤肭磪囓�2,54,0,54,群益金鼎-三民,2023-05-24,9188
3011,今皓,51,0,51,群益金鼎-三民,2023-05-24,9188
2885,元大金,48,0,48,群益金鼎-三民,2023-05-24,9188
1440,南紡,40,0,40,群益金鼎-三民,2023-05-24,9188
2634,漢翔,55,19,36,群益金鼎-三民,2023-05-24,9188
2312,金寶,35,0,35,群益金鼎-三民,2023-05-24,9188
2838,聯邦銀,33,0,33,群益金鼎-三民,2023-05-24,9188
5880,合庫金,36,6,30,群益金鼎-三民,2023-05-24,9188
00679B,元大美債20年,48,20,28,群益金鼎-三民,2023-05-24,9188
00878,國泰永續高股息,34,6,28,群益金鼎-三民,2023-05-24,9188
00662,富邦NASDAQ,27,0,27,群益金鼎-三民,2023-05-24,9188
2495,普安,20,0,20,群益金鼎-三民,2023-05-24,9188
1776,展宇,20,0,20,群益金鼎-三民,2023-05-24,9188
2328,廣宇,20,0,20,群益金鼎-三民,2023-05-24,9188
1712,興農,23,3,20,群益金鼎-三民,2023-05-24,9188
8076,伍豐,36,16,20,群益金鼎-三民,2023-05-24,9188
6282,康舒,38,18,20,群益金鼎-三民,2023-05-24,9188
5531,鄉林,16,0,16,群益金鼎-三民,2023-05-24,9188
6233,旺玖,19,3,16,群益金鼎-三民,2023-05-24,9188
1513,中興電,38,23,15,群益金鼎-三民,2023-05-24,9188
9940,信義,15,0,15,群益金鼎-三民,2023-05-24,9188
4566,時碩工業,15,0,15,群益金鼎-三民,2023-05-24,9188
6167,久正,23,9,14,群益金鼎-三民,2023-05-24,9188
2409,友達,14,1,13,群益金鼎-三民,2023-05-24,9188
2371,大同,37,24,13,群益金鼎-三民,2023-05-24,9188
1101,台泥,17,5,12,群益金鼎-三民,2023-05-24,9188
2892,第一金,13,1,12,群益金鼎-三民,2023-05-24,9188
4173,久裕,17,5,12,群益金鼎-三民,2023-05-24,9188
4979,華星光,17,6,11,群益金鼎-三民,2023-05-24,9188
2025,千興,11,0,11,群益金鼎-三民,2023-05-24,9188
2851,中再保,10,0,10,群益金鼎-三民,2023-05-24,9188
1802,台玻,10,0,10,群益金鼎-三民,2023-05-24,9188
2486,一詮,12,2,10,群益金鼎-三民,2023-05-24,9188
2201,裕隆,28,18,10,群益金鼎-三民,2023-05-24,9188
1618,合機,27,17,10,群益金鼎-三民,2023-05-24,9188
8930,青鋼,10,1,9,群益金鼎-三民,2023-05-24,9188
3003,健和興,10,1,9,群益金鼎-三民,2023-05-24,9188
1314,中石化,10,1,9,群益金鼎-三民,2023-05-24,9188
3013,晟銘電,9,0,9,群益金鼎-三民,2023-05-24,9188
3706,神達,9,0,9,群益金鼎-三民,2023-05-24,9188
3078,僑威,20,11,9,群益金鼎-三民,2023-05-24,9188
2317,鴻海,9,1,8,群益金鼎-三民,2023-05-24,9188
9919,康那香,9,1,8,群益金鼎-三民,2023-05-24,9188
6126,信音,8,0,8,群益金鼎-三民,2023-05-24,9188
00632R,元大台灣50反1,133,0,133,群益金鼎-三民,2023-05-25,9188
00665L,富邦�琤肭磪囓�2,124,0,124,群益金鼎-三民,2023-05-25,9188
9105,泰金寶-DR,100,0,100,群益金鼎-三民,2023-05-25,9188
00882,中信中國高股息,95,0,95,群益金鼎-三民,2023-05-25,9188
2885,元大金,87,7,80,群益金鼎-三民,2023-05-25,9188
2303,聯電,65,0,65,群益金鼎-三民,2023-05-25,9188
2489,瑞軒,65,0,65,群益金鼎-三民,2023-05-25,9188
4564,元翎,70,11,59,群益金鼎-三民,2023-05-25,9188
2838,聯邦銀,59,0,59,群益金鼎-三民,2023-05-25,9188
2002,中鋼,57,0,57,群益金鼎-三民,2023-05-25,9188
3025,星通,59,3,56,群益金鼎-三民,2023-05-25,9188
00900,富邦特選高股息30,60,5,55,群益金鼎-三民,2023-05-25,9188
2371,大同,58,3,55,群益金鼎-三民,2023-05-25,9188
3483,力致,51,2,49,群益金鼎-三民,2023-05-25,9188
3013,晟銘電,52,5,47,群益金鼎-三民,2023-05-25,9188
00637L,元大滬深300正2,45,5,40,群益金鼎-三民,2023-05-25,9188
2537,聯上發,40,0,40,群益金鼎-三民,2023-05-25,9188
00680L,元大美債20正2,39,0,39,群益金鼎-三民,2023-05-25,9188
1608,華榮,40,5,35,群益金鼎-三民,2023-05-25,9188
00751B,元大AAA至A公司債,34,0,34,群益金鼎-三民,2023-05-25,9188
3481,群創,31,0,31,群益金鼎-三民,2023-05-25,9188
3673,TPK-KY,29,1,28,群益金鼎-三民,2023-05-25,9188
1605,華新,37,10,27,群益金鼎-三民,2023-05-25,9188
00713,元大台灣高息低波,27,2,25,群益金鼎-三民,2023-05-25,9188
5880,合庫金,23,0,23,群益金鼎-三民,2023-05-25,9188
2883,凱基金,23,0,23,群益金鼎-三民,2023-05-25,9188
3706,神達,24,2,22,群益金鼎-三民,2023-05-25,9188
1460,宏遠,20,0,20,群益金鼎-三民,2023-05-25,9188
2506,太設,20,0,20,群益金鼎-三民,2023-05-25,9188
00662,富邦NASDAQ,19,0,19,群益金鼎-三民,2023-05-25,9188
8940,新天地,19,0,19,群益金鼎-三民,2023-05-25,9188
1503,士電,25,6,19,群益金鼎-三民,2023-05-25,9188
8358,金居,21,3,18,群益金鼎-三民,2023-05-25,9188
00687B,國泰20年美債,37,19,18,群益金鼎-三民,2023-05-25,9188
2427,三商電,34,17,17,群益金鼎-三民,2023-05-25,9188
6116,彩晶,15,0,15,群益金鼎-三民,2023-05-25,9188
4977,眾達-KY,15,0,15,群益金鼎-三民,2023-05-25,9188
1101,台泥,15,2,13,群益金鼎-三民,2023-05-25,9188
3029,零壹,20,7,13,群益金鼎-三民,2023-05-25,9188
4164,承業醫,17,4,13,群益金鼎-三民,2023-05-25,9188
0056,元大高股息,16,3,13,群益金鼎-三民,2023-05-25,9188
6533,晶心科,16,3,13,群益金鼎-三民,2023-05-25,9188
2603,長榮,18,6,12,群益金鼎-三民,2023-05-25,9188
2834,臺企銀,12,0,12,群益金鼎-三民,2023-05-25,9188
00679B,元大美債20年,12,0,12,群益金鼎-三民,2023-05-25,9188
6733,博晟生醫,12,0,12,群益金鼎-三民,2023-05-25,9188
00683L,期元大美元指正2,12,0,12,群益金鼎-三民,2023-05-25,9188
2610,華航,20,8,12,群益金鼎-三民,2023-05-25,9188
00878,國泰永續高股息,21,10,11,群益金鼎-三民,2023-05-25,9188
00712,復華富時不動產,14,3,11,群益金鼎-三民,2023-05-25,9188
00632R,元大台灣50反1,390,55,335,群益金鼎-三民,2023-05-26,9188
1709,和益,105,0,105,群益金鼎-三民,2023-05-26,9188
2606,裕民,116,34,82,群益金鼎-三民,2023-05-26,9188
2323,中環,115,41,74,群益金鼎-三民,2023-05-26,9188
5880,合庫金,71,10,61,群益金鼎-三民,2023-05-26,9188
00751B,元大AAA至A公司債,60,0,60,群益金鼎-三民,2023-05-26,9188
00680L,元大美債20正2,60,0,60,群益金鼎-三民,2023-05-26,9188
2332,友訊,50,3,47,群益金鼎-三民,2023-05-26,9188
3481,群創,48,1,47,群益金鼎-三民,2023-05-26,9188
2838,聯邦銀,45,0,45,群益金鼎-三民,2023-05-26,9188
00665L,富邦�琤肭磪囓�2,43,0,43,群益金鼎-三民,2023-05-26,9188
6188,廣明,42,2,40,群益金鼎-三民,2023-05-26,9188
3231,緯創,112,75,37,群益金鼎-三民,2023-05-26,9188
2331,精英,40,4,36,群益金鼎-三民,2023-05-26,9188
3438,類比科,39,3,36,群益金鼎-三民,2023-05-26,9188
5905,南仁湖,37,2,35,群益金鼎-三民,2023-05-26,9188
00679B,元大美債20年,32,1,31,群益金鼎-三民,2023-05-26,9188
00772B,中信高評級公司債,28,0,28,群益金鼎-三民,2023-05-26,9188
00882,中信中國高股息,28,0,28,群益金鼎-三民,2023-05-26,9188
2888,新光金,26,3,23,群益金鼎-三民,2023-05-26,9188
2368,金像電,33,11,22,群益金鼎-三民,2023-05-26,9188
2421,建準,145,125,20,群益金鼎-三民,2023-05-26,9188
6122,擎邦,21,1,20,群益金鼎-三民,2023-05-26,9188
2548,華固,20,0,20,群益金鼎-三民,2023-05-26,9188
3017,奇鋐,36,16,20,群益金鼎-三民,2023-05-26,9188
4129,聯合,20,1,19,群益金鼎-三民,2023-05-26,9188
2891,中信金,21,2,19,群益金鼎-三民,2023-05-26,9188
6191,精成科,25,6,19,群益金鼎-三民,2023-05-26,9188
8011,台通,20,1,19,群益金鼎-三民,2023-05-26,9188
2376,技嘉,45,26,19,群益金鼎-三民,2023-05-26,9188
9933,中鼎,18,0,18,群益金鼎-三民,2023-05-26,9188
3583,辛耘,32,14,18,群益金鼎-三民,2023-05-26,9188
00715L,期街口布蘭特正2,30,14,16,群益金鼎-三民,2023-05-26,9188
6689,伊雲谷,22,6,16,群益金鼎-三民,2023-05-26,9188
2610,華航,38,22,16,群益金鼎-三民,2023-05-26,9188
2498,宏達電,18,3,15,群益金鼎-三民,2023-05-26,9188
2402,毅嘉,15,0,15,群益金鼎-三民,2023-05-26,9188
3325,旭品,15,0,15,群益金鼎-三民,2023-05-26,9188
2609,陽明,16,2,14,群益金鼎-三民,2023-05-26,9188
2382,廣達,45,32,13,群益金鼎-三民,2023-05-26,9188
6244,茂迪,12,1,11,群益金鼎-三民,2023-05-26,9188
2867,三商壽,11,0,11,群益金鼎-三民,2023-05-26,9188
3711,日月光投控,12,1,11,群益金鼎-三民,2023-05-26,9188
4426,利勤,10,0,10,群益金鼎-三民,2023-05-26,9188
2634,漢翔,16,6,10,群益金鼎-三民,2023-05-26,9188
5201,凱衛,13,3,10,群益金鼎-三民,2023-05-26,9188
2371,大同,40,30,10,群益金鼎-三民,2023-05-26,9188
1701,中化,10,0,10,群益金鼎-三民,2023-05-26,9188
2420,新巨,10,0,10,群益金鼎-三民,2023-05-26,9188
00674R,期元大S＆P黃金反1,10,0,10,群益金鼎-三民,2023-05-26,9188
00680L,元大美債20正2,67,5,62,群益金鼎-三民,2023-05-29,9188
2303,聯電,78,22,56,群益金鼎-三民,2023-05-29,9188
00637L,元大滬深300正2,50,2,48,群益金鼎-三民,2023-05-29,9188
1905,華紙,69,24,45,群益金鼎-三民,2023-05-29,9188
3265,台星科,51,9,42,群益金鼎-三民,2023-05-29,9188
2838,聯邦銀,38,0,38,群益金鼎-三民,2023-05-29,9188
00662,富邦NASDAQ,37,0,37,群益金鼎-三民,2023-05-29,9188
2376,技嘉,55,19,36,群益金鼎-三民,2023-05-29,9188
2891,中信金,60,24,36,群益金鼎-三民,2023-05-29,9188
0056,元大高股息,51,20,31,群益金鼎-三民,2023-05-29,9188
3438,類比科,28,1,27,群益金鼎-三民,2023-05-29,9188
2630,亞航,43,16,27,群益金鼎-三民,2023-05-29,9188
2201,裕隆,30,6,24,群益金鼎-三民,2023-05-29,9188
3465,進泰電子,21,0,21,群益金鼎-三民,2023-05-29,9188
2331,精英,21,0,21,群益金鼎-三民,2023-05-29,9188
00772B,中信高評級公司債,20,0,20,群益金鼎-三民,2023-05-29,9188
2537,聯上發,20,0,20,群益金鼎-三民,2023-05-29,9188
00679B,元大美債20年,18,0,18,群益金鼎-三民,2023-05-29,9188
2423,固緯,19,1,18,群益金鼎-三民,2023-05-29,9188
1110,東泥,17,0,17,群益金鼎-三民,2023-05-29,9188
3037,欣興,26,10,16,群益金鼎-三民,2023-05-29,9188
1101,台泥,30,14,16,群益金鼎-三民,2023-05-29,9188
3034,聯詠,16,2,14,群益金鼎-三民,2023-05-29,9188
00878,國泰永續高股息,54,40,14,群益金鼎-三民,2023-05-29,9188
6488,環球晶,15,1,14,群益金鼎-三民,2023-05-29,9188
2748,雲品,15,2,13,群益金鼎-三民,2023-05-29,9188
2027,大成鋼,13,0,13,群益金鼎-三民,2023-05-29,9188
3044,健鼎,15,3,12,群益金鼎-三民,2023-05-29,9188
00882,中信中國高股息,22,10,12,群益金鼎-三民,2023-05-29,9188
8069,元太,18,6,12,群益金鼎-三民,2023-05-29,9188
1568,倉佑,12,0,12,群益金鼎-三民,2023-05-29,9188
6126,信音,12,0,12,群益金鼎-三民,2023-05-29,9188
1460,宏遠,53,41,12,群益金鼎-三民,2023-05-29,9188
3231,緯創,83,71,12,群益金鼎-三民,2023-05-29,9188
00795B,中信美國公債20年,11,0,11,群益金鼎-三民,2023-05-29,9188
9904,寶成,11,0,11,群益金鼎-三民,2023-05-29,9188
6122,擎邦,19,8,11,群益金鼎-三民,2023-05-29,9188
3149,正達,10,0,10,群益金鼎-三民,2023-05-29,9188
00902,中信電池及儲能,12,2,10,群益金鼎-三民,2023-05-29,9188
6142,友勁,10,0,10,群益金鼎-三民,2023-05-29,9188
2399,映泰,11,1,10,群益金鼎-三民,2023-05-29,9188
6248,沛波,10,0,10,群益金鼎-三民,2023-05-29,9188
1603,華電,10,0,10,群益金鼎-三民,2023-05-29,9188
3380,明泰,10,0,10,群益金鼎-三民,2023-05-29,9188
3374,精材,10,0,10,群益金鼎-三民,2023-05-29,9188
00676R,富邦臺灣加權反1,10,0,10,群益金鼎-三民,2023-05-29,9188
00674R,期元大S＆P黃金反1,10,0,10,群益金鼎-三民,2023-05-29,9188
1608,華榮,22,12,10,群益金鼎-三民,2023-05-29,9188
4707,磐亞,10,0,10,群益金鼎-三民,2023-05-29,9188
3363,上詮,23,14,9,群益金鼎-三民,2023-05-29,9188
2344,華邦電,127,5,122,群益金鼎-三民,2023-05-30,9188
00632R,元大台灣50反1,60,1,59,群益金鼎-三民,2023-05-30,9188
2356,英業達,79,24,55,群益金鼎-三民,2023-05-30,9188
4956,光鋐,40,0,40,群益金鼎-三民,2023-05-30,9188
00637L,元大滬深300正2,44,4,40,群益金鼎-三民,2023-05-30,9188
8289,泰藝,35,0,35,群益金鼎-三民,2023-05-30,9188
00665L,富邦�琤肭磪囓�2,32,0,32,群益金鼎-三民,2023-05-30,9188
2832,台產,30,0,30,群益金鼎-三民,2023-05-30,9188
8110,華東,30,0,30,群益金鼎-三民,2023-05-30,9188
2002,中鋼,28,1,27,群益金鼎-三民,2023-05-30,9188
2382,廣達,48,21,27,群益金鼎-三民,2023-05-30,9188
00878,國泰永續高股息,37,10,27,群益金鼎-三民,2023-05-30,9188
6197,佳必琪,26,1,25,群益金鼎-三民,2023-05-30,9188
2834,臺企銀,27,2,25,群益金鼎-三民,2023-05-30,9188
2401,凌陽,23,0,23,群益金鼎-三民,2023-05-30,9188
2504,國產,23,0,23,群益金鼎-三民,2023-05-30,9188
8059,凱碩,22,0,22,群益金鼎-三民,2023-05-30,9188
00882,中信中國高股息,26,4,22,群益金鼎-三民,2023-05-30,9188
1110,東泥,21,0,21,群益金鼎-三民,2023-05-30,9188
6248,沛波,19,0,19,群益金鼎-三民,2023-05-30,9188
00679B,元大美債20年,19,0,19,群益金鼎-三民,2023-05-30,9188
6166,凌華,17,0,17,群益金鼎-三民,2023-05-30,9188
2332,友訊,16,0,16,群益金鼎-三民,2023-05-30,9188
3515,華擎,20,5,15,群益金鼎-三民,2023-05-30,9188
3499,環天科,15,0,15,群益金鼎-三民,2023-05-30,9188
3013,晟銘電,35,20,15,群益金鼎-三民,2023-05-30,9188
1210,大成,15,1,14,群益金鼎-三民,2023-05-30,9188
1707,葡萄王,14,0,14,群益金鼎-三民,2023-05-30,9188
2423,固緯,17,3,14,群益金鼎-三民,2023-05-30,9188
1460,宏遠,14,0,14,群益金鼎-三民,2023-05-30,9188
3094,聯傑,17,4,13,群益金鼎-三民,2023-05-30,9188
3169,亞信,13,1,12,群益金鼎-三民,2023-05-30,9188
2425,承啟,16,4,12,群益金鼎-三民,2023-05-30,9188
8076,伍豐,13,1,12,群益金鼎-三民,2023-05-30,9188
4979,華星光,26,14,12,群益金鼎-三民,2023-05-30,9188
6218,豪勉,12,0,12,群益金鼎-三民,2023-05-30,9188
6244,茂迪,11,0,11,群益金鼎-三民,2023-05-30,9188
00772B,中信高評級公司債,11,0,11,群益金鼎-三民,2023-05-30,9188
00892,富邦台灣半導體,11,0,11,群益金鼎-三民,2023-05-30,9188
00885,富邦越南,11,0,11,群益金鼎-三民,2023-05-30,9188
2337,旺宏,11,0,11,群益金鼎-三民,2023-05-30,9188
1513,中興電,22,11,11,群益金鼎-三民,2023-05-30,9188
3576,聯合再生,11,0,11,群益金鼎-三民,2023-05-30,9188
2368,金像電,17,6,11,群益金鼎-三民,2023-05-30,9188
2883,凱基金,21,10,11,群益金鼎-三民,2023-05-30,9188
1409,新纖,10,0,10,群益金鼎-三民,2023-05-30,9188
3481,群創,10,0,10,群益金鼎-三民,2023-05-30,9188
1708,東鹼,10,0,10,群益金鼎-三民,2023-05-30,9188
8933,愛地雅,10,0,10,群益金鼎-三民,2023-05-30,9188
9907,統一實,10,0,10,群益金鼎-三民,2023-05-30,9188
00632R,元大台灣50反1,1408,0,1408,群益金鼎-三民,2023-05-31,9188
1210,大成,107,0,107,群益金鼎-三民,2023-05-31,9188
9105,泰金寶-DR,86,0,86,群益金鼎-三民,2023-05-31,9188
00715L,期街口布蘭特正2,76,15,61,群益金鼎-三民,2023-05-31,9188
00753L,中信中國50正2,73,26,47,群益金鼎-三民,2023-05-31,9188
2201,裕隆,48,8,40,群益金鼎-三民,2023-05-31,9188
2027,大成鋼,40,1,39,群益金鼎-三民,2023-05-31,9188
3017,奇鋐,36,2,34,群益金鼎-三民,2023-05-31,9188
2349,錸德,33,0,33,群益金鼎-三民,2023-05-31,9188
00662,富邦NASDAQ,32,1,31,群益金鼎-三民,2023-05-31,9188
00637L,元大滬深300正2,34,4,30,群益金鼎-三民,2023-05-31,9188
2399,映泰,26,0,26,群益金鼎-三民,2023-05-31,9188
00642U,期元大S＆P石油,26,0,26,群益金鼎-三民,2023-05-31,9188
1608,華榮,25,3,22,群益金鼎-三民,2023-05-31,9188
1101,台泥,22,1,21,群益金鼎-三民,2023-05-31,9188
2025,千興,20,0,20,群益金鼎-三民,2023-05-31,9188
2736,富野,21,2,19,群益金鼎-三民,2023-05-31,9188
2801,彰銀,18,0,18,群益金鼎-三民,2023-05-31,9188
00687B,國泰20年美債,20,3,17,群益金鼎-三民,2023-05-31,9188
3231,緯創,61,46,15,群益金鼎-三民,2023-05-31,9188
2014,中鴻,15,0,15,群益金鼎-三民,2023-05-31,9188
3465,進泰電子,15,0,15,群益金鼎-三民,2023-05-31,9188
6125,廣運,15,0,15,群益金鼎-三民,2023-05-31,9188
1444,力麗,15,0,15,群益金鼎-三民,2023-05-31,9188
2609,陽明,20,5,15,群益金鼎-三民,2023-05-31,9188
2634,漢翔,26,11,15,群益金鼎-三民,2023-05-31,9188
8358,金居,18,3,15,群益金鼎-三民,2023-05-31,9188
6245,立端,29,15,14,群益金鼎-三民,2023-05-31,9188
2606,裕民,14,0,14,群益金鼎-三民,2023-05-31,9188
00665L,富邦�琤肭磪囓�2,14,0,14,群益金鼎-三民,2023-05-31,9188
3006,晶豪科,31,17,14,群益金鼎-三民,2023-05-31,9188
2356,英業達,26,12,14,群益金鼎-三民,2023-05-31,9188
3031,佰鴻,14,1,13,群益金鼎-三民,2023-05-31,9188
4977,眾達-KY,14,2,12,群益金鼎-三民,2023-05-31,9188
3703,欣陸,12,0,12,群益金鼎-三民,2023-05-31,9188
00772B,中信高評級公司債,12,0,12,群益金鼎-三民,2023-05-31,9188
6271,同欣電,13,1,12,群益金鼎-三民,2023-05-31,9188
4503,金雨,14,2,12,群益金鼎-三民,2023-05-31,9188
00882,中信中國高股息,14,2,12,群益金鼎-三民,2023-05-31,9188
1605,華新,14,3,11,群益金鼎-三民,2023-05-31,9188
00720B,元大投資級公司債,11,0,11,群益金鼎-三民,2023-05-31,9188
00919,群益台灣精選高息,11,0,11,群益金鼎-三民,2023-05-31,9188
2002,中鋼,13,2,11,群益金鼎-三民,2023-05-31,9188
6546,正基,11,0,11,群益金鼎-三民,2023-05-31,9188
1104,環泥,10,0,10,群益金鼎-三民,2023-05-31,9188
2033,佳大,10,0,10,群益金鼎-三民,2023-05-31,9188
3162,精確,10,0,10,群益金鼎-三民,2023-05-31,9188
2615,萬海,13,3,10,群益金鼎-三民,2023-05-31,9188
6509,聚和,9,0,9,群益金鼎-三民,2023-05-31,9188
00897,富邦基因免疫生技,9,0,9,群益金鼎-三民,2023-05-31,9188
1727,中華化,76,13,63,群益金鼎-三民,2023-06-01,9188
00679B,元大美債20年,51,0,51,群益金鼎-三民,2023-06-01,9188
2888,新光金,56,6,50,群益金鼎-三民,2023-06-01,9188
00715L,期街口布蘭特正2,49,4,45,群益金鼎-三民,2023-06-01,9188
00720B,元大投資級公司債,46,1,45,群益金鼎-三民,2023-06-01,9188
2208,台船,40,0,40,群益金鼎-三民,2023-06-01,9188
1512,瑞利,39,0,39,群益金鼎-三民,2023-06-01,9188
2883,凱基金,39,2,37,群益金鼎-三民,2023-06-01,9188
1217,愛之味,30,0,30,群益金鼎-三民,2023-06-01,9188
2537,聯上發,30,0,30,群益金鼎-三民,2023-06-01,9188
2427,三商電,47,17,30,群益金鼎-三民,2023-06-01,9188
1721,三晃,30,1,29,群益金鼎-三民,2023-06-01,9188
2331,精英,36,7,29,群益金鼎-三民,2023-06-01,9188
2344,華邦電,32,7,25,群益金鼎-三民,2023-06-01,9188
00680L,元大美債20正2,24,0,24,群益金鼎-三民,2023-06-01,9188
9902,台火,23,0,23,群益金鼎-三民,2023-06-01,9188
6161,捷波,22,0,22,群益金鼎-三民,2023-06-01,9188
2371,大同,28,6,22,群益金鼎-三民,2023-06-01,9188
00642U,期元大S＆P石油,21,0,21,群益金鼎-三民,2023-06-01,9188
4564,元翎,37,16,21,群益金鼎-三民,2023-06-01,9188
2356,英業達,35,15,20,群益金鼎-三民,2023-06-01,9188
3013,晟銘電,87,67,20,群益金鼎-三民,2023-06-01,9188
2359,所羅門,22,2,20,群益金鼎-三民,2023-06-01,9188
2881,富邦金,21,1,20,群益金鼎-三民,2023-06-01,9188
1605,華新,21,2,19,群益金鼎-三民,2023-06-01,9188
2913,農林,45,26,19,群益金鼎-三民,2023-06-01,9188
00919,群益台灣精選高息,19,0,19,群益金鼎-三民,2023-06-01,9188
1591,駿吉-KY,18,0,18,群益金鼎-三民,2023-06-01,9188
6180,橘子,36,19,17,群益金鼎-三民,2023-06-01,9188
1218,泰山,19,3,16,群益金鼎-三民,2023-06-01,9188
3693,營邦,17,1,16,群益金鼎-三民,2023-06-01,9188
3706,神達,97,82,15,群益金鼎-三民,2023-06-01,9188
5009,榮剛,27,12,15,群益金鼎-三民,2023-06-01,9188
1711,永光,15,1,14,群益金鼎-三民,2023-06-01,9188
2376,技嘉,19,5,14,群益金鼎-三民,2023-06-01,9188
1905,華紙,26,13,13,群益金鼎-三民,2023-06-01,9188
2303,聯電,14,1,13,群益金鼎-三民,2023-06-01,9188
2739,寒舍,13,1,12,群益金鼎-三民,2023-06-01,9188
2423,固緯,13,1,12,群益金鼎-三民,2023-06-01,9188
00713,元大台灣高息低波,13,2,11,群益金鼎-三民,2023-06-01,9188
00687B,國泰20年美債,12,1,11,群益金鼎-三民,2023-06-01,9188
3252,海灣,11,0,11,群益金鼎-三民,2023-06-01,9188
2892,第一金,10,0,10,群益金鼎-三民,2023-06-01,9188
2211,長榮鋼,12,2,10,群益金鼎-三民,2023-06-01,9188
2431,聯昌,10,0,10,群益金鼎-三民,2023-06-01,9188
4128,中天,10,0,10,群益金鼎-三民,2023-06-01,9188
4164,承業醫,10,0,10,群益金鼎-三民,2023-06-01,9188
00830,國泰費城半導體,10,0,10,群益金鼎-三民,2023-06-01,9188
2340,台亞,10,0,10,群益金鼎-三民,2023-06-01,9188
6202,盛群,11,1,10,群益金鼎-三民,2023-06-01,9188
2323,中環,183,49,134,群益金鼎-三民,2023-06-02,9188
8358,金居,114,0,114,群益金鼎-三民,2023-06-02,9188
00900,富邦特選高股息30,140,43,97,群益金鼎-三民,2023-06-02,9188
1609,大亞,87,14,73,群益金鼎-三民,2023-06-02,9188
00772B,中信高評級公司債,71,0,71,群益金鼎-三民,2023-06-02,9188
1904,正隆,54,1,53,群益金鼎-三民,2023-06-02,9188
2838,聯邦銀,43,0,43,群益金鼎-三民,2023-06-02,9188
1513,中興電,90,49,41,群益金鼎-三民,2023-06-02,9188
1608,華榮,37,1,36,群益金鼎-三民,2023-06-02,9188
3231,緯創,109,77,32,群益金鼎-三民,2023-06-02,9188
1802,台玻,31,0,31,群益金鼎-三民,2023-06-02,9188
1201,味全,30,0,30,群益金鼎-三民,2023-06-02,9188
2457,飛宏,38,9,29,群益金鼎-三民,2023-06-02,9188
2891,中信金,27,0,27,群益金鼎-三民,2023-06-02,9188
2371,大同,30,4,26,群益金鼎-三民,2023-06-02,9188
00919,群益台灣精選高息,30,4,26,群益金鼎-三民,2023-06-02,9188
2883,凱基金,26,1,25,群益金鼎-三民,2023-06-02,9188
3163,波若威,27,3,24,群益金鼎-三民,2023-06-02,9188
2330,台積電,30,6,24,群益金鼎-三民,2023-06-02,9188
00665L,富邦�琤肭磪囓�2,24,1,23,群益金鼎-三民,2023-06-02,9188
6190,萬泰科,22,2,20,群益金鼎-三民,2023-06-02,9188
3050,鈺德,20,0,20,群益金鼎-三民,2023-06-02,9188
2367,燿華,20,0,20,群益金鼎-三民,2023-06-02,9188
6112,邁達特,23,4,19,群益金鼎-三民,2023-06-02,9188
2211,長榮鋼,15,0,15,群益金鼎-三民,2023-06-02,9188
2356,英業達,38,24,14,群益金鼎-三民,2023-06-02,9188
3058,立德,34,20,14,群益金鼎-三民,2023-06-02,9188
2399,映泰,14,0,14,群益金鼎-三民,2023-06-02,9188
2368,金像電,22,8,14,群益金鼎-三民,2023-06-02,9188
00712,復華富時不動產,24,10,14,群益金鼎-三民,2023-06-02,9188
00679B,元大美債20年,13,0,13,群益金鼎-三民,2023-06-02,9188
5009,榮剛,18,6,12,群益金鼎-三民,2023-06-02,9188
3374,精材,12,0,12,群益金鼎-三民,2023-06-02,9188
3465,進泰電子,11,0,11,群益金鼎-三民,2023-06-02,9188
8271,宇瞻,13,2,11,群益金鼎-三民,2023-06-02,9188
8222,寶一,15,4,11,群益金鼎-三民,2023-06-02,9188
3019,亞光,10,0,10,群益金鼎-三民,2023-06-02,9188
4551,智伸科,10,0,10,群益金鼎-三民,2023-06-02,9188
4956,光鋐,10,0,10,群益金鼎-三民,2023-06-02,9188
00640L,富邦日本正2,10,0,10,群益金鼎-三民,2023-06-02,9188
6126,信音,12,2,10,群益金鼎-三民,2023-06-02,9188
3035,智原,44,34,10,群益金鼎-三民,2023-06-02,9188
6245,立端,11,1,10,群益金鼎-三民,2023-06-02,9188
2206,三陽工業,13,4,9,群益金鼎-三民,2023-06-02,9188
1752,南光,11,2,9,群益金鼎-三民,2023-06-02,9188
00662,富邦NASDAQ,10,1,9,群益金鼎-三民,2023-06-02,9188
00753L,中信中國50正2,14,5,9,群益金鼎-三民,2023-06-02,9188
2607,榮運,11,2,9,群益金鼎-三民,2023-06-02,9188
1528,恩德,10,1,9,群益金鼎-三民,2023-06-02,9188
9907,統一實,9,0,9,群益金鼎-三民,2023-06-02,9188
00712,復華富時不動產,228,8,220,群益金鼎-三民,2023-06-05,9188
00680L,元大美債20正2,139,9,130,群益金鼎-三民,2023-06-05,9188
5465,富驊,139,9,130,群益金鼎-三民,2023-06-05,9188
6125,廣運,145,28,117,群益金鼎-三民,2023-06-05,9188
2344,華邦電,122,57,65,群益金鼎-三民,2023-06-05,9188
3025,星通,75,15,60,群益金鼎-三民,2023-06-05,9188
00882,中信中國高股息,55,0,55,群益金鼎-三民,2023-06-05,9188
00679B,元大美債20年,52,0,52,群益金鼎-三民,2023-06-05,9188
4906,正文,59,9,50,群益金鼎-三民,2023-06-05,9188
1514,亞力,87,37,50,群益金鼎-三民,2023-06-05,9188
00919,群益台灣精選高息,57,11,46,群益金鼎-三民,2023-06-05,9188
2504,國產,50,5,45,群益金鼎-三民,2023-06-05,9188
2630,亞航,60,18,42,群益金鼎-三民,2023-06-05,9188
2610,華航,69,34,35,群益金鼎-三民,2023-06-05,9188
2603,長榮,39,4,35,群益金鼎-三民,2023-06-05,9188
2353,宏��,41,8,33,群益金鼎-三民,2023-06-05,9188
1210,大成,32,1,31,群益金鼎-三民,2023-06-05,9188
3017,奇鋐,37,9,28,群益金鼎-三民,2023-06-05,9188
00687B,國泰20年美債,27,0,27,群益金鼎-三民,2023-06-05,9188
1504,東元,65,38,27,群益金鼎-三民,2023-06-05,9188
2605,新興,25,0,25,群益金鼎-三民,2023-06-05,9188
6163,華電網,31,6,25,群益金鼎-三民,2023-06-05,9188
1795,美時,30,7,23,群益金鼎-三民,2023-06-05,9188
00720B,元大投資級公司債,23,0,23,群益金鼎-三民,2023-06-05,9188
00751B,元大AAA至A公司債,21,0,21,群益金鼎-三民,2023-06-05,9188
1503,士電,27,7,20,群益金鼎-三民,2023-06-05,9188
1711,永光,64,44,20,群益金鼎-三民,2023-06-05,9188
4564,元翎,31,12,19,群益金鼎-三民,2023-06-05,9188
2382,廣達,20,1,19,群益金鼎-三民,2023-06-05,9188
00639,富邦深100,19,0,19,群益金鼎-三民,2023-06-05,9188
3055,蔚華科,19,2,17,群益金鼎-三民,2023-06-05,9188
2337,旺宏,16,0,16,群益金鼎-三民,2023-06-05,9188
5478,智冠,31,16,15,群益金鼎-三民,2023-06-05,9188
6160,欣技,28,13,15,群益金鼎-三民,2023-06-05,9188
1605,華新,18,4,14,群益金鼎-三民,2023-06-05,9188
00631L,元大台灣50正2,14,0,14,群益金鼎-三民,2023-06-05,9188
5009,榮剛,77,64,13,群益金鼎-三民,2023-06-05,9188
6285,啟��,13,1,12,群益金鼎-三民,2023-06-05,9188
2408,南亞科,12,0,12,群益金鼎-三民,2023-06-05,9188
5351,鈺創,12,0,12,群益金鼎-三民,2023-06-05,9188
2014,中鴻,18,7,11,群益金鼎-三民,2023-06-05,9188
00637L,元大滬深300正2,23,12,11,群益金鼎-三民,2023-06-05,9188
00683L,期元大美元指正2,11,0,11,群益金鼎-三民,2023-06-05,9188
00688L,國泰20年美債正2,17,6,11,群益金鼎-三民,2023-06-05,9188
1519,華城,46,36,10,群益金鼎-三民,2023-06-05,9188
6477,安集,11,1,10,群益金鼎-三民,2023-06-05,9188
4979,華星光,11,1,10,群益金鼎-三民,2023-06-05,9188
2033,佳大,10,0,10,群益金鼎-三民,2023-06-05,9188
2472,立隆電,10,0,10,群益金鼎-三民,2023-06-05,9188
1714,和桐,12,2,10,群益金鼎-三民,2023-06-05,9188
2402,毅嘉,154,31,123,群益金鼎-三民,2023-06-06,9188
2888,新光金,147,56,91,群益金鼎-三民,2023-06-06,9188
00679B,元大美債20年,76,0,76,群益金鼎-三民,2023-06-06,9188
8105,凌巨,74,5,69,群益金鼎-三民,2023-06-06,9188
2838,聯邦銀,70,8,62,群益金鼎-三民,2023-06-06,9188
00632R,元大台灣50反1,50,0,50,群益金鼎-三民,2023-06-06,9188
2885,元大金,62,18,44,群益金鼎-三民,2023-06-06,9188
00683L,期元大美元指正2,40,0,40,群益金鼎-三民,2023-06-06,9188
00919,群益台灣精選高息,36,1,35,群益金鼎-三民,2023-06-06,9188
3058,立德,32,1,31,群益金鼎-三民,2023-06-06,9188
2498,宏達電,37,7,30,群益金鼎-三民,2023-06-06,9188
00753L,中信中國50正2,27,1,26,群益金鼎-三民,2023-06-06,9188
4938,和碩,23,0,23,群益金鼎-三民,2023-06-06,9188
00751B,元大AAA至A公司債,22,0,22,群益金鼎-三民,2023-06-06,9188
6290,良維,22,0,22,群益金鼎-三民,2023-06-06,9188
2892,第一金,20,0,20,群益金鼎-三民,2023-06-06,9188
2367,燿華,20,0,20,群益金鼎-三民,2023-06-06,9188
3037,欣興,26,7,19,群益金鼎-三民,2023-06-06,9188
00662,富邦NASDAQ,19,0,19,群益金鼎-三民,2023-06-06,9188
3231,緯創,42,24,18,群益金鼎-三民,2023-06-06,9188
3706,神達,21,3,18,群益金鼎-三民,2023-06-06,9188
1210,大成,20,2,18,群益金鼎-三民,2023-06-06,9188
3047,訊舟,18,0,18,群益金鼎-三民,2023-06-06,9188
2347,聯強,18,0,18,群益金鼎-三民,2023-06-06,9188
3081,聯亞,20,2,18,群益金鼎-三民,2023-06-06,9188
3438,類比科,28,11,17,群益金鼎-三民,2023-06-06,9188
1815,富喬,20,4,16,群益金鼎-三民,2023-06-06,9188
2748,雲品,38,23,15,群益金鼎-三民,2023-06-06,9188
3046,建��,17,4,13,群益金鼎-三民,2023-06-06,9188
00650L,復華香港正2,18,5,13,群益金鼎-三民,2023-06-06,9188
2607,榮運,13,0,13,群益金鼎-三民,2023-06-06,9188
8403,盛弘,17,5,12,群益金鼎-三民,2023-06-06,9188
3481,群創,55,44,11,群益金鼎-三民,2023-06-06,9188
4906,正文,25,14,11,群益金鼎-三民,2023-06-06,9188
1514,亞力,18,7,11,群益金鼎-三民,2023-06-06,9188
00878,國泰永續高股息,24,13,11,群益金鼎-三民,2023-06-06,9188
3338,泰碩,12,1,11,群益金鼎-三民,2023-06-06,9188
6592,和潤企業,10,0,10,群益金鼎-三民,2023-06-06,9188
3169,亞信,10,0,10,群益金鼎-三民,2023-06-06,9188
8064,東捷,10,0,10,群益金鼎-三民,2023-06-06,9188
5211,蒙恬,10,0,10,群益金鼎-三民,2023-06-06,9188
1720,生達,11,1,10,群益金鼎-三民,2023-06-06,9188
1718,中纖,10,0,10,群益金鼎-三民,2023-06-06,9188
2328,廣宇,13,3,10,群益金鼎-三民,2023-06-06,9188
8289,泰藝,10,0,10,群益金鼎-三民,2023-06-06,9188
3265,台星科,10,0,10,群益金鼎-三民,2023-06-06,9188
4190,佐登-KY,11,1,10,群益金鼎-三民,2023-06-06,9188
2722,夏都,14,5,9,群益金鼎-三民,2023-06-06,9188
3707,漢磊,10,1,9,群益金鼎-三民,2023-06-06,9188
00696B,富邦美債20年,9,0,9,群益金鼎-三民,2023-06-06,9188
00632R,元大台灣50反1,1669,300,1369,群益金鼎-三民,2023-06-07,9188
8358,金居,140,29,111,群益金鼎-三民,2023-06-07,9188
2834,臺企銀,55,3,52,群益金鼎-三民,2023-06-07,9188
00919,群益台灣精選高息,52,6,46,群益金鼎-三民,2023-06-07,9188
00927,群益半導體收益,71,27,44,群益金鼎-三民,2023-06-07,9188
00679B,元大美債20年,46,2,44,群益金鼎-三民,2023-06-07,9188
1618,合機,44,4,40,群益金鼎-三民,2023-06-07,9188
2633,台灣高鐵,40,1,39,群益金鼎-三民,2023-06-07,9188
00687B,國泰20年美債,38,0,38,群益金鼎-三民,2023-06-07,9188
2323,中環,65,29,36,群益金鼎-三民,2023-06-07,9188
2409,友達,33,0,33,群益金鼎-三民,2023-06-07,9188
1710,東聯,47,16,31,群益金鼎-三民,2023-06-07,9188
5519,隆大,30,0,30,群益金鼎-三民,2023-06-07,9188
2427,三商電,42,12,30,群益金鼎-三民,2023-06-07,9188
6270,倍微,31,1,30,群益金鼎-三民,2023-06-07,9188
2401,凌陽,34,7,27,群益金鼎-三民,2023-06-07,9188
2359,所羅門,28,5,23,群益金鼎-三民,2023-06-07,9188
3025,星通,28,7,21,群益金鼎-三民,2023-06-07,9188
2548,華固,21,0,21,群益金鼎-三民,2023-06-07,9188
0056,元大高股息,33,13,20,群益金鼎-三民,2023-06-07,9188
2637,慧洋-KY,20,0,20,群益金鼎-三民,2023-06-07,9188
00673R,期元大S＆P原油反1,20,0,20,群益金鼎-三民,2023-06-07,9188
00637L,元大滬深300正2,32,12,20,群益金鼎-三民,2023-06-07,9188
1605,華新,37,19,18,群益金鼎-三民,2023-06-07,9188
6244,茂迪,17,0,17,群益金鼎-三民,2023-06-07,9188
6282,康舒,22,5,17,群益金鼎-三民,2023-06-07,9188
8046,南電,20,4,16,群益金鼎-三民,2023-06-07,9188
1514,亞力,24,8,16,群益金鼎-三民,2023-06-07,9188
00662,富邦NASDAQ,16,0,16,群益金鼎-三民,2023-06-07,9188
6188,廣明,23,7,16,群益金鼎-三民,2023-06-07,9188
3033,威健,17,2,15,群益金鼎-三民,2023-06-07,9188
2891,中信金,20,5,15,群益金鼎-三民,2023-06-07,9188
2722,夏都,16,2,14,群益金鼎-三民,2023-06-07,9188
4961,天鈺,14,0,14,群益金鼎-三民,2023-06-07,9188
2618,長榮航,39,26,13,群益金鼎-三民,2023-06-07,9188
4164,承業醫,13,0,13,群益金鼎-三民,2023-06-07,9188
4543,萬在,17,4,13,群益金鼎-三民,2023-06-07,9188
2340,台亞,15,2,13,群益金鼎-三民,2023-06-07,9188
4532,瑞智,12,0,12,群益金鼎-三民,2023-06-07,9188
3508,位速,12,0,12,群益金鼎-三民,2023-06-07,9188
2344,華邦電,26,15,11,群益金鼎-三民,2023-06-07,9188
3209,全科,11,0,11,群益金鼎-三民,2023-06-07,9188
2457,飛宏,16,6,10,群益金鼎-三民,2023-06-07,9188
3105,穩懋,24,14,10,群益金鼎-三民,2023-06-07,9188
8150,南茂,10,0,10,群益金鼎-三民,2023-06-07,9188
00639,富邦深100,10,0,10,群益金鼎-三民,2023-06-07,9188
2441,超豐,10,0,10,群益金鼎-三民,2023-06-07,9188
6690,安�硌穈T,10,0,10,群益金鼎-三民,2023-06-07,9188
00882,中信中國高股息,10,0,10,群益金鼎-三民,2023-06-07,9188
3006,晶豪科,10,1,9,群益金鼎-三民,2023-06-07,9188
9105,泰金寶-DR,226,0,226,群益金鼎-三民,2023-06-08,9188
00680L,元大美債20正2,125,0,125,群益金鼎-三民,2023-06-08,9188
00679B,元大美債20年,92,1,91,群益金鼎-三民,2023-06-08,9188
2605,新興,95,11,84,群益金鼎-三民,2023-06-08,9188
3380,明泰,84,1,83,群益金鼎-三民,2023-06-08,9188
2409,友達,80,0,80,群益金鼎-三民,2023-06-08,9188
00878,國泰永續高股息,80,6,74,群益金鼎-三民,2023-06-08,9188
00927,群益半導體收益,78,11,67,群益金鼎-三民,2023-06-08,9188
6517,保勝光學,154,89,65,群益金鼎-三民,2023-06-08,9188
2885,元大金,68,6,62,群益金鼎-三民,2023-06-08,9188
00687B,國泰20年美債,61,0,61,群益金鼎-三民,2023-06-08,9188
00919,群益台灣精選高息,76,17,59,群益金鼎-三民,2023-06-08,9188
912000,晨訊科-DR,49,5,44,群益金鼎-三民,2023-06-08,9188
00751B,元大AAA至A公司債,47,5,42,群益金鼎-三民,2023-06-08,9188
00712,復華富時不動產,45,12,33,群益金鼎-三民,2023-06-08,9188
1513,中興電,61,30,31,群益金鼎-三民,2023-06-08,9188
2838,聯邦銀,31,0,31,群益金鼎-三民,2023-06-08,9188
4123,晟德,90,63,27,群益金鼎-三民,2023-06-08,9188
3272,東碩,27,2,25,群益金鼎-三民,2023-06-08,9188
2888,新光金,34,12,22,群益金鼎-三民,2023-06-08,9188
2457,飛宏,24,2,22,群益金鼎-三民,2023-06-08,9188
1618,合機,24,2,22,群益金鼎-三民,2023-06-08,9188
00688L,國泰20年美債正2,21,0,21,群益金鼎-三民,2023-06-08,9188
2451,創見,21,0,21,群益金鼎-三民,2023-06-08,9188
2340,台亞,21,0,21,群益金鼎-三民,2023-06-08,9188
3038,全台,23,3,20,群益金鼎-三民,2023-06-08,9188
2892,第一金,20,0,20,群益金鼎-三民,2023-06-08,9188
1217,愛之味,20,0,20,群益金鼎-三民,2023-06-08,9188
2882,國泰金,25,5,20,群益金鼎-三民,2023-06-08,9188
4566,時碩工業,20,0,20,群益金鼎-三民,2023-06-08,9188
3017,奇鋐,28,9,19,群益金鼎-三民,2023-06-08,9188
8033,雷虎,21,2,19,群益金鼎-三民,2023-06-08,9188
3346,麗清,21,2,19,群益金鼎-三民,2023-06-08,9188
8046,南電,17,0,17,群益金鼎-三民,2023-06-08,9188
6188,廣明,21,5,16,群益金鼎-三民,2023-06-08,9188
1605,華新,20,5,15,群益金鼎-三民,2023-06-08,9188
00720B,元大投資級公司債,15,0,15,群益金鼎-三民,2023-06-08,9188
1471,首利,15,0,15,群益金鼎-三民,2023-06-08,9188
00882,中信中國高股息,21,7,14,群益金鼎-三民,2023-06-08,9188
1319,東陽,14,0,14,群益金鼎-三民,2023-06-08,9188
2492,華新科,14,0,14,群益金鼎-三民,2023-06-08,9188
1467,南緯,13,0,13,群益金鼎-三民,2023-06-08,9188
1720,生達,14,1,13,群益金鼎-三民,2023-06-08,9188
8069,元太,22,9,13,群益金鼎-三民,2023-06-08,9188
1609,大亞,72,60,12,群益金鼎-三民,2023-06-08,9188
6187,萬潤,37,25,12,群益金鼎-三民,2023-06-08,9188
2731,雄獅,12,0,12,群益金鼎-三民,2023-06-08,9188
6841,長佳智能,12,0,12,群益金鼎-三民,2023-06-08,9188
2498,宏達電,26,14,12,群益金鼎-三民,2023-06-08,9188
2014,中鴻,12,0,12,群益金鼎-三民,2023-06-08,9188
2607,榮運,116,0,116,群益金鼎-三民,2023-06-09,9188
00712,復華富時不動產,99,8,91,群益金鼎-三民,2023-06-09,9188
3013,晟銘電,82,1,81,群益金鼎-三民,2023-06-09,9188
00919,群益台灣精選高息,80,15,65,群益金鼎-三民,2023-06-09,9188
2832,台產,60,0,60,群益金鼎-三民,2023-06-09,9188
00929,復華台灣科技優息,154,100,54,群益金鼎-三民,2023-06-09,9188
2312,金寶,53,5,48,群益金鼎-三民,2023-06-09,9188
4533,協易機,51,3,48,群益金鼎-三民,2023-06-09,9188
1609,大亞,72,32,40,群益金鼎-三民,2023-06-09,9188
1504,東元,41,4,37,群益金鼎-三民,2023-06-09,9188
2482,連宇,55,20,35,群益金鼎-三民,2023-06-09,9188
3062,建漢,32,0,32,群益金鼎-三民,2023-06-09,9188
2425,承啟,36,5,31,群益金鼎-三民,2023-06-09,9188
1712,興農,30,0,30,群益金鼎-三民,2023-06-09,9188
1410,南染,30,0,30,群益金鼎-三民,2023-06-09,9188
00662,富邦NASDAQ,27,0,27,群益金鼎-三民,2023-06-09,9188
5469,瀚宇博,28,1,27,群益金鼎-三民,2023-06-09,9188
2630,亞航,71,45,26,群益金鼎-三民,2023-06-09,9188
2467,志聖,23,0,23,群益金鼎-三民,2023-06-09,9188
1605,華新,29,8,21,群益金鼎-三民,2023-06-09,9188
6532,瑞耘,22,1,21,群益金鼎-三民,2023-06-09,9188
3346,麗清,23,3,20,群益金鼎-三民,2023-06-09,9188
00715L,期街口布蘭特正2,28,8,20,群益金鼎-三民,2023-06-09,9188
2356,英業達,42,23,19,群益金鼎-三民,2023-06-09,9188
3003,健和興,20,1,19,群益金鼎-三民,2023-06-09,9188
6174,安��,20,2,18,群益金鼎-三民,2023-06-09,9188
3706,神達,26,8,18,群益金鼎-三民,2023-06-09,9188
00642U,期元大S＆P石油,16,0,16,群益金鼎-三民,2023-06-09,9188
1110,東泥,16,0,16,群益金鼎-三民,2023-06-09,9188
3024,憶聲,15,0,15,群益金鼎-三民,2023-06-09,9188
3025,星通,43,28,15,群益金鼎-三民,2023-06-09,9188
1612,宏泰,22,7,15,群益金鼎-三民,2023-06-09,9188
4123,晟德,25,11,14,群益金鼎-三民,2023-06-09,9188
8034,榮群,15,1,14,群益金鼎-三民,2023-06-09,9188
8210,勤誠,27,14,13,群益金鼎-三民,2023-06-09,9188
2329,華泰,16,3,13,群益金鼎-三民,2023-06-09,9188
00927,群益半導體收益,20,8,12,群益金鼎-三民,2023-06-09,9188
2353,宏��,38,27,11,群益金鼎-三民,2023-06-09,9188
6509,聚和,12,1,11,群益金鼎-三民,2023-06-09,9188
8215,明基材,17,6,11,群益金鼎-三民,2023-06-09,9188
2885,元大金,13,2,11,群益金鼎-三民,2023-06-09,9188
4770,上品,11,0,11,群益金鼎-三民,2023-06-09,9188
00687B,國泰20年美債,10,0,10,群益金鼎-三民,2023-06-09,9188
00688L,國泰20年美債正2,10,0,10,群益金鼎-三民,2023-06-09,9188
2010,春源,10,0,10,群益金鼎-三民,2023-06-09,9188
5328,華容,10,0,10,群益金鼎-三民,2023-06-09,9188
2331,精英,11,1,10,群益金鼎-三民,2023-06-09,9188
4129,聯合,10,0,10,群益金鼎-三民,2023-06-09,9188
2618,長榮航,35,25,10,群益金鼎-三民,2023-06-09,9188
00679B,元大美債20年,9,0,9,群益金鼎-三民,2023-06-09,9188
00632R,元大台灣50反1,1309,4,1305,群益金鼎-三民,2023-06-12,9188
912000,晨訊科-DR,200,10,190,群益金鼎-三民,2023-06-12,9188
00882,中信中國高股息,108,10,98,群益金鼎-三民,2023-06-12,9188
2887,台新金,108,11,97,群益金鼎-三民,2023-06-12,9188
00919,群益台灣精選高息,107,21,86,群益金鼎-三民,2023-06-12,9188
2838,聯邦銀,86,5,81,群益金鼎-三民,2023-06-12,9188
4906,正文,50,1,49,群益金鼎-三民,2023-06-12,9188
2428,興勤,41,0,41,群益金鼎-三民,2023-06-12,9188
8289,泰藝,38,0,38,群益金鼎-三民,2023-06-12,9188
9103,美德醫療-DR,37,0,37,群益金鼎-三民,2023-06-12,9188
00715L,期街口布蘭特正2,39,3,36,群益金鼎-三民,2023-06-12,9188
2834,臺企銀,40,5,35,群益金鼎-三民,2023-06-12,9188
2421,建準,38,4,34,群益金鼎-三民,2023-06-12,9188
3481,群創,37,4,33,群益金鼎-三民,2023-06-12,9188
2392,正崴,30,0,30,群益金鼎-三民,2023-06-12,9188
8215,明基材,35,7,28,群益金鼎-三民,2023-06-12,9188
00929,復華台灣科技優息,76,49,27,群益金鼎-三民,2023-06-12,9188
2885,元大金,43,17,26,群益金鼎-三民,2023-06-12,9188
6122,擎邦,30,4,26,群益金鼎-三民,2023-06-12,9188
3576,聯合再生,36,11,25,群益金鼎-三民,2023-06-12,9188
3128,昇銳,25,0,25,群益金鼎-三民,2023-06-12,9188
2537,聯上發,24,0,24,群益金鼎-三民,2023-06-12,9188
00642U,期元大S＆P石油,23,0,23,群益金鼎-三民,2023-06-12,9188
3231,緯創,32,10,22,群益金鼎-三民,2023-06-12,9188
00664R,國泰臺灣加權反1,21,0,21,群益金鼎-三民,2023-06-12,9188
2382,廣達,66,46,20,群益金鼎-三民,2023-06-12,9188
1310,台苯,20,0,20,群益金鼎-三民,2023-06-12,9188
2637,慧洋-KY,20,0,20,群益金鼎-三民,2023-06-12,9188
2888,新光金,115,95,20,群益金鼎-三民,2023-06-12,9188
2618,長榮航,46,27,19,群益金鼎-三民,2023-06-12,9188
00662,富邦NASDAQ,19,0,19,群益金鼎-三民,2023-06-12,9188
8358,金居,22,3,19,群益金鼎-三民,2023-06-12,9188
6160,欣技,18,0,18,群益金鼎-三民,2023-06-12,9188
3046,建��,22,4,18,群益金鼎-三民,2023-06-12,9188
4977,眾達-KY,20,3,17,群益金鼎-三民,2023-06-12,9188
8163,達方,17,0,17,群益金鼎-三民,2023-06-12,9188
3374,精材,29,13,16,群益金鼎-三民,2023-06-12,9188
2495,普安,31,15,16,群益金鼎-三民,2023-06-12,9188
00713,元大台灣高息低波,15,0,15,群益金鼎-三民,2023-06-12,9188
6649,台生材,15,0,15,群益金鼎-三民,2023-06-12,9188
1710,東聯,21,6,15,群益金鼎-三民,2023-06-12,9188
2883,凱基金,14,0,14,群益金鼎-三民,2023-06-12,9188
2206,三陽工業,17,3,14,群益金鼎-三民,2023-06-12,9188
2801,彰銀,15,1,14,群益金鼎-三民,2023-06-12,9188
2356,英業達,22,8,14,群益金鼎-三民,2023-06-12,9188
6166,凌華,15,1,14,群益金鼎-三民,2023-06-12,9188
3013,晟銘電,37,24,13,群益金鼎-三民,2023-06-12,9188
6125,廣運,21,9,12,群益金鼎-三民,2023-06-12,9188
1711,永光,22,10,12,群益金鼎-三民,2023-06-12,9188
6005,群益證,13,1,12,群益金鼎-三民,2023-06-12,9188
00919,群益台灣精選高息,148,43,105,群益金鼎-三民,2023-06-13,9188
00715L,期街口布蘭特正2,94,2,92,群益金鼎-三民,2023-06-13,9188
5706,鳳凰,63,4,59,群益金鼎-三民,2023-06-13,9188
1710,東聯,65,10,55,群益金鼎-三民,2023-06-13,9188
9103,美德醫療-DR,55,0,55,群益金鼎-三民,2023-06-13,9188
2885,元大金,53,6,47,群益金鼎-三民,2023-06-13,9188
00929,復華台灣科技優息,44,7,37,群益金鼎-三民,2023-06-13,9188
00753L,中信中國50正2,37,2,35,群益金鼎-三民,2023-06-13,9188
00642U,期元大S＆P石油,34,0,34,群益金鼎-三民,2023-06-13,9188
00665L,富邦�琤肭磪囓�2,33,0,33,群益金鼎-三民,2023-06-13,9188
6533,晶心科,38,6,32,群益金鼎-三民,2023-06-13,9188
3481,群創,34,4,30,群益金鼎-三民,2023-06-13,9188
3576,聯合再生,65,36,29,群益金鼎-三民,2023-06-13,9188
3178,公準,46,24,22,群益金鼎-三民,2023-06-13,9188
6112,邁達特,26,4,22,群益金鼎-三民,2023-06-13,9188
2352,佳世達,35,13,22,群益金鼎-三民,2023-06-13,9188
1584,精剛,21,0,21,群益金鼎-三民,2023-06-13,9188
5871,中租-KY,21,0,21,群益金鼎-三民,2023-06-13,9188
2838,聯邦銀,43,24,19,群益金鼎-三民,2023-06-13,9188
2453,凌群,22,4,18,群益金鼎-三民,2023-06-13,9188
00662,富邦NASDAQ,18,0,18,群益金鼎-三民,2023-06-13,9188
2888,新光金,99,83,16,群益金鼎-三民,2023-06-13,9188
00650L,復華香港正2,15,0,15,群益金鼎-三民,2023-06-13,9188
8105,凌巨,20,5,15,群益金鼎-三民,2023-06-13,9188
2883,凱基金,19,5,14,群益金鼎-三民,2023-06-13,9188
3652,精聯,16,3,13,群益金鼎-三民,2023-06-13,9188
9930,中聯資源,12,0,12,群益金鼎-三民,2023-06-13,9188
3010,華立,12,0,12,群益金鼎-三民,2023-06-13,9188
2889,國票金,12,0,12,群益金鼎-三民,2023-06-13,9188
2002,中鋼,12,1,11,群益金鼎-三民,2023-06-13,9188
2376,技嘉,29,18,11,群益金鼎-三民,2023-06-13,9188
1905,華紙,29,18,11,群益金鼎-三民,2023-06-13,9188
6148,驊宏資,23,12,11,群益金鼎-三民,2023-06-13,9188
6122,擎邦,16,5,11,群益金鼎-三民,2023-06-13,9188
5386,青雲,11,0,11,群益金鼎-三民,2023-06-13,9188
3498,陽程,19,8,11,群益金鼎-三民,2023-06-13,9188
1609,大亞,25,15,10,群益金鼎-三民,2023-06-13,9188
2382,廣達,34,24,10,群益金鼎-三民,2023-06-13,9188
6196,帆宣,19,9,10,群益金鼎-三民,2023-06-13,9188
6245,立端,11,1,10,群益金鼎-三民,2023-06-13,9188
5474,聰泰,13,3,10,群益金鼎-三民,2023-06-13,9188
3607,谷崧,10,0,10,群益金鼎-三民,2023-06-13,9188
2340,台亞,11,1,10,群益金鼎-三民,2023-06-13,9188
5533,皇鼎,10,0,10,群益金鼎-三民,2023-06-13,9188
8088,品安,11,1,10,群益金鼎-三民,2023-06-13,9188
2031,新光鋼,9,0,9,群益金鼎-三民,2023-06-13,9188
00772B,中信高評級公司債,10,1,9,群益金鼎-三民,2023-06-13,9188
3325,旭品,9,0,9,群益金鼎-三民,2023-06-13,9188
6125,廣運,26,17,9,群益金鼎-三民,2023-06-13,9188
00882,中信中國高股息,15,6,9,群益金鼎-三民,2023-06-13,9188
00632R,元大台灣50反1,1529,700,829,群益金鼎-三民,2023-06-14,9188
00919,群益台灣精選高息,105,3,102,群益金鼎-三民,2023-06-14,9188
3481,群創,112,22,90,群益金鼎-三民,2023-06-14,9188
2356,英業達,102,28,74,群益金鼎-三民,2023-06-14,9188
8034,榮群,81,19,62,群益金鼎-三民,2023-06-14,9188
00929,復華台灣科技優息,77,15,62,群益金鼎-三民,2023-06-14,9188
6176,瑞儀,60,2,58,群益金鼎-三民,2023-06-14,9188
00885,富邦越南,55,0,55,群益金鼎-三民,2023-06-14,9188
6116,彩晶,52,1,51,群益金鼎-三民,2023-06-14,9188
2353,宏��,66,17,49,群益金鼎-三民,2023-06-14,9188
2838,聯邦銀,51,2,49,群益金鼎-三民,2023-06-14,9188
2409,友達,37,0,37,群益金鼎-三民,2023-06-14,9188
3498,陽程,39,5,34,群益金鼎-三民,2023-06-14,9188
1522,堤維西,73,40,33,群益金鼎-三民,2023-06-14,9188
8069,元太,41,9,32,群益金鼎-三民,2023-06-14,9188
3576,聯合再生,30,0,30,群益金鼎-三民,2023-06-14,9188
4906,正文,32,5,27,群益金鼎-三民,2023-06-14,9188
2537,聯上發,27,0,27,群益金鼎-三民,2023-06-14,9188
2888,新光金,84,58,26,群益金鼎-三民,2023-06-14,9188
3055,蔚華科,62,36,26,群益金鼎-三民,2023-06-14,9188
8105,凌巨,25,0,25,群益金鼎-三民,2023-06-14,9188
2468,華經,28,5,23,群益金鼎-三民,2023-06-14,9188
5469,瀚宇博,23,1,22,群益金鼎-三民,2023-06-14,9188
2449,京元電子,34,14,20,群益金鼎-三民,2023-06-14,9188
3037,欣興,22,3,19,群益金鼎-三民,2023-06-14,9188
00752,中信中國50,19,0,19,群益金鼎-三民,2023-06-14,9188
2453,凌群,38,19,19,群益金鼎-三民,2023-06-14,9188
3308,聯德,29,11,18,群益金鼎-三民,2023-06-14,9188
00687B,國泰20年美債,17,0,17,群益金鼎-三民,2023-06-14,9188
3583,辛耘,29,13,16,群益金鼎-三民,2023-06-14,9188
00665L,富邦�琤肭磪囓�2,16,0,16,群益金鼎-三民,2023-06-14,9188
2301,光寶科,20,5,15,群益金鼎-三民,2023-06-14,9188
00878,國泰永續高股息,29,13,16,群益金鼎-三民,2023-06-14,9188
00795B,中信美國公債20年,15,0,15,群益金鼎-三民,2023-06-14,9188
2337,旺宏,22,7,15,群益金鼎-三民,2023-06-14,9188
00679B,元大美債20年,14,0,14,群益金鼎-三民,2023-06-14,9188
00662,富邦NASDAQ,14,0,14,群益金鼎-三民,2023-06-14,9188
2425,承啟,19,6,13,群益金鼎-三民,2023-06-14,9188
3652,精聯,15,2,13,群益金鼎-三民,2023-06-14,9188
3128,昇銳,15,2,13,群益金鼎-三民,2023-06-14,9188
00712,復華富時不動產,18,6,12,群益金鼎-三民,2023-06-14,9188
6109,亞元,12,0,12,群益金鼎-三民,2023-06-14,9188
6142,友勁,12,0,12,群益金鼎-三民,2023-06-14,9188
2634,漢翔,16,5,11,群益金鼎-三民,2023-06-14,9188
00650L,復華香港正2,11,0,11,群益金鼎-三民,2023-06-14,9188
00688L,國泰20年美債正2,11,0,11,群益金鼎-三民,2023-06-14,9188
8215,明基材,12,1,11,群益金鼎-三民,2023-06-14,9188
2439,美律,10,0,10,群益金鼎-三民,2023-06-14,9188
4111,濟生,10,0,10,群益金鼎-三民,2023-06-14,9188
9907,統一實,10,0,10,群益金鼎-三民,2023-06-14,9188
2891,中信金,301,0,301,群益金鼎-三民,2023-06-15,9188
00900,富邦特選高股息30,170,0,170,群益金鼎-三民,2023-06-15,9188
5426,振發,137,0,137,群益金鼎-三民,2023-06-15,9188
00712,復華富時不動產,140,18,122,群益金鼎-三民,2023-06-15,9188
2356,英業達,168,61,107,群益金鼎-三民,2023-06-15,9188
00919,群益台灣精選高息,89,2,87,群益金鼎-三民,2023-06-15,9188
2453,凌群,110,28,82,群益金鼎-三民,2023-06-15,9188
00929,復華台灣科技優息,58,0,58,群益金鼎-三民,2023-06-15,9188
4533,協易機,51,3,48,群益金鼎-三民,2023-06-15,9188
2401,凌陽,72,26,46,群益金鼎-三民,2023-06-15,9188
2838,聯邦銀,39,0,39,群益金鼎-三民,2023-06-15,9188
1609,大亞,65,29,36,群益金鼎-三民,2023-06-15,9188
2382,廣達,53,19,34,群益金鼎-三民,2023-06-15,9188
2888,新光金,72,41,31,群益金鼎-三民,2023-06-15,9188
6116,彩晶,25,0,25,群益金鼎-三民,2023-06-15,9188
3576,聯合再生,25,1,24,群益金鼎-三民,2023-06-15,9188
2371,大同,29,8,21,群益金鼎-三民,2023-06-15,9188
8215,明基材,31,10,21,群益金鼎-三民,2023-06-15,9188
00687B,國泰20年美債,20,0,20,群益金鼎-三民,2023-06-15,9188
2615,萬海,34,14,20,群益金鼎-三民,2023-06-15,9188
00683L,期元大美元指正2,20,0,20,群益金鼎-三民,2023-06-15,9188
6770,力積電,22,3,19,群益金鼎-三民,2023-06-15,9188
1905,華紙,26,7,19,群益金鼎-三民,2023-06-15,9188
9919,康那香,19,0,19,群益金鼎-三民,2023-06-15,9188
3231,緯創,75,57,18,群益金鼎-三民,2023-06-15,9188
2892,第一金,18,0,18,群益金鼎-三民,2023-06-15,9188
00642U,期元大S＆P石油,17,0,17,群益金鼎-三民,2023-06-15,9188
3055,蔚華科,50,34,16,群益金鼎-三民,2023-06-15,9188
8050,廣積,19,3,16,群益金鼎-三民,2023-06-15,9188
2603,長榮,26,10,16,群益金鼎-三民,2023-06-15,9188
1471,首利,15,0,15,群益金鼎-三民,2023-06-15,9188
5533,皇鼎,15,0,15,群益金鼎-三民,2023-06-15,9188
1304,台聚,15,0,15,群益金鼎-三民,2023-06-15,9188
5443,均豪,19,4,15,群益金鼎-三民,2023-06-15,9188
2515,中工,13,0,13,群益金鼎-三民,2023-06-15,9188
00662,富邦NASDAQ,13,0,13,群益金鼎-三民,2023-06-15,9188
00795B,中信美國公債20年,13,0,13,群益金鼎-三民,2023-06-15,9188
2337,旺宏,13,0,13,群益金鼎-三民,2023-06-15,9188
2449,京元電子,19,7,12,群益金鼎-三民,2023-06-15,9188
2883,凱基金,32,20,12,群益金鼎-三民,2023-06-15,9188
1708,東鹼,11,0,11,群益金鼎-三民,2023-06-15,9188
00772B,中信高評級公司債,11,0,11,群益金鼎-三民,2023-06-15,9188
4123,晟德,11,0,11,群益金鼎-三民,2023-06-15,9188
8064,東捷,11,0,11,群益金鼎-三民,2023-06-15,9188
2023,燁輝,11,0,11,群益金鼎-三民,2023-06-15,9188
2887,台新金,11,0,11,群益金鼎-三民,2023-06-15,9188
1513,中興電,34,24,10,群益金鼎-三民,2023-06-15,9188
3022,威強電,15,5,10,群益金鼎-三民,2023-06-15,9188
2329,華泰,16,6,10,群益金鼎-三民,2023-06-15,9188
3265,台星科,11,1,10,群益金鼎-三民,2023-06-15,9188
1605,華新,378,83,295,群益金鼎-三民,2023-06-16,9188
2886,兆豐金,195,15,180,群益金鼎-三民,2023-06-16,9188
3481,群創,167,58,109,群益金鼎-三民,2023-06-16,9188
2301,光寶科,93,7,86,群益金鼎-三民,2023-06-16,9188
00919,群益台灣精選高息,222,147,75,群益金鼎-三民,2023-06-16,9188
2302,麗正,70,0,70,群益金鼎-三民,2023-06-16,9188
2618,長榮航,100,46,54,群益金鼎-三民,2023-06-16,9188
1304,台聚,52,0,52,群益金鼎-三民,2023-06-16,9188
00665L,富邦�琤肭磪囓�2,40,0,40,群益金鼎-三民,2023-06-16,9188
5880,合庫金,35,0,35,群益金鼎-三民,2023-06-16,9188
2371,大同,92,57,35,群益金鼎-三民,2023-06-16,9188
6443,元晶,59,24,35,群益金鼎-三民,2023-06-16,9188
6116,彩晶,104,72,32,群益金鼎-三民,2023-06-16,9188
2323,中環,60,29,31,群益金鼎-三民,2023-06-16,9188
00662,富邦NASDAQ,31,0,31,群益金鼎-三民,2023-06-16,9188
00713,元大台灣高息低波,37,6,31,群益金鼎-三民,2023-06-16,9188
2014,中鴻,40,10,30,群益金鼎-三民,2023-06-16,9188
9945,潤泰新,28,1,27,群益金鼎-三民,2023-06-16,9188
2303,聯電,46,20,26,群益金鼎-三民,2023-06-16,9188
2883,凱基金,33,7,26,群益金鼎-三民,2023-06-16,9188
1308,亞聚,30,4,26,群益金鼎-三民,2023-06-16,9188
00751B,元大AAA至A公司債,25,0,25,群益金鼎-三民,2023-06-16,9188
3224,三顧,28,3,25,群益金鼎-三民,2023-06-16,9188
2449,京元電子,28,3,25,群益金鼎-三民,2023-06-16,9188
1609,大亞,76,53,23,群益金鼎-三民,2023-06-16,9188
2504,國產,22,0,22,群益金鼎-三民,2023-06-16,9188
2495,普安,22,0,22,群益金鼎-三民,2023-06-16,9188
5907,大洋-KY,20,0,20,群益金鼎-三民,2023-06-16,9188
4916,事欣科,20,0,20,群益金鼎-三民,2023-06-16,9188
00900,富邦特選高股息30,20,1,19,群益金鼎-三民,2023-06-16,9188
8234,新漢,22,3,19,群益金鼎-三民,2023-06-16,9188
8210,勤誠,18,0,18,群益金鼎-三民,2023-06-16,9188
2247,汎德永業,18,0,18,群益金鼎-三民,2023-06-16,9188
3022,威強電,18,3,15,群益金鼎-三民,2023-06-16,9188
2538,基泰,15,0,15,群益金鼎-三民,2023-06-16,9188
2201,裕隆,16,1,15,群益金鼎-三民,2023-06-16,9188
1815,富喬,14,0,14,群益金鼎-三民,2023-06-16,9188
6290,良維,14,0,14,群益金鼎-三民,2023-06-16,9188
3209,全科,14,1,13,群益金鼎-三民,2023-06-16,9188
6770,力積電,16,3,13,群益金鼎-三民,2023-06-16,9188
00923,群益台ESG低碳50,16,3,13,群益金鼎-三民,2023-06-16,9188
3078,僑威,37,24,13,群益金鼎-三民,2023-06-16,9188
8905,裕國,12,0,12,群益金鼎-三民,2023-06-16,9188
00893,國泰智能電動車,22,11,11,群益金鼎-三民,2023-06-16,9188
8050,廣積,16,5,11,群益金鼎-三民,2023-06-16,9188
1720,生達,11,0,11,群益金鼎-三民,2023-06-16,9188
6841,長佳智能,11,0,11,群益金鼎-三民,2023-06-16,9188
3252,海灣,11,0,11,群益金鼎-三民,2023-06-16,9188
2388,威盛,13,3,10,群益金鼎-三民,2023-06-16,9188
00673R,期元大S＆P原油反1,10,0,10,群益金鼎-三民,2023-06-16,9188
1522,堤維西,75,6,69,群益金鼎-三民,2023-06-19,9188
6116,彩晶,99,38,61,群益金鼎-三民,2023-06-19,9188
2838,聯邦銀,54,0,54,群益金鼎-三民,2023-06-19,9188
2104,國際中橡,73,21,52,群益金鼎-三民,2023-06-19,9188
2324,仁寶,68,17,51,群益金鼎-三民,2023-06-19,9188
2630,亞航,56,9,47,群益金鼎-三民,2023-06-19,9188
1609,大亞,51,4,47,群益金鼎-三民,2023-06-19,9188
00637L,元大滬深300正2,73,31,42,群益金鼎-三民,2023-06-19,9188
00712,復華富時不動產,99,60,39,群益金鼎-三民,2023-06-19,9188
1528,恩德,39,0,39,群益金鼎-三民,2023-06-19,9188
00679B,元大美債20年,34,0,34,群益金鼎-三民,2023-06-19,9188
3706,神達,49,16,33,群益金鼎-三民,2023-06-19,9188
2344,華邦電,36,4,32,群益金鼎-三民,2023-06-19,9188
3231,緯創,51,19,32,群益金鼎-三民,2023-06-19,9188
00683L,期元大美元指正2,30,0,30,群益金鼎-三民,2023-06-19,9188
8033,雷虎,33,3,30,群益金鼎-三民,2023-06-19,9188
1513,中興電,165,136,29,群益金鼎-三民,2023-06-19,9188
2007,燁興,29,2,27,群益金鼎-三民,2023-06-19,9188
6120,達運,44,18,26,群益金鼎-三民,2023-06-19,9188
6122,擎邦,31,5,26,群益金鼎-三民,2023-06-19,9188
2353,宏��,28,4,24,群益金鼎-三民,2023-06-19,9188
3264,欣銓,27,4,23,群益金鼎-三民,2023-06-19,9188
1905,華紙,23,2,21,群益金鼎-三民,2023-06-19,9188
2401,凌陽,25,4,21,群益金鼎-三民,2023-06-19,9188
00662,富邦NASDAQ,21,0,21,群益金鼎-三民,2023-06-19,9188
00665L,富邦�琤肭磪囓�2,21,0,21,群益金鼎-三民,2023-06-19,9188
2014,中鴻,20,1,19,群益金鼎-三民,2023-06-19,9188
6112,邁達特,57,38,19,群益金鼎-三民,2023-06-19,9188
1608,華榮,19,0,19,群益金鼎-三民,2023-06-19,9188
00919,群益台灣精選高息,26,7,19,群益金鼎-三民,2023-06-19,9188
2834,臺企銀,20,3,17,群益金鼎-三民,2023-06-19,9188
5880,合庫金,18,1,17,群益金鼎-三民,2023-06-19,9188
1514,亞力,19,3,16,群益金鼎-三民,2023-06-19,9188
1529,樂事綠能,16,0,16,群益金鼎-三民,2023-06-19,9188
2886,兆豐金,23,7,16,群益金鼎-三民,2023-06-19,9188
2303,聯電,15,0,15,群益金鼎-三民,2023-06-19,9188
3325,旭品,16,1,15,群益金鼎-三民,2023-06-19,9188
4538,大詠城,19,4,15,群益金鼎-三民,2023-06-19,9188
2498,宏達電,17,3,14,群益金鼎-三民,2023-06-19,9188
00753L,中信中國50正2,18,4,14,群益金鼎-三民,2023-06-19,9188
1806,冠軍,14,0,14,群益金鼎-三民,2023-06-19,9188
00929,復華台灣科技優息,18,5,13,群益金鼎-三民,2023-06-19,9188
2421,建準,13,0,13,群益金鼎-三民,2023-06-19,9188
00650L,復華香港正2,13,0,13,群益金鼎-三民,2023-06-19,9188
6841,長佳智能,13,0,13,群益金鼎-三民,2023-06-19,9188
3011,今皓,18,5,13,群益金鼎-三民,2023-06-19,9188
3049,精金,12,0,12,群益金鼎-三民,2023-06-19,9188
4763,材料-KY,17,5,12,群益金鼎-三民,2023-06-19,9188
6191,精成科,12,0,12,群益金鼎-三民,2023-06-19,9188
3162,精確,11,0,11,群益金鼎-三民,2023-06-19,9188
912000,晨訊科-DR,160,0,160,群益金鼎-三民,2023-06-20,9188
3481,群創,131,40,91,群益金鼎-三民,2023-06-20,9188
2838,聯邦銀,52,0,52,群益金鼎-三民,2023-06-20,9188
2104,國際中橡,107,62,45,群益金鼎-三民,2023-06-20,9188
6188,廣明,44,0,44,群益金鼎-三民,2023-06-20,9188
2634,漢翔,108,65,43,群益金鼎-三民,2023-06-20,9188
00878,國泰永續高股息,60,17,43,群益金鼎-三民,2023-06-20,9188
6112,邁達特,49,7,42,群益金鼎-三民,2023-06-20,9188
2337,旺宏,43,3,40,群益金鼎-三民,2023-06-20,9188
1522,堤維西,65,30,35,群益金鼎-三民,2023-06-20,9188
00637L,元大滬深300正2,31,1,30,群益金鼎-三民,2023-06-20,9188
1529,樂事綠能,30,2,28,群益金鼎-三民,2023-06-20,9188
2610,華航,87,60,27,群益金鼎-三民,2023-06-20,9188
00632R,元大台灣50反1,33,6,27,群益金鼎-三民,2023-06-20,9188
2453,凌群,30,3,27,群益金鼎-三民,2023-06-20,9188
2409,友達,36,11,25,群益金鼎-三民,2023-06-20,9188
2331,精英,25,1,24,群益金鼎-三民,2023-06-20,9188
2454,聯發科,26,4,22,群益金鼎-三民,2023-06-20,9188
2618,長榮航,57,35,22,群益金鼎-三民,2023-06-20,9188
00921,兆豐龍頭等權重,21,0,21,群益金鼎-三民,2023-06-20,9188
00687B,國泰20年美債,20,0,20,群益金鼎-三民,2023-06-20,9188
1802,台玻,21,1,20,群益金鼎-三民,2023-06-20,9188
1605,華新,25,5,20,群益金鼎-三民,2023-06-20,9188
6531,愛普*,22,2,20,群益金鼎-三民,2023-06-20,9188
3596,智易,20,0,20,群益金鼎-三民,2023-06-20,9188
2885,元大金,51,32,19,群益金鼎-三民,2023-06-20,9188
1218,泰山,20,1,19,群益金鼎-三民,2023-06-20,9188
3033,威健,19,0,19,群益金鼎-三民,2023-06-20,9188
3014,聯陽,23,4,19,群益金鼎-三民,2023-06-20,9188
00712,復華富時不動產,18,0,18,群益金鼎-三民,2023-06-20,9188
1609,大亞,46,28,18,群益金鼎-三民,2023-06-20,9188
5347,世界,17,0,17,群益金鼎-三民,2023-06-20,9188
3078,僑威,29,13,16,群益金鼎-三民,2023-06-20,9188
1101,台泥,17,1,16,群益金鼎-三民,2023-06-20,9188
1810,和成,19,3,16,群益金鼎-三民,2023-06-20,9188
8926,台汽電,21,5,16,群益金鼎-三民,2023-06-20,9188
2498,宏達電,18,3,15,群益金鼎-三民,2023-06-20,9188
6841,長佳智能,15,0,15,群益金鼎-三民,2023-06-20,9188
2889,國票金,15,0,15,群益金鼎-三民,2023-06-20,9188
1471,首利,15,0,15,群益金鼎-三民,2023-06-20,9188
4967,十銓,21,8,13,群益金鼎-三民,2023-06-20,9188
2427,三商電,44,31,13,群益金鼎-三民,2023-06-20,9188
2376,技嘉,14,1,13,群益金鼎-三民,2023-06-20,9188
2014,中鴻,13,0,13,群益金鼎-三民,2023-06-20,9188
1612,宏泰,30,17,13,群益金鼎-三民,2023-06-20,9188
3231,緯創,104,92,12,群益金鼎-三民,2023-06-20,9188
2547,日勝生,12,0,12,群益金鼎-三民,2023-06-20,9188
1752,南光,11,0,11,群益金鼎-三民,2023-06-20,9188
1308,亞聚,11,0,11,群益金鼎-三民,2023-06-20,9188
1608,華榮,10,0,10,群益金鼎-三民,2023-06-20,9188
00924,復華S＆P500成長,76,0,76,群益金鼎-三民,2023-06-21,9188
00919,群益台灣精選高息,76,2,74,群益金鼎-三民,2023-06-21,9188
2301,光寶科,78,5,73,群益金鼎-三民,2023-06-21,9188
1701,中化,66,0,66,群益金鼎-三民,2023-06-21,9188
2609,陽明,65,12,53,群益金鼎-三民,2023-06-21,9188
2897,王道銀行,50,0,50,群益金鼎-三民,2023-06-21,9188
2312,金寶,70,22,48,群益金鼎-三民,2023-06-21,9188
8024,佑華,45,0,45,群益金鼎-三民,2023-06-21,9188
00882,中信中國高股息,44,0,44,群益金鼎-三民,2023-06-21,9188
1513,中興電,100,56,44,群益金鼎-三民,2023-06-21,9188
2428,興勤,43,3,40,群益金鼎-三民,2023-06-21,9188
2427,三商電,52,14,38,群益金鼎-三民,2023-06-21,9188
2453,凌群,41,6,35,群益金鼎-三民,2023-06-21,9188
00665L,富邦�琤肭磪囓�2,35,0,35,群益金鼎-三民,2023-06-21,9188
2405,輔信,41,8,33,群益金鼎-三民,2023-06-21,9188
1605,華新,36,6,30,群益金鼎-三民,2023-06-21,9188
2634,漢翔,75,46,29,群益金鼎-三民,2023-06-21,9188
2349,錸德,30,1,29,群益金鼎-三民,2023-06-21,9188
3013,晟銘電,68,40,28,群益金鼎-三民,2023-06-21,9188
6282,康舒,42,16,26,群益金鼎-三民,2023-06-21,9188
00662,富邦NASDAQ,23,0,23,群益金鼎-三民,2023-06-21,9188
2489,瑞軒,25,3,22,群益金鼎-三民,2023-06-21,9188
1802,台玻,22,1,21,群益金鼎-三民,2023-06-21,9188
9103,美德醫療-DR,20,0,20,群益金鼎-三民,2023-06-21,9188
00753L,中信中國50正2,24,7,17,群益金鼎-三民,2023-06-21,9188
8289,泰藝,18,1,17,群益金鼎-三民,2023-06-21,9188
1711,永光,17,1,16,群益金鼎-三民,2023-06-21,9188
6167,久正,16,0,16,群益金鼎-三民,2023-06-21,9188
2327,國巨,16,1,15,群益金鼎-三民,2023-06-21,9188
3089,億杰,14,0,14,群益金鼎-三民,2023-06-21,9188
3576,聯合再生,14,0,14,群益金鼎-三民,2023-06-21,9188
1612,宏泰,20,7,13,群益金鼎-三民,2023-06-21,9188
8044,網家,12,0,12,群益金鼎-三民,2023-06-21,9188
00929,復華台灣科技優息,12,0,12,群益金鼎-三民,2023-06-21,9188
2889,國票金,11,0,11,群益金鼎-三民,2023-06-21,9188
00650L,復華香港正2,11,0,11,群益金鼎-三民,2023-06-21,9188
2356,英業達,32,22,10,群益金鼎-三民,2023-06-21,9188
8478,東哥遊艇,13,3,10,群益金鼎-三民,2023-06-21,9188
8050,廣積,10,0,10,群益金鼎-三民,2023-06-21,9188
8420,明揚,10,0,10,群益金鼎-三民,2023-06-21,9188
4938,和碩,21,11,10,群益金鼎-三民,2023-06-21,9188
2618,長榮航,43,33,10,群益金鼎-三民,2023-06-21,9188
00713,元大台灣高息低波,10,0,10,群益金鼎-三民,2023-06-21,9188
00927,群益半導體收益,9,0,9,群益金鼎-三民,2023-06-21,9188
2352,佳世達,16,7,9,群益金鼎-三民,2023-06-21,9188
2888,新光金,9,0,9,群益金鼎-三民,2023-06-21,9188
2705,六福,18,9,9,群益金鼎-三民,2023-06-21,9188
6275,元山,11,2,9,群益金鼎-三民,2023-06-21,9188
1504,東元,15,6,9,群益金鼎-三民,2023-06-21,9188
6111,大宇資,19,10,9,群益金鼎-三民,2023-06-21,9188
2838,聯邦銀,124,0,124,群益金鼎-三民,2023-06-26,9188
00637L,元大滬深300正2,121,2,119,群益金鼎-三民,2023-06-26,9188
2402,毅嘉,119,2,117,群益金鼎-三民,2023-06-26,9188
6116,彩晶,111,0,111,群益金鼎-三民,2023-06-26,9188
00632R,元大台灣50反1,110,5,105,群益金鼎-三民,2023-06-26,9188
1802,台玻,116,16,100,群益金鼎-三民,2023-06-26,9188
1701,中化,84,0,84,群益金鼎-三民,2023-06-26,9188
2605,新興,90,30,60,群益金鼎-三民,2023-06-26,9188
2409,友達,67,10,57,群益金鼎-三民,2023-06-26,9188
3481,群創,80,24,56,群益金鼎-三民,2023-06-26,9188
00720B,元大投資級公司債,55,1,54,群益金鼎-三民,2023-06-26,9188
1533,車王電,58,6,52,群益金鼎-三民,2023-06-26,9188
1504,東元,51,0,51,群益金鼎-三民,2023-06-26,9188
4526,東台,41,0,41,群益金鼎-三民,2023-06-26,9188
2303,聯電,57,17,40,群益金鼎-三民,2023-06-26,9188
2208,台船,40,0,40,群益金鼎-三民,2023-06-26,9188
00715L,期街口布蘭特正2,39,0,39,群益金鼎-三民,2023-06-26,9188
00665L,富邦�琤肭磪囓�2,38,0,38,群益金鼎-三民,2023-06-26,9188
2405,輔信,43,6,37,群益金鼎-三民,2023-06-26,9188
2489,瑞軒,36,0,36,群益金鼎-三民,2023-06-26,9188
1904,正隆,39,3,36,群益金鼎-三民,2023-06-26,9188
2888,新光金,36,1,35,群益金鼎-三民,2023-06-26,9188
2610,華航,56,23,33,群益金鼎-三民,2023-06-26,9188
00753L,中信中國50正2,35,2,33,群益金鼎-三民,2023-06-26,9188
3231,緯創,100,68,32,群益金鼎-三民,2023-06-26,9188
3017,奇鋐,28,2,26,群益金鼎-三民,2023-06-26,9188
2344,華邦電,38,13,25,群益金鼎-三民,2023-06-26,9188
6125,廣運,57,33,24,群益金鼎-三民,2023-06-26,9188
3032,偉訓,54,31,23,群益金鼎-三民,2023-06-26,9188
00882,中信中國高股息,26,3,23,群益金鼎-三民,2023-06-26,9188
2618,長榮航,63,41,22,群益金鼎-三民,2023-06-26,9188
8358,金居,30,9,21,群益金鼎-三民,2023-06-26,9188
2323,中環,126,105,21,群益金鼎-三民,2023-06-26,9188
2367,燿華,20,0,20,群益金鼎-三民,2023-06-26,9188
6160,欣技,20,0,20,群益金鼎-三民,2023-06-26,9188
2356,英業達,50,30,20,群益金鼎-三民,2023-06-26,9188
6203,海韻電,20,1,19,群益金鼎-三民,2023-06-26,9188
6282,康舒,44,26,18,群益金鼎-三民,2023-06-26,9188
8034,榮群,43,25,18,群益金鼎-三民,2023-06-26,9188
8215,明基材,20,2,18,群益金鼎-三民,2023-06-26,9188
6461,益得,18,0,18,群益金鼎-三民,2023-06-26,9188
1217,愛之味,17,0,17,群益金鼎-三民,2023-06-26,9188
912000,晨訊科-DR,17,0,17,群益金鼎-三民,2023-06-26,9188
00650L,復華香港正2,16,0,16,群益金鼎-三民,2023-06-26,9188
8088,品安,17,1,16,群益金鼎-三民,2023-06-26,9188
2014,中鴻,17,1,16,群益金鼎-三民,2023-06-26,9188
8289,泰藝,16,1,15,群益金鼎-三民,2023-06-26,9188
1103,嘉泥,15,0,15,群益金鼎-三民,2023-06-26,9188
1219,福壽,15,1,14,群益金鼎-三民,2023-06-26,9188
4938,和碩,13,0,13,群益金鼎-三民,2023-06-26,9188
912000,晨訊科-DR,170,0,170,群益金鼎-三民,2023-06-27,9188
00892,富邦台灣半導體,102,0,102,群益金鼎-三民,2023-06-27,9188
9105,泰金寶-DR,100,0,100,群益金鼎-三民,2023-06-27,9188
2303,聯電,96,21,75,群益金鼎-三民,2023-06-27,9188
2409,友達,82,16,66,群益金鼎-三民,2023-06-27,9188
2897,王道銀行,50,1,49,群益金鼎-三民,2023-06-27,9188
2344,華邦電,59,10,49,群益金鼎-三民,2023-06-27,9188
3231,緯創,118,77,41,群益金鼎-三民,2023-06-27,9188
1471,首利,53,13,40,群益金鼎-三民,2023-06-27,9188
00878,國泰永續高股息,78,39,39,群益金鼎-三民,2023-06-27,9188
3035,智原,40,3,37,群益金鼎-三民,2023-06-27,9188
2838,聯邦銀,30,0,30,群益金鼎-三民,2023-06-27,9188
1907,永豐餘,32,6,26,群益金鼎-三民,2023-06-27,9188
2014,中鴻,39,15,24,群益金鼎-三民,2023-06-27,9188
1514,亞力,44,21,23,群益金鼎-三民,2023-06-27,9188
1609,大亞,38,16,22,群益金鼎-三民,2023-06-27,9188
6116,彩晶,29,8,21,群益金鼎-三民,2023-06-27,9188
4106,雃博,37,16,21,群益金鼎-三民,2023-06-27,9188
2706,第一店,21,0,21,群益金鼎-三民,2023-06-27,9188
2451,創見,20,0,20,群益金鼎-三民,2023-06-27,9188
00715L,期街口布蘭特正2,25,5,20,群益金鼎-三民,2023-06-27,9188
00902,中信電池及儲能,20,0,20,群益金鼎-三民,2023-06-27,9188
3033,威健,19,0,19,群益金鼎-三民,2023-06-27,9188
2734,易飛網,19,0,19,群益金鼎-三民,2023-06-27,9188
00919,群益台灣精選高息,18,0,18,群益金鼎-三民,2023-06-27,9188
1701,中化,20,2,18,群益金鼎-三民,2023-06-27,9188
00665L,富邦�琤肭磪囓�2,20,2,18,群益金鼎-三民,2023-06-27,9188
6188,廣明,39,22,17,群益金鼎-三民,2023-06-27,9188
2353,宏��,21,4,17,群益金鼎-三民,2023-06-27,9188
1219,福壽,17,0,17,群益金鼎-三民,2023-06-27,9188
3049,精金,30,13,17,群益金鼎-三民,2023-06-27,9188
1605,華新,44,28,16,群益金鼎-三民,2023-06-27,9188
3711,日月光投控,17,1,16,群益金鼎-三民,2023-06-27,9188
1101,台泥,16,1,15,群益金鼎-三民,2023-06-27,9188
2408,南亞科,17,2,15,群益金鼎-三民,2023-06-27,9188
6191,精成科,15,0,15,群益金鼎-三民,2023-06-27,9188
1513,中興電,223,208,15,群益金鼎-三民,2023-06-27,9188
00929,復華台灣科技優息,13,0,13,群益金鼎-三民,2023-06-27,9188
2423,固緯,13,0,13,群益金鼎-三民,2023-06-27,9188
1103,嘉泥,13,0,13,群益金鼎-三民,2023-06-27,9188
1618,合機,13,1,12,群益金鼎-三民,2023-06-27,9188
6180,橘子,13,1,12,群益金鼎-三民,2023-06-27,9188
2885,元大金,12,0,12,群益金鼎-三民,2023-06-27,9188
00662,富邦NASDAQ,12,0,12,群益金鼎-三民,2023-06-27,9188
1313,聯成,13,1,12,群益金鼎-三民,2023-06-27,9188
3576,聯合再生,12,0,12,群益金鼎-三民,2023-06-27,9188
1301,台塑,12,1,11,群益金鼎-三民,2023-06-27,9188
6109,亞元,11,0,11,群益金鼎-三民,2023-06-27,9188
1905,華紙,27,16,11,群益金鼎-三民,2023-06-27,9188
4979,華星光,18,7,11,群益金鼎-三民,2023-06-27,9188
2892,第一金,264,0,264,群益金鼎-三民,2023-06-28,9188
2867,三商壽,251,0,251,群益金鼎-三民,2023-06-28,9188
2323,中環,96,10,86,群益金鼎-三民,2023-06-28,9188
1752,南光,80,1,79,群益金鼎-三民,2023-06-28,9188
2883,凱基金,63,0,63,群益金鼎-三民,2023-06-28,9188
5880,合庫金,59,0,59,群益金鼎-三民,2023-06-28,9188
00715L,期街口布蘭特正2,66,12,54,群益金鼎-三民,2023-06-28,9188
1605,華新,98,46,52,群益金鼎-三民,2023-06-28,9188
2897,王道銀行,51,0,51,群益金鼎-三民,2023-06-28,9188
1736,喬山,50,0,50,群益金鼎-三民,2023-06-28,9188
2312,金寶,49,0,49,群益金鼎-三民,2023-06-28,9188
4906,正文,43,1,42,群益金鼎-三民,2023-06-28,9188
00712,復華富時不動產,38,0,38,群益金鼎-三民,2023-06-28,9188
2340,台亞,62,25,37,群益金鼎-三民,2023-06-28,9188
00687B,國泰20年美債,31,0,31,群益金鼎-三民,2023-06-28,9188
1444,力麗,42,12,30,群益金鼎-三民,2023-06-28,9188
3231,緯創,313,283,30,群益金鼎-三民,2023-06-28,9188
2356,英業達,41,13,28,群益金鼎-三民,2023-06-28,9188
00642U,期元大S＆P石油,29,5,24,群益金鼎-三民,2023-06-28,9188
2010,春源,23,0,23,群益金鼎-三民,2023-06-28,9188
00919,群益台灣精選高息,35,15,20,群益金鼎-三民,2023-06-28,9188
6196,帆宣,20,0,20,群益金鼎-三民,2023-06-28,9188
6829,千附精密,20,0,20,群益金鼎-三民,2023-06-28,9188
4121,優盛,30,12,18,群益金鼎-三民,2023-06-28,9188
3011,今皓,19,1,18,群益金鼎-三民,2023-06-28,9188
2880,華南金,20,4,16,群益金鼎-三民,2023-06-28,9188
4746,台耀,22,7,15,群益金鼎-三民,2023-06-28,9188
2609,陽明,19,5,14,群益金鼎-三民,2023-06-28,9188
2303,聯電,25,11,14,群益金鼎-三民,2023-06-28,9188
4533,協易機,15,1,14,群益金鼎-三民,2023-06-28,9188
1760,寶齡富錦,14,0,14,群益金鼎-三民,2023-06-28,9188
2610,華航,63,49,14,群益金鼎-三民,2023-06-28,9188
2606,裕民,13,0,13,群益金鼎-三民,2023-06-28,9188
5452,佶優,15,2,13,群益金鼎-三民,2023-06-28,9188
00662,富邦NASDAQ,13,0,13,群益金鼎-三民,2023-06-28,9188
8147,正淩,16,4,12,群益金鼎-三民,2023-06-28,9188
8059,凱碩,12,0,12,群益金鼎-三民,2023-06-28,9188
8478,東哥遊艇,15,4,11,群益金鼎-三民,2023-06-28,9188
1513,中興電,33,22,11,群益金鼎-三民,2023-06-28,9188
3576,聯合再生,11,1,10,群益金鼎-三民,2023-06-28,9188
2888,新光金,12,2,10,群益金鼎-三民,2023-06-28,9188
00665L,富邦�琤肭磪囓�2,10,0,10,群益金鼎-三民,2023-06-28,9188
4956,光鋐,10,0,10,群益金鼎-三民,2023-06-28,9188
8150,南茂,10,0,10,群益金鼎-三民,2023-06-28,9188
4128,中天,11,1,10,群益金鼎-三民,2023-06-28,9188
6179,亞通,11,1,10,群益金鼎-三民,2023-06-28,9188
2913,農林,13,3,10,群益金鼎-三民,2023-06-28,9188
1528,恩德,10,0,10,群益金鼎-三民,2023-06-28,9188
3105,穩懋,10,0,10,群益金鼎-三民,2023-06-28,9188
00892,富邦台灣半導體,10,0,10,群益金鼎-三民,2023-06-28,9188
2885,元大金,230,20,210,群益金鼎-三民,2023-06-29,9188
00632R,元大台灣50反1,205,12,193,群益金鼎-三民,2023-06-29,9188
00637L,元大滬深300正2,95,25,70,群益金鼎-三民,2023-06-29,9188
4130,健亞,55,0,55,群益金鼎-三民,2023-06-29,9188
2880,華南金,50,2,48,群益金鼎-三民,2023-06-29,9188
1605,華新,57,10,47,群益金鼎-三民,2023-06-29,9188
4916,事欣科,48,2,46,群益金鼎-三民,2023-06-29,9188
1905,華紙,67,26,41,群益金鼎-三民,2023-06-29,9188
00662,富邦NASDAQ,37,0,37,群益金鼎-三民,2023-06-29,9188
2340,台亞,40,7,33,群益金鼎-三民,2023-06-29,9188
00922,國泰台灣領袖50,33,0,33,群益金鼎-三民,2023-06-29,9188
2892,第一金,30,0,30,群益金鼎-三民,2023-06-29,9188
1736,喬山,32,2,30,群益金鼎-三民,2023-06-29,9188
00929,復華台灣科技優息,30,0,30,群益金鼎-三民,2023-06-29,9188
00664R,國泰臺灣加權反1,30,0,30,群益金鼎-三民,2023-06-29,9188
2883,凱基金,29,0,29,群益金鼎-三民,2023-06-29,9188
2618,長榮航,39,12,27,群益金鼎-三民,2023-06-29,9188
2419,仲琦,48,21,27,群益金鼎-三民,2023-06-29,9188
8088,品安,33,7,26,群益金鼎-三民,2023-06-29,9188
2073,雄順,23,0,23,群益金鼎-三民,2023-06-29,9188
4906,正文,23,1,22,群益金鼎-三民,2023-06-29,9188
1326,台化,22,0,22,群益金鼎-三民,2023-06-29,9188
2323,中環,37,17,20,群益金鼎-三民,2023-06-29,9188
2303,聯電,30,11,19,群益金鼎-三民,2023-06-29,9188
2886,兆豐金,30,11,19,群益金鼎-三民,2023-06-29,9188
2609,陽明,26,10,16,群益金鼎-三民,2023-06-29,9188
00923,群益台ESG低碳50,18,2,16,群益金鼎-三民,2023-06-29,9188
2421,建準,20,4,16,群益金鼎-三民,2023-06-29,9188
00712,復華富時不動產,19,4,15,群益金鼎-三民,2023-06-29,9188
4967,十銓,17,2,15,群益金鼎-三民,2023-06-29,9188
4938,和碩,13,0,13,群益金鼎-三民,2023-06-29,9188
5426,振發,13,0,13,群益金鼎-三民,2023-06-29,9188
2605,新興,11,0,11,群益金鼎-三民,2023-06-29,9188
2449,京元電子,16,5,11,群益金鼎-三民,2023-06-29,9188
00753L,中信中國50正2,15,4,11,群益金鼎-三民,2023-06-29,9188
9919,康那香,10,0,10,群益金鼎-三民,2023-06-29,9188
3013,晟銘電,12,2,10,群益金鼎-三民,2023-06-29,9188
3673,TPK-KY,11,1,10,群益金鼎-三民,2023-06-29,9188
1504,東元,11,1,10,群益金鼎-三民,2023-06-29,9188
8176,智捷,10,0,10,群益金鼎-三民,2023-06-29,9188
00673R,期元大S＆P原油反1,10,0,10,群益金鼎-三民,2023-06-29,9188
1711,永光,10,0,10,群益金鼎-三民,2023-06-29,9188
1598,岱宇,12,2,10,群益金鼎-三民,2023-06-29,9188
8926,台汽電,10,0,10,群益金鼎-三民,2023-06-29,9188
00882,中信中國高股息,9,0,9,群益金鼎-三民,2023-06-29,9188
3025,星通,23,15,8,群益金鼎-三民,2023-06-29,9188
2887,台新金,9,0,9,群益金鼎-三民,2023-06-29,9188
1303,南亞,8,0,8,群益金鼎-三民,2023-06-29,9188
1460,宏遠,8,0,8,群益金鼎-三民,2023-06-29,9188
8034,榮群,8,0,8,群益金鼎-三民,2023-06-29,9188
2885,元大金,113,0,113,群益金鼎-三民,2023-06-30,9188
00680L,元大美債20正2,97,0,97,群益金鼎-三民,2023-06-30,9188
00687B,國泰20年美債,93,0,93,群益金鼎-三民,2023-06-30,9188
00671R,富邦NASDAQ反1,86,0,86,群益金鼎-三民,2023-06-30,9188
2489,瑞軒,84,0,84,群益金鼎-三民,2023-06-30,9188
2609,陽明,199,129,70,群益金鼎-三民,2023-06-30,9188
2603,長榮,108,43,65,群益金鼎-三民,2023-06-30,9188
2886,兆豐金,45,0,45,群益金鼎-三民,2023-06-30,9188
1605,華新,57,14,43,群益金鼎-三民,2023-06-30,9188
2706,第一店,40,0,40,群益金鼎-三民,2023-06-30,9188
2344,華邦電,40,1,39,群益金鼎-三民,2023-06-30,9188
4121,優盛,50,15,35,群益金鼎-三民,2023-06-30,9188
1440,南紡,30,0,30,群益金鼎-三民,2023-06-30,9188
3259,鑫創,30,0,30,群益金鼎-三民,2023-06-30,9188
00712,復華富時不動產,30,1,29,群益金鼎-三民,2023-06-30,9188
2883,凱基金,49,20,29,群益金鼎-三民,2023-06-30,9188
6741,91APP*-KY,30,3,27,群益金鼎-三民,2023-06-30,9188
2027,大成鋼,27,0,27,群益金鼎-三民,2023-06-30,9188
2405,輔信,25,0,25,群益金鼎-三民,2023-06-30,9188
2408,南亞科,23,0,23,群益金鼎-三民,2023-06-30,9188
3356,奇偶,29,6,23,群益金鼎-三民,2023-06-30,9188
2073,雄順,23,0,23,群益金鼎-三民,2023-06-30,9188
2618,長榮航,45,22,23,群益金鼎-三民,2023-06-30,9188
2801,彰銀,23,0,23,群益金鼎-三民,2023-06-30,9188
1795,美時,36,14,22,群益金鼎-三民,2023-06-30,9188
3078,僑威,35,14,21,群益金鼎-三民,2023-06-30,9188
5880,合庫金,21,0,21,群益金鼎-三民,2023-06-30,9188
1304,台聚,20,0,20,群益金鼎-三民,2023-06-30,9188
00676R,富邦臺灣加權反1,20,0,20,群益金鼎-三民,2023-06-30,9188
00878,國泰永續高股息,19,0,19,群益金鼎-三民,2023-06-30,9188
1783,和康生,20,2,18,群益金鼎-三民,2023-06-30,9188
2002,中鋼,17,0,17,群益金鼎-三民,2023-06-30,9188
3576,聯合再生,16,0,16,群益金鼎-三民,2023-06-30,9188
4916,事欣科,18,2,16,群益金鼎-三民,2023-06-30,9188
2610,華航,35,19,16,群益金鼎-三民,2023-06-30,9188
2880,華南金,15,0,15,群益金鼎-三民,2023-06-30,9188
2409,友達,16,1,15,群益金鼎-三民,2023-06-30,9188
3034,聯詠,14,0,14,群益金鼎-三民,2023-06-30,9188
1301,台塑,14,0,14,群益金鼎-三民,2023-06-30,9188
2353,宏��,18,4,14,群益金鼎-三民,2023-06-30,9188
2462,良得電,22,9,13,群益金鼎-三民,2023-06-30,9188
6153,嘉聯益,19,6,13,群益金鼎-三民,2023-06-30,9188
6443,元晶,14,1,13,群益金鼎-三民,2023-06-30,9188
00662,富邦NASDAQ,13,0,13,群益金鼎-三民,2023-06-30,9188
2356,英業達,28,16,12,群益金鼎-三民,2023-06-30,9188
2888,新光金,18,6,12,群益金鼎-三民,2023-06-30,9188
6285,啟��,15,3,12,群益金鼎-三民,2023-06-30,9188
6197,佳必琪,11,0,11,群益金鼎-三民,2023-06-30,9188
1326,台化,11,0,11,群益金鼎-三民,2023-06-30,9188
3703,欣陸,11,0,11,群益金鼎-三民,2023-06-30,9188
2867,三商壽,103,0,103,群益金鼎-三民,2023-07-03,9188
6016,康和證,104,8,96,群益金鼎-三民,2023-07-03,9188
2633,台灣高鐵,100,8,92,群益金鼎-三民,2023-07-03,9188
2615,萬海,140,50,90,群益金鼎-三民,2023-07-03,9188
4168,醣聯,60,0,60,群益金鼎-三民,2023-07-03,9188
2832,台產,52,0,52,群益金鼎-三民,2023-07-03,9188
4123,晟德,54,5,49,群益金鼎-三民,2023-07-03,9188
2388,威盛,61,12,49,群益金鼎-三民,2023-07-03,9188
00882,中信中國高股息,76,30,46,群益金鼎-三民,2023-07-03,9188
00680L,元大美債20正2,50,7,43,群益金鼎-三民,2023-07-03,9188
4916,事欣科,44,6,38,群益金鼎-三民,2023-07-03,9188
2444,兆勁,39,2,37,群益金鼎-三民,2023-07-03,9188
1514,亞力,59,25,34,群益金鼎-三民,2023-07-03,9188
1314,中石化,30,0,30,群益金鼎-三民,2023-07-03,9188
00929,復華台灣科技優息,31,5,26,群益金鼎-三民,2023-07-03,9188
4532,瑞智,51,26,25,群益金鼎-三民,2023-07-03,9188
1301,台塑,25,0,25,群益金鼎-三民,2023-07-03,9188
1701,中化,30,5,25,群益金鼎-三民,2023-07-03,9188
6190,萬泰科,26,3,23,群益金鼎-三民,2023-07-03,9188
00676R,富邦臺灣加權反1,20,0,20,群益金鼎-三民,2023-07-03,9188
1727,中華化,21,1,20,群益金鼎-三民,2023-07-03,9188
8176,智捷,20,0,20,群益金鼎-三民,2023-07-03,9188
6148,驊宏資,26,7,19,群益金鼎-三民,2023-07-03,9188
3706,神達,30,12,18,群益金鼎-三民,2023-07-03,9188
5864,致和證,17,0,17,群益金鼎-三民,2023-07-03,9188
8112,至上,18,1,17,群益金鼎-三民,2023-07-03,9188
2331,精英,16,0,16,群益金鼎-三民,2023-07-03,9188
2402,毅嘉,25,9,16,群益金鼎-三民,2023-07-03,9188
2303,聯電,27,11,16,群益金鼎-三民,2023-07-03,9188
3045,台灣大,15,0,15,群益金鼎-三民,2023-07-03,9188
3013,晟銘電,15,0,15,群益金鼎-三民,2023-07-03,9188
3057,喬鼎,15,0,15,群益金鼎-三民,2023-07-03,9188
00664R,國泰臺灣加權反1,14,0,14,群益金鼎-三民,2023-07-03,9188
3202,樺晟,14,0,14,群益金鼎-三民,2023-07-03,9188
2892,第一金,14,1,13,群益金鼎-三民,2023-07-03,9188
2606,裕民,14,1,13,群益金鼎-三民,2023-07-03,9188
5426,振發,16,4,12,群益金鼎-三民,2023-07-03,9188
6223,旺矽,13,1,12,群益金鼎-三民,2023-07-03,9188
5465,富驊,23,11,12,群益金鼎-三民,2023-07-03,9188
2105,正新,12,0,12,群益金鼎-三民,2023-07-03,9188
2408,南亞科,12,1,11,群益金鼎-三民,2023-07-03,9188
4111,濟生,11,0,11,群益金鼎-三民,2023-07-03,9188
00712,復華富時不動產,32,21,11,群益金鼎-三民,2023-07-03,9188
3047,訊舟,12,1,11,群益金鼎-三民,2023-07-03,9188
1612,宏泰,11,0,11,群益金鼎-三民,2023-07-03,9188
2344,華邦電,17,6,11,群益金鼎-三民,2023-07-03,9188
1217,愛之味,11,0,11,群益金鼎-三民,2023-07-03,9188
3217,優群,15,5,10,群益金鼎-三民,2023-07-03,9188
1802,台玻,10,0,10,群益金鼎-三民,2023-07-03,9188
3707,漢磊,10,0,10,群益金鼎-三民,2023-07-03,9188
2356,英業達,158,50,108,群益金鼎-三民,2023-07-04,9188
00632R,元大台灣50反1,105,5,100,群益金鼎-三民,2023-07-04,9188
912000,晨訊科-DR,88,0,88,群益金鼎-三民,2023-07-04,9188
2317,鴻海,85,10,75,群益金鼎-三民,2023-07-04,9188
2888,新光金,78,5,73,群益金鼎-三民,2023-07-04,9188
0056,元大高股息,188,116,72,群益金鼎-三民,2023-07-04,9188
8358,金居,70,3,67,群益金鼎-三民,2023-07-04,9188
9105,泰金寶-DR,65,0,65,群益金鼎-三民,2023-07-04,9188
00929,復華台灣科技優息,60,2,58,群益金鼎-三民,2023-07-04,9188
2801,彰銀,55,0,55,群益金鼎-三民,2023-07-04,9188
1605,華新,56,9,47,群益金鼎-三民,2023-07-04,9188
2399,映泰,55,13,42,群益金鼎-三民,2023-07-04,9188
6282,康舒,75,35,40,群益金鼎-三民,2023-07-04,9188
2425,承啟,43,4,39,群益金鼎-三民,2023-07-04,9188
1514,亞力,80,44,36,群益金鼎-三民,2023-07-04,9188
2609,陽明,125,93,32,群益金鼎-三民,2023-07-04,9188
2603,長榮,124,93,31,群益金鼎-三民,2023-07-04,9188
1101,台泥,32,2,30,群益金鼎-三民,2023-07-04,9188
4532,瑞智,48,18,30,群益金鼎-三民,2023-07-04,9188
8024,佑華,29,1,28,群益金鼎-三民,2023-07-04,9188
2421,建準,70,43,27,群益金鼎-三民,2023-07-04,9188
2312,金寶,38,12,26,群益金鼎-三民,2023-07-04,9188
00676R,富邦臺灣加權反1,25,0,25,群益金鼎-三民,2023-07-04,9188
4906,正文,30,6,24,群益金鼎-三民,2023-07-04,9188
8222,寶一,24,2,22,群益金鼎-三民,2023-07-04,9188
2368,金像電,32,10,22,群益金鼎-三民,2023-07-04,9188
2913,農林,21,0,21,群益金鼎-三民,2023-07-04,9188
6142,友勁,21,0,21,群益金鼎-三民,2023-07-04,9188
2736,富野,20,0,20,群益金鼎-三民,2023-07-04,9188
2489,瑞軒,20,0,20,群益金鼎-三民,2023-07-04,9188
1459,聯發,20,0,20,群益金鼎-三民,2023-07-04,9188
1522,堤維西,23,5,18,群益金鼎-三民,2023-07-04,9188
2331,精英,43,25,18,群益金鼎-三民,2023-07-04,9188
4743,合一,17,1,16,群益金鼎-三民,2023-07-04,9188
8215,明基材,28,12,16,群益金鼎-三民,2023-07-04,9188
1513,中興電,38,22,16,群益金鼎-三民,2023-07-04,9188
8050,廣積,39,23,16,群益金鼎-三民,2023-07-04,9188
3018,隆銘綠能,15,0,15,群益金鼎-三民,2023-07-04,9188
4538,大詠城,16,1,15,群益金鼎-三民,2023-07-04,9188
5880,合庫金,15,1,14,群益金鼎-三民,2023-07-04,9188
6125,廣運,20,6,14,群益金鼎-三民,2023-07-04,9188
9919,康那香,14,0,14,群益金鼎-三民,2023-07-04,9188
8271,宇瞻,14,0,14,群益金鼎-三民,2023-07-04,9188
00679B,元大美債20年,15,1,14,群益金鼎-三民,2023-07-04,9188
1303,南亞,13,0,13,群益金鼎-三民,2023-07-04,9188
1905,華紙,43,30,13,群益金鼎-三民,2023-07-04,9188
4123,晟德,14,1,13,群益金鼎-三民,2023-07-04,9188
00720B,元大投資級公司債,13,0,13,群益金鼎-三民,2023-07-04,9188
8210,勤誠,51,39,12,群益金鼎-三民,2023-07-04,9188
00795B,中信美國公債20年,12,0,12,群益金鼎-三民,2023-07-04,9188
4906,正文,113,4,109,群益金鼎-三民,2023-07-05,9188
2340,台亞,100,14,86,群益金鼎-三民,2023-07-05,9188
2402,毅嘉,127,69,58,群益金鼎-三民,2023-07-05,9188
3706,神達,69,18,51,群益金鼎-三民,2023-07-05,9188
2897,王道銀行,50,0,50,群益金鼎-三民,2023-07-05,9188
2317,鴻海,56,6,50,群益金鼎-三民,2023-07-05,9188
3231,緯創,96,48,48,群益金鼎-三民,2023-07-05,9188
1605,華新,61,17,44,群益金鼎-三民,2023-07-05,9188
2609,陽明,130,90,40,群益金鼎-三民,2023-07-05,9188
3017,奇鋐,40,1,39,群益金鼎-三民,2023-07-05,9188
1513,中興電,46,9,37,群益金鼎-三民,2023-07-05,9188
6443,元晶,59,22,37,群益金鼎-三民,2023-07-05,9188
2515,中工,52,19,33,群益金鼎-三民,2023-07-05,9188
2618,長榮航,86,54,32,群益金鼎-三民,2023-07-05,9188
00637L,元大滬深300正2,44,15,29,群益金鼎-三民,2023-07-05,9188
1301,台塑,27,0,27,群益金鼎-三民,2023-07-05,9188
2425,承啟,31,5,26,群益金鼎-三民,2023-07-05,9188
2838,聯邦銀,29,4,25,群益金鼎-三民,2023-07-05,9188
4532,瑞智,25,1,24,群益金鼎-三民,2023-07-05,9188
2880,華南金,23,0,23,群益金鼎-三民,2023-07-05,9188
1321,大洋,23,0,23,群益金鼎-三民,2023-07-05,9188
4934,太極,41,19,22,群益金鼎-三民,2023-07-05,9188
2388,威盛,23,1,22,群益金鼎-三民,2023-07-05,9188
3051,力特,21,0,21,群益金鼎-三民,2023-07-05,9188
2303,聯電,41,22,19,群益金鼎-三民,2023-07-05,9188
1514,亞力,32,13,19,群益金鼎-三民,2023-07-05,9188
00795B,中信美國公債20年,23,4,19,群益金鼎-三民,2023-07-05,9188
2845,遠東銀,18,0,18,群益金鼎-三民,2023-07-05,9188
3704,合勤控,44,26,18,群益金鼎-三民,2023-07-05,9188
4526,東台,17,0,17,群益金鼎-三民,2023-07-05,9188
1905,華紙,28,11,17,群益金鼎-三民,2023-07-05,9188
2603,長榮,27,12,15,群益金鼎-三民,2023-07-05,9188
3265,台星科,19,4,15,群益金鼎-三民,2023-07-05,9188
2736,富野,17,2,15,群益金鼎-三民,2023-07-05,9188
4533,協易機,15,0,15,群益金鼎-三民,2023-07-05,9188
6133,金橋,22,7,15,群益金鼎-三民,2023-07-05,9188
8403,盛弘,15,0,15,群益金鼎-三民,2023-07-05,9188
00679B,元大美債20年,14,0,14,群益金鼎-三民,2023-07-05,9188
00927,群益半導體收益,14,0,14,群益金鼎-三民,2023-07-05,9188
00713,元大台灣高息低波,19,5,14,群益金鼎-三民,2023-07-05,9188
3037,欣興,20,7,13,群益金鼎-三民,2023-07-05,9188
2888,新光金,15,2,13,群益金鼎-三民,2023-07-05,9188
1504,東元,13,0,13,群益金鼎-三民,2023-07-05,9188
8112,至上,14,1,13,群益金鼎-三民,2023-07-05,9188
5243,乙盛-KY,23,10,13,群益金鼎-三民,2023-07-05,9188
1101,台泥,26,13,13,群益金鼎-三民,2023-07-05,9188
2356,英業達,122,110,12,群益金鼎-三民,2023-07-05,9188
3163,波若威,35,23,12,群益金鼎-三民,2023-07-05,9188
4108,懷特,15,3,12,群益金鼎-三民,2023-07-05,9188
2637,慧洋-KY,12,0,12,群益金鼎-三民,2023-07-05,9188
1409,新纖,150,0,150,群益金鼎-三民,2023-07-06,9188
9105,泰金寶-DR,150,0,150,群益金鼎-三民,2023-07-06,9188
00680L,元大美債20正2,122,0,122,群益金鼎-三民,2023-07-06,9188
2880,華南金,122,0,122,群益金鼎-三民,2023-07-06,9188
00665L,富邦�琤肭磪囓�2,105,0,105,群益金鼎-三民,2023-07-06,9188
2885,元大金,79,0,79,群益金鼎-三民,2023-07-06,9188
2801,彰銀,67,0,67,群益金鼎-三民,2023-07-06,9188
2838,聯邦銀,66,0,66,群益金鼎-三民,2023-07-06,9188
4934,太極,94,30,64,群益金鼎-三民,2023-07-06,9188
2609,陽明,83,26,57,群益金鼎-三民,2023-07-06,9188
3037,欣興,50,0,50,群益金鼎-三民,2023-07-06,9188
2891,中信金,49,0,49,群益金鼎-三民,2023-07-06,9188
2002,中鋼,49,1,48,群益金鼎-三民,2023-07-06,9188
00687B,國泰20年美債,48,0,48,群益金鼎-三民,2023-07-06,9188
2888,新光金,50,5,45,群益金鼎-三民,2023-07-06,9188
1301,台塑,43,0,43,群益金鼎-三民,2023-07-06,9188
2890,永豐金,41,0,41,群益金鼎-三民,2023-07-06,9188
2812,台中銀,39,0,39,群益金鼎-三民,2023-07-06,9188
2323,中環,62,24,38,群益金鼎-三民,2023-07-06,9188
2317,鴻海,46,9,37,群益金鼎-三民,2023-07-06,9188
00772B,中信高評級公司債,48,15,33,群益金鼎-三民,2023-07-06,9188
2618,長榮航,60,28,32,群益金鼎-三民,2023-07-06,9188
1101,台泥,47,16,31,群益金鼎-三民,2023-07-06,9188
6116,彩晶,57,26,31,群益金鼎-三民,2023-07-06,9188
00882,中信中國高股息,32,3,29,群益金鼎-三民,2023-07-06,9188
2734,易飛網,38,9,29,群益金鼎-三民,2023-07-06,9188
5244,弘凱,25,0,25,群益金鼎-三民,2023-07-06,9188
5876,上海商銀,25,0,25,群益金鼎-三民,2023-07-06,9188
2409,友達,44,19,25,群益金鼎-三民,2023-07-06,9188
2892,第一金,24,0,24,群益金鼎-三民,2023-07-06,9188
2368,金像電,42,18,24,群益金鼎-三民,2023-07-06,9188
2634,漢翔,25,2,23,群益金鼎-三民,2023-07-06,9188
2369,菱生,23,0,23,群益金鼎-三民,2023-07-06,9188
2402,毅嘉,89,66,23,群益金鼎-三民,2023-07-06,9188
8210,勤誠,41,18,23,群益金鼎-三民,2023-07-06,9188
6111,大宇資,65,42,23,群益金鼎-三民,2023-07-06,9188
5009,榮剛,35,13,22,群益金鼎-三民,2023-07-06,9188
00929,復華台灣科技優息,22,0,22,群益金鼎-三民,2023-07-06,9188
00753L,中信中國50正2,23,1,22,群益金鼎-三民,2023-07-06,9188
3703,欣陸,22,1,21,群益金鼎-三民,2023-07-06,9188
3022,威強電,24,3,21,群益金鼎-三民,2023-07-06,9188
4743,合一,26,6,20,群益金鼎-三民,2023-07-06,9188
6426,統新,20,0,20,群益金鼎-三民,2023-07-06,9188
6282,康舒,39,20,19,群益金鼎-三民,2023-07-06,9188
8215,明基材,23,4,19,群益金鼎-三民,2023-07-06,9188
1471,首利,31,12,19,群益金鼎-三民,2023-07-06,9188
4130,健亞,19,0,19,群益金鼎-三民,2023-07-06,9188
1611,中電,26,7,19,群益金鼎-三民,2023-07-06,9188
9962,有益,21,3,18,群益金鼎-三民,2023-07-06,9188
2344,華邦電,25,8,17,群益金鼎-三民,2023-07-06,9188
4526,東台,195,12,183,群益金鼎-三民,2023-07-07,9188
00680L,元大美債20正2,160,10,150,群益金鼎-三民,2023-07-07,9188
00632R,元大台灣50反1,230,113,117,群益金鼎-三民,2023-07-07,9188
00664R,國泰臺灣加權反1,107,2,105,群益金鼎-三民,2023-07-07,9188
2855,統一證,100,3,97,群益金鼎-三民,2023-07-07,9188
1513,中興電,96,5,91,群益金鼎-三民,2023-07-07,9188
2888,新光金,91,10,81,群益金鼎-三民,2023-07-07,9188
2886,兆豐金,76,3,73,群益金鼎-三民,2023-07-07,9188
8093,保銳,66,0,66,群益金鼎-三民,2023-07-07,9188
2897,王道銀行,50,0,50,群益金鼎-三民,2023-07-07,9188
2881,富邦金,56,8,48,群益金鼎-三民,2023-07-07,9188
00679B,元大美債20年,47,0,47,群益金鼎-三民,2023-07-07,9188
00795B,中信美國公債20年,47,0,47,群益金鼎-三民,2023-07-07,9188
4934,太極,46,3,43,群益金鼎-三民,2023-07-07,9188
2882,國泰金,43,2,41,群益金鼎-三民,2023-07-07,9188
0056,元大高股息,56,15,41,群益金鼎-三民,2023-07-07,9188
00676R,富邦臺灣加權反1,40,0,40,群益金鼎-三民,2023-07-07,9188
2838,聯邦銀,34,0,34,群益金鼎-三民,2023-07-07,9188
3234,光環,32,0,32,群益金鼎-三民,2023-07-07,9188
6443,元晶,40,9,31,群益金鼎-三民,2023-07-07,9188
2731,雄獅,30,0,30,群益金鼎-三民,2023-07-07,9188
1301,台塑,30,0,30,群益金鼎-三民,2023-07-07,9188
3047,訊舟,29,0,29,群益金鼎-三民,2023-07-07,9188
00722B,群益投資級電信債,27,0,27,群益金鼎-三民,2023-07-07,9188
2890,永豐金,27,0,27,群益金鼎-三民,2023-07-07,9188
00882,中信中國高股息,26,0,26,群益金鼎-三民,2023-07-07,9188
00753L,中信中國50正2,27,1,26,群益金鼎-三民,2023-07-07,9188
6125,廣運,32,6,26,群益金鼎-三民,2023-07-07,9188
2427,三商電,47,21,26,群益金鼎-三民,2023-07-07,9188
00772B,中信高評級公司債,28,3,25,群益金鼎-三民,2023-07-07,9188
6533,晶心科,24,1,23,群益金鼎-三民,2023-07-07,9188
1802,台玻,23,0,23,群益金鼎-三民,2023-07-07,9188
3025,星通,53,30,23,群益金鼎-三民,2023-07-07,9188
3169,亞信,22,0,22,群益金鼎-三民,2023-07-07,9188
00687B,國泰20年美債,21,0,21,群益金鼎-三民,2023-07-07,9188
2303,聯電,25,4,21,群益金鼎-三民,2023-07-07,9188
2884,玉山金,21,1,20,群益金鼎-三民,2023-07-07,9188
00713,元大台灣高息低波,23,3,20,群益金鼎-三民,2023-07-07,9188
6588,東典光電,20,0,20,群益金鼎-三民,2023-07-07,9188
00645,富邦日本,20,0,20,群益金鼎-三民,2023-07-07,9188
4906,正文,23,4,19,群益金鼎-三民,2023-07-07,9188
2892,第一金,16,0,16,群益金鼎-三民,2023-07-07,9188
8046,南電,16,0,16,群益金鼎-三民,2023-07-07,9188
00720B,元大投資級公司債,17,1,16,群益金鼎-三民,2023-07-07,9188
3264,欣銓,39,23,16,群益金鼎-三民,2023-07-07,9188
2301,光寶科,19,3,16,群益金鼎-三民,2023-07-07,9188
1514,亞力,51,35,16,群益金鼎-三民,2023-07-07,9188
3013,晟銘電,22,6,16,群益金鼎-三民,2023-07-07,9188
00893,國泰智能電動車,15,0,15,群益金鼎-三民,2023-07-07,9188
2883,凱基金,19,4,15,群益金鼎-三民,2023-07-07,9188
00680L,元大美債20正2,179,0,179,群益金鼎-三民,2023-07-10,9188
3313,斐成,120,0,120,群益金鼎-三民,2023-07-10,9188
00882,中信中國高股息,117,0,117,群益金鼎-三民,2023-07-10,9188
00927,群益半導體收益,74,0,74,群益金鼎-三民,2023-07-10,9188
2201,裕隆,70,0,70,群益金鼎-三民,2023-07-10,9188
00679B,元大美債20年,74,5,69,群益金鼎-三民,2023-07-10,9188
2897,王道銀行,50,1,49,群益金鼎-三民,2023-07-10,9188
5388,中磊,43,0,43,群益金鼎-三民,2023-07-10,9188
2340,台亞,49,8,41,群益金鼎-三民,2023-07-10,9188
2356,英業達,46,9,37,群益金鼎-三民,2023-07-10,9188
4934,太極,53,17,36,群益金鼎-三民,2023-07-10,9188
2609,陽明,70,36,34,群益金鼎-三民,2023-07-10,9188
9929,秋雨,30,0,30,群益金鼎-三民,2023-07-10,9188
00878,國泰永續高股息,29,0,29,群益金鼎-三民,2023-07-10,9188
2883,凱基金,43,16,27,群益金鼎-三民,2023-07-10,9188
2603,長榮,36,10,26,群益金鼎-三民,2023-07-10,9188
8093,保銳,35,10,25,群益金鼎-三民,2023-07-10,9188
4979,華星光,82,58,24,群益金鼎-三民,2023-07-10,9188
2886,兆豐金,23,0,23,群益金鼎-三民,2023-07-10,9188
00687B,國泰20年美債,23,0,23,群益金鼎-三民,2023-07-10,9188
00795B,中信美國公債20年,21,0,21,群益金鼎-三民,2023-07-10,9188
2610,華航,24,3,21,群益金鼎-三民,2023-07-10,9188
1611,中電,20,0,20,群益金鼎-三民,2023-07-10,9188
4534,慶騰,20,0,20,群益金鼎-三民,2023-07-10,9188
2208,台船,21,1,20,群益金鼎-三民,2023-07-10,9188
00632R,元大台灣50反1,30,10,20,群益金鼎-三民,2023-07-10,9188
9105,泰金寶-DR,20,0,20,群益金鼎-三民,2023-07-10,9188
5236,凌陽創新,30,10,20,群益金鼎-三民,2023-07-10,9188
912000,晨訊科-DR,19,0,19,群益金鼎-三民,2023-07-10,9188
8038,長園科,19,1,18,群益金鼎-三民,2023-07-10,9188
8289,泰藝,16,0,16,群益金鼎-三民,2023-07-10,9188
00720B,元大投資級公司債,16,0,16,群益金鼎-三民,2023-07-10,9188
3689,湧德,22,6,16,群益金鼎-三民,2023-07-10,9188
1301,台塑,16,0,16,群益金鼎-三民,2023-07-10,9188
2317,鴻海,18,2,16,群益金鼎-三民,2023-07-10,9188
2303,聯電,18,3,15,群益金鼎-三民,2023-07-10,9188
1321,大洋,15,0,15,群益金鼎-三民,2023-07-10,9188
2402,毅嘉,30,15,15,群益金鼎-三民,2023-07-10,9188
00673R,期元大S＆P原油反1,15,0,15,群益金鼎-三民,2023-07-10,9188
3576,聯合再生,15,0,15,群益金鼎-三民,2023-07-10,9188
00772B,中信高評級公司債,14,0,14,群益金鼎-三民,2023-07-10,9188
3019,亞光,15,1,14,群益金鼎-三民,2023-07-10,9188
3037,欣興,14,0,14,群益金鼎-三民,2023-07-10,9188
1528,恩德,40,26,14,群益金鼎-三民,2023-07-10,9188
2414,精技,14,0,14,群益金鼎-三民,2023-07-10,9188
1434,福懋,13,0,13,群益金鼎-三民,2023-07-10,9188
6138,茂達,13,0,13,群益金鼎-三民,2023-07-10,9188
2882,國泰金,13,1,12,群益金鼎-三民,2023-07-10,9188
00688L,國泰20年美債正2,12,0,12,群益金鼎-三民,2023-07-10,9188
00929,復華台灣科技優息,24,13,11,群益金鼎-三民,2023-07-10,9188
00632R,元大台灣50反1,416,20,396,群益金鼎-三民,2023-07-11,9188
00882,中信中國高股息,187,6,181,群益金鼎-三民,2023-07-11,9188
4934,太極,129,30,99,群益金鼎-三民,2023-07-11,9188
2340,台亞,183,105,78,群益金鼎-三民,2023-07-11,9188
2618,長榮航,187,122,65,群益金鼎-三民,2023-07-11,9188
6142,友勁,70,9,61,群益金鼎-三民,2023-07-11,9188
2323,中環,87,31,56,群益金鼎-三民,2023-07-11,9188
6235,華孚,61,11,50,群益金鼎-三民,2023-07-11,9188
2201,裕隆,47,2,45,群益金鼎-三民,2023-07-11,9188
2867,三商壽,55,12,43,群益金鼎-三民,2023-07-11,9188
2645,長榮航太,41,0,41,群益金鼎-三民,2023-07-11,9188
00676R,富邦臺灣加權反1,40,0,40,群益金鼎-三民,2023-07-11,9188
6223,旺矽,35,3,32,群益金鼎-三民,2023-07-11,9188
1540,喬福,30,0,30,群益金鼎-三民,2023-07-11,9188
4510,高鋒,38,8,30,群益金鼎-三民,2023-07-11,9188
3264,欣銓,28,3,25,群益金鼎-三民,2023-07-11,9188
2609,陽明,69,48,21,群益金鼎-三民,2023-07-11,9188
2883,凱基金,20,0,20,群益金鼎-三民,2023-07-11,9188
00679B,元大美債20年,21,1,20,群益金鼎-三民,2023-07-11,9188
3322,建舜電,18,0,18,群益金鼎-三民,2023-07-11,9188
2402,毅嘉,25,7,18,群益金鼎-三民,2023-07-11,9188
4532,瑞智,73,56,17,群益金鼎-三民,2023-07-11,9188
6182,合晶,17,1,16,群益金鼎-三民,2023-07-11,9188
2603,長榮,22,7,15,群益金鼎-三民,2023-07-11,9188
3363,上詮,39,24,15,群益金鼎-三民,2023-07-11,9188
3038,全台,15,0,15,群益金鼎-三民,2023-07-11,9188
2371,大同,21,7,14,群益金鼎-三民,2023-07-11,9188
1608,華榮,12,0,12,群益金鼎-三民,2023-07-11,9188
00687B,國泰20年美債,13,1,12,群益金鼎-三民,2023-07-11,9188
6841,長佳智能,12,0,12,群益金鼎-三民,2023-07-11,9188
3596,智易,12,0,12,群益金鼎-三民,2023-07-11,9188
4967,十銓,16,5,11,群益金鼎-三民,2023-07-11,9188
8289,泰藝,12,1,11,群益金鼎-三民,2023-07-11,9188
2457,飛宏,21,10,11,群益金鼎-三民,2023-07-11,9188
2492,華新科,10,0,10,群益金鼎-三民,2023-07-11,9188
1605,華新,23,13,10,群益金鼎-三民,2023-07-11,9188
6266,泰詠,11,1,10,群益金鼎-三民,2023-07-11,9188
3402,漢科,10,0,10,群益金鼎-三民,2023-07-11,9188
2514,龍邦,10,0,10,群益金鼎-三民,2023-07-11,9188
4927,泰鼎-KY,10,0,10,群益金鼎-三民,2023-07-11,9188
8147,正淩,10,0,10,群益金鼎-三民,2023-07-11,9188
00720B,元大投資級公司債,10,0,10,群益金鼎-三民,2023-07-11,9188
8050,廣積,13,3,10,群益金鼎-三民,2023-07-11,9188
3041,揚智,11,2,9,群益金鼎-三民,2023-07-11,9188
3025,星通,31,22,9,群益金鼎-三民,2023-07-11,9188
6190,萬泰科,9,0,9,群益金鼎-三民,2023-07-11,9188
2105,正新,9,0,9,群益金鼎-三民,2023-07-11,9188
2891,中信金,10,2,8,群益金鼎-三民,2023-07-11,9188
3325,旭品,12,4,8,群益金鼎-三民,2023-07-11,9188
8222,寶一,10,2,8,群益金鼎-三民,2023-07-11,9188
2881,富邦金,125,1,124,群益金鼎-三民,2023-07-12,9188
2633,台灣高鐵,102,0,102,群益金鼎-三民,2023-07-12,9188
912000,晨訊科-DR,82,0,82,群益金鼎-三民,2023-07-12,9188
2801,彰銀,67,0,67,群益金鼎-三民,2023-07-12,9188
4533,協易機,75,20,55,群益金鼎-三民,2023-07-12,9188
2890,永豐金,70,21,49,群益金鼎-三民,2023-07-12,9188
2409,友達,149,111,38,群益金鼎-三民,2023-07-12,9188
9904,寶成,31,0,31,群益金鼎-三民,2023-07-12,9188
2349,錸德,30,0,30,群益金鼎-三民,2023-07-12,9188
2399,映泰,59,30,29,群益金鼎-三民,2023-07-12,9188
2515,中工,30,1,29,群益金鼎-三民,2023-07-12,9188
6285,啟��,38,10,28,群益金鼎-三民,2023-07-12,9188
1301,台塑,23,0,23,群益金鼎-三民,2023-07-12,9188
6841,長佳智能,22,0,22,群益金鼎-三民,2023-07-12,9188
2356,英業達,86,64,22,群益金鼎-三民,2023-07-12,9188
2887,台新金,21,0,21,群益金鼎-三民,2023-07-12,9188
00673R,期元大S＆P原油反1,21,0,21,群益金鼎-三民,2023-07-12,9188
1618,合機,26,5,21,群益金鼎-三民,2023-07-12,9188
1409,新纖,20,1,19,群益金鼎-三民,2023-07-12,9188
2734,易飛網,23,4,19,群益金鼎-三民,2023-07-12,9188
2303,聯電,51,32,19,群益金鼎-三民,2023-07-12,9188
2888,新光金,19,1,18,群益金鼎-三民,2023-07-12,9188
5328,華容,18,0,18,群益金鼎-三民,2023-07-12,9188
5011,久陽,46,28,18,群益金鼎-三民,2023-07-12,9188
2301,光寶科,45,28,17,群益金鼎-三民,2023-07-12,9188
1609,大亞,50,33,17,群益金鼎-三民,2023-07-12,9188
00679B,元大美債20年,17,0,17,群益金鼎-三民,2023-07-12,9188
2312,金寶,28,12,16,群益金鼎-三民,2023-07-12,9188
00674R,期元大S＆P黃金反1,16,0,16,群益金鼎-三民,2023-07-12,9188
4510,高鋒,18,2,16,群益金鼎-三民,2023-07-12,9188
6770,力積電,16,1,15,群益金鼎-三民,2023-07-12,9188
2073,雄順,15,0,15,群益金鼎-三民,2023-07-12,9188
00888,永豐台灣ESG,15,0,15,群益金鼎-三民,2023-07-12,9188
6126,信音,16,1,15,群益金鼎-三民,2023-07-12,9188
2423,固緯,15,0,15,群益金鼎-三民,2023-07-12,9188
00882,中信中國高股息,16,1,15,群益金鼎-三民,2023-07-12,9188
6120,達運,31,17,14,群益金鼎-三民,2023-07-12,9188
3707,漢磊,15,1,14,群益金鼎-三民,2023-07-12,9188
3206,志豐,14,0,14,群益金鼎-三民,2023-07-12,9188
2838,聯邦銀,37,24,13,群益金鼎-三民,2023-07-12,9188
1727,中華化,13,0,13,群益金鼎-三民,2023-07-12,9188
3362,先進光,18,5,13,群益金鼎-三民,2023-07-12,9188
6142,友勁,22,10,12,群益金鼎-三民,2023-07-12,9188
1321,大洋,12,0,12,群益金鼎-三民,2023-07-12,9188
3596,智易,15,4,11,群益金鼎-三民,2023-07-12,9188
2020,美亞,12,1,11,群益金鼎-三民,2023-07-12,9188
2324,仁寶,11,0,11,群益金鼎-三民,2023-07-12,9188
3703,欣陸,11,0,11,群益金鼎-三民,2023-07-12,9188
2897,王道銀行,11,0,11,群益金鼎-三民,2023-07-12,9188
8478,東哥遊艇,13,2,11,群益金鼎-三民,2023-07-12,9188
2618,長榮航,188,42,146,群益金鼎-三民,2023-07-13,9188
4123,晟德,96,9,87,群益金鼎-三民,2023-07-13,9188
2610,華航,108,37,71,群益金鼎-三民,2023-07-13,9188
2324,仁寶,111,42,69,群益金鼎-三民,2023-07-13,9188
2748,雲品,63,0,63,群益金鼎-三民,2023-07-13,9188
1471,首利,77,24,53,群益金鼎-三民,2023-07-13,9188
8201,無敵,50,1,49,群益金鼎-三民,2023-07-13,9188
8222,寶一,50,2,48,群益金鼎-三民,2023-07-13,9188
00712,復華富時不動產,45,1,44,群益金鼎-三民,2023-07-13,9188
8210,勤誠,77,38,39,群益金鼎-三民,2023-07-13,9188
2312,金寶,82,44,38,群益金鼎-三民,2023-07-13,9188
6213,聯茂,34,0,34,群益金鼎-三民,2023-07-13,9188
6118,建達,34,1,33,群益金鼎-三民,2023-07-13,9188
3035,智原,55,24,31,群益金鼎-三民,2023-07-13,9188
8093,保銳,30,0,30,群益金鼎-三民,2023-07-13,9188
2402,毅嘉,38,9,29,群益金鼎-三民,2023-07-13,9188
6016,康和證,28,0,28,群益金鼎-三民,2023-07-13,9188
6548,長科*,31,4,27,群益金鼎-三民,2023-07-13,9188
1905,華紙,59,33,26,群益金鼎-三民,2023-07-13,9188
1514,亞力,48,22,26,群益金鼎-三民,2023-07-13,9188
2303,聯電,41,15,26,群益金鼎-三民,2023-07-13,9188
00679B,元大美債20年,24,2,22,群益金鼎-三民,2023-07-13,9188
6282,康舒,28,6,22,群益金鼎-三民,2023-07-13,9188
00930,永豐ESG低碳高息,22,0,22,群益金鼎-三民,2023-07-13,9188
2352,佳世達,41,20,21,群益金鼎-三民,2023-07-13,9188
3231,緯創,104,82,22,群益金鼎-三民,2023-07-13,9188
00676R,富邦臺灣加權反1,20,0,20,群益金鼎-三民,2023-07-13,9188
3011,今皓,20,0,20,群益金鼎-三民,2023-07-13,9188
2897,王道銀行,20,0,20,群益金鼎-三民,2023-07-13,9188
4563,百德,19,0,19,群益金鼎-三民,2023-07-13,9188
2027,大成鋼,21,2,19,群益金鼎-三民,2023-07-13,9188
1609,大亞,47,29,18,群益金鼎-三民,2023-07-13,9188
2399,映泰,39,21,18,群益金鼎-三民,2023-07-13,9188
2845,遠東銀,18,0,18,群益金鼎-三民,2023-07-13,9188
6188,廣明,65,47,18,群益金鼎-三民,2023-07-13,9188
8016,矽創,18,0,18,群益金鼎-三民,2023-07-13,9188
3025,星通,18,2,16,群益金鼎-三民,2023-07-13,9188
8234,新漢,16,0,16,群益金鼎-三民,2023-07-13,9188
00673R,期元大S＆P原油反1,16,1,15,群益金鼎-三民,2023-07-13,9188
2401,凌陽,14,1,13,群益金鼎-三民,2023-07-13,9188
3673,TPK-KY,14,1,13,群益金鼎-三民,2023-07-13,9188
1467,南緯,13,0,13,群益金鼎-三民,2023-07-13,9188
8150,南茂,13,0,13,群益金鼎-三民,2023-07-13,9188
00687B,國泰20年美債,13,0,13,群益金鼎-三民,2023-07-13,9188
2376,技嘉,22,10,12,群益金鼎-三民,2023-07-13,9188
2497,怡利電,12,0,12,群益金鼎-三民,2023-07-13,9188
6182,合晶,14,2,12,群益金鼎-三民,2023-07-13,9188
2838,聯邦銀,13,1,12,群益金鼎-三民,2023-07-13,9188
6139,亞翔,17,5,12,群益金鼎-三民,2023-07-13,9188
1503,士電,12,1,11,群益金鼎-三民,2023-07-13,9188
00632R,元大台灣50反1,294,2,292,群益金鼎-三民,2023-07-14,9188
912000,晨訊科-DR,150,0,150,群益金鼎-三民,2023-07-14,9188
3481,群創,122,14,108,群益金鼎-三民,2023-07-14,9188
3057,喬鼎,90,0,90,群益金鼎-三民,2023-07-14,9188
9105,泰金寶-DR,70,0,70,群益金鼎-三民,2023-07-14,9188
2425,承啟,71,8,63,群益金鼎-三民,2023-07-14,9188
2618,長榮航,148,87,61,群益金鼎-三民,2023-07-14,9188
2344,華邦電,68,9,59,群益金鼎-三民,2023-07-14,9188
3264,欣銓,57,1,56,群益金鼎-三民,2023-07-14,9188
4532,瑞智,63,10,53,群益金鼎-三民,2023-07-14,9188
1471,首利,77,26,51,群益金鼎-三民,2023-07-14,9188
3432,台端,50,0,50,群益金鼎-三民,2023-07-14,9188
6223,旺矽,52,2,50,群益金鼎-三民,2023-07-14,9188
00885,富邦越南,59,11,48,群益金鼎-三民,2023-07-14,9188
2449,京元電子,58,20,38,群益金鼎-三民,2023-07-14,9188
00725B,國泰投資級公司債,37,0,37,群益金鼎-三民,2023-07-14,9188
2609,陽明,42,6,36,群益金鼎-三民,2023-07-14,9188
2610,華航,114,80,34,群益金鼎-三民,2023-07-14,9188
00673R,期元大S＆P原油反1,31,0,31,群益金鼎-三民,2023-07-14,9188
2358,廷鑫,30,0,30,群益金鼎-三民,2023-07-14,9188
2022,聚亨,30,0,30,群益金鼎-三民,2023-07-14,9188
2359,所羅門,60,31,29,群益金鼎-三民,2023-07-14,9188
1618,合機,36,7,29,群益金鼎-三民,2023-07-14,9188
00902,中信電池及儲能,22,0,22,群益金鼎-三民,2023-07-14,9188
00930,永豐ESG低碳高息,22,0,22,群益金鼎-三民,2023-07-14,9188
2421,建準,43,22,21,群益金鼎-三民,2023-07-14,9188
2303,聯電,36,15,21,群益金鼎-三民,2023-07-14,9188
00795B,中信美國公債20年,20,0,20,群益金鼎-三民,2023-07-14,9188
00773B,中信優先金融債,20,0,20,群益金鼎-三民,2023-07-14,9188
2481,強茂,30,10,20,群益金鼎-三民,2023-07-14,9188
2201,裕隆,92,72,20,群益金鼎-三民,2023-07-14,9188
4934,太極,20,1,19,群益金鼎-三民,2023-07-14,9188
00772B,中信高評級公司債,19,1,18,群益金鼎-三民,2023-07-14,9188
1612,宏泰,24,7,17,群益金鼎-三民,2023-07-14,9188
8093,保銳,17,0,17,群益金鼎-三民,2023-07-14,9188
2379,瑞昱,17,2,15,群益金鼎-三民,2023-07-14,9188
00720B,元大投資級公司債,14,0,14,群益金鼎-三民,2023-07-14,9188
6275,元山,15,1,14,群益金鼎-三民,2023-07-14,9188
00882,中信中國高股息,14,0,14,群益金鼎-三民,2023-07-14,9188
4938,和碩,13,0,13,群益金鼎-三民,2023-07-14,9188
4906,正文,13,0,13,群益金鼎-三民,2023-07-14,9188
6120,達運,16,3,13,群益金鼎-三民,2023-07-14,9188
4967,十銓,18,5,13,群益金鼎-三民,2023-07-14,9188
6274,台燿,23,10,13,群益金鼎-三民,2023-07-14,9188
2497,怡利電,12,0,12,群益金鼎-三民,2023-07-14,9188
1101,台泥,23,11,12,群益金鼎-三民,2023-07-14,9188
4908,前鼎,15,4,11,群益金鼎-三民,2023-07-14,9188
00637L,元大滬深300正2,33,22,11,群益金鼎-三民,2023-07-14,9188
6124,業強,11,0,11,群益金鼎-三民,2023-07-14,9188
9904,寶成,10,0,10,群益金鼎-三民,2023-07-14,9188
2883,凱基金,591,20,571,群益金鼎-三民,2023-07-17,9188
00882,中信中國高股息,137,4,133,群益金鼎-三民,2023-07-17,9188
2891,中信金,151,42,109,群益金鼎-三民,2023-07-17,9188
00927,群益半導體收益,73,6,67,群益金鼎-三民,2023-07-17,9188
8936,國統,64,10,54,群益金鼎-三民,2023-07-17,9188
9105,泰金寶-DR,50,0,50,群益金鼎-三民,2023-07-17,9188
2201,裕隆,44,1,43,群益金鼎-三民,2023-07-17,9188
2618,長榮航,50,10,40,群益金鼎-三民,2023-07-17,9188
2345,智邦,40,0,40,群益金鼎-三民,2023-07-17,9188
8093,保銳,36,0,36,群益金鼎-三民,2023-07-17,9188
2887,台新金,50,17,33,群益金鼎-三民,2023-07-17,9188
3715,定穎投控,32,1,31,群益金鼎-三民,2023-07-17,9188
1736,喬山,31,0,31,群益金鼎-三民,2023-07-17,9188
2889,國票金,30,0,30,群益金鼎-三民,2023-07-17,9188
00673R,期元大S＆P原油反1,29,0,29,群益金鼎-三民,2023-07-17,9188
3025,星通,37,10,27,群益金鼎-三民,2023-07-17,9188
4714,永捷,30,3,27,群益金鼎-三民,2023-07-17,9188
1608,華榮,26,0,26,群益金鼎-三民,2023-07-17,9188
2328,廣宇,36,11,25,群益金鼎-三民,2023-07-17,9188
2371,大同,57,33,24,群益金鼎-三民,2023-07-17,9188
00752,中信中國50,23,0,23,群益金鼎-三民,2023-07-17,9188
3037,欣興,43,20,23,群益金鼎-三民,2023-07-17,9188
2359,所羅門,80,58,22,群益金鼎-三民,2023-07-17,9188
00720B,元大投資級公司債,25,4,21,群益金鼎-三民,2023-07-17,9188
6191,精成科,26,5,21,群益金鼎-三民,2023-07-17,9188
2913,農林,25,4,21,群益金鼎-三民,2023-07-17,9188
8403,盛弘,20,0,20,群益金鼎-三民,2023-07-17,9188
3014,聯陽,21,2,19,群益金鼎-三民,2023-07-17,9188
2423,固緯,19,0,19,群益金鼎-三民,2023-07-17,9188
00725B,國泰投資級公司債,19,0,19,群益金鼎-三民,2023-07-17,9188
3706,神達,25,8,17,群益金鼎-三民,2023-07-17,9188
2027,大成鋼,19,2,17,群益金鼎-三民,2023-07-17,9188
6005,群益證,20,3,17,群益金鼎-三民,2023-07-17,9188
1101,台泥,18,2,16,群益金鼎-三民,2023-07-17,9188
1718,中纖,16,0,16,群益金鼎-三民,2023-07-17,9188
2329,華泰,26,10,16,群益金鼎-三民,2023-07-17,9188
2645,長榮航太,17,1,16,群益金鼎-三民,2023-07-17,9188
6584,南俊國際,18,4,14,群益金鼎-三民,2023-07-17,9188
5285,界霖,14,0,14,群益金鼎-三民,2023-07-17,9188
00680L,元大美債20正2,13,0,13,群益金鼎-三民,2023-07-17,9188
3060,銘異,12,0,12,群益金鼎-三民,2023-07-17,9188
6179,亞通,14,2,12,群益金鼎-三民,2023-07-17,9188
2324,仁寶,39,28,11,群益金鼎-三民,2023-07-17,9188
00929,復華台灣科技優息,13,2,11,群益金鼎-三民,2023-07-17,9188
2401,凌陽,21,10,11,群益金鼎-三民,2023-07-17,9188
2897,王道銀行,11,0,11,群益金鼎-三民,2023-07-17,9188
2812,台中銀,11,0,11,群益金鼎-三民,2023-07-17,9188
1301,台塑,10,0,10,群益金鼎-三民,2023-07-17,9188
3052,夆典,10,0,10,群益金鼎-三民,2023-07-17,9188
2002,中鋼,14,4,10,群益金鼎-三民,2023-07-17,9188
00632R,元大台灣50反1,1522,18,1504,群益金鼎-三民,2023-07-18,9188
2324,仁寶,371,80,291,群益金鼎-三民,2023-07-18,9188
00882,中信中國高股息,180,0,180,群益金鼎-三民,2023-07-18,9188
00885,富邦越南,150,3,147,群益金鼎-三民,2023-07-18,9188
9103,美德醫療-DR,134,0,134,群益金鼎-三民,2023-07-18,9188
4938,和碩,165,33,132,群益金鼎-三民,2023-07-18,9188
2312,金寶,209,97,112,群益金鼎-三民,2023-07-18,9188
1471,首利,92,0,92,群益金鼎-三民,2023-07-18,9188
1514,亞力,100,11,89,群益金鼎-三民,2023-07-18,9188
2353,宏��,112,41,71,群益金鼎-三民,2023-07-18,9188
3052,夆典,70,0,70,群益金鼎-三民,2023-07-18,9188
00929,復華台灣科技優息,63,0,63,群益金鼎-三民,2023-07-18,9188
00664R,國泰臺灣加權反1,45,0,45,群益金鼎-三民,2023-07-18,9188
2352,佳世達,111,67,44,群益金鼎-三民,2023-07-18,9188
2329,華泰,84,40,44,群益金鼎-三民,2023-07-18,9188
2301,光寶科,127,84,43,群益金鼎-三民,2023-07-18,9188
6016,康和證,41,0,41,群益金鼎-三民,2023-07-18,9188
2855,統一證,41,0,41,群益金鼎-三民,2023-07-18,9188
8021,尖點,40,0,40,群益金鼎-三民,2023-07-18,9188
0056,元大高股息,68,30,38,群益金鼎-三民,2023-07-18,9188
2201,裕隆,41,7,34,群益金鼎-三民,2023-07-18,9188
3540,曜越,34,3,31,群益金鼎-三民,2023-07-18,9188
2838,聯邦銀,34,5,29,群益金鼎-三民,2023-07-18,9188
8201,無敵,29,0,29,群益金鼎-三民,2023-07-18,9188
4532,瑞智,37,8,29,群益金鼎-三民,2023-07-18,9188
00720B,元大投資級公司債,28,0,28,群益金鼎-三民,2023-07-18,9188
2402,毅嘉,52,26,26,群益金鼎-三民,2023-07-18,9188
2303,聯電,25,2,23,群益金鼎-三民,2023-07-18,9188
2812,台中銀,33,10,23,群益金鼎-三民,2023-07-18,9188
6282,康舒,52,30,22,群益金鼎-三民,2023-07-18,9188
1736,喬山,22,0,22,群益金鼎-三民,2023-07-18,9188
2634,漢翔,30,10,20,群益金鼎-三民,2023-07-18,9188
00676R,富邦臺灣加權反1,20,0,20,群益金鼎-三民,2023-07-18,9188
912000,晨訊科-DR,20,0,20,群益金鼎-三民,2023-07-18,9188
3059,華晶科,20,1,19,群益金鼎-三民,2023-07-18,9188
3481,群創,39,20,19,群益金鼎-三民,2023-07-18,9188
3231,緯創,32,13,19,群益金鼎-三民,2023-07-18,9188
1609,大亞,63,45,18,群益金鼎-三民,2023-07-18,9188
6005,群益證,28,10,18,群益金鼎-三民,2023-07-18,9188
6191,精成科,51,33,18,群益金鼎-三民,2023-07-18,9188
1605,華新,17,0,17,群益金鼎-三民,2023-07-18,9188
4716,大立,17,0,17,群益金鼎-三民,2023-07-18,9188
3033,威健,16,0,16,群益金鼎-三民,2023-07-18,9188
5469,瀚宇博,31,16,15,群益金鼎-三民,2023-07-18,9188
2049,上銀,15,0,15,群益金鼎-三民,2023-07-18,9188
2515,中工,15,0,15,群益金鼎-三民,2023-07-18,9188
3071,協禧,47,32,15,群益金鼎-三民,2023-07-18,9188
8050,廣積,25,11,14,群益金鼎-三民,2023-07-18,9188
5244,弘凱,14,0,14,群益金鼎-三民,2023-07-18,9188
1101,台泥,14,1,13,群益金鼎-三民,2023-07-18,9188
2880,華南金,90,1,89,群益金鼎-三民,2023-07-19,9188
6005,群益證,83,0,83,群益金鼎-三民,2023-07-19,9188
2353,宏��,94,11,83,群益金鼎-三民,2023-07-19,9188
2323,中環,71,0,71,群益金鼎-三民,2023-07-19,9188
9904,寶成,70,2,68,群益金鼎-三民,2023-07-19,9188
2303,聯電,81,14,67,群益金鼎-三民,2023-07-19,9188
00900,富邦特選高股息30,69,11,58,群益金鼎-三民,2023-07-19,9188
6589,台康生技,55,0,55,群益金鼎-三民,2023-07-19,9188
2405,輔信,102,49,53,群益金鼎-三民,2023-07-19,9188
2838,聯邦銀,52,0,52,群益金鼎-三民,2023-07-19,9188
2329,華泰,75,26,49,群益金鼎-三民,2023-07-19,9188
3037,欣興,148,102,46,群益金鼎-三民,2023-07-19,9188
5009,榮剛,44,2,42,群益金鼎-三民,2023-07-19,9188
6116,彩晶,40,0,40,群益金鼎-三民,2023-07-19,9188
912000,晨訊科-DR,40,0,40,群益金鼎-三民,2023-07-19,9188
2618,長榮航,66,30,36,群益金鼎-三民,2023-07-19,9188
2610,華航,43,7,36,群益金鼎-三民,2023-07-19,9188
00665L,富邦�琤肭磪囓�2,32,0,32,群益金鼎-三民,2023-07-19,9188
00929,復華台灣科技優息,33,2,31,群益金鼎-三民,2023-07-19,9188
6214,精誠,32,1,31,群益金鼎-三民,2023-07-19,9188
3052,夆典,30,0,30,群益金鼎-三民,2023-07-19,9188
2419,仲琦,41,14,27,群益金鼎-三民,2023-07-19,9188
1528,恩德,26,1,25,群益金鼎-三民,2023-07-19,9188
2887,台新金,24,0,24,群益金鼎-三民,2023-07-19,9188
1101,台泥,26,2,24,群益金鼎-三民,2023-07-19,9188
3305,昇貿,45,22,23,群益金鼎-三民,2023-07-19,9188
1402,遠東新,23,0,23,群益金鼎-三民,2023-07-19,9188
8289,泰藝,22,0,22,群益金鼎-三民,2023-07-19,9188
2344,華邦電,27,5,22,群益金鼎-三民,2023-07-19,9188
2027,大成鋼,22,1,21,群益金鼎-三民,2023-07-19,9188
2461,光群雷,23,3,20,群益金鼎-三民,2023-07-19,9188
4563,百德,22,2,20,群益金鼎-三民,2023-07-19,9188
8222,寶一,30,10,20,群益金鼎-三民,2023-07-19,9188
1909,榮成,20,0,20,群益金鼎-三民,2023-07-19,9188
2425,承啟,32,12,20,群益金鼎-三民,2023-07-19,9188
4121,優盛,19,0,19,群益金鼎-三民,2023-07-19,9188
8021,尖點,19,0,19,群益金鼎-三民,2023-07-19,9188
2515,中工,24,5,19,群益金鼎-三民,2023-07-19,9188
1504,東元,24,6,18,群益金鼎-三民,2023-07-19,9188
1514,亞力,42,25,17,群益金鼎-三民,2023-07-19,9188
3057,喬鼎,20,3,17,群益金鼎-三民,2023-07-19,9188
2617,台航,17,0,17,群益金鼎-三民,2023-07-19,9188
8093,保銳,17,0,17,群益金鼎-三民,2023-07-19,9188
00882,中信中國高股息,16,0,16,群益金鼎-三民,2023-07-19,9188
2409,友達,26,11,15,群益金鼎-三民,2023-07-19,9188
2722,夏都,15,0,15,群益金鼎-三民,2023-07-19,9188
5230,雷笛克光學,15,0,15,群益金鼎-三民,2023-07-19,9188
6282,康舒,36,22,14,群益金鼎-三民,2023-07-19,9188
1609,大亞,26,12,14,群益金鼎-三民,2023-07-19,9188
3033,威健,15,1,14,群益金鼎-三民,2023-07-19,9188
3037,欣興,161,15,146,群益金鼎-三民,2023-07-20,9188
6770,力積電,106,4,102,群益金鼎-三民,2023-07-20,9188
2618,長榮航,122,42,80,群益金鼎-三民,2023-07-20,9188
2303,聯電,82,13,69,群益金鼎-三民,2023-07-20,9188
00885,富邦越南,63,0,63,群益金鼎-三民,2023-07-20,9188
00929,復華台灣科技優息,60,0,60,群益金鼎-三民,2023-07-20,9188
4123,晟德,77,20,57,群益金鼎-三民,2023-07-20,9188
2352,佳世達,78,22,56,群益金鼎-三民,2023-07-20,9188
3052,夆典,58,16,42,群益金鼎-三民,2023-07-20,9188
9904,寶成,40,0,40,群益金鼎-三民,2023-07-20,9188
6005,群益證,50,22,28,群益金鼎-三民,2023-07-20,9188
3706,神達,82,57,25,群益金鼎-三民,2023-07-20,9188
4934,太極,34,10,24,群益金鼎-三民,2023-07-20,9188
00893,國泰智能電動車,29,6,23,群益金鼎-三民,2023-07-20,9188
00891,中信關鍵半導體,23,0,23,群益金鼎-三民,2023-07-20,9188
3055,蔚華科,23,0,23,群益金鼎-三民,2023-07-20,9188
2344,華邦電,31,8,23,群益金鼎-三民,2023-07-20,9188
00892,富邦台灣半導體,22,0,22,群益金鼎-三民,2023-07-20,9188
2882,國泰金,22,1,21,群益金鼎-三民,2023-07-20,9188
1102,亞泥,20,0,20,群益金鼎-三民,2023-07-20,9188
2406,國碩,20,0,20,群益金鼎-三民,2023-07-20,9188
3289,宜特,30,11,19,群益金鼎-三民,2023-07-20,9188
6161,捷波,23,4,19,群益金鼎-三民,2023-07-20,9188
8926,台汽電,21,2,19,群益金鼎-三民,2023-07-20,9188
00712,復華富時不動產,28,10,18,群益金鼎-三民,2023-07-20,9188
4714,永捷,18,0,18,群益金鼎-三民,2023-07-20,9188
5388,中磊,23,6,17,群益金鼎-三民,2023-07-20,9188
2073,雄順,16,0,16,群益金鼎-三民,2023-07-20,9188
6150,撼訊,31,15,16,群益金鼎-三民,2023-07-20,9188
00726B,國泰新興投等債,15,0,15,群益金鼎-三民,2023-07-20,9188
4908,前鼎,23,8,15,群益金鼎-三民,2023-07-20,9188
8050,廣積,20,6,14,群益金鼎-三民,2023-07-20,9188
3071,協禧,16,2,14,群益金鼎-三民,2023-07-20,9188
6527,明達醫,14,0,14,群益金鼎-三民,2023-07-20,9188
3583,辛耘,23,9,14,群益金鼎-三民,2023-07-20,9188
2436,偉詮電,25,12,13,群益金鼎-三民,2023-07-20,9188
3028,增你強,13,0,13,群益金鼎-三民,2023-07-20,9188
8478,東哥遊艇,13,1,12,群益金鼎-三民,2023-07-20,9188
6128,上福,26,14,12,群益金鼎-三民,2023-07-20,9188
1789,神隆,14,3,11,群益金鼎-三民,2023-07-20,9188
4532,瑞智,11,0,11,群益金鼎-三民,2023-07-20,9188
2645,長榮航太,12,1,11,群益金鼎-三民,2023-07-20,9188
2812,台中銀,11,0,11,群益金鼎-三民,2023-07-20,9188
00882,中信中國高股息,11,1,10,群益金鼎-三民,2023-07-20,9188
5871,中租-KY,10,0,10,群益金鼎-三民,2023-07-20,9188
6531,愛普*,10,0,10,群益金鼎-三民,2023-07-20,9188
00725B,國泰投資級公司債,10,0,10,群益金鼎-三民,2023-07-20,9188
9907,統一實,10,0,10,群益金鼎-三民,2023-07-20,9188
2369,菱生,10,0,10,群益金鼎-三民,2023-07-20,9188
5905,南仁湖,10,0,10,群益金鼎-三民,2023-07-20,9188
6770,力積電,139,1,138,群益金鼎-三民,2023-07-21,9188
00891,中信關鍵半導體,89,0,89,群益金鼎-三民,2023-07-21,9188
2344,華邦電,88,14,74,群益金鼎-三民,2023-07-21,9188
9105,泰金寶-DR,70,0,70,群益金鼎-三民,2023-07-21,9188
4746,台耀,82,13,69,群益金鼎-三民,2023-07-21,9188
1736,喬山,68,2,66,群益金鼎-三民,2023-07-21,9188
2882,國泰金,60,0,60,群益金鼎-三民,2023-07-21,9188
00713,元大台灣高息低波,52,1,51,群益金鼎-三民,2023-07-21,9188
6275,元山,53,9,44,群益金鼎-三民,2023-07-21,9188
2303,聯電,55,17,38,群益金鼎-三民,2023-07-21,9188
1301,台塑,34,0,34,群益金鼎-三民,2023-07-21,9188
6223,旺矽,35,3,32,群益金鼎-三民,2023-07-21,9188
8289,泰藝,30,0,30,群益金鼎-三民,2023-07-21,9188
2017,官田鋼,29,0,29,群益金鼎-三民,2023-07-21,9188
8093,保銳,29,1,28,群益金鼎-三民,2023-07-21,9188
3013,晟銘電,61,34,27,群益金鼎-三民,2023-07-21,9188
5340,建榮,31,4,27,群益金鼎-三民,2023-07-21,9188
00929,復華台灣科技優息,71,45,26,群益金鼎-三民,2023-07-21,9188
3231,緯創,65,39,26,群益金鼎-三民,2023-07-21,9188
2409,友達,66,41,25,群益金鼎-三民,2023-07-21,9188
00927,群益半導體收益,24,0,24,群益金鼎-三民,2023-07-21,9188
2449,京元電子,26,4,22,群益金鼎-三民,2023-07-21,9188
6449,鈺邦,22,0,22,群益金鼎-三民,2023-07-21,9188
1442,名軒,20,0,20,群益金鼎-三民,2023-07-21,9188
2027,大成鋼,26,7,19,群益金鼎-三民,2023-07-21,9188
4510,高鋒,19,0,19,群益金鼎-三民,2023-07-21,9188
6282,康舒,36,18,18,群益金鼎-三民,2023-07-21,9188
2330,台積電,41,24,17,群益金鼎-三民,2023-07-21,9188
2883,凱基金,18,1,17,群益金鼎-三民,2023-07-21,9188
00673R,期元大S＆P原油反1,17,0,17,群益金鼎-三民,2023-07-21,9188
00720B,元大投資級公司債,17,0,17,群益金鼎-三民,2023-07-21,9188
8409,商之器,16,0,16,群益金鼎-三民,2023-07-21,9188
2073,雄順,16,0,16,群益金鼎-三民,2023-07-21,9188
00680L,元大美債20正2,16,0,16,群益金鼎-三民,2023-07-21,9188
4532,瑞智,49,33,16,群益金鼎-三民,2023-07-21,9188
00725B,國泰投資級公司債,15,0,15,群益金鼎-三民,2023-07-21,9188
2419,仲琦,45,30,15,群益金鼎-三民,2023-07-21,9188
6005,群益證,57,43,14,群益金鼎-三民,2023-07-21,9188
6443,元晶,16,2,14,群益金鼎-三民,2023-07-21,9188
6188,廣明,49,35,14,群益金鼎-三民,2023-07-21,9188
2630,亞航,17,4,13,群益金鼎-三民,2023-07-21,9188
2609,陽明,36,23,13,群益金鼎-三民,2023-07-21,9188
2002,中鋼,13,0,13,群益金鼎-三民,2023-07-21,9188
6187,萬潤,17,4,13,群益金鼎-三民,2023-07-21,9188
3706,神達,36,23,13,群益金鼎-三民,2023-07-21,9188
2618,長榮航,21,8,13,群益金鼎-三民,2023-07-21,9188
2352,佳世達,22,10,12,群益金鼎-三民,2023-07-21,9188
3105,穩懋,14,2,12,群益金鼎-三民,2023-07-21,9188
1313,聯成,12,0,12,群益金鼎-三民,2023-07-21,9188
1711,永光,13,1,12,群益金鼎-三民,2023-07-21,9188
2618,長榮航,129,9,120,群益金鼎-三民,2023-07-24,9188
2353,宏��,126,21,105,群益金鼎-三民,2023-07-24,9188
3596,智易,103,25,78,群益金鼎-三民,2023-07-24,9188
3481,群創,107,30,77,群益金鼎-三民,2023-07-24,9188
2885,元大金,78,1,77,群益金鼎-三民,2023-07-24,9188
5452,佶優,63,1,62,群益金鼎-三民,2023-07-24,9188
00772B,中信高評級公司債,61,0,61,群益金鼎-三民,2023-07-24,9188
2734,易飛網,43,3,40,群益金鼎-三民,2023-07-24,9188
2461,光群雷,124,86,38,群益金鼎-三民,2023-07-24,9188
6449,鈺邦,37,0,37,群益金鼎-三民,2023-07-24,9188
2303,聯電,51,16,35,群益金鼎-三民,2023-07-24,9188
00891,中信關鍵半導體,32,0,32,群益金鼎-三民,2023-07-24,9188
1604,聲寶,32,0,32,群益金鼎-三民,2023-07-24,9188
2890,永豐金,41,10,31,群益金鼎-三民,2023-07-24,9188
2405,輔信,30,1,29,群益金鼎-三民,2023-07-24,9188
2340,台亞,34,7,27,群益金鼎-三民,2023-07-24,9188
1514,亞力,30,3,27,群益金鼎-三民,2023-07-24,9188
2352,佳世達,49,22,27,群益金鼎-三民,2023-07-24,9188
3338,泰碩,68,43,25,群益金鼎-三民,2023-07-24,9188
3306,鼎天,34,9,25,群益金鼎-三民,2023-07-24,9188
9103,美德醫療-DR,25,0,25,群益金鼎-三民,2023-07-24,9188
2838,聯邦銀,25,0,25,群益金鼎-三民,2023-07-24,9188
1102,亞泥,25,1,24,群益金鼎-三民,2023-07-24,9188
3622,洋華,22,0,22,群益金鼎-三民,2023-07-24,9188
1504,東元,28,6,22,群益金鼎-三民,2023-07-24,9188
2312,金寶,27,5,22,群益金鼎-三民,2023-07-24,9188
00687B,國泰20年美債,30,9,21,群益金鼎-三民,2023-07-24,9188
00722B,群益投資級電信債,20,0,20,群益金鼎-三民,2023-07-24,9188
00885,富邦越南,24,4,20,群益金鼎-三民,2023-07-24,9188
5876,上海商銀,20,0,20,群益金鼎-三民,2023-07-24,9188
8121,越峰,20,0,20,群益金鼎-三民,2023-07-24,9188
4526,東台,20,0,20,群益金鼎-三民,2023-07-24,9188
1460,宏遠,32,13,19,群益金鼎-三民,2023-07-24,9188
6417,韋僑,22,3,19,群益金鼎-三民,2023-07-24,9188
2515,中工,20,1,19,群益金鼎-三民,2023-07-24,9188
4123,晟德,22,4,18,群益金鼎-三民,2023-07-24,9188
2634,漢翔,22,4,18,群益金鼎-三民,2023-07-24,9188
2609,陽明,21,4,17,群益金鼎-三民,2023-07-24,9188
00712,復華富時不動產,22,5,17,群益金鼎-三民,2023-07-24,9188
3272,東碩,17,0,17,群益金鼎-三民,2023-07-24,9188
1217,愛之味,22,5,17,群益金鼎-三民,2023-07-24,9188
4989,榮科,17,0,17,群益金鼎-三民,2023-07-24,9188
00725B,國泰投資級公司債,20,4,16,群益金鼎-三民,2023-07-24,9188
3213,茂訊,20,5,15,群益金鼎-三民,2023-07-24,9188
2419,仲琦,31,17,14,群益金鼎-三民,2023-07-24,9188
3264,欣銓,15,1,14,群益金鼎-三民,2023-07-24,9188
3363,上詮,13,0,13,群益金鼎-三民,2023-07-24,9188
3017,奇鋐,17,4,13,群益金鼎-三民,2023-07-24,9188
3583,辛耘,19,6,13,群益金鼎-三民,2023-07-24,9188
4533,協易機,20,7,13,群益金鼎-三民,2023-07-24,9188
00632R,元大台灣50反1,195,21,174,群益金鼎-三民,2023-07-25,9188
2421,建準,145,22,123,群益金鼎-三民,2023-07-25,9188
00679B,元大美債20年,80,0,80,群益金鼎-三民,2023-07-25,9188
2610,華航,74,11,63,群益金鼎-三民,2023-07-25,9188
9904,寶成,60,0,60,群益金鼎-三民,2023-07-25,9188
2515,中工,51,0,51,群益金鼎-三民,2023-07-25,9188
2014,中鴻,47,0,47,群益金鼎-三民,2023-07-25,9188
2328,廣宇,46,0,46,群益金鼎-三民,2023-07-25,9188
00929,復華台灣科技優息,33,0,33,群益金鼎-三民,2023-07-25,9188
4108,懷特,24,0,24,群益金鼎-三民,2023-07-25,9188
00919,群益台灣精選高息,25,2,23,群益金鼎-三民,2023-07-25,9188
2449,京元電子,31,9,22,群益金鼎-三民,2023-07-25,9188
00673R,期元大S＆P原油反1,22,1,21,群益金鼎-三民,2023-07-25,9188
00715L,期街口布蘭特正2,20,0,20,群益金鼎-三民,2023-07-25,9188
1463,強盛新,20,0,20,群益金鼎-三民,2023-07-25,9188
1905,華紙,30,10,20,群益金鼎-三民,2023-07-25,9188
00664R,國泰臺灣加權反1,20,0,20,群益金鼎-三民,2023-07-25,9188
6616,特昇-KY,20,0,20,群益金鼎-三民,2023-07-25,9188
6282,康舒,40,21,19,群益金鼎-三民,2023-07-25,9188
00772B,中信高評級公司債,27,10,17,群益金鼎-三民,2023-07-25,9188
2303,聯電,33,16,17,群益金鼎-三民,2023-07-25,9188
2316,楠梓電,20,3,17,群益金鼎-三民,2023-07-25,9188
1618,合機,36,19,17,群益金鼎-三民,2023-07-25,9188
3057,喬鼎,17,0,17,群益金鼎-三民,2023-07-25,9188
2368,金像電,58,42,16,群益金鼎-三民,2023-07-25,9188
2888,新光金,21,6,15,群益金鼎-三民,2023-07-25,9188
2073,雄順,15,1,14,群益金鼎-三民,2023-07-25,9188
3105,穩懋,16,2,14,群益金鼎-三民,2023-07-25,9188
5388,中磊,14,1,13,群益金鼎-三民,2023-07-25,9188
3594,磐儀,13,0,13,群益金鼎-三民,2023-07-25,9188
8409,商之器,13,0,13,群益金鼎-三民,2023-07-25,9188
00795B,中信美國公債20年,13,0,13,群益金鼎-三民,2023-07-25,9188
1815,富喬,15,2,13,群益金鼎-三民,2023-07-25,9188
3596,智易,14,2,12,群益金鼎-三民,2023-07-25,9188
5469,瀚宇博,21,9,12,群益金鼎-三民,2023-07-25,9188
2845,遠東銀,18,7,11,群益金鼎-三民,2023-07-25,9188
3058,立德,11,0,11,群益金鼎-三民,2023-07-25,9188
00687B,國泰20年美債,11,0,11,群益金鼎-三民,2023-07-25,9188
3702,大聯大,11,0,11,群益金鼎-三民,2023-07-25,9188
6218,豪勉,15,4,11,群益金鼎-三民,2023-07-25,9188
2340,台亞,20,9,11,群益金鼎-三民,2023-07-25,9188
3706,神達,20,10,10,群益金鼎-三民,2023-07-25,9188
00885,富邦越南,15,5,10,群益金鼎-三民,2023-07-25,9188
4953,緯軟,23,13,10,群益金鼎-三民,2023-07-25,9188
3062,建漢,10,0,10,群益金鼎-三民,2023-07-25,9188
00930,永豐ESG低碳高息,10,0,10,群益金鼎-三民,2023-07-25,9188
00712,復華富時不動產,10,0,10,群益金鼎-三民,2023-07-25,9188
2023,燁輝,10,0,10,群益金鼎-三民,2023-07-25,9188
4973,廣穎,10,0,10,群益金鼎-三民,2023-07-25,9188
3481,群創,16,7,9,群益金鼎-三民,2023-07-25,9188
8936,國統,200,0,200,群益金鼎-三民,2023-07-26,9188
1605,華新,204,13,191,群益金鼎-三民,2023-07-26,9188
6015,宏遠證,182,34,148,群益金鼎-三民,2023-07-26,9188
2855,統一證,70,0,70,群益金鼎-三民,2023-07-26,9188
8201,無敵,52,0,52,群益金鼎-三民,2023-07-26,9188
1504,東元,81,35,46,群益金鼎-三民,2023-07-26,9188
00929,復華台灣科技優息,42,0,42,群益金鼎-三民,2023-07-26,9188
2352,佳世達,64,25,39,群益金鼎-三民,2023-07-26,9188
6187,萬潤,44,8,36,群益金鼎-三民,2023-07-26,9188
6223,旺矽,37,3,34,群益金鼎-三民,2023-07-26,9188
6449,鈺邦,32,0,32,群益金鼎-三民,2023-07-26,9188
1608,華榮,33,1,32,群益金鼎-三民,2023-07-26,9188
1709,和益,29,0,29,群益金鼎-三民,2023-07-26,9188
00923,群益台ESG低碳50,26,0,26,群益金鼎-三民,2023-07-26,9188
1229,聯華,26,1,25,群益金鼎-三民,2023-07-26,9188
5432,新門,25,0,25,群益金鼎-三民,2023-07-26,9188
3029,零壹,41,16,25,群益金鼎-三民,2023-07-26,9188
8926,台汽電,24,0,24,群益金鼎-三民,2023-07-26,9188
00891,中信關鍵半導體,23,0,23,群益金鼎-三民,2023-07-26,9188
00679B,元大美債20年,22,0,22,群益金鼎-三民,2023-07-26,9188
1736,喬山,22,0,22,群益金鼎-三民,2023-07-26,9188
6548,長科*,22,0,22,群益金鼎-三民,2023-07-26,9188
8027,鈦昇,24,2,22,群益金鼎-三民,2023-07-26,9188
6274,台燿,51,30,21,群益金鼎-三民,2023-07-26,9188
2405,輔信,62,41,21,群益金鼎-三民,2023-07-26,9188
3306,鼎天,31,10,21,群益金鼎-三民,2023-07-26,9188
6841,長佳智能,25,4,21,群益金鼎-三民,2023-07-26,9188
00927,群益半導體收益,19,0,19,群益金鼎-三民,2023-07-26,9188
2368,金像電,34,15,19,群益金鼎-三民,2023-07-26,9188
2356,英業達,75,56,19,群益金鼎-三民,2023-07-26,9188
1752,南光,22,3,19,群益金鼎-三民,2023-07-26,9188
1460,宏遠,20,2,18,群益金鼎-三民,2023-07-26,9188
2399,映泰,18,0,18,群益金鼎-三民,2023-07-26,9188
00772B,中信高評級公司債,17,0,17,群益金鼎-三民,2023-07-26,9188
2027,大成鋼,19,2,17,群益金鼎-三民,2023-07-26,9188
2073,雄順,16,0,16,群益金鼎-三民,2023-07-26,9188
00751B,元大AAA至A公司債,16,0,16,群益金鼎-三民,2023-07-26,9188
00719B,元大美債1-3,16,0,16,群益金鼎-三民,2023-07-26,9188
1514,亞力,16,1,15,群益金鼎-三民,2023-07-26,9188
2421,建準,41,27,14,群益金鼎-三民,2023-07-26,9188
00687B,國泰20年美債,14,0,14,群益金鼎-三民,2023-07-26,9188
4129,聯合,14,0,14,群益金鼎-三民,2023-07-26,9188
1609,大亞,18,4,14,群益金鼎-三民,2023-07-26,9188
6158,禾昌,18,4,14,群益金鼎-三民,2023-07-26,9188
3591,艾笛森,16,2,14,群益金鼎-三民,2023-07-26,9188
8093,保銳,19,5,14,群益金鼎-三民,2023-07-26,9188
3693,營邦,31,18,13,群益金鼎-三民,2023-07-26,9188
6161,捷波,24,11,13,群益金鼎-三民,2023-07-26,9188
1471,首利,27,14,13,群益金鼎-三民,2023-07-26,9188
8234,新漢,17,4,13,群益金鼎-三民,2023-07-26,9188
3481,群創,400,169,231,群益金鼎-三民,2023-07-27,9188
8936,國統,126,6,120,群益金鼎-三民,2023-07-27,9188
2633,台灣高鐵,100,0,100,群益金鼎-三民,2023-07-27,9188
00679B,元大美債20年,84,0,84,群益金鼎-三民,2023-07-27,9188
00885,富邦越南,110,34,76,群益金鼎-三民,2023-07-27,9188
4113,聯上,53,0,53,群益金鼎-三民,2023-07-27,9188
6405,悅城,50,0,50,群益金鼎-三民,2023-07-27,9188
2883,凱基金,74,25,49,群益金鼎-三民,2023-07-27,9188
1471,首利,43,0,43,群益金鼎-三民,2023-07-27,9188
00902,中信電池及儲能,43,0,43,群益金鼎-三民,2023-07-27,9188
2801,彰銀,40,0,40,群益金鼎-三民,2023-07-27,9188
2352,佳世達,40,3,37,群益金鼎-三民,2023-07-27,9188
2409,友達,154,121,33,群益金鼎-三民,2023-07-27,9188
2812,台中銀,32,0,32,群益金鼎-三民,2023-07-27,9188
8222,寶一,30,0,30,群益金鼎-三民,2023-07-27,9188
3059,華晶科,34,6,28,群益金鼎-三民,2023-07-27,9188
1609,大亞,27,0,27,群益金鼎-三民,2023-07-27,9188
2405,輔信,88,64,24,群益金鼎-三民,2023-07-27,9188
3013,晟銘電,69,45,24,群益金鼎-三民,2023-07-27,9188
1504,東元,37,15,22,群益金鼎-三民,2023-07-27,9188
4979,華星光,44,22,22,群益金鼎-三民,2023-07-27,9188
5410,國眾,21,1,20,群益金鼎-三民,2023-07-27,9188
3576,聯合再生,20,0,20,群益金鼎-三民,2023-07-27,9188
2603,長榮,31,11,20,群益金鼎-三民,2023-07-27,9188
6005,群益證,20,0,20,群益金鼎-三民,2023-07-27,9188
2002,中鋼,39,20,19,群益金鼎-三民,2023-07-27,9188
00665L,富邦�琤肭磪囓�2,19,1,18,群益金鼎-三民,2023-07-27,9188
2340,台亞,29,13,16,群益金鼎-三民,2023-07-27,9188
2421,建準,62,46,16,群益金鼎-三民,2023-07-27,9188
3037,欣興,30,14,16,群益金鼎-三民,2023-07-27,9188
00664R,國泰臺灣加權反1,15,0,15,群益金鼎-三民,2023-07-27,9188
2392,正崴,15,0,15,群益金鼎-三民,2023-07-27,9188
3209,全科,15,0,15,群益金鼎-三民,2023-07-27,9188
2441,超豐,15,0,15,群益金鼎-三民,2023-07-27,9188
6188,廣明,31,16,15,群益金鼎-三民,2023-07-27,9188
1229,聯華,14,0,14,群益金鼎-三民,2023-07-27,9188
00650L,復華香港正2,14,0,14,群益金鼎-三民,2023-07-27,9188
00772B,中信高評級公司債,13,0,13,群益金鼎-三民,2023-07-27,9188
00753L,中信中國50正2,13,0,13,群益金鼎-三民,2023-07-27,9188
3689,湧德,30,17,13,群益金鼎-三民,2023-07-27,9188
2324,仁寶,16,4,12,群益金鼎-三民,2023-07-27,9188
4111,濟生,12,0,12,群益金鼎-三民,2023-07-27,9188
5340,建榮,12,0,12,群益金鼎-三民,2023-07-27,9188
00687B,國泰20年美債,12,0,12,群益金鼎-三民,2023-07-27,9188
2609,陽明,21,9,12,群益金鼎-三民,2023-07-27,9188
00662,富邦NASDAQ,11,0,11,群益金鼎-三民,2023-07-27,9188
00795B,中信美國公債20年,11,0,11,群益金鼎-三民,2023-07-27,9188
3049,精金,14,3,11,群益金鼎-三民,2023-07-27,9188
2882,國泰金,19,8,11,群益金鼎-三民,2023-07-27,9188
2471,資通,22,11,11,群益金鼎-三民,2023-07-27,9188
00712,復華富時不動產,120,2,118,群益金鼎-三民,2023-07-28,9188
00679B,元大美債20年,160,61,99,群益金鼎-三民,2023-07-28,9188
2303,聯電,85,10,75,群益金鼎-三民,2023-07-28,9188
00680L,元大美債20正2,66,0,66,群益金鼎-三民,2023-07-28,9188
2610,華航,79,21,58,群益金鼎-三民,2023-07-28,9188
2888,新光金,72,21,51,群益金鼎-三民,2023-07-28,9188
00687B,國泰20年美債,50,0,50,群益金鼎-三民,2023-07-28,9188
6841,長佳智能,53,3,50,群益金鼎-三民,2023-07-28,9188
00751B,元大AAA至A公司債,49,0,49,群益金鼎-三民,2023-07-28,9188
5608,四維航,50,2,48,群益金鼎-三民,2023-07-28,9188
2913,農林,131,88,43,群益金鼎-三民,2023-07-28,9188
2027,大成鋼,45,3,42,群益金鼎-三民,2023-07-28,9188
2885,元大金,42,1,41,群益金鼎-三民,2023-07-28,9188
9103,美德醫療-DR,39,0,39,群益金鼎-三民,2023-07-28,9188
2405,輔信,51,13,38,群益金鼎-三民,2023-07-28,9188
3231,緯創,136,101,35,群益金鼎-三民,2023-07-28,9188
00688L,國泰20年美債正2,34,0,34,群益金鼎-三民,2023-07-28,9188
2337,旺宏,31,0,31,群益金鼎-三民,2023-07-28,9188
2002,中鋼,30,0,30,群益金鼎-三民,2023-07-28,9188
00772B,中信高評級公司債,28,0,28,群益金鼎-三民,2023-07-28,9188
8403,盛弘,30,2,28,群益金鼎-三民,2023-07-28,9188
1904,正隆,30,5,25,群益金鼎-三民,2023-07-28,9188
1612,宏泰,53,28,25,群益金鼎-三民,2023-07-28,9188
4533,協易機,36,11,25,群益金鼎-三民,2023-07-28,9188
00795B,中信美國公債20年,22,0,22,群益金鼎-三民,2023-07-28,9188
00720B,元大投資級公司債,22,0,22,群益金鼎-三民,2023-07-28,9188
00929,復華台灣科技優息,23,3,20,群益金鼎-三民,2023-07-28,9188
2356,英業達,46,27,19,群益金鼎-三民,2023-07-28,9188
2014,中鴻,22,3,19,群益金鼎-三民,2023-07-28,9188
00722B,群益投資級電信債,19,0,19,群益金鼎-三民,2023-07-28,9188
1503,士電,20,1,19,群益金鼎-三民,2023-07-28,9188
4973,廣穎,18,0,18,群益金鼎-三民,2023-07-28,9188
6761,穩得,17,0,17,群益金鼎-三民,2023-07-28,9188
2317,鴻海,24,8,16,群益金鼎-三民,2023-07-28,9188
3580,友威科,16,0,16,群益金鼎-三民,2023-07-28,9188
2883,凱基金,16,0,16,群益金鼎-三民,2023-07-28,9188
2891,中信金,17,1,16,群益金鼎-三民,2023-07-28,9188
1609,大亞,15,0,15,群益金鼎-三民,2023-07-28,9188
3029,零壹,29,14,15,群益金鼎-三民,2023-07-28,9188
6125,廣運,28,13,15,群益金鼎-三民,2023-07-28,9188
00885,富邦越南,24,9,15,群益金鼎-三民,2023-07-28,9188
3265,台星科,19,5,14,群益金鼎-三民,2023-07-28,9188
2702,華園,14,0,14,群益金鼎-三民,2023-07-28,9188
3114,好德,13,0,13,群益金鼎-三民,2023-07-28,9188
8358,金居,41,28,13,群益金鼎-三民,2023-07-28,9188
3055,蔚華科,22,9,13,群益金鼎-三民,2023-07-28,9188
1312,國喬,12,0,12,群益金鼎-三民,2023-07-28,9188
1504,東元,19,7,12,群益金鼎-三民,2023-07-28,9188
1608,華榮,15,3,12,群益金鼎-三民,2023-07-28,9188
2498,宏達電,15,3,12,群益金鼎-三民,2023-07-28,9188
00929,復華台灣科技優息,213,1,212,群益金鼎-三民,2023-07-31,9188
2609,陽明,160,2,158,群益金鼎-三民,2023-07-31,9188
2353,宏��,134,2,132,群益金鼎-三民,2023-07-31,9188
4113,聯上,108,0,108,群益金鼎-三民,2023-07-31,9188
3013,晟銘電,93,12,81,群益金鼎-三民,2023-07-31,9188
00878,國泰永續高股息,159,78,81,群益金鼎-三民,2023-07-31,9188
2352,佳世達,87,19,68,群益金鼎-三民,2023-07-31,9188
3231,緯創,103,43,60,群益金鼎-三民,2023-07-31,9188
2615,萬海,65,8,57,群益金鼎-三民,2023-07-31,9188
1314,中石化,86,30,56,群益金鼎-三民,2023-07-31,9188
00680L,元大美債20正2,50,0,50,群益金鼎-三民,2023-07-31,9188
2426,鼎元,47,0,47,群益金鼎-三民,2023-07-31,9188
2603,長榮,53,7,46,群益金鼎-三民,2023-07-31,9188
2444,兆勁,50,7,43,群益金鼎-三民,2023-07-31,9188
2618,長榮航,59,17,42,群益金鼎-三民,2023-07-31,9188
8926,台汽電,42,1,41,群益金鼎-三民,2023-07-31,9188
2409,友達,101,63,38,群益金鼎-三民,2023-07-31,9188
2312,金寶,117,80,37,群益金鼎-三民,2023-07-31,9188
2206,三陽工業,36,0,36,群益金鼎-三民,2023-07-31,9188
00919,群益台灣精選高息,58,25,33,群益金鼎-三民,2023-07-31,9188
5608,四維航,31,0,31,群益金鼎-三民,2023-07-31,9188
1905,華紙,70,40,30,群益金鼎-三民,2023-07-31,9188
3264,欣銓,51,21,30,群益金鼎-三民,2023-07-31,9188
9103,美德醫療-DR,30,0,30,群益金鼎-三民,2023-07-31,9188
00720B,元大投資級公司債,28,0,28,群益金鼎-三民,2023-07-31,9188
2834,臺企銀,34,6,28,群益金鼎-三民,2023-07-31,9188
2892,第一金,55,28,27,群益金鼎-三民,2023-07-31,9188
00673R,期元大S＆P原油反1,26,0,26,群益金鼎-三民,2023-07-31,9188
6223,旺矽,35,11,24,群益金鼎-三民,2023-07-31,9188
00679B,元大美債20年,88,66,22,群益金鼎-三民,2023-07-31,9188
00740B,富邦全球投等債,22,0,22,群益金鼎-三民,2023-07-31,9188
00751B,元大AAA至A公司債,21,0,21,群益金鼎-三民,2023-07-31,9188
2382,廣達,48,27,21,群益金鼎-三民,2023-07-31,9188
00676R,富邦臺灣加權反1,20,0,20,群益金鼎-三民,2023-07-31,9188
2392,正崴,21,1,20,群益金鼎-三民,2023-07-31,9188
2002,中鋼,29,10,19,群益金鼎-三民,2023-07-31,9188
2402,毅嘉,25,8,17,群益金鼎-三民,2023-07-31,9188
3711,日月光投控,23,7,16,群益金鼎-三民,2023-07-31,9188
3252,海灣,16,0,16,群益金鼎-三民,2023-07-31,9188
1815,富喬,33,17,16,群益金鼎-三民,2023-07-31,9188
5392,能率,16,1,15,群益金鼎-三民,2023-07-31,9188
2303,聯電,22,9,13,群益金鼎-三民,2023-07-31,9188
6175,立敦,13,0,13,群益金鼎-三民,2023-07-31,9188
6180,橘子,13,0,13,群益金鼎-三民,2023-07-31,9188
0056,元大高股息,79,66,13,群益金鼎-三民,2023-07-31,9188
2441,超豐,13,0,13,群益金鼎-三民,2023-07-31,9188
2357,華碩,27,15,12,群益金鼎-三民,2023-07-31,9188
6690,安�硌穈T,12,0,12,群益金鼎-三民,2023-07-31,9188
1504,東元,15,3,12,群益金鼎-三民,2023-07-31,9188
6161,捷波,16,4,12,群益金鼎-三民,2023-07-31,9188
4113,聯上,167,0,167,群益金鼎-三民,2023-08-01,9188
00929,復華台灣科技優息,92,10,82,群益金鼎-三民,2023-08-01,9188
2352,佳世達,97,26,71,群益金鼎-三民,2023-08-01,9188
6274,台燿,82,15,67,群益金鼎-三民,2023-08-01,9188
2363,矽統,122,57,65,群益金鼎-三民,2023-08-01,9188
9103,美德醫療-DR,60,0,60,群益金鼎-三民,2023-08-01,9188
0056,元大高股息,67,15,52,群益金鼎-三民,2023-08-01,9188
2301,光寶科,73,28,45,群益金鼎-三民,2023-08-01,9188
00665L,富邦�琤肭磪囓�2,46,2,44,群益金鼎-三民,2023-08-01,9188
2353,宏��,76,33,43,群益金鼎-三民,2023-08-01,9188
3305,昇貿,40,0,40,群益金鼎-三民,2023-08-01,9188
2609,陽明,43,3,40,群益金鼎-三民,2023-08-01,9188
00885,富邦越南,56,16,40,群益金鼎-三民,2023-08-01,9188
2208,台船,41,3,38,群益金鼎-三民,2023-08-01,9188
1905,華紙,54,21,33,群益金鼎-三民,2023-08-01,9188
2344,華邦電,75,44,31,群益金鼎-三民,2023-08-01,9188
2337,旺宏,30,2,28,群益金鼎-三民,2023-08-01,9188
00650L,復華香港正2,28,0,28,群益金鼎-三民,2023-08-01,9188
2801,彰銀,25,0,25,群益金鼎-三民,2023-08-01,9188
2312,金寶,58,33,25,群益金鼎-三民,2023-08-01,9188
8027,鈦昇,53,29,24,群益金鼎-三民,2023-08-01,9188
8068,全達,34,11,23,群益金鼎-三民,2023-08-01,9188
00923,群益台ESG低碳50,22,0,22,群益金鼎-三民,2023-08-01,9188
00753L,中信中國50正2,22,0,22,群益金鼎-三民,2023-08-01,9188
1587,吉茂,22,0,22,群益金鼎-三民,2023-08-01,9188
4707,磐亞,22,0,22,群益金鼎-三民,2023-08-01,9188
3558,神準,23,2,21,群益金鼎-三民,2023-08-01,9188
2105,正新,21,0,21,群益金鼎-三民,2023-08-01,9188
4979,華星光,37,17,20,群益金鼎-三民,2023-08-01,9188
1460,宏遠,24,4,20,群益金鼎-三民,2023-08-01,9188
6282,康舒,33,15,18,群益金鼎-三民,2023-08-01,9188
1513,中興電,21,5,16,群益金鼎-三民,2023-08-01,9188
3209,全科,17,1,16,群益金鼎-三民,2023-08-01,9188
8409,商之器,17,1,16,群益金鼎-三民,2023-08-01,9188
00633L,富邦上証正2,16,0,16,群益金鼎-三民,2023-08-01,9188
00919,群益台灣精選高息,16,0,16,群益金鼎-三民,2023-08-01,9188
3029,零壹,28,13,15,群益金鼎-三民,2023-08-01,9188
6218,豪勉,21,6,15,群益金鼎-三民,2023-08-01,9188
4989,榮科,15,0,15,群益金鼎-三民,2023-08-01,9188
8390,金益鼎,17,2,15,群益金鼎-三民,2023-08-01,9188
2891,中信金,16,2,14,群益金鼎-三民,2023-08-01,9188
2489,瑞軒,14,0,14,群益金鼎-三民,2023-08-01,9188
3017,奇鋐,14,1,13,群益金鼎-三民,2023-08-01,9188
00878,國泰永續高股息,89,77,12,群益金鼎-三民,2023-08-01,9188
2614,東森,12,0,12,群益金鼎-三民,2023-08-01,9188
1784,訊聯,23,11,12,群益金鼎-三民,2023-08-01,9188
6509,聚和,12,0,12,群益金鼎-三民,2023-08-01,9188
2206,三陽工業,11,0,11,群益金鼎-三民,2023-08-01,9188
5210,寶碩,11,0,11,群益金鼎-三民,2023-08-01,9188
6161,捷波,14,3,11,群益金鼎-三民,2023-08-01,9188
00900,富邦特選高股息30,447,73,374,群益金鼎-三民,2023-08-02,9188
00680L,元大美債20正2,228,0,228,群益金鼎-三民,2023-08-02,9188
00878,國泰永續高股息,215,28,187,群益金鼎-三民,2023-08-02,9188
9105,泰金寶-DR,180,0,180,群益金鼎-三民,2023-08-02,9188
2913,農林,212,64,148,群益金鼎-三民,2023-08-02,9188
00929,復華台灣科技優息,146,3,143,群益金鼎-三民,2023-08-02,9188
2883,凱基金,138,0,138,群益金鼎-三民,2023-08-02,9188
00687B,國泰20年美債,125,0,125,群益金鼎-三民,2023-08-02,9188
3596,智易,115,4,111,群益金鼎-三民,2023-08-02,9188
0056,元大高股息,150,42,108,群益金鼎-三民,2023-08-02,9188
00923,群益台ESG低碳50,97,2,95,群益金鼎-三民,2023-08-02,9188
2344,華邦電,100,8,92,群益金鼎-三民,2023-08-02,9188
2880,華南金,90,0,90,群益金鼎-三民,2023-08-02,9188
2356,英業達,165,78,87,群益金鼎-三民,2023-08-02,9188
2409,友達,86,13,73,群益金鼎-三民,2023-08-02,9188
2834,臺企銀,103,44,59,群益金鼎-三民,2023-08-02,9188
00927,群益半導體收益,55,0,55,群益金鼎-三民,2023-08-02,9188
00679B,元大美債20年,55,0,55,群益金鼎-三民,2023-08-02,9188
2897,王道銀行,54,0,54,群益金鼎-三民,2023-08-02,9188
6015,宏遠證,50,1,49,群益金鼎-三民,2023-08-02,9188
1905,華紙,154,105,49,群益金鼎-三民,2023-08-02,9188
3231,緯創,85,40,45,群益金鼎-三民,2023-08-02,9188
00882,中信中國高股息,48,5,43,群益金鼎-三民,2023-08-02,9188
2353,宏��,44,2,42,群益金鼎-三民,2023-08-02,9188
00795B,中信美國公債20年,34,0,34,群益金鼎-三民,2023-08-02,9188
6016,康和證,33,0,33,群益金鼎-三民,2023-08-02,9188
6161,捷波,35,2,33,群益金鼎-三民,2023-08-02,9188
2352,佳世達,53,21,32,群益金鼎-三民,2023-08-02,9188
2402,毅嘉,52,21,31,群益金鼎-三民,2023-08-02,9188
2890,永豐金,40,10,30,群益金鼎-三民,2023-08-02,9188
2885,元大金,28,0,28,群益金鼎-三民,2023-08-02,9188
00688L,國泰20年美債正2,26,0,26,群益金鼎-三民,2023-08-02,9188
00665L,富邦�琤肭磪囓�2,24,0,24,群益金鼎-三民,2023-08-02,9188
2612,中航,24,0,24,群益金鼎-三民,2023-08-02,9188
8027,鈦昇,23,0,23,群益金鼎-三民,2023-08-02,9188
00650L,復華香港正2,21,0,21,群益金鼎-三民,2023-08-02,9188
00764B,群益25年美債,22,1,21,群益金鼎-三民,2023-08-02,9188
2382,廣達,59,38,21,群益金鼎-三民,2023-08-02,9188
1314,中石化,23,3,20,群益金鼎-三民,2023-08-02,9188
00720B,元大投資級公司債,19,0,19,群益金鼎-三民,2023-08-02,9188
9945,潤泰新,18,0,18,群益金鼎-三民,2023-08-02,9188
3504,揚明光,18,0,18,群益金鼎-三民,2023-08-02,9188
2887,台新金,18,1,17,群益金鼎-三民,2023-08-02,9188
2401,凌陽,21,4,17,群益金鼎-三民,2023-08-02,9188
2801,彰銀,17,0,17,群益金鼎-三民,2023-08-02,9188
00919,群益台灣精選高息,16,0,16,群益金鼎-三民,2023-08-02,9188
6282,康舒,35,20,15,群益金鼎-三民,2023-08-02,9188
1785,光洋科,28,13,15,群益金鼎-三民,2023-08-02,9188
6274,台燿,47,32,15,群益金鼎-三民,2023-08-02,9188
00751B,元大AAA至A公司債,15,0,15,群益金鼎-三民,2023-08-02,9188
00900,富邦特選高股息30,815,46,769,群益金鼎-三民,2023-08-04,9188
00680L,元大美債20正2,443,0,443,群益金鼎-三民,2023-08-04,9188
9105,泰金寶-DR,184,0,184,群益金鼎-三民,2023-08-04,9188
00679B,元大美債20年,245,129,116,群益金鼎-三民,2023-08-04,9188
00632R,元大台灣50反1,130,14,116,群益金鼎-三民,2023-08-04,9188
00687B,國泰20年美債,114,0,114,群益金鼎-三民,2023-08-04,9188
2344,華邦電,108,17,91,群益金鼎-三民,2023-08-04,9188
1605,華新,78,10,68,群益金鼎-三民,2023-08-04,9188
00795B,中信美國公債20年,67,0,67,群益金鼎-三民,2023-08-04,9188
00712,復華富時不動產,52,1,51,群益金鼎-三民,2023-08-04,9188
2369,菱生,50,0,50,群益金鼎-三民,2023-08-04,9188
00772B,中信高評級公司債,45,0,45,群益金鼎-三民,2023-08-04,9188
00929,復華台灣科技優息,45,0,45,群益金鼎-三民,2023-08-04,9188
3231,緯創,134,93,41,群益金鼎-三民,2023-08-04,9188
2884,玉山金,35,0,35,群益金鼎-三民,2023-08-04,9188
00688L,國泰20年美債正2,29,0,29,群益金鼎-三民,2023-08-04,9188
2891,中信金,29,0,29,群益金鼎-三民,2023-08-04,9188
3284,太普高,28,0,28,群益金鼎-三民,2023-08-04,9188
00885,富邦越南,28,0,28,群益金鼎-三民,2023-08-04,9188
2883,凱基金,30,2,28,群益金鼎-三民,2023-08-04,9188
00722B,群益投資級電信債,28,0,28,群益金鼎-三民,2023-08-04,9188
1210,大成,28,1,27,群益金鼎-三民,2023-08-04,9188
00720B,元大投資級公司債,26,0,26,群益金鼎-三民,2023-08-04,9188
1609,大亞,66,40,26,群益金鼎-三民,2023-08-04,9188
00751B,元大AAA至A公司債,25,0,25,群益金鼎-三民,2023-08-04,9188
3035,智原,23,0,23,群益金鼎-三民,2023-08-04,9188
00725B,國泰投資級公司債,22,0,22,群益金鼎-三民,2023-08-04,9188
3481,群創,25,3,22,群益金鼎-三民,2023-08-04,9188
8021,尖點,22,0,22,群益金鼎-三民,2023-08-04,9188
1727,中華化,22,1,21,群益金鼎-三民,2023-08-04,9188
2105,正新,21,0,21,群益金鼎-三民,2023-08-04,9188
00773B,中信優先金融債,21,0,21,群益金鼎-三民,2023-08-04,9188
00670L,富邦NASDAQ正2,20,0,20,群益金鼎-三民,2023-08-04,9188
00923,群益台ESG低碳50,20,0,20,群益金鼎-三民,2023-08-04,9188
2845,遠東銀,16,0,16,群益金鼎-三民,2023-08-04,9188
8215,明基材,16,0,16,群益金鼎-三民,2023-08-04,9188
2206,三陽工業,23,8,15,群益金鼎-三民,2023-08-04,9188
2376,技嘉,23,8,15,群益金鼎-三民,2023-08-04,9188
2371,大同,15,0,15,群益金鼎-三民,2023-08-04,9188
5871,中租-KY,14,0,14,群益金鼎-三民,2023-08-04,9188
2412,中華電,29,15,14,群益金鼎-三民,2023-08-04,9188
3013,晟銘電,20,8,12,群益金鼎-三民,2023-08-04,9188
8150,南茂,12,0,12,群益金鼎-三民,2023-08-04,9188
3706,神達,33,22,11,群益金鼎-三民,2023-08-04,9188
3711,日月光投控,11,0,11,群益金鼎-三民,2023-08-04,9188
1904,正隆,13,2,11,群益金鼎-三民,2023-08-04,9188
2330,台積電,13,2,11,群益金鼎-三民,2023-08-04,9188
0050,元大台灣50,10,0,10,群益金鼎-三民,2023-08-04,9188
6161,捷波,15,5,10,群益金鼎-三民,2023-08-04,9188
3049,精金,10,0,10,群益金鼎-三民,2023-08-04,9188
5009,榮剛,80,16,64,群益金鼎-三民,2023-08-07,9188
00687B,國泰20年美債,62,3,59,群益金鼎-三民,2023-08-07,9188
9105,泰金寶-DR,56,0,56,群益金鼎-三民,2023-08-07,9188
00923,群益台ESG低碳50,52,1,51,群益金鼎-三民,2023-08-07,9188
6015,宏遠證,51,0,51,群益金鼎-三民,2023-08-07,9188
00664R,國泰臺灣加權反1,40,0,40,群益金鼎-三民,2023-08-07,9188
2464,盟立,74,40,34,群益金鼎-三民,2023-08-07,9188
2645,長榮航太,31,0,31,群益金鼎-三民,2023-08-07,9188
3305,昇貿,32,1,31,群益金鼎-三民,2023-08-07,9188
2618,長榮航,104,74,30,群益金鼎-三民,2023-08-07,9188
00902,中信電池及儲能,28,0,28,群益金鼎-三民,2023-08-07,9188
2401,凌陽,31,4,27,群益金鼎-三民,2023-08-07,9188
00929,復華台灣科技優息,58,31,27,群益金鼎-三民,2023-08-07,9188
6223,旺矽,27,2,25,群益金鼎-三民,2023-08-07,9188
2409,友達,29,5,24,群益金鼎-三民,2023-08-07,9188
3029,零壹,34,11,23,群益金鼎-三民,2023-08-07,9188
00637L,元大滬深300正2,29,6,23,群益金鼎-三民,2023-08-07,9188
00795B,中信美國公債20年,22,0,22,群益金鼎-三民,2023-08-07,9188
2208,台船,20,0,20,群益金鼎-三民,2023-08-07,9188
3325,旭品,27,7,20,群益金鼎-三民,2023-08-07,9188
1609,大亞,26,6,20,群益金鼎-三民,2023-08-07,9188
2388,威盛,46,26,20,群益金鼎-三民,2023-08-07,9188
2014,中鴻,26,7,19,群益金鼎-三民,2023-08-07,9188
3706,神達,62,45,17,群益金鼎-三民,2023-08-07,9188
2891,中信金,25,8,17,群益金鼎-三民,2023-08-07,9188
2206,三陽工業,19,2,17,群益金鼎-三民,2023-08-07,9188
6016,康和證,17,0,17,群益金鼎-三民,2023-08-07,9188
2316,楠梓電,18,2,16,群益金鼎-三民,2023-08-07,9188
2913,農林,39,23,16,群益金鼎-三民,2023-08-07,9188
4128,中天,15,0,15,群益金鼎-三民,2023-08-07,9188
00919,群益台灣精選高息,24,10,14,群益金鼎-三民,2023-08-07,9188
3580,友威科,15,1,14,群益金鼎-三民,2023-08-07,9188
2903,遠百,14,0,14,群益金鼎-三民,2023-08-07,9188
00665L,富邦�琤肭磪囓�2,14,0,14,群益金鼎-三民,2023-08-07,9188
5351,鈺創,13,0,13,群益金鼎-三民,2023-08-07,9188
00753L,中信中國50正2,13,0,13,群益金鼎-三民,2023-08-07,9188
00927,群益半導體收益,12,0,12,群益金鼎-三民,2023-08-07,9188
2489,瑞軒,13,1,12,群益金鼎-三民,2023-08-07,9188
00907,永豐優息存股,12,0,12,群益金鼎-三民,2023-08-07,9188
3689,湧德,31,19,12,群益金鼎-三民,2023-08-07,9188
6274,台燿,65,53,12,群益金鼎-三民,2023-08-07,9188
00650L,復華香港正2,12,0,12,群益金鼎-三民,2023-08-07,9188
4707,磐亞,12,0,12,群益金鼎-三民,2023-08-07,9188
2610,華航,20,9,11,群益金鼎-三民,2023-08-07,9188
4743,合一,11,0,11,群益金鼎-三民,2023-08-07,9188
1109,信大,11,0,11,群益金鼎-三民,2023-08-07,9188
1785,光洋科,13,3,10,群益金鼎-三民,2023-08-07,9188
4906,正文,12,3,9,群益金鼎-三民,2023-08-07,9188
8299,群聯,9,0,9,群益金鼎-三民,2023-08-07,9188
00722B,群益投資級電信債,9,0,9,群益金鼎-三民,2023-08-07,9188
2516,新建,200,2,198,群益金鼎-三民,2023-08-08,9188
00923,群益台ESG低碳50,144,1,143,群益金鼎-三民,2023-08-08,9188
00900,富邦特選高股息30,168,65,103,群益金鼎-三民,2023-08-08,9188
6770,力積電,103,1,102,群益金鼎-三民,2023-08-08,9188
2801,彰銀,69,0,69,群益金鼎-三民,2023-08-08,9188
2352,佳世達,118,58,60,群益金鼎-三民,2023-08-08,9188
00882,中信中國高股息,49,0,49,群益金鼎-三民,2023-08-08,9188
00720B,元大投資級公司債,50,3,47,群益金鼎-三民,2023-08-08,9188
2838,聯邦銀,46,0,46,群益金鼎-三民,2023-08-08,9188
2382,廣達,77,33,44,群益金鼎-三民,2023-08-08,9188
3231,緯創,149,109,40,群益金鼎-三民,2023-08-08,9188
2344,華邦電,44,5,39,群益金鼎-三民,2023-08-08,9188
2892,第一金,67,30,37,群益金鼎-三民,2023-08-08,9188
00927,群益半導體收益,35,2,33,群益金鼎-三民,2023-08-08,9188
6443,元晶,37,6,31,群益金鼎-三民,2023-08-08,9188
6191,精成科,30,0,30,群益金鼎-三民,2023-08-08,9188
9939,宏全,30,0,30,群益金鼎-三民,2023-08-08,9188
00931B,統一美債20年,30,2,28,群益金鼎-三民,2023-08-08,9188
2405,輔信,28,1,27,群益金鼎-三民,2023-08-08,9188
2356,英業達,89,63,26,群益金鼎-三民,2023-08-08,9188
2913,農林,40,15,25,群益金鼎-三民,2023-08-08,9188
00679B,元大美債20年,74,50,24,群益金鼎-三民,2023-08-08,9188
2409,友達,35,13,22,群益金鼎-三民,2023-08-08,9188
00632R,元大台灣50反1,20,0,20,群益金鼎-三民,2023-08-08,9188
2883,凱基金,54,35,19,群益金鼎-三民,2023-08-08,9188
3163,波若威,48,29,19,群益金鼎-三民,2023-08-08,9188
00665L,富邦�琤肭磪囓�2,19,0,19,群益金鼎-三民,2023-08-08,9188
1313,聯成,20,2,18,群益金鼎-三民,2023-08-08,9188
5880,合庫金,18,0,18,群益金鼎-三民,2023-08-08,9188
1528,恩德,17,0,17,群益金鼎-三民,2023-08-08,9188
2316,楠梓電,38,21,17,群益金鼎-三民,2023-08-08,9188
00772B,中信高評級公司債,16,0,16,群益金鼎-三民,2023-08-08,9188
6161,捷波,16,0,16,群益金鼎-三民,2023-08-08,9188
2450,神腦,15,0,15,群益金鼎-三民,2023-08-08,9188
2705,六福,15,0,15,群益金鼎-三民,2023-08-08,9188
1609,大亞,15,0,15,群益金鼎-三民,2023-08-08,9188
2014,中鴻,17,2,15,群益金鼎-三民,2023-08-08,9188
5871,中租-KY,14,0,14,群益金鼎-三民,2023-08-08,9188
1342,八貫,13,0,13,群益金鼎-三民,2023-08-08,9188
4934,太極,15,2,13,群益金鼎-三民,2023-08-08,9188
6203,海韻電,19,7,12,群益金鼎-三民,2023-08-08,9188
3205,佰研,12,0,12,群益金鼎-三民,2023-08-08,9188
2363,矽統,16,4,12,群益金鼎-三民,2023-08-08,9188
6274,台燿,33,22,11,群益金鼎-三民,2023-08-08,9188
00764B,群益25年美債,11,0,11,群益金鼎-三民,2023-08-08,9188
00722B,群益投資級電信債,16,5,11,群益金鼎-三民,2023-08-08,9188
4973,廣穎,11,0,11,群益金鼎-三民,2023-08-08,9188
5443,均豪,11,0,11,群益金鼎-三民,2023-08-08,9188
2884,玉山金,11,0,11,群益金鼎-三民,2023-08-08,9188
2301,光寶科,49,39,10,群益金鼎-三民,2023-08-08,9188
2890,永豐金,248,6,242,群益金鼎-三民,2023-08-09,9188
2618,長榮航,223,36,187,群益金鼎-三民,2023-08-09,9188
00900,富邦特選高股息30,173,53,120,群益金鼎-三民,2023-08-09,9188
00676R,富邦臺灣加權反1,100,0,100,群益金鼎-三民,2023-08-09,9188
00929,復華台灣科技優息,93,6,87,群益金鼎-三民,2023-08-09,9188
3231,緯創,228,162,66,群益金鼎-三民,2023-08-09,9188
2344,華邦電,63,7,56,群益金鼎-三民,2023-08-09,9188
00923,群益台ESG低碳50,50,0,50,群益金鼎-三民,2023-08-09,9188
00927,群益半導體收益,47,0,47,群益金鼎-三民,2023-08-09,9188
1717,長興,46,0,46,群益金鼎-三民,2023-08-09,9188
2356,英業達,63,27,36,群益金鼎-三民,2023-08-09,9188
2002,中鋼,33,0,33,群益金鼎-三民,2023-08-09,9188
6015,宏遠證,30,0,30,群益金鼎-三民,2023-08-09,9188
2855,統一證,30,0,30,群益金鼎-三民,2023-08-09,9188
5443,均豪,30,0,30,群益金鼎-三民,2023-08-09,9188
2303,聯電,35,9,26,群益金鼎-三民,2023-08-09,9188
6274,台燿,38,13,25,群益金鼎-三民,2023-08-09,9188
8215,明基材,20,0,20,群益金鼎-三民,2023-08-09,9188
00795B,中信美國公債20年,20,0,20,群益金鼎-三民,2023-08-09,9188
3583,辛耘,31,12,19,群益金鼎-三民,2023-08-09,9188
1528,恩德,16,0,16,群益金鼎-三民,2023-08-09,9188
9927,泰銘,24,8,16,群益金鼎-三民,2023-08-09,9188
6122,擎邦,18,3,15,群益金鼎-三民,2023-08-09,9188
00687B,國泰20年美債,16,1,15,群益金鼎-三民,2023-08-09,9188
2891,中信金,15,1,14,群益金鼎-三民,2023-08-09,9188
1514,亞力,13,0,13,群益金鼎-三民,2023-08-09,9188
00885,富邦越南,14,1,13,群益金鼎-三民,2023-08-09,9188
3078,僑威,28,16,12,群益金鼎-三民,2023-08-09,9188
3312,弘憶股,12,0,12,群益金鼎-三民,2023-08-09,9188
1217,愛之味,12,0,12,群益金鼎-三民,2023-08-09,9188
2323,中環,13,2,11,群益金鼎-三民,2023-08-09,9188
1210,大成,14,3,11,群益金鼎-三民,2023-08-09,9188
2834,臺企銀,11,0,11,群益金鼎-三民,2023-08-09,9188
2734,易飛網,11,0,11,群益金鼎-三民,2023-08-09,9188
3038,全台,11,0,11,群益金鼎-三民,2023-08-09,9188
3356,奇偶,16,5,11,群益金鼎-三民,2023-08-09,9188
3213,茂訊,11,0,11,群益金鼎-三民,2023-08-09,9188
1718,中纖,11,0,11,群益金鼎-三民,2023-08-09,9188
3071,協禧,15,5,10,群益金鼎-三民,2023-08-09,9188
1442,名軒,10,0,10,群益金鼎-三民,2023-08-09,9188
3047,訊舟,10,0,10,群益金鼎-三民,2023-08-09,9188
2312,金寶,17,7,10,群益金鼎-三民,2023-08-09,9188
9925,新保,10,0,10,群益金鼎-三民,2023-08-09,9188
3305,昇貿,10,0,10,群益金鼎-三民,2023-08-09,9188
3035,智原,12,2,10,群益金鼎-三民,2023-08-09,9188
00772B,中信高評級公司債,9,0,9,群益金鼎-三民,2023-08-09,9188
6120,達運,9,0,9,群益金鼎-三民,2023-08-09,9188
3324,雙鴻,12,3,9,群益金鼎-三民,2023-08-09,9188
2607,榮運,10,1,9,群益金鼎-三民,2023-08-09,9188
9945,潤泰新,10,1,9,群益金鼎-三民,2023-08-09,9188
00900,富邦特選高股息30,192,35,157,群益金鼎-三民,2023-08-10,9188
00929,復華台灣科技優息,115,0,115,群益金鼎-三民,2023-08-10,9188
00878,國泰永續高股息,116,9,107,群益金鼎-三民,2023-08-10,9188
2303,聯電,114,7,107,群益金鼎-三民,2023-08-10,9188
0056,元大高股息,106,15,91,群益金鼎-三民,2023-08-10,9188
9105,泰金寶-DR,90,0,90,群益金鼎-三民,2023-08-10,9188
2363,矽統,99,39,60,群益金鼎-三民,2023-08-10,9188
2208,台船,67,10,57,群益金鼎-三民,2023-08-10,9188
3481,群創,84,34,50,群益金鼎-三民,2023-08-10,9188
00923,群益台ESG低碳50,49,0,49,群益金鼎-三民,2023-08-10,9188
1709,和益,44,0,44,群益金鼎-三民,2023-08-10,9188
3071,協禧,41,0,41,群益金鼎-三民,2023-08-10,9188
2610,華航,60,19,41,群益金鼎-三民,2023-08-10,9188
6191,精成科,43,5,38,群益金鼎-三民,2023-08-10,9188
2409,友達,47,11,36,群益金鼎-三民,2023-08-10,9188
2402,毅嘉,44,12,32,群益金鼎-三民,2023-08-10,9188
2030,彰源,32,0,32,群益金鼎-三民,2023-08-10,9188
6282,康舒,75,44,31,群益金鼎-三民,2023-08-10,9188
2382,廣達,62,32,30,群益金鼎-三民,2023-08-10,9188
1718,中纖,31,3,28,群益金鼎-三民,2023-08-10,9188
00637L,元大滬深300正2,59,32,27,群益金鼎-三民,2023-08-10,9188
3017,奇鋐,27,1,26,群益金鼎-三民,2023-08-10,9188
3038,全台,26,0,26,群益金鼎-三民,2023-08-10,9188
1504,東元,28,4,24,群益金鼎-三民,2023-08-10,9188
2883,凱基金,23,0,23,群益金鼎-三民,2023-08-10,9188
4976,佳凌,22,0,22,群益金鼎-三民,2023-08-10,9188
2344,華邦電,25,4,21,群益金鼎-三民,2023-08-10,9188
00715L,期街口布蘭特正2,20,0,20,群益金鼎-三民,2023-08-10,9188
9925,新保,20,0,20,群益金鼎-三民,2023-08-10,9188
2734,易飛網,19,0,19,群益金鼎-三民,2023-08-10,9188
2886,兆豐金,19,0,19,群益金鼎-三民,2023-08-10,9188
00919,群益台灣精選高息,22,4,18,群益金鼎-三民,2023-08-10,9188
00673R,期元大S＆P原油反1,18,0,18,群益金鼎-三民,2023-08-10,9188
3037,欣興,18,1,17,群益金鼎-三民,2023-08-10,9188
6153,嘉聯益,17,0,17,群益金鼎-三民,2023-08-10,9188
2838,聯邦銀,17,0,17,群益金鼎-三民,2023-08-10,9188
5009,榮剛,17,0,17,群益金鼎-三民,2023-08-10,9188
6189,豐藝,16,0,16,群益金鼎-三民,2023-08-10,9188
2002,中鋼,15,0,15,群益金鼎-三民,2023-08-10,9188
6161,捷波,22,7,15,群益金鼎-三民,2023-08-10,9188
2892,第一金,16,1,15,群益金鼎-三民,2023-08-10,9188
3673,TPK-KY,14,0,14,群益金鼎-三民,2023-08-10,9188
2316,楠梓電,20,6,14,群益金鼎-三民,2023-08-10,9188
2376,技嘉,15,2,13,群益金鼎-三民,2023-08-10,9188
2368,金像電,25,12,13,群益金鼎-三民,2023-08-10,9188
00931B,統一美債20年,13,0,13,群益金鼎-三民,2023-08-10,9188
1905,華紙,23,10,13,群益金鼎-三民,2023-08-10,9188
8112,至上,48,36,12,群益金鼎-三民,2023-08-10,9188
3163,波若威,43,31,12,群益金鼎-三民,2023-08-10,9188
2029,盛餘,12,0,12,群益金鼎-三民,2023-08-10,9188
00931B,統一美債20年,164,0,164,群益金鼎-三民,2023-08-11,9188
00772B,中信高評級公司債,127,0,127,群益金鼎-三民,2023-08-11,9188
00929,復華台灣科技優息,112,0,112,群益金鼎-三民,2023-08-11,9188
0056,元大高股息,123,12,111,群益金鼎-三民,2023-08-11,9188
2885,元大金,100,0,100,群益金鼎-三民,2023-08-11,9188
00664R,國泰臺灣加權反1,80,0,80,群益金鼎-三民,2023-08-11,9188
00679B,元大美債20年,144,77,67,群益金鼎-三民,2023-08-11,9188
00637L,元大滬深300正2,83,18,65,群益金鼎-三民,2023-08-11,9188
2618,長榮航,95,39,56,群益金鼎-三民,2023-08-11,9188
00900,富邦特選高股息30,128,79,49,群益金鼎-三民,2023-08-11,9188
00751B,元大AAA至A公司債,43,0,43,群益金鼎-三民,2023-08-11,9188
00720B,元大投資級公司債,42,0,42,群益金鼎-三民,2023-08-11,9188
00923,群益台ESG低碳50,38,0,38,群益金鼎-三民,2023-08-11,9188
00795B,中信美國公債20年,35,0,35,群益金鼎-三民,2023-08-11,9188
00919,群益台灣精選高息,34,0,34,群益金鼎-三民,2023-08-11,9188
2543,皇昌,30,0,30,群益金鼎-三民,2023-08-11,9188
2838,聯邦銀,30,0,30,群益金鼎-三民,2023-08-11,9188
4154,樂威科-KY,30,0,30,群益金鼎-三民,2023-08-11,9188
1717,長興,27,0,27,群益金鼎-三民,2023-08-11,9188
3325,旭品,43,16,27,群益金鼎-三民,2023-08-11,9188
2023,燁輝,26,0,26,群益金鼎-三民,2023-08-11,9188
2892,第一金,26,0,26,群益金鼎-三民,2023-08-11,9188
8027,鈦昇,36,12,24,群益金鼎-三民,2023-08-11,9188
2104,國際中橡,23,1,22,群益金鼎-三民,2023-08-11,9188
5452,佶優,21,0,21,群益金鼎-三民,2023-08-11,9188
9105,泰金寶-DR,20,0,20,群益金鼎-三民,2023-08-11,9188
6235,華孚,25,5,20,群益金鼎-三民,2023-08-11,9188
5880,合庫金,20,0,20,群益金鼎-三民,2023-08-11,9188
2888,新光金,29,13,16,群益金鼎-三民,2023-08-11,9188
00673R,期元大S＆P原油反1,16,0,16,群益金鼎-三民,2023-08-11,9188
3052,夆典,16,0,16,群益金鼎-三民,2023-08-11,9188
2913,農林,20,5,15,群益金鼎-三民,2023-08-11,9188
3231,緯創,98,84,14,群益金鼎-三民,2023-08-11,9188
6116,彩晶,15,1,14,群益金鼎-三民,2023-08-11,9188
00688L,國泰20年美債正2,14,0,14,群益金鼎-三民,2023-08-11,9188
1310,台苯,14,0,14,群益金鼎-三民,2023-08-11,9188
00927,群益半導體收益,13,0,13,群益金鼎-三民,2023-08-11,9188
2704,國賓,14,1,13,群益金鼎-三民,2023-08-11,9188
00687B,國泰20年美債,12,0,12,群益金鼎-三民,2023-08-11,9188
1709,和益,12,0,12,群益金鼎-三民,2023-08-11,9188
2401,凌陽,24,13,11,群益金鼎-三民,2023-08-11,9188
2886,兆豐金,13,2,11,群益金鼎-三民,2023-08-11,9188
6161,捷波,18,7,11,群益金鼎-三民,2023-08-11,9188
6418,詠昇,25,14,11,群益金鼎-三民,2023-08-11,9188
1609,大亞,12,1,11,群益金鼎-三民,2023-08-11,9188
00773B,中信優先金融債,11,0,11,群益金鼎-三民,2023-08-11,9188
2440,太空梭,11,0,11,群益金鼎-三民,2023-08-11,9188
2301,光寶科,17,7,10,群益金鼎-三民,2023-08-11,9188
3483,力致,12,2,10,群益金鼎-三民,2023-08-11,9188
6126,信音,12,2,10,群益金鼎-三民,2023-08-11,9188
2014,中鴻,414,1,413,群益金鼎-三民,2023-08-14,9188
9105,泰金寶-DR,311,0,311,群益金鼎-三民,2023-08-14,9188
00929,復華台灣科技優息,292,10,282,群益金鼎-三民,2023-08-14,9188
00900,富邦特選高股息30,355,80,275,群益金鼎-三民,2023-08-14,9188
2897,王道銀行,111,0,111,群益金鼎-三民,2023-08-14,9188
2105,正新,102,0,102,群益金鼎-三民,2023-08-14,9188
2885,元大金,97,0,97,群益金鼎-三民,2023-08-14,9188
2867,三商壽,93,0,93,群益金鼎-三民,2023-08-14,9188
00637L,元大滬深300正2,133,42,91,群益金鼎-三民,2023-08-14,9188
2890,永豐金,97,6,91,群益金鼎-三民,2023-08-14,9188
00923,群益台ESG低碳50,85,10,75,群益金鼎-三民,2023-08-14,9188
00772B,中信高評級公司債,84,12,72,群益金鼎-三民,2023-08-14,9188
2838,聯邦銀,64,0,64,群益金鼎-三民,2023-08-14,9188
2618,長榮航,85,22,63,群益金鼎-三民,2023-08-14,9188
2891,中信金,62,5,57,群益金鼎-三民,2023-08-14,9188
2412,中華電,60,3,57,群益金鼎-三民,2023-08-14,9188
2344,華邦電,54,1,53,群益金鼎-三民,2023-08-14,9188
2027,大成鋼,51,0,51,群益金鼎-三民,2023-08-14,9188
00878,國泰永續高股息,82,37,45,群益金鼎-三民,2023-08-14,9188
3231,緯創,198,156,42,群益金鼎-三民,2023-08-14,9188
2610,華航,53,15,38,群益金鼎-三民,2023-08-14,9188
00795B,中信美國公債20年,31,0,31,群益金鼎-三民,2023-08-14,9188
2323,中環,38,7,31,群益金鼎-三民,2023-08-14,9188
6016,康和證,30,0,30,群益金鼎-三民,2023-08-14,9188
00922,國泰台灣領袖50,30,0,30,群益金鼎-三民,2023-08-14,9188
6015,宏遠證,30,0,30,群益金鼎-三民,2023-08-14,9188
2634,漢翔,28,0,28,群益金鼎-三民,2023-08-14,9188
00902,中信電池及儲能,27,0,27,群益金鼎-三民,2023-08-14,9188
00931B,統一美債20年,33,6,27,群益金鼎-三民,2023-08-14,9188
2312,金寶,25,0,25,群益金鼎-三民,2023-08-14,9188
00907,永豐優息存股,24,0,24,群益金鼎-三民,2023-08-14,9188
2883,凱基金,22,0,22,群益金鼎-三民,2023-08-14,9188
2356,英業達,53,32,21,群益金鼎-三民,2023-08-14,9188
6005,群益證,21,0,21,群益金鼎-三民,2023-08-14,9188
2352,佳世達,23,3,20,群益金鼎-三民,2023-08-14,9188
2206,三陽工業,20,0,20,群益金鼎-三民,2023-08-14,9188
8222,寶一,22,2,20,群益金鼎-三民,2023-08-14,9188
3691,碩禾,20,0,20,群益金鼎-三民,2023-08-14,9188
8027,鈦昇,24,4,20,群益金鼎-三民,2023-08-14,9188
2609,陽明,23,7,16,群益金鼎-三民,2023-08-14,9188
5871,中租-KY,21,7,14,群益金鼎-三民,2023-08-14,9188
3567,逸昌,16,3,13,群益金鼎-三民,2023-08-14,9188
1904,正隆,13,0,13,群益金鼎-三民,2023-08-14,9188
2303,聯電,14,1,13,群益金鼎-三民,2023-08-14,9188
0050,元大台灣50,13,0,13,群益金鼎-三民,2023-08-14,9188
1301,台塑,15,3,12,群益金鼎-三民,2023-08-14,9188
1513,中興電,20,8,12,群益金鼎-三民,2023-08-14,9188
2834,臺企銀,12,0,12,群益金鼎-三民,2023-08-14,9188
1409,新纖,12,0,12,群益金鼎-三民,2023-08-14,9188
4933,友輝,12,0,12,群益金鼎-三民,2023-08-14,9188
00632R,元大台灣50反1,361,0,361,群益金鼎-三民,2023-08-15,9188
00900,富邦特選高股息30,303,92,211,群益金鼎-三民,2023-08-15,9188
00664R,國泰臺灣加權反1,200,0,200,群益金鼎-三民,2023-08-15,9188
00929,復華台灣科技優息,122,0,122,群益金鼎-三民,2023-08-15,9188
00923,群益台ESG低碳50,125,4,121,群益金鼎-三民,2023-08-15,9188
2329,華泰,94,10,84,群益金鼎-三民,2023-08-15,9188
00927,群益半導體收益,68,0,68,群益金鼎-三民,2023-08-15,9188
2880,華南金,50,0,50,群益金鼎-三民,2023-08-15,9188
2855,統一證,50,0,50,群益金鼎-三民,2023-08-15,9188
6285,啟��,54,8,46,群益金鼎-三民,2023-08-15,9188
00882,中信中國高股息,55,20,35,群益金鼎-三民,2023-08-15,9188
2886,兆豐金,43,9,34,群益金鼎-三民,2023-08-15,9188
00712,復華富時不動產,36,5,31,群益金鼎-三民,2023-08-15,9188
2356,英業達,61,31,30,群益金鼎-三民,2023-08-15,9188
2317,鴻海,30,0,30,群益金鼎-三民,2023-08-15,9188
6113,亞矽,174,146,28,群益金鼎-三民,2023-08-15,9188
00679B,元大美債20年,57,30,27,群益金鼎-三民,2023-08-15,9188
00795B,中信美國公債20年,27,0,27,群益金鼎-三民,2023-08-15,9188
00878,國泰永續高股息,74,48,26,群益金鼎-三民,2023-08-15,9188
00687B,國泰20年美債,24,4,20,群益金鼎-三民,2023-08-15,9188
2323,中環,59,39,20,群益金鼎-三民,2023-08-15,9188
00673R,期元大S＆P原油反1,20,0,20,群益金鼎-三民,2023-08-15,9188
9934,成霖,21,2,19,群益金鼎-三民,2023-08-15,9188
3306,鼎天,20,1,19,群益金鼎-三民,2023-08-15,9188
6418,詠昇,24,5,19,群益金鼎-三民,2023-08-15,9188
2027,大成鋼,21,2,19,群益金鼎-三民,2023-08-15,9188
2834,臺企銀,21,4,17,群益金鼎-三民,2023-08-15,9188
00772B,中信高評級公司債,79,63,16,群益金鼎-三民,2023-08-15,9188
6770,力積電,16,0,16,群益金鼎-三民,2023-08-15,9188
2734,易飛網,16,0,16,群益金鼎-三民,2023-08-15,9188
2421,建準,33,17,16,群益金鼎-三民,2023-08-15,9188
6158,禾昌,21,5,16,群益金鼎-三民,2023-08-15,9188
2002,中鋼,17,1,16,群益金鼎-三民,2023-08-15,9188
3264,欣銓,15,1,14,群益金鼎-三民,2023-08-15,9188
8050,廣積,20,6,14,群益金鼎-三民,2023-08-15,9188
1326,台化,13,0,13,群益金鼎-三民,2023-08-15,9188
00680L,元大美債20正2,13,0,13,群益金鼎-三民,2023-08-15,9188
6757,台灣虎航,14,1,13,群益金鼎-三民,2023-08-15,9188
1737,臺鹽,13,0,13,群益金鼎-三民,2023-08-15,9188
2408,南亞科,16,4,12,群益金鼎-三民,2023-08-15,9188
2363,矽統,64,52,12,群益金鼎-三民,2023-08-15,9188
00931B,統一美債20年,16,5,11,群益金鼎-三民,2023-08-15,9188
00751B,元大AAA至A公司債,11,0,11,群益金鼎-三民,2023-08-15,9188
2643,捷迅,11,0,11,群益金鼎-三民,2023-08-15,9188
6111,大宇資,11,0,11,群益金鼎-三民,2023-08-15,9188
2382,廣達,48,37,11,群益金鼎-三民,2023-08-15,9188
2884,玉山金,13,2,11,群益金鼎-三民,2023-08-15,9188
2206,三陽工業,16,6,10,群益金鼎-三民,2023-08-15,9188
2017,官田鋼,10,0,10,群益金鼎-三民,2023-08-15,9188
3209,全科,10,0,10,群益金鼎-三民,2023-08-15,9188
9105,泰金寶-DR,142,0,142,群益金鼎-三民,2023-08-16,9188
00929,復華台灣科技優息,135,2,133,群益金鼎-三民,2023-08-16,9188
00923,群益台ESG低碳50,94,2,92,群益金鼎-三民,2023-08-16,9188
00676R,富邦臺灣加權反1,100,10,90,群益金鼎-三民,2023-08-16,9188
2303,聯電,74,1,73,群益金鼎-三民,2023-08-16,9188
1471,首利,66,0,66,群益金鼎-三民,2023-08-16,9188
00772B,中信高評級公司債,164,100,64,群益金鼎-三民,2023-08-16,9188
3481,群創,63,3,60,群益金鼎-三民,2023-08-16,9188
2610,華航,57,4,53,群益金鼎-三民,2023-08-16,9188
00712,復華富時不動產,53,0,53,群益金鼎-三民,2023-08-16,9188
00795B,中信美國公債20年,46,0,46,群益金鼎-三民,2023-08-16,9188
2838,聯邦銀,45,0,45,群益金鼎-三民,2023-08-16,9188
2887,台新金,45,0,45,群益金鼎-三民,2023-08-16,9188
2890,永豐金,41,0,41,群益金鼎-三民,2023-08-16,9188
2834,臺企銀,49,9,40,群益金鼎-三民,2023-08-16,9188
1795,美時,43,4,39,群益金鼎-三民,2023-08-16,9188
3583,辛耘,40,6,34,群益金鼎-三民,2023-08-16,9188
2323,中環,35,1,34,群益金鼎-三民,2023-08-16,9188
9929,秋雨,30,0,30,群益金鼎-三民,2023-08-16,9188
8069,元太,28,0,28,群益金鼎-三民,2023-08-16,9188
2884,玉山金,26,0,26,群益金鼎-三民,2023-08-16,9188
1101,台泥,25,0,25,群益金鼎-三民,2023-08-16,9188
00878,國泰永續高股息,50,25,25,群益金鼎-三民,2023-08-16,9188
1717,長興,23,0,23,群益金鼎-三民,2023-08-16,9188
6274,台燿,43,21,22,群益金鼎-三民,2023-08-16,9188
3037,欣興,36,15,21,群益金鼎-三民,2023-08-16,9188
00687B,國泰20年美債,25,5,20,群益金鼎-三民,2023-08-16,9188
2880,華南金,20,0,20,群益金鼎-三民,2023-08-16,9188
00900,富邦特選高股息30,194,174,20,群益金鼎-三民,2023-08-16,9188
00637L,元大滬深300正2,70,50,20,群益金鼎-三民,2023-08-16,9188
5876,上海商銀,20,0,20,群益金鼎-三民,2023-08-16,9188
00888,永豐台灣ESG,18,0,18,群益金鼎-三民,2023-08-16,9188
2409,友達,18,0,18,群益金鼎-三民,2023-08-16,9188
2316,楠梓電,18,1,17,群益金鼎-三民,2023-08-16,9188
00931B,統一美債20年,17,0,17,群益金鼎-三民,2023-08-16,9188
2344,華邦電,19,3,16,群益金鼎-三民,2023-08-16,9188
2002,中鋼,18,2,16,群益金鼎-三民,2023-08-16,9188
00680L,元大美債20正2,15,0,15,群益金鼎-三民,2023-08-16,9188
00850,元大臺灣ESG永續,16,2,14,群益金鼎-三民,2023-08-16,9188
3044,健鼎,19,5,14,群益金鼎-三民,2023-08-16,9188
1301,台塑,14,1,13,群益金鼎-三民,2023-08-16,9188
2609,陽明,22,9,13,群益金鼎-三民,2023-08-16,9188
2332,友訊,29,17,12,群益金鼎-三民,2023-08-16,9188
6275,元山,15,3,12,群益金鼎-三民,2023-08-16,9188
00673R,期元大S＆P原油反1,12,0,12,群益金鼎-三民,2023-08-16,9188
2820,華票,12,0,12,群益金鼎-三民,2023-08-16,9188
2722,夏都,12,0,12,群益金鼎-三民,2023-08-16,9188
4942,嘉彰,11,0,11,群益金鼎-三民,2023-08-16,9188
2892,第一金,21,10,11,群益金鼎-三民,2023-08-16,9188
0050,元大台灣50,11,0,11,群益金鼎-三民,2023-08-16,9188
2834,臺企銀,103,6,97,群益金鼎-三民,2023-08-17,9188
9950,萬國通,75,0,75,群益金鼎-三民,2023-08-17,9188
3231,緯創,185,122,63,群益金鼎-三民,2023-08-17,9188
9105,泰金寶-DR,58,0,58,群益金鼎-三民,2023-08-17,9188
2329,華泰,120,69,51,群益金鼎-三民,2023-08-17,9188
00680L,元大美債20正2,51,0,51,群益金鼎-三民,2023-08-17,9188
00687B,國泰20年美債,52,6,46,群益金鼎-三民,2023-08-17,9188
6757,台灣虎航,65,20,45,群益金鼎-三民,2023-08-17,9188
2838,聯邦銀,40,0,40,群益金鼎-三民,2023-08-17,9188
6188,廣明,70,33,37,群益金鼎-三民,2023-08-17,9188
00712,復華富時不動產,34,0,34,群益金鼎-三民,2023-08-17,9188
00931B,統一美債20年,31,0,31,群益金鼎-三民,2023-08-17,9188
2303,聯電,35,4,31,群益金鼎-三民,2023-08-17,9188
00795B,中信美國公債20年,30,0,30,群益金鼎-三民,2023-08-17,9188
4944,兆遠,30,0,30,群益金鼎-三民,2023-08-17,9188
00722B,群益投資級電信債,30,6,24,群益金鼎-三民,2023-08-17,9188
00929,復華台灣科技優息,23,0,23,群益金鼎-三民,2023-08-17,9188
2002,中鋼,26,3,23,群益金鼎-三民,2023-08-17,9188
2890,永豐金,25,2,23,群益金鼎-三民,2023-08-17,9188
2892,第一金,20,0,20,群益金鼎-三民,2023-08-17,9188
4933,友輝,20,0,20,群益金鼎-三民,2023-08-17,9188
2312,金寶,29,9,20,群益金鼎-三民,2023-08-17,9188
4129,聯合,20,1,19,群益金鼎-三民,2023-08-17,9188
2887,台新金,20,2,18,群益金鼎-三民,2023-08-17,9188
5880,合庫金,27,10,17,群益金鼎-三民,2023-08-17,9188
1905,華紙,16,0,16,群益金鼎-三民,2023-08-17,9188
2382,廣達,88,72,16,群益金鼎-三民,2023-08-17,9188
2406,國碩,15,0,15,群益金鼎-三民,2023-08-17,9188
6116,彩晶,15,0,15,群益金鼎-三民,2023-08-17,9188
2412,中華電,78,63,15,群益金鼎-三民,2023-08-17,9188
3483,力致,34,19,15,群益金鼎-三民,2023-08-17,9188
00679B,元大美債20年,93,79,14,群益金鼎-三民,2023-08-17,9188
00720B,元大投資級公司債,13,0,13,群益金鼎-三民,2023-08-17,9188
1609,大亞,24,12,12,群益金鼎-三民,2023-08-17,9188
2891,中信金,20,8,12,群益金鼎-三民,2023-08-17,9188
4942,嘉彰,12,0,12,群益金鼎-三民,2023-08-17,9188
2880,華南金,12,0,12,群益金鼎-三民,2023-08-17,9188
1101,台泥,17,6,11,群益金鼎-三民,2023-08-17,9188
2317,鴻海,15,4,11,群益金鼎-三民,2023-08-17,9188
8050,廣積,24,13,11,群益金鼎-三民,2023-08-17,9188
00773B,中信優先金融債,11,0,11,群益金鼎-三民,2023-08-17,9188
00882,中信中國高股息,11,1,10,群益金鼎-三民,2023-08-17,9188
3673,TPK-KY,10,0,10,群益金鼎-三民,2023-08-17,9188
3042,晶技,15,5,10,群益金鼎-三民,2023-08-17,9188
00639,富邦深100,10,0,10,群益金鼎-三民,2023-08-17,9188
1313,聯成,10,0,10,群益金鼎-三民,2023-08-17,9188
00857B,永豐20年美公債,10,0,10,群益金鼎-三民,2023-08-17,9188
2352,佳世達,10,0,10,群益金鼎-三民,2023-08-17,9188
00665L,富邦�琤肭磪囓�2,10,1,9,群益金鼎-三民,2023-08-17,9188
2344,華邦電,16,7,9,群益金鼎-三民,2023-08-17,9188
2892,第一金,361,1,360,群益金鼎-三民,2023-08-18,9188
00664R,國泰臺灣加權反1,230,10,220,群益金鼎-三民,2023-08-18,9188
00929,復華台灣科技優息,166,30,136,群益金鼎-三民,2023-08-18,9188
2516,新建,117,0,117,群益金鼎-三民,2023-08-18,9188
00878,國泰永續高股息,118,18,100,群益金鼎-三民,2023-08-18,9188
3231,緯創,206,129,77,群益金鼎-三民,2023-08-18,9188
2618,長榮航,84,13,71,群益金鼎-三民,2023-08-18,9188
2610,華航,82,11,71,群益金鼎-三民,2023-08-18,9188
2891,中信金,66,0,66,群益金鼎-三民,2023-08-18,9188
2363,矽統,169,106,63,群益金鼎-三民,2023-08-18,9188
00900,富邦特選高股息30,190,140,50,群益金鼎-三民,2023-08-18,9188
1504,東元,51,16,35,群益金鼎-三民,2023-08-18,9188
2402,毅嘉,53,18,35,群益金鼎-三民,2023-08-18,9188
3706,神達,57,23,34,群益金鼎-三民,2023-08-18,9188
00919,群益台灣精選高息,32,1,31,群益金鼎-三民,2023-08-18,9188
1313,聯成,30,0,30,群益金鼎-三民,2023-08-18,9188
00669R,國泰美國道瓊反1,30,0,30,群益金鼎-三民,2023-08-18,9188
6139,亞翔,35,5,30,群益金鼎-三民,2023-08-18,9188
6274,台燿,29,2,27,群益金鼎-三民,2023-08-18,9188
1513,中興電,58,31,27,群益金鼎-三民,2023-08-18,9188
00795B,中信美國公債20年,26,0,26,群益金鼎-三民,2023-08-18,9188
6216,居易,25,0,25,群益金鼎-三民,2023-08-18,9188
2488,漢平,25,0,25,群益金鼎-三民,2023-08-18,9188
2734,易飛網,24,1,23,群益金鼎-三民,2023-08-18,9188
6282,康舒,24,2,22,群益金鼎-三民,2023-08-18,9188
6161,捷波,21,0,21,群益金鼎-三民,2023-08-18,9188
3624,光頡,26,5,21,群益金鼎-三民,2023-08-18,9188
1101,台泥,34,15,19,群益金鼎-三民,2023-08-18,9188
8027,鈦昇,20,2,18,群益金鼎-三民,2023-08-18,9188
00673R,期元大S＆P原油反1,18,1,17,群益金鼎-三民,2023-08-18,9188
1471,首利,34,17,17,群益金鼎-三民,2023-08-18,9188
00751B,元大AAA至A公司債,18,1,17,群益金鼎-三民,2023-08-18,9188
0056,元大高股息,33,17,16,群益金鼎-三民,2023-08-18,9188
2641,正德,16,1,15,群益金鼎-三民,2023-08-18,9188
3058,立德,15,0,15,群益金鼎-三民,2023-08-18,9188
4938,和碩,16,1,15,群益金鼎-三民,2023-08-18,9188
2367,燿華,18,3,15,群益金鼎-三民,2023-08-18,9188
3715,定穎投控,76,62,14,群益金鼎-三民,2023-08-18,9188
2890,永豐金,13,0,13,群益金鼎-三民,2023-08-18,9188
2606,裕民,51,38,13,群益金鼎-三民,2023-08-18,9188
00772B,中信高評級公司債,34,22,12,群益金鼎-三民,2023-08-18,9188
1905,華紙,11,0,11,群益金鼎-三民,2023-08-18,9188
4743,合一,22,11,11,群益金鼎-三民,2023-08-18,9188
1612,宏泰,18,7,11,群益金鼎-三民,2023-08-18,9188
6757,台灣虎航,11,0,11,群益金鼎-三民,2023-08-18,9188
2337,旺宏,16,5,11,群益金鼎-三民,2023-08-18,9188
3078,僑威,19,9,10,群益金鼎-三民,2023-08-18,9188
6005,群益證,10,0,10,群益金鼎-三民,2023-08-18,9188
00631L,元大台灣50正2,20,10,10,群益金鼎-三民,2023-08-18,9188
1718,中纖,10,0,10,群益金鼎-三民,2023-08-18,9188
2412,中華電,145,18,127,群益金鼎-三民,2023-08-21,9188
00929,復華台灣科技優息,109,13,96,群益金鼎-三民,2023-08-21,9188
2887,台新金,81,3,78,群益金鼎-三民,2023-08-21,9188
5608,四維航,77,24,53,群益金鼎-三民,2023-08-21,9188
00665L,富邦�琤肭磪囓�2,58,20,38,群益金鼎-三民,2023-08-21,9188
3596,智易,44,7,37,群益金鼎-三民,2023-08-21,9188
2610,華航,41,5,36,群益金鼎-三民,2023-08-21,9188
4707,磐亞,35,0,35,群益金鼎-三民,2023-08-21,9188
8027,鈦昇,32,6,26,群益金鼎-三民,2023-08-21,9188
2618,長榮航,41,18,23,群益金鼎-三民,2023-08-21,9188
2330,台積電,21,0,21,群益金鼎-三民,2023-08-21,9188
1802,台玻,21,0,21,群益金鼎-三民,2023-08-21,9188
00687B,國泰20年美債,28,7,21,群益金鼎-三民,2023-08-21,9188
00664R,國泰臺灣加權反1,20,0,20,群益金鼎-三民,2023-08-21,9188
00720B,元大投資級公司債,23,3,20,群益金鼎-三民,2023-08-21,9188
2615,萬海,22,2,20,群益金鼎-三民,2023-08-21,9188
3231,緯創,82,65,17,群益金鼎-三民,2023-08-21,9188
00679B,元大美債20年,95,78,17,群益金鼎-三民,2023-08-21,9188
2344,華邦電,17,1,16,群益金鼎-三民,2023-08-21,9188
1513,中興電,32,16,16,群益金鼎-三民,2023-08-21,9188
00751B,元大AAA至A公司債,16,0,16,群益金鼎-三民,2023-08-21,9188
2303,聯電,23,8,15,群益金鼎-三民,2023-08-21,9188
5880,合庫金,15,0,15,群益金鼎-三民,2023-08-21,9188
00900,富邦特選高股息30,195,180,15,群益金鼎-三民,2023-08-21,9188
6274,台燿,14,0,14,群益金鼎-三民,2023-08-21,9188
2611,志信,16,2,14,群益金鼎-三民,2023-08-21,9188
2332,友訊,27,14,13,群益金鼎-三民,2023-08-21,9188
3035,智原,29,16,13,群益金鼎-三民,2023-08-21,9188
2605,新興,31,19,12,群益金鼎-三民,2023-08-21,9188
00882,中信中國高股息,15,4,11,群益金鼎-三民,2023-08-21,9188
2368,金像電,12,1,11,群益金鼎-三民,2023-08-21,9188
00931B,統一美債20年,26,15,11,群益金鼎-三民,2023-08-21,9188
00885,富邦越南,28,17,11,群益金鼎-三民,2023-08-21,9188
00673R,期元大S＆P原油反1,11,0,11,群益金鼎-三民,2023-08-21,9188
6216,居易,11,0,11,群益金鼎-三民,2023-08-21,9188
8210,勤誠,28,17,11,群益金鼎-三民,2023-08-21,9188
1101,台泥,12,2,10,群益金鼎-三民,2023-08-21,9188
6196,帆宣,10,0,10,群益金鼎-三民,2023-08-21,9188
3624,光頡,12,2,10,群益金鼎-三民,2023-08-21,9188
1409,新纖,10,0,10,群益金鼎-三民,2023-08-21,9188
00923,群益台ESG低碳50,9,0,9,群益金鼎-三民,2023-08-21,9188
2606,裕民,23,14,9,群益金鼎-三民,2023-08-21,9188
4581,光隆精密-KY,9,0,9,群益金鼎-三民,2023-08-21,9188
6108,競國,8,0,8,群益金鼎-三民,2023-08-21,9188
6257,矽格,14,6,8,群益金鼎-三民,2023-08-21,9188
6188,廣明,12,4,8,群益金鼎-三民,2023-08-21,9188
00772B,中信高評級公司債,107,100,7,群益金鼎-三民,2023-08-21,9188
00773B,中信優先金融債,7,0,7,群益金鼎-三民,2023-08-21,9188
00680L,元大美債20正2,7,0,7,群益金鼎-三民,2023-08-21,9188
2637,慧洋-KY,18,11,7,群益金鼎-三民,2023-08-21,9188
00632R,元大台灣50反1,170,0,170,群益金鼎-三民,2023-08-22,9188
00637L,元大滬深300正2,155,26,129,群益金鼎-三民,2023-08-22,9188
2363,矽統,143,52,91,群益金鼎-三民,2023-08-22,9188
00929,復華台灣科技優息,76,1,75,群益金鼎-三民,2023-08-22,9188
3567,逸昌,57,0,57,群益金鼎-三民,2023-08-22,9188
2208,台船,46,1,45,群益金鼎-三民,2023-08-22,9188
1514,亞力,35,1,34,群益金鼎-三民,2023-08-22,9188
2891,中信金,37,3,34,群益金鼎-三民,2023-08-22,9188
2641,正德,32,0,32,群益金鼎-三民,2023-08-22,9188
5484,慧友,31,0,31,群益金鼎-三民,2023-08-22,9188
1587,吉茂,29,0,29,群益金鼎-三民,2023-08-22,9188
1513,中興電,38,11,27,群益金鼎-三民,2023-08-22,9188
6125,廣運,60,34,26,群益金鼎-三民,2023-08-22,9188
4707,磐亞,56,30,26,群益金鼎-三民,2023-08-22,9188
6113,亞矽,26,0,26,群益金鼎-三民,2023-08-22,9188
00679B,元大美債20年,99,75,24,群益金鼎-三民,2023-08-22,9188
4906,正文,26,4,22,群益金鼎-三民,2023-08-22,9188
2838,聯邦銀,22,0,22,群益金鼎-三民,2023-08-22,9188
2401,凌陽,30,8,22,群益金鼎-三民,2023-08-22,9188
00712,復華富時不動產,22,0,22,群益金鼎-三民,2023-08-22,9188
1504,東元,24,3,21,群益金鼎-三民,2023-08-22,9188
2356,英業達,34,13,21,群益金鼎-三民,2023-08-22,9188
2605,新興,33,12,21,群益金鼎-三民,2023-08-22,9188
00919,群益台灣精選高息,20,0,20,群益金鼎-三民,2023-08-22,9188
3306,鼎天,44,25,19,群益金鼎-三民,2023-08-22,9188
3693,營邦,30,11,19,群益金鼎-三民,2023-08-22,9188
4743,合一,19,1,18,群益金鼎-三民,2023-08-22,9188
00878,國泰永續高股息,45,27,18,群益金鼎-三民,2023-08-22,9188
2610,華航,24,7,17,群益金鼎-三民,2023-08-22,9188
2645,長榮航太,16,0,16,群益金鼎-三民,2023-08-22,9188
2002,中鋼,25,9,16,群益金鼎-三民,2023-08-22,9188
2301,光寶科,83,69,14,群益金鼎-三民,2023-08-22,9188
2488,漢平,13,0,13,群益金鼎-三民,2023-08-22,9188
2734,易飛網,13,0,13,群益金鼎-三民,2023-08-22,9188
2353,宏��,14,1,13,群益金鼎-三民,2023-08-22,9188
3325,旭品,16,3,13,群益金鼎-三民,2023-08-22,9188
2609,陽明,21,8,13,群益金鼎-三民,2023-08-22,9188
1609,大亞,75,63,12,群益金鼎-三民,2023-08-22,9188
00772B,中信高評級公司債,101,90,11,群益金鼎-三民,2023-08-22,9188
2412,中華電,71,60,11,群益金鼎-三民,2023-08-22,9188
2382,廣達,64,54,10,群益金鼎-三民,2023-08-22,9188
2312,金寶,13,3,10,群益金鼎-三民,2023-08-22,9188
6770,力積電,12,2,10,群益金鼎-三民,2023-08-22,9188
00665L,富邦�琤肭磪囓�2,10,0,10,群益金鼎-三民,2023-08-22,9188
5531,鄉林,10,0,10,群益金鼎-三民,2023-08-22,9188
00720B,元大投資級公司債,9,0,9,群益金鼎-三民,2023-08-22,9188
2344,華邦電,14,5,9,群益金鼎-三民,2023-08-22,9188
5371,中光電,10,1,9,群益金鼎-三民,2023-08-22,9188
2421,建準,23,14,9,群益金鼎-三民,2023-08-22,9188
2324,仁寶,28,19,9,群益金鼎-三民,2023-08-22,9188
00632R,元大台灣50反1,1683,20,1663,群益金鼎-三民,2023-08-23,9188
2605,新興,172,38,134,群益金鼎-三民,2023-08-23,9188
2618,長榮航,105,27,78,群益金鼎-三民,2023-08-23,9188
9103,美德醫療-DR,60,0,60,群益金鼎-三民,2023-08-23,9188
3308,聯德,64,4,60,群益金鼎-三民,2023-08-23,9188
6139,亞翔,72,15,57,群益金鼎-三民,2023-08-23,9188
2838,聯邦銀,56,0,56,群益金鼎-三民,2023-08-23,9188
2601,益航,31,0,31,群益金鼎-三民,2023-08-23,9188
5340,建榮,33,2,31,群益金鼎-三民,2023-08-23,9188
6282,康舒,41,11,30,群益金鼎-三民,2023-08-23,9188
3071,協禧,39,11,28,群益金鼎-三民,2023-08-23,9188
2382,廣達,45,22,23,群益金鼎-三民,2023-08-23,9188
6125,廣運,42,22,20,群益金鼎-三民,2023-08-23,9188
6117,迎廣,56,37,19,群益金鼎-三民,2023-08-23,9188
2328,廣宇,17,0,17,群益金鼎-三民,2023-08-23,9188
8289,泰藝,18,2,16,群益金鼎-三民,2023-08-23,9188
1471,首利,23,7,16,群益金鼎-三民,2023-08-23,9188
2412,中華電,22,7,15,群益金鼎-三民,2023-08-23,9188
3013,晟銘電,60,45,15,群益金鼎-三民,2023-08-23,9188
2488,漢平,15,0,15,群益金鼎-三民,2023-08-23,9188
00923,群益台ESG低碳50,17,3,14,群益金鼎-三民,2023-08-23,9188
6426,統新,14,0,14,群益金鼎-三民,2023-08-23,9188
3051,力特,43,30,13,群益金鼎-三民,2023-08-23,9188
8210,勤誠,21,8,13,群益金鼎-三民,2023-08-23,9188
2617,台航,16,3,13,群益金鼎-三民,2023-08-23,9188
2634,漢翔,65,53,12,群益金鼎-三民,2023-08-23,9188
2883,凱基金,13,1,12,群益金鼎-三民,2023-08-23,9188
1514,亞力,13,1,12,群益金鼎-三民,2023-08-23,9188
1905,華紙,12,0,12,群益金鼎-三民,2023-08-23,9188
2332,友訊,27,16,11,群益金鼎-三民,2023-08-23,9188
6235,華孚,12,1,11,群益金鼎-三民,2023-08-23,9188
3163,波若威,23,12,11,群益金鼎-三民,2023-08-23,9188
8227,巨有科技,11,0,11,群益金鼎-三民,2023-08-23,9188
6150,撼訊,11,0,11,群益金鼎-三民,2023-08-23,9188
2606,裕民,16,5,11,群益金鼎-三民,2023-08-23,9188
2882,國泰金,12,2,10,群益金鼎-三民,2023-08-23,9188
6197,佳必琪,10,0,10,群益金鼎-三民,2023-08-23,9188
00665L,富邦�琤肭磪囓�2,11,1,10,群益金鼎-三民,2023-08-23,9188
2867,三商壽,10,0,10,群益金鼎-三民,2023-08-23,9188
1503,士電,10,0,10,群益金鼎-三民,2023-08-23,9188
00664R,國泰臺灣加權反1,10,0,10,群益金鼎-三民,2023-08-23,9188
00930,永豐ESG低碳高息,10,0,10,群益金鼎-三民,2023-08-23,9188
6161,捷波,11,1,10,群益金鼎-三民,2023-08-23,9188
2610,華航,32,23,9,群益金鼎-三民,2023-08-23,9188
1504,東元,9,0,9,群益金鼎-三民,2023-08-23,9188
6548,長科*,9,0,9,群益金鼎-三民,2023-08-23,9188
5871,中租-KY,11,2,9,群益金鼎-三民,2023-08-23,9188
3306,鼎天,8,0,8,群益金鼎-三民,2023-08-23,9188
1605,華新,8,0,8,群益金鼎-三民,2023-08-23,9188
3005,神基,10,2,8,群益金鼎-三民,2023-08-23,9188
2601,益航,90,0,90,群益金鼎-三民,2023-08-24,9188
00900,富邦特選高股息30,291,210,81,群益金鼎-三民,2023-08-24,9188
1805,寶徠,60,0,60,群益金鼎-三民,2023-08-24,9188
4906,正文,101,41,60,群益金鼎-三民,2023-08-24,9188
9105,泰金寶-DR,50,0,50,群益金鼎-三民,2023-08-24,9188
3231,緯創,218,178,40,群益金鼎-三民,2023-08-24,9188
2449,京元電子,96,58,38,群益金鼎-三民,2023-08-24,9188
1313,聯成,38,0,38,群益金鼎-三民,2023-08-24,9188
2014,中鴻,40,2,38,群益金鼎-三民,2023-08-24,9188
2421,建準,80,45,35,群益金鼎-三民,2023-08-24,9188
3051,力特,35,0,35,群益金鼎-三民,2023-08-24,9188
2838,聯邦銀,34,0,34,群益金鼎-三民,2023-08-24,9188
2419,仲琦,80,48,32,群益金鼎-三民,2023-08-24,9188
00676R,富邦臺灣加權反1,30,0,30,群益金鼎-三民,2023-08-24,9188
4976,佳凌,25,0,25,群益金鼎-三民,2023-08-24,9188
3206,志豐,25,2,23,群益金鼎-三民,2023-08-24,9188
00929,復華台灣科技優息,37,15,22,群益金鼎-三民,2023-08-24,9188
00640L,富邦日本正2,20,0,20,群益金鼎-三民,2023-08-24,9188
00688L,國泰20年美債正2,20,0,20,群益金鼎-三民,2023-08-24,9188
00653L,富邦印度正2,20,0,20,群益金鼎-三民,2023-08-24,9188
9103,美德醫療-DR,20,0,20,群益金鼎-三民,2023-08-24,9188
6216,居易,16,0,16,群益金鼎-三民,2023-08-24,9188
1512,瑞利,15,0,15,群益金鼎-三民,2023-08-24,9188
6139,亞翔,19,4,15,群益金鼎-三民,2023-08-24,9188
1612,宏泰,14,0,14,群益金鼎-三民,2023-08-24,9188
00712,復華富時不動產,14,0,14,群益金鼎-三民,2023-08-24,9188
2736,富野,14,0,14,群益金鼎-三民,2023-08-24,9188
2363,矽統,205,191,14,群益金鼎-三民,2023-08-24,9188
2382,廣達,78,64,14,群益金鼎-三民,2023-08-24,9188
2606,裕民,14,1,13,群益金鼎-三民,2023-08-24,9188
2324,仁寶,33,21,12,群益金鼎-三民,2023-08-24,9188
2880,華南金,11,0,11,群益金鼎-三民,2023-08-24,9188
3706,神達,36,25,11,群益金鼎-三民,2023-08-24,9188
6125,廣運,34,23,11,群益金鼎-三民,2023-08-24,9188
00665L,富邦�琤肭磪囓�2,11,0,11,群益金鼎-三民,2023-08-24,9188
3581,博磊,16,5,11,群益金鼎-三民,2023-08-24,9188
9950,萬國通,10,0,10,群益金鼎-三民,2023-08-24,9188
2314,台揚,10,0,10,群益金鼎-三民,2023-08-24,9188
00902,中信電池及儲能,10,0,10,群益金鼎-三民,2023-08-24,9188
3583,辛耘,15,5,10,群益金鼎-三民,2023-08-24,9188
5706,鳳凰,10,0,10,群益金鼎-三民,2023-08-24,9188
4533,協易機,10,0,10,群益金鼎-三民,2023-08-24,9188
00895,富邦未來車,10,1,9,群益金鼎-三民,2023-08-24,9188
2409,友達,39,30,9,群益金鼎-三民,2023-08-24,9188
3071,協禧,20,11,9,群益金鼎-三民,2023-08-24,9188
2368,金像電,15,7,8,群益金鼎-三民,2023-08-24,9188
2538,基泰,8,0,8,群益金鼎-三民,2023-08-24,9188
2312,金寶,9,1,8,群益金鼎-三民,2023-08-24,9188
00753L,中信中國50正2,11,3,8,群益金鼎-三民,2023-08-24,9188
5340,建榮,11,3,8,群益金鼎-三民,2023-08-24,9188
2886,兆豐金,197,1,196,群益金鼎-三民,2023-08-25,9188
3231,緯創,231,48,183,群益金鼎-三民,2023-08-25,9188
00878,國泰永續高股息,234,63,171,群益金鼎-三民,2023-08-25,9188
912000,晨訊科-DR,150,0,150,群益金鼎-三民,2023-08-25,9188
4906,正文,146,66,80,群益金鼎-三民,2023-08-25,9188
00900,富邦特選高股息30,249,191,58,群益金鼎-三民,2023-08-25,9188
1471,首利,53,2,51,群益金鼎-三民,2023-08-25,9188
2332,友訊,68,20,48,群益金鼎-三民,2023-08-25,9188
2409,友達,216,168,48,群益金鼎-三民,2023-08-25,9188
2412,中華電,68,22,46,群益金鼎-三民,2023-08-25,9188
2610,華航,54,9,45,群益金鼎-三民,2023-08-25,9188
2330,台積電,44,3,41,群益金鼎-三民,2023-08-25,9188
6757,台灣虎航,42,2,40,群益金鼎-三民,2023-08-25,9188
2838,聯邦銀,57,26,31,群益金鼎-三民,2023-08-25,9188
2303,聯電,30,0,30,群益金鼎-三民,2023-08-25,9188
2618,長榮航,63,33,30,群益金鼎-三民,2023-08-25,9188
0056,元大高股息,42,13,29,群益金鼎-三民,2023-08-25,9188
2344,華邦電,29,0,29,群益金鼎-三民,2023-08-25,9188
00919,群益台灣精選高息,29,1,28,群益金鼎-三民,2023-08-25,9188
2382,廣達,81,55,26,群益金鼎-三民,2023-08-25,9188
2301,光寶科,25,2,23,群益金鼎-三民,2023-08-25,9188
6274,台燿,26,3,23,群益金鼎-三民,2023-08-25,9188
8085,福華,23,0,23,群益金鼎-三民,2023-08-25,9188
00929,復華台灣科技優息,24,3,21,群益金鼎-三民,2023-08-25,9188
5014,建錩,21,0,21,群益金鼎-三民,2023-08-25,9188
00893,國泰智能電動車,19,0,19,群益金鼎-三民,2023-08-25,9188
6120,達運,22,3,19,群益金鼎-三民,2023-08-25,9188
8222,寶一,43,24,19,群益金鼎-三民,2023-08-25,9188
3044,健鼎,24,7,17,群益金鼎-三民,2023-08-25,9188
2884,玉山金,16,0,16,群益金鼎-三民,2023-08-25,9188
3017,奇鋐,18,2,16,群益金鼎-三民,2023-08-25,9188
2002,中鋼,26,10,16,群益金鼎-三民,2023-08-25,9188
5371,中光電,16,1,15,群益金鼎-三民,2023-08-25,9188
00881,國泰台灣5G+,15,0,15,群益金鼎-三民,2023-08-25,9188
6142,友勁,15,0,15,群益金鼎-三民,2023-08-25,9188
6770,力積電,15,0,15,群益金鼎-三民,2023-08-25,9188
8289,泰藝,14,0,14,群益金鼎-三民,2023-08-25,9188
00923,群益台ESG低碳50,20,6,14,群益金鼎-三民,2023-08-25,9188
2634,漢翔,44,30,14,群益金鼎-三民,2023-08-25,9188
1513,中興電,16,3,13,群益金鼎-三民,2023-08-25,9188
2645,長榮航太,17,4,13,群益金鼎-三民,2023-08-25,9188
5880,合庫金,13,1,12,群益金鼎-三民,2023-08-25,9188
2399,映泰,13,1,12,群益金鼎-三民,2023-08-25,9188
2488,漢平,12,0,12,群益金鼎-三民,2023-08-25,9188
6167,久正,12,0,12,群益金鼎-三民,2023-08-25,9188
2353,宏��,11,0,11,群益金鼎-三民,2023-08-25,9188
2369,菱生,11,0,11,群益金鼎-三民,2023-08-25,9188
6139,亞翔,15,4,11,群益金鼎-三民,2023-08-25,9188
2705,六福,15,4,11,群益金鼎-三民,2023-08-25,9188
1503,士電,10,0,10,群益金鼎-三民,2023-08-25,9188
00929,復華台灣科技優息,189,7,182,群益金鼎-三民,2023-08-28,9188
5225,東科-KY,157,3,154,群益金鼎-三民,2023-08-28,9188
2883,凱基金,97,1,96,群益金鼎-三民,2023-08-28,9188
2834,臺企銀,106,10,96,群益金鼎-三民,2023-08-28,9188
2887,台新金,64,0,64,群益金鼎-三民,2023-08-28,9188
2618,長榮航,66,13,53,群益金鼎-三民,2023-08-28,9188
00664R,國泰臺灣加權反1,50,0,50,群益金鼎-三民,2023-08-28,9188
2489,瑞軒,40,2,38,群益金鼎-三民,2023-08-28,9188
6142,友勁,35,0,35,群益金鼎-三民,2023-08-28,9188
2634,漢翔,70,36,34,群益金鼎-三民,2023-08-28,9188
5880,合庫金,34,2,32,群益金鼎-三民,2023-08-28,9188
4572,駐龍,29,0,29,群益金鼎-三民,2023-08-28,9188
00919,群益台灣精選高息,27,0,27,群益金鼎-三民,2023-08-28,9188
2388,威盛,34,11,23,群益金鼎-三民,2023-08-28,9188
2421,建準,35,12,23,群益金鼎-三民,2023-08-28,9188
6415,矽力*-KY,23,0,23,群益金鼎-三民,2023-08-28,9188
6161,捷波,23,0,23,群益金鼎-三民,2023-08-28,9188
2610,華航,40,18,22,群益金鼎-三民,2023-08-28,9188
2352,佳世達,16,0,16,群益金鼎-三民,2023-08-28,9188
00923,群益台ESG低碳50,17,1,16,群益金鼎-三民,2023-08-28,9188
2630,亞航,19,4,15,群益金鼎-三民,2023-08-28,9188
2485,兆赫,17,2,15,群益金鼎-三民,2023-08-28,9188
2331,精英,20,7,13,群益金鼎-三民,2023-08-28,9188
2838,聯邦銀,13,0,13,群益金鼎-三民,2023-08-28,9188
2338,光罩,12,0,12,群益金鼎-三民,2023-08-28,9188
3311,閎暉,12,0,12,群益金鼎-三民,2023-08-28,9188
8033,雷虎,16,4,12,群益金鼎-三民,2023-08-28,9188
5014,建錩,11,0,11,群益金鼎-三民,2023-08-28,9188
6187,萬潤,10,0,10,群益金鼎-三民,2023-08-28,9188
4164,承業醫,10,0,10,群益金鼎-三民,2023-08-28,9188
3025,星通,10,0,10,群益金鼎-三民,2023-08-28,9188
2349,錸德,10,0,10,群益金鼎-三民,2023-08-28,9188
3673,TPK-KY,10,0,10,群益金鼎-三民,2023-08-28,9188
5516,雙喜,10,0,10,群益金鼎-三民,2023-08-28,9188
00753L,中信中國50正2,10,0,10,群益金鼎-三民,2023-08-28,9188
3665,貿聯-KY,9,0,9,群益金鼎-三民,2023-08-28,9188
4532,瑞智,9,0,9,群益金鼎-三民,2023-08-28,9188
6191,精成科,14,5,9,群益金鼎-三民,2023-08-28,9188
2401,凌陽,14,6,8,群益金鼎-三民,2023-08-28,9188
1802,台玻,10,2,8,群益金鼎-三民,2023-08-28,9188
2743,山富,10,2,8,群益金鼎-三民,2023-08-28,9188
2885,元大金,8,0,8,群益金鼎-三民,2023-08-28,9188
6168,宏齊,30,22,8,群益金鼎-三民,2023-08-28,9188
3017,奇鋐,9,2,7,群益金鼎-三民,2023-08-28,9188
2609,陽明,8,1,7,群益金鼎-三民,2023-08-28,9188
4510,高鋒,7,0,7,群益金鼎-三民,2023-08-28,9188
4207,環泰,7,0,7,群益金鼎-三民,2023-08-28,9188
6156,松上,27,20,7,群益金鼎-三民,2023-08-28,9188
4908,前鼎,7,0,7,群益金鼎-三民,2023-08-28,9188
00885,富邦越南,11,4,7,群益金鼎-三民,2023-08-28,9188
00919,群益台灣精選高息,357,2,355,群益金鼎-三民,2023-08-29,9188
2363,矽統,220,139,81,群益金鼎-三民,2023-08-29,9188
3231,緯創,98,56,42,群益金鼎-三民,2023-08-29,9188
2882,國泰金,49,7,42,群益金鼎-三民,2023-08-29,9188
2412,中華電,60,21,39,群益金鼎-三民,2023-08-29,9188
00929,復華台灣科技優息,40,5,35,群益金鼎-三民,2023-08-29,9188
5880,合庫金,25,0,25,群益金鼎-三民,2023-08-29,9188
6285,啟��,20,0,20,群益金鼎-三民,2023-08-29,9188
00632R,元大台灣50反1,20,0,20,群益金鼎-三民,2023-08-29,9188
4123,晟德,20,2,18,群益金鼎-三民,2023-08-29,9188
0056,元大高股息,18,3,15,群益金鼎-三民,2023-08-29,9188
3481,群創,25,12,13,群益金鼎-三民,2023-08-29,9188
4113,聯上,13,0,13,群益金鼎-三民,2023-08-29,9188
1560,中砂,14,1,13,群益金鼎-三民,2023-08-29,9188
2002,中鋼,17,5,12,群益金鼎-三民,2023-08-29,9188
2457,飛宏,12,0,12,群益金鼎-三民,2023-08-29,9188
2618,長榮航,26,14,12,群益金鼎-三民,2023-08-29,9188
2913,農林,14,2,12,群益金鼎-三民,2023-08-29,9188
00878,國泰永續高股息,17,6,11,群益金鼎-三民,2023-08-29,9188
1301,台塑,11,0,11,群益金鼎-三民,2023-08-29,9188
2014,中鴻,26,15,11,群益金鼎-三民,2023-08-29,9188
7402,邑錡,10,0,10,群益金鼎-三民,2023-08-29,9188
00676R,富邦臺灣加權反1,10,0,10,群益金鼎-三民,2023-08-29,9188
2883,凱基金,10,0,10,群益金鼎-三民,2023-08-29,9188
2401,凌陽,11,1,10,群益金鼎-三民,2023-08-29,9188
6472,保瑞,10,0,10,群益金鼎-三民,2023-08-29,9188
2301,光寶科,12,2,10,群益金鼎-三民,2023-08-29,9188
2408,南亞科,9,0,9,群益金鼎-三民,2023-08-29,9188
4533,協易機,10,1,9,群益金鼎-三民,2023-08-29,9188
2323,中環,11,2,9,群益金鼎-三民,2023-08-29,9188
4207,環泰,9,0,9,群益金鼎-三民,2023-08-29,9188
1504,東元,10,2,8,群益金鼎-三民,2023-08-29,9188
4906,正文,24,16,8,群益金鼎-三民,2023-08-29,9188
6443,元晶,22,15,7,群益金鼎-三民,2023-08-29,9188
00923,群益台ESG低碳50,10,3,7,群益金鼎-三民,2023-08-29,9188
3035,智原,18,12,6,群益金鼎-三民,2023-08-29,9188
3189,景碩,6,0,6,群益金鼎-三民,2023-08-29,9188
3308,聯德,49,43,6,群益金鼎-三民,2023-08-29,9188
020025,統一亞洲半導體N,6,0,6,群益金鼎-三民,2023-08-29,9188
2421,建準,24,18,6,群益金鼎-三民,2023-08-29,9188
2838,聯邦銀,13,7,6,群益金鼎-三民,2023-08-29,9188
3265,台星科,6,0,6,群益金鼎-三民,2023-08-29,9188
6244,茂迪,6,0,6,群益金鼎-三民,2023-08-29,9188
2637,慧洋-KY,11,5,6,群益金鼎-三民,2023-08-29,9188
2419,仲琦,9,3,6,群益金鼎-三民,2023-08-29,9188
6188,廣明,7,2,5,群益金鼎-三民,2023-08-29,9188
6191,精成科,11,6,5,群益金鼎-三民,2023-08-29,9188
2614,東森,5,0,5,群益金鼎-三民,2023-08-29,9188
6161,捷波,5,0,5,群益金鼎-三民,2023-08-29,9188
6235,華孚,161,156,5,群益金鼎-三民,2023-08-29,9188
00919,群益台灣精選高息,131,8,123,群益金鼎-三民,2023-08-30,9188
3481,群創,77,0,77,群益金鼎-三民,2023-08-30,9188
2412,中華電,120,63,57,群益金鼎-三民,2023-08-30,9188
6168,宏齊,67,25,42,群益金鼎-三民,2023-08-30,9188
4976,佳凌,40,0,40,群益金鼎-三民,2023-08-30,9188
4726,永昕,35,0,35,群益金鼎-三民,2023-08-30,9188
2349,錸德,35,0,35,群益金鼎-三民,2023-08-30,9188
3583,辛耘,39,5,34,群益金鼎-三民,2023-08-30,9188
3057,喬鼎,30,0,30,群益金鼎-三民,2023-08-30,9188
2344,華邦電,29,8,21,群益金鼎-三民,2023-08-30,9188
3715,定穎投控,34,15,19,群益金鼎-三民,2023-08-30,9188
4207,環泰,20,1,19,群益金鼎-三民,2023-08-30,9188
2538,基泰,18,0,18,群益金鼎-三民,2023-08-30,9188
2388,威盛,30,12,18,群益金鼎-三民,2023-08-30,9188
2495,普安,17,1,16,群益金鼎-三民,2023-08-30,9188
2867,三商壽,15,0,15,群益金鼎-三民,2023-08-30,9188
2838,聯邦銀,15,0,15,群益金鼎-三民,2023-08-30,9188
00929,復華台灣科技優息,15,1,14,群益金鼎-三民,2023-08-30,9188
5009,榮剛,15,1,14,群益金鼎-三民,2023-08-30,9188
2891,中信金,14,0,14,群益金鼎-三民,2023-08-30,9188
6446,藥華藥,17,5,12,群益金鼎-三民,2023-08-30,9188
3032,偉訓,12,0,12,群益金鼎-三民,2023-08-30,9188
3710,連展投控,11,0,11,群益金鼎-三民,2023-08-30,9188
2903,遠百,10,0,10,群益金鼎-三民,2023-08-30,9188
2421,建準,25,15,10,群益金鼎-三民,2023-08-30,9188
1524,耿鼎,170,160,10,群益金鼎-三民,2023-08-30,9188
6116,彩晶,10,0,10,群益金鼎-三民,2023-08-30,9188
2352,佳世達,14,4,10,群益金鼎-三民,2023-08-30,9188
00676R,富邦臺灣加權反1,10,0,10,群益金鼎-三民,2023-08-30,9188
3094,聯傑,10,0,10,群益金鼎-三民,2023-08-30,9188
3703,欣陸,10,0,10,群益金鼎-三民,2023-08-30,9188
8933,愛地雅,10,0,10,群益金鼎-三民,2023-08-30,9188
5469,瀚宇博,10,0,10,群益金鼎-三民,2023-08-30,9188
8050,廣積,11,2,9,群益金鼎-三民,2023-08-30,9188
2610,華航,19,10,9,群益金鼎-三民,2023-08-30,9188
3325,旭品,15,6,9,群益金鼎-三民,2023-08-30,9188
3311,閎暉,9,0,9,群益金鼎-三民,2023-08-30,9188
2498,宏達電,9,2,7,群益金鼎-三民,2023-08-30,9188
2645,長榮航太,7,0,7,群益金鼎-三民,2023-08-30,9188
3010,華立,7,0,7,群益金鼎-三民,2023-08-30,9188
2374,佳能,7,0,7,群益金鼎-三民,2023-08-30,9188
6126,信音,11,5,6,群益金鼎-三民,2023-08-30,9188
020037,元大金融高股息N,6,0,6,群益金鼎-三民,2023-08-30,9188
6104,創惟,8,2,6,群益金鼎-三民,2023-08-30,9188
2883,凱基金,6,0,6,群益金鼎-三民,2023-08-30,9188
1471,首利,6,0,6,群益金鼎-三民,2023-08-30,9188
6719,力智,5,0,5,群益金鼎-三民,2023-08-30,9188
9945,潤泰新,6,1,5,群益金鼎-三民,2023-08-30,9188
8926,台汽電,5,0,5,群益金鼎-三民,2023-08-30,9188
6418,詠昇,12,7,5,群益金鼎-三民,2023-08-30,9188
2610,華航,81,1,80,群益金鼎-三民,2023-08-31,9188
2363,矽統,201,127,74,群益金鼎-三民,2023-08-31,9188
4976,佳凌,65,0,65,群益金鼎-三民,2023-08-31,9188
00919,群益台灣精選高息,55,0,55,群益金鼎-三民,2023-08-31,9188
3481,群創,64,10,54,群益金鼎-三民,2023-08-31,9188
2412,中華電,164,111,53,群益金鼎-三民,2023-08-31,9188
2883,凱基金,50,1,49,群益金鼎-三民,2023-08-31,9188
6829,千附精密,44,6,38,群益金鼎-三民,2023-08-31,9188
2337,旺宏,52,17,35,群益金鼎-三民,2023-08-31,9188
00929,復華台灣科技優息,31,0,31,群益金鼎-三民,2023-08-31,9188
1802,台玻,36,10,26,群益金鼎-三民,2023-08-31,9188
2618,長榮航,65,40,25,群益金鼎-三民,2023-08-31,9188
6223,旺矽,20,0,20,群益金鼎-三民,2023-08-31,9188
2002,中鋼,31,11,20,群益金鼎-三民,2023-08-31,9188
5880,合庫金,18,0,18,群益金鼎-三民,2023-08-31,9188
4207,環泰,17,0,17,群益金鼎-三民,2023-08-31,9188
3017,奇鋐,20,4,16,群益金鼎-三民,2023-08-31,9188
2329,華泰,61,46,15,群益金鼎-三民,2023-08-31,9188
4943,康控-KY,15,0,15,群益金鼎-三民,2023-08-31,9188
2838,聯邦銀,15,0,15,群益金鼎-三民,2023-08-31,9188
4906,正文,17,2,15,群益金鼎-三民,2023-08-31,9188
2880,華南金,14,0,14,群益金鼎-三民,2023-08-31,9188
2303,聯電,25,12,13,群益金鼎-三民,2023-08-31,9188
2367,燿華,17,4,13,群益金鼎-三民,2023-08-31,9188
2025,千興,13,0,13,群益金鼎-三民,2023-08-31,9188
2316,楠梓電,13,0,13,群益金鼎-三民,2023-08-31,9188
2312,金寶,13,1,12,群益金鼎-三民,2023-08-31,9188
6472,保瑞,21,9,12,群益金鼎-三民,2023-08-31,9188
00878,國泰永續高股息,64,52,12,群益金鼎-三民,2023-08-31,9188
2615,萬海,12,1,11,群益金鼎-三民,2023-08-31,9188
1216,統一,11,0,11,群益金鼎-三民,2023-08-31,9188
2890,永豐金,11,0,11,群益金鼎-三民,2023-08-31,9188
2892,第一金,11,0,11,群益金鼎-三民,2023-08-31,9188
1301,台塑,10,0,10,群益金鼎-三民,2023-08-31,9188
1591,駿吉-KY,10,0,10,群益金鼎-三民,2023-08-31,9188
8478,東哥遊艇,12,2,10,群益金鼎-三民,2023-08-31,9188
02001R,富邦蘋果反一N,10,0,10,群益金鼎-三民,2023-08-31,9188
8938,明安,10,0,10,群益金鼎-三民,2023-08-31,9188
1303,南亞,10,0,10,群益金鼎-三民,2023-08-31,9188
00923,群益台ESG低碳50,8,0,8,群益金鼎-三民,2023-08-31,9188
2888,新光金,8,0,8,群益金鼎-三民,2023-08-31,9188
3715,定穎投控,43,35,8,群益金鼎-三民,2023-08-31,9188
2401,凌陽,15,8,7,群益金鼎-三民,2023-08-31,9188
1605,華新,10,3,7,群益金鼎-三民,2023-08-31,9188
2834,臺企銀,7,0,7,群益金鼎-三民,2023-08-31,9188
6156,松上,8,1,7,群益金鼎-三民,2023-08-31,9188
3624,光頡,7,0,7,群益金鼎-三民,2023-08-31,9188
2301,光寶科,19,13,6,群益金鼎-三民,2023-08-31,9188
2324,仁寶,21,15,6,群益金鼎-三民,2023-08-31,9188
2845,遠東銀,6,0,6,群益金鼎-三民,2023-08-31,9188
00919,群益台灣精選高息,171,4,167,群益金鼎-三民,2023-09-01,9188
3231,緯創,165,60,105,群益金鼎-三民,2023-09-01,9188
2206,三陽工業,86,13,73,群益金鼎-三民,2023-09-01,9188
2886,兆豐金,63,1,62,群益金鼎-三民,2023-09-01,9188
00929,復華台灣科技優息,57,0,57,群益金鼎-三民,2023-09-01,9188
2409,友達,40,0,40,群益金鼎-三民,2023-09-01,9188
2356,英業達,50,17,33,群益金鼎-三民,2023-09-01,9188
6757,台灣虎航,32,0,32,群益金鼎-三民,2023-09-01,9188
5347,世界,30,0,30,群益金鼎-三民,2023-09-01,9188
3362,先進光,30,0,30,群益金鼎-三民,2023-09-01,9188
9934,成霖,30,0,30,群益金鼎-三民,2023-09-01,9188
3042,晶技,29,3,26,群益金鼎-三民,2023-09-01,9188
3624,光頡,31,7,24,群益金鼎-三民,2023-09-01,9188
00878,國泰永續高股息,34,10,24,群益金鼎-三民,2023-09-01,9188
8070,長華*,26,3,23,群益金鼎-三民,2023-09-01,9188
3094,聯傑,25,2,23,群益金鼎-三民,2023-09-01,9188
2485,兆赫,186,163,23,群益金鼎-三民,2023-09-01,9188
1519,華城,41,19,22,群益金鼎-三民,2023-09-01,9188
2605,新興,21,0,21,群益金鼎-三民,2023-09-01,9188
3305,昇貿,21,0,21,群益金鼎-三民,2023-09-01,9188
6547,高端疫苗,45,25,20,群益金鼎-三民,2023-09-01,9188
00679B,元大美債20年,75,55,20,群益金鼎-三民,2023-09-01,9188
00683L,期元大美元指正2,20,0,20,群益金鼎-三民,2023-09-01,9188
4707,磐亞,20,0,20,群益金鼎-三民,2023-09-01,9188
2337,旺宏,34,15,19,群益金鼎-三民,2023-09-01,9188
2609,陽明,20,1,19,群益金鼎-三民,2023-09-01,9188
2402,毅嘉,93,74,19,群益金鼎-三民,2023-09-01,9188
6156,松上,23,5,18,群益金鼎-三民,2023-09-01,9188
6216,居易,18,0,18,群益金鼎-三民,2023-09-01,9188
2838,聯邦銀,17,0,17,群益金鼎-三民,2023-09-01,9188
1101,台泥,34,19,15,群益金鼎-三民,2023-09-01,9188
2376,技嘉,22,8,14,群益金鼎-三民,2023-09-01,9188
3583,辛耘,17,3,14,群益金鼎-三民,2023-09-01,9188
8088,品安,15,2,13,群益金鼎-三民,2023-09-01,9188
6438,迅得,13,0,13,群益金鼎-三民,2023-09-01,9188
5301,寶得利,15,2,13,群益金鼎-三民,2023-09-01,9188
00932,兆豐永續高息等權,12,0,12,群益金鼎-三民,2023-09-01,9188
8027,鈦昇,12,0,12,群益金鼎-三民,2023-09-01,9188
2382,廣達,31,19,12,群益金鼎-三民,2023-09-01,9188
1513,中興電,21,10,11,群益金鼎-三民,2023-09-01,9188
8210,勤誠,14,3,11,群益金鼎-三民,2023-09-01,9188
2340,台亞,13,2,11,群益金鼎-三民,2023-09-01,9188
2436,偉詮電,12,1,11,群益金鼎-三民,2023-09-01,9188
3035,智原,18,7,11,群益金鼎-三民,2023-09-01,9188
1806,冠軍,10,0,10,群益金鼎-三民,2023-09-01,9188
2511,太子,10,0,10,群益金鼎-三民,2023-09-01,9188
4154,樂威科-KY,10,0,10,群益金鼎-三民,2023-09-01,9188
7402,邑錡,10,0,10,群益金鼎-三民,2023-09-01,9188
6234,高僑,17,8,9,群益金鼎-三民,2023-09-01,9188
3058,立德,10,1,9,群益金鼎-三民,2023-09-01,9188
2363,矽統,342,187,155,群益金鼎-三民,2023-09-04,9188
00679B,元大美債20年,137,75,62,群益金鼎-三民,2023-09-04,9188
2477,美隆電,57,3,54,群益金鼎-三民,2023-09-04,9188
2014,中鴻,56,5,51,群益金鼎-三民,2023-09-04,9188
00882,中信中國高股息,51,6,45,群益金鼎-三民,2023-09-04,9188
2349,錸德,35,0,35,群益金鼎-三民,2023-09-04,9188
2402,毅嘉,96,63,33,群益金鼎-三民,2023-09-04,9188
5381,合正,44,13,31,群益金鼎-三民,2023-09-04,9188
00932,兆豐永續高息等權,30,0,30,群益金鼎-三民,2023-09-04,9188
6213,聯茂,31,4,27,群益金鼎-三民,2023-09-04,9188
00929,復華台灣科技優息,40,17,23,群益金鼎-三民,2023-09-04,9188
00915,凱基優選高股息30,23,0,23,群益金鼎-三民,2023-09-04,9188
00919,群益台灣精選高息,164,142,22,群益金鼎-三民,2023-09-04,9188
2323,中環,24,2,22,群益金鼎-三民,2023-09-04,9188
2331,精英,24,3,21,群益金鼎-三民,2023-09-04,9188
2208,台船,21,0,21,群益金鼎-三民,2023-09-04,9188
00922,國泰台灣領袖50,20,0,20,群益金鼎-三民,2023-09-04,9188
2801,彰銀,20,2,18,群益金鼎-三民,2023-09-04,9188
1308,亞聚,21,3,18,群益金鼎-三民,2023-09-04,9188
00878,國泰永續高股息,24,7,17,群益金鼎-三民,2023-09-04,9188
3260,威剛,22,6,16,群益金鼎-三民,2023-09-04,9188
3481,群創,17,1,16,群益金鼎-三民,2023-09-04,9188
00687B,國泰20年美債,15,0,15,群益金鼎-三民,2023-09-04,9188
6111,大宇資,16,1,15,群益金鼎-三民,2023-09-04,9188
020037,元大金融高股息N,14,0,14,群益金鼎-三民,2023-09-04,9188
00931B,統一美債20年,14,0,14,群益金鼎-三民,2023-09-04,9188
5529,鉅陞,14,0,14,群益金鼎-三民,2023-09-04,9188
8027,鈦昇,16,2,14,群益金鼎-三民,2023-09-04,9188
00923,群益台ESG低碳50,13,0,13,群益金鼎-三民,2023-09-04,9188
00857B,永豐20年美公債,13,0,13,群益金鼎-三民,2023-09-04,9188
1802,台玻,76,63,13,群益金鼎-三民,2023-09-04,9188
00680L,元大美債20正2,12,0,12,群益金鼎-三民,2023-09-04,9188
2337,旺宏,17,5,12,群益金鼎-三民,2023-09-04,9188
2634,漢翔,15,4,11,群益金鼎-三民,2023-09-04,9188
2376,技嘉,18,7,11,群益金鼎-三民,2023-09-04,9188
2884,玉山金,22,12,10,群益金鼎-三民,2023-09-04,9188
3078,僑威,15,5,10,群益金鼎-三民,2023-09-04,9188
00764B,群益25年美債,10,0,10,群益金鼎-三民,2023-09-04,9188
00795B,中信美國公債20年,10,0,10,群益金鼎-三民,2023-09-04,9188
4906,正文,58,48,10,群益金鼎-三民,2023-09-04,9188
6244,茂迪,9,0,9,群益金鼎-三民,2023-09-04,9188
2332,友訊,13,4,9,群益金鼎-三民,2023-09-04,9188
8930,青鋼,10,1,9,群益金鼎-三民,2023-09-04,9188
00632R,元大台灣50反1,10,1,9,群益金鼎-三民,2023-09-04,9188
3583,辛耘,11,2,9,群益金鼎-三民,2023-09-04,9188
8069,元太,9,0,9,群益金鼎-三民,2023-09-04,9188
2329,華泰,21,13,8,群益金鼎-三民,2023-09-04,9188
1101,台泥,9,0,9,群益金鼎-三民,2023-09-04,9188
2888,新光金,16,8,8,群益金鼎-三民,2023-09-04,9188
4967,十銓,8,0,8,群益金鼎-三民,2023-09-04,9188
9105,泰金寶-DR,100,0,100,群益金鼎-三民,2023-09-05,9188
00772B,中信高評級公司債,80,0,80,群益金鼎-三民,2023-09-05,9188
00929,復華台灣科技優息,132,52,80,群益金鼎-三民,2023-09-05,9188
00679B,元大美債20年,126,62,64,群益金鼎-三民,2023-09-05,9188
2409,友達,54,0,54,群益金鼎-三民,2023-09-05,9188
2887,台新金,50,0,50,群益金鼎-三民,2023-09-05,9188
2308,台達電,64,22,42,群益金鼎-三民,2023-09-05,9188
4743,合一,36,0,36,群益金鼎-三民,2023-09-05,9188
00882,中信中國高股息,32,0,32,群益金鼎-三民,2023-09-05,9188
00931B,統一美債20年,31,0,31,群益金鼎-三民,2023-09-05,9188
2412,中華電,44,13,31,群益金鼎-三民,2023-09-05,9188
00932,兆豐永續高息等權,30,0,30,群益金鼎-三民,2023-09-05,9188
5469,瀚宇博,35,12,23,群益金鼎-三民,2023-09-05,9188
2610,華航,23,2,21,群益金鼎-三民,2023-09-05,9188
00795B,中信美國公債20年,20,0,20,群益金鼎-三民,2023-09-05,9188
2402,毅嘉,37,18,19,群益金鼎-三民,2023-09-05,9188
6282,康舒,26,11,15,群益金鼎-三民,2023-09-05,9188
2504,國產,15,0,15,群益金鼎-三民,2023-09-05,9188
5608,四維航,15,0,15,群益金鼎-三民,2023-09-05,9188
3596,智易,16,2,14,群益金鼎-三民,2023-09-05,9188
2618,長榮航,36,22,14,群益金鼎-三民,2023-09-05,9188
2419,仲琦,15,2,13,群益金鼎-三民,2023-09-05,9188
2634,漢翔,26,14,12,群益金鼎-三民,2023-09-05,9188
00687B,國泰20年美債,12,0,12,群益金鼎-三民,2023-09-05,9188
3576,聯合再生,14,2,12,群益金鼎-三民,2023-09-05,9188
2884,玉山金,12,0,12,群益金鼎-三民,2023-09-05,9188
3051,力特,21,10,11,群益金鼎-三民,2023-09-05,9188
2027,大成鋼,11,0,11,群益金鼎-三民,2023-09-05,9188
2338,光罩,10,0,10,群益金鼎-三民,2023-09-05,9188
6509,聚和,10,0,10,群益金鼎-三民,2023-09-05,9188
3504,揚明光,10,0,10,群益金鼎-三民,2023-09-05,9188
1440,南紡,10,0,10,群益金鼎-三民,2023-09-05,9188
2883,凱基金,10,0,10,群益金鼎-三民,2023-09-05,9188
8085,福華,10,0,10,群益金鼎-三民,2023-09-05,9188
2337,旺宏,22,12,10,群益金鼎-三民,2023-09-05,9188
5483,中美晶,12,3,9,群益金鼎-三民,2023-09-05,9188
2344,華邦電,23,14,9,群益金鼎-三民,2023-09-05,9188
00878,國泰永續高股息,14,6,8,群益金鼎-三民,2023-09-05,9188
2436,偉詮電,51,43,8,群益金鼎-三民,2023-09-05,9188
1409,新纖,8,0,8,群益金鼎-三民,2023-09-05,9188
4207,環泰,8,0,8,群益金鼎-三民,2023-09-05,9188
3027,盛達,8,0,8,群益金鼎-三民,2023-09-05,9188
1795,美時,9,1,8,群益金鼎-三民,2023-09-05,9188
6158,禾昌,10,2,8,群益金鼎-三民,2023-09-05,9188
00720B,元大投資級公司債,7,0,7,群益金鼎-三民,2023-09-05,9188
1710,東聯,7,0,7,群益金鼎-三民,2023-09-05,9188
5432,新門,7,0,7,群益金鼎-三民,2023-09-05,9188
00632R,元大台灣50反1,7,0,7,群益金鼎-三民,2023-09-05,9188
1319,東陽,7,0,7,群益金鼎-三民,2023-09-05,9188
00712,復華富時不動產,7,0,7,群益金鼎-三民,2023-09-05,9188
00929,復華台灣科技優息,163,12,151,群益金鼎-三民,2023-09-06,9188
2409,友達,571,480,91,群益金鼎-三民,2023-09-06,9188
00637L,元大滬深300正2,94,4,90,群益金鼎-三民,2023-09-06,9188
4906,正文,117,39,78,群益金鼎-三民,2023-09-06,9188
2412,中華電,104,30,74,群益金鼎-三民,2023-09-06,9188
3163,波若威,97,27,70,群益金鼎-三民,2023-09-06,9188
00932,兆豐永續高息等權,58,0,58,群益金鼎-三民,2023-09-06,9188
00900,富邦特選高股息30,79,26,53,群益金鼎-三民,2023-09-06,9188
9105,泰金寶-DR,50,0,50,群益金鼎-三民,2023-09-06,9188
1101,台泥,54,14,40,群益金鼎-三民,2023-09-06,9188
2883,凱基金,37,0,37,群益金鼎-三民,2023-09-06,9188
3481,群創,78,42,36,群益金鼎-三民,2023-09-06,9188
00679B,元大美債20年,126,91,35,群益金鼎-三民,2023-09-06,9188
2401,凌陽,45,13,32,群益金鼎-三民,2023-09-06,9188
00919,群益台灣精選高息,73,42,31,群益金鼎-三民,2023-09-06,9188
1616,億泰,31,0,31,群益金鼎-三民,2023-09-06,9188
1313,聯成,30,0,30,群益金鼎-三民,2023-09-06,9188
1802,台玻,33,5,28,群益金鼎-三民,2023-09-06,9188
5880,合庫金,28,1,27,群益金鼎-三民,2023-09-06,9188
4908,前鼎,32,9,23,群益金鼎-三民,2023-09-06,9188
00931B,統一美債20年,22,0,22,群益金鼎-三民,2023-09-06,9188
00918,大華優利高填息30,22,0,22,群益金鼎-三民,2023-09-06,9188
2356,英業達,28,8,20,群益金鼎-三民,2023-09-06,9188
2605,新興,35,16,19,群益金鼎-三民,2023-09-06,9188
2834,臺企銀,19,0,19,群益金鼎-三民,2023-09-06,9188
2504,國產,18,0,18,群益金鼎-三民,2023-09-06,9188
00720B,元大投資級公司債,20,2,18,群益金鼎-三民,2023-09-06,9188
5388,中磊,25,7,18,群益金鼎-三民,2023-09-06,9188
2618,長榮航,22,5,17,群益金鼎-三民,2023-09-06,9188
8110,華東,17,0,17,群益金鼎-三民,2023-09-06,9188
1216,統一,17,0,17,群益金鼎-三民,2023-09-06,9188
2316,楠梓電,25,9,16,群益金鼎-三民,2023-09-06,9188
6209,今國光,22,6,16,群益金鼎-三民,2023-09-06,9188
6167,久正,16,0,16,群益金鼎-三民,2023-09-06,9188
2838,聯邦銀,16,0,16,群益金鼎-三民,2023-09-06,9188
6285,啟��,30,14,16,群益金鼎-三民,2023-09-06,9188
3013,晟銘電,21,6,15,群益金鼎-三民,2023-09-06,9188
2204,中華,26,11,15,群益金鼎-三民,2023-09-06,9188
2884,玉山金,15,0,15,群益金鼎-三民,2023-09-06,9188
2027,大成鋼,16,1,15,群益金鼎-三民,2023-09-06,9188
2358,廷鑫,15,1,14,群益金鼎-三民,2023-09-06,9188
6158,禾昌,21,7,14,群益金鼎-三民,2023-09-06,9188
3035,智原,30,16,14,群益金鼎-三民,2023-09-06,9188
2436,偉詮電,21,8,13,群益金鼎-三民,2023-09-06,9188
2353,宏��,13,0,13,群益金鼎-三民,2023-09-06,9188
6733,博晟生醫,13,0,13,群益金鼎-三民,2023-09-06,9188
2419,仲琦,13,0,13,群益金鼎-三民,2023-09-06,9188
2355,敬鵬,14,1,13,群益金鼎-三民,2023-09-06,9188
5488,松普,15,2,13,群益金鼎-三民,2023-09-06,9188
3545,敦泰,13,1,12,群益金鼎-三民,2023-09-06,9188
00929,復華台灣科技優息,255,48,207,群益金鼎-三民,2023-09-07,9188
00878,國泰永續高股息,119,4,115,群益金鼎-三民,2023-09-07,9188
00919,群益台灣精選高息,111,2,109,群益金鼎-三民,2023-09-07,9188
2313,華通,123,21,102,群益金鼎-三民,2023-09-07,9188
2838,聯邦銀,97,0,97,群益金鼎-三民,2023-09-07,9188
1326,台化,80,0,80,群益金鼎-三民,2023-09-07,9188
2409,友達,96,36,60,群益金鼎-三民,2023-09-07,9188
6016,康和證,60,0,60,群益金鼎-三民,2023-09-07,9188
3481,群創,92,52,40,群益金鼎-三民,2023-09-07,9188
3715,定穎投控,113,76,37,群益金鼎-三民,2023-09-07,9188
2614,東森,54,17,37,群益金鼎-三民,2023-09-07,9188
00902,中信電池及儲能,35,0,35,群益金鼎-三民,2023-09-07,9188
2317,鴻海,33,1,32,群益金鼎-三民,2023-09-07,9188
2356,英業達,49,18,31,群益金鼎-三民,2023-09-07,9188
6274,台燿,109,79,30,群益金鼎-三民,2023-09-07,9188
00923,群益台ESG低碳50,29,2,27,群益金鼎-三民,2023-09-07,9188
6138,茂達,47,25,22,群益金鼎-三民,2023-09-07,9188
5225,東科-KY,23,2,21,群益金鼎-三民,2023-09-07,9188
8110,華東,30,9,21,群益金鼎-三民,2023-09-07,9188
2303,聯電,28,8,20,群益金鼎-三民,2023-09-07,9188
1618,合機,21,4,17,群益金鼎-三民,2023-09-07,9188
3209,全科,21,4,17,群益金鼎-三民,2023-09-07,9188
1802,台玻,17,0,17,群益金鼎-三民,2023-09-07,9188
8112,至上,43,26,17,群益金鼎-三民,2023-09-07,9188
3043,科風,18,2,16,群益金鼎-三民,2023-09-07,9188
5353,台林,15,0,15,群益金鼎-三民,2023-09-07,9188
2401,凌陽,15,0,15,群益金鼎-三民,2023-09-07,9188
3231,緯創,27,12,15,群益金鼎-三民,2023-09-07,9188
2330,台積電,16,1,15,群益金鼎-三民,2023-09-07,9188
00720B,元大投資級公司債,14,0,14,群益金鼎-三民,2023-09-07,9188
3346,麗清,16,2,14,群益金鼎-三民,2023-09-07,9188
2402,毅嘉,25,11,14,群益金鼎-三民,2023-09-07,9188
2618,長榮航,44,31,13,群益金鼎-三民,2023-09-07,9188
2486,一詮,29,17,12,群益金鼎-三民,2023-09-07,9188
2630,亞航,14,2,12,群益金鼎-三民,2023-09-07,9188
00679B,元大美債20年,86,75,11,群益金鼎-三民,2023-09-07,9188
2027,大成鋼,34,23,11,群益金鼎-三民,2023-09-07,9188
5347,世界,12,1,11,群益金鼎-三民,2023-09-07,9188
00712,復華富時不動產,10,0,10,群益金鼎-三民,2023-09-07,9188
4142,國光生,10,0,10,群益金鼎-三民,2023-09-07,9188
00918,大華優利高填息30,10,0,10,群益金鼎-三民,2023-09-07,9188
00687B,國泰20年美債,10,0,10,群益金鼎-三民,2023-09-07,9188
6733,博晟生醫,10,0,10,群益金鼎-三民,2023-09-07,9188
00725B,國泰投資級公司債,10,0,10,群益金鼎-三民,2023-09-07,9188
7402,邑錡,10,0,10,群益金鼎-三民,2023-09-07,9188
00713,元大台灣高息低波,13,3,10,群益金鼎-三民,2023-09-07,9188
2349,錸德,10,0,10,群益金鼎-三民,2023-09-07,9188
02001R,富邦蘋果反一N,10,0,10,群益金鼎-三民,2023-09-07,9188
2358,廷鑫,60,51,9,群益金鼎-三民,2023-09-07,9188
5388,中磊,9,0,9,群益金鼎-三民,2023-09-07,9188
00919,群益台灣精選高息,224,2,222,群益金鼎-三民,2023-09-08,9188
6274,台燿,151,32,119,群益金鼎-三民,2023-09-08,9188
6016,康和證,63,0,63,群益金鼎-三民,2023-09-08,9188
00902,中信電池及儲能,61,0,61,群益金鼎-三民,2023-09-08,9188
5880,合庫金,57,0,57,群益金鼎-三民,2023-09-08,9188
2884,玉山金,59,5,54,群益金鼎-三民,2023-09-08,9188
00918,大華優利高填息30,51,0,51,群益金鼎-三民,2023-09-08,9188
2363,矽統,119,68,51,群益金鼎-三民,2023-09-08,9188
00929,復華台灣科技優息,107,57,50,群益金鼎-三民,2023-09-08,9188
2618,長榮航,58,10,48,群益金鼎-三民,2023-09-08,9188
9105,泰金寶-DR,332,301,31,群益金鼎-三民,2023-09-08,9188
00878,國泰永續高股息,65,34,31,群益金鼎-三民,2023-09-08,9188
3622,洋華,30,1,29,群益金鼎-三民,2023-09-08,9188
3231,緯創,47,24,23,群益金鼎-三民,2023-09-08,9188
2436,偉詮電,36,16,20,群益金鼎-三民,2023-09-08,9188
2356,英業達,25,5,20,群益金鼎-三民,2023-09-08,9188
5351,鈺創,19,0,19,群益金鼎-三民,2023-09-08,9188
4129,聯合,19,0,19,群益金鼎-三民,2023-09-08,9188
2382,廣達,28,11,17,群益金鼎-三民,2023-09-08,9188
3017,奇鋐,22,5,17,群益金鼎-三民,2023-09-08,9188
00637L,元大滬深300正2,19,2,17,群益金鼎-三民,2023-09-08,9188
2301,光寶科,28,12,16,群益金鼎-三民,2023-09-08,9188
3617,碩天,17,1,16,群益金鼎-三民,2023-09-08,9188
2204,中華,27,13,14,群益金鼎-三民,2023-09-08,9188
2402,毅嘉,19,5,14,群益金鼎-三民,2023-09-08,9188
6158,禾昌,23,10,13,群益金鼎-三民,2023-09-08,9188
3046,建��,45,33,12,群益金鼎-三民,2023-09-08,9188
2323,中環,12,0,12,群益金鼎-三民,2023-09-08,9188
2486,一詮,33,22,11,群益金鼎-三民,2023-09-08,9188
3363,上詮,25,14,11,群益金鼎-三民,2023-09-08,9188
00900,富邦特選高股息30,147,136,11,群益金鼎-三民,2023-09-08,9188
1802,台玻,26,15,11,群益金鼎-三民,2023-09-08,9188
2419,仲琦,14,3,11,群益金鼎-三民,2023-09-08,9188
2891,中信金,14,3,11,群益金鼎-三民,2023-09-08,9188
2412,中華電,16,6,10,群益金鼎-三民,2023-09-08,9188
2014,中鴻,10,0,10,群益金鼎-三民,2023-09-08,9188
00881,國泰台灣5G+,10,0,10,群益金鼎-三民,2023-09-08,9188
5706,鳳凰,10,0,10,群益金鼎-三民,2023-09-08,9188
0050,元大台灣50,9,0,9,群益金鼎-三民,2023-09-08,9188
2332,友訊,10,1,9,群益金鼎-三民,2023-09-08,9188
2867,三商壽,9,0,9,群益金鼎-三民,2023-09-08,9188
1471,首利,17,8,9,群益金鼎-三民,2023-09-08,9188
2609,陽明,11,2,9,群益金鼎-三民,2023-09-08,9188
2330,台積電,10,1,9,群益金鼎-三民,2023-09-08,9188
3711,日月光投控,10,2,8,群益金鼎-三民,2023-09-08,9188
3693,營邦,18,10,8,群益金鼎-三民,2023-09-08,9188
2637,慧洋-KY,10,2,8,群益金鼎-三民,2023-09-08,9188
8033,雷虎,9,1,8,群益金鼎-三民,2023-09-08,9188
2308,台達電,7,0,7,群益金鼎-三民,2023-09-08,9188
2312,金寶,8,1,7,群益金鼎-三民,2023-09-08,9188
00878,國泰永續高股息,782,173,609,群益金鼎-三民,2023-09-11,9188
00919,群益台灣精選高息,173,6,167,群益金鼎-三民,2023-09-11,9188
0056,元大高股息,94,4,90,群益金鼎-三民,2023-09-11,9188
00751B,元大AAA至A公司債,45,0,45,群益金鼎-三民,2023-09-11,9188
2838,聯邦銀,44,0,44,群益金鼎-三民,2023-09-11,9188
00929,復華台灣科技優息,50,8,42,群益金鼎-三民,2023-09-11,9188
2614,東森,50,11,39,群益金鼎-三民,2023-09-11,9188
6016,康和證,30,0,30,群益金鼎-三民,2023-09-11,9188
00915,凱基優選高股息30,25,0,25,群益金鼎-三民,2023-09-11,9188
4207,環泰,25,0,25,群益金鼎-三民,2023-09-11,9188
3231,緯創,198,174,24,群益金鼎-三民,2023-09-11,9188
2352,佳世達,27,3,24,群益金鼎-三民,2023-09-11,9188
8027,鈦昇,25,1,24,群益金鼎-三民,2023-09-11,9188
2634,漢翔,40,16,24,群益金鼎-三民,2023-09-11,9188
2845,遠東銀,28,5,23,群益金鼎-三民,2023-09-11,9188
2312,金寶,26,4,22,群益金鼎-三民,2023-09-11,9188
00932,兆豐永續高息等權,20,0,20,群益金鼎-三民,2023-09-11,9188
2610,華航,36,16,20,群益金鼎-三民,2023-09-11,9188
00720B,元大投資級公司債,27,8,19,群益金鼎-三民,2023-09-11,9188
3034,聯詠,20,1,19,群益金鼎-三民,2023-09-11,9188
2612,中航,18,0,18,群益金鼎-三民,2023-09-11,9188
3715,定穎投控,120,103,17,群益金鼎-三民,2023-09-11,9188
2867,三商壽,17,0,17,群益金鼎-三民,2023-09-11,9188
2603,長榮,31,14,17,群益金鼎-三民,2023-09-11,9188
00713,元大台灣高息低波,26,10,16,群益金鼎-三民,2023-09-11,9188
8222,寶一,30,14,16,群益金鼎-三民,2023-09-11,9188
2498,宏達電,16,0,16,群益金鼎-三民,2023-09-11,9188
2884,玉山金,16,0,16,群益金鼎-三民,2023-09-11,9188
00900,富邦特選高股息30,145,130,15,群益金鼎-三民,2023-09-11,9188
1101,台泥,14,0,14,群益金鼎-三民,2023-09-11,9188
3265,台星科,14,0,14,群益金鼎-三民,2023-09-11,9188
3206,志豐,14,1,13,群益金鼎-三民,2023-09-11,9188
2449,京元電子,14,1,13,群益金鼎-三民,2023-09-11,9188
2382,廣達,41,29,12,群益金鼎-三民,2023-09-11,9188
3481,群創,464,452,12,群益金鼎-三民,2023-09-11,9188
2354,鴻準,12,0,12,群益金鼎-三民,2023-09-11,9188
2353,宏��,13,1,12,群益金鼎-三民,2023-09-11,9188
00674R,期元大S＆P黃金反1,12,0,12,群益金鼎-三民,2023-09-11,9188
6472,保瑞,12,0,12,群益金鼎-三民,2023-09-11,9188
3131,弘塑,12,1,11,群益金鼎-三民,2023-09-11,9188
6125,廣運,12,1,11,群益金鼎-三民,2023-09-11,9188
00902,中信電池及儲能,11,0,11,群益金鼎-三民,2023-09-11,9188
3163,波若威,23,12,11,群益金鼎-三民,2023-09-11,9188
2387,精元,11,0,11,群益金鼎-三民,2023-09-11,9188
6161,捷波,11,0,11,群益金鼎-三民,2023-09-11,9188
2324,仁寶,12,2,10,群益金鼎-三民,2023-09-11,9188
8112,至上,12,2,10,群益金鼎-三民,2023-09-11,9188
5515,建國,10,0,10,群益金鼎-三民,2023-09-11,9188
3673,TPK-KY,10,0,10,群益金鼎-三民,2023-09-11,9188
6547,高端疫苗,11,1,10,群益金鼎-三民,2023-09-11,9188
3715,定穎投控,114,20,94,群益金鼎-三民,2023-09-12,9188
00929,復華台灣科技優息,79,17,62,群益金鼎-三民,2023-09-12,9188
4207,環泰,42,0,42,群益金鼎-三民,2023-09-12,9188
00878,國泰永續高股息,246,206,40,群益金鼎-三民,2023-09-12,9188
00632R,元大台灣50反1,52,15,37,群益金鼎-三民,2023-09-12,9188
2838,聯邦銀,36,2,34,群益金鼎-三民,2023-09-12,9188
2504,國產,33,0,33,群益金鼎-三民,2023-09-12,9188
3545,敦泰,37,6,31,群益金鼎-三民,2023-09-12,9188
2603,長榮,31,0,31,群益金鼎-三民,2023-09-12,9188
2832,台產,30,0,30,群益金鼎-三民,2023-09-12,9188
2409,友達,511,483,28,群益金鼎-三民,2023-09-12,9188
2855,統一證,28,0,28,群益金鼎-三民,2023-09-12,9188
2344,華邦電,28,3,25,群益金鼎-三民,2023-09-12,9188
2356,英業達,30,5,25,群益金鼎-三民,2023-09-12,9188
00919,群益台灣精選高息,38,13,25,群益金鼎-三民,2023-09-12,9188
00857B,永豐20年美公債,23,0,23,群益金鼎-三民,2023-09-12,9188
2884,玉山金,22,0,22,群益金鼎-三民,2023-09-12,9188
1101,台泥,21,1,20,群益金鼎-三民,2023-09-12,9188
2637,慧洋-KY,20,0,20,群益金鼎-三民,2023-09-12,9188
3673,TPK-KY,20,0,20,群益金鼎-三民,2023-09-12,9188
3035,智原,27,8,19,群益金鼎-三民,2023-09-12,9188
2618,長榮航,34,16,18,群益金鼎-三民,2023-09-12,9188
6116,彩晶,17,0,17,群益金鼎-三民,2023-09-12,9188
6282,康舒,24,8,16,群益金鼎-三民,2023-09-12,9188
1618,合機,16,1,15,群益金鼎-三民,2023-09-12,9188
2727,王品,15,0,15,群益金鼎-三民,2023-09-12,9188
3051,力特,14,0,14,群益金鼎-三民,2023-09-12,9188
6770,力積電,14,0,14,群益金鼎-三民,2023-09-12,9188
00918,大華優利高填息30,14,0,14,群益金鼎-三民,2023-09-12,9188
2324,仁寶,14,0,14,群益金鼎-三民,2023-09-12,9188
00885,富邦越南,15,2,13,群益金鼎-三民,2023-09-12,9188
2402,毅嘉,14,1,13,群益金鼎-三民,2023-09-12,9188
2538,基泰,14,2,12,群益金鼎-三民,2023-09-12,9188
3710,連展投控,11,0,11,群益金鼎-三民,2023-09-12,9188
6139,亞翔,11,0,11,群益金鼎-三民,2023-09-12,9188
2002,中鋼,11,0,11,群益金鼎-三民,2023-09-12,9188
2881,富邦金,10,0,10,群益金鼎-三民,2023-09-12,9188
2345,智邦,10,0,10,群益金鼎-三民,2023-09-12,9188
6197,佳必琪,10,0,10,群益金鼎-三民,2023-09-12,9188
1220,台榮,10,0,10,群益金鼎-三民,2023-09-12,9188
2485,兆赫,11,1,10,群益金鼎-三民,2023-09-12,9188
2417,圓剛,12,2,10,群益金鼎-三民,2023-09-12,9188
2108,南帝,10,0,10,群益金鼎-三民,2023-09-12,9188
6005,群益證,10,0,10,群益金鼎-三民,2023-09-12,9188
8070,長華*,10,0,10,群益金鼎-三民,2023-09-12,9188
3017,奇鋐,11,2,9,群益金鼎-三民,2023-09-12,9188
2353,宏��,15,6,9,群益金鼎-三民,2023-09-12,9188
2332,友訊,10,1,9,群益金鼎-三民,2023-09-12,9188
6120,達運,12,3,9,群益金鼎-三民,2023-09-12,9188
2367,燿華,14,6,8,群益金鼎-三民,2023-09-12,9188
00632R,元大台灣50反1,1287,2,1285,群益金鼎-三民,2023-09-13,9188
00919,群益台灣精選高息,162,0,162,群益金鼎-三民,2023-09-13,9188
2838,聯邦銀,95,0,95,群益金鼎-三民,2023-09-13,9188
3583,辛耘,69,0,69,群益金鼎-三民,2023-09-13,9188
2412,中華電,80,15,65,群益金鼎-三民,2023-09-13,9188
00929,復華台灣科技優息,70,7,63,群益金鼎-三民,2023-09-13,9188
2025,千興,54,0,54,群益金鼎-三民,2023-09-13,9188
00902,中信電池及儲能,49,0,49,群益金鼎-三民,2023-09-13,9188
8027,鈦昇,47,0,47,群益金鼎-三民,2023-09-13,9188
2401,凌陽,54,10,44,群益金鼎-三民,2023-09-13,9188
2436,偉詮電,65,23,42,群益金鼎-三民,2023-09-13,9188
6125,廣運,43,3,40,群益金鼎-三民,2023-09-13,9188
00673R,期元大S＆P原油反1,30,0,30,群益金鼎-三民,2023-09-13,9188
2485,兆赫,31,3,28,群益金鼎-三民,2023-09-13,9188
6274,台燿,45,19,26,群益金鼎-三民,2023-09-13,9188
2352,佳世達,28,2,26,群益金鼎-三民,2023-09-13,9188
2618,長榮航,38,16,22,群益金鼎-三民,2023-09-13,9188
6282,康舒,35,14,21,群益金鼎-三民,2023-09-13,9188
2317,鴻海,21,0,21,群益金鼎-三民,2023-09-13,9188
1319,東陽,68,47,21,群益金鼎-三民,2023-09-13,9188
00715L,期街口布蘭特正2,20,0,20,群益金鼎-三民,2023-09-13,9188
8110,華東,20,0,20,群益金鼎-三民,2023-09-13,9188
1524,耿鼎,73,55,18,群益金鼎-三民,2023-09-13,9188
2355,敬鵬,26,8,18,群益金鼎-三民,2023-09-13,9188
2419,仲琦,27,10,17,群益金鼎-三民,2023-09-13,9188
2354,鴻準,15,0,15,群益金鼎-三民,2023-09-13,9188
2915,潤泰全,15,0,15,群益金鼎-三民,2023-09-13,9188
1785,光洋科,15,0,15,群益金鼎-三民,2023-09-13,9188
6216,居易,15,0,15,群益金鼎-三民,2023-09-13,9188
2374,佳能,36,21,15,群益金鼎-三民,2023-09-13,9188
2427,三商電,20,6,14,群益金鼎-三民,2023-09-13,9188
5371,中光電,37,24,13,群益金鼎-三民,2023-09-13,9188
1305,華夏,12,1,11,群益金鼎-三民,2023-09-13,9188
00679B,元大美債20年,70,59,11,群益金鼎-三民,2023-09-13,9188
3711,日月光投控,10,0,10,群益金鼎-三民,2023-09-13,9188
2230,泰茂,10,0,10,群益金鼎-三民,2023-09-13,9188
6118,建達,10,0,10,群益金鼎-三民,2023-09-13,9188
3209,全科,11,1,10,群益金鼎-三民,2023-09-13,9188
6288,聯嘉,9,0,9,群益金鼎-三民,2023-09-13,9188
2449,京元電子,11,2,9,群益金鼎-三民,2023-09-13,9188
4561,健椿,8,0,8,群益金鼎-三民,2023-09-13,9188
2312,金寶,12,4,8,群益金鼎-三民,2023-09-13,9188
00918,大華優利高填息30,8,0,8,群益金鼎-三民,2023-09-13,9188
2014,中鴻,8,0,8,群益金鼎-三民,2023-09-13,9188
4157,太景*-KY,8,0,8,群益金鼎-三民,2023-09-13,9188
2457,飛宏,12,4,8,群益金鼎-三民,2023-09-13,9188
3362,先進光,10,2,8,群益金鼎-三民,2023-09-13,9188
3231,緯創,23,15,8,群益金鼎-三民,2023-09-13,9188
6415,矽力*-KY,14,7,7,群益金鼎-三民,2023-09-13,9188
9802,鈺齊-KY,11,4,7,群益金鼎-三民,2023-09-13,9188
2892,第一金,254,10,244,群益金鼎-三民,2023-09-14,9188
00919,群益台灣精選高息,205,10,195,群益金鼎-三民,2023-09-14,9188
00637L,元大滬深300正2,132,2,130,群益金鼎-三民,2023-09-14,9188
2836,高雄銀,118,0,118,群益金鼎-三民,2023-09-14,9188
2504,國產,41,0,41,群益金鼎-三民,2023-09-14,9188
3711,日月光投控,40,7,33,群益金鼎-三民,2023-09-14,9188
00712,復華富時不動產,33,0,33,群益金鼎-三民,2023-09-14,9188
00664R,國泰臺灣加權反1,31,0,31,群益金鼎-三民,2023-09-14,9188
2610,華航,35,4,31,群益金鼎-三民,2023-09-14,9188
00676R,富邦臺灣加權反1,30,0,30,群益金鼎-三民,2023-09-14,9188
2485,兆赫,30,4,26,群益金鼎-三民,2023-09-14,9188
00918,大華優利高填息30,26,1,25,群益金鼎-三民,2023-09-14,9188
2401,凌陽,30,6,24,群益金鼎-三民,2023-09-14,9188
4561,健椿,25,1,24,群益金鼎-三民,2023-09-14,9188
3481,群創,32,8,24,群益金鼎-三民,2023-09-14,9188
00885,富邦越南,27,4,23,群益金鼎-三民,2023-09-14,9188
1785,光洋科,25,2,23,群益金鼎-三民,2023-09-14,9188
2618,長榮航,40,18,22,群益金鼎-三民,2023-09-14,9188
4976,佳凌,22,1,21,群益金鼎-三民,2023-09-14,9188
2614,東森,20,0,20,群益金鼎-三民,2023-09-14,9188
1308,亞聚,21,1,20,群益金鼎-三民,2023-09-14,9188
2303,聯電,70,51,19,群益金鼎-三民,2023-09-14,9188
8088,品安,20,1,19,群益金鼎-三民,2023-09-14,9188
2421,建準,21,3,18,群益金鼎-三民,2023-09-14,9188
00687B,國泰20年美債,18,1,17,群益金鼎-三民,2023-09-14,9188
00915,凱基優選高股息30,21,4,17,群益金鼎-三民,2023-09-14,9188
2887,台新金,20,4,16,群益金鼎-三民,2023-09-14,9188
2376,技嘉,26,10,16,群益金鼎-三民,2023-09-14,9188
4979,華星光,23,8,15,群益金鼎-三民,2023-09-14,9188
1584,精剛,15,0,15,群益金鼎-三民,2023-09-14,9188
00932,兆豐永續高息等權,13,0,13,群益金鼎-三民,2023-09-14,9188
2634,漢翔,22,10,12,群益金鼎-三民,2023-09-14,9188
2891,中信金,14,2,12,群益金鼎-三民,2023-09-14,9188
6757,台灣虎航,12,0,12,群益金鼎-三民,2023-09-14,9188
00929,復華台灣科技優息,119,107,12,群益金鼎-三民,2023-09-14,9188
2301,光寶科,37,26,11,群益金鼎-三民,2023-09-14,9188
2382,廣達,28,17,11,群益金鼎-三民,2023-09-14,9188
6116,彩晶,11,0,11,群益金鼎-三民,2023-09-14,9188
4906,正文,18,7,11,群益金鼎-三民,2023-09-14,9188
6161,捷波,21,10,11,群益金鼎-三民,2023-09-14,9188
1471,首利,12,2,10,群益金鼎-三民,2023-09-14,9188
3264,欣銓,14,4,10,群益金鼎-三民,2023-09-14,9188
2538,基泰,30,20,10,群益金鼎-三民,2023-09-14,9188
00795B,中信美國公債20年,10,0,10,群益金鼎-三民,2023-09-14,9188
1701,中化,10,0,10,群益金鼎-三民,2023-09-14,9188
5340,建榮,12,2,10,群益金鼎-三民,2023-09-14,9188
6472,保瑞,10,1,9,群益金鼎-三民,2023-09-14,9188
6125,廣運,61,52,9,群益金鼎-三民,2023-09-14,9188
2462,良得電,8,0,8,群益金鼎-三民,2023-09-14,9188
3577,泓格,7,0,7,群益金鼎-三民,2023-09-14,9188
00929,復華台灣科技優息,400,26,374,群益金鼎-三民,2023-09-15,9188
2838,聯邦銀,245,0,245,群益金鼎-三民,2023-09-15,9188
9105,泰金寶-DR,200,0,200,群益金鼎-三民,2023-09-15,9188
2884,玉山金,173,0,173,群益金鼎-三民,2023-09-15,9188
00927,群益半導體收益,203,32,171,群益金鼎-三民,2023-09-15,9188
3090,日電貿,105,6,99,群益金鼎-三民,2023-09-15,9188
1802,台玻,97,0,97,群益金鼎-三民,2023-09-15,9188
2486,一詮,101,35,66,群益金鼎-三民,2023-09-15,9188
3163,波若威,102,43,59,群益金鼎-三民,2023-09-15,9188
1471,首利,51,1,50,群益金鼎-三民,2023-09-15,9188
2002,中鋼,42,0,42,群益金鼎-三民,2023-09-15,9188
00918,大華優利高填息30,38,0,38,群益金鼎-三民,2023-09-15,9188
6169,昱泉,37,0,37,群益金鼎-三民,2023-09-15,9188
2352,佳世達,51,18,33,群益金鼎-三民,2023-09-15,9188
2363,矽統,265,233,32,群益金鼎-三民,2023-09-15,9188
3715,定穎投控,71,43,28,群益金鼎-三民,2023-09-15,9188
1324,地球,23,0,23,群益金鼎-三民,2023-09-15,9188
5701,劍湖山,22,0,22,群益金鼎-三民,2023-09-15,9188
4561,健椿,22,0,22,群益金鼎-三民,2023-09-15,9188
2641,正德,27,5,22,群益金鼎-三民,2023-09-15,9188
2618,長榮航,205,183,22,群益金鼎-三民,2023-09-15,9188
2891,中信金,32,11,21,群益金鼎-三民,2023-09-15,9188
2610,華航,25,5,20,群益金鼎-三民,2023-09-15,9188
2208,台船,20,0,20,群益金鼎-三民,2023-09-15,9188
00857B,永豐20年美公債,20,0,20,群益金鼎-三民,2023-09-15,9188
00932,兆豐永續高息等權,20,0,20,群益金鼎-三民,2023-09-15,9188
1905,華紙,19,0,19,群益金鼎-三民,2023-09-15,9188
2476,鉅祥,15,0,15,群益金鼎-三民,2023-09-15,9188
2421,建準,15,0,15,群益金鼎-三民,2023-09-15,9188
2317,鴻海,15,1,14,群益金鼎-三民,2023-09-15,9188
00772B,中信高評級公司債,14,0,14,群益金鼎-三民,2023-09-15,9188
00664R,國泰臺灣加權反1,14,0,14,群益金鼎-三民,2023-09-15,9188
5371,中光電,34,20,14,群益金鼎-三民,2023-09-15,9188
5432,新門,14,0,14,群益金鼎-三民,2023-09-15,9188
8050,廣積,16,2,14,群益金鼎-三民,2023-09-15,9188
3481,群創,97,84,13,群益金鼎-三民,2023-09-15,9188
6589,台康生技,13,0,13,群益金鼎-三民,2023-09-15,9188
5340,建榮,12,0,12,群益金鼎-三民,2023-09-15,9188
2316,楠梓電,21,9,12,群益金鼎-三民,2023-09-15,9188
00679B,元大美債20年,184,172,12,群益金鼎-三民,2023-09-15,9188
8070,長華*,12,1,11,群益金鼎-三民,2023-09-15,9188
00751B,元大AAA至A公司債,11,0,11,群益金鼎-三民,2023-09-15,9188
3264,欣銓,15,5,10,群益金鼎-三民,2023-09-15,9188
8240,華宏,10,0,10,群益金鼎-三民,2023-09-15,9188
2441,超豐,10,0,10,群益金鼎-三民,2023-09-15,9188
00724B,群益投資級金融債,10,0,10,群益金鼎-三民,2023-09-15,9188
3027,盛達,10,0,10,群益金鼎-三民,2023-09-15,9188
2014,中鴻,28,18,10,群益金鼎-三民,2023-09-15,9188
4906,正文,10,0,10,群益金鼎-三民,2023-09-15,9188
3419,譁裕,11,1,10,群益金鼎-三民,2023-09-15,9188
00929,復華台灣科技優息,474,56,418,群益金鼎-三民,2023-09-18,9188
2374,佳能,130,1,129,群益金鼎-三民,2023-09-18,9188
00919,群益台灣精選高息,161,47,114,群益金鼎-三民,2023-09-18,9188
2363,矽統,228,131,97,群益金鼎-三民,2023-09-18,9188
3481,群創,96,44,52,群益金鼎-三民,2023-09-18,9188
2317,鴻海,51,0,51,群益金鼎-三民,2023-09-18,9188
3017,奇鋐,51,7,44,群益金鼎-三民,2023-09-18,9188
3231,緯創,63,21,42,群益金鼎-三民,2023-09-18,9188
2427,三商電,41,0,41,群益金鼎-三民,2023-09-18,9188
2838,聯邦銀,41,0,41,群益金鼎-三民,2023-09-18,9188
00679B,元大美債20年,244,210,34,群益金鼎-三民,2023-09-18,9188
00878,國泰永續高股息,309,276,33,群益金鼎-三民,2023-09-18,9188
2401,凌陽,30,2,28,群益金鼎-三民,2023-09-18,9188
2605,新興,55,28,27,群益金鼎-三民,2023-09-18,9188
2634,漢翔,29,3,26,群益金鼎-三民,2023-09-18,9188
2332,友訊,26,0,26,群益金鼎-三民,2023-09-18,9188
3037,欣興,30,4,26,群益金鼎-三民,2023-09-18,9188
2027,大成鋼,38,14,24,群益金鼎-三民,2023-09-18,9188
00720B,元大投資級公司債,43,21,22,群益金鼎-三民,2023-09-18,9188
6449,鈺邦,23,1,22,群益金鼎-三民,2023-09-18,9188
2464,盟立,21,0,21,群益金鼎-三民,2023-09-18,9188
00918,大華優利高填息30,21,0,21,群益金鼎-三民,2023-09-18,9188
6143,振曜,20,0,20,群益金鼎-三民,2023-09-18,9188
4561,健椿,21,1,20,群益金鼎-三民,2023-09-18,9188
2412,中華電,61,43,18,群益金鼎-三民,2023-09-18,9188
2330,台積電,19,2,17,群益金鼎-三民,2023-09-18,9188
2887,台新金,17,0,17,群益金鼎-三民,2023-09-18,9188
3406,玉晶光,19,3,16,群益金鼎-三民,2023-09-18,9188
00931B,統一美債20年,16,0,16,群益金鼎-三民,2023-09-18,9188
00673R,期元大S＆P原油反1,15,0,15,群益金鼎-三民,2023-09-18,9188
1524,耿鼎,15,0,15,群益金鼎-三民,2023-09-18,9188
00857B,永豐20年美公債,15,0,15,群益金鼎-三民,2023-09-18,9188
5351,鈺創,24,10,14,群益金鼎-三民,2023-09-18,9188
2382,廣達,17,4,13,群益金鼎-三民,2023-09-18,9188
3545,敦泰,34,21,13,群益金鼎-三民,2023-09-18,9188
00751B,元大AAA至A公司債,13,0,13,群益金鼎-三民,2023-09-18,9188
2388,威盛,23,10,13,群益金鼎-三民,2023-09-18,9188
00687B,國泰20年美債,13,0,13,群益金鼎-三民,2023-09-18,9188
2352,佳世達,11,0,11,群益金鼎-三民,2023-09-18,9188
6005,群益證,11,0,11,群益金鼎-三民,2023-09-18,9188
2641,正德,10,0,10,群益金鼎-三民,2023-09-18,9188
2104,國際中橡,10,0,10,群益金鼎-三民,2023-09-18,9188
6191,精成科,13,3,10,群益金鼎-三民,2023-09-18,9188
3206,志豐,10,0,10,群益金鼎-三民,2023-09-18,9188
2495,普安,10,0,10,群益金鼎-三民,2023-09-18,9188
5299,杰力,10,0,10,群益金鼎-三民,2023-09-18,9188
00680L,元大美債20正2,10,0,10,群益金鼎-三民,2023-09-18,9188
1785,光洋科,10,0,10,群益金鼎-三民,2023-09-18,9188
2017,官田鋼,10,0,10,群益金鼎-三民,2023-09-18,9188
3715,定穎投控,60,51,9,群益金鼎-三民,2023-09-18,9188
2412,中華電,125,49,76,群益金鼎-三民,2023-09-19,9188
00929,復華台灣科技優息,81,15,66,群益金鼎-三民,2023-09-19,9188
00919,群益台灣精選高息,69,16,53,群益金鼎-三民,2023-09-19,9188
00931B,統一美債20年,54,4,50,群益金鼎-三民,2023-09-19,9188
2374,佳能,50,0,50,群益金鼎-三民,2023-09-19,9188
00665L,富邦�琤肭磪囓�2,50,0,50,群益金鼎-三民,2023-09-19,9188
2618,長榮航,72,38,34,群益金鼎-三民,2023-09-19,9188
2349,錸德,33,0,33,群益金鼎-三民,2023-09-19,9188
2883,凱基金,41,8,33,群益金鼎-三民,2023-09-19,9188
6449,鈺邦,27,0,27,群益金鼎-三民,2023-09-19,9188
00878,國泰永續高股息,99,72,27,群益金鼎-三民,2023-09-19,9188
00632R,元大台灣50反1,26,0,26,群益金鼎-三民,2023-09-19,9188
2303,聯電,26,1,25,群益金鼎-三民,2023-09-19,9188
1717,長興,21,0,21,群益金鼎-三民,2023-09-19,9188
00902,中信電池及儲能,21,0,21,群益金鼎-三民,2023-09-19,9188
2838,聯邦銀,20,0,20,群益金鼎-三民,2023-09-19,9188
2464,盟立,21,1,20,群益金鼎-三民,2023-09-19,9188
2504,國產,20,0,20,群益金鼎-三民,2023-09-19,9188
2330,台積電,20,0,20,群益金鼎-三民,2023-09-19,9188
2402,毅嘉,19,1,18,群益金鼎-三民,2023-09-19,9188
1609,大亞,21,3,18,群益金鼎-三民,2023-09-19,9188
5210,寶碩,17,0,17,群益金鼎-三民,2023-09-19,9188
1905,華紙,16,0,16,群益金鼎-三民,2023-09-19,9188
00921,兆豐龍頭等權重,16,0,16,群益金鼎-三民,2023-09-19,9188
5381,合正,27,11,16,群益金鼎-三民,2023-09-19,9188
3694,海華,25,10,15,群益金鼎-三民,2023-09-19,9188
1524,耿鼎,16,2,14,群益金鼎-三民,2023-09-19,9188
6901,鑽石投資,30,17,13,群益金鼎-三民,2023-09-19,9188
2354,鴻準,37,24,13,群益金鼎-三民,2023-09-19,9188
1584,精剛,21,9,12,群益金鼎-三民,2023-09-19,9188
2637,慧洋-KY,15,3,12,群益金鼎-三民,2023-09-19,9188
6161,捷波,12,0,12,群益金鼎-三民,2023-09-19,9188
3706,神達,18,6,12,群益金鼎-三民,2023-09-19,9188
2884,玉山金,12,0,12,群益金鼎-三民,2023-09-19,9188
0056,元大高股息,23,12,11,群益金鼎-三民,2023-09-19,9188
2356,英業達,18,7,11,群益金鼎-三民,2023-09-19,9188
2359,所羅門,11,0,11,群益金鼎-三民,2023-09-19,9188
3017,奇鋐,42,32,10,群益金鼎-三民,2023-09-19,9188
6443,元晶,13,3,10,群益金鼎-三民,2023-09-19,9188
2727,王品,10,0,10,群益金鼎-三民,2023-09-19,9188
2329,華泰,12,2,10,群益金鼎-三民,2023-09-19,9188
00924,復華S＆P500成長,10,0,10,群益金鼎-三民,2023-09-19,9188
8240,華宏,10,0,10,群益金鼎-三民,2023-09-19,9188
2017,官田鋼,10,0,10,群益金鼎-三民,2023-09-19,9188
6109,亞元,10,0,10,群益金鼎-三民,2023-09-19,9188
2634,漢翔,20,11,9,群益金鼎-三民,2023-09-19,9188
5340,建榮,10,1,9,群益金鼎-三民,2023-09-19,9188
3325,旭品,11,2,9,群益金鼎-三民,2023-09-19,9188
5371,中光電,14,5,9,群益金鼎-三民,2023-09-19,9188
3163,波若威,14,6,8,群益金鼎-三民,2023-09-19,9188
00929,復華台灣科技優息,408,116,292,群益金鼎-三民,2023-09-20,9188
00919,群益台灣精選高息,245,5,240,群益金鼎-三民,2023-09-20,9188
00921,兆豐龍頭等權重,80,0,80,群益金鼎-三民,2023-09-20,9188
2409,友達,50,0,50,群益金鼎-三民,2023-09-20,9188
00665L,富邦�琤肭磪囓�2,50,0,50,群益金鼎-三民,2023-09-20,9188
2317,鴻海,46,0,46,群益金鼎-三民,2023-09-20,9188
3231,緯創,80,38,42,群益金鼎-三民,2023-09-20,9188
2344,華邦電,53,13,40,群益金鼎-三民,2023-09-20,9188
2312,金寶,28,0,28,群益金鼎-三民,2023-09-20,9188
9103,美德醫療-DR,27,0,27,群益金鼎-三民,2023-09-20,9188
6449,鈺邦,39,13,26,群益金鼎-三民,2023-09-20,9188
3715,定穎投控,503,480,23,群益金鼎-三民,2023-09-20,9188
2634,漢翔,24,1,23,群益金鼎-三民,2023-09-20,9188
6223,旺矽,68,45,23,群益金鼎-三民,2023-09-20,9188
2303,聯電,23,0,23,群益金鼎-三民,2023-09-20,9188
2838,聯邦銀,22,0,22,群益金鼎-三民,2023-09-20,9188
2408,南亞科,22,0,22,群益金鼎-三民,2023-09-20,9188
2367,燿華,42,20,22,群益金鼎-三民,2023-09-20,9188
2330,台積電,21,0,21,群益金鼎-三民,2023-09-20,9188
6214,精誠,21,0,21,群益金鼎-三民,2023-09-20,9188
00679B,元大美債20年,158,138,20,群益金鼎-三民,2023-09-20,9188
5371,中光電,20,0,20,群益金鼎-三民,2023-09-20,9188
6282,康舒,33,13,20,群益金鼎-三民,2023-09-20,9188
1434,福懋,20,1,19,群益金鼎-三民,2023-09-20,9188
1717,長興,19,0,19,群益金鼎-三民,2023-09-20,9188
4561,健椿,24,5,19,群益金鼎-三民,2023-09-20,9188
2883,凱基金,47,30,17,群益金鼎-三民,2023-09-20,9188
2332,友訊,22,6,16,群益金鼎-三民,2023-09-20,9188
911622,泰聚亨-DR,16,0,16,群益金鼎-三民,2023-09-20,9188
3037,欣興,18,3,15,群益金鼎-三民,2023-09-20,9188
1319,東陽,59,45,14,群益金鼎-三民,2023-09-20,9188
5515,建國,14,0,14,群益金鼎-三民,2023-09-20,9188
2449,京元電子,42,29,13,群益金鼎-三民,2023-09-20,9188
5608,四維航,13,0,13,群益金鼎-三民,2023-09-20,9188
2208,台船,27,14,13,群益金鼎-三民,2023-09-20,9188
00918,大華優利高填息30,13,0,13,群益金鼎-三民,2023-09-20,9188
2885,元大金,15,2,13,群益金鼎-三民,2023-09-20,9188
2412,中華電,34,22,12,群益金鼎-三民,2023-09-20,9188
1608,華榮,15,3,12,群益金鼎-三民,2023-09-20,9188
5328,華容,12,0,12,群益金鼎-三民,2023-09-20,9188
1308,亞聚,11,0,11,群益金鼎-三民,2023-09-20,9188
2886,兆豐金,11,0,11,群益金鼎-三民,2023-09-20,9188
2610,華航,11,0,11,群益金鼎-三民,2023-09-20,9188
2206,三陽工業,14,3,11,群益金鼎-三民,2023-09-20,9188
6901,鑽石投資,15,4,11,群益金鼎-三民,2023-09-20,9188
3206,志豐,12,2,10,群益金鼎-三民,2023-09-20,9188
1612,宏泰,10,0,10,群益金鼎-三民,2023-09-20,9188
2401,凌陽,10,0,10,群益金鼎-三民,2023-09-20,9188
6158,禾昌,11,1,10,群益金鼎-三民,2023-09-20,9188
00881,國泰台灣5G+,10,0,10,群益金鼎-三民,2023-09-20,9188
9105,泰金寶-DR,300,0,300,群益金鼎-三民,2023-09-21,9188
0056,元大高股息,95,6,89,群益金鼎-三民,2023-09-21,9188
00919,群益台灣精選高息,84,7,77,群益金鼎-三民,2023-09-21,9188
00878,國泰永續高股息,468,391,77,群益金鼎-三民,2023-09-21,9188
4207,環泰,75,3,72,群益金鼎-三民,2023-09-21,9188
2618,長榮航,78,14,64,群益金鼎-三民,2023-09-21,9188
00680L,元大美債20正2,62,0,62,群益金鼎-三民,2023-09-21,9188
2883,凱基金,79,20,59,群益金鼎-三民,2023-09-21,9188
00900,富邦特選高股息30,117,61,56,群益金鼎-三民,2023-09-21,9188
00902,中信電池及儲能,45,0,45,群益金鼎-三民,2023-09-21,9188
0050,元大台灣50,38,0,38,群益金鼎-三民,2023-09-21,9188
5880,合庫金,37,0,37,群益金鼎-三民,2023-09-21,9188
00927,群益半導體收益,36,0,36,群益金鼎-三民,2023-09-21,9188
1101,台泥,40,5,35,群益金鼎-三民,2023-09-21,9188
2637,慧洋-KY,30,0,30,群益金鼎-三民,2023-09-21,9188
2027,大成鋼,26,0,26,群益金鼎-三民,2023-09-21,9188
3545,敦泰,25,0,25,群益金鼎-三民,2023-09-21,9188
6449,鈺邦,29,5,24,群益金鼎-三民,2023-09-21,9188
2412,中華電,29,6,23,群益金鼎-三民,2023-09-21,9188
2838,聯邦銀,22,0,22,群益金鼎-三民,2023-09-21,9188
2610,華航,25,3,22,群益金鼎-三民,2023-09-21,9188
00665L,富邦�琤肭磪囓�2,21,0,21,群益金鼎-三民,2023-09-21,9188
2888,新光金,21,0,21,群益金鼎-三民,2023-09-21,9188
6116,彩晶,20,0,20,群益金鼎-三民,2023-09-21,9188
2303,聯電,21,1,20,群益金鼎-三民,2023-09-21,9188
3715,定穎投控,35,16,19,群益金鼎-三民,2023-09-21,9188
2313,華通,65,46,19,群益金鼎-三民,2023-09-21,9188
2884,玉山金,19,0,19,群益金鼎-三民,2023-09-21,9188
00923,群益台ESG低碳50,17,0,17,群益金鼎-三民,2023-09-21,9188
2330,台積電,24,7,17,群益金鼎-三民,2023-09-21,9188
2392,正崴,15,0,15,群益金鼎-三民,2023-09-21,9188
00713,元大台灣高息低波,14,0,14,群益金鼎-三民,2023-09-21,9188
2885,元大金,22,9,13,群益金鼎-三民,2023-09-21,9188
00679B,元大美債20年,176,164,12,群益金鼎-三民,2023-09-21,9188
00931B,統一美債20年,12,0,12,群益金鼎-三民,2023-09-21,9188
2010,春源,12,0,12,群益金鼎-三民,2023-09-21,9188
00712,復華富時不動產,12,0,12,群益金鼎-三民,2023-09-21,9188
00751B,元大AAA至A公司債,12,0,12,群益金鼎-三民,2023-09-21,9188
1717,長興,11,0,11,群益金鼎-三民,2023-09-21,9188
00795B,中信美國公債20年,11,0,11,群益金鼎-三民,2023-09-21,9188
00637L,元大滬深300正2,12,1,11,群益金鼎-三民,2023-09-21,9188
6757,台灣虎航,11,0,11,群益金鼎-三民,2023-09-21,9188
2891,中信金,11,0,11,群益金鼎-三民,2023-09-21,9188
3441,聯一光,10,0,10,群益金鼎-三民,2023-09-21,9188
2609,陽明,10,0,10,群益金鼎-三民,2023-09-21,9188
8027,鈦昇,10,0,10,群益金鼎-三民,2023-09-21,9188
00673R,期元大S＆P原油反1,10,0,10,群益金鼎-三民,2023-09-21,9188
2641,正德,13,3,10,群益金鼎-三民,2023-09-21,9188
00924,復華S＆P500成長,10,0,10,群益金鼎-三民,2023-09-21,9188
2886,兆豐金,12,3,9,群益金鼎-三民,2023-09-21,9188
2363,矽統,425,108,317,群益金鼎-三民,2023-09-22,9188
00679B,元大美債20年,345,242,103,群益金鼎-三民,2023-09-22,9188
00919,群益台灣精選高息,104,26,78,群益金鼎-三民,2023-09-22,9188
00680L,元大美債20正2,78,10,68,群益金鼎-三民,2023-09-22,9188
00931B,統一美債20年,60,0,60,群益金鼎-三民,2023-09-22,9188
00687B,國泰20年美債,59,0,59,群益金鼎-三民,2023-09-22,9188
00885,富邦越南,50,2,48,群益金鼎-三民,2023-09-22,9188
00929,復華台灣科技優息,84,39,45,群益金鼎-三民,2023-09-22,9188
4979,華星光,50,13,37,群益金鼎-三民,2023-09-22,9188
00720B,元大投資級公司債,51,20,31,群益金鼎-三民,2023-09-22,9188
00712,復華富時不動產,30,0,30,群益金鼎-三民,2023-09-22,9188
6757,台灣虎航,29,0,29,群益金鼎-三民,2023-09-22,9188
2601,益航,29,0,29,群益金鼎-三民,2023-09-22,9188
2353,宏��,30,1,29,群益金鼎-三民,2023-09-22,9188
1101,台泥,27,0,27,群益金鼎-三民,2023-09-22,9188
2303,聯電,29,2,27,群益金鼎-三民,2023-09-22,9188
00773B,中信優先金融債,24,0,24,群益金鼎-三民,2023-09-22,9188
2883,凱基金,24,0,24,群益金鼎-三民,2023-09-22,9188
00902,中信電池及儲能,24,0,24,群益金鼎-三民,2023-09-22,9188
2618,長榮航,44,20,24,群益金鼎-三民,2023-09-22,9188
2014,中鴻,22,0,22,群益金鼎-三民,2023-09-22,9188
00795B,中信美國公債20年,22,0,22,群益金鼎-三民,2023-09-22,9188
2891,中信金,22,1,21,群益金鼎-三民,2023-09-22,9188
6118,建達,39,19,20,群益金鼎-三民,2023-09-22,9188
2412,中華電,29,10,19,群益金鼎-三民,2023-09-22,9188
2610,華航,20,2,18,群益金鼎-三民,2023-09-22,9188
2834,臺企銀,18,0,18,群益金鼎-三民,2023-09-22,9188
3231,緯創,56,40,16,群益金鼎-三民,2023-09-22,9188
2634,漢翔,20,5,15,群益金鼎-三民,2023-09-22,9188
00772B,中信高評級公司債,16,3,13,群益金鼎-三民,2023-09-22,9188
2330,台積電,16,3,13,群益金鼎-三民,2023-09-22,9188
4908,前鼎,41,28,13,群益金鼎-三民,2023-09-22,9188
2332,友訊,13,0,13,群益金鼎-三民,2023-09-22,9188
2838,聯邦銀,13,0,13,群益金鼎-三民,2023-09-22,9188
00722B,群益投資級電信債,12,0,12,群益金鼎-三民,2023-09-22,9188
8064,東捷,11,0,11,群益金鼎-三民,2023-09-22,9188
6443,元晶,11,0,11,群益金鼎-三民,2023-09-22,9188
00751B,元大AAA至A公司債,11,0,11,群益金鼎-三民,2023-09-22,9188
6770,力積電,10,0,10,群益金鼎-三民,2023-09-22,9188
3264,欣銓,12,2,10,群益金鼎-三民,2023-09-22,9188
3062,建漢,10,0,10,群益金鼎-三民,2023-09-22,9188
2734,易飛網,10,0,10,群益金鼎-三民,2023-09-22,9188
2324,仁寶,10,0,10,群益金鼎-三民,2023-09-22,9188
2498,宏達電,11,1,10,群益金鼎-三民,2023-09-22,9188
02001S,策元大加權策略N,10,0,10,群益金鼎-三民,2023-09-22,9188
8289,泰藝,10,0,10,群益金鼎-三民,2023-09-22,9188
00662,富邦NASDAQ,9,0,9,群益金鼎-三民,2023-09-22,9188
6188,廣明,11,2,9,群益金鼎-三民,2023-09-22,9188
6282,康舒,17,8,9,群益金鼎-三民,2023-09-22,9188
00923,群益台ESG低碳50,8,0,8,群益金鼎-三民,2023-09-22,9188
00919,群益台灣精選高息,309,1,308,群益金鼎-三民,2023-09-25,9188
2838,聯邦銀,156,0,156,群益金鼎-三民,2023-09-25,9188
6757,台灣虎航,55,0,55,群益金鼎-三民,2023-09-25,9188
2344,華邦電,62,11,51,群益金鼎-三民,2023-09-25,9188
1101,台泥,39,0,39,群益金鼎-三民,2023-09-25,9188
00632R,元大台灣50反1,32,0,32,群益金鼎-三民,2023-09-25,9188
2618,長榮航,63,32,31,群益金鼎-三民,2023-09-25,9188
2892,第一金,30,0,30,群益金鼎-三民,2023-09-25,9188
00929,復華台灣科技優息,46,18,28,群益金鼎-三民,2023-09-25,9188
2313,華通,28,6,22,群益金鼎-三民,2023-09-25,9188
00679B,元大美債20年,195,174,21,群益金鼎-三民,2023-09-25,9188
1434,福懋,20,0,20,群益金鼎-三民,2023-09-25,9188
2363,矽統,98,80,18,群益金鼎-三民,2023-09-25,9188
1504,東元,27,11,16,群益金鼎-三民,2023-09-25,9188
8064,東捷,14,0,14,群益金鼎-三民,2023-09-25,9188
1240,茂生農經,13,0,13,群益金鼎-三民,2023-09-25,9188
00900,富邦特選高股息30,93,80,13,群益金鼎-三民,2023-09-25,9188
8927,北基,12,0,12,群益金鼎-三民,2023-09-25,9188
6405,悅城,20,8,12,群益金鼎-三民,2023-09-25,9188
00882,中信中國高股息,11,0,11,群益金鼎-三民,2023-09-25,9188
2382,廣達,17,6,11,群益金鼎-三民,2023-09-25,9188
3363,上詮,71,60,11,群益金鼎-三民,2023-09-25,9188
2485,兆赫,10,0,10,群益金鼎-三民,2023-09-25,9188
3706,神達,12,2,10,群益金鼎-三民,2023-09-25,9188
3006,晶豪科,10,0,10,群益金鼎-三民,2023-09-25,9188
5222,全訊,10,0,10,群益金鼎-三民,2023-09-25,9188
2316,楠梓電,38,28,10,群益金鼎-三民,2023-09-25,9188
00924,復華S＆P500成長,10,0,10,群益金鼎-三民,2023-09-25,9188
3230,錦明,10,0,10,群益金鼎-三民,2023-09-25,9188
00719B,元大美債1-3,10,0,10,群益金鼎-三民,2023-09-25,9188
2601,益航,10,0,10,群益金鼎-三民,2023-09-25,9188
00885,富邦越南,10,0,10,群益金鼎-三民,2023-09-25,9188
5484,慧友,10,0,10,群益金鼎-三民,2023-09-25,9188
00662,富邦NASDAQ,10,0,10,群益金鼎-三民,2023-09-25,9188
2832,台產,10,0,10,群益金鼎-三民,2023-09-25,9188
3005,神基,20,10,10,群益金鼎-三民,2023-09-25,9188
3545,敦泰,10,0,10,群益金鼎-三民,2023-09-25,9188
2355,敬鵬,16,6,10,群益金鼎-三民,2023-09-25,9188
2328,廣宇,10,1,9,群益金鼎-三民,2023-09-25,9188
2317,鴻海,9,0,9,群益金鼎-三民,2023-09-25,9188
6187,萬潤,12,3,9,群益金鼎-三民,2023-09-25,9188
4533,協易機,9,0,9,群益金鼎-三民,2023-09-25,9188
3615,安可,14,5,9,群益金鼎-三民,2023-09-25,9188
1784,訊聯,9,0,9,群益金鼎-三民,2023-09-25,9188
2641,正德,12,4,8,群益金鼎-三民,2023-09-25,9188
2462,良得電,9,1,8,群益金鼎-三民,2023-09-25,9188
00795B,中信美國公債20年,10,2,8,群益金鼎-三民,2023-09-25,9188
6182,合晶,7,0,7,群益金鼎-三民,2023-09-25,9188
1584,精剛,60,54,6,群益金鼎-三民,2023-09-25,9188
2915,潤泰全,6,0,6,群益金鼎-三民,2023-09-25,9188
00680L,元大美債20正2,105,2,103,群益金鼎-三民,2023-09-26,9188
00929,復華台灣科技優息,148,46,102,群益金鼎-三民,2023-09-26,9188
0056,元大高股息,71,1,70,群益金鼎-三民,2023-09-26,9188
00919,群益台灣精選高息,72,10,62,群益金鼎-三民,2023-09-26,9188
2208,台船,58,0,58,群益金鼎-三民,2023-09-26,9188
1522,堤維西,134,84,50,群益金鼎-三民,2023-09-26,9188
1909,榮成,50,0,50,群益金鼎-三民,2023-09-26,9188
6757,台灣虎航,38,0,38,群益金鼎-三民,2023-09-26,9188
00772B,中信高評級公司債,37,0,37,群益金鼎-三民,2023-09-26,9188
2634,漢翔,39,9,30,群益金鼎-三民,2023-09-26,9188
2344,華邦電,34,4,30,群益金鼎-三民,2023-09-26,9188
00885,富邦越南,28,0,28,群益金鼎-三民,2023-09-26,9188
00679B,元大美債20年,236,208,28,群益金鼎-三民,2023-09-26,9188
1301,台塑,25,0,25,群益金鼎-三民,2023-09-26,9188
2303,聯電,25,1,24,群益金鼎-三民,2023-09-26,9188
00878,國泰永續高股息,124,100,24,群益金鼎-三民,2023-09-26,9188
00905,FT臺灣Smart,22,0,22,群益金鼎-三民,2023-09-26,9188
3481,群創,42,21,21,群益金鼎-三民,2023-09-26,9188
00674R,期元大S＆P黃金反1,21,0,21,群益金鼎-三民,2023-09-26,9188
3617,碩天,21,0,21,群益金鼎-三民,2023-09-26,9188
2601,益航,20,0,20,群益金鼎-三民,2023-09-26,9188
2891,中信金,28,9,19,群益金鼎-三民,2023-09-26,9188
3711,日月光投控,18,1,17,群益金鼎-三民,2023-09-26,9188
00931B,統一美債20年,27,10,17,群益金鼎-三民,2023-09-26,9188
1210,大成,17,0,17,群益金鼎-三民,2023-09-26,9188
5222,全訊,15,0,15,群益金鼎-三民,2023-09-26,9188
5484,慧友,15,0,15,群益金鼎-三民,2023-09-26,9188
2734,易飛網,15,0,15,群益金鼎-三民,2023-09-26,9188
6116,彩晶,14,0,14,群益金鼎-三民,2023-09-26,9188
00687B,國泰20年美債,16,2,14,群益金鼎-三民,2023-09-26,9188
2330,台積電,16,3,13,群益金鼎-三民,2023-09-26,9188
00900,富邦特選高股息30,75,62,13,群益金鼎-三民,2023-09-26,9188
1101,台泥,12,0,12,群益金鼎-三民,2023-09-26,9188
1503,士電,14,2,12,群益金鼎-三民,2023-09-26,9188
2412,中華電,21,9,12,群益金鼎-三民,2023-09-26,9188
6257,矽格,11,0,11,群益金鼎-三民,2023-09-26,9188
2388,威盛,19,8,11,群益金鼎-三民,2023-09-26,9188
00665L,富邦�琤肭磪囓�2,11,0,11,群益金鼎-三民,2023-09-26,9188
6770,力積電,11,0,11,群益金鼎-三民,2023-09-26,9188
00795B,中信美國公債20年,11,0,11,群益金鼎-三民,2023-09-26,9188
2002,中鋼,11,0,11,群益金鼎-三民,2023-09-26,9188
00722B,群益投資級電信債,11,0,11,群益金鼎-三民,2023-09-26,9188
00927,群益半導體收益,10,0,10,群益金鼎-三民,2023-09-26,9188
2417,圓剛,12,2,10,群益金鼎-三民,2023-09-26,9188
8027,鈦昇,11,1,10,群益金鼎-三民,2023-09-26,9188
6126,信音,10,0,10,群益金鼎-三民,2023-09-26,9188
8404,百和興業-KY,10,0,10,群益金鼎-三民,2023-09-26,9188
020037,元大金融高股息N,10,0,10,群益金鼎-三民,2023-09-26,9188
2356,英業達,11,1,10,群益金鼎-三民,2023-09-26,9188
5880,合庫金,12,3,9,群益金鼎-三民,2023-09-26,9188
00929,復華台灣科技優息,120,15,105,群益金鼎-三民,2023-09-27,9188
00712,復華富時不動產,76,0,76,群益金鼎-三民,2023-09-27,9188
00919,群益台灣精選高息,104,30,74,群益金鼎-三民,2023-09-27,9188
00665L,富邦�琤肭磪囓�2,65,0,65,群益金鼎-三民,2023-09-27,9188
2002,中鋼,78,23,55,群益金鼎-三民,2023-09-27,9188
00664R,國泰臺灣加權反1,50,0,50,群益金鼎-三民,2023-09-27,9188
3481,群創,54,4,50,群益金鼎-三民,2023-09-27,9188
1618,合機,80,36,44,群益金鼎-三民,2023-09-27,9188
2344,華邦電,39,9,30,群益金鼎-三民,2023-09-27,9188
1316,上曜,30,0,30,群益金鼎-三民,2023-09-27,9188
6757,台灣虎航,28,0,28,群益金鼎-三民,2023-09-27,9188
1522,堤維西,48,27,21,群益金鼎-三民,2023-09-27,9188
6282,康舒,21,0,21,群益金鼎-三民,2023-09-27,9188
9904,寶成,21,0,21,群益金鼎-三民,2023-09-27,9188
2891,中信金,22,1,21,群益金鼎-三民,2023-09-27,9188
2883,凱基金,41,20,21,群益金鼎-三民,2023-09-27,9188
3504,揚明光,20,0,20,群益金鼎-三民,2023-09-27,9188
4960,誠美材,19,0,19,群益金鼎-三民,2023-09-27,9188
2515,中工,30,12,18,群益金鼎-三民,2023-09-27,9188
0056,元大高股息,27,9,18,群益金鼎-三民,2023-09-27,9188
00713,元大台灣高息低波,18,3,15,群益金鼎-三民,2023-09-27,9188
2637,慧洋-KY,15,0,15,群益金鼎-三民,2023-09-27,9188
2303,聯電,22,9,13,群益金鼎-三民,2023-09-27,9188
2634,漢翔,12,0,12,群益金鼎-三民,2023-09-27,9188
2449,京元電子,16,4,12,群益金鼎-三民,2023-09-27,9188
2614,東森,11,0,11,群益金鼎-三民,2023-09-27,9188
5465,富驊,13,2,11,群益金鼎-三民,2023-09-27,9188
1815,富喬,29,18,11,群益金鼎-三民,2023-09-27,9188
2816,旺旺保,10,0,10,群益金鼎-三民,2023-09-27,9188
00795B,中信美國公債20年,10,0,10,群益金鼎-三民,2023-09-27,9188
2495,普安,10,0,10,群益金鼎-三民,2023-09-27,9188
00633L,富邦上証正2,10,0,10,群益金鼎-三民,2023-09-27,9188
2409,友達,12,2,10,群益金鼎-三民,2023-09-27,9188
6405,悅城,11,1,10,群益金鼎-三民,2023-09-27,9188
8044,網家,9,0,9,群益金鼎-三民,2023-09-27,9188
2838,聯邦銀,9,0,9,群益金鼎-三民,2023-09-27,9188
6449,鈺邦,10,1,9,群益金鼎-三民,2023-09-27,9188
1609,大亞,25,16,9,群益金鼎-三民,2023-09-27,9188
3025,星通,12,3,9,群益金鼎-三民,2023-09-27,9188
00923,群益台ESG低碳50,14,5,9,群益金鼎-三民,2023-09-27,9188
2801,彰銀,8,0,8,群益金鼎-三民,2023-09-27,9188
00631L,元大台灣50正2,9,1,8,群益金鼎-三民,2023-09-27,9188
00753L,中信中國50正2,10,2,8,群益金鼎-三民,2023-09-27,9188
3363,上詮,14,6,8,群益金鼎-三民,2023-09-27,9188
2442,新美齊,8,0,8,群益金鼎-三民,2023-09-27,9188
5880,合庫金,8,0,8,群益金鼎-三民,2023-09-27,9188
1326,台化,7,0,7,群益金鼎-三民,2023-09-27,9188
2739,寒舍,7,0,7,群益金鼎-三民,2023-09-27,9188
2610,華航,7,0,7,群益金鼎-三民,2023-09-27,9188
4906,正文,7,0,7,群益金鼎-三民,2023-09-27,9188
9105,泰金寶-DR,192,0,192,群益金鼎-三民,2023-09-28,9188
00632R,元大台灣50反1,168,0,168,群益金鼎-三民,2023-09-28,9188
00931B,統一美債20年,141,0,141,群益金鼎-三民,2023-09-28,9188
3231,緯創,89,28,61,群益金鼎-三民,2023-09-28,9188
1471,首利,93,37,56,群益金鼎-三民,2023-09-28,9188
6274,台燿,65,10,55,群益金鼎-三民,2023-09-28,9188
00712,復華富時不動產,41,0,41,群益金鼎-三民,2023-09-28,9188
00679B,元大美債20年,250,218,32,群益金鼎-三民,2023-09-28,9188
2363,矽統,247,217,30,群益金鼎-三民,2023-09-28,9188
2344,華邦電,28,0,28,群益金鼎-三民,2023-09-28,9188
00637L,元大滬深300正2,27,2,25,群益金鼎-三民,2023-09-28,9188
00720B,元大投資級公司債,41,16,25,群益金鼎-三民,2023-09-28,9188
00751B,元大AAA至A公司債,23,0,23,群益金鼎-三民,2023-09-28,9188
00891,中信關鍵半導體,22,0,22,群益金鼎-三民,2023-09-28,9188
1301,台塑,21,0,21,群益金鼎-三民,2023-09-28,9188
00772B,中信高評級公司債,20,0,20,群益金鼎-三民,2023-09-28,9188
2610,華航,38,19,19,群益金鼎-三民,2023-09-28,9188
4533,協易機,18,0,18,群益金鼎-三民,2023-09-28,9188
2838,聯邦銀,18,0,18,群益金鼎-三民,2023-09-28,9188
1514,亞力,18,2,16,群益金鼎-三民,2023-09-28,9188
3630,新鉅科,18,2,16,群益金鼎-三民,2023-09-28,9188
3450,聯鈞,20,6,14,群益金鼎-三民,2023-09-28,9188
00929,復華台灣科技優息,41,28,13,群益金鼎-三民,2023-09-28,9188
2382,廣達,51,38,13,群益金鼎-三民,2023-09-28,9188
2408,南亞科,17,4,13,群益金鼎-三民,2023-09-28,9188
2727,王品,13,0,13,群益金鼎-三民,2023-09-28,9188
2324,仁寶,12,1,11,群益金鼎-三民,2023-09-28,9188
2352,佳世達,11,0,11,群益金鼎-三民,2023-09-28,9188
2002,中鋼,60,49,11,群益金鼎-三民,2023-09-28,9188
00725B,國泰投資級公司債,11,0,11,群益金鼎-三民,2023-09-28,9188
2457,飛宏,10,0,10,群益金鼎-三民,2023-09-28,9188
2449,京元電子,20,10,10,群益金鼎-三民,2023-09-28,9188
3037,欣興,15,5,10,群益金鼎-三民,2023-09-28,9188
2892,第一金,10,0,10,群益金鼎-三民,2023-09-28,9188
1727,中華化,10,0,10,群益金鼎-三民,2023-09-28,9188
3088,艾訊,10,0,10,群益金鼎-三民,2023-09-28,9188
4944,兆遠,10,0,10,群益金鼎-三民,2023-09-28,9188
2409,友達,10,0,10,群益金鼎-三民,2023-09-28,9188
2412,中華電,15,5,10,群益金鼎-三民,2023-09-28,9188
2017,官田鋼,8,0,8,群益金鼎-三民,2023-09-28,9188
6223,旺矽,10,2,8,群益金鼎-三民,2023-09-28,9188
5474,聰泰,8,0,8,群益金鼎-三民,2023-09-28,9188
2376,技嘉,25,18,7,群益金鼎-三民,2023-09-28,9188
00924,復華S＆P500成長,7,0,7,群益金鼎-三民,2023-09-28,9188
2025,千興,7,0,7,群益金鼎-三民,2023-09-28,9188
00673R,期元大S＆P原油反1,7,0,7,群益金鼎-三民,2023-09-28,9188
2353,宏��,8,1,7,群益金鼎-三民,2023-09-28,9188
00631L,元大台灣50正2,12,5,7,群益金鼎-三民,2023-09-28,9188
3036,文曄,46,39,7,群益金鼎-三民,2023-09-28,9188
3013,晟銘電,39,32,7,群益金鼎-三民,2023-09-28,9188
00852L,國泰美國道瓊正2,351,0,351,群益金鼎-三民,2023-10-02,9188
9105,泰金寶-DR,100,0,100,群益金鼎-三民,2023-10-02,9188
6125,廣運,80,4,76,群益金鼎-三民,2023-10-02,9188
3322,建舜電,79,5,74,群益金鼎-三民,2023-10-02,9188
6128,上福,52,0,52,群益金鼎-三民,2023-10-02,9188
2409,友達,53,3,50,群益金鼎-三民,2023-10-02,9188
6499,益安,40,0,40,群益金鼎-三民,2023-10-02,9188
2542,興富發,40,0,40,群益金鼎-三民,2023-10-02,9188
00929,復華台灣科技優息,49,12,37,群益金鼎-三民,2023-10-02,9188
3325,旭品,35,2,33,群益金鼎-三民,2023-10-02,9188
1609,大亞,55,22,33,群益金鼎-三民,2023-10-02,9188
1909,榮成,32,0,32,群益金鼎-三民,2023-10-02,9188
00931B,統一美債20年,30,0,30,群益金鼎-三民,2023-10-02,9188
3306,鼎天,28,1,27,群益金鼎-三民,2023-10-02,9188
00772B,中信高評級公司債,27,0,27,群益金鼎-三民,2023-10-02,9188
2618,長榮航,200,175,25,群益金鼎-三民,2023-10-02,9188
2355,敬鵬,28,3,25,群益金鼎-三民,2023-10-02,9188
5905,南仁湖,25,0,25,群益金鼎-三民,2023-10-02,9188
3715,定穎投控,88,64,24,群益金鼎-三民,2023-10-02,9188
00751B,元大AAA至A公司債,24,0,24,群益金鼎-三民,2023-10-02,9188
3011,今皓,22,0,22,群益金鼎-三民,2023-10-02,9188
3706,神達,42,21,21,群益金鼎-三民,2023-10-02,9188
8436,大江,23,2,21,群益金鼎-三民,2023-10-02,9188
9941,裕融,23,2,21,群益金鼎-三民,2023-10-02,9188
2367,燿華,20,0,20,群益金鼎-三民,2023-10-02,9188
4207,環泰,20,0,20,群益金鼎-三民,2023-10-02,9188
6143,振曜,20,0,20,群益金鼎-三民,2023-10-02,9188
1471,首利,25,7,18,群益金鼎-三民,2023-10-02,9188
00927,群益半導體收益,20,2,18,群益金鼎-三民,2023-10-02,9188
2417,圓剛,16,0,16,群益金鼎-三民,2023-10-02,9188
2615,萬海,18,2,16,群益金鼎-三民,2023-10-02,9188
3047,訊舟,18,2,16,群益金鼎-三民,2023-10-02,9188
2002,中鋼,25,9,16,群益金鼎-三民,2023-10-02,9188
00720B,元大投資級公司債,30,16,14,群益金鼎-三民,2023-10-02,9188
2352,佳世達,16,3,13,群益金鼎-三民,2023-10-02,9188
5452,佶優,16,3,13,群益金鼎-三民,2023-10-02,9188
4979,華星光,25,13,12,群益金鼎-三民,2023-10-02,9188
1905,華紙,12,0,12,群益金鼎-三民,2023-10-02,9188
2838,聯邦銀,12,0,12,群益金鼎-三民,2023-10-02,9188
2405,輔信,12,0,12,群益金鼎-三民,2023-10-02,9188
6117,迎廣,11,0,11,群益金鼎-三民,2023-10-02,9188
8936,國統,11,0,11,群益金鼎-三民,2023-10-02,9188
1326,台化,11,0,11,群益金鼎-三民,2023-10-02,9188
3005,神基,11,0,11,群益金鼎-三民,2023-10-02,9188
1618,合機,13,3,10,群益金鼎-三民,2023-10-02,9188
3036,文曄,31,21,10,群益金鼎-三民,2023-10-02,9188
5347,世界,10,0,10,群益金鼎-三民,2023-10-02,9188
00640L,富邦日本正2,10,0,10,群益金鼎-三民,2023-10-02,9188
2208,台船,10,0,10,群益金鼎-三民,2023-10-02,9188
00924,復華S＆P500成長,10,0,10,群益金鼎-三民,2023-10-02,9188
00632R,元大台灣50反1,882,0,882,群益金鼎-三民,2023-10-03,9188
00637L,元大滬深300正2,142,2,140,群益金鼎-三民,2023-10-03,9188
00929,復華台灣科技優息,115,9,106,群益金鼎-三民,2023-10-03,9188
2344,華邦電,93,28,65,群益金鼎-三民,2023-10-03,9188
00665L,富邦�琤肭磪囓�2,64,0,64,群益金鼎-三民,2023-10-03,9188
2201,裕隆,60,1,59,群益金鼎-三民,2023-10-03,9188
1409,新纖,54,0,54,群益金鼎-三民,2023-10-03,9188
00664R,國泰臺灣加權反1,50,0,50,群益金鼎-三民,2023-10-03,9188
00671R,富邦NASDAQ反1,50,0,50,群益金鼎-三民,2023-10-03,9188
6757,台灣虎航,46,0,46,群益金鼎-三民,2023-10-03,9188
6573,虹揚-KY,47,1,46,群益金鼎-三民,2023-10-03,9188
00712,復華富時不動產,42,0,42,群益金鼎-三民,2023-10-03,9188
2356,英業達,44,3,41,群益金鼎-三民,2023-10-03,9188
6274,台燿,67,28,39,群益金鼎-三民,2023-10-03,9188
00923,群益台ESG低碳50,42,3,39,群益金鼎-三民,2023-10-03,9188
0056,元大高股息,51,17,34,群益金鼎-三民,2023-10-03,9188
3481,群創,85,52,33,群益金鼎-三民,2023-10-03,9188
3163,波若威,47,21,26,群益金鼎-三民,2023-10-03,9188
6158,禾昌,25,0,25,群益金鼎-三民,2023-10-03,9188
2412,中華電,24,0,24,群益金鼎-三民,2023-10-03,9188
00931B,統一美債20年,22,0,22,群益金鼎-三民,2023-10-03,9188
00919,群益台灣精選高息,40,18,22,群益金鼎-三民,2023-10-03,9188
1210,大成,23,1,22,群益金鼎-三民,2023-10-03,9188
3706,神達,25,4,21,群益金鼎-三民,2023-10-03,9188
00687B,國泰20年美債,20,0,20,群益金鼎-三民,2023-10-03,9188
00751B,元大AAA至A公司債,20,0,20,群益金鼎-三民,2023-10-03,9188
00922,國泰台灣領袖50,19,0,19,群益金鼎-三民,2023-10-03,9188
00882,中信中國高股息,19,0,19,群益金鼎-三民,2023-10-03,9188
1513,中興電,24,5,19,群益金鼎-三民,2023-10-03,9188
2888,新光金,19,1,18,群益金鼎-三民,2023-10-03,9188
3011,今皓,19,1,18,群益金鼎-三民,2023-10-03,9188
6449,鈺邦,18,0,18,群益金鼎-三民,2023-10-03,9188
1609,大亞,20,4,16,群益金鼎-三民,2023-10-03,9188
8027,鈦昇,16,0,16,群益金鼎-三民,2023-10-03,9188
2014,中鴻,16,0,16,群益金鼎-三民,2023-10-03,9188
6605,帝寶,15,0,15,群益金鼎-三民,2023-10-03,9188
00730,富邦臺灣優質高息,15,0,15,群益金鼎-三民,2023-10-03,9188
2457,飛宏,14,0,14,群益金鼎-三民,2023-10-03,9188
1303,南亞,14,0,14,群益金鼎-三民,2023-10-03,9188
1514,亞力,45,32,13,群益金鼎-三民,2023-10-03,9188
3036,文曄,31,18,13,群益金鼎-三民,2023-10-03,9188
3013,晟銘電,43,30,13,群益金鼎-三民,2023-10-03,9188
2402,毅嘉,15,2,13,群益金鼎-三民,2023-10-03,9188
2891,中信金,12,0,12,群益金鼎-三民,2023-10-03,9188
3014,聯陽,14,2,12,群益金鼎-三民,2023-10-03,9188
2449,京元電子,13,2,11,群益金鼎-三民,2023-10-03,9188
2363,矽統,46,36,10,群益金鼎-三民,2023-10-03,9188
2317,鴻海,11,0,11,群益金鼎-三民,2023-10-03,9188
2834,臺企銀,11,0,11,群益金鼎-三民,2023-10-03,9188
6168,宏齊,10,0,10,群益金鼎-三民,2023-10-03,9188
2892,第一金,156,0,156,群益金鼎-三民,2023-10-04,9188
00676R,富邦臺灣加權反1,110,0,110,群益金鼎-三民,2023-10-04,9188
2888,新光金,74,0,74,群益金鼎-三民,2023-10-04,9188
00637L,元大滬深300正2,66,0,66,群益金鼎-三民,2023-10-04,9188
00712,復華富時不動產,61,0,61,群益金鼎-三民,2023-10-04,9188
1802,台玻,66,5,61,群益金鼎-三民,2023-10-04,9188
00923,群益台ESG低碳50,52,0,52,群益金鼎-三民,2023-10-04,9188
00720B,元大投資級公司債,51,12,39,群益金鼎-三民,2023-10-04,9188
2891,中信金,38,0,38,群益金鼎-三民,2023-10-04,9188
00680L,元大美債20正2,49,12,37,群益金鼎-三民,2023-10-04,9188
00687B,國泰20年美債,37,0,37,群益金鼎-三民,2023-10-04,9188
00772B,中信高評級公司債,32,0,32,群益金鼎-三民,2023-10-04,9188
00902,中信電池及儲能,28,0,28,群益金鼎-三民,2023-10-04,9188
00753L,中信中國50正2,27,1,26,群益金鼎-三民,2023-10-04,9188
0056,元大高股息,38,13,25,群益金鼎-三民,2023-10-04,9188
2412,中華電,67,42,25,群益金鼎-三民,2023-10-04,9188
2409,友達,27,2,25,群益金鼎-三民,2023-10-04,9188
6499,益安,25,0,25,群益金鼎-三民,2023-10-04,9188
00922,國泰台灣領袖50,24,0,24,群益金鼎-三民,2023-10-04,9188
2329,華泰,26,3,23,群益金鼎-三民,2023-10-04,9188
2838,聯邦銀,23,0,23,群益金鼎-三民,2023-10-04,9188
1909,榮成,23,0,23,群益金鼎-三民,2023-10-04,9188
2388,威盛,27,4,23,群益金鼎-三民,2023-10-04,9188
00751B,元大AAA至A公司債,41,19,22,群益金鼎-三民,2023-10-04,9188
5426,振發,25,3,22,群益金鼎-三民,2023-10-04,9188
1326,台化,21,0,21,群益金鼎-三民,2023-10-04,9188
00919,群益台灣精選高息,40,21,19,群益金鼎-三民,2023-10-04,9188
2834,臺企銀,20,1,19,群益金鼎-三民,2023-10-04,9188
3481,群創,50,32,18,群益金鼎-三民,2023-10-04,9188
8927,北基,20,2,18,群益金鼎-三民,2023-10-04,9188
1216,統一,18,0,18,群益金鼎-三民,2023-10-04,9188
2303,聯電,19,2,17,群益金鼎-三民,2023-10-04,9188
2002,中鋼,59,44,15,群益金鼎-三民,2023-10-04,9188
00722B,群益投資級電信債,14,0,14,群益金鼎-三民,2023-10-04,9188
1409,新纖,15,2,13,群益金鼎-三民,2023-10-04,9188
2603,長榮,13,0,13,群益金鼎-三民,2023-10-04,9188
2317,鴻海,13,0,13,群益金鼎-三民,2023-10-04,9188
2883,凱基金,17,5,12,群益金鼎-三民,2023-10-04,9188
00665L,富邦�琤肭磪囓�2,12,0,12,群益金鼎-三民,2023-10-04,9188
6274,台燿,29,17,12,群益金鼎-三民,2023-10-04,9188
5009,榮剛,12,0,12,群益金鼎-三民,2023-10-04,9188
6449,鈺邦,12,0,12,群益金鼎-三民,2023-10-04,9188
3450,聯鈞,18,7,11,群益金鼎-三民,2023-10-04,9188
1303,南亞,11,0,11,群益金鼎-三民,2023-10-04,9188
2330,台積電,12,1,11,群益金鼎-三民,2023-10-04,9188
2363,矽統,78,68,10,群益金鼎-三民,2023-10-04,9188
2886,兆豐金,11,0,11,群益金鼎-三民,2023-10-04,9188
1609,大亞,17,7,10,群益金鼎-三民,2023-10-04,9188
6125,廣運,12,2,10,群益金鼎-三民,2023-10-04,9188
3231,緯創,21,11,10,群益金鼎-三民,2023-10-04,9188
00712,復華富時不動產,59,2,57,群益金鼎-三民,2023-10-05,9188
6274,台燿,97,60,37,群益金鼎-三民,2023-10-05,9188
2504,國產,28,0,28,群益金鼎-三民,2023-10-05,9188
00931B,統一美債20年,37,10,27,群益金鼎-三民,2023-10-05,9188
3092,鴻碩,27,0,27,群益金鼎-三民,2023-10-05,9188
1609,大亞,46,19,27,群益金鼎-三民,2023-10-05,9188
00772B,中信高評級公司債,25,0,25,群益金鼎-三民,2023-10-05,9188
3231,緯創,42,17,25,群益金鼎-三民,2023-10-05,9188
3481,群創,25,0,25,群益金鼎-三民,2023-10-05,9188
00929,復華台灣科技優息,37,14,23,群益金鼎-三民,2023-10-05,9188
1301,台塑,21,0,21,群益金鼎-三民,2023-10-05,9188
6120,達運,23,2,21,群益金鼎-三民,2023-10-05,9188
1815,富喬,46,25,21,群益金鼎-三民,2023-10-05,9188
1449,佳和,19,0,19,群益金鼎-三民,2023-10-05,9188
1101,台泥,17,0,17,群益金鼎-三民,2023-10-05,9188
2838,聯邦銀,28,11,17,群益金鼎-三民,2023-10-05,9188
2883,凱基金,24,10,14,群益金鼎-三民,2023-10-05,9188
1603,華電,14,0,14,群益金鼎-三民,2023-10-05,9188
00679B,元大美債20年,112,99,13,群益金鼎-三民,2023-10-05,9188
00720B,元大投資級公司債,12,0,12,群益金鼎-三民,2023-10-05,9188
2002,中鋼,17,5,12,群益金鼎-三民,2023-10-05,9188
3260,威剛,13,2,11,群益金鼎-三民,2023-10-05,9188
8011,台通,21,10,11,群益金鼎-三民,2023-10-05,9188
3693,營邦,14,3,11,群益金鼎-三民,2023-10-05,9188
2382,廣達,22,11,11,群益金鼎-三民,2023-10-05,9188
2421,建準,13,2,11,群益金鼎-三民,2023-10-05,9188
3715,定穎投控,110,99,11,群益金鼎-三民,2023-10-05,9188
00665L,富邦�琤肭磪囓�2,10,0,10,群益金鼎-三民,2023-10-05,9188
2399,映泰,10,0,10,群益金鼎-三民,2023-10-05,9188
2538,基泰,21,11,10,群益金鼎-三民,2023-10-05,9188
2485,兆赫,12,2,10,群益金鼎-三民,2023-10-05,9188
00642U,期元大S＆P石油,11,1,10,群益金鼎-三民,2023-10-05,9188
2816,旺旺保,10,0,10,群益金鼎-三民,2023-10-05,9188
1522,堤維西,15,6,9,群益金鼎-三民,2023-10-05,9188
4979,華星光,12,3,9,群益金鼎-三民,2023-10-05,9188
2409,友達,10,1,9,群益金鼎-三民,2023-10-05,9188
00919,群益台灣精選高息,11,3,8,群益金鼎-三民,2023-10-05,9188
8050,廣積,12,4,8,群益金鼎-三民,2023-10-05,9188
8034,榮群,8,0,8,群益金鼎-三民,2023-10-05,9188
6288,聯嘉,12,4,8,群益金鼎-三民,2023-10-05,9188
00637L,元大滬深300正2,8,1,7,群益金鼎-三民,2023-10-05,9188
3380,明泰,7,0,7,群益金鼎-三民,2023-10-05,9188
1514,亞力,12,5,7,群益金鼎-三民,2023-10-05,9188
2739,寒舍,7,0,7,群益金鼎-三民,2023-10-05,9188
00922,國泰台灣領袖50,7,0,7,群益金鼎-三民,2023-10-05,9188
8420,明揚,7,0,7,群益金鼎-三民,2023-10-05,9188
9919,康那香,10,3,7,群益金鼎-三民,2023-10-05,9188
3032,偉訓,24,17,7,群益金鼎-三民,2023-10-05,9188
2317,鴻海,6,0,6,群益金鼎-三民,2023-10-05,9188
5426,振發,7,1,6,群益金鼎-三民,2023-10-05,9188
00929,復華台灣科技優息,170,13,157,群益金鼎-三民,2023-10-06,9188
2538,基泰,145,3,142,群益金鼎-三民,2023-10-06,9188
8027,鈦昇,131,2,129,群益金鼎-三民,2023-10-06,9188
2504,國產,82,5,77,群益金鼎-三民,2023-10-06,9188
6274,台燿,83,34,49,群益金鼎-三民,2023-10-06,9188
2409,友達,32,0,32,群益金鼎-三民,2023-10-06,9188
2603,長榮,33,1,32,群益金鼎-三民,2023-10-06,9188
3481,群創,36,5,31,群益金鼎-三民,2023-10-06,9188
2645,長榮航太,30,0,30,群益金鼎-三民,2023-10-06,9188
6120,達運,29,1,28,群益金鼎-三民,2023-10-06,9188
2201,裕隆,31,4,27,群益金鼎-三民,2023-10-06,9188
2618,長榮航,57,31,26,群益金鼎-三民,2023-10-06,9188
00712,復華富時不動產,27,1,26,群益金鼎-三民,2023-10-06,9188
00715L,期街口布蘭特正2,26,0,26,群益金鼎-三民,2023-10-06,9188
1609,大亞,24,4,20,群益金鼎-三民,2023-10-06,9188
00919,群益台灣精選高息,22,3,19,群益金鼎-三民,2023-10-06,9188
2388,威盛,19,0,19,群益金鼎-三民,2023-10-06,9188
1514,亞力,19,0,19,群益金鼎-三民,2023-10-06,9188
6530,創威,22,6,16,群益金鼎-三民,2023-10-06,9188
6191,精成科,28,12,16,群益金鼎-三民,2023-10-06,9188
00931B,統一美債20年,15,0,15,群益金鼎-三民,2023-10-06,9188
1471,首利,22,8,14,群益金鼎-三民,2023-10-06,9188
2442,新美齊,14,0,14,群益金鼎-三民,2023-10-06,9188
00680L,元大美債20正2,14,0,14,群益金鼎-三民,2023-10-06,9188
3231,緯創,35,21,14,群益金鼎-三民,2023-10-06,9188
2886,兆豐金,12,0,12,群益金鼎-三民,2023-10-06,9188
3260,威剛,27,14,13,群益金鼎-三民,2023-10-06,9188
3567,逸昌,12,0,12,群益金鼎-三民,2023-10-06,9188
00751B,元大AAA至A公司債,11,0,11,群益金鼎-三民,2023-10-06,9188
5244,弘凱,11,0,11,群益金鼎-三民,2023-10-06,9188
8034,榮群,11,0,11,群益金鼎-三民,2023-10-06,9188
2363,矽統,33,23,10,群益金鼎-三民,2023-10-06,9188
2867,三商壽,10,0,10,群益金鼎-三民,2023-10-06,9188
3122,笙泉,13,3,10,群益金鼎-三民,2023-10-06,9188
8227,巨有科技,14,5,9,群益金鼎-三民,2023-10-06,9188
00885,富邦越南,9,0,9,群益金鼎-三民,2023-10-06,9188
6789,采鈺,9,0,9,群益金鼎-三民,2023-10-06,9188
2468,華經,40,31,9,群益金鼎-三民,2023-10-06,9188
2605,新興,14,5,9,群益金鼎-三民,2023-10-06,9188
2382,廣達,53,44,9,群益金鼎-三民,2023-10-06,9188
0056,元大高股息,12,4,8,群益金鼎-三民,2023-10-06,9188
00924,復華S＆P500成長,8,0,8,群益金鼎-三民,2023-10-06,9188
2313,華通,20,12,8,群益金鼎-三民,2023-10-06,9188
2610,華航,12,4,8,群益金鼎-三民,2023-10-06,9188
2371,大同,8,0,8,群益金鼎-三民,2023-10-06,9188
3673,TPK-KY,8,0,8,群益金鼎-三民,2023-10-06,9188
6122,擎邦,11,3,8,群益金鼎-三民,2023-10-06,9188
2838,聯邦銀,12,5,7,群益金鼎-三民,2023-10-06,9188
00642U,期元大S＆P石油,8,1,7,群益金鼎-三民,2023-10-06,9188
3264,欣銓,8,1,7,群益金鼎-三民,2023-10-06,9188
00632R,元大台灣50反1,600,28,572,群益金鼎-三民,2023-10-11,9188
9105,泰金寶-DR,532,0,532,群益金鼎-三民,2023-10-11,9188
2892,第一金,161,23,138,群益金鼎-三民,2023-10-11,9188
00929,復華台灣科技優息,176,47,129,群益金鼎-三民,2023-10-11,9188
3231,緯創,156,47,109,群益金鼎-三民,2023-10-11,9188
2630,亞航,97,9,88,群益金鼎-三民,2023-10-11,9188
6449,鈺邦,47,2,45,群益金鼎-三民,2023-10-11,9188
00919,群益台灣精選高息,46,1,45,群益金鼎-三民,2023-10-11,9188
00637L,元大滬深300正2,40,0,40,群益金鼎-三民,2023-10-11,9188
2610,華航,35,0,35,群益金鼎-三民,2023-10-11,9188
6161,捷波,30,0,30,群益金鼎-三民,2023-10-11,9188
0056,元大高股息,36,8,28,群益金鼎-三民,2023-10-11,9188
2317,鴻海,47,20,27,群益金鼎-三民,2023-10-11,9188
5351,鈺創,23,0,23,群益金鼎-三民,2023-10-11,9188
00722B,群益投資級電信債,21,0,21,群益金鼎-三民,2023-10-11,9188
8027,鈦昇,22,1,21,群益金鼎-三民,2023-10-11,9188
8227,巨有科技,22,1,21,群益金鼎-三民,2023-10-11,9188
00676R,富邦臺灣加權反1,20,0,20,群益金鼎-三民,2023-10-11,9188
2816,旺旺保,20,1,19,群益金鼎-三民,2023-10-11,9188
2376,技嘉,41,24,17,群益金鼎-三民,2023-10-11,9188
2538,基泰,24,8,16,群益金鼎-三民,2023-10-11,9188
1783,和康生,20,5,15,群益金鼎-三民,2023-10-11,9188
2867,三商壽,15,0,15,群益金鼎-三民,2023-10-11,9188
6216,居易,33,18,15,群益金鼎-三民,2023-10-11,9188
2609,陽明,24,10,14,群益金鼎-三民,2023-10-11,9188
2618,長榮航,82,68,14,群益金鼎-三民,2023-10-11,9188
6285,啟��,14,0,14,群益金鼎-三民,2023-10-11,9188
3715,定穎投控,109,95,14,群益金鼎-三民,2023-10-11,9188
6451,訊芯-KY,16,2,14,群益金鼎-三民,2023-10-11,9188
6120,達運,19,5,14,群益金鼎-三民,2023-10-11,9188
6274,台燿,31,18,13,群益金鼎-三民,2023-10-11,9188
3706,神達,21,8,13,群益金鼎-三民,2023-10-11,9188
2002,中鋼,13,0,13,群益金鼎-三民,2023-10-11,9188
4946,辣椒,13,0,13,群益金鼎-三民,2023-10-11,9188
3545,敦泰,14,2,12,群益金鼎-三民,2023-10-11,9188
4968,立積,12,0,12,群益金鼎-三民,2023-10-11,9188
1305,華夏,11,0,11,群益金鼎-三民,2023-10-11,9188
1522,堤維西,11,0,11,群益金鼎-三民,2023-10-11,9188
1471,首利,11,0,11,群益金鼎-三民,2023-10-11,9188
5236,凌陽創新,11,0,11,群益金鼎-三民,2023-10-11,9188
3036,文曄,21,10,11,群益金鼎-三民,2023-10-11,9188
2603,長榮,25,15,10,群益金鼎-三民,2023-10-11,9188
2421,建準,25,15,10,群益金鼎-三民,2023-10-11,9188
3276,宇環,14,4,10,群益金鼎-三民,2023-10-11,9188
00724B,群益投資級金融債,10,0,10,群益金鼎-三民,2023-10-11,9188
6443,元晶,10,0,10,群益金鼎-三民,2023-10-11,9188
3206,志豐,10,0,10,群益金鼎-三民,2023-10-11,9188
00932,兆豐永續高息等權,10,0,10,群益金鼎-三民,2023-10-11,9188
1752,南光,10,0,10,群益金鼎-三民,2023-10-11,9188
2485,兆赫,10,0,10,群益金鼎-三民,2023-10-11,9188
2538,基泰,218,1,217,群益金鼎-三民,2023-10-12,9188
2363,矽統,226,144,82,群益金鼎-三民,2023-10-12,9188
5348,正能量智能,62,0,62,群益金鼎-三民,2023-10-12,9188
00905,FT臺灣Smart,45,0,45,群益金鼎-三民,2023-10-12,9188
6168,宏齊,48,10,38,群益金鼎-三民,2023-10-12,9188
00664R,國泰臺灣加權反1,35,0,35,群益金鼎-三民,2023-10-12,9188
2349,錸德,33,0,33,群益金鼎-三民,2023-10-12,9188
4743,合一,32,2,30,群益金鼎-三民,2023-10-12,9188
4102,永日,29,0,29,群益金鼎-三民,2023-10-12,9188
6449,鈺邦,28,2,26,群益金鼎-三民,2023-10-12,9188
00676R,富邦臺灣加權反1,20,0,20,群益金鼎-三民,2023-10-12,9188
2605,新興,25,6,19,群益金鼎-三民,2023-10-12,9188
5880,合庫金,26,7,19,群益金鼎-三民,2023-10-12,9188
00929,復華台灣科技優息,31,13,18,群益金鼎-三民,2023-10-12,9188
2417,圓剛,16,0,16,群益金鼎-三民,2023-10-12,9188
1605,華新,24,8,16,群益金鼎-三民,2023-10-12,9188
2412,中華電,21,6,15,群益金鼎-三民,2023-10-12,9188
4207,環泰,15,0,15,群益金鼎-三民,2023-10-12,9188
2468,華經,17,3,14,群益金鼎-三民,2023-10-12,9188
00724B,群益投資級金融債,11,0,11,群益金鼎-三民,2023-10-12,9188
2368,金像電,14,3,11,群益金鼎-三民,2023-10-12,9188
00642U,期元大S＆P石油,11,0,11,群益金鼎-三民,2023-10-12,9188
1101,台泥,24,13,11,群益金鼎-三民,2023-10-12,9188
3576,聯合再生,10,0,10,群益金鼎-三民,2023-10-12,9188
2421,建準,13,3,10,群益金鼎-三民,2023-10-12,9188
00708L,期元大S＆P黃金正2,10,0,10,群益金鼎-三民,2023-10-12,9188
8215,明基材,10,0,10,群益金鼎-三民,2023-10-12,9188
2486,一詮,23,13,10,群益金鼎-三民,2023-10-12,9188
2365,昆盈,10,0,10,群益金鼎-三民,2023-10-12,9188
2489,瑞軒,10,0,10,群益金鼎-三民,2023-10-12,9188
9933,中鼎,10,1,9,群益金鼎-三民,2023-10-12,9188
6285,啟��,9,1,8,群益金鼎-三民,2023-10-12,9188
00919,群益台灣精選高息,14,6,8,群益金鼎-三民,2023-10-12,9188
3694,海華,9,1,8,群益金鼎-三民,2023-10-12,9188
2838,聯邦銀,8,0,8,群益金鼎-三民,2023-10-12,9188
3078,僑威,22,14,8,群益金鼎-三民,2023-10-12,9188
00772B,中信高評級公司債,7,0,7,群益金鼎-三民,2023-10-12,9188
4162,智擎,9,2,7,群益金鼎-三民,2023-10-12,9188
6129,普誠,7,0,7,群益金鼎-三民,2023-10-12,9188
6282,康舒,26,19,7,群益金鼎-三民,2023-10-12,9188
8222,寶一,28,21,7,群益金鼎-三民,2023-10-12,9188
1519,華城,7,1,6,群益金鼎-三民,2023-10-12,9188
2610,華航,14,8,6,群益金鼎-三民,2023-10-12,9188
2399,映泰,6,0,6,群益金鼎-三民,2023-10-12,9188
5439,高技,7,1,6,群益金鼎-三民,2023-10-12,9188
1580,新麥,5,0,5,群益金鼎-三民,2023-10-12,9188
3013,晟銘電,14,9,5,群益金鼎-三民,2023-10-12,9188
2073,雄順,5,0,5,群益金鼎-三民,2023-10-12,9188
2392,正崴,5,0,5,群益金鼎-三民,2023-10-12,9188
1514,亞力,15,10,5,群益金鼎-三民,2023-10-12,9188
3078,僑威,216,54,162,群益金鼎-三民,2023-10-13,9188
00878,國泰永續高股息,291,226,65,群益金鼎-三民,2023-10-13,9188
2618,長榮航,79,21,58,群益金鼎-三民,2023-10-13,9188
6168,宏齊,52,0,52,群益金鼎-三民,2023-10-13,9188
6449,鈺邦,52,5,47,群益金鼎-三民,2023-10-13,9188
2412,中華電,43,11,32,群益金鼎-三民,2023-10-13,9188
5347,世界,29,1,28,群益金鼎-三民,2023-10-13,9188
2610,華航,28,2,26,群益金鼎-三民,2023-10-13,9188
2504,國產,25,0,25,群益金鼎-三民,2023-10-13,9188
2885,元大金,26,3,23,群益金鼎-三民,2023-10-13,9188
0056,元大高股息,29,7,22,群益金鼎-三民,2023-10-13,9188
2883,凱基金,23,1,22,群益金鼎-三民,2023-10-13,9188
2301,光寶科,27,6,21,群益金鼎-三民,2023-10-13,9188
2426,鼎元,22,1,21,群益金鼎-三民,2023-10-13,9188
3706,神達,37,16,21,群益金鼎-三民,2023-10-13,9188
2538,基泰,20,0,20,群益金鼎-三民,2023-10-13,9188
2880,華南金,20,0,20,群益金鼎-三民,2023-10-13,9188
00929,復華台灣科技優息,61,42,19,群益金鼎-三民,2023-10-13,9188
6282,康舒,21,2,19,群益金鼎-三民,2023-10-13,9188
00772B,中信高評級公司債,18,0,18,群益金鼎-三民,2023-10-13,9188
6216,居易,21,3,18,群益金鼎-三民,2023-10-13,9188
5348,正能量智能,19,2,17,群益金鼎-三民,2023-10-13,9188
1101,台泥,16,0,16,群益金鼎-三民,2023-10-13,9188
6284,佳邦,24,9,15,群益金鼎-三民,2023-10-13,9188
00712,復華富時不動產,16,1,15,群益金鼎-三民,2023-10-13,9188
3231,緯創,54,39,15,群益金鼎-三民,2023-10-13,9188
00679B,元大美債20年,130,115,15,群益金鼎-三民,2023-10-13,9188
2376,技嘉,25,11,14,群益金鼎-三民,2023-10-13,9188
2313,華通,15,1,14,群益金鼎-三民,2023-10-13,9188
2427,三商電,14,1,13,群益金鼎-三民,2023-10-13,9188
2353,宏��,12,0,12,群益金鼎-三民,2023-10-13,9188
3045,台灣大,12,0,12,群益金鼎-三民,2023-10-13,9188
00795B,中信美國公債20年,11,0,11,群益金鼎-三民,2023-10-13,9188
3362,先進光,11,0,11,群益金鼎-三民,2023-10-13,9188
2382,廣達,39,29,10,群益金鼎-三民,2023-10-13,9188
2891,中信金,15,5,10,群益金鼎-三民,2023-10-13,9188
2377,微星,10,0,10,群益金鼎-三民,2023-10-13,9188
00931B,統一美債20年,15,5,10,群益金鼎-三民,2023-10-13,9188
00905,FT臺灣Smart,10,0,10,群益金鼎-三民,2023-10-13,9188
00900,富邦特選高股息30,90,80,10,群益金鼎-三民,2023-10-13,9188
2073,雄順,10,0,10,群益金鼎-三民,2023-10-13,9188
3059,華晶科,13,3,10,群益金鼎-三民,2023-10-13,9188
00724B,群益投資級金融債,10,0,10,群益金鼎-三民,2023-10-13,9188
5426,振發,14,4,10,群益金鼎-三民,2023-10-13,9188
5439,高技,16,6,10,群益金鼎-三民,2023-10-13,9188
00751B,元大AAA至A公司債,9,0,9,群益金鼎-三民,2023-10-13,9188
1513,中興電,9,0,9,群益金鼎-三民,2023-10-13,9188
4979,華星光,30,21,9,群益金鼎-三民,2023-10-13,9188
8478,東哥遊艇,16,7,9,群益金鼎-三民,2023-10-13,9188
1609,大亞,9,0,9,群益金鼎-三民,2023-10-13,9188
1605,華新,224,1,223,群益金鼎-三民,2023-10-16,9188
00929,復華台灣科技優息,182,34,148,群益金鼎-三民,2023-10-16,9188
2344,華邦電,156,13,143,群益金鼎-三民,2023-10-16,9188
2201,裕隆,92,3,89,群益金鼎-三民,2023-10-16,9188
2363,矽統,235,176,59,群益金鼎-三民,2023-10-16,9188
00637L,元大滬深300正2,62,6,56,群益金鼎-三民,2023-10-16,9188
2369,菱生,54,1,53,群益金鼎-三民,2023-10-16,9188
00683L,期元大美元指正2,48,0,48,群益金鼎-三民,2023-10-16,9188
2605,新興,44,2,42,群益金鼎-三民,2023-10-16,9188
1314,中石化,74,33,41,群益金鼎-三民,2023-10-16,9188
00715L,期街口布蘭特正2,61,20,41,群益金鼎-三民,2023-10-16,9188
00919,群益台灣精選高息,54,14,40,群益金鼎-三民,2023-10-16,9188
00632R,元大台灣50反1,40,0,40,群益金鼎-三民,2023-10-16,9188
0056,元大高股息,44,4,40,群益金鼎-三民,2023-10-16,9188
4102,永日,42,5,37,群益金鼎-三民,2023-10-16,9188
6449,鈺邦,29,0,29,群益金鼎-三民,2023-10-16,9188
00712,復華富時不動產,27,0,27,群益金鼎-三民,2023-10-16,9188
2838,聯邦銀,24,0,24,群益金鼎-三民,2023-10-16,9188
3363,上詮,34,10,24,群益金鼎-三民,2023-10-16,9188
5347,世界,23,0,23,群益金鼎-三民,2023-10-16,9188
00720B,元大投資級公司債,22,0,22,群益金鼎-三民,2023-10-16,9188
00900,富邦特選高股息30,63,41,22,群益金鼎-三民,2023-10-16,9188
00708L,期元大S＆P黃金正2,20,0,20,群益金鼎-三民,2023-10-16,9188
6282,康舒,33,14,19,群益金鼎-三民,2023-10-16,9188
6161,捷波,19,0,19,群益金鼎-三民,2023-10-16,9188
3706,神達,21,3,18,群益金鼎-三民,2023-10-16,9188
2607,榮運,15,0,15,群益金鼎-三民,2023-10-16,9188
00674R,期元大S＆P黃金反1,15,0,15,群益金鼎-三民,2023-10-16,9188
2329,華泰,25,10,15,群益金鼎-三民,2023-10-16,9188
2073,雄順,15,0,15,群益金鼎-三民,2023-10-16,9188
00724B,群益投資級金融債,14,0,14,群益金鼎-三民,2023-10-16,9188
00882,中信中國高股息,13,0,13,群益金鼎-三民,2023-10-16,9188
2338,光罩,13,1,12,群益金鼎-三民,2023-10-16,9188
3022,威強電,12,0,12,群益金鼎-三民,2023-10-16,9188
1303,南亞,11,0,11,群益金鼎-三民,2023-10-16,9188
00642U,期元大S＆P石油,16,5,11,群益金鼎-三民,2023-10-16,9188
00878,國泰永續高股息,288,277,11,群益金鼎-三民,2023-10-16,9188
2538,基泰,14,4,10,群益金鼎-三民,2023-10-16,9188
6168,宏齊,10,0,10,群益金鼎-三民,2023-10-16,9188
00635U,期元大S＆P黃金,10,0,10,群益金鼎-三民,2023-10-16,9188
3037,欣興,9,0,9,群益金鼎-三民,2023-10-16,9188
5465,富驊,8,0,8,群益金鼎-三民,2023-10-16,9188
3202,樺晟,8,0,8,群益金鼎-三民,2023-10-16,9188
2206,三陽工業,9,2,7,群益金鼎-三民,2023-10-16,9188
2739,寒舍,7,0,7,群益金鼎-三民,2023-10-16,9188
4967,十銓,7,0,7,群益金鼎-三民,2023-10-16,9188
2458,義隆,7,0,7,群益金鼎-三民,2023-10-16,9188
00922,國泰台灣領袖50,8,1,7,群益金鼎-三民,2023-10-16,9188
6158,禾昌,16,9,7,群益金鼎-三民,2023-10-16,9188
6292,迅德,7,0,7,群益金鼎-三民,2023-10-16,9188
9105,泰金寶-DR,189,10,179,群益金鼎-三民,2023-10-17,9188
2538,基泰,140,0,140,群益金鼎-三民,2023-10-17,9188
0056,元大高股息,129,1,128,群益金鼎-三民,2023-10-17,9188
2618,長榮航,107,22,85,群益金鼎-三民,2023-10-17,9188
00878,國泰永續高股息,81,41,40,群益金鼎-三民,2023-10-17,9188
2610,華航,48,12,36,群益金鼎-三民,2023-10-17,9188
00642U,期元大S＆P石油,35,0,35,群益金鼎-三民,2023-10-17,9188
3231,緯創,131,96,35,群益金鼎-三民,2023-10-17,9188
2838,聯邦銀,34,0,34,群益金鼎-三民,2023-10-17,9188
00929,復華台灣科技優息,53,21,32,群益金鼎-三民,2023-10-17,9188
00687B,國泰20年美債,31,1,30,群益金鼎-三民,2023-10-17,9188
2614,東森,30,0,30,群益金鼎-三民,2023-10-17,9188
4763,材料-KY,23,1,22,群益金鼎-三民,2023-10-17,9188
6419,京晨科,23,1,22,群益金鼎-三民,2023-10-17,9188
1815,富喬,30,8,22,群益金鼎-三民,2023-10-17,9188
00715L,期街口布蘭特正2,27,6,21,群益金鼎-三民,2023-10-17,9188
00708L,期元大S＆P黃金正2,20,0,20,群益金鼎-三民,2023-10-17,9188
00720B,元大投資級公司債,20,0,20,群益金鼎-三民,2023-10-17,9188
3715,定穎投控,116,97,19,群益金鼎-三民,2023-10-17,9188
00795B,中信美國公債20年,19,0,19,群益金鼎-三民,2023-10-17,9188
3481,群創,20,2,18,群益金鼎-三民,2023-10-17,9188
2891,中信金,18,0,18,群益金鼎-三民,2023-10-17,9188
6213,聯茂,18,1,17,群益金鼎-三民,2023-10-17,9188
2605,新興,17,0,17,群益金鼎-三民,2023-10-17,9188
3703,欣陸,17,1,16,群益金鼎-三民,2023-10-17,9188
6530,創威,29,14,15,群益金鼎-三民,2023-10-17,9188
00919,群益台灣精選高息,15,0,15,群益金鼎-三民,2023-10-17,9188
2317,鴻海,15,0,15,群益金鼎-三民,2023-10-17,9188
4207,環泰,20,5,15,群益金鼎-三民,2023-10-17,9188
00931B,統一美債20年,15,1,14,群益金鼎-三民,2023-10-17,9188
6161,捷波,13,0,13,群益金鼎-三民,2023-10-17,9188
00772B,中信高評級公司債,12,0,12,群益金鼎-三民,2023-10-17,9188
2404,漢唐,12,0,12,群益金鼎-三民,2023-10-17,9188
4979,華星光,17,5,12,群益金鼎-三民,2023-10-17,9188
3078,僑威,21,9,12,群益金鼎-三民,2023-10-17,9188
8068,全達,15,4,11,群益金鼎-三民,2023-10-17,9188
6449,鈺邦,12,1,11,群益金鼎-三民,2023-10-17,9188
00712,復華富時不動產,10,0,10,群益金鼎-三民,2023-10-17,9188
2359,所羅門,10,0,10,群益金鼎-三民,2023-10-17,9188
2885,元大金,10,0,10,群益金鼎-三民,2023-10-17,9188
00891,中信關鍵半導體,10,0,10,群益金鼎-三民,2023-10-17,9188
00905,FT臺灣Smart,10,0,10,群益金鼎-三民,2023-10-17,9188
2903,遠百,10,0,10,群益金鼎-三民,2023-10-17,9188
00688L,國泰20年美債正2,10,0,10,群益金鼎-三民,2023-10-17,9188
00676R,富邦臺灣加權反1,10,0,10,群益金鼎-三民,2023-10-17,9188
2354,鴻準,10,1,9,群益金鼎-三民,2023-10-17,9188
00751B,元大AAA至A公司債,8,0,8,群益金鼎-三民,2023-10-17,9188
6274,台燿,30,22,8,群益金鼎-三民,2023-10-17,9188
2201,裕隆,32,24,8,群益金鼎-三民,2023-10-17,9188
3025,星通,10,2,8,群益金鼎-三民,2023-10-17,9188
9105,泰金寶-DR,210,0,210,群益金鼎-三民,2023-10-18,9188
0056,元大高股息,178,17,161,群益金鼎-三民,2023-10-18,9188
00929,復華台灣科技優息,183,71,112,群益金鼎-三民,2023-10-18,9188
00919,群益台灣精選高息,85,4,81,群益金鼎-三民,2023-10-18,9188
00878,國泰永續高股息,615,543,72,群益金鼎-三民,2023-10-18,9188
00922,國泰台灣領袖50,69,0,69,群益金鼎-三民,2023-10-18,9188
2888,新光金,66,0,66,群益金鼎-三民,2023-10-18,9188
2329,華泰,67,4,63,群益金鼎-三民,2023-10-18,9188
2002,中鋼,60,3,57,群益金鼎-三民,2023-10-18,9188
3715,定穎投控,78,25,53,群益金鼎-三民,2023-10-18,9188
2344,華邦電,46,0,46,群益金鼎-三民,2023-10-18,9188
6282,康舒,42,1,41,群益金鼎-三民,2023-10-18,9188
2618,長榮航,68,28,40,群益金鼎-三民,2023-10-18,9188
6274,台燿,46,13,33,群益金鼎-三民,2023-10-18,9188
3231,緯創,140,108,32,群益金鼎-三民,2023-10-18,9188
1815,富喬,32,1,31,群益金鼎-三民,2023-10-18,9188
6216,居易,42,15,27,群益金鼎-三民,2023-10-18,9188
2388,威盛,132,106,26,群益金鼎-三民,2023-10-18,9188
4743,合一,26,1,25,群益金鼎-三民,2023-10-18,9188
1101,台泥,24,1,23,群益金鼎-三民,2023-10-18,9188
2634,漢翔,25,2,23,群益金鼎-三民,2023-10-18,9188
1785,光洋科,25,2,23,群益金鼎-三民,2023-10-18,9188
2610,華航,25,4,21,群益金鼎-三民,2023-10-18,9188
2201,裕隆,43,22,21,群益金鼎-三民,2023-10-18,9188
2867,三商壽,20,0,20,群益金鼎-三民,2023-10-18,9188
1471,首利,24,5,19,群益金鼎-三民,2023-10-18,9188
00900,富邦特選高股息30,107,90,17,群益金鼎-三民,2023-10-18,9188
2369,菱生,26,9,17,群益金鼎-三民,2023-10-18,9188
6161,捷波,19,2,17,群益金鼎-三民,2023-10-18,9188
2449,京元電子,17,0,17,群益金鼎-三民,2023-10-18,9188
00720B,元大投資級公司債,16,0,16,群益金鼎-三民,2023-10-18,9188
5222,全訊,16,0,16,群益金鼎-三民,2023-10-18,9188
6449,鈺邦,16,0,16,群益金鼎-三民,2023-10-18,9188
3041,揚智,91,77,14,群益金鼎-三民,2023-10-18,9188
5351,鈺創,14,1,13,群益金鼎-三民,2023-10-18,9188
00680L,元大美債20正2,13,0,13,群益金鼎-三民,2023-10-18,9188
6168,宏齊,174,161,13,群益金鼎-三民,2023-10-18,9188
2332,友訊,13,0,13,群益金鼎-三民,2023-10-18,9188
00931B,統一美債20年,12,0,12,群益金鼎-三民,2023-10-18,9188
6770,力積電,13,1,12,群益金鼎-三民,2023-10-18,9188
00885,富邦越南,11,0,11,群益金鼎-三民,2023-10-18,9188
3481,群創,20,9,11,群益金鼎-三民,2023-10-18,9188
1305,華夏,12,1,11,群益金鼎-三民,2023-10-18,9188
4721,美琪瑪,11,0,11,群益金鼎-三民,2023-10-18,9188
00923,群益台ESG低碳50,10,0,10,群益金鼎-三民,2023-10-18,9188
3176,基亞,11,1,10,群益金鼎-三民,2023-10-18,9188
8176,智捷,10,0,10,群益金鼎-三民,2023-10-18,9188
2038,海光,10,0,10,群益金鼎-三民,2023-10-18,9188
1727,中華化,10,0,10,群益金鼎-三民,2023-10-18,9188
00674R,期元大S＆P黃金反1,10,0,10,群益金鼎-三民,2023-10-18,9188
00687B,國泰20年美債,128,1,127,群益金鼎-三民,2023-10-19,9188
00720B,元大投資級公司債,126,0,126,群益金鼎-三民,2023-10-19,9188
6237,驊訊,107,0,107,群益金鼎-三民,2023-10-19,9188
00929,復華台灣科技優息,154,50,104,群益金鼎-三民,2023-10-19,9188
2888,新光金,95,1,94,群益金鼎-三民,2023-10-19,9188
0056,元大高股息,96,2,94,群益金鼎-三民,2023-10-19,9188
00680L,元大美債20正2,83,2,81,群益金鼎-三民,2023-10-19,9188
00878,國泰永續高股息,169,88,81,群益金鼎-三民,2023-10-19,9188
2412,中華電,82,27,55,群益金鼎-三民,2023-10-19,9188
3305,昇貿,50,0,50,群益金鼎-三民,2023-10-19,9188
00665L,富邦�琤肭磪囓�2,47,0,47,群益金鼎-三民,2023-10-19,9188
9950,萬國通,42,1,41,群益金鼎-三民,2023-10-19,9188
2885,元大金,43,4,39,群益金鼎-三民,2023-10-19,9188
1101,台泥,42,5,37,群益金鼎-三民,2023-10-19,9188
00679B,元大美債20年,144,108,36,群益金鼎-三民,2023-10-19,9188
00900,富邦特選高股息30,125,90,35,群益金鼎-三民,2023-10-19,9188
00637L,元大滬深300正2,30,2,28,群益金鼎-三民,2023-10-19,9188
00885,富邦越南,25,1,24,群益金鼎-三民,2023-10-19,9188
6216,居易,31,7,24,群益金鼎-三民,2023-10-19,9188
00712,復華富時不動產,26,3,23,群益金鼎-三民,2023-10-19,9188
3481,群創,21,0,21,群益金鼎-三民,2023-10-19,9188
1733,五鼎,20,0,20,群益金鼎-三民,2023-10-19,9188
6122,擎邦,20,0,20,群益金鼎-三民,2023-10-19,9188
00753L,中信中國50正2,20,0,20,群益金鼎-三民,2023-10-19,9188
2641,正德,19,0,19,群益金鼎-三民,2023-10-19,9188
00751B,元大AAA至A公司債,18,0,18,群益金鼎-三民,2023-10-19,9188
2409,友達,19,1,18,群益金鼎-三民,2023-10-19,9188
6282,康舒,16,0,16,群益金鼎-三民,2023-10-19,9188
00632R,元大台灣50反1,40,24,16,群益金鼎-三民,2023-10-19,9188
2363,矽統,29,13,16,群益金鼎-三民,2023-10-19,9188
2820,華票,15,0,15,群益金鼎-三民,2023-10-19,9188
00933B,國泰10Y+金融債,74,59,15,群益金鼎-三民,2023-10-19,9188
00893,國泰智能電動車,15,0,15,群益金鼎-三民,2023-10-19,9188
00902,中信電池及儲能,14,0,14,群益金鼎-三民,2023-10-19,9188
00931B,統一美債20年,16,2,14,群益金鼎-三民,2023-10-19,9188
6443,元晶,14,2,12,群益金鼎-三民,2023-10-19,9188
1905,華紙,13,1,12,群益金鼎-三民,2023-10-19,9188
3090,日電貿,12,0,12,群益金鼎-三民,2023-10-19,9188
00795B,中信美國公債20年,12,0,12,群益金鼎-三民,2023-10-19,9188
2317,鴻海,11,0,11,群益金鼎-三民,2023-10-19,9188
00772B,中信高評級公司債,11,0,11,群益金鼎-三民,2023-10-19,9188
3673,TPK-KY,11,0,11,群益金鼎-三民,2023-10-19,9188
2377,微星,11,0,11,群益金鼎-三民,2023-10-19,9188
2356,英業達,12,2,10,群益金鼎-三民,2023-10-19,9188
00919,群益台灣精選高息,26,16,10,群益金鼎-三民,2023-10-19,9188
3058,立德,10,0,10,群益金鼎-三民,2023-10-19,9188
00708L,期元大S＆P黃金正2,10,0,10,群益金鼎-三民,2023-10-19,9188
00921,兆豐龍頭等權重,10,0,10,群益金鼎-三民,2023-10-19,9188
3037,欣興,16,7,9,群益金鼎-三民,2023-10-19,9188
2368,金像電,13,4,9,群益金鼎-三民,2023-10-19,9188
00712,復華富時不動產,107,0,107,群益金鼎-三民,2023-10-20,9188
0056,元大高股息,93,2,91,群益金鼎-三民,2023-10-20,9188
1604,聲寶,85,0,85,群益金鼎-三民,2023-10-20,9188
00720B,元大投資級公司債,78,0,78,群益金鼎-三民,2023-10-20,9188
00878,國泰永續高股息,581,504,77,群益金鼎-三民,2023-10-20,9188
3715,定穎投控,120,49,71,群益金鼎-三民,2023-10-20,9188
00929,復華台灣科技優息,72,21,51,群益金鼎-三民,2023-10-20,9188
2883,凱基金,66,15,51,群益金鼎-三民,2023-10-20,9188
3013,晟銘電,55,5,50,群益金鼎-三民,2023-10-20,9188
3122,笙泉,91,42,49,群益金鼎-三民,2023-10-20,9188
8176,智捷,58,12,46,群益金鼎-三民,2023-10-20,9188
00687B,國泰20年美債,45,1,44,群益金鼎-三民,2023-10-20,9188
2838,聯邦銀,60,20,40,群益金鼎-三民,2023-10-20,9188
00637L,元大滬深300正2,103,64,39,群益金鼎-三民,2023-10-20,9188
00900,富邦特選高股息30,128,91,37,群益金鼎-三民,2023-10-20,9188
2303,聯電,77,42,35,群益金鼎-三民,2023-10-20,9188
2888,新光金,33,0,33,群益金鼎-三民,2023-10-20,9188
2388,威盛,67,36,31,群益金鼎-三民,2023-10-20,9188
6593,台灣銘板,34,4,30,群益金鼎-三民,2023-10-20,9188
2002,中鋼,27,0,27,群益金鼎-三民,2023-10-20,9188
6161,捷波,26,0,26,群益金鼎-三民,2023-10-20,9188
00933B,國泰10Y+金融債,26,1,25,群益金鼎-三民,2023-10-20,9188
00902,中信電池及儲能,24,0,24,群益金鼎-三民,2023-10-20,9188
6770,力積電,37,16,21,群益金鼎-三民,2023-10-20,9188
1101,台泥,21,0,21,群益金鼎-三民,2023-10-20,9188
1110,東泥,17,0,17,群益金鼎-三民,2023-10-20,9188
3706,神達,22,7,15,群益金鼎-三民,2023-10-20,9188
00772B,中信高評級公司債,15,0,15,群益金鼎-三民,2023-10-20,9188
9950,萬國通,31,16,15,群益金鼎-三民,2023-10-20,9188
6530,創威,26,11,15,群益金鼎-三民,2023-10-20,9188
00751B,元大AAA至A公司債,14,0,14,群益金鼎-三民,2023-10-20,9188
2886,兆豐金,13,0,13,群益金鼎-三民,2023-10-20,9188
2409,友達,16,3,13,群益金鼎-三民,2023-10-20,9188
00931B,統一美債20年,13,0,13,群益金鼎-三民,2023-10-20,9188
2885,元大金,29,17,12,群益金鼎-三民,2023-10-20,9188
3576,聯合再生,12,0,12,群益金鼎-三民,2023-10-20,9188
8996,高力,14,2,12,群益金鼎-三民,2023-10-20,9188
6449,鈺邦,12,0,12,群益金鼎-三民,2023-10-20,9188
2308,台達電,11,0,11,群益金鼎-三民,2023-10-20,9188
8358,金居,14,3,11,群益金鼎-三民,2023-10-20,9188
00885,富邦越南,11,0,11,群益金鼎-三民,2023-10-20,9188
2891,中信金,12,1,11,群益金鼎-三民,2023-10-20,9188
1524,耿鼎,12,2,10,群益金鼎-三民,2023-10-20,9188
2017,官田鋼,10,0,10,群益金鼎-三民,2023-10-20,9188
2025,千興,10,0,10,群益金鼎-三民,2023-10-20,9188
2903,遠百,10,0,10,群益金鼎-三民,2023-10-20,9188
1612,宏泰,10,0,10,群益金鼎-三民,2023-10-20,9188
00635U,期元大S＆P黃金,20,10,10,群益金鼎-三民,2023-10-20,9188
6122,擎邦,13,3,10,群益金鼎-三民,2023-10-20,9188
3005,神基,10,0,10,群益金鼎-三民,2023-10-20,9188
00929,復華台灣科技優息,126,16,110,群益金鼎-三民,2023-10-23,9188
00919,群益台灣精選高息,97,1,96,群益金鼎-三民,2023-10-23,9188
6168,宏齊,131,46,85,群益金鼎-三民,2023-10-23,9188
1314,中石化,100,25,75,群益金鼎-三民,2023-10-23,9188
0056,元大高股息,47,2,45,群益金鼎-三民,2023-10-23,9188
00631L,元大台灣50正2,30,0,30,群益金鼎-三民,2023-10-23,9188
00642U,期元大S＆P石油,29,0,29,群益金鼎-三民,2023-10-23,9188
00715L,期街口布蘭特正2,28,2,26,群益金鼎-三民,2023-10-23,9188
2883,凱基金,27,7,20,群益金鼎-三民,2023-10-23,9188
2409,友達,26,6,20,群益金鼎-三民,2023-10-23,9188
00720B,元大投資級公司債,20,0,20,群益金鼎-三民,2023-10-23,9188
00708L,期元大S＆P黃金正2,21,1,20,群益金鼎-三民,2023-10-23,9188
2449,京元電子,18,0,18,群益金鼎-三民,2023-10-23,9188
3706,神達,35,17,18,群益金鼎-三民,2023-10-23,9188
3041,揚智,42,25,17,群益金鼎-三民,2023-10-23,9188
1723,中碳,22,6,16,群益金鼎-三民,2023-10-23,9188
9928,中視,16,1,15,群益金鼎-三民,2023-10-23,9188
2610,華航,15,1,14,群益金鼎-三民,2023-10-23,9188
2891,中信金,14,0,14,群益金鼎-三民,2023-10-23,9188
00772B,中信高評級公司債,12,0,12,群益金鼎-三民,2023-10-23,9188
2888,新光金,12,0,12,群益金鼎-三民,2023-10-23,9188
3481,群創,11,0,11,群益金鼎-三民,2023-10-23,9188
2402,毅嘉,16,5,11,群益金鼎-三民,2023-10-23,9188
3006,晶豪科,20,9,11,群益金鼎-三民,2023-10-23,9188
2404,漢唐,11,0,11,群益金鼎-三民,2023-10-23,9188
00687B,國泰20年美債,18,8,10,群益金鼎-三民,2023-10-23,9188
1216,統一,10,0,10,群益金鼎-三民,2023-10-23,9188
00665L,富邦�琤肭磪囓�2,10,0,10,群益金鼎-三民,2023-10-23,9188
00927,群益半導體收益,10,0,10,群益金鼎-三民,2023-10-23,9188
2903,遠百,10,0,10,群益金鼎-三民,2023-10-23,9188
8027,鈦昇,10,0,10,群益金鼎-三民,2023-10-23,9188
00923,群益台ESG低碳50,10,0,10,群益金鼎-三民,2023-10-23,9188
5880,合庫金,9,0,9,群益金鼎-三民,2023-10-23,9188
6213,聯茂,14,5,9,群益金鼎-三民,2023-10-23,9188
1605,華新,9,0,9,群益金鼎-三民,2023-10-23,9188
00635U,期元大S＆P黃金,9,0,9,群益金鼎-三民,2023-10-23,9188
2886,兆豐金,8,0,8,群益金鼎-三民,2023-10-23,9188
3231,緯創,42,34,8,群益金鼎-三民,2023-10-23,9188
2885,元大金,19,11,8,群益金鼎-三民,2023-10-23,9188
00902,中信電池及儲能,8,0,8,群益金鼎-三民,2023-10-23,9188
00764B,群益25年美債,8,0,8,群益金鼎-三民,2023-10-23,9188
9930,中聯資源,8,0,8,群益金鼎-三民,2023-10-23,9188
2887,台新金,7,0,7,群益金鼎-三民,2023-10-23,9188
4743,合一,9,2,7,群益金鼎-三民,2023-10-23,9188
00881,國泰台灣5G+,7,0,7,群益金鼎-三民,2023-10-23,9188
1409,新纖,20,13,7,群益金鼎-三民,2023-10-23,9188
4114,健喬,7,0,7,群益金鼎-三民,2023-10-23,9188
3035,智原,24,17,7,群益金鼎-三民,2023-10-23,9188
2301,光寶科,10,3,7,群益金鼎-三民,2023-10-23,9188
2892,第一金,7,1,6,群益金鼎-三民,2023-10-23,9188
1314,中石化,290,6,284,群益金鼎-三民,2023-10-24,9188
9105,泰金寶-DR,180,0,180,群益金鼎-三民,2023-10-24,9188
00637L,元大滬深300正2,221,84,137,群益金鼎-三民,2023-10-24,9188
00919,群益台灣精選高息,66,2,64,群益金鼎-三民,2023-10-24,9188
3715,定穎投控,168,120,48,群益金鼎-三民,2023-10-24,9188
1721,三晃,109,64,45,群益金鼎-三民,2023-10-24,9188
00712,復華富時不動產,46,3,43,群益金鼎-三民,2023-10-24,9188
00631L,元大台灣50正2,40,0,40,群益金鼎-三民,2023-10-24,9188
2317,鴻海,65,27,38,群益金鼎-三民,2023-10-24,9188
4979,華星光,47,10,37,群益金鼎-三民,2023-10-24,9188
4123,晟德,31,0,31,群益金鼎-三民,2023-10-24,9188
00929,復華台灣科技優息,64,34,30,群益金鼎-三民,2023-10-24,9188
2002,中鋼,26,2,24,群益金鼎-三民,2023-10-24,9188
2014,中鴻,26,2,24,群益金鼎-三民,2023-10-24,9188
3094,聯傑,27,5,22,群益金鼎-三民,2023-10-24,9188
00902,中信電池及儲能,21,0,21,群益金鼎-三民,2023-10-24,9188
3013,晟銘電,23,2,21,群益金鼎-三民,2023-10-24,9188
4976,佳凌,21,0,21,群益金鼎-三民,2023-10-24,9188
2323,中環,19,0,19,群益金鼎-三民,2023-10-24,9188
00687B,國泰20年美債,21,2,19,群益金鼎-三民,2023-10-24,9188
2369,菱生,51,34,17,群益金鼎-三民,2023-10-24,9188
00888,永豐台灣ESG,17,0,17,群益金鼎-三民,2023-10-24,9188
3122,笙泉,61,44,17,群益金鼎-三民,2023-10-24,9188
1727,中華化,15,0,15,群益金鼎-三民,2023-10-24,9188
2884,玉山金,15,0,15,群益金鼎-三民,2023-10-24,9188
00665L,富邦�琤肭磪囓�2,15,0,15,群益金鼎-三民,2023-10-24,9188
00679B,元大美債20年,71,56,15,群益金鼎-三民,2023-10-24,9188
00720B,元大投資級公司債,12,0,12,群益金鼎-三民,2023-10-24,9188
6113,亞矽,15,3,12,群益金鼎-三民,2023-10-24,9188
2363,矽統,133,121,12,群益金鼎-三民,2023-10-24,9188
00715L,期街口布蘭特正2,21,9,12,群益金鼎-三民,2023-10-24,9188
1513,中興電,11,0,11,群益金鼎-三民,2023-10-24,9188
2892,第一金,11,0,11,群益金鼎-三民,2023-10-24,9188
00885,富邦越南,11,0,11,群益金鼎-三民,2023-10-24,9188
1618,合機,12,1,11,群益金鼎-三民,2023-10-24,9188
1301,台塑,10,0,10,群益金鼎-三民,2023-10-24,9188
00772B,中信高評級公司債,10,0,10,群益金鼎-三民,2023-10-24,9188
3711,日月光投控,10,0,10,群益金鼎-三民,2023-10-24,9188
2312,金寶,10,0,10,群益金鼎-三民,2023-10-24,9188
2883,凱基金,21,11,10,群益金鼎-三民,2023-10-24,9188
2748,雲品,10,0,10,群益金鼎-三民,2023-10-24,9188
2316,楠梓電,11,1,10,群益金鼎-三民,2023-10-24,9188
1519,華城,12,3,9,群益金鼎-三民,2023-10-24,9188
00724B,群益投資級金融債,10,1,9,群益金鼎-三民,2023-10-24,9188
2303,聯電,60,51,9,群益金鼎-三民,2023-10-24,9188
3557,嘉威,8,0,8,群益金鼎-三民,2023-10-24,9188
3051,力特,40,32,8,群益金鼎-三民,2023-10-24,9188
6005,群益證,8,0,8,群益金鼎-三民,2023-10-24,9188
6158,禾昌,13,5,8,群益金鼎-三民,2023-10-24,9188
6156,松上,18,10,8,群益金鼎-三民,2023-10-24,9188
9105,泰金寶-DR,223,6,217,群益金鼎-三民,2023-10-25,9188
6168,宏齊,82,7,75,群益金鼎-三民,2023-10-25,9188
00712,復華富時不動產,70,2,68,群益金鼎-三民,2023-10-25,9188
00665L,富邦�琤肭磪囓�2,61,1,60,群益金鼎-三民,2023-10-25,9188
3231,緯創,61,18,43,群益金鼎-三民,2023-10-25,9188
3051,力特,42,9,33,群益金鼎-三民,2023-10-25,9188
2884,玉山金,32,1,31,群益金鼎-三民,2023-10-25,9188
4102,永日,30,0,30,群益金鼎-三民,2023-10-25,9188
2369,菱生,42,21,21,群益金鼎-三民,2023-10-25,9188
2344,華邦電,21,1,20,群益金鼎-三民,2023-10-25,9188
00878,國泰永續高股息,214,194,20,群益金鼎-三民,2023-10-25,9188
8240,華宏,24,4,20,群益金鼎-三民,2023-10-25,9188
8110,華東,51,32,19,群益金鼎-三民,2023-10-25,9188
8112,至上,18,0,18,群益金鼎-三民,2023-10-25,9188
00888,永豐台灣ESG,20,2,18,群益金鼎-三民,2023-10-25,9188
2337,旺宏,24,6,18,群益金鼎-三民,2023-10-25,9188
00929,復華台灣科技優息,143,126,17,群益金鼎-三民,2023-10-25,9188
2609,陽明,24,7,17,群益金鼎-三民,2023-10-25,9188
1519,華城,16,1,15,群益金鼎-三民,2023-10-25,9188
1101,台泥,14,0,14,群益金鼎-三民,2023-10-25,9188
2838,聯邦銀,12,0,12,群益金鼎-三民,2023-10-25,9188
00922,國泰台灣領袖50,12,0,12,群益金鼎-三民,2023-10-25,9188
1773,勝一,12,0,12,群益金鼎-三民,2023-10-25,9188
2421,建準,11,0,11,群益金鼎-三民,2023-10-25,9188
00891,中信關鍵半導體,11,0,11,群益金鼎-三民,2023-10-25,9188
00885,富邦越南,11,0,11,群益金鼎-三民,2023-10-25,9188
2409,友達,23,12,11,群益金鼎-三民,2023-10-25,9188
2317,鴻海,25,15,10,群益金鼎-三民,2023-10-25,9188
8201,無敵,10,0,10,群益金鼎-三民,2023-10-25,9188
2504,國產,10,0,10,群益金鼎-三民,2023-10-25,9188
3060,銘異,10,0,10,群益金鼎-三民,2023-10-25,9188
4909,新復興,10,0,10,群益金鼎-三民,2023-10-25,9188
3058,立德,10,0,10,群益金鼎-三民,2023-10-25,9188
2363,矽統,24,14,10,群益金鼎-三民,2023-10-25,9188
00927,群益半導體收益,12,2,10,群益金鼎-三民,2023-10-25,9188
4533,協易機,10,0,10,群益金鼎-三民,2023-10-25,9188
6451,訊芯-KY,12,2,10,群益金鼎-三民,2023-10-25,9188
2301,光寶科,12,3,9,群益金鼎-三民,2023-10-25,9188
00642U,期元大S＆P石油,9,0,9,群益金鼎-三民,2023-10-25,9188
2462,良得電,13,4,9,群益金鼎-三民,2023-10-25,9188
3305,昇貿,15,6,9,群益金鼎-三民,2023-10-25,9188
2105,正新,9,0,9,群益金鼎-三民,2023-10-25,9188
1584,精剛,10,1,9,群益金鼎-三民,2023-10-25,9188
6156,松上,22,13,9,群益金鼎-三民,2023-10-25,9188
1723,中碳,11,2,9,群益金鼎-三民,2023-10-25,9188
2324,仁寶,12,4,8,群益金鼎-三民,2023-10-25,9188
2492,華新科,8,0,8,群益金鼎-三民,2023-10-25,9188
2883,凱基金,8,0,8,群益金鼎-三民,2023-10-25,9188
1314,中石化,18,10,8,群益金鼎-三民,2023-10-25,9188
2382,廣達,25,17,8,群益金鼎-三民,2023-10-25,9188
00929,復華台灣科技優息,395,81,314,群益金鼎-三民,2023-10-26,9188
9105,泰金寶-DR,216,56,160,群益金鼎-三民,2023-10-26,9188
00919,群益台灣精選高息,134,0,134,群益金鼎-三民,2023-10-26,9188
2409,友達,132,2,130,群益金鼎-三民,2023-10-26,9188
0056,元大高股息,111,2,109,群益金鼎-三民,2023-10-26,9188
2344,華邦電,105,0,105,群益金鼎-三民,2023-10-26,9188
2303,聯電,87,12,75,群益金鼎-三民,2023-10-26,9188
00712,復華富時不動產,60,2,58,群益金鼎-三民,2023-10-26,9188
2801,彰銀,51,0,51,群益金鼎-三民,2023-10-26,9188
2363,矽統,105,56,49,群益金鼎-三民,2023-10-26,9188
0050,元大台灣50,37,0,37,群益金鼎-三民,2023-10-26,9188
2485,兆赫,39,3,36,群益金鼎-三民,2023-10-26,9188
00878,國泰永續高股息,331,300,31,群益金鼎-三民,2023-10-26,9188
6276,安鈦克,33,6,27,群益金鼎-三民,2023-10-26,9188
00720B,元大投資級公司債,36,11,25,群益金鼎-三民,2023-10-26,9188
3715,定穎投控,43,18,25,群益金鼎-三民,2023-10-26,9188
00679B,元大美債20年,113,90,23,群益金鼎-三民,2023-10-26,9188
2880,華南金,30,8,22,群益金鼎-三民,2023-10-26,9188
2002,中鋼,21,0,21,群益金鼎-三民,2023-10-26,9188
00687B,國泰20年美債,21,1,20,群益金鼎-三民,2023-10-26,9188
1514,亞力,23,5,18,群益金鼎-三民,2023-10-26,9188
00893,國泰智能電動車,18,0,18,群益金鼎-三民,2023-10-26,9188
6274,台燿,34,18,16,群益金鼎-三民,2023-10-26,9188
8358,金居,16,0,16,群益金鼎-三民,2023-10-26,9188
00922,國泰台灣領袖50,19,3,16,群益金鼎-三民,2023-10-26,9188
5521,工信,18,2,16,群益金鼎-三民,2023-10-26,9188
4743,合一,24,9,15,群益金鼎-三民,2023-10-26,9188
8088,品安,15,0,15,群益金鼎-三民,2023-10-26,9188
5351,鈺創,16,1,15,群益金鼎-三民,2023-10-26,9188
8069,元太,16,1,15,群益金鼎-三民,2023-10-26,9188
00902,中信電池及儲能,17,2,15,群益金鼎-三民,2023-10-26,9188
2330,台積電,18,4,14,群益金鼎-三民,2023-10-26,9188
00885,富邦越南,36,23,13,群益金鼎-三民,2023-10-26,9188
00923,群益台ESG低碳50,13,0,13,群益金鼎-三民,2023-10-26,9188
00673R,期元大S＆P原油反1,12,0,12,群益金鼎-三民,2023-10-26,9188
00927,群益半導體收益,12,0,12,群益金鼎-三民,2023-10-26,9188
00680L,元大美債20正2,11,0,11,群益金鼎-三民,2023-10-26,9188
2834,臺企銀,12,1,11,群益金鼎-三民,2023-10-26,9188
00713,元大台灣高息低波,10,0,10,群益金鼎-三民,2023-10-26,9188
8390,金益鼎,10,0,10,群益金鼎-三民,2023-10-26,9188
2038,海光,10,0,10,群益金鼎-三民,2023-10-26,9188
00795B,中信美國公債20年,10,0,10,群益金鼎-三民,2023-10-26,9188
1773,勝一,10,0,10,群益金鼎-三民,2023-10-26,9188
1451,年興,10,0,10,群益金鼎-三民,2023-10-26,9188
2610,華航,12,2,10,群益金鼎-三民,2023-10-26,9188
5483,中美晶,10,0,10,群益金鼎-三民,2023-10-26,9188
2838,聯邦銀,9,0,9,群益金鼎-三民,2023-10-26,9188
3276,宇環,12,3,9,群益金鼎-三民,2023-10-26,9188
9955,佳龍,9,0,9,群益金鼎-三民,2023-10-26,9188
2317,鴻海,11,3,8,群益金鼎-三民,2023-10-26,9188
00632R,元大台灣50反1,193,0,193,群益金鼎-三民,2023-10-27,9188
2329,華泰,129,2,127,群益金鼎-三民,2023-10-27,9188
00929,復華台灣科技優息,114,21,93,群益金鼎-三民,2023-10-27,9188
00932,兆豐永續高息等權,75,0,75,群益金鼎-三民,2023-10-27,9188
00919,群益台灣精選高息,56,0,56,群益金鼎-三民,2023-10-27,9188
00712,復華富時不動產,52,2,50,群益金鼎-三民,2023-10-27,9188
2363,矽統,58,10,48,群益金鼎-三民,2023-10-27,9188
2303,聯電,44,3,41,群益金鼎-三民,2023-10-27,9188
2233,宇隆,46,5,41,群益金鼎-三民,2023-10-27,9188
2409,友達,33,0,33,群益金鼎-三民,2023-10-27,9188
2745,五福,30,1,29,群益金鼎-三民,2023-10-27,9188
6593,台灣銘板,26,0,26,群益金鼎-三民,2023-10-27,9188
5225,東科-KY,30,5,25,群益金鼎-三民,2023-10-27,9188
2734,易飛網,19,0,19,群益金鼎-三民,2023-10-27,9188
00885,富邦越南,17,0,17,群益金鼎-三民,2023-10-27,9188
3078,僑威,23,6,17,群益金鼎-三民,2023-10-27,9188
2498,宏達電,17,1,16,群益金鼎-三民,2023-10-27,9188
3305,昇貿,15,0,15,群益金鼎-三民,2023-10-27,9188
6442,光聖,48,33,15,群益金鼎-三民,2023-10-27,9188
6158,禾昌,14,0,14,群益金鼎-三民,2023-10-27,9188
3231,緯創,45,31,14,群益金鼎-三民,2023-10-27,9188
1609,大亞,20,7,13,群益金鼎-三民,2023-10-27,9188
3041,揚智,13,0,13,群益金鼎-三民,2023-10-27,9188
5351,鈺創,12,0,12,群益金鼎-三民,2023-10-27,9188
3276,宇環,52,40,12,群益金鼎-三民,2023-10-27,9188
2390,云辰,20,8,12,群益金鼎-三民,2023-10-27,9188
2891,中信金,12,0,12,群益金鼎-三民,2023-10-27,9188
2344,華邦電,11,0,11,群益金鼎-三民,2023-10-27,9188
00900,富邦特選高股息30,12,2,10,群益金鼎-三民,2023-10-27,9188
00676R,富邦臺灣加權反1,10,0,10,群益金鼎-三民,2023-10-27,9188
4130,健亞,11,1,10,群益金鼎-三民,2023-10-27,9188
1312,國喬,10,0,10,群益金鼎-三民,2023-10-27,9188
6167,久正,10,0,10,群益金鼎-三民,2023-10-27,9188
4164,承業醫,10,0,10,群益金鼎-三民,2023-10-27,9188
00715L,期街口布蘭特正2,13,3,10,群益金鼎-三民,2023-10-27,9188
2317,鴻海,10,1,9,群益金鼎-三民,2023-10-27,9188
3059,華晶科,15,6,9,群益金鼎-三民,2023-10-27,9188
2605,新興,15,6,9,群益金鼎-三民,2023-10-27,9188
8240,華宏,11,2,9,群益金鼎-三民,2023-10-27,9188
00687B,國泰20年美債,10,1,9,群益金鼎-三民,2023-10-27,9188
2816,旺旺保,11,3,8,群益金鼎-三民,2023-10-27,9188
1301,台塑,8,0,8,群益金鼎-三民,2023-10-27,9188
1513,中興電,8,0,8,群益金鼎-三民,2023-10-27,9188
1514,亞力,10,2,8,群益金鼎-三民,2023-10-27,9188
2838,聯邦銀,8,0,8,群益金鼎-三民,2023-10-27,9188
2340,台亞,7,0,7,群益金鼎-三民,2023-10-27,9188
00720B,元大投資級公司債,8,1,7,群益金鼎-三民,2023-10-27,9188
5258,虹堡,82,75,7,群益金鼎-三民,2023-10-27,9188
4526,東台,7,0,7,群益金鼎-三民,2023-10-27,9188
3044,健鼎,8,1,7,群益金鼎-三民,2023-10-27,9188
2610,華航,170,1,169,群益金鼎-三民,2023-10-30,9188
9105,泰金寶-DR,200,110,90,群益金鼎-三民,2023-10-30,9188
2485,兆赫,67,4,63,群益金鼎-三民,2023-10-30,9188
2885,元大金,62,1,61,群益金鼎-三民,2023-10-30,9188
2618,長榮航,62,14,48,群益金鼎-三民,2023-10-30,9188
00919,群益台灣精選高息,45,3,42,群益金鼎-三民,2023-10-30,9188
00878,國泰永續高股息,164,123,41,群益金鼎-三民,2023-10-30,9188
2303,聯電,49,12,37,群益金鼎-三民,2023-10-30,9188
00712,復華富時不動產,36,0,36,群益金鼎-三民,2023-10-30,9188
1471,首利,34,0,34,群益金鼎-三民,2023-10-30,9188
2317,鴻海,56,26,30,群益金鼎-三民,2023-10-30,9188
2412,中華電,43,16,27,群益金鼎-三民,2023-10-30,9188
1301,台塑,26,0,26,群益金鼎-三民,2023-10-30,9188
2363,矽統,36,12,24,群益金鼎-三民,2023-10-30,9188
3715,定穎投控,118,95,23,群益金鼎-三民,2023-10-30,9188
00929,復華台灣科技優息,59,36,23,群益金鼎-三民,2023-10-30,9188
2883,凱基金,27,5,22,群益金鼎-三民,2023-10-30,9188
00679B,元大美債20年,100,78,22,群益金鼎-三民,2023-10-30,9188
1609,大亞,22,0,22,群益金鼎-三民,2023-10-30,9188
5493,三聯,20,0,20,群益金鼎-三民,2023-10-30,9188
2002,中鋼,20,1,19,群益金鼎-三民,2023-10-30,9188
2812,台中銀,20,1,19,群益金鼎-三民,2023-10-30,9188
3576,聯合再生,24,6,18,群益金鼎-三民,2023-10-30,9188
0056,元大高股息,19,2,17,群益金鼎-三民,2023-10-30,9188
1101,台泥,18,3,15,群益金鼎-三民,2023-10-30,9188
8054,安國,50,35,15,群益金鼎-三民,2023-10-30,9188
3706,神達,16,1,15,群益金鼎-三民,2023-10-30,9188
2301,光寶科,14,0,14,群益金鼎-三民,2023-10-30,9188
1519,華城,14,1,13,群益金鼎-三民,2023-10-30,9188
00720B,元大投資級公司債,13,0,13,群益金鼎-三民,2023-10-30,9188
2888,新光金,13,0,13,群益金鼎-三民,2023-10-30,9188
2884,玉山金,12,0,12,群益金鼎-三民,2023-10-30,9188
1326,台化,11,0,11,群益金鼎-三民,2023-10-30,9188
2417,圓剛,13,2,11,群益金鼎-三民,2023-10-30,9188
4906,正文,11,0,11,群益金鼎-三民,2023-10-30,9188
2838,聯邦銀,11,0,11,群益金鼎-三民,2023-10-30,9188
6443,元晶,26,15,11,群益金鼎-三民,2023-10-30,9188
1402,遠東新,11,1,10,群益金鼎-三民,2023-10-30,9188
00632R,元大台灣50反1,11,1,10,群益金鼎-三民,2023-10-30,9188
4157,太景*-KY,10,0,10,群益金鼎-三民,2023-10-30,9188
00676R,富邦臺灣加權反1,10,0,10,群益金鼎-三民,2023-10-30,9188
3037,欣興,24,15,9,群益金鼎-三民,2023-10-30,9188
1314,中石化,10,1,9,群益金鼎-三民,2023-10-30,9188
2359,所羅門,9,0,9,群益金鼎-三民,2023-10-30,9188
6117,迎廣,50,41,9,群益金鼎-三民,2023-10-30,9188
5880,合庫金,9,1,8,群益金鼎-三民,2023-10-30,9188
2478,大毅,8,0,8,群益金鼎-三民,2023-10-30,9188
00933B,國泰10Y+金融債,14,6,8,群益金鼎-三民,2023-10-30,9188
6158,禾昌,8,0,8,群益金鼎-三民,2023-10-30,9188
6133,金橋,8,0,8,群益金鼎-三民,2023-10-30,9188
00637L,元大滬深300正2,140,0,140,群益金鼎-三民,2023-10-31,9188
00878,國泰永續高股息,196,127,69,群益金鼎-三民,2023-10-31,9188
0056,元大高股息,69,1,68,群益金鼎-三民,2023-10-31,9188
3013,晟銘電,79,13,66,群益金鼎-三民,2023-10-31,9188
2538,基泰,61,0,61,群益金鼎-三民,2023-10-31,9188
4154,樂威科-KY,60,0,60,群益金鼎-三民,2023-10-31,9188
4529,淳紳,59,0,59,群益金鼎-三民,2023-10-31,9188
00919,群益台灣精選高息,52,5,47,群益金鼎-三民,2023-10-31,9188
2401,凌陽,43,6,37,群益金鼎-三民,2023-10-31,9188
8110,華東,31,3,28,群益金鼎-三民,2023-10-31,9188
3481,群創,29,1,28,群益金鼎-三民,2023-10-31,9188
2363,矽統,44,18,26,群益金鼎-三民,2023-10-31,9188
5351,鈺創,23,0,23,群益金鼎-三民,2023-10-31,9188
4108,懷特,25,2,23,群益金鼎-三民,2023-10-31,9188
1301,台塑,22,0,22,群益金鼎-三民,2023-10-31,9188
00900,富邦特選高股息30,113,91,22,群益金鼎-三民,2023-10-31,9188
4113,聯上,22,0,22,群益金鼎-三民,2023-10-31,9188
00929,復華台灣科技優息,101,80,21,群益金鼎-三民,2023-10-31,9188
2329,華泰,24,6,18,群益金鼎-三民,2023-10-31,9188
2303,聯電,23,8,15,群益金鼎-三民,2023-10-31,9188
9103,美德醫療-DR,15,0,15,群益金鼎-三民,2023-10-31,9188
6443,元晶,38,23,15,群益金鼎-三民,2023-10-31,9188
5225,東科-KY,15,0,15,群益金鼎-三民,2023-10-31,9188
3322,建舜電,16,1,15,群益金鼎-三民,2023-10-31,9188
6233,旺玖,15,0,15,群益金鼎-三民,2023-10-31,9188
2887,台新金,15,0,15,群益金鼎-三民,2023-10-31,9188
3078,僑威,26,13,13,群益金鼎-三民,2023-10-31,9188
1612,宏泰,13,0,13,群益金鼎-三民,2023-10-31,9188
6492,生華科,27,14,13,群益金鼎-三民,2023-10-31,9188
2884,玉山金,13,0,13,群益金鼎-三民,2023-10-31,9188
2392,正崴,12,0,12,群益金鼎-三民,2023-10-31,9188
2883,凱基金,12,0,12,群益金鼎-三民,2023-10-31,9188
3363,上詮,17,5,12,群益金鼎-三民,2023-10-31,9188
2312,金寶,11,0,11,群益金鼎-三民,2023-10-31,9188
3715,定穎投控,74,63,11,群益金鼎-三民,2023-10-31,9188
3380,明泰,14,3,11,群益金鼎-三民,2023-10-31,9188
6161,捷波,11,0,11,群益金鼎-三民,2023-10-31,9188
2313,華通,23,12,11,群益金鼎-三民,2023-10-31,9188
00932,兆豐永續高息等權,10,0,10,群益金鼎-三民,2023-10-31,9188
5425,台半,10,0,10,群益金鼎-三民,2023-10-31,9188
3035,智原,25,15,10,群益金鼎-三民,2023-10-31,9188
1314,中石化,23,13,10,群益金鼎-三民,2023-10-31,9188
3703,欣陸,10,0,10,群益金鼎-三民,2023-10-31,9188
3163,波若威,10,0,10,群益金鼎-三民,2023-10-31,9188
1773,勝一,10,0,10,群益金鼎-三民,2023-10-31,9188
2344,華邦電,10,0,10,群益金鼎-三民,2023-10-31,9188
8027,鈦昇,10,0,10,群益金鼎-三民,2023-10-31,9188
00915,凱基優選高股息30,10,0,10,群益金鼎-三民,2023-10-31,9188
00665L,富邦�琤肭磪囓�2,10,0,10,群益金鼎-三民,2023-10-31,9188
00882,中信中國高股息,10,0,10,群益金鼎-三民,2023-10-31,9188
00632R,元大台灣50反1,164,0,164,群益金鼎-三民,2023-11-01,9188
00878,國泰永續高股息,255,175,80,群益金鼎-三民,2023-11-01,9188
00929,復華台灣科技優息,93,39,54,群益金鼎-三民,2023-11-01,9188
2006,東和鋼鐵,50,1,49,群益金鼎-三民,2023-11-01,9188
2610,華航,54,6,48,群益金鼎-三民,2023-11-01,9188
3013,晟銘電,48,3,45,群益金鼎-三民,2023-11-01,9188
2820,華票,38,0,38,群益金鼎-三民,2023-11-01,9188
2356,英業達,40,4,36,群益金鼎-三民,2023-11-01,9188
6841,長佳智能,40,4,36,群益金鼎-三民,2023-11-01,9188
00679B,元大美債20年,115,82,33,群益金鼎-三民,2023-11-01,9188
2303,聯電,59,28,31,群益金鼎-三民,2023-11-01,9188
2886,兆豐金,30,0,30,群益金鼎-三民,2023-11-01,9188
1717,長興,30,0,30,群益金鼎-三民,2023-11-01,9188
2329,華泰,32,5,27,群益金鼎-三民,2023-11-01,9188
2892,第一金,26,0,26,群益金鼎-三民,2023-11-01,9188
2382,廣達,41,16,25,群益金鼎-三民,2023-11-01,9188
2363,矽統,46,21,25,群益金鼎-三民,2023-11-01,9188
2409,友達,22,0,22,群益金鼎-三民,2023-11-01,9188
2002,中鋼,20,0,20,群益金鼎-三民,2023-11-01,9188
00885,富邦越南,22,5,17,群益金鼎-三民,2023-11-01,9188
1402,遠東新,20,3,17,群益金鼎-三民,2023-11-01,9188
2317,鴻海,18,2,16,群益金鼎-三民,2023-11-01,9188
8176,智捷,16,0,16,群益金鼎-三民,2023-11-01,9188
00665L,富邦�琤肭磪囓�2,15,0,15,群益金鼎-三民,2023-11-01,9188
6770,力積電,17,3,14,群益金鼎-三民,2023-11-01,9188
1301,台塑,14,0,14,群益金鼎-三民,2023-11-01,9188
6191,精成科,52,39,13,群益金鼎-三民,2023-11-01,9188
0056,元大高股息,17,4,13,群益金鼎-三民,2023-11-01,9188
00919,群益台灣精選高息,14,1,13,群益金鼎-三民,2023-11-01,9188
8054,安國,30,17,13,群益金鼎-三民,2023-11-01,9188
2417,圓剛,65,52,13,群益金鼎-三民,2023-11-01,9188
1504,東元,13,1,12,群益金鼎-三民,2023-11-01,9188
3189,景碩,12,0,12,群益金鼎-三民,2023-11-01,9188
2885,元大金,12,0,12,群益金鼎-三民,2023-11-01,9188
4162,智擎,105,94,11,群益金鼎-三民,2023-11-01,9188
6202,盛群,11,0,11,群益金鼎-三民,2023-11-01,9188
4960,誠美材,11,0,11,群益金鼎-三民,2023-11-01,9188
2457,飛宏,11,0,11,群益金鼎-三民,2023-11-01,9188
00642U,期元大S＆P石油,11,0,11,群益金鼎-三民,2023-11-01,9188
4113,聯上,10,0,10,群益金鼎-三民,2023-11-01,9188
3704,合勤控,18,8,10,群益金鼎-三民,2023-11-01,9188
3268,海德威,10,0,10,群益金鼎-三民,2023-11-01,9188
8110,華東,11,1,10,群益金鼎-三民,2023-11-01,9188
2404,漢唐,10,0,10,群益金鼎-三民,2023-11-01,9188
00715L,期街口布蘭特正2,11,2,9,群益金鼎-三民,2023-11-01,9188
00751B,元大AAA至A公司債,9,0,9,群益金鼎-三民,2023-11-01,9188
2527,宏璟,8,0,8,群益金鼎-三民,2023-11-01,9188
6161,捷波,8,0,8,群益金鼎-三民,2023-11-01,9188
8088,品安,7,0,7,群益金鼎-三民,2023-11-01,9188
3035,智原,27,20,7,群益金鼎-三民,2023-11-01,9188
00712,復華富時不動產,112,5,107,群益金鼎-三民,2023-11-02,9188
2356,英業達,108,54,54,群益金鼎-三民,2023-11-02,9188
00934,中信成長高股息,87,41,46,群益金鼎-三民,2023-11-02,9188
00929,復華台灣科技優息,123,78,45,群益金鼎-三民,2023-11-02,9188
6593,台灣銘板,36,3,33,群益金鼎-三民,2023-11-02,9188
3024,憶聲,28,0,28,群益金鼎-三民,2023-11-02,9188
2891,中信金,31,3,28,群益金鼎-三民,2023-11-02,9188
2885,元大金,30,3,27,群益金鼎-三民,2023-11-02,9188
3545,敦泰,35,11,24,群益金鼎-三民,2023-11-02,9188
2892,第一金,25,1,24,群益金鼎-三民,2023-11-02,9188
4113,聯上,20,0,20,群益金鼎-三民,2023-11-02,9188
2618,長榮航,44,25,19,群益金鼎-三民,2023-11-02,9188
3363,上詮,21,3,18,群益金鼎-三民,2023-11-02,9188
1314,中石化,18,0,18,群益金鼎-三民,2023-11-02,9188
2883,凱基金,17,0,17,群益金鼎-三民,2023-11-02,9188
3557,嘉威,17,0,17,群益金鼎-三民,2023-11-02,9188
2329,華泰,24,8,16,群益金鼎-三民,2023-11-02,9188
6757,台灣虎航,15,0,15,群益金鼎-三民,2023-11-02,9188
2027,大成鋼,15,0,15,群益金鼎-三民,2023-11-02,9188
8054,安國,81,67,14,群益金鼎-三民,2023-11-02,9188
2363,矽統,60,47,13,群益金鼎-三民,2023-11-02,9188
3481,群創,26,13,13,群益金鼎-三民,2023-11-02,9188
8936,國統,14,1,13,群益金鼎-三民,2023-11-02,9188
8050,廣積,15,2,13,群益金鼎-三民,2023-11-02,9188
00922,國泰台灣領袖50,22,10,12,群益金鼎-三民,2023-11-02,9188
5880,合庫金,12,0,12,群益金鼎-三民,2023-11-02,9188
8176,智捷,12,1,11,群益金鼎-三民,2023-11-02,9188
1522,堤維西,11,0,11,群益金鼎-三民,2023-11-02,9188
2888,新光金,11,1,10,群益金鼎-三民,2023-11-02,9188
1434,福懋,10,0,10,群益金鼎-三民,2023-11-02,9188
2867,三商壽,10,0,10,群益金鼎-三民,2023-11-02,9188
00676R,富邦臺灣加權反1,10,0,10,群益金鼎-三民,2023-11-02,9188
6841,長佳智能,11,1,10,群益金鼎-三民,2023-11-02,9188
2816,旺旺保,12,2,10,群益金鼎-三民,2023-11-02,9188
6216,居易,28,19,9,群益金鼎-三民,2023-11-02,9188
00882,中信中國高股息,9,0,9,群益金鼎-三民,2023-11-02,9188
2838,聯邦銀,9,0,9,群益金鼎-三民,2023-11-02,9188
2376,技嘉,20,12,8,群益金鼎-三民,2023-11-02,9188
5388,中磊,8,0,8,群益金鼎-三民,2023-11-02,9188
4108,懷特,16,8,8,群益金鼎-三民,2023-11-02,9188
5371,中光電,7,0,7,群益金鼎-三民,2023-11-02,9188
9938,百和,7,0,7,群益金鼎-三民,2023-11-02,9188
2369,菱生,7,0,7,群益金鼎-三民,2023-11-02,9188
2820,華票,7,0,7,群益金鼎-三民,2023-11-02,9188
2338,光罩,7,0,7,群益金鼎-三民,2023-11-02,9188
5348,正能量智能,7,0,7,群益金鼎-三民,2023-11-02,9188
4763,材料-KY,7,1,6,群益金鼎-三民,2023-11-02,9188
00632R,元大台灣50反1,50,44,6,群益金鼎-三民,2023-11-02,9188
6117,迎廣,18,12,6,群益金鼎-三民,2023-11-02,9188
3016,嘉晶,5,0,5,群益金鼎-三民,2023-11-02,9188
00632R,元大台灣50反1,1100,117,983,群益金鼎-三民,2023-11-03,9188
2363,矽統,283,110,173,群益金鼎-三民,2023-11-03,9188
5388,中磊,155,6,149,群益金鼎-三民,2023-11-03,9188
00934,中信成長高股息,93,10,83,群益金鼎-三民,2023-11-03,9188
2329,華泰,140,72,68,群益金鼎-三民,2023-11-03,9188
9103,美德醫療-DR,50,0,50,群益金鼎-三民,2023-11-03,9188
00935,野村臺灣新科技50,54,6,48,群益金鼎-三民,2023-11-03,9188
3231,緯創,62,16,46,群益金鼎-三民,2023-11-03,9188
2734,易飛網,44,0,44,群益金鼎-三民,2023-11-03,9188
00891,中信關鍵半導體,39,0,39,群益金鼎-三民,2023-11-03,9188
00712,復華富時不動產,53,25,28,群益金鼎-三民,2023-11-03,9188
2344,華邦電,30,5,25,群益金鼎-三民,2023-11-03,9188
3122,笙泉,32,10,22,群益金鼎-三民,2023-11-03,9188
2838,聯邦銀,21,0,21,群益金鼎-三民,2023-11-03,9188
00922,國泰台灣領袖50,20,0,20,群益金鼎-三民,2023-11-03,9188
2745,五福,20,0,20,群益金鼎-三民,2023-11-03,9188
6155,鈞寶,17,0,17,群益金鼎-三民,2023-11-03,9188
2816,旺旺保,38,22,16,群益金鼎-三民,2023-11-03,9188
8068,全達,23,8,15,群益金鼎-三民,2023-11-03,9188
4113,聯上,15,0,15,群益金鼎-三民,2023-11-03,9188
1784,訊聯,15,0,15,群益金鼎-三民,2023-11-03,9188
2390,云辰,15,1,14,群益金鼎-三民,2023-11-03,9188
3014,聯陽,14,0,14,群益金鼎-三民,2023-11-03,9188
2538,基泰,23,10,13,群益金鼎-三民,2023-11-03,9188
1723,中碳,12,0,12,群益金鼎-三民,2023-11-03,9188
2820,華票,12,0,12,群益金鼎-三民,2023-11-03,9188
6202,盛群,10,0,10,群益金鼎-三民,2023-11-03,9188
8150,南茂,72,62,10,群益金鼎-三民,2023-11-03,9188
5355,佳總,10,0,10,群益金鼎-三民,2023-11-03,9188
6209,今國光,10,0,10,群益金鼎-三民,2023-11-03,9188
00688L,國泰20年美債正2,10,0,10,群益金鼎-三民,2023-11-03,9188
2867,三商壽,10,0,10,群益金鼎-三民,2023-11-03,9188
8433,弘帆,10,0,10,群益金鼎-三民,2023-11-03,9188
2354,鴻準,16,6,10,群益金鼎-三民,2023-11-03,9188
2881,富邦金,10,1,9,群益金鼎-三民,2023-11-03,9188
2368,金像電,22,13,9,群益金鼎-三民,2023-11-03,9188
5880,合庫金,9,0,9,群益金鼎-三民,2023-11-03,9188
2353,宏��,17,9,8,群益金鼎-三民,2023-11-03,9188
00674R,期元大S＆P黃金反1,8,0,8,群益金鼎-三民,2023-11-03,9188
2211,長榮鋼,8,0,8,群益金鼎-三民,2023-11-03,9188
1314,中石化,8,0,8,群益金鼎-三民,2023-11-03,9188
8016,矽創,14,7,7,群益金鼎-三民,2023-11-03,9188
6282,康舒,10,3,7,群益金鼎-三民,2023-11-03,9188
6156,松上,9,2,7,群益金鼎-三民,2023-11-03,9188
00631L,元大台灣50正2,8,1,7,群益金鼎-三民,2023-11-03,9188
8064,東捷,8,1,7,群益金鼎-三民,2023-11-03,9188
3041,揚智,14,7,7,群益金鼎-三民,2023-11-03,9188
6168,宏齊,26,20,6,群益金鼎-三民,2023-11-03,9188
00773B,中信優先金融債,6,0,6,群益金鼎-三民,2023-11-03,9188
1471,首利,6,0,6,群益金鼎-三民,2023-11-03,9188
9950,萬國通,172,0,172,群益金鼎-三民,2023-11-06,9188
00712,復華富時不動產,170,6,164,群益金鼎-三民,2023-11-06,9188
2014,中鴻,160,1,159,群益金鼎-三民,2023-11-06,9188
9105,泰金寶-DR,100,0,100,群益金鼎-三民,2023-11-06,9188
3576,聯合再生,100,0,100,群益金鼎-三民,2023-11-06,9188
00878,國泰永續高股息,278,192,86,群益金鼎-三民,2023-11-06,9188
00935,野村臺灣新科技50,82,0,82,群益金鼎-三民,2023-11-06,9188
2891,中信金,74,16,58,群益金鼎-三民,2023-11-06,9188
9103,美德醫療-DR,40,0,40,群益金鼎-三民,2023-11-06,9188
2886,兆豐金,50,13,37,群益金鼎-三民,2023-11-06,9188
00933B,國泰10Y+金融債,35,0,35,群益金鼎-三民,2023-11-06,9188
2888,新光金,30,0,30,群益金鼎-三民,2023-11-06,9188
2609,陽明,29,1,28,群益金鼎-三民,2023-11-06,9188
2439,美律,47,24,23,群益金鼎-三民,2023-11-06,9188
3189,景碩,23,2,21,群益金鼎-三民,2023-11-06,9188
2338,光罩,21,0,21,群益金鼎-三民,2023-11-06,9188
00919,群益台灣精選高息,28,7,21,群益金鼎-三民,2023-11-06,9188
2390,云辰,22,2,20,群益金鼎-三民,2023-11-06,9188
6202,盛群,20,0,20,群益金鼎-三民,2023-11-06,9188
3038,全台,20,0,20,群益金鼎-三民,2023-11-06,9188
2388,威盛,141,122,19,群益金鼎-三民,2023-11-06,9188
5301,寶得利,19,0,19,群益金鼎-三民,2023-11-06,9188
6244,茂迪,15,0,15,群益金鼎-三民,2023-11-06,9188
2538,基泰,17,4,13,群益金鼎-三民,2023-11-06,9188
00673R,期元大S＆P原油反1,13,0,13,群益金鼎-三民,2023-11-06,9188
8176,智捷,14,1,13,群益金鼎-三民,2023-11-06,9188
00687B,國泰20年美債,15,3,12,群益金鼎-三民,2023-11-06,9188
2363,矽統,67,55,12,群益金鼎-三民,2023-11-06,9188
6243,迅杰,16,4,12,群益金鼎-三民,2023-11-06,9188
00679B,元大美債20年,86,75,11,群益金鼎-三民,2023-11-06,9188
2610,華航,15,4,11,群益金鼎-三民,2023-11-06,9188
3090,日電貿,11,0,11,群益金鼎-三民,2023-11-06,9188
8163,達方,13,2,11,群益金鼎-三民,2023-11-06,9188
5371,中光電,11,0,11,群益金鼎-三民,2023-11-06,9188
00664R,國泰臺灣加權反1,10,0,10,群益金鼎-三民,2023-11-06,9188
2352,佳世達,10,0,10,群益金鼎-三民,2023-11-06,9188
9938,百和,10,0,10,群益金鼎-三民,2023-11-06,9188
00676R,富邦臺灣加權反1,10,0,10,群益金鼎-三民,2023-11-06,9188
8110,華東,22,12,10,群益金鼎-三民,2023-11-06,9188
00708L,期元大S＆P黃金正2,10,0,10,群益金鼎-三民,2023-11-06,9188
1721,三晃,16,7,9,群益金鼎-三民,2023-11-06,9188
2354,鴻準,9,0,9,群益金鼎-三民,2023-11-06,9188
8927,北基,9,0,9,群益金鼎-三民,2023-11-06,9188
6558,興能高,9,0,9,群益金鼎-三民,2023-11-06,9188
6148,驊宏資,11,2,9,群益金鼎-三民,2023-11-06,9188
00931B,統一美債20年,20,11,9,群益金鼎-三民,2023-11-06,9188
2486,一詮,28,20,8,群益金鼎-三民,2023-11-06,9188
6235,華孚,12,4,8,群益金鼎-三民,2023-11-06,9188
2618,長榮航,30,22,8,群益金鼎-三民,2023-11-06,9188
1504,東元,9,2,7,群益金鼎-三民,2023-11-06,9188
5388,中磊,125,0,125,群益金鼎-三民,2023-11-07,9188
00919,群益台灣精選高息,83,7,76,群益金鼎-三民,2023-11-07,9188
2002,中鋼,71,1,70,群益金鼎-三民,2023-11-07,9188
00878,國泰永續高股息,99,59,40,群益金鼎-三民,2023-11-07,9188
2614,東森,40,0,40,群益金鼎-三民,2023-11-07,9188
2486,一詮,32,1,31,群益金鼎-三民,2023-11-07,9188
8054,安國,40,12,28,群益金鼎-三民,2023-11-07,9188
2303,聯電,34,7,27,群益金鼎-三民,2023-11-07,9188
4154,樂威科-KY,21,0,21,群益金鼎-三民,2023-11-07,9188
2344,華邦電,27,6,21,群益金鼎-三民,2023-11-07,9188
00900,富邦特選高股息30,70,53,17,群益金鼎-三民,2023-11-07,9188
4967,十銓,53,37,16,群益金鼎-三民,2023-11-07,9188
3189,景碩,14,0,14,群益金鼎-三民,2023-11-07,9188
2408,南亞科,13,0,13,群益金鼎-三民,2023-11-07,9188
6274,台燿,21,9,12,群益金鼎-三民,2023-11-07,9188
8927,北基,12,0,12,群益金鼎-三民,2023-11-07,9188
4167,松瑞藥,22,10,12,群益金鼎-三民,2023-11-07,9188
2610,華航,14,3,11,群益金鼎-三民,2023-11-07,9188
00751B,元大AAA至A公司債,11,0,11,群益金鼎-三民,2023-11-07,9188
5301,寶得利,11,0,11,群益金鼎-三民,2023-11-07,9188
2449,京元電子,11,0,11,群益金鼎-三民,2023-11-07,9188
2317,鴻海,31,20,11,群益金鼎-三民,2023-11-07,9188
2634,漢翔,22,11,11,群益金鼎-三民,2023-11-07,9188
5347,世界,13,3,10,群益金鼎-三民,2023-11-07,9188
00690,兆豐藍籌30,10,0,10,群益金鼎-三民,2023-11-07,9188
1326,台化,10,0,10,群益金鼎-三民,2023-11-07,9188
2612,中航,10,0,10,群益金鼎-三民,2023-11-07,9188
6117,迎廣,19,10,9,群益金鼎-三民,2023-11-07,9188
1402,遠東新,10,1,9,群益金鼎-三民,2023-11-07,9188
00935,野村臺灣新科技50,21,12,9,群益金鼎-三民,2023-11-07,9188
00679B,元大美債20年,95,87,8,群益金鼎-三民,2023-11-07,9188
00712,復華富時不動產,24,16,8,群益金鼎-三民,2023-11-07,9188
2886,兆豐金,10,2,8,群益金鼎-三民,2023-11-07,9188
2401,凌陽,39,31,8,群益金鼎-三民,2023-11-07,9188
8069,元太,10,2,8,群益金鼎-三民,2023-11-07,9188
00713,元大台灣高息低波,8,1,7,群益金鼎-三民,2023-11-07,9188
4162,智擎,34,27,7,群益金鼎-三民,2023-11-07,9188
6197,佳必琪,9,2,7,群益金鼎-三民,2023-11-07,9188
00665L,富邦�琤肭磪囓�2,7,0,7,群益金鼎-三民,2023-11-07,9188
00795B,中信美國公債20年,8,1,7,群益金鼎-三民,2023-11-07,9188
2425,承啟,7,0,7,群益金鼎-三民,2023-11-07,9188
8110,華東,10,3,7,群益金鼎-三民,2023-11-07,9188
2605,新興,6,0,6,群益金鼎-三民,2023-11-07,9188
2356,英業達,7,1,6,群益金鼎-三民,2023-11-07,9188
1519,華城,6,0,6,群益金鼎-三民,2023-11-07,9188
1609,大亞,7,1,6,群益金鼎-三民,2023-11-07,9188
00680L,元大美債20正2,26,20,6,群益金鼎-三民,2023-11-07,9188
6570,維田,6,0,6,群益金鼎-三民,2023-11-07,9188
00642U,期元大S＆P石油,6,0,6,群益金鼎-三民,2023-11-07,9188
1802,台玻,5,0,5,群益金鼎-三民,2023-11-07,9188
00632R,元大台灣50反1,135,0,135,群益金鼎-三民,2023-11-08,9188
1324,地球,132,6,126,群益金鼎-三民,2023-11-08,9188
00712,復華富時不動產,126,2,124,群益金鼎-三民,2023-11-08,9188
00936,台新永續高息中小,94,0,94,群益金鼎-三民,2023-11-08,9188
00919,群益台灣精選高息,74,0,74,群益金鼎-三民,2023-11-08,9188
2504,國產,71,0,71,群益金鼎-三民,2023-11-08,9188
2392,正崴,50,0,50,群益金鼎-三民,2023-11-08,9188
2618,長榮航,64,19,45,群益金鼎-三民,2023-11-08,9188
2734,易飛網,43,0,43,群益金鼎-三民,2023-11-08,9188
00642U,期元大S＆P石油,42,0,42,群益金鼎-三民,2023-11-08,9188
1815,富喬,49,10,39,群益金鼎-三民,2023-11-08,9188
00715L,期街口布蘭特正2,60,21,39,群益金鼎-三民,2023-11-08,9188
00929,復華台灣科技優息,53,17,36,群益金鼎-三民,2023-11-08,9188
1210,大成,30,0,30,群益金鼎-三民,2023-11-08,9188
2609,陽明,29,0,29,群益金鼎-三民,2023-11-08,9188
5347,世界,54,27,27,群益金鼎-三民,2023-11-08,9188
3715,定穎投控,27,1,26,群益金鼎-三民,2023-11-08,9188
4533,協易機,34,9,25,群益金鼎-三民,2023-11-08,9188
6266,泰詠,22,0,22,群益金鼎-三民,2023-11-08,9188
2880,華南金,22,0,22,群益金鼎-三民,2023-11-08,9188
6901,鑽石投資,30,9,21,群益金鼎-三民,2023-11-08,9188
3032,偉訓,26,5,21,群益金鼎-三民,2023-11-08,9188
1514,亞力,21,0,21,群益金鼎-三民,2023-11-08,9188
4154,樂威科-KY,20,0,20,群益金鼎-三民,2023-11-08,9188
2617,台航,19,0,19,群益金鼎-三民,2023-11-08,9188
3037,欣興,18,0,18,群益金鼎-三民,2023-11-08,9188
2885,元大金,25,7,18,群益金鼎-三民,2023-11-08,9188
2337,旺宏,19,1,18,群益金鼎-三民,2023-11-08,9188
2363,矽統,177,160,17,群益金鼎-三民,2023-11-08,9188
2014,中鴻,16,0,16,群益金鼎-三民,2023-11-08,9188
2303,聯電,46,32,14,群益金鼎-三民,2023-11-08,9188
6189,豐藝,18,4,14,群益金鼎-三民,2023-11-08,9188
2002,中鋼,13,0,13,群益金鼎-三民,2023-11-08,9188
2332,友訊,13,0,13,群益金鼎-三民,2023-11-08,9188
3206,志豐,12,0,12,群益金鼎-三民,2023-11-08,9188
2344,華邦電,18,6,12,群益金鼎-三民,2023-11-08,9188
00713,元大台灣高息低波,11,0,11,群益金鼎-三民,2023-11-08,9188
00931B,統一美債20年,11,0,11,群益金鼎-三民,2023-11-08,9188
2615,萬海,13,2,11,群益金鼎-三民,2023-11-08,9188
00900,富邦特選高股息30,90,79,11,群益金鼎-三民,2023-11-08,9188
00664R,國泰臺灣加權反1,11,0,11,群益金鼎-三民,2023-11-08,9188
00676R,富邦臺灣加權反1,10,0,10,群益金鼎-三民,2023-11-08,9188
6284,佳邦,19,10,9,群益金鼎-三民,2023-11-08,9188
6117,迎廣,16,7,9,群益金鼎-三民,2023-11-08,9188
00934,中信成長高股息,9,0,9,群益金鼎-三民,2023-11-08,9188
00933B,國泰10Y+金融債,12,4,8,群益金鼎-三民,2023-11-08,9188
3545,敦泰,9,1,8,群益金鼎-三民,2023-11-08,9188
2905,三商,8,0,8,群益金鼎-三民,2023-11-08,9188
2383,台光電,8,0,8,群益金鼎-三民,2023-11-08,9188
1513,中興電,8,1,7,群益金鼎-三民,2023-11-08,9188
9105,泰金寶-DR,100,0,100,群益金鼎-三民,2023-11-09,9188
5388,中磊,102,4,98,群益金鼎-三民,2023-11-09,9188
1815,富喬,71,10,61,群益金鼎-三民,2023-11-09,9188
8936,國統,56,0,56,群益金鼎-三民,2023-11-09,9188
2201,裕隆,41,1,40,群益金鼎-三民,2023-11-09,9188
5009,榮剛,38,0,38,群益金鼎-三民,2023-11-09,9188
1314,中石化,38,3,35,群益金鼎-三民,2023-11-09,9188
2344,華邦電,35,1,34,群益金鼎-三民,2023-11-09,9188
2329,華泰,79,48,31,群益金鼎-三民,2023-11-09,9188
6284,佳邦,32,1,31,群益金鼎-三民,2023-11-09,9188
2486,一詮,44,15,29,群益金鼎-三民,2023-11-09,9188
2002,中鋼,27,0,27,群益金鼎-三民,2023-11-09,9188
4906,正文,26,0,26,群益金鼎-三民,2023-11-09,9188
00642U,期元大S＆P石油,26,0,26,群益金鼎-三民,2023-11-09,9188
00936,台新永續高息中小,23,0,23,群益金鼎-三民,2023-11-09,9188
2610,華航,35,12,23,群益金鼎-三民,2023-11-09,9188
2905,三商,23,1,22,群益金鼎-三民,2023-11-09,9188
5225,東科-KY,23,2,21,群益金鼎-三民,2023-11-09,9188
4743,合一,23,3,20,群益金鼎-三民,2023-11-09,9188
1210,大成,20,0,20,群益金鼎-三民,2023-11-09,9188
6770,力積電,23,5,18,群益金鼎-三民,2023-11-09,9188
4154,樂威科-KY,18,0,18,群益金鼎-三民,2023-11-09,9188
3038,全台,26,9,17,群益金鼎-三民,2023-11-09,9188
5347,世界,18,1,17,群益金鼎-三民,2023-11-09,9188
8927,北基,21,4,17,群益金鼎-三民,2023-11-09,9188
1714,和桐,16,0,16,群益金鼎-三民,2023-11-09,9188
6202,盛群,15,0,15,群益金鼎-三民,2023-11-09,9188
3045,台灣大,15,0,15,群益金鼎-三民,2023-11-09,9188
8111,立��,15,0,15,群益金鼎-三民,2023-11-09,9188
6216,居易,24,10,14,群益金鼎-三民,2023-11-09,9188
00878,國泰永續高股息,28,14,14,群益金鼎-三民,2023-11-09,9188
3481,群創,17,4,13,群益金鼎-三民,2023-11-09,9188
4128,中天,59,46,13,群益金鼎-三民,2023-11-09,9188
2731,雄獅,13,0,13,群益金鼎-三民,2023-11-09,9188
1240,茂生農經,13,0,13,群益金鼎-三民,2023-11-09,9188
2885,元大金,26,14,12,群益金鼎-三民,2023-11-09,9188
00934,中信成長高股息,13,1,12,群益金鼎-三民,2023-11-09,9188
3036,文曄,22,10,12,群益金鼎-三民,2023-11-09,9188
4532,瑞智,12,0,12,群益金鼎-三民,2023-11-09,9188
9933,中鼎,11,0,11,群益金鼎-三民,2023-11-09,9188
00687B,國泰20年美債,11,1,10,群益金鼎-三民,2023-11-09,9188
2816,旺旺保,13,3,10,群益金鼎-三民,2023-11-09,9188
2915,潤泰全,10,0,10,群益金鼎-三民,2023-11-09,9188
1473,台南,10,0,10,群益金鼎-三民,2023-11-09,9188
2881,富邦金,11,1,10,群益金鼎-三民,2023-11-09,9188
3715,定穎投控,13,3,10,群益金鼎-三民,2023-11-09,9188
3122,笙泉,30,21,9,群益金鼎-三民,2023-11-09,9188
1402,遠東新,10,1,9,群益金鼎-三民,2023-11-09,9188
4953,緯軟,10,1,9,群益金鼎-三民,2023-11-09,9188
00891,中信關鍵半導體,10,1,9,群益金鼎-三民,2023-11-09,9188
1313,聯成,169,16,153,群益金鼎-三民,2023-11-10,9188
9105,泰金寶-DR,150,30,120,群益金鼎-三民,2023-11-10,9188
3231,緯創,100,45,55,群益金鼎-三民,2023-11-10,9188
1339,昭輝,40,1,39,群益金鼎-三民,2023-11-10,9188
2486,一詮,33,1,32,群益金鼎-三民,2023-11-10,9188
3041,揚智,32,1,31,群益金鼎-三民,2023-11-10,9188
00929,復華台灣科技優息,100,70,30,群益金鼎-三民,2023-11-10,9188
00679B,元大美債20年,116,88,28,群益金鼎-三民,2023-11-10,9188
2462,良得電,30,2,28,群益金鼎-三民,2023-11-10,9188
3711,日月光投控,27,0,27,群益金鼎-三民,2023-11-10,9188
8086,宏捷科,28,3,25,群益金鼎-三民,2023-11-10,9188
2905,三商,22,0,22,群益金鼎-三民,2023-11-10,9188
00919,群益台灣精選高息,23,1,22,群益金鼎-三民,2023-11-10,9188
3078,僑威,24,3,21,群益金鼎-三民,2023-11-10,9188
00712,復華富時不動產,21,1,20,群益金鼎-三民,2023-11-10,9188
6733,博晟生醫,19,0,19,群益金鼎-三民,2023-11-10,9188
2317,鴻海,29,10,19,群益金鼎-三民,2023-11-10,9188
3374,精材,19,1,18,群益金鼎-三民,2023-11-10,9188
00934,中信成長高股息,17,0,17,群益金鼎-三民,2023-11-10,9188
00878,國泰永續高股息,293,277,16,群益金鼎-三民,2023-11-10,9188
2382,廣達,31,16,15,群益金鼎-三民,2023-11-10,9188
6579,研揚,15,0,15,群益金鼎-三民,2023-11-10,9188
2609,陽明,15,1,14,群益金鼎-三民,2023-11-10,9188
4979,華星光,14,0,14,群益金鼎-三民,2023-11-10,9188
1473,台南,14,0,14,群益金鼎-三民,2023-11-10,9188
00936,台新永續高息中小,13,0,13,群益金鼎-三民,2023-11-10,9188
00900,富邦特選高股息30,62,49,13,群益金鼎-三民,2023-11-10,9188
4207,環泰,12,0,12,群益金鼎-三民,2023-11-10,9188
2303,聯電,15,3,12,群益金鼎-三民,2023-11-10,9188
2367,燿華,12,0,12,群益金鼎-三民,2023-11-10,9188
6770,力積電,23,11,12,群益金鼎-三民,2023-11-10,9188
00687B,國泰20年美債,12,1,11,群益金鼎-三民,2023-11-10,9188
2031,新光鋼,11,0,11,群益金鼎-三民,2023-11-10,9188
2344,華邦電,11,0,11,群益金鼎-三民,2023-11-10,9188
2363,矽統,83,72,11,群益金鼎-三民,2023-11-10,9188
2449,京元電子,10,0,10,群益金鼎-三民,2023-11-10,9188
4967,十銓,18,8,10,群益金鼎-三民,2023-11-10,9188
2892,第一金,10,0,10,群益金鼎-三民,2023-11-10,9188
2630,亞航,11,1,10,群益金鼎-三民,2023-11-10,9188
2401,凌陽,16,6,10,群益金鼎-三民,2023-11-10,9188
3704,合勤控,13,3,10,群益金鼎-三民,2023-11-10,9188
3189,景碩,10,0,10,群益金鼎-三民,2023-11-10,9188
2615,萬海,17,7,10,群益金鼎-三民,2023-11-10,9188
00676R,富邦臺灣加權反1,10,0,10,群益金鼎-三民,2023-11-10,9188
3049,精金,10,0,10,群益金鼎-三民,2023-11-10,9188
2417,圓剛,12,2,10,群益金鼎-三民,2023-11-10,9188
00690,兆豐藍籌30,10,0,10,群益金鼎-三民,2023-11-10,9188
6161,捷波,17,7,10,群益金鼎-三民,2023-11-10,9188
2353,宏��,9,0,9,群益金鼎-三民,2023-11-10,9188
1723,中碳,9,0,9,群益金鼎-三民,2023-11-10,9188
00679B,元大美債20年,166,92,74,群益金鼎-三民,2023-11-13,9188
00900,富邦特選高股息30,61,0,61,群益金鼎-三民,2023-11-13,9188
00878,國泰永續高股息,168,117,51,群益金鼎-三民,2023-11-13,9188
2618,長榮航,44,9,35,群益金鼎-三民,2023-11-13,9188
00676R,富邦臺灣加權反1,30,0,30,群益金鼎-三民,2023-11-13,9188
2915,潤泰全,30,0,30,群益金鼎-三民,2023-11-13,9188
2313,華通,65,36,29,群益金鼎-三民,2023-11-13,9188
8210,勤誠,31,2,29,群益金鼎-三民,2023-11-13,9188
6274,台燿,25,3,22,群益金鼎-三民,2023-11-13,9188
2382,廣達,47,26,21,群益金鼎-三民,2023-11-13,9188
2204,中華,23,2,21,群益金鼎-三民,2023-11-13,9188
00669R,國泰美國道瓊反1,20,0,20,群益金鼎-三民,2023-11-13,9188
1434,福懋,20,0,20,群益金鼎-三民,2023-11-13,9188
6167,久正,20,0,20,群益金鼎-三民,2023-11-13,9188
5905,南仁湖,20,0,20,群益金鼎-三民,2023-11-13,9188
1717,長興,20,0,20,群益金鼎-三民,2023-11-13,9188
2614,東森,20,0,20,群益金鼎-三民,2023-11-13,9188
1473,台南,19,0,19,群益金鼎-三民,2023-11-13,9188
5388,中磊,19,1,18,群益金鼎-三民,2023-11-13,9188
3703,欣陸,18,0,18,群益金鼎-三民,2023-11-13,9188
2486,一詮,20,3,17,群益金鼎-三民,2023-11-13,9188
2462,良得電,20,3,17,群益金鼎-三民,2023-11-13,9188
2356,英業達,62,47,15,群益金鼎-三民,2023-11-13,9188
00929,復華台灣科技優息,64,49,15,群益金鼎-三民,2023-11-13,9188
3545,敦泰,17,3,14,群益金鼎-三民,2023-11-13,9188
6266,泰詠,14,0,14,群益金鼎-三民,2023-11-13,9188
2329,華泰,35,21,14,群益金鼎-三民,2023-11-13,9188
00712,復華富時不動產,13,0,13,群益金鼎-三民,2023-11-13,9188
5234,達興材料,13,0,13,群益金鼎-三民,2023-11-13,9188
00631L,元大台灣50正2,12,0,12,群益金鼎-三民,2023-11-13,9188
4207,環泰,11,0,11,群益金鼎-三民,2023-11-13,9188
2347,聯強,13,2,11,群益金鼎-三民,2023-11-13,9188
00680L,元大美債20正2,11,0,11,群益金鼎-三民,2023-11-13,9188
1240,茂生農經,11,0,11,群益金鼎-三民,2023-11-13,9188
3032,偉訓,11,0,11,群益金鼎-三民,2023-11-13,9188
6841,長佳智能,11,0,11,群益金鼎-三民,2023-11-13,9188
9933,中鼎,10,0,10,群益金鼎-三民,2023-11-13,9188
6257,矽格,10,0,10,群益金鼎-三民,2023-11-13,9188
2014,中鴻,20,10,10,群益金鼎-三民,2023-11-13,9188
2867,三商壽,10,0,10,群益金鼎-三民,2023-11-13,9188
2515,中工,10,0,10,群益金鼎-三民,2023-11-13,9188
6118,建達,15,5,10,群益金鼎-三民,2023-11-13,9188
8150,南茂,10,0,10,群益金鼎-三民,2023-11-13,9188
5225,東科-KY,15,5,10,群益金鼎-三民,2023-11-13,9188
2903,遠百,10,0,10,群益金鼎-三民,2023-11-13,9188
4967,十銓,21,11,10,群益金鼎-三民,2023-11-13,9188
3088,艾訊,10,0,10,群益金鼎-三民,2023-11-13,9188
00922,國泰台灣領袖50,10,0,10,群益金鼎-三民,2023-11-13,9188
3673,TPK-KY,10,0,10,群益金鼎-三民,2023-11-13,9188
00935,野村臺灣新科技50,10,1,9,群益金鼎-三民,2023-11-13,9188
00632R,元大台灣50反1,70,0,70,群益金鼎-三民,2023-11-14,9188
2883,凱基金,51,1,50,群益金鼎-三民,2023-11-14,9188
8210,勤誠,52,3,49,群益金鼎-三民,2023-11-14,9188
00665L,富邦�琤肭磪囓�2,50,7,43,群益金鼎-三民,2023-11-14,9188
3231,緯創,44,5,39,群益金鼎-三民,2023-11-14,9188
00929,復華台灣科技優息,45,7,38,群益金鼎-三民,2023-11-14,9188
2313,華通,38,6,32,群益金鼎-三民,2023-11-14,9188
1504,東元,32,2,30,群益金鼎-三民,2023-11-14,9188
2885,元大金,30,0,30,群益金鼎-三民,2023-11-14,9188
3041,揚智,31,4,27,群益金鼎-三民,2023-11-14,9188
2734,易飛網,29,3,26,群益金鼎-三民,2023-11-14,9188
2609,陽明,42,16,26,群益金鼎-三民,2023-11-14,9188
4207,環泰,34,9,25,群益金鼎-三民,2023-11-14,9188
2504,國產,24,1,23,群益金鼎-三民,2023-11-14,9188
5234,達興材料,22,0,22,群益金鼎-三民,2023-11-14,9188
00669R,國泰美國道瓊反1,21,0,21,群益金鼎-三民,2023-11-14,9188
4142,國光生,20,0,20,群益金鼎-三民,2023-11-14,9188
1815,富喬,23,3,20,群益金鼎-三民,2023-11-14,9188
6161,捷波,19,0,19,群益金鼎-三民,2023-11-14,9188
2355,敬鵬,16,1,15,群益金鼎-三民,2023-11-14,9188
6274,台燿,17,2,15,群益金鼎-三民,2023-11-14,9188
4105,東洋,19,4,15,群益金鼎-三民,2023-11-14,9188
2462,良得電,15,0,15,群益金鼎-三民,2023-11-14,9188
4743,合一,20,6,14,群益金鼎-三民,2023-11-14,9188
1101,台泥,13,1,12,群益金鼎-三民,2023-11-14,9188
3035,智原,14,2,12,群益金鼎-三民,2023-11-14,9188
2606,裕民,13,1,12,群益金鼎-三民,2023-11-14,9188
2402,毅嘉,21,9,12,群益金鼎-三民,2023-11-14,9188
00936,台新永續高息中小,12,0,12,群益金鼎-三民,2023-11-14,9188
1515,力山,76,64,12,群益金鼎-三民,2023-11-14,9188
1449,佳和,10,0,10,群益金鼎-三民,2023-11-14,9188
00664R,國泰臺灣加權反1,10,0,10,群益金鼎-三民,2023-11-14,9188
1409,新纖,10,0,10,群益金鼎-三民,2023-11-14,9188
3363,上詮,18,8,10,群益金鼎-三民,2023-11-14,9188
00931B,統一美債20年,10,0,10,群益金鼎-三民,2023-11-14,9188
2359,所羅門,11,1,10,群益金鼎-三民,2023-11-14,9188
2316,楠梓電,10,0,10,群益金鼎-三民,2023-11-14,9188
2206,三陽工業,15,6,9,群益金鼎-三民,2023-11-14,9188
2881,富邦金,10,1,9,群益金鼎-三民,2023-11-14,9188
1513,中興電,10,1,9,群益金鼎-三民,2023-11-14,9188
00631L,元大台灣50正2,10,1,9,群益金鼎-三民,2023-11-14,9188
2387,精元,18,9,9,群益金鼎-三民,2023-11-14,9188
00850,元大臺灣ESG永續,8,0,8,群益金鼎-三民,2023-11-14,9188
9950,萬國通,7,0,7,群益金鼎-三民,2023-11-14,9188
2374,佳能,18,11,7,群益金鼎-三民,2023-11-14,9188
3005,神基,8,1,7,群益金鼎-三民,2023-11-14,9188
00878,國泰永續高股息,28,21,7,群益金鼎-三民,2023-11-14,9188
4128,中天,6,0,6,群益金鼎-三民,2023-11-14,9188
6216,居易,6,0,6,群益金鼎-三民,2023-11-14,9188
00900,富邦特選高股息30,28,22,6,群益金鼎-三民,2023-11-14,9188
2880,華南金,140,0,140,群益金鼎-三民,2023-11-15,9188
00679B,元大美債20年,185,85,100,群益金鼎-三民,2023-11-15,9188
1815,富喬,48,7,41,群益金鼎-三民,2023-11-15,9188
2610,華航,48,8,40,群益金鼎-三民,2023-11-15,9188
2449,京元電子,40,5,35,群益金鼎-三民,2023-11-15,9188
2867,三商壽,30,0,30,群益金鼎-三民,2023-11-15,9188
2369,菱生,50,21,29,群益金鼎-三民,2023-11-15,9188
2356,英業達,44,17,27,群益金鼎-三民,2023-11-15,9188
00919,群益台灣精選高息,33,7,26,群益金鼎-三民,2023-11-15,9188
00664R,國泰臺灣加權反1,25,0,25,群益金鼎-三民,2023-11-15,9188
3715,定穎投控,35,13,22,群益金鼎-三民,2023-11-15,9188
2313,華通,46,24,22,群益金鼎-三民,2023-11-15,9188
3706,神達,25,4,21,群益金鼎-三民,2023-11-15,9188
3051,力特,20,0,20,群益金鼎-三民,2023-11-15,9188
00733,富邦臺灣中小,20,0,20,群益金鼎-三民,2023-11-15,9188
5234,達興材料,20,0,20,群益金鼎-三民,2023-11-15,9188
2317,鴻海,25,8,17,群益金鼎-三民,2023-11-15,9188
3017,奇鋐,20,4,16,群益金鼎-三民,2023-11-15,9188
6672,騰輝電子-KY,15,0,15,群益金鼎-三民,2023-11-15,9188
2387,精元,17,3,14,群益金鼎-三民,2023-11-15,9188
8111,立��,14,0,14,群益金鼎-三民,2023-11-15,9188
00934,中信成長高股息,15,1,14,群益金鼎-三民,2023-11-15,9188
3276,宇環,38,24,14,群益金鼎-三民,2023-11-15,9188
2401,凌陽,19,6,13,群益金鼎-三民,2023-11-15,9188
2353,宏��,14,3,11,群益金鼎-三民,2023-11-15,9188
2474,可成,11,0,11,群益金鼎-三民,2023-11-15,9188
6266,泰詠,11,0,11,群益金鼎-三民,2023-11-15,9188
6558,興能高,10,0,10,群益金鼎-三民,2023-11-15,9188
1717,長興,10,0,10,群益金鼎-三民,2023-11-15,9188
2049,上銀,10,0,10,群益金鼎-三民,2023-11-15,9188
3006,晶豪科,21,11,10,群益金鼎-三民,2023-11-15,9188
3673,TPK-KY,10,0,10,群益金鼎-三民,2023-11-15,9188
1712,興農,10,0,10,群益金鼎-三民,2023-11-15,9188
4906,正文,10,1,9,群益金鼎-三民,2023-11-15,9188
3450,聯鈞,13,4,9,群益金鼎-三民,2023-11-15,9188
2371,大同,12,3,9,群益金鼎-三民,2023-11-15,9188
2882,國泰金,21,12,9,群益金鼎-三民,2023-11-15,9188
2884,玉山金,11,2,9,群益金鼎-三民,2023-11-15,9188
8924,大田,8,0,8,群益金鼎-三民,2023-11-15,9188
00936,台新永續高息中小,8,0,8,群益金鼎-三民,2023-11-15,9188
3094,聯傑,8,0,8,群益金鼎-三民,2023-11-15,9188
2376,技嘉,23,16,7,群益金鼎-三民,2023-11-15,9188
3035,智原,18,11,7,群益金鼎-三民,2023-11-15,9188
3317,尼克森,8,1,7,群益金鼎-三民,2023-11-15,9188
00696B,富邦美債20年,7,0,7,群益金鼎-三民,2023-11-15,9188
3260,威剛,7,1,6,群益金鼎-三民,2023-11-15,9188
8076,伍豐,7,1,6,群益金鼎-三民,2023-11-15,9188
2607,榮運,7,1,6,群益金鼎-三民,2023-11-15,9188
4108,懷特,9,3,6,群益金鼎-三民,2023-11-15,9188
3022,威強電,16,10,6,群益金鼎-三民,2023-11-15,9188
2344,華邦電,246,83,163,群益金鼎-三民,2023-11-16,9188
00878,國泰永續高股息,373,211,162,群益金鼎-三民,2023-11-16,9188
00632R,元大台灣50反1,120,0,120,群益金鼎-三民,2023-11-16,9188
4967,十銓,43,3,40,群益金鼎-三民,2023-11-16,9188
2881,富邦金,47,7,40,群益金鼎-三民,2023-11-16,9188
5009,榮剛,44,5,39,群益金鼎-三民,2023-11-16,9188
1339,昭輝,40,2,38,群益金鼎-三民,2023-11-16,9188
3022,威強電,40,2,38,群益金鼎-三民,2023-11-16,9188
2329,華泰,94,57,37,群益金鼎-三民,2023-11-16,9188
2328,廣宇,36,0,36,群益金鼎-三民,2023-11-16,9188
00706L,期元大S＆P日圓正2,32,0,32,群益金鼎-三民,2023-11-16,9188
1605,華新,60,29,31,群益金鼎-三民,2023-11-16,9188
3380,明泰,30,1,29,群益金鼎-三民,2023-11-16,9188
00679B,元大美債20年,116,87,29,群益金鼎-三民,2023-11-16,9188
00919,群益台灣精選高息,32,5,27,群益金鼎-三民,2023-11-16,9188
5234,達興材料,23,0,23,群益金鼎-三民,2023-11-16,9188
2816,旺旺保,23,0,23,群益金鼎-三民,2023-11-16,9188
1504,東元,34,11,23,群益金鼎-三民,2023-11-16,9188
0056,元大高股息,22,1,21,群益金鼎-三民,2023-11-16,9188
00934,中信成長高股息,22,1,21,群益金鼎-三民,2023-11-16,9188
6223,旺矽,20,0,20,群益金鼎-三民,2023-11-16,9188
00669R,國泰美國道瓊反1,20,0,20,群益金鼎-三民,2023-11-16,9188
00664R,國泰臺灣加權反1,20,0,20,群益金鼎-三民,2023-11-16,9188
00885,富邦越南,18,0,18,群益金鼎-三民,2023-11-16,9188
6274,台燿,24,7,17,群益金鼎-三民,2023-11-16,9188
5203,訊連,16,0,16,群益金鼎-三民,2023-11-16,9188
3715,定穎投控,27,12,15,群益金鼎-三民,2023-11-16,9188
6125,廣運,16,1,15,群益金鼎-三民,2023-11-16,9188
2405,輔信,15,0,15,群益金鼎-三民,2023-11-16,9188
1742,台蠟,65,50,15,群益金鼎-三民,2023-11-16,9188
00795B,中信美國公債20年,16,1,15,群益金鼎-三民,2023-11-16,9188
1718,中纖,15,0,15,群益金鼎-三民,2023-11-16,9188
00900,富邦特選高股息30,82,68,14,群益金鼎-三民,2023-11-16,9188
00933B,國泰10Y+金融債,14,0,14,群益金鼎-三民,2023-11-16,9188
00642U,期元大S＆P石油,14,0,14,群益金鼎-三民,2023-11-16,9188
00772B,中信高評級公司債,14,0,14,群益金鼎-三民,2023-11-16,9188
6456,GIS-KY,17,3,14,群益金鼎-三民,2023-11-16,9188
00680L,元大美債20正2,16,3,13,群益金鼎-三民,2023-11-16,9188
2408,南亞科,16,4,12,群益金鼎-三民,2023-11-16,9188
1434,福懋,12,0,12,群益金鼎-三民,2023-11-16,9188
00687B,國泰20年美債,13,1,12,群益金鼎-三民,2023-11-16,9188
006208,富邦台50,13,2,11,群益金鼎-三民,2023-11-16,9188
3036,文曄,12,1,11,群益金鼎-三民,2023-11-16,9188
2486,一詮,11,0,11,群益金鼎-三民,2023-11-16,9188
8289,泰藝,11,0,11,群益金鼎-三民,2023-11-16,9188
2867,三商壽,10,0,10,群益金鼎-三民,2023-11-16,9188
00637L,元大滬深300正2,14,4,10,群益金鼎-三民,2023-11-16,9188
3703,欣陸,10,0,10,群益金鼎-三民,2023-11-16,9188
6266,泰詠,11,1,10,群益金鼎-三民,2023-11-16,9188
2421,建準,11,1,10,群益金鼎-三民,2023-11-16,9188
00637L,元大滬深300正2,112,1,111,群益金鼎-三民,2023-11-17,9188
00665L,富邦�琤肭磪囓�2,75,0,75,群益金鼎-三民,2023-11-17,9188
00712,復華富時不動產,57,0,57,群益金鼎-三民,2023-11-17,9188
00664R,國泰臺灣加權反1,56,0,56,群益金鼎-三民,2023-11-17,9188
00632R,元大台灣50反1,50,0,50,群益金鼎-三民,2023-11-17,9188
8034,榮群,45,1,44,群益金鼎-三民,2023-11-17,9188
4164,承業醫,41,0,41,群益金鼎-三民,2023-11-17,9188
00642U,期元大S＆P石油,39,0,39,群益金鼎-三民,2023-11-17,9188
8289,泰藝,38,1,37,群益金鼎-三民,2023-11-17,9188
3041,揚智,57,25,32,群益金鼎-三民,2023-11-17,9188
1734,杏輝,30,0,30,群益金鼎-三民,2023-11-17,9188
00715L,期街口布蘭特正2,31,2,29,群益金鼎-三民,2023-11-17,9188
1815,富喬,35,13,22,群益金鼎-三民,2023-11-17,9188
00733,富邦臺灣中小,20,0,20,群益金鼎-三民,2023-11-17,9188
2605,新興,20,0,20,群益金鼎-三民,2023-11-17,9188
00772B,中信高評級公司債,20,0,20,群益金鼎-三民,2023-11-17,9188
2618,長榮航,72,53,19,群益金鼎-三民,2023-11-17,9188
2344,華邦電,23,4,19,群益金鼎-三民,2023-11-17,9188
3715,定穎投控,53,35,18,群益金鼎-三民,2023-11-17,9188
2706,第一店,21,3,18,群益金鼎-三民,2023-11-17,9188
6116,彩晶,18,0,18,群益金鼎-三民,2023-11-17,9188
3013,晟銘電,18,2,16,群益金鼎-三民,2023-11-17,9188
2610,華航,15,0,15,群益金鼎-三民,2023-11-17,9188
6233,旺玖,19,4,15,群益金鼎-三民,2023-11-17,9188
00936,台新永續高息中小,14,0,14,群益金鼎-三民,2023-11-17,9188
2812,台中銀,15,1,14,群益金鼎-三民,2023-11-17,9188
5512,力麒,20,6,14,群益金鼎-三民,2023-11-17,9188
1514,亞力,14,0,14,群益金鼎-三民,2023-11-17,9188
3276,宇環,41,28,13,群益金鼎-三民,2023-11-17,9188
6456,GIS-KY,13,1,12,群益金鼎-三民,2023-11-17,9188
2352,佳世達,12,0,12,群益金鼎-三民,2023-11-17,9188
8054,安國,24,12,12,群益金鼎-三民,2023-11-17,9188
2609,陽明,11,0,11,群益金鼎-三民,2023-11-17,9188
1473,台南,12,1,11,群益金鼎-三民,2023-11-17,9188
2462,良得電,12,1,11,群益金鼎-三民,2023-11-17,9188
3122,笙泉,12,2,10,群益金鼎-三民,2023-11-17,9188
1326,台化,10,0,10,群益金鼎-三民,2023-11-17,9188
2838,聯邦銀,15,5,10,群益金鼎-三民,2023-11-17,9188
3038,全台,10,0,10,群益金鼎-三民,2023-11-17,9188
3094,聯傑,21,11,10,群益金鼎-三民,2023-11-17,9188
6292,迅德,10,0,10,群益金鼎-三民,2023-11-17,9188
2312,金寶,13,3,10,群益金鼎-三民,2023-11-17,9188
6670,復盛應用,10,0,10,群益金鼎-三民,2023-11-17,9188
2034,允強,10,0,10,群益金鼎-三民,2023-11-17,9188
00676R,富邦臺灣加權反1,10,0,10,群益金鼎-三民,2023-11-17,9188
6530,創威,10,0,10,群益金鼎-三民,2023-11-17,9188
2887,台新金,10,1,9,群益金鼎-三民,2023-11-17,9188
00752,中信中國50,9,0,9,群益金鼎-三民,2023-11-17,9188
1609,大亞,10,2,8,群益金鼎-三民,2023-11-17,9188
6127,九豪,8,0,8,群益金鼎-三民,2023-11-17,9188
00885,富邦越南,427,0,427,群益金鼎-三民,2023-11-20,9188
2734,易飛網,125,27,98,群益金鼎-三民,2023-11-20,9188
00929,復華台灣科技優息,111,26,85,群益金鼎-三民,2023-11-20,9188
0055,元大MSCI金融,50,0,50,群益金鼎-三民,2023-11-20,9188
2504,國產,50,0,50,群益金鼎-三民,2023-11-20,9188
2337,旺宏,50,2,48,群益金鼎-三民,2023-11-20,9188
8054,安國,50,2,48,群益金鼎-三民,2023-11-20,9188
6257,矽格,34,2,32,群益金鼎-三民,2023-11-20,9188
00679B,元大美債20年,123,91,32,群益金鼎-三民,2023-11-20,9188
2516,新建,30,0,30,群益金鼎-三民,2023-11-20,9188
2402,毅嘉,32,7,25,群益金鼎-三民,2023-11-20,9188
6770,力積電,29,4,25,群益金鼎-三民,2023-11-20,9188
00772B,中信高評級公司債,24,0,24,群益金鼎-三民,2023-11-20,9188
2891,中信金,31,9,22,群益金鼎-三民,2023-11-20,9188
8215,明基材,20,0,20,群益金鼎-三民,2023-11-20,9188
3265,台星科,21,1,20,群益金鼎-三民,2023-11-20,9188
00878,國泰永續高股息,247,228,19,群益金鼎-三民,2023-11-20,9188
00631L,元大台灣50正2,19,0,19,群益金鼎-三民,2023-11-20,9188
2387,精元,23,5,18,群益金鼎-三民,2023-11-20,9188
2201,裕隆,17,0,17,群益金鼎-三民,2023-11-20,9188
00936,台新永續高息中小,16,0,16,群益金鼎-三民,2023-11-20,9188
2484,希華,16,1,15,群益金鼎-三民,2023-11-20,9188
3276,宇環,16,1,15,群益金鼎-三民,2023-11-20,9188
3252,海灣,15,0,15,群益金鼎-三民,2023-11-20,9188
2355,敬鵬,46,32,14,群益金鼎-三民,2023-11-20,9188
2492,華新科,14,0,14,群益金鼎-三民,2023-11-20,9188
6125,廣運,21,8,13,群益金鼎-三民,2023-11-20,9188
3694,海華,13,0,13,群益金鼎-三民,2023-11-20,9188
2363,矽統,71,58,13,群益金鼎-三民,2023-11-20,9188
9945,潤泰新,12,0,12,群益金鼎-三民,2023-11-20,9188
00720B,元大投資級公司債,12,0,12,群益金鼎-三民,2023-11-20,9188
2705,六福,12,0,12,群益金鼎-三民,2023-11-20,9188
2498,宏達電,12,0,12,群益金鼎-三民,2023-11-20,9188
3689,湧德,13,1,12,群益金鼎-三民,2023-11-20,9188
3548,兆利,13,2,11,群益金鼎-三民,2023-11-20,9188
3035,智原,23,13,10,群益金鼎-三民,2023-11-20,9188
8034,榮群,35,25,10,群益金鼎-三民,2023-11-20,9188
00696B,富邦美債20年,10,0,10,群益金鼎-三民,2023-11-20,9188
4164,承業醫,11,1,10,群益金鼎-三民,2023-11-20,9188
2371,大同,10,0,10,群益金鼎-三民,2023-11-20,9188
6167,久正,10,0,10,群益金鼎-三民,2023-11-20,9188
5234,達興材料,10,0,10,群益金鼎-三民,2023-11-20,9188
00882,中信中國高股息,9,0,9,群益金鼎-三民,2023-11-20,9188
6757,台灣虎航,29,20,9,群益金鼎-三民,2023-11-20,9188
00764B,群益25年美債,9,0,9,群益金鼎-三民,2023-11-20,9188
00931B,統一美債20年,14,5,9,群益金鼎-三民,2023-11-20,9188
2409,友達,297,288,9,群益金鼎-三民,2023-11-20,9188
8227,巨有科技,10,1,9,群益金鼎-三民,2023-11-20,9188
4707,磐亞,9,0,9,群益金鼎-三民,2023-11-20,9188
1519,華城,11,3,8,群益金鼎-三民,2023-11-20,9188
00885,富邦越南,104,0,104,群益金鼎-三民,2023-11-21,9188
00632R,元大台灣50反1,100,5,95,群益金鼎-三民,2023-11-21,9188
2610,華航,83,2,81,群益金鼎-三民,2023-11-21,9188
1515,力山,82,6,76,群益金鼎-三民,2023-11-21,9188
5234,達興材料,65,0,65,群益金鼎-三民,2023-11-21,9188
1714,和桐,50,2,48,群益金鼎-三民,2023-11-21,9188
1313,聯成,32,0,32,群益金鼎-三民,2023-11-21,9188
00664R,國泰臺灣加權反1,82,50,32,群益金鼎-三民,2023-11-21,9188
00929,復華台灣科技優息,45,19,26,群益金鼎-三民,2023-11-21,9188
2329,華泰,37,14,23,群益金鼎-三民,2023-11-21,9188
1449,佳和,21,0,21,群益金鼎-三民,2023-11-21,9188
3450,聯鈞,24,3,21,群益金鼎-三民,2023-11-21,9188
6223,旺矽,22,1,21,群益金鼎-三民,2023-11-21,9188
3325,旭品,22,2,20,群益金鼎-三民,2023-11-21,9188
2303,聯電,46,28,18,群益金鼎-三民,2023-11-21,9188
6158,禾昌,18,0,18,群益金鼎-三民,2023-11-21,9188
6237,驊訊,32,15,17,群益金鼎-三民,2023-11-21,9188
3041,揚智,68,51,17,群益金鼎-三民,2023-11-21,9188
2023,燁輝,19,3,16,群益金鼎-三民,2023-11-21,9188
3481,群創,20,4,16,群益金鼎-三民,2023-11-21,9188
3206,志豐,15,0,15,群益金鼎-三民,2023-11-21,9188
6191,精成科,18,3,15,群益金鼎-三民,2023-11-21,9188
1524,耿鼎,20,5,15,群益金鼎-三民,2023-11-21,9188
2355,敬鵬,28,15,13,群益金鼎-三民,2023-11-21,9188
3057,喬鼎,13,0,13,群益金鼎-三民,2023-11-21,9188
6125,廣運,18,5,13,群益金鼎-三民,2023-11-21,9188
5388,中磊,12,0,12,群益金鼎-三民,2023-11-21,9188
4543,萬在,15,3,12,群益金鼎-三民,2023-11-21,9188
1504,東元,21,9,12,群益金鼎-三民,2023-11-21,9188
2359,所羅門,16,4,12,群益金鼎-三民,2023-11-21,9188
3715,定穎投控,41,29,12,群益金鼎-三民,2023-11-21,9188
8927,北基,12,0,12,群益金鼎-三民,2023-11-21,9188
3587,閎康,13,1,12,群益金鼎-三民,2023-11-21,9188
2465,麗臺,14,3,11,群益金鼎-三民,2023-11-21,9188
2838,聯邦銀,12,1,11,群益金鼎-三民,2023-11-21,9188
2402,毅嘉,10,0,10,群益金鼎-三民,2023-11-21,9188
6432,今展科,10,0,10,群益金鼎-三民,2023-11-21,9188
4154,樂威科-KY,10,0,10,群益金鼎-三民,2023-11-21,9188
4533,協易機,21,11,10,群益金鼎-三民,2023-11-21,9188
2323,中環,11,1,10,群益金鼎-三民,2023-11-21,9188
2032,新鋼,10,0,10,群益金鼎-三民,2023-11-21,9188
2356,英業達,92,82,10,群益金鼎-三民,2023-11-21,9188
2408,南亞科,10,0,10,群益金鼎-三民,2023-11-21,9188
1513,中興電,10,1,9,群益金鼎-三民,2023-11-21,9188
5465,富驊,9,0,9,群益金鼎-三民,2023-11-21,9188
2401,凌陽,48,39,9,群益金鼎-三民,2023-11-21,9188
6274,台燿,18,10,8,群益金鼎-三民,2023-11-21,9188
3512,皇龍,16,8,8,群益金鼎-三民,2023-11-21,9188
6492,生華科,8,0,8,群益金鼎-三民,2023-11-21,9188
8358,金居,9,1,8,群益金鼎-三民,2023-11-21,9188
00632R,元大台灣50反1,504,10,494,群益金鼎-三民,2023-11-22,9188
00919,群益台灣精選高息,121,6,115,群益金鼎-三民,2023-11-22,9188
00929,復華台灣科技優息,131,22,109,群益金鼎-三民,2023-11-22,9188
3231,緯創,97,16,81,群益金鼎-三民,2023-11-22,9188
2614,東森,96,34,62,群益金鼎-三民,2023-11-22,9188
2405,輔信,68,8,60,群益金鼎-三民,2023-11-22,9188
5351,鈺創,80,29,51,群益金鼎-三民,2023-11-22,9188
1714,和桐,50,1,49,群益金鼎-三民,2023-11-22,9188
9136,巨騰-DR,40,0,40,群益金鼎-三民,2023-11-22,9188
2812,台中銀,40,1,39,群益金鼎-三民,2023-11-22,9188
1313,聯成,36,0,36,群益金鼎-三民,2023-11-22,9188
5234,達興材料,37,1,36,群益金鼎-三民,2023-11-22,9188
9103,美德醫療-DR,35,0,35,群益金鼎-三民,2023-11-22,9188
5443,均豪,42,7,35,群益金鼎-三民,2023-11-22,9188
2356,英業達,77,44,33,群益金鼎-三民,2023-11-22,9188
00631L,元大台灣50正2,33,0,33,群益金鼎-三民,2023-11-22,9188
2610,華航,37,4,33,群益金鼎-三民,2023-11-22,9188
2390,云辰,35,3,32,群益金鼎-三民,2023-11-22,9188
2353,宏��,34,4,30,群益金鼎-三民,2023-11-22,9188
00905,FT臺灣Smart,24,0,24,群益金鼎-三民,2023-11-22,9188
2376,技嘉,30,8,22,群益金鼎-三民,2023-11-22,9188
6285,啟��,21,1,20,群益金鼎-三民,2023-11-22,9188
5880,合庫金,21,1,20,群益金鼎-三民,2023-11-22,9188
3022,威強電,20,1,19,群益金鼎-三民,2023-11-22,9188
2301,光寶科,26,7,19,群益金鼎-三民,2023-11-22,9188
1101,台泥,28,10,18,群益金鼎-三民,2023-11-22,9188
3706,神達,23,5,18,群益金鼎-三民,2023-11-22,9188
2734,易飛網,36,18,18,群益金鼎-三民,2023-11-22,9188
5471,松翰,24,6,18,群益金鼎-三民,2023-11-22,9188
4154,樂威科-KY,17,0,17,群益金鼎-三民,2023-11-22,9188
2332,友訊,16,0,16,群益金鼎-三民,2023-11-22,9188
2609,陽明,14,0,14,群益金鼎-三民,2023-11-22,9188
2313,華通,20,6,14,群益金鼎-三民,2023-11-22,9188
00935,野村臺灣新科技50,14,0,14,群益金鼎-三民,2023-11-22,9188
00665L,富邦�琤肭磪囓�2,14,0,14,群益金鼎-三民,2023-11-22,9188
3325,旭品,32,19,13,群益金鼎-三民,2023-11-22,9188
8050,廣積,15,2,13,群益金鼎-三民,2023-11-22,9188
3438,類比科,17,6,11,群益金鼎-三民,2023-11-22,9188
2355,敬鵬,39,28,11,群益金鼎-三民,2023-11-22,9188
2449,京元電子,22,11,11,群益金鼎-三民,2023-11-22,9188
3037,欣興,24,13,11,群益金鼎-三民,2023-11-22,9188
2382,廣達,23,12,11,群益金鼎-三民,2023-11-22,9188
6244,茂迪,10,0,10,群益金鼎-三民,2023-11-22,9188
2867,三商壽,10,0,10,群益金鼎-三民,2023-11-22,9188
2892,第一金,10,0,10,群益金鼎-三民,2023-11-22,9188
2478,大毅,10,0,10,群益金鼎-三民,2023-11-22,9188
2330,台積電,10,1,9,群益金鼎-三民,2023-11-22,9188
8054,安國,13,4,9,群益金鼎-三民,2023-11-22,9188
2915,潤泰全,11,2,9,群益金鼎-三民,2023-11-22,9188
1785,光洋科,10,1,9,群益金鼎-三民,2023-11-22,9188
00632R,元大台灣50反1,998,639,359,群益金鼎-三民,2023-11-23,9188
00934,中信成長高股息,152,0,152,群益金鼎-三民,2023-11-23,9188
00919,群益台灣精選高息,136,11,125,群益金鼎-三民,2023-11-23,9188
00637L,元大滬深300正2,119,2,117,群益金鼎-三民,2023-11-23,9188
2344,華邦電,114,5,109,群益金鼎-三民,2023-11-23,9188
4934,太極,100,2,98,群益金鼎-三民,2023-11-23,9188
00664R,國泰臺灣加權反1,60,0,60,群益金鼎-三民,2023-11-23,9188
3078,僑威,82,41,41,群益金鼎-三民,2023-11-23,9188
8034,榮群,38,0,38,群益金鼎-三民,2023-11-23,9188
00882,中信中國高股息,35,0,35,群益金鼎-三民,2023-11-23,9188
5234,達興材料,31,0,31,群益金鼎-三民,2023-11-23,9188
3231,緯創,52,22,30,群益金鼎-三民,2023-11-23,9188
3715,定穎投控,82,53,29,群益金鼎-三民,2023-11-23,9188
2884,玉山金,31,4,27,群益金鼎-三民,2023-11-23,9188
3437,榮創,28,2,26,群益金鼎-三民,2023-11-23,9188
2329,華泰,30,5,25,群益金鼎-三民,2023-11-23,9188
5443,均豪,31,6,25,群益金鼎-三民,2023-11-23,9188
2614,東森,28,6,22,群益金鼎-三民,2023-11-23,9188
1815,富喬,25,4,21,群益金鼎-三民,2023-11-23,9188
4154,樂威科-KY,20,0,20,群益金鼎-三民,2023-11-23,9188
6223,旺矽,42,22,20,群益金鼎-三民,2023-11-23,9188
5468,凱鈺,20,2,18,群益金鼎-三民,2023-11-23,9188
0056,元大高股息,18,1,17,群益金鼎-三民,2023-11-23,9188
1513,中興電,18,1,17,群益金鼎-三民,2023-11-23,9188
8040,九暘,22,7,15,群益金鼎-三民,2023-11-23,9188
6237,驊訊,30,15,15,群益金鼎-三民,2023-11-23,9188
00915,凱基優選高股息30,15,0,15,群益金鼎-三民,2023-11-23,9188
8261,富鼎,62,47,15,群益金鼎-三民,2023-11-23,9188
6125,廣運,34,19,15,群益金鼎-三民,2023-11-23,9188
2883,凱基金,22,8,14,群益金鼎-三民,2023-11-23,9188
3557,嘉威,14,0,14,群益金鼎-三民,2023-11-23,9188
00720B,元大投資級公司債,13,0,13,群益金鼎-三民,2023-11-23,9188
2417,圓剛,29,16,13,群益金鼎-三民,2023-11-23,9188
2867,三商壽,12,0,12,群益金鼎-三民,2023-11-23,9188
5880,合庫金,12,0,12,群益金鼎-三民,2023-11-23,9188
3122,笙泉,26,14,12,群益金鼎-三民,2023-11-23,9188
2543,皇昌,11,0,11,群益金鼎-三民,2023-11-23,9188
1313,聯成,11,0,11,群益金鼎-三民,2023-11-23,9188
2915,潤泰全,12,1,11,群益金鼎-三民,2023-11-23,9188
6788,華景電,10,0,10,群益金鼎-三民,2023-11-23,9188
4138,曜亞,10,0,10,群益金鼎-三民,2023-11-23,9188
8068,全達,43,33,10,群益金鼎-三民,2023-11-23,9188
00636,國泰中國A50,10,0,10,群益金鼎-三民,2023-11-23,9188
8024,佑華,10,0,10,群益金鼎-三民,2023-11-23,9188
6116,彩晶,10,0,10,群益金鼎-三民,2023-11-23,9188
9103,美德醫療-DR,10,0,10,群益金鼎-三民,2023-11-23,9188
8358,金居,21,11,10,群益金鼎-三民,2023-11-23,9188
3176,基亞,9,0,9,群益金鼎-三民,2023-11-23,9188
2482,連宇,9,0,9,群益金鼎-三民,2023-11-23,9188
00878,國泰永續高股息,83,75,8,群益金鼎-三民,2023-11-23,9188
1216,統一,103,5,98,群益金鼎-三民,2023-11-24,9188
00637L,元大滬深300正2,82,6,76,群益金鼎-三民,2023-11-24,9188
1810,和成,73,3,70,群益金鼎-三民,2023-11-24,9188
1313,聯成,47,0,47,群益金鼎-三民,2023-11-24,9188
00933B,國泰10Y+金融債,45,0,45,群益金鼎-三民,2023-11-24,9188
00712,復華富時不動產,32,0,32,群益金鼎-三民,2023-11-24,9188
2618,長榮航,41,15,26,群益金鼎-三民,2023-11-24,9188
3437,榮創,57,34,23,群益金鼎-三民,2023-11-24,9188
5234,達興材料,23,0,23,群益金鼎-三民,2023-11-24,9188
2009,第一銅,23,0,23,群益金鼎-三民,2023-11-24,9188
2449,京元電子,24,2,22,群益金鼎-三民,2023-11-24,9188
00885,富邦越南,21,0,21,群益金鼎-三民,2023-11-24,9188
2867,三商壽,20,0,20,群益金鼎-三民,2023-11-24,9188
2888,新光金,25,7,18,群益金鼎-三民,2023-11-24,9188
2838,聯邦銀,18,0,18,群益金鼎-三民,2023-11-24,9188
2630,亞航,28,10,18,群益金鼎-三民,2023-11-24,9188
3264,欣銓,18,0,18,群益金鼎-三民,2023-11-24,9188
2359,所羅門,17,0,17,群益金鼎-三民,2023-11-24,9188
8289,泰藝,17,0,17,群益金鼎-三民,2023-11-24,9188
00902,中信電池及儲能,16,0,16,群益金鼎-三民,2023-11-24,9188
1773,勝一,15,0,15,群益金鼎-三民,2023-11-24,9188
2731,雄獅,15,0,15,群益金鼎-三民,2023-11-24,9188
2382,廣達,25,11,14,群益金鼎-三民,2023-11-24,9188
4956,光鋐,24,11,13,群益金鼎-三民,2023-11-24,9188
3006,晶豪科,16,5,11,群益金鼎-三民,2023-11-24,9188
3260,威剛,21,10,11,群益金鼎-三民,2023-11-24,9188
3078,僑威,15,4,11,群益金鼎-三民,2023-11-24,9188
2881,富邦金,11,0,11,群益金鼎-三民,2023-11-24,9188
2428,興勤,10,0,10,群益金鼎-三民,2023-11-24,9188
2347,聯強,10,0,10,群益金鼎-三民,2023-11-24,9188
8924,大田,10,0,10,群益金鼎-三民,2023-11-24,9188
00664R,國泰臺灣加權反1,10,0,10,群益金鼎-三民,2023-11-24,9188
2734,易飛網,11,1,10,群益金鼎-三民,2023-11-24,9188
6160,欣技,11,1,10,群益金鼎-三民,2023-11-24,9188
8926,台汽電,10,0,10,群益金鼎-三民,2023-11-24,9188
6548,長科*,10,0,10,群益金鼎-三民,2023-11-24,9188
2705,六福,10,0,10,群益金鼎-三民,2023-11-24,9188
6235,華孚,21,11,10,群益金鼎-三民,2023-11-24,9188
3014,聯陽,10,0,10,群益金鼎-三民,2023-11-24,9188
1513,中興電,77,67,10,群益金鼎-三民,2023-11-24,9188
6117,迎廣,19,10,9,群益金鼎-三民,2023-11-24,9188
1762,中化生,9,0,9,群益金鼎-三民,2023-11-24,9188
2610,華航,86,77,9,群益金鼎-三民,2023-11-24,9188
6274,台燿,29,21,8,群益金鼎-三民,2023-11-24,9188
2748,雲品,12,4,8,群益金鼎-三民,2023-11-24,9188
2405,輔信,17,9,8,群益金鼎-三民,2023-11-24,9188
00919,群益台灣精選高息,8,0,8,群益金鼎-三民,2023-11-24,9188
4138,曜亞,8,0,8,群益金鼎-三民,2023-11-24,9188
4746,台耀,9,1,8,群益金鼎-三民,2023-11-24,9188
3060,銘異,12,4,8,群益金鼎-三民,2023-11-24,9188
2002,中鋼,729,612,117,群益金鼎-三民,2023-11-27,9188
0056,元大高股息,113,5,108,群益金鼎-三民,2023-11-27,9188
00637L,元大滬深300正2,83,1,82,群益金鼎-三民,2023-11-27,9188
1799,易威,78,0,78,群益金鼎-三民,2023-11-27,9188
1514,亞力,142,78,64,群益金鼎-三民,2023-11-27,9188
2303,聯電,89,31,58,群益金鼎-三民,2023-11-27,9188
2634,漢翔,60,4,56,群益金鼎-三民,2023-11-27,9188
1471,首利,50,0,50,群益金鼎-三民,2023-11-27,9188
00919,群益台灣精選高息,57,12,45,群益金鼎-三民,2023-11-27,9188
00900,富邦特選高股息30,103,59,44,群益金鼎-三民,2023-11-27,9188
2344,華邦電,43,2,41,群益金鼎-三民,2023-11-27,9188
2801,彰銀,41,0,41,群益金鼎-三民,2023-11-27,9188
3022,威強電,40,0,40,群益金鼎-三民,2023-11-27,9188
1515,力山,40,0,40,群益金鼎-三民,2023-11-27,9188
1440,南紡,37,0,37,群益金鼎-三民,2023-11-27,9188
8034,榮群,36,0,36,群益金鼎-三民,2023-11-27,9188
00935,野村臺灣新科技50,37,1,36,群益金鼎-三民,2023-11-27,9188
00631L,元大台灣50正2,31,0,31,群益金鼎-三民,2023-11-27,9188
4154,樂威科-KY,29,0,29,群益金鼎-三民,2023-11-27,9188
2883,凱基金,598,574,24,群益金鼎-三民,2023-11-27,9188
00878,國泰永續高股息,128,105,23,群益金鼎-三民,2023-11-27,9188
2630,亞航,53,30,23,群益金鼎-三民,2023-11-27,9188
6606,建德工業,21,0,21,群益金鼎-三民,2023-11-27,9188
2618,長榮航,28,8,20,群益金鼎-三民,2023-11-27,9188
00679B,元大美債20年,107,87,20,群益金鼎-三民,2023-11-27,9188
3041,揚智,20,1,19,群益金鼎-三民,2023-11-27,9188
2382,廣達,24,5,19,群益金鼎-三民,2023-11-27,9188
3017,奇鋐,18,0,18,群益金鼎-三民,2023-11-27,9188
00642U,期元大S＆P石油,22,5,17,群益金鼎-三民,2023-11-27,9188
5880,合庫金,36,19,17,群益金鼎-三民,2023-11-27,9188
00720B,元大投資級公司債,16,0,16,群益金鼎-三民,2023-11-27,9188
6161,捷波,16,0,16,群益金鼎-三民,2023-11-27,9188
5234,達興材料,16,0,16,群益金鼎-三民,2023-11-27,9188
00687B,國泰20年美債,15,0,15,群益金鼎-三民,2023-11-27,9188
00712,復華富時不動產,15,0,15,群益金鼎-三民,2023-11-27,9188
2891,中信金,15,1,14,群益金鼎-三民,2023-11-27,9188
5009,榮剛,14,0,14,群益金鼎-三民,2023-11-27,9188
00934,中信成長高股息,14,0,14,群益金鼎-三民,2023-11-27,9188
00915,凱基優選高股息30,14,0,14,群益金鼎-三民,2023-11-27,9188
8936,國統,14,0,14,群益金鼎-三民,2023-11-27,9188
4138,曜亞,12,0,12,群益金鼎-三民,2023-11-27,9188
3706,神達,13,2,11,群益金鼎-三民,2023-11-27,9188
2498,宏達電,12,1,11,群益金鼎-三民,2023-11-27,9188
3437,榮創,22,11,11,群益金鼎-三民,2023-11-27,9188
00665L,富邦�琤肭磪囓�2,11,0,11,群益金鼎-三民,2023-11-27,9188
6147,頎邦,12,1,11,群益金鼎-三民,2023-11-27,9188
8033,雷虎,11,0,11,群益金鼎-三民,2023-11-27,9188
00857B,永豐20年美公債,11,0,11,群益金鼎-三民,2023-11-27,9188
00673R,期元大S＆P原油反1,15,4,11,群益金鼎-三民,2023-11-27,9188
4743,合一,36,25,11,群益金鼎-三民,2023-11-27,9188
2002,中鋼,606,404,202,群益金鼎-三民,2023-11-28,9188
2353,宏��,207,150,57,群益金鼎-三民,2023-11-28,9188
00662,富邦NASDAQ,50,0,50,群益金鼎-三民,2023-11-28,9188
1101,台泥,69,22,47,群益金鼎-三民,2023-11-28,9188
5351,鈺創,56,18,38,群益金鼎-三民,2023-11-28,9188
2367,燿華,42,9,33,群益金鼎-三民,2023-11-28,9188
912000,晨訊科-DR,33,0,33,群益金鼎-三民,2023-11-28,9188
2359,所羅門,23,3,20,群益金鼎-三民,2023-11-28,9188
2356,英業達,21,1,20,群益金鼎-三民,2023-11-28,9188
4114,健喬,33,14,19,群益金鼎-三民,2023-11-28,9188
2363,矽統,47,29,18,群益金鼎-三民,2023-11-28,9188
8110,華東,20,3,17,群益金鼎-三民,2023-11-28,9188
00680L,元大美債20正2,20,3,17,群益金鼎-三民,2023-11-28,9188
9919,康那香,35,18,17,群益金鼎-三民,2023-11-28,9188
5347,世界,22,7,15,群益金鼎-三民,2023-11-28,9188
2383,台光電,17,2,15,群益金鼎-三民,2023-11-28,9188
2457,飛宏,24,9,15,群益金鼎-三民,2023-11-28,9188
1514,亞力,45,31,14,群益金鼎-三民,2023-11-28,9188
8924,大田,13,0,13,群益金鼎-三民,2023-11-28,9188
1799,易威,12,0,12,群益金鼎-三民,2023-11-28,9188
2206,三陽工業,11,0,11,群益金鼎-三民,2023-11-28,9188
6139,亞翔,21,10,11,群益金鼎-三民,2023-11-28,9188
00885,富邦越南,11,0,11,群益金鼎-三民,2023-11-28,9188
4904,遠傳,10,0,10,群益金鼎-三民,2023-11-28,9188
00664R,國泰臺灣加權反1,10,0,10,群益金鼎-三民,2023-11-28,9188
8289,泰藝,10,0,10,群益金鼎-三民,2023-11-28,9188
4154,樂威科-KY,10,0,10,群益金鼎-三民,2023-11-28,9188
1752,南光,10,0,10,群益金鼎-三民,2023-11-28,9188
4109,加捷生醫,10,0,10,群益金鼎-三民,2023-11-28,9188
3017,奇鋐,10,0,10,群益金鼎-三民,2023-11-28,9188
2867,三商壽,10,0,10,群益金鼎-三民,2023-11-28,9188
3230,錦明,10,0,10,群益金鼎-三民,2023-11-28,9188
2344,華邦電,42,33,9,群益金鼎-三民,2023-11-28,9188
2641,正德,27,18,9,群益金鼎-三民,2023-11-28,9188
1701,中化,13,4,9,群益金鼎-三民,2023-11-28,9188
6129,普誠,20,11,9,群益金鼎-三民,2023-11-28,9188
3022,威強電,9,0,9,群益金鼎-三民,2023-11-28,9188
8261,富鼎,15,6,9,群益金鼎-三民,2023-11-28,9188
3231,緯創,41,33,8,群益金鼎-三民,2023-11-28,9188
3583,辛耘,8,0,8,群益金鼎-三民,2023-11-28,9188
2897,王道銀行,9,1,8,群益金鼎-三民,2023-11-28,9188
1907,永豐餘,8,0,8,群益金鼎-三民,2023-11-28,9188
1216,統一,123,115,8,群益金鼎-三民,2023-11-28,9188
3545,敦泰,27,19,8,群益金鼎-三民,2023-11-28,9188
2614,東森,7,0,7,群益金鼎-三民,2023-11-28,9188
3317,尼克森,8,1,7,群益金鼎-三民,2023-11-28,9188
4716,大立,7,0,7,群益金鼎-三民,2023-11-28,9188
3715,定穎投控,32,26,6,群益金鼎-三民,2023-11-28,9188
2816,旺旺保,8,2,6,群益金鼎-三民,2023-11-28,9188
3045,台灣大,6,0,6,群益金鼎-三民,2023-11-28,9188
00933B,國泰10Y+金融債,229,54,175,群益金鼎-三民,2023-11-29,9188
00637L,元大滬深300正2,67,2,65,群益金鼎-三民,2023-11-29,9188
2408,南亞科,51,3,48,群益金鼎-三民,2023-11-29,9188
2838,聯邦銀,32,0,32,群益金鼎-三民,2023-11-29,9188
1513,中興電,77,47,30,群益金鼎-三民,2023-11-29,9188
6173,信昌電,53,24,29,群益金鼎-三民,2023-11-29,9188
5328,華容,46,17,29,群益金鼎-三民,2023-11-29,9188
00882,中信中國高股息,27,0,27,群益金鼎-三民,2023-11-29,9188
00665L,富邦�琤肭磪囓�2,26,0,26,群益金鼎-三民,2023-11-29,9188
2618,長榮航,29,5,24,群益金鼎-三民,2023-11-29,9188
00936,台新永續高息中小,34,10,24,群益金鼎-三民,2023-11-29,9188
00632R,元大台灣50反1,20,0,20,群益金鼎-三民,2023-11-29,9188
3419,譁裕,20,0,20,群益金鼎-三民,2023-11-29,9188
00664R,國泰臺灣加權反1,20,0,20,群益金鼎-三民,2023-11-29,9188
2344,華邦電,46,28,18,群益金鼎-三民,2023-11-29,9188
2014,中鴻,18,0,18,群益金鼎-三民,2023-11-29,9188
8289,泰藝,15,0,15,群益金鼎-三民,2023-11-29,9188
6462,神盾,20,6,14,群益金鼎-三民,2023-11-29,9188
4154,樂威科-KY,14,0,14,群益金鼎-三民,2023-11-29,9188
00680L,元大美債20正2,13,0,13,群益金鼎-三民,2023-11-29,9188
2104,國際中橡,12,0,12,群益金鼎-三民,2023-11-29,9188
8110,華東,13,1,12,群益金鼎-三民,2023-11-29,9188
2230,泰茂,13,1,12,群益金鼎-三民,2023-11-29,9188
6770,力積電,12,0,12,群益金鼎-三民,2023-11-29,9188
2303,聯電,16,4,12,群益金鼎-三民,2023-11-29,9188
6158,禾昌,11,0,11,群益金鼎-三民,2023-11-29,9188
3372,典範,11,0,11,群益金鼎-三民,2023-11-29,9188
1799,易威,10,0,10,群益金鼎-三民,2023-11-29,9188
6160,欣技,10,0,10,群益金鼎-三民,2023-11-29,9188
2371,大同,10,0,10,群益金鼎-三民,2023-11-29,9188
00676R,富邦臺灣加權反1,10,0,10,群益金鼎-三民,2023-11-29,9188
00751B,元大AAA至A公司債,11,1,10,群益金鼎-三民,2023-11-29,9188
00690,兆豐藍籌30,10,0,10,群益金鼎-三民,2023-11-29,9188
2462,良得電,10,0,10,群益金鼎-三民,2023-11-29,9188
00636,國泰中國A50,10,0,10,群益金鼎-三民,2023-11-29,9188
00934,中信成長高股息,10,1,9,群益金鼎-三民,2023-11-29,9188
1603,華電,9,0,9,群益金鼎-三民,2023-11-29,9188
00919,群益台灣精選高息,14,6,8,群益金鼎-三民,2023-11-29,9188
2882,國泰金,8,0,8,群益金鼎-三民,2023-11-29,9188
6606,建德工業,8,0,8,群益金鼎-三民,2023-11-29,9188
2888,新光金,10,2,8,群益金鼎-三民,2023-11-29,9188
00752,中信中國50,8,0,8,群益金鼎-三民,2023-11-29,9188
6188,廣明,7,0,7,群益金鼎-三民,2023-11-29,9188
2610,華航,15,9,6,群益金鼎-三民,2023-11-29,9188
3706,神達,13,7,6,群益金鼎-三民,2023-11-29,9188
6266,泰詠,6,0,6,群益金鼎-三民,2023-11-29,9188
2543,皇昌,8,2,6,群益金鼎-三民,2023-11-29,9188
4952,凌通,9,3,6,群益金鼎-三民,2023-11-29,9188
3266,昇陽,6,0,6,群益金鼎-三民,2023-11-29,9188
1524,耿鼎,8,2,6,群益金鼎-三民,2023-11-29,9188
00632R,元大台灣50反1,998,0,998,群益金鼎-三民,2023-11-30,9188
2838,聯邦銀,60,0,60,群益金鼎-三民,2023-11-30,9188
2369,菱生,68,10,58,群益金鼎-三民,2023-11-30,9188
00919,群益台灣精選高息,52,0,52,群益金鼎-三民,2023-11-30,9188
00712,復華富時不動產,50,0,50,群益金鼎-三民,2023-11-30,9188
00665L,富邦�琤肭磪囓�2,50,0,50,群益金鼎-三民,2023-11-30,9188
2504,國產,50,1,49,群益金鼎-三民,2023-11-30,9188
00680L,元大美債20正2,35,0,35,群益金鼎-三民,2023-11-30,9188
2313,華通,45,14,31,群益金鼎-三民,2023-11-30,9188
6606,建德工業,30,0,30,群益金鼎-三民,2023-11-30,9188
6271,同欣電,29,1,28,群益金鼎-三民,2023-11-30,9188
00934,中信成長高股息,26,0,26,群益金鼎-三民,2023-11-30,9188
2498,宏達電,23,0,23,群益金鼎-三民,2023-11-30,9188
8112,至上,30,7,23,群益金鼎-三民,2023-11-30,9188
00882,中信中國高股息,32,10,22,群益金鼎-三民,2023-11-30,9188
2329,華泰,74,52,22,群益金鼎-三民,2023-11-30,9188
3050,鈺德,21,0,21,群益金鼎-三民,2023-11-30,9188
4109,加捷生醫,20,0,20,群益金鼎-三民,2023-11-30,9188
1325,恆大,21,1,20,群益金鼎-三民,2023-11-30,9188
8096,擎亞,23,3,20,群益金鼎-三民,2023-11-30,9188
2609,陽明,20,1,19,群益金鼎-三民,2023-11-30,9188
3231,緯創,31,12,19,群益金鼎-三民,2023-11-30,9188
2834,臺企銀,20,1,19,群益金鼎-三民,2023-11-30,9188
6161,捷波,18,0,18,群益金鼎-三民,2023-11-30,9188
2885,元大金,18,1,17,群益金鼎-三民,2023-11-30,9188
2359,所羅門,18,2,16,群益金鼎-三民,2023-11-30,9188
2888,新光金,14,0,14,群益金鼎-三民,2023-11-30,9188
8927,北基,30,17,13,群益金鼎-三民,2023-11-30,9188
2303,聯電,13,0,13,群益金鼎-三民,2023-11-30,9188
2618,長榮航,26,13,13,群益金鼎-三民,2023-11-30,9188
1101,台泥,28,16,12,群益金鼎-三民,2023-11-30,9188
5386,青雲,13,1,12,群益金鼎-三民,2023-11-30,9188
2455,全新,28,16,12,群益金鼎-三民,2023-11-30,9188
5880,合庫金,18,6,12,群益金鼎-三民,2023-11-30,9188
2472,立隆電,12,1,11,群益金鼎-三民,2023-11-30,9188
3059,華晶科,16,5,11,群益金鼎-三民,2023-11-30,9188
00935,野村臺灣新科技50,10,0,10,群益金鼎-三民,2023-11-30,9188
2201,裕隆,11,1,10,群益金鼎-三民,2023-11-30,9188
6147,頎邦,15,5,10,群益金鼎-三民,2023-11-30,9188
2458,義隆,10,0,10,群益金鼎-三民,2023-11-30,9188
8054,安國,28,18,10,群益金鼎-三民,2023-11-30,9188
2014,中鴻,13,3,10,群益金鼎-三民,2023-11-30,9188
2540,愛山林,10,0,10,群益金鼎-三民,2023-11-30,9188
3437,榮創,23,13,10,群益金鼎-三民,2023-11-30,9188
1513,中興電,22,13,9,群益金鼎-三民,2023-11-30,9188
6282,康舒,15,6,9,群益金鼎-三民,2023-11-30,9188
2363,矽統,42,33,9,群益金鼎-三民,2023-11-30,9188
3045,台灣大,9,0,9,群益金鼎-三民,2023-11-30,9188
2332,友訊,11,2,9,群益金鼎-三民,2023-11-30,9188
6757,台灣虎航,10,1,9,群益金鼎-三民,2023-11-30,9188
2618,長榮航,593,41,552,群益金鼎-三民,2023-12-01,9188
2002,中鋼,449,1,448,群益金鼎-三民,2023-12-01,9188
00919,群益台灣精選高息,131,35,96,群益金鼎-三民,2023-12-01,9188
2353,宏��,144,54,90,群益金鼎-三民,2023-12-01,9188
2419,仲琦,63,0,63,群益金鼎-三民,2023-12-01,9188
3231,緯創,89,40,49,群益金鼎-三民,2023-12-01,9188
5880,合庫金,48,1,47,群益金鼎-三民,2023-12-01,9188
3294,英濟,46,0,46,群益金鼎-三民,2023-12-01,9188
3706,神達,51,7,44,群益金鼎-三民,2023-12-01,9188
00929,復華台灣科技優息,81,41,40,群益金鼎-三民,2023-12-01,9188
912000,晨訊科-DR,40,0,40,群益金鼎-三民,2023-12-01,9188
8927,北基,72,33,39,群益金鼎-三民,2023-12-01,9188
00637L,元大滬深300正2,41,3,38,群益金鼎-三民,2023-12-01,9188
1101,台泥,39,3,36,群益金鼎-三民,2023-12-01,9188
00900,富邦特選高股息30,117,87,30,群益金鼎-三民,2023-12-01,9188
2883,凱基金,338,311,27,群益金鼎-三民,2023-12-01,9188
1514,亞力,40,13,27,群益金鼎-三民,2023-12-01,9188
2891,中信金,24,0,24,群益金鼎-三民,2023-12-01,9188
1802,台玻,21,0,21,群益金鼎-三民,2023-12-01,9188
3363,上詮,22,2,20,群益金鼎-三民,2023-12-01,9188
3062,建漢,20,0,20,群益金鼎-三民,2023-12-01,9188
2867,三商壽,20,0,20,群益金鼎-三民,2023-12-01,9188
2834,臺企銀,20,0,20,群益金鼎-三民,2023-12-01,9188
2359,所羅門,66,46,20,群益金鼎-三民,2023-12-01,9188
3419,譁裕,20,0,20,群益金鼎-三民,2023-12-01,9188
00680L,元大美債20正2,19,0,19,群益金鼎-三民,2023-12-01,9188
8054,安國,43,25,18,群益金鼎-三民,2023-12-01,9188
1504,東元,18,0,18,群益金鼎-三民,2023-12-01,9188
2880,華南金,22,4,18,群益金鼎-三民,2023-12-01,9188
00679B,元大美債20年,114,97,17,群益金鼎-三民,2023-12-01,9188
00642U,期元大S＆P石油,18,4,14,群益金鼎-三民,2023-12-01,9188
1325,恆大,21,7,14,群益金鼎-三民,2023-12-01,9188
1515,力山,21,7,14,群益金鼎-三民,2023-12-01,9188
2301,光寶科,16,3,13,群益金鼎-三民,2023-12-01,9188
00931B,統一美債20年,13,0,13,群益金鼎-三民,2023-12-01,9188
6108,競國,13,0,13,群益金鼎-三民,2023-12-01,9188
6180,橘子,22,9,13,群益金鼎-三民,2023-12-01,9188
2884,玉山金,13,0,13,群益金鼎-三民,2023-12-01,9188
2337,旺宏,13,1,12,群益金鼎-三民,2023-12-01,9188
6161,捷波,12,0,12,群益金鼎-三民,2023-12-01,9188
2472,立隆電,13,1,12,群益金鼎-三民,2023-12-01,9188
2498,宏達電,12,0,12,群益金鼎-三民,2023-12-01,9188
5351,鈺創,22,10,12,群益金鼎-三民,2023-12-01,9188
3042,晶技,12,0,12,群益金鼎-三民,2023-12-01,9188
2885,元大金,13,1,12,群益金鼎-三民,2023-12-01,9188
6274,台燿,13,2,11,群益金鼎-三民,2023-12-01,9188
1313,聯成,13,2,11,群益金鼎-三民,2023-12-01,9188
5234,達興材料,11,0,11,群益金鼎-三民,2023-12-01,9188
3704,合勤控,14,3,11,群益金鼎-三民,2023-12-01,9188
2492,華新科,22,11,11,群益金鼎-三民,2023-12-01,9188
4904,遠傳,150,0,150,群益金鼎-三民,2023-12-04,9188
3481,群創,213,91,122,群益金鼎-三民,2023-12-04,9188
6005,群益證,120,2,118,群益金鼎-三民,2023-12-04,9188
2609,陽明,132,65,67,群益金鼎-三民,2023-12-04,9188
2883,凱基金,374,311,63,群益金鼎-三民,2023-12-04,9188
2317,鴻海,69,6,63,群益金鼎-三民,2023-12-04,9188
1514,亞力,109,47,62,群益金鼎-三民,2023-12-04,9188
00642U,期元大S＆P石油,51,3,48,群益金鼎-三民,2023-12-04,9188
3715,定穎投控,68,23,45,群益金鼎-三民,2023-12-04,9188
00715L,期街口布蘭特正2,47,2,45,群益金鼎-三民,2023-12-04,9188
6257,矽格,40,2,38,群益金鼎-三民,2023-12-04,9188
1605,華新,39,4,35,群益金鼎-三民,2023-12-04,9188
2538,基泰,36,1,35,群益金鼎-三民,2023-12-04,9188
2355,敬鵬,73,38,35,群益金鼎-三民,2023-12-04,9188
3013,晟銘電,61,27,34,群益金鼎-三民,2023-12-04,9188
00878,國泰永續高股息,188,156,32,群益金鼎-三民,2023-12-04,9188
2388,威盛,43,11,32,群益金鼎-三民,2023-12-04,9188
2528,皇普,30,0,30,群益金鼎-三民,2023-12-04,9188
2337,旺宏,30,3,27,群益金鼎-三民,2023-12-04,9188
00918,大華優利高填息30,28,1,27,群益金鼎-三民,2023-12-04,9188
2363,矽統,44,19,25,群益金鼎-三民,2023-12-04,9188
5608,四維航,40,15,25,群益金鼎-三民,2023-12-04,9188
1504,東元,24,2,22,群益金鼎-三民,2023-12-04,9188
5225,東科-KY,22,0,22,群益金鼎-三民,2023-12-04,9188
2421,建準,23,2,21,群益金鼎-三民,2023-12-04,9188
8064,東捷,22,1,21,群益金鼎-三民,2023-12-04,9188
2614,東森,24,3,21,群益金鼎-三民,2023-12-04,9188
8210,勤誠,23,3,20,群益金鼎-三民,2023-12-04,9188
2610,華航,27,7,20,群益金鼎-三民,2023-12-04,9188
6139,亞翔,23,3,20,群益金鼎-三民,2023-12-04,9188
4532,瑞智,30,10,20,群益金鼎-三民,2023-12-04,9188
2834,臺企銀,20,0,20,群益金鼎-三民,2023-12-04,9188
6235,華孚,18,0,18,群益金鼎-三民,2023-12-04,9188
1609,大亞,19,1,18,群益金鼎-三民,2023-12-04,9188
00882,中信中國高股息,16,0,16,群益金鼎-三民,2023-12-04,9188
6684,安格,29,14,15,群益金鼎-三民,2023-12-04,9188
2353,宏��,14,0,14,群益金鼎-三民,2023-12-04,9188
9919,康那香,80,66,14,群益金鼎-三民,2023-12-04,9188
00933B,國泰10Y+金融債,58,45,13,群益金鼎-三民,2023-12-04,9188
8033,雷虎,13,1,12,群益金鼎-三民,2023-12-04,9188
8289,泰藝,14,2,12,群益金鼎-三民,2023-12-04,9188
00662,富邦NASDAQ,12,0,12,群益金鼎-三民,2023-12-04,9188
8088,品安,21,9,12,群益金鼎-三民,2023-12-04,9188
3325,旭品,33,21,12,群益金鼎-三民,2023-12-04,9188
00919,群益台灣精選高息,96,85,11,群益金鼎-三民,2023-12-04,9188
3583,辛耘,12,1,11,群益金鼎-三民,2023-12-04,9188
2211,長榮鋼,11,0,11,群益金鼎-三民,2023-12-04,9188
2106,建大,11,0,11,群益金鼎-三民,2023-12-04,9188
1708,東鹼,11,0,11,群益金鼎-三民,2023-12-04,9188
2867,三商壽,11,0,11,群益金鼎-三民,2023-12-04,9188
912000,晨訊科-DR,133,1,132,群益金鼎-三民,2023-12-05,9188
00919,群益台灣精選高息,120,24,96,群益金鼎-三民,2023-12-05,9188
3231,緯創,53,0,53,群益金鼎-三民,2023-12-05,9188
00929,復華台灣科技優息,124,74,50,群益金鼎-三民,2023-12-05,9188
00637L,元大滬深300正2,63,16,47,群益金鼎-三民,2023-12-05,9188
00878,國泰永續高股息,545,506,39,群益金鼎-三民,2023-12-05,9188
2528,皇普,30,0,30,群益金鼎-三民,2023-12-05,9188
2641,正德,56,27,29,群益金鼎-三民,2023-12-05,9188
2337,旺宏,29,0,29,群益金鼎-三民,2023-12-05,9188
2014,中鴻,28,0,28,群益金鼎-三民,2023-12-05,9188
9105,泰金寶-DR,29,1,28,群益金鼎-三民,2023-12-05,9188
2349,錸德,27,0,27,群益金鼎-三民,2023-12-05,9188
2617,台航,66,40,26,群益金鼎-三民,2023-12-05,9188
2607,榮運,38,12,26,群益金鼎-三民,2023-12-05,9188
1605,華新,28,3,25,群益金鼎-三民,2023-12-05,9188
1504,東元,32,8,24,群益金鼎-三民,2023-12-05,9188
00708L,期元大S＆P黃金正2,29,5,24,群益金鼎-三民,2023-12-05,9188
2363,矽統,54,31,23,群益金鼎-三民,2023-12-05,9188
5203,訊連,24,1,23,群益金鼎-三民,2023-12-05,9188
3708,上緯投控,23,0,23,群益金鼎-三民,2023-12-05,9188
2884,玉山金,25,3,22,群益金鼎-三民,2023-12-05,9188
2606,裕民,63,42,21,群益金鼎-三民,2023-12-05,9188
1802,台玻,21,0,21,群益金鼎-三民,2023-12-05,9188
2618,長榮航,29,8,21,群益金鼎-三民,2023-12-05,9188
2390,云辰,20,0,20,群益金鼎-三民,2023-12-05,9188
1752,南光,20,0,20,群益金鼎-三民,2023-12-05,9188
006208,富邦台50,20,0,20,群益金鼎-三民,2023-12-05,9188
9945,潤泰新,19,0,19,群益金鼎-三民,2023-12-05,9188
2355,敬鵬,31,13,18,群益金鼎-三民,2023-12-05,9188
2610,華航,20,2,18,群益金鼎-三民,2023-12-05,9188
2891,中信金,20,2,18,群益金鼎-三民,2023-12-05,9188
00918,大華優利高填息30,17,0,17,群益金鼎-三民,2023-12-05,9188
1314,中石化,17,0,17,群益金鼎-三民,2023-12-05,9188
2303,聯電,18,2,16,群益金鼎-三民,2023-12-05,9188
3669,圓展,16,0,16,群益金鼎-三民,2023-12-05,9188
3715,定穎投控,24,8,16,群益金鼎-三民,2023-12-05,9188
1506,正道,17,2,15,群益金鼎-三民,2023-12-05,9188
00931B,統一美債20年,16,1,15,群益金鼎-三民,2023-12-05,9188
5603,陸海,26,11,15,群益金鼎-三民,2023-12-05,9188
2888,新光金,18,3,15,群益金鼎-三民,2023-12-05,9188
5347,世界,15,1,14,群益金鼎-三民,2023-12-05,9188
8289,泰藝,14,0,14,群益金鼎-三民,2023-12-05,9188
6112,邁達特,16,3,13,群益金鼎-三民,2023-12-05,9188
00935,野村臺灣新科技50,40,27,13,群益金鼎-三民,2023-12-05,9188
5880,合庫金,13,0,13,群益金鼎-三民,2023-12-05,9188
2489,瑞軒,12,0,12,群益金鼎-三民,2023-12-05,9188
00905,FT臺灣Smart,12,0,12,群益金鼎-三民,2023-12-05,9188
2344,華邦電,13,1,12,群益金鼎-三民,2023-12-05,9188
8088,品安,17,6,11,群益金鼎-三民,2023-12-05,9188
00915,凱基優選高股息30,11,0,11,群益金鼎-三民,2023-12-05,9188
00671R,富邦NASDAQ反1,400,0,400,群益金鼎-三民,2023-12-06,9188
2610,華航,299,2,297,群益金鼎-三民,2023-12-06,9188
00919,群益台灣精選高息,180,19,161,群益金鼎-三民,2023-12-06,9188
2002,中鋼,103,6,97,群益金鼎-三民,2023-12-06,9188
2605,新興,100,47,53,群益金鼎-三民,2023-12-06,9188
3481,群創,449,403,46,群益金鼎-三民,2023-12-06,9188
2641,正德,69,24,45,群益金鼎-三民,2023-12-06,9188
00637L,元大滬深300正2,60,18,42,群益金鼎-三民,2023-12-06,9188
00642U,期元大S＆P石油,37,4,33,群益金鼎-三民,2023-12-06,9188
00715L,期街口布蘭特正2,35,2,33,群益金鼎-三民,2023-12-06,9188
3041,揚智,74,42,32,群益金鼎-三民,2023-12-06,9188
2409,友達,31,0,31,群益金鼎-三民,2023-12-06,9188
2303,聯電,36,7,29,群益金鼎-三民,2023-12-06,9188
6148,驊宏資,33,4,29,群益金鼎-三民,2023-12-06,9188
2882,國泰金,30,1,29,群益金鼎-三民,2023-12-06,9188
2421,建準,30,2,28,群益金鼎-三民,2023-12-06,9188
00935,野村臺灣新科技50,27,0,27,群益金鼎-三民,2023-12-06,9188
4154,樂威科-KY,24,0,24,群益金鼎-三民,2023-12-06,9188
2498,宏達電,22,0,22,群益金鼎-三民,2023-12-06,9188
2408,南亞科,23,1,22,群益金鼎-三民,2023-12-06,9188
3045,台灣大,22,0,22,群益金鼎-三民,2023-12-06,9188
1528,恩德,21,0,21,群益金鼎-三民,2023-12-06,9188
2611,志信,85,65,20,群益金鼎-三民,2023-12-06,9188
00896,中信綠能及電動車,20,0,20,群益金鼎-三民,2023-12-06,9188
00665L,富邦�琤肭磪囓�2,20,0,20,群益金鼎-三民,2023-12-06,9188
00636,國泰中國A50,20,0,20,群益金鼎-三民,2023-12-06,9188
2528,皇普,23,3,20,群益金鼎-三民,2023-12-06,9188
6191,精成科,20,1,19,群益金鼎-三民,2023-12-06,9188
00687B,國泰20年美債,26,7,19,群益金鼎-三民,2023-12-06,9188
00679B,元大美債20年,117,99,18,群益金鼎-三民,2023-12-06,9188
00882,中信中國高股息,18,1,17,群益金鼎-三民,2023-12-06,9188
6486,互動,17,0,17,群益金鼎-三民,2023-12-06,9188
6492,生華科,17,0,17,群益金鼎-三民,2023-12-06,9188
2369,菱生,16,0,16,群益金鼎-三民,2023-12-06,9188
8261,富鼎,15,0,15,群益金鼎-三民,2023-12-06,9188
00929,復華台灣科技優息,40,25,15,群益金鼎-三民,2023-12-06,9188
4561,健椿,15,0,15,群益金鼎-三民,2023-12-06,9188
1449,佳和,15,0,15,群益金鼎-三民,2023-12-06,9188
00915,凱基優選高股息30,18,3,15,群益金鼎-三民,2023-12-06,9188
00907,永豐優息存股,14,0,14,群益金鼎-三民,2023-12-06,9188
00934,中信成長高股息,24,10,14,群益金鼎-三民,2023-12-06,9188
00902,中信電池及儲能,14,0,14,群益金鼎-三民,2023-12-06,9188
1524,耿鼎,18,4,14,群益金鼎-三民,2023-12-06,9188
1781,合世,14,1,13,群益金鼎-三民,2023-12-06,9188
2323,中環,13,0,13,群益金鼎-三民,2023-12-06,9188
1522,堤維西,32,19,13,群益金鼎-三民,2023-12-06,9188
1101,台泥,13,0,13,群益金鼎-三民,2023-12-06,9188
1504,東元,43,30,13,群益金鼎-三民,2023-12-06,9188
4167,松瑞藥,15,3,12,群益金鼎-三民,2023-12-06,9188
8927,北基,12,0,12,群益金鼎-三民,2023-12-06,9188
00919,群益台灣精選高息,346,9,337,群益金鼎-三民,2023-12-07,9188
00632R,元大台灣50反1,463,200,263,群益金鼎-三民,2023-12-07,9188
2356,英業達,103,3,100,群益金鼎-三民,2023-12-07,9188
00712,復華富時不動產,86,4,82,群益金鼎-三民,2023-12-07,9188
00680L,元大美債20正2,94,24,70,群益金鼎-三民,2023-12-07,9188
1802,台玻,70,3,67,群益金鼎-三民,2023-12-07,9188
00891,中信關鍵半導體,60,0,60,群益金鼎-三民,2023-12-07,9188
1339,昭輝,50,0,50,群益金鼎-三民,2023-12-07,9188
1402,遠東新,50,1,49,群益金鼎-三民,2023-12-07,9188
9950,萬國通,60,12,48,群益金鼎-三民,2023-12-07,9188
2881,富邦金,57,10,47,群益金鼎-三民,2023-12-07,9188
00937B,群益ESG投等債20,220,177,43,群益金鼎-三民,2023-12-07,9188
9103,美德醫療-DR,40,0,40,群益金鼎-三民,2023-12-07,9188
00902,中信電池及儲能,40,0,40,群益金鼎-三民,2023-12-07,9188
00715L,期街口布蘭特正2,149,111,38,群益金鼎-三民,2023-12-07,9188
2618,長榮航,129,92,37,群益金鼎-三民,2023-12-07,9188
00931B,統一美債20年,80,45,35,群益金鼎-三民,2023-12-07,9188
1455,集盛,32,0,32,群益金鼎-三民,2023-12-07,9188
00882,中信中國高股息,41,10,31,群益金鼎-三民,2023-12-07,9188
00885,富邦越南,30,0,30,群益金鼎-三民,2023-12-07,9188
00935,野村臺灣新科技50,26,0,26,群益金鼎-三民,2023-12-07,9188
2641,正德,52,26,26,群益金鼎-三民,2023-12-07,9188
4105,東洋,24,1,23,群益金鼎-三民,2023-12-07,9188
2367,燿華,28,6,22,群益金鼎-三民,2023-12-07,9188
3032,偉訓,22,0,22,群益金鼎-三民,2023-12-07,9188
00922,國泰台灣領袖50,21,0,21,群益金鼎-三民,2023-12-07,9188
2605,新興,58,37,21,群益金鼎-三民,2023-12-07,9188
1815,富喬,21,0,21,群益金鼎-三民,2023-12-07,9188
6161,捷波,21,1,20,群益金鼎-三民,2023-12-07,9188
1217,愛之味,20,0,20,群益金鼎-三民,2023-12-07,9188
00918,大華優利高填息30,25,6,19,群益金鼎-三民,2023-12-07,9188
00642U,期元大S＆P石油,19,1,18,群益金鼎-三民,2023-12-07,9188
006208,富邦台50,35,18,17,群益金鼎-三民,2023-12-07,9188
3264,欣銓,19,2,17,群益金鼎-三民,2023-12-07,9188
5439,高技,18,1,17,群益金鼎-三民,2023-12-07,9188
1529,樂事綠能,29,12,17,群益金鼎-三民,2023-12-07,9188
8358,金居,22,5,17,群益金鼎-三民,2023-12-07,9188
6243,迅杰,44,28,16,群益金鼎-三民,2023-12-07,9188
2882,國泰金,16,0,16,群益金鼎-三民,2023-12-07,9188
00752,中信中國50,16,0,16,群益金鼎-三民,2023-12-07,9188
3622,洋華,19,3,16,群益金鼎-三民,2023-12-07,9188
00772B,中信高評級公司債,21,5,16,群益金鼎-三民,2023-12-07,9188
6116,彩晶,20,4,16,群益金鼎-三民,2023-12-07,9188
2382,廣達,39,24,15,群益金鼎-三民,2023-12-07,9188
2363,矽統,35,20,15,群益金鼎-三民,2023-12-07,9188
3715,定穎投控,32,17,15,群益金鼎-三民,2023-12-07,9188
3260,威剛,18,3,15,群益金鼎-三民,2023-12-07,9188
6109,亞元,15,1,14,群益金鼎-三民,2023-12-07,9188
3035,智原,20,7,13,群益金鼎-三民,2023-12-07,9188
3483,力致,13,1,12,群益金鼎-三民,2023-12-07,9188
00632R,元大台灣50反1,420,10,410,群益金鼎-三民,2023-12-08,9188
2356,英業達,142,11,131,群益金鼎-三民,2023-12-08,9188
2605,新興,186,64,122,群益金鼎-三民,2023-12-08,9188
00919,群益台灣精選高息,75,9,66,群益金鼎-三民,2023-12-08,9188
2637,慧洋-KY,61,6,55,群益金鼎-三民,2023-12-08,9188
00882,中信中國高股息,52,1,51,群益金鼎-三民,2023-12-08,9188
1314,中石化,50,0,50,群益金鼎-三民,2023-12-08,9188
2323,中環,50,2,48,群益金鼎-三民,2023-12-08,9188
1503,士電,50,2,48,群益金鼎-三民,2023-12-08,9188
5351,鈺創,73,26,47,群益金鼎-三民,2023-12-08,9188
4906,正文,42,4,38,群益金鼎-三民,2023-12-08,9188
8086,宏捷科,38,1,37,群益金鼎-三民,2023-12-08,9188
00931B,統一美債20年,36,0,36,群益金鼎-三民,2023-12-08,9188
2885,元大金,35,0,35,群益金鼎-三民,2023-12-08,9188
4939,亞電,32,0,32,群益金鼎-三民,2023-12-08,9188
3022,威強電,27,0,27,群益金鼎-三民,2023-12-08,9188
3481,群創,30,4,26,群益金鼎-三民,2023-12-08,9188
00712,復華富時不動產,31,7,24,群益金鼎-三民,2023-12-08,9188
2413,環科,25,3,22,群益金鼎-三民,2023-12-08,9188
6168,宏齊,23,2,21,群益金鼎-三民,2023-12-08,9188
2358,廷鑫,20,0,20,群益金鼎-三民,2023-12-08,9188
2014,中鴻,20,0,20,群益金鼎-三民,2023-12-08,9188
5347,世界,20,0,20,群益金鼎-三民,2023-12-08,9188
3706,神達,23,3,20,群益金鼎-三民,2023-12-08,9188
5210,寶碩,18,0,18,群益金鼎-三民,2023-12-08,9188
2363,矽統,27,10,17,群益金鼎-三民,2023-12-08,9188
3231,緯創,40,23,17,群益金鼎-三民,2023-12-08,9188
6161,捷波,17,0,17,群益金鼎-三民,2023-12-08,9188
00637L,元大滬深300正2,46,30,16,群益金鼎-三民,2023-12-08,9188
00929,復華台灣科技優息,37,22,15,群益金鼎-三民,2023-12-08,9188
2882,國泰金,15,0,15,群益金鼎-三民,2023-12-08,9188
2312,金寶,15,0,15,群益金鼎-三民,2023-12-08,9188
00715L,期街口布蘭特正2,15,0,15,群益金鼎-三民,2023-12-08,9188
00687B,國泰20年美債,23,9,14,群益金鼎-三民,2023-12-08,9188
2409,友達,15,1,14,群益金鼎-三民,2023-12-08,9188
00900,富邦特選高股息30,180,167,13,群益金鼎-三民,2023-12-08,9188
1618,合機,18,5,13,群益金鼎-三民,2023-12-08,9188
2367,燿華,14,1,13,群益金鼎-三民,2023-12-08,9188
00918,大華優利高填息30,11,0,11,群益金鼎-三民,2023-12-08,9188
2462,良得電,19,8,11,群益金鼎-三民,2023-12-08,9188
1714,和桐,10,0,10,群益金鼎-三民,2023-12-08,9188
4167,松瑞藥,11,1,10,群益金鼎-三民,2023-12-08,9188
2867,三商壽,10,0,10,群益金鼎-三民,2023-12-08,9188
8105,凌巨,10,0,10,群益金鼎-三民,2023-12-08,9188
00921,兆豐龍頭等權重,10,0,10,群益金鼎-三民,2023-12-08,9188
3006,晶豪科,15,5,10,群益金鼎-三民,2023-12-08,9188
5353,台林,10,0,10,群益金鼎-三民,2023-12-08,9188
2401,凌陽,18,8,10,群益金鼎-三民,2023-12-08,9188
3704,合勤控,10,1,9,群益金鼎-三民,2023-12-08,9188
1591,駿吉-KY,15,6,9,群益金鼎-三民,2023-12-08,9188
00919,群益台灣精選高息,256,38,218,群益金鼎-三民,2023-12-11,9188
2605,新興,164,11,153,群益金鼎-三民,2023-12-11,9188
5452,佶優,82,0,82,群益金鼎-三民,2023-12-11,9188
00918,大華優利高填息30,64,2,62,群益金鼎-三民,2023-12-11,9188
00929,復華台灣科技優息,119,63,56,群益金鼎-三民,2023-12-11,9188
3532,台勝科,51,0,51,群益金鼎-三民,2023-12-11,9188
1339,昭輝,50,0,50,群益金鼎-三民,2023-12-11,9188
1524,耿鼎,82,37,45,群益金鼎-三民,2023-12-11,9188
6265,方土昶,41,0,41,群益金鼎-三民,2023-12-11,9188
2002,中鋼,39,0,39,群益金鼎-三民,2023-12-11,9188
1618,合機,65,29,36,群益金鼎-三民,2023-12-11,9188
3231,緯創,55,19,36,群益金鼎-三民,2023-12-11,9188
00712,復華富時不動產,37,1,36,群益金鼎-三民,2023-12-11,9188
2888,新光金,54,20,34,群益金鼎-三民,2023-12-11,9188
3499,環天科,27,0,27,群益金鼎-三民,2023-12-11,9188
2838,聯邦銀,23,0,23,群益金鼎-三民,2023-12-11,9188
2317,鴻海,24,1,23,群益金鼎-三民,2023-12-11,9188
00679B,元大美債20年,106,85,21,群益金鼎-三民,2023-12-11,9188
2365,昆盈,21,0,21,群益金鼎-三民,2023-12-11,9188
00637L,元大滬深300正2,51,31,20,群益金鼎-三民,2023-12-11,9188
1609,大亞,34,14,20,群益金鼎-三民,2023-12-11,9188
2356,英業達,22,3,19,群益金鼎-三民,2023-12-11,9188
6757,台灣虎航,17,0,17,群益金鼎-三民,2023-12-11,9188
4906,正文,29,14,15,群益金鼎-三民,2023-12-11,9188
00773B,中信優先金融債,15,0,15,群益金鼎-三民,2023-12-11,9188
4743,合一,17,3,14,群益金鼎-三民,2023-12-11,9188
2301,光寶科,14,1,13,群益金鼎-三民,2023-12-11,9188
6282,康舒,16,4,12,群益金鼎-三民,2023-12-11,9188
00936,台新永續高息中小,12,0,12,群益金鼎-三民,2023-12-11,9188
3206,志豐,19,7,12,群益金鼎-三民,2023-12-11,9188
5880,合庫金,12,0,12,群益金鼎-三民,2023-12-11,9188
6222,上揚,11,0,11,群益金鼎-三民,2023-12-11,9188
2014,中鴻,11,0,11,群益金鼎-三民,2023-12-11,9188
3450,聯鈞,12,1,11,群益金鼎-三民,2023-12-11,9188
9939,宏全,24,13,11,群益金鼎-三民,2023-12-11,9188
2617,台航,10,0,10,群益金鼎-三民,2023-12-11,9188
1314,中石化,10,0,10,群益金鼎-三民,2023-12-11,9188
1616,億泰,10,0,10,群益金鼎-三民,2023-12-11,9188
8176,智捷,12,2,10,群益金鼎-三民,2023-12-11,9188
00878,國泰永續高股息,144,134,10,群益金鼎-三民,2023-12-11,9188
2382,廣達,11,2,9,群益金鼎-三民,2023-12-11,9188
3694,海華,12,3,9,群益金鼎-三民,2023-12-11,9188
2368,金像電,16,7,9,群益金鼎-三民,2023-12-11,9188
00688L,國泰20年美債正2,9,0,9,群益金鼎-三民,2023-12-11,9188
6005,群益證,10,1,9,群益金鼎-三民,2023-12-11,9188
3287,廣寰科,12,3,9,群益金鼎-三民,2023-12-11,9188
4533,協易機,11,2,9,群益金鼎-三民,2023-12-11,9188
2329,華泰,15,6,9,群益金鼎-三民,2023-12-11,9188
1522,堤維西,19,11,8,群益金鼎-三民,2023-12-11,9188
6173,信昌電,15,7,8,群益金鼎-三民,2023-12-11,9188
00918,大華優利高填息30,117,29,88,群益金鼎-三民,2023-12-12,9188
2880,華南金,87,0,87,群益金鼎-三民,2023-12-12,9188
00919,群益台灣精選高息,136,65,71,群益金鼎-三民,2023-12-12,9188
8011,台通,58,8,50,群益金鼎-三民,2023-12-12,9188
3532,台勝科,51,1,50,群益金鼎-三民,2023-12-12,9188
2402,毅嘉,60,19,41,群益金鼎-三民,2023-12-12,9188
9912,偉聯,40,0,40,群益金鼎-三民,2023-12-12,9188
8182,加高,38,0,38,群益金鼎-三民,2023-12-12,9188
8096,擎亞,77,41,36,群益金鼎-三民,2023-12-12,9188
00929,復華台灣科技優息,56,25,31,群益金鼎-三民,2023-12-12,9188
00680L,元大美債20正2,30,0,30,群益金鼎-三民,2023-12-12,9188
4167,松瑞藥,30,2,28,群益金鼎-三民,2023-12-12,9188
00679B,元大美債20年,98,72,26,群益金鼎-三民,2023-12-12,9188
00937B,群益ESG投等債20,66,41,25,群益金鼎-三民,2023-12-12,9188
2002,中鋼,24,1,23,群益金鼎-三民,2023-12-12,9188
2312,金寶,22,0,22,群益金鼎-三民,2023-12-12,9188
00935,野村臺灣新科技50,41,20,21,群益金鼎-三民,2023-12-12,9188
6117,迎廣,25,4,21,群益金鼎-三民,2023-12-12,9188
00931B,統一美債20年,21,1,20,群益金鼎-三民,2023-12-12,9188
6161,捷波,20,0,20,群益金鼎-三民,2023-12-12,9188
2344,華邦電,23,3,20,群益金鼎-三民,2023-12-12,9188
5880,合庫金,20,0,20,群益金鼎-三民,2023-12-12,9188
8201,無敵,19,0,19,群益金鼎-三民,2023-12-12,9188
1324,地球,22,4,18,群益金鼎-三民,2023-12-12,9188
1473,台南,18,0,18,群益金鼎-三民,2023-12-12,9188
2609,陽明,52,34,18,群益金鼎-三民,2023-12-12,9188
1504,東元,20,4,16,群益金鼎-三民,2023-12-12,9188
6116,彩晶,16,0,16,群益金鼎-三民,2023-12-12,9188
2360,致茂,16,0,16,群益金鼎-三民,2023-12-12,9188
8112,至上,45,29,16,群益金鼎-三民,2023-12-12,9188
6757,台灣虎航,15,0,15,群益金鼎-三民,2023-12-12,9188
8027,鈦昇,15,0,15,群益金鼎-三民,2023-12-12,9188
2605,新興,68,53,15,群益金鼎-三民,2023-12-12,9188
1773,勝一,15,0,15,群益金鼎-三民,2023-12-12,9188
00878,國泰永續高股息,43,28,15,群益金鼎-三民,2023-12-12,9188
6197,佳必琪,14,0,14,群益金鼎-三民,2023-12-12,9188
6222,上揚,14,0,14,群益金鼎-三民,2023-12-12,9188
5533,皇鼎,20,6,14,群益金鼎-三民,2023-12-12,9188
00722B,群益投資級電信債,15,1,14,群益金鼎-三民,2023-12-12,9188
3287,廣寰科,32,18,14,群益金鼎-三民,2023-12-12,9188
2409,友達,24,10,14,群益金鼎-三民,2023-12-12,9188
1584,精剛,34,20,14,群益金鼎-三民,2023-12-12,9188
8033,雷虎,13,0,13,群益金鼎-三民,2023-12-12,9188
2457,飛宏,14,1,13,群益金鼎-三民,2023-12-12,9188
1591,駿吉-KY,30,17,13,群益金鼎-三民,2023-12-12,9188
9945,潤泰新,13,0,13,群益金鼎-三民,2023-12-12,9188
00712,復華富時不動產,16,3,13,群益金鼎-三民,2023-12-12,9188
6168,宏齊,12,0,12,群益金鼎-三民,2023-12-12,9188
00751B,元大AAA至A公司債,12,0,12,群益金鼎-三民,2023-12-12,9188
2867,三商壽,12,0,12,群益金鼎-三民,2023-12-12,9188
00919,群益台灣精選高息,229,78,151,群益金鼎-三民,2023-12-13,9188
2834,臺企銀,100,0,100,群益金鼎-三民,2023-12-13,9188
1718,中纖,100,1,99,群益金鼎-三民,2023-12-13,9188
5880,合庫金,81,10,71,群益金鼎-三民,2023-12-13,9188
1584,精剛,54,2,52,群益金鼎-三民,2023-12-13,9188
2892,第一金,51,0,51,群益金鼎-三民,2023-12-13,9188
2801,彰銀,51,1,50,群益金鼎-三民,2023-12-13,9188
00918,大華優利高填息30,94,45,49,群益金鼎-三民,2023-12-13,9188
2010,春源,50,3,47,群益金鼎-三民,2023-12-13,9188
00637L,元大滬深300正2,67,21,46,群益金鼎-三民,2023-12-13,9188
00715L,期街口布蘭特正2,42,0,42,群益金鼎-三民,2023-12-13,9188
2634,漢翔,39,1,38,群益金鼎-三民,2023-12-13,9188
2405,輔信,40,7,33,群益金鼎-三民,2023-12-13,9188
2387,精元,48,16,32,群益金鼎-三民,2023-12-13,9188
9950,萬國通,31,0,31,群益金鼎-三民,2023-12-13,9188
00680L,元大美債20正2,27,0,27,群益金鼎-三民,2023-12-13,9188
3532,台勝科,25,1,24,群益金鼎-三民,2023-12-13,9188
3380,明泰,27,4,23,群益金鼎-三民,2023-12-13,9188
2605,新興,29,7,22,群益金鼎-三民,2023-12-13,9188
00922,國泰台灣領袖50,22,0,22,群益金鼎-三民,2023-12-13,9188
00923,群益台ESG低碳50,23,1,22,群益金鼎-三民,2023-12-13,9188
00907,永豐優息存股,21,0,21,群益金鼎-三民,2023-12-13,9188
2516,新建,29,8,21,群益金鼎-三民,2023-12-13,9188
2002,中鋼,59,38,21,群益金鼎-三民,2023-12-13,9188
6282,康舒,24,4,20,群益金鼎-三民,2023-12-13,9188
4743,合一,21,1,20,群益金鼎-三民,2023-12-13,9188
5315,光聯,20,0,20,群益金鼎-三民,2023-12-13,9188
2105,正新,18,0,18,群益金鼎-三民,2023-12-13,9188
6104,創惟,21,3,18,群益金鼎-三民,2023-12-13,9188
2419,仲琦,62,44,18,群益金鼎-三民,2023-12-13,9188
00706L,期元大S＆P日圓正2,16,0,16,群益金鼎-三民,2023-12-13,9188
00933B,國泰10Y+金融債,30,15,15,群益金鼎-三民,2023-12-13,9188
00664R,國泰臺灣加權反1,15,0,15,群益金鼎-三民,2023-12-13,9188
3024,憶聲,15,0,15,群益金鼎-三民,2023-12-13,9188
00772B,中信高評級公司債,20,5,15,群益金鼎-三民,2023-12-13,9188
2615,萬海,21,7,14,群益金鼎-三民,2023-12-13,9188
4939,亞電,22,8,14,群益金鼎-三民,2023-12-13,9188
6117,迎廣,16,2,14,群益金鼎-三民,2023-12-13,9188
1514,亞力,17,3,14,群益金鼎-三民,2023-12-13,9188
1618,合機,20,7,13,群益金鼎-三民,2023-12-13,9188
2355,敬鵬,18,5,13,群益金鼎-三民,2023-12-13,9188
6156,松上,13,0,13,群益金鼎-三民,2023-12-13,9188
1301,台塑,13,0,13,群益金鼎-三民,2023-12-13,9188
3548,兆利,12,0,12,群益金鼎-三民,2023-12-13,9188
00931B,統一美債20年,17,5,12,群益金鼎-三民,2023-12-13,9188
2367,燿華,15,3,12,群益金鼎-三民,2023-12-13,9188
4109,加捷生醫,12,0,12,群益金鼎-三民,2023-12-13,9188
1605,華新,13,1,12,群益金鼎-三民,2023-12-13,9188
2329,華泰,30,18,12,群益金鼎-三民,2023-12-13,9188
2201,裕隆,11,0,11,群益金鼎-三民,2023-12-13,9188
00919,群益台灣精選高息,189,90,99,群益金鼎-三民,2023-12-14,9188
2881,富邦金,112,43,69,群益金鼎-三民,2023-12-14,9188
00937B,群益ESG投等債20,107,38,69,群益金鼎-三民,2023-12-14,9188
00882,中信中國高股息,65,0,65,群益金鼎-三民,2023-12-14,9188
3532,台勝科,63,0,63,群益金鼎-三民,2023-12-14,9188
1314,中石化,54,1,53,群益金鼎-三民,2023-12-14,9188
00918,大華優利高填息30,61,8,53,群益金鼎-三民,2023-12-14,9188
00885,富邦越南,59,7,52,群益金鼎-三民,2023-12-14,9188
6180,橘子,52,2,50,群益金鼎-三民,2023-12-14,9188
2801,彰銀,50,0,50,群益金鼎-三民,2023-12-14,9188
00664R,國泰臺灣加權反1,45,0,45,群益金鼎-三民,2023-12-14,9188
1605,華新,46,2,44,群益金鼎-三民,2023-12-14,9188
00632R,元大台灣50反1,50,10,40,群益金鼎-三民,2023-12-14,9188
00637L,元大滬深300正2,40,1,39,群益金鼎-三民,2023-12-14,9188
00936,台新永續高息中小,38,0,38,群益金鼎-三民,2023-12-14,9188
2883,凱基金,74,40,34,群益金鼎-三民,2023-12-14,9188
5426,振發,50,16,34,群益金鼎-三民,2023-12-14,9188
00687B,國泰20年美債,39,6,33,群益金鼎-三民,2023-12-14,9188
8289,泰藝,31,0,31,群益金鼎-三民,2023-12-14,9188
00724B,群益投資級金融債,30,0,30,群益金鼎-三民,2023-12-14,9188
5521,工信,46,16,30,群益金鼎-三民,2023-12-14,9188
3437,榮創,42,14,28,群益金鼎-三民,2023-12-14,9188
2387,精元,40,13,27,群益金鼎-三民,2023-12-14,9188
2312,金寶,26,0,26,群益金鼎-三民,2023-12-14,9188
00715L,期街口布蘭特正2,26,1,25,群益金鼎-三民,2023-12-14,9188
1609,大亞,25,1,24,群益金鼎-三民,2023-12-14,9188
3596,智易,38,15,23,群益金鼎-三民,2023-12-14,9188
2634,漢翔,23,1,22,群益金鼎-三民,2023-12-14,9188
2504,國產,25,3,22,群益金鼎-三民,2023-12-14,9188
2324,仁寶,25,4,21,群益金鼎-三民,2023-12-14,9188
6127,九豪,22,1,21,群益金鼎-三民,2023-12-14,9188
2543,皇昌,21,0,21,群益金鼎-三民,2023-12-14,9188
5328,華容,24,6,18,群益金鼎-三民,2023-12-14,9188
2406,國碩,16,0,16,群益金鼎-三民,2023-12-14,9188
6233,旺玖,21,5,16,群益金鼎-三民,2023-12-14,9188
00772B,中信高評級公司債,21,5,16,群益金鼎-三民,2023-12-14,9188
2515,中工,19,3,16,群益金鼎-三民,2023-12-14,9188
2882,國泰金,46,31,15,群益金鼎-三民,2023-12-14,9188
2603,長榮,71,56,15,群益金鼎-三民,2023-12-14,9188
8034,榮群,22,8,14,群益金鼎-三民,2023-12-14,9188
6290,良維,24,10,14,群益金鼎-三民,2023-12-14,9188
2359,所羅門,17,4,13,群益金鼎-三民,2023-12-14,9188
2838,聯邦銀,13,0,13,群益金鼎-三民,2023-12-14,9188
6112,邁達特,16,3,13,群益金鼎-三民,2023-12-14,9188
2367,燿華,13,0,13,群益金鼎-三民,2023-12-14,9188
3363,上詮,13,0,13,群益金鼎-三民,2023-12-14,9188
00932,兆豐永續高息等權,13,0,13,群益金鼎-三民,2023-12-14,9188
2329,華泰,19,6,13,群益金鼎-三民,2023-12-14,9188
3122,笙泉,15,2,13,群益金鼎-三民,2023-12-14,9188
3481,群創,33,20,13,群益金鼎-三民,2023-12-14,9188
00671R,富邦NASDAQ反1,699,0,699,群益金鼎-三民,2023-12-15,9188
00929,復華台灣科技優息,354,188,166,群益金鼎-三民,2023-12-15,9188
00918,大華優利高填息30,140,31,109,群益金鼎-三民,2023-12-15,9188
00904,新光臺灣半導體30,100,3,97,群益金鼎-三民,2023-12-15,9188
00919,群益台灣精選高息,275,197,78,群益金鼎-三民,2023-12-15,9188
00937B,群益ESG投等債20,122,47,75,群益金鼎-三民,2023-12-15,9188
2528,皇普,80,7,73,群益金鼎-三民,2023-12-15,9188
00885,富邦越南,61,10,51,群益金鼎-三民,2023-12-15,9188
2363,矽統,162,116,46,群益金鼎-三民,2023-12-15,9188
2615,萬海,110,68,42,群益金鼎-三民,2023-12-15,9188
8112,至上,54,16,38,群益金鼎-三民,2023-12-15,9188
2498,宏達電,42,5,37,群益金鼎-三民,2023-12-15,9188
6191,精成科,43,8,35,群益金鼎-三民,2023-12-15,9188
00688L,國泰20年美債正2,30,0,30,群益金鼎-三民,2023-12-15,9188
3437,榮創,29,0,29,群益金鼎-三民,2023-12-15,9188
00891,中信關鍵半導體,40,13,27,群益金鼎-三民,2023-12-15,9188
2201,裕隆,32,6,26,群益金鼎-三民,2023-12-15,9188
2317,鴻海,28,2,26,群益金鼎-三民,2023-12-15,9188
00724B,群益投資級金融債,36,10,26,群益金鼎-三民,2023-12-15,9188
3265,台星科,45,20,25,群益金鼎-三民,2023-12-15,9188
3022,威強電,30,5,25,群益金鼎-三民,2023-12-15,9188
6209,今國光,25,0,25,群益金鼎-三民,2023-12-15,9188
00878,國泰永續高股息,193,169,24,群益金鼎-三民,2023-12-15,9188
2356,英業達,338,315,23,群益金鼎-三民,2023-12-15,9188
2312,金寶,22,0,22,群益金鼎-三民,2023-12-15,9188
00934,中信成長高股息,25,4,21,群益金鼎-三民,2023-12-15,9188
00936,台新永續高息中小,35,14,21,群益金鼎-三民,2023-12-15,9188
00858,永豐美國500大,20,0,20,群益金鼎-三民,2023-12-15,9188
6197,佳必琪,22,3,19,群益金鼎-三民,2023-12-15,9188
8110,華東,27,8,19,群益金鼎-三民,2023-12-15,9188
00772B,中信高評級公司債,21,3,18,群益金鼎-三民,2023-12-15,9188
00687B,國泰20年美債,22,5,17,群益金鼎-三民,2023-12-15,9188
1513,中興電,23,6,17,群益金鼎-三民,2023-12-15,9188
2425,承啟,19,2,17,群益金鼎-三民,2023-12-15,9188
6284,佳邦,17,1,16,群益金鼎-三民,2023-12-15,9188
00720B,元大投資級公司債,16,0,16,群益金鼎-三民,2023-12-15,9188
0056,元大高股息,19,3,16,群益金鼎-三民,2023-12-15,9188
3287,廣寰科,15,0,15,群益金鼎-三民,2023-12-15,9188
8358,金居,18,4,14,群益金鼎-三民,2023-12-15,9188
2881,富邦金,25,12,13,群益金鼎-三民,2023-12-15,9188
00931B,統一美債20年,24,11,13,群益金鼎-三民,2023-12-15,9188
5426,振發,16,3,13,群益金鼎-三民,2023-12-15,9188
6161,捷波,12,0,12,群益金鼎-三民,2023-12-15,9188
3715,定穎投控,16,5,11,群益金鼎-三民,2023-12-15,9188
3035,智原,22,11,11,群益金鼎-三民,2023-12-15,9188
4919,新唐,11,0,11,群益金鼎-三民,2023-12-15,9188
8034,榮群,13,2,11,群益金鼎-三民,2023-12-15,9188
00664R,國泰臺灣加權反1,10,0,10,群益金鼎-三民,2023-12-15,9188
5905,南仁湖,10,0,10,群益金鼎-三民,2023-12-15,9188
2888,新光金,20,10,10,群益金鼎-三民,2023-12-15,9188
00929,復華台灣科技優息,421,116,305,群益金鼎-三民,2023-12-18,9188
00919,群益台灣精選高息,198,91,107,群益金鼎-三民,2023-12-18,9188
2002,中鋼,160,86,74,群益金鼎-三民,2023-12-18,9188
2324,仁寶,120,62,58,群益金鼎-三民,2023-12-18,9188
2504,國產,50,0,50,群益金鼎-三民,2023-12-18,9188
00918,大華優利高填息30,60,12,48,群益金鼎-三民,2023-12-18,9188
2412,中華電,47,0,47,群益金鼎-三民,2023-12-18,9188
2881,富邦金,46,0,46,群益金鼎-三民,2023-12-18,9188
2329,華泰,59,15,44,群益金鼎-三民,2023-12-18,9188
00936,台新永續高息中小,42,0,42,群益金鼎-三民,2023-12-18,9188
00636,國泰中國A50,40,0,40,群益金鼎-三民,2023-12-18,9188
2505,國揚,40,0,40,群益金鼎-三民,2023-12-18,9188
2023,燁輝,47,9,38,群益金鼎-三民,2023-12-18,9188
4123,晟德,34,0,34,群益金鼎-三民,2023-12-18,9188
4743,合一,35,4,31,群益金鼎-三民,2023-12-18,9188
2301,光寶科,34,9,25,群益金鼎-三民,2023-12-18,9188
00931B,統一美債20年,56,32,24,群益金鼎-三民,2023-12-18,9188
2618,長榮航,74,53,21,群益金鼎-三民,2023-12-18,9188
00933B,國泰10Y+金融債,79,59,20,群益金鼎-三民,2023-12-18,9188
8027,鈦昇,20,0,20,群益金鼎-三民,2023-12-18,9188
1784,訊聯,19,0,19,群益金鼎-三民,2023-12-18,9188
2211,長榮鋼,18,0,18,群益金鼎-三民,2023-12-18,9188
6168,宏齊,20,2,18,群益金鼎-三民,2023-12-18,9188
1605,華新,82,65,17,群益金鼎-三民,2023-12-18,9188
1609,大亞,16,0,16,群益金鼎-三民,2023-12-18,9188
3005,神基,16,1,15,群益金鼎-三民,2023-12-18,9188
2498,宏達電,16,1,15,群益金鼎-三民,2023-12-18,9188
00900,富邦特選高股息30,97,82,15,群益金鼎-三民,2023-12-18,9188
00673R,期元大S＆P原油反1,15,0,15,群益金鼎-三民,2023-12-18,9188
2028,威致,21,6,15,群益金鼎-三民,2023-12-18,9188
6191,精成科,17,3,14,群益金鼎-三民,2023-12-18,9188
4906,正文,17,3,14,群益金鼎-三民,2023-12-18,9188
1513,中興電,14,0,14,群益金鼎-三民,2023-12-18,9188
2838,聯邦銀,13,0,13,群益金鼎-三民,2023-12-18,9188
3231,緯創,32,19,13,群益金鼎-三民,2023-12-18,9188
2913,農林,13,1,12,群益金鼎-三民,2023-12-18,9188
2887,台新金,12,0,12,群益金鼎-三民,2023-12-18,9188
2337,旺宏,23,11,12,群益金鼎-三民,2023-12-18,9188
2356,英業達,51,39,12,群益金鼎-三民,2023-12-18,9188
2890,永豐金,19,8,11,群益金鼎-三民,2023-12-18,9188
00927,群益半導體收益,11,0,11,群益金鼎-三民,2023-12-18,9188
3715,定穎投控,12,1,11,群益金鼎-三民,2023-12-18,9188
2637,慧洋-KY,13,2,11,群益金鼎-三民,2023-12-18,9188
3694,海華,12,2,10,群益金鼎-三民,2023-12-18,9188
1319,東陽,12,2,10,群益金鼎-三民,2023-12-18,9188
2258,鴻華先進-創,10,0,10,群益金鼎-三民,2023-12-18,9188
2401,凌陽,10,0,10,群益金鼎-三民,2023-12-18,9188
6743,安普新,10,0,10,群益金鼎-三民,2023-12-18,9188
4157,太景*-KY,10,0,10,群益金鼎-三民,2023-12-18,9188
1783,和康生,14,4,10,群益金鼎-三民,2023-12-18,9188
00632R,元大台灣50反1,808,0,808,群益金鼎-三民,2023-12-19,9188
00919,群益台灣精選高息,282,61,221,群益金鼎-三民,2023-12-19,9188
8112,至上,174,14,160,群益金鼎-三民,2023-12-19,9188
2356,英業達,96,15,81,群益金鼎-三民,2023-12-19,9188
00937B,群益ESG投等債20,86,20,66,群益金鼎-三民,2023-12-19,9188
2329,華泰,67,4,63,群益金鼎-三民,2023-12-19,9188
2337,旺宏,56,0,56,群益金鼎-三民,2023-12-19,9188
2392,正崴,50,0,50,群益金鼎-三民,2023-12-19,9188
2618,長榮航,217,168,49,群益金鼎-三民,2023-12-19,9188
2412,中華電,43,0,43,群益金鼎-三民,2023-12-19,9188
00688L,國泰20年美債正2,43,0,43,群益金鼎-三民,2023-12-19,9188
1514,亞力,46,12,34,群益金鼎-三民,2023-12-19,9188
2615,萬海,96,63,33,群益金鼎-三民,2023-12-19,9188
2885,元大金,53,22,31,群益金鼎-三民,2023-12-19,9188
2324,仁寶,57,28,29,群益金鼎-三民,2023-12-19,9188
2890,永豐金,28,1,27,群益金鼎-三民,2023-12-19,9188
2344,華邦電,30,4,26,群益金鼎-三民,2023-12-19,9188
00900,富邦特選高股息30,195,170,25,群益金鼎-三民,2023-12-19,9188
1504,東元,30,5,25,群益金鼎-三民,2023-12-19,9188
2882,國泰金,25,1,24,群益金鼎-三民,2023-12-19,9188
6233,旺玖,25,2,23,群益金鼎-三民,2023-12-19,9188
2838,聯邦銀,22,0,22,群益金鼎-三民,2023-12-19,9188
2610,華航,23,3,20,群益金鼎-三民,2023-12-19,9188
1722,台肥,20,0,20,群益金鼎-三民,2023-12-19,9188
00713,元大台灣高息低波,25,5,20,群益金鼎-三民,2023-12-19,9188
2801,彰銀,19,0,19,群益金鼎-三民,2023-12-19,9188
1609,大亞,21,3,18,群益金鼎-三民,2023-12-19,9188
1815,富喬,19,2,17,群益金鼎-三民,2023-12-19,9188
2606,裕民,19,2,17,群益金鼎-三民,2023-12-19,9188
3532,台勝科,18,1,17,群益金鼎-三民,2023-12-19,9188
2449,京元電子,18,1,17,群益金鼎-三民,2023-12-19,9188
6443,元晶,22,5,17,群益金鼎-三民,2023-12-19,9188
00918,大華優利高填息30,16,0,16,群益金鼎-三民,2023-12-19,9188
00935,野村臺灣新科技50,14,0,14,群益金鼎-三民,2023-12-19,9188
00751B,元大AAA至A公司債,22,8,14,群益金鼎-三民,2023-12-19,9188
00850,元大臺灣ESG永續,14,0,14,群益金鼎-三民,2023-12-19,9188
6191,精成科,15,3,12,群益金鼎-三民,2023-12-19,9188
00885,富邦越南,62,50,12,群益金鼎-三民,2023-12-19,9188
2308,台達電,12,0,12,群益金鼎-三民,2023-12-19,9188
2887,台新金,22,10,12,群益金鼎-三民,2023-12-19,9188
3049,精金,11,0,11,群益金鼎-三民,2023-12-19,9188
2481,強茂,11,1,10,群益金鼎-三民,2023-12-19,9188
2365,昆盈,10,0,10,群益金鼎-三民,2023-12-19,9188
00772B,中信高評級公司債,10,0,10,群益金鼎-三民,2023-12-19,9188
8027,鈦昇,10,0,10,群益金鼎-三民,2023-12-19,9188
00680L,元大美債20正2,12,2,10,群益金鼎-三民,2023-12-19,9188
8096,擎亞,10,0,10,群益金鼎-三民,2023-12-19,9188
3706,神達,13,3,10,群益金鼎-三民,2023-12-19,9188
2002,中鋼,21,11,10,群益金鼎-三民,2023-12-19,9188
2888,新光金,9,0,9,群益金鼎-三民,2023-12-19,9188
00929,復華台灣科技優息,153,40,113,群益金鼎-三民,2023-12-20,9188
00919,群益台灣精選高息,100,11,89,群益金鼎-三民,2023-12-20,9188
2387,精元,72,5,67,群益金鼎-三民,2023-12-20,9188
2883,凱基金,73,11,62,群益金鼎-三民,2023-12-20,9188
6005,群益證,60,4,56,群益金鼎-三民,2023-12-20,9188
2891,中信金,47,2,45,群益金鼎-三民,2023-12-20,9188
2412,中華電,40,0,40,群益金鼎-三民,2023-12-20,9188
00680L,元大美債20正2,40,0,40,群益金鼎-三民,2023-12-20,9188
3532,台勝科,56,16,40,群益金鼎-三民,2023-12-20,9188
2353,宏��,216,178,38,群益金鼎-三民,2023-12-20,9188
2023,燁輝,30,0,30,群益金鼎-三民,2023-12-20,9188
2528,皇普,30,0,30,群益金鼎-三民,2023-12-20,9188
2329,華泰,30,0,30,群益金鼎-三民,2023-12-20,9188
5880,合庫金,26,0,26,群益金鼎-三民,2023-12-20,9188
2838,聯邦銀,35,11,24,群益金鼎-三民,2023-12-20,9188
2323,中環,25,5,20,群益金鼎-三民,2023-12-20,9188
1452,宏益,19,0,19,群益金鼎-三民,2023-12-20,9188
2419,仲琦,24,5,19,群益金鼎-三民,2023-12-20,9188
2303,聯電,40,22,18,群益金鼎-三民,2023-12-20,9188
1905,華紙,20,2,18,群益金鼎-三民,2023-12-20,9188
2344,華邦電,18,2,16,群益金鼎-三民,2023-12-20,9188
2002,中鋼,21,6,15,群益金鼎-三民,2023-12-20,9188
2498,宏達電,15,0,15,群益金鼎-三民,2023-12-20,9188
6806,森崴能源,15,0,15,群益金鼎-三民,2023-12-20,9188
00712,復華富時不動產,33,19,14,群益金鼎-三民,2023-12-20,9188
2007,燁興,34,20,14,群益金鼎-三民,2023-12-20,9188
00937B,群益ESG投等債20,14,0,14,群益金鼎-三民,2023-12-20,9188
2201,裕隆,13,0,13,群益金鼎-三民,2023-12-20,9188
6117,迎廣,14,1,13,群益金鼎-三民,2023-12-20,9188
8358,金居,13,0,13,群益金鼎-三民,2023-12-20,9188
3373,熱映,13,0,13,群益金鼎-三民,2023-12-20,9188
2885,元大金,13,0,13,群益金鼎-三民,2023-12-20,9188
4167,松瑞藥,18,6,12,群益金鼎-三民,2023-12-20,9188
1612,宏泰,12,0,12,群益金鼎-三民,2023-12-20,9188
2038,海光,14,2,12,群益金鼎-三民,2023-12-20,9188
5425,台半,20,8,12,群益金鼎-三民,2023-12-20,9188
2889,國票金,11,0,11,群益金鼎-三民,2023-12-20,9188
3227,原相,11,0,11,群益金鼎-三民,2023-12-20,9188
3264,欣銓,13,2,11,群益金鼎-三民,2023-12-20,9188
2376,技嘉,18,7,11,群益金鼎-三民,2023-12-20,9188
2880,華南金,10,0,10,群益金鼎-三民,2023-12-20,9188
00772B,中信高評級公司債,10,0,10,群益金鼎-三民,2023-12-20,9188
3673,TPK-KY,10,0,10,群益金鼎-三民,2023-12-20,9188
8086,宏捷科,11,1,10,群益金鼎-三民,2023-12-20,9188
2886,兆豐金,10,0,10,群益金鼎-三民,2023-12-20,9188
2524,京城,10,0,10,群益金鼎-三民,2023-12-20,9188
6416,瑞祺電通,10,0,10,群益金鼎-三民,2023-12-20,9188
6167,久正,10,0,10,群益金鼎-三民,2023-12-20,9188
2892,第一金,9,0,9,群益金鼎-三民,2023-12-20,9188
2867,三商壽,14,5,9,群益金鼎-三民,2023-12-20,9188
00632R,元大台灣50反1,799,599,200,群益金鼎-三民,2023-12-21,9188
00919,群益台灣精選高息,192,53,139,群益金鼎-三民,2023-12-21,9188
2303,聯電,132,11,121,群益金鼎-三民,2023-12-21,9188
00937B,群益ESG投等債20,92,20,72,群益金鼎-三民,2023-12-21,9188
6443,元晶,54,0,54,群益金鼎-三民,2023-12-21,9188
2312,金寶,48,1,47,群益金鼎-三民,2023-12-21,9188
2344,華邦電,65,29,36,群益金鼎-三民,2023-12-21,9188
00712,復華富時不動產,36,1,35,群益金鼎-三民,2023-12-21,9188
1514,亞力,42,9,33,群益金鼎-三民,2023-12-21,9188
9105,泰金寶-DR,133,103,30,群益金鼎-三民,2023-12-21,9188
2317,鴻海,30,4,26,群益金鼎-三民,2023-12-21,9188
1402,遠東新,25,0,25,群益金鼎-三民,2023-12-21,9188
3706,神達,38,13,25,群益金鼎-三民,2023-12-21,9188
6233,旺玖,31,6,25,群益金鼎-三民,2023-12-21,9188
2365,昆盈,40,15,25,群益金鼎-三民,2023-12-21,9188
5608,四維航,28,3,25,群益金鼎-三民,2023-12-21,9188
5880,合庫金,24,0,24,群益金鼎-三民,2023-12-21,9188
2033,佳大,36,12,24,群益金鼎-三民,2023-12-21,9188
00931B,統一美債20年,25,3,22,群益金鼎-三民,2023-12-21,9188
1722,台肥,89,67,22,群益金鼎-三民,2023-12-21,9188
2363,矽統,42,21,21,群益金鼎-三民,2023-12-21,9188
2890,永豐金,148,128,20,群益金鼎-三民,2023-12-21,9188
2702,華園,20,0,20,群益金鼎-三民,2023-12-21,9188
2886,兆豐金,20,0,20,群益金鼎-三民,2023-12-21,9188
2838,聯邦銀,20,0,20,群益金鼎-三民,2023-12-21,9188
2887,台新金,20,1,19,群益金鼎-三民,2023-12-21,9188
2353,宏��,38,20,18,群益金鼎-三民,2023-12-21,9188
2617,台航,31,13,18,群益金鼎-三民,2023-12-21,9188
00885,富邦越南,17,0,17,群益金鼎-三民,2023-12-21,9188
2607,榮運,17,4,13,群益金鼎-三民,2023-12-21,9188
2007,燁興,17,4,13,群益金鼎-三民,2023-12-21,9188
1815,富喬,13,0,13,群益金鼎-三民,2023-12-21,9188
4915,致伸,13,1,12,群益金鼎-三民,2023-12-21,9188
5426,振發,14,2,12,群益金鼎-三民,2023-12-21,9188
00878,國泰永續高股息,79,67,12,群益金鼎-三民,2023-12-21,9188
1513,中興電,11,0,11,群益金鼎-三民,2023-12-21,9188
4763,材料-KY,16,5,11,群益金鼎-三民,2023-12-21,9188
1785,光洋科,11,0,11,群益金鼎-三民,2023-12-21,9188
2412,中華電,11,0,11,群益金鼎-三民,2023-12-21,9188
3576,聯合再生,12,1,11,群益金鼎-三民,2023-12-21,9188
00905,FT臺灣Smart,11,0,11,群益金鼎-三民,2023-12-21,9188
9919,康那香,42,31,11,群益金鼎-三民,2023-12-21,9188
1325,恆大,65,55,10,群益金鼎-三民,2023-12-21,9188
9904,寶成,10,0,10,群益金鼎-三民,2023-12-21,9188
2834,臺企銀,10,0,10,群益金鼎-三民,2023-12-21,9188
1591,駿吉-KY,12,3,9,群益金鼎-三民,2023-12-21,9188
2201,裕隆,9,1,8,群益金鼎-三民,2023-12-21,9188
7402,邑錡,13,5,8,群益金鼎-三民,2023-12-21,9188
00891,中信關鍵半導體,8,0,8,群益金鼎-三民,2023-12-21,9188
2377,微星,11,3,8,群益金鼎-三民,2023-12-21,9188
1605,華新,412,4,408,群益金鼎-三民,2023-12-22,9188
00929,復華台灣科技優息,137,9,128,群益金鼎-三民,2023-12-22,9188
2882,國泰金,106,0,106,群益金鼎-三民,2023-12-22,9188
00772B,中信高評級公司債,81,10,71,群益金鼎-三民,2023-12-22,9188
00687B,國泰20年美債,73,7,66,群益金鼎-三民,2023-12-22,9188
00680L,元大美債20正2,210,156,54,群益金鼎-三民,2023-12-22,9188
00933B,國泰10Y+金融債,124,70,54,群益金鼎-三民,2023-12-22,9188
00919,群益台灣精選高息,54,0,54,群益金鼎-三民,2023-12-22,9188
2609,陽明,276,244,32,群益金鼎-三民,2023-12-22,9188
1732,毛寶,47,15,32,群益金鼎-三民,2023-12-22,9188
00937B,群益ESG投等債20,40,9,31,群益金鼎-三民,2023-12-22,9188
00688L,國泰20年美債正2,26,1,25,群益金鼎-三民,2023-12-22,9188
3231,緯創,36,12,24,群益金鼎-三民,2023-12-22,9188
00673R,期元大S＆P原油反1,22,0,22,群益金鼎-三民,2023-12-22,9188
6116,彩晶,34,12,22,群益金鼎-三民,2023-12-22,9188
2838,聯邦銀,21,0,21,群益金鼎-三民,2023-12-22,9188
6222,上揚,21,0,21,群益金鼎-三民,2023-12-22,9188
6005,群益證,20,0,20,群益金鼎-三民,2023-12-22,9188
2614,東森,20,0,20,群益金鼎-三民,2023-12-22,9188
9105,泰金寶-DR,20,0,20,群益金鼎-三民,2023-12-22,9188
00637L,元大滬深300正2,25,6,19,群益金鼎-三民,2023-12-22,9188
4154,樂威科-KY,19,0,19,群益金鼎-三民,2023-12-22,9188
2506,太設,20,3,17,群益金鼎-三民,2023-12-22,9188
1616,億泰,17,2,15,群益金鼎-三民,2023-12-22,9188
5498,凱崴,15,0,15,群益金鼎-三民,2023-12-22,9188
2615,萬海,125,110,15,群益金鼎-三民,2023-12-22,9188
8110,華東,16,4,12,群益金鼎-三民,2023-12-22,9188
2323,中環,30,18,12,群益金鼎-三民,2023-12-22,9188
2387,精元,12,1,11,群益金鼎-三民,2023-12-22,9188
4919,新唐,11,0,11,群益金鼎-三民,2023-12-22,9188
2313,華通,12,1,11,群益金鼎-三民,2023-12-22,9188
5351,鈺創,11,0,11,群益金鼎-三民,2023-12-22,9188
2812,台中銀,11,1,10,群益金鼎-三民,2023-12-22,9188
2363,矽統,12,2,10,群益金鼎-三民,2023-12-22,9188
9919,康那香,10,0,10,群益金鼎-三民,2023-12-22,9188
1324,地球,10,0,10,群益金鼎-三民,2023-12-22,9188
2886,兆豐金,10,0,10,群益金鼎-三民,2023-12-22,9188
020037,元大金融高股息N,10,0,10,群益金鼎-三民,2023-12-22,9188
2834,臺企銀,10,0,10,群益金鼎-三民,2023-12-22,9188
1402,遠東新,10,0,10,群益金鼎-三民,2023-12-22,9188
3305,昇貿,14,5,9,群益金鼎-三民,2023-12-22,9188
2002,中鋼,17,8,9,群益金鼎-三民,2023-12-22,9188
00857B,永豐20年美公債,8,0,8,群益金鼎-三民,2023-12-22,9188
2402,毅嘉,15,7,8,群益金鼎-三民,2023-12-22,9188
2891,中信金,8,0,8,群益金鼎-三民,2023-12-22,9188
2337,旺宏,12,4,8,群益金鼎-三民,2023-12-22,9188
6139,亞翔,11,3,8,群益金鼎-三民,2023-12-22,9188
6182,合晶,9,1,8,群益金鼎-三民,2023-12-22,9188
8034,榮群,12,4,8,群益金鼎-三民,2023-12-22,9188
3438,類比科,9,2,7,群益金鼎-三民,2023-12-22,9188
2610,華航,266,14,252,群益金鼎-三民,2023-12-25,9188
00919,群益台灣精選高息,248,40,208,群益金鼎-三民,2023-12-25,9188
1605,華新,205,0,205,群益金鼎-三民,2023-12-25,9188
00929,復華台灣科技優息,150,34,116,群益金鼎-三民,2023-12-25,9188
2324,仁寶,142,65,77,群益金鼎-三民,2023-12-25,9188
2014,中鴻,103,29,74,群益金鼎-三民,2023-12-25,9188
2609,陽明,158,100,58,群益金鼎-三民,2023-12-25,9188
00932,兆豐永續高息等權,56,0,56,群益金鼎-三民,2023-12-25,9188
2637,慧洋-KY,42,0,42,群益金鼎-三民,2023-12-25,9188
00680L,元大美債20正2,34,0,34,群益金鼎-三民,2023-12-25,9188
4154,樂威科-KY,32,0,32,群益金鼎-三民,2023-12-25,9188
8112,至上,32,6,26,群益金鼎-三民,2023-12-25,9188
1514,亞力,72,48,24,群益金鼎-三民,2023-12-25,9188
5011,久陽,24,1,23,群益金鼎-三民,2023-12-25,9188
00937B,群益ESG投等債20,51,29,22,群益金鼎-三民,2023-12-25,9188
8059,凱碩,44,22,22,群益金鼎-三民,2023-12-25,9188
2606,裕民,27,6,21,群益金鼎-三民,2023-12-25,9188
6222,上揚,17,0,17,群益金鼎-三民,2023-12-25,9188
3346,麗清,18,1,17,群益金鼎-三民,2023-12-25,9188
3005,神基,21,6,15,群益金鼎-三民,2023-12-25,9188
00934,中信成長高股息,15,0,15,群益金鼎-三民,2023-12-25,9188
6191,精成科,15,0,15,群益金鼎-三民,2023-12-25,9188
00687B,國泰20年美債,17,2,15,群益金鼎-三民,2023-12-25,9188
00931B,統一美債20年,20,5,15,群益金鼎-三民,2023-12-25,9188
2615,萬海,37,23,14,群益金鼎-三民,2023-12-25,9188
8069,元太,27,13,14,群益金鼎-三民,2023-12-25,9188
2393,億光,17,3,14,群益金鼎-三民,2023-12-25,9188
00720B,元大投資級公司債,14,0,14,群益金鼎-三民,2023-12-25,9188
6233,旺玖,17,3,14,群益金鼎-三民,2023-12-25,9188
00933B,國泰10Y+金融債,87,75,12,群益金鼎-三民,2023-12-25,9188
00688L,國泰20年美債正2,13,1,12,群益金鼎-三民,2023-12-25,9188
6274,台燿,13,1,12,群益金鼎-三民,2023-12-25,9188
2617,台航,43,31,12,群益金鼎-三民,2023-12-25,9188
2885,元大金,12,0,12,群益金鼎-三民,2023-12-25,9188
3715,定穎投控,15,4,11,群益金鼎-三民,2023-12-25,9188
2420,新巨,12,1,11,群益金鼎-三民,2023-12-25,9188
2412,中華電,10,0,10,群益金鼎-三民,2023-12-25,9188
1609,大亞,10,0,10,群益金鼎-三民,2023-12-25,9188
3373,熱映,11,1,10,群益金鼎-三民,2023-12-25,9188
5381,合正,10,0,10,群益金鼎-三民,2023-12-25,9188
00715L,期街口布蘭特正2,10,0,10,群益金鼎-三民,2023-12-25,9188
00679B,元大美債20年,92,83,9,群益金鼎-三民,2023-12-25,9188
6180,橘子,10,1,9,群益金鼎-三民,2023-12-25,9188
2377,微星,17,8,9,群益金鼎-三民,2023-12-25,9188
00773B,中信優先金融債,19,10,9,群益金鼎-三民,2023-12-25,9188
2329,華泰,12,3,9,群益金鼎-三民,2023-12-25,9188
2838,聯邦銀,8,0,8,群益金鼎-三民,2023-12-25,9188
2032,新鋼,16,8,8,群益金鼎-三民,2023-12-25,9188
3287,廣寰科,9,1,8,群益金鼎-三民,2023-12-25,9188
6111,大宇資,9,1,8,群益金鼎-三民,2023-12-25,9188
00632R,元大台灣50反1,300,0,300,群益金鼎-三民,2023-12-26,9188
2618,長榮航,213,2,211,群益金鼎-三民,2023-12-26,9188
00932,兆豐永續高息等權,112,0,112,群益金鼎-三民,2023-12-26,9188
00929,復華台灣科技優息,120,16,104,群益金鼎-三民,2023-12-26,9188
9105,泰金寶-DR,79,1,78,群益金鼎-三民,2023-12-26,9188
4154,樂威科-KY,42,0,42,群益金鼎-三民,2023-12-26,9188
00679B,元大美債20年,35,13,22,群益金鼎-三民,2023-12-26,9188
00688L,國泰20年美債正2,22,1,21,群益金鼎-三民,2023-12-26,9188
00772B,中信高評級公司債,35,14,21,群益金鼎-三民,2023-12-26,9188
00680L,元大美債20正2,20,0,20,群益金鼎-三民,2023-12-26,9188
5426,振發,18,2,16,群益金鼎-三民,2023-12-26,9188
1799,易威,15,0,15,群益金鼎-三民,2023-12-26,9188
00687B,國泰20年美債,15,1,14,群益金鼎-三民,2023-12-26,9188
00662,富邦NASDAQ,27,13,14,群益金鼎-三民,2023-12-26,9188
3231,緯創,30,16,14,群益金鼎-三民,2023-12-26,9188
00719B,元大美債1-3,14,0,14,群益金鼎-三民,2023-12-26,9188
5009,榮剛,24,11,13,群益金鼎-三民,2023-12-26,9188
00664R,國泰臺灣加權反1,13,0,13,群益金鼎-三民,2023-12-26,9188
5452,佶優,13,0,13,群益金鼎-三民,2023-12-26,9188
2636,台驊控股,14,2,12,群益金鼎-三民,2023-12-26,9188
2515,中工,16,5,11,群益金鼎-三民,2023-12-26,9188
00933B,國泰10Y+金融債,53,42,11,群益金鼎-三民,2023-12-26,9188
5425,台半,12,1,11,群益金鼎-三民,2023-12-26,9188
2610,華航,376,365,11,群益金鼎-三民,2023-12-26,9188
2883,凱基金,12,2,10,群益金鼎-三民,2023-12-26,9188
2401,凌陽,15,5,10,群益金鼎-三民,2023-12-26,9188
1319,東陽,10,0,10,群益金鼎-三民,2023-12-26,9188
2369,菱生,10,0,10,群益金鼎-三民,2023-12-26,9188
9962,有益,10,0,10,群益金鼎-三民,2023-12-26,9188
4958,臻鼎-KY,10,0,10,群益金鼎-三民,2023-12-26,9188
1467,南緯,10,0,10,群益金鼎-三民,2023-12-26,9188
2038,海光,9,0,9,群益金鼎-三民,2023-12-26,9188
4420,光明,9,0,9,群益金鼎-三民,2023-12-26,9188
2331,精英,13,4,9,群益金鼎-三民,2023-12-26,9188
00712,復華富時不動產,10,1,9,群益金鼎-三民,2023-12-26,9188
3047,訊舟,9,0,9,群益金鼎-三民,2023-12-26,9188
2356,英業達,35,26,9,群益金鼎-三民,2023-12-26,9188
2884,玉山金,10,2,8,群益金鼎-三民,2023-12-26,9188
6139,亞翔,10,2,8,群益金鼎-三民,2023-12-26,9188
3078,僑威,8,1,7,群益金鼎-三民,2023-12-26,9188
3206,志豐,7,0,7,群益金鼎-三民,2023-12-26,9188
5203,訊連,12,5,7,群益金鼎-三民,2023-12-26,9188
00919,群益台灣精選高息,19,12,7,群益金鼎-三民,2023-12-26,9188
3317,尼克森,6,0,6,群益金鼎-三民,2023-12-26,9188
2363,矽統,24,18,6,群益金鼎-三民,2023-12-26,9188
00733,富邦臺灣中小,6,0,6,群益金鼎-三民,2023-12-26,9188
020037,元大金融高股息N,6,0,6,群益金鼎-三民,2023-12-26,9188
2014,中鴻,14,8,6,群益金鼎-三民,2023-12-26,9188
00713,元大台灣高息低波,7,1,6,群益金鼎-三民,2023-12-26,9188
6147,頎邦,11,5,6,群益金鼎-三民,2023-12-26,9188
00632R,元大台灣50反1,710,0,710,群益金鼎-三民,2023-12-27,9188
00937B,群益ESG投等債20,447,26,421,群益金鼎-三民,2023-12-27,9188
3014,聯陽,177,1,176,群益金鼎-三民,2023-12-27,9188
2812,台中銀,100,0,100,群益金鼎-三民,2023-12-27,9188
00932,兆豐永續高息等權,100,0,100,群益金鼎-三民,2023-12-27,9188
2356,英業達,134,52,82,群益金鼎-三民,2023-12-27,9188
2014,中鴻,93,22,71,群益金鼎-三民,2023-12-27,9188
00919,群益台灣精選高息,88,29,59,群益金鼎-三民,2023-12-27,9188
00751B,元大AAA至A公司債,59,7,52,群益金鼎-三民,2023-12-27,9188
1799,易威,47,0,47,群益金鼎-三民,2023-12-27,9188
00664R,國泰臺灣加權反1,45,0,45,群益金鼎-三民,2023-12-27,9188
2618,長榮航,50,6,44,群益金鼎-三民,2023-12-27,9188
9934,成霖,35,0,35,群益金鼎-三民,2023-12-27,9188
2387,精元,35,1,34,群益金鼎-三民,2023-12-27,9188
3036,文曄,35,1,34,群益金鼎-三民,2023-12-27,9188
2317,鴻海,31,0,31,群益金鼎-三民,2023-12-27,9188
6191,精成科,31,0,31,群益金鼎-三民,2023-12-27,9188
2369,菱生,32,3,29,群益金鼎-三民,2023-12-27,9188
3265,台星科,23,0,23,群益金鼎-三民,2023-12-27,9188
8927,北基,21,0,21,群益金鼎-三民,2023-12-27,9188
9105,泰金寶-DR,20,0,20,群益金鼎-三民,2023-12-27,9188
8110,華東,23,3,20,群益金鼎-三民,2023-12-27,9188
1605,華新,24,4,20,群益金鼎-三民,2023-12-27,9188
6462,神盾,22,2,20,群益金鼎-三民,2023-12-27,9188
2329,華泰,25,6,19,群益金鼎-三民,2023-12-27,9188
00888,永豐台灣ESG,20,1,19,群益金鼎-三民,2023-12-27,9188
2838,聯邦銀,18,0,18,群益金鼎-三民,2023-12-27,9188
2324,仁寶,120,102,18,群益金鼎-三民,2023-12-27,9188
00680L,元大美債20正2,17,0,17,群益金鼎-三民,2023-12-27,9188
00933B,國泰10Y+金融債,86,69,17,群益金鼎-三民,2023-12-27,9188
3380,明泰,16,0,16,群益金鼎-三民,2023-12-27,9188
2365,昆盈,17,2,15,群益金鼎-三民,2023-12-27,9188
00687B,國泰20年美債,21,6,15,群益金鼎-三民,2023-12-27,9188
2892,第一金,13,1,12,群益金鼎-三民,2023-12-27,9188
2376,技嘉,16,5,11,群益金鼎-三民,2023-12-27,9188
6668,中揚光,11,0,11,群益金鼎-三民,2023-12-27,9188
2388,威盛,10,0,10,群益金鼎-三民,2023-12-27,9188
2382,廣達,17,7,10,群益金鼎-三民,2023-12-27,9188
4154,樂威科-KY,10,0,10,群益金鼎-三民,2023-12-27,9188
1326,台化,10,0,10,群益金鼎-三民,2023-12-27,9188
4566,時碩工業,10,0,10,群益金鼎-三民,2023-12-27,9188
6139,亞翔,10,1,9,群益金鼎-三民,2023-12-27,9188
1514,亞力,9,0,9,群益金鼎-三民,2023-12-27,9188
8131,福懋科,10,1,9,群益金鼎-三民,2023-12-27,9188
1232,大統益,9,0,9,群益金鼎-三民,2023-12-27,9188
6179,亞通,15,7,8,群益金鼎-三民,2023-12-27,9188
8085,福華,9,1,8,群益金鼎-三民,2023-12-27,9188
3437,榮創,9,1,8,群益金鼎-三民,2023-12-27,9188
4979,華星光,8,1,7,群益金鼎-三民,2023-12-27,9188
2867,三商壽,7,0,7,群益金鼎-三民,2023-12-27,9188
00937B,群益ESG投等債20,161,4,157,群益金鼎-三民,2023-12-28,9188
3706,神達,176,67,109,群益金鼎-三民,2023-12-28,9188
00919,群益台灣精選高息,125,33,92,群益金鼎-三民,2023-12-28,9188
2303,聯電,217,146,71,群益金鼎-三民,2023-12-28,9188
00929,復華台灣科技優息,55,5,50,群益金鼎-三民,2023-12-28,9188
2610,華航,61,16,45,群益金鼎-三民,2023-12-28,9188
5425,台半,45,2,43,群益金鼎-三民,2023-12-28,9188
00878,國泰永續高股息,60,25,35,群益金鼎-三民,2023-12-28,9188
2365,昆盈,47,14,33,群益金鼎-三民,2023-12-28,9188
6139,亞翔,44,13,31,群益金鼎-三民,2023-12-28,9188
2609,陽明,37,6,31,群益金鼎-三民,2023-12-28,9188
2838,聯邦銀,30,0,30,群益金鼎-三民,2023-12-28,9188
5355,佳總,30,1,29,群益金鼎-三民,2023-12-28,9188
2323,中環,44,17,27,群益金鼎-三民,2023-12-28,9188
00664R,國泰臺灣加權反1,22,0,22,群益金鼎-三民,2023-12-28,9188
00900,富邦特選高股息30,113,93,20,群益金鼎-三民,2023-12-28,9188
9919,康那香,19,0,19,群益金鼎-三民,2023-12-28,9188
2436,偉詮電,27,8,19,群益金鼎-三民,2023-12-28,9188
8096,擎亞,29,11,18,群益金鼎-三民,2023-12-28,9188
6770,力積電,20,2,18,群益金鼎-三民,2023-12-28,9188
4743,合一,17,0,17,群益金鼎-三民,2023-12-28,9188
2313,華通,18,1,17,群益金鼎-三民,2023-12-28,9188
00679B,元大美債20年,54,38,16,群益金鼎-三民,2023-12-28,9188
2383,台光電,17,1,16,群益金鼎-三民,2023-12-28,9188
8069,元太,17,1,16,群益金鼎-三民,2023-12-28,9188
3231,緯創,33,19,14,群益金鼎-三民,2023-12-28,9188
1618,合機,16,3,13,群益金鼎-三民,2023-12-28,9188
6233,旺玖,18,6,12,群益金鼎-三民,2023-12-28,9188
3532,台勝科,12,0,12,群益金鼎-三民,2023-12-28,9188
00933B,國泰10Y+金融債,46,35,11,群益金鼎-三民,2023-12-28,9188
00934,中信成長高股息,11,0,11,群益金鼎-三民,2023-12-28,9188
3017,奇鋐,18,7,11,群益金鼎-三民,2023-12-28,9188
2615,萬海,16,6,10,群益金鼎-三民,2023-12-28,9188
3265,台星科,10,0,10,群益金鼎-三民,2023-12-28,9188
00734B,台新JPM新興債,10,0,10,群益金鼎-三民,2023-12-28,9188
1799,易威,10,0,10,群益金鼎-三民,2023-12-28,9188
00916,國泰全球品牌50,10,0,10,群益金鼎-三民,2023-12-28,9188
6112,邁達特,10,0,10,群益金鼎-三民,2023-12-28,9188
2356,英業達,50,40,10,群益金鼎-三民,2023-12-28,9188
4979,華星光,10,1,9,群益金鼎-三民,2023-12-28,9188
3338,泰碩,17,8,9,群益金鼎-三民,2023-12-28,9188
5347,世界,12,3,9,群益金鼎-三民,2023-12-28,9188
3078,僑威,11,3,8,群益金鼎-三民,2023-12-28,9188
6167,久正,8,0,8,群益金鼎-三民,2023-12-28,9188
00923,群益台ESG低碳50,8,0,8,群益金鼎-三民,2023-12-28,9188
3704,合勤控,9,1,8,群益金鼎-三民,2023-12-28,9188
00720B,元大投資級公司債,7,0,7,群益金鼎-三民,2023-12-28,9188
2425,承啟,7,0,7,群益金鼎-三民,2023-12-28,9188
5011,久陽,13,6,7,群益金鼎-三民,2023-12-28,9188
3276,宇環,7,0,7,群益金鼎-三民,2023-12-28,9188
1605,華新,347,6,341,群益金鼎-三民,2023-12-29,9188
00937B,群益ESG投等債20,188,0,188,群益金鼎-三民,2023-12-29,9188
00919,群益台灣精選高息,87,7,80,群益金鼎-三民,2023-12-29,9188
00715L,期街口布蘭特正2,63,1,62,群益金鼎-三民,2023-12-29,9188
00929,復華台灣科技優息,79,24,55,群益金鼎-三民,2023-12-29,9188
2528,皇普,50,0,50,群益金鼎-三民,2023-12-29,9188
2838,聯邦銀,43,0,43,群益金鼎-三民,2023-12-29,9188
1514,亞力,56,15,41,群益金鼎-三民,2023-12-29,9188
2014,中鴻,42,1,41,群益金鼎-三民,2023-12-29,9188
1905,華紙,40,0,40,群益金鼎-三民,2023-12-29,9188
00680L,元大美債20正2,35,3,32,群益金鼎-三民,2023-12-29,9188
2727,王品,31,3,28,群益金鼎-三民,2023-12-29,9188
1503,士電,39,12,27,群益金鼎-三民,2023-12-29,9188
4908,前鼎,29,2,27,群益金鼎-三民,2023-12-29,9188
8059,凱碩,25,0,25,群益金鼎-三民,2023-12-29,9188
2354,鴻準,29,6,23,群益金鼎-三民,2023-12-29,9188
2337,旺宏,24,2,22,群益金鼎-三民,2023-12-29,9188
2739,寒舍,31,10,21,群益金鼎-三民,2023-12-29,9188
00637L,元大滬深300正2,111,90,21,群益金鼎-三民,2023-12-29,9188
00655L,國泰中國A50正2,22,2,20,群益金鼎-三民,2023-12-29,9188
4128,中天,21,3,18,群益金鼎-三民,2023-12-29,9188
00933B,國泰10Y+金融債,80,62,18,群益金鼎-三民,2023-12-29,9188
2377,微星,25,7,18,群益金鼎-三民,2023-12-29,9188
2344,華邦電,38,22,16,群益金鼎-三民,2023-12-29,9188
6274,台燿,17,1,16,群益金鼎-三民,2023-12-29,9188
6770,力積電,15,0,15,群益金鼎-三民,2023-12-29,9188
6139,亞翔,27,12,15,群益金鼎-三民,2023-12-29,9188
6187,萬潤,24,10,14,群益金鼎-三民,2023-12-29,9188
1504,東元,18,5,13,群益金鼎-三民,2023-12-29,9188
2436,偉詮電,15,2,13,群益金鼎-三民,2023-12-29,9188
1799,易威,12,0,12,群益金鼎-三民,2023-12-29,9188
2515,中工,16,4,12,群益金鼎-三民,2023-12-29,9188
3540,曜越,11,0,11,群益金鼎-三民,2023-12-29,9188
2355,敬鵬,12,1,11,群益金鼎-三民,2023-12-29,9188
4402,郡都開發,10,0,10,群益金鼎-三民,2023-12-29,9188
1213,大飲,10,0,10,群益金鼎-三民,2023-12-29,9188
1217,愛之味,10,0,10,群益金鼎-三民,2023-12-29,9188
3338,泰碩,11,1,10,群益金鼎-三民,2023-12-29,9188
6235,華孚,13,3,10,群益金鼎-三民,2023-12-29,9188
6161,捷波,10,0,10,群益金鼎-三民,2023-12-29,9188
00664R,國泰臺灣加權反1,10,0,10,群益金鼎-三民,2023-12-29,9188
00633L,富邦上証正2,10,0,10,群益金鼎-三民,2023-12-29,9188
2408,南亞科,11,1,10,群益金鼎-三民,2023-12-29,9188
5009,榮剛,12,2,10,群益金鼎-三民,2023-12-29,9188
2409,友達,12,2,10,群益金鼎-三民,2023-12-29,9188
6182,合晶,9,0,9,群益金鼎-三民,2023-12-29,9188
4967,十銓,11,2,9,群益金鼎-三民,2023-12-29,9188
2313,華通,12,3,9,群益金鼎-三民,2023-12-29,9188
9105,泰金寶-DR,9,0,9,群益金鼎-三民,2023-12-29,9188
1513,中興電,18,10,8,群益金鼎-三民,2023-12-29,9188
00937B,群益ESG投等債20,145,3,142,群益金鼎-三民,2024-01-02,9188
00929,復華台灣科技優息,145,37,108,群益金鼎-三民,2024-01-02,9188
00688L,國泰20年美債正2,114,6,108,群益金鼎-三民,2024-01-02,9188
00878,國泰永續高股息,277,171,106,群益金鼎-三民,2024-01-02,9188
3231,緯創,88,18,70,群益金鼎-三民,2024-01-02,9188
2356,英業達,82,24,58,群益金鼎-三民,2024-01-02,9188
00687B,國泰20年美債,58,4,54,群益金鼎-三民,2024-01-02,9188
2014,中鴻,65,13,52,群益金鼎-三民,2024-01-02,9188
2609,陽明,100,49,51,群益金鼎-三民,2024-01-02,9188
2528,皇普,50,0,50,群益金鼎-三民,2024-01-02,9188
2883,凱基金,68,24,44,群益金鼎-三民,2024-01-02,9188
6770,力積電,41,0,41,群益金鼎-三民,2024-01-02,9188
00751B,元大AAA至A公司債,40,0,40,群益金鼎-三民,2024-01-02,9188
00680L,元大美債20正2,38,1,37,群益金鼎-三民,2024-01-02,9188
2303,聯電,63,30,33,群益金鼎-三民,2024-01-02,9188
2615,萬海,54,25,29,群益金鼎-三民,2024-01-02,9188
00637L,元大滬深300正2,33,4,29,群益金鼎-三民,2024-01-02,9188
2838,聯邦銀,23,0,23,群益金鼎-三民,2024-01-02,9188
00933B,國泰10Y+金融債,146,123,23,群益金鼎-三民,2024-01-02,9188
2344,華邦電,31,8,23,群益金鼎-三民,2024-01-02,9188
0056,元大高股息,26,4,22,群益金鼎-三民,2024-01-02,9188
3481,群創,26,5,21,群益金鼎-三民,2024-01-02,9188
6116,彩晶,20,1,19,群益金鼎-三民,2024-01-02,9188
2890,永豐金,18,0,18,群益金鼎-三民,2024-01-02,9188
00679B,元大美債20年,104,88,16,群益金鼎-三民,2024-01-02,9188
2353,宏��,47,31,16,群益金鼎-三民,2024-01-02,9188
3715,定穎投控,23,7,16,群益金鼎-三民,2024-01-02,9188
2352,佳世達,31,16,15,群益金鼎-三民,2024-01-02,9188
00720B,元大投資級公司債,15,0,15,群益金鼎-三民,2024-01-02,9188
2801,彰銀,15,1,14,群益金鼎-三民,2024-01-02,9188
3162,精確,14,0,14,群益金鼎-三民,2024-01-02,9188
3540,曜越,15,1,14,群益金鼎-三民,2024-01-02,9188
00919,群益台灣精選高息,40,26,14,群益金鼎-三民,2024-01-02,9188
00633L,富邦上証正2,13,0,13,群益金鼎-三民,2024-01-02,9188
00772B,中信高評級公司債,51,39,12,群益金鼎-三民,2024-01-02,9188
00900,富邦特選高股息30,94,83,11,群益金鼎-三民,2024-01-02,9188
2454,聯發科,10,0,10,群益金鼎-三民,2024-01-02,9188
3706,神達,23,13,10,群益金鼎-三民,2024-01-02,9188
2506,太設,10,0,10,群益金鼎-三民,2024-01-02,9188
6140,訊達,18,8,10,群益金鼎-三民,2024-01-02,9188
2605,新興,16,6,10,群益金鼎-三民,2024-01-02,9188
5452,佶優,9,0,9,群益金鼎-三民,2024-01-02,9188
00935,野村臺灣新科技50,8,0,8,群益金鼎-三民,2024-01-02,9188
2458,義隆,8,0,8,群益金鼎-三民,2024-01-02,9188
2301,光寶科,11,3,8,群益金鼎-三民,2024-01-02,9188
8059,凱碩,10,2,8,群益金鼎-三民,2024-01-02,9188
5425,台半,7,0,7,群益金鼎-三民,2024-01-02,9188
2382,廣達,21,14,7,群益金鼎-三民,2024-01-02,9188
00722B,群益投資級電信債,7,0,7,群益金鼎-三民,2024-01-02,9188
5521,工信,27,20,7,群益金鼎-三民,2024-01-02,9188
4906,正文,300,0,300,群益金鼎-三民,2024-01-03,9188
00937B,群益ESG投等債20,218,5,213,群益金鼎-三民,2024-01-03,9188
2618,長榮航,174,53,121,群益金鼎-三民,2024-01-03,9188
0056,元大高股息,132,11,121,群益金鼎-三民,2024-01-03,9188
1802,台玻,124,4,120,群益金鼎-三民,2024-01-03,9188
00753L,中信中國50正2,101,1,100,群益金鼎-三民,2024-01-03,9188
2303,聯電,88,17,71,群益金鼎-三民,2024-01-03,9188
00712,復華富時不動產,106,46,60,群益金鼎-三民,2024-01-03,9188
00900,富邦特選高股息30,124,65,59,群益金鼎-三民,2024-01-03,9188
2885,元大金,46,0,46,群益金鼎-三民,2024-01-03,9188
5880,合庫金,43,0,43,群益金鼎-三民,2024-01-03,9188
2838,聯邦銀,40,0,40,群益金鼎-三民,2024-01-03,9188
00688L,國泰20年美債正2,38,1,37,群益金鼎-三民,2024-01-03,9188
00751B,元大AAA至A公司債,37,0,37,群益金鼎-三民,2024-01-03,9188
6113,亞矽,35,0,35,群益金鼎-三民,2024-01-03,9188
00918,大華優利高填息30,35,0,35,群益金鼎-三民,2024-01-03,9188
00642U,期元大S＆P石油,34,0,34,群益金鼎-三民,2024-01-03,9188
00687B,國泰20年美債,32,1,31,群益金鼎-三民,2024-01-03,9188
2356,英業達,47,16,31,群益金鼎-三民,2024-01-03,9188
2344,華邦電,38,7,31,群益金鼎-三民,2024-01-03,9188
2867,三商壽,30,0,30,群益金鼎-三民,2024-01-03,9188
4114,健喬,27,0,27,群益金鼎-三民,2024-01-03,9188
3062,建漢,27,0,27,群益金鼎-三民,2024-01-03,9188
00631L,元大台灣50正2,26,0,26,群益金鼎-三民,2024-01-03,9188
2409,友達,67,43,24,群益金鼎-三民,2024-01-03,9188
2889,國票金,32,8,24,群益金鼎-三民,2024-01-03,9188
2881,富邦金,27,5,22,群益金鼎-三民,2024-01-03,9188
00772B,中信高評級公司債,58,36,22,群益金鼎-三民,2024-01-03,9188
00878,國泰永續高股息,529,507,22,群益金鼎-三民,2024-01-03,9188
2886,兆豐金,21,0,21,群益金鼎-三民,2024-01-03,9188
00885,富邦越南,18,0,18,群益金鼎-三民,2024-01-03,9188
2641,正德,23,5,18,群益金鼎-三民,2024-01-03,9188
00881,國泰台灣5G+,17,0,17,群益金鼎-三民,2024-01-03,9188
3231,緯創,25,9,16,群益金鼎-三民,2024-01-03,9188
9934,成霖,55,40,15,群益金鼎-三民,2024-01-03,9188
00934,中信成長高股息,15,0,15,群益金鼎-三民,2024-01-03,9188
2609,陽明,67,52,15,群益金鼎-三民,2024-01-03,9188
2891,中信金,15,2,13,群益金鼎-三民,2024-01-03,9188
00935,野村臺灣新科技50,12,0,12,群益金鼎-三民,2024-01-03,9188
4162,智擎,13,1,12,群益金鼎-三民,2024-01-03,9188
2611,志信,12,0,12,群益金鼎-三民,2024-01-03,9188
6505,台塑化,11,0,11,群益金鼎-三民,2024-01-03,9188
2330,台積電,15,5,10,群益金鼎-三民,2024-01-03,9188
2108,南帝,10,0,10,群益金鼎-三民,2024-01-03,9188
2880,華南金,10,0,10,群益金鼎-三民,2024-01-03,9188
00891,中信關鍵半導體,10,0,10,群益金鼎-三民,2024-01-03,9188
2884,玉山金,10,1,9,群益金鼎-三民,2024-01-03,9188
3105,穩懋,10,1,9,群益金鼎-三民,2024-01-03,9188
6196,帆宣,9,0,9,群益金鼎-三民,2024-01-03,9188
2474,可成,10,1,9,群益金鼎-三民,2024-01-03,9188
00929,復華台灣科技優息,370,66,304,群益金鼎-三民,2024-01-04,9188
00927,群益半導體收益,301,2,299,群益金鼎-三民,2024-01-04,9188
8936,國統,302,5,297,群益金鼎-三民,2024-01-04,9188
2356,英業達,147,36,111,群益金鼎-三民,2024-01-04,9188
00937B,群益ESG投等債20,124,30,94,群益金鼎-三民,2024-01-04,9188
4906,正文,100,8,92,群益金鼎-三民,2024-01-04,9188
2324,仁寶,79,14,65,群益金鼎-三民,2024-01-04,9188
2528,皇普,52,0,52,群益金鼎-三民,2024-01-04,9188
00637L,元大滬深300正2,54,2,52,群益金鼎-三民,2024-01-04,9188
2331,精英,71,21,50,群益金鼎-三民,2024-01-04,9188
00712,復華富時不動產,49,0,49,群益金鼎-三民,2024-01-04,9188
2405,輔信,50,1,49,群益金鼎-三民,2024-01-04,9188
0056,元大高股息,45,1,44,群益金鼎-三民,2024-01-04,9188
2344,華邦電,54,15,39,群益金鼎-三民,2024-01-04,9188
6113,亞矽,207,170,37,群益金鼎-三民,2024-01-04,9188
4164,承業醫,31,0,31,群益金鼎-三民,2024-01-04,9188
00669R,國泰美國道瓊反1,31,0,31,群益金鼎-三民,2024-01-04,9188
1110,東泥,29,0,29,群益金鼎-三民,2024-01-04,9188
00919,群益台灣精選高息,37,10,27,群益金鼎-三民,2024-01-04,9188
2353,宏��,36,10,26,群益金鼎-三民,2024-01-04,9188
3380,明泰,29,5,24,群益金鼎-三民,2024-01-04,9188
3265,台星科,23,0,23,群益金鼎-三民,2024-01-04,9188
2498,宏達電,23,0,23,群益金鼎-三民,2024-01-04,9188
6695,芯鼎,27,4,23,群益金鼎-三民,2024-01-04,9188
2618,長榮航,60,38,22,群益金鼎-三民,2024-01-04,9188
8096,擎亞,21,1,20,群益金鼎-三民,2024-01-04,9188
2303,聯電,38,19,19,群益金鼎-三民,2024-01-04,9188
1605,華新,20,3,17,群益金鼎-三民,2024-01-04,9188
00720B,元大投資級公司債,16,0,16,群益金鼎-三民,2024-01-04,9188
00772B,中信高評級公司債,67,52,15,群益金鼎-三民,2024-01-04,9188
3046,建��,15,0,15,群益金鼎-三民,2024-01-04,9188
8046,南電,14,0,14,群益金鼎-三民,2024-01-04,9188
2610,華航,18,5,13,群益金鼎-三民,2024-01-04,9188
1514,亞力,74,61,13,群益金鼎-三民,2024-01-04,9188
2486,一詮,33,20,13,群益金鼎-三民,2024-01-04,9188
2312,金寶,23,11,12,群益金鼎-三民,2024-01-04,9188
3338,泰碩,11,0,11,群益金鼎-三民,2024-01-04,9188
6112,邁達特,11,0,11,群益金鼎-三民,2024-01-04,9188
2889,國票金,10,0,10,群益金鼎-三民,2024-01-04,9188
00900,富邦特選高股息30,107,97,10,群益金鼎-三民,2024-01-04,9188
4720,德淵,10,0,10,群益金鼎-三民,2024-01-04,9188
6684,安格,11,1,10,群益金鼎-三民,2024-01-04,9188
6456,GIS-KY,9,0,9,群益金鼎-三民,2024-01-04,9188
2641,正德,22,13,9,群益金鼎-三民,2024-01-04,9188
00881,國泰台灣5G+,9,0,9,群益金鼎-三民,2024-01-04,9188
00751B,元大AAA至A公司債,9,0,9,群益金鼎-三民,2024-01-04,9188
1216,統一,9,0,9,群益金鼎-三民,2024-01-04,9188
6266,泰詠,9,0,9,群益金鼎-三民,2024-01-04,9188
5234,達興材料,8,0,8,群益金鼎-三民,2024-01-04,9188
3231,緯創,20,12,8,群益金鼎-三民,2024-01-04,9188
00885,富邦越南,247,31,216,群益金鼎-三民,2024-01-05,9188
2618,長榮航,169,23,146,群益金鼎-三民,2024-01-05,9188
00929,復華台灣科技優息,179,78,101,群益金鼎-三民,2024-01-05,9188
2344,華邦電,62,5,57,群益金鼎-三民,2024-01-05,9188
1609,大亞,63,6,57,群益金鼎-三民,2024-01-05,9188
00919,群益台灣精選高息,77,25,52,群益金鼎-三民,2024-01-05,9188
00937B,群益ESG投等債20,58,5,53,群益金鼎-三民,2024-01-05,9188
00669R,國泰美國道瓊反1,77,31,46,群益金鼎-三民,2024-01-05,9188
2352,佳世達,55,10,45,群益金鼎-三民,2024-01-05,9188
3265,台星科,42,0,42,群益金鼎-三民,2024-01-05,9188
2885,元大金,35,0,35,群益金鼎-三民,2024-01-05,9188
3354,律勝,34,0,34,群益金鼎-三民,2024-01-05,9188
1732,毛寶,49,17,32,群益金鼎-三民,2024-01-05,9188
00697B,元大美債7-10,30,0,30,群益金鼎-三民,2024-01-05,9188
00933B,國泰10Y+金融債,143,114,29,群益金鼎-三民,2024-01-05,9188
2505,國揚,30,1,29,群益金鼎-三民,2024-01-05,9188
00931B,統一美債20年,31,3,28,群益金鼎-三民,2024-01-05,9188
1805,寶徠,26,0,26,群益金鼎-三民,2024-01-05,9188
2356,英業達,59,36,23,群益金鼎-三民,2024-01-05,9188
00927,群益半導體收益,22,0,22,群益金鼎-三民,2024-01-05,9188
2329,華泰,25,4,21,群益金鼎-三民,2024-01-05,9188
6757,台灣虎航,21,0,21,群益金鼎-三民,2024-01-05,9188
3673,TPK-KY,27,6,21,群益金鼎-三民,2024-01-05,9188
00922,國泰台灣領袖50,20,0,20,群益金鼎-三民,2024-01-05,9188
1504,東元,23,5,18,群益金鼎-三民,2024-01-05,9188
00687B,國泰20年美債,21,3,18,群益金鼎-三民,2024-01-05,9188
2486,一詮,26,9,17,群益金鼎-三民,2024-01-05,9188
00878,國泰永續高股息,107,90,17,群益金鼎-三民,2024-01-05,9188
00881,國泰台灣5G+,16,1,15,群益金鼎-三民,2024-01-05,9188
3094,聯傑,15,0,15,群益金鼎-三民,2024-01-05,9188
2014,中鴻,15,0,15,群益金鼎-三民,2024-01-05,9188
2324,仁寶,20,5,15,群益金鼎-三民,2024-01-05,9188
6139,亞翔,14,0,14,群益金鼎-三民,2024-01-05,9188
2206,三陽工業,19,6,13,群益金鼎-三民,2024-01-05,9188
3231,緯創,16,4,12,群益金鼎-三民,2024-01-05,9188
8096,擎亞,80,69,11,群益金鼎-三民,2024-01-05,9188
00688L,國泰20年美債正2,11,0,11,群益金鼎-三民,2024-01-05,9188
2353,宏��,21,11,10,群益金鼎-三民,2024-01-05,9188
2881,富邦金,10,0,10,群益金鼎-三民,2024-01-05,9188
4128,中天,10,0,10,群益金鼎-三民,2024-01-05,9188
6443,元晶,10,0,10,群益金鼎-三民,2024-01-05,9188
00900,富邦特選高股息30,142,132,10,群益金鼎-三民,2024-01-05,9188
5530,龍巖,10,0,10,群益金鼎-三民,2024-01-05,9188
00934,中信成長高股息,10,0,10,群益金鼎-三民,2024-01-05,9188
2362,藍天,19,9,10,群益金鼎-三民,2024-01-05,9188
0056,元大高股息,12,3,9,群益金鼎-三民,2024-01-05,9188
00751B,元大AAA至A公司債,9,0,9,群益金鼎-三民,2024-01-05,9188
00679B,元大美債20年,97,89,8,群益金鼎-三民,2024-01-05,9188
00722B,群益投資級電信債,8,0,8,群益金鼎-三民,2024-01-05,9188
00936,台新永續高息中小,8,0,8,群益金鼎-三民,2024-01-05,9188
00637L,元大滬深300正2,243,3,240,群益金鼎-三民,2024-01-08,9188
00929,復華台灣科技優息,338,101,237,群益金鼎-三民,2024-01-08,9188
00927,群益半導體收益,106,0,106,群益金鼎-三民,2024-01-08,9188
00715L,期街口布蘭特正2,100,0,100,群益金鼎-三民,2024-01-08,9188
00919,群益台灣精選高息,83,5,78,群益金鼎-三民,2024-01-08,9188
00720B,元大投資級公司債,62,0,62,群益金鼎-三民,2024-01-08,9188
00937B,群益ESG投等債20,74,16,58,群益金鼎-三民,2024-01-08,9188
3622,洋華,45,0,45,群益金鼎-三民,2024-01-08,9188
00751B,元大AAA至A公司債,33,0,33,群益金鼎-三民,2024-01-08,9188
3265,台星科,33,0,33,群益金鼎-三民,2024-01-08,9188
00687B,國泰20年美債,35,2,33,群益金鼎-三民,2024-01-08,9188
1605,華新,32,1,31,群益金鼎-三民,2024-01-08,9188
00753L,中信中國50正2,28,0,28,群益金鼎-三民,2024-01-08,9188
00712,復華富時不動產,31,4,27,群益金鼎-三民,2024-01-08,9188
2603,長榮,39,12,27,群益金鼎-三民,2024-01-08,9188
2611,志信,45,18,27,群益金鼎-三民,2024-01-08,9188
00679B,元大美債20年,117,92,25,群益金鼎-三民,2024-01-08,9188
2303,聯電,31,8,23,群益金鼎-三民,2024-01-08,9188
9919,康那香,25,2,23,群益金鼎-三民,2024-01-08,9188
00655L,國泰中國A50正2,21,0,21,群益金鼎-三民,2024-01-08,9188
3673,TPK-KY,20,0,20,群益金鼎-三民,2024-01-08,9188
00680L,元大美債20正2,20,0,20,群益金鼎-三民,2024-01-08,9188
1609,大亞,17,0,17,群益金鼎-三民,2024-01-08,9188
2867,三商壽,15,0,15,群益金鼎-三民,2024-01-08,9188
5426,振發,15,0,15,群益金鼎-三民,2024-01-08,9188
00882,中信中國高股息,15,0,15,群益金鼎-三民,2024-01-08,9188
2002,中鋼,14,0,14,群益金鼎-三民,2024-01-08,9188
00665L,富邦�琤肭磪囓�2,13,0,13,群益金鼎-三民,2024-01-08,9188
00931B,統一美債20年,30,17,13,群益金鼎-三民,2024-01-08,9188
2317,鴻海,14,1,13,群益金鼎-三民,2024-01-08,9188
2641,正德,18,6,12,群益金鼎-三民,2024-01-08,9188
6282,康舒,12,0,12,群益金鼎-三民,2024-01-08,9188
2331,精英,49,38,11,群益金鼎-三民,2024-01-08,9188
2615,萬海,12,1,11,群益金鼎-三民,2024-01-08,9188
3287,廣寰科,33,23,10,群益金鼎-三民,2024-01-08,9188
3702,大聯大,10,0,10,群益金鼎-三民,2024-01-08,9188
2374,佳能,10,0,10,群益金鼎-三民,2024-01-08,9188
00900,富邦特選高股息30,188,179,9,群益金鼎-三民,2024-01-08,9188
2637,慧洋-KY,10,2,8,群益金鼎-三民,2024-01-08,9188
6113,亞矽,19,11,8,群益金鼎-三民,2024-01-08,9188
2382,廣達,11,3,8,群益金鼎-三民,2024-01-08,9188
5225,東科-KY,24,16,8,群益金鼎-三民,2024-01-08,9188
3078,僑威,8,0,8,群益金鼎-三民,2024-01-08,9188
00724B,群益投資級金融債,8,0,8,群益金鼎-三民,2024-01-08,9188
1815,富喬,9,1,8,群益金鼎-三民,2024-01-08,9188
3017,奇鋐,13,6,7,群益金鼎-三民,2024-01-08,9188
3260,威剛,13,6,7,群益金鼎-三民,2024-01-08,9188
5432,新門,9,2,7,群益金鼎-三民,2024-01-08,9188
3088,艾訊,7,0,7,群益金鼎-三民,2024-01-08,9188
3715,定穎投控,9,2,7,群益金鼎-三民,2024-01-08,9188
00671R,富邦NASDAQ反1,190,0,190,群益金鼎-三民,2024-01-09,9188
00919,群益台灣精選高息,205,47,158,群益金鼎-三民,2024-01-09,9188
2356,英業達,119,17,102,群益金鼎-三民,2024-01-09,9188
00929,復華台灣科技優息,96,19,77,群益金鼎-三民,2024-01-09,9188
3265,台星科,63,5,58,群益金鼎-三民,2024-01-09,9188
00927,群益半導體收益,58,2,56,群益金鼎-三民,2024-01-09,9188
2208,台船,52,0,52,群益金鼎-三民,2024-01-09,9188
00688L,國泰20年美債正2,51,0,51,群益金鼎-三民,2024-01-09,9188
6116,彩晶,650,600,50,群益金鼎-三民,2024-01-09,9188
2609,陽明,139,92,47,群益金鼎-三民,2024-01-09,9188
00937B,群益ESG投等債20,37,0,37,群益金鼎-三民,2024-01-09,9188
2734,易飛網,30,0,30,群益金鼎-三民,2024-01-09,9188
00900,富邦特選高股息30,186,156,30,群益金鼎-三民,2024-01-09,9188
00637L,元大滬深300正2,30,1,29,群益金鼎-三民,2024-01-09,9188
00751B,元大AAA至A公司債,28,0,28,群益金鼎-三民,2024-01-09,9188
2002,中鋼,51,25,26,群益金鼎-三民,2024-01-09,9188
00885,富邦越南,36,10,26,群益金鼎-三民,2024-01-09,9188
2065,世豐,25,0,25,群益金鼎-三民,2024-01-09,9188
2344,華邦電,27,3,24,群益金鼎-三民,2024-01-09,9188
2308,台達電,20,0,20,群益金鼎-三民,2024-01-09,9188
00905,FT臺灣Smart,20,0,20,群益金鼎-三民,2024-01-09,9188
2610,華航,20,1,19,群益金鼎-三民,2024-01-09,9188
6194,育富,19,1,18,群益金鼎-三民,2024-01-09,9188
2312,金寶,18,0,18,群益金鼎-三民,2024-01-09,9188
2353,宏��,48,31,17,群益金鼎-三民,2024-01-09,9188
6196,帆宣,21,6,15,群益金鼎-三民,2024-01-09,9188
2388,威盛,31,16,15,群益金鼎-三民,2024-01-09,9188
2611,志信,49,34,15,群益金鼎-三民,2024-01-09,9188
1605,華新,19,4,15,群益金鼎-三民,2024-01-09,9188
1325,恆大,16,1,15,群益金鼎-三民,2024-01-09,9188
1314,中石化,36,21,15,群益金鼎-三民,2024-01-09,9188
2615,萬海,23,9,14,群益金鼎-三民,2024-01-09,9188
2606,裕民,14,0,14,群益金鼎-三民,2024-01-09,9188
2603,長榮,29,16,13,群益金鼎-三民,2024-01-09,9188
3051,力特,17,4,13,群益金鼎-三民,2024-01-09,9188
00918,大華優利高填息30,15,2,13,群益金鼎-三民,2024-01-09,9188
3231,緯創,64,51,13,群益金鼎-三民,2024-01-09,9188
5608,四維航,22,10,12,群益金鼎-三民,2024-01-09,9188
2883,凱基金,12,0,12,群益金鼎-三民,2024-01-09,9188
00933B,國泰10Y+金融債,45,33,12,群益金鼎-三民,2024-01-09,9188
00773B,中信優先金融債,12,0,12,群益金鼎-三民,2024-01-09,9188
00770,國泰北美科技,13,1,12,群益金鼎-三民,2024-01-09,9188
2387,精元,19,7,12,群益金鼎-三民,2024-01-09,9188
6120,達運,19,7,12,群益金鼎-三民,2024-01-09,9188
6206,飛捷,12,0,12,群益金鼎-三民,2024-01-09,9188
3122,笙泉,12,1,11,群益金鼎-三民,2024-01-09,9188
00740B,富邦全球投等債,13,2,11,群益金鼎-三民,2024-01-09,9188
6288,聯嘉,10,0,10,群益金鼎-三民,2024-01-09,9188
3673,TPK-KY,10,0,10,群益金鼎-三民,2024-01-09,9188
3094,聯傑,10,0,10,群益金鼎-三民,2024-01-09,9188
00715L,期街口布蘭特正2,140,0,140,群益金鼎-三民,2024-01-10,9188
00900,富邦特選高股息30,177,70,107,群益金鼎-三民,2024-01-10,9188
00933B,國泰10Y+金融債,135,45,90,群益金鼎-三民,2024-01-10,9188
00878,國泰永續高股息,133,48,85,群益金鼎-三民,2024-01-10,9188
2353,宏��,84,12,72,群益金鼎-三民,2024-01-10,9188
00929,復華台灣科技優息,136,76,60,群益金鼎-三民,2024-01-10,9188
2609,陽明,94,36,58,群益金鼎-三民,2024-01-10,9188
2211,長榮鋼,50,4,46,群益金鼎-三民,2024-01-10,9188
00712,復華富時不動產,45,1,44,群益金鼎-三民,2024-01-10,9188
00919,群益台灣精選高息,86,43,43,群益金鼎-三民,2024-01-10,9188
3390,旭軟,39,3,36,群益金鼎-三民,2024-01-10,9188
1326,台化,32,0,32,群益金鼎-三民,2024-01-10,9188
00720B,元大投資級公司債,33,2,31,群益金鼎-三民,2024-01-10,9188
1101,台泥,30,0,30,群益金鼎-三民,2024-01-10,9188
2528,皇普,30,0,30,群益金鼎-三民,2024-01-10,9188
2312,金寶,30,1,29,群益金鼎-三民,2024-01-10,9188
4956,光鋐,30,4,26,群益金鼎-三民,2024-01-10,9188
0056,元大高股息,27,1,26,群益金鼎-三民,2024-01-10,9188
1514,亞力,64,39,25,群益金鼎-三民,2024-01-10,9188
2301,光寶科,28,3,25,群益金鼎-三民,2024-01-10,9188
4958,臻鼎-KY,22,0,22,群益金鼎-三民,2024-01-10,9188
1301,台塑,21,0,21,群益金鼎-三民,2024-01-10,9188
00937B,群益ESG投等債20,25,4,21,群益金鼎-三民,2024-01-10,9188
2362,藍天,38,18,20,群益金鼎-三民,2024-01-10,9188
2498,宏達電,29,10,19,群益金鼎-三民,2024-01-10,9188
00885,富邦越南,33,14,19,群益金鼎-三民,2024-01-10,9188
6482,弘煜科,18,1,17,群益金鼎-三民,2024-01-10,9188
6223,旺矽,29,14,15,群益金鼎-三民,2024-01-10,9188
2014,中鴻,14,0,14,群益金鼎-三民,2024-01-10,9188
5880,合庫金,14,0,14,群益金鼎-三民,2024-01-10,9188
6163,華電網,27,14,13,群益金鼎-三民,2024-01-10,9188
6140,訊達,31,18,13,群益金鼎-三民,2024-01-10,9188
6139,亞翔,13,1,12,群益金鼎-三民,2024-01-10,9188
3673,TPK-KY,12,0,12,群益金鼎-三民,2024-01-10,9188
00673R,期元大S＆P原油反1,12,0,12,群益金鼎-三民,2024-01-10,9188
2027,大成鋼,12,1,11,群益金鼎-三民,2024-01-10,9188
2610,華航,12,1,11,群益金鼎-三民,2024-01-10,9188
6161,捷波,16,5,11,群益金鼎-三民,2024-01-10,9188
2461,光群雷,11,0,11,群益金鼎-三民,2024-01-10,9188
2367,燿華,11,0,11,群益金鼎-三民,2024-01-10,9188
2885,元大金,18,8,10,群益金鼎-三民,2024-01-10,9188
9934,成霖,10,0,10,群益金鼎-三民,2024-01-10,9188
3093,港建*,10,0,10,群益金鼎-三民,2024-01-10,9188
2888,新光金,10,0,10,群益金鼎-三民,2024-01-10,9188
3576,聯合再生,10,0,10,群益金鼎-三民,2024-01-10,9188
2836,高雄銀,10,0,10,群益金鼎-三民,2024-01-10,9188
1304,台聚,10,0,10,群益金鼎-三民,2024-01-10,9188
2504,國產,10,0,10,群益金鼎-三民,2024-01-10,9188
2489,瑞軒,10,0,10,群益金鼎-三民,2024-01-10,9188
2731,雄獅,10,0,10,群益金鼎-三民,2024-01-10,9188
6168,宏齊,146,0,146,群益金鼎-三民,2024-01-11,9188
00929,復華台灣科技優息,306,185,121,群益金鼎-三民,2024-01-11,9188
8176,智捷,80,0,80,群益金鼎-三民,2024-01-11,9188
3265,台星科,74,4,70,群益金鼎-三民,2024-01-11,9188
6274,台燿,59,7,52,群益金鼎-三民,2024-01-11,9188
00720B,元大投資級公司債,49,0,49,群益金鼎-三民,2024-01-11,9188
00919,群益台灣精選高息,77,32,45,群益金鼎-三民,2024-01-11,9188
00712,復華富時不動產,32,0,32,群益金鼎-三民,2024-01-11,9188
2409,友達,40,8,32,群益金鼎-三民,2024-01-11,9188
1216,統一,31,1,30,群益金鼎-三民,2024-01-11,9188
0056,元大高股息,40,12,28,群益金鼎-三民,2024-01-11,9188
2313,華通,25,0,25,群益金鼎-三民,2024-01-11,9188
3046,建��,25,0,25,群益金鼎-三民,2024-01-11,9188
2344,華邦電,23,1,22,群益金鼎-三民,2024-01-11,9188
00927,群益半導體收益,33,11,22,群益金鼎-三民,2024-01-11,9188
2303,聯電,39,18,21,群益金鼎-三民,2024-01-11,9188
00937B,群益ESG投等債20,23,3,20,群益金鼎-三民,2024-01-11,9188
3176,基亞,20,0,20,群益金鼎-三民,2024-01-11,9188
2323,中環,21,1,20,群益金鼎-三民,2024-01-11,9188
2408,南亞科,23,3,20,群益金鼎-三民,2024-01-11,9188
2882,國泰金,23,7,16,群益金鼎-三民,2024-01-11,9188
2867,三商壽,15,0,15,群益金鼎-三民,2024-01-11,9188
1514,亞力,48,34,14,群益金鼎-三民,2024-01-11,9188
00931B,統一美債20年,14,1,13,群益金鼎-三民,2024-01-11,9188
00881,國泰台灣5G+,13,0,13,群益金鼎-三民,2024-01-11,9188
3481,群創,44,31,13,群益金鼎-三民,2024-01-11,9188
6282,康舒,22,9,13,群益金鼎-三民,2024-01-11,9188
00680L,元大美債20正2,12,0,12,群益金鼎-三民,2024-01-11,9188
00904,新光臺灣半導體30,12,0,12,群益金鼎-三民,2024-01-11,9188
00725B,國泰投資級公司債,12,0,12,群益金鼎-三民,2024-01-11,9188
3264,欣銓,12,0,12,群益金鼎-三民,2024-01-11,9188
2425,承啟,13,1,12,群益金鼎-三民,2024-01-11,9188
6239,力成,112,101,11,群益金鼎-三民,2024-01-11,9188
2603,長榮,12,1,11,群益金鼎-三民,2024-01-11,9188
6116,彩晶,641,630,11,群益金鼎-三民,2024-01-11,9188
8050,廣積,25,14,11,群益金鼎-三民,2024-01-11,9188
2449,京元電子,13,3,10,群益金鼎-三民,2024-01-11,9188
00665L,富邦�琤肭磪囓�2,10,0,10,群益金鼎-三民,2024-01-11,9188
00933B,國泰10Y+金融債,44,34,10,群益金鼎-三民,2024-01-11,9188
00930,永豐ESG低碳高息,10,0,10,群益金鼎-三民,2024-01-11,9188
1503,士電,10,0,10,群益金鼎-三民,2024-01-11,9188
2836,高雄銀,10,0,10,群益金鼎-三民,2024-01-11,9188
6695,芯鼎,35,26,9,群益金鼎-三民,2024-01-11,9188
00773B,中信優先金融債,10,1,9,群益金鼎-三民,2024-01-11,9188
2204,中華,9,0,9,群益金鼎-三民,2024-01-11,9188
8096,擎亞,40,31,9,群益金鼎-三民,2024-01-11,9188
2368,金像電,14,6,8,群益金鼎-三民,2024-01-11,9188
2421,建準,14,6,8,群益金鼎-三民,2024-01-11,9188
00882,中信中國高股息,8,0,8,群益金鼎-三民,2024-01-11,9188
00687B,國泰20年美債,9,1,8,群益金鼎-三民,2024-01-11,9188
00720B,元大投資級公司債,348,17,331,群益金鼎-三民,2024-01-12,9188
2356,英業達,230,35,195,群益金鼎-三民,2024-01-12,9188
00937B,群益ESG投等債20,148,21,127,群益金鼎-三民,2024-01-12,9188
00929,復華台灣科技優息,137,27,110,群益金鼎-三民,2024-01-12,9188
00715L,期街口布蘭特正2,64,0,64,群益金鼎-三民,2024-01-12,9188
00927,群益半導體收益,62,0,62,群益金鼎-三民,2024-01-12,9188
00881,國泰台灣5G+,54,0,54,群益金鼎-三民,2024-01-12,9188
6116,彩晶,419,370,49,群益金鼎-三民,2024-01-12,9188
2329,華泰,60,11,49,群益金鼎-三民,2024-01-12,9188
3265,台星科,53,5,48,群益金鼎-三民,2024-01-12,9188
00919,群益台灣精選高息,49,10,39,群益金鼎-三民,2024-01-12,9188
00878,國泰永續高股息,90,55,35,群益金鼎-三民,2024-01-12,9188
2344,華邦電,37,4,33,群益金鼎-三民,2024-01-12,9188
00904,新光臺灣半導體30,32,0,32,群益金鼎-三民,2024-01-12,9188
00751B,元大AAA至A公司債,28,0,28,群益金鼎-三民,2024-01-12,9188
2353,宏��,67,41,26,群益金鼎-三民,2024-01-12,9188
2461,光群雷,25,0,25,群益金鼎-三民,2024-01-12,9188
2365,昆盈,25,1,24,群益金鼎-三民,2024-01-12,9188
2409,友達,23,0,23,群益金鼎-三民,2024-01-12,9188
2369,菱生,22,0,22,群益金鼎-三民,2024-01-12,9188
0056,元大高股息,30,8,22,群益金鼎-三民,2024-01-12,9188
1605,華新,21,0,21,群益金鼎-三民,2024-01-12,9188
2630,亞航,25,4,21,群益金鼎-三民,2024-01-12,9188
3306,鼎天,20,0,20,群益金鼎-三民,2024-01-12,9188
2836,高雄銀,20,0,20,群益金鼎-三民,2024-01-12,9188
2208,台船,27,11,16,群益金鼎-三民,2024-01-12,9188
2882,國泰金,15,0,15,群益金鼎-三民,2024-01-12,9188
1784,訊聯,15,0,15,群益金鼎-三民,2024-01-12,9188
6120,達運,22,7,15,群益金鼎-三民,2024-01-12,9188
2313,華通,15,1,14,群益金鼎-三民,2024-01-12,9188
2838,聯邦銀,13,0,13,群益金鼎-三民,2024-01-12,9188
6140,訊達,29,16,13,群益金鼎-三民,2024-01-12,9188
3706,神達,19,6,13,群益金鼎-三民,2024-01-12,9188
2890,永豐金,12,0,12,群益金鼎-三民,2024-01-12,9188
2449,京元電子,18,6,12,群益金鼎-三民,2024-01-12,9188
00642U,期元大S＆P石油,17,5,12,群益金鼎-三民,2024-01-12,9188
00936,台新永續高息中小,12,0,12,群益金鼎-三民,2024-01-12,9188
6274,台燿,22,10,12,群益金鼎-三民,2024-01-12,9188
9927,泰銘,12,0,12,群益金鼎-三民,2024-01-12,9188
3035,智原,37,26,11,群益金鼎-三民,2024-01-12,9188
2887,台新金,11,0,11,群益金鼎-三民,2024-01-12,9188
4956,光鋐,16,6,10,群益金鼎-三民,2024-01-12,9188
00632R,元大台灣50反1,10,0,10,群益金鼎-三民,2024-01-12,9188
5488,松普,10,0,10,群益金鼎-三民,2024-01-12,9188
1102,亞泥,10,0,10,群益金鼎-三民,2024-01-12,9188
2897,王道銀行,10,0,10,群益金鼎-三民,2024-01-12,9188
00891,中信關鍵半導體,10,0,10,群益金鼎-三民,2024-01-12,9188
5351,鈺創,13,4,9,群益金鼎-三民,2024-01-12,9188
6161,捷波,9,0,9,群益金鼎-三民,2024-01-12,9188
2368,金像電,11,2,9,群益金鼎-三民,2024-01-12,9188
00751B,元大AAA至A公司債,200,3,197,群益金鼎-三民,2024-01-15,9188
00720B,元大投資級公司債,197,28,169,群益金鼎-三民,2024-01-15,9188
2208,台船,62,4,58,群益金鼎-三民,2024-01-15,9188
2609,陽明,68,19,49,群益金鼎-三民,2024-01-15,9188
00927,群益半導體收益,47,2,45,群益金鼎-三民,2024-01-15,9188
2888,新光金,42,5,37,群益金鼎-三民,2024-01-15,9188
4109,加捷生醫,38,2,36,群益金鼎-三民,2024-01-15,9188
2353,宏��,35,5,30,群益金鼎-三民,2024-01-15,9188
00632R,元大台灣50反1,30,0,30,群益金鼎-三民,2024-01-15,9188
1737,臺鹽,30,0,30,群益金鼎-三民,2024-01-15,9188
2618,長榮航,84,55,29,群益金鼎-三民,2024-01-15,9188
00933B,國泰10Y+金融債,46,19,27,群益金鼎-三民,2024-01-15,9188
00715L,期街口布蘭特正2,26,0,26,群益金鼎-三民,2024-01-15,9188
2882,國泰金,25,2,23,群益金鼎-三民,2024-01-15,9188
2610,華航,24,4,20,群益金鼎-三民,2024-01-15,9188
2884,玉山金,20,0,20,群益金鼎-三民,2024-01-15,9188
2883,凱基金,51,31,20,群益金鼎-三民,2024-01-15,9188
0056,元大高股息,22,5,17,群益金鼎-三民,2024-01-15,9188
2409,友達,18,1,17,群益金鼎-三民,2024-01-15,9188
2881,富邦金,21,5,16,群益金鼎-三民,2024-01-15,9188
2801,彰銀,15,0,15,群益金鼎-三民,2024-01-15,9188
1717,長興,15,0,15,群益金鼎-三民,2024-01-15,9188
2528,皇普,15,0,15,群益金鼎-三民,2024-01-15,9188
00937B,群益ESG投等債20,14,0,14,群益金鼎-三民,2024-01-15,9188
6168,宏齊,15,1,14,群益金鼎-三民,2024-01-15,9188
00773B,中信優先金融債,20,6,14,群益金鼎-三民,2024-01-15,9188
2329,華泰,24,11,13,群益金鼎-三民,2024-01-15,9188
4123,晟德,13,0,13,群益金鼎-三民,2024-01-15,9188
6187,萬潤,13,1,12,群益金鼎-三民,2024-01-15,9188
00928,中信上櫃ESG30,12,0,12,群益金鼎-三民,2024-01-15,9188
2838,聯邦銀,12,0,12,群益金鼎-三民,2024-01-15,9188
3231,緯創,87,76,11,群益金鼎-三民,2024-01-15,9188
2739,寒舍,12,1,11,群益金鼎-三民,2024-01-15,9188
6285,啟��,15,4,11,群益金鼎-三民,2024-01-15,9188
6593,台灣銘板,14,4,10,群益金鼎-三民,2024-01-15,9188
2489,瑞軒,10,0,10,群益金鼎-三民,2024-01-15,9188
6869,雲豹能源,10,0,10,群益金鼎-三民,2024-01-15,9188
2836,高雄銀,10,0,10,群益金鼎-三民,2024-01-15,9188
6530,創威,11,1,10,群益金鼎-三民,2024-01-15,9188
2421,建準,20,11,9,群益金鼎-三民,2024-01-15,9188
00770,國泰北美科技,9,0,9,群益金鼎-三民,2024-01-15,9188
1513,中興電,31,22,9,群益金鼎-三民,2024-01-15,9188
3390,旭軟,18,10,8,群益金鼎-三民,2024-01-15,9188
00930,永豐ESG低碳高息,8,0,8,群益金鼎-三民,2024-01-15,9188
6140,訊達,11,3,8,群益金鼎-三民,2024-01-15,9188
00931B,統一美債20年,15,7,8,群益金鼎-三民,2024-01-15,9188
3548,兆利,8,1,7,群益金鼎-三民,2024-01-15,9188
006208,富邦台50,42,35,7,群益金鼎-三民,2024-01-15,9188
00904,新光臺灣半導體30,7,0,7,群益金鼎-三民,2024-01-15,9188
2890,永豐金,7,0,7,群益金鼎-三民,2024-01-15,9188
2356,英業達,354,7,347,群益金鼎-三民,2024-01-16,9188
00720B,元大投資級公司債,206,2,204,群益金鼎-三民,2024-01-16,9188
00671R,富邦NASDAQ反1,180,0,180,群益金鼎-三民,2024-01-16,9188
00632R,元大台灣50反1,130,0,130,群益金鼎-三民,2024-01-16,9188
2880,華南金,106,0,106,群益金鼎-三民,2024-01-16,9188
0056,元大高股息,94,9,85,群益金鼎-三民,2024-01-16,9188
00929,復華台灣科技優息,154,74,80,群益金鼎-三民,2024-01-16,9188
00725B,國泰投資級公司債,76,0,76,群益金鼎-三民,2024-01-16,9188
00927,群益半導體收益,67,1,66,群益金鼎-三民,2024-01-16,9188
00637L,元大滬深300正2,251,195,56,群益金鼎-三民,2024-01-16,9188
2344,華邦電,60,9,51,群益金鼎-三民,2024-01-16,9188
8070,長華*,44,0,44,群益金鼎-三民,2024-01-16,9188
1301,台塑,44,1,43,群益金鼎-三民,2024-01-16,9188
2601,益航,40,0,40,群益金鼎-三民,2024-01-16,9188
5348,正能量智能,40,0,40,群益金鼎-三民,2024-01-16,9188
2888,新光金,39,1,38,群益金鼎-三民,2024-01-16,9188
2883,凱基金,83,46,37,群益金鼎-三民,2024-01-16,9188
2882,國泰金,36,0,36,群益金鼎-三民,2024-01-16,9188
1605,華新,36,1,35,群益金鼎-三民,2024-01-16,9188
8096,擎亞,38,5,33,群益金鼎-三民,2024-01-16,9188
2838,聯邦銀,32,0,32,群益金鼎-三民,2024-01-16,9188
2002,中鋼,31,0,31,群益金鼎-三民,2024-01-16,9188
00900,富邦特選高股息30,121,90,31,群益金鼎-三民,2024-01-16,9188
8092,建暐,30,0,30,群益金鼎-三民,2024-01-16,9188
6141,柏承,29,0,29,群益金鼎-三民,2024-01-16,9188
1314,中石化,28,0,28,群益金鼎-三民,2024-01-16,9188
00937B,群益ESG投等債20,35,8,27,群益金鼎-三民,2024-01-16,9188
00919,群益台灣精選高息,74,48,26,群益金鼎-三民,2024-01-16,9188
00878,國泰永續高股息,286,261,25,群益金鼎-三民,2024-01-16,9188
2867,三商壽,23,0,23,群益金鼎-三民,2024-01-16,9188
2884,玉山金,22,0,22,群益金鼎-三民,2024-01-16,9188
1326,台化,22,0,22,群益金鼎-三民,2024-01-16,9188
2885,元大金,30,9,21,群益金鼎-三民,2024-01-16,9188
5351,鈺創,30,9,21,群益金鼎-三民,2024-01-16,9188
8150,南茂,20,0,20,群益金鼎-三民,2024-01-16,9188
5880,合庫金,30,11,19,群益金鼎-三民,2024-01-16,9188
3287,廣寰科,44,26,18,群益金鼎-三民,2024-01-16,9188
00687B,國泰20年美債,18,0,18,群益金鼎-三民,2024-01-16,9188
6698,旭暉應材,20,2,18,群益金鼎-三民,2024-01-16,9188
4123,晟德,23,5,18,群益金鼎-三民,2024-01-16,9188
2610,華航,22,5,17,群益金鼎-三民,2024-01-16,9188
5425,台半,17,0,17,群益金鼎-三民,2024-01-16,9188
2834,臺企銀,16,0,16,群益金鼎-三民,2024-01-16,9188
2486,一詮,27,11,16,群益金鼎-三民,2024-01-16,9188
6233,旺玖,29,13,16,群益金鼎-三民,2024-01-16,9188
2421,建準,26,11,15,群益金鼎-三民,2024-01-16,9188
2887,台新金,14,0,14,群益金鼎-三民,2024-01-16,9188
2405,輔信,27,13,14,群益金鼎-三民,2024-01-16,9188
00935,野村臺灣新科技50,13,0,13,群益金鼎-三民,2024-01-16,9188
00881,國泰台灣5G+,13,0,13,群益金鼎-三民,2024-01-16,9188
00929,復華台灣科技優息,267,26,241,群益金鼎-三民,2024-01-17,9188
00919,群益台灣精選高息,193,11,182,群益金鼎-三民,2024-01-17,9188
00900,富邦特選高股息30,283,103,180,群益金鼎-三民,2024-01-17,9188
00937B,群益ESG投等債20,280,116,164,群益金鼎-三民,2024-01-17,9188
2344,華邦電,125,15,110,群益金鼎-三民,2024-01-17,9188
00882,中信中國高股息,106,0,106,群益金鼎-三民,2024-01-17,9188
2303,聯電,150,55,95,群益金鼎-三民,2024-01-17,9188
00637L,元大滬深300正2,180,90,90,群益金鼎-三民,2024-01-17,9188
0056,元大高股息,77,2,75,群益金鼎-三民,2024-01-17,9188
2880,華南金,73,1,72,群益金鼎-三民,2024-01-17,9188
00927,群益半導體收益,70,0,70,群益金鼎-三民,2024-01-17,9188
4123,晟德,59,0,59,群益金鼎-三民,2024-01-17,9188
2356,英業達,89,36,53,群益金鼎-三民,2024-01-17,9188
2002,中鋼,47,0,47,群益金鼎-三民,2024-01-17,9188
2883,凱基金,62,16,46,群益金鼎-三民,2024-01-17,9188
6770,力積電,49,4,45,群益金鼎-三民,2024-01-17,9188
6176,瑞儀,50,5,45,群益金鼎-三民,2024-01-17,9188
2882,國泰金,40,0,40,群益金鼎-三民,2024-01-17,9188
00878,國泰永續高股息,585,546,39,群益金鼎-三民,2024-01-17,9188
4529,淳紳,38,0,38,群益金鼎-三民,2024-01-17,9188
2890,永豐金,39,3,36,群益金鼎-三民,2024-01-17,9188
2610,華航,38,2,36,群益金鼎-三民,2024-01-17,9188
2301,光寶科,43,9,34,群益金鼎-三民,2024-01-17,9188
2886,兆豐金,34,1,33,群益金鼎-三民,2024-01-17,9188
2409,友達,33,0,33,群益金鼎-三民,2024-01-17,9188
00931B,統一美債20年,31,1,30,群益金鼎-三民,2024-01-17,9188
2836,高雄銀,30,0,30,群益金鼎-三民,2024-01-17,9188
00733,富邦臺灣中小,29,0,29,群益金鼎-三民,2024-01-17,9188
00891,中信關鍵半導體,29,0,29,群益金鼎-三民,2024-01-17,9188
1609,大亞,30,1,29,群益金鼎-三民,2024-01-17,9188
00770,國泰北美科技,28,0,28,群益金鼎-三民,2024-01-17,9188
4720,德淵,27,0,27,群益金鼎-三民,2024-01-17,9188
2885,元大金,24,0,24,群益金鼎-三民,2024-01-17,9188
1605,華新,24,1,23,群益金鼎-三民,2024-01-17,9188
00683L,期元大美元指正2,22,0,22,群益金鼎-三民,2024-01-17,9188
2892,第一金,22,0,22,群益金鼎-三民,2024-01-17,9188
6192,巨路,21,0,21,群益金鼎-三民,2024-01-17,9188
00930,永豐ESG低碳高息,21,0,21,群益金鼎-三民,2024-01-17,9188
5701,劍湖山,20,0,20,群益金鼎-三民,2024-01-17,9188
1314,中石化,29,10,19,群益金鼎-三民,2024-01-17,9188
2313,華通,27,8,19,群益金鼎-三民,2024-01-17,9188
1101,台泥,19,1,18,群益金鼎-三民,2024-01-17,9188
2838,聯邦銀,25,7,18,群益金鼎-三民,2024-01-17,9188
00720B,元大投資級公司債,20,2,18,群益金鼎-三民,2024-01-17,9188
5880,合庫金,28,10,18,群益金鼎-三民,2024-01-17,9188
2888,新光金,71,53,18,群益金鼎-三民,2024-01-17,9188
6141,柏承,18,0,18,群益金鼎-三民,2024-01-17,9188
2486,一詮,34,17,17,群益金鼎-三民,2024-01-17,9188
4956,光鋐,18,1,17,群益金鼎-三民,2024-01-17,9188
00687B,國泰20年美債,17,1,16,群益金鼎-三民,2024-01-17,9188
00929,復華台灣科技優息,410,299,111,群益金鼎-三民,2024-01-18,9188
00919,群益台灣精選高息,133,52,81,群益金鼎-三民,2024-01-18,9188
00632R,元大台灣50反1,140,66,74,群益金鼎-三民,2024-01-18,9188
00882,中信中國高股息,72,0,72,群益金鼎-三民,2024-01-18,9188
2888,新光金,59,2,57,群益金鼎-三民,2024-01-18,9188
3265,台星科,68,15,53,群益金鼎-三民,2024-01-18,9188
00937B,群益ESG投等債20,51,2,49,群益金鼎-三民,2024-01-18,9188
2356,英業達,140,91,49,群益金鼎-三民,2024-01-18,9188
2303,聯電,59,15,44,群益金鼎-三民,2024-01-18,9188
1528,恩德,67,24,43,群益金鼎-三民,2024-01-18,9188
2324,仁寶,46,6,40,群益金鼎-三民,2024-01-18,9188
3711,日月光投控,50,13,37,群益金鼎-三民,2024-01-18,9188
3231,緯創,39,5,34,群益金鼎-三民,2024-01-18,9188
8064,東捷,35,2,33,群益金鼎-三民,2024-01-18,9188
8096,擎亞,43,15,28,群益金鼎-三民,2024-01-18,9188
4960,誠美材,29,2,27,群益金鼎-三民,2024-01-18,9188
2349,錸德,26,0,26,群益金鼎-三民,2024-01-18,9188
00720B,元大投資級公司債,26,0,26,群益金鼎-三民,2024-01-18,9188
1301,台塑,25,0,25,群益金鼎-三民,2024-01-18,9188
0056,元大高股息,25,0,25,群益金鼎-三民,2024-01-18,9188
5880,合庫金,22,0,22,群益金鼎-三民,2024-01-18,9188
6120,達運,27,6,21,群益金鼎-三民,2024-01-18,9188
00918,大華優利高填息30,31,10,21,群益金鼎-三民,2024-01-18,9188
00878,國泰永續高股息,537,517,20,群益金鼎-三民,2024-01-18,9188
2883,凱基金,25,5,20,群益金鼎-三民,2024-01-18,9188
00885,富邦越南,20,0,20,群益金鼎-三民,2024-01-18,9188
1514,亞力,59,39,20,群益金鼎-三民,2024-01-18,9188
00904,新光臺灣半導體30,26,7,19,群益金鼎-三民,2024-01-18,9188
00687B,國泰20年美債,19,0,19,群益金鼎-三民,2024-01-18,9188
00679B,元大美債20年,95,78,17,群益金鼎-三民,2024-01-18,9188
6770,力積電,19,2,17,群益金鼎-三民,2024-01-18,9188
3646,艾恩特,17,1,16,群益金鼎-三民,2024-01-18,9188
9904,寶成,15,0,15,群益金鼎-三民,2024-01-18,9188
2834,臺企銀,15,0,15,群益金鼎-三民,2024-01-18,9188
5426,振發,86,71,15,群益金鼎-三民,2024-01-18,9188
2610,華航,16,1,15,群益金鼎-三民,2024-01-18,9188
2838,聯邦銀,16,2,14,群益金鼎-三民,2024-01-18,9188
6695,芯鼎,26,12,14,群益金鼎-三民,2024-01-18,9188
6161,捷波,13,0,13,群益金鼎-三民,2024-01-18,9188
2453,凌群,14,2,12,群益金鼎-三民,2024-01-18,9188
2405,輔信,11,0,11,群益金鼎-三民,2024-01-18,9188
6451,訊芯-KY,11,0,11,群益金鼎-三民,2024-01-18,9188
3037,欣興,10,0,10,群益金鼎-三民,2024-01-18,9188
2206,三陽工業,11,1,10,群益金鼎-三民,2024-01-18,9188
00674R,期元大S＆P黃金反1,10,0,10,群益金鼎-三民,2024-01-18,9188
00675L,富邦臺灣加權正2,10,0,10,群益金鼎-三民,2024-01-18,9188
2528,皇普,10,0,10,群益金鼎-三民,2024-01-18,9188
1442,名軒,10,0,10,群益金鼎-三民,2024-01-18,9188
00654R,富邦印度反1,10,0,10,群益金鼎-三民,2024-01-18,9188
6869,雲豹能源,10,0,10,群益金鼎-三民,2024-01-18,9188
00632R,元大台灣50反1,1088,130,958,群益金鼎-三民,2024-01-19,9188
00937B,群益ESG投等債20,184,7,177,群益金鼎-三民,2024-01-19,9188
2883,凱基金,123,3,120,群益金鼎-三民,2024-01-19,9188
2449,京元電子,112,6,106,群益金鼎-三民,2024-01-19,9188
00904,新光臺灣半導體30,105,7,98,群益金鼎-三民,2024-01-19,9188
00680L,元大美債20正2,97,0,97,群益金鼎-三民,2024-01-19,9188
00720B,元大投資級公司債,66,1,65,群益金鼎-三民,2024-01-19,9188
00929,復華台灣科技優息,77,15,62,群益金鼎-三民,2024-01-19,9188
00687B,國泰20年美債,63,3,60,群益金鼎-三民,2024-01-19,9188
2443,昶虹,50,0,50,群益金鼎-三民,2024-01-19,9188
00679B,元大美債20年,134,86,48,群益金鼎-三民,2024-01-19,9188
2637,慧洋-KY,40,0,40,群益金鼎-三民,2024-01-19,9188
00933B,國泰10Y+金融債,120,82,38,群益金鼎-三民,2024-01-19,9188
00878,國泰永續高股息,57,25,32,群益金鼎-三民,2024-01-19,9188
1301,台塑,31,0,31,群益金鼎-三民,2024-01-19,9188
2353,宏��,52,22,30,群益金鼎-三民,2024-01-19,9188
2838,聯邦銀,30,0,30,群益金鼎-三民,2024-01-19,9188
1303,南亞,26,0,26,群益金鼎-三民,2024-01-19,9188
2303,聯電,43,17,26,群益金鼎-三民,2024-01-19,9188
00931B,統一美債20年,26,1,25,群益金鼎-三民,2024-01-19,9188
4164,承業醫,25,0,25,群益金鼎-三民,2024-01-19,9188
3596,智易,24,0,24,群益金鼎-三民,2024-01-19,9188
00725B,國泰投資級公司債,24,0,24,群益金鼎-三民,2024-01-19,9188
5426,振發,56,34,22,群益金鼎-三民,2024-01-19,9188
6606,建德工業,21,0,21,群益金鼎-三民,2024-01-19,9188
2834,臺企銀,20,0,20,群益金鼎-三民,2024-01-19,9188
2888,新光金,21,1,20,群益金鼎-三民,2024-01-19,9188
6285,啟��,27,8,19,群益金鼎-三民,2024-01-19,9188
4960,誠美材,17,0,17,群益金鼎-三民,2024-01-19,9188
2002,中鋼,22,6,16,群益金鼎-三民,2024-01-19,9188
2014,中鴻,15,0,15,群益金鼎-三民,2024-01-19,9188
00936,台新永續高息中小,24,10,14,群益金鼎-三民,2024-01-19,9188
6122,擎邦,13,0,13,群益金鼎-三民,2024-01-19,9188
6695,芯鼎,26,14,12,群益金鼎-三民,2024-01-19,9188
00722B,群益投資級電信債,11,0,11,群益金鼎-三民,2024-01-19,9188
2208,台船,11,1,10,群益金鼎-三民,2024-01-19,9188
00664R,國泰臺灣加權反1,10,0,10,群益金鼎-三民,2024-01-19,9188
2528,皇普,10,0,10,群益金鼎-三民,2024-01-19,9188
5355,佳總,10,0,10,群益金鼎-三民,2024-01-19,9188
3306,鼎天,22,12,10,群益金鼎-三民,2024-01-19,9188
3673,TPK-KY,10,0,10,群益金鼎-三民,2024-01-19,9188
00882,中信中國高股息,14,4,10,群益金鼎-三民,2024-01-19,9188
3623,富晶通,13,3,10,群益金鼎-三民,2024-01-19,9188
2882,國泰金,10,0,10,群益金鼎-三民,2024-01-19,9188
6161,捷波,9,0,9,群益金鼎-三民,2024-01-19,9188
2458,義隆,50,41,9,群益金鼎-三民,2024-01-19,9188
3025,星通,15,6,9,群益金鼎-三民,2024-01-19,9188
00712,復華富時不動產,9,0,9,群益金鼎-三民,2024-01-19,9188
6218,豪勉,12,4,8,群益金鼎-三民,2024-01-19,9188
6166,凌華,8,0,8,群益金鼎-三民,2024-01-19,9188
00933B,國泰10Y+金融債,1871,60,1811,群益金鼎-三民,2024-01-22,9188
2504,國產,333,19,314,群益金鼎-三民,2024-01-22,9188
2891,中信金,185,35,150,群益金鼎-三民,2024-01-22,9188
9105,泰金寶-DR,150,2,148,群益金鼎-三民,2024-01-22,9188
00665L,富邦�琤肭磪囓�2,116,0,116,群益金鼎-三民,2024-01-22,9188
2834,臺企銀,96,0,96,群益金鼎-三民,2024-01-22,9188
2618,長榮航,93,16,77,群益金鼎-三民,2024-01-22,9188
00882,中信中國高股息,72,0,72,群益金鼎-三民,2024-01-22,9188
2363,矽統,79,28,51,群益金鼎-三民,2024-01-22,9188
4123,晟德,41,0,41,群益金鼎-三民,2024-01-22,9188
2352,佳世達,52,11,41,群益金鼎-三民,2024-01-22,9188
2301,光寶科,64,25,39,群益金鼎-三民,2024-01-22,9188
2498,宏達電,39,4,35,群益金鼎-三民,2024-01-22,9188
3481,群創,77,44,33,群益金鼎-三民,2024-01-22,9188
00937B,群益ESG投等債20,32,0,32,群益金鼎-三民,2024-01-22,9188
2609,陽明,34,6,28,群益金鼎-三民,2024-01-22,9188
5880,合庫金,24,0,24,群益金鼎-三民,2024-01-22,9188
2324,仁寶,41,18,23,群益金鼎-三民,2024-01-22,9188
8210,勤誠,32,10,22,群益金鼎-三民,2024-01-22,9188
2409,友達,25,4,21,群益金鼎-三民,2024-01-22,9188
2344,華邦電,30,9,21,群益金鼎-三民,2024-01-22,9188
00664R,國泰臺灣加權反1,20,0,20,群益金鼎-三民,2024-01-22,9188
1718,中纖,20,0,20,群益金鼎-三民,2024-01-22,9188
2888,新光金,20,1,19,群益金鼎-三民,2024-01-22,9188
00929,復華台灣科技優息,75,57,18,群益金鼎-三民,2024-01-22,9188
00679B,元大美債20年,101,83,18,群益金鼎-三民,2024-01-22,9188
3596,智易,18,0,18,群益金鼎-三民,2024-01-22,9188
00885,富邦越南,30,12,18,群益金鼎-三民,2024-01-22,9188
2838,聯邦銀,18,0,18,群益金鼎-三民,2024-01-22,9188
2359,所羅門,21,4,17,群益金鼎-三民,2024-01-22,9188
00902,中信電池及儲能,19,2,17,群益金鼎-三民,2024-01-22,9188
2313,華通,17,1,16,群益金鼎-三民,2024-01-22,9188
2836,高雄銀,15,0,15,群益金鼎-三民,2024-01-22,9188
6223,旺矽,18,3,15,群益金鼎-三民,2024-01-22,9188
2603,長榮,20,6,14,群益金鼎-三民,2024-01-22,9188
00864B,中信美國公債0-1,14,0,14,群益金鼎-三民,2024-01-22,9188
9904,寶成,14,0,14,群益金鼎-三民,2024-01-22,9188
8059,凱碩,22,10,12,群益金鼎-三民,2024-01-22,9188
2329,華泰,77,65,12,群益金鼎-三民,2024-01-22,9188
2884,玉山金,12,0,12,群益金鼎-三民,2024-01-22,9188
00687B,國泰20年美債,12,0,12,群益金鼎-三民,2024-01-22,9188
4979,華星光,12,0,12,群益金鼎-三民,2024-01-22,9188
2633,台灣高鐵,12,0,12,群益金鼎-三民,2024-01-22,9188
2369,菱生,12,1,11,群益金鼎-三民,2024-01-22,9188
2317,鴻海,11,0,11,群益金鼎-三民,2024-01-22,9188
2801,彰銀,10,0,10,群益金鼎-三民,2024-01-22,9188
00675L,富邦臺灣加權正2,10,0,10,群益金鼎-三民,2024-01-22,9188
6168,宏齊,10,0,10,群益金鼎-三民,2024-01-22,9188
2722,夏都,10,0,10,群益金鼎-三民,2024-01-22,9188
8054,安國,19,9,10,群益金鼎-三民,2024-01-22,9188
00632R,元大台灣50反1,820,0,820,群益金鼎-三民,2024-01-23,9188
00933B,國泰10Y+金融債,532,41,491,群益金鼎-三民,2024-01-23,9188
00937B,群益ESG投等債20,225,2,223,群益金鼎-三民,2024-01-23,9188
2504,國產,98,3,95,群益金鼎-三民,2024-01-23,9188
4164,承業醫,60,0,60,群益金鼎-三民,2024-01-23,9188
2002,中鋼,37,0,37,群益金鼎-三民,2024-01-23,9188
2408,南亞科,41,5,36,群益金鼎-三民,2024-01-23,9188
2243,宏旭-KY,34,1,33,群益金鼎-三民,2024-01-23,9188
00725B,國泰投資級公司債,31,0,31,群益金鼎-三民,2024-01-23,9188
2834,臺企銀,31,2,29,群益金鼎-三民,2024-01-23,9188
2618,長榮航,54,28,26,群益金鼎-三民,2024-01-23,9188
00637L,元大滬深300正2,182,156,26,群益金鼎-三民,2024-01-23,9188
5426,振發,52,27,25,群益金鼎-三民,2024-01-23,9188
8070,長華*,24,0,24,群益金鼎-三民,2024-01-23,9188
2344,華邦電,59,39,20,群益金鼎-三民,2024-01-23,9188
2352,佳世達,20,1,19,群益金鼎-三民,2024-01-23,9188
8059,凱碩,22,3,19,群益金鼎-三民,2024-01-23,9188
3390,旭軟,18,0,18,群益金鼎-三民,2024-01-23,9188
2382,廣達,40,23,17,群益金鼎-三民,2024-01-23,9188
00679B,元大美債20年,101,86,15,群益金鼎-三民,2024-01-23,9188
6274,台燿,43,28,15,群益金鼎-三民,2024-01-23,9188
3338,泰碩,20,5,15,群益金鼎-三民,2024-01-23,9188
00885,富邦越南,15,0,15,群益金鼎-三民,2024-01-23,9188
1514,亞力,54,39,15,群益金鼎-三民,2024-01-23,9188
4956,光鋐,17,3,14,群益金鼎-三民,2024-01-23,9188
4743,合一,13,0,13,群益金鼎-三民,2024-01-23,9188
3532,台勝科,12,0,12,群益金鼎-三民,2024-01-23,9188
00680L,元大美債20正2,12,0,12,群益金鼎-三民,2024-01-23,9188
1504,東元,14,2,12,群益金鼎-三民,2024-01-23,9188
2887,台新金,12,1,11,群益金鼎-三民,2024-01-23,9188
1717,長興,11,0,11,群益金鼎-三民,2024-01-23,9188
6113,亞矽,14,3,11,群益金鼎-三民,2024-01-23,9188
00919,群益台灣精選高息,32,22,10,群益金鼎-三民,2024-01-23,9188
3363,上詮,14,4,10,群益金鼎-三民,2024-01-23,9188
4904,遠傳,10,0,10,群益金鼎-三民,2024-01-23,9188
4128,中天,10,0,10,群益金鼎-三民,2024-01-23,9188
6234,高僑,10,0,10,群益金鼎-三民,2024-01-23,9188
2303,聯電,32,22,10,群益金鼎-三民,2024-01-23,9188
6873,泓德能源,10,0,10,群益金鼎-三民,2024-01-23,9188
00664R,國泰臺灣加權反1,10,0,10,群益金鼎-三民,2024-01-23,9188
5388,中磊,10,0,10,群益金鼎-三民,2024-01-23,9188
1442,名軒,10,0,10,群益金鼎-三民,2024-01-23,9188
00675L,富邦臺灣加權正2,10,0,10,群益金鼎-三民,2024-01-23,9188
8215,明基材,11,1,10,群益金鼎-三民,2024-01-23,9188
2637,慧洋-KY,10,0,10,群益金鼎-三民,2024-01-23,9188
3354,律勝,29,20,9,群益金鼎-三民,2024-01-23,9188
6166,凌華,9,0,9,群益金鼎-三民,2024-01-23,9188
00687B,國泰20年美債,10,2,8,群益金鼎-三民,2024-01-23,9188
2882,國泰金,9,1,8,群益金鼎-三民,2024-01-23,9188
2401,凌陽,8,0,8,群益金鼎-三民,2024-01-23,9188
2356,英業達,425,136,289,群益金鼎-三民,2024-01-24,9188
00937B,群益ESG投等債20,245,30,215,群益金鼎-三民,2024-01-24,9188
00637L,元大滬深300正2,202,66,136,群益金鼎-三民,2024-01-24,9188
6265,方土昶,136,18,118,群益金鼎-三民,2024-01-24,9188
2002,中鋼,95,8,87,群益金鼎-三民,2024-01-24,9188
4164,承業醫,68,0,68,群益金鼎-三民,2024-01-24,9188
00671R,富邦NASDAQ反1,59,0,59,群益金鼎-三民,2024-01-24,9188
00687B,國泰20年美債,39,0,39,群益金鼎-三民,2024-01-24,9188
8070,長華*,37,0,37,群益金鼎-三民,2024-01-24,9188
2327,國巨,36,1,35,群益金鼎-三民,2024-01-24,9188
2528,皇普,35,0,35,群益金鼎-三民,2024-01-24,9188
00902,中信電池及儲能,32,0,32,群益金鼎-三民,2024-01-24,9188
4188,安克,32,1,31,群益金鼎-三民,2024-01-24,9188
1514,亞力,44,13,31,群益金鼎-三民,2024-01-24,9188
3380,明泰,26,2,24,群益金鼎-三民,2024-01-24,9188
00679B,元大美債20年,108,86,22,群益金鼎-三民,2024-01-24,9188
2498,宏達電,24,3,21,群益金鼎-三民,2024-01-24,9188
2489,瑞軒,21,0,21,群益金鼎-三民,2024-01-24,9188
1217,愛之味,20,0,20,群益金鼎-三民,2024-01-24,9188
00664R,國泰臺灣加權反1,20,0,20,群益金鼎-三民,2024-01-24,9188
2353,宏��,81,64,17,群益金鼎-三民,2024-01-24,9188
1301,台塑,16,0,16,群益金鼎-三民,2024-01-24,9188
00882,中信中國高股息,31,15,16,群益金鼎-三民,2024-01-24,9188
00751B,元大AAA至A公司債,16,0,16,群益金鼎-三民,2024-01-24,9188
00712,復華富時不動產,16,1,15,群益金鼎-三民,2024-01-24,9188
910322,康師傅-DR,15,0,15,群益金鼎-三民,2024-01-24,9188
4743,合一,14,0,14,群益金鼎-三民,2024-01-24,9188
00720B,元大投資級公司債,14,0,14,群益金鼎-三民,2024-01-24,9188
3623,富晶通,14,0,14,群益金鼎-三民,2024-01-24,9188
2374,佳能,16,3,13,群益金鼎-三民,2024-01-24,9188
3615,安可,32,19,13,群益金鼎-三民,2024-01-24,9188
6125,廣運,13,1,12,群益金鼎-三民,2024-01-24,9188
00929,復華台灣科技優息,38,26,12,群益金鼎-三民,2024-01-24,9188
3260,威剛,16,4,12,群益金鼎-三民,2024-01-24,9188
8932,智通*,16,5,11,群益金鼎-三民,2024-01-24,9188
1326,台化,11,0,11,群益金鼎-三民,2024-01-24,9188
6117,迎廣,12,1,11,群益金鼎-三民,2024-01-24,9188
00676R,富邦臺灣加權反1,10,0,10,群益金鼎-三民,2024-01-24,9188
00675L,富邦臺灣加權正2,10,0,10,群益金鼎-三民,2024-01-24,9188
00665L,富邦�琤肭磪囓�2,10,0,10,群益金鼎-三民,2024-01-24,9188
00722B,群益投資級電信債,10,0,10,群益金鼎-三民,2024-01-24,9188
3188,鑫龍騰,10,0,10,群益金鼎-三民,2024-01-24,9188
4938,和碩,13,3,10,群益金鼎-三民,2024-01-24,9188
2409,友達,137,127,10,群益金鼎-三民,2024-01-24,9188
2313,華通,44,34,10,群益金鼎-三民,2024-01-24,9188
2332,友訊,10,1,9,群益金鼎-三民,2024-01-24,9188
3081,聯亞,10,1,9,群益金鼎-三民,2024-01-24,9188
00885,富邦越南,10,1,9,群益金鼎-三民,2024-01-24,9188
5469,瀚宇博,9,1,8,群益金鼎-三民,2024-01-24,9188
2301,光寶科,7,0,7,群益金鼎-三民,2024-01-24,9188
00688L,國泰20年美債正2,336,1,335,群益金鼎-三民,2024-01-25,9188
2356,英業達,193,60,133,群益金鼎-三民,2024-01-25,9188
00937B,群益ESG投等債20,127,5,122,群益金鼎-三民,2024-01-25,9188
910322,康師傅-DR,85,0,85,群益金鼎-三民,2024-01-25,9188
00632R,元大台灣50反1,71,0,71,群益金鼎-三民,2024-01-25,9188
3231,緯創,105,39,66,群益金鼎-三民,2024-01-25,9188
6257,矽格,63,2,61,群益金鼎-三民,2024-01-25,9188
00665L,富邦�琤肭磪囓�2,60,1,59,群益金鼎-三民,2024-01-25,9188
00696B,富邦美債20年,50,0,50,群益金鼎-三民,2024-01-25,9188
00636,國泰中國A50,50,0,50,群益金鼎-三民,2024-01-25,9188
00687B,國泰20年美債,42,1,41,群益金鼎-三民,2024-01-25,9188
6274,台燿,59,21,38,群益金鼎-三民,2024-01-25,9188
00929,復華台灣科技優息,40,3,37,群益金鼎-三民,2024-01-25,9188
3265,台星科,39,2,37,群益金鼎-三民,2024-01-25,9188
5443,均豪,36,1,35,群益金鼎-三民,2024-01-25,9188
4164,承業醫,31,0,31,群益金鼎-三民,2024-01-25,9188
00639,富邦深100,27,0,27,群益金鼎-三民,2024-01-25,9188
6108,競國,24,0,24,群益金鼎-三民,2024-01-25,9188
1799,易威,22,0,22,群益金鼎-三民,2024-01-25,9188
00931B,統一美債20年,32,10,22,群益金鼎-三民,2024-01-25,9188
00902,中信電池及儲能,24,2,22,群益金鼎-三民,2024-01-25,9188
3520,華盈,47,27,20,群益金鼎-三民,2024-01-25,9188
2409,友達,23,3,20,群益金鼎-三民,2024-01-25,9188
1718,中纖,20,0,20,群益金鼎-三民,2024-01-25,9188
00720B,元大投資級公司債,43,24,19,群益金鼎-三民,2024-01-25,9188
3706,神達,23,4,19,群益金鼎-三民,2024-01-25,9188
3499,環天科,18,0,18,群益金鼎-三民,2024-01-25,9188
00680L,元大美債20正2,18,0,18,群益金鼎-三民,2024-01-25,9188
2308,台達電,16,0,16,群益金鼎-三民,2024-01-25,9188
1514,亞力,21,6,15,群益金鼎-三民,2024-01-25,9188
6640,均華,15,0,15,群益金鼎-三民,2024-01-25,9188
00664R,國泰臺灣加權反1,15,0,15,群益金鼎-三民,2024-01-25,9188
00679B,元大美債20年,102,88,14,群益金鼎-三民,2024-01-25,9188
2383,台光電,17,3,14,群益金鼎-三民,2024-01-25,9188
00712,復華富時不動產,14,0,14,群益金鼎-三民,2024-01-25,9188
3047,訊舟,29,15,14,群益金鼎-三民,2024-01-25,9188
6237,驊訊,24,11,13,群益金鼎-三民,2024-01-25,9188
3162,精確,14,1,13,群益金鼎-三民,2024-01-25,9188
2498,宏達電,14,1,13,群益金鼎-三民,2024-01-25,9188
3715,定穎投控,20,7,13,群益金鼎-三民,2024-01-25,9188
6235,華孚,12,0,12,群益金鼎-三民,2024-01-25,9188
00885,富邦越南,14,2,12,群益金鼎-三民,2024-01-25,9188
2883,凱基金,11,0,11,群益金鼎-三民,2024-01-25,9188
00722B,群益投資級電信債,11,0,11,群益金鼎-三民,2024-01-25,9188
4743,合一,10,0,10,群益金鼎-三民,2024-01-25,9188
3673,TPK-KY,10,0,10,群益金鼎-三民,2024-01-25,9188
2332,友訊,10,0,10,群益金鼎-三民,2024-01-25,9188
9934,成霖,10,0,10,群益金鼎-三民,2024-01-25,9188
4729,熒茂,15,5,10,群益金鼎-三民,2024-01-25,9188
3032,偉訓,10,0,10,群益金鼎-三民,2024-01-25,9188
2303,聯電,180,25,155,群益金鼎-三民,2024-01-26,9188
00919,群益台灣精選高息,106,24,82,群益金鼎-三民,2024-01-26,9188
00937B,群益ESG投等債20,78,1,77,群益金鼎-三民,2024-01-26,9188
00929,復華台灣科技優息,161,85,76,群益金鼎-三民,2024-01-26,9188
2618,長榮航,83,11,72,群益金鼎-三民,2024-01-26,9188
2324,仁寶,64,11,53,群益金鼎-三民,2024-01-26,9188
2353,宏��,56,11,45,群益金鼎-三民,2024-01-26,9188
6257,矽格,43,1,42,群益金鼎-三民,2024-01-26,9188
3037,欣興,40,5,35,群益金鼎-三民,2024-01-26,9188
00753L,中信中國50正2,37,2,35,群益金鼎-三民,2024-01-26,9188
00664R,國泰臺灣加權反1,31,0,31,群益金鼎-三民,2024-01-26,9188
2440,太空梭,30,0,30,群益金鼎-三民,2024-01-26,9188
3673,TPK-KY,30,0,30,群益金鼎-三民,2024-01-26,9188
00665L,富邦�琤肭磪囓�2,30,0,30,群益金鼎-三民,2024-01-26,9188
2301,光寶科,48,22,26,群益金鼎-三民,2024-01-26,9188
2344,華邦電,56,31,25,群益金鼎-三民,2024-01-26,9188
2329,華泰,26,1,25,群益金鼎-三民,2024-01-26,9188
3296,勝德,25,0,25,群益金鼎-三民,2024-01-26,9188
6274,台燿,23,0,23,群益金鼎-三民,2024-01-26,9188
2382,廣達,26,4,22,群益金鼎-三民,2024-01-26,9188
2312,金寶,20,0,20,群益金鼎-三民,2024-01-26,9188
4956,光鋐,20,0,20,群益金鼎-三民,2024-01-26,9188
00720B,元大投資級公司債,22,2,20,群益金鼎-三民,2024-01-26,9188
00687B,國泰20年美債,20,1,19,群益金鼎-三民,2024-01-26,9188
2634,漢翔,15,0,15,群益金鼎-三民,2024-01-26,9188
00933B,國泰10Y+金融債,73,58,15,群益金鼎-三民,2024-01-26,9188
00900,富邦特選高股息30,130,115,15,群益金鼎-三民,2024-01-26,9188
5347,世界,14,0,14,群益金鼎-三民,2024-01-26,9188
6237,驊訊,16,2,14,群益金鼎-三民,2024-01-26,9188
00636,國泰中國A50,14,1,13,群益金鼎-三民,2024-01-26,9188
2352,佳世達,13,0,13,群益金鼎-三民,2024-01-26,9188
3380,明泰,16,3,13,群益金鼎-三民,2024-01-26,9188
00662,富邦NASDAQ,26,13,13,群益金鼎-三民,2024-01-26,9188
00927,群益半導體收益,12,0,12,群益金鼎-三民,2024-01-26,9188
8210,勤誠,16,4,12,群益金鼎-三民,2024-01-26,9188
3605,宏致,16,4,12,群益金鼎-三民,2024-01-26,9188
8111,立��,12,0,12,群益金鼎-三民,2024-01-26,9188
2423,固緯,12,0,12,群益金鼎-三民,2024-01-26,9188
6196,帆宣,12,0,12,群益金鼎-三民,2024-01-26,9188
3066,李洲,16,4,12,群益金鼎-三民,2024-01-26,9188
00733,富邦臺灣中小,11,0,11,群益金鼎-三民,2024-01-26,9188
1301,台塑,13,2,11,群益金鼎-三民,2024-01-26,9188
00680L,元大美債20正2,11,0,11,群益金鼎-三民,2024-01-26,9188
2867,三商壽,11,0,11,群益金鼎-三民,2024-01-26,9188
00934,中信成長高股息,11,0,11,群益金鼎-三民,2024-01-26,9188
6285,啟��,11,1,10,群益金鼎-三民,2024-01-26,9188
8110,華東,30,20,10,群益金鼎-三民,2024-01-26,9188
3706,神達,14,4,10,群益金鼎-三民,2024-01-26,9188
4164,承業醫,11,1,10,群益金鼎-三民,2024-01-26,9188
3265,台星科,40,30,10,群益金鼎-三民,2024-01-26,9188
00937B,群益ESG投等債20,224,8,216,群益金鼎-三民,2024-01-29,9188
00712,復華富時不動產,114,0,114,群益金鼎-三民,2024-01-29,9188
00637L,元大滬深300正2,208,95,113,群益金鼎-三民,2024-01-29,9188
8027,鈦昇,112,2,110,群益金鼎-三民,2024-01-29,9188
1806,冠軍,61,0,61,群益金鼎-三民,2024-01-29,9188
00664R,國泰臺灣加權反1,60,0,60,群益金鼎-三民,2024-01-29,9188
00687B,國泰20年美債,55,0,55,群益金鼎-三民,2024-01-29,9188
3587,閎康,48,0,48,群益金鼎-三民,2024-01-29,9188
3481,群創,54,12,42,群益金鼎-三民,2024-01-29,9188
2610,華航,40,4,36,群益金鼎-三民,2024-01-29,9188
6288,聯嘉,35,0,35,群益金鼎-三民,2024-01-29,9188
2352,佳世達,38,4,34,群益金鼎-三民,2024-01-29,9188
00680L,元大美債20正2,32,0,32,群益金鼎-三民,2024-01-29,9188
3576,聯合再生,30,1,29,群益金鼎-三民,2024-01-29,9188
00929,復華台灣科技優息,74,49,25,群益金鼎-三民,2024-01-29,9188
2365,昆盈,30,6,24,群益金鼎-三民,2024-01-29,9188
6116,彩晶,21,0,21,群益金鼎-三民,2024-01-29,9188
00679B,元大美債20年,106,86,20,群益金鼎-三民,2024-01-29,9188
2303,聯電,46,26,20,群益金鼎-三民,2024-01-29,9188
3024,憶聲,20,0,20,群益金鼎-三民,2024-01-29,9188
00633L,富邦上証正2,20,0,20,群益金鼎-三民,2024-01-29,9188
00720B,元大投資級公司債,19,0,19,群益金鼎-三民,2024-01-29,9188
3360,尚立,25,7,18,群益金鼎-三民,2024-01-29,9188
00751B,元大AAA至A公司債,16,0,16,群益金鼎-三民,2024-01-29,9188
00902,中信電池及儲能,16,0,16,群益金鼎-三民,2024-01-29,9188
1605,華新,16,0,16,群益金鼎-三民,2024-01-29,9188
6179,亞通,46,33,13,群益金鼎-三民,2024-01-29,9188
00878,國泰永續高股息,70,58,12,群益金鼎-三民,2024-01-29,9188
8110,華東,14,2,12,群益金鼎-三民,2024-01-29,9188
00655L,國泰中國A50正2,12,1,11,群益金鼎-三民,2024-01-29,9188
2867,三商壽,11,0,11,群益金鼎-三民,2024-01-29,9188
2472,立隆電,11,0,11,群益金鼎-三民,2024-01-29,9188
2211,長榮鋼,13,2,11,群益金鼎-三民,2024-01-29,9188
6113,亞矽,10,0,10,群益金鼎-三民,2024-01-29,9188
2337,旺宏,11,1,10,群益金鼎-三民,2024-01-29,9188
2498,宏達電,10,0,10,群益金鼎-三民,2024-01-29,9188
2359,所羅門,10,0,10,群益金鼎-三民,2024-01-29,9188
6168,宏齊,10,0,10,群益金鼎-三民,2024-01-29,9188
00636,國泰中國A50,10,0,10,群益金鼎-三民,2024-01-29,9188
00654R,富邦印度反1,10,0,10,群益金鼎-三民,2024-01-29,9188
6292,迅德,10,0,10,群益金鼎-三民,2024-01-29,9188
00673R,期元大S＆P原油反1,10,0,10,群益金鼎-三民,2024-01-29,9188
00764B,群益25年美債,8,0,8,群益金鼎-三民,2024-01-29,9188
2603,長榮,7,0,7,群益金鼎-三民,2024-01-29,9188
8476,台境*,7,0,7,群益金鼎-三民,2024-01-29,9188
2453,凌群,7,0,7,群益金鼎-三民,2024-01-29,9188
1713,國化,7,0,7,群益金鼎-三民,2024-01-29,9188
6531,愛普*,12,5,7,群益金鼎-三民,2024-01-29,9188
3622,洋華,21,14,7,群益金鼎-三民,2024-01-29,9188
6161,捷波,8,2,6,群益金鼎-三民,2024-01-29,9188
00632R,元大台灣50反1,300,100,200,群益金鼎-三民,2024-01-30,9188
00665L,富邦�琤肭磪囓�2,162,6,156,群益金鼎-三民,2024-01-30,9188
2836,高雄銀,130,0,130,群益金鼎-三民,2024-01-30,9188
00637L,元大滬深300正2,132,25,107,群益金鼎-三民,2024-01-30,9188
00712,復華富時不動產,107,1,106,群益金鼎-三民,2024-01-30,9188
3481,群創,126,46,80,群益金鼎-三民,2024-01-30,9188
00687B,國泰20年美債,58,4,54,群益金鼎-三民,2024-01-30,9188
2344,華邦電,36,4,32,群益金鼎-三民,2024-01-30,9188
1718,中纖,26,0,26,群益金鼎-三民,2024-01-30,9188
2363,矽統,36,14,22,群益金鼎-三民,2024-01-30,9188
4714,永捷,21,0,21,群益金鼎-三民,2024-01-30,9188
1806,冠軍,20,0,20,群益金鼎-三民,2024-01-30,9188
2609,陽明,21,2,19,群益金鼎-三民,2024-01-30,9188
00937B,群益ESG投等債20,45,27,18,群益金鼎-三民,2024-01-30,9188
2892,第一金,18,0,18,群益金鼎-三民,2024-01-30,9188
4729,熒茂,18,0,18,群益金鼎-三民,2024-01-30,9188
2885,元大金,23,5,18,群益金鼎-三民,2024-01-30,9188
2409,友達,16,0,16,群益金鼎-三民,2024-01-30,9188
3360,尚立,55,39,16,群益金鼎-三民,2024-01-30,9188
2618,長榮航,34,18,16,群益金鼎-三民,2024-01-30,9188
2421,建準,26,11,15,群益金鼎-三民,2024-01-30,9188
3380,明泰,19,4,15,群益金鼎-三民,2024-01-30,9188
2356,英業達,27,12,15,群益金鼎-三民,2024-01-30,9188
5880,合庫金,16,1,15,群益金鼎-三民,2024-01-30,9188
2208,台船,14,0,14,群益金鼎-三民,2024-01-30,9188
6187,萬潤,15,2,13,群益金鼎-三民,2024-01-30,9188
3037,欣興,16,3,13,群益金鼎-三民,2024-01-30,9188
00680L,元大美債20正2,13,1,12,群益金鼎-三民,2024-01-30,9188
6223,旺矽,12,0,12,群益金鼎-三民,2024-01-30,9188
2327,國巨,10,0,10,群益金鼎-三民,2024-01-30,9188
00688L,國泰20年美債正2,10,0,10,群益金鼎-三民,2024-01-30,9188
2528,皇普,20,10,10,群益金鼎-三民,2024-01-30,9188
1442,名軒,10,0,10,群益金鼎-三民,2024-01-30,9188
2497,怡利電,10,0,10,群益金鼎-三民,2024-01-30,9188
3607,谷崧,10,0,10,群益金鼎-三民,2024-01-30,9188
6237,驊訊,10,0,10,群益金鼎-三民,2024-01-30,9188
00720B,元大投資級公司債,10,0,10,群益金鼎-三民,2024-01-30,9188
4510,高鋒,10,0,10,群益金鼎-三民,2024-01-30,9188
1101,台泥,9,0,9,群益金鼎-三民,2024-01-30,9188
00930,永豐ESG低碳高息,9,0,9,群益金鼎-三民,2024-01-30,9188
8027,鈦昇,16,7,9,群益金鼎-三民,2024-01-30,9188
3066,李洲,11,2,9,群益金鼎-三民,2024-01-30,9188
1605,華新,9,1,8,群益金鼎-三民,2024-01-30,9188
1513,中興電,9,1,8,群益金鼎-三民,2024-01-30,9188
2867,三商壽,22,14,8,群益金鼎-三民,2024-01-30,9188
6533,晶心科,10,2,8,群益金鼎-三民,2024-01-30,9188
4968,立積,11,3,8,群益金鼎-三民,2024-01-30,9188
00762,元大全球AI,8,0,8,群益金鼎-三民,2024-01-30,9188
5871,中租-KY,7,0,7,群益金鼎-三民,2024-01-30,9188
2308,台達電,9,2,7,群益金鼎-三民,2024-01-30,9188
00885,富邦越南,453,3,450,群益金鼎-三民,2024-01-31,9188
00929,復華台灣科技優息,229,19,210,群益金鼎-三民,2024-01-31,9188
8039,台虹,167,0,167,群益金鼎-三民,2024-01-31,9188
2303,聯電,157,13,144,群益金鼎-三民,2024-01-31,9188
8070,長華*,119,3,116,群益金鼎-三民,2024-01-31,9188
00715L,期街口布蘭特正2,104,0,104,群益金鼎-三民,2024-01-31,9188
2356,英業達,84,23,61,群益金鼎-三民,2024-01-31,9188
3231,緯創,66,11,55,群益金鼎-三民,2024-01-31,9188
00937B,群益ESG投等債20,58,16,42,群益金鼎-三民,2024-01-31,9188
2511,太子,40,0,40,群益金鼎-三民,2024-01-31,9188
00881,國泰台灣5G+,39,1,38,群益金鼎-三民,2024-01-31,9188
2365,昆盈,38,3,35,群益金鼎-三民,2024-01-31,9188
2363,矽統,37,6,31,群益金鼎-三民,2024-01-31,9188
00688L,國泰20年美債正2,22,0,22,群益金鼎-三民,2024-01-31,9188
2409,友達,22,2,20,群益金鼎-三民,2024-01-31,9188
2382,廣達,21,2,19,群益金鼎-三民,2024-01-31,9188
00882,中信中國高股息,19,0,19,群益金鼎-三民,2024-01-31,9188
00680L,元大美債20正2,23,4,19,群益金鼎-三民,2024-01-31,9188
2467,志聖,19,0,19,群益金鼎-三民,2024-01-31,9188
3706,神達,21,3,18,群益金鼎-三民,2024-01-31,9188
1717,長興,18,0,18,群益金鼎-三民,2024-01-31,9188
3264,欣銓,22,4,18,群益金鼎-三民,2024-01-31,9188
6465,威潤,22,4,18,群益金鼎-三民,2024-01-31,9188
5443,均豪,16,0,16,群益金鼎-三民,2024-01-31,9188
6147,頎邦,17,2,15,群益金鼎-三民,2024-01-31,9188
4714,永捷,17,2,15,群益金鼎-三民,2024-01-31,9188
00900,富邦特選高股息30,70,55,15,群益金鼎-三民,2024-01-31,9188
00679B,元大美債20年,16,3,13,群益金鼎-三民,2024-01-31,9188
6108,競國,13,0,13,群益金鼎-三民,2024-01-31,9188
3545,敦泰,15,2,13,群益金鼎-三民,2024-01-31,9188
8027,鈦昇,47,34,13,群益金鼎-三民,2024-01-31,9188
2867,三商壽,12,0,12,群益金鼎-三民,2024-01-31,9188
2888,新光金,16,4,12,群益金鼎-三民,2024-01-31,9188
6411,晶焱,11,0,11,群益金鼎-三民,2024-01-31,9188
2634,漢翔,12,1,11,群益金鼎-三民,2024-01-31,9188
2401,凌陽,11,0,11,群益金鼎-三民,2024-01-31,9188
2329,華泰,28,17,11,群益金鼎-三民,2024-01-31,9188
2461,光群雷,11,0,11,群益金鼎-三民,2024-01-31,9188
2886,兆豐金,19,9,10,群益金鼎-三民,2024-01-31,9188
3321,同泰,10,0,10,群益金鼎-三民,2024-01-31,9188
6167,久正,10,0,10,群益金鼎-三民,2024-01-31,9188
1603,華電,10,0,10,群益金鼎-三民,2024-01-31,9188
2330,台積電,12,3,9,群益金鼎-三民,2024-01-31,9188
8059,凱碩,17,8,9,群益金鼎-三民,2024-01-31,9188
3615,安可,10,1,9,群益金鼎-三民,2024-01-31,9188
00687B,國泰20年美債,18,9,9,群益金鼎-三民,2024-01-31,9188
4174,浩鼎,8,0,8,群益金鼎-三民,2024-01-31,9188
3520,華盈,8,0,8,群益金鼎-三民,2024-01-31,9188
00722B,群益投資級電信債,10,2,8,群益金鼎-三民,2024-01-31,9188
2421,建準,11,3,8,群益金鼎-三民,2024-01-31,9188
00637L,元大滬深300正2,331,231,100,群益金鼎-三民,2024-02-01,9188
2812,台中銀,113,42,71,群益金鼎-三民,2024-02-01,9188
00712,復華富時不動產,67,4,63,群益金鼎-三民,2024-02-01,9188
00687B,國泰20年美債,69,8,61,群益金鼎-三民,2024-02-01,9188
3231,緯創,64,4,60,群益金鼎-三民,2024-02-01,9188
00900,富邦特選高股息30,139,85,54,群益金鼎-三民,2024-02-01,9188
00929,復華台灣科技優息,89,42,47,群益金鼎-三民,2024-02-01,9188
2409,友達,42,1,41,群益金鼎-三民,2024-02-01,9188
8936,國統,49,13,36,群益金鼎-三民,2024-02-01,9188
3548,兆利,32,9,23,群益金鼎-三民,2024-02-01,9188
6116,彩晶,23,0,23,群益金鼎-三民,2024-02-01,9188
6223,旺矽,24,2,22,群益金鼎-三民,2024-02-01,9188
3376,新日興,31,9,22,群益金鼎-三民,2024-02-01,9188
00688L,國泰20年美債正2,23,2,21,群益金鼎-三民,2024-02-01,9188
2352,佳世達,22,1,21,群益金鼎-三民,2024-02-01,9188
3264,欣銓,21,0,21,群益金鼎-三民,2024-02-01,9188
00923,群益台ESG低碳50,20,0,20,群益金鼎-三民,2024-02-01,9188
00696B,富邦美債20年,20,0,20,群益金鼎-三民,2024-02-01,9188
2836,高雄銀,20,0,20,群益金鼎-三民,2024-02-01,9188
2528,皇普,20,0,20,群益金鼎-三民,2024-02-01,9188
2303,聯電,33,15,18,群益金鼎-三民,2024-02-01,9188
3312,弘憶股,33,15,18,群益金鼎-三民,2024-02-01,9188
3520,華盈,27,10,17,群益金鼎-三民,2024-02-01,9188
2382,廣達,18,2,16,群益金鼎-三民,2024-02-01,9188
5443,均豪,16,0,16,群益金鼎-三民,2024-02-01,9188
3260,威剛,16,0,16,群益金鼎-三民,2024-02-01,9188
2353,宏��,18,2,16,群益金鼎-三民,2024-02-01,9188
00935,野村臺灣新科技50,15,0,15,群益金鼎-三民,2024-02-01,9188
3354,律勝,16,1,15,群益金鼎-三民,2024-02-01,9188
5512,力麒,14,0,14,群益金鼎-三民,2024-02-01,9188
6179,亞通,15,2,13,群益金鼎-三民,2024-02-01,9188
00878,國泰永續高股息,216,204,12,群益金鼎-三民,2024-02-01,9188
3363,上詮,23,12,11,群益金鼎-三民,2024-02-01,9188
1229,聯華,11,0,11,群益金鼎-三民,2024-02-01,9188
2615,萬海,10,0,10,群益金鼎-三民,2024-02-01,9188
8121,越峰,10,0,10,群益金鼎-三民,2024-02-01,9188
6284,佳邦,10,0,10,群益金鼎-三民,2024-02-01,9188
2645,長榮航太,10,0,10,群益金鼎-三民,2024-02-01,9188
3297,杭特,14,4,10,群益金鼎-三民,2024-02-01,9188
2327,國巨,11,1,10,群益金鼎-三民,2024-02-01,9188
2449,京元電子,12,3,9,群益金鼎-三民,2024-02-01,9188
6695,芯鼎,47,38,9,群益金鼎-三民,2024-02-01,9188
1732,毛寶,9,0,9,群益金鼎-三民,2024-02-01,9188
2313,華通,9,0,9,群益金鼎-三民,2024-02-01,9188
8011,台通,10,2,8,群益金鼎-三民,2024-02-01,9188
00927,群益半導體收益,9,1,8,群益金鼎-三民,2024-02-01,9188
00919,群益台灣精選高息,24,16,8,群益金鼎-三民,2024-02-01,9188
3705,永信,8,0,8,群益金鼎-三民,2024-02-01,9188
3041,揚智,22,15,7,群益金鼎-三民,2024-02-01,9188
3545,敦泰,10,3,7,群益金鼎-三民,2024-02-01,9188
00633L,富邦上証正2,471,0,471,群益金鼎-三民,2024-02-02,9188
00937B,群益ESG投等債20,329,42,287,群益金鼎-三民,2024-02-02,9188
3265,台星科,180,2,178,群益金鼎-三民,2024-02-02,9188
00687B,國泰20年美債,140,36,104,群益金鼎-三民,2024-02-02,9188
2528,皇普,50,0,50,群益金鼎-三民,2024-02-02,9188
00900,富邦特選高股息30,127,80,47,群益金鼎-三民,2024-02-02,9188
00929,復華台灣科技優息,50,9,41,群益金鼎-三民,2024-02-02,9188
00919,群益台灣精選高息,35,1,34,群益金鼎-三民,2024-02-02,9188
2303,聯電,46,13,33,群益金鼎-三民,2024-02-02,9188
2603,長榮,34,2,32,群益金鼎-三民,2024-02-02,9188
2344,華邦電,31,0,31,群益金鼎-三民,2024-02-02,9188
1514,亞力,43,13,30,群益金鼎-三民,2024-02-02,9188
3294,英濟,29,0,29,群益金鼎-三民,2024-02-02,9188
00715L,期街口布蘭特正2,25,0,25,群益金鼎-三民,2024-02-02,9188
6158,禾昌,25,0,25,群益金鼎-三民,2024-02-02,9188
3673,TPK-KY,22,0,22,群益金鼎-三民,2024-02-02,9188
00882,中信中國高股息,22,1,21,群益金鼎-三民,2024-02-02,9188
2812,台中銀,20,0,20,群益金鼎-三民,2024-02-02,9188
3360,尚立,30,10,20,群益金鼎-三民,2024-02-02,9188
4534,慶騰,20,0,20,群益金鼎-三民,2024-02-02,9188
2208,台船,20,1,19,群益金鼎-三民,2024-02-02,9188
6692,進能服,20,1,19,群益金鼎-三民,2024-02-02,9188
1503,士電,34,15,19,群益金鼎-三民,2024-02-02,9188
3078,僑威,18,1,17,群益金鼎-三民,2024-02-02,9188
6233,旺玖,18,2,16,群益金鼎-三民,2024-02-02,9188
8070,長華*,16,0,16,群益金鼎-三民,2024-02-02,9188
00885,富邦越南,20,5,15,群益金鼎-三民,2024-02-02,9188
1442,名軒,15,0,15,群益金鼎-三民,2024-02-02,9188
00712,復華富時不動產,16,1,15,群益金鼎-三民,2024-02-02,9188
3376,新日興,36,22,14,群益金鼎-三民,2024-02-02,9188
5465,富驊,15,1,14,群益金鼎-三民,2024-02-02,9188
6124,業強,16,3,13,群益金鼎-三民,2024-02-02,9188
2316,楠梓電,12,0,12,群益金鼎-三民,2024-02-02,9188
00662,富邦NASDAQ,37,25,12,群益金鼎-三民,2024-02-02,9188
6237,驊訊,17,5,12,群益金鼎-三民,2024-02-02,9188
2891,中信金,11,0,11,群益金鼎-三民,2024-02-02,9188
2408,南亞科,22,11,11,群益金鼎-三民,2024-02-02,9188
00772B,中信高評級公司債,24,13,11,群益金鼎-三民,2024-02-02,9188
2423,固緯,17,6,11,群益金鼎-三民,2024-02-02,9188
6265,方土昶,12,1,11,群益金鼎-三民,2024-02-02,9188
2352,佳世達,27,16,11,群益金鼎-三民,2024-02-02,9188
2883,凱基金,11,0,11,群益金鼎-三民,2024-02-02,9188
9928,中視,10,0,10,群益金鼎-三民,2024-02-02,9188
3317,尼克森,10,0,10,群益金鼎-三民,2024-02-02,9188
6168,宏齊,10,0,10,群益金鼎-三民,2024-02-02,9188
00639,富邦深100,10,0,10,群益金鼎-三民,2024-02-02,9188
0061,元大寶滬深,10,0,10,群益金鼎-三民,2024-02-02,9188
8213,志超,10,0,10,群益金鼎-三民,2024-02-02,9188
00655L,國泰中國A50正2,10,0,10,群益金鼎-三民,2024-02-02,9188
00665L,富邦�琤肭磪囓�2,10,0,10,群益金鼎-三民,2024-02-02,9188
00937B,群益ESG投等債20,350,25,325,群益金鼎-三民,2024-02-05,9188
00687B,國泰20年美債,257,4,253,群益金鼎-三民,2024-02-05,9188
3312,弘憶股,164,11,153,群益金鼎-三民,2024-02-05,9188
2002,中鋼,120,9,111,群益金鼎-三民,2024-02-05,9188
00680L,元大美債20正2,97,21,76,群益金鼎-三民,2024-02-05,9188
00665L,富邦�琤肭磪囓�2,62,0,62,群益金鼎-三民,2024-02-05,9188
00679B,元大美債20年,127,76,51,群益金鼎-三民,2024-02-05,9188
3265,台星科,53,2,51,群益金鼎-三民,2024-02-05,9188
00682U,期元大美元指數,47,0,47,群益金鼎-三民,2024-02-05,9188
00933B,國泰10Y+金融債,146,100,46,群益金鼎-三民,2024-02-05,9188
00929,復華台灣科技優息,150,113,37,群益金鼎-三民,2024-02-05,9188
2537,聯上發,35,1,34,群益金鼎-三民,2024-02-05,9188
00720B,元大投資級公司債,34,0,34,群益金鼎-三民,2024-02-05,9188
00931B,統一美債20年,34,4,30,群益金鼎-三民,2024-02-05,9188
2528,皇普,50,20,30,群益金鼎-三民,2024-02-05,9188
00715L,期街口布蘭特正2,26,0,26,群益金鼎-三民,2024-02-05,9188
2884,玉山金,25,0,25,群益金鼎-三民,2024-02-05,9188
2618,長榮航,47,22,25,群益金鼎-三民,2024-02-05,9188
1605,華新,26,2,24,群益金鼎-三民,2024-02-05,9188
9136,巨騰-DR,24,0,24,群益金鼎-三民,2024-02-05,9188
8064,東捷,37,14,23,群益金鼎-三民,2024-02-05,9188
8085,福華,23,1,22,群益金鼎-三民,2024-02-05,9188
1718,中纖,22,0,22,群益金鼎-三民,2024-02-05,9188
3376,新日興,38,17,21,群益金鼎-三民,2024-02-05,9188
2329,華泰,47,26,21,群益金鼎-三民,2024-02-05,9188
6168,宏齊,21,0,21,群益金鼎-三民,2024-02-05,9188
2867,三商壽,21,0,21,群益金鼎-三民,2024-02-05,9188
2610,華航,21,0,21,群益金鼎-三民,2024-02-05,9188
3231,緯創,132,112,20,群益金鼎-三民,2024-02-05,9188
2421,建準,46,27,19,群益金鼎-三民,2024-02-05,9188
00642U,期元大S＆P石油,20,1,19,群益金鼎-三民,2024-02-05,9188
8210,勤誠,27,9,18,群益金鼎-三民,2024-02-05,9188
2504,國產,18,0,18,群益金鼎-三民,2024-02-05,9188
2889,國票金,20,3,17,群益金鼎-三民,2024-02-05,9188
4154,樂威科-KY,16,0,16,群益金鼎-三民,2024-02-05,9188
00696B,富邦美債20年,36,20,16,群益金鼎-三民,2024-02-05,9188
5347,世界,15,0,15,群益金鼎-三民,2024-02-05,9188
1528,恩德,31,16,15,群益金鼎-三民,2024-02-05,9188
00753L,中信中國50正2,16,1,15,群益金鼎-三民,2024-02-05,9188
00919,群益台灣精選高息,58,44,14,群益金鼎-三民,2024-02-05,9188
2615,萬海,14,0,14,群益金鼎-三民,2024-02-05,9188
6263,普萊德,14,0,14,群益金鼎-三民,2024-02-05,9188
00882,中信中國高股息,19,5,14,群益金鼎-三民,2024-02-05,9188
00751B,元大AAA至A公司債,13,0,13,群益金鼎-三民,2024-02-05,9188
3704,合勤控,15,2,13,群益金鼎-三民,2024-02-05,9188
2208,台船,17,4,13,群益金鼎-三民,2024-02-05,9188
2883,凱基金,13,0,13,群益金鼎-三民,2024-02-05,9188
00650L,復華香港正2,12,0,12,群益金鼎-三民,2024-02-05,9188
2353,宏��,17,5,12,群益金鼎-三民,2024-02-05,9188
3483,力致,26,15,11,群益金鼎-三民,2024-02-05,9188
00632R,元大台灣50反1,753,220,533,群益金鼎-三民,2024-02-15,9188
00937B,群益ESG投等債20,416,15,401,群益金鼎-三民,2024-02-15,9188
00720B,元大投資級公司債,217,0,217,群益金鼎-三民,2024-02-15,9188
00687B,國泰20年美債,200,1,199,群益金鼎-三民,2024-02-15,9188
2344,華邦電,165,1,164,群益金鼎-三民,2024-02-15,9188
00933B,國泰10Y+金融債,301,188,113,群益金鼎-三民,2024-02-15,9188
00680L,元大美債20正2,96,0,96,群益金鼎-三民,2024-02-15,9188
2303,聯電,116,29,87,群益金鼎-三民,2024-02-15,9188
00751B,元大AAA至A公司債,84,0,84,群益金鼎-三民,2024-02-15,9188
2002,中鋼,72,7,65,群益金鼎-三民,2024-02-15,9188
00688L,國泰20年美債正2,60,0,60,群益金鼎-三民,2024-02-15,9188
00664R,國泰臺灣加權反1,60,0,60,群益金鼎-三民,2024-02-15,9188
2838,聯邦銀,56,0,56,群益金鼎-三民,2024-02-15,9188
00679B,元大美債20年,142,87,55,群益金鼎-三民,2024-02-15,9188
5880,合庫金,58,11,47,群益金鼎-三民,2024-02-15,9188
00795B,中信美國公債20年,44,0,44,群益金鼎-三民,2024-02-15,9188
00929,復華台灣科技優息,160,116,44,群益金鼎-三民,2024-02-15,9188
2618,長榮航,42,7,35,群益金鼎-三民,2024-02-15,9188
2353,宏��,44,10,34,群益金鼎-三民,2024-02-15,9188
6191,精成科,35,1,34,群益金鼎-三民,2024-02-15,9188
1101,台泥,42,10,32,群益金鼎-三民,2024-02-15,9188
3481,群創,87,56,31,群益金鼎-三民,2024-02-15,9188
2481,強茂,30,0,30,群益金鼎-三民,2024-02-15,9188
00673R,期元大S＆P原油反1,30,0,30,群益金鼎-三民,2024-02-15,9188
8054,安國,49,21,28,群益金鼎-三民,2024-02-15,9188
00764B,群益25年美債,26,0,26,群益金鼎-三民,2024-02-15,9188
2883,凱基金,35,13,22,群益金鼎-三民,2024-02-15,9188
00885,富邦越南,80,58,22,群益金鼎-三民,2024-02-15,9188
2020,美亞,21,0,21,群益金鼎-三民,2024-02-15,9188
6005,群益證,20,0,20,群益金鼎-三民,2024-02-15,9188
5284,jpp-KY,26,7,19,群益金鼎-三民,2024-02-15,9188
2409,友達,17,0,17,群益金鼎-三民,2024-02-15,9188
3052,夆典,15,0,15,群益金鼎-三民,2024-02-15,9188
00706L,期元大S＆P日圓正2,14,0,14,群益金鼎-三民,2024-02-15,9188
2301,光寶科,35,22,13,群益金鼎-三民,2024-02-15,9188
2464,盟立,15,2,13,群益金鼎-三民,2024-02-15,9188
2498,宏達電,13,0,13,群益金鼎-三民,2024-02-15,9188
2352,佳世達,22,10,12,群益金鼎-三民,2024-02-15,9188
5871,中租-KY,12,0,12,群益金鼎-三民,2024-02-15,9188
9904,寶成,12,0,12,群益金鼎-三民,2024-02-15,9188
2897,王道銀行,13,1,12,群益金鼎-三民,2024-02-15,9188
3548,兆利,17,6,11,群益金鼎-三民,2024-02-15,9188
1514,亞力,15,4,11,群益金鼎-三民,2024-02-15,9188
2504,國產,11,0,11,群益金鼎-三民,2024-02-15,9188
1905,華紙,11,0,11,群益金鼎-三民,2024-02-15,9188
3265,台星科,21,10,11,群益金鼎-三民,2024-02-15,9188
5483,中美晶,11,1,10,群益金鼎-三民,2024-02-15,9188
1219,福壽,10,0,10,群益金鼎-三民,2024-02-15,9188
2889,國票金,10,0,10,群益金鼎-三民,2024-02-15,9188
00722B,群益投資級電信債,10,0,10,群益金鼎-三民,2024-02-15,9188
00937B,群益ESG投等債20,368,55,313,群益金鼎-三民,2024-02-16,9188
00687B,國泰20年美債,120,2,118,群益金鼎-三民,2024-02-16,9188
00679B,元大美債20年,180,75,105,群益金鼎-三民,2024-02-16,9188
2352,佳世達,125,23,102,群益金鼎-三民,2024-02-16,9188
6191,精成科,116,18,98,群益金鼎-三民,2024-02-16,9188
00933B,國泰10Y+金融債,173,100,73,群益金鼎-三民,2024-02-16,9188
00688L,國泰20年美債正2,61,1,60,群益金鼎-三民,2024-02-16,9188
00915,凱基優選高股息30,48,0,48,群益金鼎-三民,2024-02-16,9188
00878,國泰永續高股息,141,93,48,群益金鼎-三民,2024-02-16,9188
2887,台新金,50,3,47,群益金鼎-三民,2024-02-16,9188
2353,宏��,148,105,43,群益金鼎-三民,2024-02-16,9188
2891,中信金,40,1,39,群益金鼎-三民,2024-02-16,9188
2409,友達,44,5,39,群益金鼎-三民,2024-02-16,9188
00795B,中信美國公債20年,36,0,36,群益金鼎-三民,2024-02-16,9188
00751B,元大AAA至A公司債,32,0,32,群益金鼎-三民,2024-02-16,9188
00680L,元大美債20正2,28,0,28,群益金鼎-三民,2024-02-16,9188
3002,歐格,36,8,28,群益金鼎-三民,2024-02-16,9188
3162,精確,26,0,26,群益金鼎-三民,2024-02-16,9188
00632R,元大台灣50反1,37,15,22,群益金鼎-三民,2024-02-16,9188
2421,建準,34,12,22,群益金鼎-三民,2024-02-16,9188
6213,聯茂,25,4,21,群益金鼎-三民,2024-02-16,9188
2609,陽明,22,2,20,群益金鼎-三民,2024-02-16,9188
00720B,元大投資級公司債,20,0,20,群益金鼎-三民,2024-02-16,9188
6112,邁達特,20,0,20,群益金鼎-三民,2024-02-16,9188
2382,廣達,34,14,20,群益金鼎-三民,2024-02-16,9188
6509,聚和,25,5,20,群益金鼎-三民,2024-02-16,9188
00931B,統一美債20年,19,0,19,群益金鼎-三民,2024-02-16,9188
00773B,中信優先金融債,17,0,17,群益金鼎-三民,2024-02-16,9188
2618,長榮航,27,10,17,群益金鼎-三民,2024-02-16,9188
2867,三商壽,17,0,17,群益金鼎-三民,2024-02-16,9188
2367,燿華,18,2,16,群益金鼎-三民,2024-02-16,9188
5426,振發,27,11,16,群益金鼎-三民,2024-02-16,9188
00650L,復華香港正2,15,0,15,群益金鼎-三民,2024-02-16,9188
9934,成霖,15,0,15,群益金鼎-三民,2024-02-16,9188
6005,群益證,20,5,15,群益金鼎-三民,2024-02-16,9188
6223,旺矽,16,2,14,群益金鼎-三民,2024-02-16,9188
3013,晟銘電,26,12,14,群益金鼎-三民,2024-02-16,9188
8215,明基材,15,1,14,群益金鼎-三民,2024-02-16,9188
1319,東陽,14,1,13,群益金鼎-三民,2024-02-16,9188
2457,飛宏,17,4,13,群益金鼎-三民,2024-02-16,9188
4714,永捷,13,0,13,群益金鼎-三民,2024-02-16,9188
00929,復華台灣科技優息,257,244,13,群益金鼎-三民,2024-02-16,9188
3234,光環,14,2,12,群益金鼎-三民,2024-02-16,9188
00724B,群益投資級金融債,12,0,12,群益金鼎-三民,2024-02-16,9188
4543,萬在,13,1,12,群益金鼎-三民,2024-02-16,9188
3017,奇鋐,14,3,11,群益金鼎-三民,2024-02-16,9188
3035,智原,27,16,11,群益金鼎-三民,2024-02-16,9188
3715,定穎投控,33,22,11,群益金鼎-三民,2024-02-16,9188
2408,南亞科,13,3,10,群益金鼎-三民,2024-02-16,9188
2889,國票金,10,0,10,群益金鼎-三民,2024-02-16,9188
00937B,群益ESG投等債20,665,21,644,群益金鼎-三民,2024-02-19,9188
00933B,國泰10Y+金融債,262,100,162,群益金鼎-三民,2024-02-19,9188
2002,中鋼,202,80,122,群益金鼎-三民,2024-02-19,9188
3265,台星科,122,3,119,群益金鼎-三民,2024-02-19,9188
2353,宏��,119,30,89,群益金鼎-三民,2024-02-19,9188
00687B,國泰20年美債,72,1,71,群益金鼎-三民,2024-02-19,9188
2883,凱基金,69,0,69,群益金鼎-三民,2024-02-19,9188
00637L,元大滬深300正2,66,3,63,群益金鼎-三民,2024-02-19,9188
6443,元晶,56,1,55,群益金鼎-三民,2024-02-19,9188
1605,華新,54,1,53,群益金鼎-三民,2024-02-19,9188
2481,強茂,55,5,50,群益金鼎-三民,2024-02-19,9188
2329,華泰,101,52,49,群益金鼎-三民,2024-02-19,9188
3437,榮創,49,2,47,群益金鼎-三民,2024-02-19,9188
00878,國泰永續高股息,180,135,45,群益金鼎-三民,2024-02-19,9188
0056,元大高股息,47,2,45,群益金鼎-三民,2024-02-19,9188
1718,中纖,42,0,42,群益金鼎-三民,2024-02-19,9188
2380,虹光,41,0,41,群益金鼎-三民,2024-02-19,9188
2801,彰銀,50,10,40,群益金鼎-三民,2024-02-19,9188
00650L,復華香港正2,42,2,40,群益金鼎-三民,2024-02-19,9188
3715,定穎投控,37,2,35,群益金鼎-三民,2024-02-19,9188
2449,京元電子,40,7,33,群益金鼎-三民,2024-02-19,9188
2455,全新,34,1,33,群益金鼎-三民,2024-02-19,9188
1513,中興電,78,47,31,群益金鼎-三民,2024-02-19,9188
006208,富邦台50,49,19,30,群益金鼎-三民,2024-02-19,9188
00662,富邦NASDAQ,68,38,30,群益金鼎-三民,2024-02-19,9188
2369,菱生,63,35,28,群益金鼎-三民,2024-02-19,9188
2537,聯上發,28,0,28,群益金鼎-三民,2024-02-19,9188
00891,中信關鍵半導體,26,0,26,群益金鼎-三民,2024-02-19,9188
00927,群益半導體收益,25,0,25,群益金鼎-三民,2024-02-19,9188
1795,美時,33,10,23,群益金鼎-三民,2024-02-19,9188
4714,永捷,53,32,21,群益金鼎-三民,2024-02-19,9188
00720B,元大投資級公司債,22,2,20,群益金鼎-三民,2024-02-19,9188
6901,鑽石投資,20,0,20,群益金鼎-三民,2024-02-19,9188
00679B,元大美債20年,94,75,19,群益金鼎-三民,2024-02-19,9188
2367,燿華,19,1,18,群益金鼎-三民,2024-02-19,9188
2020,美亞,19,1,18,群益金鼎-三民,2024-02-19,9188
2915,潤泰全,20,4,16,群益金鼎-三民,2024-02-19,9188
2312,金寶,17,2,15,群益金鼎-三民,2024-02-19,9188
2313,華通,33,18,15,群益金鼎-三民,2024-02-19,9188
1805,寶徠,15,0,15,群益金鼎-三民,2024-02-19,9188
00688L,國泰20年美債正2,16,1,15,群益金鼎-三民,2024-02-19,9188
1301,台塑,14,0,14,群益金鼎-三民,2024-02-19,9188
2618,長榮航,16,3,13,群益金鼎-三民,2024-02-19,9188
8473,山林水,14,1,13,群益金鼎-三民,2024-02-19,9188
00931B,統一美債20年,13,1,12,群益金鼎-三民,2024-02-19,9188
8996,高力,16,4,12,群益金鼎-三民,2024-02-19,9188
3234,光環,13,1,12,群益金鼎-三民,2024-02-19,9188
6127,九豪,14,2,12,群益金鼎-三民,2024-02-19,9188
00733,富邦臺灣中小,11,0,11,群益金鼎-三民,2024-02-19,9188
00680L,元大美債20正2,17,6,11,群益金鼎-三民,2024-02-19,9188
00937B,群益ESG投等債20,162,10,152,群益金鼎-三民,2024-02-20,9188
00933B,國泰10Y+金融債,220,138,82,群益金鼎-三民,2024-02-20,9188
2409,友達,79,0,79,群益金鼎-三民,2024-02-20,9188
00929,復華台灣科技優息,238,174,64,群益金鼎-三民,2024-02-20,9188
4906,正文,62,0,62,群益金鼎-三民,2024-02-20,9188
3231,緯創,63,4,59,群益金鼎-三民,2024-02-20,9188
00712,復華富時不動產,58,0,58,群益金鼎-三民,2024-02-20,9188
00687B,國泰20年美債,58,1,57,群益金鼎-三民,2024-02-20,9188
5512,力麒,50,2,48,群益金鼎-三民,2024-02-20,9188
1513,中興電,75,30,45,群益金鼎-三民,2024-02-20,9188
1503,士電,85,43,42,群益金鼎-三民,2024-02-20,9188
2371,大同,39,0,39,群益金鼎-三民,2024-02-20,9188
00680L,元大美債20正2,38,0,38,群益金鼎-三民,2024-02-20,9188
00688L,國泰20年美債正2,37,1,36,群益金鼎-三民,2024-02-20,9188
1806,冠軍,34,0,34,群益金鼎-三民,2024-02-20,9188
00927,群益半導體收益,34,4,30,群益金鼎-三民,2024-02-20,9188
00664R,國泰臺灣加權反1,26,0,26,群益金鼎-三民,2024-02-20,9188
00679B,元大美債20年,100,75,25,群益金鼎-三民,2024-02-20,9188
2353,宏��,35,13,22,群益金鼎-三民,2024-02-20,9188
2486,一詮,21,0,21,群益金鼎-三民,2024-02-20,9188
2884,玉山金,21,0,21,群益金鼎-三民,2024-02-20,9188
2547,日勝生,20,0,20,群益金鼎-三民,2024-02-20,9188
00764B,群益25年美債,19,0,19,群益金鼎-三民,2024-02-20,9188
2618,長榮航,36,18,18,群益金鼎-三民,2024-02-20,9188
1717,長興,20,3,17,群益金鼎-三民,2024-02-20,9188
6126,信音,18,1,17,群益金鼎-三民,2024-02-20,9188
4903,聯光通,16,0,16,群益金鼎-三民,2024-02-20,9188
3663,鑫科,19,3,16,群益金鼎-三民,2024-02-20,9188
2208,台船,15,0,15,群益金鼎-三民,2024-02-20,9188
2355,敬鵬,16,2,14,群益金鼎-三民,2024-02-20,9188
3041,揚智,69,55,14,群益金鼎-三民,2024-02-20,9188
00632R,元大台灣50反1,20,7,13,群益金鼎-三民,2024-02-20,9188
3264,欣銓,14,1,13,群益金鼎-三民,2024-02-20,9188
3035,智原,17,4,13,群益金鼎-三民,2024-02-20,9188
2367,燿華,20,8,12,群益金鼎-三民,2024-02-20,9188
1612,宏泰,12,0,12,群益金鼎-三民,2024-02-20,9188
5009,榮剛,12,0,12,群益金鼎-三民,2024-02-20,9188
00904,新光臺灣半導體30,12,0,12,群益金鼎-三民,2024-02-20,9188
1514,亞力,42,31,11,群益金鼎-三民,2024-02-20,9188
1584,精剛,12,1,11,群益金鼎-三民,2024-02-20,9188
1473,台南,12,1,11,群益金鼎-三民,2024-02-20,9188
2332,友訊,11,1,10,群益金鼎-三民,2024-02-20,9188
2634,漢翔,10,0,10,群益金鼎-三民,2024-02-20,9188
00673R,期元大S＆P原油反1,10,0,10,群益金鼎-三民,2024-02-20,9188
2464,盟立,10,0,10,群益金鼎-三民,2024-02-20,9188
3312,弘憶股,21,11,10,群益金鼎-三民,2024-02-20,9188
9962,有益,10,0,10,群益金鼎-三民,2024-02-20,9188
00857B,永豐20年美公債,10,0,10,群益金鼎-三民,2024-02-20,9188
3450,聯鈞,24,14,10,群益金鼎-三民,2024-02-20,9188
2363,矽統,24,14,10,群益金鼎-三民,2024-02-20,9188
00937B,群益ESG投等債20,1234,1,1233,群益金鼎-三民,2024-02-21,9188
2356,英業達,350,47,303,群益金鼎-三民,2024-02-21,9188
6168,宏齊,130,22,108,群益金鼎-三民,2024-02-21,9188
00919,群益台灣精選高息,169,66,103,群益金鼎-三民,2024-02-21,9188
00687B,國泰20年美債,88,0,88,群益金鼎-三民,2024-02-21,9188
2303,聯電,97,15,82,群益金鼎-三民,2024-02-21,9188
2885,元大金,58,0,58,群益金鼎-三民,2024-02-21,9188
00933B,國泰10Y+金融債,255,197,58,群益金鼎-三民,2024-02-21,9188
8936,國統,61,8,53,群益金鼎-三民,2024-02-21,9188
6005,群益證,50,3,47,群益金鼎-三民,2024-02-21,9188
3231,緯創,70,23,47,群益金鼎-三民,2024-02-21,9188
5512,力麒,50,6,44,群益金鼎-三民,2024-02-21,9188
6282,康舒,45,2,43,群益金鼎-三民,2024-02-21,9188
00878,國泰永續高股息,143,101,42,群益金鼎-三民,2024-02-21,9188
2409,友達,39,0,39,群益金鼎-三民,2024-02-21,9188
2609,陽明,47,14,33,群益金鼎-三民,2024-02-21,9188
2365,昆盈,35,4,31,群益金鼎-三民,2024-02-21,9188
1316,上曜,42,11,31,群益金鼎-三民,2024-02-21,9188
00679B,元大美債20年,105,75,30,群益金鼎-三民,2024-02-21,9188
3450,聯鈞,48,18,30,群益金鼎-三民,2024-02-21,9188
5443,均豪,79,50,29,群益金鼎-三民,2024-02-21,9188
4906,正文,30,1,29,群益金鼎-三民,2024-02-21,9188
8039,台虹,32,4,28,群益金鼎-三民,2024-02-21,9188
3038,全台,31,3,28,群益金鼎-三民,2024-02-21,9188
2887,台新金,28,0,28,群益金鼎-三民,2024-02-21,9188
1314,中石化,27,0,27,群益金鼎-三民,2024-02-21,9188
00633L,富邦上証正2,25,0,25,群益金鼎-三民,2024-02-21,9188
2201,裕隆,24,0,24,群益金鼎-三民,2024-02-21,9188
2369,菱生,28,4,24,群益金鼎-三民,2024-02-21,9188
2498,宏達電,30,6,24,群益金鼎-三民,2024-02-21,9188
3047,訊舟,36,12,24,群益金鼎-三民,2024-02-21,9188
4729,熒茂,24,2,22,群益金鼎-三民,2024-02-21,9188
00712,復華富時不動產,22,0,22,群益金鼎-三民,2024-02-21,9188
00761B,國泰A級公司債,21,0,21,群益金鼎-三民,2024-02-21,9188
8358,金居,20,0,20,群益金鼎-三民,2024-02-21,9188
9907,統一實,20,0,20,群益金鼎-三民,2024-02-21,9188
2313,華通,50,31,19,群益金鼎-三民,2024-02-21,9188
2528,皇普,19,0,19,群益金鼎-三民,2024-02-21,9188
2337,旺宏,21,2,19,群益金鼎-三民,2024-02-21,9188
2489,瑞軒,20,3,17,群益金鼎-三民,2024-02-21,9188
8011,台通,16,0,16,群益金鼎-三民,2024-02-21,9188
8069,元太,20,4,16,群益金鼎-三民,2024-02-21,9188
00688L,國泰20年美債正2,16,1,15,群益金鼎-三民,2024-02-21,9188
6104,創惟,16,1,15,群益金鼎-三民,2024-02-21,9188
00636,國泰中國A50,15,0,15,群益金鼎-三民,2024-02-21,9188
2606,裕民,20,5,15,群益金鼎-三民,2024-02-21,9188
2301,光寶科,31,17,14,群益金鼎-三民,2024-02-21,9188
3545,敦泰,24,10,14,群益金鼎-三民,2024-02-21,9188
2382,廣達,23,10,13,群益金鼎-三民,2024-02-21,9188
6290,良維,24,11,13,群益金鼎-三民,2024-02-21,9188
00937B,群益ESG投等債20,505,142,363,群益金鼎-三民,2024-02-22,9188
00632R,元大台灣50反1,310,0,310,群益金鼎-三民,2024-02-22,9188
00687B,國泰20年美債,106,1,105,群益金鼎-三民,2024-02-22,9188
912000,晨訊科-DR,100,0,100,群益金鼎-三民,2024-02-22,9188
3231,緯創,118,22,96,群益金鼎-三民,2024-02-22,9188
00933B,國泰10Y+金融債,264,169,95,群益金鼎-三民,2024-02-22,9188
6168,宏齊,88,2,86,群益金鼎-三民,2024-02-22,9188
1210,大成,75,0,75,群益金鼎-三民,2024-02-22,9188
00712,復華富時不動產,67,0,67,群益金鼎-三民,2024-02-22,9188
2421,建準,72,12,60,群益金鼎-三民,2024-02-22,9188
00679B,元大美債20年,122,75,47,群益金鼎-三民,2024-02-22,9188
3673,TPK-KY,40,0,40,群益金鼎-三民,2024-02-22,9188
8936,國統,51,11,40,群益金鼎-三民,2024-02-22,9188
2618,長榮航,51,13,38,群益金鼎-三民,2024-02-22,9188
00688L,國泰20年美債正2,36,0,36,群益金鼎-三民,2024-02-22,9188
2312,金寶,35,0,35,群益金鼎-三民,2024-02-22,9188
2371,大同,57,23,34,群益金鼎-三民,2024-02-22,9188
00664R,國泰臺灣加權反1,30,0,30,群益金鼎-三民,2024-02-22,9188
1524,耿鼎,32,4,28,群益金鼎-三民,2024-02-22,9188
2498,宏達電,28,0,28,群益金鼎-三民,2024-02-22,9188
1514,亞力,46,19,27,群益金鼎-三民,2024-02-22,9188
00633L,富邦上証正2,27,0,27,群益金鼎-三民,2024-02-22,9188
5203,訊連,27,0,27,群益金鼎-三民,2024-02-22,9188
00637L,元大滬深300正2,24,1,23,群益金鼎-三民,2024-02-22,9188
3481,群創,37,15,22,群益金鼎-三民,2024-02-22,9188
3232,昱捷,20,0,20,群益金鼎-三民,2024-02-22,9188
4128,中天,20,0,20,群益金鼎-三民,2024-02-22,9188
6266,泰詠,20,0,20,群益金鼎-三民,2024-02-22,9188
2637,慧洋-KY,20,0,20,群益金鼎-三民,2024-02-22,9188
00795B,中信美國公債20年,18,0,18,群益金鼎-三民,2024-02-22,9188
2329,華泰,48,31,17,群益金鼎-三民,2024-02-22,9188
2303,聯電,19,3,16,群益金鼎-三民,2024-02-22,9188
5403,中菲,17,1,16,群益金鼎-三民,2024-02-22,9188
2409,友達,16,0,16,群益金鼎-三民,2024-02-22,9188
3450,聯鈞,24,9,15,群益金鼎-三民,2024-02-22,9188
00751B,元大AAA至A公司債,15,0,15,群益金鼎-三民,2024-02-22,9188
00680L,元大美債20正2,15,0,15,群益金鼎-三民,2024-02-22,9188
3588,通嘉,37,23,14,群益金鼎-三民,2024-02-22,9188
00919,群益台灣精選高息,87,73,14,群益金鼎-三民,2024-02-22,9188
3037,欣興,15,2,13,群益金鼎-三民,2024-02-22,9188
8182,加高,19,6,13,群益金鼎-三民,2024-02-22,9188
00764B,群益25年美債,13,0,13,群益金鼎-三民,2024-02-22,9188
3025,星通,37,25,12,群益金鼎-三民,2024-02-22,9188
2417,圓剛,19,7,12,群益金鼎-三民,2024-02-22,9188
4534,慶騰,13,1,12,群益金鼎-三民,2024-02-22,9188
4157,太景*-KY,12,0,12,群益金鼎-三民,2024-02-22,9188
5315,光聯,12,0,12,群益金鼎-三民,2024-02-22,9188
2002,中鋼,12,0,12,群益金鼎-三民,2024-02-22,9188
9904,寶成,11,0,11,群益金鼎-三民,2024-02-22,9188
2376,技嘉,20,9,11,群益金鼎-三民,2024-02-22,9188
00632R,元大台灣50反1,300,8,292,群益金鼎-三民,2024-02-23,9188
2356,英業達,171,21,150,群益金鼎-三民,2024-02-23,9188
2867,三商壽,150,0,150,群益金鼎-三民,2024-02-23,9188
00937B,群益ESG投等債20,170,27,143,群益金鼎-三民,2024-02-23,9188
00919,群益台灣精選高息,220,82,138,群益金鼎-三民,2024-02-23,9188
1210,大成,133,4,129,群益金鼎-三民,2024-02-23,9188
00665L,富邦�琤肭磪囓�2,82,2,80,群益金鼎-三民,2024-02-23,9188
00687B,國泰20年美債,73,0,73,群益金鼎-三民,2024-02-23,9188
2618,長榮航,99,26,73,群益金鼎-三民,2024-02-23,9188
3715,定穎投控,69,1,68,群益金鼎-三民,2024-02-23,9188
8112,至上,68,4,64,群益金鼎-三民,2024-02-23,9188
4906,正文,48,0,48,群益金鼎-三民,2024-02-23,9188
00664R,國泰臺灣加權反1,40,0,40,群益金鼎-三民,2024-02-23,9188
00929,復華台灣科技優息,236,197,39,群益金鼎-三民,2024-02-23,9188
3265,台星科,45,8,37,群益金鼎-三民,2024-02-23,9188
2408,南亞科,46,10,36,群益金鼎-三民,2024-02-23,9188
8096,擎亞,38,2,36,群益金鼎-三民,2024-02-23,9188
3041,揚智,66,34,32,群益金鼎-三民,2024-02-23,9188
00719B,元大美債1-3,32,0,32,群益金鼎-三民,2024-02-23,9188
00878,國泰永續高股息,105,74,31,群益金鼎-三民,2024-02-23,9188
2884,玉山金,28,0,28,群益金鼎-三民,2024-02-23,9188
2885,元大金,29,1,28,群益金鼎-三民,2024-02-23,9188
3231,緯創,51,23,28,群益金鼎-三民,2024-02-23,9188
2891,中信金,37,10,27,群益金鼎-三民,2024-02-23,9188
2409,友達,33,6,27,群益金鼎-三民,2024-02-23,9188
4714,永捷,30,4,26,群益金鼎-三民,2024-02-23,9188
2423,固緯,25,0,25,群益金鼎-三民,2024-02-23,9188
3321,同泰,26,1,25,群益金鼎-三民,2024-02-23,9188
00931B,統一美債20年,21,0,21,群益金鼎-三民,2024-02-23,9188
3032,偉訓,22,1,21,群益金鼎-三民,2024-02-23,9188
2421,建準,32,12,20,群益金鼎-三民,2024-02-23,9188
00679B,元大美債20年,95,75,20,群益金鼎-三民,2024-02-23,9188
00688L,國泰20年美債正2,20,0,20,群益金鼎-三民,2024-02-23,9188
2615,萬海,21,2,19,群益金鼎-三民,2024-02-23,9188
00720B,元大投資級公司債,19,0,19,群益金鼎-三民,2024-02-23,9188
2441,超豐,23,5,18,群益金鼎-三民,2024-02-23,9188
3338,泰碩,21,3,18,群益金鼎-三民,2024-02-23,9188
00933B,國泰10Y+金融債,153,135,18,群益金鼎-三民,2024-02-23,9188
1612,宏泰,20,3,17,群益金鼎-三民,2024-02-23,9188
2363,矽統,21,5,16,群益金鼎-三民,2024-02-23,9188
6176,瑞儀,16,0,16,群益金鼎-三民,2024-02-23,9188
3450,聯鈞,48,32,16,群益金鼎-三民,2024-02-23,9188
2887,台新金,15,0,15,群益金鼎-三民,2024-02-23,9188
1815,富喬,45,30,15,群益金鼎-三民,2024-02-23,9188
5347,世界,16,1,15,群益金鼎-三民,2024-02-23,9188
3437,榮創,19,5,14,群益金鼎-三民,2024-02-23,9188
3712,永崴投控,14,0,14,群益金鼎-三民,2024-02-23,9188
6016,康和證,15,1,14,群益金鼎-三民,2024-02-23,9188
00633L,富邦上証正2,17,3,14,群益金鼎-三民,2024-02-23,9188
9962,有益,14,0,14,群益金鼎-三民,2024-02-23,9188
00719B,元大美債1-3,150,0,150,群益金鼎-三民,2024-02-26,9188
6168,宏齊,141,7,134,群益金鼎-三民,2024-02-26,9188
00937B,群益ESG投等債20,192,67,125,群益金鼎-三民,2024-02-26,9188
2449,京元電子,122,3,119,群益金鼎-三民,2024-02-26,9188
00929,復華台灣科技優息,252,143,109,群益金鼎-三民,2024-02-26,9188
00878,國泰永續高股息,270,166,104,群益金鼎-三民,2024-02-26,9188
1717,長興,119,25,94,群益金鼎-三民,2024-02-26,9188
00687B,國泰20年美債,81,3,78,群益金鼎-三民,2024-02-26,9188
00891,中信關鍵半導體,71,2,69,群益金鼎-三民,2024-02-26,9188
5351,鈺創,65,12,53,群益金鼎-三民,2024-02-26,9188
2883,凱基金,53,0,53,群益金鼎-三民,2024-02-26,9188
00632R,元大台灣50反1,41,0,41,群益金鼎-三民,2024-02-26,9188
2610,華航,37,1,36,群益金鼎-三民,2024-02-26,9188
00680L,元大美債20正2,69,35,34,群益金鼎-三民,2024-02-26,9188
2367,燿華,42,10,32,群益金鼎-三民,2024-02-26,9188
6274,台燿,42,11,31,群益金鼎-三民,2024-02-26,9188
00639,富邦深100,30,0,30,群益金鼎-三民,2024-02-26,9188
3044,健鼎,27,0,27,群益金鼎-三民,2024-02-26,9188
6591,動力-KY,27,0,27,群益金鼎-三民,2024-02-26,9188
6165,浪凡,25,0,25,群益金鼎-三民,2024-02-26,9188
00933B,國泰10Y+金融債,148,124,24,群益金鼎-三民,2024-02-26,9188
3221,台嘉碩,24,0,24,群益金鼎-三民,2024-02-26,9188
1504,東元,49,25,24,群益金鼎-三民,2024-02-26,9188
2353,宏��,33,9,24,群益金鼎-三民,2024-02-26,9188
6226,光鼎,32,9,23,群益金鼎-三民,2024-02-26,9188
2337,旺宏,23,0,23,群益金鼎-三民,2024-02-26,9188
2303,聯電,40,17,23,群益金鼎-三民,2024-02-26,9188
2408,南亞科,25,3,22,群益金鼎-三民,2024-02-26,9188
5701,劍湖山,21,0,21,群益金鼎-三民,2024-02-26,9188
3296,勝德,20,0,20,群益金鼎-三民,2024-02-26,9188
9105,泰金寶-DR,20,0,20,群益金鼎-三民,2024-02-26,9188
1611,中電,18,0,18,群益金鼎-三民,2024-02-26,9188
4743,合一,21,5,16,群益金鼎-三民,2024-02-26,9188
3545,敦泰,17,1,16,群益金鼎-三民,2024-02-26,9188
3011,今皓,15,0,15,群益金鼎-三民,2024-02-26,9188
1608,華榮,27,13,14,群益金鼎-三民,2024-02-26,9188
2488,漢平,14,0,14,群益金鼎-三民,2024-02-26,9188
4915,致伸,16,2,14,群益金鼎-三民,2024-02-26,9188
5426,振發,15,1,14,群益金鼎-三民,2024-02-26,9188
3706,神達,16,3,13,群益金鼎-三民,2024-02-26,9188
1609,大亞,29,16,13,群益金鼎-三民,2024-02-26,9188
00887,永豐中國科技50大,12,0,12,群益金鼎-三民,2024-02-26,9188
8069,元太,12,0,12,群益金鼎-三民,2024-02-26,9188
2892,第一金,14,2,12,群益金鼎-三民,2024-02-26,9188
3169,亞信,15,4,11,群益金鼎-三民,2024-02-26,9188
4526,東台,20,9,11,群益金鼎-三民,2024-02-26,9188
2880,華南金,11,0,11,群益金鼎-三民,2024-02-26,9188
3312,弘憶股,31,20,11,群益金鼎-三民,2024-02-26,9188
8289,泰藝,11,0,11,群益金鼎-三民,2024-02-26,9188
3380,明泰,11,0,11,群益金鼎-三民,2024-02-26,9188
00937B,群益ESG投等債20,362,15,347,群益金鼎-三民,2024-02-27,9188
00632R,元大台灣50反1,221,11,210,群益金鼎-三民,2024-02-27,9188
3450,聯鈞,206,19,187,群益金鼎-三民,2024-02-27,9188
2344,華邦電,215,33,182,群益金鼎-三民,2024-02-27,9188
00719B,元大美債1-3,180,0,180,群益金鼎-三民,2024-02-27,9188
00933B,國泰10Y+金融債,383,212,171,群益金鼎-三民,2024-02-27,9188
00919,群益台灣精選高息,203,41,162,群益金鼎-三民,2024-02-27,9188
00671R,富邦NASDAQ反1,140,0,140,群益金鼎-三民,2024-02-27,9188
00878,國泰永續高股息,570,446,124,群益金鼎-三民,2024-02-27,9188
00687B,國泰20年美債,88,2,86,群益金鼎-三民,2024-02-27,9188
00751B,元大AAA至A公司債,64,1,63,群益金鼎-三民,2024-02-27,9188
3312,弘憶股,69,7,62,群益金鼎-三民,2024-02-27,9188
1717,長興,61,0,61,群益金鼎-三民,2024-02-27,9188
5351,鈺創,71,14,57,群益金鼎-三民,2024-02-27,9188
6126,信音,74,21,53,群益金鼎-三民,2024-02-27,9188
8110,華東,48,0,48,群益金鼎-三民,2024-02-27,9188
00929,復華台灣科技優息,207,160,47,群益金鼎-三民,2024-02-27,9188
2387,精元,45,4,41,群益金鼎-三民,2024-02-27,9188
00679B,元大美債20年,116,76,40,群益金鼎-三民,2024-02-27,9188
2002,中鋼,44,4,40,群益金鼎-三民,2024-02-27,9188
4906,正文,39,5,34,群益金鼎-三民,2024-02-27,9188
2498,宏達電,54,20,34,群益金鼎-三民,2024-02-27,9188
2303,聯電,52,19,33,群益金鼎-三民,2024-02-27,9188
3706,神達,36,4,32,群益金鼎-三民,2024-02-27,9188
3313,斐成,31,0,31,群益金鼎-三民,2024-02-27,9188
2836,高雄銀,30,0,30,群益金鼎-三民,2024-02-27,9188
4755,三福化,39,9,30,群益金鼎-三民,2024-02-27,9188
2408,南亞科,30,3,27,群益金鼎-三民,2024-02-27,9188
2883,凱基金,55,28,27,群益金鼎-三民,2024-02-27,9188
2609,陽明,30,5,25,群益金鼎-三民,2024-02-27,9188
00891,中信關鍵半導體,30,5,25,群益金鼎-三民,2024-02-27,9188
6274,台燿,25,4,21,群益金鼎-三民,2024-02-27,9188
3163,波若威,64,43,21,群益金鼎-三民,2024-02-27,9188
3413,京鼎,20,0,20,群益金鼎-三民,2024-02-27,9188
00636,國泰中國A50,20,0,20,群益金鼎-三民,2024-02-27,9188
3360,尚立,21,1,20,群益金鼎-三民,2024-02-27,9188
4513,福裕,20,1,19,群益金鼎-三民,2024-02-27,9188
00927,群益半導體收益,21,2,19,群益金鼎-三民,2024-02-27,9188
8047,星雲,20,1,19,群益金鼎-三民,2024-02-27,9188
5425,台半,18,0,18,群益金鼎-三民,2024-02-27,9188
3712,永崴投控,20,2,18,群益金鼎-三民,2024-02-27,9188
3221,台嘉碩,18,0,18,群益金鼎-三民,2024-02-27,9188
4979,華星光,25,8,17,群益金鼎-三民,2024-02-27,9188
3481,群創,35,19,16,群益金鼎-三民,2024-02-27,9188
6218,豪勉,18,2,16,群益金鼎-三民,2024-02-27,9188
8027,鈦昇,16,0,16,群益金鼎-三民,2024-02-27,9188
3715,定穎投控,37,22,15,群益金鼎-三民,2024-02-27,9188
8064,東捷,30,15,15,群益金鼎-三民,2024-02-27,9188
3372,典範,17,2,15,群益金鼎-三民,2024-02-27,9188
1210,大成,15,0,15,群益金鼎-三民,2024-02-27,9188
00937B,群益ESG投等債20,672,4,668,群益金鼎-三民,2024-02-29,9188
2324,仁寶,255,3,252,群益金鼎-三民,2024-02-29,9188
00919,群益台灣精選高息,202,23,179,群益金鼎-三民,2024-02-29,9188
00719B,元大美債1-3,137,0,137,群益金鼎-三民,2024-02-29,9188
2025,千興,116,0,116,群益金鼎-三民,2024-02-29,9188
912000,晨訊科-DR,108,0,108,群益金鼎-三民,2024-02-29,9188
00665L,富邦�琤肭磪囓�2,101,11,90,群益金鼎-三民,2024-02-29,9188
00687B,國泰20年美債,76,0,76,群益金鼎-三民,2024-02-29,9188
00637L,元大滬深300正2,225,171,54,群益金鼎-三民,2024-02-29,9188
1210,大成,41,0,41,群益金鼎-三民,2024-02-29,9188
6179,亞通,41,1,40,群益金鼎-三民,2024-02-29,9188
2820,華票,44,13,31,群益金鼎-三民,2024-02-29,9188
2002,中鋼,29,0,29,群益金鼎-三民,2024-02-29,9188
2605,新興,30,1,29,群益金鼎-三民,2024-02-29,9188
00900,富邦特選高股息30,115,86,29,群益金鼎-三民,2024-02-29,9188
4906,正文,30,2,28,群益金鼎-三民,2024-02-29,9188
00751B,元大AAA至A公司債,26,0,26,群益金鼎-三民,2024-02-29,9188
00712,復華富時不動產,25,0,25,群益金鼎-三民,2024-02-29,9188
3268,海德威,23,0,23,群益金鼎-三民,2024-02-29,9188
3059,華晶科,22,0,22,群益金鼎-三民,2024-02-29,9188
5519,隆大,21,0,21,群益金鼎-三民,2024-02-29,9188
2504,國產,20,0,20,群益金鼎-三民,2024-02-29,9188
3481,群創,40,21,19,群益金鼎-三民,2024-02-29,9188
00679B,元大美債20年,93,75,18,群益金鼎-三民,2024-02-29,9188
00680L,元大美債20正2,18,0,18,群益金鼎-三民,2024-02-29,9188
4743,合一,20,2,18,群益金鼎-三民,2024-02-29,9188
1514,亞力,69,53,16,群益金鼎-三民,2024-02-29,9188
2353,宏��,19,3,16,群益金鼎-三民,2024-02-29,9188
3037,欣興,17,2,15,群益金鼎-三民,2024-02-29,9188
2323,中環,18,3,15,群益金鼎-三民,2024-02-29,9188
2363,矽統,23,9,14,群益金鼎-三民,2024-02-29,9188
3363,上詮,28,14,14,群益金鼎-三民,2024-02-29,9188
4543,萬在,20,6,14,群益金鼎-三民,2024-02-29,9188
5880,合庫金,15,1,14,群益金鼎-三民,2024-02-29,9188
6116,彩晶,17,4,13,群益金鼎-三民,2024-02-29,9188
2836,高雄銀,15,2,13,群益金鼎-三民,2024-02-29,9188
6117,迎廣,12,0,12,群益金鼎-三民,2024-02-29,9188
6161,捷波,28,16,12,群益金鼎-三民,2024-02-29,9188
2382,廣達,11,0,11,群益金鼎-三民,2024-02-29,9188
1795,美時,14,3,11,群益金鼎-三民,2024-02-29,9188
00918,大華優利高填息30,13,2,11,群益金鼎-三民,2024-02-29,9188
8936,國統,20,9,11,群益金鼎-三民,2024-02-29,9188
3014,聯陽,11,1,10,群益金鼎-三民,2024-02-29,9188
1101,台泥,11,1,10,群益金鼎-三民,2024-02-29,9188
2528,皇普,10,0,10,群益金鼎-三民,2024-02-29,9188
2413,環科,10,0,10,群益金鼎-三民,2024-02-29,9188
3047,訊舟,10,0,10,群益金鼎-三民,2024-02-29,9188
00706L,期元大S＆P日圓正2,10,0,10,群益金鼎-三民,2024-02-29,9188
9103,美德醫療-DR,10,0,10,群益金鼎-三民,2024-02-29,9188
2867,三商壽,10,0,10,群益金鼎-三民,2024-02-29,9188
00937B,群益ESG投等債20,369,47,322,群益金鼎-三民,2024-03-01,9188
00919,群益台灣精選高息,360,68,292,群益金鼎-三民,2024-03-01,9188
00918,大華優利高填息30,118,1,117,群益金鼎-三民,2024-03-01,9188
00719B,元大美債1-3,95,2,93,群益金鼎-三民,2024-03-01,9188
1609,大亞,85,16,69,群益金鼎-三民,2024-03-01,9188
4906,正文,68,0,68,群益金鼎-三民,2024-03-01,9188
6005,群益證,60,5,55,群益金鼎-三民,2024-03-01,9188
2511,太子,51,0,51,群益金鼎-三民,2024-03-01,9188
00687B,國泰20年美債,48,6,42,群益金鼎-三民,2024-03-01,9188
6139,亞翔,47,12,35,群益金鼎-三民,2024-03-01,9188
00929,復華台灣科技優息,121,86,35,群益金鼎-三民,2024-03-01,9188
2402,毅嘉,30,0,30,群益金鼎-三民,2024-03-01,9188
2312,金寶,29,0,29,群益金鼎-三民,2024-03-01,9188
1815,富喬,66,37,29,群益金鼎-三民,2024-03-01,9188
3715,定穎投控,48,20,28,群益金鼎-三民,2024-03-01,9188
2618,長榮航,29,3,26,群益金鼎-三民,2024-03-01,9188
2355,敬鵬,27,2,25,群益金鼎-三民,2024-03-01,9188
2637,慧洋-KY,25,0,25,群益金鼎-三民,2024-03-01,9188
1513,中興電,82,58,24,群益金鼎-三民,2024-03-01,9188
8040,九暘,35,11,24,群益金鼎-三民,2024-03-01,9188
3360,尚立,41,17,24,群益金鼎-三民,2024-03-01,9188
2885,元大金,23,0,23,群益金鼎-三民,2024-03-01,9188
1522,堤維西,36,14,22,群益金鼎-三民,2024-03-01,9188
2609,陽明,23,3,20,群益金鼎-三民,2024-03-01,9188
8092,建暐,20,0,20,群益金鼎-三民,2024-03-01,9188
00751B,元大AAA至A公司債,20,0,20,群益金鼎-三民,2024-03-01,9188
2915,潤泰全,20,0,20,群益金鼎-三民,2024-03-01,9188
2373,震旦行,20,0,20,群益金鼎-三民,2024-03-01,9188
4552,力達-KY,20,0,20,群益金鼎-三民,2024-03-01,9188
2430,燦坤,20,0,20,群益金鼎-三民,2024-03-01,9188
00878,國泰永續高股息,160,141,19,群益金鼎-三民,2024-03-01,9188
00720B,元大投資級公司債,31,12,19,群益金鼎-三民,2024-03-01,9188
6282,康舒,25,7,18,群益金鼎-三民,2024-03-01,9188
6266,泰詠,18,0,18,群益金鼎-三民,2024-03-01,9188
3516,亞帝歐,18,0,18,群益金鼎-三民,2024-03-01,9188
2883,凱基金,28,11,17,群益金鼎-三民,2024-03-01,9188
5452,佶優,24,7,17,群益金鼎-三民,2024-03-01,9188
2363,矽統,63,46,17,群益金鼎-三民,2024-03-01,9188
1316,上曜,108,92,16,群益金鼎-三民,2024-03-01,9188
8047,星雲,16,0,16,群益金鼎-三民,2024-03-01,9188
6770,力積電,15,1,14,群益金鼎-三民,2024-03-01,9188
8064,東捷,58,44,14,群益金鼎-三民,2024-03-01,9188
00885,富邦越南,20,6,14,群益金鼎-三民,2024-03-01,9188
1725,元禎,13,0,13,群益金鼎-三民,2024-03-01,9188
6290,良維,44,31,13,群益金鼎-三民,2024-03-01,9188
4743,合一,19,6,13,群益金鼎-三民,2024-03-01,9188
6442,光聖,13,0,13,群益金鼎-三民,2024-03-01,9188
2408,南亞科,12,0,12,群益金鼎-三民,2024-03-01,9188
2208,台船,12,0,12,群益金鼎-三民,2024-03-01,9188
2409,友達,11,0,11,群益金鼎-三民,2024-03-01,9188
00937B,群益ESG投等債20,420,41,379,群益金鼎-三民,2024-03-04,9188
2356,英業達,349,25,324,群益金鼎-三民,2024-03-04,9188
00632R,元大台灣50反1,357,99,258,群益金鼎-三民,2024-03-04,9188
00900,富邦特選高股息30,207,71,136,群益金鼎-三民,2024-03-04,9188
00918,大華優利高填息30,92,2,90,群益金鼎-三民,2024-03-04,9188
00664R,國泰臺灣加權反1,90,0,90,群益金鼎-三民,2024-03-04,9188
00933B,國泰10Y+金融債,233,170,63,群益金鼎-三民,2024-03-04,9188
00719B,元大美債1-3,59,1,58,群益金鼎-三民,2024-03-04,9188
8070,長華*,53,8,45,群益金鼎-三民,2024-03-04,9188
2430,燦坤,41,0,41,群益金鼎-三民,2024-03-04,9188
2206,三陽工業,46,10,36,群益金鼎-三民,2024-03-04,9188
00919,群益台灣精選高息,194,162,32,群益金鼎-三民,2024-03-04,9188
00706L,期元大S＆P日圓正2,30,0,30,群益金鼎-三民,2024-03-04,9188
3312,弘憶股,60,31,29,群益金鼎-三民,2024-03-04,9188
00687B,國泰20年美債,31,4,27,群益金鼎-三民,2024-03-04,9188
3356,奇偶,26,1,25,群益金鼎-三民,2024-03-04,9188
1227,佳格,25,0,25,群益金鼎-三民,2024-03-04,9188
3234,光環,26,1,25,群益金鼎-三民,2024-03-04,9188
2421,建準,38,14,24,群益金鼎-三民,2024-03-04,9188
00720B,元大投資級公司債,26,2,24,群益金鼎-三民,2024-03-04,9188
9945,潤泰新,22,0,22,群益金鼎-三民,2024-03-04,9188
1513,中興電,44,23,21,群益金鼎-三民,2024-03-04,9188
1785,光洋科,25,5,20,群益金鼎-三民,2024-03-04,9188
3013,晟銘電,33,14,19,群益金鼎-三民,2024-03-04,9188
3481,群創,92,74,18,群益金鼎-三民,2024-03-04,9188
1312,國喬,18,0,18,群益金鼎-三民,2024-03-04,9188
5443,均豪,22,4,18,群益金鼎-三民,2024-03-04,9188
3221,台嘉碩,18,2,16,群益金鼎-三民,2024-03-04,9188
6116,彩晶,16,0,16,群益金鼎-三民,2024-03-04,9188
1455,集盛,16,0,16,群益金鼎-三民,2024-03-04,9188
00688L,國泰20年美債正2,26,10,16,群益金鼎-三民,2024-03-04,9188
2312,金寶,15,0,15,群益金鼎-三民,2024-03-04,9188
6147,頎邦,21,6,15,群益金鼎-三民,2024-03-04,9188
1325,恆大,15,0,15,群益金鼎-三民,2024-03-04,9188
9105,泰金寶-DR,15,0,15,群益金鼎-三民,2024-03-04,9188
2504,國產,15,0,15,群益金鼎-三民,2024-03-04,9188
6158,禾昌,14,0,14,群益金鼎-三民,2024-03-04,9188
3090,日電貿,16,2,14,群益金鼎-三民,2024-03-04,9188
6531,愛普*,20,6,14,群益金鼎-三民,2024-03-04,9188
1609,大亞,16,3,13,群益金鼎-三民,2024-03-04,9188
2409,友達,13,0,13,群益金鼎-三民,2024-03-04,9188
8936,國統,15,3,12,群益金鼎-三民,2024-03-04,9188
00885,富邦越南,12,0,12,群益金鼎-三民,2024-03-04,9188
8996,高力,17,6,11,群益金鼎-三民,2024-03-04,9188
00655L,國泰中國A50正2,11,0,11,群益金鼎-三民,2024-03-04,9188
5310,天剛,11,0,11,群益金鼎-三民,2024-03-04,9188
5880,合庫金,11,0,11,群益金鼎-三民,2024-03-04,9188
6266,泰詠,14,3,11,群益金鼎-三民,2024-03-04,9188
00645,富邦日本,11,0,11,群益金鼎-三民,2024-03-04,9188
8047,星雲,11,0,11,群益金鼎-三民,2024-03-04,9188
00937B,群益ESG投等債20,257,5,252,群益金鼎-三民,2024-03-05,9188
00900,富邦特選高股息30,273,102,171,群益金鼎-三民,2024-03-05,9188
00715L,期街口布蘭特正2,101,0,101,群益金鼎-三民,2024-03-05,9188
00918,大華優利高填息30,123,35,88,群益金鼎-三民,2024-03-05,9188
00712,復華富時不動產,73,0,73,群益金鼎-三民,2024-03-05,9188
2367,燿華,114,45,69,群益金鼎-三民,2024-03-05,9188
2430,燦坤,62,0,62,群益金鼎-三民,2024-03-05,9188
6770,力積電,65,9,56,群益金鼎-三民,2024-03-05,9188
00696B,富邦美債20年,50,0,50,群益金鼎-三民,2024-03-05,9188
2371,大同,64,18,46,群益金鼎-三民,2024-03-05,9188
2409,友達,53,11,42,群益金鼎-三民,2024-03-05,9188
3013,晟銘電,131,89,42,群益金鼎-三民,2024-03-05,9188
00733,富邦臺灣中小,40,0,40,群益金鼎-三民,2024-03-05,9188
00632R,元大台灣50反1,35,0,35,群益金鼎-三民,2024-03-05,9188
3363,上詮,43,8,35,群益金鼎-三民,2024-03-05,9188
2892,第一金,35,1,34,群益金鼎-三民,2024-03-05,9188
2405,輔信,36,3,33,群益金鼎-三民,2024-03-05,9188
00662,富邦NASDAQ,75,44,31,群益金鼎-三民,2024-03-05,9188
6158,禾昌,30,0,30,群益金鼎-三民,2024-03-05,9188
00664R,國泰臺灣加權反1,30,0,30,群益金鼎-三民,2024-03-05,9188
00680L,元大美債20正2,29,0,29,群益金鼎-三民,2024-03-05,9188
2206,三陽工業,39,11,28,群益金鼎-三民,2024-03-05,9188
006208,富邦台50,60,33,27,群益金鼎-三民,2024-03-05,9188
2420,新巨,26,0,26,群益金鼎-三民,2024-03-05,9188
00687B,國泰20年美債,32,7,25,群益金鼎-三民,2024-03-05,9188
2353,宏��,31,7,24,群益金鼎-三民,2024-03-05,9188
3372,典範,34,10,24,群益金鼎-三民,2024-03-05,9188
1785,光洋科,24,1,23,群益金鼎-三民,2024-03-05,9188
2888,新光金,21,0,21,群益金鼎-三民,2024-03-05,9188
2606,裕民,23,3,20,群益金鼎-三民,2024-03-05,9188
00722B,群益投資級電信債,20,0,20,群益金鼎-三民,2024-03-05,9188
2641,正德,20,0,20,群益金鼎-三民,2024-03-05,9188
1301,台塑,19,2,17,群益金鼎-三民,2024-03-05,9188
2303,聯電,19,3,16,群益金鼎-三民,2024-03-05,9188
3313,斐成,18,2,16,群益金鼎-三民,2024-03-05,9188
2312,金寶,16,0,16,群益金鼎-三民,2024-03-05,9188
2474,可成,15,0,15,群益金鼎-三民,2024-03-05,9188
1725,元禎,15,0,15,群益金鼎-三民,2024-03-05,9188
2337,旺宏,15,0,15,群益金鼎-三民,2024-03-05,9188
3062,建漢,15,0,15,群益金鼎-三民,2024-03-05,9188
3714,富采,15,0,15,群益金鼎-三民,2024-03-05,9188
8112,至上,19,4,15,群益金鼎-三民,2024-03-05,9188
1303,南亞,13,0,13,群益金鼎-三民,2024-03-05,9188
00706L,期元大S＆P日圓正2,13,0,13,群益金鼎-三民,2024-03-05,9188
8069,元太,12,0,12,群益金鼎-三民,2024-03-05,9188
00915,凱基優選高股息30,15,3,12,群益金鼎-三民,2024-03-05,9188
2340,台亞,12,0,12,群益金鼎-三民,2024-03-05,9188
2317,鴻海,20,9,11,群益金鼎-三民,2024-03-05,9188
00933B,國泰10Y+金融債,134,123,11,群益金鼎-三民,2024-03-05,9188
8054,安國,29,18,11,群益金鼎-三民,2024-03-05,9188
00937B,群益ESG投等債20,753,33,720,群益金鼎-三民,2024-03-06,9188
4906,正文,311,14,297,群益金鼎-三民,2024-03-06,9188
00919,群益台灣精選高息,237,123,114,群益金鼎-三民,2024-03-06,9188
00632R,元大台灣50反1,105,1,104,群益金鼎-三民,2024-03-06,9188
1471,首利,81,0,81,群益金鼎-三民,2024-03-06,9188
2392,正崴,52,0,52,群益金鼎-三民,2024-03-06,9188
8936,國統,56,13,43,群益金鼎-三民,2024-03-06,9188
00637L,元大滬深300正2,96,54,42,群益金鼎-三民,2024-03-06,9188
1409,新纖,44,5,39,群益金鼎-三民,2024-03-06,9188
1712,興農,40,1,39,群益金鼎-三民,2024-03-06,9188
6275,元山,67,29,38,群益金鼎-三民,2024-03-06,9188
2888,新光金,52,14,38,群益金鼎-三民,2024-03-06,9188
3059,華晶科,32,0,32,群益金鼎-三民,2024-03-06,9188
00712,復華富時不動產,33,2,31,群益金鼎-三民,2024-03-06,9188
00715L,期街口布蘭特正2,30,0,30,群益金鼎-三民,2024-03-06,9188
4538,大詠城,28,0,28,群益金鼎-三民,2024-03-06,9188
00918,大華優利高填息30,55,29,26,群益金鼎-三民,2024-03-06,9188
2365,昆盈,37,11,26,群益金鼎-三民,2024-03-06,9188
5388,中磊,26,3,23,群益金鼎-三民,2024-03-06,9188
2609,陽明,31,8,23,群益金鼎-三民,2024-03-06,9188
3673,TPK-KY,22,0,22,群益金鼎-三民,2024-03-06,9188
1785,光洋科,22,0,22,群益金鼎-三民,2024-03-06,9188
3481,群創,28,7,21,群益金鼎-三民,2024-03-06,9188
2474,可成,21,0,21,群益金鼎-三民,2024-03-06,9188
5521,工信,44,23,21,群益金鼎-三民,2024-03-06,9188
6163,華電網,29,9,20,群益金鼎-三民,2024-03-06,9188
00664R,國泰臺灣加權反1,20,0,20,群益金鼎-三民,2024-03-06,9188
1514,亞力,62,43,19,群益金鼎-三民,2024-03-06,9188
4716,大立,20,1,19,群益金鼎-三民,2024-03-06,9188
8011,台通,45,27,18,群益金鼎-三民,2024-03-06,9188
6757,台灣虎航,18,0,18,群益金鼎-三民,2024-03-06,9188
00679B,元大美債20年,29,12,17,群益金鼎-三民,2024-03-06,9188
2481,強茂,22,5,17,群益金鼎-三民,2024-03-06,9188
2323,中環,17,0,17,群益金鼎-三民,2024-03-06,9188
6266,泰詠,17,0,17,群益金鼎-三民,2024-03-06,9188
8050,廣積,34,17,17,群益金鼎-三民,2024-03-06,9188
3092,鴻碩,17,1,16,群益金鼎-三民,2024-03-06,9188
6274,台燿,24,9,15,群益金鼎-三民,2024-03-06,9188
1795,美時,16,1,15,群益金鼎-三民,2024-03-06,9188
1218,泰山,15,0,15,群益金鼎-三民,2024-03-06,9188
6108,競國,15,0,15,群益金鼎-三民,2024-03-06,9188
6235,華孚,18,3,15,群益金鼎-三民,2024-03-06,9188
6443,元晶,21,6,15,群益金鼎-三民,2024-03-06,9188
1101,台泥,14,0,14,群益金鼎-三民,2024-03-06,9188
6269,台郡,15,1,14,群益金鼎-三民,2024-03-06,9188
2408,南亞科,15,1,14,群益金鼎-三民,2024-03-06,9188
2882,國泰金,15,1,14,群益金鼎-三民,2024-03-06,9188
6695,芯鼎,16,3,13,群益金鼎-三民,2024-03-06,9188
2329,華泰,24,12,12,群益金鼎-三民,2024-03-06,9188
1305,華夏,12,0,12,群益金鼎-三民,2024-03-06,9188
00937B,群益ESG投等債20,695,42,653,群益金鼎-三民,2024-03-07,9188
2515,中工,504,0,504,群益金鼎-三民,2024-03-07,9188
4906,正文,312,2,310,群益金鼎-三民,2024-03-07,9188
00688L,國泰20年美債正2,236,0,236,群益金鼎-三民,2024-03-07,9188
2801,彰銀,200,1,199,群益金鼎-三民,2024-03-07,9188
00933B,國泰10Y+金融債,186,86,100,群益金鼎-三民,2024-03-07,9188
00632R,元大台灣50反1,222,125,97,群益金鼎-三民,2024-03-07,9188
6026,福邦證,80,0,80,群益金鼎-三民,2024-03-07,9188
2889,國票金,80,5,75,群益金鼎-三民,2024-03-07,9188
8110,華東,76,4,72,群益金鼎-三民,2024-03-07,9188
1815,富喬,165,113,52,群益金鼎-三民,2024-03-07,9188
00896,中信綠能及電動車,48,0,48,群益金鼎-三民,2024-03-07,9188
2358,廷鑫,47,0,47,群益金鼎-三民,2024-03-07,9188
5521,工信,44,0,44,群益金鼎-三民,2024-03-07,9188
2486,一詮,62,18,44,群益金鼎-三民,2024-03-07,9188
2888,新光金,53,10,43,群益金鼎-三民,2024-03-07,9188
3231,緯創,104,64,40,群益金鼎-三民,2024-03-07,9188
2601,益航,40,0,40,群益金鼎-三民,2024-03-07,9188
8933,愛地雅,40,1,39,群益金鼎-三民,2024-03-07,9188
4714,永捷,38,0,38,群益金鼎-三民,2024-03-07,9188
00687B,國泰20年美債,87,50,37,群益金鼎-三民,2024-03-07,9188
2402,毅嘉,37,0,37,群益金鼎-三民,2024-03-07,9188
1316,上曜,80,43,37,群益金鼎-三民,2024-03-07,9188
2867,三商壽,34,0,34,群益金鼎-三民,2024-03-07,9188
5443,均豪,63,31,32,群益金鼎-三民,2024-03-07,9188
2368,金像電,35,3,32,群益金鼎-三民,2024-03-07,9188
1301,台塑,29,0,29,群益金鼎-三民,2024-03-07,9188
2312,金寶,31,3,28,群益金鼎-三民,2024-03-07,9188
2332,友訊,39,11,28,群益金鼎-三民,2024-03-07,9188
00929,復華台灣科技優息,87,61,26,群益金鼎-三民,2024-03-07,9188
6606,建德工業,26,0,26,群益金鼎-三民,2024-03-07,9188
2836,高雄銀,25,0,25,群益金鼎-三民,2024-03-07,9188
3706,神達,29,4,25,群益金鼎-三民,2024-03-07,9188
2915,潤泰全,25,0,25,群益金鼎-三民,2024-03-07,9188
4533,協易機,26,1,25,群益金鼎-三民,2024-03-07,9188
6163,華電網,28,4,24,群益金鼎-三民,2024-03-07,9188
1513,中興電,36,12,24,群益金鼎-三民,2024-03-07,9188
3481,群創,94,71,23,群益金鼎-三民,2024-03-07,9188
1785,光洋科,32,9,23,群益金鼎-三民,2024-03-07,9188
6190,萬泰科,26,3,23,群益金鼎-三民,2024-03-07,9188
00918,大華優利高填息30,60,38,22,群益金鼎-三民,2024-03-07,9188
5386,青雲,22,1,21,群益金鼎-三民,2024-03-07,9188
00664R,國泰臺灣加權反1,31,10,21,群益金鼎-三民,2024-03-07,9188
00640L,富邦日本正2,20,0,20,群益金鼎-三民,2024-03-07,9188
6266,泰詠,20,0,20,群益金鼎-三民,2024-03-07,9188
3024,憶聲,20,0,20,群益金鼎-三民,2024-03-07,9188
2382,廣達,22,3,19,群益金鼎-三民,2024-03-07,9188
00679B,元大美債20年,21,3,18,群益金鼎-三民,2024-03-07,9188
2409,友達,20,2,18,群益金鼎-三民,2024-03-07,9188
2329,華泰,30,13,17,群益金鼎-三民,2024-03-07,9188
00632R,元大台灣50反1,906,350,556,群益金鼎-三民,2024-03-08,9188
4906,正文,512,10,502,群益金鼎-三民,2024-03-08,9188
00937B,群益ESG投等債20,520,61,459,群益金鼎-三民,2024-03-08,9188
2014,中鴻,400,5,395,群益金鼎-三民,2024-03-08,9188
00671R,富邦NASDAQ反1,247,0,247,群益金鼎-三民,2024-03-08,9188
1815,富喬,221,94,127,群益金鼎-三民,2024-03-08,9188
00687B,國泰20年美債,142,30,112,群益金鼎-三民,2024-03-08,9188
00915,凱基優選高股息30,85,6,79,群益金鼎-三民,2024-03-08,9188
2329,華泰,74,17,57,群益金鼎-三民,2024-03-08,9188
6770,力積電,88,34,54,群益金鼎-三民,2024-03-08,9188
2888,新光金,71,18,53,群益金鼎-三民,2024-03-08,9188
3702,大聯大,66,21,45,群益金鼎-三民,2024-03-08,9188
8110,華東,116,71,45,群益金鼎-三民,2024-03-08,9188
00933B,國泰10Y+金融債,136,93,43,群益金鼎-三民,2024-03-08,9188
6016,康和證,68,26,42,群益金鼎-三民,2024-03-08,9188
00696B,富邦美債20年,41,0,41,群益金鼎-三民,2024-03-08,9188
00857B,永豐20年美公債,38,0,38,群益金鼎-三民,2024-03-08,9188
2363,矽統,38,1,37,群益金鼎-三民,2024-03-08,9188
9962,有益,36,0,36,群益金鼎-三民,2024-03-08,9188
00664R,國泰臺灣加權反1,31,0,31,群益金鼎-三民,2024-03-08,9188
2208,台船,31,1,30,群益金鼎-三民,2024-03-08,9188
5426,振發,31,2,29,群益金鼎-三民,2024-03-08,9188
3711,日月光投控,51,26,25,群益金鼎-三民,2024-03-08,9188
3481,群創,30,6,24,群益金鼎-三民,2024-03-08,9188
3231,緯創,107,84,23,群益金鼎-三民,2024-03-08,9188
6161,捷波,25,3,22,群益金鼎-三民,2024-03-08,9188
2603,長榮,102,81,21,群益金鼎-三民,2024-03-08,9188
00720B,元大投資級公司債,21,1,20,群益金鼎-三民,2024-03-08,9188
00715L,期街口布蘭特正2,20,0,20,群益金鼎-三民,2024-03-08,9188
5876,上海商銀,20,0,20,群益金鼎-三民,2024-03-08,9188
5864,致和證,21,3,18,群益金鼎-三民,2024-03-08,9188
00733,富邦臺灣中小,58,40,18,群益金鼎-三民,2024-03-08,9188
6213,聯茂,17,0,17,群益金鼎-三民,2024-03-08,9188
1301,台塑,26,9,17,群益金鼎-三民,2024-03-08,9188
6223,旺矽,20,4,16,群益金鼎-三民,2024-03-08,9188
9941,裕融,20,4,16,群益金鼎-三民,2024-03-08,9188
6190,萬泰科,16,0,16,群益金鼎-三民,2024-03-08,9188
6788,華景電,16,0,16,群益金鼎-三民,2024-03-08,9188
2610,華航,21,6,15,群益金鼎-三民,2024-03-08,9188
2312,金寶,15,0,15,群益金鼎-三民,2024-03-08,9188
6125,廣運,52,38,14,群益金鼎-三民,2024-03-08,9188
3013,晟銘電,49,35,14,群益金鼎-三民,2024-03-08,9188
3211,順達,13,0,13,群益金鼎-三民,2024-03-08,9188
6432,今展科,13,0,13,群益金鼎-三民,2024-03-08,9188
5608,四維航,13,0,13,群益金鼎-三民,2024-03-08,9188
2890,永豐金,24,12,12,群益金鼎-三民,2024-03-08,9188
3402,漢科,14,2,12,群益金鼎-三民,2024-03-08,9188
5234,達興材料,12,0,12,群益金鼎-三民,2024-03-08,9188
3264,欣銓,29,17,12,群益金鼎-三民,2024-03-08,9188
3321,同泰,11,0,11,群益金鼎-三民,2024-03-08,9188
00632R,元大台灣50反1,525,20,505,群益金鼎-三民,2024-03-11,9188
00937B,群益ESG投等債20,477,75,402,群益金鼎-三民,2024-03-11,9188
00918,大華優利高填息30,286,22,264,群益金鼎-三民,2024-03-11,9188
2618,長榮航,137,4,133,群益金鼎-三民,2024-03-11,9188
4906,正文,102,0,102,群益金鼎-三民,2024-03-11,9188
2313,華通,121,49,72,群益金鼎-三民,2024-03-11,9188
00933B,國泰10Y+金融債,152,96,56,群益金鼎-三民,2024-03-11,9188
3264,欣銓,61,8,53,群益金鼎-三民,2024-03-11,9188
2888,新光金,72,21,51,群益金鼎-三民,2024-03-11,9188
2392,正崴,51,1,50,群益金鼎-三民,2024-03-11,9188
00720B,元大投資級公司債,50,0,50,群益金鼎-三民,2024-03-11,9188
5515,建國,40,3,37,群益金鼎-三民,2024-03-11,9188
5880,合庫金,34,1,33,群益金鼎-三民,2024-03-11,9188
5876,上海商銀,30,0,30,群益金鼎-三民,2024-03-11,9188
1608,華榮,33,3,30,群益金鼎-三民,2024-03-11,9188
2324,仁寶,32,3,29,群益金鼎-三民,2024-03-11,9188
00772B,中信高評級公司債,27,0,27,群益金鼎-三民,2024-03-11,9188
2349,錸德,23,0,23,群益金鼎-三民,2024-03-11,9188
2867,三商壽,22,0,22,群益金鼎-三民,2024-03-11,9188
2330,台積電,27,6,21,群益金鼎-三民,2024-03-11,9188
3083,網龍,22,1,21,群益金鼎-三民,2024-03-11,9188
2371,大同,31,11,20,群益金鼎-三民,2024-03-11,9188
2065,世豐,20,0,20,群益金鼎-三民,2024-03-11,9188
00679B,元大美債20年,33,13,20,群益金鼎-三民,2024-03-11,9188
6698,旭暉應材,20,0,20,群益金鼎-三民,2024-03-11,9188
3013,晟銘電,27,7,20,群益金鼎-三民,2024-03-11,9188
1326,台化,20,0,20,群益金鼎-三民,2024-03-11,9188
2373,震旦行,20,0,20,群益金鼎-三民,2024-03-11,9188
00683L,期元大美元指正2,20,0,20,群益金鼎-三民,2024-03-11,9188
6216,居易,20,0,20,群益金鼎-三民,2024-03-11,9188
2301,光寶科,20,1,19,群益金鼎-三民,2024-03-11,9188
3703,欣陸,20,2,18,群益金鼎-三民,2024-03-11,9188
3321,同泰,17,0,17,群益金鼎-三民,2024-03-11,9188
00712,復華富時不動產,26,10,16,群益金鼎-三民,2024-03-11,9188
2367,燿華,64,48,16,群益金鼎-三民,2024-03-11,9188
2882,國泰金,37,22,15,群益金鼎-三民,2024-03-11,9188
3564,其陽,17,2,15,群益金鼎-三民,2024-03-11,9188
2606,裕民,38,23,15,群益金鼎-三民,2024-03-11,9188
3707,漢磊,26,12,14,群益金鼎-三民,2024-03-11,9188
00915,凱基優選高股息30,16,2,14,群益金鼎-三民,2024-03-11,9188
4743,合一,17,3,14,群益金鼎-三民,2024-03-11,9188
1457,宜進,14,0,14,群益金鼎-三民,2024-03-11,9188
2641,正德,13,0,13,群益金鼎-三民,2024-03-11,9188
2890,永豐金,18,5,13,群益金鼎-三民,2024-03-11,9188
2609,陽明,17,5,12,群益金鼎-三民,2024-03-11,9188
3029,零壹,12,0,12,群益金鼎-三民,2024-03-11,9188
00882,中信中國高股息,12,0,12,群益金鼎-三民,2024-03-11,9188
1316,上曜,18,6,12,群益金鼎-三民,2024-03-11,9188
5521,工信,11,0,11,群益金鼎-三民,2024-03-11,9188
4716,大立,11,0,11,群益金鼎-三民,2024-03-11,9188
00937B,群益ESG投等債20,776,56,720,群益金鼎-三民,2024-03-12,9188
00918,大華優利高填息30,302,113,189,群益金鼎-三民,2024-03-12,9188
4906,正文,149,12,137,群益金鼎-三民,2024-03-12,9188
00680L,元大美債20正2,87,0,87,群益金鼎-三民,2024-03-12,9188
5880,合庫金,77,0,77,群益金鼎-三民,2024-03-12,9188
1714,和桐,70,0,70,群益金鼎-三民,2024-03-12,9188
6016,康和證,80,18,62,群益金鼎-三民,2024-03-12,9188
00933B,國泰10Y+金融債,183,126,57,群益金鼎-三民,2024-03-12,9188
00676R,富邦臺灣加權反1,52,0,52,群益金鼎-三民,2024-03-12,9188
1314,中石化,68,20,48,群益金鼎-三民,2024-03-12,9188
00712,復華富時不動產,40,0,40,群益金鼎-三民,2024-03-12,9188
00679B,元大美債20年,52,17,35,群益金鼎-三民,2024-03-12,9188
00935,野村臺灣新科技50,36,1,35,群益金鼎-三民,2024-03-12,9188
2367,燿華,61,29,32,群益金鼎-三民,2024-03-12,9188
2836,高雄銀,30,0,30,群益金鼎-三民,2024-03-12,9188
2373,震旦行,30,0,30,群益金鼎-三民,2024-03-12,9188
3481,群創,28,0,28,群益金鼎-三民,2024-03-12,9188
2481,強茂,30,5,25,群益金鼎-三民,2024-03-12,9188
2537,聯上發,25,0,25,群益金鼎-三民,2024-03-12,9188
00662,富邦NASDAQ,108,83,25,群益金鼎-三民,2024-03-12,9188
2313,華通,71,50,21,群益金鼎-三民,2024-03-12,9188
3714,富采,20,0,20,群益金鼎-三民,2024-03-12,9188
2430,燦坤,20,0,20,群益金鼎-三民,2024-03-12,9188
1815,富喬,78,58,20,群益金鼎-三民,2024-03-12,9188
2451,創見,20,0,20,群益金鼎-三民,2024-03-12,9188
2352,佳世達,20,1,19,群益金鼎-三民,2024-03-12,9188
1312,國喬,20,1,19,群益金鼎-三民,2024-03-12,9188
3231,緯創,74,56,18,群益金鼎-三民,2024-03-12,9188
2301,光寶科,41,23,18,群益金鼎-三民,2024-03-12,9188
2610,華航,34,16,18,群益金鼎-三民,2024-03-12,9188
1513,中興電,64,47,17,群益金鼎-三民,2024-03-12,9188
2371,大同,21,4,17,群益金鼎-三民,2024-03-12,9188
00637L,元大滬深300正2,53,38,15,群益金鼎-三民,2024-03-12,9188
1522,堤維西,19,4,15,群益金鼎-三民,2024-03-12,9188
6120,達運,14,1,13,群益金鼎-三民,2024-03-12,9188
1519,華城,18,6,12,群益金鼎-三民,2024-03-12,9188
00885,富邦越南,12,0,12,群益金鼎-三民,2024-03-12,9188
2323,中環,43,31,12,群益金鼎-三民,2024-03-12,9188
3540,曜越,14,2,12,群益金鼎-三民,2024-03-12,9188
6274,台燿,44,33,11,群益金鼎-三民,2024-03-12,9188
2385,群光,35,25,10,群益金鼎-三民,2024-03-12,9188
2357,華碩,11,1,10,群益金鼎-三民,2024-03-12,9188
3059,華晶科,10,0,10,群益金鼎-三民,2024-03-12,9188
1702,南僑,10,0,10,群益金鼎-三民,2024-03-12,9188
2356,英業達,16,6,10,群益金鼎-三民,2024-03-12,9188
3484,崧騰,10,0,10,群益金鼎-三民,2024-03-12,9188
1603,華電,10,0,10,群益金鼎-三民,2024-03-12,9188
6185,幃翔,10,0,10,群益金鼎-三民,2024-03-12,9188
2890,永豐金,14,4,10,群益金鼎-三民,2024-03-12,9188
5521,工信,10,0,10,群益金鼎-三民,2024-03-12,9188
00937B,群益ESG投等債20,547,203,344,群益金鼎-三民,2024-03-13,9188
00918,大華優利高填息30,286,22,264,群益金鼎-三民,2024-03-13,9188
00671R,富邦NASDAQ反1,235,0,235,群益金鼎-三民,2024-03-13,9188
00933B,國泰10Y+金融債,252,50,202,群益金鼎-三民,2024-03-13,9188
2836,高雄銀,200,5,195,群益金鼎-三民,2024-03-13,9188
00919,群益台灣精選高息,360,174,186,群益金鼎-三民,2024-03-13,9188
4906,正文,163,16,147,群益金鼎-三民,2024-03-13,9188
00650L,復華香港正2,135,4,131,群益金鼎-三民,2024-03-13,9188
2353,宏��,131,7,124,群益金鼎-三民,2024-03-13,9188
9904,寶成,123,4,119,群益金鼎-三民,2024-03-13,9188
00687B,國泰20年美債,113,7,106,群益金鼎-三民,2024-03-13,9188
2352,佳世達,96,8,88,群益金鼎-三民,2024-03-13,9188
2618,長榮航,205,120,85,群益金鼎-三民,2024-03-13,9188
8011,台通,105,23,82,群益金鼎-三民,2024-03-13,9188
3231,緯創,130,50,80,群益金鼎-三民,2024-03-13,9188
00927,群益半導體收益,60,1,59,群益金鼎-三民,2024-03-13,9188
2344,華邦電,60,5,55,群益金鼎-三民,2024-03-13,9188
00700,富邦�琤肭磪�,50,0,50,群益金鼎-三民,2024-03-13,9188
6005,群益證,50,0,50,群益金鼎-三民,2024-03-13,9188
2888,新光金,50,2,48,群益金鼎-三民,2024-03-13,9188
00915,凱基優選高股息30,49,4,45,群益金鼎-三民,2024-03-13,9188
2430,燦坤,40,1,39,群益金鼎-三民,2024-03-13,9188
4532,瑞智,40,2,38,群益金鼎-三民,2024-03-13,9188
2885,元大金,48,15,33,群益金鼎-三民,2024-03-13,9188
3715,定穎投控,34,1,33,群益金鼎-三民,2024-03-13,9188
1513,中興電,124,91,33,群益金鼎-三民,2024-03-13,9188
00706L,期元大S＆P日圓正2,30,0,30,群益金鼎-三民,2024-03-13,9188
00720B,元大投資級公司債,31,3,28,群益金鼎-三民,2024-03-13,9188
5347,世界,61,33,28,群益金鼎-三民,2024-03-13,9188
1524,耿鼎,34,8,26,群益金鼎-三民,2024-03-13,9188
3005,神基,46,21,25,群益金鼎-三民,2024-03-13,9188
00725B,國泰投資級公司債,25,0,25,群益金鼎-三民,2024-03-13,9188
3707,漢磊,24,0,24,群益金鼎-三民,2024-03-13,9188
8420,明揚,22,0,22,群益金鼎-三民,2024-03-13,9188
6161,捷波,23,2,21,群益金鼎-三民,2024-03-13,9188
2855,統一證,30,9,21,群益金鼎-三民,2024-03-13,9188
8147,正淩,22,1,21,群益金鼎-三民,2024-03-13,9188
2027,大成鋼,25,5,20,群益金鼎-三民,2024-03-13,9188
3540,曜越,23,3,20,群益金鼎-三民,2024-03-13,9188
00715L,期街口布蘭特正2,20,0,20,群益金鼎-三民,2024-03-13,9188
5608,四維航,20,0,20,群益金鼎-三民,2024-03-13,9188
00680L,元大美債20正2,43,24,19,群益金鼎-三民,2024-03-13,9188
2337,旺宏,18,0,18,群益金鼎-三民,2024-03-13,9188
8112,至上,19,1,18,群益金鼎-三民,2024-03-13,9188
1795,美時,21,4,17,群益金鼎-三民,2024-03-13,9188
2408,南亞科,22,5,17,群益金鼎-三民,2024-03-13,9188
3171,炎洲流通,26,9,17,群益金鼎-三民,2024-03-13,9188
00637L,元大滬深300正2,41,25,16,群益金鼎-三民,2024-03-13,9188
6223,旺矽,34,18,16,群益金鼎-三民,2024-03-13,9188
3162,精確,16,0,16,群益金鼎-三民,2024-03-13,9188
4906,正文,569,22,547,群益金鼎-三民,2024-03-14,9188
00919,群益台灣精選高息,533,183,350,群益金鼎-三民,2024-03-14,9188
00937B,群益ESG投等債20,253,11,242,群益金鼎-三民,2024-03-14,9188
00632R,元大台灣50反1,182,0,182,群益金鼎-三民,2024-03-14,9188
00929,復華台灣科技優息,370,205,165,群益金鼎-三民,2024-03-14,9188
2303,聯電,166,50,116,群益金鼎-三民,2024-03-14,9188
2889,國票金,112,10,102,群益金鼎-三民,2024-03-14,9188
2618,長榮航,102,23,79,群益金鼎-三民,2024-03-14,9188
3706,神達,78,3,75,群益金鼎-三民,2024-03-14,9188
2610,華航,77,2,75,群益金鼎-三民,2024-03-14,9188
00918,大華優利高填息30,450,377,73,群益金鼎-三民,2024-03-14,9188
2356,英業達,81,20,61,群益金鼎-三民,2024-03-14,9188
00915,凱基優選高股息30,59,0,59,群益金鼎-三民,2024-03-14,9188
6005,群益證,138,79,59,群益金鼎-三民,2024-03-14,9188
1609,大亞,88,33,55,群益金鼎-三民,2024-03-14,9188
00933B,國泰10Y+金融債,75,21,54,群益金鼎-三民,2024-03-14,9188
00935,野村臺灣新科技50,58,5,53,群益金鼎-三民,2024-03-14,9188
2851,中再保,50,0,50,群益金鼎-三民,2024-03-14,9188
00679B,元大美債20年,115,82,33,群益金鼎-三民,2024-03-14,9188
1210,大成,48,16,32,群益金鼎-三民,2024-03-14,9188
6016,康和證,32,1,31,群益金鼎-三民,2024-03-14,9188
00720B,元大投資級公司債,29,0,29,群益金鼎-三民,2024-03-14,9188
00878,國泰永續高股息,134,106,28,群益金鼎-三民,2024-03-14,9188
00637L,元大滬深300正2,35,7,28,群益金鼎-三民,2024-03-14,9188
0056,元大高股息,30,2,28,群益金鼎-三民,2024-03-14,9188
2354,鴻準,70,43,27,群益金鼎-三民,2024-03-14,9188
2528,皇普,25,0,25,群益金鼎-三民,2024-03-14,9188
2504,國產,24,0,24,群益金鼎-三民,2024-03-14,9188
1815,富喬,72,52,20,群益金鼎-三民,2024-03-14,9188
1215,卜蜂,20,0,20,群益金鼎-三民,2024-03-14,9188
5483,中美晶,22,3,19,群益金鼎-三民,2024-03-14,9188
1513,中興電,73,54,19,群益金鼎-三民,2024-03-14,9188
8105,凌巨,18,0,18,群益金鼎-三民,2024-03-14,9188
6189,豐藝,24,7,17,群益金鼎-三民,2024-03-14,9188
6161,捷波,19,2,17,群益金鼎-三民,2024-03-14,9188
8926,台汽電,17,2,15,群益金鼎-三民,2024-03-14,9188
6023,元大期,15,0,15,群益金鼎-三民,2024-03-14,9188
5009,榮剛,15,0,15,群益金鼎-三民,2024-03-14,9188
2382,廣達,22,7,15,群益金鼎-三民,2024-03-14,9188
2615,萬海,19,5,14,群益金鼎-三民,2024-03-14,9188
5292,華懋,14,0,14,群益金鼎-三民,2024-03-14,9188
2603,長榮,43,30,13,群益金鼎-三民,2024-03-14,9188
2020,美亞,16,4,12,群益金鼎-三民,2024-03-14,9188
2301,光寶科,12,0,12,群益金鼎-三民,2024-03-14,9188
6176,瑞儀,15,3,12,群益金鼎-三民,2024-03-14,9188
2880,華南金,22,10,12,群益金鼎-三民,2024-03-14,9188
9945,潤泰新,12,0,12,群益金鼎-三民,2024-03-14,9188
4114,健喬,11,0,11,群益金鼎-三民,2024-03-14,9188
00857B,永豐20年美公債,11,0,11,群益金鼎-三民,2024-03-14,9188
2474,可成,11,0,11,群益金鼎-三民,2024-03-14,9188
00919,群益台灣精選高息,679,125,554,群益金鼎-三民,2024-03-15,9188
00937B,群益ESG投等債20,480,108,372,群益金鼎-三民,2024-03-15,9188
2608,嘉里大榮,323,0,323,群益金鼎-三民,2024-03-15,9188
2356,英業達,315,16,299,群益金鼎-三民,2024-03-15,9188
00933B,國泰10Y+金融債,266,127,139,群益金鼎-三民,2024-03-15,9188
00706L,期元大S＆P日圓正2,105,0,105,群益金鼎-三民,2024-03-15,9188
00941,中信上游半導體,97,17,80,群益金鼎-三民,2024-03-15,9188
00680L,元大美債20正2,62,5,57,群益金鼎-三民,2024-03-15,9188
4906,正文,56,1,55,群益金鼎-三民,2024-03-15,9188
2834,臺企銀,87,33,54,群益金鼎-三民,2024-03-15,9188
2603,長榮,78,25,53,群益金鼎-三民,2024-03-15,9188
2852,第一保,50,0,50,群益金鼎-三民,2024-03-15,9188
00915,凱基優選高股息30,50,0,50,群益金鼎-三民,2024-03-15,9188
2881,富邦金,51,7,44,群益金鼎-三民,2024-03-15,9188
2889,國票金,50,8,42,群益金鼎-三民,2024-03-15,9188
00918,大華優利高填息30,82,42,40,群益金鼎-三民,2024-03-15,9188
00637L,元大滬深300正2,40,1,39,群益金鼎-三民,2024-03-15,9188
2642,宅配通,39,0,39,群益金鼎-三民,2024-03-15,9188
2882,國泰金,39,2,37,群益金鼎-三民,2024-03-15,9188
00900,富邦特選高股息30,216,182,34,群益金鼎-三民,2024-03-15,9188
00687B,國泰20年美債,33,0,33,群益金鼎-三民,2024-03-15,9188
2838,聯邦銀,32,0,32,群益金鼎-三民,2024-03-15,9188
00679B,元大美債20年,112,80,32,群益金鼎-三民,2024-03-15,9188
2851,中再保,30,2,28,群益金鼎-三民,2024-03-15,9188
2891,中信金,32,6,26,群益金鼎-三民,2024-03-15,9188
3163,波若威,33,7,26,群益金鼎-三民,2024-03-15,9188
1210,大成,24,0,24,群益金鼎-三民,2024-03-15,9188
6176,瑞儀,24,1,23,群益金鼎-三民,2024-03-15,9188
2504,國產,25,3,22,群益金鼎-三民,2024-03-15,9188
6442,光聖,21,0,21,群益金鼎-三民,2024-03-15,9188
3044,健鼎,23,2,21,群益金鼎-三民,2024-03-15,9188
2303,聯電,27,7,20,群益金鼎-三民,2024-03-15,9188
3596,智易,21,1,20,群益金鼎-三民,2024-03-15,9188
00688L,國泰20年美債正2,20,0,20,群益金鼎-三民,2024-03-15,9188
3715,定穎投控,21,1,20,群益金鼎-三民,2024-03-15,9188
6016,康和證,24,5,19,群益金鼎-三民,2024-03-15,9188
1108,幸福,22,3,19,群益金鼎-三民,2024-03-15,9188
6194,育富,20,2,18,群益金鼎-三民,2024-03-15,9188
8110,華東,18,0,18,群益金鼎-三民,2024-03-15,9188
2369,菱生,17,1,16,群益金鼎-三民,2024-03-15,9188
2464,盟立,18,2,16,群益金鼎-三民,2024-03-15,9188
2330,台積電,16,0,16,群益金鼎-三民,2024-03-15,9188
5880,合庫金,15,0,15,群益金鼎-三民,2024-03-15,9188
1303,南亞,14,0,14,群益金鼎-三民,2024-03-15,9188
2377,微星,14,0,14,群益金鼎-三民,2024-03-15,9188
00891,中信關鍵半導體,14,0,14,群益金鼎-三民,2024-03-15,9188
2002,中鋼,18,5,13,群益金鼎-三民,2024-03-15,9188
2408,南亞科,13,0,13,群益金鼎-三民,2024-03-15,9188
3232,昱捷,13,0,13,群益金鼎-三民,2024-03-15,9188
5386,青雲,15,2,13,群益金鼎-三民,2024-03-15,9188
00919,群益台灣精選高息,378,80,298,群益金鼎-三民,2024-03-18,9188
2885,元大金,164,5,159,群益金鼎-三民,2024-03-18,9188
00937B,群益ESG投等債20,152,23,129,群益金鼎-三民,2024-03-18,9188
2409,友達,184,86,98,群益金鼎-三民,2024-03-18,9188
00632R,元大台灣50反1,99,3,96,群益金鼎-三民,2024-03-18,9188
00885,富邦越南,50,0,50,群益金鼎-三民,2024-03-18,9188
2608,嘉里大榮,40,0,40,群益金鼎-三民,2024-03-18,9188
00687B,國泰20年美債,54,15,39,群益金鼎-三民,2024-03-18,9188
00679B,元大美債20年,108,80,28,群益金鼎-三民,2024-03-18,9188
2834,臺企銀,38,12,26,群益金鼎-三民,2024-03-18,9188
00927,群益半導體收益,26,0,26,群益金鼎-三民,2024-03-18,9188
2449,京元電子,74,49,25,群益金鼎-三民,2024-03-18,9188
00662,富邦NASDAQ,123,98,25,群益金鼎-三民,2024-03-18,9188
00751B,元大AAA至A公司債,25,0,25,群益金鼎-三民,2024-03-18,9188
2851,中再保,25,0,25,群益金鼎-三民,2024-03-18,9188
5348,正能量智能,24,0,24,群益金鼎-三民,2024-03-18,9188
2349,錸德,23,0,23,群益金鼎-三民,2024-03-18,9188
2889,國票金,27,4,23,群益金鼎-三民,2024-03-18,9188
8011,台通,24,2,22,群益金鼎-三民,2024-03-18,9188
2408,南亞科,24,3,21,群益金鼎-三民,2024-03-18,9188
2838,聯邦銀,22,1,21,群益金鼎-三民,2024-03-18,9188
2883B,凱基金乙特,21,0,21,群益金鼎-三民,2024-03-18,9188
1514,亞力,50,30,20,群益金鼎-三民,2024-03-18,9188
3047,訊舟,20,0,20,群益金鼎-三民,2024-03-18,9188
2316,楠梓電,22,2,20,群益金鼎-三民,2024-03-18,9188
2881,富邦金,20,1,19,群益金鼎-三民,2024-03-18,9188
00857B,永豐20年美公債,19,0,19,群益金鼎-三民,2024-03-18,9188
2313,華通,40,23,17,群益金鼎-三民,2024-03-18,9188
2367,燿華,49,33,16,群益金鼎-三民,2024-03-18,9188
2890,永豐金,21,5,16,群益金鼎-三民,2024-03-18,9188
2884,玉山金,25,10,15,群益金鼎-三民,2024-03-18,9188
2486,一詮,65,50,15,群益金鼎-三民,2024-03-18,9188
6128,上福,15,0,15,群益金鼎-三民,2024-03-18,9188
2363,矽統,16,1,15,群益金鼎-三民,2024-03-18,9188
5388,中磊,14,0,14,群益金鼎-三民,2024-03-18,9188
00795B,中信美國公債20年,13,0,13,群益金鼎-三民,2024-03-18,9188
6414,樺漢,11,0,11,群益金鼎-三民,2024-03-18,9188
6841,長佳智能,13,2,11,群益金鼎-三民,2024-03-18,9188
2369,菱生,12,1,11,群益金鼎-三民,2024-03-18,9188
3163,波若威,17,6,11,群益金鼎-三民,2024-03-18,9188
2352,佳世達,13,3,10,群益金鼎-三民,2024-03-18,9188
8033,雷虎,10,0,10,群益金鼎-三民,2024-03-18,9188
4912,聯德控股-KY,14,4,10,群益金鼎-三民,2024-03-18,9188
9945,潤泰新,9,0,9,群益金鼎-三民,2024-03-18,9188
1522,堤維西,18,10,8,群益金鼎-三民,2024-03-18,9188
6589,台康生技,8,0,8,群益金鼎-三民,2024-03-18,9188
2105,正新,11,3,8,群益金鼎-三民,2024-03-18,9188
2421,建準,15,7,8,群益金鼎-三民,2024-03-18,9188
6163,華電網,8,0,8,群益金鼎-三民,2024-03-18,9188
2357,華碩,9,1,8,群益金鼎-三民,2024-03-18,9188
00676R,富邦臺灣加權反1,305,0,305,群益金鼎-三民,2024-03-19,9188
00937B,群益ESG投等債20,334,30,304,群益金鼎-三民,2024-03-19,9188
00706L,期元大S＆P日圓正2,126,0,126,群益金鼎-三民,2024-03-19,9188
2515,中工,86,3,83,群益金鼎-三民,2024-03-19,9188
2329,華泰,88,6,82,群益金鼎-三民,2024-03-19,9188
2611,志信,89,14,75,群益金鼎-三民,2024-03-19,9188
00687B,國泰20年美債,68,0,68,群益金鼎-三民,2024-03-19,9188
2211,長榮鋼,52,12,40,群益金鼎-三民,2024-03-19,9188
5880,合庫金,38,0,38,群益金鼎-三民,2024-03-19,9188
2430,燦坤,37,0,37,群益金鼎-三民,2024-03-19,9188
2353,宏��,44,8,36,群益金鼎-三民,2024-03-19,9188
3163,波若威,33,1,32,群益金鼎-三民,2024-03-19,9188
00933B,國泰10Y+金融債,87,56,31,群益金鼎-三民,2024-03-19,9188
00935,野村臺灣新科技50,28,0,28,群益金鼎-三民,2024-03-19,9188
2002,中鋼,30,2,28,群益金鼎-三民,2024-03-19,9188
1605,華新,45,17,28,群益金鼎-三民,2024-03-19,9188
5201,凱衛,40,13,27,群益金鼎-三民,2024-03-19,9188
00919,群益台灣精選高息,99,73,26,群益金鼎-三民,2024-03-19,9188
2313,華通,32,9,23,群益金鼎-三民,2024-03-19,9188
00673R,期元大S＆P原油反1,22,0,22,群益金鼎-三民,2024-03-19,9188
6182,合晶,23,2,21,群益金鼎-三民,2024-03-19,9188
6005,群益證,28,8,20,群益金鼎-三民,2024-03-19,9188
3715,定穎投控,19,0,19,群益金鼎-三民,2024-03-19,9188
3481,群創,26,7,19,群益金鼎-三民,2024-03-19,9188
2608,嘉里大榮,17,0,17,群益金鼎-三民,2024-03-19,9188
00679B,元大美債20年,48,31,17,群益金鼎-三民,2024-03-19,9188
00680L,元大美債20正2,18,2,16,群益金鼎-三民,2024-03-19,9188
1513,中興電,50,34,16,群益金鼎-三民,2024-03-19,9188
2363,矽統,20,5,15,群益金鼎-三民,2024-03-19,9188
9934,成霖,15,0,15,群益金鼎-三民,2024-03-19,9188
8213,志超,15,0,15,群益金鼎-三民,2024-03-19,9188
9904,寶成,15,0,15,群益金鼎-三民,2024-03-19,9188
5871,中租-KY,13,0,13,群益金鼎-三民,2024-03-19,9188
3059,華晶科,14,1,13,群益金鼎-三民,2024-03-19,9188
2337,旺宏,14,1,13,群益金鼎-三民,2024-03-19,9188
6275,元山,17,4,13,群益金鼎-三民,2024-03-19,9188
5348,正能量智能,12,0,12,群益金鼎-三民,2024-03-19,9188
00941,中信上游半導體,13,1,12,群益金鼎-三民,2024-03-19,9188
6505,台塑化,12,0,12,群益金鼎-三民,2024-03-19,9188
2885,元大金,31,20,11,群益金鼎-三民,2024-03-19,9188
2344,華邦電,12,1,11,群益金鼎-三民,2024-03-19,9188
3006,晶豪科,11,0,11,群益金鼎-三民,2024-03-19,9188
2633,台灣高鐵,11,0,11,群益金鼎-三民,2024-03-19,9188
1201,味全,11,0,11,群益金鼎-三民,2024-03-19,9188
5443,均豪,26,15,11,群益金鼎-三民,2024-03-19,9188
3583,辛耘,16,6,10,群益金鼎-三民,2024-03-19,9188
2371,大同,26,16,10,群益金鼎-三民,2024-03-19,9188
1503,士電,57,47,10,群益金鼎-三民,2024-03-19,9188
1445,大宇,10,0,10,群益金鼎-三民,2024-03-19,9188
1612,宏泰,14,4,10,群益金鼎-三民,2024-03-19,9188
00671R,富邦NASDAQ反1,492,0,492,群益金鼎-三民,2024-03-20,9188
00632R,元大台灣50反1,270,0,270,群益金鼎-三民,2024-03-20,9188
00764B,群益25年美債,170,0,170,群益金鼎-三民,2024-03-20,9188
00937B,群益ESG投等債20,282,130,152,群益金鼎-三民,2024-03-20,9188
00919,群益台灣精選高息,343,192,151,群益金鼎-三民,2024-03-20,9188
00679B,元大美債20年,151,11,140,群益金鼎-三民,2024-03-20,9188
00706L,期元大S＆P日圓正2,105,10,95,群益金鼎-三民,2024-03-20,9188
2382,廣達,91,10,81,群益金鼎-三民,2024-03-20,9188
4938,和碩,81,14,67,群益金鼎-三民,2024-03-20,9188
4906,正文,60,1,59,群益金鼎-三民,2024-03-20,9188
00688L,國泰20年美債正2,50,0,50,群益金鼎-三民,2024-03-20,9188
2885,元大金,52,2,50,群益金鼎-三民,2024-03-20,9188
1504,東元,62,13,49,群益金鼎-三民,2024-03-20,9188
00662,富邦NASDAQ,122,76,46,群益金鼎-三民,2024-03-20,9188
6274,台燿,48,4,44,群益金鼎-三民,2024-03-20,9188
1513,中興電,47,6,41,群益金鼎-三民,2024-03-20,9188
1815,富喬,43,3,40,群益金鼎-三民,2024-03-20,9188
2371,大同,38,0,38,群益金鼎-三民,2024-03-20,9188
2002,中鋼,51,14,37,群益金鼎-三民,2024-03-20,9188
2834,臺企銀,37,0,37,群益金鼎-三民,2024-03-20,9188
1514,亞力,39,8,31,群益金鼎-三民,2024-03-20,9188
6005,群益證,32,1,31,群益金鼎-三民,2024-03-20,9188
2608,嘉里大榮,30,0,30,群益金鼎-三民,2024-03-20,9188
00650L,復華香港正2,30,0,30,群益金鼎-三民,2024-03-20,9188
00637L,元大滬深300正2,50,21,29,群益金鼎-三民,2024-03-20,9188
2313,華通,26,1,25,群益金鼎-三民,2024-03-20,9188
2449,京元電子,32,7,25,群益金鼎-三民,2024-03-20,9188
2352,佳世達,24,2,22,群益金鼎-三民,2024-03-20,9188
6196,帆宣,20,0,20,群益金鼎-三民,2024-03-20,9188
1210,大成,20,0,20,群益金鼎-三民,2024-03-20,9188
00751B,元大AAA至A公司債,20,0,20,群益金鼎-三民,2024-03-20,9188
2430,燦坤,20,0,20,群益金鼎-三民,2024-03-20,9188
00653L,富邦印度正2,20,0,20,群益金鼎-三民,2024-03-20,9188
5880,合庫金,20,0,20,群益金鼎-三民,2024-03-20,9188
00929,復華台灣科技優息,86,67,19,群益金鼎-三民,2024-03-20,9188
3218,大學光,21,2,19,群益金鼎-三民,2024-03-20,9188
00633L,富邦上証正2,20,1,19,群益金鼎-三民,2024-03-20,9188
2362,藍天,28,9,19,群益金鼎-三民,2024-03-20,9188
2618,長榮航,19,0,19,群益金鼎-三民,2024-03-20,9188
3231,緯創,112,94,18,群益金鼎-三民,2024-03-20,9188
2010,春源,20,2,18,群益金鼎-三民,2024-03-20,9188
00687B,國泰20年美債,23,7,16,群益金鼎-三民,2024-03-20,9188
2883,凱基金,20,4,16,群益金鼎-三民,2024-03-20,9188
3645,達邁,21,5,16,群益金鼎-三民,2024-03-20,9188
1304,台聚,15,0,15,群益金鼎-三民,2024-03-20,9188
6239,力成,20,5,15,群益金鼎-三民,2024-03-20,9188
2945,三商家購,15,0,15,群益金鼎-三民,2024-03-20,9188
00941,中信上游半導體,27,13,14,群益金鼎-三民,2024-03-20,9188
2408,南亞科,26,12,14,群益金鼎-三民,2024-03-20,9188
2891,中信金,19,6,13,群益金鼎-三民,2024-03-20,9188
00632R,元大台灣50反1,558,0,558,群益金鼎-三民,2024-03-21,9188
00919,群益台灣精選高息,475,164,311,群益金鼎-三民,2024-03-21,9188
00937B,群益ESG投等債20,241,10,231,群益金鼎-三民,2024-03-21,9188
00939,統一台灣高息動能,339,119,220,群益金鼎-三民,2024-03-21,9188
1723,中碳,153,4,149,群益金鼎-三民,2024-03-21,9188
2324,仁寶,122,9,113,群益金鼎-三民,2024-03-21,9188
00764B,群益25年美債,335,230,105,群益金鼎-三民,2024-03-21,9188
3481,群創,104,14,90,群益金鼎-三民,2024-03-21,9188
00688L,國泰20年美債正2,85,0,85,群益金鼎-三民,2024-03-21,9188
2633,台灣高鐵,82,0,82,群益金鼎-三民,2024-03-21,9188
00687B,國泰20年美債,112,56,56,群益金鼎-三民,2024-03-21,9188
2420,新巨,56,0,56,群益金鼎-三民,2024-03-21,9188
1714,和桐,50,0,50,群益金鼎-三民,2024-03-21,9188
2301,光寶科,77,29,48,群益金鼎-三民,2024-03-21,9188
00680L,元大美債20正2,41,0,41,群益金鼎-三民,2024-03-21,9188
00852L,國泰美國道瓊正2,40,0,40,群益金鼎-三民,2024-03-21,9188
2374,佳能,41,4,37,群益金鼎-三民,2024-03-21,9188
00933B,國泰10Y+金融債,31,0,31,群益金鼎-三民,2024-03-21,9188
00679B,元大美債20年,31,1,30,群益金鼎-三民,2024-03-21,9188
2329,華泰,37,7,30,群益金鼎-三民,2024-03-21,9188
4554,橙的,30,1,29,群益金鼎-三民,2024-03-21,9188
1734,杏輝,27,0,27,群益金鼎-三民,2024-03-21,9188
3594,磐儀,26,2,24,群益金鼎-三民,2024-03-21,9188
2337,旺宏,22,1,21,群益金鼎-三民,2024-03-21,9188
2206,三陽工業,26,5,21,群益金鼎-三民,2024-03-21,9188
00931B,統一美債20年,21,0,21,群益金鼎-三民,2024-03-21,9188
00664R,國泰臺灣加權反1,20,0,20,群益金鼎-三民,2024-03-21,9188
2618,長榮航,24,4,20,群益金鼎-三民,2024-03-21,9188
2419,仲琦,20,0,20,群益金鼎-三民,2024-03-21,9188
1301,台塑,33,14,19,群益金鼎-三民,2024-03-21,9188
3005,神基,112,95,17,群益金鼎-三民,2024-03-21,9188
00720B,元大投資級公司債,17,0,17,群益金鼎-三民,2024-03-21,9188
4127,天良,31,15,16,群益金鼎-三民,2024-03-21,9188
2453,凌群,19,3,16,群益金鼎-三民,2024-03-21,9188
6223,旺矽,16,0,16,群益金鼎-三民,2024-03-21,9188
3006,晶豪科,17,2,15,群益金鼎-三民,2024-03-21,9188
6209,今國光,15,0,15,群益金鼎-三民,2024-03-21,9188
2606,裕民,14,0,14,群益金鼎-三民,2024-03-21,9188
00857B,永豐20年美公債,13,0,13,群益金鼎-三民,2024-03-21,9188
1210,大成,18,5,13,群益金鼎-三民,2024-03-21,9188
6191,精成科,29,17,12,群益金鼎-三民,2024-03-21,9188
0056,元大高股息,33,21,12,群益金鼎-三民,2024-03-21,9188
4105,東洋,12,0,12,群益金鼎-三民,2024-03-21,9188
6216,居易,11,0,11,群益金鼎-三民,2024-03-21,9188
3512,皇龍,10,0,10,群益金鼎-三民,2024-03-21,9188
6217,中探針,10,0,10,群益金鼎-三民,2024-03-21,9188
1905,華紙,15,5,10,群益金鼎-三民,2024-03-21,9188
3026,禾伸堂,10,0,10,群益金鼎-三民,2024-03-21,9188
8163,達方,11,1,10,群益金鼎-三民,2024-03-21,9188
2373,震旦行,10,0,10,群益金鼎-三民,2024-03-21,9188
00632R,元大台灣50反1,220,11,209,群益金鼎-三民,2024-03-22,9188
00937B,群益ESG投等債20,452,273,179,群益金鼎-三民,2024-03-22,9188
00679B,元大美債20年,161,0,161,群益金鼎-三民,2024-03-22,9188
2344,華邦電,181,34,147,群益金鼎-三民,2024-03-22,9188
2867,三商壽,120,0,120,群益金鼎-三民,2024-03-22,9188
2354,鴻準,113,11,102,群益金鼎-三民,2024-03-22,9188
912000,晨訊科-DR,100,16,84,群益金鼎-三民,2024-03-22,9188
2618,長榮航,88,6,82,群益金鼎-三民,2024-03-22,9188
00919,群益台灣精選高息,389,333,56,群益金鼎-三民,2024-03-22,9188
00733,富邦臺灣中小,97,44,53,群益金鼎-三民,2024-03-22,9188
00687B,國泰20年美債,47,1,46,群益金鼎-三民,2024-03-22,9188
1513,中興電,67,22,45,群益金鼎-三民,2024-03-22,9188
2353,宏��,129,88,41,群益金鼎-三民,2024-03-22,9188
2474,可成,38,0,38,群益金鼎-三民,2024-03-22,9188
1723,中碳,43,6,37,群益金鼎-三民,2024-03-22,9188
1605,華新,38,3,35,群益金鼎-三民,2024-03-22,9188
2630,亞航,34,0,34,群益金鼎-三民,2024-03-22,9188
00637L,元大滬深300正2,38,6,32,群益金鼎-三民,2024-03-22,9188
6016,康和證,30,0,30,群益金鼎-三民,2024-03-22,9188
00933B,國泰10Y+金融債,50,20,30,群益金鼎-三民,2024-03-22,9188
00751B,元大AAA至A公司債,30,0,30,群益金鼎-三民,2024-03-22,9188
2881,富邦金,30,1,29,群益金鼎-三民,2024-03-22,9188
2603,長榮,37,9,28,群益金鼎-三民,2024-03-22,9188
2880,華南金,27,0,27,群益金鼎-三民,2024-03-22,9188
5512,力麒,25,0,25,群益金鼎-三民,2024-03-22,9188
6161,捷波,25,0,25,群益金鼎-三民,2024-03-22,9188
1514,亞力,42,19,23,群益金鼎-三民,2024-03-22,9188
2303,聯電,24,1,23,群益金鼎-三民,2024-03-22,9188
2352,佳世達,24,3,21,群益金鼎-三民,2024-03-22,9188
2453,凌群,34,13,21,群益金鼎-三民,2024-03-22,9188
3003,健和興,20,0,20,群益金鼎-三民,2024-03-22,9188
1714,和桐,20,0,20,群益金鼎-三民,2024-03-22,9188
00896,中信綠能及電動車,20,1,19,群益金鼎-三民,2024-03-22,9188
1616,億泰,23,4,19,群益金鼎-三民,2024-03-22,9188
6190,萬泰科,17,0,17,群益金鼎-三民,2024-03-22,9188
3013,晟銘電,25,8,17,群益金鼎-三民,2024-03-22,9188
2404,漢唐,24,8,16,群益金鼎-三民,2024-03-22,9188
2886,兆豐金,17,1,16,群益金鼎-三民,2024-03-22,9188
3260,威剛,18,3,15,群益金鼎-三民,2024-03-22,9188
00900,富邦特選高股息30,100,85,15,群益金鼎-三民,2024-03-22,9188
2393,億光,15,1,14,群益金鼎-三民,2024-03-22,9188
2236,百達-KY,15,1,14,群益金鼎-三民,2024-03-22,9188
3264,欣銓,17,3,14,群益金鼎-三民,2024-03-22,9188
3481,群創,34,20,14,群益金鼎-三民,2024-03-22,9188
3622,洋華,14,1,13,群益金鼎-三民,2024-03-22,9188
6191,精成科,27,14,13,群益金鼎-三民,2024-03-22,9188
2834,臺企銀,17,4,13,群益金鼎-三民,2024-03-22,9188
3545,敦泰,20,7,13,群益金鼎-三民,2024-03-22,9188
2376,技嘉,27,14,13,群益金鼎-三民,2024-03-22,9188
1785,光洋科,13,1,12,群益金鼎-三民,2024-03-22,9188
00939,統一台灣高息動能,184,15,169,群益金鼎-三民,2024-03-25,9188
2317,鴻海,226,69,157,群益金鼎-三民,2024-03-25,9188
00941,中信上游半導體,165,15,150,群益金鼎-三民,2024-03-25,9188
00919,群益台灣精選高息,198,89,109,群益金鼎-三民,2024-03-25,9188
2474,可成,102,0,102,群益金鼎-三民,2024-03-25,9188
2356,英業達,151,50,101,群益金鼎-三民,2024-03-25,9188
2528,皇普,120,30,90,群益金鼎-三民,2024-03-25,9188
4109,加捷生醫,89,3,86,群益金鼎-三民,2024-03-25,9188
1609,大亞,186,113,73,群益金鼎-三民,2024-03-25,9188
00715L,期街口布蘭特正2,70,0,70,群益金鼎-三民,2024-03-25,9188
3231,緯創,104,43,61,群益金鼎-三民,2024-03-25,9188
9904,寶成,60,0,60,群益金鼎-三民,2024-03-25,9188
6789,采鈺,51,1,50,群益金鼎-三民,2024-03-25,9188
4714,永捷,50,4,46,群益金鼎-三民,2024-03-25,9188
2368,金像電,40,2,38,群益金鼎-三民,2024-03-25,9188
6770,力積電,38,3,35,群益金鼎-三民,2024-03-25,9188
00680L,元大美債20正2,35,0,35,群益金鼎-三民,2024-03-25,9188
2453,凌群,36,1,35,群益金鼎-三民,2024-03-25,9188
6206,飛捷,34,0,34,群益金鼎-三民,2024-03-25,9188
2308,台達電,34,2,32,群益金鼎-三民,2024-03-25,9188
00720B,元大投資級公司債,31,4,27,群益金鼎-三民,2024-03-25,9188
8996,高力,41,16,25,群益金鼎-三民,2024-03-25,9188
2352,佳世達,35,10,25,群益金鼎-三民,2024-03-25,9188
6216,居易,26,1,25,群益金鼎-三民,2024-03-25,9188
00687B,國泰20年美債,24,0,24,群益金鼎-三民,2024-03-25,9188
3583,辛耘,24,3,21,群益金鼎-三民,2024-03-25,9188
2867,三商壽,20,0,20,群益金鼎-三民,2024-03-25,9188
4114,健喬,20,0,20,群益金鼎-三民,2024-03-25,9188
1721,三晃,21,1,20,群益金鼎-三民,2024-03-25,9188
2633,台灣高鐵,22,4,18,群益金鼎-三民,2024-03-25,9188
2834,臺企銀,22,5,17,群益金鼎-三民,2024-03-25,9188
00891,中信關鍵半導體,17,0,17,群益金鼎-三民,2024-03-25,9188
00933B,國泰10Y+金融債,17,1,16,群益金鼎-三民,2024-03-25,9188
2303,聯電,19,3,16,群益金鼎-三民,2024-03-25,9188
3548,兆利,17,2,15,群益金鼎-三民,2024-03-25,9188
0056,元大高股息,17,3,14,群益金鼎-三民,2024-03-25,9188
1608,華榮,25,11,14,群益金鼎-三民,2024-03-25,9188
2888,新光金,14,0,14,群益金鼎-三民,2024-03-25,9188
1714,和桐,14,0,14,群益金鼎-三民,2024-03-25,9188
3049,精金,14,0,14,群益金鼎-三民,2024-03-25,9188
2838,聯邦銀,13,0,13,群益金鼎-三民,2024-03-25,9188
2610,華航,17,4,13,群益金鼎-三民,2024-03-25,9188
1504,東元,13,1,12,群益金鼎-三民,2024-03-25,9188
1409,新纖,12,0,12,群益金鼎-三民,2024-03-25,9188
2301,光寶科,25,13,12,群益金鼎-三民,2024-03-25,9188
2609,陽明,12,1,11,群益金鼎-三民,2024-03-25,9188
8064,東捷,13,2,11,群益金鼎-三民,2024-03-25,9188
3005,神基,123,112,11,群益金鼎-三民,2024-03-25,9188
2406,國碩,12,1,11,群益金鼎-三民,2024-03-25,9188
2882,國泰金,11,0,11,群益金鼎-三民,2024-03-25,9188
4906,正文,207,6,201,群益金鼎-三民,2024-03-26,9188
00939,統一台灣高息動能,379,199,180,群益金鼎-三民,2024-03-26,9188
2303,聯電,127,15,112,群益金鼎-三民,2024-03-26,9188
2528,皇普,80,3,77,群益金鼎-三民,2024-03-26,9188
00941,中信上游半導體,132,60,72,群益金鼎-三民,2024-03-26,9188
3481,群創,71,3,68,群益金鼎-三民,2024-03-26,9188
2317,鴻海,108,44,64,群益金鼎-三民,2024-03-26,9188
00929,復華台灣科技優息,456,394,62,群益金鼎-三民,2024-03-26,9188
2356,英業達,138,78,60,群益金鼎-三民,2024-03-26,9188
1513,中興電,129,70,59,群益金鼎-三民,2024-03-26,9188
2371,大同,128,80,48,群益金鼎-三民,2024-03-26,9188
1608,華榮,86,43,43,群益金鼎-三民,2024-03-26,9188
6505,台塑化,48,8,40,群益金鼎-三民,2024-03-26,9188
00740B,富邦全球投等債,40,0,40,群益金鼎-三民,2024-03-26,9188
2365,昆盈,43,4,39,群益金鼎-三民,2024-03-26,9188
4979,華星光,46,9,37,群益金鼎-三民,2024-03-26,9188
3231,緯創,92,56,36,群益金鼎-三民,2024-03-26,9188
2344,華邦電,54,22,32,群益金鼎-三民,2024-03-26,9188
2474,可成,32,0,32,群益金鼎-三民,2024-03-26,9188
00933B,國泰10Y+金融債,34,3,31,群益金鼎-三民,2024-03-26,9188
1609,大亞,133,103,30,群益金鼎-三民,2024-03-26,9188
2352,佳世達,35,8,27,群益金鼎-三民,2024-03-26,9188
1504,東元,52,27,25,群益金鼎-三民,2024-03-26,9188
2417,圓剛,49,25,24,群益金鼎-三民,2024-03-26,9188
3013,晟銘電,22,0,22,群益金鼎-三民,2024-03-26,9188
00730,富邦臺灣優質高息,22,0,22,群益金鼎-三民,2024-03-26,9188
00936,台新永續高息中小,21,0,21,群益金鼎-三民,2024-03-26,9188
3339,泰谷,21,1,20,群益金鼎-三民,2024-03-26,9188
6443,元晶,27,7,20,群益金鼎-三民,2024-03-26,9188
2609,陽明,23,3,20,群益金鼎-三民,2024-03-26,9188
2618,長榮航,28,8,20,群益金鼎-三民,2024-03-26,9188
2353,宏��,20,2,18,群益金鼎-三民,2024-03-26,9188
00679B,元大美債20年,63,46,17,群益金鼎-三民,2024-03-26,9188
6216,居易,25,8,17,群益金鼎-三民,2024-03-26,9188
6125,廣運,61,44,17,群益金鼎-三民,2024-03-26,9188
2308,台達電,28,12,16,群益金鼎-三民,2024-03-26,9188
8996,高力,40,24,16,群益金鼎-三民,2024-03-26,9188
6274,台燿,49,34,15,群益金鼎-三民,2024-03-26,9188
00764B,群益25年美債,338,323,15,群益金鼎-三民,2024-03-26,9188
3062,建漢,15,0,15,群益金鼎-三民,2024-03-26,9188
3390,旭軟,14,0,14,群益金鼎-三民,2024-03-26,9188
00725B,國泰投資級公司債,13,0,13,群益金鼎-三民,2024-03-26,9188
8936,國統,26,14,12,群益金鼎-三民,2024-03-26,9188
2388,威盛,13,1,12,群益金鼎-三民,2024-03-26,9188
00680L,元大美債20正2,12,0,12,群益金鼎-三民,2024-03-26,9188
2313,華通,16,5,11,群益金鼎-三民,2024-03-26,9188
2834,臺企銀,21,10,11,群益金鼎-三民,2024-03-26,9188
8027,鈦昇,11,0,11,群益金鼎-三民,2024-03-26,9188
2884,玉山金,68,58,10,群益金鼎-三民,2024-03-26,9188
00795B,中信美國公債20年,10,0,10,群益金鼎-三民,2024-03-26,9188
00632R,元大台灣50反1,275,0,275,群益金鼎-三民,2024-03-27,9188
3481,群創,226,6,220,群益金鼎-三民,2024-03-27,9188
00939,統一台灣高息動能,151,38,113,群益金鼎-三民,2024-03-27,9188
2881,富邦金,88,8,80,群益金鼎-三民,2024-03-27,9188
2528,皇普,70,10,60,群益金鼎-三民,2024-03-27,9188
1609,大亞,116,59,57,群益金鼎-三民,2024-03-27,9188
2851,中再保,50,0,50,群益金鼎-三民,2024-03-27,9188
1603,華電,66,25,41,群益金鼎-三民,2024-03-27,9188
2303,聯電,36,1,35,群益金鼎-三民,2024-03-27,9188
1101,台泥,34,7,27,群益金鼎-三民,2024-03-27,9188
1514,亞力,77,52,25,群益金鼎-三民,2024-03-27,9188
3231,緯創,30,6,24,群益金鼎-三民,2024-03-27,9188
2474,可成,23,0,23,群益金鼎-三民,2024-03-27,9188
2371,大同,85,64,21,群益金鼎-三民,2024-03-27,9188
2884,玉山金,25,4,21,群益金鼎-三民,2024-03-27,9188
1314,中石化,33,13,20,群益金鼎-三民,2024-03-27,9188
3450,聯鈞,20,1,19,群益金鼎-三民,2024-03-27,9188
8027,鈦昇,25,6,19,群益金鼎-三民,2024-03-27,9188
0056,元大高股息,42,23,19,群益金鼎-三民,2024-03-27,9188
2367,燿華,31,13,18,群益金鼎-三民,2024-03-27,9188
2208,台船,24,6,18,群益金鼎-三民,2024-03-27,9188
00941,中信上游半導體,35,18,17,群益金鼎-三民,2024-03-27,9188
2352,佳世達,31,14,17,群益金鼎-三民,2024-03-27,9188
2834,臺企銀,20,3,17,群益金鼎-三民,2024-03-27,9188
1560,中砂,18,2,16,群益金鼎-三民,2024-03-27,9188
1513,中興電,48,32,16,群益金鼎-三民,2024-03-27,9188
6188,廣明,18,3,15,群益金鼎-三民,2024-03-27,9188
6278,台表科,15,0,15,群益金鼎-三民,2024-03-27,9188
3013,晟銘電,29,14,15,群益金鼎-三民,2024-03-27,9188
00687B,國泰20年美債,15,0,15,群益金鼎-三民,2024-03-27,9188
2820,華票,14,0,14,群益金鼎-三民,2024-03-27,9188
2344,華邦電,14,1,13,群益金鼎-三民,2024-03-27,9188
2359,所羅門,17,4,13,群益金鼎-三民,2024-03-27,9188
1504,東元,16,4,12,群益金鼎-三民,2024-03-27,9188
2704,國賓,22,10,12,群益金鼎-三民,2024-03-27,9188
6443,元晶,11,0,11,群益金鼎-三民,2024-03-27,9188
9105,泰金寶-DR,10,0,10,群益金鼎-三民,2024-03-27,9188
6770,力積電,23,13,10,群益金鼎-三民,2024-03-27,9188
2913,農林,13,3,10,群益金鼎-三民,2024-03-27,9188
1229,聯華,10,0,10,群益金鼎-三民,2024-03-27,9188
6282,康舒,12,2,10,群益金鼎-三民,2024-03-27,9188
6124,業強,10,0,10,群益金鼎-三民,2024-03-27,9188
5864,致和證,10,0,10,群益金鼎-三民,2024-03-27,9188
1102,亞泥,10,0,10,群益金鼎-三民,2024-03-27,9188
00896,中信綠能及電動車,10,0,10,群益金鼎-三民,2024-03-27,9188
2838,聯邦銀,10,0,10,群益金鼎-三民,2024-03-27,9188
1725,元禎,10,0,10,群益金鼎-三民,2024-03-27,9188
00740B,富邦全球投等債,50,40,10,群益金鼎-三民,2024-03-27,9188
1460,宏遠,10,0,10,群益金鼎-三民,2024-03-27,9188
00915,凱基優選高股息30,14,4,10,群益金鼎-三民,2024-03-27,9188
1314,中石化,348,19,329,群益金鼎-三民,2024-03-28,9188
00740B,富邦全球投等債,281,50,231,群益金鼎-三民,2024-03-28,9188
00937B,群益ESG投等債20,235,51,184,群益金鼎-三民,2024-03-28,9188
1316,上曜,147,11,136,群益金鼎-三民,2024-03-28,9188
3013,晟銘電,140,20,120,群益金鼎-三民,2024-03-28,9188
2515,中工,175,77,98,群益金鼎-三民,2024-03-28,9188
5469,瀚宇博,108,16,92,群益金鼎-三民,2024-03-28,9188
2317,鴻海,155,64,91,群益金鼎-三民,2024-03-28,9188
2883,凱基金,130,43,87,群益金鼎-三民,2024-03-28,9188
00933B,國泰10Y+金融債,107,28,79,群益金鼎-三民,2024-03-28,9188
3025,星通,88,12,76,群益金鼎-三民,2024-03-28,9188
3706,神達,75,10,65,群益金鼎-三民,2024-03-28,9188
00679B,元大美債20年,66,5,61,群益金鼎-三民,2024-03-28,9188
00919,群益台灣精選高息,182,123,59,群益金鼎-三民,2024-03-28,9188
2328,廣宇,68,16,52,群益金鼎-三民,2024-03-28,9188
6591,動力-KY,53,1,52,群益金鼎-三民,2024-03-28,9188
2528,皇普,50,0,50,群益金鼎-三民,2024-03-28,9188
2211,長榮鋼,43,4,39,群益金鼎-三民,2024-03-28,9188
9105,泰金寶-DR,34,0,34,群益金鼎-三民,2024-03-28,9188
8027,鈦昇,31,0,31,群益金鼎-三民,2024-03-28,9188
3062,建漢,55,32,23,群益金鼎-三民,2024-03-28,9188
8033,雷虎,41,19,22,群益金鼎-三民,2024-03-28,9188
2356,英業達,45,24,21,群益金鼎-三民,2024-03-28,9188
1725,元禎,33,12,21,群益金鼎-三民,2024-03-28,9188
2468,華經,24,4,20,群益金鼎-三民,2024-03-28,9188
3042,晶技,30,11,19,群益金鼎-三民,2024-03-28,9188
1809,中釉,18,0,18,群益金鼎-三民,2024-03-28,9188
3338,泰碩,20,3,17,群益金鼎-三民,2024-03-28,9188
2834,臺企銀,18,2,16,群益金鼎-三民,2024-03-28,9188
1319,東陽,74,59,15,群益金鼎-三民,2024-03-28,9188
6550,北極星藥業-KY,16,1,15,群益金鼎-三民,2024-03-28,9188
00935,野村臺灣新科技50,14,0,14,群益金鼎-三民,2024-03-28,9188
1609,大亞,28,14,14,群益金鼎-三民,2024-03-28,9188
1789,神隆,18,4,14,群益金鼎-三民,2024-03-28,9188
8222,寶一,25,12,13,群益金鼎-三民,2024-03-28,9188
2308,台達電,16,4,12,群益金鼎-三民,2024-03-28,9188
1303,南亞,12,0,12,群益金鼎-三民,2024-03-28,9188
2405,輔信,12,0,12,群益金鼎-三民,2024-03-28,9188
00891,中信關鍵半導體,14,2,12,群益金鼎-三民,2024-03-28,9188
2301,光寶科,20,9,11,群益金鼎-三民,2024-03-28,9188
3058,立德,23,12,11,群益金鼎-三民,2024-03-28,9188
3005,神基,16,5,11,群益金鼎-三民,2024-03-28,9188
3702,大聯大,28,17,11,群益金鼎-三民,2024-03-28,9188
2330,台積電,12,1,11,群益金鼎-三民,2024-03-28,9188
2885,元大金,11,0,11,群益金鼎-三民,2024-03-28,9188
2884,玉山金,11,0,11,群益金鼎-三民,2024-03-28,9188
6176,瑞儀,15,5,10,群益金鼎-三民,2024-03-28,9188
3481,群創,12,2,10,群益金鼎-三民,2024-03-28,9188
8121,越峰,10,0,10,群益金鼎-三民,2024-03-28,9188
3162,精確,10,0,10,群益金鼎-三民,2024-03-28,9188
00937B,群益ESG投等債20,594,28,566,群益金鼎-三民,2024-03-29,9188
00740B,富邦全球投等債,413,277,136,群益金鼎-三民,2024-03-29,9188
00719B,元大美債1-3,100,0,100,群益金鼎-三民,2024-03-29,9188
00632R,元大台灣50反1,105,12,93,群益金鼎-三民,2024-03-29,9188
00687B,國泰20年美債,63,9,54,群益金鼎-三民,2024-03-29,9188
4906,正文,44,0,44,群益金鼎-三民,2024-03-29,9188
1712,興農,41,0,41,群益金鼎-三民,2024-03-29,9188
2409,友達,42,2,40,群益金鼎-三民,2024-03-29,9188
00720B,元大投資級公司債,39,5,34,群益金鼎-三民,2024-03-29,9188
5356,協益,34,0,34,群益金鼎-三民,2024-03-29,9188
00764B,群益25年美債,332,299,33,群益金鼎-三民,2024-03-29,9188
2324,仁寶,52,21,31,群益金鼎-三民,2024-03-29,9188
00939,統一台灣高息動能,55,25,30,群益金鼎-三民,2024-03-29,9188
2851,中再保,30,0,30,群益金鼎-三民,2024-03-29,9188
6257,矽格,36,8,28,群益金鼎-三民,2024-03-29,9188
2353,宏��,36,12,24,群益金鼎-三民,2024-03-29,9188
1609,大亞,31,9,22,群益金鼎-三民,2024-03-29,9188
2637,慧洋-KY,20,0,20,群益金鼎-三民,2024-03-29,9188
2838A,聯邦銀甲特,20,0,20,群益金鼎-三民,2024-03-29,9188
00679B,元大美債20年,21,2,19,群益金鼎-三民,2024-03-29,9188
3481,群創,24,5,19,群益金鼎-三民,2024-03-29,9188
3306,鼎天,20,1,19,群益金鼎-三民,2024-03-29,9188
2308,台達電,23,5,18,群益金鼎-三民,2024-03-29,9188
3013,晟銘電,76,61,15,群益金鼎-三民,2024-03-29,9188
4127,天良,21,6,15,群益金鼎-三民,2024-03-29,9188
6163,華電網,15,0,15,群益金鼎-三民,2024-03-29,9188
4540,全球傳動,15,0,15,群益金鼎-三民,2024-03-29,9188
00885,富邦越南,21,6,15,群益金鼎-三民,2024-03-29,9188
3163,波若威,15,1,14,群益金鼎-三民,2024-03-29,9188
2328,廣宇,26,13,13,群益金鼎-三民,2024-03-29,9188
2537,聯上發,20,7,13,群益金鼎-三民,2024-03-29,9188
6443,元晶,21,8,13,群益金鼎-三民,2024-03-29,9188
00637L,元大滬深300正2,26,13,13,群益金鼎-三民,2024-03-29,9188
2301,光寶科,30,18,12,群益金鼎-三民,2024-03-29,9188
3025,星通,15,3,12,群益金鼎-三民,2024-03-29,9188
3338,泰碩,14,2,12,群益金鼎-三民,2024-03-29,9188
6275,元山,14,3,11,群益金鼎-三民,2024-03-29,9188
3294,英濟,13,2,11,群益金鼎-三民,2024-03-29,9188
6462,神盾,17,6,11,群益金鼎-三民,2024-03-29,9188
7402,邑錡,11,0,11,群益金鼎-三民,2024-03-29,9188
6244,茂迪,11,0,11,群益金鼎-三民,2024-03-29,9188
9105,泰金寶-DR,11,0,11,群益金鼎-三民,2024-03-29,9188
2855,統一證,11,0,11,群益金鼎-三民,2024-03-29,9188
2027,大成鋼,10,0,10,群益金鼎-三民,2024-03-29,9188
1725,元禎,10,0,10,群益金鼎-三民,2024-03-29,9188
2109,華豐,10,0,10,群益金鼎-三民,2024-03-29,9188
2867,三商壽,10,0,10,群益金鼎-三民,2024-03-29,9188
1445,大宇,10,0,10,群益金鼎-三民,2024-03-29,9188
2887,台新金,12,2,10,群益金鼎-三民,2024-03-29,9188
00941,中信上游半導體,15,6,9,群益金鼎-三民,2024-03-29,9188
00937B,群益ESG投等債20,1013,63,950,群益金鼎-三民,2024-04-01,9188
00940,元大台灣價值高息,1141,486,655,群益金鼎-三民,2024-04-01,9188
00740B,富邦全球投等債,814,416,398,群益金鼎-三民,2024-04-01,9188
00939,統一台灣高息動能,178,62,116,群益金鼎-三民,2024-04-01,9188
00671R,富邦NASDAQ反1,87,0,87,群益金鼎-三民,2024-04-01,9188
00637L,元大滬深300正2,97,28,69,群益金鼎-三民,2024-04-01,9188
1314,中石化,73,13,60,群益金鼎-三民,2024-04-01,9188
3231,緯創,85,26,59,群益金鼎-三民,2024-04-01,9188
2634,漢翔,71,13,58,群益金鼎-三民,2024-04-01,9188
00687B,國泰20年美債,59,1,58,群益金鼎-三民,2024-04-01,9188
2331,精英,58,4,54,群益金鼎-三民,2024-04-01,9188
1513,中興電,65,18,47,群益金鼎-三民,2024-04-01,9188
4562,穎漢,41,0,41,群益金鼎-三民,2024-04-01,9188
2352,佳世達,46,5,41,群益金鼎-三民,2024-04-01,9188
00919,群益台灣精選高息,169,129,40,群益金鼎-三民,2024-04-01,9188
3710,連展投控,39,0,39,群益金鼎-三民,2024-04-01,9188
2301,光寶科,39,4,35,群益金鼎-三民,2024-04-01,9188
3711,日月光投控,35,1,34,群益金鼎-三民,2024-04-01,9188
00891,中信關鍵半導體,31,0,31,群益金鼎-三民,2024-04-01,9188
6124,業強,31,0,31,群益金鼎-三民,2024-04-01,9188
1532,勤美,33,4,29,群益金鼎-三民,2024-04-01,9188
00941,中信上游半導體,30,2,28,群益金鼎-三民,2024-04-01,9188
2834,臺企銀,28,0,28,群益金鼎-三民,2024-04-01,9188
8358,金居,51,26,25,群益金鼎-三民,2024-04-01,9188
00633L,富邦上証正2,26,2,24,群益金鼎-三民,2024-04-01,9188
2303,聯電,36,12,24,群益金鼎-三民,2024-04-01,9188
8420,明揚,23,0,23,群益金鼎-三民,2024-04-01,9188
2884,玉山金,25,3,22,群益金鼎-三民,2024-04-01,9188
5347,世界,25,4,21,群益金鼎-三民,2024-04-01,9188
2891,中信金,24,4,20,群益金鼎-三民,2024-04-01,9188
00708L,期元大S＆P黃金正2,20,0,20,群益金鼎-三民,2024-04-01,9188
00719B,元大美債1-3,20,0,20,群益金鼎-三民,2024-04-01,9188
1605,華新,23,3,20,群益金鼎-三民,2024-04-01,9188
00720B,元大投資級公司債,19,0,19,群益金鼎-三民,2024-04-01,9188
00679B,元大美債20年,29,10,19,群益金鼎-三民,2024-04-01,9188
3707,漢磊,21,4,17,群益金鼎-三民,2024-04-01,9188
2382,廣達,41,26,15,群益金鼎-三民,2024-04-01,9188
3042,晶技,15,0,15,群益金鼎-三民,2024-04-01,9188
5310,天剛,15,0,15,群益金鼎-三民,2024-04-01,9188
2603,長榮,28,13,15,群益金鼎-三民,2024-04-01,9188
2324,仁寶,18,4,14,群益金鼎-三民,2024-04-01,9188
2369,菱生,20,6,14,群益金鼎-三民,2024-04-01,9188
8213,志超,14,1,13,群益金鼎-三民,2024-04-01,9188
2409,友達,20,8,12,群益金鼎-三民,2024-04-01,9188
6142,友勁,12,0,12,群益金鼎-三民,2024-04-01,9188
1609,大亞,14,2,12,群益金鼎-三民,2024-04-01,9188
2356,英業達,29,18,11,群益金鼎-三民,2024-04-01,9188
006208,富邦台50,10,0,10,群益金鼎-三民,2024-04-01,9188
00927,群益半導體收益,10,0,10,群益金鼎-三民,2024-04-01,9188
2881,富邦金,10,0,10,群益金鼎-三民,2024-04-01,9188
00937B,群益ESG投等債20,1028,34,994,群益金鼎-三民,2024-04-02,9188
00940,元大台灣價值高息,490,134,356,群益金鼎-三民,2024-04-02,9188
4906,正文,311,0,311,群益金鼎-三民,2024-04-02,9188
00929,復華台灣科技優息,243,33,210,群益金鼎-三民,2024-04-02,9188
00632R,元大台灣50反1,225,20,205,群益金鼎-三民,2024-04-02,9188
00720B,元大投資級公司債,198,6,192,群益金鼎-三民,2024-04-02,9188
2537,聯上發,203,14,189,群益金鼎-三民,2024-04-02,9188
8358,金居,141,20,121,群益金鼎-三民,2024-04-02,9188
6674,鋐寶科技,62,0,62,群益金鼎-三民,2024-04-02,9188
00687B,國泰20年美債,50,1,49,群益金鼎-三民,2024-04-02,9188
2356,英業達,58,12,46,群益金鼎-三民,2024-04-02,9188
00933B,國泰10Y+金融債,45,0,45,群益金鼎-三民,2024-04-02,9188
00751B,元大AAA至A公司債,45,0,45,群益金鼎-三民,2024-04-02,9188
1815,富喬,108,65,43,群益金鼎-三民,2024-04-02,9188
2337,旺宏,41,0,41,群益金鼎-三民,2024-04-02,9188
3363,上詮,49,9,40,群益金鼎-三民,2024-04-02,9188
00679B,元大美債20年,110,80,30,群益金鼎-三民,2024-04-02,9188
2838,聯邦銀,30,0,30,群益金鼎-三民,2024-04-02,9188
6124,業強,30,0,30,群益金鼎-三民,2024-04-02,9188
2634,漢翔,40,10,30,群益金鼎-三民,2024-04-02,9188
6234,高僑,33,4,29,群益金鼎-三民,2024-04-02,9188
00927,群益半導體收益,35,8,27,群益金鼎-三民,2024-04-02,9188
2352,佳世達,32,8,24,群益金鼎-三民,2024-04-02,9188
2421,建準,23,0,23,群益金鼎-三民,2024-04-02,9188
2834,臺企銀,20,1,19,群益金鼎-三民,2024-04-02,9188
2417,圓剛,33,14,19,群益金鼎-三民,2024-04-02,9188
8110,華東,19,0,19,群益金鼎-三民,2024-04-02,9188
2344,華邦電,21,3,18,群益金鼎-三民,2024-04-02,9188
6190,萬泰科,18,0,18,群益金鼎-三民,2024-04-02,9188
2367,燿華,23,6,17,群益金鼎-三民,2024-04-02,9188
8420,明揚,17,0,17,群益金鼎-三民,2024-04-02,9188
1316,上曜,22,5,17,群益金鼎-三民,2024-04-02,9188
6414,樺漢,23,7,16,群益金鼎-三民,2024-04-02,9188
1905,華紙,16,0,16,群益金鼎-三民,2024-04-02,9188
1582,信錦,17,1,16,群益金鼎-三民,2024-04-02,9188
1605,華新,21,5,16,群益金鼎-三民,2024-04-02,9188
00633L,富邦上証正2,20,5,15,群益金鼎-三民,2024-04-02,9188
4533,協易機,40,25,15,群益金鼎-三民,2024-04-02,9188
6245,立端,15,0,15,群益金鼎-三民,2024-04-02,9188
4714,永捷,17,2,15,群益金鼎-三民,2024-04-02,9188
4303,信立,16,2,14,群益金鼎-三民,2024-04-02,9188
8112,至上,18,4,14,群益金鼎-三民,2024-04-02,9188
1314,中石化,81,68,13,群益金鼎-三民,2024-04-02,9188
2371,大同,44,31,13,群益金鼎-三民,2024-04-02,9188
2637,慧洋-KY,12,0,12,群益金鼎-三民,2024-04-02,9188
00676R,富邦臺灣加權反1,12,0,12,群益金鼎-三民,2024-04-02,9188
5864,致和證,12,0,12,群益金鼎-三民,2024-04-02,9188
6177,達麗,18,6,12,群益金鼎-三民,2024-04-02,9188
3234,光環,12,0,12,群益金鼎-三民,2024-04-02,9188
00725B,國泰投資級公司債,12,0,12,群益金鼎-三民,2024-04-02,9188
00937B,群益ESG投等債20,502,0,502,群益金鼎-三民,2024-04-03,9188
00929,復華台灣科技優息,328,23,305,群益金鼎-三民,2024-04-03,9188
00940,元大台灣價值高息,295,30,265,群益金鼎-三民,2024-04-03,9188
00687B,國泰20年美債,130,1,129,群益金鼎-三民,2024-04-03,9188
1617,榮星,102,1,101,群益金鼎-三民,2024-04-03,9188
1314,中石化,94,0,94,群益金鼎-三民,2024-04-03,9188
00720B,元大投資級公司債,90,5,85,群益金鼎-三民,2024-04-03,9188
2449,京元電子,78,0,78,群益金鼎-三民,2024-04-03,9188
2884,玉山金,79,2,77,群益金鼎-三民,2024-04-03,9188
00679B,元大美債20年,162,100,62,群益金鼎-三民,2024-04-03,9188
8358,金居,53,7,46,群益金鼎-三民,2024-04-03,9188
2303,聯電,48,3,45,群益金鼎-三民,2024-04-03,9188
00941,中信上游半導體,51,8,43,群益金鼎-三民,2024-04-03,9188
5512,力麒,40,0,40,群益金鼎-三民,2024-04-03,9188
2002,中鋼,54,14,40,群益金鼎-三民,2024-04-03,9188
1303,南亞,40,1,39,群益金鼎-三民,2024-04-03,9188
00680L,元大美債20正2,39,0,39,群益金鼎-三民,2024-04-03,9188
2618,長榮航,53,15,38,群益金鼎-三民,2024-04-03,9188
6213,聯茂,72,36,36,群益金鼎-三民,2024-04-03,9188
2885,元大金,36,1,35,群益金鼎-三民,2024-04-03,9188
8110,華東,37,3,34,群益金鼎-三民,2024-04-03,9188
4958,臻鼎-KY,33,3,30,群益金鼎-三民,2024-04-03,9188
2890,永豐金,29,0,29,群益金鼎-三民,2024-04-03,9188
2409,友達,35,7,28,群益金鼎-三民,2024-04-03,9188
1734,杏輝,28,0,28,群益金鼎-三民,2024-04-03,9188
6438,迅得,31,3,28,群益金鼎-三民,2024-04-03,9188
2838A,聯邦銀甲特,24,0,24,群益金鼎-三民,2024-04-03,9188
2892,第一金,24,0,24,群益金鼎-三民,2024-04-03,9188
2412,中華電,23,0,23,群益金鼎-三民,2024-04-03,9188
2486,一詮,100,77,23,群益金鼎-三民,2024-04-03,9188
9103,美德醫療-DR,23,0,23,群益金鼎-三民,2024-04-03,9188
2301,光寶科,28,5,23,群益金鼎-三民,2024-04-03,9188
2634,漢翔,28,6,22,群益金鼎-三民,2024-04-03,9188
2344,華邦電,33,11,22,群益金鼎-三民,2024-04-03,9188
2547,日勝生,22,1,21,群益金鼎-三民,2024-04-03,9188
2838,聯邦銀,20,0,20,群益金鼎-三民,2024-04-03,9188
8064,東捷,63,43,20,群益金鼎-三民,2024-04-03,9188
3481,群創,45,26,19,群益金鼎-三民,2024-04-03,9188
00933B,國泰10Y+金融債,22,4,18,群益金鼎-三民,2024-04-03,9188
2881,富邦金,17,0,17,群益金鼎-三民,2024-04-03,9188
00733,富邦臺灣中小,17,0,17,群益金鼎-三民,2024-04-03,9188
3587,閎康,16,0,16,群益金鼎-三民,2024-04-03,9188
6161,捷波,16,0,16,群益金鼎-三民,2024-04-03,9188
1587,吉茂,23,7,16,群益金鼎-三民,2024-04-03,9188
1101,台泥,32,16,16,群益金鼎-三民,2024-04-03,9188
4743,合一,15,0,15,群益金鼎-三民,2024-04-03,9188
00773B,中信優先金融債,15,0,15,群益金鼎-三民,2024-04-03,9188
2537,聯上發,40,25,15,群益金鼎-三民,2024-04-03,9188
8070,長華*,19,4,15,群益金鼎-三民,2024-04-03,9188
00878,國泰永續高股息,188,173,15,群益金鼎-三民,2024-04-03,9188
00687B,國泰20年美債,133,18,115,群益金鼎-三民,2024-04-08,9188
6016,康和證,110,15,95,群益金鼎-三民,2024-04-08,9188
1617,榮星,89,4,85,群益金鼎-三民,2024-04-08,9188
6005,群益證,110,38,72,群益金鼎-三民,2024-04-08,9188
00940,元大台灣價值高息,145,77,68,群益金鼎-三民,2024-04-08,9188
00937B,群益ESG投等債20,93,33,60,群益金鼎-三民,2024-04-08,9188
00919,群益台灣精選高息,80,21,59,群益金鼎-三民,2024-04-08,9188
2515,中工,109,52,57,群益金鼎-三民,2024-04-08,9188
2317,鴻海,71,16,55,群益金鼎-三民,2024-04-08,9188
00632R,元大台灣50反1,124,74,50,群益金鼎-三民,2024-04-08,9188
00680L,元大美債20正2,50,0,50,群益金鼎-三民,2024-04-08,9188
4906,正文,50,0,50,群益金鼎-三民,2024-04-08,9188
2371,大同,47,0,47,群益金鼎-三民,2024-04-08,9188
00679B,元大美債20年,128,82,46,群益金鼎-三民,2024-04-08,9188
2374,佳能,95,51,44,群益金鼎-三民,2024-04-08,9188
4426,利勤,40,0,40,群益金鼎-三民,2024-04-08,9188
3189,景碩,39,0,39,群益金鼎-三民,2024-04-08,9188
5465,富驊,41,3,38,群益金鼎-三民,2024-04-08,9188
4746,台耀,39,4,35,群益金鼎-三民,2024-04-08,9188
3090,日電貿,35,0,35,群益金鼎-三民,2024-04-08,9188
00720B,元大投資級公司債,36,6,30,群益金鼎-三民,2024-04-08,9188
3231,緯創,63,33,30,群益金鼎-三民,2024-04-08,9188
2883,凱基金,55,27,28,群益金鼎-三民,2024-04-08,9188
2365,昆盈,49,23,26,群益金鼎-三民,2024-04-08,9188
6548,長科*,25,0,25,群益金鼎-三民,2024-04-08,9188
4714,永捷,38,13,25,群益金鼎-三民,2024-04-08,9188
6257,矽格,25,1,24,群益金鼎-三民,2024-04-08,9188
2537,聯上發,45,21,24,群益金鼎-三民,2024-04-08,9188
2352,佳世達,25,2,23,群益金鼎-三民,2024-04-08,9188
6176,瑞儀,23,1,22,群益金鼎-三民,2024-04-08,9188
3450,聯鈞,21,1,20,群益金鼎-三民,2024-04-08,9188
00933B,國泰10Y+金融債,17,0,17,群益金鼎-三民,2024-04-08,9188
8358,金居,31,14,17,群益金鼎-三民,2024-04-08,9188
1609,大亞,24,8,16,群益金鼎-三民,2024-04-08,9188
5443,均豪,28,12,16,群益金鼎-三民,2024-04-08,9188
6120,達運,18,2,16,群益金鼎-三民,2024-04-08,9188
5483,中美晶,16,1,15,群益金鼎-三民,2024-04-08,9188
2449,京元電子,17,2,15,群益金鼎-三民,2024-04-08,9188
1455,集盛,14,0,14,群益金鼎-三民,2024-04-08,9188
2851,中再保,14,0,14,群益金鼎-三民,2024-04-08,9188
2359,所羅門,26,14,12,群益金鼎-三民,2024-04-08,9188
6213,聯茂,24,12,12,群益金鼎-三民,2024-04-08,9188
00885,富邦越南,12,0,12,群益金鼎-三民,2024-04-08,9188
2610,華航,13,1,12,群益金鼎-三民,2024-04-08,9188
2382,廣達,17,6,11,群益金鼎-三民,2024-04-08,9188
3306,鼎天,11,0,11,群益金鼎-三民,2024-04-08,9188
2547,日勝生,14,3,11,群益金鼎-三民,2024-04-08,9188
2838,聯邦銀,11,0,11,群益金鼎-三民,2024-04-08,9188
2820,華票,11,0,11,群益金鼎-三民,2024-04-08,9188
8011,台通,13,2,11,群益金鼎-三民,2024-04-08,9188
00929,復華台灣科技優息,191,0,191,群益金鼎-三民,2024-04-09,9188
00687B,國泰20年美債,170,0,170,群益金鼎-三民,2024-04-09,9188
3231,緯創,179,31,148,群益金鼎-三民,2024-04-09,9188
00937B,群益ESG投等債20,157,14,143,群益金鼎-三民,2024-04-09,9188
1618,合機,127,10,117,群益金鼎-三民,2024-04-09,9188
00688L,國泰20年美債正2,113,1,112,群益金鼎-三民,2024-04-09,9188
2634,漢翔,114,18,96,群益金鼎-三民,2024-04-09,9188
1605,華新,134,57,77,群益金鼎-三民,2024-04-09,9188
00939,統一台灣高息動能,132,63,69,群益金鼎-三民,2024-04-09,9188
2025,千興,80,12,68,群益金鼎-三民,2024-04-09,9188
00637L,元大滬深300正2,68,2,66,群益金鼎-三民,2024-04-09,9188
6188,廣明,76,22,54,群益金鼎-三民,2024-04-09,9188
8404,百和興業-KY,50,0,50,群益金鼎-三民,2024-04-09,9188
3481,群創,84,35,49,群益金鼎-三民,2024-04-09,9188
00919,群益台灣精選高息,54,9,45,群益金鼎-三民,2024-04-09,9188
2882,國泰金,47,6,41,群益金鼎-三民,2024-04-09,9188
2367,燿華,64,28,36,群益金鼎-三民,2024-04-09,9188
00941,中信上游半導體,34,1,33,群益金鼎-三民,2024-04-09,9188
1617,榮星,30,1,29,群益金鼎-三民,2024-04-09,9188
6120,達運,35,8,27,群益金鼎-三民,2024-04-09,9188
2486,一詮,81,54,27,群益金鼎-三民,2024-04-09,9188
3090,日電貿,27,0,27,群益金鼎-三民,2024-04-09,9188
1503,士電,31,6,25,群益金鼎-三民,2024-04-09,9188
2317,鴻海,79,54,25,群益金鼎-三民,2024-04-09,9188
4908,前鼎,23,0,23,群益金鼎-三民,2024-04-09,9188
00664R,國泰臺灣加權反1,35,12,23,群益金鼎-三民,2024-04-09,9188
6213,聯茂,49,27,22,群益金鼎-三民,2024-04-09,9188
1604,聲寶,21,0,21,群益金鼎-三民,2024-04-09,9188
5880,合庫金,20,0,20,群益金鼎-三民,2024-04-09,9188
2329,華泰,24,4,20,群益金鼎-三民,2024-04-09,9188
00673R,期元大S＆P原油反1,18,0,18,群益金鼎-三民,2024-04-09,9188
3232,昱捷,17,0,17,群益金鼎-三民,2024-04-09,9188
2376,技嘉,22,6,16,群益金鼎-三民,2024-04-09,9188
2547,日勝生,16,0,16,群益金鼎-三民,2024-04-09,9188
6235,華孚,16,0,16,群益金鼎-三民,2024-04-09,9188
2382,廣達,17,2,15,群益金鼎-三民,2024-04-09,9188
2356,英業達,22,7,15,群益金鼎-三民,2024-04-09,9188
2417,圓剛,19,4,15,群益金鼎-三民,2024-04-09,9188
5340,建榮,14,0,14,群益金鼎-三民,2024-04-09,9188
6190,萬泰科,21,7,14,群益金鼎-三民,2024-04-09,9188
3163,波若威,25,11,14,群益金鼎-三民,2024-04-09,9188
2511,太子,15,1,14,群益金鼎-三民,2024-04-09,9188
8016,矽創,14,0,14,群益金鼎-三民,2024-04-09,9188
2354,鴻準,21,8,13,群益金鼎-三民,2024-04-09,9188
1582,信錦,12,0,12,群益金鼎-三民,2024-04-09,9188
2845,遠東銀,12,0,12,群益金鼎-三民,2024-04-09,9188
3501,維熹,12,0,12,群益金鼎-三民,2024-04-09,9188
2101,南港,11,0,11,群益金鼎-三民,2024-04-09,9188
2801,彰銀,20,9,11,群益金鼎-三民,2024-04-09,9188
9927,泰銘,11,0,11,群益金鼎-三民,2024-04-09,9188
00632R,元大台灣50反1,273,66,207,群益金鼎-三民,2024-04-10,9188
3576,聯合再生,113,3,110,群益金鼎-三民,2024-04-10,9188
00940,元大台灣價值高息,179,77,102,群益金鼎-三民,2024-04-10,9188
6016,康和證,81,0,81,群益金鼎-三民,2024-04-10,9188
00720B,元大投資級公司債,82,2,80,群益金鼎-三民,2024-04-10,9188
1617,榮星,71,0,71,群益金鼎-三民,2024-04-10,9188
3294,英濟,79,13,66,群益金鼎-三民,2024-04-10,9188
00687B,國泰20年美債,59,0,59,群益金鼎-三民,2024-04-10,9188
2014,中鴻,96,40,56,群益金鼎-三民,2024-04-10,9188
6431,光麗-KY,50,0,50,群益金鼎-三民,2024-04-10,9188
2515,中工,101,55,46,群益金鼎-三民,2024-04-10,9188
2547,日勝生,45,0,45,群益金鼎-三民,2024-04-10,9188
2885,元大金,39,0,39,群益金鼎-三民,2024-04-10,9188
1314,中石化,62,24,38,群益金鼎-三民,2024-04-10,9188
5512,力麒,41,3,38,群益金鼎-三民,2024-04-10,9188
2882,國泰金,48,12,36,群益金鼎-三民,2024-04-10,9188
2421,建準,34,0,34,群益金鼎-三民,2024-04-10,9188
2354,鴻準,33,0,33,群益金鼎-三民,2024-04-10,9188
8088,品安,36,5,31,群益金鼎-三民,2024-04-10,9188
1608,華榮,41,10,31,群益金鼎-三民,2024-04-10,9188
2891,中信金,30,1,29,群益金鼎-三民,2024-04-10,9188
00919,群益台灣精選高息,39,10,29,群益金鼎-三民,2024-04-10,9188
1503,士電,32,5,27,群益金鼎-三民,2024-04-10,9188
2376,技嘉,31,6,25,群益金鼎-三民,2024-04-10,9188
2382,廣達,24,1,23,群益金鼎-三民,2024-04-10,9188
2371,大同,46,24,22,群益金鼎-三民,2024-04-10,9188
6120,達運,43,22,21,群益金鼎-三民,2024-04-10,9188
3260,威剛,71,50,21,群益金鼎-三民,2024-04-10,9188
3481,群創,79,58,21,群益金鼎-三民,2024-04-10,9188
1734,杏輝,20,0,20,群益金鼎-三民,2024-04-10,9188
1514,亞力,62,42,20,群益金鼎-三民,2024-04-10,9188
6196,帆宣,22,4,18,群益金鼎-三民,2024-04-10,9188
2383,台光電,19,1,18,群益金鼎-三民,2024-04-10,9188
2031,新光鋼,18,1,17,群益金鼎-三民,2024-04-10,9188
2486,一詮,31,14,17,群益金鼎-三民,2024-04-10,9188
3042,晶技,22,6,16,群益金鼎-三民,2024-04-10,9188
2317,鴻海,54,38,16,群益金鼎-三民,2024-04-10,9188
3059,華晶科,26,11,15,群益金鼎-三民,2024-04-10,9188
1701,中化,15,1,14,群益金鼎-三民,2024-04-10,9188
8096,擎亞,394,380,14,群益金鼎-三民,2024-04-10,9188
2313,華通,30,16,14,群益金鼎-三民,2024-04-10,9188
1513,中興電,50,37,13,群益金鼎-三民,2024-04-10,9188
1605,華新,15,2,13,群益金鼎-三民,2024-04-10,9188
00909,國泰數位支付服務,13,0,13,群益金鼎-三民,2024-04-10,9188
4402,郡都開發,21,9,12,群益金鼎-三民,2024-04-10,9188
1313,聯成,12,0,12,群益金鼎-三民,2024-04-10,9188
1217,愛之味,12,0,12,群益金鼎-三民,2024-04-10,9188
3706,神達,24,12,12,群益金鼎-三民,2024-04-10,9188
1603,華電,15,3,12,群益金鼎-三民,2024-04-10,9188
2501,國建,16,5,11,群益金鼎-三民,2024-04-10,9188
00929,復華台灣科技優息,482,40,442,群益金鼎-三民,2024-04-11,9188
00937B,群益ESG投等債20,222,5,217,群益金鼎-三民,2024-04-11,9188
00687B,國泰20年美債,198,10,188,群益金鼎-三民,2024-04-11,9188
00712,復華富時不動產,109,0,109,群益金鼎-三民,2024-04-11,9188
3481,群創,132,64,68,群益金鼎-三民,2024-04-11,9188
2409,友達,88,30,58,群益金鼎-三民,2024-04-11,9188
3231,緯創,70,20,50,群益金鼎-三民,2024-04-11,9188
00688L,國泰20年美債正2,50,0,50,群益金鼎-三民,2024-04-11,9188
00680L,元大美債20正2,48,2,46,群益金鼎-三民,2024-04-11,9188
2317,鴻海,164,121,43,群益金鼎-三民,2024-04-11,9188
1617,榮星,40,0,40,群益金鼎-三民,2024-04-11,9188
6120,達運,46,11,35,群益金鼎-三民,2024-04-11,9188
1815,富喬,47,12,35,群益金鼎-三民,2024-04-11,9188
2356,英業達,41,6,35,群益金鼎-三民,2024-04-11,9188
00720B,元大投資級公司債,30,0,30,群益金鼎-三民,2024-04-11,9188
00933B,國泰10Y+金融債,29,0,29,群益金鼎-三民,2024-04-11,9188
6216,居易,28,0,28,群益金鼎-三民,2024-04-11,9188
2371,大同,49,22,27,群益金鼎-三民,2024-04-11,9188
2634,漢翔,41,14,27,群益金鼎-三民,2024-04-11,9188
2303,聯電,36,9,27,群益金鼎-三民,2024-04-11,9188
00940,元大台灣價值高息,83,56,27,群益金鼎-三民,2024-04-11,9188
3032,偉訓,27,2,25,群益金鼎-三民,2024-04-11,9188
3294,英濟,29,4,25,群益金鼎-三民,2024-04-11,9188
00939,統一台灣高息動能,76,52,24,群益金鼎-三民,2024-04-11,9188
2344,華邦電,26,2,24,群益金鼎-三民,2024-04-11,9188
1905,華紙,25,1,24,群益金鼎-三民,2024-04-11,9188
2515,中工,45,22,23,群益金鼎-三民,2024-04-11,9188
2887,台新金,23,0,23,群益金鼎-三民,2024-04-11,9188
3211,順達,23,1,22,群益金鼎-三民,2024-04-11,9188
5880,合庫金,21,0,21,群益金鼎-三民,2024-04-11,9188
3049,精金,20,0,20,群益金鼎-三民,2024-04-11,9188
00655L,國泰中國A50正2,20,0,20,群益金鼎-三民,2024-04-11,9188
2630,亞航,64,44,20,群益金鼎-三民,2024-04-11,9188
6606,建德工業,20,0,20,群益金鼎-三民,2024-04-11,9188
2014,中鴻,26,7,19,群益金鼎-三民,2024-04-11,9188
9945,潤泰新,19,0,19,群益金鼎-三民,2024-04-11,9188
2329,華泰,47,29,18,群益金鼎-三民,2024-04-11,9188
4113,聯上,21,3,18,群益金鼎-三民,2024-04-11,9188
4716,大立,25,7,18,群益金鼎-三民,2024-04-11,9188
2382,廣達,24,6,18,群益金鼎-三民,2024-04-11,9188
2607,榮運,17,0,17,群益金鼎-三民,2024-04-11,9188
00751B,元大AAA至A公司債,16,0,16,群益金鼎-三民,2024-04-11,9188
2442,新美齊,16,0,16,群益金鼎-三民,2024-04-11,9188
2354,鴻準,37,21,16,群益金鼎-三民,2024-04-11,9188
2888,新光金,19,4,15,群益金鼎-三民,2024-04-11,9188
6141,柏承,15,0,15,群益金鼎-三民,2024-04-11,9188
1308,亞聚,15,0,15,群益金鼎-三民,2024-04-11,9188
3013,晟銘電,243,229,14,群益金鼎-三民,2024-04-11,9188
3105,穩懋,14,0,14,群益金鼎-三民,2024-04-11,9188
2881,富邦金,13,0,13,群益金鼎-三民,2024-04-11,9188
00687B,國泰20年美債,146,0,146,群益金鼎-三民,2024-04-12,9188
2610,華航,137,12,125,群益金鼎-三民,2024-04-12,9188
2537,聯上發,110,0,110,群益金鼎-三民,2024-04-12,9188
2880,華南金,103,0,103,群益金鼎-三民,2024-04-12,9188
00940,元大台灣價值高息,182,109,73,群益金鼎-三民,2024-04-12,9188
00929,復華台灣科技優息,135,63,72,群益金鼎-三民,2024-04-12,9188
2028,威致,46,0,46,群益金鼎-三民,2024-04-12,9188
1314,中石化,46,0,46,群益金鼎-三民,2024-04-12,9188
00671R,富邦NASDAQ反1,45,0,45,群益金鼎-三民,2024-04-12,9188
2353,宏��,106,64,42,群益金鼎-三民,2024-04-12,9188
3715,定穎投控,36,1,35,群益金鼎-三民,2024-04-12,9188
6234,高僑,31,0,31,群益金鼎-三民,2024-04-12,9188
2409,友達,30,0,30,群益金鼎-三民,2024-04-12,9188
00933B,國泰10Y+金融債,30,0,30,群益金鼎-三民,2024-04-12,9188
00680L,元大美債20正2,28,0,28,群益金鼎-三民,2024-04-12,9188
2883,凱基金,30,3,27,群益金鼎-三民,2024-04-12,9188
00878,國泰永續高股息,100,73,27,群益金鼎-三民,2024-04-12,9188
3231,緯創,38,12,26,群益金鼎-三民,2024-04-12,9188
2356,英業達,26,1,25,群益金鼎-三民,2024-04-12,9188
8358,金居,36,11,25,群益金鼎-三民,2024-04-12,9188
2382,廣達,36,12,24,群益金鼎-三民,2024-04-12,9188
3356,奇偶,22,0,22,群益金鼎-三民,2024-04-12,9188
8011,台通,22,1,21,群益金鼎-三民,2024-04-12,9188
00688L,國泰20年美債正2,20,0,20,群益金鼎-三民,2024-04-12,9188
2888,新光金,20,0,20,群益金鼎-三民,2024-04-12,9188
00720B,元大投資級公司債,20,0,20,群益金鼎-三民,2024-04-12,9188
3306,鼎天,20,0,20,群益金鼎-三民,2024-04-12,9188
2601,益航,20,0,20,群益金鼎-三民,2024-04-12,9188
2329,華泰,38,18,20,群益金鼎-三民,2024-04-12,9188
00941,中信上游半導體,19,0,19,群益金鼎-三民,2024-04-12,9188
2607,榮運,19,1,18,群益金鼎-三民,2024-04-12,9188
2605,新興,20,2,18,群益金鼎-三民,2024-04-12,9188
2887,台新金,17,0,17,群益金鼎-三民,2024-04-12,9188
2352,佳世達,18,2,16,群益金鼎-三民,2024-04-12,9188
1473,台南,30,14,16,群益金鼎-三民,2024-04-12,9188
2528,皇普,15,0,15,群益金鼎-三民,2024-04-12,9188
2369,菱生,15,0,15,群益金鼎-三民,2024-04-12,9188
00795B,中信美國公債20年,15,0,15,群益金鼎-三民,2024-04-12,9188
6215,和椿,22,7,15,群益金鼎-三民,2024-04-12,9188
3711,日月光投控,15,0,15,群益金鼎-三民,2024-04-12,9188
2882,國泰金,15,1,14,群益金鼎-三民,2024-04-12,9188
1605,華新,32,18,14,群益金鼎-三民,2024-04-12,9188
3059,華晶科,23,9,14,群益金鼎-三民,2024-04-12,9188
8096,擎亞,82,68,14,群益金鼎-三民,2024-04-12,9188
5521,工信,15,1,14,群益金鼎-三民,2024-04-12,9188
5426,振發,17,3,14,群益金鼎-三民,2024-04-12,9188
6125,廣運,14,0,14,群益金鼎-三民,2024-04-12,9188
3622,洋華,16,2,14,群益金鼎-三民,2024-04-12,9188
2002,中鋼,13,0,13,群益金鼎-三民,2024-04-12,9188
3060,銘異,22,9,13,群益金鼎-三民,2024-04-12,9188
00929,復華台灣科技優息,513,89,424,群益金鼎-三民,2024-04-15,9188
2331,精英,159,18,141,群益金鼎-三民,2024-04-15,9188
00941,中信上游半導體,131,0,131,群益金鼎-三民,2024-04-15,9188
2890,永豐金,100,5,95,群益金鼎-三民,2024-04-15,9188
00676R,富邦臺灣加權反1,91,0,91,群益金鼎-三民,2024-04-15,9188
1513,中興電,166,77,89,群益金鼎-三民,2024-04-15,9188
00687B,國泰20年美債,73,1,72,群益金鼎-三民,2024-04-15,9188
2371,大同,173,118,55,群益金鼎-三民,2024-04-15,9188
00940,元大台灣價值高息,129,74,55,群益金鼎-三民,2024-04-15,9188
0056,元大高股息,74,19,55,群益金鼎-三民,2024-04-15,9188
1805,寶徠,54,0,54,群益金鼎-三民,2024-04-15,9188
6257,矽格,48,1,47,群益金鼎-三民,2024-04-15,9188
2101,南港,43,0,43,群益金鼎-三民,2024-04-15,9188
00937B,群益ESG投等債20,62,20,42,群益金鼎-三民,2024-04-15,9188
3265,台星科,42,0,42,群益金鼎-三民,2024-04-15,9188
2474,可成,41,0,41,群益金鼎-三民,2024-04-15,9188
2303,聯電,44,4,40,群益金鼎-三民,2024-04-15,9188
2367,燿華,88,51,37,群益金鼎-三民,2024-04-15,9188
1611,中電,34,0,34,群益金鼎-三民,2024-04-15,9188
2376,技嘉,36,5,31,群益金鼎-三民,2024-04-15,9188
3059,華晶科,51,21,30,群益金鼎-三民,2024-04-15,9188
2607,榮運,30,0,30,群益金鼎-三民,2024-04-15,9188
1608,華榮,67,38,29,群益金鼎-三民,2024-04-15,9188
6283,淳安,26,1,25,群益金鼎-三民,2024-04-15,9188
3501,維熹,37,12,25,群益金鼎-三民,2024-04-15,9188
00891,中信關鍵半導體,24,0,24,群益金鼎-三民,2024-04-15,9188
00927,群益半導體收益,23,0,23,群益金鼎-三民,2024-04-15,9188
8222,寶一,24,2,22,群益金鼎-三民,2024-04-15,9188
00669R,國泰美國道瓊反1,28,8,20,群益金鼎-三民,2024-04-15,9188
6770,力積電,28,8,20,群益金鼎-三民,2024-04-15,9188
2308,台達電,19,0,19,群益金鼎-三民,2024-04-15,9188
2312,金寶,20,2,18,群益金鼎-三民,2024-04-15,9188
1584,精剛,18,0,18,群益金鼎-三民,2024-04-15,9188
2313,華通,20,3,17,群益金鼎-三民,2024-04-15,9188
2409,友達,19,2,17,群益金鼎-三民,2024-04-15,9188
1101,台泥,30,13,17,群益金鼎-三民,2024-04-15,9188
2465,麗臺,17,1,16,群益金鼎-三民,2024-04-15,9188
4532,瑞智,20,4,16,群益金鼎-三民,2024-04-15,9188
2486,一詮,25,10,15,群益金鼎-三民,2024-04-15,9188
2634,漢翔,83,68,15,群益金鼎-三民,2024-04-15,9188
2356,英業達,38,23,15,群益金鼎-三民,2024-04-15,9188
00773B,中信優先金融債,14,0,14,群益金鼎-三民,2024-04-15,9188
3037,欣興,19,5,14,群益金鼎-三民,2024-04-15,9188
2353,宏��,53,39,14,群益金鼎-三民,2024-04-15,9188
3032,偉訓,13,0,13,群益金鼎-三民,2024-04-15,9188
2547,日勝生,13,0,13,群益金鼎-三民,2024-04-15,9188
3178,公準,13,0,13,群益金鼎-三民,2024-04-15,9188
6116,彩晶,13,0,13,群益金鼎-三民,2024-04-15,9188
00878,國泰永續高股息,406,393,13,群益金鼎-三民,2024-04-15,9188
00919,群益台灣精選高息,53,41,12,群益金鼎-三民,2024-04-15,9188
00688L,國泰20年美債正2,691,0,691,群益金鼎-三民,2024-04-16,9188
00929,復華台灣科技優息,716,272,444,群益金鼎-三民,2024-04-16,9188
00940,元大台灣價值高息,668,226,442,群益金鼎-三民,2024-04-16,9188
00919,群益台灣精選高息,431,122,309,群益金鼎-三民,2024-04-16,9188
00687B,國泰20年美債,217,15,202,群益金鼎-三民,2024-04-16,9188
00878,國泰永續高股息,627,496,131,群益金鼎-三民,2024-04-16,9188
2371,大同,169,39,130,群益金鼎-三民,2024-04-16,9188
4906,正文,128,0,128,群益金鼎-三民,2024-04-16,9188
2405,輔信,113,2,111,群益金鼎-三民,2024-04-16,9188
2880,華南金,103,0,103,群益金鼎-三民,2024-04-16,9188
2303,聯電,101,14,87,群益金鼎-三民,2024-04-16,9188
00720B,元大投資級公司債,104,32,72,群益金鼎-三民,2024-04-16,9188
0056,元大高股息,99,35,64,群益金鼎-三民,2024-04-16,9188
6257,矽格,64,7,57,群益金鼎-三民,2024-04-16,9188
2838,聯邦銀,51,0,51,群益金鼎-三民,2024-04-16,9188
2834,臺企銀,52,1,51,群益金鼎-三民,2024-04-16,9188
1314,中石化,61,10,51,群益金鼎-三民,2024-04-16,9188
7402,邑錡,53,3,50,群益金鼎-三民,2024-04-16,9188
2344,華邦電,53,4,49,群益金鼎-三民,2024-04-16,9188
2883,凱基金,72,23,49,群益金鼎-三民,2024-04-16,9188
2634,漢翔,95,50,45,群益金鼎-三民,2024-04-16,9188
2408,南亞科,46,1,45,群益金鼎-三民,2024-04-16,9188
00927,群益半導體收益,66,24,42,群益金鼎-三民,2024-04-16,9188
00885,富邦越南,41,0,41,群益金鼎-三民,2024-04-16,9188
00939,統一台灣高息動能,166,126,40,群益金鼎-三民,2024-04-16,9188
2884,玉山金,76,36,40,群益金鼎-三民,2024-04-16,9188
6770,力積電,40,1,39,群益金鼎-三民,2024-04-16,9188
3501,維熹,40,3,37,群益金鼎-三民,2024-04-16,9188
6005,群益證,56,19,37,群益金鼎-三民,2024-04-16,9188
3673,TPK-KY,36,0,36,群益金鼎-三民,2024-04-16,9188
00679B,元大美債20年,60,26,34,群益金鼎-三民,2024-04-16,9188
2317,鴻海,67,37,30,群益金鼎-三民,2024-04-16,9188
8926,台汽電,30,0,30,群益金鼎-三民,2024-04-16,9188
2353,宏��,73,45,28,群益金鼎-三民,2024-04-16,9188
2885,元大金,38,10,28,群益金鼎-三民,2024-04-16,9188
2301,光寶科,35,7,28,群益金鼎-三民,2024-04-16,9188
6223,旺矽,28,0,28,群益金鼎-三民,2024-04-16,9188
6901,鑽石投資,28,0,28,群益金鼎-三民,2024-04-16,9188
1584,精剛,35,9,26,群益金鼎-三民,2024-04-16,9188
5521,工信,26,0,26,群益金鼎-三民,2024-04-16,9188
00941,中信上游半導體,26,1,25,群益金鼎-三民,2024-04-16,9188
1605,華新,37,12,25,群益金鼎-三民,2024-04-16,9188
2547,日勝生,27,2,25,群益金鼎-三民,2024-04-16,9188
2409,友達,40,15,25,群益金鼎-三民,2024-04-16,9188
3017,奇鋐,36,11,25,群益金鼎-三民,2024-04-16,9188
3260,威剛,44,20,24,群益金鼎-三民,2024-04-16,9188
1513,中興電,58,34,24,群益金鼎-三民,2024-04-16,9188
5880,合庫金,25,2,23,群益金鼎-三民,2024-04-16,9188
3037,欣興,31,8,23,群益金鼎-三民,2024-04-16,9188
2887,台新金,44,22,22,群益金鼎-三民,2024-04-16,9188
00937B,群益ESG投等債20,376,20,356,群益金鼎-三民,2024-04-17,9188
00632R,元大台灣50反1,248,10,238,群益金鼎-三民,2024-04-17,9188
00687B,國泰20年美債,139,0,139,群益金鼎-三民,2024-04-17,9188
00929,復華台灣科技優息,156,32,124,群益金鼎-三民,2024-04-17,9188
00637L,元大滬深300正2,150,51,99,群益金鼎-三民,2024-04-17,9188
00720B,元大投資級公司債,81,0,81,群益金鼎-三民,2024-04-17,9188
0056,元大高股息,94,27,67,群益金鼎-三民,2024-04-17,9188
8936,國統,74,11,63,群益金鼎-三民,2024-04-17,9188
2515,中工,55,3,52,群益金鼎-三民,2024-04-17,9188
2303,聯電,54,4,50,群益金鼎-三民,2024-04-17,9188
3501,維熹,57,10,47,群益金鼎-三民,2024-04-17,9188
2867,三商壽,56,12,44,群益金鼎-三民,2024-04-17,9188
5512,力麒,56,12,44,群益金鼎-三民,2024-04-17,9188
2408,南亞科,42,1,41,群益金鼎-三民,2024-04-17,9188
00857B,永豐20年美公債,40,0,40,群益金鼎-三民,2024-04-17,9188
1712,興農,40,0,40,群益金鼎-三民,2024-04-17,9188
3231,緯創,77,39,38,群益金鼎-三民,2024-04-17,9188
00648R,元大S＆P500反1,34,0,34,群益金鼎-三民,2024-04-17,9188
3060,銘異,31,0,31,群益金鼎-三民,2024-04-17,9188
00674R,期元大S＆P黃金反1,30,0,30,群益金鼎-三民,2024-04-17,9188
3481,群創,59,30,29,群益金鼎-三民,2024-04-17,9188
00679B,元大美債20年,127,98,29,群益金鼎-三民,2024-04-17,9188
2356,英業達,37,9,28,群益金鼎-三民,2024-04-17,9188
1314,中石化,38,10,28,群益金鼎-三民,2024-04-17,9188
2881,富邦金,25,0,25,群益金鼎-三民,2024-04-17,9188
5222,全訊,25,0,25,群益金鼎-三民,2024-04-17,9188
1909,榮成,25,0,25,群益金鼎-三民,2024-04-17,9188
2618,長榮航,35,13,22,群益金鼎-三民,2024-04-17,9188
2371,大同,136,114,22,群益金鼎-三民,2024-04-17,9188
2884,玉山金,33,12,21,群益金鼎-三民,2024-04-17,9188
00940,元大台灣價值高息,76,56,20,群益金鼎-三民,2024-04-17,9188
2353,宏��,67,47,20,群益金鼎-三民,2024-04-17,9188
6695,芯鼎,20,0,20,群益金鼎-三民,2024-04-17,9188
6531,愛普*,21,1,20,群益金鼎-三民,2024-04-17,9188
1453,大將,20,0,20,群益金鼎-三民,2024-04-17,9188
9955,佳龍,21,3,18,群益金鼎-三民,2024-04-17,9188
2504,國產,85,68,17,群益金鼎-三民,2024-04-17,9188
3037,欣興,21,5,16,群益金鼎-三民,2024-04-17,9188
2892,第一金,16,0,16,群益金鼎-三民,2024-04-17,9188
00927,群益半導體收益,16,0,16,群益金鼎-三民,2024-04-17,9188
1810,和成,52,36,16,群益金鼎-三民,2024-04-17,9188
00713,元大台灣高息低波,23,8,15,群益金鼎-三民,2024-04-17,9188
2409,友達,15,0,15,群益金鼎-三民,2024-04-17,9188
00905,FT臺灣Smart,15,0,15,群益金鼎-三民,2024-04-17,9188
00680L,元大美債20正2,25,10,15,群益金鼎-三民,2024-04-17,9188
2382,廣達,18,5,13,群益金鼎-三民,2024-04-17,9188
00725B,國泰投資級公司債,13,0,13,群益金鼎-三民,2024-04-17,9188
5009,榮剛,18,6,12,群益金鼎-三民,2024-04-17,9188
6505,台塑化,16,4,12,群益金鼎-三民,2024-04-17,9188
8069,元太,14,3,11,群益金鼎-三民,2024-04-17,9188
2516,新建,161,0,161,群益金鼎-三民,2024-04-18,9188
00687B,國泰20年美債,122,2,120,群益金鼎-三民,2024-04-18,9188
00919,群益台灣精選高息,112,1,111,群益金鼎-三民,2024-04-18,9188
3481,群創,111,10,101,群益金鼎-三民,2024-04-18,9188
6215,和椿,105,7,98,群益金鼎-三民,2024-04-18,9188
00940,元大台灣價值高息,106,47,59,群益金鼎-三民,2024-04-18,9188
1513,中興電,106,52,54,群益金鼎-三民,2024-04-18,9188
2329,華泰,69,15,54,群益金鼎-三民,2024-04-18,9188
4157,太景*-KY,51,6,45,群益金鼎-三民,2024-04-18,9188
00927,群益半導體收益,38,0,38,群益金鼎-三民,2024-04-18,9188
9919,康那香,41,4,37,群益金鼎-三民,2024-04-18,9188
00941,中信上游半導體,47,12,35,群益金鼎-三民,2024-04-18,9188
2367,燿華,57,22,35,群益金鼎-三民,2024-04-18,9188
00929,復華台灣科技優息,74,40,34,群益金鼎-三民,2024-04-18,9188
1504,東元,54,21,33,群益金鼎-三民,2024-04-18,9188
2610,華航,37,5,32,群益金鼎-三民,2024-04-18,9188
00671R,富邦NASDAQ反1,32,0,32,群益金鼎-三民,2024-04-18,9188
2356,英業達,41,11,30,群益金鼎-三民,2024-04-18,9188
00720B,元大投資級公司債,29,0,29,群益金鼎-三民,2024-04-18,9188
3013,晟銘電,125,98,27,群益金鼎-三民,2024-04-18,9188
00641R,富邦日本反1,24,0,24,群益金鼎-三民,2024-04-18,9188
2352,佳世達,25,2,23,群益金鼎-三民,2024-04-18,9188
2608,嘉里大榮,22,0,22,群益金鼎-三民,2024-04-18,9188
1810,和成,24,2,22,群益金鼎-三民,2024-04-18,9188
5009,榮剛,37,16,21,群益金鼎-三民,2024-04-18,9188
3501,維熹,25,6,19,群益金鼎-三民,2024-04-18,9188
00830,國泰費城半導體,16,0,16,群益金鼎-三民,2024-04-18,9188
6782,視陽,16,0,16,群益金鼎-三民,2024-04-18,9188
3294,英濟,15,0,15,群益金鼎-三民,2024-04-18,9188
3583,辛耘,16,2,14,群益金鼎-三民,2024-04-18,9188
3715,定穎投控,15,2,13,群益金鼎-三民,2024-04-18,9188
5230,雷笛克光學,19,7,12,群益金鼎-三民,2024-04-18,9188
4956,光鋐,18,6,12,群益金鼎-三民,2024-04-18,9188
2834,臺企銀,13,1,12,群益金鼎-三民,2024-04-18,9188
2303,聯電,11,0,11,群益金鼎-三民,2024-04-18,9188
00885,富邦越南,11,0,11,群益金鼎-三民,2024-04-18,9188
2301,光寶科,33,22,11,群益金鼎-三民,2024-04-18,9188
6753,龍德造船,19,9,10,群益金鼎-三民,2024-04-18,9188
1219,福壽,10,0,10,群益金鼎-三民,2024-04-18,9188
2427,三商電,14,4,10,群益金鼎-三民,2024-04-18,9188
2206,三陽工業,10,0,10,群益金鼎-三民,2024-04-18,9188
2611,志信,10,0,10,群益金鼎-三民,2024-04-18,9188
4510,高鋒,10,0,10,群益金鼎-三民,2024-04-18,9188
1909,榮成,10,0,10,群益金鼎-三民,2024-04-18,9188
6233,旺玖,16,6,10,群益金鼎-三民,2024-04-18,9188
2528,皇普,13,3,10,群益金鼎-三民,2024-04-18,9188
00933B,國泰10Y+金融債,10,0,10,群益金鼎-三民,2024-04-18,9188
1616,億泰,11,2,9,群益金鼎-三民,2024-04-18,9188
1532,勤美,12,3,9,群益金鼎-三民,2024-04-18,9188
4934,太極,9,0,9,群益金鼎-三民,2024-04-18,9188
00929,復華台灣科技優息,698,198,500,群益金鼎-三民,2024-04-19,9188
00940,元大台灣價值高息,479,124,355,群益金鼎-三民,2024-04-19,9188
00939,統一台灣高息動能,284,54,230,群益金鼎-三民,2024-04-19,9188
5512,力麒,454,289,165,群益金鼎-三民,2024-04-19,9188
00919,群益台灣精選高息,276,116,160,群益金鼎-三民,2024-04-19,9188
2371,大同,329,221,108,群益金鼎-三民,2024-04-19,9188
6443,元晶,115,15,100,群益金鼎-三民,2024-04-19,9188
2303,聯電,114,15,99,群益金鼎-三民,2024-04-19,9188
2892,第一金,103,7,96,群益金鼎-三民,2024-04-19,9188
00878,國泰永續高股息,421,335,86,群益金鼎-三民,2024-04-19,9188
00720B,元大投資級公司債,102,22,80,群益金鼎-三民,2024-04-19,9188
2330,台積電,91,12,79,群益金鼎-三民,2024-04-19,9188
1618,合機,161,86,75,群益金鼎-三民,2024-04-19,9188
9912,偉聯,61,0,61,群益金鼎-三民,2024-04-19,9188
2515,中工,277,217,60,群益金鼎-三民,2024-04-19,9188
00715L,期街口布蘭特正2,57,2,55,群益金鼎-三民,2024-04-19,9188
5009,榮剛,147,94,53,群益金鼎-三民,2024-04-19,9188
2885,元大金,54,1,53,群益金鼎-三民,2024-04-19,9188
1608,華榮,129,77,52,群益金鼎-三民,2024-04-19,9188
2305,全友,45,0,45,群益金鼎-三民,2024-04-19,9188
1773,勝一,50,5,45,群益金鼎-三民,2024-04-19,9188
5880,合庫金,43,0,43,群益金鼎-三民,2024-04-19,9188
2409,友達,49,6,43,群益金鼎-三民,2024-04-19,9188
6257,矽格,43,1,42,群益金鼎-三民,2024-04-19,9188
2374,佳能,55,13,42,群益金鼎-三民,2024-04-19,9188
2834,臺企銀,45,4,41,群益金鼎-三民,2024-04-19,9188
1215,卜蜂,40,0,40,群益金鼎-三民,2024-04-19,9188
8222,寶一,41,1,40,群益金鼎-三民,2024-04-19,9188
0056,元大高股息,42,3,39,群益金鼎-三民,2024-04-19,9188
3501,維熹,38,0,38,群益金鼎-三民,2024-04-19,9188
2883,凱基金,42,4,38,群益金鼎-三民,2024-04-19,9188
6213,聯茂,53,16,37,群益金鼎-三民,2024-04-19,9188
1612,宏泰,77,41,36,群益金鼎-三民,2024-04-19,9188
2353,宏��,42,9,33,群益金鼎-三民,2024-04-19,9188
2618,長榮航,126,94,32,群益金鼎-三民,2024-04-19,9188
00941,中信上游半導體,37,5,32,群益金鼎-三民,2024-04-19,9188
3481,群創,52,21,31,群益金鼎-三民,2024-04-19,9188
00675L,富邦臺灣加權正2,112,81,31,群益金鼎-三民,2024-04-19,9188
2838,聯邦銀,30,0,30,群益金鼎-三民,2024-04-19,9188
2610,華航,30,1,29,群益金鼎-三民,2024-04-19,9188
00927,群益半導體收益,32,5,27,群益金鼎-三民,2024-04-19,9188
00687B,國泰20年美債,43,16,27,群益金鼎-三民,2024-04-19,9188
1609,大亞,127,100,27,群益金鼎-三民,2024-04-19,9188
1513,中興電,91,64,27,群益金鼎-三民,2024-04-19,9188
00712,復華富時不動產,37,12,25,群益金鼎-三民,2024-04-19,9188
2317,鴻海,48,23,25,群益金鼎-三民,2024-04-19,9188
2884,玉山金,31,7,24,群益金鼎-三民,2024-04-19,9188
2356,英業達,52,28,24,群益金鼎-三民,2024-04-19,9188
4714,永捷,24,0,24,群益金鼎-三民,2024-04-19,9188
2891,中信金,120,97,23,群益金鼎-三民,2024-04-19,9188
00940,元大台灣價值高息,488,115,373,群益金鼎-三民,2024-04-22,9188
00929,復華台灣科技優息,569,213,356,群益金鼎-三民,2024-04-22,9188
3605,宏致,287,5,282,群益金鼎-三民,2024-04-22,9188
8936,國統,230,30,200,群益金鼎-三民,2024-04-22,9188
6005,群益證,209,25,184,群益金鼎-三民,2024-04-22,9188
00939,統一台灣高息動能,146,38,108,群益金鼎-三民,2024-04-22,9188
3312,弘憶股,106,0,106,群益金鼎-三民,2024-04-22,9188
2303,聯電,117,25,92,群益金鼎-三民,2024-04-22,9188
00687B,國泰20年美債,101,18,83,群益金鼎-三民,2024-04-22,9188
6215,和椿,85,7,78,群益金鼎-三民,2024-04-22,9188
1815,富喬,72,1,71,群益金鼎-三民,2024-04-22,9188
6257,矽格,67,2,65,群益金鼎-三民,2024-04-22,9188
5512,力麒,334,283,51,群益金鼎-三民,2024-04-22,9188
00919,群益台灣精選高息,236,185,51,群益金鼎-三民,2024-04-22,9188
2103,台橡,52,3,49,群益金鼎-三民,2024-04-22,9188
2317,鴻海,71,28,43,群益金鼎-三民,2024-04-22,9188
2324,仁寶,42,1,41,群益金鼎-三民,2024-04-22,9188
3313,斐成,40,0,40,群益金鼎-三民,2024-04-22,9188
1609,大亞,101,62,39,群益金鼎-三民,2024-04-22,9188
3265,台星科,39,0,39,群益金鼎-三民,2024-04-22,9188
2329,華泰,51,14,37,群益金鼎-三民,2024-04-22,9188
4113,聯上,37,0,37,群益金鼎-三民,2024-04-22,9188
1513,中興電,51,16,35,群益金鼎-三民,2024-04-22,9188
3260,威剛,31,0,31,群益金鼎-三民,2024-04-22,9188
00933B,國泰10Y+金融債,31,1,30,群益金鼎-三民,2024-04-22,9188
00720B,元大投資級公司債,30,0,30,群益金鼎-三民,2024-04-22,9188
2371,大同,133,107,26,群益金鼎-三民,2024-04-22,9188
2305,全友,26,0,26,群益金鼎-三民,2024-04-22,9188
9904,寶成,26,0,26,群益金鼎-三民,2024-04-22,9188
3231,緯創,38,14,24,群益金鼎-三民,2024-04-22,9188
5426,振發,23,1,22,群益金鼎-三民,2024-04-22,9188
2889,國票金,26,5,21,群益金鼎-三民,2024-04-22,9188
9907,統一實,30,10,20,群益金鼎-三民,2024-04-22,9188
2392,正崴,20,0,20,群益金鼎-三民,2024-04-22,9188
1108,幸福,20,0,20,群益金鼎-三民,2024-04-22,9188
2363,矽統,38,18,20,群益金鼎-三民,2024-04-22,9188
2885,元大金,33,14,19,群益金鼎-三民,2024-04-22,9188
5521,工信,21,2,19,群益金鼎-三民,2024-04-22,9188
2331,精英,17,0,17,群益金鼎-三民,2024-04-22,9188
3402,漢科,18,1,17,群益金鼎-三民,2024-04-22,9188
6264,富裔,18,1,17,群益金鼎-三民,2024-04-22,9188
3715,定穎投控,17,1,16,群益金鼎-三民,2024-04-22,9188
2515,中工,502,486,16,群益金鼎-三民,2024-04-22,9188
2913,農林,21,6,15,群益金鼎-三民,2024-04-22,9188
2405,輔信,17,2,15,群益金鼎-三民,2024-04-22,9188
6191,精成科,23,8,15,群益金鼎-三民,2024-04-22,9188
1503,士電,21,7,14,群益金鼎-三民,2024-04-22,9188
6161,捷波,14,0,14,群益金鼎-三民,2024-04-22,9188
1616,億泰,16,2,14,群益金鼎-三民,2024-04-22,9188
5905,南仁湖,14,0,14,群益金鼎-三民,2024-04-22,9188
2618,長榮航,286,83,203,群益金鼎-三民,2024-04-23,9188
2885,元大金,173,27,146,群益金鼎-三民,2024-04-23,9188
5512,力麒,111,5,106,群益金鼎-三民,2024-04-23,9188
00687B,國泰20年美債,101,8,93,群益金鼎-三民,2024-04-23,9188
00919,群益台灣精選高息,161,71,90,群益金鼎-三民,2024-04-23,9188
00632R,元大台灣50反1,103,20,83,群益金鼎-三民,2024-04-23,9188
00940,元大台灣價值高息,94,39,55,群益金鼎-三民,2024-04-23,9188
8936,國統,68,18,50,群益金鼎-三民,2024-04-23,9188
1314,中石化,51,2,49,群益金鼎-三民,2024-04-23,9188
1725,元禎,41,0,41,群益金鼎-三民,2024-04-23,9188
2303,聯電,40,1,39,群益金鼎-三民,2024-04-23,9188
6215,和椿,48,9,39,群益金鼎-三民,2024-04-23,9188
3715,定穎投控,46,12,34,群益金鼎-三民,2024-04-23,9188
00878,國泰永續高股息,106,72,34,群益金鼎-三民,2024-04-23,9188
00941,中信上游半導體,35,1,34,群益金鼎-三民,2024-04-23,9188
00929,復華台灣科技優息,70,37,33,群益金鼎-三民,2024-04-23,9188
2504,國產,49,18,31,群益金鼎-三民,2024-04-23,9188
00673R,期元大S＆P原油反1,29,0,29,群益金鼎-三民,2024-04-23,9188
2888,新光金,52,25,27,群益金鼎-三民,2024-04-23,9188
5213,亞昕,25,0,25,群益金鼎-三民,2024-04-23,9188
3605,宏致,23,0,23,群益金鼎-三民,2024-04-23,9188
2633,台灣高鐵,21,0,21,群益金鼎-三民,2024-04-23,9188
2610,華航,39,19,20,群益金鼎-三民,2024-04-23,9188
3289,宜特,20,0,20,群益金鼎-三民,2024-04-23,9188
00752,中信中國50,18,2,16,群益金鼎-三民,2024-04-23,9188
1316,上曜,21,5,16,群益金鼎-三民,2024-04-23,9188
1605,華新,68,52,16,群益金鼎-三民,2024-04-23,9188
6578,達邦蛋白,16,1,15,群益金鼎-三民,2024-04-23,9188
4973,廣穎,15,0,15,群益金鼎-三民,2024-04-23,9188
2634,漢翔,22,7,15,群益金鼎-三民,2024-04-23,9188
1608,華榮,87,74,13,群益金鼎-三民,2024-04-23,9188
2801,彰銀,17,4,13,群益金鼎-三民,2024-04-23,9188
1436,華友聯,13,0,13,群益金鼎-三民,2024-04-23,9188
5009,榮剛,13,2,11,群益金鼎-三民,2024-04-23,9188
2009,第一銅,18,7,11,群益金鼎-三民,2024-04-23,9188
2354,鴻準,119,109,10,群益金鼎-三民,2024-04-23,9188
5230,雷笛克光學,14,4,10,群益金鼎-三民,2024-04-23,9188
6753,龍德造船,10,0,10,群益金鼎-三民,2024-04-23,9188
1611,中電,9,0,9,群益金鼎-三民,2024-04-23,9188
1440,南紡,53,44,9,群益金鼎-三民,2024-04-23,9188
2359,所羅門,11,2,9,群益金鼎-三民,2024-04-23,9188
00751B,元大AAA至A公司債,11,2,9,群益金鼎-三民,2024-04-23,9188
1301,台塑,9,1,8,群益金鼎-三民,2024-04-23,9188
2374,佳能,62,54,8,群益金鼎-三民,2024-04-23,9188
8046,南電,8,0,8,群益金鼎-三民,2024-04-23,9188
6161,捷波,8,0,8,群益金鼎-三民,2024-04-23,9188
00679B,元大美債20年,34,26,8,群益金鼎-三民,2024-04-23,9188
3623,富晶通,8,0,8,群益金鼎-三民,2024-04-23,9188
2382,廣達,14,7,7,群益金鼎-三民,2024-04-23,9188
2301,光寶科,10,4,6,群益金鼎-三民,2024-04-23,9188
2888,新光金,578,1,577,群益金鼎-三民,2024-04-24,9188
00632R,元大台灣50反1,200,22,178,群益金鼎-三民,2024-04-24,9188
2611,志信,159,2,157,群益金鼎-三民,2024-04-24,9188
00687B,國泰20年美債,91,0,91,群益金鼎-三民,2024-04-24,9188
00919,群益台灣精選高息,80,11,69,群益金鼎-三民,2024-04-24,9188
3289,宜特,69,2,67,群益金鼎-三民,2024-04-24,9188
2515,中工,118,66,52,群益金鼎-三民,2024-04-24,9188
2409,友達,110,62,48,群益金鼎-三民,2024-04-24,9188
3312,弘憶股,43,0,43,群益金鼎-三民,2024-04-24,9188
2504,國產,61,23,38,群益金鼎-三民,2024-04-24,9188
3703,欣陸,49,14,35,群益金鼎-三民,2024-04-24,9188
1612,宏泰,51,17,34,群益金鼎-三民,2024-04-24,9188
2102,泰豐,27,0,27,群益金鼎-三民,2024-04-24,9188
00679B,元大美債20年,107,80,27,群益金鼎-三民,2024-04-24,9188
2886,兆豐金,26,0,26,群益金鼎-三民,2024-04-24,9188
6005,群益證,308,282,26,群益金鼎-三民,2024-04-24,9188
2851,中再保,66,40,26,群益金鼎-三民,2024-04-24,9188
2536,宏普,22,0,22,群益金鼎-三民,2024-04-24,9188
00878,國泰永續高股息,22,1,21,群益金鼎-三民,2024-04-24,9188
00664R,國泰臺灣加權反1,21,0,21,群益金鼎-三民,2024-04-24,9188
8085,福華,28,7,21,群益金鼎-三民,2024-04-24,9188
8069,元太,20,0,20,群益金鼎-三民,2024-04-24,9188
4109,加捷生醫,20,0,20,群益金鼎-三民,2024-04-24,9188
5347,世界,24,4,20,群益金鼎-三民,2024-04-24,9188
2834,臺企銀,24,5,19,群益金鼎-三民,2024-04-24,9188
5521,工信,23,4,19,群益金鼎-三民,2024-04-24,9188
2353,宏��,20,3,17,群益金鼎-三民,2024-04-24,9188
5425,台半,17,0,17,群益金鼎-三民,2024-04-24,9188
3715,定穎投控,29,12,17,群益金鼎-三民,2024-04-24,9188
3060,銘異,29,13,16,群益金鼎-三民,2024-04-24,9188
3481,群創,29,13,16,群益金鼎-三民,2024-04-24,9188
2867,三商壽,26,10,16,群益金鼎-三民,2024-04-24,9188
2637,慧洋-KY,20,4,16,群益金鼎-三民,2024-04-24,9188
2464,盟立,22,6,16,群益金鼎-三民,2024-04-24,9188
2352,佳世達,17,2,15,群益金鼎-三民,2024-04-24,9188
2363,矽統,23,9,14,群益金鼎-三民,2024-04-24,9188
2105,正新,14,0,14,群益金鼎-三民,2024-04-24,9188
2891,中信金,15,2,13,群益金鼎-三民,2024-04-24,9188
5522,遠雄,13,0,13,群益金鼎-三民,2024-04-24,9188
6695,芯鼎,12,0,12,群益金鼎-三民,2024-04-24,9188
3045,台灣大,12,0,12,群益金鼎-三民,2024-04-24,9188
3059,華晶科,13,1,12,群益金鼎-三民,2024-04-24,9188
2520,冠德,14,3,11,群益金鼎-三民,2024-04-24,9188
2913,農林,11,0,11,群益金鼎-三民,2024-04-24,9188
00680L,元大美債20正2,10,0,10,群益金鼎-三民,2024-04-24,9188
9935,慶豐富,10,0,10,群益金鼎-三民,2024-04-24,9188
6226,光鼎,10,0,10,群益金鼎-三民,2024-04-24,9188
2501,國建,39,29,10,群益金鼎-三民,2024-04-24,9188
1725,元禎,10,0,10,群益金鼎-三民,2024-04-24,9188
5498,凱崴,10,0,10,群益金鼎-三民,2024-04-24,9188
2515,中工,377,149,228,群益金鼎-三民,2024-04-25,9188
00687B,國泰20年美債,121,0,121,群益金鼎-三民,2024-04-25,9188
2885,元大金,102,0,102,群益金鼎-三民,2024-04-25,9188
2888,新光金,102,0,102,群益金鼎-三民,2024-04-25,9188
00940,元大台灣價值高息,98,4,94,群益金鼎-三民,2024-04-25,9188
00939,統一台灣高息動能,79,5,74,群益金鼎-三民,2024-04-25,9188
00929,復華台灣科技優息,96,35,61,群益金鼎-三民,2024-04-25,9188
00753L,中信中國50正2,56,4,52,群益金鼎-三民,2024-04-25,9188
00937B,群益ESG投等債20,62,13,49,群益金鼎-三民,2024-04-25,9188
2303,聯電,49,11,38,群益金鼎-三民,2024-04-25,9188
00720B,元大投資級公司債,37,0,37,群益金鼎-三民,2024-04-25,9188
4714,永捷,35,0,35,群益金鼎-三民,2024-04-25,9188
6005,群益證,35,2,33,群益金鼎-三民,2024-04-25,9188
3013,晟銘電,157,124,33,群益金鼎-三民,2024-04-25,9188
1110,東泥,33,3,30,群益金鼎-三民,2024-04-25,9188
4109,加捷生醫,30,0,30,群益金鼎-三民,2024-04-25,9188
8936,國統,63,34,29,群益金鼎-三民,2024-04-25,9188
3715,定穎投控,36,7,29,群益金鼎-三民,2024-04-25,9188
3289,宜特,28,0,28,群益金鼎-三民,2024-04-25,9188
2834,臺企銀,32,4,28,群益金鼎-三民,2024-04-25,9188
6139,亞翔,24,1,23,群益金鼎-三民,2024-04-25,9188
2506,太設,23,1,22,群益金鼎-三民,2024-04-25,9188
2836,高雄銀,20,0,20,群益金鼎-三民,2024-04-25,9188
2838,聯邦銀,20,0,20,群益金鼎-三民,2024-04-25,9188
00637L,元大滬深300正2,20,0,20,群益金鼎-三民,2024-04-25,9188
2359,所羅門,24,6,18,群益金鼎-三民,2024-04-25,9188
00878,國泰永續高股息,169,151,18,群益金鼎-三民,2024-04-25,9188
2101,南港,23,6,17,群益金鼎-三民,2024-04-25,9188
00680L,元大美債20正2,17,0,17,群益金鼎-三民,2024-04-25,9188
00933B,國泰10Y+金融債,17,0,17,群益金鼎-三民,2024-04-25,9188
1504,東元,18,1,17,群益金鼎-三民,2024-04-25,9188
1101,台泥,17,1,16,群益金鼎-三民,2024-04-25,9188
1605,華新,17,1,16,群益金鼎-三民,2024-04-25,9188
6016,康和證,15,0,15,群益金鼎-三民,2024-04-25,9188
1314,中石化,17,2,15,群益金鼎-三民,2024-04-25,9188
1612,宏泰,28,14,14,群益金鼎-三民,2024-04-25,9188
00679B,元大美債20年,74,60,14,群益金鼎-三民,2024-04-25,9188
2441,超豐,14,0,14,群益金鼎-三民,2024-04-25,9188
2883,凱基金,14,0,14,群益金鼎-三民,2024-04-25,9188
2362,藍天,15,1,14,群益金鼎-三民,2024-04-25,9188
00927,群益半導體收益,14,0,14,群益金鼎-三民,2024-04-25,9188
2892,第一金,13,0,13,群益金鼎-三民,2024-04-25,9188
2882,國泰金,12,0,12,群益金鼎-三民,2024-04-25,9188
3605,宏致,12,0,12,群益金鼎-三民,2024-04-25,9188
8070,長華*,23,11,12,群益金鼎-三民,2024-04-25,9188
00919,群益台灣精選高息,38,27,11,群益金鼎-三民,2024-04-25,9188
1616,億泰,11,0,11,群益金鼎-三民,2024-04-25,9188
3338,泰碩,18,7,11,群益金鼎-三民,2024-04-25,9188
2330,台積電,16,5,11,群益金鼎-三民,2024-04-25,9188
3297,杭特,24,14,10,群益金鼎-三民,2024-04-25,9188
00632R,元大台灣50反1,306,110,196,群益金鼎-三民,2024-04-26,9188
3605,宏致,145,0,145,群益金鼎-三民,2024-04-26,9188
00937B,群益ESG投等債20,130,5,125,群益金鼎-三民,2024-04-26,9188
2515,中工,248,125,123,群益金鼎-三民,2024-04-26,9188
2892,第一金,115,0,115,群益金鼎-三民,2024-04-26,9188
00929,復華台灣科技優息,93,1,92,群益金鼎-三民,2024-04-26,9188
00687B,國泰20年美債,91,0,91,群益金鼎-三民,2024-04-26,9188
1413,宏洲,80,0,80,群益金鼎-三民,2024-04-26,9188
2101,南港,63,8,55,群益金鼎-三民,2024-04-26,9188
2881,富邦金,77,24,53,群益金鼎-三民,2024-04-26,9188
3048,益登,46,0,46,群益金鼎-三民,2024-04-26,9188
1609,大亞,78,34,44,群益金鼎-三民,2024-04-26,9188
00940,元大台灣價值高息,51,11,40,群益金鼎-三民,2024-04-26,9188
00878,國泰永續高股息,92,53,39,群益金鼎-三民,2024-04-26,9188
2363,矽統,43,8,35,群益金鼎-三民,2024-04-26,9188
00679B,元大美債20年,115,80,35,群益金鼎-三民,2024-04-26,9188
6266,泰詠,33,0,33,群益金鼎-三民,2024-04-26,9188
6213,聯茂,72,42,30,群益金鼎-三民,2024-04-26,9188
3071,協禧,28,0,28,群益金鼎-三民,2024-04-26,9188
1467,南緯,26,0,26,群益金鼎-三民,2024-04-26,9188
1101,台泥,26,2,24,群益金鼎-三民,2024-04-26,9188
5230,雷笛克光學,38,16,22,群益金鼎-三民,2024-04-26,9188
5880,合庫金,21,0,21,群益金鼎-三民,2024-04-26,9188
2880,華南金,21,1,20,群益金鼎-三民,2024-04-26,9188
2303,聯電,31,11,20,群益金鼎-三民,2024-04-26,9188
2547,日勝生,30,12,18,群益金鼎-三民,2024-04-26,9188
3706,神達,25,8,17,群益金鼎-三民,2024-04-26,9188
5443,均豪,17,2,15,群益金鼎-三民,2024-04-26,9188
2352,佳世達,15,0,15,群益金鼎-三民,2024-04-26,9188
2615,萬海,35,20,15,群益金鼎-三民,2024-04-26,9188
00680L,元大美債20正2,15,0,15,群益金鼎-三民,2024-04-26,9188
3260,威剛,15,0,15,群益金鼎-三民,2024-04-26,9188
1513,中興電,20,7,13,群益金鼎-三民,2024-04-26,9188
1618,合機,19,7,12,群益金鼎-三民,2024-04-26,9188
1608,華榮,35,23,12,群益金鼎-三民,2024-04-26,9188
6124,業強,12,0,12,群益金鼎-三民,2024-04-26,9188
00941,中信上游半導體,11,0,11,群益金鼎-三民,2024-04-26,9188
2886,兆豐金,11,0,11,群益金鼎-三民,2024-04-26,9188
1102,亞泥,10,0,10,群益金鼎-三民,2024-04-26,9188
8044,網家,10,0,10,群益金鼎-三民,2024-04-26,9188
1414,東和,10,0,10,群益金鼎-三民,2024-04-26,9188
6005,群益證,13,3,10,群益金鼎-三民,2024-04-26,9188
2102,泰豐,11,1,10,群益金鼎-三民,2024-04-26,9188
5905,南仁湖,10,0,10,群益金鼎-三民,2024-04-26,9188
2891,中信金,10,0,10,群益金鼎-三民,2024-04-26,9188
2329,華泰,30,21,9,群益金鼎-三民,2024-04-26,9188
00933B,國泰10Y+金融債,11,2,9,群益金鼎-三民,2024-04-26,9188
00720B,元大投資級公司債,9,0,9,群益金鼎-三民,2024-04-26,9188
5871,中租-KY,10,1,9,群益金鼎-三民,2024-04-26,9188
6125,廣運,56,47,9,群益金鼎-三民,2024-04-26,9188
2515,中工,373,153,220,群益金鼎-三民,2024-04-29,9188
2618,長榮航,133,23,110,群益金鼎-三民,2024-04-29,9188
00632R,元大台灣50反1,175,72,103,群益金鼎-三民,2024-04-29,9188
2897,王道銀行,100,2,98,群益金鼎-三民,2024-04-29,9188
2845,遠東銀,172,76,96,群益金鼎-三民,2024-04-29,9188
5512,力麒,132,42,90,群益金鼎-三民,2024-04-29,9188
00687B,國泰20年美債,92,2,90,群益金鼎-三民,2024-04-29,9188
6215,和椿,146,61,85,群益金鼎-三民,2024-04-29,9188
3605,宏致,90,6,84,群益金鼎-三民,2024-04-29,9188
2851,中再保,80,0,80,群益金鼎-三民,2024-04-29,9188
0056,元大高股息,50,7,43,群益金鼎-三民,2024-04-29,9188
2323,中環,119,82,37,群益金鼎-三民,2024-04-29,9188
5230,雷笛克光學,37,4,33,群益金鼎-三民,2024-04-29,9188
1316,上曜,55,23,32,群益金鼎-三民,2024-04-29,9188
2888,新光金,43,11,32,群益金鼎-三民,2024-04-29,9188
00679B,元大美債20年,43,11,32,群益金鼎-三民,2024-04-29,9188
1612,宏泰,32,2,30,群益金鼎-三民,2024-04-29,9188
2605,新興,29,5,24,群益金鼎-三民,2024-04-29,9188
3686,達能,24,0,24,群益金鼎-三民,2024-04-29,9188
2528,皇普,22,0,22,群益金鼎-三民,2024-04-29,9188
5213,亞昕,20,0,20,群益金鼎-三民,2024-04-29,9188
2610,華航,41,22,19,群益金鼎-三民,2024-04-29,9188
00674R,期元大S＆P黃金反1,19,0,19,群益金鼎-三民,2024-04-29,9188
1201,味全,18,0,18,群益金鼎-三民,2024-04-29,9188
6217,中探針,16,0,16,群益金鼎-三民,2024-04-29,9188
2101,南港,52,37,15,群益金鼎-三民,2024-04-29,9188
5529,鉅陞,15,0,15,群益金鼎-三民,2024-04-29,9188
1473,台南,16,1,15,群益金鼎-三民,2024-04-29,9188
3048,益登,15,0,15,群益金鼎-三民,2024-04-29,9188
4716,大立,15,0,15,群益金鼎-三民,2024-04-29,9188
4906,正文,14,0,14,群益金鼎-三民,2024-04-29,9188
3260,威剛,14,0,14,群益金鼎-三民,2024-04-29,9188
2449,京元電子,29,16,13,群益金鼎-三民,2024-04-29,9188
3481,群創,27,14,13,群益金鼎-三民,2024-04-29,9188
3312,弘憶股,18,6,12,群益金鼎-三民,2024-04-29,9188
00664R,國泰臺灣加權反1,16,5,11,群益金鼎-三民,2024-04-29,9188
2506,太設,11,0,11,群益金鼎-三民,2024-04-29,9188
2383,台光電,21,10,11,群益金鼎-三民,2024-04-29,9188
00878,國泰永續高股息,55,45,10,群益金鼎-三民,2024-04-29,9188
1301,台塑,10,0,10,群益金鼎-三民,2024-04-29,9188
2009,第一銅,36,26,10,群益金鼎-三民,2024-04-29,9188
6266,泰詠,10,0,10,群益金鼎-三民,2024-04-29,9188
9105,泰金寶-DR,10,0,10,群益金鼎-三民,2024-04-29,9188
1101,台泥,17,7,10,群益金鼎-三民,2024-04-29,9188
2530,華建,10,0,10,群益金鼎-三民,2024-04-29,9188
8215,明基材,10,0,10,群益金鼎-三民,2024-04-29,9188
4908,前鼎,13,3,10,群益金鼎-三民,2024-04-29,9188
1609,大亞,22,13,9,群益金鼎-三民,2024-04-29,9188
1442,名軒,9,0,9,群益金鼎-三民,2024-04-29,9188
5905,南仁湖,10,1,9,群益金鼎-三民,2024-04-29,9188
00632R,元大台灣50反1,809,70,739,群益金鼎-三民,2024-04-30,9188
2515,中工,253,30,223,群益金鼎-三民,2024-04-30,9188
2888,新光金,137,3,134,群益金鼎-三民,2024-04-30,9188
2880,華南金,132,12,120,群益金鼎-三民,2024-04-30,9188
00687B,國泰20年美債,74,1,73,群益金鼎-三民,2024-04-30,9188
8096,擎亞,93,25,68,群益金鼎-三民,2024-04-30,9188
3605,宏致,64,0,64,群益金鼎-三民,2024-04-30,9188
1445,大宇,72,9,63,群益金鼎-三民,2024-04-30,9188
3046,建��,60,0,60,群益金鼎-三民,2024-04-30,9188
1321,大洋,60,0,60,群益金鼎-三民,2024-04-30,9188
8038,長園科,40,1,39,群益金鼎-三民,2024-04-30,9188
2489,瑞軒,39,1,38,群益金鼎-三民,2024-04-30,9188
8110,華東,37,1,36,群益金鼎-三民,2024-04-30,9188
00878,國泰永續高股息,119,88,31,群益金鼎-三民,2024-04-30,9188
4714,永捷,31,0,31,群益金鼎-三民,2024-04-30,9188
5522,遠雄,30,0,30,群益金鼎-三民,2024-04-30,9188
3481,群創,40,10,30,群益金鼎-三民,2024-04-30,9188
2834,臺企銀,30,2,28,群益金鼎-三民,2024-04-30,9188
1815,富喬,52,27,25,群益金鼎-三民,2024-04-30,9188
2610,華航,39,15,24,群益金鼎-三民,2024-04-30,9188
1436,華友聯,23,0,23,群益金鼎-三民,2024-04-30,9188
3450,聯鈞,20,0,20,群益金鼎-三民,2024-04-30,9188
3038,全台,20,0,20,群益金鼎-三民,2024-04-30,9188
6113,亞矽,23,3,20,群益金鼎-三民,2024-04-30,9188
00929,復華台灣科技優息,70,50,20,群益金鼎-三民,2024-04-30,9188
2363,矽統,135,116,19,群益金鼎-三民,2024-04-30,9188
1712,興農,19,0,19,群益金鼎-三民,2024-04-30,9188
5531,鄉林,21,2,19,群益金鼎-三民,2024-04-30,9188
3266,昇陽,24,5,19,群益金鼎-三民,2024-04-30,9188
2891,中信金,54,35,19,群益金鼎-三民,2024-04-30,9188
6509,聚和,19,3,16,群益金鼎-三民,2024-04-30,9188
6116,彩晶,20,4,16,群益金鼎-三民,2024-04-30,9188
2312,金寶,15,0,15,群益金鼎-三民,2024-04-30,9188
2449,京元電子,14,0,14,群益金鼎-三民,2024-04-30,9188
5457,宣德,15,1,14,群益金鼎-三民,2024-04-30,9188
3231,緯創,15,3,12,群益金鼎-三民,2024-04-30,9188
1108,幸福,12,0,12,群益金鼎-三民,2024-04-30,9188
2352,佳世達,11,0,11,群益金鼎-三民,2024-04-30,9188
6548,長科*,12,1,11,群益金鼎-三民,2024-04-30,9188
2885,元大金,33,22,11,群益金鼎-三民,2024-04-30,9188
1101,台泥,63,53,10,群益金鼎-三民,2024-04-30,9188
2851,中再保,10,0,10,群益金鼎-三民,2024-04-30,9188
2882,國泰金,21,11,10,群益金鼎-三民,2024-04-30,9188
1725,元禎,25,15,10,群益金鼎-三民,2024-04-30,9188
2369,菱生,10,0,10,群益金鼎-三民,2024-04-30,9188
2302,麗正,10,0,10,群益金鼎-三民,2024-04-30,9188
2020,美亞,10,0,10,群益金鼎-三民,2024-04-30,9188
1473,台南,10,0,10,群益金鼎-三民,2024-04-30,9188
5213,亞昕,10,0,10,群益金鼎-三民,2024-04-30,9188
8404,百和興業-KY,10,0,10,群益金鼎-三民,2024-04-30,9188
00688L,國泰20年美債正2,506,0,506,群益金鼎-三民,2024-05-02,9188
00878,國泰永續高股息,518,176,342,群益金鼎-三民,2024-05-02,9188
1110,東泥,127,2,125,群益金鼎-三民,2024-05-02,9188
2611,志信,136,13,123,群益金鼎-三民,2024-05-02,9188
1321,大洋,110,0,110,群益金鼎-三民,2024-05-02,9188
5324,士開,100,0,100,群益金鼎-三民,2024-05-02,9188
2501,國建,132,34,98,群益金鼎-三民,2024-05-02,9188
1314,中石化,460,375,85,群益金鼎-三民,2024-05-02,9188
2888,新光金,114,31,83,群益金鼎-三民,2024-05-02,9188
00937B,群益ESG投等債20,93,19,74,群益金鼎-三民,2024-05-02,9188
1785,光洋科,63,0,63,群益金鼎-三民,2024-05-02,9188
4906,正文,63,0,63,群益金鼎-三民,2024-05-02,9188
4109,加捷生醫,51,0,51,群益金鼎-三民,2024-05-02,9188
00720B,元大投資級公司債,50,0,50,群益金鼎-三民,2024-05-02,9188
1605,華新,51,1,50,群益金鼎-三民,2024-05-02,9188
00919,群益台灣精選高息,57,16,41,群益金鼎-三民,2024-05-02,9188
3715,定穎投控,56,15,41,群益金鼎-三民,2024-05-02,9188
3481,群創,42,5,37,群益金鼎-三民,2024-05-02,9188
00679B,元大美債20年,57,24,33,群益金鼎-三民,2024-05-02,9188
2312,金寶,30,1,29,群益金鼎-三民,2024-05-02,9188
2515,中工,63,34,29,群益金鼎-三民,2024-05-02,9188
00687B,國泰20年美債,26,0,26,群益金鼎-三民,2024-05-02,9188
00940,元大台灣價值高息,52,27,25,群益金鼎-三民,2024-05-02,9188
6213,聯茂,24,1,23,群益金鼎-三民,2024-05-02,9188
3605,宏致,25,2,23,群益金鼎-三民,2024-05-02,9188
2891,中信金,91,68,23,群益金鼎-三民,2024-05-02,9188
2330,台積電,26,4,22,群益金鼎-三民,2024-05-02,9188
5522,遠雄,50,30,20,群益金鼎-三民,2024-05-02,9188
4533,協易機,25,5,20,群益金鼎-三民,2024-05-02,9188
1815,富喬,21,1,20,群益金鼎-三民,2024-05-02,9188
2883B,凱基金乙特,20,0,20,群益金鼎-三民,2024-05-02,9188
6125,廣運,19,0,19,群益金鼎-三民,2024-05-02,9188
1609,大亞,65,47,18,群益金鼎-三民,2024-05-02,9188
00680L,元大美債20正2,17,0,17,群益金鼎-三民,2024-05-02,9188
2352,佳世達,18,2,16,群益金鼎-三民,2024-05-02,9188
2401,凌陽,19,3,16,群益金鼎-三民,2024-05-02,9188
3557,嘉威,16,0,16,群益金鼎-三民,2024-05-02,9188
2603,長榮,18,3,15,群益金鼎-三民,2024-05-02,9188
1612,宏泰,27,13,14,群益金鼎-三民,2024-05-02,9188
2353,宏��,38,25,13,群益金鼎-三民,2024-05-02,9188
6266,泰詠,13,0,13,群益金鼎-三民,2024-05-02,9188
00882,中信中國高股息,12,0,12,群益金鼎-三民,2024-05-02,9188
2615,萬海,34,22,12,群益金鼎-三民,2024-05-02,9188
6024,群益期,12,0,12,群益金鼎-三民,2024-05-02,9188
5608,四維航,12,1,11,群益金鼎-三民,2024-05-02,9188
5213,亞昕,41,30,11,群益金鼎-三民,2024-05-02,9188
3041,揚智,10,0,10,群益金鼎-三民,2024-05-02,9188
4532,瑞智,10,0,10,群益金鼎-三民,2024-05-02,9188
4960,誠美材,10,0,10,群益金鼎-三民,2024-05-02,9188
8176,智捷,10,0,10,群益金鼎-三民,2024-05-02,9188
00891,中信關鍵半導體,317,0,317,群益金鼎-三民,2024-05-03,9188
00937B,群益ESG投等債20,295,8,287,群益金鼎-三民,2024-05-03,9188
00671R,富邦NASDAQ反1,205,3,202,群益金鼎-三民,2024-05-03,9188
00929,復華台灣科技優息,192,14,178,群益金鼎-三民,2024-05-03,9188
1321,大洋,162,0,162,群益金鼎-三民,2024-05-03,9188
1316,上曜,273,180,93,群益金鼎-三民,2024-05-03,9188
3605,宏致,77,1,76,群益金鼎-三民,2024-05-03,9188
3188,鑫龍騰,65,6,59,群益金鼎-三民,2024-05-03,9188
6120,達運,66,16,50,群益金鼎-三民,2024-05-03,9188
6770,力積電,84,36,48,群益金鼎-三民,2024-05-03,9188
2888,新光金,52,4,48,群益金鼎-三民,2024-05-03,9188
4109,加捷生醫,46,0,46,群益金鼎-三民,2024-05-03,9188
2867,三商壽,41,0,41,群益金鼎-三民,2024-05-03,9188
3715,定穎投控,39,1,38,群益金鼎-三民,2024-05-03,9188
1513,中興電,46,8,38,群益金鼎-三民,2024-05-03,9188
2887,台新金,55,21,34,群益金鼎-三民,2024-05-03,9188
2851,中再保,30,0,30,群益金鼎-三民,2024-05-03,9188
5522,遠雄,51,23,28,群益金鼎-三民,2024-05-03,9188
00632R,元大台灣50反1,30,3,27,群益金鼎-三民,2024-05-03,9188
2504,國產,36,12,24,群益金鼎-三民,2024-05-03,9188
9907,統一實,24,0,24,群益金鼎-三民,2024-05-03,9188
00687B,國泰20年美債,23,0,23,群益金鼎-三民,2024-05-03,9188
1110,東泥,22,0,22,群益金鼎-三民,2024-05-03,9188
2383,台光電,25,3,22,群益金鼎-三民,2024-05-03,9188
2913,農林,22,1,21,群益金鼎-三民,2024-05-03,9188
4167,松瑞藥,32,12,20,群益金鼎-三民,2024-05-03,9188
3673,TPK-KY,20,0,20,群益金鼎-三民,2024-05-03,9188
3013,晟銘電,27,7,20,群益金鼎-三民,2024-05-03,9188
00923,群益台ESG低碳50,20,1,19,群益金鼎-三民,2024-05-03,9188
1605,華新,22,3,19,群益金鼎-三民,2024-05-03,9188
2852,第一保,20,1,19,群益金鼎-三民,2024-05-03,9188
2892,第一金,19,0,19,群益金鼎-三民,2024-05-03,9188
1815,富喬,54,36,18,群益金鼎-三民,2024-05-03,9188
3231,緯創,26,9,17,群益金鼎-三民,2024-05-03,9188
00941,中信上游半導體,17,0,17,群益金鼎-三民,2024-05-03,9188
2329,華泰,26,10,16,群益金鼎-三民,2024-05-03,9188
2885,元大金,26,11,15,群益金鼎-三民,2024-05-03,9188
2501,國建,138,123,15,群益金鼎-三民,2024-05-03,9188
2331,精英,14,0,14,群益金鼎-三民,2024-05-03,9188
2545,皇翔,20,6,14,群益金鼎-三民,2024-05-03,9188
1440,南紡,13,0,13,群益金鼎-三民,2024-05-03,9188
1473,台南,15,2,13,群益金鼎-三民,2024-05-03,9188
2371,大同,55,42,13,群益金鼎-三民,2024-05-03,9188
2603,長榮,29,16,13,群益金鼎-三民,2024-05-03,9188
1582,信錦,15,3,12,群益金鼎-三民,2024-05-03,9188
00919,群益台灣精選高息,24,12,12,群益金鼎-三民,2024-05-03,9188
00795B,中信美國公債20年,12,0,12,群益金鼎-三民,2024-05-03,9188
2458,義隆,16,4,12,群益金鼎-三民,2024-05-03,9188
2009,第一銅,15,3,12,群益金鼎-三民,2024-05-03,9188
3236,千如,12,0,12,群益金鼎-三民,2024-05-03,9188
1605,華新,442,1,441,群益金鼎-三民,2024-05-06,9188
00764B,群益25年美債,400,0,400,群益金鼎-三民,2024-05-06,9188
00929,復華台灣科技優息,160,46,114,群益金鼎-三民,2024-05-06,9188
00937B,群益ESG投等債20,158,48,110,群益金鼎-三民,2024-05-06,9188
1110,東泥,94,0,94,群益金鼎-三民,2024-05-06,9188
1102,亞泥,100,6,94,群益金鼎-三民,2024-05-06,9188
5531,鄉林,175,88,87,群益金鼎-三民,2024-05-06,9188
00933B,國泰10Y+金融債,125,38,87,群益金鼎-三民,2024-05-06,9188
5522,遠雄,90,21,69,群益金鼎-三民,2024-05-06,9188
00857B,永豐20年美公債,60,1,59,群益金鼎-三民,2024-05-06,9188
2337,旺宏,58,0,58,群益金鼎-三民,2024-05-06,9188
2537,聯上發,56,2,54,群益金鼎-三民,2024-05-06,9188
00650L,復華香港正2,50,0,50,群益金鼎-三民,2024-05-06,9188
2618,長榮航,110,68,42,群益金鼎-三民,2024-05-06,9188
8033,雷虎,40,0,40,群益金鼎-三民,2024-05-06,9188
3605,宏致,38,0,38,群益金鼎-三民,2024-05-06,9188
2449,京元電子,52,16,36,群益金鼎-三民,2024-05-06,9188
9933,中鼎,33,1,32,群益金鼎-三民,2024-05-06,9188
5512,力麒,283,252,31,群益金鼎-三民,2024-05-06,9188
3038,全台,30,0,30,群益金鼎-三民,2024-05-06,9188
1440,南紡,30,0,30,群益金鼎-三民,2024-05-06,9188
1314,中石化,78,50,28,群益金鼎-三民,2024-05-06,9188
9904,寶成,42,18,24,群益金鼎-三民,2024-05-06,9188
6269,台郡,33,10,23,群益金鼎-三民,2024-05-06,9188
2417,圓剛,22,0,22,群益金鼎-三民,2024-05-06,9188
2611,志信,67,45,22,群益金鼎-三民,2024-05-06,9188
00679B,元大美債20年,29,7,22,群益金鼎-三民,2024-05-06,9188
2371,大同,26,5,21,群益金鼎-三民,2024-05-06,9188
2409,友達,20,0,20,群益金鼎-三民,2024-05-06,9188
8088,品安,21,2,19,群益金鼎-三民,2024-05-06,9188
2538,基泰,34,15,19,群益金鼎-三民,2024-05-06,9188
5347,世界,17,0,17,群益金鼎-三民,2024-05-06,9188
2520,冠德,32,15,17,群益金鼎-三民,2024-05-06,9188
2359,所羅門,26,9,17,群益金鼎-三民,2024-05-06,9188
5009,榮剛,17,1,16,群益金鼎-三民,2024-05-06,9188
00664R,國泰臺灣加權反1,16,0,16,群益金鼎-三民,2024-05-06,9188
00712,復華富時不動產,20,5,15,群益金鼎-三民,2024-05-06,9188
2501,國建,55,41,14,群益金鼎-三民,2024-05-06,9188
3564,其陽,15,1,14,群益金鼎-三民,2024-05-06,9188
6770,力積電,83,70,13,群益金鼎-三民,2024-05-06,9188
2504,國產,25,12,13,群益金鼎-三民,2024-05-06,9188
6274,台燿,24,11,13,群益金鼎-三民,2024-05-06,9188
2313,華通,13,0,13,群益金鼎-三民,2024-05-06,9188
2352,佳世達,15,3,12,群益金鼎-三民,2024-05-06,9188
1307,三芳,12,0,12,群益金鼎-三民,2024-05-06,9188
3645,達邁,12,0,12,群益金鼎-三民,2024-05-06,9188
2014,中鴻,11,0,11,群益金鼎-三民,2024-05-06,9188
6266,泰詠,12,1,11,群益金鼎-三民,2024-05-06,9188
2605,新興,13,2,11,群益金鼎-三民,2024-05-06,9188
2836,高雄銀,25,14,11,群益金鼎-三民,2024-05-06,9188
1612,宏泰,152,42,110,群益金鼎-三民,2024-05-07,9188
00688L,國泰20年美債正2,111,1,110,群益金鼎-三民,2024-05-07,9188
2897,王道銀行,100,0,100,群益金鼎-三民,2024-05-07,9188
3013,晟銘電,125,44,81,群益金鼎-三民,2024-05-07,9188
5213,亞昕,79,1,78,群益金鼎-三民,2024-05-07,9188
00632R,元大台灣50反1,83,9,74,群益金鼎-三民,2024-05-07,9188
00929,復華台灣科技優息,72,7,65,群益金鼎-三民,2024-05-07,9188
2344,華邦電,65,3,62,群益金鼎-三民,2024-05-07,9188
00933B,國泰10Y+金融債,89,29,60,群益金鼎-三民,2024-05-07,9188
2363,矽統,103,44,59,群益金鼎-三民,2024-05-07,9188
6005,群益證,66,10,56,群益金鼎-三民,2024-05-07,9188
00919,群益台灣精選高息,62,13,49,群益金鼎-三民,2024-05-07,9188
1102,亞泥,45,1,44,群益金鼎-三民,2024-05-07,9188
1608,華榮,137,98,39,群益金鼎-三民,2024-05-07,9188
2892,第一金,39,0,39,群益金鼎-三民,2024-05-07,9188
2887,台新金,47,10,37,群益金鼎-三民,2024-05-07,9188
2615,萬海,47,13,34,群益金鼎-三民,2024-05-07,9188
8926,台汽電,32,1,31,群益金鼎-三民,2024-05-07,9188
2614,東森,30,0,30,群益金鼎-三民,2024-05-07,9188
00940,元大台灣價值高息,154,126,28,群益金鼎-三民,2024-05-07,9188
1514,亞力,29,2,27,群益金鼎-三民,2024-05-07,9188
1609,大亞,34,9,25,群益金鼎-三民,2024-05-07,9188
5009,榮剛,25,0,25,群益金鼎-三民,2024-05-07,9188
2027,大成鋼,25,0,25,群益金鼎-三民,2024-05-07,9188
2611,志信,27,2,25,群益金鼎-三民,2024-05-07,9188
4906,正文,26,1,25,群益金鼎-三民,2024-05-07,9188
5515,建國,28,3,25,群益金鼎-三民,2024-05-07,9188
1717,長興,25,2,23,群益金鼎-三民,2024-05-07,9188
1905,華紙,23,0,23,群益金鼎-三民,2024-05-07,9188
5871,中租-KY,21,0,21,群益金鼎-三民,2024-05-07,9188
5512,力麒,25,4,21,群益金鼎-三民,2024-05-07,9188
1316,上曜,50,29,21,群益金鼎-三民,2024-05-07,9188
00878,國泰永續高股息,70,50,20,群益金鼎-三民,2024-05-07,9188
9907,統一實,20,0,20,群益金鼎-三民,2024-05-07,9188
2905,三商,20,0,20,群益金鼎-三民,2024-05-07,9188
6290,良維,32,13,19,群益金鼎-三民,2024-05-07,9188
2409,友達,19,0,19,群益金鼎-三民,2024-05-07,9188
2392,正崴,21,3,18,群益金鼎-三民,2024-05-07,9188
2365,昆盈,27,9,18,群益金鼎-三民,2024-05-07,9188
8234,新漢,25,8,17,群益金鼎-三民,2024-05-07,9188
1618,合機,18,2,16,群益金鼎-三民,2024-05-07,9188
2888,新光金,16,0,16,群益金鼎-三民,2024-05-07,9188
3052,夆典,16,0,16,群益金鼎-三民,2024-05-07,9188
3033,威健,30,15,15,群益金鼎-三民,2024-05-07,9188
2537,聯上發,17,1,16,群益金鼎-三民,2024-05-07,9188
9945,潤泰新,19,4,15,群益金鼎-三民,2024-05-07,9188
2504,國產,25,11,14,群益金鼎-三民,2024-05-07,9188
3596,智易,17,3,14,群益金鼎-三民,2024-05-07,9188
2543,皇昌,13,0,13,群益金鼎-三民,2024-05-07,9188
00936,台新永續高息中小,14,1,13,群益金鼎-三民,2024-05-07,9188
2618,長榮航,273,25,248,群益金鼎-三民,2024-05-08,9188
2834,臺企銀,200,0,200,群益金鼎-三民,2024-05-08,9188
1321,大洋,156,10,146,群益金鼎-三民,2024-05-08,9188
2892,第一金,100,10,90,群益金鼎-三民,2024-05-08,9188
2887,台新金,115,27,88,群益金鼎-三民,2024-05-08,9188
2851,中再保,90,15,75,群益金鼎-三民,2024-05-08,9188
1314,中石化,94,31,63,群益金鼎-三民,2024-05-08,9188
00632R,元大台灣50反1,156,103,53,群益金鼎-三民,2024-05-08,9188
6757,台灣虎航,54,3,51,群益金鼎-三民,2024-05-08,9188
00764B,群益25年美債,450,400,50,群益金鼎-三民,2024-05-08,9188
5871,中租-KY,58,8,50,群益金鼎-三民,2024-05-08,9188
6005,群益證,58,11,47,群益金鼎-三民,2024-05-08,9188
00878,國泰永續高股息,84,44,40,群益金鼎-三民,2024-05-08,9188
2324,仁寶,38,0,38,群益金鼎-三民,2024-05-08,9188
00940,元大台灣價值高息,74,40,34,群益金鼎-三民,2024-05-08,9188
2606,裕民,46,13,33,群益金鼎-三民,2024-05-08,9188
2317,鴻海,37,6,31,群益金鼎-三民,2024-05-08,9188
2867,三商壽,30,0,30,群益金鼎-三民,2024-05-08,9188
2101,南港,38,8,30,群益金鼎-三民,2024-05-08,9188
2609,陽明,85,58,27,群益金鼎-三民,2024-05-08,9188
9945,潤泰新,31,4,27,群益金鼎-三民,2024-05-08,9188
2603,長榮,30,6,24,群益金鼎-三民,2024-05-08,9188
3036,文曄,25,1,24,群益金鼎-三民,2024-05-08,9188
1808,潤隆,22,0,22,群益金鼎-三民,2024-05-08,9188
6120,達運,22,1,21,群益金鼎-三民,2024-05-08,9188
6161,捷波,20,0,20,群益金鼎-三民,2024-05-08,9188
1802,台玻,20,0,20,群益金鼎-三民,2024-05-08,9188
2208,台船,20,0,20,群益金鼎-三民,2024-05-08,9188
00919,群益台灣精選高息,20,1,19,群益金鼎-三民,2024-05-08,9188
4123,晟德,21,2,19,群益金鼎-三民,2024-05-08,9188
5015,華祺,19,1,18,群益金鼎-三民,2024-05-08,9188
2884,玉山金,21,3,18,群益金鼎-三民,2024-05-08,9188
8906,花王,17,0,17,群益金鼎-三民,2024-05-08,9188
1514,亞力,21,4,17,群益金鼎-三民,2024-05-08,9188
2537,聯上發,16,0,16,群益金鼎-三民,2024-05-08,9188
5880,合庫金,15,0,15,群益金鼎-三民,2024-05-08,9188
2365,昆盈,36,21,15,群益金鼎-三民,2024-05-08,9188
9927,泰銘,15,0,15,群益金鼎-三民,2024-05-08,9188
2543,皇昌,16,1,15,群益金鼎-三民,2024-05-08,9188
3702,大聯大,21,6,15,群益金鼎-三民,2024-05-08,9188
00650L,復華香港正2,13,0,13,群益金鼎-三民,2024-05-08,9188
1464,得力,18,5,13,群益金鼎-三民,2024-05-08,9188
1708,東鹼,35,22,13,群益金鼎-三民,2024-05-08,9188
4303,信立,18,5,13,群益金鼎-三民,2024-05-08,9188
1319,東陽,13,0,13,群益金鼎-三民,2024-05-08,9188
5386,青雲,12,0,12,群益金鼎-三民,2024-05-08,9188
3605,宏致,12,0,12,群益金鼎-三民,2024-05-08,9188
6139,亞翔,16,4,12,群益金鼎-三民,2024-05-08,9188
3306,鼎天,32,21,11,群益金鼎-三民,2024-05-08,9188
2409,友達,47,36,11,群益金鼎-三民,2024-05-08,9188
00946,群益科技高息成長,682,250,432,群益金鼎-三民,2024-05-09,9188
2618,長榮航,309,41,268,群益金鼎-三民,2024-05-09,9188
00919,群益台灣精選高息,237,48,189,群益金鼎-三民,2024-05-09,9188
00929,復華台灣科技優息,188,0,188,群益金鼎-三民,2024-05-09,9188
00688L,國泰20年美債正2,189,1,188,群益金鼎-三民,2024-05-09,9188
2892,第一金,152,1,151,群益金鼎-三民,2024-05-09,9188
6757,台灣虎航,146,11,135,群益金鼎-三民,2024-05-09,9188
00944,野村趨勢動能高息,84,2,82,群益金鼎-三民,2024-05-09,9188
1321,大洋,79,0,79,群益金鼎-三民,2024-05-09,9188
2611,志信,81,4,77,群益金鼎-三民,2024-05-09,9188
00937B,群益ESG投等債20,112,39,73,群益金鼎-三民,2024-05-09,9188
2887,台新金,71,0,71,群益金鼎-三民,2024-05-09,9188
00632R,元大台灣50反1,200,134,66,群益金鼎-三民,2024-05-09,9188
2537,聯上發,102,40,62,群益金鼎-三民,2024-05-09,9188
2329,華泰,49,1,48,群益金鼎-三民,2024-05-09,9188
2606,裕民,65,18,47,群益金鼎-三民,2024-05-09,9188
2427,三商電,46,0,46,群益金鼎-三民,2024-05-09,9188
2367,燿華,74,31,43,群益金鼎-三民,2024-05-09,9188
3645,達邁,40,0,40,群益金鼎-三民,2024-05-09,9188
00932,兆豐永續高息等權,40,0,40,群益金鼎-三民,2024-05-09,9188
2820,華票,39,0,39,群益金鼎-三民,2024-05-09,9188
00719B,元大美債1-3,39,0,39,群益金鼎-三民,2024-05-09,9188
2363,矽統,104,68,36,群益金鼎-三民,2024-05-09,9188
2888,新光金,61,26,35,群益金鼎-三民,2024-05-09,9188
5880,合庫金,35,0,35,群益金鼎-三民,2024-05-09,9188
00679B,元大美債20年,49,15,34,群益金鼎-三民,2024-05-09,9188
1612,宏泰,39,5,34,群益金鼎-三民,2024-05-09,9188
2884,玉山金,32,0,32,群益金鼎-三民,2024-05-09,9188
1216,統一,30,0,30,群益金鼎-三民,2024-05-09,9188
00764B,群益25年美債,479,450,29,群益金鼎-三民,2024-05-09,9188
1605,華新,33,5,28,群益金鼎-三民,2024-05-09,9188
2371,大同,63,35,28,群益金鼎-三民,2024-05-09,9188
8028,昇陽半導體,26,0,26,群益金鼎-三民,2024-05-09,9188
4949,有成精密,25,0,25,群益金鼎-三民,2024-05-09,9188
00712,復華富時不動產,25,0,25,群益金鼎-三民,2024-05-09,9188
6188,廣明,33,8,25,群益金鼎-三民,2024-05-09,9188
2834,臺企銀,24,0,24,群益金鼎-三民,2024-05-09,9188
3715,定穎投控,32,8,24,群益金鼎-三民,2024-05-09,9188
2344,華邦電,28,5,23,群益金鼎-三民,2024-05-09,9188
2885,元大金,24,2,22,群益金鼎-三民,2024-05-09,9188
00882,中信中國高股息,20,0,20,群益金鼎-三民,2024-05-09,9188
2838,聯邦銀,30,10,20,群益金鼎-三民,2024-05-09,9188
3231,緯創,29,11,18,群益金鼎-三民,2024-05-09,9188
00687B,國泰20年美債,18,0,18,群益金鼎-三民,2024-05-09,9188
1717,長興,18,0,18,群益金鼎-三民,2024-05-09,9188
9945,潤泰新,23,5,18,群益金鼎-三民,2024-05-09,9188
00915,凱基優選高股息30,18,0,18,群益金鼎-三民,2024-05-09,9188
3206,志豐,18,0,18,群益金鼎-三民,2024-05-09,9188
3036,文曄,21,4,17,群益金鼎-三民,2024-05-09,9188
2408,南亞科,17,0,17,群益金鼎-三民,2024-05-09,9188
00946,群益科技高息成長,777,401,376,群益金鼎-三民,2024-05-10,9188
00929,復華台灣科技優息,400,145,255,群益金鼎-三民,2024-05-10,9188
2633,台灣高鐵,180,1,179,群益金鼎-三民,2024-05-10,9188
2367,燿華,164,40,124,群益金鼎-三民,2024-05-10,9188
3605,宏致,95,0,95,群益金鼎-三民,2024-05-10,9188
00937B,群益ESG投等債20,167,80,87,群益金鼎-三民,2024-05-10,9188
2605,新興,77,11,66,群益金鼎-三民,2024-05-10,9188
00665L,富邦�琤肭磪囓�2,60,2,58,群益金鼎-三民,2024-05-10,9188
00891,中信關鍵半導體,57,0,57,群益金鼎-三民,2024-05-10,9188
1714,和桐,47,0,47,群益金鼎-三民,2024-05-10,9188
8234,新漢,41,3,38,群益金鼎-三民,2024-05-10,9188
00919,群益台灣精選高息,59,21,38,群益金鼎-三民,2024-05-10,9188
3046,建��,34,0,34,群益金鼎-三民,2024-05-10,9188
2371,大同,39,7,32,群益金鼎-三民,2024-05-10,9188
1314,中石化,31,0,31,群益金鼎-三民,2024-05-10,9188
3013,晟銘電,136,106,30,群益金鼎-三民,2024-05-10,9188
2528,皇普,30,0,30,群益金鼎-三民,2024-05-10,9188
2313,華通,59,32,27,群益金鼎-三民,2024-05-10,9188
2374,佳能,38,11,27,群益金鼎-三民,2024-05-10,9188
9945,潤泰新,30,4,26,群益金鼎-三民,2024-05-10,9188
00632R,元大台灣50反1,195,170,25,群益金鼎-三民,2024-05-10,9188
00940,元大台灣價值高息,41,17,24,群益金鼎-三民,2024-05-10,9188
1303,南亞,26,2,24,群益金鼎-三民,2024-05-10,9188
1504,東元,25,1,24,群益金鼎-三民,2024-05-10,9188
2515,中工,62,39,23,群益金鼎-三民,2024-05-10,9188
2809,京城銀,22,1,21,群益金鼎-三民,2024-05-10,9188
1605,華新,21,1,20,群益金鼎-三民,2024-05-10,9188
8105,凌巨,20,0,20,群益金鼎-三民,2024-05-10,9188
1321,大洋,20,0,20,群益金鼎-三民,2024-05-10,9188
2606,裕民,76,57,19,群益金鼎-三民,2024-05-10,9188
1609,大亞,30,11,19,群益金鼎-三民,2024-05-10,9188
2006,東和鋼鐵,20,1,19,群益金鼎-三民,2024-05-10,9188
1608,華榮,20,1,19,群益金鼎-三民,2024-05-10,9188
8112,至上,29,10,19,群益金鼎-三民,2024-05-10,9188
3715,定穎投控,18,0,18,群益金鼎-三民,2024-05-10,9188
00637L,元大滬深300正2,19,2,17,群益金鼎-三民,2024-05-10,9188
2409,友達,17,0,17,群益金鼎-三民,2024-05-10,9188
2501,國建,104,90,14,群益金鼎-三民,2024-05-10,9188
6161,捷波,15,1,14,群益金鼎-三民,2024-05-10,9188
3501,維熹,14,0,14,群益金鼎-三民,2024-05-10,9188
2201,裕隆,14,0,14,群益金鼎-三民,2024-05-10,9188
00687B,國泰20年美債,14,0,14,群益金鼎-三民,2024-05-10,9188
3583,辛耘,14,1,13,群益金鼎-三民,2024-05-10,9188
3231,緯創,22,9,13,群益金鼎-三民,2024-05-10,9188
3576,聯合再生,13,0,13,群益金鼎-三民,2024-05-10,9188
2421,建準,15,2,13,群益金鼎-三民,2024-05-10,9188
3706,神達,20,7,13,群益金鼎-三民,2024-05-10,9188
5508,永信建,13,1,12,群益金鼎-三民,2024-05-10,9188
3025,星通,12,0,12,群益金鼎-三民,2024-05-10,9188
2611,志信,19,7,12,群益金鼎-三民,2024-05-10,9188
2618,長榮航,448,46,402,群益金鼎-三民,2024-05-13,9188
00946,群益科技高息成長,758,428,330,群益金鼎-三民,2024-05-13,9188
00929,復華台灣科技優息,336,38,298,群益金鼎-三民,2024-05-13,9188
00671R,富邦NASDAQ反1,234,0,234,群益金鼎-三民,2024-05-13,9188
3305,昇貿,70,0,70,群益金鼎-三民,2024-05-13,9188
00940,元大台灣價值高息,62,10,52,群益金鼎-三民,2024-05-13,9188
2883,凱基金,62,13,49,群益金鼎-三民,2024-05-13,9188
1587,吉茂,58,10,48,群益金鼎-三民,2024-05-13,9188
2515,中工,97,62,35,群益金鼎-三民,2024-05-13,9188
00919,群益台灣精選高息,102,73,29,群益金鼎-三民,2024-05-13,9188
2313,華通,33,5,28,群益金鼎-三民,2024-05-13,9188
00637L,元大滬深300正2,30,2,28,群益金鼎-三民,2024-05-13,9188
1308,亞聚,26,0,26,群益金鼎-三民,2024-05-13,9188
2406,國碩,33,8,25,群益金鼎-三民,2024-05-13,9188
2374,佳能,67,42,25,群益金鼎-三民,2024-05-13,9188
3231,緯創,41,17,24,群益金鼎-三民,2024-05-13,9188
3376,新日興,29,7,22,群益金鼎-三民,2024-05-13,9188
00932,兆豐永續高息等權,21,0,21,群益金鼎-三民,2024-05-13,9188
2851,中再保,21,0,21,群益金鼎-三民,2024-05-13,9188
1795,美時,36,16,20,群益金鼎-三民,2024-05-13,9188
8112,至上,30,11,19,群益金鼎-三民,2024-05-13,9188
3363,上詮,26,7,19,群益金鼎-三民,2024-05-13,9188
2537,聯上發,20,1,19,群益金鼎-三民,2024-05-13,9188
2520,冠德,24,6,18,群益金鼎-三民,2024-05-13,9188
2501,國建,93,75,18,群益金鼎-三民,2024-05-13,9188
8937,合騏,18,0,18,群益金鼎-三民,2024-05-13,9188
6290,良維,17,0,17,群益金鼎-三民,2024-05-13,9188
00679B,元大美債20年,27,10,17,群益金鼎-三民,2024-05-13,9188
2834,臺企銀,23,6,17,群益金鼎-三民,2024-05-13,9188
2317,鴻海,23,7,16,群益金鼎-三民,2024-05-13,9188
2641,正德,71,54,17,群益金鼎-三民,2024-05-13,9188
3090,日電貿,16,1,15,群益金鼎-三民,2024-05-13,9188
4576,大銀微系統,15,0,15,群益金鼎-三民,2024-05-13,9188
2637,慧洋-KY,35,20,15,群益金鼎-三民,2024-05-13,9188
1321,大洋,35,21,14,群益金鼎-三民,2024-05-13,9188
00687B,國泰20年美債,13,0,13,群益金鼎-三民,2024-05-13,9188
5230,雷笛克光學,18,6,12,群益金鼎-三民,2024-05-13,9188
6016,康和證,12,0,12,群益金鼎-三民,2024-05-13,9188
1708,東鹼,44,32,12,群益金鼎-三民,2024-05-13,9188
2906,高林,14,2,12,群益金鼎-三民,2024-05-13,9188
6689,伊雲谷,11,0,11,群益金鼎-三民,2024-05-13,9188
00936,台新永續高息中小,11,0,11,群益金鼎-三民,2024-05-13,9188
8358,金居,22,11,11,群益金鼎-三民,2024-05-13,9188
4533,協易機,11,1,10,群益金鼎-三民,2024-05-13,9188
00712,復華富時不動產,20,10,10,群益金鼎-三民,2024-05-13,9188
00650L,復華香港正2,12,2,10,群益金鼎-三民,2024-05-13,9188
00664R,國泰臺灣加權反1,10,0,10,群益金鼎-三民,2024-05-13,9188
4714,永捷,13,3,10,群益金鼎-三民,2024-05-13,9188
3234,光環,10,0,10,群益金鼎-三民,2024-05-13,9188
4561,健椿,10,0,10,群益金鼎-三民,2024-05-13,9188
00937B,群益ESG投等債20,457,8,449,群益金鼎-三民,2024-05-14,9188
00632R,元大台灣50反1,373,50,323,群益金鼎-三民,2024-05-14,9188
00929,復華台灣科技優息,197,12,185,群益金鼎-三民,2024-05-14,9188
3260,威剛,60,1,59,群益金鼎-三民,2024-05-14,9188
00650L,復華香港正2,48,0,48,群益金鼎-三民,2024-05-14,9188
2405,輔信,59,12,47,群益金鼎-三民,2024-05-14,9188
1101,台泥,50,4,46,群益金鼎-三民,2024-05-14,9188
00665L,富邦�琤肭磪囓�2,46,2,44,群益金鼎-三民,2024-05-14,9188
1609,大亞,47,6,41,群益金鼎-三民,2024-05-14,9188
8112,至上,40,2,38,群益金鼎-三民,2024-05-14,9188
2515,中工,37,1,36,群益金鼎-三民,2024-05-14,9188
3231,緯創,44,10,34,群益金鼎-三民,2024-05-14,9188
1513,中興電,69,37,32,群益金鼎-三民,2024-05-14,9188
00857B,永豐20年美公債,31,0,31,群益金鼎-三民,2024-05-14,9188
1522,堤維西,101,71,30,群益金鼎-三民,2024-05-14,9188
2834,臺企銀,27,0,27,群益金鼎-三民,2024-05-14,9188
1815,富喬,32,6,26,群益金鼎-三民,2024-05-14,9188
3703,欣陸,28,2,26,群益金鼎-三民,2024-05-14,9188
00933B,國泰10Y+金融債,25,0,25,群益金鼎-三民,2024-05-14,9188
2353,宏��,84,59,25,群益金鼎-三民,2024-05-14,9188
00931B,統一美債20年,25,0,25,群益金鼎-三民,2024-05-14,9188
2014,中鴻,24,0,24,群益金鼎-三民,2024-05-14,9188
2615,萬海,256,233,23,群益金鼎-三民,2024-05-14,9188
2885,元大金,27,5,22,群益金鼎-三民,2024-05-14,9188
2374,佳能,92,70,22,群益金鼎-三民,2024-05-14,9188
00941,中信上游半導體,22,0,22,群益金鼎-三民,2024-05-14,9188
2884,玉山金,22,2,20,群益金鼎-三民,2024-05-14,9188
6266,泰詠,20,0,20,群益金鼎-三民,2024-05-14,9188
00764B,群益25年美債,489,470,19,群益金鼎-三民,2024-05-14,9188
2344,華邦電,20,2,18,群益金鼎-三民,2024-05-14,9188
6124,業強,18,0,18,群益金鼎-三民,2024-05-14,9188
00637L,元大滬深300正2,19,2,17,群益金鼎-三民,2024-05-14,9188
9945,潤泰新,20,3,17,群益金鼎-三民,2024-05-14,9188
2511,太子,18,1,17,群益金鼎-三民,2024-05-14,9188
6282,康舒,17,0,17,群益金鼎-三民,2024-05-14,9188
00919,群益台灣精選高息,52,36,16,群益金鼎-三民,2024-05-14,9188
8110,華東,18,2,16,群益金鼎-三民,2024-05-14,9188
3605,宏致,16,1,15,群益金鼎-三民,2024-05-14,9188
00664R,國泰臺灣加權反1,15,0,15,群益金鼎-三民,2024-05-14,9188
3481,群創,14,0,14,群益金鼎-三民,2024-05-14,9188
00878,國泰永續高股息,33,19,14,群益金鼎-三民,2024-05-14,9188
1321,大洋,21,7,14,群益金鼎-三民,2024-05-14,9188
4958,臻鼎-KY,14,1,13,群益金鼎-三民,2024-05-14,9188
8271,宇瞻,13,0,13,群益金鼎-三民,2024-05-14,9188
6770,力積電,15,3,12,群益金鼎-三民,2024-05-14,9188
2605,新興,55,43,12,群益金鼎-三民,2024-05-14,9188
2882,國泰金,15,4,11,群益金鼎-三民,2024-05-14,9188
1316,上曜,11,0,11,群益金鼎-三民,2024-05-14,9188
3188,鑫龍騰,10,0,10,群益金鼎-三民,2024-05-14,9188
1710,東聯,10,0,10,群益金鼎-三民,2024-05-14,9188
00937B,群益ESG投等債20,403,16,387,群益金鼎-三民,2024-05-15,9188
00929,復華台灣科技優息,329,42,287,群益金鼎-三民,2024-05-15,9188
00946,群益科技高息成長,900,773,127,群益金鼎-三民,2024-05-15,9188
00719B,元大美債1-3,125,0,125,群益金鼎-三民,2024-05-15,9188
2618,長榮航,138,25,113,群益金鼎-三民,2024-05-15,9188
2610,華航,104,5,99,群益金鼎-三民,2024-05-15,9188
6757,台灣虎航,100,6,94,群益金鼎-三民,2024-05-15,9188
00919,群益台灣精選高息,97,28,69,群益金鼎-三民,2024-05-15,9188
00878,國泰永續高股息,145,83,62,群益金鼎-三民,2024-05-15,9188
00664R,國泰臺灣加權反1,41,0,41,群益金鼎-三民,2024-05-15,9188
2611,志信,64,23,41,群益金鼎-三民,2024-05-15,9188
4533,協易機,47,11,36,群益金鼎-三民,2024-05-15,9188
2363,矽統,68,34,34,群益金鼎-三民,2024-05-15,9188
2630,亞航,34,2,32,群益金鼎-三民,2024-05-15,9188
2365,昆盈,43,11,32,群益金鼎-三民,2024-05-15,9188
00941,中信上游半導體,32,1,31,群益金鼎-三民,2024-05-15,9188
2603,長榮,46,17,29,群益金鼎-三民,2024-05-15,9188
2605,新興,69,41,28,群益金鼎-三民,2024-05-15,9188
3206,志豐,28,0,28,群益金鼎-三民,2024-05-15,9188
1609,大亞,57,30,27,群益金鼎-三民,2024-05-15,9188
2002,中鋼,28,1,27,群益金鼎-三民,2024-05-15,9188
00679B,元大美債20年,26,0,26,群益金鼎-三民,2024-05-15,9188
2101,南港,24,0,24,群益金鼎-三民,2024-05-15,9188
2501,國建,45,22,23,群益金鼎-三民,2024-05-15,9188
5469,瀚宇博,33,11,22,群益金鼎-三民,2024-05-15,9188
2329,華泰,21,0,21,群益金鼎-三民,2024-05-15,9188
1909,榮成,20,0,20,群益金鼎-三民,2024-05-15,9188
2867,三商壽,22,3,19,群益金鼎-三民,2024-05-15,9188
3047,訊舟,32,14,18,群益金鼎-三民,2024-05-15,9188
1618,合機,28,10,18,群益金鼎-三民,2024-05-15,9188
1717,長興,17,0,17,群益金鼎-三民,2024-05-15,9188
4562,穎漢,19,3,16,群益金鼎-三民,2024-05-15,9188
8213,志超,16,0,16,群益金鼎-三民,2024-05-15,9188
5531,鄉林,15,0,15,群益金鼎-三民,2024-05-15,9188
3090,日電貿,20,6,14,群益金鼎-三民,2024-05-15,9188
2387,精元,16,2,14,群益金鼎-三民,2024-05-15,9188
6517,保勝光學,22,8,14,群益金鼎-三民,2024-05-15,9188
1526,日馳,14,0,14,群益金鼎-三民,2024-05-15,9188
9958,世紀鋼,16,3,13,群益金鼎-三民,2024-05-15,9188
3605,宏致,14,1,13,群益金鼎-三民,2024-05-15,9188
5864,致和證,13,0,13,群益金鼎-三民,2024-05-15,9188
2486,一詮,30,17,13,群益金鼎-三民,2024-05-15,9188
6770,力積電,15,3,12,群益金鼎-三民,2024-05-15,9188
2645,長榮航太,12,1,11,群益金鼎-三民,2024-05-15,9188
00932,兆豐永續高息等權,11,0,11,群益金鼎-三民,2024-05-15,9188
2344,華邦電,20,9,11,群益金鼎-三民,2024-05-15,9188
4306,炎洲,10,0,10,群益金鼎-三民,2024-05-15,9188
2514,龍邦,10,0,10,群益金鼎-三民,2024-05-15,9188
2887,台新金,23,13,10,群益金鼎-三民,2024-05-15,9188
8390,金益鼎,10,0,10,群益金鼎-三民,2024-05-15,9188
00632R,元大台灣50反1,360,62,298,群益金鼎-三民,2024-05-16,9188
00891,中信關鍵半導體,232,2,230,群益金鼎-三民,2024-05-16,9188
4960,誠美材,107,0,107,群益金鼎-三民,2024-05-16,9188
3231,緯創,109,13,96,群益金鼎-三民,2024-05-16,9188
2440,太空梭,85,0,85,群益金鼎-三民,2024-05-16,9188
9945,潤泰新,176,93,83,群益金鼎-三民,2024-05-16,9188
1339,昭輝,81,0,81,群益金鼎-三民,2024-05-16,9188
2515,中工,183,106,77,群益金鼎-三民,2024-05-16,9188
2352,佳世達,73,0,73,群益金鼎-三民,2024-05-16,9188
2610,華航,185,128,57,群益金鼎-三民,2024-05-16,9188
2356,英業達,72,18,54,群益金鼎-三民,2024-05-16,9188
00665L,富邦�琤肭磪囓�2,50,0,50,群益金鼎-三民,2024-05-16,9188
2353,宏��,63,15,48,群益金鼎-三民,2024-05-16,9188
00937B,群益ESG投等債20,111,63,48,群益金鼎-三民,2024-05-16,9188
00944,野村趨勢動能高息,51,5,46,群益金鼎-三民,2024-05-16,9188
2382,廣達,79,34,45,群益金鼎-三民,2024-05-16,9188
00932,兆豐永續高息等權,45,0,45,群益金鼎-三民,2024-05-16,9188
6207,雷科,45,4,41,群益金鼎-三民,2024-05-16,9188
00852L,國泰美國道瓊正2,40,0,40,群益金鼎-三民,2024-05-16,9188
00719B,元大美債1-3,37,0,37,群益金鼎-三民,2024-05-16,9188
00680L,元大美債20正2,40,4,36,群益金鼎-三民,2024-05-16,9188
1608,華榮,52,17,35,群益金鼎-三民,2024-05-16,9188
8463,潤泰材,35,1,34,群益金鼎-三民,2024-05-16,9188
2851,中再保,32,0,32,群益金鼎-三民,2024-05-16,9188
8358,金居,58,32,26,群益金鼎-三民,2024-05-16,9188
3060,銘異,26,2,24,群益金鼎-三民,2024-05-16,9188
00830,國泰費城半導體,22,0,22,群益金鼎-三民,2024-05-16,9188
3490,單井,20,1,19,群益金鼎-三民,2024-05-16,9188
00878,國泰永續高股息,67,49,18,群益金鼎-三民,2024-05-16,9188
00637L,元大滬深300正2,20,3,17,群益金鼎-三民,2024-05-16,9188
4533,協易機,23,7,16,群益金鼎-三民,2024-05-16,9188
9907,統一實,16,0,16,群益金鼎-三民,2024-05-16,9188
6768,志強-KY,16,0,16,群益金鼎-三民,2024-05-16,9188
2903,遠百,15,0,15,群益金鼎-三民,2024-05-16,9188
00633L,富邦上証正2,15,0,15,群益金鼎-三民,2024-05-16,9188
8043,蜜望實,15,0,15,群益金鼎-三民,2024-05-16,9188
1522,堤維西,25,11,14,群益金鼎-三民,2024-05-16,9188
2349,錸德,20,6,14,群益金鼎-三民,2024-05-16,9188
5469,瀚宇博,15,2,13,群益金鼎-三民,2024-05-16,9188
8050,廣積,13,0,13,群益金鼎-三民,2024-05-16,9188
4532,瑞智,13,0,13,群益金鼎-三民,2024-05-16,9188
00647L,元大S＆P500正2,12,0,12,群益金鼎-三民,2024-05-16,9188
4128,中天,16,4,12,群益金鼎-三民,2024-05-16,9188
6658,聯策,11,0,11,群益金鼎-三民,2024-05-16,9188
1723,中碳,11,0,11,群益金鼎-三民,2024-05-16,9188
2301,光寶科,15,5,10,群益金鼎-三民,2024-05-16,9188
2630,亞航,12,2,10,群益金鼎-三民,2024-05-16,9188
1312,國喬,10,0,10,群益金鼎-三民,2024-05-16,9188
2023,燁輝,10,0,10,群益金鼎-三民,2024-05-16,9188
2801,彰銀,17,7,10,群益金鼎-三民,2024-05-16,9188
00929,復華台灣科技優息,477,6,471,群益金鼎-三民,2024-05-17,9188
2618,長榮航,266,73,193,群益金鼎-三民,2024-05-17,9188
00946,群益科技高息成長,856,665,191,群益金鼎-三民,2024-05-17,9188
2317,鴻海,199,13,186,群益金鼎-三民,2024-05-17,9188
00632R,元大台灣50反1,375,220,155,群益金鼎-三民,2024-05-17,9188
2409,友達,133,0,133,群益金鼎-三民,2024-05-17,9188
5512,力麒,132,4,128,群益金鼎-三民,2024-05-17,9188
5230,雷笛克光學,188,79,109,群益金鼎-三民,2024-05-17,9188
2356,英業達,96,7,89,群益金鼎-三民,2024-05-17,9188
2610,華航,169,88,81,群益金鼎-三民,2024-05-17,9188
9904,寶成,169,100,69,群益金鼎-三民,2024-05-17,9188
2017,官田鋼,65,0,65,群益金鼎-三民,2024-05-17,9188
2887,台新金,78,14,64,群益金鼎-三民,2024-05-17,9188
3363,上詮,68,12,56,群益金鼎-三民,2024-05-17,9188
2349,錸德,74,20,54,群益金鼎-三民,2024-05-17,9188
00878,國泰永續高股息,320,273,47,群益金鼎-三民,2024-05-17,9188
3033,威健,60,13,47,群益金鼎-三民,2024-05-17,9188
3576,聯合再生,68,23,45,群益金鼎-三民,2024-05-17,9188
6770,力積電,53,9,44,群益金鼎-三民,2024-05-17,9188
2883,凱基金,65,22,43,群益金鼎-三民,2024-05-17,9188
00940,元大台灣價值高息,44,1,43,群益金鼎-三民,2024-05-17,9188
2101,南港,38,6,32,群益金鼎-三民,2024-05-17,9188
2374,佳能,97,65,32,群益金鼎-三民,2024-05-17,9188
2002,中鋼,30,2,28,群益金鼎-三民,2024-05-17,9188
9945,潤泰新,39,12,27,群益金鼎-三民,2024-05-17,9188
8358,金居,27,1,26,群益金鼎-三民,2024-05-17,9188
2367,燿華,75,50,25,群益金鼎-三民,2024-05-17,9188
1321,大洋,25,0,25,群益金鼎-三民,2024-05-17,9188
1522,堤維西,29,4,25,群益金鼎-三民,2024-05-17,9188
2408,南亞科,24,0,24,群益金鼎-三民,2024-05-17,9188
00679B,元大美債20年,42,18,24,群益金鼎-三民,2024-05-17,9188
2406,國碩,27,3,24,群益金鼎-三民,2024-05-17,9188
1339,昭輝,20,0,20,群益金鼎-三民,2024-05-17,9188
2014,中鴻,19,1,18,群益金鼎-三民,2024-05-17,9188
6285,啟��,24,6,18,群益金鼎-三民,2024-05-17,9188
2489,瑞軒,59,41,18,群益金鼎-三民,2024-05-17,9188
1316,上曜,19,2,17,群益金鼎-三民,2024-05-17,9188
6257,矽格,20,4,16,群益金鼎-三民,2024-05-17,9188
3303,岱稜,17,3,14,群益金鼎-三民,2024-05-17,9188
5706,鳳凰,14,0,14,群益金鼎-三民,2024-05-17,9188
2527,宏璟,14,0,14,群益金鼎-三民,2024-05-17,9188
9907,統一實,14,0,14,群益金鼎-三民,2024-05-17,9188
2382,廣達,27,14,13,群益金鼎-三民,2024-05-17,9188
3231,緯創,32,19,13,群益金鼎-三民,2024-05-17,9188
3694,海華,14,2,12,群益金鼎-三民,2024-05-17,9188
2451,創見,12,0,12,群益金鼎-三民,2024-05-17,9188
2617,台航,35,24,11,群益金鼎-三民,2024-05-17,9188
5498,凱崴,12,1,11,群益金鼎-三民,2024-05-17,9188
5469,瀚宇博,11,0,11,群益金鼎-三民,2024-05-17,9188
2464,盟立,22,11,11,群益金鼎-三民,2024-05-17,9188
00929,復華台灣科技優息,270,48,222,群益金鼎-三民,2024-05-20,9188
2618,長榮航,138,24,114,群益金鼎-三民,2024-05-20,9188
3289,宜特,96,0,96,群益金鼎-三民,2024-05-20,9188
00940,元大台灣價值高息,145,72,73,群益金鼎-三民,2024-05-20,9188
00946,群益科技高息成長,1043,971,72,群益金鼎-三民,2024-05-20,9188
1605,華新,138,67,71,群益金鼎-三民,2024-05-20,9188
2367,燿華,157,101,56,群益金鼎-三民,2024-05-20,9188
9904,寶成,54,0,54,群益金鼎-三民,2024-05-20,9188
1710,東聯,60,10,50,群益金鼎-三民,2024-05-20,9188
2317,鴻海,63,17,46,群益金鼎-三民,2024-05-20,9188
2887,台新金,50,4,46,群益金鼎-三民,2024-05-20,9188
3313,斐成,42,0,42,群益金鼎-三民,2024-05-20,9188
1409,新纖,60,20,40,群益金鼎-三民,2024-05-20,9188
2374,佳能,56,18,38,群益金鼎-三民,2024-05-20,9188
00878,國泰永續高股息,162,124,38,群益金鼎-三民,2024-05-20,9188
2881,富邦金,50,15,35,群益金鼎-三民,2024-05-20,9188
3687,歐買尬,28,1,27,群益金鼎-三民,2024-05-20,9188
00930,永豐ESG低碳高息,26,0,26,群益金鼎-三民,2024-05-20,9188
6215,和椿,30,4,26,群益金鼎-三民,2024-05-20,9188
2356,英業達,52,27,25,群益金鼎-三民,2024-05-20,9188
2017,官田鋼,215,191,24,群益金鼎-三民,2024-05-20,9188
5009,榮剛,29,6,23,群益金鼎-三民,2024-05-20,9188
3715,定穎投控,30,8,22,群益金鼎-三民,2024-05-20,9188
9945,潤泰新,24,3,21,群益金鼎-三民,2024-05-20,9188
4960,誠美材,20,0,20,群益金鼎-三民,2024-05-20,9188
00679B,元大美債20年,19,0,19,群益金鼎-三民,2024-05-20,9188
2408,南亞科,26,7,19,群益金鼎-三民,2024-05-20,9188
3231,緯創,19,1,18,群益金鼎-三民,2024-05-20,9188
2885,元大金,18,0,18,群益金鼎-三民,2024-05-20,9188
8390,金益鼎,17,0,17,群益金鼎-三民,2024-05-20,9188
3090,日電貿,19,2,17,群益金鼎-三民,2024-05-20,9188
2329,華泰,17,0,17,群益金鼎-三民,2024-05-20,9188
2204,中華,23,7,16,群益金鼎-三民,2024-05-20,9188
2520,冠德,18,2,16,群益金鼎-三民,2024-05-20,9188
6757,台灣虎航,15,0,15,群益金鼎-三民,2024-05-20,9188
5351,鈺創,15,1,14,群益金鼎-三民,2024-05-20,9188
00713,元大台灣高息低波,14,0,14,群益金鼎-三民,2024-05-20,9188
2527,宏璟,14,0,14,群益金鼎-三民,2024-05-20,9188
3033,威健,17,3,14,群益金鼎-三民,2024-05-20,9188
1101,台泥,17,4,13,群益金鼎-三民,2024-05-20,9188
6005,群益證,15,2,13,群益金鼎-三民,2024-05-20,9188
2743,山富,18,5,13,群益金鼎-三民,2024-05-20,9188
4714,永捷,13,0,13,群益金鼎-三民,2024-05-20,9188
3017,奇鋐,17,4,13,群益金鼎-三民,2024-05-20,9188
2882,國泰金,39,26,13,群益金鼎-三民,2024-05-20,9188
1513,中興電,15,3,12,群益金鼎-三民,2024-05-20,9188
3363,上詮,26,15,11,群益金鼎-三民,2024-05-20,9188
2349,錸德,14,3,11,群益金鼎-三民,2024-05-20,9188
5251,天鉞電,11,0,11,群益金鼎-三民,2024-05-20,9188
3686,達能,11,1,10,群益金鼎-三民,2024-05-20,9188
00632R,元大台灣50反1,300,166,134,群益金鼎-三民,2024-05-21,9188
00919,群益台灣精選高息,98,7,91,群益金鼎-三民,2024-05-21,9188
2881,富邦金,92,3,89,群益金鼎-三民,2024-05-21,9188
2883,凱基金,87,4,83,群益金鼎-三民,2024-05-21,9188
2884,玉山金,105,23,82,群益金鼎-三民,2024-05-21,9188
00937B,群益ESG投等債20,135,57,78,群益金鼎-三民,2024-05-21,9188
2834,臺企銀,73,9,64,群益金鼎-三民,2024-05-21,9188
2354,鴻準,79,25,54,群益金鼎-三民,2024-05-21,9188
2374,佳能,82,29,53,群益金鼎-三民,2024-05-21,9188
2515,中工,95,44,51,群益金鼎-三民,2024-05-21,9188
2888,新光金,67,17,50,群益金鼎-三民,2024-05-21,9188
2880,華南金,55,8,47,群益金鼎-三民,2024-05-21,9188
5475,德宏,47,1,46,群益金鼎-三民,2024-05-21,9188
2838,聯邦銀,42,4,38,群益金鼎-三民,2024-05-21,9188
2317,鴻海,37,5,32,群益金鼎-三民,2024-05-21,9188
00650L,復華香港正2,32,0,32,群益金鼎-三民,2024-05-21,9188
5512,力麒,30,0,30,群益金鼎-三民,2024-05-21,9188
2537,聯上發,42,12,30,群益金鼎-三民,2024-05-21,9188
1608,華榮,71,41,30,群益金鼎-三民,2024-05-21,9188
2891,中信金,402,375,27,群益金鼎-三民,2024-05-21,9188
3289,宜特,27,0,27,群益金鼎-三民,2024-05-21,9188
2027,大成鋼,72,46,26,群益金鼎-三民,2024-05-21,9188
3044,健鼎,25,0,25,群益金鼎-三民,2024-05-21,9188
00878,國泰永續高股息,71,46,25,群益金鼎-三民,2024-05-21,9188
2482,連宇,23,0,23,群益金鼎-三民,2024-05-21,9188
2504,國產,22,0,22,群益金鼎-三民,2024-05-21,9188
00933B,國泰10Y+金融債,24,3,21,群益金鼎-三民,2024-05-21,9188
2511,太子,20,0,20,群益金鼎-三民,2024-05-21,9188
00679B,元大美債20年,19,0,19,群益金鼎-三民,2024-05-21,9188
2460,建通,21,2,19,群益金鼎-三民,2024-05-21,9188
1303,南亞,24,6,18,群益金鼎-三民,2024-05-21,9188
5392,能率,32,14,18,群益金鼎-三民,2024-05-21,9188
2603,長榮,23,6,17,群益金鼎-三民,2024-05-21,9188
2331,精英,21,4,17,群益金鼎-三民,2024-05-21,9188
2312,金寶,21,5,16,群益金鼎-三民,2024-05-21,9188
4533,協易機,32,17,15,群益金鼎-三民,2024-05-21,9188
1526,日馳,15,0,15,群益金鼎-三民,2024-05-21,9188
3059,華晶科,24,9,15,群益金鼎-三民,2024-05-21,9188
2363,矽統,29,14,15,群益金鼎-三民,2024-05-21,9188
2609,陽明,24,9,15,群益金鼎-三民,2024-05-21,9188
8071,能率網通,15,1,14,群益金鼎-三民,2024-05-21,9188
3033,威健,26,12,14,群益金鼎-三民,2024-05-21,9188
1101,台泥,14,1,13,群益金鼎-三民,2024-05-21,9188
4562,穎漢,22,9,13,群益金鼎-三民,2024-05-21,9188
2890,永豐金,15,2,13,群益金鼎-三民,2024-05-21,9188
3702,大聯大,14,1,13,群益金鼎-三民,2024-05-21,9188
6209,今國光,14,2,12,群益金鼎-三民,2024-05-21,9188
2855,統一證,12,0,12,群益金鼎-三民,2024-05-21,9188
00944,野村趨勢動能高息,12,0,12,群益金鼎-三民,2024-05-21,9188
2002,中鋼,12,0,12,群益金鼎-三民,2024-05-21,9188
00937B,群益ESG投等債20,369,0,369,群益金鼎-三民,2024-05-22,9188
3060,銘異,325,112,213,群益金鼎-三民,2024-05-22,9188
2867,三商壽,181,5,176,群益金鼎-三民,2024-05-22,9188
3013,晟銘電,199,69,130,群益金鼎-三民,2024-05-22,9188
00664R,國泰臺灣加權反1,120,0,120,群益金鼎-三民,2024-05-22,9188
3605,宏致,118,2,116,群益金鼎-三民,2024-05-22,9188
2884,玉山金,154,40,114,群益金鼎-三民,2024-05-22,9188
2897,王道銀行,100,0,100,群益金鼎-三民,2024-05-22,9188
00676R,富邦臺灣加權反1,100,0,100,群益金鼎-三民,2024-05-22,9188
2610,華航,88,5,83,群益金鼎-三民,2024-05-22,9188
00919,群益台灣精選高息,128,70,58,群益金鼎-三民,2024-05-22,9188
2002,中鋼,54,5,49,群益金鼎-三民,2024-05-22,9188
2369,菱生,56,14,42,群益金鼎-三民,2024-05-22,9188
2354,鴻準,47,6,41,群益金鼎-三民,2024-05-22,9188
2880,華南金,51,11,40,群益金鼎-三民,2024-05-22,9188
1303,南亞,40,0,40,群益金鼎-三民,2024-05-22,9188
3481,群創,47,9,38,群益金鼎-三民,2024-05-22,9188
6266,泰詠,36,0,36,群益金鼎-三民,2024-05-22,9188
3047,訊舟,49,15,34,群益金鼎-三民,2024-05-22,9188
1605,華新,41,10,31,群益金鼎-三民,2024-05-22,9188
2890,永豐金,31,0,31,群益金鼎-三民,2024-05-22,9188
4167,松瑞藥,31,1,30,群益金鼎-三民,2024-05-22,9188
9934,成霖,31,1,30,群益金鼎-三民,2024-05-22,9188
6546,正基,30,2,28,群益金鼎-三民,2024-05-22,9188
2365,昆盈,55,28,27,群益金鼎-三民,2024-05-22,9188
2367,燿華,58,32,26,群益金鼎-三民,2024-05-22,9188
2528,皇普,30,5,25,群益金鼎-三民,2024-05-22,9188
00753L,中信中國50正2,25,0,25,群益金鼎-三民,2024-05-22,9188
4543,萬在,27,3,24,群益金鼎-三民,2024-05-22,9188
3306,鼎天,22,0,22,群益金鼎-三民,2024-05-22,9188
2881,富邦金,23,2,21,群益金鼎-三民,2024-05-22,9188
2504,國產,22,1,21,群益金鼎-三民,2024-05-22,9188
2633,台灣高鐵,21,0,21,群益金鼎-三民,2024-05-22,9188
2250,IKKA-KY,23,3,20,群益金鼎-三民,2024-05-22,9188
3048,益登,20,0,20,群益金鼎-三民,2024-05-22,9188
3338,泰碩,29,10,19,群益金鼎-三民,2024-05-22,9188
00939,統一台灣高息動能,29,10,19,群益金鼎-三民,2024-05-22,9188
3339,泰谷,19,0,19,群益金鼎-三民,2024-05-22,9188
3540,曜越,23,4,19,群益金鼎-三民,2024-05-22,9188
2486,一詮,20,2,18,群益金鼎-三民,2024-05-22,9188
2312,金寶,34,16,18,群益金鼎-三民,2024-05-22,9188
6125,廣運,62,46,16,群益金鼎-三民,2024-05-22,9188
3176,基亞,17,1,16,群益金鼎-三民,2024-05-22,9188
4532,瑞智,16,1,15,群益金鼎-三民,2024-05-22,9188
6016,康和證,15,0,15,群益金鼎-三民,2024-05-22,9188
3312,弘憶股,23,9,14,群益金鼎-三民,2024-05-22,9188
3036,文曄,16,2,14,群益金鼎-三民,2024-05-22,9188
3706,神達,30,17,13,群益金鼎-三民,2024-05-22,9188
2420,新巨,24,11,13,群益金鼎-三民,2024-05-22,9188
4714,永捷,14,1,13,群益金鼎-三民,2024-05-22,9188
1605,華新,226,6,220,群益金鼎-三民,2024-05-23,9188
2324,仁寶,236,81,155,群益金鼎-三民,2024-05-23,9188
00632R,元大台灣50反1,246,112,134,群益金鼎-三民,2024-05-23,9188
2409,友達,101,5,96,群益金鼎-三民,2024-05-23,9188
6234,高僑,104,13,91,群益金鼎-三民,2024-05-23,9188
00919,群益台灣精選高息,164,77,87,群益金鼎-三民,2024-05-23,9188
8936,國統,70,0,70,群益金鼎-三民,2024-05-23,9188
2359,所羅門,122,58,64,群益金鼎-三民,2024-05-23,9188
2356,英業達,73,11,62,群益金鼎-三民,2024-05-23,9188
00936,台新永續高息中小,56,0,56,群益金鼎-三民,2024-05-23,9188
3576,聯合再生,51,0,51,群益金鼎-三民,2024-05-23,9188
2882,國泰金,56,7,49,群益金鼎-三民,2024-05-23,9188
2618,長榮航,82,34,48,群益金鼎-三民,2024-05-23,9188
2880,華南金,41,0,41,群益金鼎-三民,2024-05-23,9188
2495,普安,47,7,40,群益金鼎-三民,2024-05-23,9188
3013,晟銘電,63,24,39,群益金鼎-三民,2024-05-23,9188
4543,萬在,54,18,36,群益金鼎-三民,2024-05-23,9188
00753L,中信中國50正2,35,0,35,群益金鼎-三民,2024-05-23,9188
00946,群益科技高息成長,1019,984,35,群益金鼎-三民,2024-05-23,9188
1314,中石化,35,1,34,群益金鼎-三民,2024-05-23,9188
00944,野村趨勢動能高息,34,0,34,群益金鼎-三民,2024-05-23,9188
3090,日電貿,31,0,31,群益金鼎-三民,2024-05-23,9188
2367,燿華,61,31,30,群益金鼎-三民,2024-05-23,9188
2377,微星,33,8,25,群益金鼎-三民,2024-05-23,9188
6215,和椿,22,0,22,群益金鼎-三民,2024-05-23,9188
5392,能率,23,1,22,群益金鼎-三民,2024-05-23,9188
2887,台新金,27,6,21,群益金鼎-三民,2024-05-23,9188
5880,合庫金,20,0,20,群益金鼎-三民,2024-05-23,9188
5230,雷笛克光學,20,0,20,群益金鼎-三民,2024-05-23,9188
2630,亞航,32,13,19,群益金鼎-三民,2024-05-23,9188
6266,泰詠,25,6,19,群益金鼎-三民,2024-05-23,9188
3312,弘憶股,26,9,17,群益金鼎-三民,2024-05-23,9188
3605,宏致,26,10,16,群益金鼎-三民,2024-05-23,9188
00713,元大台灣高息低波,79,63,16,群益金鼎-三民,2024-05-23,9188
2834,臺企銀,16,0,16,群益金鼎-三民,2024-05-23,9188
9904,寶成,26,10,16,群益金鼎-三民,2024-05-23,9188
2867,三商壽,21,6,15,群益金鼎-三民,2024-05-23,9188
3231,緯創,30,15,15,群益金鼎-三民,2024-05-23,9188
2609,陽明,27,13,14,群益金鼎-三民,2024-05-23,9188
2354,鴻準,52,38,14,群益金鼎-三民,2024-05-23,9188
1101,台泥,20,7,13,群益金鼎-三民,2024-05-23,9188
2368,金像電,16,3,13,群益金鼎-三民,2024-05-23,9188
2883,凱基金,15,2,13,群益金鼎-三民,2024-05-23,9188
2515,中工,51,38,13,群益金鼎-三民,2024-05-23,9188
1734,杏輝,13,0,13,群益金鼎-三民,2024-05-23,9188
00665L,富邦�琤肭磪囓�2,13,0,13,群益金鼎-三民,2024-05-23,9188
2427,三商電,13,0,13,群益金鼎-三民,2024-05-23,9188
1815,富喬,141,129,12,群益金鼎-三民,2024-05-23,9188
2002,中鋼,22,10,12,群益金鼎-三民,2024-05-23,9188
6546,正基,14,2,12,群益金鼎-三民,2024-05-23,9188
00632R,元大台灣50反1,429,85,344,群益金鼎-三民,2024-05-24,9188
00937B,群益ESG投等債20,253,18,235,群益金鼎-三民,2024-05-24,9188
2606,裕民,207,0,207,群益金鼎-三民,2024-05-24,9188
2897,王道銀行,150,9,141,群益金鼎-三民,2024-05-24,9188
2344,華邦電,176,42,134,群益金鼎-三民,2024-05-24,9188
1321,大洋,105,15,90,群益金鼎-三民,2024-05-24,9188
2017,官田鋼,75,0,75,群益金鼎-三民,2024-05-24,9188
00933B,國泰10Y+金融債,100,27,73,群益金鼎-三民,2024-05-24,9188
2367,燿華,123,53,70,群益金鼎-三民,2024-05-24,9188
1587,吉茂,66,3,63,群益金鼎-三民,2024-05-24,9188
3363,上詮,77,18,59,群益金鼎-三民,2024-05-24,9188
1815,富喬,94,44,50,群益金鼎-三民,2024-05-24,9188
3706,神達,60,12,48,群益金鼎-三民,2024-05-24,9188
2495,普安,44,0,44,群益金鼎-三民,2024-05-24,9188
00712,復華富時不動產,43,0,43,群益金鼎-三民,2024-05-24,9188
2884,玉山金,95,55,40,群益金鼎-三民,2024-05-24,9188
3481,群創,74,36,38,群益金鼎-三民,2024-05-24,9188
6147,頎邦,47,13,34,群益金鼎-三民,2024-05-24,9188
1305,華夏,34,0,34,群益金鼎-三民,2024-05-24,9188
3338,泰碩,62,29,33,群益金鼎-三民,2024-05-24,9188
2885,元大金,32,0,32,群益金鼎-三民,2024-05-24,9188
2880,華南金,33,1,32,群益金鼎-三民,2024-05-24,9188
3059,華晶科,33,1,32,群益金鼎-三民,2024-05-24,9188
2371,大同,39,9,30,群益金鼎-三民,2024-05-24,9188
2002,中鋼,30,2,28,群益金鼎-三民,2024-05-24,9188
1314,中石化,28,0,28,群益金鼎-三民,2024-05-24,9188
9105,泰金寶-DR,30,3,27,群益金鼎-三民,2024-05-24,9188
8996,高力,25,3,22,群益金鼎-三民,2024-05-24,9188
5880,合庫金,21,0,21,群益金鼎-三民,2024-05-24,9188
5876,上海商銀,24,3,21,群益金鼎-三民,2024-05-24,9188
1809,中釉,34,14,20,群益金鼎-三民,2024-05-24,9188
3062,建漢,25,6,19,群益金鼎-三民,2024-05-24,9188
3234,光環,35,16,19,群益金鼎-三民,2024-05-24,9188
4562,穎漢,18,0,18,群益金鼎-三民,2024-05-24,9188
6770,力積電,19,2,17,群益金鼎-三民,2024-05-24,9188
2352,佳世達,57,40,17,群益金鼎-三民,2024-05-24,9188
2486,一詮,80,64,16,群益金鼎-三民,2024-05-24,9188
8110,華東,17,1,16,群益金鼎-三民,2024-05-24,9188
1303,南亞,16,0,16,群益金鼎-三民,2024-05-24,9188
6209,今國光,27,11,16,群益金鼎-三民,2024-05-24,9188
00936,台新永續高息中小,16,0,16,群益金鼎-三民,2024-05-24,9188
1810,和成,16,1,15,群益金鼎-三民,2024-05-24,9188
4935,茂林-KY,15,0,15,群益金鼎-三民,2024-05-24,9188
2101,南港,16,2,14,群益金鼎-三民,2024-05-24,9188
1503,士電,27,14,13,群益金鼎-三民,2024-05-24,9188
6190,萬泰科,17,4,13,群益金鼎-三民,2024-05-24,9188
3035,智原,14,1,13,群益金鼎-三民,2024-05-24,9188
8064,東捷,28,15,13,群益金鼎-三民,2024-05-24,9188
2882,國泰金,27,16,11,群益金鼎-三民,2024-05-24,9188
00637L,元大滬深300正2,13,2,11,群益金鼎-三民,2024-05-24,9188
3481,群創,436,42,394,群益金鼎-三民,2024-05-27,9188
00937B,群益ESG投等債20,313,0,313,群益金鼎-三民,2024-05-27,9188
2353,宏��,351,248,103,群益金鼎-三民,2024-05-27,9188
00632R,元大台灣50反1,444,359,85,群益金鼎-三民,2024-05-27,9188
3047,訊舟,155,84,71,群益金鼎-三民,2024-05-27,9188
3338,泰碩,85,23,62,群益金鼎-三民,2024-05-27,9188
1815,富喬,61,10,51,群益金鼎-三民,2024-05-27,9188
2867,三商壽,50,0,50,群益金鼎-三民,2024-05-27,9188
5498,凱崴,48,0,48,群益金鼎-三民,2024-05-27,9188
3059,華晶科,48,6,42,群益金鼎-三民,2024-05-27,9188
5469,瀚宇博,43,1,42,群益金鼎-三民,2024-05-27,9188
2605,新興,42,1,41,群益金鼎-三民,2024-05-27,9188
00929,復華台灣科技優息,192,154,38,群益金鼎-三民,2024-05-27,9188
2352,佳世達,51,13,38,群益金鼎-三民,2024-05-27,9188
2495,普安,65,33,32,群益金鼎-三民,2024-05-27,9188
2615,萬海,41,10,31,群益金鼎-三民,2024-05-27,9188
2915,潤泰全,30,0,30,群益金鼎-三民,2024-05-27,9188
6227,茂綸,37,9,28,群益金鼎-三民,2024-05-27,9188
2882,國泰金,60,32,28,群益金鼎-三民,2024-05-27,9188
2609,陽明,71,44,27,群益金鼎-三民,2024-05-27,9188
6546,正基,34,7,27,群益金鼎-三民,2024-05-27,9188
2324,仁寶,65,38,27,群益金鼎-三民,2024-05-27,9188
2834,臺企銀,39,15,24,群益金鼎-三民,2024-05-27,9188
00933B,國泰10Y+金融債,62,40,22,群益金鼎-三民,2024-05-27,9188
6770,力積電,31,9,22,群益金鼎-三民,2024-05-27,9188
2603,長榮,50,29,21,群益金鼎-三民,2024-05-27,9188
1409,新纖,20,0,20,群益金鼎-三民,2024-05-27,9188
2511,太子,20,0,20,群益金鼎-三民,2024-05-27,9188
2405,輔信,32,12,20,群益金鼎-三民,2024-05-27,9188
3257,虹冠電,18,0,18,群益金鼎-三民,2024-05-27,9188
2613,中櫃,27,9,18,群益金鼎-三民,2024-05-27,9188
5880,合庫金,23,5,18,群益金鼎-三民,2024-05-27,9188
2308,台達電,22,4,18,群益金鼎-三民,2024-05-27,9188
6147,頎邦,22,5,17,群益金鼎-三民,2024-05-27,9188
00715L,期街口布蘭特正2,17,0,17,群益金鼎-三民,2024-05-27,9188
2367,燿華,26,9,17,群益金鼎-三民,2024-05-27,9188
00679B,元大美債20年,96,80,16,群益金鼎-三民,2024-05-27,9188
2371,大同,26,10,16,群益金鼎-三民,2024-05-27,9188
2101,南港,16,2,14,群益金鼎-三民,2024-05-27,9188
3033,威健,19,5,14,群益金鼎-三民,2024-05-27,9188
8996,高力,21,7,14,群益金鼎-三民,2024-05-27,9188
4935,茂林-KY,13,0,13,群益金鼎-三民,2024-05-27,9188
5432,新門,13,0,13,群益金鼎-三民,2024-05-27,9188
2344,華邦電,14,1,13,群益金鼎-三民,2024-05-27,9188
2002,中鋼,13,0,13,群益金鼎-三民,2024-05-27,9188
2417,圓剛,26,14,12,群益金鼎-三民,2024-05-27,9188
2881,富邦金,12,0,12,群益金鼎-三民,2024-05-27,9188
4562,穎漢,14,2,12,群益金鼎-三民,2024-05-27,9188
3231,緯創,42,30,12,群益金鼎-三民,2024-05-27,9188
2369,菱生,16,5,11,群益金鼎-三民,2024-05-27,9188
2349,錸德,303,2,301,群益金鼎-三民,2024-05-28,9188
00937B,群益ESG投等債20,273,0,273,群益金鼎-三民,2024-05-28,9188
2353,宏��,334,110,224,群益金鼎-三民,2024-05-28,9188
2354,鴻準,188,118,70,群益金鼎-三民,2024-05-28,9188
2611,志信,88,27,61,群益金鼎-三民,2024-05-28,9188
3231,緯創,130,71,59,群益金鼎-三民,2024-05-28,9188
2609,陽明,84,29,55,群益金鼎-三民,2024-05-28,9188
2881,富邦金,66,15,51,群益金鼎-三民,2024-05-28,9188
2891,中信金,57,15,42,群益金鼎-三民,2024-05-28,9188
2365,昆盈,43,3,40,群益金鼎-三民,2024-05-28,9188
00676R,富邦臺灣加權反1,39,0,39,群益金鼎-三民,2024-05-28,9188
2392,正崴,40,1,39,群益金鼎-三民,2024-05-28,9188
00929,復華台灣科技優息,212,179,33,群益金鼎-三民,2024-05-28,9188
4935,茂林-KY,32,0,32,群益金鼎-三民,2024-05-28,9188
3059,華晶科,35,4,31,群益金鼎-三民,2024-05-28,9188
2352,佳世達,43,13,30,群益金鼎-三民,2024-05-28,9188
2884,玉山金,30,1,29,群益金鼎-三民,2024-05-28,9188
2405,輔信,40,11,29,群益金鼎-三民,2024-05-28,9188
2301,光寶科,37,9,28,群益金鼎-三民,2024-05-28,9188
00946,群益科技高息成長,774,746,28,群益金鼎-三民,2024-05-28,9188
2409,友達,31,3,28,群益金鼎-三民,2024-05-28,9188
3450,聯鈞,38,11,27,群益金鼎-三民,2024-05-28,9188
00650L,復華香港正2,27,0,27,群益金鼎-三民,2024-05-28,9188
3202,樺晟,35,11,24,群益金鼎-三民,2024-05-28,9188
00919,群益台灣精選高息,33,11,22,群益金鼎-三民,2024-05-28,9188
2397,友通,22,0,22,群益金鼎-三民,2024-05-28,9188
2887,台新金,21,0,21,群益金鼎-三民,2024-05-28,9188
2423,固緯,20,0,20,群益金鼎-三民,2024-05-28,9188
5227,立凱-KY,20,0,20,群益金鼎-三民,2024-05-28,9188
4906,正文,27,8,19,群益金鼎-三民,2024-05-28,9188
2382,廣達,25,7,18,群益金鼎-三民,2024-05-28,9188
2421,建準,25,7,18,群益金鼎-三民,2024-05-28,9188
00712,復華富時不動產,18,1,17,群益金鼎-三民,2024-05-28,9188
1312,國喬,18,1,17,群益金鼎-三民,2024-05-28,9188
2027,大成鋼,16,0,16,群益金鼎-三民,2024-05-28,9188
2882,國泰金,37,22,15,群益金鼎-三民,2024-05-28,9188
00687B,國泰20年美債,16,1,15,群益金鼎-三民,2024-05-28,9188
2313,華通,26,11,15,群益金鼎-三民,2024-05-28,9188
4526,東台,15,0,15,群益金鼎-三民,2024-05-28,9188
1528,恩德,14,0,14,群益金鼎-三民,2024-05-28,9188
2362,藍天,16,2,14,群益金鼎-三民,2024-05-28,9188
1321,大洋,15,2,13,群益金鼎-三民,2024-05-28,9188
3545,敦泰,13,1,12,群益金鼎-三民,2024-05-28,9188
2515,中工,18,6,12,群益金鼎-三民,2024-05-28,9188
9941,裕融,17,5,12,群益金鼎-三民,2024-05-28,9188
3045,台灣大,31,19,12,群益金鼎-三民,2024-05-28,9188
6188,廣明,46,35,11,群益金鼎-三民,2024-05-28,9188
2385,群光,11,0,11,群益金鼎-三民,2024-05-28,9188
5302,太欣,11,0,11,群益金鼎-三民,2024-05-28,9188
3234,光環,12,1,11,群益金鼎-三民,2024-05-28,9188
00937B,群益ESG投等債20,1398,85,1313,群益金鼎-三民,2024-05-29,9188
00688L,國泰20年美債正2,365,0,365,群益金鼎-三民,2024-05-29,9188
00712,復華富時不動產,365,0,365,群益金鼎-三民,2024-05-29,9188
5880,合庫金,272,0,272,群益金鼎-三民,2024-05-29,9188
00671R,富邦NASDAQ反1,254,0,254,群益金鼎-三民,2024-05-29,9188
2897,王道銀行,300,150,150,群益金鼎-三民,2024-05-29,9188
2884,玉山金,108,0,108,群益金鼎-三民,2024-05-29,9188
00929,復華台灣科技優息,154,57,97,群益金鼎-三民,2024-05-29,9188
3045,台灣大,80,0,80,群益金鼎-三民,2024-05-29,9188
3313,斐成,78,1,77,群益金鼎-三民,2024-05-29,9188
00679B,元大美債20年,176,101,75,群益金鼎-三民,2024-05-29,9188
6125,廣運,113,64,49,群益金鼎-三民,2024-05-29,9188
00720B,元大投資級公司債,49,0,49,群益金鼎-三民,2024-05-29,9188
5452,佶優,58,10,48,群益金鼎-三民,2024-05-29,9188
2885,元大金,47,3,44,群益金鼎-三民,2024-05-29,9188
3363,上詮,41,0,41,群益金鼎-三民,2024-05-29,9188
6264,富裔,40,0,40,群益金鼎-三民,2024-05-29,9188
3374,精材,39,0,39,群益金鼎-三民,2024-05-29,9188
00687B,國泰20年美債,38,0,38,群益金鼎-三民,2024-05-29,9188
2609,陽明,62,25,37,群益金鼎-三民,2024-05-29,9188
1609,大亞,39,4,35,群益金鼎-三民,2024-05-29,9188
2489,瑞軒,106,72,34,群益金鼎-三民,2024-05-29,9188
2365,昆盈,57,23,34,群益金鼎-三民,2024-05-29,9188
6189,豐藝,37,6,31,群益金鼎-三民,2024-05-29,9188
2409,友達,29,0,29,群益金鼎-三民,2024-05-29,9188
3605,宏致,30,1,29,群益金鼎-三民,2024-05-29,9188
2367,燿華,69,41,28,群益金鼎-三民,2024-05-29,9188
00918,大華優利高填息30,28,1,27,群益金鼎-三民,2024-05-29,9188
2324,仁寶,28,1,27,群益金鼎-三民,2024-05-29,9188
3231,緯創,48,22,26,群益金鼎-三民,2024-05-29,9188
2618,長榮航,50,24,26,群益金鼎-三民,2024-05-29,9188
6126,信音,43,18,25,群益金鼎-三民,2024-05-29,9188
2891,中信金,31,9,22,群益金鼎-三民,2024-05-29,9188
2641,正德,27,5,22,群益金鼎-三民,2024-05-29,9188
2486,一詮,28,6,22,群益金鼎-三民,2024-05-29,9188
2495,普安,37,16,21,群益金鼎-三民,2024-05-29,9188
2886,兆豐金,24,3,21,群益金鼎-三民,2024-05-29,9188
5371,中光電,27,7,20,群益金鼎-三民,2024-05-29,9188
2408,南亞科,43,23,20,群益金鼎-三民,2024-05-29,9188
2397,友通,19,0,19,群益金鼎-三民,2024-05-29,9188
2890,永豐金,19,0,19,群益金鼎-三民,2024-05-29,9188
00751B,元大AAA至A公司債,19,0,19,群益金鼎-三民,2024-05-29,9188
2101,南港,20,2,18,群益金鼎-三民,2024-05-29,9188
3376,新日興,18,0,18,群益金鼎-三民,2024-05-29,9188
6213,聯茂,20,3,17,群益金鼎-三民,2024-05-29,9188
6147,頎邦,19,2,17,群益金鼎-三民,2024-05-29,9188
2401,凌陽,73,56,17,群益金鼎-三民,2024-05-29,9188
6005,群益證,18,2,16,群益金鼎-三民,2024-05-29,9188
2883,凱基金,18,2,16,群益金鼎-三民,2024-05-29,9188
2317,鴻海,36,20,16,群益金鼎-三民,2024-05-29,9188
00929,復華台灣科技優息,360,46,314,群益金鼎-三民,2024-05-30,9188
00937B,群益ESG投等債20,357,50,307,群益金鼎-三民,2024-05-30,9188
1815,富喬,279,147,132,群益金鼎-三民,2024-05-30,9188
2834,臺企銀,129,0,129,群益金鼎-三民,2024-05-30,9188
00712,復華富時不動產,78,20,58,群益金鼎-三民,2024-05-30,9188
2610,華航,57,3,54,群益金鼎-三民,2024-05-30,9188
00857B,永豐20年美公債,51,0,51,群益金鼎-三民,2024-05-30,9188
00687B,國泰20年美債,51,1,50,群益金鼎-三民,2024-05-30,9188
8105,凌巨,57,9,48,群益金鼎-三民,2024-05-30,9188
5880,合庫金,47,0,47,群益金鼎-三民,2024-05-30,9188
6152,百一,45,0,45,群益金鼎-三民,2024-05-30,9188
3313,斐成,87,44,43,群益金鼎-三民,2024-05-30,9188
6125,廣運,92,50,42,群益金鼎-三民,2024-05-30,9188
2330,台積電,42,2,40,群益金鼎-三民,2024-05-30,9188
2884,玉山金,40,1,39,群益金鼎-三民,2024-05-30,9188
1316,上曜,43,7,36,群益金鼎-三民,2024-05-30,9188
3321,同泰,34,0,34,群益金鼎-三民,2024-05-30,9188
00637L,元大滬深300正2,32,0,32,群益金鼎-三民,2024-05-30,9188
00878,國泰永續高股息,122,91,31,群益金鼎-三民,2024-05-30,9188
2363,矽統,50,20,30,群益金鼎-三民,2024-05-30,9188
00918,大華優利高填息30,30,0,30,群益金鼎-三民,2024-05-30,9188
6285,啟��,38,8,30,群益金鼎-三民,2024-05-30,9188
4167,松瑞藥,30,0,30,群益金鼎-三民,2024-05-30,9188
2886,兆豐金,27,0,27,群益金鼎-三民,2024-05-30,9188
6462,神盾,39,13,26,群益金鼎-三民,2024-05-30,9188
2618,長榮航,38,12,26,群益金鼎-三民,2024-05-30,9188
3374,精材,27,1,26,群益金鼎-三民,2024-05-30,9188
4114,健喬,24,0,24,群益金鼎-三民,2024-05-30,9188
00939,統一台灣高息動能,28,4,24,群益金鼎-三民,2024-05-30,9188
2885,元大金,35,13,22,群益金鼎-三民,2024-05-30,9188
2317,鴻海,36,14,22,群益金鼎-三民,2024-05-30,9188
00751B,元大AAA至A公司債,21,0,21,群益金鼎-三民,2024-05-30,9188
00919,群益台灣精選高息,56,36,20,群益金鼎-三民,2024-05-30,9188
8936,國統,20,0,20,群益金鼎-三民,2024-05-30,9188
8147,正淩,21,1,20,群益金鼎-三民,2024-05-30,9188
2312,金寶,22,2,20,群益金鼎-三民,2024-05-30,9188
3051,力特,20,0,20,群益金鼎-三民,2024-05-30,9188
3013,晟銘電,29,9,20,群益金鼎-三民,2024-05-30,9188
1785,光洋科,24,4,20,群益金鼎-三民,2024-05-30,9188
2349,錸德,20,1,19,群益金鼎-三民,2024-05-30,9188
6147,頎邦,19,0,19,群益金鼎-三民,2024-05-30,9188
00915,凱基優選高股息30,18,0,18,群益金鼎-三民,2024-05-30,9188
6269,台郡,19,1,18,群益金鼎-三民,2024-05-30,9188
00885,富邦越南,17,0,17,群益金鼎-三民,2024-05-30,9188
00940,元大台灣價值高息,46,30,16,群益金鼎-三民,2024-05-30,9188
6189,豐藝,19,4,15,群益金鼎-三民,2024-05-30,9188
2613,中櫃,42,27,15,群益金鼎-三民,2024-05-30,9188
1309,台達化,15,0,15,群益金鼎-三民,2024-05-30,9188
00671R,富邦NASDAQ反1,269,254,15,群益金鼎-三民,2024-05-30,9188
2408,南亞科,14,0,14,群益金鼎-三民,2024-05-30,9188
2609,陽明,328,48,280,群益金鼎-三民,2024-05-31,9188
00929,復華台灣科技優息,239,5,234,群益金鼎-三民,2024-05-31,9188
00688L,國泰20年美債正2,122,5,117,群益金鼎-三民,2024-05-31,9188
00946,群益科技高息成長,741,630,111,群益金鼎-三民,2024-05-31,9188
00919,群益台灣精選高息,101,5,96,群益金鼎-三民,2024-05-31,9188
2836,高雄銀,105,10,95,群益金鼎-三民,2024-05-31,9188
1303,南亞,319,255,64,群益金鼎-三民,2024-05-31,9188
2002,中鋼,60,2,58,群益金鼎-三民,2024-05-31,9188
2356,英業達,64,7,57,群益金鼎-三民,2024-05-31,9188
2317,鴻海,70,14,56,群益金鼎-三民,2024-05-31,9188
5522,遠雄,57,6,51,群益金鼎-三民,2024-05-31,9188
4534,慶騰,40,0,40,群益金鼎-三民,2024-05-31,9188
5880,合庫金,43,10,33,群益金鼎-三民,2024-05-31,9188
2344,華邦電,78,46,32,群益金鼎-三民,2024-05-31,9188
3202,樺晟,55,24,31,群益金鼎-三民,2024-05-31,9188
00665L,富邦�琤肭磪囓�2,30,2,28,群益金鼎-三民,2024-05-31,9188
3605,宏致,27,0,27,群益金鼎-三民,2024-05-31,9188
2363,矽統,34,8,26,群益金鼎-三民,2024-05-31,9188
8070,長華*,30,6,24,群益金鼎-三民,2024-05-31,9188
2417,圓剛,26,3,23,群益金鼎-三民,2024-05-31,9188
6126,信音,23,0,23,群益金鼎-三民,2024-05-31,9188
3071,協禧,29,6,23,群益金鼎-三民,2024-05-31,9188
3014,聯陽,33,11,22,群益金鼎-三民,2024-05-31,9188
2892,第一金,22,0,22,群益金鼎-三民,2024-05-31,9188
2301,光寶科,22,1,21,群益金鼎-三民,2024-05-31,9188
1563,巧新,21,0,21,群益金鼎-三民,2024-05-31,9188
3231,緯創,45,25,20,群益金鼎-三民,2024-05-31,9188
2905,三商,20,0,20,群益金鼎-三民,2024-05-31,9188
00939,統一台灣高息動能,19,0,19,群益金鼎-三民,2024-05-31,9188
2880,華南金,18,0,18,群益金鼎-三民,2024-05-31,9188
2637,慧洋-KY,24,6,18,群益金鼎-三民,2024-05-31,9188
2352,佳世達,17,0,17,群益金鼎-三民,2024-05-31,9188
2891,中信金,20,4,16,群益金鼎-三民,2024-05-31,9188
2330,台積電,21,5,16,群益金鼎-三民,2024-05-31,9188
9919,康那香,15,0,15,群益金鼎-三民,2024-05-31,9188
1440,南紡,16,1,15,群益金鼎-三民,2024-05-31,9188
00944,野村趨勢動能高息,14,0,14,群益金鼎-三民,2024-05-31,9188
6005,群益證,15,1,14,群益金鼎-三民,2024-05-31,9188
2615,萬海,16,2,14,群益金鼎-三民,2024-05-31,9188
3450,聯鈞,20,6,14,群益金鼎-三民,2024-05-31,9188
2376,技嘉,15,2,13,群益金鼎-三民,2024-05-31,9188
6239,力成,18,5,13,群益金鼎-三民,2024-05-31,9188
5519,隆大,25,12,13,群益金鼎-三民,2024-05-31,9188
3490,單井,16,3,13,群益金鼎-三民,2024-05-31,9188
2349,錸德,13,0,13,群益金鼎-三民,2024-05-31,9188
2382,廣達,16,3,13,群益金鼎-三民,2024-05-31,9188
2449,京元電子,15,3,12,群益金鼎-三民,2024-05-31,9188
6278,台表科,12,0,12,群益金鼎-三民,2024-05-31,9188
6188,廣明,52,40,12,群益金鼎-三民,2024-05-31,9188
3313,斐成,12,0,12,群益金鼎-三民,2024-05-31,9188
00632R,元大台灣50反1,592,71,521,群益金鼎-三民,2024-06-03,9188
2883,凱基金,556,58,498,群益金鼎-三民,2024-06-03,9188
00919,群益台灣精選高息,203,2,201,群益金鼎-三民,2024-06-03,9188
2303,聯電,188,102,86,群益金鼎-三民,2024-06-03,9188
00929,復華台灣科技優息,99,21,78,群益金鼎-三民,2024-06-03,9188
2897,王道銀行,127,64,63,群益金鼎-三民,2024-06-03,9188
00946,群益科技高息成長,560,504,56,群益金鼎-三民,2024-06-03,9188
2353,宏��,91,38,53,群益金鼎-三民,2024-06-03,9188
5493,三聯,53,0,53,群益金鼎-三民,2024-06-03,9188
2332,友訊,50,0,50,群益金鼎-三民,2024-06-03,9188
6770,力積電,50,1,49,群益金鼎-三民,2024-06-03,9188
6188,廣明,86,37,49,群益金鼎-三民,2024-06-03,9188
3059,華晶科,56,8,48,群益金鼎-三民,2024-06-03,9188
2354,鴻準,103,56,47,群益金鼎-三民,2024-06-03,9188
00918,大華優利高填息30,46,0,46,群益金鼎-三民,2024-06-03,9188
2337,旺宏,54,12,42,群益金鼎-三民,2024-06-03,9188
2610,華航,41,3,38,群益金鼎-三民,2024-06-03,9188
2349,錸德,35,1,34,群益金鼎-三民,2024-06-03,9188
5371,中光電,42,9,33,群益金鼎-三民,2024-06-03,9188
6266,泰詠,33,0,33,群益金鼎-三民,2024-06-03,9188
4562,穎漢,33,1,32,群益金鼎-三民,2024-06-03,9188
5608,四維航,28,2,26,群益金鼎-三民,2024-06-03,9188
2014,中鴻,27,1,26,群益金鼎-三民,2024-06-03,9188
2852,第一保,25,0,25,群益金鼎-三民,2024-06-03,9188
2374,佳能,24,1,23,群益金鼎-三民,2024-06-03,9188
00830,國泰費城半導體,22,0,22,群益金鼎-三民,2024-06-03,9188
2464,盟立,45,24,21,群益金鼎-三民,2024-06-03,9188
006208,富邦台50,21,1,20,群益金鼎-三民,2024-06-03,9188
2365,昆盈,23,3,20,群益金鼎-三民,2024-06-03,9188
6005,群益證,23,3,20,群益金鼎-三民,2024-06-03,9188
3033,威健,24,4,20,群益金鼎-三民,2024-06-03,9188
1723,中碳,19,0,19,群益金鼎-三民,2024-06-03,9188
2542,興富發,19,1,18,群益金鼎-三民,2024-06-03,9188
2317,鴻海,41,24,17,群益金鼎-三民,2024-06-03,9188
00637L,元大滬深300正2,18,2,16,群益金鼎-三民,2024-06-03,9188
3605,宏致,16,0,16,群益金鼎-三民,2024-06-03,9188
1612,宏泰,16,0,16,群益金鼎-三民,2024-06-03,9188
00882,中信中國高股息,17,1,16,群益金鼎-三民,2024-06-03,9188
9945,潤泰新,18,3,15,群益金鼎-三民,2024-06-03,9188
2408,南亞科,16,2,14,群益金鼎-三民,2024-06-03,9188
2537,聯上發,122,108,14,群益金鼎-三民,2024-06-03,9188
8358,金居,15,1,14,群益金鼎-三民,2024-06-03,9188
4720,德淵,13,0,13,群益金鼎-三民,2024-06-03,9188
3206,志豐,13,0,13,群益金鼎-三民,2024-06-03,9188
1440,南紡,21,8,13,群益金鼎-三民,2024-06-03,9188
2423,固緯,13,0,13,群益金鼎-三民,2024-06-03,9188
2324,仁寶,14,2,12,群益金鼎-三民,2024-06-03,9188
8110,華東,13,1,12,群益金鼎-三民,2024-06-03,9188
2527,宏璟,16,4,12,群益金鼎-三民,2024-06-03,9188
2504,國產,22,10,12,群益金鼎-三民,2024-06-03,9188
00936,台新永續高息中小,257,31,226,群益金鼎-三民,2024-06-04,9188
00929,復華台灣科技優息,211,17,194,群益金鼎-三民,2024-06-04,9188
00946,群益科技高息成長,905,756,149,群益金鼎-三民,2024-06-04,9188
00942B,台新美A公司債20+,135,5,130,群益金鼎-三民,2024-06-04,9188
00671R,富邦NASDAQ反1,126,0,126,群益金鼎-三民,2024-06-04,9188
2834,臺企銀,126,0,126,群益金鼎-三民,2024-06-04,9188
2002,中鋼,125,0,125,群益金鼎-三民,2024-06-04,9188
00919,群益台灣精選高息,129,11,118,群益金鼎-三民,2024-06-04,9188
2888,新光金,114,5,109,群益金鼎-三民,2024-06-04,9188
2344,華邦電,100,11,89,群益金鼎-三民,2024-06-04,9188
2317,鴻海,116,28,88,群益金鼎-三民,2024-06-04,9188
00918,大華優利高填息30,85,0,85,群益金鼎-三民,2024-06-04,9188
8277,商丞,85,1,84,群益金鼎-三民,2024-06-04,9188
3481,群創,85,2,83,群益金鼎-三民,2024-06-04,9188
2409,友達,85,10,75,群益金鼎-三民,2024-06-04,9188
00751B,元大AAA至A公司債,100,25,75,群益金鼎-三民,2024-06-04,9188
2402,毅嘉,71,0,71,群益金鼎-三民,2024-06-04,9188
2303,聯電,68,0,68,群益金鼎-三民,2024-06-04,9188
2610,華航,68,9,59,群益金鼎-三民,2024-06-04,9188
3605,宏致,57,0,57,群益金鼎-三民,2024-06-04,9188
2515,中工,99,47,52,群益金鼎-三民,2024-06-04,9188
4128,中天,51,1,50,群益金鼎-三民,2024-06-04,9188
00878,國泰永續高股息,478,428,50,群益金鼎-三民,2024-06-04,9188
00652,富邦印度,46,0,46,群益金鼎-三民,2024-06-04,9188
3013,晟銘電,60,15,45,群益金鼎-三民,2024-06-04,9188
1440,南紡,35,1,34,群益金鼎-三民,2024-06-04,9188
5371,中光電,34,1,33,群益金鼎-三民,2024-06-04,9188
3312,弘憶股,46,15,31,群益金鼎-三民,2024-06-04,9188
4188,安克,30,1,29,群益金鼎-三民,2024-06-04,9188
8039,台虹,29,1,28,群益金鼎-三民,2024-06-04,9188
2423,固緯,27,0,27,群益金鼎-三民,2024-06-04,9188
2465,麗臺,42,17,25,群益金鼎-三民,2024-06-04,9188
2009,第一銅,30,5,25,群益金鼎-三民,2024-06-04,9188
2618,長榮航,54,29,25,群益金鼎-三民,2024-06-04,9188
00715L,期街口布蘭特正2,25,2,23,群益金鼎-三民,2024-06-04,9188
4967,十銓,45,22,23,群益金鼎-三民,2024-06-04,9188
00915,凱基優選高股息30,22,0,22,群益金鼎-三民,2024-06-04,9188
2324,仁寶,38,17,21,群益金鼎-三民,2024-06-04,9188
2367,燿華,89,69,20,群益金鼎-三民,2024-06-04,9188
6117,迎廣,24,5,19,群益金鼎-三民,2024-06-04,9188
5353,台林,26,7,19,群益金鼎-三民,2024-06-04,9188
9950,萬國通,19,0,19,群益金鼎-三民,2024-06-04,9188
2353,宏��,32,14,18,群益金鼎-三民,2024-06-04,9188
3257,虹冠電,18,0,18,群益金鼎-三民,2024-06-04,9188
6863,永道-KY,19,1,18,群益金鼎-三民,2024-06-04,9188
6215,和椿,32,14,18,群益金鼎-三民,2024-06-04,9188
00637L,元大滬深300正2,20,3,17,群益金鼎-三民,2024-06-04,9188
3042,晶技,17,0,17,群益金鼎-三民,2024-06-04,9188
00642U,期元大S＆P石油,17,0,17,群益金鼎-三民,2024-06-04,9188
2891,中信金,1091,1075,16,群益金鼎-三民,2024-06-04,9188
00929,復華台灣科技優息,489,71,418,群益金鼎-三民,2024-06-05,9188
3605,宏致,221,4,217,群益金鼎-三民,2024-06-05,9188
2303,聯電,181,23,158,群益金鼎-三民,2024-06-05,9188
00632R,元大台灣50反1,171,20,151,群益金鼎-三民,2024-06-05,9188
2002,中鋼,114,8,106,群益金鼎-三民,2024-06-05,9188
00878,國泰永續高股息,501,408,93,群益金鼎-三民,2024-06-05,9188
6215,和椿,74,6,68,群益金鼎-三民,2024-06-05,9188
2888,新光金,88,28,60,群益金鼎-三民,2024-06-05,9188
2515,中工,96,38,58,群益金鼎-三民,2024-06-05,9188
3015,全漢,51,4,47,群益金鼎-三民,2024-06-05,9188
00919,群益台灣精選高息,51,18,33,群益金鼎-三民,2024-06-05,9188
3231,緯創,34,1,33,群益金鼎-三民,2024-06-05,9188
4128,中天,32,1,31,群益金鼎-三民,2024-06-05,9188
2344,華邦電,42,11,31,群益金鼎-三民,2024-06-05,9188
2328,廣宇,47,16,31,群益金鼎-三民,2024-06-05,9188
6016,康和證,33,3,30,群益金鼎-三民,2024-06-05,9188
1587,吉茂,30,0,30,群益金鼎-三民,2024-06-05,9188
00902,中信電池及儲能,30,0,30,群益金鼎-三民,2024-06-05,9188
00715L,期街口布蘭特正2,50,20,30,群益金鼎-三民,2024-06-05,9188
3372,典範,31,3,28,群益金鼎-三民,2024-06-05,9188
2363,矽統,27,2,25,群益金鼎-三民,2024-06-05,9188
00939,統一台灣高息動能,24,0,24,群益金鼎-三民,2024-06-05,9188
3022,威強電,26,2,24,群益金鼎-三民,2024-06-05,9188
00918,大華優利高填息30,23,0,23,群益金鼎-三民,2024-06-05,9188
6245,立端,24,1,23,群益金鼎-三民,2024-06-05,9188
6161,捷波,48,27,21,群益金鼎-三民,2024-06-05,9188
1110,東泥,25,5,20,群益金鼎-三民,2024-06-05,9188
2867,三商壽,20,0,20,群益金鼎-三民,2024-06-05,9188
00946,群益科技高息成長,902,882,20,群益金鼎-三民,2024-06-05,9188
3035,智原,22,3,19,群益金鼎-三民,2024-06-05,9188
6116,彩晶,19,0,19,群益金鼎-三民,2024-06-05,9188
2317,鴻海,83,64,19,群益金鼎-三民,2024-06-05,9188
0056,元大高股息,18,0,18,群益金鼎-三民,2024-06-05,9188
2105,正新,20,2,18,群益金鼎-三民,2024-06-05,9188
6278,台表科,40,22,18,群益金鼎-三民,2024-06-05,9188
2352,佳世達,18,0,18,群益金鼎-三民,2024-06-05,9188
00642U,期元大S＆P石油,18,0,18,群益金鼎-三民,2024-06-05,9188
2356,英業達,27,10,17,群益金鼎-三民,2024-06-05,9188
3088,艾訊,19,3,16,群益金鼎-三民,2024-06-05,9188
2444,兆勁,16,0,16,群益金鼎-三民,2024-06-05,9188
2324,仁寶,22,7,15,群益金鼎-三民,2024-06-05,9188
5371,中光電,16,1,15,群益金鼎-三民,2024-06-05,9188
9941,裕融,15,0,15,群益金鼎-三民,2024-06-05,9188
5880,合庫金,17,2,15,群益金鼎-三民,2024-06-05,9188
8039,台虹,15,0,15,群益金鼎-三民,2024-06-05,9188
1301,台塑,19,4,15,群益金鼎-三民,2024-06-05,9188
2537,聯上發,19,5,14,群益金鼎-三民,2024-06-05,9188
6125,廣運,37,23,14,群益金鼎-三民,2024-06-05,9188
3305,昇貿,15,1,14,群益金鼎-三民,2024-06-05,9188
2392,正崴,15,2,13,群益金鼎-三民,2024-06-05,9188
00937B,群益ESG投等債20,430,13,417,群益金鼎-三民,2024-06-06,9188
00918,大華優利高填息30,160,0,160,群益金鼎-三民,2024-06-06,9188
2897,王道銀行,173,21,152,群益金鼎-三民,2024-06-06,9188
00632R,元大台灣50反1,440,294,146,群益金鼎-三民,2024-06-06,9188
2489,瑞軒,131,20,111,群益金鼎-三民,2024-06-06,9188
2889,國票金,499,391,108,群益金鼎-三民,2024-06-06,9188
2881,富邦金,110,10,100,群益金鼎-三民,2024-06-06,9188
2303,聯電,120,32,88,群益金鼎-三民,2024-06-06,9188
3605,宏致,94,7,87,群益金鼎-三民,2024-06-06,9188
00929,復華台灣科技優息,138,69,69,群益金鼎-三民,2024-06-06,9188
2511,太子,50,2,48,群益金鼎-三民,2024-06-06,9188
3576,聯合再生,42,0,42,群益金鼎-三民,2024-06-06,9188
2002,中鋼,40,1,39,群益金鼎-三民,2024-06-06,9188
2363,矽統,43,8,35,群益金鼎-三民,2024-06-06,9188
1587,吉茂,40,6,34,群益金鼎-三民,2024-06-06,9188
2605,新興,46,13,33,群益金鼎-三民,2024-06-06,9188
5519,隆大,44,11,33,群益金鼎-三民,2024-06-06,9188
00664R,國泰臺灣加權反1,30,0,30,群益金鼎-三民,2024-06-06,9188
1815,富喬,63,33,30,群益金鼎-三民,2024-06-06,9188
3202,樺晟,29,2,27,群益金鼎-三民,2024-06-06,9188
2528,皇普,25,0,25,群益金鼎-三民,2024-06-06,9188
8039,台虹,33,9,24,群益金鼎-三民,2024-06-06,9188
9945,潤泰新,30,6,24,群益金鼎-三民,2024-06-06,9188
1440,南紡,25,2,23,群益金鼎-三民,2024-06-06,9188
00940,元大台灣價值高息,84,63,21,群益金鼎-三民,2024-06-06,9188
6161,捷波,30,9,21,群益金鼎-三民,2024-06-06,9188
2880,華南金,20,0,20,群益金鼎-三民,2024-06-06,9188
2611,志信,79,59,20,群益金鼎-三民,2024-06-06,9188
2353,宏��,26,7,19,群益金鼎-三民,2024-06-06,9188
8110,華東,20,1,19,群益金鼎-三民,2024-06-06,9188
00687B,國泰20年美債,21,3,18,群益金鼎-三民,2024-06-06,9188
5302,太欣,17,0,17,群益金鼎-三民,2024-06-06,9188
5880,合庫金,17,0,17,群益金鼎-三民,2024-06-06,9188
8096,擎亞,19,2,17,群益金鼎-三民,2024-06-06,9188
9105,泰金寶-DR,22,5,17,群益金鼎-三民,2024-06-06,9188
5347,世界,253,236,17,群益金鼎-三民,2024-06-06,9188
2324,仁寶,17,1,16,群益金鼎-三民,2024-06-06,9188
1314,中石化,36,20,16,群益金鼎-三民,2024-06-06,9188
3673,TPK-KY,15,0,15,群益金鼎-三民,2024-06-06,9188
2886,兆豐金,15,0,15,群益金鼎-三民,2024-06-06,9188
2105,正新,14,0,14,群益金鼎-三民,2024-06-06,9188
2905,三商,14,0,14,群益金鼎-三民,2024-06-06,9188
6505,台塑化,13,0,13,群益金鼎-三民,2024-06-06,9188
00878,國泰永續高股息,63,51,12,群益金鼎-三民,2024-06-06,9188
2478,大毅,14,2,12,群益金鼎-三民,2024-06-06,9188
4976,佳凌,12,0,12,群益金鼎-三民,2024-06-06,9188
2349,錸德,13,2,11,群益金鼎-三民,2024-06-06,9188
4562,穎漢,33,22,11,群益金鼎-三民,2024-06-06,9188
2328,廣宇,33,22,11,群益金鼎-三民,2024-06-06,9188
3090,日電貿,12,1,11,群益金鼎-三民,2024-06-06,9188
00632R,元大台灣50反1,382,159,223,群益金鼎-三民,2024-06-07,9188
00929,復華台灣科技優息,215,70,145,群益金鼎-三民,2024-06-07,9188
2897,王道銀行,427,300,127,群益金鼎-三民,2024-06-07,9188
9945,潤泰新,203,81,122,群益金鼎-三民,2024-06-07,9188
9105,泰金寶-DR,119,68,51,群益金鼎-三民,2024-06-07,9188
00918,大華優利高填息30,46,0,46,群益金鼎-三民,2024-06-07,9188
2324,仁寶,46,3,43,群益金鼎-三民,2024-06-07,9188
1609,大亞,55,12,43,群益金鼎-三民,2024-06-07,9188
00919,群益台灣精選高息,55,15,40,群益金鼎-三民,2024-06-07,9188
2312,金寶,50,13,37,群益金鼎-三民,2024-06-07,9188
2356,英業達,42,8,34,群益金鼎-三民,2024-06-07,9188
2489,瑞軒,60,28,32,群益金鼎-三民,2024-06-07,9188
2615,萬海,65,36,29,群益金鼎-三民,2024-06-07,9188
2371,大同,55,26,29,群益金鼎-三民,2024-06-07,9188
2331,精英,29,2,27,群益金鼎-三民,2024-06-07,9188
6161,捷波,26,1,25,群益金鼎-三民,2024-06-07,9188
2313,華通,105,81,24,群益金鼎-三民,2024-06-07,9188
1608,華榮,35,11,24,群益金鼎-三民,2024-06-07,9188
2850,新產,22,0,22,群益金鼎-三民,2024-06-07,9188
00942B,台新美A公司債20+,21,0,21,群益金鼎-三民,2024-06-07,9188
00933B,國泰10Y+金融債,36,15,21,群益金鼎-三民,2024-06-07,9188
2330,台積電,24,3,21,群益金鼎-三民,2024-06-07,9188
00687B,國泰20年美債,29,10,19,群益金鼎-三民,2024-06-07,9188
3576,聯合再生,15,0,15,群益金鼎-三民,2024-06-07,9188
2365,昆盈,14,0,14,群益金鼎-三民,2024-06-07,9188
2317,鴻海,37,23,14,群益金鼎-三民,2024-06-07,9188
2477,美隆電,13,0,13,群益金鼎-三民,2024-06-07,9188
3033,威健,13,0,13,群益金鼎-三民,2024-06-07,9188
1524,耿鼎,14,1,13,群益金鼎-三民,2024-06-07,9188
5508,永信建,15,2,13,群益金鼎-三民,2024-06-07,9188
2354,鴻準,22,9,13,群益金鼎-三民,2024-06-07,9188
3231,緯創,21,9,12,群益金鼎-三民,2024-06-07,9188
2501,國建,46,34,12,群益金鼎-三民,2024-06-07,9188
2376,技嘉,17,5,12,群益金鼎-三民,2024-06-07,9188
2352,佳世達,12,0,12,群益金鼎-三民,2024-06-07,9188
5469,瀚宇博,12,0,12,群益金鼎-三民,2024-06-07,9188
2105,正新,14,2,12,群益金鼎-三民,2024-06-07,9188
2882,國泰金,17,5,12,群益金鼎-三民,2024-06-07,9188
2528,皇普,12,0,12,群益金鼎-三民,2024-06-07,9188
3481,群創,35,23,12,群益金鼎-三民,2024-06-07,9188
1321,大洋,12,0,12,群益金鼎-三民,2024-06-07,9188
2603,長榮,41,29,12,群益金鼎-三民,2024-06-07,9188
3047,訊舟,20,9,11,群益金鼎-三民,2024-06-07,9188
6125,廣運,18,7,11,群益金鼎-三民,2024-06-07,9188
2421,建準,11,0,11,群益金鼎-三民,2024-06-07,9188
2449,京元電子,11,0,11,群益金鼎-三民,2024-06-07,9188
2885,元大金,13,2,11,群益金鼎-三民,2024-06-07,9188
3019,亞光,10,0,10,群益金鼎-三民,2024-06-07,9188
2033,佳大,10,0,10,群益金鼎-三民,2024-06-07,9188
6689,伊雲谷,10,0,10,群益金鼎-三民,2024-06-07,9188
00918,大華優利高填息30,330,0,330,群益金鼎-三民,2024-06-11,9188
00929,復華台灣科技優息,492,174,318,群益金鼎-三民,2024-06-11,9188
00937B,群益ESG投等債20,416,217,199,群益金鼎-三民,2024-06-11,9188
00940,元大台灣價值高息,178,17,161,群益金鼎-三民,2024-06-11,9188
00939,統一台灣高息動能,159,0,159,群益金鼎-三民,2024-06-11,9188
9945,潤泰新,150,17,133,群益金鼎-三民,2024-06-11,9188
00688L,國泰20年美債正2,134,1,133,群益金鼎-三民,2024-06-11,9188
3605,宏致,126,1,125,群益金鼎-三民,2024-06-11,9188
00679B,元大美債20年,178,55,123,群益金鼎-三民,2024-06-11,9188
00936,台新永續高息中小,106,0,106,群益金鼎-三民,2024-06-11,9188
00751B,元大AAA至A公司債,103,0,103,群益金鼎-三民,2024-06-11,9188
4958,臻鼎-KY,103,0,103,群益金鼎-三民,2024-06-11,9188
2537,聯上發,149,48,101,群益金鼎-三民,2024-06-11,9188
2889,國票金,600,503,97,群益金鼎-三民,2024-06-11,9188
2002,中鋼,83,1,82,群益金鼎-三民,2024-06-11,9188
2605,新興,135,61,74,群益金鼎-三民,2024-06-11,9188
2603,長榮,85,12,73,群益金鼎-三民,2024-06-11,9188
1316,上曜,92,20,72,群益金鼎-三民,2024-06-11,9188
5512,力麒,55,4,51,群益金鼎-三民,2024-06-11,9188
1815,富喬,61,12,49,群益金鼎-三民,2024-06-11,9188
1907,永豐餘,47,7,40,群益金鼎-三民,2024-06-11,9188
00680L,元大美債20正2,38,1,37,群益金鼎-三民,2024-06-11,9188
00933B,國泰10Y+金融債,153,118,35,群益金鼎-三民,2024-06-11,9188
2374,佳能,50,15,35,群益金鼎-三民,2024-06-11,9188
2888,新光金,96,62,34,群益金鼎-三民,2024-06-11,9188
2363,矽統,36,2,34,群益金鼎-三民,2024-06-11,9188
2615,萬海,72,39,33,群益金鼎-三民,2024-06-11,9188
00687B,國泰20年美債,34,1,33,群益金鼎-三民,2024-06-11,9188
1314,中石化,49,17,32,群益金鼎-三民,2024-06-11,9188
3162,精確,33,1,32,群益金鼎-三民,2024-06-11,9188
1609,大亞,38,6,32,群益金鼎-三民,2024-06-11,9188
3047,訊舟,66,37,29,群益金鼎-三民,2024-06-11,9188
2356,英業達,37,9,28,群益金鼎-三民,2024-06-11,9188
6005,群益證,133,107,26,群益金鼎-三民,2024-06-11,9188
4306,炎洲,35,10,25,群益金鼎-三民,2024-06-11,9188
6266,泰詠,25,0,25,群益金鼎-三民,2024-06-11,9188
00712,復華富時不動產,38,13,25,群益金鼎-三民,2024-06-11,9188
2449,京元電子,28,4,24,群益金鼎-三民,2024-06-11,9188
3231,緯創,32,8,24,群益金鼎-三民,2024-06-11,9188
3090,日電貿,23,0,23,群益金鼎-三民,2024-06-11,9188
2609,陽明,168,145,23,群益金鼎-三民,2024-06-11,9188
2528,皇普,25,3,22,群益金鼎-三民,2024-06-11,9188
4562,穎漢,41,20,21,群益金鼎-三民,2024-06-11,9188
4979,華星光,24,4,20,群益金鼎-三民,2024-06-11,9188
00896,中信綠能及電動車,19,0,19,群益金鼎-三民,2024-06-11,9188
2353,宏��,25,6,19,群益金鼎-三民,2024-06-11,9188
1301,台塑,18,0,18,群益金鼎-三民,2024-06-11,9188
2489,瑞軒,20,2,18,群益金鼎-三民,2024-06-11,9188
2337,旺宏,20,2,18,群益金鼎-三民,2024-06-11,9188
2359,所羅門,33,16,17,群益金鼎-三民,2024-06-11,9188
00632R,元大台灣50反1,842,100,742,群益金鼎-三民,2024-06-12,9188
00929,復華台灣科技優息,508,49,459,群益金鼎-三民,2024-06-12,9188
00937B,群益ESG投等債20,562,126,436,群益金鼎-三民,2024-06-12,9188
2897,王道銀行,518,83,435,群益金鼎-三民,2024-06-12,9188
00948B,中信優息投資級債,137,0,137,群益金鼎-三民,2024-06-12,9188
00919,群益台灣精選高息,100,8,92,群益金鼎-三民,2024-06-12,9188
00918,大華優利高填息30,89,0,89,群益金鼎-三民,2024-06-12,9188
2303,聯電,82,8,74,群益金鼎-三民,2024-06-12,9188
00680L,元大美債20正2,86,27,59,群益金鼎-三民,2024-06-12,9188
2637,慧洋-KY,59,4,55,群益金鼎-三民,2024-06-12,9188
2002,中鋼,55,1,54,群益金鼎-三民,2024-06-12,9188
1316,上曜,65,15,50,群益金鼎-三民,2024-06-12,9188
00942B,台新美A公司債20+,49,0,49,群益金鼎-三民,2024-06-12,9188
9945,潤泰新,46,2,44,群益金鼎-三民,2024-06-12,9188
2834,臺企銀,44,0,44,群益金鼎-三民,2024-06-12,9188
00687B,國泰20年美債,43,3,40,群益金鼎-三民,2024-06-12,9188
2409,友達,39,0,39,群益金鼎-三民,2024-06-12,9188
00712,復華富時不動產,38,0,38,群益金鼎-三民,2024-06-12,9188
2392,正崴,40,5,35,群益金鼎-三民,2024-06-12,9188
4128,中天,35,0,35,群益金鼎-三民,2024-06-12,9188
3481,群創,38,8,30,群益金鼎-三民,2024-06-12,9188
2881,富邦金,31,1,30,群益金鼎-三民,2024-06-12,9188
5392,能率,33,4,29,群益金鼎-三民,2024-06-12,9188
2356,英業達,45,17,28,群益金鼎-三民,2024-06-12,9188
2365,昆盈,25,0,25,群益金鼎-三民,2024-06-12,9188
2852,第一保,26,1,25,群益金鼎-三民,2024-06-12,9188
3045,台灣大,61,36,25,群益金鼎-三民,2024-06-12,9188
2344,華邦電,23,0,23,群益金鼎-三民,2024-06-12,9188
2374,佳能,32,9,23,群益金鼎-三民,2024-06-12,9188
4306,炎洲,28,5,23,群益金鼎-三民,2024-06-12,9188
1717,長興,22,0,22,群益金鼎-三民,2024-06-12,9188
00830,國泰費城半導體,24,2,22,群益金鼎-三民,2024-06-12,9188
2501,國建,25,4,21,群益金鼎-三民,2024-06-12,9188
2838,聯邦銀,20,0,20,群益金鼎-三民,2024-06-12,9188
1604,聲寶,20,0,20,群益金鼎-三民,2024-06-12,9188
1608,華榮,37,17,20,群益金鼎-三民,2024-06-12,9188
1524,耿鼎,19,0,19,群益金鼎-三民,2024-06-12,9188
3234,光環,18,0,18,群益金鼎-三民,2024-06-12,9188
6266,泰詠,18,0,18,群益金鼎-三民,2024-06-12,9188
00692,富邦公司治理,17,0,17,群益金鼎-三民,2024-06-12,9188
4566,時碩工業,28,11,17,群益金鼎-三民,2024-06-12,9188
1110,東泥,17,0,17,群益金鼎-三民,2024-06-12,9188
6152,百一,20,3,17,群益金鼎-三民,2024-06-12,9188
6606,建德工業,15,0,15,群益金鼎-三民,2024-06-12,9188
3268,海德威,15,0,15,群益金鼎-三民,2024-06-12,9188
2353,宏��,36,22,14,群益金鼎-三民,2024-06-12,9188
8064,東捷,16,2,14,群益金鼎-三民,2024-06-12,9188
1314,中石化,25,11,14,群益金鼎-三民,2024-06-12,9188
5880,合庫金,14,0,14,群益金鼎-三民,2024-06-12,9188
6125,廣運,35,22,13,群益金鼎-三民,2024-06-12,9188
00632R,元大台灣50反1,1125,100,1025,群益金鼎-三民,2024-06-13,9188
00671R,富邦NASDAQ反1,324,0,324,群益金鼎-三民,2024-06-13,9188
00948B,中信優息投資級債,313,0,313,群益金鼎-三民,2024-06-13,9188
2885,元大金,253,11,242,群益金鼎-三民,2024-06-13,9188
9105,泰金寶-DR,96,10,86,群益金鼎-三民,2024-06-13,9188
8936,國統,102,19,83,群益金鼎-三民,2024-06-13,9188
2888,新光金,89,15,74,群益金鼎-三民,2024-06-13,9188
00895,富邦未來車,68,2,66,群益金鼎-三民,2024-06-13,9188
00937B,群益ESG投等債20,60,12,48,群益金鼎-三民,2024-06-13,9188
2002,中鋼,78,34,44,群益金鼎-三民,2024-06-13,9188
3593,力銘,40,0,40,群益金鼎-三民,2024-06-13,9188
2371,大同,79,40,39,群益金鼎-三民,2024-06-13,9188
3605,宏致,38,1,37,群益金鼎-三民,2024-06-13,9188
1522,堤維西,43,7,36,群益金鼎-三民,2024-06-13,9188
00664R,國泰臺灣加權反1,35,0,35,群益金鼎-三民,2024-06-13,9188
2618,長榮航,63,28,35,群益金鼎-三民,2024-06-13,9188
2427,三商電,54,21,33,群益金鼎-三民,2024-06-13,9188
2317,鴻海,67,36,31,群益金鼎-三民,2024-06-13,9188
3231,緯創,35,7,28,群益金鼎-三民,2024-06-13,9188
8358,金居,27,0,27,群益金鼎-三民,2024-06-13,9188
00712,復華富時不動產,36,9,27,群益金鼎-三民,2024-06-13,9188
2464,盟立,68,43,25,群益金鼎-三民,2024-06-13,9188
1815,富喬,38,15,23,群益金鼎-三民,2024-06-13,9188
1785,光洋科,54,33,21,群益金鼎-三民,2024-06-13,9188
2501,國建,22,1,21,群益金鼎-三民,2024-06-13,9188
00719B,元大美債1-3,20,0,20,群益金鼎-三民,2024-06-13,9188
6215,和椿,24,4,20,群益金鼎-三民,2024-06-13,9188
2399,映泰,21,2,19,群益金鼎-三民,2024-06-13,9188
3284,太普高,19,0,19,群益金鼎-三民,2024-06-13,9188
1609,大亞,32,13,19,群益金鼎-三民,2024-06-13,9188
6266,泰詠,18,0,18,群益金鼎-三民,2024-06-13,9188
1440,南紡,17,0,17,群益金鼎-三民,2024-06-13,9188
2867,三商壽,19,3,16,群益金鼎-三民,2024-06-13,9188
1560,中砂,18,2,16,群益金鼎-三民,2024-06-13,9188
6187,萬潤,17,1,16,群益金鼎-三民,2024-06-13,9188
3048,益登,18,3,15,群益金鼎-三民,2024-06-13,9188
00936,台新永續高息中小,43,28,15,群益金鼎-三民,2024-06-13,9188
2617,台航,24,10,14,群益金鼎-三民,2024-06-13,9188
6719,力智,15,1,14,群益金鼎-三民,2024-06-13,9188
1514,亞力,28,15,13,群益金鼎-三民,2024-06-13,9188
3481,群創,13,1,12,群益金鼎-三民,2024-06-13,9188
1723,中碳,12,0,12,群益金鼎-三民,2024-06-13,9188
3535,晶彩科,14,2,12,群益金鼎-三民,2024-06-13,9188
2421,建準,13,1,12,群益金鼎-三民,2024-06-13,9188
1519,華城,16,5,11,群益金鼎-三民,2024-06-13,9188
00713,元大台灣高息低波,73,62,11,群益金鼎-三民,2024-06-13,9188
9962,有益,11,0,11,群益金鼎-三民,2024-06-13,9188
2313,華通,13,2,11,群益金鼎-三民,2024-06-13,9188
2609,陽明,87,76,11,群益金鼎-三民,2024-06-13,9188
2027,大成鋼,10,0,10,群益金鼎-三民,2024-06-13,9188
00632R,元大台灣50反1,825,0,825,群益金鼎-三民,2024-06-14,9188
00918,大華優利高填息30,336,0,336,群益金鼎-三民,2024-06-14,9188
00937B,群益ESG投等債20,365,218,147,群益金鼎-三民,2024-06-14,9188
2025,千興,140,2,138,群益金鼎-三民,2024-06-14,9188
00948B,中信優息投資級債,130,0,130,群益金鼎-三民,2024-06-14,9188
00919,群益台灣精選高息,123,2,121,群益金鼎-三民,2024-06-14,9188
2303,聯電,134,31,103,群益金鼎-三民,2024-06-14,9188
2834,臺企銀,100,0,100,群益金鼎-三民,2024-06-14,9188
00946,群益科技高息成長,880,820,60,群益金鼎-三民,2024-06-14,9188
2371,大同,117,60,57,群益金鼎-三民,2024-06-14,9188
2323,中環,50,0,50,群益金鼎-三民,2024-06-14,9188
1504,東元,55,9,46,群益金鼎-三民,2024-06-14,9188
2489,瑞軒,54,11,43,群益金鼎-三民,2024-06-14,9188
2472,立隆電,44,3,41,群益金鼎-三民,2024-06-14,9188
2353,宏��,48,10,38,群益金鼎-三民,2024-06-14,9188
5521,工信,37,0,37,群益金鼎-三民,2024-06-14,9188
2002,中鋼,45,11,34,群益金鼎-三民,2024-06-14,9188
8936,國統,52,21,31,群益金鼎-三民,2024-06-14,9188
2913,農林,41,10,31,群益金鼎-三民,2024-06-14,9188
00679B,元大美債20年,64,35,29,群益金鼎-三民,2024-06-14,9188
1514,亞力,45,18,27,群益金鼎-三民,2024-06-14,9188
3048,益登,114,89,25,群益金鼎-三民,2024-06-14,9188
8103,瀚荃,27,3,24,群益金鼎-三民,2024-06-14,9188
00712,復華富時不動產,35,11,24,群益金鼎-三民,2024-06-14,9188
6285,啟��,30,8,22,群益金鼎-三民,2024-06-14,9188
3122,笙泉,24,3,21,群益金鼎-三民,2024-06-14,9188
3363,上詮,28,8,20,群益金鼎-三民,2024-06-14,9188
3605,宏致,25,5,20,群益金鼎-三民,2024-06-14,9188
00915,凱基優選高股息30,107,88,19,群益金鼎-三民,2024-06-14,9188
2352,佳世達,19,1,18,群益金鼎-三民,2024-06-14,9188
2208,台船,18,0,18,群益金鼎-三民,2024-06-14,9188
00936,台新永續高息中小,18,3,15,群益金鼎-三民,2024-06-14,9188
6161,捷波,47,32,15,群益金鼎-三民,2024-06-14,9188
6770,力積電,25,11,14,群益金鼎-三民,2024-06-14,9188
00882,中信中國高股息,17,3,14,群益金鼎-三民,2024-06-14,9188
1587,吉茂,20,6,14,群益金鼎-三民,2024-06-14,9188
00878,國泰永續高股息,118,104,14,群益金鼎-三民,2024-06-14,9188
1710,東聯,12,0,12,群益金鼎-三民,2024-06-14,9188
00713,元大台灣高息低波,82,70,12,群益金鼎-三民,2024-06-14,9188
2027,大成鋼,12,0,12,群益金鼎-三民,2024-06-14,9188
2331,精英,19,8,11,群益金鼎-三民,2024-06-14,9188
2405,輔信,12,1,11,群益金鼎-三民,2024-06-14,9188
00772B,中信高評級公司債,11,0,11,群益金鼎-三民,2024-06-14,9188
2344,華邦電,20,9,11,群益金鼎-三民,2024-06-14,9188
2010,春源,11,0,11,群益金鼎-三民,2024-06-14,9188
6606,建德工業,11,0,11,群益金鼎-三民,2024-06-14,9188
00935,野村臺灣新科技50,11,0,11,群益金鼎-三民,2024-06-14,9188
1524,耿鼎,12,1,11,群益金鼎-三民,2024-06-14,9188
2618,長榮航,28,18,10,群益金鼎-三民,2024-06-14,9188
6841,長佳智能,13,3,10,群益金鼎-三民,2024-06-14,9188
00632R,元大台灣50反1,1522,503,1019,群益金鼎-三民,2024-06-17,9188
00918,大華優利高填息30,532,123,409,群益金鼎-三民,2024-06-17,9188
00937B,群益ESG投等債20,743,358,385,群益金鼎-三民,2024-06-17,9188
00948B,中信優息投資級債,254,1,253,群益金鼎-三民,2024-06-17,9188
00896,中信綠能及電動車,220,0,220,群益金鼎-三民,2024-06-17,9188
00687B,國泰20年美債,225,7,218,群益金鼎-三民,2024-06-17,9188
00933B,國泰10Y+金融債,291,83,208,群益金鼎-三民,2024-06-17,9188
00919,群益台灣精選高息,231,73,158,群益金鼎-三民,2024-06-17,9188
00712,復華富時不動產,155,0,155,群益金鼎-三民,2024-06-17,9188
6877,鏵友益,111,0,111,群益金鼎-三民,2024-06-17,9188
911868,同方友友-DR,80,0,80,群益金鼎-三民,2024-06-17,9188
00946,群益科技高息成長,933,862,71,群益金鼎-三民,2024-06-17,9188
2610,華航,101,33,68,群益金鼎-三民,2024-06-17,9188
911622,泰聚亨-DR,60,0,60,群益金鼎-三民,2024-06-17,9188
1326,台化,52,0,52,群益金鼎-三民,2024-06-17,9188
6176,瑞儀,50,0,50,群益金鼎-三民,2024-06-17,9188
00936,台新永續高息中小,99,50,49,群益金鼎-三民,2024-06-17,9188
2489,瑞軒,37,4,33,群益金鼎-三民,2024-06-17,9188
2882,國泰金,34,2,32,群益金鼎-三民,2024-06-17,9188
9919,康那香,87,55,32,群益金鼎-三民,2024-06-17,9188
2615,萬海,73,42,31,群益金鼎-三民,2024-06-17,9188
00885,富邦越南,27,0,27,群益金鼎-三民,2024-06-17,9188
2356,英業達,33,7,26,群益金鼎-三民,2024-06-17,9188
1612,宏泰,29,3,26,群益金鼎-三民,2024-06-17,9188
2455,全新,26,1,25,群益金鼎-三民,2024-06-17,9188
8059,凱碩,24,0,24,群益金鼎-三民,2024-06-17,9188
2317,鴻海,46,24,22,群益金鼎-三民,2024-06-17,9188
2049,上銀,21,0,21,群益金鼎-三民,2024-06-17,9188
00680L,元大美債20正2,20,1,19,群益金鼎-三民,2024-06-17,9188
2365,昆盈,22,3,19,群益金鼎-三民,2024-06-17,9188
2601,益航,19,0,19,群益金鼎-三民,2024-06-17,9188
2515,中工,20,2,18,群益金鼎-三民,2024-06-17,9188
00688L,國泰20年美債正2,18,1,17,群益金鼎-三民,2024-06-17,9188
5353,台林,15,0,15,群益金鼎-三民,2024-06-17,9188
1110,東泥,15,0,15,群益金鼎-三民,2024-06-17,9188
1560,中砂,15,0,15,群益金鼎-三民,2024-06-17,9188
3024,憶聲,18,3,15,群益金鼎-三民,2024-06-17,9188
2884,玉山金,15,0,15,群益金鼎-三民,2024-06-17,9188
3706,神達,15,2,13,群益金鼎-三民,2024-06-17,9188
3363,上詮,33,20,13,群益金鼎-三民,2024-06-17,9188
3013,晟銘電,28,15,13,群益金鼎-三民,2024-06-17,9188
1513,中興電,29,17,12,群益金鼎-三民,2024-06-17,9188
6161,捷波,16,4,12,群益金鼎-三民,2024-06-17,9188
3059,華晶科,15,3,12,群益金鼎-三民,2024-06-17,9188
2367,燿華,15,3,12,群益金鼎-三民,2024-06-17,9188
3622,洋華,20,8,12,群益金鼎-三民,2024-06-17,9188
2354,鴻準,16,5,11,群益金鼎-三民,2024-06-17,9188
00772B,中信高評級公司債,11,0,11,群益金鼎-三民,2024-06-17,9188
1503,士電,24,13,11,群益金鼎-三民,2024-06-17,9188
1616,億泰,13,3,10,群益金鼎-三民,2024-06-17,9188
2883,凱基金,545,44,501,群益金鼎-三民,2024-06-18,9188
00948B,中信優息投資級債,452,100,352,群益金鼎-三民,2024-06-18,9188
00918,大華優利高填息30,240,32,208,群益金鼎-三民,2024-06-18,9188
00688L,國泰20年美債正2,159,1,158,群益金鼎-三民,2024-06-18,9188
00687B,國泰20年美債,155,1,154,群益金鼎-三民,2024-06-18,9188
00933B,國泰10Y+金融債,117,8,109,群益金鼎-三民,2024-06-18,9188
6877,鏵友益,103,19,84,群益金鼎-三民,2024-06-18,9188
2312,金寶,75,2,73,群益金鼎-三民,2024-06-18,9188
9105,泰金寶-DR,67,12,55,群益金鼎-三民,2024-06-18,9188
2371,大同,90,36,54,群益金鼎-三民,2024-06-18,9188
00929,復華台灣科技優息,56,19,37,群益金鼎-三民,2024-06-18,9188
00713,元大台灣高息低波,95,58,37,群益金鼎-三民,2024-06-18,9188
00712,復華富時不動產,68,32,36,群益金鼎-三民,2024-06-18,9188
1815,富喬,90,54,36,群益金鼎-三民,2024-06-18,9188
2867,三商壽,35,2,33,群益金鼎-三民,2024-06-18,9188
4562,穎漢,44,11,33,群益金鼎-三民,2024-06-18,9188
3605,宏致,30,0,30,群益金鼎-三民,2024-06-18,9188
6116,彩晶,27,0,27,群益金鼎-三民,2024-06-18,9188
2429,銘旺科,26,0,26,群益金鼎-三民,2024-06-18,9188
2353,宏��,43,17,26,群益金鼎-三民,2024-06-18,9188
3537,堡達,25,0,25,群益金鼎-三民,2024-06-18,9188
3071,協禧,24,0,24,群益金鼎-三民,2024-06-18,9188
1104,環泥,23,0,23,群益金鼎-三民,2024-06-18,9188
5371,中光電,22,0,22,群益金鼎-三民,2024-06-18,9188
6770,力積電,29,7,22,群益金鼎-三民,2024-06-18,9188
8096,擎亞,43,22,21,群益金鼎-三民,2024-06-18,9188
1802,台玻,24,3,21,群益金鼎-三民,2024-06-18,9188
5512,力麒,20,0,20,群益金鼎-三民,2024-06-18,9188
4128,中天,20,0,20,群益金鼎-三民,2024-06-18,9188
1723,中碳,20,0,20,群益金鼎-三民,2024-06-18,9188
00897,富邦基因免疫生技,20,0,20,群益金鼎-三民,2024-06-18,9188
6170,統振,20,0,20,群益金鼎-三民,2024-06-18,9188
2108,南帝,20,0,20,群益金鼎-三民,2024-06-18,9188
2506,太設,20,0,20,群益金鼎-三民,2024-06-18,9188
2464,盟立,20,0,20,群益金鼎-三民,2024-06-18,9188
00664R,國泰臺灣加權反1,20,0,20,群益金鼎-三民,2024-06-18,9188
2515,中工,21,3,18,群益金鼎-三民,2024-06-18,9188
00921,兆豐龍頭等權重,18,0,18,群益金鼎-三民,2024-06-18,9188
2355,敬鵬,19,1,18,群益金鼎-三民,2024-06-18,9188
2423,固緯,18,0,18,群益金鼎-三民,2024-06-18,9188
2317,鴻海,53,36,17,群益金鼎-三民,2024-06-18,9188
2603,長榮,19,3,16,群益金鼎-三民,2024-06-18,9188
3048,益登,69,54,15,群益金鼎-三民,2024-06-18,9188
5484,慧友,16,2,14,群益金鼎-三民,2024-06-18,9188
3376,新日興,24,10,14,群益金鼎-三民,2024-06-18,9188
4714,永捷,20,7,13,群益金鼎-三民,2024-06-18,9188
3257,虹冠電,13,0,13,群益金鼎-三民,2024-06-18,9188
2367,燿華,16,3,13,群益金鼎-三民,2024-06-18,9188
3090,日電貿,13,0,13,群益金鼎-三民,2024-06-18,9188
2409,友達,18,6,12,群益金鼎-三民,2024-06-18,9188
00632R,元大台灣50反1,371,127,244,群益金鼎-三民,2024-06-19,9188
2618,長榮航,231,93,138,群益金鼎-三民,2024-06-19,9188
00687B,國泰20年美債,118,3,115,群益金鼎-三民,2024-06-19,9188
00933B,國泰10Y+金融債,152,62,90,群益金鼎-三民,2024-06-19,9188
00664R,國泰臺灣加權反1,81,0,81,群益金鼎-三民,2024-06-19,9188
00946,群益科技高息成長,983,917,66,群益金鼎-三民,2024-06-19,9188
3713,新晶投控,60,0,60,群益金鼎-三民,2024-06-19,9188
00936,台新永續高息中小,68,11,57,群益金鼎-三民,2024-06-19,9188
00720B,元大投資級公司債,46,0,46,群益金鼎-三民,2024-06-19,9188
00665L,富邦�琤肭磪囓�2,46,1,45,群益金鼎-三民,2024-06-19,9188
00712,復華富時不動產,45,0,45,群益金鼎-三民,2024-06-19,9188
00942B,台新美A公司債20+,40,5,35,群益金鼎-三民,2024-06-19,9188
00885,富邦越南,35,1,34,群益金鼎-三民,2024-06-19,9188
4935,茂林-KY,33,0,33,群益金鼎-三民,2024-06-19,9188
5443,均豪,45,15,30,群益金鼎-三民,2024-06-19,9188
00637L,元大滬深300正2,30,3,27,群益金鼎-三民,2024-06-19,9188
3437,榮創,23,0,23,群益金鼎-三民,2024-06-19,9188
4167,松瑞藥,25,2,23,群益金鼎-三民,2024-06-19,9188
2371,大同,70,47,23,群益金鼎-三民,2024-06-19,9188
3673,TPK-KY,26,4,22,群益金鼎-三民,2024-06-19,9188
2208,台船,23,1,22,群益金鼎-三民,2024-06-19,9188
2353,宏��,28,7,21,群益金鼎-三民,2024-06-19,9188
6140,訊達,22,1,21,群益金鼎-三民,2024-06-19,9188
2606,裕民,22,2,20,群益金鼎-三民,2024-06-19,9188
2392,正崴,28,9,19,群益金鼎-三民,2024-06-19,9188
5608,四維航,17,0,17,群益金鼎-三民,2024-06-19,9188
1815,富喬,78,62,16,群益金鼎-三民,2024-06-19,9188
6161,捷波,16,0,16,群益金鼎-三民,2024-06-19,9188
6282,康舒,17,1,16,群益金鼎-三民,2024-06-19,9188
2399,映泰,33,18,15,群益金鼎-三民,2024-06-19,9188
00904,新光臺灣半導體30,15,0,15,群益金鼎-三民,2024-06-19,9188
2707,晶華,15,0,15,群益金鼎-三民,2024-06-19,9188
1316,上曜,15,0,15,群益金鼎-三民,2024-06-19,9188
6449,鈺邦,16,1,15,群益金鼎-三民,2024-06-19,9188
00650L,復華香港正2,15,0,15,群益金鼎-三民,2024-06-19,9188
8927,北基,15,0,15,群益金鼎-三民,2024-06-19,9188
8477,創業家,15,0,15,群益金鼎-三民,2024-06-19,9188
2365,昆盈,85,70,15,群益金鼎-三民,2024-06-19,9188
00713,元大台灣高息低波,99,85,14,群益金鼎-三民,2024-06-19,9188
8936,國統,15,1,14,群益金鼎-三民,2024-06-19,9188
1303,南亞,16,3,13,群益金鼎-三民,2024-06-19,9188
2374,佳能,20,7,13,群益金鼎-三民,2024-06-19,9188
2641,正德,16,3,13,群益金鼎-三民,2024-06-19,9188
2351,順德,13,0,13,群益金鼎-三民,2024-06-19,9188
2867,三商壽,12,0,12,群益金鼎-三民,2024-06-19,9188
6188,廣明,26,14,12,群益金鼎-三民,2024-06-19,9188
5371,中光電,13,1,12,群益金鼎-三民,2024-06-19,9188
1503,士電,21,9,12,群益金鼎-三民,2024-06-19,9188
6129,普誠,12,0,12,群益金鼎-三民,2024-06-19,9188
3374,精材,16,5,11,群益金鼎-三民,2024-06-19,9188
00937B,群益ESG投等債20,1784,1271,513,群益金鼎-三民,2024-06-20,9188
00632R,元大台灣50反1,533,42,491,群益金鼎-三民,2024-06-20,9188
00942B,台新美A公司債20+,116,0,116,群益金鼎-三民,2024-06-20,9188
00948B,中信優息投資級債,596,500,96,群益金鼎-三民,2024-06-20,9188
1309,台達化,80,3,77,群益金鼎-三民,2024-06-20,9188
1326,台化,70,0,70,群益金鼎-三民,2024-06-20,9188
2610,華航,67,3,64,群益金鼎-三民,2024-06-20,9188
00933B,國泰10Y+金融債,175,125,50,群益金鼎-三民,2024-06-20,9188
3045,台灣大,72,24,48,群益金鼎-三民,2024-06-20,9188
1210,大成,44,0,44,群益金鼎-三民,2024-06-20,9188
2353,宏��,53,12,41,群益金鼎-三民,2024-06-20,9188
2618,長榮航,52,12,40,群益金鼎-三民,2024-06-20,9188
00936,台新永續高息中小,71,32,39,群益金鼎-三民,2024-06-20,9188
1513,中興電,58,21,37,群益金鼎-三民,2024-06-20,9188
3149,正達,37,0,37,群益金鼎-三民,2024-06-20,9188
00885,富邦越南,36,0,36,群益金鼎-三民,2024-06-20,9188
2330,台積電,41,13,28,群益金鼎-三民,2024-06-20,9188
00946,群益科技高息成長,806,781,25,群益金鼎-三民,2024-06-20,9188
1304,台聚,25,0,25,群益金鼎-三民,2024-06-20,9188
2641,正德,24,0,24,群益金鼎-三民,2024-06-20,9188
6712,長聖,23,0,23,群益金鼎-三民,2024-06-20,9188
5213,亞昕,20,0,20,群益金鼎-三民,2024-06-20,9188
8096,擎亞,30,10,20,群益金鼎-三民,2024-06-20,9188
8064,東捷,30,12,18,群益金鼎-三民,2024-06-20,9188
2489,瑞軒,20,3,17,群益金鼎-三民,2024-06-20,9188
8105,凌巨,54,37,17,群益金鼎-三民,2024-06-20,9188
3605,宏致,16,0,16,群益金鼎-三民,2024-06-20,9188
2887,台新金,24,8,16,群益金鼎-三民,2024-06-20,9188
2316,楠梓電,31,16,15,群益金鼎-三民,2024-06-20,9188
1611,中電,20,5,15,群益金鼎-三民,2024-06-20,9188
2458,義隆,15,0,15,群益金鼎-三民,2024-06-20,9188
1609,大亞,28,13,15,群益金鼎-三民,2024-06-20,9188
1316,上曜,15,0,15,群益金鼎-三民,2024-06-20,9188
9105,泰金寶-DR,15,1,14,群益金鼎-三民,2024-06-20,9188
2882,國泰金,42,28,14,群益金鼎-三民,2024-06-20,9188
00712,復華富時不動產,13,0,13,群益金鼎-三民,2024-06-20,9188
00720B,元大投資級公司債,13,0,13,群益金鼎-三民,2024-06-20,9188
4958,臻鼎-KY,17,4,13,群益金鼎-三民,2024-06-20,9188
3034,聯詠,12,0,12,群益金鼎-三民,2024-06-20,9188
8039,台虹,17,5,12,群益金鼎-三民,2024-06-20,9188
6005,群益證,12,1,11,群益金鼎-三民,2024-06-20,9188
00881,國泰台灣5G+,14,3,11,群益金鼎-三民,2024-06-20,9188
3338,泰碩,13,2,11,群益金鼎-三民,2024-06-20,9188
00751B,元大AAA至A公司債,11,0,11,群益金鼎-三民,2024-06-20,9188
4142,國光生,12,1,11,群益金鼎-三民,2024-06-20,9188
3508,位速,21,10,11,群益金鼎-三民,2024-06-20,9188
00713,元大台灣高息低波,62,51,11,群益金鼎-三民,2024-06-20,9188
5443,均豪,32,21,11,群益金鼎-三民,2024-06-20,9188
00679B,元大美債20年,84,74,10,群益金鼎-三民,2024-06-20,9188
2537,聯上發,15,5,10,群益金鼎-三民,2024-06-20,9188
00936,台新永續高息中小,320,1,319,群益金鼎-三民,2024-06-21,9188
00937B,群益ESG投等債20,2117,1822,295,群益金鼎-三民,2024-06-21,9188
00940,元大台灣價值高息,189,31,158,群益金鼎-三民,2024-06-21,9188
00942B,台新美A公司債20+,124,0,124,群益金鼎-三民,2024-06-21,9188
8054,安國,118,0,118,群益金鼎-三民,2024-06-21,9188
3481,群創,419,307,112,群益金鼎-三民,2024-06-21,9188
3363,上詮,95,1,94,群益金鼎-三民,2024-06-21,9188
1314,中石化,76,4,72,群益金鼎-三民,2024-06-21,9188
00933B,國泰10Y+金融債,186,126,60,群益金鼎-三民,2024-06-21,9188
6877,鏵友益,56,0,56,群益金鼎-三民,2024-06-21,9188
6288,聯嘉,47,0,47,群益金鼎-三民,2024-06-21,9188
2352,佳世達,44,0,44,群益金鼎-三民,2024-06-21,9188
1210,大成,44,0,44,群益金鼎-三民,2024-06-21,9188
00687B,國泰20年美債,41,1,40,群益金鼎-三民,2024-06-21,9188
00915,凱基優選高股息30,38,0,38,群益金鼎-三民,2024-06-21,9188
5880,合庫金,37,2,35,群益金鼎-三民,2024-06-21,9188
00692,富邦公司治理,33,0,33,群益金鼎-三民,2024-06-21,9188
3715,定穎投控,44,12,32,群益金鼎-三民,2024-06-21,9188
3265,台星科,46,16,30,群益金鼎-三民,2024-06-21,9188
2498,宏達電,70,42,28,群益金鼎-三民,2024-06-21,9188
2354,鴻準,39,11,28,群益金鼎-三民,2024-06-21,9188
2313,華通,39,11,28,群益金鼎-三民,2024-06-21,9188
2609,陽明,71,44,27,群益金鼎-三民,2024-06-21,9188
8096,擎亞,30,4,26,群益金鼎-三民,2024-06-21,9188
3450,聯鈞,46,21,25,群益金鼎-三民,2024-06-21,9188
5213,亞昕,25,0,25,群益金鼎-三民,2024-06-21,9188
00712,復華富時不動產,25,0,25,群益金鼎-三民,2024-06-21,9188
4114,健喬,24,0,24,群益金鼎-三民,2024-06-21,9188
00946,群益科技高息成長,814,791,23,群益金鼎-三民,2024-06-21,9188
1611,中電,24,2,22,群益金鼎-三民,2024-06-21,9188
3025,星通,32,10,22,群益金鼎-三民,2024-06-21,9188
6269,台郡,28,6,22,群益金鼎-三民,2024-06-21,9188
2537,聯上發,24,3,21,群益金鼎-三民,2024-06-21,9188
1815,富喬,36,15,21,群益金鼎-三民,2024-06-21,9188
2504,國產,20,0,20,群益金鼎-三民,2024-06-21,9188
6645,金萬林-創,20,0,20,群益金鼎-三民,2024-06-21,9188
00753L,中信中國50正2,20,0,20,群益金鼎-三民,2024-06-21,9188
00929,復華台灣科技優息,200,181,19,群益金鼎-三民,2024-06-21,9188
1504,東元,18,0,18,群益金鼎-三民,2024-06-21,9188
2382,廣達,33,17,16,群益金鼎-三民,2024-06-21,9188
8011,台通,22,6,16,群益金鼎-三民,2024-06-21,9188
5371,中光電,20,4,16,群益金鼎-三民,2024-06-21,9188
2547,日勝生,16,0,16,群益金鼎-三民,2024-06-21,9188
6229,研通,16,0,16,群益金鼎-三民,2024-06-21,9188
2423,固緯,18,2,16,群益金鼎-三民,2024-06-21,9188
4142,國光生,15,0,15,群益金鼎-三民,2024-06-21,9188
2867,三商壽,15,0,15,群益金鼎-三民,2024-06-21,9188
1316,上曜,15,0,15,群益金鼎-三民,2024-06-21,9188
00881,國泰台灣5G+,15,0,15,群益金鼎-三民,2024-06-21,9188
1513,中興電,19,5,14,群益金鼎-三民,2024-06-21,9188
00936,台新永續高息中小,337,15,322,群益金鼎-三民,2024-06-24,9188
00942B,台新美A公司債20+,280,3,277,群益金鼎-三民,2024-06-24,9188
00937B,群益ESG投等債20,882,698,184,群益金鼎-三民,2024-06-24,9188
00919,群益台灣精選高息,323,164,159,群益金鼎-三民,2024-06-24,9188
2409,友達,146,5,141,群益金鼎-三民,2024-06-24,9188
00671R,富邦NASDAQ反1,140,0,140,群益金鼎-三民,2024-06-24,9188
2607,榮運,121,2,119,群益金鼎-三民,2024-06-24,9188
00706L,期元大S＆P日圓正2,106,0,106,群益金鼎-三民,2024-06-24,9188
00688L,國泰20年美債正2,101,1,100,群益金鼎-三民,2024-06-24,9188
00687B,國泰20年美債,103,9,94,群益金鼎-三民,2024-06-24,9188
2408,南亞科,83,5,78,群益金鼎-三民,2024-06-24,9188
2317,鴻海,162,98,64,群益金鼎-三民,2024-06-24,9188
2369,菱生,76,15,61,群益金鼎-三民,2024-06-24,9188
9941,裕融,57,0,57,群益金鼎-三民,2024-06-24,9188
3711,日月光投控,45,0,45,群益金鼎-三民,2024-06-24,9188
1319,東陽,54,10,44,群益金鼎-三民,2024-06-24,9188
3231,緯創,49,13,36,群益金鼎-三民,2024-06-24,9188
00946,群益科技高息成長,838,802,36,群益金鼎-三民,2024-06-24,9188
1409,新纖,46,15,31,群益金鼎-三民,2024-06-24,9188
6431,光麗-KY,30,0,30,群益金鼎-三民,2024-06-24,9188
3013,晟銘電,45,17,28,群益金鼎-三民,2024-06-24,9188
0056,元大高股息,29,1,28,群益金鼎-三民,2024-06-24,9188
00891,中信關鍵半導體,27,1,26,群益金鼎-三民,2024-06-24,9188
2324,仁寶,44,19,25,群益金鼎-三民,2024-06-24,9188
2615,萬海,75,50,25,群益金鼎-三民,2024-06-24,9188
2330,台積電,35,11,24,群益金鼎-三民,2024-06-24,9188
1785,光洋科,125,101,24,群益金鼎-三民,2024-06-24,9188
3532,台勝科,33,10,23,群益金鼎-三民,2024-06-24,9188
2867,三商壽,23,0,23,群益金鼎-三民,2024-06-24,9188
3062,建漢,123,101,22,群益金鼎-三民,2024-06-24,9188
8011,台通,38,16,22,群益金鼎-三民,2024-06-24,9188
2038,海光,21,0,21,群益金鼎-三民,2024-06-24,9188
2356,英業達,55,34,21,群益金鼎-三民,2024-06-24,9188
1301,台塑,21,0,21,群益金鼎-三民,2024-06-24,9188
00673R,期元大S＆P原油反1,20,0,20,群益金鼎-三民,2024-06-24,9188
2002,中鋼,19,0,19,群益金鼎-三民,2024-06-24,9188
2399,映泰,20,1,19,群益金鼎-三民,2024-06-24,9188
5469,瀚宇博,19,0,19,群益金鼎-三民,2024-06-24,9188
2376,技嘉,20,1,19,群益金鼎-三民,2024-06-24,9188
6161,捷波,18,0,18,群益金鼎-三民,2024-06-24,9188
2329,華泰,20,2,18,群益金鼎-三民,2024-06-24,9188
00918,大華優利高填息30,27,10,17,群益金鼎-三民,2024-06-24,9188
2504,國產,18,1,17,群益金鼎-三民,2024-06-24,9188
00939,統一台灣高息動能,34,17,17,群益金鼎-三民,2024-06-24,9188
6111,大宇資,22,6,16,群益金鼎-三民,2024-06-24,9188
4533,協易機,21,5,16,群益金鼎-三民,2024-06-24,9188
5328,華容,56,40,16,群益金鼎-三民,2024-06-24,9188
2363,矽統,22,6,16,群益金鼎-三民,2024-06-24,9188
2897,王道銀行,17,1,16,群益金鼎-三民,2024-06-24,9188
4979,華星光,16,0,16,群益金鼎-三民,2024-06-24,9188
3481,群創,368,118,250,群益金鼎-三民,2024-06-25,9188
8110,華東,193,33,160,群益金鼎-三民,2024-06-25,9188
911622,泰聚亨-DR,150,0,150,群益金鼎-三民,2024-06-25,9188
00936,台新永續高息中小,134,4,130,群益金鼎-三民,2024-06-25,9188
00712,復華富時不動產,105,0,105,群益金鼎-三民,2024-06-25,9188
00942B,台新美A公司債20+,100,0,100,群益金鼎-三民,2024-06-25,9188
911868,同方友友-DR,100,0,100,群益金鼎-三民,2024-06-25,9188
00680L,元大美債20正2,105,7,98,群益金鼎-三民,2024-06-25,9188
00929,復華台灣科技優息,216,119,97,群益金鼎-三民,2024-06-25,9188
2303,聯電,69,0,69,群益金鼎-三民,2024-06-25,9188
00637L,元大滬深300正2,67,0,67,群益金鼎-三民,2024-06-25,9188
00946,群益科技高息成長,833,770,63,群益金鼎-三民,2024-06-25,9188
00715L,期街口布蘭特正2,58,0,58,群益金鼎-三民,2024-06-25,9188
00919,群益台灣精選高息,112,54,58,群益金鼎-三民,2024-06-25,9188
00725B,國泰投資級公司債,57,3,54,群益金鼎-三民,2024-06-25,9188
00948B,中信優息投資級債,50,0,50,群益金鼎-三民,2024-06-25,9188
2409,友達,47,0,47,群益金鼎-三民,2024-06-25,9188
1815,富喬,86,41,45,群益金鼎-三民,2024-06-25,9188
6116,彩晶,35,0,35,群益金鼎-三民,2024-06-25,9188
2371,大同,48,16,32,群益金鼎-三民,2024-06-25,9188
00857B,永豐20年美公債,31,0,31,群益金鼎-三民,2024-06-25,9188
2883,凱基金,43,15,28,群益金鼎-三民,2024-06-25,9188
00939,統一台灣高息動能,29,2,27,群益金鼎-三民,2024-06-25,9188
5452,佶優,43,16,27,群益金鼎-三民,2024-06-25,9188
00933B,國泰10Y+金融債,79,54,25,群益金鼎-三民,2024-06-25,9188
1303,南亞,25,0,25,群益金鼎-三民,2024-06-25,9188
1504,東元,24,0,24,群益金鼎-三民,2024-06-25,9188
2002,中鋼,32,10,22,群益金鼎-三民,2024-06-25,9188
3083,網龍,24,2,22,群益金鼎-三民,2024-06-25,9188
1301,台塑,21,1,20,群益金鼎-三民,2024-06-25,9188
2406,國碩,30,10,20,群益金鼎-三民,2024-06-25,9188
3663,鑫科,21,4,17,群益金鼎-三民,2024-06-25,9188
00679B,元大美債20年,44,27,17,群益金鼎-三民,2024-06-25,9188
2352,佳世達,41,26,15,群益金鼎-三民,2024-06-25,9188
2834,臺企銀,15,0,15,群益金鼎-三民,2024-06-25,9188
6269,台郡,20,5,15,群益金鼎-三民,2024-06-25,9188
00686R,群益臺灣加權反1,20,5,15,群益金鼎-三民,2024-06-25,9188
5512,力麒,17,2,15,群益金鼎-三民,2024-06-25,9188
2892,第一金,20,5,15,群益金鼎-三民,2024-06-25,9188
1514,亞力,44,30,14,群益金鼎-三民,2024-06-25,9188
00830,國泰費城半導體,14,0,14,群益金鼎-三民,2024-06-25,9188
00885,富邦越南,14,0,14,群益金鼎-三民,2024-06-25,9188
6177,達麗,13,0,13,群益金鼎-三民,2024-06-25,9188
0056,元大高股息,18,5,13,群益金鼎-三民,2024-06-25,9188
00918,大華優利高填息30,12,0,12,群益金鼎-三民,2024-06-25,9188
00927,群益半導體收益,15,3,12,群益金鼎-三民,2024-06-25,9188
4566,時碩工業,27,15,12,群益金鼎-三民,2024-06-25,9188
3090,日電貿,13,1,12,群益金鼎-三民,2024-06-25,9188
6861,睿生光電,13,1,12,群益金鼎-三民,2024-06-25,9188
2891,中信金,13,1,12,群益金鼎-三民,2024-06-25,9188
00946,群益科技高息成長,1585,770,815,群益金鼎-三民,2024-06-26,9188
00632R,元大台灣50反1,330,120,210,群益金鼎-三民,2024-06-26,9188
00936,台新永續高息中小,187,2,185,群益金鼎-三民,2024-06-26,9188
8277,商丞,122,10,112,群益金鼎-三民,2024-06-26,9188
00919,群益台灣精選高息,117,21,96,群益金鼎-三民,2024-06-26,9188
2884,玉山金,74,0,74,群益金鼎-三民,2024-06-26,9188
2010,春源,70,0,70,群益金鼎-三民,2024-06-26,9188
2409,友達,119,51,68,群益金鼎-三民,2024-06-26,9188
2017,官田鋼,62,0,62,群益金鼎-三民,2024-06-26,9188
00929,復華台灣科技優息,77,23,54,群益金鼎-三民,2024-06-26,9188
6877,鏵友益,64,12,52,群益金鼎-三民,2024-06-26,9188
3673,TPK-KY,50,2,48,群益金鼎-三民,2024-06-26,9188
4109,加捷生醫,45,0,45,群益金鼎-三民,2024-06-26,9188
1789,神隆,50,10,40,群益金鼎-三民,2024-06-26,9188
2885,元大金,40,0,40,群益金鼎-三民,2024-06-26,9188
2883,凱基金,40,1,39,群益金鼎-三民,2024-06-26,9188
2352,佳世達,39,2,37,群益金鼎-三民,2024-06-26,9188
2002,中鋼,108,74,34,群益金鼎-三民,2024-06-26,9188
9105,泰金寶-DR,82,50,32,群益金鼎-三民,2024-06-26,9188
1301,台塑,46,15,31,群益金鼎-三民,2024-06-26,9188
1312,國喬,30,0,30,群益金鼎-三民,2024-06-26,9188
2353,宏��,39,10,29,群益金鼎-三民,2024-06-26,9188
00878,國泰永續高股息,52,23,29,群益金鼎-三民,2024-06-26,9188
2609,陽明,45,16,29,群益金鼎-三民,2024-06-26,9188
5880,合庫金,29,0,29,群益金鼎-三民,2024-06-26,9188
8085,福華,35,7,28,群益金鼎-三民,2024-06-26,9188
00881,國泰台灣5G+,26,0,26,群益金鼎-三民,2024-06-26,9188
2801,彰銀,25,0,25,群益金鼎-三民,2024-06-26,9188
2408,南亞科,37,13,24,群益金鼎-三民,2024-06-26,9188
2887,台新金,24,0,24,群益金鼎-三民,2024-06-26,9188
1303,南亞,24,0,24,群益金鼎-三民,2024-06-26,9188
2317,鴻海,63,40,23,群益金鼎-三民,2024-06-26,9188
6770,力積電,24,1,23,群益金鼎-三民,2024-06-26,9188
2369,菱生,20,0,20,群益金鼎-三民,2024-06-26,9188
2344,華邦電,26,7,19,群益金鼎-三民,2024-06-26,9188
2537,聯上發,23,4,19,群益金鼎-三民,2024-06-26,9188
2355,敬鵬,22,5,17,群益金鼎-三民,2024-06-26,9188
3587,閎康,17,0,17,群益金鼎-三民,2024-06-26,9188
6173,信昌電,27,11,16,群益金鼎-三民,2024-06-26,9188
1605,華新,15,0,15,群益金鼎-三民,2024-06-26,9188
2515,中工,19,4,15,群益金鼎-三民,2024-06-26,9188
3045,台灣大,26,12,14,群益金鼎-三民,2024-06-26,9188
8011,台通,14,0,14,群益金鼎-三民,2024-06-26,9188
00713,元大台灣高息低波,13,0,13,群益金鼎-三民,2024-06-26,9188
00772B,中信高評級公司債,13,0,13,群益金鼎-三民,2024-06-26,9188
2365,昆盈,33,20,13,群益金鼎-三民,2024-06-26,9188
3580,友威科,21,9,12,群益金鼎-三民,2024-06-26,9188
1785,光洋科,50,38,12,群益金鼎-三民,2024-06-26,9188
3372,典範,13,1,12,群益金鼎-三民,2024-06-26,9188
2892,第一金,12,0,12,群益金鼎-三民,2024-06-26,9188
00632R,元大台灣50反1,294,0,294,群益金鼎-三民,2024-06-27,9188
00936,台新永續高息中小,291,11,280,群益金鼎-三民,2024-06-27,9188
2885,元大金,257,0,257,群益金鼎-三民,2024-06-27,9188
00937B,群益ESG投等債20,1025,804,221,群益金鼎-三民,2024-06-27,9188
2618,長榮航,464,264,200,群益金鼎-三民,2024-06-27,9188
2303,聯電,197,11,186,群益金鼎-三民,2024-06-27,9188
00929,復華台灣科技優息,309,166,143,群益金鼎-三民,2024-06-27,9188
3481,群創,120,17,103,群益金鼎-三民,2024-06-27,9188
5355,佳總,100,1,99,群益金鼎-三民,2024-06-27,9188
00679B,元大美債20年,76,1,75,群益金鼎-三民,2024-06-27,9188
2838,聯邦銀,85,10,75,群益金鼎-三民,2024-06-27,9188
2884,玉山金,73,1,72,群益金鼎-三民,2024-06-27,9188
9105,泰金寶-DR,80,17,63,群益金鼎-三民,2024-06-27,9188
2511,太子,60,0,60,群益金鼎-三民,2024-06-27,9188
00948B,中信優息投資級債,252,200,52,群益金鼎-三民,2024-06-27,9188
8076,伍豐,73,26,47,群益金鼎-三民,2024-06-27,9188
00942B,台新美A公司債20+,41,0,41,群益金鼎-三民,2024-06-27,9188
4934,太極,40,1,39,群益金鼎-三民,2024-06-27,9188
00933B,國泰10Y+金融債,38,1,37,群益金鼎-三民,2024-06-27,9188
6285,啟��,30,0,30,群益金鼎-三民,2024-06-27,9188
1605,華新,28,0,28,群益金鼎-三民,2024-06-27,9188
4938,和碩,27,1,26,群益金鼎-三民,2024-06-27,9188
8085,福華,27,1,26,群益金鼎-三民,2024-06-27,9188
00720B,元大投資級公司債,26,0,26,群益金鼎-三民,2024-06-27,9188
00687B,國泰20年美債,27,1,26,群益金鼎-三民,2024-06-27,9188
00918,大華優利高填息30,25,0,25,群益金鼎-三民,2024-06-27,9188
00878,國泰永續高股息,117,92,25,群益金鼎-三民,2024-06-27,9188
3047,訊舟,78,54,24,群益金鼎-三民,2024-06-27,9188
2352,佳世達,24,0,24,群益金鼎-三民,2024-06-27,9188
00753L,中信中國50正2,24,0,24,群益金鼎-三民,2024-06-27,9188
2344,華邦電,24,0,24,群益金鼎-三民,2024-06-27,9188
00939,統一台灣高息動能,45,22,23,群益金鼎-三民,2024-06-27,9188
9919,康那香,25,2,23,群益金鼎-三民,2024-06-27,9188
00713,元大台灣高息低波,23,0,23,群益金鼎-三民,2024-06-27,9188
2002,中鋼,27,6,21,群益金鼎-三民,2024-06-27,9188
6282,康舒,20,0,20,群益金鼎-三民,2024-06-27,9188
3710,連展投控,20,0,20,群益金鼎-三民,2024-06-27,9188
8107,大億金茂,20,0,20,群益金鼎-三民,2024-06-27,9188
2330,台積電,23,3,20,群益金鼎-三民,2024-06-27,9188
1785,光洋科,37,18,19,群益金鼎-三民,2024-06-27,9188
1611,中電,24,5,19,群益金鼎-三民,2024-06-27,9188
2356,英業達,26,9,17,群益金鼎-三民,2024-06-27,9188
1514,亞力,44,28,16,群益金鼎-三民,2024-06-27,9188
2609,陽明,39,23,16,群益金鼎-三民,2024-06-27,9188
1722,台肥,15,0,15,群益金鼎-三民,2024-06-27,9188
2369,菱生,15,0,15,群益金鼎-三民,2024-06-27,9188
3673,TPK-KY,40,25,15,群益金鼎-三民,2024-06-27,9188
3094,聯傑,15,0,15,群益金鼎-三民,2024-06-27,9188
9904,寶成,14,0,14,群益金鼎-三民,2024-06-27,9188
3062,建漢,40,26,14,群益金鼎-三民,2024-06-27,9188
00937B,群益ESG投等債20,2182,1422,760,群益金鼎-三民,2024-06-28,9188
00948B,中信優息投資級債,760,456,304,群益金鼎-三民,2024-06-28,9188
00936,台新永續高息中小,198,0,198,群益金鼎-三民,2024-06-28,9188
00942B,台新美A公司債20+,172,0,172,群益金鼎-三民,2024-06-28,9188
00688L,國泰20年美債正2,105,2,103,群益金鼎-三民,2024-06-28,9188
00929,復華台灣科技優息,138,41,97,群益金鼎-三民,2024-06-28,9188
2885,元大金,95,23,72,群益金鼎-三民,2024-06-28,9188
00919,群益台灣精選高息,78,12,66,群益金鼎-三民,2024-06-28,9188
00712,復華富時不動產,47,0,47,群益金鼎-三民,2024-06-28,9188
6269,台郡,43,6,37,群益金鼎-三民,2024-06-28,9188
9105,泰金寶-DR,36,0,36,群益金鼎-三民,2024-06-28,9188
2352,佳世達,34,0,34,群益金鼎-三民,2024-06-28,9188
3050,鈺德,36,3,33,群益金鼎-三民,2024-06-28,9188
2883,凱基金,59,26,33,群益金鼎-三民,2024-06-28,9188
5512,力麒,30,0,30,群益金鼎-三民,2024-06-28,9188
2406,國碩,59,30,29,群益金鼎-三民,2024-06-28,9188
2354,鴻準,51,24,27,群益金鼎-三民,2024-06-28,9188
6285,啟��,22,0,22,群益金鼎-三民,2024-06-28,9188
6197,佳必琪,22,1,21,群益金鼎-三民,2024-06-28,9188
4534,慶騰,20,0,20,群益金鼎-三民,2024-06-28,9188
2618,長榮航,62,43,19,群益金鼎-三民,2024-06-28,9188
2427,三商電,18,0,18,群益金鼎-三民,2024-06-28,9188
2392,正崴,23,5,18,群益金鼎-三民,2024-06-28,9188
6182,合晶,17,0,17,群益金鼎-三民,2024-06-28,9188
6806,森崴能源,20,4,16,群益金鼎-三民,2024-06-28,9188
3062,建漢,20,5,15,群益金鼎-三民,2024-06-28,9188
2337,旺宏,29,14,15,群益金鼎-三民,2024-06-28,9188
6261,久元,15,0,15,群益金鼎-三民,2024-06-28,9188
2883B,凱基金乙特,15,0,15,群益金鼎-三民,2024-06-28,9188
2537,聯上發,17,2,15,群益金鼎-三民,2024-06-28,9188
8085,福華,14,0,14,群益金鼎-三民,2024-06-28,9188
2637,慧洋-KY,14,0,14,群益金鼎-三民,2024-06-28,9188
3264,欣銓,14,1,13,群益金鼎-三民,2024-06-28,9188
3715,定穎投控,15,2,13,群益金鼎-三民,2024-06-28,9188
6216,居易,26,13,13,群益金鼎-三民,2024-06-28,9188
2206,三陽工業,13,1,12,群益金鼎-三民,2024-06-28,9188
2002,中鋼,15,3,12,群益金鼎-三民,2024-06-28,9188
3090,日電貿,11,0,11,群益金鼎-三民,2024-06-28,9188
00905,FT臺灣Smart,12,2,10,群益金鼎-三民,2024-06-28,9188
6161,捷波,12,2,10,群益金鼎-三民,2024-06-28,9188
00897,富邦基因免疫生技,10,0,10,群益金鼎-三民,2024-06-28,9188
4142,國光生,10,0,10,群益金鼎-三民,2024-06-28,9188
1402,遠東新,160,150,10,群益金鼎-三民,2024-06-28,9188
6294,智基,10,0,10,群益金鼎-三民,2024-06-28,9188
1471,首利,10,0,10,群益金鼎-三民,2024-06-28,9188
5210,寶碩,10,0,10,群益金鼎-三民,2024-06-28,9188
6016,康和證,10,0,10,群益金鼎-三民,2024-06-28,9188
2401,凌陽,13,3,10,群益金鼎-三民,2024-06-28,9188
2006,東和鋼鐵,70,60,10,群益金鼎-三民,2024-06-28,9188
1611,中電,19,10,9,群益金鼎-三民,2024-06-28,9188
00937B,群益ESG投等債20,1506,570,936,群益金鼎-三民,2024-07-01,9188
00936,台新永續高息中小,271,10,261,群益金鼎-三民,2024-07-01,9188
00688L,國泰20年美債正2,173,0,173,群益金鼎-三民,2024-07-01,9188
2836,高雄銀,120,0,120,群益金鼎-三民,2024-07-01,9188
2607,榮運,110,0,110,群益金鼎-三民,2024-07-01,9188
00929,復華台灣科技優息,196,95,101,群益金鼎-三民,2024-07-01,9188
3673,TPK-KY,93,2,91,群益金鼎-三民,2024-07-01,9188
00942B,台新美A公司債20+,80,0,80,群益金鼎-三民,2024-07-01,9188
2889,國票金,207,136,71,群益金鼎-三民,2024-07-01,9188
00948B,中信優息投資級債,193,125,68,群益金鼎-三民,2024-07-01,9188
00680L,元大美債20正2,69,1,68,群益金鼎-三民,2024-07-01,9188
5315,光聯,50,0,50,群益金鼎-三民,2024-07-01,9188
6234,高僑,50,1,49,群益金鼎-三民,2024-07-01,9188
2883,凱基金,59,10,49,群益金鼎-三民,2024-07-01,9188
00687B,國泰20年美債,49,1,48,群益金鼎-三民,2024-07-01,9188
00679B,元大美債20年,44,0,44,群益金鼎-三民,2024-07-01,9188
9105,泰金寶-DR,42,0,42,群益金鼎-三民,2024-07-01,9188
3049,精金,35,0,35,群益金鼎-三民,2024-07-01,9188
2374,佳能,37,2,35,群益金鼎-三民,2024-07-01,9188
2881,富邦金,42,8,34,群益金鼎-三民,2024-07-01,9188
00933B,國泰10Y+金融債,53,20,33,群益金鼎-三民,2024-07-01,9188
6229,研通,29,0,29,群益金鼎-三民,2024-07-01,9188
2312,金寶,29,1,28,群益金鼎-三民,2024-07-01,9188
2002,中鋼,28,0,28,群益金鼎-三民,2024-07-01,9188
2313,華通,38,11,27,群益金鼎-三民,2024-07-01,9188
6689,伊雲谷,25,0,25,群益金鼎-三民,2024-07-01,9188
2615,萬海,32,8,24,群益金鼎-三民,2024-07-01,9188
0056,元大高股息,27,4,23,群益金鼎-三民,2024-07-01,9188
2365,昆盈,117,96,21,群益金鼎-三民,2024-07-01,9188
4426,利勤,20,0,20,群益金鼎-三民,2024-07-01,9188
00923,群益台ESG低碳50,20,0,20,群益金鼎-三民,2024-07-01,9188
6188,廣明,23,6,17,群益金鼎-三民,2024-07-01,9188
2337,旺宏,21,4,17,群益金鼎-三民,2024-07-01,9188
00931B,統一美債20年,18,1,17,群益金鼎-三民,2024-07-01,9188
1504,東元,16,0,16,群益金鼎-三民,2024-07-01,9188
2537,聯上發,94,78,16,群益金鼎-三民,2024-07-01,9188
2637,慧洋-KY,16,0,16,群益金鼎-三民,2024-07-01,9188
6196,帆宣,16,1,15,群益金鼎-三民,2024-07-01,9188
6152,百一,15,0,15,群益金鼎-三民,2024-07-01,9188
8938,明安,15,0,15,群益金鼎-三民,2024-07-01,9188
8027,鈦昇,14,0,14,群益金鼎-三民,2024-07-01,9188
6161,捷波,14,0,14,群益金鼎-三民,2024-07-01,9188
8234,新漢,15,2,13,群益金鼎-三民,2024-07-01,9188
4909,新復興,14,1,13,群益金鼎-三民,2024-07-01,9188
4532,瑞智,12,0,12,群益金鼎-三民,2024-07-01,9188
3481,群創,27,15,12,群益金鼎-三民,2024-07-01,9188
00885,富邦越南,11,0,11,群益金鼎-三民,2024-07-01,9188
2317,鴻海,40,28,12,群益金鼎-三民,2024-07-01,9188
3050,鈺德,52,41,11,群益金鼎-三民,2024-07-01,9188
6285,啟��,21,10,11,群益金鼎-三民,2024-07-01,9188
2303,聯電,330,5,325,群益金鼎-三民,2024-07-02,9188
00929,復華台灣科技優息,449,221,228,群益金鼎-三民,2024-07-02,9188
00937B,群益ESG投等債20,245,33,212,群益金鼎-三民,2024-07-02,9188
00680L,元大美債20正2,171,1,170,群益金鼎-三民,2024-07-02,9188
00934,中信成長高股息,179,12,167,群益金鼎-三民,2024-07-02,9188
00936,台新永續高息中小,165,15,150,群益金鼎-三民,2024-07-02,9188
2836,高雄銀,140,0,140,群益金鼎-三民,2024-07-02,9188
2317,鴻海,173,39,134,群益金鼎-三民,2024-07-02,9188
6261,久元,118,1,117,群益金鼎-三民,2024-07-02,9188
3481,群創,139,42,97,群益金鼎-三民,2024-07-02,9188
3013,晟銘電,89,0,89,群益金鼎-三民,2024-07-02,9188
6285,啟��,88,0,88,群益金鼎-三民,2024-07-02,9188
00927,群益半導體收益,80,2,78,群益金鼎-三民,2024-07-02,9188
3260,威剛,65,6,59,群益金鼎-三民,2024-07-02,9188
0056,元大高股息,57,0,57,群益金鼎-三民,2024-07-02,9188
2409,友達,54,0,54,群益金鼎-三民,2024-07-02,9188
00942B,台新美A公司債20+,53,0,53,群益金鼎-三民,2024-07-02,9188
00679B,元大美債20年,48,0,48,群益金鼎-三民,2024-07-02,9188
9105,泰金寶-DR,106,61,45,群益金鼎-三民,2024-07-02,9188
5880,合庫金,44,0,44,群益金鼎-三民,2024-07-02,9188
00918,大華優利高填息30,41,0,41,群益金鼎-三民,2024-07-02,9188
2880,華南金,40,0,40,群益金鼎-三民,2024-07-02,9188
00948B,中信優息投資級債,137,99,38,群益金鼎-三民,2024-07-02,9188
2344,華邦電,43,6,37,群益金鼎-三民,2024-07-02,9188
00687B,國泰20年美債,37,1,36,群益金鼎-三民,2024-07-02,9188
3062,建漢,57,21,36,群益金鼎-三民,2024-07-02,9188
6509,聚和,36,0,36,群益金鼎-三民,2024-07-02,9188
2002,中鋼,34,0,34,群益金鼎-三民,2024-07-02,9188
3702,大聯大,42,10,32,群益金鼎-三民,2024-07-02,9188
2349,錸德,112,80,32,群益金鼎-三民,2024-07-02,9188
2820,華票,31,0,31,群益金鼎-三民,2024-07-02,9188
3450,聯鈞,46,17,29,群益金鼎-三民,2024-07-02,9188
1785,光洋科,30,4,26,群益金鼎-三民,2024-07-02,9188
00688L,國泰20年美債正2,25,0,25,群益金鼎-三民,2024-07-02,9188
2374,佳能,25,0,25,群益金鼎-三民,2024-07-02,9188
6269,台郡,24,2,22,群益金鼎-三民,2024-07-02,9188
1783,和康生,23,1,22,群益金鼎-三民,2024-07-02,9188
8039,台虹,21,0,21,群益金鼎-三民,2024-07-02,9188
3703,欣陸,25,4,21,群益金鼎-三民,2024-07-02,9188
1710,東聯,20,0,20,群益金鼎-三民,2024-07-02,9188
2449,京元電子,23,3,20,群益金鼎-三民,2024-07-02,9188
1605,華新,21,1,20,群益金鼎-三民,2024-07-02,9188
5426,振發,21,1,20,群益金鼎-三民,2024-07-02,9188
6016,康和證,20,0,20,群益金鼎-三民,2024-07-02,9188
3535,晶彩科,46,27,19,群益金鼎-三民,2024-07-02,9188
3050,鈺德,21,2,19,群益金鼎-三民,2024-07-02,9188
3576,聯合再生,25,6,19,群益金鼎-三民,2024-07-02,9188
2233,宇隆,18,0,18,群益金鼎-三民,2024-07-02,9188
1303,南亞,17,1,16,群益金鼎-三民,2024-07-02,9188
00795B,中信美國公債20年,17,1,16,群益金鼎-三民,2024-07-02,9188
6261,久元,156,1,155,群益金鼎-三民,2024-07-03,9188
2836,高雄銀,201,60,141,群益金鼎-三民,2024-07-03,9188
3576,聯合再生,207,77,130,群益金鼎-三民,2024-07-03,9188
00936,台新永續高息中小,124,8,116,群益金鼎-三民,2024-07-03,9188
2618,長榮航,114,27,87,群益金鼎-三民,2024-07-03,9188
2489,瑞軒,93,17,76,群益金鼎-三民,2024-07-03,9188
2317,鴻海,98,23,75,群益金鼎-三民,2024-07-03,9188
00680L,元大美債20正2,73,2,71,群益金鼎-三民,2024-07-03,9188
00712,復華富時不動產,62,0,62,群益金鼎-三民,2024-07-03,9188
2405,輔信,58,6,52,群益金鼎-三民,2024-07-03,9188
2610,華航,55,6,49,群益金鼎-三民,2024-07-03,9188
6142,友勁,50,4,46,群益金鼎-三民,2024-07-03,9188
6877,鏵友益,45,0,45,群益金鼎-三民,2024-07-03,9188
6244,茂迪,79,35,44,群益金鼎-三民,2024-07-03,9188
6477,安集,63,21,42,群益金鼎-三民,2024-07-03,9188
1785,光洋科,53,14,39,群益金鼎-三民,2024-07-03,9188
1587,吉茂,37,0,37,群益金鼎-三民,2024-07-03,9188
8071,能率網通,37,0,37,群益金鼎-三民,2024-07-03,9188
00919,群益台灣精選高息,60,25,35,群益金鼎-三民,2024-07-03,9188
4915,致伸,32,0,32,群益金鼎-三民,2024-07-03,9188
6443,元晶,55,23,32,群益金鼎-三民,2024-07-03,9188
3005,神基,30,1,29,群益金鼎-三民,2024-07-03,9188
00949,復華日本龍頭,39,10,29,群益金鼎-三民,2024-07-03,9188
2880,華南金,40,11,29,群益金鼎-三民,2024-07-03,9188
3202,樺晟,29,4,25,群益金鼎-三民,2024-07-03,9188
2356,英業達,28,5,23,群益金鼎-三民,2024-07-03,9188
00927,群益半導體收益,22,0,22,群益金鼎-三民,2024-07-03,9188
4716,大立,21,0,21,群益金鼎-三民,2024-07-03,9188
00929,復華台灣科技優息,146,126,20,群益金鼎-三民,2024-07-03,9188
2002,中鋼,28,8,20,群益金鼎-三民,2024-07-03,9188
3047,訊舟,75,57,18,群益金鼎-三民,2024-07-03,9188
6806,森崴能源,18,0,18,群益金鼎-三民,2024-07-03,9188
2537,聯上發,23,5,18,群益金鼎-三民,2024-07-03,9188
1326,台化,17,0,17,群益金鼎-三民,2024-07-03,9188
2105,正新,17,0,17,群益金鼎-三民,2024-07-03,9188
3587,閎康,17,0,17,群益金鼎-三民,2024-07-03,9188
00918,大華優利高填息30,16,0,16,群益金鼎-三民,2024-07-03,9188
6188,廣明,18,2,16,群益金鼎-三民,2024-07-03,9188
00946,群益科技高息成長,16,0,16,群益金鼎-三民,2024-07-03,9188
2419,仲琦,17,2,15,群益金鼎-三民,2024-07-03,9188
1618,合機,15,1,14,群益金鼎-三民,2024-07-03,9188
6770,力積電,16,2,14,群益金鼎-三民,2024-07-03,9188
1529,樂事綠能,17,3,14,群益金鼎-三民,2024-07-03,9188
5512,力麒,13,0,13,群益金鼎-三民,2024-07-03,9188
6116,彩晶,13,1,12,群益金鼎-三民,2024-07-03,9188
6285,啟��,24,12,12,群益金鼎-三民,2024-07-03,9188
3498,陽程,12,0,12,群益金鼎-三民,2024-07-03,9188
8085,福華,14,3,11,群益金鼎-三民,2024-07-03,9188
5475,德宏,11,0,11,群益金鼎-三民,2024-07-03,9188
00942B,台新美A公司債20+,10,0,10,群益金鼎-三民,2024-07-03,9188
00632R,元大台灣50反1,1111,30,1081,群益金鼎-三民,2024-07-04,9188
00937B,群益ESG投等債20,809,606,203,群益金鼎-三民,2024-07-04,9188
00680L,元大美債20正2,121,5,116,群益金鼎-三民,2024-07-04,9188
6261,久元,109,1,108,群益金鼎-三民,2024-07-04,9188
2618,長榮航,104,28,76,群益金鼎-三民,2024-07-04,9188
00936,台新永續高息中小,82,10,72,群益金鼎-三民,2024-07-04,9188
00934,中信成長高股息,74,9,65,群益金鼎-三民,2024-07-04,9188
2892,第一金,61,3,58,群益金鼎-三民,2024-07-04,9188
2610,華航,56,8,48,群益金鼎-三民,2024-07-04,9188
9105,泰金寶-DR,90,43,47,群益金鼎-三民,2024-07-04,9188
8071,能率網通,134,89,45,群益金鼎-三民,2024-07-04,9188
3576,聯合再生,71,26,45,群益金鼎-三民,2024-07-04,9188
6877,鏵友益,42,0,42,群益金鼎-三民,2024-07-04,9188
00948B,中信優息投資級債,51,9,42,群益金鼎-三民,2024-07-04,9188
1101,台泥,42,4,38,群益金鼎-三民,2024-07-04,9188
1409,新纖,122,85,37,群益金鼎-三民,2024-07-04,9188
2867,三商壽,42,7,35,群益金鼎-三民,2024-07-04,9188
2402,毅嘉,64,30,34,群益金鼎-三民,2024-07-04,9188
2489,瑞軒,30,0,30,群益金鼎-三民,2024-07-04,9188
3057,喬鼎,30,1,29,群益金鼎-三民,2024-07-04,9188
4109,加捷生醫,43,15,28,群益金鼎-三民,2024-07-04,9188
2883,凱基金,240,212,28,群益金鼎-三民,2024-07-04,9188
2344,華邦電,42,15,27,群益金鼎-三民,2024-07-04,9188
5347,世界,31,4,27,群益金鼎-三民,2024-07-04,9188
2412,中華電,24,0,24,群益金鼎-三民,2024-07-04,9188
3490,單井,25,2,23,群益金鼎-三民,2024-07-04,9188
00757,統一FANG+,23,0,23,群益金鼎-三民,2024-07-04,9188
00679B,元大美債20年,38,16,22,群益金鼎-三民,2024-07-04,9188
2405,輔信,68,46,22,群益金鼎-三民,2024-07-04,9188
4906,正文,25,3,22,群益金鼎-三民,2024-07-04,9188
3049,精金,31,10,21,群益金鼎-三民,2024-07-04,9188
2748,雲品,21,0,21,群益金鼎-三民,2024-07-04,9188
6133,金橋,31,10,21,群益金鼎-三民,2024-07-04,9188
00664R,國泰臺灣加權反1,20,0,20,群益金鼎-三民,2024-07-04,9188
6270,倍微,21,2,19,群益金鼎-三民,2024-07-04,9188
1809,中釉,20,2,18,群益金鼎-三民,2024-07-04,9188
9945,潤泰新,18,1,17,群益金鼎-三民,2024-07-04,9188
6257,矽格,23,7,16,群益金鼎-三民,2024-07-04,9188
3257,虹冠電,16,0,16,群益金鼎-三民,2024-07-04,9188
6125,廣運,27,12,15,群益金鼎-三民,2024-07-04,9188
2201,裕隆,15,0,15,群益金鼎-三民,2024-07-04,9188
2486,一詮,26,11,15,群益金鼎-三民,2024-07-04,9188
2890,永豐金,18,3,15,群益金鼎-三民,2024-07-04,9188
3663,鑫科,16,2,14,群益金鼎-三民,2024-07-04,9188
1473,台南,16,2,14,群益金鼎-三民,2024-07-04,9188
6026,福邦證,22,8,14,群益金鼎-三民,2024-07-04,9188
6015,宏遠證,14,0,14,群益金鼎-三民,2024-07-04,9188
6770,力積電,30,16,14,群益金鼎-三民,2024-07-04,9188
2417,圓剛,43,30,13,群益金鼎-三民,2024-07-04,9188
6698,旭暉應材,33,20,13,群益金鼎-三民,2024-07-04,9188
00632R,元大台灣50反1,303,1,302,群益金鼎-三民,2024-07-05,9188
2882,國泰金,171,5,166,群益金鼎-三民,2024-07-05,9188
6443,元晶,166,34,132,群益金鼎-三民,2024-07-05,9188
00934,中信成長高股息,116,8,108,群益金鼎-三民,2024-07-05,9188
3576,聯合再生,86,2,84,群益金鼎-三民,2024-07-05,9188
2367,燿華,138,65,73,群益金鼎-三民,2024-07-05,9188
2838,聯邦銀,110,40,70,群益金鼎-三民,2024-07-05,9188
2618,長榮航,87,18,69,群益金鼎-三民,2024-07-05,9188
2009,第一銅,59,1,58,群益金鼎-三民,2024-07-05,9188
00679B,元大美債20年,133,80,53,群益金鼎-三民,2024-07-05,9188
2883,凱基金,51,2,49,群益金鼎-三民,2024-07-05,9188
00919,群益台灣精選高息,46,0,46,群益金鼎-三民,2024-07-05,9188
1513,中興電,93,48,45,群益金鼎-三民,2024-07-05,9188
1568,倉佑,43,0,43,群益金鼎-三民,2024-07-05,9188
00936,台新永續高息中小,57,14,43,群益金鼎-三民,2024-07-05,9188
4714,永捷,43,7,36,群益金鼎-三民,2024-07-05,9188
2352,佳世達,36,1,35,群益金鼎-三民,2024-07-05,9188
1710,東聯,40,5,35,群益金鼎-三民,2024-07-05,9188
2801,彰銀,30,0,30,群益金鼎-三民,2024-07-05,9188
3037,欣興,28,3,25,群益金鼎-三民,2024-07-05,9188
2913,農林,27,2,25,群益金鼎-三民,2024-07-05,9188
1609,大亞,29,4,25,群益金鼎-三民,2024-07-05,9188
1514,亞力,32,8,24,群益金鼎-三民,2024-07-05,9188
3048,益登,72,49,23,群益金鼎-三民,2024-07-05,9188
6269,台郡,34,11,23,群益金鼎-三民,2024-07-05,9188
2344,華邦電,23,0,23,群益金鼎-三民,2024-07-05,9188
2615,萬海,28,6,22,群益金鼎-三民,2024-07-05,9188
3450,聯鈞,39,18,21,群益金鼎-三民,2024-07-05,9188
4904,遠傳,112,92,20,群益金鼎-三民,2024-07-05,9188
00692,富邦公司治理,20,0,20,群益金鼎-三民,2024-07-05,9188
00712,復華富時不動產,20,0,20,群益金鼎-三民,2024-07-05,9188
9945,潤泰新,19,0,19,群益金鼎-三民,2024-07-05,9188
3049,精金,24,5,19,群益金鼎-三民,2024-07-05,9188
6770,力積電,20,1,19,群益金鼎-三民,2024-07-05,9188
00905,FT臺灣Smart,18,0,18,群益金鼎-三民,2024-07-05,9188
5484,慧友,24,6,18,群益金鼎-三民,2024-07-05,9188
1504,東元,24,7,17,群益金鼎-三民,2024-07-05,9188
2371,大同,18,2,16,群益金鼎-三民,2024-07-05,9188
00927,群益半導體收益,16,0,16,群益金鼎-三民,2024-07-05,9188
1587,吉茂,16,0,16,群益金鼎-三民,2024-07-05,9188
2637,慧洋-KY,16,1,15,群益金鼎-三民,2024-07-05,9188
8110,華東,31,16,15,群益金鼎-三民,2024-07-05,9188
2349,錸德,24,9,15,群益金鼎-三民,2024-07-05,9188
00637L,元大滬深300正2,18,4,14,群益金鼎-三民,2024-07-05,9188
00935,野村臺灣新科技50,13,0,13,群益金鼎-三民,2024-07-05,9188
3231,緯創,15,2,13,群益金鼎-三民,2024-07-05,9188
00725B,國泰投資級公司債,41,29,12,群益金鼎-三民,2024-07-05,9188
2537,聯上發,16,4,12,群益金鼎-三民,2024-07-05,9188
00655L,國泰中國A50正2,12,0,12,群益金鼎-三民,2024-07-05,9188
8383,千附,27,15,12,群益金鼎-三民,2024-07-05,9188
00720B,元大投資級公司債,500,151,349,群益金鼎-三民,2024-07-08,9188
00937B,群益ESG投等債20,387,185,202,群益金鼎-三民,2024-07-08,9188
00929,復華台灣科技優息,259,119,140,群益金鼎-三民,2024-07-08,9188
00934,中信成長高股息,120,5,115,群益金鼎-三民,2024-07-08,9188
2610,華航,102,17,85,群益金鼎-三民,2024-07-08,9188
3481,群創,150,69,81,群益金鼎-三民,2024-07-08,9188
3710,連展投控,83,3,80,群益金鼎-三民,2024-07-08,9188
2618,長榮航,97,25,72,群益金鼎-三民,2024-07-08,9188
2344,華邦電,85,14,71,群益金鼎-三民,2024-07-08,9188
1718,中纖,71,1,70,群益金鼎-三民,2024-07-08,9188
4916,事欣科,137,79,58,群益金鼎-三民,2024-07-08,9188
00936,台新永續高息中小,75,19,56,群益金鼎-三民,2024-07-08,9188
2417,圓剛,58,8,50,群益金鼎-三民,2024-07-08,9188
3045,台灣大,100,50,50,群益金鼎-三民,2024-07-08,9188
6217,中探針,48,2,46,群益金鼎-三民,2024-07-08,9188
2641,正德,44,0,44,群益金鼎-三民,2024-07-08,9188
2067,嘉鋼,39,0,39,群益金鼎-三民,2024-07-08,9188
6266,泰詠,37,0,37,群益金鼎-三民,2024-07-08,9188
6477,安集,46,9,37,群益金鼎-三民,2024-07-08,9188
3059,華晶科,41,9,32,群益金鼎-三民,2024-07-08,9188
3576,聯合再生,42,12,30,群益金鼎-三民,2024-07-08,9188
3605,宏致,41,12,29,群益金鼎-三民,2024-07-08,9188
00664R,國泰臺灣加權反1,29,0,29,群益金鼎-三民,2024-07-08,9188
00919,群益台灣精選高息,38,11,27,群益金鼎-三民,2024-07-08,9188
2637,慧洋-KY,32,6,26,群益金鼎-三民,2024-07-08,9188
2352,佳世達,26,0,26,群益金鼎-三民,2024-07-08,9188
2609,陽明,71,46,25,群益金鼎-三民,2024-07-08,9188
8085,福華,26,4,22,群益金鼎-三民,2024-07-08,9188
2464,盟立,84,62,22,群益金鼎-三民,2024-07-08,9188
1785,光洋科,78,56,22,群益金鼎-三民,2024-07-08,9188
1101,台泥,41,19,22,群益金鼎-三民,2024-07-08,9188
1514,亞力,26,5,21,群益金鼎-三民,2024-07-08,9188
2812,台中銀,21,0,21,群益金鼎-三民,2024-07-08,9188
2331,精英,21,1,20,群益金鼎-三民,2024-07-08,9188
2402,毅嘉,22,2,20,群益金鼎-三民,2024-07-08,9188
6877,鏵友益,18,0,18,群益金鼎-三民,2024-07-08,9188
5371,中光電,18,1,17,群益金鼎-三民,2024-07-08,9188
2421,建準,19,2,17,群益金鼎-三民,2024-07-08,9188
3665,貿聯-KY,16,0,16,群益金鼎-三民,2024-07-08,9188
00712,復華富時不動產,16,0,16,群益金鼎-三民,2024-07-08,9188
6196,帆宣,19,3,16,群益金鼎-三民,2024-07-08,9188
6153,嘉聯益,49,34,15,群益金鼎-三民,2024-07-08,9188
2605,新興,17,2,15,群益金鼎-三民,2024-07-08,9188
2324,仁寶,19,4,15,群益金鼎-三民,2024-07-08,9188
1710,東聯,15,0,15,群益金鼎-三民,2024-07-08,9188
5225,東科-KY,14,0,14,群益金鼎-三民,2024-07-08,9188
2603,長榮,22,9,13,群益金鼎-三民,2024-07-08,9188
00946,群益科技高息成長,31,18,13,群益金鼎-三民,2024-07-08,9188
6179,亞通,14,1,13,群益金鼎-三民,2024-07-08,9188
2615,萬海,70,58,12,群益金鼎-三民,2024-07-08,9188
9105,泰金寶-DR,732,204,528,群益金鼎-三民,2024-07-09,9188
00671R,富邦NASDAQ反1,301,0,301,群益金鼎-三民,2024-07-09,9188
00929,復華台灣科技優息,313,73,240,群益金鼎-三民,2024-07-09,9188
5388,中磊,213,0,213,群益金鼎-三民,2024-07-09,9188
6877,鏵友益,154,2,152,群益金鼎-三民,2024-07-09,9188
2887,台新金,114,2,112,群益金鼎-三民,2024-07-09,9188
2888,新光金,229,117,112,群益金鼎-三民,2024-07-09,9188
3021,鴻名,100,0,100,群益金鼎-三民,2024-07-09,9188
00936,台新永續高息中小,97,1,96,群益金鼎-三民,2024-07-09,9188
2834,臺企銀,198,120,78,群益金鼎-三民,2024-07-09,9188
1314,中石化,76,23,53,群益金鼎-三民,2024-07-09,9188
3481,群創,104,52,52,群益金鼎-三民,2024-07-09,9188
2353,宏��,100,48,52,群益金鼎-三民,2024-07-09,9188
6016,康和證,50,1,49,群益金鼎-三民,2024-07-09,9188
2344,華邦電,54,7,47,群益金鼎-三民,2024-07-09,9188
2892,第一金,52,6,46,群益金鼎-三民,2024-07-09,9188
6217,中探針,45,0,45,群益金鼎-三民,2024-07-09,9188
2317,鴻海,77,36,41,群益金鼎-三民,2024-07-09,9188
5876,上海商銀,40,1,39,群益金鼎-三民,2024-07-09,9188
1569,濱川,40,2,38,群益金鼎-三民,2024-07-09,9188
2312,金寶,230,193,37,群益金鼎-三民,2024-07-09,9188
2618,長榮航,49,12,37,群益金鼎-三民,2024-07-09,9188
5443,均豪,46,13,33,群益金鼎-三民,2024-07-09,9188
2606,裕民,32,0,32,群益金鼎-三民,2024-07-09,9188
8064,東捷,52,21,31,群益金鼎-三民,2024-07-09,9188
2017,官田鋼,30,0,30,群益金鼎-三民,2024-07-09,9188
5880,合庫金,30,0,30,群益金鼎-三民,2024-07-09,9188
5515,建國,30,0,30,群益金鼎-三民,2024-07-09,9188
8110,華東,34,5,29,群益金鼎-三民,2024-07-09,9188
1536,和大,47,20,27,群益金鼎-三民,2024-07-09,9188
1611,中電,26,0,26,群益金鼎-三民,2024-07-09,9188
3059,華晶科,27,2,25,群益金鼎-三民,2024-07-09,9188
5452,佶優,30,5,25,群益金鼎-三民,2024-07-09,9188
3231,緯創,33,8,25,群益金鼎-三民,2024-07-09,9188
2303,聯電,68,43,25,群益金鼎-三民,2024-07-09,9188
2515,中工,28,3,25,群益金鼎-三民,2024-07-09,9188
3313,斐成,26,2,24,群益金鼎-三民,2024-07-09,9188
2408,南亞科,31,9,22,群益金鼎-三民,2024-07-09,9188
00712,復華富時不動產,22,0,22,群益金鼎-三民,2024-07-09,9188
3490,單井,21,0,21,群益金鼎-三民,2024-07-09,9188
1710,東聯,20,0,20,群益金鼎-三民,2024-07-09,9188
4960,誠美材,24,4,20,群益金鼎-三民,2024-07-09,9188
6218,豪勉,33,13,20,群益金鼎-三民,2024-07-09,9188
2641,正德,20,0,20,群益金鼎-三民,2024-07-09,9188
1603,華電,20,0,20,群益金鼎-三民,2024-07-09,9188
6213,聯茂,37,19,18,群益金鼎-三民,2024-07-09,9188
2356,英業達,33,15,18,群益金鼎-三民,2024-07-09,9188
1785,光洋科,38,21,17,群益金鼎-三民,2024-07-09,9188
2352,佳世達,22,6,16,群益金鼎-三民,2024-07-09,9188
3034,聯詠,16,0,16,群益金鼎-三民,2024-07-09,9188
2611,志信,432,0,432,群益金鼎-三民,2024-07-10,9188
5388,中磊,200,0,200,群益金鼎-三民,2024-07-10,9188
00632R,元大台灣50反1,214,40,174,群益金鼎-三民,2024-07-10,9188
00929,復華台灣科技優息,194,73,121,群益金鼎-三民,2024-07-10,9188
2543,皇昌,134,29,105,群益金鼎-三民,2024-07-10,9188
00950B,凱基A級公司債,95,0,95,群益金鼎-三民,2024-07-10,9188
2312,金寶,155,72,83,群益金鼎-三民,2024-07-10,9188
2313,華通,74,2,72,群益金鼎-三民,2024-07-10,9188
8107,大億金茂,60,0,60,群益金鼎-三民,2024-07-10,9188
2406,國碩,56,3,53,群益金鼎-三民,2024-07-10,9188
2353,宏��,164,113,51,群益金鼎-三民,2024-07-10,9188
2002,中鋼,56,10,46,群益金鼎-三民,2024-07-10,9188
2317,鴻海,73,27,46,群益金鼎-三民,2024-07-10,9188
1409,新纖,40,0,40,群益金鼎-三民,2024-07-10,9188
4510,高鋒,42,3,39,群益金鼎-三民,2024-07-10,9188
2528,皇普,39,0,39,群益金鼎-三民,2024-07-10,9188
2880,華南金,40,2,38,群益金鼎-三民,2024-07-10,9188
00904,新光臺灣半導體30,31,0,31,群益金鼎-三民,2024-07-10,9188
6244,茂迪,34,6,28,群益金鼎-三民,2024-07-10,9188
00927,群益半導體收益,30,3,27,群益金鼎-三民,2024-07-10,9188
1608,華榮,28,1,27,群益金鼎-三民,2024-07-10,9188
6757,台灣虎航,27,1,26,群益金鼎-三民,2024-07-10,9188
2405,輔信,34,9,25,群益金鼎-三民,2024-07-10,9188
00713,元大台灣高息低波,114,90,24,群益金鼎-三民,2024-07-10,9188
00946,群益科技高息成長,25,1,24,群益金鼎-三民,2024-07-10,9188
2367,燿華,115,91,24,群益金鼎-三民,2024-07-10,9188
5309,系統電,90,67,23,群益金鼎-三民,2024-07-10,9188
00923,群益台ESG低碳50,22,0,22,群益金鼎-三民,2024-07-10,9188
00936,台新永續高息中小,97,75,22,群益金鼎-三民,2024-07-10,9188
2739,寒舍,22,0,22,群益金鼎-三民,2024-07-10,9188
2303,聯電,32,10,22,群益金鼎-三民,2024-07-10,9188
2609,陽明,32,10,22,群益金鼎-三民,2024-07-10,9188
2504,國產,21,0,21,群益金鼎-三民,2024-07-10,9188
1326,台化,20,0,20,群益金鼎-三民,2024-07-10,9188
00933B,國泰10Y+金融債,68,48,20,群益金鼎-三民,2024-07-10,9188
2637,慧洋-KY,20,2,18,群益金鼎-三民,2024-07-10,9188
1569,濱川,19,1,18,群益金鼎-三民,2024-07-10,9188
2889,國票金,106,88,18,群益金鼎-三民,2024-07-10,9188
2427,三商電,17,0,17,群益金鼎-三民,2024-07-10,9188
5426,振發,66,49,17,群益金鼎-三民,2024-07-10,9188
1785,光洋科,76,60,16,群益金鼎-三民,2024-07-10,9188
2615,萬海,21,5,16,群益金鼎-三民,2024-07-10,9188
00905,FT臺灣Smart,16,0,16,群益金鼎-三民,2024-07-10,9188
2250,IKKA-KY,16,0,16,群益金鼎-三民,2024-07-10,9188
3264,欣銓,15,0,15,群益金鼎-三民,2024-07-10,9188
2812,台中銀,15,0,15,群益金鼎-三民,2024-07-10,9188
00680L,元大美債20正2,16,1,15,群益金鼎-三民,2024-07-10,9188
1723,中碳,15,0,15,群益金鼎-三民,2024-07-10,9188
3686,達能,15,0,15,群益金鼎-三民,2024-07-10,9188
0056,元大高股息,20,6,14,群益金鼎-三民,2024-07-10,9188
00927,群益半導體收益,244,1,243,群益金鼎-三民,2024-07-11,9188
5388,中磊,250,7,243,群益金鼎-三民,2024-07-11,9188
2618,長榮航,194,23,171,群益金鼎-三民,2024-07-11,9188
00937B,群益ESG投等債20,526,383,143,群益金鼎-三民,2024-07-11,9188
00725B,國泰投資級公司債,119,4,115,群益金鼎-三民,2024-07-11,9188
2537,聯上發,198,86,112,群益金鼎-三民,2024-07-11,9188
00772B,中信高評級公司債,103,0,103,群益金鼎-三民,2024-07-11,9188
9902,台火,102,1,101,群益金鼎-三民,2024-07-11,9188
2891,中信金,82,8,74,群益金鼎-三民,2024-07-11,9188
2002,中鋼,72,0,72,群益金鼎-三民,2024-07-11,9188
9105,泰金寶-DR,354,296,58,群益金鼎-三民,2024-07-11,9188
2897,王道銀行,47,0,47,群益金鼎-三民,2024-07-11,9188
00936,台新永續高息中小,86,40,46,群益金鼎-三民,2024-07-11,9188
6026,福邦證,46,0,46,群益金鼎-三民,2024-07-11,9188
2369,菱生,46,0,46,群益金鼎-三民,2024-07-11,9188
00935,野村臺灣新科技50,46,3,43,群益金鼎-三民,2024-07-11,9188
3605,宏致,40,0,40,群益金鼎-三民,2024-07-11,9188
1540,喬福,40,0,40,群益金鼎-三民,2024-07-11,9188
1815,富喬,66,28,38,群益金鼎-三民,2024-07-11,9188
8110,華東,37,1,36,群益金鼎-三民,2024-07-11,9188
2867,三商壽,61,28,33,群益金鼎-三民,2024-07-11,9188
5512,力麒,33,1,32,群益金鼎-三民,2024-07-11,9188
6163,華電網,54,23,31,群益金鼎-三民,2024-07-11,9188
6757,台灣虎航,32,3,29,群益金鼎-三民,2024-07-11,9188
00929,復華台灣科技優息,242,216,26,群益金鼎-三民,2024-07-11,9188
1513,中興電,56,31,25,群益金鼎-三民,2024-07-11,9188
2739,寒舍,24,0,24,群益金鼎-三民,2024-07-11,9188
1609,大亞,32,9,23,群益金鼎-三民,2024-07-11,9188
00664R,國泰臺灣加權反1,23,0,23,群益金鼎-三民,2024-07-11,9188
6005,群益證,21,0,21,群益金鼎-三民,2024-07-11,9188
9904,寶成,20,0,20,群益金鼎-三民,2024-07-11,9188
8064,東捷,59,39,20,群益金鼎-三民,2024-07-11,9188
2392,正崴,44,25,19,群益金鼎-三民,2024-07-11,9188
1785,光洋科,77,58,19,群益金鼎-三民,2024-07-11,9188
6603,富強鑫,21,2,19,群益金鼎-三民,2024-07-11,9188
2367,燿華,30,13,17,群益金鼎-三民,2024-07-11,9188
00679B,元大美債20年,50,33,17,群益金鼎-三民,2024-07-11,9188
1532,勤美,22,5,17,群益金鼎-三民,2024-07-11,9188
00940,元大台灣價值高息,115,99,16,群益金鼎-三民,2024-07-11,9188
1514,亞力,74,58,16,群益金鼎-三民,2024-07-11,9188
6706,惠特,23,7,16,群益金鼎-三民,2024-07-11,9188
1312,國喬,17,1,16,群益金鼎-三民,2024-07-11,9188
00933B,國泰10Y+金融債,54,38,16,群益金鼎-三民,2024-07-11,9188
6244,茂迪,17,1,16,群益金鼎-三民,2024-07-11,9188
1101,台泥,18,3,15,群益金鼎-三民,2024-07-11,9188
2371,大同,21,6,15,群益金鼎-三民,2024-07-11,9188
5443,均豪,26,11,15,群益金鼎-三民,2024-07-11,9188
00830,國泰費城半導體,16,1,15,群益金鼎-三民,2024-07-11,9188
6216,居易,15,0,15,群益金鼎-三民,2024-07-11,9188
2603,長榮,16,1,15,群益金鼎-三民,2024-07-11,9188
5388,中磊,487,0,487,群益金鼎-三民,2024-07-12,9188
00929,復華台灣科技優息,351,125,226,群益金鼎-三民,2024-07-12,9188
00927,群益半導體收益,197,0,197,群益金鼎-三民,2024-07-12,9188
00919,群益台灣精選高息,133,4,129,群益金鼎-三民,2024-07-12,9188
6005,群益證,137,10,127,群益金鼎-三民,2024-07-12,9188
2317,鴻海,149,22,127,群益金鼎-三民,2024-07-12,9188
2409,友達,253,131,122,群益金鼎-三民,2024-07-12,9188
00688L,國泰20年美債正2,154,36,118,群益金鼎-三民,2024-07-12,9188
00937B,群益ESG投等債20,306,216,90,群益金鼎-三民,2024-07-12,9188
2313,華通,135,58,77,群益金鼎-三民,2024-07-12,9188
5876,上海商銀,65,1,64,群益金鼎-三民,2024-07-12,9188
00934,中信成長高股息,63,3,60,群益金鼎-三民,2024-07-12,9188
2312,金寶,197,141,56,群益金鼎-三民,2024-07-12,9188
4306,炎洲,55,0,55,群益金鼎-三民,2024-07-12,9188
1616,億泰,58,8,50,群益金鼎-三民,2024-07-12,9188
2303,聯電,52,2,50,群益金鼎-三民,2024-07-12,9188
9105,泰金寶-DR,69,20,49,群益金鼎-三民,2024-07-12,9188
2330,台積電,51,5,46,群益金鼎-三民,2024-07-12,9188
00881,國泰台灣5G+,38,0,38,群益金鼎-三民,2024-07-12,9188
2406,國碩,50,12,38,群益金鼎-三民,2024-07-12,9188
00935,野村臺灣新科技50,39,2,37,群益金鼎-三民,2024-07-12,9188
1305,華夏,31,0,31,群益金鼎-三民,2024-07-12,9188
1304,台聚,32,4,28,群益金鼎-三民,2024-07-12,9188
00918,大華優利高填息30,24,0,24,群益金鼎-三民,2024-07-12,9188
00936,台新永續高息中小,28,4,24,群益金鼎-三民,2024-07-12,9188
3607,谷崧,34,10,24,群益金鼎-三民,2024-07-12,9188
4533,協易機,27,3,24,群益金鼎-三民,2024-07-12,9188
00687B,國泰20年美債,28,4,24,群益金鼎-三民,2024-07-12,9188
1815,富喬,25,2,23,群益金鼎-三民,2024-07-12,9188
4714,永捷,25,4,21,群益金鼎-三民,2024-07-12,9188
00905,FT臺灣Smart,24,3,21,群益金鼎-三民,2024-07-12,9188
1710,東聯,20,0,20,群益金鼎-三民,2024-07-12,9188
2739,寒舍,20,0,20,群益金鼎-三民,2024-07-12,9188
3013,晟銘電,43,24,19,群益金鼎-三民,2024-07-12,9188
8039,台虹,19,0,19,群益金鼎-三民,2024-07-12,9188
3711,日月光投控,25,6,19,群益金鼎-三民,2024-07-12,9188
00923,群益台ESG低碳50,19,0,19,群益金鼎-三民,2024-07-12,9188
6216,居易,18,0,18,群益金鼎-三民,2024-07-12,9188
00878,國泰永續高股息,273,255,18,群益金鼎-三民,2024-07-12,9188
6126,信音,41,24,17,群益金鼎-三民,2024-07-12,9188
3231,緯創,21,4,17,群益金鼎-三民,2024-07-12,9188
3019,亞光,26,10,16,群益金鼎-三民,2024-07-12,9188
00895,富邦未來車,18,3,15,群益金鼎-三民,2024-07-12,9188
3363,上詮,25,10,15,群益金鼎-三民,2024-07-12,9188
2405,輔信,44,30,14,群益金鼎-三民,2024-07-12,9188
5443,均豪,20,6,14,群益金鼎-三民,2024-07-12,9188
1514,亞力,38,24,14,群益金鼎-三民,2024-07-12,9188
3712,永崴投控,45,32,13,群益金鼎-三民,2024-07-12,9188
5347,世界,15,2,13,群益金鼎-三民,2024-07-12,9188
00735,國泰臺韓科技,13,0,13,群益金鼎-三民,2024-07-12,9188
00937B,群益ESG投等債20,1403,554,849,群益金鼎-三民,2024-07-15,9188
00632R,元大台灣50反1,633,0,633,群益金鼎-三民,2024-07-15,9188
00933B,國泰10Y+金融債,514,32,482,群益金鼎-三民,2024-07-15,9188
00948B,中信優息投資級債,404,34,370,群益金鼎-三民,2024-07-15,9188
5388,中磊,146,0,146,群益金鼎-三民,2024-07-15,9188
00679B,元大美債20年,301,180,121,群益金鼎-三民,2024-07-15,9188
00934,中信成長高股息,118,5,113,群益金鼎-三民,2024-07-15,9188
00688L,國泰20年美債正2,110,1,109,群益金鼎-三民,2024-07-15,9188
00680L,元大美債20正2,103,0,103,群益金鼎-三民,2024-07-15,9188
00671R,富邦NASDAQ反1,100,0,100,群益金鼎-三民,2024-07-15,9188
00725B,國泰投資級公司債,85,0,85,群益金鼎-三民,2024-07-15,9188
1316,上曜,113,29,84,群益金鼎-三民,2024-07-15,9188
2891,中信金,85,4,81,群益金鼎-三民,2024-07-15,9188
2409,友達,88,10,78,群益金鼎-三民,2024-07-15,9188
2888,新光金,107,47,60,群益金鼎-三民,2024-07-15,9188
2851,中再保,60,0,60,群益金鼎-三民,2024-07-15,9188
9945,潤泰新,93,35,58,群益金鼎-三民,2024-07-15,9188
00929,復華台灣科技優息,218,165,53,群益金鼎-三民,2024-07-15,9188
00720B,元大投資級公司債,51,0,51,群益金鼎-三民,2024-07-15,9188
2356,英業達,100,51,49,群益金鼎-三民,2024-07-15,9188
2362,藍天,51,3,48,群益金鼎-三民,2024-07-15,9188
2312,金寶,136,95,41,群益金鼎-三民,2024-07-15,9188
2618,長榮航,40,1,39,群益金鼎-三民,2024-07-15,9188
2344,華邦電,45,7,38,群益金鼎-三民,2024-07-15,9188
8105,凌巨,45,8,37,群益金鼎-三民,2024-07-15,9188
2883,凱基金,35,1,34,群益金鼎-三民,2024-07-15,9188
5706,鳳凰,32,0,32,群益金鼎-三民,2024-07-15,9188
2511,太子,32,0,32,群益金鼎-三民,2024-07-15,9188
9105,泰金寶-DR,44,12,32,群益金鼎-三民,2024-07-15,9188
00878,國泰永續高股息,264,233,31,群益金鼎-三民,2024-07-15,9188
6005,群益證,30,0,30,群益金鼎-三民,2024-07-15,9188
1514,亞力,41,12,29,群益金鼎-三民,2024-07-15,9188
2610,華航,41,13,28,群益金鼎-三民,2024-07-15,9188
00927,群益半導體收益,25,0,25,群益金鼎-三民,2024-07-15,9188
1608,華榮,78,54,24,群益金鼎-三民,2024-07-15,9188
00918,大華優利高填息30,24,0,24,群益金鼎-三民,2024-07-15,9188
3490,單井,23,0,23,群益金鼎-三民,2024-07-15,9188
6266,泰詠,22,0,22,群益金鼎-三民,2024-07-15,9188
0056,元大高股息,28,7,21,群益金鼎-三民,2024-07-15,9188
00935,野村臺灣新科技50,21,0,21,群益金鼎-三民,2024-07-15,9188
4960,誠美材,23,2,21,群益金鼎-三民,2024-07-15,9188
2324,仁寶,27,8,19,群益金鼎-三民,2024-07-15,9188
6770,力積電,19,0,19,群益金鼎-三民,2024-07-15,9188
6120,達運,19,0,19,群益金鼎-三民,2024-07-15,9188
3019,亞光,34,16,18,群益金鼎-三民,2024-07-15,9188
2388,威盛,18,0,18,群益金鼎-三民,2024-07-15,9188
1301,台塑,17,0,17,群益金鼎-三民,2024-07-15,9188
6757,台灣虎航,17,0,17,群益金鼎-三民,2024-07-15,9188
2641,正德,18,1,17,群益金鼎-三民,2024-07-15,9188
3189,景碩,71,54,17,群益金鼎-三民,2024-07-15,9188
00929,復華台灣科技優息,195,60,135,群益金鼎-三民,2024-07-16,9188
00725B,國泰投資級公司債,91,0,91,群益金鼎-三民,2024-07-16,9188
00712,復華富時不動產,102,13,89,群益金鼎-三民,2024-07-16,9188
00632R,元大台灣50反1,100,11,89,群益金鼎-三民,2024-07-16,9188
00680L,元大美債20正2,81,0,81,群益金鼎-三民,2024-07-16,9188
0056,元大高股息,86,7,79,群益金鼎-三民,2024-07-16,9188
2867,三商壽,80,6,74,群益金鼎-三民,2024-07-16,9188
00927,群益半導體收益,56,0,56,群益金鼎-三民,2024-07-16,9188
00905,FT臺灣Smart,51,0,51,群益金鼎-三民,2024-07-16,9188
00933B,國泰10Y+金融債,62,13,49,群益金鼎-三民,2024-07-16,9188
1609,大亞,71,28,43,群益金鼎-三民,2024-07-16,9188
2610,華航,45,3,42,群益金鼎-三民,2024-07-16,9188
9902,台火,40,0,40,群益金鼎-三民,2024-07-16,9188
00934,中信成長高股息,51,12,39,群益金鼎-三民,2024-07-16,9188
2303,聯電,38,0,38,群益金鼎-三民,2024-07-16,9188
6244,茂迪,59,26,33,群益金鼎-三民,2024-07-16,9188
2356,英業達,38,5,33,群益金鼎-三民,2024-07-16,9188
4164,承業醫,32,0,32,群益金鼎-三民,2024-07-16,9188
1513,中興電,50,20,30,群益金鼎-三民,2024-07-16,9188
00830,國泰費城半導體,28,0,28,群益金鼎-三民,2024-07-16,9188
00946,群益科技高息成長,23,0,23,群益金鼎-三民,2024-07-16,9188
2363,矽統,31,9,22,群益金鼎-三民,2024-07-16,9188
1473,台南,20,0,20,群益金鼎-三民,2024-07-16,9188
2820,華票,20,0,20,群益金鼎-三民,2024-07-16,9188
4306,炎洲,19,0,19,群益金鼎-三民,2024-07-16,9188
2883,凱基金,20,1,19,群益金鼎-三民,2024-07-16,9188
5443,均豪,44,26,18,群益金鼎-三民,2024-07-16,9188
2611,志信,22,4,18,群益金鼎-三民,2024-07-16,9188
2408,南亞科,30,13,17,群益金鼎-三民,2024-07-16,9188
3587,閎康,17,0,17,群益金鼎-三民,2024-07-16,9188
2371,大同,16,0,16,群益金鼎-三民,2024-07-16,9188
1608,華榮,21,5,16,群益金鼎-三民,2024-07-16,9188
2633,台灣高鐵,17,3,14,群益金鼎-三民,2024-07-16,9188
1303,南亞,14,0,14,群益金鼎-三民,2024-07-16,9188
00687B,國泰20年美債,17,4,13,群益金鼎-三民,2024-07-16,9188
5309,系統電,17,4,13,群益金鼎-三民,2024-07-16,9188
3708,上緯投控,13,0,13,群益金鼎-三民,2024-07-16,9188
4960,誠美材,13,0,13,群益金鼎-三民,2024-07-16,9188
6757,台灣虎航,13,0,13,群益金鼎-三民,2024-07-16,9188
4526,東台,12,0,12,群益金鼎-三民,2024-07-16,9188
00895,富邦未來車,16,4,12,群益金鼎-三民,2024-07-16,9188
00945B,凱基美國非投等債,12,0,12,群益金鼎-三民,2024-07-16,9188
5347,世界,32,20,12,群益金鼎-三民,2024-07-16,9188
2354,鴻準,14,2,12,群益金鼎-三民,2024-07-16,9188
8071,能率網通,17,5,12,群益金鼎-三民,2024-07-16,9188
2312,金寶,70,58,12,群益金鼎-三民,2024-07-16,9188
6877,鏵友益,11,0,11,群益金鼎-三民,2024-07-16,9188
6266,泰詠,11,0,11,群益金鼎-三民,2024-07-16,9188
2233,宇隆,11,0,11,群益金鼎-三民,2024-07-16,9188
2615,萬海,47,36,11,群益金鼎-三民,2024-07-16,9188
00948B,中信優息投資級債,401,25,376,群益金鼎-三民,2024-07-17,9188
00929,復華台灣科技優息,421,87,334,群益金鼎-三民,2024-07-17,9188
00632R,元大台灣50反1,319,21,298,群益金鼎-三民,2024-07-17,9188
00937B,群益ESG投等債20,237,10,227,群益金鼎-三民,2024-07-17,9188
00927,群益半導體收益,118,0,118,群益金鼎-三民,2024-07-17,9188
2882,國泰金,127,10,117,群益金鼎-三民,2024-07-17,9188
00934,中信成長高股息,110,0,110,群益金鼎-三民,2024-07-17,9188
9902,台火,62,0,62,群益金鼎-三民,2024-07-17,9188
2409,友達,80,23,57,群益金鼎-三民,2024-07-17,9188
00919,群益台灣精選高息,73,19,54,群益金鼎-三民,2024-07-17,9188
9105,泰金寶-DR,55,6,49,群益金鼎-三民,2024-07-17,9188
1514,亞力,47,0,47,群益金鼎-三民,2024-07-17,9188
3231,緯創,53,10,43,群益金鼎-三民,2024-07-17,9188
00946,群益科技高息成長,57,20,37,群益金鼎-三民,2024-07-17,9188
00936,台新永續高息中小,39,5,34,群益金鼎-三民,2024-07-17,9188
2891,中信金,36,2,34,群益金鼎-三民,2024-07-17,9188
1409,新纖,63,30,33,群益金鼎-三民,2024-07-17,9188
2356,英業達,47,16,31,群益金鼎-三民,2024-07-17,9188
2528,皇普,30,0,30,群益金鼎-三民,2024-07-17,9188
00905,FT臺灣Smart,29,0,29,群益金鼎-三民,2024-07-17,9188
2408,南亞科,30,2,28,群益金鼎-三民,2024-07-17,9188
0056,元大高股息,32,5,27,群益金鼎-三民,2024-07-17,9188
2888,新光金,49,22,27,群益金鼎-三民,2024-07-17,9188
2317,鴻海,46,19,27,群益金鼎-三民,2024-07-17,9188
2537,聯上發,83,57,26,群益金鼎-三民,2024-07-17,9188
00885,富邦越南,26,0,26,群益金鼎-三民,2024-07-17,9188
2344,華邦電,26,0,26,群益金鼎-三民,2024-07-17,9188
00878,國泰永續高股息,66,41,25,群益金鼎-三民,2024-07-17,9188
6877,鏵友益,26,1,25,群益金鼎-三民,2024-07-17,9188
4935,茂林-KY,24,0,24,群益金鼎-三民,2024-07-17,9188
2330,台積電,23,1,22,群益金鼎-三民,2024-07-17,9188
3673,TPK-KY,40,18,22,群益金鼎-三民,2024-07-17,9188
8215,明基材,32,10,22,群益金鼎-三民,2024-07-17,9188
6125,廣運,37,15,22,群益金鼎-三民,2024-07-17,9188
00907,永豐優息存股,20,0,20,群益金鼎-三民,2024-07-17,9188
6264,富裔,20,0,20,群益金鼎-三民,2024-07-17,9188
2025,千興,20,0,20,群益金鼎-三民,2024-07-17,9188
00933B,國泰10Y+金融債,25,5,20,群益金鼎-三民,2024-07-17,9188
1609,大亞,109,89,20,群益金鼎-三民,2024-07-17,9188
00918,大華優利高填息30,19,0,19,群益金鼎-三民,2024-07-17,9188
3294,英濟,27,8,19,群益金鼎-三民,2024-07-17,9188
1316,上曜,58,39,19,群益金鼎-三民,2024-07-17,9188
2353,宏��,28,10,18,群益金鼎-三民,2024-07-17,9188
2427,三商電,20,2,18,群益金鼎-三民,2024-07-17,9188
5328,華容,18,1,17,群益金鼎-三民,2024-07-17,9188
4906,正文,20,3,17,群益金鼎-三民,2024-07-17,9188
2376,技嘉,18,1,17,群益金鼎-三民,2024-07-17,9188
3048,益登,55,39,16,群益金鼎-三民,2024-07-17,9188
00945B,凱基美國非投等債,15,0,15,群益金鼎-三民,2024-07-17,9188
6692,進能服,15,0,15,群益金鼎-三民,2024-07-17,9188
00937B,群益ESG投等債20,244,14,230,群益金鼎-三民,2024-07-18,9188
00927,群益半導體收益,122,19,103,群益金鼎-三民,2024-07-18,9188
00919,群益台灣精選高息,142,45,97,群益金鼎-三民,2024-07-18,9188
00929,復華台灣科技優息,309,218,91,群益金鼎-三民,2024-07-18,9188
2356,英業達,96,10,86,群益金鼎-三民,2024-07-18,9188
4306,炎洲,62,0,62,群益金鼎-三民,2024-07-18,9188
2362,藍天,93,33,60,群益金鼎-三民,2024-07-18,9188
00878,國泰永續高股息,175,117,58,群益金鼎-三民,2024-07-18,9188
2317,鴻海,94,40,54,群益金鼎-三民,2024-07-18,9188
2610,華航,52,0,52,群益金鼎-三民,2024-07-18,9188
00946,群益科技高息成長,71,20,51,群益金鼎-三民,2024-07-18,9188
2888,新光金,96,46,50,群益金鼎-三民,2024-07-18,9188
2329,華泰,65,16,49,群益金鼎-三民,2024-07-18,9188
9902,台火,46,1,45,群益金鼎-三民,2024-07-18,9188
00830,國泰費城半導體,44,0,44,群益金鼎-三民,2024-07-18,9188
2365,昆盈,160,116,44,群益金鼎-三民,2024-07-18,9188
00881,國泰台灣5G+,36,2,34,群益金鼎-三民,2024-07-18,9188
00905,FT臺灣Smart,40,6,34,群益金鼎-三民,2024-07-18,9188
2330,台積電,41,8,33,群益金鼎-三民,2024-07-18,9188
3037,欣興,44,12,32,群益金鼎-三民,2024-07-18,9188
2382,廣達,37,6,31,群益金鼎-三民,2024-07-18,9188
2611,志信,31,0,31,群益金鼎-三民,2024-07-18,9188
2820,華票,31,1,30,群益金鼎-三民,2024-07-18,9188
3205,佰研,30,0,30,群益金鼎-三民,2024-07-18,9188
6005,群益證,32,5,27,群益金鼎-三民,2024-07-18,9188
2537,聯上發,32,7,25,群益金鼎-三民,2024-07-18,9188
4716,大立,24,0,24,群益金鼎-三民,2024-07-18,9188
6770,力積電,52,28,24,群益金鼎-三民,2024-07-18,9188
1785,光洋科,43,19,24,群益金鼎-三民,2024-07-18,9188
00933B,國泰10Y+金融債,33,10,23,群益金鼎-三民,2024-07-18,9188
00918,大華優利高填息30,22,0,22,群益金鼎-三民,2024-07-18,9188
6016,康和證,25,3,22,群益金鼎-三民,2024-07-18,9188
4128,中天,41,19,22,群益金鼎-三民,2024-07-18,9188
3711,日月光投控,22,0,22,群益金鼎-三民,2024-07-18,9188
2303,聯電,32,11,21,群益金鼎-三民,2024-07-18,9188
6547,高端疫苗,22,1,21,群益金鼎-三民,2024-07-18,9188
2883,凱基金,22,3,19,群益金鼎-三民,2024-07-18,9188
8105,凌巨,84,65,19,群益金鼎-三民,2024-07-18,9188
00642U,期元大S＆P石油,21,2,19,群益金鼎-三民,2024-07-18,9188
1810,和成,19,1,18,群益金鼎-三民,2024-07-18,9188
6877,鏵友益,19,1,18,群益金鼎-三民,2024-07-18,9188
3188,鑫龍騰,17,0,17,群益金鼎-三民,2024-07-18,9188
8011,台通,20,3,17,群益金鼎-三民,2024-07-18,9188
5443,均豪,17,0,17,群益金鼎-三民,2024-07-18,9188
5213,亞昕,20,4,16,群益金鼎-三民,2024-07-18,9188
00941,中信上游半導體,16,0,16,群益金鼎-三民,2024-07-18,9188
3490,單井,15,0,15,群益金鼎-三民,2024-07-18,9188
0056,元大高股息,49,34,15,群益金鼎-三民,2024-07-18,9188
00949,復華日本龍頭,30,16,14,群益金鼎-三民,2024-07-18,9188
8150,南茂,14,0,14,群益金鼎-三民,2024-07-18,9188
00937B,群益ESG投等債20,508,121,387,群益金鼎-三民,2024-07-19,9188
2838,聯邦銀,301,0,301,群益金鼎-三民,2024-07-19,9188
00919,群益台灣精選高息,200,4,196,群益金鼎-三民,2024-07-19,9188
2887,台新金,167,13,154,群益金鼎-三民,2024-07-19,9188
00929,復華台灣科技優息,224,118,106,群益金鼎-三民,2024-07-19,9188
3481,群創,128,40,88,群益金鼎-三民,2024-07-19,9188
00679B,元大美債20年,202,126,76,群益金鼎-三民,2024-07-19,9188
00918,大華優利高填息30,77,2,75,群益金鼎-三民,2024-07-19,9188
2330,台積電,81,10,71,群益金鼎-三民,2024-07-19,9188
6005,群益證,70,0,70,群益金鼎-三民,2024-07-19,9188
2820,華票,70,0,70,群益金鼎-三民,2024-07-19,9188
00936,台新永續高息中小,81,15,66,群益金鼎-三民,2024-07-19,9188
2888,新光金,205,141,64,群益金鼎-三民,2024-07-19,9188
2317,鴻海,87,24,63,群益金鼎-三民,2024-07-19,9188
6603,富強鑫,62,0,62,群益金鼎-三民,2024-07-19,9188
00878,國泰永續高股息,187,125,62,群益金鼎-三民,2024-07-19,9188
5880,合庫金,61,0,61,群益金鼎-三民,2024-07-19,9188
2851,中再保,52,0,52,群益金鼎-三民,2024-07-19,9188
0056,元大高股息,57,8,49,群益金鼎-三民,2024-07-19,9188
2520,冠德,49,0,49,群益金鼎-三民,2024-07-19,9188
2867,三商壽,49,0,49,群益金鼎-三民,2024-07-19,9188
2365,昆盈,124,83,41,群益金鼎-三民,2024-07-19,9188
00885,富邦越南,40,0,40,群益金鼎-三民,2024-07-19,9188
6877,鏵友益,44,4,40,群益金鼎-三民,2024-07-19,9188
00680L,元大美債20正2,40,0,40,群益金鼎-三民,2024-07-19,9188
00939,統一台灣高息動能,40,1,39,群益金鼎-三民,2024-07-19,9188
2344,華邦電,44,6,38,群益金鼎-三民,2024-07-19,9188
2303,聯電,39,5,34,群益金鼎-三民,2024-07-19,9188
2312,金寶,52,18,34,群益金鼎-三民,2024-07-19,9188
2834,臺企銀,333,300,33,群益金鼎-三民,2024-07-19,9188
6285,啟��,30,0,30,群益金鼎-三民,2024-07-19,9188
00676R,富邦臺灣加權反1,30,0,30,群益金鼎-三民,2024-07-19,9188
2641,正德,28,0,28,群益金鼎-三民,2024-07-19,9188
3576,聯合再生,27,1,26,群益金鼎-三民,2024-07-19,9188
3231,緯創,28,3,25,群益金鼎-三民,2024-07-19,9188
8104,錸寶,29,4,25,群益金鼎-三民,2024-07-19,9188
2812,台中銀,25,0,25,群益金鼎-三民,2024-07-19,9188
00688L,國泰20年美債正2,25,0,25,群益金鼎-三民,2024-07-19,9188
00941,中信上游半導體,24,0,24,群益金鼎-三民,2024-07-19,9188
2356,英業達,51,27,24,群益金鼎-三民,2024-07-19,9188
4906,正文,35,11,24,群益金鼎-三民,2024-07-19,9188
00881,國泰台灣5G+,28,5,23,群益金鼎-三民,2024-07-19,9188
3149,正達,22,0,22,群益金鼎-三民,2024-07-19,9188
6770,力積電,25,3,22,群益金鼎-三民,2024-07-19,9188
1609,大亞,68,46,22,群益金鼎-三民,2024-07-19,9188
6116,彩晶,21,0,21,群益金鼎-三民,2024-07-19,9188
5351,鈺創,22,1,21,群益金鼎-三民,2024-07-19,9188
3715,定穎投控,24,3,21,群益金鼎-三民,2024-07-19,9188
6741,91APP*-KY,20,0,20,群益金鼎-三民,2024-07-19,9188
2103,台橡,20,0,20,群益金鼎-三民,2024-07-19,9188
5388,中磊,535,0,535,群益金鼎-三民,2024-07-22,9188
00929,復華台灣科技優息,547,272,275,群益金鼎-三民,2024-07-22,9188
00919,群益台灣精選高息,300,49,251,群益金鼎-三民,2024-07-22,9188
2888,新光金,301,62,239,群益金鼎-三民,2024-07-22,9188
00918,大華優利高填息30,81,1,80,群益金鼎-三民,2024-07-22,9188
2887,台新金,255,184,71,群益金鼎-三民,2024-07-22,9188
00936,台新永續高息中小,90,25,65,群益金鼎-三民,2024-07-22,9188
3481,群創,166,105,61,群益金鼎-三民,2024-07-22,9188
0056,元大高股息,82,23,59,群益金鼎-三民,2024-07-22,9188
00878,國泰永續高股息,351,295,56,群益金鼎-三民,2024-07-22,9188
5512,力麒,143,88,55,群益金鼎-三民,2024-07-22,9188
00937B,群益ESG投等債20,151,98,53,群益金鼎-三民,2024-07-22,9188
2838,聯邦銀,50,0,50,群益金鼎-三民,2024-07-22,9188
2344,華邦電,57,8,49,群益金鼎-三民,2024-07-22,9188
2365,昆盈,86,38,48,群益金鼎-三民,2024-07-22,9188
2303,聯電,51,5,46,群益金鼎-三民,2024-07-22,9188
1718,中纖,56,12,44,群益金鼎-三民,2024-07-22,9188
00927,群益半導體收益,45,3,42,群益金鼎-三民,2024-07-22,9188
4510,高鋒,40,0,40,群益金鼎-三民,2024-07-22,9188
3673,TPK-KY,44,10,34,群益金鼎-三民,2024-07-22,9188
6016,康和證,31,0,31,群益金鼎-三民,2024-07-22,9188
2834,臺企銀,342,312,30,群益金鼎-三民,2024-07-22,9188
2408,南亞科,44,15,29,群益金鼎-三民,2024-07-22,9188
1314,中石化,31,3,28,群益金鼎-三民,2024-07-22,9188
1110,東泥,27,0,27,群益金鼎-三民,2024-07-22,9188
9933,中鼎,30,3,27,群益金鼎-三民,2024-07-22,9188
1808,潤隆,30,4,26,群益金鼎-三民,2024-07-22,9188
6877,鏵友益,29,3,26,群益金鼎-三民,2024-07-22,9188
2330,台積電,43,17,26,群益金鼎-三民,2024-07-22,9188
3231,緯創,51,26,25,群益金鼎-三民,2024-07-22,9188
2317,鴻海,77,53,24,群益金鼎-三民,2024-07-22,9188
1597,直得,24,2,22,群益金鼎-三民,2024-07-22,9188
5880,合庫金,21,0,21,群益金鼎-三民,2024-07-22,9188
3048,益登,21,1,20,群益金鼎-三民,2024-07-22,9188
1611,中電,48,28,20,群益金鼎-三民,2024-07-22,9188
2611,志信,20,1,19,群益金鼎-三民,2024-07-22,9188
00923,群益台ESG低碳50,20,3,17,群益金鼎-三民,2024-07-22,9188
00680L,元大美債20正2,22,5,17,群益金鼎-三民,2024-07-22,9188
2492,華新科,16,0,16,群益金鼎-三民,2024-07-22,9188
8027,鈦昇,23,8,15,群益金鼎-三民,2024-07-22,9188
8473,山林水,22,8,14,群益金鼎-三民,2024-07-22,9188
2356,英業達,33,19,14,群益金鼎-三民,2024-07-22,9188
9945,潤泰新,15,2,13,群益金鼎-三民,2024-07-22,9188
2836,高雄銀,13,0,13,群益金鼎-三民,2024-07-22,9188
1609,大亞,33,20,13,群益金鼎-三民,2024-07-22,9188
5443,均豪,67,54,13,群益金鼎-三民,2024-07-22,9188
3708,上緯投控,16,3,13,群益金鼎-三民,2024-07-22,9188
2882,國泰金,33,21,12,群益金鼎-三民,2024-07-22,9188
3689,湧德,12,0,12,群益金鼎-三民,2024-07-22,9188
3715,定穎投控,20,8,12,群益金鼎-三民,2024-07-22,9188
00679B,元大美債20年,538,136,402,群益金鼎-三民,2024-07-23,9188
2897,王道銀行,280,0,280,群益金鼎-三民,2024-07-23,9188
00937B,群益ESG投等債20,356,105,251,群益金鼎-三民,2024-07-23,9188
00632R,元大台灣50反1,265,90,175,群益金鼎-三民,2024-07-23,9188
00945B,凱基美國非投等債,165,0,165,群益金鼎-三民,2024-07-23,9188
00929,復華台灣科技優息,339,189,150,群益金鼎-三民,2024-07-23,9188
00919,群益台灣精選高息,116,31,85,群益金鼎-三民,2024-07-23,9188
3481,群創,152,82,70,群益金鼎-三民,2024-07-23,9188
2610,華航,87,24,63,群益金鼎-三民,2024-07-23,9188
2486,一詮,63,11,52,群益金鼎-三民,2024-07-23,9188
00933B,國泰10Y+金融債,85,35,50,群益金鼎-三民,2024-07-23,9188
6278,台表科,100,51,49,群益金鼎-三民,2024-07-23,9188
2527,宏璟,77,29,48,群益金鼎-三民,2024-07-23,9188
00946,群益科技高息成長,68,24,44,群益金鼎-三民,2024-07-23,9188
00680L,元大美債20正2,40,0,40,群益金鼎-三民,2024-07-23,9188
1314,中石化,35,0,35,群益金鼎-三民,2024-07-23,9188
3048,益登,60,27,33,群益金鼎-三民,2024-07-23,9188
5519,隆大,49,16,33,群益金鼎-三民,2024-07-23,9188
00934,中信成長高股息,34,3,31,群益金鼎-三民,2024-07-23,9188
9105,泰金寶-DR,29,0,29,群益金鼎-三民,2024-07-23,9188
5309,系統電,60,31,29,群益金鼎-三民,2024-07-23,9188
00915,凱基優選高股息30,26,0,26,群益金鼎-三民,2024-07-23,9188
00830,國泰費城半導體,30,4,26,群益金鼎-三民,2024-07-23,9188
2426,鼎元,25,0,25,群益金鼎-三民,2024-07-23,9188
8085,福華,27,4,23,群益金鼎-三民,2024-07-23,9188
00947,台新臺灣IC設計,22,0,22,群益金鼎-三民,2024-07-23,9188
0056,元大高股息,28,6,22,群益金鼎-三民,2024-07-23,9188
6588,東典光電,21,0,21,群益金鼎-三民,2024-07-23,9188
00936,台新永續高息中小,26,5,21,群益金鼎-三民,2024-07-23,9188
9904,寶成,20,0,20,群益金鼎-三民,2024-07-23,9188
2812,台中銀,19,0,19,群益金鼎-三民,2024-07-23,9188
1304,台聚,18,0,18,群益金鼎-三民,2024-07-23,9188
3712,永崴投控,36,18,18,群益金鼎-三民,2024-07-23,9188
00881,國泰台灣5G+,18,1,17,群益金鼎-三民,2024-07-23,9188
1712,興農,20,4,16,群益金鼎-三民,2024-07-23,9188
00654R,富邦印度反1,16,0,16,群益金鼎-三民,2024-07-23,9188
00942B,台新美A公司債20+,16,0,16,群益金鼎-三民,2024-07-23,9188
00918,大華優利高填息30,15,0,15,群益金鼎-三民,2024-07-23,9188
8039,台虹,15,0,15,群益金鼎-三民,2024-07-23,9188
4526,東台,15,0,15,群益金鼎-三民,2024-07-23,9188
3450,聯鈞,15,1,14,群益金鼎-三民,2024-07-23,9188
8105,凌巨,15,1,14,群益金鼎-三民,2024-07-23,9188
3013,晟銘電,20,7,13,群益金鼎-三民,2024-07-23,9188
2885,元大金,33,20,13,群益金鼎-三民,2024-07-23,9188
2915,潤泰全,31,18,13,群益金鼎-三民,2024-07-23,9188
2891,中信金,20,8,12,群益金鼎-三民,2024-07-23,9188
00772B,中信高評級公司債,11,0,11,群益金鼎-三民,2024-07-23,9188
6266,泰詠,11,0,11,群益金鼎-三民,2024-07-23,9188
6698,旭暉應材,11,0,11,群益金鼎-三民,2024-07-23,9188
3037,欣興,21,11,10,群益金鼎-三民,2024-07-23,9188
2867,三商壽,604,20,584,群益金鼎-三民,2024-07-26,9188
00937B,群益ESG投等債20,635,266,369,群益金鼎-三民,2024-07-26,9188
2838,聯邦銀,250,0,250,群益金鼎-三民,2024-07-26,9188
00878,國泰永續高股息,481,277,204,群益金鼎-三民,2024-07-26,9188
00929,復華台灣科技優息,325,215,110,群益金鼎-三民,2024-07-26,9188
00951,台新日本半導體,81,0,81,群益金鼎-三民,2024-07-26,9188
2888,新光金,121,51,70,群益金鼎-三民,2024-07-26,9188
3481,群創,153,85,68,群益金鼎-三民,2024-07-26,9188
2884,玉山金,69,2,67,群益金鼎-三民,2024-07-26,9188
00933B,國泰10Y+金融債,135,68,67,群益金鼎-三民,2024-07-26,9188
2330,台積電,76,9,67,群益金鼎-三民,2024-07-26,9188
00881,國泰台灣5G+,71,5,66,群益金鼎-三民,2024-07-26,9188
2317,鴻海,94,37,57,群益金鼎-三民,2024-07-26,9188
2408,南亞科,50,2,48,群益金鼎-三民,2024-07-26,9188
00706L,期元大S＆P日圓正2,50,4,46,群益金鼎-三民,2024-07-26,9188
1301,台塑,53,9,44,群益金鼎-三民,2024-07-26,9188
00919,群益台灣精選高息,117,76,41,群益金鼎-三民,2024-07-26,9188
00939,統一台灣高息動能,45,5,40,群益金鼎-三民,2024-07-26,9188
2834,臺企銀,41,2,39,群益金鼎-三民,2024-07-26,9188
0056,元大高股息,41,5,36,群益金鼎-三民,2024-07-26,9188
00713,元大台灣高息低波,127,93,34,群益金鼎-三民,2024-07-26,9188
4128,中天,75,44,31,群益金鼎-三民,2024-07-26,9188
2002,中鋼,43,12,31,群益金鼎-三民,2024-07-26,9188
00941,中信上游半導體,29,0,29,群益金鼎-三民,2024-07-26,9188
00918,大華優利高填息30,30,2,28,群益金鼎-三民,2024-07-26,9188
3711,日月光投控,29,2,27,群益金鼎-三民,2024-07-26,9188
00680L,元大美債20正2,26,1,25,群益金鼎-三民,2024-07-26,9188
8289,泰藝,25,0,25,群益金鼎-三民,2024-07-26,9188
00936,台新永續高息中小,26,2,24,群益金鼎-三民,2024-07-26,9188
2845,遠東銀,21,0,21,群益金鼎-三民,2024-07-26,9188
2356,英業達,23,2,21,群益金鼎-三民,2024-07-26,9188
00725B,國泰投資級公司債,20,0,20,群益金鼎-三民,2024-07-26,9188
2915,潤泰全,23,3,20,群益金鼎-三民,2024-07-26,9188
2303,聯電,27,7,20,群益金鼎-三民,2024-07-26,9188
1101,台泥,21,2,19,群益金鼎-三民,2024-07-26,9188
00922,國泰台灣領袖50,23,5,18,群益金鼎-三民,2024-07-26,9188
3231,緯創,35,18,17,群益金鼎-三民,2024-07-26,9188
6177,達麗,38,21,17,群益金鼎-三民,2024-07-26,9188
3294,英濟,19,3,16,群益金鼎-三民,2024-07-26,9188
3016,嘉晶,16,0,16,群益金鼎-三民,2024-07-26,9188
1701,中化,16,0,16,群益金鼎-三民,2024-07-26,9188
00927,群益半導體收益,16,0,16,群益金鼎-三民,2024-07-26,9188
00888,永豐台灣ESG,16,0,16,群益金鼎-三民,2024-07-26,9188
00915,凱基優選高股息30,14,0,14,群益金鼎-三民,2024-07-26,9188
2208,台船,13,0,13,群益金鼎-三民,2024-07-26,9188
1536,和大,13,0,13,群益金鼎-三民,2024-07-26,9188
00637L,元大滬深300正2,33,21,12,群益金鼎-三民,2024-07-26,9188
9105,泰金寶-DR,22,10,12,群益金鼎-三民,2024-07-26,9188
2352,佳世達,12,0,12,群益金鼎-三民,2024-07-26,9188
2382,廣達,14,3,11,群益金鼎-三民,2024-07-26,9188
00929,復華台灣科技優息,526,222,304,群益金鼎-三民,2024-07-29,9188
00940,元大台灣價值高息,222,0,222,群益金鼎-三民,2024-07-29,9188
00937B,群益ESG投等債20,288,71,217,群益金鼎-三民,2024-07-29,9188
5388,中磊,200,0,200,群益金鼎-三民,2024-07-29,9188
0056,元大高股息,127,25,102,群益金鼎-三民,2024-07-29,9188
00915,凱基優選高股息30,95,17,78,群益金鼎-三民,2024-07-29,9188
2356,英業達,71,2,69,群益金鼎-三民,2024-07-29,9188
00946,群益科技高息成長,59,2,57,群益金鼎-三民,2024-07-29,9188
2367,燿華,58,4,54,群益金鼎-三民,2024-07-29,9188
3645,達邁,50,0,50,群益金鼎-三民,2024-07-29,9188
2528,皇普,51,1,50,群益金鼎-三民,2024-07-29,9188
00706L,期元大S＆P日圓正2,50,0,50,群益金鼎-三民,2024-07-29,9188
2353,宏��,46,2,44,群益金鼎-三民,2024-07-29,9188
9105,泰金寶-DR,42,0,42,群益金鼎-三民,2024-07-29,9188
2884,玉山金,43,5,38,群益金鼎-三民,2024-07-29,9188
5443,均豪,90,60,30,群益金鼎-三民,2024-07-29,9188
00934,中信成長高股息,31,1,30,群益金鼎-三民,2024-07-29,9188
2324,仁寶,29,1,28,群益金鼎-三民,2024-07-29,9188
00671R,富邦NASDAQ反1,28,0,28,群益金鼎-三民,2024-07-29,9188
6877,鏵友益,29,1,28,群益金鼎-三民,2024-07-29,9188
00918,大華優利高填息30,26,0,26,群益金鼎-三民,2024-07-29,9188
2312,金寶,31,5,26,群益金鼎-三民,2024-07-29,9188
2838,聯邦銀,25,0,25,群益金鼎-三民,2024-07-29,9188
00951,台新日本半導體,24,0,24,群益金鼎-三民,2024-07-29,9188
6116,彩晶,22,0,22,群益金鼎-三民,2024-07-29,9188
2303,聯電,56,35,21,群益金鼎-三民,2024-07-29,9188
1231,聯華食,20,0,20,群益金鼎-三民,2024-07-29,9188
4960,誠美材,21,1,20,群益金鼎-三民,2024-07-29,9188
2107,厚生,26,6,20,群益金鼎-三民,2024-07-29,9188
3257,虹冠電,20,0,20,群益金鼎-三民,2024-07-29,9188
8147,正淩,20,0,20,群益金鼎-三民,2024-07-29,9188
3518,柏騰,21,2,19,群益金鼎-三民,2024-07-29,9188
2867,三商壽,21,2,19,群益金鼎-三民,2024-07-29,9188
00688L,國泰20年美債正2,19,1,18,群益金鼎-三民,2024-07-29,9188
8028,昇陽半導體,44,26,18,群益金鼎-三民,2024-07-29,9188
2537,聯上發,30,13,17,群益金鼎-三民,2024-07-29,9188
3552,同致,17,0,17,群益金鼎-三民,2024-07-29,9188
2002,中鋼,21,5,16,群益金鼎-三民,2024-07-29,9188
00680L,元大美債20正2,17,1,16,群益金鼎-三民,2024-07-29,9188
3006,晶豪科,16,2,14,群益金鼎-三民,2024-07-29,9188
00919,群益台灣精選高息,53,40,13,群益金鼎-三民,2024-07-29,9188
8054,安國,18,5,13,群益金鼎-三民,2024-07-29,9188
2505,國揚,14,1,13,群益金鼎-三民,2024-07-29,9188
00900,富邦特選高股息30,13,0,13,群益金鼎-三民,2024-07-29,9188
2363,矽統,15,2,13,群益金鼎-三民,2024-07-29,9188
1785,光洋科,21,8,13,群益金鼎-三民,2024-07-29,9188
00905,FT臺灣Smart,12,0,12,群益金鼎-三民,2024-07-29,9188
2305,全友,12,0,12,群益金鼎-三民,2024-07-29,9188
4564,元翎,13,1,12,群益金鼎-三民,2024-07-29,9188
3715,定穎投控,24,12,12,群益金鼎-三民,2024-07-29,9188
00946,群益科技高息成長,139,0,139,群益金鼎-三民,2024-07-30,9188
00687B,國泰20年美債,115,12,103,群益金鼎-三民,2024-07-30,9188
5388,中磊,102,3,99,群益金鼎-三民,2024-07-30,9188
00937B,群益ESG投等債20,117,24,93,群益金鼎-三民,2024-07-30,9188
2891,中信金,80,4,76,群益金鼎-三民,2024-07-30,9188
00940,元大台灣價值高息,109,54,55,群益金鼎-三民,2024-07-30,9188
2838,聯邦銀,54,2,52,群益金鼎-三民,2024-07-30,9188
00919,群益台灣精選高息,107,58,49,群益金鼎-三民,2024-07-30,9188
00878,國泰永續高股息,271,223,48,群益金鼎-三民,2024-07-30,9188
1108,幸福,40,0,40,群益金鼎-三民,2024-07-30,9188
2349,錸德,119,80,39,群益金鼎-三民,2024-07-30,9188
3047,訊舟,56,17,39,群益金鼎-三民,2024-07-30,9188
00918,大華優利高填息30,39,0,39,群益金鼎-三民,2024-07-30,9188
1312,國喬,40,2,38,群益金鼎-三民,2024-07-30,9188
0056,元大高股息,45,9,36,群益金鼎-三民,2024-07-30,9188
2344,華邦電,41,7,34,群益金鼎-三民,2024-07-30,9188
00830,國泰費城半導體,33,0,33,群益金鼎-三民,2024-07-30,9188
00951,台新日本半導體,32,3,29,群益金鼎-三民,2024-07-30,9188
1301,台塑,43,15,28,群益金鼎-三民,2024-07-30,9188
5483,中美晶,28,0,28,群益金鼎-三民,2024-07-30,9188
00637L,元大滬深300正2,35,7,28,群益金鼎-三民,2024-07-30,9188
00936,台新永續高息中小,33,6,27,群益金鼎-三民,2024-07-30,9188
2884,玉山金,28,2,26,群益金鼎-三民,2024-07-30,9188
2890,永豐金,27,2,25,群益金鼎-三民,2024-07-30,9188
00949,復華日本龍頭,24,0,24,群益金鼎-三民,2024-07-30,9188
2834,臺企銀,26,2,24,群益金鼎-三民,2024-07-30,9188
8105,凌巨,27,3,24,群益金鼎-三民,2024-07-30,9188
6229,研通,23,0,23,群益金鼎-三民,2024-07-30,9188
1597,直得,23,2,21,群益金鼎-三民,2024-07-30,9188
8936,國統,22,1,21,群益金鼎-三民,2024-07-30,9188
4960,誠美材,20,0,20,群益金鼎-三民,2024-07-30,9188
1314,中石化,18,1,17,群益金鼎-三民,2024-07-30,9188
1608,華榮,16,0,16,群益金鼎-三民,2024-07-30,9188
2442,新美齊,46,30,16,群益金鼎-三民,2024-07-30,9188
8150,南茂,15,0,15,群益金鼎-三民,2024-07-30,9188
1609,大亞,19,4,15,群益金鼎-三民,2024-07-30,9188
5871,中租-KY,15,0,15,群益金鼎-三民,2024-07-30,9188
2408,南亞科,14,0,14,群益金鼎-三民,2024-07-30,9188
6125,廣運,17,3,14,群益金鼎-三民,2024-07-30,9188
8064,東捷,34,21,13,群益金鼎-三民,2024-07-30,9188
1785,光洋科,15,2,13,群益金鼎-三民,2024-07-30,9188
00939,統一台灣高息動能,24,11,13,群益金鼎-三民,2024-07-30,9188
6005,群益證,13,0,13,群益金鼎-三民,2024-07-30,9188
3013,晟銘電,16,3,13,群益金鼎-三民,2024-07-30,9188
2867,三商壽,12,0,12,群益金鼎-三民,2024-07-30,9188
00679B,元大美債20年,38,26,12,群益金鼎-三民,2024-07-30,9188
00715L,期街口布蘭特正2,12,0,12,群益金鼎-三民,2024-07-30,9188
2365,昆盈,45,33,12,群益金鼎-三民,2024-07-30,9188
00948B,中信優息投資級債,11,0,11,群益金鼎-三民,2024-07-30,9188
2464,盟立,12,1,11,群益金鼎-三民,2024-07-30,9188
00687B,國泰20年美債,298,4,294,群益金鼎-三民,2024-07-31,9188
9105,泰金寶-DR,130,0,130,群益金鼎-三民,2024-07-31,9188
00937B,群益ESG投等債20,231,148,83,群益金鼎-三民,2024-07-31,9188
00878,國泰永續高股息,210,142,68,群益金鼎-三民,2024-07-31,9188
5388,中磊,67,5,62,群益金鼎-三民,2024-07-31,9188
00948B,中信優息投資級債,61,0,61,群益金鼎-三民,2024-07-31,9188
3481,群創,88,30,58,群益金鼎-三民,2024-07-31,9188
2349,錸德,104,62,42,群益金鼎-三民,2024-07-31,9188
00919,群益台灣精選高息,57,17,40,群益金鼎-三民,2024-07-31,9188
2537,聯上發,38,0,38,群益金鼎-三民,2024-07-31,9188
1608,華榮,32,0,32,群益金鼎-三民,2024-07-31,9188
4564,元翎,31,0,31,群益金鼎-三民,2024-07-31,9188
2489,瑞軒,31,1,30,群益金鼎-三民,2024-07-31,9188
6239,力成,35,8,27,群益金鼎-三民,2024-07-31,9188
00940,元大台灣價值高息,35,10,25,群益金鼎-三民,2024-07-31,9188
2442,新美齊,23,1,22,群益金鼎-三民,2024-07-31,9188
00942B,台新美A公司債20+,21,0,21,群益金鼎-三民,2024-07-31,9188
3522,御嵿,20,0,20,群益金鼎-三民,2024-07-31,9188
00715L,期街口布蘭特正2,30,10,20,群益金鼎-三民,2024-07-31,9188
2614,東森,20,0,20,群益金鼎-三民,2024-07-31,9188
2486,一詮,57,37,20,群益金鼎-三民,2024-07-31,9188
9945,潤泰新,23,3,20,群益金鼎-三民,2024-07-31,9188
6877,鏵友益,19,0,19,群益金鼎-三民,2024-07-31,9188
1108,幸福,25,7,18,群益金鼎-三民,2024-07-31,9188
00720B,元大投資級公司債,17,0,17,群益金鼎-三民,2024-07-31,9188
6116,彩晶,17,0,17,群益金鼎-三民,2024-07-31,9188
2365,昆盈,75,58,17,群益金鼎-三民,2024-07-31,9188
2528,皇普,16,0,16,群益金鼎-三民,2024-07-31,9188
00946,群益科技高息成長,30,17,13,群益金鼎-三民,2024-07-31,9188
8039,台虹,14,2,12,群益金鼎-三民,2024-07-31,9188
2820,華票,12,0,12,群益金鼎-三民,2024-07-31,9188
00740B,富邦全球投等債,12,0,12,群益金鼎-三民,2024-07-31,9188
00757,統一FANG+,11,0,11,群益金鼎-三民,2024-07-31,9188
00927,群益半導體收益,11,0,11,群益金鼎-三民,2024-07-31,9188
1216,統一,11,0,11,群益金鼎-三民,2024-07-31,9188
2838,聯邦銀,14,4,10,群益金鼎-三民,2024-07-31,9188
2637,慧洋-KY,10,0,10,群益金鼎-三民,2024-07-31,9188
00945B,凱基美國非投等債,10,0,10,群益金鼎-三民,2024-07-31,9188
2511,太子,10,0,10,群益金鼎-三民,2024-07-31,9188
00933B,國泰10Y+金融債,38,28,10,群益金鼎-三民,2024-07-31,9188
00632R,元大台灣50反1,10,0,10,群益金鼎-三民,2024-07-31,9188
00939,統一台灣高息動能,13,3,10,群益金鼎-三民,2024-07-31,9188
1513,中興電,14,5,9,群益金鼎-三民,2024-07-31,9188
2548,華固,18,9,9,群益金鼎-三民,2024-07-31,9188
2409,友達,13,4,9,群益金鼎-三民,2024-07-31,9188
2399,映泰,17,8,9,群益金鼎-三民,2024-07-31,9188
6177,達麗,44,35,9,群益金鼎-三民,2024-07-31,9188
2453,凌群,18,9,9,群益金鼎-三民,2024-07-31,9188
4113,聯上,15,6,9,群益金鼎-三民,2024-07-31,9188
4510,高鋒,37,28,9,群益金鼎-三民,2024-07-31,9188
00679B,元大美債20年,555,84,471,群益金鼎-三民,2024-08-01,9188
2880,華南金,338,32,306,群益金鼎-三民,2024-08-01,9188
00948B,中信優息投資級債,123,0,123,群益金鼎-三民,2024-08-01,9188
2317,鴻海,147,37,110,群益金鼎-三民,2024-08-01,9188
00857B,永豐20年美公債,107,2,105,群益金鼎-三民,2024-08-01,9188
2887,台新金,103,16,87,群益金鼎-三民,2024-08-01,9188
00946,群益科技高息成長,86,5,81,群益金鼎-三民,2024-08-01,9188
5876,上海商銀,81,0,81,群益金鼎-三民,2024-08-01,9188
00706L,期元大S＆P日圓正2,153,75,78,群益金鼎-三民,2024-08-01,9188
00878,國泰永續高股息,276,198,78,群益金鼎-三民,2024-08-01,9188
4109,加捷生醫,80,3,77,群益金鼎-三民,2024-08-01,9188
1569,濱川,61,7,54,群益金鼎-三民,2024-08-01,9188
6603,富強鑫,61,8,53,群益金鼎-三民,2024-08-01,9188
2891,中信金,59,14,45,群益金鼎-三民,2024-08-01,9188
00671R,富邦NASDAQ反1,46,1,45,群益金鼎-三民,2024-08-01,9188
00937B,群益ESG投等債20,161,118,43,群益金鼎-三民,2024-08-01,9188
9105,泰金寶-DR,34,0,34,群益金鼎-三民,2024-08-01,9188
00932,兆豐永續高息等權,32,0,32,群益金鼎-三民,2024-08-01,9188
5512,力麒,30,0,30,群益金鼎-三民,2024-08-01,9188
00933B,國泰10Y+金融債,67,44,23,群益金鼎-三民,2024-08-01,9188
2349,錸德,70,47,23,群益金鼎-三民,2024-08-01,9188
2374,佳能,27,5,22,群益金鼎-三民,2024-08-01,9188
8438,昶昕,22,0,22,群益金鼎-三民,2024-08-01,9188
4533,協易機,21,0,21,群益金鼎-三民,2024-08-01,9188
1216,統一,27,7,20,群益金鼎-三民,2024-08-01,9188
1464,得力,20,0,20,群益金鼎-三民,2024-08-01,9188
6126,信音,26,7,19,群益金鼎-三民,2024-08-01,9188
8033,雷虎,20,1,19,群益金鼎-三民,2024-08-01,9188
00923,群益台ESG低碳50,22,5,17,群益金鼎-三民,2024-08-01,9188
6757,台灣虎航,17,0,17,群益金鼎-三民,2024-08-01,9188
00893,國泰智能電動車,16,0,16,群益金鼎-三民,2024-08-01,9188
8064,東捷,41,25,16,群益金鼎-三民,2024-08-01,9188
3211,順達,17,1,16,群益金鼎-三民,2024-08-01,9188
3047,訊舟,48,32,16,群益金鼎-三民,2024-08-01,9188
00637L,元大滬深300正2,17,2,15,群益金鼎-三民,2024-08-01,9188
4510,高鋒,18,5,13,群益金鼎-三民,2024-08-01,9188
3498,陽程,19,6,13,群益金鼎-三民,2024-08-01,9188
00715L,期街口布蘭特正2,23,10,13,群益金鼎-三民,2024-08-01,9188
2323,中環,12,0,12,群益金鼎-三民,2024-08-01,9188
1710,東聯,12,0,12,群益金鼎-三民,2024-08-01,9188
2337,旺宏,147,135,12,群益金鼎-三民,2024-08-01,9188
2393,億光,11,0,11,群益金鼎-三民,2024-08-01,9188
3324,雙鴻,17,6,11,群益金鼎-三民,2024-08-01,9188
1717,長興,16,5,11,群益金鼎-三民,2024-08-01,9188
2884,玉山金,10,0,10,群益金鼎-三民,2024-08-01,9188
3037,欣興,26,16,10,群益金鼎-三民,2024-08-01,9188
6016,康和證,10,0,10,群益金鼎-三民,2024-08-01,9188
2801,彰銀,20,10,10,群益金鼎-三民,2024-08-01,9188
00930,永豐ESG低碳高息,10,0,10,群益金鼎-三民,2024-08-01,9188
3178,公準,10,0,10,群益金鼎-三民,2024-08-01,9188
00937B,群益ESG投等債20,536,187,349,群益金鼎-三民,2024-08-02,9188
00679B,元大美債20年,410,96,314,群益金鼎-三民,2024-08-02,9188
00878,國泰永續高股息,439,193,246,群益金鼎-三民,2024-08-02,9188
00929,復華台灣科技優息,460,231,229,群益金鼎-三民,2024-08-02,9188
00946,群益科技高息成長,219,0,219,群益金鼎-三民,2024-08-02,9188
00919,群益台灣精選高息,205,45,160,群益金鼎-三民,2024-08-02,9188
6877,鏵友益,158,4,154,群益金鼎-三民,2024-08-02,9188
2317,鴻海,143,18,125,群益金鼎-三民,2024-08-02,9188
00940,元大台灣價值高息,126,12,114,群益金鼎-三民,2024-08-02,9188
3363,上詮,105,1,104,群益金鼎-三民,2024-08-02,9188
00948B,中信優息投資級債,101,0,101,群益金鼎-三民,2024-08-02,9188
00933B,國泰10Y+金融債,131,52,79,群益金鼎-三民,2024-08-02,9188
2330,台積電,82,8,74,群益金鼎-三民,2024-08-02,9188
00927,群益半導體收益,83,10,73,群益金鼎-三民,2024-08-02,9188
2528,皇普,70,0,70,群益金鼎-三民,2024-08-02,9188
00715L,期街口布蘭特正2,70,0,70,群益金鼎-三民,2024-08-02,9188
6603,富強鑫,62,0,62,群益金鼎-三民,2024-08-02,9188
2834,臺企銀,66,6,60,群益金鼎-三民,2024-08-02,9188
0056,元大高股息,64,6,58,群益金鼎-三民,2024-08-02,9188
00712,復華富時不動產,62,5,57,群益金鼎-三民,2024-08-02,9188
4167,松瑞藥,55,0,55,群益金鼎-三民,2024-08-02,9188
00941,中信上游半導體,62,10,52,群益金鼎-三民,2024-08-02,9188
6257,矽格,47,0,47,群益金鼎-三民,2024-08-02,9188
2838,聯邦銀,45,0,45,群益金鼎-三民,2024-08-02,9188
00949,復華日本龍頭,54,10,44,群益金鼎-三民,2024-08-02,9188
2449,京元電子,43,2,41,群益金鼎-三民,2024-08-02,9188
00951,台新日本半導體,59,18,41,群益金鼎-三民,2024-08-02,9188
00936,台新永續高息中小,41,0,41,群益金鼎-三民,2024-08-02,9188
00881,國泰台灣5G+,38,0,38,群益金鼎-三民,2024-08-02,9188
00680L,元大美債20正2,74,37,37,群益金鼎-三民,2024-08-02,9188
1312,國喬,33,0,33,群益金鼎-三民,2024-08-02,9188
2002,中鋼,31,0,31,群益金鼎-三民,2024-08-02,9188
2301,光寶科,34,4,30,群益金鼎-三民,2024-08-02,9188
3037,欣興,64,35,29,群益金鼎-三民,2024-08-02,9188
5443,均豪,70,42,28,群益金鼎-三民,2024-08-02,9188
00675L,富邦臺灣加權正2,43,16,27,群益金鼎-三民,2024-08-02,9188
2014,中鴻,27,0,27,群益金鼎-三民,2024-08-02,9188
2408,南亞科,32,6,26,群益金鼎-三民,2024-08-02,9188
2884,玉山金,27,0,27,群益金鼎-三民,2024-08-02,9188
00922,國泰台灣領袖50,25,0,25,群益金鼎-三民,2024-08-02,9188
6285,啟��,25,0,25,群益金鼎-三民,2024-08-02,9188
00900,富邦特選高股息30,25,0,25,群益金鼎-三民,2024-08-02,9188
2363,矽統,24,1,23,群益金鼎-三民,2024-08-02,9188
2382,廣達,24,3,21,群益金鼎-三民,2024-08-02,9188
2303,聯電,27,5,22,群益金鼎-三民,2024-08-02,9188
3048,益登,42,22,20,群益金鼎-三民,2024-08-02,9188
3711,日月光投控,23,3,20,群益金鼎-三民,2024-08-02,9188
00934,中信成長高股息,21,2,19,群益金鼎-三民,2024-08-02,9188
2891,中信金,22,3,19,群益金鼎-三民,2024-08-02,9188
3006,晶豪科,18,0,18,群益金鼎-三民,2024-08-02,9188
00940,元大台灣價值高息,696,49,647,群益金鼎-三民,2024-08-05,9188
00929,復華台灣科技優息,915,335,580,群益金鼎-三民,2024-08-05,9188
2834,臺企銀,336,10,326,群益金鼎-三民,2024-08-05,9188
00687B,國泰20年美債,427,102,325,群益金鼎-三民,2024-08-05,9188
00878,國泰永續高股息,640,409,231,群益金鼎-三民,2024-08-05,9188
00919,群益台灣精選高息,262,64,198,群益金鼎-三民,2024-08-05,9188
00946,群益科技高息成長,196,14,182,群益金鼎-三民,2024-08-05,9188
2882,國泰金,177,23,154,群益金鼎-三民,2024-08-05,9188
2888,新光金,153,14,139,群益金鼎-三民,2024-08-05,9188
2838,聯邦銀,125,0,125,群益金鼎-三民,2024-08-05,9188
912000,晨訊科-DR,120,0,120,群益金鼎-三民,2024-08-05,9188
3481,群創,132,12,120,群益金鼎-三民,2024-08-05,9188
2317,鴻海,122,17,105,群益金鼎-三民,2024-08-05,9188
5388,中磊,113,13,100,群益金鼎-三民,2024-08-05,9188
6877,鏵友益,114,18,96,群益金鼎-三民,2024-08-05,9188
0056,元大高股息,109,13,96,群益金鼎-三民,2024-08-05,9188
6005,群益證,90,2,88,群益金鼎-三民,2024-08-05,9188
2365,昆盈,124,41,83,群益金鼎-三民,2024-08-05,9188
2312,金寶,89,8,81,群益金鼎-三民,2024-08-05,9188
2409,友達,80,1,79,群益金鼎-三民,2024-08-05,9188
1605,華新,75,3,72,群益金鼎-三民,2024-08-05,9188
00936,台新永續高息中小,83,13,70,群益金鼎-三民,2024-08-05,9188
2330,台積電,87,17,70,群益金鼎-三民,2024-08-05,9188
00939,統一台灣高息動能,65,5,60,群益金鼎-三民,2024-08-05,9188
9103,美德醫療-DR,60,0,60,群益金鼎-三民,2024-08-05,9188
1314,中石化,71,15,56,群益金鼎-三民,2024-08-05,9188
00675L,富邦臺灣加權正2,56,0,56,群益金鼎-三民,2024-08-05,9188
2002,中鋼,70,15,55,群益金鼎-三民,2024-08-05,9188
00712,復華富時不動產,112,59,53,群益金鼎-三民,2024-08-05,9188
1101,台泥,54,1,53,群益金鼎-三民,2024-08-05,9188
00881,國泰台灣5G+,51,0,51,群益金鼎-三民,2024-08-05,9188
00941,中信上游半導體,53,2,51,群益金鼎-三民,2024-08-05,9188
00751B,元大AAA至A公司債,61,10,51,群益金鼎-三民,2024-08-05,9188
00900,富邦特選高股息30,46,0,46,群益金鼎-三民,2024-08-05,9188
4532,瑞智,45,0,45,群益金鼎-三民,2024-08-05,9188
00918,大華優利高填息30,57,13,44,群益金鼎-三民,2024-08-05,9188
5443,均豪,54,10,44,群益金鼎-三民,2024-08-05,9188
2867,三商壽,43,0,43,群益金鼎-三民,2024-08-05,9188
1110,東泥,46,4,42,群益金鼎-三民,2024-08-05,9188
1802,台玻,44,2,42,群益金鼎-三民,2024-08-05,9188
00715L,期街口布蘭特正2,47,5,42,群益金鼎-三民,2024-08-05,9188
6179,亞通,47,6,41,群益金鼎-三民,2024-08-05,9188
2363,矽統,52,11,41,群益金鼎-三民,2024-08-05,9188
00905,FT臺灣Smart,38,2,36,群益金鼎-三民,2024-08-05,9188
2890,永豐金,36,0,36,群益金鼎-三民,2024-08-05,9188
6161,捷波,35,0,35,群益金鼎-三民,2024-08-05,9188
00949,復華日本龍頭,39,5,34,群益金鼎-三民,2024-08-05,9188
1532,勤美,32,0,32,群益金鼎-三民,2024-08-05,9188
3576,聯合再生,32,1,31,群益金鼎-三民,2024-08-05,9188
00922,國泰台灣領袖50,30,0,30,群益金鼎-三民,2024-08-05,9188
5388,中磊,463,9,454,群益金鼎-三民,2024-08-06,9188
2887,台新金,145,4,141,群益金鼎-三民,2024-08-06,9188
00878,國泰永續高股息,402,301,101,群益金鼎-三民,2024-08-06,9188
6757,台灣虎航,100,0,100,群益金鼎-三民,2024-08-06,9188
00929,復華台灣科技優息,368,283,85,群益金鼎-三民,2024-08-06,9188
2409,友達,82,6,76,群益金鼎-三民,2024-08-06,9188
2888,新光金,136,64,72,群益金鼎-三民,2024-08-06,9188
2609,陽明,81,18,63,群益金鼎-三民,2024-08-06,9188
00946,群益科技高息成長,96,40,56,群益金鼎-三民,2024-08-06,9188
00631L,元大台灣50正2,51,1,50,群益金鼎-三民,2024-08-06,9188
00940,元大台灣價值高息,140,93,47,群益金鼎-三民,2024-08-06,9188
1714,和桐,40,0,40,群益金鼎-三民,2024-08-06,9188
2883,凱基金,51,16,35,群益金鼎-三民,2024-08-06,9188
2002,中鋼,33,3,30,群益金鼎-三民,2024-08-06,9188
0056,元大高股息,39,9,30,群益金鼎-三民,2024-08-06,9188
00900,富邦特選高股息30,28,0,28,群益金鼎-三民,2024-08-06,9188
3605,宏致,28,5,23,群益金鼎-三民,2024-08-06,9188
00713,元大台灣高息低波,124,102,22,群益金鼎-三民,2024-08-06,9188
00641R,富邦日本反1,21,0,21,群益金鼎-三民,2024-08-06,9188
1802,台玻,20,0,20,群益金鼎-三民,2024-08-06,9188
00676R,富邦臺灣加權反1,40,20,20,群益金鼎-三民,2024-08-06,9188
1732,毛寶,20,0,20,群益金鼎-三民,2024-08-06,9188
3010,華立,21,1,20,群益金鼎-三民,2024-08-06,9188
8039,台虹,21,1,20,群益金鼎-三民,2024-08-06,9188
1532,勤美,19,0,19,群益金鼎-三民,2024-08-06,9188
00637L,元大滬深300正2,21,3,18,群益金鼎-三民,2024-08-06,9188
6161,捷波,18,0,18,群益金鼎-三民,2024-08-06,9188
00881,國泰台灣5G+,26,8,18,群益金鼎-三民,2024-08-06,9188
00934,中信成長高股息,20,3,17,群益金鼎-三民,2024-08-06,9188
2891,中信金,19,2,17,群益金鼎-三民,2024-08-06,9188
0050,元大台灣50,27,10,17,群益金鼎-三民,2024-08-06,9188
6443,元晶,15,0,15,群益金鼎-三民,2024-08-06,9188
00948B,中信優息投資級債,20,5,15,群益金鼎-三民,2024-08-06,9188
5515,建國,24,9,15,群益金鼎-三民,2024-08-06,9188
3363,上詮,24,10,14,群益金鼎-三民,2024-08-06,9188
1597,直得,17,3,14,群益金鼎-三民,2024-08-06,9188
00905,FT臺灣Smart,13,0,13,群益金鼎-三民,2024-08-06,9188
00939,統一台灣高息動能,18,5,13,群益金鼎-三民,2024-08-06,9188
6811,宏�硌穈T,13,0,13,群益金鼎-三民,2024-08-06,9188
2511,太子,13,0,13,群益金鼎-三民,2024-08-06,9188
8147,正淩,14,1,13,群益金鼎-三民,2024-08-06,9188
00664R,國泰臺灣加權反1,25,13,12,群益金鼎-三民,2024-08-06,9188
006208,富邦台50,19,8,11,群益金鼎-三民,2024-08-06,9188
9902,台火,11,0,11,群益金鼎-三民,2024-08-06,9188
00720B,元大投資級公司債,15,4,11,群益金鼎-三民,2024-08-06,9188
2367,燿華,15,5,10,群益金鼎-三民,2024-08-06,9188
3013,晟銘電,18,8,10,群益金鼎-三民,2024-08-06,9188
2477,美隆電,10,0,10,群益金鼎-三民,2024-08-06,9188
6216,居易,11,1,10,群益金鼎-三民,2024-08-06,9188
2211,長榮鋼,10,0,10,群益金鼎-三民,2024-08-06,9188
00878,國泰永續高股息,519,255,264,群益金鼎-三民,2024-08-07,9188
00937B,群益ESG投等債20,300,70,230,群益金鼎-三民,2024-08-07,9188
00632R,元大台灣50反1,471,290,181,群益金鼎-三民,2024-08-07,9188
00679B,元大美債20年,464,284,180,群益金鼎-三民,2024-08-07,9188
1110,東泥,169,0,169,群益金鼎-三民,2024-08-07,9188
6757,台灣虎航,100,0,100,群益金鼎-三民,2024-08-07,9188
00706L,期元大S＆P日圓正2,91,0,91,群益金鼎-三民,2024-08-07,9188
00942B,台新美A公司債20+,116,30,86,群益金鼎-三民,2024-08-07,9188
2834,臺企銀,82,1,81,群益金鼎-三民,2024-08-07,9188
2610,華航,64,4,60,群益金鼎-三民,2024-08-07,9188
2618,長榮航,54,3,51,群益金鼎-三民,2024-08-07,9188
3481,群創,67,16,51,群益金鼎-三民,2024-08-07,9188
00923,群益台ESG低碳50,51,1,50,群益金鼎-三民,2024-08-07,9188
6770,力積電,51,1,50,群益金鼎-三民,2024-08-07,9188
9105,泰金寶-DR,49,0,49,群益金鼎-三民,2024-08-07,9188
2323,中環,52,5,47,群益金鼎-三民,2024-08-07,9188
2317,鴻海,71,29,42,群益金鼎-三民,2024-08-07,9188
3034,聯詠,44,3,41,群益金鼎-三民,2024-08-07,9188
00773B,中信優先金融債,50,10,40,群益金鼎-三民,2024-08-07,9188
6213,聯茂,53,14,39,群益金鼎-三民,2024-08-07,9188
00951,台新日本半導體,40,1,39,群益金鼎-三民,2024-08-07,9188
2382,廣達,48,9,39,群益金鼎-三民,2024-08-07,9188
4532,瑞智,40,2,38,群益金鼎-三民,2024-08-07,9188
2528,皇普,30,0,30,群益金鼎-三民,2024-08-07,9188
00931B,統一美債20年,49,20,29,群益金鼎-三民,2024-08-07,9188
00919,群益台灣精選高息,44,16,28,群益金鼎-三民,2024-08-07,9188
00720B,元大投資級公司債,27,0,27,群益金鼎-三民,2024-08-07,9188
2409,友達,28,2,26,群益金鼎-三民,2024-08-07,9188
2356,英業達,34,8,26,群益金鼎-三民,2024-08-07,9188
00900,富邦特選高股息30,29,4,25,群益金鼎-三民,2024-08-07,9188
2892,第一金,26,2,24,群益金鼎-三民,2024-08-07,9188
0056,元大高股息,42,18,24,群益金鼎-三民,2024-08-07,9188
00725B,國泰投資級公司債,30,7,23,群益金鼎-三民,2024-08-07,9188
00664R,國泰臺灣加權反1,24,2,22,群益金鼎-三民,2024-08-07,9188
00948B,中信優息投資級債,20,0,20,群益金鼎-三民,2024-08-07,9188
5880,合庫金,20,0,20,群益金鼎-三民,2024-08-07,9188
2371,大同,34,15,19,群益金鼎-三民,2024-08-07,9188
1316,上曜,20,3,17,群益金鼎-三民,2024-08-07,9188
8085,福華,17,0,17,群益金鼎-三民,2024-08-07,9188
2408,南亞科,21,5,16,群益金鼎-三民,2024-08-07,9188
5465,富驊,16,0,16,群益金鼎-三民,2024-08-07,9188
8054,安國,29,13,16,群益金鼎-三民,2024-08-07,9188
1514,亞力,31,16,15,群益金鼎-三民,2024-08-07,9188
2887,台新金,30,15,15,群益金鼎-三民,2024-08-07,9188
1528,恩德,20,5,15,群益金鼎-三民,2024-08-07,9188
2801,彰銀,14,0,14,群益金鼎-三民,2024-08-07,9188
00715L,期街口布蘭特正2,14,0,14,群益金鼎-三民,2024-08-07,9188
3576,聯合再生,14,0,14,群益金鼎-三民,2024-08-07,9188
2442,新美齊,15,1,14,群益金鼎-三民,2024-08-07,9188
4540,全球傳動,14,1,13,群益金鼎-三民,2024-08-07,9188
00937B,群益ESG投等債20,428,27,401,群益金鼎-三民,2024-08-08,9188
00632R,元大台灣50反1,666,421,245,群益金鼎-三民,2024-08-08,9188
00679B,元大美債20年,234,26,208,群益金鼎-三民,2024-08-08,9188
00940,元大台灣價值高息,103,11,92,群益金鼎-三民,2024-08-08,9188
2834,臺企銀,94,8,86,群益金鼎-三民,2024-08-08,9188
3289,宜特,81,0,81,群益金鼎-三民,2024-08-08,9188
00878,國泰永續高股息,306,246,60,群益金鼎-三民,2024-08-08,9188
2528,皇普,60,0,60,群益金鼎-三民,2024-08-08,9188
2886,兆豐金,192,150,42,群益金鼎-三民,2024-08-08,9188
4904,遠傳,50,10,40,群益金鼎-三民,2024-08-08,9188
1110,東泥,40,0,40,群益金鼎-三民,2024-08-08,9188
4532,瑞智,36,0,36,群益金鼎-三民,2024-08-08,9188
00942B,台新美A公司債20+,33,0,33,群益金鼎-三民,2024-08-08,9188
00900,富邦特選高股息30,32,0,32,群益金鼎-三民,2024-08-08,9188
3532,台勝科,32,1,31,群益金鼎-三民,2024-08-08,9188
5871,中租-KY,30,0,30,群益金鼎-三民,2024-08-08,9188
3522,御嵿,30,0,30,群益金鼎-三民,2024-08-08,9188
00891,中信關鍵半導體,25,0,25,群益金鼎-三民,2024-08-08,9188
00948B,中信優息投資級債,24,0,24,群益金鼎-三民,2024-08-08,9188
2609,陽明,44,20,24,群益金鼎-三民,2024-08-08,9188
00919,群益台灣精選高息,30,8,22,群益金鼎-三民,2024-08-08,9188
2317,鴻海,58,37,21,群益金鼎-三民,2024-08-08,9188
2409,友達,25,4,21,群益金鼎-三民,2024-08-08,9188
9904,寶成,20,0,20,群益金鼎-三民,2024-08-08,9188
3593,力銘,20,0,20,群益金鼎-三民,2024-08-08,9188
1714,和桐,20,0,20,群益金鼎-三民,2024-08-08,9188
00725B,國泰投資級公司債,20,0,20,群益金鼎-三民,2024-08-08,9188
00687B,國泰20年美債,28,8,20,群益金鼎-三民,2024-08-08,9188
5512,力麒,20,0,20,群益金鼎-三民,2024-08-08,9188
1464,得力,19,0,19,群益金鼎-三民,2024-08-08,9188
3481,群創,23,5,18,群益金鼎-三民,2024-08-08,9188
2329,華泰,23,5,18,群益金鼎-三民,2024-08-08,9188
2356,英業達,23,5,18,群益金鼎-三民,2024-08-08,9188
5519,隆大,52,34,18,群益金鼎-三民,2024-08-08,9188
2537,聯上發,34,18,16,群益金鼎-三民,2024-08-08,9188
00881,國泰台灣5G+,21,6,15,群益金鼎-三民,2024-08-08,9188
4973,廣穎,15,0,15,群益金鼎-三民,2024-08-08,9188
00926,凱基全球菁英55,15,0,15,群益金鼎-三民,2024-08-08,9188
2449,京元電子,61,46,15,群益金鼎-三民,2024-08-08,9188
2891,中信金,26,12,14,群益金鼎-三民,2024-08-08,9188
3545,敦泰,14,0,14,群益金鼎-三民,2024-08-08,9188
4564,元翎,16,2,14,群益金鼎-三民,2024-08-08,9188
8039,台虹,15,1,14,群益金鼎-三民,2024-08-08,9188
2442,新美齊,15,1,14,群益金鼎-三民,2024-08-08,9188
8085,福華,14,0,14,群益金鼎-三民,2024-08-08,9188
2884,玉山金,42,30,12,群益金鼎-三民,2024-08-08,9188
3711,日月光投控,19,7,12,群益金鼎-三民,2024-08-08,9188
4534,慶騰,12,0,12,群益金鼎-三民,2024-08-08,9188
6531,愛普*,15,3,12,群益金鼎-三民,2024-08-08,9188
3665,貿聯-KY,13,1,12,群益金鼎-三民,2024-08-08,9188
00632R,元大台灣50反1,1188,589,599,群益金鼎-三民,2024-08-09,9188
2880,華南金,304,1,303,群益金鼎-三民,2024-08-09,9188
00687B,國泰20年美債,256,7,249,群益金鼎-三民,2024-08-09,9188
00937B,群益ESG投等債20,358,114,244,群益金鼎-三民,2024-08-09,9188
00948B,中信優息投資級債,206,0,206,群益金鼎-三民,2024-08-09,9188
5388,中磊,200,1,199,群益金鼎-三民,2024-08-09,9188
00688L,國泰20年美債正2,117,2,115,群益金鼎-三民,2024-08-09,9188
00933B,國泰10Y+金融債,244,150,94,群益金鼎-三民,2024-08-09,9188
2886,兆豐金,164,76,88,群益金鼎-三民,2024-08-09,9188
2610,華航,100,16,84,群益金鼎-三民,2024-08-09,9188
6261,久元,81,0,81,群益金鼎-三民,2024-08-09,9188
4109,加捷生醫,78,3,75,群益金鼎-三民,2024-08-09,9188
00772B,中信高評級公司債,71,5,66,群益金鼎-三民,2024-08-09,9188
00753L,中信中國50正2,55,0,55,群益金鼎-三民,2024-08-09,9188
6770,力積電,50,0,50,群益金鼎-三民,2024-08-09,9188
2337,旺宏,53,5,48,群益金鼎-三民,2024-08-09,9188
00680L,元大美債20正2,49,7,42,群益金鼎-三民,2024-08-09,9188
2489,瑞軒,49,10,39,群益金鼎-三民,2024-08-09,9188
00706L,期元大S＆P日圓正2,34,0,34,群益金鼎-三民,2024-08-09,9188
00720B,元大投資級公司債,25,0,25,群益金鼎-三民,2024-08-09,9188
00725B,國泰投資級公司債,23,0,23,群益金鼎-三民,2024-08-09,9188
2834,臺企銀,45,25,20,群益金鼎-三民,2024-08-09,9188
8438,昶昕,40,20,20,群益金鼎-三民,2024-08-09,9188
5443,均豪,45,25,20,群益金鼎-三民,2024-08-09,9188
00931B,統一美債20年,19,0,19,群益金鼎-三民,2024-08-09,9188
2388,威盛,31,13,18,群益金鼎-三民,2024-08-09,9188
3338,泰碩,21,3,18,群益金鼎-三民,2024-08-09,9188
4564,元翎,38,20,18,群益金鼎-三民,2024-08-09,9188
2421,建準,18,1,17,群益金鼎-三民,2024-08-09,9188
2353,宏��,41,24,17,群益金鼎-三民,2024-08-09,9188
00795B,中信美國公債20年,16,0,16,群益金鼎-三民,2024-08-09,9188
6126,信音,16,0,16,群益金鼎-三民,2024-08-09,9188
00942B,台新美A公司債20+,16,0,16,群益金鼎-三民,2024-08-09,9188
2524,京城,17,1,16,群益金鼎-三民,2024-08-09,9188
2538,基泰,15,0,15,群益金鼎-三民,2024-08-09,9188
00944,野村趨勢動能高息,15,0,15,群益金鼎-三民,2024-08-09,9188
5880,合庫金,39,24,15,群益金鼎-三民,2024-08-09,9188
00637L,元大滬深300正2,15,1,14,群益金鼎-三民,2024-08-09,9188
3532,台勝科,14,0,14,群益金鼎-三民,2024-08-09,9188
00881,國泰台灣5G+,22,8,14,群益金鼎-三民,2024-08-09,9188
6282,康舒,14,1,13,群益金鼎-三民,2024-08-09,9188
8039,台虹,15,2,13,群益金鼎-三民,2024-08-09,9188
2543,皇昌,31,18,13,群益金鼎-三民,2024-08-09,9188
2376,技嘉,15,3,12,群益金鼎-三民,2024-08-09,9188
2313,華通,22,10,12,群益金鼎-三民,2024-08-09,9188
1536,和大,15,3,12,群益金鼎-三民,2024-08-09,9188
2867,三商壽,12,0,12,群益金鼎-三民,2024-08-09,9188
3665,貿聯-KY,13,1,12,群益金鼎-三民,2024-08-09,9188
2349,錸德,20,9,11,群益金鼎-三民,2024-08-09,9188
2243,宏旭-KY,25,14,11,群益金鼎-三民,2024-08-09,9188
00937B,群益ESG投等債20,717,27,690,群益金鼎-三民,2024-08-12,9188
2888,新光金,504,56,448,群益金鼎-三民,2024-08-12,9188
00632R,元大台灣50反1,523,126,397,群益金鼎-三民,2024-08-12,9188
2887,台新金,372,22,350,群益金鼎-三民,2024-08-12,9188
00687B,國泰20年美債,147,1,146,群益金鼎-三民,2024-08-12,9188
00688L,國泰20年美債正2,131,1,130,群益金鼎-三民,2024-08-12,9188
00929,復華台灣科技優息,162,85,77,群益金鼎-三民,2024-08-12,9188
00680L,元大美債20正2,315,259,56,群益金鼎-三民,2024-08-12,9188
9103,美德醫療-DR,53,0,53,群益金鼎-三民,2024-08-12,9188
9105,泰金寶-DR,51,6,45,群益金鼎-三民,2024-08-12,9188
6603,富強鑫,44,0,44,群益金鼎-三民,2024-08-12,9188
2312,金寶,55,14,41,群益金鼎-三民,2024-08-12,9188
2515,中工,45,6,39,群益金鼎-三民,2024-08-12,9188
4540,全球傳動,42,9,33,群益金鼎-三民,2024-08-12,9188
00900,富邦特選高股息30,41,9,32,群益金鼎-三民,2024-08-12,9188
2618,長榮航,34,2,32,群益金鼎-三民,2024-08-12,9188
00772B,中信高評級公司債,46,15,31,群益金鼎-三民,2024-08-12,9188
2031,新光鋼,29,0,29,群益金鼎-三民,2024-08-12,9188
00933B,國泰10Y+金融債,29,0,29,群益金鼎-三民,2024-08-12,9188
2882,國泰金,40,11,29,群益金鼎-三民,2024-08-12,9188
4510,高鋒,28,0,28,群益金鼎-三民,2024-08-12,9188
3518,柏騰,46,20,26,群益金鼎-三民,2024-08-12,9188
2883,凱基金,42,17,25,群益金鼎-三民,2024-08-12,9188
8039,台虹,24,0,24,群益金鼎-三民,2024-08-12,9188
00713,元大台灣高息低波,110,87,23,群益金鼎-三民,2024-08-12,9188
00907,永豐優息存股,22,0,22,群益金鼎-三民,2024-08-12,9188
6261,久元,23,2,21,群益金鼎-三民,2024-08-12,9188
3230,錦明,21,0,21,群益金鼎-三民,2024-08-12,9188
6757,台灣虎航,21,0,21,群益金鼎-三民,2024-08-12,9188
6216,居易,25,5,20,群益金鼎-三民,2024-08-12,9188
3581,博磊,19,0,19,群益金鼎-三民,2024-08-12,9188
2449,京元電子,36,18,18,群益金鼎-三民,2024-08-12,9188
8011,台通,18,1,17,群益金鼎-三民,2024-08-12,9188
8096,擎亞,25,8,17,群益金鼎-三民,2024-08-12,9188
2365,昆盈,117,100,17,群益金鼎-三民,2024-08-12,9188
00927,群益半導體收益,18,1,17,群益金鼎-三民,2024-08-12,9188
2392,正崴,21,6,15,群益金鼎-三民,2024-08-12,9188
2610,華航,45,30,15,群益金鼎-三民,2024-08-12,9188
1513,中興電,44,30,14,群益金鼎-三民,2024-08-12,9188
2881,富邦金,17,3,14,群益金鼎-三民,2024-08-12,9188
1314,中石化,25,12,13,群益金鼎-三民,2024-08-12,9188
2363,矽統,12,0,12,群益金鼎-三民,2024-08-12,9188
00936,台新永續高息中小,14,2,12,群益金鼎-三民,2024-08-12,9188
2885,元大金,12,0,12,群益金鼎-三民,2024-08-12,9188
1532,勤美,12,0,12,群益金鼎-三民,2024-08-12,9188
5364,力麗店,12,0,12,群益金鼎-三民,2024-08-12,9188
4306,炎洲,15,3,12,群益金鼎-三民,2024-08-12,9188
6695,芯鼎,12,0,12,群益金鼎-三民,2024-08-12,9188
6215,和椿,36,25,11,群益金鼎-三民,2024-08-12,9188
00932,兆豐永續高息等權,10,0,10,群益金鼎-三民,2024-08-12,9188
00632R,元大台灣50反1,373,5,368,群益金鼎-三民,2024-08-13,9188
00688L,國泰20年美債正2,193,1,192,群益金鼎-三民,2024-08-13,9188
00680L,元大美債20正2,124,1,123,群益金鼎-三民,2024-08-13,9188
5388,中磊,102,1,101,群益金鼎-三民,2024-08-13,9188
6757,台灣虎航,100,0,100,群益金鼎-三民,2024-08-13,9188
2880,華南金,74,3,71,群益金鼎-三民,2024-08-13,9188
00937B,群益ESG投等債20,125,60,65,群益金鼎-三民,2024-08-13,9188
00946,群益科技高息成長,53,1,52,群益金鼎-三民,2024-08-13,9188
00772B,中信高評級公司債,50,0,50,群益金鼎-三民,2024-08-13,9188
00948B,中信優息投資級債,39,0,39,群益金鼎-三民,2024-08-13,9188
00679B,元大美債20年,111,75,36,群益金鼎-三民,2024-08-13,9188
3013,晟銘電,44,9,35,群益金鼎-三民,2024-08-13,9188
2884,玉山金,43,10,33,群益金鼎-三民,2024-08-13,9188
2838,聯邦銀,31,0,31,群益金鼎-三民,2024-08-13,9188
9935,慶豐富,30,0,30,群益金鼎-三民,2024-08-13,9188
1802,台玻,30,0,30,群益金鼎-三民,2024-08-13,9188
2429,銘旺科,29,1,28,群益金鼎-三民,2024-08-13,9188
2374,佳能,38,13,25,群益金鼎-三民,2024-08-13,9188
2449,京元電子,35,12,23,群益金鼎-三民,2024-08-13,9188
2615,萬海,34,12,22,群益金鼎-三民,2024-08-13,9188
3481,群創,42,20,22,群益金鼎-三民,2024-08-13,9188
2886,兆豐金,21,0,21,群益金鼎-三民,2024-08-13,9188
1314,中石化,22,1,21,群益金鼎-三民,2024-08-13,9188
6191,精成科,21,1,20,群益金鼎-三民,2024-08-13,9188
2867,三商壽,20,0,20,群益金鼎-三民,2024-08-13,9188
2609,陽明,64,46,18,群益金鼎-三民,2024-08-13,9188
2610,華航,54,36,18,群益金鼎-三民,2024-08-13,9188
1513,中興電,70,54,16,群益金鼎-三民,2024-08-13,9188
3231,緯創,22,6,16,群益金鼎-三民,2024-08-13,9188
00713,元大台灣高息低波,82,67,15,群益金鼎-三民,2024-08-13,9188
2641,正德,15,0,15,群益金鼎-三民,2024-08-13,9188
5880,合庫金,14,0,14,群益金鼎-三民,2024-08-13,9188
2834,臺企銀,49,35,14,群益金鼎-三民,2024-08-13,9188
8438,昶昕,14,0,14,群益金鼎-三民,2024-08-13,9188
3268,海德威,14,0,14,群益金鼎-三民,2024-08-13,9188
1522,堤維西,59,45,14,群益金鼎-三民,2024-08-13,9188
4979,華星光,18,5,13,群益金鼎-三民,2024-08-13,9188
1440,南紡,13,0,13,群益金鼎-三民,2024-08-13,9188
6215,和椿,24,11,13,群益金鼎-三民,2024-08-13,9188
2002,中鋼,12,0,12,群益金鼎-三民,2024-08-13,9188
5213,亞昕,12,0,12,群益金鼎-三民,2024-08-13,9188
4720,德淵,13,1,12,群益金鼎-三民,2024-08-13,9188
8039,台虹,12,0,12,群益金鼎-三民,2024-08-13,9188
6180,橘子,12,0,12,群益金鼎-三民,2024-08-13,9188
4576,大銀微系統,18,6,12,群益金鼎-三民,2024-08-13,9188
6505,台塑化,11,1,10,群益金鼎-三民,2024-08-13,9188
2382,廣達,13,3,10,群益金鼎-三民,2024-08-13,9188
2208,台船,15,5,10,群益金鼎-三民,2024-08-13,9188
00932,兆豐永續高息等權,10,0,10,群益金鼎-三民,2024-08-13,9188
00720B,元大投資級公司債,12,2,10,群益金鼎-三民,2024-08-13,9188
00632R,元大台灣50反1,1115,135,980,群益金鼎-三民,2024-08-14,9188
00680L,元大美債20正2,848,4,844,群益金鼎-三民,2024-08-14,9188
00937B,群益ESG投等債20,244,47,197,群益金鼎-三民,2024-08-14,9188
00948B,中信優息投資級債,106,10,96,群益金鼎-三民,2024-08-14,9188
00688L,國泰20年美債正2,76,7,69,群益金鼎-三民,2024-08-14,9188
00772B,中信高評級公司債,80,12,68,群益金鼎-三民,2024-08-14,9188
00687B,國泰20年美債,62,2,60,群益金鼎-三民,2024-08-14,9188
1101,台泥,57,0,57,群益金鼎-三民,2024-08-14,9188
4123,晟德,50,0,50,群益金鼎-三民,2024-08-14,9188
6244,茂迪,55,6,49,群益金鼎-三民,2024-08-14,9188
2801,彰銀,47,0,47,群益金鼎-三民,2024-08-14,9188
00637L,元大滬深300正2,44,2,42,群益金鼎-三民,2024-08-14,9188
8039,台虹,42,2,40,群益金鼎-三民,2024-08-14,9188
00713,元大台灣高息低波,63,26,37,群益金鼎-三民,2024-08-14,9188
1532,勤美,38,1,37,群益金鼎-三民,2024-08-14,9188
9904,寶成,39,7,32,群益金鼎-三民,2024-08-14,9188
00882,中信中國高股息,30,0,30,群益金鼎-三民,2024-08-14,9188
00752,中信中國50,30,0,30,群益金鼎-三民,2024-08-14,9188
4526,東台,28,0,28,群益金鼎-三民,2024-08-14,9188
6261,久元,28,0,28,群益金鼎-三民,2024-08-14,9188
00936,台新永續高息中小,41,14,27,群益金鼎-三民,2024-08-14,9188
2880,華南金,28,1,27,群益金鼎-三民,2024-08-14,9188
4562,穎漢,63,40,23,群益金鼎-三民,2024-08-14,9188
2367,燿華,30,7,23,群益金鼎-三民,2024-08-14,9188
1536,和大,32,9,23,群益金鼎-三民,2024-08-14,9188
00881,國泰台灣5G+,27,5,22,群益金鼎-三民,2024-08-14,9188
00675L,富邦臺灣加權正2,24,3,21,群益金鼎-三民,2024-08-14,9188
2356,英業達,42,22,20,群益金鼎-三民,2024-08-14,9188
2492,華新科,20,0,20,群益金鼎-三民,2024-08-14,9188
2408,南亞科,35,15,20,群益金鼎-三民,2024-08-14,9188
2888,新光金,30,11,19,群益金鼎-三民,2024-08-14,9188
3498,陽程,36,18,18,群益金鼎-三民,2024-08-14,9188
2002,中鋼,36,19,17,群益金鼎-三民,2024-08-14,9188
2838,聯邦銀,30,14,16,群益金鼎-三民,2024-08-14,9188
2477,美隆電,16,0,16,群益金鼎-三民,2024-08-14,9188
00795B,中信美國公債20年,21,6,15,群益金鼎-三民,2024-08-14,9188
8064,東捷,33,18,15,群益金鼎-三民,2024-08-14,9188
2409,友達,15,1,14,群益金鼎-三民,2024-08-14,9188
6757,台灣虎航,14,0,14,群益金鼎-三民,2024-08-14,9188
8071,能率網通,32,19,13,群益金鼎-三民,2024-08-14,9188
2915,潤泰全,21,9,12,群益金鼎-三民,2024-08-14,9188
2374,佳能,21,10,11,群益金鼎-三民,2024-08-14,9188
00923,群益台ESG低碳50,10,0,10,群益金鼎-三民,2024-08-14,9188
8028,昇陽半導體,12,2,10,群益金鼎-三民,2024-08-14,9188
1737,臺鹽,10,0,10,群益金鼎-三民,2024-08-14,9188
00652,富邦印度,10,0,10,群益金鼎-三民,2024-08-14,9188
00715L,期街口布蘭特正2,10,0,10,群益金鼎-三民,2024-08-14,9188
3593,力銘,10,0,10,群益金鼎-三民,2024-08-14,9188
3545,敦泰,10,0,10,群益金鼎-三民,2024-08-14,9188
2520,冠德,10,0,10,群益金鼎-三民,2024-08-14,9188
00688L,國泰20年美債正2,1373,51,1322,群益金鼎-三民,2024-08-15,9188
00632R,元大台灣50反1,364,151,213,群益金鼎-三民,2024-08-15,9188
00937B,群益ESG投等債20,353,149,204,群益金鼎-三民,2024-08-15,9188
00687B,國泰20年美債,172,39,133,群益金鼎-三民,2024-08-15,9188
00900,富邦特選高股息30,115,16,99,群益金鼎-三民,2024-08-15,9188
00948B,中信優息投資級債,100,5,95,群益金鼎-三民,2024-08-15,9188
00878,國泰永續高股息,378,297,81,群益金鼎-三民,2024-08-15,9188
2838,聯邦銀,76,1,75,群益金鼎-三民,2024-08-15,9188
2801,彰銀,74,0,74,群益金鼎-三民,2024-08-15,9188
00933B,國泰10Y+金融債,50,0,50,群益金鼎-三民,2024-08-15,9188
5515,建國,55,12,43,群益金鼎-三民,2024-08-15,9188
5880,合庫金,52,10,42,群益金鼎-三民,2024-08-15,9188
00945B,凱基美國非投等債,42,0,42,群益金鼎-三民,2024-08-15,9188
00795B,中信美國公債20年,42,1,41,群益金鼎-三民,2024-08-15,9188
2002,中鋼,39,1,38,群益金鼎-三民,2024-08-15,9188
4540,全球傳動,92,57,35,群益金鼎-三民,2024-08-15,9188
2882,國泰金,41,8,33,群益金鼎-三民,2024-08-15,9188
6757,台灣虎航,31,0,31,群益金鼎-三民,2024-08-15,9188
3492,長盛,53,22,31,群益金鼎-三民,2024-08-15,9188
6241,易通展,30,0,30,群益金鼎-三民,2024-08-15,9188
2317,鴻海,61,31,30,群益金鼎-三民,2024-08-15,9188
6603,富強鑫,44,16,28,群益金鼎-三民,2024-08-15,9188
2834,臺企銀,68,40,28,群益金鼎-三民,2024-08-15,9188
2887,台新金,39,12,27,群益金鼎-三民,2024-08-15,9188
2301,光寶科,26,0,26,群益金鼎-三民,2024-08-15,9188
00929,復華台灣科技優息,199,175,24,群益金鼎-三民,2024-08-15,9188
2337,旺宏,24,1,23,群益金鼎-三民,2024-08-15,9188
1326,台化,23,0,23,群益金鼎-三民,2024-08-15,9188
1514,亞力,35,12,23,群益金鼎-三民,2024-08-15,9188
2886,兆豐金,21,0,21,群益金鼎-三民,2024-08-15,9188
2905,三商,21,0,21,群益金鼎-三民,2024-08-15,9188
3231,緯創,24,4,20,群益金鼎-三民,2024-08-15,9188
2528,皇普,40,20,20,群益金鼎-三民,2024-08-15,9188
2489,瑞軒,63,44,19,群益金鼎-三民,2024-08-15,9188
00891,中信關鍵半導體,19,2,17,群益金鼎-三民,2024-08-15,9188
6207,雷科,18,1,17,群益金鼎-三民,2024-08-15,9188
2884,玉山金,15,0,15,群益金鼎-三民,2024-08-15,9188
5905,南仁湖,15,0,15,群益金鼎-三民,2024-08-15,9188
5011,久陽,18,3,15,群益金鼎-三民,2024-08-15,9188
6282,康舒,14,0,14,群益金鼎-三民,2024-08-15,9188
6261,久元,14,0,14,群益金鼎-三民,2024-08-15,9188
1570,力肯,14,0,14,群益金鼎-三民,2024-08-15,9188
3711,日月光投控,15,1,14,群益金鼎-三民,2024-08-15,9188
6005,群益證,13,0,13,群益金鼎-三民,2024-08-15,9188
3576,聯合再生,14,1,13,群益金鼎-三民,2024-08-15,9188
2881,富邦金,14,1,13,群益金鼎-三民,2024-08-15,9188
6188,廣明,12,0,12,群益金鼎-三民,2024-08-15,9188
2880,華南金,16,5,11,群益金鼎-三民,2024-08-15,9188
00927,群益半導體收益,15,4,11,群益金鼎-三民,2024-08-15,9188
2892,第一金,13,2,11,群益金鼎-三民,2024-08-15,9188
00632R,元大台灣50反1,314,6,308,群益金鼎-三民,2024-08-16,9188
00937B,群益ESG投等債20,358,190,168,群益金鼎-三民,2024-08-16,9188
00687B,國泰20年美債,174,66,108,群益金鼎-三民,2024-08-16,9188
1314,中石化,82,6,76,群益金鼎-三民,2024-08-16,9188
00948B,中信優息投資級債,86,16,70,群益金鼎-三民,2024-08-16,9188
9105,泰金寶-DR,72,18,54,群益金鼎-三民,2024-08-16,9188
00795B,中信美國公債20年,52,0,52,群益金鼎-三民,2024-08-16,9188
2363,矽統,53,17,36,群益金鼎-三民,2024-08-16,9188
3284,太普高,45,13,32,群益金鼎-三民,2024-08-16,9188
00934,中信成長高股息,30,1,29,群益金鼎-三民,2024-08-16,9188
3390,旭軟,24,1,23,群益金鼎-三民,2024-08-16,9188
5515,建國,33,10,23,群益金鼎-三民,2024-08-16,9188
8071,能率網通,24,2,22,群益金鼎-三民,2024-08-16,9188
00931B,統一美債20年,21,0,21,群益金鼎-三民,2024-08-16,9188
2312,金寶,26,5,21,群益金鼎-三民,2024-08-16,9188
3303,岱稜,27,6,21,群益金鼎-三民,2024-08-16,9188
8299,群聯,22,1,21,群益金鼎-三民,2024-08-16,9188
2323,中環,96,77,19,群益金鼎-三民,2024-08-16,9188
2520,冠德,20,2,18,群益金鼎-三民,2024-08-16,9188
6215,和椿,22,4,18,群益金鼎-三民,2024-08-16,9188
6269,台郡,17,0,17,群益金鼎-三民,2024-08-16,9188
00933B,國泰10Y+金融債,67,50,17,群益金鼎-三民,2024-08-16,9188
2317,鴻海,34,19,15,群益金鼎-三民,2024-08-16,9188
2618,長榮航,16,1,15,群益金鼎-三民,2024-08-16,9188
00932,兆豐永續高息等權,14,0,14,群益金鼎-三民,2024-08-16,9188
00881,國泰台灣5G+,19,5,14,群益金鼎-三民,2024-08-16,9188
00929,復華台灣科技優息,41,28,13,群益金鼎-三民,2024-08-16,9188
6282,康舒,13,1,12,群益金鼎-三民,2024-08-16,9188
2002,中鋼,12,0,12,群益金鼎-三民,2024-08-16,9188
8438,昶昕,24,12,12,群益金鼎-三民,2024-08-16,9188
3105,穩懋,12,0,12,群益金鼎-三民,2024-08-16,9188
2464,盟立,20,8,12,群益金鼎-三民,2024-08-16,9188
8096,擎亞,35,23,12,群益金鼎-三民,2024-08-16,9188
2359,所羅門,40,28,12,群益金鼎-三民,2024-08-16,9188
2880,華南金,25,13,12,群益金鼎-三民,2024-08-16,9188
00942B,台新美A公司債20+,11,0,11,群益金鼎-三民,2024-08-16,9188
00900,富邦特選高股息30,11,0,11,群益金鼎-三民,2024-08-16,9188
3231,緯創,18,7,11,群益金鼎-三民,2024-08-16,9188
006208,富邦台50,11,0,11,群益金鼎-三民,2024-08-16,9188
3013,晟銘電,37,27,10,群益金鼎-三民,2024-08-16,9188
3605,宏致,19,9,10,群益金鼎-三民,2024-08-16,9188
1611,中電,30,20,10,群益金鼎-三民,2024-08-16,9188
3715,定穎投控,15,5,10,群益金鼎-三民,2024-08-16,9188
1909,榮成,15,5,10,群益金鼎-三民,2024-08-16,9188
1217,愛之味,10,0,10,群益金鼎-三民,2024-08-16,9188
4540,全球傳動,11,1,10,群益金鼎-三民,2024-08-16,9188
2609,陽明,34,25,9,群益金鼎-三民,2024-08-16,9188
8936,國統,11,2,9,群益金鼎-三民,2024-08-16,9188
2615,萬海,18,9,9,群益金鼎-三民,2024-08-16,9188
00757,統一FANG+,11,2,9,群益金鼎-三民,2024-08-16,9188
00937B,群益ESG投等債20,568,118,450,群益金鼎-三民,2024-08-19,9188
00948B,中信優息投資級債,448,0,448,群益金鼎-三民,2024-08-19,9188
2890,永豐金,601,200,401,群益金鼎-三民,2024-08-19,9188
00687B,國泰20年美債,353,50,303,群益金鼎-三民,2024-08-19,9188
00933B,國泰10Y+金融債,353,51,302,群益金鼎-三民,2024-08-19,9188
00929,復華台灣科技優息,216,53,163,群益金鼎-三民,2024-08-19,9188
2888,新光金,433,271,162,群益金鼎-三民,2024-08-19,9188
00940,元大台灣價值高息,202,49,153,群益金鼎-三民,2024-08-19,9188
00688L,國泰20年美債正2,135,1,134,群益金鼎-三民,2024-08-19,9188
1569,濱川,71,0,71,群益金鼎-三民,2024-08-19,9188
2838,聯邦銀,60,0,60,群益金鼎-三民,2024-08-19,9188
00715L,期街口布蘭特正2,61,1,60,群益金鼎-三民,2024-08-19,9188
1409,新纖,40,0,40,群益金鼎-三民,2024-08-19,9188
1314,中石化,40,0,40,群益金鼎-三民,2024-08-19,9188
9105,泰金寶-DR,36,0,36,群益金鼎-三民,2024-08-19,9188
3498,陽程,41,7,34,群益金鼎-三民,2024-08-19,9188
2344,華邦電,86,53,33,群益金鼎-三民,2024-08-19,9188
2356,英業達,32,0,32,群益金鼎-三民,2024-08-19,9188
2002,中鋼,36,8,28,群益金鼎-三民,2024-08-19,9188
8043,蜜望實,37,11,26,群益金鼎-三民,2024-08-19,9188
1609,大亞,28,2,26,群益金鼎-三民,2024-08-19,9188
3013,晟銘電,52,28,24,群益金鼎-三民,2024-08-19,9188
8234,新漢,27,3,24,群益金鼎-三民,2024-08-19,9188
3528,安馳,26,3,23,群益金鼎-三民,2024-08-19,9188
8028,昇陽半導體,34,12,22,群益金鼎-三民,2024-08-19,9188
3518,柏騰,27,5,22,群益金鼎-三民,2024-08-19,9188
2537,聯上發,30,9,21,群益金鼎-三民,2024-08-19,9188
00942B,台新美A公司債20+,21,0,21,群益金鼎-三民,2024-08-19,9188
1110,東泥,20,0,20,群益金鼎-三民,2024-08-19,9188
3594,磐儀,20,0,20,群益金鼎-三民,2024-08-19,9188
3231,緯創,19,0,19,群益金鼎-三民,2024-08-19,9188
2887,台新金,20,2,18,群益金鼎-三民,2024-08-19,9188
8438,昶昕,18,0,18,群益金鼎-三民,2024-08-19,9188
3188,鑫龍騰,15,0,15,群益金鼎-三民,2024-08-19,9188
8096,擎亞,19,4,15,群益金鼎-三民,2024-08-19,9188
9945,潤泰新,15,1,14,群益金鼎-三民,2024-08-19,9188
1701,中化,14,0,14,群益金鼎-三民,2024-08-19,9188
2881,富邦金,16,2,14,群益金鼎-三民,2024-08-19,9188
2885,元大金,12,0,12,群益金鼎-三民,2024-08-19,9188
2464,盟立,16,4,12,群益金鼎-三民,2024-08-19,9188
1785,光洋科,19,7,12,群益金鼎-三民,2024-08-19,9188
2354,鴻準,16,4,12,群益金鼎-三民,2024-08-19,9188
4534,慶騰,12,1,11,群益金鼎-三民,2024-08-19,9188
00740B,富邦全球投等債,11,0,11,群益金鼎-三民,2024-08-19,9188
2481,強茂,10,0,10,群益金鼎-三民,2024-08-19,9188
2618,長榮航,11,1,10,群益金鼎-三民,2024-08-19,9188
2498,宏達電,10,0,10,群益金鼎-三民,2024-08-19,9188
00795B,中信美國公債20年,10,0,10,群益金鼎-三民,2024-08-19,9188
2880,華南金,10,0,10,群益金鼎-三民,2024-08-19,9188
1736,喬山,10,0,10,群益金鼎-三民,2024-08-19,9188
00676R,富邦臺灣加權反1,900,0,900,群益金鼎-三民,2024-08-20,9188
00919,群益台灣精選高息,359,12,347,群益金鼎-三民,2024-08-20,9188
00937B,群益ESG投等債20,337,97,240,群益金鼎-三民,2024-08-20,9188
00687B,國泰20年美債,267,62,205,群益金鼎-三民,2024-08-20,9188
00632R,元大台灣50反1,252,125,127,群益金鼎-三民,2024-08-20,9188
00679B,元大美債20年,202,133,69,群益金鼎-三民,2024-08-20,9188
00933B,國泰10Y+金融債,157,98,59,群益金鼎-三民,2024-08-20,9188
2851,中再保,50,0,50,群益金鼎-三民,2024-08-20,9188
2542,興富發,37,1,36,群益金鼎-三民,2024-08-20,9188
9945,潤泰新,35,3,32,群益金鼎-三民,2024-08-20,9188
2365,昆盈,66,35,31,群益金鼎-三民,2024-08-20,9188
3522,御嵿,31,0,31,群益金鼎-三民,2024-08-20,9188
00931B,統一美債20年,32,1,31,群益金鼎-三民,2024-08-20,9188
00940,元大台灣價值高息,43,13,30,群益金鼎-三民,2024-08-20,9188
2401,凌陽,33,4,29,群益金鼎-三民,2024-08-20,9188
6261,久元,27,0,27,群益金鼎-三民,2024-08-20,9188
9105,泰金寶-DR,25,0,25,群益金鼎-三民,2024-08-20,9188
4306,炎洲,27,2,25,群益金鼎-三民,2024-08-20,9188
00929,復華台灣科技優息,186,163,23,群益金鼎-三民,2024-08-20,9188
1321,大洋,22,0,22,群益金鼎-三民,2024-08-20,9188
00942B,台新美A公司債20+,23,1,22,群益金鼎-三民,2024-08-20,9188
2317,鴻海,60,40,20,群益金鼎-三民,2024-08-20,9188
2883,凱基金,20,0,20,群益金鼎-三民,2024-08-20,9188
1909,榮成,20,0,20,群益金鼎-三民,2024-08-20,9188
6213,聯茂,21,1,20,群益金鼎-三民,2024-08-20,9188
1303,南亞,19,0,19,群益金鼎-三民,2024-08-20,9188
2537,聯上發,28,9,19,群益金鼎-三民,2024-08-20,9188
8071,能率網通,24,5,19,群益金鼎-三民,2024-08-20,9188
2323,中環,21,4,17,群益金鼎-三民,2024-08-20,9188
2417,圓剛,18,2,16,群益金鼎-三民,2024-08-20,9188
6282,康舒,27,11,16,群益金鼎-三民,2024-08-20,9188
5880,合庫金,25,10,15,群益金鼎-三民,2024-08-20,9188
3715,定穎投控,15,0,15,群益金鼎-三民,2024-08-20,9188
3686,達能,16,3,13,群益金鼎-三民,2024-08-20,9188
2472,立隆電,13,0,13,群益金鼎-三民,2024-08-20,9188
3037,欣興,12,0,12,群益金鼎-三民,2024-08-20,9188
3188,鑫龍騰,14,2,12,群益金鼎-三民,2024-08-20,9188
6156,松上,31,19,12,群益金鼎-三民,2024-08-20,9188
3518,柏騰,30,19,11,群益金鼎-三民,2024-08-20,9188
2527,宏璟,11,0,11,群益金鼎-三民,2024-08-20,9188
2506,太設,11,0,11,群益金鼎-三民,2024-08-20,9188
2367,燿華,11,0,11,群益金鼎-三民,2024-08-20,9188
1326,台化,11,0,11,群益金鼎-三民,2024-08-20,9188
6806,森崴能源,15,5,10,群益金鼎-三民,2024-08-20,9188
4532,瑞智,10,0,10,群益金鼎-三民,2024-08-20,9188
2887,台新金,10,0,10,群益金鼎-三民,2024-08-20,9188
00712,復華富時不動產,10,0,10,群益金鼎-三民,2024-08-20,9188
2102,泰豐,10,0,10,群益金鼎-三民,2024-08-20,9188
1210,大成,10,0,10,群益金鼎-三民,2024-08-20,9188
4714,永捷,10,0,10,群益金鼎-三民,2024-08-20,9188
2891,中信金,153,17,136,群益金鼎-三民,2024-08-21,9188
00919,群益台灣精選高息,138,6,132,群益金鼎-三民,2024-08-21,9188
2618,長榮航,118,9,109,群益金鼎-三民,2024-08-21,9188
00676R,富邦臺灣加權反1,100,0,100,群益金鼎-三民,2024-08-21,9188
00948B,中信優息投資級債,91,0,91,群益金鼎-三民,2024-08-21,9188
2312,金寶,106,15,91,群益金鼎-三民,2024-08-21,9188
1216,統一,72,3,69,群益金鼎-三民,2024-08-21,9188
4109,加捷生醫,65,2,63,群益金鼎-三民,2024-08-21,9188
6757,台灣虎航,53,0,53,群益金鼎-三民,2024-08-21,9188
00942B,台新美A公司債20+,43,0,43,群益金鼎-三民,2024-08-21,9188
2528,皇普,38,0,38,群益金鼎-三民,2024-08-21,9188
3047,訊舟,80,43,37,群益金鼎-三民,2024-08-21,9188
2365,昆盈,43,14,29,群益金鼎-三民,2024-08-21,9188
00878,國泰永續高股息,237,208,29,群益金鼎-三民,2024-08-21,9188
3715,定穎投控,29,1,28,群益金鼎-三民,2024-08-21,9188
2892,第一金,26,0,26,群益金鼎-三民,2024-08-21,9188
9955,佳龍,34,8,26,群益金鼎-三民,2024-08-21,9188
2317,鴻海,41,15,26,群益金鼎-三民,2024-08-21,9188
2344,華邦電,45,20,25,群益金鼎-三民,2024-08-21,9188
00927,群益半導體收益,25,0,25,群益金鼎-三民,2024-08-21,9188
2354,鴻準,32,7,25,群益金鼎-三民,2024-08-21,9188
00918,大華優利高填息30,22,0,22,群益金鼎-三民,2024-08-21,9188
8064,東捷,47,26,21,群益金鼎-三民,2024-08-21,9188
5905,南仁湖,59,38,21,群益金鼎-三民,2024-08-21,9188
0056,元大高股息,24,4,20,群益金鼎-三民,2024-08-21,9188
00923,群益台ESG低碳50,21,1,20,群益金鼎-三民,2024-08-21,9188
00936,台新永續高息中小,21,1,20,群益金鼎-三民,2024-08-21,9188
6285,啟��,20,0,20,群益金鼎-三民,2024-08-21,9188
2062,橋椿,25,6,19,群益金鼎-三民,2024-08-21,9188
6770,力積電,17,0,17,群益金鼎-三民,2024-08-21,9188
3090,日電貿,17,0,17,群益金鼎-三民,2024-08-21,9188
8937,合騏,17,1,16,群益金鼎-三民,2024-08-21,9188
3037,欣興,20,4,16,群益金鼎-三民,2024-08-21,9188
4160,訊聯基因,17,1,16,群益金鼎-三民,2024-08-21,9188
9941,裕融,16,0,16,群益金鼎-三民,2024-08-21,9188
2330,台積電,18,3,15,群益金鼎-三民,2024-08-21,9188
1326,台化,19,4,15,群益金鼎-三民,2024-08-21,9188
00650L,復華香港正2,15,0,15,群益金鼎-三民,2024-08-21,9188
6877,鏵友益,20,6,14,群益金鼎-三民,2024-08-21,9188
2610,華航,16,2,14,群益金鼎-三民,2024-08-21,9188
006208,富邦台50,15,2,13,群益金鼎-三民,2024-08-21,9188
00940,元大台灣價值高息,43,30,13,群益金鼎-三民,2024-08-21,9188
3312,弘憶股,15,2,13,群益金鼎-三民,2024-08-21,9188
2002,中鋼,12,0,12,群益金鼎-三民,2024-08-21,9188
5515,建國,12,0,12,群益金鼎-三民,2024-08-21,9188
00715L,期街口布蘭特正2,22,10,12,群益金鼎-三民,2024-08-21,9188
2329,華泰,13,2,11,群益金鼎-三民,2024-08-21,9188
2524,京城,12,1,11,群益金鼎-三民,2024-08-21,9188
2428,興勤,11,0,11,群益金鼎-三民,2024-08-21,9188
00934,中信成長高股息,11,0,11,群益金鼎-三民,2024-08-21,9188
00687B,國泰20年美債,421,74,347,群益金鼎-三民,2024-08-22,9188
00940,元大台灣價值高息,123,12,111,群益金鼎-三民,2024-08-22,9188
00688L,國泰20年美債正2,103,1,102,群益金鼎-三民,2024-08-22,9188
1110,東泥,101,0,101,群益金鼎-三民,2024-08-22,9188
00715L,期街口布蘭特正2,65,0,65,群益金鼎-三民,2024-08-22,9188
2890,永豐金,50,0,50,群益金鼎-三民,2024-08-22,9188
2867,三商壽,50,0,50,群益金鼎-三民,2024-08-22,9188
2428,興勤,43,0,43,群益金鼎-三民,2024-08-22,9188
4711,永純,40,0,40,群益金鼎-三民,2024-08-22,9188
5515,建國,35,0,35,群益金鼎-三民,2024-08-22,9188
2363,矽統,34,2,32,群益金鼎-三民,2024-08-22,9188
00948B,中信優息投資級債,61,30,31,群益金鼎-三民,2024-08-22,9188
2515,中工,31,1,30,群益金鼎-三民,2024-08-22,9188
1711,永光,33,6,27,群益金鼎-三民,2024-08-22,9188
3518,柏騰,54,28,26,群益金鼎-三民,2024-08-22,9188
8096,擎亞,48,24,24,群益金鼎-三民,2024-08-22,9188
00878,國泰永續高股息,211,190,21,群益金鼎-三民,2024-08-22,9188
9105,泰金寶-DR,21,0,21,群益金鼎-三民,2024-08-22,9188
5443,均豪,42,22,20,群益金鼎-三民,2024-08-22,9188
2891,中信金,130,111,19,群益金鼎-三民,2024-08-22,9188
2002,中鋼,21,2,19,群益金鼎-三民,2024-08-22,9188
6757,台灣虎航,17,0,17,群益金鼎-三民,2024-08-22,9188
2527,宏璟,16,0,16,群益金鼎-三民,2024-08-22,9188
00795B,中信美國公債20年,17,1,16,群益金鼎-三民,2024-08-22,9188
2409,友達,30,14,16,群益金鼎-三民,2024-08-22,9188
5210,寶碩,16,0,16,群益金鼎-三民,2024-08-22,9188
1219,福壽,15,0,15,群益金鼎-三民,2024-08-22,9188
1514,亞力,31,17,14,群益金鼎-三民,2024-08-22,9188
00953B,群益優選非投等債,64,50,14,群益金鼎-三民,2024-08-22,9188
1513,中興電,22,9,13,群益金鼎-三民,2024-08-22,9188
2388,威盛,22,9,13,群益金鼎-三民,2024-08-22,9188
2537,聯上發,21,8,13,群益金鼎-三民,2024-08-22,9188
3188,鑫龍騰,16,3,13,群益金鼎-三民,2024-08-22,9188
4128,中天,13,1,12,群益金鼎-三民,2024-08-22,9188
00881,國泰台灣5G+,13,1,12,群益金鼎-三民,2024-08-22,9188
00900,富邦特選高股息30,11,0,11,群益金鼎-三民,2024-08-22,9188
1536,和大,11,0,11,群益金鼎-三民,2024-08-22,9188
00942B,台新美A公司債20+,11,0,11,群益金鼎-三民,2024-08-22,9188
8234,新漢,11,0,11,群益金鼎-三民,2024-08-22,9188
3615,安可,28,17,11,群益金鼎-三民,2024-08-22,9188
2892,第一金,11,0,11,群益金鼎-三民,2024-08-22,9188
2337,旺宏,16,6,10,群益金鼎-三民,2024-08-22,9188
3171,炎洲流通,10,0,10,群益金鼎-三民,2024-08-22,9188
2882,國泰金,10,0,10,群益金鼎-三民,2024-08-22,9188
3313,斐成,10,0,10,群益金鼎-三民,2024-08-22,9188
00730,富邦臺灣優質高息,10,0,10,群益金鼎-三民,2024-08-22,9188
2362,藍天,28,18,10,群益金鼎-三民,2024-08-22,9188
6261,久元,10,0,10,群益金鼎-三民,2024-08-22,9188
4973,廣穎,10,0,10,群益金鼎-三民,2024-08-22,9188
2236,百達-KY,10,0,10,群益金鼎-三民,2024-08-22,9188
00632R,元大台灣50反1,414,54,360,群益金鼎-三民,2024-08-23,9188
00688L,國泰20年美債正2,250,0,250,群益金鼎-三民,2024-08-23,9188
2891,中信金,134,21,113,群益金鼎-三民,2024-08-23,9188
00918,大華優利高填息30,100,0,100,群益金鼎-三民,2024-08-23,9188
00929,復華台灣科技優息,227,135,92,群益金鼎-三民,2024-08-23,9188
2402,毅嘉,220,149,71,群益金鼎-三民,2024-08-23,9188
00687B,國泰20年美債,150,81,69,群益金鼎-三民,2024-08-23,9188
00948B,中信優息投資級債,53,0,53,群益金鼎-三民,2024-08-23,9188
00680L,元大美債20正2,53,3,50,群益金鼎-三民,2024-08-23,9188
3189,景碩,55,12,43,群益金鼎-三民,2024-08-23,9188
1110,東泥,36,0,36,群益金鼎-三民,2024-08-23,9188
00830,國泰費城半導體,34,0,34,群益金鼎-三民,2024-08-23,9188
00936,台新永續高息中小,51,20,31,群益金鼎-三民,2024-08-23,9188
9904,寶成,30,0,30,群益金鼎-三民,2024-08-23,9188
00679B,元大美債20年,42,13,29,群益金鼎-三民,2024-08-23,9188
5905,南仁湖,34,6,28,群益金鼎-三民,2024-08-23,9188
2349,錸德,44,23,21,群益金鼎-三民,2024-08-23,9188
5515,建國,20,0,20,群益金鼎-三民,2024-08-23,9188
3663,鑫科,52,32,20,群益金鼎-三民,2024-08-23,9188
4729,熒茂,27,9,18,群益金鼎-三民,2024-08-23,9188
0056,元大高股息,19,1,18,群益金鼎-三民,2024-08-23,9188
1409,新纖,16,0,16,群益金鼎-三民,2024-08-23,9188
00878,國泰永續高股息,206,191,15,群益金鼎-三民,2024-08-23,9188
2838,聯邦銀,25,10,15,群益金鼎-三民,2024-08-23,9188
6143,振曜,42,28,14,群益金鼎-三民,2024-08-23,9188
5484,慧友,18,4,14,群益金鼎-三民,2024-08-23,9188
00795B,中信美國公債20年,13,0,13,群益金鼎-三民,2024-08-23,9188
6116,彩晶,12,0,12,群益金鼎-三民,2024-08-23,9188
2845,遠東銀,12,0,12,群益金鼎-三民,2024-08-23,9188
00915,凱基優選高股息30,12,0,12,群益金鼎-三民,2024-08-23,9188
1785,光洋科,18,6,12,群益金鼎-三民,2024-08-23,9188
5519,隆大,14,3,11,群益金鼎-三民,2024-08-23,9188
00665L,富邦�琤肭磪囓�2,10,0,10,群益金鼎-三民,2024-08-23,9188
8249,菱光,10,0,10,群益金鼎-三民,2024-08-23,9188
5425,台半,12,2,10,群益金鼎-三民,2024-08-23,9188
5512,力麒,10,0,10,群益金鼎-三民,2024-08-23,9188
2344,華邦電,43,33,10,群益金鼎-三民,2024-08-23,9188
6869,雲豹能源,22,13,9,群益金鼎-三民,2024-08-23,9188
2329,華泰,9,0,9,群益金鼎-三民,2024-08-23,9188
3231,緯創,14,5,9,群益金鼎-三民,2024-08-23,9188
006208,富邦台50,8,0,8,群益金鼎-三民,2024-08-23,9188
1609,大亞,12,4,8,群益金鼎-三民,2024-08-23,9188
6161,捷波,8,0,8,群益金鼎-三民,2024-08-23,9188
6754,匯僑設計,8,0,8,群益金鼎-三民,2024-08-23,9188
2409,友達,10,2,8,群益金鼎-三民,2024-08-23,9188
1721,三晃,21,14,7,群益金鼎-三民,2024-08-23,9188
1708,東鹼,35,28,7,群益金鼎-三民,2024-08-23,9188
2834,臺企銀,9,2,7,群益金鼎-三民,2024-08-23,9188
4540,全球傳動,14,7,7,群益金鼎-三民,2024-08-23,9188
3284,太普高,7,0,7,群益金鼎-三民,2024-08-23,9188
00680L,元大美債20正2,172,1,171,群益金鼎-三民,2024-08-26,9188
1110,東泥,151,0,151,群益金鼎-三民,2024-08-26,9188
00948B,中信優息投資級債,88,0,88,群益金鼎-三民,2024-08-26,9188
2303,聯電,69,2,67,群益金鼎-三民,2024-08-26,9188
1614,三洋電,65,0,65,群益金鼎-三民,2024-08-26,9188
00936,台新永續高息中小,83,20,63,群益金鼎-三民,2024-08-26,9188
00687B,國泰20年美債,132,80,52,群益金鼎-三民,2024-08-26,9188
2891,中信金,65,16,49,群益金鼎-三民,2024-08-26,9188
00929,復華台灣科技優息,121,74,47,群益金鼎-三民,2024-08-26,9188
1737,臺鹽,45,0,45,群益金鼎-三民,2024-08-26,9188
2409,友達,59,16,43,群益金鼎-三民,2024-08-26,9188
2331,精英,43,1,42,群益金鼎-三民,2024-08-26,9188
6603,富強鑫,40,0,40,群益金鼎-三民,2024-08-26,9188
2365,昆盈,41,2,39,群益金鼎-三民,2024-08-26,9188
8927,北基,36,0,36,群益金鼎-三民,2024-08-26,9188
00919,群益台灣精選高息,48,13,35,群益金鼎-三民,2024-08-26,9188
1339,昭輝,30,1,29,群益金鼎-三民,2024-08-26,9188
3665,貿聯-KY,27,1,26,群益金鼎-三民,2024-08-26,9188
00937B,群益ESG投等債20,64,40,24,群益金鼎-三民,2024-08-26,9188
00878,國泰永續高股息,134,110,24,群益金鼎-三民,2024-08-26,9188
4729,熒茂,25,5,20,群益金鼎-三民,2024-08-26,9188
2313,華通,22,4,18,群益金鼎-三民,2024-08-26,9188
00795B,中信美國公債20年,20,2,18,群益金鼎-三民,2024-08-26,9188
6208,日揚,20,3,17,群益金鼎-三民,2024-08-26,9188
1609,大亞,18,3,15,群益金鼎-三民,2024-08-26,9188
1711,永光,29,15,14,群益金鼎-三民,2024-08-26,9188
4908,前鼎,20,6,14,群益金鼎-三民,2024-08-26,9188
2349,錸德,29,16,13,群益金鼎-三民,2024-08-26,9188
8289,泰藝,13,0,13,群益金鼎-三民,2024-08-26,9188
2408,南亞科,20,8,12,群益金鼎-三民,2024-08-26,9188
4967,十銓,15,3,12,群益金鼎-三民,2024-08-26,9188
00905,FT臺灣Smart,11,0,11,群益金鼎-三民,2024-08-26,9188
3450,聯鈞,14,4,10,群益金鼎-三民,2024-08-26,9188
5443,均豪,78,68,10,群益金鼎-三民,2024-08-26,9188
8111,立��,10,0,10,群益金鼎-三民,2024-08-26,9188
3615,安可,64,54,10,群益金鼎-三民,2024-08-26,9188
2492,華新科,10,0,10,群益金鼎-三民,2024-08-26,9188
3048,益登,11,1,10,群益金鼎-三民,2024-08-26,9188
00927,群益半導體收益,10,0,10,群益金鼎-三民,2024-08-26,9188
2834,臺企銀,10,0,10,群益金鼎-三民,2024-08-26,9188
00679B,元大美債20年,13,4,9,群益金鼎-三民,2024-08-26,9188
2614,東森,9,0,9,群益金鼎-三民,2024-08-26,9188
2457,飛宏,10,1,9,群益金鼎-三民,2024-08-26,9188
00931B,統一美債20年,11,2,9,群益金鼎-三民,2024-08-26,9188
2880,華南金,9,1,8,群益金鼎-三民,2024-08-26,9188
2388,威盛,12,4,8,群益金鼎-三民,2024-08-26,9188
4909,新復興,12,4,8,群益金鼎-三民,2024-08-26,9188
6216,居易,8,0,8,群益金鼎-三民,2024-08-26,9188
3535,晶彩科,9,1,8,群益金鼎-三民,2024-08-26,9188
3376,新日興,10,3,7,群益金鼎-三民,2024-08-26,9188
00688L,國泰20年美債正2,495,0,495,群益金鼎-三民,2024-08-27,9188
00948B,中信優息投資級債,187,0,187,群益金鼎-三民,2024-08-27,9188
2887,台新金,161,0,161,群益金鼎-三民,2024-08-27,9188
00918,大華優利高填息30,105,0,105,群益金鼎-三民,2024-08-27,9188
2610,華航,128,27,101,群益金鼎-三民,2024-08-27,9188
2891,中信金,191,102,89,群益金鼎-三民,2024-08-27,9188
00937B,群益ESG投等債20,65,0,65,群益金鼎-三民,2024-08-27,9188
1584,精剛,55,0,55,群益金鼎-三民,2024-08-27,9188
3481,群創,168,120,48,群益金鼎-三民,2024-08-27,9188
1240,茂生農經,40,0,40,群益金鼎-三民,2024-08-27,9188
00687B,國泰20年美債,113,74,39,群益金鼎-三民,2024-08-27,9188
5488,松普,31,0,31,群益金鼎-三民,2024-08-27,9188
2402,毅嘉,51,20,31,群益金鼎-三民,2024-08-27,9188
2882,國泰金,32,1,31,群益金鼎-三民,2024-08-27,9188
3498,陽程,37,7,30,群益金鼎-三民,2024-08-27,9188
9904,寶成,30,0,30,群益金鼎-三民,2024-08-27,9188
2353,宏��,27,0,27,群益金鼎-三民,2024-08-27,9188
6177,達麗,30,5,25,群益金鼎-三民,2024-08-27,9188
00936,台新永續高息中小,55,30,25,群益金鼎-三民,2024-08-27,9188
2609,陽明,34,9,25,群益金鼎-三民,2024-08-27,9188
2883,凱基金,22,0,22,群益金鼎-三民,2024-08-27,9188
2344,華邦電,21,0,21,群益金鼎-三民,2024-08-27,9188
4904,遠傳,18,0,18,群益金鼎-三民,2024-08-27,9188
4979,華星光,28,10,18,群益金鼎-三民,2024-08-27,9188
4562,穎漢,19,2,17,群益金鼎-三民,2024-08-27,9188
3576,聯合再生,17,0,17,群益金鼎-三民,2024-08-27,9188
3032,偉訓,30,15,15,群益金鼎-三民,2024-08-27,9188
4555,氣立,15,1,14,群益金鼎-三民,2024-08-27,9188
5371,中光電,15,2,13,群益金鼎-三民,2024-08-27,9188
4540,全球傳動,17,4,13,群益金鼎-三民,2024-08-27,9188
1722,台肥,12,0,12,群益金鼎-三民,2024-08-27,9188
3149,正達,18,7,11,群益金鼎-三民,2024-08-27,9188
2408,南亞科,11,0,11,群益金鼎-三民,2024-08-27,9188
2208,台船,15,4,11,群益金鼎-三民,2024-08-27,9188
3711,日月光投控,12,1,11,群益金鼎-三民,2024-08-27,9188
00929,復華台灣科技優息,57,46,11,群益金鼎-三民,2024-08-27,9188
00933B,國泰10Y+金融債,43,32,11,群益金鼎-三民,2024-08-27,9188
2303,聯電,10,0,10,群益金鼎-三民,2024-08-27,9188
2603,長榮,11,1,10,群益金鼎-三民,2024-08-27,9188
00650L,復華香港正2,10,0,10,群益金鼎-三民,2024-08-27,9188
4716,大立,10,0,10,群益金鼎-三民,2024-08-27,9188
1313,聯成,10,0,10,群益金鼎-三民,2024-08-27,9188
1110,東泥,10,0,10,群益金鼎-三民,2024-08-27,9188
5498,凱崴,10,0,10,群益金鼎-三民,2024-08-27,9188
3188,鑫龍騰,11,1,10,群益金鼎-三民,2024-08-27,9188
8261,富鼎,10,0,10,群益金鼎-三民,2024-08-27,9188
00919,群益台灣精選高息,26,17,9,群益金鼎-三民,2024-08-27,9188
1737,臺鹽,9,0,9,群益金鼎-三民,2024-08-27,9188
5880,合庫金,12,3,9,群益金鼎-三民,2024-08-27,9188
2543,皇昌,17,8,9,群益金鼎-三民,2024-08-27,9188
2409,友達,318,9,309,群益金鼎-三民,2024-08-28,9188
1210,大成,144,0,144,群益金鼎-三民,2024-08-28,9188
2887,台新金,81,1,80,群益金鼎-三民,2024-08-28,9188
2867,三商壽,65,0,65,群益金鼎-三民,2024-08-28,9188
00712,復華富時不動產,61,0,61,群益金鼎-三民,2024-08-28,9188
9934,成霖,60,0,60,群益金鼎-三民,2024-08-28,9188
00687B,國泰20年美債,118,69,49,群益金鼎-三民,2024-08-28,9188
2890,永豐金,48,0,48,群益金鼎-三民,2024-08-28,9188
00948B,中信優息投資級債,48,0,48,群益金鼎-三民,2024-08-28,9188
2888,新光金,202,158,44,群益金鼎-三民,2024-08-28,9188
8039,台虹,51,7,44,群益金鼎-三民,2024-08-28,9188
1110,東泥,44,0,44,群益金鼎-三民,2024-08-28,9188
2886,兆豐金,45,2,43,群益金鼎-三民,2024-08-28,9188
3189,景碩,45,2,43,群益金鼎-三民,2024-08-28,9188
6438,迅得,38,2,36,群益金鼎-三民,2024-08-28,9188
6603,富強鑫,54,18,36,群益金鼎-三民,2024-08-28,9188
00959B,大華投等美債15Y+,36,0,36,群益金鼎-三民,2024-08-28,9188
3481,群創,74,44,30,群益金鼎-三民,2024-08-28,9188
2891,中信金,47,16,31,群益金鼎-三民,2024-08-28,9188
3576,聯合再生,30,1,29,群益金鼎-三民,2024-08-28,9188
6405,悅城,31,3,28,群益金鼎-三民,2024-08-28,9188
00637L,元大滬深300正2,26,2,24,群益金鼎-三民,2024-08-28,9188
4526,東台,48,24,24,群益金鼎-三民,2024-08-28,9188
00929,復華台灣科技優息,22,3,19,群益金鼎-三民,2024-08-28,9188
2402,毅嘉,29,10,19,群益金鼎-三民,2024-08-28,9188
1540,喬福,45,27,18,群益金鼎-三民,2024-08-28,9188
3047,訊舟,20,2,18,群益金鼎-三民,2024-08-28,9188
00936,台新永續高息中小,53,36,17,群益金鼎-三民,2024-08-28,9188
2356,英業達,19,2,17,群益金鼎-三民,2024-08-28,9188
2382,廣達,18,2,16,群益金鼎-三民,2024-08-28,9188
6143,振曜,23,8,15,群益金鼎-三民,2024-08-28,9188
2501,國建,16,1,15,群益金鼎-三民,2024-08-28,9188
6161,捷波,14,0,14,群益金鼎-三民,2024-08-28,9188
3689,湧德,24,10,14,群益金鼎-三民,2024-08-28,9188
00878,國泰永續高股息,16,3,13,群益金鼎-三民,2024-08-28,9188
1597,直得,33,20,13,群益金鼎-三民,2024-08-28,9188
2637,慧洋-KY,12,0,12,群益金鼎-三民,2024-08-28,9188
5371,中光電,19,7,12,群益金鼎-三民,2024-08-28,9188
1737,臺鹽,12,0,12,群益金鼎-三民,2024-08-28,9188
00953B,群益優選非投等債,13,1,12,群益金鼎-三民,2024-08-28,9188
5452,佶優,18,6,12,群益金鼎-三民,2024-08-28,9188
00951,台新日本半導體,13,2,11,群益金鼎-三民,2024-08-28,9188
3230,錦明,10,0,10,群益金鼎-三民,2024-08-28,9188
3163,波若威,28,18,10,群益金鼎-三民,2024-08-28,9188
8028,昇陽半導體,32,22,10,群益金鼎-三民,2024-08-28,9188
2506,太設,10,0,10,群益金鼎-三民,2024-08-28,9188
3265,台星科,12,2,10,群益金鼎-三民,2024-08-28,9188
2323,中環,12,2,10,群益金鼎-三民,2024-08-28,9188
00919,群益台灣精選高息,22,13,9,群益金鼎-三民,2024-08-28,9188
4533,協易機,10,1,9,群益金鼎-三民,2024-08-28,9188
00676R,富邦臺灣加權反1,500,0,500,群益金鼎-三民,2024-08-29,9188
00948B,中信優息投資級債,206,50,156,群益金鼎-三民,2024-08-29,9188
5388,中磊,101,2,99,群益金鼎-三民,2024-08-29,9188
00937B,群益ESG投等債20,99,2,97,群益金鼎-三民,2024-08-29,9188
00687B,國泰20年美債,123,43,80,群益金鼎-三民,2024-08-29,9188
00679B,元大美債20年,207,132,75,群益金鼎-三民,2024-08-29,9188
2887,台新金,279,207,72,群益金鼎-三民,2024-08-29,9188
00637L,元大滬深300正2,72,12,60,群益金鼎-三民,2024-08-29,9188
1737,臺鹽,56,2,54,群益金鼎-三民,2024-08-29,9188
2891,中信金,47,0,47,群益金鼎-三民,2024-08-29,9188
1110,東泥,41,0,41,群益金鼎-三民,2024-08-29,9188
00712,復華富時不動產,41,0,41,群益金鼎-三民,2024-08-29,9188
2610,華航,45,5,40,群益金鼎-三民,2024-08-29,9188
00642U,期元大S＆P石油,40,0,40,群益金鼎-三民,2024-08-29,9188
8111,立��,42,7,35,群益金鼎-三民,2024-08-29,9188
00959B,大華投等美債15Y+,34,0,34,群益金鼎-三民,2024-08-29,9188
00936,台新永續高息中小,61,30,31,群益金鼎-三民,2024-08-29,9188
1532,勤美,28,0,28,群益金鼎-三民,2024-08-29,9188
2317,鴻海,86,58,28,群益金鼎-三民,2024-08-29,9188
00929,復華台灣科技優息,101,75,26,群益金鼎-三民,2024-08-29,9188
8096,擎亞,29,3,26,群益金鼎-三民,2024-08-29,9188
2890,永豐金,26,0,26,群益金鼎-三民,2024-08-29,9188
00632R,元大台灣50反1,65,40,25,群益金鼎-三民,2024-08-29,9188
2402,毅嘉,49,25,24,群益金鼎-三民,2024-08-29,9188
2363,矽統,31,11,20,群益金鼎-三民,2024-08-29,9188
3481,群創,24,5,19,群益金鼎-三民,2024-08-29,9188
2880,華南金,20,2,18,群益金鼎-三民,2024-08-29,9188
1210,大成,18,0,18,群益金鼎-三民,2024-08-29,9188
2107,厚生,18,0,18,群益金鼎-三民,2024-08-29,9188
2330,台積電,21,3,18,群益金鼎-三民,2024-08-29,9188
2399,映泰,36,20,16,群益金鼎-三民,2024-08-29,9188
2501,國建,15,0,15,群益金鼎-三民,2024-08-29,9188
2888,新光金,330,315,15,群益金鼎-三民,2024-08-29,9188
3581,博磊,16,1,15,群益金鼎-三民,2024-08-29,9188
1314,中石化,53,39,14,群益金鼎-三民,2024-08-29,9188
00915,凱基優選高股息30,30,17,13,群益金鼎-三民,2024-08-29,9188
5443,均豪,65,52,13,群益金鼎-三民,2024-08-29,9188
00795B,中信美國公債20年,13,0,13,群益金鼎-三民,2024-08-29,9188
8064,東捷,64,52,12,群益金鼎-三民,2024-08-29,9188
8046,南電,11,0,11,群益金鼎-三民,2024-08-29,9188
2838,聯邦銀,15,4,11,群益金鼎-三民,2024-08-29,9188
00720B,元大投資級公司債,11,0,11,群益金鼎-三民,2024-08-29,9188
2637,慧洋-KY,11,0,11,群益金鼎-三民,2024-08-29,9188
6505,台塑化,10,0,10,群益金鼎-三民,2024-08-29,9188
00895,富邦未來車,10,0,10,群益金鼎-三民,2024-08-29,9188
1570,力肯,10,0,10,群益金鼎-三民,2024-08-29,9188
00942B,台新美A公司債20+,10,0,10,群益金鼎-三民,2024-08-29,9188
1309,台達化,11,1,10,群益金鼎-三民,2024-08-29,9188
2426,鼎元,18,8,10,群益金鼎-三民,2024-08-29,9188
2369,菱生,10,0,10,群益金鼎-三民,2024-08-29,9188
00676R,富邦臺灣加權反1,500,0,500,群益金鼎-三民,2024-08-30,9188
00948B,中信優息投資級債,142,0,142,群益金鼎-三民,2024-08-30,9188
00937B,群益ESG投等債20,118,18,100,群益金鼎-三民,2024-08-30,9188
2888,新光金,210,116,94,群益金鼎-三民,2024-08-30,9188
00687B,國泰20年美債,162,81,81,群益金鼎-三民,2024-08-30,9188
3605,宏致,72,1,71,群益金鼎-三民,2024-08-30,9188
1737,臺鹽,59,2,57,群益金鼎-三民,2024-08-30,9188
6156,松上,48,11,37,群益金鼎-三民,2024-08-30,9188
3033,威健,33,0,33,群益金鼎-三民,2024-08-30,9188
4939,亞電,32,0,32,群益金鼎-三民,2024-08-30,9188
00959B,大華投等美債15Y+,32,0,32,群益金鼎-三民,2024-08-30,9188
1711,永光,84,55,29,群益金鼎-三民,2024-08-30,9188
2891,中信金,38,11,27,群益金鼎-三民,2024-08-30,9188
8107,大億金茂,25,0,25,群益金鼎-三民,2024-08-30,9188
6177,達麗,50,28,22,群益金鼎-三民,2024-08-30,9188
00942B,台新美A公司債20+,21,0,21,群益金鼎-三民,2024-08-30,9188
8937,合騏,21,0,21,群益金鼎-三民,2024-08-30,9188
4956,光鋐,21,0,21,群益金鼎-三民,2024-08-30,9188
8927,北基,20,1,19,群益金鼎-三民,2024-08-30,9188
6269,台郡,19,1,18,群益金鼎-三民,2024-08-30,9188
2425,承啟,66,48,18,群益金鼎-三民,2024-08-30,9188
3019,亞光,30,12,18,群益金鼎-三民,2024-08-30,9188
2402,毅嘉,29,12,17,群益金鼎-三民,2024-08-30,9188
1609,大亞,17,1,16,群益金鼎-三民,2024-08-30,9188
1721,三晃,20,5,15,群益金鼎-三民,2024-08-30,9188
3013,晟銘電,81,66,15,群益金鼎-三民,2024-08-30,9188
6598,ABC-KY,15,0,15,群益金鼎-三民,2024-08-30,9188
2489,瑞軒,18,3,15,群益金鼎-三民,2024-08-30,9188
8390,金益鼎,14,0,14,群益金鼎-三民,2024-08-30,9188
3189,景碩,25,12,13,群益金鼎-三民,2024-08-30,9188
2323,中環,13,0,13,群益金鼎-三民,2024-08-30,9188
6290,良維,15,2,13,群益金鼎-三民,2024-08-30,9188
2324,仁寶,12,0,12,群益金鼎-三民,2024-08-30,9188
2364,倫飛,12,0,12,群益金鼎-三民,2024-08-30,9188
2610,華航,12,0,12,群益金鼎-三民,2024-08-30,9188
2313,華通,52,41,11,群益金鼎-三民,2024-08-30,9188
3550,聯穎,17,6,11,群益金鼎-三民,2024-08-30,9188
5498,凱崴,11,0,11,群益金鼎-三民,2024-08-30,9188
3518,柏騰,15,4,11,群益金鼎-三民,2024-08-30,9188
00933B,國泰10Y+金融債,83,72,11,群益金鼎-三民,2024-08-30,9188
6215,和椿,46,36,10,群益金鼎-三民,2024-08-30,9188
4561,健椿,45,35,10,群益金鼎-三民,2024-08-30,9188
3047,訊舟,11,1,10,群益金鼎-三民,2024-08-30,9188
00931B,統一美債20年,11,1,10,群益金鼎-三民,2024-08-30,9188
2887,台新金,10,0,10,群益金鼎-三民,2024-08-30,9188
1584,精剛,12,2,10,群益金鼎-三民,2024-08-30,9188
2457,飛宏,10,0,10,群益金鼎-三民,2024-08-30,9188
6426,統新,10,0,10,群益金鼎-三民,2024-08-30,9188
5443,均豪,47,37,10,群益金鼎-三民,2024-08-30,9188
2409,友達,10,0,10,群益金鼎-三民,2024-08-30,9188
00688L,國泰20年美債正2,196,11,185,群益金鼎-三民,2024-09-02,9188
00637L,元大滬深300正2,173,2,171,群益金鼎-三民,2024-09-02,9188
00687B,國泰20年美債,238,82,156,群益金鼎-三民,2024-09-02,9188
00948B,中信優息投資級債,99,0,99,群益金鼎-三民,2024-09-02,9188
00937B,群益ESG投等債20,130,44,86,群益金鼎-三民,2024-09-02,9188
1110,東泥,82,0,82,群益金鼎-三民,2024-09-02,9188
00915,凱基優選高股息30,119,56,63,群益金鼎-三民,2024-09-02,9188
00919,群益台灣精選高息,48,1,47,群益金鼎-三民,2024-09-02,9188
2313,華通,85,41,44,群益金鼎-三民,2024-09-02,9188
00679B,元大美債20年,122,83,39,群益金鼎-三民,2024-09-02,9188
00715L,期街口布蘭特正2,36,0,36,群益金鼎-三民,2024-09-02,9188
2352,佳世達,55,21,34,群益金鼎-三民,2024-09-02,9188
4306,炎洲,27,1,26,群益金鼎-三民,2024-09-02,9188
00933B,國泰10Y+金融債,126,103,23,群益金鼎-三民,2024-09-02,9188
00795B,中信美國公債20年,21,0,21,群益金鼎-三民,2024-09-02,9188
5392,能率,20,0,20,群益金鼎-三民,2024-09-02,9188
4420,光明,20,0,20,群益金鼎-三民,2024-09-02,9188
00940,元大台灣價值高息,20,1,19,群益金鼎-三民,2024-09-02,9188
6877,鏵友益,21,3,18,群益金鼎-三民,2024-09-02,9188
3376,新日興,18,0,18,群益金鼎-三民,2024-09-02,9188
3673,TPK-KY,45,28,17,群益金鼎-三民,2024-09-02,9188
2609,陽明,16,1,15,群益金鼎-三民,2024-09-02,9188
00959B,大華投等美債15Y+,20,5,15,群益金鼎-三民,2024-09-02,9188
6161,捷波,15,0,15,群益金鼎-三民,2024-09-02,9188
00632R,元大台灣50反1,15,0,15,群益金鼎-三民,2024-09-02,9188
00918,大華優利高填息30,14,0,14,群益金鼎-三民,2024-09-02,9188
2344,華邦電,22,9,13,群益金鼎-三民,2024-09-02,9188
00946,群益科技高息成長,13,0,13,群益金鼎-三民,2024-09-02,9188
6829,千附精密,13,0,13,群益金鼎-三民,2024-09-02,9188
1808,潤隆,19,7,12,群益金鼎-三民,2024-09-02,9188
4766,南寶,12,0,12,群益金鼎-三民,2024-09-02,9188
3284,太普高,12,0,12,群益金鼎-三民,2024-09-02,9188
00942B,台新美A公司債20+,12,0,12,群益金鼎-三民,2024-09-02,9188
2603,長榮,12,0,12,群益金鼎-三民,2024-09-02,9188
1614,三洋電,11,0,11,群益金鼎-三民,2024-09-02,9188
6869,雲豹能源,29,18,11,群益金鼎-三民,2024-09-02,9188
00713,元大台灣高息低波,110,100,10,群益金鼎-三民,2024-09-02,9188
2367,燿華,12,2,10,群益金鼎-三民,2024-09-02,9188
00878,國泰永續高股息,90,80,10,群益金鼎-三民,2024-09-02,9188
00934,中信成長高股息,10,0,10,群益金鼎-三民,2024-09-02,9188
00650L,復華香港正2,12,2,10,群益金鼎-三民,2024-09-02,9188
1301,台塑,11,1,10,群益金鼎-三民,2024-09-02,9188
1506,正道,10,0,10,群益金鼎-三民,2024-09-02,9188
2637,慧洋-KY,10,0,10,群益金鼎-三民,2024-09-02,9188
2520,冠德,10,0,10,群益金鼎-三民,2024-09-02,9188
1316,上曜,13,3,10,群益金鼎-三民,2024-09-02,9188
3481,群創,50,41,9,群益金鼎-三民,2024-09-02,9188
5905,南仁湖,13,4,9,群益金鼎-三民,2024-09-02,9188
3188,鑫龍騰,15,6,9,群益金鼎-三民,2024-09-02,9188
1514,亞力,13,4,9,群益金鼎-三民,2024-09-02,9188
00919,群益台灣精選高息,247,1,246,群益金鼎-三民,2024-09-03,9188
00918,大華優利高填息30,138,0,138,群益金鼎-三民,2024-09-03,9188
00687B,國泰20年美債,157,81,76,群益金鼎-三民,2024-09-03,9188
2002,中鋼,73,0,73,群益金鼎-三民,2024-09-03,9188
00637L,元大滬深300正2,69,3,66,群益金鼎-三民,2024-09-03,9188
2323,中環,57,4,53,群益金鼎-三民,2024-09-03,9188
00878,國泰永續高股息,233,185,48,群益金鼎-三民,2024-09-03,9188
2352,佳世達,105,64,41,群益金鼎-三民,2024-09-03,9188
8027,鈦昇,46,8,38,群益金鼎-三民,2024-09-03,9188
00948B,中信優息投資級債,36,0,36,群益金鼎-三民,2024-09-03,9188
1314,中石化,34,1,33,群益金鼎-三民,2024-09-03,9188
2891,中信金,46,14,32,群益金鼎-三民,2024-09-03,9188
2887,台新金,32,0,32,群益金鼎-三民,2024-09-03,9188
2838,聯邦銀,32,0,32,群益金鼎-三民,2024-09-03,9188
00940,元大台灣價值高息,32,1,31,群益金鼎-三民,2024-09-03,9188
00764B,群益25年美債,31,0,31,群益金鼎-三民,2024-09-03,9188
3605,宏致,30,1,29,群益金鼎-三民,2024-09-03,9188
2486,一詮,45,16,29,群益金鼎-三民,2024-09-03,9188
2890,永豐金,28,0,28,群益金鼎-三民,2024-09-03,9188
8927,北基,28,0,28,群益金鼎-三民,2024-09-03,9188
6216,居易,26,1,25,群益金鼎-三民,2024-09-03,9188
2344,華邦電,55,31,24,群益金鼎-三民,2024-09-03,9188
1608,華榮,30,6,24,群益金鼎-三民,2024-09-03,9188
6161,捷波,23,0,23,群益金鼎-三民,2024-09-03,9188
6213,聯茂,37,17,20,群益金鼎-三民,2024-09-03,9188
00939,統一台灣高息動能,19,0,19,群益金鼎-三民,2024-09-03,9188
6405,悅城,27,8,19,群益金鼎-三民,2024-09-03,9188
5905,南仁湖,18,1,17,群益金鼎-三民,2024-09-03,9188
6603,富強鑫,17,0,17,群益金鼎-三民,2024-09-03,9188
00679B,元大美債20年,111,95,16,群益金鼎-三民,2024-09-03,9188
00929,復華台灣科技優息,99,84,15,群益金鼎-三民,2024-09-03,9188
3037,欣興,21,6,15,群益金鼎-三民,2024-09-03,9188
00954,中信日本半導體,15,0,15,群益金鼎-三民,2024-09-03,9188
6770,力積電,18,3,15,群益金鼎-三民,2024-09-03,9188
2867,三商壽,14,0,14,群益金鼎-三民,2024-09-03,9188
2449,京元電子,16,2,14,群益金鼎-三民,2024-09-03,9188
3231,緯創,15,2,13,群益金鼎-三民,2024-09-03,9188
00915,凱基優選高股息30,87,74,13,群益金鼎-三民,2024-09-03,9188
1614,三洋電,12,0,12,群益金鼎-三民,2024-09-03,9188
2439,美律,14,2,12,群益金鼎-三民,2024-09-03,9188
6207,雷科,16,5,11,群益金鼎-三民,2024-09-03,9188
2605,新興,11,0,11,群益金鼎-三民,2024-09-03,9188
3673,TPK-KY,17,6,11,群益金鼎-三民,2024-09-03,9188
1303,南亞,10,0,10,群益金鼎-三民,2024-09-03,9188
8076,伍豐,36,26,10,群益金鼎-三民,2024-09-03,9188
3092,鴻碩,10,0,10,群益金鼎-三民,2024-09-03,9188
2610,華航,10,0,10,群益金鼎-三民,2024-09-03,9188
5880,合庫金,10,0,10,群益金鼎-三民,2024-09-03,9188
00688L,國泰20年美債正2,11,1,10,群益金鼎-三民,2024-09-03,9188
9927,泰銘,10,0,10,群益金鼎-三民,2024-09-03,9188
00680L,元大美債20正2,254,24,230,群益金鼎-三民,2024-09-04,9188
00918,大華優利高填息30,258,49,209,群益金鼎-三民,2024-09-04,9188
00929,復華台灣科技優息,395,220,175,群益金鼎-三民,2024-09-04,9188
00878,國泰永續高股息,369,201,168,群益金鼎-三民,2024-09-04,9188
00919,群益台灣精選高息,208,70,138,群益金鼎-三民,2024-09-04,9188
2838,聯邦銀,122,0,122,群益金鼎-三民,2024-09-04,9188
2891,中信金,120,11,109,群益金鼎-三民,2024-09-04,9188
1110,東泥,102,0,102,群益金鼎-三民,2024-09-04,9188
2889,國票金,520,423,97,群益金鼎-三民,2024-09-04,9188
2317,鴻海,181,85,96,群益金鼎-三民,2024-09-04,9188
00715L,期街口布蘭特正2,81,0,81,群益金鼎-三民,2024-09-04,9188
2610,華航,80,2,78,群益金鼎-三民,2024-09-04,9188
2888,新光金,110,45,65,群益金鼎-三民,2024-09-04,9188
00915,凱基優選高股息30,184,126,58,群益金鼎-三民,2024-09-04,9188
6505,台塑化,68,11,57,群益金鼎-三民,2024-09-04,9188
2330,台積電,64,9,55,群益金鼎-三民,2024-09-04,9188
5371,中光電,57,2,55,群益金鼎-三民,2024-09-04,9188
00951,台新日本半導體,68,16,52,群益金鼎-三民,2024-09-04,9188
00637L,元大滬深300正2,71,22,49,群益金鼎-三民,2024-09-04,9188
2834,臺企銀,52,3,49,群益金鼎-三民,2024-09-04,9188
00679B,元大美債20年,50,6,44,群益金鼎-三民,2024-09-04,9188
2382,廣達,50,8,42,群益金鼎-三民,2024-09-04,9188
2002,中鋼,41,0,41,群益金鼎-三民,2024-09-04,9188
0056,元大高股息,40,1,39,群益金鼎-三民,2024-09-04,9188
2880,華南金,45,7,38,群益金鼎-三民,2024-09-04,9188
2886,兆豐金,38,0,38,群益金鼎-三民,2024-09-04,9188
1314,中石化,43,5,38,群益金鼎-三民,2024-09-04,9188
1802,台玻,34,0,34,群益金鼎-三民,2024-09-04,9188
00713,元大台灣高息低波,234,201,33,群益金鼎-三民,2024-09-04,9188
1326,台化,32,1,31,群益金鼎-三民,2024-09-04,9188
00945B,凱基美國非投等債,30,0,30,群益金鼎-三民,2024-09-04,9188
4729,熒茂,30,0,30,群益金鼎-三民,2024-09-04,9188
6125,廣運,30,0,30,群益金鼎-三民,2024-09-04,9188
2887,台新金,34,5,29,群益金鼎-三民,2024-09-04,9188
3481,群創,29,1,28,群益金鼎-三民,2024-09-04,9188
00948B,中信優息投資級債,29,1,28,群益金鼎-三民,2024-09-04,9188
1536,和大,29,2,27,群益金鼎-三民,2024-09-04,9188
4576,大銀微系統,39,15,24,群益金鼎-三民,2024-09-04,9188
4510,高鋒,98,74,24,群益金鼎-三民,2024-09-04,9188
00631L,元大台灣50正2,65,42,23,群益金鼎-三民,2024-09-04,9188
8105,凌巨,23,0,23,群益金鼎-三民,2024-09-04,9188
00690,兆豐藍籌30,22,0,22,群益金鼎-三民,2024-09-04,9188
1301,台塑,32,11,21,群益金鼎-三民,2024-09-04,9188
4714,永捷,22,3,19,群益金鼎-三民,2024-09-04,9188
2453,凌群,19,0,19,群益金鼎-三民,2024-09-04,9188
00905,FT臺灣Smart,19,0,19,群益金鼎-三民,2024-09-04,9188
2367,燿華,21,3,18,群益金鼎-三民,2024-09-04,9188
6161,捷波,18,0,18,群益金鼎-三民,2024-09-04,9188
6546,正基,21,4,17,群益金鼎-三民,2024-09-04,9188
00927,群益半導體收益,16,0,16,群益金鼎-三民,2024-09-04,9188
00715L,期街口布蘭特正2,181,6,175,群益金鼎-三民,2024-09-05,9188
00946,群益科技高息成長,120,0,120,群益金鼎-三民,2024-09-05,9188
00918,大華優利高填息30,130,11,119,群益金鼎-三民,2024-09-05,9188
00688L,國泰20年美債正2,127,22,105,群益金鼎-三民,2024-09-05,9188
00687B,國泰20年美債,116,20,96,群益金鼎-三民,2024-09-05,9188
00937B,群益ESG投等債20,113,19,94,群益金鼎-三民,2024-09-05,9188
00929,復華台灣科技優息,175,95,80,群益金鼎-三民,2024-09-05,9188
00878,國泰永續高股息,257,190,67,群益金鼎-三民,2024-09-05,9188
6584,南俊國際,60,0,60,群益金鼎-三民,2024-09-05,9188
2317,鴻海,69,12,57,群益金鼎-三民,2024-09-05,9188
1110,東泥,53,0,53,群益金鼎-三民,2024-09-05,9188
00919,群益台灣精選高息,68,19,49,群益金鼎-三民,2024-09-05,9188
4956,光鋐,48,0,48,群益金鼎-三民,2024-09-05,9188
2609,陽明,48,7,41,群益金鼎-三民,2024-09-05,9188
2313,華通,48,8,40,群益金鼎-三民,2024-09-05,9188
1735,日勝化,35,2,33,群益金鼎-三民,2024-09-05,9188
1727,中華化,32,3,29,群益金鼎-三民,2024-09-05,9188
0056,元大高股息,29,0,29,群益金鼎-三民,2024-09-05,9188
00713,元大台灣高息低波,128,100,28,群益金鼎-三民,2024-09-05,9188
3605,宏致,40,12,28,群益金鼎-三民,2024-09-05,9188
2887,台新金,30,2,28,群益金鼎-三民,2024-09-05,9188
006208,富邦台50,39,13,26,群益金鼎-三民,2024-09-05,9188
5347,世界,158,133,25,群益金鼎-三民,2024-09-05,9188
5880,合庫金,24,0,24,群益金鼎-三民,2024-09-05,9188
00940,元大台灣價值高息,32,10,22,群益金鼎-三民,2024-09-05,9188
8028,昇陽半導體,23,1,22,群益金鼎-三民,2024-09-05,9188
2367,燿華,23,2,21,群益金鼎-三民,2024-09-05,9188
1614,三洋電,21,0,21,群益金鼎-三民,2024-09-05,9188
6278,台表科,48,28,20,群益金鼎-三民,2024-09-05,9188
2890,永豐金,21,1,20,群益金鼎-三民,2024-09-05,9188
8070,長華*,36,16,20,群益金鼎-三民,2024-09-05,9188
2344,華邦電,47,28,19,群益金鼎-三民,2024-09-05,9188
1711,永光,40,23,17,群益金鼎-三民,2024-09-05,9188
1326,台化,16,0,16,群益金鼎-三民,2024-09-05,9188
1314,中石化,23,7,16,群益金鼎-三民,2024-09-05,9188
1319,東陽,16,0,16,群益金鼎-三民,2024-09-05,9188
4714,永捷,26,10,16,群益金鼎-三民,2024-09-05,9188
3673,TPK-KY,15,0,15,群益金鼎-三民,2024-09-05,9188
4303,信立,25,10,15,群益金鼎-三民,2024-09-05,9188
00951,台新日本半導體,31,16,15,群益金鼎-三民,2024-09-05,9188
2409,友達,15,1,14,群益金鼎-三民,2024-09-05,9188
9958,世紀鋼,15,1,14,群益金鼎-三民,2024-09-05,9188
2884,玉山金,16,2,14,群益金鼎-三民,2024-09-05,9188
4510,高鋒,78,64,14,群益金鼎-三民,2024-09-05,9188
5225,東科-KY,16,3,13,群益金鼎-三民,2024-09-05,9188
2891,中信金,17,4,13,群益金鼎-三民,2024-09-05,9188
1609,大亞,13,1,12,群益金鼎-三民,2024-09-05,9188
2408,南亞科,21,10,11,群益金鼎-三民,2024-09-05,9188
00881,國泰台灣5G+,11,0,11,群益金鼎-三民,2024-09-05,9188
2605,新興,30,20,10,群益金鼎-三民,2024-09-05,9188
00937B,群益ESG投等債20,173,32,141,群益金鼎-三民,2024-09-06,9188
00918,大華優利高填息30,97,2,95,群益金鼎-三民,2024-09-06,9188
00751B,元大AAA至A公司債,63,1,62,群益金鼎-三民,2024-09-06,9188
1110,東泥,53,0,53,群益金鼎-三民,2024-09-06,9188
3481,群創,52,0,52,群益金鼎-三民,2024-09-06,9188
00948B,中信優息投資級債,48,5,43,群益金鼎-三民,2024-09-06,9188
00715L,期街口布蘭特正2,32,1,31,群益金鼎-三民,2024-09-06,9188
1314,中石化,36,6,30,群益金鼎-三民,2024-09-06,9188
1210,大成,28,0,28,群益金鼎-三民,2024-09-06,9188
00878,國泰永續高股息,115,90,25,群益金鼎-三民,2024-09-06,9188
00632R,元大台灣50反1,53,30,23,群益金鼎-三民,2024-09-06,9188
6216,居易,24,2,22,群益金鼎-三民,2024-09-06,9188
2610,華航,42,20,22,群益金鼎-三民,2024-09-06,9188
3437,榮創,20,0,20,群益金鼎-三民,2024-09-06,9188
8937,合騏,20,0,20,群益金鼎-三民,2024-09-06,9188
2897,王道銀行,20,0,20,群益金鼎-三民,2024-09-06,9188
00720B,元大投資級公司債,20,0,20,群益金鼎-三民,2024-09-06,9188
00959B,大華投等美債15Y+,20,0,20,群益金鼎-三民,2024-09-06,9188
1711,永光,31,12,19,群益金鼎-三民,2024-09-06,9188
1524,耿鼎,21,4,17,群益金鼎-三民,2024-09-06,9188
00665L,富邦�琤肭磪囓�2,15,0,15,群益金鼎-三民,2024-09-06,9188
2838,聯邦銀,20,6,14,群益金鼎-三民,2024-09-06,9188
00952,凱基台灣AI50,56,43,13,群益金鼎-三民,2024-09-06,9188
0056,元大高股息,19,7,12,群益金鼎-三民,2024-09-06,9188
1301,台塑,12,0,12,群益金鼎-三民,2024-09-06,9188
1584,精剛,12,0,12,群益金鼎-三民,2024-09-06,9188
6757,台灣虎航,24,12,12,群益金鼎-三民,2024-09-06,9188
00946,群益科技高息成長,12,0,12,群益金鼎-三民,2024-09-06,9188
6274,台燿,23,12,11,群益金鼎-三民,2024-09-06,9188
00935,野村臺灣新科技50,11,0,11,群益金鼎-三民,2024-09-06,9188
3230,錦明,12,1,11,群益金鼎-三民,2024-09-06,9188
3576,聯合再生,11,0,11,群益金鼎-三民,2024-09-06,9188
2891,中信金,20,10,10,群益金鼎-三民,2024-09-06,9188
2913,農林,10,0,10,群益金鼎-三民,2024-09-06,9188
00941,中信上游半導體,10,0,10,群益金鼎-三民,2024-09-06,9188
2329,華泰,12,2,10,群益金鼎-三民,2024-09-06,9188
3047,訊舟,12,2,10,群益金鼎-三民,2024-09-06,9188
2855,統一證,10,0,10,群益金鼎-三民,2024-09-06,9188
00915,凱基優選高股息30,35,25,10,群益金鼎-三民,2024-09-06,9188
6257,矽格,11,2,9,群益金鼎-三民,2024-09-06,9188
2313,華通,13,4,9,群益金鼎-三民,2024-09-06,9188
2426,鼎元,11,2,9,群益金鼎-三民,2024-09-06,9188
1815,富喬,12,3,9,群益金鼎-三民,2024-09-06,9188
00713,元大台灣高息低波,48,40,8,群益金鼎-三民,2024-09-06,9188
2905,三商,20,12,8,群益金鼎-三民,2024-09-06,9188
3712,永崴投控,8,0,8,群益金鼎-三民,2024-09-06,9188
00680L,元大美債20正2,41,34,7,群益金鼎-三民,2024-09-06,9188
2002,中鋼,7,0,7,群益金鼎-三民,2024-09-06,9188
3066,李洲,40,33,7,群益金鼎-三民,2024-09-06,9188
2233,宇隆,9,2,7,群益金鼎-三民,2024-09-06,9188
00919,群益台灣精選高息,377,19,358,群益金鼎-三民,2024-09-09,9188
2889,國票金,334,184,150,群益金鼎-三民,2024-09-09,9188
00687B,國泰20年美債,123,28,95,群益金鼎-三民,2024-09-09,9188
2891,中信金,92,8,84,群益金鼎-三民,2024-09-09,9188
00918,大華優利高填息30,88,17,71,群益金鼎-三民,2024-09-09,9188
00878,國泰永續高股息,225,167,58,群益金鼎-三民,2024-09-09,9188
3010,華立,56,1,55,群益金鼎-三民,2024-09-09,9188
9902,台火,50,0,50,群益金鼎-三民,2024-09-09,9188
00915,凱基優選高股息30,131,93,38,群益金鼎-三民,2024-09-09,9188
00637L,元大滬深300正2,77,42,35,群益金鼎-三民,2024-09-09,9188
1110,東泥,35,1,34,群益金鼎-三民,2024-09-09,9188
00951,台新日本半導體,42,9,33,群益金鼎-三民,2024-09-09,9188
2402,毅嘉,46,14,32,群益金鼎-三民,2024-09-09,9188
2323,中環,30,0,30,群益金鼎-三民,2024-09-09,9188
2382,廣達,44,16,28,群益金鼎-三民,2024-09-09,9188
00940,元大台灣價值高息,64,38,26,群益金鼎-三民,2024-09-09,9188
006208,富邦台50,26,0,26,群益金鼎-三民,2024-09-09,9188
00881,國泰台灣5G+,25,0,25,群益金鼎-三民,2024-09-09,9188
00679B,元大美債20年,49,26,23,群益金鼎-三民,2024-09-09,9188
4714,永捷,41,19,22,群益金鼎-三民,2024-09-09,9188
00680L,元大美債20正2,27,5,22,群益金鼎-三民,2024-09-09,9188
0056,元大高股息,25,3,22,群益金鼎-三民,2024-09-09,9188
2880,華南金,20,1,19,群益金鼎-三民,2024-09-09,9188
2317,鴻海,36,19,17,群益金鼎-三民,2024-09-09,9188
4306,炎洲,21,5,16,群益金鼎-三民,2024-09-09,9188
00713,元大台灣高息低波,134,119,15,群益金鼎-三民,2024-09-09,9188
2885,元大金,18,3,15,群益金鼎-三民,2024-09-09,9188
3025,星通,22,7,15,群益金鼎-三民,2024-09-09,9188
2344,華邦電,21,6,15,群益金鼎-三民,2024-09-09,9188
2002,中鋼,22,7,15,群益金鼎-三民,2024-09-09,9188
00675L,富邦臺灣加權正2,14,0,14,群益金鼎-三民,2024-09-09,9188
6770,力積電,17,4,13,群益金鼎-三民,2024-09-09,9188
2464,盟立,40,27,13,群益金鼎-三民,2024-09-09,9188
3715,定穎投控,20,7,13,群益金鼎-三民,2024-09-09,9188
2881,富邦金,20,8,12,群益金鼎-三民,2024-09-09,9188
5880,合庫金,12,0,12,群益金鼎-三民,2024-09-09,9188
2211,長榮鋼,12,0,12,群益金鼎-三民,2024-09-09,9188
8374,羅昇,24,12,12,群益金鼎-三民,2024-09-09,9188
00688L,國泰20年美債正2,143,131,12,群益金鼎-三民,2024-09-09,9188
5347,世界,186,175,11,群益金鼎-三民,2024-09-09,9188
2867,三商壽,11,0,11,群益金鼎-三民,2024-09-09,9188
8027,鈦昇,15,4,11,群益金鼎-三民,2024-09-09,9188
5475,德宏,10,0,10,群益金鼎-三民,2024-09-09,9188
2330,台積電,14,4,10,群益金鼎-三民,2024-09-09,9188
2609,陽明,10,0,10,群益金鼎-三民,2024-09-09,9188
6143,振曜,11,1,10,群益金鼎-三民,2024-09-09,9188
3058,立德,10,0,10,群益金鼎-三民,2024-09-09,9188
2838,聯邦銀,40,30,10,群益金鼎-三民,2024-09-09,9188
2390,云辰,10,0,10,群益金鼎-三民,2024-09-09,9188
1722,台肥,10,0,10,群益金鼎-三民,2024-09-09,9188
00688L,國泰20年美債正2,432,23,409,群益金鼎-三民,2024-09-10,9188
00919,群益台灣精選高息,287,2,285,群益金鼎-三民,2024-09-10,9188
00937B,群益ESG投等債20,264,37,227,群益金鼎-三民,2024-09-10,9188
00680L,元大美債20正2,110,1,109,群益金鼎-三民,2024-09-10,9188
00687B,國泰20年美債,94,21,73,群益金鼎-三民,2024-09-10,9188
2301,光寶科,63,2,61,群益金鼎-三民,2024-09-10,9188
0056,元大高股息,63,3,60,群益金鼎-三民,2024-09-10,9188
00673R,期元大S＆P原油反1,40,0,40,群益金鼎-三民,2024-09-10,9188
4167,松瑞藥,40,0,40,群益金鼎-三民,2024-09-10,9188
00918,大華優利高填息30,87,48,39,群益金鼎-三民,2024-09-10,9188
2515,中工,40,2,38,群益金鼎-三民,2024-09-10,9188
2609,陽明,39,2,37,群益金鼎-三民,2024-09-10,9188
3605,宏致,43,9,34,群益金鼎-三民,2024-09-10,9188
1110,東泥,34,2,32,群益金鼎-三民,2024-09-10,9188
2382,廣達,40,15,25,群益金鼎-三民,2024-09-10,9188
3010,華立,24,0,24,群益金鼎-三民,2024-09-10,9188
1609,大亞,23,1,22,群益金鼎-三民,2024-09-10,9188
8027,鈦昇,25,3,22,群益金鼎-三民,2024-09-10,9188
6216,居易,24,3,21,群益金鼎-三民,2024-09-10,9188
3209,全科,21,0,21,群益金鼎-三民,2024-09-10,9188
1434,福懋,20,0,20,群益金鼎-三民,2024-09-10,9188
3294,英濟,29,10,19,群益金鼎-三民,2024-09-10,9188
2527,宏璟,18,0,18,群益金鼎-三民,2024-09-10,9188
00715L,期街口布蘭特正2,18,0,18,群益金鼎-三民,2024-09-10,9188
9945,潤泰新,20,2,18,群益金鼎-三民,2024-09-10,9188
2891,中信金,29,12,17,群益金鼎-三民,2024-09-10,9188
3149,正達,25,8,17,群益金鼎-三民,2024-09-10,9188
2464,盟立,17,0,17,群益金鼎-三民,2024-09-10,9188
3535,晶彩科,17,1,16,群益金鼎-三民,2024-09-10,9188
4534,慶騰,16,0,16,群益金鼎-三民,2024-09-10,9188
3481,群創,27,12,15,群益金鼎-三民,2024-09-10,9188
00675L,富邦臺灣加權正2,15,0,15,群益金鼎-三民,2024-09-10,9188
00696B,富邦美債20年,15,0,15,群益金鼎-三民,2024-09-10,9188
00724B,群益投資級金融債,15,0,15,群益金鼎-三民,2024-09-10,9188
00878,國泰永續高股息,190,176,14,群益金鼎-三民,2024-09-10,9188
2002,中鋼,25,11,14,群益金鼎-三民,2024-09-10,9188
2399,映泰,26,12,14,群益金鼎-三民,2024-09-10,9188
1314,中石化,15,1,14,群益金鼎-三民,2024-09-10,9188
00713,元大台灣高息低波,86,73,13,群益金鼎-三民,2024-09-10,9188
4566,時碩工業,25,12,13,群益金鼎-三民,2024-09-10,9188
5236,凌陽創新,13,0,13,群益金鼎-三民,2024-09-10,9188
2303,聯電,20,7,13,群益金鼎-三民,2024-09-10,9188
1536,和大,12,0,12,群益金鼎-三民,2024-09-10,9188
00830,國泰費城半導體,14,2,12,群益金鼎-三民,2024-09-10,9188
6290,良維,12,0,12,群益金鼎-三民,2024-09-10,9188
1524,耿鼎,13,2,11,群益金鼎-三民,2024-09-10,9188
00959B,大華投等美債15Y+,11,0,11,群益金鼎-三民,2024-09-10,9188
2317,鴻海,52,41,11,群益金鼎-三民,2024-09-10,9188
2497,怡利電,23,12,11,群益金鼎-三民,2024-09-10,9188
00923,群益台ESG低碳50,10,0,10,群益金鼎-三民,2024-09-10,9188
00948B,中信優息投資級債,467,0,467,群益金鼎-三民,2024-09-11,9188
00957B,兆豐US優選投等債,474,311,163,群益金鼎-三民,2024-09-11,9188
00688L,國泰20年美債正2,197,47,150,群益金鼎-三民,2024-09-11,9188
00687B,國泰20年美債,175,83,92,群益金鼎-三民,2024-09-11,9188
6757,台灣虎航,57,0,57,群益金鼎-三民,2024-09-11,9188
00921,兆豐龍頭等權重,56,0,56,群益金鼎-三民,2024-09-11,9188
00637L,元大滬深300正2,73,20,53,群益金鼎-三民,2024-09-11,9188
2891,中信金,62,10,52,群益金鼎-三民,2024-09-11,9188
00919,群益台灣精選高息,91,39,52,群益金鼎-三民,2024-09-11,9188
2883,凱基金,68,20,48,群益金鼎-三民,2024-09-11,9188
00933B,國泰10Y+金融債,67,19,48,群益金鼎-三民,2024-09-11,9188
00715L,期街口布蘭特正2,82,37,45,群益金鼎-三民,2024-09-11,9188
1522,堤維西,77,34,43,群益金鼎-三民,2024-09-11,9188
00915,凱基優選高股息30,183,141,42,群益金鼎-三民,2024-09-11,9188
00940,元大台灣價值高息,56,17,39,群益金鼎-三民,2024-09-11,9188
00632R,元大台灣50反1,41,2,39,群益金鼎-三民,2024-09-11,9188
2887,台新金,55,27,28,群益金鼎-三民,2024-09-11,9188
00918,大華優利高填息30,40,13,27,群益金鼎-三民,2024-09-11,9188
2399,映泰,54,28,26,群益金鼎-三民,2024-09-11,9188
8070,長華*,32,6,26,群益金鼎-三民,2024-09-11,9188
1532,勤美,25,0,25,群益金鼎-三民,2024-09-11,9188
00679B,元大美債20年,81,56,25,群益金鼎-三民,2024-09-11,9188
00931B,統一美債20年,25,1,24,群益金鼎-三民,2024-09-11,9188
00878,國泰永續高股息,151,131,20,群益金鼎-三民,2024-09-11,9188
2489,瑞軒,21,1,20,群益金鼎-三民,2024-09-11,9188
2409,友達,20,0,20,群益金鼎-三民,2024-09-11,9188
006208,富邦台50,21,2,19,群益金鼎-三民,2024-09-11,9188
00713,元大台灣高息低波,75,58,17,群益金鼎-三民,2024-09-11,9188
2897,王道銀行,17,0,17,群益金鼎-三民,2024-09-11,9188
3707,漢磊,28,11,17,群益金鼎-三民,2024-09-11,9188
00642U,期元大S＆P石油,15,0,15,群益金鼎-三民,2024-09-11,9188
2388,威盛,14,1,13,群益金鼎-三民,2024-09-11,9188
1524,耿鼎,14,1,13,群益金鼎-三民,2024-09-11,9188
5880,合庫金,11,0,11,群益金鼎-三民,2024-09-11,9188
00942B,台新美A公司債20+,11,0,11,群益金鼎-三民,2024-09-11,9188
6706,惠特,12,1,11,群益金鼎-三民,2024-09-11,9188
00959B,大華投等美債15Y+,11,0,11,群益金鼎-三民,2024-09-11,9188
00881,國泰台灣5G+,10,0,10,群益金鼎-三民,2024-09-11,9188
6743,安普新,17,7,10,群益金鼎-三民,2024-09-11,9188
00885,富邦越南,10,0,10,群益金鼎-三民,2024-09-11,9188
00675L,富邦臺灣加權正2,10,0,10,群益金鼎-三民,2024-09-11,9188
00943,兆豐電子高息等權,11,1,10,群益金鼎-三民,2024-09-11,9188
1597,直得,10,0,10,群益金鼎-三民,2024-09-11,9188
6288,聯嘉,10,0,10,群益金鼎-三民,2024-09-11,9188
2371,大同,20,10,10,群益金鼎-三民,2024-09-11,9188
1240,茂生農經,10,0,10,群益金鼎-三民,2024-09-11,9188
8076,伍豐,10,0,10,群益金鼎-三民,2024-09-11,9188
0056,元大高股息,12,3,9,群益金鼎-三民,2024-09-11,9188
3356,奇偶,10,1,9,群益金鼎-三民,2024-09-11,9188
4950,牧東,9,0,9,群益金鼎-三民,2024-09-11,9188
00632R,元大台灣50反1,719,268,451,群益金鼎-三民,2024-09-12,9188
00948B,中信優息投資級債,214,0,214,群益金鼎-三民,2024-09-12,9188
00937B,群益ESG投等債20,219,12,207,群益金鼎-三民,2024-09-12,9188
00680L,元大美債20正2,184,47,137,群益金鼎-三民,2024-09-12,9188
00957B,兆豐US優選投等債,402,304,98,群益金鼎-三民,2024-09-12,9188
9105,泰金寶-DR,91,0,91,群益金鼎-三民,2024-09-12,9188
00919,群益台灣精選高息,95,25,70,群益金鼎-三民,2024-09-12,9188
00687B,國泰20年美債,158,104,54,群益金鼎-三民,2024-09-12,9188
2887,台新金,57,3,54,群益金鼎-三民,2024-09-12,9188
2888,新光金,90,39,51,群益金鼎-三民,2024-09-12,9188
2891,中信金,52,11,41,群益金鼎-三民,2024-09-12,9188
2618,長榮航,52,12,40,群益金鼎-三民,2024-09-12,9188
6152,百一,50,11,39,群益金鼎-三民,2024-09-12,9188
3265,台星科,40,1,39,群益金鼎-三民,2024-09-12,9188
00673R,期元大S＆P原油反1,37,0,37,群益金鼎-三民,2024-09-12,9188
2504,國產,37,4,33,群益金鼎-三民,2024-09-12,9188
00931B,統一美債20年,36,6,30,群益金鼎-三民,2024-09-12,9188
00712,復華富時不動產,27,0,27,群益金鼎-三民,2024-09-12,9188
00715L,期街口布蘭特正2,24,0,24,群益金鼎-三民,2024-09-12,9188
1240,茂生農經,23,0,23,群益金鼎-三民,2024-09-12,9188
00933B,國泰10Y+金融債,67,48,19,群益金鼎-三民,2024-09-12,9188
2316,楠梓電,20,1,19,群益金鼎-三民,2024-09-12,9188
2867,三商壽,20,2,18,群益金鼎-三民,2024-09-12,9188
6239,力成,25,8,17,群益金鼎-三民,2024-09-12,9188
4306,炎洲,17,0,17,群益金鼎-三民,2024-09-12,9188
00932,兆豐永續高息等權,16,0,16,群益金鼎-三民,2024-09-12,9188
00959B,大華投等美債15Y+,15,0,15,群益金鼎-三民,2024-09-12,9188
00664R,國泰臺灣加權反1,16,2,14,群益金鼎-三民,2024-09-12,9188
2734,易飛網,13,0,13,群益金鼎-三民,2024-09-12,9188
3707,漢磊,14,1,13,群益金鼎-三民,2024-09-12,9188
2537,聯上發,12,0,12,群益金鼎-三民,2024-09-12,9188
3360,尚立,12,0,12,群益金鼎-三民,2024-09-12,9188
3354,律勝,11,0,11,群益金鼎-三民,2024-09-12,9188
3605,宏致,11,0,11,群益金鼎-三民,2024-09-12,9188
6133,金橋,64,53,11,群益金鼎-三民,2024-09-12,9188
4510,高鋒,58,47,11,群益金鼎-三民,2024-09-12,9188
6111,大宇資,13,2,11,群益金鼎-三民,2024-09-12,9188
6134,萬旭,21,11,10,群益金鼎-三民,2024-09-12,9188
00671R,富邦NASDAQ反1,10,0,10,群益金鼎-三民,2024-09-12,9188
6173,信昌電,11,1,10,群益金鼎-三民,2024-09-12,9188
2506,太設,10,0,10,群益金鼎-三民,2024-09-12,9188
3712,永崴投控,11,1,10,群益金鼎-三民,2024-09-12,9188
3303,岱稜,39,29,10,群益金鼎-三民,2024-09-12,9188
6125,廣運,10,1,9,群益金鼎-三民,2024-09-12,9188
1339,昭輝,9,0,9,群益金鼎-三民,2024-09-12,9188
8374,羅昇,24,15,9,群益金鼎-三民,2024-09-12,9188
2233,宇隆,12,4,8,群益金鼎-三民,2024-09-12,9188
00764B,群益25年美債,8,0,8,群益金鼎-三民,2024-09-12,9188
4931,新盛力,7,0,7,群益金鼎-三民,2024-09-12,9188
4526,東台,7,0,7,群益金鼎-三民,2024-09-12,9188
00937B,群益ESG投等債20,344,40,304,群益金鼎-三民,2024-09-13,9188
00919,群益台灣精選高息,205,3,202,群益金鼎-三民,2024-09-13,9188
00948B,中信優息投資級債,199,0,199,群益金鼎-三民,2024-09-13,9188
00929,復華台灣科技優息,177,29,148,群益金鼎-三民,2024-09-13,9188
00918,大華優利高填息30,158,35,123,群益金鼎-三民,2024-09-13,9188
00957B,兆豐US優選投等債,470,386,84,群益金鼎-三民,2024-09-13,9188
00931B,統一美債20年,55,10,45,群益金鼎-三民,2024-09-13,9188
00687B,國泰20年美債,158,122,36,群益金鼎-三民,2024-09-13,9188
2537,聯上發,33,0,33,群益金鼎-三民,2024-09-13,9188
00891,中信關鍵半導體,31,0,31,群益金鼎-三民,2024-09-13,9188
1773,勝一,57,27,30,群益金鼎-三民,2024-09-13,9188
3706,神達,52,23,29,群益金鼎-三民,2024-09-13,9188
6877,鏵友益,29,1,28,群益金鼎-三民,2024-09-13,9188
00857B,永豐20年美公債,31,10,21,群益金鼎-三民,2024-09-13,9188
3013,晟銘電,36,16,20,群益金鼎-三民,2024-09-13,9188
00878,國泰永續高股息,46,27,19,群益金鼎-三民,2024-09-13,9188
5460,同協,24,5,19,群益金鼎-三民,2024-09-13,9188
00940,元大台灣價值高息,19,1,18,群益金鼎-三民,2024-09-13,9188
1815,富喬,21,4,17,群益金鼎-三民,2024-09-13,9188
8249,菱光,61,44,17,群益金鼎-三民,2024-09-13,9188
00637L,元大滬深300正2,17,1,16,群益金鼎-三民,2024-09-13,9188
9925,新保,15,0,15,群益金鼎-三民,2024-09-13,9188
4526,東台,14,0,14,群益金鼎-三民,2024-09-13,9188
2449,京元電子,14,1,13,群益金鼎-三民,2024-09-13,9188
00665L,富邦�琤肭磪囓�2,15,2,13,群益金鼎-三民,2024-09-13,9188
4909,新復興,34,21,13,群益金鼎-三民,2024-09-13,9188
00633L,富邦上証正2,12,0,12,群益金鼎-三民,2024-09-13,9188
3090,日電貿,12,0,12,群益金鼎-三民,2024-09-13,9188
5230,雷笛克光學,16,4,12,群益金鼎-三民,2024-09-13,9188
8438,昶昕,12,0,12,群益金鼎-三民,2024-09-13,9188
3081,聯亞,13,2,11,群益金鼎-三民,2024-09-13,9188
00927,群益半導體收益,11,0,11,群益金鼎-三民,2024-09-13,9188
00946,群益科技高息成長,10,0,10,群益金鼎-三民,2024-09-13,9188
1440,南紡,10,0,10,群益金鼎-三民,2024-09-13,9188
1519,華城,10,0,10,群益金鼎-三民,2024-09-13,9188
3707,漢磊,10,0,10,群益金鼎-三民,2024-09-13,9188
00959B,大華投等美債15Y+,10,0,10,群益金鼎-三民,2024-09-13,9188
8039,台虹,21,11,10,群益金鼎-三民,2024-09-13,9188
6763,綠界科技*,10,0,10,群益金鼎-三民,2024-09-13,9188
4979,華星光,40,31,9,群益金鼎-三民,2024-09-13,9188
2356,英業達,15,6,9,群益金鼎-三民,2024-09-13,9188
00795B,中信美國公債20年,9,0,9,群益金鼎-三民,2024-09-13,9188
6838,台新藥,9,0,9,群益金鼎-三民,2024-09-13,9188
4114,健喬,9,0,9,群益金鼎-三民,2024-09-13,9188
6257,矽格,8,0,8,群益金鼎-三民,2024-09-13,9188
00932,兆豐永續高息等權,8,0,8,群益金鼎-三民,2024-09-13,9188
4566,時碩工業,8,0,8,群益金鼎-三民,2024-09-13,9188
6282,康舒,8,0,8,群益金鼎-三民,2024-09-13,9188
2303,聯電,10,3,7,群益金鼎-三民,2024-09-13,9188
6509,聚和,7,0,7,群益金鼎-三民,2024-09-13,9188
00687B,國泰20年美債,328,103,225,群益金鼎-三民,2024-09-16,9188
2834,臺企銀,160,26,134,群益金鼎-三民,2024-09-16,9188
00918,大華優利高填息30,141,18,123,群益金鼎-三民,2024-09-16,9188
00948B,中信優息投資級債,114,0,114,群益金鼎-三民,2024-09-16,9188
00919,群益台灣精選高息,114,8,106,群益金鼎-三民,2024-09-16,9188
1540,喬福,102,10,92,群益金鼎-三民,2024-09-16,9188
8936,國統,90,3,87,群益金鼎-三民,2024-09-16,9188
6609,瀧澤科,101,22,79,群益金鼎-三民,2024-09-16,9188
00937B,群益ESG投等債20,73,0,73,群益金鼎-三民,2024-09-16,9188
00943,兆豐電子高息等權,50,2,48,群益金鼎-三民,2024-09-16,9188
6757,台灣虎航,35,0,35,群益金鼎-三民,2024-09-16,9188
2444,兆勁,30,1,29,群益金鼎-三民,2024-09-16,9188
1326,台化,29,1,28,群益金鼎-三民,2024-09-16,9188
2399,映泰,38,13,25,群益金鼎-三民,2024-09-16,9188
1319,東陽,34,10,24,群益金鼎-三民,2024-09-16,9188
3605,宏致,68,46,22,群益金鼎-三民,2024-09-16,9188
3049,精金,27,5,22,群益金鼎-三民,2024-09-16,9188
1522,堤維西,60,39,21,群益金鼎-三民,2024-09-16,9188
8039,台虹,26,6,20,群益金鼎-三民,2024-09-16,9188
00931B,統一美債20年,22,2,20,群益金鼎-三民,2024-09-16,9188
1473,台南,19,0,19,群益金鼎-三民,2024-09-16,9188
00882,中信中國高股息,17,0,17,群益金鼎-三民,2024-09-16,9188
1301,台塑,24,7,17,群益金鼎-三民,2024-09-16,9188
00795B,中信美國公債20年,17,0,17,群益金鼎-三民,2024-09-16,9188
1314,中石化,16,0,16,群益金鼎-三民,2024-09-16,9188
00679B,元大美債20年,105,89,16,群益金鼎-三民,2024-09-16,9188
3360,尚立,31,16,15,群益金鼎-三民,2024-09-16,9188
00921,兆豐龍頭等權重,13,0,13,群益金鼎-三民,2024-09-16,9188
4542,科嶠,18,5,13,群益金鼎-三民,2024-09-16,9188
00878,國泰永續高股息,167,155,12,群益金鼎-三民,2024-09-16,9188
2886,兆豐金,12,0,12,群益金鼎-三民,2024-09-16,9188
00891,中信關鍵半導體,12,0,12,群益金鼎-三民,2024-09-16,9188
00915,凱基優選高股息30,48,36,12,群益金鼎-三民,2024-09-16,9188
00688L,國泰20年美債正2,12,1,11,群益金鼎-三民,2024-09-16,9188
6161,捷波,10,0,10,群益金鼎-三民,2024-09-16,9188
3715,定穎投控,11,1,10,群益金鼎-三民,2024-09-16,9188
00885,富邦越南,10,0,10,群益金鼎-三民,2024-09-16,9188
00881,國泰台灣5G+,10,0,10,群益金鼎-三民,2024-09-16,9188
00772B,中信高評級公司債,31,21,10,群益金鼎-三民,2024-09-16,9188
3234,光環,10,0,10,群益金鼎-三民,2024-09-16,9188
2349,錸德,25,15,10,群益金鼎-三民,2024-09-16,9188
5210,寶碩,10,0,10,群益金鼎-三民,2024-09-16,9188
2605,新興,20,10,10,群益金鼎-三民,2024-09-16,9188
2609,陽明,10,1,9,群益金鼎-三民,2024-09-16,9188
6706,惠特,17,8,9,群益金鼎-三民,2024-09-16,9188
2002,中鋼,11,2,9,群益金鼎-三民,2024-09-16,9188
3013,晟銘電,11,3,8,群益金鼎-三民,2024-09-16,9188
2344,華邦電,16,8,8,群益金鼎-三民,2024-09-16,9188
2891,中信金,19,11,8,群益金鼎-三民,2024-09-16,9188
00935,野村臺灣新科技50,11,3,8,群益金鼎-三民,2024-09-16,9188
00929,復華台灣科技優息,219,37,182,群益金鼎-三民,2024-09-18,9188
00918,大華優利高填息30,184,11,173,群益金鼎-三民,2024-09-18,9188
00680L,元大美債20正2,133,24,109,群益金鼎-三民,2024-09-18,9188
00919,群益台灣精選高息,90,16,74,群益金鼎-三民,2024-09-18,9188
3010,華立,80,7,73,群益金鼎-三民,2024-09-18,9188
8277,商丞,53,0,53,群益金鼎-三民,2024-09-18,9188
00946,群益科技高息成長,50,0,50,群益金鼎-三民,2024-09-18,9188
3231,緯創,52,7,45,群益金鼎-三民,2024-09-18,9188
2887,台新金,48,8,40,群益金鼎-三民,2024-09-18,9188
00713,元大台灣高息低波,178,139,39,群益金鼎-三民,2024-09-18,9188
6116,彩晶,34,0,34,群益金鼎-三民,2024-09-18,9188
2313,華通,36,7,29,群益金鼎-三民,2024-09-18,9188
6216,居易,38,9,29,群益金鼎-三民,2024-09-18,9188
2317,鴻海,33,6,27,群益金鼎-三民,2024-09-18,9188
00687B,國泰20年美債,123,96,27,群益金鼎-三民,2024-09-18,9188
2324,仁寶,26,0,26,群益金鼎-三民,2024-09-18,9188
3498,陽程,27,1,26,群益金鼎-三民,2024-09-18,9188
2344,華邦電,25,0,25,群益金鼎-三民,2024-09-18,9188
00935,野村臺灣新科技50,23,0,23,群益金鼎-三民,2024-09-18,9188
00930,永豐ESG低碳高息,22,0,22,群益金鼎-三民,2024-09-18,9188
1736,喬山,21,0,21,群益金鼎-三民,2024-09-18,9188
00931B,統一美債20年,21,0,21,群益金鼎-三民,2024-09-18,9188
00927,群益半導體收益,21,0,21,群益金鼎-三民,2024-09-18,9188
2303,聯電,30,10,20,群益金鼎-三民,2024-09-18,9188
6609,瀧澤科,31,13,18,群益金鼎-三民,2024-09-18,9188
1473,台南,34,16,18,群益金鼎-三民,2024-09-18,9188
2349,錸德,40,23,17,群益金鼎-三民,2024-09-18,9188
00878,國泰永續高股息,69,53,16,群益金鼎-三民,2024-09-18,9188
006208,富邦台50,19,3,16,群益金鼎-三民,2024-09-18,9188
4977,眾達-KY,44,28,16,群益金鼎-三民,2024-09-18,9188
00772B,中信高評級公司債,16,1,15,群益金鼎-三民,2024-09-18,9188
6757,台灣虎航,15,0,15,群益金鼎-三民,2024-09-18,9188
2367,燿華,15,0,15,群益金鼎-三民,2024-09-18,9188
0056,元大高股息,16,2,14,群益金鼎-三民,2024-09-18,9188
8074,鉅橡,15,1,14,群益金鼎-三民,2024-09-18,9188
2838,聯邦銀,11,0,11,群益金鼎-三民,2024-09-18,9188
3289,宜特,12,1,11,群益金鼎-三民,2024-09-18,9188
5880,合庫金,11,1,10,群益金鼎-三民,2024-09-18,9188
00945B,凱基美國非投等債,10,0,10,群益金鼎-三民,2024-09-18,9188
2353,宏��,10,0,10,群益金鼎-三民,2024-09-18,9188
2458,義隆,32,22,10,群益金鼎-三民,2024-09-18,9188
6202,盛群,10,0,10,群益金鼎-三民,2024-09-18,9188
00888,永豐台灣ESG,10,0,10,群益金鼎-三民,2024-09-18,9188
00706L,期元大S＆P日圓正2,10,0,10,群益金鼎-三民,2024-09-18,9188
4956,光鋐,10,1,9,群益金鼎-三民,2024-09-18,9188
3607,谷崧,9,0,9,群益金鼎-三民,2024-09-18,9188
3264,欣銓,9,0,9,群益金鼎-三民,2024-09-18,9188
4526,東台,10,1,9,群益金鼎-三民,2024-09-18,9188
4933,友輝,14,5,9,群益金鼎-三民,2024-09-18,9188
2393,億光,9,0,9,群益金鼎-三民,2024-09-18,9188
00948B,中信優息投資級債,301,41,260,群益金鼎-三民,2024-09-19,9188
00937B,群益ESG投等債20,239,5,234,群益金鼎-三民,2024-09-19,9188
020023,元大櫃買半導體N,200,0,200,群益金鼎-三民,2024-09-19,9188
00919,群益台灣精選高息,134,13,121,群益金鼎-三民,2024-09-19,9188
1710,東聯,123,11,112,群益金鼎-三民,2024-09-19,9188
00918,大華優利高填息30,140,56,84,群益金鼎-三民,2024-09-19,9188
00929,復華台灣科技優息,108,32,76,群益金鼎-三民,2024-09-19,9188
00687B,國泰20年美債,210,141,69,群益金鼎-三民,2024-09-19,9188
3049,精金,145,104,41,群益金鼎-三民,2024-09-19,9188
2344,華邦電,41,2,39,群益金鼎-三民,2024-09-19,9188
00915,凱基優選高股息30,206,168,38,群益金鼎-三民,2024-09-19,9188
4716,大立,53,15,38,群益金鼎-三民,2024-09-19,9188
00830,國泰費城半導體,35,1,34,群益金鼎-三民,2024-09-19,9188
8277,商丞,30,0,30,群益金鼎-三民,2024-09-19,9188
8421,旭源,60,32,28,群益金鼎-三民,2024-09-19,9188
00931B,統一美債20年,29,1,28,群益金鼎-三民,2024-09-19,9188
8111,立��,29,1,28,群益金鼎-三民,2024-09-19,9188
2399,映泰,143,116,27,群益金鼎-三民,2024-09-19,9188
00720B,元大投資級公司債,23,0,23,群益金鼎-三民,2024-09-19,9188
6757,台灣虎航,23,2,21,群益金鼎-三民,2024-09-19,9188
00753L,中信中國50正2,20,0,20,群益金鼎-三民,2024-09-19,9188
6239,力成,47,27,20,群益金鼎-三民,2024-09-19,9188
3303,岱稜,19,3,16,群益金鼎-三民,2024-09-19,9188
2504,國產,15,1,14,群益金鼎-三民,2024-09-19,9188
00958B,永豐ESG銀行債15,14,0,14,群益金鼎-三民,2024-09-19,9188
00946,群益科技高息成長,13,0,13,群益金鼎-三民,2024-09-19,9188
3711,日月光投控,329,316,13,群益金鼎-三民,2024-09-19,9188
00940,元大台灣價值高息,15,4,11,群益金鼎-三民,2024-09-19,9188
00891,中信關鍵半導體,11,0,11,群益金鼎-三民,2024-09-19,9188
2317,鴻海,28,17,11,群益金鼎-三民,2024-09-19,9188
2467,志聖,10,0,10,群益金鼎-三民,2024-09-19,9188
6216,居易,14,4,10,群益金鼎-三民,2024-09-19,9188
9904,寶成,12,2,10,群益金鼎-三民,2024-09-19,9188
2022,聚亨,14,4,10,群益金鼎-三民,2024-09-19,9188
2324,仁寶,10,0,10,群益金鼎-三民,2024-09-19,9188
6005,群益證,10,0,10,群益金鼎-三民,2024-09-19,9188
00959B,大華投等美債15Y+,10,0,10,群益金鼎-三民,2024-09-19,9188
6509,聚和,12,2,10,群益金鼎-三民,2024-09-19,9188
2528,皇普,10,0,10,群益金鼎-三民,2024-09-19,9188
3289,宜特,32,23,9,群益金鼎-三民,2024-09-19,9188
3540,曜越,9,0,9,群益金鼎-三民,2024-09-19,9188
8032,光菱,15,6,9,群益金鼎-三民,2024-09-19,9188
00881,國泰台灣5G+,9,0,9,群益金鼎-三民,2024-09-19,9188
00933B,國泰10Y+金融債,51,43,8,群益金鼎-三民,2024-09-19,9188
5452,佶優,8,0,8,群益金鼎-三民,2024-09-19,9188
3339,泰谷,8,0,8,群益金鼎-三民,2024-09-19,9188
00679B,元大美債20年,130,123,7,群益金鼎-三民,2024-09-19,9188
00935,野村臺灣新科技50,7,0,7,群益金鼎-三民,2024-09-19,9188
2367,燿華,7,0,7,群益金鼎-三民,2024-09-19,9188
00688L,國泰20年美債正2,34,28,6,群益金鼎-三民,2024-09-19,9188
00676R,富邦臺灣加權反1,500,0,500,群益金鼎-三民,2024-09-20,9188
00632R,元大台灣50反1,685,227,458,群益金鼎-三民,2024-09-20,9188
00937B,群益ESG投等債20,268,15,253,群益金鼎-三民,2024-09-20,9188
1710,東聯,188,0,188,群益金鼎-三民,2024-09-20,9188
00919,群益台灣精選高息,201,27,174,群益金鼎-三民,2024-09-20,9188
00957B,兆豐US優選投等債,101,3,98,群益金鼎-三民,2024-09-20,9188
00687B,國泰20年美債,215,139,76,群益金鼎-三民,2024-09-20,9188
5512,力麒,57,0,57,群益金鼎-三民,2024-09-20,9188
1110,東泥,58,3,55,群益金鼎-三民,2024-09-20,9188
00764B,群益25年美債,44,1,43,群益金鼎-三民,2024-09-20,9188
1532,勤美,42,0,42,群益金鼎-三民,2024-09-20,9188
2867,三商壽,40,0,40,群益金鼎-三民,2024-09-20,9188
5519,隆大,42,4,38,群益金鼎-三民,2024-09-20,9188
00720B,元大投資級公司債,37,0,37,群益金鼎-三民,2024-09-20,9188
1815,富喬,39,3,36,群益金鼎-三民,2024-09-20,9188
00679B,元大美債20年,87,52,35,群益金鼎-三民,2024-09-20,9188
6176,瑞儀,34,0,34,群益金鼎-三民,2024-09-20,9188
00931B,統一美債20年,35,1,34,群益金鼎-三民,2024-09-20,9188
0056,元大高股息,47,13,34,群益金鼎-三民,2024-09-20,9188
00960,野村全球航運龍頭,32,0,32,群益金鼎-三民,2024-09-20,9188
6757,台灣虎航,47,18,29,群益金鼎-三民,2024-09-20,9188
00713,元大台灣高息低波,146,118,28,群益金鼎-三民,2024-09-20,9188
4510,高鋒,38,12,26,群益金鼎-三民,2024-09-20,9188
00675L,富邦臺灣加權正2,27,1,26,群益金鼎-三民,2024-09-20,9188
2101,南港,28,4,24,群益金鼎-三民,2024-09-20,9188
8099,大世科,23,0,23,群益金鼎-三民,2024-09-20,9188
2542,興富發,58,35,23,群益金鼎-三民,2024-09-20,9188
3062,建漢,26,5,21,群益金鼎-三民,2024-09-20,9188
4919,新唐,22,3,19,群益金鼎-三民,2024-09-20,9188
2408,南亞科,24,5,19,群益金鼎-三民,2024-09-20,9188
3543,州巧,18,0,18,群益金鼎-三民,2024-09-20,9188
3450,聯鈞,23,6,17,群益金鼎-三民,2024-09-20,9188
2062,橋椿,42,25,17,群益金鼎-三民,2024-09-20,9188
6877,鏵友益,16,0,16,群益金鼎-三民,2024-09-20,9188
2385,群光,47,31,16,群益金鼎-三民,2024-09-20,9188
00915,凱基優選高股息30,194,179,15,群益金鼎-三民,2024-09-20,9188
00795B,中信美國公債20年,18,3,15,群益金鼎-三民,2024-09-20,9188
2527,宏璟,22,7,15,群益金鼎-三民,2024-09-20,9188
4939,亞電,19,4,15,群益金鼎-三民,2024-09-20,9188
3202,樺晟,24,9,15,群益金鼎-三民,2024-09-20,9188
1709,和益,15,0,15,群益金鼎-三民,2024-09-20,9188
2449,京元電子,15,0,15,群益金鼎-三民,2024-09-20,9188
4513,福裕,25,11,14,群益金鼎-三民,2024-09-20,9188
4707,磐亞,16,2,14,群益金鼎-三民,2024-09-20,9188
6257,矽格,15,2,13,群益金鼎-三民,2024-09-20,9188
1326,台化,15,2,13,群益金鼎-三民,2024-09-20,9188
8249,菱光,15,3,12,群益金鼎-三民,2024-09-20,9188
3605,宏致,43,31,12,群益金鼎-三民,2024-09-20,9188
3105,穩懋,11,0,11,群益金鼎-三民,2024-09-20,9188
2312,金寶,10,0,10,群益金鼎-三民,2024-09-20,9188
00632R,元大台灣50反1,719,0,719,群益金鼎-三民,2024-09-23,9188
00676R,富邦臺灣加權反1,600,0,600,群益金鼎-三民,2024-09-23,9188
00919,群益台灣精選高息,319,78,241,群益金鼎-三民,2024-09-23,9188
00680L,元大美債20正2,136,10,126,群益金鼎-三民,2024-09-23,9188
2399,映泰,122,44,78,群益金鼎-三民,2024-09-23,9188
00929,復華台灣科技優息,89,11,78,群益金鼎-三民,2024-09-23,9188
3481,群創,80,10,70,群益金鼎-三民,2024-09-23,9188
2070,精湛,75,9,66,群益金鼎-三民,2024-09-23,9188
00687B,國泰20年美債,170,109,61,群益金鼎-三民,2024-09-23,9188
2464,盟立,63,4,59,群益金鼎-三民,2024-09-23,9188
00948B,中信優息投資級債,47,0,47,群益金鼎-三民,2024-09-23,9188
8032,光菱,55,9,46,群益金鼎-三民,2024-09-23,9188
5515,建國,60,17,43,群益金鼎-三民,2024-09-23,9188
4563,百德,42,2,40,群益金鼎-三民,2024-09-23,9188
4938,和碩,50,10,40,群益金鼎-三民,2024-09-23,9188
2867,三商壽,37,0,37,群益金鼎-三民,2024-09-23,9188
4576,大銀微系統,41,6,35,群益金鼎-三民,2024-09-23,9188
00945B,凱基美國非投等債,30,0,30,群益金鼎-三民,2024-09-23,9188
006208,富邦台50,32,2,30,群益金鼎-三民,2024-09-23,9188
00957B,兆豐US優選投等債,34,5,29,群益金鼎-三民,2024-09-23,9188
00688L,國泰20年美債正2,26,1,25,群益金鼎-三民,2024-09-23,9188
1536,和大,25,0,25,群益金鼎-三民,2024-09-23,9188
00918,大華優利高填息30,71,47,24,群益金鼎-三民,2024-09-23,9188
8033,雷虎,26,2,24,群益金鼎-三民,2024-09-23,9188
6182,合晶,23,0,23,群益金鼎-三民,2024-09-23,9188
00946,群益科技高息成長,22,0,22,群益金鼎-三民,2024-09-23,9188
2915,潤泰全,23,1,22,群益金鼎-三民,2024-09-23,9188
6104,創惟,31,11,20,群益金鼎-三民,2024-09-23,9188
1721,三晃,94,75,19,群益金鼎-三民,2024-09-23,9188
00933B,國泰10Y+金融債,31,12,19,群益金鼎-三民,2024-09-23,9188
2365,昆盈,14,0,14,群益金鼎-三民,2024-09-23,9188
2409,友達,14,0,14,群益金鼎-三民,2024-09-23,9188
00885,富邦越南,14,0,14,群益金鼎-三民,2024-09-23,9188
1309,台達化,13,0,13,群益金鼎-三民,2024-09-23,9188
00679B,元大美債20年,57,45,12,群益金鼎-三民,2024-09-23,9188
3450,聯鈞,20,8,12,群益金鼎-三民,2024-09-23,9188
6176,瑞儀,17,5,12,群益金鼎-三民,2024-09-23,9188
2515,中工,12,1,11,群益金鼎-三民,2024-09-23,9188
3049,精金,15,4,11,群益金鼎-三民,2024-09-23,9188
00764B,群益25年美債,11,0,11,群益金鼎-三民,2024-09-23,9188
00960,野村全球航運龍頭,11,0,11,群益金鼎-三民,2024-09-23,9188
4979,華星光,30,19,11,群益金鼎-三民,2024-09-23,9188
00915,凱基優選高股息30,117,107,10,群益金鼎-三民,2024-09-23,9188
2208,台船,10,0,10,群益金鼎-三民,2024-09-23,9188
2329,華泰,10,0,10,群益金鼎-三民,2024-09-23,9188
6606,建德工業,15,5,10,群益金鼎-三民,2024-09-23,9188
6770,力積電,10,0,10,群益金鼎-三民,2024-09-23,9188
4510,高鋒,10,0,10,群益金鼎-三民,2024-09-23,9188
8358,金居,10,0,10,群益金鼎-三民,2024-09-23,9188
3576,聯合再生,9,0,9,群益金鼎-三民,2024-09-23,9188
00937B,群益ESG投等債20,281,7,274,群益金鼎-三民,2024-09-24,9188
00676R,富邦臺灣加權反1,200,0,200,群益金鼎-三民,2024-09-24,9188
00948B,中信優息投資級債,166,0,166,群益金鼎-三民,2024-09-24,9188
00946,群益科技高息成長,90,0,90,群益金鼎-三民,2024-09-24,9188
2495,普安,93,10,83,群益金鼎-三民,2024-09-24,9188
00929,復華台灣科技優息,65,1,64,群益金鼎-三民,2024-09-24,9188
00688L,國泰20年美債正2,58,8,50,群益金鼎-三民,2024-09-24,9188
00715L,期街口布蘭特正2,53,5,48,群益金鼎-三民,2024-09-24,9188
00687B,國泰20年美債,260,215,45,群益金鼎-三民,2024-09-24,9188
3005,神基,52,10,42,群益金鼎-三民,2024-09-24,9188
00632R,元大台灣50反1,165,125,40,群益金鼎-三民,2024-09-24,9188
3605,宏致,58,22,36,群益金鼎-三民,2024-09-24,9188
2355,敬鵬,35,0,35,群益金鼎-三民,2024-09-24,9188
4541,晟田,30,0,30,群益金鼎-三民,2024-09-24,9188
4714,永捷,30,0,30,群益金鼎-三民,2024-09-24,9188
00940,元大台灣價值高息,25,0,25,群益金鼎-三民,2024-09-24,9188
00919,群益台灣精選高息,49,26,23,群益金鼎-三民,2024-09-24,9188
8033,雷虎,25,3,22,群益金鼎-三民,2024-09-24,9188
1810,和成,20,0,20,群益金鼎-三民,2024-09-24,9188
3543,州巧,20,0,20,群益金鼎-三民,2024-09-24,9188
4167,松瑞藥,20,0,20,群益金鼎-三民,2024-09-24,9188
6161,捷波,20,0,20,群益金鼎-三民,2024-09-24,9188
8039,台虹,22,2,20,群益金鼎-三民,2024-09-24,9188
2634,漢翔,25,6,19,群益金鼎-三民,2024-09-24,9188
6005,群益證,18,0,18,群益金鼎-三民,2024-09-24,9188
2356,英業達,20,2,18,群益金鼎-三民,2024-09-24,9188
2062,橋椿,30,12,18,群益金鼎-三民,2024-09-24,9188
1584,精剛,27,9,18,群益金鼎-三民,2024-09-24,9188
00795B,中信美國公債20年,17,0,17,群益金鼎-三民,2024-09-24,9188
3492,長盛,17,0,17,群益金鼎-三民,2024-09-24,9188
6532,瑞耘,17,0,17,群益金鼎-三民,2024-09-24,9188
00712,復華富時不動產,16,0,16,群益金鼎-三民,2024-09-24,9188
2497,怡利電,29,13,16,群益金鼎-三民,2024-09-24,9188
1815,富喬,22,6,16,群益金鼎-三民,2024-09-24,9188
6506,雙邦,31,15,16,群益金鼎-三民,2024-09-24,9188
3202,樺晟,15,0,15,群益金鼎-三民,2024-09-24,9188
00931B,統一美債20年,15,0,15,群益金鼎-三民,2024-09-24,9188
2353,宏��,15,0,15,群益金鼎-三民,2024-09-24,9188
4303,信立,14,0,14,群益金鼎-三民,2024-09-24,9188
6530,創威,15,1,14,群益金鼎-三民,2024-09-24,9188
1524,耿鼎,24,11,13,群益金鼎-三民,2024-09-24,9188
3511,矽瑪,16,3,13,群益金鼎-三民,2024-09-24,9188
0056,元大高股息,13,0,13,群益金鼎-三民,2024-09-24,9188
3581,博磊,17,5,12,群益金鼎-三民,2024-09-24,9188
2610,華航,13,1,12,群益金鼎-三民,2024-09-24,9188
2402,毅嘉,12,1,11,群益金鼎-三民,2024-09-24,9188
6658,聯策,12,1,11,群益金鼎-三民,2024-09-24,9188
2347,聯強,41,30,11,群益金鼎-三民,2024-09-24,9188
8112,至上,11,0,11,群益金鼎-三民,2024-09-24,9188
2820,華票,10,0,10,群益金鼎-三民,2024-09-24,9188
00632R,元大台灣50反1,892,158,734,群益金鼎-三民,2024-09-25,9188
00676R,富邦臺灣加權反1,200,0,200,群益金鼎-三民,2024-09-25,9188
0061,元大寶滬深,120,0,120,群益金鼎-三民,2024-09-25,9188
00725B,國泰投資級公司債,110,0,110,群益金鼎-三民,2024-09-25,9188
00720B,元大投資級公司債,110,2,108,群益金鼎-三民,2024-09-25,9188
2399,映泰,112,14,98,群益金鼎-三民,2024-09-25,9188
00948B,中信優息投資級債,84,0,84,群益金鼎-三民,2024-09-25,9188
00937B,群益ESG投等債20,106,45,61,群益金鼎-三民,2024-09-25,9188
00763U,期街口道瓊銅,50,0,50,群益金鼎-三民,2024-09-25,9188
2301,光寶科,100,50,50,群益金鼎-三民,2024-09-25,9188
3706,神達,46,1,45,群益金鼎-三民,2024-09-25,9188
4716,大立,50,8,42,群益金鼎-三民,2024-09-25,9188
2891,中信金,53,15,38,群益金鼎-三民,2024-09-25,9188
2495,普安,49,12,37,群益金鼎-三民,2024-09-25,9188
9904,寶成,36,1,35,群益金鼎-三民,2024-09-25,9188
2014,中鴻,54,22,32,群益金鼎-三民,2024-09-25,9188
2883,凱基金,30,0,30,群益金鼎-三民,2024-09-25,9188
2409,友達,50,21,29,群益金鼎-三民,2024-09-25,9188
6161,捷波,28,0,28,群益金鼎-三民,2024-09-25,9188
2070,精湛,29,2,27,群益金鼎-三民,2024-09-25,9188
2355,敬鵬,27,1,26,群益金鼎-三民,2024-09-25,9188
00918,大華優利高填息30,27,4,23,群益金鼎-三民,2024-09-25,9188
6148,驊宏資,22,0,22,群益金鼎-三民,2024-09-25,9188
2009,第一銅,24,2,22,群益金鼎-三民,2024-09-25,9188
2890,永豐金,21,0,21,群益金鼎-三民,2024-09-25,9188
2204,中華,20,0,20,群益金鼎-三民,2024-09-25,9188
1305,華夏,21,1,20,群益金鼎-三民,2024-09-25,9188
1702,南僑,20,0,20,群益金鼎-三民,2024-09-25,9188
3576,聯合再生,22,2,20,群益金鼎-三民,2024-09-25,9188
5608,四維航,20,1,19,群益金鼎-三民,2024-09-25,9188
00795B,中信美國公債20年,18,0,18,群益金鼎-三民,2024-09-25,9188
1605,華新,22,5,17,群益金鼎-三民,2024-09-25,9188
5272,笙科,23,7,16,群益金鼎-三民,2024-09-25,9188
2436,偉詮電,26,11,15,群益金鼎-三民,2024-09-25,9188
2354,鴻準,14,0,14,群益金鼎-三民,2024-09-25,9188
00919,群益台灣精選高息,35,21,14,群益金鼎-三民,2024-09-25,9188
00934,中信成長高股息,13,0,13,群益金鼎-三民,2024-09-25,9188
1522,堤維西,17,4,13,群益金鼎-三民,2024-09-25,9188
2464,盟立,25,12,13,群益金鼎-三民,2024-09-25,9188
4979,華星光,27,15,12,群益金鼎-三民,2024-09-25,9188
3550,聯穎,65,53,12,群益金鼎-三民,2024-09-25,9188
3047,訊舟,26,14,12,群益金鼎-三民,2024-09-25,9188
3149,正達,12,0,12,群益金鼎-三民,2024-09-25,9188
1524,耿鼎,14,3,11,群益金鼎-三民,2024-09-25,9188
3094,聯傑,15,4,11,群益金鼎-三民,2024-09-25,9188
6152,百一,13,2,11,群益金鼎-三民,2024-09-25,9188
8429,金麗-KY,10,0,10,群益金鼎-三民,2024-09-25,9188
4903,聯光通,35,25,10,群益金鼎-三民,2024-09-25,9188
3037,欣興,13,3,10,群益金鼎-三民,2024-09-25,9188
1808,潤隆,10,0,10,群益金鼎-三民,2024-09-25,9188
00725B,國泰投資級公司債,260,0,260,群益金鼎-三民,2024-09-26,9188
00948B,中信優息投資級債,181,0,181,群益金鼎-三民,2024-09-26,9188
3285,微端,54,0,54,群益金鼎-三民,2024-09-26,9188
2889,國票金,50,1,49,群益金鼎-三民,2024-09-26,9188
00937B,群益ESG投等債20,188,144,44,群益金鼎-三民,2024-09-26,9188
6877,鏵友益,43,2,41,群益金鼎-三民,2024-09-26,9188
00680L,元大美債20正2,51,11,40,群益金鼎-三民,2024-09-26,9188
2408,南亞科,40,2,38,群益金鼎-三民,2024-09-26,9188
00712,復華富時不動產,41,5,36,群益金鼎-三民,2024-09-26,9188
4167,松瑞藥,34,0,34,群益金鼎-三民,2024-09-26,9188
00960,野村全球航運龍頭,42,11,31,群益金鼎-三民,2024-09-26,9188
3019,亞光,40,9,31,群益金鼎-三民,2024-09-26,9188
00715L,期街口布蘭特正2,30,4,26,群益金鼎-三民,2024-09-26,9188
6757,台灣虎航,26,0,26,群益金鼎-三民,2024-09-26,9188
00665L,富邦�琤肭磪囓�2,65,40,25,群益金鼎-三民,2024-09-26,9188
2605,新興,35,11,24,群益金鼎-三民,2024-09-26,9188
3450,聯鈞,37,13,24,群益金鼎-三民,2024-09-26,9188
2402,毅嘉,27,4,23,群益金鼎-三民,2024-09-26,9188
00764B,群益25年美債,22,0,22,群益金鼎-三民,2024-09-26,9188
00688L,國泰20年美債正2,22,0,22,群益金鼎-三民,2024-09-26,9188
3706,神達,22,1,21,群益金鼎-三民,2024-09-26,9188
2888,新光金,56,35,21,群益金鼎-三民,2024-09-26,9188
00632R,元大台灣50反1,684,664,20,群益金鼎-三民,2024-09-26,9188
1608,華榮,56,36,20,群益金鼎-三民,2024-09-26,9188
00878,國泰永續高股息,35,15,20,群益金鼎-三民,2024-09-26,9188
3715,定穎投控,56,36,20,群益金鼎-三民,2024-09-26,9188
4903,聯光通,22,2,20,群益金鼎-三民,2024-09-26,9188
2477,美隆電,29,10,19,群益金鼎-三民,2024-09-26,9188
00795B,中信美國公債20年,17,0,17,群益金鼎-三民,2024-09-26,9188
3605,宏致,29,13,16,群益金鼎-三民,2024-09-26,9188
8429,金麗-KY,16,0,16,群益金鼎-三民,2024-09-26,9188
3035,智原,15,0,15,群益金鼎-三民,2024-09-26,9188
5460,同協,18,3,15,群益金鼎-三民,2024-09-26,9188
8039,台虹,15,1,14,群益金鼎-三民,2024-09-26,9188
8011,台通,14,0,14,群益金鼎-三民,2024-09-26,9188
00637L,元大滬深300正2,177,163,14,群益金鼎-三民,2024-09-26,9188
00918,大華優利高填息30,45,33,12,群益金鼎-三民,2024-09-26,9188
3576,聯合再生,12,0,12,群益金鼎-三民,2024-09-26,9188
00763U,期街口道瓊銅,12,0,12,群益金鼎-三民,2024-09-26,9188
8255,朋程,12,0,12,群益金鼎-三民,2024-09-26,9188
00958B,永豐ESG銀行債15,11,0,11,群益金鼎-三民,2024-09-26,9188
6215,和椿,12,1,11,群益金鼎-三民,2024-09-26,9188
4303,信立,11,0,11,群益金鼎-三民,2024-09-26,9188
6194,育富,14,3,11,群益金鼎-三民,2024-09-26,9188
2324,仁寶,11,0,11,群益金鼎-三民,2024-09-26,9188
6573,虹揚-KY,12,1,11,群益金鼎-三民,2024-09-26,9188
8099,大世科,12,1,11,群益金鼎-三民,2024-09-26,9188
6863,永道-KY,12,1,11,群益金鼎-三民,2024-09-26,9188
6188,廣明,55,45,10,群益金鼎-三民,2024-09-26,9188
00935,野村臺灣新科技50,10,0,10,群益金鼎-三民,2024-09-26,9188
00687B,國泰20年美債,334,140,194,群益金鼎-三民,2024-09-27,9188
00948B,中信優息投資級債,224,100,124,群益金鼎-三民,2024-09-27,9188
00929,復華台灣科技優息,121,18,103,群益金鼎-三民,2024-09-27,9188
2022,聚亨,103,3,100,群益金鼎-三民,2024-09-27,9188
00632R,元大台灣50反1,96,10,86,群益金鼎-三民,2024-09-27,9188
00715L,期街口布蘭特正2,91,21,70,群益金鼎-三民,2024-09-27,9188
1216,統一,54,0,54,群益金鼎-三民,2024-09-27,9188
2888,新光金,60,7,53,群益金鼎-三民,2024-09-27,9188
6877,鏵友益,52,2,50,群益金鼎-三民,2024-09-27,9188
00919,群益台灣精選高息,63,18,45,群益金鼎-三民,2024-09-27,9188
00960,野村全球航運龍頭,53,11,42,群益金鼎-三民,2024-09-27,9188
00638R,元大滬深300反1,40,0,40,群益金鼎-三民,2024-09-27,9188
2025,千興,30,0,30,群益金鼎-三民,2024-09-27,9188
3605,宏致,38,11,27,群益金鼎-三民,2024-09-27,9188
2312,金寶,35,8,27,群益金鼎-三民,2024-09-27,9188
3581,博磊,29,3,26,群益金鼎-三民,2024-09-27,9188
2014,中鴻,53,27,26,群益金鼎-三民,2024-09-27,9188
3289,宜特,25,0,25,群益金鼎-三民,2024-09-27,9188
00957B,兆豐US優選投等債,50,25,25,群益金鼎-三民,2024-09-27,9188
4979,華星光,53,29,24,群益金鼎-三民,2024-09-27,9188
00927,群益半導體收益,23,1,22,群益金鼎-三民,2024-09-27,9188
6161,捷波,22,0,22,群益金鼎-三民,2024-09-27,9188
00935,野村臺灣新科技50,23,2,21,群益金鼎-三民,2024-09-27,9188
4952,凌通,25,4,21,群益金鼎-三民,2024-09-27,9188
00953B,群益優選非投等債,20,0,20,群益金鼎-三民,2024-09-27,9188
0056,元大高股息,23,3,20,群益金鼎-三民,2024-09-27,9188
00688L,國泰20年美債正2,20,0,20,群益金鼎-三民,2024-09-27,9188
2609,陽明,53,34,19,群益金鼎-三民,2024-09-27,9188
5880,合庫金,20,2,18,群益金鼎-三民,2024-09-27,9188
3019,亞光,36,18,18,群益金鼎-三民,2024-09-27,9188
2408,南亞科,22,4,18,群益金鼎-三民,2024-09-27,9188
8070,長華*,31,13,18,群益金鼎-三民,2024-09-27,9188
3035,智原,32,14,18,群益金鼎-三民,2024-09-27,9188
2388,威盛,17,1,16,群益金鼎-三民,2024-09-27,9188
00931B,統一美債20年,16,0,16,群益金鼎-三民,2024-09-27,9188
8110,華東,15,0,15,群益金鼎-三民,2024-09-27,9188
5371,中光電,14,0,14,群益金鼎-三民,2024-09-27,9188
00665L,富邦�琤肭磪囓�2,90,76,14,群益金鼎-三民,2024-09-27,9188
9927,泰銘,14,0,14,群益金鼎-三民,2024-09-27,9188
00679B,元大美債20年,79,65,14,群益金鼎-三民,2024-09-27,9188
3711,日月光投控,215,202,13,群益金鼎-三民,2024-09-27,9188
4909,新復興,27,15,12,群益金鼎-三民,2024-09-27,9188
6151,晉倫,12,0,12,群益金鼎-三民,2024-09-27,9188
3013,晟銘電,37,25,12,群益金鼎-三民,2024-09-27,9188
2363,矽統,60,48,12,群益金鼎-三民,2024-09-27,9188
00915,凱基優選高股息30,21,10,11,群益金鼎-三民,2024-09-27,9188
00945B,凱基美國非投等債,11,0,11,群益金鼎-三民,2024-09-27,9188
4174,浩鼎,11,0,11,群益金鼎-三民,2024-09-27,9188
1609,大亞,30,19,11,群益金鼎-三民,2024-09-27,9188
6285,啟��,13,2,11,群益金鼎-三民,2024-09-27,9188
00671R,富邦NASDAQ反1,406,0,406,群益金鼎-三民,2024-09-30,9188
2888,新光金,201,7,194,群益金鼎-三民,2024-09-30,9188
00929,復華台灣科技優息,208,62,146,群益金鼎-三民,2024-09-30,9188
2605,新興,148,45,103,群益金鼎-三民,2024-09-30,9188
2889,國票金,101,0,101,群益金鼎-三民,2024-09-30,9188
00887,永豐中國科技50大,92,5,87,群益金鼎-三民,2024-09-30,9188
00919,群益台灣精選高息,195,114,81,群益金鼎-三民,2024-09-30,9188
00927,群益半導體收益,74,0,74,群益金鼎-三民,2024-09-30,9188
00753L,中信中國50正2,135,65,70,群益金鼎-三民,2024-09-30,9188
00637L,元大滬深300正2,264,197,67,群益金鼎-三民,2024-09-30,9188
1305,華夏,386,321,65,群益金鼎-三民,2024-09-30,9188
00948B,中信優息投資級債,63,0,63,群益金鼎-三民,2024-09-30,9188
00725B,國泰投資級公司債,61,1,60,群益金鼎-三民,2024-09-30,9188
00720B,元大投資級公司債,53,0,53,群益金鼎-三民,2024-09-30,9188
6285,啟��,52,1,51,群益金鼎-三民,2024-09-30,9188
2601,益航,73,23,50,群益金鼎-三民,2024-09-30,9188
00687B,國泰20年美債,150,101,49,群益金鼎-三民,2024-09-30,9188
00688L,國泰20年美債正2,45,5,40,群益金鼎-三民,2024-09-30,9188
00706L,期元大S＆P日圓正2,40,0,40,群益金鼎-三民,2024-09-30,9188
00878,國泰永續高股息,102,64,38,群益金鼎-三民,2024-09-30,9188
1464,得力,36,0,36,群益金鼎-三民,2024-09-30,9188
00650L,復華香港正2,42,8,34,群益金鼎-三民,2024-09-30,9188
00772B,中信高評級公司債,40,7,33,群益金鼎-三民,2024-09-30,9188
00937B,群益ESG投等債20,183,154,29,群益金鼎-三民,2024-09-30,9188
00679B,元大美債20年,96,68,28,群益金鼎-三民,2024-09-30,9188
1784,訊聯,27,0,27,群益金鼎-三民,2024-09-30,9188
2007,燁興,25,1,24,群益金鼎-三民,2024-09-30,9188
2609,陽明,61,40,21,群益金鼎-三民,2024-09-30,9188
2330,台積電,24,3,21,群益金鼎-三民,2024-09-30,9188
00960,野村全球航運龍頭,20,0,20,群益金鼎-三民,2024-09-30,9188
1309,台達化,96,77,19,群益金鼎-三民,2024-09-30,9188
6757,台灣虎航,18,0,18,群益金鼎-三民,2024-09-30,9188
2363,矽統,48,30,18,群益金鼎-三民,2024-09-30,9188
00940,元大台灣價值高息,30,13,17,群益金鼎-三民,2024-09-30,9188
1708,東鹼,21,4,17,群益金鼎-三民,2024-09-30,9188
00881,國泰台灣5G+,16,0,16,群益金鼎-三民,2024-09-30,9188
8039,台虹,16,0,16,群益金鼎-三民,2024-09-30,9188
2023,燁輝,16,0,16,群益金鼎-三民,2024-09-30,9188
6598,ABC-KY,15,0,15,群益金鼎-三民,2024-09-30,9188
3494,誠研,15,0,15,群益金鼎-三民,2024-09-30,9188
1605,華新,33,19,14,群益金鼎-三民,2024-09-30,9188
2009,第一銅,22,8,14,群益金鼎-三民,2024-09-30,9188
2353,宏��,16,3,13,群益金鼎-三民,2024-09-30,9188
2382,廣達,15,2,13,群益金鼎-三民,2024-09-30,9188
6239,力成,15,2,13,群益金鼎-三民,2024-09-30,9188
2537,聯上發,13,0,13,群益金鼎-三民,2024-09-30,9188
2356,英業達,17,4,13,群益金鼎-三民,2024-09-30,9188
00923,群益台ESG低碳50,13,0,13,群益金鼎-三民,2024-09-30,9188
2637,慧洋-KY,64,52,12,群益金鼎-三民,2024-09-30,9188
3037,欣興,14,2,12,群益金鼎-三民,2024-09-30,9188
2888,新光金,182,4,178,群益金鼎-三民,2024-10-01,9188
2834,臺企銀,166,0,166,群益金鼎-三民,2024-10-01,9188
00929,復華台灣科技優息,141,45,96,群益金鼎-三民,2024-10-01,9188
8112,至上,79,0,79,群益金鼎-三民,2024-10-01,9188
0056,元大高股息,78,0,78,群益金鼎-三民,2024-10-01,9188
00933B,國泰10Y+金融債,84,18,66,群益金鼎-三民,2024-10-01,9188
00632R,元大台灣50反1,180,114,66,群益金鼎-三民,2024-10-01,9188
00940,元大台灣價值高息,64,10,54,群益金鼎-三民,2024-10-01,9188
2528,皇普,50,0,50,群益金鼎-三民,2024-10-01,9188
3576,聯合再生,65,16,49,群益金鼎-三民,2024-10-01,9188
00919,群益台灣精選高息,46,0,46,群益金鼎-三民,2024-10-01,9188
00946,群益科技高息成長,44,0,44,群益金鼎-三民,2024-10-01,9188
00948B,中信優息投資級債,44,0,44,群益金鼎-三民,2024-10-01,9188
6285,啟��,42,1,41,群益金鼎-三民,2024-10-01,9188
00688L,國泰20年美債正2,50,10,40,群益金鼎-三民,2024-10-01,9188
6770,力積電,43,4,39,群益金鼎-三民,2024-10-01,9188
00927,群益半導體收益,35,0,35,群益金鼎-三民,2024-10-01,9188
00650L,復華香港正2,44,12,32,群益金鼎-三民,2024-10-01,9188
4714,永捷,34,3,31,群益金鼎-三民,2024-10-01,9188
2838,聯邦銀,30,0,30,群益金鼎-三民,2024-10-01,9188
00637L,元大滬深300正2,58,29,29,群益金鼎-三民,2024-10-01,9188
5907,大洋-KY,30,3,27,群益金鼎-三民,2024-10-01,9188
2880,華南金,27,1,26,群益金鼎-三民,2024-10-01,9188
00753L,中信中國50正2,28,6,22,群益金鼎-三民,2024-10-01,9188
00665L,富邦�琤肭磪囓�2,26,4,22,群益金鼎-三民,2024-10-01,9188
00915,凱基優選高股息30,106,85,21,群益金鼎-三民,2024-10-01,9188
1305,華夏,20,0,20,群益金鼎-三民,2024-10-01,9188
2618,長榮航,32,12,20,群益金鼎-三民,2024-10-01,9188
6239,力成,24,6,18,群益金鼎-三民,2024-10-01,9188
2406,國碩,22,7,15,群益金鼎-三民,2024-10-01,9188
1595,川寶,16,1,15,群益金鼎-三民,2024-10-01,9188
3090,日電貿,15,0,15,群益金鼎-三民,2024-10-01,9188
2504,國產,15,0,15,群益金鼎-三民,2024-10-01,9188
00687B,國泰20年美債,79,65,14,群益金鼎-三民,2024-10-01,9188
00752,中信中國50,14,0,14,群益金鼎-三民,2024-10-01,9188
3593,力銘,14,0,14,群益金鼎-三民,2024-10-01,9188
2867,三商壽,13,0,13,群益金鼎-三民,2024-10-01,9188
5880,合庫金,12,0,12,群益金鼎-三民,2024-10-01,9188
2399,映泰,98,86,12,群益金鼎-三民,2024-10-01,9188
8085,福華,12,0,12,群益金鼎-三民,2024-10-01,9188
00922,國泰台灣領袖50,12,0,12,群益金鼎-三民,2024-10-01,9188
2455,全新,18,7,11,群益金鼎-三民,2024-10-01,9188
5483,中美晶,11,0,11,群益金鼎-三民,2024-10-01,9188
1708,東鹼,15,4,11,群益金鼎-三民,2024-10-01,9188
00878,國泰永續高股息,79,68,11,群益金鼎-三民,2024-10-01,9188
8299,群聯,10,0,10,群益金鼎-三民,2024-10-01,9188
2002,中鋼,19,9,10,群益金鼎-三民,2024-10-01,9188
6161,捷波,10,0,10,群益金鼎-三民,2024-10-01,9188
2820,華票,10,0,10,群益金鼎-三民,2024-10-01,9188
2208,台船,10,0,10,群益金鼎-三民,2024-10-01,9188
00919,群益台灣精選高息,228,0,228,群益金鼎-三民,2024-10-04,9188
00639,富邦深100,240,46,194,群益金鼎-三民,2024-10-04,9188
00632R,元大台灣50反1,143,35,108,群益金鼎-三民,2024-10-04,9188
2014,中鴻,116,8,108,群益金鼎-三民,2024-10-04,9188
2889,國票金,602,503,99,群益金鼎-三民,2024-10-04,9188
00940,元大台灣價值高息,98,5,93,群益金鼎-三民,2024-10-04,9188
00937B,群益ESG投等債20,93,5,88,群益金鼎-三民,2024-10-04,9188
00948B,中信優息投資級債,84,0,84,群益金鼎-三民,2024-10-04,9188
1802,台玻,92,16,76,群益金鼎-三民,2024-10-04,9188
00939,統一台灣高息動能,68,0,68,群益金鼎-三民,2024-10-04,9188
00918,大華優利高填息30,76,15,61,群益金鼎-三民,2024-10-04,9188
1609,大亞,66,6,60,群益金鼎-三民,2024-10-04,9188
0056,元大高股息,60,2,58,群益金鼎-三民,2024-10-04,9188
00885,富邦越南,46,0,46,群益金鼎-三民,2024-10-04,9188
2610,華航,46,0,46,群益金鼎-三民,2024-10-04,9188
5014,建錩,52,6,46,群益金鼎-三民,2024-10-04,9188
2890,永豐金,43,0,43,群益金鼎-三民,2024-10-04,9188
2888,新光金,40,1,39,群益金鼎-三民,2024-10-04,9188
00960,野村全球航運龍頭,38,1,37,群益金鼎-三民,2024-10-04,9188
2605,新興,38,2,36,群益金鼎-三民,2024-10-04,9188
2023,燁輝,50,15,35,群益金鼎-三民,2024-10-04,9188
4904,遠傳,31,0,31,群益金鼎-三民,2024-10-04,9188
5880,合庫金,40,10,30,群益金鼎-三民,2024-10-04,9188
2353,宏��,30,0,30,群益金鼎-三民,2024-10-04,9188
2838,聯邦銀,30,0,30,群益金鼎-三民,2024-10-04,9188
00643,群益深証中小,30,0,30,群益金鼎-三民,2024-10-04,9188
2002,中鋼,90,61,29,群益金鼎-三民,2024-10-04,9188
2609,陽明,46,19,27,群益金鼎-三民,2024-10-04,9188
2449,京元電子,24,1,23,群益金鼎-三民,2024-10-04,9188
00688L,國泰20年美債正2,27,6,21,群益金鼎-三民,2024-10-04,9188
00878,國泰永續高股息,161,140,21,群益金鼎-三民,2024-10-04,9188
2618,長榮航,65,45,20,群益金鼎-三民,2024-10-04,9188
1584,精剛,24,4,20,群益金鼎-三民,2024-10-04,9188
2867,三商壽,20,0,20,群益金鼎-三民,2024-10-04,9188
5398,慕康生醫,20,0,20,群益金鼎-三民,2024-10-04,9188
2603,長榮,27,8,19,群益金鼎-三民,2024-10-04,9188
00638R,元大滬深300反1,20,1,19,群益金鼎-三民,2024-10-04,9188
2303,聯電,19,0,19,群益金鼎-三民,2024-10-04,9188
00927,群益半導體收益,19,0,19,群益金鼎-三民,2024-10-04,9188
2884,玉山金,119,101,18,群益金鼎-三民,2024-10-04,9188
2367,燿華,18,0,18,群益金鼎-三民,2024-10-04,9188
3665,貿聯-KY,21,4,17,群益金鼎-三民,2024-10-04,9188
00687B,國泰20年美債,123,106,17,群益金鼎-三民,2024-10-04,9188
1308,亞聚,16,0,16,群益金鼎-三民,2024-10-04,9188
1464,得力,15,0,15,群益金鼎-三民,2024-10-04,9188
2477,美隆電,30,15,15,群益金鼎-三民,2024-10-04,9188
00951,台新日本半導體,52,37,15,群益金鼎-三民,2024-10-04,9188
2527,宏璟,15,0,15,群益金鼎-三民,2024-10-04,9188
00712,復華富時不動產,15,0,15,群益金鼎-三民,2024-10-04,9188
5443,均豪,16,2,14,群益金鼎-三民,2024-10-04,9188
00715L,期街口布蘭特正2,233,16,217,群益金鼎-三民,2024-10-07,9188
00948B,中信優息投資級債,206,20,186,群益金鼎-三民,2024-10-07,9188
00882,中信中國高股息,254,69,185,群益金鼎-三民,2024-10-07,9188
00680L,元大美債20正2,142,15,127,群益金鼎-三民,2024-10-07,9188
2888,新光金,122,15,107,群益金鼎-三民,2024-10-07,9188
00919,群益台灣精選高息,95,8,87,群益金鼎-三民,2024-10-07,9188
00637L,元大滬深300正2,113,58,55,群益金鼎-三民,2024-10-07,9188
00638R,元大滬深300反1,51,0,51,群益金鼎-三民,2024-10-07,9188
8112,至上,50,0,50,群益金鼎-三民,2024-10-07,9188
00687B,國泰20年美債,148,102,46,群益金鼎-三民,2024-10-07,9188
2353,宏��,46,5,41,群益金鼎-三民,2024-10-07,9188
00937B,群益ESG投等債20,83,46,37,群益金鼎-三民,2024-10-07,9188
2371,大同,36,0,36,群益金鼎-三民,2024-10-07,9188
3260,威剛,32,0,32,群益金鼎-三民,2024-10-07,9188
00830,國泰費城半導體,33,1,32,群益金鼎-三民,2024-10-07,9188
3591,艾笛森,27,2,25,群益金鼎-三民,2024-10-07,9188
00935,野村臺灣新科技50,32,8,24,群益金鼎-三民,2024-10-07,9188
00679B,元大美債20年,123,99,24,群益金鼎-三民,2024-10-07,9188
006206,元大上證50,23,0,23,群益金鼎-三民,2024-10-07,9188
00922,國泰台灣領袖50,22,0,22,群益金鼎-三民,2024-10-07,9188
0056,元大高股息,23,2,21,群益金鼎-三民,2024-10-07,9188
2022,聚亨,23,2,21,群益金鼎-三民,2024-10-07,9188
3049,精金,85,64,21,群益金鼎-三民,2024-10-07,9188
5438,東友,22,1,21,群益金鼎-三民,2024-10-07,9188
2388,威盛,28,7,21,群益金鼎-三民,2024-10-07,9188
2838,聯邦銀,30,10,20,群益金鼎-三民,2024-10-07,9188
2313,華通,19,0,19,群益金鼎-三民,2024-10-07,9188
1584,精剛,20,1,19,群益金鼎-三民,2024-10-07,9188
6152,百一,20,2,18,群益金鼎-三民,2024-10-07,9188
6246,臺龍,27,9,18,群益金鼎-三民,2024-10-07,9188
2356,英業達,24,7,17,群益金鼎-三民,2024-10-07,9188
00752,中信中國50,28,11,17,群益金鼎-三民,2024-10-07,9188
3290,東浦,16,0,16,群益金鼎-三民,2024-10-07,9188
00757,統一FANG+,18,2,16,群益金鼎-三民,2024-10-07,9188
2637,慧洋-KY,20,5,15,群益金鼎-三民,2024-10-07,9188
6194,育富,15,0,15,群益金鼎-三民,2024-10-07,9188
2317,鴻海,31,16,15,群益金鼎-三民,2024-10-07,9188
2426,鼎元,17,3,14,群益金鼎-三民,2024-10-07,9188
5443,均豪,21,8,13,群益金鼎-三民,2024-10-07,9188
2884,玉山金,13,1,12,群益金鼎-三民,2024-10-07,9188
1727,中華化,12,1,11,群益金鼎-三民,2024-10-07,9188
4105,東洋,11,0,11,群益金鼎-三民,2024-10-07,9188
3663,鑫科,12,1,11,群益金鼎-三民,2024-10-07,9188
8249,菱光,15,4,11,群益金鼎-三民,2024-10-07,9188
00633L,富邦上証正2,13,2,11,群益金鼎-三民,2024-10-07,9188
2455,全新,13,3,10,群益金鼎-三民,2024-10-07,9188
00957B,兆豐US優選投等債,10,0,10,群益金鼎-三民,2024-10-07,9188
8032,光菱,10,0,10,群益金鼎-三民,2024-10-07,9188
2537,聯上發,10,0,10,群益金鼎-三民,2024-10-07,9188
2312,金寶,10,0,10,群益金鼎-三民,2024-10-07,9188
00948B,中信優息投資級債,603,0,603,群益金鼎-三民,2024-10-08,9188
00637L,元大滬深300正2,357,165,192,群益金鼎-三民,2024-10-08,9188
00940,元大台灣價值高息,138,27,111,群益金鼎-三民,2024-10-08,9188
1710,東聯,100,0,100,群益金鼎-三民,2024-10-08,9188
5880,合庫金,91,0,91,群益金鼎-三民,2024-10-08,9188
00680L,元大美債20正2,77,4,73,群益金鼎-三民,2024-10-08,9188
00937B,群益ESG投等債20,128,60,68,群益金鼎-三民,2024-10-08,9188
00919,群益台灣精選高息,96,29,67,群益金鼎-三民,2024-10-08,9188
2838,聯邦銀,60,0,60,群益金鼎-三民,2024-10-08,9188
2425,承啟,61,7,54,群益金鼎-三民,2024-10-08,9188
00878,國泰永續高股息,159,106,53,群益金鼎-三民,2024-10-08,9188
00634R,富邦上証反1,50,0,50,群益金鼎-三民,2024-10-08,9188
1718,中纖,50,0,50,群益金鼎-三民,2024-10-08,9188
2444,兆勁,50,0,50,群益金鼎-三民,2024-10-08,9188
00957B,兆豐US優選投等債,50,0,50,群益金鼎-三民,2024-10-08,9188
0056,元大高股息,48,1,47,群益金鼎-三民,2024-10-08,9188
00687B,國泰20年美債,166,120,46,群益金鼎-三民,2024-10-08,9188
00725B,國泰投資級公司債,41,0,41,群益金鼎-三民,2024-10-08,9188
2887,台新金,40,0,40,群益金鼎-三民,2024-10-08,9188
3481,群創,39,1,38,群益金鼎-三民,2024-10-08,9188
1314,中石化,53,22,31,群益金鼎-三民,2024-10-08,9188
00922,國泰台灣領袖50,31,0,31,群益金鼎-三民,2024-10-08,9188
00688L,國泰20年美債正2,33,4,29,群益金鼎-三民,2024-10-08,9188
4956,光鋐,50,22,28,群益金鼎-三民,2024-10-08,9188
2888,新光金,39,11,28,群益金鼎-三民,2024-10-08,9188
00679B,元大美債20年,117,89,28,群益金鼎-三民,2024-10-08,9188
5230,雷笛克光學,28,1,27,群益金鼎-三民,2024-10-08,9188
00650L,復華香港正2,86,60,26,群益金鼎-三民,2024-10-08,9188
00946,群益科技高息成長,25,0,25,群益金鼎-三民,2024-10-08,9188
00712,復華富時不動產,23,0,23,群益金鼎-三民,2024-10-08,9188
2324,仁寶,23,0,23,群益金鼎-三民,2024-10-08,9188
1815,富喬,25,2,23,群益金鼎-三民,2024-10-08,9188
8070,長華*,24,3,21,群益金鼎-三民,2024-10-08,9188
00665L,富邦�琤肭磪囓�2,90,70,20,群益金鼎-三民,2024-10-08,9188
6116,彩晶,20,0,20,群益金鼎-三民,2024-10-08,9188
2527,宏璟,20,0,20,群益金鼎-三民,2024-10-08,9188
2601,益航,82,62,20,群益金鼎-三民,2024-10-08,9188
00918,大華優利高填息30,33,15,18,群益金鼎-三民,2024-10-08,9188
2812,台中銀,18,0,18,群益金鼎-三民,2024-10-08,9188
00639,富邦深100,75,57,18,群益金鼎-三民,2024-10-08,9188
2412,中華電,17,0,17,群益金鼎-三民,2024-10-08,9188
00885,富邦越南,17,0,17,群益金鼎-三民,2024-10-08,9188
6877,鏵友益,23,6,17,群益金鼎-三民,2024-10-08,9188
00713,元大台灣高息低波,174,157,17,群益金鼎-三民,2024-10-08,9188
2101,南港,18,2,16,群益金鼎-三民,2024-10-08,9188
00907,永豐優息存股,15,0,15,群益金鼎-三民,2024-10-08,9188
8039,台虹,18,3,15,群益金鼎-三民,2024-10-08,9188
00934,中信成長高股息,15,1,14,群益金鼎-三民,2024-10-08,9188
00936,台新永續高息中小,14,0,14,群益金鼎-三民,2024-10-08,9188
6606,建德工業,14,0,14,群益金鼎-三民,2024-10-08,9188
00637L,元大滬深300正2,319,58,261,群益金鼎-三民,2024-10-09,9188
2889,國票金,303,62,241,群益金鼎-三民,2024-10-09,9188
00665L,富邦�琤肭磪囓�2,180,0,180,群益金鼎-三民,2024-10-09,9188
0056,元大高股息,130,6,124,群益金鼎-三民,2024-10-09,9188
00948B,中信優息投資級債,111,0,111,群益金鼎-三民,2024-10-09,9188
00687B,國泰20年美債,203,103,100,群益金鼎-三民,2024-10-09,9188
2399,映泰,186,105,81,群益金鼎-三民,2024-10-09,9188
00680L,元大美債20正2,80,4,76,群益金鼎-三民,2024-10-09,9188
00937B,群益ESG投等債20,73,0,73,群益金鼎-三民,2024-10-09,9188
1314,中石化,82,15,67,群益金鼎-三民,2024-10-09,9188
2303,聯電,64,0,64,群益金鼎-三民,2024-10-09,9188
00882,中信中國高股息,100,36,64,群益金鼎-三民,2024-10-09,9188
2506,太設,60,0,60,群益金鼎-三民,2024-10-09,9188
00633L,富邦上証正2,49,1,48,群益金鼎-三民,2024-10-09,9188
1710,東聯,52,6,46,群益金鼎-三民,2024-10-09,9188
5880,合庫金,44,0,44,群益金鼎-三民,2024-10-09,9188
00919,群益台灣精選高息,44,0,44,群益金鼎-三民,2024-10-09,9188
00753L,中信中國50正2,43,0,43,群益金鼎-三民,2024-10-09,9188
2371,大同,39,0,39,群益金鼎-三民,2024-10-09,9188
3706,神達,46,7,39,群益金鼎-三民,2024-10-09,9188
2363,矽統,91,55,36,群益金鼎-三民,2024-10-09,9188
3576,聯合再生,35,0,35,群益金鼎-三民,2024-10-09,9188
1110,東泥,37,2,35,群益金鼎-三民,2024-10-09,9188
6239,力成,290,256,34,群益金鼎-三民,2024-10-09,9188
3481,群創,33,0,33,群益金鼎-三民,2024-10-09,9188
00952,凱基台灣AI50,33,0,33,群益金鼎-三民,2024-10-09,9188
00632R,元大台灣50反1,63,30,33,群益金鼎-三民,2024-10-09,9188
00706L,期元大S＆P日圓正2,30,0,30,群益金鼎-三民,2024-10-09,9188
2002,中鋼,29,0,29,群益金鼎-三民,2024-10-09,9188
8033,雷虎,28,0,28,群益金鼎-三民,2024-10-09,9188
3591,艾笛森,28,2,26,群益金鼎-三民,2024-10-09,9188
00688L,國泰20年美債正2,26,0,26,群益金鼎-三民,2024-10-09,9188
00636,國泰中國A50,26,0,26,群益金鼎-三民,2024-10-09,9188
00650L,復華香港正2,32,10,22,群益金鼎-三民,2024-10-09,9188
2845,遠東銀,20,0,20,群益金鼎-三民,2024-10-09,9188
6505,台塑化,20,0,20,群益金鼎-三民,2024-10-09,9188
8039,台虹,20,1,19,群益金鼎-三民,2024-10-09,9188
6405,悅城,21,2,19,群益金鼎-三民,2024-10-09,9188
1595,川寶,19,1,18,群益金鼎-三民,2024-10-09,9188
3048,益登,25,8,17,群益金鼎-三民,2024-10-09,9188
6207,雷科,47,32,15,群益金鼎-三民,2024-10-09,9188
4760,勤凱,25,10,15,群益金鼎-三民,2024-10-09,9188
5443,均豪,22,8,14,群益金鼎-三民,2024-10-09,9188
1802,台玻,15,1,14,群益金鼎-三民,2024-10-09,9188
00922,國泰台灣領袖50,15,1,14,群益金鼎-三民,2024-10-09,9188
2337,旺宏,33,20,13,群益金鼎-三民,2024-10-09,9188
00713,元大台灣高息低波,112,100,12,群益金鼎-三民,2024-10-09,9188
8028,昇陽半導體,34,22,12,群益金鼎-三民,2024-10-09,9188
2537,聯上發,12,0,12,群益金鼎-三民,2024-10-09,9188
00935,野村臺灣新科技50,19,7,12,群益金鼎-三民,2024-10-09,9188
2883,凱基金,611,68,543,群益金鼎-三民,2024-10-11,9188
00712,復華富時不動產,203,0,203,群益金鼎-三民,2024-10-11,9188
00665L,富邦�琤肭磪囓�2,121,4,117,群益金鼎-三民,2024-10-11,9188
2388,威盛,87,12,75,群益金鼎-三民,2024-10-11,9188
00680L,元大美債20正2,103,34,69,群益金鼎-三民,2024-10-11,9188
00937B,群益ESG投等債20,68,17,51,群益金鼎-三民,2024-10-11,9188
0056,元大高股息,61,12,49,群益金鼎-三民,2024-10-11,9188
3591,艾笛森,61,14,47,群益金鼎-三民,2024-10-11,9188
00687B,國泰20年美債,154,111,43,群益金鼎-三民,2024-10-11,9188
00637L,元大滬深300正2,318,279,39,群益金鼎-三民,2024-10-11,9188
2303,聯電,38,0,38,群益金鼎-三民,2024-10-11,9188
00725B,國泰投資級公司債,37,0,37,群益金鼎-三民,2024-10-11,9188
2420,新巨,38,1,37,群益金鼎-三民,2024-10-11,9188
2887,台新金,40,4,36,群益金鼎-三民,2024-10-11,9188
3014,聯陽,35,1,34,群益金鼎-三民,2024-10-11,9188
00673R,期元大S＆P原油反1,30,0,30,群益金鼎-三民,2024-10-11,9188
1314,中石化,37,8,29,群益金鼎-三民,2024-10-11,9188
3049,精金,83,54,29,群益金鼎-三民,2024-10-11,9188
00715L,期街口布蘭特正2,36,8,28,群益金鼎-三民,2024-10-11,9188
00922,國泰台灣領袖50,27,0,27,群益金鼎-三民,2024-10-11,9188
6237,驊訊,28,2,26,群益金鼎-三民,2024-10-11,9188
3060,銘異,28,2,26,群益金鼎-三民,2024-10-11,9188
00679B,元大美債20年,92,67,25,群益金鼎-三民,2024-10-11,9188
0061,元大寶滬深,35,10,25,群益金鼎-三民,2024-10-11,9188
00948B,中信優息投資級債,24,0,24,群益金鼎-三民,2024-10-11,9188
00632R,元大台灣50反1,130,106,24,群益金鼎-三民,2024-10-11,9188
00636,國泰中國A50,22,0,22,群益金鼎-三民,2024-10-11,9188
5347,世界,27,5,22,群益金鼎-三民,2024-10-11,9188
2344,華邦電,21,0,21,群益金鼎-三民,2024-10-11,9188
2444,兆勁,20,0,20,群益金鼎-三民,2024-10-11,9188
6241,易通展,20,0,20,群益金鼎-三民,2024-10-11,9188
5880,合庫金,20,1,19,群益金鼎-三民,2024-10-11,9188
00923,群益台ESG低碳50,20,1,19,群益金鼎-三民,2024-10-11,9188
00935,野村臺灣新科技50,22,3,19,群益金鼎-三民,2024-10-11,9188
4903,聯光通,43,26,17,群益金鼎-三民,2024-10-11,9188
1326,台化,16,0,16,群益金鼎-三民,2024-10-11,9188
2890,永豐金,16,0,16,群益金鼎-三民,2024-10-11,9188
2801,彰銀,16,0,16,群益金鼎-三民,2024-10-11,9188
00688L,國泰20年美債正2,17,1,16,群益金鼎-三民,2024-10-11,9188
00931B,統一美債20年,16,0,16,群益金鼎-三民,2024-10-11,9188
3149,正達,80,65,15,群益金鼎-三民,2024-10-11,9188
6405,悅城,19,4,15,群益金鼎-三民,2024-10-11,9188
6134,萬旭,16,2,14,群益金鼎-三民,2024-10-11,9188
00946,群益科技高息成長,14,0,14,群益金鼎-三民,2024-10-11,9188
2834,臺企銀,12,0,12,群益金鼎-三民,2024-10-11,9188
6425,易發,22,10,12,群益金鼎-三民,2024-10-11,9188
3669,圓展,12,0,12,群益金鼎-三民,2024-10-11,9188
00919,群益台灣精選高息,15,3,12,群益金鼎-三民,2024-10-11,9188
2365,昆盈,16,4,12,群益金鼎-三民,2024-10-11,9188
00655L,國泰中國A50正2,12,0,12,群益金鼎-三民,2024-10-11,9188
00937B,群益ESG投等債20,239,10,229,群益金鼎-三民,2024-10-14,9188
00639,富邦深100,210,1,209,群益金鼎-三民,2024-10-14,9188
912000,晨訊科-DR,100,0,100,群益金鼎-三民,2024-10-14,9188
2891,中信金,135,40,95,群益金鼎-三民,2024-10-14,9188
00882,中信中國高股息,113,24,89,群益金鼎-三民,2024-10-14,9188
00948B,中信優息投資級債,80,0,80,群益金鼎-三民,2024-10-14,9188
00919,群益台灣精選高息,76,1,75,群益金鼎-三民,2024-10-14,9188
00687B,國泰20年美債,161,89,72,群益金鼎-三民,2024-10-14,9188
2425,承啟,61,0,61,群益金鼎-三民,2024-10-14,9188
2601,益航,60,1,59,群益金鼎-三民,2024-10-14,9188
00887,永豐中國科技50大,62,5,57,群益金鼎-三民,2024-10-14,9188
00952,凱基台灣AI50,55,0,55,群益金鼎-三民,2024-10-14,9188
00638R,元大滬深300反1,40,0,40,群益金鼎-三民,2024-10-14,9188
00878,國泰永續高股息,79,40,39,群益金鼎-三民,2024-10-14,9188
2324,仁寶,38,0,38,群益金鼎-三民,2024-10-14,9188
00650L,復華香港正2,40,3,37,群益金鼎-三民,2024-10-14,9188
00680L,元大美債20正2,40,4,36,群益金鼎-三民,2024-10-14,9188
6405,悅城,32,1,31,群益金鼎-三民,2024-10-14,9188
2887,台新金,30,0,30,群益金鼎-三民,2024-10-14,9188
00959B,大華投等美債15Y+,25,0,25,群益金鼎-三民,2024-10-14,9188
5452,佶優,38,13,25,群益金鼎-三民,2024-10-14,9188
2486,一詮,31,6,25,群益金鼎-三民,2024-10-14,9188
2344,華邦電,26,2,24,群益金鼎-三民,2024-10-14,9188
00725B,國泰投資級公司債,21,0,21,群益金鼎-三民,2024-10-14,9188
6125,廣運,20,0,20,群益金鼎-三民,2024-10-14,9188
00706L,期元大S＆P日圓正2,20,0,20,群益金鼎-三民,2024-10-14,9188
0056,元大高股息,26,7,19,群益金鼎-三民,2024-10-14,9188
00943,兆豐電子高息等權,18,0,18,群益金鼎-三民,2024-10-14,9188
2609,陽明,19,2,17,群益金鼎-三民,2024-10-14,9188
8039,台虹,18,1,17,群益金鼎-三民,2024-10-14,9188
00922,國泰台灣領袖50,20,3,17,群益金鼎-三民,2024-10-14,9188
8011,台通,25,9,16,群益金鼎-三民,2024-10-14,9188
00753L,中信中國50正2,17,2,15,群益金鼎-三民,2024-10-14,9188
00712,復華富時不動產,14,0,14,群益金鼎-三民,2024-10-14,9188
2312,金寶,108,94,14,群益金鼎-三民,2024-10-14,9188
6546,正基,16,2,14,群益金鼎-三民,2024-10-14,9188
00751B,元大AAA至A公司債,14,0,14,群益金鼎-三民,2024-10-14,9188
2337,旺宏,31,17,14,群益金鼎-三民,2024-10-14,9188
2421,建準,18,5,13,群益金鼎-三民,2024-10-14,9188
3032,偉訓,13,0,13,群益金鼎-三民,2024-10-14,9188
6278,台表科,13,0,13,群益金鼎-三民,2024-10-14,9188
5236,凌陽創新,15,2,13,群益金鼎-三民,2024-10-14,9188
8081,致新,13,0,13,群益金鼎-三民,2024-10-14,9188
4114,健喬,14,1,13,群益金鼎-三民,2024-10-14,9188
1522,堤維西,12,0,12,群益金鼎-三民,2024-10-14,9188
5880,合庫金,12,1,11,群益金鼎-三民,2024-10-14,9188
00752,中信中國50,11,0,11,群益金鼎-三民,2024-10-14,9188
2243,宏旭-KY,21,10,11,群益金鼎-三民,2024-10-14,9188
3710,連展投控,12,1,11,群益金鼎-三民,2024-10-14,9188
2206,三陽工業,11,0,11,群益金鼎-三民,2024-10-14,9188
00665L,富邦�琤肭磪囓�2,175,5,170,群益金鼎-三民,2024-10-15,9188
3710,連展投控,161,15,146,群益金鼎-三民,2024-10-15,9188
00937B,群益ESG投等債20,144,1,143,群益金鼎-三民,2024-10-15,9188
00948B,中信優息投資級債,67,0,67,群益金鼎-三民,2024-10-15,9188
00882,中信中國高股息,102,40,62,群益金鼎-三民,2024-10-15,9188
4510,高鋒,110,56,54,群益金鼎-三民,2024-10-15,9188
00637L,元大滬深300正2,251,198,53,群益金鼎-三民,2024-10-15,9188
6179,亞通,50,6,44,群益金鼎-三民,2024-10-15,9188
1464,得力,39,1,38,群益金鼎-三民,2024-10-15,9188
00907,永豐優息存股,30,0,30,群益金鼎-三民,2024-10-15,9188
4167,松瑞藥,30,0,30,群益金鼎-三民,2024-10-15,9188
00664R,國泰臺灣加權反1,30,0,30,群益金鼎-三民,2024-10-15,9188
00680L,元大美債20正2,33,4,29,群益金鼎-三民,2024-10-15,9188
00943,兆豐電子高息等權,28,0,28,群益金鼎-三民,2024-10-15,9188
3013,晟銘電,61,33,28,群益金鼎-三民,2024-10-15,9188
00959B,大華投等美債15Y+,27,0,27,群益金鼎-三民,2024-10-15,9188
2528,皇普,25,0,25,群益金鼎-三民,2024-10-15,9188
1540,喬福,24,0,24,群益金鼎-三民,2024-10-15,9188
2399,映泰,58,35,23,群益金鼎-三民,2024-10-15,9188
00673R,期元大S＆P原油反1,22,0,22,群益金鼎-三民,2024-10-15,9188
2002,中鋼,21,1,20,群益金鼎-三民,2024-10-15,9188
1303,南亞,20,0,20,群益金鼎-三民,2024-10-15,9188
2812,台中銀,20,0,20,群益金鼎-三民,2024-10-15,9188
5014,建錩,20,0,20,群益金鼎-三民,2024-10-15,9188
00655L,國泰中國A50正2,19,0,19,群益金鼎-三民,2024-10-15,9188
2388,威盛,20,2,18,群益金鼎-三民,2024-10-15,9188
2605,新興,41,23,18,群益金鼎-三民,2024-10-15,9188
00952,凱基台灣AI50,19,1,18,群益金鼎-三民,2024-10-15,9188
3231,緯創,41,24,17,群益金鼎-三民,2024-10-15,9188
00887,永豐中國科技50大,19,2,17,群益金鼎-三民,2024-10-15,9188
6147,頎邦,17,0,17,群益金鼎-三民,2024-10-15,9188
3033,威健,22,5,17,群益金鼎-三民,2024-10-15,9188
00961,FT臺灣永續高息,16,0,16,群益金鼎-三民,2024-10-15,9188
2601,益航,16,1,15,群益金鼎-三民,2024-10-15,9188
00636,國泰中國A50,15,0,15,群益金鼎-三民,2024-10-15,9188
6282,康舒,20,5,15,群益金鼎-三民,2024-10-15,9188
0056,元大高股息,32,18,14,群益金鼎-三民,2024-10-15,9188
2323,中環,15,1,14,群益金鼎-三民,2024-10-15,9188
2392,正崴,12,0,12,群益金鼎-三民,2024-10-15,9188
00753L,中信中國50正2,12,0,12,群益金鼎-三民,2024-10-15,9188
1301,台塑,13,1,12,群益金鼎-三民,2024-10-15,9188
2887,台新金,25,14,11,群益金鼎-三民,2024-10-15,9188
1595,川寶,15,4,11,群益金鼎-三民,2024-10-15,9188
2385,群光,11,0,11,群益金鼎-三民,2024-10-15,9188
006206,元大上證50,10,0,10,群益金鼎-三民,2024-10-15,9188
00930,永豐ESG低碳高息,10,0,10,群益金鼎-三民,2024-10-15,9188
4956,光鋐,50,40,10,群益金鼎-三民,2024-10-15,9188
00915,凱基優選高股息30,24,14,10,群益金鼎-三民,2024-10-15,9188
1103,嘉泥,10,0,10,群益金鼎-三民,2024-10-15,9188
1717,長興,10,0,10,群益金鼎-三民,2024-10-15,9188
00937B,群益ESG投等債20,167,10,157,群益金鼎-三民,2024-10-16,9188
4541,晟田,118,2,116,群益金鼎-三民,2024-10-16,9188
00943,兆豐電子高息等權,98,0,98,群益金鼎-三民,2024-10-16,9188
6134,萬旭,102,23,79,群益金鼎-三民,2024-10-16,9188
2887,台新金,75,0,75,群益金鼎-三民,2024-10-16,9188
5398,慕康生醫,67,0,67,群益金鼎-三民,2024-10-16,9188
0056,元大高股息,65,1,64,群益金鼎-三民,2024-10-16,9188
2883,凱基金,72,16,56,群益金鼎-三民,2024-10-16,9188
00934,中信成長高股息,56,2,54,群益金鼎-三民,2024-10-16,9188
00922,國泰台灣領袖50,55,6,49,群益金鼎-三民,2024-10-16,9188
6274,台燿,68,20,48,群益金鼎-三民,2024-10-16,9188
00905,FT臺灣Smart,55,7,48,群益金鼎-三民,2024-10-16,9188
6830,汎銓,51,6,45,群益金鼎-三民,2024-10-16,9188
2838,聯邦銀,40,0,40,群益金鼎-三民,2024-10-16,9188
1110,東泥,37,2,35,群益金鼎-三民,2024-10-16,9188
00919,群益台灣精選高息,37,4,33,群益金鼎-三民,2024-10-16,9188
5880,合庫金,32,0,32,群益金鼎-三民,2024-10-16,9188
2324,仁寶,41,12,29,群益金鼎-三民,2024-10-16,9188
2809,京城銀,155,126,29,群益金鼎-三民,2024-10-16,9188
00941,中信上游半導體,28,0,28,群益金鼎-三民,2024-10-16,9188
3149,正達,60,33,27,群益金鼎-三民,2024-10-16,9188
2880,華南金,27,0,27,群益金鼎-三民,2024-10-16,9188
3706,神達,26,1,25,群益金鼎-三民,2024-10-16,9188
5876,上海商銀,23,0,23,群益金鼎-三民,2024-10-16,9188
00887,永豐中國科技50大,37,14,23,群益金鼎-三民,2024-10-16,9188
00878,國泰永續高股息,83,61,22,群益金鼎-三民,2024-10-16,9188
2511,太子,21,0,21,群益金鼎-三民,2024-10-16,9188
1301,台塑,20,1,19,群益金鼎-三民,2024-10-16,9188
2303,聯電,18,1,17,群益金鼎-三民,2024-10-16,9188
1101,台泥,17,0,17,群益金鼎-三民,2024-10-16,9188
2317,鴻海,25,8,17,群益金鼎-三民,2024-10-16,9188
5014,建錩,20,3,17,群益金鼎-三民,2024-10-16,9188
1326,台化,16,0,16,群益金鼎-三民,2024-10-16,9188
2002,中鋼,16,0,16,群益金鼎-三民,2024-10-16,9188
6215,和椿,24,10,14,群益金鼎-三民,2024-10-16,9188
5443,均豪,16,2,14,群益金鼎-三民,2024-10-16,9188
00633L,富邦上証正2,14,0,14,群益金鼎-三民,2024-10-16,9188
00960,野村全球航運龍頭,13,0,13,群益金鼎-三民,2024-10-16,9188
3081,聯亞,13,0,13,群益金鼎-三民,2024-10-16,9188
00948B,中信優息投資級債,18,5,13,群益金鼎-三民,2024-10-16,9188
1314,中石化,14,1,13,群益金鼎-三民,2024-10-16,9188
2241,艾姆勒,23,10,13,群益金鼎-三民,2024-10-16,9188
1464,得力,14,1,13,群益金鼎-三民,2024-10-16,9188
2881,富邦金,13,0,13,群益金鼎-三民,2024-10-16,9188
2890,永豐金,12,0,12,群益金鼎-三民,2024-10-16,9188
3711,日月光投控,15,3,12,群益金鼎-三民,2024-10-16,9188
0061,元大寶滬深,12,0,12,群益金鼎-三民,2024-10-16,9188
8111,立��,35,23,12,群益金鼎-三民,2024-10-16,9188
2891,中信金,16,5,11,群益金鼎-三民,2024-10-16,9188
4526,東台,11,0,11,群益金鼎-三民,2024-10-16,9188
00632R,元大台灣50反1,143,7,136,群益金鼎-三民,2024-10-17,9188
2511,太子,80,0,80,群益金鼎-三民,2024-10-17,9188
00922,國泰台灣領袖50,81,2,79,群益金鼎-三民,2024-10-17,9188
00937B,群益ESG投等債20,105,44,61,群益金鼎-三民,2024-10-17,9188
2888,新光金,89,29,60,群益金鼎-三民,2024-10-17,9188
00830,國泰費城半導體,53,0,53,群益金鼎-三民,2024-10-17,9188
00637L,元大滬深300正2,134,87,47,群益金鼎-三民,2024-10-17,9188
00959B,大華投等美債15Y+,47,0,47,群益金鼎-三民,2024-10-17,9188
00958B,永豐ESG銀行債15,46,0,46,群益金鼎-三民,2024-10-17,9188
2399,映泰,96,51,45,群益金鼎-三民,2024-10-17,9188
1464,得力,43,8,35,群益金鼎-三民,2024-10-17,9188
0056,元大高股息,38,5,33,群益金鼎-三民,2024-10-17,9188
00931B,統一美債20年,31,0,31,群益金鼎-三民,2024-10-17,9188
00885,富邦越南,30,0,30,群益金鼎-三民,2024-10-17,9188
8289,泰藝,30,0,30,群益金鼎-三民,2024-10-17,9188
1711,永光,63,36,27,群益金鼎-三民,2024-10-17,9188
00948B,中信優息投資級債,47,20,27,群益金鼎-三民,2024-10-17,9188
2421,建準,56,32,24,群益金鼎-三民,2024-10-17,9188
1528,恩德,62,40,22,群益金鼎-三民,2024-10-17,9188
00941,中信上游半導體,22,0,22,群益金鼎-三民,2024-10-17,9188
3714,富采,24,3,21,群益金鼎-三民,2024-10-17,9188
00905,FT臺灣Smart,30,10,20,群益金鼎-三民,2024-10-17,9188
2344,華邦電,20,1,19,群益金鼎-三民,2024-10-17,9188
1736,喬山,17,0,17,群益金鼎-三民,2024-10-17,9188
2303,聯電,19,2,17,群益金鼎-三民,2024-10-17,9188
4977,眾達-KY,20,5,15,群益金鼎-三民,2024-10-17,9188
1326,台化,15,0,15,群益金鼎-三民,2024-10-17,9188
6179,亞通,14,0,14,群益金鼎-三民,2024-10-17,9188
1727,中華化,15,1,14,群益金鼎-三民,2024-10-17,9188
3710,連展投控,14,1,13,群益金鼎-三民,2024-10-17,9188
3363,上詮,13,0,13,群益金鼎-三民,2024-10-17,9188
2618,長榮航,14,1,13,群益金鼎-三民,2024-10-17,9188
8926,台汽電,12,0,12,群益金鼎-三民,2024-10-17,9188
1314,中石化,12,0,12,群益金鼎-三民,2024-10-17,9188
00929,復華台灣科技優息,33,22,11,群益金鼎-三民,2024-10-17,9188
00927,群益半導體收益,21,10,11,群益金鼎-三民,2024-10-17,9188
3689,湧德,14,3,11,群益金鼎-三民,2024-10-17,9188
2543,皇昌,12,1,11,群益金鼎-三民,2024-10-17,9188
1512,瑞利,11,0,11,群益金鼎-三民,2024-10-17,9188
2402,毅嘉,35,24,11,群益金鼎-三民,2024-10-17,9188
2354,鴻準,11,1,10,群益金鼎-三民,2024-10-17,9188
2323,中環,10,0,10,群益金鼎-三民,2024-10-17,9188
2034,允強,10,0,10,群益金鼎-三民,2024-10-17,9188
3550,聯穎,10,0,10,群益金鼎-三民,2024-10-17,9188
6829,千附精密,11,1,10,群益金鼎-三民,2024-10-17,9188
0061,元大寶滬深,12,2,10,群益金鼎-三民,2024-10-17,9188
2515,中工,10,0,10,群益金鼎-三民,2024-10-17,9188
5880,合庫金,10,0,10,群益金鼎-三民,2024-10-17,9188
00687B,國泰20年美債,15,5,10,群益金鼎-三民,2024-10-17,9188
2412,中華電,9,0,9,群益金鼎-三民,2024-10-17,9188
00632R,元大台灣50反1,804,0,804,群益金鼎-三民,2024-10-18,9188
00959B,大華投等美債15Y+,165,0,165,群益金鼎-三民,2024-10-18,9188
00687B,國泰20年美債,230,109,121,群益金鼎-三民,2024-10-18,9188
00937B,群益ESG投等債20,107,0,107,群益金鼎-三民,2024-10-18,9188
00664R,國泰臺灣加權反1,80,0,80,群益金鼎-三民,2024-10-18,9188
00948B,中信優息投資級債,77,6,71,群益金鼎-三民,2024-10-18,9188
00904,新光臺灣半導體30,70,0,70,群益金鼎-三民,2024-10-18,9188
2303,聯電,59,4,55,群益金鼎-三民,2024-10-18,9188
0056,元大高股息,52,2,50,群益金鼎-三民,2024-10-18,9188
00679B,元大美債20年,129,87,42,群益金鼎-三民,2024-10-18,9188
3081,聯亞,32,1,31,群益金鼎-三民,2024-10-18,9188
00929,復華台灣科技優息,104,75,29,群益金鼎-三民,2024-10-18,9188
00951,台新日本半導體,28,0,28,群益金鼎-三民,2024-10-18,9188
2367,燿華,28,0,28,群益金鼎-三民,2024-10-18,9188
4510,高鋒,100,74,26,群益金鼎-三民,2024-10-18,9188
2867,三商壽,25,0,25,群益金鼎-三民,2024-10-18,9188
00950B,凱基A級公司債,24,0,24,群益金鼎-三民,2024-10-18,9188
2915,潤泰全,25,1,24,群益金鼎-三民,2024-10-18,9188
3031,佰鴻,28,5,23,群益金鼎-三民,2024-10-18,9188
6282,康舒,23,0,23,群益金鼎-三民,2024-10-18,9188
2486,一詮,30,7,23,群益金鼎-三民,2024-10-18,9188
00772B,中信高評級公司債,51,30,21,群益金鼎-三民,2024-10-18,9188
00945B,凱基美國非投等債,20,0,20,群益金鼎-三民,2024-10-18,9188
2449,京元電子,50,31,19,群益金鼎-三民,2024-10-18,9188
00931B,統一美債20年,18,0,18,群益金鼎-三民,2024-10-18,9188
00882,中信中國高股息,27,9,18,群益金鼎-三民,2024-10-18,9188
8028,昇陽半導體,85,67,18,群益金鼎-三民,2024-10-18,9188
00725B,國泰投資級公司債,18,1,17,群益金鼎-三民,2024-10-18,9188
2497,怡利電,33,16,17,群益金鼎-三民,2024-10-18,9188
00887,永豐中國科技50大,17,1,16,群益金鼎-三民,2024-10-18,9188
6770,力積電,16,0,16,群益金鼎-三民,2024-10-18,9188
4545,銘鈺,16,0,16,群益金鼎-三民,2024-10-18,9188
00680L,元大美債20正2,40,24,16,群益金鼎-三民,2024-10-18,9188
5347,世界,47,31,16,群益金鼎-三民,2024-10-18,9188
8289,泰藝,15,0,15,群益金鼎-三民,2024-10-18,9188
6877,鏵友益,14,0,14,群益金鼎-三民,2024-10-18,9188
2527,宏璟,14,0,14,群益金鼎-三民,2024-10-18,9188
8426,紅木-KY,13,0,13,群益金鼎-三民,2024-10-18,9188
00936,台新永續高息中小,15,2,13,群益金鼎-三民,2024-10-18,9188
5009,榮剛,13,0,13,群益金鼎-三民,2024-10-18,9188
2344,華邦電,13,1,12,群益金鼎-三民,2024-10-18,9188
2498,宏達電,12,0,12,群益金鼎-三民,2024-10-18,9188
1815,富喬,12,0,12,群益金鼎-三民,2024-10-18,9188
1464,得力,12,0,12,群益金鼎-三民,2024-10-18,9188
2313,華通,14,2,12,群益金鼎-三民,2024-10-18,9188
6505,台塑化,12,0,12,群益金鼎-三民,2024-10-18,9188
4562,穎漢,54,42,12,群益金鼎-三民,2024-10-18,9188
00946,群益科技高息成長,12,1,11,群益金鼎-三民,2024-10-18,9188
2610,華航,14,3,11,群益金鼎-三民,2024-10-18,9188
00665L,富邦�琤肭磪囓�2,71,60,11,群益金鼎-三民,2024-10-18,9188
00688L,國泰20年美債正2,580,0,580,群益金鼎-三民,2024-10-21,9188
00632R,元大台灣50反1,499,110,389,群益金鼎-三民,2024-10-21,9188
00959B,大華投等美債15Y+,280,0,280,群益金鼎-三民,2024-10-21,9188
00937B,群益ESG投等債20,481,228,253,群益金鼎-三民,2024-10-21,9188
00948B,中信優息投資級債,180,1,179,群益金鼎-三民,2024-10-21,9188
4541,晟田,66,0,66,群益金鼎-三民,2024-10-21,9188
2312,金寶,113,50,63,群益金鼎-三民,2024-10-21,9188
1734,杏輝,47,0,47,群益金鼎-三民,2024-10-21,9188
2883,凱基金,103,57,46,群益金鼎-三民,2024-10-21,9188
00882,中信中國高股息,50,7,43,群益金鼎-三民,2024-10-21,9188
00680L,元大美債20正2,44,2,42,群益金鼎-三民,2024-10-21,9188
2337,旺宏,50,13,37,群益金鼎-三民,2024-10-21,9188
00679B,元大美債20年,122,87,35,群益金鼎-三民,2024-10-21,9188
4540,全球傳動,39,6,33,群益金鼎-三民,2024-10-21,9188
2882,國泰金,41,8,33,群益金鼎-三民,2024-10-21,9188
3013,晟銘電,50,18,32,群益金鼎-三民,2024-10-21,9188
00900,富邦特選高股息30,32,0,32,群益金鼎-三民,2024-10-21,9188
5880,合庫金,31,0,31,群益金鼎-三民,2024-10-21,9188
6190,萬泰科,30,0,30,群益金鼎-三民,2024-10-21,9188
3189,景碩,40,11,29,群益金鼎-三民,2024-10-21,9188
00753L,中信中國50正2,85,58,27,群益金鼎-三民,2024-10-21,9188
00878,國泰永續高股息,25,0,25,群益金鼎-三民,2024-10-21,9188
2527,宏璟,25,0,25,群益金鼎-三民,2024-10-21,9188
00639,富邦深100,24,0,24,群益金鼎-三民,2024-10-21,9188
4716,大立,20,0,20,群益金鼎-三民,2024-10-21,9188
00933B,國泰10Y+金融債,166,146,20,群益金鼎-三民,2024-10-21,9188
2891,中信金,36,17,19,群益金鼎-三民,2024-10-21,9188
1303,南亞,19,0,19,群益金鼎-三民,2024-10-21,9188
00885,富邦越南,35,16,19,群益金鼎-三民,2024-10-21,9188
2881,富邦金,18,0,18,群益金鼎-三民,2024-10-21,9188
00929,復華台灣科技優息,105,87,18,群益金鼎-三民,2024-10-21,9188
2905,三商,18,0,18,群益金鼎-三民,2024-10-21,9188
00935,野村臺灣新科技50,20,2,18,群益金鼎-三民,2024-10-21,9188
8099,大世科,20,4,16,群益金鼎-三民,2024-10-21,9188
00958B,永豐ESG銀行債15,16,0,16,群益金鼎-三民,2024-10-21,9188
1595,川寶,60,45,15,群益金鼎-三民,2024-10-21,9188
2885,元大金,15,1,14,群益金鼎-三民,2024-10-21,9188
2409,友達,15,1,14,群益金鼎-三民,2024-10-21,9188
00950B,凱基A級公司債,13,0,13,群益金鼎-三民,2024-10-21,9188
2890,永豐金,13,0,13,群益金鼎-三民,2024-10-21,9188
00945B,凱基美國非投等債,13,0,13,群益金鼎-三民,2024-10-21,9188
8044,網家,13,0,13,群益金鼎-三民,2024-10-21,9188
00960,野村全球航運龍頭,13,0,13,群益金鼎-三民,2024-10-21,9188
3481,群創,32,20,12,群益金鼎-三民,2024-10-21,9188
2486,一詮,22,10,12,群益金鼎-三民,2024-10-21,9188
2332,友訊,17,6,11,群益金鼎-三民,2024-10-21,9188
2353,宏��,11,0,11,群益金鼎-三民,2024-10-21,9188
3303,岱稜,14,3,11,群益金鼎-三民,2024-10-21,9188
6116,彩晶,11,0,11,群益金鼎-三民,2024-10-21,9188
00635U,期元大S＆P黃金,11,0,11,群益金鼎-三民,2024-10-21,9188
00688L,國泰20年美債正2,538,1,537,群益金鼎-三民,2024-10-22,9188
00937B,群益ESG投等債20,937,562,375,群益金鼎-三民,2024-10-22,9188
00948B,中信優息投資級債,287,0,287,群益金鼎-三民,2024-10-22,9188
00882,中信中國高股息,101,5,96,群益金鼎-三民,2024-10-22,9188
00959B,大華投等美債15Y+,88,0,88,群益金鼎-三民,2024-10-22,9188
00680L,元大美債20正2,97,46,51,群益金鼎-三民,2024-10-22,9188
2312,金寶,46,2,44,群益金鼎-三民,2024-10-22,9188
3710,連展投控,45,2,43,群益金鼎-三民,2024-10-22,9188
00885,富邦越南,40,0,40,群益金鼎-三民,2024-10-22,9188
2891,中信金,37,5,32,群益金鼎-三民,2024-10-22,9188
2399,映泰,77,46,31,群益金鼎-三民,2024-10-22,9188
2337,旺宏,31,0,31,群益金鼎-三民,2024-10-22,9188
00929,復華台灣科技優息,78,48,30,群益金鼎-三民,2024-10-22,9188
5880,合庫金,30,0,30,群益金鼎-三民,2024-10-22,9188
00679B,元大美債20年,166,138,28,群益金鼎-三民,2024-10-22,9188
00950B,凱基A級公司債,26,0,26,群益金鼎-三民,2024-10-22,9188
4533,協易機,22,1,21,群益金鼎-三民,2024-10-22,9188
00662,富邦NASDAQ,19,0,19,群益金鼎-三民,2024-10-22,9188
1702,南僑,20,2,18,群益金鼎-三民,2024-10-22,9188
8289,泰藝,17,0,17,群益金鼎-三民,2024-10-22,9188
2330,台積電,16,0,16,群益金鼎-三民,2024-10-22,9188
00927,群益半導體收益,15,0,15,群益金鼎-三民,2024-10-22,9188
00951,台新日本半導體,15,0,15,群益金鼎-三民,2024-10-22,9188
4729,熒茂,16,1,15,群益金鼎-三民,2024-10-22,9188
6148,驊宏資,15,0,15,群益金鼎-三民,2024-10-22,9188
2527,宏璟,15,0,15,群益金鼎-三民,2024-10-22,9188
2303,聯電,15,1,14,群益金鼎-三民,2024-10-22,9188
2615,萬海,31,16,15,群益金鼎-三民,2024-10-22,9188
2344,華邦電,24,10,14,群益金鼎-三民,2024-10-22,9188
00712,復華富時不動產,14,0,14,群益金鼎-三民,2024-10-22,9188
5386,青雲,14,0,14,群益金鼎-三民,2024-10-22,9188
00905,FT臺灣Smart,14,0,14,群益金鼎-三民,2024-10-22,9188
2356,英業達,23,9,14,群益金鼎-三民,2024-10-22,9188
1477,聚陽,14,0,14,群益金鼎-三民,2024-10-22,9188
00687B,國泰20年美債,266,252,14,群益金鼎-三民,2024-10-22,9188
8021,尖點,37,24,13,群益金鼎-三民,2024-10-22,9188
00958B,永豐ESG銀行債15,13,0,13,群益金鼎-三民,2024-10-22,9188
3035,智原,12,0,12,群益金鼎-三民,2024-10-22,9188
00946,群益科技高息成長,12,0,12,群益金鼎-三民,2024-10-22,9188
2883,凱基金,17,5,12,群益金鼎-三民,2024-10-22,9188
4760,勤凱,17,5,12,群益金鼎-三民,2024-10-22,9188
1605,華新,19,8,11,群益金鼎-三民,2024-10-22,9188
00881,國泰台灣5G+,14,3,11,群益金鼎-三民,2024-10-22,9188
6532,瑞耘,11,0,11,群益金鼎-三民,2024-10-22,9188
3011,今皓,24,13,11,群益金鼎-三民,2024-10-22,9188
4541,晟田,21,10,11,群益金鼎-三民,2024-10-22,9188
00912,中信臺灣智慧50,11,0,11,群益金鼎-三民,2024-10-22,9188
00907,永豐優息存股,10,0,10,群益金鼎-三民,2024-10-22,9188
00935,野村臺灣新科技50,11,1,10,群益金鼎-三民,2024-10-22,9188
2820,華票,10,0,10,群益金鼎-三民,2024-10-22,9188
00948B,中信優息投資級債,402,0,402,群益金鼎-三民,2024-10-23,9188
00933B,國泰10Y+金融債,290,88,202,群益金鼎-三民,2024-10-23,9188
00945B,凱基美國非投等債,164,0,164,群益金鼎-三民,2024-10-23,9188
00878,國泰永續高股息,123,11,112,群益金鼎-三民,2024-10-23,9188
2889,國票金,100,0,100,群益金鼎-三民,2024-10-23,9188
3481,群創,125,34,91,群益金鼎-三民,2024-10-23,9188
00753L,中信中國50正2,164,92,72,群益金鼎-三民,2024-10-23,9188
00951,台新日本半導體,59,0,59,群益金鼎-三民,2024-10-23,9188
2838,聯邦銀,52,1,51,群益金鼎-三民,2024-10-23,9188
00679B,元大美債20年,119,70,49,群益金鼎-三民,2024-10-23,9188
00687B,國泰20年美債,146,98,48,群益金鼎-三民,2024-10-23,9188
00712,復華富時不動產,46,0,46,群益金鼎-三民,2024-10-23,9188
2431,聯昌,46,6,40,群益金鼎-三民,2024-10-23,9188
00907,永豐優息存股,39,0,39,群益金鼎-三民,2024-10-23,9188
00950B,凱基A級公司債,49,10,39,群益金鼎-三民,2024-10-23,9188
2337,旺宏,58,22,36,群益金鼎-三民,2024-10-23,9188
2105,正新,33,0,33,群益金鼎-三民,2024-10-23,9188
00885,富邦越南,33,0,33,群益金鼎-三民,2024-10-23,9188
5880,合庫金,32,0,32,群益金鼎-三民,2024-10-23,9188
00959B,大華投等美債15Y+,37,6,31,群益金鼎-三民,2024-10-23,9188
00680L,元大美債20正2,29,1,28,群益金鼎-三民,2024-10-23,9188
5907,大洋-KY,35,8,27,群益金鼎-三民,2024-10-23,9188
0056,元大高股息,26,0,26,群益金鼎-三民,2024-10-23,9188
2812,台中銀,23,0,23,群益金鼎-三民,2024-10-23,9188
2887,台新金,22,0,22,群益金鼎-三民,2024-10-23,9188
6213,聯茂,26,4,22,群益金鼎-三民,2024-10-23,9188
2464,盟立,21,0,21,群益金鼎-三民,2024-10-23,9188
3013,晟銘電,43,22,21,群益金鼎-三民,2024-10-23,9188
6770,力積電,22,1,21,群益金鼎-三民,2024-10-23,9188
8111,立��,33,12,21,群益金鼎-三民,2024-10-23,9188
8064,東捷,67,47,20,群益金鼎-三民,2024-10-23,9188
4541,晟田,41,21,20,群益金鼎-三民,2024-10-23,9188
2845,遠東銀,115,95,20,群益金鼎-三民,2024-10-23,9188
00930,永豐ESG低碳高息,20,0,20,群益金鼎-三民,2024-10-23,9188
6530,創威,65,45,20,群益金鼎-三民,2024-10-23,9188
1904,正隆,34,15,19,群益金鼎-三民,2024-10-23,9188
1301,台塑,18,0,18,群益金鼎-三民,2024-10-23,9188
2892,第一金,27,9,18,群益金鼎-三民,2024-10-23,9188
4958,臻鼎-KY,20,2,18,群益金鼎-三民,2024-10-23,9188
8927,北基,18,0,18,群益金鼎-三民,2024-10-23,9188
9105,泰金寶-DR,43,25,18,群益金鼎-三民,2024-10-23,9188
2329,華泰,59,42,17,群益金鼎-三民,2024-10-23,9188
00720B,元大投資級公司債,19,2,17,群益金鼎-三民,2024-10-23,9188
6763,綠界科技*,16,0,16,群益金鼎-三民,2024-10-23,9188
6405,悅城,33,17,16,群益金鼎-三民,2024-10-23,9188
1110,東泥,16,0,16,群益金鼎-三民,2024-10-23,9188
6116,彩晶,17,1,16,群益金鼎-三民,2024-10-23,9188
4306,炎洲,15,0,15,群益金鼎-三民,2024-10-23,9188
0061,元大寶滬深,15,0,15,群益金鼎-三民,2024-10-23,9188
3073,天方能源,17,2,15,群益金鼎-三民,2024-10-23,9188
00948B,中信優息投資級債,443,0,443,群益金鼎-三民,2024-10-24,9188
00637L,元大滬深300正2,301,141,160,群益金鼎-三民,2024-10-24,9188
00937B,群益ESG投等債20,170,12,158,群益金鼎-三民,2024-10-24,9188
00933B,國泰10Y+金融債,183,82,101,群益金鼎-三民,2024-10-24,9188
00927,群益半導體收益,63,0,63,群益金鼎-三民,2024-10-24,9188
00935,野村臺灣新科技50,60,0,60,群益金鼎-三民,2024-10-24,9188
2371,大同,56,0,56,群益金鼎-三民,2024-10-24,9188
00931B,統一美債20年,95,41,54,群益金鼎-三民,2024-10-24,9188
00878,國泰永續高股息,77,24,53,群益金鼎-三民,2024-10-24,9188
00715L,期街口布蘭特正2,50,0,50,群益金鼎-三民,2024-10-24,9188
00950B,凱基A級公司債,47,0,47,群益金鼎-三民,2024-10-24,9188
00959B,大華投等美債15Y+,47,0,47,群益金鼎-三民,2024-10-24,9188
0056,元大高股息,52,11,41,群益金鼎-三民,2024-10-24,9188
00951,台新日本半導體,38,0,38,群益金鼎-三民,2024-10-24,9188
1717,長興,38,0,38,群益金鼎-三民,2024-10-24,9188
5880,合庫金,35,0,35,群益金鼎-三民,2024-10-24,9188
2399,映泰,58,25,33,群益金鼎-三民,2024-10-24,9188
00922,國泰台灣領袖50,30,0,30,群益金鼎-三民,2024-10-24,9188
00919,群益台灣精選高息,48,21,27,群益金鼎-三民,2024-10-24,9188
3450,聯鈞,34,8,26,群益金鼎-三民,2024-10-24,9188
2303,聯電,27,1,26,群益金鼎-三民,2024-10-24,9188
2317,鴻海,44,21,23,群益金鼎-三民,2024-10-24,9188
00650L,復華香港正2,23,0,23,群益金鼎-三民,2024-10-24,9188
1721,三晃,37,16,21,群益金鼎-三民,2024-10-24,9188
8147,正淩,21,0,21,群益金鼎-三民,2024-10-24,9188
2353,宏��,23,3,20,群益金鼎-三民,2024-10-24,9188
00712,復華富時不動產,19,0,19,群益金鼎-三民,2024-10-24,9188
1806,冠軍,19,0,19,群益金鼎-三民,2024-10-24,9188
8927,北基,29,11,18,群益金鼎-三民,2024-10-24,9188
2337,旺宏,20,2,18,群益金鼎-三民,2024-10-24,9188
3037,欣興,68,50,18,群益金鼎-三民,2024-10-24,9188
3687,歐買尬,20,3,17,群益金鼎-三民,2024-10-24,9188
00753L,中信中國50正2,17,0,17,群益金鼎-三民,2024-10-24,9188
00881,國泰台灣5G+,17,0,17,群益金鼎-三民,2024-10-24,9188
8039,台虹,18,1,17,群益金鼎-三民,2024-10-24,9188
2836,高雄銀,15,0,15,群益金鼎-三民,2024-10-24,9188
4540,全球傳動,20,6,14,群益金鼎-三民,2024-10-24,9188
00958B,永豐ESG銀行債15,14,0,14,群益金鼎-三民,2024-10-24,9188
2603,長榮,15,1,14,群益金鼎-三民,2024-10-24,9188
2412,中華電,14,0,14,群益金鼎-三民,2024-10-24,9188
00795B,中信美國公債20年,13,0,13,群益金鼎-三民,2024-10-24,9188
1301,台塑,13,0,13,群益金鼎-三民,2024-10-24,9188
6763,綠界科技*,16,4,12,群益金鼎-三民,2024-10-24,9188
6505,台塑化,12,0,12,群益金鼎-三民,2024-10-24,9188
6282,康舒,12,0,12,群益金鼎-三民,2024-10-24,9188
8028,昇陽半導體,14,2,12,群益金鼎-三民,2024-10-24,9188
2388,威盛,32,21,11,群益金鼎-三民,2024-10-24,9188
1560,中砂,12,1,11,群益金鼎-三民,2024-10-24,9188
6207,雷科,11,0,11,群益金鼎-三民,2024-10-24,9188
4903,聯光通,12,1,11,群益金鼎-三民,2024-10-24,9188
00878,國泰永續高股息,305,111,194,群益金鼎-三民,2024-10-25,9188
2646,星宇航空,227,110,117,群益金鼎-三民,2024-10-25,9188
00639,富邦深100,100,0,100,群益金鼎-三民,2024-10-25,9188
0056,元大高股息,78,1,77,群益金鼎-三民,2024-10-25,9188
00959B,大華投等美債15Y+,65,0,65,群益金鼎-三民,2024-10-25,9188
2344,華邦電,62,13,49,群益金鼎-三民,2024-10-25,9188
00948B,中信優息投資級債,41,0,41,群益金鼎-三民,2024-10-25,9188
8099,大世科,67,27,40,群益金鼎-三民,2024-10-25,9188
00915,凱基優選高股息30,47,15,32,群益金鼎-三民,2024-10-25,9188
00715L,期街口布蘭特正2,33,2,31,群益金鼎-三民,2024-10-25,9188
8249,菱光,112,82,30,群益金鼎-三民,2024-10-25,9188
2303,聯電,33,4,29,群益金鼎-三民,2024-10-25,9188
00945B,凱基美國非投等債,26,0,26,群益金鼎-三民,2024-10-25,9188
8039,台虹,26,1,25,群益金鼎-三民,2024-10-25,9188
2302,麗正,24,1,23,群益金鼎-三民,2024-10-25,9188
4541,晟田,39,17,22,群益金鼎-三民,2024-10-25,9188
1802,台玻,22,0,22,群益金鼎-三民,2024-10-25,9188
00885,富邦越南,21,0,21,群益金鼎-三民,2024-10-25,9188
2337,旺宏,20,0,20,群益金鼎-三民,2024-10-25,9188
00946,群益科技高息成長,20,0,20,群益金鼎-三民,2024-10-25,9188
00882,中信中國高股息,40,23,17,群益金鼎-三民,2024-10-25,9188
2027,大成鋼,16,0,16,群益金鼎-三民,2024-10-25,9188
00921,兆豐龍頭等權重,15,0,15,群益金鼎-三民,2024-10-25,9188
6509,聚和,16,1,15,群益金鼎-三民,2024-10-25,9188
00941,中信上游半導體,15,0,15,群益金鼎-三民,2024-10-25,9188
6763,綠界科技*,14,0,14,群益金鼎-三民,2024-10-25,9188
4303,信立,14,0,14,群益金鼎-三民,2024-10-25,9188
2845,遠東銀,13,0,13,群益金鼎-三民,2024-10-25,9188
1609,大亞,317,305,12,群益金鼎-三民,2024-10-25,9188
8064,東捷,19,7,12,群益金鼎-三民,2024-10-25,9188
00712,復華富時不動產,12,0,12,群益金鼎-三民,2024-10-25,9188
2429,銘旺科,12,0,12,群益金鼎-三民,2024-10-25,9188
00950B,凱基A級公司債,11,0,11,群益金鼎-三民,2024-10-25,9188
4952,凌通,15,4,11,群益金鼎-三民,2024-10-25,9188
5880,合庫金,10,0,10,群益金鼎-三民,2024-10-25,9188
9938,百和,12,2,10,群益金鼎-三民,2024-10-25,9188
2388,威盛,13,3,10,群益金鼎-三民,2024-10-25,9188
2838,聯邦銀,10,0,10,群益金鼎-三民,2024-10-25,9188
2461,光群雷,10,0,10,群益金鼎-三民,2024-10-25,9188
2014,中鴻,10,0,10,群益金鼎-三民,2024-10-25,9188
3062,建漢,12,2,10,群益金鼎-三民,2024-10-25,9188
2634,漢翔,10,0,10,群益金鼎-三民,2024-10-25,9188
2206,三陽工業,10,0,10,群益金鼎-三民,2024-10-25,9188
4174,浩鼎,10,0,10,群益金鼎-三民,2024-10-25,9188
2401,凌陽,15,5,10,群益金鼎-三民,2024-10-25,9188
6156,松上,12,2,10,群益金鼎-三民,2024-10-25,9188
1806,冠軍,10,1,9,群益金鼎-三民,2024-10-25,9188
3037,欣興,23,14,9,群益金鼎-三民,2024-10-25,9188
2233,宇隆,11,3,8,群益金鼎-三民,2024-10-25,9188
6202,盛群,8,0,8,群益金鼎-三民,2024-10-25,9188
00959B,大華投等美債15Y+,181,0,181,群益金鼎-三民,2024-10-28,9188
00937B,群益ESG投等債20,166,28,138,群益金鼎-三民,2024-10-28,9188
00948B,中信優息投資級債,108,0,108,群益金鼎-三民,2024-10-28,9188
00712,復華富時不動產,89,0,89,群益金鼎-三民,2024-10-28,9188
2646,星宇航空,131,58,73,群益金鼎-三民,2024-10-28,9188
5488,松普,89,28,61,群益金鼎-三民,2024-10-28,9188
0056,元大高股息,51,1,50,群益金鼎-三民,2024-10-28,9188
3231,緯創,55,9,46,群益金鼎-三民,2024-10-28,9188
3481,群創,69,25,44,群益金鼎-三民,2024-10-28,9188
2303,聯電,43,1,42,群益金鼎-三民,2024-10-28,9188
8937,合騏,41,1,40,群益金鼎-三民,2024-10-28,9188
00919,群益台灣精選高息,66,27,39,群益金鼎-三民,2024-10-28,9188
00715L,期街口布蘭特正2,64,30,34,群益金鼎-三民,2024-10-28,9188
8107,大億金茂,45,13,32,群益金鼎-三民,2024-10-28,9188
00679B,元大美債20年,102,71,31,群益金鼎-三民,2024-10-28,9188
00687B,國泰20年美債,90,61,29,群益金鼎-三民,2024-10-28,9188
2603,長榮,33,8,25,群益金鼎-三民,2024-10-28,9188
00950B,凱基A級公司債,22,0,22,群益金鼎-三民,2024-10-28,9188
6288,聯嘉,132,111,21,群益金鼎-三民,2024-10-28,9188
00885,富邦越南,20,0,20,群益金鼎-三民,2024-10-28,9188
00690,兆豐藍籌30,20,0,20,群益金鼎-三民,2024-10-28,9188
00946,群益科技高息成長,19,0,19,群益金鼎-三民,2024-10-28,9188
5880,合庫金,20,1,19,群益金鼎-三民,2024-10-28,9188
8039,台虹,19,0,19,群益金鼎-三民,2024-10-28,9188
2354,鴻準,36,18,18,群益金鼎-三民,2024-10-28,9188
6116,彩晶,17,0,17,群益金鼎-三民,2024-10-28,9188
00637L,元大滬深300正2,168,152,16,群益金鼎-三民,2024-10-28,9188
1110,東泥,16,0,16,群益金鼎-三民,2024-10-28,9188
00887,永豐中國科技50大,20,6,14,群益金鼎-三民,2024-10-28,9188
2888,新光金,23,9,14,群益金鼎-三民,2024-10-28,9188
5202,力新,27,13,14,群益金鼎-三民,2024-10-28,9188
3581,博磊,17,3,14,群益金鼎-三民,2024-10-28,9188
6505,台塑化,14,1,13,群益金鼎-三民,2024-10-28,9188
6579,研揚,14,1,13,群益金鼎-三民,2024-10-28,9188
3290,東浦,13,1,12,群益金鼎-三民,2024-10-28,9188
6215,和椿,12,0,12,群益金鼎-三民,2024-10-28,9188
2356,英業達,17,5,12,群益金鼎-三民,2024-10-28,9188
00930,永豐ESG低碳高息,11,0,11,群益金鼎-三民,2024-10-28,9188
00918,大華優利高填息30,11,0,11,群益金鼎-三民,2024-10-28,9188
3303,岱稜,11,0,11,群益金鼎-三民,2024-10-28,9188
8404,百和興業-KY,11,0,11,群益金鼎-三民,2024-10-28,9188
1449,佳和,13,2,11,群益金鼎-三民,2024-10-28,9188
5460,同協,10,0,10,群益金鼎-三民,2024-10-28,9188
2838,聯邦銀,10,0,10,群益金鼎-三民,2024-10-28,9188
00938,凱基優選30,10,0,10,群益金鼎-三民,2024-10-28,9188
00643,群益深証中小,168,158,10,群益金鼎-三民,2024-10-28,9188
00905,FT臺灣Smart,10,0,10,群益金鼎-三民,2024-10-28,9188
3219,倚強科,10,0,10,群益金鼎-三民,2024-10-28,9188
6127,九豪,10,0,10,群益金鼎-三民,2024-10-28,9188
2330,台積電,15,5,10,群益金鼎-三民,2024-10-28,9188
00919,群益台灣精選高息,237,1,236,群益金鼎-三民,2024-10-29,9188
00953B,群益優選非投等債,219,2,217,群益金鼎-三民,2024-10-29,9188
0056,元大高股息,155,1,154,群益金鼎-三民,2024-10-29,9188
00878,國泰永續高股息,252,105,147,群益金鼎-三民,2024-10-29,9188
2838,聯邦銀,91,0,91,群益金鼎-三民,2024-10-29,9188
6505,台塑化,85,3,82,群益金鼎-三民,2024-10-29,9188
5880,合庫金,71,0,71,群益金鼎-三民,2024-10-29,9188
3710,連展投控,51,0,51,群益金鼎-三民,2024-10-29,9188
00929,復華台灣科技優息,194,147,47,群益金鼎-三民,2024-10-29,9188
1110,東泥,46,0,46,群益金鼎-三民,2024-10-29,9188
2885,元大金,44,0,44,群益金鼎-三民,2024-10-29,9188
2354,鴻準,75,34,41,群益金鼎-三民,2024-10-29,9188
00673R,期元大S＆P原油反1,40,0,40,群益金鼎-三民,2024-10-29,9188
00715L,期街口布蘭特正2,40,0,40,群益金鼎-三民,2024-10-29,9188
00680L,元大美債20正2,40,0,40,群益金鼎-三民,2024-10-29,9188
2324,仁寶,51,13,38,群益金鼎-三民,2024-10-29,9188
00679B,元大美債20年,69,32,37,群益金鼎-三民,2024-10-29,9188
2891,中信金,40,4,36,群益金鼎-三民,2024-10-29,9188
00632R,元大台灣50反1,44,9,35,群益金鼎-三民,2024-10-29,9188
1301,台塑,33,0,33,群益金鼎-三民,2024-10-29,9188
00631L,元大台灣50正2,33,0,33,群益金鼎-三民,2024-10-29,9188
00946,群益科技高息成長,33,0,33,群益金鼎-三民,2024-10-29,9188
6133,金橋,58,27,31,群益金鼎-三民,2024-10-29,9188
6161,捷波,33,3,30,群益金鼎-三民,2024-10-29,9188
4760,勤凱,35,6,29,群益金鼎-三民,2024-10-29,9188
00938,凱基優選30,28,0,28,群益金鼎-三民,2024-10-29,9188
00712,復華富時不動產,27,0,27,群益金鼎-三民,2024-10-29,9188
1464,得力,26,0,26,群益金鼎-三民,2024-10-29,9188
00881,國泰台灣5G+,34,9,25,群益金鼎-三民,2024-10-29,9188
2880,華南金,24,0,24,群益金鼎-三民,2024-10-29,9188
2489,瑞軒,22,0,22,群益金鼎-三民,2024-10-29,9188
00935,野村臺灣新科技50,22,0,22,群益金鼎-三民,2024-10-29,9188
2642,宅配通,21,0,21,群益金鼎-三民,2024-10-29,9188
1308,亞聚,20,0,20,群益金鼎-三民,2024-10-29,9188
3290,東浦,20,0,20,群益金鼎-三民,2024-10-29,9188
1449,佳和,38,19,19,群益金鼎-三民,2024-10-29,9188
2497,怡利電,19,0,19,群益金鼎-三民,2024-10-29,9188
00918,大華優利高填息30,33,15,18,群益金鼎-三民,2024-10-29,9188
2836,高雄銀,19,1,18,群益金鼎-三民,2024-10-29,9188
2317,鴻海,42,25,17,群益金鼎-三民,2024-10-29,9188
9945,潤泰新,17,0,17,群益金鼎-三民,2024-10-29,9188
00940,元大台灣價值高息,52,35,17,群益金鼎-三民,2024-10-29,9188
6257,矽格,16,0,16,群益金鼎-三民,2024-10-29,9188
5371,中光電,20,4,16,群益金鼎-三民,2024-10-29,9188
0050,元大台灣50,21,6,15,群益金鼎-三民,2024-10-29,9188
8404,百和興業-KY,15,0,15,群益金鼎-三民,2024-10-29,9188
00895,富邦未來車,15,0,15,群益金鼎-三民,2024-10-29,9188
2887,台新金,15,0,15,群益金鼎-三民,2024-10-29,9188
00927,群益半導體收益,14,0,14,群益金鼎-三民,2024-10-29,9188
00637L,元大滬深300正2,97,83,14,群益金鼎-三民,2024-10-29,9188
00687B,國泰20年美債,461,20,441,群益金鼎-三民,2024-10-30,9188
00931B,統一美債20年,73,2,71,群益金鼎-三民,2024-10-30,9188
00919,群益台灣精選高息,99,30,69,群益金鼎-三民,2024-10-30,9188
3481,群創,125,59,66,群益金鼎-三民,2024-10-30,9188
00637L,元大滬深300正2,254,192,62,群益金鼎-三民,2024-10-30,9188
00643,群益深証中小,165,115,50,群益金鼎-三民,2024-10-30,9188
2303,聯電,55,7,48,群益金鼎-三民,2024-10-30,9188
0056,元大高股息,47,1,46,群益金鼎-三民,2024-10-30,9188
00712,復華富時不動產,42,0,42,群益金鼎-三民,2024-10-30,9188
00653L,富邦印度正2,36,0,36,群益金鼎-三民,2024-10-30,9188
1528,恩德,83,48,35,群益金鼎-三民,2024-10-30,9188
2515,中工,30,2,28,群益金鼎-三民,2024-10-30,9188
8044,網家,135,111,24,群益金鼎-三民,2024-10-30,9188
00935,野村臺灣新科技50,21,0,21,群益金鼎-三民,2024-10-30,9188
6261,久元,21,1,20,群益金鼎-三民,2024-10-30,9188
5880,合庫金,20,0,20,群益金鼎-三民,2024-10-30,9188
4956,光鋐,19,0,19,群益金鼎-三民,2024-10-30,9188
00795B,中信美國公債20年,21,2,19,群益金鼎-三民,2024-10-30,9188
3706,神達,18,0,18,群益金鼎-三民,2024-10-30,9188
6235,華孚,17,0,17,群益金鼎-三民,2024-10-30,9188
00719B,元大美債1-3,16,0,16,群益金鼎-三民,2024-10-30,9188
4931,新盛力,16,0,16,群益金鼎-三民,2024-10-30,9188
4919,新唐,40,25,15,群益金鼎-三民,2024-10-30,9188
2324,仁寶,16,1,15,群益金鼎-三民,2024-10-30,9188
00902,中信電池及儲能,15,0,15,群益金鼎-三民,2024-10-30,9188
00679B,元大美債20年,32,17,15,群益金鼎-三民,2024-10-30,9188
2344,華邦電,16,2,14,群益金鼎-三民,2024-10-30,9188
2887,台新金,13,0,13,群益金鼎-三民,2024-10-30,9188
00948B,中信優息投資級債,24,11,13,群益金鼎-三民,2024-10-30,9188
00882,中信中國高股息,24,11,13,群益金鼎-三民,2024-10-30,9188
2327,國巨,13,1,12,群益金鼎-三民,2024-10-30,9188
2885,元大金,12,0,12,群益金鼎-三民,2024-10-30,9188
8111,立��,21,9,12,群益金鼎-三民,2024-10-30,9188
00945B,凱基美國非投等債,12,0,12,群益金鼎-三民,2024-10-30,9188
3231,緯創,19,7,12,群益金鼎-三民,2024-10-30,9188
6770,力積電,15,3,12,群益金鼎-三民,2024-10-30,9188
2881,富邦金,11,0,11,群益金鼎-三民,2024-10-30,9188
4915,致伸,11,0,11,群益金鼎-三民,2024-10-30,9188
00878,國泰永續高股息,30,19,11,群益金鼎-三民,2024-10-30,9188
2897,王道銀行,11,0,11,群益金鼎-三民,2024-10-30,9188
2731,雄獅,11,0,11,群益金鼎-三民,2024-10-30,9188
00950B,凱基A級公司債,11,0,11,群益金鼎-三民,2024-10-30,9188
2836,高雄銀,10,0,10,群益金鼎-三民,2024-10-30,9188
4729,熒茂,10,0,10,群益金鼎-三民,2024-10-30,9188
5608,四維航,10,0,10,群益金鼎-三民,2024-10-30,9188
6182,合晶,10,0,10,群益金鼎-三民,2024-10-30,9188
3045,台灣大,30,20,10,群益金鼎-三民,2024-10-30,9188
00921,兆豐龍頭等權重,10,0,10,群益金鼎-三民,2024-10-30,9188
4534,慶騰,10,0,10,群益金鼎-三民,2024-10-30,9188
2317,鴻海,40,30,10,群益金鼎-三民,2024-10-30,9188
00712,復華富時不動產,148,5,143,群益金鼎-三民,2024-11-01,9188
00919,群益台灣精選高息,222,97,125,群益金鼎-三民,2024-11-01,9188
00937B,群益ESG投等債20,118,14,104,群益金鼎-三民,2024-11-01,9188
2891,中信金,180,78,102,群益金鼎-三民,2024-11-01,9188
2303,聯電,110,9,101,群益金鼎-三民,2024-11-01,9188
5202,力新,80,1,79,群益金鼎-三民,2024-11-01,9188
2520,冠德,80,12,68,群益金鼎-三民,2024-11-01,9188
2884,玉山金,68,2,66,群益金鼎-三民,2024-11-01,9188
5880,合庫金,66,0,66,群益金鼎-三民,2024-11-01,9188
00929,復華台灣科技優息,135,79,56,群益金鼎-三民,2024-11-01,9188
2317,鴻海,46,9,37,群益金鼎-三民,2024-11-01,9188
00878,國泰永續高股息,154,120,34,群益金鼎-三民,2024-11-01,9188
2344,華邦電,35,4,31,群益金鼎-三民,2024-11-01,9188
9955,佳龍,30,0,30,群益金鼎-三民,2024-11-01,9188
0056,元大高股息,53,25,28,群益金鼎-三民,2024-11-01,9188
00915,凱基優選高股息30,160,136,24,群益金鼎-三民,2024-11-01,9188
00945B,凱基美國非投等債,24,0,24,群益金鼎-三民,2024-11-01,9188
6505,台塑化,32,10,22,群益金鼎-三民,2024-11-01,9188
2887,台新金,24,3,21,群益金鼎-三民,2024-11-01,9188
00938,凱基優選30,25,5,20,群益金鼎-三民,2024-11-01,9188
4538,大詠城,20,0,20,群益金鼎-三民,2024-11-01,9188
2515,中工,20,0,20,群益金鼎-三民,2024-11-01,9188
00948B,中信優息投資級債,20,0,20,群益金鼎-三民,2024-11-01,9188
6285,啟��,20,1,19,群益金鼎-三民,2024-11-01,9188
3013,晟銘電,22,3,19,群益金鼎-三民,2024-11-01,9188
2646,星宇航空,26,8,18,群益金鼎-三民,2024-11-01,9188
1316,上曜,19,1,18,群益金鼎-三民,2024-11-01,9188
4577,達航科技,16,0,16,群益金鼎-三民,2024-11-01,9188
00687B,國泰20年美債,66,51,15,群益金鼎-三民,2024-11-01,9188
2882,國泰金,18,3,15,群益金鼎-三民,2024-11-01,9188
00887,永豐中國科技50大,16,1,15,群益金鼎-三民,2024-11-01,9188
1217,愛之味,15,0,15,群益金鼎-三民,2024-11-01,9188
00830,國泰費城半導體,15,0,15,群益金鼎-三民,2024-11-01,9188
00713,元大台灣高息低波,98,84,14,群益金鼎-三民,2024-11-01,9188
3711,日月光投控,17,3,14,群益金鼎-三民,2024-11-01,9188
6235,華孚,14,0,14,群益金鼎-三民,2024-11-01,9188
00941,中信上游半導體,14,0,14,群益金鼎-三民,2024-11-01,9188
1326,台化,15,2,13,群益金鼎-三民,2024-11-01,9188
2392,正崴,15,2,13,群益金鼎-三民,2024-11-01,9188
00936,台新永續高息中小,13,1,12,群益金鼎-三民,2024-11-01,9188
00943,兆豐電子高息等權,12,0,12,群益金鼎-三民,2024-11-01,9188
00881,國泰台灣5G+,14,2,12,群益金鼎-三民,2024-11-01,9188
2330,台積電,17,6,11,群益金鼎-三民,2024-11-01,9188
2337,旺宏,11,0,11,群益金鼎-三民,2024-11-01,9188
1721,三晃,14,3,11,群益金鼎-三民,2024-11-01,9188
00632R,元大台灣50反1,132,121,11,群益金鼎-三民,2024-11-01,9188
3324,雙鴻,18,8,10,群益金鼎-三民,2024-11-01,9188
2025,千興,10,0,10,群益金鼎-三民,2024-11-01,9188
1605,華新,12,2,10,群益金鼎-三民,2024-11-01,9188
8032,光菱,14,4,10,群益金鼎-三民,2024-11-01,9188
00878,國泰永續高股息,312,117,195,群益金鼎-三民,2024-11-04,9188
00937B,群益ESG投等債20,202,30,172,群益金鼎-三民,2024-11-04,9188
00948B,中信優息投資級債,117,0,117,群益金鼎-三民,2024-11-04,9188
9105,泰金寶-DR,150,90,60,群益金鼎-三民,2024-11-04,9188
00932,兆豐永續高息等權,58,2,56,群益金鼎-三民,2024-11-04,9188
00687B,國泰20年美債,143,88,55,群益金鼎-三民,2024-11-04,9188
00712,復華富時不動產,53,0,53,群益金鼎-三民,2024-11-04,9188
00679B,元大美債20年,145,95,50,群益金鼎-三民,2024-11-04,9188
00637L,元大滬深300正2,77,30,47,群益金鼎-三民,2024-11-04,9188
2303,聯電,74,28,46,群益金鼎-三民,2024-11-04,9188
00959B,大華投等美債15Y+,35,0,35,群益金鼎-三民,2024-11-04,9188
2609,陽明,121,89,32,群益金鼎-三民,2024-11-04,9188
00931B,統一美債20年,32,0,32,群益金鼎-三民,2024-11-04,9188
00919,群益台灣精選高息,46,15,31,群益金鼎-三民,2024-11-04,9188
1531,高林股,30,1,29,群益金鼎-三民,2024-11-04,9188
00891,中信關鍵半導體,31,2,29,群益金鼎-三民,2024-11-04,9188
00680L,元大美債20正2,26,0,26,群益金鼎-三民,2024-11-04,9188
1307,三芳,25,1,24,群益金鼎-三民,2024-11-04,9188
1110,東泥,23,0,23,群益金鼎-三民,2024-11-04,9188
00885,富邦越南,22,1,21,群益金鼎-三民,2024-11-04,9188
4927,泰鼎-KY,22,3,19,群益金鼎-三民,2024-11-04,9188
2371,大同,20,2,18,群益金鼎-三民,2024-11-04,9188
2615,萬海,42,25,17,群益金鼎-三民,2024-11-04,9188
00688L,國泰20年美債正2,15,0,15,群益金鼎-三民,2024-11-04,9188
5284,jpp-KY,14,0,14,群益金鼎-三民,2024-11-04,9188
1217,愛之味,14,0,14,群益金鼎-三民,2024-11-04,9188
8255,朋程,32,18,14,群益金鼎-三民,2024-11-04,9188
00929,復華台灣科技優息,82,69,13,群益金鼎-三民,2024-11-04,9188
4729,熒茂,13,0,13,群益金鼎-三民,2024-11-04,9188
2405,輔信,13,1,12,群益金鼎-三民,2024-11-04,9188
5355,佳總,12,0,12,群益金鼎-三民,2024-11-04,9188
4903,聯光通,23,12,11,群益金鼎-三民,2024-11-04,9188
2337,旺宏,11,0,11,群益金鼎-三民,2024-11-04,9188
4167,松瑞藥,10,0,10,群益金鼎-三民,2024-11-04,9188
8044,網家,19,9,10,群益金鼎-三民,2024-11-04,9188
1710,東聯,10,0,10,群益金鼎-三民,2024-11-04,9188
3025,星通,10,0,10,群益金鼎-三民,2024-11-04,9188
4174,浩鼎,10,0,10,群益金鼎-三民,2024-11-04,9188
00922,國泰台灣領袖50,10,0,10,群益金鼎-三民,2024-11-04,9188
4538,大詠城,10,0,10,群益金鼎-三民,2024-11-04,9188
5452,佶優,10,0,10,群益金鼎-三民,2024-11-04,9188
00927,群益半導體收益,10,0,10,群益金鼎-三民,2024-11-04,9188
6951,青新-創,10,1,9,群益金鼎-三民,2024-11-04,9188
5258,虹堡,11,2,9,群益金鼎-三民,2024-11-04,9188
2426,鼎元,9,0,9,群益金鼎-三民,2024-11-04,9188
00900,富邦特選高股息30,18,9,9,群益金鼎-三民,2024-11-04,9188
5508,永信建,9,1,8,群益金鼎-三民,2024-11-04,9188
8021,尖點,11,3,8,群益金鼎-三民,2024-11-04,9188
3011,今皓,8,0,8,群益金鼎-三民,2024-11-04,9188
2351,順德,10,2,8,群益金鼎-三民,2024-11-04,9188
00878,國泰永續高股息,215,146,69,群益金鼎-三民,2024-11-05,9188
2838,聯邦銀,50,0,50,群益金鼎-三民,2024-11-05,9188
00680L,元大美債20正2,50,0,50,群益金鼎-三民,2024-11-05,9188
2303,聯電,73,25,48,群益金鼎-三民,2024-11-05,9188
0056,元大高股息,51,7,44,群益金鼎-三民,2024-11-05,9188
2605,新興,53,10,43,群益金鼎-三民,2024-11-05,9188
5907,大洋-KY,41,1,40,群益金鼎-三民,2024-11-05,9188
00679B,元大美債20年,86,48,38,群益金鼎-三民,2024-11-05,9188
00650L,復華香港正2,40,5,35,群益金鼎-三民,2024-11-05,9188
2801,彰銀,33,0,33,群益金鼎-三民,2024-11-05,9188
00946,群益科技高息成長,32,3,29,群益金鼎-三民,2024-11-05,9188
00929,復華台灣科技優息,73,46,27,群益金鼎-三民,2024-11-05,9188
6005,群益證,27,0,27,群益金鼎-三民,2024-11-05,9188
6261,久元,27,0,27,群益金鼎-三民,2024-11-05,9188
2883,凱基金,55,33,22,群益金鼎-三民,2024-11-05,9188
00932,兆豐永續高息等權,21,0,21,群益金鼎-三民,2024-11-05,9188
2354,鴻準,93,73,20,群益金鼎-三民,2024-11-05,9188
3013,晟銘電,21,2,19,群益金鼎-三民,2024-11-05,9188
5258,虹堡,35,16,19,群益金鼎-三民,2024-11-05,9188
1110,東泥,18,0,18,群益金鼎-三民,2024-11-05,9188
4430,耀億,16,0,16,群益金鼎-三民,2024-11-05,9188
00915,凱基優選高股息30,120,104,16,群益金鼎-三民,2024-11-05,9188
4956,光鋐,21,6,15,群益金鼎-三民,2024-11-05,9188
1717,長興,15,0,15,群益金鼎-三民,2024-11-05,9188
3711,日月光投控,14,1,13,群益金鼎-三民,2024-11-05,9188
8044,網家,26,13,13,群益金鼎-三民,2024-11-05,9188
6768,志強-KY,12,0,12,群益金鼎-三民,2024-11-05,9188
3049,精金,25,13,12,群益金鼎-三民,2024-11-05,9188
00633L,富邦上証正2,13,1,12,群益金鼎-三民,2024-11-05,9188
00712,復華富時不動產,11,0,11,群益金鼎-三民,2024-11-05,9188
00959B,大華投等美債15Y+,12,1,11,群益金鼎-三民,2024-11-05,9188
00922,國泰台灣領袖50,10,0,10,群益金鼎-三民,2024-11-05,9188
8111,立��,14,4,10,群益金鼎-三民,2024-11-05,9188
2820,華票,10,0,10,群益金鼎-三民,2024-11-05,9188
3305,昇貿,10,0,10,群益金鼎-三民,2024-11-05,9188
6244,茂迪,9,0,9,群益金鼎-三民,2024-11-05,9188
3689,湧德,11,2,9,群益金鼎-三民,2024-11-05,9188
3289,宜特,9,1,8,群益金鼎-三民,2024-11-05,9188
8070,長華*,8,0,8,群益金鼎-三民,2024-11-05,9188
3481,群創,9,1,8,群益金鼎-三民,2024-11-05,9188
2855,統一證,8,0,8,群益金鼎-三民,2024-11-05,9188
2337,旺宏,10,2,8,群益金鼎-三民,2024-11-05,9188
3011,今皓,8,0,8,群益金鼎-三民,2024-11-05,9188
2371,大同,10,2,8,群益金鼎-三民,2024-11-05,9188
1595,川寶,8,1,7,群益金鼎-三民,2024-11-05,9188
2834,臺企銀,7,0,7,群益金鼎-三民,2024-11-05,9188
5243,乙盛-KY,6,0,6,群益金鼎-三民,2024-11-05,9188
1436,華友聯,6,0,6,群益金鼎-三民,2024-11-05,9188
6176,瑞儀,6,0,6,群益金鼎-三民,2024-11-05,9188
00948B,中信優息投資級債,7,1,6,群益金鼎-三民,2024-11-05,9188
00680L,元大美債20正2,193,5,188,群益金鼎-三民,2024-11-06,9188
00878,國泰永續高股息,228,44,184,群益金鼎-三民,2024-11-06,9188
2890,永豐金,101,0,101,群益金鼎-三民,2024-11-06,9188
00937B,群益ESG投等債20,536,442,94,群益金鼎-三民,2024-11-06,9188
00679B,元大美債20年,197,110,87,群益金鼎-三民,2024-11-06,9188
00687B,國泰20年美債,204,127,77,群益金鼎-三民,2024-11-06,9188
00650L,復華香港正2,52,0,52,群益金鼎-三民,2024-11-06,9188
2303,聯電,75,27,48,群益金鼎-三民,2024-11-06,9188
2618,長榮航,50,5,45,群益金鼎-三民,2024-11-06,9188
00948B,中信優息投資級債,43,0,43,群益金鼎-三民,2024-11-06,9188
1785,光洋科,39,2,37,群益金鼎-三民,2024-11-06,9188
2354,鴻準,78,43,35,群益金鼎-三民,2024-11-06,9188
2486,一詮,36,7,29,群益金鼎-三民,2024-11-06,9188
2425,承啟,28,0,28,群益金鼎-三民,2024-11-06,9188
2103,台橡,30,3,27,群益金鼎-三民,2024-11-06,9188
3481,群創,38,12,26,群益金鼎-三民,2024-11-06,9188
6405,悅城,35,9,26,群益金鼎-三民,2024-11-06,9188
4167,松瑞藥,25,0,25,群益金鼎-三民,2024-11-06,9188
1319,東陽,24,0,24,群益金鼎-三民,2024-11-06,9188
0061,元大寶滬深,25,1,24,群益金鼎-三民,2024-11-06,9188
00933B,國泰10Y+金融債,98,75,23,群益金鼎-三民,2024-11-06,9188
2385,群光,23,0,23,群益金鼎-三民,2024-11-06,9188
00688L,國泰20年美債正2,24,1,23,群益金鼎-三民,2024-11-06,9188
00753L,中信中國50正2,22,0,22,群益金鼎-三民,2024-11-06,9188
2349,錸德,23,1,22,群益金鼎-三民,2024-11-06,9188
4904,遠傳,22,0,22,群益金鼎-三民,2024-11-06,9188
2801,彰銀,30,10,20,群益金鼎-三民,2024-11-06,9188
00712,復華富時不動產,32,13,19,群益金鼎-三民,2024-11-06,9188
6505,台塑化,20,1,19,群益金鼎-三民,2024-11-06,9188
00713,元大台灣高息低波,31,15,16,群益金鼎-三民,2024-11-06,9188
2520,冠德,30,15,15,群益金鼎-三民,2024-11-06,9188
00887,永豐中國科技50大,29,15,14,群益金鼎-三民,2024-11-06,9188
8289,泰藝,14,0,14,群益金鼎-三民,2024-11-06,9188
006208,富邦台50,15,2,13,群益金鼎-三民,2024-11-06,9188
0056,元大高股息,32,19,13,群益金鼎-三民,2024-11-06,9188
2324,仁寶,71,58,13,群益金鼎-三民,2024-11-06,9188
00637L,元大滬深300正2,98,86,12,群益金鼎-三民,2024-11-06,9188
8927,北基,14,2,12,群益金鼎-三民,2024-11-06,9188
00950B,凱基A級公司債,12,0,12,群益金鼎-三民,2024-11-06,9188
1436,華友聯,12,0,12,群益金鼎-三民,2024-11-06,9188
2524,京城,12,1,11,群益金鼎-三民,2024-11-06,9188
00655L,國泰中國A50正2,10,0,10,群益金鼎-三民,2024-11-06,9188
00715L,期街口布蘭特正2,10,0,10,群益金鼎-三民,2024-11-06,9188
8039,台虹,14,4,10,群益金鼎-三民,2024-11-06,9188
3234,光環,10,0,10,群益金鼎-三民,2024-11-06,9188
4956,光鋐,20,10,10,群益金鼎-三民,2024-11-06,9188
00939,統一台灣高息動能,10,0,10,群益金鼎-三民,2024-11-06,9188
1326,台化,10,0,10,群益金鼎-三民,2024-11-06,9188
3045,台灣大,10,0,10,群益金鼎-三民,2024-11-06,9188
3005,神基,10,1,9,群益金鼎-三民,2024-11-06,9188
9105,泰金寶-DR,185,59,126,群益金鼎-三民,2024-11-07,9188
2886,兆豐金,94,0,94,群益金鼎-三民,2024-11-07,9188
2356,英業達,76,22,54,群益金鼎-三民,2024-11-07,9188
2891,中信金,152,100,52,群益金鼎-三民,2024-11-07,9188
2028,威致,50,0,50,群益金鼎-三民,2024-11-07,9188
3264,欣銓,52,2,50,群益金鼎-三民,2024-11-07,9188
2337,旺宏,50,1,49,群益金鼎-三民,2024-11-07,9188
6288,聯嘉,121,89,32,群益金鼎-三民,2024-11-07,9188
1785,光洋科,32,3,29,群益金鼎-三民,2024-11-07,9188
2312,金寶,121,96,25,群益金鼎-三民,2024-11-07,9188
2303,聯電,76,51,25,群益金鼎-三民,2024-11-07,9188
00633L,富邦上証正2,26,2,24,群益金鼎-三民,2024-11-07,9188
3303,岱稜,33,10,23,群益金鼎-三民,2024-11-07,9188
2014,中鴻,29,7,22,群益金鼎-三民,2024-11-07,9188
3037,欣興,62,40,22,群益金鼎-三民,2024-11-07,9188
00943,兆豐電子高息等權,20,0,20,群益金鼎-三民,2024-11-07,9188
3260,威剛,21,2,19,群益金鼎-三民,2024-11-07,9188
00953B,群益優選非投等債,19,0,19,群益金鼎-三民,2024-11-07,9188
2331,精英,24,5,19,群益金鼎-三民,2024-11-07,9188
4714,永捷,19,0,19,群益金鼎-三民,2024-11-07,9188
2027,大成鋼,35,16,19,群益金鼎-三民,2024-11-07,9188
3413,京鼎,18,0,18,群益金鼎-三民,2024-11-07,9188
00919,群益台灣精選高息,34,17,17,群益金鼎-三民,2024-11-07,9188
6757,台灣虎航,20,3,17,群益金鼎-三民,2024-11-07,9188
2486,一詮,48,31,17,群益金鼎-三民,2024-11-07,9188
6216,居易,25,9,16,群益金鼎-三民,2024-11-07,9188
6244,茂迪,17,1,16,群益金鼎-三民,2024-11-07,9188
00679B,元大美債20年,71,56,15,群益金鼎-三民,2024-11-07,9188
2328,廣宇,18,3,15,群益金鼎-三民,2024-11-07,9188
2634,漢翔,19,4,15,群益金鼎-三民,2024-11-07,9188
00680L,元大美債20正2,15,0,15,群益金鼎-三民,2024-11-07,9188
00675L,富邦臺灣加權正2,20,5,15,群益金鼎-三民,2024-11-07,9188
2892,第一金,14,0,14,群益金鼎-三民,2024-11-07,9188
8044,網家,21,8,13,群益金鼎-三民,2024-11-07,9188
2615,萬海,29,16,13,群益金鼎-三民,2024-11-07,9188
3552,同致,17,5,12,群益金鼎-三民,2024-11-07,9188
3038,全台,12,0,12,群益金鼎-三民,2024-11-07,9188
6443,元晶,12,0,12,群益金鼎-三民,2024-11-07,9188
00922,國泰台灣領袖50,12,0,12,群益金鼎-三民,2024-11-07,9188
4533,協易機,20,8,12,群益金鼎-三民,2024-11-07,9188
00687B,國泰20年美債,93,81,12,群益金鼎-三民,2024-11-07,9188
00688L,國泰20年美債正2,11,0,11,群益金鼎-三民,2024-11-07,9188
00650L,復華香港正2,16,5,11,群益金鼎-三民,2024-11-07,9188
2399,映泰,32,21,11,群益金鼎-三民,2024-11-07,9188
3581,博磊,11,0,11,群益金鼎-三民,2024-11-07,9188
1101,台泥,11,0,11,群益金鼎-三民,2024-11-07,9188
00887,永豐中國科技50大,18,7,11,群益金鼎-三民,2024-11-07,9188
2613,中櫃,14,3,11,群益金鼎-三民,2024-11-07,9188
2603,長榮,16,6,10,群益金鼎-三民,2024-11-07,9188
2351,順德,14,4,10,群益金鼎-三民,2024-11-07,9188
00632R,元大台灣50反1,527,0,527,群益金鼎-三民,2024-11-08,9188
00937B,群益ESG投等債20,435,40,395,群益金鼎-三民,2024-11-08,9188
00945B,凱基美國非投等債,166,0,166,群益金鼎-三民,2024-11-08,9188
00637L,元大滬深300正2,249,103,146,群益金鼎-三民,2024-11-08,9188
00953B,群益優選非投等債,108,10,98,群益金鼎-三民,2024-11-08,9188
00878,國泰永續高股息,105,8,97,群益金鼎-三民,2024-11-08,9188
9105,泰金寶-DR,180,111,69,群益金鼎-三民,2024-11-08,9188
3062,建漢,91,39,52,群益金鼎-三民,2024-11-08,9188
2323,中環,50,0,50,群益金鼎-三民,2024-11-08,9188
2610,華航,45,0,45,群益金鼎-三民,2024-11-08,9188
00665L,富邦�琤肭磪囓�2,168,128,40,群益金鼎-三民,2024-11-08,9188
00650L,復華香港正2,49,12,37,群益金鼎-三民,2024-11-08,9188
2601,益航,30,0,30,群益金鼎-三民,2024-11-08,9188
2324,仁寶,29,1,28,群益金鼎-三民,2024-11-08,9188
00948B,中信優息投資級債,44,16,28,群益金鼎-三民,2024-11-08,9188
2477,美隆電,29,1,28,群益金鼎-三民,2024-11-08,9188
2313,華通,29,2,27,群益金鼎-三民,2024-11-08,9188
00655L,國泰中國A50正2,26,0,26,群益金鼎-三民,2024-11-08,9188
2368,金像電,54,29,25,群益金鼎-三民,2024-11-08,9188
4903,聯光通,31,8,23,群益金鼎-三民,2024-11-08,9188
00881,國泰台灣5G+,28,6,22,群益金鼎-三民,2024-11-08,9188
3715,定穎投控,52,31,21,群益金鼎-三民,2024-11-08,9188
8039,台虹,27,6,21,群益金鼎-三民,2024-11-08,9188
2890,永豐金,20,0,20,群益金鼎-三民,2024-11-08,9188
2528,皇普,60,40,20,群益金鼎-三民,2024-11-08,9188
00882,中信中國高股息,25,5,20,群益金鼎-三民,2024-11-08,9188
2314,台揚,26,6,20,群益金鼎-三民,2024-11-08,9188
3701,大眾控,24,5,19,群益金鼎-三民,2024-11-08,9188
2880,華南金,20,1,19,群益金鼎-三民,2024-11-08,9188
2405,輔信,20,2,18,群益金鼎-三民,2024-11-08,9188
2014,中鴻,18,1,17,群益金鼎-三民,2024-11-08,9188
2388,威盛,25,9,16,群益金鼎-三民,2024-11-08,9188
4541,晟田,16,0,16,群益金鼎-三民,2024-11-08,9188
9945,潤泰新,43,27,16,群益金鼎-三民,2024-11-08,9188
3380,明泰,20,4,16,群益金鼎-三民,2024-11-08,9188
3044,健鼎,16,1,15,群益金鼎-三民,2024-11-08,9188
4540,全球傳動,16,1,15,群益金鼎-三民,2024-11-08,9188
2385,群光,15,1,14,群益金鼎-三民,2024-11-08,9188
3037,欣興,28,14,14,群益金鼎-三民,2024-11-08,9188
8261,富鼎,22,9,13,群益金鼎-三民,2024-11-08,9188
8047,星雲,19,6,13,群益金鼎-三民,2024-11-08,9188
1531,高林股,144,131,13,群益金鼎-三民,2024-11-08,9188
6151,晉倫,14,1,13,群益金鼎-三民,2024-11-08,9188
6708,天擎,13,0,13,群益金鼎-三民,2024-11-08,9188
6788,華景電,12,0,12,群益金鼎-三民,2024-11-08,9188
8096,擎亞,22,10,12,群益金鼎-三民,2024-11-08,9188
4714,永捷,11,0,11,群益金鼎-三民,2024-11-08,9188
2897,王道銀行,11,0,11,群益金鼎-三民,2024-11-08,9188
8043,蜜望實,11,0,11,群益金鼎-三民,2024-11-08,9188
4716,大立,11,0,11,群益金鼎-三民,2024-11-08,9188
3231,緯創,184,18,166,群益金鼎-三民,2024-11-11,9188
00878,國泰永續高股息,256,146,110,群益金鼎-三民,2024-11-11,9188
00937B,群益ESG投等債20,192,120,72,群益金鼎-三民,2024-11-11,9188
1605,華新,57,3,54,群益金鼎-三民,2024-11-11,9188
2887,台新金,56,3,53,群益金鼎-三民,2024-11-11,9188
00909,國泰數位支付服務,52,0,52,群益金鼎-三民,2024-11-11,9188
3037,欣興,57,9,48,群益金鼎-三民,2024-11-11,9188
2353,宏��,48,1,47,群益金鼎-三民,2024-11-11,9188
9105,泰金寶-DR,65,19,46,群益金鼎-三民,2024-11-11,9188
2605,新興,44,3,41,群益金鼎-三民,2024-11-11,9188
00948B,中信優息投資級債,41,0,41,群益金鼎-三民,2024-11-11,9188
6156,松上,46,6,40,群益金鼎-三民,2024-11-11,9188
00665L,富邦�琤肭磪囓�2,40,0,40,群益金鼎-三民,2024-11-11,9188
2497,怡利電,41,1,40,群益金鼎-三民,2024-11-11,9188
1449,佳和,41,4,37,群益金鼎-三民,2024-11-11,9188
2312,金寶,46,15,31,群益金鼎-三民,2024-11-11,9188
3059,華晶科,30,0,30,群益金鼎-三民,2024-11-11,9188
00753L,中信中國50正2,26,0,26,群益金鼎-三民,2024-11-11,9188
2520,冠德,111,86,25,群益金鼎-三民,2024-11-11,9188
00915,凱基優選高股息30,109,86,23,群益金鼎-三民,2024-11-11,9188
1584,精剛,21,0,21,群益金鼎-三民,2024-11-11,9188
3033,威健,20,0,20,群益金鼎-三民,2024-11-11,9188
2601,益航,20,0,20,群益金鼎-三民,2024-11-11,9188
4167,松瑞藥,20,0,20,群益金鼎-三民,2024-11-11,9188
6443,元晶,33,14,19,群益金鼎-三民,2024-11-11,9188
1717,長興,19,0,19,群益金鼎-三民,2024-11-11,9188
00673R,期元大S＆P原油反1,18,0,18,群益金鼎-三民,2024-11-11,9188
1587,吉茂,26,9,17,群益金鼎-三民,2024-11-11,9188
8289,泰藝,17,0,17,群益金鼎-三民,2024-11-11,9188
2609,陽明,20,4,16,群益金鼎-三民,2024-11-11,9188
00713,元大台灣高息低波,98,82,16,群益金鼎-三民,2024-11-11,9188
2025,千興,15,0,15,群益金鼎-三民,2024-11-11,9188
3481,群創,21,6,15,群益金鼎-三民,2024-11-11,9188
5438,東友,30,15,15,群益金鼎-三民,2024-11-11,9188
00945B,凱基美國非投等債,14,0,14,群益金鼎-三民,2024-11-11,9188
6877,鏵友益,22,8,14,群益金鼎-三民,2024-11-11,9188
1709,和益,13,0,13,群益金鼎-三民,2024-11-11,9188
00922,國泰台灣領袖50,23,10,13,群益金鼎-三民,2024-11-11,9188
2392,正崴,24,11,13,群益金鼎-三民,2024-11-11,9188
00679B,元大美債20年,63,51,12,群益金鼎-三民,2024-11-11,9188
2880,華南金,13,1,12,群益金鼎-三民,2024-11-11,9188
6024,群益期,11,0,11,群益金鼎-三民,2024-11-11,9188
00930,永豐ESG低碳高息,11,0,11,群益金鼎-三民,2024-11-11,9188
5515,建國,15,4,11,群益金鼎-三民,2024-11-11,9188
3706,神達,28,17,11,群益金鼎-三民,2024-11-11,9188
1447,力鵬,20,10,10,群益金鼎-三民,2024-11-11,9188
6606,建德工業,10,0,10,群益金鼎-三民,2024-11-11,9188
2905,三商,10,0,10,群益金鼎-三民,2024-11-11,9188
5880,合庫金,10,0,10,群益金鼎-三民,2024-11-11,9188
3673,TPK-KY,10,0,10,群益金鼎-三民,2024-11-11,9188
00671R,富邦NASDAQ反1,284,0,284,群益金鼎-三民,2024-11-12,9188
00878,國泰永續高股息,295,95,200,群益金鼎-三民,2024-11-12,9188
2883,凱基金,205,10,195,群益金鼎-三民,2024-11-12,9188
2890,永豐金,447,302,145,群益金鼎-三民,2024-11-12,9188
1524,耿鼎,140,11,129,群益金鼎-三民,2024-11-12,9188
2356,英業達,123,18,105,群益金鼎-三民,2024-11-12,9188
5871,中租-KY,64,0,64,群益金鼎-三民,2024-11-12,9188
0056,元大高股息,60,0,60,群益金鼎-三民,2024-11-12,9188
00919,群益台灣精選高息,70,12,58,群益金鼎-三民,2024-11-12,9188
00881,國泰台灣5G+,50,0,50,群益金鼎-三民,2024-11-12,9188
2610,華航,80,32,48,群益金鼎-三民,2024-11-12,9188
5398,慕康生醫,44,0,44,群益金鼎-三民,2024-11-12,9188
2834,臺企銀,76,35,41,群益金鼎-三民,2024-11-12,9188
3059,華晶科,41,0,41,群益金鼎-三民,2024-11-12,9188
1314,中石化,46,5,41,群益金鼎-三民,2024-11-12,9188
00953B,群益優選非投等債,40,0,40,群益金鼎-三民,2024-11-12,9188
5880,合庫金,41,1,40,群益金鼎-三民,2024-11-12,9188
00940,元大台灣價值高息,53,14,39,群益金鼎-三民,2024-11-12,9188
2609,陽明,63,24,39,群益金鼎-三民,2024-11-12,9188
2882,國泰金,44,6,38,群益金鼎-三民,2024-11-12,9188
1110,東泥,38,0,38,群益金鼎-三民,2024-11-12,9188
2353,宏��,37,0,37,群益金鼎-三民,2024-11-12,9188
2354,鴻準,114,77,37,群益金鼎-三民,2024-11-12,9188
00665L,富邦�琤肭磪囓�2,38,1,37,群益金鼎-三民,2024-11-12,9188
6235,華孚,39,7,32,群益金鼎-三民,2024-11-12,9188
2838,聯邦銀,30,0,30,群益金鼎-三民,2024-11-12,9188
6443,元晶,30,0,30,群益金鼎-三民,2024-11-12,9188
2317,鴻海,35,7,28,群益金鼎-三民,2024-11-12,9188
2002,中鋼,27,0,27,群益金鼎-三民,2024-11-12,9188
00715L,期街口布蘭特正2,27,2,25,群益金鼎-三民,2024-11-12,9188
006208,富邦台50,25,1,24,群益金鼎-三民,2024-11-12,9188
2344,華邦電,23,1,22,群益金鼎-三民,2024-11-12,9188
2897,王道銀行,21,0,21,群益金鼎-三民,2024-11-12,9188
2515,中工,21,0,21,群益金鼎-三民,2024-11-12,9188
00713,元大台灣高息低波,104,83,21,群益金鼎-三民,2024-11-12,9188
2883B,凱基金乙特,20,0,20,群益金鼎-三民,2024-11-12,9188
1326,台化,33,14,19,群益金鼎-三民,2024-11-12,9188
6182,合晶,19,0,19,群益金鼎-三民,2024-11-12,9188
2888,新光金,19,0,19,群益金鼎-三民,2024-11-12,9188
2014,中鴻,18,0,18,群益金鼎-三民,2024-11-12,9188
4167,松瑞藥,19,1,18,群益金鼎-三民,2024-11-12,9188
3481,群創,18,0,18,群益金鼎-三民,2024-11-12,9188
8473,山林水,18,1,17,群益金鼎-三民,2024-11-12,9188
3511,矽瑪,18,1,17,群益金鼎-三民,2024-11-12,9188
00631L,元大台灣50正2,15,0,15,群益金鼎-三民,2024-11-12,9188
00915,凱基優選高股息30,179,164,15,群益金鼎-三民,2024-11-12,9188
00753L,中信中國50正2,15,0,15,群益金鼎-三民,2024-11-12,9188
1528,恩德,15,0,15,群益金鼎-三民,2024-11-12,9188
2615,萬海,33,18,15,群益金鼎-三民,2024-11-12,9188
3231,緯創,52,38,14,群益金鼎-三民,2024-11-12,9188
00687B,國泰20年美債,242,70,172,群益金鼎-三民,2024-11-13,9188
00878,國泰永續高股息,305,143,162,群益金鼎-三民,2024-11-13,9188
2834,臺企銀,449,300,149,群益金鼎-三民,2024-11-13,9188
00953B,群益優選非投等債,97,1,96,群益金鼎-三民,2024-11-13,9188
2883,凱基金,89,5,84,群益金鼎-三民,2024-11-13,9188
4931,新盛力,77,20,57,群益金鼎-三民,2024-11-13,9188
2303,聯電,52,4,48,群益金鼎-三民,2024-11-13,9188
00712,復華富時不動產,45,0,45,群益金鼎-三民,2024-11-13,9188
2838,聯邦銀,42,0,42,群益金鼎-三民,2024-11-13,9188
00679B,元大美債20年,108,71,37,群益金鼎-三民,2024-11-13,9188
1466,聚隆,37,0,37,群益金鼎-三民,2024-11-13,9188
2527,宏璟,47,11,36,群益金鼎-三民,2024-11-13,9188
00945B,凱基美國非投等債,36,0,36,群益金鼎-三民,2024-11-13,9188
00915,凱基優選高股息30,185,150,35,群益金鼎-三民,2024-11-13,9188
3481,群創,44,11,33,群益金鼎-三民,2024-11-13,9188
2891,中信金,34,2,32,群益金鼎-三民,2024-11-13,9188
2353,宏��,30,0,30,群益金鼎-三民,2024-11-13,9188
00919,群益台灣精選高息,31,1,30,群益金鼎-三民,2024-11-13,9188
00680L,元大美債20正2,29,0,29,群益金鼎-三民,2024-11-13,9188
3015,全漢,49,20,29,群益金鼎-三民,2024-11-13,9188
2609,陽明,50,24,26,群益金鼎-三民,2024-11-13,9188
5515,建國,25,2,23,群益金鼎-三民,2024-11-13,9188
2882,國泰金,23,1,22,群益金鼎-三民,2024-11-13,9188
2330,台積電,24,2,22,群益金鼎-三民,2024-11-13,9188
1464,得力,22,0,22,群益金鼎-三民,2024-11-13,9188
8404,百和興業-KY,22,1,21,群益金鼎-三民,2024-11-13,9188
5880,合庫金,20,0,20,群益金鼎-三民,2024-11-13,9188
2820,華票,20,0,20,群益金鼎-三民,2024-11-13,9188
1218,泰山,21,1,20,群益金鼎-三民,2024-11-13,9188
8150,南茂,20,1,19,群益金鼎-三民,2024-11-13,9188
6288,聯嘉,26,8,18,群益金鼎-三民,2024-11-13,9188
2646,星宇航空,23,5,18,群益金鼎-三民,2024-11-13,9188
4979,華星光,45,27,18,群益金鼎-三民,2024-11-13,9188
1110,東泥,17,0,17,群益金鼎-三民,2024-11-13,9188
00891,中信關鍵半導體,21,5,16,群益金鼎-三民,2024-11-13,9188
2408,南亞科,22,6,16,群益金鼎-三民,2024-11-13,9188
2344,華邦電,15,0,15,群益金鼎-三民,2024-11-13,9188
3162,精確,17,2,15,群益金鼎-三民,2024-11-13,9188
00665L,富邦�琤肭磪囓�2,25,10,15,群益金鼎-三民,2024-11-13,9188
00632R,元大台灣50反1,15,0,15,群益金鼎-三民,2024-11-13,9188
2354,鴻準,34,20,14,群益金鼎-三民,2024-11-13,9188
00715L,期街口布蘭特正2,34,20,14,群益金鼎-三民,2024-11-13,9188
00943,兆豐電子高息等權,13,0,13,群益金鼎-三民,2024-11-13,9188
8070,長華*,13,0,13,群益金鼎-三民,2024-11-13,9188
2337,旺宏,12,0,12,群益金鼎-三民,2024-11-13,9188
1314,中石化,12,0,12,群益金鼎-三民,2024-11-13,9188
3706,神達,93,81,12,群益金鼎-三民,2024-11-13,9188
0056,元大高股息,11,0,11,群益金鼎-三民,2024-11-13,9188
2409,友達,11,0,11,群益金鼎-三民,2024-11-13,9188
00633L,富邦上証正2,13,2,11,群益金鼎-三民,2024-11-13,9188
00878,國泰永續高股息,611,120,491,群益金鼎-三民,2024-11-14,9188
00929,復華台灣科技優息,141,1,140,群益金鼎-三民,2024-11-14,9188
2883,凱基金,116,0,116,群益金鼎-三民,2024-11-14,9188
2303,聯電,113,5,108,群益金鼎-三民,2024-11-14,9188
00687B,國泰20年美債,120,41,79,群益金鼎-三民,2024-11-14,9188
00753L,中信中國50正2,76,0,76,群益金鼎-三民,2024-11-14,9188
0056,元大高股息,78,7,71,群益金鼎-三民,2024-11-14,9188
00675L,富邦臺灣加權正2,55,0,55,群益金鼎-三民,2024-11-14,9188
5880,合庫金,45,0,45,群益金鼎-三民,2024-11-14,9188
2609,陽明,47,8,39,群益金鼎-三民,2024-11-14,9188
6609,瀧澤科,46,8,38,群益金鼎-三民,2024-11-14,9188
1314,中石化,38,2,36,群益金鼎-三民,2024-11-14,9188
2317,鴻海,54,19,35,群益金鼎-三民,2024-11-14,9188
00946,群益科技高息成長,48,16,32,群益金鼎-三民,2024-11-14,9188
00919,群益台灣精選高息,42,11,31,群益金鼎-三民,2024-11-14,9188
2892,第一金,30,0,30,群益金鼎-三民,2024-11-14,9188
00940,元大台灣價值高息,30,0,30,群益金鼎-三民,2024-11-14,9188
4563,百德,31,2,29,群益金鼎-三民,2024-11-14,9188
2812,台中銀,28,0,28,群益金鼎-三民,2024-11-14,9188
2344,華邦電,28,0,28,群益金鼎-三民,2024-11-14,9188
00679B,元大美債20年,48,21,27,群益金鼎-三民,2024-11-14,9188
1301,台塑,28,1,27,群益金鼎-三民,2024-11-14,9188
1464,得力,29,2,27,群益金鼎-三民,2024-11-14,9188
00881,國泰台灣5G+,26,0,26,群益金鼎-三民,2024-11-14,9188
2838,聯邦銀,50,25,25,群益金鼎-三民,2024-11-14,9188
00922,國泰台灣領袖50,25,0,25,群益金鼎-三民,2024-11-14,9188
3037,欣興,27,7,20,群益金鼎-三民,2024-11-14,9188
2880,華南金,20,0,20,群益金鼎-三民,2024-11-14,9188
2241,艾姆勒,20,1,19,群益金鼎-三民,2024-11-14,9188
2337,旺宏,17,0,17,群益金鼎-三民,2024-11-14,9188
3576,聯合再生,34,17,17,群益金鼎-三民,2024-11-14,9188
3597,映興,18,3,15,群益金鼎-三民,2024-11-14,9188
2301,光寶科,212,197,15,群益金鼎-三民,2024-11-14,9188
6282,康舒,16,1,15,群益金鼎-三民,2024-11-14,9188
1532,勤美,19,4,15,群益金鼎-三民,2024-11-14,9188
00665L,富邦�琤肭磪囓�2,15,0,15,群益金鼎-三民,2024-11-14,9188
00915,凱基優選高股息30,115,100,15,群益金鼎-三民,2024-11-14,9188
8039,台虹,14,0,14,群益金鼎-三民,2024-11-14,9188
2382,廣達,17,3,14,群益金鼎-三民,2024-11-14,9188
00764B,群益25年美債,23,10,13,群益金鼎-三民,2024-11-14,9188
1587,吉茂,19,6,13,群益金鼎-三民,2024-11-14,9188
2474,可成,13,0,13,群益金鼎-三民,2024-11-14,9188
3231,緯創,17,5,12,群益金鼎-三民,2024-11-14,9188
2409,友達,14,2,12,群益金鼎-三民,2024-11-14,9188
6877,鏵友益,12,0,12,群益金鼎-三民,2024-11-14,9188
4174,浩鼎,12,0,12,群益金鼎-三民,2024-11-14,9188
2323,中環,12,0,12,群益金鼎-三民,2024-11-14,9188
00941,中信上游半導體,12,0,12,群益金鼎-三民,2024-11-14,9188
6589,台康生技,12,0,12,群益金鼎-三民,2024-11-14,9188
4167,松瑞藥,12,0,12,群益金鼎-三民,2024-11-14,9188
00878,國泰永續高股息,386,129,257,群益金鼎-三民,2024-11-15,9188
00632R,元大台灣50反1,220,0,220,群益金鼎-三民,2024-11-15,9188
00687B,國泰20年美債,119,12,107,群益金鼎-三民,2024-11-15,9188
2317,鴻海,77,9,68,群益金鼎-三民,2024-11-15,9188
00953B,群益優選非投等債,67,0,67,群益金鼎-三民,2024-11-15,9188
00882,中信中國高股息,60,0,60,群益金鼎-三民,2024-11-15,9188
00948B,中信優息投資級債,55,6,49,群益金鼎-三民,2024-11-15,9188
2382,廣達,42,7,35,群益金鼎-三民,2024-11-15,9188
2324,仁寶,262,228,34,群益金鼎-三民,2024-11-15,9188
3045,台灣大,93,60,33,群益金鼎-三民,2024-11-15,9188
00885,富邦越南,27,1,26,群益金鼎-三民,2024-11-15,9188
00637L,元大滬深300正2,117,92,25,群益金鼎-三民,2024-11-15,9188
1219,福壽,25,0,25,群益金鼎-三民,2024-11-15,9188
00943,兆豐電子高息等權,24,0,24,群益金鼎-三民,2024-11-15,9188
4576,大銀微系統,24,0,24,群益金鼎-三民,2024-11-15,9188
00929,復華台灣科技優息,24,1,23,群益金鼎-三民,2024-11-15,9188
6869,雲豹能源,25,3,22,群益金鼎-三民,2024-11-15,9188
2002,中鋼,22,0,22,群益金鼎-三民,2024-11-15,9188
2885,元大金,25,4,21,群益金鼎-三民,2024-11-15,9188
2905,三商,18,0,18,群益金鼎-三民,2024-11-15,9188
2646,星宇航空,20,2,18,群益金鼎-三民,2024-11-15,9188
4931,新盛力,36,18,18,群益金鼎-三民,2024-11-15,9188
2392,正崴,33,17,16,群益金鼎-三民,2024-11-15,9188
2377,微星,29,13,16,群益金鼎-三民,2024-11-15,9188
00945B,凱基美國非投等債,16,1,15,群益金鼎-三民,2024-11-15,9188
3231,緯創,31,17,14,群益金鼎-三民,2024-11-15,9188
2641,正德,25,11,14,群益金鼎-三民,2024-11-15,9188
2461,光群雷,14,0,14,群益金鼎-三民,2024-11-15,9188
1464,得力,25,13,12,群益金鼎-三民,2024-11-15,9188
6877,鏵友益,14,2,12,群益金鼎-三民,2024-11-15,9188
3518,柏騰,12,0,12,群益金鼎-三民,2024-11-15,9188
3704,合勤控,11,0,11,群益金鼎-三民,2024-11-15,9188
2376,技嘉,13,3,10,群益金鼎-三民,2024-11-15,9188
2528,皇普,60,50,10,群益金鼎-三民,2024-11-15,9188
2913,農林,10,0,10,群益金鼎-三民,2024-11-15,9188
00665L,富邦�琤肭磪囓�2,10,0,10,群益金鼎-三民,2024-11-15,9188
2472,立隆電,13,3,10,群益金鼎-三民,2024-11-15,9188
1309,台達化,12,2,10,群益金鼎-三民,2024-11-15,9188
2355,敬鵬,10,0,10,群益金鼎-三民,2024-11-15,9188
1611,中電,9,0,9,群益金鼎-三民,2024-11-15,9188
3706,神達,138,129,9,群益金鼎-三民,2024-11-15,9188
3511,矽瑪,11,2,9,群益金鼎-三民,2024-11-15,9188
8089,康全電訊,11,2,9,群益金鼎-三民,2024-11-15,9188
3015,全漢,19,10,9,群益金鼎-三民,2024-11-15,9188
3037,欣興,8,0,8,群益金鼎-三民,2024-11-15,9188
5871,中租-KY,10,2,8,群益金鼎-三民,2024-11-15,9188
3450,聯鈞,13,5,8,群益金鼎-三民,2024-11-15,9188
6405,悅城,10,2,8,群益金鼎-三民,2024-11-15,9188
4526,東台,10,2,8,群益金鼎-三民,2024-11-15,9188
00730,富邦臺灣優質高息,7,0,7,群益金鼎-三民,2024-11-15,9188
9105,泰金寶-DR,1204,48,1156,群益金鼎-三民,2024-11-18,9188
00878,國泰永續高股息,510,142,368,群益金鼎-三民,2024-11-18,9188
00943,兆豐電子高息等權,144,0,144,群益金鼎-三民,2024-11-18,9188
2812,台中銀,116,0,116,群益金鼎-三民,2024-11-18,9188
00951,台新日本半導體,100,0,100,群益金鼎-三民,2024-11-18,9188
2312,金寶,135,59,76,群益金鼎-三民,2024-11-18,9188
8044,網家,141,80,61,群益金鼎-三民,2024-11-18,9188
00764B,群益25年美債,227,170,57,群益金鼎-三民,2024-11-18,9188
00953B,群益優選非投等債,84,30,54,群益金鼎-三民,2024-11-18,9188
912000,晨訊科-DR,50,0,50,群益金鼎-三民,2024-11-18,9188
00932,兆豐永續高息等權,39,0,39,群益金鼎-三民,2024-11-18,9188
00679B,元大美債20年,106,70,36,群益金鼎-三民,2024-11-18,9188
2324,仁寶,67,33,34,群益金鼎-三民,2024-11-18,9188
00687B,國泰20年美債,113,81,32,群益金鼎-三民,2024-11-18,9188
2887,台新金,30,0,30,群益金鼎-三民,2024-11-18,9188
00929,復華台灣科技優息,62,33,29,群益金鼎-三民,2024-11-18,9188
8028,昇陽半導體,35,6,29,群益金鼎-三民,2024-11-18,9188
0056,元大高股息,28,0,28,群益金鼎-三民,2024-11-18,9188
2344,華邦電,28,0,28,群益金鼎-三民,2024-11-18,9188
2408,南亞科,27,1,26,群益金鼎-三民,2024-11-18,9188
2885,元大金,25,0,25,群益金鼎-三民,2024-11-18,9188
6505,台塑化,24,2,22,群益金鼎-三民,2024-11-18,9188
8039,台虹,21,0,21,群益金鼎-三民,2024-11-18,9188
3707,漢磊,20,0,20,群益金鼎-三民,2024-11-18,9188
00946,群益科技高息成長,20,0,20,群益金鼎-三民,2024-11-18,9188
4577,達航科技,20,0,20,群益金鼎-三民,2024-11-18,9188
00673R,期元大S＆P原油反1,20,0,20,群益金鼎-三民,2024-11-18,9188
1101,台泥,24,4,20,群益金鼎-三民,2024-11-18,9188
1326,台化,40,23,17,群益金鼎-三民,2024-11-18,9188
5880,合庫金,17,0,17,群益金鼎-三民,2024-11-18,9188
6005,群益證,15,0,15,群益金鼎-三民,2024-11-18,9188
006208,富邦台50,15,0,15,群益金鼎-三民,2024-11-18,9188
00930,永豐ESG低碳高息,14,0,14,群益金鼎-三民,2024-11-18,9188
2458,義隆,161,147,14,群益金鼎-三民,2024-11-18,9188
2317,鴻海,35,22,13,群益金鼎-三民,2024-11-18,9188
00891,中信關鍵半導體,12,0,12,群益金鼎-三民,2024-11-18,9188
00905,FT臺灣Smart,12,0,12,群益金鼎-三民,2024-11-18,9188
2530,華建,12,0,12,群益金鼎-三民,2024-11-18,9188
3551,世禾,12,0,12,群益金鼎-三民,2024-11-18,9188
00919,群益台灣精選高息,18,7,11,群益金鼎-三民,2024-11-18,9188
00713,元大台灣高息低波,37,26,11,群益金鼎-三民,2024-11-18,9188
00680L,元大美債20正2,11,0,11,群益金鼎-三民,2024-11-18,9188
2520,冠德,11,0,11,群益金鼎-三民,2024-11-18,9188
2618,長榮航,66,55,11,群益金鼎-三民,2024-11-18,9188
6741,91APP*-KY,11,1,10,群益金鼎-三民,2024-11-18,9188
1314,中石化,10,0,10,群益金鼎-三民,2024-11-18,9188
00772B,中信高評級公司債,12,2,10,群益金鼎-三民,2024-11-18,9188
00715L,期街口布蘭特正2,10,0,10,群益金鼎-三民,2024-11-18,9188
2613,中櫃,10,0,10,群益金鼎-三民,2024-11-18,9188
2476,鉅祥,10,1,9,群益金鼎-三民,2024-11-18,9188
00878,國泰永續高股息,177,26,151,群益金鼎-三民,2024-11-19,9188
00637L,元大滬深300正2,162,13,149,群益金鼎-三民,2024-11-19,9188
00953B,群益優選非投等債,47,2,45,群益金鼎-三民,2024-11-19,9188
00687B,國泰20年美債,89,49,40,群益金鼎-三民,2024-11-19,9188
1305,華夏,40,0,40,群益金鼎-三民,2024-11-19,9188
5309,系統電,45,11,34,群益金鼎-三民,2024-11-19,9188
00764B,群益25年美債,253,224,29,群益金鼎-三民,2024-11-19,9188
2392,正崴,31,4,27,群益金鼎-三民,2024-11-19,9188
2356,英業達,26,0,26,群益金鼎-三民,2024-11-19,9188
2353,宏��,27,1,26,群益金鼎-三民,2024-11-19,9188
2317,鴻海,35,10,25,群益金鼎-三民,2024-11-19,9188
00679B,元大美債20年,25,1,24,群益金鼎-三民,2024-11-19,9188
00946,群益科技高息成長,21,0,21,群益金鼎-三民,2024-11-19,9188
2884,玉山金,213,192,21,群益金鼎-三民,2024-11-19,9188
1218,泰山,20,0,20,群益金鼎-三民,2024-11-19,9188
4743,合一,20,1,19,群益金鼎-三民,2024-11-19,9188
00930,永豐ESG低碳高息,18,0,18,群益金鼎-三民,2024-11-19,9188
00680L,元大美債20正2,18,0,18,群益金鼎-三民,2024-11-19,9188
1301,台塑,15,0,15,群益金鼎-三民,2024-11-19,9188
00713,元大台灣高息低波,86,73,13,群益金鼎-三民,2024-11-19,9188
00945B,凱基美國非投等債,13,0,13,群益金鼎-三民,2024-11-19,9188
6821,聯寶,16,4,12,群益金鼎-三民,2024-11-19,9188
3015,全漢,13,1,12,群益金鼎-三民,2024-11-19,9188
00915,凱基優選高股息30,161,150,11,群益金鼎-三民,2024-11-19,9188
5519,隆大,11,0,11,群益金鼎-三民,2024-11-19,9188
3323,加百裕,26,16,10,群益金鼎-三民,2024-11-19,9188
1737,臺鹽,10,0,10,群益金鼎-三民,2024-11-19,9188
6741,91APP*-KY,10,0,10,群益金鼎-三民,2024-11-19,9188
6153,嘉聯益,10,0,10,群益金鼎-三民,2024-11-19,9188
00643,群益深証中小,40,30,10,群益金鼎-三民,2024-11-19,9188
2316,楠梓電,10,0,10,群益金鼎-三民,2024-11-19,9188
4927,泰鼎-KY,11,1,10,群益金鼎-三民,2024-11-19,9188
3036,文曄,92,83,9,群益金鼎-三民,2024-11-19,9188
3038,全台,9,0,9,群益金鼎-三民,2024-11-19,9188
8104,錸寶,35,26,9,群益金鼎-三民,2024-11-19,9188
4931,新盛力,15,6,9,群益金鼎-三民,2024-11-19,9188
6180,橘子,9,0,9,群益金鼎-三民,2024-11-19,9188
2382,廣達,11,3,8,群益金鼎-三民,2024-11-19,9188
6126,信音,10,2,8,群益金鼎-三民,2024-11-19,9188
3231,緯創,17,9,8,群益金鼎-三民,2024-11-19,9188
00655L,國泰中國A50正2,8,0,8,群益金鼎-三民,2024-11-19,9188
2329,華泰,25,17,8,群益金鼎-三民,2024-11-19,9188
2367,燿華,10,2,8,群益金鼎-三民,2024-11-19,9188
2929,淘帝-KY,9,1,8,群益金鼎-三民,2024-11-19,9188
5515,建國,8,0,8,群益金鼎-三民,2024-11-19,9188
3234,光環,8,0,8,群益金鼎-三民,2024-11-19,9188
2891,中信金,7,0,7,群益金鼎-三民,2024-11-19,9188
2890,永豐金,17,10,7,群益金鼎-三民,2024-11-19,9188
3305,昇貿,7,0,7,群益金鼎-三民,2024-11-19,9188
2449,京元電子,14,7,7,群益金鼎-三民,2024-11-19,9188
2834,臺企銀,555,0,555,群益金鼎-三民,2024-11-20,9188
2888,新光金,250,30,220,群益金鼎-三民,2024-11-20,9188
00687B,國泰20年美債,191,67,124,群益金鼎-三民,2024-11-20,9188
00878,國泰永續高股息,165,67,98,群益金鼎-三民,2024-11-20,9188
00713,元大台灣高息低波,101,14,87,群益金鼎-三民,2024-11-20,9188
2354,鴻準,113,44,69,群益金鼎-三民,2024-11-20,9188
2646,星宇航空,51,0,51,群益金鼎-三民,2024-11-20,9188
00953B,群益優選非投等債,50,0,50,群益金鼎-三民,2024-11-20,9188
3036,文曄,54,4,50,群益金鼎-三民,2024-11-20,9188
8039,台虹,47,0,47,群益金鼎-三民,2024-11-20,9188
3706,神達,158,114,44,群益金鼎-三民,2024-11-20,9188
2528,皇普,60,20,40,群益金鼎-三民,2024-11-20,9188
6770,力積電,40,0,40,群益金鼎-三民,2024-11-20,9188
00929,復華台灣科技優息,39,11,28,群益金鼎-三民,2024-11-20,9188
00930,永豐ESG低碳高息,37,10,27,群益金鼎-三民,2024-11-20,9188
9105,泰金寶-DR,31,4,27,群益金鼎-三民,2024-11-20,9188
2206,三陽工業,25,0,25,群益金鼎-三民,2024-11-20,9188
00943,兆豐電子高息等權,25,0,25,群益金鼎-三民,2024-11-20,9188
3481,群創,27,2,25,群益金鼎-三民,2024-11-20,9188
2324,仁寶,33,11,22,群益金鼎-三民,2024-11-20,9188
2349,錸德,46,25,21,群益金鼎-三民,2024-11-20,9188
4927,泰鼎-KY,22,2,20,群益金鼎-三民,2024-11-20,9188
6741,91APP*-KY,20,0,20,群益金鼎-三民,2024-11-20,9188
5880,合庫金,20,0,20,群益金鼎-三民,2024-11-20,9188
2303,聯電,49,31,18,群益金鼎-三民,2024-11-20,9188
912000,晨訊科-DR,18,0,18,群益金鼎-三民,2024-11-20,9188
5871,中租-KY,17,0,17,群益金鼎-三民,2024-11-20,9188
0056,元大高股息,20,3,17,群益金鼎-三民,2024-11-20,9188
2520,冠德,22,5,17,群益金鼎-三民,2024-11-20,9188
00959B,大華投等美債15Y+,16,0,16,群益金鼎-三民,2024-11-20,9188
2105,正新,86,71,15,群益金鼎-三民,2024-11-20,9188
2392,正崴,28,14,14,群益金鼎-三民,2024-11-20,9188
6757,台灣虎航,14,0,14,群益金鼎-三民,2024-11-20,9188
3363,上詮,28,14,14,群益金鼎-三民,2024-11-20,9188
2356,英業達,20,7,13,群益金鼎-三民,2024-11-20,9188
00679B,元大美債20年,83,70,13,群益金鼎-三民,2024-11-20,9188
4931,新盛力,15,2,13,群益金鼎-三民,2024-11-20,9188
1710,東聯,11,0,11,群益金鼎-三民,2024-11-20,9188
1442,名軒,13,2,11,群益金鼎-三民,2024-11-20,9188
6126,信音,11,0,11,群益金鼎-三民,2024-11-20,9188
6558,興能高,18,7,11,群益金鼎-三民,2024-11-20,9188
2330,台積電,13,2,11,群益金鼎-三民,2024-11-20,9188
2820,華票,10,0,10,群益金鼎-三民,2024-11-20,9188
2838,聯邦銀,10,0,10,群益金鼎-三民,2024-11-20,9188
4114,健喬,10,0,10,群益金鼎-三民,2024-11-20,9188
00764B,群益25年美債,261,251,10,群益金鼎-三民,2024-11-20,9188
6191,精成科,10,0,10,群益金鼎-三民,2024-11-20,9188
1305,華夏,10,0,10,群益金鼎-三民,2024-11-20,9188
3625,西勝,11,1,10,群益金鼎-三民,2024-11-20,9188
8044,網家,11,1,10,群益金鼎-三民,2024-11-20,9188
00687B,國泰20年美債,119,16,103,群益金鼎-三民,2024-11-21,9188
2444,兆勁,100,0,100,群益金鼎-三民,2024-11-21,9188
2887,台新金,80,0,80,群益金鼎-三民,2024-11-21,9188
5880,合庫金,62,0,62,群益金鼎-三民,2024-11-21,9188
2303,聯電,445,387,58,群益金鼎-三民,2024-11-21,9188
1101,台泥,58,1,57,群益金鼎-三民,2024-11-21,9188
2884,玉山金,45,0,45,群益金鼎-三民,2024-11-21,9188
2889,國票金,305,263,42,群益金鼎-三民,2024-11-21,9188
2892,第一金,151,111,40,群益金鼎-三民,2024-11-21,9188
00713,元大台灣高息低波,135,98,37,群益金鼎-三民,2024-11-21,9188
00953B,群益優選非投等債,33,0,33,群益金鼎-三民,2024-11-21,9188
2317,鴻海,36,7,29,群益金鼎-三民,2024-11-21,9188
2890,永豐金,29,0,29,群益金鼎-三民,2024-11-21,9188
2353,宏��,31,5,26,群益金鼎-三民,2024-11-21,9188
2618,長榮航,31,6,25,群益金鼎-三民,2024-11-21,9188
4931,新盛力,35,11,24,群益金鼎-三民,2024-11-21,9188
2233,宇隆,26,2,24,群益金鼎-三民,2024-11-21,9188
2880,華南金,28,5,23,群益金鼎-三民,2024-11-21,9188
5438,東友,35,13,22,群益金鼎-三民,2024-11-21,9188
2329,華泰,22,1,21,群益金鼎-三民,2024-11-21,9188
3511,矽瑪,37,16,21,群益金鼎-三民,2024-11-21,9188
3013,晟銘電,21,0,21,群益金鼎-三民,2024-11-21,9188
8446,華研,20,0,20,群益金鼎-三民,2024-11-21,9188
2330,台積電,21,1,20,群益金鼎-三民,2024-11-21,9188
2882,國泰金,169,150,19,群益金鼎-三民,2024-11-21,9188
4743,合一,18,1,17,群益金鼎-三民,2024-11-21,9188
5871,中租-KY,17,0,17,群益金鼎-三民,2024-11-21,9188
00679B,元大美債20年,33,17,16,群益金鼎-三民,2024-11-21,9188
2354,鴻準,57,42,15,群益金鼎-三民,2024-11-21,9188
2886,兆豐金,15,0,15,群益金鼎-三民,2024-11-21,9188
00878,國泰永續高股息,162,147,15,群益金鼎-三民,2024-11-21,9188
8104,錸寶,43,30,13,群益金鼎-三民,2024-11-21,9188
0056,元大高股息,12,0,12,群益金鼎-三民,2024-11-21,9188
3011,今皓,12,0,12,群益金鼎-三民,2024-11-21,9188
006208,富邦台50,12,0,12,群益金鼎-三民,2024-11-21,9188
1584,精剛,11,0,11,群益金鼎-三民,2024-11-21,9188
8289,泰藝,11,0,11,群益金鼎-三民,2024-11-21,9188
1301,台塑,10,0,10,群益金鼎-三民,2024-11-21,9188
2371,大同,16,6,10,群益金鼎-三民,2024-11-21,9188
00675L,富邦臺灣加權正2,11,1,10,群益金鼎-三民,2024-11-21,9188
00950B,凱基A級公司債,10,0,10,群益金鼎-三民,2024-11-21,9188
2206,三陽工業,10,0,10,群益金鼎-三民,2024-11-21,9188
00632R,元大台灣50反1,10,0,10,群益金鼎-三民,2024-11-21,9188
2002,中鋼,10,0,10,群益金鼎-三民,2024-11-21,9188
1305,華夏,10,0,10,群益金鼎-三民,2024-11-21,9188
1449,佳和,45,35,10,群益金鼎-三民,2024-11-21,9188
3597,映興,10,0,10,群益金鼎-三民,2024-11-21,9188
4577,達航科技,10,0,10,群益金鼎-三民,2024-11-21,9188
00631L,元大台灣50正2,12,3,9,群益金鼎-三民,2024-11-21,9188
3015,全漢,12,3,9,群益金鼎-三民,2024-11-21,9188
00632R,元大台灣50反1,800,0,800,群益金鼎-三民,2024-11-22,9188
00679B,元大美債20年,508,57,451,群益金鼎-三民,2024-11-22,9188
00953B,群益優選非投等債,279,0,279,群益金鼎-三民,2024-11-22,9188
2891,中信金,114,1,113,群益金鼎-三民,2024-11-22,9188
00637L,元大滬深300正2,96,25,71,群益金鼎-三民,2024-11-22,9188
2349,錸德,92,34,58,群益金鼎-三民,2024-11-22,9188
4167,松瑞藥,40,0,40,群益金鼎-三民,2024-11-22,9188
2352,佳世達,40,1,39,群益金鼎-三民,2024-11-22,9188
00937B,群益ESG投等債20,39,1,38,群益金鼎-三民,2024-11-22,9188
3380,明泰,37,0,37,群益金鼎-三民,2024-11-22,9188
2609,陽明,63,27,36,群益金鼎-三民,2024-11-22,9188
2615,萬海,48,16,32,群益金鼎-三民,2024-11-22,9188
00959B,大華投等美債15Y+,32,0,32,群益金鼎-三民,2024-11-22,9188
00878,國泰永續高股息,63,32,31,群益金鼎-三民,2024-11-22,9188
00712,復華富時不動產,30,1,29,群益金鼎-三民,2024-11-22,9188
2329,華泰,24,0,24,群益金鼎-三民,2024-11-22,9188
2528,皇普,80,60,20,群益金鼎-三民,2024-11-22,9188
3522,御嵿,20,0,20,群益金鼎-三民,2024-11-22,9188
00943,兆豐電子高息等權,20,0,20,群益金鼎-三民,2024-11-22,9188
00948B,中信優息投資級債,19,0,19,群益金鼎-三民,2024-11-22,9188
1524,耿鼎,23,5,18,群益金鼎-三民,2024-11-22,9188
4919,新唐,18,0,18,群益金鼎-三民,2024-11-22,9188
2317,鴻海,25,7,18,群益金鼎-三民,2024-11-22,9188
1618,合機,15,0,15,群益金鼎-三民,2024-11-22,9188
1449,佳和,19,5,14,群益金鼎-三民,2024-11-22,9188
2328,廣宇,16,2,14,群益金鼎-三民,2024-11-22,9188
4903,聯光通,16,2,14,群益金鼎-三民,2024-11-22,9188
3706,神達,150,136,14,群益金鼎-三民,2024-11-22,9188
3597,映興,15,3,12,群益金鼎-三民,2024-11-22,9188
2867,三商壽,11,0,11,群益金鼎-三民,2024-11-22,9188
00665L,富邦�琤肭磪囓�2,11,0,11,群益金鼎-三民,2024-11-22,9188
2613,中櫃,11,0,11,群益金鼎-三民,2024-11-22,9188
5871,中租-KY,47,36,11,群益金鼎-三民,2024-11-22,9188
1305,華夏,10,0,10,群益金鼎-三民,2024-11-22,9188
00713,元大台灣高息低波,194,184,10,群益金鼎-三民,2024-11-22,9188
2504,國產,11,1,10,群益金鼎-三民,2024-11-22,9188
1722,台肥,10,0,10,群益金鼎-三民,2024-11-22,9188
00957B,兆豐US優選投等債,10,0,10,群益金鼎-三民,2024-11-22,9188
3019,亞光,13,3,10,群益金鼎-三民,2024-11-22,9188
00950B,凱基A級公司債,9,0,9,群益金鼎-三民,2024-11-22,9188
8171,天宇,11,2,9,群益金鼎-三民,2024-11-22,9188
3032,偉訓,23,15,8,群益金鼎-三民,2024-11-22,9188
8358,金居,12,4,8,群益金鼎-三民,2024-11-22,9188
8163,達方,10,2,8,群益金鼎-三民,2024-11-22,9188
2524,京城,12,4,8,群益金鼎-三民,2024-11-22,9188
3015,全漢,13,5,8,群益金鼎-三民,2024-11-22,9188
2303,聯電,228,221,7,群益金鼎-三民,2024-11-22,9188
1711,永光,7,0,7,群益金鼎-三民,2024-11-22,9188
1446,宏和,9,2,7,群益金鼎-三民,2024-11-22,9188
2887,台新金,7,0,7,群益金鼎-三民,2024-11-22,9188
9105,泰金寶-DR,1068,320,748,群益金鼎-三民,2024-11-25,9188
2892,第一金,284,15,269,群益金鼎-三民,2024-11-25,9188
00680L,元大美債20正2,106,0,106,群益金鼎-三民,2024-11-25,9188
00953B,群益優選非投等債,75,0,75,群益金鼎-三民,2024-11-25,9188
00753L,中信中國50正2,74,15,59,群益金鼎-三民,2024-11-25,9188
2344,華邦電,55,2,53,群益金鼎-三民,2024-11-25,9188
00948B,中信優息投資級債,54,4,50,群益金鼎-三民,2024-11-25,9188
1815,富喬,140,91,49,群益金鼎-三民,2024-11-25,9188
2618,長榮航,49,2,47,群益金鼎-三民,2024-11-25,9188
2371,大同,78,32,46,群益金鼎-三民,2024-11-25,9188
2528,皇普,74,30,44,群益金鼎-三民,2024-11-25,9188
00959B,大華投等美債15Y+,42,0,42,群益金鼎-三民,2024-11-25,9188
3260,威剛,32,3,29,群益金鼎-三民,2024-11-25,9188
3706,神達,68,39,29,群益金鼎-三民,2024-11-25,9188
2449,京元電子,32,4,28,群益金鼎-三民,2024-11-25,9188
2312,金寶,107,81,26,群益金鼎-三民,2024-11-25,9188
00637L,元大滬深300正2,106,81,25,群益金鼎-三民,2024-11-25,9188
00878,國泰永續高股息,89,64,25,群益金鼎-三民,2024-11-25,9188
3481,群創,34,10,24,群益金鼎-三民,2024-11-25,9188
2603,長榮,30,8,22,群益金鼎-三民,2024-11-25,9188
2316,楠梓電,22,0,22,群益金鼎-三民,2024-11-25,9188
2601,益航,30,10,20,群益金鼎-三民,2024-11-25,9188
6180,橘子,20,2,18,群益金鼎-三民,2024-11-25,9188
2615,萬海,38,20,18,群益金鼎-三民,2024-11-25,9188
00933B,國泰10Y+金融債,50,33,17,群益金鼎-三民,2024-11-25,9188
912000,晨訊科-DR,20,4,16,群益金鼎-三民,2024-11-25,9188
2337,旺宏,15,0,15,群益金鼎-三民,2024-11-25,9188
5880,合庫金,15,1,14,群益金鼎-三民,2024-11-25,9188
2105,正新,274,260,14,群益金鼎-三民,2024-11-25,9188
2303,聯電,618,605,13,群益金鼎-三民,2024-11-25,9188
5347,世界,13,0,13,群益金鼎-三民,2024-11-25,9188
00945B,凱基美國非投等債,12,0,12,群益金鼎-三民,2024-11-25,9188
00655L,國泰中國A50正2,11,0,11,群益金鼎-三民,2024-11-25,9188
4576,大銀微系統,11,1,10,群益金鼎-三民,2024-11-25,9188
1710,東聯,10,0,10,群益金鼎-三民,2024-11-25,9188
1219,福壽,10,0,10,群益金鼎-三民,2024-11-25,9188
2880,華南金,10,0,10,群益金鼎-三民,2024-11-25,9188
3317,尼克森,9,0,9,群益金鼎-三民,2024-11-25,9188
9921,巨大,10,1,9,群益金鼎-三民,2024-11-25,9188
2537,聯上發,9,0,9,群益金鼎-三民,2024-11-25,9188
00919,群益台灣精選高息,22,13,9,群益金鼎-三民,2024-11-25,9188
2457,飛宏,8,0,8,群益金鼎-三民,2024-11-25,9188
3447,展達,11,3,8,群益金鼎-三民,2024-11-25,9188
1506,正道,8,0,8,群益金鼎-三民,2024-11-25,9188
8089,康全電訊,8,0,8,群益金鼎-三民,2024-11-25,9188
1449,佳和,12,5,7,群益金鼎-三民,2024-11-25,9188
6005,群益證,7,0,7,群益金鼎-三民,2024-11-25,9188
2897,王道銀行,6,0,6,群益金鼎-三民,2024-11-25,9188
6153,嘉聯益,6,0,6,群益金鼎-三民,2024-11-25,9188
3558,神準,7,1,6,群益金鼎-三民,2024-11-25,9188
00671R,富邦NASDAQ反1,281,0,281,群益金鼎-三民,2024-11-26,9188
00953B,群益優選非投等債,258,10,248,群益金鼎-三民,2024-11-26,9188
00933B,國泰10Y+金融債,184,21,163,群益金鼎-三民,2024-11-26,9188
2363,矽統,175,12,163,群益金鼎-三民,2024-11-26,9188
3231,緯創,143,16,127,群益金鼎-三民,2024-11-26,9188
2883,凱基金,123,15,108,群益金鼎-三民,2024-11-26,9188
2317,鴻海,72,3,69,群益金鼎-三民,2024-11-26,9188
00878,國泰永續高股息,173,108,65,群益金鼎-三民,2024-11-26,9188
2889,國票金,485,429,56,群益金鼎-三民,2024-11-26,9188
9904,寶成,42,4,38,群益金鼎-三民,2024-11-26,9188
2312,金寶,76,40,36,群益金鼎-三民,2024-11-26,9188
5880,合庫金,32,0,32,群益金鼎-三民,2024-11-26,9188
3323,加百裕,215,183,32,群益金鼎-三民,2024-11-26,9188
2344,華邦電,59,30,29,群益金鼎-三民,2024-11-26,9188
2891,中信金,40,11,29,群益金鼎-三民,2024-11-26,9188
2392,正崴,45,17,28,群益金鼎-三民,2024-11-26,9188
2303,聯電,25,0,25,群益金鼎-三民,2024-11-26,9188
00951,台新日本半導體,25,0,25,群益金鼎-三民,2024-11-26,9188
2528,皇普,135,110,25,群益金鼎-三民,2024-11-26,9188
2330,台積電,22,0,22,群益金鼎-三民,2024-11-26,9188
00715L,期街口布蘭特正2,21,0,21,群益金鼎-三民,2024-11-26,9188
1447,力鵬,20,0,20,群益金鼎-三民,2024-11-26,9188
6877,鏵友益,21,1,20,群益金鼎-三民,2024-11-26,9188
6134,萬旭,27,7,20,群益金鼎-三民,2024-11-26,9188
2464,盟立,24,6,18,群益金鼎-三民,2024-11-26,9188
4729,熒茂,32,15,17,群益金鼎-三民,2024-11-26,9188
00960,野村全球航運龍頭,16,0,16,群益金鼎-三民,2024-11-26,9188
2610,華航,20,4,16,群益金鼎-三民,2024-11-26,9188
9105,泰金寶-DR,98,82,16,群益金鼎-三民,2024-11-26,9188
2892,第一金,15,0,15,群益金鼎-三民,2024-11-26,9188
8028,昇陽半導體,16,2,14,群益金鼎-三民,2024-11-26,9188
1611,中電,14,0,14,群益金鼎-三民,2024-11-26,9188
00946,群益科技高息成長,14,1,13,群益金鼎-三民,2024-11-26,9188
00891,中信關鍵半導體,13,0,13,群益金鼎-三民,2024-11-26,9188
00631L,元大台灣50正2,14,2,12,群益金鼎-三民,2024-11-26,9188
00881,國泰台灣5G+,12,0,12,群益金鼎-三民,2024-11-26,9188
00752,中信中國50,12,0,12,群益金鼎-三民,2024-11-26,9188
4576,大銀微系統,20,8,12,群益金鼎-三民,2024-11-26,9188
2498,宏達電,12,0,12,群益金鼎-三民,2024-11-26,9188
2049,上銀,11,0,11,群益金鼎-三民,2024-11-26,9188
006208,富邦台50,11,0,11,群益金鼎-三民,2024-11-26,9188
4743,合一,10,0,10,群益金鼎-三民,2024-11-26,9188
2820,華票,10,0,10,群益金鼎-三民,2024-11-26,9188
5425,台半,10,0,10,群益金鼎-三民,2024-11-26,9188
2867,三商壽,10,0,10,群益金鼎-三民,2024-11-26,9188
6558,興能高,26,16,10,群益金鼎-三民,2024-11-26,9188
2897,王道銀行,10,0,10,群益金鼎-三民,2024-11-26,9188
2516,新建,10,0,10,群益金鼎-三民,2024-11-26,9188
1802,台玻,18,8,10,群益金鼎-三民,2024-11-26,9188
6190,萬泰科,10,0,10,群益金鼎-三民,2024-11-26,9188
00632R,元大台灣50反1,524,36,488,群益金鼎-三民,2024-11-27,9188
00878,國泰永續高股息,167,57,110,群益金鼎-三民,2024-11-27,9188
912000,晨訊科-DR,103,0,103,群益金鼎-三民,2024-11-27,9188
0056,元大高股息,100,1,99,群益金鼎-三民,2024-11-27,9188
2014,中鴻,87,2,85,群益金鼎-三民,2024-11-27,9188
2303,聯電,88,13,75,群益金鼎-三民,2024-11-27,9188
2317,鴻海,82,11,71,群益金鼎-三民,2024-11-27,9188
3231,緯創,69,2,67,群益金鼎-三民,2024-11-27,9188
00940,元大台灣價值高息,77,11,66,群益金鼎-三民,2024-11-27,9188
00919,群益台灣精選高息,75,12,63,群益金鼎-三民,2024-11-27,9188
2324,仁寶,67,9,58,群益金鼎-三民,2024-11-27,9188
00929,復華台灣科技優息,56,7,49,群益金鼎-三民,2024-11-27,9188
3037,欣興,58,11,47,群益金鼎-三民,2024-11-27,9188
2344,華邦電,92,63,29,群益金鼎-三民,2024-11-27,9188
4526,東台,53,25,28,群益金鼎-三民,2024-11-27,9188
2330,台積電,27,0,27,群益金鼎-三民,2024-11-27,9188
2637,慧洋-KY,27,1,26,群益金鼎-三民,2024-11-27,9188
00918,大華優利高填息30,26,0,26,群益金鼎-三民,2024-11-27,9188
2528,皇普,75,50,25,群益金鼎-三民,2024-11-27,9188
2354,鴻準,37,12,25,群益金鼎-三民,2024-11-27,9188
2615,萬海,64,40,24,群益金鼎-三民,2024-11-27,9188
8929,富堡,26,2,24,群益金鼎-三民,2024-11-27,9188
00675L,富邦臺灣加權正2,24,0,24,群益金鼎-三民,2024-11-27,9188
2392,正崴,59,36,23,群益金鼎-三民,2024-11-27,9188
00959B,大華投等美債15Y+,23,1,22,群益金鼎-三民,2024-11-27,9188
2356,英業達,37,15,22,群益金鼎-三民,2024-11-27,9188
1605,華新,25,4,21,群益金鼎-三民,2024-11-27,9188
00936,台新永續高息中小,22,1,21,群益金鼎-三民,2024-11-27,9188
4729,熒茂,32,11,21,群益金鼎-三民,2024-11-27,9188
2426,鼎元,27,6,21,群益金鼎-三民,2024-11-27,9188
006208,富邦台50,20,0,20,群益金鼎-三民,2024-11-27,9188
2609,陽明,63,44,19,群益金鼎-三民,2024-11-27,9188
2603,長榮,34,17,17,群益金鼎-三民,2024-11-27,9188
00905,FT臺灣Smart,16,0,16,群益金鼎-三民,2024-11-27,9188
8039,台虹,16,0,16,群益金鼎-三民,2024-11-27,9188
00679B,元大美債20年,48,34,14,群益金鼎-三民,2024-11-27,9188
00891,中信關鍵半導體,14,0,14,群益金鼎-三民,2024-11-27,9188
2382,廣達,15,1,14,群益金鼎-三民,2024-11-27,9188
00943,兆豐電子高息等權,13,0,13,群益金鼎-三民,2024-11-27,9188
2474,可成,217,204,13,群益金鼎-三民,2024-11-27,9188
00946,群益科技高息成長,12,0,12,群益金鼎-三民,2024-11-27,9188
9904,寶成,13,1,12,群益金鼎-三民,2024-11-27,9188
2313,華通,31,20,11,群益金鼎-三民,2024-11-27,9188
2539,櫻花建,11,0,11,群益金鼎-三民,2024-11-27,9188
4174,浩鼎,11,0,11,群益金鼎-三民,2024-11-27,9188
8996,高力,11,1,10,群益金鼎-三民,2024-11-27,9188
5871,中租-KY,103,93,10,群益金鼎-三民,2024-11-27,9188
4562,穎漢,24,14,10,群益金鼎-三民,2024-11-27,9188
2867,三商壽,10,0,10,群益金鼎-三民,2024-11-27,9188
2204,中華,12,2,10,群益金鼎-三民,2024-11-27,9188
00953B,群益優選非投等債,249,0,249,群益金鼎-三民,2024-11-28,9188
00878,國泰永續高股息,269,145,124,群益金鼎-三民,2024-11-28,9188
0056,元大高股息,108,0,108,群益金鼎-三民,2024-11-28,9188
1815,富喬,161,76,85,群益金鼎-三民,2024-11-28,9188
5880,合庫金,63,0,63,群益金鼎-三民,2024-11-28,9188
2312,金寶,90,32,58,群益金鼎-三民,2024-11-28,9188
00919,群益台灣精選高息,71,15,56,群益金鼎-三民,2024-11-28,9188
2324,仁寶,55,12,43,群益金鼎-三民,2024-11-28,9188
8044,網家,44,1,43,群益金鼎-三民,2024-11-28,9188
00882,中信中國高股息,42,0,42,群益金鼎-三民,2024-11-28,9188
00915,凱基優選高股息30,183,143,40,群益金鼎-三民,2024-11-28,9188
00929,復華台灣科技優息,49,25,24,群益金鼎-三民,2024-11-28,9188
00918,大華優利高填息30,25,1,24,群益金鼎-三民,2024-11-28,9188
9105,泰金寶-DR,39,15,24,群益金鼎-三民,2024-11-28,9188
00940,元大台灣價值高息,23,0,23,群益金鼎-三民,2024-11-28,9188
8171,天宇,39,17,22,群益金鼎-三民,2024-11-28,9188
2363,矽統,34,15,19,群益金鼎-三民,2024-11-28,9188
4931,新盛力,26,10,16,群益金鼎-三民,2024-11-28,9188
1536,和大,24,9,15,群益金鼎-三民,2024-11-28,9188
00946,群益科技高息成長,16,1,15,群益金鼎-三民,2024-11-28,9188
1605,華新,21,6,15,群益金鼎-三民,2024-11-28,9188
3323,加百裕,25,11,14,群益金鼎-三民,2024-11-28,9188
2241,艾姆勒,14,0,14,群益金鼎-三民,2024-11-28,9188
2886,兆豐金,14,0,14,群益金鼎-三民,2024-11-28,9188
2330,台積電,16,2,14,群益金鼎-三民,2024-11-28,9188
2883,凱基金,16,3,13,群益金鼎-三民,2024-11-28,9188
2605,新興,15,2,13,群益金鼎-三民,2024-11-28,9188
1802,台玻,16,3,13,群益金鼎-三民,2024-11-28,9188
2105,正新,36,23,13,群益金鼎-三民,2024-11-28,9188
2634,漢翔,13,0,13,群益金鼎-三民,2024-11-28,9188
2344,華邦電,33,21,12,群益金鼎-三民,2024-11-28,9188
1314,中石化,13,1,12,群益金鼎-三民,2024-11-28,9188
2539,櫻花建,12,0,12,群益金鼎-三民,2024-11-28,9188
2477,美隆電,12,0,12,群益金鼎-三民,2024-11-28,9188
2929,淘帝-KY,13,1,12,群益金鼎-三民,2024-11-28,9188
5355,佳總,12,0,12,群益金鼎-三民,2024-11-28,9188
00936,台新永續高息中小,12,0,12,群益金鼎-三民,2024-11-28,9188
3450,聯鈞,32,20,12,群益金鼎-三民,2024-11-28,9188
8039,台虹,14,2,12,群益金鼎-三民,2024-11-28,9188
00922,國泰台灣領袖50,12,0,12,群益金鼎-三民,2024-11-28,9188
2376,技嘉,11,0,11,群益金鼎-三民,2024-11-28,9188
2887,台新金,11,0,11,群益金鼎-三民,2024-11-28,9188
8249,菱光,24,13,11,群益金鼎-三民,2024-11-28,9188
00900,富邦特選高股息30,10,0,10,群益金鼎-三民,2024-11-28,9188
2838,聯邦銀,10,0,10,群益金鼎-三民,2024-11-28,9188
2834,臺企銀,31,21,10,群益金鼎-三民,2024-11-28,9188
00938,凱基優選30,10,0,10,群益金鼎-三民,2024-11-28,9188
4532,瑞智,10,0,10,群益金鼎-三民,2024-11-28,9188
00881,國泰台灣5G+,10,0,10,群益金鼎-三民,2024-11-28,9188
2867,三商壽,10,0,10,群益金鼎-三民,2024-11-28,9188
9105,泰金寶-DR,874,293,581,群益金鼎-三民,2024-11-29,9188
00953B,群益優選非投等債,465,1,464,群益金鼎-三民,2024-11-29,9188
00632R,元大台灣50反1,151,0,151,群益金鼎-三民,2024-11-29,9188
3231,緯創,81,13,68,群益金鼎-三民,2024-11-29,9188
2303,聯電,215,155,60,群益金鼎-三民,2024-11-29,9188
2891,中信金,105,52,53,群益金鼎-三民,2024-11-29,9188
00878,國泰永續高股息,205,153,52,群益金鼎-三民,2024-11-29,9188
00919,群益台灣精選高息,83,31,52,群益金鼎-三民,2024-11-29,9188
2002,中鋼,48,0,48,群益金鼎-三民,2024-11-29,9188
5880,合庫金,44,0,44,群益金鼎-三民,2024-11-29,9188
3706,神達,116,84,32,群益金鼎-三民,2024-11-29,9188
2312,金寶,64,33,31,群益金鼎-三民,2024-11-29,9188
2880,華南金,29,2,27,群益金鼎-三民,2024-11-29,9188
3481,群創,28,2,26,群益金鼎-三民,2024-11-29,9188
0056,元大高股息,31,6,25,群益金鼎-三民,2024-11-29,9188
00915,凱基優選高股息30,137,115,22,群益金鼎-三民,2024-11-29,9188
00945B,凱基美國非投等債,21,0,21,群益金鼎-三民,2024-11-29,9188
1815,富喬,99,78,21,群益金鼎-三民,2024-11-29,9188
5522,遠雄,30,10,20,群益金鼎-三民,2024-11-29,9188
1802,台玻,20,0,20,群益金鼎-三民,2024-11-29,9188
2887,台新金,19,0,19,群益金鼎-三民,2024-11-29,9188
2392,正崴,51,33,18,群益金鼎-三民,2024-11-29,9188
8163,達方,56,39,17,群益金鼎-三民,2024-11-29,9188
6530,創威,27,11,16,群益金鼎-三民,2024-11-29,9188
8044,網家,18,2,16,群益金鼎-三民,2024-11-29,9188
00929,復華台灣科技優息,39,23,16,群益金鼎-三民,2024-11-29,9188
2834,臺企銀,35,20,15,群益金鼎-三民,2024-11-29,9188
2408,南亞科,16,1,15,群益金鼎-三民,2024-11-29,9188
6239,力成,15,0,15,群益金鼎-三民,2024-11-29,9188
8104,錸寶,28,13,15,群益金鼎-三民,2024-11-29,9188
00654R,富邦印度反1,14,0,14,群益金鼎-三民,2024-11-29,9188
2618,長榮航,19,5,14,群益金鼎-三民,2024-11-29,9188
2344,華邦電,14,0,14,群益金鼎-三民,2024-11-29,9188
006208,富邦台50,15,1,14,群益金鼎-三民,2024-11-29,9188
2884,玉山金,14,1,13,群益金鼎-三民,2024-11-29,9188
2615,萬海,44,31,13,群益金鼎-三民,2024-11-29,9188
3090,日電貿,27,14,13,群益金鼎-三民,2024-11-29,9188
6182,合晶,13,0,13,群益金鼎-三民,2024-11-29,9188
6226,光鼎,17,4,13,群益金鼎-三民,2024-11-29,9188
2609,陽明,48,36,12,群益金鼎-三民,2024-11-29,9188
2637,慧洋-KY,12,0,12,群益金鼎-三民,2024-11-29,9188
1446,宏和,12,0,12,群益金鼎-三民,2024-11-29,9188
1449,佳和,12,0,12,群益金鼎-三民,2024-11-29,9188
1301,台塑,28,17,11,群益金鼎-三民,2024-11-29,9188
2820,華票,10,0,10,群益金鼎-三民,2024-11-29,9188
2481,強茂,9,0,9,群益金鼎-三民,2024-11-29,9188
6180,橘子,11,2,9,群益金鼎-三民,2024-11-29,9188
6163,華電網,9,0,9,群益金鼎-三民,2024-11-29,9188
3338,泰碩,15,7,8,群益金鼎-三民,2024-11-29,9188
2885,元大金,8,0,8,群益金鼎-三民,2024-11-29,9188
00959B,大華投等美債15Y+,306,0,306,群益金鼎-三民,2024-12-02,9188
2889,國票金,730,530,200,群益金鼎-三民,2024-12-02,9188
00637L,元大滬深300正2,171,25,146,群益金鼎-三民,2024-12-02,9188
00639,富邦深100,100,0,100,群益金鼎-三民,2024-12-02,9188
00953B,群益優選非投等債,113,25,88,群益金鼎-三民,2024-12-02,9188
5880,合庫金,64,0,64,群益金鼎-三民,2024-12-02,9188
00918,大華優利高填息30,56,13,43,群益金鼎-三民,2024-12-02,9188
00673R,期元大S＆P原油反1,39,0,39,群益金鼎-三民,2024-12-02,9188
2504,國產,40,7,33,群益金鼎-三民,2024-12-02,9188
3323,加百裕,199,170,29,群益金鼎-三民,2024-12-02,9188
00688L,國泰20年美債正2,35,8,27,群益金鼎-三民,2024-12-02,9188
4714,永捷,32,8,24,群益金鼎-三民,2024-12-02,9188
1528,恩德,34,10,24,群益金鼎-三民,2024-12-02,9188
00632R,元大台灣50反1,23,0,23,群益金鼎-三民,2024-12-02,9188
00950B,凱基A級公司債,38,15,23,群益金鼎-三民,2024-12-02,9188
4977,眾達-KY,59,36,23,群益金鼎-三民,2024-12-02,9188
2312,金寶,39,17,22,群益金鼎-三民,2024-12-02,9188
8042,金山電,25,4,21,群益金鼎-三民,2024-12-02,9188
1605,華新,22,1,21,群益金鼎-三民,2024-12-02,9188
5381,合正,21,0,21,群益金鼎-三民,2024-12-02,9188
2449,京元電子,21,1,20,群益金鼎-三民,2024-12-02,9188
00764B,群益25年美債,282,263,19,群益金鼎-三民,2024-12-02,9188
2426,鼎元,26,7,19,群益金鼎-三民,2024-12-02,9188
4726,永昕,19,1,18,群益金鼎-三民,2024-12-02,9188
00891,中信關鍵半導體,18,0,18,群益金鼎-三民,2024-12-02,9188
3047,訊舟,17,0,17,群益金鼎-三民,2024-12-02,9188
5452,佶優,16,0,16,群益金鼎-三民,2024-12-02,9188
2332,友訊,17,1,16,群益金鼎-三民,2024-12-02,9188
3447,展達,17,1,16,群益金鼎-三民,2024-12-02,9188
3498,陽程,18,2,16,群益金鼎-三民,2024-12-02,9188
2317,鴻海,20,4,16,群益金鼎-三民,2024-12-02,9188
3597,映興,15,1,14,群益金鼎-三民,2024-12-02,9188
2892,第一金,17,4,13,群益金鼎-三民,2024-12-02,9188
3013,晟銘電,26,13,13,群益金鼎-三民,2024-12-02,9188
2615,萬海,36,23,13,群益金鼎-三民,2024-12-02,9188
8111,立��,13,0,13,群益金鼎-三民,2024-12-02,9188
2419,仲琦,20,8,12,群益金鼎-三民,2024-12-02,9188
4123,晟德,13,1,12,群益金鼎-三民,2024-12-02,9188
2303,聯電,71,59,12,群益金鼎-三民,2024-12-02,9188
00878,國泰永續高股息,147,136,11,群益金鼎-三民,2024-12-02,9188
00922,國泰台灣領袖50,11,0,11,群益金鼎-三民,2024-12-02,9188
2613,中櫃,10,0,10,群益金鼎-三民,2024-12-02,9188
2820,華票,10,0,10,群益金鼎-三民,2024-12-02,9188
8926,台汽電,10,0,10,群益金鼎-三民,2024-12-02,9188
5244,弘凱,16,6,10,群益金鼎-三民,2024-12-02,9188
1522,堤維西,12,2,10,群益金鼎-三民,2024-12-02,9188
1316,上曜,9,0,9,群益金鼎-三民,2024-12-02,9188
5234,達興材料,11,2,9,群益金鼎-三民,2024-12-02,9188
5371,中光電,36,28,8,群益金鼎-三民,2024-12-02,9188
3313,斐成,8,0,8,群益金鼎-三民,2024-12-02,9188
00953B,群益優選非投等債,363,10,353,群益金鼎-三民,2024-12-03,9188
00919,群益台灣精選高息,324,13,311,群益金鼎-三民,2024-12-03,9188
00918,大華優利高填息30,181,1,180,群益金鼎-三民,2024-12-03,9188
00878,國泰永續高股息,258,155,103,群益金鼎-三民,2024-12-03,9188
912000,晨訊科-DR,80,0,80,群益金鼎-三民,2024-12-03,9188
00915,凱基優選高股息30,134,74,60,群益金鼎-三民,2024-12-03,9188
0056,元大高股息,88,28,60,群益金鼎-三民,2024-12-03,9188
00639,富邦深100,60,0,60,群益金鼎-三民,2024-12-03,9188
3231,緯創,75,17,58,群益金鼎-三民,2024-12-03,9188
2883B,凱基金乙特,50,2,48,群益金鼎-三民,2024-12-03,9188
2801,彰銀,49,2,47,群益金鼎-三民,2024-12-03,9188
4534,慶騰,45,0,45,群益金鼎-三民,2024-12-03,9188
00959B,大華投等美債15Y+,41,0,41,群益金鼎-三民,2024-12-03,9188
2646,星宇航空,57,17,40,群益金鼎-三民,2024-12-03,9188
00687B,國泰20年美債,37,6,31,群益金鼎-三民,2024-12-03,9188
8429,金麗-KY,31,1,30,群益金鼎-三民,2024-12-03,9188
4956,光鋐,31,4,27,群益金鼎-三民,2024-12-03,9188
3234,光環,26,0,26,群益金鼎-三民,2024-12-03,9188
00946,群益科技高息成長,26,0,26,群益金鼎-三民,2024-12-03,9188
2317,鴻海,37,11,26,群益金鼎-三民,2024-12-03,9188
2637,慧洋-KY,21,0,21,群益金鼎-三民,2024-12-03,9188
4903,聯光通,25,6,19,群益金鼎-三民,2024-12-03,9188
00713,元大台灣高息低波,133,116,17,群益金鼎-三民,2024-12-03,9188
2353,宏��,28,13,15,群益金鼎-三民,2024-12-03,9188
3498,陽程,15,0,15,群益金鼎-三民,2024-12-03,9188
3701,大眾控,20,5,15,群益金鼎-三民,2024-12-03,9188
3090,日電貿,21,7,14,群益金鼎-三民,2024-12-03,9188
2375,凱美,16,2,14,群益金鼎-三民,2024-12-03,9188
8261,富鼎,14,0,14,群益金鼎-三民,2024-12-03,9188
2392,正崴,16,3,13,群益金鼎-三民,2024-12-03,9188
8028,昇陽半導體,15,3,12,群益金鼎-三民,2024-12-03,9188
6244,茂迪,34,22,12,群益金鼎-三民,2024-12-03,9188
8299,群聯,12,0,12,群益金鼎-三民,2024-12-03,9188
2511,太子,11,0,11,群益金鼎-三民,2024-12-03,9188
1449,佳和,45,35,10,群益金鼎-三民,2024-12-03,9188
00795B,中信美國公債20年,10,0,10,群益金鼎-三民,2024-12-03,9188
6176,瑞儀,10,0,10,群益金鼎-三民,2024-12-03,9188
2867,三商壽,10,0,10,群益金鼎-三民,2024-12-03,9188
3040,遠見,10,0,10,群益金鼎-三民,2024-12-03,9188
1737,臺鹽,10,0,10,群益金鼎-三民,2024-12-03,9188
2034,允強,10,0,10,群益金鼎-三民,2024-12-03,9188
1464,得力,10,0,10,群益金鼎-三民,2024-12-03,9188
8086,宏捷科,10,0,10,群益金鼎-三民,2024-12-03,9188
00643,群益深証中小,61,51,10,群益金鼎-三民,2024-12-03,9188
4927,泰鼎-KY,10,0,10,群益金鼎-三民,2024-12-03,9188
3265,台星科,11,1,10,群益金鼎-三民,2024-12-03,9188
5371,中光電,22,12,10,群益金鼎-三民,2024-12-03,9188
3031,佰鴻,9,0,9,群益金鼎-三民,2024-12-03,9188
2472,立隆電,13,4,9,群益金鼎-三民,2024-12-03,9188
4915,致伸,9,0,9,群益金鼎-三民,2024-12-03,9188
00953B,群益優選非投等債,283,0,283,群益金鼎-三民,2024-12-04,9188
5880,合庫金,70,0,70,群益金鼎-三民,2024-12-04,9188
00637L,元大滬深300正2,185,119,66,群益金鼎-三民,2024-12-04,9188
00679B,元大美債20年,191,130,61,群益金鼎-三民,2024-12-04,9188
8927,北基,48,0,48,群益金鼎-三民,2024-12-04,9188
00919,群益台灣精選高息,66,25,41,群益金鼎-三民,2024-12-04,9188
00878,國泰永續高股息,94,54,40,群益金鼎-三民,2024-12-04,9188
0056,元大高股息,45,5,40,群益金鼎-三民,2024-12-04,9188
5309,系統電,99,60,39,群益金鼎-三民,2024-12-04,9188
00926,凱基全球菁英55,38,0,38,群益金鼎-三民,2024-12-04,9188
3380,明泰,40,3,37,群益金鼎-三民,2024-12-04,9188
00918,大華優利高填息30,33,2,31,群益金鼎-三民,2024-12-04,9188
00687B,國泰20年美債,50,21,29,群益金鼎-三民,2024-12-04,9188
8043,蜜望實,26,0,26,群益金鼎-三民,2024-12-04,9188
5371,中光電,27,3,24,群益金鼎-三民,2024-12-04,9188
2511,太子,23,0,23,群益金鼎-三民,2024-12-04,9188
00764B,群益25年美債,304,282,22,群益金鼎-三民,2024-12-04,9188
6134,萬旭,28,6,22,群益金鼎-三民,2024-12-04,9188
00712,復華富時不動產,23,2,21,群益金鼎-三民,2024-12-04,9188
00795B,中信美國公債20年,22,2,20,群益金鼎-三民,2024-12-04,9188
5381,合正,25,5,20,群益金鼎-三民,2024-12-04,9188
8176,智捷,21,1,20,群益金鼎-三民,2024-12-04,9188
3706,神達,166,147,19,群益金鼎-三民,2024-12-04,9188
2646,星宇航空,23,5,18,群益金鼎-三民,2024-12-04,9188
3025,星通,26,8,18,群益金鼎-三民,2024-12-04,9188
8039,台虹,20,2,18,群益金鼎-三民,2024-12-04,9188
2354,鴻準,18,1,17,群益金鼎-三民,2024-12-04,9188
00713,元大台灣高息低波,62,45,17,群益金鼎-三民,2024-12-04,9188
5328,華容,51,35,16,群益金鼎-三民,2024-12-04,9188
6127,九豪,31,15,16,群益金鼎-三民,2024-12-04,9188
3043,科風,16,0,16,群益金鼎-三民,2024-12-04,9188
3694,海華,24,9,15,群益金鼎-三民,2024-12-04,9188
3260,威剛,16,1,15,群益金鼎-三民,2024-12-04,9188
2349,錸德,23,8,15,群益金鼎-三民,2024-12-04,9188
5515,建國,15,0,15,群益金鼎-三民,2024-12-04,9188
00933B,國泰10Y+金融債,46,31,15,群益金鼎-三民,2024-12-04,9188
3625,西勝,14,0,14,群益金鼎-三民,2024-12-04,9188
2887,台新金,14,0,14,群益金鼎-三民,2024-12-04,9188
2474,可成,13,0,13,群益金鼎-三民,2024-12-04,9188
4123,晟德,13,0,13,群益金鼎-三民,2024-12-04,9188
2385,群光,13,0,13,群益金鼎-三民,2024-12-04,9188
00945B,凱基美國非投等債,19,7,12,群益金鼎-三民,2024-12-04,9188
00772B,中信高評級公司債,13,1,12,群益金鼎-三民,2024-12-04,9188
5388,中磊,20,9,11,群益金鼎-三民,2024-12-04,9188
2301,光寶科,31,20,11,群益金鼎-三民,2024-12-04,9188
6239,力成,11,0,11,群益金鼎-三民,2024-12-04,9188
2486,一詮,19,8,11,群益金鼎-三民,2024-12-04,9188
6591,動力-KY,17,7,10,群益金鼎-三民,2024-12-04,9188
8150,南茂,10,0,10,群益金鼎-三民,2024-12-04,9188
1316,上曜,10,0,10,群益金鼎-三民,2024-12-04,9188
00953B,群益優選非投等債,313,1,312,群益金鼎-三民,2024-12-05,9188
00637L,元大滬深300正2,170,52,118,群益金鼎-三民,2024-12-05,9188
2303,聯電,68,1,67,群益金鼎-三民,2024-12-05,9188
00712,復華富時不動產,58,0,58,群益金鼎-三民,2024-12-05,9188
1815,富喬,230,178,52,群益金鼎-三民,2024-12-05,9188
8927,北基,41,0,41,群益金鼎-三民,2024-12-05,9188
3090,日電貿,47,12,35,群益金鼎-三民,2024-12-05,9188
00919,群益台灣精選高息,61,26,35,群益金鼎-三民,2024-12-05,9188
1471,首利,33,3,30,群益金鼎-三民,2024-12-05,9188
1595,川寶,32,4,28,群益金鼎-三民,2024-12-05,9188
2312,金寶,45,20,25,群益金鼎-三民,2024-12-05,9188
00948B,中信優息投資級債,25,0,25,群益金鼎-三民,2024-12-05,9188
2615,萬海,37,13,24,群益金鼎-三民,2024-12-05,9188
3481,群創,24,2,22,群益金鼎-三民,2024-12-05,9188
1101,台泥,22,0,22,群益金鼎-三民,2024-12-05,9188
00757,統一FANG+,24,3,21,群益金鼎-三民,2024-12-05,9188
1218,泰山,20,0,20,群益金鼎-三民,2024-12-05,9188
2201,裕隆,20,0,20,群益金鼎-三民,2024-12-05,9188
2392,正崴,26,6,20,群益金鼎-三民,2024-12-05,9188
3511,矽瑪,22,3,19,群益金鼎-三民,2024-12-05,9188
1303,南亞,22,5,17,群益金鼎-三民,2024-12-05,9188
2371,大同,17,2,15,群益金鼎-三民,2024-12-05,9188
4977,眾達-KY,38,23,15,群益金鼎-三民,2024-12-05,9188
1326,台化,14,0,14,群益金鼎-三民,2024-12-05,9188
3105,穩懋,14,0,14,群益金鼎-三民,2024-12-05,9188
2375,凱美,134,120,14,群益金鼎-三民,2024-12-05,9188
3548,兆利,19,6,13,群益金鼎-三民,2024-12-05,9188
3450,聯鈞,22,10,12,群益金鼎-三民,2024-12-05,9188
00918,大華優利高填息30,22,10,12,群益金鼎-三民,2024-12-05,9188
2313,華通,17,5,12,群益金鼎-三民,2024-12-05,9188
6285,啟��,13,2,11,群益金鼎-三民,2024-12-05,9188
5353,台林,11,0,11,群益金鼎-三民,2024-12-05,9188
00945B,凱基美國非投等債,11,0,11,群益金鼎-三民,2024-12-05,9188
3211,順達,21,10,11,群益金鼎-三民,2024-12-05,9188
3376,新日興,19,9,10,群益金鼎-三民,2024-12-05,9188
3694,海華,12,2,10,群益金鼎-三民,2024-12-05,9188
00910,第一金太空衛星,10,0,10,群益金鼎-三民,2024-12-05,9188
2834,臺企銀,31,21,10,群益金鼎-三民,2024-12-05,9188
8289,泰藝,10,0,10,群益金鼎-三民,2024-12-05,9188
00888,永豐台灣ESG,10,0,10,群益金鼎-三民,2024-12-05,9188
6706,惠特,13,3,10,群益金鼎-三民,2024-12-05,9188
6112,邁達特,10,0,10,群益金鼎-三民,2024-12-05,9188
2472,立隆電,15,6,9,群益金鼎-三民,2024-12-05,9188
00891,中信關鍵半導體,9,0,9,群益金鼎-三民,2024-12-05,9188
6118,建達,9,0,9,群益金鼎-三民,2024-12-05,9188
00950B,凱基A級公司債,9,0,9,群益金鼎-三民,2024-12-05,9188
6180,橘子,9,0,9,群益金鼎-三民,2024-12-05,9188
2539,櫻花建,8,0,8,群益金鼎-三民,2024-12-05,9188
3041,揚智,13,5,8,群益金鼎-三民,2024-12-05,9188
2527,宏璟,8,0,8,群益金鼎-三民,2024-12-05,9188
00953B,群益優選非投等債,162,0,162,群益金鼎-三民,2024-12-06,9188
00962,台新AI優息動能,151,0,151,群益金鼎-三民,2024-12-06,9188
00933B,國泰10Y+金融債,127,17,110,群益金鼎-三民,2024-12-06,9188
1815,富喬,246,145,101,群益金鼎-三民,2024-12-06,9188
2449,京元電子,227,138,89,群益金鼎-三民,2024-12-06,9188
1802,台玻,50,2,48,群益金鼎-三民,2024-12-06,9188
2337,旺宏,58,23,35,群益金鼎-三民,2024-12-06,9188
00937B,群益ESG投等債20,40,8,32,群益金鼎-三民,2024-12-06,9188
00712,復華富時不動產,26,0,26,群益金鼎-三民,2024-12-06,9188
4919,新唐,40,14,26,群益金鼎-三民,2024-12-06,9188
00757,統一FANG+,25,0,25,群益金鼎-三民,2024-12-06,9188
00945B,凱基美國非投等債,25,0,25,群益金鼎-三民,2024-12-06,9188
2886,兆豐金,123,100,23,群益金鼎-三民,2024-12-06,9188
00918,大華優利高填息30,31,10,21,群益金鼎-三民,2024-12-06,9188
00881,國泰台灣5G+,27,6,21,群益金鼎-三民,2024-12-06,9188
00715L,期街口布蘭特正2,21,0,21,群益金鼎-三民,2024-12-06,9188
4956,光鋐,27,6,21,群益金鼎-三民,2024-12-06,9188
2241,艾姆勒,20,0,20,群益金鼎-三民,2024-12-06,9188
8110,華東,20,0,20,群益金鼎-三民,2024-12-06,9188
5355,佳總,20,0,20,群益金鼎-三民,2024-12-06,9188
2884,玉山金,22,3,19,群益金鼎-三民,2024-12-06,9188
00680L,元大美債20正2,30,11,19,群益金鼎-三民,2024-12-06,9188
6558,興能高,43,25,18,群益金鼎-三民,2024-12-06,9188
2408,南亞科,20,3,17,群益金鼎-三民,2024-12-06,9188
8011,台通,16,0,16,群益金鼎-三民,2024-12-06,9188
8069,元太,19,4,15,群益金鼎-三民,2024-12-06,9188
8032,光菱,14,0,14,群益金鼎-三民,2024-12-06,9188
1612,宏泰,14,0,14,群益金鼎-三民,2024-12-06,9188
2374,佳能,14,1,13,群益金鼎-三民,2024-12-06,9188
3043,科風,33,20,13,群益金鼎-三民,2024-12-06,9188
1220,台榮,13,0,13,群益金鼎-三民,2024-12-06,9188
1301,台塑,12,0,12,群益金鼎-三民,2024-12-06,9188
1303,南亞,14,2,12,群益金鼎-三民,2024-12-06,9188
2426,鼎元,13,1,12,群益金鼎-三民,2024-12-06,9188
00690,兆豐藍籌30,12,0,12,群益金鼎-三民,2024-12-06,9188
6962,ITH-KY,15,3,12,群益金鼎-三民,2024-12-06,9188
2472,立隆電,19,7,12,群益金鼎-三民,2024-12-06,9188
2882,國泰金,12,1,11,群益金鼎-三民,2024-12-06,9188
4743,合一,26,15,11,群益金鼎-三民,2024-12-06,9188
1595,川寶,16,5,11,群益金鼎-三民,2024-12-06,9188
4174,浩鼎,15,4,11,群益金鼎-三民,2024-12-06,9188
8042,金山電,32,21,11,群益金鼎-三民,2024-12-06,9188
6462,神盾,11,0,11,群益金鼎-三民,2024-12-06,9188
6173,信昌電,24,13,11,群益金鼎-三民,2024-12-06,9188
5880,合庫金,10,0,10,群益金鼎-三民,2024-12-06,9188
4108,懷特,10,0,10,群益金鼎-三民,2024-12-06,9188
6151,晉倫,13,3,10,群益金鼎-三民,2024-12-06,9188
2474,可成,10,0,10,群益金鼎-三民,2024-12-06,9188
6152,百一,10,0,10,群益金鼎-三民,2024-12-06,9188
3162,精確,10,0,10,群益金鼎-三民,2024-12-06,9188
9105,泰金寶-DR,385,40,345,群益金鼎-三民,2024-12-09,9188
00639,富邦深100,130,0,130,群益金鼎-三民,2024-12-09,9188
00953B,群益優選非投等債,82,0,82,群益金鼎-三民,2024-12-09,9188
00918,大華優利高填息30,77,4,73,群益金鼎-三民,2024-12-09,9188
00715L,期街口布蘭特正2,53,0,53,群益金鼎-三民,2024-12-09,9188
5347,世界,107,56,51,群益金鼎-三民,2024-12-09,9188
2354,鴻準,78,27,51,群益金鼎-三民,2024-12-09,9188
00712,復華富時不動產,50,0,50,群益金鼎-三民,2024-12-09,9188
00919,群益台灣精選高息,89,55,34,群益金鼎-三民,2024-12-09,9188
00923,群益台ESG低碳50,34,0,34,群益金鼎-三民,2024-12-09,9188
2889,國票金,485,452,33,群益金鼎-三民,2024-12-09,9188
1110,東泥,32,0,32,群益金鼎-三民,2024-12-09,9188
3706,神達,113,84,29,群益金鼎-三民,2024-12-09,9188
1587,吉茂,34,5,29,群益金鼎-三民,2024-12-09,9188
3211,順達,33,7,26,群益金鼎-三民,2024-12-09,9188
3689,湧德,27,3,24,群益金鼎-三民,2024-12-09,9188
00878,國泰永續高股息,86,64,22,群益金鼎-三民,2024-12-09,9188
2317,鴻海,25,4,21,群益金鼎-三民,2024-12-09,9188
00670L,富邦NASDAQ正2,21,0,21,群益金鼎-三民,2024-12-09,9188
1101,台泥,21,2,19,群益金鼎-三民,2024-12-09,9188
00950B,凱基A級公司債,19,0,19,群益金鼎-三民,2024-12-09,9188
2337,旺宏,22,3,19,群益金鼎-三民,2024-12-09,9188
6695,芯鼎,59,42,17,群益金鼎-三民,2024-12-09,9188
2471,資通,24,7,17,群益金鼎-三民,2024-12-09,9188
3088,艾訊,16,0,16,群益金鼎-三民,2024-12-09,9188
1524,耿鼎,23,8,15,群益金鼎-三民,2024-12-09,9188
2520,冠德,68,53,15,群益金鼎-三民,2024-12-09,9188
2468,華經,24,9,15,群益金鼎-三民,2024-12-09,9188
0056,元大高股息,26,12,14,群益金鼎-三民,2024-12-09,9188
2392,正崴,22,8,14,群益金鼎-三民,2024-12-09,9188
2890,永豐金,14,0,14,群益金鼎-三民,2024-12-09,9188
00945B,凱基美國非投等債,14,0,14,群益金鼎-三民,2024-12-09,9188
3705,永信,14,0,14,群益金鼎-三民,2024-12-09,9188
3323,加百裕,24,10,14,群益金鼎-三民,2024-12-09,9188
2453,凌群,18,5,13,群益金鼎-三民,2024-12-09,9188
2891,中信金,15,2,13,群益金鼎-三民,2024-12-09,9188
2375,凱美,17,5,12,群益金鼎-三民,2024-12-09,9188
00943,兆豐電子高息等權,12,0,12,群益金鼎-三民,2024-12-09,9188
5880,合庫金,12,0,12,群益金鼎-三民,2024-12-09,9188
6239,力成,11,0,11,群益金鼎-三民,2024-12-09,9188
2105,正新,31,20,11,群益金鼎-三民,2024-12-09,9188
2457,飛宏,16,5,11,群益金鼎-三民,2024-12-09,9188
2801,彰銀,10,0,10,群益金鼎-三民,2024-12-09,9188
5469,瀚宇博,10,0,10,群益金鼎-三民,2024-12-09,9188
1708,東鹼,19,9,10,群益金鼎-三民,2024-12-09,9188
1304,台聚,10,0,10,群益金鼎-三民,2024-12-09,9188
2867,三商壽,10,0,10,群益金鼎-三民,2024-12-09,9188
1220,台榮,10,0,10,群益金鼎-三民,2024-12-09,9188
6603,富強鑫,10,0,10,群益金鼎-三民,2024-12-09,9188
4167,松瑞藥,10,0,10,群益金鼎-三民,2024-12-09,9188
00953B,群益優選非投等債,132,1,131,群益金鼎-三民,2024-12-10,9188
00637L,元大滬深300正2,581,482,99,群益金鼎-三民,2024-12-10,9188
00918,大華優利高填息30,77,1,76,群益金鼎-三民,2024-12-10,9188
00937B,群益ESG投等債20,124,55,69,群益金鼎-三民,2024-12-10,9188
2609,陽明,114,52,62,群益金鼎-三民,2024-12-10,9188
2890,永豐金,50,0,50,群益金鼎-三民,2024-12-10,9188
2618,長榮航,50,1,49,群益金鼎-三民,2024-12-10,9188
0056,元大高股息,46,0,46,群益金鼎-三民,2024-12-10,9188
00687B,國泰20年美債,57,14,43,群益金鼎-三民,2024-12-10,9188
1802,台玻,57,15,42,群益金鼎-三民,2024-12-10,9188
00950B,凱基A級公司債,36,0,36,群益金鼎-三民,2024-12-10,9188
00919,群益台灣精選高息,38,6,32,群益金鼎-三民,2024-12-10,9188
2527,宏璟,34,2,32,群益金鼎-三民,2024-12-10,9188
1101,台泥,33,1,32,群益金鼎-三民,2024-12-10,9188
00878,國泰永續高股息,160,128,32,群益金鼎-三民,2024-12-10,9188
2337,旺宏,30,2,28,群益金鼎-三民,2024-12-10,9188
00943,兆豐電子高息等權,34,6,28,群益金鼎-三民,2024-12-10,9188
2528,皇普,26,0,26,群益金鼎-三民,2024-12-10,9188
2317,鴻海,32,7,25,群益金鼎-三民,2024-12-10,9188
4510,高鋒,24,0,24,群益金鼎-三民,2024-12-10,9188
00915,凱基優選高股息30,121,99,22,群益金鼎-三民,2024-12-10,9188
2324,仁寶,38,16,22,群益金鼎-三民,2024-12-10,9188
3545,敦泰,21,0,21,群益金鼎-三民,2024-12-10,9188
00764B,群益25年美債,317,297,20,群益金鼎-三民,2024-12-10,9188
00968B,元大優息投等債,20,0,20,群益金鼎-三民,2024-12-10,9188
3706,神達,76,56,20,群益金鼎-三民,2024-12-10,9188
3511,矽瑪,18,0,18,群益金鼎-三民,2024-12-10,9188
00945B,凱基美國非投等債,18,0,18,群益金鼎-三民,2024-12-10,9188
00967B,元大優息美債,16,0,16,群益金鼎-三民,2024-12-10,9188
3689,湧德,19,4,15,群益金鼎-三民,2024-12-10,9188
2883,凱基金,140,125,15,群益金鼎-三民,2024-12-10,9188
00795B,中信美國公債20年,15,0,15,群益金鼎-三民,2024-12-10,9188
1314,中石化,21,6,15,群益金鼎-三民,2024-12-10,9188
3019,亞光,18,3,15,群益金鼎-三民,2024-12-10,9188
00713,元大台灣高息低波,78,64,14,群益金鼎-三民,2024-12-10,9188
00719B,元大美債1-3,14,0,14,群益金鼎-三民,2024-12-10,9188
2363,矽統,39,27,12,群益金鼎-三民,2024-12-10,9188
2353,宏��,18,6,12,群益金鼎-三民,2024-12-10,9188
2886,兆豐金,12,1,11,群益金鼎-三民,2024-12-10,9188
00933B,國泰10Y+金融債,21,10,11,群益金鼎-三民,2024-12-10,9188
00939,統一台灣高息動能,11,0,11,群益金鼎-三民,2024-12-10,9188
2601,益航,10,0,10,群益金鼎-三民,2024-12-10,9188
2613,中櫃,11,1,10,群益金鼎-三民,2024-12-10,9188
2066,世德,14,4,10,群益金鼎-三民,2024-12-10,9188
5880,合庫金,10,0,10,群益金鼎-三民,2024-12-10,9188
00881,國泰台灣5G+,12,2,10,群益金鼎-三民,2024-12-10,9188
911608,明輝-DR,10,0,10,群益金鼎-三民,2024-12-10,9188
3162,精確,15,5,10,群益金鼎-三民,2024-12-10,9188
3607,谷崧,15,5,10,群益金鼎-三民,2024-12-10,9188
8070,長華*,50,40,10,群益金鼎-三民,2024-12-10,9188
00948B,中信優息投資級債,202,0,202,群益金鼎-三民,2024-12-11,9188
2845,遠東銀,160,2,158,群益金鼎-三民,2024-12-11,9188
2405,輔信,101,1,100,群益金鼎-三民,2024-12-11,9188
00687B,國泰20年美債,85,0,85,群益金鼎-三民,2024-12-11,9188
00919,群益台灣精選高息,93,16,77,群益金鼎-三民,2024-12-11,9188
00918,大華優利高填息30,58,0,58,群益金鼎-三民,2024-12-11,9188
2892,第一金,52,0,52,群益金鼎-三民,2024-12-11,9188
912000,晨訊科-DR,47,0,47,群益金鼎-三民,2024-12-11,9188
2889,國票金,788,745,43,群益金鼎-三民,2024-12-11,9188
0056,元大高股息,46,5,41,群益金鼎-三民,2024-12-11,9188
2317,鴻海,44,6,38,群益金鼎-三民,2024-12-11,9188
2002,中鋼,42,6,36,群益金鼎-三民,2024-12-11,9188
1785,光洋科,36,3,33,群益金鼎-三民,2024-12-11,9188
9904,寶成,33,1,32,群益金鼎-三民,2024-12-11,9188
6770,力積電,32,0,32,群益金鼎-三民,2024-12-11,9188
2303,聯電,154,125,29,群益金鼎-三民,2024-12-11,9188
2344,華邦電,32,5,27,群益金鼎-三民,2024-12-11,9188
1101,台泥,28,6,22,群益金鼎-三民,2024-12-11,9188
5880,合庫金,22,0,22,群益金鼎-三民,2024-12-11,9188
2547,日勝生,22,0,22,群益金鼎-三民,2024-12-11,9188
6167,久正,22,0,22,群益金鼎-三民,2024-12-11,9188
2528,皇普,20,0,20,群益金鼎-三民,2024-12-11,9188
6239,力成,20,0,20,群益金鼎-三民,2024-12-11,9188
3576,聯合再生,20,1,19,群益金鼎-三民,2024-12-11,9188
3231,緯創,45,27,18,群益金鼎-三民,2024-12-11,9188
2886,兆豐金,168,150,18,群益金鼎-三民,2024-12-11,9188
00953B,群益優選非投等債,16,0,16,群益金鼎-三民,2024-12-11,9188
2324,仁寶,160,144,16,群益金鼎-三民,2024-12-11,9188
6462,神盾,39,24,15,群益金鼎-三民,2024-12-11,9188
00922,國泰台灣領袖50,15,0,15,群益金鼎-三民,2024-12-11,9188
8033,雷虎,16,1,15,群益金鼎-三民,2024-12-11,9188
1605,華新,16,3,13,群益金鼎-三民,2024-12-11,9188
2838,聯邦銀,13,0,13,群益金鼎-三民,2024-12-11,9188
6443,元晶,13,0,13,群益金鼎-三民,2024-12-11,9188
2382,廣達,12,0,12,群益金鼎-三民,2024-12-11,9188
1526,日馳,12,0,12,群益金鼎-三民,2024-12-11,9188
5371,中光電,57,45,12,群益金鼎-三民,2024-12-11,9188
6182,合晶,11,0,11,群益金鼎-三民,2024-12-11,9188
00940,元大台灣價值高息,11,0,11,群益金鼎-三民,2024-12-11,9188
3591,艾笛森,11,0,11,群益金鼎-三民,2024-12-11,9188
2449,京元電子,14,4,10,群益金鼎-三民,2024-12-11,9188
00941,中信上游半導體,10,0,10,群益金鼎-三民,2024-12-11,9188
6558,興能高,34,24,10,群益金鼎-三民,2024-12-11,9188
00946,群益科技高息成長,10,0,10,群益金鼎-三民,2024-12-11,9188
2330,台積電,12,2,10,群益金鼎-三民,2024-12-11,9188
1301,台塑,10,1,9,群益金鼎-三民,2024-12-11,9188
2363,矽統,10,1,9,群益金鼎-三民,2024-12-11,9188
00795B,中信美國公債20年,9,0,9,群益金鼎-三民,2024-12-11,9188
1464,得力,10,1,9,群益金鼎-三民,2024-12-11,9188
1316,上曜,10,1,9,群益金鼎-三民,2024-12-11,9188
2637,慧洋-KY,131,30,101,群益金鼎-三民,2024-12-12,9188
1815,富喬,174,88,86,群益金鼎-三民,2024-12-12,9188
00919,群益台灣精選高息,62,3,59,群益金鼎-三民,2024-12-12,9188
00712,復華富時不動產,53,5,48,群益金鼎-三民,2024-12-12,9188
00687B,國泰20年美債,58,15,43,群益金鼎-三民,2024-12-12,9188
2520,冠德,40,2,38,群益金鼎-三民,2024-12-12,9188
00795B,中信美國公債20年,34,0,34,群益金鼎-三民,2024-12-12,9188
0061,元大寶滬深,30,0,30,群益金鼎-三民,2024-12-12,9188
6120,達運,30,0,30,群益金鼎-三民,2024-12-12,9188
00937B,群益ESG投等債20,80,55,25,群益金鼎-三民,2024-12-12,9188
2312,金寶,24,3,21,群益金鼎-三民,2024-12-12,9188
00950B,凱基A級公司債,21,0,21,群益金鼎-三民,2024-12-12,9188
2609,陽明,44,24,20,群益金鼎-三民,2024-12-12,9188
1587,吉茂,20,0,20,群益金鼎-三民,2024-12-12,9188
00967B,元大優息美債,20,0,20,群益金鼎-三民,2024-12-12,9188
00918,大華優利高填息30,19,0,19,群益金鼎-三民,2024-12-12,9188
00924,復華S＆P500成長,19,0,19,群益金鼎-三民,2024-12-12,9188
00953B,群益優選非投等債,49,30,19,群益金鼎-三民,2024-12-12,9188
00757,統一FANG+,23,4,19,群益金鼎-三民,2024-12-12,9188
2317,鴻海,26,7,19,群益金鼎-三民,2024-12-12,9188
1303,南亞,26,8,18,群益金鼎-三民,2024-12-12,9188
2303,聯電,21,5,16,群益金鼎-三民,2024-12-12,9188
00764B,群益25年美債,321,305,16,群益金鼎-三民,2024-12-12,9188
6248,沛波,16,0,16,群益金鼎-三民,2024-12-12,9188
00945B,凱基美國非投等債,15,0,15,群益金鼎-三民,2024-12-12,9188
00679B,元大美債20年,33,18,15,群益金鼎-三民,2024-12-12,9188
1301,台塑,17,2,15,群益金鼎-三民,2024-12-12,9188
2371,大同,14,0,14,群益金鼎-三民,2024-12-12,9188
2002,中鋼,44,32,12,群益金鼎-三民,2024-12-12,9188
2365,昆盈,14,2,12,群益金鼎-三民,2024-12-12,9188
5328,華容,31,19,12,群益金鼎-三民,2024-12-12,9188
006208,富邦台50,26,15,11,群益金鼎-三民,2024-12-12,9188
2884,玉山金,11,0,11,群益金鼎-三民,2024-12-12,9188
2399,映泰,13,2,11,群益金鼎-三民,2024-12-12,9188
8039,台虹,15,4,11,群益金鼎-三民,2024-12-12,9188
1464,得力,11,0,11,群益金鼎-三民,2024-12-12,9188
2618,長榮航,17,6,11,群益金鼎-三民,2024-12-12,9188
3231,緯創,10,0,10,群益金鼎-三民,2024-12-12,9188
00951,台新日本半導體,10,0,10,群益金鼎-三民,2024-12-12,9188
00905,FT臺灣Smart,10,0,10,群益金鼎-三民,2024-12-12,9188
00751B,元大AAA至A公司債,10,0,10,群益金鼎-三民,2024-12-12,9188
2820,華票,10,0,10,群益金鼎-三民,2024-12-12,9188
00932,兆豐永續高息等權,10,0,10,群益金鼎-三民,2024-12-12,9188
2613,中櫃,10,0,10,群益金鼎-三民,2024-12-12,9188
8261,富鼎,10,0,10,群益金鼎-三民,2024-12-12,9188
6005,群益證,11,2,9,群益金鼎-三民,2024-12-12,9188
2426,鼎元,9,0,9,群益金鼎-三民,2024-12-12,9188
4576,大銀微系統,10,1,9,群益金鼎-三民,2024-12-12,9188
6505,台塑化,10,2,8,群益金鼎-三民,2024-12-12,9188
6167,久正,10,2,8,群益金鼎-三民,2024-12-12,9188
00637L,元大滬深300正2,194,72,122,群益金鼎-三民,2024-12-13,9188
2890,永豐金,65,0,65,群益金鼎-三民,2024-12-13,9188
5871,中租-KY,64,0,64,群益金鼎-三民,2024-12-13,9188
00918,大華優利高填息30,63,0,63,群益金鼎-三民,2024-12-13,9188
0056,元大高股息,59,0,59,群益金鼎-三民,2024-12-13,9188
00953B,群益優選非投等債,59,1,58,群益金鼎-三民,2024-12-13,9188
00919,群益台灣精選高息,58,6,52,群益金鼎-三民,2024-12-13,9188
00945B,凱基美國非投等債,51,0,51,群益金鼎-三民,2024-12-13,9188
2834,臺企銀,50,0,50,群益金鼎-三民,2024-12-13,9188
00712,復華富時不動產,52,2,50,群益金鼎-三民,2024-12-13,9188
00632R,元大台灣50反1,50,3,47,群益金鼎-三民,2024-12-13,9188
00757,統一FANG+,41,1,40,群益金鼎-三民,2024-12-13,9188
1464,得力,38,0,38,群益金鼎-三民,2024-12-13,9188
2324,仁寶,33,0,33,群益金鼎-三民,2024-12-13,9188
00878,國泰永續高股息,173,140,33,群益金鼎-三民,2024-12-13,9188
9904,寶成,32,0,32,群益金鼎-三民,2024-12-13,9188
912000,晨訊科-DR,31,0,31,群益金鼎-三民,2024-12-13,9188
3037,欣興,33,2,31,群益金鼎-三民,2024-12-13,9188
6153,嘉聯益,32,1,31,群益金鼎-三民,2024-12-13,9188
2609,陽明,80,51,29,群益金鼎-三民,2024-12-13,9188
00937B,群益ESG投等債20,136,107,29,群益金鼎-三民,2024-12-13,9188
00679B,元大美債20年,29,0,29,群益金鼎-三民,2024-12-13,9188
6182,合晶,26,2,24,群益金鼎-三民,2024-12-13,9188
2903,遠百,24,0,24,群益金鼎-三民,2024-12-13,9188
3231,緯創,24,0,24,群益金鼎-三民,2024-12-13,9188
2353,宏��,42,20,22,群益金鼎-三民,2024-12-13,9188
8042,金山電,27,5,22,群益金鼎-三民,2024-12-13,9188
00688L,國泰20年美債正2,22,0,22,群益金鼎-三民,2024-12-13,9188
6285,啟��,21,0,21,群益金鼎-三民,2024-12-13,9188
00936,台新永續高息中小,21,0,21,群益金鼎-三民,2024-12-13,9188
3481,群創,23,2,21,群益金鼎-三民,2024-12-13,9188
1717,長興,20,0,20,群益金鼎-三民,2024-12-13,9188
2838,聯邦銀,20,0,20,群益金鼎-三民,2024-12-13,9188
2820,華票,20,0,20,群益金鼎-三民,2024-12-13,9188
6443,元晶,19,0,19,群益金鼎-三民,2024-12-13,9188
00882,中信中國高股息,18,0,18,群益金鼎-三民,2024-12-13,9188
00946,群益科技高息成長,18,1,17,群益金鼎-三民,2024-12-13,9188
2801,彰銀,18,1,17,群益金鼎-三民,2024-12-13,9188
00795B,中信美國公債20年,17,0,17,群益金鼎-三民,2024-12-13,9188
00687B,國泰20年美債,19,3,16,群益金鼎-三民,2024-12-13,9188
2527,宏璟,16,0,16,群益金鼎-三民,2024-12-13,9188
2468,華經,58,42,16,群益金鼎-三民,2024-12-13,9188
4931,新盛力,38,23,15,群益金鼎-三民,2024-12-13,9188
00950B,凱基A級公司債,15,0,15,群益金鼎-三民,2024-12-13,9188
2646,星宇航空,22,7,15,群益金鼎-三民,2024-12-13,9188
8289,泰藝,14,0,14,群益金鼎-三民,2024-12-13,9188
5880,合庫金,13,0,13,群益金鼎-三民,2024-12-13,9188
6558,興能高,55,42,13,群益金鼎-三民,2024-12-13,9188
6732,昇佳電子,12,0,12,群益金鼎-三民,2024-12-13,9188
1219,福壽,12,0,12,群益金鼎-三民,2024-12-13,9188
00937B,群益ESG投等債20,394,79,315,群益金鼎-三民,2024-12-16,9188
00918,大華優利高填息30,106,5,101,群益金鼎-三民,2024-12-16,9188
00945B,凱基美國非投等債,87,0,87,群益金鼎-三民,2024-12-16,9188
00687B,國泰20年美債,78,2,76,群益金鼎-三民,2024-12-16,9188
00919,群益台灣精選高息,63,3,60,群益金鼎-三民,2024-12-16,9188
00878,國泰永續高股息,224,172,52,群益金鼎-三民,2024-12-16,9188
6548,長科*,50,0,50,群益金鼎-三民,2024-12-16,9188
6005,群益證,130,81,49,群益金鼎-三民,2024-12-16,9188
00946,群益科技高息成長,51,2,49,群益金鼎-三民,2024-12-16,9188
00959B,大華投等美債15Y+,43,0,43,群益金鼎-三民,2024-12-16,9188
0056,元大高股息,67,26,41,群益金鼎-三民,2024-12-16,9188
00953B,群益優選非投等債,62,22,40,群益金鼎-三民,2024-12-16,9188
3576,聯合再生,48,10,38,群益金鼎-三民,2024-12-16,9188
00632R,元大台灣50反1,36,0,36,群益金鼎-三民,2024-12-16,9188
3162,精確,36,1,35,群益金鼎-三民,2024-12-16,9188
00679B,元大美債20年,39,5,34,群益金鼎-三民,2024-12-16,9188
1815,富喬,82,49,33,群益金鼎-三民,2024-12-16,9188
2809,京城銀,60,31,29,群益金鼎-三民,2024-12-16,9188
3231,緯創,33,5,28,群益金鼎-三民,2024-12-16,9188
2883,凱基金,182,155,27,群益金鼎-三民,2024-12-16,9188
00712,復華富時不動產,30,4,26,群益金鼎-三民,2024-12-16,9188
00830,國泰費城半導體,26,0,26,群益金鼎-三民,2024-12-16,9188
2317,鴻海,40,15,25,群益金鼎-三民,2024-12-16,9188
1217,愛之味,22,0,22,群益金鼎-三民,2024-12-16,9188
2609,陽明,50,28,22,群益金鼎-三民,2024-12-16,9188
00940,元大台灣價值高息,23,2,21,群益金鼎-三民,2024-12-16,9188
2354,鴻準,56,36,20,群益金鼎-三民,2024-12-16,9188
00902,中信電池及儲能,20,0,20,群益金鼎-三民,2024-12-16,9188
00893,國泰智能電動車,20,0,20,群益金鼎-三民,2024-12-16,9188
2834,臺企銀,30,10,20,群益金鼎-三民,2024-12-16,9188
2610,華航,31,12,19,群益金鼎-三民,2024-12-16,9188
2002,中鋼,31,14,17,群益金鼎-三民,2024-12-16,9188
2355,敬鵬,25,8,17,群益金鼎-三民,2024-12-16,9188
2382,廣達,19,2,17,群益金鼎-三民,2024-12-16,9188
2313,華通,46,30,16,群益金鼎-三民,2024-12-16,9188
2374,佳能,32,17,15,群益金鼎-三民,2024-12-16,9188
1314,中石化,20,5,15,群益金鼎-三民,2024-12-16,9188
2348,海悅,36,21,15,群益金鼎-三民,2024-12-16,9188
006208,富邦台50,24,10,14,群益金鼎-三民,2024-12-16,9188
2344,華邦電,18,5,13,群益金鼎-三民,2024-12-16,9188
2405,輔信,13,0,13,群益金鼎-三民,2024-12-16,9188
3363,上詮,22,9,13,群益金鼎-三民,2024-12-16,9188
00751B,元大AAA至A公司債,12,0,12,群益金鼎-三民,2024-12-16,9188
2449,京元電子,74,63,11,群益金鼎-三民,2024-12-16,9188
1608,華榮,13,2,11,群益金鼎-三民,2024-12-16,9188
2637,慧洋-KY,64,53,11,群益金鼎-三民,2024-12-16,9188
00933B,國泰10Y+金融債,118,107,11,群益金鼎-三民,2024-12-16,9188
3450,聯鈞,17,7,10,群益金鼎-三民,2024-12-16,9188
2027,大成鋼,10,0,10,群益金鼎-三民,2024-12-16,9188
00795B,中信美國公債20年,10,0,10,群益金鼎-三民,2024-12-16,9188
00937B,群益ESG投等債20,244,65,179,群益金鼎-三民,2024-12-17,9188
00918,大華優利高填息30,84,1,83,群益金鼎-三民,2024-12-17,9188
00915,凱基優選高股息30,170,100,70,群益金鼎-三民,2024-12-17,9188
2834,臺企銀,70,1,69,群益金鼎-三民,2024-12-17,9188
00712,復華富時不動產,66,0,66,群益金鼎-三民,2024-12-17,9188
00933B,國泰10Y+金融債,144,88,56,群益金鼎-三民,2024-12-17,9188
2880,華南金,43,0,43,群益金鼎-三民,2024-12-17,9188
0056,元大高股息,38,0,38,群益金鼎-三民,2024-12-17,9188
2374,佳能,93,58,35,群益金鼎-三民,2024-12-17,9188
6182,合晶,30,0,30,群益金鼎-三民,2024-12-17,9188
6005,群益證,52,22,30,群益金鼎-三民,2024-12-17,9188
2324,仁寶,32,6,26,群益金鼎-三民,2024-12-17,9188
4977,眾達-KY,33,11,22,群益金鼎-三民,2024-12-17,9188
8033,雷虎,21,0,21,群益金鼎-三民,2024-12-17,9188
2317,鴻海,25,4,21,群益金鼎-三民,2024-12-17,9188
1219,福壽,20,0,20,群益金鼎-三民,2024-12-17,9188
2820,華票,20,0,20,群益金鼎-三民,2024-12-17,9188
2606,裕民,67,48,19,群益金鼎-三民,2024-12-17,9188
00945B,凱基美國非投等債,19,0,19,群益金鼎-三民,2024-12-17,9188
00713,元大台灣高息低波,198,180,18,群益金鼎-三民,2024-12-17,9188
6505,台塑化,18,0,18,群益金鼎-三民,2024-12-17,9188
6142,友勁,17,0,17,群益金鼎-三民,2024-12-17,9188
00950B,凱基A級公司債,16,0,16,群益金鼎-三民,2024-12-17,9188
5880,合庫金,20,4,16,群益金鼎-三民,2024-12-17,9188
3162,精確,17,2,15,群益金鼎-三民,2024-12-17,9188
2883,凱基金,15,1,14,群益金鼎-三民,2024-12-17,9188
2354,鴻準,25,11,14,群益金鼎-三民,2024-12-17,9188
3545,敦泰,16,2,14,群益金鼎-三民,2024-12-17,9188
2527,宏璟,14,0,14,群益金鼎-三民,2024-12-17,9188
1785,光洋科,14,1,13,群益金鼎-三民,2024-12-17,9188
2882,國泰金,17,5,12,群益金鼎-三民,2024-12-17,9188
2886,兆豐金,12,0,12,群益金鼎-三民,2024-12-17,9188
00753L,中信中國50正2,12,0,12,群益金鼎-三民,2024-12-17,9188
2838,聯邦銀,12,0,12,群益金鼎-三民,2024-12-17,9188
8032,光菱,16,4,12,群益金鼎-三民,2024-12-17,9188
3481,群創,66,55,11,群益金鼎-三民,2024-12-17,9188
2881,富邦金,11,0,11,群益金鼎-三民,2024-12-17,9188
9945,潤泰新,11,0,11,群益金鼎-三民,2024-12-17,9188
2353,宏��,12,1,11,群益金鼎-三民,2024-12-17,9188
2455,全新,22,11,11,群益金鼎-三民,2024-12-17,9188
2393,億光,41,30,11,群益金鼎-三民,2024-12-17,9188
2355,敬鵬,11,0,11,群益金鼎-三民,2024-12-17,9188
00946,群益科技高息成長,14,3,11,群益金鼎-三民,2024-12-17,9188
00948B,中信優息投資級債,11,0,11,群益金鼎-三民,2024-12-17,9188
2365,昆盈,18,7,11,群益金鼎-三民,2024-12-17,9188
2515,中工,12,2,10,群益金鼎-三民,2024-12-17,9188
9935,慶豐富,10,0,10,群益金鼎-三民,2024-12-17,9188
2528,皇普,10,0,10,群益金鼎-三民,2024-12-17,9188
00916,國泰全球品牌50,10,0,10,群益金鼎-三民,2024-12-17,9188
00632R,元大台灣50反1,10,0,10,群益金鼎-三民,2024-12-17,9188
9105,泰金寶-DR,936,89,847,群益金鼎-三民,2024-12-18,9188
00918,大華優利高填息30,82,6,76,群益金鼎-三民,2024-12-18,9188
2886,兆豐金,57,0,57,群益金鼎-三民,2024-12-18,9188
00948B,中信優息投資級債,51,0,51,群益金鼎-三民,2024-12-18,9188
2880,華南金,42,0,42,群益金鼎-三民,2024-12-18,9188
2303,聯電,105,64,41,群益金鼎-三民,2024-12-18,9188
00679B,元大美債20年,35,0,35,群益金鼎-三民,2024-12-18,9188
00878,國泰永續高股息,75,45,30,群益金鼎-三民,2024-12-18,9188
2002,中鋼,30,0,30,群益金鼎-三民,2024-12-18,9188
1442,名軒,77,47,30,群益金鼎-三民,2024-12-18,9188
2838,聯邦銀,30,0,30,群益金鼎-三民,2024-12-18,9188
6142,友勁,26,0,26,群益金鼎-三民,2024-12-18,9188
00687B,國泰20年美債,26,1,25,群益金鼎-三民,2024-12-18,9188
4540,全球傳動,42,17,25,群益金鼎-三民,2024-12-18,9188
1314,中石化,24,0,24,群益金鼎-三民,2024-12-18,9188
00712,復華富時不動產,23,0,23,群益金鼎-三民,2024-12-18,9188
2801,彰銀,25,2,23,群益金鼎-三民,2024-12-18,9188
1301,台塑,27,5,22,群益金鼎-三民,2024-12-18,9188
006208,富邦台50,22,0,22,群益金鼎-三民,2024-12-18,9188
5880,合庫金,22,0,22,群益金鼎-三民,2024-12-18,9188
2834,臺企銀,22,0,22,群益金鼎-三民,2024-12-18,9188
2637,慧洋-KY,35,15,20,群益金鼎-三民,2024-12-18,9188
0056,元大高股息,22,2,20,群益金鼎-三民,2024-12-18,9188
2352,佳世達,20,0,20,群益金鼎-三民,2024-12-18,9188
00953B,群益優選非投等債,19,0,19,群益金鼎-三民,2024-12-18,9188
5522,遠雄,64,45,19,群益金鼎-三民,2024-12-18,9188
2498,宏達電,20,3,17,群益金鼎-三民,2024-12-18,9188
2328,廣宇,17,0,17,群益金鼎-三民,2024-12-18,9188
2891,中信金,18,1,17,群益金鼎-三民,2024-12-18,9188
3231,緯創,18,2,16,群益金鼎-三民,2024-12-18,9188
6789,采鈺,15,0,15,群益金鼎-三民,2024-12-18,9188
4566,時碩工業,14,0,14,群益金鼎-三民,2024-12-18,9188
00915,凱基優選高股息30,61,47,14,群益金鼎-三民,2024-12-18,9188
1326,台化,14,1,13,群益金鼎-三民,2024-12-18,9188
2528,皇普,15,2,13,群益金鼎-三民,2024-12-18,9188
00969B,元大零息超長美債,13,0,13,群益金鼎-三民,2024-12-18,9188
00937B,群益ESG投等債20,30,17,13,群益金鼎-三民,2024-12-18,9188
00631L,元大台灣50正2,12,0,12,群益金鼎-三民,2024-12-18,9188
2356,英業達,12,0,12,群益金鼎-三民,2024-12-18,9188
3029,零壹,26,15,11,群益金鼎-三民,2024-12-18,9188
2615,萬海,15,4,11,群益金鼎-三民,2024-12-18,9188
00922,國泰台灣領袖50,11,0,11,群益金鼎-三民,2024-12-18,9188
4109,加捷生醫,10,0,10,群益金鼎-三民,2024-12-18,9188
2348,海悅,50,40,10,群益金鼎-三民,2024-12-18,9188
2359,所羅門,15,5,10,群益金鼎-三民,2024-12-18,9188
2355,敬鵬,9,0,9,群益金鼎-三民,2024-12-18,9188
3265,台星科,10,1,9,群益金鼎-三民,2024-12-18,9188
3689,湧德,11,2,9,群益金鼎-三民,2024-12-18,9188
3211,順達,24,16,8,群益金鼎-三民,2024-12-18,9188
2884,玉山金,8,0,8,群益金鼎-三民,2024-12-18,9188
00937B,群益ESG投等債20,414,189,225,群益金鼎-三民,2024-12-19,9188
00918,大華優利高填息30,102,2,100,群益金鼎-三民,2024-12-19,9188
00953B,群益優選非投等債,86,0,86,群益金鼎-三民,2024-12-19,9188
00959B,大華投等美債15Y+,72,0,72,群益金鼎-三民,2024-12-19,9188
5880,合庫金,64,0,64,群益金鼎-三民,2024-12-19,9188
00878,國泰永續高股息,75,18,57,群益金鼎-三民,2024-12-19,9188
0056,元大高股息,54,1,53,群益金鼎-三民,2024-12-19,9188
2312,金寶,59,11,48,群益金鼎-三民,2024-12-19,9188
3576,聯合再生,45,0,45,群益金鼎-三民,2024-12-19,9188
2609,陽明,72,28,44,群益金鼎-三民,2024-12-19,9188
00712,復華富時不動產,41,0,41,群益金鼎-三民,2024-12-19,9188
2889,國票金,183,146,37,群益金鼎-三民,2024-12-19,9188
00687B,國泰20年美債,57,22,35,群益金鼎-三民,2024-12-19,9188
00950B,凱基A級公司債,46,12,34,群益金鼎-三民,2024-12-19,9188
2887,台新金,34,1,33,群益金鼎-三民,2024-12-19,9188
2838,聯邦銀,31,0,31,群益金鼎-三民,2024-12-19,9188
00915,凱基優選高股息30,64,34,30,群益金鼎-三民,2024-12-19,9188
2880,華南金,30,0,30,群益金鼎-三民,2024-12-19,9188
2317,鴻海,31,4,27,群益金鼎-三民,2024-12-19,9188
2734,易飛網,26,0,26,群益金鼎-三民,2024-12-19,9188
2371,大同,25,0,25,群益金鼎-三民,2024-12-19,9188
2892,第一金,25,0,25,群益金鼎-三民,2024-12-19,9188
6505,台塑化,25,0,25,群益金鼎-三民,2024-12-19,9188
00751B,元大AAA至A公司債,24,1,23,群益金鼎-三民,2024-12-19,9188
2313,華通,58,36,22,群益金鼎-三民,2024-12-19,9188
2606,裕民,47,25,22,群益金鼎-三民,2024-12-19,9188
2834,臺企銀,41,20,21,群益金鼎-三民,2024-12-19,9188
2882,國泰金,22,1,21,群益金鼎-三民,2024-12-19,9188
8045,達運光電,21,0,21,群益金鼎-三民,2024-12-19,9188
3049,精金,21,0,21,群益金鼎-三民,2024-12-19,9188
2820,華票,20,0,20,群益金鼎-三民,2024-12-19,9188
3481,群創,21,2,19,群益金鼎-三民,2024-12-19,9188
00679B,元大美債20年,61,45,16,群益金鼎-三民,2024-12-19,9188
00795B,中信美國公債20年,16,0,16,群益金鼎-三民,2024-12-19,9188
00933B,國泰10Y+金融債,140,124,16,群益金鼎-三民,2024-12-19,9188
2884,玉山金,15,0,15,群益金鼎-三民,2024-12-19,9188
4534,慶騰,50,35,15,群益金鼎-三民,2024-12-19,9188
4167,松瑞藥,15,0,15,群益金鼎-三民,2024-12-19,9188
2002,中鋼,29,14,15,群益金鼎-三民,2024-12-19,9188
00632R,元大台灣50反1,111,97,14,群益金鼎-三民,2024-12-19,9188
00907,永豐優息存股,14,0,14,群益金鼎-三民,2024-12-19,9188
00713,元大台灣高息低波,115,101,14,群益金鼎-三民,2024-12-19,9188
2330,台積電,14,0,14,群益金鼎-三民,2024-12-19,9188
6209,今國光,31,18,13,群益金鼎-三民,2024-12-19,9188
00675L,富邦臺灣加權正2,14,1,13,群益金鼎-三民,2024-12-19,9188
3231,緯創,14,2,12,群益金鼎-三民,2024-12-19,9188
2486,一詮,17,5,12,群益金鼎-三民,2024-12-19,9188
1314,中石化,14,2,12,群益金鼎-三民,2024-12-19,9188
00948B,中信優息投資級債,12,0,12,群益金鼎-三民,2024-12-19,9188
1540,喬福,12,0,12,群益金鼎-三民,2024-12-19,9188
