Ticker,Name,buy,sell,diff,Branch,Date,Branch_Code
2882,國泰金,181,9,172,凱基-中港,2023-01-03,9202
00878,國泰永續高股息,78,2,76,凱基-中港,2023-01-03,9202
2317,鴻海,69,5,64,凱基-中港,2023-01-03,9202
00712,復華富時不動產,49,2,47,凱基-中港,2023-01-03,9202
2201,裕隆,44,2,42,凱基-中港,2023-01-03,9202
0056,元大高股息,26,0,26,凱基-中港,2023-01-03,9202
00637L,元大滬深300正2,72,47,25,凱基-中港,2023-01-03,9202
2497,怡利電,26,2,24,凱基-中港,2023-01-03,9202
00725B,國泰投資級公司債,22,0,22,凱基-中港,2023-01-03,9202
2609,陽明,30,9,21,凱基-中港,2023-01-03,9202
4979,華星光,21,1,20,凱基-中港,2023-01-03,9202
1514,亞力,24,6,18,凱基-中港,2023-01-03,9202
2610,華航,17,1,16,凱基-中港,2023-01-03,9202
1101,台泥,15,0,15,凱基-中港,2023-01-03,9202
2731,雄獅,15,0,15,凱基-中港,2023-01-03,9202
4171,瑞基,20,6,14,凱基-中港,2023-01-03,9202
4114,健喬,19,5,14,凱基-中港,2023-01-03,9202
3675,德微,13,1,12,凱基-中港,2023-01-03,9202
1795,美時,14,3,11,凱基-中港,2023-01-03,9202
8358,金居,12,1,11,凱基-中港,2023-01-03,9202
2603,長榮,13,3,10,凱基-中港,2023-01-03,9202
6505,台塑化,10,0,10,凱基-中港,2023-01-03,9202
00713,元大台灣高息低波,10,0,10,凱基-中港,2023-01-03,9202
4157,太景*-KY,10,0,10,凱基-中港,2023-01-03,9202
00919,群益台灣精選高息,10,0,10,凱基-中港,2023-01-03,9202
6548,長科*,10,0,10,凱基-中港,2023-01-03,9202
6142,友勁,10,0,10,凱基-中港,2023-01-03,9202
2641,正德,10,0,10,凱基-中港,2023-01-03,9202
3218,大學光,10,0,10,凱基-中港,2023-01-03,9202
2441,超豐,10,0,10,凱基-中港,2023-01-03,9202
00900,富邦特選高股息30,10,1,9,凱基-中港,2023-01-03,9202
2889,國票金,9,0,9,凱基-中港,2023-01-03,9202
2402,毅嘉,9,0,9,凱基-中港,2023-01-03,9202
1342,八貫,58,49,9,凱基-中港,2023-01-03,9202
00720B,元大投資級公司債,8,0,8,凱基-中港,2023-01-03,9202
3128,昇銳,12,4,8,凱基-中港,2023-01-03,9202
1519,華城,50,42,8,凱基-中港,2023-01-03,9202
2371,大同,9,1,8,凱基-中港,2023-01-03,9202
2884,玉山金,7,0,7,凱基-中港,2023-01-03,9202
00679B,元大美債20年,7,0,7,凱基-中港,2023-01-03,9202
00891,中信關鍵半導體,7,0,7,凱基-中港,2023-01-03,9202
2457,飛宏,7,0,7,凱基-中港,2023-01-03,9202
2449,京元電子,8,1,7,凱基-中港,2023-01-03,9202
2618,長榮航,30,24,6,凱基-中港,2023-01-03,9202
2890,永豐金,16,10,6,凱基-中港,2023-01-03,9202
4167,松瑞藥,148,142,6,凱基-中港,2023-01-03,9202
1708,東鹼,6,0,6,凱基-中港,2023-01-03,9202
9904,寶成,12,7,5,凱基-中港,2023-01-03,9202
2897,王道銀行,5,0,5,凱基-中港,2023-01-03,9202
3710,連展投控,5,0,5,凱基-中港,2023-01-03,9202
00632R,元大台灣50反1,218,7,211,凱基-中港,2023-01-04,9202
2609,陽明,191,7,184,凱基-中港,2023-01-04,9202
00878,國泰永續高股息,112,4,108,凱基-中港,2023-01-04,9202
2317,鴻海,61,16,45,凱基-中港,2023-01-04,9202
1519,華城,54,10,44,凱基-中港,2023-01-04,9202
00715L,期街口布蘭特正2,39,0,39,凱基-中港,2023-01-04,9202
00893,國泰智能電動車,37,0,37,凱基-中港,2023-01-04,9202
1734,杏輝,30,0,30,凱基-中港,2023-01-04,9202
6104,創惟,32,2,30,凱基-中港,2023-01-04,9202
2328,廣宇,26,4,22,凱基-中港,2023-01-04,9202
2889,國票金,22,0,22,凱基-中港,2023-01-04,9202
2883,凱基金,22,2,20,凱基-中港,2023-01-04,9202
1718,中纖,20,0,20,凱基-中港,2023-01-04,9202
3447,展達,19,0,19,凱基-中港,2023-01-04,9202
2441,超豐,18,0,18,凱基-中港,2023-01-04,9202
2812,台中銀,18,0,18,凱基-中港,2023-01-04,9202
2367,燿華,17,0,17,凱基-中港,2023-01-04,9202
2637,慧洋-KY,20,3,17,凱基-中港,2023-01-04,9202
6109,亞元,17,1,16,凱基-中港,2023-01-04,9202
2444,兆勁,36,20,16,凱基-中港,2023-01-04,9202
8932,智通*,23,7,16,凱基-中港,2023-01-04,9202
1529,樂事綠能,40,24,16,凱基-中港,2023-01-04,9202
1752,南光,37,22,15,凱基-中港,2023-01-04,9202
00720B,元大投資級公司債,15,0,15,凱基-中港,2023-01-04,9202
8046,南電,15,1,14,凱基-中港,2023-01-04,9202
2014,中鴻,24,11,13,凱基-中港,2023-01-04,9202
6456,GIS-KY,13,1,12,凱基-中港,2023-01-04,9202
9940,信義,13,1,12,凱基-中港,2023-01-04,9202
9935,慶豐富,11,0,11,凱基-中港,2023-01-04,9202
2007,燁興,13,2,11,凱基-中港,2023-01-04,9202
1795,美時,18,8,10,凱基-中港,2023-01-04,9202
00631L,元大台灣50正2,10,0,10,凱基-中港,2023-01-04,9202
1220,台榮,10,0,10,凱基-中港,2023-01-04,9202
1731,美吾華,10,0,10,凱基-中港,2023-01-04,9202
3481,群創,27,18,9,凱基-中港,2023-01-04,9202
5483,中美晶,10,1,9,凱基-中港,2023-01-04,9202
2634,漢翔,10,1,9,凱基-中港,2023-01-04,9202
5388,中磊,9,0,9,凱基-中港,2023-01-04,9202
2884,玉山金,8,0,8,凱基-中港,2023-01-04,9202
3703,欣陸,8,0,8,凱基-中港,2023-01-04,9202
2230,泰茂,8,0,8,凱基-中港,2023-01-04,9202
3050,鈺德,8,0,8,凱基-中港,2023-01-04,9202
3515,華擎,10,3,7,凱基-中港,2023-01-04,9202
2603,長榮,9,2,7,凱基-中港,2023-01-04,9202
00902,中信電池及儲能,6,0,6,凱基-中港,2023-01-04,9202
3209,全科,6,0,6,凱基-中港,2023-01-04,9202
00751B,元大AAA至A公司債,6,0,6,凱基-中港,2023-01-04,9202
3491,昇達科,6,0,6,凱基-中港,2023-01-04,9202
2707,晶華,12,6,6,凱基-中港,2023-01-04,9202
3037,欣興,10,5,5,凱基-中港,2023-01-04,9202
00632R,元大台灣50反1,475,195,280,凱基-中港,2023-01-05,9202
2882,國泰金,117,4,113,凱基-中港,2023-01-05,9202
2610,華航,54,5,49,凱基-中港,2023-01-05,9202
00878,國泰永續高股息,45,6,39,凱基-中港,2023-01-05,9202
00905,FT臺灣Smart,35,0,35,凱基-中港,2023-01-05,9202
2317,鴻海,37,2,35,凱基-中港,2023-01-05,9202
00715L,期街口布蘭特正2,34,0,34,凱基-中港,2023-01-05,9202
3027,盛達,31,4,27,凱基-中港,2023-01-05,9202
1605,華新,85,58,27,凱基-中港,2023-01-05,9202
1513,中興電,54,28,26,凱基-中港,2023-01-05,9202
6548,長科*,25,0,25,凱基-中港,2023-01-05,9202
5009,榮剛,37,16,21,凱基-中港,2023-01-05,9202
1736,喬山,21,1,20,凱基-中港,2023-01-05,9202
2313,華通,16,0,16,凱基-中港,2023-01-05,9202
4426,利勤,12,0,12,凱基-中港,2023-01-05,9202
3714,富采,12,0,12,凱基-中港,2023-01-05,9202
2890,永豐金,12,0,12,凱基-中港,2023-01-05,9202
00893,國泰智能電動車,35,23,12,凱基-中港,2023-01-05,9202
2014,中鴻,22,11,11,凱基-中港,2023-01-05,9202
1909,榮成,11,0,11,凱基-中港,2023-01-05,9202
8478,東哥遊艇,11,1,10,凱基-中港,2023-01-05,9202
6142,友勁,10,0,10,凱基-中港,2023-01-05,9202
2618,長榮航,26,16,10,凱基-中港,2023-01-05,9202
2731,雄獅,10,0,10,凱基-中港,2023-01-05,9202
9904,寶成,10,0,10,凱基-中港,2023-01-05,9202
6217,中探針,10,0,10,凱基-中港,2023-01-05,9202
8932,智通*,33,23,10,凱基-中港,2023-01-05,9202
3494,誠研,10,0,10,凱基-中港,2023-01-05,9202
3508,位速,10,0,10,凱基-中港,2023-01-05,9202
6443,元晶,24,14,10,凱基-中港,2023-01-05,9202
8046,南電,13,5,8,凱基-中港,2023-01-05,9202
4968,立積,21,13,8,凱基-中港,2023-01-05,9202
1504,東元,8,0,8,凱基-中港,2023-01-05,9202
4566,時碩工業,9,1,8,凱基-中港,2023-01-05,9202
8024,佑華,8,0,8,凱基-中港,2023-01-05,9202
5351,鈺創,11,3,8,凱基-中港,2023-01-05,9202
1519,華城,22,14,8,凱基-中港,2023-01-05,9202
2380,虹光,7,0,7,凱基-中港,2023-01-05,9202
6533,晶心科,9,2,7,凱基-中港,2023-01-05,9202
6708,天擎,7,0,7,凱基-中港,2023-01-05,9202
6442,光聖,7,0,7,凱基-中港,2023-01-05,9202
4747,強生,8,1,7,凱基-中港,2023-01-05,9202
3083,網龍,19,12,7,凱基-中港,2023-01-05,9202
9942,茂順,7,0,7,凱基-中港,2023-01-05,9202
3576,聯合再生,8,1,7,凱基-中港,2023-01-05,9202
00891,中信關鍵半導體,9,2,7,凱基-中港,2023-01-05,9202
6488,環球晶,7,0,7,凱基-中港,2023-01-05,9202
4130,健亞,9,2,7,凱基-中港,2023-01-05,9202
3017,奇鋐,7,1,6,凱基-中港,2023-01-05,9202
2419,仲琦,106,100,6,凱基-中港,2023-01-05,9202
00632R,元大台灣50反1,1123,366,757,凱基-中港,2023-01-06,9202
00671R,富邦NASDAQ反1,1279,709,570,凱基-中港,2023-01-06,9202
00728,第一金工業30,100,0,100,凱基-中港,2023-01-06,9202
4958,臻鼎-KY,41,1,40,凱基-中港,2023-01-06,9202
00637L,元大滬深300正2,50,16,34,凱基-中港,2023-01-06,9202
2201,裕隆,51,17,34,凱基-中港,2023-01-06,9202
00720B,元大投資級公司債,53,20,33,凱基-中港,2023-01-06,9202
1227,佳格,25,0,25,凱基-中港,2023-01-06,9202
2481,強茂,22,1,21,凱基-中港,2023-01-06,9202
6215,和椿,27,7,20,凱基-中港,2023-01-06,9202
2359,所羅門,34,15,19,凱基-中港,2023-01-06,9202
2609,陽明,25,8,17,凱基-中港,2023-01-06,9202
2634,漢翔,20,3,17,凱基-中港,2023-01-06,9202
2886,兆豐金,16,0,16,凱基-中港,2023-01-06,9202
6220,岳豐,15,0,15,凱基-中港,2023-01-06,9202
8932,智通*,22,7,15,凱基-中港,2023-01-06,9202
00715L,期街口布蘭特正2,19,4,15,凱基-中港,2023-01-06,9202
00751B,元大AAA至A公司債,14,0,14,凱基-中港,2023-01-06,9202
6127,九豪,13,0,13,凱基-中港,2023-01-06,9202
3027,盛達,15,3,12,凱基-中港,2023-01-06,9202
8033,雷虎,16,4,12,凱基-中港,2023-01-06,9202
2317,鴻海,13,1,12,凱基-中港,2023-01-06,9202
4114,健喬,22,11,11,凱基-中港,2023-01-06,9202
1101,台泥,13,2,11,凱基-中港,2023-01-06,9202
4952,凌通,10,0,10,凱基-中港,2023-01-06,9202
3447,展達,10,0,10,凱基-中港,2023-01-06,9202
1342,八貫,32,22,10,凱基-中港,2023-01-06,9202
8234,新漢,10,0,10,凱基-中港,2023-01-06,9202
2002,中鋼,16,6,10,凱基-中港,2023-01-06,9202
2888,新光金,10,0,10,凱基-中港,2023-01-06,9202
3037,欣興,22,13,9,凱基-中港,2023-01-06,9202
00753L,中信中國50正2,9,0,9,凱基-中港,2023-01-06,9202
3189,景碩,131,122,9,凱基-中港,2023-01-06,9202
0056,元大高股息,9,1,8,凱基-中港,2023-01-06,9202
4924,欣厚-KY,8,0,8,凱基-中港,2023-01-06,9202
2482,連宇,13,5,8,凱基-中港,2023-01-06,9202
3558,神準,9,1,8,凱基-中港,2023-01-06,9202
6139,亞翔,15,7,8,凱基-中港,2023-01-06,9202
1513,中興電,23,16,7,凱基-中港,2023-01-06,9202
2313,華通,7,0,7,凱基-中港,2023-01-06,9202
2891,中信金,12,5,7,凱基-中港,2023-01-06,9202
6806,森崴能源,11,4,7,凱基-中港,2023-01-06,9202
8046,南電,8,1,7,凱基-中港,2023-01-06,9202
00770,國泰北美科技,6,0,6,凱基-中港,2023-01-06,9202
00652,富邦印度,8,2,6,凱基-中港,2023-01-06,9202
1524,耿鼎,6,0,6,凱基-中港,2023-01-06,9202
3673,TPK-KY,7,1,6,凱基-中港,2023-01-06,9202
3675,德微,6,0,6,凱基-中港,2023-01-06,9202
1909,榮成,5,0,5,凱基-中港,2023-01-06,9202
1217,愛之味,5,0,5,凱基-中港,2023-01-06,9202
2609,陽明,65,14,51,凱基-中港,2023-01-09,9202
2323,中環,50,0,50,凱基-中港,2023-01-09,9202
00669R,國泰美國道瓊反1,40,0,40,凱基-中港,2023-01-09,9202
6770,力積電,77,38,39,凱基-中港,2023-01-09,9202
6548,長科*,37,0,37,凱基-中港,2023-01-09,9202
00632R,元大台灣50反1,781,745,36,凱基-中港,2023-01-09,9202
00885,富邦越南,44,8,36,凱基-中港,2023-01-09,9202
8933,愛地雅,28,0,28,凱基-中港,2023-01-09,9202
4566,時碩工業,27,0,27,凱基-中港,2023-01-09,9202
2634,漢翔,26,0,26,凱基-中港,2023-01-09,9202
6456,GIS-KY,24,0,24,凱基-中港,2023-01-09,9202
4961,天鈺,69,47,22,凱基-中港,2023-01-09,9202
3711,日月光投控,51,34,17,凱基-中港,2023-01-09,9202
3707,漢磊,17,1,16,凱基-中港,2023-01-09,9202
00637L,元大滬深300正2,68,52,16,凱基-中港,2023-01-09,9202
00770,國泰北美科技,15,0,15,凱基-中港,2023-01-09,9202
1319,東陽,15,0,15,凱基-中港,2023-01-09,9202
5351,鈺創,16,2,14,凱基-中港,2023-01-09,9202
4167,松瑞藥,15,3,12,凱基-中港,2023-01-09,9202
2603,長榮,17,5,12,凱基-中港,2023-01-09,9202
1536,和大,11,0,11,凱基-中港,2023-01-09,9202
3703,欣陸,12,1,11,凱基-中港,2023-01-09,9202
6806,森崴能源,10,0,10,凱基-中港,2023-01-09,9202
3218,大學光,10,0,10,凱基-中港,2023-01-09,9202
1514,亞力,11,1,10,凱基-中港,2023-01-09,9202
3536,誠創,10,0,10,凱基-中港,2023-01-09,9202
6257,矽格,10,0,10,凱基-中港,2023-01-09,9202
00650L,復華香港正2,10,0,10,凱基-中港,2023-01-09,9202
2731,雄獅,10,0,10,凱基-中港,2023-01-09,9202
1467,南緯,14,4,10,凱基-中港,2023-01-09,9202
3494,誠研,10,0,10,凱基-中港,2023-01-09,9202
6207,雷科,10,0,10,凱基-中港,2023-01-09,9202
6719,力智,14,4,10,凱基-中港,2023-01-09,9202
2367,燿華,10,0,10,凱基-中港,2023-01-09,9202
4121,優盛,9,0,9,凱基-中港,2023-01-09,9202
1589,永冠-KY,6,0,6,凱基-中港,2023-01-09,9202
1519,華城,12,6,6,凱基-中港,2023-01-09,9202
5464,霖宏,6,0,6,凱基-中港,2023-01-09,9202
6438,迅得,6,0,6,凱基-中港,2023-01-09,9202
3576,聯合再生,5,0,5,凱基-中港,2023-01-09,9202
3535,晶彩科,5,0,5,凱基-中港,2023-01-09,9202
00751B,元大AAA至A公司債,5,0,5,凱基-中港,2023-01-09,9202
6015,宏遠證,5,0,5,凱基-中港,2023-01-09,9202
6441,廣錠,5,0,5,凱基-中港,2023-01-09,9202
4541,晟田,5,0,5,凱基-中港,2023-01-09,9202
4111,濟生,5,0,5,凱基-中港,2023-01-09,9202
00888,永豐台灣ESG,10,5,5,凱基-中港,2023-01-09,9202
5371,中光電,5,0,5,凱基-中港,2023-01-09,9202
3710,連展投控,5,0,5,凱基-中港,2023-01-09,9202
8069,元太,39,34,5,凱基-中港,2023-01-09,9202
00632R,元大台灣50反1,49,2,47,凱基-中港,2023-01-10,9202
6128,上福,36,4,32,凱基-中港,2023-01-10,9202
2609,陽明,68,42,26,凱基-中港,2023-01-10,9202
3703,欣陸,23,0,23,凱基-中港,2023-01-10,9202
5425,台半,29,6,23,凱基-中港,2023-01-10,9202
6129,普誠,20,0,20,凱基-中港,2023-01-10,9202
2888,新光金,21,2,19,凱基-中港,2023-01-10,9202
00642U,期元大S＆P石油,18,0,18,凱基-中港,2023-01-10,9202
1584,精剛,17,1,16,凱基-中港,2023-01-10,9202
8933,愛地雅,15,0,15,凱基-中港,2023-01-10,9202
6533,晶心科,19,4,15,凱基-中港,2023-01-10,9202
2883B,凱基金乙特,15,0,15,凱基-中港,2023-01-10,9202
2495,普安,14,1,13,凱基-中港,2023-01-10,9202
9933,中鼎,14,1,13,凱基-中港,2023-01-10,9202
6443,元晶,19,7,12,凱基-中港,2023-01-10,9202
6515,穎崴,12,0,12,凱基-中港,2023-01-10,9202
2610,華航,22,10,12,凱基-中港,2023-01-10,9202
2351,順德,12,2,10,凱基-中港,2023-01-10,9202
1711,永光,10,0,10,凱基-中港,2023-01-10,9202
4167,松瑞藥,11,1,10,凱基-中港,2023-01-10,9202
8049,晶采,11,1,10,凱基-中港,2023-01-10,9202
3322,建舜電,10,0,10,凱基-中港,2023-01-10,9202
3138,耀登,10,0,10,凱基-中港,2023-01-10,9202
2402,毅嘉,10,0,10,凱基-中港,2023-01-10,9202
2329,華泰,10,0,10,凱基-中港,2023-01-10,9202
6550,北極星藥業-KY,10,0,10,凱基-中港,2023-01-10,9202
6548,長科*,11,1,10,凱基-中港,2023-01-10,9202
1605,華新,27,17,10,凱基-中港,2023-01-10,9202
2542,興富發,9,0,9,凱基-中港,2023-01-10,9202
5351,鈺創,13,4,9,凱基-中港,2023-01-10,9202
2009,第一銅,7,0,7,凱基-中港,2023-01-10,9202
1722,台肥,6,0,6,凱基-中港,2023-01-10,9202
2498,宏達電,16,10,6,凱基-中港,2023-01-10,9202
1708,東鹼,17,11,6,凱基-中港,2023-01-10,9202
2014,中鴻,6,0,6,凱基-中港,2023-01-10,9202
00637L,元大滬深300正2,6,0,6,凱基-中港,2023-01-10,9202
4722,國精化,6,0,6,凱基-中港,2023-01-10,9202
2867,三商壽,7,1,6,凱基-中港,2023-01-10,9202
6589,台康生技,6,0,6,凱基-中港,2023-01-10,9202
6535,順藥,8,2,6,凱基-中港,2023-01-10,9202
3231,緯創,6,0,6,凱基-中港,2023-01-10,9202
2881,富邦金,6,0,6,凱基-中港,2023-01-10,9202
2618,長榮航,9,3,6,凱基-中港,2023-01-10,9202
1795,美時,8,3,5,凱基-中港,2023-01-10,9202
3048,益登,5,0,5,凱基-中港,2023-01-10,9202
1440,南紡,5,0,5,凱基-中港,2023-01-10,9202
1514,亞力,8,3,5,凱基-中港,2023-01-10,9202
5512,力麒,5,0,5,凱基-中港,2023-01-10,9202
6605,帝寶,5,0,5,凱基-中港,2023-01-10,9202
3323,加百裕,5,0,5,凱基-中港,2023-01-10,9202
2888,新光金,105,0,105,凱基-中港,2023-01-11,9202
00632R,元大台灣50反1,90,7,83,凱基-中港,2023-01-11,9202
00637L,元大滬深300正2,58,4,54,凱基-中港,2023-01-11,9202
00633L,富邦上証正2,47,6,41,凱基-中港,2023-01-11,9202
4943,康控-KY,40,0,40,凱基-中港,2023-01-11,9202
6128,上福,35,0,35,凱基-中港,2023-01-11,9202
1101,台泥,39,7,32,凱基-中港,2023-01-11,9202
1712,興農,31,0,31,凱基-中港,2023-01-11,9202
2329,華泰,30,0,30,凱基-中港,2023-01-11,9202
6788,華景電,26,0,26,凱基-中港,2023-01-11,9202
4979,華星光,119,94,25,凱基-中港,2023-01-11,9202
2884,玉山金,20,0,20,凱基-中港,2023-01-11,9202
6244,茂迪,20,0,20,凱基-中港,2023-01-11,9202
8049,晶采,20,0,20,凱基-中港,2023-01-11,9202
2317,鴻海,56,38,18,凱基-中港,2023-01-11,9202
2610,華航,49,31,18,凱基-中港,2023-01-11,9202
00673R,期元大S＆P原油反1,16,0,16,凱基-中港,2023-01-11,9202
2468,華經,17,3,14,凱基-中港,2023-01-11,9202
2313,華通,16,3,13,凱基-中港,2023-01-11,9202
2014,中鴻,15,2,13,凱基-中港,2023-01-11,9202
00642U,期元大S＆P石油,13,0,13,凱基-中港,2023-01-11,9202
9907,統一實,12,0,12,凱基-中港,2023-01-11,9202
3704,合勤控,13,2,11,凱基-中港,2023-01-11,9202
6806,森崴能源,11,0,11,凱基-中港,2023-01-11,9202
6111,大宇資,11,0,11,凱基-中港,2023-01-11,9202
4904,遠傳,12,1,11,凱基-中港,2023-01-11,9202
2812,台中銀,11,0,11,凱基-中港,2023-01-11,9202
6719,力智,11,1,10,凱基-中港,2023-01-11,9202
6441,廣錠,10,0,10,凱基-中港,2023-01-11,9202
2488,漢平,10,0,10,凱基-中港,2023-01-11,9202
6148,驊宏資,10,0,10,凱基-中港,2023-01-11,9202
6104,創惟,12,2,10,凱基-中港,2023-01-11,9202
3346,麗清,10,0,10,凱基-中港,2023-01-11,9202
2883B,凱基金乙特,10,0,10,凱基-中港,2023-01-11,9202
3290,東浦,10,0,10,凱基-中港,2023-01-11,9202
8478,東哥遊艇,12,2,10,凱基-中港,2023-01-11,9202
3037,欣興,13,3,10,凱基-中港,2023-01-11,9202
1305,華夏,10,0,10,凱基-中港,2023-01-11,9202
2634,漢翔,10,1,9,凱基-中港,2023-01-11,9202
2889,國票金,10,1,9,凱基-中港,2023-01-11,9202
2618,長榮航,40,31,9,凱基-中港,2023-01-11,9202
3714,富采,15,7,8,凱基-中港,2023-01-11,9202
6609,瀧澤科,79,71,8,凱基-中港,2023-01-11,9202
2882,國泰金,9,1,8,凱基-中港,2023-01-11,9202
4961,天鈺,28,21,7,凱基-中港,2023-01-11,9202
2892,第一金,7,0,7,凱基-中港,2023-01-11,9202
4958,臻鼎-KY,8,1,7,凱基-中港,2023-01-11,9202
3587,閎康,13,6,7,凱基-中港,2023-01-11,9202
1301,台塑,7,0,7,凱基-中港,2023-01-11,9202
8046,南電,9,2,7,凱基-中港,2023-01-11,9202
00679B,元大美債20年,107,2,105,凱基-中港,2023-01-12,9202
00670L,富邦NASDAQ正2,101,2,99,凱基-中港,2023-01-12,9202
1712,興農,82,0,82,凱基-中港,2023-01-12,9202
6245,立端,136,84,52,凱基-中港,2023-01-12,9202
00919,群益台灣精選高息,35,0,35,凱基-中港,2023-01-12,9202
2603,長榮,36,4,32,凱基-中港,2023-01-12,9202
2812,台中銀,40,10,30,凱基-中港,2023-01-12,9202
3481,群創,42,15,27,凱基-中港,2023-01-12,9202
8033,雷虎,31,6,25,凱基-中港,2023-01-12,9202
00882,中信中國高股息,28,4,24,凱基-中港,2023-01-12,9202
2614,東森,25,1,24,凱基-中港,2023-01-12,9202
6142,友勁,20,0,20,凱基-中港,2023-01-12,9202
6128,上福,17,0,17,凱基-中港,2023-01-12,9202
6609,瀧澤科,32,15,17,凱基-中港,2023-01-12,9202
2884,玉山金,17,0,17,凱基-中港,2023-01-12,9202
4162,智擎,19,3,16,凱基-中港,2023-01-12,9202
1605,華新,38,22,16,凱基-中港,2023-01-12,9202
2357,華碩,15,0,15,凱基-中港,2023-01-12,9202
2889,國票金,16,1,15,凱基-中港,2023-01-12,9202
2002,中鋼,17,2,15,凱基-中港,2023-01-12,9202
2615,萬海,23,9,14,凱基-中港,2023-01-12,9202
00905,FT臺灣Smart,14,0,14,凱基-中港,2023-01-12,9202
6548,長科*,13,0,13,凱基-中港,2023-01-12,9202
00878,國泰永續高股息,26,14,12,凱基-中港,2023-01-12,9202
6244,茂迪,12,0,12,凱基-中港,2023-01-12,9202
3682,亞太電,12,0,12,凱基-中港,2023-01-12,9202
1815,富喬,11,0,11,凱基-中港,2023-01-12,9202
2027,大成鋼,12,1,11,凱基-中港,2023-01-12,9202
2317,鴻海,11,0,11,凱基-中港,2023-01-12,9202
2897,王道銀行,20,10,10,凱基-中港,2023-01-12,9202
1718,中纖,10,0,10,凱基-中港,2023-01-12,9202
2012,春雨,10,0,10,凱基-中港,2023-01-12,9202
3346,麗清,10,0,10,凱基-中港,2023-01-12,9202
8076,伍豐,10,0,10,凱基-中港,2023-01-12,9202
6456,GIS-KY,11,1,10,凱基-中港,2023-01-12,9202
00753L,中信中國50正2,10,0,10,凱基-中港,2023-01-12,9202
2484,希華,10,0,10,凱基-中港,2023-01-12,9202
2891,中信金,9,0,9,凱基-中港,2023-01-12,9202
8933,愛地雅,9,0,9,凱基-中港,2023-01-12,9202
1733,五鼎,9,0,9,凱基-中港,2023-01-12,9202
2537,聯上發,9,0,9,凱基-中港,2023-01-12,9202
4943,康控-KY,10,1,9,凱基-中港,2023-01-12,9202
4121,優盛,13,4,9,凱基-中港,2023-01-12,9202
1314,中石化,8,0,8,凱基-中港,2023-01-12,9202
1720,生達,8,0,8,凱基-中港,2023-01-12,9202
2542,興富發,8,0,8,凱基-中港,2023-01-12,9202
6790,永豐實,8,0,8,凱基-中港,2023-01-12,9202
1612,宏泰,28,20,8,凱基-中港,2023-01-12,9202
2610,華航,23,15,8,凱基-中港,2023-01-12,9202
00888,永豐台灣ESG,9,2,7,凱基-中港,2023-01-12,9202
00632R,元大台灣50反1,599,14,585,凱基-中港,2023-01-13,9202
00878,國泰永續高股息,43,10,33,凱基-中港,2023-01-13,9202
8033,雷虎,25,0,25,凱基-中港,2023-01-13,9202
3703,欣陸,20,0,20,凱基-中港,2023-01-13,9202
1513,中興電,23,3,20,凱基-中港,2023-01-13,9202
2063,世鎧,20,0,20,凱基-中港,2023-01-13,9202
1468,昶和,19,0,19,凱基-中港,2023-01-13,9202
6015,宏遠證,18,0,18,凱基-中港,2023-01-13,9202
00720B,元大投資級公司債,18,0,18,凱基-中港,2023-01-13,9202
2609,陽明,21,5,16,凱基-中港,2023-01-13,9202
00900,富邦特選高股息30,14,0,14,凱基-中港,2023-01-13,9202
6548,長科*,12,0,12,凱基-中港,2023-01-13,9202
8933,愛地雅,12,0,12,凱基-中港,2023-01-13,9202
00680L,元大美債20正2,11,0,11,凱基-中港,2023-01-13,9202
6274,台燿,11,0,11,凱基-中港,2023-01-13,9202
2892,第一金,11,0,11,凱基-中港,2023-01-13,9202
3047,訊舟,11,0,11,凱基-中港,2023-01-13,9202
5309,系統電,10,0,10,凱基-中港,2023-01-13,9202
3218,大學光,10,0,10,凱基-中港,2023-01-13,9202
6605,帝寶,10,0,10,凱基-中港,2023-01-13,9202
2367,燿華,10,0,10,凱基-中港,2023-01-13,9202
4943,康控-KY,10,0,10,凱基-中港,2023-01-13,9202
5880,合庫金,10,0,10,凱基-中港,2023-01-13,9202
2801,彰銀,10,0,10,凱基-中港,2023-01-13,9202
1529,樂事綠能,14,4,10,凱基-中港,2023-01-13,9202
2611,志信,10,1,9,凱基-中港,2023-01-13,9202
6128,上福,10,1,9,凱基-中港,2023-01-13,9202
2324,仁寶,11,2,9,凱基-中港,2023-01-13,9202
8046,南電,9,0,9,凱基-中港,2023-01-13,9202
9935,慶豐富,9,0,9,凱基-中港,2023-01-13,9202
2317,鴻海,15,6,9,凱基-中港,2023-01-13,9202
2303,聯電,43,34,9,凱基-中港,2023-01-13,9202
2454,聯發科,12,3,9,凱基-中港,2023-01-13,9202
4130,健亞,8,0,8,凱基-中港,2023-01-13,9202
2012,春雨,8,0,8,凱基-中港,2023-01-13,9202
2312,金寶,7,0,7,凱基-中港,2023-01-13,9202
3162,精確,7,0,7,凱基-中港,2023-01-13,9202
00679B,元大美債20年,7,0,7,凱基-中港,2023-01-13,9202
3624,光頡,9,3,6,凱基-中港,2023-01-13,9202
2313,華通,9,3,6,凱基-中港,2023-01-13,9202
8255,朋程,6,0,6,凱基-中港,2023-01-13,9202
00905,FT臺灣Smart,6,0,6,凱基-中港,2023-01-13,9202
8171,天宇,6,0,6,凱基-中港,2023-01-13,9202
00885,富邦越南,6,0,6,凱基-中港,2023-01-13,9202
2867,三商壽,11,5,6,凱基-中港,2023-01-13,9202
2027,大成鋼,5,0,5,凱基-中港,2023-01-13,9202
8028,昇陽半導體,7,2,5,凱基-中港,2023-01-13,9202
2342,茂矽,5,0,5,凱基-中港,2023-01-13,9202
3265,台星科,7,2,5,凱基-中港,2023-01-13,9202
00633L,富邦上証正2,5,0,5,凱基-中港,2023-01-13,9202
00632R,元大台灣50反1,403,8,395,凱基-中港,2023-01-16,9202
8933,愛地雅,68,0,68,凱基-中港,2023-01-16,9202
4105,東洋,50,0,50,凱基-中港,2023-01-16,9202
2603,長榮,55,13,42,凱基-中港,2023-01-16,9202
00882,中信中國高股息,49,9,40,凱基-中港,2023-01-16,9202
3693,營邦,111,73,38,凱基-中港,2023-01-16,9202
6548,長科*,36,0,36,凱基-中港,2023-01-16,9202
2317,鴻海,44,10,34,凱基-中港,2023-01-16,9202
00688L,國泰20年美債正2,30,0,30,凱基-中港,2023-01-16,9202
00680L,元大美債20正2,30,0,30,凱基-中港,2023-01-16,9202
1907,永豐餘,30,1,29,凱基-中港,2023-01-16,9202
2618,長榮航,40,11,29,凱基-中港,2023-01-16,9202
2358,廷鑫,24,0,24,凱基-中港,2023-01-16,9202
8932,智通*,24,0,24,凱基-中港,2023-01-16,9202
00751B,元大AAA至A公司債,21,0,21,凱基-中港,2023-01-16,9202
5309,系統電,20,0,20,凱基-中港,2023-01-16,9202
2889,國票金,20,0,20,凱基-中港,2023-01-16,9202
2609,陽明,36,18,18,凱基-中港,2023-01-16,9202
2867,三商壽,17,0,17,凱基-中港,2023-01-16,9202
6111,大宇資,14,0,14,凱基-中港,2023-01-16,9202
1301,台塑,12,0,12,凱基-中港,2023-01-16,9202
1584,精剛,12,0,12,凱基-中港,2023-01-16,9202
3711,日月光投控,13,1,12,凱基-中港,2023-01-16,9202
00669R,國泰美國道瓊反1,12,0,12,凱基-中港,2023-01-16,9202
8210,勤誠,12,0,12,凱基-中港,2023-01-16,9202
6235,華孚,11,0,11,凱基-中港,2023-01-16,9202
00881,國泰台灣5G+,11,0,11,凱基-中港,2023-01-16,9202
1537,廣隆,10,0,10,凱基-中港,2023-01-16,9202
6689,伊雲谷,10,0,10,凱基-中港,2023-01-16,9202
2449,京元電子,10,0,10,凱基-中港,2023-01-16,9202
1603,華電,10,0,10,凱基-中港,2023-01-16,9202
3346,麗清,10,0,10,凱基-中港,2023-01-16,9202
2890,永豐金,10,0,10,凱基-中港,2023-01-16,9202
2468,華經,40,30,10,凱基-中港,2023-01-16,9202
8038,長園科,10,0,10,凱基-中港,2023-01-16,9202
9939,宏全,10,0,10,凱基-中港,2023-01-16,9202
00679B,元大美債20年,311,302,9,凱基-中港,2023-01-16,9202
9935,慶豐富,9,0,9,凱基-中港,2023-01-16,9202
2482,連宇,9,0,9,凱基-中港,2023-01-16,9202
8059,凱碩,8,0,8,凱基-中港,2023-01-16,9202
5284,jpp-KY,11,4,7,凱基-中港,2023-01-16,9202
1760,寶齡富錦,6,0,6,凱基-中港,2023-01-16,9202
6790,永豐實,6,0,6,凱基-中港,2023-01-16,9202
00720B,元大投資級公司債,6,0,6,凱基-中港,2023-01-16,9202
00673R,期元大S＆P原油反1,6,0,6,凱基-中港,2023-01-16,9202
6830,汎銓,6,0,6,凱基-中港,2023-01-16,9202
5222,全訊,6,0,6,凱基-中港,2023-01-16,9202
2634,漢翔,6,0,6,凱基-中港,2023-01-16,9202
6234,高僑,6,0,6,凱基-中港,2023-01-16,9202
1441,大東,6,0,6,凱基-中港,2023-01-16,9202
00632R,元大台灣50反1,211,61,150,凱基-中港,2023-01-17,9202
00637L,元大滬深300正2,127,26,101,凱基-中港,2023-01-17,9202
2504,國產,60,0,60,凱基-中港,2023-01-17,9202
00882,中信中國高股息,45,0,45,凱基-中港,2023-01-17,9202
00753L,中信中國50正2,40,0,40,凱基-中港,2023-01-17,9202
8933,愛地雅,40,0,40,凱基-中港,2023-01-17,9202
00633L,富邦上証正2,40,0,40,凱基-中港,2023-01-17,9202
3013,晟銘電,92,53,39,凱基-中港,2023-01-17,9202
1710,東聯,30,0,30,凱基-中港,2023-01-17,9202
1907,永豐餘,26,0,26,凱基-中港,2023-01-17,9202
2317,鴻海,27,3,24,凱基-中港,2023-01-17,9202
8932,智通*,24,0,24,凱基-中港,2023-01-17,9202
4979,華星光,25,4,21,凱基-中港,2023-01-17,9202
00680L,元大美債20正2,20,0,20,凱基-中港,2023-01-17,9202
1319,東陽,18,1,17,凱基-中港,2023-01-17,9202
2395,研華,15,0,15,凱基-中港,2023-01-17,9202
2891,中信金,17,2,15,凱基-中港,2023-01-17,9202
2454,聯發科,15,2,13,凱基-中港,2023-01-17,9202
1584,精剛,13,0,13,凱基-中港,2023-01-17,9202
3704,合勤控,13,0,13,凱基-中港,2023-01-17,9202
1519,華城,13,1,12,凱基-中港,2023-01-17,9202
1342,八貫,14,2,12,凱基-中港,2023-01-17,9202
2611,志信,11,0,11,凱基-中港,2023-01-17,9202
3481,群創,33,22,11,凱基-中港,2023-01-17,9202
00634R,富邦上証反1,10,0,10,凱基-中港,2023-01-17,9202
6727,亞泰金屬,10,0,10,凱基-中港,2023-01-17,9202
6443,元晶,16,6,10,凱基-中港,2023-01-17,9202
00638R,元大滬深300反1,10,0,10,凱基-中港,2023-01-17,9202
00701,國泰股利精選30,10,0,10,凱基-中港,2023-01-17,9202
2812,台中銀,10,0,10,凱基-中港,2023-01-17,9202
6806,森崴能源,10,0,10,凱基-中港,2023-01-17,9202
2449,京元電子,10,0,10,凱基-中港,2023-01-17,9202
8033,雷虎,11,1,10,凱基-中港,2023-01-17,9202
2498,宏達電,9,0,9,凱基-中港,2023-01-17,9202
6719,力智,10,1,9,凱基-中港,2023-01-17,9202
6274,台燿,9,0,9,凱基-中港,2023-01-17,9202
00772B,中信高評級公司債,8,0,8,凱基-中港,2023-01-17,9202
00720B,元大投資級公司債,8,0,8,凱基-中港,2023-01-17,9202
4162,智擎,7,0,7,凱基-中港,2023-01-17,9202
00905,FT臺灣Smart,8,1,7,凱基-中港,2023-01-17,9202
3689,湧德,8,1,7,凱基-中港,2023-01-17,9202
1473,台南,7,0,7,凱基-中港,2023-01-17,9202
00900,富邦特選高股息30,10,3,7,凱基-中港,2023-01-17,9202
2615,萬海,15,9,6,凱基-中港,2023-01-17,9202
6689,伊雲谷,8,2,6,凱基-中港,2023-01-17,9202
4934,太極,6,0,6,凱基-中港,2023-01-17,9202
8059,凱碩,6,0,6,凱基-中港,2023-01-17,9202
2457,飛宏,7,1,6,凱基-中港,2023-01-17,9202
2379,瑞昱,5,0,5,凱基-中港,2023-01-17,9202
3037,欣興,13,8,5,凱基-中港,2023-01-17,9202
00671R,富邦NASDAQ反1,1524,0,1524,凱基-中港,2023-01-30,9202
00881,國泰台灣5G+,100,8,92,凱基-中港,2023-01-30,9202
1513,中興電,320,254,66,凱基-中港,2023-01-30,9202
1519,華城,66,2,64,凱基-中港,2023-01-30,9202
6142,友勁,50,0,50,凱基-中港,2023-01-30,9202
00665L,富邦�琤肭磪囓�2,50,1,49,凱基-中港,2023-01-30,9202
3231,緯創,58,12,46,凱基-中港,2023-01-30,9202
2609,陽明,51,9,42,凱基-中港,2023-01-30,9202
2634,漢翔,41,1,40,凱基-中港,2023-01-30,9202
2317,鴻海,40,6,34,凱基-中港,2023-01-30,9202
00673R,期元大S＆P原油反1,38,5,33,凱基-中港,2023-01-30,9202
4105,東洋,34,2,32,凱基-中港,2023-01-30,9202
3059,華晶科,32,2,30,凱基-中港,2023-01-30,9202
2812,台中銀,32,4,28,凱基-中港,2023-01-30,9202
2504,國產,27,0,27,凱基-中港,2023-01-30,9202
2867,三商壽,29,2,27,凱基-中港,2023-01-30,9202
00676R,富邦臺灣加權反1,20,0,20,凱基-中港,2023-01-30,9202
00633L,富邦上証正2,19,0,19,凱基-中港,2023-01-30,9202
00882,中信中國高股息,22,4,18,凱基-中港,2023-01-30,9202
2009,第一銅,27,10,17,凱基-中港,2023-01-30,9202
2382,廣達,20,4,16,凱基-中港,2023-01-30,9202
1102,亞泥,16,0,16,凱基-中港,2023-01-30,9202
2354,鴻準,19,4,15,凱基-中港,2023-01-30,9202
2834,臺企銀,23,8,15,凱基-中港,2023-01-30,9202
1612,宏泰,14,0,14,凱基-中港,2023-01-30,9202
00679B,元大美債20年,17,4,13,凱基-中港,2023-01-30,9202
00720B,元大投資級公司債,13,0,13,凱基-中港,2023-01-30,9202
2376,技嘉,23,10,13,凱基-中港,2023-01-30,9202
00772B,中信高評級公司債,12,0,12,凱基-中港,2023-01-30,9202
2476,鉅祥,12,0,12,凱基-中港,2023-01-30,9202
3035,智原,14,2,12,凱基-中港,2023-01-30,9202
3533,嘉澤,11,0,11,凱基-中港,2023-01-30,9202
2371,大同,12,1,11,凱基-中港,2023-01-30,9202
2851,中再保,11,0,11,凱基-中港,2023-01-30,9202
2014,中鴻,23,12,11,凱基-中港,2023-01-30,9202
1314,中石化,15,5,10,凱基-中港,2023-01-30,9202
8299,群聯,10,0,10,凱基-中港,2023-01-30,9202
2236,百達-KY,10,0,10,凱基-中港,2023-01-30,9202
00919,群益台灣精選高息,10,0,10,凱基-中港,2023-01-30,9202
00773B,中信優先金融債,12,2,10,凱基-中港,2023-01-30,9202
3189,景碩,10,0,10,凱基-中港,2023-01-30,9202
1815,富喬,10,0,10,凱基-中港,2023-01-30,9202
5269,祥碩,10,0,10,凱基-中港,2023-01-30,9202
8069,元太,13,4,9,凱基-中港,2023-01-30,9202
4114,健喬,23,14,9,凱基-中港,2023-01-30,9202
2230,泰茂,9,0,9,凱基-中港,2023-01-30,9202
1432,大魯閣,10,1,9,凱基-中港,2023-01-30,9202
4977,眾達-KY,18,10,8,凱基-中港,2023-01-30,9202
8932,智通*,24,16,8,凱基-中港,2023-01-30,9202
1795,美時,21,14,7,凱基-中港,2023-01-30,9202
1783,和康生,100,1,99,凱基-中港,2023-01-31,9202
00905,FT臺灣Smart,75,3,72,凱基-中港,2023-01-31,9202
00720B,元大投資級公司債,64,0,64,凱基-中港,2023-01-31,9202
00885,富邦越南,58,0,58,凱基-中港,2023-01-31,9202
00637L,元大滬深300正2,52,1,51,凱基-中港,2023-01-31,9202
00878,國泰永續高股息,55,8,47,凱基-中港,2023-01-31,9202
2834,臺企銀,45,1,44,凱基-中港,2023-01-31,9202
1519,華城,56,13,43,凱基-中港,2023-01-31,9202
2358,廷鑫,45,4,41,凱基-中港,2023-01-31,9202
00673R,期元大S＆P原油反1,38,0,38,凱基-中港,2023-01-31,9202
00633L,富邦上証正2,32,0,32,凱基-中港,2023-01-31,9202
2890,永豐金,30,0,30,凱基-中港,2023-01-31,9202
1612,宏泰,31,2,29,凱基-中港,2023-01-31,9202
6282,康舒,54,26,28,凱基-中港,2023-01-31,9202
2882,國泰金,30,3,27,凱基-中港,2023-01-31,9202
2892,第一金,23,0,23,凱基-中港,2023-01-31,9202
6770,力積電,25,2,23,凱基-中港,2023-01-31,9202
1608,華榮,24,1,23,凱基-中港,2023-01-31,9202
00679B,元大美債20年,22,0,22,凱基-中港,2023-01-31,9202
2302,麗正,20,0,20,凱基-中港,2023-01-31,9202
2887,台新金,20,1,19,凱基-中港,2023-01-31,9202
00882,中信中國高股息,17,0,17,凱基-中港,2023-01-31,9202
00772B,中信高評級公司債,15,0,15,凱基-中港,2023-01-31,9202
2891,中信金,14,0,14,凱基-中港,2023-01-31,9202
8210,勤誠,17,3,14,凱基-中港,2023-01-31,9202
2615,萬海,20,7,13,凱基-中港,2023-01-31,9202
2482,連宇,31,18,13,凱基-中港,2023-01-31,9202
1101,台泥,14,2,12,凱基-中港,2023-01-31,9202
2324,仁寶,12,0,12,凱基-中港,2023-01-31,9202
3707,漢磊,13,1,12,凱基-中港,2023-01-31,9202
2330,台積電,24,12,12,凱基-中港,2023-01-31,9202
3491,昇達科,12,1,11,凱基-中港,2023-01-31,9202
3711,日月光投控,11,0,11,凱基-中港,2023-01-31,9202
6669,緯穎,13,2,11,凱基-中港,2023-01-31,9202
00919,群益台灣精選高息,21,10,11,凱基-中港,2023-01-31,9202
2515,中工,10,0,10,凱基-中港,2023-01-31,9202
00641R,富邦日本反1,10,0,10,凱基-中港,2023-01-31,9202
00898,國泰基因免疫革命,10,0,10,凱基-中港,2023-01-31,9202
00676R,富邦臺灣加權反1,10,0,10,凱基-中港,2023-01-31,9202
00638R,元大滬深300反1,10,0,10,凱基-中港,2023-01-31,9202
2354,鴻準,13,3,10,凱基-中港,2023-01-31,9202
6732,昇佳電子,10,0,10,凱基-中港,2023-01-31,9202
2618,長榮航,32,23,9,凱基-中港,2023-01-31,9202
00751B,元大AAA至A公司債,9,0,9,凱基-中港,2023-01-31,9202
1584,精剛,32,23,9,凱基-中港,2023-01-31,9202
2886,兆豐金,10,1,9,凱基-中港,2023-01-31,9202
5222,全訊,10,2,8,凱基-中港,2023-01-31,9202
2408,南亞科,9,1,8,凱基-中港,2023-01-31,9202
4919,新唐,10,2,8,凱基-中港,2023-01-31,9202
5351,鈺創,15,7,8,凱基-中港,2023-01-31,9202
2618,長榮航,366,50,316,凱基-中港,2023-02-01,9202
00885,富邦越南,304,1,303,凱基-中港,2023-02-01,9202
00632R,元大台灣50反1,179,49,130,凱基-中港,2023-02-01,9202
00905,FT臺灣Smart,101,0,101,凱基-中港,2023-02-01,9202
2892,第一金,103,2,101,凱基-中港,2023-02-01,9202
1519,華城,76,2,74,凱基-中港,2023-02-01,9202
2883,凱基金,74,2,72,凱基-中港,2023-02-01,9202
2201,裕隆,71,10,61,凱基-中港,2023-02-01,9202
00637L,元大滬深300正2,45,0,45,凱基-中港,2023-02-01,9202
00878,國泰永續高股息,36,1,35,凱基-中港,2023-02-01,9202
4114,健喬,38,4,34,凱基-中港,2023-02-01,9202
3356,奇偶,36,5,31,凱基-中港,2023-02-01,9202
1905,華紙,30,0,30,凱基-中港,2023-02-01,9202
2009,第一銅,150,122,28,凱基-中港,2023-02-01,9202
8358,金居,47,25,22,凱基-中港,2023-02-01,9202
6689,伊雲谷,22,0,22,凱基-中港,2023-02-01,9202
00633L,富邦上証正2,21,0,21,凱基-中港,2023-02-01,9202
1809,中釉,21,0,21,凱基-中港,2023-02-01,9202
2888,新光金,20,0,20,凱基-中港,2023-02-01,9202
6603,富強鑫,18,0,18,凱基-中港,2023-02-01,9202
5009,榮剛,34,16,18,凱基-中港,2023-02-01,9202
2317,鴻海,20,3,17,凱基-中港,2023-02-01,9202
6118,建達,16,0,16,凱基-中港,2023-02-01,9202
3038,全台,15,0,15,凱基-中港,2023-02-01,9202
2497,怡利電,15,0,15,凱基-中港,2023-02-01,9202
2881,富邦金,14,0,14,凱基-中港,2023-02-01,9202
2834,臺企銀,14,0,14,凱基-中港,2023-02-01,9202
8121,越峰,13,0,13,凱基-中港,2023-02-01,9202
3481,群創,14,2,12,凱基-中港,2023-02-01,9202
3596,智易,13,1,12,凱基-中港,2023-02-01,9202
6026,福邦證,12,0,12,凱基-中港,2023-02-01,9202
2034,允強,13,1,12,凱基-中港,2023-02-01,9202
2634,漢翔,14,2,12,凱基-中港,2023-02-01,9202
2302,麗正,12,0,12,凱基-中港,2023-02-01,9202
3704,合勤控,15,3,12,凱基-中港,2023-02-01,9202
2504,國產,11,0,11,凱基-中港,2023-02-01,9202
2376,技嘉,15,4,11,凱基-中港,2023-02-01,9202
6257,矽格,10,0,10,凱基-中港,2023-02-01,9202
3441,聯一光,10,0,10,凱基-中港,2023-02-01,9202
6175,立敦,10,0,10,凱基-中港,2023-02-01,9202
00634R,富邦上証反1,10,0,10,凱基-中港,2023-02-01,9202
00650L,復華香港正2,10,0,10,凱基-中港,2023-02-01,9202
5315,光聯,10,0,10,凱基-中港,2023-02-01,9202
00683L,期元大美元指正2,10,0,10,凱基-中港,2023-02-01,9202
2374,佳能,10,0,10,凱基-中港,2023-02-01,9202
5425,台半,17,8,9,凱基-中港,2023-02-01,9202
00679B,元大美債20年,10,1,9,凱基-中港,2023-02-01,9202
2614,東森,12,3,9,凱基-中港,2023-02-01,9202
8433,弘帆,9,0,9,凱基-中港,2023-02-01,9202
1524,耿鼎,25,16,9,凱基-中港,2023-02-01,9202
00671R,富邦NASDAQ反1,777,0,777,凱基-中港,2023-02-02,9202
2897,王道銀行,361,0,361,凱基-中港,2023-02-02,9202
2344,華邦電,405,48,357,凱基-中港,2023-02-02,9202
2891,中信金,218,15,203,凱基-中港,2023-02-02,9202
5009,榮剛,111,16,95,凱基-中港,2023-02-02,9202
00878,國泰永續高股息,79,14,65,凱基-中港,2023-02-02,9202
8070,長華*,63,0,63,凱基-中港,2023-02-02,9202
6456,GIS-KY,57,0,57,凱基-中港,2023-02-02,9202
2885,元大金,52,0,52,凱基-中港,2023-02-02,9202
2388,威盛,58,11,47,凱基-中港,2023-02-02,9202
1524,耿鼎,53,7,46,凱基-中港,2023-02-02,9202
00676R,富邦臺灣加權反1,45,0,45,凱基-中港,2023-02-02,9202
2059,川湖,40,0,40,凱基-中港,2023-02-02,9202
2404,漢唐,50,11,39,凱基-中港,2023-02-02,9202
00885,富邦越南,37,0,37,凱基-中港,2023-02-02,9202
4960,誠美材,31,0,31,凱基-中港,2023-02-02,9202
8401,白紗科,30,0,30,凱基-中港,2023-02-02,9202
00882,中信中國高股息,24,1,23,凱基-中港,2023-02-02,9202
2497,怡利電,23,1,22,凱基-中港,2023-02-02,9202
2329,華泰,24,3,21,凱基-中港,2023-02-02,9202
1326,台化,20,0,20,凱基-中港,2023-02-02,9202
2441,超豐,19,0,19,凱基-中港,2023-02-02,9202
1809,中釉,17,0,17,凱基-中港,2023-02-02,9202
2317,鴻海,23,6,17,凱基-中港,2023-02-02,9202
2347,聯強,15,0,15,凱基-中港,2023-02-02,9202
3532,台勝科,17,2,15,凱基-中港,2023-02-02,9202
2069,運錩,15,1,14,凱基-中港,2023-02-02,9202
1584,精剛,26,14,12,凱基-中港,2023-02-02,9202
3441,聯一光,12,0,12,凱基-中港,2023-02-02,9202
1447,力鵬,12,0,12,凱基-中港,2023-02-02,9202
00679B,元大美債20年,11,0,11,凱基-中港,2023-02-02,9202
3049,精金,11,0,11,凱基-中港,2023-02-02,9202
2313,華通,13,3,10,凱基-中港,2023-02-02,9202
8299,群聯,11,1,10,凱基-中港,2023-02-02,9202
00720B,元大投資級公司債,10,0,10,凱基-中港,2023-02-02,9202
00719B,元大美債1-3,10,0,10,凱基-中港,2023-02-02,9202
2883,凱基金,11,1,10,凱基-中港,2023-02-02,9202
3548,兆利,10,0,10,凱基-中港,2023-02-02,9202
3218,大學光,10,0,10,凱基-中港,2023-02-02,9202
1102,亞泥,10,1,9,凱基-中港,2023-02-02,9202
2363,矽統,14,5,9,凱基-中港,2023-02-02,9202
8358,金居,20,11,9,凱基-中港,2023-02-02,9202
0056,元大高股息,36,28,8,凱基-中港,2023-02-02,9202
2027,大成鋼,20,12,8,凱基-中港,2023-02-02,9202
8433,弘帆,8,0,8,凱基-中港,2023-02-02,9202
1589,永冠-KY,8,0,8,凱基-中港,2023-02-02,9202
6207,雷科,7,0,7,凱基-中港,2023-02-02,9202
2634,漢翔,7,0,7,凱基-中港,2023-02-02,9202
6457,紘康,7,0,7,凱基-中港,2023-02-02,9202
2482,連宇,16,9,7,凱基-中港,2023-02-02,9202
00632R,元大台灣50反1,150,0,150,凱基-中港,2023-02-03,9202
2891,中信金,115,1,114,凱基-中港,2023-02-03,9202
2867,三商壽,103,1,102,凱基-中港,2023-02-03,9202
00878,國泰永續高股息,86,12,74,凱基-中港,2023-02-03,9202
8070,長華*,74,0,74,凱基-中港,2023-02-03,9202
1440,南紡,64,0,64,凱基-中港,2023-02-03,9202
2883,凱基金,59,10,49,凱基-中港,2023-02-03,9202
4744,皇將,46,0,46,凱基-中港,2023-02-03,9202
8933,愛地雅,45,0,45,凱基-中港,2023-02-03,9202
00885,富邦越南,41,0,41,凱基-中港,2023-02-03,9202
2897,王道銀行,41,2,39,凱基-中港,2023-02-03,9202
1536,和大,38,3,35,凱基-中港,2023-02-03,9202
2888,新光金,33,0,33,凱基-中港,2023-02-03,9202
2317,鴻海,34,3,31,凱基-中港,2023-02-03,9202
1712,興農,30,0,30,凱基-中港,2023-02-03,9202
1612,宏泰,30,0,30,凱基-中港,2023-02-03,9202
00637L,元大滬深300正2,39,10,29,凱基-中港,2023-02-03,9202
4961,天鈺,34,6,28,凱基-中港,2023-02-03,9202
2637,慧洋-KY,50,24,26,凱基-中港,2023-02-03,9202
5009,榮剛,36,12,24,凱基-中港,2023-02-03,9202
9942,茂順,23,0,23,凱基-中港,2023-02-03,9202
2329,華泰,23,1,22,凱基-中港,2023-02-03,9202
2882,國泰金,21,0,21,凱基-中港,2023-02-03,9202
4746,台耀,27,6,21,凱基-中港,2023-02-03,9202
00882,中信中國高股息,21,0,21,凱基-中港,2023-02-03,9202
2324,仁寶,20,0,20,凱基-中港,2023-02-03,9202
5222,全訊,20,0,20,凱基-中港,2023-02-03,9202
1102,亞泥,20,0,20,凱基-中港,2023-02-03,9202
00715L,期街口布蘭特正2,19,0,19,凱基-中港,2023-02-03,9202
6456,GIS-KY,19,0,19,凱基-中港,2023-02-03,9202
2603,長榮,28,10,18,凱基-中港,2023-02-03,9202
00753L,中信中國50正2,32,15,17,凱基-中港,2023-02-03,9202
1519,華城,28,11,17,凱基-中港,2023-02-03,9202
3380,明泰,16,0,16,凱基-中港,2023-02-03,9202
2884,玉山金,15,0,15,凱基-中港,2023-02-03,9202
6139,亞翔,15,0,15,凱基-中港,2023-02-03,9202
6548,長科*,27,13,14,凱基-中港,2023-02-03,9202
6285,啟��,15,1,14,凱基-中港,2023-02-03,9202
2409,友達,25,12,13,凱基-中港,2023-02-03,9202
3479,安勤,13,0,13,凱基-中港,2023-02-03,9202
2230,泰茂,14,1,13,凱基-中港,2023-02-03,9202
2609,陽明,72,60,12,凱基-中港,2023-02-03,9202
2834,臺企銀,13,2,11,凱基-中港,2023-02-03,9202
2363,矽統,11,0,11,凱基-中港,2023-02-03,9202
8932,智通*,15,5,10,凱基-中港,2023-02-03,9202
1611,中電,10,0,10,凱基-中港,2023-02-03,9202
1731,美吾華,10,0,10,凱基-中港,2023-02-03,9202
00651R,復華香港反1,10,0,10,凱基-中港,2023-02-03,9202
00666R,富邦�琤肭磪齯�1,10,0,10,凱基-中港,2023-02-03,9202
3419,譁裕,10,0,10,凱基-中港,2023-02-03,9202
3034,聯詠,121,2,119,凱基-中港,2023-02-06,9202
2897,王道銀行,140,41,99,凱基-中港,2023-02-06,9202
00878,國泰永續高股息,94,10,84,凱基-中港,2023-02-06,9202
00637L,元大滬深300正2,71,1,70,凱基-中港,2023-02-06,9202
2609,陽明,92,38,54,凱基-中港,2023-02-06,9202
8069,元太,74,20,54,凱基-中港,2023-02-06,9202
00900,富邦特選高股息30,57,7,50,凱基-中港,2023-02-06,9202
00680L,元大美債20正2,50,0,50,凱基-中港,2023-02-06,9202
00679B,元大美債20年,48,0,48,凱基-中港,2023-02-06,9202
00907,永豐優息存股,46,0,46,凱基-中港,2023-02-06,9202
00665L,富邦�琤肭磪囓�2,59,25,34,凱基-中港,2023-02-06,9202
0056,元大高股息,37,5,32,凱基-中港,2023-02-06,9202
3346,麗清,40,9,31,凱基-中港,2023-02-06,9202
00712,復華富時不動產,31,0,31,凱基-中港,2023-02-06,9202
8478,東哥遊艇,32,1,31,凱基-中港,2023-02-06,9202
00671R,富邦NASDAQ反1,30,0,30,凱基-中港,2023-02-06,9202
2603,長榮,35,6,29,凱基-中港,2023-02-06,9202
2891,中信金,29,0,29,凱基-中港,2023-02-06,9202
00882,中信中國高股息,25,0,25,凱基-中港,2023-02-06,9202
8033,雷虎,25,1,24,凱基-中港,2023-02-06,9202
6111,大宇資,21,0,21,凱基-中港,2023-02-06,9202
00753L,中信中國50正2,21,0,21,凱基-中港,2023-02-06,9202
6589,台康生技,23,2,21,凱基-中港,2023-02-06,9202
2454,聯發科,22,2,20,凱基-中港,2023-02-06,9202
00720B,元大投資級公司債,20,0,20,凱基-中港,2023-02-06,9202
1504,東元,21,1,20,凱基-中港,2023-02-06,9202
00688L,國泰20年美債正2,20,0,20,凱基-中港,2023-02-06,9202
2441,超豐,20,0,20,凱基-中港,2023-02-06,9202
6546,正基,22,4,18,凱基-中港,2023-02-06,9202
8046,南電,23,6,17,凱基-中港,2023-02-06,9202
00905,FT臺灣Smart,17,0,17,凱基-中港,2023-02-06,9202
2883,凱基金,23,6,17,凱基-中港,2023-02-06,9202
3037,欣興,25,9,16,凱基-中港,2023-02-06,9202
1101,台泥,15,0,15,凱基-中港,2023-02-06,9202
2886,兆豐金,15,0,15,凱基-中港,2023-02-06,9202
2882,國泰金,15,1,14,凱基-中港,2023-02-06,9202
1701,中化,15,1,14,凱基-中港,2023-02-06,9202
5009,榮剛,16,2,14,凱基-中港,2023-02-06,9202
2504,國產,14,1,13,凱基-中港,2023-02-06,9202
1513,中興電,20,7,13,凱基-中港,2023-02-06,9202
4114,健喬,20,8,12,凱基-中港,2023-02-06,9202
2887,台新金,12,0,12,凱基-中港,2023-02-06,9202
1503,士電,12,0,12,凱基-中港,2023-02-06,9202
2023,燁輝,13,1,12,凱基-中港,2023-02-06,9202
2379,瑞昱,11,0,11,凱基-中港,2023-02-06,9202
6603,富強鑫,12,1,11,凱基-中港,2023-02-06,9202
5880,合庫金,11,0,11,凱基-中港,2023-02-06,9202
1529,樂事綠能,11,0,11,凱基-中港,2023-02-06,9202
00683L,期元大美元指正2,10,0,10,凱基-中港,2023-02-06,9202
3059,華晶科,13,3,10,凱基-中港,2023-02-06,9202
4114,健喬,125,38,87,凱基-中港,2023-02-07,9202
00882,中信中國高股息,79,0,79,凱基-中港,2023-02-07,9202
00878,國泰永續高股息,88,10,78,凱基-中港,2023-02-07,9202
5516,雙喜,45,0,45,凱基-中港,2023-02-07,9202
2498,宏達電,86,48,38,凱基-中港,2023-02-07,9202
8105,凌巨,38,8,30,凱基-中港,2023-02-07,9202
1440,南紡,26,0,26,凱基-中港,2023-02-07,9202
6456,GIS-KY,25,0,25,凱基-中港,2023-02-07,9202
00712,復華富時不動產,25,0,25,凱基-中港,2023-02-07,9202
8299,群聯,25,1,24,凱基-中港,2023-02-07,9202
00751B,元大AAA至A公司債,23,0,23,凱基-中港,2023-02-07,9202
2610,華航,27,5,22,凱基-中港,2023-02-07,9202
00753L,中信中國50正2,22,0,22,凱基-中港,2023-02-07,9202
00903,富邦元宇宙,20,0,20,凱基-中港,2023-02-07,9202
1217,愛之味,20,1,19,凱基-中港,2023-02-07,9202
2812,台中銀,18,0,18,凱基-中港,2023-02-07,9202
6712,長聖,21,3,18,凱基-中港,2023-02-07,9202
00720B,元大投資級公司債,17,0,17,凱基-中港,2023-02-07,9202
2618,長榮航,17,0,17,凱基-中港,2023-02-07,9202
2454,聯發科,17,1,16,凱基-中港,2023-02-07,9202
6541,泰福-KY,22,6,16,凱基-中港,2023-02-07,9202
00679B,元大美債20年,20,6,14,凱基-中港,2023-02-07,9202
00891,中信關鍵半導體,14,0,14,凱基-中港,2023-02-07,9202
2317,鴻海,20,7,13,凱基-中港,2023-02-07,9202
2471,資通,13,0,13,凱基-中港,2023-02-07,9202
6188,廣明,16,3,13,凱基-中港,2023-02-07,9202
8070,長華*,12,0,12,凱基-中港,2023-02-07,9202
00772B,中信高評級公司債,11,0,11,凱基-中港,2023-02-07,9202
1701,中化,15,4,11,凱基-中港,2023-02-07,9202
5701,劍湖山,11,0,11,凱基-中港,2023-02-07,9202
2609,陽明,15,5,10,凱基-中港,2023-02-07,9202
6245,立端,10,0,10,凱基-中港,2023-02-07,9202
2884,玉山金,10,0,10,凱基-中港,2023-02-07,9202
3207,耀勝,9,0,9,凱基-中港,2023-02-07,9202
1584,精剛,20,11,9,凱基-中港,2023-02-07,9202
2002,中鋼,8,0,8,凱基-中港,2023-02-07,9202
8033,雷虎,9,1,8,凱基-中港,2023-02-07,9202
1760,寶齡富錦,9,2,7,凱基-中港,2023-02-07,9202
4102,永日,7,0,7,凱基-中港,2023-02-07,9202
2367,燿華,7,0,7,凱基-中港,2023-02-07,9202
00715L,期街口布蘭特正2,7,0,7,凱基-中港,2023-02-07,9202
1605,華新,51,44,7,凱基-中港,2023-02-07,9202
2888,新光金,8,2,6,凱基-中港,2023-02-07,9202
1437,勤益控,6,0,6,凱基-中港,2023-02-07,9202
6128,上福,6,0,6,凱基-中港,2023-02-07,9202
3088,艾訊,6,0,6,凱基-中港,2023-02-07,9202
00900,富邦特選高股息30,6,0,6,凱基-中港,2023-02-07,9202
4142,國光生,11,5,6,凱基-中港,2023-02-07,9202
1432,大魯閣,13,7,6,凱基-中港,2023-02-07,9202
5258,虹堡,6,1,5,凱基-中港,2023-02-07,9202
00632R,元大台灣50反1,231,30,201,凱基-中港,2023-02-08,9202
1513,中興電,135,23,112,凱基-中港,2023-02-08,9202
00885,富邦越南,93,0,93,凱基-中港,2023-02-08,9202
5516,雙喜,92,23,69,凱基-中港,2023-02-08,9202
3419,譁裕,61,1,60,凱基-中港,2023-02-08,9202
00676R,富邦臺灣加權反1,60,0,60,凱基-中港,2023-02-08,9202
2883,凱基金,54,3,51,凱基-中港,2023-02-08,9202
2329,華泰,51,0,51,凱基-中港,2023-02-08,9202
4114,健喬,72,28,44,凱基-中港,2023-02-08,9202
1314,中石化,41,0,41,凱基-中港,2023-02-08,9202
2916,滿心,39,0,39,凱基-中港,2023-02-08,9202
2108,南帝,39,2,37,凱基-中港,2023-02-08,9202
2367,燿華,41,7,34,凱基-中港,2023-02-08,9202
6104,創惟,44,11,33,凱基-中港,2023-02-08,9202
00882,中信中國高股息,42,10,32,凱基-中港,2023-02-08,9202
00637L,元大滬深300正2,32,0,32,凱基-中港,2023-02-08,9202
2884,玉山金,31,0,31,凱基-中港,2023-02-08,9202
6128,上福,25,0,25,凱基-中港,2023-02-08,9202
4952,凌通,25,0,25,凱基-中港,2023-02-08,9202
00772B,中信高評級公司債,24,0,24,凱基-中港,2023-02-08,9202
1732,毛寶,20,0,20,凱基-中港,2023-02-08,9202
1440,南紡,20,0,20,凱基-中港,2023-02-08,9202
2890,永豐金,22,3,19,凱基-中港,2023-02-08,9202
00679B,元大美債20年,18,0,18,凱基-中港,2023-02-08,9202
2891,中信金,17,0,17,凱基-中港,2023-02-08,9202
2358,廷鑫,18,2,16,凱基-中港,2023-02-08,9202
5009,榮剛,17,3,14,凱基-中港,2023-02-08,9202
3017,奇鋐,15,2,13,凱基-中港,2023-02-08,9202
00720B,元大投資級公司債,13,0,13,凱基-中港,2023-02-08,9202
6438,迅得,13,0,13,凱基-中港,2023-02-08,9202
5388,中磊,12,0,12,凱基-中港,2023-02-08,9202
6541,泰福-KY,14,2,12,凱基-中港,2023-02-08,9202
00751B,元大AAA至A公司債,12,0,12,凱基-中港,2023-02-08,9202
00650L,復華香港正2,24,12,12,凱基-中港,2023-02-08,9202
6235,華孚,28,16,12,凱基-中港,2023-02-08,9202
2812,台中銀,13,1,12,凱基-中港,2023-02-08,9202
1907,永豐餘,12,0,12,凱基-中港,2023-02-08,9202
00780B,國泰A級金融債,11,0,11,凱基-中港,2023-02-08,9202
5880,合庫金,11,0,11,凱基-中港,2023-02-08,9202
3594,磐儀,13,2,11,凱基-中港,2023-02-08,9202
2614,東森,10,0,10,凱基-中港,2023-02-08,9202
8261,富鼎,13,3,10,凱基-中港,2023-02-08,9202
6218,豪勉,10,0,10,凱基-中港,2023-02-08,9202
00642U,期元大S＆P石油,10,0,10,凱基-中港,2023-02-08,9202
1584,精剛,17,7,10,凱基-中港,2023-02-08,9202
1447,力鵬,10,0,10,凱基-中港,2023-02-08,9202
1785,光洋科,10,0,10,凱基-中港,2023-02-08,9202
2601,益航,10,0,10,凱基-中港,2023-02-08,9202
2105,正新,11,1,10,凱基-中港,2023-02-08,9202
4934,太極,20,10,10,凱基-中港,2023-02-08,9202
00632R,元大台灣50反1,1077,50,1027,凱基-中港,2023-02-09,9202
2887,台新金,103,2,101,凱基-中港,2023-02-09,9202
1314,中石化,100,1,99,凱基-中港,2023-02-09,9202
6282,康舒,190,103,87,凱基-中港,2023-02-09,9202
2883,凱基金,67,11,56,凱基-中港,2023-02-09,9202
2867,三商壽,62,10,52,凱基-中港,2023-02-09,9202
2367,燿華,46,1,45,凱基-中港,2023-02-09,9202
3419,譁裕,43,0,43,凱基-中港,2023-02-09,9202
6242,立康,37,0,37,凱基-中港,2023-02-09,9202
00878,國泰永續高股息,33,6,27,凱基-中港,2023-02-09,9202
4114,健喬,37,15,22,凱基-中港,2023-02-09,9202
00885,富邦越南,21,0,21,凱基-中港,2023-02-09,9202
2208,台船,20,0,20,凱基-中港,2023-02-09,9202
2633,台灣高鐵,19,0,19,凱基-中港,2023-02-09,9202
5203,訊連,27,8,19,凱基-中港,2023-02-09,9202
2897,王道銀行,140,121,19,凱基-中港,2023-02-09,9202
8299,群聯,28,10,18,凱基-中港,2023-02-09,9202
1101,台泥,18,0,18,凱基-中港,2023-02-09,9202
3454,晶睿,33,15,18,凱基-中港,2023-02-09,9202
1473,台南,18,0,18,凱基-中港,2023-02-09,9202
5309,系統電,17,0,17,凱基-中港,2023-02-09,9202
3162,精確,17,0,17,凱基-中港,2023-02-09,9202
3665,貿聯-KY,17,1,16,凱基-中港,2023-02-09,9202
2426,鼎元,16,0,16,凱基-中港,2023-02-09,9202
00679B,元大美債20年,15,0,15,凱基-中港,2023-02-09,9202
8932,智通*,15,0,15,凱基-中港,2023-02-09,9202
2458,義隆,15,0,15,凱基-中港,2023-02-09,9202
6438,迅得,15,0,15,凱基-中港,2023-02-09,9202
6235,華孚,530,516,14,凱基-中港,2023-02-09,9202
2727,王品,24,10,14,凱基-中港,2023-02-09,9202
2888,新光金,14,1,13,凱基-中港,2023-02-09,9202
2359,所羅門,13,0,13,凱基-中港,2023-02-09,9202
4747,強生,15,2,13,凱基-中港,2023-02-09,9202
2441,超豐,12,0,12,凱基-中港,2023-02-09,9202
3034,聯詠,11,1,10,凱基-中港,2023-02-09,9202
3059,華晶科,12,2,10,凱基-中港,2023-02-09,9202
1584,精剛,48,38,10,凱基-中港,2023-02-09,9202
0056,元大高股息,10,0,10,凱基-中港,2023-02-09,9202
3293,鈊象,10,0,10,凱基-中港,2023-02-09,9202
1102,亞泥,10,0,10,凱基-中港,2023-02-09,9202
1476,儒鴻,10,0,10,凱基-中港,2023-02-09,9202
8105,凌巨,10,0,10,凱基-中港,2023-02-09,9202
00670L,富邦NASDAQ正2,10,0,10,凱基-中港,2023-02-09,9202
8038,長園科,9,0,9,凱基-中港,2023-02-09,9202
00751B,元大AAA至A公司債,9,0,9,凱基-中港,2023-02-09,9202
00720B,元大投資級公司債,8,0,8,凱基-中港,2023-02-09,9202
1907,永豐餘,8,0,8,凱基-中港,2023-02-09,9202
4130,健亞,27,19,8,凱基-中港,2023-02-09,9202
6185,幃翔,8,0,8,凱基-中港,2023-02-09,9202
6187,萬潤,10,2,8,凱基-中港,2023-02-09,9202
00632R,元大台灣50反1,1493,100,1393,凱基-中港,2023-02-10,9202
00878,國泰永續高股息,117,2,115,凱基-中港,2023-02-10,9202
6111,大宇資,106,0,106,凱基-中港,2023-02-10,9202
1605,華新,132,28,104,凱基-中港,2023-02-10,9202
3419,譁裕,102,0,102,凱基-中港,2023-02-10,9202
00712,復華富時不動產,118,20,98,凱基-中港,2023-02-10,9202
3105,穩懋,156,104,52,凱基-中港,2023-02-10,9202
2409,友達,82,34,48,凱基-中港,2023-02-10,9202
2610,華航,59,11,48,凱基-中港,2023-02-10,9202
00885,富邦越南,49,2,47,凱基-中港,2023-02-10,9202
2883,凱基金,53,9,44,凱基-中港,2023-02-10,9202
2888,新光金,43,0,43,凱基-中港,2023-02-10,9202
2609,陽明,62,20,42,凱基-中港,2023-02-10,9202
4533,協易機,34,0,34,凱基-中港,2023-02-10,9202
00720B,元大投資級公司債,30,0,30,凱基-中港,2023-02-10,9202
5425,台半,31,1,30,凱基-中港,2023-02-10,9202
00679B,元大美債20年,26,0,26,凱基-中港,2023-02-10,9202
3481,群創,51,25,26,凱基-中港,2023-02-10,9202
00665L,富邦�琤肭磪囓�2,36,10,26,凱基-中港,2023-02-10,9202
1584,精剛,120,95,25,凱基-中港,2023-02-10,9202
1712,興農,25,1,24,凱基-中港,2023-02-10,9202
2367,燿華,39,15,24,凱基-中港,2023-02-10,9202
00903,富邦元宇宙,23,0,23,凱基-中港,2023-02-10,9202
1101,台泥,27,4,23,凱基-中港,2023-02-10,9202
6415,矽力*-KY,22,0,22,凱基-中港,2023-02-10,9202
8932,智通*,22,0,22,凱基-中港,2023-02-10,9202
2031,新光鋼,21,0,21,凱基-中港,2023-02-10,9202
2358,廷鑫,21,0,21,凱基-中港,2023-02-10,9202
00891,中信關鍵半導體,22,2,20,凱基-中港,2023-02-10,9202
00673R,期元大S＆P原油反1,20,0,20,凱基-中港,2023-02-10,9202
4763,材料-KY,20,1,19,凱基-中港,2023-02-10,9202
3374,精材,34,15,19,凱基-中港,2023-02-10,9202
8050,廣積,18,1,17,凱基-中港,2023-02-10,9202
00751B,元大AAA至A公司債,17,0,17,凱基-中港,2023-02-10,9202
2387,精元,18,1,17,凱基-中港,2023-02-10,9202
1701,中化,17,0,17,凱基-中港,2023-02-10,9202
1473,台南,18,2,16,凱基-中港,2023-02-10,9202
5516,雙喜,16,0,16,凱基-中港,2023-02-10,9202
8299,群聯,21,6,15,凱基-中港,2023-02-10,9202
1444,力麗,15,0,15,凱基-中港,2023-02-10,9202
2540,愛山林,15,1,14,凱基-中港,2023-02-10,9202
1760,寶齡富錦,15,1,14,凱基-中港,2023-02-10,9202
3162,精確,16,2,14,凱基-中港,2023-02-10,9202
6806,森崴能源,26,12,14,凱基-中港,2023-02-10,9202
00919,群益台灣精選高息,13,0,13,凱基-中港,2023-02-10,9202
2891,中信金,16,3,13,凱基-中港,2023-02-10,9202
5258,虹堡,15,2,13,凱基-中港,2023-02-10,9202
2027,大成鋼,19,6,13,凱基-中港,2023-02-10,9202
1783,和康生,15,3,12,凱基-中港,2023-02-10,9202
6242,立康,12,0,12,凱基-中港,2023-02-10,9202
00878,國泰永續高股息,139,14,125,凱基-中港,2023-02-13,9202
4744,皇將,114,10,104,凱基-中港,2023-02-13,9202
4114,健喬,176,99,77,凱基-中港,2023-02-13,9202
00885,富邦越南,74,1,73,凱基-中港,2023-02-13,9202
00679B,元大美債20年,71,0,71,凱基-中港,2023-02-13,9202
00642U,期元大S＆P石油,75,10,65,凱基-中港,2023-02-13,9202
2409,友達,77,33,44,凱基-中港,2023-02-13,9202
2609,陽明,62,19,43,凱基-中港,2023-02-13,9202
2618,長榮航,47,8,39,凱基-中港,2023-02-13,9202
3346,麗清,35,0,35,凱基-中港,2023-02-13,9202
2610,華航,64,30,34,凱基-中港,2023-02-13,9202
2634,漢翔,30,1,29,凱基-中港,2023-02-13,9202
00772B,中信高評級公司債,28,0,28,凱基-中港,2023-02-13,9202
00720B,元大投資級公司債,27,0,27,凱基-中港,2023-02-13,9202
6806,森崴能源,35,8,27,凱基-中港,2023-02-13,9202
1720,生達,22,1,21,凱基-中港,2023-02-13,9202
1905,華紙,20,0,20,凱基-中港,2023-02-13,9202
1504,東元,20,0,20,凱基-中港,2023-02-13,9202
6625,必應,20,0,20,凱基-中港,2023-02-13,9202
2379,瑞昱,21,2,19,凱基-中港,2023-02-13,9202
8033,雷虎,19,2,17,凱基-中港,2023-02-13,9202
00751B,元大AAA至A公司債,17,0,17,凱基-中港,2023-02-13,9202
3419,譁裕,18,1,17,凱基-中港,2023-02-13,9202
2498,宏達電,31,15,16,凱基-中港,2023-02-13,9202
1513,中興電,23,7,16,凱基-中港,2023-02-13,9202
1795,美時,45,29,16,凱基-中港,2023-02-13,9202
4726,永昕,16,0,16,凱基-中港,2023-02-13,9202
8070,長華*,15,0,15,凱基-中港,2023-02-13,9202
2504,國產,15,0,15,凱基-中港,2023-02-13,9202
1519,華城,15,1,14,凱基-中港,2023-02-13,9202
4167,松瑞藥,18,4,14,凱基-中港,2023-02-13,9202
2017,官田鋼,15,1,14,凱基-中港,2023-02-13,9202
3013,晟銘電,13,1,12,凱基-中港,2023-02-13,9202
5315,光聯,15,3,12,凱基-中港,2023-02-13,9202
8038,長園科,12,0,12,凱基-中港,2023-02-13,9202
5222,全訊,15,4,11,凱基-中港,2023-02-13,9202
2603,長榮,18,7,11,凱基-中港,2023-02-13,9202
2308,台達電,10,0,10,凱基-中港,2023-02-13,9202
2106,建大,10,0,10,凱基-中港,2023-02-13,9202
00882,中信中國高股息,10,0,10,凱基-中港,2023-02-13,9202
2367,燿華,20,10,10,凱基-中港,2023-02-13,9202
2633,台灣高鐵,10,0,10,凱基-中港,2023-02-13,9202
2495,普安,10,0,10,凱基-中港,2023-02-13,9202
00650L,復華香港正2,10,0,10,凱基-中港,2023-02-13,9202
2317,鴻海,11,2,9,凱基-中港,2023-02-13,9202
00795B,中信美國公債20年,9,0,9,凱基-中港,2023-02-13,9202
6443,元晶,9,0,9,凱基-中港,2023-02-13,9202
1808,潤隆,8,0,8,凱基-中港,2023-02-13,9202
2615,萬海,12,4,8,凱基-中港,2023-02-13,9202
8121,越峰,8,0,8,凱基-中港,2023-02-13,9202
00671R,富邦NASDAQ反1,1141,0,1141,凱基-中港,2023-02-14,9202
3419,譁裕,570,2,568,凱基-中港,2023-02-14,9202
00679B,元大美債20年,117,0,117,凱基-中港,2023-02-14,9202
2801,彰銀,101,1,100,凱基-中港,2023-02-14,9202
00772B,中信高評級公司債,86,0,86,凱基-中港,2023-02-14,9202
00751B,元大AAA至A公司債,70,0,70,凱基-中港,2023-02-14,9202
2025,千興,69,2,67,凱基-中港,2023-02-14,9202
2891,中信金,67,8,59,凱基-中港,2023-02-14,9202
00673R,期元大S＆P原油反1,42,0,42,凱基-中港,2023-02-14,9202
00720B,元大投資級公司債,40,0,40,凱基-中港,2023-02-14,9202
1721,三晃,31,0,31,凱基-中港,2023-02-14,9202
2329,華泰,30,0,30,凱基-中港,2023-02-14,9202
2351,順德,43,13,30,凱基-中港,2023-02-14,9202
1708,東鹼,30,2,28,凱基-中港,2023-02-14,9202
3346,麗清,27,0,27,凱基-中港,2023-02-14,9202
2471,資通,25,0,25,凱基-中港,2023-02-14,9202
5512,力麒,25,0,25,凱基-中港,2023-02-14,9202
2206,三陽工業,24,0,24,凱基-中港,2023-02-14,9202
3037,欣興,33,9,24,凱基-中港,2023-02-14,9202
6282,康舒,35,11,24,凱基-中港,2023-02-14,9202
2753,八方雲集,24,1,23,凱基-中港,2023-02-14,9202
2888,新光金,22,1,21,凱基-中港,2023-02-14,9202
00773B,中信優先金融債,21,0,21,凱基-中港,2023-02-14,9202
2615,萬海,49,28,21,凱基-中港,2023-02-14,9202
3710,連展投控,20,0,20,凱基-中港,2023-02-14,9202
2905,三商,20,0,20,凱基-中港,2023-02-14,9202
2312,金寶,20,0,20,凱基-中港,2023-02-14,9202
2453,凌群,160,141,19,凱基-中港,2023-02-14,9202
2034,允強,19,1,18,凱基-中港,2023-02-14,9202
2486,一詮,22,5,17,凱基-中港,2023-02-14,9202
3035,智原,28,12,16,凱基-中港,2023-02-14,9202
4123,晟德,16,0,16,凱基-中港,2023-02-14,9202
3528,安馳,15,0,15,凱基-中港,2023-02-14,9202
3533,嘉澤,13,0,13,凱基-中港,2023-02-14,9202
8070,長華*,13,0,13,凱基-中港,2023-02-14,9202
6142,友勁,25,12,13,凱基-中港,2023-02-14,9202
2314,台揚,17,4,13,凱基-中港,2023-02-14,9202
1760,寶齡富錦,11,0,11,凱基-中港,2023-02-14,9202
6182,合晶,11,0,11,凱基-中港,2023-02-14,9202
2454,聯發科,10,0,10,凱基-中港,2023-02-14,9202
3714,富采,10,0,10,凱基-中港,2023-02-14,9202
3017,奇鋐,10,0,10,凱基-中港,2023-02-14,9202
2883B,凱基金乙特,10,0,10,凱基-中港,2023-02-14,9202
2359,所羅門,10,0,10,凱基-中港,2023-02-14,9202
1714,和桐,10,0,10,凱基-中港,2023-02-14,9202
3207,耀勝,10,0,10,凱基-中港,2023-02-14,9202
6213,聯茂,10,0,10,凱基-中港,2023-02-14,9202
3682,亞太電,10,0,10,凱基-中港,2023-02-14,9202
3479,安勤,15,5,10,凱基-中港,2023-02-14,9202
2882,國泰金,13,4,9,凱基-中港,2023-02-14,9202
00632R,元大台灣50反1,1653,249,1404,凱基-中港,2023-02-15,9202
3419,譁裕,831,2,829,凱基-中港,2023-02-15,9202
00878,國泰永續高股息,312,34,278,凱基-中港,2023-02-15,9202
6282,康舒,211,4,207,凱基-中港,2023-02-15,9202
00715L,期街口布蘭特正2,157,12,145,凱基-中港,2023-02-15,9202
00679B,元大美債20年,104,0,104,凱基-中港,2023-02-15,9202
3105,穩懋,109,7,102,凱基-中港,2023-02-15,9202
00751B,元大AAA至A公司債,81,0,81,凱基-中港,2023-02-15,9202
00772B,中信高評級公司債,77,0,77,凱基-中港,2023-02-15,9202
1701,中化,50,5,45,凱基-中港,2023-02-15,9202
5315,光聯,44,0,44,凱基-中港,2023-02-15,9202
6548,長科*,43,0,43,凱基-中港,2023-02-15,9202
3346,麗清,38,0,38,凱基-中港,2023-02-15,9202
4114,健喬,79,41,38,凱基-中港,2023-02-15,9202
2618,長榮航,41,5,36,凱基-中港,2023-02-15,9202
6235,華孚,83,52,31,凱基-中港,2023-02-15,9202
6245,立端,30,1,29,凱基-中港,2023-02-15,9202
00891,中信關鍵半導體,27,0,27,凱基-中港,2023-02-15,9202
5512,力麒,27,0,27,凱基-中港,2023-02-15,9202
00885,富邦越南,25,0,25,凱基-中港,2023-02-15,9202
2883,凱基金,22,0,22,凱基-中港,2023-02-15,9202
2736,富野,21,0,21,凱基-中港,2023-02-15,9202
2905,三商,20,0,20,凱基-中港,2023-02-15,9202
1711,永光,20,0,20,凱基-中港,2023-02-15,9202
3481,群創,89,69,20,凱基-中港,2023-02-15,9202
2834,臺企銀,34,15,19,凱基-中港,2023-02-15,9202
2454,聯發科,19,1,18,凱基-中港,2023-02-15,9202
6806,森崴能源,25,7,18,凱基-中港,2023-02-15,9202
2208,台船,30,13,17,凱基-中港,2023-02-15,9202
8940,新天地,19,3,16,凱基-中港,2023-02-15,9202
1460,宏遠,15,0,15,凱基-中港,2023-02-15,9202
2328,廣宇,15,0,15,凱基-中港,2023-02-15,9202
2609,陽明,30,16,14,凱基-中港,2023-02-15,9202
00900,富邦特選高股息30,14,0,14,凱基-中港,2023-02-15,9202
2498,宏達電,45,31,14,凱基-中港,2023-02-15,9202
00720B,元大投資級公司債,13,0,13,凱基-中港,2023-02-15,9202
8931,大汽電,13,0,13,凱基-中港,2023-02-15,9202
2615,萬海,29,16,13,凱基-中港,2023-02-15,9202
2344,華邦電,14,2,12,凱基-中港,2023-02-15,9202
00665L,富邦�琤肭磪囓�2,12,0,12,凱基-中港,2023-02-15,9202
2457,飛宏,12,0,12,凱基-中港,2023-02-15,9202
2023,燁輝,11,0,11,凱基-中港,2023-02-15,9202
2891,中信金,11,1,10,凱基-中港,2023-02-15,9202
2031,新光鋼,10,0,10,凱基-中港,2023-02-15,9202
2017,官田鋼,10,0,10,凱基-中港,2023-02-15,9202
2337,旺宏,14,4,10,凱基-中港,2023-02-15,9202
6874,倍力,11,1,10,凱基-中港,2023-02-15,9202
00637L,元大滬深300正2,12,2,10,凱基-中港,2023-02-15,9202
4934,太極,10,0,10,凱基-中港,2023-02-15,9202
2395,研華,10,0,10,凱基-中港,2023-02-15,9202
00679B,元大美債20年,93,0,93,凱基-中港,2023-02-16,9202
4744,皇將,117,26,91,凱基-中港,2023-02-16,9202
3037,欣興,71,11,60,凱基-中港,2023-02-16,9202
3105,穩懋,56,1,55,凱基-中港,2023-02-16,9202
2484,希華,60,5,55,凱基-中港,2023-02-16,9202
3710,連展投控,55,4,51,凱基-中港,2023-02-16,9202
00878,國泰永續高股息,95,44,51,凱基-中港,2023-02-16,9202
2888,新光金,47,0,47,凱基-中港,2023-02-16,9202
3163,波若威,41,0,41,凱基-中港,2023-02-16,9202
00772B,中信高評級公司債,40,0,40,凱基-中港,2023-02-16,9202
1513,中興電,45,8,37,凱基-中港,2023-02-16,9202
1905,華紙,35,0,35,凱基-中港,2023-02-16,9202
00885,富邦越南,34,2,32,凱基-中港,2023-02-16,9202
00907,永豐優息存股,30,0,30,凱基-中港,2023-02-16,9202
2030,彰源,25,0,25,凱基-中港,2023-02-16,9202
5315,光聯,24,0,24,凱基-中港,2023-02-16,9202
00751B,元大AAA至A公司債,24,0,24,凱基-中港,2023-02-16,9202
6531,愛普*,45,22,23,凱基-中港,2023-02-16,9202
1609,大亞,24,3,21,凱基-中港,2023-02-16,9202
2312,金寶,20,0,20,凱基-中港,2023-02-16,9202
3224,三顧,21,4,17,凱基-中港,2023-02-16,9202
00720B,元大投資級公司債,16,0,16,凱基-中港,2023-02-16,9202
1101,台泥,22,6,16,凱基-中港,2023-02-16,9202
00795B,中信美國公債20年,15,0,15,凱基-中港,2023-02-16,9202
2891,中信金,14,0,14,凱基-中港,2023-02-16,9202
1460,宏遠,13,0,13,凱基-中港,2023-02-16,9202
00671R,富邦NASDAQ反1,13,0,13,凱基-中港,2023-02-16,9202
6271,同欣電,14,1,13,凱基-中港,2023-02-16,9202
3272,東碩,12,0,12,凱基-中港,2023-02-16,9202
6111,大宇資,17,6,11,凱基-中港,2023-02-16,9202
3029,零壹,11,0,11,凱基-中港,2023-02-16,9202
2881,富邦金,11,0,11,凱基-中港,2023-02-16,9202
00696B,富邦美債20年,10,0,10,凱基-中港,2023-02-16,9202
2884,玉山金,11,1,10,凱基-中港,2023-02-16,9202
4114,健喬,17,7,10,凱基-中港,2023-02-16,9202
1434,福懋,10,0,10,凱基-中港,2023-02-16,9202
1524,耿鼎,10,0,10,凱基-中港,2023-02-16,9202
1476,儒鴻,10,0,10,凱基-中港,2023-02-16,9202
2352,佳世達,10,0,10,凱基-中港,2023-02-16,9202
2497,怡利電,16,6,10,凱基-中港,2023-02-16,9202
3706,神達,10,0,10,凱基-中港,2023-02-16,9202
1708,東鹼,10,0,10,凱基-中港,2023-02-16,9202
3141,晶宏,17,8,9,凱基-中港,2023-02-16,9202
2063,世鎧,9,0,9,凱基-中港,2023-02-16,9202
6282,康舒,13,4,9,凱基-中港,2023-02-16,9202
3092,鴻碩,10,1,9,凱基-中港,2023-02-16,9202
00905,FT臺灣Smart,9,0,9,凱基-中港,2023-02-16,9202
3306,鼎天,9,0,9,凱基-中港,2023-02-16,9202
2492,華新科,17,9,8,凱基-中港,2023-02-16,9202
2002,中鋼,17,9,8,凱基-中港,2023-02-16,9202
00632R,元大台灣50反1,500,208,292,凱基-中港,2023-02-17,9202
2618,長榮航,125,15,110,凱基-中港,2023-02-17,9202
00679B,元大美債20年,82,9,73,凱基-中港,2023-02-17,9202
4744,皇將,70,0,70,凱基-中港,2023-02-17,9202
1513,中興電,67,16,51,凱基-中港,2023-02-17,9202
2886,兆豐金,50,1,49,凱基-中港,2023-02-17,9202
6235,華孚,51,6,45,凱基-中港,2023-02-17,9202
00885,富邦越南,44,0,44,凱基-中港,2023-02-17,9202
00893,國泰智能電動車,42,7,35,凱基-中港,2023-02-17,9202
1604,聲寶,35,0,35,凱基-中港,2023-02-17,9202
00772B,中信高評級公司債,33,0,33,凱基-中港,2023-02-17,9202
2905,三商,30,0,30,凱基-中港,2023-02-17,9202
6288,聯嘉,31,1,30,凱基-中港,2023-02-17,9202
4168,醣聯,30,1,29,凱基-中港,2023-02-17,9202
6274,台燿,23,0,23,凱基-中港,2023-02-17,9202
3346,麗清,23,1,22,凱基-中港,2023-02-17,9202
8222,寶一,58,36,22,凱基-中港,2023-02-17,9202
5425,台半,42,20,22,凱基-中港,2023-02-17,9202
1701,中化,21,0,21,凱基-中港,2023-02-17,9202
00903,富邦元宇宙,20,0,20,凱基-中港,2023-02-17,9202
1904,正隆,20,0,20,凱基-中港,2023-02-17,9202
2358,廷鑫,21,1,20,凱基-中港,2023-02-17,9202
4958,臻鼎-KY,20,1,19,凱基-中港,2023-02-17,9202
2387,精元,20,1,19,凱基-中港,2023-02-17,9202
00882,中信中國高股息,18,0,18,凱基-中港,2023-02-17,9202
00751B,元大AAA至A公司債,17,0,17,凱基-中港,2023-02-17,9202
00665L,富邦�琤肭磪囓�2,31,15,16,凱基-中港,2023-02-17,9202
00637L,元大滬深300正2,38,23,15,凱基-中港,2023-02-17,9202
2471,資通,26,11,15,凱基-中港,2023-02-17,9202
2492,華新科,15,0,15,凱基-中港,2023-02-17,9202
00671R,富邦NASDAQ反1,15,0,15,凱基-中港,2023-02-17,9202
2330,台積電,23,9,14,凱基-中港,2023-02-17,9202
2603,長榮,14,0,14,凱基-中港,2023-02-17,9202
2498,宏達電,19,5,14,凱基-中港,2023-02-17,9202
4763,材料-KY,16,2,14,凱基-中港,2023-02-17,9202
5009,榮剛,25,11,14,凱基-中港,2023-02-17,9202
3037,欣興,17,4,13,凱基-中港,2023-02-17,9202
0056,元大高股息,12,0,12,凱基-中港,2023-02-17,9202
2376,技嘉,13,1,12,凱基-中港,2023-02-17,9202
8121,越峰,12,0,12,凱基-中港,2023-02-17,9202
2103,台橡,11,0,11,凱基-中港,2023-02-17,9202
1598,岱宇,17,6,11,凱基-中港,2023-02-17,9202
2453,凌群,10,0,10,凱基-中港,2023-02-17,9202
3227,原相,10,0,10,凱基-中港,2023-02-17,9202
8183,精星,18,8,10,凱基-中港,2023-02-17,9202
2201,裕隆,11,1,10,凱基-中港,2023-02-17,9202
5701,劍湖山,10,0,10,凱基-中港,2023-02-17,9202
3042,晶技,10,0,10,凱基-中港,2023-02-17,9202
8940,新天地,13,4,9,凱基-中港,2023-02-17,9202
3035,智原,26,17,9,凱基-中港,2023-02-17,9202
6143,振曜,104,2,102,凱基-中港,2023-02-20,9202
1810,和成,71,0,71,凱基-中港,2023-02-20,9202
4977,眾達-KY,76,14,62,凱基-中港,2023-02-20,9202
3037,欣興,61,4,57,凱基-中港,2023-02-20,9202
2329,華泰,53,1,52,凱基-中港,2023-02-20,9202
2834,臺企銀,56,5,51,凱基-中港,2023-02-20,9202
00902,中信電池及儲能,31,0,31,凱基-中港,2023-02-20,9202
6116,彩晶,30,3,27,凱基-中港,2023-02-20,9202
00637L,元大滬深300正2,38,14,24,凱基-中港,2023-02-20,9202
00772B,中信高評級公司債,23,0,23,凱基-中港,2023-02-20,9202
2867,三商壽,23,0,23,凱基-中港,2023-02-20,9202
8935,邦泰,22,0,22,凱基-中港,2023-02-20,9202
1536,和大,22,1,21,凱基-中港,2023-02-20,9202
4927,泰鼎-KY,23,2,21,凱基-中港,2023-02-20,9202
6217,中探針,20,0,20,凱基-中港,2023-02-20,9202
8070,長華*,20,0,20,凱基-中港,2023-02-20,9202
3707,漢磊,19,0,19,凱基-中港,2023-02-20,9202
3227,原相,21,2,19,凱基-中港,2023-02-20,9202
2017,官田鋼,21,2,19,凱基-中港,2023-02-20,9202
2905,三商,22,3,19,凱基-中港,2023-02-20,9202
4763,材料-KY,38,20,18,凱基-中港,2023-02-20,9202
6266,泰詠,18,0,18,凱基-中港,2023-02-20,9202
2618,長榮航,91,73,18,凱基-中港,2023-02-20,9202
1734,杏輝,20,3,17,凱基-中港,2023-02-20,9202
00751B,元大AAA至A公司債,16,0,16,凱基-中港,2023-02-20,9202
2208,台船,72,56,16,凱基-中港,2023-02-20,9202
1513,中興電,31,15,16,凱基-中港,2023-02-20,9202
00715L,期街口布蘭特正2,15,0,15,凱基-中港,2023-02-20,9202
4114,健喬,28,14,14,凱基-中港,2023-02-20,9202
1519,華城,38,24,14,凱基-中港,2023-02-20,9202
00679B,元大美債20年,13,0,13,凱基-中港,2023-02-20,9202
6180,橘子,16,3,13,凱基-中港,2023-02-20,9202
8183,精星,12,0,12,凱基-中港,2023-02-20,9202
3035,智原,23,11,12,凱基-中港,2023-02-20,9202
2330,台積電,16,4,12,凱基-中港,2023-02-20,9202
2363,矽統,15,4,11,凱基-中港,2023-02-20,9202
4128,中天,12,1,11,凱基-中港,2023-02-20,9202
4162,智擎,12,1,11,凱基-中港,2023-02-20,9202
3149,正達,10,0,10,凱基-中港,2023-02-20,9202
8097,常珵,10,0,10,凱基-中港,2023-02-20,9202
4991,環宇-KY,10,0,10,凱基-中港,2023-02-20,9202
4123,晟德,15,5,10,凱基-中港,2023-02-20,9202
1506,正道,10,0,10,凱基-中港,2023-02-20,9202
3221,台嘉碩,10,0,10,凱基-中港,2023-02-20,9202
00921,兆豐龍頭等權重,10,0,10,凱基-中港,2023-02-20,9202
6235,華孚,32,22,10,凱基-中港,2023-02-20,9202
3027,盛達,13,3,10,凱基-中港,2023-02-20,9202
2449,京元電子,10,0,10,凱基-中港,2023-02-20,9202
3624,光頡,10,1,9,凱基-中港,2023-02-20,9202
2387,精元,9,0,9,凱基-中港,2023-02-20,9202
2884,玉山金,902,725,177,凱基-中港,2023-02-21,9202
6282,康舒,220,101,119,凱基-中港,2023-02-21,9202
6165,浪凡,141,45,96,凱基-中港,2023-02-21,9202
2610,華航,104,11,93,凱基-中港,2023-02-21,9202
00637L,元大滬深300正2,136,53,83,凱基-中港,2023-02-21,9202
3035,智原,115,53,62,凱基-中港,2023-02-21,9202
0056,元大高股息,50,11,39,凱基-中港,2023-02-21,9202
2633,台灣高鐵,38,1,37,凱基-中港,2023-02-21,9202
2206,三陽工業,68,32,36,凱基-中港,2023-02-21,9202
1810,和成,38,2,36,凱基-中港,2023-02-21,9202
4114,健喬,41,10,31,凱基-中港,2023-02-21,9202
3346,麗清,30,0,30,凱基-中港,2023-02-21,9202
00713,元大台灣高息低波,30,0,30,凱基-中港,2023-02-21,9202
3454,晶睿,30,2,28,凱基-中港,2023-02-21,9202
2476,鉅祥,29,2,27,凱基-中港,2023-02-21,9202
3027,盛達,47,20,27,凱基-中港,2023-02-21,9202
00772B,中信高評級公司債,26,0,26,凱基-中港,2023-02-21,9202
5452,佶優,28,2,26,凱基-中港,2023-02-21,9202
6288,聯嘉,116,92,24,凱基-中港,2023-02-21,9202
00725B,國泰投資級公司債,23,0,23,凱基-中港,2023-02-21,9202
4931,新盛力,24,1,23,凱基-中港,2023-02-21,9202
2457,飛宏,108,86,22,凱基-中港,2023-02-21,9202
3706,神達,31,10,21,凱基-中港,2023-02-21,9202
8383,千附,23,2,21,凱基-中港,2023-02-21,9202
3128,昇銳,22,1,21,凱基-中港,2023-02-21,9202
8996,高力,24,4,20,凱基-中港,2023-02-21,9202
2605,新興,20,0,20,凱基-中港,2023-02-21,9202
1102,亞泥,20,0,20,凱基-中港,2023-02-21,9202
2882,國泰金,19,0,19,凱基-中港,2023-02-21,9202
4744,皇將,25,6,19,凱基-中港,2023-02-21,9202
6770,力積電,25,8,17,凱基-中港,2023-02-21,9202
6531,愛普*,32,15,17,凱基-中港,2023-02-21,9202
5701,劍湖山,20,3,17,凱基-中港,2023-02-21,9202
3081,聯亞,17,0,17,凱基-中港,2023-02-21,9202
2444,兆勁,16,0,16,凱基-中港,2023-02-21,9202
1217,愛之味,18,2,16,凱基-中港,2023-02-21,9202
2812,台中銀,16,1,15,凱基-中港,2023-02-21,9202
1584,精剛,77,62,15,凱基-中港,2023-02-21,9202
4536,拓凱,15,0,15,凱基-中港,2023-02-21,9202
5202,力新,16,1,15,凱基-中港,2023-02-21,9202
9917,中保科,14,0,14,凱基-中港,2023-02-21,9202
2401,凌陽,15,1,14,凱基-中港,2023-02-21,9202
00720B,元大投資級公司債,14,0,14,凱基-中港,2023-02-21,9202
00679B,元大美債20年,15,1,14,凱基-中港,2023-02-21,9202
1514,亞力,19,5,14,凱基-中港,2023-02-21,9202
3594,磐儀,191,178,13,凱基-中港,2023-02-21,9202
6550,北極星藥業-KY,13,0,13,凱基-中港,2023-02-21,9202
2453,凌群,11,0,11,凱基-中港,2023-02-21,9202
2905,三商,11,0,11,凱基-中港,2023-02-21,9202
3376,新日興,10,0,10,凱基-中港,2023-02-21,9202
1216,統一,70,0,70,凱基-中港,2023-02-22,9202
00878,國泰永續高股息,64,11,53,凱基-中港,2023-02-22,9202
2330,台積電,54,2,52,凱基-中港,2023-02-22,9202
6235,華孚,192,140,52,凱基-中港,2023-02-22,9202
00712,復華富時不動產,51,0,51,凱基-中港,2023-02-22,9202
1795,美時,59,19,40,凱基-中港,2023-02-22,9202
1609,大亞,57,20,37,凱基-中港,2023-02-22,9202
2633,台灣高鐵,36,0,36,凱基-中港,2023-02-22,9202
5608,四維航,36,1,35,凱基-中港,2023-02-22,9202
2888,新光金,34,0,34,凱基-中港,2023-02-22,9202
00720B,元大投資級公司債,31,0,31,凱基-中港,2023-02-22,9202
5452,佶優,31,0,31,凱基-中港,2023-02-22,9202
1512,瑞利,30,0,30,凱基-中港,2023-02-22,9202
1605,華新,31,8,23,凱基-中港,2023-02-22,9202
2867,三商壽,22,0,22,凱基-中港,2023-02-22,9202
3276,宇環,20,0,20,凱基-中港,2023-02-22,9202
8070,長華*,21,1,20,凱基-中港,2023-02-22,9202
8033,雷虎,43,24,19,凱基-中港,2023-02-22,9202
8473,山林水,20,1,19,凱基-中港,2023-02-22,9202
5512,力麒,24,5,19,凱基-中港,2023-02-22,9202
5425,台半,40,22,18,凱基-中港,2023-02-22,9202
2317,鴻海,19,2,17,凱基-中港,2023-02-22,9202
2344,華邦電,25,7,18,凱基-中港,2023-02-22,9202
1513,中興電,53,36,17,凱基-中港,2023-02-22,9202
9939,宏全,17,0,17,凱基-中港,2023-02-22,9202
2504,國產,21,4,17,凱基-中港,2023-02-22,9202
3037,欣興,20,4,16,凱基-中港,2023-02-22,9202
00679B,元大美債20年,20,4,16,凱基-中港,2023-02-22,9202
2303,聯電,16,0,16,凱基-中港,2023-02-22,9202
8299,群聯,16,0,16,凱基-中港,2023-02-22,9202
5706,鳳凰,19,4,15,凱基-中港,2023-02-22,9202
3128,昇銳,16,1,15,凱基-中港,2023-02-22,9202
2890,永豐金,15,0,15,凱基-中港,2023-02-22,9202
6441,廣錠,15,0,15,凱基-中港,2023-02-22,9202
00893,國泰智能電動車,16,1,15,凱基-中港,2023-02-22,9202
00772B,中信高評級公司債,15,0,15,凱基-中港,2023-02-22,9202
8046,南電,16,2,14,凱基-中港,2023-02-22,9202
3035,智原,179,166,13,凱基-中港,2023-02-22,9202
00902,中信電池及儲能,13,0,13,凱基-中港,2023-02-22,9202
00751B,元大AAA至A公司債,13,0,13,凱基-中港,2023-02-22,9202
1519,華城,131,118,13,凱基-中港,2023-02-22,9202
2884,玉山金,19,6,13,凱基-中港,2023-02-22,9202
4977,眾達-KY,24,12,12,凱基-中港,2023-02-22,9202
2401,凌陽,12,0,12,凱基-中港,2023-02-22,9202
2367,燿華,12,0,12,凱基-中港,2023-02-22,9202
6443,元晶,13,2,11,凱基-中港,2023-02-22,9202
2327,國巨,11,0,11,凱基-中港,2023-02-22,9202
3029,零壹,11,0,11,凱基-中港,2023-02-22,9202
3710,連展投控,11,0,11,凱基-中港,2023-02-22,9202
6550,北極星藥業-KY,12,1,11,凱基-中港,2023-02-22,9202
00669R,國泰美國道瓊反1,1147,5,1142,凱基-中港,2023-02-23,9202
6282,康舒,177,10,167,凱基-中港,2023-02-23,9202
3481,群創,152,27,125,凱基-中港,2023-02-23,9202
2834,臺企銀,139,26,113,凱基-中港,2023-02-23,9202
00712,復華富時不動產,112,0,112,凱基-中港,2023-02-23,9202
6111,大宇資,109,1,108,凱基-中港,2023-02-23,9202
00897,富邦基因免疫生技,100,0,100,凱基-中港,2023-02-23,9202
2312,金寶,71,0,71,凱基-中港,2023-02-23,9202
00715L,期街口布蘭特正2,70,0,70,凱基-中港,2023-02-23,9202
3056,富華新,63,0,63,凱基-中港,2023-02-23,9202
5512,力麒,70,7,63,凱基-中港,2023-02-23,9202
2504,國產,62,0,62,凱基-中港,2023-02-23,9202
00720B,元大投資級公司債,62,0,62,凱基-中港,2023-02-23,9202
1722,台肥,60,0,60,凱基-中港,2023-02-23,9202
00893,國泰智能電動車,76,21,55,凱基-中港,2023-02-23,9202
2903,遠百,51,0,51,凱基-中港,2023-02-23,9202
8070,長華*,53,5,48,凱基-中港,2023-02-23,9202
2409,友達,69,29,40,凱基-中港,2023-02-23,9202
2303,聯電,43,12,31,凱基-中港,2023-02-23,9202
6142,友勁,30,0,30,凱基-中港,2023-02-23,9202
4157,太景*-KY,30,0,30,凱基-中港,2023-02-23,9202
4306,炎洲,35,7,28,凱基-中港,2023-02-23,9202
00885,富邦越南,27,0,27,凱基-中港,2023-02-23,9202
1444,力麗,32,5,27,凱基-中港,2023-02-23,9202
5210,寶碩,26,0,26,凱基-中港,2023-02-23,9202
00642U,期元大S＆P石油,23,0,23,凱基-中港,2023-02-23,9202
1584,精剛,35,12,23,凱基-中港,2023-02-23,9202
2017,官田鋼,21,0,21,凱基-中港,2023-02-23,9202
00760B,復華新興企業債,20,0,20,凱基-中港,2023-02-23,9202
1219,福壽,20,0,20,凱基-中港,2023-02-23,9202
3535,晶彩科,20,0,20,凱基-中港,2023-02-23,9202
1609,大亞,21,2,19,凱基-中港,2023-02-23,9202
2883,凱基金,31,13,18,凱基-中港,2023-02-23,9202
2617,台航,21,4,17,凱基-中港,2023-02-23,9202
6165,浪凡,16,0,16,凱基-中港,2023-02-23,9202
2371,大同,15,0,15,凱基-中港,2023-02-23,9202
6160,欣技,14,0,14,凱基-中港,2023-02-23,9202
2610,華航,38,25,13,凱基-中港,2023-02-23,9202
1536,和大,12,0,12,凱基-中港,2023-02-23,9202
3006,晶豪科,16,4,12,凱基-中港,2023-02-23,9202
00725B,國泰投資級公司債,11,0,11,凱基-中港,2023-02-23,9202
5371,中光電,13,2,11,凱基-中港,2023-02-23,9202
4952,凌通,11,1,10,凱基-中港,2023-02-23,9202
2108,南帝,10,0,10,凱基-中港,2023-02-23,9202
1506,正道,10,0,10,凱基-中港,2023-02-23,9202
8933,愛地雅,10,0,10,凱基-中港,2023-02-23,9202
4958,臻鼎-KY,20,10,10,凱基-中港,2023-02-23,9202
3702,大聯大,10,0,10,凱基-中港,2023-02-23,9202
8299,群聯,11,1,10,凱基-中港,2023-02-23,9202
1760,寶齡富錦,10,0,10,凱基-中港,2023-02-23,9202
00632R,元大台灣50反1,539,13,526,凱基-中港,2023-02-24,9202
3056,富華新,110,0,110,凱基-中港,2023-02-24,9202
6547,高端疫苗,105,0,105,凱基-中港,2023-02-24,9202
00637L,元大滬深300正2,135,31,104,凱基-中港,2023-02-24,9202
5521,工信,62,0,62,凱基-中港,2023-02-24,9202
00712,復華富時不動產,50,0,50,凱基-中港,2023-02-24,9202
00878,國泰永續高股息,51,3,48,凱基-中港,2023-02-24,9202
2317,鴻海,49,5,44,凱基-中港,2023-02-24,9202
2303,聯電,48,5,43,凱基-中港,2023-02-24,9202
2610,華航,43,5,38,凱基-中港,2023-02-24,9202
1605,華新,49,12,37,凱基-中港,2023-02-24,9202
2641,正德,64,32,32,凱基-中港,2023-02-24,9202
3027,盛達,44,12,32,凱基-中港,2023-02-24,9202
6128,上福,31,1,30,凱基-中港,2023-02-24,9202
6165,浪凡,30,0,30,凱基-中港,2023-02-24,9202
2243,宏旭-KY,29,0,29,凱基-中港,2023-02-24,9202
00882,中信中國高股息,27,0,27,凱基-中港,2023-02-24,9202
9907,統一實,31,5,26,凱基-中港,2023-02-24,9202
3515,華擎,78,52,26,凱基-中港,2023-02-24,9202
2634,漢翔,35,11,24,凱基-中港,2023-02-24,9202
4960,誠美材,31,7,24,凱基-中港,2023-02-24,9202
6116,彩晶,23,0,23,凱基-中港,2023-02-24,9202
4173,久裕,23,0,23,凱基-中港,2023-02-24,9202
5009,榮剛,29,7,22,凱基-中港,2023-02-24,9202
3058,立德,26,5,21,凱基-中港,2023-02-24,9202
2002,中鋼,21,0,21,凱基-中港,2023-02-24,9202
6625,必應,20,0,20,凱基-中港,2023-02-24,9202
2034,允強,20,1,19,凱基-中港,2023-02-24,9202
2834,臺企銀,19,2,17,凱基-中港,2023-02-24,9202
6282,康舒,24,7,17,凱基-中港,2023-02-24,9202
2354,鴻準,19,2,17,凱基-中港,2023-02-24,9202
6160,欣技,16,0,16,凱基-中港,2023-02-24,9202
1609,大亞,16,0,16,凱基-中港,2023-02-24,9202
4433,興采,16,1,15,凱基-中港,2023-02-24,9202
00671R,富邦NASDAQ反1,15,0,15,凱基-中港,2023-02-24,9202
6111,大宇資,15,0,15,凱基-中港,2023-02-24,9202
2504,國產,43,28,15,凱基-中港,2023-02-24,9202
6147,頎邦,16,1,15,凱基-中港,2023-02-24,9202
8933,愛地雅,14,0,14,凱基-中港,2023-02-24,9202
1437,勤益控,15,3,12,凱基-中港,2023-02-24,9202
2103,台橡,12,0,12,凱基-中港,2023-02-24,9202
3036,文曄,11,0,11,凱基-中港,2023-02-24,9202
3682,亞太電,11,0,11,凱基-中港,2023-02-24,9202
2454,聯發科,15,4,11,凱基-中港,2023-02-24,9202
3380,明泰,20,9,11,凱基-中港,2023-02-24,9202
3437,榮創,11,0,11,凱基-中港,2023-02-24,9202
2069,運錩,10,0,10,凱基-中港,2023-02-24,9202
2345,智邦,10,0,10,凱基-中港,2023-02-24,9202
5519,隆大,10,0,10,凱基-中港,2023-02-24,9202
00753L,中信中國50正2,13,3,10,凱基-中港,2023-02-24,9202
00632R,元大台灣50反1,1303,22,1281,凱基-中港,2023-03-01,9202
1605,華新,1045,850,195,凱基-中港,2023-03-01,9202
6547,高端疫苗,156,10,146,凱基-中港,2023-03-01,9202
2208,台船,141,4,137,凱基-中港,2023-03-01,9202
3056,富華新,112,1,111,凱基-中港,2023-03-01,9202
2538,基泰,104,0,104,凱基-中港,2023-03-01,9202
2609,陽明,105,33,72,凱基-中港,2023-03-01,9202
00712,復華富時不動產,66,0,66,凱基-中港,2023-03-01,9202
9945,潤泰新,66,1,65,凱基-中港,2023-03-01,9202
3481,群創,86,23,63,凱基-中港,2023-03-01,9202
1464,得力,55,0,55,凱基-中港,2023-03-01,9202
00720B,元大投資級公司債,54,0,54,凱基-中港,2023-03-01,9202
5426,振發,50,0,50,凱基-中港,2023-03-01,9202
00878,國泰永續高股息,61,14,47,凱基-中港,2023-03-01,9202
8088,品安,45,0,45,凱基-中港,2023-03-01,9202
2030,彰源,65,20,45,凱基-中港,2023-03-01,9202
6165,浪凡,40,0,40,凱基-中港,2023-03-01,9202
2637,慧洋-KY,45,14,31,凱基-中港,2023-03-01,9202
2108,南帝,30,0,30,凱基-中港,2023-03-01,9202
2908,特力,30,0,30,凱基-中港,2023-03-01,9202
2402,毅嘉,30,0,30,凱基-中港,2023-03-01,9202
2409,友達,64,39,25,凱基-中港,2023-03-01,9202
4744,皇將,25,0,25,凱基-中港,2023-03-01,9202
2892,第一金,23,0,23,凱基-中港,2023-03-01,9202
2201,裕隆,25,2,23,凱基-中港,2023-03-01,9202
2002,中鋼,34,12,22,凱基-中港,2023-03-01,9202
1708,東鹼,23,2,21,凱基-中港,2023-03-01,9202
00882,中信中國高股息,19,0,19,凱基-中港,2023-03-01,9202
6155,鈞寶,20,1,19,凱基-中港,2023-03-01,9202
4967,十銓,19,0,19,凱基-中港,2023-03-01,9202
2897,王道銀行,18,0,18,凱基-中港,2023-03-01,9202
8936,國統,18,1,17,凱基-中港,2023-03-01,9202
2882,國泰金,16,0,16,凱基-中港,2023-03-01,9202
2883,凱基金,19,3,16,凱基-中港,2023-03-01,9202
6770,力積電,30,14,16,凱基-中港,2023-03-01,9202
2610,華航,43,27,16,凱基-中港,2023-03-01,9202
00903,富邦元宇宙,21,5,16,凱基-中港,2023-03-01,9202
5521,工信,16,0,16,凱基-中港,2023-03-01,9202
2014,中鴻,24,9,15,凱基-中港,2023-03-01,9202
00773B,中信優先金融債,15,0,15,凱基-中港,2023-03-01,9202
3324,雙鴻,15,0,15,凱基-中港,2023-03-01,9202
0056,元大高股息,18,4,14,凱基-中港,2023-03-01,9202
2916,滿心,15,1,14,凱基-中港,2023-03-01,9202
2344,華邦電,13,0,13,凱基-中港,2023-03-01,9202
1219,福壽,13,0,13,凱基-中港,2023-03-01,9202
2338,光罩,12,0,12,凱基-中港,2023-03-01,9202
1513,中興電,14,2,12,凱基-中港,2023-03-01,9202
2634,漢翔,13,1,12,凱基-中港,2023-03-01,9202
00772B,中信高評級公司債,11,0,11,凱基-中港,2023-03-01,9202
3017,奇鋐,22,11,11,凱基-中港,2023-03-01,9202
00712,復華富時不動產,185,10,175,凱基-中港,2023-03-02,9202
8070,長華*,162,1,161,凱基-中港,2023-03-02,9202
00637L,元大滬深300正2,165,14,151,凱基-中港,2023-03-02,9202
00885,富邦越南,131,2,129,凱基-中港,2023-03-02,9202
2834,臺企銀,117,14,103,凱基-中港,2023-03-02,9202
00897,富邦基因免疫生技,100,0,100,凱基-中港,2023-03-02,9202
00878,國泰永續高股息,96,9,87,凱基-中港,2023-03-02,9202
2890,永豐金,81,0,81,凱基-中港,2023-03-02,9202
00720B,元大投資級公司債,56,0,56,凱基-中港,2023-03-02,9202
00632R,元大台灣50反1,36,0,36,凱基-中港,2023-03-02,9202
1101,台泥,46,13,33,凱基-中港,2023-03-02,9202
5315,光聯,38,9,29,凱基-中港,2023-03-02,9202
00715L,期街口布蘭特正2,43,14,29,凱基-中港,2023-03-02,9202
00713,元大台灣高息低波,26,0,26,凱基-中港,2023-03-02,9202
2812,台中銀,26,1,25,凱基-中港,2023-03-02,9202
2884,玉山金,24,0,24,凱基-中港,2023-03-02,9202
00772B,中信高評級公司債,22,0,22,凱基-中港,2023-03-02,9202
2002,中鋼,28,6,22,凱基-中港,2023-03-02,9202
8478,東哥遊艇,21,0,21,凱基-中港,2023-03-02,9202
1513,中興電,33,13,20,凱基-中港,2023-03-02,9202
4173,久裕,20,0,20,凱基-中港,2023-03-02,9202
6165,浪凡,20,0,20,凱基-中港,2023-03-02,9202
2359,所羅門,37,17,20,凱基-中港,2023-03-02,9202
3221,台嘉碩,20,0,20,凱基-中港,2023-03-02,9202
1103,嘉泥,20,0,20,凱基-中港,2023-03-02,9202
2103,台橡,19,0,19,凱基-中港,2023-03-02,9202
8936,國統,21,3,18,凱基-中港,2023-03-02,9202
1503,士電,20,3,17,凱基-中港,2023-03-02,9202
2402,毅嘉,17,0,17,凱基-中港,2023-03-02,9202
6531,愛普*,19,3,16,凱基-中港,2023-03-02,9202
8033,雷虎,26,10,16,凱基-中港,2023-03-02,9202
3037,欣興,37,22,15,凱基-中港,2023-03-02,9202
00725B,國泰投資級公司債,15,0,15,凱基-中港,2023-03-02,9202
3481,群創,39,24,15,凱基-中港,2023-03-02,9202
4909,新復興,15,0,15,凱基-中港,2023-03-02,9202
2610,華航,24,9,15,凱基-中港,2023-03-02,9202
5452,佶優,17,3,14,凱基-中港,2023-03-02,9202
2881,富邦金,15,2,13,凱基-中港,2023-03-02,9202
2409,友達,26,13,13,凱基-中港,2023-03-02,9202
2371,大同,13,0,13,凱基-中港,2023-03-02,9202
4167,松瑞藥,13,0,13,凱基-中港,2023-03-02,9202
1464,得力,15,2,13,凱基-中港,2023-03-02,9202
4726,永昕,15,2,13,凱基-中港,2023-03-02,9202
3682,亞太電,13,0,13,凱基-中港,2023-03-02,9202
4541,晟田,23,11,12,凱基-中港,2023-03-02,9202
1752,南光,33,21,12,凱基-中港,2023-03-02,9202
00670L,富邦NASDAQ正2,11,0,11,凱基-中港,2023-03-02,9202
1904,正隆,11,0,11,凱基-中港,2023-03-02,9202
2886,兆豐金,10,0,10,凱基-中港,2023-03-02,9202
3305,昇貿,10,0,10,凱基-中港,2023-03-02,9202
00632R,元大台灣50反1,149,3,146,凱基-中港,2023-03-03,9202
0056,元大高股息,99,9,90,凱基-中港,2023-03-03,9202
3416,融程電,120,31,89,凱基-中港,2023-03-03,9202
00751B,元大AAA至A公司債,61,0,61,凱基-中港,2023-03-03,9202
4977,眾達-KY,52,2,50,凱基-中港,2023-03-03,9202
2834,臺企銀,53,6,47,凱基-中港,2023-03-03,9202
1536,和大,41,0,41,凱基-中港,2023-03-03,9202
1722,台肥,40,0,40,凱基-中港,2023-03-03,9202
00665L,富邦�琤肭磪囓�2,37,0,37,凱基-中港,2023-03-03,9202
3346,麗清,37,1,36,凱基-中港,2023-03-03,9202
00878,國泰永續高股息,51,16,35,凱基-中港,2023-03-03,9202
3147,大綜,33,0,33,凱基-中港,2023-03-03,9202
5608,四維航,43,12,31,凱基-中港,2023-03-03,9202
5607,遠雄港,29,0,29,凱基-中港,2023-03-03,9202
00712,復華富時不動產,48,20,28,凱基-中港,2023-03-03,9202
2812,台中銀,27,0,27,凱基-中港,2023-03-03,9202
2419,仲琦,51,25,26,凱基-中港,2023-03-03,9202
1219,福壽,32,6,26,凱基-中港,2023-03-03,9202
2890,永豐金,25,0,25,凱基-中港,2023-03-03,9202
6235,華孚,227,203,24,凱基-中港,2023-03-03,9202
4961,天鈺,37,14,23,凱基-中港,2023-03-03,9202
2002,中鋼,22,0,22,凱基-中港,2023-03-03,9202
8932,智通*,22,0,22,凱基-中港,2023-03-03,9202
5315,光聯,27,5,22,凱基-中港,2023-03-03,9202
4167,松瑞藥,22,0,22,凱基-中港,2023-03-03,9202
1605,華新,47,26,21,凱基-中港,2023-03-03,9202
2845,遠東銀,21,0,21,凱基-中港,2023-03-03,9202
1432,大魯閣,20,1,19,凱基-中港,2023-03-03,9202
3380,明泰,61,42,19,凱基-中港,2023-03-03,9202
2103,台橡,23,5,18,凱基-中港,2023-03-03,9202
6248,沛波,32,15,17,凱基-中港,2023-03-03,9202
00679B,元大美債20年,16,0,16,凱基-中港,2023-03-03,9202
2891,中信金,16,0,16,凱基-中港,2023-03-03,9202
2471,資通,18,2,16,凱基-中港,2023-03-03,9202
3356,奇偶,17,1,16,凱基-中港,2023-03-03,9202
2332,友訊,33,19,14,凱基-中港,2023-03-03,9202
8171,天宇,25,12,13,凱基-中港,2023-03-03,9202
5009,榮剛,13,0,13,凱基-中港,2023-03-03,9202
6531,愛普*,23,10,13,凱基-中港,2023-03-03,9202
6278,台表科,12,0,12,凱基-中港,2023-03-03,9202
2641,正德,17,5,12,凱基-中港,2023-03-03,9202
5410,國眾,19,7,12,凱基-中港,2023-03-03,9202
6112,邁達特,14,2,12,凱基-中港,2023-03-03,9202
1742,台蠟,11,0,11,凱基-中港,2023-03-03,9202
00907,永豐優息存股,11,0,11,凱基-中港,2023-03-03,9202
2108,南帝,11,0,11,凱基-中港,2023-03-03,9202
2327,國巨,11,0,11,凱基-中港,2023-03-03,9202
1810,和成,11,0,11,凱基-中港,2023-03-03,9202
00772B,中信高評級公司債,10,0,10,凱基-中港,2023-03-03,9202
6751,智聯服務,10,0,10,凱基-中港,2023-03-03,9202
6282,康舒,205,43,162,凱基-中港,2023-03-06,9202
2884,玉山金,122,14,108,凱基-中港,2023-03-06,9202
00632R,元大台灣50反1,281,208,73,凱基-中港,2023-03-06,9202
5452,佶優,60,0,60,凱基-中港,2023-03-06,9202
1810,和成,60,1,59,凱基-中港,2023-03-06,9202
00673R,期元大S＆P原油反1,49,0,49,凱基-中港,2023-03-06,9202
5315,光聯,40,0,40,凱基-中港,2023-03-06,9202
2890,永豐金,40,7,33,凱基-中港,2023-03-06,9202
2609,陽明,93,61,32,凱基-中港,2023-03-06,9202
4536,拓凱,31,0,31,凱基-中港,2023-03-06,9202
3088,艾訊,30,0,30,凱基-中港,2023-03-06,9202
2323,中環,30,0,30,凱基-中港,2023-03-06,9202
1519,華城,50,20,30,凱基-中港,2023-03-06,9202
2476,鉅祥,27,0,27,凱基-中港,2023-03-06,9202
3147,大綜,51,25,26,凱基-中港,2023-03-06,9202
3711,日月光投控,30,5,25,凱基-中港,2023-03-06,9202
2498,宏達電,44,21,23,凱基-中港,2023-03-06,9202
2332,友訊,51,28,23,凱基-中港,2023-03-06,9202
00713,元大台灣高息低波,24,2,22,凱基-中港,2023-03-06,9202
2374,佳能,25,4,21,凱基-中港,2023-03-06,9202
6147,頎邦,20,0,20,凱基-中港,2023-03-06,9202
1536,和大,23,3,20,凱基-中港,2023-03-06,9202
3492,長盛,20,0,20,凱基-中港,2023-03-06,9202
6142,友勁,20,0,20,凱基-中港,2023-03-06,9202
3356,奇偶,148,128,20,凱基-中港,2023-03-06,9202
8932,智通*,19,0,19,凱基-中港,2023-03-06,9202
2888,新光金,28,10,18,凱基-中港,2023-03-06,9202
5381,合正,18,0,18,凱基-中港,2023-03-06,9202
2615,萬海,21,3,18,凱基-中港,2023-03-06,9202
5607,遠雄港,22,5,17,凱基-中港,2023-03-06,9202
2344,華邦電,41,25,16,凱基-中港,2023-03-06,9202
1605,華新,72,56,16,凱基-中港,2023-03-06,9202
2388,威盛,18,4,14,凱基-中港,2023-03-06,9202
00885,富邦越南,13,0,13,凱基-中港,2023-03-06,9202
4919,新唐,31,18,13,凱基-中港,2023-03-06,9202
2419,仲琦,17,4,13,凱基-中港,2023-03-06,9202
1217,愛之味,12,0,12,凱基-中港,2023-03-06,9202
3003,健和興,12,0,12,凱基-中港,2023-03-06,9202
5608,四維航,17,5,12,凱基-中港,2023-03-06,9202
2484,希華,11,0,11,凱基-中港,2023-03-06,9202
4915,致伸,14,3,11,凱基-中港,2023-03-06,9202
6605,帝寶,11,0,11,凱基-中港,2023-03-06,9202
8927,北基,11,0,11,凱基-中港,2023-03-06,9202
6188,廣明,16,5,11,凱基-中港,2023-03-06,9202
2497,怡利電,12,1,11,凱基-中港,2023-03-06,9202
1460,宏遠,11,0,11,凱基-中港,2023-03-06,9202
4953,緯軟,17,6,11,凱基-中港,2023-03-06,9202
2329,華泰,11,0,11,凱基-中港,2023-03-06,9202
4747,強生,11,0,11,凱基-中港,2023-03-06,9202
2492,華新科,15,4,11,凱基-中港,2023-03-06,9202
3481,群創,142,7,135,凱基-中港,2023-03-07,9202
00885,富邦越南,120,10,110,凱基-中港,2023-03-07,9202
2884,玉山金,126,18,108,凱基-中港,2023-03-07,9202
2402,毅嘉,70,3,67,凱基-中港,2023-03-07,9202
4915,致伸,86,23,63,凱基-中港,2023-03-07,9202
1810,和成,85,25,60,凱基-中港,2023-03-07,9202
00673R,期元大S＆P原油反1,52,0,52,凱基-中港,2023-03-07,9202
1710,東聯,52,2,50,凱基-中港,2023-03-07,9202
00897,富邦基因免疫生技,50,0,50,凱基-中港,2023-03-07,9202
2883B,凱基金乙特,40,0,40,凱基-中港,2023-03-07,9202
2103,台橡,40,0,40,凱基-中港,2023-03-07,9202
2344,華邦電,42,3,39,凱基-中港,2023-03-07,9202
3019,亞光,64,28,36,凱基-中港,2023-03-07,9202
6235,華孚,94,59,35,凱基-中港,2023-03-07,9202
6116,彩晶,34,0,34,凱基-中港,2023-03-07,9202
2332,友訊,52,20,32,凱基-中港,2023-03-07,9202
2482,連宇,117,87,30,凱基-中港,2023-03-07,9202
3362,先進光,72,46,26,凱基-中港,2023-03-07,9202
5315,光聯,25,0,25,凱基-中港,2023-03-07,9202
2890,永豐金,29,4,25,凱基-中港,2023-03-07,9202
1503,士電,38,14,24,凱基-中港,2023-03-07,9202
6494,九齊,22,0,22,凱基-中港,2023-03-07,9202
6531,愛普*,22,1,21,凱基-中港,2023-03-07,9202
3492,長盛,20,0,20,凱基-中港,2023-03-07,9202
2534,宏盛,21,1,20,凱基-中港,2023-03-07,9202
6165,浪凡,20,0,20,凱基-中港,2023-03-07,9202
4157,太景*-KY,20,0,20,凱基-中港,2023-03-07,9202
8440,綠電,19,0,19,凱基-中港,2023-03-07,9202
3037,欣興,22,4,18,凱基-中港,2023-03-07,9202
4163,鐿鈦,17,0,17,凱基-中港,2023-03-07,9202
3272,東碩,20,3,17,凱基-中港,2023-03-07,9202
1701,中化,20,3,17,凱基-中港,2023-03-07,9202
5381,合正,16,0,16,凱基-中港,2023-03-07,9202
3711,日月光投控,21,6,15,凱基-中港,2023-03-07,9202
00632R,元大台灣50反1,39,24,15,凱基-中港,2023-03-07,9202
8150,南茂,15,0,15,凱基-中港,2023-03-07,9202
8450,霹靂,14,0,14,凱基-中港,2023-03-07,9202
6550,北極星藥業-KY,14,0,14,凱基-中港,2023-03-07,9202
4979,華星光,28,14,14,凱基-中港,2023-03-07,9202
6285,啟��,26,13,13,凱基-中港,2023-03-07,9202
3162,精確,13,0,13,凱基-中港,2023-03-07,9202
4968,立積,13,0,13,凱基-中港,2023-03-07,9202
2618,長榮航,36,23,13,凱基-中港,2023-03-07,9202
2027,大成鋼,20,8,12,凱基-中港,2023-03-07,9202
2637,慧洋-KY,13,1,12,凱基-中港,2023-03-07,9202
00751B,元大AAA至A公司債,12,0,12,凱基-中港,2023-03-07,9202
2353,宏��,12,0,12,凱基-中港,2023-03-07,9202
6290,良維,16,4,12,凱基-中港,2023-03-07,9202
1301,台塑,11,0,11,凱基-中港,2023-03-07,9202
1760,寶齡富錦,21,10,11,凱基-中港,2023-03-07,9202
6235,華孚,389,40,349,凱基-中港,2023-03-08,9202
8070,長華*,230,18,212,凱基-中港,2023-03-08,9202
2884,玉山金,178,2,176,凱基-中港,2023-03-08,9202
00885,富邦越南,113,0,113,凱基-中港,2023-03-08,9202
2419,仲琦,114,14,100,凱基-中港,2023-03-08,9202
00712,復華富時不動產,123,30,93,凱基-中港,2023-03-08,9202
2449,京元電子,81,12,69,凱基-中港,2023-03-08,9202
6443,元晶,75,10,65,凱基-中港,2023-03-08,9202
00696B,富邦美債20年,60,0,60,凱基-中港,2023-03-08,9202
1513,中興電,68,10,58,凱基-中港,2023-03-08,9202
2886,兆豐金,55,0,55,凱基-中港,2023-03-08,9202
3037,欣興,54,4,50,凱基-中港,2023-03-08,9202
2371,大同,42,2,40,凱基-中港,2023-03-08,9202
5285,界霖,35,1,34,凱基-中港,2023-03-08,9202
2337,旺宏,36,2,34,凱基-中港,2023-03-08,9202
3702,大聯大,30,0,30,凱基-中港,2023-03-08,9202
2883,凱基金,43,13,30,凱基-中港,2023-03-08,9202
6282,康舒,259,231,28,凱基-中港,2023-03-08,9202
00637L,元大滬深300正2,129,102,27,凱基-中港,2023-03-08,9202
2359,所羅門,47,21,26,凱基-中港,2023-03-08,9202
2454,聯發科,33,8,25,凱基-中港,2023-03-08,9202
00878,國泰永續高股息,38,15,23,凱基-中港,2023-03-08,9202
6244,茂迪,21,0,21,凱基-中港,2023-03-08,9202
2883B,凱基金乙特,20,0,20,凱基-中港,2023-03-08,9202
3362,先進光,82,63,19,凱基-中港,2023-03-08,9202
1524,耿鼎,23,4,19,凱基-中港,2023-03-08,9202
3227,原相,24,5,19,凱基-中港,2023-03-08,9202
00713,元大台灣高息低波,18,1,17,凱基-中港,2023-03-08,9202
1314,中石化,20,3,17,凱基-中港,2023-03-08,9202
00902,中信電池及儲能,18,1,17,凱基-中港,2023-03-08,9202
1709,和益,33,17,16,凱基-中港,2023-03-08,9202
8936,國統,16,0,16,凱基-中港,2023-03-08,9202
2484,希華,17,1,16,凱基-中港,2023-03-08,9202
1712,興農,27,11,16,凱基-中港,2023-03-08,9202
6111,大宇資,16,0,16,凱基-中港,2023-03-08,9202
2301,光寶科,16,0,16,凱基-中港,2023-03-08,9202
4736,泰博,17,2,15,凱基-中港,2023-03-08,9202
3022,威強電,17,2,15,凱基-中港,2023-03-08,9202
8033,雷虎,18,3,15,凱基-中港,2023-03-08,9202
2498,宏達電,22,8,14,凱基-中港,2023-03-08,9202
4760,勤凱,14,0,14,凱基-中港,2023-03-08,9202
2420,新巨,14,0,14,凱基-中港,2023-03-08,9202
8299,群聯,15,1,14,凱基-中港,2023-03-08,9202
3042,晶技,14,0,14,凱基-中港,2023-03-08,9202
8933,愛地雅,13,0,13,凱基-中港,2023-03-08,9202
2201,裕隆,12,0,12,凱基-中港,2023-03-08,9202
1503,士電,27,15,12,凱基-中港,2023-03-08,9202
1460,宏遠,12,0,12,凱基-中港,2023-03-08,9202
00753L,中信中國50正2,37,25,12,凱基-中港,2023-03-08,9202
2834,臺企銀,13,2,11,凱基-中港,2023-03-08,9202
2002,中鋼,1823,0,1823,凱基-中港,2023-03-09,9202
3481,群創,326,121,205,凱基-中港,2023-03-09,9202
1504,東元,212,20,192,凱基-中港,2023-03-09,9202
00712,復華富時不動產,177,2,175,凱基-中港,2023-03-09,9202
2884,玉山金,141,5,136,凱基-中港,2023-03-09,9202
2609,陽明,165,59,106,凱基-中港,2023-03-09,9202
2303,聯電,108,30,78,凱基-中港,2023-03-09,9202
3264,欣銓,76,2,74,凱基-中港,2023-03-09,9202
2317,鴻海,65,9,56,凱基-中港,2023-03-09,9202
6142,友勁,55,0,55,凱基-中港,2023-03-09,9202
1101,台泥,56,2,54,凱基-中港,2023-03-09,9202
3013,晟銘電,52,2,50,凱基-中港,2023-03-09,9202
2486,一詮,143,98,45,凱基-中港,2023-03-09,9202
4163,鐿鈦,47,4,43,凱基-中港,2023-03-09,9202
3027,盛達,42,1,41,凱基-中港,2023-03-09,9202
00642U,期元大S＆P石油,40,0,40,凱基-中港,2023-03-09,9202
00637L,元大滬深300正2,38,0,38,凱基-中港,2023-03-09,9202
6129,普誠,50,16,34,凱基-中港,2023-03-09,9202
3362,先進光,84,50,34,凱基-中港,2023-03-09,9202
00673R,期元大S＆P原油反1,43,10,33,凱基-中港,2023-03-09,9202
6443,元晶,33,1,32,凱基-中港,2023-03-09,9202
2890,永豐金,32,0,32,凱基-中港,2023-03-09,9202
3702,大聯大,31,1,30,凱基-中港,2023-03-09,9202
00878,國泰永續高股息,61,32,29,凱基-中港,2023-03-09,9202
8069,元太,37,9,28,凱基-中港,2023-03-09,9202
1626,艾美特-KY,27,0,27,凱基-中港,2023-03-09,9202
8040,九暘,25,0,25,凱基-中港,2023-03-09,9202
6245,立端,26,1,25,凱基-中港,2023-03-09,9202
3712,永崴投控,34,11,23,凱基-中港,2023-03-09,9202
1402,遠東新,23,0,23,凱基-中港,2023-03-09,9202
8933,愛地雅,23,0,23,凱基-中港,2023-03-09,9202
6146,耕興,20,0,20,凱基-中港,2023-03-09,9202
2537,聯上發,20,0,20,凱基-中港,2023-03-09,9202
3594,磐儀,30,10,20,凱基-中港,2023-03-09,9202
1314,中石化,21,1,20,凱基-中港,2023-03-09,9202
1605,華新,44,26,18,凱基-中港,2023-03-09,9202
2374,佳能,19,1,18,凱基-中港,2023-03-09,9202
4977,眾達-KY,29,12,17,凱基-中港,2023-03-09,9202
8070,長華*,57,40,17,凱基-中港,2023-03-09,9202
5230,雷笛克光學,17,0,17,凱基-中港,2023-03-09,9202
4961,天鈺,20,4,16,凱基-中港,2023-03-09,9202
8049,晶采,27,11,16,凱基-中港,2023-03-09,9202
2481,強茂,16,0,16,凱基-中港,2023-03-09,9202
8409,商之器,16,0,16,凱基-中港,2023-03-09,9202
8104,錸寶,15,0,15,凱基-中港,2023-03-09,9202
3029,零壹,27,13,14,凱基-中港,2023-03-09,9202
2888,新光金,14,0,14,凱基-中港,2023-03-09,9202
2023,燁輝,16,2,14,凱基-中港,2023-03-09,9202
1708,東鹼,18,4,14,凱基-中港,2023-03-09,9202
1536,和大,16,2,14,凱基-中港,2023-03-09,9202
2002,中鋼,430,10,420,凱基-中港,2023-03-10,9202
2884,玉山金,157,1,156,凱基-中港,2023-03-10,9202
00878,國泰永續高股息,169,14,155,凱基-中港,2023-03-10,9202
2609,陽明,390,240,150,凱基-中港,2023-03-10,9202
2610,華航,244,120,124,凱基-中港,2023-03-10,9202
8070,長華*,100,0,100,凱基-中港,2023-03-10,9202
00715L,期街口布蘭特正2,95,0,95,凱基-中港,2023-03-10,9202
4142,國光生,99,4,95,凱基-中港,2023-03-10,9202
2890,永豐金,94,1,93,凱基-中港,2023-03-10,9202
2641,正德,111,27,84,凱基-中港,2023-03-10,9202
00712,復華富時不動產,141,60,81,凱基-中港,2023-03-10,9202
00671R,富邦NASDAQ反1,80,0,80,凱基-中港,2023-03-10,9202
00713,元大台灣高息低波,68,1,67,凱基-中港,2023-03-10,9202
00648R,元大S＆P500反1,65,0,65,凱基-中港,2023-03-10,9202
00669R,國泰美國道瓊反1,62,0,62,凱基-中港,2023-03-10,9202
8933,愛地雅,60,1,59,凱基-中港,2023-03-10,9202
2303,聯電,51,5,46,凱基-中港,2023-03-10,9202
4744,皇將,45,0,45,凱基-中港,2023-03-10,9202
2618,長榮航,80,36,44,凱基-中港,2023-03-10,9202
4123,晟德,42,0,42,凱基-中港,2023-03-10,9202
4919,新唐,42,6,36,凱基-中港,2023-03-10,9202
2834,臺企銀,39,3,36,凱基-中港,2023-03-10,9202
00637L,元大滬深300正2,73,40,33,凱基-中港,2023-03-10,9202
1444,力麗,31,0,31,凱基-中港,2023-03-10,9202
6111,大宇資,31,0,31,凱基-中港,2023-03-10,9202
2615,萬海,76,46,30,凱基-中港,2023-03-10,9202
4760,勤凱,29,0,29,凱基-中港,2023-03-10,9202
4503,金雨,28,0,28,凱基-中港,2023-03-10,9202
2812,台中銀,35,8,27,凱基-中港,2023-03-10,9202
3163,波若威,30,3,27,凱基-中港,2023-03-10,9202
2881,富邦金,26,0,26,凱基-中港,2023-03-10,9202
1517,利奇,25,0,25,凱基-中港,2023-03-10,9202
2882,國泰金,29,5,24,凱基-中港,2023-03-10,9202
1101,台泥,33,9,24,凱基-中港,2023-03-10,9202
00923,群益台ESG低碳50,34,10,24,凱基-中港,2023-03-10,9202
2388,威盛,101,77,24,凱基-中港,2023-03-10,9202
2344,華邦電,26,3,23,凱基-中港,2023-03-10,9202
2481,強茂,29,6,23,凱基-中港,2023-03-10,9202
2402,毅嘉,59,36,23,凱基-中港,2023-03-10,9202
00885,富邦越南,23,0,23,凱基-中港,2023-03-10,9202
0050,元大台灣50,23,0,23,凱基-中港,2023-03-10,9202
2888,新光金,68,46,22,凱基-中港,2023-03-10,9202
1326,台化,22,0,22,凱基-中港,2023-03-10,9202
00882,中信中國高股息,20,0,20,凱基-中港,2023-03-10,9202
2891,中信金,20,0,20,凱基-中港,2023-03-10,9202
6142,友勁,20,0,20,凱基-中港,2023-03-10,9202
9945,潤泰新,23,3,20,凱基-中港,2023-03-10,9202
6124,業強,21,1,20,凱基-中港,2023-03-10,9202
8024,佑華,20,0,20,凱基-中港,2023-03-10,9202
8299,群聯,22,2,20,凱基-中港,2023-03-10,9202
00632R,元大台灣50反1,565,81,484,凱基-中港,2023-03-13,9202
00720B,元大投資級公司債,206,21,185,凱基-中港,2023-03-13,9202
00878,國泰永續高股息,155,18,137,凱基-中港,2023-03-13,9202
00712,復華富時不動產,133,4,129,凱基-中港,2023-03-13,9202
2609,陽明,205,112,93,凱基-中港,2023-03-13,9202
2884,玉山金,97,5,92,凱基-中港,2023-03-13,9202
00670L,富邦NASDAQ正2,92,1,91,凱基-中港,2023-03-13,9202
2102,泰豐,70,0,70,凱基-中港,2023-03-13,9202
2892,第一金,66,3,63,凱基-中港,2023-03-13,9202
8933,愛地雅,52,3,49,凱基-中港,2023-03-13,9202
8931,大汽電,46,0,46,凱基-中港,2023-03-13,9202
3481,群創,99,54,45,凱基-中港,2023-03-13,9202
2634,漢翔,52,9,43,凱基-中港,2023-03-13,9202
2419,仲琦,73,40,33,凱基-中港,2023-03-13,9202
2881,富邦金,36,4,32,凱基-中港,2023-03-13,9202
3356,奇偶,30,0,30,凱基-中港,2023-03-13,9202
00713,元大台灣高息低波,29,0,29,凱基-中港,2023-03-13,9202
2734,易飛網,31,2,29,凱基-中港,2023-03-13,9202
2497,怡利電,29,2,27,凱基-中港,2023-03-13,9202
3624,光頡,36,9,27,凱基-中港,2023-03-13,9202
2882,國泰金,28,3,25,凱基-中港,2023-03-13,9202
2201,裕隆,55,31,24,凱基-中港,2023-03-13,9202
00923,群益台ESG低碳50,22,0,22,凱基-中港,2023-03-13,9202
1108,幸福,21,0,21,凱基-中港,2023-03-13,9202
6282,康舒,32,11,21,凱基-中港,2023-03-13,9202
00641R,富邦日本反1,20,0,20,凱基-中港,2023-03-13,9202
2897,王道銀行,20,0,20,凱基-中港,2023-03-13,9202
4744,皇將,20,0,20,凱基-中港,2023-03-13,9202
5309,系統電,22,2,20,凱基-中港,2023-03-13,9202
00895,富邦未來車,20,0,20,凱基-中港,2023-03-13,9202
8222,寶一,21,1,20,凱基-中港,2023-03-13,9202
2891,中信金,19,0,19,凱基-中港,2023-03-13,9202
2357,華碩,19,1,18,凱基-中港,2023-03-13,9202
0050,元大台灣50,20,3,17,凱基-中港,2023-03-13,9202
3701,大眾控,17,0,17,凱基-中港,2023-03-13,9202
00715L,期街口布蘭特正2,17,0,17,凱基-中港,2023-03-13,9202
2402,毅嘉,19,2,17,凱基-中港,2023-03-13,9202
00664R,國泰臺灣加權反1,15,0,15,凱基-中港,2023-03-13,9202
2888,新光金,115,100,15,凱基-中港,2023-03-13,9202
4130,健亞,17,4,13,凱基-中港,2023-03-13,9202
4979,華星光,14,1,13,凱基-中港,2023-03-13,9202
8936,國統,17,4,13,凱基-中港,2023-03-13,9202
6443,元晶,12,0,12,凱基-中港,2023-03-13,9202
6605,帝寶,12,0,12,凱基-中港,2023-03-13,9202
8043,蜜望實,12,0,12,凱基-中港,2023-03-13,9202
6192,巨路,12,0,12,凱基-中港,2023-03-13,9202
2495,普安,13,1,12,凱基-中港,2023-03-13,9202
4760,勤凱,12,0,12,凱基-中港,2023-03-13,9202
3236,千如,12,0,12,凱基-中港,2023-03-13,9202
3710,連展投控,12,0,12,凱基-中港,2023-03-13,9202
00878,國泰永續高股息,260,65,195,凱基-中港,2023-03-14,9202
6235,華孚,269,118,151,凱基-中港,2023-03-14,9202
3481,群創,158,7,151,凱基-中港,2023-03-14,9202
00885,富邦越南,141,9,132,凱基-中港,2023-03-14,9202
2884,玉山金,126,20,106,凱基-中港,2023-03-14,9202
2610,華航,159,53,106,凱基-中港,2023-03-14,9202
2618,長榮航,110,10,100,凱基-中港,2023-03-14,9202
6282,康舒,110,14,96,凱基-中港,2023-03-14,9202
00712,復華富時不動產,93,0,93,凱基-中港,2023-03-14,9202
2834,臺企銀,87,12,75,凱基-中港,2023-03-14,9202
2303,聯電,62,2,60,凱基-中港,2023-03-14,9202
2891,中信金,62,9,53,凱基-中港,2023-03-14,9202
1312,國喬,50,0,50,凱基-中港,2023-03-14,9202
1444,力麗,50,1,49,凱基-中港,2023-03-14,9202
00713,元大台灣高息低波,44,0,44,凱基-中港,2023-03-14,9202
00637L,元大滬深300正2,115,72,43,凱基-中港,2023-03-14,9202
1316,上曜,34,0,34,凱基-中港,2023-03-14,9202
2367,燿華,35,1,34,凱基-中港,2023-03-14,9202
2734,易飛網,32,0,32,凱基-中港,2023-03-14,9202
6244,茂迪,57,26,31,凱基-中港,2023-03-14,9202
3024,憶聲,30,0,30,凱基-中港,2023-03-14,9202
2102,泰豐,30,0,30,凱基-中港,2023-03-14,9202
2460,建通,29,0,29,凱基-中港,2023-03-14,9202
00715L,期街口布蘭特正2,37,10,27,凱基-中港,2023-03-14,9202
2609,陽明,182,155,27,凱基-中港,2023-03-14,9202
1785,光洋科,28,2,26,凱基-中港,2023-03-14,9202
2615,萬海,273,248,25,凱基-中港,2023-03-14,9202
2883,凱基金,40,18,22,凱基-中港,2023-03-14,9202
00893,國泰智能電動車,22,0,22,凱基-中港,2023-03-14,9202
2409,友達,43,22,21,凱基-中港,2023-03-14,9202
2890,永豐金,26,5,21,凱基-中港,2023-03-14,9202
2025,千興,20,0,20,凱基-中港,2023-03-14,9202
2233,宇隆,20,0,20,凱基-中港,2023-03-14,9202
6165,浪凡,20,0,20,凱基-中港,2023-03-14,9202
2038,海光,30,10,20,凱基-中港,2023-03-14,9202
6128,上福,20,0,20,凱基-中港,2023-03-14,9202
4763,材料-KY,20,1,19,凱基-中港,2023-03-14,9202
0050,元大台灣50,19,0,19,凱基-中港,2023-03-14,9202
1513,中興電,51,33,18,凱基-中港,2023-03-14,9202
3147,大綜,18,0,18,凱基-中港,2023-03-14,9202
2476,鉅祥,16,0,16,凱基-中港,2023-03-14,9202
00882,中信中國高股息,18,3,15,凱基-中港,2023-03-14,9202
3704,合勤控,15,0,15,凱基-中港,2023-03-14,9202
2402,毅嘉,19,5,14,凱基-中港,2023-03-14,9202
4503,金雨,14,0,14,凱基-中港,2023-03-14,9202
5880,合庫金,13,0,13,凱基-中港,2023-03-14,9202
1605,華新,20,7,13,凱基-中港,2023-03-14,9202
8299,群聯,14,1,13,凱基-中港,2023-03-14,9202
6770,力積電,17,5,12,凱基-中港,2023-03-14,9202
2603,長榮,81,70,11,凱基-中港,2023-03-14,9202
2002,中鋼,185,1,184,凱基-中港,2023-03-15,9202
2603,長榮,418,299,119,凱基-中港,2023-03-15,9202
2883,凱基金,121,6,115,凱基-中港,2023-03-15,9202
2884,玉山金,134,22,112,凱基-中港,2023-03-15,9202
00720B,元大投資級公司債,92,0,92,凱基-中港,2023-03-15,9202
6116,彩晶,90,0,90,凱基-中港,2023-03-15,9202
00878,國泰永續高股息,84,3,81,凱基-中港,2023-03-15,9202
2409,友達,92,17,75,凱基-中港,2023-03-15,9202
2891,中信金,73,0,73,凱基-中港,2023-03-15,9202
1709,和益,70,0,70,凱基-中港,2023-03-15,9202
2609,陽明,120,56,64,凱基-中港,2023-03-15,9202
5425,台半,86,24,62,凱基-中港,2023-03-15,9202
4541,晟田,57,0,57,凱基-中港,2023-03-15,9202
2201,裕隆,60,6,54,凱基-中港,2023-03-15,9202
1712,興農,61,14,47,凱基-中港,2023-03-15,9202
2881,富邦金,46,0,46,凱基-中港,2023-03-15,9202
00715L,期街口布蘭特正2,45,5,40,凱基-中港,2023-03-15,9202
6125,廣運,67,30,37,凱基-中港,2023-03-15,9202
2610,華航,73,41,32,凱基-中港,2023-03-15,9202
00713,元大台灣高息低波,30,0,30,凱基-中港,2023-03-15,9202
2734,易飛網,28,0,28,凱基-中港,2023-03-15,9202
2880,華南金,26,0,26,凱基-中港,2023-03-15,9202
2615,萬海,270,245,25,凱基-中港,2023-03-15,9202
2890,永豐金,23,0,23,凱基-中港,2023-03-15,9202
2882,國泰金,23,0,23,凱基-中港,2023-03-15,9202
1218,泰山,22,0,22,凱基-中港,2023-03-15,9202
2332,友訊,20,0,20,凱基-中港,2023-03-15,9202
1444,力麗,20,0,20,凱基-中港,2023-03-15,9202
2520,冠德,20,0,20,凱基-中港,2023-03-15,9202
2329,華泰,20,0,20,凱基-中港,2023-03-15,9202
2892,第一金,20,1,19,凱基-中港,2023-03-15,9202
8112,至上,20,1,19,凱基-中港,2023-03-15,9202
2542,興富發,18,0,18,凱基-中港,2023-03-15,9202
2614,東森,19,1,18,凱基-中港,2023-03-15,9202
00642U,期元大S＆P石油,20,2,18,凱基-中港,2023-03-15,9202
2027,大成鋼,22,4,18,凱基-中港,2023-03-15,9202
4953,緯軟,16,0,16,凱基-中港,2023-03-15,9202
8415,大國鋼,15,0,15,凱基-中港,2023-03-15,9202
3209,全科,19,5,14,凱基-中港,2023-03-15,9202
2889,國票金,16,3,13,凱基-中港,2023-03-15,9202
2353,宏��,14,1,13,凱基-中港,2023-03-15,9202
5880,合庫金,13,0,13,凱基-中港,2023-03-15,9202
00680L,元大美債20正2,14,2,12,凱基-中港,2023-03-15,9202
8222,寶一,16,4,12,凱基-中港,2023-03-15,9202
3594,磐儀,12,0,12,凱基-中港,2023-03-15,9202
3682,亞太電,12,0,12,凱基-中港,2023-03-15,9202
1319,東陽,13,1,12,凱基-中港,2023-03-15,9202
5258,虹堡,24,12,12,凱基-中港,2023-03-15,9202
8105,凌巨,15,3,12,凱基-中港,2023-03-15,9202
4744,皇將,12,0,12,凱基-中港,2023-03-15,9202
00676R,富邦臺灣加權反1,300,0,300,凱基-中港,2023-03-16,9202
2834,臺企銀,262,36,226,凱基-中港,2023-03-16,9202
3056,富華新,283,119,164,凱基-中港,2023-03-16,9202
2002,中鋼,160,2,158,凱基-中港,2023-03-16,9202
2884,玉山金,206,50,156,凱基-中港,2023-03-16,9202
00664R,國泰臺灣加權反1,160,7,153,凱基-中港,2023-03-16,9202
00686R,群益臺灣加權反1,150,0,150,凱基-中港,2023-03-16,9202
1218,泰山,124,1,123,凱基-中港,2023-03-16,9202
1444,力麗,118,0,118,凱基-中港,2023-03-16,9202
00715L,期街口布蘭特正2,112,0,112,凱基-中港,2023-03-16,9202
4541,晟田,90,0,90,凱基-中港,2023-03-16,9202
2890,永豐金,81,0,81,凱基-中港,2023-03-16,9202
2609,陽明,159,81,78,凱基-中港,2023-03-16,9202
1709,和益,77,0,77,凱基-中港,2023-03-16,9202
00878,國泰永續高股息,120,58,62,凱基-中港,2023-03-16,9202
2610,華航,70,13,57,凱基-中港,2023-03-16,9202
2603,長榮,99,43,56,凱基-中港,2023-03-16,9202
6283,淳安,49,0,49,凱基-中港,2023-03-16,9202
3703,欣陸,51,10,41,凱基-中港,2023-03-16,9202
2851,中再保,41,1,40,凱基-中港,2023-03-16,9202
2882,國泰金,59,24,35,凱基-中港,2023-03-16,9202
2881,富邦金,42,7,35,凱基-中港,2023-03-16,9202
0050,元大台灣50,36,3,33,凱基-中港,2023-03-16,9202
1432,大魯閣,34,3,31,凱基-中港,2023-03-16,9202
6257,矽格,30,0,30,凱基-中港,2023-03-16,9202
5443,均豪,30,0,30,凱基-中港,2023-03-16,9202
2367,燿華,30,1,29,凱基-中港,2023-03-16,9202
3419,譁裕,30,1,29,凱基-中港,2023-03-16,9202
00713,元大台灣高息低波,30,2,28,凱基-中港,2023-03-16,9202
00671R,富邦NASDAQ反1,28,0,28,凱基-中港,2023-03-16,9202
2886,兆豐金,27,1,26,凱基-中港,2023-03-16,9202
2108,南帝,34,9,25,凱基-中港,2023-03-16,9202
2359,所羅門,27,3,24,凱基-中港,2023-03-16,9202
1712,興農,27,5,22,凱基-中港,2023-03-16,9202
2867,三商壽,24,3,21,凱基-中港,2023-03-16,9202
5604,中連,21,0,21,凱基-中港,2023-03-16,9202
2349,錸德,21,0,21,凱基-中港,2023-03-16,9202
2302,麗正,39,19,20,凱基-中港,2023-03-16,9202
1475,業旺,20,0,20,凱基-中港,2023-03-16,9202
9105,泰金寶-DR,20,0,20,凱基-中港,2023-03-16,9202
2303,聯電,35,16,19,凱基-中港,2023-03-16,9202
2618,長榮航,40,22,18,凱基-中港,2023-03-16,9202
2027,大成鋼,25,7,18,凱基-中港,2023-03-16,9202
7402,邑錡,18,0,18,凱基-中港,2023-03-16,9202
2734,易飛網,18,0,18,凱基-中港,2023-03-16,9202
2069,運錩,17,0,17,凱基-中港,2023-03-16,9202
6441,廣錠,17,0,17,凱基-中港,2023-03-16,9202
8933,愛地雅,16,0,16,凱基-中港,2023-03-16,9202
3027,盛達,16,0,16,凱基-中港,2023-03-16,9202
2634,漢翔,19,3,16,凱基-中港,2023-03-16,9202
2834,臺企銀,267,14,253,凱基-中港,2023-03-17,9202
00632R,元大台灣50反1,184,24,160,凱基-中港,2023-03-17,9202
2897,王道銀行,160,0,160,凱基-中港,2023-03-17,9202
2884,玉山金,132,31,101,凱基-中港,2023-03-17,9202
6235,華孚,121,22,99,凱基-中港,2023-03-17,9202
8070,長華*,104,7,97,凱基-中港,2023-03-17,9202
1519,華城,88,4,84,凱基-中港,2023-03-17,9202
00715L,期街口布蘭特正2,80,0,80,凱基-中港,2023-03-17,9202
6116,彩晶,81,2,79,凱基-中港,2023-03-17,9202
2457,飛宏,131,70,61,凱基-中港,2023-03-17,9202
00680L,元大美債20正2,52,0,52,凱基-中港,2023-03-17,9202
2201,裕隆,43,0,43,凱基-中港,2023-03-17,9202
1529,樂事綠能,43,0,43,凱基-中港,2023-03-17,9202
8112,至上,35,0,35,凱基-中港,2023-03-17,9202
2425,承啟,34,0,34,凱基-中港,2023-03-17,9202
2388,威盛,41,7,34,凱基-中港,2023-03-17,9202
00885,富邦越南,33,0,33,凱基-中港,2023-03-17,9202
1312,國喬,50,19,31,凱基-中港,2023-03-17,9202
5483,中美晶,28,1,27,凱基-中港,2023-03-17,9202
3013,晟銘電,25,1,24,凱基-中港,2023-03-17,9202
2408,南亞科,25,3,22,凱基-中港,2023-03-17,9202
00713,元大台灣高息低波,22,1,21,凱基-中港,2023-03-17,9202
00642U,期元大S＆P石油,24,3,21,凱基-中港,2023-03-17,9202
2882,國泰金,22,2,20,凱基-中港,2023-03-17,9202
1445,大宇,20,0,20,凱基-中港,2023-03-17,9202
8358,金居,21,1,20,凱基-中港,2023-03-17,9202
6244,茂迪,131,111,20,凱基-中港,2023-03-17,9202
7402,邑錡,23,4,19,凱基-中港,2023-03-17,9202
6270,倍微,20,1,19,凱基-中港,2023-03-17,9202
2881,富邦金,18,1,17,凱基-中港,2023-03-17,9202
00902,中信電池及儲能,15,0,15,凱基-中港,2023-03-17,9202
1440,南紡,15,0,15,凱基-中港,2023-03-17,9202
3594,磐儀,17,2,15,凱基-中港,2023-03-17,9202
5604,中連,15,0,15,凱基-中港,2023-03-17,9202
1319,東陽,15,0,15,凱基-中港,2023-03-17,9202
8390,金益鼎,20,6,14,凱基-中港,2023-03-17,9202
1524,耿鼎,26,12,14,凱基-中港,2023-03-17,9202
2489,瑞軒,14,0,14,凱基-中港,2023-03-17,9202
3029,零壹,16,2,14,凱基-中港,2023-03-17,9202
8942,森鉅,12,0,12,凱基-中港,2023-03-17,9202
1101,台泥,12,0,12,凱基-中港,2023-03-17,9202
2376,技嘉,13,1,12,凱基-中港,2023-03-17,9202
6128,上福,12,0,12,凱基-中港,2023-03-17,9202
8171,天宇,16,4,12,凱基-中港,2023-03-17,9202
2883,凱基金,17,5,12,凱基-中港,2023-03-17,9202
2603,長榮,16,5,11,凱基-中港,2023-03-17,9202
1701,中化,11,0,11,凱基-中港,2023-03-17,9202
4908,前鼎,10,0,10,凱基-中港,2023-03-17,9202
3236,千如,11,1,10,凱基-中港,2023-03-17,9202
6411,晶焱,10,0,10,凱基-中港,2023-03-17,9202
00885,富邦越南,180,0,180,凱基-中港,2023-03-20,9202
00637L,元大滬深300正2,150,14,136,凱基-中港,2023-03-20,9202
1519,華城,139,23,116,凱基-中港,2023-03-20,9202
00878,國泰永續高股息,60,4,56,凱基-中港,2023-03-20,9202
3481,群創,51,5,46,凱基-中港,2023-03-20,9202
3576,聯合再生,46,1,45,凱基-中港,2023-03-20,9202
00715L,期街口布蘭特正2,54,10,44,凱基-中港,2023-03-20,9202
8033,雷虎,39,8,31,凱基-中港,2023-03-20,9202
6244,茂迪,207,177,30,凱基-中港,2023-03-20,9202
2891,中信金,33,4,29,凱基-中港,2023-03-20,9202
2888,新光金,28,1,27,凱基-中港,2023-03-20,9202
2324,仁寶,34,10,24,凱基-中港,2023-03-20,9202
6517,保勝光學,26,2,24,凱基-中港,2023-03-20,9202
2027,大成鋼,23,0,23,凱基-中港,2023-03-20,9202
1605,華新,28,7,21,凱基-中港,2023-03-20,9202
4916,事欣科,31,10,21,凱基-中港,2023-03-20,9202
5315,光聯,20,0,20,凱基-中港,2023-03-20,9202
8222,寶一,39,19,20,凱基-中港,2023-03-20,9202
3563,牧德,20,0,20,凱基-中港,2023-03-20,9202
5483,中美晶,19,1,18,凱基-中港,2023-03-20,9202
00902,中信電池及儲能,17,0,17,凱基-中港,2023-03-20,9202
2108,南帝,22,5,17,凱基-中港,2023-03-20,9202
2883B,凱基金乙特,15,0,15,凱基-中港,2023-03-20,9202
3707,漢磊,24,10,14,凱基-中港,2023-03-20,9202
2471,資通,71,57,14,凱基-中港,2023-03-20,9202
00688L,國泰20年美債正2,13,0,13,凱基-中港,2023-03-20,9202
1513,中興電,23,10,13,凱基-中港,2023-03-20,9202
2812,台中銀,12,0,12,凱基-中港,2023-03-20,9202
3346,麗清,12,0,12,凱基-中港,2023-03-20,9202
3034,聯詠,14,2,12,凱基-中港,2023-03-20,9202
6213,聯茂,11,0,11,凱基-中港,2023-03-20,9202
2634,漢翔,24,13,11,凱基-中港,2023-03-20,9202
6753,龍德造船,12,1,11,凱基-中港,2023-03-20,9202
2444,兆勁,10,0,10,凱基-中港,2023-03-20,9202
1609,大亞,11,1,10,凱基-中港,2023-03-20,9202
4931,新盛力,10,0,10,凱基-中港,2023-03-20,9202
5465,富驊,10,0,10,凱基-中港,2023-03-20,9202
2881,富邦金,13,3,10,凱基-中港,2023-03-20,9202
6443,元晶,72,62,10,凱基-中港,2023-03-20,9202
00882,中信中國高股息,9,0,9,凱基-中港,2023-03-20,9202
2495,普安,9,0,9,凱基-中港,2023-03-20,9202
2328,廣宇,9,0,9,凱基-中港,2023-03-20,9202
00753L,中信中國50正2,9,0,9,凱基-中港,2023-03-20,9202
2884,玉山金,20,11,9,凱基-中港,2023-03-20,9202
8996,高力,9,1,8,凱基-中港,2023-03-20,9202
8109,博大,9,1,8,凱基-中港,2023-03-20,9202
2455,全新,12,4,8,凱基-中港,2023-03-20,9202
6188,廣明,7,0,7,凱基-中港,2023-03-20,9202
3205,佰研,7,0,7,凱基-中港,2023-03-20,9202
7402,邑錡,8,1,7,凱基-中港,2023-03-20,9202
3029,零壹,126,36,90,凱基-中港,2023-03-21,9202
2609,陽明,82,3,79,凱基-中港,2023-03-21,9202
3027,盛達,86,14,72,凱基-中港,2023-03-21,9202
00670L,富邦NASDAQ正2,62,0,62,凱基-中港,2023-03-21,9202
2890,永豐金,57,3,54,凱基-中港,2023-03-21,9202
2867,三商壽,52,0,52,凱基-中港,2023-03-21,9202
1513,中興電,50,9,41,凱基-中港,2023-03-21,9202
1718,中纖,41,0,41,凱基-中港,2023-03-21,9202
6282,康舒,42,5,37,凱基-中港,2023-03-21,9202
2453,凌群,143,107,36,凱基-中港,2023-03-21,9202
1584,精剛,39,4,35,凱基-中港,2023-03-21,9202
6235,華孚,48,18,30,凱基-中港,2023-03-21,9202
4934,太極,30,1,29,凱基-中港,2023-03-21,9202
2734,易飛網,29,0,29,凱基-中港,2023-03-21,9202
9942,茂順,24,0,24,凱基-中港,2023-03-21,9202
2884,玉山金,34,10,24,凱基-中港,2023-03-21,9202
2027,大成鋼,27,5,22,凱基-中港,2023-03-21,9202
6531,愛普*,27,5,22,凱基-中港,2023-03-21,9202
3056,富華新,24,4,20,凱基-中港,2023-03-21,9202
3202,樺晟,20,0,20,凱基-中港,2023-03-21,9202
3356,奇偶,22,2,20,凱基-中港,2023-03-21,9202
3013,晟銘電,40,21,19,凱基-中港,2023-03-21,9202
00878,國泰永續高股息,25,6,19,凱基-中港,2023-03-21,9202
1605,華新,29,10,19,凱基-中港,2023-03-21,9202
1504,東元,18,0,18,凱基-中港,2023-03-21,9202
5425,台半,21,4,17,凱基-中港,2023-03-21,9202
2367,燿華,17,0,17,凱基-中港,2023-03-21,9202
3706,神達,17,2,15,凱基-中港,2023-03-21,9202
5450,南良,15,1,14,凱基-中港,2023-03-21,9202
3576,聯合再生,14,0,14,凱基-中港,2023-03-21,9202
3691,碩禾,15,1,14,凱基-中港,2023-03-21,9202
6244,茂迪,58,45,13,凱基-中港,2023-03-21,9202
2103,台橡,12,0,12,凱基-中港,2023-03-21,9202
6163,華電網,207,195,12,凱基-中港,2023-03-21,9202
2314,台揚,12,0,12,凱基-中港,2023-03-21,9202
2353,宏��,13,2,11,凱基-中港,2023-03-21,9202
5512,力麒,11,0,11,凱基-中港,2023-03-21,9202
2108,南帝,11,0,11,凱基-中港,2023-03-21,9202
2603,長榮,31,20,11,凱基-中港,2023-03-21,9202
2615,萬海,31,20,11,凱基-中港,2023-03-21,9202
1101,台泥,10,0,10,凱基-中港,2023-03-21,9202
2379,瑞昱,11,1,10,凱基-中港,2023-03-21,9202
5315,光聯,10,0,10,凱基-中港,2023-03-21,9202
6288,聯嘉,24,14,10,凱基-中港,2023-03-21,9202
2444,兆勁,10,0,10,凱基-中港,2023-03-21,9202
0061,元大寶滬深,10,0,10,凱基-中港,2023-03-21,9202
8040,九暘,10,0,10,凱基-中港,2023-03-21,9202
2406,國碩,13,3,10,凱基-中港,2023-03-21,9202
2399,映泰,25,15,10,凱基-中港,2023-03-21,9202
1591,駿吉-KY,10,0,10,凱基-中港,2023-03-21,9202
00669R,國泰美國道瓊反1,999,0,999,凱基-中港,2023-03-22,9202
1504,東元,510,321,189,凱基-中港,2023-03-22,9202
3050,鈺德,95,0,95,凱基-中港,2023-03-22,9202
2006,東和鋼鐵,88,0,88,凱基-中港,2023-03-22,9202
00670L,富邦NASDAQ正2,65,4,61,凱基-中港,2023-03-22,9202
00680L,元大美債20正2,65,12,53,凱基-中港,2023-03-22,9202
5515,建國,50,0,50,凱基-中港,2023-03-22,9202
1218,泰山,50,1,49,凱基-中港,2023-03-22,9202
4541,晟田,62,13,49,凱基-中港,2023-03-22,9202
2605,新興,47,2,45,凱基-中港,2023-03-22,9202
2884,玉山金,52,9,43,凱基-中港,2023-03-22,9202
3481,群創,100,58,42,凱基-中港,2023-03-22,9202
00637L,元大滬深300正2,72,30,42,凱基-中港,2023-03-22,9202
1434,福懋,40,0,40,凱基-中港,2023-03-22,9202
00897,富邦基因免疫生技,40,0,40,凱基-中港,2023-03-22,9202
1529,樂事綠能,44,6,38,凱基-中港,2023-03-22,9202
00878,國泰永續高股息,54,21,33,凱基-中港,2023-03-22,9202
3209,全科,32,1,31,凱基-中港,2023-03-22,9202
3046,建��,51,24,27,凱基-中港,2023-03-22,9202
00679B,元大美債20年,27,0,27,凱基-中港,2023-03-22,9202
3035,智原,40,15,25,凱基-中港,2023-03-22,9202
6235,華孚,40,15,25,凱基-中港,2023-03-22,9202
3059,華晶科,25,1,24,凱基-中港,2023-03-22,9202
6244,茂迪,29,5,24,凱基-中港,2023-03-22,9202
2302,麗正,153,130,23,凱基-中港,2023-03-22,9202
2882,國泰金,22,1,21,凱基-中港,2023-03-22,9202
6733,博晟生醫,21,0,21,凱基-中港,2023-03-22,9202
8070,長華*,22,1,21,凱基-中港,2023-03-22,9202
2303,聯電,42,22,20,凱基-中港,2023-03-22,9202
4934,太極,20,1,19,凱基-中港,2023-03-22,9202
2107,厚生,18,0,18,凱基-中港,2023-03-22,9202
8049,晶采,20,2,18,凱基-中港,2023-03-22,9202
1513,中興電,24,6,18,凱基-中港,2023-03-22,9202
9955,佳龍,20,2,18,凱基-中港,2023-03-22,9202
6290,良維,30,12,18,凱基-中港,2023-03-22,9202
6116,彩晶,17,0,17,凱基-中港,2023-03-22,9202
00905,FT臺灣Smart,16,0,16,凱基-中港,2023-03-22,9202
00795B,中信美國公債20年,16,0,16,凱基-中港,2023-03-22,9202
2449,京元電子,16,1,15,凱基-中港,2023-03-22,9202
3047,訊舟,15,0,15,凱基-中港,2023-03-22,9202
2634,漢翔,26,11,15,凱基-中港,2023-03-22,9202
00696B,富邦美債20年,15,0,15,凱基-中港,2023-03-22,9202
1514,亞力,15,0,15,凱基-中港,2023-03-22,9202
5371,中光電,14,0,14,凱基-中港,2023-03-22,9202
1101,台泥,13,0,13,凱基-中港,2023-03-22,9202
8033,雷虎,19,6,13,凱基-中港,2023-03-22,9202
8926,台汽電,12,0,12,凱基-中港,2023-03-22,9202
2734,易飛網,12,0,12,凱基-中港,2023-03-22,9202
8121,越峰,12,0,12,凱基-中港,2023-03-22,9202
6185,幃翔,12,0,12,凱基-中港,2023-03-22,9202
00632R,元大台灣50反1,1869,445,1424,凱基-中港,2023-03-23,9202
3481,群創,85,14,71,凱基-中港,2023-03-23,9202
1434,福懋,60,0,60,凱基-中港,2023-03-23,9202
3705,永信,59,0,59,凱基-中港,2023-03-23,9202
00712,復華富時不動產,54,2,52,凱基-中港,2023-03-23,9202
00772B,中信高評級公司債,41,0,41,凱基-中港,2023-03-23,9202
2402,毅嘉,385,349,36,凱基-中港,2023-03-23,9202
2027,大成鋼,35,1,34,凱基-中港,2023-03-23,9202
2637,慧洋-KY,33,0,33,凱基-中港,2023-03-23,9202
00751B,元大AAA至A公司債,31,0,31,凱基-中港,2023-03-23,9202
2413,環科,30,0,30,凱基-中港,2023-03-23,9202
2610,華航,28,0,28,凱基-中港,2023-03-23,9202
2471,資通,46,21,25,凱基-中港,2023-03-23,9202
2460,建通,25,0,25,凱基-中港,2023-03-23,9202
4763,材料-KY,52,27,25,凱基-中港,2023-03-23,9202
6160,欣技,32,8,24,凱基-中港,2023-03-23,9202
3432,台端,35,12,23,凱基-中港,2023-03-23,9202
2486,一詮,25,3,22,凱基-中港,2023-03-23,9202
6477,安集,23,1,22,凱基-中港,2023-03-23,9202
00885,富邦越南,22,0,22,凱基-中港,2023-03-23,9202
8289,泰藝,21,0,21,凱基-中港,2023-03-23,9202
7402,邑錡,33,12,21,凱基-中港,2023-03-23,9202
2006,東和鋼鐵,22,1,21,凱基-中港,2023-03-23,9202
6171,大城地產,19,0,19,凱基-中港,2023-03-23,9202
2014,中鴻,18,0,18,凱基-中港,2023-03-23,9202
1101,台泥,19,2,17,凱基-中港,2023-03-23,9202
1513,中興電,48,31,17,凱基-中港,2023-03-23,9202
3706,神達,19,2,17,凱基-中港,2023-03-23,9202
6443,元晶,26,10,16,凱基-中港,2023-03-23,9202
1524,耿鼎,45,30,15,凱基-中港,2023-03-23,9202
8033,雷虎,23,8,15,凱基-中港,2023-03-23,9202
3702,大聯大,15,0,15,凱基-中港,2023-03-23,9202
6116,彩晶,15,0,15,凱基-中港,2023-03-23,9202
3013,晟銘電,33,18,15,凱基-中港,2023-03-23,9202
2371,大同,14,0,14,凱基-中港,2023-03-23,9202
3290,東浦,16,2,14,凱基-中港,2023-03-23,9202
3652,精聯,29,15,14,凱基-中港,2023-03-23,9202
2457,飛宏,25,11,14,凱基-中港,2023-03-23,9202
3059,華晶科,14,1,13,凱基-中港,2023-03-23,9202
5009,榮剛,17,4,13,凱基-中港,2023-03-23,9202
1453,大將,25,13,12,凱基-中港,2023-03-23,9202
3597,映興,12,0,12,凱基-中港,2023-03-23,9202
2734,易飛網,13,1,12,凱基-中港,2023-03-23,9202
1529,樂事綠能,13,2,11,凱基-中港,2023-03-23,9202
3005,神基,12,1,11,凱基-中港,2023-03-23,9202
2427,三商電,16,5,11,凱基-中港,2023-03-23,9202
6128,上福,12,1,11,凱基-中港,2023-03-23,9202
4906,正文,12,1,11,凱基-中港,2023-03-23,9202
3231,緯創,44,34,10,凱基-中港,2023-03-23,9202
2103,台橡,10,0,10,凱基-中港,2023-03-23,9202
00669R,國泰美國道瓊反1,735,0,735,凱基-中港,2023-03-24,9202
2633,台灣高鐵,244,1,243,凱基-中港,2023-03-24,9202
00712,復華富時不動產,237,10,227,凱基-中港,2023-03-24,9202
1504,東元,141,36,105,凱基-中港,2023-03-24,9202
2610,華航,184,106,78,凱基-中港,2023-03-24,9202
3050,鈺德,75,0,75,凱基-中港,2023-03-24,9202
3484,崧騰,63,0,63,凱基-中港,2023-03-24,9202
2404,漢唐,51,0,51,凱基-中港,2023-03-24,9202
2641,正德,51,0,51,凱基-中港,2023-03-24,9202
6234,高僑,44,0,44,凱基-中港,2023-03-24,9202
2732,六角,25,0,25,凱基-中港,2023-03-24,9202
6235,華孚,44,22,22,凱基-中港,2023-03-24,9202
3454,晶睿,55,34,21,凱基-中港,2023-03-24,9202
3029,零壹,24,3,21,凱基-中港,2023-03-24,9202
3058,立德,22,1,21,凱基-中港,2023-03-24,9202
5425,台半,27,8,19,凱基-中港,2023-03-24,9202
2481,強茂,19,3,16,凱基-中港,2023-03-24,9202
1609,大亞,67,51,16,凱基-中港,2023-03-24,9202
00679B,元大美債20年,16,1,15,凱基-中港,2023-03-24,9202
2888,新光金,18,3,15,凱基-中港,2023-03-24,9202
0056,元大高股息,26,11,15,凱基-中港,2023-03-24,9202
1529,樂事綠能,16,1,15,凱基-中港,2023-03-24,9202
3432,台端,25,10,15,凱基-中港,2023-03-24,9202
8936,國統,16,1,15,凱基-中港,2023-03-24,9202
00903,富邦元宇宙,14,0,14,凱基-中港,2023-03-24,9202
3706,神達,15,1,14,凱基-中港,2023-03-24,9202
4162,智擎,16,2,14,凱基-中港,2023-03-24,9202
00772B,中信高評級公司債,13,0,13,凱基-中港,2023-03-24,9202
2734,易飛網,13,0,13,凱基-中港,2023-03-24,9202
6192,巨路,12,0,12,凱基-中港,2023-03-24,9202
4906,正文,13,1,12,凱基-中港,2023-03-24,9202
1708,東鹼,12,0,12,凱基-中港,2023-03-24,9202
00720B,元大投資級公司債,11,0,11,凱基-中港,2023-03-24,9202
6863,永道-KY,12,1,11,凱基-中港,2023-03-24,9202
2449,京元電子,11,0,11,凱基-中港,2023-03-24,9202
4953,緯軟,16,5,11,凱基-中港,2023-03-24,9202
3441,聯一光,22,11,11,凱基-中港,2023-03-24,9202
1710,東聯,10,0,10,凱基-中港,2023-03-24,9202
3209,全科,11,1,10,凱基-中港,2023-03-24,9202
6109,亞元,98,88,10,凱基-中港,2023-03-24,9202
2347,聯強,11,1,10,凱基-中港,2023-03-24,9202
0061,元大寶滬深,10,0,10,凱基-中港,2023-03-24,9202
2834,臺企銀,11,1,10,凱基-中港,2023-03-24,9202
00650L,復華香港正2,10,0,10,凱基-中港,2023-03-24,9202
1307,三芳,10,0,10,凱基-中港,2023-03-24,9202
6530,創威,10,0,10,凱基-中港,2023-03-24,9202
4702,中美實,23,13,10,凱基-中港,2023-03-24,9202
00875,國泰網路資安,11,1,10,凱基-中港,2023-03-24,9202
5371,中光電,10,0,10,凱基-中港,2023-03-24,9202
6122,擎邦,29,20,9,凱基-中港,2023-03-24,9202
00669R,國泰美國道瓊反1,870,0,870,凱基-中港,2023-03-27,9202
2888,新光金,226,0,226,凱基-中港,2023-03-27,9202
3520,華盈,145,0,145,凱基-中港,2023-03-27,9202
8070,長華*,120,11,109,凱基-中港,2023-03-27,9202
00633L,富邦上証正2,63,0,63,凱基-中港,2023-03-27,9202
00772B,中信高評級公司債,60,0,60,凱基-中港,2023-03-27,9202
3022,威強電,60,4,56,凱基-中港,2023-03-27,9202
00882,中信中國高股息,49,0,49,凱基-中港,2023-03-27,9202
2413,環科,51,10,41,凱基-中港,2023-03-27,9202
2609,陽明,45,7,38,凱基-中港,2023-03-27,9202
2610,華航,39,5,34,凱基-中港,2023-03-27,9202
2419,仲琦,33,1,32,凱基-中港,2023-03-27,9202
1504,東元,108,77,31,凱基-中港,2023-03-27,9202
2408,南亞科,33,2,31,凱基-中港,2023-03-27,9202
1605,華新,48,20,28,凱基-中港,2023-03-27,9202
6443,元晶,30,2,28,凱基-中港,2023-03-27,9202
2421,建準,36,10,26,凱基-中港,2023-03-27,9202
2371,大同,23,1,22,凱基-中港,2023-03-27,9202
2476,鉅祥,26,5,21,凱基-中港,2023-03-27,9202
2105,正新,22,1,21,凱基-中港,2023-03-27,9202
2204,中華,22,1,21,凱基-中港,2023-03-27,9202
2596,綠意,20,0,20,凱基-中港,2023-03-27,9202
1444,力麗,20,0,20,凱基-中港,2023-03-27,9202
6111,大宇資,19,0,19,凱基-中港,2023-03-27,9202
4906,正文,20,1,19,凱基-中港,2023-03-27,9202
2645,長榮航太,20,1,19,凱基-中港,2023-03-27,9202
6804,明係,17,0,17,凱基-中港,2023-03-27,9202
2453,凌群,81,64,17,凱基-中港,2023-03-27,9202
00902,中信電池及儲能,16,0,16,凱基-中港,2023-03-27,9202
2633,台灣高鐵,17,1,16,凱基-中港,2023-03-27,9202
1815,富喬,15,0,15,凱基-中港,2023-03-27,9202
2317,鴻海,19,6,13,凱基-中港,2023-03-27,9202
00720B,元大投資級公司債,13,1,12,凱基-中港,2023-03-27,9202
6485,點序,44,32,12,凱基-中港,2023-03-27,9202
2486,一詮,13,1,12,凱基-中港,2023-03-27,9202
5203,訊連,20,8,12,凱基-中港,2023-03-27,9202
3029,零壹,12,1,11,凱基-中港,2023-03-27,9202
6712,長聖,13,2,11,凱基-中港,2023-03-27,9202
6226,光鼎,17,6,11,凱基-中港,2023-03-27,9202
2313,華通,11,0,11,凱基-中港,2023-03-27,9202
1101,台泥,34,24,10,凱基-中港,2023-03-27,9202
6129,普誠,10,0,10,凱基-中港,2023-03-27,9202
8155,博智,10,0,10,凱基-中港,2023-03-27,9202
6109,亞元,10,0,10,凱基-中港,2023-03-27,9202
1609,大亞,41,31,10,凱基-中港,2023-03-27,9202
4306,炎洲,10,0,10,凱基-中港,2023-03-27,9202
1342,八貫,25,15,10,凱基-中港,2023-03-27,9202
3380,明泰,9,0,9,凱基-中港,2023-03-27,9202
1536,和大,11,2,9,凱基-中港,2023-03-27,9202
6417,韋僑,9,0,9,凱基-中港,2023-03-27,9202
2633,台灣高鐵,117,0,117,凱基-中港,2023-03-28,9202
1605,華新,108,47,61,凱基-中港,2023-03-28,9202
6111,大宇資,59,0,59,凱基-中港,2023-03-28,9202
2890,永豐金,58,1,57,凱基-中港,2023-03-28,9202
4919,新唐,53,5,48,凱基-中港,2023-03-28,9202
00679B,元大美債20年,45,0,45,凱基-中港,2023-03-28,9202
00751B,元大AAA至A公司債,44,0,44,凱基-中港,2023-03-28,9202
3231,緯創,63,21,42,凱基-中港,2023-03-28,9202
5443,均豪,40,0,40,凱基-中港,2023-03-28,9202
00882,中信中國高股息,37,0,37,凱基-中港,2023-03-28,9202
00773B,中信優先金融債,31,0,31,凱基-中港,2023-03-28,9202
6417,韋僑,27,0,27,凱基-中港,2023-03-28,9202
1709,和益,24,0,24,凱基-中港,2023-03-28,9202
00680L,元大美債20正2,24,0,24,凱基-中港,2023-03-28,9202
00720B,元大投資級公司債,23,0,23,凱基-中港,2023-03-28,9202
3029,零壹,21,0,21,凱基-中港,2023-03-28,9202
2637,慧洋-KY,20,0,20,凱基-中港,2023-03-28,9202
2062,橋椿,20,0,20,凱基-中港,2023-03-28,9202
00772B,中信高評級公司債,20,0,20,凱基-中港,2023-03-28,9202
1444,力麗,20,1,19,凱基-中港,2023-03-28,9202
3374,精材,18,0,18,凱基-中港,2023-03-28,9202
5309,系統電,17,0,17,凱基-中港,2023-03-28,9202
2481,強茂,56,40,16,凱基-中港,2023-03-28,9202
3704,合勤控,16,0,16,凱基-中港,2023-03-28,9202
2884,玉山金,21,5,16,凱基-中港,2023-03-28,9202
3652,精聯,22,7,15,凱基-中港,2023-03-28,9202
2883B,凱基金乙特,15,0,15,凱基-中港,2023-03-28,9202
8046,南電,18,4,14,凱基-中港,2023-03-28,9202
7402,邑錡,14,0,14,凱基-中港,2023-03-28,9202
1101,台泥,15,2,13,凱基-中港,2023-03-28,9202
1714,和桐,13,0,13,凱基-中港,2023-03-28,9202
8155,博智,14,2,12,凱基-中港,2023-03-28,9202
2413,環科,12,0,12,凱基-中港,2023-03-28,9202
00891,中信關鍵半導體,12,0,12,凱基-中港,2023-03-28,9202
00650L,復華香港正2,12,0,12,凱基-中港,2023-03-28,9202
3037,欣興,24,12,12,凱基-中港,2023-03-28,9202
6168,宏齊,26,15,11,凱基-中港,2023-03-28,9202
2108,南帝,11,0,11,凱基-中港,2023-03-28,9202
2349,錸德,11,0,11,凱基-中港,2023-03-28,9202
3046,建��,16,5,11,凱基-中港,2023-03-28,9202
0056,元大高股息,11,1,10,凱基-中港,2023-03-28,9202
1304,台聚,10,0,10,凱基-中港,2023-03-28,9202
6508,惠光,10,0,10,凱基-中港,2023-03-28,9202
2392,正崴,10,0,10,凱基-中港,2023-03-28,9202
3209,全科,11,1,10,凱基-中港,2023-03-28,9202
6782,視陽,11,1,10,凱基-中港,2023-03-28,9202
2596,綠意,10,0,10,凱基-中港,2023-03-28,9202
6751,智聯服務,10,0,10,凱基-中港,2023-03-28,9202
1584,精剛,72,62,10,凱基-中港,2023-03-28,9202
2609,陽明,57,48,9,凱基-中港,2023-03-28,9202
1504,東元,499,106,393,凱基-中港,2023-03-29,9202
00632R,元大台灣50反1,366,56,310,凱基-中港,2023-03-29,9202
2610,華航,328,51,277,凱基-中港,2023-03-29,9202
2884,玉山金,87,11,76,凱基-中港,2023-03-29,9202
3290,東浦,51,0,51,凱基-中港,2023-03-29,9202
1416,廣豐,50,0,50,凱基-中港,2023-03-29,9202
2303,聯電,64,31,33,凱基-中港,2023-03-29,9202
2329,華泰,46,13,33,凱基-中港,2023-03-29,9202
6753,龍德造船,41,8,33,凱基-中港,2023-03-29,9202
00680L,元大美債20正2,32,0,32,凱基-中港,2023-03-29,9202
1447,力鵬,30,0,30,凱基-中港,2023-03-29,9202
00720B,元大投資級公司債,29,0,29,凱基-中港,2023-03-29,9202
2603,長榮,26,2,24,凱基-中港,2023-03-29,9202
2461,光群雷,23,1,22,凱基-中港,2023-03-29,9202
2481,強茂,34,13,21,凱基-中港,2023-03-29,9202
3050,鈺德,21,0,21,凱基-中港,2023-03-29,9202
00679B,元大美債20年,19,0,19,凱基-中港,2023-03-29,9202
8033,雷虎,22,3,19,凱基-中港,2023-03-29,9202
2457,飛宏,19,0,19,凱基-中港,2023-03-29,9202
2062,橋椿,16,0,16,凱基-中港,2023-03-29,9202
3035,智原,26,11,15,凱基-中港,2023-03-29,9202
00772B,中信高評級公司債,15,0,15,凱基-中港,2023-03-29,9202
2637,慧洋-KY,15,1,14,凱基-中港,2023-03-29,9202
2312,金寶,14,0,14,凱基-中港,2023-03-29,9202
2882,國泰金,14,0,14,凱基-中港,2023-03-29,9202
8261,富鼎,13,0,13,凱基-中港,2023-03-29,9202
3034,聯詠,13,0,13,凱基-中港,2023-03-29,9202
00922,國泰台灣領袖50,12,1,11,凱基-中港,2023-03-29,9202
2609,陽明,14,3,11,凱基-中港,2023-03-29,9202
8299,群聯,11,0,11,凱基-中港,2023-03-29,9202
2408,南亞科,12,1,11,凱基-中港,2023-03-29,9202
6142,友勁,11,0,11,凱基-中港,2023-03-29,9202
5211,蒙恬,17,6,11,凱基-中港,2023-03-29,9202
8940,新天地,11,0,11,凱基-中港,2023-03-29,9202
8086,宏捷科,17,6,11,凱基-中港,2023-03-29,9202
3704,合勤控,10,0,10,凱基-中港,2023-03-29,9202
9955,佳龍,10,0,10,凱基-中港,2023-03-29,9202
3714,富采,12,2,10,凱基-中港,2023-03-29,9202
3594,磐儀,11,1,10,凱基-中港,2023-03-29,9202
3081,聯亞,10,0,10,凱基-中港,2023-03-29,9202
8171,天宇,14,4,10,凱基-中港,2023-03-29,9202
3715,定穎投控,118,108,10,凱基-中港,2023-03-29,9202
3029,零壹,13,3,10,凱基-中港,2023-03-29,9202
00878,國泰永續高股息,13,4,9,凱基-中港,2023-03-29,9202
6129,普誠,11,2,9,凱基-中港,2023-03-29,9202
4726,永昕,9,0,9,凱基-中港,2023-03-29,9202
2345,智邦,10,1,9,凱基-中港,2023-03-29,9202
8411,福貞-KY,9,0,9,凱基-中港,2023-03-29,9202
3346,麗清,11,2,9,凱基-中港,2023-03-29,9202
8121,越峰,9,0,9,凱基-中港,2023-03-29,9202
2867,三商壽,214,0,214,凱基-中港,2023-03-30,9202
00715L,期街口布蘭特正2,115,7,108,凱基-中港,2023-03-30,9202
4123,晟德,84,5,79,凱基-中港,2023-03-30,9202
00679B,元大美債20年,62,1,61,凱基-中港,2023-03-30,9202
00637L,元大滬深300正2,76,31,45,凱基-中港,2023-03-30,9202
00751B,元大AAA至A公司債,42,0,42,凱基-中港,2023-03-30,9202
00720B,元大投資級公司債,39,0,39,凱基-中港,2023-03-30,9202
00632R,元大台灣50反1,61,25,36,凱基-中港,2023-03-30,9202
2331,精英,33,1,32,凱基-中港,2023-03-30,9202
3339,泰谷,31,1,30,凱基-中港,2023-03-30,9202
2618,長榮航,30,0,30,凱基-中港,2023-03-30,9202
6443,元晶,31,2,29,凱基-中港,2023-03-30,9202
2883,凱基金,31,5,26,凱基-中港,2023-03-30,9202
6185,幃翔,24,0,24,凱基-中港,2023-03-30,9202
00673R,期元大S＆P原油反1,24,0,24,凱基-中港,2023-03-30,9202
4541,晟田,20,0,20,凱基-中港,2023-03-30,9202
3576,聯合再生,21,1,20,凱基-中港,2023-03-30,9202
2371,大同,19,0,19,凱基-中港,2023-03-30,9202
6235,華孚,49,30,19,凱基-中港,2023-03-30,9202
2634,漢翔,23,4,19,凱基-中港,2023-03-30,9202
1440,南紡,18,0,18,凱基-中港,2023-03-30,9202
9934,成霖,18,0,18,凱基-中港,2023-03-30,9202
3481,群創,21,4,17,凱基-中港,2023-03-30,9202
00878,國泰永續高股息,20,4,16,凱基-中港,2023-03-30,9202
2484,希華,16,1,15,凱基-中港,2023-03-30,9202
4906,正文,16,2,14,凱基-中港,2023-03-30,9202
1326,台化,14,0,14,凱基-中港,2023-03-30,9202
2891,中信金,14,0,14,凱基-中港,2023-03-30,9202
3484,崧騰,14,1,13,凱基-中港,2023-03-30,9202
00922,國泰台灣領袖50,13,1,12,凱基-中港,2023-03-30,9202
3706,神達,12,0,12,凱基-中港,2023-03-30,9202
4114,健喬,12,0,12,凱基-中港,2023-03-30,9202
3594,磐儀,11,0,11,凱基-中港,2023-03-30,9202
2537,聯上發,11,0,11,凱基-中港,2023-03-30,9202
3221,台嘉碩,11,0,11,凱基-中港,2023-03-30,9202
2457,飛宏,17,6,11,凱基-中港,2023-03-30,9202
2329,華泰,11,1,10,凱基-中港,2023-03-30,9202
3056,富華新,14,4,10,凱基-中港,2023-03-30,9202
3035,智原,13,3,10,凱基-中港,2023-03-30,9202
2542,興富發,10,0,10,凱基-中港,2023-03-30,9202
5519,隆大,10,0,10,凱基-中港,2023-03-30,9202
3515,華擎,11,1,10,凱基-中港,2023-03-30,9202
3202,樺晟,10,0,10,凱基-中港,2023-03-30,9202
2408,南亞科,13,3,10,凱基-中港,2023-03-30,9202
1314,中石化,11,1,10,凱基-中港,2023-03-30,9202
6111,大宇資,22,13,9,凱基-中港,2023-03-30,9202
8033,雷虎,15,7,8,凱基-中港,2023-03-30,9202
4164,承業醫,13,5,8,凱基-中港,2023-03-30,9202
3046,建��,8,0,8,凱基-中港,2023-03-30,9202
1605,華新,8,1,7,凱基-中港,2023-03-30,9202
00632R,元大台灣50反1,233,10,223,凱基-中港,2023-03-31,9202
3484,崧騰,144,2,142,凱基-中港,2023-03-31,9202
2344,華邦電,218,122,96,凱基-中港,2023-03-31,9202
4123,晟德,70,0,70,凱基-中港,2023-03-31,9202
00673R,期元大S＆P原油反1,62,0,62,凱基-中港,2023-03-31,9202
00665L,富邦�琤肭磪囓�2,60,10,50,凱基-中港,2023-03-31,9202
00637L,元大滬深300正2,101,55,46,凱基-中港,2023-03-31,9202
2481,強茂,38,1,37,凱基-中港,2023-03-31,9202
1605,華新,46,14,32,凱基-中港,2023-03-31,9202
3339,泰谷,30,0,30,凱基-中港,2023-03-31,9202
2883,凱基金,34,7,27,凱基-中港,2023-03-31,9202
1584,精剛,21,0,21,凱基-中港,2023-03-31,9202
1442,名軒,20,0,20,凱基-中港,2023-03-31,9202
2812,台中銀,20,0,20,凱基-中港,2023-03-31,9202
2889,國票金,20,0,20,凱基-中港,2023-03-31,9202
2492,華新科,21,3,18,凱基-中港,2023-03-31,9202
5315,光聯,17,0,17,凱基-中港,2023-03-31,9202
6133,金橋,25,8,17,凱基-中港,2023-03-31,9202
2753,八方雲集,17,1,16,凱基-中港,2023-03-31,9202
00885,富邦越南,18,2,16,凱基-中港,2023-03-31,9202
4536,拓凱,15,0,15,凱基-中港,2023-03-31,9202
8411,福貞-KY,35,20,15,凱基-中港,2023-03-31,9202
2371,大同,12,0,12,凱基-中港,2023-03-31,9202
5309,系統電,85,73,12,凱基-中港,2023-03-31,9202
2401,凌陽,12,1,11,凱基-中港,2023-03-31,9202
00905,FT臺灣Smart,11,0,11,凱基-中港,2023-03-31,9202
4763,材料-KY,11,0,11,凱基-中港,2023-03-31,9202
00679B,元大美債20年,11,0,11,凱基-中港,2023-03-31,9202
4967,十銓,29,19,10,凱基-中港,2023-03-31,9202
2340,台亞,10,0,10,凱基-中港,2023-03-31,9202
6188,廣明,10,0,10,凱基-中港,2023-03-31,9202
1522,堤維西,10,0,10,凱基-中港,2023-03-31,9202
8059,凱碩,10,0,10,凱基-中港,2023-03-31,9202
00751B,元大AAA至A公司債,10,0,10,凱基-中港,2023-03-31,9202
6226,光鼎,10,0,10,凱基-中港,2023-03-31,9202
6121,新普,10,0,10,凱基-中港,2023-03-31,9202
2633,台灣高鐵,21,11,10,凱基-中港,2023-03-31,9202
6282,康舒,10,1,9,凱基-中港,2023-03-31,9202
9958,世紀鋼,9,0,9,凱基-中港,2023-03-31,9202
4168,醣聯,8,0,8,凱基-中港,2023-03-31,9202
6806,森崴能源,9,1,8,凱基-中港,2023-03-31,9202
2412,中華電,8,0,8,凱基-中港,2023-03-31,9202
5230,雷笛克光學,8,0,8,凱基-中港,2023-03-31,9202
2419,仲琦,7,0,7,凱基-中港,2023-03-31,9202
3324,雙鴻,8,1,7,凱基-中港,2023-03-31,9202
2723,美食-KY,8,1,7,凱基-中港,2023-03-31,9202
2342,茂矽,7,0,7,凱基-中港,2023-03-31,9202
4147,中裕,6,0,6,凱基-中港,2023-03-31,9202
3520,華盈,6,0,6,凱基-中港,2023-03-31,9202
5465,富驊,12,6,6,凱基-中港,2023-03-31,9202
2867,三商壽,661,5,656,凱基-中港,2023-04-06,9202
00673R,期元大S＆P原油反1,198,0,198,凱基-中港,2023-04-06,9202
2890,永豐金,149,6,143,凱基-中港,2023-04-06,9202
2892,第一金,51,1,50,凱基-中港,2023-04-06,9202
1101,台泥,50,1,49,凱基-中港,2023-04-06,9202
00885,富邦越南,50,3,47,凱基-中港,2023-04-06,9202
2610,華航,51,6,45,凱基-中港,2023-04-06,9202
8070,長華*,45,0,45,凱基-中港,2023-04-06,9202
2408,南亞科,50,7,43,凱基-中港,2023-04-06,9202
6285,啟��,39,5,34,凱基-中港,2023-04-06,9202
1444,力麗,30,0,30,凱基-中港,2023-04-06,9202
00878,國泰永續高股息,33,4,29,凱基-中港,2023-04-06,9202
00671R,富邦NASDAQ反1,28,0,28,凱基-中港,2023-04-06,9202
8069,元太,29,3,26,凱基-中港,2023-04-06,9202
00902,中信電池及儲能,23,1,22,凱基-中港,2023-04-06,9202
2880,華南金,22,0,22,凱基-中港,2023-04-06,9202
9942,茂順,21,0,21,凱基-中港,2023-04-06,9202
2454,聯發科,20,0,20,凱基-中港,2023-04-06,9202
1316,上曜,20,0,20,凱基-中港,2023-04-06,9202
00882,中信中國高股息,19,0,19,凱基-中港,2023-04-06,9202
8227,巨有科技,18,0,18,凱基-中港,2023-04-06,9202
00922,國泰台灣領袖50,17,0,17,凱基-中港,2023-04-06,9202
00893,國泰智能電動車,19,2,17,凱基-中港,2023-04-06,9202
3558,神準,20,3,17,凱基-中港,2023-04-06,9202
2609,陽明,21,6,15,凱基-中港,2023-04-06,9202
1442,名軒,15,0,15,凱基-中港,2023-04-06,9202
1217,愛之味,14,0,14,凱基-中港,2023-04-06,9202
1605,華新,14,1,13,凱基-中港,2023-04-06,9202
4934,太極,13,0,13,凱基-中港,2023-04-06,9202
3027,盛達,13,0,13,凱基-中港,2023-04-06,9202
2603,長榮,14,1,13,凱基-中港,2023-04-06,9202
3006,晶豪科,13,1,12,凱基-中港,2023-04-06,9202
2303,聯電,13,1,12,凱基-中港,2023-04-06,9202
1319,東陽,11,0,11,凱基-中港,2023-04-06,9202
6728,上洋,11,0,11,凱基-中港,2023-04-06,9202
3228,金麗科,11,0,11,凱基-中港,2023-04-06,9202
1219,福壽,10,0,10,凱基-中港,2023-04-06,9202
3556,禾瑞亞,10,0,10,凱基-中港,2023-04-06,9202
5475,德宏,10,0,10,凱基-中港,2023-04-06,9202
2105,正新,10,0,10,凱基-中港,2023-04-06,9202
2478,大毅,10,0,10,凱基-中港,2023-04-06,9202
00683L,期元大美元指正2,10,0,10,凱基-中港,2023-04-06,9202
3041,揚智,10,0,10,凱基-中港,2023-04-06,9202
8411,福貞-KY,10,0,10,凱基-中港,2023-04-06,9202
6192,巨路,10,0,10,凱基-中港,2023-04-06,9202
5309,系統電,17,7,10,凱基-中港,2023-04-06,9202
2881,富邦金,19,10,9,凱基-中港,2023-04-06,9202
2317,鴻海,13,4,9,凱基-中港,2023-04-06,9202
3056,富華新,14,5,9,凱基-中港,2023-04-06,9202
2637,慧洋-KY,29,20,9,凱基-中港,2023-04-06,9202
00712,復華富時不動產,114,0,114,凱基-中港,2023-04-07,9202
2867,三商壽,133,32,101,凱基-中港,2023-04-07,9202
2888,新光金,91,10,81,凱基-中港,2023-04-07,9202
3047,訊舟,76,0,76,凱基-中港,2023-04-07,9202
2382,廣達,70,9,61,凱基-中港,2023-04-07,9202
00637L,元大滬深300正2,74,18,56,凱基-中港,2023-04-07,9202
6235,華孚,115,62,53,凱基-中港,2023-04-07,9202
6111,大宇資,50,5,45,凱基-中港,2023-04-07,9202
00687B,國泰20年美債,44,0,44,凱基-中港,2023-04-07,9202
2358,廷鑫,43,0,43,凱基-中港,2023-04-07,9202
1218,泰山,43,0,43,凱基-中港,2023-04-07,9202
2887,台新金,41,0,41,凱基-中港,2023-04-07,9202
8070,長華*,36,0,36,凱基-中港,2023-04-07,9202
00772B,中信高評級公司債,35,3,32,凱基-中港,2023-04-07,9202
9942,茂順,35,5,30,凱基-中港,2023-04-07,9202
00885,富邦越南,28,0,28,凱基-中港,2023-04-07,9202
2329,華泰,26,0,26,凱基-中港,2023-04-07,9202
00632R,元大台灣50反1,30,5,25,凱基-中港,2023-04-07,9202
00738U,期元大道瓊白銀,25,0,25,凱基-中港,2023-04-07,9202
2069,運錩,25,0,25,凱基-中港,2023-04-07,9202
2882,國泰金,25,2,23,凱基-中港,2023-04-07,9202
3035,智原,36,13,23,凱基-中港,2023-04-07,9202
2886,兆豐金,22,0,22,凱基-中港,2023-04-07,9202
8936,國統,22,0,22,凱基-中港,2023-04-07,9202
2302,麗正,21,0,21,凱基-中港,2023-04-07,9202
8024,佑華,20,0,20,凱基-中港,2023-04-07,9202
00720B,元大投資級公司債,19,1,18,凱基-中港,2023-04-07,9202
00915,凱基優選高股息30,20,2,18,凱基-中港,2023-04-07,9202
00888,永豐台灣ESG,17,0,17,凱基-中港,2023-04-07,9202
6462,神盾,16,0,16,凱基-中港,2023-04-07,9202
4960,誠美材,16,0,16,凱基-中港,2023-04-07,9202
2498,宏達電,38,22,16,凱基-中港,2023-04-07,9202
3058,立德,15,0,15,凱基-中港,2023-04-07,9202
2609,陽明,107,93,14,凱基-中港,2023-04-07,9202
8059,凱碩,14,0,14,凱基-中港,2023-04-07,9202
00902,中信電池及儲能,24,10,14,凱基-中港,2023-04-07,9202
1718,中纖,15,2,13,凱基-中港,2023-04-07,9202
2409,友達,14,1,13,凱基-中港,2023-04-07,9202
4123,晟德,13,0,13,凱基-中港,2023-04-07,9202
3441,聯一光,19,7,12,凱基-中港,2023-04-07,9202
5425,台半,30,18,12,凱基-中港,2023-04-07,9202
6116,彩晶,12,0,12,凱基-中港,2023-04-07,9202
6804,明係,12,0,12,凱基-中港,2023-04-07,9202
5284,jpp-KY,15,4,11,凱基-中港,2023-04-07,9202
2342,茂矽,12,1,11,凱基-中港,2023-04-07,9202
2851,中再保,10,0,10,凱基-中港,2023-04-07,9202
5475,德宏,10,0,10,凱基-中港,2023-04-07,9202
00683L,期元大美元指正2,10,0,10,凱基-中港,2023-04-07,9202
00912,中信臺灣智慧50,10,0,10,凱基-中港,2023-04-07,9202
8411,福貞-KY,10,0,10,凱基-中港,2023-04-07,9202
00632R,元大台灣50反1,706,35,671,凱基-中港,2023-04-10,9202
00671R,富邦NASDAQ反1,499,0,499,凱基-中港,2023-04-10,9202
2892,第一金,100,0,100,凱基-中港,2023-04-10,9202
2483,百容,100,7,93,凱基-中港,2023-04-10,9202
8933,愛地雅,50,0,50,凱基-中港,2023-04-10,9202
3189,景碩,45,0,45,凱基-中港,2023-04-10,9202
3163,波若威,38,0,38,凱基-中港,2023-04-10,9202
2208,台船,41,5,36,凱基-中港,2023-04-10,9202
2402,毅嘉,51,17,34,凱基-中港,2023-04-10,9202
3479,安勤,37,3,34,凱基-中港,2023-04-10,9202
4934,太極,30,0,30,凱基-中港,2023-04-10,9202
3025,星通,55,28,27,凱基-中港,2023-04-10,9202
00712,復華富時不動產,26,0,26,凱基-中港,2023-04-10,9202
6753,龍德造船,29,4,25,凱基-中港,2023-04-10,9202
1904,正隆,23,0,23,凱基-中港,2023-04-10,9202
1218,泰山,23,0,23,凱基-中港,2023-04-10,9202
00720B,元大投資級公司債,20,0,20,凱基-中港,2023-04-10,9202
00912,中信臺灣智慧50,20,0,20,凱基-中港,2023-04-10,9202
9942,茂順,21,1,20,凱基-中港,2023-04-10,9202
1609,大亞,45,26,19,凱基-中港,2023-04-10,9202
2344,華邦電,24,6,18,凱基-中港,2023-04-10,9202
5443,均豪,18,0,18,凱基-中港,2023-04-10,9202
2610,華航,24,6,18,凱基-中港,2023-04-10,9202
00715L,期街口布蘭特正2,60,42,18,凱基-中港,2023-04-10,9202
5469,瀚宇博,19,2,17,凱基-中港,2023-04-10,9202
2609,陽明,61,44,17,凱基-中港,2023-04-10,9202
00679B,元大美債20年,18,1,17,凱基-中港,2023-04-10,9202
2886,兆豐金,16,0,16,凱基-中港,2023-04-10,9202
00888,永豐台灣ESG,15,0,15,凱基-中港,2023-04-10,9202
3434,哲固,25,10,15,凱基-中港,2023-04-10,9202
8059,凱碩,13,0,13,凱基-中港,2023-04-10,9202
00673R,期元大S＆P原油反1,16,3,13,凱基-中港,2023-04-10,9202
8299,群聯,15,2,13,凱基-中港,2023-04-10,9202
2603,長榮,22,10,12,凱基-中港,2023-04-10,9202
9945,潤泰新,12,0,12,凱基-中港,2023-04-10,9202
6461,益得,13,1,12,凱基-中港,2023-04-10,9202
0056,元大高股息,31,19,12,凱基-中港,2023-04-10,9202
6128,上福,11,0,11,凱基-中港,2023-04-10,9202
3006,晶豪科,14,4,10,凱基-中港,2023-04-10,9202
3663,鑫科,10,0,10,凱基-中港,2023-04-10,9202
2108,南帝,12,2,10,凱基-中港,2023-04-10,9202
8411,福貞-KY,10,0,10,凱基-中港,2023-04-10,9202
5315,光聯,10,0,10,凱基-中港,2023-04-10,9202
2010,春源,10,0,10,凱基-中港,2023-04-10,9202
1714,和桐,10,0,10,凱基-中港,2023-04-10,9202
4906,正文,16,6,10,凱基-中港,2023-04-10,9202
00637L,元大滬深300正2,14,4,10,凱基-中港,2023-04-10,9202
6155,鈞寶,10,0,10,凱基-中港,2023-04-10,9202
4102,永日,10,0,10,凱基-中港,2023-04-10,9202
6194,育富,10,0,10,凱基-中港,2023-04-10,9202
00632R,元大台灣50反1,638,21,617,凱基-中港,2023-04-11,9202
2892,第一金,100,0,100,凱基-中港,2023-04-11,9202
00712,復華富時不動產,181,110,71,凱基-中港,2023-04-11,9202
1609,大亞,75,5,70,凱基-中港,2023-04-11,9202
3652,精聯,60,0,60,凱基-中港,2023-04-11,9202
00671R,富邦NASDAQ反1,59,1,58,凱基-中港,2023-04-11,9202
6235,華孚,93,38,55,凱基-中港,2023-04-11,9202
2208,台船,46,0,46,凱基-中港,2023-04-11,9202
6770,力積電,47,2,45,凱基-中港,2023-04-11,9202
2303,聯電,48,6,42,凱基-中港,2023-04-11,9202
00642U,期元大S＆P石油,54,13,41,凱基-中港,2023-04-11,9202
00679B,元大美債20年,35,0,35,凱基-中港,2023-04-11,9202
3481,群創,44,10,34,凱基-中港,2023-04-11,9202
6125,廣運,31,2,29,凱基-中港,2023-04-11,9202
3432,台端,77,48,29,凱基-中港,2023-04-11,9202
2359,所羅門,27,0,27,凱基-中港,2023-04-11,9202
4541,晟田,26,0,26,凱基-中港,2023-04-11,9202
6209,今國光,35,10,25,凱基-中港,2023-04-11,9202
3141,晶宏,30,5,25,凱基-中港,2023-04-11,9202
6276,安鈦克,29,5,24,凱基-中港,2023-04-11,9202
3006,晶豪科,64,42,22,凱基-中港,2023-04-11,9202
3081,聯亞,30,8,22,凱基-中港,2023-04-11,9202
4979,華星光,24,3,21,凱基-中港,2023-04-11,9202
2812,台中銀,21,0,21,凱基-中港,2023-04-11,9202
00696B,富邦美債20年,20,0,20,凱基-中港,2023-04-11,9202
1533,車王電,21,1,20,凱基-中港,2023-04-11,9202
00680L,元大美債20正2,20,0,20,凱基-中港,2023-04-11,9202
2420,新巨,20,0,20,凱基-中港,2023-04-11,9202
5009,榮剛,32,13,19,凱基-中港,2023-04-11,9202
8076,伍豐,19,0,19,凱基-中港,2023-04-11,9202
8183,精星,28,10,18,凱基-中港,2023-04-11,9202
3714,富采,24,6,18,凱基-中港,2023-04-11,9202
1108,幸福,20,4,16,凱基-中港,2023-04-11,9202
8411,福貞-KY,15,0,15,凱基-中港,2023-04-11,9202
6142,友勁,15,0,15,凱基-中港,2023-04-11,9202
6282,康舒,20,5,15,凱基-中港,2023-04-11,9202
9942,茂順,18,3,15,凱基-中港,2023-04-11,9202
2634,漢翔,44,32,12,凱基-中港,2023-04-11,9202
5244,弘凱,12,0,12,凱基-中港,2023-04-11,9202
2484,希華,11,0,11,凱基-中港,2023-04-11,9202
4953,緯軟,11,0,11,凱基-中港,2023-04-11,9202
5351,鈺創,14,3,11,凱基-中港,2023-04-11,9202
00715L,期街口布蘭特正2,30,19,11,凱基-中港,2023-04-11,9202
4915,致伸,10,0,10,凱基-中港,2023-04-11,9202
2351,順德,11,1,10,凱基-中港,2023-04-11,9202
1101,台泥,28,18,10,凱基-中港,2023-04-11,9202
5522,遠雄,10,0,10,凱基-中港,2023-04-11,9202
2855,統一證,10,0,10,凱基-中港,2023-04-11,9202
1102,亞泥,10,0,10,凱基-中港,2023-04-11,9202
2062,橋椿,10,0,10,凱基-中港,2023-04-11,9202
8926,台汽電,204,40,164,凱基-中港,2023-04-12,9202
00712,復華富時不動產,65,3,62,凱基-中港,2023-04-12,9202
2913,農林,50,2,48,凱基-中港,2023-04-12,9202
00915,凱基優選高股息30,49,1,48,凱基-中港,2023-04-12,9202
8033,雷虎,44,0,44,凱基-中港,2023-04-12,9202
2542,興富發,41,0,41,凱基-中港,2023-04-12,9202
00671R,富邦NASDAQ反1,72,34,38,凱基-中港,2023-04-12,9202
00923,群益台ESG低碳50,34,0,34,凱基-中港,2023-04-12,9202
1218,泰山,31,0,31,凱基-中港,2023-04-12,9202
2369,菱生,30,0,30,凱基-中港,2023-04-12,9202
2317,鴻海,29,1,28,凱基-中港,2023-04-12,9202
2884,玉山金,25,1,24,凱基-中港,2023-04-12,9202
1752,南光,28,4,24,凱基-中港,2023-04-12,9202
3441,聯一光,38,15,23,凱基-中港,2023-04-12,9202
2402,毅嘉,32,9,23,凱基-中港,2023-04-12,9202
5353,台林,43,21,22,凱基-中港,2023-04-12,9202
6185,幃翔,20,0,20,凱基-中港,2023-04-12,9202
1532,勤美,20,0,20,凱基-中港,2023-04-12,9202
2399,映泰,36,17,19,凱基-中港,2023-04-12,9202
5203,訊連,18,0,18,凱基-中港,2023-04-12,9202
6285,啟��,18,1,17,凱基-中港,2023-04-12,9202
00673R,期元大S＆P原油反1,17,0,17,凱基-中港,2023-04-12,9202
6804,明係,17,0,17,凱基-中港,2023-04-12,9202
2406,國碩,17,0,17,凱基-中港,2023-04-12,9202
2633,台灣高鐵,16,0,16,凱基-中港,2023-04-12,9202
6129,普誠,16,1,15,凱基-中港,2023-04-12,9202
8411,福貞-KY,15,0,15,凱基-中港,2023-04-12,9202
1605,華新,33,18,15,凱基-中港,2023-04-12,9202
3006,晶豪科,59,45,14,凱基-中港,2023-04-12,9202
1584,精剛,46,32,14,凱基-中港,2023-04-12,9202
5483,中美晶,15,2,13,凱基-中港,2023-04-12,9202
3078,僑威,15,3,12,凱基-中港,2023-04-12,9202
6104,創惟,15,3,12,凱基-中港,2023-04-12,9202
1536,和大,11,0,11,凱基-中港,2023-04-12,9202
3652,精聯,13,2,11,凱基-中港,2023-04-12,9202
00632R,元大台灣50反1,16,5,11,凱基-中港,2023-04-12,9202
4927,泰鼎-KY,12,1,11,凱基-中港,2023-04-12,9202
6829,千附精密,30,19,11,凱基-中港,2023-04-12,9202
6411,晶焱,12,1,11,凱基-中港,2023-04-12,9202
3034,聯詠,15,5,10,凱基-中港,2023-04-12,9202
1712,興農,10,0,10,凱基-中港,2023-04-12,9202
3141,晶宏,12,2,10,凱基-中港,2023-04-12,9202
00696B,富邦美債20年,10,0,10,凱基-中港,2023-04-12,9202
4545,銘鈺,10,0,10,凱基-中港,2023-04-12,9202
3715,定穎投控,20,10,10,凱基-中港,2023-04-12,9202
0061,元大寶滬深,10,0,10,凱基-中港,2023-04-12,9202
6796,晉弘,11,1,10,凱基-中港,2023-04-12,9202
5425,台半,15,5,10,凱基-中港,2023-04-12,9202
2614,東森,10,1,9,凱基-中港,2023-04-12,9202
2457,飛宏,25,16,9,凱基-中港,2023-04-12,9202
00632R,元大台灣50反1,772,60,712,凱基-中港,2023-04-13,9202
8033,雷虎,190,8,182,凱基-中港,2023-04-13,9202
2633,台灣高鐵,89,23,66,凱基-中港,2023-04-13,9202
3419,譁裕,60,0,60,凱基-中港,2023-04-13,9202
1218,泰山,50,0,50,凱基-中港,2023-04-13,9202
2208,台船,96,48,48,凱基-中港,2023-04-13,9202
1513,中興電,79,36,43,凱基-中港,2023-04-13,9202
3432,台端,40,0,40,凱基-中港,2023-04-13,9202
5309,系統電,79,43,36,凱基-中港,2023-04-13,9202
3693,營邦,95,62,33,凱基-中港,2023-04-13,9202
6235,華孚,80,50,30,凱基-中港,2023-04-13,9202
00773B,中信優先金融債,30,0,30,凱基-中港,2023-04-13,9202
2637,慧洋-KY,34,5,29,凱基-中港,2023-04-13,9202
00878,國泰永續高股息,50,21,29,凱基-中港,2023-04-13,9202
1504,東元,47,18,29,凱基-中港,2023-04-13,9202
8299,群聯,26,0,26,凱基-中港,2023-04-13,9202
3715,定穎投控,49,23,26,凱基-中港,2023-04-13,9202
1605,華新,28,3,25,凱基-中港,2023-04-13,9202
3499,環天科,26,1,25,凱基-中港,2023-04-13,9202
6753,龍德造船,25,2,23,凱基-中港,2023-04-13,9202
1503,士電,303,280,23,凱基-中港,2023-04-13,9202
00679B,元大美債20年,23,0,23,凱基-中港,2023-04-13,9202
00772B,中信高評級公司債,42,21,21,凱基-中港,2023-04-13,9202
4919,新唐,24,4,20,凱基-中港,2023-04-13,9202
2324,仁寶,21,1,20,凱基-中港,2023-04-13,9202
2369,菱生,20,0,20,凱基-中港,2023-04-13,9202
6148,驊宏資,25,5,20,凱基-中港,2023-04-13,9202
2330,台積電,23,3,20,凱基-中港,2023-04-13,9202
3711,日月光投控,21,3,18,凱基-中港,2023-04-13,9202
00673R,期元大S＆P原油反1,17,0,17,凱基-中港,2023-04-13,9202
8046,南電,20,4,16,凱基-中港,2023-04-13,9202
6116,彩晶,50,34,16,凱基-中港,2023-04-13,9202
5425,台半,18,3,15,凱基-中港,2023-04-13,9202
2313,華通,17,2,15,凱基-中港,2023-04-13,9202
3006,晶豪科,24,10,14,凱基-中港,2023-04-13,9202
4747,強生,16,3,13,凱基-中港,2023-04-13,9202
6285,啟��,19,6,13,凱基-中港,2023-04-13,9202
6282,康舒,13,0,13,凱基-中港,2023-04-13,9202
6125,廣運,22,9,13,凱基-中港,2023-04-13,9202
00720B,元大投資級公司債,13,1,12,凱基-中港,2023-04-13,9202
1519,華城,30,18,12,凱基-中港,2023-04-13,9202
5464,霖宏,22,10,12,凱基-中港,2023-04-13,9202
4164,承業醫,78,66,12,凱基-中港,2023-04-13,9202
6446,藥華藥,14,3,11,凱基-中港,2023-04-13,9202
2734,易飛網,14,3,11,凱基-中港,2023-04-13,9202
2897,王道銀行,17,6,11,凱基-中港,2023-04-13,9202
6244,茂迪,11,0,11,凱基-中港,2023-04-13,9202
1314,中石化,12,1,11,凱基-中港,2023-04-13,9202
2344,華邦電,15,4,11,凱基-中港,2023-04-13,9202
6415,矽力*-KY,10,0,10,凱基-中港,2023-04-13,9202
00720B,元大投資級公司債,210,2,208,凱基-中港,2023-04-14,9202
0056,元大高股息,210,2,208,凱基-中港,2023-04-14,9202
00632R,元大台灣50反1,205,0,205,凱基-中港,2023-04-14,9202
2208,台船,321,172,149,凱基-中港,2023-04-14,9202
00772B,中信高評級公司債,115,4,111,凱基-中港,2023-04-14,9202
3715,定穎投控,93,9,84,凱基-中港,2023-04-14,9202
00713,元大台灣高息低波,70,0,70,凱基-中港,2023-04-14,9202
2634,漢翔,232,167,65,凱基-中港,2023-04-14,9202
00878,國泰永續高股息,140,83,57,凱基-中港,2023-04-14,9202
1752,南光,55,3,52,凱基-中港,2023-04-14,9202
2402,毅嘉,87,38,49,凱基-中港,2023-04-14,9202
00773B,中信優先金融債,45,0,45,凱基-中港,2023-04-14,9202
4541,晟田,48,3,45,凱基-中港,2023-04-14,9202
6235,華孚,224,183,41,凱基-中港,2023-04-14,9202
2890,永豐金,42,2,40,凱基-中港,2023-04-14,9202
00679B,元大美債20年,38,0,38,凱基-中港,2023-04-14,9202
2905,三商,38,0,38,凱基-中港,2023-04-14,9202
2303,聯電,72,35,37,凱基-中港,2023-04-14,9202
3049,精金,33,2,31,凱基-中港,2023-04-14,9202
6547,高端疫苗,40,10,30,凱基-中港,2023-04-14,9202
2382,廣達,29,1,28,凱基-中港,2023-04-14,9202
00712,復華富時不動產,25,0,25,凱基-中港,2023-04-14,9202
2409,友達,41,17,24,凱基-中港,2023-04-14,9202
3231,緯創,38,14,24,凱基-中港,2023-04-14,9202
6163,華電網,23,0,23,凱基-中港,2023-04-14,9202
4572,駐龍,26,3,23,凱基-中港,2023-04-14,9202
9942,茂順,22,0,22,凱基-中港,2023-04-14,9202
00673R,期元大S＆P原油反1,21,0,21,凱基-中港,2023-04-14,9202
8183,精星,23,2,21,凱基-中港,2023-04-14,9202
3664,安瑞-KY,20,0,20,凱基-中港,2023-04-14,9202
2062,橋椿,20,0,20,凱基-中港,2023-04-14,9202
5483,中美晶,23,3,20,凱基-中港,2023-04-14,9202
3481,群創,142,123,19,凱基-中港,2023-04-14,9202
3029,零壹,26,7,19,凱基-中港,2023-04-14,9202
6217,中探針,29,10,19,凱基-中港,2023-04-14,9202
3025,星通,24,5,19,凱基-中港,2023-04-14,9202
4916,事欣科,51,32,19,凱基-中港,2023-04-14,9202
3308,聯德,19,0,19,凱基-中港,2023-04-14,9202
1609,大亞,37,19,18,凱基-中港,2023-04-14,9202
8088,品安,18,0,18,凱基-中港,2023-04-14,9202
1312,國喬,20,2,18,凱基-中港,2023-04-14,9202
3078,僑威,27,10,17,凱基-中港,2023-04-14,9202
2867,三商壽,33,16,17,凱基-中港,2023-04-14,9202
5309,系統電,36,20,16,凱基-中港,2023-04-14,9202
6753,龍德造船,22,7,15,凱基-中港,2023-04-14,9202
2633,台灣高鐵,27,12,15,凱基-中港,2023-04-14,9202
3703,欣陸,15,0,15,凱基-中港,2023-04-14,9202
2485,兆赫,15,0,15,凱基-中港,2023-04-14,9202
5465,富驊,15,1,14,凱基-中港,2023-04-14,9202
6167,久正,15,1,14,凱基-中港,2023-04-14,9202
00712,復華富時不動產,128,0,128,凱基-中港,2023-04-17,9202
3481,群創,128,3,125,凱基-中港,2023-04-17,9202
8933,愛地雅,103,2,101,凱基-中港,2023-04-17,9202
00720B,元大投資級公司債,77,0,77,凱基-中港,2023-04-17,9202
8070,長華*,52,0,52,凱基-中港,2023-04-17,9202
2453,凌群,54,3,51,凱基-中港,2023-04-17,9202
2419,仲琦,61,10,51,凱基-中港,2023-04-17,9202
6167,久正,58,9,49,凱基-中港,2023-04-17,9202
2206,三陽工業,100,55,45,凱基-中港,2023-04-17,9202
2618,長榮航,63,20,43,凱基-中港,2023-04-17,9202
00878,國泰永續高股息,55,13,42,凱基-中港,2023-04-17,9202
2382,廣達,40,2,38,凱基-中港,2023-04-17,9202
6163,華電網,63,27,36,凱基-中港,2023-04-17,9202
2002,中鋼,53,17,36,凱基-中港,2023-04-17,9202
6160,欣技,38,3,35,凱基-中港,2023-04-17,9202
00680L,元大美債20正2,32,0,32,凱基-中港,2023-04-17,9202
00679B,元大美債20年,32,0,32,凱基-中港,2023-04-17,9202
1905,華紙,27,0,27,凱基-中港,2023-04-17,9202
2601,益航,27,1,26,凱基-中港,2023-04-17,9202
4979,華星光,24,0,24,凱基-中港,2023-04-17,9202
1218,泰山,24,0,24,凱基-中港,2023-04-17,9202
2009,第一銅,24,0,24,凱基-中港,2023-04-17,9202
3231,緯創,39,17,22,凱基-中港,2023-04-17,9202
1584,精剛,27,5,22,凱基-中港,2023-04-17,9202
6129,普誠,22,1,21,凱基-中港,2023-04-17,9202
2492,華新科,24,3,21,凱基-中港,2023-04-17,9202
3046,建��,23,3,20,凱基-中港,2023-04-17,9202
1464,得力,20,0,20,凱基-中港,2023-04-17,9202
2106,建大,20,0,20,凱基-中港,2023-04-17,9202
2105,正新,20,0,20,凱基-中港,2023-04-17,9202
4934,太極,20,0,20,凱基-中港,2023-04-17,9202
2359,所羅門,48,29,19,凱基-中港,2023-04-17,9202
1605,華新,32,14,18,凱基-中港,2023-04-17,9202
2312,金寶,25,8,17,凱基-中港,2023-04-17,9202
3217,優群,17,0,17,凱基-中港,2023-04-17,9202
4906,正文,27,10,17,凱基-中港,2023-04-17,9202
3624,光頡,17,1,16,凱基-中港,2023-04-17,9202
6142,友勁,30,14,16,凱基-中港,2023-04-17,9202
5371,中光電,36,20,16,凱基-中港,2023-04-17,9202
2867,三商壽,15,0,15,凱基-中港,2023-04-17,9202
4552,力達-KY,18,3,15,凱基-中港,2023-04-17,9202
2062,橋椿,15,0,15,凱基-中港,2023-04-17,9202
3484,崧騰,18,3,15,凱基-中港,2023-04-17,9202
2449,京元電子,16,1,15,凱基-中港,2023-04-17,9202
00772B,中信高評級公司債,14,0,14,凱基-中港,2023-04-17,9202
6733,博晟生醫,14,0,14,凱基-中港,2023-04-17,9202
2486,一詮,23,9,14,凱基-中港,2023-04-17,9202
5351,鈺創,16,2,14,凱基-中港,2023-04-17,9202
2308,台達電,14,1,13,凱基-中港,2023-04-17,9202
8121,越峰,16,3,13,凱基-中港,2023-04-17,9202
4967,十銓,150,0,150,凱基-中港,2023-04-18,9202
1312,國喬,102,2,100,凱基-中港,2023-04-18,9202
6142,友勁,94,0,94,凱基-中港,2023-04-18,9202
00679B,元大美債20年,72,0,72,凱基-中港,2023-04-18,9202
2897,王道銀行,71,5,66,凱基-中港,2023-04-18,9202
5531,鄉林,68,10,58,凱基-中港,2023-04-18,9202
2618,長榮航,55,1,54,凱基-中港,2023-04-18,9202
3260,威剛,54,0,54,凱基-中港,2023-04-18,9202
3481,群創,76,27,49,凱基-中港,2023-04-18,9202
00673R,期元大S＆P原油反1,45,0,45,凱基-中港,2023-04-18,9202
3715,定穎投控,53,10,43,凱基-中港,2023-04-18,9202
00751B,元大AAA至A公司債,32,0,32,凱基-中港,2023-04-18,9202
2002,中鋼,33,2,31,凱基-中港,2023-04-18,9202
5009,榮剛,53,22,31,凱基-中港,2023-04-18,9202
2601,益航,46,16,30,凱基-中港,2023-04-18,9202
00676R,富邦臺灣加權反1,30,0,30,凱基-中港,2023-04-18,9202
3062,建漢,64,35,29,凱基-中港,2023-04-18,9202
6129,普誠,37,8,29,凱基-中港,2023-04-18,9202
2454,聯發科,30,2,28,凱基-中港,2023-04-18,9202
3419,譁裕,30,2,28,凱基-中港,2023-04-18,9202
2340,台亞,27,0,27,凱基-中港,2023-04-18,9202
2610,華航,30,3,27,凱基-中港,2023-04-18,9202
00669R,國泰美國道瓊反1,25,0,25,凱基-中港,2023-04-18,9202
00720B,元大投資級公司債,25,0,25,凱基-中港,2023-04-18,9202
1101,台泥,33,11,22,凱基-中港,2023-04-18,9202
3704,合勤控,47,26,21,凱基-中港,2023-04-18,9202
2312,金寶,30,9,21,凱基-中港,2023-04-18,9202
00680L,元大美債20正2,20,0,20,凱基-中港,2023-04-18,9202
1304,台聚,20,0,20,凱基-中港,2023-04-18,9202
1584,精剛,84,66,18,凱基-中港,2023-04-18,9202
2419,仲琦,21,4,17,凱基-中港,2023-04-18,9202
6209,今國光,20,3,17,凱基-中港,2023-04-18,9202
2308,台達電,17,0,17,凱基-中港,2023-04-18,9202
4541,晟田,21,4,17,凱基-中港,2023-04-18,9202
1471,首利,38,21,17,凱基-中港,2023-04-18,9202
00725B,國泰投資級公司債,16,0,16,凱基-中港,2023-04-18,9202
8299,群聯,17,1,16,凱基-中港,2023-04-18,9202
00715L,期街口布蘭特正2,21,5,16,凱基-中港,2023-04-18,9202
3013,晟銘電,18,2,16,凱基-中港,2023-04-18,9202
3594,磐儀,15,0,15,凱基-中港,2023-04-18,9202
1314,中石化,15,0,15,凱基-中港,2023-04-18,9202
00772B,中信高評級公司債,15,0,15,凱基-中港,2023-04-18,9202
1605,華新,19,4,15,凱基-中港,2023-04-18,9202
2453,凌群,91,77,14,凱基-中港,2023-04-18,9202
5309,系統電,23,9,14,凱基-中港,2023-04-18,9202
3714,富采,22,8,14,凱基-中港,2023-04-18,9202
2603,長榮,23,9,14,凱基-中港,2023-04-18,9202
6790,永豐實,13,0,13,凱基-中港,2023-04-18,9202
3504,揚明光,13,0,13,凱基-中港,2023-04-18,9202
6282,康舒,58,46,12,凱基-中港,2023-04-18,9202
2002,中鋼,241,0,241,凱基-中港,2023-04-19,9202
3363,上詮,259,23,236,凱基-中港,2023-04-19,9202
3481,群創,306,161,145,凱基-中港,2023-04-19,9202
2633,台灣高鐵,140,1,139,凱基-中港,2023-04-19,9202
2105,正新,105,0,105,凱基-中港,2023-04-19,9202
00772B,中信高評級公司債,101,0,101,凱基-中港,2023-04-19,9202
2888,新光金,100,0,100,凱基-中港,2023-04-19,9202
00712,復華富時不動產,95,0,95,凱基-中港,2023-04-19,9202
5512,力麒,99,21,78,凱基-中港,2023-04-19,9202
00751B,元大AAA至A公司債,60,0,60,凱基-中港,2023-04-19,9202
1444,力麗,57,0,57,凱基-中港,2023-04-19,9202
2330,台積電,43,3,40,凱基-中港,2023-04-19,9202
1802,台玻,35,1,34,凱基-中港,2023-04-19,9202
2834,臺企銀,41,9,32,凱基-中港,2023-04-19,9202
4919,新唐,33,1,32,凱基-中港,2023-04-19,9202
6770,力積電,35,3,32,凱基-中港,2023-04-19,9202
00676R,富邦臺灣加權反1,30,0,30,凱基-中港,2023-04-19,9202
2601,益航,31,1,30,凱基-中港,2023-04-19,9202
2495,普安,87,57,30,凱基-中港,2023-04-19,9202
3339,泰谷,28,0,28,凱基-中港,2023-04-19,9202
1440,南紡,26,1,25,凱基-中港,2023-04-19,9202
2317,鴻海,37,12,25,凱基-中港,2023-04-19,9202
3058,立德,25,1,24,凱基-中港,2023-04-19,9202
2402,毅嘉,30,7,23,凱基-中港,2023-04-19,9202
2027,大成鋼,22,0,22,凱基-中港,2023-04-19,9202
2344,華邦電,41,19,22,凱基-中港,2023-04-19,9202
5439,高技,21,0,21,凱基-中港,2023-04-19,9202
00679B,元大美債20年,21,0,21,凱基-中港,2023-04-19,9202
2886,兆豐金,22,2,20,凱基-中港,2023-04-19,9202
5309,系統電,22,2,20,凱基-中港,2023-04-19,9202
2450,神腦,21,1,20,凱基-中港,2023-04-19,9202
2637,慧洋-KY,19,0,19,凱基-中港,2023-04-19,9202
1810,和成,22,3,19,凱基-中港,2023-04-19,9202
1301,台塑,20,1,19,凱基-中港,2023-04-19,9202
3022,威強電,27,8,19,凱基-中港,2023-04-19,9202
3673,TPK-KY,77,58,19,凱基-中港,2023-04-19,9202
2331,精英,20,1,19,凱基-中港,2023-04-19,9202
2303,聯電,20,2,18,凱基-中港,2023-04-19,9202
6266,泰詠,16,0,16,凱基-中港,2023-04-19,9202
0050,元大台灣50,18,2,16,凱基-中港,2023-04-19,9202
00922,國泰台灣領袖50,16,0,16,凱基-中港,2023-04-19,9202
6411,晶焱,18,3,15,凱基-中港,2023-04-19,9202
8046,南電,13,0,13,凱基-中港,2023-04-19,9202
5328,華容,13,0,13,凱基-中港,2023-04-19,9202
2453,凌群,39,27,12,凱基-中港,2023-04-19,9202
6185,幃翔,24,12,12,凱基-中港,2023-04-19,9202
2897,王道銀行,12,0,12,凱基-中港,2023-04-19,9202
00882,中信中國高股息,12,0,12,凱基-中港,2023-04-19,9202
00720B,元大投資級公司債,12,0,12,凱基-中港,2023-04-19,9202
4142,國光生,13,1,12,凱基-中港,2023-04-19,9202
2002,中鋼,274,11,263,凱基-中港,2023-04-20,9202
2022,聚亨,235,0,235,凱基-中港,2023-04-20,9202
00671R,富邦NASDAQ反1,155,0,155,凱基-中港,2023-04-20,9202
3484,崧騰,136,0,136,凱基-中港,2023-04-20,9202
3481,群創,114,18,96,凱基-中港,2023-04-20,9202
00878,國泰永續高股息,79,13,66,凱基-中港,2023-04-20,9202
6668,中揚光,60,0,60,凱基-中港,2023-04-20,9202
2314,台揚,73,17,56,凱基-中港,2023-04-20,9202
00772B,中信高評級公司債,55,0,55,凱基-中港,2023-04-20,9202
6443,元晶,59,5,54,凱基-中港,2023-04-20,9202
2637,慧洋-KY,42,0,42,凱基-中港,2023-04-20,9202
2481,強茂,43,2,41,凱基-中港,2023-04-20,9202
2913,農林,82,42,40,凱基-中港,2023-04-20,9202
2484,希華,51,16,35,凱基-中港,2023-04-20,9202
6770,力積電,36,3,33,凱基-中港,2023-04-20,9202
6441,廣錠,31,0,31,凱基-中港,2023-04-20,9202
5309,系統電,34,3,31,凱基-中港,2023-04-20,9202
3576,聯合再生,42,11,31,凱基-中港,2023-04-20,9202
4967,十銓,30,0,30,凱基-中港,2023-04-20,9202
00673R,期元大S＆P原油反1,31,5,26,凱基-中港,2023-04-20,9202
6485,點序,27,1,26,凱基-中港,2023-04-20,9202
00664R,國泰臺灣加權反1,25,0,25,凱基-中港,2023-04-20,9202
00885,富邦越南,25,0,25,凱基-中港,2023-04-20,9202
2409,友達,38,14,24,凱基-中港,2023-04-20,9202
00720B,元大投資級公司債,24,0,24,凱基-中港,2023-04-20,9202
2014,中鴻,23,0,23,凱基-中港,2023-04-20,9202
3047,訊舟,26,3,23,凱基-中港,2023-04-20,9202
1809,中釉,29,7,22,凱基-中港,2023-04-20,9202
2344,華邦電,22,0,22,凱基-中港,2023-04-20,9202
1584,精剛,21,0,21,凱基-中港,2023-04-20,9202
2312,金寶,21,0,21,凱基-中港,2023-04-20,9202
8940,新天地,21,0,21,凱基-中港,2023-04-20,9202
6148,驊宏資,27,8,19,凱基-中港,2023-04-20,9202
2610,華航,51,32,19,凱基-中港,2023-04-20,9202
3231,緯創,57,40,17,凱基-中港,2023-04-20,9202
8111,立��,137,120,17,凱基-中港,2023-04-20,9202
6290,良維,27,11,16,凱基-中港,2023-04-20,9202
8121,越峰,16,0,16,凱基-中港,2023-04-20,9202
5483,中美晶,18,3,15,凱基-中港,2023-04-20,9202
1529,樂事綠能,16,1,15,凱基-中港,2023-04-20,9202
00680L,元大美債20正2,15,0,15,凱基-中港,2023-04-20,9202
8076,伍豐,15,0,15,凱基-中港,2023-04-20,9202
3092,鴻碩,15,0,15,凱基-中港,2023-04-20,9202
3029,零壹,20,6,14,凱基-中港,2023-04-20,9202
2444,兆勁,15,1,14,凱基-中港,2023-04-20,9202
3038,全台,14,0,14,凱基-中港,2023-04-20,9202
1760,寶齡富錦,30,17,13,凱基-中港,2023-04-20,9202
1444,力麗,24,11,13,凱基-中港,2023-04-20,9202
2327,國巨,12,0,12,凱基-中港,2023-04-20,9202
3652,精聯,18,6,12,凱基-中港,2023-04-20,9202
2002,中鋼,515,2,513,凱基-中港,2023-04-21,9202
00671R,富邦NASDAQ反1,318,0,318,凱基-中港,2023-04-21,9202
2610,華航,273,9,264,凱基-中港,2023-04-21,9202
2609,陽明,260,63,197,凱基-中港,2023-04-21,9202
2618,長榮航,88,5,83,凱基-中港,2023-04-21,9202
3363,上詮,78,0,78,凱基-中港,2023-04-21,9202
1101,台泥,163,92,71,凱基-中港,2023-04-21,9202
2605,新興,71,1,70,凱基-中港,2023-04-21,9202
2615,萬海,86,22,64,凱基-中港,2023-04-21,9202
2419,仲琦,64,0,64,凱基-中港,2023-04-21,9202
912000,晨訊科-DR,60,0,60,凱基-中港,2023-04-21,9202
6282,康舒,166,120,46,凱基-中港,2023-04-21,9202
2014,中鴻,42,0,42,凱基-中港,2023-04-21,9202
1752,南光,45,13,32,凱基-中港,2023-04-21,9202
6285,啟��,41,10,31,凱基-中港,2023-04-21,9202
00878,國泰永續高股息,31,1,30,凱基-中港,2023-04-21,9202
6770,力積電,66,37,29,凱基-中港,2023-04-21,9202
4919,新唐,30,1,29,凱基-中港,2023-04-21,9202
1522,堤維西,30,1,29,凱基-中港,2023-04-21,9202
00751B,元大AAA至A公司債,28,0,28,凱基-中港,2023-04-21,9202
2105,正新,28,0,28,凱基-中港,2023-04-21,9202
00673R,期元大S＆P原油反1,40,12,28,凱基-中港,2023-04-21,9202
0056,元大高股息,37,10,27,凱基-中港,2023-04-21,9202
2402,毅嘉,27,0,27,凱基-中港,2023-04-21,9202
6244,茂迪,120,94,26,凱基-中港,2023-04-21,9202
2476,鉅祥,22,0,22,凱基-中港,2023-04-21,9202
3149,正達,27,5,22,凱基-中港,2023-04-21,9202
6218,豪勉,25,3,22,凱基-中港,2023-04-21,9202
6290,良維,21,0,21,凱基-中港,2023-04-21,9202
2482,連宇,21,1,20,凱基-中港,2023-04-21,9202
2481,強茂,41,21,20,凱基-中港,2023-04-21,9202
00893,國泰智能電動車,26,6,20,凱基-中港,2023-04-21,9202
3047,訊舟,19,0,19,凱基-中港,2023-04-21,9202
5880,合庫金,20,1,19,凱基-中港,2023-04-21,9202
6415,矽力*-KY,18,0,18,凱基-中港,2023-04-21,9202
00720B,元大投資級公司債,18,0,18,凱基-中港,2023-04-21,9202
5243,乙盛-KY,26,9,17,凱基-中港,2023-04-21,9202
3058,立德,32,15,17,凱基-中港,2023-04-21,9202
3028,增你強,17,0,17,凱基-中港,2023-04-21,9202
00642U,期元大S＆P石油,17,0,17,凱基-中港,2023-04-21,9202
1760,寶齡富錦,24,8,16,凱基-中港,2023-04-21,9202
2485,兆赫,16,0,16,凱基-中港,2023-04-21,9202
00900,富邦特選高股息30,16,0,16,凱基-中港,2023-04-21,9202
2420,新巨,16,0,16,凱基-中港,2023-04-21,9202
6271,同欣電,20,5,15,凱基-中港,2023-04-21,9202
3003,健和興,21,6,15,凱基-中港,2023-04-21,9202
1810,和成,26,11,15,凱基-中港,2023-04-21,9202
1785,光洋科,15,0,15,凱基-中港,2023-04-21,9202
4934,太極,20,6,14,凱基-中港,2023-04-21,9202
1904,正隆,33,19,14,凱基-中港,2023-04-21,9202
00632R,元大台灣50反1,516,50,466,凱基-中港,2023-04-24,9202
2002,中鋼,427,10,417,凱基-中港,2023-04-24,9202
6282,康舒,165,21,144,凱基-中港,2023-04-24,9202
00680L,元大美債20正2,130,0,130,凱基-中港,2023-04-24,9202
9962,有益,100,0,100,凱基-中港,2023-04-24,9202
2369,菱生,50,0,50,凱基-中港,2023-04-24,9202
2537,聯上發,47,0,47,凱基-中港,2023-04-24,9202
5211,蒙恬,82,43,39,凱基-中港,2023-04-24,9202
1905,華紙,64,31,33,凱基-中港,2023-04-24,9202
2610,華航,35,2,33,凱基-中港,2023-04-24,9202
00902,中信電池及儲能,32,0,32,凱基-中港,2023-04-24,9202
00637L,元大滬深300正2,33,3,30,凱基-中港,2023-04-24,9202
00878,國泰永續高股息,39,9,30,凱基-中港,2023-04-24,9202
2618,長榮航,30,5,25,凱基-中港,2023-04-24,9202
1101,台泥,68,43,25,凱基-中港,2023-04-24,9202
3029,零壹,23,1,22,凱基-中港,2023-04-24,9202
6182,合晶,21,0,21,凱基-中港,2023-04-24,9202
00712,復華富時不動產,25,4,21,凱基-中港,2023-04-24,9202
8936,國統,21,0,21,凱基-中港,2023-04-24,9202
3058,立德,23,2,21,凱基-中港,2023-04-24,9202
8222,寶一,25,4,21,凱基-中港,2023-04-24,9202
4123,晟德,22,3,19,凱基-中港,2023-04-24,9202
0050,元大台灣50,18,0,18,凱基-中港,2023-04-24,9202
2913,農林,332,315,17,凱基-中港,2023-04-24,9202
1605,華新,19,2,17,凱基-中港,2023-04-24,9202
6244,茂迪,30,14,16,凱基-中港,2023-04-24,9202
6443,元晶,17,1,16,凱基-中港,2023-04-24,9202
1504,東元,31,16,15,凱基-中港,2023-04-24,9202
1710,東聯,20,5,15,凱基-中港,2023-04-24,9202
6668,中揚光,14,0,14,凱基-中港,2023-04-24,9202
3078,僑威,15,1,14,凱基-中港,2023-04-24,9202
2313,華通,14,1,13,凱基-中港,2023-04-24,9202
5009,榮剛,20,7,13,凱基-中港,2023-04-24,9202
3305,昇貿,13,0,13,凱基-中港,2023-04-24,9202
3224,三顧,12,0,12,凱基-中港,2023-04-24,9202
00720B,元大投資級公司債,13,2,11,凱基-中港,2023-04-24,9202
1304,台聚,11,0,11,凱基-中港,2023-04-24,9202
6129,普誠,11,0,11,凱基-中港,2023-04-24,9202
6112,邁達特,21,10,11,凱基-中港,2023-04-24,9202
1907,永豐餘,140,130,10,凱基-中港,2023-04-24,9202
1310,台苯,11,1,10,凱基-中港,2023-04-24,9202
6770,力積電,14,4,10,凱基-中港,2023-04-24,9202
3479,安勤,10,0,10,凱基-中港,2023-04-24,9202
5475,德宏,10,0,10,凱基-中港,2023-04-24,9202
00665L,富邦�琤肭磪囓�2,10,0,10,凱基-中港,2023-04-24,9202
00664R,國泰臺灣加權反1,10,0,10,凱基-中港,2023-04-24,9202
00683L,期元大美元指正2,10,0,10,凱基-中港,2023-04-24,9202
1109,信大,10,0,10,凱基-中港,2023-04-24,9202
6288,聯嘉,11,1,10,凱基-中港,2023-04-24,9202
00922,國泰台灣領袖50,10,0,10,凱基-中港,2023-04-24,9202
2002,中鋼,1396,1,1395,凱基-中港,2023-04-25,9202
00632R,元大台灣50反1,1053,692,361,凱基-中港,2023-04-25,9202
00878,國泰永續高股息,122,5,117,凱基-中港,2023-04-25,9202
00664R,國泰臺灣加權反1,100,0,100,凱基-中港,2023-04-25,9202
9962,有益,104,8,96,凱基-中港,2023-04-25,9202
00673R,期元大S＆P原油反1,101,7,94,凱基-中港,2023-04-25,9202
0056,元大高股息,84,0,84,凱基-中港,2023-04-25,9202
2515,中工,107,30,77,凱基-中港,2023-04-25,9202
2303,聯電,68,12,56,凱基-中港,2023-04-25,9202
3481,群創,57,1,56,凱基-中港,2023-04-25,9202
3715,定穎投控,51,0,51,凱基-中港,2023-04-25,9202
2108,南帝,50,0,50,凱基-中港,2023-04-25,9202
2609,陽明,47,1,46,凱基-中港,2023-04-25,9202
1310,台苯,136,91,45,凱基-中港,2023-04-25,9202
00893,國泰智能電動車,45,7,38,凱基-中港,2023-04-25,9202
00900,富邦特選高股息30,37,0,37,凱基-中港,2023-04-25,9202
5465,富驊,42,5,37,凱基-中港,2023-04-25,9202
2913,農林,41,5,36,凱基-中港,2023-04-25,9202
0050,元大台灣50,37,1,36,凱基-中港,2023-04-25,9202
00751B,元大AAA至A公司債,35,0,35,凱基-中港,2023-04-25,9202
00922,國泰台灣領袖50,30,0,30,凱基-中港,2023-04-25,9202
2014,中鴻,30,1,29,凱基-中港,2023-04-25,9202
1907,永豐餘,39,10,29,凱基-中港,2023-04-25,9202
6282,康舒,79,50,29,凱基-中港,2023-04-25,9202
1101,台泥,43,14,29,凱基-中港,2023-04-25,9202
4977,眾達-KY,31,3,28,凱基-中港,2023-04-25,9202
1714,和桐,25,0,25,凱基-中港,2023-04-25,9202
2344,華邦電,25,0,25,凱基-中港,2023-04-25,9202
3363,上詮,34,10,24,凱基-中港,2023-04-25,9202
00891,中信關鍵半導體,23,0,23,凱基-中港,2023-04-25,9202
2484,希華,23,0,23,凱基-中港,2023-04-25,9202
2633,台灣高鐵,25,2,23,凱基-中港,2023-04-25,9202
1219,福壽,22,0,22,凱基-中港,2023-04-25,9202
2206,三陽工業,74,53,21,凱基-中港,2023-04-25,9202
00676R,富邦臺灣加權反1,21,0,21,凱基-中港,2023-04-25,9202
2867,三商壽,21,0,21,凱基-中港,2023-04-25,9202
1709,和益,37,16,21,凱基-中港,2023-04-25,9202
00692,富邦公司治理,20,0,20,凱基-中港,2023-04-25,9202
1514,亞力,20,0,20,凱基-中港,2023-04-25,9202
00902,中信電池及儲能,19,0,19,凱基-中港,2023-04-25,9202
1503,士電,78,59,19,凱基-中港,2023-04-25,9202
3308,聯德,19,0,19,凱基-中港,2023-04-25,9202
8033,雷虎,23,5,18,凱基-中港,2023-04-25,9202
5425,台半,26,8,18,凱基-中港,2023-04-25,9202
8222,寶一,40,22,18,凱基-中港,2023-04-25,9202
2495,普安,22,5,17,凱基-中港,2023-04-25,9202
00905,FT臺灣Smart,16,0,16,凱基-中港,2023-04-25,9202
2449,京元電子,16,0,16,凱基-中港,2023-04-25,9202
2313,華通,16,0,16,凱基-中港,2023-04-25,9202
2367,燿華,17,1,16,凱基-中港,2023-04-25,9202
2002,中鋼,559,41,518,凱基-中港,2023-04-26,9202
00671R,富邦NASDAQ反1,354,1,353,凱基-中港,2023-04-26,9202
00669R,國泰美國道瓊反1,250,20,230,凱基-中港,2023-04-26,9202
00712,復華富時不動產,97,0,97,凱基-中港,2023-04-26,9202
00885,富邦越南,83,0,83,凱基-中港,2023-04-26,9202
2610,華航,72,1,71,凱基-中港,2023-04-26,9202
2609,陽明,82,13,69,凱基-中港,2023-04-26,9202
1904,正隆,62,6,56,凱基-中港,2023-04-26,9202
00687B,國泰20年美債,50,3,47,凱基-中港,2023-04-26,9202
2409,友達,63,20,43,凱基-中港,2023-04-26,9202
6770,力積電,47,6,41,凱基-中港,2023-04-26,9202
1905,華紙,98,67,31,凱基-中港,2023-04-26,9202
4979,華星光,34,3,31,凱基-中港,2023-04-26,9202
00751B,元大AAA至A公司債,35,6,29,凱基-中港,2023-04-26,9202
2314,台揚,24,0,24,凱基-中港,2023-04-26,9202
4726,永昕,23,0,23,凱基-中港,2023-04-26,9202
1218,泰山,20,0,20,凱基-中港,2023-04-26,9202
0050,元大台灣50,24,5,19,凱基-中港,2023-04-26,9202
2353,宏��,33,14,19,凱基-中港,2023-04-26,9202
3029,零壹,18,0,18,凱基-中港,2023-04-26,9202
2634,漢翔,51,34,17,凱基-中港,2023-04-26,9202
6005,群益證,20,3,17,凱基-中港,2023-04-26,9202
2630,亞航,18,1,17,凱基-中港,2023-04-26,9202
00893,國泰智能電動車,18,1,17,凱基-中港,2023-04-26,9202
2027,大成鋼,18,1,17,凱基-中港,2023-04-26,9202
2303,聯電,19,2,17,凱基-中港,2023-04-26,9202
0056,元大高股息,28,11,17,凱基-中港,2023-04-26,9202
3047,訊舟,16,1,15,凱基-中港,2023-04-26,9202
1605,華新,42,28,14,凱基-中港,2023-04-26,9202
00900,富邦特選高股息30,13,0,13,凱基-中港,2023-04-26,9202
00715L,期街口布蘭特正2,13,0,13,凱基-中港,2023-04-26,9202
8215,明基材,12,0,12,凱基-中港,2023-04-26,9202
2402,毅嘉,15,3,12,凱基-中港,2023-04-26,9202
6112,邁達特,12,0,12,凱基-中港,2023-04-26,9202
2471,資通,34,23,11,凱基-中港,2023-04-26,9202
00922,國泰台灣領袖50,11,0,11,凱基-中港,2023-04-26,9202
6125,廣運,11,0,11,凱基-中港,2023-04-26,9202
3711,日月光投控,11,0,11,凱基-中港,2023-04-26,9202
0061,元大寶滬深,10,0,10,凱基-中港,2023-04-26,9202
5309,系統電,11,1,10,凱基-中港,2023-04-26,9202
2476,鉅祥,10,0,10,凱基-中港,2023-04-26,9202
1762,中化生,11,1,10,凱基-中港,2023-04-26,9202
00891,中信關鍵半導體,10,0,10,凱基-中港,2023-04-26,9202
6111,大宇資,11,1,10,凱基-中港,2023-04-26,9202
00683L,期元大美元指正2,10,0,10,凱基-中港,2023-04-26,9202
3209,全科,10,0,10,凱基-中港,2023-04-26,9202
6244,茂迪,29,19,10,凱基-中港,2023-04-26,9202
00692,富邦公司治理,10,0,10,凱基-中港,2023-04-26,9202
8936,國統,10,0,10,凱基-中港,2023-04-26,9202
2462,良得電,10,0,10,凱基-中港,2023-04-26,9202
2002,中鋼,365,0,365,凱基-中港,2023-04-27,9202
2609,陽明,94,3,91,凱基-中港,2023-04-27,9202
00712,復華富時不動產,73,4,69,凱基-中港,2023-04-27,9202
3105,穩懋,55,2,53,凱基-中港,2023-04-27,9202
00878,國泰永續高股息,54,6,48,凱基-中港,2023-04-27,9202
1605,華新,42,1,41,凱基-中港,2023-04-27,9202
1101,台泥,49,14,35,凱基-中港,2023-04-27,9202
2801,彰銀,34,2,32,凱基-中港,2023-04-27,9202
5351,鈺創,32,1,31,凱基-中港,2023-04-27,9202
00720B,元大投資級公司債,30,0,30,凱基-中港,2023-04-27,9202
00648R,元大S＆P500反1,30,0,30,凱基-中港,2023-04-27,9202
00669R,國泰美國道瓊反1,30,0,30,凱基-中港,2023-04-27,9202
3484,崧騰,32,4,28,凱基-中港,2023-04-27,9202
2883,凱基金,34,6,28,凱基-中港,2023-04-27,9202
00680L,元大美債20正2,26,0,26,凱基-中港,2023-04-27,9202
1907,永豐餘,30,6,24,凱基-中港,2023-04-27,9202
2409,友達,30,10,20,凱基-中港,2023-04-27,9202
2324,仁寶,20,0,20,凱基-中港,2023-04-27,9202
3029,零壹,20,0,20,凱基-中港,2023-04-27,9202
4968,立積,23,3,20,凱基-中港,2023-04-27,9202
1710,東聯,45,25,20,凱基-中港,2023-04-27,9202
00715L,期街口布蘭特正2,22,2,20,凱基-中港,2023-04-27,9202
1219,福壽,20,0,20,凱基-中港,2023-04-27,9202
00903,富邦元宇宙,20,0,20,凱基-中港,2023-04-27,9202
2330,台積電,31,12,19,凱基-中港,2023-04-27,9202
2344,華邦電,37,19,18,凱基-中港,2023-04-27,9202
2633,台灣高鐵,17,0,17,凱基-中港,2023-04-27,9202
00725B,國泰投資級公司債,16,0,16,凱基-中港,2023-04-27,9202
1513,中興電,34,20,14,凱基-中港,2023-04-27,9202
2027,大成鋼,14,0,14,凱基-中港,2023-04-27,9202
0050,元大台灣50,14,0,14,凱基-中港,2023-04-27,9202
1108,幸福,15,2,13,凱基-中港,2023-04-27,9202
6244,茂迪,14,2,12,凱基-中港,2023-04-27,9202
2402,毅嘉,17,5,12,凱基-中港,2023-04-27,9202
1215,卜蜂,12,0,12,凱基-中港,2023-04-27,9202
6753,龍德造船,12,0,12,凱基-中港,2023-04-27,9202
00900,富邦特選高股息30,11,0,11,凱基-中港,2023-04-27,9202
00902,中信電池及儲能,11,0,11,凱基-中港,2023-04-27,9202
5371,中光電,13,2,11,凱基-中港,2023-04-27,9202
4128,中天,11,0,11,凱基-中港,2023-04-27,9202
1720,生達,12,2,10,凱基-中港,2023-04-27,9202
3587,閎康,10,0,10,凱基-中港,2023-04-27,9202
00642U,期元大S＆P石油,10,0,10,凱基-中港,2023-04-27,9202
1104,環泥,10,0,10,凱基-中港,2023-04-27,9202
1471,首利,25,15,10,凱基-中港,2023-04-27,9202
3078,僑威,13,3,10,凱基-中港,2023-04-27,9202
3481,群創,45,35,10,凱基-中港,2023-04-27,9202
2495,普安,10,1,9,凱基-中港,2023-04-27,9202
0056,元大高股息,16,7,9,凱基-中港,2023-04-27,9202
6160,欣技,10,1,9,凱基-中港,2023-04-27,9202
00671R,富邦NASDAQ反1,358,0,358,凱基-中港,2023-04-28,9202
00669R,國泰美國道瓊反1,276,0,276,凱基-中港,2023-04-28,9202
00878,國泰永續高股息,136,7,129,凱基-中港,2023-04-28,9202
2302,麗正,116,0,116,凱基-中港,2023-04-28,9202
2883,凱基金,84,1,83,凱基-中港,2023-04-28,9202
1727,中華化,93,40,53,凱基-中港,2023-04-28,9202
5009,榮剛,56,3,53,凱基-中港,2023-04-28,9202
2888,新光金,52,5,47,凱基-中港,2023-04-28,9202
00680L,元大美債20正2,51,5,46,凱基-中港,2023-04-28,9202
1514,亞力,36,0,36,凱基-中港,2023-04-28,9202
2634,漢翔,59,26,33,凱基-中港,2023-04-28,9202
00632R,元大台灣50反1,71,40,31,凱基-中港,2023-04-28,9202
2618,長榮航,35,4,31,凱基-中港,2023-04-28,9202
2892,第一金,30,1,29,凱基-中港,2023-04-28,9202
2471,資通,53,27,26,凱基-中港,2023-04-28,9202
3419,譁裕,32,9,23,凱基-中港,2023-04-28,9202
3481,群創,31,8,23,凱基-中港,2023-04-28,9202
6285,啟��,22,1,21,凱基-中港,2023-04-28,9202
1108,幸福,21,0,21,凱基-中港,2023-04-28,9202
6235,華孚,23,2,21,凱基-中港,2023-04-28,9202
6005,群益證,21,1,20,凱基-中港,2023-04-28,9202
2610,華航,20,1,19,凱基-中港,2023-04-28,9202
6548,長科*,20,1,19,凱基-中港,2023-04-28,9202
2457,飛宏,32,14,18,凱基-中港,2023-04-28,9202
6182,合晶,18,1,17,凱基-中港,2023-04-28,9202
4503,金雨,17,0,17,凱基-中港,2023-04-28,9202
6461,益得,17,0,17,凱基-中港,2023-04-28,9202
4123,晟德,17,1,16,凱基-中港,2023-04-28,9202
1809,中釉,18,2,16,凱基-中港,2023-04-28,9202
4714,永捷,15,0,15,凱基-中港,2023-04-28,9202
6244,茂迪,20,5,15,凱基-中港,2023-04-28,9202
2603,長榮,21,7,14,凱基-中港,2023-04-28,9202
8215,明基材,14,0,14,凱基-中港,2023-04-28,9202
8059,凱碩,14,0,14,凱基-中港,2023-04-28,9202
6109,亞元,12,0,12,凱基-中港,2023-04-28,9202
6668,中揚光,12,0,12,凱基-中港,2023-04-28,9202
8011,台通,12,0,12,凱基-中港,2023-04-28,9202
2352,佳世達,17,6,11,凱基-中港,2023-04-28,9202
1714,和桐,11,0,11,凱基-中港,2023-04-28,9202
2367,燿華,11,0,11,凱基-中港,2023-04-28,9202
1338,廣華-KY,11,0,11,凱基-中港,2023-04-28,9202
6160,欣技,12,1,11,凱基-中港,2023-04-28,9202
1720,生達,55,45,10,凱基-中港,2023-04-28,9202
1734,杏輝,11,1,10,凱基-中港,2023-04-28,9202
3533,嘉澤,10,0,10,凱基-中港,2023-04-28,9202
2630,亞航,10,0,10,凱基-中港,2023-04-28,9202
2062,橋椿,10,0,10,凱基-中港,2023-04-28,9202
1219,福壽,10,0,10,凱基-中港,2023-04-28,9202
4105,東洋,10,0,10,凱基-中港,2023-04-28,9202
6531,愛普*,11,1,10,凱基-中港,2023-04-28,9202
6548,長科*,367,0,367,凱基-中港,2023-05-02,9202
8070,長華*,131,0,131,凱基-中港,2023-05-02,9202
2609,陽明,92,25,67,凱基-中港,2023-05-02,9202
1101,台泥,146,85,61,凱基-中港,2023-05-02,9202
00680L,元大美債20正2,57,0,57,凱基-中港,2023-05-02,9202
00679B,元大美債20年,49,0,49,凱基-中港,2023-05-02,9202
00720B,元大投資級公司債,48,0,48,凱基-中港,2023-05-02,9202
2913,農林,57,10,47,凱基-中港,2023-05-02,9202
2471,資通,59,14,45,凱基-中港,2023-05-02,9202
2344,華邦電,51,11,40,凱基-中港,2023-05-02,9202
1528,恩德,39,2,37,凱基-中港,2023-05-02,9202
6282,康舒,61,26,35,凱基-中港,2023-05-02,9202
2371,大同,41,7,34,凱基-中港,2023-05-02,9202
2634,漢翔,100,67,33,凱基-中港,2023-05-02,9202
2603,長榮,38,6,32,凱基-中港,2023-05-02,9202
00773B,中信優先金融債,31,0,31,凱基-中港,2023-05-02,9202
00893,國泰智能電動車,30,0,30,凱基-中港,2023-05-02,9202
2482,連宇,68,38,30,凱基-中港,2023-05-02,9202
3363,上詮,102,73,29,凱基-中港,2023-05-02,9202
5009,榮剛,33,7,26,凱基-中港,2023-05-02,9202
00772B,中信高評級公司債,24,0,24,凱基-中港,2023-05-02,9202
1905,華紙,64,40,24,凱基-中港,2023-05-02,9202
3013,晟銘電,20,0,20,凱基-中港,2023-05-02,9202
3594,磐儀,20,0,20,凱基-中港,2023-05-02,9202
3071,協禧,21,1,20,凱基-中港,2023-05-02,9202
3290,東浦,20,0,20,凱基-中港,2023-05-02,9202
1337,再生-KY,20,0,20,凱基-中港,2023-05-02,9202
2618,長榮航,22,3,19,凱基-中港,2023-05-02,9202
1303,南亞,16,0,16,凱基-中港,2023-05-02,9202
1219,福壽,15,0,15,凱基-中港,2023-05-02,9202
1709,和益,15,0,15,凱基-中港,2023-05-02,9202
3029,零壹,36,22,14,凱基-中港,2023-05-02,9202
8121,越峰,18,4,14,凱基-中港,2023-05-02,9202
2103,台橡,15,1,14,凱基-中港,2023-05-02,9202
3701,大眾控,17,3,14,凱基-中港,2023-05-02,9202
2883,凱基金,14,0,14,凱基-中港,2023-05-02,9202
1609,大亞,49,36,13,凱基-中港,2023-05-02,9202
6535,順藥,15,2,13,凱基-中港,2023-05-02,9202
2208,台船,18,6,12,凱基-中港,2023-05-02,9202
2801,彰銀,19,7,12,凱基-中港,2023-05-02,9202
00642U,期元大S＆P石油,13,2,11,凱基-中港,2023-05-02,9202
2605,新興,11,0,11,凱基-中港,2023-05-02,9202
2484,希華,11,0,11,凱基-中港,2023-05-02,9202
00751B,元大AAA至A公司債,11,0,11,凱基-中港,2023-05-02,9202
00665L,富邦�琤肭磪囓�2,31,20,11,凱基-中港,2023-05-02,9202
6288,聯嘉,63,52,11,凱基-中港,2023-05-02,9202
2308,台達電,13,3,10,凱基-中港,2023-05-02,9202
6411,晶焱,10,0,10,凱基-中港,2023-05-02,9202
2601,益航,10,0,10,凱基-中港,2023-05-02,9202
2014,中鴻,10,0,10,凱基-中港,2023-05-02,9202
00712,復華富時不動產,139,0,139,凱基-中港,2023-05-03,9202
00635U,期元大S＆P黃金,120,0,120,凱基-中港,2023-05-03,9202
00708L,期元大S＆P黃金正2,100,0,100,凱基-中港,2023-05-03,9202
6770,力積電,88,3,85,凱基-中港,2023-05-03,9202
1314,中石化,83,0,83,凱基-中港,2023-05-03,9202
2603,長榮,97,14,83,凱基-中港,2023-05-03,9202
00878,國泰永續高股息,78,2,76,凱基-中港,2023-05-03,9202
1513,中興電,74,12,62,凱基-中港,2023-05-03,9202
00715L,期街口布蘭特正2,58,0,58,凱基-中港,2023-05-03,9202
2615,萬海,57,5,52,凱基-中港,2023-05-03,9202
00637L,元大滬深300正2,50,0,50,凱基-中港,2023-05-03,9202
3481,群創,39,5,34,凱基-中港,2023-05-03,9202
1514,亞力,55,22,33,凱基-中港,2023-05-03,9202
00642U,期元大S＆P石油,33,0,33,凱基-中港,2023-05-03,9202
1101,台泥,36,4,32,凱基-中港,2023-05-03,9202
1907,永豐餘,30,0,30,凱基-中港,2023-05-03,9202
2419,仲琦,25,0,25,凱基-中港,2023-05-03,9202
2344,華邦電,28,3,25,凱基-中港,2023-05-03,9202
2630,亞航,24,2,22,凱基-中港,2023-05-03,9202
4746,台耀,35,13,22,凱基-中港,2023-05-03,9202
2884,玉山金,33,14,19,凱基-中港,2023-05-03,9202
2892,第一金,20,1,19,凱基-中港,2023-05-03,9202
1310,台苯,45,27,18,凱基-中港,2023-05-03,9202
3032,偉訓,21,4,17,凱基-中港,2023-05-03,9202
00690,兆豐藍籌30,16,0,16,凱基-中港,2023-05-03,9202
2913,農林,30,16,14,凱基-中港,2023-05-03,9202
2609,陽明,69,56,13,凱基-中港,2023-05-03,9202
5009,榮剛,19,6,13,凱基-中港,2023-05-03,9202
00682U,期元大美元指數,13,0,13,凱基-中港,2023-05-03,9202
3078,僑威,14,2,12,凱基-中港,2023-05-03,9202
1809,中釉,36,24,12,凱基-中港,2023-05-03,9202
2633,台灣高鐵,12,0,12,凱基-中港,2023-05-03,9202
1210,大成,12,0,12,凱基-中港,2023-05-03,9202
2409,友達,11,0,11,凱基-中港,2023-05-03,9202
9942,茂順,16,5,11,凱基-中港,2023-05-03,9202
6712,長聖,18,7,11,凱基-中港,2023-05-03,9202
3380,明泰,11,0,11,凱基-中港,2023-05-03,9202
6244,茂迪,18,7,11,凱基-中港,2023-05-03,9202
4916,事欣科,10,0,10,凱基-中港,2023-05-03,9202
1605,華新,12,2,10,凱基-中港,2023-05-03,9202
3704,合勤控,10,0,10,凱基-中港,2023-05-03,9202
2022,聚亨,11,1,10,凱基-中港,2023-05-03,9202
3015,全漢,12,2,10,凱基-中港,2023-05-03,9202
00753L,中信中國50正2,10,0,10,凱基-中港,2023-05-03,9202
6538,倉和,10,0,10,凱基-中港,2023-05-03,9202
2062,橋椿,10,0,10,凱基-中港,2023-05-03,9202
6548,長科*,10,0,10,凱基-中港,2023-05-03,9202
6179,亞通,11,1,10,凱基-中港,2023-05-03,9202
3025,星通,11,1,10,凱基-中港,2023-05-03,9202
00905,FT臺灣Smart,9,0,9,凱基-中港,2023-05-03,9202
00715L,期街口布蘭特正2,138,11,127,凱基-中港,2023-05-04,9202
00712,復華富時不動產,126,6,120,凱基-中港,2023-05-04,9202
2489,瑞軒,120,2,118,凱基-中港,2023-05-04,9202
00878,國泰永續高股息,61,2,59,凱基-中港,2023-05-04,9202
8070,長華*,45,0,45,凱基-中港,2023-05-04,9202
3363,上詮,159,115,44,凱基-中港,2023-05-04,9202
2867,三商壽,52,10,42,凱基-中港,2023-05-04,9202
1529,樂事綠能,51,9,42,凱基-中港,2023-05-04,9202
00885,富邦越南,35,1,34,凱基-中港,2023-05-04,9202
2610,華航,35,1,34,凱基-中港,2023-05-04,9202
3715,定穎投控,39,6,33,凱基-中港,2023-05-04,9202
1752,南光,36,5,31,凱基-中港,2023-05-04,9202
8933,愛地雅,30,0,30,凱基-中港,2023-05-04,9202
9945,潤泰新,26,0,26,凱基-中港,2023-05-04,9202
00690,兆豐藍籌30,26,0,26,凱基-中港,2023-05-04,9202
2371,大同,22,0,22,凱基-中港,2023-05-04,9202
4968,立積,30,8,22,凱基-中港,2023-05-04,9202
1314,中石化,21,0,21,凱基-中港,2023-05-04,9202
1907,永豐餘,41,21,20,凱基-中港,2023-05-04,9202
2618,長榮航,47,27,20,凱基-中港,2023-05-04,9202
2615,萬海,30,10,20,凱基-中港,2023-05-04,9202
2498,宏達電,22,2,20,凱基-中港,2023-05-04,9202
00642U,期元大S＆P石油,18,0,18,凱基-中港,2023-05-04,9202
3594,磐儀,18,0,18,凱基-中港,2023-05-04,9202
6005,群益證,22,5,17,凱基-中港,2023-05-04,9202
1310,台苯,17,0,17,凱基-中港,2023-05-04,9202
1108,幸福,16,0,16,凱基-中港,2023-05-04,9202
2376,技嘉,17,1,16,凱基-中港,2023-05-04,9202
8059,凱碩,15,0,15,凱基-中港,2023-05-04,9202
2368,金像電,15,1,14,凱基-中港,2023-05-04,9202
2402,毅嘉,14,0,14,凱基-中港,2023-05-04,9202
5351,鈺創,25,12,13,凱基-中港,2023-05-04,9202
6443,元晶,12,0,12,凱基-中港,2023-05-04,9202
3646,艾恩特,12,0,12,凱基-中港,2023-05-04,9202
2103,台橡,12,0,12,凱基-中港,2023-05-04,9202
2409,友達,11,0,11,凱基-中港,2023-05-04,9202
00882,中信中國高股息,11,0,11,凱基-中港,2023-05-04,9202
1802,台玻,10,0,10,凱基-中港,2023-05-04,9202
3454,晶睿,10,0,10,凱基-中港,2023-05-04,9202
1711,永光,11,1,10,凱基-中港,2023-05-04,9202
3664,安瑞-KY,10,0,10,凱基-中港,2023-05-04,9202
00634R,富邦上証反1,10,0,10,凱基-中港,2023-05-04,9202
1717,長興,10,0,10,凱基-中港,2023-05-04,9202
8088,品安,10,0,10,凱基-中港,2023-05-04,9202
5258,虹堡,10,0,10,凱基-中港,2023-05-04,9202
6548,長科*,10,0,10,凱基-中港,2023-05-04,9202
3231,緯創,27,17,10,凱基-中港,2023-05-04,9202
4114,健喬,14,5,9,凱基-中港,2023-05-04,9202
3265,台星科,10,1,9,凱基-中港,2023-05-04,9202
4953,緯軟,9,0,9,凱基-中港,2023-05-04,9202
00632R,元大台灣50反1,112,22,90,凱基-中港,2023-05-05,9202
9945,潤泰新,75,1,74,凱基-中港,2023-05-05,9202
00715L,期街口布蘭特正2,73,0,73,凱基-中港,2023-05-05,9202
8215,明基材,70,0,70,凱基-中港,2023-05-05,9202
2353,宏��,74,10,64,凱基-中港,2023-05-05,9202
00878,國泰永續高股息,55,3,52,凱基-中港,2023-05-05,9202
6173,信昌電,50,1,49,凱基-中港,2023-05-05,9202
9942,茂順,45,1,44,凱基-中港,2023-05-05,9202
5009,榮剛,52,8,44,凱基-中港,2023-05-05,9202
1609,大亞,200,161,39,凱基-中港,2023-05-05,9202
4306,炎洲,35,0,35,凱基-中港,2023-05-05,9202
00712,復華富時不動產,32,0,32,凱基-中港,2023-05-05,9202
1611,中電,31,0,31,凱基-中港,2023-05-05,9202
6005,群益證,31,0,31,凱基-中港,2023-05-05,9202
2457,飛宏,37,7,30,凱基-中港,2023-05-05,9202
3059,華晶科,30,0,30,凱基-中港,2023-05-05,9202
8112,至上,28,0,28,凱基-中港,2023-05-05,9202
2105,正新,27,0,27,凱基-中港,2023-05-05,9202
9941,裕融,28,2,26,凱基-中港,2023-05-05,9202
2495,普安,27,1,26,凱基-中港,2023-05-05,9202
00772B,中信高評級公司債,26,0,26,凱基-中港,2023-05-05,9202
3652,精聯,25,0,25,凱基-中港,2023-05-05,9202
1734,杏輝,27,2,25,凱基-中港,2023-05-05,9202
6712,長聖,23,0,23,凱基-中港,2023-05-05,9202
00753L,中信中國50正2,32,10,22,凱基-中港,2023-05-05,9202
4503,金雨,22,0,22,凱基-中港,2023-05-05,9202
2492,華新科,23,3,20,凱基-中港,2023-05-05,9202
00679B,元大美債20年,20,1,19,凱基-中港,2023-05-05,9202
1108,幸福,18,0,18,凱基-中港,2023-05-05,9202
1314,中石化,35,17,18,凱基-中港,2023-05-05,9202
00642U,期元大S＆P石油,18,1,17,凱基-中港,2023-05-05,9202
00893,國泰智能電動車,18,2,16,凱基-中港,2023-05-05,9202
3664,安瑞-KY,15,0,15,凱基-中港,2023-05-05,9202
00885,富邦越南,15,0,15,凱基-中港,2023-05-05,9202
2634,漢翔,37,22,15,凱基-中港,2023-05-05,9202
3265,台星科,32,18,14,凱基-中港,2023-05-05,9202
00720B,元大投資級公司債,14,0,14,凱基-中港,2023-05-05,9202
6527,明達醫,13,0,13,凱基-中港,2023-05-05,9202
3052,夆典,12,0,12,凱基-中港,2023-05-05,9202
2308,台達電,12,0,12,凱基-中港,2023-05-05,9202
00786B,元大10年IG銀行債,12,0,12,凱基-中港,2023-05-05,9202
1218,泰山,12,0,12,凱基-中港,2023-05-05,9202
1519,華城,16,4,12,凱基-中港,2023-05-05,9202
2002,中鋼,13,2,11,凱基-中港,2023-05-05,9202
00751B,元大AAA至A公司債,11,0,11,凱基-中港,2023-05-05,9202
3030,德律,11,0,11,凱基-中港,2023-05-05,9202
2637,慧洋-KY,15,5,10,凱基-中港,2023-05-05,9202
1109,信大,10,0,10,凱基-中港,2023-05-05,9202
3004,豐達科,10,0,10,凱基-中港,2023-05-05,9202
1701,中化,10,0,10,凱基-中港,2023-05-05,9202
2883,凱基金,184,60,124,凱基-中港,2023-05-08,9202
6173,信昌電,111,0,111,凱基-中港,2023-05-08,9202
1605,華新,97,25,72,凱基-中港,2023-05-08,9202
8070,長華*,64,0,64,凱基-中港,2023-05-08,9202
2344,華邦電,61,1,60,凱基-中港,2023-05-08,9202
3484,崧騰,62,13,49,凱基-中港,2023-05-08,9202
2542,興富發,50,1,49,凱基-中港,2023-05-08,9202
2801,彰銀,48,6,42,凱基-中港,2023-05-08,9202
3481,群創,61,22,39,凱基-中港,2023-05-08,9202
1711,永光,35,0,35,凱基-中港,2023-05-08,9202
2471,資通,34,2,32,凱基-中港,2023-05-08,9202
00679B,元大美債20年,37,5,32,凱基-中港,2023-05-08,9202
1316,上曜,30,0,30,凱基-中港,2023-05-08,9202
1905,華紙,28,1,27,凱基-中港,2023-05-08,9202
3029,零壹,39,13,26,凱基-中港,2023-05-08,9202
6288,聯嘉,25,0,25,凱基-中港,2023-05-08,9202
4541,晟田,57,32,25,凱基-中港,2023-05-08,9202
5009,榮剛,24,3,21,凱基-中港,2023-05-08,9202
1732,毛寶,20,0,20,凱基-中港,2023-05-08,9202
2340,台亞,20,0,20,凱基-中港,2023-05-08,9202
2010,春源,20,0,20,凱基-中港,2023-05-08,9202
6179,亞通,18,0,18,凱基-中港,2023-05-08,9202
00878,國泰永續高股息,21,5,16,凱基-中港,2023-05-08,9202
1802,台玻,16,0,16,凱基-中港,2023-05-08,9202
1434,福懋,15,0,15,凱基-中港,2023-05-08,9202
3704,合勤控,15,0,15,凱基-中港,2023-05-08,9202
00751B,元大AAA至A公司債,15,0,15,凱基-中港,2023-05-08,9202
1762,中化生,16,2,14,凱基-中港,2023-05-08,9202
6244,茂迪,16,2,14,凱基-中港,2023-05-08,9202
3051,力特,14,0,14,凱基-中港,2023-05-08,9202
2609,陽明,19,6,13,凱基-中港,2023-05-08,9202
00642U,期元大S＆P石油,19,6,13,凱基-中港,2023-05-08,9202
3025,星通,13,0,13,凱基-中港,2023-05-08,9202
00632R,元大台灣50反1,17,5,12,凱基-中港,2023-05-08,9202
8222,寶一,267,256,11,凱基-中港,2023-05-08,9202
00725B,國泰投資級公司債,10,0,10,凱基-中港,2023-05-08,9202
5475,德宏,10,0,10,凱基-中港,2023-05-08,9202
2062,橋椿,10,0,10,凱基-中港,2023-05-08,9202
9960,邁達康,10,0,10,凱基-中港,2023-05-08,9202
6116,彩晶,10,0,10,凱基-中港,2023-05-08,9202
6550,北極星藥業-KY,10,0,10,凱基-中港,2023-05-08,9202
8930,青鋼,10,0,10,凱基-中港,2023-05-08,9202
00680L,元大美債20正2,9,0,9,凱基-中港,2023-05-08,9202
5876,上海商銀,10,1,9,凱基-中港,2023-05-08,9202
6129,普誠,13,4,9,凱基-中港,2023-05-08,9202
3038,全台,14,5,9,凱基-中港,2023-05-08,9202
3483,力致,10,1,9,凱基-中港,2023-05-08,9202
00902,中信電池及儲能,9,0,9,凱基-中港,2023-05-08,9202
4755,三福化,17,8,9,凱基-中港,2023-05-08,9202
6770,力積電,9,0,9,凱基-中港,2023-05-08,9202
1218,泰山,113,5,108,凱基-中港,2023-05-09,9202
6548,長科*,105,2,103,凱基-中港,2023-05-09,9202
3231,緯創,147,47,100,凱基-中港,2023-05-09,9202
8070,長華*,81,0,81,凱基-中港,2023-05-09,9202
00715L,期街口布蘭特正2,87,25,62,凱基-中港,2023-05-09,9202
00679B,元大美債20年,61,3,58,凱基-中港,2023-05-09,9202
00680L,元大美債20正2,55,0,55,凱基-中港,2023-05-09,9202
00772B,中信高評級公司債,37,0,37,凱基-中港,2023-05-09,9202
2891,中信金,40,3,37,凱基-中港,2023-05-09,9202
2609,陽明,35,0,35,凱基-中港,2023-05-09,9202
1714,和桐,30,0,30,凱基-中港,2023-05-09,9202
4163,鐿鈦,30,0,30,凱基-中港,2023-05-09,9202
00751B,元大AAA至A公司債,26,0,26,凱基-中港,2023-05-09,9202
2337,旺宏,34,8,26,凱基-中港,2023-05-09,9202
6125,廣運,26,0,26,凱基-中港,2023-05-09,9202
1905,華紙,230,206,24,凱基-中港,2023-05-09,9202
8433,弘帆,23,0,23,凱基-中港,2023-05-09,9202
00720B,元大投資級公司債,28,6,22,凱基-中港,2023-05-09,9202
00878,國泰永續高股息,32,10,22,凱基-中港,2023-05-09,9202
2801,彰銀,22,0,22,凱基-中港,2023-05-09,9202
1504,東元,55,34,21,凱基-中港,2023-05-09,9202
6244,茂迪,47,27,20,凱基-中港,2023-05-09,9202
00669R,國泰美國道瓊反1,20,0,20,凱基-中港,2023-05-09,9202
1101,台泥,29,9,20,凱基-中港,2023-05-09,9202
3481,群創,29,10,19,凱基-中港,2023-05-09,9202
3003,健和興,20,2,18,凱基-中港,2023-05-09,9202
3034,聯詠,17,0,17,凱基-中港,2023-05-09,9202
3605,宏致,17,0,17,凱基-中港,2023-05-09,9202
6288,聯嘉,20,3,17,凱基-中港,2023-05-09,9202
1314,中石化,17,0,17,凱基-中港,2023-05-09,9202
1219,福壽,19,3,16,凱基-中港,2023-05-09,9202
5309,系統電,16,0,16,凱基-中港,2023-05-09,9202
4915,致伸,15,0,15,凱基-中港,2023-05-09,9202
2492,華新科,15,0,15,凱基-中港,2023-05-09,9202
6547,高端疫苗,15,0,15,凱基-中港,2023-05-09,9202
2618,長榮航,30,15,15,凱基-中港,2023-05-09,9202
00902,中信電池及儲能,14,0,14,凱基-中港,2023-05-09,9202
2484,希華,15,1,14,凱基-中港,2023-05-09,9202
3715,定穎投控,30,17,13,凱基-中港,2023-05-09,9202
6112,邁達特,78,65,13,凱基-中港,2023-05-09,9202
1785,光洋科,15,2,13,凱基-中港,2023-05-09,9202
2402,毅嘉,31,18,13,凱基-中港,2023-05-09,9202
3624,光頡,15,4,11,凱基-中港,2023-05-09,9202
3664,安瑞-KY,11,0,11,凱基-中港,2023-05-09,9202
6197,佳必琪,11,0,11,凱基-中港,2023-05-09,9202
4953,緯軟,11,0,11,凱基-中港,2023-05-09,9202
6668,中揚光,11,0,11,凱基-中港,2023-05-09,9202
5209,新鼎,17,6,11,凱基-中港,2023-05-09,9202
4979,華星光,12,1,11,凱基-中港,2023-05-09,9202
1907,永豐餘,27,17,10,凱基-中港,2023-05-09,9202
6654,天正國際,449,0,449,凱基-中港,2023-05-10,9202
00712,復華富時不動產,157,0,157,凱基-中港,2023-05-10,9202
8070,長華*,102,0,102,凱基-中港,2023-05-10,9202
00637L,元大滬深300正2,116,32,84,凱基-中港,2023-05-10,9202
9939,宏全,85,5,80,凱基-中港,2023-05-10,9202
00878,國泰永續高股息,91,30,61,凱基-中港,2023-05-10,9202
2489,瑞軒,60,0,60,凱基-中港,2023-05-10,9202
6213,聯茂,41,2,39,凱基-中港,2023-05-10,9202
3664,安瑞-KY,33,0,33,凱基-中港,2023-05-10,9202
00882,中信中國高股息,36,4,32,凱基-中港,2023-05-10,9202
00665L,富邦�琤肭磪囓�2,31,0,31,凱基-中港,2023-05-10,9202
2891,中信金,33,4,29,凱基-中港,2023-05-10,9202
1218,泰山,30,1,29,凱基-中港,2023-05-10,9202
4939,亞電,46,17,29,凱基-中港,2023-05-10,9202
00679B,元大美債20年,28,0,28,凱基-中港,2023-05-10,9202
4979,華星光,25,1,24,凱基-中港,2023-05-10,9202
00687B,國泰20年美債,24,0,24,凱基-中港,2023-05-10,9202
6179,亞通,28,5,23,凱基-中港,2023-05-10,9202
6535,順藥,20,0,20,凱基-中港,2023-05-10,9202
8103,瀚荃,20,0,20,凱基-中港,2023-05-10,9202
3481,群創,20,1,19,凱基-中港,2023-05-10,9202
2409,友達,27,9,18,凱基-中港,2023-05-10,9202
8069,元太,20,3,17,凱基-中港,2023-05-10,9202
6415,矽力*-KY,17,0,17,凱基-中港,2023-05-10,9202
3209,全科,22,6,16,凱基-中港,2023-05-10,9202
00751B,元大AAA至A公司債,16,0,16,凱基-中港,2023-05-10,9202
6276,安鈦克,20,4,16,凱基-中港,2023-05-10,9202
8299,群聯,15,0,15,凱基-中港,2023-05-10,9202
6112,邁達特,22,8,14,凱基-中港,2023-05-10,9202
2327,國巨,13,0,13,凱基-中港,2023-05-10,9202
6282,康舒,14,1,13,凱基-中港,2023-05-10,9202
5209,新鼎,14,1,13,凱基-中港,2023-05-10,9202
4114,健喬,15,2,13,凱基-中港,2023-05-10,9202
6285,啟��,14,1,13,凱基-中港,2023-05-10,9202
2634,漢翔,32,20,12,凱基-中港,2023-05-10,9202
3673,TPK-KY,12,0,12,凱基-中港,2023-05-10,9202
2387,精元,12,0,12,凱基-中港,2023-05-10,9202
5465,富驊,12,0,12,凱基-中港,2023-05-10,9202
6288,聯嘉,12,0,12,凱基-中港,2023-05-10,9202
6111,大宇資,14,2,12,凱基-中港,2023-05-10,9202
1504,東元,14,2,12,凱基-中港,2023-05-10,9202
00772B,中信高評級公司債,12,2,10,凱基-中港,2023-05-10,9202
9902,台火,10,0,10,凱基-中港,2023-05-10,9202
00674R,期元大S＆P黃金反1,10,0,10,凱基-中港,2023-05-10,9202
00683L,期元大美元指正2,10,0,10,凱基-中港,2023-05-10,9202
2492,華新科,12,2,10,凱基-中港,2023-05-10,9202
6185,幃翔,18,8,10,凱基-中港,2023-05-10,9202
00720B,元大投資級公司債,12,2,10,凱基-中港,2023-05-10,9202
2330,台積電,9,0,9,凱基-中港,2023-05-10,9202
4915,致伸,10,1,9,凱基-中港,2023-05-10,9202
2542,興富發,146,8,138,凱基-中港,2023-05-11,9202
2489,瑞軒,90,2,88,凱基-中港,2023-05-11,9202
2615,萬海,99,20,79,凱基-中港,2023-05-11,9202
6285,啟��,392,323,69,凱基-中港,2023-05-11,9202
2014,中鴻,55,0,55,凱基-中港,2023-05-11,9202
2610,華航,66,15,51,凱基-中港,2023-05-11,9202
1609,大亞,52,7,45,凱基-中港,2023-05-11,9202
1444,力麗,44,1,43,凱基-中港,2023-05-11,9202
2634,漢翔,75,32,43,凱基-中港,2023-05-11,9202
00878,國泰永續高股息,40,0,40,凱基-中港,2023-05-11,9202
2409,友達,33,3,30,凱基-中港,2023-05-11,9202
2913,農林,28,0,28,凱基-中港,2023-05-11,9202
2201,裕隆,28,1,27,凱基-中港,2023-05-11,9202
2601,益航,26,0,26,凱基-中港,2023-05-11,9202
1314,中石化,26,2,24,凱基-中港,2023-05-11,9202
2498,宏達電,25,2,23,凱基-中港,2023-05-11,9202
8070,長華*,22,0,22,凱基-中港,2023-05-11,9202
00713,元大台灣高息低波,21,0,21,凱基-中港,2023-05-11,9202
4123,晟德,27,6,21,凱基-中港,2023-05-11,9202
3034,聯詠,25,5,20,凱基-中港,2023-05-11,9202
2022,聚亨,20,0,20,凱基-中港,2023-05-11,9202
00753L,中信中國50正2,20,0,20,凱基-中港,2023-05-11,9202
1504,東元,30,11,19,凱基-中港,2023-05-11,9202
9907,統一實,18,0,18,凱基-中港,2023-05-11,9202
2537,聯上發,18,0,18,凱基-中港,2023-05-11,9202
5009,榮剛,29,12,17,凱基-中港,2023-05-11,9202
2609,陽明,66,49,17,凱基-中港,2023-05-11,9202
6142,友勁,17,0,17,凱基-中港,2023-05-11,9202
8038,長園科,19,3,16,凱基-中港,2023-05-11,9202
2492,華新科,16,0,16,凱基-中港,2023-05-11,9202
1445,大宇,16,0,16,凱基-中港,2023-05-11,9202
00882,中信中國高股息,15,0,15,凱基-中港,2023-05-11,9202
3594,磐儀,15,0,15,凱基-中港,2023-05-11,9202
2515,中工,15,0,15,凱基-中港,2023-05-11,9202
5351,鈺創,15,0,15,凱基-中港,2023-05-11,9202
3664,安瑞-KY,15,0,15,凱基-中港,2023-05-11,9202
2206,三陽工業,16,1,15,凱基-中港,2023-05-11,9202
9941,裕融,26,11,15,凱基-中港,2023-05-11,9202
2603,長榮,24,9,15,凱基-中港,2023-05-11,9202
8046,南電,16,2,14,凱基-中港,2023-05-11,9202
2812,台中銀,14,0,14,凱基-中港,2023-05-11,9202
8028,昇陽半導體,13,0,13,凱基-中港,2023-05-11,9202
3058,立德,20,7,13,凱基-中港,2023-05-11,9202
2367,燿華,30,17,13,凱基-中港,2023-05-11,9202
6121,新普,12,0,12,凱基-中港,2023-05-11,9202
6570,維田,15,3,12,凱基-中港,2023-05-11,9202
6213,聯茂,18,7,11,凱基-中港,2023-05-11,9202
2371,大同,28,17,11,凱基-中港,2023-05-11,9202
8940,新天地,11,0,11,凱基-中港,2023-05-11,9202
5309,系統電,12,1,11,凱基-中港,2023-05-11,9202
2883,凱基金,71,9,62,凱基-中港,2023-05-12,9202
2317,鴻海,73,12,61,凱基-中港,2023-05-12,9202
00715L,期街口布蘭特正2,96,44,52,凱基-中港,2023-05-12,9202
3481,群創,47,5,42,凱基-中港,2023-05-12,9202
4153,鈺緯,34,0,34,凱基-中港,2023-05-12,9202
00882,中信中國高股息,29,0,29,凱基-中港,2023-05-12,9202
00632R,元大台灣50反1,38,10,28,凱基-中港,2023-05-12,9202
2374,佳能,26,0,26,凱基-中港,2023-05-12,9202
1101,台泥,25,0,25,凱基-中港,2023-05-12,9202
3374,精材,25,1,24,凱基-中港,2023-05-12,9202
6235,華孚,50,27,23,凱基-中港,2023-05-12,9202
3029,零壹,26,4,22,凱基-中港,2023-05-12,9202
6285,啟��,51,29,22,凱基-中港,2023-05-12,9202
2915,潤泰全,20,1,19,凱基-中港,2023-05-12,9202
8033,雷虎,20,1,19,凱基-中港,2023-05-12,9202
4123,晟德,22,3,19,凱基-中港,2023-05-12,9202
3576,聯合再生,19,1,18,凱基-中港,2023-05-12,9202
8940,新天地,17,0,17,凱基-中港,2023-05-12,9202
00637L,元大滬深300正2,18,2,16,凱基-中港,2023-05-12,9202
5227,立凱-KY,20,4,16,凱基-中港,2023-05-12,9202
1514,亞力,19,4,15,凱基-中港,2023-05-12,9202
2537,聯上發,15,0,15,凱基-中港,2023-05-12,9202
2421,建準,23,9,14,凱基-中港,2023-05-12,9202
00878,國泰永續高股息,18,4,14,凱基-中港,2023-05-12,9202
00712,復華富時不動產,14,0,14,凱基-中港,2023-05-12,9202
2890,永豐金,14,1,13,凱基-中港,2023-05-12,9202
2851,中再保,14,1,13,凱基-中港,2023-05-12,9202
2888,新光金,14,1,13,凱基-中港,2023-05-12,9202
6689,伊雲谷,22,9,13,凱基-中港,2023-05-12,9202
8097,常珵,11,0,11,凱基-中港,2023-05-12,9202
00720B,元大投資級公司債,10,0,10,凱基-中港,2023-05-12,9202
8403,盛弘,10,0,10,凱基-中港,2023-05-12,9202
1342,八貫,10,0,10,凱基-中港,2023-05-12,9202
8048,德勝,11,1,10,凱基-中港,2023-05-12,9202
6243,迅杰,10,0,10,凱基-中港,2023-05-12,9202
2442,新美齊,10,0,10,凱基-中港,2023-05-12,9202
5244,弘凱,10,0,10,凱基-中港,2023-05-12,9202
2303,聯電,10,0,10,凱基-中港,2023-05-12,9202
1513,中興電,14,6,8,凱基-中港,2023-05-12,9202
1519,華城,39,31,8,凱基-中港,2023-05-12,9202
00671R,富邦NASDAQ反1,8,0,8,凱基-中港,2023-05-12,9202
00642U,期元大S＆P石油,8,0,8,凱基-中港,2023-05-12,9202
6179,亞通,8,0,8,凱基-中港,2023-05-12,9202
6160,欣技,8,0,8,凱基-中港,2023-05-12,9202
6596,寬宏藝術,8,0,8,凱基-中港,2023-05-12,9202
1442,名軒,8,0,8,凱基-中港,2023-05-12,9202
1529,樂事綠能,12,4,8,凱基-中港,2023-05-12,9202
2618,長榮航,10,3,7,凱基-中港,2023-05-12,9202
1536,和大,17,10,7,凱基-中港,2023-05-12,9202
1712,興農,9,2,7,凱基-中港,2023-05-12,9202
00878,國泰永續高股息,100,1,99,凱基-中港,2023-05-15,9202
1218,泰山,100,10,90,凱基-中港,2023-05-15,9202
2897,王道銀行,60,0,60,凱基-中港,2023-05-15,9202
2489,瑞軒,60,1,59,凱基-中港,2023-05-15,9202
8076,伍豐,67,13,54,凱基-中港,2023-05-15,9202
00712,復華富時不動產,54,1,53,凱基-中港,2023-05-15,9202
3231,緯創,92,40,52,凱基-中港,2023-05-15,9202
00637L,元大滬深300正2,44,0,44,凱基-中港,2023-05-15,9202
2303,聯電,44,1,43,凱基-中港,2023-05-15,9202
2867,三商壽,50,10,40,凱基-中港,2023-05-15,9202
2883,凱基金,78,42,36,凱基-中港,2023-05-15,9202
8069,元太,47,15,32,凱基-中港,2023-05-15,9202
2323,中環,33,1,32,凱基-中港,2023-05-15,9202
2409,友達,31,0,31,凱基-中港,2023-05-15,9202
2610,華航,36,5,31,凱基-中港,2023-05-15,9202
1101,台泥,55,27,28,凱基-中港,2023-05-15,9202
2201,裕隆,28,1,27,凱基-中港,2023-05-15,9202
2427,三商電,26,1,25,凱基-中港,2023-05-15,9202
2317,鴻海,37,14,23,凱基-中港,2023-05-15,9202
00715L,期街口布蘭特正2,21,1,20,凱基-中港,2023-05-15,9202
3003,健和興,22,2,20,凱基-中港,2023-05-15,9202
3710,連展投控,20,0,20,凱基-中港,2023-05-15,9202
6179,亞通,20,0,20,凱基-中港,2023-05-15,9202
00683L,期元大美元指正2,20,0,20,凱基-中港,2023-05-15,9202
2329,華泰,20,0,20,凱基-中港,2023-05-15,9202
00720B,元大投資級公司債,16,0,16,凱基-中港,2023-05-15,9202
6185,幃翔,18,2,16,凱基-中港,2023-05-15,9202
5258,虹堡,31,16,15,凱基-中港,2023-05-15,9202
00751B,元大AAA至A公司債,14,0,14,凱基-中港,2023-05-15,9202
6288,聯嘉,13,0,13,凱基-中港,2023-05-15,9202
00882,中信中國高股息,13,1,12,凱基-中港,2023-05-15,9202
8046,南電,13,1,12,凱基-中港,2023-05-15,9202
1514,亞力,17,6,11,凱基-中港,2023-05-15,9202
8299,群聯,12,1,11,凱基-中港,2023-05-15,9202
4968,立積,13,2,11,凱基-中港,2023-05-15,9202
5227,立凱-KY,13,2,11,凱基-中港,2023-05-15,9202
6276,安鈦克,11,0,11,凱基-中港,2023-05-15,9202
1305,華夏,11,0,11,凱基-中港,2023-05-15,9202
6517,保勝光學,13,2,11,凱基-中港,2023-05-15,9202
00772B,中信高評級公司債,10,0,10,凱基-中港,2023-05-15,9202
1795,美時,18,8,10,凱基-中港,2023-05-15,9202
1760,寶齡富錦,10,0,10,凱基-中港,2023-05-15,9202
3594,磐儀,11,1,10,凱基-中港,2023-05-15,9202
4953,緯軟,11,1,10,凱基-中港,2023-05-15,9202
2069,運錩,10,0,10,凱基-中港,2023-05-15,9202
2906,高林,10,0,10,凱基-中港,2023-05-15,9202
5351,鈺創,15,5,10,凱基-中港,2023-05-15,9202
4746,台耀,10,0,10,凱基-中港,2023-05-15,9202
2457,飛宏,33,23,10,凱基-中港,2023-05-15,9202
6770,力積電,9,0,9,凱基-中港,2023-05-15,9202
00632R,元大台灣50反1,519,35,484,凱基-中港,2023-05-16,9202
00878,國泰永續高股息,117,40,77,凱基-中港,2023-05-16,9202
2323,中環,129,62,67,凱基-中港,2023-05-16,9202
00772B,中信高評級公司債,60,0,60,凱基-中港,2023-05-16,9202
00885,富邦越南,36,4,32,凱基-中港,2023-05-16,9202
00680L,元大美債20正2,31,0,31,凱基-中港,2023-05-16,9202
2317,鴻海,32,1,31,凱基-中港,2023-05-16,9202
6234,高僑,29,0,29,凱基-中港,2023-05-16,9202
6712,長聖,29,0,29,凱基-中港,2023-05-16,9202
00673R,期元大S＆P原油反1,31,2,29,凱基-中港,2023-05-16,9202
1504,東元,80,51,29,凱基-中港,2023-05-16,9202
2359,所羅門,28,0,28,凱基-中港,2023-05-16,9202
00751B,元大AAA至A公司債,26,0,26,凱基-中港,2023-05-16,9202
3231,緯創,68,43,25,凱基-中港,2023-05-16,9202
2206,三陽工業,23,3,20,凱基-中港,2023-05-16,9202
8033,雷虎,20,0,20,凱基-中港,2023-05-16,9202
8936,國統,20,0,20,凱基-中港,2023-05-16,9202
2603,長榮,20,1,19,凱基-中港,2023-05-16,9202
00720B,元大投資級公司債,18,0,18,凱基-中港,2023-05-16,9202
1605,華新,21,3,18,凱基-中港,2023-05-16,9202
2442,新美齊,17,0,17,凱基-中港,2023-05-16,9202
1104,環泥,16,0,16,凱基-中港,2023-05-16,9202
00679B,元大美債20年,16,1,15,凱基-中港,2023-05-16,9202
6547,高端疫苗,15,0,15,凱基-中港,2023-05-16,9202
2409,友達,16,2,14,凱基-中港,2023-05-16,9202
00725B,國泰投資級公司債,13,0,13,凱基-中港,2023-05-16,9202
1101,台泥,22,10,12,凱基-中港,2023-05-16,9202
1513,中興電,14,3,11,凱基-中港,2023-05-16,9202
00642U,期元大S＆P石油,19,8,11,凱基-中港,2023-05-16,9202
4967,十銓,19,8,11,凱基-中港,2023-05-16,9202
4931,新盛力,11,0,11,凱基-中港,2023-05-16,9202
2313,華通,10,0,10,凱基-中港,2023-05-16,9202
2498,宏達電,10,0,10,凱基-中港,2023-05-16,9202
2413,環科,10,0,10,凱基-中港,2023-05-16,9202
2349,錸德,10,0,10,凱基-中港,2023-05-16,9202
3711,日月光投控,12,2,10,凱基-中港,2023-05-16,9202
6214,精誠,10,1,9,凱基-中港,2023-05-16,9202
00830,國泰費城半導體,9,0,9,凱基-中港,2023-05-16,9202
2511,太子,9,0,9,凱基-中港,2023-05-16,9202
2801,彰銀,10,1,9,凱基-中港,2023-05-16,9202
1444,力麗,11,3,8,凱基-中港,2023-05-16,9202
3058,立德,8,0,8,凱基-中港,2023-05-16,9202
3701,大眾控,10,2,8,凱基-中港,2023-05-16,9202
3078,僑威,14,6,8,凱基-中港,2023-05-16,9202
2107,厚生,8,1,7,凱基-中港,2023-05-16,9202
5871,中租-KY,7,0,7,凱基-中港,2023-05-16,9202
1503,士電,32,25,7,凱基-中港,2023-05-16,9202
6577,勁豐,7,0,7,凱基-中港,2023-05-16,9202
3419,譁裕,10,3,7,凱基-中港,2023-05-16,9202
1609,大亞,17,10,7,凱基-中港,2023-05-16,9202
00632R,元大台灣50反1,1683,13,1670,凱基-中港,2023-05-17,9202
00712,復華富時不動產,111,0,111,凱基-中港,2023-05-17,9202
2888,新光金,103,19,84,凱基-中港,2023-05-17,9202
00878,國泰永續高股息,73,20,53,凱基-中港,2023-05-17,9202
00720B,元大投資級公司債,43,0,43,凱基-中港,2023-05-17,9202
2883,凱基金,56,17,39,凱基-中港,2023-05-17,9202
00772B,中信高評級公司債,35,0,35,凱基-中港,2023-05-17,9202
6288,聯嘉,34,0,34,凱基-中港,2023-05-17,9202
6285,啟��,44,13,31,凱基-中港,2023-05-17,9202
3715,定穎投控,37,7,30,凱基-中港,2023-05-17,9202
8936,國統,30,0,30,凱基-中港,2023-05-17,9202
6282,康舒,42,13,29,凱基-中港,2023-05-17,9202
1513,中興電,28,2,26,凱基-中港,2023-05-17,9202
1605,華新,25,1,24,凱基-中港,2023-05-17,9202
2442,新美齊,23,2,21,凱基-中港,2023-05-17,9202
00753L,中信中國50正2,20,0,20,凱基-中港,2023-05-17,9202
5452,佶優,30,10,20,凱基-中港,2023-05-17,9202
3706,神達,20,0,20,凱基-中港,2023-05-17,9202
4951,精拓科,20,0,20,凱基-中港,2023-05-17,9202
00679B,元大美債20年,19,0,19,凱基-中港,2023-05-17,9202
3029,零壹,20,1,19,凱基-中港,2023-05-17,9202
8069,元太,44,27,17,凱基-中港,2023-05-17,9202
5483,中美晶,22,5,17,凱基-中港,2023-05-17,9202
2402,毅嘉,47,30,17,凱基-中港,2023-05-17,9202
8076,伍豐,26,10,16,凱基-中港,2023-05-17,9202
2492,華新科,17,1,16,凱基-中港,2023-05-17,9202
2103,台橡,15,0,15,凱基-中港,2023-05-17,9202
2542,興富發,15,0,15,凱基-中港,2023-05-17,9202
6589,台康生技,19,5,14,凱基-中港,2023-05-17,9202
1608,華榮,41,28,13,凱基-中港,2023-05-17,9202
4138,曜亞,16,3,13,凱基-中港,2023-05-17,9202
6244,茂迪,15,2,13,凱基-中港,2023-05-17,9202
1584,精剛,19,7,12,凱基-中港,2023-05-17,9202
5425,台半,12,1,11,凱基-中港,2023-05-17,9202
3231,緯創,84,73,11,凱基-中港,2023-05-17,9202
3419,譁裕,11,0,11,凱基-中港,2023-05-17,9202
00664R,國泰臺灣加權反1,11,0,11,凱基-中港,2023-05-17,9202
4581,光隆精密-KY,13,2,11,凱基-中港,2023-05-17,9202
00751B,元大AAA至A公司債,11,0,11,凱基-中港,2023-05-17,9202
3004,豐達科,20,10,10,凱基-中港,2023-05-17,9202
2889,國票金,10,0,10,凱基-中港,2023-05-17,9202
5258,虹堡,14,4,10,凱基-中港,2023-05-17,9202
3710,連展投控,10,0,10,凱基-中港,2023-05-17,9202
3622,洋華,10,0,10,凱基-中港,2023-05-17,9202
00676R,富邦臺灣加權反1,10,0,10,凱基-中港,2023-05-17,9202
6198,瑞築,10,0,10,凱基-中港,2023-05-17,9202
2010,春源,10,0,10,凱基-中港,2023-05-17,9202
5475,德宏,10,0,10,凱基-中港,2023-05-17,9202
8155,博智,11,1,10,凱基-中港,2023-05-17,9202
8222,寶一,72,62,10,凱基-中港,2023-05-17,9202
00632R,元大台灣50反1,220,5,215,凱基-中港,2023-05-18,9202
2897,王道銀行,200,3,197,凱基-中港,2023-05-18,9202
2888,新光金,124,29,95,凱基-中港,2023-05-18,9202
3576,聯合再生,59,7,52,凱基-中港,2023-05-18,9202
00680L,元大美債20正2,47,0,47,凱基-中港,2023-05-18,9202
00637L,元大滬深300正2,57,11,46,凱基-中港,2023-05-18,9202
00715L,期街口布蘭特正2,62,17,45,凱基-中港,2023-05-18,9202
2618,長榮航,69,26,43,凱基-中港,2023-05-18,9202
2402,毅嘉,42,0,42,凱基-中港,2023-05-18,9202
1605,華新,42,5,37,凱基-中港,2023-05-18,9202
8070,長華*,38,2,36,凱基-中港,2023-05-18,9202
3178,公準,36,0,36,凱基-中港,2023-05-18,9202
9941,裕融,34,0,34,凱基-中港,2023-05-18,9202
00673R,期元大S＆P原油反1,31,0,31,凱基-中港,2023-05-18,9202
2609,陽明,49,19,30,凱基-中港,2023-05-18,9202
4931,新盛力,31,3,28,凱基-中港,2023-05-18,9202
8076,伍豐,28,1,27,凱基-中港,2023-05-18,9202
3038,全台,32,6,26,凱基-中港,2023-05-18,9202
8110,華東,26,0,26,凱基-中港,2023-05-18,9202
6456,GIS-KY,34,10,24,凱基-中港,2023-05-18,9202
4541,晟田,46,22,24,凱基-中港,2023-05-18,9202
5201,凱衛,23,0,23,凱基-中港,2023-05-18,9202
2480,敦陽科,27,5,22,凱基-中港,2023-05-18,9202
2615,萬海,26,4,22,凱基-中港,2023-05-18,9202
6142,友勁,22,0,22,凱基-中港,2023-05-18,9202
2442,新美齊,21,0,21,凱基-中港,2023-05-18,9202
00679B,元大美債20年,21,0,21,凱基-中港,2023-05-18,9202
2362,藍天,20,0,20,凱基-中港,2023-05-18,9202
2719,燦星旅,20,0,20,凱基-中港,2023-05-18,9202
00902,中信電池及儲能,20,0,20,凱基-中港,2023-05-18,9202
00665L,富邦�琤肭磪囓�2,20,0,20,凱基-中港,2023-05-18,9202
2323,中環,22,3,19,凱基-中港,2023-05-18,9202
2356,英業達,17,0,17,凱基-中港,2023-05-18,9202
8403,盛弘,19,3,16,凱基-中港,2023-05-18,9202
2630,亞航,40,25,15,凱基-中港,2023-05-18,9202
2476,鉅祥,15,0,15,凱基-中港,2023-05-18,9202
8049,晶采,15,0,15,凱基-中港,2023-05-18,9202
00720B,元大投資級公司債,15,0,15,凱基-中港,2023-05-18,9202
00725B,國泰投資級公司債,13,0,13,凱基-中港,2023-05-18,9202
3308,聯德,13,1,12,凱基-中港,2023-05-18,9202
00751B,元大AAA至A公司債,12,0,12,凱基-中港,2023-05-18,9202
3029,零壹,19,7,12,凱基-中港,2023-05-18,9202
6741,91APP*-KY,17,6,11,凱基-中港,2023-05-18,9202
6129,普誠,13,2,11,凱基-中港,2023-05-18,9202
2206,三陽工業,33,23,10,凱基-中港,2023-05-18,9202
00676R,富邦臺灣加權反1,10,0,10,凱基-中港,2023-05-18,9202
3059,華晶科,10,0,10,凱基-中港,2023-05-18,9202
6573,虹揚-KY,10,0,10,凱基-中港,2023-05-18,9202
3708,上緯投控,10,0,10,凱基-中港,2023-05-18,9202
2610,華航,37,27,10,凱基-中港,2023-05-18,9202
00632R,元大台灣50反1,95,22,73,凱基-中港,2023-05-19,9202
5009,榮剛,129,57,72,凱基-中港,2023-05-19,9202
4163,鐿鈦,67,1,66,凱基-中港,2023-05-19,9202
2883,凱基金,98,39,59,凱基-中港,2023-05-19,9202
00680L,元大美債20正2,53,0,53,凱基-中港,2023-05-19,9202
1609,大亞,77,25,52,凱基-中港,2023-05-19,9202
2489,瑞軒,40,1,39,凱基-中港,2023-05-19,9202
2483,百容,35,0,35,凱基-中港,2023-05-19,9202
00772B,中信高評級公司債,35,0,35,凱基-中港,2023-05-19,9202
6288,聯嘉,46,15,31,凱基-中港,2023-05-19,9202
00720B,元大投資級公司債,31,0,31,凱基-中港,2023-05-19,9202
00751B,元大AAA至A公司債,31,0,31,凱基-中港,2023-05-19,9202
3029,零壹,86,55,31,凱基-中港,2023-05-19,9202
6235,華孚,51,21,30,凱基-中港,2023-05-19,9202
1454,台富,34,6,28,凱基-中港,2023-05-19,9202
2409,友達,30,2,28,凱基-中港,2023-05-19,9202
2707,晶華,28,2,26,凱基-中港,2023-05-19,9202
8110,華東,25,0,25,凱基-中港,2023-05-19,9202
3178,公準,26,1,25,凱基-中港,2023-05-19,9202
2482,連宇,32,7,25,凱基-中港,2023-05-19,9202
1605,華新,30,5,25,凱基-中港,2023-05-19,9202
00679B,元大美債20年,26,1,25,凱基-中港,2023-05-19,9202
2801,彰銀,25,1,24,凱基-中港,2023-05-19,9202
3003,健和興,28,5,23,凱基-中港,2023-05-19,9202
2014,中鴻,22,0,22,凱基-中港,2023-05-19,9202
00753L,中信中國50正2,21,0,21,凱基-中港,2023-05-19,9202
00665L,富邦�琤肭磪囓�2,20,0,20,凱基-中港,2023-05-19,9202
00683L,期元大美元指正2,20,0,20,凱基-中港,2023-05-19,9202
00650L,復華香港正2,20,0,20,凱基-中港,2023-05-19,9202
00687B,國泰20年美債,19,0,19,凱基-中港,2023-05-19,9202
6517,保勝光學,29,11,18,凱基-中港,2023-05-19,9202
8076,伍豐,61,43,18,凱基-中港,2023-05-19,9202
4979,華星光,19,2,17,凱基-中港,2023-05-19,9202
00708L,期元大S＆P黃金正2,16,0,16,凱基-中港,2023-05-19,9202
00637L,元大滬深300正2,49,33,16,凱基-中港,2023-05-19,9202
1504,東元,54,39,15,凱基-中港,2023-05-19,9202
2630,亞航,28,13,15,凱基-中港,2023-05-19,9202
2402,毅嘉,15,0,15,凱基-中港,2023-05-19,9202
6126,信音,17,2,15,凱基-中港,2023-05-19,9202
00795B,中信美國公債20年,14,0,14,凱基-中港,2023-05-19,9202
4763,材料-KY,26,13,13,凱基-中港,2023-05-19,9202
5324,士開,13,0,13,凱基-中港,2023-05-19,9202
3339,泰谷,13,0,13,凱基-中港,2023-05-19,9202
6741,91APP*-KY,13,0,13,凱基-中港,2023-05-19,9202
2603,長榮,15,2,13,凱基-中港,2023-05-19,9202
5488,松普,12,0,12,凱基-中港,2023-05-19,9202
3715,定穎投控,26,15,11,凱基-中港,2023-05-19,9202
1905,華紙,13,2,11,凱基-中港,2023-05-19,9202
2303,聯電,13,2,11,凱基-中港,2023-05-19,9202
2365,昆盈,10,0,10,凱基-中港,2023-05-19,9202
00712,復華富時不動產,104,0,104,凱基-中港,2023-05-22,9202
8070,長華*,81,6,75,凱基-中港,2023-05-22,9202
1609,大亞,93,20,73,凱基-中港,2023-05-22,9202
6173,信昌電,50,0,50,凱基-中港,2023-05-22,9202
00751B,元大AAA至A公司債,48,0,48,凱基-中港,2023-05-22,9202
2442,新美齊,45,1,44,凱基-中港,2023-05-22,9202
1504,東元,104,62,42,凱基-中港,2023-05-22,9202
2303,聯電,34,0,34,凱基-中港,2023-05-22,9202
1218,泰山,33,0,33,凱基-中港,2023-05-22,9202
2324,仁寶,32,1,31,凱基-中港,2023-05-22,9202
2457,飛宏,70,39,31,凱基-中港,2023-05-22,9202
4163,鐿鈦,30,0,30,凱基-中港,2023-05-22,9202
00915,凱基優選高股息30,43,16,27,凱基-中港,2023-05-22,9202
2483,百容,26,0,26,凱基-中港,2023-05-22,9202
3576,聯合再生,26,0,26,凱基-中港,2023-05-22,9202
5443,均豪,25,0,25,凱基-中港,2023-05-22,9202
8046,南電,29,5,24,凱基-中港,2023-05-22,9202
2634,漢翔,65,42,23,凱基-中港,2023-05-22,9202
5009,榮剛,25,2,23,凱基-中港,2023-05-22,9202
1905,華紙,24,1,23,凱基-中港,2023-05-22,9202
00795B,中信美國公債20年,21,0,21,凱基-中港,2023-05-22,9202
4906,正文,20,0,20,凱基-中港,2023-05-22,9202
3037,欣興,55,37,18,凱基-中港,2023-05-22,9202
6176,瑞儀,19,1,18,凱基-中港,2023-05-22,9202
00720B,元大投資級公司債,17,0,17,凱基-中港,2023-05-22,9202
00772B,中信高評級公司債,18,0,18,凱基-中港,2023-05-22,9202
00715L,期街口布蘭特正2,18,1,17,凱基-中港,2023-05-22,9202
6282,康舒,45,29,16,凱基-中港,2023-05-22,9202
1608,華榮,60,45,15,凱基-中港,2023-05-22,9202
3019,亞光,15,0,15,凱基-中港,2023-05-22,9202
6224,聚鼎,15,0,15,凱基-中港,2023-05-22,9202
2707,晶華,16,1,15,凱基-中港,2023-05-22,9202
3702A,大聯大甲特,14,0,14,凱基-中港,2023-05-22,9202
5469,瀚宇博,17,3,14,凱基-中港,2023-05-22,9202
8110,華東,14,0,14,凱基-中港,2023-05-22,9202
2615,萬海,39,26,13,凱基-中港,2023-05-22,9202
3689,湧德,14,1,13,凱基-中港,2023-05-22,9202
2352,佳世達,19,7,12,凱基-中港,2023-05-22,9202
6223,旺矽,19,8,11,凱基-中港,2023-05-22,9202
2371,大同,12,1,11,凱基-中港,2023-05-22,9202
4167,松瑞藥,10,0,10,凱基-中港,2023-05-22,9202
2482,連宇,11,1,10,凱基-中港,2023-05-22,9202
00664R,國泰臺灣加權反1,10,0,10,凱基-中港,2023-05-22,9202
00631L,元大台灣50正2,10,0,10,凱基-中港,2023-05-22,9202
4915,致伸,11,1,10,凱基-中港,2023-05-22,9202
2329,華泰,9,0,9,凱基-中港,2023-05-22,9202
6244,茂迪,21,12,9,凱基-中港,2023-05-22,9202
3006,晶豪科,11,2,9,凱基-中港,2023-05-22,9202
2103,台橡,8,0,8,凱基-中港,2023-05-22,9202
3231,緯創,14,6,8,凱基-中港,2023-05-22,9202
00878,國泰永續高股息,116,11,105,凱基-中港,2023-05-23,9202
00720B,元大投資級公司債,60,0,60,凱基-中港,2023-05-23,9202
6173,信昌電,70,10,60,凱基-中港,2023-05-23,9202
00751B,元大AAA至A公司債,56,0,56,凱基-中港,2023-05-23,9202
1504,東元,64,10,54,凱基-中港,2023-05-23,9202
8076,伍豐,57,10,47,凱基-中港,2023-05-23,9202
6689,伊雲谷,66,20,46,凱基-中港,2023-05-23,9202
2489,瑞軒,45,1,44,凱基-中港,2023-05-23,9202
2609,陽明,42,1,41,凱基-中港,2023-05-23,9202
2324,仁寶,40,1,39,凱基-中港,2023-05-23,9202
2610,華航,71,34,37,凱基-中港,2023-05-23,9202
1104,環泥,35,1,34,凱基-中港,2023-05-23,9202
3044,健鼎,33,0,33,凱基-中港,2023-05-23,9202
2603,長榮,27,0,27,凱基-中港,2023-05-23,9202
2515,中工,26,0,26,凱基-中港,2023-05-23,9202
3557,嘉威,26,0,26,凱基-中港,2023-05-23,9202
1609,大亞,27,1,26,凱基-中港,2023-05-23,9202
6150,撼訊,25,0,25,凱基-中港,2023-05-23,9202
6234,高僑,27,2,25,凱基-中港,2023-05-23,9202
6224,聚鼎,23,0,23,凱基-中港,2023-05-23,9202
00632R,元大台灣50反1,57,34,23,凱基-中港,2023-05-23,9202
4909,新復興,31,9,22,凱基-中港,2023-05-23,9202
00687B,國泰20年美債,22,0,22,凱基-中港,2023-05-23,9202
00680L,元大美債20正2,25,4,21,凱基-中港,2023-05-23,9202
8121,越峰,22,1,21,凱基-中港,2023-05-23,9202
2323,中環,20,0,20,凱基-中港,2023-05-23,9202
6456,GIS-KY,20,0,20,凱基-中港,2023-05-23,9202
00683L,期元大美元指正2,20,0,20,凱基-中港,2023-05-23,9202
00674R,期元大S＆P黃金反1,20,0,20,凱基-中港,2023-05-23,9202
2409,友達,32,12,20,凱基-中港,2023-05-23,9202
2303,聯電,24,5,19,凱基-中港,2023-05-23,9202
2103,台橡,23,4,19,凱基-中港,2023-05-23,9202
1605,華新,24,7,17,凱基-中港,2023-05-23,9202
00882,中信中國高股息,17,0,17,凱基-中港,2023-05-23,9202
8426,紅木-KY,16,0,16,凱基-中港,2023-05-23,9202
3078,僑威,41,25,16,凱基-中港,2023-05-23,9202
1905,華紙,33,18,15,凱基-中港,2023-05-23,9202
2645,長榮航太,16,1,15,凱基-中港,2023-05-23,9202
3702A,大聯大甲特,13,0,13,凱基-中港,2023-05-23,9202
8940,新天地,13,0,13,凱基-中港,2023-05-23,9202
8358,金居,12,0,12,凱基-中港,2023-05-23,9202
2104,國際中橡,12,0,12,凱基-中港,2023-05-23,9202
4503,金雨,12,0,12,凱基-中港,2023-05-23,9202
2444,兆勁,11,0,11,凱基-中港,2023-05-23,9202
1584,精剛,13,2,11,凱基-中港,2023-05-23,9202
5425,台半,11,0,11,凱基-中港,2023-05-23,9202
00640L,富邦日本正2,11,0,11,凱基-中港,2023-05-23,9202
2727,王品,10,0,10,凱基-中港,2023-05-23,9202
9934,成霖,10,0,10,凱基-中港,2023-05-23,9202
1904,正隆,12,2,10,凱基-中港,2023-05-23,9202
00680L,元大美債20正2,403,0,403,凱基-中港,2023-05-24,9202
1513,中興電,133,24,109,凱基-中港,2023-05-24,9202
00882,中信中國高股息,84,0,84,凱基-中港,2023-05-24,9202
5009,榮剛,55,1,54,凱基-中港,2023-05-24,9202
00751B,元大AAA至A公司債,52,0,52,凱基-中港,2023-05-24,9202
1447,力鵬,50,0,50,凱基-中港,2023-05-24,9202
00642U,期元大S＆P石油,95,47,48,凱基-中港,2023-05-24,9202
3078,僑威,54,8,46,凱基-中港,2023-05-24,9202
2323,中環,64,18,46,凱基-中港,2023-05-24,9202
00679B,元大美債20年,55,19,36,凱基-中港,2023-05-24,9202
2615,萬海,32,3,29,凱基-中港,2023-05-24,9202
1904,正隆,33,6,27,凱基-中港,2023-05-24,9202
4967,十銓,31,5,26,凱基-中港,2023-05-24,9202
00878,國泰永續高股息,57,32,25,凱基-中港,2023-05-24,9202
9802,鈺齊-KY,20,0,20,凱基-中港,2023-05-24,9202
1301,台塑,20,0,20,凱基-中港,2023-05-24,9202
8110,華東,20,0,20,凱基-中港,2023-05-24,9202
00637L,元大滬深300正2,88,69,19,凱基-中港,2023-05-24,9202
2062,橋椿,19,0,19,凱基-中港,2023-05-24,9202
2314,台揚,35,16,19,凱基-中港,2023-05-24,9202
00772B,中信高評級公司債,18,0,18,凱基-中港,2023-05-24,9202
4173,久裕,20,2,18,凱基-中港,2023-05-24,9202
3325,旭品,158,142,16,凱基-中港,2023-05-24,9202
00753L,中信中國50正2,15,0,15,凱基-中港,2023-05-24,9202
2630,亞航,20,5,15,凱基-中港,2023-05-24,9202
5519,隆大,15,0,15,凱基-中港,2023-05-24,9202
3714,富采,15,0,15,凱基-中港,2023-05-24,9202
5465,富驊,15,1,14,凱基-中港,2023-05-24,9202
4128,中天,13,0,13,凱基-中港,2023-05-24,9202
1101,台泥,18,5,13,凱基-中港,2023-05-24,9202
2883,凱基金,21,8,13,凱基-中港,2023-05-24,9202
5531,鄉林,17,5,12,凱基-中港,2023-05-24,9202
3038,全台,15,3,12,凱基-中港,2023-05-24,9202
6470,宇智,12,1,11,凱基-中港,2023-05-24,9202
2719,燦星旅,12,1,11,凱基-中港,2023-05-24,9202
00725B,國泰投資級公司債,10,0,10,凱基-中港,2023-05-24,9202
2729,瓦城,10,0,10,凱基-中港,2023-05-24,9202
6202,盛群,10,0,10,凱基-中港,2023-05-24,9202
2103,台橡,16,6,10,凱基-中港,2023-05-24,9202
3052,夆典,10,0,10,凱基-中港,2023-05-24,9202
2645,長榮航太,13,3,10,凱基-中港,2023-05-24,9202
5905,南仁湖,16,7,9,凱基-中港,2023-05-24,9202
2421,建準,16,7,9,凱基-中港,2023-05-24,9202
6288,聯嘉,10,1,9,凱基-中港,2023-05-24,9202
3702A,大聯大甲特,9,0,9,凱基-中港,2023-05-24,9202
6753,龍德造船,9,0,9,凱基-中港,2023-05-24,9202
3607,谷崧,9,0,9,凱基-中港,2023-05-24,9202
2611,志信,10,2,8,凱基-中港,2023-05-24,9202
1727,中華化,8,0,8,凱基-中港,2023-05-24,9202
4977,眾達-KY,8,0,8,凱基-中港,2023-05-24,9202
00632R,元大台灣50反1,484,22,462,凱基-中港,2023-05-25,9202
00712,復華富時不動產,260,26,234,凱基-中港,2023-05-25,9202
00674R,期元大S＆P黃金反1,177,0,177,凱基-中港,2023-05-25,9202
00687B,國泰20年美債,143,0,143,凱基-中港,2023-05-25,9202
2610,華航,185,59,126,凱基-中港,2023-05-25,9202
00751B,元大AAA至A公司債,84,0,84,凱基-中港,2023-05-25,9202
00882,中信中國高股息,82,5,77,凱基-中港,2023-05-25,9202
3481,群創,54,5,49,凱基-中港,2023-05-25,9202
00637L,元大滬深300正2,67,25,42,凱基-中港,2023-05-25,9202
00830,國泰費城半導體,43,1,42,凱基-中港,2023-05-25,9202
4906,正文,40,1,39,凱基-中港,2023-05-25,9202
6224,聚鼎,37,0,37,凱基-中港,2023-05-25,9202
6415,矽力*-KY,33,1,32,凱基-中港,2023-05-25,9202
2014,中鴻,31,0,31,凱基-中港,2023-05-25,9202
6173,信昌電,30,0,30,凱基-中港,2023-05-25,9202
2630,亞航,37,8,29,凱基-中港,2023-05-25,9202
1460,宏遠,26,0,26,凱基-中港,2023-05-25,9202
00642U,期元大S＆P石油,26,0,26,凱基-中港,2023-05-25,9202
1513,中興電,44,18,26,凱基-中港,2023-05-25,9202
6213,聯茂,25,0,25,凱基-中港,2023-05-25,9202
2745,五福,25,0,25,凱基-中港,2023-05-25,9202
00680L,元大美債20正2,25,0,25,凱基-中港,2023-05-25,9202
2371,大同,42,17,25,凱基-中港,2023-05-25,9202
2471,資通,55,32,23,凱基-中港,2023-05-25,9202
5009,榮剛,35,12,23,凱基-中港,2023-05-25,9202
3029,零壹,27,4,23,凱基-中港,2023-05-25,9202
3483,力致,22,1,21,凱基-中港,2023-05-25,9202
00923,群益台ESG低碳50,20,0,20,凱基-中港,2023-05-25,9202
6285,啟��,23,3,20,凱基-中港,2023-05-25,9202
00764B,群益25年美債,20,0,20,凱基-中港,2023-05-25,9202
2010,春源,20,0,20,凱基-中港,2023-05-25,9202
2344,華邦電,37,17,20,凱基-中港,2023-05-25,9202
2201,裕隆,26,7,19,凱基-中港,2023-05-25,9202
8222,寶一,19,1,18,凱基-中港,2023-05-25,9202
1721,三晃,17,0,17,凱基-中港,2023-05-25,9202
2891,中信金,16,0,16,凱基-中港,2023-05-25,9202
1476,儒鴻,20,5,15,凱基-中港,2023-05-25,9202
6235,華孚,24,9,15,凱基-中港,2023-05-25,9202
1605,華新,14,0,14,凱基-中港,2023-05-25,9202
2615,萬海,42,30,12,凱基-中港,2023-05-25,9202
1795,美時,20,8,12,凱基-中港,2023-05-25,9202
8433,弘帆,14,2,12,凱基-中港,2023-05-25,9202
3044,健鼎,12,0,12,凱基-中港,2023-05-25,9202
6290,良維,11,0,11,凱基-中港,2023-05-25,9202
3221,台嘉碩,11,0,11,凱基-中港,2023-05-25,9202
2377,微星,20,9,11,凱基-中港,2023-05-25,9202
5258,虹堡,11,0,11,凱基-中港,2023-05-25,9202
2332,友訊,10,0,10,凱基-中港,2023-05-25,9202
2103,台橡,13,3,10,凱基-中港,2023-05-25,9202
00676R,富邦臺灣加權反1,10,0,10,凱基-中港,2023-05-25,9202
3024,憶聲,200,0,200,凱基-中港,2023-05-26,9202
2610,華航,262,86,176,凱基-中港,2023-05-26,9202
00674R,期元大S＆P黃金反1,150,0,150,凱基-中港,2023-05-26,9202
00632R,元大台灣50反1,352,260,92,凱基-中港,2023-05-26,9202
00712,復華富時不動產,89,2,87,凱基-中港,2023-05-26,9202
2637,慧洋-KY,93,9,84,凱基-中港,2023-05-26,9202
2883,凱基金,104,22,82,凱基-中港,2023-05-26,9202
00687B,國泰20年美債,76,0,76,凱基-中港,2023-05-26,9202
00902,中信電池及儲能,61,0,61,凱基-中港,2023-05-26,9202
8938,明安,50,0,50,凱基-中港,2023-05-26,9202
8070,長華*,52,6,46,凱基-中港,2023-05-26,9202
3576,聯合再生,45,0,45,凱基-中港,2023-05-26,9202
2344,華邦電,43,7,36,凱基-中港,2023-05-26,9202
6668,中揚光,34,0,34,凱基-中港,2023-05-26,9202
3481,群創,32,4,28,凱基-中港,2023-05-26,9202
2495,普安,29,2,27,凱基-中港,2023-05-26,9202
00882,中信中國高股息,29,3,26,凱基-中港,2023-05-26,9202
2002,中鋼,26,2,24,凱基-中港,2023-05-26,9202
4968,立積,25,2,23,凱基-中港,2023-05-26,9202
1445,大宇,20,0,20,凱基-中港,2023-05-26,9202
1444,力麗,20,0,20,凱基-中港,2023-05-26,9202
3704,合勤控,19,0,19,凱基-中港,2023-05-26,9202
2421,建準,91,74,17,凱基-中港,2023-05-26,9202
6244,茂迪,17,0,17,凱基-中港,2023-05-26,9202
3715,定穎投控,17,0,17,凱基-中港,2023-05-26,9202
2006,東和鋼鐵,15,0,15,凱基-中港,2023-05-26,9202
2069,運錩,15,0,15,凱基-中港,2023-05-26,9202
2745,五福,14,0,14,凱基-中港,2023-05-26,9202
2892,第一金,14,0,14,凱基-中港,2023-05-26,9202
1514,亞力,23,9,14,凱基-中港,2023-05-26,9202
6224,聚鼎,13,0,13,凱基-中港,2023-05-26,9202
4534,慶騰,13,0,13,凱基-中港,2023-05-26,9202
3265,台星科,24,11,13,凱基-中港,2023-05-26,9202
6443,元晶,16,4,12,凱基-中港,2023-05-26,9202
4541,晟田,12,1,11,凱基-中港,2023-05-26,9202
6185,幃翔,16,5,11,凱基-中港,2023-05-26,9202
8271,宇瞻,11,0,11,凱基-中港,2023-05-26,9202
00720B,元大投資級公司債,10,0,10,凱基-中港,2023-05-26,9202
5425,台半,10,0,10,凱基-中港,2023-05-26,9202
2014,中鴻,12,2,10,凱基-中港,2023-05-26,9202
2108,南帝,12,2,10,凱基-中港,2023-05-26,9202
5009,榮剛,10,0,10,凱基-中港,2023-05-26,9202
2851,中再保,10,0,10,凱基-中港,2023-05-26,9202
8277,商丞,10,0,10,凱基-中港,2023-05-26,9202
2303,聯電,38,29,9,凱基-中港,2023-05-26,9202
2634,漢翔,20,11,9,凱基-中港,2023-05-26,9202
2736,富野,27,18,9,凱基-中港,2023-05-26,9202
5285,界霖,10,1,9,凱基-中港,2023-05-26,9202
2617,台航,11,2,9,凱基-中港,2023-05-26,9202
2314,台揚,11,2,9,凱基-中港,2023-05-26,9202
00680L,元大美債20正2,222,0,222,凱基-中港,2023-05-29,9202
1609,大亞,151,8,143,凱基-中港,2023-05-29,9202
6125,廣運,171,40,131,凱基-中港,2023-05-29,9202
2412,中華電,111,1,110,凱基-中港,2023-05-29,9202
00882,中信中國高股息,59,2,57,凱基-中港,2023-05-29,9202
00671R,富邦NASDAQ反1,55,0,55,凱基-中港,2023-05-29,9202
00687B,國泰20年美債,58,5,53,凱基-中港,2023-05-29,9202
4906,正文,47,3,44,凱基-中港,2023-05-29,9202
8076,伍豐,40,2,38,凱基-中港,2023-05-29,9202
1303,南亞,38,0,38,凱基-中港,2023-05-29,9202
1513,中興電,50,14,36,凱基-中港,2023-05-29,9202
2634,漢翔,43,9,34,凱基-中港,2023-05-29,9202
6668,中揚光,32,0,32,凱基-中港,2023-05-29,9202
2489,瑞軒,40,10,30,凱基-中港,2023-05-29,9202
2108,南帝,30,0,30,凱基-中港,2023-05-29,9202
2002,中鋼,29,0,29,凱基-中港,2023-05-29,9202
1514,亞力,26,2,24,凱基-中港,2023-05-29,9202
00637L,元大滬深300正2,24,0,24,凱基-中港,2023-05-29,9202
2888,新光金,24,1,23,凱基-中港,2023-05-29,9202
2801,彰銀,25,3,22,凱基-中港,2023-05-29,9202
2883,凱基金,22,1,21,凱基-中港,2023-05-29,9202
2353,宏��,34,13,21,凱基-中港,2023-05-29,9202
2633,台灣高鐵,20,0,20,凱基-中港,2023-05-29,9202
00902,中信電池及儲能,19,0,19,凱基-中港,2023-05-29,9202
00757,統一FANG+,20,1,19,凱基-中港,2023-05-29,9202
6550,北極星藥業-KY,19,1,18,凱基-中港,2023-05-29,9202
3711,日月光投控,17,0,17,凱基-中港,2023-05-29,9202
5328,華容,15,0,15,凱基-中港,2023-05-29,9202
00830,國泰費城半導體,27,12,15,凱基-中港,2023-05-29,9202
6218,豪勉,21,7,14,凱基-中港,2023-05-29,9202
00795B,中信美國公債20年,13,0,13,凱基-中港,2023-05-29,9202
5351,鈺創,21,9,12,凱基-中港,2023-05-29,9202
00725B,國泰投資級公司債,12,0,12,凱基-中港,2023-05-29,9202
2069,運錩,12,0,12,凱基-中港,2023-05-29,9202
2425,承啟,15,3,12,凱基-中港,2023-05-29,9202
2308,台達電,15,3,12,凱基-中港,2023-05-29,9202
1907,永豐餘,12,1,11,凱基-中港,2023-05-29,9202
6124,業強,12,1,11,凱基-中港,2023-05-29,9202
6245,立端,22,11,11,凱基-中港,2023-05-29,9202
2323,中環,34,24,10,凱基-中港,2023-05-29,9202
4541,晟田,10,0,10,凱基-中港,2023-05-29,9202
3710,連展投控,10,0,10,凱基-中港,2023-05-29,9202
00688L,國泰20年美債正2,10,0,10,凱基-中港,2023-05-29,9202
1312,國喬,10,0,10,凱基-中港,2023-05-29,9202
6411,晶焱,10,0,10,凱基-中港,2023-05-29,9202
3576,聯合再生,66,56,10,凱基-中港,2023-05-29,9202
00885,富邦越南,30,20,10,凱基-中港,2023-05-29,9202
1218,泰山,10,0,10,凱基-中港,2023-05-29,9202
2812,台中銀,10,0,10,凱基-中港,2023-05-29,9202
2880,華南金,9,0,9,凱基-中港,2023-05-29,9202
00632R,元大台灣50反1,156,0,156,凱基-中港,2023-05-30,9202
0056,元大高股息,125,15,110,凱基-中港,2023-05-30,9202
2883,凱基金,102,12,90,凱基-中港,2023-05-30,9202
1444,力麗,60,0,60,凱基-中港,2023-05-30,9202
00715L,期街口布蘭特正2,76,21,55,凱基-中港,2023-05-30,9202
3013,晟銘電,59,11,48,凱基-中港,2023-05-30,9202
2637,慧洋-KY,57,15,42,凱基-中港,2023-05-30,9202
00650L,復華香港正2,40,0,40,凱基-中港,2023-05-30,9202
5425,台半,41,2,39,凱基-中港,2023-05-30,9202
00720B,元大投資級公司債,38,2,36,凱基-中港,2023-05-30,9202
2615,萬海,52,18,34,凱基-中港,2023-05-30,9202
8222,寶一,52,20,32,凱基-中港,2023-05-30,9202
3576,聯合再生,28,0,28,凱基-中港,2023-05-30,9202
2323,中環,31,5,26,凱基-中港,2023-05-30,9202
6188,廣明,142,117,25,凱基-中港,2023-05-30,9202
8046,南電,25,1,24,凱基-中港,2023-05-30,9202
1312,國喬,24,0,24,凱基-中港,2023-05-30,9202
3044,健鼎,39,15,24,凱基-中港,2023-05-30,9202
3034,聯詠,23,0,23,凱基-中港,2023-05-30,9202
00753L,中信中國50正2,40,18,22,凱基-中港,2023-05-30,9202
2356,英業達,107,86,21,凱基-中港,2023-05-30,9202
8040,九暘,30,9,21,凱基-中港,2023-05-30,9202
2002,中鋼,21,1,20,凱基-中港,2023-05-30,9202
3708,上緯投控,20,0,20,凱基-中港,2023-05-30,9202
3024,憶聲,20,0,20,凱基-中港,2023-05-30,9202
2618,長榮航,62,42,20,凱基-中港,2023-05-30,9202
00882,中信中國高股息,35,15,20,凱基-中港,2023-05-30,9202
6176,瑞儀,21,2,19,凱基-中港,2023-05-30,9202
6166,凌華,29,10,19,凱基-中港,2023-05-30,9202
1608,華榮,29,10,19,凱基-中港,2023-05-30,9202
5328,華容,19,0,19,凱基-中港,2023-05-30,9202
2801,彰銀,20,1,19,凱基-中港,2023-05-30,9202
3006,晶豪科,25,7,18,凱基-中港,2023-05-30,9202
00895,富邦未來車,25,7,18,凱基-中港,2023-05-30,9202
2885,元大金,20,2,18,凱基-中港,2023-05-30,9202
1609,大亞,27,10,17,凱基-中港,2023-05-30,9202
2498,宏達電,21,4,17,凱基-中港,2023-05-30,9202
8038,長園科,17,1,16,凱基-中港,2023-05-30,9202
00752,中信中國50,16,0,16,凱基-中港,2023-05-30,9202
00687B,國泰20年美債,16,0,16,凱基-中港,2023-05-30,9202
8054,安國,18,2,16,凱基-中港,2023-05-30,9202
3466,德晉,15,0,15,凱基-中港,2023-05-30,9202
1445,大宇,15,0,15,凱基-中港,2023-05-30,9202
8183,精星,15,0,15,凱基-中港,2023-05-30,9202
5351,鈺創,15,0,15,凱基-中港,2023-05-30,9202
3481,群創,15,1,14,凱基-中港,2023-05-30,9202
8033,雷虎,15,1,14,凱基-中港,2023-05-30,9202
2331,精英,19,5,14,凱基-中港,2023-05-30,9202
2851,中再保,14,1,13,凱基-中港,2023-05-30,9202
6712,長聖,13,0,13,凱基-中港,2023-05-30,9202
00715L,期街口布蘭特正2,276,22,254,凱基-中港,2023-05-31,9202
2888,新光金,207,6,201,凱基-中港,2023-05-31,9202
1905,華紙,106,7,99,凱基-中港,2023-05-31,9202
6111,大宇資,63,11,52,凱基-中港,2023-05-31,9202
1218,泰山,50,4,46,凱基-中港,2023-05-31,9202
2883,凱基金,52,8,44,凱基-中港,2023-05-31,9202
00882,中信中國高股息,42,0,42,凱基-中港,2023-05-31,9202
2801,彰銀,35,0,35,凱基-中港,2023-05-31,9202
2633,台灣高鐵,33,2,31,凱基-中港,2023-05-31,9202
2344,華邦電,39,9,30,凱基-中港,2023-05-31,9202
4916,事欣科,33,4,29,凱基-中港,2023-05-31,9202
2637,慧洋-KY,42,13,29,凱基-中港,2023-05-31,9202
2324,仁寶,30,3,27,凱基-中港,2023-05-31,9202
2483,百容,26,0,26,凱基-中港,2023-05-31,9202
2208,台船,24,0,24,凱基-中港,2023-05-31,9202
3481,群創,27,4,23,凱基-中港,2023-05-31,9202
3024,憶聲,20,0,20,凱基-中港,2023-05-31,9202
2712,遠雄來,20,0,20,凱基-中港,2023-05-31,9202
2867,三商壽,20,0,20,凱基-中港,2023-05-31,9202
4967,十銓,21,3,18,凱基-中港,2023-05-31,9202
1312,國喬,16,0,16,凱基-中港,2023-05-31,9202
3038,全台,17,1,16,凱基-中港,2023-05-31,9202
2356,英業達,49,33,16,凱基-中港,2023-05-31,9202
8433,弘帆,16,0,16,凱基-中港,2023-05-31,9202
3533,嘉澤,15,0,15,凱基-中港,2023-05-31,9202
4503,金雨,15,0,15,凱基-中港,2023-05-31,9202
6443,元晶,17,2,15,凱基-中港,2023-05-31,9202
5009,榮剛,15,0,15,凱基-中港,2023-05-31,9202
3673,TPK-KY,20,6,14,凱基-中港,2023-05-31,9202
6104,創惟,18,4,14,凱基-中港,2023-05-31,9202
2722,夏都,15,1,14,凱基-中港,2023-05-31,9202
2330,台積電,15,1,14,凱基-中港,2023-05-31,9202
2457,飛宏,57,45,12,凱基-中港,2023-05-31,9202
5351,鈺創,15,3,12,凱基-中港,2023-05-31,9202
2603,長榮,17,5,12,凱基-中港,2023-05-31,9202
00878,國泰永續高股息,25,14,11,凱基-中港,2023-05-31,9202
8210,勤誠,58,47,11,凱基-中港,2023-05-31,9202
3059,華晶科,11,0,11,凱基-中港,2023-05-31,9202
00680L,元大美債20正2,13,2,11,凱基-中港,2023-05-31,9202
1219,福壽,11,0,11,凱基-中港,2023-05-31,9202
2105,正新,11,0,11,凱基-中港,2023-05-31,9202
6121,新普,11,0,11,凱基-中港,2023-05-31,9202
00679B,元大美債20年,11,0,11,凱基-中港,2023-05-31,9202
8110,華東,10,0,10,凱基-中港,2023-05-31,9202
1589,永冠-KY,10,0,10,凱基-中港,2023-05-31,9202
3221,台嘉碩,10,0,10,凱基-中港,2023-05-31,9202
00650L,復華香港正2,10,0,10,凱基-中港,2023-05-31,9202
3033,威健,10,0,10,凱基-中港,2023-05-31,9202
00753L,中信中國50正2,10,0,10,凱基-中港,2023-05-31,9202
00640L,富邦日本正2,10,0,10,凱基-中港,2023-05-31,9202
00680L,元大美債20正2,640,2,638,凱基-中港,2023-06-01,9202
2888,新光金,393,0,393,凱基-中港,2023-06-01,9202
00715L,期街口布蘭特正2,221,11,210,凱基-中港,2023-06-01,9202
00633L,富邦上証正2,132,0,132,凱基-中港,2023-06-01,9202
00919,群益台灣精選高息,89,1,88,凱基-中港,2023-06-01,9202
2883,凱基金,108,22,86,凱基-中港,2023-06-01,9202
2201,裕隆,97,28,69,凱基-中港,2023-06-01,9202
2515,中工,66,2,64,凱基-中港,2023-06-01,9202
3029,零壹,65,3,62,凱基-中港,2023-06-01,9202
1101,台泥,60,1,59,凱基-中港,2023-06-01,9202
2637,慧洋-KY,69,11,58,凱基-中港,2023-06-01,9202
1218,泰山,50,0,50,凱基-中港,2023-06-01,9202
6282,康舒,72,23,49,凱基-中港,2023-06-01,9202
3024,憶聲,48,0,48,凱基-中港,2023-06-01,9202
00895,富邦未來車,57,10,47,凱基-中港,2023-06-01,9202
2344,華邦電,49,2,47,凱基-中港,2023-06-01,9202
2303,聯電,43,1,42,凱基-中港,2023-06-01,9202
2208,台船,42,1,41,凱基-中港,2023-06-01,9202
3706,神達,104,63,41,凱基-中港,2023-06-01,9202
2489,瑞軒,76,36,40,凱基-中港,2023-06-01,9202
1449,佳和,37,0,37,凱基-中港,2023-06-01,9202
2887,台新金,31,0,31,凱基-中港,2023-06-01,9202
4503,金雨,31,0,31,凱基-中港,2023-06-01,9202
00725B,國泰投資級公司債,30,1,29,凱基-中港,2023-06-01,9202
00642U,期元大S＆P石油,29,1,28,凱基-中港,2023-06-01,9202
3715,定穎投控,33,5,28,凱基-中港,2023-06-01,9202
3013,晟銘電,94,66,28,凱基-中港,2023-06-01,9202
9945,潤泰新,29,4,25,凱基-中港,2023-06-01,9202
2371,大同,346,323,23,凱基-中港,2023-06-01,9202
6188,廣明,109,87,22,凱基-中港,2023-06-01,9202
6213,聯茂,18,0,18,凱基-中港,2023-06-01,9202
00679B,元大美債20年,18,0,18,凱基-中港,2023-06-01,9202
2206,三陽工業,22,5,17,凱基-中港,2023-06-01,9202
5272,笙科,17,0,17,凱基-中港,2023-06-01,9202
2706,第一店,19,2,17,凱基-中港,2023-06-01,9202
00720B,元大投資級公司債,17,0,17,凱基-中港,2023-06-01,9202
6668,中揚光,16,0,16,凱基-中港,2023-06-01,9202
5706,鳳凰,54,38,16,凱基-中港,2023-06-01,9202
6485,點序,15,0,15,凱基-中港,2023-06-01,9202
00757,統一FANG+,15,1,14,凱基-中港,2023-06-01,9202
6443,元晶,13,0,13,凱基-中港,2023-06-01,9202
2427,三商電,14,1,13,凱基-中港,2023-06-01,9202
3032,偉訓,13,0,13,凱基-中港,2023-06-01,9202
2324,仁寶,12,0,12,凱基-中港,2023-06-01,9202
3025,星通,14,2,12,凱基-中港,2023-06-01,9202
5258,虹堡,14,2,12,凱基-中港,2023-06-01,9202
8046,南電,12,0,12,凱基-中港,2023-06-01,9202
2881,富邦金,12,0,12,凱基-中港,2023-06-01,9202
2382,廣達,24,12,12,凱基-中港,2023-06-01,9202
8271,宇瞻,96,85,11,凱基-中港,2023-06-01,9202
00632R,元大台灣50反1,521,22,499,凱基-中港,2023-06-02,9202
0056,元大高股息,244,25,219,凱基-中港,2023-06-02,9202
1218,泰山,101,0,101,凱基-中港,2023-06-02,9202
3024,憶聲,100,0,100,凱基-中港,2023-06-02,9202
00919,群益台灣精選高息,67,0,67,凱基-中港,2023-06-02,9202
2303,聯電,72,11,61,凱基-中港,2023-06-02,9202
1905,華紙,208,150,58,凱基-中港,2023-06-02,9202
3481,群創,55,3,52,凱基-中港,2023-06-02,9202
00751B,元大AAA至A公司債,51,0,51,凱基-中港,2023-06-02,9202
2421,建準,55,16,39,凱基-中港,2023-06-02,9202
2356,英業達,48,11,37,凱基-中港,2023-06-02,9202
00882,中信中國高股息,49,16,33,凱基-中港,2023-06-02,9202
00715L,期街口布蘭特正2,78,45,33,凱基-中港,2023-06-02,9202
6112,邁達特,35,3,32,凱基-中港,2023-06-02,9202
00712,復華富時不動產,42,13,29,凱基-中港,2023-06-02,9202
2515,中工,57,29,28,凱基-中港,2023-06-02,9202
4979,華星光,87,60,27,凱基-中港,2023-06-02,9202
2302,麗正,26,2,24,凱基-中港,2023-06-02,9202
1504,東元,38,15,23,凱基-中港,2023-06-02,9202
3673,TPK-KY,23,0,23,凱基-中港,2023-06-02,9202
6133,金橋,22,0,22,凱基-中港,2023-06-02,9202
00679B,元大美債20年,21,0,21,凱基-中港,2023-06-02,9202
6116,彩晶,25,5,20,凱基-中港,2023-06-02,9202
2427,三商電,20,0,20,凱基-中港,2023-06-02,9202
6589,台康生技,20,0,20,凱基-中港,2023-06-02,9202
3221,台嘉碩,20,0,20,凱基-中港,2023-06-02,9202
8299,群聯,20,1,19,凱基-中港,2023-06-02,9202
4129,聯合,28,9,19,凱基-中港,2023-06-02,9202
4744,皇將,28,9,19,凱基-中港,2023-06-02,9202
2201,裕隆,18,0,18,凱基-中港,2023-06-02,9202
2371,大同,91,73,18,凱基-中港,2023-06-02,9202
2457,飛宏,69,52,17,凱基-中港,2023-06-02,9202
2489,瑞軒,66,51,15,凱基-中港,2023-06-02,9202
3202,樺晟,13,0,13,凱基-中港,2023-06-02,9202
3017,奇鋐,15,2,13,凱基-中港,2023-06-02,9202
2913,農林,40,27,13,凱基-中港,2023-06-02,9202
2484,希華,15,3,12,凱基-中港,2023-06-02,9202
6275,元山,12,0,12,凱基-中港,2023-06-02,9202
2352,佳世達,18,7,11,凱基-中港,2023-06-02,9202
1101,台泥,22,11,11,凱基-中港,2023-06-02,9202
2603,長榮,19,8,11,凱基-中港,2023-06-02,9202
4503,金雨,11,0,11,凱基-中港,2023-06-02,9202
6570,維田,11,0,11,凱基-中港,2023-06-02,9202
3071,協禧,11,0,11,凱基-中港,2023-06-02,9202
2530,華建,11,0,11,凱基-中港,2023-06-02,9202
4763,材料-KY,15,5,10,凱基-中港,2023-06-02,9202
2845,遠東銀,11,1,10,凱基-中港,2023-06-02,9202
00665L,富邦�琤肭磪囓�2,10,0,10,凱基-中港,2023-06-02,9202
1532,勤美,10,0,10,凱基-中港,2023-06-02,9202
6861,睿生光電,10,0,10,凱基-中港,2023-06-02,9202
2014,中鴻,343,45,298,凱基-中港,2023-06-05,9202
1314,中石化,210,18,192,凱基-中港,2023-06-05,9202
4533,協易機,190,3,187,凱基-中港,2023-06-05,9202
3078,僑威,166,33,133,凱基-中港,2023-06-05,9202
00645,富邦日本,95,0,95,凱基-中港,2023-06-05,9202
2312,金寶,90,1,89,凱基-中港,2023-06-05,9202
2344,華邦電,58,2,56,凱基-中港,2023-06-05,9202
2618,長榮航,90,36,54,凱基-中港,2023-06-05,9202
00673R,期元大S＆P原油反1,54,0,54,凱基-中港,2023-06-05,9202
2603,長榮,58,5,53,凱基-中港,2023-06-05,9202
1218,泰山,51,0,51,凱基-中港,2023-06-05,9202
00679B,元大美債20年,50,0,50,凱基-中港,2023-06-05,9202
6214,精誠,52,2,50,凱基-中港,2023-06-05,9202
2323,中環,96,50,46,凱基-中港,2023-06-05,9202
2492,華新科,41,0,41,凱基-中港,2023-06-05,9202
2331,精英,42,8,34,凱基-中港,2023-06-05,9202
6282,康舒,106,72,34,凱基-中港,2023-06-05,9202
2427,三商電,38,5,33,凱基-中港,2023-06-05,9202
3231,緯創,66,40,26,凱基-中港,2023-06-05,9202
6185,幃翔,27,2,25,凱基-中港,2023-06-05,9202
1905,華紙,131,107,24,凱基-中港,2023-06-05,9202
6218,豪勉,34,10,24,凱基-中港,2023-06-05,9202
2371,大同,85,63,22,凱基-中港,2023-06-05,9202
6213,聯茂,22,1,21,凱基-中港,2023-06-05,9202
3162,精確,22,1,21,凱基-中港,2023-06-05,9202
6235,華孚,43,23,20,凱基-中港,2023-06-05,9202
6285,啟��,26,6,20,凱基-中港,2023-06-05,9202
2484,希華,20,0,20,凱基-中港,2023-06-05,9202
1529,樂事綠能,29,9,20,凱基-中港,2023-06-05,9202
2609,陽明,21,1,20,凱基-中港,2023-06-05,9202
2022,聚亨,20,1,19,凱基-中港,2023-06-05,9202
2206,三陽工業,52,33,19,凱基-中港,2023-06-05,9202
2885,元大金,20,3,17,凱基-中港,2023-06-05,9202
00919,群益台灣精選高息,17,0,17,凱基-中港,2023-06-05,9202
00751B,元大AAA至A公司債,17,0,17,凱基-中港,2023-06-05,9202
2498,宏達電,40,23,17,凱基-中港,2023-06-05,9202
1101,台泥,49,33,16,凱基-中港,2023-06-05,9202
3033,威健,18,2,16,凱基-中港,2023-06-05,9202
2353,宏��,62,47,15,凱基-中港,2023-06-05,9202
3362,先進光,17,2,15,凱基-中港,2023-06-05,9202
8046,南電,16,1,15,凱基-中港,2023-06-05,9202
8069,元太,19,4,15,凱基-中港,2023-06-05,9202
3221,台嘉碩,15,0,15,凱基-中港,2023-06-05,9202
6167,久正,22,7,15,凱基-中港,2023-06-05,9202
4746,台耀,15,1,14,凱基-中港,2023-06-05,9202
6125,廣運,44,31,13,凱基-中港,2023-06-05,9202
3047,訊舟,33,20,13,凱基-中港,2023-06-05,9202
6161,捷波,16,3,13,凱基-中港,2023-06-05,9202
2317,鴻海,18,5,13,凱基-中港,2023-06-05,9202
00795B,中信美國公債20年,12,0,12,凱基-中港,2023-06-05,9202
2515,中工,112,31,81,凱基-中港,2023-06-06,9202
6282,康舒,115,43,72,凱基-中港,2023-06-06,9202
2402,毅嘉,88,19,69,凱基-中港,2023-06-06,9202
2353,宏��,66,8,58,凱基-中港,2023-06-06,9202
3078,僑威,63,5,58,凱基-中港,2023-06-06,9202
1905,華紙,157,101,56,凱基-中港,2023-06-06,9202
2323,中環,103,51,52,凱基-中港,2023-06-06,9202
8105,凌巨,66,15,51,凱基-中港,2023-06-06,9202
4163,鐿鈦,51,1,50,凱基-中港,2023-06-06,9202
2504,國產,50,0,50,凱基-中港,2023-06-06,9202
1218,泰山,50,0,50,凱基-中港,2023-06-06,9202
2867,三商壽,53,5,48,凱基-中港,2023-06-06,9202
2834,臺企銀,51,4,47,凱基-中港,2023-06-06,9202
2883,凱基金,51,12,39,凱基-中港,2023-06-06,9202
1609,大亞,665,626,39,凱基-中港,2023-06-06,9202
00673R,期元大S＆P原油反1,30,0,30,凱基-中港,2023-06-06,9202
4906,正文,82,52,30,凱基-中港,2023-06-06,9202
6456,GIS-KY,33,5,28,凱基-中港,2023-06-06,9202
2630,亞航,30,2,28,凱基-中港,2023-06-06,9202
2816,旺旺保,27,0,27,凱基-中港,2023-06-06,9202
8358,金居,26,2,24,凱基-中港,2023-06-06,9202
2492,華新科,23,0,23,凱基-中港,2023-06-06,9202
00927,群益半導體收益,23,0,23,凱基-中港,2023-06-06,9202
1603,華電,23,0,23,凱基-中港,2023-06-06,9202
2888,新光金,35,13,22,凱基-中港,2023-06-06,9202
4968,立積,22,0,22,凱基-中港,2023-06-06,9202
3546,宇峻,21,0,21,凱基-中港,2023-06-06,9202
3711,日月光投控,43,22,21,凱基-中港,2023-06-06,9202
8426,紅木-KY,33,13,20,凱基-中港,2023-06-06,9202
3025,星通,35,15,20,凱基-中港,2023-06-06,9202
3178,公準,19,0,19,凱基-中港,2023-06-06,9202
3704,合勤控,19,1,18,凱基-中港,2023-06-06,9202
6163,華電網,18,0,18,凱基-中港,2023-06-06,9202
0056,元大高股息,24,6,18,凱基-中港,2023-06-06,9202
4979,華星光,31,14,17,凱基-中港,2023-06-06,9202
3221,台嘉碩,17,0,17,凱基-中港,2023-06-06,9202
00632R,元大台灣50反1,17,0,17,凱基-中港,2023-06-06,9202
2734,易飛網,17,0,17,凱基-中港,2023-06-06,9202
3231,緯創,38,22,16,凱基-中港,2023-06-06,9202
00688L,國泰20年美債正2,15,0,15,凱基-中港,2023-06-06,9202
1528,恩德,15,0,15,凱基-中港,2023-06-06,9202
1301,台塑,37,22,15,凱基-中港,2023-06-06,9202
2498,宏達電,37,23,14,凱基-中港,2023-06-06,9202
3406,玉晶光,31,17,14,凱基-中港,2023-06-06,9202
8070,長華*,14,0,14,凱基-中港,2023-06-06,9202
3058,立德,22,8,14,凱基-中港,2023-06-06,9202
8046,南電,13,0,13,凱基-中港,2023-06-06,9202
4503,金雨,15,2,13,凱基-中港,2023-06-06,9202
1584,精剛,13,0,13,凱基-中港,2023-06-06,9202
6213,聯茂,12,0,12,凱基-中港,2023-06-06,9202
00680L,元大美債20正2,714,0,714,凱基-中港,2023-06-07,9202
2539,櫻花建,184,1,183,凱基-中港,2023-06-07,9202
2515,中工,160,2,158,凱基-中港,2023-06-07,9202
00632R,元大台灣50反1,122,3,119,凱基-中港,2023-06-07,9202
00715L,期街口布蘭特正2,199,119,80,凱基-中港,2023-06-07,9202
00637L,元大滬深300正2,93,21,72,凱基-中港,2023-06-07,9202
6213,聯茂,82,12,70,凱基-中港,2023-06-07,9202
00882,中信中國高股息,54,0,54,凱基-中港,2023-06-07,9202
6244,茂迪,54,2,52,凱基-中港,2023-06-07,9202
00751B,元大AAA至A公司債,51,0,51,凱基-中港,2023-06-07,9202
2208,台船,47,2,45,凱基-中港,2023-06-07,9202
1449,佳和,40,0,40,凱基-中港,2023-06-07,9202
4207,環泰,37,0,37,凱基-中港,2023-06-07,9202
2838,聯邦銀,35,0,35,凱基-中港,2023-06-07,9202
1314,中石化,35,0,35,凱基-中港,2023-06-07,9202
2489,瑞軒,40,7,33,凱基-中港,2023-06-07,9202
1528,恩德,33,0,33,凱基-中港,2023-06-07,9202
2618,長榮航,41,9,32,凱基-中港,2023-06-07,9202
2816,旺旺保,31,0,31,凱基-中港,2023-06-07,9202
00895,富邦未來車,28,0,28,凱基-中港,2023-06-07,9202
2347,聯強,30,2,28,凱基-中港,2023-06-07,9202
1529,樂事綠能,27,1,26,凱基-中港,2023-06-07,9202
6282,康舒,126,103,23,凱基-中港,2023-06-07,9202
2206,三陽工業,99,76,23,凱基-中港,2023-06-07,9202
8046,南電,21,0,21,凱基-中港,2023-06-07,9202
2484,希華,20,0,20,凱基-中港,2023-06-07,9202
3673,TPK-KY,29,9,20,凱基-中港,2023-06-07,9202
8105,凌巨,19,0,19,凱基-中港,2023-06-07,9202
3232,昱捷,19,0,19,凱基-中港,2023-06-07,9202
2881,富邦金,18,0,18,凱基-中港,2023-06-07,9202
3003,健和興,27,9,18,凱基-中港,2023-06-07,9202
5284,jpp-KY,18,0,18,凱基-中港,2023-06-07,9202
3037,欣興,18,1,17,凱基-中港,2023-06-07,9202
3038,全台,17,0,17,凱基-中港,2023-06-07,9202
00673R,期元大S＆P原油反1,20,3,17,凱基-中港,2023-06-07,9202
1618,合機,18,1,17,凱基-中港,2023-06-07,9202
6216,居易,14,0,14,凱基-中港,2023-06-07,9202
3078,僑威,39,25,14,凱基-中港,2023-06-07,9202
2401,凌陽,34,21,13,凱基-中港,2023-06-07,9202
1513,中興電,19,7,12,凱基-中港,2023-06-07,9202
6456,GIS-KY,12,0,12,凱基-中港,2023-06-07,9202
3701,大眾控,12,0,12,凱基-中港,2023-06-07,9202
1514,亞力,17,5,12,凱基-中港,2023-06-07,9202
5009,榮剛,13,1,12,凱基-中港,2023-06-07,9202
3711,日月光投控,23,11,12,凱基-中港,2023-06-07,9202
2108,南帝,11,0,11,凱基-中港,2023-06-07,9202
0061,元大寶滬深,11,0,11,凱基-中港,2023-06-07,9202
2706,第一店,16,5,11,凱基-中港,2023-06-07,9202
4906,正文,11,0,11,凱基-中港,2023-06-07,9202
4930,燦星網,11,0,11,凱基-中港,2023-06-07,9202
9945,潤泰新,478,1,477,凱基-中港,2023-06-08,9202
00673R,期元大S＆P原油反1,171,0,171,凱基-中港,2023-06-08,9202
3078,僑威,144,8,136,凱基-中港,2023-06-08,9202
2482,連宇,154,18,136,凱基-中港,2023-06-08,9202
00679B,元大美債20年,120,0,120,凱基-中港,2023-06-08,9202
2888,新光金,122,2,120,凱基-中港,2023-06-08,9202
00878,國泰永續高股息,120,12,108,凱基-中港,2023-06-08,9202
1609,大亞,1062,959,103,凱基-中港,2023-06-08,9202
00919,群益台灣精選高息,69,1,68,凱基-中港,2023-06-08,9202
00720B,元大投資級公司債,62,0,62,凱基-中港,2023-06-08,9202
00772B,中信高評級公司債,50,0,50,凱基-中港,2023-06-08,9202
2323,中環,52,8,44,凱基-中港,2023-06-08,9202
2409,友達,53,11,42,凱基-中港,2023-06-08,9202
5703,亞都,40,0,40,凱基-中港,2023-06-08,9202
3014,聯陽,45,11,34,凱基-中港,2023-06-08,9202
4721,美琪瑪,31,0,31,凱基-中港,2023-06-08,9202
00751B,元大AAA至A公司債,30,0,30,凱基-中港,2023-06-08,9202
2634,漢翔,57,27,30,凱基-中港,2023-06-08,9202
00773B,中信優先金融債,29,0,29,凱基-中港,2023-06-08,9202
1616,億泰,30,2,28,凱基-中港,2023-06-08,9202
2317,鴻海,28,1,27,凱基-中港,2023-06-08,9202
2838,聯邦銀,27,0,27,凱基-中港,2023-06-08,9202
6101,寬魚國際,28,1,27,凱基-中港,2023-06-08,9202
00688L,國泰20年美債正2,26,0,26,凱基-中港,2023-06-08,9202
00885,富邦越南,47,22,25,凱基-中港,2023-06-08,9202
6214,精誠,25,0,25,凱基-中港,2023-06-08,9202
8183,精星,24,0,24,凱基-中港,2023-06-08,9202
00795B,中信美國公債20年,22,0,22,凱基-中港,2023-06-08,9202
5009,榮剛,25,3,22,凱基-中港,2023-06-08,9202
2478,大毅,22,0,22,凱基-中港,2023-06-08,9202
2330,台積電,20,0,20,凱基-中港,2023-06-08,9202
2618,長榮航,104,84,20,凱基-中港,2023-06-08,9202
8105,凌巨,20,0,20,凱基-中港,2023-06-08,9202
00669R,國泰美國道瓊反1,20,0,20,凱基-中港,2023-06-08,9202
6441,廣錠,24,4,20,凱基-中港,2023-06-08,9202
2108,南帝,20,0,20,凱基-中港,2023-06-08,9202
6198,瑞築,20,0,20,凱基-中港,2023-06-08,9202
1504,東元,23,4,19,凱基-中港,2023-06-08,9202
2338,光罩,20,2,18,凱基-中港,2023-06-08,9202
6443,元晶,20,2,18,凱基-中港,2023-06-08,9202
1101,台泥,21,4,17,凱基-中港,2023-06-08,9202
00915,凱基優選高股息30,17,0,17,凱基-中港,2023-06-08,9202
5227,立凱-KY,16,0,16,凱基-中港,2023-06-08,9202
8433,弘帆,19,3,16,凱基-中港,2023-06-08,9202
5439,高技,17,1,16,凱基-中港,2023-06-08,9202
2498,宏達電,20,5,15,凱基-中港,2023-06-08,9202
1533,車王電,30,15,15,凱基-中港,2023-06-08,9202
2461,光群雷,30,15,15,凱基-中港,2023-06-08,9202
6180,橘子,16,1,15,凱基-中港,2023-06-08,9202
00632R,元大台灣50反1,190,176,14,凱基-中港,2023-06-08,9202
00679B,元大美債20年,187,1,186,凱基-中港,2023-06-09,9202
00632R,元大台灣50反1,223,101,122,凱基-中港,2023-06-09,9202
00715L,期街口布蘭特正2,84,0,84,凱基-中港,2023-06-09,9202
6005,群益證,57,1,56,凱基-中港,2023-06-09,9202
2489,瑞軒,50,0,50,凱基-中港,2023-06-09,9202
2618,長榮航,59,15,44,凱基-中港,2023-06-09,9202
3252,海灣,44,5,39,凱基-中港,2023-06-09,9202
3025,星通,57,22,35,凱基-中港,2023-06-09,9202
5386,青雲,25,1,24,凱基-中港,2023-06-09,9202
2458,義隆,24,0,24,凱基-中港,2023-06-09,9202
1762,中化生,25,1,24,凱基-中港,2023-06-09,9202
2888,新光金,37,13,24,凱基-中港,2023-06-09,9202
6111,大宇資,24,1,23,凱基-中港,2023-06-09,9202
6285,啟��,21,0,21,凱基-中港,2023-06-09,9202
1217,愛之味,20,0,20,凱基-中港,2023-06-09,9202
8171,天宇,19,1,18,凱基-中港,2023-06-09,9202
2356,英業達,85,67,18,凱基-中港,2023-06-09,9202
2208,台船,17,0,17,凱基-中港,2023-06-09,9202
6198,瑞築,17,0,17,凱基-中港,2023-06-09,9202
9945,潤泰新,18,2,16,凱基-中港,2023-06-09,9202
2454,聯發科,15,0,15,凱基-中港,2023-06-09,9202
1514,亞力,45,30,15,凱基-中港,2023-06-09,9202
00902,中信電池及儲能,15,0,15,凱基-中港,2023-06-09,9202
1609,大亞,90,76,14,凱基-中港,2023-06-09,9202
5309,系統電,15,1,14,凱基-中港,2023-06-09,9202
00642U,期元大S＆P石油,14,0,14,凱基-中港,2023-06-09,9202
3483,力致,14,0,14,凱基-中港,2023-06-09,9202
1432,大魯閣,22,8,14,凱基-中港,2023-06-09,9202
3356,奇偶,13,0,13,凱基-中港,2023-06-09,9202
3325,旭品,20,7,13,凱基-中港,2023-06-09,9202
3217,優群,16,3,13,凱基-中港,2023-06-09,9202
6271,同欣電,12,0,12,凱基-中港,2023-06-09,9202
8046,南電,14,2,12,凱基-中港,2023-06-09,9202
00674R,期元大S＆P黃金反1,12,0,12,凱基-中港,2023-06-09,9202
3038,全台,50,38,12,凱基-中港,2023-06-09,9202
2637,慧洋-KY,20,8,12,凱基-中港,2023-06-09,9202
6550,北極星藥業-KY,12,0,12,凱基-中港,2023-06-09,9202
1101,台泥,22,10,12,凱基-中港,2023-06-09,9202
2722,夏都,12,0,12,凱基-中港,2023-06-09,9202
2734,易飛網,18,6,12,凱基-中港,2023-06-09,9202
2328,廣宇,21,10,11,凱基-中港,2023-06-09,9202
2345,智邦,12,1,11,凱基-中港,2023-06-09,9202
3046,建��,22,12,10,凱基-中港,2023-06-09,9202
5464,霖宏,10,0,10,凱基-中港,2023-06-09,9202
1218,泰山,10,0,10,凱基-中港,2023-06-09,9202
6697,東捷資訊,13,3,10,凱基-中港,2023-06-09,9202
8034,榮群,9,0,9,凱基-中港,2023-06-09,9202
5703,亞都,10,1,9,凱基-中港,2023-06-09,9202
6263,普萊德,9,0,9,凱基-中港,2023-06-09,9202
2882,國泰金,8,0,8,凱基-中港,2023-06-09,9202
2634,漢翔,353,27,326,凱基-中港,2023-06-12,9202
2208,台船,248,0,248,凱基-中港,2023-06-12,9202
00715L,期街口布蘭特正2,179,0,179,凱基-中港,2023-06-12,9202
3231,緯創,195,104,91,凱基-中港,2023-06-12,9202
2610,華航,102,29,73,凱基-中港,2023-06-12,9202
8070,長華*,70,0,70,凱基-中港,2023-06-12,9202
2305,全友,60,0,60,凱基-中港,2023-06-12,9202
2603,長榮,68,11,57,凱基-中港,2023-06-12,9202
00683L,期元大美元指正2,50,0,50,凱基-中港,2023-06-12,9202
3576,聯合再生,58,11,47,凱基-中港,2023-06-12,9202
2539,櫻花建,44,0,44,凱基-中港,2023-06-12,9202
2618,長榮航,141,101,40,凱基-中港,2023-06-12,9202
00919,群益台灣精選高息,39,1,38,凱基-中港,2023-06-12,9202
3038,全台,81,43,38,凱基-中港,2023-06-12,9202
00929,復華台灣科技優息,38,0,38,凱基-中港,2023-06-12,9202
3374,精材,46,8,38,凱基-中港,2023-06-12,9202
00751B,元大AAA至A公司債,35,0,35,凱基-中港,2023-06-12,9202
00885,富邦越南,42,7,35,凱基-中港,2023-06-12,9202
6248,沛波,34,0,34,凱基-中港,2023-06-12,9202
2409,友達,42,10,32,凱基-中港,2023-06-12,9202
2734,易飛網,31,0,31,凱基-中港,2023-06-12,9202
4979,華星光,47,16,31,凱基-中港,2023-06-12,9202
2881,富邦金,34,4,30,凱基-中港,2023-06-12,9202
3163,波若威,31,2,29,凱基-中港,2023-06-12,9202
00712,復華富時不動產,34,5,29,凱基-中港,2023-06-12,9202
2323,中環,109,80,29,凱基-中港,2023-06-12,9202
2637,慧洋-KY,32,4,28,凱基-中港,2023-06-12,9202
2206,三陽工業,48,21,27,凱基-中港,2023-06-12,9202
2382,廣達,56,30,26,凱基-中港,2023-06-12,9202
3380,明泰,25,0,25,凱基-中港,2023-06-12,9202
2705,六福,24,1,23,凱基-中港,2023-06-12,9202
2838,聯邦銀,22,0,22,凱基-中港,2023-06-12,9202
6005,群益證,27,5,22,凱基-中港,2023-06-12,9202
1101,台泥,26,5,21,凱基-中港,2023-06-12,9202
6163,華電網,51,30,21,凱基-中港,2023-06-12,9202
00688L,國泰20年美債正2,27,6,21,凱基-中港,2023-06-12,9202
3033,威健,22,1,21,凱基-中港,2023-06-12,9202
2374,佳能,20,0,20,凱基-中港,2023-06-12,9202
3034,聯詠,20,0,20,凱基-中港,2023-06-12,9202
3025,星通,25,5,20,凱基-中港,2023-06-12,9202
6244,茂迪,23,4,19,凱基-中港,2023-06-12,9202
2228,劍麟,18,0,18,凱基-中港,2023-06-12,9202
6443,元晶,20,3,17,凱基-中港,2023-06-12,9202
3363,上詮,17,0,17,凱基-中港,2023-06-12,9202
00857B,永豐20年美公債,16,0,16,凱基-中港,2023-06-12,9202
2444,兆勁,15,0,15,凱基-中港,2023-06-12,9202
6417,韋僑,15,0,15,凱基-中港,2023-06-12,9202
5443,均豪,14,0,14,凱基-中港,2023-06-12,9202
6179,亞通,14,1,13,凱基-中港,2023-06-12,9202
2356,英業達,26,13,13,凱基-中港,2023-06-12,9202
00632R,元大台灣50反1,631,30,601,凱基-中港,2023-06-13,9202
00715L,期街口布蘭特正2,412,1,411,凱基-中港,2023-06-13,9202
2634,漢翔,299,9,290,凱基-中港,2023-06-13,9202
2208,台船,209,1,208,凱基-中港,2023-06-13,9202
4510,高鋒,130,1,129,凱基-中港,2023-06-13,9202
8070,長華*,116,0,116,凱基-中港,2023-06-13,9202
00671R,富邦NASDAQ反1,103,0,103,凱基-中港,2023-06-13,9202
2883,凱基金,57,0,57,凱基-中港,2023-06-13,9202
00919,群益台灣精選高息,59,3,56,凱基-中港,2023-06-13,9202
3078,僑威,131,76,55,凱基-中港,2023-06-13,9202
2539,櫻花建,50,0,50,凱基-中港,2023-06-13,9202
2312,金寶,51,2,49,凱基-中港,2023-06-13,9202
2867,三商壽,40,0,40,凱基-中港,2023-06-13,9202
6235,華孚,89,51,38,凱基-中港,2023-06-13,9202
6285,啟��,47,14,33,凱基-中港,2023-06-13,9202
00885,富邦越南,35,3,32,凱基-中港,2023-06-13,9202
5386,青雲,40,9,31,凱基-中港,2023-06-13,9202
6668,中揚光,30,0,30,凱基-中港,2023-06-13,9202
2302,麗正,29,0,29,凱基-中港,2023-06-13,9202
3576,聯合再生,41,13,28,凱基-中港,2023-06-13,9202
2489,瑞軒,30,2,28,凱基-中港,2023-06-13,9202
6456,GIS-KY,27,2,25,凱基-中港,2023-06-13,9202
1504,東元,24,2,22,凱基-中港,2023-06-13,9202
1514,亞力,37,16,21,凱基-中港,2023-06-13,9202
3038,全台,27,6,21,凱基-中港,2023-06-13,9202
6282,康舒,30,10,20,凱基-中港,2023-06-13,9202
2887,台新金,19,0,19,凱基-中港,2023-06-13,9202
00902,中信電池及儲能,25,6,19,凱基-中港,2023-06-13,9202
8299,群聯,20,1,19,凱基-中港,2023-06-13,9202
00642U,期元大S＆P石油,18,0,18,凱基-中港,2023-06-13,9202
5706,鳳凰,271,253,18,凱基-中港,2023-06-13,9202
3013,晟銘電,21,3,18,凱基-中港,2023-06-13,9202
4968,立積,24,8,16,凱基-中港,2023-06-13,9202
2324,仁寶,22,7,15,凱基-中港,2023-06-13,9202
5871,中租-KY,15,0,15,凱基-中港,2023-06-13,9202
00688L,國泰20年美債正2,15,0,15,凱基-中港,2023-06-13,9202
3163,波若威,15,1,14,凱基-中港,2023-06-13,9202
2353,宏��,21,7,14,凱基-中港,2023-06-13,9202
3141,晶宏,16,2,14,凱基-中港,2023-06-13,9202
2885,元大金,18,4,14,凱基-中港,2023-06-13,9202
3017,奇鋐,34,20,14,凱基-中港,2023-06-13,9202
8926,台汽電,17,4,13,凱基-中港,2023-06-13,9202
5309,系統電,14,1,13,凱基-中港,2023-06-13,9202
3479,安勤,13,0,13,凱基-中港,2023-06-13,9202
1727,中華化,12,0,12,凱基-中港,2023-06-13,9202
8271,宇瞻,16,4,12,凱基-中港,2023-06-13,9202
6288,聯嘉,35,23,12,凱基-中港,2023-06-13,9202
8234,新漢,11,0,11,凱基-中港,2023-06-13,9202
5227,立凱-KY,12,1,11,凱基-中港,2023-06-13,9202
5340,建榮,11,0,11,凱基-中港,2023-06-13,9202
2634,漢翔,550,32,518,凱基-中港,2023-06-14,9202
2208,台船,267,2,265,凱基-中港,2023-06-14,9202
00633L,富邦上証正2,124,0,124,凱基-中港,2023-06-14,9202
00878,國泰永續高股息,92,10,82,凱基-中港,2023-06-14,9202
2356,英業達,684,609,75,凱基-中港,2023-06-14,9202
6116,彩晶,76,10,66,凱基-中港,2023-06-14,9202
8070,長華*,62,0,62,凱基-中港,2023-06-14,9202
00751B,元大AAA至A公司債,53,0,53,凱基-中港,2023-06-14,9202
5258,虹堡,72,23,49,凱基-中港,2023-06-14,9202
6167,久正,46,0,46,凱基-中港,2023-06-14,9202
3034,聯詠,31,0,31,凱基-中港,2023-06-14,9202
2353,宏��,33,3,30,凱基-中港,2023-06-14,9202
00919,群益台灣精選高息,29,0,29,凱基-中港,2023-06-14,9202
6664,群翊,28,0,28,凱基-中港,2023-06-14,9202
00795B,中信美國公債20年,26,0,26,凱基-中港,2023-06-14,9202
2539,櫻花建,26,1,25,凱基-中港,2023-06-14,9202
00857B,永豐20年美公債,23,0,23,凱基-中港,2023-06-14,9202
00712,復華富時不動產,32,13,19,凱基-中港,2023-06-14,9202
2883,凱基金,25,7,18,凱基-中港,2023-06-14,9202
8050,廣積,26,9,17,凱基-中港,2023-06-14,9202
2409,友達,26,10,16,凱基-中港,2023-06-14,9202
00720B,元大投資級公司債,16,0,16,凱基-中港,2023-06-14,9202
2357,華碩,16,0,16,凱基-中港,2023-06-14,9202
1471,首利,15,0,15,凱基-中港,2023-06-14,9202
3217,優群,18,3,15,凱基-中港,2023-06-14,9202
8069,元太,20,5,15,凱基-中港,2023-06-14,9202
2382,廣達,37,22,15,凱基-中港,2023-06-14,9202
00687B,國泰20年美債,14,0,14,凱基-中港,2023-06-14,9202
8299,群聯,17,3,14,凱基-中港,2023-06-14,9202
00688L,國泰20年美債正2,14,0,14,凱基-中港,2023-06-14,9202
3434,哲固,16,2,14,凱基-中港,2023-06-14,9202
2633,台灣高鐵,14,0,14,凱基-中港,2023-06-14,9202
00679B,元大美債20年,16,2,14,凱基-中港,2023-06-14,9202
6164,華興,13,0,13,凱基-中港,2023-06-14,9202
3374,精材,34,21,13,凱基-中港,2023-06-14,9202
5465,富驊,29,16,13,凱基-中港,2023-06-14,9202
00772B,中信高評級公司債,13,0,13,凱基-中港,2023-06-14,9202
1514,亞力,24,12,12,凱基-中港,2023-06-14,9202
8924,大田,12,0,12,凱基-中港,2023-06-14,9202
6153,嘉聯益,12,0,12,凱基-中港,2023-06-14,9202
6235,華孚,43,31,12,凱基-中港,2023-06-14,9202
3265,台星科,17,6,11,凱基-中港,2023-06-14,9202
6697,東捷資訊,11,0,11,凱基-中港,2023-06-14,9202
1802,台玻,11,0,11,凱基-中港,2023-06-14,9202
3289,宜特,16,5,11,凱基-中港,2023-06-14,9202
2474,可成,10,0,10,凱基-中港,2023-06-14,9202
1524,耿鼎,10,0,10,凱基-中港,2023-06-14,9202
2484,希華,10,0,10,凱基-中港,2023-06-14,9202
00639,富邦深100,10,0,10,凱基-中港,2023-06-14,9202
00912,中信臺灣智慧50,10,0,10,凱基-中港,2023-06-14,9202
2634,漢翔,384,17,367,凱基-中港,2023-06-15,9202
00927,群益半導體收益,259,0,259,凱基-中港,2023-06-15,9202
2208,台船,189,0,189,凱基-中港,2023-06-15,9202
4526,東台,200,53,147,凱基-中港,2023-06-15,9202
2888,新光金,131,5,126,凱基-中港,2023-06-15,9202
00632R,元大台灣50反1,100,1,99,凱基-中港,2023-06-15,9202
8070,長華*,100,3,97,凱基-中港,2023-06-15,9202
00751B,元大AAA至A公司債,97,0,97,凱基-中港,2023-06-15,9202
6282,康舒,116,29,87,凱基-中港,2023-06-15,9202
00919,群益台灣精選高息,82,0,82,凱基-中港,2023-06-15,9202
2891,中信金,81,0,81,凱基-中港,2023-06-15,9202
2539,櫻花建,80,0,80,凱基-中港,2023-06-15,9202
00715L,期街口布蘭特正2,137,70,67,凱基-中港,2023-06-15,9202
2801,彰銀,53,0,53,凱基-中港,2023-06-15,9202
00671R,富邦NASDAQ反1,52,0,52,凱基-中港,2023-06-15,9202
3287,廣寰科,60,10,50,凱基-中港,2023-06-15,9202
3260,威剛,54,12,42,凱基-中港,2023-06-15,9202
3576,聯合再生,72,33,39,凱基-中港,2023-06-15,9202
00642U,期元大S＆P石油,36,4,32,凱基-中港,2023-06-15,9202
3034,聯詠,32,2,30,凱基-中港,2023-06-15,9202
2457,飛宏,43,15,28,凱基-中港,2023-06-15,9202
5011,久陽,30,2,28,凱基-中港,2023-06-15,9202
2454,聯發科,28,0,28,凱基-中港,2023-06-15,9202
3706,神達,87,59,28,凱基-中港,2023-06-15,9202
2609,陽明,31,6,25,凱基-中港,2023-06-15,9202
8028,昇陽半導體,34,11,23,凱基-中港,2023-06-15,9202
2886,兆豐金,23,1,22,凱基-中港,2023-06-15,9202
3038,全台,21,0,21,凱基-中港,2023-06-15,9202
2022,聚亨,21,0,21,凱基-中港,2023-06-15,9202
9938,百和,20,0,20,凱基-中港,2023-06-15,9202
2478,大毅,20,0,20,凱基-中港,2023-06-15,9202
2344,華邦電,29,9,20,凱基-中港,2023-06-15,9202
3013,晟銘電,46,27,19,凱基-中港,2023-06-15,9202
3017,奇鋐,33,15,18,凱基-中港,2023-06-15,9202
2323,中環,83,67,16,凱基-中港,2023-06-15,9202
00772B,中信高評級公司債,16,0,16,凱基-中港,2023-06-15,9202
9939,宏全,15,0,15,凱基-中港,2023-06-15,9202
2449,京元電子,17,2,15,凱基-中港,2023-06-15,9202
4543,萬在,16,1,15,凱基-中港,2023-06-15,9202
4906,正文,27,13,14,凱基-中港,2023-06-15,9202
3037,欣興,26,12,14,凱基-中港,2023-06-15,9202
5392,能率,14,0,14,凱基-中港,2023-06-15,9202
3551,世禾,15,1,14,凱基-中港,2023-06-15,9202
6182,合晶,25,12,13,凱基-中港,2023-06-15,9202
3078,僑威,25,12,13,凱基-中港,2023-06-15,9202
00882,中信中國高股息,13,0,13,凱基-中港,2023-06-15,9202
4533,協易機,30,17,13,凱基-中港,2023-06-15,9202
00885,富邦越南,14,1,13,凱基-中港,2023-06-15,9202
2108,南帝,18,5,13,凱基-中港,2023-06-15,9202
2345,智邦,14,1,13,凱基-中港,2023-06-15,9202
2610,華航,1192,716,476,凱基-中港,2023-06-16,9202
0056,元大高股息,191,12,179,凱基-中港,2023-06-16,9202
2886,兆豐金,111,14,97,凱基-中港,2023-06-16,9202
2208,台船,112,20,92,凱基-中港,2023-06-16,9202
3372,典範,75,0,75,凱基-中港,2023-06-16,9202
00919,群益台灣精選高息,90,25,65,凱基-中港,2023-06-16,9202
1609,大亞,94,40,54,凱基-中港,2023-06-16,9202
2014,中鴻,59,9,50,凱基-中港,2023-06-16,9202
1540,喬福,50,0,50,凱基-中港,2023-06-16,9202
00671R,富邦NASDAQ反1,50,0,50,凱基-中港,2023-06-16,9202
5876,上海商銀,51,1,50,凱基-中港,2023-06-16,9202
1301,台塑,46,1,45,凱基-中港,2023-06-16,9202
2356,英業達,84,43,41,凱基-中港,2023-06-16,9202
1605,華新,81,45,36,凱基-中港,2023-06-16,9202
2371,大同,186,151,35,凱基-中港,2023-06-16,9202
2543,皇昌,35,0,35,凱基-中港,2023-06-16,9202
4207,環泰,36,1,35,凱基-中港,2023-06-16,9202
2881,富邦金,32,0,32,凱基-中港,2023-06-16,9202
6005,群益證,32,5,27,凱基-中港,2023-06-16,9202
2539,櫻花建,25,0,25,凱基-中港,2023-06-16,9202
2385,群光,25,1,24,凱基-中港,2023-06-16,9202
2633,台灣高鐵,21,0,21,凱基-中港,2023-06-16,9202
2357,華碩,20,0,20,凱基-中港,2023-06-16,9202
2402,毅嘉,28,8,20,凱基-中港,2023-06-16,9202
00712,復華富時不動產,20,0,20,凱基-中港,2023-06-16,9202
2330,台積電,24,4,20,凱基-中港,2023-06-16,9202
3038,全台,54,35,19,凱基-中港,2023-06-16,9202
2359,所羅門,25,6,19,凱基-中港,2023-06-16,9202
8201,無敵,19,1,18,凱基-中港,2023-06-16,9202
1802,台玻,61,43,18,凱基-中港,2023-06-16,9202
3231,緯創,170,153,17,凱基-中港,2023-06-16,9202
5512,力麒,42,26,16,凱基-中港,2023-06-16,9202
2332,友訊,35,19,16,凱基-中港,2023-06-16,9202
2454,聯發科,19,3,16,凱基-中港,2023-06-16,9202
5347,世界,15,0,15,凱基-中港,2023-06-16,9202
5258,虹堡,23,8,15,凱基-中港,2023-06-16,9202
4906,正文,21,6,15,凱基-中港,2023-06-16,9202
3078,僑威,91,76,15,凱基-中港,2023-06-16,9202
2324,仁寶,28,13,15,凱基-中港,2023-06-16,9202
1905,華紙,15,1,14,凱基-中港,2023-06-16,9202
5608,四維航,14,0,14,凱基-中港,2023-06-16,9202
2201,裕隆,14,0,14,凱基-中港,2023-06-16,9202
8110,華東,15,2,13,凱基-中港,2023-06-16,9202
3576,聯合再生,75,62,13,凱基-中港,2023-06-16,9202
4958,臻鼎-KY,13,0,13,凱基-中港,2023-06-16,9202
6179,亞通,13,0,13,凱基-中港,2023-06-16,9202
2888,新光金,22,10,12,凱基-中港,2023-06-16,9202
2457,飛宏,25,13,12,凱基-中港,2023-06-16,9202
6770,力積電,19,7,12,凱基-中港,2023-06-16,9202
6125,廣運,33,21,12,凱基-中港,2023-06-16,9202
00673R,期元大S＆P原油反1,94,0,94,凱基-中港,2023-06-19,9202
00885,富邦越南,99,5,94,凱基-中港,2023-06-19,9202
5905,南仁湖,75,2,73,凱基-中港,2023-06-19,9202
8033,雷虎,73,17,56,凱基-中港,2023-06-19,9202
6116,彩晶,86,31,55,凱基-中港,2023-06-19,9202
2376,技嘉,56,5,51,凱基-中港,2023-06-19,9202
2352,佳世達,43,1,42,凱基-中港,2023-06-19,9202
00712,復華富時不動產,42,3,39,凱基-中港,2023-06-19,9202
00632R,元大台灣50反1,41,2,39,凱基-中港,2023-06-19,9202
00637L,元大滬深300正2,47,8,39,凱基-中港,2023-06-19,9202
6164,華興,39,0,39,凱基-中港,2023-06-19,9202
00888,永豐台灣ESG,39,1,38,凱基-中港,2023-06-19,9202
2344,華邦電,58,22,36,凱基-中港,2023-06-19,9202
4979,華星光,73,37,36,凱基-中港,2023-06-19,9202
6244,茂迪,53,18,35,凱基-中港,2023-06-19,9202
2528,皇普,35,0,35,凱基-中港,2023-06-19,9202
6235,華孚,33,1,32,凱基-中港,2023-06-19,9202
3576,聯合再生,32,0,32,凱基-中港,2023-06-19,9202
2834,臺企銀,31,1,30,凱基-中港,2023-06-19,9202
2337,旺宏,48,18,30,凱基-中港,2023-06-19,9202
2610,華航,139,112,27,凱基-中港,2023-06-19,9202
6462,神盾,42,17,25,凱基-中港,2023-06-19,9202
2356,英業達,45,20,25,凱基-中港,2023-06-19,9202
2609,陽明,27,3,24,凱基-中港,2023-06-19,9202
2882,國泰金,26,2,24,凱基-中港,2023-06-19,9202
3217,優群,24,1,23,凱基-中港,2023-06-19,9202
2478,大毅,22,0,22,凱基-中港,2023-06-19,9202
4533,協易機,28,7,21,凱基-中港,2023-06-19,9202
3706,神達,43,22,21,凱基-中港,2023-06-19,9202
2324,仁寶,26,6,20,凱基-中港,2023-06-19,9202
3231,緯創,156,136,20,凱基-中港,2023-06-19,9202
00857B,永豐20年美公債,20,0,20,凱基-中港,2023-06-19,9202
3042,晶技,20,0,20,凱基-中港,2023-06-19,9202
6485,點序,23,5,18,凱基-中港,2023-06-19,9202
6165,浪凡,30,14,16,凱基-中港,2023-06-19,9202
8271,宇瞻,16,0,16,凱基-中港,2023-06-19,9202
2353,宏��,29,13,16,凱基-中港,2023-06-19,9202
2312,金寶,56,41,15,凱基-中港,2023-06-19,9202
00639,富邦深100,15,0,15,凱基-中港,2023-06-19,9202
2637,慧洋-KY,25,10,15,凱基-中港,2023-06-19,9202
5425,台半,14,0,14,凱基-中港,2023-06-19,9202
2603,長榮,23,10,13,凱基-中港,2023-06-19,9202
1907,永豐餘,24,11,13,凱基-中港,2023-06-19,9202
6535,順藥,13,0,13,凱基-中港,2023-06-19,9202
3664,安瑞-KY,14,1,13,凱基-中港,2023-06-19,9202
00921,兆豐龍頭等權重,13,0,13,凱基-中港,2023-06-19,9202
3056,富華新,13,0,13,凱基-中港,2023-06-19,9202
1525,江申,13,1,12,凱基-中港,2023-06-19,9202
2618,長榮航,84,72,12,凱基-中港,2023-06-19,9202
2332,友訊,12,0,12,凱基-中港,2023-06-19,9202
00673R,期元大S＆P原油反1,150,0,150,凱基-中港,2023-06-20,9202
5876,上海商銀,101,0,101,凱基-中港,2023-06-20,9202
00712,復華富時不動產,69,20,49,凱基-中港,2023-06-20,9202
3031,佰鴻,36,0,36,凱基-中港,2023-06-20,9202
2454,聯發科,39,4,35,凱基-中港,2023-06-20,9202
3149,正達,35,0,35,凱基-中港,2023-06-20,9202
0056,元大高股息,43,15,28,凱基-中港,2023-06-20,9202
2609,陽明,29,2,27,凱基-中港,2023-06-20,9202
2630,亞航,28,1,27,凱基-中港,2023-06-20,9202
8383,千附,26,0,26,凱基-中港,2023-06-20,9202
2408,南亞科,25,0,25,凱基-中港,2023-06-20,9202
2478,大毅,25,0,25,凱基-中港,2023-06-20,9202
2337,旺宏,28,3,25,凱基-中港,2023-06-20,9202
8076,伍豐,46,21,25,凱基-中港,2023-06-20,9202
8222,寶一,41,18,23,凱基-中港,2023-06-20,9202
3325,旭品,25,2,23,凱基-中港,2023-06-20,9202
00882,中信中國高股息,23,0,23,凱基-中港,2023-06-20,9202
2356,英業達,79,57,22,凱基-中港,2023-06-20,9202
00720B,元大投資級公司債,21,0,21,凱基-中港,2023-06-20,9202
1802,台玻,21,0,21,凱基-中港,2023-06-20,9202
2482,連宇,29,8,21,凱基-中港,2023-06-20,9202
3049,精金,21,1,20,凱基-中港,2023-06-20,9202
1103,嘉泥,43,24,19,凱基-中港,2023-06-20,9202
00927,群益半導體收益,18,0,18,凱基-中港,2023-06-20,9202
00688L,國泰20年美債正2,18,0,18,凱基-中港,2023-06-20,9202
6217,中探針,39,21,18,凱基-中港,2023-06-20,9202
00679B,元大美債20年,18,0,18,凱基-中港,2023-06-20,9202
2312,金寶,18,1,17,凱基-中港,2023-06-20,9202
3260,威剛,21,4,17,凱基-中港,2023-06-20,9202
00929,復華台灣科技優息,16,0,16,凱基-中港,2023-06-20,9202
6244,茂迪,24,8,16,凱基-中港,2023-06-20,9202
8110,華東,16,1,15,凱基-中港,2023-06-20,9202
2633,台灣高鐵,17,2,15,凱基-中港,2023-06-20,9202
5512,力麒,30,15,15,凱基-中港,2023-06-20,9202
6245,立端,14,0,14,凱基-中港,2023-06-20,9202
1210,大成,13,0,13,凱基-中港,2023-06-20,9202
3664,安瑞-KY,12,0,12,凱基-中港,2023-06-20,9202
00926,凱基全球菁英55,12,0,12,凱基-中港,2023-06-20,9202
2402,毅嘉,13,1,12,凱基-中港,2023-06-20,9202
6214,精誠,12,1,11,凱基-中港,2023-06-20,9202
1605,華新,22,11,11,凱基-中港,2023-06-20,9202
8926,台汽電,13,2,11,凱基-中港,2023-06-20,9202
2504,國產,14,3,11,凱基-中港,2023-06-20,9202
2701,萬企,18,7,11,凱基-中港,2023-06-20,9202
3163,波若威,13,2,11,凱基-中港,2023-06-20,9202
3034,聯詠,10,0,10,凱基-中港,2023-06-20,9202
2812,台中銀,10,0,10,凱基-中港,2023-06-20,9202
6776,展�眥篕�,10,0,10,凱基-中港,2023-06-20,9202
1503,士電,11,1,10,凱基-中港,2023-06-20,9202
00753L,中信中國50正2,30,20,10,凱基-中港,2023-06-20,9202
4916,事欣科,187,96,91,凱基-中港,2023-06-21,9202
2609,陽明,86,2,84,凱基-中港,2023-06-21,9202
00673R,期元大S＆P原油反1,78,0,78,凱基-中港,2023-06-21,9202
1905,華紙,72,20,52,凱基-中港,2023-06-21,9202
00882,中信中國高股息,49,1,48,凱基-中港,2023-06-21,9202
8070,長華*,56,14,42,凱基-中港,2023-06-21,9202
3481,群創,147,105,42,凱基-中港,2023-06-21,9202
00712,復華富時不動產,36,1,35,凱基-中港,2023-06-21,9202
00753L,中信中國50正2,31,0,31,凱基-中港,2023-06-21,9202
3363,上詮,31,0,31,凱基-中港,2023-06-21,9202
2630,亞航,31,1,30,凱基-中港,2023-06-21,9202
2486,一詮,30,1,29,凱基-中港,2023-06-21,9202
6125,廣運,56,28,28,凱基-中港,2023-06-21,9202
2442,新美齊,26,0,26,凱基-中港,2023-06-21,9202
2449,京元電子,26,1,25,凱基-中港,2023-06-21,9202
5876,上海商銀,25,0,25,凱基-中港,2023-06-21,9202
8076,伍豐,38,14,24,凱基-中港,2023-06-21,9202
2106,建大,20,0,20,凱基-中港,2023-06-21,9202
2371,大同,97,77,20,凱基-中港,2023-06-21,9202
3078,僑威,32,13,19,凱基-中港,2023-06-21,9202
2913,農林,19,0,19,凱基-中港,2023-06-21,9202
00919,群益台灣精選高息,18,0,18,凱基-中港,2023-06-21,9202
2323,中環,52,34,18,凱基-中港,2023-06-21,9202
2504,國產,16,0,16,凱基-中港,2023-06-21,9202
5351,鈺創,20,4,16,凱基-中港,2023-06-21,9202
00751B,元大AAA至A公司債,16,0,16,凱基-中港,2023-06-21,9202
5483,中美晶,16,0,16,凱基-中港,2023-06-21,9202
2883,凱基金,16,1,15,凱基-中港,2023-06-21,9202
8105,凌巨,19,4,15,凱基-中港,2023-06-21,9202
6282,康舒,47,32,15,凱基-中港,2023-06-21,9202
3056,富華新,19,5,14,凱基-中港,2023-06-21,9202
1713,國化,29,15,14,凱基-中港,2023-06-21,9202
3013,晟銘電,21,7,14,凱基-中港,2023-06-21,9202
1609,大亞,13,0,13,凱基-中港,2023-06-21,9202
8069,元太,14,2,12,凱基-中港,2023-06-21,9202
1432,大魯閣,13,1,12,凱基-中港,2023-06-21,9202
00632R,元大台灣50反1,12,0,12,凱基-中港,2023-06-21,9202
6116,彩晶,20,8,12,凱基-中港,2023-06-21,9202
2601,益航,12,0,12,凱基-中港,2023-06-21,9202
2324,仁寶,18,6,12,凱基-中港,2023-06-21,9202
2108,南帝,12,0,12,凱基-中港,2023-06-21,9202
2409,友達,34,23,11,凱基-中港,2023-06-21,9202
5706,鳳凰,22,11,11,凱基-中港,2023-06-21,9202
1727,中華化,13,2,11,凱基-中港,2023-06-21,9202
3564,其陽,11,0,11,凱基-中港,2023-06-21,9202
5465,富驊,19,8,11,凱基-中港,2023-06-21,9202
6182,合晶,11,0,11,凱基-中港,2023-06-21,9202
3617,碩天,12,1,11,凱基-中港,2023-06-21,9202
1504,東元,21,10,11,凱基-中港,2023-06-21,9202
3701,大眾控,10,0,10,凱基-中港,2023-06-21,9202
2610,華航,309,14,295,凱基-中港,2023-06-26,9202
4543,萬在,135,9,126,凱基-中港,2023-06-26,9202
00712,復華富時不動產,102,0,102,凱基-中港,2023-06-26,9202
2208,台船,66,0,66,凱基-中港,2023-06-26,9202
4541,晟田,60,0,60,凱基-中港,2023-06-26,9202
00882,中信中國高股息,57,0,57,凱基-中港,2023-06-26,9202
6282,康舒,71,16,55,凱基-中港,2023-06-26,9202
3025,星通,55,0,55,凱基-中港,2023-06-26,9202
2409,友達,61,8,53,凱基-中港,2023-06-26,9202
2303,聯電,53,3,50,凱基-中港,2023-06-26,9202
2633,台灣高鐵,50,0,50,凱基-中港,2023-06-26,9202
2340,台亞,131,89,42,凱基-中港,2023-06-26,9202
3706,神達,75,36,39,凱基-中港,2023-06-26,9202
3260,威剛,37,0,37,凱基-中港,2023-06-26,9202
2402,毅嘉,36,0,36,凱基-中港,2023-06-26,9202
6188,廣明,69,33,36,凱基-中港,2023-06-26,9202
1904,正隆,56,22,34,凱基-中港,2023-06-26,9202
4503,金雨,50,19,31,凱基-中港,2023-06-26,9202
2888,新光金,34,4,30,凱基-中港,2023-06-26,9202
00830,國泰費城半導體,30,1,29,凱基-中港,2023-06-26,9202
2399,映泰,30,1,29,凱基-中港,2023-06-26,9202
00929,復華台灣科技優息,30,3,27,凱基-中港,2023-06-26,9202
3481,群創,123,96,27,凱基-中港,2023-06-26,9202
9904,寶成,26,0,26,凱基-中港,2023-06-26,9202
3673,TPK-KY,24,0,24,凱基-中港,2023-06-26,9202
2478,大毅,25,1,24,凱基-中港,2023-06-26,9202
00715L,期街口布蘭特正2,43,20,23,凱基-中港,2023-06-26,9202
8070,長華*,25,2,23,凱基-中港,2023-06-26,9202
1471,首利,25,3,22,凱基-中港,2023-06-26,9202
2883,凱基金,23,1,22,凱基-中港,2023-06-26,9202
2609,陽明,37,16,21,凱基-中港,2023-06-26,9202
2887,台新金,24,2,22,凱基-中港,2023-06-26,9202
00637L,元大滬深300正2,20,0,20,凱基-中港,2023-06-26,9202
9934,成霖,20,0,20,凱基-中港,2023-06-26,9202
00753L,中信中國50正2,19,0,19,凱基-中港,2023-06-26,9202
1514,亞力,28,9,19,凱基-中港,2023-06-26,9202
00642U,期元大S＆P石油,19,0,19,凱基-中港,2023-06-26,9202
00757,統一FANG+,20,3,17,凱基-中港,2023-06-26,9202
1504,東元,21,4,17,凱基-中港,2023-06-26,9202
2482,連宇,20,4,16,凱基-中港,2023-06-26,9202
00679B,元大美債20年,18,2,16,凱基-中港,2023-06-26,9202
8358,金居,35,19,16,凱基-中港,2023-06-26,9202
6203,海韻電,16,0,16,凱基-中港,2023-06-26,9202
00927,群益半導體收益,15,0,15,凱基-中港,2023-06-26,9202
2885,元大金,25,10,15,凱基-中港,2023-06-26,9202
6164,華興,15,0,15,凱基-中港,2023-06-26,9202
1316,上曜,14,0,14,凱基-中港,2023-06-26,9202
2913,農林,23,9,14,凱基-中港,2023-06-26,9202
3047,訊舟,14,0,14,凱基-中港,2023-06-26,9202
2108,南帝,13,0,13,凱基-中港,2023-06-26,9202
2208,台船,193,0,193,凱基-中港,2023-06-27,9202
00929,復華台灣科技優息,136,1,135,凱基-中港,2023-06-27,9202
2303,聯電,111,1,110,凱基-中港,2023-06-27,9202
2610,華航,180,90,90,凱基-中港,2023-06-27,9202
3481,群創,171,82,89,凱基-中港,2023-06-27,9202
2618,長榮航,163,76,87,凱基-中港,2023-06-27,9202
2409,友達,70,4,66,凱基-中港,2023-06-27,9202
2344,華邦電,91,26,65,凱基-中港,2023-06-27,9202
2323,中環,101,50,51,凱基-中港,2023-06-27,9202
0056,元大高股息,60,10,50,凱基-中港,2023-06-27,9202
3056,富華新,48,0,48,凱基-中港,2023-06-27,9202
2439,美律,41,0,41,凱基-中港,2023-06-27,9202
4541,晟田,40,0,40,凱基-中港,2023-06-27,9202
1907,永豐餘,36,0,36,凱基-中港,2023-06-27,9202
8112,至上,41,8,33,凱基-中港,2023-06-27,9202
6188,廣明,88,55,33,凱基-中港,2023-06-27,9202
2633,台灣高鐵,27,1,26,凱基-中港,2023-06-27,9202
5340,建榮,26,0,26,凱基-中港,2023-06-27,9202
2330,台積電,26,2,24,凱基-中港,2023-06-27,9202
3078,僑威,52,28,24,凱基-中港,2023-06-27,9202
2376,技嘉,37,13,24,凱基-中港,2023-06-27,9202
8070,長華*,26,2,24,凱基-中港,2023-06-27,9202
8234,新漢,22,1,21,凱基-中港,2023-06-27,9202
00885,富邦越南,43,22,21,凱基-中港,2023-06-27,9202
3491,昇達科,20,0,20,凱基-中港,2023-06-27,9202
00919,群益台灣精選高息,20,0,20,凱基-中港,2023-06-27,9202
5443,均豪,20,0,20,凱基-中港,2023-06-27,9202
1104,環泥,20,0,20,凱基-中港,2023-06-27,9202
2317,鴻海,31,11,20,凱基-中港,2023-06-27,9202
1301,台塑,21,3,18,凱基-中港,2023-06-27,9202
6125,廣運,23,5,18,凱基-中港,2023-06-27,9202
2352,佳世達,26,9,17,凱基-中港,2023-06-27,9202
6116,彩晶,18,2,16,凱基-中港,2023-06-27,9202
2504,國產,16,0,16,凱基-中港,2023-06-27,9202
4510,高鋒,16,0,16,凱基-中港,2023-06-27,9202
00795B,中信美國公債20年,15,0,15,凱基-中港,2023-06-27,9202
3032,偉訓,18,3,15,凱基-中港,2023-06-27,9202
2206,三陽工業,16,2,14,凱基-中港,2023-06-27,9202
00922,國泰台灣領袖50,25,12,13,凱基-中港,2023-06-27,9202
2913,農林,14,1,13,凱基-中港,2023-06-27,9202
3024,憶聲,13,0,13,凱基-中港,2023-06-27,9202
5347,世界,12,0,12,凱基-中港,2023-06-27,9202
4581,光隆精密-KY,12,0,12,凱基-中港,2023-06-27,9202
2108,南帝,12,0,12,凱基-中港,2023-06-27,9202
1711,永光,22,11,11,凱基-中港,2023-06-27,9202
4123,晟德,11,0,11,凱基-中港,2023-06-27,9202
3715,定穎投控,11,0,11,凱基-中港,2023-06-27,9202
1432,大魯閣,11,0,11,凱基-中港,2023-06-27,9202
6276,安鈦克,11,0,11,凱基-中港,2023-06-27,9202
6120,達運,20,9,11,凱基-中港,2023-06-27,9202
00715L,期街口布蘭特正2,499,30,469,凱基-中港,2023-06-28,9202
2208,台船,262,10,252,凱基-中港,2023-06-28,9202
2633,台灣高鐵,232,0,232,凱基-中港,2023-06-28,9202
00671R,富邦NASDAQ反1,205,0,205,凱基-中港,2023-06-28,9202
1605,華新,176,46,130,凱基-中港,2023-06-28,9202
3231,緯創,98,36,62,凱基-中港,2023-06-28,9202
00640L,富邦日本正2,60,0,60,凱基-中港,2023-06-28,9202
2885,元大金,60,0,60,凱基-中港,2023-06-28,9202
2906,高林,60,1,59,凱基-中港,2023-06-28,9202
3260,威剛,74,15,59,凱基-中港,2023-06-28,9202
2801,彰銀,53,0,53,凱基-中港,2023-06-28,9202
3056,富華新,55,3,52,凱基-中港,2023-06-28,9202
8450,霹靂,50,5,45,凱基-中港,2023-06-28,9202
00881,國泰台灣5G+,45,0,45,凱基-中港,2023-06-28,9202
4906,正文,92,51,41,凱基-中港,2023-06-28,9202
3287,廣寰科,60,22,38,凱基-中港,2023-06-28,9202
2504,國產,37,0,37,凱基-中港,2023-06-28,9202
3665,貿聯-KY,35,1,34,凱基-中港,2023-06-28,9202
1101,台泥,30,0,30,凱基-中港,2023-06-28,9202
2482,連宇,45,17,28,凱基-中港,2023-06-28,9202
2609,陽明,36,10,26,凱基-中港,2023-06-28,9202
2634,漢翔,59,35,24,凱基-中港,2023-06-28,9202
3596,智易,43,20,23,凱基-中港,2023-06-28,9202
00679B,元大美債20年,23,1,22,凱基-中港,2023-06-28,9202
5880,合庫金,22,0,22,凱基-中港,2023-06-28,9202
00642U,期元大S＆P石油,26,5,21,凱基-中港,2023-06-28,9202
8277,商丞,21,0,21,凱基-中港,2023-06-28,9202
5388,中磊,22,1,21,凱基-中港,2023-06-28,9202
00900,富邦特選高股息30,24,4,20,凱基-中港,2023-06-28,9202
00665L,富邦�琤肭磪囓�2,20,0,20,凱基-中港,2023-06-28,9202
8048,德勝,40,20,20,凱基-中港,2023-06-28,9202
2883,凱基金,26,8,18,凱基-中港,2023-06-28,9202
6179,亞通,21,3,18,凱基-中港,2023-06-28,9202
3038,全台,42,24,18,凱基-中港,2023-06-28,9202
2409,友達,27,11,16,凱基-中港,2023-06-28,9202
3479,安勤,16,0,16,凱基-中港,2023-06-28,9202
6282,康舒,14,0,14,凱基-中港,2023-06-28,9202
00851,台新全球AI,14,0,14,凱基-中港,2023-06-28,9202
2888,新光金,18,5,13,凱基-中港,2023-06-28,9202
1312A,國喬特,13,0,13,凱基-中港,2023-06-28,9202
2439,美律,13,0,13,凱基-中港,2023-06-28,9202
00673R,期元大S＆P原油反1,13,0,13,凱基-中港,2023-06-28,9202
2412,中華電,12,0,12,凱基-中港,2023-06-28,9202
3707,漢磊,12,0,12,凱基-中港,2023-06-28,9202
6222,上揚,12,0,12,凱基-中港,2023-06-28,9202
1795,美時,37,25,12,凱基-中港,2023-06-28,9202
1104,環泥,11,0,11,凱基-中港,2023-06-28,9202
3035,智原,19,8,11,凱基-中港,2023-06-28,9202
2345,智邦,10,0,10,凱基-中港,2023-06-28,9202
8049,晶采,10,0,10,凱基-中港,2023-06-28,9202
2633,台灣高鐵,727,0,727,凱基-中港,2023-06-29,9202
2409,友達,129,1,128,凱基-中港,2023-06-29,9202
1605,華新,103,8,95,凱基-中港,2023-06-29,9202
2618,長榮航,141,53,88,凱基-中港,2023-06-29,9202
1301,台塑,64,0,64,凱基-中港,2023-06-29,9202
2303,聯電,70,8,62,凱基-中港,2023-06-29,9202
1218,泰山,50,0,50,凱基-中港,2023-06-29,9202
5452,佶優,49,1,48,凱基-中港,2023-06-29,9202
2634,漢翔,67,22,45,凱基-中港,2023-06-29,9202
6499,益安,40,0,40,凱基-中港,2023-06-29,9202
8110,華東,55,16,39,凱基-中港,2023-06-29,9202
00673R,期元大S＆P原油反1,35,0,35,凱基-中港,2023-06-29,9202
2888,新光金,40,7,33,凱基-中港,2023-06-29,9202
3207,耀勝,48,19,29,凱基-中港,2023-06-29,9202
2353,宏��,29,3,26,凱基-中港,2023-06-29,9202
6153,嘉聯益,33,7,26,凱基-中港,2023-06-29,9202
2308,台達電,25,3,22,凱基-中港,2023-06-29,9202
2317,鴻海,26,4,22,凱基-中港,2023-06-29,9202
1504,東元,23,2,21,凱基-中港,2023-06-29,9202
3013,晟銘電,37,17,20,凱基-中港,2023-06-29,9202
5469,瀚宇博,22,4,18,凱基-中港,2023-06-29,9202
00640L,富邦日本正2,18,0,18,凱基-中港,2023-06-29,9202
2009,第一銅,18,0,18,凱基-中港,2023-06-29,9202
4906,正文,46,28,18,凱基-中港,2023-06-29,9202
2002,中鋼,20,3,17,凱基-中港,2023-06-29,9202
1522,堤維西,24,8,16,凱基-中港,2023-06-29,9202
00882,中信中國高股息,15,0,15,凱基-中港,2023-06-29,9202
2412,中華電,20,5,15,凱基-中港,2023-06-29,9202
4967,十銓,59,45,14,凱基-中港,2023-06-29,9202
2201,裕隆,13,0,13,凱基-中港,2023-06-29,9202
4157,太景*-KY,54,41,13,凱基-中港,2023-06-29,9202
3056,富華新,12,0,12,凱基-中港,2023-06-29,9202
1326,台化,11,0,11,凱基-中港,2023-06-29,9202
4164,承業醫,17,6,11,凱基-中港,2023-06-29,9202
2892,第一金,11,0,11,凱基-中港,2023-06-29,9202
4173,久裕,12,2,10,凱基-中港,2023-06-29,9202
2351,順德,10,0,10,凱基-中港,2023-06-29,9202
4174,浩鼎,11,1,10,凱基-中港,2023-06-29,9202
8403,盛弘,17,7,10,凱基-中港,2023-06-29,9202
6169,昱泉,10,0,10,凱基-中港,2023-06-29,9202
6185,幃翔,10,0,10,凱基-中港,2023-06-29,9202
3617,碩天,10,0,10,凱基-中港,2023-06-29,9202
5425,台半,10,0,10,凱基-中港,2023-06-29,9202
3711,日月光投控,11,1,10,凱基-中港,2023-06-29,9202
1303,南亞,9,0,9,凱基-中港,2023-06-29,9202
2610,華航,45,36,9,凱基-中港,2023-06-29,9202
3596,智易,10,1,9,凱基-中港,2023-06-29,9202
00637L,元大滬深300正2,11,2,9,凱基-中港,2023-06-29,9202
6214,精誠,10,1,9,凱基-中港,2023-06-29,9202
1907,永豐餘,14,5,9,凱基-中港,2023-06-29,9202
2633,台灣高鐵,905,1,904,凱基-中港,2023-06-30,9202
00673R,期元大S＆P原油反1,327,0,327,凱基-中港,2023-06-30,9202
2002,中鋼,210,0,210,凱基-中港,2023-06-30,9202
2897,王道銀行,160,6,154,凱基-中港,2023-06-30,9202
4532,瑞智,128,15,113,凱基-中港,2023-06-30,9202
2637,慧洋-KY,112,16,96,凱基-中港,2023-06-30,9202
2409,友達,110,15,95,凱基-中港,2023-06-30,9202
2344,華邦電,83,9,74,凱基-中港,2023-06-30,9202
4543,萬在,66,4,62,凱基-中港,2023-06-30,9202
2883,凱基金,53,0,53,凱基-中港,2023-06-30,9202
1218,泰山,50,0,50,凱基-中港,2023-06-30,9202
1605,華新,87,38,49,凱基-中港,2023-06-30,9202
00753L,中信中國50正2,50,3,47,凱基-中港,2023-06-30,9202
3024,憶聲,40,0,40,凱基-中港,2023-06-30,9202
00885,富邦越南,47,10,37,凱基-中港,2023-06-30,9202
2618,長榮航,80,47,33,凱基-中港,2023-06-30,9202
00712,復華富時不動產,51,20,31,凱基-中港,2023-06-30,9202
00650L,復華香港正2,30,0,30,凱基-中港,2023-06-30,9202
1609,大亞,40,12,28,凱基-中港,2023-06-30,9202
00881,國泰台灣5G+,26,0,26,凱基-中港,2023-06-30,9202
3034,聯詠,36,10,26,凱基-中港,2023-06-30,9202
4128,中天,25,0,25,凱基-中港,2023-06-30,9202
1449,佳和,31,6,25,凱基-中港,2023-06-30,9202
2330,台積電,24,1,23,凱基-中港,2023-06-30,9202
00679B,元大美債20年,23,1,22,凱基-中港,2023-06-30,9202
2412,中華電,20,0,20,凱基-中港,2023-06-30,9202
1786,科妍,32,12,20,凱基-中港,2023-06-30,9202
00688L,國泰20年美債正2,20,0,20,凱基-中港,2023-06-30,9202
4157,太景*-KY,20,0,20,凱基-中港,2023-06-30,9202
00687B,國泰20年美債,18,0,18,凱基-中港,2023-06-30,9202
3038,全台,54,37,17,凱基-中港,2023-06-30,9202
5876,上海商銀,17,0,17,凱基-中港,2023-06-30,9202
6185,幃翔,37,21,16,凱基-中港,2023-06-30,9202
00857B,永豐20年美公債,15,0,15,凱基-中港,2023-06-30,9202
8299,群聯,15,1,14,凱基-中港,2023-06-30,9202
2317,鴻海,24,12,12,凱基-中港,2023-06-30,9202
3045,台灣大,12,0,12,凱基-中港,2023-06-30,9202
1319,東陽,12,0,12,凱基-中港,2023-06-30,9202
3260,威剛,33,21,12,凱基-中港,2023-06-30,9202
5388,中磊,15,3,12,凱基-中港,2023-06-30,9202
0050,元大台灣50,12,0,12,凱基-中港,2023-06-30,9202
6116,彩晶,13,1,12,凱基-中港,2023-06-30,9202
3704,合勤控,36,25,11,凱基-中港,2023-06-30,9202
00720B,元大投資級公司債,11,0,11,凱基-中港,2023-06-30,9202
3447,展達,19,8,11,凱基-中港,2023-06-30,9202
4175,杏一,14,3,11,凱基-中港,2023-06-30,9202
2332,友訊,21,11,10,凱基-中港,2023-06-30,9202
2421,建準,22,12,10,凱基-中港,2023-06-30,9202
1708,東鹼,10,0,10,凱基-中港,2023-06-30,9202
1584,精剛,11,1,10,凱基-中港,2023-06-30,9202
2633,台灣高鐵,761,0,761,凱基-中港,2023-07-03,9202
00632R,元大台灣50反1,460,0,460,凱基-中港,2023-07-03,9202
00706L,期元大S＆P日圓正2,121,0,121,凱基-中港,2023-07-03,9202
2303,聯電,150,35,115,凱基-中港,2023-07-03,9202
3704,合勤控,123,12,111,凱基-中港,2023-07-03,9202
2374,佳能,100,0,100,凱基-中港,2023-07-03,9202
00671R,富邦NASDAQ反1,55,0,55,凱基-中港,2023-07-03,9202
2605,新興,52,0,52,凱基-中港,2023-07-03,9202
3652,精聯,54,4,50,凱基-中港,2023-07-03,9202
2409,友達,48,1,47,凱基-中港,2023-07-03,9202
1795,美時,54,8,46,凱基-中港,2023-07-03,9202
00673R,期元大S＆P原油反1,45,0,45,凱基-中港,2023-07-03,9202
6841,長佳智能,46,5,41,凱基-中港,2023-07-03,9202
4541,晟田,40,0,40,凱基-中港,2023-07-03,9202
5498,凱崴,40,0,40,凱基-中港,2023-07-03,9202
4543,萬在,41,5,36,凱基-中港,2023-07-03,9202
2412,中華電,44,11,33,凱基-中港,2023-07-03,9202
4532,瑞智,33,1,32,凱基-中港,2023-07-03,9202
2486,一詮,30,0,30,凱基-中港,2023-07-03,9202
4534,慶騰,30,0,30,凱基-中港,2023-07-03,9202
00882,中信中國高股息,28,0,28,凱基-中港,2023-07-03,9202
3231,緯創,51,23,28,凱基-中港,2023-07-03,9202
2206,三陽工業,34,9,25,凱基-中港,2023-07-03,9202
6577,勁豐,25,0,25,凱基-中港,2023-07-03,9202
00640L,富邦日本正2,24,0,24,凱基-中港,2023-07-03,9202
2201,裕隆,29,5,24,凱基-中港,2023-07-03,9202
4915,致伸,23,0,23,凱基-中港,2023-07-03,9202
3576,聯合再生,22,0,22,凱基-中港,2023-07-03,9202
2630,亞航,22,0,22,凱基-中港,2023-07-03,9202
5488,松普,32,11,21,凱基-中港,2023-07-03,9202
1504,東元,25,4,21,凱基-中港,2023-07-03,9202
2103,台橡,20,0,20,凱基-中港,2023-07-03,9202
8155,博智,20,0,20,凱基-中港,2023-07-03,9202
00907,永豐優息存股,20,0,20,凱基-中港,2023-07-03,9202
4157,太景*-KY,22,2,20,凱基-中港,2023-07-03,9202
5425,台半,22,2,20,凱基-中港,2023-07-03,9202
2883,凱基金,28,9,19,凱基-中港,2023-07-03,9202
2302,麗正,19,0,19,凱基-中港,2023-07-03,9202
2002,中鋼,22,3,19,凱基-中港,2023-07-03,9202
2610,華航,110,92,18,凱基-中港,2023-07-03,9202
3558,神準,18,1,17,凱基-中港,2023-07-03,9202
5864,致和證,31,15,16,凱基-中港,2023-07-03,9202
5465,富驊,24,10,14,凱基-中港,2023-07-03,9202
6235,華孚,16,3,13,凱基-中港,2023-07-03,9202
3058,立德,13,0,13,凱基-中港,2023-07-03,9202
6274,台燿,15,2,13,凱基-中港,2023-07-03,9202
2340,台亞,19,6,13,凱基-中港,2023-07-03,9202
2371,大同,28,15,13,凱基-中港,2023-07-03,9202
1904,正隆,14,1,13,凱基-中港,2023-07-03,9202
1528,恩德,13,1,12,凱基-中港,2023-07-03,9202
2633,台灣高鐵,1027,5,1022,凱基-中港,2023-07-04,9202
3481,群創,207,6,201,凱基-中港,2023-07-04,9202
00632R,元大台灣50反1,165,0,165,凱基-中港,2023-07-04,9202
4543,萬在,172,21,151,凱基-中港,2023-07-04,9202
1218,泰山,104,0,104,凱基-中港,2023-07-04,9202
00720B,元大投資級公司債,100,30,70,凱基-中港,2023-07-04,9202
2637,慧洋-KY,93,26,67,凱基-中港,2023-07-04,9202
2460,建通,60,0,60,凱基-中港,2023-07-04,9202
00878,國泰永續高股息,93,40,53,凱基-中港,2023-07-04,9202
2867,三商壽,50,0,50,凱基-中港,2023-07-04,9202
4167,松瑞藥,48,0,48,凱基-中港,2023-07-04,9202
2412,中華電,46,0,46,凱基-中港,2023-07-04,9202
4906,正文,83,41,42,凱基-中港,2023-07-04,9202
6222,上揚,42,0,42,凱基-中港,2023-07-04,9202
6216,居易,40,0,40,凱基-中港,2023-07-04,9202
0056,元大高股息,56,20,36,凱基-中港,2023-07-04,9202
6188,廣明,52,17,35,凱基-中港,2023-07-04,9202
8110,華東,41,7,34,凱基-中港,2023-07-04,9202
2743,山富,30,0,30,凱基-中港,2023-07-04,9202
00673R,期元大S＆P原油反1,30,0,30,凱基-中港,2023-07-04,9202
1101,台泥,28,0,28,凱基-中港,2023-07-04,9202
6167,久正,25,0,25,凱基-中港,2023-07-04,9202
2887,台新金,28,4,24,凱基-中港,2023-07-04,9202
1618,合機,40,16,24,凱基-中港,2023-07-04,9202
6282,康舒,287,264,23,凱基-中港,2023-07-04,9202
2883,凱基金,39,16,23,凱基-中港,2023-07-04,9202
2421,建準,44,21,23,凱基-中港,2023-07-04,9202
9958,世紀鋼,24,3,21,凱基-中港,2023-07-04,9202
2485,兆赫,21,0,21,凱基-中港,2023-07-04,9202
2317,鴻海,85,65,20,凱基-中港,2023-07-04,9202
8049,晶采,20,0,20,凱基-中港,2023-07-04,9202
00679B,元大美債20年,27,7,20,凱基-中港,2023-07-04,9202
6155,鈞寶,20,0,20,凱基-中港,2023-07-04,9202
8210,勤誠,101,82,19,凱基-中港,2023-07-04,9202
6142,友勁,19,0,19,凱基-中港,2023-07-04,9202
00830,國泰費城半導體,20,2,18,凱基-中港,2023-07-04,9202
5425,台半,27,10,17,凱基-中港,2023-07-04,9202
4919,新唐,21,5,16,凱基-中港,2023-07-04,9202
6470,宇智,32,16,16,凱基-中港,2023-07-04,9202
00857B,永豐20年美公債,16,0,16,凱基-中港,2023-07-04,9202
00757,統一FANG+,15,0,15,凱基-中港,2023-07-04,9202
3090,日電貿,15,0,15,凱基-中港,2023-07-04,9202
6112,邁達特,14,0,14,凱基-中港,2023-07-04,9202
1795,美時,30,17,13,凱基-中港,2023-07-04,9202
1513,中興電,56,43,13,凱基-中港,2023-07-04,9202
2382,廣達,949,936,13,凱基-中港,2023-07-04,9202
3380,明泰,26,13,13,凱基-中港,2023-07-04,9202
1326,台化,12,0,12,凱基-中港,2023-07-04,9202
3715,定穎投控,14,2,12,凱基-中港,2023-07-04,9202
2027,大成鋼,39,27,12,凱基-中港,2023-07-04,9202
2633,台灣高鐵,448,0,448,凱基-中港,2023-07-05,9202
4167,松瑞藥,116,0,116,凱基-中港,2023-07-05,9202
8110,華東,130,17,113,凱基-中港,2023-07-05,9202
00679B,元大美債20年,105,0,105,凱基-中港,2023-07-05,9202
2609,陽明,271,187,84,凱基-中港,2023-07-05,9202
4541,晟田,80,1,79,凱基-中港,2023-07-05,9202
00673R,期元大S＆P原油反1,71,0,71,凱基-中港,2023-07-05,9202
2312,金寶,86,24,62,凱基-中港,2023-07-05,9202
2867,三商壽,58,2,56,凱基-中港,2023-07-05,9202
2356,英業達,79,26,53,凱基-中港,2023-07-05,9202
3419,譁裕,50,0,50,凱基-中港,2023-07-05,9202
2618,長榮航,160,111,49,凱基-中港,2023-07-05,9202
6133,金橋,51,4,47,凱基-中港,2023-07-05,9202
2317,鴻海,59,12,47,凱基-中港,2023-07-05,9202
00878,國泰永續高股息,50,3,47,凱基-中港,2023-07-05,9202
2478,大毅,50,4,46,凱基-中港,2023-07-05,9202
2484,希華,40,0,40,凱基-中港,2023-07-05,9202
0056,元大高股息,44,6,38,凱基-中港,2023-07-05,9202
6222,上揚,36,0,36,凱基-中港,2023-07-05,9202
1609,大亞,83,48,35,凱基-中港,2023-07-05,9202
3706,神達,47,12,35,凱基-中港,2023-07-05,9202
2201,裕隆,41,7,34,凱基-中港,2023-07-05,9202
1504,東元,34,3,31,凱基-中港,2023-07-05,9202
6276,安鈦克,31,0,31,凱基-中港,2023-07-05,9202
00687B,國泰20年美債,31,0,31,凱基-中港,2023-07-05,9202
2610,華航,82,55,27,凱基-中港,2023-07-05,9202
00637L,元大滬深300正2,28,2,26,凱基-中港,2023-07-05,9202
1101,台泥,27,1,26,凱基-中港,2023-07-05,9202
3078,僑威,40,15,25,凱基-中港,2023-07-05,9202
3481,群創,30,7,23,凱基-中港,2023-07-05,9202
1605,華新,24,2,22,凱基-中港,2023-07-05,9202
1907,永豐餘,22,1,21,凱基-中港,2023-07-05,9202
2883,凱基金,28,8,20,凱基-中港,2023-07-05,9202
00782B,國泰A級公用債,20,0,20,凱基-中港,2023-07-05,9202
2376,技嘉,55,37,18,凱基-中港,2023-07-05,9202
00905,FT臺灣Smart,18,0,18,凱基-中港,2023-07-05,9202
5425,台半,33,16,17,凱基-中港,2023-07-05,9202
2324,仁寶,20,3,17,凱基-中港,2023-07-05,9202
6282,康舒,271,254,17,凱基-中港,2023-07-05,9202
1477,聚陽,16,0,16,凱基-中港,2023-07-05,9202
2303,聯電,22,6,16,凱基-中港,2023-07-05,9202
3260,威剛,23,8,15,凱基-中港,2023-07-05,9202
4207,環泰,27,12,15,凱基-中港,2023-07-05,9202
2340,台亞,29,14,15,凱基-中港,2023-07-05,9202
1611,中電,63,49,14,凱基-中港,2023-07-05,9202
00919,群益台灣精選高息,23,10,13,凱基-中港,2023-07-05,9202
2344,華邦電,16,3,13,凱基-中港,2023-07-05,9202
8271,宇瞻,12,0,12,凱基-中港,2023-07-05,9202
6625,必應,12,0,12,凱基-中港,2023-07-05,9202
3447,展達,12,0,12,凱基-中港,2023-07-05,9202
2633,台灣高鐵,670,0,670,凱基-中港,2023-07-06,9202
00671R,富邦NASDAQ反1,470,0,470,凱基-中港,2023-07-06,9202
2892,第一金,177,10,167,凱基-中港,2023-07-06,9202
00687B,國泰20年美債,101,0,101,凱基-中港,2023-07-06,9202
1218,泰山,101,0,101,凱基-中港,2023-07-06,9202
6133,金橋,81,0,81,凱基-中港,2023-07-06,9202
2887,台新金,76,0,76,凱基-中港,2023-07-06,9202
6222,上揚,71,0,71,凱基-中港,2023-07-06,9202
2002,中鋼,68,0,68,凱基-中港,2023-07-06,9202
00720B,元大投資級公司債,67,0,67,凱基-中港,2023-07-06,9202
00712,復華富時不動產,61,0,61,凱基-中港,2023-07-06,9202
00673R,期元大S＆P原油反1,59,0,59,凱基-中港,2023-07-06,9202
2537,聯上發,51,0,51,凱基-中港,2023-07-06,9202
2883,凱基金,49,1,48,凱基-中港,2023-07-06,9202
3025,星通,50,3,47,凱基-中港,2023-07-06,9202
4532,瑞智,67,23,44,凱基-中港,2023-07-06,9202
4541,晟田,44,1,43,凱基-中港,2023-07-06,9202
3707,漢磊,51,10,41,凱基-中港,2023-07-06,9202
00688L,國泰20年美債正2,41,0,41,凱基-中港,2023-07-06,9202
00640L,富邦日本正2,40,0,40,凱基-中港,2023-07-06,9202
2412,中華電,40,0,40,凱基-中港,2023-07-06,9202
2618,長榮航,122,83,39,凱基-中港,2023-07-06,9202
4108,懷特,44,6,38,凱基-中港,2023-07-06,9202
00650L,復華香港正2,80,43,37,凱基-中港,2023-07-06,9202
3685,元創精密,38,2,36,凱基-中港,2023-07-06,9202
2317,鴻海,58,24,34,凱基-中港,2023-07-06,9202
2330,台積電,32,0,32,凱基-中港,2023-07-06,9202
2801,彰銀,34,2,32,凱基-中港,2023-07-06,9202
00885,富邦越南,32,1,31,凱基-中港,2023-07-06,9202
00878,國泰永續高股息,56,26,30,凱基-中港,2023-07-06,9202
00679B,元大美債20年,35,6,29,凱基-中港,2023-07-06,9202
6005,群益證,38,9,29,凱基-中港,2023-07-06,9202
8110,華東,27,0,27,凱基-中港,2023-07-06,9202
2882,國泰金,27,0,27,凱基-中港,2023-07-06,9202
2609,陽明,81,55,26,凱基-中港,2023-07-06,9202
2303,聯電,39,14,25,凱基-中港,2023-07-06,9202
6216,居易,25,0,25,凱基-中港,2023-07-06,9202
2888,新光金,31,7,24,凱基-中港,2023-07-06,9202
00927,群益半導體收益,23,0,23,凱基-中港,2023-07-06,9202
1611,中電,29,6,23,凱基-中港,2023-07-06,9202
2439,美律,23,0,23,凱基-中港,2023-07-06,9202
1301,台塑,22,0,22,凱基-中港,2023-07-06,9202
00772B,中信高評級公司債,20,0,20,凱基-中港,2023-07-06,9202
00929,復華台灣科技優息,20,0,20,凱基-中港,2023-07-06,9202
1326,台化,19,0,19,凱基-中港,2023-07-06,9202
2891,中信金,20,1,19,凱基-中港,2023-07-06,9202
00888,永豐台灣ESG,19,0,19,凱基-中港,2023-07-06,9202
2812,台中銀,19,0,19,凱基-中港,2023-07-06,9202
00882,中信中國高股息,23,5,18,凱基-中港,2023-07-06,9202
8093,保銳,18,0,18,凱基-中港,2023-07-06,9202
00671R,富邦NASDAQ反1,665,50,615,凱基-中港,2023-07-07,9202
4510,高鋒,125,8,117,凱基-中港,2023-07-07,9202
2344,華邦電,107,0,107,凱基-中港,2023-07-07,9202
00720B,元大投資級公司債,75,3,72,凱基-中港,2023-07-07,9202
0056,元大高股息,93,25,68,凱基-中港,2023-07-07,9202
2633,台灣高鐵,66,0,66,凱基-中港,2023-07-07,9202
2609,陽明,98,45,53,凱基-中港,2023-07-07,9202
2892,第一金,52,0,52,凱基-中港,2023-07-07,9202
2303,聯電,131,81,50,凱基-中港,2023-07-07,9202
2603,長榮,66,16,50,凱基-中港,2023-07-07,9202
6133,金橋,50,0,50,凱基-中港,2023-07-07,9202
3037,欣興,54,5,49,凱基-中港,2023-07-07,9202
00712,復華富時不動產,54,11,43,凱基-中港,2023-07-07,9202
3576,聯合再生,43,1,42,凱基-中港,2023-07-07,9202
00679B,元大美債20年,44,3,41,凱基-中港,2023-07-07,9202
2412,中華電,41,0,41,凱基-中港,2023-07-07,9202
6142,友勁,40,0,40,凱基-中港,2023-07-07,9202
6276,安鈦克,40,0,40,凱基-中港,2023-07-07,9202
00673R,期元大S＆P原油反1,40,0,40,凱基-中港,2023-07-07,9202
2356,英業達,63,24,39,凱基-中港,2023-07-07,9202
4967,十銓,38,0,38,凱基-中港,2023-07-07,9202
00882,中信中國高股息,39,1,38,凱基-中港,2023-07-07,9202
2610,華航,44,8,36,凱基-中港,2023-07-07,9202
00929,復華台灣科技優息,39,4,35,凱基-中港,2023-07-07,9202
8046,南電,37,4,33,凱基-中港,2023-07-07,9202
00885,富邦越南,36,3,33,凱基-中港,2023-07-07,9202
2812,台中銀,37,7,30,凱基-中港,2023-07-07,9202
1449,佳和,31,1,30,凱基-中港,2023-07-07,9202
00773B,中信優先金融債,30,0,30,凱基-中港,2023-07-07,9202
1907,永豐餘,30,0,30,凱基-中港,2023-07-07,9202
2409,友達,31,2,29,凱基-中港,2023-07-07,9202
3701,大眾控,32,3,29,凱基-中港,2023-07-07,9202
6441,廣錠,26,0,26,凱基-中港,2023-07-07,9202
2886,兆豐金,25,1,24,凱基-中港,2023-07-07,9202
1540,喬福,23,0,23,凱基-中港,2023-07-07,9202
00888,永豐台灣ESG,23,0,23,凱基-中港,2023-07-07,9202
4108,懷特,24,1,23,凱基-中港,2023-07-07,9202
3231,緯創,373,351,22,凱基-中港,2023-07-07,9202
4726,永昕,22,0,22,凱基-中港,2023-07-07,9202
00687B,國泰20年美債,22,0,22,凱基-中港,2023-07-07,9202
4541,晟田,21,0,21,凱基-中港,2023-07-07,9202
00772B,中信高評級公司債,21,0,21,凱基-中港,2023-07-07,9202
2618,長榮航,52,31,21,凱基-中港,2023-07-07,9202
5351,鈺創,21,0,21,凱基-中港,2023-07-07,9202
4906,正文,23,3,20,凱基-中港,2023-07-07,9202
2063,世鎧,20,0,20,凱基-中港,2023-07-07,9202
3481,群創,46,26,20,凱基-中港,2023-07-07,9202
2353,宏��,24,5,19,凱基-中港,2023-07-07,9202
2231,為升,21,2,19,凱基-中港,2023-07-07,9202
8299,群聯,17,0,17,凱基-中港,2023-07-07,9202
2609,陽明,775,26,749,凱基-中港,2023-07-10,9202
2892,第一金,201,4,197,凱基-中港,2023-07-10,9202
00632R,元大台灣50反1,181,0,181,凱基-中港,2023-07-10,9202
2489,瑞軒,120,0,120,凱基-中港,2023-07-10,9202
2812,台中銀,100,0,100,凱基-中港,2023-07-10,9202
2888,新光金,118,18,100,凱基-中港,2023-07-10,9202
2409,友達,101,3,98,凱基-中港,2023-07-10,9202
6770,力積電,96,5,91,凱基-中港,2023-07-10,9202
00687B,國泰20年美債,81,5,76,凱基-中港,2023-07-10,9202
6664,群翊,67,0,67,凱基-中港,2023-07-10,9202
0056,元大高股息,84,17,67,凱基-中港,2023-07-10,9202
4967,十銓,53,0,53,凱基-中港,2023-07-10,9202
00907,永豐優息存股,50,0,50,凱基-中港,2023-07-10,9202
3707,漢磊,57,7,50,凱基-中港,2023-07-10,9202
2303,聯電,47,3,44,凱基-中港,2023-07-10,9202
2419,仲琦,156,112,44,凱基-中港,2023-07-10,9202
2324,仁寶,51,11,40,凱基-中港,2023-07-10,9202
3576,聯合再生,58,19,39,凱基-中港,2023-07-10,9202
00679B,元大美債20年,37,2,35,凱基-中港,2023-07-10,9202
2618,長榮航,38,5,33,凱基-中港,2023-07-10,9202
2412,中華電,30,0,30,凱基-中港,2023-07-10,9202
3666,光耀,41,11,30,凱基-中港,2023-07-10,9202
2352,佳世達,31,1,30,凱基-中港,2023-07-10,9202
00773B,中信優先金融債,30,0,30,凱基-中港,2023-07-10,9202
1605,華新,37,7,30,凱基-中港,2023-07-10,9202
1101,台泥,27,1,26,凱基-中港,2023-07-10,9202
2633,台灣高鐵,31,5,26,凱基-中港,2023-07-10,9202
8093,保銳,27,1,26,凱基-中港,2023-07-10,9202
00882,中信中國高股息,24,0,24,凱基-中港,2023-07-10,9202
3706,神達,25,2,23,凱基-中港,2023-07-10,9202
5351,鈺創,23,0,23,凱基-中港,2023-07-10,9202
3022,威強電,22,1,21,凱基-中港,2023-07-10,9202
1513,中興電,33,13,20,凱基-中港,2023-07-10,9202
4541,晟田,20,0,20,凱基-中港,2023-07-10,9202
6111,大宇資,20,0,20,凱基-中港,2023-07-10,9202
2454,聯發科,20,1,19,凱基-中港,2023-07-10,9202
2002,中鋼,22,3,19,凱基-中港,2023-07-10,9202
00893,國泰智能電動車,18,0,18,凱基-中港,2023-07-10,9202
6411,晶焱,18,0,18,凱基-中港,2023-07-10,9202
2380,虹光,16,0,16,凱基-中港,2023-07-10,9202
2436,偉詮電,25,9,16,凱基-中港,2023-07-10,9202
2634,漢翔,17,2,15,凱基-中港,2023-07-10,9202
6179,亞通,25,10,15,凱基-中港,2023-07-10,9202
3033,威健,26,11,15,凱基-中港,2023-07-10,9202
2387,精元,14,0,14,凱基-中港,2023-07-10,9202
00929,復華台灣科技優息,14,0,14,凱基-中港,2023-07-10,9202
8383,千附,13,0,13,凱基-中港,2023-07-10,9202
2201,裕隆,17,4,13,凱基-中港,2023-07-10,9202
1907,永豐餘,13,0,13,凱基-中港,2023-07-10,9202
3380,明泰,25,12,13,凱基-中港,2023-07-10,9202
4526,東台,215,14,201,凱基-中港,2023-07-11,9202
2609,陽明,209,16,193,凱基-中港,2023-07-11,9202
1540,喬福,170,17,153,凱基-中港,2023-07-11,9202
00679B,元大美債20年,67,0,67,凱基-中港,2023-07-11,9202
6290,良維,63,2,61,凱基-中港,2023-07-11,9202
4934,太極,157,99,58,凱基-中港,2023-07-11,9202
4510,高鋒,57,4,53,凱基-中港,2023-07-11,9202
5519,隆大,50,0,50,凱基-中港,2023-07-11,9202
6187,萬潤,52,3,49,凱基-中港,2023-07-11,9202
2356,英業達,86,40,46,凱基-中港,2023-07-11,9202
00882,中信中國高股息,40,0,40,凱基-中港,2023-07-11,9202
00634R,富邦上証反1,40,0,40,凱基-中港,2023-07-11,9202
1605,華新,35,0,35,凱基-中港,2023-07-11,9202
6015,宏遠證,32,0,32,凱基-中港,2023-07-11,9202
2883,凱基金,83,52,31,凱基-中港,2023-07-11,9202
6125,廣運,31,0,31,凱基-中港,2023-07-11,9202
00722B,群益投資級電信債,30,0,30,凱基-中港,2023-07-11,9202
2528,皇普,30,0,30,凱基-中港,2023-07-11,9202
2323,中環,37,8,29,凱基-中港,2023-07-11,9202
6282,康舒,47,20,27,凱基-中港,2023-07-11,9202
3034,聯詠,27,1,26,凱基-中港,2023-07-11,9202
1101,台泥,29,6,23,凱基-中港,2023-07-11,9202
6222,上揚,22,0,22,凱基-中港,2023-07-11,9202
9929,秋雨,20,0,20,凱基-中港,2023-07-11,9202
4541,晟田,20,0,20,凱基-中港,2023-07-11,9202
6126,信音,21,2,19,凱基-中港,2023-07-11,9202
2486,一詮,23,5,18,凱基-中港,2023-07-11,9202
2402,毅嘉,32,14,18,凱基-中港,2023-07-11,9202
3028,增你強,17,0,17,凱基-中港,2023-07-11,9202
2618,長榮航,90,73,17,凱基-中港,2023-07-11,9202
1802,台玻,17,1,16,凱基-中港,2023-07-11,9202
2371,大同,32,16,16,凱基-中港,2023-07-11,9202
3178,公準,15,0,15,凱基-中港,2023-07-11,9202
2340,台亞,40,26,14,凱基-中港,2023-07-11,9202
2867,三商壽,20,6,14,凱基-中港,2023-07-11,9202
2468,華經,15,1,14,凱基-中港,2023-07-11,9202
3013,晟銘電,15,1,14,凱基-中港,2023-07-11,9202
6179,亞通,19,5,14,凱基-中港,2023-07-11,9202
3260,威剛,14,0,14,凱基-中港,2023-07-11,9202
1762,中化生,13,0,13,凱基-中港,2023-07-11,9202
00764B,群益25年美債,13,0,13,凱基-中港,2023-07-11,9202
4106,雃博,13,0,13,凱基-中港,2023-07-11,9202
2449,京元電子,13,0,13,凱基-中港,2023-07-11,9202
00795B,中信美國公債20年,12,0,12,凱基-中港,2023-07-11,9202
9958,世紀鋼,21,9,12,凱基-中港,2023-07-11,9202
5309,系統電,12,0,12,凱基-中港,2023-07-11,9202
3016,嘉晶,17,6,11,凱基-中港,2023-07-11,9202
8086,宏捷科,17,6,11,凱基-中港,2023-07-11,9202
8222,寶一,10,0,10,凱基-中港,2023-07-11,9202
0061,元大寶滬深,10,0,10,凱基-中港,2023-07-11,9202
2609,陽明,881,44,837,凱基-中港,2023-07-12,9202
2303,聯電,101,0,101,凱基-中港,2023-07-12,9202
00679B,元大美債20年,88,0,88,凱基-中港,2023-07-12,9202
00671R,富邦NASDAQ反1,85,0,85,凱基-中港,2023-07-12,9202
2489,瑞軒,70,0,70,凱基-中港,2023-07-12,9202
2633,台灣高鐵,64,2,62,凱基-中港,2023-07-12,9202
3706,神達,133,80,53,凱基-中港,2023-07-12,9202
1785,光洋科,56,3,53,凱基-中港,2023-07-12,9202
3034,聯詠,37,2,35,凱基-中港,2023-07-12,9202
4906,正文,44,10,34,凱基-中港,2023-07-12,9202
6285,啟��,44,12,32,凱基-中港,2023-07-12,9202
6015,宏遠證,32,0,32,凱基-中港,2023-07-12,9202
3131,弘塑,34,3,31,凱基-中港,2023-07-12,9202
5483,中美晶,38,8,30,凱基-中港,2023-07-12,9202
4534,慶騰,30,0,30,凱基-中港,2023-07-12,9202
2399,映泰,56,30,26,凱基-中港,2023-07-12,9202
3515,華擎,38,13,25,凱基-中港,2023-07-12,9202
4533,協易機,628,603,25,凱基-中港,2023-07-12,9202
2603,長榮,72,47,25,凱基-中港,2023-07-12,9202
4968,立積,27,3,24,凱基-中港,2023-07-12,9202
1471,首利,23,1,22,凱基-中港,2023-07-12,9202
6222,上揚,21,0,21,凱基-中港,2023-07-12,9202
00673R,期元大S＆P原油反1,21,0,21,凱基-中港,2023-07-12,9202
3025,星通,40,19,21,凱基-中港,2023-07-12,9202
3038,全台,50,29,21,凱基-中港,2023-07-12,9202
2888,新光金,22,2,20,凱基-中港,2023-07-12,9202
1514,亞力,41,21,20,凱基-中港,2023-07-12,9202
2062,橋椿,20,0,20,凱基-中港,2023-07-12,9202
2412,中華電,20,0,20,凱基-中港,2023-07-12,9202
3024,憶聲,20,0,20,凱基-中港,2023-07-12,9202
2104,國際中橡,20,0,20,凱基-中港,2023-07-12,9202
00929,復華台灣科技優息,32,13,19,凱基-中港,2023-07-12,9202
9904,寶成,19,2,17,凱基-中港,2023-07-12,9202
4951,精拓科,16,0,16,凱基-中港,2023-07-12,9202
6548,長科*,16,0,16,凱基-中港,2023-07-12,9202
8028,昇陽半導體,27,12,15,凱基-中港,2023-07-12,9202
5469,瀚宇博,16,1,15,凱基-中港,2023-07-12,9202
9945,潤泰新,16,1,15,凱基-中港,2023-07-12,9202
2537,聯上發,15,0,15,凱基-中港,2023-07-12,9202
2323,中環,15,0,15,凱基-中港,2023-07-12,9202
2481,強茂,40,26,14,凱基-中港,2023-07-12,9202
2486,一詮,15,1,14,凱基-中港,2023-07-12,9202
2329,華泰,20,6,14,凱基-中港,2023-07-12,9202
00706L,期元大S＆P日圓正2,34,20,14,凱基-中港,2023-07-12,9202
1723,中碳,13,0,13,凱基-中港,2023-07-12,9202
2634,漢翔,24,11,13,凱基-中港,2023-07-12,9202
3707,漢磊,15,2,13,凱基-中港,2023-07-12,9202
5425,台半,21,8,13,凱基-中港,2023-07-12,9202
2867,三商壽,12,0,12,凱基-中港,2023-07-12,9202
6125,廣運,19,8,11,凱基-中港,2023-07-12,9202
2609,陽明,2670,60,2610,凱基-中港,2023-07-13,9202
00680L,元大美債20正2,1250,4,1246,凱基-中港,2023-07-13,9202
00671R,富邦NASDAQ反1,280,0,280,凱基-中港,2023-07-13,9202
2633,台灣高鐵,274,0,274,凱基-中港,2023-07-13,9202
2027,大成鋼,200,5,195,凱基-中港,2023-07-13,9202
2618,長榮航,204,16,188,凱基-中港,2023-07-13,9202
1316,上曜,160,0,160,凱基-中港,2023-07-13,9202
2489,瑞軒,140,0,140,凱基-中港,2023-07-13,9202
00632R,元大台灣50反1,343,242,101,凱基-中港,2023-07-13,9202
2610,華航,95,15,80,凱基-中港,2023-07-13,9202
1785,光洋科,60,0,60,凱基-中港,2023-07-13,9202
1609,大亞,56,13,43,凱基-中港,2023-07-13,9202
3231,緯創,517,476,41,凱基-中港,2023-07-13,9202
9943,好樂迪,40,0,40,凱基-中港,2023-07-13,9202
00679B,元大美債20年,49,10,39,凱基-中港,2023-07-13,9202
4526,東台,40,2,38,凱基-中港,2023-07-13,9202
00731,復華富時高息低波,34,0,34,凱基-中港,2023-07-13,9202
4977,眾達-KY,34,0,34,凱基-中港,2023-07-13,9202
2376,技嘉,52,21,31,凱基-中港,2023-07-13,9202
1310,台苯,30,0,30,凱基-中港,2023-07-13,9202
3163,波若威,32,2,30,凱基-中港,2023-07-13,9202
00929,復華台灣科技優息,44,16,28,凱基-中港,2023-07-13,9202
8076,伍豐,28,0,28,凱基-中港,2023-07-13,9202
1514,亞力,37,13,24,凱基-中港,2023-07-13,9202
00930,永豐ESG低碳高息,20,0,20,凱基-中港,2023-07-13,9202
4916,事欣科,20,0,20,凱基-中港,2023-07-13,9202
00673R,期元大S＆P原油反1,20,0,20,凱基-中港,2023-07-13,9202
1734,杏輝,20,0,20,凱基-中港,2023-07-13,9202
2891,中信金,26,6,20,凱基-中港,2023-07-13,9202
00633L,富邦上証正2,35,16,19,凱基-中港,2023-07-13,9202
1503,士電,18,1,17,凱基-中港,2023-07-13,9202
00712,復華富時不動產,16,0,16,凱基-中港,2023-07-13,9202
4128,中天,18,2,16,凱基-中港,2023-07-13,9202
3189,景碩,17,1,16,凱基-中港,2023-07-13,9202
8038,長園科,15,0,15,凱基-中港,2023-07-13,9202
1723,中碳,25,10,15,凱基-中港,2023-07-13,9202
2352,佳世達,62,47,15,凱基-中港,2023-07-13,9202
3025,星通,62,47,15,凱基-中港,2023-07-13,9202
1605,華新,19,5,14,凱基-中港,2023-07-13,9202
8021,尖點,14,0,14,凱基-中港,2023-07-13,9202
3511,矽瑪,16,2,14,凱基-中港,2023-07-13,9202
4532,瑞智,36,22,14,凱基-中港,2023-07-13,9202
3711,日月光投控,16,3,13,凱基-中港,2023-07-13,9202
8210,勤誠,59,46,13,凱基-中港,2023-07-13,9202
1907,永豐餘,13,0,13,凱基-中港,2023-07-13,9202
8938,明安,23,11,12,凱基-中港,2023-07-13,9202
9958,世紀鋼,23,11,12,凱基-中港,2023-07-13,9202
2913,農林,11,0,11,凱基-中港,2023-07-13,9202
2455,全新,11,0,11,凱基-中港,2023-07-13,9202
4968,立積,12,1,11,凱基-中港,2023-07-13,9202
2634,漢翔,1276,4,1272,凱基-中港,2023-07-14,9202
2633,台灣高鐵,531,0,531,凱基-中港,2023-07-14,9202
2609,陽明,553,48,505,凱基-中港,2023-07-14,9202
2356,英業達,612,476,136,凱基-中港,2023-07-14,9202
00679B,元大美債20年,116,7,109,凱基-中港,2023-07-14,9202
2610,華航,227,121,106,凱基-中港,2023-07-14,9202
00632R,元大台灣50反1,369,269,100,凱基-中港,2023-07-14,9202
2618,長榮航,195,106,89,凱基-中港,2023-07-14,9202
00671R,富邦NASDAQ反1,50,0,50,凱基-中港,2023-07-14,9202
5011,久陽,50,0,50,凱基-中港,2023-07-14,9202
6207,雷科,51,1,50,凱基-中港,2023-07-14,9202
3363,上詮,52,5,47,凱基-中港,2023-07-14,9202
00715L,期街口布蘭特正2,40,2,38,凱基-中港,2023-07-14,9202
2371,大同,49,12,37,凱基-中港,2023-07-14,9202
00720B,元大投資級公司債,36,0,36,凱基-中港,2023-07-14,9202
4108,懷特,36,0,36,凱基-中港,2023-07-14,9202
00722B,群益投資級電信債,32,0,32,凱基-中港,2023-07-14,9202
3706,神達,297,266,31,凱基-中港,2023-07-14,9202
1316,上曜,30,0,30,凱基-中港,2023-07-14,9202
00650L,復華香港正2,30,0,30,凱基-中港,2023-07-14,9202
2867,三商壽,29,0,29,凱基-中港,2023-07-14,9202
00882,中信中國高股息,28,0,28,凱基-中港,2023-07-14,9202
6235,華孚,49,25,24,凱基-中港,2023-07-14,9202
00929,復華台灣科技優息,55,32,23,凱基-中港,2023-07-14,9202
2382,廣達,203,180,23,凱基-中港,2023-07-14,9202
3289,宜特,36,14,22,凱基-中港,2023-07-14,9202
00675L,富邦臺灣加權正2,22,1,21,凱基-中港,2023-07-14,9202
00634R,富邦上証反1,20,0,20,凱基-中港,2023-07-14,9202
3703,欣陸,20,0,20,凱基-中港,2023-07-14,9202
00930,永豐ESG低碳高息,25,7,18,凱基-中港,2023-07-14,9202
2006,東和鋼鐵,20,2,18,凱基-中港,2023-07-14,9202
2344,華邦電,23,6,17,凱基-中港,2023-07-14,9202
4123,晟德,23,6,17,凱基-中港,2023-07-14,9202
6245,立端,16,1,15,凱基-中港,2023-07-14,9202
6185,幃翔,21,6,15,凱基-中港,2023-07-14,9202
2436,偉詮電,23,9,14,凱基-中港,2023-07-14,9202
3325,旭品,19,5,14,凱基-中港,2023-07-14,9202
00907,永豐優息存股,14,0,14,凱基-中港,2023-07-14,9202
3017,奇鋐,37,24,13,凱基-中港,2023-07-14,9202
2855,統一證,16,3,13,凱基-中港,2023-07-14,9202
3055,蔚華科,15,2,13,凱基-中港,2023-07-14,9202
6111,大宇資,37,24,13,凱基-中港,2023-07-14,9202
00637L,元大滬深300正2,11,0,11,凱基-中港,2023-07-14,9202
4968,立積,12,1,11,凱基-中港,2023-07-14,9202
3042,晶技,12,1,11,凱基-中港,2023-07-14,9202
5607,遠雄港,15,5,10,凱基-中港,2023-07-14,9202
3006,晶豪科,11,1,10,凱基-中港,2023-07-14,9202
00687B,國泰20年美債,12,2,10,凱基-中港,2023-07-14,9202
1301,台塑,10,0,10,凱基-中港,2023-07-14,9202
3287,廣寰科,10,0,10,凱基-中港,2023-07-14,9202
00632R,元大台灣50反1,480,30,450,凱基-中港,2023-07-17,9202
2634,漢翔,164,16,148,凱基-中港,2023-07-17,9202
2609,陽明,344,201,143,凱基-中港,2023-07-17,9202
00773B,中信優先金融債,100,0,100,凱基-中港,2023-07-17,9202
3037,欣興,96,17,79,凱基-中港,2023-07-17,9202
2618,長榮航,81,9,72,凱基-中港,2023-07-17,9202
00929,復華台灣科技優息,74,5,69,凱基-中港,2023-07-17,9202
2374,佳能,65,0,65,凱基-中港,2023-07-17,9202
2633,台灣高鐵,60,2,58,凱基-中港,2023-07-17,9202
2603,長榮,61,9,52,凱基-中港,2023-07-17,9202
2801,彰銀,50,0,50,凱基-中港,2023-07-17,9202
6213,聯茂,53,6,47,凱基-中港,2023-07-17,9202
00673R,期元大S＆P原油反1,44,0,44,凱基-中港,2023-07-17,9202
1605,華新,48,10,38,凱基-中港,2023-07-17,9202
2645,長榮航太,50,12,38,凱基-中港,2023-07-17,9202
6187,萬潤,40,3,37,凱基-中港,2023-07-17,9202
00753L,中信中國50正2,37,0,37,凱基-中港,2023-07-17,9202
2401,凌陽,40,3,37,凱基-中港,2023-07-17,9202
00720B,元大投資級公司債,31,0,31,凱基-中港,2023-07-17,9202
2457,飛宏,54,24,30,凱基-中港,2023-07-17,9202
1444,力麗,30,1,29,凱基-中港,2023-07-17,9202
2382,廣達,38,11,27,凱基-中港,2023-07-17,9202
3583,辛耘,56,29,27,凱基-中港,2023-07-17,9202
3025,星通,29,5,24,凱基-中港,2023-07-17,9202
4906,正文,27,3,24,凱基-中港,2023-07-17,9202
2832,台產,22,0,22,凱基-中港,2023-07-17,9202
2030,彰源,21,0,21,凱基-中港,2023-07-17,9202
2486,一詮,33,12,21,凱基-中港,2023-07-17,9202
00722B,群益投資級電信債,20,0,20,凱基-中港,2023-07-17,9202
6218,豪勉,25,5,20,凱基-中港,2023-07-17,9202
5432,新門,20,0,20,凱基-中港,2023-07-17,9202
3081,聯亞,34,14,20,凱基-中港,2023-07-17,9202
3026,禾伸堂,19,0,19,凱基-中港,2023-07-17,9202
00688L,國泰20年美債正2,20,1,19,凱基-中港,2023-07-17,9202
2301,光寶科,72,54,18,凱基-中港,2023-07-17,9202
2388,威盛,43,26,17,凱基-中港,2023-07-17,9202
5009,榮剛,18,1,17,凱基-中港,2023-07-17,9202
8028,昇陽半導體,23,6,17,凱基-中港,2023-07-17,9202
00637L,元大滬深300正2,16,0,16,凱基-中港,2023-07-17,9202
2349,錸德,16,0,16,凱基-中港,2023-07-17,9202
2498,宏達電,52,37,15,凱基-中港,2023-07-17,9202
6527,明達醫,15,0,15,凱基-中港,2023-07-17,9202
3018,隆銘綠能,15,0,15,凱基-中港,2023-07-17,9202
6126,信音,16,1,15,凱基-中港,2023-07-17,9202
8409,商之器,15,1,14,凱基-中港,2023-07-17,9202
8069,元太,15,1,14,凱基-中港,2023-07-17,9202
2610,華航,79,65,14,凱基-中港,2023-07-17,9202
5425,台半,20,6,14,凱基-中港,2023-07-17,9202
3027,盛達,16,3,13,凱基-中港,2023-07-17,9202
8936,國統,16,3,13,凱基-中港,2023-07-17,9202
2634,漢翔,620,4,616,凱基-中港,2023-07-18,9202
00878,國泰永續高股息,235,20,215,凱基-中港,2023-07-18,9202
00923,群益台ESG低碳50,104,0,104,凱基-中港,2023-07-18,9202
2330,台積電,104,12,92,凱基-中港,2023-07-18,9202
00720B,元大投資級公司債,90,0,90,凱基-中港,2023-07-18,9202
6116,彩晶,100,14,86,凱基-中港,2023-07-18,9202
00929,復華台灣科技優息,113,29,84,凱基-中港,2023-07-18,9202
00882,中信中國高股息,71,0,71,凱基-中港,2023-07-18,9202
3024,憶聲,69,0,69,凱基-中港,2023-07-18,9202
2486,一詮,75,6,69,凱基-中港,2023-07-18,9202
5009,榮剛,91,26,65,凱基-中港,2023-07-18,9202
2303,聯電,61,1,60,凱基-中港,2023-07-18,9202
4938,和碩,94,35,59,凱基-中港,2023-07-18,9202
6282,康舒,145,86,59,凱基-中港,2023-07-18,9202
1218,泰山,50,0,50,凱基-中港,2023-07-18,9202
00671R,富邦NASDAQ反1,50,0,50,凱基-中港,2023-07-18,9202
3481,群創,70,23,47,凱基-中港,2023-07-18,9202
5469,瀚宇博,69,27,42,凱基-中港,2023-07-18,9202
8155,博智,38,1,37,凱基-中港,2023-07-18,9202
3033,威健,39,3,36,凱基-中港,2023-07-18,9202
6188,廣明,53,18,35,凱基-中港,2023-07-18,9202
8936,國統,39,8,31,凱基-中港,2023-07-18,9202
1605,華新,41,10,31,凱基-中港,2023-07-18,9202
1514,亞力,57,26,31,凱基-中港,2023-07-18,9202
00895,富邦未來車,31,1,30,凱基-中港,2023-07-18,9202
2324,仁寶,127,97,30,凱基-中港,2023-07-18,9202
6179,亞通,46,17,29,凱基-中港,2023-07-18,9202
6285,啟��,57,30,27,凱基-中港,2023-07-18,9202
2812,台中銀,28,1,27,凱基-中港,2023-07-18,9202
2504,國產,26,0,26,凱基-中港,2023-07-18,9202
00930,永豐ESG低碳高息,36,10,26,凱基-中港,2023-07-18,9202
2314,台揚,26,2,24,凱基-中港,2023-07-18,9202
3432,台端,23,0,23,凱基-中港,2023-07-18,9202
1609,大亞,158,137,21,凱基-中港,2023-07-18,9202
4714,永捷,21,0,21,凱基-中港,2023-07-18,9202
4916,事欣科,24,4,20,凱基-中港,2023-07-18,9202
2328,廣宇,27,7,20,凱基-中港,2023-07-18,9202
3025,星通,22,2,20,凱基-中港,2023-07-18,9202
6167,久正,20,0,20,凱基-中港,2023-07-18,9202
2913,農林,21,2,19,凱基-中港,2023-07-18,9202
2340,台亞,38,20,18,凱基-中港,2023-07-18,9202
6274,台燿,26,9,17,凱基-中港,2023-07-18,9202
3026,禾伸堂,17,0,17,凱基-中港,2023-07-18,9202
3673,TPK-KY,19,3,16,凱基-中港,2023-07-18,9202
2449,京元電子,52,37,15,凱基-中港,2023-07-18,9202
9919,康那香,15,0,15,凱基-中港,2023-07-18,9202
1591,駿吉-KY,15,0,15,凱基-中港,2023-07-18,9202
6216,居易,16,1,15,凱基-中港,2023-07-18,9202
6244,茂迪,16,1,15,凱基-中港,2023-07-18,9202
5425,台半,17,3,14,凱基-中港,2023-07-18,9202
2303,聯電,193,4,189,凱基-中港,2023-07-19,9202
2353,宏��,179,26,153,凱基-中港,2023-07-19,9202
2312,金寶,180,37,143,凱基-中港,2023-07-19,9202
2618,長榮航,245,106,139,凱基-中港,2023-07-19,9202
00923,群益台ESG低碳50,97,1,96,凱基-中港,2023-07-19,9202
2104,國際中橡,95,0,95,凱基-中港,2023-07-19,9202
00720B,元大投資級公司債,91,0,91,凱基-中港,2023-07-19,9202
3363,上詮,105,19,86,凱基-中港,2023-07-19,9202
5009,榮剛,86,11,75,凱基-中港,2023-07-19,9202
4906,正文,73,7,66,凱基-中港,2023-07-19,9202
3706,神達,147,94,53,凱基-中港,2023-07-19,9202
6116,彩晶,54,1,53,凱基-中港,2023-07-19,9202
00929,復華台灣科技優息,50,0,50,凱基-中港,2023-07-19,9202
4163,鐿鈦,51,2,49,凱基-中港,2023-07-19,9202
2356,英業達,294,257,37,凱基-中港,2023-07-19,9202
6414,樺漢,35,1,34,凱基-中港,2023-07-19,9202
6244,茂迪,32,0,32,凱基-中港,2023-07-19,9202
00640L,富邦日本正2,30,0,30,凱基-中港,2023-07-19,9202
4121,優盛,41,12,29,凱基-中港,2023-07-19,9202
8105,凌巨,31,2,29,凱基-中港,2023-07-19,9202
3163,波若威,64,36,28,凱基-中港,2023-07-19,9202
4123,晟德,52,25,27,凱基-中港,2023-07-19,9202
2419,仲琦,60,37,23,凱基-中港,2023-07-19,9202
0056,元大高股息,43,21,22,凱基-中港,2023-07-19,9202
5905,南仁湖,21,0,21,凱基-中港,2023-07-19,9202
1734,杏輝,25,4,21,凱基-中港,2023-07-19,9202
3078,僑威,21,1,20,凱基-中港,2023-07-19,9202
2324,仁寶,501,481,20,凱基-中港,2023-07-19,9202
6142,友勁,20,0,20,凱基-中港,2023-07-19,9202
6197,佳必琪,20,0,20,凱基-中港,2023-07-19,9202
00665L,富邦�琤肭磪囓�2,20,0,20,凱基-中港,2023-07-19,9202
1710,東聯,20,2,18,凱基-中港,2023-07-19,9202
1529,樂事綠能,26,9,17,凱基-中港,2023-07-19,9202
3131,弘塑,23,6,17,凱基-中港,2023-07-19,9202
3105,穩懋,20,3,17,凱基-中港,2023-07-19,9202
6188,廣明,28,11,17,凱基-中港,2023-07-19,9202
2881,富邦金,23,8,15,凱基-中港,2023-07-19,9202
2329,華泰,31,16,15,凱基-中港,2023-07-19,9202
2376,技嘉,23,8,15,凱基-中港,2023-07-19,9202
2395,研華,15,0,15,凱基-中港,2023-07-19,9202
4541,晟田,15,0,15,凱基-中港,2023-07-19,9202
2897,王道銀行,15,0,15,凱基-中港,2023-07-19,9202
00882,中信中國高股息,26,11,15,凱基-中港,2023-07-19,9202
3665,貿聯-KY,15,1,14,凱基-中港,2023-07-19,9202
2357,華碩,14,1,13,凱基-中港,2023-07-19,9202
2317,鴻海,18,6,12,凱基-中港,2023-07-19,9202
2634,漢翔,23,11,12,凱基-中港,2023-07-19,9202
2399,映泰,18,6,12,凱基-中港,2023-07-19,9202
2745,五福,12,0,12,凱基-中港,2023-07-19,9202
1402,遠東新,12,0,12,凱基-中港,2023-07-19,9202
6125,廣運,595,18,577,凱基-中港,2023-07-20,9202
00671R,富邦NASDAQ反1,467,0,467,凱基-中港,2023-07-20,9202
5009,榮剛,112,11,101,凱基-中港,2023-07-20,9202
2303,聯電,176,77,99,凱基-中港,2023-07-20,9202
3189,景碩,66,6,60,凱基-中港,2023-07-20,9202
1727,中華化,60,1,59,凱基-中港,2023-07-20,9202
00673R,期元大S＆P原油反1,58,0,58,凱基-中港,2023-07-20,9202
0056,元大高股息,101,45,56,凱基-中港,2023-07-20,9202
6116,彩晶,50,0,50,凱基-中港,2023-07-20,9202
00929,復華台灣科技優息,41,1,40,凱基-中港,2023-07-20,9202
4714,永捷,41,4,37,凱基-中港,2023-07-20,9202
3680,家登,35,0,35,凱基-中港,2023-07-20,9202
00882,中信中國高股息,40,5,35,凱基-中港,2023-07-20,9202
00712,復華富時不動產,45,11,34,凱基-中港,2023-07-20,9202
6197,佳必琪,25,0,25,凱基-中港,2023-07-20,9202
2419,仲琦,44,19,25,凱基-中港,2023-07-20,9202
3289,宜特,108,84,24,凱基-中港,2023-07-20,9202
6111,大宇資,24,0,24,凱基-中港,2023-07-20,9202
4123,晟德,74,51,23,凱基-中港,2023-07-20,9202
4121,優盛,22,0,22,凱基-中港,2023-07-20,9202
2401,凌陽,21,0,21,凱基-中港,2023-07-20,9202
1101,台泥,20,0,20,凱基-中港,2023-07-20,9202
00674R,期元大S＆P黃金反1,20,0,20,凱基-中港,2023-07-20,9202
00720B,元大投資級公司債,20,0,20,凱基-中港,2023-07-20,9202
3025,星通,20,0,20,凱基-中港,2023-07-20,9202
6153,嘉聯益,20,0,20,凱基-中港,2023-07-20,9202
2316,楠梓電,59,39,20,凱基-中港,2023-07-20,9202
8222,寶一,22,6,16,凱基-中港,2023-07-20,9202
4977,眾達-KY,22,7,15,凱基-中港,2023-07-20,9202
2913,農林,38,24,14,凱基-中港,2023-07-20,9202
2312,金寶,25,11,14,凱基-中港,2023-07-20,9202
8433,弘帆,14,0,14,凱基-中港,2023-07-20,9202
6841,長佳智能,29,15,14,凱基-中港,2023-07-20,9202
2345,智邦,13,0,13,凱基-中港,2023-07-20,9202
1529,樂事綠能,30,17,13,凱基-中港,2023-07-20,9202
2340,台亞,18,5,13,凱基-中港,2023-07-20,9202
5310,天剛,14,1,13,凱基-中港,2023-07-20,9202
8171,天宇,13,0,13,凱基-中港,2023-07-20,9202
6222,上揚,12,0,12,凱基-中港,2023-07-20,9202
2324,仁寶,56,45,11,凱基-中港,2023-07-20,9202
2314,台揚,11,0,11,凱基-中港,2023-07-20,9202
2317,鴻海,14,3,11,凱基-中港,2023-07-20,9202
00924,復華S＆P500成長,10,0,10,凱基-中港,2023-07-20,9202
2449,京元電子,12,2,10,凱基-中港,2023-07-20,9202
2484,希華,10,0,10,凱基-中港,2023-07-20,9202
3356,奇偶,10,0,10,凱基-中港,2023-07-20,9202
3060,銘異,10,0,10,凱基-中港,2023-07-20,9202
2436,偉詮電,13,3,10,凱基-中港,2023-07-20,9202
2413,環科,11,1,10,凱基-中港,2023-07-20,9202
2344,華邦電,10,0,10,凱基-中港,2023-07-20,9202
00671R,富邦NASDAQ反1,620,0,620,凱基-中港,2023-07-21,9202
00673R,期元大S＆P原油反1,174,35,139,凱基-中港,2023-07-21,9202
2609,陽明,118,6,112,凱基-中港,2023-07-21,9202
1513,中興電,142,48,94,凱基-中港,2023-07-21,9202
2002,中鋼,89,2,87,凱基-中港,2023-07-21,9202
2330,台積電,89,5,84,凱基-中港,2023-07-21,9202
2634,漢翔,123,62,61,凱基-中港,2023-07-21,9202
5309,系統電,55,2,53,凱基-中港,2023-07-21,9202
00720B,元大投資級公司債,43,0,43,凱基-中港,2023-07-21,9202
6290,良維,40,0,40,凱基-中港,2023-07-21,9202
00882,中信中國高股息,38,0,38,凱基-中港,2023-07-21,9202
1785,光洋科,36,3,33,凱基-中港,2023-07-21,9202
5880,合庫金,33,0,33,凱基-中港,2023-07-21,9202
5009,榮剛,35,4,31,凱基-中港,2023-07-21,9202
1314,中石化,31,2,29,凱基-中港,2023-07-21,9202
2303,聯電,125,96,29,凱基-中港,2023-07-21,9202
2409,友達,33,5,28,凱基-中港,2023-07-21,9202
00900,富邦特選高股息30,40,12,28,凱基-中港,2023-07-21,9202
5425,台半,31,4,27,凱基-中港,2023-07-21,9202
6216,居易,26,0,26,凱基-中港,2023-07-21,9202
3706,神達,67,43,24,凱基-中港,2023-07-21,9202
2537,聯上發,24,0,24,凱基-中港,2023-07-21,9202
4541,晟田,24,0,24,凱基-中港,2023-07-21,9202
8046,南電,24,1,23,凱基-中港,2023-07-21,9202
2883,凱基金,25,3,22,凱基-中港,2023-07-21,9202
3163,波若威,23,2,21,凱基-中港,2023-07-21,9202
00907,永豐優息存股,20,0,20,凱基-中港,2023-07-21,9202
00922,國泰台灣領袖50,20,0,20,凱基-中港,2023-07-21,9202
00929,復華台灣科技優息,21,2,19,凱基-中港,2023-07-21,9202
0050,元大台灣50,23,5,18,凱基-中港,2023-07-21,9202
6015,宏遠證,17,0,17,凱基-中港,2023-07-21,9202
3037,欣興,19,2,17,凱基-中港,2023-07-21,9202
0056,元大高股息,70,53,17,凱基-中港,2023-07-21,9202
5310,天剛,16,0,16,凱基-中港,2023-07-21,9202
3707,漢磊,17,1,16,凱基-中港,2023-07-21,9202
8299,群聯,16,0,16,凱基-中港,2023-07-21,9202
3013,晟銘電,40,24,16,凱基-中港,2023-07-21,9202
2344,華邦電,23,8,15,凱基-中港,2023-07-21,9202
2515,中工,16,1,15,凱基-中港,2023-07-21,9202
1708,東鹼,18,3,15,凱基-中港,2023-07-21,9202
2206,三陽工業,27,13,14,凱基-中港,2023-07-21,9202
1714,和桐,13,0,13,凱基-中港,2023-07-21,9202
6116,彩晶,13,0,13,凱基-中港,2023-07-21,9202
6282,康舒,21,9,12,凱基-中港,2023-07-21,9202
00679B,元大美債20年,13,1,12,凱基-中港,2023-07-21,9202
2351,順德,12,0,12,凱基-中港,2023-07-21,9202
3680,家登,12,0,12,凱基-中港,2023-07-21,9202
2454,聯發科,28,16,12,凱基-中港,2023-07-21,9202
3305,昇貿,25,13,12,凱基-中港,2023-07-21,9202
4934,太極,12,1,11,凱基-中港,2023-07-21,9202
00671R,富邦NASDAQ反1,266,0,266,凱基-中港,2023-07-24,9202
2618,長榮航,152,26,126,凱基-中港,2023-07-24,9202
2867,三商壽,100,0,100,凱基-中港,2023-07-24,9202
1513,中興電,116,19,97,凱基-中港,2023-07-24,9202
2609,陽明,95,19,76,凱基-中港,2023-07-24,9202
2801,彰銀,55,0,55,凱基-中港,2023-07-24,9202
00673R,期元大S＆P原油反1,52,0,52,凱基-中港,2023-07-24,9202
2201,裕隆,48,0,48,凱基-中港,2023-07-24,9202
2887,台新金,48,0,48,凱基-中港,2023-07-24,9202
4541,晟田,45,0,45,凱基-中港,2023-07-24,9202
3231,緯創,57,22,35,凱基-中港,2023-07-24,9202
3540,曜越,37,2,35,凱基-中港,2023-07-24,9202
8109,博大,34,2,32,凱基-中港,2023-07-24,9202
5309,系統電,33,1,32,凱基-中港,2023-07-24,9202
1460,宏遠,36,7,29,凱基-中港,2023-07-24,9202
2883,凱基金,29,2,27,凱基-中港,2023-07-24,9202
1102,亞泥,26,0,26,凱基-中港,2023-07-24,9202
2637,慧洋-KY,28,2,26,凱基-中港,2023-07-24,9202
00679B,元大美債20年,46,20,26,凱基-中港,2023-07-24,9202
00720B,元大投資級公司債,25,0,25,凱基-中港,2023-07-24,9202
00632R,元大台灣50反1,30,5,25,凱基-中港,2023-07-24,9202
5604,中連,25,0,25,凱基-中港,2023-07-24,9202
2356,英業達,42,17,25,凱基-中港,2023-07-24,9202
5880,合庫金,21,0,21,凱基-中港,2023-07-24,9202
2464,盟立,21,0,21,凱基-中港,2023-07-24,9202
00688L,國泰20年美債正2,21,0,21,凱基-中港,2023-07-24,9202
6282,康舒,29,8,21,凱基-中港,2023-07-24,9202
3363,上詮,20,0,20,凱基-中港,2023-07-24,9202
5310,天剛,20,0,20,凱基-中港,2023-07-24,9202
00696B,富邦美債20年,20,0,20,凱基-中港,2023-07-24,9202
3481,群創,28,9,19,凱基-中港,2023-07-24,9202
2851,中再保,19,0,19,凱基-中港,2023-07-24,9202
2461,光群雷,34,15,19,凱基-中港,2023-07-24,9202
1402,遠東新,19,0,19,凱基-中港,2023-07-24,9202
3037,欣興,34,16,18,凱基-中港,2023-07-24,9202
2615,萬海,28,11,17,凱基-中港,2023-07-24,9202
4916,事欣科,20,4,16,凱基-中港,2023-07-24,9202
00929,復華台灣科技優息,16,0,16,凱基-中港,2023-07-24,9202
2855,統一證,15,0,15,凱基-中港,2023-07-24,9202
3338,泰碩,22,8,14,凱基-中港,2023-07-24,9202
2324,仁寶,24,10,14,凱基-中港,2023-07-24,9202
3707,漢磊,15,1,14,凱基-中港,2023-07-24,9202
6216,居易,21,7,14,凱基-中港,2023-07-24,9202
6182,合晶,13,0,13,凱基-中港,2023-07-24,9202
3163,波若威,19,6,13,凱基-中港,2023-07-24,9202
2413,環科,13,0,13,凱基-中港,2023-07-24,9202
1101,台泥,14,1,13,凱基-中港,2023-07-24,9202
2330,台積電,16,3,13,凱基-中港,2023-07-24,9202
6274,台燿,49,36,13,凱基-中港,2023-07-24,9202
0050,元大台灣50,16,3,13,凱基-中港,2023-07-24,9202
00632R,元大台灣50反1,173,2,171,凱基-中港,2023-07-25,9202
2634,漢翔,161,2,159,凱基-中港,2023-07-25,9202
2002,中鋼,151,4,147,凱基-中港,2023-07-25,9202
2880,華南金,125,2,123,凱基-中港,2023-07-25,9202
2382,廣達,302,188,114,凱基-中港,2023-07-25,9202
00673R,期元大S＆P原油反1,66,0,66,凱基-中港,2023-07-25,9202
00642U,期元大S＆P石油,50,3,47,凱基-中港,2023-07-25,9202
1905,華紙,90,43,47,凱基-中港,2023-07-25,9202
1605,華新,57,13,44,凱基-中港,2023-07-25,9202
3221,台嘉碩,44,3,41,凱基-中港,2023-07-25,9202
6188,廣明,86,45,41,凱基-中港,2023-07-25,9202
6116,彩晶,40,1,39,凱基-中港,2023-07-25,9202
00679B,元大美債20年,33,0,33,凱基-中港,2023-07-25,9202
00929,復華台灣科技優息,32,0,32,凱基-中港,2023-07-25,9202
3702,大聯大,33,2,31,凱基-中港,2023-07-25,9202
3169,亞信,30,0,30,凱基-中港,2023-07-25,9202
3163,波若威,32,6,26,凱基-中港,2023-07-25,9202
2637,慧洋-KY,26,0,26,凱基-中港,2023-07-25,9202
2301,光寶科,84,58,26,凱基-中港,2023-07-25,9202
3037,欣興,55,30,25,凱基-中港,2023-07-25,9202
2888,新光金,32,8,24,凱基-中港,2023-07-25,9202
5443,均豪,27,3,24,凱基-中港,2023-07-25,9202
6235,華孚,44,20,24,凱基-中港,2023-07-25,9202
2913,農林,63,39,24,凱基-中港,2023-07-25,9202
6282,康舒,24,3,21,凱基-中港,2023-07-25,9202
1514,亞力,39,18,21,凱基-中港,2023-07-25,9202
1102,亞泥,29,9,20,凱基-中港,2023-07-25,9202
00706L,期元大S＆P日圓正2,20,0,20,凱基-中港,2023-07-25,9202
2436,偉詮電,20,0,20,凱基-中港,2023-07-25,9202
6276,安鈦克,20,0,20,凱基-中港,2023-07-25,9202
3071,協禧,82,63,19,凱基-中港,2023-07-25,9202
4541,晟田,19,0,19,凱基-中港,2023-07-25,9202
2328,廣宇,23,4,19,凱基-中港,2023-07-25,9202
6142,友勁,17,0,17,凱基-中港,2023-07-25,9202
4123,晟德,22,6,16,凱基-中港,2023-07-25,9202
2344,華邦電,16,0,16,凱基-中港,2023-07-25,9202
2454,聯發科,16,0,16,凱基-中港,2023-07-25,9202
8931,大汽電,15,0,15,凱基-中港,2023-07-25,9202
8433,弘帆,14,0,14,凱基-中港,2023-07-25,9202
00882,中信中國高股息,22,9,13,凱基-中港,2023-07-25,9202
3363,上詮,14,2,12,凱基-中港,2023-07-25,9202
2498,宏達電,13,1,12,凱基-中港,2023-07-25,9202
1603,華電,22,10,12,凱基-中港,2023-07-25,9202
2455,全新,12,0,12,凱基-中港,2023-07-25,9202
8093,保銳,15,3,12,凱基-中港,2023-07-25,9202
1701,中化,12,0,12,凱基-中港,2023-07-25,9202
8109,博大,12,0,12,凱基-中港,2023-07-25,9202
00772B,中信高評級公司債,11,0,11,凱基-中港,2023-07-25,9202
3707,漢磊,12,1,11,凱基-中港,2023-07-25,9202
2723,美食-KY,10,0,10,凱基-中港,2023-07-25,9202
2634,漢翔,289,1,288,凱基-中港,2023-07-26,9202
2002,中鋼,215,1,214,凱基-中港,2023-07-26,9202
6167,久正,161,0,161,凱基-中港,2023-07-26,9202
2515,中工,100,1,99,凱基-中港,2023-07-26,9202
8358,金居,167,73,94,凱基-中港,2023-07-26,9202
3481,群創,133,41,92,凱基-中港,2023-07-26,9202
2303,聯電,91,13,78,凱基-中港,2023-07-26,9202
00927,群益半導體收益,76,0,76,凱基-中港,2023-07-26,9202
00642U,期元大S＆P石油,60,0,60,凱基-中港,2023-07-26,9202
6188,廣明,83,44,39,凱基-中港,2023-07-26,9202
1504,東元,136,100,36,凱基-中港,2023-07-26,9202
2344,華邦電,37,1,36,凱基-中港,2023-07-26,9202
2539,櫻花建,31,0,31,凱基-中港,2023-07-26,9202
4906,正文,31,0,31,凱基-中港,2023-07-26,9202
6538,倉和,49,21,28,凱基-中港,2023-07-26,9202
2421,建準,43,16,27,凱基-中港,2023-07-26,9202
6244,茂迪,27,0,27,凱基-中港,2023-07-26,9202
00795B,中信美國公債20年,25,0,25,凱基-中港,2023-07-26,9202
00929,復華台灣科技優息,27,3,24,凱基-中港,2023-07-26,9202
2537,聯上發,24,0,24,凱基-中港,2023-07-26,9202
00673R,期元大S＆P原油反1,22,0,22,凱基-中港,2023-07-26,9202
8433,弘帆,28,6,22,凱基-中港,2023-07-26,9202
4168,醣聯,26,4,22,凱基-中港,2023-07-26,9202
00720B,元大投資級公司債,25,3,22,凱基-中港,2023-07-26,9202
3576,聯合再生,21,0,21,凱基-中港,2023-07-26,9202
1609,大亞,29,9,20,凱基-中港,2023-07-26,9202
2330,台積電,21,1,20,凱基-中港,2023-07-26,9202
5310,天剛,20,0,20,凱基-中港,2023-07-26,9202
2897,王道銀行,20,0,20,凱基-中港,2023-07-26,9202
8093,保銳,19,0,19,凱基-中港,2023-07-26,9202
2376,技嘉,35,17,18,凱基-中港,2023-07-26,9202
1471,首利,18,0,18,凱基-中港,2023-07-26,9202
00725B,國泰投資級公司債,17,0,17,凱基-中港,2023-07-26,9202
3483,力致,17,0,17,凱基-中港,2023-07-26,9202
3013,晟銘電,21,4,17,凱基-中港,2023-07-26,9202
4934,太極,19,2,17,凱基-中港,2023-07-26,9202
2034,允強,17,0,17,凱基-中港,2023-07-26,9202
00712,復華富時不動產,17,0,17,凱基-中港,2023-07-26,9202
0050,元大台灣50,18,1,17,凱基-中港,2023-07-26,9202
3702,大聯大,17,1,16,凱基-中港,2023-07-26,9202
3551,世禾,16,0,16,凱基-中港,2023-07-26,9202
6547,高端疫苗,15,0,15,凱基-中港,2023-07-26,9202
2359,所羅門,63,49,14,凱基-中港,2023-07-26,9202
1760,寶齡富錦,14,0,14,凱基-中港,2023-07-26,9202
3346,麗清,14,0,14,凱基-中港,2023-07-26,9202
1785,光洋科,15,1,14,凱基-中港,2023-07-26,9202
1618,合機,41,28,13,凱基-中港,2023-07-26,9202
00633L,富邦上証正2,13,0,13,凱基-中港,2023-07-26,9202
1104,環泥,13,0,13,凱基-中港,2023-07-26,9202
2913,農林,14,1,13,凱基-中港,2023-07-26,9202
2002,中鋼,446,72,374,凱基-中港,2023-07-27,9202
3372,典範,100,6,94,凱基-中港,2023-07-27,9202
3231,緯創,95,3,92,凱基-中港,2023-07-27,9202
00670L,富邦NASDAQ正2,84,0,84,凱基-中港,2023-07-27,9202
2609,陽明,124,54,70,凱基-中港,2023-07-27,9202
5880,合庫金,71,2,69,凱基-中港,2023-07-27,9202
00885,富邦越南,62,0,62,凱基-中港,2023-07-27,9202
8234,新漢,56,6,50,凱基-中港,2023-07-27,9202
2887,台新金,50,5,45,凱基-中港,2023-07-27,9202
2884,玉山金,72,29,43,凱基-中港,2023-07-27,9202
2888,新光金,136,98,38,凱基-中港,2023-07-27,9202
2618,長榮航,54,22,32,凱基-中港,2023-07-27,9202
8110,華東,33,1,32,凱基-中港,2023-07-27,9202
3131,弘塑,31,1,30,凱基-中港,2023-07-27,9202
2467,志聖,30,3,27,凱基-中港,2023-07-27,9202
8201,無敵,27,0,27,凱基-中港,2023-07-27,9202
3056,富華新,39,12,27,凱基-中港,2023-07-27,9202
4938,和碩,40,14,26,凱基-中港,2023-07-27,9202
00633L,富邦上証正2,31,5,26,凱基-中港,2023-07-27,9202
8050,廣積,26,1,25,凱基-中港,2023-07-27,9202
00929,復華台灣科技優息,40,16,24,凱基-中港,2023-07-27,9202
1444,力麗,50,26,24,凱基-中港,2023-07-27,9202
2353,宏��,39,16,23,凱基-中港,2023-07-27,9202
2301,光寶科,63,41,22,凱基-中港,2023-07-27,9202
8028,昇陽半導體,26,4,22,凱基-中港,2023-07-27,9202
3037,欣興,56,35,21,凱基-中港,2023-07-27,9202
00679B,元大美債20年,21,0,21,凱基-中港,2023-07-27,9202
2883,凱基金,41,20,21,凱基-中港,2023-07-27,9202
2462,良得電,20,0,20,凱基-中港,2023-07-27,9202
1227,佳格,20,0,20,凱基-中港,2023-07-27,9202
2427,三商電,38,18,20,凱基-中港,2023-07-27,9202
2634,漢翔,25,6,19,凱基-中港,2023-07-27,9202
1314,中石化,21,3,18,凱基-中港,2023-07-27,9202
2316,楠梓電,20,2,18,凱基-中港,2023-07-27,9202
1504,東元,19,2,17,凱基-中港,2023-07-27,9202
3163,波若威,51,34,17,凱基-中港,2023-07-27,9202
1609,大亞,27,10,17,凱基-中港,2023-07-27,9202
6015,宏遠證,30,16,14,凱基-中港,2023-07-27,9202
8936,國統,16,2,14,凱基-中港,2023-07-27,9202
2606,裕民,14,0,14,凱基-中港,2023-07-27,9202
3551,世禾,14,0,14,凱基-中港,2023-07-27,9202
1102,亞泥,14,0,14,凱基-中港,2023-07-27,9202
2498,宏達電,19,5,14,凱基-中港,2023-07-27,9202
6841,長佳智能,26,13,13,凱基-中港,2023-07-27,9202
6196,帆宣,26,13,13,凱基-中港,2023-07-27,9202
2317,鴻海,17,4,13,凱基-中港,2023-07-27,9202
1513,中興電,20,7,13,凱基-中港,2023-07-27,9202
00878,國泰永續高股息,43,30,13,凱基-中港,2023-07-27,9202
2352,佳世達,17,5,12,凱基-中港,2023-07-27,9202
2345,智邦,12,0,12,凱基-中港,2023-07-27,9202
2002,中鋼,288,1,287,凱基-中港,2023-07-28,9202
3289,宜特,167,4,163,凱基-中港,2023-07-28,9202
00679B,元大美債20年,136,0,136,凱基-中港,2023-07-28,9202
00751B,元大AAA至A公司債,123,0,123,凱基-中港,2023-07-28,9202
00632R,元大台灣50反1,102,1,101,凱基-中港,2023-07-28,9202
2610,華航,113,14,99,凱基-中港,2023-07-28,9202
00720B,元大投資級公司債,93,0,93,凱基-中港,2023-07-28,9202
2498,宏達電,79,1,78,凱基-中港,2023-07-28,9202
2634,漢翔,77,0,77,凱基-中港,2023-07-28,9202
2883,凱基金,61,10,51,凱基-中港,2023-07-28,9202
00687B,國泰20年美債,46,0,46,凱基-中港,2023-07-28,9202
2637,慧洋-KY,51,5,46,凱基-中港,2023-07-28,9202
1303,南亞,40,0,40,凱基-中港,2023-07-28,9202
8110,華東,35,0,35,凱基-中港,2023-07-28,9202
6190,萬泰科,103,70,33,凱基-中港,2023-07-28,9202
3706,神達,33,2,31,凱基-中港,2023-07-28,9202
1460,宏遠,30,0,30,凱基-中港,2023-07-28,9202
2618,長榮航,30,3,27,凱基-中港,2023-07-28,9202
00688L,國泰20年美債正2,55,28,27,凱基-中港,2023-07-28,9202
1905,華紙,131,105,26,凱基-中港,2023-07-28,9202
2104,國際中橡,27,1,26,凱基-中港,2023-07-28,9202
4906,正文,24,0,24,凱基-中港,2023-07-28,9202
6535,順藥,23,0,23,凱基-中港,2023-07-28,9202
00900,富邦特選高股息30,44,22,22,凱基-中港,2023-07-28,9202
2382,廣達,68,47,21,凱基-中港,2023-07-28,9202
8150,南茂,21,0,21,凱基-中港,2023-07-28,9202
1701,中化,20,0,20,凱基-中港,2023-07-28,9202
2539,櫻花建,20,0,20,凱基-中港,2023-07-28,9202
2332,友訊,20,0,20,凱基-中港,2023-07-28,9202
3232,昱捷,20,0,20,凱基-中港,2023-07-28,9202
00795B,中信美國公債20年,21,2,19,凱基-中港,2023-07-28,9202
6147,頎邦,25,6,19,凱基-中港,2023-07-28,9202
2329,華泰,278,259,19,凱基-中港,2023-07-28,9202
1802,台玻,50,32,18,凱基-中港,2023-07-28,9202
4934,太極,24,6,18,凱基-中港,2023-07-28,9202
1402,遠東新,18,0,18,凱基-中港,2023-07-28,9202
6188,廣明,25,8,17,凱基-中港,2023-07-28,9202
2449,京元電子,21,4,17,凱基-中港,2023-07-28,9202
6223,旺矽,31,14,17,凱基-中港,2023-07-28,9202
00712,復華富時不動產,17,0,17,凱基-中港,2023-07-28,9202
00772B,中信高評級公司債,16,0,16,凱基-中港,2023-07-28,9202
3339,泰谷,26,10,16,凱基-中港,2023-07-28,9202
6152,百一,15,0,15,凱基-中港,2023-07-28,9202
2356,英業達,65,51,14,凱基-中港,2023-07-28,9202
2337,旺宏,15,1,14,凱基-中港,2023-07-28,9202
1609,大亞,24,10,14,凱基-中港,2023-07-28,9202
6532,瑞耘,25,12,13,凱基-中港,2023-07-28,9202
4989,榮科,78,65,13,凱基-中港,2023-07-28,9202
5388,中磊,14,2,12,凱基-中港,2023-07-28,9202
1102,亞泥,12,0,12,凱基-中港,2023-07-28,9202
3231,緯創,978,129,849,凱基-中港,2023-07-31,9202
2002,中鋼,674,11,663,凱基-中港,2023-07-31,9202
2888,新光金,266,130,136,凱基-中港,2023-07-31,9202
2409,友達,102,6,96,凱基-中港,2023-07-31,9202
00878,國泰永續高股息,155,70,85,凱基-中港,2023-07-31,9202
00679B,元大美債20年,91,10,81,凱基-中港,2023-07-31,9202
2610,華航,60,3,57,凱基-中港,2023-07-31,9202
2609,陽明,60,7,53,凱基-中港,2023-07-31,9202
00673R,期元大S＆P原油反1,52,0,52,凱基-中港,2023-07-31,9202
2382,廣達,103,51,52,凱基-中港,2023-07-31,9202
3706,神達,73,23,50,凱基-中港,2023-07-31,9202
00671R,富邦NASDAQ反1,50,0,50,凱基-中港,2023-07-31,9202
2883,凱基金,159,111,48,凱基-中港,2023-07-31,9202
00929,復華台灣科技優息,108,64,44,凱基-中港,2023-07-31,9202
1305,華夏,50,9,41,凱基-中港,2023-07-31,9202
3017,奇鋐,57,18,39,凱基-中港,2023-07-31,9202
3024,憶聲,37,0,37,凱基-中港,2023-07-31,9202
1504,東元,40,6,34,凱基-中港,2023-07-31,9202
2376,技嘉,45,11,34,凱基-中港,2023-07-31,9202
00753L,中信中國50正2,38,4,34,凱基-中港,2023-07-31,9202
2419,仲琦,90,57,33,凱基-中港,2023-07-31,9202
00633L,富邦上証正2,34,2,32,凱基-中港,2023-07-31,9202
1734,杏輝,30,0,30,凱基-中港,2023-07-31,9202
6147,頎邦,31,2,29,凱基-中港,2023-07-31,9202
2539,櫻花建,30,1,29,凱基-中港,2023-07-31,9202
00907,永豐優息存股,25,0,25,凱基-中港,2023-07-31,9202
6285,啟��,42,19,23,凱基-中港,2023-07-31,9202
5009,榮剛,24,1,23,凱基-中港,2023-07-31,9202
2388,威盛,23,3,20,凱基-中港,2023-07-31,9202
00650L,復華香港正2,20,0,20,凱基-中港,2023-07-31,9202
2442,新美齊,20,0,20,凱基-中港,2023-07-31,9202
6218,豪勉,20,0,20,凱基-中港,2023-07-31,9202
00900,富邦特選高股息30,32,12,20,凱基-中港,2023-07-31,9202
2455,全新,36,17,19,凱基-中港,2023-07-31,9202
4938,和碩,21,3,18,凱基-中港,2023-07-31,9202
6679,鈺太,23,5,18,凱基-中港,2023-07-31,9202
00919,群益台灣精選高息,20,3,17,凱基-中港,2023-07-31,9202
2615,萬海,17,0,17,凱基-中港,2023-07-31,9202
3596,智易,20,3,17,凱基-中港,2023-07-31,9202
2027,大成鋼,18,2,16,凱基-中港,2023-07-31,9202
1815,富喬,34,18,16,凱基-中港,2023-07-31,9202
1316,上曜,16,0,16,凱基-中港,2023-07-31,9202
1460,宏遠,16,0,16,凱基-中港,2023-07-31,9202
00772B,中信高評級公司債,15,0,15,凱基-中港,2023-07-31,9202
2905,三商,15,0,15,凱基-中港,2023-07-31,9202
6161,捷波,22,7,15,凱基-中港,2023-07-31,9202
4906,正文,23,8,15,凱基-中港,2023-07-31,9202
0050,元大台灣50,15,1,14,凱基-中港,2023-07-31,9202
3551,世禾,14,0,14,凱基-中港,2023-07-31,9202
6156,松上,14,0,14,凱基-中港,2023-07-31,9202
00632R,元大台灣50反1,422,206,216,凱基-中港,2023-08-01,9202
2312,金寶,153,17,136,凱基-中港,2023-08-01,9202
3105,穩懋,90,4,86,凱基-中港,2023-08-01,9202
2426,鼎元,81,1,80,凱基-中港,2023-08-01,9202
2402,毅嘉,81,19,62,凱基-中港,2023-08-01,9202
2353,宏��,66,5,61,凱基-中港,2023-08-01,9202
2618,長榮航,64,4,60,凱基-中港,2023-08-01,9202
1305,華夏,54,2,52,凱基-中港,2023-08-01,9202
9942,茂順,51,0,51,凱基-中港,2023-08-01,9202
2882,國泰金,62,17,45,凱基-中港,2023-08-01,9202
2365,昆盈,43,0,43,凱基-中港,2023-08-01,9202
2344,華邦電,48,12,36,凱基-中港,2023-08-01,9202
5388,中磊,48,12,36,凱基-中港,2023-08-01,9202
8390,金益鼎,61,26,35,凱基-中港,2023-08-01,9202
4541,晟田,35,0,35,凱基-中港,2023-08-01,9202
2885,元大金,34,2,32,凱基-中港,2023-08-01,9202
3131,弘塑,35,5,30,凱基-中港,2023-08-01,9202
2539,櫻花建,30,0,30,凱基-中港,2023-08-01,9202
00893,國泰智能電動車,35,7,28,凱基-中港,2023-08-01,9202
00927,群益半導體收益,28,0,28,凱基-中港,2023-08-01,9202
3325,旭品,32,4,28,凱基-中港,2023-08-01,9202
2881,富邦金,31,4,27,凱基-中港,2023-08-01,9202
3596,智易,28,1,27,凱基-中港,2023-08-01,9202
00650L,復華香港正2,45,20,25,凱基-中港,2023-08-01,9202
9945,潤泰新,25,0,25,凱基-中港,2023-08-01,9202
1734,杏輝,33,10,23,凱基-中港,2023-08-01,9202
3576,聯合再生,23,0,23,凱基-中港,2023-08-01,9202
2428,興勤,32,11,21,凱基-中港,2023-08-01,9202
2388,威盛,62,41,21,凱基-中港,2023-08-01,9202
3013,晟銘電,35,14,21,凱基-中港,2023-08-01,9202
2027,大成鋼,24,3,21,凱基-中港,2023-08-01,9202
00830,國泰費城半導體,20,0,20,凱基-中港,2023-08-01,9202
2034,允強,20,0,20,凱基-中港,2023-08-01,9202
2634,漢翔,19,0,19,凱基-中港,2023-08-01,9202
1216,統一,19,1,18,凱基-中港,2023-08-01,9202
00712,復華富時不動產,23,5,18,凱基-中港,2023-08-01,9202
5258,虹堡,23,5,18,凱基-中港,2023-08-01,9202
3044,健鼎,21,3,18,凱基-中港,2023-08-01,9202
2329,華泰,19,2,17,凱基-中港,2023-08-01,9202
2401,凌陽,27,10,17,凱基-中港,2023-08-01,9202
2498,宏達電,17,0,17,凱基-中港,2023-08-01,9202
2892,第一金,23,6,17,凱基-中港,2023-08-01,9202
1905,華紙,18,2,16,凱基-中港,2023-08-01,9202
2645,長榮航太,15,0,15,凱基-中港,2023-08-01,9202
00688L,國泰20年美債正2,15,0,15,凱基-中港,2023-08-01,9202
6282,康舒,91,76,15,凱基-中港,2023-08-01,9202
00673R,期元大S＆P原油反1,14,0,14,凱基-中港,2023-08-01,9202
1460,宏遠,14,0,14,凱基-中港,2023-08-01,9202
6176,瑞儀,14,1,13,凱基-中港,2023-08-01,9202
6239,力成,13,0,13,凱基-中港,2023-08-01,9202
1216,統一,994,20,974,凱基-中港,2023-08-02,9202
00878,國泰永續高股息,315,120,195,凱基-中港,2023-08-02,9202
00929,復華台灣科技優息,129,18,111,凱基-中港,2023-08-02,9202
00923,群益台ESG低碳50,103,4,99,凱基-中港,2023-08-02,9202
2890,永豐金,97,0,97,凱基-中港,2023-08-02,9202
00900,富邦特選高股息30,149,60,89,凱基-中港,2023-08-02,9202
2888,新光金,100,16,84,凱基-中港,2023-08-02,9202
00720B,元大投資級公司債,69,2,67,凱基-中港,2023-08-02,9202
3231,緯創,835,767,68,凱基-中港,2023-08-02,9202
1905,華紙,119,52,67,凱基-中港,2023-08-02,9202
2883,凱基金,64,2,62,凱基-中港,2023-08-02,9202
00679B,元大美債20年,63,8,55,凱基-中港,2023-08-02,9202
0056,元大高股息,90,36,54,凱基-中港,2023-08-02,9202
2610,華航,71,18,53,凱基-中港,2023-08-02,9202
2402,毅嘉,118,68,50,凱基-中港,2023-08-02,9202
1519,華城,51,3,48,凱基-中港,2023-08-02,9202
8433,弘帆,48,1,47,凱基-中港,2023-08-02,9202
2002,中鋼,47,2,45,凱基-中港,2023-08-02,9202
1809,中釉,43,0,43,凱基-中港,2023-08-02,9202
2618,長榮航,48,7,41,凱基-中港,2023-08-02,9202
1460,宏遠,40,0,40,凱基-中港,2023-08-02,9202
2360,致茂,40,0,40,凱基-中港,2023-08-02,9202
2834,臺企銀,57,21,36,凱基-中港,2023-08-02,9202
2409,友達,50,16,34,凱基-中港,2023-08-02,9202
6282,康舒,89,55,34,凱基-中港,2023-08-02,9202
00907,永豐優息存股,33,0,33,凱基-中港,2023-08-02,9202
00922,國泰台灣領袖50,32,0,32,凱基-中港,2023-08-02,9202
00712,復華富時不動產,37,5,32,凱基-中港,2023-08-02,9202
3576,聯合再生,31,0,31,凱基-中港,2023-08-02,9202
2504,國產,70,40,30,凱基-中港,2023-08-02,9202
00882,中信中國高股息,29,0,29,凱基-中港,2023-08-02,9202
00688L,國泰20年美債正2,30,2,28,凱基-中港,2023-08-02,9202
2801,彰銀,28,0,28,凱基-中港,2023-08-02,9202
2376,技嘉,36,8,28,凱基-中港,2023-08-02,9202
2014,中鴻,36,9,27,凱基-中港,2023-08-02,9202
6770,力積電,28,4,24,凱基-中港,2023-08-02,9202
1615,大山,30,7,23,凱基-中港,2023-08-02,9202
00857B,永豐20年美公債,23,0,23,凱基-中港,2023-08-02,9202
00687B,國泰20年美債,23,0,23,凱基-中港,2023-08-02,9202
3131,弘塑,29,7,22,凱基-中港,2023-08-02,9202
6285,啟��,51,29,22,凱基-中港,2023-08-02,9202
2891,中信金,28,6,22,凱基-中港,2023-08-02,9202
2485,兆赫,22,0,22,凱基-中港,2023-08-02,9202
2892,第一金,22,0,22,凱基-中港,2023-08-02,9202
00850,元大臺灣ESG永續,21,0,21,凱基-中港,2023-08-02,9202
2345,智邦,22,1,21,凱基-中港,2023-08-02,9202
2308,台達電,30,9,21,凱基-中港,2023-08-02,9202
2301,光寶科,43,22,21,凱基-中港,2023-08-02,9202
2344,華邦電,21,1,20,凱基-中港,2023-08-02,9202
8110,華東,20,0,20,凱基-中港,2023-08-02,9202
00671R,富邦NASDAQ反1,998,350,648,凱基-中港,2023-08-04,9202
1216,統一,529,0,529,凱基-中港,2023-08-04,9202
2344,華邦電,226,38,188,凱基-中港,2023-08-04,9202
00720B,元大投資級公司債,134,0,134,凱基-中港,2023-08-04,9202
2356,英業達,165,49,116,凱基-中港,2023-08-04,9202
8255,朋程,102,0,102,凱基-中港,2023-08-04,9202
2630,亞航,103,1,102,凱基-中港,2023-08-04,9202
00900,富邦特選高股息30,106,10,96,凱基-中港,2023-08-04,9202
00679B,元大美債20年,91,1,90,凱基-中港,2023-08-04,9202
2409,友達,107,27,80,凱基-中港,2023-08-04,9202
00923,群益台ESG低碳50,77,1,76,凱基-中港,2023-08-04,9202
2462,良得電,84,13,71,凱基-中港,2023-08-04,9202
1605,華新,129,61,68,凱基-中港,2023-08-04,9202
00687B,國泰20年美債,64,0,64,凱基-中港,2023-08-04,9202
3163,波若威,72,13,59,凱基-中港,2023-08-04,9202
1785,光洋科,60,3,57,凱基-中港,2023-08-04,9202
00772B,中信高評級公司債,57,0,57,凱基-中港,2023-08-04,9202
2891,中信金,61,6,55,凱基-中港,2023-08-04,9202
00751B,元大AAA至A公司債,54,0,54,凱基-中港,2023-08-04,9202
3576,聯合再生,43,0,43,凱基-中港,2023-08-04,9202
6176,瑞儀,41,0,41,凱基-中港,2023-08-04,9202
00680L,元大美債20正2,41,1,40,凱基-中港,2023-08-04,9202
2504,國產,36,2,34,凱基-中港,2023-08-04,9202
00795B,中信美國公債20年,32,1,31,凱基-中港,2023-08-04,9202
2027,大成鋼,32,1,31,凱基-中港,2023-08-04,9202
00929,復華台灣科技優息,79,50,29,凱基-中港,2023-08-04,9202
6125,廣運,67,39,28,凱基-中港,2023-08-04,9202
00922,國泰台灣領袖50,26,0,26,凱基-中港,2023-08-04,9202
6187,萬潤,35,9,26,凱基-中港,2023-08-04,9202
00764B,群益25年美債,26,0,26,凱基-中港,2023-08-04,9202
1460,宏遠,26,0,26,凱基-中港,2023-08-04,9202
5880,合庫金,25,0,25,凱基-中港,2023-08-04,9202
2610,華航,26,1,25,凱基-中港,2023-08-04,9202
6222,上揚,22,0,22,凱基-中港,2023-08-04,9202
2883,凱基金,22,1,21,凱基-中港,2023-08-04,9202
00902,中信電池及儲能,20,0,20,凱基-中港,2023-08-04,9202
8049,晶采,20,0,20,凱基-中港,2023-08-04,9202
3169,亞信,20,2,18,凱基-中港,2023-08-04,9202
3231,緯創,1390,1373,17,凱基-中港,2023-08-04,9202
2201,裕隆,19,2,17,凱基-中港,2023-08-04,9202
00688L,國泰20年美債正2,18,1,17,凱基-中港,2023-08-04,9202
1609,大亞,33,17,16,凱基-中港,2023-08-04,9202
00857B,永豐20年美公債,16,0,16,凱基-中港,2023-08-04,9202
2206,三陽工業,16,0,16,凱基-中港,2023-08-04,9202
8215,明基材,22,6,16,凱基-中港,2023-08-04,9202
1305,華夏,22,7,15,凱基-中港,2023-08-04,9202
2845,遠東銀,15,0,15,凱基-中港,2023-08-04,9202
1210,大成,16,2,14,凱基-中港,2023-08-04,9202
6114,久威,17,3,14,凱基-中港,2023-08-04,9202
5871,中租-KY,14,0,14,凱基-中港,2023-08-04,9202
1216,統一,903,0,903,凱基-中港,2023-08-07,9202
2630,亞航,155,9,146,凱基-中港,2023-08-07,9202
2409,友達,147,2,145,凱基-中港,2023-08-07,9202
6116,彩晶,102,1,101,凱基-中港,2023-08-07,9202
00895,富邦未來車,100,0,100,凱基-中港,2023-08-07,9202
2890,永豐金,70,0,70,凱基-中港,2023-08-07,9202
00931B,統一美債20年,125,68,57,凱基-中港,2023-08-07,9202
2891,中信金,65,14,51,凱基-中港,2023-08-07,9202
1515,力山,59,10,49,凱基-中港,2023-08-07,9202
00720B,元大投資級公司債,49,0,49,凱基-中港,2023-08-07,9202
00893,國泰智能電動車,53,6,47,凱基-中港,2023-08-07,9202
00642U,期元大S＆P石油,45,0,45,凱基-中港,2023-08-07,9202
1605,華新,56,12,44,凱基-中港,2023-08-07,9202
00632R,元大台灣50反1,77,34,43,凱基-中港,2023-08-07,9202
2317,鴻海,39,5,34,凱基-中港,2023-08-07,9202
00664R,國泰臺灣加權反1,31,0,31,凱基-中港,2023-08-07,9202
5009,榮剛,156,125,31,凱基-中港,2023-08-07,9202
1460,宏遠,30,0,30,凱基-中港,2023-08-07,9202
00633L,富邦上証正2,30,0,30,凱基-中港,2023-08-07,9202
2323,中環,30,0,30,凱基-中港,2023-08-07,9202
2913,農林,58,30,28,凱基-中港,2023-08-07,9202
4979,華星光,24,0,24,凱基-中港,2023-08-07,9202
2104,國際中橡,24,0,24,凱基-中港,2023-08-07,9202
2344,華邦電,31,9,22,凱基-中港,2023-08-07,9202
3706,神達,190,169,21,凱基-中港,2023-08-07,9202
2637,慧洋-KY,21,0,21,凱基-中港,2023-08-07,9202
3481,群創,23,2,21,凱基-中港,2023-08-07,9202
00923,群益台ESG低碳50,20,0,20,凱基-中港,2023-08-07,9202
00772B,中信高評級公司債,20,0,20,凱基-中港,2023-08-07,9202
1712,興農,20,0,20,凱基-中港,2023-08-07,9202
1476,儒鴻,19,0,19,凱基-中港,2023-08-07,9202
5880,合庫金,19,0,19,凱基-中港,2023-08-07,9202
1609,大亞,19,2,17,凱基-中港,2023-08-07,9202
3308,聯德,22,5,17,凱基-中港,2023-08-07,9202
2023,燁輝,20,3,17,凱基-中港,2023-08-07,9202
6026,福邦證,17,0,17,凱基-中港,2023-08-07,9202
2027,大成鋼,20,4,16,凱基-中港,2023-08-07,9202
2723,美食-KY,15,0,15,凱基-中港,2023-08-07,9202
8046,南電,15,0,15,凱基-中港,2023-08-07,9202
3715,定穎投控,15,0,15,凱基-中港,2023-08-07,9202
2367,燿華,14,0,14,凱基-中港,2023-08-07,9202
2383,台光電,15,1,14,凱基-中港,2023-08-07,9202
8027,鈦昇,17,3,14,凱基-中港,2023-08-07,9202
6443,元晶,20,7,13,凱基-中港,2023-08-07,9202
6290,良維,13,1,12,凱基-中港,2023-08-07,9202
2301,光寶科,69,57,12,凱基-中港,2023-08-07,9202
2329,華泰,14,2,12,凱基-中港,2023-08-07,9202
3576,聯合再生,18,6,12,凱基-中港,2023-08-07,9202
2352,佳世達,30,19,11,凱基-中港,2023-08-07,9202
3437,榮創,11,0,11,凱基-中港,2023-08-07,9202
1216,統一,265,0,265,凱基-中港,2023-08-08,9202
2888,新光金,106,0,106,凱基-中港,2023-08-08,9202
2323,中環,102,0,102,凱基-中港,2023-08-08,9202
2801,彰銀,100,0,100,凱基-中港,2023-08-08,9202
00900,富邦特選高股息30,95,0,95,凱基-中港,2023-08-08,9202
2883,凱基金,92,6,86,凱基-中港,2023-08-08,9202
2356,英業達,115,44,71,凱基-中港,2023-08-08,9202
2630,亞航,61,10,51,凱基-中港,2023-08-08,9202
2409,友達,54,4,50,凱基-中港,2023-08-08,9202
2330,台積電,42,0,42,凱基-中港,2023-08-08,9202
5880,合庫金,57,15,42,凱基-中港,2023-08-08,9202
2637,慧洋-KY,48,7,41,凱基-中港,2023-08-08,9202
2027,大成鋼,41,0,41,凱基-中港,2023-08-08,9202
2031,新光鋼,39,1,38,凱基-中港,2023-08-08,9202
2371,大同,57,23,34,凱基-中港,2023-08-08,9202
00931B,統一美債20年,65,33,32,凱基-中港,2023-08-08,9202
3231,緯創,384,352,32,凱基-中港,2023-08-08,9202
00923,群益台ESG低碳50,31,0,31,凱基-中港,2023-08-08,9202
2303,聯電,61,31,30,凱基-中港,2023-08-08,9202
00753L,中信中國50正2,30,0,30,凱基-中港,2023-08-08,9202
2633,台灣高鐵,30,1,29,凱基-中港,2023-08-08,9202
00720B,元大投資級公司債,28,0,28,凱基-中港,2023-08-08,9202
00929,復華台灣科技優息,47,20,27,凱基-中港,2023-08-08,9202
2376,技嘉,43,16,27,凱基-中港,2023-08-08,9202
2382,廣達,73,49,24,凱基-中港,2023-08-08,9202
3583,辛耘,54,30,24,凱基-中港,2023-08-08,9202
2891,中信金,23,0,23,凱基-中港,2023-08-08,9202
1712,興農,20,0,20,凱基-中港,2023-08-08,9202
6188,廣明,50,31,19,凱基-中港,2023-08-08,9202
2913,農林,63,45,18,凱基-中港,2023-08-08,9202
6284,佳邦,15,0,15,凱基-中港,2023-08-08,9202
00752,中信中國50,15,0,15,凱基-中港,2023-08-08,9202
4979,華星光,15,0,15,凱基-中港,2023-08-08,9202
8926,台汽電,16,1,15,凱基-中港,2023-08-08,9202
2539,櫻花建,14,0,14,凱基-中港,2023-08-08,9202
00687B,國泰20年美債,14,0,14,凱基-中港,2023-08-08,9202
1504,東元,20,7,13,凱基-中港,2023-08-08,9202
2610,華航,31,18,13,凱基-中港,2023-08-08,9202
8936,國統,13,0,13,凱基-中港,2023-08-08,9202
2425,承啟,15,2,13,凱基-中港,2023-08-08,9202
6770,力積電,12,0,12,凱基-中港,2023-08-08,9202
6126,信音,18,6,12,凱基-中港,2023-08-08,9202
3715,定穎投控,13,1,12,凱基-中港,2023-08-08,9202
5871,中租-KY,13,1,12,凱基-中港,2023-08-08,9202
1605,華新,15,3,12,凱基-中港,2023-08-08,9202
2002,中鋼,11,0,11,凱基-中港,2023-08-08,9202
2301,光寶科,38,27,11,凱基-中港,2023-08-08,9202
2344,華邦電,21,11,10,凱基-中港,2023-08-08,9202
2454,聯發科,16,6,10,凱基-中港,2023-08-08,9202
2201,裕隆,10,0,10,凱基-中港,2023-08-08,9202
1216,統一,614,0,614,凱基-中港,2023-08-09,9202
3231,緯創,808,693,115,凱基-中港,2023-08-09,9202
00929,復華台灣科技優息,77,0,77,凱基-中港,2023-08-09,9202
00900,富邦特選高股息30,72,1,71,凱基-中港,2023-08-09,9202
2027,大成鋼,73,3,70,凱基-中港,2023-08-09,9202
2618,長榮航,78,16,62,凱基-中港,2023-08-09,9202
00878,國泰永續高股息,105,47,58,凱基-中港,2023-08-09,9202
2465,麗臺,60,4,56,凱基-中港,2023-08-09,9202
2888,新光金,58,5,53,凱基-中港,2023-08-09,9202
2609,陽明,53,4,49,凱基-中港,2023-08-09,9202
00923,群益台ESG低碳50,44,0,44,凱基-中港,2023-08-09,9202
3013,晟銘電,67,26,41,凱基-中港,2023-08-09,9202
1712,興農,40,0,40,凱基-中港,2023-08-09,9202
3131,弘塑,39,1,38,凱基-中港,2023-08-09,9202
2630,亞航,56,20,36,凱基-中港,2023-08-09,9202
1476,儒鴻,35,0,35,凱基-中港,2023-08-09,9202
1605,華新,34,2,32,凱基-中港,2023-08-09,9202
4532,瑞智,31,3,28,凱基-中港,2023-08-09,9202
00907,永豐優息存股,27,0,27,凱基-中港,2023-08-09,9202
2409,友達,42,16,26,凱基-中港,2023-08-09,9202
1802,台玻,44,19,25,凱基-中港,2023-08-09,9202
2002,中鋼,21,0,21,凱基-中港,2023-08-09,9202
2637,慧洋-KY,19,0,19,凱基-中港,2023-08-09,9202
3708,上緯投控,21,2,19,凱基-中港,2023-08-09,9202
2353,宏��,39,20,19,凱基-中港,2023-08-09,9202
00882,中信中國高股息,24,8,16,凱基-中港,2023-08-09,9202
2402,毅嘉,25,9,16,凱基-中港,2023-08-09,9202
2539,櫻花建,16,0,16,凱基-中港,2023-08-09,9202
3583,辛耘,33,18,15,凱基-中港,2023-08-09,9202
4979,華星光,21,6,15,凱基-中港,2023-08-09,9202
9943,好樂迪,15,0,15,凱基-中港,2023-08-09,9202
1504,東元,31,17,14,凱基-中港,2023-08-09,9202
9938,百和,14,0,14,凱基-中港,2023-08-09,9202
3163,波若威,91,77,14,凱基-中港,2023-08-09,9202
2382,廣達,157,143,14,凱基-中港,2023-08-09,9202
5210,寶碩,15,2,13,凱基-中港,2023-08-09,9202
2344,華邦電,12,0,12,凱基-中港,2023-08-09,9202
1316,上曜,38,26,12,凱基-中港,2023-08-09,9202
00919,群益台灣精選高息,11,0,11,凱基-中港,2023-08-09,9202
2449,京元電子,11,0,11,凱基-中港,2023-08-09,9202
00712,復華富時不動產,11,0,11,凱基-中港,2023-08-09,9202
3003,健和興,12,1,11,凱基-中港,2023-08-09,9202
8383,千附,11,0,11,凱基-中港,2023-08-09,9202
1609,大亞,18,7,11,凱基-中港,2023-08-09,9202
6841,長佳智能,11,0,11,凱基-中港,2023-08-09,9202
6147,頎邦,11,0,11,凱基-中港,2023-08-09,9202
0056,元大高股息,15,4,11,凱基-中港,2023-08-09,9202
2834,臺企銀,10,0,10,凱基-中港,2023-08-09,9202
2376,技嘉,41,31,10,凱基-中港,2023-08-09,9202
6161,捷波,10,0,10,凱基-中港,2023-08-09,9202
1216,統一,938,0,938,凱基-中港,2023-08-10,9202
2641,正德,150,0,150,凱基-中港,2023-08-10,9202
00929,復華台灣科技優息,122,0,122,凱基-中港,2023-08-10,9202
2409,友達,165,78,87,凱基-中港,2023-08-10,9202
2312,金寶,91,10,81,凱基-中港,2023-08-10,9202
0056,元大高股息,83,4,79,凱基-中港,2023-08-10,9202
00878,國泰永續高股息,137,59,78,凱基-中港,2023-08-10,9202
4967,十銓,80,2,78,凱基-中港,2023-08-10,9202
00900,富邦特選高股息30,74,1,73,凱基-中港,2023-08-10,9202
4979,華星光,72,0,72,凱基-中港,2023-08-10,9202
3576,聯合再生,58,0,58,凱基-中港,2023-08-10,9202
2365,昆盈,57,0,57,凱基-中港,2023-08-10,9202
2516,新建,50,0,50,凱基-中港,2023-08-10,9202
6282,康舒,81,33,48,凱基-中港,2023-08-10,9202
00923,群益台ESG低碳50,44,3,41,凱基-中港,2023-08-10,9202
1609,大亞,43,2,41,凱基-中港,2023-08-10,9202
8433,弘帆,40,0,40,凱基-中港,2023-08-10,9202
1445,大宇,38,0,38,凱基-中港,2023-08-10,9202
5381,合正,37,0,37,凱基-中港,2023-08-10,9202
2610,華航,67,30,37,凱基-中港,2023-08-10,9202
3673,TPK-KY,38,5,33,凱基-中港,2023-08-10,9202
2323,中環,30,0,30,凱基-中港,2023-08-10,9202
2376,技嘉,24,1,23,凱基-中港,2023-08-10,9202
1907,永豐餘,22,0,22,凱基-中港,2023-08-10,9202
00919,群益台灣精選高息,22,0,22,凱基-中港,2023-08-10,9202
2413,環科,21,0,21,凱基-中港,2023-08-10,9202
3492,長盛,20,0,20,凱基-中港,2023-08-10,9202
1444,力麗,20,0,20,凱基-中港,2023-08-10,9202
00665L,富邦�琤肭磪囓�2,20,0,20,凱基-中港,2023-08-10,9202
4532,瑞智,20,0,20,凱基-中港,2023-08-10,9202
1305,華夏,20,0,20,凱基-中港,2023-08-10,9202
5309,系統電,20,0,20,凱基-中港,2023-08-10,9202
2027,大成鋼,23,3,20,凱基-中港,2023-08-10,9202
2886,兆豐金,25,6,19,凱基-中港,2023-08-10,9202
8358,金居,23,5,18,凱基-中港,2023-08-10,9202
6244,茂迪,19,1,18,凱基-中港,2023-08-10,9202
2324,仁寶,23,6,17,凱基-中港,2023-08-10,9202
6116,彩晶,57,40,17,凱基-中港,2023-08-10,9202
2426,鼎元,17,0,17,凱基-中港,2023-08-10,9202
3078,僑威,25,9,16,凱基-中港,2023-08-10,9202
00706L,期元大S＆P日圓正2,16,0,16,凱基-中港,2023-08-10,9202
00675L,富邦臺灣加權正2,15,0,15,凱基-中港,2023-08-10,9202
00922,國泰台灣領袖50,17,2,15,凱基-中港,2023-08-10,9202
3169,亞信,15,0,15,凱基-中港,2023-08-10,9202
5009,榮剛,61,47,14,凱基-中港,2023-08-10,9202
5604,中連,14,0,14,凱基-中港,2023-08-10,9202
3047,訊舟,14,0,14,凱基-中港,2023-08-10,9202
3163,波若威,50,36,14,凱基-中港,2023-08-10,9202
3338,泰碩,19,5,14,凱基-中港,2023-08-10,9202
3231,緯創,1524,1511,13,凱基-中港,2023-08-10,9202
3024,憶聲,301,0,301,凱基-中港,2023-08-11,9202
00929,復華台灣科技優息,144,1,143,凱基-中港,2023-08-11,9202
00655L,國泰中國A50正2,92,0,92,凱基-中港,2023-08-11,9202
2618,長榮航,170,84,86,凱基-中港,2023-08-11,9202
00923,群益台ESG低碳50,83,0,83,凱基-中港,2023-08-11,9202
2409,友達,155,75,80,凱基-中港,2023-08-11,9202
00637L,元大滬深300正2,69,1,68,凱基-中港,2023-08-11,9202
3481,群創,80,13,67,凱基-中港,2023-08-11,9202
2892,第一金,73,10,63,凱基-中港,2023-08-11,9202
2888,新光金,80,22,58,凱基-中港,2023-08-11,9202
00900,富邦特選高股息30,63,5,58,凱基-中港,2023-08-11,9202
2516,新建,50,0,50,凱基-中港,2023-08-11,9202
00679B,元大美債20年,48,0,48,凱基-中港,2023-08-11,9202
00931B,統一美債20年,46,0,46,凱基-中港,2023-08-11,9202
2363,矽統,65,22,43,凱基-中港,2023-08-11,9202
5309,系統電,40,0,40,凱基-中港,2023-08-11,9202
1712,興農,39,0,39,凱基-中港,2023-08-11,9202
00632R,元大台灣50反1,42,3,39,凱基-中港,2023-08-11,9202
1305,華夏,60,21,39,凱基-中港,2023-08-11,9202
3325,旭品,47,12,35,凱基-中港,2023-08-11,9202
2027,大成鋼,35,0,35,凱基-中港,2023-08-11,9202
2002,中鋼,31,0,31,凱基-中港,2023-08-11,9202
00720B,元大投資級公司債,29,1,28,凱基-中港,2023-08-11,9202
00715L,期街口布蘭特正2,27,0,27,凱基-中港,2023-08-11,9202
00772B,中信高評級公司債,26,0,26,凱基-中港,2023-08-11,9202
00633L,富邦上証正2,32,6,26,凱基-中港,2023-08-11,9202
3551,世禾,26,0,26,凱基-中港,2023-08-11,9202
2344,華邦電,24,0,24,凱基-中港,2023-08-11,9202
1444,力麗,22,1,21,凱基-中港,2023-08-11,9202
00891,中信關鍵半導體,20,0,20,凱基-中港,2023-08-11,9202
00751B,元大AAA至A公司債,20,0,20,凱基-中港,2023-08-11,9202
2330,台積電,20,0,20,凱基-中港,2023-08-11,9202
0056,元大高股息,27,8,19,凱基-中港,2023-08-11,9202
3231,緯創,203,185,18,凱基-中港,2023-08-11,9202
2496,卓越,16,0,16,凱基-中港,2023-08-11,9202
2637,慧洋-KY,16,0,16,凱基-中港,2023-08-11,9202
6438,迅得,15,0,15,凱基-中港,2023-08-11,9202
2317,鴻海,21,7,14,凱基-中港,2023-08-11,9202
1316,上曜,33,20,13,凱基-中港,2023-08-11,9202
6770,力積電,22,9,13,凱基-中港,2023-08-11,9202
2368,金像電,19,6,13,凱基-中港,2023-08-11,9202
2603,長榮,17,5,12,凱基-中港,2023-08-11,9202
4402,郡都開發,12,0,12,凱基-中港,2023-08-11,9202
00688L,國泰20年美債正2,18,6,12,凱基-中港,2023-08-11,9202
2845,遠東銀,11,0,11,凱基-中港,2023-08-11,9202
00706L,期元大S＆P日圓正2,16,5,11,凱基-中港,2023-08-11,9202
00725B,國泰投資級公司債,11,0,11,凱基-中港,2023-08-11,9202
00687B,國泰20年美債,10,0,10,凱基-中港,2023-08-11,9202
8433,弘帆,13,3,10,凱基-中港,2023-08-11,9202
2474,可成,10,0,10,凱基-中港,2023-08-11,9202
00673R,期元大S＆P原油反1,248,1,247,凱基-中港,2023-08-14,9202
1216,統一,240,0,240,凱基-中港,2023-08-14,9202
00679B,元大美債20年,230,0,230,凱基-中港,2023-08-14,9202
00900,富邦特選高股息30,194,3,191,凱基-中港,2023-08-14,9202
00929,復華台灣科技優息,183,8,175,凱基-中港,2023-08-14,9202
1460,宏遠,163,0,163,凱基-中港,2023-08-14,9202
00923,群益台ESG低碳50,124,0,124,凱基-中港,2023-08-14,9202
2344,華邦電,113,2,111,凱基-中港,2023-08-14,9202
2363,矽統,146,43,103,凱基-中港,2023-08-14,9202
1444,力麗,85,0,85,凱基-中港,2023-08-14,9202
5258,虹堡,103,29,74,凱基-中港,2023-08-14,9202
00878,國泰永續高股息,116,53,63,凱基-中港,2023-08-14,9202
2883,凱基金,59,1,58,凱基-中港,2023-08-14,9202
2637,慧洋-KY,60,6,54,凱基-中港,2023-08-14,9202
6282,康舒,92,44,48,凱基-中港,2023-08-14,9202
1605,華新,51,13,38,凱基-中港,2023-08-14,9202
2891,中信金,36,5,31,凱基-中港,2023-08-14,9202
2609,陽明,71,40,31,凱基-中港,2023-08-14,9202
0056,元大高股息,45,16,29,凱基-中港,2023-08-14,9202
0050,元大台灣50,31,4,27,凱基-中港,2023-08-14,9202
4114,健喬,26,0,26,凱基-中港,2023-08-14,9202
00931B,統一美債20年,26,2,24,凱基-中港,2023-08-14,9202
2337,旺宏,24,0,24,凱基-中港,2023-08-14,9202
3715,定穎投控,32,10,22,凱基-中港,2023-08-14,9202
2890,永豐金,48,27,21,凱基-中港,2023-08-14,9202
8433,弘帆,21,0,21,凱基-中港,2023-08-14,9202
2014,中鴻,20,0,20,凱基-中港,2023-08-14,9202
9929,秋雨,20,0,20,凱基-中港,2023-08-14,9202
6126,信音,40,20,20,凱基-中港,2023-08-14,9202
2892,第一金,20,0,20,凱基-中港,2023-08-14,9202
2330,台積電,32,13,19,凱基-中港,2023-08-14,9202
5351,鈺創,20,1,19,凱基-中港,2023-08-14,9202
2002,中鋼,19,0,19,凱基-中港,2023-08-14,9202
00922,國泰台灣領袖50,18,0,18,凱基-中港,2023-08-14,9202
00888,永豐台灣ESG,17,0,17,凱基-中港,2023-08-14,9202
1108,幸福,17,0,17,凱基-中港,2023-08-14,9202
8109,博大,30,13,17,凱基-中港,2023-08-14,9202
2360,致茂,15,0,15,凱基-中港,2023-08-14,9202
1445,大宇,15,0,15,凱基-中港,2023-08-14,9202
3704,合勤控,15,0,15,凱基-中港,2023-08-14,9202
2834,臺企銀,14,0,14,凱基-中港,2023-08-14,9202
00631L,元大台灣50正2,14,0,14,凱基-中港,2023-08-14,9202
6139,亞翔,29,15,14,凱基-中港,2023-08-14,9202
6547,高端疫苗,15,1,14,凱基-中港,2023-08-14,9202
3163,波若威,25,11,14,凱基-中港,2023-08-14,9202
00907,永豐優息存股,14,0,14,凱基-中港,2023-08-14,9202
5871,中租-KY,16,2,14,凱基-中港,2023-08-14,9202
2634,漢翔,14,1,13,凱基-中港,2023-08-14,9202
2884,玉山金,15,2,13,凱基-中港,2023-08-14,9202
2610,華航,67,54,13,凱基-中港,2023-08-14,9202
00637L,元大滬深300正2,227,7,220,凱基-中港,2023-08-15,9202
1216,統一,210,0,210,凱基-中港,2023-08-15,9202
2609,陽明,211,4,207,凱基-中港,2023-08-15,9202
00929,復華台灣科技優息,169,0,169,凱基-中港,2023-08-15,9202
2618,長榮航,178,10,168,凱基-中港,2023-08-15,9202
6116,彩晶,166,0,166,凱基-中港,2023-08-15,9202
2002,中鋼,129,0,129,凱基-中港,2023-08-15,9202
00923,群益台ESG低碳50,116,0,116,凱基-中港,2023-08-15,9202
2317,鴻海,105,8,97,凱基-中港,2023-08-15,9202
00679B,元大美債20年,80,0,80,凱基-中港,2023-08-15,9202
3481,群創,85,6,79,凱基-中港,2023-08-15,9202
00878,國泰永續高股息,137,61,76,凱基-中港,2023-08-15,9202
4967,十銓,76,2,74,凱基-中港,2023-08-15,9202
2504,國產,64,0,64,凱基-中港,2023-08-15,9202
00632R,元大台灣50反1,162,120,42,凱基-中港,2023-08-15,9202
00900,富邦特選高股息30,94,54,40,凱基-中港,2023-08-15,9202
1802,台玻,65,29,36,凱基-中港,2023-08-15,9202
1303,南亞,35,0,35,凱基-中港,2023-08-15,9202
9904,寶成,32,0,32,凱基-中港,2023-08-15,9202
1218,泰山,30,0,30,凱基-中港,2023-08-15,9202
2312,金寶,37,10,27,凱基-中港,2023-08-15,9202
2402,毅嘉,28,2,26,凱基-中港,2023-08-15,9202
1907,永豐餘,25,0,25,凱基-中港,2023-08-15,9202
1605,華新,24,0,24,凱基-中港,2023-08-15,9202
2356,英業達,61,38,23,凱基-中港,2023-08-15,9202
00931B,統一美債20年,25,2,23,凱基-中港,2023-08-15,9202
00885,富邦越南,30,7,23,凱基-中港,2023-08-15,9202
00772B,中信高評級公司債,22,0,22,凱基-中港,2023-08-15,9202
2493,揚博,25,4,21,凱基-中港,2023-08-15,9202
2734,易飛網,21,0,21,凱基-中港,2023-08-15,9202
2371,大同,21,1,20,凱基-中港,2023-08-15,9202
1326,台化,18,0,18,凱基-中港,2023-08-15,9202
2891,中信金,28,10,18,凱基-中港,2023-08-15,9202
5512,力麒,16,0,16,凱基-中港,2023-08-15,9202
00907,永豐優息存股,16,0,16,凱基-中港,2023-08-15,9202
6547,高端疫苗,16,0,16,凱基-中港,2023-08-15,9202
1449,佳和,15,0,15,凱基-中港,2023-08-15,9202
2615,萬海,17,2,15,凱基-中港,2023-08-15,9202
5210,寶碩,15,0,15,凱基-中港,2023-08-15,9202
2368,金像電,24,11,13,凱基-中港,2023-08-15,9202
3257,虹冠電,13,0,13,凱基-中港,2023-08-15,9202
2883B,凱基金乙特,11,0,11,凱基-中港,2023-08-15,9202
8905,裕國,10,0,10,凱基-中港,2023-08-15,9202
4960,誠美材,10,0,10,凱基-中港,2023-08-15,9202
6219,富旺,10,0,10,凱基-中港,2023-08-15,9202
4946,辣椒,10,0,10,凱基-中港,2023-08-15,9202
00665L,富邦�琤肭磪囓�2,10,0,10,凱基-中港,2023-08-15,9202
5604,中連,10,0,10,凱基-中港,2023-08-15,9202
3037,欣興,14,5,9,凱基-中港,2023-08-15,9202
00680L,元大美債20正2,9,0,9,凱基-中港,2023-08-15,9202
1216,統一,924,20,904,凱基-中港,2023-08-16,9202
00637L,元大滬深300正2,805,4,801,凱基-中港,2023-08-16,9202
00671R,富邦NASDAQ反1,465,0,465,凱基-中港,2023-08-16,9202
00929,復華台灣科技優息,257,3,254,凱基-中港,2023-08-16,9202
2609,陽明,303,52,251,凱基-中港,2023-08-16,9202
2303,聯電,150,34,116,凱基-中港,2023-08-16,9202
2883,凱基金,117,11,106,凱基-中港,2023-08-16,9202
00679B,元大美債20年,104,0,104,凱基-中港,2023-08-16,9202
00673R,期元大S＆P原油反1,100,1,99,凱基-中港,2023-08-16,9202
8105,凌巨,88,2,86,凱基-中港,2023-08-16,9202
2360,致茂,80,0,80,凱基-中港,2023-08-16,9202
00900,富邦特選高股息30,86,25,61,凱基-中港,2023-08-16,9202
00923,群益台ESG低碳50,59,0,59,凱基-中港,2023-08-16,9202
2890,永豐金,56,3,53,凱基-中港,2023-08-16,9202
00878,國泰永續高股息,76,28,48,凱基-中港,2023-08-16,9202
2884,玉山金,53,8,45,凱基-中港,2023-08-16,9202
4967,十銓,39,1,38,凱基-中港,2023-08-16,9202
00882,中信中國高股息,37,0,37,凱基-中港,2023-08-16,9202
2610,華航,57,22,35,凱基-中港,2023-08-16,9202
00720B,元大投資級公司債,34,0,34,凱基-中港,2023-08-16,9202
3481,群創,44,14,30,凱基-中港,2023-08-16,9202
00712,復華富時不動產,28,0,28,凱基-中港,2023-08-16,9202
00772B,中信高評級公司債,27,0,27,凱基-中港,2023-08-16,9202
2409,友達,26,0,26,凱基-中港,2023-08-16,9202
2324,仁寶,47,22,25,凱基-中港,2023-08-16,9202
1301,台塑,26,2,24,凱基-中港,2023-08-16,9202
00773B,中信優先金融債,22,0,22,凱基-中港,2023-08-16,9202
5210,寶碩,21,0,21,凱基-中港,2023-08-16,9202
00907,永豐優息存股,19,0,19,凱基-中港,2023-08-16,9202
6482,弘煜科,18,0,18,凱基-中港,2023-08-16,9202
6120,達運,21,4,17,凱基-中港,2023-08-16,9202
1304,台聚,15,0,15,凱基-中港,2023-08-16,9202
2615,萬海,22,8,14,凱基-中港,2023-08-16,9202
6531,愛普*,25,11,14,凱基-中港,2023-08-16,9202
5876,上海商銀,15,2,13,凱基-中港,2023-08-16,9202
2329,華泰,127,114,13,凱基-中港,2023-08-16,9202
1802,台玻,47,34,13,凱基-中港,2023-08-16,9202
2618,長榮航,33,20,13,凱基-中港,2023-08-16,9202
2330,台積電,22,9,13,凱基-中港,2023-08-16,9202
2201,裕隆,13,0,13,凱基-中港,2023-08-16,9202
00881,國泰台灣5G+,14,2,12,凱基-中港,2023-08-16,9202
0050,元大台灣50,25,12,13,凱基-中港,2023-08-16,9202
00795B,中信美國公債20年,12,0,12,凱基-中港,2023-08-16,9202
2308,台達電,12,0,12,凱基-中港,2023-08-16,9202
1303,南亞,14,3,11,凱基-中港,2023-08-16,9202
1101,台泥,13,2,11,凱基-中港,2023-08-16,9202
00751B,元大AAA至A公司債,11,0,11,凱基-中港,2023-08-16,9202
00922,國泰台灣領袖50,11,0,11,凱基-中港,2023-08-16,9202
00753L,中信中國50正2,11,0,11,凱基-中港,2023-08-16,9202
1326,台化,26,16,10,凱基-中港,2023-08-16,9202
1216,統一,4383,0,4383,凱基-中港,2023-08-17,9202
00632R,元大台灣50反1,1912,791,1121,凱基-中港,2023-08-17,9202
00751B,元大AAA至A公司債,334,2,332,凱基-中港,2023-08-17,9202
00772B,中信高評級公司債,120,0,120,凱基-中港,2023-08-17,9202
2515,中工,110,0,110,凱基-中港,2023-08-17,9202
2609,陽明,138,47,91,凱基-中港,2023-08-17,9202
2303,聯電,151,72,79,凱基-中港,2023-08-17,9202
3231,緯創,152,90,62,凱基-中港,2023-08-17,9202
2002,中鋼,72,10,62,凱基-中港,2023-08-17,9202
00725B,國泰投資級公司債,56,0,56,凱基-中港,2023-08-17,9202
00722B,群益投資級電信債,56,0,56,凱基-中港,2023-08-17,9202
00679B,元大美債20年,54,0,54,凱基-中港,2023-08-17,9202
6244,茂迪,46,1,45,凱基-中港,2023-08-17,9202
2409,友達,40,1,39,凱基-中港,2023-08-17,9202
1326,台化,41,3,38,凱基-中港,2023-08-17,9202
00795B,中信美國公債20年,37,0,37,凱基-中港,2023-08-17,9202
00712,復華富時不動產,35,0,35,凱基-中港,2023-08-17,9202
2618,長榮航,43,9,34,凱基-中港,2023-08-17,9202
00645,富邦日本,32,0,32,凱基-中港,2023-08-17,9202
2014,中鴻,51,20,31,凱基-中港,2023-08-17,9202
2323,中環,36,6,30,凱基-中港,2023-08-17,9202
00902,中信電池及儲能,30,0,30,凱基-中港,2023-08-17,9202
00715L,期街口布蘭特正2,30,0,30,凱基-中港,2023-08-17,9202
2610,華航,43,14,29,凱基-中港,2023-08-17,9202
6538,倉和,35,7,28,凱基-中港,2023-08-17,9202
2892,第一金,30,5,25,凱基-中港,2023-08-17,9202
2887,台新金,28,3,25,凱基-中港,2023-08-17,9202
2891,中信金,24,1,23,凱基-中港,2023-08-17,9202
00706L,期元大S＆P日圓正2,23,0,23,凱基-中港,2023-08-17,9202
2312,金寶,36,13,23,凱基-中港,2023-08-17,9202
0050,元大台灣50,22,0,22,凱基-中港,2023-08-17,9202
00931B,統一美債20年,22,0,22,凱基-中港,2023-08-17,9202
00637L,元大滬深300正2,22,0,22,凱基-中港,2023-08-17,9202
5351,鈺創,23,1,22,凱基-中港,2023-08-17,9202
8069,元太,23,1,22,凱基-中港,2023-08-17,9202
2886,兆豐金,21,0,21,凱基-中港,2023-08-17,9202
6578,達邦蛋白,19,0,19,凱基-中港,2023-08-17,9202
4541,晟田,19,0,19,凱基-中港,2023-08-17,9202
2812,台中銀,31,12,19,凱基-中港,2023-08-17,9202
3056,富華新,18,2,16,凱基-中港,2023-08-17,9202
00907,永豐優息存股,21,5,16,凱基-中港,2023-08-17,9202
2850,新產,16,0,16,凱基-中港,2023-08-17,9202
6125,廣運,28,12,16,凱基-中港,2023-08-17,9202
00885,富邦越南,21,5,16,凱基-中港,2023-08-17,9202
00929,復華台灣科技優息,26,11,15,凱基-中港,2023-08-17,9202
2880,華南金,15,0,15,凱基-中港,2023-08-17,9202
6547,高端疫苗,16,1,15,凱基-中港,2023-08-17,9202
5340,建榮,19,4,15,凱基-中港,2023-08-17,9202
2356,英業達,44,30,14,凱基-中港,2023-08-17,9202
6274,台燿,26,12,14,凱基-中港,2023-08-17,9202
1216,統一,731,0,731,凱基-中港,2023-08-18,9202
00929,復華台灣科技優息,219,50,169,凱基-中港,2023-08-18,9202
00878,國泰永續高股息,150,31,119,凱基-中港,2023-08-18,9202
00897,富邦基因免疫生技,100,0,100,凱基-中港,2023-08-18,9202
3231,緯創,1251,1155,96,凱基-中港,2023-08-18,9202
00712,復華富時不動產,97,1,96,凱基-中港,2023-08-18,9202
6167,久正,93,0,93,凱基-中港,2023-08-18,9202
2323,中環,113,31,82,凱基-中港,2023-08-18,9202
00900,富邦特選高股息30,62,0,62,凱基-中港,2023-08-18,9202
3704,合勤控,58,5,53,凱基-中港,2023-08-18,9202
00722B,群益投資級電信債,50,0,50,凱基-中港,2023-08-18,9202
2409,友達,48,0,48,凱基-中港,2023-08-18,9202
3078,僑威,58,10,48,凱基-中港,2023-08-18,9202
2353,宏��,66,22,44,凱基-中港,2023-08-18,9202
8110,華東,40,0,40,凱基-中港,2023-08-18,9202
2633,台灣高鐵,36,0,36,凱基-中港,2023-08-18,9202
2636,台驊控股,37,1,36,凱基-中港,2023-08-18,9202
2324,仁寶,100,66,34,凱基-中港,2023-08-18,9202
00751B,元大AAA至A公司債,32,1,31,凱基-中港,2023-08-18,9202
2610,華航,42,12,30,凱基-中港,2023-08-18,9202
00676R,富邦臺灣加權反1,30,0,30,凱基-中港,2023-08-18,9202
2363,矽統,341,311,30,凱基-中港,2023-08-18,9202
9907,統一實,30,2,28,凱基-中港,2023-08-18,9202
4541,晟田,28,0,28,凱基-中港,2023-08-18,9202
3706,神達,75,48,27,凱基-中港,2023-08-18,9202
2329,華泰,110,83,27,凱基-中港,2023-08-18,9202
2618,長榮航,41,15,26,凱基-中港,2023-08-18,9202
00893,國泰智能電動車,24,0,24,凱基-中港,2023-08-18,9202
2382,廣達,392,371,21,凱基-中港,2023-08-18,9202
3551,世禾,20,0,20,凱基-中港,2023-08-18,9202
00923,群益台ESG低碳50,21,1,20,凱基-中港,2023-08-18,9202
1513,中興電,27,8,19,凱基-中港,2023-08-18,9202
00753L,中信中國50正2,20,2,18,凱基-中港,2023-08-18,9202
2883,凱基金,18,2,16,凱基-中港,2023-08-18,9202
00679B,元大美債20年,17,1,16,凱基-中港,2023-08-18,9202
1519,華城,21,5,16,凱基-中港,2023-08-18,9202
6547,高端疫苗,16,0,16,凱基-中港,2023-08-18,9202
3363,上詮,29,13,16,凱基-中港,2023-08-18,9202
1101,台泥,16,0,16,凱基-中港,2023-08-18,9202
2357,華碩,15,0,15,凱基-中港,2023-08-18,9202
3056,富華新,19,4,15,凱基-中港,2023-08-18,9202
00902,中信電池及儲能,14,0,14,凱基-中港,2023-08-18,9202
2376,技嘉,44,30,14,凱基-中港,2023-08-18,9202
3035,智原,23,9,14,凱基-中港,2023-08-18,9202
3338,泰碩,24,10,14,凱基-中港,2023-08-18,9202
6116,彩晶,31,17,14,凱基-中港,2023-08-18,9202
0056,元大高股息,15,1,14,凱基-中港,2023-08-18,9202
5880,合庫金,14,1,13,凱基-中港,2023-08-18,9202
3013,晟銘電,23,10,13,凱基-中港,2023-08-18,9202
2027,大成鋼,15,2,13,凱基-中港,2023-08-18,9202
1216,統一,316,0,316,凱基-中港,2023-08-21,9202
00632R,元大台灣50反1,272,22,250,凱基-中港,2023-08-21,9202
1316,上曜,145,0,145,凱基-中港,2023-08-21,9202
00885,富邦越南,134,2,132,凱基-中港,2023-08-21,9202
4979,華星光,123,0,123,凱基-中港,2023-08-21,9202
4111,濟生,110,0,110,凱基-中港,2023-08-21,9202
2609,陽明,90,21,69,凱基-中港,2023-08-21,9202
2637,慧洋-KY,77,16,61,凱基-中港,2023-08-21,9202
6015,宏遠證,55,0,55,凱基-中港,2023-08-21,9202
2419,仲琦,52,0,52,凱基-中港,2023-08-21,9202
2883,凱基金,40,0,40,凱基-中港,2023-08-21,9202
2382,廣達,110,72,38,凱基-中港,2023-08-21,9202
2610,華航,40,5,35,凱基-中港,2023-08-21,9202
2211,長榮鋼,33,0,33,凱基-中港,2023-08-21,9202
00882,中信中國高股息,30,4,26,凱基-中港,2023-08-21,9202
9907,統一實,25,0,25,凱基-中港,2023-08-21,9202
00931B,統一美債20年,26,1,25,凱基-中港,2023-08-21,9202
5880,合庫金,22,0,22,凱基-中港,2023-08-21,9202
2324,仁寶,34,13,21,凱基-中港,2023-08-21,9202
5498,凱崴,23,2,21,凱基-中港,2023-08-21,9202
0061,元大寶滬深,20,0,20,凱基-中港,2023-08-21,9202
6770,力積電,23,4,19,凱基-中港,2023-08-21,9202
3042,晶技,19,0,19,凱基-中港,2023-08-21,9202
5608,四維航,55,37,18,凱基-中港,2023-08-21,9202
3056,富華新,18,0,18,凱基-中港,2023-08-21,9202
1301,台塑,17,0,17,凱基-中港,2023-08-21,9202
3706,神達,29,12,17,凱基-中港,2023-08-21,9202
2892,第一金,17,0,17,凱基-中港,2023-08-21,9202
6547,高端疫苗,16,0,16,凱基-中港,2023-08-21,9202
00751B,元大AAA至A公司債,15,0,15,凱基-中港,2023-08-21,9202
6869,雲豹能源,15,0,15,凱基-中港,2023-08-21,9202
2401,凌陽,17,2,15,凱基-中港,2023-08-21,9202
00679B,元大美債20年,15,0,15,凱基-中港,2023-08-21,9202
2897,王道銀行,14,0,14,凱基-中港,2023-08-21,9202
1471,首利,17,4,13,凱基-中港,2023-08-21,9202
6231,系微,20,8,12,凱基-中港,2023-08-21,9202
2313,華通,13,1,12,凱基-中港,2023-08-21,9202
8358,金居,15,3,12,凱基-中港,2023-08-21,9202
6147,頎邦,11,0,11,凱基-中港,2023-08-21,9202
6182,合晶,11,0,11,凱基-中港,2023-08-21,9202
2606,裕民,33,22,11,凱基-中港,2023-08-21,9202
2886,兆豐金,11,0,11,凱基-中港,2023-08-21,9202
2344,華邦電,11,0,11,凱基-中港,2023-08-21,9202
2867,三商壽,11,0,11,凱基-中港,2023-08-21,9202
00696B,富邦美債20年,11,0,11,凱基-中港,2023-08-21,9202
6282,康舒,29,19,10,凱基-中港,2023-08-21,9202
00753L,中信中國50正2,20,10,10,凱基-中港,2023-08-21,9202
3035,智原,14,4,10,凱基-中港,2023-08-21,9202
4953,緯軟,11,1,10,凱基-中港,2023-08-21,9202
00764B,群益25年美債,10,0,10,凱基-中港,2023-08-21,9202
00671R,富邦NASDAQ反1,1169,0,1169,凱基-中港,2023-08-22,9202
2888,新光金,451,0,451,凱基-中港,2023-08-22,9202
00673R,期元大S＆P原油反1,211,1,210,凱基-中港,2023-08-22,9202
5488,松普,99,1,98,凱基-中港,2023-08-22,9202
00885,富邦越南,83,2,81,凱基-中港,2023-08-22,9202
1301,台塑,67,0,67,凱基-中港,2023-08-22,9202
6117,迎廣,63,0,63,凱基-中港,2023-08-22,9202
6015,宏遠證,56,0,56,凱基-中港,2023-08-22,9202
2312,金寶,40,1,39,凱基-中港,2023-08-22,9202
6547,高端疫苗,37,0,37,凱基-中港,2023-08-22,9202
00795B,中信美國公債20年,36,0,36,凱基-中港,2023-08-22,9202
2882,國泰金,41,6,35,凱基-中港,2023-08-22,9202
2363,矽統,116,81,35,凱基-中港,2023-08-22,9202
00679B,元大美債20年,37,3,34,凱基-中港,2023-08-22,9202
2324,仁寶,58,24,34,凱基-中港,2023-08-22,9202
2886,兆豐金,30,0,30,凱基-中港,2023-08-22,9202
4934,太極,30,0,30,凱基-中港,2023-08-22,9202
2883,凱基金,27,0,27,凱基-中港,2023-08-22,9202
3024,憶聲,27,0,27,凱基-中港,2023-08-22,9202
6418,詠昇,27,0,27,凱基-中港,2023-08-22,9202
3163,波若威,56,30,26,凱基-中港,2023-08-22,9202
2402,毅嘉,28,2,26,凱基-中港,2023-08-22,9202
2637,慧洋-KY,77,51,26,凱基-中港,2023-08-22,9202
6223,旺矽,25,1,24,凱基-中港,2023-08-22,9202
00720B,元大投資級公司債,22,0,22,凱基-中港,2023-08-22,9202
2344,華邦電,45,23,22,凱基-中港,2023-08-22,9202
00687B,國泰20年美債,22,0,22,凱基-中港,2023-08-22,9202
6244,茂迪,20,0,20,凱基-中港,2023-08-22,9202
2401,凌陽,22,2,20,凱基-中港,2023-08-22,9202
6869,雲豹能源,15,0,15,凱基-中港,2023-08-22,9202
2356,英業達,57,42,15,凱基-中港,2023-08-22,9202
3338,泰碩,30,15,15,凱基-中港,2023-08-22,9202
2891,中信金,14,0,14,凱基-中港,2023-08-22,9202
00655L,國泰中國A50正2,14,0,14,凱基-中港,2023-08-22,9202
3131,弘塑,14,0,14,凱基-中港,2023-08-22,9202
3706,神達,26,12,14,凱基-中港,2023-08-22,9202
00929,復華台灣科技優息,13,0,13,凱基-中港,2023-08-22,9202
2329,華泰,25,12,13,凱基-中港,2023-08-22,9202
3576,聯合再生,13,0,13,凱基-中港,2023-08-22,9202
2211,長榮鋼,13,1,12,凱基-中港,2023-08-22,9202
1907,永豐餘,11,0,11,凱基-中港,2023-08-22,9202
3051,力特,23,12,11,凱基-中港,2023-08-22,9202
00902,中信電池及儲能,11,0,11,凱基-中港,2023-08-22,9202
3105,穩懋,10,0,10,凱基-中港,2023-08-22,9202
1504,東元,12,2,10,凱基-中港,2023-08-22,9202
3673,TPK-KY,10,0,10,凱基-中港,2023-08-22,9202
6217,中探針,10,0,10,凱基-中港,2023-08-22,9202
2201,裕隆,10,0,10,凱基-中港,2023-08-22,9202
6170,統振,11,1,10,凱基-中港,2023-08-22,9202
4906,正文,31,21,10,凱基-中港,2023-08-22,9202
1460,宏遠,156,0,156,凱基-中港,2023-08-23,9202
2618,長榮航,195,97,98,凱基-中港,2023-08-23,9202
2883,凱基金,60,0,60,凱基-中港,2023-08-23,9202
2301,光寶科,64,16,48,凱基-中港,2023-08-23,9202
2204,中華,44,0,44,凱基-中港,2023-08-23,9202
2880,華南金,45,2,43,凱基-中港,2023-08-23,9202
5488,松普,42,0,42,凱基-中港,2023-08-23,9202
4906,正文,68,26,42,凱基-中港,2023-08-23,9202
1584,精剛,41,1,40,凱基-中港,2023-08-23,9202
1218,泰山,50,10,40,凱基-中港,2023-08-23,9202
3523,迎輝,33,3,30,凱基-中港,2023-08-23,9202
6282,康舒,68,41,27,凱基-中港,2023-08-23,9202
00795B,中信美國公債20年,24,0,24,凱基-中港,2023-08-23,9202
3715,定穎投控,97,73,24,凱基-中港,2023-08-23,9202
2201,裕隆,22,0,22,凱基-中港,2023-08-23,9202
00902,中信電池及儲能,20,0,20,凱基-中港,2023-08-23,9202
6108,競國,20,0,20,凱基-中港,2023-08-23,9202
2014,中鴻,20,0,20,凱基-中港,2023-08-23,9202
2312,金寶,23,3,20,凱基-中港,2023-08-23,9202
00772B,中信高評級公司債,20,0,20,凱基-中港,2023-08-23,9202
2303,聯電,96,76,20,凱基-中港,2023-08-23,9202
5371,中光電,20,1,19,凱基-中港,2023-08-23,9202
9942,茂順,18,0,18,凱基-中港,2023-08-23,9202
8927,北基,16,0,16,凱基-中港,2023-08-23,9202
3693,營邦,15,0,15,凱基-中港,2023-08-23,9202
2324,仁寶,25,10,15,凱基-中港,2023-08-23,9202
2421,建準,21,7,14,凱基-中港,2023-08-23,9202
2401,凌陽,18,4,14,凱基-中港,2023-08-23,9202
00712,復華富時不動產,17,4,13,凱基-中港,2023-08-23,9202
1536,和大,13,0,13,凱基-中港,2023-08-23,9202
3704,合勤控,14,1,13,凱基-中港,2023-08-23,9202
6139,亞翔,16,3,13,凱基-中港,2023-08-23,9202
2329,華泰,61,48,13,凱基-中港,2023-08-23,9202
6285,啟��,47,35,12,凱基-中港,2023-08-23,9202
00679B,元大美債20年,12,0,12,凱基-中港,2023-08-23,9202
00885,富邦越南,14,2,12,凱基-中港,2023-08-23,9202
3163,波若威,26,16,10,凱基-中港,2023-08-23,9202
8341,日友,10,0,10,凱基-中港,2023-08-23,9202
2474,可成,10,0,10,凱基-中港,2023-08-23,9202
00895,富邦未來車,10,0,10,凱基-中港,2023-08-23,9202
3675,德微,11,1,10,凱基-中港,2023-08-23,9202
2344,華邦電,11,2,9,凱基-中港,2023-08-23,9202
6693,廣閎科,9,0,9,凱基-中港,2023-08-23,9202
6126,信音,9,0,9,凱基-中港,2023-08-23,9202
3021,鴻名,9,0,9,凱基-中港,2023-08-23,9202
2382,廣達,59,50,9,凱基-中港,2023-08-23,9202
2615,萬海,17,9,8,凱基-中港,2023-08-23,9202
1815,富喬,9,1,8,凱基-中港,2023-08-23,9202
1444,力麗,8,0,8,凱基-中港,2023-08-23,9202
2368,金像電,15,7,8,凱基-中港,2023-08-23,9202
00671R,富邦NASDAQ反1,499,0,499,凱基-中港,2023-08-24,9202
00929,復華台灣科技優息,387,28,359,凱基-中港,2023-08-24,9202
3231,緯創,323,160,163,凱基-中港,2023-08-24,9202
2609,陽明,122,4,118,凱基-中港,2023-08-24,9202
2834,臺企銀,113,0,113,凱基-中港,2023-08-24,9202
1402,遠東新,102,15,87,凱基-中港,2023-08-24,9202
1218,泰山,60,0,60,凱基-中港,2023-08-24,9202
00795B,中信美國公債20年,58,6,52,凱基-中港,2023-08-24,9202
00772B,中信高評級公司債,55,3,52,凱基-中港,2023-08-24,9202
3042,晶技,61,11,50,凱基-中港,2023-08-24,9202
1584,精剛,45,0,45,凱基-中港,2023-08-24,9202
1513,中興電,60,21,39,凱基-中港,2023-08-24,9202
2324,仁寶,86,48,38,凱基-中港,2023-08-24,9202
2883,凱基金,47,10,37,凱基-中港,2023-08-24,9202
2637,慧洋-KY,33,1,32,凱基-中港,2023-08-24,9202
2539,櫻花建,37,6,31,凱基-中港,2023-08-24,9202
7402,邑錡,30,0,30,凱基-中港,2023-08-24,9202
00637L,元大滬深300正2,35,7,28,凱基-中港,2023-08-24,9202
3289,宜特,30,2,28,凱基-中港,2023-08-24,9202
3576,聯合再生,25,0,25,凱基-中港,2023-08-24,9202
2401,凌陽,27,3,24,凱基-中港,2023-08-24,9202
8039,台虹,24,1,23,凱基-中港,2023-08-24,9202
2615,萬海,26,4,22,凱基-中港,2023-08-24,9202
2002,中鋼,27,5,22,凱基-中港,2023-08-24,9202
2006,東和鋼鐵,22,0,22,凱基-中港,2023-08-24,9202
00919,群益台灣精選高息,32,10,22,凱基-中港,2023-08-24,9202
2885,元大金,21,1,20,凱基-中港,2023-08-24,9202
1445,大宇,20,0,20,凱基-中港,2023-08-24,9202
2882,國泰金,21,1,20,凱基-中港,2023-08-24,9202
8103,瀚荃,18,0,18,凱基-中港,2023-08-24,9202
00900,富邦特選高股息30,18,2,16,凱基-中港,2023-08-24,9202
1319,東陽,20,4,16,凱基-中港,2023-08-24,9202
2369,菱生,15,0,15,凱基-中港,2023-08-24,9202
1216,統一,15,0,15,凱基-中港,2023-08-24,9202
8927,北基,18,3,15,凱基-中港,2023-08-24,9202
6282,康舒,63,48,15,凱基-中港,2023-08-24,9202
5512,力麒,14,0,14,凱基-中港,2023-08-24,9202
6026,福邦證,15,1,14,凱基-中港,2023-08-24,9202
2312,金寶,14,1,13,凱基-中港,2023-08-24,9202
2449,京元電子,43,30,13,凱基-中港,2023-08-24,9202
2884,玉山金,12,0,12,凱基-中港,2023-08-24,9202
9942,茂順,13,1,12,凱基-中港,2023-08-24,9202
2457,飛宏,14,2,12,凱基-中港,2023-08-24,9202
00931B,統一美債20年,14,2,12,凱基-中港,2023-08-24,9202
1904,正隆,11,0,11,凱基-中港,2023-08-24,9202
00706L,期元大S＆P日圓正2,11,0,11,凱基-中港,2023-08-24,9202
6578,達邦蛋白,11,0,11,凱基-中港,2023-08-24,9202
6841,長佳智能,11,0,11,凱基-中港,2023-08-24,9202
2105,正新,12,1,11,凱基-中港,2023-08-24,9202
4142,國光生,11,0,11,凱基-中港,2023-08-24,9202
00632R,元大台灣50反1,1708,230,1478,凱基-中港,2023-08-25,9202
1216,統一,803,0,803,凱基-中港,2023-08-25,9202
3231,緯創,318,78,240,凱基-中港,2023-08-25,9202
00915,凱基優選高股息30,206,0,206,凱基-中港,2023-08-25,9202
00878,國泰永續高股息,126,4,122,凱基-中港,2023-08-25,9202
4906,正文,186,89,97,凱基-中港,2023-08-25,9202
2382,廣達,132,41,91,凱基-中港,2023-08-25,9202
00923,群益台ESG低碳50,88,0,88,凱基-中港,2023-08-25,9202
2303,聯電,85,3,82,凱基-中港,2023-08-25,9202
6548,長科*,54,0,54,凱基-中港,2023-08-25,9202
2634,漢翔,59,8,51,凱基-中港,2023-08-25,9202
1513,中興電,55,7,48,凱基-中港,2023-08-25,9202
00919,群益台灣精選高息,42,0,42,凱基-中港,2023-08-25,9202
2887,台新金,40,1,39,凱基-中港,2023-08-25,9202
2409,友達,42,5,37,凱基-中港,2023-08-25,9202
2618,長榮航,59,22,37,凱基-中港,2023-08-25,9202
00929,復華台灣科技優息,36,2,34,凱基-中港,2023-08-25,9202
2330,台積電,31,0,31,凱基-中港,2023-08-25,9202
00900,富邦特選高股息30,30,0,30,凱基-中港,2023-08-25,9202
2357,華碩,36,10,26,凱基-中港,2023-08-25,9202
2883,凱基金,38,12,26,凱基-中港,2023-08-25,9202
00893,國泰智能電動車,26,1,25,凱基-中港,2023-08-25,9202
2353,宏��,35,11,24,凱基-中港,2023-08-25,9202
1802,台玻,31,7,24,凱基-中港,2023-08-25,9202
0056,元大高股息,23,1,22,凱基-中港,2023-08-25,9202
5880,合庫金,21,0,21,凱基-中港,2023-08-25,9202
2891,中信金,21,0,21,凱基-中港,2023-08-25,9202
6167,久正,25,4,21,凱基-中港,2023-08-25,9202
00715L,期街口布蘭特正2,21,0,21,凱基-中港,2023-08-25,9202
3037,欣興,25,5,20,凱基-中港,2023-08-25,9202
6188,廣明,24,4,20,凱基-中港,2023-08-25,9202
00753L,中信中國50正2,20,0,20,凱基-中港,2023-08-25,9202
00902,中信電池及儲能,20,0,20,凱基-中港,2023-08-25,9202
4541,晟田,24,4,20,凱基-中港,2023-08-25,9202
2002,中鋼,19,0,19,凱基-中港,2023-08-25,9202
2356,英業達,57,40,17,凱基-中港,2023-08-25,9202
9942,茂順,17,0,17,凱基-中港,2023-08-25,9202
00931B,統一美債20年,21,5,16,凱基-中港,2023-08-25,9202
6142,友勁,13,0,13,凱基-中港,2023-08-25,9202
1701,中化,13,0,13,凱基-中港,2023-08-25,9202
3015,全漢,12,0,12,凱基-中港,2023-08-25,9202
3338,泰碩,12,0,12,凱基-中港,2023-08-25,9202
2317,鴻海,15,4,11,凱基-中港,2023-08-25,9202
2106,建大,11,0,11,凱基-中港,2023-08-25,9202
2301,光寶科,21,11,10,凱基-中港,2023-08-25,9202
3017,奇鋐,14,4,10,凱基-中港,2023-08-25,9202
3234,光環,10,0,10,凱基-中港,2023-08-25,9202
2023,燁輝,10,0,10,凱基-中港,2023-08-25,9202
2867,三商壽,10,0,10,凱基-中港,2023-08-25,9202
00633L,富邦上証正2,60,50,10,凱基-中港,2023-08-25,9202
00902,中信電池及儲能,150,0,150,凱基-中港,2023-08-28,9202
00929,復華台灣科技優息,147,11,136,凱基-中港,2023-08-28,9202
6757,台灣虎航,105,0,105,凱基-中港,2023-08-28,9202
00632R,元大台灣50反1,101,0,101,凱基-中港,2023-08-28,9202
4906,正文,159,85,74,凱基-中港,2023-08-28,9202
1445,大宇,51,0,51,凱基-中港,2023-08-28,9202
00878,國泰永續高股息,56,8,48,凱基-中港,2023-08-28,9202
3704,合勤控,51,3,48,凱基-中港,2023-08-28,9202
00633L,富邦上証正2,40,1,39,凱基-中港,2023-08-28,9202
2353,宏��,56,18,38,凱基-中港,2023-08-28,9202
1216,統一,37,1,36,凱基-中港,2023-08-28,9202
2388,威盛,47,14,33,凱基-中港,2023-08-28,9202
00930,永豐ESG低碳高息,30,0,30,凱基-中港,2023-08-28,9202
2618,長榮航,74,46,28,凱基-中港,2023-08-28,9202
2485,兆赫,35,12,23,凱基-中港,2023-08-28,9202
2312,金寶,23,1,22,凱基-中港,2023-08-28,9202
6188,廣明,24,4,20,凱基-中港,2023-08-28,9202
2363,矽統,154,135,19,凱基-中港,2023-08-28,9202
2382,廣達,57,37,20,凱基-中港,2023-08-28,9202
2359,所羅門,24,6,18,凱基-中港,2023-08-28,9202
2344,華邦電,17,1,16,凱基-中港,2023-08-28,9202
1477,聚陽,15,0,15,凱基-中港,2023-08-28,9202
6120,達運,14,0,14,凱基-中港,2023-08-28,9202
2449,京元電子,40,27,13,凱基-中港,2023-08-28,9202
2609,陽明,26,14,12,凱基-中港,2023-08-28,9202
6223,旺矽,12,0,12,凱基-中港,2023-08-28,9202
6015,宏遠證,12,0,12,凱基-中港,2023-08-28,9202
3260,威剛,12,0,12,凱基-中港,2023-08-28,9202
6517,保勝光學,15,3,12,凱基-中港,2023-08-28,9202
3047,訊舟,11,0,11,凱基-中港,2023-08-28,9202
2610,華航,16,6,10,凱基-中港,2023-08-28,9202
2106,建大,10,0,10,凱基-中港,2023-08-28,9202
3528,安馳,10,0,10,凱基-中港,2023-08-28,9202
2539,櫻花建,10,0,10,凱基-中港,2023-08-28,9202
3062,建漢,15,5,10,凱基-中港,2023-08-28,9202
2027,大成鋼,10,0,10,凱基-中港,2023-08-28,9202
4720,德淵,10,0,10,凱基-中港,2023-08-28,9202
4432,銘旺實,10,0,10,凱基-中港,2023-08-28,9202
00634R,富邦上証反1,10,0,10,凱基-中港,2023-08-28,9202
3046,建��,10,0,10,凱基-中港,2023-08-28,9202
00895,富邦未來車,10,0,10,凱基-中港,2023-08-28,9202
1342,八貫,10,0,10,凱基-中港,2023-08-28,9202
1471,首利,27,18,9,凱基-中港,2023-08-28,9202
3715,定穎投控,84,75,9,凱基-中港,2023-08-28,9202
3308,聯德,20,11,9,凱基-中港,2023-08-28,9202
00772B,中信高評級公司債,10,1,9,凱基-中港,2023-08-28,9202
00893,國泰智能電動車,10,1,9,凱基-中港,2023-08-28,9202
5210,寶碩,9,0,9,凱基-中港,2023-08-28,9202
5243,乙盛-KY,9,0,9,凱基-中港,2023-08-28,9202
2323,中環,9,0,9,凱基-中港,2023-08-28,9202
00671R,富邦NASDAQ反1,1498,0,1498,凱基-中港,2023-08-29,9202
1216,統一,1149,0,1149,凱基-中港,2023-08-29,9202
1434,福懋,100,0,100,凱基-中港,2023-08-29,9202
0056,元大高股息,71,3,68,凱基-中港,2023-08-29,9202
2317,鴻海,98,36,62,凱基-中港,2023-08-29,9202
00902,中信電池及儲能,60,0,60,凱基-中港,2023-08-29,9202
2409,友達,50,0,50,凱基-中港,2023-08-29,9202
3094,聯傑,52,7,45,凱基-中港,2023-08-29,9202
4967,十銓,44,0,44,凱基-中港,2023-08-29,9202
00751B,元大AAA至A公司債,47,4,43,凱基-中港,2023-08-29,9202
00634R,富邦上証反1,40,0,40,凱基-中港,2023-08-29,9202
2402,毅嘉,48,10,38,凱基-中港,2023-08-29,9202
00885,富邦越南,44,6,38,凱基-中港,2023-08-29,9202
2615,萬海,32,2,30,凱基-中港,2023-08-29,9202
6116,彩晶,30,0,30,凱基-中港,2023-08-29,9202
2634,漢翔,56,27,29,凱基-中港,2023-08-29,9202
1504,東元,32,2,30,凱基-中港,2023-08-29,9202
4541,晟田,30,2,28,凱基-中港,2023-08-29,9202
00637L,元大滬深300正2,50,25,25,凱基-中港,2023-08-29,9202
3231,緯創,56,31,25,凱基-中港,2023-08-29,9202
2324,仁寶,33,12,21,凱基-中港,2023-08-29,9202
1445,大宇,20,0,20,凱基-中港,2023-08-29,9202
2014,中鴻,20,0,20,凱基-中港,2023-08-29,9202
2331,精英,64,47,17,凱基-中港,2023-08-29,9202
2363,矽統,259,242,17,凱基-中港,2023-08-29,9202
2303,聯電,39,23,16,凱基-中港,2023-08-29,9202
1907,永豐餘,17,1,16,凱基-中港,2023-08-29,9202
1712,興農,15,0,15,凱基-中港,2023-08-29,9202
00881,國泰台灣5G+,13,0,13,凱基-中港,2023-08-29,9202
00679B,元大美債20年,14,1,13,凱基-中港,2023-08-29,9202
2022,聚亨,12,0,12,凱基-中港,2023-08-29,9202
3088,艾訊,12,0,12,凱基-中港,2023-08-29,9202
3481,群創,14,2,12,凱基-中港,2023-08-29,9202
2379,瑞昱,11,0,11,凱基-中港,2023-08-29,9202
5227,立凱-KY,11,0,11,凱基-中港,2023-08-29,9202
6443,元晶,21,10,11,凱基-中港,2023-08-29,9202
2820,華票,10,0,10,凱基-中港,2023-08-29,9202
2887,台新金,11,1,10,凱基-中港,2023-08-29,9202
00878,國泰永續高股息,108,98,10,凱基-中港,2023-08-29,9202
4933,友輝,17,7,10,凱基-中港,2023-08-29,9202
8069,元太,15,5,10,凱基-中港,2023-08-29,9202
4938,和碩,13,3,10,凱基-中港,2023-08-29,9202
2006,東和鋼鐵,10,0,10,凱基-中港,2023-08-29,9202
2608,嘉里大榮,10,0,10,凱基-中港,2023-08-29,9202
2371,大同,10,0,10,凱基-中港,2023-08-29,9202
3004,豐達科,10,0,10,凱基-中港,2023-08-29,9202
6830,汎銓,9,0,9,凱基-中港,2023-08-29,9202
1737,臺鹽,13,4,9,凱基-中港,2023-08-29,9202
00633L,富邦上証正2,8,0,8,凱基-中港,2023-08-29,9202
3006,晶豪科,8,0,8,凱基-中港,2023-08-29,9202
1216,統一,3869,0,3869,凱基-中港,2023-08-30,9202
00680L,元大美債20正2,138,1,137,凱基-中港,2023-08-30,9202
00637L,元大滬深300正2,124,0,124,凱基-中港,2023-08-30,9202
2618,長榮航,101,3,98,凱基-中港,2023-08-30,9202
2834,臺企銀,88,0,88,凱基-中港,2023-08-30,9202
00915,凱基優選高股息30,52,0,52,凱基-中港,2023-08-30,9202
00919,群益台灣精選高息,51,0,51,凱基-中港,2023-08-30,9202
00882,中信中國高股息,51,2,49,凱基-中港,2023-08-30,9202
3231,緯創,88,42,46,凱基-中港,2023-08-30,9202
6757,台灣虎航,41,0,41,凱基-中港,2023-08-30,9202
00679B,元大美債20年,40,1,39,凱基-中港,2023-08-30,9202
00885,富邦越南,38,5,33,凱基-中港,2023-08-30,9202
3481,群創,32,0,32,凱基-中港,2023-08-30,9202
3362,先進光,32,0,32,凱基-中港,2023-08-30,9202
00634R,富邦上証反1,30,0,30,凱基-中港,2023-08-30,9202
8222,寶一,34,9,25,凱基-中港,2023-08-30,9202
2355,敬鵬,139,117,22,凱基-中港,2023-08-30,9202
1102,亞泥,20,0,20,凱基-中港,2023-08-30,9202
5009,榮剛,20,2,18,凱基-中港,2023-08-30,9202
6443,元晶,16,0,16,凱基-中港,2023-08-30,9202
8271,宇瞻,16,0,16,凱基-中港,2023-08-30,9202
2349,錸德,15,0,15,凱基-中港,2023-08-30,9202
2017,官田鋼,15,0,15,凱基-中港,2023-08-30,9202
4906,正文,23,8,15,凱基-中港,2023-08-30,9202
2332,友訊,48,33,15,凱基-中港,2023-08-30,9202
1762,中化生,15,1,14,凱基-中港,2023-08-30,9202
6282,康舒,49,36,13,凱基-中港,2023-08-30,9202
3706,神達,16,3,13,凱基-中港,2023-08-30,9202
2881,富邦金,22,9,13,凱基-中港,2023-08-30,9202
5371,中光電,19,6,13,凱基-中港,2023-08-30,9202
3026,禾伸堂,11,0,11,凱基-中港,2023-08-30,9202
1568,倉佑,11,0,11,凱基-中港,2023-08-30,9202
00665L,富邦�琤肭磪囓�2,11,0,11,凱基-中港,2023-08-30,9202
2845,遠東銀,10,0,10,凱基-中港,2023-08-30,9202
1599,宏佳騰,10,0,10,凱基-中港,2023-08-30,9202
00655L,國泰中國A50正2,10,0,10,凱基-中港,2023-08-30,9202
6147,頎邦,10,0,10,凱基-中港,2023-08-30,9202
2409,友達,10,0,10,凱基-中港,2023-08-30,9202
2476,鉅祥,10,0,10,凱基-中港,2023-08-30,9202
2401,凌陽,22,13,9,凱基-中港,2023-08-30,9202
1342,八貫,9,0,9,凱基-中港,2023-08-30,9202
00913,兆豐台灣晶圓製造,9,0,9,凱基-中港,2023-08-30,9202
3260,威剛,12,3,9,凱基-中港,2023-08-30,9202
2002,中鋼,8,0,8,凱基-中港,2023-08-30,9202
6126,信音,13,5,8,凱基-中港,2023-08-30,9202
6231,系微,19,11,8,凱基-中港,2023-08-30,9202
3006,晶豪科,9,1,8,凱基-中港,2023-08-30,9202
1504,東元,10,3,7,凱基-中港,2023-08-30,9202
6217,中探針,7,0,7,凱基-中港,2023-08-30,9202
8927,北基,8,1,7,凱基-中港,2023-08-30,9202
00680L,元大美債20正2,1967,1,1966,凱基-中港,2023-08-31,9202
1216,統一,633,0,633,凱基-中港,2023-08-31,9202
00923,群益台ESG低碳50,237,2,235,凱基-中港,2023-08-31,9202
00915,凱基優選高股息30,201,0,201,凱基-中港,2023-08-31,9202
1802,台玻,195,104,91,凱基-中港,2023-08-31,9202
3362,先進光,84,1,83,凱基-中港,2023-08-31,9202
1218,泰山,65,0,65,凱基-中港,2023-08-31,9202
4967,十銓,65,2,63,凱基-中港,2023-08-31,9202
3703,欣陸,62,0,62,凱基-中港,2023-08-31,9202
2303,聯電,64,10,54,凱基-中港,2023-08-31,9202
5880,合庫金,51,0,51,凱基-中港,2023-08-31,9202
2618,長榮航,61,18,43,凱基-中港,2023-08-31,9202
00637L,元大滬深300正2,43,0,43,凱基-中港,2023-08-31,9202
2881,富邦金,43,1,42,凱基-中港,2023-08-31,9202
1103,嘉泥,41,0,41,凱基-中港,2023-08-31,9202
2633,台灣高鐵,36,0,36,凱基-中港,2023-08-31,9202
1907,永豐餘,35,0,35,凱基-中港,2023-08-31,9202
4906,正文,50,15,35,凱基-中港,2023-08-31,9202
3024,憶聲,35,1,34,凱基-中港,2023-08-31,9202
2890,永豐金,33,0,33,凱基-中港,2023-08-31,9202
6147,頎邦,33,1,32,凱基-中港,2023-08-31,9202
5452,佶優,33,2,31,凱基-中港,2023-08-31,9202
00931B,統一美債20年,50,20,30,凱基-中港,2023-08-31,9202
3481,群創,29,2,27,凱基-中港,2023-08-31,9202
00878,國泰永續高股息,39,12,27,凱基-中港,2023-08-31,9202
00902,中信電池及儲能,22,0,22,凱基-中港,2023-08-31,9202
1605,華新,31,12,19,凱基-中港,2023-08-31,9202
4564,元翎,18,0,18,凱基-中港,2023-08-31,9202
2457,飛宏,32,14,18,凱基-中港,2023-08-31,9202
2368,金像電,21,4,17,凱基-中港,2023-08-31,9202
5009,榮剛,42,25,17,凱基-中港,2023-08-31,9202
2887,台新金,18,2,16,凱基-中港,2023-08-31,9202
8033,雷虎,24,8,16,凱基-中港,2023-08-31,9202
2379,瑞昱,15,0,15,凱基-中港,2023-08-31,9202
3673,TPK-KY,15,0,15,凱基-中港,2023-08-31,9202
2645,長榮航太,24,9,15,凱基-中港,2023-08-31,9202
3257,虹冠電,14,0,14,凱基-中港,2023-08-31,9202
2376,技嘉,26,13,13,凱基-中港,2023-08-31,9202
1471,首利,20,7,13,凱基-中港,2023-08-31,9202
6509,聚和,13,0,13,凱基-中港,2023-08-31,9202
2324,仁寶,14,2,12,凱基-中港,2023-08-31,9202
6770,力積電,15,3,12,凱基-中港,2023-08-31,9202
3260,威剛,39,28,11,凱基-中港,2023-08-31,9202
6005,群益證,10,0,10,凱基-中港,2023-08-31,9202
6414,樺漢,10,0,10,凱基-中港,2023-08-31,9202
4157,太景*-KY,10,0,10,凱基-中港,2023-08-31,9202
00655L,國泰中國A50正2,10,0,10,凱基-中港,2023-08-31,9202
8093,保銳,11,1,10,凱基-中港,2023-08-31,9202
2539,櫻花建,10,0,10,凱基-中港,2023-08-31,9202
4155,訊映,10,0,10,凱基-中港,2023-08-31,9202
00671R,富邦NASDAQ反1,501,0,501,凱基-中港,2023-09-01,9202
00919,群益台灣精選高息,229,20,209,凱基-中港,2023-09-01,9202
00929,復華台灣科技優息,222,15,207,凱基-中港,2023-09-01,9202
1216,統一,101,0,101,凱基-中港,2023-09-01,9202
3231,緯創,120,42,78,凱基-中港,2023-09-01,9202
1605,華新,62,3,59,凱基-中港,2023-09-01,9202
2382,廣達,94,48,46,凱基-中港,2023-09-01,9202
3703,欣陸,42,0,42,凱基-中港,2023-09-01,9202
3078,僑威,58,17,41,凱基-中港,2023-09-01,9202
1103,嘉泥,41,0,41,凱基-中港,2023-09-01,9202
00878,國泰永續高股息,55,16,39,凱基-中港,2023-09-01,9202
8088,品安,40,1,39,凱基-中港,2023-09-01,9202
2337,旺宏,43,8,35,凱基-中港,2023-09-01,9202
2376,技嘉,39,4,35,凱基-中港,2023-09-01,9202
2610,華航,47,16,31,凱基-中港,2023-09-01,9202
2903,遠百,30,0,30,凱基-中港,2023-09-01,9202
8110,華東,29,0,29,凱基-中港,2023-09-01,9202
6147,頎邦,30,2,28,凱基-中港,2023-09-01,9202
2324,仁寶,32,8,24,凱基-中港,2023-09-01,9202
6122,擎邦,28,6,22,凱基-中港,2023-09-01,9202
6274,台燿,40,19,21,凱基-中港,2023-09-01,9202
3034,聯詠,21,0,21,凱基-中港,2023-09-01,9202
9929,秋雨,21,0,21,凱基-中港,2023-09-01,9202
1409,新纖,20,0,20,凱基-中港,2023-09-01,9202
3515,華擎,17,1,16,凱基-中港,2023-09-01,9202
6188,廣明,24,9,15,凱基-中港,2023-09-01,9202
3362,先進光,15,0,15,凱基-中港,2023-09-01,9202
6197,佳必琪,15,1,14,凱基-中港,2023-09-01,9202
2402,毅嘉,157,143,14,凱基-中港,2023-09-01,9202
2888,新光金,23,10,13,凱基-中港,2023-09-01,9202
2301,光寶科,14,2,12,凱基-中港,2023-09-01,9202
2618,長榮航,22,11,11,凱基-中港,2023-09-01,9202
2367,燿華,14,3,11,凱基-中港,2023-09-01,9202
5871,中租-KY,11,0,11,凱基-中港,2023-09-01,9202
8210,勤誠,14,4,10,凱基-中港,2023-09-01,9202
3715,定穎投控,74,64,10,凱基-中港,2023-09-01,9202
4909,新復興,14,4,10,凱基-中港,2023-09-01,9202
1218,泰山,10,0,10,凱基-中港,2023-09-01,9202
4142,國光生,11,1,10,凱基-中港,2023-09-01,9202
1477,聚陽,11,1,10,凱基-中港,2023-09-01,9202
6456,GIS-KY,10,0,10,凱基-中港,2023-09-01,9202
2201,裕隆,40,30,10,凱基-中港,2023-09-01,9202
2356,英業達,32,23,9,凱基-中港,2023-09-01,9202
2107,厚生,9,0,9,凱基-中港,2023-09-01,9202
5222,全訊,11,2,9,凱基-中港,2023-09-01,9202
2485,兆赫,35,26,9,凱基-中港,2023-09-01,9202
6284,佳邦,15,6,9,凱基-中港,2023-09-01,9202
2883B,凱基金乙特,9,0,9,凱基-中港,2023-09-01,9202
8050,廣積,10,1,9,凱基-中港,2023-09-01,9202
3037,欣興,9,1,8,凱基-中港,2023-09-01,9202
2331,精英,213,8,205,凱基-中港,2023-09-04,9202
00632R,元大台灣50反1,120,5,115,凱基-中港,2023-09-04,9202
00679B,元大美債20年,77,0,77,凱基-中港,2023-09-04,9202
8069,元太,58,0,58,凱基-中港,2023-09-04,9202
00633L,富邦上証正2,58,1,57,凱基-中港,2023-09-04,9202
1802,台玻,77,23,54,凱基-中港,2023-09-04,9202
2356,英業達,63,13,50,凱基-中港,2023-09-04,9202
2409,友達,51,3,48,凱基-中港,2023-09-04,9202
9950,萬國通,46,2,44,凱基-中港,2023-09-04,9202
5328,華容,43,1,42,凱基-中港,2023-09-04,9202
3567,逸昌,49,7,42,凱基-中港,2023-09-04,9202
00929,復華台灣科技優息,42,3,39,凱基-中港,2023-09-04,9202
00915,凱基優選高股息30,37,0,37,凱基-中港,2023-09-04,9202
00931B,統一美債20年,33,0,33,凱基-中港,2023-09-04,9202
00720B,元大投資級公司債,33,0,33,凱基-中港,2023-09-04,9202
2888,新光金,38,5,33,凱基-中港,2023-09-04,9202
8210,勤誠,31,6,25,凱基-中港,2023-09-04,9202
3481,群創,28,4,24,凱基-中港,2023-09-04,9202
2610,華航,35,11,24,凱基-中港,2023-09-04,9202
2476,鉅祥,24,0,24,凱基-中港,2023-09-04,9202
5880,合庫金,27,3,24,凱基-中港,2023-09-04,9202
00878,國泰永續高股息,38,16,22,凱基-中港,2023-09-04,9202
6158,禾昌,23,1,22,凱基-中港,2023-09-04,9202
2303,聯電,20,2,18,凱基-中港,2023-09-04,9202
6282,康舒,36,19,17,凱基-中港,2023-09-04,9202
2340,台亞,16,0,16,凱基-中港,2023-09-04,9202
2618,長榮航,18,3,15,凱基-中港,2023-09-04,9202
6116,彩晶,15,0,15,凱基-中港,2023-09-04,9202
1218,泰山,21,6,15,凱基-中港,2023-09-04,9202
2493,揚博,15,0,15,凱基-中港,2023-09-04,9202
00923,群益台ESG低碳50,16,1,15,凱基-中港,2023-09-04,9202
1101,台泥,20,5,15,凱基-中港,2023-09-04,9202
2633,台灣高鐵,14,0,14,凱基-中港,2023-09-04,9202
2324,仁寶,15,2,13,凱基-中港,2023-09-04,9202
00919,群益台灣精選高息,23,10,13,凱基-中港,2023-09-04,9202
4938,和碩,12,0,12,凱基-中港,2023-09-04,9202
3673,TPK-KY,20,8,12,凱基-中港,2023-09-04,9202
4967,十銓,17,5,12,凱基-中港,2023-09-04,9202
8054,安國,12,1,11,凱基-中港,2023-09-04,9202
2337,旺宏,11,0,11,凱基-中港,2023-09-04,9202
2376,技嘉,14,4,10,凱基-中港,2023-09-04,9202
5521,工信,10,0,10,凱基-中港,2023-09-04,9202
2486,一詮,10,0,10,凱基-中港,2023-09-04,9202
4532,瑞智,10,0,10,凱基-中港,2023-09-04,9202
8176,智捷,10,0,10,凱基-中港,2023-09-04,9202
6016,康和證,10,0,10,凱基-中港,2023-09-04,9202
2069,運錩,10,0,10,凱基-中港,2023-09-04,9202
00722B,群益投資級電信債,10,0,10,凱基-中港,2023-09-04,9202
2352,佳世達,10,0,10,凱基-中港,2023-09-04,9202
2492,華新科,16,6,10,凱基-中港,2023-09-04,9202
2610,華航,88,0,88,凱基-中港,2023-09-05,9202
00929,復華台灣科技優息,168,92,76,凱基-中港,2023-09-05,9202
3047,訊舟,61,0,61,凱基-中港,2023-09-05,9202
6158,禾昌,73,16,57,凱基-中港,2023-09-05,9202
00679B,元大美債20年,55,1,54,凱基-中港,2023-09-05,9202
6757,台灣虎航,53,0,53,凱基-中港,2023-09-05,9202
2312,金寶,67,17,50,凱基-中港,2023-09-05,9202
9950,萬國通,43,0,43,凱基-中港,2023-09-05,9202
1802,台玻,41,6,35,凱基-中港,2023-09-05,9202
9930,中聯資源,33,0,33,凱基-中港,2023-09-05,9202
2634,漢翔,91,62,29,凱基-中港,2023-09-05,9202
3231,緯創,40,12,28,凱基-中港,2023-09-05,9202
2618,長榮航,30,5,25,凱基-中港,2023-09-05,9202
00637L,元大滬深300正2,29,5,24,凱基-中港,2023-09-05,9202
1101,台泥,23,0,23,凱基-中港,2023-09-05,9202
2409,友達,25,2,23,凱基-中港,2023-09-05,9202
00753L,中信中國50正2,22,0,22,凱基-中港,2023-09-05,9202
6531,愛普*,29,8,21,凱基-中港,2023-09-05,9202
2884,玉山金,24,4,20,凱基-中港,2023-09-05,9202
00633L,富邦上証正2,20,0,20,凱基-中港,2023-09-05,9202
2633,台灣高鐵,20,0,20,凱基-中港,2023-09-05,9202
00665L,富邦�琤肭磪囓�2,20,0,20,凱基-中港,2023-09-05,9202
4967,十銓,24,5,19,凱基-中港,2023-09-05,9202
5483,中美晶,19,0,19,凱基-中港,2023-09-05,9202
1218,泰山,19,1,18,凱基-中港,2023-09-05,9202
2363,矽統,86,68,18,凱基-中港,2023-09-05,9202
3481,群創,32,15,17,凱基-中港,2023-09-05,9202
2436,偉詮電,37,20,17,凱基-中港,2023-09-05,9202
2376,技嘉,22,7,15,凱基-中港,2023-09-05,9202
6271,同欣電,16,1,15,凱基-中港,2023-09-05,9202
4543,萬在,18,3,15,凱基-中港,2023-09-05,9202
00919,群益台灣精選高息,53,39,14,凱基-中港,2023-09-05,9202
2344,華邦電,18,4,14,凱基-中港,2023-09-05,9202
4906,正文,17,4,13,凱基-中港,2023-09-05,9202
2357,華碩,16,4,12,凱基-中港,2023-09-05,9202
3149,正達,19,7,12,凱基-中港,2023-09-05,9202
5210,寶碩,12,0,12,凱基-中港,2023-09-05,9202
3715,定穎投控,45,33,12,凱基-中港,2023-09-05,9202
5009,榮剛,11,0,11,凱基-中港,2023-09-05,9202
00725B,國泰投資級公司債,11,0,11,凱基-中港,2023-09-05,9202
6147,頎邦,11,1,10,凱基-中港,2023-09-05,9202
00674R,期元大S＆P黃金反1,10,0,10,凱基-中港,2023-09-05,9202
5301,寶得利,10,0,10,凱基-中港,2023-09-05,9202
3272,東碩,10,0,10,凱基-中港,2023-09-05,9202
3228,金麗科,10,0,10,凱基-中港,2023-09-05,9202
3004,豐達科,10,0,10,凱基-中港,2023-09-05,9202
6164,華興,10,0,10,凱基-中港,2023-09-05,9202
2352,佳世達,11,2,9,凱基-中港,2023-09-05,9202
00923,群益台ESG低碳50,11,2,9,凱基-中港,2023-09-05,9202
6235,華孚,13,4,9,凱基-中港,2023-09-05,9202
00671R,富邦NASDAQ反1,1847,0,1847,凱基-中港,2023-09-06,9202
00929,復華台灣科技優息,226,87,139,凱基-中港,2023-09-06,9202
2409,友達,160,50,110,凱基-中港,2023-09-06,9202
3047,訊舟,103,0,103,凱基-中港,2023-09-06,9202
6757,台灣虎航,103,2,101,凱基-中港,2023-09-06,9202
3481,群創,113,14,99,凱基-中港,2023-09-06,9202
1216,統一,91,0,91,凱基-中港,2023-09-06,9202
1101,台泥,74,2,72,凱基-中港,2023-09-06,9202
00915,凱基優選高股息30,81,11,70,凱基-中港,2023-09-06,9202
2615,萬海,80,15,65,凱基-中港,2023-09-06,9202
2883,凱基金,62,0,62,凱基-中港,2023-09-06,9202
1102,亞泥,52,0,52,凱基-中港,2023-09-06,9202
00679B,元大美債20年,49,0,49,凱基-中港,2023-09-06,9202
00919,群益台灣精選高息,48,2,46,凱基-中港,2023-09-06,9202
5880,合庫金,52,7,45,凱基-中港,2023-09-06,9202
2356,英業達,60,16,44,凱基-中港,2023-09-06,9202
2884,玉山金,42,2,40,凱基-中港,2023-09-06,9202
00687B,國泰20年美債,37,0,37,凱基-中港,2023-09-06,9202
6265,方土昶,35,0,35,凱基-中港,2023-09-06,9202
2834,臺企銀,38,6,32,凱基-中港,2023-09-06,9202
2401,凌陽,55,24,31,凱基-中港,2023-09-06,9202
2353,宏��,39,9,30,凱基-中港,2023-09-06,9202
00773B,中信優先金融債,30,0,30,凱基-中港,2023-09-06,9202
2328,廣宇,30,1,29,凱基-中港,2023-09-06,9202
1802,台玻,50,22,28,凱基-中港,2023-09-06,9202
2609,陽明,26,0,26,凱基-中港,2023-09-06,9202
2637,慧洋-KY,25,0,25,凱基-中港,2023-09-06,9202
00772B,中信高評級公司債,43,20,23,凱基-中港,2023-09-06,9202
00637L,元大滬深300正2,23,0,23,凱基-中港,2023-09-06,9202
00795B,中信美國公債20年,23,0,23,凱基-中港,2023-09-06,9202
6125,廣運,23,1,22,凱基-中港,2023-09-06,9202
3013,晟銘電,24,2,22,凱基-中港,2023-09-06,9202
2816,旺旺保,22,1,21,凱基-中港,2023-09-06,9202
00902,中信電池及儲能,20,0,20,凱基-中港,2023-09-06,9202
00665L,富邦�琤肭磪囓�2,20,0,20,凱基-中港,2023-09-06,9202
00931B,統一美債20年,19,0,19,凱基-中港,2023-09-06,9202
2376,技嘉,31,12,19,凱基-中港,2023-09-06,9202
2605,新興,20,3,17,凱基-中港,2023-09-06,9202
5381,合正,39,22,17,凱基-中港,2023-09-06,9202
8068,全達,17,0,17,凱基-中港,2023-09-06,9202
9958,世紀鋼,20,3,17,凱基-中港,2023-09-06,9202
3450,聯鈞,18,2,16,凱基-中港,2023-09-06,9202
2301,光寶科,20,5,15,凱基-中港,2023-09-06,9202
00720B,元大投資級公司債,15,0,15,凱基-中港,2023-09-06,9202
3673,TPK-KY,20,5,15,凱基-中港,2023-09-06,9202
2881,富邦金,18,4,14,凱基-中港,2023-09-06,9202
6147,頎邦,16,3,13,凱基-中港,2023-09-06,9202
00918,大華優利高填息30,13,0,13,凱基-中港,2023-09-06,9202
2101,南港,13,0,13,凱基-中港,2023-09-06,9202
9950,萬國通,13,0,13,凱基-中港,2023-09-06,9202
00671R,富邦NASDAQ反1,973,0,973,凱基-中港,2023-09-07,9202
00932,兆豐永續高息等權,207,0,207,凱基-中港,2023-09-07,9202
2337,旺宏,204,17,187,凱基-中港,2023-09-07,9202
00929,復華台灣科技優息,163,44,119,凱基-中港,2023-09-07,9202
2816,旺旺保,80,0,80,凱基-中港,2023-09-07,9202
3231,緯創,86,12,74,凱基-中港,2023-09-07,9202
00902,中信電池及儲能,68,0,68,凱基-中港,2023-09-07,9202
2486,一詮,82,14,68,凱基-中港,2023-09-07,9202
2409,友達,76,12,64,凱基-中港,2023-09-07,9202
1102,亞泥,50,0,50,凱基-中港,2023-09-07,9202
2884,玉山金,44,0,44,凱基-中港,2023-09-07,9202
00919,群益台灣精選高息,54,17,37,凱基-中港,2023-09-07,9202
00922,國泰台灣領袖50,30,0,30,凱基-中港,2023-09-07,9202
2431,聯昌,29,0,29,凱基-中港,2023-09-07,9202
8112,至上,35,7,28,凱基-中港,2023-09-07,9202
6282,康舒,26,1,25,凱基-中港,2023-09-07,9202
2637,慧洋-KY,24,0,24,凱基-中港,2023-09-07,9202
3481,群創,26,2,24,凱基-中港,2023-09-07,9202
9950,萬國通,23,0,23,凱基-中港,2023-09-07,9202
8110,華東,21,0,21,凱基-中港,2023-09-07,9202
4564,元翎,26,5,21,凱基-中港,2023-09-07,9202
00915,凱基優選高股息30,19,0,19,凱基-中港,2023-09-07,9202
6757,台灣虎航,19,0,19,凱基-中港,2023-09-07,9202
2492,華新科,24,5,19,凱基-中港,2023-09-07,9202
2324,仁寶,23,5,18,凱基-中港,2023-09-07,9202
2330,台積電,23,6,17,凱基-中港,2023-09-07,9202
00673R,期元大S＆P原油反1,17,0,17,凱基-中港,2023-09-07,9202
2615,萬海,17,0,17,凱基-中港,2023-09-07,9202
2303,聯電,18,2,16,凱基-中港,2023-09-07,9202
8034,榮群,79,63,16,凱基-中港,2023-09-07,9202
2605,新興,16,1,15,凱基-中港,2023-09-07,9202
8936,國統,15,0,15,凱基-中港,2023-09-07,9202
6499,益安,15,0,15,凱基-中港,2023-09-07,9202
3228,金麗科,15,0,15,凱基-中港,2023-09-07,9202
5381,合正,58,43,15,凱基-中港,2023-09-07,9202
1528,恩德,15,0,15,凱基-中港,2023-09-07,9202
2356,英業達,21,7,14,凱基-中港,2023-09-07,9202
9938,百和,16,2,14,凱基-中港,2023-09-07,9202
4923,力士,13,0,13,凱基-中港,2023-09-07,9202
00633L,富邦上証正2,13,0,13,凱基-中港,2023-09-07,9202
8033,雷虎,18,5,13,凱基-中港,2023-09-07,9202
3680,家登,13,1,12,凱基-中港,2023-09-07,9202
3004,豐達科,12,0,12,凱基-中港,2023-09-07,9202
4147,中裕,12,0,12,凱基-中港,2023-09-07,9202
00679B,元大美債20年,13,2,11,凱基-中港,2023-09-07,9202
2002,中鋼,14,3,11,凱基-中港,2023-09-07,9202
1402,遠東新,11,0,11,凱基-中港,2023-09-07,9202
6120,達運,16,5,11,凱基-中港,2023-09-07,9202
8222,寶一,11,0,11,凱基-中港,2023-09-07,9202
9904,寶成,14,3,11,凱基-中港,2023-09-07,9202
00679B,元大美債20年,101,5,96,凱基-中港,2023-09-08,9202
2409,友達,90,6,84,凱基-中港,2023-09-08,9202
2358,廷鑫,188,112,76,凱基-中港,2023-09-08,9202
1316,上曜,74,0,74,凱基-中港,2023-09-08,9202
2431,聯昌,70,0,70,凱基-中港,2023-09-08,9202
00929,復華台灣科技優息,75,11,64,凱基-中港,2023-09-08,9202
6757,台灣虎航,63,2,61,凱基-中港,2023-09-08,9202
4147,中裕,61,2,59,凱基-中港,2023-09-08,9202
2630,亞航,96,45,51,凱基-中港,2023-09-08,9202
6282,康舒,64,15,49,凱基-中港,2023-09-08,9202
00919,群益台灣精選高息,68,22,46,凱基-中港,2023-09-08,9202
2618,長榮航,61,29,32,凱基-中港,2023-09-08,9202
6418,詠昇,48,17,31,凱基-中港,2023-09-08,9202
2376,技嘉,38,14,24,凱基-中港,2023-09-08,9202
2027,大成鋼,24,0,24,凱基-中港,2023-09-08,9202
2204,中華,21,0,21,凱基-中港,2023-09-08,9202
6163,華電網,20,0,20,凱基-中港,2023-09-08,9202
2606,裕民,20,0,20,凱基-中港,2023-09-08,9202
2382,廣達,28,8,20,凱基-中港,2023-09-08,9202
2313,華通,24,4,20,凱基-中港,2023-09-08,9202
2605,新興,20,1,19,凱基-中港,2023-09-08,9202
00632R,元大台灣50反1,20,1,19,凱基-中港,2023-09-08,9202
00902,中信電池及儲能,18,0,18,凱基-中港,2023-09-08,9202
2379,瑞昱,18,1,17,凱基-中港,2023-09-08,9202
9904,寶成,18,1,17,凱基-中港,2023-09-08,9202
4906,正文,23,7,16,凱基-中港,2023-09-08,9202
5258,虹堡,26,10,16,凱基-中港,2023-09-08,9202
1598,岱宇,16,0,16,凱基-中港,2023-09-08,9202
9907,統一實,15,0,15,凱基-中港,2023-09-08,9202
2884,玉山金,17,2,15,凱基-中港,2023-09-08,9202
8033,雷虎,21,6,15,凱基-中港,2023-09-08,9202
00932,兆豐永續高息等權,15,0,15,凱基-中港,2023-09-08,9202
2486,一詮,17,3,14,凱基-中港,2023-09-08,9202
2330,台積電,14,1,13,凱基-中港,2023-09-08,9202
6274,台燿,16,3,13,凱基-中港,2023-09-08,9202
5312,寶島科,13,0,13,凱基-中港,2023-09-08,9202
2363,矽統,105,92,13,凱基-中港,2023-09-08,9202
00918,大華優利高填息30,14,2,12,凱基-中港,2023-09-08,9202
6485,點序,25,13,12,凱基-中港,2023-09-08,9202
00687B,國泰20年美債,12,0,12,凱基-中港,2023-09-08,9202
8927,北基,12,0,12,凱基-中港,2023-09-08,9202
3483,力致,26,15,11,凱基-中港,2023-09-08,9202
3034,聯詠,23,12,11,凱基-中港,2023-09-08,9202
5009,榮剛,11,0,11,凱基-中港,2023-09-08,9202
3380,明泰,11,0,11,凱基-中港,2023-09-08,9202
1402,遠東新,10,0,10,凱基-中港,2023-09-08,9202
2317,鴻海,12,2,10,凱基-中港,2023-09-08,9202
1444,力麗,10,0,10,凱基-中港,2023-09-08,9202
6234,高僑,10,0,10,凱基-中港,2023-09-08,9202
6158,禾昌,43,33,10,凱基-中港,2023-09-08,9202
00919,群益台灣精選高息,140,8,132,凱基-中港,2023-09-11,9202
00679B,元大美債20年,114,2,112,凱基-中港,2023-09-11,9202
00878,國泰永續高股息,154,65,89,凱基-中港,2023-09-11,9202
5521,工信,84,0,84,凱基-中港,2023-09-11,9202
2618,長榮航,83,6,77,凱基-中港,2023-09-11,9202
00929,復華台灣科技優息,66,7,59,凱基-中港,2023-09-11,9202
2431,聯昌,58,0,58,凱基-中港,2023-09-11,9202
3481,群創,66,11,55,凱基-中港,2023-09-11,9202
1216,統一,48,0,48,凱基-中港,2023-09-11,9202
0056,元大高股息,51,7,44,凱基-中港,2023-09-11,9202
6757,台灣虎航,43,0,43,凱基-中港,2023-09-11,9202
8222,寶一,82,43,39,凱基-中港,2023-09-11,9202
3576,聯合再生,52,15,37,凱基-中港,2023-09-11,9202
6282,康舒,55,19,36,凱基-中港,2023-09-11,9202
3231,緯創,113,77,36,凱基-中港,2023-09-11,9202
2328,廣宇,37,2,35,凱基-中港,2023-09-11,9202
00922,國泰台灣領袖50,34,0,34,凱基-中港,2023-09-11,9202
2376,技嘉,215,182,33,凱基-中港,2023-09-11,9202
00857B,永豐20年美公債,30,0,30,凱基-中港,2023-09-11,9202
2357,華碩,31,2,29,凱基-中港,2023-09-11,9202
2486,一詮,55,28,27,凱基-中港,2023-09-11,9202
2382,廣達,283,258,25,凱基-中港,2023-09-11,9202
2363,矽統,140,117,23,凱基-中港,2023-09-11,9202
2634,漢翔,32,11,21,凱基-中港,2023-09-11,9202
2368,金像電,26,5,21,凱基-中港,2023-09-11,9202
3673,TPK-KY,20,0,20,凱基-中港,2023-09-11,9202
3706,神達,23,4,19,凱基-中港,2023-09-11,9202
2405,輔信,58,40,18,凱基-中港,2023-09-11,9202
6830,汎銓,21,4,17,凱基-中港,2023-09-11,9202
4542,科嶠,16,0,16,凱基-中港,2023-09-11,9202
00856B,永豐1-3年美公債,15,0,15,凱基-中港,2023-09-11,9202
8358,金居,16,1,15,凱基-中港,2023-09-11,9202
3163,波若威,25,11,14,凱基-中港,2023-09-11,9202
00931B,統一美債20年,14,0,14,凱基-中港,2023-09-11,9202
3014,聯陽,19,5,14,凱基-中港,2023-09-11,9202
2353,宏��,19,5,14,凱基-中港,2023-09-11,9202
3380,明泰,13,0,13,凱基-中港,2023-09-11,9202
3260,威剛,27,14,13,凱基-中港,2023-09-11,9202
00915,凱基優選高股息30,25,13,12,凱基-中港,2023-09-11,9202
2379,瑞昱,14,2,12,凱基-中港,2023-09-11,9202
6116,彩晶,12,0,12,凱基-中港,2023-09-11,9202
6485,點序,14,2,12,凱基-中港,2023-09-11,9202
6482,弘煜科,14,2,12,凱基-中港,2023-09-11,9202
2427,三商電,18,7,11,凱基-中港,2023-09-11,9202
00712,復華富時不動產,11,0,11,凱基-中港,2023-09-11,9202
2401,凌陽,23,12,11,凱基-中港,2023-09-11,9202
1605,華新,11,0,11,凱基-中港,2023-09-11,9202
2610,華航,13,2,11,凱基-中港,2023-09-11,9202
3131,弘塑,11,1,10,凱基-中港,2023-09-11,9202
5227,立凱-KY,10,0,10,凱基-中港,2023-09-11,9202
00687B,國泰20年美債,366,0,366,凱基-中港,2023-09-12,9202
00929,復華台灣科技優息,173,8,165,凱基-中港,2023-09-12,9202
1324,地球,181,82,99,凱基-中港,2023-09-12,9202
00885,富邦越南,77,0,77,凱基-中港,2023-09-12,9202
00679B,元大美債20年,73,0,73,凱基-中港,2023-09-12,9202
6282,康舒,149,83,66,凱基-中港,2023-09-12,9202
00919,群益台灣精選高息,69,22,47,凱基-中港,2023-09-12,9202
1314,中石化,40,1,39,凱基-中港,2023-09-12,9202
2431,聯昌,37,1,36,凱基-中港,2023-09-12,9202
2610,華航,38,2,36,凱基-中港,2023-09-12,9202
1528,恩德,33,0,33,凱基-中港,2023-09-12,9202
6585,鼎基,32,0,32,凱基-中港,2023-09-12,9202
2313,華通,95,63,32,凱基-中港,2023-09-12,9202
00751B,元大AAA至A公司債,31,0,31,凱基-中港,2023-09-12,9202
2201,裕隆,28,0,28,凱基-中港,2023-09-12,9202
2405,輔信,28,1,27,凱基-中港,2023-09-12,9202
3481,群創,25,1,24,凱基-中港,2023-09-12,9202
00903,富邦元宇宙,24,0,24,凱基-中港,2023-09-12,9202
1524,耿鼎,34,13,21,凱基-中港,2023-09-12,9202
00753L,中信中國50正2,20,0,20,凱基-中港,2023-09-12,9202
4510,高鋒,20,0,20,凱基-中港,2023-09-12,9202
2634,漢翔,20,1,19,凱基-中港,2023-09-12,9202
00918,大華優利高填息30,19,0,19,凱基-中港,2023-09-12,9202
4934,太極,19,0,19,凱基-中港,2023-09-12,9202
5469,瀚宇博,23,5,18,凱基-中港,2023-09-12,9202
2618,長榮航,58,41,17,凱基-中港,2023-09-12,9202
2353,宏��,24,7,17,凱基-中港,2023-09-12,9202
2645,長榮航太,17,0,17,凱基-中港,2023-09-12,9202
1609,大亞,17,1,16,凱基-中港,2023-09-12,9202
00923,群益台ESG低碳50,16,0,16,凱基-中港,2023-09-12,9202
1210,大成,16,0,16,凱基-中港,2023-09-12,9202
2363,矽統,141,125,16,凱基-中港,2023-09-12,9202
2404,漢唐,16,1,15,凱基-中港,2023-09-12,9202
00878,國泰永續高股息,42,27,15,凱基-中港,2023-09-12,9202
1598,岱宇,15,0,15,凱基-中港,2023-09-12,9202
3169,亞信,16,1,15,凱基-中港,2023-09-12,9202
6125,廣運,17,3,14,凱基-中港,2023-09-12,9202
6451,訊芯-KY,16,2,14,凱基-中港,2023-09-12,9202
00902,中信電池及儲能,14,0,14,凱基-中港,2023-09-12,9202
00915,凱基優選高股息30,13,0,13,凱基-中港,2023-09-12,9202
2358,廷鑫,23,11,12,凱基-中港,2023-09-12,9202
1584,精剛,11,0,11,凱基-中港,2023-09-12,9202
2457,飛宏,12,1,11,凱基-中港,2023-09-12,9202
3545,敦泰,15,5,10,凱基-中港,2023-09-12,9202
1802,台玻,11,1,10,凱基-中港,2023-09-12,9202
00665L,富邦�琤肭磪囓�2,10,0,10,凱基-中港,2023-09-12,9202
1714,和桐,10,0,10,凱基-中港,2023-09-12,9202
8936,國統,10,0,10,凱基-中港,2023-09-12,9202
1301,台塑,10,0,10,凱基-中港,2023-09-12,9202
2351,順德,10,0,10,凱基-中港,2023-09-12,9202
00929,復華台灣科技優息,245,18,227,凱基-中港,2023-09-13,9202
00919,群益台灣精選高息,120,1,119,凱基-中港,2023-09-13,9202
00751B,元大AAA至A公司債,107,0,107,凱基-中港,2023-09-13,9202
3122,笙泉,63,1,62,凱基-中港,2023-09-13,9202
5009,榮剛,63,2,61,凱基-中港,2023-09-13,9202
00757,統一FANG+,50,0,50,凱基-中港,2023-09-13,9202
00671R,富邦NASDAQ反1,50,0,50,凱基-中港,2023-09-13,9202
1102,亞泥,50,0,50,凱基-中港,2023-09-13,9202
2882,國泰金,40,1,39,凱基-中港,2023-09-13,9202
2352,佳世達,39,0,39,凱基-中港,2023-09-13,9202
5880,合庫金,34,0,34,凱基-中港,2023-09-13,9202
3576,聯合再生,31,0,31,凱基-中港,2023-09-13,9202
1802,台玻,32,2,30,凱基-中港,2023-09-13,9202
2022,聚亨,30,0,30,凱基-中港,2023-09-13,9202
4105,東洋,30,0,30,凱基-中港,2023-09-13,9202
2431,聯昌,30,1,29,凱基-中港,2023-09-13,9202
00650L,復華香港正2,30,1,29,凱基-中港,2023-09-13,9202
00773B,中信優先金融債,27,0,27,凱基-中港,2023-09-13,9202
9938,百和,29,4,25,凱基-中港,2023-09-13,9202
2618,長榮航,40,16,24,凱基-中港,2023-09-13,9202
4111,濟生,23,0,23,凱基-中港,2023-09-13,9202
00918,大華優利高填息30,23,0,23,凱基-中港,2023-09-13,9202
2353,宏��,25,3,22,凱基-中港,2023-09-13,9202
1722,台肥,20,0,20,凱基-中港,2023-09-13,9202
5244,弘凱,20,0,20,凱基-中港,2023-09-13,9202
2915,潤泰全,20,1,19,凱基-中港,2023-09-13,9202
2363,矽統,82,66,16,凱基-中港,2023-09-13,9202
4967,十銓,19,3,16,凱基-中港,2023-09-13,9202
3711,日月光投控,17,1,16,凱基-中港,2023-09-13,9202
3704,合勤控,22,7,15,凱基-中港,2023-09-13,9202
00720B,元大投資級公司債,15,0,15,凱基-中港,2023-09-13,9202
5210,寶碩,15,0,15,凱基-中港,2023-09-13,9202
1528,恩德,15,0,15,凱基-中港,2023-09-13,9202
2615,萬海,30,15,15,凱基-中港,2023-09-13,9202
4564,元翎,15,1,14,凱基-中港,2023-09-13,9202
1101,台泥,18,5,13,凱基-中港,2023-09-13,9202
4126,太醫,13,0,13,凱基-中港,2023-09-13,9202
6732,昇佳電子,13,1,12,凱基-中港,2023-09-13,9202
00903,富邦元宇宙,12,0,12,凱基-中港,2023-09-13,9202
2382,廣達,36,25,11,凱基-中港,2023-09-13,9202
4977,眾達-KY,15,4,11,凱基-中港,2023-09-13,9202
3013,晟銘電,11,0,11,凱基-中港,2023-09-13,9202
3596,智易,11,1,10,凱基-中港,2023-09-13,9202
5243,乙盛-KY,10,0,10,凱基-中港,2023-09-13,9202
00772B,中信高評級公司債,10,0,10,凱基-中港,2023-09-13,9202
1714,和桐,10,0,10,凱基-中港,2023-09-13,9202
5371,中光電,23,13,10,凱基-中港,2023-09-13,9202
6282,康舒,20,10,10,凱基-中港,2023-09-13,9202
5469,瀚宇博,15,6,9,凱基-中港,2023-09-13,9202
3346,麗清,13,4,9,凱基-中港,2023-09-13,9202
00632R,元大台灣50反1,367,0,367,凱基-中港,2023-09-14,9202
00919,群益台灣精選高息,254,17,237,凱基-中港,2023-09-14,9202
00929,復華台灣科技優息,146,21,125,凱基-中港,2023-09-14,9202
1314,中石化,100,0,100,凱基-中港,2023-09-14,9202
2886,兆豐金,110,23,87,凱基-中港,2023-09-14,9202
2457,飛宏,74,1,73,凱基-中港,2023-09-14,9202
00885,富邦越南,73,0,73,凱基-中港,2023-09-14,9202
00878,國泰永續高股息,87,18,69,凱基-中港,2023-09-14,9202
3088,艾訊,50,0,50,凱基-中港,2023-09-14,9202
3706,神達,49,2,47,凱基-中港,2023-09-14,9202
6770,力積電,50,4,46,凱基-中港,2023-09-14,9202
2634,漢翔,46,2,44,凱基-中港,2023-09-14,9202
1522,堤維西,107,65,42,凱基-中港,2023-09-14,9202
3276,宇環,40,0,40,凱基-中港,2023-09-14,9202
00671R,富邦NASDAQ反1,31,0,31,凱基-中港,2023-09-14,9202
2022,聚亨,31,0,31,凱基-中港,2023-09-14,9202
3024,憶聲,30,0,30,凱基-中港,2023-09-14,9202
00673R,期元大S＆P原油反1,30,0,30,凱基-中港,2023-09-14,9202
5521,工信,25,0,25,凱基-中港,2023-09-14,9202
2610,華航,35,11,24,凱基-中港,2023-09-14,9202
2371,大同,26,3,23,凱基-中港,2023-09-14,9202
3260,威剛,34,12,22,凱基-中港,2023-09-14,9202
2204,中華,21,0,21,凱基-中港,2023-09-14,9202
5483,中美晶,25,7,18,凱基-中港,2023-09-14,9202
1471,首利,17,0,17,凱基-中港,2023-09-14,9202
4979,華星光,28,12,16,凱基-中港,2023-09-14,9202
2431,聯昌,16,0,16,凱基-中港,2023-09-14,9202
5512,力麒,15,0,15,凱基-中港,2023-09-14,9202
2504,國產,15,0,15,凱基-中港,2023-09-14,9202
6026,福邦證,15,0,15,凱基-中港,2023-09-14,9202
2409,友達,21,7,14,凱基-中港,2023-09-14,9202
3704,合勤控,23,9,14,凱基-中港,2023-09-14,9202
00679B,元大美債20年,13,0,13,凱基-中港,2023-09-14,9202
00856B,永豐1-3年美公債,13,0,13,凱基-中港,2023-09-14,9202
00932,兆豐永續高息等權,13,0,13,凱基-中港,2023-09-14,9202
00915,凱基優選高股息30,31,20,11,凱基-中港,2023-09-14,9202
3693,營邦,16,5,11,凱基-中港,2023-09-14,9202
2344,華邦電,12,1,11,凱基-中港,2023-09-14,9202
3017,奇鋐,11,0,11,凱基-中港,2023-09-14,9202
3005,神基,17,6,11,凱基-中港,2023-09-14,9202
00719B,元大美債1-3,11,0,11,凱基-中港,2023-09-14,9202
2454,聯發科,12,1,11,凱基-中港,2023-09-14,9202
3231,緯創,39,29,10,凱基-中港,2023-09-14,9202
9928,中視,10,0,10,凱基-中港,2023-09-14,9202
4402,郡都開發,10,0,10,凱基-中港,2023-09-14,9202
1815,富喬,10,0,10,凱基-中港,2023-09-14,9202
9938,百和,10,0,10,凱基-中港,2023-09-14,9202
00859B,群益0-1年美債,10,0,10,凱基-中港,2023-09-14,9202
4510,高鋒,10,0,10,凱基-中港,2023-09-14,9202
2850,新產,10,0,10,凱基-中港,2023-09-14,9202
00929,復華台灣科技優息,455,6,449,凱基-中港,2023-09-15,9202
00687B,國泰20年美債,415,0,415,凱基-中港,2023-09-15,9202
2637,慧洋-KY,143,14,129,凱基-中港,2023-09-15,9202
1314,中石化,100,0,100,凱基-中港,2023-09-15,9202
1216,統一,64,2,62,凱基-中港,2023-09-15,9202
2431,聯昌,60,0,60,凱基-中港,2023-09-15,9202
1303,南亞,50,0,50,凱基-中港,2023-09-15,9202
00919,群益台灣精選高息,73,24,49,凱基-中港,2023-09-15,9202
6116,彩晶,48,2,46,凱基-中港,2023-09-15,9202
00931B,統一美債20年,43,1,42,凱基-中港,2023-09-15,9202
00679B,元大美債20年,41,2,39,凱基-中港,2023-09-15,9202
2634,漢翔,51,12,39,凱基-中港,2023-09-15,9202
00918,大華優利高填息30,41,2,39,凱基-中港,2023-09-15,9202
00857B,永豐20年美公債,34,0,34,凱基-中港,2023-09-15,9202
2884,玉山金,33,0,33,凱基-中港,2023-09-15,9202
2607,榮運,33,0,33,凱基-中港,2023-09-15,9202
3231,緯創,105,73,32,凱基-中港,2023-09-15,9202
2883,凱基金,37,7,30,凱基-中港,2023-09-15,9202
6165,浪凡,30,0,30,凱基-中港,2023-09-15,9202
00715L,期街口布蘭特正2,34,5,29,凱基-中港,2023-09-15,9202
00632R,元大台灣50反1,39,10,29,凱基-中港,2023-09-15,9202
00878,國泰永續高股息,39,10,29,凱基-中港,2023-09-15,9202
3363,上詮,79,52,27,凱基-中港,2023-09-15,9202
00673R,期元大S＆P原油反1,35,10,25,凱基-中港,2023-09-15,9202
2027,大成鋼,29,4,25,凱基-中港,2023-09-15,9202
00753L,中信中國50正2,24,0,24,凱基-中港,2023-09-15,9202
3673,TPK-KY,23,0,23,凱基-中港,2023-09-15,9202
2457,飛宏,23,0,23,凱基-中港,2023-09-15,9202
4564,元翎,23,0,23,凱基-中港,2023-09-15,9202
00915,凱基優選高股息30,38,15,23,凱基-中港,2023-09-15,9202
1802,台玻,33,12,21,凱基-中港,2023-09-15,9202
6532,瑞耘,21,0,21,凱基-中港,2023-09-15,9202
6231,系微,29,9,20,凱基-中港,2023-09-15,9202
1532,勤美,19,0,19,凱基-中港,2023-09-15,9202
6442,光聖,22,4,18,凱基-中港,2023-09-15,9202
2201,裕隆,17,0,17,凱基-中港,2023-09-15,9202
3035,智原,44,28,16,凱基-中港,2023-09-15,9202
2610,華航,19,3,16,凱基-中港,2023-09-15,9202
00637L,元大滬深300正2,16,0,16,凱基-中港,2023-09-15,9202
4111,濟生,15,0,15,凱基-中港,2023-09-15,9202
2427,三商電,19,4,15,凱基-中港,2023-09-15,9202
2486,一詮,82,68,14,凱基-中港,2023-09-15,9202
00712,復華富時不動產,17,3,14,凱基-中港,2023-09-15,9202
6121,新普,13,0,13,凱基-中港,2023-09-15,9202
00885,富邦越南,12,0,12,凱基-中港,2023-09-15,9202
2641,正德,13,1,12,凱基-中港,2023-09-15,9202
2367,燿華,12,0,12,凱基-中港,2023-09-15,9202
2376,技嘉,28,17,11,凱基-中港,2023-09-15,9202
2317,鴻海,12,1,11,凱基-中港,2023-09-15,9202
2357,華碩,10,0,10,凱基-中港,2023-09-15,9202
00929,復華台灣科技優息,336,33,303,凱基-中港,2023-09-18,9202
2633,台灣高鐵,130,1,129,凱基-中港,2023-09-18,9202
00919,群益台灣精選高息,106,6,100,凱基-中港,2023-09-18,9202
00878,國泰永續高股息,90,3,87,凱基-中港,2023-09-18,9202
00679B,元大美債20年,86,3,83,凱基-中港,2023-09-18,9202
00687B,國泰20年美債,69,0,69,凱基-中港,2023-09-18,9202
2363,矽統,145,83,62,凱基-中港,2023-09-18,9202
00922,國泰台灣領袖50,54,0,54,凱基-中港,2023-09-18,9202
4564,元翎,75,22,53,凱基-中港,2023-09-18,9202
2303,聯電,50,6,44,凱基-中港,2023-09-18,9202
00720B,元大投資級公司債,41,0,41,凱基-中港,2023-09-18,9202
2801,彰銀,41,0,41,凱基-中港,2023-09-18,9202
2618,長榮航,39,0,39,凱基-中港,2023-09-18,9202
00885,富邦越南,36,0,36,凱基-中港,2023-09-18,9202
1301,台塑,33,0,33,凱基-中港,2023-09-18,9202
6282,康舒,34,3,31,凱基-中港,2023-09-18,9202
2457,飛宏,31,0,31,凱基-中港,2023-09-18,9202
2886,兆豐金,44,13,31,凱基-中港,2023-09-18,9202
2382,廣達,40,10,30,凱基-中港,2023-09-18,9202
00931B,統一美債20年,29,0,29,凱基-中港,2023-09-18,9202
2838,聯邦銀,28,0,28,凱基-中港,2023-09-18,9202
00751B,元大AAA至A公司債,27,0,27,凱基-中港,2023-09-18,9202
2408,南亞科,31,4,27,凱基-中港,2023-09-18,9202
2330,台積電,30,3,27,凱基-中港,2023-09-18,9202
3481,群創,30,3,27,凱基-中港,2023-09-18,9202
1522,堤維西,49,26,23,凱基-中港,2023-09-18,9202
0056,元大高股息,30,8,22,凱基-中港,2023-09-18,9202
6456,GIS-KY,23,1,22,凱基-中港,2023-09-18,9202
6770,力積電,21,0,21,凱基-中港,2023-09-18,9202
3014,聯陽,17,0,17,凱基-中港,2023-09-18,9202
2368,金像電,22,5,17,凱基-中港,2023-09-18,9202
2027,大成鋼,19,2,17,凱基-中港,2023-09-18,9202
00932,兆豐永續高息等權,16,0,16,凱基-中港,2023-09-18,9202
6443,元晶,16,0,16,凱基-中港,2023-09-18,9202
3037,欣興,18,2,16,凱基-中港,2023-09-18,9202
8271,宇瞻,15,0,15,凱基-中港,2023-09-18,9202
1452,宏益,15,0,15,凱基-中港,2023-09-18,9202
2376,技嘉,38,25,13,凱基-中港,2023-09-18,9202
00772B,中信高評級公司債,13,0,13,凱基-中港,2023-09-18,9202
00712,復華富時不動產,20,7,13,凱基-中港,2023-09-18,9202
1598,岱宇,13,0,13,凱基-中港,2023-09-18,9202
2637,慧洋-KY,15,3,12,凱基-中港,2023-09-18,9202
4147,中裕,12,0,12,凱基-中港,2023-09-18,9202
00888,永豐台灣ESG,11,0,11,凱基-中港,2023-09-18,9202
1477,聚陽,12,1,11,凱基-中港,2023-09-18,9202
3702,大聯大,13,2,11,凱基-中港,2023-09-18,9202
00753L,中信中國50正2,11,0,11,凱基-中港,2023-09-18,9202
5607,遠雄港,11,0,11,凱基-中港,2023-09-18,9202
4979,華星光,19,8,11,凱基-中港,2023-09-18,9202
3264,欣銓,14,3,11,凱基-中港,2023-09-18,9202
6901,鑽石投資,181,25,156,凱基-中港,2023-09-19,9202
00929,復華台灣科技優息,120,21,99,凱基-中港,2023-09-19,9202
6167,久正,65,0,65,凱基-中港,2023-09-19,9202
4564,元翎,44,0,44,凱基-中港,2023-09-19,9202
6282,康舒,62,19,43,凱基-中港,2023-09-19,9202
3088,艾訊,43,0,43,凱基-中港,2023-09-19,9202
00692,富邦公司治理,40,0,40,凱基-中港,2023-09-19,9202
00919,群益台灣精選高息,54,16,38,凱基-中港,2023-09-19,9202
2457,飛宏,37,0,37,凱基-中港,2023-09-19,9202
3231,緯創,115,80,35,凱基-中港,2023-09-19,9202
2330,台積電,35,0,35,凱基-中港,2023-09-19,9202
2409,友達,36,5,31,凱基-中港,2023-09-19,9202
00751B,元大AAA至A公司債,33,2,31,凱基-中港,2023-09-19,9202
5521,工信,30,0,30,凱基-中港,2023-09-19,9202
2634,漢翔,36,6,30,凱基-中港,2023-09-19,9202
8112,至上,46,20,26,凱基-中港,2023-09-19,9202
00679B,元大美債20年,27,3,24,凱基-中港,2023-09-19,9202
00902,中信電池及儲能,22,0,22,凱基-中港,2023-09-19,9202
6244,茂迪,22,0,22,凱基-中港,2023-09-19,9202
3450,聯鈞,34,13,21,凱基-中港,2023-09-19,9202
2601,益航,20,0,20,凱基-中港,2023-09-19,9202
2603,長榮,31,12,19,凱基-中港,2023-09-19,9202
00878,國泰永續高股息,21,3,18,凱基-中港,2023-09-19,9202
1815,富喬,38,20,18,凱基-中港,2023-09-19,9202
2355,敬鵬,31,13,18,凱基-中港,2023-09-19,9202
2891,中信金,19,1,18,凱基-中港,2023-09-19,9202
6271,同欣電,17,0,17,凱基-中港,2023-09-19,9202
3036,文曄,24,8,16,凱基-中港,2023-09-19,9202
6005,群益證,15,0,15,凱基-中港,2023-09-19,9202
3163,波若威,33,18,15,凱基-中港,2023-09-19,9202
2324,仁寶,16,2,14,凱基-中港,2023-09-19,9202
6485,點序,16,3,13,凱基-中港,2023-09-19,9202
6139,亞翔,16,3,13,凱基-中港,2023-09-19,9202
2382,廣達,34,22,12,凱基-中港,2023-09-19,9202
1477,聚陽,13,1,12,凱基-中港,2023-09-19,9202
3289,宜特,12,1,11,凱基-中港,2023-09-19,9202
00633L,富邦上証正2,11,0,11,凱基-中港,2023-09-19,9202
1760,寶齡富錦,11,0,11,凱基-中港,2023-09-19,9202
4142,國光生,11,0,11,凱基-中港,2023-09-19,9202
6438,迅得,11,0,11,凱基-中港,2023-09-19,9202
2481,強茂,11,0,11,凱基-中港,2023-09-19,9202
5381,合正,21,10,11,凱基-中港,2023-09-19,9202
1514,亞力,14,4,10,凱基-中港,2023-09-19,9202
3362,先進光,10,0,10,凱基-中港,2023-09-19,9202
3311,閎暉,10,0,10,凱基-中港,2023-09-19,9202
1599,宏佳騰,10,0,10,凱基-中港,2023-09-19,9202
8936,國統,10,0,10,凱基-中港,2023-09-19,9202
6418,詠昇,10,0,10,凱基-中港,2023-09-19,9202
5701,劍湖山,10,0,10,凱基-中港,2023-09-19,9202
3481,群創,32,23,9,凱基-中港,2023-09-19,9202
00679B,元大美債20年,135,5,130,凱基-中港,2023-09-20,9202
4564,元翎,174,82,92,凱基-中港,2023-09-20,9202
2371,大同,55,0,55,凱基-中港,2023-09-20,9202
4402,郡都開發,47,0,47,凱基-中港,2023-09-20,9202
2457,飛宏,45,1,44,凱基-中港,2023-09-20,9202
4967,十銓,43,1,42,凱基-中港,2023-09-20,9202
3260,威剛,42,4,38,凱基-中港,2023-09-20,9202
00932,兆豐永續高息等權,34,0,34,凱基-中港,2023-09-20,9202
3715,定穎投控,70,37,33,凱基-中港,2023-09-20,9202
00692,富邦公司治理,31,0,31,凱基-中港,2023-09-20,9202
1532,勤美,32,2,30,凱基-中港,2023-09-20,9202
2609,陽明,38,9,29,凱基-中港,2023-09-20,9202
6167,久正,28,1,27,凱基-中港,2023-09-20,9202
5880,合庫金,26,1,25,凱基-中港,2023-09-20,9202
3693,營邦,28,3,25,凱基-中港,2023-09-20,9202
2352,佳世達,25,3,22,凱基-中港,2023-09-20,9202
2637,慧洋-KY,25,3,22,凱基-中港,2023-09-20,9202
00902,中信電池及儲能,21,0,21,凱基-中港,2023-09-20,9202
3231,緯創,57,36,21,凱基-中港,2023-09-20,9202
00919,群益台灣精選高息,50,30,20,凱基-中港,2023-09-20,9202
4541,晟田,20,0,20,凱基-中港,2023-09-20,9202
3047,訊舟,53,33,20,凱基-中港,2023-09-20,9202
5328,華容,27,7,20,凱基-中港,2023-09-20,9202
2449,京元電子,40,21,19,凱基-中港,2023-09-20,9202
1605,華新,25,6,19,凱基-中港,2023-09-20,9202
00929,復華台灣科技優息,292,273,19,凱基-中港,2023-09-20,9202
2409,友達,18,0,18,凱基-中港,2023-09-20,9202
2303,聯電,19,1,18,凱基-中港,2023-09-20,9202
00751B,元大AAA至A公司債,17,0,17,凱基-中港,2023-09-20,9202
2330,台積電,17,0,17,凱基-中港,2023-09-20,9202
3037,欣興,19,2,17,凱基-中港,2023-09-20,9202
2363,矽統,71,55,16,凱基-中港,2023-09-20,9202
3265,台星科,40,24,16,凱基-中港,2023-09-20,9202
2641,正德,23,9,14,凱基-中港,2023-09-20,9202
1316,上曜,16,2,14,凱基-中港,2023-09-20,9202
3163,波若威,16,3,13,凱基-中港,2023-09-20,9202
2344,華邦電,21,8,13,凱基-中港,2023-09-20,9202
2356,英業達,18,5,13,凱基-中港,2023-09-20,9202
0050,元大台灣50,13,0,13,凱基-中港,2023-09-20,9202
3706,神達,24,12,12,凱基-中港,2023-09-20,9202
2405,輔信,21,9,12,凱基-中港,2023-09-20,9202
8068,全達,12,0,12,凱基-中港,2023-09-20,9202
2353,宏��,23,11,12,凱基-中港,2023-09-20,9202
3276,宇環,33,21,12,凱基-中港,2023-09-20,9202
2208,台船,12,0,12,凱基-中港,2023-09-20,9202
9904,寶成,13,2,11,凱基-中港,2023-09-20,9202
2355,敬鵬,19,8,11,凱基-中港,2023-09-20,9202
00922,國泰台灣領袖50,10,0,10,凱基-中港,2023-09-20,9202
5347,世界,10,0,10,凱基-中港,2023-09-20,9202
2883,凱基金,11,1,10,凱基-中港,2023-09-20,9202
00671R,富邦NASDAQ反1,1482,0,1482,凱基-中港,2023-09-21,9202
4564,元翎,380,3,377,凱基-中港,2023-09-21,9202
3260,威剛,99,2,97,凱基-中港,2023-09-21,9202
00929,復華台灣科技優息,173,89,84,凱基-中港,2023-09-21,9202
00679B,元大美債20年,67,1,66,凱基-中港,2023-09-21,9202
0056,元大高股息,83,20,63,凱基-中港,2023-09-21,9202
00919,群益台灣精選高息,86,23,63,凱基-中港,2023-09-21,9202
2882,國泰金,63,1,62,凱基-中港,2023-09-21,9202
2618,長榮航,65,5,60,凱基-中港,2023-09-21,9202
2633,台灣高鐵,58,0,58,凱基-中港,2023-09-21,9202
00712,復華富時不動產,57,0,57,凱基-中港,2023-09-21,9202
00751B,元大AAA至A公司債,54,0,54,凱基-中港,2023-09-21,9202
2881,富邦金,55,2,53,凱基-中港,2023-09-21,9202
1514,亞力,55,5,50,凱基-中港,2023-09-21,9202
2891,中信金,50,2,48,凱基-中港,2023-09-21,9202
2884,玉山金,46,2,44,凱基-中港,2023-09-21,9202
00878,國泰永續高股息,92,49,43,凱基-中港,2023-09-21,9202
2504,國產,35,0,35,凱基-中港,2023-09-21,9202
3042,晶技,36,3,33,凱基-中港,2023-09-21,9202
2022,聚亨,32,0,32,凱基-中港,2023-09-21,9202
00692,富邦公司治理,30,0,30,凱基-中港,2023-09-21,9202
2457,飛宏,31,1,30,凱基-中港,2023-09-21,9202
00922,國泰台灣領袖50,29,0,29,凱基-中港,2023-09-21,9202
2610,華航,39,11,28,凱基-中港,2023-09-21,9202
2332,友訊,31,4,27,凱基-中港,2023-09-21,9202
6005,群益證,27,0,27,凱基-中港,2023-09-21,9202
2330,台積電,26,1,25,凱基-中港,2023-09-21,9202
3714,富采,24,0,24,凱基-中港,2023-09-21,9202
00713,元大台灣高息低波,23,0,23,凱基-中港,2023-09-21,9202
9904,寶成,24,1,23,凱基-中港,2023-09-21,9202
0050,元大台灣50,22,0,22,凱基-中港,2023-09-21,9202
1712,興農,21,0,21,凱基-中港,2023-09-21,9202
4967,十銓,21,0,21,凱基-中港,2023-09-21,9202
3596,智易,23,3,20,凱基-中港,2023-09-21,9202
2867,三商壽,20,0,20,凱基-中港,2023-09-21,9202
8069,元太,21,2,19,凱基-中港,2023-09-21,9202
00932,兆豐永續高息等權,19,0,19,凱基-中港,2023-09-21,9202
2402,毅嘉,29,10,19,凱基-中港,2023-09-21,9202
2002,中鋼,18,0,18,凱基-中港,2023-09-21,9202
2308,台達電,17,0,17,凱基-中港,2023-09-21,9202
1532,勤美,20,3,17,凱基-中港,2023-09-21,9202
3711,日月光投控,17,1,16,凱基-中港,2023-09-21,9202
3673,TPK-KY,15,0,15,凱基-中港,2023-09-21,9202
2069,運錩,15,0,15,凱基-中港,2023-09-21,9202
5880,合庫金,15,0,15,凱基-中港,2023-09-21,9202
1101,台泥,23,9,14,凱基-中港,2023-09-21,9202
00675L,富邦臺灣加權正2,14,0,14,凱基-中港,2023-09-21,9202
2834,臺企銀,14,0,14,凱基-中港,2023-09-21,9202
4111,濟生,14,0,14,凱基-中港,2023-09-21,9202
2201,裕隆,14,1,13,凱基-中港,2023-09-21,9202
00632R,元大台灣50反1,1505,60,1445,凱基-中港,2023-09-22,9202
00679B,元大美債20年,132,5,127,凱基-中港,2023-09-22,9202
00687B,國泰20年美債,113,7,106,凱基-中港,2023-09-22,9202
00712,復華富時不動產,108,6,102,凱基-中港,2023-09-22,9202
2816,旺旺保,105,13,92,凱基-中港,2023-09-22,9202
00929,復華台灣科技優息,110,18,92,凱基-中港,2023-09-22,9202
4564,元翎,213,125,88,凱基-中港,2023-09-22,9202
00885,富邦越南,84,0,84,凱基-中港,2023-09-22,9202
00795B,中信美國公債20年,64,0,64,凱基-中港,2023-09-22,9202
00919,群益台灣精選高息,75,22,53,凱基-中港,2023-09-22,9202
00757,統一FANG+,45,0,45,凱基-中港,2023-09-22,9202
00931B,統一美債20年,42,1,41,凱基-中港,2023-09-22,9202
1101,台泥,40,1,39,凱基-中港,2023-09-22,9202
00751B,元大AAA至A公司債,38,0,38,凱基-中港,2023-09-22,9202
2606,裕民,41,5,36,凱基-中港,2023-09-22,9202
4908,前鼎,47,13,34,凱基-中港,2023-09-22,9202
2883,凱基金,33,0,33,凱基-中港,2023-09-22,9202
00772B,中信高評級公司債,33,0,33,凱基-中港,2023-09-22,9202
2330,台積電,34,1,33,凱基-中港,2023-09-22,9202
2645,長榮航太,31,0,31,凱基-中港,2023-09-22,9202
00673R,期元大S＆P原油反1,30,0,30,凱基-中港,2023-09-22,9202
4967,十銓,30,1,29,凱基-中港,2023-09-22,9202
2303,聯電,29,1,28,凱基-中港,2023-09-22,9202
00720B,元大投資級公司債,26,0,26,凱基-中港,2023-09-22,9202
00878,國泰永續高股息,32,7,25,凱基-中港,2023-09-22,9202
1444,力麗,56,35,21,凱基-中港,2023-09-22,9202
2022,聚亨,19,0,19,凱基-中港,2023-09-22,9202
1216,統一,19,0,19,凱基-中港,2023-09-22,9202
3260,威剛,18,5,13,凱基-中港,2023-09-22,9202
6168,宏齊,15,3,12,凱基-中港,2023-09-22,9202
00764B,群益25年美債,11,0,11,凱基-中港,2023-09-22,9202
2382,廣達,40,29,11,凱基-中港,2023-09-22,9202
00722B,群益投資級電信債,11,0,11,凱基-中港,2023-09-22,9202
6282,康舒,40,29,11,凱基-中港,2023-09-22,9202
3615,安可,11,0,11,凱基-中港,2023-09-22,9202
6901,鑽石投資,13,2,11,凱基-中港,2023-09-22,9202
2313,華通,30,19,11,凱基-中港,2023-09-22,9202
00692,富邦公司治理,10,0,10,凱基-中港,2023-09-22,9202
2417,圓剛,10,0,10,凱基-中港,2023-09-22,9202
1612,宏泰,10,0,10,凱基-中港,2023-09-22,9202
8048,德勝,10,0,10,凱基-中港,2023-09-22,9202
2882,國泰金,10,0,10,凱基-中港,2023-09-22,9202
2069,運錩,10,0,10,凱基-中港,2023-09-22,9202
1714,和桐,10,0,10,凱基-中港,2023-09-22,9202
2316,楠梓電,20,11,9,凱基-中港,2023-09-22,9202
3450,聯鈞,30,22,8,凱基-中港,2023-09-22,9202
2457,飛宏,8,0,8,凱基-中港,2023-09-22,9202
2906,高林,8,0,8,凱基-中港,2023-09-22,9202
2891,中信金,10,2,8,凱基-中港,2023-09-22,9202
3338,泰碩,12,4,8,凱基-中港,2023-09-22,9202
00632R,元大台灣50反1,1612,0,1612,凱基-中港,2023-09-25,9202
00919,群益台灣精選高息,200,6,194,凱基-中港,2023-09-25,9202
4564,元翎,117,19,98,凱基-中港,2023-09-25,9202
00929,復華台灣科技優息,90,13,77,凱基-中港,2023-09-25,9202
2891,中信金,83,22,61,凱基-中港,2023-09-25,9202
5460,同協,59,0,59,凱基-中港,2023-09-25,9202
00664R,國泰臺灣加權反1,40,0,40,凱基-中港,2023-09-25,9202
1101,台泥,36,6,30,凱基-中港,2023-09-25,9202
1524,耿鼎,34,4,30,凱基-中港,2023-09-25,9202
2317,鴻海,28,0,28,凱基-中港,2023-09-25,9202
00753L,中信中國50正2,27,0,27,凱基-中港,2023-09-25,9202
2431,聯昌,25,0,25,凱基-中港,2023-09-25,9202
1316,上曜,22,1,21,凱基-中港,2023-09-25,9202
00679B,元大美債20年,43,22,21,凱基-中港,2023-09-25,9202
2504,國產,20,0,20,凱基-中港,2023-09-25,9202
3450,聯鈞,32,12,20,凱基-中港,2023-09-25,9202
2883,凱基金,25,6,19,凱基-中港,2023-09-25,9202
2409,友達,32,13,19,凱基-中港,2023-09-25,9202
2303,聯電,64,47,17,凱基-中港,2023-09-25,9202
00719B,元大美債1-3,17,0,17,凱基-中港,2023-09-25,9202
4566,時碩工業,21,4,17,凱基-中港,2023-09-25,9202
00680L,元大美債20正2,16,0,16,凱基-中港,2023-09-25,9202
3062,建漢,19,3,16,凱基-中港,2023-09-25,9202
2427,三商電,15,0,15,凱基-中港,2023-09-25,9202
9938,百和,15,1,14,凱基-中港,2023-09-25,9202
3548,兆利,14,0,14,凱基-中港,2023-09-25,9202
3706,神達,23,9,14,凱基-中港,2023-09-25,9202
2637,慧洋-KY,14,1,13,凱基-中港,2023-09-25,9202
1609,大亞,24,11,13,凱基-中港,2023-09-25,9202
3257,虹冠電,12,0,12,凱基-中港,2023-09-25,9202
2886,兆豐金,16,5,11,凱基-中港,2023-09-25,9202
2515,中工,11,0,11,凱基-中港,2023-09-25,9202
6451,訊芯-KY,19,8,11,凱基-中港,2023-09-25,9202
2312,金寶,10,0,10,凱基-中港,2023-09-25,9202
00923,群益台ESG低碳50,10,0,10,凱基-中港,2023-09-25,9202
00752,中信中國50,10,0,10,凱基-中港,2023-09-25,9202
6234,高僑,10,0,10,凱基-中港,2023-09-25,9202
2486,一詮,13,4,9,凱基-中港,2023-09-25,9202
6138,茂達,10,1,9,凱基-中港,2023-09-25,9202
2330,台積電,15,7,8,凱基-中港,2023-09-25,9202
00878,國泰永續高股息,41,33,8,凱基-中港,2023-09-25,9202
2344,華邦電,11,4,7,凱基-中港,2023-09-25,9202
2363,矽統,48,41,7,凱基-中港,2023-09-25,9202
1515,力山,7,0,7,凱基-中港,2023-09-25,9202
00902,中信電池及儲能,6,0,6,凱基-中港,2023-09-25,9202
2204,中華,6,0,6,凱基-中港,2023-09-25,9202
2888,新光金,6,0,6,凱基-中港,2023-09-25,9202
00751B,元大AAA至A公司債,6,0,6,凱基-中港,2023-09-25,9202
3308,聯德,7,1,6,凱基-中港,2023-09-25,9202
2809,京城銀,6,0,6,凱基-中港,2023-09-25,9202
00632R,元大台灣50反1,1304,142,1162,凱基-中港,2023-09-26,9202
2303,聯電,136,1,135,凱基-中港,2023-09-26,9202
00712,復華富時不動產,103,0,103,凱基-中港,2023-09-26,9202
00679B,元大美債20年,78,7,71,凱基-中港,2023-09-26,9202
4564,元翎,58,0,58,凱基-中港,2023-09-26,9202
00878,國泰永續高股息,51,0,51,凱基-中港,2023-09-26,9202
6732,昇佳電子,52,3,49,凱基-中港,2023-09-26,9202
00772B,中信高評級公司債,48,0,48,凱基-中港,2023-09-26,9202
1522,堤維西,65,19,46,凱基-中港,2023-09-26,9202
2634,漢翔,42,0,42,凱基-中港,2023-09-26,9202
00919,群益台灣精選高息,59,19,40,凱基-中港,2023-09-26,9202
2633,台灣高鐵,36,0,36,凱基-中港,2023-09-26,9202
5880,合庫金,38,4,34,凱基-中港,2023-09-26,9202
2515,中工,35,1,34,凱基-中港,2023-09-26,9202
3024,憶聲,32,0,32,凱基-中港,2023-09-26,9202
1101,台泥,34,2,32,凱基-中港,2023-09-26,9202
00687B,國泰20年美債,34,3,31,凱基-中港,2023-09-26,9202
2892,第一金,33,2,31,凱基-中港,2023-09-26,9202
2317,鴻海,30,0,30,凱基-中港,2023-09-26,9202
00664R,國泰臺灣加權反1,30,0,30,凱基-中港,2023-09-26,9202
1532,勤美,33,3,30,凱基-中港,2023-09-26,9202
00676R,富邦臺灣加權反1,30,0,30,凱基-中港,2023-09-26,9202
00885,富邦越南,30,0,30,凱基-中港,2023-09-26,9202
00795B,中信美國公債20年,29,0,29,凱基-中港,2023-09-26,9202
3481,群創,28,0,28,凱基-中港,2023-09-26,9202
2891,中信金,26,0,26,凱基-中港,2023-09-26,9202
00751B,元大AAA至A公司債,25,0,25,凱基-中港,2023-09-26,9202
6186,新潤,25,0,25,凱基-中港,2023-09-26,9202
1449,佳和,25,0,25,凱基-中港,2023-09-26,9202
2888,新光金,27,2,25,凱基-中港,2023-09-26,9202
6684,安格,24,0,24,凱基-中港,2023-09-26,9202
00931B,統一美債20年,21,0,21,凱基-中港,2023-09-26,9202
3257,虹冠電,21,0,21,凱基-中港,2023-09-26,9202
00932,兆豐永續高息等權,22,2,20,凱基-中港,2023-09-26,9202
3711,日月光投控,19,0,19,凱基-中港,2023-09-26,9202
2405,輔信,27,8,19,凱基-中港,2023-09-26,9202
2330,台積電,22,5,17,凱基-中港,2023-09-26,9202
2382,廣達,25,8,17,凱基-中港,2023-09-26,9202
2206,三陽工業,22,5,17,凱基-中港,2023-09-26,9202
2887,台新金,18,1,17,凱基-中港,2023-09-26,9202
3673,TPK-KY,16,0,16,凱基-中港,2023-09-26,9202
00930,永豐ESG低碳高息,16,0,16,凱基-中港,2023-09-26,9202
00922,國泰台灣領袖50,16,0,16,凱基-中港,2023-09-26,9202
1503,士電,16,0,16,凱基-中港,2023-09-26,9202
2017,官田鋼,16,0,16,凱基-中港,2023-09-26,9202
8054,安國,15,0,15,凱基-中港,2023-09-26,9202
00753L,中信中國50正2,15,0,15,凱基-中港,2023-09-26,9202
3447,展達,15,0,15,凱基-中港,2023-09-26,9202
2606,裕民,17,2,15,凱基-中港,2023-09-26,9202
2332,友訊,15,0,15,凱基-中港,2023-09-26,9202
2303,聯電,120,10,110,凱基-中港,2023-09-27,9202
00664R,國泰臺灣加權反1,100,0,100,凱基-中港,2023-09-27,9202
00919,群益台灣精選高息,97,5,92,凱基-中港,2023-09-27,9202
1616,億泰,71,0,71,凱基-中港,2023-09-27,9202
00929,復華台灣科技優息,84,14,70,凱基-中港,2023-09-27,9202
00751B,元大AAA至A公司債,71,1,70,凱基-中港,2023-09-27,9202
00720B,元大投資級公司債,58,2,56,凱基-中港,2023-09-27,9202
00773B,中信優先金融債,55,0,55,凱基-中港,2023-09-27,9202
00679B,元大美債20年,51,9,42,凱基-中港,2023-09-27,9202
2014,中鴻,40,0,40,凱基-中港,2023-09-27,9202
00632R,元大台灣50反1,38,0,38,凱基-中港,2023-09-27,9202
1449,佳和,33,0,33,凱基-中港,2023-09-27,9202
9103,美德醫療-DR,30,0,30,凱基-中港,2023-09-27,9202
00915,凱基優選高股息30,29,0,29,凱基-中港,2023-09-27,9202
1815,富喬,50,21,29,凱基-中港,2023-09-27,9202
00712,復華富時不動產,52,30,22,凱基-中港,2023-09-27,9202
2344,華邦電,24,2,22,凱基-中港,2023-09-27,9202
00878,國泰永續高股息,23,2,21,凱基-中港,2023-09-27,9202
00882,中信中國高股息,20,0,20,凱基-中港,2023-09-27,9202
3260,威剛,19,0,19,凱基-中港,2023-09-27,9202
2337,旺宏,19,1,18,凱基-中港,2023-09-27,9202
6282,康舒,80,63,17,凱基-中港,2023-09-27,9202
3679,新至陞,17,0,17,凱基-中港,2023-09-27,9202
2317,鴻海,21,5,16,凱基-中港,2023-09-27,9202
3715,定穎投控,67,52,15,凱基-中港,2023-09-27,9202
2884,玉山金,15,0,15,凱基-中港,2023-09-27,9202
2637,慧洋-KY,21,7,14,凱基-中港,2023-09-27,9202
2308,台達電,15,2,13,凱基-中港,2023-09-27,9202
3324,雙鴻,15,2,13,凱基-中港,2023-09-27,9202
6757,台灣虎航,13,0,13,凱基-中港,2023-09-27,9202
1326,台化,12,0,12,凱基-中港,2023-09-27,9202
4908,前鼎,62,50,12,凱基-中港,2023-09-27,9202
6485,點序,25,13,12,凱基-中港,2023-09-27,9202
1503,士電,11,0,11,凱基-中港,2023-09-27,9202
2431,聯昌,11,0,11,凱基-中港,2023-09-27,9202
2883,凱基金,16,5,11,凱基-中港,2023-09-27,9202
3024,憶聲,11,0,11,凱基-中港,2023-09-27,9202
6530,創威,11,0,11,凱基-中港,2023-09-27,9202
2368,金像電,13,3,10,凱基-中港,2023-09-27,9202
4542,科嶠,32,22,10,凱基-中港,2023-09-27,9202
2634,漢翔,10,0,10,凱基-中港,2023-09-27,9202
2801,彰銀,10,0,10,凱基-中港,2023-09-27,9202
3709,鑫聯大投控,10,0,10,凱基-中港,2023-09-27,9202
5210,寶碩,10,0,10,凱基-中港,2023-09-27,9202
2010,春源,10,0,10,凱基-中港,2023-09-27,9202
4503,金雨,10,0,10,凱基-中港,2023-09-27,9202
1605,華新,11,2,9,凱基-中港,2023-09-27,9202
2906,高林,9,0,9,凱基-中港,2023-09-27,9202
00715L,期街口布蘭特正2,9,0,9,凱基-中港,2023-09-27,9202
00772B,中信高評級公司債,8,0,8,凱基-中港,2023-09-27,9202
00712,復華富時不動產,481,0,481,凱基-中港,2023-09-28,9202
00929,復華台灣科技優息,141,12,129,凱基-中港,2023-09-28,9202
00679B,元大美債20年,127,0,127,凱基-中港,2023-09-28,9202
3231,緯創,117,40,77,凱基-中港,2023-09-28,9202
2431,聯昌,60,0,60,凱基-中港,2023-09-28,9202
2344,華邦電,58,1,57,凱基-中港,2023-09-28,9202
00673R,期元大S＆P原油反1,60,5,55,凱基-中港,2023-09-28,9202
2014,中鴻,60,11,49,凱基-中港,2023-09-28,9202
00664R,國泰臺灣加權反1,40,0,40,凱基-中港,2023-09-28,9202
9103,美德醫療-DR,38,0,38,凱基-中港,2023-09-28,9202
2883,凱基金,38,0,38,凱基-中港,2023-09-28,9202
3036,文曄,61,27,34,凱基-中港,2023-09-28,9202
2317,鴻海,33,4,29,凱基-中港,2023-09-28,9202
00720B,元大投資級公司債,28,0,28,凱基-中港,2023-09-28,9202
00772B,中信高評級公司債,26,0,26,凱基-中港,2023-09-28,9202
00687B,國泰20年美債,24,0,24,凱基-中港,2023-09-28,9202
2867,三商壽,20,0,20,凱基-中港,2023-09-28,9202
2504,國產,20,0,20,凱基-中港,2023-09-28,9202
00676R,富邦臺灣加權反1,20,0,20,凱基-中港,2023-09-28,9202
00795B,中信美國公債20年,19,0,19,凱基-中港,2023-09-28,9202
4541,晟田,26,8,18,凱基-中港,2023-09-28,9202
2408,南亞科,17,0,17,凱基-中港,2023-09-28,9202
00751B,元大AAA至A公司債,16,0,16,凱基-中港,2023-09-28,9202
2353,宏��,17,3,14,凱基-中港,2023-09-28,9202
5432,新門,20,7,13,凱基-中港,2023-09-28,9202
00773B,中信優先金融債,13,0,13,凱基-中港,2023-09-28,9202
2610,華航,32,20,12,凱基-中港,2023-09-28,9202
8046,南電,12,0,12,凱基-中港,2023-09-28,9202
00891,中信關鍵半導體,12,0,12,凱基-中港,2023-09-28,9202
8420,明揚,13,1,12,凱基-中港,2023-09-28,9202
4974,亞泰,12,0,12,凱基-中港,2023-09-28,9202
3036A,文曄甲特,12,0,12,凱基-中港,2023-09-28,9202
2337,旺宏,11,0,11,凱基-中港,2023-09-28,9202
1101,台泥,11,0,11,凱基-中港,2023-09-28,9202
2204,中華,11,0,11,凱基-中港,2023-09-28,9202
2208,台船,11,0,11,凱基-中港,2023-09-28,9202
3032,偉訓,36,25,11,凱基-中港,2023-09-28,9202
3013,晟銘電,39,28,11,凱基-中港,2023-09-28,9202
00931B,統一美債20年,11,1,10,凱基-中港,2023-09-28,9202
3042,晶技,12,2,10,凱基-中港,2023-09-28,9202
4532,瑞智,12,2,10,凱基-中港,2023-09-28,9202
2312,金寶,10,0,10,凱基-中港,2023-09-28,9202
2485,兆赫,10,0,10,凱基-中港,2023-09-28,9202
2002A,中鋼特,10,0,10,凱基-中港,2023-09-28,9202
1449,佳和,10,0,10,凱基-中港,2023-09-28,9202
2891,中信金,10,0,10,凱基-中港,2023-09-28,9202
6274,台燿,19,9,10,凱基-中港,2023-09-28,9202
2356,英業達,17,7,10,凱基-中港,2023-09-28,9202
3034,聯詠,19,10,9,凱基-中港,2023-09-28,9202
2308,台達電,12,3,9,凱基-中港,2023-09-28,9202
00929,復華台灣科技優息,126,4,122,凱基-中港,2023-10-02,9202
00751B,元大AAA至A公司債,103,0,103,凱基-中港,2023-10-02,9202
00720B,元大投資級公司債,78,1,77,凱基-中港,2023-10-02,9202
2457,飛宏,70,4,66,凱基-中港,2023-10-02,9202
2002A,中鋼特,55,0,55,凱基-中港,2023-10-02,9202
2618,長榮航,53,2,51,凱基-中港,2023-10-02,9202
5465,富驊,52,2,50,凱基-中港,2023-10-02,9202
2609,陽明,52,5,47,凱基-中港,2023-10-02,9202
2356,英業達,99,59,40,凱基-中港,2023-10-02,9202
00772B,中信高評級公司債,38,1,37,凱基-中港,2023-10-02,9202
00687B,國泰20年美債,33,0,33,凱基-中港,2023-10-02,9202
00642U,期元大S＆P石油,32,0,32,凱基-中港,2023-10-02,9202
2634,漢翔,32,0,32,凱基-中港,2023-10-02,9202
00857B,永豐20年美公債,30,0,30,凱基-中港,2023-10-02,9202
2402,毅嘉,40,13,27,凱基-中港,2023-10-02,9202
2633,台灣高鐵,32,5,27,凱基-中港,2023-10-02,9202
2409,友達,41,15,26,凱基-中港,2023-10-02,9202
00715L,期街口布蘭特正2,30,5,25,凱基-中港,2023-10-02,9202
3481,群創,35,12,23,凱基-中港,2023-10-02,9202
2014,中鴻,20,0,20,凱基-中港,2023-10-02,9202
5519,隆大,20,0,20,凱基-中港,2023-10-02,9202
00902,中信電池及儲能,20,0,20,凱基-中港,2023-10-02,9202
2363,矽統,47,27,20,凱基-中港,2023-10-02,9202
2801,彰銀,18,0,18,凱基-中港,2023-10-02,9202
2358,廷鑫,24,7,17,凱基-中港,2023-10-02,9202
2504,國產,17,0,17,凱基-中港,2023-10-02,9202
4111,濟生,17,0,17,凱基-中港,2023-10-02,9202
00915,凱基優選高股息30,19,4,15,凱基-中港,2023-10-02,9202
2431,聯昌,15,0,15,凱基-中港,2023-10-02,9202
2208,台船,23,8,15,凱基-中港,2023-10-02,9202
1760,寶齡富錦,15,0,15,凱基-中港,2023-10-02,9202
00931B,統一美債20年,14,0,14,凱基-中港,2023-10-02,9202
1101,台泥,14,0,14,凱基-中港,2023-10-02,9202
3709,鑫聯大投控,14,0,14,凱基-中港,2023-10-02,9202
3017,奇鋐,17,4,13,凱基-中港,2023-10-02,9202
2329,華泰,18,6,12,凱基-中港,2023-10-02,9202
2637,慧洋-KY,12,0,12,凱基-中港,2023-10-02,9202
5321,美而快,12,0,12,凱基-中港,2023-10-02,9202
00679B,元大美債20年,20,9,11,凱基-中港,2023-10-02,9202
6122,擎邦,11,0,11,凱基-中港,2023-10-02,9202
3213,茂訊,10,0,10,凱基-中港,2023-10-02,9202
4974,亞泰,10,0,10,凱基-中港,2023-10-02,9202
4934,太極,10,0,10,凱基-中港,2023-10-02,9202
5210,寶碩,10,0,10,凱基-中港,2023-10-02,9202
2615,萬海,10,0,10,凱基-中港,2023-10-02,9202
2884,玉山金,10,0,10,凱基-中港,2023-10-02,9202
2069,運錩,10,0,10,凱基-中港,2023-10-02,9202
6443,元晶,10,0,10,凱基-中港,2023-10-02,9202
4541,晟田,10,0,10,凱基-中港,2023-10-02,9202
2887,台新金,9,0,9,凱基-中港,2023-10-02,9202
00712,復華富時不動產,141,0,141,凱基-中港,2023-10-03,9202
1909,榮成,100,0,100,凱基-中港,2023-10-03,9202
0056,元大高股息,100,3,97,凱基-中港,2023-10-03,9202
3231,緯創,121,40,81,凱基-中港,2023-10-03,9202
00715L,期街口布蘭特正2,68,0,68,凱基-中港,2023-10-03,9202
00882,中信中國高股息,64,0,64,凱基-中港,2023-10-03,9202
6282,康舒,72,13,59,凱基-中港,2023-10-03,9202
00720B,元大投資級公司債,44,1,43,凱基-中港,2023-10-03,9202
2201,裕隆,39,2,37,凱基-中港,2023-10-03,9202
00929,復華台灣科技優息,40,4,36,凱基-中港,2023-10-03,9202
00679B,元大美債20年,37,2,35,凱基-中港,2023-10-03,9202
2618,長榮航,58,26,32,凱基-中港,2023-10-03,9202
00922,國泰台灣領袖50,32,0,32,凱基-中港,2023-10-03,9202
00642U,期元大S＆P石油,33,2,31,凱基-中港,2023-10-03,9202
00878,國泰永續高股息,35,4,31,凱基-中港,2023-10-03,9202
00773B,中信優先金融債,31,1,30,凱基-中港,2023-10-03,9202
2344,華邦電,39,9,30,凱基-中港,2023-10-03,9202
00919,群益台灣精選高息,28,0,28,凱基-中港,2023-10-03,9202
4906,正文,32,4,28,凱基-中港,2023-10-03,9202
00795B,中信美國公債20年,37,10,27,凱基-中港,2023-10-03,9202
2303,聯電,40,17,23,凱基-中港,2023-10-03,9202
00637L,元大滬深300正2,22,0,22,凱基-中港,2023-10-03,9202
2606,裕民,21,0,21,凱基-中港,2023-10-03,9202
00669R,國泰美國道瓊反1,20,0,20,凱基-中港,2023-10-03,9202
2431,聯昌,20,0,20,凱基-中港,2023-10-03,9202
5210,寶碩,20,0,20,凱基-中港,2023-10-03,9202
2382,廣達,62,43,19,凱基-中港,2023-10-03,9202
2888,新光金,20,1,19,凱基-中港,2023-10-03,9202
00772B,中信高評級公司債,32,15,17,凱基-中港,2023-10-03,9202
2634,漢翔,17,0,17,凱基-中港,2023-10-03,9202
2002,中鋼,20,3,17,凱基-中港,2023-10-03,9202
1605,華新,27,11,16,凱基-中港,2023-10-03,9202
1760,寶齡富錦,16,0,16,凱基-中港,2023-10-03,9202
3481,群創,32,17,15,凱基-中港,2023-10-03,9202
2880,華南金,15,0,15,凱基-中港,2023-10-03,9202
6147,頎邦,15,0,15,凱基-中港,2023-10-03,9202
2891,中信金,15,0,15,凱基-中港,2023-10-03,9202
2881,富邦金,14,0,14,凱基-中港,2023-10-03,9202
4908,前鼎,16,2,14,凱基-中港,2023-10-03,9202
00738U,期元大道瓊白銀,14,0,14,凱基-中港,2023-10-03,9202
00725B,國泰投資級公司債,14,0,14,凱基-中港,2023-10-03,9202
1409,新纖,14,0,14,凱基-中港,2023-10-03,9202
5371,中光電,14,0,14,凱基-中港,2023-10-03,9202
2492,華新科,13,0,13,凱基-中港,2023-10-03,9202
3013,晟銘電,62,49,13,凱基-中港,2023-10-03,9202
1609,大亞,42,29,13,凱基-中港,2023-10-03,9202
8046,南電,12,0,12,凱基-中港,2023-10-03,9202
00751B,元大AAA至A公司債,12,0,12,凱基-中港,2023-10-03,9202
2515,中工,20,8,12,凱基-中港,2023-10-03,9202
3576,聯合再生,11,0,11,凱基-中港,2023-10-03,9202
00671R,富邦NASDAQ反1,1676,200,1476,凱基-中港,2023-10-04,9202
00712,復華富時不動產,239,28,211,凱基-中港,2023-10-04,9202
2303,聯電,113,0,113,凱基-中港,2023-10-04,9202
2891,中信金,101,0,101,凱基-中港,2023-10-04,9202
1909,榮成,100,0,100,凱基-中港,2023-10-04,9202
00772B,中信高評級公司債,89,5,84,凱基-中港,2023-10-04,9202
00679B,元大美債20年,95,21,74,凱基-中港,2023-10-04,9202
00720B,元大投資級公司債,67,0,67,凱基-中港,2023-10-04,9202
2323,中環,61,1,60,凱基-中港,2023-10-04,9202
00929,復華台灣科技優息,71,12,59,凱基-中港,2023-10-04,9202
00922,國泰台灣領袖50,52,0,52,凱基-中港,2023-10-04,9202
2618,長榮航,58,10,48,凱基-中港,2023-10-04,9202
2014,中鴻,42,1,41,凱基-中港,2023-10-04,9202
00687B,國泰20年美債,40,7,33,凱基-中港,2023-10-04,9202
2884,玉山金,48,15,33,凱基-中港,2023-10-04,9202
3481,群創,48,16,32,凱基-中港,2023-10-04,9202
1216,統一,32,2,30,凱基-中港,2023-10-04,9202
00931B,統一美債20年,37,10,27,凱基-中港,2023-10-04,9202
3013,晟銘電,38,12,26,凱基-中港,2023-10-04,9202
2201,裕隆,30,5,25,凱基-中港,2023-10-04,9202
2886,兆豐金,26,1,25,凱基-中港,2023-10-04,9202
2882,國泰金,25,0,25,凱基-中港,2023-10-04,9202
1605,華新,26,2,24,凱基-中港,2023-10-04,9202
1326,台化,24,0,24,凱基-中港,2023-10-04,9202
2883,凱基金,28,5,23,凱基-中港,2023-10-04,9202
3034,聯詠,22,0,22,凱基-中港,2023-10-04,9202
4105,東洋,20,0,20,凱基-中港,2023-10-04,9202
00676R,富邦臺灣加權反1,20,0,20,凱基-中港,2023-10-04,9202
0056,元大高股息,34,14,20,凱基-中港,2023-10-04,9202
2409,友達,34,14,20,凱基-中港,2023-10-04,9202
00795B,中信美國公債20年,19,0,19,凱基-中港,2023-10-04,9202
2002,中鋼,21,2,19,凱基-中港,2023-10-04,9202
2887,台新金,19,0,19,凱基-中港,2023-10-04,9202
00751B,元大AAA至A公司債,22,4,18,凱基-中港,2023-10-04,9202
2330,台積電,19,2,17,凱基-中港,2023-10-04,9202
6451,訊芯-KY,32,15,17,凱基-中港,2023-10-04,9202
3289,宜特,17,0,17,凱基-中港,2023-10-04,9202
6282,康舒,21,5,16,凱基-中港,2023-10-04,9202
2515,中工,16,0,16,凱基-中港,2023-10-04,9202
3325,旭品,43,27,16,凱基-中港,2023-10-04,9202
00885,富邦越南,17,1,16,凱基-中港,2023-10-04,9202
3163,波若威,17,1,16,凱基-中港,2023-10-04,9202
8936,國統,15,0,15,凱基-中港,2023-10-04,9202
1319,東陽,17,3,14,凱基-中港,2023-10-04,9202
006208,富邦台50,13,0,13,凱基-中港,2023-10-04,9202
2801,彰銀,13,0,13,凱基-中港,2023-10-04,9202
00637L,元大滬深300正2,16,3,13,凱基-中港,2023-10-04,9202
2317,鴻海,15,2,13,凱基-中港,2023-10-04,9202
00773B,中信優先金融債,12,0,12,凱基-中港,2023-10-04,9202
3006,晶豪科,15,3,12,凱基-中港,2023-10-04,9202
00687B,國泰20年美債,102,0,102,凱基-中港,2023-10-05,9202
00712,復華富時不動產,134,40,94,凱基-中港,2023-10-05,9202
00857B,永豐20年美公債,84,0,84,凱基-中港,2023-10-05,9202
2637,慧洋-KY,59,15,44,凱基-中港,2023-10-05,9202
2888,新光金,43,0,43,凱基-中港,2023-10-05,9202
1522,堤維西,36,0,36,凱基-中港,2023-10-05,9202
00642U,期元大S＆P石油,34,0,34,凱基-中港,2023-10-05,9202
6220,岳豐,31,0,31,凱基-中港,2023-10-05,9202
6274,台燿,77,49,28,凱基-中港,2023-10-05,9202
00679B,元大美債20年,51,24,27,凱基-中港,2023-10-05,9202
3715,定穎投控,116,90,26,凱基-中港,2023-10-05,9202
1524,耿鼎,32,6,26,凱基-中港,2023-10-05,9202
8088,品安,26,1,25,凱基-中港,2023-10-05,9202
00715L,期街口布蘭特正2,35,13,22,凱基-中港,2023-10-05,9202
2417,圓剛,55,34,21,凱基-中港,2023-10-05,9202
2883,凱基金,21,0,21,凱基-中港,2023-10-05,9202
3163,波若威,24,4,20,凱基-中港,2023-10-05,9202
2006,東和鋼鐵,20,0,20,凱基-中港,2023-10-05,9202
00680L,元大美債20正2,20,0,20,凱基-中港,2023-10-05,9202
00931B,統一美債20年,24,5,19,凱基-中港,2023-10-05,9202
00885,富邦越南,20,1,19,凱基-中港,2023-10-05,9202
8011,台通,20,1,19,凱基-中港,2023-10-05,9202
00929,復華台灣科技優息,22,4,18,凱基-中港,2023-10-05,9202
4979,華星光,34,16,18,凱基-中港,2023-10-05,9202
8936,國統,17,0,17,凱基-中港,2023-10-05,9202
00919,群益台灣精選高息,18,1,17,凱基-中港,2023-10-05,9202
6275,元山,16,0,16,凱基-中港,2023-10-05,9202
1603,華電,20,4,16,凱基-中港,2023-10-05,9202
2313,華通,22,7,15,凱基-中港,2023-10-05,9202
4706,大恭,15,0,15,凱基-中港,2023-10-05,9202
2233,宇隆,15,0,15,凱基-中港,2023-10-05,9202
4974,亞泰,14,0,14,凱基-中港,2023-10-05,9202
4967,十銓,21,8,13,凱基-中港,2023-10-05,9202
00882,中信中國高股息,12,0,12,凱基-中港,2023-10-05,9202
6191,精成科,12,0,12,凱基-中港,2023-10-05,9202
2409,友達,15,3,12,凱基-中港,2023-10-05,9202
00632R,元大台灣50反1,32,20,12,凱基-中港,2023-10-05,9202
2359,所羅門,13,1,12,凱基-中港,2023-10-05,9202
2382,廣達,20,8,12,凱基-中港,2023-10-05,9202
5439,高技,13,2,11,凱基-中港,2023-10-05,9202
6770,力積電,11,0,11,凱基-中港,2023-10-05,9202
2634,漢翔,12,2,10,凱基-中港,2023-10-05,9202
3260,威剛,12,2,10,凱基-中港,2023-10-05,9202
5519,隆大,10,0,10,凱基-中港,2023-10-05,9202
6156,松上,10,0,10,凱基-中港,2023-10-05,9202
4111,濟生,10,0,10,凱基-中港,2023-10-05,9202
6204,艾華,10,0,10,凱基-中港,2023-10-05,9202
0056,元大高股息,19,10,9,凱基-中港,2023-10-05,9202
2883B,凱基金乙特,10,0,10,凱基-中港,2023-10-05,9202
6207,雷科,9,0,9,凱基-中港,2023-10-05,9202
2610,華航,55,3,52,凱基-中港,2023-10-06,9202
6282,康舒,44,0,44,凱基-中港,2023-10-06,9202
0056,元大高股息,49,7,42,凱基-中港,2023-10-06,9202
2453,凌群,39,2,37,凱基-中港,2023-10-06,9202
00929,復華台灣科技優息,56,20,36,凱基-中港,2023-10-06,9202
5607,遠雄港,33,0,33,凱基-中港,2023-10-06,9202
00751B,元大AAA至A公司債,32,0,32,凱基-中港,2023-10-06,9202
2363,矽統,45,13,32,凱基-中港,2023-10-06,9202
00772B,中信高評級公司債,30,2,28,凱基-中港,2023-10-06,9202
00720B,元大投資級公司債,25,0,25,凱基-中港,2023-10-06,9202
3013,晟銘電,84,60,24,凱基-中港,2023-10-06,9202
3481,群創,23,0,23,凱基-中港,2023-10-06,9202
3231,緯創,82,59,23,凱基-中港,2023-10-06,9202
00632R,元大台灣50反1,34,12,22,凱基-中港,2023-10-06,9202
2641,正德,29,9,20,凱基-中港,2023-10-06,9202
00919,群益台灣精選高息,19,0,19,凱基-中港,2023-10-06,9202
2618,長榮航,20,1,19,凱基-中港,2023-10-06,9202
6432,今展科,21,2,19,凱基-中港,2023-10-06,9202
3702,大聯大,20,1,19,凱基-中港,2023-10-06,9202
3264,欣銓,17,0,17,凱基-中港,2023-10-06,9202
1815,富喬,17,0,17,凱基-中港,2023-10-06,9202
6451,訊芯-KY,20,3,17,凱基-中港,2023-10-06,9202
2313,華通,21,5,16,凱基-中港,2023-10-06,9202
4967,十銓,22,6,16,凱基-中港,2023-10-06,9202
6770,力積電,16,0,16,凱基-中港,2023-10-06,9202
00888,永豐台灣ESG,15,0,15,凱基-中港,2023-10-06,9202
5009,榮剛,15,0,15,凱基-中港,2023-10-06,9202
2308,台達電,16,1,15,凱基-中港,2023-10-06,9202
3576,聯合再生,15,1,14,凱基-中港,2023-10-06,9202
3704,合勤控,15,1,14,凱基-中港,2023-10-06,9202
9105,泰金寶-DR,14,0,14,凱基-中港,2023-10-06,9202
2493,揚博,13,0,13,凱基-中港,2023-10-06,9202
2324,仁寶,12,0,12,凱基-中港,2023-10-06,9202
2371,大同,12,0,12,凱基-中港,2023-10-06,9202
00642U,期元大S＆P石油,12,0,12,凱基-中港,2023-10-06,9202
00715L,期街口布蘭特正2,14,2,12,凱基-中港,2023-10-06,9202
00885,富邦越南,11,0,11,凱基-中港,2023-10-06,9202
5225,東科-KY,11,0,11,凱基-中港,2023-10-06,9202
3380,明泰,12,1,11,凱基-中港,2023-10-06,9202
6187,萬潤,23,12,11,凱基-中港,2023-10-06,9202
2206,三陽工業,12,2,10,凱基-中港,2023-10-06,9202
4714,永捷,10,0,10,凱基-中港,2023-10-06,9202
4157,太景*-KY,10,0,10,凱基-中港,2023-10-06,9202
00922,國泰台灣領袖50,10,0,10,凱基-中港,2023-10-06,9202
1319,東陽,12,2,10,凱基-中港,2023-10-06,9202
4541,晟田,50,40,10,凱基-中港,2023-10-06,9202
6570,維田,10,0,10,凱基-中港,2023-10-06,9202
2486,一詮,21,12,9,凱基-中港,2023-10-06,9202
3685,元創精密,9,0,9,凱基-中港,2023-10-06,9202
6414,樺漢,9,0,9,凱基-中港,2023-10-06,9202
00671R,富邦NASDAQ反1,1509,0,1509,凱基-中港,2023-10-11,9202
3231,緯創,379,240,139,凱基-中港,2023-10-11,9202
00897,富邦基因免疫生技,100,0,100,凱基-中港,2023-10-11,9202
2609,陽明,93,8,85,凱基-中港,2023-10-11,9202
00715L,期街口布蘭特正2,77,5,72,凱基-中港,2023-10-11,9202
1218,泰山,70,0,70,凱基-中港,2023-10-11,9202
00642U,期元大S＆P石油,70,0,70,凱基-中港,2023-10-11,9202
2618,長榮航,58,2,56,凱基-中港,2023-10-11,9202
6150,撼訊,66,14,52,凱基-中港,2023-10-11,9202
2382,廣達,81,32,49,凱基-中港,2023-10-11,9202
2637,慧洋-KY,43,7,36,凱基-中港,2023-10-11,9202
00673R,期元大S＆P原油反1,51,16,35,凱基-中港,2023-10-11,9202
00929,復華台灣科技優息,38,5,33,凱基-中港,2023-10-11,9202
2353,宏��,58,26,32,凱基-中港,2023-10-11,9202
00919,群益台灣精選高息,58,27,31,凱基-中港,2023-10-11,9202
2014,中鴻,50,20,30,凱基-中港,2023-10-11,9202
00650L,復華香港正2,27,0,27,凱基-中港,2023-10-11,9202
3481,群創,26,1,25,凱基-中港,2023-10-11,9202
5452,佶優,25,0,25,凱基-中港,2023-10-11,9202
2615,萬海,28,5,23,凱基-中港,2023-10-11,9202
2453,凌群,27,8,19,凱基-中港,2023-10-11,9202
9105,泰金寶-DR,19,0,19,凱基-中港,2023-10-11,9202
2376,技嘉,26,8,18,凱基-中港,2023-10-11,9202
2425,承啟,33,15,18,凱基-中港,2023-10-11,9202
00635U,期元大S＆P黃金,18,0,18,凱基-中港,2023-10-11,9202
2314,台揚,21,4,17,凱基-中港,2023-10-11,9202
2537,聯上發,16,0,16,凱基-中港,2023-10-11,9202
2816,旺旺保,17,1,16,凱基-中港,2023-10-11,9202
3062,建漢,15,0,15,凱基-中港,2023-10-11,9202
5210,寶碩,15,0,15,凱基-中港,2023-10-11,9202
1760,寶齡富錦,16,1,15,凱基-中港,2023-10-11,9202
2027,大成鋼,15,0,15,凱基-中港,2023-10-11,9202
2356,英業達,22,8,14,凱基-中港,2023-10-11,9202
5439,高技,15,1,14,凱基-中港,2023-10-11,9202
3260,威剛,18,5,13,凱基-中港,2023-10-11,9202
00665L,富邦�琤肭磪囓�2,13,0,13,凱基-中港,2023-10-11,9202
6138,茂達,15,2,13,凱基-中港,2023-10-11,9202
00904,新光臺灣半導體30,13,0,13,凱基-中港,2023-10-11,9202
3338,泰碩,23,10,13,凱基-中港,2023-10-11,9202
2355,敬鵬,13,0,13,凱基-中港,2023-10-11,9202
2867,三商壽,12,0,12,凱基-中港,2023-10-11,9202
6789,采鈺,12,0,12,凱基-中港,2023-10-11,9202
6613,朋億*,11,0,11,凱基-中港,2023-10-11,9202
00637L,元大滬深300正2,11,0,11,凱基-中港,2023-10-11,9202
2603,長榮,26,15,11,凱基-中港,2023-10-11,9202
00720B,元大投資級公司債,13,2,11,凱基-中港,2023-10-11,9202
6217,中探針,10,0,10,凱基-中港,2023-10-11,9202
6121,新普,10,0,10,凱基-中港,2023-10-11,9202
2431,聯昌,10,0,10,凱基-中港,2023-10-11,9202
1449,佳和,10,0,10,凱基-中港,2023-10-11,9202
00671R,富邦NASDAQ反1,499,0,499,凱基-中港,2023-10-12,9202
2363,矽統,774,658,116,凱基-中港,2023-10-12,9202
00669R,國泰美國道瓊反1,60,0,60,凱基-中港,2023-10-12,9202
00897,富邦基因免疫生技,47,0,47,凱基-中港,2023-10-12,9202
3706,神達,44,2,42,凱基-中港,2023-10-12,9202
6117,迎廣,39,0,39,凱基-中港,2023-10-12,9202
00680L,元大美債20正2,52,20,32,凱基-中港,2023-10-12,9202
00929,復華台灣科技優息,28,0,28,凱基-中港,2023-10-12,9202
2382,廣達,49,23,26,凱基-中港,2023-10-12,9202
1603,華電,28,7,21,凱基-中港,2023-10-12,9202
2313,華通,30,9,21,凱基-中港,2023-10-12,9202
00919,群益台灣精選高息,21,2,19,凱基-中港,2023-10-12,9202
3704,合勤控,20,1,19,凱基-中港,2023-10-12,9202
2374,佳能,18,0,18,凱基-中港,2023-10-12,9202
00687B,國泰20年美債,17,0,17,凱基-中港,2023-10-12,9202
0056,元大高股息,25,9,16,凱基-中港,2023-10-12,9202
4111,濟生,15,0,15,凱基-中港,2023-10-12,9202
5244,弘凱,15,0,15,凱基-中港,2023-10-12,9202
00642U,期元大S＆P石油,14,0,14,凱基-中港,2023-10-12,9202
2208,台船,14,0,14,凱基-中港,2023-10-12,9202
3032,偉訓,15,2,13,凱基-中港,2023-10-12,9202
3025,星通,20,8,12,凱基-中港,2023-10-12,9202
2355,敬鵬,12,0,12,凱基-中港,2023-10-12,9202
4979,華星光,42,30,12,凱基-中港,2023-10-12,9202
6276,安鈦克,11,0,11,凱基-中港,2023-10-12,9202
00753L,中信中國50正2,11,0,11,凱基-中港,2023-10-12,9202
00772B,中信高評級公司債,11,0,11,凱基-中港,2023-10-12,9202
2317,鴻海,20,9,11,凱基-中港,2023-10-12,9202
2408,南亞科,19,8,11,凱基-中港,2023-10-12,9202
3380,明泰,11,1,10,凱基-中港,2023-10-12,9202
6158,禾昌,10,0,10,凱基-中港,2023-10-12,9202
1449,佳和,10,0,10,凱基-中港,2023-10-12,9202
1717,長興,10,0,10,凱基-中港,2023-10-12,9202
6451,訊芯-KY,13,3,10,凱基-中港,2023-10-12,9202
6231,系微,13,4,9,凱基-中港,2023-10-12,9202
2356,英業達,11,2,9,凱基-中港,2023-10-12,9202
3036,文曄,15,6,9,凱基-中港,2023-10-12,9202
2633,台灣高鐵,9,0,9,凱基-中港,2023-10-12,9202
00885,富邦越南,10,1,9,凱基-中港,2023-10-12,9202
00905,FT臺灣Smart,10,2,8,凱基-中港,2023-10-12,9202
4552,力達-KY,8,0,8,凱基-中港,2023-10-12,9202
3221,台嘉碩,8,0,8,凱基-中港,2023-10-12,9202
3289,宜特,8,0,8,凱基-中港,2023-10-12,9202
00679B,元大美債20年,10,2,8,凱基-中港,2023-10-12,9202
00720B,元大投資級公司債,10,3,7,凱基-中港,2023-10-12,9202
6432,今展科,8,1,7,凱基-中港,2023-10-12,9202
6530,創威,17,10,7,凱基-中港,2023-10-12,9202
3548,兆利,7,0,7,凱基-中港,2023-10-12,9202
2427,三商電,11,4,7,凱基-中港,2023-10-12,9202
1308,亞聚,6,0,6,凱基-中港,2023-10-12,9202
00720B,元大投資級公司債,270,0,270,凱基-中港,2023-10-13,9202
00929,復華台灣科技優息,144,17,127,凱基-中港,2023-10-13,9202
3231,緯創,149,35,114,凱基-中港,2023-10-13,9202
00897,富邦基因免疫生技,100,20,80,凱基-中港,2023-10-13,9202
00680L,元大美債20正2,54,0,54,凱基-中港,2023-10-13,9202
0056,元大高股息,54,1,53,凱基-中港,2023-10-13,9202
6164,華興,50,0,50,凱基-中港,2023-10-13,9202
6770,力積電,52,5,47,凱基-中港,2023-10-13,9202
1101,台泥,45,1,44,凱基-中港,2023-10-13,9202
00634R,富邦上証反1,36,0,36,凱基-中港,2023-10-13,9202
00637L,元大滬深300正2,33,0,33,凱基-中港,2023-10-13,9202
00919,群益台灣精選高息,37,5,32,凱基-中港,2023-10-13,9202
2606,裕民,37,5,32,凱基-中港,2023-10-13,9202
8261,富鼎,32,1,31,凱基-中港,2023-10-13,9202
2609,陽明,33,3,30,凱基-中港,2023-10-13,9202
2382,廣達,73,44,29,凱基-中港,2023-10-13,9202
2332,友訊,28,0,28,凱基-中港,2023-10-13,9202
2855,統一證,25,0,25,凱基-中港,2023-10-13,9202
2615,萬海,30,6,24,凱基-中港,2023-10-13,9202
2363,矽統,865,841,24,凱基-中港,2023-10-13,9202
00878,國泰永續高股息,27,3,24,凱基-中港,2023-10-13,9202
00679B,元大美債20年,25,2,23,凱基-中港,2023-10-13,9202
2376,技嘉,41,18,23,凱基-中港,2023-10-13,9202
6684,安格,24,1,23,凱基-中港,2023-10-13,9202
3006,晶豪科,28,5,23,凱基-中港,2023-10-13,9202
2887,台新金,20,0,20,凱基-中港,2023-10-13,9202
2324,仁寶,21,2,19,凱基-中港,2023-10-13,9202
1815,富喬,23,6,17,凱基-中港,2023-10-13,9202
9950,萬國通,24,8,16,凱基-中港,2023-10-13,9202
8358,金居,16,0,16,凱基-中港,2023-10-13,9202
1515,力山,32,16,16,凱基-中港,2023-10-13,9202
2913,農林,16,1,15,凱基-中港,2023-10-13,9202
3289,宜特,16,1,15,凱基-中港,2023-10-13,9202
5309,系統電,15,0,15,凱基-中港,2023-10-13,9202
00712,復華富時不動產,18,6,12,凱基-中港,2023-10-13,9202
1210,大成,17,5,12,凱基-中港,2023-10-13,9202
1905,華紙,12,1,11,凱基-中港,2023-10-13,9202
2395,研華,10,0,10,凱基-中港,2023-10-13,9202
4111,濟生,10,0,10,凱基-中港,2023-10-13,9202
2812,台中銀,10,0,10,凱基-中港,2023-10-13,9202
3094,聯傑,10,0,10,凱基-中港,2023-10-13,9202
6116,彩晶,10,0,10,凱基-中港,2023-10-13,9202
8936,國統,10,0,10,凱基-中港,2023-10-13,9202
2431,聯昌,10,0,10,凱基-中港,2023-10-13,9202
2880,華南金,10,0,10,凱基-中港,2023-10-13,9202
2357,華碩,13,3,10,凱基-中港,2023-10-13,9202
4906,正文,9,0,9,凱基-中港,2023-10-13,9202
00645,富邦日本,9,0,9,凱基-中港,2023-10-13,9202
2425,承啟,18,9,9,凱基-中港,2023-10-13,9202
00931B,統一美債20年,8,0,8,凱基-中港,2023-10-13,9202
00929,復華台灣科技優息,144,7,137,凱基-中港,2023-10-16,9202
2344,華邦電,136,38,98,凱基-中港,2023-10-16,9202
2618,長榮航,99,2,97,凱基-中港,2023-10-16,9202
00922,國泰台灣領袖50,81,0,81,凱基-中港,2023-10-16,9202
2539,櫻花建,80,0,80,凱基-中港,2023-10-16,9202
0056,元大高股息,79,1,78,凱基-中港,2023-10-16,9202
6282,康舒,91,36,55,凱基-中港,2023-10-16,9202
5521,工信,51,0,51,凱基-中港,2023-10-16,9202
00669R,國泰美國道瓊反1,50,0,50,凱基-中港,2023-10-16,9202
00931B,統一美債20年,42,2,40,凱基-中港,2023-10-16,9202
3231,緯創,100,65,35,凱基-中港,2023-10-16,9202
00642U,期元大S＆P石油,39,8,31,凱基-中港,2023-10-16,9202
4541,晟田,30,0,30,凱基-中港,2023-10-16,9202
6271,同欣電,29,0,29,凱基-中港,2023-10-16,9202
00751B,元大AAA至A公司債,27,0,27,凱基-中港,2023-10-16,9202
00715L,期街口布蘭特正2,34,10,24,凱基-中港,2023-10-16,9202
00919,群益台灣精選高息,25,1,24,凱基-中港,2023-10-16,9202
6684,安格,22,0,22,凱基-中港,2023-10-16,9202
5512,力麒,21,0,21,凱基-中港,2023-10-16,9202
00902,中信電池及儲能,20,0,20,凱基-中港,2023-10-16,9202
2913,農林,21,1,20,凱基-中港,2023-10-16,9202
00650L,復華香港正2,20,0,20,凱基-中港,2023-10-16,9202
2610,華航,28,8,20,凱基-中港,2023-10-16,9202
1605,華新,38,19,19,凱基-中港,2023-10-16,9202
9105,泰金寶-DR,19,0,19,凱基-中港,2023-10-16,9202
8112A,至上甲特,18,0,18,凱基-中港,2023-10-16,9202
3036,文曄,21,4,17,凱基-中港,2023-10-16,9202
00720B,元大投資級公司債,14,0,14,凱基-中港,2023-10-16,9202
4908,前鼎,26,12,14,凱基-中港,2023-10-16,9202
2002,中鋼,14,0,14,凱基-中港,2023-10-16,9202
2409,友達,14,1,13,凱基-中港,2023-10-16,9202
1802,台玻,14,1,13,凱基-中港,2023-10-16,9202
1218,泰山,62,50,12,凱基-中港,2023-10-16,9202
2609,陽明,22,11,11,凱基-中港,2023-10-16,9202
6120,達運,13,2,11,凱基-中港,2023-10-16,9202
2392,正崴,11,0,11,凱基-中港,2023-10-16,9202
3025,星通,24,13,11,凱基-中港,2023-10-16,9202
2201,裕隆,15,4,11,凱基-中港,2023-10-16,9202
00878,國泰永續高股息,14,3,11,凱基-中港,2023-10-16,9202
2382,廣達,65,55,10,凱基-中港,2023-10-16,9202
1409,新纖,10,0,10,凱基-中港,2023-10-16,9202
2362,藍天,10,0,10,凱基-中港,2023-10-16,9202
6005,群益證,10,0,10,凱基-中港,2023-10-16,9202
3049,精金,10,0,10,凱基-中港,2023-10-16,9202
3380,明泰,10,0,10,凱基-中港,2023-10-16,9202
2516,新建,10,0,10,凱基-中港,2023-10-16,9202
9904,寶成,10,0,10,凱基-中港,2023-10-16,9202
2474,可成,10,0,10,凱基-中港,2023-10-16,9202
2330,台積電,11,1,10,凱基-中港,2023-10-16,9202
6116,彩晶,9,0,9,凱基-中港,2023-10-16,9202
2610,華航,369,114,255,凱基-中港,2023-10-17,9202
00929,復華台灣科技優息,151,0,151,凱基-中港,2023-10-17,9202
00632R,元大台灣50反1,110,0,110,凱基-中港,2023-10-17,9202
3231,緯創,263,156,107,凱基-中港,2023-10-17,9202
6530,創威,102,6,96,凱基-中港,2023-10-17,9202
1909,榮成,89,0,89,凱基-中港,2023-10-17,9202
0056,元大高股息,99,14,85,凱基-中港,2023-10-17,9202
6282,康舒,63,19,44,凱基-中港,2023-10-17,9202
00878,國泰永續高股息,44,1,43,凱基-中港,2023-10-17,9202
2454,聯發科,59,23,36,凱基-中港,2023-10-17,9202
1314,中石化,87,54,33,凱基-中港,2023-10-17,9202
1723,中碳,32,1,31,凱基-中港,2023-10-17,9202
2637,慧洋-KY,31,0,31,凱基-中港,2023-10-17,9202
00687B,國泰20年美債,30,0,30,凱基-中港,2023-10-17,9202
4111,濟生,29,0,29,凱基-中港,2023-10-17,9202
2431,聯昌,25,0,25,凱基-中港,2023-10-17,9202
2002,中鋼,24,0,24,凱基-中港,2023-10-17,9202
2379,瑞昱,20,0,20,凱基-中港,2023-10-17,9202
1524,耿鼎,24,5,19,凱基-中港,2023-10-17,9202
00919,群益台灣精選高息,19,0,19,凱基-中港,2023-10-17,9202
2369,菱生,25,7,18,凱基-中港,2023-10-17,9202
00931B,統一美債20年,22,5,17,凱基-中港,2023-10-17,9202
00720B,元大投資級公司債,18,2,16,凱基-中港,2023-10-17,9202
00922,國泰台灣領袖50,16,0,16,凱基-中港,2023-10-17,9202
2634,漢翔,26,11,15,凱基-中港,2023-10-17,9202
2201,裕隆,19,4,15,凱基-中港,2023-10-17,9202
3576,聯合再生,65,50,15,凱基-中港,2023-10-17,9202
00772B,中信高評級公司債,15,0,15,凱基-中港,2023-10-17,9202
4906,正文,17,3,14,凱基-中港,2023-10-17,9202
3257,虹冠電,14,0,14,凱基-中港,2023-10-17,9202
2356,英業達,22,8,14,凱基-中港,2023-10-17,9202
3013,晟銘電,15,2,13,凱基-中港,2023-10-17,9202
1409,新纖,15,2,13,凱基-中港,2023-10-17,9202
1471,首利,13,0,13,凱基-中港,2023-10-17,9202
8261,富鼎,16,4,12,凱基-中港,2023-10-17,9202
3131,弘塑,13,1,12,凱基-中港,2023-10-17,9202
9921,巨大,12,0,12,凱基-中港,2023-10-17,9202
1513,中興電,14,2,12,凱基-中港,2023-10-17,9202
00725B,國泰投資級公司債,11,0,11,凱基-中港,2023-10-17,9202
2324,仁寶,12,1,11,凱基-中港,2023-10-17,9202
2891,中信金,35,24,11,凱基-中港,2023-10-17,9202
00706L,期元大S＆P日圓正2,12,1,11,凱基-中港,2023-10-17,9202
00679B,元大美債20年,12,1,11,凱基-中港,2023-10-17,9202
00722B,群益投資級電信債,10,0,10,凱基-中港,2023-10-17,9202
3260,威剛,28,18,10,凱基-中港,2023-10-17,9202
5009,榮剛,10,0,10,凱基-中港,2023-10-17,9202
3059,華晶科,10,0,10,凱基-中港,2023-10-17,9202
3311,閎暉,10,0,10,凱基-中港,2023-10-17,9202
3046,建��,10,0,10,凱基-中港,2023-10-17,9202
2314,台揚,10,0,10,凱基-中港,2023-10-17,9202
00671R,富邦NASDAQ反1,1199,0,1199,凱基-中港,2023-10-18,9202
0056,元大高股息,183,9,174,凱基-中港,2023-10-18,9202
00878,國泰永續高股息,143,11,132,凱基-中港,2023-10-18,9202
1909,榮成,114,0,114,凱基-中港,2023-10-18,9202
2515,中工,123,44,79,凱基-中港,2023-10-18,9202
00929,復華台灣科技優息,82,4,78,凱基-中港,2023-10-18,9202
00922,國泰台灣領袖50,67,0,67,凱基-中港,2023-10-18,9202
00642U,期元大S＆P石油,66,0,66,凱基-中港,2023-10-18,9202
2369,菱生,108,53,55,凱基-中港,2023-10-18,9202
00679B,元大美債20年,51,0,51,凱基-中港,2023-10-18,9202
00720B,元大投資級公司債,46,0,46,凱基-中港,2023-10-18,9202
2344,華邦電,49,7,42,凱基-中港,2023-10-18,9202
2539,櫻花建,40,0,40,凱基-中港,2023-10-18,9202
2352,佳世達,33,1,32,凱基-中港,2023-10-18,9202
00715L,期街口布蘭特正2,32,0,32,凱基-中港,2023-10-18,9202
2376,技嘉,73,42,31,凱基-中港,2023-10-18,9202
1316,上曜,30,0,30,凱基-中港,2023-10-18,9202
00919,群益台灣精選高息,47,17,30,凱基-中港,2023-10-18,9202
00687B,國泰20年美債,26,0,26,凱基-中港,2023-10-18,9202
1444,力麗,25,0,25,凱基-中港,2023-10-18,9202
2363,矽統,99,76,23,凱基-中港,2023-10-18,9202
00772B,中信高評級公司債,22,0,22,凱基-中港,2023-10-18,9202
00680L,元大美債20正2,22,0,22,凱基-中港,2023-10-18,9202
2332,友訊,21,0,21,凱基-中港,2023-10-18,9202
4541,晟田,20,0,20,凱基-中港,2023-10-18,9202
8261,富鼎,20,0,20,凱基-中港,2023-10-18,9202
00669R,國泰美國道瓊反1,20,0,20,凱基-中港,2023-10-18,9202
1305,華夏,19,0,19,凱基-中港,2023-10-18,9202
2382,廣達,67,48,19,凱基-中港,2023-10-18,9202
2357,華碩,19,1,18,凱基-中港,2023-10-18,9202
2401,凌陽,20,2,18,凱基-中港,2023-10-18,9202
2498,宏達電,23,6,17,凱基-中港,2023-10-18,9202
6531,愛普*,21,5,16,凱基-中港,2023-10-18,9202
00931B,統一美債20年,23,8,15,凱基-中港,2023-10-18,9202
3706,神達,20,5,15,凱基-中港,2023-10-18,9202
3481,群創,14,0,14,凱基-中港,2023-10-18,9202
00788B,元大10年IG電能債,13,0,13,凱基-中港,2023-10-18,9202
2388,威盛,56,43,13,凱基-中港,2023-10-18,9202
3325,旭品,22,10,12,凱基-中港,2023-10-18,9202
2634,漢翔,18,7,11,凱基-中港,2023-10-18,9202
5425,台半,11,0,11,凱基-中港,2023-10-18,9202
3305,昇貿,26,15,11,凱基-中港,2023-10-18,9202
2330,台積電,23,12,11,凱基-中港,2023-10-18,9202
2603,長榮,10,0,10,凱基-中港,2023-10-18,9202
00751B,元大AAA至A公司債,10,0,10,凱基-中港,2023-10-18,9202
4513,福裕,10,0,10,凱基-中港,2023-10-18,9202
3380,明泰,10,0,10,凱基-中港,2023-10-18,9202
3704,合勤控,16,6,10,凱基-中港,2023-10-18,9202
1449,佳和,10,0,10,凱基-中港,2023-10-18,9202
5244,弘凱,10,0,10,凱基-中港,2023-10-18,9202
0056,元大高股息,206,7,199,凱基-中港,2023-10-19,9202
2888,新光金,112,1,111,凱基-中港,2023-10-19,9202
2610,華航,507,403,104,凱基-中港,2023-10-19,9202
00679B,元大美債20年,91,0,91,凱基-中港,2023-10-19,9202
00878,國泰永續高股息,194,105,89,凱基-中港,2023-10-19,9202
00933B,國泰10Y+金融債,97,14,83,凱基-中港,2023-10-19,9202
00772B,中信高評級公司債,71,0,71,凱基-中港,2023-10-19,9202
2885,元大金,61,0,61,凱基-中港,2023-10-19,9202
2002,中鋼,60,1,59,凱基-中港,2023-10-19,9202
00720B,元大投資級公司債,59,0,59,凱基-中港,2023-10-19,9202
2356,英業達,70,13,57,凱基-中港,2023-10-19,9202
6494,九齊,70,20,50,凱基-中港,2023-10-19,9202
2014,中鴻,47,0,47,凱基-中港,2023-10-19,9202
00687B,國泰20年美債,42,0,42,凱基-中港,2023-10-19,9202
00929,復華台灣科技優息,43,3,40,凱基-中港,2023-10-19,9202
1101,台泥,46,7,39,凱基-中港,2023-10-19,9202
2515,中工,40,2,38,凱基-中港,2023-10-19,9202
4714,永捷,38,0,38,凱基-中港,2023-10-19,9202
2363,矽統,68,30,38,凱基-中港,2023-10-19,9202
4979,華星光,50,12,38,凱基-中港,2023-10-19,9202
00637L,元大滬深300正2,40,5,35,凱基-中港,2023-10-19,9202
2364,倫飛,37,2,35,凱基-中港,2023-10-19,9202
00882,中信中國高股息,34,0,34,凱基-中港,2023-10-19,9202
00922,國泰台灣領袖50,34,0,34,凱基-中港,2023-10-19,9202
3059,華晶科,31,0,31,凱基-中港,2023-10-19,9202
2399,映泰,31,1,30,凱基-中港,2023-10-19,9202
1218,泰山,30,0,30,凱基-中港,2023-10-19,9202
00885,富邦越南,30,1,29,凱基-中港,2023-10-19,9202
00712,復華富時不動產,28,0,28,凱基-中港,2023-10-19,9202
00635U,期元大S＆P黃金,29,2,27,凱基-中港,2023-10-19,9202
00633L,富邦上証正2,24,0,24,凱基-中港,2023-10-19,9202
4111,濟生,24,0,24,凱基-中港,2023-10-19,9202
006205,富邦上証,24,0,24,凱基-中港,2023-10-19,9202
6443,元晶,32,10,22,凱基-中港,2023-10-19,9202
1524,耿鼎,44,23,21,凱基-中港,2023-10-19,9202
6695,芯鼎,21,0,21,凱基-中港,2023-10-19,9202
1305,華夏,20,0,20,凱基-中港,2023-10-19,9202
3131,弘塑,17,0,17,凱基-中港,2023-10-19,9202
4128,中天,27,10,17,凱基-中港,2023-10-19,9202
00795B,中信美國公債20年,16,0,16,凱基-中港,2023-10-19,9202
4401,東隆興,16,0,16,凱基-中港,2023-10-19,9202
00902,中信電池及儲能,27,11,16,凱基-中港,2023-10-19,9202
1568,倉佑,19,3,16,凱基-中港,2023-10-19,9202
2618,長榮航,18,2,16,凱基-中港,2023-10-19,9202
2357,華碩,16,1,15,凱基-中港,2023-10-19,9202
2353,宏��,15,0,15,凱基-中港,2023-10-19,9202
3163,波若威,26,11,15,凱基-中港,2023-10-19,9202
00715L,期街口布蘭特正2,15,0,15,凱基-中港,2023-10-19,9202
1611,中電,15,0,15,凱基-中港,2023-10-19,9202
00904,新光臺灣半導體30,15,0,15,凱基-中港,2023-10-19,9202
00632R,元大台灣50反1,1881,73,1808,凱基-中港,2023-10-20,9202
5478,智冠,180,0,180,凱基-中港,2023-10-20,9202
00635U,期元大S＆P黃金,124,0,124,凱基-中港,2023-10-20,9202
00878,國泰永續高股息,118,46,72,凱基-中港,2023-10-20,9202
00679B,元大美債20年,90,20,70,凱基-中港,2023-10-20,9202
00919,群益台灣精選高息,69,4,65,凱基-中港,2023-10-20,9202
00712,復華富時不動產,110,50,60,凱基-中港,2023-10-20,9202
8936,國統,60,0,60,凱基-中港,2023-10-20,9202
2481,強茂,50,0,50,凱基-中港,2023-10-20,9202
3041,揚智,117,67,50,凱基-中港,2023-10-20,9202
6290,良維,53,5,48,凱基-中港,2023-10-20,9202
0056,元大高股息,58,10,48,凱基-中港,2023-10-20,9202
1101,台泥,47,3,44,凱基-中港,2023-10-20,9202
2376,技嘉,58,17,41,凱基-中港,2023-10-20,9202
2892,第一金,42,1,41,凱基-中港,2023-10-20,9202
00922,國泰台灣領袖50,41,1,40,凱基-中港,2023-10-20,9202
00715L,期街口布蘭特正2,40,5,35,凱基-中港,2023-10-20,9202
00933B,國泰10Y+金融債,33,0,33,凱基-中港,2023-10-20,9202
2201,裕隆,27,0,27,凱基-中港,2023-10-20,9202
00722B,群益投資級電信債,25,0,25,凱基-中港,2023-10-20,9202
1907,永豐餘,25,0,25,凱基-中港,2023-10-20,9202
00929,復華台灣科技優息,45,21,24,凱基-中港,2023-10-20,9202
1712,興農,25,1,24,凱基-中港,2023-10-20,9202
00882,中信中國高股息,22,0,22,凱基-中港,2023-10-20,9202
00772B,中信高評級公司債,22,0,22,凱基-中港,2023-10-20,9202
4123,晟德,20,0,20,凱基-中港,2023-10-20,9202
2515,中工,20,0,20,凱基-中港,2023-10-20,9202
1319,東陽,19,0,19,凱基-中港,2023-10-20,9202
00795B,中信美國公債20年,19,0,19,凱基-中港,2023-10-20,9202
4714,永捷,16,0,16,凱基-中港,2023-10-20,9202
6216,居易,16,0,16,凱基-中港,2023-10-20,9202
2204,中華,15,0,15,凱基-中港,2023-10-20,9202
2369,菱生,58,44,14,凱基-中港,2023-10-20,9202
4906,正文,14,0,14,凱基-中港,2023-10-20,9202
6695,芯鼎,16,2,14,凱基-中港,2023-10-20,9202
2363,矽統,18,4,14,凱基-中港,2023-10-20,9202
00720B,元大投資級公司債,14,0,14,凱基-中港,2023-10-20,9202
2308,台達電,13,0,13,凱基-中港,2023-10-20,9202
2105,正新,13,0,13,凱基-中港,2023-10-20,9202
6568,宏觀,14,1,13,凱基-中港,2023-10-20,9202
6684,安格,13,0,13,凱基-中港,2023-10-20,9202
5871,中租-KY,13,0,13,凱基-中港,2023-10-20,9202
2002,中鋼,13,1,12,凱基-中港,2023-10-20,9202
2449,京元電子,28,16,12,凱基-中港,2023-10-20,9202
00751B,元大AAA至A公司債,12,0,12,凱基-中港,2023-10-20,9202
00900,富邦特選高股息30,13,1,12,凱基-中港,2023-10-20,9202
1802,台玻,14,2,12,凱基-中港,2023-10-20,9202
2883,凱基金,14,2,12,凱基-中港,2023-10-20,9202
1785,光洋科,15,3,12,凱基-中港,2023-10-20,9202
00713,元大台灣高息低波,11,0,11,凱基-中港,2023-10-20,9202
00632R,元大台灣50反1,1374,10,1364,凱基-中港,2023-10-23,9202
5478,智冠,382,2,380,凱基-中港,2023-10-23,9202
1216,統一,171,0,171,凱基-中港,2023-10-23,9202
00712,復華富時不動產,158,0,158,凱基-中港,2023-10-23,9202
00680L,元大美債20正2,111,0,111,凱基-中港,2023-10-23,9202
00687B,國泰20年美債,87,0,87,凱基-中港,2023-10-23,9202
00929,復華台灣科技優息,90,10,80,凱基-中港,2023-10-23,9202
2317,鴻海,81,7,74,凱基-中港,2023-10-23,9202
1609,大亞,72,3,69,凱基-中港,2023-10-23,9202
00878,國泰永續高股息,65,5,60,凱基-中港,2023-10-23,9202
2606,裕民,50,0,50,凱基-中港,2023-10-23,9202
00751B,元大AAA至A公司債,44,0,44,凱基-中港,2023-10-23,9202
00919,群益台灣精選高息,43,0,43,凱基-中港,2023-10-23,9202
00922,國泰台灣領袖50,41,1,40,凱基-中港,2023-10-23,9202
00720B,元大投資級公司債,41,1,40,凱基-中港,2023-10-23,9202
2369,菱生,63,26,37,凱基-中港,2023-10-23,9202
3051,力特,46,12,34,凱基-中港,2023-10-23,9202
00679B,元大美債20年,35,2,33,凱基-中港,2023-10-23,9202
2886,兆豐金,35,4,31,凱基-中港,2023-10-23,9202
0056,元大高股息,40,11,29,凱基-中港,2023-10-23,9202
2454,聯發科,30,2,28,凱基-中港,2023-10-23,9202
2402,毅嘉,28,3,25,凱基-中港,2023-10-23,9202
5386,青雲,34,14,20,凱基-中港,2023-10-23,9202
1305,華夏,20,0,20,凱基-中港,2023-10-23,9202
2409,友達,23,3,20,凱基-中港,2023-10-23,9202
2313,華通,27,8,19,凱基-中港,2023-10-23,9202
2379,瑞昱,21,3,18,凱基-中港,2023-10-23,9202
00882,中信中國高股息,18,0,18,凱基-中港,2023-10-23,9202
3305,昇貿,25,8,17,凱基-中港,2023-10-23,9202
3481,群創,17,0,17,凱基-中港,2023-10-23,9202
0050,元大台灣50,16,0,16,凱基-中港,2023-10-23,9202
00933B,國泰10Y+金融債,58,43,15,凱基-中港,2023-10-23,9202
2449,京元電子,29,14,15,凱基-中港,2023-10-23,9202
2883,凱基金,17,2,15,凱基-中港,2023-10-23,9202
00923,群益台ESG低碳50,14,0,14,凱基-中港,2023-10-23,9202
00888,永豐台灣ESG,14,0,14,凱基-中港,2023-10-23,9202
2618,長榮航,42,28,14,凱基-中港,2023-10-23,9202
2344,華邦電,23,10,13,凱基-中港,2023-10-23,9202
2382,廣達,24,12,12,凱基-中港,2023-10-23,9202
8069,元太,15,3,12,凱基-中港,2023-10-23,9202
4541,晟田,12,0,12,凱基-中港,2023-10-23,9202
2881,富邦金,12,0,12,凱基-中港,2023-10-23,9202
00931B,統一美債20年,11,0,11,凱基-中港,2023-10-23,9202
5234,達興材料,11,0,11,凱基-中港,2023-10-23,9202
2867,三商壽,11,0,11,凱基-中港,2023-10-23,9202
00915,凱基優選高股息30,11,0,11,凱基-中港,2023-10-23,9202
00881,國泰台灣5G+,12,1,11,凱基-中港,2023-10-23,9202
00900,富邦特選高股息30,11,1,10,凱基-中港,2023-10-23,9202
3013,晟銘電,10,0,10,凱基-中港,2023-10-23,9202
1909,榮成,10,0,10,凱基-中港,2023-10-23,9202
00712,復華富時不動產,112,0,112,凱基-中港,2023-10-24,9202
2317,鴻海,170,64,106,凱基-中港,2023-10-24,9202
00655L,國泰中國A50正2,100,0,100,凱基-中港,2023-10-24,9202
6197,佳必琪,99,1,98,凱基-中港,2023-10-24,9202
00680L,元大美債20正2,70,10,60,凱基-中港,2023-10-24,9202
2883,凱基金,57,1,56,凱基-中港,2023-10-24,9202
5478,智冠,54,0,54,凱基-中港,2023-10-24,9202
1301,台塑,57,10,47,凱基-中港,2023-10-24,9202
3049,精金,45,0,45,凱基-中港,2023-10-24,9202
2610,華航,42,3,39,凱基-中港,2023-10-24,9202
2344,華邦電,37,1,36,凱基-中港,2023-10-24,9202
3051,力特,103,67,36,凱基-中港,2023-10-24,9202
00751B,元大AAA至A公司債,37,2,35,凱基-中港,2023-10-24,9202
00929,復華台灣科技優息,45,20,25,凱基-中港,2023-10-24,9202
3481,群創,33,8,25,凱基-中港,2023-10-24,9202
2369,菱生,184,162,22,凱基-中港,2023-10-24,9202
2618,長榮航,28,6,22,凱基-中港,2023-10-24,9202
2367,燿華,22,1,21,凱基-中港,2023-10-24,9202
4162,智擎,32,12,20,凱基-中港,2023-10-24,9202
00878,國泰永續高股息,40,20,20,凱基-中港,2023-10-24,9202
2014,中鴻,71,51,20,凱基-中港,2023-10-24,9202
9950,萬國通,17,0,17,凱基-中港,2023-10-24,9202
00637L,元大滬深300正2,17,0,17,凱基-中港,2023-10-24,9202
2891,中信金,18,1,17,凱基-中港,2023-10-24,9202
2002,中鋼,23,6,17,凱基-中港,2023-10-24,9202
0056,元大高股息,33,18,15,凱基-中港,2023-10-24,9202
4944,兆遠,19,4,15,凱基-中港,2023-10-24,9202
2855,統一證,15,0,15,凱基-中港,2023-10-24,9202
1316,上曜,13,0,13,凱基-中港,2023-10-24,9202
2834,臺企銀,16,3,13,凱基-中港,2023-10-24,9202
00922,國泰台灣領袖50,13,0,13,凱基-中港,2023-10-24,9202
5608,四維航,13,0,13,凱基-中港,2023-10-24,9202
3701,大眾控,14,2,12,凱基-中港,2023-10-24,9202
3131,弘塑,11,0,11,凱基-中港,2023-10-24,9202
1467,南緯,11,0,11,凱基-中港,2023-10-24,9202
1701,中化,11,0,11,凱基-中港,2023-10-24,9202
4542,科嶠,14,3,11,凱基-中港,2023-10-24,9202
00645,富邦日本,11,0,11,凱基-中港,2023-10-24,9202
3715,定穎投控,28,17,11,凱基-中港,2023-10-24,9202
2801,彰銀,10,0,10,凱基-中港,2023-10-24,9202
2308,台達電,9,0,9,凱基-中港,2023-10-24,9202
4157,太景*-KY,9,0,9,凱基-中港,2023-10-24,9202
1721,三晃,37,28,9,凱基-中港,2023-10-24,9202
2419,仲琦,10,1,9,凱基-中港,2023-10-24,9202
2881,富邦金,9,0,9,凱基-中港,2023-10-24,9202
8150,南茂,8,0,8,凱基-中港,2023-10-24,9202
3450,聯鈞,19,11,8,凱基-中港,2023-10-24,9202
1795,美時,9,1,8,凱基-中港,2023-10-24,9202
00893,國泰智能電動車,8,0,8,凱基-中港,2023-10-24,9202
00923,群益台ESG低碳50,7,0,7,凱基-中港,2023-10-24,9202
00680L,元大美債20正2,180,50,130,凱基-中港,2023-10-25,9202
00929,復華台灣科技優息,85,3,82,凱基-中港,2023-10-25,9202
3231,緯創,79,33,46,凱基-中港,2023-10-25,9202
4541,晟田,40,0,40,凱基-中港,2023-10-25,9202
8942,森鉅,26,1,25,凱基-中港,2023-10-25,9202
4128,中天,25,0,25,凱基-中港,2023-10-25,9202
2313,華通,43,18,25,凱基-中港,2023-10-25,9202
00878,國泰永續高股息,41,19,22,凱基-中港,2023-10-25,9202
00933B,國泰10Y+金融債,21,0,21,凱基-中港,2023-10-25,9202
00650L,復華香港正2,20,0,20,凱基-中港,2023-10-25,9202
1604,聲寶,19,0,19,凱基-中港,2023-10-25,9202
2303,聯電,43,27,16,凱基-中港,2023-10-25,9202
9105,泰金寶-DR,15,0,15,凱基-中港,2023-10-25,9202
2329,華泰,19,5,14,凱基-中港,2023-10-25,9202
2344,華邦電,17,3,14,凱基-中港,2023-10-25,9202
3234,光環,14,0,14,凱基-中港,2023-10-25,9202
6451,訊芯-KY,18,4,14,凱基-中港,2023-10-25,9202
3049,精金,14,0,14,凱基-中港,2023-10-25,9202
4960,誠美材,15,2,13,凱基-中港,2023-10-25,9202
2637,慧洋-KY,14,1,13,凱基-中港,2023-10-25,9202
6282,康舒,19,7,12,凱基-中港,2023-10-25,9202
6418,詠昇,12,0,12,凱基-中港,2023-10-25,9202
00679B,元大美債20年,17,6,11,凱基-中港,2023-10-25,9202
4906,正文,11,0,11,凱基-中港,2023-10-25,9202
2883,凱基金,16,5,11,凱基-中港,2023-10-25,9202
1524,耿鼎,117,107,10,凱基-中港,2023-10-25,9202
3094,聯傑,10,0,10,凱基-中港,2023-10-25,9202
8110,華東,51,41,10,凱基-中港,2023-10-25,9202
2867,三商壽,10,0,10,凱基-中港,2023-10-25,9202
9934,成霖,10,0,10,凱基-中港,2023-10-25,9202
1701,中化,10,0,10,凱基-中港,2023-10-25,9202
4162,智擎,20,10,10,凱基-中港,2023-10-25,9202
2390,云辰,9,0,9,凱基-中港,2023-10-25,9202
3062,建漢,10,1,9,凱基-中港,2023-10-25,9202
6150,撼訊,33,24,9,凱基-中港,2023-10-25,9202
2457,飛宏,11,2,9,凱基-中港,2023-10-25,9202
5351,鈺創,14,6,8,凱基-中港,2023-10-25,9202
00687B,國泰20年美債,23,15,8,凱基-中港,2023-10-25,9202
8044,網家,8,0,8,凱基-中港,2023-10-25,9202
2462,良得電,11,4,7,凱基-中港,2023-10-25,9202
3447,展達,7,0,7,凱基-中港,2023-10-25,9202
1781,合世,7,0,7,凱基-中港,2023-10-25,9202
8176,智捷,7,0,7,凱基-中港,2023-10-25,9202
6156,松上,8,1,7,凱基-中港,2023-10-25,9202
2603,長榮,11,4,7,凱基-中港,2023-10-25,9202
2515,中工,6,0,6,凱基-中港,2023-10-25,9202
00720B,元大投資級公司債,6,0,6,凱基-中港,2023-10-25,9202
2449,京元電子,7,1,6,凱基-中港,2023-10-25,9202
2543,皇昌,9,3,6,凱基-中港,2023-10-25,9202
3703,欣陸,6,0,6,凱基-中港,2023-10-25,9202
2344,華邦電,167,10,157,凱基-中港,2023-10-26,9202
00929,復華台灣科技優息,116,5,111,凱基-中港,2023-10-26,9202
9105,泰金寶-DR,105,0,105,凱基-中港,2023-10-26,9202
2303,聯電,324,239,85,凱基-中港,2023-10-26,9202
00642U,期元大S＆P石油,66,0,66,凱基-中港,2023-10-26,9202
00878,國泰永續高股息,77,14,63,凱基-中港,2023-10-26,9202
00712,復華富時不動產,66,5,61,凱基-中港,2023-10-26,9202
2891,中信金,59,0,59,凱基-中港,2023-10-26,9202
00885,富邦越南,68,10,58,凱基-中港,2023-10-26,9202
00715L,期街口布蘭特正2,64,13,51,凱基-中港,2023-10-26,9202
00655L,國泰中國A50正2,50,0,50,凱基-中港,2023-10-26,9202
2485,兆赫,54,6,48,凱基-中港,2023-10-26,9202
00919,群益台灣精選高息,47,0,47,凱基-中港,2023-10-26,9202
00923,群益台ESG低碳50,40,0,40,凱基-中港,2023-10-26,9202
1316,上曜,40,4,36,凱基-中港,2023-10-26,9202
2883,凱基金,36,1,35,凱基-中港,2023-10-26,9202
0056,元大高股息,35,2,33,凱基-中港,2023-10-26,9202
2356,英業達,34,8,26,凱基-中港,2023-10-26,9202
1524,耿鼎,51,25,26,凱基-中港,2023-10-26,9202
0050,元大台灣50,25,0,25,凱基-中港,2023-10-26,9202
2892,第一金,25,0,25,凱基-中港,2023-10-26,9202
00687B,國泰20年美債,24,0,24,凱基-中港,2023-10-26,9202
00631L,元大台灣50正2,43,20,23,凱基-中港,2023-10-26,9202
3094,聯傑,23,0,23,凱基-中港,2023-10-26,9202
3034,聯詠,32,10,22,凱基-中港,2023-10-26,9202
00922,國泰台灣領袖50,22,0,22,凱基-中港,2023-10-26,9202
1301,台塑,21,0,21,凱基-中港,2023-10-26,9202
6271,同欣電,21,0,21,凱基-中港,2023-10-26,9202
00882,中信中國高股息,20,0,20,凱基-中港,2023-10-26,9202
2317,鴻海,24,4,20,凱基-中港,2023-10-26,9202
2022,聚亨,20,0,20,凱基-中港,2023-10-26,9202
2834,臺企銀,20,0,20,凱基-中港,2023-10-26,9202
6282,康舒,20,1,19,凱基-中港,2023-10-26,9202
4162,智擎,22,4,18,凱基-中港,2023-10-26,9202
2002,中鋼,19,1,18,凱基-中港,2023-10-26,9202
2330,台積電,17,0,17,凱基-中港,2023-10-26,9202
00680L,元大美債20正2,16,0,16,凱基-中港,2023-10-26,9202
3450,聯鈞,18,2,16,凱基-中港,2023-10-26,9202
2637,慧洋-KY,20,5,15,凱基-中港,2023-10-26,9202
2886,兆豐金,15,0,15,凱基-中港,2023-10-26,9202
4105,東洋,14,0,14,凱基-中港,2023-10-26,9202
1326,台化,13,0,13,凱基-中港,2023-10-26,9202
2337,旺宏,16,3,13,凱基-中港,2023-10-26,9202
006208,富邦台50,13,0,13,凱基-中港,2023-10-26,9202
3481,群創,16,3,13,凱基-中港,2023-10-26,9202
3715,定穎投控,52,39,13,凱基-中港,2023-10-26,9202
00898,國泰基因免疫革命,12,0,12,凱基-中港,2023-10-26,9202
2888,新光金,11,0,11,凱基-中港,2023-10-26,9202
1402,遠東新,11,0,11,凱基-中港,2023-10-26,9202
2801,彰銀,11,0,11,凱基-中港,2023-10-26,9202
00929,復華台灣科技優息,88,12,76,凱基-中港,2023-10-27,9202
00712,復華富時不動產,76,0,76,凱基-中港,2023-10-27,9202
4960,誠美材,77,16,61,凱基-中港,2023-10-27,9202
2324,仁寶,50,1,49,凱基-中港,2023-10-27,9202
00885,富邦越南,49,1,48,凱基-中港,2023-10-27,9202
2002,中鋼,47,0,47,凱基-中港,2023-10-27,9202
5009,榮剛,48,2,46,凱基-中港,2023-10-27,9202
2891,中信金,40,3,37,凱基-中港,2023-10-27,9202
5011,久陽,195,162,33,凱基-中港,2023-10-27,9202
6578,達邦蛋白,30,0,30,凱基-中港,2023-10-27,9202
6419,京晨科,29,0,29,凱基-中港,2023-10-27,9202
2867,三商壽,34,7,27,凱基-中港,2023-10-27,9202
3013,晟銘電,39,14,25,凱基-中港,2023-10-27,9202
00632R,元大台灣50反1,23,1,22,凱基-中港,2023-10-27,9202
2317,鴻海,21,0,21,凱基-中港,2023-10-27,9202
6005,群益證,21,0,21,凱基-中港,2023-10-27,9202
2201,裕隆,21,1,20,凱基-中港,2023-10-27,9202
2022,聚亨,20,0,20,凱基-中港,2023-10-27,9202
3702,大聯大,18,1,17,凱基-中港,2023-10-27,9202
2337,旺宏,20,3,17,凱基-中港,2023-10-27,9202
3006,晶豪科,23,7,16,凱基-中港,2023-10-27,9202
00688L,國泰20年美債正2,20,4,16,凱基-中港,2023-10-27,9202
00720B,元大投資級公司債,15,0,15,凱基-中港,2023-10-27,9202
00919,群益台灣精選高息,14,0,14,凱基-中港,2023-10-27,9202
2314,台揚,13,0,13,凱基-中港,2023-10-27,9202
6271,同欣電,13,0,13,凱基-中港,2023-10-27,9202
1301,台塑,12,0,12,凱基-中港,2023-10-27,9202
9904,寶成,11,0,11,凱基-中港,2023-10-27,9202
1216,統一,11,0,11,凱基-中港,2023-10-27,9202
00772B,中信高評級公司債,10,0,10,凱基-中港,2023-10-27,9202
2413,環科,10,0,10,凱基-中港,2023-10-27,9202
3043,科風,10,0,10,凱基-中港,2023-10-27,9202
2812,台中銀,10,0,10,凱基-中港,2023-10-27,9202
8176,智捷,10,0,10,凱基-中港,2023-10-27,9202
3715,定穎投控,69,59,10,凱基-中港,2023-10-27,9202
2454,聯發科,9,0,9,凱基-中港,2023-10-27,9202
3260,威剛,20,11,9,凱基-中港,2023-10-27,9202
00921,兆豐龍頭等權重,10,1,9,凱基-中港,2023-10-27,9202
6126,信音,11,2,9,凱基-中港,2023-10-27,9202
3122,笙泉,64,55,9,凱基-中港,2023-10-27,9202
4168,醣聯,10,2,8,凱基-中港,2023-10-27,9202
1721,三晃,11,3,8,凱基-中港,2023-10-27,9202
2368,金像電,11,3,8,凱基-中港,2023-10-27,9202
00922,國泰台灣領袖50,6,0,6,凱基-中港,2023-10-27,9202
00687B,國泰20年美債,7,1,6,凱基-中港,2023-10-27,9202
6770,力積電,6,0,6,凱基-中港,2023-10-27,9202
4542,科嶠,8,2,6,凱基-中港,2023-10-27,9202
00642U,期元大S＆P石油,6,0,6,凱基-中港,2023-10-27,9202
4174,浩鼎,6,0,6,凱基-中港,2023-10-27,9202
3438,類比科,6,0,6,凱基-中港,2023-10-27,9202
00632R,元大台灣50反1,321,0,321,凱基-中港,2023-10-30,9202
2891,中信金,287,0,287,凱基-中港,2023-10-30,9202
2317,鴻海,170,68,102,凱基-中港,2023-10-30,9202
2618,長榮航,97,1,96,凱基-中港,2023-10-30,9202
3105,穩懋,85,0,85,凱基-中港,2023-10-30,9202
1909,榮成,81,0,81,凱基-中港,2023-10-30,9202
00679B,元大美債20年,70,3,67,凱基-中港,2023-10-30,9202
6176,瑞儀,60,0,60,凱基-中港,2023-10-30,9202
00687B,國泰20年美債,53,0,53,凱基-中港,2023-10-30,9202
00893,國泰智能電動車,50,1,49,凱基-中港,2023-10-30,9202
1314,中石化,43,0,43,凱基-中港,2023-10-30,9202
3231,緯創,69,26,43,凱基-中港,2023-10-30,9202
2369,菱生,39,1,38,凱基-中港,2023-10-30,9202
00882,中信中國高股息,40,3,37,凱基-中港,2023-10-30,9202
6168,宏齊,47,11,36,凱基-中港,2023-10-30,9202
2886,兆豐金,32,0,32,凱基-中港,2023-10-30,9202
00635U,期元大S＆P黃金,30,0,30,凱基-中港,2023-10-30,9202
2645,長榮航太,26,0,26,凱基-中港,2023-10-30,9202
00931B,統一美債20年,30,6,24,凱基-中港,2023-10-30,9202
00885,富邦越南,24,0,24,凱基-中港,2023-10-30,9202
00712,復華富時不動產,44,20,24,凱基-中港,2023-10-30,9202
2376,技嘉,32,9,23,凱基-中港,2023-10-30,9202
5521,工信,27,6,21,凱基-中港,2023-10-30,9202
2344,華邦電,34,13,21,凱基-中港,2023-10-30,9202
1316,上曜,20,0,20,凱基-中港,2023-10-30,9202
2641,正德,18,0,18,凱基-中港,2023-10-30,9202
00919,群益台灣精選高息,16,0,16,凱基-中港,2023-10-30,9202
5483,中美晶,19,3,16,凱基-中港,2023-10-30,9202
8088,品安,21,6,15,凱基-中港,2023-10-30,9202
1712,興農,13,0,13,凱基-中港,2023-10-30,9202
00878,國泰永續高股息,17,4,13,凱基-中港,2023-10-30,9202
00929,復華台灣科技優息,29,16,13,凱基-中港,2023-10-30,9202
2417,圓剛,14,2,12,凱基-中港,2023-10-30,9202
00720B,元大投資級公司債,12,0,12,凱基-中港,2023-10-30,9202
2002,中鋼,12,0,12,凱基-中港,2023-10-30,9202
1326,台化,13,1,12,凱基-中港,2023-10-30,9202
2356,英業達,14,2,12,凱基-中港,2023-10-30,9202
2316,楠梓電,12,1,11,凱基-中港,2023-10-30,9202
1216,統一,11,0,11,凱基-中港,2023-10-30,9202
9904,寶成,11,0,11,凱基-中港,2023-10-30,9202
2850,新產,10,0,10,凱基-中港,2023-10-30,9202
4564,元翎,10,0,10,凱基-中港,2023-10-30,9202
1907,永豐餘,10,0,10,凱基-中港,2023-10-30,9202
00715L,期街口布蘭特正2,10,0,10,凱基-中港,2023-10-30,9202
4529,淳紳,10,0,10,凱基-中港,2023-10-30,9202
6187,萬潤,10,0,10,凱基-中港,2023-10-30,9202
2308,台達電,10,1,9,凱基-中港,2023-10-30,9202
1524,耿鼎,9,0,9,凱基-中港,2023-10-30,9202
2890,永豐金,9,0,9,凱基-中港,2023-10-30,9202
3051,力特,17,9,8,凱基-中港,2023-10-30,9202
2891,中信金,369,1,368,凱基-中港,2023-10-31,9202
00632R,元大台灣50反1,204,10,194,凱基-中港,2023-10-31,9202
1909,榮成,121,0,121,凱基-中港,2023-10-31,9202
00715L,期街口布蘭特正2,90,2,88,凱基-中港,2023-10-31,9202
0056,元大高股息,68,1,67,凱基-中港,2023-10-31,9202
00878,國泰永續高股息,64,0,64,凱基-中港,2023-10-31,9202
4306,炎洲,60,0,60,凱基-中港,2023-10-31,9202
2382,廣達,98,39,59,凱基-中港,2023-10-31,9202
00929,復華台灣科技優息,63,9,54,凱基-中港,2023-10-31,9202
00885,富邦越南,51,0,51,凱基-中港,2023-10-31,9202
2481,強茂,51,0,51,凱基-中港,2023-10-31,9202
00634R,富邦上証反1,40,0,40,凱基-中港,2023-10-31,9202
2344,華邦電,63,24,39,凱基-中港,2023-10-31,9202
2303,聯電,62,26,36,凱基-中港,2023-10-31,9202
1218,泰山,36,0,36,凱基-中港,2023-10-31,9202
3704,合勤控,37,5,32,凱基-中港,2023-10-31,9202
00669R,國泰美國道瓊反1,31,0,31,凱基-中港,2023-10-31,9202
2884,玉山金,32,2,30,凱基-中港,2023-10-31,9202
00882,中信中國高股息,30,0,30,凱基-中港,2023-10-31,9202
2330,台積電,32,2,30,凱基-中港,2023-10-31,9202
1712,興農,25,0,25,凱基-中港,2023-10-31,9202
00679B,元大美債20年,24,0,24,凱基-中港,2023-10-31,9202
00631L,元大台灣50正2,22,0,22,凱基-中港,2023-10-31,9202
3046,建��,20,0,20,凱基-中港,2023-10-31,9202
2022,聚亨,20,0,20,凱基-中港,2023-10-31,9202
4541,晟田,40,20,20,凱基-中港,2023-10-31,9202
2376,技嘉,46,26,20,凱基-中港,2023-10-31,9202
00923,群益台ESG低碳50,19,0,19,凱基-中港,2023-10-31,9202
00922,國泰台灣領袖50,19,0,19,凱基-中港,2023-10-31,9202
3576,聯合再生,66,48,18,凱基-中港,2023-10-31,9202
2356,英業達,24,7,17,凱基-中港,2023-10-31,9202
2367,燿華,17,0,17,凱基-中港,2023-10-31,9202
3041,揚智,17,0,17,凱基-中港,2023-10-31,9202
4960,誠美材,23,7,16,凱基-中港,2023-10-31,9202
2609,陽明,15,0,15,凱基-中港,2023-10-31,9202
2357,華碩,14,0,14,凱基-中港,2023-10-31,9202
1605,華新,14,1,13,凱基-中港,2023-10-31,9202
1305,華夏,13,0,13,凱基-中港,2023-10-31,9202
2454,聯發科,15,2,13,凱基-中港,2023-10-31,9202
3231,緯創,107,94,13,凱基-中港,2023-10-31,9202
00751B,元大AAA至A公司債,12,0,12,凱基-中港,2023-10-31,9202
2201,裕隆,14,2,12,凱基-中港,2023-10-31,9202
1514,亞力,14,2,12,凱基-中港,2023-10-31,9202
2399,映泰,12,0,12,凱基-中港,2023-10-31,9202
1513,中興電,15,3,12,凱基-中港,2023-10-31,9202
2390,云辰,17,5,12,凱基-中港,2023-10-31,9202
2881,富邦金,15,4,11,凱基-中港,2023-10-31,9202
2337,旺宏,12,1,11,凱基-中港,2023-10-31,9202
2458,義隆,11,0,11,凱基-中港,2023-10-31,9202
00902,中信電池及儲能,11,0,11,凱基-中港,2023-10-31,9202
00934,中信成長高股息,798,50,748,凱基-中港,2023-11-01,9202
00878,國泰永續高股息,96,6,90,凱基-中港,2023-11-01,9202
00751B,元大AAA至A公司債,78,0,78,凱基-中港,2023-11-01,9202
8936,國統,81,5,76,凱基-中港,2023-11-01,9202
00929,復華台灣科技優息,85,43,42,凱基-中港,2023-11-01,9202
2610,華航,52,11,41,凱基-中港,2023-11-01,9202
2317,鴻海,38,2,36,凱基-中港,2023-11-01,9202
2014,中鴻,40,10,30,凱基-中港,2023-11-01,9202
2363,矽統,35,7,28,凱基-中港,2023-11-01,9202
6191,精成科,32,8,24,凱基-中港,2023-11-01,9202
1712,興農,24,0,24,凱基-中港,2023-11-01,9202
3576,聯合再生,22,0,22,凱基-中港,2023-11-01,9202
6443,元晶,21,0,21,凱基-中港,2023-11-01,9202
00753L,中信中國50正2,20,0,20,凱基-中港,2023-11-01,9202
00632R,元大台灣50反1,20,1,19,凱基-中港,2023-11-01,9202
6841,長佳智能,21,2,19,凱基-中港,2023-11-01,9202
3176,基亞,22,3,19,凱基-中港,2023-11-01,9202
00642U,期元大S＆P石油,16,0,16,凱基-中港,2023-11-01,9202
00715L,期街口布蘭特正2,16,0,16,凱基-中港,2023-11-01,9202
00679B,元大美債20年,16,0,16,凱基-中港,2023-11-01,9202
3481,群創,19,4,15,凱基-中港,2023-11-01,9202
4915,致伸,14,0,14,凱基-中港,2023-11-01,9202
2888,新光金,14,0,14,凱基-中港,2023-11-01,9202
6282,康舒,13,0,13,凱基-中港,2023-11-01,9202
00687B,國泰20年美債,12,0,12,凱基-中港,2023-11-01,9202
0050,元大台灣50,12,0,12,凱基-中港,2023-11-01,9202
00922,國泰台灣領袖50,11,0,11,凱基-中港,2023-11-01,9202
2313,華通,11,0,11,凱基-中港,2023-11-01,9202
6541,泰福-KY,11,0,11,凱基-中港,2023-11-01,9202
3034,聯詠,18,8,10,凱基-中港,2023-11-01,9202
2409,友達,11,1,10,凱基-中港,2023-11-01,9202
00669R,國泰美國道瓊反1,10,0,10,凱基-中港,2023-11-01,9202
6142,友勁,10,0,10,凱基-中港,2023-11-01,9202
3673,TPK-KY,10,0,10,凱基-中港,2023-11-01,9202
1611,中電,10,0,10,凱基-中港,2023-11-01,9202
6120,達運,10,0,10,凱基-中港,2023-11-01,9202
1907,永豐餘,10,0,10,凱基-中港,2023-11-01,9202
6684,安格,12,2,10,凱基-中港,2023-11-01,9202
2891,中信金,16,6,10,凱基-中港,2023-11-01,9202
3483,力致,13,3,10,凱基-中港,2023-11-01,9202
4167,松瑞藥,30,20,10,凱基-中港,2023-11-01,9202
2353,宏��,10,0,10,凱基-中港,2023-11-01,9202
2330,台積電,9,0,9,凱基-中港,2023-11-01,9202
2382,廣達,23,14,9,凱基-中港,2023-11-01,9202
3380,明泰,10,1,9,凱基-中港,2023-11-01,9202
2457,飛宏,19,10,9,凱基-中港,2023-11-01,9202
2886,兆豐金,9,0,9,凱基-中港,2023-11-01,9202
2358,廷鑫,10,1,9,凱基-中港,2023-11-01,9202
1449,佳和,10,2,8,凱基-中港,2023-11-01,9202
2405,輔信,9,1,8,凱基-中港,2023-11-01,9202
00632R,元大台灣50反1,324,10,314,凱基-中港,2023-11-02,9202
00637L,元大滬深300正2,125,3,122,凱基-中港,2023-11-02,9202
00935,野村臺灣新科技50,84,0,84,凱基-中港,2023-11-02,9202
1712,興農,60,0,60,凱基-中港,2023-11-02,9202
2363,矽統,66,19,47,凱基-中港,2023-11-02,9202
2337,旺宏,42,0,42,凱基-中港,2023-11-02,9202
00669R,國泰美國道瓊反1,40,0,40,凱基-中港,2023-11-02,9202
3481,群創,70,34,36,凱基-中港,2023-11-02,9202
00934,中信成長高股息,43,11,32,凱基-中港,2023-11-02,9202
1218,泰山,24,0,24,凱基-中港,2023-11-02,9202
2332,友訊,20,0,20,凱基-中港,2023-11-02,9202
2419,仲琦,23,4,19,凱基-中港,2023-11-02,9202
3545,敦泰,20,1,19,凱基-中港,2023-11-02,9202
2313,華通,31,12,19,凱基-中港,2023-11-02,9202
00885,富邦越南,38,20,18,凱基-中港,2023-11-02,9202
00931B,統一美債20年,18,0,18,凱基-中港,2023-11-02,9202
3078,僑威,22,5,17,凱基-中港,2023-11-02,9202
2303,聯電,52,36,16,凱基-中港,2023-11-02,9202
2485,兆赫,17,1,16,凱基-中港,2023-11-02,9202
8086,宏捷科,27,12,15,凱基-中港,2023-11-02,9202
6488,環球晶,14,1,13,凱基-中港,2023-11-02,9202
3576,聯合再生,12,0,12,凱基-中港,2023-11-02,9202
8227,巨有科技,19,8,11,凱基-中港,2023-11-02,9202
2892,第一金,11,0,11,凱基-中港,2023-11-02,9202
3704,合勤控,19,8,11,凱基-中港,2023-11-02,9202
3450,聯鈞,34,23,11,凱基-中港,2023-11-02,9202
00634R,富邦上証反1,10,0,10,凱基-中港,2023-11-02,9202
8054,安國,26,16,10,凱基-中港,2023-11-02,9202
3530,晶相光,10,0,10,凱基-中港,2023-11-02,9202
2884,玉山金,10,1,9,凱基-中港,2023-11-02,9202
3583,辛耘,11,2,9,凱基-中港,2023-11-02,9202
6235,華孚,15,6,9,凱基-中港,2023-11-02,9202
2883,凱基金,9,1,8,凱基-中港,2023-11-02,9202
2105,正新,7,0,7,凱基-中港,2023-11-02,9202
1326,台化,7,0,7,凱基-中港,2023-11-02,9202
4974,亞泰,7,0,7,凱基-中港,2023-11-02,9202
2367,燿華,11,4,7,凱基-中港,2023-11-02,9202
2465,麗臺,9,3,6,凱基-中港,2023-11-02,9202
8432,東生華,6,0,6,凱基-中港,2023-11-02,9202
6530,創威,6,0,6,凱基-中港,2023-11-02,9202
2356,英業達,83,77,6,凱基-中港,2023-11-02,9202
6139,亞翔,16,10,6,凱基-中港,2023-11-02,9202
6214,精誠,5,0,5,凱基-中港,2023-11-02,9202
1471,首利,5,0,5,凱基-中港,2023-11-02,9202
6158,禾昌,6,1,5,凱基-中港,2023-11-02,9202
00690,兆豐藍籌30,5,0,5,凱基-中港,2023-11-02,9202
00901,永豐智能車供應鏈,5,0,5,凱基-中港,2023-11-02,9202
1609,大亞,5,0,5,凱基-中港,2023-11-02,9202
6206,飛捷,23,18,5,凱基-中港,2023-11-02,9202
00671R,富邦NASDAQ反1,5,0,5,凱基-中港,2023-11-02,9202
00632R,元大台灣50反1,224,20,204,凱基-中港,2023-11-03,9202
2329,華泰,104,7,97,凱基-中港,2023-11-03,9202
1718,中纖,80,0,80,凱基-中港,2023-11-03,9202
00929,復華台灣科技優息,82,12,70,凱基-中港,2023-11-03,9202
3231,緯創,86,20,66,凱基-中港,2023-11-03,9202
00669R,國泰美國道瓊反1,50,0,50,凱基-中港,2023-11-03,9202
9921,巨大,50,1,49,凱基-中港,2023-11-03,9202
00933B,國泰10Y+金融債,60,12,48,凱基-中港,2023-11-03,9202
00900,富邦特選高股息30,49,14,35,凱基-中港,2023-11-03,9202
2515,中工,30,0,30,凱基-中港,2023-11-03,9202
8163,達方,26,2,24,凱基-中港,2023-11-03,9202
00679B,元大美債20年,44,21,23,凱基-中港,2023-11-03,9202
1218,泰山,23,0,23,凱基-中港,2023-11-03,9202
2641,正德,23,1,22,凱基-中港,2023-11-03,9202
00878,國泰永續高股息,49,28,21,凱基-中港,2023-11-03,9202
1524,耿鼎,31,10,21,凱基-中港,2023-11-03,9202
6235,華孚,30,9,21,凱基-中港,2023-11-03,9202
00680L,元大美債20正2,70,50,20,凱基-中港,2023-11-03,9202
1477,聚陽,19,0,19,凱基-中港,2023-11-03,9202
3122,笙泉,24,6,18,凱基-中港,2023-11-03,9202
5483,中美晶,20,3,17,凱基-中港,2023-11-03,9202
2382,廣達,31,14,17,凱基-中港,2023-11-03,9202
3034,聯詠,30,13,17,凱基-中港,2023-11-03,9202
1308,亞聚,16,0,16,凱基-中港,2023-11-03,9202
00919,群益台灣精選高息,18,2,16,凱基-中港,2023-11-03,9202
2458,義隆,138,123,15,凱基-中港,2023-11-03,9202
00935,野村臺灣新科技50,17,2,15,凱基-中港,2023-11-03,9202
2409,友達,46,32,14,凱基-中港,2023-11-03,9202
4541,晟田,14,0,14,凱基-中港,2023-11-03,9202
2313,華通,34,20,14,凱基-中港,2023-11-03,9202
0056,元大高股息,29,16,13,凱基-中港,2023-11-03,9202
00687B,國泰20年美債,23,11,12,凱基-中港,2023-11-03,9202
00915,凱基優選高股息30,12,0,12,凱基-中港,2023-11-03,9202
2344,華邦電,16,5,11,凱基-中港,2023-11-03,9202
2453,凌群,11,0,11,凱基-中港,2023-11-03,9202
3260,威剛,32,21,11,凱基-中港,2023-11-03,9202
6282,康舒,22,11,11,凱基-中港,2023-11-03,9202
6195,詩肯,11,0,11,凱基-中港,2023-11-03,9202
1515,力山,11,0,11,凱基-中港,2023-11-03,9202
2337,旺宏,12,2,10,凱基-中港,2023-11-03,9202
5340,建榮,10,0,10,凱基-中港,2023-11-03,9202
5533,皇鼎,10,0,10,凱基-中港,2023-11-03,9202
3305,昇貿,10,0,10,凱基-中港,2023-11-03,9202
4401,東隆興,10,0,10,凱基-中港,2023-11-03,9202
00637L,元大滬深300正2,10,0,10,凱基-中港,2023-11-03,9202
8088,品安,11,1,10,凱基-中港,2023-11-03,9202
3491,昇達科,13,3,10,凱基-中港,2023-11-03,9202
4123,晟德,10,1,9,凱基-中港,2023-11-03,9202
2454,聯發科,11,2,9,凱基-中港,2023-11-03,9202
3213,茂訊,8,0,8,凱基-中港,2023-11-03,9202
00632R,元大台灣50反1,179,8,171,凱基-中港,2023-11-06,9202
2885,元大金,152,4,148,凱基-中港,2023-11-06,9202
2618,長榮航,305,183,122,凱基-中港,2023-11-06,9202
2363,矽統,174,67,107,凱基-中港,2023-11-06,9202
00669R,國泰美國道瓊反1,100,0,100,凱基-中港,2023-11-06,9202
2905,三商,70,0,70,凱基-中港,2023-11-06,9202
1216,統一,61,0,61,凱基-中港,2023-11-06,9202
2388,威盛,326,286,40,凱基-中港,2023-11-06,9202
5351,鈺創,41,5,36,凱基-中港,2023-11-06,9202
2881,富邦金,32,2,30,凱基-中港,2023-11-06,9202
1785,光洋科,35,6,29,凱基-中港,2023-11-06,9202
9938,百和,29,1,28,凱基-中港,2023-11-06,9202
2891,中信金,30,3,27,凱基-中港,2023-11-06,9202
2492,華新科,37,10,27,凱基-中港,2023-11-06,9202
00900,富邦特選高股息30,26,2,24,凱基-中港,2023-11-06,9202
1449,佳和,26,2,24,凱基-中港,2023-11-06,9202
3390,旭軟,26,2,24,凱基-中港,2023-11-06,9202
00935,野村臺灣新科技50,23,0,23,凱基-中港,2023-11-06,9202
00679B,元大美債20年,66,44,22,凱基-中港,2023-11-06,9202
2609,陽明,40,18,22,凱基-中港,2023-11-06,9202
00934,中信成長高股息,21,0,21,凱基-中港,2023-11-06,9202
5210,寶碩,21,0,21,凱基-中港,2023-11-06,9202
1712,興農,20,0,20,凱基-中港,2023-11-06,9202
1714,和桐,19,0,19,凱基-中港,2023-11-06,9202
2337,旺宏,23,6,17,凱基-中港,2023-11-06,9202
2641,正德,15,0,15,凱基-中港,2023-11-06,9202
8110,華東,28,14,14,凱基-中港,2023-11-06,9202
2727,王品,10,0,10,凱基-中港,2023-11-06,9202
00642U,期元大S＆P石油,10,0,10,凱基-中港,2023-11-06,9202
3013,晟銘電,12,2,10,凱基-中港,2023-11-06,9202
2108,南帝,10,0,10,凱基-中港,2023-11-06,9202
2010,春源,10,0,10,凱基-中港,2023-11-06,9202
00634R,富邦上証反1,10,0,10,凱基-中港,2023-11-06,9202
6856,鑫傳,10,0,10,凱基-中港,2023-11-06,9202
3450,聯鈞,19,9,10,凱基-中港,2023-11-06,9202
5340,建榮,10,0,10,凱基-中港,2023-11-06,9202
6770,力積電,31,21,10,凱基-中港,2023-11-06,9202
2376,技嘉,20,11,9,凱基-中港,2023-11-06,9202
4908,前鼎,18,9,9,凱基-中港,2023-11-06,9202
3036,文曄,10,1,9,凱基-中港,2023-11-06,9202
4564,元翎,10,1,9,凱基-中港,2023-11-06,9202
00637L,元大滬深300正2,19,10,9,凱基-中港,2023-11-06,9202
3526,凡甲,8,0,8,凱基-中港,2023-11-06,9202
1760,寶齡富錦,10,2,8,凱基-中港,2023-11-06,9202
1514,亞力,24,16,8,凱基-中港,2023-11-06,9202
00751B,元大AAA至A公司債,13,6,7,凱基-中港,2023-11-06,9202
3231,緯創,55,48,7,凱基-中港,2023-11-06,9202
6901,鑽石投資,8,1,7,凱基-中港,2023-11-06,9202
00919,群益台灣精選高息,18,11,7,凱基-中港,2023-11-06,9202
2002,中鋼,16,9,7,凱基-中港,2023-11-06,9202
5478,智冠,277,1,276,凱基-中港,2023-11-07,9202
1216,統一,153,1,152,凱基-中港,2023-11-07,9202
2634,漢翔,110,21,89,凱基-中港,2023-11-07,9202
6180,橘子,85,1,84,凱基-中港,2023-11-07,9202
00632R,元大台灣50反1,74,0,74,凱基-中港,2023-11-07,9202
1449,佳和,70,0,70,凱基-中港,2023-11-07,9202
1714,和桐,67,0,67,凱基-中港,2023-11-07,9202
2014,中鴻,65,0,65,凱基-中港,2023-11-07,9202
2317,鴻海,50,4,46,凱基-中港,2023-11-07,9202
9934,成霖,46,3,43,凱基-中港,2023-11-07,9202
00679B,元大美債20年,31,2,29,凱基-中港,2023-11-07,9202
2388,威盛,44,19,25,凱基-中港,2023-11-07,9202
3006,晶豪科,24,0,24,凱基-中港,2023-11-07,9202
3374,精材,28,7,21,凱基-中港,2023-11-07,9202
2303,聯電,24,3,21,凱基-中港,2023-11-07,9202
2736,富野,48,27,21,凱基-中港,2023-11-07,9202
00712,復華富時不動產,21,1,20,凱基-中港,2023-11-07,9202
1504,東元,20,0,20,凱基-中港,2023-11-07,9202
3588,通嘉,20,0,20,凱基-中港,2023-11-07,9202
3481,群創,22,4,18,凱基-中港,2023-11-07,9202
2363,矽統,106,89,17,凱基-中港,2023-11-07,9202
6449,鈺邦,18,1,17,凱基-中港,2023-11-07,9202
8110,華東,22,5,17,凱基-中港,2023-11-07,9202
2637,慧洋-KY,16,0,16,凱基-中港,2023-11-07,9202
4908,前鼎,52,37,15,凱基-中港,2023-11-07,9202
00720B,元大投資級公司債,15,0,15,凱基-中港,2023-11-07,9202
3036A,文曄甲特,15,0,15,凱基-中港,2023-11-07,9202
2402,毅嘉,15,1,14,凱基-中港,2023-11-07,9202
2453,凌群,19,6,13,凱基-中港,2023-11-07,9202
8176,智捷,12,0,12,凱基-中港,2023-11-07,9202
5210,寶碩,11,0,11,凱基-中港,2023-11-07,9202
3450,聯鈞,18,7,11,凱基-中港,2023-11-07,9202
6284,佳邦,21,10,11,凱基-中港,2023-11-07,9202
6282,康舒,12,1,11,凱基-中港,2023-11-07,9202
9945,潤泰新,12,1,11,凱基-中港,2023-11-07,9202
4114,健喬,10,0,10,凱基-中港,2023-11-07,9202
4533,協易機,10,0,10,凱基-中港,2023-11-07,9202
2382,廣達,16,6,10,凱基-中港,2023-11-07,9202
2884,玉山金,10,0,10,凱基-中港,2023-11-07,9202
6274,台燿,11,1,10,凱基-中港,2023-11-07,9202
3019,亞光,10,0,10,凱基-中港,2023-11-07,9202
00878,國泰永續高股息,20,11,9,凱基-中港,2023-11-07,9202
00687B,國泰20年美債,9,0,9,凱基-中港,2023-11-07,9202
1101,台泥,9,0,9,凱基-中港,2023-11-07,9202
00751B,元大AAA至A公司債,13,4,9,凱基-中港,2023-11-07,9202
9904,寶成,9,0,9,凱基-中港,2023-11-07,9202
3217,優群,12,3,9,凱基-中港,2023-11-07,9202
2002,中鋼,11,3,8,凱基-中港,2023-11-07,9202
2816,旺旺保,10,2,8,凱基-中港,2023-11-07,9202
2201,裕隆,8,0,8,凱基-中港,2023-11-07,9202
00671R,富邦NASDAQ反1,998,0,998,凱基-中港,2023-11-08,9202
5478,智冠,410,6,404,凱基-中港,2023-11-08,9202
00936,台新永續高息中小,303,83,220,凱基-中港,2023-11-08,9202
2014,中鴻,87,0,87,凱基-中港,2023-11-08,9202
8110,華東,84,21,63,凱基-中港,2023-11-08,9202
00680L,元大美債20正2,85,37,48,凱基-中港,2023-11-08,9202
2618,長榮航,80,40,40,凱基-中港,2023-11-08,9202
00929,復華台灣科技優息,63,25,38,凱基-中港,2023-11-08,9202
5210,寶碩,38,0,38,凱基-中港,2023-11-08,9202
1815,富喬,36,7,29,凱基-中港,2023-11-08,9202
00715L,期街口布蘭特正2,38,12,26,凱基-中港,2023-11-08,9202
9950,萬國通,35,10,25,凱基-中港,2023-11-08,9202
3715,定穎投控,25,1,24,凱基-中港,2023-11-08,9202
2609,陽明,25,2,23,凱基-中港,2023-11-08,9202
2303,聯電,26,3,23,凱基-中港,2023-11-08,9202
3049,精金,22,0,22,凱基-中港,2023-11-08,9202
1101,台泥,22,1,21,凱基-中港,2023-11-08,9202
2340,台亞,22,2,20,凱基-中港,2023-11-08,9202
2474,可成,20,0,20,凱基-中港,2023-11-08,9202
00665L,富邦�琤肭磪囓�2,20,0,20,凱基-中港,2023-11-08,9202
1714,和桐,20,0,20,凱基-中港,2023-11-08,9202
6547,高端疫苗,19,0,19,凱基-中港,2023-11-08,9202
9934,成霖,18,0,18,凱基-中港,2023-11-08,9202
6488,環球晶,18,0,18,凱基-中港,2023-11-08,9202
3217,優群,17,1,16,凱基-中港,2023-11-08,9202
6129,普誠,15,0,15,凱基-中港,2023-11-08,9202
2515,中工,15,0,15,凱基-中港,2023-11-08,9202
00857B,永豐20年美公債,15,0,15,凱基-中港,2023-11-08,9202
5340,建榮,15,0,15,凱基-中港,2023-11-08,9202
2308,台達電,14,0,14,凱基-中港,2023-11-08,9202
9938,百和,22,9,13,凱基-中港,2023-11-08,9202
5347,世界,12,0,12,凱基-中港,2023-11-08,9202
9958,世紀鋼,13,1,12,凱基-中港,2023-11-08,9202
1216,統一,12,0,12,凱基-中港,2023-11-08,9202
2421,建準,25,14,11,凱基-中港,2023-11-08,9202
1304,台聚,11,0,11,凱基-中港,2023-11-08,9202
2337,旺宏,11,0,11,凱基-中港,2023-11-08,9202
6233,旺玖,11,0,11,凱基-中港,2023-11-08,9202
6197,佳必琪,14,3,11,凱基-中港,2023-11-08,9202
6117,迎廣,106,95,11,凱基-中港,2023-11-08,9202
3594,磐儀,11,0,11,凱基-中港,2023-11-08,9202
6125,廣運,10,0,10,凱基-中港,2023-11-08,9202
3406,玉晶光,14,4,10,凱基-中港,2023-11-08,9202
2489,瑞軒,10,0,10,凱基-中港,2023-11-08,9202
2722,夏都,23,13,10,凱基-中港,2023-11-08,9202
00935,野村臺灣新科技50,10,0,10,凱基-中港,2023-11-08,9202
2630,亞航,10,0,10,凱基-中港,2023-11-08,9202
6207,雷科,10,0,10,凱基-中港,2023-11-08,9202
3362,先進光,10,0,10,凱基-中港,2023-11-08,9202
6202,盛群,14,4,10,凱基-中港,2023-11-08,9202
00936,台新永續高息中小,606,6,600,凱基-中港,2023-11-09,9202
00671R,富邦NASDAQ反1,237,0,237,凱基-中港,2023-11-09,9202
5347,世界,45,0,45,凱基-中港,2023-11-09,9202
00929,復華台灣科技優息,54,12,42,凱基-中港,2023-11-09,9202
00715L,期街口布蘭特正2,31,0,31,凱基-中港,2023-11-09,9202
6113,亞矽,30,0,30,凱基-中港,2023-11-09,9202
3049,精金,28,0,28,凱基-中港,2023-11-09,9202
00642U,期元大S＆P石油,26,0,26,凱基-中港,2023-11-09,9202
1314,中石化,25,1,24,凱基-中港,2023-11-09,9202
6122,擎邦,39,15,24,凱基-中港,2023-11-09,9202
4541,晟田,22,0,22,凱基-中港,2023-11-09,9202
1714,和桐,22,0,22,凱基-中港,2023-11-09,9202
2637,慧洋-KY,20,0,20,凱基-中港,2023-11-09,9202
6284,佳邦,21,1,20,凱基-中港,2023-11-09,9202
5371,中光電,18,0,18,凱基-中港,2023-11-09,9202
3708,上緯投控,18,0,18,凱基-中港,2023-11-09,9202
2454,聯發科,19,2,17,凱基-中港,2023-11-09,9202
9934,成霖,16,0,16,凱基-中港,2023-11-09,9202
1503,士電,15,0,15,凱基-中港,2023-11-09,9202
6235,華孚,17,2,15,凱基-中港,2023-11-09,9202
4168,醣聯,15,0,15,凱基-中港,2023-11-09,9202
4401,東隆興,14,0,14,凱基-中港,2023-11-09,9202
00637L,元大滬深300正2,13,0,13,凱基-中港,2023-11-09,9202
2492,華新科,20,7,13,凱基-中港,2023-11-09,9202
6593,台灣銘板,12,0,12,凱基-中港,2023-11-09,9202
3450,聯鈞,12,0,12,凱基-中港,2023-11-09,9202
00640L,富邦日本正2,12,0,12,凱基-中港,2023-11-09,9202
00857B,永豐20年美公債,13,1,12,凱基-中港,2023-11-09,9202
2337,旺宏,11,0,11,凱基-中港,2023-11-09,9202
2421,建準,11,0,11,凱基-中港,2023-11-09,9202
6189,豐藝,11,0,11,凱基-中港,2023-11-09,9202
6282,康舒,11,0,11,凱基-中港,2023-11-09,9202
1101,台泥,11,1,10,凱基-中港,2023-11-09,9202
3567,逸昌,10,0,10,凱基-中港,2023-11-09,9202
6182,合晶,10,0,10,凱基-中港,2023-11-09,9202
1324,地球,10,0,10,凱基-中港,2023-11-09,9202
1218,泰山,10,0,10,凱基-中港,2023-11-09,9202
3576,聯合再生,10,0,10,凱基-中港,2023-11-09,9202
1907,永豐餘,10,0,10,凱基-中港,2023-11-09,9202
1539,巨庭,10,0,10,凱基-中港,2023-11-09,9202
2388,威盛,15,6,9,凱基-中港,2023-11-09,9202
9942,茂順,9,0,9,凱基-中港,2023-11-09,9202
3483,力致,25,16,9,凱基-中港,2023-11-09,9202
2331,精英,12,3,9,凱基-中港,2023-11-09,9202
2329,華泰,67,58,9,凱基-中港,2023-11-09,9202
00687B,國泰20年美債,9,1,8,凱基-中港,2023-11-09,9202
1618,合機,9,1,8,凱基-中港,2023-11-09,9202
8436,大江,8,0,8,凱基-中港,2023-11-09,9202
8086,宏捷科,14,6,8,凱基-中港,2023-11-09,9202
2206,三陽工業,11,3,8,凱基-中港,2023-11-09,9202
00648R,元大S＆P500反1,465,1,464,凱基-中港,2023-11-10,9202
2891,中信金,220,11,209,凱基-中港,2023-11-10,9202
00680L,元大美債20正2,139,2,137,凱基-中港,2023-11-10,9202
00931B,統一美債20年,65,0,65,凱基-中港,2023-11-10,9202
3231,緯創,111,49,62,凱基-中港,2023-11-10,9202
00936,台新永續高息中小,67,12,55,凱基-中港,2023-11-10,9202
5478,智冠,52,0,52,凱基-中港,2023-11-10,9202
2022,聚亨,43,0,43,凱基-中港,2023-11-10,9202
2618,長榮航,62,20,42,凱基-中港,2023-11-10,9202
2402,毅嘉,39,1,38,凱基-中港,2023-11-10,9202
00878,國泰永續高股息,36,2,34,凱基-中港,2023-11-10,9202
2609,陽明,34,5,29,凱基-中港,2023-11-10,9202
1304,台聚,24,0,24,凱基-中港,2023-11-10,9202
00929,復華台灣科技優息,26,3,23,凱基-中港,2023-11-10,9202
00665L,富邦�琤肭磪囓�2,22,0,22,凱基-中港,2023-11-10,9202
6443,元晶,22,0,22,凱基-中港,2023-11-10,9202
1305,華夏,20,0,20,凱基-中港,2023-11-10,9202
00679B,元大美債20年,19,0,19,凱基-中港,2023-11-10,9202
2317,鴻海,21,2,19,凱基-中港,2023-11-10,9202
1714,和桐,19,0,19,凱基-中港,2023-11-10,9202
5871,中租-KY,19,0,19,凱基-中港,2023-11-10,9202
2454,聯發科,19,1,18,凱基-中港,2023-11-10,9202
3346,麗清,18,0,18,凱基-中港,2023-11-10,9202
00882,中信中國高股息,17,0,17,凱基-中港,2023-11-10,9202
3481,群創,27,10,17,凱基-中港,2023-11-10,9202
2419,仲琦,16,0,16,凱基-中港,2023-11-10,9202
4306,炎洲,15,0,15,凱基-中港,2023-11-10,9202
3325,旭品,15,0,15,凱基-中港,2023-11-10,9202
00921,兆豐龍頭等權重,15,0,15,凱基-中港,2023-11-10,9202
5536,聖暉*,13,0,13,凱基-中港,2023-11-10,9202
4128,中天,222,209,13,凱基-中港,2023-11-10,9202
00720B,元大投資級公司債,12,0,12,凱基-中港,2023-11-10,9202
4147,中裕,12,0,12,凱基-中港,2023-11-10,9202
00772B,中信高評級公司債,11,0,11,凱基-中港,2023-11-10,9202
2634,漢翔,11,0,11,凱基-中港,2023-11-10,9202
2337,旺宏,11,0,11,凱基-中港,2023-11-10,9202
2723,美食-KY,12,1,11,凱基-中港,2023-11-10,9202
00687B,國泰20年美債,11,0,11,凱基-中港,2023-11-10,9202
1529,樂事綠能,11,0,11,凱基-中港,2023-11-10,9202
3576,聯合再生,11,0,11,凱基-中港,2023-11-10,9202
2002,中鋼,12,1,11,凱基-中港,2023-11-10,9202
3078,僑威,12,1,11,凱基-中港,2023-11-10,9202
3163,波若威,10,0,10,凱基-中港,2023-11-10,9202
3704,合勤控,12,2,10,凱基-中港,2023-11-10,9202
6284,佳邦,11,1,10,凱基-中港,2023-11-10,9202
6541,泰福-KY,10,0,10,凱基-中港,2023-11-10,9202
00850,元大臺灣ESG永續,10,0,10,凱基-中港,2023-11-10,9202
3380,明泰,10,0,10,凱基-中港,2023-11-10,9202
6901,鑽石投資,15,5,10,凱基-中港,2023-11-10,9202
3042,晶技,10,0,10,凱基-中港,2023-11-10,9202
00671R,富邦NASDAQ反1,1008,0,1008,凱基-中港,2023-11-13,9202
00900,富邦特選高股息30,221,0,221,凱基-中港,2023-11-13,9202
00933B,國泰10Y+金融債,145,0,145,凱基-中港,2023-11-13,9202
2618,長榮航,142,33,109,凱基-中港,2023-11-13,9202
1909,榮成,100,0,100,凱基-中港,2023-11-13,9202
00878,國泰永續高股息,78,5,73,凱基-中港,2023-11-13,9202
2313,華通,116,76,40,凱基-中港,2023-11-13,9202
00891,中信關鍵半導體,36,3,33,凱基-中港,2023-11-13,9202
4541,晟田,34,2,32,凱基-中港,2023-11-13,9202
6139,亞翔,44,12,32,凱基-中港,2023-11-13,9202
6167,久正,30,0,30,凱基-中港,2023-11-13,9202
4123,晟德,29,0,29,凱基-中港,2023-11-13,9202
2453,凌群,27,0,27,凱基-中港,2023-11-13,9202
3032,偉訓,29,3,26,凱基-中港,2023-11-13,9202
1477,聚陽,26,0,26,凱基-中港,2023-11-13,9202
00931B,統一美債20年,29,4,25,凱基-中港,2023-11-13,9202
1316,上曜,25,0,25,凱基-中港,2023-11-13,9202
3693,營邦,43,19,24,凱基-中港,2023-11-13,9202
0056,元大高股息,24,0,24,凱基-中港,2023-11-13,9202
00679B,元大美債20年,24,2,22,凱基-中港,2023-11-13,9202
00795B,中信美國公債20年,22,0,22,凱基-中港,2023-11-13,9202
2382,廣達,37,17,20,凱基-中港,2023-11-13,9202
1714,和桐,20,0,20,凱基-中港,2023-11-13,9202
2356,英業達,39,20,19,凱基-中港,2023-11-13,9202
3390,旭軟,24,5,19,凱基-中港,2023-11-13,9202
00830,國泰費城半導體,19,0,19,凱基-中港,2023-11-13,9202
00934,中信成長高股息,18,0,18,凱基-中港,2023-11-13,9202
1785,光洋科,17,0,17,凱基-中港,2023-11-13,9202
6517,保勝光學,17,0,17,凱基-中港,2023-11-13,9202
00904,新光臺灣半導體30,16,0,16,凱基-中港,2023-11-13,9202
00696B,富邦美債20年,16,0,16,凱基-中港,2023-11-13,9202
00687B,國泰20年美債,15,0,15,凱基-中港,2023-11-13,9202
00894,中信小資高價30,15,0,15,凱基-中港,2023-11-13,9202
1471,首利,14,0,14,凱基-中港,2023-11-13,9202
3088,艾訊,14,0,14,凱基-中港,2023-11-13,9202
9921,巨大,13,0,13,凱基-中港,2023-11-13,9202
2637,慧洋-KY,13,0,13,凱基-中港,2023-11-13,9202
2884,玉山金,13,0,13,凱基-中港,2023-11-13,9202
9904,寶成,13,0,13,凱基-中港,2023-11-13,9202
2610,華航,13,1,12,凱基-中港,2023-11-13,9202
1473,台南,12,0,12,凱基-中港,2023-11-13,9202
8034,榮群,11,0,11,凱基-中港,2023-11-13,9202
3704,合勤控,13,2,11,凱基-中港,2023-11-13,9202
2489,瑞軒,10,0,10,凱基-中港,2023-11-13,9202
9911,櫻花,10,0,10,凱基-中港,2023-11-13,9202
3105,穩懋,18,8,10,凱基-中港,2023-11-13,9202
6274,台燿,10,0,10,凱基-中港,2023-11-13,9202
6026,福邦證,20,10,10,凱基-中港,2023-11-13,9202
2316,楠梓電,10,0,10,凱基-中港,2023-11-13,9202
5386,青雲,12,2,10,凱基-中港,2023-11-13,9202
00671R,富邦NASDAQ反1,998,0,998,凱基-中港,2023-11-14,9202
1515,力山,371,115,256,凱基-中港,2023-11-14,9202
00929,復華台灣科技優息,248,9,239,凱基-中港,2023-11-14,9202
00679B,元大美債20年,203,1,202,凱基-中港,2023-11-14,9202
00919,群益台灣精選高息,113,8,105,凱基-中港,2023-11-14,9202
00664R,國泰臺灣加權反1,100,0,100,凱基-中港,2023-11-14,9202
1714,和桐,150,50,100,凱基-中港,2023-11-14,9202
6282,康舒,52,2,50,凱基-中港,2023-11-14,9202
1603,華電,43,0,43,凱基-中港,2023-11-14,9202
00936,台新永續高息中小,40,0,40,凱基-中港,2023-11-14,9202
5483,中美晶,37,0,37,凱基-中港,2023-11-14,9202
2883,凱基金,34,0,34,凱基-中港,2023-11-14,9202
2417,圓剛,53,20,33,凱基-中港,2023-11-14,9202
3715,定穎投控,42,13,29,凱基-中港,2023-11-14,9202
00935,野村臺灣新科技50,29,0,29,凱基-中港,2023-11-14,9202
2618,長榮航,28,0,28,凱基-中港,2023-11-14,9202
2363,矽統,64,37,27,凱基-中港,2023-11-14,9202
1504,東元,26,3,23,凱基-中港,2023-11-14,9202
1101,台泥,23,0,23,凱基-中港,2023-11-14,9202
9934,成霖,23,0,23,凱基-中港,2023-11-14,9202
6202,盛群,20,0,20,凱基-中港,2023-11-14,9202
6235,華孚,26,7,19,凱基-中港,2023-11-14,9202
1477,聚陽,21,2,19,凱基-中港,2023-11-14,9202
00712,復華富時不動產,16,0,16,凱基-中港,2023-11-14,9202
2515,中工,16,0,16,凱基-中港,2023-11-14,9202
1598,岱宇,15,0,15,凱基-中港,2023-11-14,9202
1568,倉佑,24,9,15,凱基-中港,2023-11-14,9202
3088,艾訊,14,0,14,凱基-中港,2023-11-14,9202
1712,興農,13,0,13,凱基-中港,2023-11-14,9202
2374,佳能,15,2,13,凱基-中港,2023-11-14,9202
6541,泰福-KY,13,0,13,凱基-中港,2023-11-14,9202
00680L,元大美債20正2,16,3,13,凱基-中港,2023-11-14,9202
8284,三竹,13,0,13,凱基-中港,2023-11-14,9202
2382,廣達,27,15,12,凱基-中港,2023-11-14,9202
2337,旺宏,15,3,12,凱基-中港,2023-11-14,9202
2884,玉山金,11,0,11,凱基-中港,2023-11-14,9202
3289,宜特,14,3,11,凱基-中港,2023-11-14,9202
2002,中鋼,12,2,10,凱基-中港,2023-11-14,9202
8299,群聯,10,0,10,凱基-中港,2023-11-14,9202
6015,宏遠證,10,0,10,凱基-中港,2023-11-14,9202
3122,笙泉,10,0,10,凱基-中港,2023-11-14,9202
2303,聯電,11,1,10,凱基-中港,2023-11-14,9202
3305,昇貿,10,0,10,凱基-中港,2023-11-14,9202
4105,東洋,10,0,10,凱基-中港,2023-11-14,9202
2425,承啟,20,11,9,凱基-中港,2023-11-14,9202
2329,華泰,39,30,9,凱基-中港,2023-11-14,9202
00882,中信中國高股息,8,0,8,凱基-中港,2023-11-14,9202
8069,元太,10,2,8,凱基-中港,2023-11-14,9202
6266,泰詠,8,0,8,凱基-中港,2023-11-14,9202
0055,元大MSCI金融,8,0,8,凱基-中港,2023-11-14,9202
00680L,元大美債20正2,2057,36,2021,凱基-中港,2023-11-15,9202
00671R,富邦NASDAQ反1,1238,0,1238,凱基-中港,2023-11-15,9202
00929,復華台灣科技優息,199,26,173,凱基-中港,2023-11-15,9202
00878,國泰永續高股息,128,27,101,凱基-中港,2023-11-15,9202
2363,矽統,224,128,96,凱基-中港,2023-11-15,9202
00679B,元大美債20年,105,16,89,凱基-中港,2023-11-15,9202
00933B,國泰10Y+金融債,86,0,86,凱基-中港,2023-11-15,9202
00753L,中信中國50正2,45,0,45,凱基-中港,2023-11-15,9202
1714,和桐,41,0,41,凱基-中港,2023-11-15,9202
6276,安鈦克,30,0,30,凱基-中港,2023-11-15,9202
9950,萬國通,30,1,29,凱基-中港,2023-11-15,9202
2449,京元電子,34,6,28,凱基-中港,2023-11-15,9202
8110,華東,32,7,25,凱基-中港,2023-11-15,9202
2634,漢翔,22,0,22,凱基-中港,2023-11-15,9202
1712,興農,25,3,22,凱基-中港,2023-11-15,9202
2353,宏��,22,2,20,凱基-中港,2023-11-15,9202
00655L,國泰中國A50正2,20,0,20,凱基-中港,2023-11-15,9202
1718,中纖,30,10,20,凱基-中港,2023-11-15,9202
00687B,國泰20年美債,21,2,19,凱基-中港,2023-11-15,9202
00903,富邦元宇宙,18,0,18,凱基-中港,2023-11-15,9202
1522,堤維西,20,4,16,凱基-中港,2023-11-15,9202
1568,倉佑,17,1,16,凱基-中港,2023-11-15,9202
2337,旺宏,21,5,16,凱基-中港,2023-11-15,9202
00690,兆豐藍籌30,15,0,15,凱基-中港,2023-11-15,9202
3450,聯鈞,43,28,15,凱基-中港,2023-11-15,9202
4533,協易機,20,5,15,凱基-中港,2023-11-15,9202
3390,旭軟,13,0,13,凱基-中港,2023-11-15,9202
5210,寶碩,13,0,13,凱基-中港,2023-11-15,9202
00897,富邦基因免疫生技,15,2,13,凱基-中港,2023-11-15,9202
2106,建大,13,1,12,凱基-中港,2023-11-15,9202
2356,英業達,24,12,12,凱基-中港,2023-11-15,9202
6517,保勝光學,11,0,11,凱基-中港,2023-11-15,9202
2486,一詮,14,3,11,凱基-中港,2023-11-15,9202
1815,富喬,14,3,11,凱基-中港,2023-11-15,9202
4167,松瑞藥,11,0,11,凱基-中港,2023-11-15,9202
8299,群聯,10,0,10,凱基-中港,2023-11-15,9202
00902,中信電池及儲能,10,0,10,凱基-中港,2023-11-15,9202
2884,玉山金,10,0,10,凱基-中港,2023-11-15,9202
2338,光罩,10,0,10,凱基-中港,2023-11-15,9202
3276,宇環,57,47,10,凱基-中港,2023-11-15,9202
9934,成霖,10,0,10,凱基-中港,2023-11-15,9202
00653L,富邦印度正2,10,0,10,凱基-中港,2023-11-15,9202
9925,新保,10,0,10,凱基-中港,2023-11-15,9202
1904,正隆,11,2,9,凱基-中港,2023-11-15,9202
2313,華通,23,14,9,凱基-中港,2023-11-15,9202
00751B,元大AAA至A公司債,10,2,8,凱基-中港,2023-11-15,9202
2883B,凱基金乙特,8,0,8,凱基-中港,2023-11-15,9202
3025,星通,10,3,7,凱基-中港,2023-11-15,9202
6191,精成科,8,1,7,凱基-中港,2023-11-15,9202
3706,神達,8,1,7,凱基-中港,2023-11-15,9202
1799,易威,177,38,139,凱基-中港,2023-11-16,9202
00679B,元大美債20年,107,0,107,凱基-中港,2023-11-16,9202
8110,華東,100,0,100,凱基-中港,2023-11-16,9202
00878,國泰永續高股息,85,4,81,凱基-中港,2023-11-16,9202
4967,十銓,82,3,79,凱基-中港,2023-11-16,9202
00931B,統一美債20年,62,0,62,凱基-中港,2023-11-16,9202
2615,萬海,55,0,55,凱基-中港,2023-11-16,9202
00929,復華台灣科技優息,53,3,50,凱基-中港,2023-11-16,9202
2495,普安,51,1,50,凱基-中港,2023-11-16,9202
1714,和桐,55,10,45,凱基-中港,2023-11-16,9202
9945,潤泰新,42,0,42,凱基-中港,2023-11-16,9202
2329,華泰,74,35,39,凱基-中港,2023-11-16,9202
2369,菱生,37,5,32,凱基-中港,2023-11-16,9202
00935,野村臺灣新科技50,29,0,29,凱基-中港,2023-11-16,9202
2357,華碩,28,0,28,凱基-中港,2023-11-16,9202
00637L,元大滬深300正2,28,0,28,凱基-中港,2023-11-16,9202
5009,榮剛,30,2,28,凱基-中港,2023-11-16,9202
3450,聯鈞,29,1,28,凱基-中港,2023-11-16,9202
2417,圓剛,108,82,26,凱基-中港,2023-11-16,9202
2367,燿華,26,3,23,凱基-中港,2023-11-16,9202
00885,富邦越南,23,0,23,凱基-中港,2023-11-16,9202
2618,長榮航,363,341,22,凱基-中港,2023-11-16,9202
00751B,元大AAA至A公司債,21,0,21,凱基-中港,2023-11-16,9202
00687B,國泰20年美債,23,2,21,凱基-中港,2023-11-16,9202
6188,廣明,20,0,20,凱基-中港,2023-11-16,9202
3260,威剛,22,2,20,凱基-中港,2023-11-16,9202
1712,興農,20,0,20,凱基-中港,2023-11-16,9202
9938,百和,19,1,18,凱基-中港,2023-11-16,9202
3041,揚智,23,5,18,凱基-中港,2023-11-16,9202
3034,聯詠,29,11,18,凱基-中港,2023-11-16,9202
2883,凱基金,20,3,17,凱基-中港,2023-11-16,9202
00772B,中信高評級公司債,17,0,17,凱基-中港,2023-11-16,9202
00919,群益台灣精選高息,19,2,17,凱基-中港,2023-11-16,9202
00720B,元大投資級公司債,25,10,15,凱基-中港,2023-11-16,9202
3518,柏騰,15,0,15,凱基-中港,2023-11-16,9202
2027,大成鋼,24,9,15,凱基-中港,2023-11-16,9202
5512,力麒,17,3,14,凱基-中港,2023-11-16,9202
2395,研華,12,0,12,凱基-中港,2023-11-16,9202
00920,富邦ESG綠色電力,12,0,12,凱基-中港,2023-11-16,9202
2442,新美齊,12,0,12,凱基-中港,2023-11-16,9202
3376,新日興,13,2,11,凱基-中港,2023-11-16,9202
2355,敬鵬,37,26,11,凱基-中港,2023-11-16,9202
00680L,元大美債20正2,12,1,11,凱基-中港,2023-11-16,9202
6509,聚和,11,0,11,凱基-中港,2023-11-16,9202
3664,安瑞-KY,10,0,10,凱基-中港,2023-11-16,9202
00934,中信成長高股息,10,0,10,凱基-中港,2023-11-16,9202
1471,首利,10,0,10,凱基-中港,2023-11-16,9202
3046,建��,10,0,10,凱基-中港,2023-11-16,9202
3131,弘塑,10,0,10,凱基-中港,2023-11-16,9202
5452,佶優,10,0,10,凱基-中港,2023-11-16,9202
5478,智冠,488,14,474,凱基-中港,2023-11-17,9202
00753L,中信中國50正2,103,0,103,凱基-中港,2023-11-17,9202
2618,長榮航,155,58,97,凱基-中港,2023-11-17,9202
1714,和桐,180,115,65,凱基-中港,2023-11-17,9202
6176,瑞儀,61,0,61,凱基-中港,2023-11-17,9202
3481,群創,80,27,53,凱基-中港,2023-11-17,9202
2457,飛宏,58,8,50,凱基-中港,2023-11-17,9202
00655L,國泰中國A50正2,50,0,50,凱基-中港,2023-11-17,9202
2362,藍天,47,0,47,凱基-中港,2023-11-17,9202
00712,復華富時不動產,36,0,36,凱基-中港,2023-11-17,9202
00637L,元大滬深300正2,34,0,34,凱基-中港,2023-11-17,9202
1568,倉佑,35,2,33,凱基-中港,2023-11-17,9202
4714,永捷,31,0,31,凱基-中港,2023-11-17,9202
3041,揚智,226,196,30,凱基-中港,2023-11-17,9202
4967,十銓,28,1,27,凱基-中港,2023-11-17,9202
00878,國泰永續高股息,28,3,25,凱基-中港,2023-11-17,9202
2610,華航,30,5,25,凱基-中港,2023-11-17,9202
1799,易威,24,0,24,凱基-中港,2023-11-17,9202
1712,興農,22,0,22,凱基-中港,2023-11-17,9202
8088,品安,22,0,22,凱基-中港,2023-11-17,9202
1598,岱宇,20,0,20,凱基-中港,2023-11-17,9202
2606,裕民,22,2,20,凱基-中港,2023-11-17,9202
6209,今國光,21,1,20,凱基-中港,2023-11-17,9202
00665L,富邦�琤肭磪囓�2,20,0,20,凱基-中港,2023-11-17,9202
2439,美律,21,2,19,凱基-中港,2023-11-17,9202
3013,晟銘電,20,1,19,凱基-中港,2023-11-17,9202
3005,神基,21,2,19,凱基-中港,2023-11-17,9202
00687B,國泰20年美債,22,3,19,凱基-中港,2023-11-17,9202
00931B,統一美債20年,18,0,18,凱基-中港,2023-11-17,9202
00933B,國泰10Y+金融債,17,0,17,凱基-中港,2023-11-17,9202
1101,台泥,16,1,15,凱基-中港,2023-11-17,9202
6235,華孚,30,15,15,凱基-中港,2023-11-17,9202
2337,旺宏,15,0,15,凱基-中港,2023-11-17,9202
5452,佶優,15,0,15,凱基-中港,2023-11-17,9202
6282,康舒,49,34,15,凱基-中港,2023-11-17,9202
2603,長榮,16,2,14,凱基-中港,2023-11-17,9202
2353,宏��,14,0,14,凱基-中港,2023-11-17,9202
6271,同欣電,23,9,14,凱基-中港,2023-11-17,9202
3260,威剛,27,14,13,凱基-中港,2023-11-17,9202
6142,友勁,12,0,12,凱基-中港,2023-11-17,9202
00919,群益台灣精選高息,14,2,12,凱基-中港,2023-11-17,9202
00936,台新永續高息中小,13,2,11,凱基-中港,2023-11-17,9202
2206,三陽工業,11,0,11,凱基-中港,2023-11-17,9202
2014,中鴻,11,0,11,凱基-中港,2023-11-17,9202
4188,安克,11,0,11,凱基-中港,2023-11-17,9202
2884,玉山金,12,1,11,凱基-中港,2023-11-17,9202
2609,陽明,14,4,10,凱基-中港,2023-11-17,9202
2363,矽統,18,8,10,凱基-中港,2023-11-17,9202
3704,合勤控,10,0,10,凱基-中港,2023-11-17,9202
3372,典範,13,3,10,凱基-中港,2023-11-17,9202
00632R,元大台灣50反1,143,10,133,凱基-中港,2023-11-20,9202
00929,復華台灣科技優息,127,33,94,凱基-中港,2023-11-20,9202
3576,聯合再生,89,6,83,凱基-中港,2023-11-20,9202
00933B,國泰10Y+金融債,125,50,75,凱基-中港,2023-11-20,9202
00687B,國泰20年美債,77,5,72,凱基-中港,2023-11-20,9202
5478,智冠,54,1,53,凱基-中港,2023-11-20,9202
2362,藍天,53,0,53,凱基-中港,2023-11-20,9202
2515,中工,53,0,53,凱基-中港,2023-11-20,9202
00885,富邦越南,37,0,37,凱基-中港,2023-11-20,9202
3289,宜特,30,0,30,凱基-中港,2023-11-20,9202
00878,國泰永續高股息,64,34,30,凱基-中港,2023-11-20,9202
2355,敬鵬,94,65,29,凱基-中港,2023-11-20,9202
2405,輔信,35,7,28,凱基-中港,2023-11-20,9202
2891,中信金,42,15,27,凱基-中港,2023-11-20,9202
6418,詠昇,24,0,24,凱基-中港,2023-11-20,9202
00680L,元大美債20正2,22,0,22,凱基-中港,2023-11-20,9202
2618,長榮航,55,33,22,凱基-中港,2023-11-20,9202
9945,潤泰新,25,3,22,凱基-中港,2023-11-20,9202
2630,亞航,20,0,20,凱基-中港,2023-11-20,9202
6176,瑞儀,21,1,20,凱基-中港,2023-11-20,9202
3228,金麗科,40,20,20,凱基-中港,2023-11-20,9202
1710,東聯,20,0,20,凱基-中港,2023-11-20,9202
2748,雲品,24,6,18,凱基-中港,2023-11-20,9202
00679B,元大美債20年,16,0,16,凱基-中港,2023-11-20,9202
2201,裕隆,122,106,16,凱基-中港,2023-11-20,9202
6125,廣運,56,41,15,凱基-中港,2023-11-20,9202
00936,台新永續高息中小,16,1,15,凱基-中港,2023-11-20,9202
2313,華通,89,75,14,凱基-中港,2023-11-20,9202
4111,濟生,14,0,14,凱基-中港,2023-11-20,9202
6547,高端疫苗,14,0,14,凱基-中港,2023-11-20,9202
3257,虹冠電,14,1,13,凱基-中港,2023-11-20,9202
6243,迅杰,33,20,13,凱基-中港,2023-11-20,9202
1513,中興電,11,0,11,凱基-中港,2023-11-20,9202
3227,原相,29,18,11,凱基-中港,2023-11-20,9202
4541,晟田,11,0,11,凱基-中港,2023-11-20,9202
3017,奇鋐,10,0,10,凱基-中港,2023-11-20,9202
3481,群創,12,2,10,凱基-中港,2023-11-20,9202
2312,金寶,15,5,10,凱基-中港,2023-11-20,9202
5460,同協,10,0,10,凱基-中港,2023-11-20,9202
3171,炎洲流通,10,0,10,凱基-中港,2023-11-20,9202
5452,佶優,10,0,10,凱基-中港,2023-11-20,9202
2492,華新科,10,0,10,凱基-中港,2023-11-20,9202
4726,永昕,10,0,10,凱基-中港,2023-11-20,9202
2352,佳世達,10,0,10,凱基-中港,2023-11-20,9202
00931B,統一美債20年,10,0,10,凱基-中港,2023-11-20,9202
00720B,元大投資級公司債,14,5,9,凱基-中港,2023-11-20,9202
3322,建舜電,10,1,9,凱基-中港,2023-11-20,9202
1712,興農,9,0,9,凱基-中港,2023-11-20,9202
00637L,元大滬深300正2,21,12,9,凱基-中港,2023-11-20,9202
6491,晶碩,8,0,8,凱基-中港,2023-11-20,9202
2609,陽明,130,1,129,凱基-中港,2023-11-21,9202
00753L,中信中國50正2,115,0,115,凱基-中港,2023-11-21,9202
00929,復華台灣科技優息,121,27,94,凱基-中港,2023-11-21,9202
5347,世界,92,1,91,凱基-中港,2023-11-21,9202
00933B,國泰10Y+金融債,86,6,80,凱基-中港,2023-11-21,9202
1808,潤隆,81,13,68,凱基-中港,2023-11-21,9202
3032,偉訓,62,3,59,凱基-中港,2023-11-21,9202
1218,泰山,70,13,57,凱基-中港,2023-11-21,9202
1714,和桐,50,1,49,凱基-中港,2023-11-21,9202
2618,長榮航,85,36,49,凱基-中港,2023-11-21,9202
3006,晶豪科,55,11,44,凱基-中港,2023-11-21,9202
1598,岱宇,39,0,39,凱基-中港,2023-11-21,9202
2537,聯上發,40,1,39,凱基-中港,2023-11-21,9202
6150,撼訊,42,3,39,凱基-中港,2023-11-21,9202
1504,東元,37,1,36,凱基-中港,2023-11-21,9202
4167,松瑞藥,30,0,30,凱基-中港,2023-11-21,9202
1734,杏輝,30,0,30,凱基-中港,2023-11-21,9202
2543,皇昌,30,0,30,凱基-中港,2023-11-21,9202
6125,廣運,36,6,30,凱基-中港,2023-11-21,9202
2313,華通,104,75,29,凱基-中港,2023-11-21,9202
6547,高端疫苗,29,0,29,凱基-中港,2023-11-21,9202
4933,友輝,31,3,28,凱基-中港,2023-11-21,9202
00671R,富邦NASDAQ反1,25,0,25,凱基-中港,2023-11-21,9202
3481,群創,27,3,24,凱基-中港,2023-11-21,9202
2883,凱基金,41,19,22,凱基-中港,2023-11-21,9202
6158,禾昌,27,5,22,凱基-中港,2023-11-21,9202
8936,國統,40,20,20,凱基-中港,2023-11-21,9202
2501,國建,20,1,19,凱基-中港,2023-11-21,9202
00885,富邦越南,23,4,19,凱基-中港,2023-11-21,9202
3041,揚智,68,50,18,凱基-中港,2023-11-21,9202
1522,堤維西,18,0,18,凱基-中港,2023-11-21,9202
00650L,復華香港正2,35,20,15,凱基-中港,2023-11-21,9202
2351,順德,16,1,15,凱基-中港,2023-11-21,9202
2867,三商壽,16,2,14,凱基-中港,2023-11-21,9202
00935,野村臺灣新科技50,14,0,14,凱基-中港,2023-11-21,9202
00900,富邦特選高股息30,21,7,14,凱基-中港,2023-11-21,9202
00898,國泰基因免疫革命,15,1,14,凱基-中港,2023-11-21,9202
3504,揚明光,59,45,14,凱基-中港,2023-11-21,9202
8069,元太,13,0,13,凱基-中港,2023-11-21,9202
2356,英業達,85,72,13,凱基-中港,2023-11-21,9202
2405,輔信,59,46,13,凱基-中港,2023-11-21,9202
5236,凌陽創新,13,0,13,凱基-中港,2023-11-21,9202
00679B,元大美債20年,13,0,13,凱基-中港,2023-11-21,9202
3035,智原,14,2,12,凱基-中港,2023-11-21,9202
1304,台聚,23,12,11,凱基-中港,2023-11-21,9202
6274,台燿,20,9,11,凱基-中港,2023-11-21,9202
3715,定穎投控,15,4,11,凱基-中港,2023-11-21,9202
3380,明泰,11,0,11,凱基-中港,2023-11-21,9202
6443,元晶,10,0,10,凱基-中港,2023-11-21,9202
00934,中信成長高股息,10,0,10,凱基-中港,2023-11-21,9202
5478,智冠,445,5,440,凱基-中港,2023-11-22,9202
2610,華航,195,6,189,凱基-中港,2023-11-22,9202
2495,普安,155,5,150,凱基-中港,2023-11-22,9202
3231,緯創,171,77,94,凱基-中港,2023-11-22,9202
6167,久正,62,0,62,凱基-中港,2023-11-22,9202
3005,神基,74,13,61,凱基-中港,2023-11-22,9202
00720B,元大投資級公司債,76,20,56,凱基-中港,2023-11-22,9202
8354,冠好,55,0,55,凱基-中港,2023-11-22,9202
2606,裕民,41,0,41,凱基-中港,2023-11-22,9202
2404,漢唐,34,0,34,凱基-中港,2023-11-22,9202
3481,群創,34,0,34,凱基-中港,2023-11-22,9202
3006,晶豪科,37,5,32,凱基-中港,2023-11-22,9202
0050,元大台灣50,31,0,31,凱基-中港,2023-11-22,9202
2539,櫻花建,30,0,30,凱基-中港,2023-11-22,9202
4541,晟田,30,0,30,凱基-中港,2023-11-22,9202
6152,百一,30,0,30,凱基-中港,2023-11-22,9202
2356,英業達,40,11,29,凱基-中港,2023-11-22,9202
2312,金寶,30,1,29,凱基-中港,2023-11-22,9202
4744,皇將,29,0,29,凱基-中港,2023-11-22,9202
2349,錸德,28,0,28,凱基-中港,2023-11-22,9202
2382,廣達,48,20,28,凱基-中港,2023-11-22,9202
2388,威盛,39,12,27,凱基-中港,2023-11-22,9202
00665L,富邦�琤肭磪囓�2,27,0,27,凱基-中港,2023-11-22,9202
00687B,國泰20年美債,26,0,26,凱基-中港,2023-11-22,9202
2352,佳世達,34,8,26,凱基-中港,2023-11-22,9202
2363,矽統,65,40,25,凱基-中港,2023-11-22,9202
2324,仁寶,24,0,24,凱基-中港,2023-11-22,9202
2313,華通,52,29,23,凱基-中港,2023-11-22,9202
8358,金居,23,0,23,凱基-中港,2023-11-22,9202
6530,創威,27,4,23,凱基-中港,2023-11-22,9202
00878,國泰永續高股息,24,1,23,凱基-中港,2023-11-22,9202
6558,興能高,21,0,21,凱基-中港,2023-11-22,9202
2201,裕隆,20,0,20,凱基-中港,2023-11-22,9202
2615,萬海,31,11,20,凱基-中港,2023-11-22,9202
6443,元晶,20,0,20,凱基-中港,2023-11-22,9202
2609,陽明,22,2,20,凱基-中港,2023-11-22,9202
2515,中工,20,1,19,凱基-中港,2023-11-22,9202
2376,技嘉,30,12,18,凱基-中港,2023-11-22,9202
6547,高端疫苗,15,0,15,凱基-中港,2023-11-22,9202
2614,東森,15,1,14,凱基-中港,2023-11-22,9202
00637L,元大滬深300正2,15,1,14,凱基-中港,2023-11-22,9202
2353,宏��,33,20,13,凱基-中港,2023-11-22,9202
3324,雙鴻,15,2,13,凱基-中港,2023-11-22,9202
00919,群益台灣精選高息,19,6,13,凱基-中港,2023-11-22,9202
6112,邁達特,13,0,13,凱基-中港,2023-11-22,9202
6142,友勁,13,0,13,凱基-中港,2023-11-22,9202
5225,東科-KY,14,1,13,凱基-中港,2023-11-22,9202
5443,均豪,17,4,13,凱基-中港,2023-11-22,9202
3041,揚智,86,74,12,凱基-中港,2023-11-22,9202
00905,FT臺灣Smart,11,0,11,凱基-中港,2023-11-22,9202
00929,復華台灣科技優息,410,10,400,凱基-中港,2023-11-23,9202
00720B,元大投資級公司債,151,7,144,凱基-中港,2023-11-23,9202
6282,康舒,162,90,72,凱基-中港,2023-11-23,9202
8086,宏捷科,68,10,58,凱基-中港,2023-11-23,9202
2417,圓剛,72,18,54,凱基-中港,2023-11-23,9202
00637L,元大滬深300正2,51,0,51,凱基-中港,2023-11-23,9202
00919,群益台灣精選高息,54,5,49,凱基-中港,2023-11-23,9202
2611,志信,50,1,49,凱基-中港,2023-11-23,9202
4960,誠美材,50,2,48,凱基-中港,2023-11-23,9202
2892,第一金,46,0,46,凱基-中港,2023-11-23,9202
4933,友輝,49,4,45,凱基-中港,2023-11-23,9202
2382,廣達,77,40,37,凱基-中港,2023-11-23,9202
00934,中信成長高股息,35,0,35,凱基-中港,2023-11-23,9202
3228,金麗科,32,1,31,凱基-中港,2023-11-23,9202
5328,華容,30,0,30,凱基-中港,2023-11-23,9202
3231,緯創,64,38,26,凱基-中港,2023-11-23,9202
00936,台新永續高息中小,22,0,22,凱基-中港,2023-11-23,9202
2404,漢唐,22,0,22,凱基-中港,2023-11-23,9202
3715,定穎投控,37,15,22,凱基-中港,2023-11-23,9202
2482,連宇,23,2,21,凱基-中港,2023-11-23,9202
3583,辛耘,24,3,21,凱基-中港,2023-11-23,9202
2867,三商壽,20,0,20,凱基-中港,2023-11-23,9202
00772B,中信高評級公司債,24,6,18,凱基-中港,2023-11-23,9202
8299,群聯,23,5,18,凱基-中港,2023-11-23,9202
0050,元大台灣50,20,3,17,凱基-中港,2023-11-23,9202
8011,台通,20,3,17,凱基-中港,2023-11-23,9202
3450,聯鈞,38,22,16,凱基-中港,2023-11-23,9202
5353,台林,16,0,16,凱基-中港,2023-11-23,9202
00935,野村臺灣新科技50,25,10,15,凱基-中港,2023-11-23,9202
1799,易威,16,1,15,凱基-中港,2023-11-23,9202
1314,中石化,14,0,14,凱基-中港,2023-11-23,9202
1536,和大,14,0,14,凱基-中港,2023-11-23,9202
3257,虹冠電,14,0,14,凱基-中港,2023-11-23,9202
3006,晶豪科,347,333,14,凱基-中港,2023-11-23,9202
6139,亞翔,19,6,13,凱基-中港,2023-11-23,9202
2344,華邦電,15,2,13,凱基-中港,2023-11-23,9202
5225,東科-KY,17,4,13,凱基-中港,2023-11-23,9202
2504,國產,12,0,12,凱基-中港,2023-11-23,9202
2356,英業達,24,12,12,凱基-中港,2023-11-23,9202
2380,虹光,12,0,12,凱基-中港,2023-11-23,9202
6456,GIS-KY,15,3,12,凱基-中港,2023-11-23,9202
9105,泰金寶-DR,12,0,12,凱基-中港,2023-11-23,9202
00679B,元大美債20年,12,0,12,凱基-中港,2023-11-23,9202
3163,波若威,19,7,12,凱基-中港,2023-11-23,9202
00633L,富邦上証正2,11,0,11,凱基-中港,2023-11-23,9202
8040,九暘,11,1,10,凱基-中港,2023-11-23,9202
9945,潤泰新,10,0,10,凱基-中港,2023-11-23,9202
00900,富邦特選高股息30,12,2,10,凱基-中港,2023-11-23,9202
2305,全友,10,0,10,凱基-中港,2023-11-23,9202
3060,銘異,10,0,10,凱基-中港,2023-11-23,9202
00929,復華台灣科技優息,325,128,197,凱基-中港,2023-11-24,9202
2618,長榮航,141,4,137,凱基-中港,2023-11-24,9202
8089,康全電訊,150,40,110,凱基-中港,2023-11-24,9202
00931B,統一美債20年,61,5,56,凱基-中港,2023-11-24,9202
00706L,期元大S＆P日圓正2,50,0,50,凱基-中港,2023-11-24,9202
00640L,富邦日本正2,45,0,45,凱基-中港,2023-11-24,9202
00657,國泰日經225,45,0,45,凱基-中港,2023-11-24,9202
2353,宏��,61,20,41,凱基-中港,2023-11-24,9202
00687B,國泰20年美債,34,0,34,凱基-中港,2023-11-24,9202
00632R,元大台灣50反1,39,7,32,凱基-中港,2023-11-24,9202
2382,廣達,47,16,31,凱基-中港,2023-11-24,9202
2344,華邦電,37,6,31,凱基-中港,2023-11-24,9202
6235,華孚,35,6,29,凱基-中港,2023-11-24,9202
3289,宜特,28,0,28,凱基-中港,2023-11-24,9202
3228,金麗科,32,5,27,凱基-中港,2023-11-24,9202
00679B,元大美債20年,27,0,27,凱基-中港,2023-11-24,9202
8358,金居,23,0,23,凱基-中港,2023-11-24,9202
3035,智原,27,5,22,凱基-中港,2023-11-24,9202
2312,金寶,21,0,21,凱基-中港,2023-11-24,9202
4956,光鋐,32,12,20,凱基-中港,2023-11-24,9202
2062,橋椿,20,0,20,凱基-中港,2023-11-24,9202
0050,元大台灣50,20,1,19,凱基-中港,2023-11-24,9202
2888,新光金,44,26,18,凱基-中港,2023-11-24,9202
00720B,元大投資級公司債,17,0,17,凱基-中港,2023-11-24,9202
6161,捷波,16,1,15,凱基-中港,2023-11-24,9202
6117,迎廣,18,3,15,凱基-中港,2023-11-24,9202
8411,福貞-KY,15,0,15,凱基-中港,2023-11-24,9202
6168,宏齊,22,7,15,凱基-中港,2023-11-24,9202
3380,明泰,15,1,14,凱基-中港,2023-11-24,9202
3060,銘異,19,5,14,凱基-中港,2023-11-24,9202
6485,點序,20,6,14,凱基-中港,2023-11-24,9202
5351,鈺創,64,51,13,凱基-中港,2023-11-24,9202
00933B,國泰10Y+金融債,14,1,13,凱基-中港,2023-11-24,9202
00934,中信成長高股息,15,2,13,凱基-中港,2023-11-24,9202
5230,雷笛克光學,32,19,13,凱基-中港,2023-11-24,9202
2404,漢唐,12,0,12,凱基-中港,2023-11-24,9202
3260,威剛,14,2,12,凱基-中港,2023-11-24,9202
3450,聯鈞,20,8,12,凱基-中港,2023-11-24,9202
6668,中揚光,21,9,12,凱基-中港,2023-11-24,9202
2637,慧洋-KY,13,1,12,凱基-中港,2023-11-24,9202
0056,元大高股息,12,1,11,凱基-中港,2023-11-24,9202
2615,萬海,11,0,11,凱基-中港,2023-11-24,9202
6125,廣運,12,1,11,凱基-中港,2023-11-24,9202
7402,邑錡,11,0,11,凱基-中港,2023-11-24,9202
2915,潤泰全,10,0,10,凱基-中港,2023-11-24,9202
2515,中工,10,0,10,凱基-中港,2023-11-24,9202
2453,凌群,10,0,10,凱基-中港,2023-11-24,9202
2305,全友,10,0,10,凱基-中港,2023-11-24,9202
6188,廣明,10,0,10,凱基-中港,2023-11-24,9202
8043,蜜望實,10,0,10,凱基-中港,2023-11-24,9202
00919,群益台灣精選高息,438,0,438,凱基-中港,2023-11-27,9202
5478,智冠,338,4,334,凱基-中港,2023-11-27,9202
00671R,富邦NASDAQ反1,317,0,317,凱基-中港,2023-11-27,9202
2891,中信金,193,0,193,凱基-中港,2023-11-27,9202
1714,和桐,145,0,145,凱基-中港,2023-11-27,9202
2515,中工,120,0,120,凱基-中港,2023-11-27,9202
4541,晟田,100,12,88,凱基-中港,2023-11-27,9202
5347,世界,81,5,76,凱基-中港,2023-11-27,9202
2344,華邦電,48,0,48,凱基-中港,2023-11-27,9202
00687B,國泰20年美債,45,0,45,凱基-中港,2023-11-27,9202
2888,新光金,46,2,44,凱基-中港,2023-11-27,9202
1513,中興電,67,25,42,凱基-中港,2023-11-27,9202
5230,雷笛克光學,41,2,39,凱基-中港,2023-11-27,9202
00669R,國泰美國道瓊反1,28,0,28,凱基-中港,2023-11-27,9202
2457,飛宏,31,3,28,凱基-中港,2023-11-27,9202
2492,華新科,29,1,28,凱基-中港,2023-11-27,9202
2618,長榮航,36,11,25,凱基-中港,2023-11-27,9202
8299,群聯,24,0,24,凱基-中港,2023-11-27,9202
2382,廣達,47,24,23,凱基-中港,2023-11-27,9202
8354,冠好,22,0,22,凱基-中港,2023-11-27,9202
00934,中信成長高股息,21,0,21,凱基-中港,2023-11-27,9202
4714,永捷,22,1,21,凱基-中港,2023-11-27,9202
4933,友輝,20,0,20,凱基-中港,2023-11-27,9202
00921,兆豐龍頭等權重,20,0,20,凱基-中港,2023-11-27,9202
2330,台積電,21,2,19,凱基-中港,2023-11-27,9202
2353,宏��,20,2,18,凱基-中港,2023-11-27,9202
00679B,元大美債20年,19,1,18,凱基-中港,2023-11-27,9202
3006,晶豪科,21,4,17,凱基-中港,2023-11-27,9202
1616,億泰,17,0,17,凱基-中港,2023-11-27,9202
1503,士電,16,0,16,凱基-中港,2023-11-27,9202
2313,華通,95,79,16,凱基-中港,2023-11-27,9202
00666R,富邦�琤肭磪齯�1,15,0,15,凱基-中港,2023-11-27,9202
2357,華碩,14,0,14,凱基-中港,2023-11-27,9202
00637L,元大滬深300正2,16,2,14,凱基-中港,2023-11-27,9202
2305,全友,14,0,14,凱基-中港,2023-11-27,9202
00888,永豐台灣ESG,13,0,13,凱基-中港,2023-11-27,9202
3051,力特,14,1,13,凱基-中港,2023-11-27,9202
2883,凱基金,23,10,13,凱基-中港,2023-11-27,9202
00751B,元大AAA至A公司債,12,0,12,凱基-中港,2023-11-27,9202
2542,興富發,12,0,12,凱基-中港,2023-11-27,9202
4564,元翎,11,0,11,凱基-中港,2023-11-27,9202
5009,榮剛,11,0,11,凱基-中港,2023-11-27,9202
1815,富喬,13,2,11,凱基-中港,2023-11-27,9202
4106,雃博,11,0,11,凱基-中港,2023-11-27,9202
00878,國泰永續高股息,17,7,10,凱基-中港,2023-11-27,9202
5452,佶優,10,0,10,凱基-中港,2023-11-27,9202
00936,台新永續高息中小,10,0,10,凱基-中港,2023-11-27,9202
00900,富邦特選高股息30,10,0,10,凱基-中港,2023-11-27,9202
6138,茂達,11,1,10,凱基-中港,2023-11-27,9202
9914,美利達,10,0,10,凱基-中港,2023-11-27,9202
1616,億泰,270,10,260,凱基-中港,2023-11-28,9202
00632R,元大台灣50反1,231,5,226,凱基-中港,2023-11-28,9202
2528,皇普,71,0,71,凱基-中港,2023-11-28,9202
2615,萬海,57,10,47,凱基-中港,2023-11-28,9202
2641,正德,63,20,43,凱基-中港,2023-11-28,9202
2014,中鴻,50,9,41,凱基-中港,2023-11-28,9202
2329,華泰,98,58,40,凱基-中港,2023-11-28,9202
3231,緯創,43,4,39,凱基-中港,2023-11-28,9202
5230,雷笛克光學,40,2,38,凱基-中港,2023-11-28,9202
2492,華新科,76,43,33,凱基-中港,2023-11-28,9202
3006,晶豪科,31,4,27,凱基-中港,2023-11-28,9202
3034,聯詠,22,0,22,凱基-中港,2023-11-28,9202
1701,中化,25,3,22,凱基-中港,2023-11-28,9202
2382,廣達,25,4,21,凱基-中港,2023-11-28,9202
6271,同欣電,22,1,21,凱基-中港,2023-11-28,9202
2402,毅嘉,27,6,21,凱基-中港,2023-11-28,9202
2352,佳世達,20,0,20,凱基-中港,2023-11-28,9202
5347,世界,20,2,18,凱基-中港,2023-11-28,9202
1101,台泥,44,27,17,凱基-中港,2023-11-28,9202
6138,茂達,18,1,17,凱基-中港,2023-11-28,9202
00637L,元大滬深300正2,16,0,16,凱基-中港,2023-11-28,9202
00915,凱基優選高股息30,16,0,16,凱基-中港,2023-11-28,9202
8086,宏捷科,22,7,15,凱基-中港,2023-11-28,9202
8011,台通,15,0,15,凱基-中港,2023-11-28,9202
00919,群益台灣精選高息,17,3,14,凱基-中港,2023-11-28,9202
2889,國票金,20,6,14,凱基-中港,2023-11-28,9202
00712,復華富時不動產,13,0,13,凱基-中港,2023-11-28,9202
3035,智原,29,16,13,凱基-中港,2023-11-28,9202
3228,金麗科,28,16,12,凱基-中港,2023-11-28,9202
3217,優群,23,11,12,凱基-中港,2023-11-28,9202
6122,擎邦,20,8,12,凱基-中港,2023-11-28,9202
6282,康舒,20,9,11,凱基-中港,2023-11-28,9202
6127,九豪,14,3,11,凱基-中港,2023-11-28,9202
2618,長榮航,16,6,10,凱基-中港,2023-11-28,9202
2337,旺宏,10,0,10,凱基-中港,2023-11-28,9202
4420,光明,10,0,10,凱基-中港,2023-11-28,9202
2032,新鋼,10,0,10,凱基-中港,2023-11-28,9202
3257,虹冠電,10,0,10,凱基-中港,2023-11-28,9202
1218,泰山,10,0,10,凱基-中港,2023-11-28,9202
8033,雷虎,10,0,10,凱基-中港,2023-11-28,9202
6578,達邦蛋白,10,0,10,凱基-中港,2023-11-28,9202
00900,富邦特選高股息30,10,1,9,凱基-中港,2023-11-28,9202
2605,新興,15,6,9,凱基-中港,2023-11-28,9202
1752,南光,9,0,9,凱基-中港,2023-11-28,9202
00713,元大台灣高息低波,10,1,9,凱基-中港,2023-11-28,9202
1532,勤美,9,1,8,凱基-中港,2023-11-28,9202
0056,元大高股息,7,0,7,凱基-中港,2023-11-28,9202
5210,寶碩,7,0,7,凱基-中港,2023-11-28,9202
1732,毛寶,13,6,7,凱基-中港,2023-11-28,9202
6150,撼訊,7,0,7,凱基-中港,2023-11-28,9202
2329,華泰,338,48,290,凱基-中港,2023-11-29,9202
00720B,元大投資級公司債,104,0,104,凱基-中港,2023-11-29,9202
5521,工信,60,0,60,凱基-中港,2023-11-29,9202
00882,中信中國高股息,50,2,48,凱基-中港,2023-11-29,9202
00752,中信中國50,42,0,42,凱基-中港,2023-11-29,9202
00919,群益台灣精選高息,44,2,42,凱基-中港,2023-11-29,9202
3481,群創,41,0,41,凱基-中港,2023-11-29,9202
3231,緯創,125,93,32,凱基-中港,2023-11-29,9202
00712,復華富時不動產,27,0,27,凱基-中港,2023-11-29,9202
00795B,中信美國公債20年,23,0,23,凱基-中港,2023-11-29,9202
1616,億泰,23,0,23,凱基-中港,2023-11-29,9202
00751B,元大AAA至A公司債,22,0,22,凱基-中港,2023-11-29,9202
00852L,國泰美國道瓊正2,20,0,20,凱基-中港,2023-11-29,9202
00753L,中信中國50正2,20,0,20,凱基-中港,2023-11-29,9202
5452,佶優,20,0,20,凱基-中港,2023-11-29,9202
1760,寶齡富錦,26,7,19,凱基-中港,2023-11-29,9202
2615,萬海,34,16,18,凱基-中港,2023-11-29,9202
1477,聚陽,18,0,18,凱基-中港,2023-11-29,9202
2401,凌陽,24,7,17,凱基-中港,2023-11-29,9202
2439,美律,18,2,16,凱基-中港,2023-11-29,9202
00637L,元大滬深300正2,15,0,15,凱基-中港,2023-11-29,9202
2891,中信金,16,2,14,凱基-中港,2023-11-29,9202
00934,中信成長高股息,13,0,13,凱基-中港,2023-11-29,9202
6166,凌華,13,0,13,凱基-中港,2023-11-29,9202
1101,台泥,14,2,12,凱基-中港,2023-11-29,9202
1514,亞力,15,3,12,凱基-中港,2023-11-29,9202
3228,金麗科,29,17,12,凱基-中港,2023-11-29,9202
2887,台新金,12,0,12,凱基-中港,2023-11-29,9202
00679B,元大美債20年,12,0,12,凱基-中港,2023-11-29,9202
2883,凱基金,41,30,11,凱基-中港,2023-11-29,9202
3217,優群,14,3,11,凱基-中港,2023-11-29,9202
8411,福貞-KY,11,0,11,凱基-中港,2023-11-29,9202
1582,信錦,16,6,10,凱基-中港,2023-11-29,9202
5460,同協,10,0,10,凱基-中港,2023-11-29,9202
1809,中釉,10,0,10,凱基-中港,2023-11-29,9202
3645,達邁,11,1,10,凱基-中港,2023-11-29,9202
2481,強茂,10,0,10,凱基-中港,2023-11-29,9202
1712,興農,10,0,10,凱基-中港,2023-11-29,9202
2515,中工,10,0,10,凱基-中港,2023-11-29,9202
1304,台聚,10,0,10,凱基-中港,2023-11-29,9202
3276,宇環,10,0,10,凱基-中港,2023-11-29,9202
2305,全友,10,0,10,凱基-中港,2023-11-29,9202
3227,原相,19,9,10,凱基-中港,2023-11-29,9202
1503,士電,10,1,9,凱基-中港,2023-11-29,9202
6282,康舒,24,15,9,凱基-中港,2023-11-29,9202
1701,中化,22,13,9,凱基-中港,2023-11-29,9202
5608,四維航,15,6,9,凱基-中港,2023-11-29,9202
2014,中鴻,9,0,9,凱基-中港,2023-11-29,9202
2444,兆勁,9,0,9,凱基-中港,2023-11-29,9202
2369,菱生,54,45,9,凱基-中港,2023-11-29,9202
00642U,期元大S＆P石油,115,0,115,凱基-中港,2023-11-30,9202
3231,緯創,123,27,96,凱基-中港,2023-11-30,9202
2883,凱基金,107,27,80,凱基-中港,2023-11-30,9202
2353,宏��,86,16,70,凱基-中港,2023-11-30,9202
2323,中環,65,0,65,凱基-中港,2023-11-30,9202
2867,三商壽,62,0,62,凱基-中港,2023-11-30,9202
00919,群益台灣精選高息,56,0,56,凱基-中港,2023-11-30,9202
2369,菱生,48,10,38,凱基-中港,2023-11-30,9202
00715L,期街口布蘭特正2,38,2,36,凱基-中港,2023-11-30,9202
4961,天鈺,37,2,35,凱基-中港,2023-11-30,9202
00650L,復華香港正2,31,0,31,凱基-中港,2023-11-30,9202
5328,華容,52,23,29,凱基-中港,2023-11-30,9202
00687B,國泰20年美債,30,3,27,凱基-中港,2023-11-30,9202
00915,凱基優選高股息30,32,5,27,凱基-中港,2023-11-30,9202
3050,鈺德,27,0,27,凱基-中港,2023-11-30,9202
2002,中鋼,27,0,27,凱基-中港,2023-11-30,9202
00752,中信中國50,27,0,27,凱基-中港,2023-11-30,9202
3264,欣銓,25,0,25,凱基-中港,2023-11-30,9202
00679B,元大美債20年,38,15,23,凱基-中港,2023-11-30,9202
2303,聯電,37,15,22,凱基-中港,2023-11-30,9202
3034,聯詠,20,0,20,凱基-中港,2023-11-30,9202
1612,宏泰,21,1,20,凱基-中港,2023-11-30,9202
6219,富旺,20,0,20,凱基-中港,2023-11-30,9202
0050,元大台灣50,20,0,20,凱基-中港,2023-11-30,9202
9919,康那香,33,13,20,凱基-中港,2023-11-30,9202
00933B,國泰10Y+金融債,18,0,18,凱基-中港,2023-11-30,9202
2618,長榮航,31,13,18,凱基-中港,2023-11-30,9202
2379,瑞昱,16,0,16,凱基-中港,2023-11-30,9202
9938,百和,16,0,16,凱基-中港,2023-11-30,9202
00882,中信中國高股息,16,1,15,凱基-中港,2023-11-30,9202
8011,台通,15,0,15,凱基-中港,2023-11-30,9202
2609,陽明,16,1,15,凱基-中港,2023-11-30,9202
2404,漢唐,15,0,15,凱基-中港,2023-11-30,9202
2476,鉅祥,15,0,15,凱基-中港,2023-11-30,9202
2436,偉詮電,28,13,15,凱基-中港,2023-11-30,9202
2371,大同,13,0,13,凱基-中港,2023-11-30,9202
00673R,期元大S＆P原油反1,13,0,13,凱基-中港,2023-11-30,9202
2915,潤泰全,13,0,13,凱基-中港,2023-11-30,9202
2313,華通,40,28,12,凱基-中港,2023-11-30,9202
3257,虹冠電,19,7,12,凱基-中港,2023-11-30,9202
00923,群益台ESG低碳50,12,0,12,凱基-中港,2023-11-30,9202
00713,元大台灣高息低波,11,0,11,凱基-中港,2023-11-30,9202
4915,致伸,11,0,11,凱基-中港,2023-11-30,9202
2492,華新科,13,2,11,凱基-中港,2023-11-30,9202
3707,漢磊,13,2,11,凱基-中港,2023-11-30,9202
4111,濟生,11,0,11,凱基-中港,2023-11-30,9202
1108,幸福,10,0,10,凱基-中港,2023-11-30,9202
1449,佳和,12,2,10,凱基-中港,2023-11-30,9202
2467,志聖,11,1,10,凱基-中港,2023-11-30,9202
00751B,元大AAA至A公司債,10,0,10,凱基-中港,2023-11-30,9202
00919,群益台灣精選高息,312,0,312,凱基-中港,2023-12-01,9202
00671R,富邦NASDAQ反1,155,0,155,凱基-中港,2023-12-01,9202
00679B,元大美債20年,91,10,81,凱基-中港,2023-12-01,9202
2888,新光金,54,0,54,凱基-中港,2023-12-01,9202
2355,敬鵬,68,17,51,凱基-中港,2023-12-01,9202
00715L,期街口布蘭特正2,51,0,51,凱基-中港,2023-12-01,9202
1463,強盛新,50,0,50,凱基-中港,2023-12-01,9202
2022,聚亨,50,1,49,凱基-中港,2023-12-01,9202
1799,易威,44,0,44,凱基-中港,2023-12-01,9202
3706,神達,87,53,34,凱基-中港,2023-12-01,9202
2382,廣達,39,5,34,凱基-中港,2023-12-01,9202
6548,長科*,34,2,32,凱基-中港,2023-12-01,9202
3231,緯創,133,102,31,凱基-中港,2023-12-01,9202
00673R,期元大S＆P原油反1,30,0,30,凱基-中港,2023-12-01,9202
8150,南茂,31,3,28,凱基-中港,2023-12-01,9202
00637L,元大滬深300正2,26,0,26,凱基-中港,2023-12-01,9202
3481,群創,24,0,24,凱基-中港,2023-12-01,9202
2886,兆豐金,25,3,22,凱基-中港,2023-12-01,9202
2882,國泰金,23,1,22,凱基-中港,2023-12-01,9202
2436,偉詮電,20,1,19,凱基-中港,2023-12-01,9202
5478,智冠,25,6,19,凱基-中港,2023-12-01,9202
00687B,國泰20年美債,19,0,19,凱基-中港,2023-12-01,9202
2332,友訊,18,1,17,凱基-中港,2023-12-01,9202
1101,台泥,17,1,16,凱基-中港,2023-12-01,9202
00878,國泰永續高股息,20,4,16,凱基-中港,2023-12-01,9202
2002,中鋼,17,1,16,凱基-中港,2023-12-01,9202
8411,福貞-KY,16,0,16,凱基-中港,2023-12-01,9202
00713,元大台灣高息低波,16,0,16,凱基-中港,2023-12-01,9202
2317,鴻海,18,3,15,凱基-中港,2023-12-01,9202
3673,TPK-KY,14,0,14,凱基-中港,2023-12-01,9202
3217,優群,17,3,14,凱基-中港,2023-12-01,9202
00882,中信中國高股息,13,0,13,凱基-中港,2023-12-01,9202
2353,宏��,15,2,13,凱基-中港,2023-12-01,9202
2883,凱基金,28,15,13,凱基-中港,2023-12-01,9202
5347,世界,16,3,13,凱基-中港,2023-12-01,9202
00922,國泰台灣領袖50,12,0,12,凱基-中港,2023-12-01,9202
2314,台揚,13,1,12,凱基-中港,2023-12-01,9202
8096,擎亞,73,61,12,凱基-中港,2023-12-01,9202
3083,網龍,12,0,12,凱基-中港,2023-12-01,9202
2324,仁寶,12,0,12,凱基-中港,2023-12-01,9202
2892,第一金,11,0,11,凱基-中港,2023-12-01,9202
00857B,永豐20年美公債,15,4,11,凱基-中港,2023-12-01,9202
6005,群益證,11,0,11,凱基-中港,2023-12-01,9202
6108,競國,13,2,11,凱基-中港,2023-12-01,9202
4763,材料-KY,15,4,11,凱基-中港,2023-12-01,9202
6517,保勝光學,13,2,11,凱基-中港,2023-12-01,9202
2637,慧洋-KY,27,17,10,凱基-中港,2023-12-01,9202
00931B,統一美債20年,10,0,10,凱基-中港,2023-12-01,9202
2239,英利-KY,10,0,10,凱基-中港,2023-12-01,9202
3029,零壹,10,0,10,凱基-中港,2023-12-01,9202
2891,中信金,255,3,252,凱基-中港,2023-12-04,9202
00650L,復華香港正2,212,0,212,凱基-中港,2023-12-04,9202
00929,復華台灣科技優息,167,4,163,凱基-中港,2023-12-04,9202
2883,凱基金,161,3,158,凱基-中港,2023-12-04,9202
9919,康那香,610,472,138,凱基-中港,2023-12-04,9202
00673R,期元大S＆P原油反1,170,36,134,凱基-中港,2023-12-04,9202
00720B,元大投資級公司債,104,6,98,凱基-中港,2023-12-04,9202
00715L,期街口布蘭特正2,87,0,87,凱基-中港,2023-12-04,9202
00919,群益台灣精選高息,83,26,57,凱基-中港,2023-12-04,9202
3231,緯創,120,67,53,凱基-中港,2023-12-04,9202
5521,工信,53,3,50,凱基-中港,2023-12-04,9202
00635U,期元大S＆P黃金,50,0,50,凱基-中港,2023-12-04,9202
6116,彩晶,48,1,47,凱基-中港,2023-12-04,9202
00795B,中信美國公債20年,45,0,45,凱基-中港,2023-12-04,9202
2611,志信,43,1,42,凱基-中港,2023-12-04,9202
1605,華新,45,8,37,凱基-中港,2023-12-04,9202
00931B,統一美債20年,34,0,34,凱基-中港,2023-12-04,9202
5432,新門,30,0,30,凱基-中港,2023-12-04,9202
9942,茂順,29,0,29,凱基-中港,2023-12-04,9202
2637,慧洋-KY,43,14,29,凱基-中港,2023-12-04,9202
2313,華通,55,28,27,凱基-中港,2023-12-04,9202
2834,臺企銀,26,0,26,凱基-中港,2023-12-04,9202
2617,台航,30,8,22,凱基-中港,2023-12-04,9202
4420,光明,19,0,19,凱基-中港,2023-12-04,9202
6485,點序,25,6,19,凱基-中港,2023-12-04,9202
8210,勤誠,135,118,17,凱基-中港,2023-12-04,9202
00899,FT潔淨能源,17,0,17,凱基-中港,2023-12-04,9202
00752,中信中國50,16,0,16,凱基-中港,2023-12-04,9202
3706,神達,27,11,16,凱基-中港,2023-12-04,9202
6235,華孚,17,2,15,凱基-中港,2023-12-04,9202
2312,金寶,15,0,15,凱基-中港,2023-12-04,9202
2454,聯發科,14,0,14,凱基-中港,2023-12-04,9202
1514,亞力,41,27,14,凱基-中港,2023-12-04,9202
4533,協易機,28,14,14,凱基-中港,2023-12-04,9202
2618,長榮航,59,45,14,凱基-中港,2023-12-04,9202
4915,致伸,13,0,13,凱基-中港,2023-12-04,9202
6265,方土昶,13,0,13,凱基-中港,2023-12-04,9202
5328,華容,13,0,13,凱基-中港,2023-12-04,9202
2382,廣達,16,3,13,凱基-中港,2023-12-04,9202
6117,迎廣,58,46,12,凱基-中港,2023-12-04,9202
2421,建準,12,0,12,凱基-中港,2023-12-04,9202
2748,雲品,12,0,12,凱基-中港,2023-12-04,9202
3704,合勤控,12,0,12,凱基-中港,2023-12-04,9202
00632R,元大台灣50反1,16,4,12,凱基-中港,2023-12-04,9202
6126,信音,12,0,12,凱基-中港,2023-12-04,9202
6282,康舒,47,35,12,凱基-中港,2023-12-04,9202
8390,金益鼎,18,6,12,凱基-中港,2023-12-04,9202
1101,台泥,23,11,12,凱基-中港,2023-12-04,9202
2352,佳世達,13,2,11,凱基-中港,2023-12-04,9202
6668,中揚光,11,0,11,凱基-中港,2023-12-04,9202
00671R,富邦NASDAQ反1,411,0,411,凱基-中港,2023-12-05,9202
00919,群益台灣精選高息,152,5,147,凱基-中港,2023-12-05,9202
2492,華新科,113,8,105,凱基-中港,2023-12-05,9202
00720B,元大投資級公司債,104,1,103,凱基-中港,2023-12-05,9202
2603,長榮,84,8,76,凱基-中港,2023-12-05,9202
3231,緯創,96,24,72,凱基-中港,2023-12-05,9202
00680L,元大美債20正2,75,4,71,凱基-中港,2023-12-05,9202
00918,大華優利高填息30,68,0,68,凱基-中港,2023-12-05,9202
00673R,期元大S＆P原油反1,100,37,63,凱基-中港,2023-12-05,9202
2641,正德,196,147,49,凱基-中港,2023-12-05,9202
2303,聯電,48,7,41,凱基-中港,2023-12-05,9202
2883,凱基金,39,1,38,凱基-中港,2023-12-05,9202
00878,國泰永續高股息,39,5,34,凱基-中港,2023-12-05,9202
1785,光洋科,35,2,33,凱基-中港,2023-12-05,9202
2344,華邦電,34,2,32,凱基-中港,2023-12-05,9202
00753L,中信中國50正2,30,0,30,凱基-中港,2023-12-05,9202
5608,四維航,142,114,28,凱基-中港,2023-12-05,9202
00929,復華台灣科技優息,27,2,25,凱基-中港,2023-12-05,9202
2891,中信金,34,11,23,凱基-中港,2023-12-05,9202
2601,益航,26,5,21,凱基-中港,2023-12-05,9202
2355,敬鵬,71,50,21,凱基-中港,2023-12-05,9202
4916,事欣科,21,0,21,凱基-中港,2023-12-05,9202
9955,佳龍,21,0,21,凱基-中港,2023-12-05,9202
2353,宏��,21,1,20,凱基-中港,2023-12-05,9202
2882,國泰金,37,17,20,凱基-中港,2023-12-05,9202
1605,華新,30,11,19,凱基-中港,2023-12-05,9202
8183,精星,19,1,18,凱基-中港,2023-12-05,9202
00637L,元大滬深300正2,18,0,18,凱基-中港,2023-12-05,9202
2363,矽統,20,3,17,凱基-中港,2023-12-05,9202
00633L,富邦上証正2,17,0,17,凱基-中港,2023-12-05,9202
2436,偉詮電,22,5,17,凱基-中港,2023-12-05,9202
1905,華紙,22,6,16,凱基-中港,2023-12-05,9202
4167,松瑞藥,54,38,16,凱基-中港,2023-12-05,9202
1515,力山,22,7,15,凱基-中港,2023-12-05,9202
5347,世界,27,12,15,凱基-中港,2023-12-05,9202
6485,點序,15,1,14,凱基-中港,2023-12-05,9202
00715L,期街口布蘭特正2,14,0,14,凱基-中港,2023-12-05,9202
2312,金寶,14,0,14,凱基-中港,2023-12-05,9202
00922,國泰台灣領袖50,13,0,13,凱基-中港,2023-12-05,9202
8011,台通,15,2,13,凱基-中港,2023-12-05,9202
00932,兆豐永續高息等權,12,0,12,凱基-中港,2023-12-05,9202
2402,毅嘉,12,0,12,凱基-中港,2023-12-05,9202
3122,笙泉,13,1,12,凱基-中港,2023-12-05,9202
2356,英業達,19,8,11,凱基-中港,2023-12-05,9202
2637,慧洋-KY,57,46,11,凱基-中港,2023-12-05,9202
1477,聚陽,16,5,11,凱基-中港,2023-12-05,9202
3380,明泰,14,3,11,凱基-中港,2023-12-05,9202
3033,威健,14,3,11,凱基-中港,2023-12-05,9202
00687B,國泰20年美債,17,6,11,凱基-中港,2023-12-05,9202
3708,上緯投控,13,2,11,凱基-中港,2023-12-05,9202
00751B,元大AAA至A公司債,571,8,563,凱基-中港,2023-12-06,9202
00931B,統一美債20年,352,0,352,凱基-中港,2023-12-06,9202
2419,仲琦,404,63,341,凱基-中港,2023-12-06,9202
00919,群益台灣精選高息,146,14,132,凱基-中港,2023-12-06,9202
3481,群創,126,1,125,凱基-中港,2023-12-06,9202
2323,中環,122,1,121,凱基-中港,2023-12-06,9202
00753L,中信中國50正2,100,0,100,凱基-中港,2023-12-06,9202
9950,萬國通,100,0,100,凱基-中港,2023-12-06,9202
1503,士電,74,17,57,凱基-中港,2023-12-06,9202
00937B,群益ESG投等債20,248,197,51,凱基-中港,2023-12-06,9202
2344,華邦電,49,0,49,凱基-中港,2023-12-06,9202
9945,潤泰新,50,3,47,凱基-中港,2023-12-06,9202
2453,凌群,39,3,36,凱基-中港,2023-12-06,9202
5426,振發,34,1,33,凱基-中港,2023-12-06,9202
8996,高力,33,1,32,凱基-中港,2023-12-06,9202
00688L,國泰20年美債正2,33,0,33,凱基-中港,2023-12-06,9202
2354,鴻準,30,1,29,凱基-中港,2023-12-06,9202
3228,金麗科,29,0,29,凱基-中港,2023-12-06,9202
6770,力積電,31,2,29,凱基-中港,2023-12-06,9202
2355,敬鵬,79,52,27,凱基-中港,2023-12-06,9202
00795B,中信美國公債20年,27,0,27,凱基-中港,2023-12-06,9202
00679B,元大美債20年,70,44,26,凱基-中港,2023-12-06,9202
3479,安勤,30,5,25,凱基-中港,2023-12-06,9202
3680,家登,25,0,25,凱基-中港,2023-12-06,9202
00683L,期元大美元指正2,25,4,21,凱基-中港,2023-12-06,9202
1325,恆大,22,1,21,凱基-中港,2023-12-06,9202
9907,統一實,20,0,20,凱基-中港,2023-12-06,9202
1305,華夏,20,0,20,凱基-中港,2023-12-06,9202
4114,健喬,20,0,20,凱基-中港,2023-12-06,9202
5464,霖宏,20,0,20,凱基-中港,2023-12-06,9202
3050,鈺德,35,15,20,凱基-中港,2023-12-06,9202
1760,寶齡富錦,19,0,19,凱基-中港,2023-12-06,9202
6213,聯茂,20,1,19,凱基-中港,2023-12-06,9202
3527,聚積,19,0,19,凱基-中港,2023-12-06,9202
1785,光洋科,25,7,18,凱基-中港,2023-12-06,9202
2371,大同,17,0,17,凱基-中港,2023-12-06,9202
9919,康那香,20,3,17,凱基-中港,2023-12-06,9202
2303,聯電,18,2,16,凱基-中港,2023-12-06,9202
00715L,期街口布蘭特正2,15,0,15,凱基-中港,2023-12-06,9202
5236,凌陽創新,21,7,14,凱基-中港,2023-12-06,9202
1781,合世,15,1,14,凱基-中港,2023-12-06,9202
5512,力麒,16,2,14,凱基-中港,2023-12-06,9202
00642U,期元大S＆P石油,14,0,14,凱基-中港,2023-12-06,9202
1504,東元,16,3,13,凱基-中港,2023-12-06,9202
3706,神達,20,7,13,凱基-中港,2023-12-06,9202
2603,長榮,26,14,12,凱基-中港,2023-12-06,9202
6148,驊宏資,18,6,12,凱基-中港,2023-12-06,9202
2489,瑞軒,12,0,12,凱基-中港,2023-12-06,9202
1514,亞力,61,50,11,凱基-中港,2023-12-06,9202
4541,晟田,11,0,11,凱基-中港,2023-12-06,9202
00937B,群益ESG投等債20,801,30,771,凱基-中港,2023-12-07,9202
00671R,富邦NASDAQ反1,721,0,721,凱基-中港,2023-12-07,9202
00687B,國泰20年美債,348,2,346,凱基-中港,2023-12-07,9202
00712,復華富時不動產,202,0,202,凱基-中港,2023-12-07,9202
00680L,元大美債20正2,272,89,183,凱基-中港,2023-12-07,9202
00679B,元大美債20年,142,17,125,凱基-中港,2023-12-07,9202
00688L,國泰20年美債正2,121,3,118,凱基-中港,2023-12-07,9202
00929,復華台灣科技優息,119,2,117,凱基-中港,2023-12-07,9202
00919,群益台灣精選高息,115,0,115,凱基-中港,2023-12-07,9202
3481,群創,64,1,63,凱基-中港,2023-12-07,9202
00882,中信中國高股息,53,0,53,凱基-中港,2023-12-07,9202
4541,晟田,58,10,48,凱基-中港,2023-12-07,9202
00931B,統一美債20年,53,6,47,凱基-中港,2023-12-07,9202
4543,萬在,49,5,44,凱基-中港,2023-12-07,9202
6274,台燿,46,5,41,凱基-中港,2023-12-07,9202
3041,揚智,72,32,40,凱基-中港,2023-12-07,9202
6233,旺玖,45,7,38,凱基-中港,2023-12-07,9202
00918,大華優利高填息30,37,0,37,凱基-中港,2023-12-07,9202
8227,巨有科技,37,0,37,凱基-中港,2023-12-07,9202
3680,家登,36,0,36,凱基-中港,2023-12-07,9202
2882,國泰金,34,0,34,凱基-中港,2023-12-07,9202
2312,金寶,40,8,32,凱基-中港,2023-12-07,9202
4939,亞電,100,68,32,凱基-中港,2023-12-07,9202
3437,榮創,30,2,28,凱基-中港,2023-12-07,9202
00715L,期街口布蘭特正2,34,6,28,凱基-中港,2023-12-07,9202
2344,華邦電,32,6,26,凱基-中港,2023-12-07,9202
00857B,永豐20年美公債,26,0,26,凱基-中港,2023-12-07,9202
2891,中信金,27,2,25,凱基-中港,2023-12-07,9202
5880,合庫金,25,0,25,凱基-中港,2023-12-07,9202
3218,大學光,24,0,24,凱基-中港,2023-12-07,9202
3289,宜特,23,0,23,凱基-中港,2023-12-07,9202
2303,聯電,46,23,23,凱基-中港,2023-12-07,9202
2323,中環,22,0,22,凱基-中港,2023-12-07,9202
2374,佳能,21,0,21,凱基-中港,2023-12-07,9202
1712,興農,20,0,20,凱基-中港,2023-12-07,9202
00764B,群益25年美債,20,0,20,凱基-中港,2023-12-07,9202
3078,僑威,20,1,19,凱基-中港,2023-12-07,9202
1802,台玻,18,0,18,凱基-中港,2023-12-07,9202
1612,宏泰,20,2,18,凱基-中港,2023-12-07,9202
1618,合機,39,22,17,凱基-中港,2023-12-07,9202
9950,萬國通,16,0,16,凱基-中港,2023-12-07,9202
1504,東元,22,6,16,凱基-中港,2023-12-07,9202
9938,百和,16,1,15,凱基-中港,2023-12-07,9202
00921,兆豐龍頭等權重,15,0,15,凱基-中港,2023-12-07,9202
5608,四維航,15,0,15,凱基-中港,2023-12-07,9202
2377,微星,14,0,14,凱基-中港,2023-12-07,9202
2376,技嘉,26,12,14,凱基-中港,2023-12-07,9202
2457,飛宏,72,60,12,凱基-中港,2023-12-07,9202
8420,明揚,12,0,12,凱基-中港,2023-12-07,9202
2515,中工,12,0,12,凱基-中港,2023-12-07,9202
00632R,元大台灣50反1,222,0,222,凱基-中港,2023-12-08,9202
8112,至上,143,37,106,凱基-中港,2023-12-08,9202
5426,振發,167,84,83,凱基-中港,2023-12-08,9202
8227,巨有科技,80,0,80,凱基-中港,2023-12-08,9202
2492,華新科,76,7,69,凱基-中港,2023-12-08,9202
3218,大學光,64,8,56,凱基-中港,2023-12-08,9202
4744,皇將,59,3,56,凱基-中港,2023-12-08,9202
00753L,中信中國50正2,50,0,50,凱基-中港,2023-12-08,9202
3231,緯創,80,31,49,凱基-中港,2023-12-08,9202
00882,中信中國高股息,43,0,43,凱基-中港,2023-12-08,9202
2457,飛宏,46,3,43,凱基-中港,2023-12-08,9202
00937B,群益ESG投等債20,58,23,35,凱基-中港,2023-12-08,9202
2405,輔信,49,19,30,凱基-中港,2023-12-08,9202
00931B,統一美債20年,39,11,28,凱基-中港,2023-12-08,9202
8354,冠好,29,2,27,凱基-中港,2023-12-08,9202
6271,同欣電,26,0,26,凱基-中港,2023-12-08,9202
2882,國泰金,26,0,26,凱基-中港,2023-12-08,9202
6005,群益證,26,0,26,凱基-中港,2023-12-08,9202
2486,一詮,24,0,24,凱基-中港,2023-12-08,9202
3437,榮創,21,0,21,凱基-中港,2023-12-08,9202
2417,圓剛,21,0,21,凱基-中港,2023-12-08,9202
00679B,元大美債20年,28,8,20,凱基-中港,2023-12-08,9202
9902,台火,20,0,20,凱基-中港,2023-12-08,9202
6163,華電網,20,0,20,凱基-中港,2023-12-08,9202
8096,擎亞,23,4,19,凱基-中港,2023-12-08,9202
00857B,永豐20年美公債,19,0,19,凱基-中港,2023-12-08,9202
5210,寶碩,21,2,19,凱基-中港,2023-12-08,9202
00919,群益台灣精選高息,29,11,18,凱基-中港,2023-12-08,9202
00918,大華優利高填息30,18,0,18,凱基-中港,2023-12-08,9202
5351,鈺創,33,16,17,凱基-中港,2023-12-08,9202
5460,同協,15,0,15,凱基-中港,2023-12-08,9202
2618,長榮航,85,71,14,凱基-中港,2023-12-08,9202
6140,訊達,16,2,14,凱基-中港,2023-12-08,9202
1586,和勤,13,0,13,凱基-中港,2023-12-08,9202
3499,環天科,13,0,13,凱基-中港,2023-12-08,9202
2331,精英,18,5,13,凱基-中港,2023-12-08,9202
3363,上詮,12,0,12,凱基-中港,2023-12-08,9202
1532,勤美,12,0,12,凱基-中港,2023-12-08,9202
6282,康舒,28,16,12,凱基-中港,2023-12-08,9202
2436,偉詮電,12,0,12,凱基-中港,2023-12-08,9202
00929,復華台灣科技優息,24,13,11,凱基-中港,2023-12-08,9202
3260,威剛,28,17,11,凱基-中港,2023-12-08,9202
6770,力積電,12,1,11,凱基-中港,2023-12-08,9202
00885,富邦越南,11,0,11,凱基-中港,2023-12-08,9202
00892,富邦台灣半導體,16,5,11,凱基-中港,2023-12-08,9202
6202,盛群,11,0,11,凱基-中港,2023-12-08,9202
3227,原相,11,0,11,凱基-中港,2023-12-08,9202
3680,家登,10,0,10,凱基-中港,2023-12-08,9202
00720B,元大投資級公司債,15,5,10,凱基-中港,2023-12-08,9202
1712,興農,10,0,10,凱基-中港,2023-12-08,9202
00919,群益台灣精選高息,161,12,149,凱基-中港,2023-12-11,9202
6113,亞矽,121,1,120,凱基-中港,2023-12-11,9202
00929,復華台灣科技優息,101,9,92,凱基-中港,2023-12-11,9202
00882,中信中國高股息,111,23,88,凱基-中港,2023-12-11,9202
5351,鈺創,120,39,81,凱基-中港,2023-12-11,9202
2615,萬海,84,3,81,凱基-中港,2023-12-11,9202
8112,至上,102,23,79,凱基-中港,2023-12-11,9202
00918,大華優利高填息30,73,0,73,凱基-中港,2023-12-11,9202
2867,三商壽,70,0,70,凱基-中港,2023-12-11,9202
2323,中環,64,1,63,凱基-中港,2023-12-11,9202
00687B,國泰20年美債,69,11,58,凱基-中港,2023-12-11,9202
2883,凱基金,58,3,55,凱基-中港,2023-12-11,9202
1524,耿鼎,139,87,52,凱基-中港,2023-12-11,9202
2888,新光金,46,10,36,凱基-中港,2023-12-11,9202
2314,台揚,35,0,35,凱基-中港,2023-12-11,9202
5460,同協,35,0,35,凱基-中港,2023-12-11,9202
2618,長榮航,46,14,32,凱基-中港,2023-12-11,9202
2882,國泰金,31,0,31,凱基-中港,2023-12-11,9202
6282,康舒,65,34,31,凱基-中港,2023-12-11,9202
00650L,復華香港正2,50,21,29,凱基-中港,2023-12-11,9202
00679B,元大美債20年,41,14,27,凱基-中港,2023-12-11,9202
6535,順藥,27,0,27,凱基-中港,2023-12-11,9202
1605,華新,27,1,26,凱基-中港,2023-12-11,9202
2610,華航,39,13,26,凱基-中港,2023-12-11,9202
4906,正文,28,5,23,凱基-中港,2023-12-11,9202
8011,台通,25,4,21,凱基-中港,2023-12-11,9202
2832,台產,20,0,20,凱基-中港,2023-12-11,9202
4908,前鼎,27,7,20,凱基-中港,2023-12-11,9202
00637L,元大滬深300正2,41,22,19,凱基-中港,2023-12-11,9202
3450,聯鈞,31,12,19,凱基-中港,2023-12-11,9202
2332,友訊,18,0,18,凱基-中港,2023-12-11,9202
2331,精英,18,0,18,凱基-中港,2023-12-11,9202
2609,陽明,21,5,16,凱基-中港,2023-12-11,9202
8354,冠好,20,4,16,凱基-中港,2023-12-11,9202
2382,廣達,51,35,16,凱基-中港,2023-12-11,9202
00931B,統一美債20年,15,0,15,凱基-中港,2023-12-11,9202
2204,中華,42,27,15,凱基-中港,2023-12-11,9202
2605,新興,26,11,15,凱基-中港,2023-12-11,9202
3712,永崴投控,16,2,14,凱基-中港,2023-12-11,9202
2002,中鋼,14,0,14,凱基-中港,2023-12-11,9202
00900,富邦特選高股息30,16,2,14,凱基-中港,2023-12-11,9202
00915,凱基優選高股息30,14,0,14,凱基-中港,2023-12-11,9202
6290,良維,15,1,14,凱基-中港,2023-12-11,9202
2630,亞航,13,0,13,凱基-中港,2023-12-11,9202
2492,華新科,13,0,13,凱基-中港,2023-12-11,9202
2344,華邦電,26,13,13,凱基-中港,2023-12-11,9202
3218,大學光,12,0,12,凱基-中港,2023-12-11,9202
9917,中保科,12,0,12,凱基-中港,2023-12-11,9202
3131,弘塑,13,1,12,凱基-中港,2023-12-11,9202
4541,晟田,12,0,12,凱基-中港,2023-12-11,9202
00919,群益台灣精選高息,303,24,279,凱基-中港,2023-12-12,9202
2888,新光金,137,1,136,凱基-中港,2023-12-12,9202
3481,群創,134,37,97,凱基-中港,2023-12-12,9202
00915,凱基優選高股息30,78,0,78,凱基-中港,2023-12-12,9202
00753L,中信中國50正2,70,0,70,凱基-中港,2023-12-12,9202
2317,鴻海,81,18,63,凱基-中港,2023-12-12,9202
2615,萬海,63,4,59,凱基-中港,2023-12-12,9202
00918,大華優利高填息30,54,0,54,凱基-中港,2023-12-12,9202
6743,安普新,53,0,53,凱基-中港,2023-12-12,9202
2022,聚亨,52,2,50,凱基-中港,2023-12-12,9202
2609,陽明,50,6,44,凱基-中港,2023-12-12,9202
9934,成霖,39,0,39,凱基-中港,2023-12-12,9202
00720B,元大投資級公司債,41,3,38,凱基-中港,2023-12-12,9202
00679B,元大美債20年,34,2,32,凱基-中港,2023-12-12,9202
00687B,國泰20年美債,31,0,31,凱基-中港,2023-12-12,9202
6282,康舒,36,6,30,凱基-中港,2023-12-12,9202
00934,中信成長高股息,30,1,29,凱基-中港,2023-12-12,9202
1514,亞力,63,34,29,凱基-中港,2023-12-12,9202
1618,合機,249,222,27,凱基-中港,2023-12-12,9202
2324,仁寶,27,1,26,凱基-中港,2023-12-12,9202
3062,建漢,25,0,25,凱基-中港,2023-12-12,9202
2610,華航,25,3,22,凱基-中港,2023-12-12,9202
00937B,群益ESG投等債20,43,22,21,凱基-中港,2023-12-12,9202
00885,富邦越南,20,0,20,凱基-中港,2023-12-12,9202
00773B,中信優先金融債,20,0,20,凱基-中港,2023-12-12,9202
00882,中信中國高股息,20,0,20,凱基-中港,2023-12-12,9202
00878,國泰永續高股息,31,11,20,凱基-中港,2023-12-12,9202
2313,華通,41,22,19,凱基-中港,2023-12-12,9202
2308,台達電,19,0,19,凱基-中港,2023-12-12,9202
2883,凱基金,31,13,18,凱基-中港,2023-12-12,9202
2882,國泰金,25,7,18,凱基-中港,2023-12-12,9202
2419,仲琦,30,13,17,凱基-中港,2023-12-12,9202
2009,第一銅,16,0,16,凱基-中港,2023-12-12,9202
5230,雷笛克光學,16,0,16,凱基-中港,2023-12-12,9202
3483,力致,16,0,16,凱基-中港,2023-12-12,9202
2376,技嘉,19,4,15,凱基-中港,2023-12-12,9202
2314,台揚,15,0,15,凱基-中港,2023-12-12,9202
3607,谷崧,15,0,15,凱基-中港,2023-12-12,9202
2374,佳能,15,0,15,凱基-中港,2023-12-12,9202
2365,昆盈,20,5,15,凱基-中港,2023-12-12,9202
2243,宏旭-KY,15,0,15,凱基-中港,2023-12-12,9202
2025,千興,15,0,15,凱基-中港,2023-12-12,9202
8096,擎亞,23,8,15,凱基-中港,2023-12-12,9202
6541,泰福-KY,15,0,15,凱基-中港,2023-12-12,9202
3479,安勤,15,0,15,凱基-中港,2023-12-12,9202
6290,良維,16,2,14,凱基-中港,2023-12-12,9202
00795B,中信美國公債20年,13,0,13,凱基-中港,2023-12-12,9202
2344,華邦電,24,11,13,凱基-中港,2023-12-12,9202
3338,泰碩,24,11,13,凱基-中港,2023-12-12,9202
2002,中鋼,14,1,13,凱基-中港,2023-12-12,9202
00632R,元大台灣50反1,231,0,231,凱基-中港,2023-12-13,9202
00919,群益台灣精選高息,188,45,143,凱基-中港,2023-12-13,9202
3057,喬鼎,103,0,103,凱基-中港,2023-12-13,9202
00929,復華台灣科技優息,138,42,96,凱基-中港,2023-12-13,9202
00915,凱基優選高股息30,97,2,95,凱基-中港,2023-12-13,9202
1310,台苯,55,0,55,凱基-中港,2023-12-13,9202
2317,鴻海,59,9,50,凱基-中港,2023-12-13,9202
1324,地球,50,0,50,凱基-中港,2023-12-13,9202
3481,群創,51,2,49,凱基-中港,2023-12-13,9202
00637L,元大滬深300正2,49,0,49,凱基-中港,2023-12-13,9202
2618,長榮航,63,15,48,凱基-中港,2023-12-13,9202
00934,中信成長高股息,40,0,40,凱基-中港,2023-12-13,9202
00715L,期街口布蘭特正2,40,0,40,凱基-中港,2023-12-13,9202
2838,聯邦銀,50,11,39,凱基-中港,2023-12-13,9202
00713,元大台灣高息低波,40,1,39,凱基-中港,2023-12-13,9202
3706,神達,69,30,39,凱基-中港,2023-12-13,9202
00751B,元大AAA至A公司債,41,5,36,凱基-中港,2023-12-13,9202
2882,國泰金,36,0,36,凱基-中港,2023-12-13,9202
6548,長科*,32,0,32,凱基-中港,2023-12-13,9202
6235,華孚,32,1,31,凱基-中港,2023-12-13,9202
3499,環天科,31,1,30,凱基-中港,2023-12-13,9202
4909,新復興,59,30,29,凱基-中港,2023-12-13,9202
2002,中鋼,32,3,29,凱基-中港,2023-12-13,9202
00720B,元大投資級公司債,32,5,27,凱基-中港,2023-12-13,9202
6462,神盾,26,0,26,凱基-中港,2023-12-13,9202
2376,技嘉,29,4,25,凱基-中港,2023-12-13,9202
2312,金寶,25,0,25,凱基-中港,2023-12-13,9202
1303,南亞,25,1,24,凱基-中港,2023-12-13,9202
2610,華航,23,0,23,凱基-中港,2023-12-13,9202
2392,正崴,36,14,22,凱基-中港,2023-12-13,9202
00687B,國泰20年美債,22,0,22,凱基-中港,2023-12-13,9202
2888,新光金,34,13,21,凱基-中港,2023-12-13,9202
2634,漢翔,43,22,21,凱基-中港,2023-12-13,9202
2399,映泰,47,26,21,凱基-中港,2023-12-13,9202
2344,華邦電,20,0,20,凱基-中港,2023-12-13,9202
4183,福永生技,20,0,20,凱基-中港,2023-12-13,9202
2023,燁輝,20,0,20,凱基-中港,2023-12-13,9202
3704,合勤控,34,14,20,凱基-中港,2023-12-13,9202
6182,合晶,27,7,20,凱基-中港,2023-12-13,9202
6282,康舒,29,10,19,凱基-中港,2023-12-13,9202
2363,矽統,56,37,19,凱基-中港,2023-12-13,9202
6743,安普新,18,0,18,凱基-中港,2023-12-13,9202
6290,良維,18,0,18,凱基-中港,2023-12-13,9202
00918,大華優利高填息30,50,32,18,凱基-中港,2023-12-13,9202
2812,台中銀,19,3,16,凱基-中港,2023-12-13,9202
4111,濟生,16,0,16,凱基-中港,2023-12-13,9202
6191,精成科,16,0,16,凱基-中港,2023-12-13,9202
00642U,期元大S＆P石油,17,1,16,凱基-中港,2023-12-13,9202
2605,新興,26,11,15,凱基-中港,2023-12-13,9202
2883,凱基金,129,115,14,凱基-中港,2023-12-13,9202
00632R,元大台灣50反1,329,0,329,凱基-中港,2023-12-14,9202
00650L,復華香港正2,210,0,210,凱基-中港,2023-12-14,9202
00919,群益台灣精選高息,151,5,146,凱基-中港,2023-12-14,9202
00679B,元大美債20年,179,35,144,凱基-中港,2023-12-14,9202
2610,華航,102,7,95,凱基-中港,2023-12-14,9202
3231,緯創,140,48,92,凱基-中港,2023-12-14,9202
00635U,期元大S＆P黃金,80,0,80,凱基-中港,2023-12-14,9202
3596,智易,66,5,61,凱基-中港,2023-12-14,9202
00706L,期元大S＆P日圓正2,65,9,56,凱基-中港,2023-12-14,9202
00671R,富邦NASDAQ反1,56,0,56,凱基-中港,2023-12-14,9202
00929,復華台灣科技優息,97,46,51,凱基-中港,2023-12-14,9202
00720B,元大投資級公司債,48,1,47,凱基-中港,2023-12-14,9202
1905,華紙,41,2,39,凱基-中港,2023-12-14,9202
00915,凱基優選高股息30,44,5,39,凱基-中港,2023-12-14,9202
00680L,元大美債20正2,123,85,38,凱基-中港,2023-12-14,9202
00687B,國泰20年美債,37,0,37,凱基-中港,2023-12-14,9202
00795B,中信美國公債20年,38,4,34,凱基-中港,2023-12-14,9202
6127,九豪,88,56,32,凱基-中港,2023-12-14,9202
00907,永豐優息存股,30,0,30,凱基-中港,2023-12-14,9202
2313,華通,98,70,28,凱基-中港,2023-12-14,9202
00931B,統一美債20年,30,4,26,凱基-中港,2023-12-14,9202
2637,慧洋-KY,26,0,26,凱基-中港,2023-12-14,9202
3645,達邁,31,5,26,凱基-中港,2023-12-14,9202
3041,揚智,64,38,26,凱基-中港,2023-12-14,9202
2329,華泰,70,45,25,凱基-中港,2023-12-14,9202
3057,喬鼎,126,102,24,凱基-中港,2023-12-14,9202
2417,圓剛,24,0,24,凱基-中港,2023-12-14,9202
00934,中信成長高股息,23,1,22,凱基-中港,2023-12-14,9202
2312,金寶,35,13,22,凱基-中港,2023-12-14,9202
2889,國票金,43,22,21,凱基-中港,2023-12-14,9202
2436,偉詮電,28,7,21,凱基-中港,2023-12-14,9202
2002,中鋼,26,6,20,凱基-中港,2023-12-14,9202
00655L,國泰中國A50正2,20,0,20,凱基-中港,2023-12-14,9202
00725B,國泰投資級公司債,20,0,20,凱基-中港,2023-12-14,9202
3481,群創,32,12,20,凱基-中港,2023-12-14,9202
3033,威健,20,1,19,凱基-中港,2023-12-14,9202
2486,一詮,25,6,19,凱基-中港,2023-12-14,9202
5328,華容,29,11,18,凱基-中港,2023-12-14,9202
1809,中釉,19,1,18,凱基-中港,2023-12-14,9202
00933B,國泰10Y+金融債,27,9,18,凱基-中港,2023-12-14,9202
2324,仁寶,31,13,18,凱基-中港,2023-12-14,9202
6156,松上,17,0,17,凱基-中港,2023-12-14,9202
2425,承啟,38,22,16,凱基-中港,2023-12-14,9202
3706,神達,31,16,15,凱基-中港,2023-12-14,9202
2615,萬海,15,0,15,凱基-中港,2023-12-14,9202
3051,力特,23,8,15,凱基-中港,2023-12-14,9202
2387,精元,25,10,15,凱基-中港,2023-12-14,9202
4973,廣穎,15,0,15,凱基-中港,2023-12-14,9202
3131,弘塑,15,0,15,凱基-中港,2023-12-14,9202
00936,台新永續高息中小,17,2,15,凱基-中港,2023-12-14,9202
00929,復華台灣科技優息,414,29,385,凱基-中港,2023-12-15,9202
2007,燁興,303,1,302,凱基-中港,2023-12-15,9202
00919,群益台灣精選高息,254,95,159,凱基-中港,2023-12-15,9202
2356,英業達,817,672,145,凱基-中港,2023-12-15,9202
00687B,國泰20年美債,113,10,103,凱基-中港,2023-12-15,9202
6147,頎邦,109,7,102,凱基-中港,2023-12-15,9202
1799,易威,90,0,90,凱基-中港,2023-12-15,9202
2363,矽統,215,160,55,凱基-中港,2023-12-15,9202
00935,野村臺灣新科技50,50,0,50,凱基-中港,2023-12-15,9202
6167,久正,47,0,47,凱基-中港,2023-12-15,9202
9105,泰金寶-DR,47,0,47,凱基-中港,2023-12-15,9202
00633L,富邦上証正2,46,0,46,凱基-中港,2023-12-15,9202
00679B,元大美債20年,89,44,45,凱基-中港,2023-12-15,9202
3231,緯創,95,50,45,凱基-中港,2023-12-15,9202
1440,南紡,40,0,40,凱基-中港,2023-12-15,9202
2498,宏達電,47,13,34,凱基-中港,2023-12-15,9202
2492,華新科,35,3,32,凱基-中港,2023-12-15,9202
00669R,國泰美國道瓊反1,32,0,32,凱基-中港,2023-12-15,9202
00918,大華優利高填息30,62,31,31,凱基-中港,2023-12-15,9202
2382,廣達,39,9,30,凱基-中港,2023-12-15,9202
00637L,元大滬深300正2,29,0,29,凱基-中港,2023-12-15,9202
0056,元大高股息,32,4,28,凱基-中港,2023-12-15,9202
2454,聯發科,32,5,27,凱基-中港,2023-12-15,9202
5347,世界,31,7,24,凱基-中港,2023-12-15,9202
1609,大亞,24,2,22,凱基-中港,2023-12-15,9202
00915,凱基優選高股息30,32,11,21,凱基-中港,2023-12-15,9202
6456,GIS-KY,46,25,21,凱基-中港,2023-12-15,9202
3583,辛耘,22,2,20,凱基-中港,2023-12-15,9202
00937B,群益ESG投等債20,25,5,20,凱基-中港,2023-12-15,9202
3046,建��,20,0,20,凱基-中港,2023-12-15,9202
2317,鴻海,19,1,18,凱基-中港,2023-12-15,9202
3019,亞光,18,0,18,凱基-中港,2023-12-15,9202
00764B,群益25年美債,17,0,17,凱基-中港,2023-12-15,9202
3437,榮創,19,3,16,凱基-中港,2023-12-15,9202
4974,亞泰,15,0,15,凱基-中港,2023-12-15,9202
4906,正文,19,4,15,凱基-中港,2023-12-15,9202
00934,中信成長高股息,14,0,14,凱基-中港,2023-12-15,9202
5210,寶碩,15,1,14,凱基-中港,2023-12-15,9202
3265,台星科,41,28,13,凱基-中港,2023-12-15,9202
2388,威盛,38,25,13,凱基-中港,2023-12-15,9202
5426,振發,15,2,13,凱基-中港,2023-12-15,9202
3033,威健,13,0,13,凱基-中港,2023-12-15,9202
6284,佳邦,13,1,12,凱基-中港,2023-12-15,9202
2731,雄獅,13,1,12,凱基-中港,2023-12-15,9202
9962,有益,13,1,12,凱基-中港,2023-12-15,9202
2314,台揚,12,0,12,凱基-中港,2023-12-15,9202
2618,長榮航,24,12,12,凱基-中港,2023-12-15,9202
6770,力積電,21,10,11,凱基-中港,2023-12-15,9202
2412,中華電,11,0,11,凱基-中港,2023-12-15,9202
6269,台郡,11,0,11,凱基-中港,2023-12-15,9202
2356,英業達,247,49,198,凱基-中港,2023-12-18,9202
00929,復華台灣科技優息,218,56,162,凱基-中港,2023-12-18,9202
3047,訊舟,140,23,117,凱基-中港,2023-12-18,9202
00937B,群益ESG投等債20,159,46,113,凱基-中港,2023-12-18,9202
00687B,國泰20年美債,108,1,107,凱基-中港,2023-12-18,9202
4306,炎洲,100,0,100,凱基-中港,2023-12-18,9202
6176,瑞儀,105,5,100,凱基-中港,2023-12-18,9202
00919,群益台灣精選高息,103,7,96,凱基-中港,2023-12-18,9202
00933B,國泰10Y+金融債,67,0,67,凱基-中港,2023-12-18,9202
00712,復華富時不動產,63,0,63,凱基-中港,2023-12-18,9202
2812,台中銀,57,4,53,凱基-中港,2023-12-18,9202
3481,群創,64,12,52,凱基-中港,2023-12-18,9202
00680L,元大美債20正2,52,4,48,凱基-中港,2023-12-18,9202
2002,中鋼,72,28,44,凱基-中港,2023-12-18,9202
00882,中信中國高股息,46,5,41,凱基-中港,2023-12-18,9202
2636,台驊控股,44,9,35,凱基-中港,2023-12-18,9202
6282,康舒,50,23,27,凱基-中港,2023-12-18,9202
00752,中信中國50,30,3,27,凱基-中港,2023-12-18,9202
9919,康那香,50,24,26,凱基-中港,2023-12-18,9202
2023,燁輝,27,1,26,凱基-中港,2023-12-18,9202
00720B,元大投資級公司債,27,2,25,凱基-中港,2023-12-18,9202
2461,光群雷,25,0,25,凱基-中港,2023-12-18,9202
8183,精星,24,0,24,凱基-中港,2023-12-18,9202
6770,力積電,23,0,23,凱基-中港,2023-12-18,9202
2363,矽統,32,11,21,凱基-中港,2023-12-18,9202
2913,農林,27,6,21,凱基-中港,2023-12-18,9202
00936,台新永續高息中小,27,9,18,凱基-中港,2023-12-18,9202
1314,中石化,23,6,17,凱基-中港,2023-12-18,9202
6138,茂達,16,0,16,凱基-中港,2023-12-18,9202
2332,友訊,16,0,16,凱基-中港,2023-12-18,9202
6121,新普,15,0,15,凱基-中港,2023-12-18,9202
8942,森鉅,15,0,15,凱基-中港,2023-12-18,9202
1101,台泥,14,0,14,凱基-中港,2023-12-18,9202
2027,大成鋼,21,7,14,凱基-中港,2023-12-18,9202
2014,中鴻,43,30,13,凱基-中港,2023-12-18,9202
1609,大亞,15,2,13,凱基-中港,2023-12-18,9202
8358,金居,12,0,12,凱基-中港,2023-12-18,9202
1907,永豐餘,13,1,12,凱基-中港,2023-12-18,9202
3533,嘉澤,11,0,11,凱基-中港,2023-12-18,9202
2454,聯發科,11,0,11,凱基-中港,2023-12-18,9202
2883,凱基金,13,2,11,凱基-中港,2023-12-18,9202
2731,雄獅,15,4,11,凱基-中港,2023-12-18,9202
4111,濟生,11,0,11,凱基-中港,2023-12-18,9202
6753,龍德造船,11,0,11,凱基-中港,2023-12-18,9202
8085,福華,30,19,11,凱基-中港,2023-12-18,9202
2020,美亞,11,0,11,凱基-中港,2023-12-18,9202
1802,台玻,10,0,10,凱基-中港,2023-12-18,9202
1810,和成,10,0,10,凱基-中港,2023-12-18,9202
2634,漢翔,10,0,10,凱基-中港,2023-12-18,9202
2889,國票金,12,2,10,凱基-中港,2023-12-18,9202
00712,復華富時不動產,314,129,185,凱基-中港,2023-12-19,9202
00929,復華台灣科技優息,218,60,158,凱基-中港,2023-12-19,9202
00937B,群益ESG投等債20,200,45,155,凱基-中港,2023-12-19,9202
00919,群益台灣精選高息,168,50,118,凱基-中港,2023-12-19,9202
1314,中石化,104,1,103,凱基-中港,2023-12-19,9202
3047,訊舟,83,0,83,凱基-中港,2023-12-19,9202
3481,群創,89,12,77,凱基-中港,2023-12-19,9202
2344,華邦電,69,0,69,凱基-中港,2023-12-19,9202
2303,聯電,73,5,68,凱基-中港,2023-12-19,9202
00679B,元大美債20年,108,41,67,凱基-中港,2023-12-19,9202
3228,金麗科,50,0,50,凱基-中港,2023-12-19,9202
00857B,永豐20年美公債,40,0,40,凱基-中港,2023-12-19,9202
3576,聯合再生,38,0,38,凱基-中港,2023-12-19,9202
1616,億泰,38,1,37,凱基-中港,2023-12-19,9202
3231,緯創,65,29,36,凱基-中港,2023-12-19,9202
0056,元大高股息,55,21,34,凱基-中港,2023-12-19,9202
2637,慧洋-KY,39,6,33,凱基-中港,2023-12-19,9202
2609,陽明,222,190,32,凱基-中港,2023-12-19,9202
2352,佳世達,32,0,32,凱基-中港,2023-12-19,9202
5351,鈺創,51,19,32,凱基-中港,2023-12-19,9202
5426,振發,31,0,31,凱基-中港,2023-12-19,9202
2636,台驊控股,36,6,30,凱基-中港,2023-12-19,9202
2812,台中銀,35,5,30,凱基-中港,2023-12-19,9202
4167,松瑞藥,46,16,30,凱基-中港,2023-12-19,9202
3373,熱映,29,0,29,凱基-中港,2023-12-19,9202
2882,國泰金,28,0,28,凱基-中港,2023-12-19,9202
00706L,期元大S＆P日圓正2,25,0,25,凱基-中港,2023-12-19,9202
2610,華航,28,4,24,凱基-中港,2023-12-19,9202
4974,亞泰,23,0,23,凱基-中港,2023-12-19,9202
2618,長榮航,62,39,23,凱基-中港,2023-12-19,9202
2324,仁寶,27,5,22,凱基-中港,2023-12-19,9202
1605,華新,32,11,21,凱基-中港,2023-12-19,9202
2892,第一金,20,0,20,凱基-中港,2023-12-19,9202
1712,興農,20,0,20,凱基-中港,2023-12-19,9202
3521,鴻翊,20,0,20,凱基-中港,2023-12-19,9202
00687B,國泰20年美債,25,6,19,凱基-中港,2023-12-19,9202
1301,台塑,17,0,17,凱基-中港,2023-12-19,9202
2308,台達電,17,0,17,凱基-中港,2023-12-19,9202
2731,雄獅,16,0,16,凱基-中港,2023-12-19,9202
00632R,元大台灣50反1,20,4,16,凱基-中港,2023-12-19,9202
00720B,元大投資級公司債,15,0,15,凱基-中港,2023-12-19,9202
6770,力積電,15,1,14,凱基-中港,2023-12-19,9202
6668,中揚光,20,6,14,凱基-中港,2023-12-19,9202
6182,合晶,14,0,14,凱基-中港,2023-12-19,9202
6117,迎廣,29,15,14,凱基-中港,2023-12-19,9202
3680,家登,13,0,13,凱基-中港,2023-12-19,9202
1815,富喬,13,0,13,凱基-中港,2023-12-19,9202
2313,華通,24,11,13,凱基-中港,2023-12-19,9202
2889,國票金,14,2,12,凱基-中港,2023-12-19,9202
6147,頎邦,12,0,12,凱基-中港,2023-12-19,9202
00720B,元大投資級公司債,246,0,246,凱基-中港,2023-12-20,9202
8085,福華,193,5,188,凱基-中港,2023-12-20,9202
00632R,元大台灣50反1,107,0,107,凱基-中港,2023-12-20,9202
00933B,國泰10Y+金融債,106,0,106,凱基-中港,2023-12-20,9202
00696B,富邦美債20年,100,0,100,凱基-中港,2023-12-20,9202
2356,英業達,292,192,100,凱基-中港,2023-12-20,9202
3047,訊舟,90,17,73,凱基-中港,2023-12-20,9202
00919,群益台灣精選高息,80,14,66,凱基-中港,2023-12-20,9202
2886,兆豐金,59,1,58,凱基-中港,2023-12-20,9202
00687B,國泰20年美債,46,0,46,凱基-中港,2023-12-20,9202
00679B,元大美債20年,66,21,45,凱基-中港,2023-12-20,9202
00671R,富邦NASDAQ反1,44,1,43,凱基-中港,2023-12-20,9202
1444,力麗,35,0,35,凱基-中港,2023-12-20,9202
6138,茂達,46,12,34,凱基-中港,2023-12-20,9202
00688L,國泰20年美債正2,44,11,33,凱基-中港,2023-12-20,9202
4572,駐龍,31,0,31,凱基-中港,2023-12-20,9202
1605,華新,31,1,30,凱基-中港,2023-12-20,9202
2065,世豐,30,0,30,凱基-中港,2023-12-20,9202
2882,國泰金,28,0,28,凱基-中港,2023-12-20,9202
3264,欣銓,28,0,28,凱基-中港,2023-12-20,9202
2363,矽統,62,34,28,凱基-中港,2023-12-20,9202
4162,智擎,27,0,27,凱基-中港,2023-12-20,9202
00712,復華富時不動產,40,13,27,凱基-中港,2023-12-20,9202
2891,中信金,27,1,26,凱基-中港,2023-12-20,9202
1101,台泥,26,0,26,凱基-中港,2023-12-20,9202
2515,中工,61,36,25,凱基-中港,2023-12-20,9202
2025,千興,25,0,25,凱基-中港,2023-12-20,9202
3706,神達,27,3,24,凱基-中港,2023-12-20,9202
2801,彰銀,26,5,21,凱基-中港,2023-12-20,9202
6257,矽格,22,1,21,凱基-中港,2023-12-20,9202
00931B,統一美債20年,20,0,20,凱基-中港,2023-12-20,9202
8354,冠好,20,0,20,凱基-中港,2023-12-20,9202
2501,國建,20,0,20,凱基-中港,2023-12-20,9202
3083,網龍,20,0,20,凱基-中港,2023-12-20,9202
00637L,元大滬深300正2,20,0,20,凱基-中港,2023-12-20,9202
00795B,中信美國公債20年,18,0,18,凱基-中港,2023-12-20,9202
2371,大同,31,13,18,凱基-中港,2023-12-20,9202
5426,振發,18,1,17,凱基-中港,2023-12-20,9202
2009,第一銅,51,35,16,凱基-中港,2023-12-20,9202
00929,復華台灣科技優息,54,39,15,凱基-中港,2023-12-20,9202
2379,瑞昱,15,0,15,凱基-中港,2023-12-20,9202
3645,達邁,15,0,15,凱基-中港,2023-12-20,9202
3296,勝德,15,0,15,凱基-中港,2023-12-20,9202
2344,華邦電,18,4,14,凱基-中港,2023-12-20,9202
00680L,元大美債20正2,64,51,13,凱基-中港,2023-12-20,9202
1905,華紙,16,3,13,凱基-中港,2023-12-20,9202
5410,國眾,12,0,12,凱基-中港,2023-12-20,9202
3373,熱映,41,30,11,凱基-中港,2023-12-20,9202
3078,僑威,13,2,11,凱基-中港,2023-12-20,9202
2395,研華,11,0,11,凱基-中港,2023-12-20,9202
2801,彰銀,807,1,806,凱基-中港,2023-12-21,9202
00671R,富邦NASDAQ反1,360,1,359,凱基-中港,2023-12-21,9202
00632R,元大台灣50反1,147,3,144,凱基-中港,2023-12-21,9202
00919,群益台灣精選高息,242,103,139,凱基-中港,2023-12-21,9202
00664R,國泰臺灣加權反1,120,0,120,凱基-中港,2023-12-21,9202
00933B,國泰10Y+金融債,105,2,103,凱基-中港,2023-12-21,9202
2886,兆豐金,92,2,90,凱基-中港,2023-12-21,9202
00715L,期街口布蘭特正2,93,3,90,凱基-中港,2023-12-21,9202
2609,陽明,788,699,89,凱基-中港,2023-12-21,9202
00929,復華台灣科技優息,89,5,84,凱基-中港,2023-12-21,9202
8110,華東,71,10,61,凱基-中港,2023-12-21,9202
1312,國喬,55,0,55,凱基-中港,2023-12-21,9202
00669R,國泰美國道瓊反1,50,0,50,凱基-中港,2023-12-21,9202
2615,萬海,124,81,43,凱基-中港,2023-12-21,9202
00935,野村臺灣新科技50,40,0,40,凱基-中港,2023-12-21,9202
6150,撼訊,40,0,40,凱基-中港,2023-12-21,9202
00934,中信成長高股息,37,2,35,凱基-中港,2023-12-21,9202
00878,國泰永續高股息,42,13,29,凱基-中港,2023-12-21,9202
2344,華邦電,88,59,29,凱基-中港,2023-12-21,9202
2356,英業達,223,194,29,凱基-中港,2023-12-21,9202
2634,漢翔,33,6,27,凱基-中港,2023-12-21,9202
00712,復華富時不動產,61,35,26,凱基-中港,2023-12-21,9202
4162,智擎,25,0,25,凱基-中港,2023-12-21,9202
3078,僑威,29,4,25,凱基-中港,2023-12-21,9202
2014,中鴻,34,10,24,凱基-中港,2023-12-21,9202
2882,國泰金,24,0,24,凱基-中港,2023-12-21,9202
00918,大華優利高填息30,24,0,24,凱基-中港,2023-12-21,9202
2884,玉山金,23,0,23,凱基-中港,2023-12-21,9202
2330,台積電,23,1,22,凱基-中港,2023-12-21,9202
2610,華航,31,10,21,凱基-中港,2023-12-21,9202
3047,訊舟,21,0,21,凱基-中港,2023-12-21,9202
2377,微星,22,2,20,凱基-中港,2023-12-21,9202
3218,大學光,20,0,20,凱基-中港,2023-12-21,9202
1101,台泥,23,3,20,凱基-中港,2023-12-21,9202
2365,昆盈,20,0,20,凱基-中港,2023-12-21,9202
00937B,群益ESG投等債20,101,83,18,凱基-中港,2023-12-21,9202
1536,和大,17,0,17,凱基-中港,2023-12-21,9202
4303,信立,19,2,17,凱基-中港,2023-12-21,9202
2603,長榮,46,29,17,凱基-中港,2023-12-21,9202
2312,金寶,17,1,16,凱基-中港,2023-12-21,9202
00720B,元大投資級公司債,16,0,16,凱基-中港,2023-12-21,9202
6443,元晶,16,0,16,凱基-中港,2023-12-21,9202
3704,合勤控,21,5,16,凱基-中港,2023-12-21,9202
3346,麗清,24,8,16,凱基-中港,2023-12-21,9202
2607,榮運,17,2,15,凱基-中港,2023-12-21,9202
4974,亞泰,15,0,15,凱基-中港,2023-12-21,9202
4105,東洋,15,0,15,凱基-中港,2023-12-21,9202
3227,原相,14,0,14,凱基-中港,2023-12-21,9202
8150,南茂,13,0,13,凱基-中港,2023-12-21,9202
2812,台中銀,12,0,12,凱基-中港,2023-12-21,9202
2801,彰銀,812,0,812,凱基-中港,2023-12-22,9202
00679B,元大美債20年,107,0,107,凱基-中港,2023-12-22,9202
2324,仁寶,116,20,96,凱基-中港,2023-12-22,9202
1314,中石化,95,5,90,凱基-中港,2023-12-22,9202
3231,緯創,124,38,86,凱基-中港,2023-12-22,9202
2515,中工,80,8,72,凱基-中港,2023-12-22,9202
00937B,群益ESG投等債20,56,2,54,凱基-中港,2023-12-22,9202
1312,國喬,53,1,52,凱基-中港,2023-12-22,9202
8110,華東,58,11,47,凱基-中港,2023-12-22,9202
2356,英業達,161,116,45,凱基-中港,2023-12-22,9202
00687B,國泰20年美債,46,2,44,凱基-中港,2023-12-22,9202
5009,榮剛,49,6,43,凱基-中港,2023-12-22,9202
00919,群益台灣精選高息,52,11,41,凱基-中港,2023-12-22,9202
00882,中信中國高股息,40,0,40,凱基-中港,2023-12-22,9202
00637L,元大滬深300正2,85,48,37,凱基-中港,2023-12-22,9202
2882,國泰金,34,0,34,凱基-中港,2023-12-22,9202
2105,正新,34,2,32,凱基-中港,2023-12-22,9202
1326,台化,32,1,31,凱基-中港,2023-12-22,9202
2492,華新科,26,1,25,凱基-中港,2023-12-22,9202
00720B,元大投資級公司債,40,20,20,凱基-中港,2023-12-22,9202
00773B,中信優先金融債,20,0,20,凱基-中港,2023-12-22,9202
3521,鴻翊,20,0,20,凱基-中港,2023-12-22,9202
1802,台玻,20,0,20,凱基-中港,2023-12-22,9202
3537,堡達,20,0,20,凱基-中港,2023-12-22,9202
6126,信音,21,2,19,凱基-中港,2023-12-22,9202
2312,金寶,19,0,19,凱基-中港,2023-12-22,9202
00912,中信臺灣智慧50,18,0,18,凱基-中港,2023-12-22,9202
6485,點序,55,37,18,凱基-中港,2023-12-22,9202
2027,大成鋼,17,1,16,凱基-中港,2023-12-22,9202
2014,中鴻,43,27,16,凱基-中港,2023-12-22,9202
6541,泰福-KY,16,1,15,凱基-中港,2023-12-22,9202
5483,中美晶,18,3,15,凱基-中港,2023-12-22,9202
2327,國巨,15,0,15,凱基-中港,2023-12-22,9202
2303,聯電,38,23,15,凱基-中港,2023-12-22,9202
2344,華邦電,97,82,15,凱基-中港,2023-12-22,9202
3583,辛耘,14,0,14,凱基-中港,2023-12-22,9202
2355,敬鵬,23,9,14,凱基-中港,2023-12-22,9202
5498,凱崴,13,0,13,凱基-中港,2023-12-22,9202
4973,廣穎,17,4,13,凱基-中港,2023-12-22,9202
3041,揚智,19,7,12,凱基-中港,2023-12-22,9202
3260,威剛,18,7,11,凱基-中港,2023-12-22,9202
2377,微星,14,3,11,凱基-中港,2023-12-22,9202
1809,中釉,11,0,11,凱基-中港,2023-12-22,9202
5469,瀚宇博,10,0,10,凱基-中港,2023-12-22,9202
4974,亞泰,10,0,10,凱基-中港,2023-12-22,9202
8420,明揚,10,0,10,凱基-中港,2023-12-22,9202
2354,鴻準,10,0,10,凱基-中港,2023-12-22,9202
2812,台中銀,10,0,10,凱基-中港,2023-12-22,9202
2034,允強,10,0,10,凱基-中港,2023-12-22,9202
2913,農林,10,0,10,凱基-中港,2023-12-22,9202
00632R,元大台灣50反1,376,0,376,凱基-中港,2023-12-25,9202
00919,群益台灣精選高息,200,32,168,凱基-中港,2023-12-25,9202
00637L,元大滬深300正2,120,2,118,凱基-中港,2023-12-25,9202
3481,群創,133,25,108,凱基-中港,2023-12-25,9202
2609,陽明,1010,926,84,凱基-中港,2023-12-25,9202
00753L,中信中國50正2,73,0,73,凱基-中港,2023-12-25,9202
4541,晟田,60,0,60,凱基-中港,2023-12-25,9202
3047,訊舟,66,19,47,凱基-中港,2023-12-25,9202
6290,良維,42,0,42,凱基-中港,2023-12-25,9202
00679B,元大美債20年,37,5,32,凱基-中港,2023-12-25,9202
2505,國揚,30,0,30,凱基-中港,2023-12-25,9202
3228,金麗科,27,0,27,凱基-中港,2023-12-25,9202
5324,士開,24,0,24,凱基-中港,2023-12-25,9202
2344,華邦電,27,3,24,凱基-中港,2023-12-25,9202
2610,華航,34,10,24,凱基-中港,2023-12-25,9202
00713,元大台灣高息低波,24,0,24,凱基-中港,2023-12-25,9202
00937B,群益ESG投等債20,23,2,21,凱基-中港,2023-12-25,9202
2618,長榮航,33,12,21,凱基-中港,2023-12-25,9202
00927,群益半導體收益,21,0,21,凱基-中港,2023-12-25,9202
3264,欣銓,23,3,20,凱基-中港,2023-12-25,9202
2501,國建,20,0,20,凱基-中港,2023-12-25,9202
3537,堡達,20,0,20,凱基-中港,2023-12-25,9202
00907,永豐優息存股,20,0,20,凱基-中港,2023-12-25,9202
00655L,國泰中國A50正2,20,0,20,凱基-中港,2023-12-25,9202
2834,臺企銀,20,0,20,凱基-中港,2023-12-25,9202
3041,揚智,23,5,18,凱基-中港,2023-12-25,9202
1101,台泥,18,1,17,凱基-中港,2023-12-25,9202
1712,興農,19,2,17,凱基-中港,2023-12-25,9202
2363,矽統,32,15,17,凱基-中港,2023-12-25,9202
6233,旺玖,19,3,16,凱基-中港,2023-12-25,9202
9935,慶豐富,16,0,16,凱基-中港,2023-12-25,9202
00933B,國泰10Y+金融債,18,3,15,凱基-中港,2023-12-25,9202
2421,建準,28,13,15,凱基-中港,2023-12-25,9202
6548,長科*,15,0,15,凱基-中港,2023-12-25,9202
3576,聯合再生,16,1,15,凱基-中港,2023-12-25,9202
2324,仁寶,1016,1002,14,凱基-中港,2023-12-25,9202
00885,富邦越南,15,1,14,凱基-中港,2023-12-25,9202
2405,輔信,26,13,13,凱基-中港,2023-12-25,9202
00936,台新永續高息中小,13,0,13,凱基-中港,2023-12-25,9202
8011,台通,15,3,12,凱基-中港,2023-12-25,9202
3141,晶宏,11,0,11,凱基-中港,2023-12-25,9202
6116,彩晶,12,1,11,凱基-中港,2023-12-25,9202
2615,萬海,74,63,11,凱基-中港,2023-12-25,9202
00773B,中信優先金融債,11,1,10,凱基-中港,2023-12-25,9202
00650L,復華香港正2,10,0,10,凱基-中港,2023-12-25,9202
00717,富邦美國特別股,10,0,10,凱基-中港,2023-12-25,9202
3380,明泰,10,0,10,凱基-中港,2023-12-25,9202
00896,中信綠能及電動車,10,0,10,凱基-中港,2023-12-25,9202
4906,正文,11,1,10,凱基-中港,2023-12-25,9202
2603,長榮,143,134,9,凱基-中港,2023-12-25,9202
00632R,元大台灣50反1,80,2,78,凱基-中港,2023-12-26,9202
2890,永豐金,65,0,65,凱基-中港,2023-12-26,9202
6270,倍微,37,1,36,凱基-中港,2023-12-26,9202
6191,精成科,34,4,30,凱基-中港,2023-12-26,9202
2457,飛宏,25,0,25,凱基-中港,2023-12-26,9202
6152,百一,22,0,22,凱基-中港,2023-12-26,9202
3521,鴻翊,21,0,21,凱基-中港,2023-12-26,9202
6456,GIS-KY,26,5,21,凱基-中港,2023-12-26,9202
2419,仲琦,20,0,20,凱基-中港,2023-12-26,9202
00665L,富邦�琤肭磪囓�2,20,0,20,凱基-中港,2023-12-26,9202
00650L,復華香港正2,30,10,20,凱基-中港,2023-12-26,9202
00929,復華台灣科技優息,34,16,18,凱基-中港,2023-12-26,9202
2303,聯電,54,37,17,凱基-中港,2023-12-26,9202
2867,三商壽,17,0,17,凱基-中港,2023-12-26,9202
2834,臺企銀,19,2,17,凱基-中港,2023-12-26,9202
2610,華航,39,22,17,凱基-中港,2023-12-26,9202
2369,菱生,17,1,16,凱基-中港,2023-12-26,9202
4979,華星光,18,3,15,凱基-中港,2023-12-26,9202
3231,緯創,74,58,16,凱基-中港,2023-12-26,9202
1324,地球,15,0,15,凱基-中港,2023-12-26,9202
6015,宏遠證,15,0,15,凱基-中港,2023-12-26,9202
2618,長榮航,17,3,14,凱基-中港,2023-12-26,9202
00882,中信中國高股息,13,0,13,凱基-中港,2023-12-26,9202
4111,濟生,13,0,13,凱基-中港,2023-12-26,9202
2467,志聖,12,0,12,凱基-中港,2023-12-26,9202
1514,亞力,12,0,12,凱基-中港,2023-12-26,9202
00687B,國泰20年美債,13,1,12,凱基-中港,2023-12-26,9202
2332,友訊,11,0,11,凱基-中港,2023-12-26,9202
00931B,統一美債20年,13,2,11,凱基-中港,2023-12-26,9202
6016,康和證,10,0,10,凱基-中港,2023-12-26,9202
3290,東浦,10,0,10,凱基-中港,2023-12-26,9202
2505,國揚,10,0,10,凱基-中港,2023-12-26,9202
2484,希華,10,0,10,凱基-中港,2023-12-26,9202
6237,驊訊,33,23,10,凱基-中港,2023-12-26,9202
3390,旭軟,12,2,10,凱基-中港,2023-12-26,9202
00713,元大台灣高息低波,10,0,10,凱基-中港,2023-12-26,9202
8088,品安,12,2,10,凱基-中港,2023-12-26,9202
6290,良維,9,0,9,凱基-中港,2023-12-26,9202
3704,合勤控,10,1,9,凱基-中港,2023-12-26,9202
3437,榮創,11,2,9,凱基-中港,2023-12-26,9202
1229,聯華,9,0,9,凱基-中港,2023-12-26,9202
2382,廣達,14,6,8,凱基-中港,2023-12-26,9202
00933B,國泰10Y+金融債,8,0,8,凱基-中港,2023-12-26,9202
6187,萬潤,13,5,8,凱基-中港,2023-12-26,9202
5351,鈺創,11,3,8,凱基-中港,2023-12-26,9202
00885,富邦越南,13,5,8,凱基-中港,2023-12-26,9202
00878,國泰永續高股息,33,25,8,凱基-中港,2023-12-26,9202
2634,漢翔,7,0,7,凱基-中港,2023-12-26,9202
00752,中信中國50,7,0,7,凱基-中港,2023-12-26,9202
6219,富旺,7,0,7,凱基-中港,2023-12-26,9202
00937B,群益ESG投等債20,866,402,464,凱基-中港,2023-12-27,9202
00687B,國泰20年美債,87,1,86,凱基-中港,2023-12-27,9202
00715L,期街口布蘭特正2,60,10,50,凱基-中港,2023-12-27,9202
00919,群益台灣精選高息,101,54,47,凱基-中港,2023-12-27,9202
00934,中信成長高股息,61,18,43,凱基-中港,2023-12-27,9202
2332,友訊,40,1,39,凱基-中港,2023-12-27,9202
2867,三商壽,36,0,36,凱基-中港,2023-12-27,9202
2356,英業達,100,69,31,凱基-中港,2023-12-27,9202
6129,普誠,35,5,30,凱基-中港,2023-12-27,9202
2355,敬鵬,39,9,30,凱基-中港,2023-12-27,9202
2014,中鴻,40,11,29,凱基-中港,2023-12-27,9202
3545,敦泰,29,1,28,凱基-中港,2023-12-27,9202
00688L,國泰20年美債正2,27,0,27,凱基-中港,2023-12-27,9202
00679B,元大美債20年,26,2,24,凱基-中港,2023-12-27,9202
2365,昆盈,24,0,24,凱基-中港,2023-12-27,9202
2637,慧洋-KY,50,28,22,凱基-中港,2023-12-27,9202
5347,世界,31,9,22,凱基-中港,2023-12-27,9202
6147,頎邦,21,0,21,凱基-中港,2023-12-27,9202
6282,康舒,22,3,19,凱基-中港,2023-12-27,9202
2405,輔信,30,11,19,凱基-中港,2023-12-27,9202
6719,力智,21,2,19,凱基-中港,2023-12-27,9202
00882,中信中國高股息,18,0,18,凱基-中港,2023-12-27,9202
2915,潤泰全,18,0,18,凱基-中港,2023-12-27,9202
2352,佳世達,20,3,17,凱基-中港,2023-12-27,9202
00933B,國泰10Y+金融債,16,0,16,凱基-中港,2023-12-27,9202
2379,瑞昱,17,1,16,凱基-中港,2023-12-27,9202
2883,凱基金,20,4,16,凱基-中港,2023-12-27,9202
2610,華航,20,4,16,凱基-中港,2023-12-27,9202
00752,中信中國50,16,1,15,凱基-中港,2023-12-27,9202
1815,富喬,15,0,15,凱基-中港,2023-12-27,9202
2618,長榮航,25,11,14,凱基-中港,2023-12-27,9202
9934,成霖,23,9,14,凱基-中港,2023-12-27,9202
6189,豐藝,14,0,14,凱基-中港,2023-12-27,9202
8433,弘帆,14,1,13,凱基-中港,2023-12-27,9202
2388,威盛,18,6,12,凱基-中港,2023-12-27,9202
4974,亞泰,12,0,12,凱基-中港,2023-12-27,9202
2641,正德,13,1,12,凱基-中港,2023-12-27,9202
2515,中工,26,14,12,凱基-中港,2023-12-27,9202
8059,凱碩,21,9,12,凱基-中港,2023-12-27,9202
2006,東和鋼鐵,12,0,12,凱基-中港,2023-12-27,9202
2607,榮運,12,1,11,凱基-中港,2023-12-27,9202
6126,信音,11,0,11,凱基-中港,2023-12-27,9202
6167,久正,12,1,11,凱基-中港,2023-12-27,9202
6222,上揚,11,0,11,凱基-中港,2023-12-27,9202
1513,中興電,11,1,10,凱基-中港,2023-12-27,9202
2402,毅嘉,22,12,10,凱基-中港,2023-12-27,9202
3083,網龍,10,0,10,凱基-中港,2023-12-27,9202
00907,永豐優息存股,10,0,10,凱基-中港,2023-12-27,9202
6182,合晶,11,1,10,凱基-中港,2023-12-27,9202
9935,慶豐富,10,0,10,凱基-中港,2023-12-27,9202
00923,群益台ESG低碳50,211,28,183,凱基-中港,2023-12-28,9202
00753L,中信中國50正2,150,0,150,凱基-中港,2023-12-28,9202
00632R,元大台灣50反1,125,2,123,凱基-中港,2023-12-28,9202
2303,聯電,144,35,109,凱基-中港,2023-12-28,9202
00919,群益台灣精選高息,86,6,80,凱基-中港,2023-12-28,9202
2353,宏��,267,191,76,凱基-中港,2023-12-28,9202
00637L,元大滬深300正2,155,92,63,凱基-中港,2023-12-28,9202
5009,榮剛,61,2,59,凱基-中港,2023-12-28,9202
2603,長榮,55,14,41,凱基-中港,2023-12-28,9202
00720B,元大投資級公司債,36,0,36,凱基-中港,2023-12-28,9202
00878,國泰永續高股息,48,12,36,凱基-中港,2023-12-28,9202
3522,御嵿,30,0,30,凱基-中港,2023-12-28,9202
2505,國揚,30,0,30,凱基-中港,2023-12-28,9202
1514,亞力,46,17,29,凱基-中港,2023-12-28,9202
5351,鈺創,46,17,29,凱基-中港,2023-12-28,9202
5355,佳總,26,2,24,凱基-中港,2023-12-28,9202
2332,友訊,38,15,23,凱基-中港,2023-12-28,9202
2323,中環,24,4,20,凱基-中港,2023-12-28,9202
5302,太欣,20,0,20,凱基-中港,2023-12-28,9202
1609,大亞,38,18,20,凱基-中港,2023-12-28,9202
2633,台灣高鐵,19,0,19,凱基-中港,2023-12-28,9202
00902,中信電池及儲能,21,4,17,凱基-中港,2023-12-28,9202
2515,中工,17,0,17,凱基-中港,2023-12-28,9202
9939,宏全,17,0,17,凱基-中港,2023-12-28,9202
8433,弘帆,16,0,16,凱基-中港,2023-12-28,9202
2516,新建,16,0,16,凱基-中港,2023-12-28,9202
00933B,國泰10Y+金融債,35,20,15,凱基-中港,2023-12-28,9202
2637,慧洋-KY,36,21,15,凱基-中港,2023-12-28,9202
2313,華通,14,1,13,凱基-中港,2023-12-28,9202
00931B,統一美債20年,13,0,13,凱基-中港,2023-12-28,9202
1618,合機,22,9,13,凱基-中港,2023-12-28,9202
4746,台耀,13,0,13,凱基-中港,2023-12-28,9202
8054,安國,22,10,12,凱基-中港,2023-12-28,9202
6770,力積電,13,2,11,凱基-中港,2023-12-28,9202
6462,神盾,17,6,11,凱基-中港,2023-12-28,9202
4111,濟生,11,0,11,凱基-中港,2023-12-28,9202
2408,南亞科,15,4,11,凱基-中港,2023-12-28,9202
3481,群創,47,37,10,凱基-中港,2023-12-28,9202
00850,元大臺灣ESG永續,10,0,10,凱基-中港,2023-12-28,9202
1718,中纖,10,0,10,凱基-中港,2023-12-28,9202
2645,長榮航太,10,0,10,凱基-中港,2023-12-28,9202
6265,方土昶,10,0,10,凱基-中港,2023-12-28,9202
3264,欣銓,10,0,10,凱基-中港,2023-12-28,9202
8411,福貞-KY,10,0,10,凱基-中港,2023-12-28,9202
3630,新鉅科,9,0,9,凱基-中港,2023-12-28,9202
3217,優群,12,3,9,凱基-中港,2023-12-28,9202
1905,華紙,9,0,9,凱基-中港,2023-12-28,9202
2609,陽明,53,44,9,凱基-中港,2023-12-28,9202
3673,TPK-KY,8,0,8,凱基-中港,2023-12-28,9202
2367,燿華,11,3,8,凱基-中港,2023-12-28,9202
00688L,國泰20年美債正2,125,1,124,凱基-中港,2023-12-29,9202
5521,工信,128,51,77,凱基-中港,2023-12-29,9202
00751B,元大AAA至A公司債,64,0,64,凱基-中港,2023-12-29,9202
5483,中美晶,61,9,52,凱基-中港,2023-12-29,9202
00679B,元大美債20年,47,2,45,凱基-中港,2023-12-29,9202
2516,新建,44,0,44,凱基-中港,2023-12-29,9202
6235,華孚,45,5,40,凱基-中港,2023-12-29,9202
3006,晶豪科,70,30,40,凱基-中港,2023-12-29,9202
2832,台產,37,0,37,凱基-中港,2023-12-29,9202
6125,廣運,66,29,37,凱基-中港,2023-12-29,9202
00687B,國泰20年美債,35,1,34,凱基-中港,2023-12-29,9202
9939,宏全,33,0,33,凱基-中港,2023-12-29,9202
00753L,中信中國50正2,100,73,27,凱基-中港,2023-12-29,9202
2353,宏��,185,159,26,凱基-中港,2023-12-29,9202
6282,康舒,56,31,25,凱基-中港,2023-12-29,9202
00795B,中信美國公債20年,25,0,25,凱基-中港,2023-12-29,9202
3228,金麗科,24,1,23,凱基-中港,2023-12-29,9202
2633,台灣高鐵,23,0,23,凱基-中港,2023-12-29,9202
3036,文曄,21,1,20,凱基-中港,2023-12-29,9202
6128,上福,20,0,20,凱基-中港,2023-12-29,9202
1785,光洋科,20,0,20,凱基-中港,2023-12-29,9202
00907,永豐優息存股,20,0,20,凱基-中港,2023-12-29,9202
3522,御嵿,20,0,20,凱基-中港,2023-12-29,9202
4168,醣聯,20,0,20,凱基-中港,2023-12-29,9202
00632R,元大台灣50反1,49,31,18,凱基-中港,2023-12-29,9202
6167,久正,18,0,18,凱基-中港,2023-12-29,9202
6152,百一,20,2,18,凱基-中港,2023-12-29,9202
00637L,元大滬深300正2,48,31,17,凱基-中港,2023-12-29,9202
4979,華星光,45,29,16,凱基-中港,2023-12-29,9202
1432,大魯閣,16,0,16,凱基-中港,2023-12-29,9202
00665L,富邦�琤肭磪囓�2,16,0,16,凱基-中港,2023-12-29,9202
2332,友訊,16,0,16,凱基-中港,2023-12-29,9202
2337,旺宏,18,3,15,凱基-中港,2023-12-29,9202
3521,鴻翊,15,0,15,凱基-中港,2023-12-29,9202
2890,永豐金,15,0,15,凱基-中港,2023-12-29,9202
0056,元大高股息,17,2,15,凱基-中港,2023-12-29,9202
6485,點序,19,5,14,凱基-中港,2023-12-29,9202
6243,迅杰,20,7,13,凱基-中港,2023-12-29,9202
2365,昆盈,23,10,13,凱基-中港,2023-12-29,9202
00715L,期街口布蘭特正2,15,2,13,凱基-中港,2023-12-29,9202
1609,大亞,11,0,11,凱基-中港,2023-12-29,9202
2618,長榮航,22,11,11,凱基-中港,2023-12-29,9202
1582,信錦,11,0,11,凱基-中港,2023-12-29,9202
00882,中信中國高股息,11,0,11,凱基-中港,2023-12-29,9202
1514,亞力,26,15,11,凱基-中港,2023-12-29,9202
2324,仁寶,79,69,10,凱基-中港,2023-12-29,9202
2542,興富發,10,0,10,凱基-中港,2023-12-29,9202
3706,神達,42,32,10,凱基-中港,2023-12-29,9202
6188,廣明,10,0,10,凱基-中港,2023-12-29,9202
00935,野村臺灣新科技50,10,0,10,凱基-中港,2023-12-29,9202
6164,華興,400,0,400,凱基-中港,2024-01-02,9202
2886,兆豐金,393,54,339,凱基-中港,2024-01-02,9202
00937B,群益ESG投等債20,195,2,193,凱基-中港,2024-01-02,9202
00632R,元大台灣50反1,200,23,177,凱基-中港,2024-01-02,9202
3231,緯創,182,26,156,凱基-中港,2024-01-02,9202
00679B,元大美債20年,178,29,149,凱基-中港,2024-01-02,9202
00696B,富邦美債20年,100,0,100,凱基-中港,2024-01-02,9202
2882,國泰金,100,8,92,凱基-中港,2024-01-02,9202
00720B,元大投資級公司債,85,1,84,凱基-中港,2024-01-02,9202
2303,聯電,76,2,74,凱基-中港,2024-01-02,9202
1432,大魯閣,65,1,64,凱基-中港,2024-01-02,9202
00633L,富邦上証正2,62,0,62,凱基-中港,2024-01-02,9202
00688L,國泰20年美債正2,60,0,60,凱基-中港,2024-01-02,9202
2881,富邦金,54,0,54,凱基-中港,2024-01-02,9202
2615,萬海,49,14,35,凱基-中港,2024-01-02,9202
2382,廣達,40,8,32,凱基-中港,2024-01-02,9202
00637L,元大滬深300正2,160,130,30,凱基-中港,2024-01-02,9202
5425,台半,27,0,27,凱基-中港,2024-01-02,9202
00878,國泰永續高股息,34,8,26,凱基-中港,2024-01-02,9202
00935,野村臺灣新科技50,24,0,24,凱基-中港,2024-01-02,9202
2356,英業達,71,48,23,凱基-中港,2024-01-02,9202
3047,訊舟,23,0,23,凱基-中港,2024-01-02,9202
00680L,元大美債20正2,23,0,23,凱基-中港,2024-01-02,9202
9105,泰金寶-DR,30,7,23,凱基-中港,2024-01-02,9202
6005,群益證,20,0,20,凱基-中港,2024-01-02,9202
9934,成霖,20,0,20,凱基-中港,2024-01-02,9202
2505,國揚,20,0,20,凱基-中港,2024-01-02,9202
2515,中工,31,11,20,凱基-中港,2024-01-02,9202
00929,復華台灣科技優息,67,47,20,凱基-中港,2024-01-02,9202
6140,訊達,99,80,19,凱基-中港,2024-01-02,9202
6770,力積電,19,0,19,凱基-中港,2024-01-02,9202
00891,中信關鍵半導體,18,0,18,凱基-中港,2024-01-02,9202
8433,弘帆,17,0,17,凱基-中港,2024-01-02,9202
2365,昆盈,18,2,16,凱基-中港,2024-01-02,9202
6695,芯鼎,22,6,16,凱基-中港,2024-01-02,9202
6187,萬潤,17,1,16,凱基-中港,2024-01-02,9202
2731,雄獅,16,0,16,凱基-中港,2024-01-02,9202
2890,永豐金,16,1,15,凱基-中港,2024-01-02,9202
3015,全漢,15,0,15,凱基-中港,2024-01-02,9202
2883,凱基金,16,1,15,凱基-中港,2024-01-02,9202
00934,中信成長高股息,15,0,15,凱基-中港,2024-01-02,9202
00713,元大台灣高息低波,17,3,14,凱基-中港,2024-01-02,9202
4174,浩鼎,13,0,13,凱基-中港,2024-01-02,9202
0056,元大高股息,50,37,13,凱基-中港,2024-01-02,9202
2516,新建,12,0,12,凱基-中港,2024-01-02,9202
9904,寶成,14,3,11,凱基-中港,2024-01-02,9202
2504,國產,11,0,11,凱基-中港,2024-01-02,9202
2362,藍天,16,5,11,凱基-中港,2024-01-02,9202
3264,欣銓,11,0,11,凱基-中港,2024-01-02,9202
2888,新光金,24,14,10,凱基-中港,2024-01-02,9202
00937B,群益ESG投等債20,885,0,885,凱基-中港,2024-01-03,9202
00929,復華台灣科技優息,399,5,394,凱基-中港,2024-01-03,9202
00671R,富邦NASDAQ反1,360,9,351,凱基-中港,2024-01-03,9202
2886,兆豐金,271,0,271,凱基-中港,2024-01-03,9202
00927,群益半導體收益,260,0,260,凱基-中港,2024-01-03,9202
3481,群創,209,18,191,凱基-中港,2024-01-03,9202
2412,中華電,149,0,149,凱基-中港,2024-01-03,9202
00673R,期元大S＆P原油反1,104,5,99,凱基-中港,2024-01-03,9202
2618,長榮航,120,31,89,凱基-中港,2024-01-03,9202
00715L,期街口布蘭特正2,81,0,81,凱基-中港,2024-01-03,9202
00753L,中信中國50正2,80,0,80,凱基-中港,2024-01-03,9202
00878,國泰永續高股息,123,51,72,凱基-中港,2024-01-03,9202
2505,國揚,70,0,70,凱基-中港,2024-01-03,9202
00881,國泰台灣5G+,72,11,61,凱基-中港,2024-01-03,9202
00688L,國泰20年美債正2,61,0,61,凱基-中港,2024-01-03,9202
8411,福貞-KY,55,0,55,凱基-中港,2024-01-03,9202
2881,富邦金,53,1,52,凱基-中港,2024-01-03,9202
2303,聯電,54,9,45,凱基-中港,2024-01-03,9202
8354,冠好,39,0,39,凱基-中港,2024-01-03,9202
6282,康舒,46,9,37,凱基-中港,2024-01-03,9202
6770,力積電,37,1,36,凱基-中港,2024-01-03,9202
2330,台積電,38,2,36,凱基-中港,2024-01-03,9202
2882,國泰金,35,0,35,凱基-中港,2024-01-03,9202
00934,中信成長高股息,34,0,34,凱基-中港,2024-01-03,9202
00888,永豐台灣ESG,34,0,34,凱基-中港,2024-01-03,9202
00882,中信中國高股息,38,5,33,凱基-中港,2024-01-03,9202
2495,普安,34,1,33,凱基-中港,2024-01-03,9202
2867,三商壽,32,0,32,凱基-中港,2024-01-03,9202
2610,華航,36,6,30,凱基-中港,2024-01-03,9202
3704,合勤控,33,3,30,凱基-中港,2024-01-03,9202
1802,台玻,34,4,30,凱基-中港,2024-01-03,9202
00922,國泰台灣領袖50,29,0,29,凱基-中港,2024-01-03,9202
00933B,國泰10Y+金融債,28,0,28,凱基-中港,2024-01-03,9202
1609,大亞,30,3,27,凱基-中港,2024-01-03,9202
2014,中鴻,27,0,27,凱基-中港,2024-01-03,9202
3231,緯創,43,17,26,凱基-中港,2024-01-03,9202
2732,六角,28,3,25,凱基-中港,2024-01-03,9202
6015,宏遠證,25,0,25,凱基-中港,2024-01-03,9202
00725B,國泰投資級公司債,25,0,25,凱基-中港,2024-01-03,9202
2883,凱基金,23,0,23,凱基-中港,2024-01-03,9202
00900,富邦特選高股息30,23,0,23,凱基-中港,2024-01-03,9202
00687B,國泰20年美債,23,1,22,凱基-中港,2024-01-03,9202
2062,橋椿,22,0,22,凱基-中港,2024-01-03,9202
2332,友訊,22,0,22,凱基-中港,2024-01-03,9202
2454,聯發科,23,1,22,凱基-中港,2024-01-03,9202
8299,群聯,21,0,21,凱基-中港,2024-01-03,9202
00633L,富邦上証正2,20,0,20,凱基-中港,2024-01-03,9202
2515,中工,20,0,20,凱基-中港,2024-01-03,9202
00655L,國泰中國A50正2,20,0,20,凱基-中港,2024-01-03,9202
00770,國泰北美科技,20,0,20,凱基-中港,2024-01-03,9202
00937B,群益ESG投等債20,593,0,593,凱基-中港,2024-01-04,9202
00671R,富邦NASDAQ反1,329,10,319,凱基-中港,2024-01-04,9202
2611,志信,312,31,281,凱基-中港,2024-01-04,9202
00933B,國泰10Y+金融債,147,0,147,凱基-中港,2024-01-04,9202
00929,復華台灣科技優息,115,8,107,凱基-中港,2024-01-04,9202
00712,復華富時不動產,106,6,100,凱基-中港,2024-01-04,9202
2609,陽明,219,149,70,凱基-中港,2024-01-04,9202
2332,友訊,70,1,69,凱基-中港,2024-01-04,9202
8110,華東,81,22,59,凱基-中港,2024-01-04,9202
00679B,元大美債20年,654,601,53,凱基-中港,2024-01-04,9202
2882,國泰金,44,0,44,凱基-中港,2024-01-04,9202
00650L,復華香港正2,41,0,41,凱基-中港,2024-01-04,9202
00633L,富邦上証正2,37,0,37,凱基-中港,2024-01-04,9202
00725B,國泰投資級公司債,34,0,34,凱基-中港,2024-01-04,9202
3086,華義,31,0,31,凱基-中港,2024-01-04,9202
2505,國揚,30,0,30,凱基-中港,2024-01-04,9202
00927,群益半導體收益,23,0,23,凱基-中港,2024-01-04,9202
00902,中信電池及儲能,22,0,22,凱基-中港,2024-01-04,9202
8411,福貞-KY,22,0,22,凱基-中港,2024-01-04,9202
3576,聯合再生,20,0,20,凱基-中港,2024-01-04,9202
00919,群益台灣精選高息,26,6,20,凱基-中港,2024-01-04,9202
3289,宜特,21,1,20,凱基-中港,2024-01-04,9202
2101,南港,20,0,20,凱基-中港,2024-01-04,9202
00930,永豐ESG低碳高息,20,0,20,凱基-中港,2024-01-04,9202
2062,橋椿,20,0,20,凱基-中港,2024-01-04,9202
1532,勤美,21,1,20,凱基-中港,2024-01-04,9202
00680L,元大美債20正2,20,1,19,凱基-中港,2024-01-04,9202
00773B,中信優先金融債,17,0,17,凱基-中港,2024-01-04,9202
1611,中電,19,2,17,凱基-中港,2024-01-04,9202
0056,元大高股息,19,3,16,凱基-中港,2024-01-04,9202
3047,訊舟,16,0,16,凱基-中港,2024-01-04,9202
6282,康舒,16,1,15,凱基-中港,2024-01-04,9202
2886,兆豐金,15,0,15,凱基-中港,2024-01-04,9202
00720B,元大投資級公司債,16,1,15,凱基-中港,2024-01-04,9202
2357,華碩,15,1,14,凱基-中港,2024-01-04,9202
3231,緯創,85,71,14,凱基-中港,2024-01-04,9202
0050,元大台灣50,13,0,13,凱基-中港,2024-01-04,9202
2353,宏��,111,98,13,凱基-中港,2024-01-04,9202
2324,仁寶,48,35,13,凱基-中港,2024-01-04,9202
4979,華星光,14,1,13,凱基-中港,2024-01-04,9202
3557,嘉威,13,0,13,凱基-中港,2024-01-04,9202
4111,濟生,13,0,13,凱基-中港,2024-01-04,9202
2486,一詮,20,7,13,凱基-中港,2024-01-04,9202
00878,國泰永續高股息,21,8,13,凱基-中港,2024-01-04,9202
2515,中工,15,3,12,凱基-中港,2024-01-04,9202
1809,中釉,12,0,12,凱基-中港,2024-01-04,9202
3049,精金,11,0,11,凱基-中港,2024-01-04,9202
00772B,中信高評級公司債,11,0,11,凱基-中港,2024-01-04,9202
4906,正文,11,0,11,凱基-中港,2024-01-04,9202
2610,華航,14,3,11,凱基-中港,2024-01-04,9202
00671R,富邦NASDAQ反1,261,2,259,凱基-中港,2024-01-05,9202
00919,群益台灣精選高息,180,7,173,凱基-中港,2024-01-05,9202
00929,復華台灣科技優息,167,8,159,凱基-中港,2024-01-05,9202
8096,擎亞,143,28,115,凱基-中港,2024-01-05,9202
00632R,元大台灣50反1,118,8,110,凱基-中港,2024-01-05,9202
00937B,群益ESG投等債20,104,12,92,凱基-中港,2024-01-05,9202
2330,台積電,91,0,91,凱基-中港,2024-01-05,9202
6187,萬潤,78,2,76,凱基-中港,2024-01-05,9202
2537,聯上發,70,0,70,凱基-中港,2024-01-05,9202
2062,橋椿,60,0,60,凱基-中港,2024-01-05,9202
00933B,國泰10Y+金融債,54,0,54,凱基-中港,2024-01-05,9202
2344,華邦電,63,12,51,凱基-中港,2024-01-05,9202
1218,泰山,50,0,50,凱基-中港,2024-01-05,9202
6213,聯茂,50,1,49,凱基-中港,2024-01-05,9202
2618,長榮航,68,22,46,凱基-中港,2024-01-05,9202
8411,福貞-KY,55,10,45,凱基-中港,2024-01-05,9202
3673,TPK-KY,41,0,41,凱基-中港,2024-01-05,9202
6116,彩晶,50,10,40,凱基-中港,2024-01-05,9202
00773B,中信優先金融債,39,0,39,凱基-中港,2024-01-05,9202
3188,鑫龍騰,39,0,39,凱基-中港,2024-01-05,9202
00770,國泰北美科技,36,0,36,凱基-中港,2024-01-05,9202
00687B,國泰20年美債,34,0,34,凱基-中港,2024-01-05,9202
2356,英業達,72,42,30,凱基-中港,2024-01-05,9202
2609,陽明,107,77,30,凱基-中港,2024-01-05,9202
0056,元大高股息,29,0,29,凱基-中港,2024-01-05,9202
2353,宏��,106,78,28,凱基-中港,2024-01-05,9202
2388,威盛,42,15,27,凱基-中港,2024-01-05,9202
00688L,國泰20年美債正2,31,11,20,凱基-中港,2024-01-05,9202
2505,國揚,20,0,20,凱基-中港,2024-01-05,9202
8059,凱碩,20,0,20,凱基-中港,2024-01-05,9202
00881,國泰台灣5G+,19,0,19,凱基-中港,2024-01-05,9202
2801,彰銀,20,1,19,凱基-中港,2024-01-05,9202
00720B,元大投資級公司債,18,0,18,凱基-中港,2024-01-05,9202
2352,佳世達,20,3,17,凱基-中港,2024-01-05,9202
2474,可成,18,2,16,凱基-中港,2024-01-05,9202
3046,建��,19,3,16,凱基-中港,2024-01-05,9202
3051,力特,16,0,16,凱基-中港,2024-01-05,9202
4979,華星光,15,0,15,凱基-中港,2024-01-05,9202
2303,聯電,32,17,15,凱基-中港,2024-01-05,9202
2610,華航,16,2,14,凱基-中港,2024-01-05,9202
2888,新光金,14,0,14,凱基-中港,2024-01-05,9202
00882,中信中國高股息,14,0,14,凱基-中港,2024-01-05,9202
1605,華新,15,2,13,凱基-中港,2024-01-05,9202
3380,明泰,13,0,13,凱基-中港,2024-01-05,9202
2605,新興,14,1,13,凱基-中港,2024-01-05,9202
0050,元大台灣50,15,3,12,凱基-中港,2024-01-05,9202
3078,僑威,13,1,12,凱基-中港,2024-01-05,9202
00931B,統一美債20年,27,15,12,凱基-中港,2024-01-05,9202
2382,廣達,16,4,12,凱基-中港,2024-01-05,9202
2408,南亞科,14,2,12,凱基-中港,2024-01-05,9202
00937B,群益ESG投等債20,510,14,496,凱基-中港,2024-01-08,9202
2409,友達,316,85,231,凱基-中港,2024-01-08,9202
00632R,元大台灣50反1,218,3,215,凱基-中港,2024-01-08,9202
00637L,元大滬深300正2,173,0,173,凱基-中港,2024-01-08,9202
9105,泰金寶-DR,202,30,172,凱基-中港,2024-01-08,9202
00929,復華台灣科技優息,183,20,163,凱基-中港,2024-01-08,9202
2303,聯電,74,10,64,凱基-中港,2024-01-08,9202
6548,長科*,57,0,57,凱基-中港,2024-01-08,9202
1785,光洋科,61,7,54,凱基-中港,2024-01-08,9202
2505,國揚,52,0,52,凱基-中港,2024-01-08,9202
2353,宏��,106,55,51,凱基-中港,2024-01-08,9202
00720B,元大投資級公司債,40,0,40,凱基-中港,2024-01-08,9202
2062,橋椿,40,0,40,凱基-中港,2024-01-08,9202
4746,台耀,44,4,40,凱基-中港,2024-01-08,9202
8111,立��,40,0,40,凱基-中港,2024-01-08,9202
00633L,富邦上証正2,36,0,36,凱基-中港,2024-01-08,9202
2344,華邦電,45,9,36,凱基-中港,2024-01-08,9202
6770,力積電,62,27,35,凱基-中港,2024-01-08,9202
00919,群益台灣精選高息,45,12,33,凱基-中港,2024-01-08,9202
00687B,國泰20年美債,41,8,33,凱基-中港,2024-01-08,9202
00650L,復華香港正2,33,0,33,凱基-中港,2024-01-08,9202
8110,華東,30,0,30,凱基-中港,2024-01-08,9202
2457,飛宏,32,2,30,凱基-中港,2024-01-08,9202
00665L,富邦�琤肭磪囓�2,28,0,28,凱基-中港,2024-01-08,9202
3231,緯創,55,28,27,凱基-中港,2024-01-08,9202
1342,八貫,24,0,24,凱基-中港,2024-01-08,9202
00752,中信中國50,21,0,21,凱基-中港,2024-01-08,9202
3481,群創,160,139,21,凱基-中港,2024-01-08,9202
2317,鴻海,23,2,21,凱基-中港,2024-01-08,9202
3025,星通,22,2,20,凱基-中港,2024-01-08,9202
00930,永豐ESG低碳高息,20,0,20,凱基-中港,2024-01-08,9202
1786,科妍,20,0,20,凱基-中港,2024-01-08,9202
00933B,國泰10Y+金融債,21,2,19,凱基-中港,2024-01-08,9202
00931B,統一美債20年,55,37,18,凱基-中港,2024-01-08,9202
00878,國泰永續高股息,34,18,16,凱基-中港,2024-01-08,9202
00882,中信中國高股息,16,0,16,凱基-中港,2024-01-08,9202
00773B,中信優先金融債,21,5,16,凱基-中港,2024-01-08,9202
2324,仁寶,75,59,16,凱基-中港,2024-01-08,9202
00904,新光臺灣半導體30,14,0,14,凱基-中港,2024-01-08,9202
2439,美律,15,1,14,凱基-中港,2024-01-08,9202
6138,茂達,15,1,14,凱基-中港,2024-01-08,9202
5351,鈺創,18,5,13,凱基-中港,2024-01-08,9202
4111,濟生,13,0,13,凱基-中港,2024-01-08,9202
00696B,富邦美債20年,13,0,13,凱基-中港,2024-01-08,9202
8085,福華,14,1,13,凱基-中港,2024-01-08,9202
00688L,國泰20年美債正2,12,0,12,凱基-中港,2024-01-08,9202
2327,國巨,11,0,11,凱基-中港,2024-01-08,9202
1218,泰山,11,0,11,凱基-中港,2024-01-08,9202
6415,矽力*-KY,11,0,11,凱基-中港,2024-01-08,9202
8088,品安,11,1,10,凱基-中港,2024-01-08,9202
00632R,元大台灣50反1,167,12,155,凱基-中港,2024-01-09,9202
00919,群益台灣精選高息,123,2,121,凱基-中港,2024-01-09,9202
2634,漢翔,113,1,112,凱基-中港,2024-01-09,9202
3481,群創,130,67,63,凱基-中港,2024-01-09,9202
3231,緯創,128,70,58,凱基-中港,2024-01-09,9202
00937B,群益ESG投等債20,62,5,57,凱基-中港,2024-01-09,9202
00770,國泰北美科技,57,3,54,凱基-中港,2024-01-09,9202
2014,中鴻,51,0,51,凱基-中港,2024-01-09,9202
2002,中鋼,50,0,50,凱基-中港,2024-01-09,9202
00671R,富邦NASDAQ反1,51,2,49,凱基-中港,2024-01-09,9202
8411,福貞-KY,47,0,47,凱基-中港,2024-01-09,9202
0056,元大高股息,57,11,46,凱基-中港,2024-01-09,9202
8183,精星,43,0,43,凱基-中港,2024-01-09,9202
00680L,元大美債20正2,46,4,42,凱基-中港,2024-01-09,9202
1312,國喬,44,2,42,凱基-中港,2024-01-09,9202
2505,國揚,40,0,40,凱基-中港,2024-01-09,9202
00688L,國泰20年美債正2,39,0,39,凱基-中港,2024-01-09,9202
1218,泰山,39,0,39,凱基-中港,2024-01-09,9202
00929,復華台灣科技優息,55,20,35,凱基-中港,2024-01-09,9202
8110,華東,40,7,33,凱基-中港,2024-01-09,9202
3014,聯陽,30,0,30,凱基-中港,2024-01-09,9202
4746,台耀,30,0,30,凱基-中港,2024-01-09,9202
00725B,國泰投資級公司債,30,0,30,凱基-中港,2024-01-09,9202
2609,陽明,114,84,30,凱基-中港,2024-01-09,9202
6282,康舒,36,8,28,凱基-中港,2024-01-09,9202
8088,品安,27,0,27,凱基-中港,2024-01-09,9202
4909,新復興,34,9,25,凱基-中港,2024-01-09,9202
5309,系統電,27,3,24,凱基-中港,2024-01-09,9202
6462,神盾,22,0,22,凱基-中港,2024-01-09,9202
1303,南亞,21,0,21,凱基-中港,2024-01-09,9202
00931B,統一美債20年,26,5,21,凱基-中港,2024-01-09,9202
00898,國泰基因免疫革命,20,0,20,凱基-中港,2024-01-09,9202
4541,晟田,20,0,20,凱基-中港,2024-01-09,9202
3221,台嘉碩,20,0,20,凱基-中港,2024-01-09,9202
2615,萬海,65,46,19,凱基-中港,2024-01-09,9202
2317,鴻海,20,1,19,凱基-中港,2024-01-09,9202
1605,華新,25,7,18,凱基-中港,2024-01-09,9202
2603,長榮,31,13,18,凱基-中港,2024-01-09,9202
3078,僑威,18,1,17,凱基-中港,2024-01-09,9202
2467,志聖,20,3,17,凱基-中港,2024-01-09,9202
1342,八貫,16,0,16,凱基-中港,2024-01-09,9202
6120,達運,26,10,16,凱基-中港,2024-01-09,9202
00927,群益半導體收益,17,1,16,凱基-中港,2024-01-09,9202
8227,巨有科技,19,3,16,凱基-中港,2024-01-09,9202
2308,台達電,15,0,15,凱基-中港,2024-01-09,9202
2460,建通,17,3,14,凱基-中港,2024-01-09,9202
1514,亞力,17,4,13,凱基-中港,2024-01-09,9202
2427,三商電,15,2,13,凱基-中港,2024-01-09,9202
8054,安國,16,3,13,凱基-中港,2024-01-09,9202
2498,宏達電,70,57,13,凱基-中港,2024-01-09,9202
3481,群創,194,2,192,凱基-中港,2024-01-10,9202
2329,華泰,180,13,167,凱基-中港,2024-01-10,9202
2303,聯電,119,8,111,凱基-中港,2024-01-10,9202
2883,凱基金,101,3,98,凱基-中港,2024-01-10,9202
00933B,國泰10Y+金融債,88,10,78,凱基-中港,2024-01-10,9202
00929,復華台灣科技優息,52,4,48,凱基-中港,2024-01-10,9202
00725B,國泰投資級公司債,46,0,46,凱基-中港,2024-01-10,9202
2618,長榮航,65,22,43,凱基-中港,2024-01-10,9202
2887,台新金,34,0,34,凱基-中港,2024-01-10,9202
00927,群益半導體收益,33,0,33,凱基-中港,2024-01-10,9202
5388,中磊,30,0,30,凱基-中港,2024-01-10,9202
00688L,國泰20年美債正2,29,0,29,凱基-中港,2024-01-10,9202
2014,中鴻,33,4,29,凱基-中港,2024-01-10,9202
1515,力山,27,2,25,凱基-中港,2024-01-10,9202
3706,神達,39,16,23,凱基-中港,2024-01-10,9202
2002,中鋼,24,2,22,凱基-中港,2024-01-10,9202
2498,宏達電,39,17,22,凱基-中港,2024-01-10,9202
5519,隆大,20,0,20,凱基-中港,2024-01-10,9202
2505,國揚,20,0,20,凱基-中港,2024-01-10,9202
3014,聯陽,20,0,20,凱基-中港,2024-01-10,9202
00937B,群益ESG投等債20,29,10,19,凱基-中港,2024-01-10,9202
4123,晟德,19,0,19,凱基-中港,2024-01-10,9202
2609,陽明,94,76,18,凱基-中港,2024-01-10,9202
1785,光洋科,17,0,17,凱基-中港,2024-01-10,9202
2243,宏旭-KY,17,0,17,凱基-中港,2024-01-10,9202
0056,元大高股息,17,1,16,凱基-中港,2024-01-10,9202
3707,漢磊,15,0,15,凱基-中港,2024-01-10,9202
4746,台耀,16,1,15,凱基-中港,2024-01-10,9202
2374,佳能,15,0,15,凱基-中港,2024-01-10,9202
1326,台化,13,0,13,凱基-中港,2024-01-10,9202
9902,台火,13,0,13,凱基-中港,2024-01-10,9202
2515,中工,12,0,12,凱基-中港,2024-01-10,9202
2108,南帝,12,0,12,凱基-中港,2024-01-10,9202
3491,昇達科,12,0,12,凱基-中港,2024-01-10,9202
2324,仁寶,29,17,12,凱基-中港,2024-01-10,9202
2301,光寶科,16,5,11,凱基-中港,2024-01-10,9202
9935,慶豐富,11,0,11,凱基-中港,2024-01-10,9202
1584,精剛,11,0,11,凱基-中港,2024-01-10,9202
8433,弘帆,11,0,11,凱基-中港,2024-01-10,9202
2458,義隆,11,0,11,凱基-中港,2024-01-10,9202
2101,南港,11,0,11,凱基-中港,2024-01-10,9202
6243,迅杰,16,5,11,凱基-中港,2024-01-10,9202
1417,嘉裕,10,0,10,凱基-中港,2024-01-10,9202
00907,永豐優息存股,10,0,10,凱基-中港,2024-01-10,9202
3131,弘塑,10,0,10,凱基-中港,2024-01-10,9202
2395,研華,10,0,10,凱基-中港,2024-01-10,9202
2401,凌陽,10,0,10,凱基-中港,2024-01-10,9202
4529,淳紳,10,0,10,凱基-中港,2024-01-10,9202
6177,達麗,10,0,10,凱基-中港,2024-01-10,9202
2356,英業達,34,25,9,凱基-中港,2024-01-10,9202
00929,復華台灣科技優息,223,5,218,凱基-中港,2024-01-11,9202
00937B,群益ESG投等債20,125,40,85,凱基-中港,2024-01-11,9202
00933B,國泰10Y+金融債,86,1,85,凱基-中港,2024-01-11,9202
00927,群益半導體收益,57,0,57,凱基-中港,2024-01-11,9202
1301,台塑,55,1,54,凱基-中港,2024-01-11,9202
1432,大魯閣,62,14,48,凱基-中港,2024-01-11,9202
2610,華航,53,7,46,凱基-中港,2024-01-11,9202
00919,群益台灣精選高息,34,1,33,凱基-中港,2024-01-11,9202
4123,晟德,36,4,32,凱基-中港,2024-01-11,9202
2409,友達,37,7,30,凱基-中港,2024-01-11,9202
00725B,國泰投資級公司債,30,0,30,凱基-中港,2024-01-11,9202
2353,宏��,115,86,29,凱基-中港,2024-01-11,9202
2634,漢翔,29,0,29,凱基-中港,2024-01-11,9202
2423,固緯,30,2,28,凱基-中港,2024-01-11,9202
00687B,國泰20年美債,27,0,27,凱基-中港,2024-01-11,9202
00931B,統一美債20年,28,2,26,凱基-中港,2024-01-11,9202
2243,宏旭-KY,35,10,25,凱基-中港,2024-01-11,9202
2882,國泰金,25,0,25,凱基-中港,2024-01-11,9202
1303,南亞,23,0,23,凱基-中港,2024-01-11,9202
0056,元大高股息,25,3,22,凱基-中港,2024-01-11,9202
00934,中信成長高股息,21,0,21,凱基-中港,2024-01-11,9202
1319,東陽,21,0,21,凱基-中港,2024-01-11,9202
2449,京元電子,21,0,21,凱基-中港,2024-01-11,9202
2363,矽統,59,39,20,凱基-中港,2024-01-11,9202
00688L,國泰20年美債正2,20,0,20,凱基-中港,2024-01-11,9202
2505,國揚,20,0,20,凱基-中港,2024-01-11,9202
2618,長榮航,25,5,20,凱基-中港,2024-01-11,9202
2002,中鋼,20,1,19,凱基-中港,2024-01-11,9202
2743,山富,19,0,19,凱基-中港,2024-01-11,9202
00632R,元大台灣50反1,19,0,19,凱基-中港,2024-01-11,9202
1605,華新,19,1,18,凱基-中港,2024-01-11,9202
8936,國統,26,8,18,凱基-中港,2024-01-11,9202
3706,神達,40,22,18,凱基-中港,2024-01-11,9202
2609,陽明,36,19,17,凱基-中港,2024-01-11,9202
00679B,元大美債20年,17,0,17,凱基-中港,2024-01-11,9202
1440,南紡,17,0,17,凱基-中港,2024-01-11,9202
1540,喬福,16,0,16,凱基-中港,2024-01-11,9202
2515,中工,16,0,16,凱基-中港,2024-01-11,9202
1584,精剛,15,0,15,凱基-中港,2024-01-11,9202
2543,皇昌,15,0,15,凱基-中港,2024-01-11,9202
00881,國泰台灣5G+,14,0,14,凱基-中港,2024-01-11,9202
8932,智通*,15,1,14,凱基-中港,2024-01-11,9202
1815,富喬,15,1,14,凱基-中港,2024-01-11,9202
1519,華城,23,10,13,凱基-中港,2024-01-11,9202
3033,威健,13,0,13,凱基-中港,2024-01-11,9202
3032,偉訓,17,4,13,凱基-中港,2024-01-11,9202
3264,欣銓,16,3,13,凱基-中港,2024-01-11,9202
2105,正新,13,0,13,凱基-中港,2024-01-11,9202
9921,巨大,11,0,11,凱基-中港,2024-01-11,9202
00915,凱基優選高股息30,11,0,11,凱基-中港,2024-01-11,9202
2888,新光金,640,10,630,凱基-中港,2024-01-12,9202
8936,國統,324,5,319,凱基-中港,2024-01-12,9202
1513,中興電,223,17,206,凱基-中港,2024-01-12,9202
00929,復華台灣科技優息,214,10,204,凱基-中港,2024-01-12,9202
2610,華航,88,7,81,凱基-中港,2024-01-12,9202
8033,雷虎,65,4,61,凱基-中港,2024-01-12,9202
2603,長榮,71,14,57,凱基-中港,2024-01-12,9202
00725B,國泰投資級公司債,55,0,55,凱基-中港,2024-01-12,9202
00933B,國泰10Y+金融債,81,30,51,凱基-中港,2024-01-12,9202
6547,高端疫苗,50,0,50,凱基-中港,2024-01-12,9202
5225,東科-KY,48,1,47,凱基-中港,2024-01-12,9202
6282,康舒,53,6,47,凱基-中港,2024-01-12,9202
00679B,元大美債20年,41,1,40,凱基-中港,2024-01-12,9202
8096,擎亞,180,143,37,凱基-中港,2024-01-12,9202
2891,中信金,37,1,36,凱基-中港,2024-01-12,9202
8150,南茂,40,5,35,凱基-中港,2024-01-12,9202
6016,康和證,35,0,35,凱基-中港,2024-01-12,9202
00919,群益台灣精選高息,62,29,33,凱基-中港,2024-01-12,9202
2330,台積電,31,2,29,凱基-中港,2024-01-12,9202
00927,群益半導體收益,28,0,28,凱基-中港,2024-01-12,9202
2353,宏��,113,86,27,凱基-中港,2024-01-12,9202
6770,力積電,26,0,26,凱基-中港,2024-01-12,9202
2443,昶虹,25,0,25,凱基-中港,2024-01-12,9202
2439,美律,25,1,24,凱基-中港,2024-01-12,9202
5426,振發,46,22,24,凱基-中港,2024-01-12,9202
2344,華邦電,43,20,23,凱基-中港,2024-01-12,9202
00937B,群益ESG投等債20,24,1,23,凱基-中港,2024-01-12,9202
1314,中石化,22,0,22,凱基-中港,2024-01-12,9202
2505,國揚,20,0,20,凱基-中港,2024-01-12,9202
2101,南港,20,0,20,凱基-中港,2024-01-12,9202
2323,中環,20,0,20,凱基-中港,2024-01-12,9202
0056,元大高股息,18,0,18,凱基-中港,2024-01-12,9202
1560,中砂,20,3,17,凱基-中港,2024-01-12,9202
3704,合勤控,17,0,17,凱基-中港,2024-01-12,9202
2882,國泰金,22,6,16,凱基-中港,2024-01-12,9202
8433,弘帆,16,0,16,凱基-中港,2024-01-12,9202
4909,新復興,45,29,16,凱基-中港,2024-01-12,9202
6120,達運,19,4,15,凱基-中港,2024-01-12,9202
00665L,富邦�琤肭磪囓�2,15,0,15,凱基-中港,2024-01-12,9202
00680L,元大美債20正2,15,1,14,凱基-中港,2024-01-12,9202
9935,慶豐富,12,0,12,凱基-中港,2024-01-12,9202
4123,晟德,20,8,12,凱基-中港,2024-01-12,9202
6462,神盾,52,40,12,凱基-中港,2024-01-12,9202
1611,中電,12,0,12,凱基-中港,2024-01-12,9202
2014,中鴻,11,0,11,凱基-中港,2024-01-12,9202
3687,歐買尬,11,0,11,凱基-中港,2024-01-12,9202
2883,凱基金,15,4,11,凱基-中港,2024-01-12,9202
1802,台玻,11,0,11,凱基-中港,2024-01-12,9202
00931B,統一美債20年,11,0,11,凱基-中港,2024-01-12,9202
8088,品安,11,0,11,凱基-中港,2024-01-12,9202
00929,復華台灣科技優息,305,11,294,凱基-中港,2024-01-15,9202
3481,群創,208,27,181,凱基-中港,2024-01-15,9202
8936,國統,165,2,163,凱基-中港,2024-01-15,9202
2618,長榮航,170,16,154,凱基-中港,2024-01-15,9202
00904,新光臺灣半導體30,116,0,116,凱基-中港,2024-01-15,9202
3231,緯創,183,85,98,凱基-中港,2024-01-15,9202
2883,凱基金,128,55,73,凱基-中港,2024-01-15,9202
00724B,群益投資級金融債,68,0,68,凱基-中港,2024-01-15,9202
00927,群益半導體收益,65,0,65,凱基-中港,2024-01-15,9202
2611,志信,65,0,65,凱基-中港,2024-01-15,9202
00687B,國泰20年美債,64,1,63,凱基-中港,2024-01-15,9202
2610,華航,82,28,54,凱基-中港,2024-01-15,9202
1312,國喬,50,0,50,凱基-中港,2024-01-15,9202
2409,友達,49,4,45,凱基-中港,2024-01-15,9202
2408,南亞科,50,8,42,凱基-中港,2024-01-15,9202
8411,福貞-KY,40,0,40,凱基-中港,2024-01-15,9202
0056,元大高股息,31,2,29,凱基-中港,2024-01-15,9202
00752,中信中國50,26,0,26,凱基-中港,2024-01-15,9202
6770,力積電,25,2,23,凱基-中港,2024-01-15,9202
2634,漢翔,25,3,22,凱基-中港,2024-01-15,9202
1303,南亞,22,1,21,凱基-中港,2024-01-15,9202
2332,友訊,20,0,20,凱基-中港,2024-01-15,9202
3325,旭品,20,0,20,凱基-中港,2024-01-15,9202
4550,長佳,20,0,20,凱基-中港,2024-01-15,9202
2382,廣達,22,2,20,凱基-中港,2024-01-15,9202
2520,冠德,19,0,19,凱基-中港,2024-01-15,9202
4956,光鋐,21,2,19,凱基-中港,2024-01-15,9202
5351,鈺創,34,15,19,凱基-中港,2024-01-15,9202
2609,陽明,39,22,17,凱基-中港,2024-01-15,9202
9105,泰金寶-DR,15,0,15,凱基-中港,2024-01-15,9202
2443,昶虹,15,0,15,凱基-中港,2024-01-15,9202
00725B,國泰投資級公司債,15,0,15,凱基-中港,2024-01-15,9202
2317,鴻海,14,0,14,凱基-中港,2024-01-15,9202
6111,大宇資,15,2,13,凱基-中港,2024-01-15,9202
1605,華新,36,23,13,凱基-中港,2024-01-15,9202
1314,中石化,13,1,12,凱基-中港,2024-01-15,9202
4111,濟生,12,0,12,凱基-中港,2024-01-15,9202
00712,復華富時不動產,12,0,12,凱基-中港,2024-01-15,9202
2439,美律,12,0,12,凱基-中港,2024-01-15,9202
2353,宏��,32,20,12,凱基-中港,2024-01-15,9202
2027,大成鋼,11,0,11,凱基-中港,2024-01-15,9202
00934,中信成長高股息,11,0,11,凱基-中港,2024-01-15,9202
3046,建��,11,0,11,凱基-中港,2024-01-15,9202
8201,無敵,11,0,11,凱基-中港,2024-01-15,9202
3017,奇鋐,13,3,10,凱基-中港,2024-01-15,9202
00882,中信中國高股息,10,0,10,凱基-中港,2024-01-15,9202
00900,富邦特選高股息30,12,2,10,凱基-中港,2024-01-15,9202
4726,永昕,10,0,10,凱基-中港,2024-01-15,9202
3673,TPK-KY,10,0,10,凱基-中港,2024-01-15,9202
6165,浪凡,10,0,10,凱基-中港,2024-01-15,9202
00904,新光臺灣半導體30,192,4,188,凱基-中港,2024-01-16,9202
00933B,國泰10Y+金融債,175,0,175,凱基-中港,2024-01-16,9202
2883,凱基金,166,4,162,凱基-中港,2024-01-16,9202
2610,華航,171,13,158,凱基-中港,2024-01-16,9202
0056,元大高股息,131,11,120,凱基-中港,2024-01-16,9202
2329,華泰,125,26,99,凱基-中港,2024-01-16,9202
2002,中鋼,114,25,89,凱基-中港,2024-01-16,9202
2344,華邦電,77,3,74,凱基-中港,2024-01-16,9202
2405,輔信,90,23,67,凱基-中港,2024-01-16,9202
2892,第一金,64,0,64,凱基-中港,2024-01-16,9202
3045,台灣大,60,0,60,凱基-中港,2024-01-16,9202
1722,台肥,50,0,50,凱基-中港,2024-01-16,9202
2887,台新金,43,0,43,凱基-中港,2024-01-16,9202
1326,台化,45,2,43,凱基-中港,2024-01-16,9202
2888,新光金,44,3,41,凱基-中港,2024-01-16,9202
00680L,元大美債20正2,40,0,40,凱基-中港,2024-01-16,9202
2401,凌陽,39,0,39,凱基-中港,2024-01-16,9202
2486,一詮,71,33,38,凱基-中港,2024-01-16,9202
2882,國泰金,42,4,38,凱基-中港,2024-01-16,9202
00927,群益半導體收益,37,0,37,凱基-中港,2024-01-16,9202
6282,康舒,55,20,35,凱基-中港,2024-01-16,9202
2618,長榮航,33,0,33,凱基-中港,2024-01-16,9202
00881,國泰台灣5G+,42,9,33,凱基-中港,2024-01-16,9202
2606,裕民,33,1,32,凱基-中港,2024-01-16,9202
2062,橋椿,31,0,31,凱基-中港,2024-01-16,9202
5398,慕康生醫,31,0,31,凱基-中港,2024-01-16,9202
4909,新復興,39,9,30,凱基-中港,2024-01-16,9202
00885,富邦越南,30,0,30,凱基-中港,2024-01-16,9202
2439,美律,30,0,30,凱基-中港,2024-01-16,9202
4714,永捷,32,3,29,凱基-中港,2024-01-16,9202
6770,力積電,32,4,28,凱基-中港,2024-01-16,9202
00929,復華台灣科技優息,58,33,25,凱基-中港,2024-01-16,9202
6126,信音,25,0,25,凱基-中港,2024-01-16,9202
4123,晟德,61,37,24,凱基-中港,2024-01-16,9202
00937B,群益ESG投等債20,29,7,22,凱基-中港,2024-01-16,9202
1301,台塑,22,0,22,凱基-中港,2024-01-16,9202
2834,臺企銀,21,0,21,凱基-中港,2024-01-16,9202
00679B,元大美債20年,21,1,20,凱基-中港,2024-01-16,9202
00664R,國泰臺灣加權反1,20,0,20,凱基-中港,2024-01-16,9202
1305,華夏,20,0,20,凱基-中港,2024-01-16,9202
1432,大魯閣,20,0,20,凱基-中港,2024-01-16,9202
2014,中鴻,20,0,20,凱基-中港,2024-01-16,9202
8936,國統,20,0,20,凱基-中港,2024-01-16,9202
00878,國泰永續高股息,36,17,19,凱基-中港,2024-01-16,9202
2634,漢翔,20,0,20,凱基-中港,2024-01-16,9202
2454,聯發科,25,8,17,凱基-中港,2024-01-16,9202
5483,中美晶,17,1,16,凱基-中港,2024-01-16,9202
1229,聯華,16,0,16,凱基-中港,2024-01-16,9202
6213,聯茂,20,4,16,凱基-中港,2024-01-16,9202
3673,TPK-KY,20,4,16,凱基-中港,2024-01-16,9202
00671R,富邦NASDAQ反1,333,0,333,凱基-中港,2024-01-17,9202
00937B,群益ESG投等債20,249,3,246,凱基-中港,2024-01-17,9202
2303,聯電,248,2,246,凱基-中港,2024-01-17,9202
00919,群益台灣精選高息,174,5,169,凱基-中港,2024-01-17,9202
00929,復華台灣科技優息,164,7,157,凱基-中港,2024-01-17,9202
2618,長榮航,141,5,136,凱基-中港,2024-01-17,9202
2886,兆豐金,129,1,128,凱基-中港,2024-01-17,9202
9136,巨騰-DR,125,0,125,凱基-中港,2024-01-17,9202
2883,凱基金,127,2,125,凱基-中港,2024-01-17,9202
0056,元大高股息,127,5,122,凱基-中港,2024-01-17,9202
2344,華邦電,129,10,119,凱基-中港,2024-01-17,9202
00882,中信中國高股息,105,0,105,凱基-中港,2024-01-17,9202
00679B,元大美債20年,103,0,103,凱基-中港,2024-01-17,9202
00639,富邦深100,100,0,100,凱基-中港,2024-01-17,9202
0050,元大台灣50,88,0,88,凱基-中港,2024-01-17,9202
00904,新光臺灣半導體30,100,12,88,凱基-中港,2024-01-17,9202
4123,晟德,74,0,74,凱基-中港,2024-01-17,9202
2002,中鋼,69,1,68,凱基-中港,2024-01-17,9202
2317,鴻海,59,2,57,凱基-中港,2024-01-17,9202
6770,力積電,58,5,53,凱基-中港,2024-01-17,9202
2609,陽明,93,42,51,凱基-中港,2024-01-17,9202
1722,台肥,51,0,51,凱基-中港,2024-01-17,9202
2610,華航,51,0,51,凱基-中港,2024-01-17,9202
00770,國泰北美科技,49,0,49,凱基-中港,2024-01-17,9202
2887,台新金,47,0,47,凱基-中港,2024-01-17,9202
2888,新光金,44,0,44,凱基-中港,2024-01-17,9202
00931B,統一美債20年,43,0,43,凱基-中港,2024-01-17,9202
2515,中工,44,1,43,凱基-中港,2024-01-17,9202
00888,永豐台灣ESG,41,0,41,凱基-中港,2024-01-17,9202
8936,國統,40,0,40,凱基-中港,2024-01-17,9202
2062,橋椿,40,0,40,凱基-中港,2024-01-17,9202
1305,華夏,40,0,40,凱基-中港,2024-01-17,9202
00680L,元大美債20正2,43,3,40,凱基-中港,2024-01-17,9202
00927,群益半導體收益,35,0,35,凱基-中港,2024-01-17,9202
3025,星通,35,4,31,凱基-中港,2024-01-17,9202
2892,第一金,35,5,30,凱基-中港,2024-01-17,9202
2501,國建,30,0,30,凱基-中港,2024-01-17,9202
2014,中鴻,47,17,30,凱基-中港,2024-01-17,9202
2505,國揚,30,0,30,凱基-中港,2024-01-17,9202
2371,大同,30,2,28,凱基-中港,2024-01-17,9202
00878,國泰永續高股息,47,20,27,凱基-中港,2024-01-17,9202
6443,元晶,26,0,26,凱基-中港,2024-01-17,9202
1102,亞泥,26,0,26,凱基-中港,2024-01-17,9202
1605,華新,25,0,25,凱基-中港,2024-01-17,9202
1304,台聚,22,0,22,凱基-中港,2024-01-17,9202
00881,國泰台灣5G+,22,0,22,凱基-中港,2024-01-17,9202
6505,台塑化,21,0,21,凱基-中港,2024-01-17,9202
1528,恩德,36,15,21,凱基-中港,2024-01-17,9202
8411,福貞-KY,20,0,20,凱基-中港,2024-01-17,9202
3645,達邁,20,0,20,凱基-中港,2024-01-17,9202
2886,兆豐金,381,0,381,凱基-中港,2024-01-18,9202
00937B,群益ESG投等債20,317,2,315,凱基-中港,2024-01-18,9202
00671R,富邦NASDAQ反1,278,0,278,凱基-中港,2024-01-18,9202
4960,誠美材,131,20,111,凱基-中港,2024-01-18,9202
1216,統一,85,0,85,凱基-中港,2024-01-18,9202
00632R,元大台灣50反1,209,130,79,凱基-中港,2024-01-18,9202
00712,復華富時不動產,58,0,58,凱基-中港,2024-01-18,9202
2881,富邦金,52,0,52,凱基-中港,2024-01-18,9202
2303,聯電,73,30,43,凱基-中港,2024-01-18,9202
00919,群益台灣精選高息,38,0,38,凱基-中港,2024-01-18,9202
00878,國泰永續高股息,39,2,37,凱基-中港,2024-01-18,9202
2353,宏��,68,33,35,凱基-中港,2024-01-18,9202
0056,元大高股息,34,2,32,凱基-中港,2024-01-18,9202
1314,中石化,35,4,31,凱基-中港,2024-01-18,9202
00882,中信中國高股息,31,0,31,凱基-中港,2024-01-18,9202
2313,華通,33,3,30,凱基-中港,2024-01-18,9202
3231,緯創,80,52,28,凱基-中港,2024-01-18,9202
6116,彩晶,51,25,26,凱基-中港,2024-01-18,9202
2888,新光金,38,12,26,凱基-中港,2024-01-18,9202
2606,裕民,46,21,25,凱基-中港,2024-01-18,9202
2324,仁寶,26,2,24,凱基-中港,2024-01-18,9202
3707,漢磊,23,0,23,凱基-中港,2024-01-18,9202
4909,新復興,24,2,22,凱基-中港,2024-01-18,9202
5328,華容,28,6,22,凱基-中港,2024-01-18,9202
2449,京元電子,28,7,21,凱基-中港,2024-01-18,9202
00680L,元大美債20正2,21,0,21,凱基-中港,2024-01-18,9202
9935,慶豐富,21,0,21,凱基-中港,2024-01-18,9202
8411,福貞-KY,20,0,20,凱基-中港,2024-01-18,9202
2867,三商壽,20,0,20,凱基-中港,2024-01-18,9202
00679B,元大美債20年,19,0,19,凱基-中港,2024-01-18,9202
2467,志聖,20,1,19,凱基-中港,2024-01-18,9202
2474,可成,18,0,18,凱基-中港,2024-01-18,9202
6770,力積電,21,5,16,凱基-中港,2024-01-18,9202
00669R,國泰美國道瓊反1,15,0,15,凱基-中港,2024-01-18,9202
3055,蔚華科,15,0,15,凱基-中港,2024-01-18,9202
4111,濟生,14,0,14,凱基-中港,2024-01-18,9202
3287,廣寰科,28,14,14,凱基-中港,2024-01-18,9202
2331,精英,14,0,14,凱基-中港,2024-01-18,9202
1504,東元,13,0,13,凱基-中港,2024-01-18,9202
2365,昆盈,13,0,13,凱基-中港,2024-01-18,9202
1303,南亞,12,0,12,凱基-中港,2024-01-18,9202
4958,臻鼎-KY,13,1,12,凱基-中港,2024-01-18,9202
2302,麗正,13,1,12,凱基-中港,2024-01-18,9202
00931B,統一美債20年,22,10,12,凱基-中港,2024-01-18,9202
00725B,國泰投資級公司債,12,0,12,凱基-中港,2024-01-18,9202
2834,臺企銀,12,0,12,凱基-中港,2024-01-18,9202
2515,中工,12,0,12,凱基-中港,2024-01-18,9202
3576,聯合再生,12,0,12,凱基-中港,2024-01-18,9202
5871,中租-KY,11,0,11,凱基-中港,2024-01-18,9202
00935,野村臺灣新科技50,11,0,11,凱基-中港,2024-01-18,9202
00632R,元大台灣50反1,789,2,787,凱基-中港,2024-01-19,9202
00937B,群益ESG投等債20,231,3,228,凱基-中港,2024-01-19,9202
2867,三商壽,200,0,200,凱基-中港,2024-01-19,9202
00919,群益台灣精選高息,109,7,102,凱基-中港,2024-01-19,9202
2603,長榮,76,2,74,凱基-中港,2024-01-19,9202
00931B,統一美債20年,76,3,73,凱基-中港,2024-01-19,9202
00687B,國泰20年美債,70,1,69,凱基-中港,2024-01-19,9202
00929,復華台灣科技優息,67,14,53,凱基-中港,2024-01-19,9202
2886,兆豐金,46,0,46,凱基-中港,2024-01-19,9202
3376,新日興,43,0,43,凱基-中港,2024-01-19,9202
5426,振發,73,30,43,凱基-中港,2024-01-19,9202
4188,安克,39,0,39,凱基-中港,2024-01-19,9202
4541,晟田,35,0,35,凱基-中港,2024-01-19,9202
5519,隆大,35,0,35,凱基-中港,2024-01-19,9202
00679B,元大美債20年,43,10,33,凱基-中港,2024-01-19,9202
00882,中信中國高股息,32,0,32,凱基-中港,2024-01-19,9202
00664R,國泰臺灣加權反1,31,0,31,凱基-中港,2024-01-19,9202
2014,中鴻,31,0,31,凱基-中港,2024-01-19,9202
6005,群益證,30,0,30,凱基-中港,2024-01-19,9202
2887,台新金,27,0,27,凱基-中港,2024-01-19,9202
3025,星通,30,4,26,凱基-中港,2024-01-19,9202
2409,友達,36,11,25,凱基-中港,2024-01-19,9202
6770,力積電,31,8,23,凱基-中港,2024-01-19,9202
00927,群益半導體收益,22,0,22,凱基-中港,2024-01-19,9202
00720B,元大投資級公司債,24,4,20,凱基-中港,2024-01-19,9202
9955,佳龍,20,0,20,凱基-中港,2024-01-19,9202
1608,華榮,20,0,20,凱基-中港,2024-01-19,9202
6165,浪凡,20,0,20,凱基-中港,2024-01-19,9202
8411,福貞-KY,20,0,20,凱基-中港,2024-01-19,9202
4906,正文,18,1,17,凱基-中港,2024-01-19,9202
2344,華邦電,19,2,17,凱基-中港,2024-01-19,9202
00751B,元大AAA至A公司債,16,0,16,凱基-中港,2024-01-19,9202
00795B,中信美國公債20年,15,0,15,凱基-中港,2024-01-19,9202
00772B,中信高評級公司債,15,0,15,凱基-中港,2024-01-19,9202
2609,陽明,35,21,14,凱基-中港,2024-01-19,9202
2618,長榮航,22,8,14,凱基-中港,2024-01-19,9202
1514,亞力,43,29,14,凱基-中港,2024-01-19,9202
6285,啟��,19,5,14,凱基-中港,2024-01-19,9202
4960,誠美材,15,2,13,凱基-中港,2024-01-19,9202
5469,瀚宇博,13,0,13,凱基-中港,2024-01-19,9202
9921,巨大,12,0,12,凱基-中港,2024-01-19,9202
2883,凱基金,12,0,12,凱基-中港,2024-01-19,9202
2892,第一金,12,0,12,凱基-中港,2024-01-19,9202
4123,晟德,16,5,11,凱基-中港,2024-01-19,9202
2882,國泰金,11,0,11,凱基-中港,2024-01-19,9202
2884,玉山金,11,0,11,凱基-中港,2024-01-19,9202
1216,統一,11,0,11,凱基-中港,2024-01-19,9202
00680L,元大美債20正2,10,0,10,凱基-中港,2024-01-19,9202
1303,南亞,11,1,10,凱基-中港,2024-01-19,9202
2022,聚亨,10,0,10,凱基-中港,2024-01-19,9202
3231,緯創,808,587,221,凱基-中港,2024-01-22,9202
00937B,群益ESG投等債20,235,21,214,凱基-中港,2024-01-22,9202
2867,三商壽,205,0,205,凱基-中港,2024-01-22,9202
2409,友達,106,10,96,凱基-中港,2024-01-22,9202
00632R,元大台灣50反1,177,85,92,凱基-中港,2024-01-22,9202
2618,長榮航,84,14,70,凱基-中港,2024-01-22,9202
00902,中信電池及儲能,72,9,63,凱基-中港,2024-01-22,9202
3339,泰谷,77,19,58,凱基-中港,2024-01-22,9202
2609,陽明,57,13,44,凱基-中港,2024-01-22,9202
00753L,中信中國50正2,122,80,42,凱基-中港,2024-01-22,9202
2359,所羅門,42,1,41,凱基-中港,2024-01-22,9202
00933B,國泰10Y+金融債,38,0,38,凱基-中港,2024-01-22,9202
3338,泰碩,43,5,38,凱基-中港,2024-01-22,9202
2344,華邦電,42,10,32,凱基-中港,2024-01-22,9202
2881,富邦金,30,0,30,凱基-中港,2024-01-22,9202
3032,偉訓,35,5,30,凱基-中港,2024-01-22,9202
2887,台新金,29,0,29,凱基-中港,2024-01-22,9202
4529,淳紳,29,0,29,凱基-中港,2024-01-22,9202
1216,統一,29,0,29,凱基-中港,2024-01-22,9202
00892,富邦台灣半導體,27,0,27,凱基-中港,2024-01-22,9202
6165,浪凡,25,0,25,凱基-中港,2024-01-22,9202
6140,訊達,41,18,23,凱基-中港,2024-01-22,9202
6462,神盾,24,3,21,凱基-中港,2024-01-22,9202
00675L,富邦臺灣加權正2,21,0,21,凱基-中港,2024-01-22,9202
00882,中信中國高股息,70,50,20,凱基-中港,2024-01-22,9202
2062,橋椿,20,0,20,凱基-中港,2024-01-22,9202
2505,國揚,20,0,20,凱基-中港,2024-01-22,9202
00929,復華台灣科技優息,29,10,19,凱基-中港,2024-01-22,9202
00679B,元大美債20年,18,0,18,凱基-中港,2024-01-22,9202
8210,勤誠,58,41,17,凱基-中港,2024-01-22,9202
00715L,期街口布蘭特正2,16,0,16,凱基-中港,2024-01-22,9202
00687B,國泰20年美債,18,2,16,凱基-中港,2024-01-22,9202
1434,福懋,16,0,16,凱基-中港,2024-01-22,9202
2374,佳能,15,0,15,凱基-中港,2024-01-22,9202
6015,宏遠證,15,0,15,凱基-中港,2024-01-22,9202
6243,迅杰,30,15,15,凱基-中港,2024-01-22,9202
9934,成霖,14,0,14,凱基-中港,2024-01-22,9202
3615,安可,14,0,14,凱基-中港,2024-01-22,9202
5351,鈺創,15,3,12,凱基-中港,2024-01-22,9202
8163,達方,12,0,12,凱基-中港,2024-01-22,9202
6770,力積電,15,3,12,凱基-中港,2024-01-22,9202
3029,零壹,11,0,11,凱基-中港,2024-01-22,9202
2891,中信金,20,9,11,凱基-中港,2024-01-22,9202
2889,國票金,11,0,11,凱基-中港,2024-01-22,9202
2317,鴻海,15,5,10,凱基-中港,2024-01-22,9202
1301,台塑,10,0,10,凱基-中港,2024-01-22,9202
00752,中信中國50,10,0,10,凱基-中港,2024-01-22,9202
1722,台肥,10,0,10,凱基-中港,2024-01-22,9202
2369,菱生,15,5,10,凱基-中港,2024-01-22,9202
6716,應廣,10,0,10,凱基-中港,2024-01-22,9202
2618,長榮航,207,6,201,凱基-中港,2024-01-23,9202
00632R,元大台灣50反1,156,0,156,凱基-中港,2024-01-23,9202
8936,國統,143,15,128,凱基-中港,2024-01-23,9202
00904,新光臺灣半導體30,120,0,120,凱基-中港,2024-01-23,9202
6116,彩晶,133,14,119,凱基-中港,2024-01-23,9202
3339,泰谷,65,8,57,凱基-中港,2024-01-23,9202
5483,中美晶,50,1,49,凱基-中港,2024-01-23,9202
2886,兆豐金,67,25,42,凱基-中港,2024-01-23,9202
00680L,元大美債20正2,40,2,38,凱基-中港,2024-01-23,9202
3576,聯合再生,40,4,36,凱基-中港,2024-01-23,9202
5426,振發,53,20,33,凱基-中港,2024-01-23,9202
2376,技嘉,39,7,32,凱基-中港,2024-01-23,9202
6485,點序,31,0,31,凱基-中港,2024-01-23,9202
2330,台積電,41,11,30,凱基-中港,2024-01-23,9202
00933B,國泰10Y+金融債,30,0,30,凱基-中港,2024-01-23,9202
00650L,復華香港正2,30,2,28,凱基-中港,2024-01-23,9202
2492,華新科,28,1,27,凱基-中港,2024-01-23,9202
2365,昆盈,26,0,26,凱基-中港,2024-01-23,9202
6282,康舒,47,22,25,凱基-中港,2024-01-23,9202
00937B,群益ESG投等債20,22,0,22,凱基-中港,2024-01-23,9202
2542,興富發,21,0,21,凱基-中港,2024-01-23,9202
3520,華盈,21,0,21,凱基-中港,2024-01-23,9202
8110,華東,22,1,21,凱基-中港,2024-01-23,9202
2377,微星,20,0,20,凱基-中港,2024-01-23,9202
3264,欣銓,32,12,20,凱基-中港,2024-01-23,9202
3325,旭品,17,0,17,凱基-中港,2024-01-23,9202
6770,力積電,21,4,17,凱基-中港,2024-01-23,9202
3437,榮創,18,2,16,凱基-中港,2024-01-23,9202
00679B,元大美債20年,15,0,15,凱基-中港,2024-01-23,9202
5351,鈺創,16,1,15,凱基-中港,2024-01-23,9202
5347,世界,16,1,15,凱基-中港,2024-01-23,9202
2316,楠梓電,21,6,15,凱基-中港,2024-01-23,9202
6179,亞通,16,1,15,凱基-中港,2024-01-23,9202
2454,聯發科,14,0,14,凱基-中港,2024-01-23,9202
4979,華星光,14,0,14,凱基-中港,2024-01-23,9202
3515,華擎,14,0,14,凱基-中港,2024-01-23,9202
00637L,元大滬深300正2,13,0,13,凱基-中港,2024-01-23,9202
5512,力麒,13,0,13,凱基-中港,2024-01-23,9202
2405,輔信,13,1,12,凱基-中港,2024-01-23,9202
5880,合庫金,12,1,11,凱基-中港,2024-01-23,9202
1722,台肥,10,0,10,凱基-中港,2024-01-23,9202
1784,訊聯,10,0,10,凱基-中港,2024-01-23,9202
6015,宏遠證,10,0,10,凱基-中港,2024-01-23,9202
2062,橋椿,10,0,10,凱基-中港,2024-01-23,9202
9910,豐泰,10,0,10,凱基-中港,2024-01-23,9202
5009,榮剛,10,0,10,凱基-中港,2024-01-23,9202
3504,揚明光,12,2,10,凱基-中港,2024-01-23,9202
2367,燿華,10,0,10,凱基-中港,2024-01-23,9202
3296,勝德,10,0,10,凱基-中港,2024-01-23,9202
9945,潤泰新,10,0,10,凱基-中港,2024-01-23,9202
00937B,群益ESG投等債20,351,14,337,凱基-中港,2024-01-24,9202
00632R,元大台灣50反1,208,0,208,凱基-中港,2024-01-24,9202
2762,世界健身-KY,70,0,70,凱基-中港,2024-01-24,9202
00637L,元大滬深300正2,82,13,69,凱基-中港,2024-01-24,9202
00633L,富邦上証正2,60,0,60,凱基-中港,2024-01-24,9202
00679B,元大美債20年,59,0,59,凱基-中港,2024-01-24,9202
00688L,國泰20年美債正2,43,0,43,凱基-中港,2024-01-24,9202
00882,中信中國高股息,39,0,39,凱基-中港,2024-01-24,9202
2356,英業達,124,88,36,凱基-中港,2024-01-24,9202
00904,新光臺灣半導體30,31,0,31,凱基-中港,2024-01-24,9202
8227,巨有科技,30,0,30,凱基-中港,2024-01-24,9202
2845,遠東銀,30,0,30,凱基-中港,2024-01-24,9202
2344,華邦電,37,8,29,凱基-中港,2024-01-24,9202
1319,東陽,30,2,28,凱基-中港,2024-01-24,9202
2353,宏��,91,64,27,凱基-中港,2024-01-24,9202
00772B,中信高評級公司債,25,0,25,凱基-中港,2024-01-24,9202
00687B,國泰20年美債,27,2,25,凱基-中港,2024-01-24,9202
00665L,富邦�琤肭磪囓�2,25,1,24,凱基-中港,2024-01-24,9202
6485,點序,23,0,23,凱基-中港,2024-01-24,9202
00927,群益半導體收益,23,1,22,凱基-中港,2024-01-24,9202
00655L,國泰中國A50正2,22,0,22,凱基-中港,2024-01-24,9202
00751B,元大AAA至A公司債,22,0,22,凱基-中港,2024-01-24,9202
3265,台星科,50,29,21,凱基-中港,2024-01-24,9202
3521,鴻翊,21,0,21,凱基-中港,2024-01-24,9202
1809,中釉,22,2,20,凱基-中港,2024-01-24,9202
2348A,海悅甲特,17,0,17,凱基-中港,2024-01-24,9202
3114,好德,18,1,17,凱基-中港,2024-01-24,9202
4111,濟生,15,0,15,凱基-中港,2024-01-24,9202
2405,輔信,19,4,15,凱基-中港,2024-01-24,9202
8085,福華,15,0,15,凱基-中港,2024-01-24,9202
6548,長科*,15,0,15,凱基-中港,2024-01-24,9202
2486,一詮,30,16,14,凱基-中港,2024-01-24,9202
8429,金麗-KY,14,0,14,凱基-中港,2024-01-24,9202
2637,慧洋-KY,15,1,14,凱基-中港,2024-01-24,9202
1815,富喬,15,1,14,凱基-中港,2024-01-24,9202
2329,華泰,19,5,14,凱基-中港,2024-01-24,9202
00738U,期元大道瓊白銀,13,0,13,凱基-中港,2024-01-24,9202
3622,洋華,14,1,13,凱基-中港,2024-01-24,9202
00720B,元大投資級公司債,13,0,13,凱基-中港,2024-01-24,9202
00885,富邦越南,12,0,12,凱基-中港,2024-01-24,9202
6282,康舒,20,10,10,凱基-中港,2024-01-24,9202
3706,神達,27,17,10,凱基-中港,2024-01-24,9202
2317,鴻海,10,0,10,凱基-中港,2024-01-24,9202
3490,單井,19,9,10,凱基-中港,2024-01-24,9202
8105,凌巨,13,3,10,凱基-中港,2024-01-24,9202
2371,大同,16,6,10,凱基-中港,2024-01-24,9202
1618,合機,11,1,10,凱基-中港,2024-01-24,9202
1722,台肥,10,0,10,凱基-中港,2024-01-24,9202
4938,和碩,16,6,10,凱基-中港,2024-01-24,9202
1528,恩德,14,4,10,凱基-中港,2024-01-24,9202
00632R,元大台灣50反1,303,0,303,凱基-中港,2024-01-25,9202
00753L,中信中國50正2,134,0,134,凱基-中港,2024-01-25,9202
8059,凱碩,101,1,100,凱基-中港,2024-01-25,9202
6548,長科*,98,0,98,凱基-中港,2024-01-25,9202
00937B,群益ESG投等債20,175,80,95,凱基-中港,2024-01-25,9202
3694,海華,108,41,67,凱基-中港,2024-01-25,9202
8227,巨有科技,65,0,65,凱基-中港,2024-01-25,9202
00687B,國泰20年美債,63,0,63,凱基-中港,2024-01-25,9202
00712,復華富時不動產,55,0,55,凱基-中港,2024-01-25,9202
00664R,國泰臺灣加權反1,53,2,51,凱基-中港,2024-01-25,9202
00904,新光臺灣半導體30,47,0,47,凱基-中港,2024-01-25,9202
00931B,統一美債20年,50,6,44,凱基-中港,2024-01-25,9202
1514,亞力,45,2,43,凱基-中港,2024-01-25,9202
2618,長榮航,52,10,42,凱基-中港,2024-01-25,9202
00679B,元大美債20年,45,10,35,凱基-中港,2024-01-25,9202
6113,亞矽,125,91,34,凱基-中港,2024-01-25,9202
2344,華邦電,38,5,33,凱基-中港,2024-01-25,9202
1301,台塑,32,0,32,凱基-中港,2024-01-25,9202
00673R,期元大S＆P原油反1,31,0,31,凱基-中港,2024-01-25,9202
6116,彩晶,33,2,31,凱基-中港,2024-01-25,9202
2609,陽明,36,6,30,凱基-中港,2024-01-25,9202
8034,榮群,30,0,30,凱基-中港,2024-01-25,9202
4123,晟德,28,1,27,凱基-中港,2024-01-25,9202
00688L,國泰20年美債正2,25,0,25,凱基-中港,2024-01-25,9202
2409,友達,26,3,23,凱基-中港,2024-01-25,9202
8404,百和興業-KY,27,4,23,凱基-中港,2024-01-25,9202
00772B,中信高評級公司債,22,0,22,凱基-中港,2024-01-25,9202
6485,點序,22,0,22,凱基-中港,2024-01-25,9202
3339,泰谷,36,14,22,凱基-中港,2024-01-25,9202
3105,穩懋,23,2,21,凱基-中港,2024-01-25,9202
4541,晟田,20,0,20,凱基-中港,2024-01-25,9202
3002,歐格,19,0,19,凱基-中港,2024-01-25,9202
2356,英業達,45,27,18,凱基-中港,2024-01-25,9202
00680L,元大美債20正2,18,1,17,凱基-中港,2024-01-25,9202
2467,志聖,18,1,17,凱基-中港,2024-01-25,9202
1519,華城,21,5,16,凱基-中港,2024-01-25,9202
2486,一詮,17,2,15,凱基-中港,2024-01-25,9202
2883,凱基金,15,0,15,凱基-中港,2024-01-25,9202
00720B,元大投資級公司債,15,0,15,凱基-中港,2024-01-25,9202
00770,國泰北美科技,14,0,14,凱基-中港,2024-01-25,9202
00751B,元大AAA至A公司債,15,1,14,凱基-中港,2024-01-25,9202
2501,國建,12,0,12,凱基-中港,2024-01-25,9202
6226,光鼎,17,5,12,凱基-中港,2024-01-25,9202
8096,擎亞,129,117,12,凱基-中港,2024-01-25,9202
8064,東捷,12,1,11,凱基-中港,2024-01-25,9202
5439,高技,11,0,11,凱基-中港,2024-01-25,9202
00900,富邦特選高股息30,11,0,11,凱基-中港,2024-01-25,9202
8467,波力-KY,13,2,11,凱基-中港,2024-01-25,9202
2308,台達電,12,1,11,凱基-中港,2024-01-25,9202
00933B,國泰10Y+金融債,10,0,10,凱基-中港,2024-01-25,9202
2431,聯昌,301,2,299,凱基-中港,2024-01-26,9202
00671R,富邦NASDAQ反1,210,2,208,凱基-中港,2024-01-26,9202
2303,聯電,210,18,192,凱基-中港,2024-01-26,9202
00712,復華富時不動產,111,1,110,凱基-中港,2024-01-26,9202
00632R,元大台灣50反1,130,56,74,凱基-中港,2024-01-26,9202
2618,長榮航,70,3,67,凱基-中港,2024-01-26,9202
00929,復華台灣科技優息,79,30,49,凱基-中港,2024-01-26,9202
2762,世界健身-KY,42,1,41,凱基-中港,2024-01-26,9202
00665L,富邦�琤肭磪囓�2,40,0,40,凱基-中港,2024-01-26,9202
00687B,國泰20年美債,54,14,40,凱基-中港,2024-01-26,9202
2324,仁寶,46,13,33,凱基-中港,2024-01-26,9202
9105,泰金寶-DR,33,0,33,凱基-中港,2024-01-26,9202
6164,華興,32,0,32,凱基-中港,2024-01-26,9202
00673R,期元大S＆P原油反1,30,0,30,凱基-中港,2024-01-26,9202
8936,國統,32,3,29,凱基-中港,2024-01-26,9202
3047,訊舟,25,0,25,凱基-中港,2024-01-26,9202
8059,凱碩,23,0,23,凱基-中港,2024-01-26,9202
00937B,群益ESG投等債20,22,0,22,凱基-中港,2024-01-26,9202
8096,擎亞,70,48,22,凱基-中港,2024-01-26,9202
2344,華邦電,23,2,21,凱基-中港,2024-01-26,9202
00931B,統一美債20年,21,0,21,凱基-中港,2024-01-26,9202
3339,泰谷,21,0,21,凱基-中港,2024-01-26,9202
4726,永昕,23,2,21,凱基-中港,2024-01-26,9202
2382,廣達,32,11,21,凱基-中港,2024-01-26,9202
00722B,群益投資級電信債,20,0,20,凱基-中港,2024-01-26,9202
8411,福貞-KY,20,0,20,凱基-中港,2024-01-26,9202
00926,凱基全球菁英55,20,0,20,凱基-中港,2024-01-26,9202
00642U,期元大S＆P石油,20,0,20,凱基-中港,2024-01-26,9202
8358,金居,20,0,20,凱基-中港,2024-01-26,9202
5521,工信,20,0,20,凱基-中港,2024-01-26,9202
8930,青鋼,20,0,20,凱基-中港,2024-01-26,9202
2409,友達,27,9,18,凱基-中港,2024-01-26,9202
8227,巨有科技,16,0,16,凱基-中港,2024-01-26,9202
3066,李洲,18,2,16,凱基-中港,2024-01-26,9202
4123,晟德,29,14,15,凱基-中港,2024-01-26,9202
8299,群聯,27,12,15,凱基-中港,2024-01-26,9202
2906,高林,15,0,15,凱基-中港,2024-01-26,9202
6485,點序,15,0,15,凱基-中港,2024-01-26,9202
00639,富邦深100,15,0,15,凱基-中港,2024-01-26,9202
00633L,富邦上証正2,20,5,15,凱基-中港,2024-01-26,9202
2356,英業達,69,54,15,凱基-中港,2024-01-26,9202
0056,元大高股息,23,8,15,凱基-中港,2024-01-26,9202
6535,順藥,14,0,14,凱基-中港,2024-01-26,9202
3694,海華,25,11,14,凱基-中港,2024-01-26,9202
1475,業旺,14,0,14,凱基-中港,2024-01-26,9202
3360,尚立,22,8,14,凱基-中港,2024-01-26,9202
2886,兆豐金,14,1,13,凱基-中港,2024-01-26,9202
2357,華碩,14,1,13,凱基-中港,2024-01-26,9202
00927,群益半導體收益,14,2,12,凱基-中港,2024-01-26,9202
6415,矽力*-KY,12,0,12,凱基-中港,2024-01-26,9202
00937B,群益ESG投等債20,80,0,80,凱基-中港,2024-01-29,9202
3481,群創,246,181,65,凱基-中港,2024-01-29,9202
00687B,國泰20年美債,62,0,62,凱基-中港,2024-01-29,9202
00905,FT臺灣Smart,60,0,60,凱基-中港,2024-01-29,9202
3339,泰谷,60,0,60,凱基-中港,2024-01-29,9202
2515,中工,50,0,50,凱基-中港,2024-01-29,9202
2501,國建,50,1,49,凱基-中港,2024-01-29,9202
4908,前鼎,51,3,48,凱基-中港,2024-01-29,9202
2610,華航,47,4,43,凱基-中港,2024-01-29,9202
2330,台積電,55,15,40,凱基-中港,2024-01-29,9202
00878,國泰永續高股息,65,28,37,凱基-中港,2024-01-29,9202
00933B,國泰10Y+金融債,34,0,34,凱基-中港,2024-01-29,9202
4919,新唐,30,0,30,凱基-中港,2024-01-29,9202
00679B,元大美債20年,46,16,30,凱基-中港,2024-01-29,9202
6139,亞翔,29,0,29,凱基-中港,2024-01-29,9202
1316,上曜,34,5,29,凱基-中港,2024-01-29,9202
2356,英業達,39,10,29,凱基-中港,2024-01-29,9202
00632R,元大台灣50反1,177,149,28,凱基-中港,2024-01-29,9202
00688L,國泰20年美債正2,25,0,25,凱基-中港,2024-01-29,9202
2303,聯電,40,17,23,凱基-中港,2024-01-29,9202
6179,亞通,24,2,22,凱基-中港,2024-01-29,9202
00637L,元大滬深300正2,119,97,22,凱基-中港,2024-01-29,9202
2421,建準,38,16,22,凱基-中港,2024-01-29,9202
2352,佳世達,23,3,20,凱基-中港,2024-01-29,9202
00636,國泰中國A50,20,0,20,凱基-中港,2024-01-29,9202
5521,工信,20,0,20,凱基-中港,2024-01-29,9202
2374,佳能,18,2,16,凱基-中港,2024-01-29,9202
6785,昱展新藥,16,0,16,凱基-中港,2024-01-29,9202
00680L,元大美債20正2,14,0,14,凱基-中港,2024-01-29,9202
3360,尚立,39,26,13,凱基-中港,2024-01-29,9202
3059,華晶科,14,1,13,凱基-中港,2024-01-29,9202
2867,三商壽,13,0,13,凱基-中港,2024-01-29,9202
00882,中信中國高股息,19,6,13,凱基-中港,2024-01-29,9202
3615,安可,17,5,12,凱基-中港,2024-01-29,9202
3047,訊舟,21,9,12,凱基-中港,2024-01-29,9202
00673R,期元大S＆P原油反1,12,0,12,凱基-中港,2024-01-29,9202
8936,國統,13,2,11,凱基-中港,2024-01-29,9202
8064,東捷,12,1,11,凱基-中港,2024-01-29,9202
2605,新興,11,0,11,凱基-中港,2024-01-29,9202
4188,安克,11,0,11,凱基-中港,2024-01-29,9202
6533,晶心科,20,9,11,凱基-中港,2024-01-29,9202
2409,友達,15,4,11,凱基-中港,2024-01-29,9202
1444,力麗,10,0,10,凱基-中港,2024-01-29,9202
2365,昆盈,10,0,10,凱基-中港,2024-01-29,9202
6015,宏遠證,10,0,10,凱基-中港,2024-01-29,9202
8201,無敵,10,0,10,凱基-中港,2024-01-29,9202
6550,北極星藥業-KY,14,4,10,凱基-中港,2024-01-29,9202
1460,宏遠,12,2,10,凱基-中港,2024-01-29,9202
3305,昇貿,10,0,10,凱基-中港,2024-01-29,9202
2412,中華電,10,1,9,凱基-中港,2024-01-29,9202
00680L,元大美債20正2,2056,63,1993,凱基-中港,2024-01-30,9202
00650L,復華香港正2,231,0,231,凱基-中港,2024-01-30,9202
3481,群創,215,11,204,凱基-中港,2024-01-30,9202
00937B,群益ESG投等債20,143,5,138,凱基-中港,2024-01-30,9202
00687B,國泰20年美債,125,10,115,凱基-中港,2024-01-30,9202
00633L,富邦上証正2,102,0,102,凱基-中港,2024-01-30,9202
00673R,期元大S＆P原油反1,81,1,80,凱基-中港,2024-01-30,9202
2886,兆豐金,52,0,52,凱基-中港,2024-01-30,9202
2329,華泰,76,25,51,凱基-中港,2024-01-30,9202
00882,中信中國高股息,47,0,47,凱基-中港,2024-01-30,9202
00919,群益台灣精選高息,49,4,45,凱基-中港,2024-01-30,9202
3289,宜特,53,9,44,凱基-中港,2024-01-30,9202
1101,台泥,41,0,41,凱基-中港,2024-01-30,9202
6165,浪凡,40,1,39,凱基-中港,2024-01-30,9202
3105,穩懋,37,2,35,凱基-中港,2024-01-30,9202
2324,仁寶,31,0,31,凱基-中港,2024-01-30,9202
1305,華夏,29,0,29,凱基-中港,2024-01-30,9202
00931B,統一美債20年,28,0,28,凱基-中港,2024-01-30,9202
00637L,元大滬深300正2,68,41,27,凱基-中港,2024-01-30,9202
2330,台積電,34,7,27,凱基-中港,2024-01-30,9202
6282,康舒,56,34,22,凱基-中港,2024-01-30,9202
8034,榮群,22,0,22,凱基-中港,2024-01-30,9202
2365,昆盈,22,0,22,凱基-中港,2024-01-30,9202
00712,復華富時不動產,23,1,22,凱基-中港,2024-01-30,9202
00927,群益半導體收益,21,0,21,凱基-中港,2024-01-30,9202
2915,潤泰全,21,0,21,凱基-中港,2024-01-30,9202
00923,群益台ESG低碳50,20,0,20,凱基-中港,2024-01-30,9202
4123,晟德,20,0,20,凱基-中港,2024-01-30,9202
00905,FT臺灣Smart,20,0,20,凱基-中港,2024-01-30,9202
00752,中信中國50,20,0,20,凱基-中港,2024-01-30,9202
00655L,國泰中國A50正2,20,0,20,凱基-中港,2024-01-30,9202
4960,誠美材,21,2,19,凱基-中港,2024-01-30,9202
00688L,國泰20年美債正2,20,1,19,凱基-中港,2024-01-30,9202
6125,廣運,18,0,18,凱基-中港,2024-01-30,9202
2014,中鴻,17,0,17,凱基-中港,2024-01-30,9202
9907,統一實,17,0,17,凱基-中港,2024-01-30,9202
5871,中租-KY,16,0,16,凱基-中港,2024-01-30,9202
00720B,元大投資級公司債,16,0,16,凱基-中港,2024-01-30,9202
6411,晶焱,15,0,15,凱基-中港,2024-01-30,9202
3297,杭特,21,7,14,凱基-中港,2024-01-30,9202
6695,芯鼎,24,11,13,凱基-中港,2024-01-30,9202
3434,哲固,14,2,12,凱基-中港,2024-01-30,9202
2610,華航,23,11,12,凱基-中港,2024-01-30,9202
3034,聯詠,22,10,12,凱基-中港,2024-01-30,9202
1326,台化,14,2,12,凱基-中港,2024-01-30,9202
6770,力積電,15,4,11,凱基-中港,2024-01-30,9202
3605,宏致,12,1,11,凱基-中港,2024-01-30,9202
2408,南亞科,11,1,10,凱基-中港,2024-01-30,9202
00878,國泰永續高股息,23,13,10,凱基-中港,2024-01-30,9202
2615,萬海,11,1,10,凱基-中港,2024-01-30,9202
3047,訊舟,390,0,390,凱基-中港,2024-01-31,9202
2883,凱基金,150,0,150,凱基-中港,2024-01-31,9202
00688L,國泰20年美債正2,115,4,111,凱基-中港,2024-01-31,9202
6125,廣運,102,0,102,凱基-中港,2024-01-31,9202
2330,台積電,86,7,79,凱基-中港,2024-01-31,9202
2634,漢翔,69,2,67,凱基-中港,2024-01-31,9202
00882,中信中國高股息,58,0,58,凱基-中港,2024-01-31,9202
00933B,國泰10Y+金融債,52,1,51,凱基-中港,2024-01-31,9202
00650L,復華香港正2,51,1,50,凱基-中港,2024-01-31,9202
6462,神盾,98,58,40,凱基-中港,2024-01-31,9202
5880,合庫金,42,4,38,凱基-中港,2024-01-31,9202
5519,隆大,35,0,35,凱基-中港,2024-01-31,9202
00712,復華富時不動產,65,30,35,凱基-中港,2024-01-31,9202
2356,英業達,66,35,31,凱基-中港,2024-01-31,9202
00679B,元大美債20年,42,12,30,凱基-中港,2024-01-31,9202
4956,光鋐,29,0,29,凱基-中港,2024-01-31,9202
3622,洋華,33,4,29,凱基-中港,2024-01-31,9202
2609,陽明,44,15,29,凱基-中港,2024-01-31,9202
2301,光寶科,25,2,23,凱基-中港,2024-01-31,9202
3434,哲固,22,0,22,凱基-中港,2024-01-31,9202
9919,康那香,27,6,21,凱基-中港,2024-01-31,9202
6237,驊訊,26,6,20,凱基-中港,2024-01-31,9202
00929,復華台灣科技優息,20,1,19,凱基-中港,2024-01-31,9202
3231,緯創,44,25,19,凱基-中港,2024-01-31,9202
3360,尚立,128,110,18,凱基-中港,2024-01-31,9202
3297,杭特,23,6,17,凱基-中港,2024-01-31,9202
00878,國泰永續高股息,24,8,16,凱基-中港,2024-01-31,9202
4541,晟田,16,0,16,凱基-中港,2024-01-31,9202
6113,亞矽,46,30,16,凱基-中港,2024-01-31,9202
3605,宏致,15,0,15,凱基-中港,2024-01-31,9202
00637L,元大滬深300正2,27,12,15,凱基-中港,2024-01-31,9202
3580,友威科,15,0,15,凱基-中港,2024-01-31,9202
2355,敬鵬,14,0,14,凱基-中港,2024-01-31,9202
3025,星通,14,0,14,凱基-中港,2024-01-31,9202
3105,穩懋,15,1,14,凱基-中港,2024-01-31,9202
3032,偉訓,19,5,14,凱基-中港,2024-01-31,9202
00937B,群益ESG投等債20,23,10,13,凱基-中港,2024-01-31,9202
2367,燿華,13,0,13,凱基-中港,2024-01-31,9202
00752,中信中國50,13,0,13,凱基-中港,2024-01-31,9202
3481,群創,45,32,13,凱基-中港,2024-01-31,9202
8034,榮群,20,7,13,凱基-中港,2024-01-31,9202
2308,台達電,13,1,12,凱基-中港,2024-01-31,9202
2515,中工,12,0,12,凱基-中港,2024-01-31,9202
2357,華碩,12,0,12,凱基-中港,2024-01-31,9202
1101,台泥,18,7,11,凱基-中港,2024-01-31,9202
00919,群益台灣精選高息,16,5,11,凱基-中港,2024-01-31,9202
8227,巨有科技,19,8,11,凱基-中港,2024-01-31,9202
1605,華新,12,1,11,凱基-中港,2024-01-31,9202
2353,宏��,25,15,10,凱基-中港,2024-01-31,9202
1316,上曜,10,0,10,凱基-中港,2024-01-31,9202
3047,訊舟,218,11,207,凱基-中港,2024-02-01,9202
00929,復華台灣科技優息,227,21,206,凱基-中港,2024-02-01,9202
00933B,國泰10Y+金融債,150,32,118,凱基-中港,2024-02-01,9202
6196,帆宣,71,0,71,凱基-中港,2024-02-01,9202
00632R,元大台灣50反1,72,2,70,凱基-中港,2024-02-01,9202
00687B,國泰20年美債,66,0,66,凱基-中港,2024-02-01,9202
2867,三商壽,50,0,50,凱基-中港,2024-02-01,9202
3339,泰谷,50,0,50,凱基-中港,2024-02-01,9202
5512,力麒,46,0,46,凱基-中港,2024-02-01,9202
5340,建榮,46,0,46,凱基-中港,2024-02-01,9202
2382,廣達,42,0,42,凱基-中港,2024-02-01,9202
6125,廣運,41,4,37,凱基-中港,2024-02-01,9202
00937B,群益ESG投等債20,42,9,33,凱基-中港,2024-02-01,9202
00712,復華富時不動產,83,50,33,凱基-中港,2024-02-01,9202
2303,聯電,41,9,32,凱基-中港,2024-02-01,9202
00878,國泰永續高股息,72,40,32,凱基-中港,2024-02-01,9202
3217,優群,31,1,30,凱基-中港,2024-02-01,9202
2330,台積電,35,6,29,凱基-中港,2024-02-01,9202
00904,新光臺灣半導體30,27,0,27,凱基-中港,2024-02-01,9202
3231,緯創,87,61,26,凱基-中港,2024-02-01,9202
00931B,統一美債20年,42,17,25,凱基-中港,2024-02-01,9202
2454,聯發科,24,0,24,凱基-中港,2024-02-01,9202
2421,建準,39,15,24,凱基-中港,2024-02-01,9202
2329,華泰,68,46,22,凱基-中港,2024-02-01,9202
2014,中鴻,20,0,20,凱基-中港,2024-02-01,9202
2409,友達,47,28,19,凱基-中港,2024-02-01,9202
00891,中信關鍵半導體,20,1,19,凱基-中港,2024-02-01,9202
1799,易威,18,0,18,凱基-中港,2024-02-01,9202
2377,微星,17,0,17,凱基-中港,2024-02-01,9202
2634,漢翔,17,0,17,凱基-中港,2024-02-01,9202
2314,台揚,16,0,16,凱基-中港,2024-02-01,9202
3380,明泰,16,0,16,凱基-中港,2024-02-01,9202
2313,華通,24,9,15,凱基-中港,2024-02-01,9202
00690,兆豐藍籌30,15,0,15,凱基-中港,2024-02-01,9202
2025,千興,15,0,15,凱基-中港,2024-02-01,9202
3481,群創,35,20,15,凱基-中港,2024-02-01,9202
00637L,元大滬深300正2,14,0,14,凱基-中港,2024-02-01,9202
2610,華航,13,0,13,凱基-中港,2024-02-01,9202
2834,臺企銀,30,17,13,凱基-中港,2024-02-01,9202
1432,大魯閣,14,2,12,凱基-中港,2024-02-01,9202
4142,國光生,12,0,12,凱基-中港,2024-02-01,9202
00720B,元大投資級公司債,12,0,12,凱基-中港,2024-02-01,9202
5521,工信,12,0,12,凱基-中港,2024-02-01,9202
6179,亞通,20,9,11,凱基-中港,2024-02-01,9202
1519,華城,28,17,11,凱基-中港,2024-02-01,9202
00882,中信中國高股息,12,1,11,凱基-中港,2024-02-01,9202
3105,穩懋,10,0,10,凱基-中港,2024-02-01,9202
6121,新普,10,0,10,凱基-中港,2024-02-01,9202
2062,橋椿,10,0,10,凱基-中港,2024-02-01,9202
8201,無敵,10,0,10,凱基-中港,2024-02-01,9202
00937B,群益ESG投等債20,404,6,398,凱基-中港,2024-02-02,9202
00902,中信電池及儲能,103,0,103,凱基-中港,2024-02-02,9202
2365,昆盈,106,7,99,凱基-中港,2024-02-02,9202
2609,陽明,94,6,88,凱基-中港,2024-02-02,9202
2603,長榮,88,7,81,凱基-中港,2024-02-02,9202
00882,中信中國高股息,73,0,73,凱基-中港,2024-02-02,9202
00931B,統一美債20年,85,22,63,凱基-中港,2024-02-02,9202
00933B,國泰10Y+金融債,72,10,62,凱基-中港,2024-02-02,9202
00632R,元大台灣50反1,60,2,58,凱基-中港,2024-02-02,9202
6282,康舒,76,19,57,凱基-中港,2024-02-02,9202
2312,金寶,51,0,51,凱基-中港,2024-02-02,9202
00715L,期街口布蘭特正2,52,1,51,凱基-中港,2024-02-02,9202
1312,國喬,50,0,50,凱基-中港,2024-02-02,9202
6120,達運,44,4,40,凱基-中港,2024-02-02,9202
4510,高鋒,39,0,39,凱基-中港,2024-02-02,9202
00712,復華富時不動產,38,0,38,凱基-中港,2024-02-02,9202
2615,萬海,36,1,35,凱基-中港,2024-02-02,9202
5340,建榮,34,0,34,凱基-中港,2024-02-02,9202
2324,仁寶,40,6,34,凱基-中港,2024-02-02,9202
2438,翔耀,40,8,32,凱基-中港,2024-02-02,9202
2303,聯電,40,9,31,凱基-中港,2024-02-02,9202
4906,正文,37,8,29,凱基-中港,2024-02-02,9202
2329,華泰,40,12,28,凱基-中港,2024-02-02,9202
00720B,元大投資級公司債,28,2,26,凱基-中港,2024-02-02,9202
5512,力麒,36,10,26,凱基-中港,2024-02-02,9202
00919,群益台灣精選高息,25,0,25,凱基-中港,2024-02-02,9202
6125,廣運,34,10,24,凱基-中港,2024-02-02,9202
00633L,富邦上証正2,23,0,23,凱基-中港,2024-02-02,9202
2353,宏��,72,51,21,凱基-中港,2024-02-02,9202
2634,漢翔,35,14,21,凱基-中港,2024-02-02,9202
00878,國泰永續高股息,26,5,21,凱基-中港,2024-02-02,9202
2607,榮運,20,0,20,凱基-中港,2024-02-02,9202
00655L,國泰中國A50正2,20,0,20,凱基-中港,2024-02-02,9202
00929,復華台灣科技優息,29,9,20,凱基-中港,2024-02-02,9202
5009,榮剛,19,0,19,凱基-中港,2024-02-02,9202
1514,亞力,23,5,18,凱基-中港,2024-02-02,9202
4909,新復興,17,0,17,凱基-中港,2024-02-02,9202
6770,力積電,20,3,17,凱基-中港,2024-02-02,9202
3576,聯合再生,16,0,16,凱基-中港,2024-02-02,9202
4726,永昕,16,0,16,凱基-中港,2024-02-02,9202
00680L,元大美債20正2,16,0,16,凱基-中港,2024-02-02,9202
2476,鉅祥,15,0,15,凱基-中港,2024-02-02,9202
9905,大華,15,0,15,凱基-中港,2024-02-02,9202
5351,鈺創,14,0,14,凱基-中港,2024-02-02,9202
4123,晟德,14,0,14,凱基-中港,2024-02-02,9202
3025,星通,31,17,14,凱基-中港,2024-02-02,9202
7402,邑錡,14,0,14,凱基-中港,2024-02-02,9202
2891,中信金,13,0,13,凱基-中港,2024-02-02,9202
2889,國票金,13,0,13,凱基-中港,2024-02-02,9202
6667,信紘科,27,15,12,凱基-中港,2024-02-02,9202
00937B,群益ESG投等債20,235,5,230,凱基-中港,2024-02-05,9202
00688L,國泰20年美債正2,232,2,230,凱基-中港,2024-02-05,9202
00687B,國泰20年美債,179,20,159,凱基-中港,2024-02-05,9202
00933B,國泰10Y+金融債,159,0,159,凱基-中港,2024-02-05,9202
1513,中興電,153,2,151,凱基-中港,2024-02-05,9202
00712,復華富時不動產,127,0,127,凱基-中港,2024-02-05,9202
00929,復華台灣科技優息,116,12,104,凱基-中港,2024-02-05,9202
00715L,期街口布蘭特正2,67,0,67,凱基-中港,2024-02-05,9202
00878,國泰永續高股息,63,11,52,凱基-中港,2024-02-05,9202
1314,中石化,52,2,50,凱基-中港,2024-02-05,9202
3363,上詮,39,3,36,凱基-中港,2024-02-05,9202
00720B,元大投資級公司債,34,0,34,凱基-中港,2024-02-05,9202
1449,佳和,35,1,34,凱基-中港,2024-02-05,9202
2303,聯電,33,1,32,凱基-中港,2024-02-05,9202
1514,亞力,34,4,30,凱基-中港,2024-02-05,9202
2312,金寶,29,0,29,凱基-中港,2024-02-05,9202
3339,泰谷,29,0,29,凱基-中港,2024-02-05,9202
00919,群益台灣精選高息,45,17,28,凱基-中港,2024-02-05,9202
00882,中信中國高股息,28,0,28,凱基-中港,2024-02-05,9202
00680L,元大美債20正2,27,6,21,凱基-中港,2024-02-05,9202
6806,森崴能源,22,2,20,凱基-中港,2024-02-05,9202
4541,晟田,20,0,20,凱基-中港,2024-02-05,9202
00753L,中信中國50正2,24,4,20,凱基-中港,2024-02-05,9202
5364,力麗店,20,0,20,凱基-中港,2024-02-05,9202
00679B,元大美債20年,21,1,20,凱基-中港,2024-02-05,9202
2883,凱基金,20,1,19,凱基-中港,2024-02-05,9202
00665L,富邦�琤肭磪囓�2,25,6,19,凱基-中港,2024-02-05,9202
00931B,統一美債20年,18,0,18,凱基-中港,2024-02-05,9202
2002,中鋼,20,3,17,凱基-中港,2024-02-05,9202
3006,晶豪科,17,0,17,凱基-中港,2024-02-05,9202
2344,華邦電,20,4,16,凱基-中港,2024-02-05,9202
2887,台新金,20,4,16,凱基-中港,2024-02-05,9202
2481,強茂,17,1,16,凱基-中港,2024-02-05,9202
2382,廣達,26,11,15,凱基-中港,2024-02-05,9202
00713,元大台灣高息低波,16,1,15,凱基-中港,2024-02-05,9202
2732,六角,15,0,15,凱基-中港,2024-02-05,9202
1714,和桐,14,0,14,凱基-中港,2024-02-05,9202
2421,建準,22,8,14,凱基-中港,2024-02-05,9202
5521,工信,12,0,12,凱基-中港,2024-02-05,9202
3481,群創,26,14,12,凱基-中港,2024-02-05,9202
7402,邑錡,12,0,12,凱基-中港,2024-02-05,9202
3081,聯亞,19,7,12,凱基-中港,2024-02-05,9202
6770,力積電,15,3,12,凱基-中港,2024-02-05,9202
2379,瑞昱,11,0,11,凱基-中港,2024-02-05,9202
5009,榮剛,12,1,11,凱基-中港,2024-02-05,9202
00772B,中信高評級公司債,11,0,11,凱基-中港,2024-02-05,9202
2313,華通,21,10,11,凱基-中港,2024-02-05,9202
8411,福貞-KY,11,0,11,凱基-中港,2024-02-05,9202
6743,安普新,11,0,11,凱基-中港,2024-02-05,9202
00926,凱基全球菁英55,11,0,11,凱基-中港,2024-02-05,9202
00632R,元大台灣50反1,487,73,414,凱基-中港,2024-02-15,9202
00937B,群益ESG投等債20,376,5,371,凱基-中港,2024-02-15,9202
00650L,復華香港正2,275,0,275,凱基-中港,2024-02-15,9202
00712,復華富時不動產,179,50,129,凱基-中港,2024-02-15,9202
5521,工信,125,5,120,凱基-中港,2024-02-15,9202
2344,華邦電,124,5,119,凱基-中港,2024-02-15,9202
00931B,統一美債20年,120,1,119,凱基-中港,2024-02-15,9202
2002,中鋼,119,5,114,凱基-中港,2024-02-15,9202
00687B,國泰20年美債,121,11,110,凱基-中港,2024-02-15,9202
00680L,元大美債20正2,146,38,108,凱基-中港,2024-02-15,9202
00673R,期元大S＆P原油反1,117,22,95,凱基-中港,2024-02-15,9202
00933B,國泰10Y+金融債,84,0,84,凱基-中港,2024-02-15,9202
1799,易威,81,2,79,凱基-中港,2024-02-15,9202
00706L,期元大S＆P日圓正2,120,44,76,凱基-中港,2024-02-15,9202
1514,亞力,88,15,73,凱基-中港,2024-02-15,9202
3481,群創,110,38,72,凱基-中港,2024-02-15,9202
00722B,群益投資級電信債,63,0,63,凱基-中港,2024-02-15,9202
00679B,元大美債20年,147,84,63,凱基-中港,2024-02-15,9202
2618,長榮航,62,1,61,凱基-中港,2024-02-15,9202
2501,國建,50,0,50,凱基-中港,2024-02-15,9202
2886,兆豐金,55,5,50,凱基-中港,2024-02-15,9202
00720B,元大投資級公司債,46,0,46,凱基-中港,2024-02-15,9202
1733,五鼎,38,1,37,凱基-中港,2024-02-15,9202
3013,晟銘電,35,3,32,凱基-中港,2024-02-15,9202
00878,國泰永續高股息,132,104,28,凱基-中港,2024-02-15,9202
00772B,中信高評級公司債,26,0,26,凱基-中港,2024-02-15,9202
3231,緯創,904,880,24,凱基-中港,2024-02-15,9202
4111,濟生,23,0,23,凱基-中港,2024-02-15,9202
2313,華通,26,5,21,凱基-中港,2024-02-15,9202
6743,安普新,21,0,21,凱基-中港,2024-02-15,9202
1907,永豐餘,20,0,20,凱基-中港,2024-02-15,9202
2732,六角,20,0,20,凱基-中港,2024-02-15,9202
2431,聯昌,20,0,20,凱基-中港,2024-02-15,9202
8163,達方,20,0,20,凱基-中港,2024-02-15,9202
2762,世界健身-KY,19,0,19,凱基-中港,2024-02-15,9202
00688L,國泰20年美債正2,52,33,19,凱基-中港,2024-02-15,9202
6126,信音,17,0,17,凱基-中港,2024-02-15,9202
00795B,中信美國公債20年,17,0,17,凱基-中港,2024-02-15,9202
1618,合機,17,2,15,凱基-中港,2024-02-15,9202
4534,慶騰,20,5,15,凱基-中港,2024-02-15,9202
00897,富邦基因免疫生技,15,0,15,凱基-中港,2024-02-15,9202
3390,旭軟,15,0,15,凱基-中港,2024-02-15,9202
3032,偉訓,16,1,15,凱基-中港,2024-02-15,9202
2356,英業達,110,96,14,凱基-中港,2024-02-15,9202
00857B,永豐20年美公債,14,0,14,凱基-中港,2024-02-15,9202
3002,歐格,13,0,13,凱基-中港,2024-02-15,9202
2368,金像電,17,4,13,凱基-中港,2024-02-15,9202
6122,擎邦,16,4,12,凱基-中港,2024-02-15,9202
2324,仁寶,13,1,12,凱基-中港,2024-02-15,9202
3306,鼎天,12,0,12,凱基-中港,2024-02-15,9202
2431,聯昌,180,0,180,凱基-中港,2024-02-16,9202
00637L,元大滬深300正2,132,0,132,凱基-中港,2024-02-16,9202
4414,如興,130,0,130,凱基-中港,2024-02-16,9202
00933B,國泰10Y+金融債,108,10,98,凱基-中港,2024-02-16,9202
00673R,期元大S＆P原油反1,92,0,92,凱基-中港,2024-02-16,9202
2365,昆盈,87,19,68,凱基-中港,2024-02-16,9202
00753L,中信中國50正2,80,20,60,凱基-中港,2024-02-16,9202
2382,廣達,87,30,57,凱基-中港,2024-02-16,9202
2801,彰銀,55,0,55,凱基-中港,2024-02-16,9202
00650L,復華香港正2,50,0,50,凱基-中港,2024-02-16,9202
00679B,元大美債20年,47,0,47,凱基-中港,2024-02-16,9202
00725B,國泰投資級公司債,46,0,46,凱基-中港,2024-02-16,9202
00632R,元大台灣50反1,43,0,43,凱基-中港,2024-02-16,9202
6150,撼訊,40,0,40,凱基-中港,2024-02-16,9202
00931B,統一美債20年,38,0,38,凱基-中港,2024-02-16,9202
00937B,群益ESG投等債20,107,70,37,凱基-中港,2024-02-16,9202
1609,大亞,36,1,35,凱基-中港,2024-02-16,9202
2303,聯電,38,3,35,凱基-中港,2024-02-16,9202
00720B,元大投資級公司債,34,0,34,凱基-中港,2024-02-16,9202
00680L,元大美債20正2,39,7,32,凱基-中港,2024-02-16,9202
00795B,中信美國公債20年,31,0,31,凱基-中港,2024-02-16,9202
00665L,富邦�琤肭磪囓�2,35,4,31,凱基-中港,2024-02-16,9202
00929,復華台灣科技優息,96,66,30,凱基-中港,2024-02-16,9202
6125,廣運,59,29,30,凱基-中港,2024-02-16,9202
3294,英濟,28,0,28,凱基-中港,2024-02-16,9202
2355,敬鵬,33,6,27,凱基-中港,2024-02-16,9202
5871,中租-KY,28,1,27,凱基-中港,2024-02-16,9202
2330,台積電,39,16,23,凱基-中港,2024-02-16,9202
2313,華通,48,25,23,凱基-中港,2024-02-16,9202
3163,波若威,41,20,21,凱基-中港,2024-02-16,9202
00751B,元大AAA至A公司債,22,2,20,凱基-中港,2024-02-16,9202
6140,訊達,20,0,20,凱基-中港,2024-02-16,9202
6126,信音,28,9,19,凱基-中港,2024-02-16,9202
5607,遠雄港,21,2,19,凱基-中港,2024-02-16,9202
2884,玉山金,23,5,18,凱基-中港,2024-02-16,9202
0056,元大高股息,29,12,17,凱基-中港,2024-02-16,9202
3545,敦泰,20,3,17,凱基-中港,2024-02-16,9202
1101,台泥,18,2,16,凱基-中港,2024-02-16,9202
3312,弘憶股,16,0,16,凱基-中港,2024-02-16,9202
00706L,期元大S＆P日圓正2,25,9,16,凱基-中港,2024-02-16,9202
00891,中信關鍵半導體,16,0,16,凱基-中港,2024-02-16,9202
2362,藍天,15,0,15,凱基-中港,2024-02-16,9202
00655L,國泰中國A50正2,15,0,15,凱基-中港,2024-02-16,9202
2104,國際中橡,16,1,15,凱基-中港,2024-02-16,9202
00878,國泰永續高股息,57,45,12,凱基-中港,2024-02-16,9202
2356,英業達,27,15,12,凱基-中港,2024-02-16,9202
1217,愛之味,12,0,12,凱基-中港,2024-02-16,9202
5490,同亨,15,3,12,凱基-中港,2024-02-16,9202
3025,星通,14,2,12,凱基-中港,2024-02-16,9202
1524,耿鼎,12,1,11,凱基-中港,2024-02-16,9202
2431,聯昌,500,1,499,凱基-中港,2024-02-19,9202
00650L,復華香港正2,185,0,185,凱基-中港,2024-02-19,9202
00937B,群益ESG投等債20,167,16,151,凱基-中港,2024-02-19,9202
8092,建暐,143,0,143,凱基-中港,2024-02-19,9202
2353,宏��,155,73,82,凱基-中港,2024-02-19,9202
4513,福裕,74,2,72,凱基-中港,2024-02-19,9202
2329,華泰,401,338,63,凱基-中港,2024-02-19,9202
00929,復華台灣科技優息,81,19,62,凱基-中港,2024-02-19,9202
2501,國建,60,0,60,凱基-中港,2024-02-19,9202
3056,富華新,61,3,58,凱基-中港,2024-02-19,9202
00878,國泰永續高股息,108,53,55,凱基-中港,2024-02-19,9202
00665L,富邦�琤肭磪囓�2,64,10,54,凱基-中港,2024-02-19,9202
2457,飛宏,65,11,54,凱基-中港,2024-02-19,9202
6202,盛群,48,0,48,凱基-中港,2024-02-19,9202
00933B,國泰10Y+金融債,48,0,48,凱基-中港,2024-02-19,9202
2303,聯電,50,4,46,凱基-中港,2024-02-19,9202
00632R,元大台灣50反1,55,10,45,凱基-中港,2024-02-19,9202
00931B,統一美債20年,44,2,42,凱基-中港,2024-02-19,9202
5512,力麒,42,2,40,凱基-中港,2024-02-19,9202
1815,富喬,51,11,40,凱基-中港,2024-02-19,9202
2356,英業達,51,12,39,凱基-中港,2024-02-19,9202
3231,緯創,60,22,38,凱基-中港,2024-02-19,9202
6274,台燿,149,112,37,凱基-中港,2024-02-19,9202
00687B,國泰20年美債,37,0,37,凱基-中港,2024-02-19,9202
00720B,元大投資級公司債,36,1,35,凱基-中港,2024-02-19,9202
1540,喬福,30,0,30,凱基-中港,2024-02-19,9202
6150,撼訊,30,0,30,凱基-中港,2024-02-19,9202
00680L,元大美債20正2,26,0,26,凱基-中港,2024-02-19,9202
3058,立德,25,2,23,凱基-中港,2024-02-19,9202
2201,裕隆,23,0,23,凱基-中港,2024-02-19,9202
3706,神達,28,6,22,凱基-中港,2024-02-19,9202
6462,神盾,28,6,22,凱基-中港,2024-02-19,9202
3708,上緯投控,25,4,21,凱基-中港,2024-02-19,9202
2104,國際中橡,22,2,20,凱基-中港,2024-02-19,9202
00688L,國泰20年美債正2,20,0,20,凱基-中港,2024-02-19,9202
1466,聚隆,20,0,20,凱基-中港,2024-02-19,9202
2454,聯發科,25,5,20,凱基-中港,2024-02-19,9202
00772B,中信高評級公司債,23,4,19,凱基-中港,2024-02-19,9202
8358,金居,21,2,19,凱基-中港,2024-02-19,9202
6213,聯茂,51,32,19,凱基-中港,2024-02-19,9202
00715L,期街口布蘭特正2,20,2,18,凱基-中港,2024-02-19,9202
2323,中環,20,3,17,凱基-中港,2024-02-19,9202
2376,技嘉,30,13,17,凱基-中港,2024-02-19,9202
2488,漢平,22,6,16,凱基-中港,2024-02-19,9202
6120,達運,18,2,16,凱基-中港,2024-02-19,9202
2425,承啟,15,0,15,凱基-中港,2024-02-19,9202
2338,光罩,15,0,15,凱基-中港,2024-02-19,9202
8936,國統,22,8,14,凱基-中港,2024-02-19,9202
6742,澤米,14,0,14,凱基-中港,2024-02-19,9202
2313,華通,16,2,14,凱基-中港,2024-02-19,9202
00650L,復華香港正2,160,0,160,凱基-中港,2024-02-20,9202
00929,復華台灣科技優息,120,4,116,凱基-中港,2024-02-20,9202
3056,富華新,113,0,113,凱基-中港,2024-02-20,9202
6282,康舒,178,77,101,凱基-中港,2024-02-20,9202
00882,中信中國高股息,123,31,92,凱基-中港,2024-02-20,9202
00937B,群益ESG投等債20,92,16,76,凱基-中港,2024-02-20,9202
2515,中工,70,1,69,凱基-中港,2024-02-20,9202
6125,廣運,87,20,67,凱基-中港,2024-02-20,9202
3450,聯鈞,70,12,58,凱基-中港,2024-02-20,9202
8086,宏捷科,63,6,57,凱基-中港,2024-02-20,9202
1815,富喬,88,36,52,凱基-中港,2024-02-20,9202
00885,富邦越南,54,2,52,凱基-中港,2024-02-20,9202
00931B,統一美債20年,50,0,50,凱基-中港,2024-02-20,9202
00933B,國泰10Y+金融債,49,0,49,凱基-中港,2024-02-20,9202
00900,富邦特選高股息30,48,4,44,凱基-中港,2024-02-20,9202
8936,國統,46,4,42,凱基-中港,2024-02-20,9202
00679B,元大美債20年,120,80,40,凱基-中港,2024-02-20,9202
3231,緯創,64,24,40,凱基-中港,2024-02-20,9202
5355,佳總,37,0,37,凱基-中港,2024-02-20,9202
2834,臺企銀,53,17,36,凱基-中港,2024-02-20,9202
1455,集盛,41,5,36,凱基-中港,2024-02-20,9202
6770,力積電,38,3,35,凱基-中港,2024-02-20,9202
5512,力麒,49,14,35,凱基-中港,2024-02-20,9202
2323,中環,36,1,35,凱基-中港,2024-02-20,9202
00878,國泰永續高股息,59,28,31,凱基-中港,2024-02-20,9202
00664R,國泰臺灣加權反1,23,0,23,凱基-中港,2024-02-20,9202
1528,恩德,22,0,22,凱基-中港,2024-02-20,9202
1616,億泰,30,8,22,凱基-中港,2024-02-20,9202
3673,TPK-KY,23,1,22,凱基-中港,2024-02-20,9202
4960,誠美材,24,2,22,凱基-中港,2024-02-20,9202
2888,新光金,21,0,21,凱基-中港,2024-02-20,9202
3149,正達,23,3,20,凱基-中港,2024-02-20,9202
3481,群創,24,4,20,凱基-中港,2024-02-20,9202
5607,遠雄港,20,0,20,凱基-中港,2024-02-20,9202
00795B,中信美國公債20年,20,0,20,凱基-中港,2024-02-20,9202
6799,來頡,25,6,19,凱基-中港,2024-02-20,9202
00888,永豐台灣ESG,21,2,19,凱基-中港,2024-02-20,9202
2331,精英,18,0,18,凱基-中港,2024-02-20,9202
00720B,元大投資級公司債,17,0,17,凱基-中港,2024-02-20,9202
3017,奇鋐,20,4,16,凱基-中港,2024-02-20,9202
5483,中美晶,17,0,17,凱基-中港,2024-02-20,9202
2344,華邦電,17,1,16,凱基-中港,2024-02-20,9202
2313,華通,29,13,16,凱基-中港,2024-02-20,9202
6126,信音,53,37,16,凱基-中港,2024-02-20,9202
2732,六角,16,0,16,凱基-中港,2024-02-20,9202
4123,晟德,16,0,16,凱基-中港,2024-02-20,9202
3035,智原,29,13,16,凱基-中港,2024-02-20,9202
2489,瑞軒,20,5,15,凱基-中港,2024-02-20,9202
3363,上詮,41,26,15,凱基-中港,2024-02-20,9202
3234,光環,17,2,15,凱基-中港,2024-02-20,9202
00937B,群益ESG投等債20,257,0,257,凱基-中港,2024-02-21,9202
00933B,國泰10Y+金融債,187,0,187,凱基-中港,2024-02-21,9202
00753L,中信中國50正2,162,6,156,凱基-中港,2024-02-21,9202
6282,康舒,184,51,133,凱基-中港,2024-02-21,9202
00712,復華富時不動產,96,3,93,凱基-中港,2024-02-21,9202
1447,力鵬,97,5,92,凱基-中港,2024-02-21,9202
00664R,國泰臺灣加權反1,85,0,85,凱基-中港,2024-02-21,9202
5512,力麒,90,11,79,凱基-中港,2024-02-21,9202
2636,台驊控股,77,0,77,凱基-中港,2024-02-21,9202
3066,李洲,68,2,66,凱基-中港,2024-02-21,9202
3231,緯創,80,17,63,凱基-中港,2024-02-21,9202
00665L,富邦�琤肭磪囓�2,115,55,60,凱基-中港,2024-02-21,9202
6189,豐藝,58,0,58,凱基-中港,2024-02-21,9202
2609,陽明,92,40,52,凱基-中港,2024-02-21,9202
3339,泰谷,50,0,50,凱基-中港,2024-02-21,9202
2617,台航,51,4,47,凱基-中港,2024-02-21,9202
00878,國泰永續高股息,49,8,41,凱基-中港,2024-02-21,9202
6284,佳邦,42,1,41,凱基-中港,2024-02-21,9202
2382,廣達,40,5,35,凱基-中港,2024-02-21,9202
8054,安國,35,0,35,凱基-中港,2024-02-21,9202
00679B,元大美債20年,34,0,34,凱基-中港,2024-02-21,9202
1314,中石化,32,0,32,凱基-中港,2024-02-21,9202
3481,群創,33,4,29,凱基-中港,2024-02-21,9202
2356,英業達,32,4,28,凱基-中港,2024-02-21,9202
4714,永捷,47,20,27,凱基-中港,2024-02-21,9202
00907,永豐優息存股,25,0,25,凱基-中港,2024-02-21,9202
00688L,國泰20年美債正2,25,0,25,凱基-中港,2024-02-21,9202
00650L,復華香港正2,25,4,21,凱基-中港,2024-02-21,9202
3450,聯鈞,30,9,21,凱基-中港,2024-02-21,9202
2330,台積電,22,1,21,凱基-中港,2024-02-21,9202
4513,福裕,20,0,20,凱基-中港,2024-02-21,9202
1305,華夏,20,0,20,凱基-中港,2024-02-21,9202
4109,加捷生醫,20,0,20,凱基-中港,2024-02-21,9202
00751B,元大AAA至A公司債,20,0,20,凱基-中港,2024-02-21,9202
6176,瑞儀,20,0,20,凱基-中港,2024-02-21,9202
4556,旭然,20,1,19,凱基-中港,2024-02-21,9202
00885,富邦越南,40,22,18,凱基-中港,2024-02-21,9202
2303,聯電,19,1,18,凱基-中港,2024-02-21,9202
2882,國泰金,18,0,18,凱基-中港,2024-02-21,9202
5880,合庫金,18,1,17,凱基-中港,2024-02-21,9202
00639,富邦深100,16,0,16,凱基-中港,2024-02-21,9202
2457,飛宏,18,2,16,凱基-中港,2024-02-21,9202
3035,智原,72,57,15,凱基-中港,2024-02-21,9202
2344,華邦電,34,19,15,凱基-中港,2024-02-21,9202
2331,精英,16,1,15,凱基-中港,2024-02-21,9202
00900,富邦特選高股息30,15,1,14,凱基-中港,2024-02-21,9202
00795B,中信美國公債20年,14,0,14,凱基-中港,2024-02-21,9202
2489,瑞軒,20,6,14,凱基-中港,2024-02-21,9202
00673R,期元大S＆P原油反1,20,6,14,凱基-中港,2024-02-21,9202
4979,華星光,28,14,14,凱基-中港,2024-02-21,9202
1524,耿鼎,209,2,207,凱基-中港,2024-02-22,9202
2313,華通,251,62,189,凱基-中港,2024-02-22,9202
00934,中信成長高股息,130,16,114,凱基-中港,2024-02-22,9202
6164,華興,107,3,104,凱基-中港,2024-02-22,9202
00671R,富邦NASDAQ反1,102,0,102,凱基-中港,2024-02-22,9202
00927,群益半導體收益,104,2,102,凱基-中港,2024-02-22,9202
2431,聯昌,100,0,100,凱基-中港,2024-02-22,9202
00753L,中信中國50正2,111,12,99,凱基-中港,2024-02-22,9202
1447,力鵬,80,1,79,凱基-中港,2024-02-22,9202
1444,力麗,71,0,71,凱基-中港,2024-02-22,9202
2329,華泰,938,878,60,凱基-中港,2024-02-22,9202
2537,聯上發,60,0,60,凱基-中港,2024-02-22,9202
6284,佳邦,54,0,54,凱基-中港,2024-02-22,9202
00919,群益台灣精選高息,128,74,54,凱基-中港,2024-02-22,9202
6207,雷科,54,1,53,凱基-中港,2024-02-22,9202
3231,緯創,107,54,53,凱基-中港,2024-02-22,9202
00885,富邦越南,50,0,50,凱基-中港,2024-02-22,9202
00770,國泰北美科技,63,17,46,凱基-中港,2024-02-22,9202
2356,英業達,64,20,44,凱基-中港,2024-02-22,9202
00637L,元大滬深300正2,61,18,43,凱基-中港,2024-02-22,9202
6142,友勁,40,1,39,凱基-中港,2024-02-22,9202
5315,光聯,39,3,36,凱基-中港,2024-02-22,9202
8936,國統,41,7,34,凱基-中港,2024-02-22,9202
2371,大同,67,36,31,凱基-中港,2024-02-22,9202
6015,宏遠證,30,0,30,凱基-中港,2024-02-22,9202
00680L,元大美債20正2,40,12,28,凱基-中港,2024-02-22,9202
3576,聯合再生,27,1,26,凱基-中港,2024-02-22,9202
8358,金居,26,0,26,凱基-中港,2024-02-22,9202
2376,技嘉,117,91,26,凱基-中港,2024-02-22,9202
2303,聯電,32,7,25,凱基-中港,2024-02-22,9202
00687B,國泰20年美債,25,0,25,凱基-中港,2024-02-22,9202
1503,士電,87,62,25,凱基-中港,2024-02-22,9202
8086,宏捷科,31,6,25,凱基-中港,2024-02-22,9202
6126,信音,100,76,24,凱基-中港,2024-02-22,9202
4945,陞達科技,24,0,24,凱基-中港,2024-02-22,9202
3234,光環,24,0,24,凱基-中港,2024-02-22,9202
5512,力麒,37,14,23,凱基-中港,2024-02-22,9202
00679B,元大美債20年,25,4,21,凱基-中港,2024-02-22,9202
2029,盛餘,20,0,20,凱基-中港,2024-02-22,9202
9105,泰金寶-DR,20,0,20,凱基-中港,2024-02-22,9202
00795B,中信美國公債20年,19,0,19,凱基-中港,2024-02-22,9202
3047,訊舟,32,13,19,凱基-中港,2024-02-22,9202
2344,華邦電,30,11,19,凱基-中港,2024-02-22,9202
1609,大亞,21,2,19,凱基-中港,2024-02-22,9202
00933B,國泰10Y+金融債,21,2,19,凱基-中港,2024-02-22,9202
5880,合庫金,18,0,18,凱基-中港,2024-02-22,9202
2884,玉山金,18,2,16,凱基-中港,2024-02-22,9202
5222,全訊,16,0,16,凱基-中港,2024-02-22,9202
00664R,國泰臺灣加權反1,16,0,16,凱基-中港,2024-02-22,9202
2421,建準,19,3,16,凱基-中港,2024-02-22,9202
2431,聯昌,120,0,120,凱基-中港,2024-02-23,9202
00878,國泰永續高股息,108,13,95,凱基-中港,2024-02-23,9202
00679B,元大美債20年,79,0,79,凱基-中港,2024-02-23,9202
3380,明泰,73,2,71,凱基-中港,2024-02-23,9202
3041,揚智,87,21,66,凱基-中港,2024-02-23,9202
00676R,富邦臺灣加權反1,60,0,60,凱基-中港,2024-02-23,9202
00919,群益台灣精選高息,82,26,56,凱基-中港,2024-02-23,9202
2886,兆豐金,53,0,53,凱基-中港,2024-02-23,9202
2545,皇翔,50,0,50,凱基-中港,2024-02-23,9202
6196,帆宣,53,5,48,凱基-中港,2024-02-23,9202
00937B,群益ESG投等債20,46,0,46,凱基-中港,2024-02-23,9202
2303,聯電,51,8,43,凱基-中港,2024-02-23,9202
2609,陽明,58,15,43,凱基-中港,2024-02-23,9202
1316,上曜,47,5,42,凱基-中港,2024-02-23,9202
5534,長虹,40,0,40,凱基-中港,2024-02-23,9202
5452,佶優,40,0,40,凱基-中港,2024-02-23,9202
3481,群創,67,28,39,凱基-中港,2024-02-23,9202
2888,新光金,38,1,37,凱基-中港,2024-02-23,9202
00772B,中信高評級公司債,36,0,36,凱基-中港,2024-02-23,9202
00687B,國泰20年美債,36,2,34,凱基-中港,2024-02-23,9202
3535,晶彩科,33,2,31,凱基-中港,2024-02-23,9202
2408,南亞科,33,3,30,凱基-中港,2024-02-23,9202
00898,國泰基因免疫革命,30,0,30,凱基-中港,2024-02-23,9202
00722B,群益投資級電信債,30,0,30,凱基-中港,2024-02-23,9202
3017,奇鋐,29,1,28,凱基-中港,2024-02-23,9202
5607,遠雄港,30,2,28,凱基-中港,2024-02-23,9202
2382,廣達,49,24,25,凱基-中港,2024-02-23,9202
4908,前鼎,32,7,25,凱基-中港,2024-02-23,9202
00933B,國泰10Y+金融債,24,2,22,凱基-中港,2024-02-23,9202
6257,矽格,34,12,22,凱基-中港,2024-02-23,9202
2884,玉山金,25,4,21,凱基-中港,2024-02-23,9202
2356,英業達,54,34,20,凱基-中港,2024-02-23,9202
2014,中鴻,21,1,20,凱基-中港,2024-02-23,9202
6187,萬潤,19,0,19,凱基-中港,2024-02-23,9202
3078,僑威,21,2,19,凱基-中港,2024-02-23,9202
3360,尚立,22,4,18,凱基-中港,2024-02-23,9202
2883,凱基金,29,11,18,凱基-中港,2024-02-23,9202
8936,國統,32,15,17,凱基-中港,2024-02-23,9202
3390,旭軟,16,0,16,凱基-中港,2024-02-23,9202
8390,金益鼎,15,0,15,凱基-中港,2024-02-23,9202
2610,華航,22,8,14,凱基-中港,2024-02-23,9202
2634,漢翔,17,4,13,凱基-中港,2024-02-23,9202
3402,漢科,15,2,13,凱基-中港,2024-02-23,9202
00715L,期街口布蘭特正2,16,3,13,凱基-中港,2024-02-23,9202
6005,群益證,15,2,13,凱基-中港,2024-02-23,9202
8358,金居,23,10,13,凱基-中港,2024-02-23,9202
6167,久正,16,3,13,凱基-中港,2024-02-23,9202
3034,聯詠,15,2,13,凱基-中港,2024-02-23,9202
6743,安普新,12,0,12,凱基-中港,2024-02-23,9202
2331,精英,14,2,12,凱基-中港,2024-02-23,9202
2431,聯昌,268,0,268,凱基-中港,2024-02-26,9202
00679B,元大美債20年,146,7,139,凱基-中港,2024-02-26,9202
2886,兆豐金,104,0,104,凱基-中港,2024-02-26,9202
00933B,國泰10Y+金融債,104,17,87,凱基-中港,2024-02-26,9202
00937B,群益ESG投等債20,86,15,71,凱基-中港,2024-02-26,9202
1815,富喬,67,0,67,凱基-中港,2024-02-26,9202
4513,福裕,67,0,67,凱基-中港,2024-02-26,9202
00919,群益台灣精選高息,146,82,64,凱基-中港,2024-02-26,9202
6142,友勁,60,0,60,凱基-中港,2024-02-26,9202
00633L,富邦上証正2,60,0,60,凱基-中港,2024-02-26,9202
3481,群創,77,20,57,凱基-中港,2024-02-26,9202
00632R,元大台灣50反1,217,160,57,凱基-中港,2024-02-26,9202
00891,中信關鍵半導體,61,9,52,凱基-中港,2024-02-26,9202
1609,大亞,50,10,40,凱基-中港,2024-02-26,9202
1529,樂事綠能,80,41,39,凱基-中港,2024-02-26,9202
6282,康舒,37,0,37,凱基-中港,2024-02-26,9202
6167,久正,37,0,37,凱基-中港,2024-02-26,9202
6005,群益證,32,2,30,凱基-中港,2024-02-26,9202
00665L,富邦�琤肭磪囓�2,430,400,30,凱基-中港,2024-02-26,9202
00885,富邦越南,30,1,29,凱基-中港,2024-02-26,9202
6139,亞翔,34,5,29,凱基-中港,2024-02-26,9202
1785,光洋科,46,18,28,凱基-中港,2024-02-26,9202
3360,尚立,29,1,28,凱基-中港,2024-02-26,9202
2329,華泰,56,30,26,凱基-中港,2024-02-26,9202
3706,神達,26,0,26,凱基-中港,2024-02-26,9202
3038,全台,26,0,26,凱基-中港,2024-02-26,9202
00637L,元大滬深300正2,38,12,26,凱基-中港,2024-02-26,9202
9934,成霖,30,4,26,凱基-中港,2024-02-26,9202
2884,玉山金,23,0,23,凱基-中港,2024-02-26,9202
00878,國泰永續高股息,115,92,23,凱基-中港,2024-02-26,9202
2382,廣達,39,17,22,凱基-中港,2024-02-26,9202
1438,三地開發,22,0,22,凱基-中港,2024-02-26,9202
2609,陽明,24,2,22,凱基-中港,2024-02-26,9202
2449,京元電子,30,9,21,凱基-中港,2024-02-26,9202
00882,中信中國高股息,31,10,21,凱基-中港,2024-02-26,9202
00720B,元大投資級公司債,21,0,21,凱基-中港,2024-02-26,9202
8040,九暘,29,9,20,凱基-中港,2024-02-26,9202
8411,福貞-KY,20,0,20,凱基-中港,2024-02-26,9202
6292,迅德,20,0,20,凱基-中港,2024-02-26,9202
2312,金寶,20,0,20,凱基-中港,2024-02-26,9202
00680L,元大美債20正2,36,17,19,凱基-中港,2024-02-26,9202
8028,昇陽半導體,19,1,18,凱基-中港,2024-02-26,9202
6284,佳邦,18,0,18,凱基-中港,2024-02-26,9202
2474,可成,18,0,18,凱基-中港,2024-02-26,9202
2353,宏��,26,8,18,凱基-中港,2024-02-26,9202
4945,陞達科技,18,1,17,凱基-中港,2024-02-26,9202
3312,弘憶股,19,2,17,凱基-中港,2024-02-26,9202
5388,中磊,29,14,15,凱基-中港,2024-02-26,9202
2356,英業達,30,15,15,凱基-中港,2024-02-26,9202
1449,佳和,15,0,15,凱基-中港,2024-02-26,9202
00937B,群益ESG投等債20,256,0,256,凱基-中港,2024-02-27,9202
00929,復華台灣科技優息,262,32,230,凱基-中港,2024-02-27,9202
2431,聯昌,212,0,212,凱基-中港,2024-02-27,9202
00878,國泰永續高股息,200,4,196,凱基-中港,2024-02-27,9202
00637L,元大滬深300正2,113,2,111,凱基-中港,2024-02-27,9202
00919,群益台灣精選高息,113,23,90,凱基-中港,2024-02-27,9202
6282,康舒,111,23,88,凱基-中港,2024-02-27,9202
00753L,中信中國50正2,82,2,80,凱基-中港,2024-02-27,9202
2359,所羅門,96,16,80,凱基-中港,2024-02-27,9202
1785,光洋科,74,3,71,凱基-中港,2024-02-27,9202
6125,廣運,122,51,71,凱基-中港,2024-02-27,9202
2603,長榮,57,2,55,凱基-中港,2024-02-27,9202
6113,亞矽,43,0,43,凱基-中港,2024-02-27,9202
2303,聯電,47,7,40,凱基-中港,2024-02-27,9202
4714,永捷,40,0,40,凱基-中港,2024-02-27,9202
8088,品安,38,0,38,凱基-中港,2024-02-27,9202
2014,中鴻,37,0,37,凱基-中港,2024-02-27,9202
2409,友達,40,3,37,凱基-中港,2024-02-27,9202
00885,富邦越南,32,0,32,凱基-中港,2024-02-27,9202
3006,晶豪科,39,8,31,凱基-中港,2024-02-27,9202
8411,福貞-KY,30,0,30,凱基-中港,2024-02-27,9202
3041,揚智,36,7,29,凱基-中港,2024-02-27,9202
2316,楠梓電,27,0,27,凱基-中港,2024-02-27,9202
00687B,國泰20年美債,27,0,27,凱基-中港,2024-02-27,9202
2301,光寶科,37,11,26,凱基-中港,2024-02-27,9202
3706,神達,31,5,26,凱基-中港,2024-02-27,9202
00900,富邦特選高股息30,22,0,22,凱基-中港,2024-02-27,9202
4945,陞達科技,31,9,22,凱基-中港,2024-02-27,9202
2363,矽統,166,145,21,凱基-中港,2024-02-27,9202
2891,中信金,31,10,21,凱基-中港,2024-02-27,9202
1409,新纖,20,0,20,凱基-中港,2024-02-27,9202
2812,台中銀,25,5,20,凱基-中港,2024-02-27,9202
1809,中釉,102,82,20,凱基-中港,2024-02-27,9202
00712,復華富時不動產,23,4,19,凱基-中港,2024-02-27,9202
2369,菱生,25,7,18,凱基-中港,2024-02-27,9202
2492,華新科,18,0,18,凱基-中港,2024-02-27,9202
2762,世界健身-KY,18,1,17,凱基-中港,2024-02-27,9202
1101,台泥,17,0,17,凱基-中港,2024-02-27,9202
1514,亞力,73,56,17,凱基-中港,2024-02-27,9202
00720B,元大投資級公司債,16,0,16,凱基-中港,2024-02-27,9202
6770,力積電,22,6,16,凱基-中港,2024-02-27,9202
3546,宇峻,16,0,16,凱基-中港,2024-02-27,9202
6142,友勁,20,4,16,凱基-中港,2024-02-27,9202
6547,高端疫苗,16,0,16,凱基-中港,2024-02-27,9202
1712,興農,18,2,16,凱基-中港,2024-02-27,9202
00752,中信中國50,15,0,15,凱基-中港,2024-02-27,9202
2637,慧洋-KY,15,1,14,凱基-中港,2024-02-27,9202
2332,友訊,14,0,14,凱基-中港,2024-02-27,9202
2883,凱基金,21,7,14,凱基-中港,2024-02-27,9202
00891,中信關鍵半導體,14,0,14,凱基-中港,2024-02-27,9202
00919,群益台灣精選高息,153,13,140,凱基-中港,2024-02-29,9202
00712,復華富時不動產,88,0,88,凱基-中港,2024-02-29,9202
00656R,國泰中國A50反1,80,0,80,凱基-中港,2024-02-29,9202
2491,吉祥全,79,0,79,凱基-中港,2024-02-29,9202
1503,士電,506,441,65,凱基-中港,2024-02-29,9202
2605,新興,67,4,63,凱基-中港,2024-02-29,9202
2887,台新金,55,11,44,凱基-中港,2024-02-29,9202
3481,群創,74,30,44,凱基-中港,2024-02-29,9202
00937B,群益ESG投等債20,122,79,43,凱基-中港,2024-02-29,9202
4543,萬在,80,40,40,凱基-中港,2024-02-29,9202
00687B,國泰20年美債,40,2,38,凱基-中港,2024-02-29,9202
2353,宏��,42,4,38,凱基-中港,2024-02-29,9202
0056,元大高股息,55,18,37,凱基-中港,2024-02-29,9202
00680L,元大美債20正2,39,4,35,凱基-中港,2024-02-29,9202
00878,國泰永續高股息,52,17,35,凱基-中港,2024-02-29,9202
3372,典範,37,4,33,凱基-中港,2024-02-29,9202
2014,中鴻,31,0,31,凱基-中港,2024-02-29,9202
9105,泰金寶-DR,31,0,31,凱基-中港,2024-02-29,9202
8473,山林水,29,0,29,凱基-中港,2024-02-29,9202
4541,晟田,28,0,28,凱基-中港,2024-02-29,9202
6288,聯嘉,42,14,28,凱基-中港,2024-02-29,9202
4513,福裕,33,6,27,凱基-中港,2024-02-29,9202
00751B,元大AAA至A公司債,26,0,26,凱基-中港,2024-02-29,9202
1815,富喬,55,29,26,凱基-中港,2024-02-29,9202
5488,松普,27,2,25,凱基-中港,2024-02-29,9202
00679B,元大美債20年,58,34,24,凱基-中港,2024-02-29,9202
00753L,中信中國50正2,28,4,24,凱基-中港,2024-02-29,9202
2329,華泰,35,12,23,凱基-中港,2024-02-29,9202
2610,華航,39,17,22,凱基-中港,2024-02-29,9202
4111,濟生,21,0,21,凱基-中港,2024-02-29,9202
6584,南俊國際,21,0,21,凱基-中港,2024-02-29,9202
3546,宇峻,21,0,21,凱基-中港,2024-02-29,9202
6239,力成,22,2,20,凱基-中港,2024-02-29,9202
00720B,元大投資級公司債,20,0,20,凱基-中港,2024-02-29,9202
1447,力鵬,19,0,19,凱基-中港,2024-02-29,9202
2359,所羅門,20,1,19,凱基-中港,2024-02-29,9202
1101,台泥,21,6,15,凱基-中港,2024-02-29,9202
3027,盛達,15,0,15,凱基-中港,2024-02-29,9202
2356,英業達,24,10,14,凱基-中港,2024-02-29,9202
1316,上曜,52,38,14,凱基-中港,2024-02-29,9202
8936,國統,27,13,14,凱基-中港,2024-02-29,9202
6116,彩晶,13,0,13,凱基-中港,2024-02-29,9202
6125,廣運,56,44,12,凱基-中港,2024-02-29,9202
3708,上緯投控,13,1,12,凱基-中港,2024-02-29,9202
2883,凱基金,42,30,12,凱基-中港,2024-02-29,9202
3305,昇貿,12,0,12,凱基-中港,2024-02-29,9202
2028,威致,12,0,12,凱基-中港,2024-02-29,9202
5469,瀚宇博,12,0,12,凱基-中港,2024-02-29,9202
3034,聯詠,26,15,11,凱基-中港,2024-02-29,9202
5351,鈺創,14,3,11,凱基-中港,2024-02-29,9202
00680L,元大美債20正2,175,0,175,凱基-中港,2024-03-01,9202
00919,群益台灣精選高息,186,28,158,凱基-中港,2024-03-01,9202
6125,廣運,247,124,123,凱基-中港,2024-03-01,9202
2344,華邦電,111,0,111,凱基-中港,2024-03-01,9202
00918,大華優利高填息30,101,0,101,凱基-中港,2024-03-01,9202
00929,復華台灣科技優息,102,3,99,凱基-中港,2024-03-01,9202
00687B,國泰20年美債,95,5,90,凱基-中港,2024-03-01,9202
2421,建準,97,8,89,凱基-中港,2024-03-01,9202
00637L,元大滬深300正2,83,6,77,凱基-中港,2024-03-01,9202
2409,友達,74,2,72,凱基-中港,2024-03-01,9202
00632R,元大台灣50反1,71,0,71,凱基-中港,2024-03-01,9202
00665L,富邦�琤肭磪囓�2,53,0,53,凱基-中港,2024-03-01,9202
00937B,群益ESG投等債20,61,10,51,凱基-中港,2024-03-01,9202
1609,大亞,89,43,46,凱基-中港,2024-03-01,9202
3437,榮創,45,5,40,凱基-中港,2024-03-01,9202
3434,哲固,40,0,40,凱基-中港,2024-03-01,9202
4714,永捷,38,0,38,凱基-中港,2024-03-01,9202
8936,國統,44,8,36,凱基-中港,2024-03-01,9202
00673R,期元大S＆P原油反1,36,0,36,凱基-中港,2024-03-01,9202
00679B,元大美債20年,54,20,34,凱基-中港,2024-03-01,9202
00720B,元大投資級公司債,33,0,33,凱基-中港,2024-03-01,9202
2014,中鴻,34,1,33,凱基-中港,2024-03-01,9202
2408,南亞科,33,0,33,凱基-中港,2024-03-01,9202
3483,力致,38,6,32,凱基-中港,2024-03-01,9202
6282,康舒,42,11,31,凱基-中港,2024-03-01,9202
1447,力鵬,31,0,31,凱基-中港,2024-03-01,9202
2303,聯電,42,12,30,凱基-中港,2024-03-01,9202
2610,華航,33,4,29,凱基-中港,2024-03-01,9202
6141,柏承,27,0,27,凱基-中港,2024-03-01,9202
8473,山林水,30,3,27,凱基-中港,2024-03-01,9202
6219,富旺,25,0,25,凱基-中港,2024-03-01,9202
3163,波若威,29,5,24,凱基-中港,2024-03-01,9202
3234,光環,25,1,24,凱基-中港,2024-03-01,9202
3588,通嘉,36,14,22,凱基-中港,2024-03-01,9202
2618,長榮航,21,0,21,凱基-中港,2024-03-01,9202
9907,統一實,20,0,20,凱基-中港,2024-03-01,9202
5512,力麒,30,10,20,凱基-中港,2024-03-01,9202
8358,金居,20,0,20,凱基-中港,2024-03-01,9202
00650L,復華香港正2,20,0,20,凱基-中港,2024-03-01,9202
3024,憶聲,20,0,20,凱基-中港,2024-03-01,9202
5011,久陽,19,0,19,凱基-中港,2024-03-01,9202
6288,聯嘉,27,8,19,凱基-中港,2024-03-01,9202
2316,楠梓電,22,3,19,凱基-中港,2024-03-01,9202
4111,濟生,18,0,18,凱基-中港,2024-03-01,9202
00902,中信電池及儲能,17,0,17,凱基-中港,2024-03-01,9202
4541,晟田,17,0,17,凱基-中港,2024-03-01,9202
8926,台汽電,23,7,16,凱基-中港,2024-03-01,9202
2609,陽明,48,32,16,凱基-中港,2024-03-01,9202
6150,撼訊,18,2,16,凱基-中港,2024-03-01,9202
1101,台泥,17,2,15,凱基-中港,2024-03-01,9202
00632R,元大台灣50反1,602,105,497,凱基-中港,2024-03-04,9202
00919,群益台灣精選高息,421,58,363,凱基-中港,2024-03-04,9202
00937B,群益ESG投等債20,210,100,110,凱基-中港,2024-03-04,9202
00918,大華優利高填息30,104,0,104,凱基-中港,2024-03-04,9202
00915,凱基優選高股息30,106,7,99,凱基-中港,2024-03-04,9202
1432,大魯閣,76,1,75,凱基-中港,2024-03-04,9202
2324,仁寶,254,182,72,凱基-中港,2024-03-04,9202
2014,中鴻,70,0,70,凱基-中港,2024-03-04,9202
1513,中興電,100,37,63,凱基-中港,2024-03-04,9202
00679B,元大美債20年,63,5,58,凱基-中港,2024-03-04,9202
00687B,國泰20年美債,65,11,54,凱基-中港,2024-03-04,9202
3231,緯創,78,25,53,凱基-中港,2024-03-04,9202
5011,久陽,53,1,52,凱基-中港,2024-03-04,9202
2460,建通,51,1,50,凱基-中港,2024-03-04,9202
3546,宇峻,48,0,48,凱基-中港,2024-03-04,9202
2367,燿華,122,75,47,凱基-中港,2024-03-04,9202
2618,長榮航,48,2,46,凱基-中港,2024-03-04,9202
00650L,復華香港正2,41,0,41,凱基-中港,2024-03-04,9202
00712,復華富時不動產,46,7,39,凱基-中港,2024-03-04,9202
2002,中鋼,45,6,39,凱基-中港,2024-03-04,9202
2337,旺宏,36,0,36,凱基-中港,2024-03-04,9202
8411,福貞-KY,35,0,35,凱基-中港,2024-03-04,9202
2323,中環,35,0,35,凱基-中港,2024-03-04,9202
1307,三芳,28,0,28,凱基-中港,2024-03-04,9202
1449,佳和,27,0,27,凱基-中港,2024-03-04,9202
1616,億泰,26,0,26,凱基-中港,2024-03-04,9202
00673R,期元大S＆P原油反1,31,5,26,凱基-中港,2024-03-04,9202
2891,中信金,25,1,24,凱基-中港,2024-03-04,9202
1608,華榮,23,0,23,凱基-中港,2024-03-04,9202
2376,技嘉,64,42,22,凱基-中港,2024-03-04,9202
6282,康舒,51,29,22,凱基-中港,2024-03-04,9202
2888,新光金,26,5,21,凱基-中港,2024-03-04,9202
3042,晶技,28,8,20,凱基-中港,2024-03-04,9202
8040,九暘,20,0,20,凱基-中港,2024-03-04,9202
1734,杏輝,20,0,20,凱基-中港,2024-03-04,9202
3588,通嘉,25,6,19,凱基-中港,2024-03-04,9202
1907,永豐餘,19,0,19,凱基-中港,2024-03-04,9202
1303,南亞,19,1,18,凱基-中港,2024-03-04,9202
00680L,元大美債20正2,21,3,18,凱基-中港,2024-03-04,9202
2340,台亞,17,0,17,凱基-中港,2024-03-04,9202
1560,中砂,17,0,17,凱基-中港,2024-03-04,9202
1618,合機,17,1,16,凱基-中港,2024-03-04,9202
6462,神盾,17,2,15,凱基-中港,2024-03-04,9202
1712,興農,15,0,15,凱基-中港,2024-03-04,9202
5880,合庫金,16,1,15,凱基-中港,2024-03-04,9202
00720B,元大投資級公司債,35,20,15,凱基-中港,2024-03-04,9202
4111,濟生,15,0,15,凱基-中港,2024-03-04,9202
4402,郡都開發,15,0,15,凱基-中港,2024-03-04,9202
6126,信音,15,1,14,凱基-中港,2024-03-04,9202
00933B,國泰10Y+金融債,33,19,14,凱基-中港,2024-03-04,9202
5488,松普,244,10,234,凱基-中港,2024-03-05,9202
00632R,元大台灣50反1,219,14,205,凱基-中港,2024-03-05,9202
00712,復華富時不動產,170,0,170,凱基-中港,2024-03-05,9202
3645,達邁,129,13,116,凱基-中港,2024-03-05,9202
00753L,中信中國50正2,137,42,95,凱基-中港,2024-03-05,9202
00937B,群益ESG投等債20,84,5,79,凱基-中港,2024-03-05,9202
2303,聯電,72,1,71,凱基-中港,2024-03-05,9202
4513,福裕,69,0,69,凱基-中港,2024-03-05,9202
00915,凱基優選高股息30,106,51,55,凱基-中港,2024-03-05,9202
1312,國喬,50,0,50,凱基-中港,2024-03-05,9202
6288,聯嘉,51,3,48,凱基-中港,2024-03-05,9202
6125,廣運,50,6,44,凱基-中港,2024-03-05,9202
00882,中信中國高股息,39,2,37,凱基-中港,2024-03-05,9202
2610,華航,47,10,37,凱基-中港,2024-03-05,9202
2367,燿華,213,181,32,凱基-中港,2024-03-05,9202
00857B,永豐20年美公債,32,0,32,凱基-中港,2024-03-05,9202
2891,中信金,32,0,32,凱基-中港,2024-03-05,9202
00885,富邦越南,32,0,32,凱基-中港,2024-03-05,9202
2888,新光金,36,5,31,凱基-中港,2024-03-05,9202
4503,金雨,30,0,30,凱基-中港,2024-03-05,9202
3041,揚智,32,2,30,凱基-中港,2024-03-05,9202
8411,福貞-KY,30,0,30,凱基-中港,2024-03-05,9202
3294,英濟,30,0,30,凱基-中港,2024-03-05,9202
6219,富旺,29,0,29,凱基-中港,2024-03-05,9202
00752,中信中國50,28,0,28,凱基-中港,2024-03-05,9202
2762,世界健身-KY,29,1,28,凱基-中港,2024-03-05,9202
8476,台境*,27,0,27,凱基-中港,2024-03-05,9202
1303,南亞,28,2,26,凱基-中港,2024-03-05,9202
4533,協易機,25,0,25,凱基-中港,2024-03-05,9202
00687B,國泰20年美債,35,10,25,凱基-中港,2024-03-05,9202
3564,其陽,25,1,24,凱基-中港,2024-03-05,9202
2327,國巨,23,0,23,凱基-中港,2024-03-05,9202
6116,彩晶,23,0,23,凱基-中港,2024-03-05,9202
2002,中鋼,28,8,20,凱基-中港,2024-03-05,9202
2520,冠德,20,0,20,凱基-中港,2024-03-05,9202
1460,宏遠,20,0,20,凱基-中港,2024-03-05,9202
3576,聯合再生,22,3,19,凱基-中港,2024-03-05,9202
2481,強茂,19,0,19,凱基-中港,2024-03-05,9202
2543,皇昌,21,2,19,凱基-中港,2024-03-05,9202
1301,台塑,18,0,18,凱基-中港,2024-03-05,9202
8112,至上,21,3,18,凱基-中港,2024-03-05,9202
4111,濟生,18,0,18,凱基-中港,2024-03-05,9202
2337,旺宏,17,2,15,凱基-中港,2024-03-05,9202
1326,台化,16,1,15,凱基-中港,2024-03-05,9202
6126,信音,23,8,15,凱基-中港,2024-03-05,9202
8147,正淩,15,0,15,凱基-中港,2024-03-05,9202
1609,大亞,17,3,14,凱基-中港,2024-03-05,9202
3047,訊舟,16,2,14,凱基-中港,2024-03-05,9202
3450,聯鈞,43,29,14,凱基-中港,2024-03-05,9202
3380,明泰,14,0,14,凱基-中港,2024-03-05,9202
2367,燿華,236,105,131,凱基-中港,2024-03-06,9202
00680L,元大美債20正2,153,54,99,凱基-中港,2024-03-06,9202
00937B,群益ESG投等債20,96,1,95,凱基-中港,2024-03-06,9202
2915,潤泰全,80,0,80,凱基-中港,2024-03-06,9202
2603,長榮,74,4,70,凱基-中港,2024-03-06,9202
00919,群益台灣精選高息,127,59,68,凱基-中港,2024-03-06,9202
00655L,國泰中國A50正2,60,0,60,凱基-中港,2024-03-06,9202
3645,達邁,65,8,57,凱基-中港,2024-03-06,9202
6584,南俊國際,53,1,52,凱基-中港,2024-03-06,9202
4513,福裕,51,0,51,凱基-中港,2024-03-06,9202
2515,中工,53,6,47,凱基-中港,2024-03-06,9202
6141,柏承,47,0,47,凱基-中港,2024-03-06,9202
4306,炎洲,50,6,44,凱基-中港,2024-03-06,9202
3005,神基,52,9,43,凱基-中港,2024-03-06,9202
6125,廣運,111,71,40,凱基-中港,2024-03-06,9202
00632R,元大台灣50反1,223,185,38,凱基-中港,2024-03-06,9202
00719B,元大美債1-3,35,0,35,凱基-中港,2024-03-06,9202
2323,中環,36,2,34,凱基-中港,2024-03-06,9202
00918,大華優利高填息30,44,10,34,凱基-中港,2024-03-06,9202
2501,國建,31,0,31,凱基-中港,2024-03-06,9202
3546,宇峻,30,0,30,凱基-中港,2024-03-06,9202
9914,美利達,30,0,30,凱基-中港,2024-03-06,9202
5443,均豪,32,3,29,凱基-中港,2024-03-06,9202
4111,濟生,28,0,28,凱基-中港,2024-03-06,9202
2610,華航,29,3,26,凱基-中港,2024-03-06,9202
2609,陽明,33,8,25,凱基-中港,2024-03-06,9202
1314,中石化,27,2,25,凱基-中港,2024-03-06,9202
00753L,中信中國50正2,30,7,23,凱基-中港,2024-03-06,9202
00915,凱基優選高股息30,70,48,22,凱基-中港,2024-03-06,9202
2314,台揚,22,0,22,凱基-中港,2024-03-06,9202
4726,永昕,22,0,22,凱基-中港,2024-03-06,9202
3051,力特,23,1,22,凱基-中港,2024-03-06,9202
2481,強茂,21,0,21,凱基-中港,2024-03-06,9202
2387,精元,21,0,21,凱基-中港,2024-03-06,9202
6288,聯嘉,22,1,21,凱基-中港,2024-03-06,9202
2337,旺宏,21,0,21,凱基-中港,2024-03-06,9202
2002,中鋼,21,1,20,凱基-中港,2024-03-06,9202
2618,長榮航,21,1,20,凱基-中港,2024-03-06,9202
2211,長榮鋼,20,0,20,凱基-中港,2024-03-06,9202
2491,吉祥全,20,0,20,凱基-中港,2024-03-06,9202
00637L,元大滬深300正2,79,60,19,凱基-中港,2024-03-06,9202
3231,緯創,46,27,19,凱基-中港,2024-03-06,9202
6005,群益證,50,32,18,凱基-中港,2024-03-06,9202
6167,久正,20,2,18,凱基-中港,2024-03-06,9202
2352,佳世達,26,8,18,凱基-中港,2024-03-06,9202
6139,亞翔,30,14,16,凱基-中港,2024-03-06,9202
2369,菱生,24,8,16,凱基-中港,2024-03-06,9202
3669,圓展,31,16,15,凱基-中港,2024-03-06,9202
4543,萬在,27,12,15,凱基-中港,2024-03-06,9202
1101,台泥,21,7,14,凱基-中港,2024-03-06,9202
00632R,元大台灣50反1,2191,83,2108,凱基-中港,2024-03-07,9202
00679B,元大美債20年,413,84,329,凱基-中港,2024-03-07,9202
00680L,元大美債20正2,182,1,181,凱基-中港,2024-03-07,9202
00919,群益台灣精選高息,282,115,167,凱基-中港,2024-03-07,9202
6207,雷科,155,0,155,凱基-中港,2024-03-07,9202
00687B,國泰20年美債,109,19,90,凱基-中港,2024-03-07,9202
00706L,期元大S＆P日圓正2,95,7,88,凱基-中港,2024-03-07,9202
3546,宇峻,81,0,81,凱基-中港,2024-03-07,9202
2449,京元電子,94,19,75,凱基-中港,2024-03-07,9202
00637L,元大滬深300正2,68,1,67,凱基-中港,2024-03-07,9202
00937B,群益ESG投等債20,119,53,66,凱基-中港,2024-03-07,9202
00795B,中信美國公債20年,60,1,59,凱基-中港,2024-03-07,9202
00929,復華台灣科技優息,134,81,53,凱基-中港,2024-03-07,9202
00915,凱基優選高股息30,67,15,52,凱基-中港,2024-03-07,9202
00753L,中信中國50正2,52,0,52,凱基-中港,2024-03-07,9202
2882,國泰金,51,1,50,凱基-中港,2024-03-07,9202
5009,榮剛,50,2,48,凱基-中港,2024-03-07,9202
2382,廣達,51,4,47,凱基-中港,2024-03-07,9202
1785,光洋科,66,20,46,凱基-中港,2024-03-07,9202
2313,華通,70,26,44,凱基-中港,2024-03-07,9202
6141,柏承,44,0,44,凱基-中港,2024-03-07,9202
5443,均豪,44,4,40,凱基-中港,2024-03-07,9202
00931B,統一美債20年,36,0,36,凱基-中港,2024-03-07,9202
2324,仁寶,43,8,35,凱基-中港,2024-03-07,9202
2002A,中鋼特,35,0,35,凱基-中港,2024-03-07,9202
00878,國泰永續高股息,74,44,30,凱基-中港,2024-03-07,9202
5011,久陽,31,1,30,凱基-中港,2024-03-07,9202
6284,佳邦,30,0,30,凱基-中港,2024-03-07,9202
6125,廣運,65,35,30,凱基-中港,2024-03-07,9202
2610,華航,29,0,29,凱基-中港,2024-03-07,9202
2515,中工,28,1,27,凱基-中港,2024-03-07,9202
5452,佶優,32,6,26,凱基-中港,2024-03-07,9202
3078,僑威,26,1,25,凱基-中港,2024-03-07,9202
1316,上曜,172,149,23,凱基-中港,2024-03-07,9202
3564,其陽,43,20,23,凱基-中港,2024-03-07,9202
4111,濟生,23,0,23,凱基-中港,2024-03-07,9202
9907,統一實,24,1,23,凱基-中港,2024-03-07,9202
1717,長興,36,13,23,凱基-中港,2024-03-07,9202
8299,群聯,23,1,22,凱基-中港,2024-03-07,9202
2504,國產,24,2,22,凱基-中港,2024-03-07,9202
1515,力山,21,0,21,凱基-中港,2024-03-07,9202
6274,台燿,56,35,21,凱基-中港,2024-03-07,9202
1582,信錦,26,6,20,凱基-中港,2024-03-07,9202
3017,奇鋐,29,9,20,凱基-中港,2024-03-07,9202
3131,弘塑,18,0,18,凱基-中港,2024-03-07,9202
6217,中探針,20,2,18,凱基-中港,2024-03-07,9202
00935,野村臺灣新科技50,18,0,18,凱基-中港,2024-03-07,9202
1532,勤美,18,0,18,凱基-中港,2024-03-07,9202
3432,台端,18,0,18,凱基-中港,2024-03-07,9202
3050,鈺德,18,0,18,凱基-中港,2024-03-07,9202
00632R,元大台灣50反1,740,288,452,凱基-中港,2024-03-08,9202
00919,群益台灣精選高息,396,69,327,凱基-中港,2024-03-08,9202
00915,凱基優選高股息30,312,26,286,凱基-中港,2024-03-08,9202
3481,群創,222,27,195,凱基-中港,2024-03-08,9202
1101,台泥,115,2,113,凱基-中港,2024-03-08,9202
2002,中鋼,116,5,111,凱基-中港,2024-03-08,9202
6016,康和證,90,1,89,凱基-中港,2024-03-08,9202
2884,玉山金,102,13,89,凱基-中港,2024-03-08,9202
00712,復華富時不動產,83,1,82,凱基-中港,2024-03-08,9202
5009,榮剛,55,0,55,凱基-中港,2024-03-08,9202
6591,動力-KY,52,2,50,凱基-中港,2024-03-08,9202
2762,世界健身-KY,51,1,50,凱基-中港,2024-03-08,9202
1218,泰山,50,0,50,凱基-中港,2024-03-08,9202
2609,陽明,78,33,45,凱基-中港,2024-03-08,9202
1785,光洋科,52,8,44,凱基-中港,2024-03-08,9202
1316,上曜,128,84,44,凱基-中港,2024-03-08,9202
6005,群益證,55,14,41,凱基-中港,2024-03-08,9202
6743,安普新,38,0,38,凱基-中港,2024-03-08,9202
2834,臺企銀,51,15,36,凱基-中港,2024-03-08,9202
2356,英業達,40,4,36,凱基-中港,2024-03-08,9202
00885,富邦越南,53,18,35,凱基-中港,2024-03-08,9202
1815,富喬,40,8,32,凱基-中港,2024-03-08,9202
4994,傳奇,32,1,31,凱基-中港,2024-03-08,9202
6550,北極星藥業-KY,30,1,29,凱基-中港,2024-03-08,9202
3026,禾伸堂,29,0,29,凱基-中港,2024-03-08,9202
00882,中信中國高股息,30,2,28,凱基-中港,2024-03-08,9202
2344,華邦電,36,9,27,凱基-中港,2024-03-08,9202
2014,中鴻,27,1,26,凱基-中港,2024-03-08,9202
00931B,統一美債20年,25,0,25,凱基-中港,2024-03-08,9202
00937B,群益ESG投等債20,52,28,24,凱基-中港,2024-03-08,9202
1444,力麗,25,1,24,凱基-中港,2024-03-08,9202
3231,緯創,58,35,23,凱基-中港,2024-03-08,9202
2331,精英,22,0,22,凱基-中港,2024-03-08,9202
1524,耿鼎,21,0,21,凱基-中港,2024-03-08,9202
1907,永豐餘,21,0,21,凱基-中港,2024-03-08,9202
3041,揚智,22,2,20,凱基-中港,2024-03-08,9202
00671R,富邦NASDAQ反1,20,0,20,凱基-中港,2024-03-08,9202
3645,達邁,21,1,20,凱基-中港,2024-03-08,9202
00650L,復華香港正2,20,0,20,凱基-中港,2024-03-08,9202
8411,福貞-KY,20,0,20,凱基-中港,2024-03-08,9202
1301,台塑,20,1,19,凱基-中港,2024-03-08,9202
3131,弘塑,20,1,19,凱基-中港,2024-03-08,9202
00720B,元大投資級公司債,19,0,19,凱基-中港,2024-03-08,9202
9941,裕融,191,173,18,凱基-中港,2024-03-08,9202
4906,正文,23,5,18,凱基-中港,2024-03-08,9202
2353,宏��,50,32,18,凱基-中港,2024-03-08,9202
6217,中探針,22,4,18,凱基-中港,2024-03-08,9202
2441,超豐,30,13,17,凱基-中港,2024-03-08,9202
3006,晶豪科,15,0,15,凱基-中港,2024-03-08,9202
3491,昇達科,20,5,15,凱基-中港,2024-03-08,9202
00632R,元大台灣50反1,273,13,260,凱基-中港,2024-03-11,9202
8933,愛地雅,252,3,249,凱基-中港,2024-03-11,9202
2610,華航,134,3,131,凱基-中港,2024-03-11,9202
00919,群益台灣精選高息,415,321,94,凱基-中港,2024-03-11,9202
4714,永捷,92,0,92,凱基-中港,2024-03-11,9202
1514,亞力,81,3,78,凱基-中港,2024-03-11,9202
00664R,國泰臺灣加權反1,81,5,76,凱基-中港,2024-03-11,9202
00915,凱基優選高股息30,81,15,66,凱基-中港,2024-03-11,9202
3231,緯創,243,180,63,凱基-中港,2024-03-11,9202
3540,曜越,68,7,61,凱基-中港,2024-03-11,9202
2353,宏��,73,19,54,凱基-中港,2024-03-11,9202
00918,大華優利高填息30,52,2,50,凱基-中港,2024-03-11,9202
00687B,國泰20年美債,55,16,39,凱基-中港,2024-03-11,9202
00929,復華台灣科技優息,287,251,36,凱基-中港,2024-03-11,9202
00665L,富邦�琤肭磪囓�2,57,21,36,凱基-中港,2024-03-11,9202
2606,裕民,41,9,32,凱基-中港,2024-03-11,9202
4438,廣越,31,0,31,凱基-中港,2024-03-11,9202
2618,長榮航,36,6,30,凱基-中港,2024-03-11,9202
6116,彩晶,32,2,30,凱基-中港,2024-03-11,9202
9941,裕融,29,1,28,凱基-中港,2024-03-11,9202
00885,富邦越南,33,6,27,凱基-中港,2024-03-11,9202
5519,隆大,26,0,26,凱基-中港,2024-03-11,9202
1471,首利,24,0,24,凱基-中港,2024-03-11,9202
1473,台南,29,5,24,凱基-中港,2024-03-11,9202
00795B,中信美國公債20年,24,0,24,凱基-中港,2024-03-11,9202
3707,漢磊,43,20,23,凱基-中港,2024-03-11,9202
2834,臺企銀,24,1,23,凱基-中港,2024-03-11,9202
2316,楠梓電,21,1,20,凱基-中港,2024-03-11,9202
6192,巨路,19,0,19,凱基-中港,2024-03-11,9202
2363,矽統,21,3,18,凱基-中港,2024-03-11,9202
3006,晶豪科,19,1,18,凱基-中港,2024-03-11,9202
6216,居易,30,12,18,凱基-中港,2024-03-11,9202
1326,台化,21,3,18,凱基-中港,2024-03-11,9202
00922,國泰台灣領袖50,21,5,16,凱基-中港,2024-03-11,9202
6207,雷科,15,0,15,凱基-中港,2024-03-11,9202
6488,環球晶,15,0,15,凱基-中港,2024-03-11,9202
2344,華邦電,17,3,14,凱基-中港,2024-03-11,9202
1101,台泥,17,3,14,凱基-中港,2024-03-11,9202
6841,長佳智能,14,0,14,凱基-中港,2024-03-11,9202
6282,康舒,13,0,13,凱基-中港,2024-03-11,9202
6640,均華,13,0,13,凱基-中港,2024-03-11,9202
1303,南亞,14,1,13,凱基-中港,2024-03-11,9202
3711,日月光投控,12,0,12,凱基-中港,2024-03-11,9202
2367,燿華,80,68,12,凱基-中港,2024-03-11,9202
6616,特昇-KY,12,0,12,凱基-中港,2024-03-11,9202
2611,志信,15,3,12,凱基-中港,2024-03-11,9202
00637L,元大滬深300正2,64,52,12,凱基-中港,2024-03-11,9202
6015,宏遠證,14,2,12,凱基-中港,2024-03-11,9202
6757,台灣虎航,12,0,12,凱基-中港,2024-03-11,9202
8926,台汽電,22,11,11,凱基-中港,2024-03-11,9202
00632R,元大台灣50反1,657,134,523,凱基-中港,2024-03-12,9202
00857B,永豐20年美公債,265,50,215,凱基-中港,2024-03-12,9202
1514,亞力,146,31,115,凱基-中港,2024-03-12,9202
3512,皇龍,135,25,110,凱基-中港,2024-03-12,9202
6176,瑞儀,76,4,72,凱基-中港,2024-03-12,9202
01010T,京城樂富R1,68,0,68,凱基-中港,2024-03-12,9202
4906,正文,61,7,54,凱基-中港,2024-03-12,9202
2515,中工,54,0,54,凱基-中港,2024-03-12,9202
9945,潤泰新,61,9,52,凱基-中港,2024-03-12,9202
2851,中再保,50,1,49,凱基-中港,2024-03-12,9202
00687B,國泰20年美債,59,14,45,凱基-中港,2024-03-12,9202
3481,群創,43,1,42,凱基-中港,2024-03-12,9202
8936,國統,47,5,42,凱基-中港,2024-03-12,9202
00751B,元大AAA至A公司債,34,0,34,凱基-中港,2024-03-12,9202
00715L,期街口布蘭特正2,37,4,33,凱基-中港,2024-03-12,9202
00650L,復華香港正2,65,33,32,凱基-中港,2024-03-12,9202
4111,濟生,32,0,32,凱基-中港,2024-03-12,9202
00933B,國泰10Y+金融債,43,12,31,凱基-中港,2024-03-12,9202
2855,統一證,36,5,31,凱基-中港,2024-03-12,9202
8411,福貞-KY,30,0,30,凱基-中港,2024-03-12,9202
2009,第一銅,47,17,30,凱基-中港,2024-03-12,9202
6125,廣運,70,41,29,凱基-中港,2024-03-12,9202
2344,華邦電,28,0,28,凱基-中港,2024-03-12,9202
6005,群益證,34,7,27,凱基-中港,2024-03-12,9202
4513,福裕,28,2,26,凱基-中港,2024-03-12,9202
2371,大同,26,1,25,凱基-中港,2024-03-12,9202
3231,緯創,52,27,25,凱基-中港,2024-03-12,9202
2543,皇昌,37,15,22,凱基-中港,2024-03-12,9202
2025,千興,22,0,22,凱基-中港,2024-03-12,9202
2328,廣宇,22,1,21,凱基-中港,2024-03-12,9202
6147,頎邦,22,1,21,凱基-中港,2024-03-12,9202
9934,成霖,20,0,20,凱基-中港,2024-03-12,9202
1808,潤隆,40,20,20,凱基-中港,2024-03-12,9202
8092,建暐,20,0,20,凱基-中港,2024-03-12,9202
00915,凱基優選高股息30,28,9,19,凱基-中港,2024-03-12,9202
2488,漢平,21,3,18,凱基-中港,2024-03-12,9202
2301,光寶科,31,14,17,凱基-中港,2024-03-12,9202
00918,大華優利高填息30,17,0,17,凱基-中港,2024-03-12,9202
6197,佳必琪,20,4,16,凱基-中港,2024-03-12,9202
1316,上曜,46,31,15,凱基-中港,2024-03-12,9202
4907,富宇,15,0,15,凱基-中港,2024-03-12,9202
1815,富喬,23,9,14,凱基-中港,2024-03-12,9202
3434,哲固,14,0,14,凱基-中港,2024-03-12,9202
3540,曜越,17,3,14,凱基-中港,2024-03-12,9202
2845,遠東銀,14,1,13,凱基-中港,2024-03-12,9202
2367,燿華,29,16,13,凱基-中港,2024-03-12,9202
2330,台積電,23,11,12,凱基-中港,2024-03-12,9202
8050,廣積,15,3,12,凱基-中港,2024-03-12,9202
6171,大城地產,15,3,12,凱基-中港,2024-03-12,9202
2404,漢唐,21,9,12,凱基-中港,2024-03-12,9202
00919,群益台灣精選高息,336,64,272,凱基-中港,2024-03-13,9202
1712,興農,220,32,188,凱基-中港,2024-03-13,9202
00933B,國泰10Y+金融債,131,7,124,凱基-中港,2024-03-13,9202
00918,大華優利高填息30,122,13,109,凱基-中港,2024-03-13,9202
2609,陽明,92,25,67,凱基-中港,2024-03-13,9202
2610,華航,77,13,64,凱基-中港,2024-03-13,9202
1815,富喬,57,0,57,凱基-中港,2024-03-13,9202
00915,凱基優選高股息30,77,20,57,凱基-中港,2024-03-13,9202
4714,永捷,55,1,54,凱基-中港,2024-03-13,9202
1312,國喬,51,0,51,凱基-中港,2024-03-13,9202
6282,康舒,73,22,51,凱基-中港,2024-03-13,9202
2344,華邦電,54,9,45,凱基-中港,2024-03-13,9202
2353,宏��,63,19,44,凱基-中港,2024-03-13,9202
00857B,永豐20年美公債,49,9,40,凱基-中港,2024-03-13,9202
00680L,元大美債20正2,53,13,40,凱基-中港,2024-03-13,9202
3231,緯創,145,106,39,凱基-中港,2024-03-13,9202
2382,廣達,45,6,39,凱基-中港,2024-03-13,9202
3706,神達,121,83,38,凱基-中港,2024-03-13,9202
9943,好樂迪,36,0,36,凱基-中港,2024-03-13,9202
00687B,國泰20年美債,37,2,35,凱基-中港,2024-03-13,9202
2885,元大金,44,11,33,凱基-中港,2024-03-13,9202
00679B,元大美債20年,50,18,32,凱基-中港,2024-03-13,9202
1514,亞力,297,266,31,凱基-中港,2024-03-13,9202
00753L,中信中國50正2,50,20,30,凱基-中港,2024-03-13,9202
2732,六角,30,0,30,凱基-中港,2024-03-13,9202
3551,世禾,30,0,30,凱基-中港,2024-03-13,9202
4960,誠美材,30,0,30,凱基-中港,2024-03-13,9202
2409,友達,34,6,28,凱基-中港,2024-03-13,9202
00929,復華台灣科技優息,145,118,27,凱基-中港,2024-03-13,9202
8936,國統,29,3,26,凱基-中港,2024-03-13,9202
00795B,中信美國公債20年,26,0,26,凱基-中港,2024-03-13,9202
1609,大亞,57,31,26,凱基-中港,2024-03-13,9202
1513,中興電,368,343,25,凱基-中港,2024-03-13,9202
6785,昱展新藥,25,1,24,凱基-中港,2024-03-13,9202
6016,康和證,29,5,24,凱基-中港,2024-03-13,9202
2365,昆盈,33,10,23,凱基-中港,2024-03-13,9202
00665L,富邦�琤肭磪囓�2,30,8,22,凱基-中港,2024-03-13,9202
2387,精元,23,1,22,凱基-中港,2024-03-13,9202
4503,金雨,22,0,22,凱基-中港,2024-03-13,9202
2882,國泰金,40,19,21,凱基-中港,2024-03-13,9202
00937B,群益ESG投等債20,101,80,21,凱基-中港,2024-03-13,9202
00664R,國泰臺灣加權反1,21,0,21,凱基-中港,2024-03-13,9202
2337,旺宏,20,0,20,凱基-中港,2024-03-13,9202
2887,台新金,20,0,20,凱基-中港,2024-03-13,9202
6015,宏遠證,22,2,20,凱基-中港,2024-03-13,9202
6209,今國光,20,0,20,凱基-中港,2024-03-13,9202
1612,宏泰,20,0,20,凱基-中港,2024-03-13,9202
1907,永豐餘,20,0,20,凱基-中港,2024-03-13,9202
00676R,富邦臺灣加權反1,20,0,20,凱基-中港,2024-03-13,9202
8411,福貞-KY,20,0,20,凱基-中港,2024-03-13,9202
00665L,富邦�琤肭磪囓�2,529,67,462,凱基-中港,2024-03-14,9202
00919,群益台灣精選高息,532,302,230,凱基-中港,2024-03-14,9202
00915,凱基優選高股息30,207,6,201,凱基-中港,2024-03-14,9202
2609,陽明,155,3,152,凱基-中港,2024-03-14,9202
00753L,中信中國50正2,113,6,107,凱基-中港,2024-03-14,9202
00937B,群益ESG投等債20,113,13,100,凱基-中港,2024-03-14,9202
00918,大華優利高填息30,85,4,81,凱基-中港,2024-03-14,9202
6629,泰金-KY,71,0,71,凱基-中港,2024-03-14,9202
1103,嘉泥,50,0,50,凱基-中港,2024-03-14,9202
6949,沛爾生醫-創,48,0,48,凱基-中港,2024-03-14,9202
5347,世界,52,9,43,凱基-中港,2024-03-14,9202
00720B,元大投資級公司債,53,10,43,凱基-中港,2024-03-14,9202
3706,神達,61,18,43,凱基-中港,2024-03-14,9202
1605,華新,49,10,39,凱基-中港,2024-03-14,9202
1101,台泥,35,0,35,凱基-中港,2024-03-14,9202
8936,國統,33,2,31,凱基-中港,2024-03-14,9202
1109,信大,32,2,30,凱基-中港,2024-03-14,9202
2888,新光金,42,14,28,凱基-中港,2024-03-14,9202
2615,萬海,34,7,27,凱基-中港,2024-03-14,9202
5452,佶優,27,0,27,凱基-中港,2024-03-14,9202
3005,神基,37,10,27,凱基-中港,2024-03-14,9202
00687B,國泰20年美債,34,8,26,凱基-中港,2024-03-14,9202
1524,耿鼎,26,1,25,凱基-中港,2024-03-14,9202
1316,上曜,98,74,24,凱基-中港,2024-03-14,9202
2354,鴻準,40,17,23,凱基-中港,2024-03-14,9202
6005,群益證,50,28,22,凱基-中港,2024-03-14,9202
8040,九暘,30,8,22,凱基-中港,2024-03-14,9202
8426,紅木-KY,22,1,21,凱基-中港,2024-03-14,9202
2892,第一金,24,3,21,凱基-中港,2024-03-14,9202
6139,亞翔,25,4,21,凱基-中港,2024-03-14,9202
2108,南帝,20,0,20,凱基-中港,2024-03-14,9202
6248,沛波,20,0,20,凱基-中港,2024-03-14,9202
00751B,元大AAA至A公司債,20,0,20,凱基-中港,2024-03-14,9202
00637L,元大滬深300正2,50,31,19,凱基-中港,2024-03-14,9202
8110,華東,21,2,19,凱基-中港,2024-03-14,9202
2353,宏��,20,2,18,凱基-中港,2024-03-14,9202
00857B,永豐20年美公債,17,0,17,凱基-中港,2024-03-14,9202
1712,興農,31,14,17,凱基-中港,2024-03-14,9202
00688L,國泰20年美債正2,16,0,16,凱基-中港,2024-03-14,9202
9927,泰銘,16,0,16,凱基-中港,2024-03-14,9202
2501,國建,15,0,15,凱基-中港,2024-03-14,9202
2382,廣達,24,9,15,凱基-中港,2024-03-14,9202
2356,英業達,19,5,14,凱基-中港,2024-03-14,9202
3013,晟銘電,14,0,14,凱基-中港,2024-03-14,9202
6125,廣運,37,23,14,凱基-中港,2024-03-14,9202
00891,中信關鍵半導體,21,8,13,凱基-中港,2024-03-14,9202
00680L,元大美債20正2,20,7,13,凱基-中港,2024-03-14,9202
3227,原相,13,0,13,凱基-中港,2024-03-14,9202
3702,大聯大,12,0,12,凱基-中港,2024-03-14,9202
2371,大同,13,1,12,凱基-中港,2024-03-14,9202
00937B,群益ESG投等債20,391,48,343,凱基-中港,2024-03-15,9202
00919,群益台灣精選高息,309,25,284,凱基-中港,2024-03-15,9202
2834,臺企銀,195,39,156,凱基-中港,2024-03-15,9202
00918,大華優利高填息30,107,0,107,凱基-中港,2024-03-15,9202
2610,華航,82,1,81,凱基-中港,2024-03-15,9202
2618,長榮航,95,18,77,凱基-中港,2024-03-15,9202
2603,長榮,514,441,73,凱基-中港,2024-03-15,9202
6005,群益證,64,3,61,凱基-中港,2024-03-15,9202
2609,陽明,123,64,59,凱基-中港,2024-03-15,9202
3481,群創,88,31,57,凱基-中港,2024-03-15,9202
4306,炎洲,58,2,56,凱基-中港,2024-03-15,9202
8936,國統,66,13,53,凱基-中港,2024-03-15,9202
6202,盛群,55,7,48,凱基-中港,2024-03-15,9202
00687B,國泰20年美債,46,0,46,凱基-中港,2024-03-15,9202
4109,加捷生醫,44,0,44,凱基-中港,2024-03-15,9202
00915,凱基優選高股息30,45,2,43,凱基-中港,2024-03-15,9202
2323,中環,42,4,38,凱基-中港,2024-03-15,9202
1103,嘉泥,37,0,37,凱基-中港,2024-03-15,9202
00679B,元大美債20年,37,1,36,凱基-中港,2024-03-15,9202
2615,萬海,68,34,34,凱基-中港,2024-03-15,9202
00857B,永豐20年美公債,34,1,33,凱基-中港,2024-03-15,9202
2031,新光鋼,34,5,29,凱基-中港,2024-03-15,9202
6485,點序,26,0,26,凱基-中港,2024-03-15,9202
2328,廣宇,26,0,26,凱基-中港,2024-03-15,9202
1301,台塑,27,4,23,凱基-中港,2024-03-15,9202
00712,復華富時不動產,38,15,23,凱基-中港,2024-03-15,9202
1303,南亞,24,1,23,凱基-中港,2024-03-15,9202
00751B,元大AAA至A公司債,18,0,18,凱基-中港,2024-03-15,9202
6949,沛爾生醫-創,18,0,18,凱基-中港,2024-03-15,9202
00665L,富邦�琤肭磪囓�2,18,0,18,凱基-中港,2024-03-15,9202
3163,波若威,24,6,18,凱基-中港,2024-03-15,9202
4906,正文,17,0,17,凱基-中港,2024-03-15,9202
2014,中鴻,22,5,17,凱基-中港,2024-03-15,9202
3014,聯陽,20,3,17,凱基-中港,2024-03-15,9202
2239,英利-KY,16,0,16,凱基-中港,2024-03-15,9202
00720B,元大投資級公司債,14,0,14,凱基-中港,2024-03-15,9202
6187,萬潤,18,4,14,凱基-中港,2024-03-15,9202
3005,神基,16,2,14,凱基-中港,2024-03-15,9202
00907,永豐優息存股,13,0,13,凱基-中港,2024-03-15,9202
00688L,國泰20年美債正2,13,0,13,凱基-中港,2024-03-15,9202
2511,太子,13,0,13,凱基-中港,2024-03-15,9202
2236,百達-KY,12,0,12,凱基-中港,2024-03-15,9202
2887,台新金,11,0,11,凱基-中港,2024-03-15,9202
00929,復華台灣科技優息,236,225,11,凱基-中港,2024-03-15,9202
2002,中鋼,21,11,10,凱基-中港,2024-03-15,9202
6770,力積電,11,1,10,凱基-中港,2024-03-15,9202
1504,東元,12,2,10,凱基-中港,2024-03-15,9202
3628,盈正,10,0,10,凱基-中港,2024-03-15,9202
6148,驊宏資,10,0,10,凱基-中港,2024-03-15,9202
2851,中再保,10,0,10,凱基-中港,2024-03-15,9202
00632R,元大台灣50反1,2623,57,2566,凱基-中港,2024-03-18,9202
00941,中信上游半導體,160,20,140,凱基-中港,2024-03-18,9202
00665L,富邦�琤肭磪囓�2,111,0,111,凱基-中港,2024-03-18,9202
00753L,中信中國50正2,100,3,97,凱基-中港,2024-03-18,9202
2329,華泰,115,24,91,凱基-中港,2024-03-18,9202
2834,臺企銀,106,16,90,凱基-中港,2024-03-18,9202
2609,陽明,73,13,60,凱基-中港,2024-03-18,9202
2443,昶虹,60,0,60,凱基-中港,2024-03-18,9202
2885,元大金,49,2,47,凱基-中港,2024-03-18,9202
00687B,國泰20年美債,103,60,43,凱基-中港,2024-03-18,9202
3005,神基,52,12,40,凱基-中港,2024-03-18,9202
00664R,國泰臺灣加權反1,40,1,39,凱基-中港,2024-03-18,9202
1314,中石化,40,1,39,凱基-中港,2024-03-18,9202
3312,弘憶股,40,1,39,凱基-中港,2024-03-18,9202
2855,統一證,38,0,38,凱基-中港,2024-03-18,9202
3264,欣銓,52,17,35,凱基-中港,2024-03-18,9202
3033,威健,37,2,35,凱基-中港,2024-03-18,9202
00937B,群益ESG投等債20,39,5,34,凱基-中港,2024-03-18,9202
4973,廣穎,34,0,34,凱基-中港,2024-03-18,9202
00857B,永豐20年美公債,34,1,33,凱基-中港,2024-03-18,9202
2618,長榮航,32,1,31,凱基-中港,2024-03-18,9202
00650L,復華香港正2,31,0,31,凱基-中港,2024-03-18,9202
00929,復華台灣科技優息,61,30,31,凱基-中港,2024-03-18,9202
00679B,元大美債20年,32,2,30,凱基-中港,2024-03-18,9202
00918,大華優利高填息30,83,54,29,凱基-中港,2024-03-18,9202
1532,勤美,30,3,27,凱基-中港,2024-03-18,9202
00933B,國泰10Y+金融債,25,0,25,凱基-中港,2024-03-18,9202
00902,中信電池及儲能,25,1,24,凱基-中港,2024-03-18,9202
2889,國票金,24,0,24,凱基-中港,2024-03-18,9202
6116,彩晶,33,11,22,凱基-中港,2024-03-18,9202
4513,福裕,23,1,22,凱基-中港,2024-03-18,9202
9938,百和,22,0,22,凱基-中港,2024-03-18,9202
2801,彰銀,22,0,22,凱基-中港,2024-03-18,9202
00751B,元大AAA至A公司債,21,0,21,凱基-中港,2024-03-18,9202
2382,廣達,33,12,21,凱基-中港,2024-03-18,9202
2357,華碩,22,2,20,凱基-中港,2024-03-18,9202
2374,佳能,20,0,20,凱基-中港,2024-03-18,9202
2884,玉山金,25,6,19,凱基-中港,2024-03-18,9202
1609,大亞,22,4,18,凱基-中港,2024-03-18,9202
2105,正新,25,8,17,凱基-中港,2024-03-18,9202
2330,台積電,19,2,17,凱基-中港,2024-03-18,9202
4420,光明,17,1,16,凱基-中港,2024-03-18,9202
2537,聯上發,15,0,15,凱基-中港,2024-03-18,9202
3167,大量,15,0,15,凱基-中港,2024-03-18,9202
3714,富采,15,0,15,凱基-中港,2024-03-18,9202
6235,華孚,21,6,15,凱基-中港,2024-03-18,9202
1444,力麗,14,0,14,凱基-中港,2024-03-18,9202
1514,亞力,80,66,14,凱基-中港,2024-03-18,9202
2762,世界健身-KY,20,6,14,凱基-中港,2024-03-18,9202
2515,中工,35,21,14,凱基-中港,2024-03-18,9202
2762,世界健身-KY,94,2,92,凱基-中港,2024-03-19,9202
00941,中信上游半導體,80,0,80,凱基-中港,2024-03-19,9202
4938,和碩,110,33,77,凱基-中港,2024-03-19,9202
2888,新光金,76,0,76,凱基-中港,2024-03-19,9202
6949,沛爾生醫-創,75,0,75,凱基-中港,2024-03-19,9202
00687B,國泰20年美債,85,10,75,凱基-中港,2024-03-19,9202
00673R,期元大S＆P原油反1,69,0,69,凱基-中港,2024-03-19,9202
4714,永捷,70,1,69,凱基-中港,2024-03-19,9202
1444,力麗,61,0,61,凱基-中港,2024-03-19,9202
2443,昶虹,60,0,60,凱基-中港,2024-03-19,9202
9105,泰金寶-DR,55,0,55,凱基-中港,2024-03-19,9202
00680L,元大美債20正2,43,0,43,凱基-中港,2024-03-19,9202
6207,雷科,33,0,33,凱基-中港,2024-03-19,9202
00679B,元大美債20年,35,4,31,凱基-中港,2024-03-19,9202
3576,聯合再生,31,0,31,凱基-中港,2024-03-19,9202
1108,幸福,30,0,30,凱基-中港,2024-03-19,9202
6139,亞翔,34,4,30,凱基-中港,2024-03-19,9202
3714,富采,26,0,26,凱基-中港,2024-03-19,9202
2323,中環,26,2,24,凱基-中港,2024-03-19,9202
1316,上曜,30,8,22,凱基-中港,2024-03-19,9202
2009,第一銅,32,10,22,凱基-中港,2024-03-19,9202
2354,鴻準,42,20,22,凱基-中港,2024-03-19,9202
00919,群益台灣精選高息,86,65,21,凱基-中港,2024-03-19,9202
2618,長榮航,26,5,21,凱基-中港,2024-03-19,9202
6753,龍德造船,65,44,21,凱基-中港,2024-03-19,9202
8411,福貞-KY,20,0,20,凱基-中港,2024-03-19,9202
6005,群益證,70,50,20,凱基-中港,2024-03-19,9202
00650L,復華香港正2,19,0,19,凱基-中港,2024-03-19,9202
6125,廣運,40,22,18,凱基-中港,2024-03-19,9202
2353,宏��,22,4,18,凱基-中港,2024-03-19,9202
2474,可成,18,1,17,凱基-中港,2024-03-19,9202
00688L,國泰20年美債正2,17,0,17,凱基-中港,2024-03-19,9202
5347,世界,45,28,17,凱基-中港,2024-03-19,9202
6462,神盾,73,57,16,凱基-中港,2024-03-19,9202
2845,遠東銀,16,0,16,凱基-中港,2024-03-19,9202
4111,濟生,16,0,16,凱基-中港,2024-03-19,9202
1722,台肥,15,0,15,凱基-中港,2024-03-19,9202
2328,廣宇,16,1,15,凱基-中港,2024-03-19,9202
6288,聯嘉,16,1,15,凱基-中港,2024-03-19,9202
3622,洋華,14,0,14,凱基-中港,2024-03-19,9202
1513,中興電,31,17,14,凱基-中港,2024-03-19,9202
2409,友達,13,0,13,凱基-中港,2024-03-19,9202
6285,啟��,17,4,13,凱基-中港,2024-03-19,9202
2329,華泰,21,9,12,凱基-中港,2024-03-19,9202
9945,潤泰新,14,2,12,凱基-中港,2024-03-19,9202
1608,華榮,14,2,12,凱基-中港,2024-03-19,9202
3017,奇鋐,17,5,12,凱基-中港,2024-03-19,9202
2356,英業達,46,35,11,凱基-中港,2024-03-19,9202
5443,均豪,32,21,11,凱基-中港,2024-03-19,9202
1718,中纖,11,0,11,凱基-中港,2024-03-19,9202
00939,統一台灣高息動能,667,222,445,凱基-中港,2024-03-20,9202
00919,群益台灣精選高息,295,156,139,凱基-中港,2024-03-20,9202
00937B,群益ESG投等債20,157,24,133,凱基-中港,2024-03-20,9202
2888,新光金,118,1,117,凱基-中港,2024-03-20,9202
2762,世界健身-KY,72,4,68,凱基-中港,2024-03-20,9202
2002,中鋼,66,1,65,凱基-中港,2024-03-20,9202
2344,華邦電,82,19,63,凱基-中港,2024-03-20,9202
2618,長榮航,58,1,57,凱基-中港,2024-03-20,9202
3322,建舜電,60,4,56,凱基-中港,2024-03-20,9202
00664R,國泰臺灣加權反1,55,0,55,凱基-中港,2024-03-20,9202
00930,永豐ESG低碳高息,51,0,51,凱基-中港,2024-03-20,9202
2443,昶虹,48,0,48,凱基-中港,2024-03-20,9202
6005,群益證,67,20,47,凱基-中港,2024-03-20,9202
2352,佳世達,61,14,47,凱基-中港,2024-03-20,9202
2883,凱基金,94,52,42,凱基-中港,2024-03-20,9202
3481,群創,98,60,38,凱基-中港,2024-03-20,9202
2317,鴻海,107,69,38,凱基-中港,2024-03-20,9202
4714,永捷,32,0,32,凱基-中港,2024-03-20,9202
1524,耿鼎,37,5,32,凱基-中港,2024-03-20,9202
00687B,國泰20年美債,32,0,32,凱基-中港,2024-03-20,9202
3231,緯創,112,82,30,凱基-中港,2024-03-20,9202
00712,復華富時不動產,54,30,24,凱基-中港,2024-03-20,9202
4958,臻鼎-KY,32,8,24,凱基-中港,2024-03-20,9202
00857B,永豐20年美公債,33,9,24,凱基-中港,2024-03-20,9202
2313,華通,36,12,24,凱基-中港,2024-03-20,9202
2337,旺宏,23,0,23,凱基-中港,2024-03-20,9202
6596,寬宏藝術,22,0,22,凱基-中港,2024-03-20,9202
3622,洋華,20,0,20,凱基-中港,2024-03-20,9202
00650L,復華香港正2,40,20,20,凱基-中港,2024-03-20,9202
1103,嘉泥,20,0,20,凱基-中港,2024-03-20,9202
1326,台化,25,6,19,凱基-中港,2024-03-20,9202
2615,萬海,28,10,18,凱基-中港,2024-03-20,9202
8054,安國,73,55,18,凱基-中港,2024-03-20,9202
2903,遠百,21,3,18,凱基-中港,2024-03-20,9202
00929,復華台灣科技優息,46,28,18,凱基-中港,2024-03-20,9202
3131,弘塑,17,0,17,凱基-中港,2024-03-20,9202
00882,中信中國高股息,22,5,17,凱基-中港,2024-03-20,9202
00680L,元大美債20正2,17,0,17,凱基-中港,2024-03-20,9202
3078,僑威,19,3,16,凱基-中港,2024-03-20,9202
6735,美達科技,16,0,16,凱基-中港,2024-03-20,9202
2356,英業達,62,47,15,凱基-中港,2024-03-20,9202
1101,台泥,20,5,15,凱基-中港,2024-03-20,9202
6141,柏承,15,0,15,凱基-中港,2024-03-20,9202
00887,永豐中國科技50大,15,0,15,凱基-中港,2024-03-20,9202
2453,凌群,16,1,15,凱基-中港,2024-03-20,9202
3005,神基,55,40,15,凱基-中港,2024-03-20,9202
1301,台塑,15,0,15,凱基-中港,2024-03-20,9202
2610,華航,14,0,14,凱基-中港,2024-03-20,9202
8358,金居,14,0,14,凱基-中港,2024-03-20,9202
2014,中鴻,13,0,13,凱基-中港,2024-03-20,9202
00632R,元大台灣50反1,843,174,669,凱基-中港,2024-03-21,9202
00680L,元大美債20正2,574,0,574,凱基-中港,2024-03-21,9202
00919,群益台灣精選高息,226,60,166,凱基-中港,2024-03-21,9202
00679B,元大美債20年,98,2,96,凱基-中港,2024-03-21,9202
00687B,國泰20年美債,94,1,93,凱基-中港,2024-03-21,9202
3260,威剛,104,16,88,凱基-中港,2024-03-21,9202
2106,建大,80,0,80,凱基-中港,2024-03-21,9202
8096,擎亞,80,3,77,凱基-中港,2024-03-21,9202
00857B,永豐20年美公債,72,1,71,凱基-中港,2024-03-21,9202
4157,太景*-KY,67,0,67,凱基-中港,2024-03-21,9202
00939,統一台灣高息動能,329,266,63,凱基-中港,2024-03-21,9202
2330,台積電,87,28,59,凱基-中港,2024-03-21,9202
00664R,國泰臺灣加權反1,60,6,54,凱基-中港,2024-03-21,9202
8936,國統,89,38,51,凱基-中港,2024-03-21,9202
3231,緯創,74,24,50,凱基-中港,2024-03-21,9202
00937B,群益ESG投等債20,50,0,50,凱基-中港,2024-03-21,9202
6197,佳必琪,41,1,40,凱基-中港,2024-03-21,9202
2031,新光鋼,40,1,39,凱基-中港,2024-03-21,9202
6026,福邦證,36,2,34,凱基-中港,2024-03-21,9202
3706,神達,190,159,31,凱基-中港,2024-03-21,9202
1103,嘉泥,30,0,30,凱基-中港,2024-03-21,9202
00640L,富邦日本正2,30,0,30,凱基-中港,2024-03-21,9202
00688L,國泰20年美債正2,28,0,28,凱基-中港,2024-03-21,9202
1702,南僑,30,2,28,凱基-中港,2024-03-21,9202
2834,臺企銀,51,24,27,凱基-中港,2024-03-21,9202
3694,海華,35,8,27,凱基-中港,2024-03-21,9202
0056,元大高股息,48,22,26,凱基-中港,2024-03-21,9202
2762,世界健身-KY,40,14,26,凱基-中港,2024-03-21,9202
2323,中環,25,0,25,凱基-中港,2024-03-21,9202
2634,漢翔,30,5,25,凱基-中港,2024-03-21,9202
00725B,國泰投資級公司債,20,0,20,凱基-中港,2024-03-21,9202
1789,神隆,20,0,20,凱基-中港,2024-03-21,9202
2332,友訊,20,0,20,凱基-中港,2024-03-21,9202
5498,凱崴,20,1,19,凱基-中港,2024-03-21,9202
00753L,中信中國50正2,21,2,19,凱基-中港,2024-03-21,9202
1616,億泰,19,0,19,凱基-中港,2024-03-21,9202
2618,長榮航,21,2,19,凱基-中港,2024-03-21,9202
1609,大亞,31,13,18,凱基-中港,2024-03-21,9202
2405,輔信,55,37,18,凱基-中港,2024-03-21,9202
4906,正文,18,0,18,凱基-中港,2024-03-21,9202
9934,成霖,19,1,18,凱基-中港,2024-03-21,9202
6209,今國光,20,2,18,凱基-中港,2024-03-21,9202
2454,聯發科,22,5,17,凱基-中港,2024-03-21,9202
4938,和碩,39,22,17,凱基-中港,2024-03-21,9202
3033,威健,32,15,17,凱基-中港,2024-03-21,9202
00930,永豐ESG低碳高息,16,0,16,凱基-中港,2024-03-21,9202
3060,銘異,15,0,15,凱基-中港,2024-03-21,9202
00671R,富邦NASDAQ反1,15,0,15,凱基-中港,2024-03-21,9202
00652,富邦印度,15,0,15,凱基-中港,2024-03-21,9202
6219,富旺,15,0,15,凱基-中港,2024-03-21,9202
00941,中信上游半導體,500,21,479,凱基-中港,2024-03-22,9202
2330,台積電,237,8,229,凱基-中港,2024-03-22,9202
00939,統一台灣高息動能,275,57,218,凱基-中港,2024-03-22,9202
5871,中租-KY,108,0,108,凱基-中港,2024-03-22,9202
2353,宏��,159,84,75,凱基-中港,2024-03-22,9202
3706,神達,156,90,66,凱基-中港,2024-03-22,9202
00937B,群益ESG投等債20,72,7,65,凱基-中港,2024-03-22,9202
00650L,復華香港正2,61,0,61,凱基-中港,2024-03-22,9202
2618,長榮航,58,4,54,凱基-中港,2024-03-22,9202
4157,太景*-KY,52,0,52,凱基-中港,2024-03-22,9202
2344,華邦電,96,53,43,凱基-中港,2024-03-22,9202
1513,中興電,55,12,43,凱基-中港,2024-03-22,9202
2609,陽明,33,1,32,凱基-中港,2024-03-22,9202
00927,群益半導體收益,44,12,32,凱基-中港,2024-03-22,9202
00753L,中信中國50正2,32,0,32,凱基-中港,2024-03-22,9202
2365,昆盈,71,40,31,凱基-中港,2024-03-22,9202
2603,長榮,69,40,29,凱基-中港,2024-03-22,9202
3545,敦泰,33,4,29,凱基-中港,2024-03-22,9202
8473,山林水,34,5,29,凱基-中港,2024-03-22,9202
00680L,元大美債20正2,29,0,29,凱基-中港,2024-03-22,9202
8112,至上,36,8,28,凱基-中港,2024-03-22,9202
00687B,國泰20年美債,29,1,28,凱基-中港,2024-03-22,9202
2406,國碩,51,23,28,凱基-中港,2024-03-22,9202
2376,技嘉,186,160,26,凱基-中港,2024-03-22,9202
3694,海華,31,5,26,凱基-中港,2024-03-22,9202
6163,華電網,26,1,25,凱基-中港,2024-03-22,9202
6147,頎邦,25,0,25,凱基-中港,2024-03-22,9202
2867,三商壽,21,0,21,凱基-中港,2024-03-22,9202
1515,力山,23,2,21,凱基-中港,2024-03-22,9202
1608,華榮,20,1,19,凱基-中港,2024-03-22,9202
00926,凱基全球菁英55,20,2,18,凱基-中港,2024-03-22,9202
2352,佳世達,21,3,18,凱基-中港,2024-03-22,9202
3704,合勤控,59,41,18,凱基-中港,2024-03-22,9202
6596,寬宏藝術,17,0,17,凱基-中港,2024-03-22,9202
3062,建漢,57,40,17,凱基-中港,2024-03-22,9202
6443,元晶,50,34,16,凱基-中港,2024-03-22,9202
3006,晶豪科,21,6,15,凱基-中港,2024-03-22,9202
2880,華南金,15,0,15,凱基-中港,2024-03-22,9202
1717,長興,15,0,15,凱基-中港,2024-03-22,9202
6230,尼得科超眾,15,0,15,凱基-中港,2024-03-22,9202
1307,三芳,15,1,14,凱基-中港,2024-03-22,9202
6187,萬潤,14,0,14,凱基-中港,2024-03-22,9202
1101,台泥,20,6,14,凱基-中港,2024-03-22,9202
6026,福邦證,16,3,13,凱基-中港,2024-03-22,9202
3005,神基,22,9,13,凱基-中港,2024-03-22,9202
6488,環球晶,15,2,13,凱基-中港,2024-03-22,9202
3622,洋華,15,2,13,凱基-中港,2024-03-22,9202
6122,擎邦,15,2,13,凱基-中港,2024-03-22,9202
00679B,元大美債20年,13,1,12,凱基-中港,2024-03-22,9202
6414,樺漢,16,4,12,凱基-中港,2024-03-22,9202
00937B,群益ESG投等債20,187,12,175,凱基-中港,2024-03-25,9202
00939,統一台灣高息動能,289,139,150,凱基-中港,2024-03-25,9202
3062,建漢,299,154,145,凱基-中港,2024-03-25,9202
00632R,元大台灣50反1,162,38,124,凱基-中港,2024-03-25,9202
8935,邦泰,95,0,95,凱基-中港,2024-03-25,9202
00941,中信上游半導體,165,83,82,凱基-中港,2024-03-25,9202
00919,群益台灣精選高息,96,16,80,凱基-中港,2024-03-25,9202
2356,英業達,203,125,78,凱基-中港,2024-03-25,9202
1717,長興,72,4,68,凱基-中港,2024-03-25,9202
2301,光寶科,66,14,52,凱基-中港,2024-03-25,9202
2762,世界健身-KY,83,32,51,凱基-中港,2024-03-25,9202
2886,兆豐金,50,0,50,凱基-中港,2024-03-25,9202
2834,臺企銀,50,0,50,凱基-中港,2024-03-25,9202
2888,新光金,46,0,46,凱基-中港,2024-03-25,9202
00712,復華富時不動產,40,1,39,凱基-中港,2024-03-25,9202
2867,三商壽,35,0,35,凱基-中港,2024-03-25,9202
2352,佳世達,32,2,30,凱基-中港,2024-03-25,9202
2633,台灣高鐵,33,3,30,凱基-中港,2024-03-25,9202
2330,台積電,35,5,30,凱基-中港,2024-03-25,9202
3059,華晶科,52,23,29,凱基-中港,2024-03-25,9202
2355,敬鵬,28,0,28,凱基-中港,2024-03-25,9202
4109,加捷生醫,29,1,28,凱基-中港,2024-03-25,9202
00679B,元大美債20年,43,16,27,凱基-中港,2024-03-25,9202
2367,燿華,114,88,26,凱基-中港,2024-03-25,9202
3557,嘉威,21,0,21,凱基-中港,2024-03-25,9202
4541,晟田,26,5,21,凱基-中港,2024-03-25,9202
1504,東元,29,8,21,凱基-中港,2024-03-25,9202
00926,凱基全球菁英55,20,0,20,凱基-中港,2024-03-25,9202
6026,福邦證,20,0,20,凱基-中港,2024-03-25,9202
3390,旭軟,20,0,20,凱基-中港,2024-03-25,9202
6165,浪凡,20,0,20,凱基-中港,2024-03-25,9202
4157,太景*-KY,20,0,20,凱基-中港,2024-03-25,9202
00650L,復華香港正2,20,0,20,凱基-中港,2024-03-25,9202
3231,緯創,31,12,19,凱基-中港,2024-03-25,9202
2405,輔信,20,1,19,凱基-中港,2024-03-25,9202
3706,神達,33,14,19,凱基-中港,2024-03-25,9202
2615,萬海,50,32,18,凱基-中港,2024-03-25,9202
1609,大亞,574,556,18,凱基-中港,2024-03-25,9202
1304,台聚,17,0,17,凱基-中港,2024-03-25,9202
00687B,國泰20年美債,20,3,17,凱基-中港,2024-03-25,9202
3005,神基,32,15,17,凱基-中港,2024-03-25,9202
3708,上緯投控,17,1,16,凱基-中港,2024-03-25,9202
8358,金居,20,5,15,凱基-中港,2024-03-25,9202
1227,佳格,15,0,15,凱基-中港,2024-03-25,9202
1722,台肥,15,0,15,凱基-中港,2024-03-25,9202
2363,矽統,14,0,14,凱基-中港,2024-03-25,9202
8050,廣積,14,1,13,凱基-中港,2024-03-25,9202
4111,濟生,13,0,13,凱基-中港,2024-03-25,9202
00918,大華優利高填息30,14,1,13,凱基-中港,2024-03-25,9202
1536,和大,12,0,12,凱基-中港,2024-03-25,9202
2358,廷鑫,287,0,287,凱基-中港,2024-03-26,9202
2330,台積電,184,16,168,凱基-中港,2024-03-26,9202
00939,統一台灣高息動能,329,190,139,凱基-中港,2024-03-26,9202
00937B,群益ESG投等債20,117,0,117,凱基-中港,2024-03-26,9202
00919,群益台灣精選高息,206,90,116,凱基-中港,2024-03-26,9202
3481,群創,118,15,103,凱基-中港,2024-03-26,9202
6163,華電網,81,9,72,凱基-中港,2024-03-26,9202
6165,浪凡,60,0,60,凱基-中港,2024-03-26,9202
2303,聯電,90,32,58,凱基-中港,2024-03-26,9202
00680L,元大美債20正2,55,0,55,凱基-中港,2024-03-26,9202
6125,廣運,93,42,51,凱基-中港,2024-03-26,9202
2356,英業達,79,31,48,凱基-中港,2024-03-26,9202
1101,台泥,53,5,48,凱基-中港,2024-03-26,9202
4960,誠美材,39,0,39,凱基-中港,2024-03-26,9202
2365,昆盈,92,54,38,凱基-中港,2024-03-26,9202
6187,萬潤,39,1,38,凱基-中港,2024-03-26,9202
00918,大華優利高填息30,45,10,35,凱基-中港,2024-03-26,9202
00679B,元大美債20年,35,1,34,凱基-中港,2024-03-26,9202
2388,威盛,43,10,33,凱基-中港,2024-03-26,9202
4526,東台,38,7,31,凱基-中港,2024-03-26,9202
2049,上銀,26,0,26,凱基-中港,2024-03-26,9202
6770,力積電,26,1,25,凱基-中港,2024-03-26,9202
2353,宏��,56,35,21,凱基-中港,2024-03-26,9202
6485,點序,21,0,21,凱基-中港,2024-03-26,9202
1513,中興電,58,38,20,凱基-中港,2024-03-26,9202
1504,東元,41,22,19,凱基-中港,2024-03-26,9202
6488,環球晶,20,1,19,凱基-中港,2024-03-26,9202
3056,富華新,20,1,19,凱基-中港,2024-03-26,9202
2609,陽明,90,72,18,凱基-中港,2024-03-26,9202
8411,福貞-KY,17,0,17,凱基-中港,2024-03-26,9202
2439,美律,17,0,17,凱基-中港,2024-03-26,9202
2313,華通,32,15,17,凱基-中港,2024-03-26,9202
6743,安普新,16,0,16,凱基-中港,2024-03-26,9202
5011,久陽,16,0,16,凱基-中港,2024-03-26,9202
1731,美吾華,16,0,16,凱基-中港,2024-03-26,9202
2344,華邦電,26,11,15,凱基-中港,2024-03-26,9202
6282,康舒,35,20,15,凱基-中港,2024-03-26,9202
1611,中電,30,15,15,凱基-中港,2024-03-26,9202
3535,晶彩科,15,0,15,凱基-中港,2024-03-26,9202
6126,信音,15,0,15,凱基-中港,2024-03-26,9202
6443,元晶,21,6,15,凱基-中港,2024-03-26,9202
5426,振發,42,28,14,凱基-中港,2024-03-26,9202
3708,上緯投控,18,5,13,凱基-中港,2024-03-26,9202
3380,明泰,15,2,13,凱基-中港,2024-03-26,9202
1725,元禎,13,0,13,凱基-中港,2024-03-26,9202
5386,青雲,15,2,13,凱基-中港,2024-03-26,9202
8112,至上,22,10,12,凱基-中港,2024-03-26,9202
1455,集盛,14,2,12,凱基-中港,2024-03-26,9202
3105,穩懋,11,0,11,凱基-中港,2024-03-26,9202
00751B,元大AAA至A公司債,11,0,11,凱基-中港,2024-03-26,9202
2515,中工,280,31,249,凱基-中港,2024-03-27,9202
00929,復華台灣科技優息,182,26,156,凱基-中港,2024-03-27,9202
00939,統一台灣高息動能,146,11,135,凱基-中港,2024-03-27,9202
00937B,群益ESG投等債20,130,1,129,凱基-中港,2024-03-27,9202
2371,大同,152,60,92,凱基-中港,2024-03-27,9202
3706,神達,138,48,90,凱基-中港,2024-03-27,9202
6290,良維,91,13,78,凱基-中港,2024-03-27,9202
00919,群益台灣精選高息,94,38,56,凱基-中港,2024-03-27,9202
00720B,元大投資級公司債,58,2,56,凱基-中港,2024-03-27,9202
00941,中信上游半導體,66,21,45,凱基-中港,2024-03-27,9202
2301,光寶科,46,2,44,凱基-中港,2024-03-27,9202
00885,富邦越南,40,0,40,凱基-中港,2024-03-27,9202
2359,所羅門,40,3,37,凱基-中港,2024-03-27,9202
00882,中信中國高股息,35,0,35,凱基-中港,2024-03-27,9202
1713,國化,34,0,34,凱基-中港,2024-03-27,9202
2485,兆赫,32,0,32,凱基-中港,2024-03-27,9202
3264,欣銓,45,15,30,凱基-中港,2024-03-27,9202
00679B,元大美債20年,39,9,30,凱基-中港,2024-03-27,9202
1513,中興電,43,16,27,凱基-中港,2024-03-27,9202
00673R,期元大S＆P原油反1,30,5,25,凱基-中港,2024-03-27,9202
2704,國賓,25,0,25,凱基-中港,2024-03-27,9202
2408,南亞科,24,0,24,凱基-中港,2024-03-27,9202
2801,彰銀,23,0,23,凱基-中港,2024-03-27,9202
6165,浪凡,23,0,23,凱基-中港,2024-03-27,9202
6770,力積電,36,13,23,凱基-中港,2024-03-27,9202
6456,GIS-KY,22,1,21,凱基-中港,2024-03-27,9202
2031,新光鋼,20,0,20,凱基-中港,2024-03-27,9202
2330,台積電,45,25,20,凱基-中港,2024-03-27,9202
3231,緯創,36,16,20,凱基-中港,2024-03-27,9202
00632R,元大台灣50反1,19,0,19,凱基-中港,2024-03-27,9202
1722,台肥,19,0,19,凱基-中港,2024-03-27,9202
3555,博士旺,19,0,19,凱基-中港,2024-03-27,9202
4960,誠美材,18,0,18,凱基-中港,2024-03-27,9202
0055,元大MSCI金融,18,0,18,凱基-中港,2024-03-27,9202
00895,富邦未來車,18,0,18,凱基-中港,2024-03-27,9202
6179,亞通,37,19,18,凱基-中港,2024-03-27,9202
5011,久陽,17,0,17,凱基-中港,2024-03-27,9202
2344,華邦電,20,3,17,凱基-中港,2024-03-27,9202
1316,上曜,21,4,17,凱基-中港,2024-03-27,9202
00712,復華富時不動產,17,0,17,凱基-中港,2024-03-27,9202
8936,國統,43,27,16,凱基-中港,2024-03-27,9202
2888,新光金,17,1,16,凱基-中港,2024-03-27,9202
00857B,永豐20年美公債,15,0,15,凱基-中港,2024-03-27,9202
2367,燿華,30,15,15,凱基-中港,2024-03-27,9202
4420,光明,15,0,15,凱基-中港,2024-03-27,9202
8046,南電,15,0,15,凱基-中港,2024-03-27,9202
3013,晟銘電,37,23,14,凱基-中港,2024-03-27,9202
2374,佳能,14,0,14,凱基-中港,2024-03-27,9202
5222,全訊,15,1,14,凱基-中港,2024-03-27,9202
00751B,元大AAA至A公司債,13,0,13,凱基-中港,2024-03-27,9202
2330,台積電,137,0,137,凱基-中港,2024-03-28,9202
2883,凱基金,192,70,122,凱基-中港,2024-03-28,9202
3013,晟銘電,130,19,111,凱基-中港,2024-03-28,9202
00937B,群益ESG投等債20,114,18,96,凱基-中港,2024-03-28,9202
00939,統一台灣高息動能,89,8,81,凱基-中港,2024-03-28,9202
00632R,元大台灣50反1,119,54,65,凱基-中港,2024-03-28,9202
00882,中信中國高股息,63,0,63,凱基-中港,2024-03-28,9202
2356,英業達,58,5,53,凱基-中港,2024-03-28,9202
2641,正德,51,0,51,凱基-中港,2024-03-28,9202
6456,GIS-KY,52,6,46,凱基-中港,2024-03-28,9202
1104,環泥,45,0,45,凱基-中港,2024-03-28,9202
2354,鴻準,174,130,44,凱基-中港,2024-03-28,9202
2303,聯電,62,21,41,凱基-中港,2024-03-28,9202
5011,久陽,38,0,38,凱基-中港,2024-03-28,9202
2888,新光金,43,5,38,凱基-中港,2024-03-28,9202
00941,中信上游半導體,40,5,35,凱基-中港,2024-03-28,9202
2615,萬海,34,3,31,凱基-中港,2024-03-28,9202
8358,金居,30,0,30,凱基-中港,2024-03-28,9202
3228,金麗科,31,1,30,凱基-中港,2024-03-28,9202
2439,美律,30,0,30,凱基-中港,2024-03-28,9202
00720B,元大投資級公司債,29,0,29,凱基-中港,2024-03-28,9202
1725,元禎,31,4,27,凱基-中港,2024-03-28,9202
1773,勝一,60,35,25,凱基-中港,2024-03-28,9202
00706L,期元大S＆P日圓正2,25,0,25,凱基-中港,2024-03-28,9202
4306,炎洲,24,0,24,凱基-中港,2024-03-28,9202
2002,中鋼,25,1,24,凱基-中港,2024-03-28,9202
2317,鴻海,109,87,22,凱基-中港,2024-03-28,9202
00715L,期街口布蘭特正2,22,0,22,凱基-中港,2024-03-28,9202
1101,台泥,21,0,21,凱基-中港,2024-03-28,9202
4111,濟生,20,0,20,凱基-中港,2024-03-28,9202
6442,光聖,20,1,19,凱基-中港,2024-03-28,9202
1539,巨庭,18,0,18,凱基-中港,2024-03-28,9202
3171,炎洲流通,22,4,18,凱基-中港,2024-03-28,9202
1905,華紙,20,2,18,凱基-中港,2024-03-28,9202
2031,新光鋼,18,1,17,凱基-中港,2024-03-28,9202
1609,大亞,34,17,17,凱基-中港,2024-03-28,9202
4770,上品,16,0,16,凱基-中港,2024-03-28,9202
6126,信音,41,25,16,凱基-中港,2024-03-28,9202
2401,凌陽,15,0,15,凱基-中港,2024-03-28,9202
2201,裕隆,19,4,15,凱基-中港,2024-03-28,9202
6290,良維,14,0,14,凱基-中港,2024-03-28,9202
3704,合勤控,22,8,14,凱基-中港,2024-03-28,9202
6116,彩晶,14,1,13,凱基-中港,2024-03-28,9202
6191,精成科,17,4,13,凱基-中港,2024-03-28,9202
00933B,國泰10Y+金融債,42,30,12,凱基-中港,2024-03-28,9202
4576,大銀微系統,13,1,12,凱基-中港,2024-03-28,9202
00772B,中信高評級公司債,12,0,12,凱基-中港,2024-03-28,9202
2379,瑞昱,11,0,11,凱基-中港,2024-03-28,9202
2049,上銀,21,10,11,凱基-中港,2024-03-28,9202
2344,華邦電,16,5,11,凱基-中港,2024-03-28,9202
00632R,元大台灣50反1,132,0,132,凱基-中港,2024-03-29,9202
2603,長榮,86,22,64,凱基-中港,2024-03-29,9202
00937B,群益ESG投等債20,115,51,64,凱基-中港,2024-03-29,9202
6165,浪凡,58,0,58,凱基-中港,2024-03-29,9202
6456,GIS-KY,50,0,50,凱基-中港,2024-03-29,9202
2324,仁寶,49,2,47,凱基-中港,2024-03-29,9202
00753L,中信中國50正2,43,0,43,凱基-中港,2024-03-29,9202
1101,台泥,40,2,38,凱基-中港,2024-03-29,9202
00941,中信上游半導體,57,20,37,凱基-中港,2024-03-29,9202
4526,東台,36,1,35,凱基-中港,2024-03-29,9202
4960,誠美材,30,0,30,凱基-中港,2024-03-29,9202
00642U,期元大S＆P石油,30,1,29,凱基-中港,2024-03-29,9202
1731,美吾華,28,0,28,凱基-中港,2024-03-29,9202
2317,鴻海,109,81,28,凱基-中港,2024-03-29,9202
00929,復華台灣科技優息,53,26,27,凱基-中港,2024-03-29,9202
8936,國統,32,6,26,凱基-中港,2024-03-29,9202
00722B,群益投資級電信債,25,0,25,凱基-中港,2024-03-29,9202
00882,中信中國高股息,32,7,25,凱基-中港,2024-03-29,9202
6026,福邦證,25,0,25,凱基-中港,2024-03-29,9202
2301,光寶科,42,18,24,凱基-中港,2024-03-29,9202
2888,新光金,23,1,22,凱基-中港,2024-03-29,9202
4916,事欣科,22,0,22,凱基-中港,2024-03-29,9202
00655L,國泰中國A50正2,20,0,20,凱基-中港,2024-03-29,9202
6224,聚鼎,20,0,20,凱基-中港,2024-03-29,9202
00915,凱基優選高股息30,18,0,18,凱基-中港,2024-03-29,9202
00679B,元大美債20年,31,13,18,凱基-中港,2024-03-29,9202
5310,天剛,18,0,18,凱基-中港,2024-03-29,9202
00650L,復華香港正2,20,3,17,凱基-中港,2024-03-29,9202
3027,盛達,17,0,17,凱基-中港,2024-03-29,9202
4127,天良,17,1,16,凱基-中港,2024-03-29,9202
5512,力麒,21,5,16,凱基-中港,2024-03-29,9202
2367,燿華,29,13,16,凱基-中港,2024-03-29,9202
1603,華電,31,16,15,凱基-中港,2024-03-29,9202
1455,集盛,16,1,15,凱基-中港,2024-03-29,9202
6167,久正,15,0,15,凱基-中港,2024-03-29,9202
3708,上緯投控,19,5,14,凱基-中港,2024-03-29,9202
00715L,期街口布蘭特正2,15,1,14,凱基-中港,2024-03-29,9202
3512,皇龍,13,0,13,凱基-中港,2024-03-29,9202
3167,大量,13,0,13,凱基-中港,2024-03-29,9202
6550,北極星藥業-KY,13,0,13,凱基-中港,2024-03-29,9202
3704,合勤控,19,6,13,凱基-中港,2024-03-29,9202
6442,光聖,12,0,12,凱基-中港,2024-03-29,9202
2492,華新科,19,7,12,凱基-中港,2024-03-29,9202
4402,郡都開發,11,0,11,凱基-中港,2024-03-29,9202
1809,中釉,11,0,11,凱基-中港,2024-03-29,9202
8040,九暘,12,1,11,凱基-中港,2024-03-29,9202
3313,斐成,13,2,11,凱基-中港,2024-03-29,9202
2405,輔信,22,12,10,凱基-中港,2024-03-29,9202
1723,中碳,10,0,10,凱基-中港,2024-03-29,9202
00773B,中信優先金融債,10,0,10,凱基-中港,2024-03-29,9202
00940,元大台灣價值高息,1574,520,1054,凱基-中港,2024-04-01,9202
2330,台積電,198,5,193,凱基-中港,2024-04-01,9202
00650L,復華香港正2,152,17,135,凱基-中港,2024-04-01,9202
00939,統一台灣高息動能,85,4,81,凱基-中港,2024-04-01,9202
00687B,國泰20年美債,76,5,71,凱基-中港,2024-04-01,9202
6005,群益證,91,24,67,凱基-中港,2024-04-01,9202
2812,台中銀,61,1,60,凱基-中港,2024-04-01,9202
2891,中信金,62,3,59,凱基-中港,2024-04-01,9202
6239,力成,53,0,53,凱基-中港,2024-04-01,9202
2385,群光,49,2,47,凱基-中港,2024-04-01,9202
4513,福裕,50,3,47,凱基-中港,2024-04-01,9202
2834,臺企銀,51,5,46,凱基-中港,2024-04-01,9202
3481,群創,113,67,46,凱基-中港,2024-04-01,9202
2382,廣達,65,19,46,凱基-中港,2024-04-01,9202
2882,國泰金,51,10,41,凱基-中港,2024-04-01,9202
00679B,元大美債20年,53,13,40,凱基-中港,2024-04-01,9202
2354,鴻準,44,4,40,凱基-中港,2024-04-01,9202
6165,浪凡,40,0,40,凱基-中港,2024-04-01,9202
00941,中信上游半導體,45,6,39,凱基-中港,2024-04-01,9202
2371,大同,58,21,37,凱基-中港,2024-04-01,9202
00937B,群益ESG投等債20,37,1,36,凱基-中港,2024-04-01,9202
1718,中纖,35,0,35,凱基-中港,2024-04-01,9202
8033,雷虎,35,2,33,凱基-中港,2024-04-01,9202
1503,士電,32,0,32,凱基-中港,2024-04-01,9202
00637L,元大滬深300正2,51,20,31,凱基-中港,2024-04-01,9202
6578,達邦蛋白,29,0,29,凱基-中港,2024-04-01,9202
3005,神基,33,6,27,凱基-中港,2024-04-01,9202
2890,永豐金,28,2,26,凱基-中港,2024-04-01,9202
2353,宏��,72,46,26,凱基-中港,2024-04-01,9202
6126,信音,33,8,25,凱基-中港,2024-04-01,9202
1504,東元,34,10,24,凱基-中港,2024-04-01,9202
3013,晟銘電,32,10,22,凱基-中港,2024-04-01,9202
8147,正淩,21,0,21,凱基-中港,2024-04-01,9202
4714,永捷,22,1,21,凱基-中港,2024-04-01,9202
9105,泰金寶-DR,20,0,20,凱基-中港,2024-04-01,9202
4157,太景*-KY,20,0,20,凱基-中港,2024-04-01,9202
6456,GIS-KY,20,0,20,凱基-中港,2024-04-01,9202
3308,聯德,20,0,20,凱基-中港,2024-04-01,9202
00931B,統一美債20年,21,1,20,凱基-中港,2024-04-01,9202
00720B,元大投資級公司債,20,2,18,凱基-中港,2024-04-01,9202
6192,巨路,17,0,17,凱基-中港,2024-04-01,9202
3016,嘉晶,27,11,16,凱基-中港,2024-04-01,9202
6164,華興,16,0,16,凱基-中港,2024-04-01,9202
00639,富邦深100,16,0,16,凱基-中港,2024-04-01,9202
6499,益安,16,0,16,凱基-中港,2024-04-01,9202
3711,日月光投控,16,1,15,凱基-中港,2024-04-01,9202
6121,新普,15,0,15,凱基-中港,2024-04-01,9202
3537,堡達,15,0,15,凱基-中港,2024-04-01,9202
00902,中信電池及儲能,23,8,15,凱基-中港,2024-04-01,9202
00655L,國泰中國A50正2,20,5,15,凱基-中港,2024-04-01,9202
00929,復華台灣科技優息,368,47,321,凱基-中港,2024-04-02,9202
00637L,元大滬深300正2,152,11,141,凱基-中港,2024-04-02,9202
6202,盛群,112,2,110,凱基-中港,2024-04-02,9202
00941,中信上游半導體,95,0,95,凱基-中港,2024-04-02,9202
00937B,群益ESG投等債20,103,9,94,凱基-中港,2024-04-02,9202
00939,統一台灣高息動能,92,13,79,凱基-中港,2024-04-02,9202
2883,凱基金,73,1,72,凱基-中港,2024-04-02,9202
6456,GIS-KY,51,0,51,凱基-中港,2024-04-02,9202
1218,泰山,50,0,50,凱基-中港,2024-04-02,9202
2537,聯上發,54,5,49,凱基-中港,2024-04-02,9202
00904,新光臺灣半導體30,48,0,48,凱基-中港,2024-04-02,9202
2402,毅嘉,80,37,43,凱基-中港,2024-04-02,9202
2356,英業達,80,37,43,凱基-中港,2024-04-02,9202
4510,高鋒,43,0,43,凱基-中港,2024-04-02,9202
6770,力積電,45,2,43,凱基-中港,2024-04-02,9202
8358,金居,53,12,41,凱基-中港,2024-04-02,9202
4541,晟田,40,0,40,凱基-中港,2024-04-02,9202
00940,元大台灣價值高息,258,219,39,凱基-中港,2024-04-02,9202
3312,弘憶股,37,0,37,凱基-中港,2024-04-02,9202
00933B,國泰10Y+金融債,36,0,36,凱基-中港,2024-04-02,9202
8033,雷虎,59,23,36,凱基-中港,2024-04-02,9202
6167,久正,35,0,35,凱基-中港,2024-04-02,9202
1504,東元,40,7,33,凱基-中港,2024-04-02,9202
00882,中信中國高股息,80,47,33,凱基-中港,2024-04-02,9202
4714,永捷,36,5,31,凱基-中港,2024-04-02,9202
2834,臺企銀,32,1,31,凱基-中港,2024-04-02,9202
1718,中纖,31,0,31,凱基-中港,2024-04-02,9202
2492,華新科,46,16,30,凱基-中港,2024-04-02,9202
2354,鴻準,37,11,26,凱基-中港,2024-04-02,9202
2344,華邦電,27,1,26,凱基-中港,2024-04-02,9202
2888,新光金,24,0,24,凱基-中港,2024-04-02,9202
2634,漢翔,28,4,24,凱基-中港,2024-04-02,9202
2301,光寶科,42,19,23,凱基-中港,2024-04-02,9202
2891,中信金,23,1,22,凱基-中港,2024-04-02,9202
8926,台汽電,25,4,21,凱基-中港,2024-04-02,9202
2107,厚生,20,0,20,凱基-中港,2024-04-02,9202
6126,信音,19,0,19,凱基-中港,2024-04-02,9202
5371,中光電,29,11,18,凱基-中港,2024-04-02,9202
2009,第一銅,46,28,18,凱基-中港,2024-04-02,9202
2889,國票金,18,0,18,凱基-中港,2024-04-02,9202
4906,正文,17,0,17,凱基-中港,2024-04-02,9202
1731,美吾華,17,0,17,凱基-中港,2024-04-02,9202
1503,士電,26,10,16,凱基-中港,2024-04-02,9202
3706,神達,21,6,15,凱基-中港,2024-04-02,9202
3587,閎康,15,0,15,凱基-中港,2024-04-02,9202
6517,保勝光學,17,2,15,凱基-中港,2024-04-02,9202
2467,志聖,22,7,15,凱基-中港,2024-04-02,9202
00927,群益半導體收益,15,0,15,凱基-中港,2024-04-02,9202
00902,中信電池及儲能,15,0,15,凱基-中港,2024-04-02,9202
1725,元禎,21,7,14,凱基-中港,2024-04-02,9202
00937B,群益ESG投等債20,213,0,213,凱基-中港,2024-04-03,9202
00940,元大台灣價值高息,298,90,208,凱基-中港,2024-04-03,9202
00751B,元大AAA至A公司債,87,0,87,凱基-中港,2024-04-03,9202
6207,雷科,110,24,86,凱基-中港,2024-04-03,9202
00679B,元大美債20年,84,2,82,凱基-中港,2024-04-03,9202
2330,台積電,70,11,59,凱基-中港,2024-04-03,9202
6548,長科*,57,0,57,凱基-中港,2024-04-03,9202
00927,群益半導體收益,57,0,57,凱基-中港,2024-04-03,9202
00680L,元大美債20正2,55,0,55,凱基-中港,2024-04-03,9202
2371,大同,66,12,54,凱基-中港,2024-04-03,9202
00733,富邦臺灣中小,54,0,54,凱基-中港,2024-04-03,9202
00941,中信上游半導體,54,4,50,凱基-中港,2024-04-03,9202
4744,皇將,50,0,50,凱基-中港,2024-04-03,9202
00642U,期元大S＆P石油,41,0,41,凱基-中港,2024-04-03,9202
2891,中信金,37,4,33,凱基-中港,2024-04-03,9202
2317,鴻海,65,33,32,凱基-中港,2024-04-03,9202
1609,大亞,32,1,31,凱基-中港,2024-04-03,9202
2883,凱基金,34,4,30,凱基-中港,2024-04-03,9202
1904,正隆,30,0,30,凱基-中港,2024-04-03,9202
2610,華航,30,0,30,凱基-中港,2024-04-03,9202
2486,一詮,67,38,29,凱基-中港,2024-04-03,9202
6770,力積電,29,1,28,凱基-中港,2024-04-03,9202
6288,聯嘉,28,0,28,凱基-中港,2024-04-03,9202
4960,誠美材,30,2,28,凱基-中港,2024-04-03,9202
00687B,國泰20年美債,27,1,26,凱基-中港,2024-04-03,9202
1319,東陽,27,2,25,凱基-中港,2024-04-03,9202
2355,敬鵬,24,1,23,凱基-中港,2024-04-03,9202
2365,昆盈,22,0,22,凱基-中港,2024-04-03,9202
00673R,期元大S＆P原油反1,20,0,20,凱基-中港,2024-04-03,9202
00719B,元大美債1-3,20,0,20,凱基-中港,2024-04-03,9202
5230,雷笛克光學,20,0,20,凱基-中港,2024-04-03,9202
3024,憶聲,20,0,20,凱基-中港,2024-04-03,9202
8064,東捷,57,38,19,凱基-中港,2024-04-03,9202
2354,鴻準,34,15,19,凱基-中港,2024-04-03,9202
2382,廣達,37,19,18,凱基-中港,2024-04-03,9202
1608,華榮,17,0,17,凱基-中港,2024-04-03,9202
2344,華邦電,17,1,16,凱基-中港,2024-04-03,9202
2888,新光金,17,1,16,凱基-中港,2024-04-03,9202
00933B,國泰10Y+金融債,18,3,15,凱基-中港,2024-04-03,9202
2049,上銀,15,0,15,凱基-中港,2024-04-03,9202
2892,第一金,14,0,14,凱基-中港,2024-04-03,9202
2356,英業達,24,11,13,凱基-中港,2024-04-03,9202
2615,萬海,14,1,13,凱基-中港,2024-04-03,9202
5381,合正,15,2,13,凱基-中港,2024-04-03,9202
6753,龍德造船,14,1,13,凱基-中港,2024-04-03,9202
2809,京城銀,15,2,13,凱基-中港,2024-04-03,9202
6196,帆宣,12,0,12,凱基-中港,2024-04-03,9202
6414,樺漢,16,4,12,凱基-中港,2024-04-03,9202
1587,吉茂,14,2,12,凱基-中港,2024-04-03,9202
5880,合庫金,12,0,12,凱基-中港,2024-04-03,9202
2888,新光金,248,0,248,凱基-中港,2024-04-08,9202
00940,元大台灣價值高息,239,15,224,凱基-中港,2024-04-08,9202
00679B,元大美債20年,152,11,141,凱基-中港,2024-04-08,9202
6015,宏遠證,109,5,104,凱基-中港,2024-04-08,9202
00937B,群益ESG投等債20,103,20,83,凱基-中港,2024-04-08,9202
00929,復華台灣科技優息,102,21,81,凱基-中港,2024-04-08,9202
00687B,國泰20年美債,77,1,76,凱基-中港,2024-04-08,9202
00891,中信關鍵半導體,73,0,73,凱基-中港,2024-04-08,9202
00919,群益台灣精選高息,53,1,52,凱基-中港,2024-04-08,9202
00923,群益台ESG低碳50,62,11,51,凱基-中港,2024-04-08,9202
2515,中工,59,14,45,凱基-中港,2024-04-08,9202
00712,復華富時不動產,45,0,45,凱基-中港,2024-04-08,9202
6770,力積電,48,4,44,凱基-中港,2024-04-08,9202
2374,佳能,93,52,41,凱基-中港,2024-04-08,9202
00931B,統一美債20年,40,1,39,凱基-中港,2024-04-08,9202
1609,大亞,72,34,38,凱基-中港,2024-04-08,9202
4909,新復興,34,0,34,凱基-中港,2024-04-08,9202
00720B,元大投資級公司債,33,0,33,凱基-中港,2024-04-08,9202
1731,美吾華,33,0,33,凱基-中港,2024-04-08,9202
2014,中鴻,34,2,32,凱基-中港,2024-04-08,9202
9105,泰金寶-DR,30,0,30,凱基-中港,2024-04-08,9202
2038,海光,30,2,28,凱基-中港,2024-04-08,9202
5443,均豪,31,4,27,凱基-中港,2024-04-08,9202
00632R,元大台灣50反1,117,90,27,凱基-中港,2024-04-08,9202
2382,廣達,41,15,26,凱基-中港,2024-04-08,9202
2356,英業達,28,2,26,凱基-中港,2024-04-08,9202
4746,台耀,30,6,24,凱基-中港,2024-04-08,9202
3666,光耀,23,0,23,凱基-中港,2024-04-08,9202
1605,華新,38,16,22,凱基-中港,2024-04-08,9202
2439,美律,22,1,21,凱基-中港,2024-04-08,9202
6163,華電網,26,5,21,凱基-中港,2024-04-08,9202
00933B,國泰10Y+金融債,22,2,20,凱基-中港,2024-04-08,9202
00753L,中信中國50正2,20,0,20,凱基-中港,2024-04-08,9202
1809,中釉,20,0,20,凱基-中港,2024-04-08,9202
3551,世禾,20,0,20,凱基-中港,2024-04-08,9202
8411,福貞-KY,20,0,20,凱基-中港,2024-04-08,9202
3294,英濟,21,2,19,凱基-中港,2024-04-08,9202
5324,士開,20,1,19,凱基-中港,2024-04-08,9202
2301,光寶科,20,1,19,凱基-中港,2024-04-08,9202
8096,擎亞,26,8,18,凱基-中港,2024-04-08,9202
00795B,中信美國公債20年,16,0,16,凱基-中港,2024-04-08,9202
1608,華榮,30,14,16,凱基-中港,2024-04-08,9202
1513,中興電,19,3,16,凱基-中港,2024-04-08,9202
00719B,元大美債1-3,15,0,15,凱基-中港,2024-04-08,9202
6438,迅得,45,30,15,凱基-中港,2024-04-08,9202
00878,國泰永續高股息,16,2,14,凱基-中港,2024-04-08,9202
8936,國統,26,12,14,凱基-中港,2024-04-08,9202
2344,華邦電,16,2,14,凱基-中港,2024-04-08,9202
2027,大成鋼,16,2,14,凱基-中港,2024-04-08,9202
00909,國泰數位支付服務,13,0,13,凱基-中港,2024-04-08,9202
00632R,元大台灣50反1,1301,0,1301,凱基-中港,2024-04-09,9202
3481,群創,397,173,224,凱基-中港,2024-04-09,9202
00929,復華台灣科技優息,198,18,180,凱基-中港,2024-04-09,9202
00940,元大台灣價值高息,197,55,142,凱基-中港,2024-04-09,9202
3231,緯創,173,44,129,凱基-中港,2024-04-09,9202
3024,憶聲,129,1,128,凱基-中港,2024-04-09,9202
00939,統一台灣高息動能,129,31,98,凱基-中港,2024-04-09,9202
00733,富邦臺灣中小,72,2,70,凱基-中港,2024-04-09,9202
00679B,元大美債20年,72,3,69,凱基-中港,2024-04-09,9202
2374,佳能,92,28,64,凱基-中港,2024-04-09,9202
6213,聯茂,76,19,57,凱基-中港,2024-04-09,9202
2025,千興,51,0,51,凱基-中港,2024-04-09,9202
5324,士開,50,3,47,凱基-中港,2024-04-09,9202
2363,矽統,417,376,41,凱基-中港,2024-04-09,9202
3339,泰谷,43,3,40,凱基-中港,2024-04-09,9202
2913,農林,42,6,36,凱基-中港,2024-04-09,9202
2486,一詮,82,47,35,凱基-中港,2024-04-09,9202
2365,昆盈,52,18,34,凱基-中港,2024-04-09,9202
6443,元晶,35,1,34,凱基-中港,2024-04-09,9202
4543,萬在,37,4,33,凱基-中港,2024-04-09,9202
8358,金居,151,123,28,凱基-中港,2024-04-09,9202
1513,中興電,56,29,27,凱基-中港,2024-04-09,9202
2540,愛山林,27,1,26,凱基-中港,2024-04-09,9202
5234,達興材料,23,2,21,凱基-中港,2024-04-09,9202
6197,佳必琪,21,0,21,凱基-中港,2024-04-09,9202
6456,GIS-KY,20,0,20,凱基-中港,2024-04-09,9202
00687B,國泰20年美債,29,9,20,凱基-中港,2024-04-09,9202
4173,久裕,20,0,20,凱基-中港,2024-04-09,9202
00650L,復華香港正2,50,30,20,凱基-中港,2024-04-09,9202
00637L,元大滬深300正2,20,0,20,凱基-中港,2024-04-09,9202
1310,台苯,20,0,20,凱基-中港,2024-04-09,9202
00753L,中信中國50正2,20,0,20,凱基-中港,2024-04-09,9202
00919,群益台灣精選高息,21,1,20,凱基-中港,2024-04-09,9202
4716,大立,20,2,18,凱基-中港,2024-04-09,9202
4906,正文,38,20,18,凱基-中港,2024-04-09,9202
1799,易威,18,0,18,凱基-中港,2024-04-09,9202
6163,華電網,20,2,18,凱基-中港,2024-04-09,9202
00941,中信上游半導體,31,13,18,凱基-中港,2024-04-09,9202
2609,陽明,50,32,18,凱基-中港,2024-04-09,9202
6189,豐藝,19,2,17,凱基-中港,2024-04-09,9202
2104,國際中橡,16,0,16,凱基-中港,2024-04-09,9202
00653L,富邦印度正2,16,0,16,凱基-中港,2024-04-09,9202
1532,勤美,16,0,16,凱基-中港,2024-04-09,9202
2383,台光電,16,1,15,凱基-中港,2024-04-09,9202
1605,華新,45,30,15,凱基-中港,2024-04-09,9202
2520,冠德,15,0,15,凱基-中港,2024-04-09,9202
00673R,期元大S＆P原油反1,15,0,15,凱基-中港,2024-04-09,9202
8033,雷虎,27,12,15,凱基-中港,2024-04-09,9202
4168,醣聯,17,3,14,凱基-中港,2024-04-09,9202
8011,台通,14,0,14,凱基-中港,2024-04-09,9202
2634,漢翔,457,51,406,凱基-中港,2024-04-10,9202
1504,東元,193,2,191,凱基-中港,2024-04-10,9202
2891,中信金,130,9,121,凱基-中港,2024-04-10,9202
5347,世界,119,4,115,凱基-中港,2024-04-10,9202
2330,台積電,114,9,105,凱基-中港,2024-04-10,9202
2449,京元電子,103,1,102,凱基-中港,2024-04-10,9202
6167,久正,90,0,90,凱基-中港,2024-04-10,9202
00929,復華台灣科技優息,107,29,78,凱基-中港,2024-04-10,9202
2382,廣達,82,6,76,凱基-中港,2024-04-10,9202
2329,華泰,102,28,74,凱基-中港,2024-04-10,9202
2515,中工,72,5,67,凱基-中港,2024-04-10,9202
1605,華新,97,32,65,凱基-中港,2024-04-10,9202
00673R,期元大S＆P原油反1,65,0,65,凱基-中港,2024-04-10,9202
2509,全坤建,225,164,61,凱基-中港,2024-04-10,9202
2888,新光金,76,18,58,凱基-中港,2024-04-10,9202
2609,陽明,56,1,55,凱基-中港,2024-04-10,9202
8111,立��,50,0,50,凱基-中港,2024-04-10,9202
00940,元大台灣價值高息,90,50,40,凱基-中港,2024-04-10,9202
2106,建大,40,1,39,凱基-中港,2024-04-10,9202
6026,福邦證,40,3,37,凱基-中港,2024-04-10,9202
3056,富華新,45,8,37,凱基-中港,2024-04-10,9202
2890,永豐金,37,2,35,凱基-中港,2024-04-10,9202
6016,康和證,48,14,34,凱基-中港,2024-04-10,9202
1608,華榮,52,19,33,凱基-中港,2024-04-10,9202
2101,南港,27,0,27,凱基-中港,2024-04-10,9202
2014,中鴻,36,9,27,凱基-中港,2024-04-10,9202
1101,台泥,29,3,26,凱基-中港,2024-04-10,9202
2615,萬海,41,16,25,凱基-中港,2024-04-10,9202
00637L,元大滬深300正2,25,1,24,凱基-中港,2024-04-10,9202
2365,昆盈,35,12,23,凱基-中港,2024-04-10,9202
00927,群益半導體收益,22,0,22,凱基-中港,2024-04-10,9202
6515,穎崴,24,3,21,凱基-中港,2024-04-10,9202
9934,成霖,21,0,21,凱基-中港,2024-04-10,9202
8936,國統,22,1,21,凱基-中港,2024-04-10,9202
5234,達興材料,20,0,20,凱基-中港,2024-04-10,9202
00857B,永豐20年美公債,20,0,20,凱基-中港,2024-04-10,9202
3605,宏致,20,0,20,凱基-中港,2024-04-10,9202
6219,富旺,20,0,20,凱基-中港,2024-04-10,9202
00795B,中信美國公債20年,20,1,19,凱基-中港,2024-04-10,9202
2208,台船,21,2,19,凱基-中港,2024-04-10,9202
00664R,國泰臺灣加權反1,20,2,18,凱基-中港,2024-04-10,9202
3339,泰谷,20,4,16,凱基-中港,2024-04-10,9202
3131,弘塑,17,2,15,凱基-中港,2024-04-10,9202
8183,精星,23,8,15,凱基-中港,2024-04-10,9202
1604,聲寶,16,1,15,凱基-中港,2024-04-10,9202
2007,燁興,29,14,15,凱基-中港,2024-04-10,9202
3294,英濟,18,3,15,凱基-中港,2024-04-10,9202
4534,慶騰,15,0,15,凱基-中港,2024-04-10,9202
2317,鴻海,32,17,15,凱基-中港,2024-04-10,9202
0061,元大寶滬深,14,0,14,凱基-中港,2024-04-10,9202
3481,群創,301,54,247,凱基-中港,2024-04-11,9202
2330,台積電,178,8,170,凱基-中港,2024-04-11,9202
5371,中光電,177,14,163,凱基-中港,2024-04-11,9202
00937B,群益ESG投等債20,123,7,116,凱基-中港,2024-04-11,9202
00687B,國泰20年美債,108,0,108,凱基-中港,2024-04-11,9202
2317,鴻海,163,70,93,凱基-中港,2024-04-11,9202
00679B,元大美債20年,94,4,90,凱基-中港,2024-04-11,9202
2007,燁興,87,0,87,凱基-中港,2024-04-11,9202
1605,華新,80,6,74,凱基-中港,2024-04-11,9202
3231,緯創,83,17,66,凱基-中港,2024-04-11,9202
3706,神達,65,0,65,凱基-中港,2024-04-11,9202
00712,復華富時不動產,125,70,55,凱基-中港,2024-04-11,9202
6770,力積電,73,19,54,凱基-中港,2024-04-11,9202
3024,憶聲,50,0,50,凱基-中港,2024-04-11,9202
6166,凌華,50,0,50,凱基-中港,2024-04-11,9202
00929,復華台灣科技優息,106,57,49,凱基-中港,2024-04-11,9202
00720B,元大投資級公司債,44,0,44,凱基-中港,2024-04-11,9202
2501,國建,66,22,44,凱基-中港,2024-04-11,9202
2867,三商壽,42,0,42,凱基-中港,2024-04-11,9202
00941,中信上游半導體,42,2,40,凱基-中港,2024-04-11,9202
2605,新興,44,5,39,凱基-中港,2024-04-11,9202
00725B,國泰投資級公司債,39,0,39,凱基-中港,2024-04-11,9202
1532,勤美,37,2,35,凱基-中港,2024-04-11,9202
00680L,元大美債20正2,34,1,33,凱基-中港,2024-04-11,9202
2743,山富,35,2,33,凱基-中港,2024-04-11,9202
2891,中信金,32,0,32,凱基-中港,2024-04-11,9202
00751B,元大AAA至A公司債,30,0,30,凱基-中港,2024-04-11,9202
2355,敬鵬,30,3,27,凱基-中港,2024-04-11,9202
00637L,元大滬深300正2,25,1,24,凱基-中港,2024-04-11,9202
2329,華泰,34,10,24,凱基-中港,2024-04-11,9202
00933B,國泰10Y+金融債,22,0,22,凱基-中港,2024-04-11,9202
3450,聯鈞,26,5,21,凱基-中港,2024-04-11,9202
1319,東陽,31,10,21,凱基-中港,2024-04-11,9202
00753L,中信中國50正2,20,0,20,凱基-中港,2024-04-11,9202
00633L,富邦上証正2,20,0,20,凱基-中港,2024-04-11,9202
4714,永捷,24,4,20,凱基-中港,2024-04-11,9202
9935,慶豐富,20,0,20,凱基-中港,2024-04-11,9202
3260,威剛,48,29,19,凱基-中港,2024-04-11,9202
3555,博士旺,18,0,18,凱基-中港,2024-04-11,9202
3605,宏致,17,0,17,凱基-中港,2024-04-11,9202
3167,大量,17,1,16,凱基-中港,2024-04-11,9202
2468,華經,16,0,16,凱基-中港,2024-04-11,9202
2540,愛山林,17,1,16,凱基-中港,2024-04-11,9202
00688L,國泰20年美債正2,17,2,15,凱基-中港,2024-04-11,9202
2520,冠德,17,2,15,凱基-中港,2024-04-11,9202
00787B,元大10年IG醫療債,15,0,15,凱基-中港,2024-04-11,9202
6179,亞通,15,0,15,凱基-中港,2024-04-11,9202
00922,國泰台灣領袖50,15,0,15,凱基-中港,2024-04-11,9202
2408,南亞科,24,9,15,凱基-中港,2024-04-11,9202
2409,友達,25,11,14,凱基-中港,2024-04-11,9202
1504,東元,152,27,125,凱基-中港,2024-04-12,9202
6015,宏遠證,100,0,100,凱基-中港,2024-04-12,9202
2353,宏��,152,56,96,凱基-中港,2024-04-12,9202
2002,中鋼,115,19,96,凱基-中港,2024-04-12,9202
2515,中工,79,0,79,凱基-中港,2024-04-12,9202
1605,華新,113,34,79,凱基-中港,2024-04-12,9202
2506,太設,78,2,76,凱基-中港,2024-04-12,9202
2883,凱基金,83,10,73,凱基-中港,2024-04-12,9202
2371,大同,183,111,72,凱基-中港,2024-04-12,9202
00680L,元大美債20正2,69,0,69,凱基-中港,2024-04-12,9202
4533,協易機,90,23,67,凱基-中港,2024-04-12,9202
2610,華航,103,37,66,凱基-中港,2024-04-12,9202
1218,泰山,65,0,65,凱基-中港,2024-04-12,9202
00929,復華台灣科技優息,53,1,52,凱基-中港,2024-04-12,9202
3489,森寶,51,0,51,凱基-中港,2024-04-12,9202
6166,凌華,51,0,51,凱基-中港,2024-04-12,9202
00687B,國泰20年美債,50,0,50,凱基-中港,2024-04-12,9202
2618,長榮航,60,11,49,凱基-中港,2024-04-12,9202
6596,寬宏藝術,48,0,48,凱基-中港,2024-04-12,9202
00679B,元大美債20年,48,1,47,凱基-中港,2024-04-12,9202
2330,台積電,59,13,46,凱基-中港,2024-04-12,9202
00933B,國泰10Y+金融債,50,5,45,凱基-中港,2024-04-12,9202
2382,廣達,48,4,44,凱基-中港,2024-04-12,9202
1101,台泥,48,6,42,凱基-中港,2024-04-12,9202
2634,漢翔,51,12,39,凱基-中港,2024-04-12,9202
00878,國泰永續高股息,50,12,38,凱基-中港,2024-04-12,9202
3260,威剛,51,14,37,凱基-中港,2024-04-12,9202
00712,復華富時不動產,35,0,35,凱基-中港,2024-04-12,9202
1513,中興電,102,70,32,凱基-中港,2024-04-12,9202
5371,中光電,46,14,32,凱基-中港,2024-04-12,9202
1532,勤美,36,4,32,凱基-中港,2024-04-12,9202
8096,擎亞,33,2,31,凱基-中港,2024-04-12,9202
3312,弘憶股,49,18,31,凱基-中港,2024-04-12,9202
6185,幃翔,30,0,30,凱基-中港,2024-04-12,9202
2374,佳能,61,31,30,凱基-中港,2024-04-12,9202
6217,中探針,28,0,28,凱基-中港,2024-04-12,9202
1319,東陽,30,3,27,凱基-中港,2024-04-12,9202
00720B,元大投資級公司債,25,1,24,凱基-中港,2024-04-12,9202
2886,兆豐金,23,0,23,凱基-中港,2024-04-12,9202
8210,勤誠,45,22,23,凱基-中港,2024-04-12,9202
00725B,國泰投資級公司債,23,0,23,凱基-中港,2024-04-12,9202
00931B,統一美債20年,22,0,22,凱基-中港,2024-04-12,9202
2344,華邦電,29,7,22,凱基-中港,2024-04-12,9202
2406,國碩,47,25,22,凱基-中港,2024-04-12,9202
3294,英濟,22,1,21,凱基-中港,2024-04-12,9202
00733,富邦臺灣中小,21,0,21,凱基-中港,2024-04-12,9202
2704,國賓,21,0,21,凱基-中港,2024-04-12,9202
00940,元大台灣價值高息,52,32,20,凱基-中港,2024-04-12,9202
8358,金居,29,9,20,凱基-中港,2024-04-12,9202
8103,瀚荃,19,0,19,凱基-中港,2024-04-12,9202
00929,復華台灣科技優息,256,8,248,凱基-中港,2024-04-15,9202
3003,健和興,190,2,188,凱基-中港,2024-04-15,9202
6548,長科*,152,21,131,凱基-中港,2024-04-15,9202
2371,大同,238,133,105,凱基-中港,2024-04-15,9202
6167,久正,100,0,100,凱基-中港,2024-04-15,9202
00680L,元大美債20正2,89,4,85,凱基-中港,2024-04-15,9202
2330,台積電,84,5,79,凱基-中港,2024-04-15,9202
2331,精英,75,1,74,凱基-中港,2024-04-15,9202
4513,福裕,67,0,67,凱基-中港,2024-04-15,9202
00753L,中信中國50正2,80,14,66,凱基-中港,2024-04-15,9202
00941,中信上游半導體,65,0,65,凱基-中港,2024-04-15,9202
00937B,群益ESG投等債20,68,8,60,凱基-中港,2024-04-15,9202
1609,大亞,445,390,55,凱基-中港,2024-04-15,9202
5371,中光電,70,17,53,凱基-中港,2024-04-15,9202
6005,群益證,52,0,52,凱基-中港,2024-04-15,9202
3231,緯創,101,51,50,凱基-中港,2024-04-15,9202
6026,福邦證,48,0,48,凱基-中港,2024-04-15,9202
5328,華容,47,0,47,凱基-中港,2024-04-15,9202
0056,元大高股息,63,17,46,凱基-中港,2024-04-15,9202
4720,德淵,46,0,46,凱基-中港,2024-04-15,9202
2367,燿華,78,34,44,凱基-中港,2024-04-15,9202
1455,集盛,46,3,43,凱基-中港,2024-04-15,9202
6207,雷科,45,2,43,凱基-中港,2024-04-15,9202
00939,統一台灣高息動能,63,22,41,凱基-中港,2024-04-15,9202
5439,高技,39,1,38,凱基-中港,2024-04-15,9202
00665L,富邦�琤肭磪囓�2,30,0,30,凱基-中港,2024-04-15,9202
00655L,國泰中國A50正2,30,0,30,凱基-中港,2024-04-15,9202
2618,長榮航,32,4,28,凱基-中港,2024-04-15,9202
00720B,元大投資級公司債,28,0,28,凱基-中港,2024-04-15,9202
5381,合正,32,5,27,凱基-中港,2024-04-15,9202
2460,建通,26,1,25,凱基-中港,2024-04-15,9202
2704,國賓,41,16,25,凱基-中港,2024-04-15,9202
6282,康舒,29,5,24,凱基-中港,2024-04-15,9202
2501,國建,33,10,23,凱基-中港,2024-04-15,9202
3481,群創,48,26,22,凱基-中港,2024-04-15,9202
2867,三商壽,116,95,21,凱基-中港,2024-04-15,9202
2382,廣達,38,18,20,凱基-中港,2024-04-15,9202
1587,吉茂,20,0,20,凱基-中港,2024-04-15,9202
3088,艾訊,20,0,20,凱基-中港,2024-04-15,9202
2634,漢翔,62,42,20,凱基-中港,2024-04-15,9202
2809,京城銀,19,0,19,凱基-中港,2024-04-15,9202
3013,晟銘電,27,8,19,凱基-中港,2024-04-15,9202
2888,新光金,26,8,18,凱基-中港,2024-04-15,9202
1618,合機,30,12,18,凱基-中港,2024-04-15,9202
9934,成霖,27,9,18,凱基-中港,2024-04-15,9202
3710,連展投控,18,0,18,凱基-中港,2024-04-15,9202
2363,矽統,62,44,18,凱基-中港,2024-04-15,9202
1905,華紙,20,2,18,凱基-中港,2024-04-15,9202
1312,國喬,17,0,17,凱基-中港,2024-04-15,9202
6125,廣運,19,2,17,凱基-中港,2024-04-15,9202
00940,元大台灣價值高息,443,86,357,凱基-中港,2024-04-16,9202
2834,臺企銀,325,23,302,凱基-中港,2024-04-16,9202
00929,復華台灣科技優息,356,59,297,凱基-中港,2024-04-16,9202
2317,鴻海,223,52,171,凱基-中港,2024-04-16,9202
00919,群益台灣精選高息,209,40,169,凱基-中港,2024-04-16,9202
2344,華邦電,174,12,162,凱基-中港,2024-04-16,9202
00939,統一台灣高息動能,154,9,145,凱基-中港,2024-04-16,9202
0056,元大高股息,153,13,140,凱基-中港,2024-04-16,9202
2330,台積電,149,18,131,凱基-中港,2024-04-16,9202
3024,憶聲,131,1,130,凱基-中港,2024-04-16,9202
00878,國泰永續高股息,149,22,127,凱基-中港,2024-04-16,9202
00937B,群益ESG投等債20,110,12,98,凱基-中港,2024-04-16,9202
2883,凱基金,106,15,91,凱基-中港,2024-04-16,9202
00635U,期元大S＆P黃金,90,0,90,凱基-中港,2024-04-16,9202
2891,中信金,83,0,83,凱基-中港,2024-04-16,9202
00753L,中信中國50正2,81,2,79,凱基-中港,2024-04-16,9202
4960,誠美材,87,11,76,凱基-中港,2024-04-16,9202
2515,中工,78,5,73,凱基-中港,2024-04-16,9202
2812,台中銀,65,0,65,凱基-中港,2024-04-16,9202
4714,永捷,63,2,61,凱基-中港,2024-04-16,9202
2609,陽明,70,12,58,凱基-中港,2024-04-16,9202
2002,中鋼,69,11,58,凱基-中港,2024-04-16,9202
00885,富邦越南,57,2,55,凱基-中港,2024-04-16,9202
2439,美律,53,1,52,凱基-中港,2024-04-16,9202
5880,合庫金,50,0,50,凱基-中港,2024-04-16,9202
1218,泰山,50,1,49,凱基-中港,2024-04-16,9202
00712,復華富時不動產,62,13,49,凱基-中港,2024-04-16,9202
1101,台泥,59,11,48,凱基-中港,2024-04-16,9202
2618,長榮航,54,6,48,凱基-中港,2024-04-16,9202
6282,康舒,48,0,48,凱基-中港,2024-04-16,9202
3003,健和興,48,2,46,凱基-中港,2024-04-16,9202
00720B,元大投資級公司債,41,0,41,凱基-中港,2024-04-16,9202
00676R,富邦臺灣加權反1,40,0,40,凱基-中港,2024-04-16,9202
6139,亞翔,40,3,37,凱基-中港,2024-04-16,9202
2610,華航,47,14,33,凱基-中港,2024-04-16,9202
3481,群創,152,120,32,凱基-中港,2024-04-16,9202
9105,泰金寶-DR,31,0,31,凱基-中港,2024-04-16,9202
1584,精剛,34,3,31,凱基-中港,2024-04-16,9202
2615,萬海,30,0,30,凱基-中港,2024-04-16,9202
4111,濟生,30,0,30,凱基-中港,2024-04-16,9202
6235,華孚,43,14,29,凱基-中港,2024-04-16,9202
2888,新光金,46,17,29,凱基-中港,2024-04-16,9202
00686R,群益臺灣加權反1,42,13,29,凱基-中港,2024-04-16,9202
1532,勤美,28,0,28,凱基-中港,2024-04-16,9202
2303,聯電,35,8,27,凱基-中港,2024-04-16,9202
00688L,國泰20年美債正2,27,0,27,凱基-中港,2024-04-16,9202
00751B,元大AAA至A公司債,32,7,25,凱基-中港,2024-04-16,9202
5512,力麒,52,27,25,凱基-中港,2024-04-16,9202
2313,華通,31,7,24,凱基-中港,2024-04-16,9202
4513,福裕,24,1,23,凱基-中港,2024-04-16,9202
00632R,元大台灣50反1,467,193,274,凱基-中港,2024-04-17,9202
00937B,群益ESG投等債20,241,0,241,凱基-中港,2024-04-17,9202
00712,復華富時不動產,255,40,215,凱基-中港,2024-04-17,9202
00772B,中信高評級公司債,214,0,214,凱基-中港,2024-04-17,9202
0056,元大高股息,203,5,198,凱基-中港,2024-04-17,9202
2867,三商壽,185,53,132,凱基-中港,2024-04-17,9202
5515,建國,103,8,95,凱基-中港,2024-04-17,9202
2353,宏��,92,0,92,凱基-中港,2024-04-17,9202
00919,群益台灣精選高息,88,4,84,凱基-中港,2024-04-17,9202
00929,復華台灣科技優息,82,3,79,凱基-中港,2024-04-17,9202
00720B,元大投資級公司債,125,50,75,凱基-中港,2024-04-17,9202
00679B,元大美債20年,78,7,71,凱基-中港,2024-04-17,9202
3231,緯創,85,15,70,凱基-中港,2024-04-17,9202
2603,長榮,63,2,61,凱基-中港,2024-04-17,9202
00878,國泰永續高股息,60,5,55,凱基-中港,2024-04-17,9202
3312,弘憶股,70,23,47,凱基-中港,2024-04-17,9202
2303,聯電,53,8,45,凱基-中港,2024-04-17,9202
2888,新光金,47,3,44,凱基-中港,2024-04-17,9202
2344,華邦電,63,21,42,凱基-中港,2024-04-17,9202
2545,皇翔,42,0,42,凱基-中港,2024-04-17,9202
6770,力積電,96,59,37,凱基-中港,2024-04-17,9202
1504,東元,52,16,36,凱基-中港,2024-04-17,9202
00941,中信上游半導體,35,2,33,凱基-中港,2024-04-17,9202
2002,中鋼,36,5,31,凱基-中港,2024-04-17,9202
4111,濟生,30,0,30,凱基-中港,2024-04-17,9202
00940,元大台灣價值高息,46,18,28,凱基-中港,2024-04-17,9202
00857B,永豐20年美公債,28,0,28,凱基-中港,2024-04-17,9202
2515,中工,48,20,28,凱基-中港,2024-04-17,9202
00751B,元大AAA至A公司債,28,1,27,凱基-中港,2024-04-17,9202
5521,工信,31,5,26,凱基-中港,2024-04-17,9202
00905,FT臺灣Smart,26,0,26,凱基-中港,2024-04-17,9202
2611,志信,26,0,26,凱基-中港,2024-04-17,9202
6743,安普新,27,2,25,凱基-中港,2024-04-17,9202
3481,群創,32,9,23,凱基-中港,2024-04-17,9202
2618,長榮航,23,1,22,凱基-中港,2024-04-17,9202
00680L,元大美債20正2,34,12,22,凱基-中港,2024-04-17,9202
00939,統一台灣高息動能,24,3,21,凱基-中港,2024-04-17,9202
2610,華航,21,0,21,凱基-中港,2024-04-17,9202
2401,凌陽,23,3,20,凱基-中港,2024-04-17,9202
2607,榮運,20,0,20,凱基-中港,2024-04-17,9202
4533,協易機,21,2,19,凱基-中港,2024-04-17,9202
1108,幸福,19,0,19,凱基-中港,2024-04-17,9202
6547,高端疫苗,19,0,19,凱基-中港,2024-04-17,9202
00733,富邦臺灣中小,18,0,18,凱基-中港,2024-04-17,9202
2009,第一銅,43,25,18,凱基-中港,2024-04-17,9202
2106,建大,18,0,18,凱基-中港,2024-04-17,9202
2897,王道銀行,17,0,17,凱基-中港,2024-04-17,9202
1615,大山,21,4,17,凱基-中港,2024-04-17,9202
3704,合勤控,17,0,17,凱基-中港,2024-04-17,9202
2412,中華電,16,0,16,凱基-中港,2024-04-17,9202
2359,所羅門,306,0,306,凱基-中港,2024-04-18,9202
2515,中工,277,45,232,凱基-中港,2024-04-18,9202
00941,中信上游半導體,150,18,132,凱基-中港,2024-04-18,9202
2374,佳能,138,24,114,凱基-中港,2024-04-18,9202
00937B,群益ESG投等債20,131,22,109,凱基-中港,2024-04-18,9202
2027,大成鋼,116,12,104,凱基-中港,2024-04-18,9202
2537,聯上發,102,4,98,凱基-中港,2024-04-18,9202
00632R,元大台灣50反1,126,35,91,凱基-中港,2024-04-18,9202
6770,力積電,86,3,83,凱基-中港,2024-04-18,9202
2371,大同,175,97,78,凱基-中港,2024-04-18,9202
00940,元大台灣價值高息,65,5,60,凱基-中港,2024-04-18,9202
2062,橋椿,126,67,59,凱基-中港,2024-04-18,9202
1612,宏泰,169,112,57,凱基-中港,2024-04-18,9202
1605,華新,128,75,53,凱基-中港,2024-04-18,9202
0056,元大高股息,53,0,53,凱基-中港,2024-04-18,9202
2409,友達,53,1,52,凱基-中港,2024-04-18,9202
2007,燁興,60,10,50,凱基-中港,2024-04-18,9202
2303,聯電,59,10,49,凱基-中港,2024-04-18,9202
2867,三商壽,61,18,43,凱基-中港,2024-04-18,9202
6282,康舒,49,10,39,凱基-中港,2024-04-18,9202
1608,華榮,118,81,37,凱基-中港,2024-04-18,9202
00919,群益台灣精選高息,49,13,36,凱基-中港,2024-04-18,9202
9935,慶豐富,36,0,36,凱基-中港,2024-04-18,9202
6015,宏遠證,36,2,34,凱基-中港,2024-04-18,9202
4111,濟生,32,0,32,凱基-中港,2024-04-18,9202
00795B,中信美國公債20年,32,0,32,凱基-中港,2024-04-18,9202
4142,國光生,40,12,28,凱基-中港,2024-04-18,9202
2439,美律,27,1,26,凱基-中港,2024-04-18,9202
9945,潤泰新,30,4,26,凱基-中港,2024-04-18,9202
1475,業旺,25,0,25,凱基-中港,2024-04-18,9202
2609,陽明,25,1,24,凱基-中港,2024-04-18,9202
2545,皇翔,24,0,24,凱基-中港,2024-04-18,9202
3605,宏致,22,0,22,凱基-中港,2024-04-18,9202
3704,合勤控,22,0,22,凱基-中港,2024-04-18,9202
1560,中砂,20,0,20,凱基-中港,2024-04-18,9202
3013,晟銘電,53,33,20,凱基-中港,2024-04-18,9202
00680L,元大美債20正2,20,0,20,凱基-中港,2024-04-18,9202
1603,華電,31,11,20,凱基-中港,2024-04-18,9202
00878,國泰永續高股息,21,1,20,凱基-中港,2024-04-18,9202
00720B,元大投資級公司債,18,0,18,凱基-中港,2024-04-18,9202
2457,飛宏,29,13,16,凱基-中港,2024-04-18,9202
2382,廣達,24,8,16,凱基-中港,2024-04-18,9202
3003,健和興,28,13,15,凱基-中港,2024-04-18,9202
4770,上品,15,0,15,凱基-中港,2024-04-18,9202
00931B,統一美債20年,15,0,15,凱基-中港,2024-04-18,9202
6120,達運,23,8,15,凱基-中港,2024-04-18,9202
6578,達邦蛋白,15,1,14,凱基-中港,2024-04-18,9202
00885,富邦越南,13,0,13,凱基-中港,2024-04-18,9202
00939,統一台灣高息動能,12,0,12,凱基-中港,2024-04-18,9202
5512,力麒,39,27,12,凱基-中港,2024-04-18,9202
00929,復華台灣科技優息,565,19,546,凱基-中港,2024-04-19,9202
00940,元大台灣價值高息,361,35,326,凱基-中港,2024-04-19,9202
00939,統一台灣高息動能,223,10,213,凱基-中港,2024-04-19,9202
2330,台積電,197,27,170,凱基-中港,2024-04-19,9202
2834,臺企銀,162,6,156,凱基-中港,2024-04-19,9202
00878,國泰永續高股息,176,21,155,凱基-中港,2024-04-19,9202
2412,中華電,154,3,151,凱基-中港,2024-04-19,9202
00919,群益台灣精選高息,170,23,147,凱基-中港,2024-04-19,9202
4155,訊映,142,0,142,凱基-中港,2024-04-19,9202
2618,長榮航,125,6,119,凱基-中港,2024-04-19,9202
0056,元大高股息,126,20,106,凱基-中港,2024-04-19,9202
00680L,元大美債20正2,116,17,99,凱基-中港,2024-04-19,9202
2371,大同,389,293,96,凱基-中港,2024-04-19,9202
2605,新興,97,5,92,凱基-中港,2024-04-19,9202
2515,中工,367,295,72,凱基-中港,2024-04-19,9202
00941,中信上游半導體,99,30,69,凱基-中港,2024-04-19,9202
2303,聯電,114,49,65,凱基-中港,2024-04-19,9202
8358,金居,62,0,62,凱基-中港,2024-04-19,9202
00642U,期元大S＆P石油,66,6,60,凱基-中港,2024-04-19,9202
2101,南港,101,44,57,凱基-中港,2024-04-19,9202
1618,合機,85,32,53,凱基-中港,2024-04-19,9202
2323,中環,50,0,50,凱基-中港,2024-04-19,9202
4714,永捷,50,0,50,凱基-中港,2024-04-19,9202
00942B,台新美A公司債20+,110,61,49,凱基-中港,2024-04-19,9202
2353,宏��,88,43,45,凱基-中港,2024-04-19,9202
9935,慶豐富,44,0,44,凱基-中港,2024-04-19,9202
1608,華榮,184,142,42,凱基-中港,2024-04-19,9202
1731,美吾華,40,0,40,凱基-中港,2024-04-19,9202
00715L,期街口布蘭特正2,70,30,40,凱基-中港,2024-04-19,9202
5521,工信,98,62,36,凱基-中港,2024-04-19,9202
2812,台中銀,33,0,33,凱基-中港,2024-04-19,9202
5483,中美晶,34,2,32,凱基-中港,2024-04-19,9202
4306,炎洲,32,0,32,凱基-中港,2024-04-19,9202
00888,永豐台灣ESG,31,0,31,凱基-中港,2024-04-19,9202
2891,中信金,42,12,30,凱基-中港,2024-04-19,9202
6282,康舒,45,15,30,凱基-中港,2024-04-19,9202
6219,富旺,31,2,29,凱基-中港,2024-04-19,9202
3294,英濟,37,9,28,凱基-中港,2024-04-19,9202
2002,中鋼,76,50,26,凱基-中港,2024-04-19,9202
5880,合庫金,26,0,26,凱基-中港,2024-04-19,9202
9105,泰金寶-DR,34,8,26,凱基-中港,2024-04-19,9202
3034,聯詠,40,15,25,凱基-中港,2024-04-19,9202
2317,鴻海,78,54,24,凱基-中港,2024-04-19,9202
00631L,元大台灣50正2,29,6,23,凱基-中港,2024-04-19,9202
3481,群創,80,60,20,凱基-中港,2024-04-19,9202
00662,富邦NASDAQ,20,0,20,凱基-中港,2024-04-19,9202
3014,聯陽,22,2,20,凱基-中港,2024-04-19,9202
4157,太景*-KY,23,3,20,凱基-中港,2024-04-19,9202
4111,濟生,20,0,20,凱基-中港,2024-04-19,9202
2892,第一金,31,11,20,凱基-中港,2024-04-19,9202
00929,復華台灣科技優息,466,165,301,凱基-中港,2024-04-22,9202
00940,元大台灣價值高息,204,9,195,凱基-中港,2024-04-22,9202
2515,中工,240,133,107,凱基-中港,2024-04-22,9202
2537,聯上發,100,10,90,凱基-中港,2024-04-22,9202
00939,統一台灣高息動能,90,3,87,凱基-中港,2024-04-22,9202
3481,群創,115,28,87,凱基-中港,2024-04-22,9202
4510,高鋒,86,0,86,凱基-中港,2024-04-22,9202
2344,華邦電,91,10,81,凱基-中港,2024-04-22,9202
3231,緯創,110,39,71,凱基-中港,2024-04-22,9202
00650L,復華香港正2,70,0,70,凱基-中港,2024-04-22,9202
00679B,元大美債20年,86,17,69,凱基-中港,2024-04-22,9202
8069,元太,64,1,63,凱基-中港,2024-04-22,9202
00937B,群益ESG投等債20,83,30,53,凱基-中港,2024-04-22,9202
2363,矽統,102,49,53,凱基-中港,2024-04-22,9202
00878,國泰永續高股息,48,5,43,凱基-中港,2024-04-22,9202
2303,聯電,43,1,42,凱基-中港,2024-04-22,9202
2547,日勝生,101,60,41,凱基-中港,2024-04-22,9202
00941,中信上游半導體,57,20,37,凱基-中港,2024-04-22,9202
1617,榮星,68,33,35,凱基-中港,2024-04-22,9202
6125,廣運,101,67,34,凱基-中港,2024-04-22,9202
6116,彩晶,33,0,33,凱基-中港,2024-04-22,9202
2330,台積電,49,18,31,凱基-中港,2024-04-22,9202
5230,雷笛克光學,34,4,30,凱基-中港,2024-04-22,9202
3056,富華新,30,0,30,凱基-中港,2024-04-22,9202
1587,吉茂,28,0,28,凱基-中港,2024-04-22,9202
5009,榮剛,58,32,26,凱基-中港,2024-04-22,9202
2007,燁興,25,0,25,凱基-中港,2024-04-22,9202
1101,台泥,32,8,24,凱基-中港,2024-04-22,9202
00635U,期元大S＆P黃金,22,0,22,凱基-中港,2024-04-22,9202
1608,華榮,64,42,22,凱基-中港,2024-04-22,9202
00931B,統一美債20年,20,0,20,凱基-中港,2024-04-22,9202
8039,台虹,20,0,20,凱基-中港,2024-04-22,9202
2314,台揚,20,0,20,凱基-中港,2024-04-22,9202
2014,中鴻,19,0,19,凱基-中港,2024-04-22,9202
2324,仁寶,20,2,18,凱基-中港,2024-04-22,9202
1514,亞力,27,9,18,凱基-中港,2024-04-22,9202
2009,第一銅,40,23,17,凱基-中港,2024-04-22,9202
2505,國揚,20,3,17,凱基-中港,2024-04-22,9202
3003,健和興,19,2,17,凱基-中港,2024-04-22,9202
1609,大亞,1077,1061,16,凱基-中港,2024-04-22,9202
2409,友達,20,5,15,凱基-中港,2024-04-22,9202
3015,全漢,17,2,15,凱基-中港,2024-04-22,9202
4111,濟生,15,0,15,凱基-中港,2024-04-22,9202
2897,王道銀行,15,0,15,凱基-中港,2024-04-22,9202
2903,遠百,20,5,15,凱基-中港,2024-04-22,9202
6190,萬泰科,15,0,15,凱基-中港,2024-04-22,9202
1316,上曜,20,5,15,凱基-中港,2024-04-22,9202
3703,欣陸,51,36,15,凱基-中港,2024-04-22,9202
3260,威剛,15,1,14,凱基-中港,2024-04-22,9202
4915,致伸,14,1,13,凱基-中港,2024-04-22,9202
00929,復華台灣科技優息,118,0,118,凱基-中港,2024-04-23,9202
1605,華新,106,14,92,凱基-中港,2024-04-23,9202
00940,元大台灣價值高息,93,15,78,凱基-中港,2024-04-23,9202
00939,統一台灣高息動能,83,6,77,凱基-中港,2024-04-23,9202
2603,長榮,73,8,65,凱基-中港,2024-04-23,9202
2329,華泰,53,1,52,凱基-中港,2024-04-23,9202
4714,永捷,39,1,38,凱基-中港,2024-04-23,9202
2618,長榮航,135,102,33,凱基-中港,2024-04-23,9202
4924,欣厚-KY,28,0,28,凱基-中港,2024-04-23,9202
2890,永豐金,40,12,28,凱基-中港,2024-04-23,9202
1617,榮星,30,2,28,凱基-中港,2024-04-23,9202
2303,聯電,33,7,26,凱基-中港,2024-04-23,9202
6207,雷科,27,2,25,凱基-中港,2024-04-23,9202
3013,晟銘電,26,2,24,凱基-中港,2024-04-23,9202
9935,慶豐富,23,0,23,凱基-中港,2024-04-23,9202
2367,燿華,26,3,23,凱基-中港,2024-04-23,9202
00941,中信上游半導體,62,40,22,凱基-中港,2024-04-23,9202
1612,宏泰,27,5,22,凱基-中港,2024-04-23,9202
2431,聯昌,22,0,22,凱基-中港,2024-04-23,9202
1808,潤隆,24,3,21,凱基-中港,2024-04-23,9202
6264,富裔,20,1,19,凱基-中港,2024-04-23,9202
4760,勤凱,18,0,18,凱基-中港,2024-04-23,9202
00878,國泰永續高股息,28,10,18,凱基-中港,2024-04-23,9202
2605,新興,18,0,18,凱基-中港,2024-04-23,9202
2363,矽統,48,32,16,凱基-中港,2024-04-23,9202
3003,健和興,16,0,16,凱基-中港,2024-04-23,9202
00661,元大日經225,16,0,16,凱基-中港,2024-04-23,9202
2630,亞航,16,0,16,凱基-中港,2024-04-23,9202
5230,雷笛克光學,21,6,15,凱基-中港,2024-04-23,9202
4111,濟生,15,0,15,凱基-中港,2024-04-23,9202
2745,五福,17,2,15,凱基-中港,2024-04-23,9202
2308,台達電,16,2,14,凱基-中港,2024-04-23,9202
2867,三商壽,31,17,14,凱基-中港,2024-04-23,9202
3260,威剛,13,0,13,凱基-中港,2024-04-23,9202
2344,華邦電,16,4,12,凱基-中港,2024-04-23,9202
8069,元太,13,1,12,凱基-中港,2024-04-23,9202
2208,台船,12,0,12,凱基-中港,2024-04-23,9202
5222,全訊,11,0,11,凱基-中港,2024-04-23,9202
00857B,永豐20年美公債,11,0,11,凱基-中港,2024-04-23,9202
2731,雄獅,19,8,11,凱基-中港,2024-04-23,9202
2354,鴻準,48,37,11,凱基-中港,2024-04-23,9202
0056,元大高股息,12,1,11,凱基-中港,2024-04-23,9202
1409,新纖,11,0,11,凱基-中港,2024-04-23,9202
5351,鈺創,13,3,10,凱基-中港,2024-04-23,9202
3715,定穎投控,12,2,10,凱基-中港,2024-04-23,9202
00882,中信中國高股息,10,0,10,凱基-中港,2024-04-23,9202
3059,華晶科,27,17,10,凱基-中港,2024-04-23,9202
6179,亞通,10,0,10,凱基-中港,2024-04-23,9202
00637L,元大滬深300正2,30,20,10,凱基-中港,2024-04-23,9202
1103,嘉泥,10,0,10,凱基-中港,2024-04-23,9202
2371,大同,1740,1255,485,凱基-中港,2024-04-24,9202
00929,復華台灣科技優息,426,33,393,凱基-中港,2024-04-24,9202
3481,群創,269,52,217,凱基-中港,2024-04-24,9202
00632R,元大台灣50反1,213,0,213,凱基-中港,2024-04-24,9202
2736,富野,160,2,158,凱基-中港,2024-04-24,9202
8936,國統,160,13,147,凱基-中港,2024-04-24,9202
2812,台中銀,104,1,103,凱基-中港,2024-04-24,9202
2317,鴻海,189,108,81,凱基-中港,2024-04-24,9202
3231,緯創,101,31,70,凱基-中港,2024-04-24,9202
2915,潤泰全,51,2,49,凱基-中港,2024-04-24,9202
2105,正新,49,0,49,凱基-中港,2024-04-24,9202
2431,聯昌,48,3,45,凱基-中港,2024-04-24,9202
2890,永豐金,40,0,40,凱基-中港,2024-04-24,9202
2889,國票金,40,0,40,凱基-中港,2024-04-24,9202
00751B,元大AAA至A公司債,40,0,40,凱基-中港,2024-04-24,9202
2009,第一銅,39,1,38,凱基-中港,2024-04-24,9202
1809,中釉,38,2,36,凱基-中港,2024-04-24,9202
00679B,元大美債20年,36,2,34,凱基-中港,2024-04-24,9202
5512,力麒,47,15,32,凱基-中港,2024-04-24,9202
2337,旺宏,32,0,32,凱基-中港,2024-04-24,9202
2382,廣達,58,27,31,凱基-中港,2024-04-24,9202
2891,中信金,37,8,29,凱基-中港,2024-04-24,9202
00715L,期街口布蘭特正2,30,2,28,凱基-中港,2024-04-24,9202
4714,永捷,28,1,27,凱基-中港,2024-04-24,9202
2356,英業達,42,16,26,凱基-中港,2024-04-24,9202
3491,昇達科,34,9,25,凱基-中港,2024-04-24,9202
6167,久正,32,9,23,凱基-中港,2024-04-24,9202
4541,晟田,23,0,23,凱基-中港,2024-04-24,9202
4583,台灣精銳,22,1,21,凱基-中港,2024-04-24,9202
4562,穎漢,22,1,21,凱基-中港,2024-04-24,9202
2206,三陽工業,40,19,21,凱基-中港,2024-04-24,9202
2886,兆豐金,22,2,20,凱基-中港,2024-04-24,9202
2705,六福,20,3,17,凱基-中港,2024-04-24,9202
3711,日月光投控,17,0,17,凱基-中港,2024-04-24,9202
6668,中揚光,25,9,16,凱基-中港,2024-04-24,9202
00931B,統一美債20年,15,0,15,凱基-中港,2024-04-24,9202
8183,精星,25,10,15,凱基-中港,2024-04-24,9202
2488,漢平,16,1,15,凱基-中港,2024-04-24,9202
4111,濟生,15,0,15,凱基-中港,2024-04-24,9202
6578,達邦蛋白,15,0,15,凱基-中港,2024-04-24,9202
6443,元晶,17,2,15,凱基-中港,2024-04-24,9202
2374,佳能,24,10,14,凱基-中港,2024-04-24,9202
2355,敬鵬,13,0,13,凱基-中港,2024-04-24,9202
00937B,群益ESG投等債20,13,0,13,凱基-中港,2024-04-24,9202
6761,穩得,12,0,12,凱基-中港,2024-04-24,9202
1904,正隆,11,0,11,凱基-中港,2024-04-24,9202
3490,單井,14,3,11,凱基-中港,2024-04-24,9202
00941,中信上游半導體,13,3,10,凱基-中港,2024-04-24,9202
1103,嘉泥,10,0,10,凱基-中港,2024-04-24,9202
6026,福邦證,10,0,10,凱基-中港,2024-04-24,9202
00929,復華台灣科技優息,468,0,468,凱基-中港,2024-04-25,9202
00940,元大台灣價值高息,140,3,137,凱基-中港,2024-04-25,9202
00650L,復華香港正2,141,25,116,凱基-中港,2024-04-25,9202
2883,凱基金,92,6,86,凱基-中港,2024-04-25,9202
3704,合勤控,64,0,64,凱基-中港,2024-04-25,9202
1522,堤維西,56,0,56,凱基-中港,2024-04-25,9202
6108,競國,49,0,49,凱基-中港,2024-04-25,9202
1101,台泥,49,4,45,凱基-中港,2024-04-25,9202
00878,國泰永續高股息,55,11,44,凱基-中港,2024-04-25,9202
8064,東捷,43,0,43,凱基-中港,2024-04-25,9202
00931B,統一美債20年,40,0,40,凱基-中港,2024-04-25,9202
4541,晟田,40,0,40,凱基-中港,2024-04-25,9202
6188,廣明,59,22,37,凱基-中港,2024-04-25,9202
5533,皇鼎,34,1,33,凱基-中港,2024-04-25,9202
2867,三商壽,33,0,33,凱基-中港,2024-04-25,9202
2891,中信金,33,0,33,凱基-中港,2024-04-25,9202
6785,昱展新藥,30,0,30,凱基-中港,2024-04-25,9202
2431,聯昌,30,0,30,凱基-中港,2024-04-25,9202
2634,漢翔,57,29,28,凱基-中港,2024-04-25,9202
00941,中信上游半導體,27,0,27,凱基-中港,2024-04-25,9202
00720B,元大投資級公司債,26,0,26,凱基-中港,2024-04-25,9202
00919,群益台灣精選高息,35,9,26,凱基-中港,2024-04-25,9202
1717,長興,26,0,26,凱基-中港,2024-04-25,9202
2515,中工,120,97,23,凱基-中港,2024-04-25,9202
2892,第一金,30,8,22,凱基-中港,2024-04-25,9202
00687B,國泰20年美債,22,0,22,凱基-中港,2024-04-25,9202
5328,華容,22,1,21,凱基-中港,2024-04-25,9202
1718,中纖,20,0,20,凱基-中港,2024-04-25,9202
2511,太子,20,0,20,凱基-中港,2024-04-25,9202
2812,台中銀,30,10,20,凱基-中港,2024-04-25,9202
2547,日勝生,30,11,19,凱基-中港,2024-04-25,9202
2486,一詮,26,8,18,凱基-中港,2024-04-25,9202
00937B,群益ESG投等債20,17,0,17,凱基-中港,2024-04-25,9202
1103,嘉泥,17,0,17,凱基-中港,2024-04-25,9202
00891,中信關鍵半導體,16,0,16,凱基-中港,2024-04-25,9202
6488,環球晶,16,0,16,凱基-中港,2024-04-25,9202
4906,正文,17,1,16,凱基-中港,2024-04-25,9202
00688L,國泰20年美債正2,15,0,15,凱基-中港,2024-04-25,9202
6167,久正,15,0,15,凱基-中港,2024-04-25,9202
2382,廣達,30,15,15,凱基-中港,2024-04-25,9202
3715,定穎投控,30,16,14,凱基-中港,2024-04-25,9202
4938,和碩,16,2,14,凱基-中港,2024-04-25,9202
2630,亞航,14,1,13,凱基-中港,2024-04-25,9202
5439,高技,19,6,13,凱基-中港,2024-04-25,9202
8070,長華*,13,0,13,凱基-中港,2024-04-25,9202
5230,雷笛克光學,18,6,12,凱基-中港,2024-04-25,9202
00923,群益台ESG低碳50,12,0,12,凱基-中港,2024-04-25,9202
00933B,國泰10Y+金融債,12,0,12,凱基-中港,2024-04-25,9202
5381,合正,12,0,12,凱基-中港,2024-04-25,9202
2354,鴻準,18,6,12,凱基-中港,2024-04-25,9202
00632R,元大台灣50反1,230,0,230,凱基-中港,2024-04-26,9202
2615,萬海,376,189,187,凱基-中港,2024-04-26,9202
5512,力麒,197,27,170,凱基-中港,2024-04-26,9202
00650L,復華香港正2,181,21,160,凱基-中港,2024-04-26,9202
00929,復華台灣科技優息,143,14,129,凱基-中港,2024-04-26,9202
6108,競國,121,0,121,凱基-中港,2024-04-26,9202
2611,志信,101,1,100,凱基-中港,2024-04-26,9202
00940,元大台灣價值高息,123,25,98,凱基-中港,2024-04-26,9202
8936,國統,98,5,93,凱基-中港,2024-04-26,9202
8064,東捷,108,21,87,凱基-中港,2024-04-26,9202
00931B,統一美債20年,75,0,75,凱基-中港,2024-04-26,9202
2101,南港,71,14,57,凱基-中港,2024-04-26,9202
8473,山林水,55,0,55,凱基-中港,2024-04-26,9202
1522,堤維西,50,0,50,凱基-中港,2024-04-26,9202
9907,統一實,50,0,50,凱基-中港,2024-04-26,9202
1459,聯發,50,0,50,凱基-中港,2024-04-26,9202
6165,浪凡,50,3,47,凱基-中港,2024-04-26,9202
1447,力鵬,45,0,45,凱基-中港,2024-04-26,9202
2323,中環,86,42,44,凱基-中港,2024-04-26,9202
2106,建大,40,0,40,凱基-中港,2024-04-26,9202
00753L,中信中國50正2,50,10,40,凱基-中港,2024-04-26,9202
3706,神達,44,7,37,凱基-中港,2024-04-26,9202
3231,緯創,62,26,36,凱基-中港,2024-04-26,9202
2363,矽統,54,18,36,凱基-中港,2024-04-26,9202
1455,集盛,50,15,35,凱基-中港,2024-04-26,9202
3363,上詮,39,5,34,凱基-中港,2024-04-26,9202
4714,永捷,32,0,32,凱基-中港,2024-04-26,9202
6443,元晶,31,0,31,凱基-中港,2024-04-26,9202
1516,川飛,28,0,28,凱基-中港,2024-04-26,9202
2359,所羅門,607,580,27,凱基-中港,2024-04-26,9202
2739,寒舍,30,4,26,凱基-中港,2024-04-26,9202
2027,大成鋼,30,5,25,凱基-中港,2024-04-26,9202
1907,永豐餘,25,0,25,凱基-中港,2024-04-26,9202
2887,台新金,33,8,25,凱基-中港,2024-04-26,9202
2009,第一銅,36,12,24,凱基-中港,2024-04-26,9202
6152,百一,22,0,22,凱基-中港,2024-04-26,9202
2547,日勝生,32,11,21,凱基-中港,2024-04-26,9202
4541,晟田,20,0,20,凱基-中港,2024-04-26,9202
2524,京城,20,1,19,凱基-中港,2024-04-26,9202
1314,中石化,39,20,19,凱基-中港,2024-04-26,9202
6578,達邦蛋白,18,0,18,凱基-中港,2024-04-26,9202
2637,慧洋-KY,21,3,18,凱基-中港,2024-04-26,9202
5522,遠雄,20,2,18,凱基-中港,2024-04-26,9202
00919,群益台灣精選高息,22,6,16,凱基-中港,2024-04-26,9202
6282,康舒,19,3,16,凱基-中港,2024-04-26,9202
2353,宏��,22,6,16,凱基-中港,2024-04-26,9202
5351,鈺創,20,5,15,凱基-中港,2024-04-26,9202
8234,新漢,21,6,15,凱基-中港,2024-04-26,9202
1440,南紡,62,48,14,凱基-中港,2024-04-26,9202
00637L,元大滬深300正2,32,18,14,凱基-中港,2024-04-26,9202
00632R,元大台灣50反1,693,0,693,凱基-中港,2024-04-29,9202
00931B,統一美債20年,143,0,143,凱基-中港,2024-04-29,9202
5392,能率,241,103,138,凱基-中港,2024-04-29,9202
2515,中工,179,68,111,凱基-中港,2024-04-29,9202
2883,凱基金,113,12,101,凱基-中港,2024-04-29,9202
2887,台新金,103,4,99,凱基-中港,2024-04-29,9202
1314,中石化,217,138,79,凱基-中港,2024-04-29,9202
2449,京元電子,208,138,70,凱基-中港,2024-04-29,9202
2514,龍邦,65,0,65,凱基-中港,2024-04-29,9202
2504,國產,68,3,65,凱基-中港,2024-04-29,9202
9945,潤泰新,53,4,49,凱基-中港,2024-04-29,9202
8110,華東,77,29,48,凱基-中港,2024-04-29,9202
00900,富邦特選高股息30,50,3,47,凱基-中港,2024-04-29,9202
00664R,國泰臺灣加權反1,46,0,46,凱基-中港,2024-04-29,9202
3481,群創,154,110,44,凱基-中港,2024-04-29,9202
00878,國泰永續高股息,56,15,41,凱基-中港,2024-04-29,9202
4155,訊映,40,1,39,凱基-中港,2024-04-29,9202
6167,久正,38,0,38,凱基-中港,2024-04-29,9202
2609,陽明,113,81,32,凱基-中港,2024-04-29,9202
3056,富華新,42,10,32,凱基-中港,2024-04-29,9202
00891,中信關鍵半導體,31,0,31,凱基-中港,2024-04-29,9202
00643,群益深証中小,51,20,31,凱基-中港,2024-04-29,9202
1720,生達,30,0,30,凱基-中港,2024-04-29,9202
9907,統一實,30,0,30,凱基-中港,2024-04-29,9202
1460,宏遠,30,0,30,凱基-中港,2024-04-29,9202
1532,勤美,28,3,25,凱基-中港,2024-04-29,9202
00941,中信上游半導體,24,0,24,凱基-中港,2024-04-29,9202
00902,中信電池及儲能,27,5,22,凱基-中港,2024-04-29,9202
8940,新天地,26,4,22,凱基-中港,2024-04-29,9202
2913,農林,44,22,22,凱基-中港,2024-04-29,9202
1616,億泰,21,0,21,凱基-中港,2024-04-29,9202
00929,復華台灣科技優息,68,48,20,凱基-中港,2024-04-29,9202
1513,中興電,27,8,19,凱基-中港,2024-04-29,9202
2409,友達,24,5,19,凱基-中港,2024-04-29,9202
6165,浪凡,20,2,18,凱基-中港,2024-04-29,9202
5880,合庫金,38,20,18,凱基-中港,2024-04-29,9202
2867,三商壽,41,24,17,凱基-中港,2024-04-29,9202
2104,國際中橡,21,5,16,凱基-中港,2024-04-29,9202
1608,華榮,37,21,16,凱基-中港,2024-04-29,9202
2897,王道銀行,15,0,15,凱基-中港,2024-04-29,9202
1789,神隆,16,1,15,凱基-中港,2024-04-29,9202
3705,永信,15,0,15,凱基-中港,2024-04-29,9202
8039,台虹,16,2,14,凱基-中港,2024-04-29,9202
2540,愛山林,14,0,14,凱基-中港,2024-04-29,9202
2359,所羅門,21,8,13,凱基-中港,2024-04-29,9202
3017,奇鋐,24,11,13,凱基-中港,2024-04-29,9202
00706L,期元大S＆P日圓正2,12,0,12,凱基-中港,2024-04-29,9202
6443,元晶,19,7,12,凱基-中港,2024-04-29,9202
8936,國統,14,3,11,凱基-中港,2024-04-29,9202
2527,宏璟,11,0,11,凱基-中港,2024-04-29,9202
00929,復華台灣科技優息,360,82,278,凱基-中港,2024-04-30,9202
00680L,元大美債20正2,87,0,87,凱基-中港,2024-04-30,9202
2363,矽統,242,158,84,凱基-中港,2024-04-30,9202
2515,中工,113,40,73,凱基-中港,2024-04-30,9202
1605,華新,64,2,62,凱基-中港,2024-04-30,9202
1304,台聚,60,0,60,凱基-中港,2024-04-30,9202
00751B,元大AAA至A公司債,59,0,59,凱基-中港,2024-04-30,9202
2887,台新金,64,5,59,凱基-中港,2024-04-30,9202
00940,元大台灣價值高息,42,1,41,凱基-中港,2024-04-30,9202
6190,萬泰科,49,9,40,凱基-中港,2024-04-30,9202
6443,元晶,40,1,39,凱基-中港,2024-04-30,9202
00878,國泰永續高股息,36,0,36,凱基-中港,2024-04-30,9202
2501,國建,541,507,34,凱基-中港,2024-04-30,9202
5880,合庫金,36,2,34,凱基-中港,2024-04-30,9202
00655L,國泰中國A50正2,30,0,30,凱基-中港,2024-04-30,9202
2002,中鋼,30,1,29,凱基-中港,2024-04-30,9202
2888,新光金,29,2,27,凱基-中港,2024-04-30,9202
2023,燁輝,25,0,25,凱基-中港,2024-04-30,9202
6215,和椿,25,3,22,凱基-中港,2024-04-30,9202
8110,華東,37,15,22,凱基-中港,2024-04-30,9202
2542,興富發,24,2,22,凱基-中港,2024-04-30,9202
3019,亞光,20,0,20,凱基-中港,2024-04-30,9202
1227,佳格,20,0,20,凱基-中港,2024-04-30,9202
6177,達麗,21,2,19,凱基-中港,2024-04-30,9202
2618,長榮航,68,49,19,凱基-中港,2024-04-30,9202
00927,群益半導體收益,17,2,15,凱基-中港,2024-04-30,9202
00693U,期街口S＆P黃豆,15,0,15,凱基-中港,2024-04-30,9202
2108,南帝,15,0,15,凱基-中港,2024-04-30,9202
1720,生達,15,0,15,凱基-中港,2024-04-30,9202
8050,廣積,20,5,15,凱基-中港,2024-04-30,9202
3003,健和興,15,1,14,凱基-中港,2024-04-30,9202
5531,鄉林,18,4,14,凱基-中港,2024-04-30,9202
3231,緯創,21,8,13,凱基-中港,2024-04-30,9202
2492,華新科,14,2,12,凱基-中港,2024-04-30,9202
6197,佳必琪,13,1,12,凱基-中港,2024-04-30,9202
00650L,復華香港正2,40,28,12,凱基-中港,2024-04-30,9202
5457,宣德,16,4,12,凱基-中港,2024-04-30,9202
1342,八貫,11,0,11,凱基-中港,2024-04-30,9202
2367,燿華,15,4,11,凱基-中港,2024-04-30,9202
2442,新美齊,16,5,11,凱基-中港,2024-04-30,9202
3441,聯一光,12,1,11,凱基-中港,2024-04-30,9202
8358,金居,16,5,11,凱基-中港,2024-04-30,9202
6284,佳邦,11,1,10,凱基-中港,2024-04-30,9202
2547,日勝生,10,0,10,凱基-中港,2024-04-30,9202
1409,新纖,10,0,10,凱基-中港,2024-04-30,9202
1319,東陽,10,0,10,凱基-中港,2024-04-30,9202
00665L,富邦�琤肭磪囓�2,10,0,10,凱基-中港,2024-04-30,9202
5452,佶優,10,0,10,凱基-中港,2024-04-30,9202
8089,康全電訊,10,0,10,凱基-中港,2024-04-30,9202
5347,世界,10,1,9,凱基-中港,2024-04-30,9202
00937B,群益ESG投等債20,277,0,277,凱基-中港,2024-05-02,9202
3481,群創,184,3,181,凱基-中港,2024-05-02,9202
00878,國泰永續高股息,168,2,166,凱基-中港,2024-05-02,9202
2883,凱基金,202,38,164,凱基-中港,2024-05-02,9202
00656R,國泰中國A50反1,100,0,100,凱基-中港,2024-05-02,9202
5607,遠雄港,74,0,74,凱基-中港,2024-05-02,9202
1609,大亞,100,29,71,凱基-中港,2024-05-02,9202
4510,高鋒,55,0,55,凱基-中港,2024-05-02,9202
00932,兆豐永續高息等權,50,0,50,凱基-中港,2024-05-02,9202
2882,國泰金,64,15,49,凱基-中港,2024-05-02,9202
2431,聯昌,40,0,40,凱基-中港,2024-05-02,9202
2501,國建,124,88,36,凱基-中港,2024-05-02,9202
8163,達方,30,0,30,凱基-中港,2024-05-02,9202
2330,台積電,32,2,30,凱基-中港,2024-05-02,9202
2891,中信金,27,1,26,凱基-中港,2024-05-02,9202
1909,榮成,25,0,25,凱基-中港,2024-05-02,9202
2527,宏璟,23,1,22,凱基-中港,2024-05-02,9202
2515,中工,42,21,21,凱基-中港,2024-05-02,9202
2303,聯電,50,29,21,凱基-中港,2024-05-02,9202
00919,群益台灣精選高息,24,4,20,凱基-中港,2024-05-02,9202
00857B,永豐20年美公債,20,0,20,凱基-中港,2024-05-02,9202
1220,台榮,21,1,20,凱基-中港,2024-05-02,9202
00679B,元大美債20年,22,2,20,凱基-中港,2024-05-02,9202
2614,東森,20,1,19,凱基-中港,2024-05-02,9202
1582,信錦,19,0,19,凱基-中港,2024-05-02,9202
1301,台塑,20,2,18,凱基-中港,2024-05-02,9202
2884,玉山金,21,3,18,凱基-中港,2024-05-02,9202
3483,力致,18,0,18,凱基-中港,2024-05-02,9202
9941,裕融,15,0,15,凱基-中港,2024-05-02,9202
00897,富邦基因免疫生技,15,0,15,凱基-中港,2024-05-02,9202
4726,永昕,15,0,15,凱基-中港,2024-05-02,9202
1802,台玻,15,0,15,凱基-中港,2024-05-02,9202
2609,陽明,70,55,15,凱基-中港,2024-05-02,9202
2002,中鋼,14,0,14,凱基-中港,2024-05-02,9202
00830,國泰費城半導體,14,0,14,凱基-中港,2024-05-02,9202
5439,高技,21,7,14,凱基-中港,2024-05-02,9202
2337,旺宏,14,0,14,凱基-中港,2024-05-02,9202
00940,元大台灣價值高息,21,8,13,凱基-中港,2024-05-02,9202
2409,友達,14,1,13,凱基-中港,2024-05-02,9202
1454,台富,13,0,13,凱基-中港,2024-05-02,9202
8940,新天地,14,1,13,凱基-中港,2024-05-02,9202
00642U,期元大S＆P石油,23,10,13,凱基-中港,2024-05-02,9202
00751B,元大AAA至A公司債,12,0,12,凱基-中港,2024-05-02,9202
1616,億泰,12,0,12,凱基-中港,2024-05-02,9202
2731,雄獅,14,2,12,凱基-中港,2024-05-02,9202
2360,致茂,11,0,11,凱基-中港,2024-05-02,9202
2887,台新金,11,0,11,凱基-中港,2024-05-02,9202
6274,台燿,12,1,11,凱基-中港,2024-05-02,9202
8210,勤誠,16,5,11,凱基-中港,2024-05-02,9202
6443,元晶,21,10,11,凱基-中港,2024-05-02,9202
9945,潤泰新,2288,2150,138,凱基-中港,2024-05-03,9202
00937B,群益ESG投等債20,122,0,122,凱基-中港,2024-05-03,9202
00878,國泰永續高股息,100,1,99,凱基-中港,2024-05-03,9202
00929,復華台灣科技優息,89,14,75,凱基-中港,2024-05-03,9202
2344,華邦電,80,10,70,凱基-中港,2024-05-03,9202
1785,光洋科,67,1,66,凱基-中港,2024-05-03,9202
1316,上曜,74,16,58,凱基-中港,2024-05-03,9202
8358,金居,59,6,53,凱基-中港,2024-05-03,9202
00891,中信關鍵半導體,52,0,52,凱基-中港,2024-05-03,9202
8112,至上,71,23,48,凱基-中港,2024-05-03,9202
3078,僑威,45,0,45,凱基-中港,2024-05-03,9202
00687B,國泰20年美債,44,1,43,凱基-中港,2024-05-03,9202
5328,華容,44,4,40,凱基-中港,2024-05-03,9202
2542,興富發,46,7,39,凱基-中港,2024-05-03,9202
9907,統一實,50,11,39,凱基-中港,2024-05-03,9202
00720B,元大投資級公司債,37,0,37,凱基-中港,2024-05-03,9202
6770,力積電,189,152,37,凱基-中港,2024-05-03,9202
4402,郡都開發,36,0,36,凱基-中港,2024-05-03,9202
00679B,元大美債20年,51,15,36,凱基-中港,2024-05-03,9202
6120,達運,35,0,35,凱基-中港,2024-05-03,9202
1514,亞力,304,270,34,凱基-中港,2024-05-03,9202
00940,元大台灣價值高息,37,5,32,凱基-中港,2024-05-03,9202
1731,美吾華,30,0,30,凱基-中港,2024-05-03,9202
6165,浪凡,33,3,30,凱基-中港,2024-05-03,9202
6108,競國,30,0,30,凱基-中港,2024-05-03,9202
4714,永捷,37,8,29,凱基-中港,2024-05-03,9202
2545,皇翔,34,6,28,凱基-中港,2024-05-03,9202
5880,合庫金,30,3,27,凱基-中港,2024-05-03,9202
3030,德律,53,28,25,凱基-中港,2024-05-03,9202
3231,緯創,61,37,24,凱基-中港,2024-05-03,9202
3706,神達,23,0,23,凱基-中港,2024-05-03,9202
1609,大亞,51,29,22,凱基-中港,2024-05-03,9202
1454,台富,22,0,22,凱基-中港,2024-05-03,9202
9105,泰金寶-DR,22,0,22,凱基-中港,2024-05-03,9202
2537,聯上發,24,2,22,凱基-中港,2024-05-03,9202
2887,台新金,26,4,22,凱基-中港,2024-05-03,9202
3714,富采,32,13,19,凱基-中港,2024-05-03,9202
00933B,國泰10Y+金融債,19,0,19,凱基-中港,2024-05-03,9202
1475,業旺,18,0,18,凱基-中港,2024-05-03,9202
5230,雷笛克光學,19,1,18,凱基-中港,2024-05-03,9202
5222,全訊,20,2,18,凱基-中港,2024-05-03,9202
00712,復華富時不動產,16,0,16,凱基-中港,2024-05-03,9202
00751B,元大AAA至A公司債,16,0,16,凱基-中港,2024-05-03,9202
1314,中石化,48,32,16,凱基-中港,2024-05-03,9202
9904,寶成,21,5,16,凱基-中港,2024-05-03,9202
5522,遠雄,27,11,16,凱基-中港,2024-05-03,9202
2363,矽統,70,55,15,凱基-中港,2024-05-03,9202
00857B,永豐20年美公債,15,0,15,凱基-中港,2024-05-03,9202
1342,八貫,15,0,15,凱基-中港,2024-05-03,9202
2889,國票金,22,8,14,凱基-中港,2024-05-03,9202
00680L,元大美債20正2,659,87,572,凱基-中港,2024-05-06,9202
8096,擎亞,246,111,135,凱基-中港,2024-05-06,9202
2701,萬企,68,0,68,凱基-中港,2024-05-06,9202
2527,宏璟,67,0,67,凱基-中港,2024-05-06,9202
00937B,群益ESG投等債20,72,5,67,凱基-中港,2024-05-06,9202
00945B,凱基美國非投等債,55,0,55,凱基-中港,2024-05-06,9202
2323,中環,52,1,51,凱基-中港,2024-05-06,9202
2449,京元電子,165,124,41,凱基-中港,2024-05-06,9202
00878,國泰永續高股息,79,41,38,凱基-中港,2024-05-06,9202
00632R,元大台灣50反1,251,214,37,凱基-中港,2024-05-06,9202
5230,雷笛克光學,35,0,35,凱基-中港,2024-05-06,9202
00679B,元大美債20年,40,6,34,凱基-中港,2024-05-06,9202
2329,華泰,34,1,33,凱基-中港,2024-05-06,9202
00688L,國泰20年美債正2,30,0,30,凱基-中港,2024-05-06,9202
00637L,元大滬深300正2,32,3,29,凱基-中港,2024-05-06,9202
3622,洋華,30,1,29,凱基-中港,2024-05-06,9202
3188,鑫龍騰,30,1,29,凱基-中港,2024-05-06,9202
00940,元大台灣價值高息,61,34,27,凱基-中港,2024-05-06,9202
00713,元大台灣高息低波,30,4,26,凱基-中港,2024-05-06,9202
2538,基泰,41,15,26,凱基-中港,2024-05-06,9202
00919,群益台灣精選高息,29,4,25,凱基-中港,2024-05-06,9202
4130,健亞,25,0,25,凱基-中港,2024-05-06,9202
00891,中信關鍵半導體,23,0,23,凱基-中港,2024-05-06,9202
2812,台中銀,26,3,23,凱基-中港,2024-05-06,9202
6269,台郡,23,1,22,凱基-中港,2024-05-06,9202
1582,信錦,42,20,22,凱基-中港,2024-05-06,9202
2344,華邦電,27,7,20,凱基-中港,2024-05-06,9202
00669R,國泰美國道瓊反1,20,0,20,凱基-中港,2024-05-06,9202
9933,中鼎,19,0,19,凱基-中港,2024-05-06,9202
6180,橘子,17,0,17,凱基-中港,2024-05-06,9202
2392,正崴,28,11,17,凱基-中港,2024-05-06,9202
2359,所羅門,23,6,17,凱基-中港,2024-05-06,9202
6282,康舒,22,6,16,凱基-中港,2024-05-06,9202
1319,東陽,14,0,14,凱基-中港,2024-05-06,9202
2363,矽統,39,26,13,凱基-中港,2024-05-06,9202
2313,華通,13,0,13,凱基-中港,2024-05-06,9202
6668,中揚光,16,3,13,凱基-中港,2024-05-06,9202
3680,家登,13,1,12,凱基-中港,2024-05-06,9202
2515,中工,28,16,12,凱基-中港,2024-05-06,9202
5443,均豪,12,0,12,凱基-中港,2024-05-06,9202
3090,日電貿,13,1,12,凱基-中港,2024-05-06,9202
5439,高技,12,0,12,凱基-中港,2024-05-06,9202
8905,裕國,12,0,12,凱基-中港,2024-05-06,9202
6214,精誠,13,2,11,凱基-中港,2024-05-06,9202
4919,新唐,12,1,11,凱基-中港,2024-05-06,9202
6190,萬泰科,13,2,11,凱基-中港,2024-05-06,9202
8070,長華*,11,0,11,凱基-中港,2024-05-06,9202
00720B,元大投資級公司債,10,0,10,凱基-中港,2024-05-06,9202
5469,瀚宇博,10,0,10,凱基-中港,2024-05-06,9202
2308,台達電,11,1,10,凱基-中港,2024-05-06,9202
00680L,元大美債20正2,165,0,165,凱基-中港,2024-05-07,9202
2606,裕民,168,9,159,凱基-中港,2024-05-07,9202
1609,大亞,261,160,101,凱基-中港,2024-05-07,9202
00753L,中信中國50正2,78,0,78,凱基-中港,2024-05-07,9202
3339,泰谷,77,0,77,凱基-中港,2024-05-07,9202
00878,國泰永續高股息,122,49,73,凱基-中港,2024-05-07,9202
3481,群創,87,25,62,凱基-中港,2024-05-07,9202
2542,興富發,58,8,50,凱基-中港,2024-05-07,9202
1342,八貫,49,0,49,凱基-中港,2024-05-07,9202
00937B,群益ESG投等債20,48,1,47,凱基-中港,2024-05-07,9202
00632R,元大台灣50反1,48,3,45,凱基-中港,2024-05-07,9202
2883,凱基金,65,21,44,凱基-中港,2024-05-07,9202
2887,台新金,54,10,44,凱基-中港,2024-05-07,9202
2515,中工,66,25,41,凱基-中港,2024-05-07,9202
3006,晶豪科,42,4,38,凱基-中港,2024-05-07,9202
2913,農林,43,6,37,凱基-中港,2024-05-07,9202
3013,晟銘電,48,14,34,凱基-中港,2024-05-07,9202
2371,大同,60,26,34,凱基-中港,2024-05-07,9202
2486,一詮,106,73,33,凱基-中港,2024-05-07,9202
1785,光洋科,36,3,33,凱基-中港,2024-05-07,9202
6188,廣明,52,19,33,凱基-中港,2024-05-07,9202
6282,康舒,46,14,32,凱基-中港,2024-05-07,9202
2362,藍天,33,2,31,凱基-中港,2024-05-07,9202
2344,華邦電,51,20,31,凱基-中港,2024-05-07,9202
2603,長榮,34,4,30,凱基-中港,2024-05-07,9202
1907,永豐餘,28,1,27,凱基-中港,2024-05-07,9202
4130,健亞,25,0,25,凱基-中港,2024-05-07,9202
2329,華泰,24,0,24,凱基-中港,2024-05-07,9202
6125,廣運,29,6,23,凱基-中港,2024-05-07,9202
5871,中租-KY,25,2,23,凱基-中港,2024-05-07,9202
2363,矽統,47,24,23,凱基-中港,2024-05-07,9202
2449,京元電子,27,5,22,凱基-中港,2024-05-07,9202
6005,群益證,22,1,21,凱基-中港,2024-05-07,9202
3609,三一東林,20,0,20,凱基-中港,2024-05-07,9202
5210,寶碩,20,0,20,凱基-中港,2024-05-07,9202
00635U,期元大S＆P黃金,20,0,20,凱基-中港,2024-05-07,9202
6219,富旺,20,0,20,凱基-中港,2024-05-07,9202
3704,合勤控,24,5,19,凱基-中港,2024-05-07,9202
2880,華南金,29,13,16,凱基-中港,2024-05-07,9202
2812,台中銀,19,3,16,凱基-中港,2024-05-07,9202
5469,瀚宇博,16,0,16,凱基-中港,2024-05-07,9202
8936,國統,26,11,15,凱基-中港,2024-05-07,9202
1101,台泥,26,11,15,凱基-中港,2024-05-07,9202
5512,力麒,27,12,15,凱基-中港,2024-05-07,9202
1731,美吾華,15,0,15,凱基-中港,2024-05-07,9202
00919,群益台灣精選高息,29,16,13,凱基-中港,2024-05-07,9202
3206,志豐,13,0,13,凱基-中港,2024-05-07,9202
2888,新光金,33,21,12,凱基-中港,2024-05-07,9202
3587,閎康,13,1,12,凱基-中港,2024-05-07,9202
3715,定穎投控,12,0,12,凱基-中港,2024-05-07,9202
00878,國泰永續高股息,287,34,253,凱基-中港,2024-05-08,9202
2367,燿華,313,152,161,凱基-中港,2024-05-08,9202
00937B,群益ESG投等債20,145,13,132,凱基-中港,2024-05-08,9202
00632R,元大台灣50反1,125,0,125,凱基-中港,2024-05-08,9202
2365,昆盈,113,4,109,凱基-中港,2024-05-08,9202
1514,亞力,136,32,104,凱基-中港,2024-05-08,9202
3624,光頡,92,4,88,凱基-中港,2024-05-08,9202
2359,所羅門,174,111,63,凱基-中港,2024-05-08,9202
5871,中租-KY,426,363,63,凱基-中港,2024-05-08,9202
2883,凱基金,53,5,48,凱基-中港,2024-05-08,9202
00720B,元大投資級公司債,46,0,46,凱基-中港,2024-05-08,9202
4130,健亞,39,0,39,凱基-中港,2024-05-08,9202
00940,元大台灣價值高息,56,19,37,凱基-中港,2024-05-08,9202
6005,群益證,44,9,35,凱基-中港,2024-05-08,9202
00933B,國泰10Y+金融債,35,0,35,凱基-中港,2024-05-08,9202
2603,長榮,64,30,34,凱基-中港,2024-05-08,9202
1809,中釉,33,0,33,凱基-中港,2024-05-08,9202
00919,群益台灣精選高息,31,0,31,凱基-中港,2024-05-08,9202
2634,漢翔,50,20,30,凱基-中港,2024-05-08,9202
8039,台虹,43,13,30,凱基-中港,2024-05-08,9202
6165,浪凡,30,0,30,凱基-中港,2024-05-08,9202
2596,綠意,25,0,25,凱基-中港,2024-05-08,9202
5608,四維航,42,19,23,凱基-中港,2024-05-08,9202
00665L,富邦�琤肭磪囓�2,22,0,22,凱基-中港,2024-05-08,9202
2606,裕民,49,27,22,凱基-中港,2024-05-08,9202
1319,東陽,21,1,20,凱基-中港,2024-05-08,9202
00903,富邦元宇宙,20,0,20,凱基-中港,2024-05-08,9202
6284,佳邦,26,6,20,凱基-中港,2024-05-08,9202
2884,玉山金,20,0,20,凱基-中港,2024-05-08,9202
1605,華新,19,0,19,凱基-中港,2024-05-08,9202
3034,聯詠,18,0,18,凱基-中港,2024-05-08,9202
3017,奇鋐,27,9,18,凱基-中港,2024-05-08,9202
2338,光罩,17,0,17,凱基-中港,2024-05-08,9202
5009,榮剛,18,2,16,凱基-中港,2024-05-08,9202
00687B,國泰20年美債,23,7,16,凱基-中港,2024-05-08,9202
6026,福邦證,16,0,16,凱基-中港,2024-05-08,9202
2611,志信,21,5,16,凱基-中港,2024-05-08,9202
3044,健鼎,53,37,16,凱基-中港,2024-05-08,9202
2425,承啟,15,0,15,凱基-中港,2024-05-08,9202
2031,新光鋼,15,0,15,凱基-中港,2024-05-08,9202
00752,中信中國50,15,0,15,凱基-中港,2024-05-08,9202
00637L,元大滬深300正2,20,5,15,凱基-中港,2024-05-08,9202
00932,兆豐永續高息等權,14,0,14,凱基-中港,2024-05-08,9202
1304,台聚,14,0,14,凱基-中港,2024-05-08,9202
5388,中磊,14,1,13,凱基-中港,2024-05-08,9202
9958,世紀鋼,15,2,13,凱基-中港,2024-05-08,9202
1316,上曜,13,0,13,凱基-中港,2024-05-08,9202
3481,群創,212,200,12,凱基-中港,2024-05-08,9202
4958,臻鼎-KY,14,2,12,凱基-中港,2024-05-08,9202
2618,長榮航,63,51,12,凱基-中港,2024-05-08,9202
00937B,群益ESG投等債20,157,10,147,凱基-中港,2024-05-09,9202
2618,長榮航,204,58,146,凱基-中港,2024-05-09,9202
00632R,元大台灣50反1,111,0,111,凱基-中港,2024-05-09,9202
00679B,元大美債20年,63,2,61,凱基-中港,2024-05-09,9202
2889,國票金,67,11,56,凱基-中港,2024-05-09,9202
2610,華航,57,1,56,凱基-中港,2024-05-09,9202
00753L,中信中國50正2,55,0,55,凱基-中港,2024-05-09,9202
1731,美吾華,45,0,45,凱基-中港,2024-05-09,9202
1314,中石化,46,1,45,凱基-中港,2024-05-09,9202
00940,元大台灣價值高息,44,0,44,凱基-中港,2024-05-09,9202
9944,新麗,40,0,40,凱基-中港,2024-05-09,9202
2409,友達,39,2,37,凱基-中港,2024-05-09,9202
2323,中環,35,0,35,凱基-中港,2024-05-09,9202
00720B,元大投資級公司債,33,0,33,凱基-中港,2024-05-09,9202
1785,光洋科,32,0,32,凱基-中港,2024-05-09,9202
8473,山林水,32,0,32,凱基-中港,2024-05-09,9202
2704,國賓,136,106,30,凱基-中港,2024-05-09,9202
3624,光頡,30,0,30,凱基-中港,2024-05-09,9202
00929,復華台灣科技優息,40,11,29,凱基-中港,2024-05-09,9202
4130,健亞,29,0,29,凱基-中港,2024-05-09,9202
3090,日電貿,31,6,25,凱基-中港,2024-05-09,9202
2892,第一金,26,1,25,凱基-中港,2024-05-09,9202
5351,鈺創,24,1,23,凱基-中港,2024-05-09,9202
6207,雷科,62,39,23,凱基-中港,2024-05-09,9202
2913,農林,22,0,22,凱基-中港,2024-05-09,9202
3030,德律,24,2,22,凱基-中港,2024-05-09,9202
1307,三芳,21,0,21,凱基-中港,2024-05-09,9202
3013,晟銘電,43,22,21,凱基-中港,2024-05-09,9202
5871,中租-KY,26,6,20,凱基-中港,2024-05-09,9202
2363,矽統,45,25,20,凱基-中港,2024-05-09,9202
00932,兆豐永續高息等權,19,0,19,凱基-中港,2024-05-09,9202
3466,德晉,20,1,19,凱基-中港,2024-05-09,9202
2329,華泰,27,8,19,凱基-中港,2024-05-09,9202
3715,定穎投控,18,1,17,凱基-中港,2024-05-09,9202
4906,正文,17,0,17,凱基-中港,2024-05-09,9202
1609,大亞,62,45,17,凱基-中港,2024-05-09,9202
4543,萬在,17,0,17,凱基-中港,2024-05-09,9202
6790,永豐實,16,0,16,凱基-中港,2024-05-09,9202
1101,台泥,18,2,16,凱基-中港,2024-05-09,9202
00690,兆豐藍籌30,16,0,16,凱基-中港,2024-05-09,9202
00642U,期元大S＆P石油,15,0,15,凱基-中港,2024-05-09,9202
0061,元大寶滬深,15,0,15,凱基-中港,2024-05-09,9202
2324,仁寶,24,9,15,凱基-中港,2024-05-09,9202
3356,奇偶,31,16,15,凱基-中港,2024-05-09,9202
00931B,統一美債20年,14,0,14,凱基-中港,2024-05-09,9202
00944,野村趨勢動能高息,27,13,14,凱基-中港,2024-05-09,9202
3005,神基,16,2,14,凱基-中港,2024-05-09,9202
6228,全譜,14,0,14,凱基-中港,2024-05-09,9202
8299,群聯,13,0,13,凱基-中港,2024-05-09,9202
2371,大同,55,42,13,凱基-中港,2024-05-09,9202
00929,復華台灣科技優息,292,21,271,凱基-中港,2024-05-10,9202
00918,大華優利高填息30,107,5,102,凱基-中港,2024-05-10,9202
00878,國泰永續高股息,122,54,68,凱基-中港,2024-05-10,9202
00919,群益台灣精選高息,64,5,59,凱基-中港,2024-05-10,9202
2313,華通,64,7,57,凱基-中港,2024-05-10,9202
00946,群益科技高息成長,57,0,57,凱基-中港,2024-05-10,9202
2409,友達,59,4,55,凱基-中港,2024-05-10,9202
8936,國統,84,33,51,凱基-中港,2024-05-10,9202
00713,元大台灣高息低波,40,2,38,凱基-中港,2024-05-10,9202
00632R,元大台灣50反1,36,0,36,凱基-中港,2024-05-10,9202
3466,德晉,33,0,33,凱基-中港,2024-05-10,9202
2634,漢翔,34,2,32,凱基-中港,2024-05-10,9202
1587,吉茂,32,2,30,凱基-中港,2024-05-10,9202
2107,厚生,30,0,30,凱基-中港,2024-05-10,9202
5347,世界,30,4,26,凱基-中港,2024-05-10,9202
2371,大同,76,50,26,凱基-中港,2024-05-10,9202
6228,全譜,22,0,22,凱基-中港,2024-05-10,9202
1815,富喬,30,9,21,凱基-中港,2024-05-10,9202
2527,宏璟,20,0,20,凱基-中港,2024-05-10,9202
1447,力鵬,20,1,19,凱基-中港,2024-05-10,9202
5009,榮剛,31,12,19,凱基-中港,2024-05-10,9202
2353,宏��,41,23,18,凱基-中港,2024-05-10,9202
3013,晟銘電,58,40,18,凱基-中港,2024-05-10,9202
2363,矽統,41,24,17,凱基-中港,2024-05-10,9202
3680,家登,15,0,15,凱基-中港,2024-05-10,9202
6538,倉和,15,0,15,凱基-中港,2024-05-10,9202
0056,元大高股息,21,6,15,凱基-中港,2024-05-10,9202
3006,晶豪科,14,0,14,凱基-中港,2024-05-10,9202
2329,華泰,14,0,14,凱基-中港,2024-05-10,9202
2812,台中銀,70,56,14,凱基-中港,2024-05-10,9202
1504,東元,17,3,14,凱基-中港,2024-05-10,9202
00937B,群益ESG投等債20,17,4,13,凱基-中港,2024-05-10,9202
3033,威健,13,0,13,凱基-中港,2024-05-10,9202
00635U,期元大S＆P黃金,12,0,12,凱基-中港,2024-05-10,9202
2368,金像電,42,30,12,凱基-中港,2024-05-10,9202
6116,彩晶,12,0,12,凱基-中港,2024-05-10,9202
6207,雷科,45,33,12,凱基-中港,2024-05-10,9202
2421,建準,16,4,12,凱基-中港,2024-05-10,9202
8112,至上,315,303,12,凱基-中港,2024-05-10,9202
2913,農林,13,2,11,凱基-中港,2024-05-10,9202
2388,威盛,12,1,11,凱基-中港,2024-05-10,9202
1446,宏和,12,1,11,凱基-中港,2024-05-10,9202
2002,中鋼,18,8,10,凱基-中港,2024-05-10,9202
6215,和椿,27,17,10,凱基-中港,2024-05-10,9202
00690,兆豐藍籌30,10,0,10,凱基-中港,2024-05-10,9202
3537,堡達,10,0,10,凱基-中港,2024-05-10,9202
00885,富邦越南,10,0,10,凱基-中港,2024-05-10,9202
1303,南亞,12,2,10,凱基-中港,2024-05-10,9202
9934,成霖,10,0,10,凱基-中港,2024-05-10,9202
6005,群益證,14,4,10,凱基-中港,2024-05-10,9202
2609,陽明,853,257,596,凱基-中港,2024-05-13,9202
00632R,元大台灣50反1,377,10,367,凱基-中港,2024-05-13,9202
2605,新興,258,29,229,凱基-中港,2024-05-13,9202
00878,國泰永續高股息,192,12,180,凱基-中港,2024-05-13,9202
5009,榮剛,157,10,147,凱基-中港,2024-05-13,9202
00929,復華台灣科技優息,127,20,107,凱基-中港,2024-05-13,9202
00937B,群益ESG投等債20,72,1,71,凱基-中港,2024-05-13,9202
2618,長榮航,107,40,67,凱基-中港,2024-05-13,9202
2615,萬海,139,72,67,凱基-中港,2024-05-13,9202
00680L,元大美債20正2,60,0,60,凱基-中港,2024-05-13,9202
2363,矽統,86,32,54,凱基-中港,2024-05-13,9202
8358,金居,54,1,53,凱基-中港,2024-05-13,9202
00919,群益台灣精選高息,49,3,46,凱基-中港,2024-05-13,9202
2891,中信金,48,3,45,凱基-中港,2024-05-13,9202
2527,宏璟,44,0,44,凱基-中港,2024-05-13,9202
3231,緯創,64,21,43,凱基-中港,2024-05-13,9202
3322,建舜電,36,0,36,凱基-中港,2024-05-13,9202
2888,新光金,39,4,35,凱基-中港,2024-05-13,9202
0056,元大高股息,42,7,35,凱基-中港,2024-05-13,9202
00751B,元大AAA至A公司債,33,0,33,凱基-中港,2024-05-13,9202
2617,台航,33,3,30,凱基-中港,2024-05-13,9202
8131,福懋科,30,0,30,凱基-中港,2024-05-13,9202
1101,台泥,51,21,30,凱基-中港,2024-05-13,9202
2607,榮運,77,50,27,凱基-中港,2024-05-13,9202
2641,正德,246,219,27,凱基-中港,2024-05-13,9202
1314,中石化,34,8,26,凱基-中港,2024-05-13,9202
6451,訊芯-KY,26,0,26,凱基-中港,2024-05-13,9202
6282,康舒,24,0,24,凱基-中港,2024-05-13,9202
4714,永捷,25,1,24,凱基-中港,2024-05-13,9202
3481,群創,52,28,24,凱基-中港,2024-05-13,9202
2449,京元電子,24,2,22,凱基-中港,2024-05-13,9202
2352,佳世達,22,0,22,凱基-中港,2024-05-13,9202
00637L,元大滬深300正2,44,22,22,凱基-中港,2024-05-13,9202
00944,野村趨勢動能高息,23,2,21,凱基-中港,2024-05-13,9202
00720B,元大投資級公司債,31,12,19,凱基-中港,2024-05-13,9202
00946,群益科技高息成長,17,1,16,凱基-中港,2024-05-13,9202
2365,昆盈,17,1,16,凱基-中港,2024-05-13,9202
6743,安普新,16,0,16,凱基-中港,2024-05-13,9202
2323,中環,20,5,15,凱基-中港,2024-05-13,9202
4763,材料-KY,30,16,14,凱基-中港,2024-05-13,9202
00650L,復華香港正2,15,1,14,凱基-中港,2024-05-13,9202
6228,全譜,14,0,14,凱基-中港,2024-05-13,9202
3466,德晉,14,0,14,凱基-中港,2024-05-13,9202
5225,東科-KY,17,3,14,凱基-中港,2024-05-13,9202
2603,長榮,946,932,14,凱基-中港,2024-05-13,9202
3260,威剛,23,10,13,凱基-中港,2024-05-13,9202
00927,群益半導體收益,13,0,13,凱基-中港,2024-05-13,9202
3703,欣陸,17,4,13,凱基-中港,2024-05-13,9202
00936,台新永續高息中小,17,5,12,凱基-中港,2024-05-13,9202
6143,振曜,12,0,12,凱基-中港,2024-05-13,9202
00632R,元大台灣50反1,344,0,344,凱基-中港,2024-05-14,9202
00937B,群益ESG投等債20,174,1,173,凱基-中港,2024-05-14,9202
4155,訊映,138,0,138,凱基-中港,2024-05-14,9202
1303,南亞,127,5,122,凱基-中港,2024-05-14,9202
00680L,元大美債20正2,100,2,98,凱基-中港,2024-05-14,9202
2353,宏��,161,71,90,凱基-中港,2024-05-14,9202
1503,士電,78,3,75,凱基-中港,2024-05-14,9202
1301,台塑,70,8,62,凱基-中港,2024-05-14,9202
2618,長榮航,83,23,60,凱基-中港,2024-05-14,9202
2431,聯昌,50,0,50,凱基-中港,2024-05-14,9202
1218,泰山,50,0,50,凱基-中港,2024-05-14,9202
2887,台新金,46,0,46,凱基-中港,2024-05-14,9202
2317,鴻海,79,35,44,凱基-中港,2024-05-14,9202
00878,國泰永續高股息,44,3,41,凱基-中港,2024-05-14,9202
8033,雷虎,42,8,34,凱基-中港,2024-05-14,9202
00751B,元大AAA至A公司債,33,0,33,凱基-中港,2024-05-14,9202
5871,中租-KY,31,0,31,凱基-中港,2024-05-14,9202
00637L,元大滬深300正2,30,0,30,凱基-中港,2024-05-14,9202
2515,中工,37,10,27,凱基-中港,2024-05-14,9202
2476,鉅祥,32,8,24,凱基-中港,2024-05-14,9202
2371,大同,54,30,24,凱基-中港,2024-05-14,9202
2915,潤泰全,27,4,23,凱基-中港,2024-05-14,9202
2889,國票金,24,1,23,凱基-中港,2024-05-14,9202
1907,永豐餘,21,0,21,凱基-中港,2024-05-14,9202
2363,矽統,95,74,21,凱基-中港,2024-05-14,9202
00932,兆豐永續高息等權,20,0,20,凱基-中港,2024-05-14,9202
8096,擎亞,20,0,20,凱基-中港,2024-05-14,9202
6024,群益期,23,5,18,凱基-中港,2024-05-14,9202
6743,安普新,17,0,17,凱基-中港,2024-05-14,9202
3466,德晉,17,0,17,凱基-中港,2024-05-14,9202
4967,十銓,17,1,16,凱基-中港,2024-05-14,9202
2851,中再保,16,0,16,凱基-中港,2024-05-14,9202
4720,德淵,16,0,16,凱基-中港,2024-05-14,9202
3231,緯創,45,30,15,凱基-中港,2024-05-14,9202
00941,中信上游半導體,16,1,15,凱基-中港,2024-05-14,9202
2867,三商壽,15,0,15,凱基-中港,2024-05-14,9202
00690,兆豐藍籌30,15,0,15,凱基-中港,2024-05-14,9202
2537,聯上發,15,0,15,凱基-中港,2024-05-14,9202
3537,堡達,15,0,15,凱基-中港,2024-05-14,9202
6547,高端疫苗,15,0,15,凱基-中港,2024-05-14,9202
2106,建大,15,0,15,凱基-中港,2024-05-14,9202
2511,太子,19,5,14,凱基-中港,2024-05-14,9202
3033,威健,14,0,14,凱基-中港,2024-05-14,9202
2641,正德,23,9,14,凱基-中港,2024-05-14,9202
00679B,元大美債20年,16,2,14,凱基-中港,2024-05-14,9202
4960,誠美材,14,0,14,凱基-中港,2024-05-14,9202
5213,亞昕,20,7,13,凱基-中港,2024-05-14,9202
2881,富邦金,18,5,13,凱基-中港,2024-05-14,9202
00919,群益台灣精選高息,43,31,12,凱基-中港,2024-05-14,9202
6228,全譜,12,0,12,凱基-中港,2024-05-14,9202
00945B,凱基美國非投等債,152,0,152,凱基-中港,2024-05-15,9202
00937B,群益ESG投等債20,123,3,120,凱基-中港,2024-05-15,9202
2618,長榮航,101,12,89,凱基-中港,2024-05-15,9202
00679B,元大美債20年,95,7,88,凱基-中港,2024-05-15,9202
00940,元大台灣價值高息,81,0,81,凱基-中港,2024-05-15,9202
2317,鴻海,120,40,80,凱基-中港,2024-05-15,9202
00725B,國泰投資級公司債,80,4,76,凱基-中港,2024-05-15,9202
00878,國泰永續高股息,87,11,76,凱基-中港,2024-05-15,9202
2323,中環,72,4,68,凱基-中港,2024-05-15,9202
6226,光鼎,65,0,65,凱基-中港,2024-05-15,9202
00933B,國泰10Y+金融債,102,38,64,凱基-中港,2024-05-15,9202
5009,榮剛,66,2,64,凱基-中港,2024-05-15,9202
00720B,元大投資級公司債,60,1,59,凱基-中港,2024-05-15,9202
2498,宏達電,56,0,56,凱基-中港,2024-05-15,9202
2367,燿華,330,276,54,凱基-中港,2024-05-15,9202
2105,正新,92,39,53,凱基-中港,2024-05-15,9202
1608,華榮,77,26,51,凱基-中港,2024-05-15,9202
00664R,國泰臺灣加權反1,51,2,49,凱基-中港,2024-05-15,9202
2486,一詮,62,19,43,凱基-中港,2024-05-15,9202
5469,瀚宇博,41,3,38,凱基-中港,2024-05-15,9202
2406,國碩,39,5,34,凱基-中港,2024-05-15,9202
00919,群益台灣精選高息,35,2,33,凱基-中港,2024-05-15,9202
2405,輔信,35,4,31,凱基-中港,2024-05-15,9202
2915,潤泰全,49,21,28,凱基-中港,2024-05-15,9202
2009,第一銅,68,40,28,凱基-中港,2024-05-15,9202
2357,華碩,28,2,26,凱基-中港,2024-05-15,9202
6790,永豐實,25,0,25,凱基-中港,2024-05-15,9202
9907,統一實,25,0,25,凱基-中港,2024-05-15,9202
6125,廣運,29,4,25,凱基-中港,2024-05-15,9202
2352,佳世達,26,4,22,凱基-中港,2024-05-15,9202
3047,訊舟,41,20,21,凱基-中港,2024-05-15,9202
00701,國泰股利精選30,20,0,20,凱基-中港,2024-05-15,9202
1532,勤美,25,6,19,凱基-中港,2024-05-15,9202
8076,伍豐,20,1,19,凱基-中港,2024-05-15,9202
2603,長榮,72,55,17,凱基-中港,2024-05-15,9202
3230,錦明,19,2,17,凱基-中港,2024-05-15,9202
5608,四維航,34,17,17,凱基-中港,2024-05-15,9202
6126,信音,15,0,15,凱基-中港,2024-05-15,9202
4533,協易機,125,111,14,凱基-中港,2024-05-15,9202
00719B,元大美債1-3,14,0,14,凱基-中港,2024-05-15,9202
00946,群益科技高息成長,13,0,13,凱基-中港,2024-05-15,9202
3715,定穎投控,13,0,13,凱基-中港,2024-05-15,9202
2374,佳能,37,25,12,凱基-中港,2024-05-15,9202
2356,英業達,89,78,11,凱基-中港,2024-05-15,9202
6443,元晶,11,0,11,凱基-中港,2024-05-15,9202
2457,飛宏,11,1,10,凱基-中港,2024-05-15,9202
1319,東陽,10,0,10,凱基-中港,2024-05-15,9202
00904,新光臺灣半導體30,10,0,10,凱基-中港,2024-05-15,9202
00795B,中信美國公債20年,10,0,10,凱基-中港,2024-05-15,9202
2438,翔耀,10,0,10,凱基-中港,2024-05-15,9202
00632R,元大台灣50反1,490,42,448,凱基-中港,2024-05-16,9202
2489,瑞軒,331,52,279,凱基-中港,2024-05-16,9202
1312,國喬,172,2,170,凱基-中港,2024-05-16,9202
00680L,元大美債20正2,207,51,156,凱基-中港,2024-05-16,9202
2905,三商,106,0,106,凱基-中港,2024-05-16,9202
2633,台灣高鐵,100,3,97,凱基-中港,2024-05-16,9202
00637L,元大滬深300正2,97,1,96,凱基-中港,2024-05-16,9202
00937B,群益ESG投等債20,101,22,79,凱基-中港,2024-05-16,9202
4960,誠美材,69,7,62,凱基-中港,2024-05-16,9202
6207,雷科,59,1,58,凱基-中港,2024-05-16,9202
6257,矽格,77,20,57,凱基-中港,2024-05-16,9202
2726,雅茗-KY,57,0,57,凱基-中港,2024-05-16,9202
8481,政伸,50,0,50,凱基-中港,2024-05-16,9202
1608,華榮,76,32,44,凱基-中港,2024-05-16,9202
00679B,元大美債20年,65,23,42,凱基-中港,2024-05-16,9202
3060,銘異,44,4,40,凱基-中港,2024-05-16,9202
3231,緯創,148,110,38,凱基-中港,2024-05-16,9202
00878,國泰永續高股息,54,19,35,凱基-中港,2024-05-16,9202
8096,擎亞,220,185,35,凱基-中港,2024-05-16,9202
5469,瀚宇博,32,0,32,凱基-中港,2024-05-16,9202
2504,國產,39,8,31,凱基-中港,2024-05-16,9202
1785,光洋科,31,1,30,凱基-中港,2024-05-16,9202
2102,泰豐,30,0,30,凱基-中港,2024-05-16,9202
5512,力麒,37,7,30,凱基-中港,2024-05-16,9202
5388,中磊,30,0,30,凱基-中港,2024-05-16,9202
2464,盟立,42,12,30,凱基-中港,2024-05-16,9202
4533,協易機,58,29,29,凱基-中港,2024-05-16,9202
9105,泰金寶-DR,31,4,27,凱基-中港,2024-05-16,9202
2356,英業達,52,27,25,凱基-中港,2024-05-16,9202
4510,高鋒,23,0,23,凱基-中港,2024-05-16,9202
2431,聯昌,22,0,22,凱基-中港,2024-05-16,9202
00932,兆豐永續高息等權,22,0,22,凱基-中港,2024-05-16,9202
1532,勤美,26,5,21,凱基-中港,2024-05-16,9202
3466,德晉,21,0,21,凱基-中港,2024-05-16,9202
4545,銘鈺,20,0,20,凱基-中港,2024-05-16,9202
2476,鉅祥,30,10,20,凱基-中港,2024-05-16,9202
2359,所羅門,152,133,19,凱基-中港,2024-05-16,9202
6209,今國光,20,1,19,凱基-中港,2024-05-16,9202
1326,台化,22,3,19,凱基-中港,2024-05-16,9202
2382,廣達,44,26,18,凱基-中港,2024-05-16,9202
2367,燿華,183,165,18,凱基-中港,2024-05-16,9202
2486,一詮,21,3,18,凱基-中港,2024-05-16,9202
6213,聯茂,17,0,17,凱基-中港,2024-05-16,9202
2467,志聖,32,15,17,凱基-中港,2024-05-16,9202
3163,波若威,30,14,16,凱基-中港,2024-05-16,9202
2323,中環,19,3,16,凱基-中港,2024-05-16,9202
3303,岱稜,16,0,16,凱基-中港,2024-05-16,9202
2301,光寶科,18,2,16,凱基-中港,2024-05-16,9202
1598,岱宇,17,2,15,凱基-中港,2024-05-16,9202
5608,四維航,28,14,14,凱基-中港,2024-05-16,9202
00878,國泰永續高股息,147,12,135,凱基-中港,2024-05-17,9202
2363,矽統,217,101,116,凱基-中港,2024-05-17,9202
2489,瑞軒,190,76,114,凱基-中港,2024-05-17,9202
00929,復華台灣科技優息,117,15,102,凱基-中港,2024-05-17,9202
00937B,群益ESG投等債20,176,78,98,凱基-中港,2024-05-17,9202
2374,佳能,394,296,98,凱基-中港,2024-05-17,9202
00933B,國泰10Y+金融債,90,0,90,凱基-中港,2024-05-17,9202
2867,三商壽,224,154,70,凱基-中港,2024-05-17,9202
00857B,永豐20年美公債,70,0,70,凱基-中港,2024-05-17,9202
2409,友達,81,12,69,凱基-中港,2024-05-17,9202
6770,力積電,67,6,61,凱基-中港,2024-05-17,9202
00940,元大台灣價值高息,75,20,55,凱基-中港,2024-05-17,9202
2603,長榮,73,19,54,凱基-中港,2024-05-17,9202
00919,群益台灣精選高息,96,43,53,凱基-中港,2024-05-17,9202
00632R,元大台灣50反1,50,0,50,凱基-中港,2024-05-17,9202
00680L,元大美債20正2,58,10,48,凱基-中港,2024-05-17,9202
2834,臺企銀,74,38,36,凱基-中港,2024-05-17,9202
1532,勤美,52,16,36,凱基-中港,2024-05-17,9202
2317,鴻海,88,52,36,凱基-中港,2024-05-17,9202
2408,南亞科,116,81,35,凱基-中港,2024-05-17,9202
00688L,國泰20年美債正2,32,0,32,凱基-中港,2024-05-17,9202
1720,生達,29,0,29,凱基-中港,2024-05-17,9202
2611,志信,30,3,27,凱基-中港,2024-05-17,9202
3231,緯創,29,3,26,凱基-中港,2024-05-17,9202
3047,訊舟,66,41,25,凱基-中港,2024-05-17,9202
3060,銘異,98,73,25,凱基-中港,2024-05-17,9202
2883,凱基金,27,3,24,凱基-中港,2024-05-17,9202
3360,尚立,24,0,24,凱基-中港,2024-05-17,9202
2464,盟立,41,18,23,凱基-中港,2024-05-17,9202
2641,正德,24,1,23,凱基-中港,2024-05-17,9202
2324,仁寶,23,1,22,凱基-中港,2024-05-17,9202
2637,慧洋-KY,22,1,21,凱基-中港,2024-05-17,9202
3537,堡達,20,0,20,凱基-中港,2024-05-17,9202
2501,國建,26,6,20,凱基-中港,2024-05-17,9202
1304,台聚,20,0,20,凱基-中港,2024-05-17,9202
8936,國統,19,0,19,凱基-中港,2024-05-17,9202
1314,中石化,21,2,19,凱基-中港,2024-05-17,9202
1785,光洋科,19,0,19,凱基-中港,2024-05-17,9202
2537,聯上發,21,2,19,凱基-中港,2024-05-17,9202
1312,國喬,20,1,19,凱基-中港,2024-05-17,9202
2353,宏��,36,18,18,凱基-中港,2024-05-17,9202
3576,聯合再生,36,18,18,凱基-中港,2024-05-17,9202
2476,鉅祥,22,6,16,凱基-中港,2024-05-17,9202
2356,英業達,18,3,15,凱基-中港,2024-05-17,9202
2007,燁興,15,0,15,凱基-中港,2024-05-17,9202
1905,華紙,14,0,14,凱基-中港,2024-05-17,9202
00706L,期元大S＆P日圓正2,15,1,14,凱基-中港,2024-05-17,9202
9939,宏全,15,2,13,凱基-中港,2024-05-17,9202
9945,潤泰新,19,6,13,凱基-中港,2024-05-17,9202
9904,寶成,13,1,12,凱基-中港,2024-05-17,9202
2867,三商壽,515,5,510,凱基-中港,2024-05-20,9202
2367,燿華,422,147,275,凱基-中港,2024-05-20,9202
2007,燁興,206,26,180,凱基-中港,2024-05-20,9202
2014,中鴻,177,1,176,凱基-中港,2024-05-20,9202
00929,復華台灣科技優息,103,22,81,凱基-中港,2024-05-20,9202
5009,榮剛,62,5,57,凱基-中港,2024-05-20,9202
2834,臺企銀,57,1,56,凱基-中港,2024-05-20,9202
2324,仁寶,53,8,45,凱基-中港,2024-05-20,9202
2356,英業達,88,44,44,凱基-中港,2024-05-20,9202
2511,太子,42,0,42,凱基-中港,2024-05-20,9202
00937B,群益ESG投等債20,59,17,42,凱基-中港,2024-05-20,9202
2374,佳能,63,24,39,凱基-中港,2024-05-20,9202
00940,元大台灣價值高息,93,56,37,凱基-中港,2024-05-20,9202
4543,萬在,35,2,33,凱基-中港,2024-05-20,9202
5392,能率,56,24,32,凱基-中港,2024-05-20,9202
3033,威健,40,9,31,凱基-中港,2024-05-20,9202
2610,華航,106,75,31,凱基-中港,2024-05-20,9202
00679B,元大美債20年,31,0,31,凱基-中港,2024-05-20,9202
6165,浪凡,30,0,30,凱基-中港,2024-05-20,9202
5351,鈺創,35,7,28,凱基-中港,2024-05-20,9202
8473,山林水,24,0,24,凱基-中港,2024-05-20,9202
1608,華榮,104,81,23,凱基-中港,2024-05-20,9202
1609,大亞,48,26,22,凱基-中港,2024-05-20,9202
3609,三一東林,20,0,20,凱基-中港,2024-05-20,9202
3231,緯創,23,4,19,凱基-中港,2024-05-20,9202
6443,元晶,19,0,19,凱基-中港,2024-05-20,9202
3005,神基,19,1,18,凱基-中港,2024-05-20,9202
00733,富邦臺灣中小,20,2,18,凱基-中港,2024-05-20,9202
4763,材料-KY,23,5,18,凱基-中港,2024-05-20,9202
00943,兆豐電子高息等權,18,0,18,凱基-中港,2024-05-20,9202
2882,國泰金,26,8,18,凱基-中港,2024-05-20,9202
6414,樺漢,17,0,17,凱基-中港,2024-05-20,9202
1454,台富,17,0,17,凱基-中港,2024-05-20,9202
4976,佳凌,33,16,17,凱基-中港,2024-05-20,9202
8033,雷虎,21,5,16,凱基-中港,2024-05-20,9202
9938,百和,16,0,16,凱基-中港,2024-05-20,9202
00688L,國泰20年美債正2,15,0,15,凱基-中港,2024-05-20,9202
1789,神隆,15,1,14,凱基-中港,2024-05-20,9202
3483,力致,38,24,14,凱基-中港,2024-05-20,9202
2359,所羅門,97,84,13,凱基-中港,2024-05-20,9202
2371,大同,26,13,13,凱基-中港,2024-05-20,9202
8028,昇陽半導體,20,8,12,凱基-中港,2024-05-20,9202
1210,大成,13,1,12,凱基-中港,2024-05-20,9202
3706,神達,23,11,12,凱基-中港,2024-05-20,9202
2377,微星,13,1,12,凱基-中港,2024-05-20,9202
1720,生達,12,0,12,凱基-中港,2024-05-20,9202
2739,寒舍,14,3,11,凱基-中港,2024-05-20,9202
2032,新鋼,11,0,11,凱基-中港,2024-05-20,9202
00936,台新永續高息中小,11,0,11,凱基-中港,2024-05-20,9202
2329,華泰,12,1,11,凱基-中港,2024-05-20,9202
00937B,群益ESG投等債20,697,9,688,凱基-中港,2024-05-21,9202
00929,復華台灣科技優息,145,2,143,凱基-中港,2024-05-21,9202
2867,三商壽,236,106,130,凱基-中港,2024-05-21,9202
2409,友達,136,15,121,凱基-中港,2024-05-21,9202
3338,泰碩,119,29,90,凱基-中港,2024-05-21,9202
2618,長榮航,97,15,82,凱基-中港,2024-05-21,9202
8110,華東,103,21,82,凱基-中港,2024-05-21,9202
3339,泰谷,60,0,60,凱基-中港,2024-05-21,9202
00680L,元大美債20正2,50,0,50,凱基-中港,2024-05-21,9202
6188,廣明,228,180,48,凱基-中港,2024-05-21,9202
3535,晶彩科,47,3,44,凱基-中港,2024-05-21,9202
00738U,期元大道瓊白銀,44,0,44,凱基-中港,2024-05-21,9202
2515,中工,41,5,36,凱基-中港,2024-05-21,9202
2464,盟立,85,50,35,凱基-中港,2024-05-21,9202
00919,群益台灣精選高息,40,7,33,凱基-中港,2024-05-21,9202
1605,華新,124,96,28,凱基-中港,2024-05-21,9202
5469,瀚宇博,28,1,27,凱基-中港,2024-05-21,9202
3017,奇鋐,33,9,24,凱基-中港,2024-05-21,9202
6443,元晶,25,1,24,凱基-中港,2024-05-21,9202
3564,其陽,25,1,24,凱基-中港,2024-05-21,9202
6207,雷科,26,2,24,凱基-中港,2024-05-21,9202
1702,南僑,22,0,22,凱基-中港,2024-05-21,9202
5009,榮剛,21,0,21,凱基-中港,2024-05-21,9202
2353,宏��,40,19,21,凱基-中港,2024-05-21,9202
2486,一詮,45,24,21,凱基-中港,2024-05-21,9202
2382,廣達,21,1,20,凱基-中港,2024-05-21,9202
5324,士開,20,0,20,凱基-中港,2024-05-21,9202
2641,正德,20,0,20,凱基-中港,2024-05-21,9202
5340,建榮,20,0,20,凱基-中港,2024-05-21,9202
2317,鴻海,28,9,19,凱基-中港,2024-05-21,9202
2887,台新金,19,0,19,凱基-中港,2024-05-21,9202
1752,南光,40,21,19,凱基-中港,2024-05-21,9202
2474,可成,18,0,18,凱基-中港,2024-05-21,9202
2027,大成鋼,30,12,18,凱基-中港,2024-05-21,9202
2376,技嘉,22,5,17,凱基-中港,2024-05-21,9202
6190,萬泰科,28,12,16,凱基-中港,2024-05-21,9202
00932,兆豐永續高息等權,15,0,15,凱基-中港,2024-05-21,9202
8358,金居,71,56,15,凱基-中港,2024-05-21,9202
00665L,富邦�琤肭磪囓�2,15,0,15,凱基-中港,2024-05-21,9202
1303,南亞,16,2,14,凱基-中港,2024-05-21,9202
2897,王道銀行,14,0,14,凱基-中港,2024-05-21,9202
6209,今國光,14,0,14,凱基-中港,2024-05-21,9202
6104,創惟,16,2,14,凱基-中港,2024-05-21,9202
6770,力積電,19,6,13,凱基-中港,2024-05-21,9202
3481,群創,14,1,13,凱基-中港,2024-05-21,9202
2201,裕隆,13,0,13,凱基-中港,2024-05-21,9202
3450,聯鈞,14,1,13,凱基-中港,2024-05-21,9202
6165,浪凡,13,0,13,凱基-中港,2024-05-21,9202
00940,元大台灣價值高息,19,6,13,凱基-中港,2024-05-21,9202
9939,宏全,13,1,12,凱基-中港,2024-05-21,9202
00632R,元大台灣50反1,755,315,440,凱基-中港,2024-05-22,9202
00933B,國泰10Y+金融債,366,6,360,凱基-中港,2024-05-22,9202
00878,國泰永續高股息,312,21,291,凱基-中港,2024-05-22,9202
00937B,群益ESG投等債20,279,0,279,凱基-中港,2024-05-22,9202
2618,長榮航,238,26,212,凱基-中港,2024-05-22,9202
00650L,復華香港正2,208,15,193,凱基-中港,2024-05-22,9202
2002,中鋼,191,3,188,凱基-中港,2024-05-22,9202
2867,三商壽,193,52,141,凱基-中港,2024-05-22,9202
8096,擎亞,197,73,124,凱基-中港,2024-05-22,9202
2464,盟立,207,99,108,凱基-中港,2024-05-22,9202
00882,中信中國高股息,117,17,100,凱基-中港,2024-05-22,9202
2883,凱基金,100,1,99,凱基-中港,2024-05-22,9202
8071,能率網通,234,140,94,凱基-中港,2024-05-22,9202
2610,華航,91,22,69,凱基-中港,2024-05-22,9202
3481,群創,166,100,66,凱基-中港,2024-05-22,9202
2634,漢翔,61,0,61,凱基-中港,2024-05-22,9202
2405,輔信,96,36,60,凱基-中港,2024-05-22,9202
8039,台虹,40,0,40,凱基-中港,2024-05-22,9202
2417,圓剛,45,7,38,凱基-中港,2024-05-22,9202
2489,瑞軒,44,8,36,凱基-中港,2024-05-22,9202
00918,大華優利高填息30,44,10,34,凱基-中港,2024-05-22,9202
8064,東捷,45,13,32,凱基-中港,2024-05-22,9202
4908,前鼎,44,13,31,凱基-中港,2024-05-22,9202
5222,全訊,30,0,30,凱基-中港,2024-05-22,9202
00931B,統一美債20年,30,0,30,凱基-中港,2024-05-22,9202
5009,榮剛,31,3,28,凱基-中港,2024-05-22,9202
1326,台化,28,0,28,凱基-中港,2024-05-22,9202
1609,大亞,51,28,23,凱基-中港,2024-05-22,9202
00642U,期元大S＆P石油,23,0,23,凱基-中港,2024-05-22,9202
4533,協易機,52,31,21,凱基-中港,2024-05-22,9202
1210,大成,21,0,21,凱基-中港,2024-05-22,9202
3006,晶豪科,30,9,21,凱基-中港,2024-05-22,9202
00633L,富邦上証正2,20,0,20,凱基-中港,2024-05-22,9202
6125,廣運,75,55,20,凱基-中港,2024-05-22,9202
4111,濟生,37,20,17,凱基-中港,2024-05-22,9202
3059,華晶科,20,3,17,凱基-中港,2024-05-22,9202
1303,南亞,22,5,17,凱基-中港,2024-05-22,9202
5432,新門,18,1,17,凱基-中港,2024-05-22,9202
6443,元晶,16,0,16,凱基-中港,2024-05-22,9202
3360,尚立,19,3,16,凱基-中港,2024-05-22,9202
6216,居易,15,0,15,凱基-中港,2024-05-22,9202
3231,緯創,35,21,14,凱基-中港,2024-05-22,9202
2495,普安,17,3,14,凱基-中港,2024-05-22,9202
2382,廣達,17,4,13,凱基-中港,2024-05-22,9202
6207,雷科,43,30,13,凱基-中港,2024-05-22,9202
5515,建國,13,0,13,凱基-中港,2024-05-22,9202
3163,波若威,26,13,13,凱基-中港,2024-05-22,9202
2354,鴻準,55,42,13,凱基-中港,2024-05-22,9202
1702,南僑,12,0,12,凱基-中港,2024-05-22,9202
3491,昇達科,11,0,11,凱基-中港,2024-05-22,9202
00937B,群益ESG投等債20,310,0,310,凱基-中港,2024-05-23,9202
2618,長榮航,286,27,259,凱基-中港,2024-05-23,9202
3535,晶彩科,222,7,215,凱基-中港,2024-05-23,9202
3481,群創,208,20,188,凱基-中港,2024-05-23,9202
2367,燿華,222,101,121,凱基-中港,2024-05-23,9202
2002,中鋼,94,6,88,凱基-中港,2024-05-23,9202
00753L,中信中國50正2,143,62,81,凱基-中港,2024-05-23,9202
2353,宏��,252,172,80,凱基-中港,2024-05-23,9202
00632R,元大台灣50反1,86,10,76,凱基-中港,2024-05-23,9202
2867,三商壽,84,12,72,凱基-中港,2024-05-23,9202
00882,中信中國高股息,104,39,65,凱基-中港,2024-05-23,9202
2610,華航,69,18,51,凱基-中港,2024-05-23,9202
2371,大同,58,15,43,凱基-中港,2024-05-23,9202
1319,東陽,42,0,42,凱基-中港,2024-05-23,9202
00922,國泰台灣領袖50,50,10,40,凱基-中港,2024-05-23,9202
6147,頎邦,41,2,39,凱基-中港,2024-05-23,9202
2324,仁寶,68,32,36,凱基-中港,2024-05-23,9202
1536,和大,38,3,35,凱基-中港,2024-05-23,9202
00673R,期元大S＆P原油反1,35,0,35,凱基-中港,2024-05-23,9202
2006,東和鋼鐵,31,0,31,凱基-中港,2024-05-23,9202
6186,新潤,30,1,29,凱基-中港,2024-05-23,9202
2323,中環,30,1,29,凱基-中港,2024-05-23,9202
1609,大亞,106,77,29,凱基-中港,2024-05-23,9202
2009,第一銅,42,14,28,凱基-中港,2024-05-23,9202
2515,中工,60,33,27,凱基-中港,2024-05-23,9202
00712,復華富時不動產,27,0,27,凱基-中港,2024-05-23,9202
2363,矽統,68,43,25,凱基-中港,2024-05-23,9202
9904,寶成,30,7,23,凱基-中港,2024-05-23,9202
1303,南亞,68,46,22,凱基-中港,2024-05-23,9202
6451,訊芯-KY,25,3,22,凱基-中港,2024-05-23,9202
4908,前鼎,61,40,21,凱基-中港,2024-05-23,9202
2356,英業達,26,6,20,凱基-中港,2024-05-23,9202
6133,金橋,20,0,20,凱基-中港,2024-05-23,9202
2233,宇隆,20,0,20,凱基-中港,2024-05-23,9202
6108,競國,20,0,20,凱基-中港,2024-05-23,9202
6282,康舒,23,3,20,凱基-中港,2024-05-23,9202
00655L,國泰中國A50正2,20,0,20,凱基-中港,2024-05-23,9202
6228,全譜,20,0,20,凱基-中港,2024-05-23,9202
1101,台泥,21,2,19,凱基-中港,2024-05-23,9202
3231,緯創,35,17,18,凱基-中港,2024-05-23,9202
2885,元大金,20,2,18,凱基-中港,2024-05-23,9202
8028,昇陽半導體,34,16,18,凱基-中港,2024-05-23,9202
2486,一詮,34,17,17,凱基-中港,2024-05-23,9202
5871,中租-KY,17,0,17,凱基-中港,2024-05-23,9202
5469,瀚宇博,19,2,17,凱基-中港,2024-05-23,9202
1905,華紙,18,1,17,凱基-中港,2024-05-23,9202
2337,旺宏,17,0,17,凱基-中港,2024-05-23,9202
1515,力山,17,0,17,凱基-中港,2024-05-23,9202
6116,彩晶,17,0,17,凱基-中港,2024-05-23,9202
1514,亞力,26,9,17,凱基-中港,2024-05-23,9202
00671R,富邦NASDAQ反1,1505,1,1504,凱基-中港,2024-05-24,9202
00937B,群益ESG投等債20,195,26,169,凱基-中港,2024-05-24,9202
2610,華航,219,61,158,凱基-中港,2024-05-24,9202
2353,宏��,349,240,109,凱基-中港,2024-05-24,9202
3535,晶彩科,107,9,98,凱基-中港,2024-05-24,9202
00753L,中信中國50正2,114,28,86,凱基-中港,2024-05-24,9202
3338,泰碩,126,45,81,凱基-中港,2024-05-24,9202
5388,中磊,80,0,80,凱基-中港,2024-05-24,9202
00712,復華富時不動產,80,0,80,凱基-中港,2024-05-24,9202
6282,康舒,73,6,67,凱基-中港,2024-05-24,9202
2303,聯電,86,20,66,凱基-中港,2024-05-24,9202
2371,大同,70,17,53,凱基-中港,2024-05-24,9202
00632R,元大台灣50反1,86,46,40,凱基-中港,2024-05-24,9202
2887,台新金,40,2,38,凱基-中港,2024-05-24,9202
2888,新光金,38,1,37,凱基-中港,2024-05-24,9202
6770,力積電,41,5,36,凱基-中港,2024-05-24,9202
2312,金寶,65,30,35,凱基-中港,2024-05-24,9202
2501,國建,52,18,34,凱基-中港,2024-05-24,9202
5340,建榮,34,1,33,凱基-中港,2024-05-24,9202
6147,頎邦,34,2,32,凱基-中港,2024-05-24,9202
3033,威健,59,28,31,凱基-中港,2024-05-24,9202
8064,東捷,37,8,29,凱基-中港,2024-05-24,9202
2374,佳能,28,0,28,凱基-中港,2024-05-24,9202
2002,中鋼,29,2,27,凱基-中港,2024-05-24,9202
00882,中信中國高股息,29,2,27,凱基-中港,2024-05-24,9202
2365,昆盈,163,139,24,凱基-中港,2024-05-24,9202
1314,中石化,30,6,24,凱基-中港,2024-05-24,9202
8027,鈦昇,26,2,24,凱基-中港,2024-05-24,9202
3545,敦泰,28,4,24,凱基-中港,2024-05-24,9202
3013,晟銘電,39,16,23,凱基-中港,2024-05-24,9202
00665L,富邦�琤肭磪囓�2,61,38,23,凱基-中港,2024-05-24,9202
4541,晟田,22,0,22,凱基-中港,2024-05-24,9202
2301,光寶科,52,31,21,凱基-中港,2024-05-24,9202
6191,精成科,25,4,21,凱基-中港,2024-05-24,9202
2324,仁寶,36,15,21,凱基-中港,2024-05-24,9202
1326,台化,21,0,21,凱基-中港,2024-05-24,9202
00933B,國泰10Y+金融債,23,3,20,凱基-中港,2024-05-24,9202
00936,台新永續高息中小,20,0,20,凱基-中港,2024-05-24,9202
2891,中信金,20,0,20,凱基-中港,2024-05-24,9202
2504,國產,31,13,18,凱基-中港,2024-05-24,9202
2884,玉山金,22,5,17,凱基-中港,2024-05-24,9202
2344,華邦電,22,6,16,凱基-中港,2024-05-24,9202
1514,亞力,23,7,16,凱基-中港,2024-05-24,9202
2892,第一金,16,0,16,凱基-中港,2024-05-24,9202
2313,華通,16,1,15,凱基-中港,2024-05-24,9202
9904,寶成,16,1,15,凱基-中港,2024-05-24,9202
00751B,元大AAA至A公司債,17,2,15,凱基-中港,2024-05-24,9202
2464,盟立,58,44,14,凱基-中港,2024-05-24,9202
00642U,期元大S＆P石油,14,0,14,凱基-中港,2024-05-24,9202
4909,新復興,17,3,14,凱基-中港,2024-05-24,9202
00632R,元大台灣50反1,839,32,807,凱基-中港,2024-05-27,9202
00665L,富邦�琤肭磪囓�2,243,7,236,凱基-中港,2024-05-27,9202
6167,久正,127,0,127,凱基-中港,2024-05-27,9202
2489,瑞軒,168,66,102,凱基-中港,2024-05-27,9202
2405,輔信,115,20,95,凱基-中港,2024-05-27,9202
2613,中櫃,85,4,81,凱基-中港,2024-05-27,9202
2618,長榮航,82,3,79,凱基-中港,2024-05-27,9202
2353,宏��,169,93,76,凱基-中港,2024-05-27,9202
00929,復華台灣科技優息,145,73,72,凱基-中港,2024-05-27,9202
2883,凱基金,66,6,60,凱基-中港,2024-05-27,9202
9105,泰金寶-DR,75,19,56,凱基-中港,2024-05-27,9202
1218,泰山,50,0,50,凱基-中港,2024-05-27,9202
4533,協易機,57,8,49,凱基-中港,2024-05-27,9202
6207,雷科,55,11,44,凱基-中港,2024-05-27,9202
2002,中鋼,50,7,43,凱基-中港,2024-05-27,9202
00712,復華富時不動產,42,1,41,凱基-中港,2024-05-27,9202
1220,台榮,40,1,39,凱基-中港,2024-05-27,9202
00882,中信中國高股息,36,2,34,凱基-中港,2024-05-27,9202
2014,中鴻,31,0,31,凱基-中港,2024-05-27,9202
2609,陽明,62,31,31,凱基-中港,2024-05-27,9202
00642U,期元大S＆P石油,32,2,30,凱基-中港,2024-05-27,9202
00912,中信臺灣智慧50,30,0,30,凱基-中港,2024-05-27,9202
2101,南港,31,2,29,凱基-中港,2024-05-27,9202
3013,晟銘電,42,13,29,凱基-中港,2024-05-27,9202
00918,大華優利高填息30,34,5,29,凱基-中港,2024-05-27,9202
3443,創意,29,0,29,凱基-中港,2024-05-27,9202
2431,聯昌,28,0,28,凱基-中港,2024-05-27,9202
2891,中信金,40,12,28,凱基-中港,2024-05-27,9202
2615,萬海,63,36,27,凱基-中港,2024-05-27,9202
1815,富喬,36,10,26,凱基-中港,2024-05-27,9202
00650L,復華香港正2,30,4,26,凱基-中港,2024-05-27,9202
5498,凱崴,57,31,26,凱基-中港,2024-05-27,9202
4543,萬在,43,18,25,凱基-中港,2024-05-27,9202
3455,由田,28,4,24,凱基-中港,2024-05-27,9202
00725B,國泰投資級公司債,24,0,24,凱基-中港,2024-05-27,9202
2887,台新金,32,10,22,凱基-中港,2024-05-27,9202
6147,頎邦,22,1,21,凱基-中港,2024-05-27,9202
3202,樺晟,40,19,21,凱基-中港,2024-05-27,9202
00664R,國泰臺灣加權反1,21,0,21,凱基-中港,2024-05-27,9202
6227,茂綸,25,4,21,凱基-中港,2024-05-27,9202
2392,正崴,28,7,21,凱基-中港,2024-05-27,9202
6197,佳必琪,25,5,20,凱基-中港,2024-05-27,9202
00753L,中信中國50正2,30,10,20,凱基-中港,2024-05-27,9202
4510,高鋒,20,0,20,凱基-中港,2024-05-27,9202
00945B,凱基美國非投等債,20,0,20,凱基-中港,2024-05-27,9202
2888,新光金,20,1,19,凱基-中港,2024-05-27,9202
2476,鉅祥,19,0,19,凱基-中港,2024-05-27,9202
2467,志聖,19,0,19,凱基-中港,2024-05-27,9202
2352,佳世達,24,5,19,凱基-中港,2024-05-27,9202
2603,長榮,50,31,19,凱基-中港,2024-05-27,9202
6167,久正,317,0,317,凱基-中港,2024-05-28,9202
00650L,復華香港正2,217,46,171,凱基-中港,2024-05-28,9202
2641,正德,162,37,125,凱基-中港,2024-05-28,9202
3450,聯鈞,136,23,113,凱基-中港,2024-05-28,9202
00753L,中信中國50正2,133,28,105,凱基-中港,2024-05-28,9202
00665L,富邦�琤肭磪囓�2,137,35,102,凱基-中港,2024-05-28,9202
00637L,元大滬深300正2,107,15,92,凱基-中港,2024-05-28,9202
3006,晶豪科,98,6,92,凱基-中港,2024-05-28,9202
2476,鉅祥,81,0,81,凱基-中港,2024-05-28,9202
4510,高鋒,78,1,77,凱基-中港,2024-05-28,9202
6168,宏齊,75,2,73,凱基-中港,2024-05-28,9202
00631L,元大台灣50正2,74,1,73,凱基-中港,2024-05-28,9202
2609,陽明,90,22,68,凱基-中港,2024-05-28,9202
2501,國建,66,0,66,凱基-中港,2024-05-28,9202
00632R,元大台灣50反1,76,10,66,凱基-中港,2024-05-28,9202
2002,中鋼,55,2,53,凱基-中港,2024-05-28,9202
6165,浪凡,50,0,50,凱基-中港,2024-05-28,9202
2431,聯昌,50,0,50,凱基-中港,2024-05-28,9202
2891,中信金,49,1,48,凱基-中港,2024-05-28,9202
2812,台中銀,51,7,44,凱基-中港,2024-05-28,9202
2615,萬海,54,14,40,凱基-中港,2024-05-28,9202
00720B,元大投資級公司債,39,1,38,凱基-中港,2024-05-28,9202
3535,晶彩科,66,28,38,凱基-中港,2024-05-28,9202
6188,廣明,49,11,38,凱基-中港,2024-05-28,9202
2353,宏��,205,168,37,凱基-中港,2024-05-28,9202
3312,弘憶股,44,9,35,凱基-中港,2024-05-28,9202
00687B,國泰20年美債,44,10,34,凱基-中港,2024-05-28,9202
2363,矽統,123,89,34,凱基-中港,2024-05-28,9202
2354,鴻準,132,99,33,凱基-中港,2024-05-28,9202
2323,中環,39,5,34,凱基-中港,2024-05-28,9202
3035,智原,45,12,33,凱基-中港,2024-05-28,9202
3712,永崴投控,78,47,31,凱基-中港,2024-05-28,9202
2409,友達,32,2,30,凱基-中港,2024-05-28,9202
2009,第一銅,32,3,29,凱基-中港,2024-05-28,9202
6451,訊芯-KY,31,3,28,凱基-中港,2024-05-28,9202
00882,中信中國高股息,29,1,28,凱基-中港,2024-05-28,9202
00936,台新永續高息中小,27,0,27,凱基-中港,2024-05-28,9202
1609,大亞,46,20,26,凱基-中港,2024-05-28,9202
00712,復華富時不動產,28,3,25,凱基-中港,2024-05-28,9202
8936,國統,37,12,25,凱基-中港,2024-05-28,9202
9105,泰金寶-DR,41,17,24,凱基-中港,2024-05-28,9202
5443,均豪,28,4,24,凱基-中港,2024-05-28,9202
1314,中石化,24,0,24,凱基-中港,2024-05-28,9202
5608,四維航,54,31,23,凱基-中港,2024-05-28,9202
6227,茂綸,30,7,23,凱基-中港,2024-05-28,9202
2603,長榮,48,26,22,凱基-中港,2024-05-28,9202
00929,復華台灣科技優息,41,19,22,凱基-中港,2024-05-28,9202
2301,光寶科,88,67,21,凱基-中港,2024-05-28,9202
00679B,元大美債20年,27,6,21,凱基-中港,2024-05-28,9202
2317,鴻海,33,12,21,凱基-中港,2024-05-28,9202
3535,晶彩科,455,38,417,凱基-中港,2024-05-29,9202
2883,凱基金,222,19,203,凱基-中港,2024-05-29,9202
00937B,群益ESG投等債20,197,8,189,凱基-中港,2024-05-29,9202
3481,群創,187,2,185,凱基-中港,2024-05-29,9202
2354,鴻準,221,69,152,凱基-中港,2024-05-29,9202
4934,太極,134,3,131,凱基-中港,2024-05-29,9202
2610,華航,90,6,84,凱基-中港,2024-05-29,9202
2891,中信金,81,1,80,凱基-中港,2024-05-29,9202
00648R,元大S＆P500反1,75,0,75,凱基-中港,2024-05-29,9202
3024,憶聲,70,0,70,凱基-中港,2024-05-29,9202
00929,復華台灣科技優息,92,26,66,凱基-中港,2024-05-29,9202
3231,緯創,113,50,63,凱基-中港,2024-05-29,9202
2886,兆豐金,62,0,62,凱基-中港,2024-05-29,9202
2401,凌陽,138,78,60,凱基-中港,2024-05-29,9202
00919,群益台灣精選高息,67,12,55,凱基-中港,2024-05-29,9202
00687B,國泰20年美債,52,0,52,凱基-中港,2024-05-29,9202
1806,冠軍,50,0,50,凱基-中港,2024-05-29,9202
2489,瑞軒,152,111,41,凱基-中港,2024-05-29,9202
00905,FT臺灣Smart,40,0,40,凱基-中港,2024-05-29,9202
00679B,元大美債20年,127,93,34,凱基-中港,2024-05-29,9202
2634,漢翔,51,18,33,凱基-中港,2024-05-29,9202
2612,中航,32,0,32,凱基-中港,2024-05-29,9202
2812,台中銀,32,0,32,凱基-中港,2024-05-29,9202
2317,鴻海,84,54,30,凱基-中港,2024-05-29,9202
2328,廣宇,115,85,30,凱基-中港,2024-05-29,9202
1471,首利,40,13,27,凱基-中港,2024-05-29,9202
1301,台塑,26,0,26,凱基-中港,2024-05-29,9202
1303,南亞,25,3,22,凱基-中港,2024-05-29,9202
5340,建榮,22,0,22,凱基-中港,2024-05-29,9202
00751B,元大AAA至A公司債,30,8,22,凱基-中港,2024-05-29,9202
2454,聯發科,22,1,21,凱基-中港,2024-05-29,9202
2603,長榮,64,43,21,凱基-中港,2024-05-29,9202
2464,盟立,44,24,20,凱基-中港,2024-05-29,9202
2618,長榮航,54,34,20,凱基-中港,2024-05-29,9202
00788B,元大10年IG電能債,20,0,20,凱基-中港,2024-05-29,9202
4541,晟田,20,0,20,凱基-中港,2024-05-29,9202
5371,中光電,96,77,19,凱基-中港,2024-05-29,9202
6189,豐藝,39,20,19,凱基-中港,2024-05-29,9202
00650L,復華香港正2,27,8,19,凱基-中港,2024-05-29,9202
00931B,統一美債20年,20,1,19,凱基-中港,2024-05-29,9202
1326,台化,18,0,18,凱基-中港,2024-05-29,9202
2417,圓剛,27,9,18,凱基-中港,2024-05-29,9202
00892,富邦台灣半導體,17,0,17,凱基-中港,2024-05-29,9202
4510,高鋒,17,0,17,凱基-中港,2024-05-29,9202
2609,陽明,28,11,17,凱基-中港,2024-05-29,9202
8046,南電,17,0,17,凱基-中港,2024-05-29,9202
4533,協易機,32,16,16,凱基-中港,2024-05-29,9202
2867,三商壽,37,22,15,凱基-中港,2024-05-29,9202
2884,玉山金,15,0,15,凱基-中港,2024-05-29,9202
3042,晶技,14,0,14,凱基-中港,2024-05-29,9202
00671R,富邦NASDAQ反1,827,0,827,凱基-中港,2024-05-30,9202
2353,宏��,228,76,152,凱基-中港,2024-05-30,9202
00680L,元大美債20正2,140,5,135,凱基-中港,2024-05-30,9202
5371,中光電,141,8,133,凱基-中港,2024-05-30,9202
2392,正崴,122,1,121,凱基-中港,2024-05-30,9202
2641,正德,115,24,91,凱基-中港,2024-05-30,9202
00679B,元大美債20年,110,20,90,凱基-中港,2024-05-30,9202
3535,晶彩科,90,2,88,凱基-中港,2024-05-30,9202
00712,復華富時不動產,86,0,86,凱基-中港,2024-05-30,9202
00648R,元大S＆P500反1,75,0,75,凱基-中港,2024-05-30,9202
00857B,永豐20年美公債,68,0,68,凱基-中港,2024-05-30,9202
1536,和大,86,20,66,凱基-中港,2024-05-30,9202
00665L,富邦�琤肭磪囓�2,68,3,65,凱基-中港,2024-05-30,9202
00937B,群益ESG投等債20,131,69,62,凱基-中港,2024-05-30,9202
2891,中信金,62,1,61,凱基-中港,2024-05-30,9202
00915,凱基優選高股息30,61,0,61,凱基-中港,2024-05-30,9202
00929,復華台灣科技優息,61,2,59,凱基-中港,2024-05-30,9202
2405,輔信,135,76,59,凱基-中港,2024-05-30,9202
2610,華航,64,8,56,凱基-中港,2024-05-30,9202
2330,台積電,56,3,53,凱基-中港,2024-05-30,9202
3231,緯創,59,11,48,凱基-中港,2024-05-30,9202
3024,憶聲,48,0,48,凱基-中港,2024-05-30,9202
00940,元大台灣價值高息,48,0,48,凱基-中港,2024-05-30,9202
2834,臺企銀,68,30,38,凱基-中港,2024-05-30,9202
2002,中鋼,40,3,37,凱基-中港,2024-05-30,9202
00650L,復華香港正2,40,5,35,凱基-中港,2024-05-30,9202
2344,華邦電,37,2,35,凱基-中港,2024-05-30,9202
2886,兆豐金,35,1,34,凱基-中港,2024-05-30,9202
5340,建榮,33,0,33,凱基-中港,2024-05-30,9202
6269,台郡,32,0,32,凱基-中港,2024-05-30,9202
00919,群益台灣精選高息,67,36,31,凱基-中港,2024-05-30,9202
5009,榮剛,31,1,30,凱基-中港,2024-05-30,9202
6770,力積電,30,1,29,凱基-中港,2024-05-30,9202
00687B,國泰20年美債,44,16,28,凱基-中港,2024-05-30,9202
1524,耿鼎,40,12,28,凱基-中港,2024-05-30,9202
3321,同泰,28,0,28,凱基-中港,2024-05-30,9202
2313,華通,30,2,28,凱基-中港,2024-05-30,9202
4967,十銓,39,12,27,凱基-中港,2024-05-30,9202
00941,中信上游半導體,30,4,26,凱基-中港,2024-05-30,9202
1326,台化,26,0,26,凱基-中港,2024-05-30,9202
3466,德晉,24,0,24,凱基-中港,2024-05-30,9202
00795B,中信美國公債20年,24,0,24,凱基-中港,2024-05-30,9202
3325,旭品,23,0,23,凱基-中港,2024-05-30,9202
9945,潤泰新,22,0,22,凱基-中港,2024-05-30,9202
1444,力麗,32,10,22,凱基-中港,2024-05-30,9202
6005,群益證,31,10,21,凱基-中港,2024-05-30,9202
6757,台灣虎航,26,5,21,凱基-中港,2024-05-30,9202
5880,合庫金,23,3,20,凱基-中港,2024-05-30,9202
6167,久正,20,0,20,凱基-中港,2024-05-30,9202
00738U,期元大道瓊白銀,20,0,20,凱基-中港,2024-05-30,9202
00929,復華台灣科技優息,131,12,119,凱基-中港,2024-05-31,9202
00939,統一台灣高息動能,101,0,101,凱基-中港,2024-05-31,9202
2344,華邦電,91,3,88,凱基-中港,2024-05-31,9202
2317,鴻海,80,9,71,凱基-中港,2024-05-31,9202
2323,中環,69,1,68,凱基-中港,2024-05-31,9202
2887,台新金,56,0,56,凱基-中港,2024-05-31,9202
3481,群創,110,54,56,凱基-中港,2024-05-31,9202
5251,天鉞電,65,10,55,凱基-中港,2024-05-31,9202
1609,大亞,56,4,52,凱基-中港,2024-05-31,9202
2409,友達,51,0,51,凱基-中港,2024-05-31,9202
00919,群益台灣精選高息,78,29,49,凱基-中港,2024-05-31,9202
00637L,元大滬深300正2,45,2,43,凱基-中港,2024-05-31,9202
3231,緯創,85,46,39,凱基-中港,2024-05-31,9202
2330,台積電,41,5,36,凱基-中港,2024-05-31,9202
00937B,群益ESG投等債20,65,30,35,凱基-中港,2024-05-31,9202
2002,中鋼,34,1,33,凱基-中港,2024-05-31,9202
1108,幸福,32,0,32,凱基-中港,2024-05-31,9202
1815,富喬,82,51,31,凱基-中港,2024-05-31,9202
3090,日電貿,30,0,30,凱基-中港,2024-05-31,9202
2905,三商,30,0,30,凱基-中港,2024-05-31,9202
3490,單井,31,3,28,凱基-中港,2024-05-31,9202
3564,其陽,31,3,28,凱基-中港,2024-05-31,9202
2382,廣達,28,2,26,凱基-中港,2024-05-31,9202
2889,國票金,26,0,26,凱基-中港,2024-05-31,9202
6290,良維,28,3,25,凱基-中港,2024-05-31,9202
2614,東森,25,1,24,凱基-中港,2024-05-31,9202
1301,台塑,23,1,22,凱基-中港,2024-05-31,9202
6695,芯鼎,25,4,21,凱基-中港,2024-05-31,9202
2324,仁寶,21,1,20,凱基-中港,2024-05-31,9202
2328,廣宇,70,50,20,凱基-中港,2024-05-31,9202
00940,元大台灣價值高息,41,21,20,凱基-中港,2024-05-31,9202
2501,國建,30,10,20,凱基-中港,2024-05-31,9202
6165,浪凡,20,0,20,凱基-中港,2024-05-31,9202
6456,GIS-KY,20,0,20,凱基-中港,2024-05-31,9202
00680L,元大美債20正2,30,10,20,凱基-中港,2024-05-31,9202
5880,合庫金,19,0,19,凱基-中港,2024-05-31,9202
6133,金橋,19,0,19,凱基-中港,2024-05-31,9202
1440,南紡,18,1,17,凱基-中港,2024-05-31,9202
6120,達運,16,0,16,凱基-中港,2024-05-31,9202
6005,群益證,15,0,15,凱基-中港,2024-05-31,9202
2617,台航,16,1,15,凱基-中港,2024-05-31,9202
5009,榮剛,14,0,14,凱基-中港,2024-05-31,9202
00918,大華優利高填息30,14,0,14,凱基-中港,2024-05-31,9202
3450,聯鈞,17,3,14,凱基-中港,2024-05-31,9202
2365,昆盈,46,32,14,凱基-中港,2024-05-31,9202
1316,上曜,21,7,14,凱基-中港,2024-05-31,9202
1326,台化,14,0,14,凱基-中港,2024-05-31,9202
00946,群益科技高息成長,14,0,14,凱基-中港,2024-05-31,9202
6118,建達,14,0,14,凱基-中港,2024-05-31,9202
5371,中光電,28,15,13,凱基-中港,2024-05-31,9202
2331,精英,300,3,297,凱基-中港,2024-06-03,9202
00632R,元大台灣50反1,365,99,266,凱基-中港,2024-06-03,9202
2618,長榮航,91,3,88,凱基-中港,2024-06-03,9202
2353,宏��,99,21,78,凱基-中港,2024-06-03,9202
00919,群益台灣精選高息,81,17,64,凱基-中港,2024-06-03,9202
00918,大華優利高填息30,59,0,59,凱基-中港,2024-06-03,9202
8110,華東,58,0,58,凱基-中港,2024-06-03,9202
2367,燿華,129,72,57,凱基-中港,2024-06-03,9202
00715L,期街口布蘭特正2,52,0,52,凱基-中港,2024-06-03,9202
2427,三商電,62,14,48,凱基-中港,2024-06-03,9202
1609,大亞,55,9,46,凱基-中港,2024-06-03,9202
2610,華航,50,7,43,凱基-中港,2024-06-03,9202
00929,復華台灣科技優息,51,8,43,凱基-中港,2024-06-03,9202
2324,仁寶,57,15,42,凱基-中港,2024-06-03,9202
2354,鴻準,71,30,41,凱基-中港,2024-06-03,9202
6120,達運,40,0,40,凱基-中港,2024-06-03,9202
00857B,永豐20年美公債,40,0,40,凱基-中港,2024-06-03,9202
4513,福裕,60,20,40,凱基-中港,2024-06-03,9202
5426,振發,66,29,37,凱基-中港,2024-06-03,9202
2303,聯電,49,13,36,凱基-中港,2024-06-03,9202
6118,建達,36,0,36,凱基-中港,2024-06-03,9202
1316,上曜,32,0,32,凱基-中港,2024-06-03,9202
2615,萬海,101,71,30,凱基-中港,2024-06-03,9202
2351,順德,31,1,30,凱基-中港,2024-06-03,9202
00921,兆豐龍頭等權重,30,1,29,凱基-中港,2024-06-03,9202
2438,翔耀,29,0,29,凱基-中港,2024-06-03,9202
2328,廣宇,44,15,29,凱基-中港,2024-06-03,9202
2614,東森,26,0,26,凱基-中港,2024-06-03,9202
3535,晶彩科,24,1,23,凱基-中港,2024-06-03,9202
6442,光聖,22,0,22,凱基-中港,2024-06-03,9202
2515,中工,48,27,21,凱基-中港,2024-06-03,9202
2349,錸德,22,1,21,凱基-中港,2024-06-03,9202
6165,浪凡,30,10,20,凱基-中港,2024-06-03,9202
1101,台泥,27,7,20,凱基-中港,2024-06-03,9202
2641,正德,27,7,20,凱基-中港,2024-06-03,9202
2102,泰豐,20,0,20,凱基-中港,2024-06-03,9202
2905,三商,20,0,20,凱基-中港,2024-06-03,9202
00633L,富邦上証正2,20,0,20,凱基-中港,2024-06-03,9202
9902,台火,22,2,20,凱基-中港,2024-06-03,9202
6188,廣明,131,111,20,凱基-中港,2024-06-03,9202
2809,京城銀,19,0,19,凱基-中港,2024-06-03,9202
2867,三商壽,20,1,19,凱基-中港,2024-06-03,9202
2436,偉詮電,21,2,19,凱基-中港,2024-06-03,9202
1532,勤美,20,2,18,凱基-中港,2024-06-03,9202
3059,華晶科,27,9,18,凱基-中港,2024-06-03,9202
5531,鄉林,18,0,18,凱基-中港,2024-06-03,9202
3202,樺晟,37,20,17,凱基-中港,2024-06-03,9202
00679B,元大美債20年,20,3,17,凱基-中港,2024-06-03,9202
2027,大成鋼,17,0,17,凱基-中港,2024-06-03,9202
5522,遠雄,44,28,16,凱基-中港,2024-06-03,9202
2888,新光金,326,115,211,凱基-中港,2024-06-04,9202
00929,復華台灣科技優息,168,50,118,凱基-中港,2024-06-04,9202
2002,中鋼,112,4,108,凱基-中港,2024-06-04,9202
2353,宏��,133,39,94,凱基-中港,2024-06-04,9202
1605,華新,104,13,91,凱基-中港,2024-06-04,9202
00919,群益台灣精選高息,85,4,81,凱基-中港,2024-06-04,9202
3481,群創,129,51,78,凱基-中港,2024-06-04,9202
4526,東台,85,10,75,凱基-中港,2024-06-04,9202
00918,大華優利高填息30,74,0,74,凱基-中港,2024-06-04,9202
2641,正德,78,5,73,凱基-中港,2024-06-04,9202
2312,金寶,109,41,68,凱基-中港,2024-06-04,9202
2482,連宇,61,1,60,凱基-中港,2024-06-04,9202
2883,凱基金,81,26,55,凱基-中港,2024-06-04,9202
2887,台新金,53,0,53,凱基-中港,2024-06-04,9202
00680L,元大美債20正2,61,10,51,凱基-中港,2024-06-04,9202
9950,萬國通,49,0,49,凱基-中港,2024-06-04,9202
2344,華邦電,93,45,48,凱基-中港,2024-06-04,9202
2618,長榮航,64,16,48,凱基-中港,2024-06-04,9202
2409,友達,87,40,47,凱基-中港,2024-06-04,9202
5880,合庫金,48,1,47,凱基-中港,2024-06-04,9202
2453,凌群,40,1,39,凱基-中港,2024-06-04,9202
6228,全譜,34,0,34,凱基-中港,2024-06-04,9202
3037,欣興,53,20,33,凱基-中港,2024-06-04,9202
3535,晶彩科,37,5,32,凱基-中港,2024-06-04,9202
2324,仁寶,52,21,31,凱基-中港,2024-06-04,9202
00936,台新永續高息中小,42,16,26,凱基-中港,2024-06-04,9202
1326,台化,26,1,25,凱基-中港,2024-06-04,9202
2610,華航,28,3,25,凱基-中港,2024-06-04,9202
6167,久正,24,0,24,凱基-中港,2024-06-04,9202
2377,微星,25,2,23,凱基-中港,2024-06-04,9202
3231,緯創,31,8,23,凱基-中港,2024-06-04,9202
2402,毅嘉,34,12,22,凱基-中港,2024-06-04,9202
2438,翔耀,20,0,20,凱基-中港,2024-06-04,9202
00896,中信綠能及電動車,20,0,20,凱基-中港,2024-06-04,9202
2330,台積電,19,0,19,凱基-中港,2024-06-04,9202
8234,新漢,62,43,19,凱基-中港,2024-06-04,9202
0056,元大高股息,23,5,18,凱基-中港,2024-06-04,9202
2891,中信金,20,2,18,凱基-中港,2024-06-04,9202
8096,擎亞,22,4,18,凱基-中港,2024-06-04,9202
3013,晟銘電,22,4,18,凱基-中港,2024-06-04,9202
6133,金橋,18,0,18,凱基-中港,2024-06-04,9202
2834,臺企銀,17,0,17,凱基-中港,2024-06-04,9202
3360,尚立,18,1,17,凱基-中港,2024-06-04,9202
2301,光寶科,19,3,16,凱基-中港,2024-06-04,9202
2371,大同,19,3,16,凱基-中港,2024-06-04,9202
00753L,中信中國50正2,65,50,15,凱基-中港,2024-06-04,9202
6584,南俊國際,15,0,15,凱基-中港,2024-06-04,9202
0061,元大寶滬深,15,0,15,凱基-中港,2024-06-04,9202
4534,慶騰,25,10,15,凱基-中港,2024-06-04,9202
4726,永昕,22,7,15,凱基-中港,2024-06-04,9202
00632R,元大台灣50反1,720,107,613,凱基-中港,2024-06-05,9202
00919,群益台灣精選高息,348,41,307,凱基-中港,2024-06-05,9202
3024,憶聲,227,0,227,凱基-中港,2024-06-05,9202
00680L,元大美債20正2,193,0,193,凱基-中港,2024-06-05,9202
6770,力積電,156,6,150,凱基-中港,2024-06-05,9202
4510,高鋒,134,0,134,凱基-中港,2024-06-05,9202
00929,復華台灣科技優息,111,8,103,凱基-中港,2024-06-05,9202
3564,其陽,70,11,59,凱基-中港,2024-06-05,9202
1446,宏和,55,2,53,凱基-中港,2024-06-05,9202
2105,正新,54,3,51,凱基-中港,2024-06-05,9202
2867,三商壽,55,5,50,凱基-中港,2024-06-05,9202
1471,首利,50,2,48,凱基-中港,2024-06-05,9202
2476,鉅祥,48,0,48,凱基-中港,2024-06-05,9202
2511,太子,46,0,46,凱基-中港,2024-06-05,9202
2303,聯電,49,8,41,凱基-中港,2024-06-05,9202
00918,大華優利高填息30,40,0,40,凱基-中港,2024-06-05,9202
8929,富堡,36,0,36,凱基-中港,2024-06-05,9202
00715L,期街口布蘭特正2,35,0,35,凱基-中港,2024-06-05,9202
2888,新光金,54,19,35,凱基-中港,2024-06-05,9202
00650L,復華香港正2,30,1,29,凱基-中港,2024-06-05,9202
6209,今國光,32,3,29,凱基-中港,2024-06-05,9202
3081,聯亞,30,1,29,凱基-中港,2024-06-05,9202
6152,百一,27,0,27,凱基-中港,2024-06-05,9202
5880,合庫金,22,1,21,凱基-中港,2024-06-05,9202
3260,威剛,28,7,21,凱基-中港,2024-06-05,9202
2201,裕隆,21,0,21,凱基-中港,2024-06-05,9202
2438,翔耀,20,0,20,凱基-中港,2024-06-05,9202
00945B,凱基美國非投等債,20,0,20,凱基-中港,2024-06-05,9202
4915,致伸,21,1,20,凱基-中港,2024-06-05,9202
2609,陽明,1412,1393,19,凱基-中港,2024-06-05,9202
4123,晟德,53,35,18,凱基-中港,2024-06-05,9202
1781,合世,18,0,18,凱基-中港,2024-06-05,9202
0056,元大高股息,17,0,17,凱基-中港,2024-06-05,9202
2417,圓剛,36,19,17,凱基-中港,2024-06-05,9202
2498,宏達電,16,0,16,凱基-中港,2024-06-05,9202
8046,南電,16,1,15,凱基-中港,2024-06-05,9202
2323,中環,18,3,15,凱基-中港,2024-06-05,9202
2009,第一銅,15,0,15,凱基-中港,2024-06-05,9202
2313,華通,16,1,15,凱基-中港,2024-06-05,9202
3305,昇貿,16,1,15,凱基-中港,2024-06-05,9202
2458,義隆,15,0,15,凱基-中港,2024-06-05,9202
2344,華邦電,28,13,15,凱基-中港,2024-06-05,9202
4532,瑞智,14,0,14,凱基-中港,2024-06-05,9202
6443,元晶,14,0,14,凱基-中港,2024-06-05,9202
4973,廣穎,15,2,13,凱基-中港,2024-06-05,9202
2104,國際中橡,13,0,13,凱基-中港,2024-06-05,9202
2324,仁寶,19,7,12,凱基-中港,2024-06-05,9202
00753L,中信中國50正2,13,1,12,凱基-中港,2024-06-05,9202
5371,中光電,13,2,11,凱基-中港,2024-06-05,9202
3483,力致,30,19,11,凱基-中港,2024-06-05,9202
3047,訊舟,437,59,378,凱基-中港,2024-06-06,9202
00632R,元大台灣50反1,388,139,249,凱基-中港,2024-06-06,9202
1815,富喬,375,209,166,凱基-中港,2024-06-06,9202
2609,陽明,1205,1083,122,凱基-中港,2024-06-06,9202
9945,潤泰新,121,5,116,凱基-中港,2024-06-06,9202
2489,瑞軒,103,6,97,凱基-中港,2024-06-06,9202
3535,晶彩科,83,0,83,凱基-中港,2024-06-06,9202
6167,久正,77,0,77,凱基-中港,2024-06-06,9202
4510,高鋒,71,0,71,凱基-中港,2024-06-06,9202
00753L,中信中國50正2,70,0,70,凱基-中港,2024-06-06,9202
1447,力鵬,71,2,69,凱基-中港,2024-06-06,9202
00936,台新永續高息中小,71,10,61,凱基-中港,2024-06-06,9202
00882,中信中國高股息,63,5,58,凱基-中港,2024-06-06,9202
2603,長榮,68,14,54,凱基-中港,2024-06-06,9202
00878,國泰永續高股息,61,8,53,凱基-中港,2024-06-06,9202
00942B,台新美A公司債20+,52,0,52,凱基-中港,2024-06-06,9202
2344,華邦電,53,1,52,凱基-中港,2024-06-06,9202
2834,臺企銀,53,1,52,凱基-中港,2024-06-06,9202
0056,元大高股息,57,7,50,凱基-中港,2024-06-06,9202
2002,中鋼,54,4,50,凱基-中港,2024-06-06,9202
00929,復華台灣科技優息,45,4,41,凱基-中港,2024-06-06,9202
5608,四維航,86,45,41,凱基-中港,2024-06-06,9202
2611,志信,45,8,37,凱基-中港,2024-06-06,9202
2233,宇隆,36,0,36,凱基-中港,2024-06-06,9202
2613,中櫃,44,8,36,凱基-中港,2024-06-06,9202
2641,正德,43,11,32,凱基-中港,2024-06-06,9202
4541,晟田,32,0,32,凱基-中港,2024-06-06,9202
3312,弘憶股,36,7,29,凱基-中港,2024-06-06,9202
6163,華電網,27,0,27,凱基-中港,2024-06-06,9202
2101,南港,32,6,26,凱基-中港,2024-06-06,9202
1455,集盛,25,0,25,凱基-中港,2024-06-06,9202
2354,鴻準,70,46,24,凱基-中港,2024-06-06,9202
00918,大華優利高填息30,24,0,24,凱基-中港,2024-06-06,9202
3481,群創,35,11,24,凱基-中港,2024-06-06,9202
6285,啟��,33,10,23,凱基-中港,2024-06-06,9202
3122,笙泉,25,2,23,凱基-中港,2024-06-06,9202
1313,聯成,23,0,23,凱基-中港,2024-06-06,9202
8070,長華*,21,0,21,凱基-中港,2024-06-06,9202
4726,永昕,21,0,21,凱基-中港,2024-06-06,9202
8906,花王,24,3,21,凱基-中港,2024-06-06,9202
1316,上曜,21,0,21,凱基-中港,2024-06-06,9202
6197,佳必琪,34,13,21,凱基-中港,2024-06-06,9202
2888,新光金,28,8,20,凱基-中港,2024-06-06,9202
00715L,期街口布蘭特正2,22,2,20,凱基-中港,2024-06-06,9202
2511,太子,20,0,20,凱基-中港,2024-06-06,9202
6785,昱展新藥,19,0,19,凱基-中港,2024-06-06,9202
00665L,富邦�琤肭磪囓�2,21,2,19,凱基-中港,2024-06-06,9202
6147,頎邦,18,0,18,凱基-中港,2024-06-06,9202
9938,百和,18,0,18,凱基-中港,2024-06-06,9202
2832,台產,18,0,18,凱基-中港,2024-06-06,9202
00929,復華台灣科技優息,124,1,123,凱基-中港,2024-06-07,9202
00936,台新永續高息中小,96,0,96,凱基-中港,2024-06-07,9202
1609,大亞,99,36,63,凱基-中港,2024-06-07,9202
2615,萬海,97,46,51,凱基-中港,2024-06-07,9202
2365,昆盈,51,0,51,凱基-中港,2024-06-07,9202
2606,裕民,47,1,46,凱基-中港,2024-06-07,9202
2002,中鋼,49,6,43,凱基-中港,2024-06-07,9202
00919,群益台灣精選高息,68,25,43,凱基-中港,2024-06-07,9202
00918,大華優利高填息30,43,0,43,凱基-中港,2024-06-07,9202
2353,宏��,50,13,37,凱基-中港,2024-06-07,9202
2330,台積電,40,4,36,凱基-中港,2024-06-07,9202
1447,力鵬,49,14,35,凱基-中港,2024-06-07,9202
00687B,國泰20年美債,65,30,35,凱基-中港,2024-06-07,9202
6016,康和證,35,0,35,凱基-中港,2024-06-07,9202
1414,東和,35,3,32,凱基-中港,2024-06-07,9202
00937B,群益ESG投等債20,34,3,31,凱基-中港,2024-06-07,9202
1455,集盛,30,0,30,凱基-中港,2024-06-07,9202
2537,聯上發,50,22,28,凱基-中港,2024-06-07,9202
3231,緯創,39,11,28,凱基-中港,2024-06-07,9202
4541,晟田,28,0,28,凱基-中港,2024-06-07,9202
4510,高鋒,28,1,27,凱基-中港,2024-06-07,9202
2312,金寶,158,133,25,凱基-中港,2024-06-07,9202
2352,佳世達,28,4,24,凱基-中港,2024-06-07,9202
2613,中櫃,45,23,22,凱基-中港,2024-06-07,9202
6806,森崴能源,24,2,22,凱基-中港,2024-06-07,9202
6215,和椿,27,6,21,凱基-中港,2024-06-07,9202
00650L,復華香港正2,20,0,20,凱基-中港,2024-06-07,9202
6264,富裔,20,0,20,凱基-中港,2024-06-07,9202
9938,百和,23,4,19,凱基-中港,2024-06-07,9202
2489,瑞軒,39,20,19,凱基-中港,2024-06-07,9202
1304,台聚,20,1,19,凱基-中港,2024-06-07,9202
00688L,國泰20年美債正2,18,0,18,凱基-中港,2024-06-07,9202
00680L,元大美債20正2,20,2,18,凱基-中港,2024-06-07,9202
6228,全譜,18,0,18,凱基-中港,2024-06-07,9202
8121,越峰,17,1,16,凱基-中港,2024-06-07,9202
1702,南僑,16,0,16,凱基-中港,2024-06-07,9202
3122,笙泉,20,4,16,凱基-中港,2024-06-07,9202
2371,大同,21,6,15,凱基-中港,2024-06-07,9202
2397,友通,15,0,15,凱基-中港,2024-06-07,9202
2382,廣達,14,0,14,凱基-中港,2024-06-07,9202
6005,群益證,15,1,14,凱基-中港,2024-06-07,9202
6451,訊芯-KY,24,10,14,凱基-中港,2024-06-07,9202
00878,國泰永續高股息,15,1,14,凱基-中港,2024-06-07,9202
3338,泰碩,13,0,13,凱基-中港,2024-06-07,9202
2886,兆豐金,13,0,13,凱基-中港,2024-06-07,9202
00712,復華富時不動產,12,0,12,凱基-中港,2024-06-07,9202
8027,鈦昇,18,6,12,凱基-中港,2024-06-07,9202
1603,華電,16,4,12,凱基-中港,2024-06-07,9202
2882,國泰金,25,14,11,凱基-中港,2024-06-07,9202
2356,英業達,19,8,11,凱基-中港,2024-06-07,9202
2888,新光金,464,16,448,凱基-中港,2024-06-11,9202
00902,中信電池及儲能,220,0,220,凱基-中港,2024-06-11,9202
00680L,元大美債20正2,141,5,136,凱基-中港,2024-06-11,9202
00936,台新永續高息中小,132,3,129,凱基-中港,2024-06-11,9202
2609,陽明,536,420,116,凱基-中港,2024-06-11,9202
00939,統一台灣高息動能,105,0,105,凱基-中港,2024-06-11,9202
3231,緯創,132,27,105,凱基-中港,2024-06-11,9202
00937B,群益ESG投等債20,104,0,104,凱基-中港,2024-06-11,9202
2511,太子,103,0,103,凱基-中港,2024-06-11,9202
00679B,元大美債20年,113,10,103,凱基-中港,2024-06-11,9202
00919,群益台灣精選高息,115,14,101,凱基-中港,2024-06-11,9202
9105,泰金寶-DR,118,23,95,凱基-中港,2024-06-11,9202
00687B,國泰20年美債,96,1,95,凱基-中港,2024-06-11,9202
2367,燿華,228,134,94,凱基-中港,2024-06-11,9202
00918,大華優利高填息30,89,3,86,凱基-中港,2024-06-11,9202
6770,力積電,125,40,85,凱基-中港,2024-06-11,9202
5531,鄉林,83,1,82,凱基-中港,2024-06-11,9202
3024,憶聲,78,1,77,凱基-中港,2024-06-11,9202
2062,橋椿,65,0,65,凱基-中港,2024-06-11,9202
6167,久正,63,0,63,凱基-中港,2024-06-11,9202
2002,中鋼,64,3,61,凱基-中港,2024-06-11,9202
2515,中工,68,9,59,凱基-中港,2024-06-11,9202
3481,群創,108,53,55,凱基-中港,2024-06-11,9202
1312,國喬,55,1,54,凱基-中港,2024-06-11,9202
00921,兆豐龍頭等權重,54,0,54,凱基-中港,2024-06-11,9202
00942B,台新美A公司債20+,47,0,47,凱基-中港,2024-06-11,9202
3047,訊舟,92,51,41,凱基-中港,2024-06-11,9202
4973,廣穎,40,0,40,凱基-中港,2024-06-11,9202
1316,上曜,70,34,36,凱基-中港,2024-06-11,9202
2405,輔信,32,0,32,凱基-中港,2024-06-11,9202
1314,中石化,35,3,32,凱基-中港,2024-06-11,9202
2374,佳能,39,10,29,凱基-中港,2024-06-11,9202
00652,富邦印度,30,1,29,凱基-中港,2024-06-11,9202
1532,勤美,31,2,29,凱基-中港,2024-06-11,9202
4534,慶騰,30,5,25,凱基-中港,2024-06-11,9202
2634,漢翔,27,2,25,凱基-中港,2024-06-11,9202
5603,陸海,35,11,24,凱基-中港,2024-06-11,9202
00933B,國泰10Y+金融債,23,0,23,凱基-中港,2024-06-11,9202
2603,長榮,688,666,22,凱基-中港,2024-06-11,9202
6165,浪凡,22,0,22,凱基-中港,2024-06-11,9202
2344,華邦電,22,0,22,凱基-中港,2024-06-11,9202
6116,彩晶,20,0,20,凱基-中港,2024-06-11,9202
3576,聯合再生,20,0,20,凱基-中港,2024-06-11,9202
00688L,國泰20年美債正2,21,1,20,凱基-中港,2024-06-11,9202
8906,花王,20,0,20,凱基-中港,2024-06-11,9202
00878,國泰永續高股息,35,16,19,凱基-中港,2024-06-11,9202
1310,台苯,20,1,19,凱基-中港,2024-06-11,9202
2356,英業達,22,5,17,凱基-中港,2024-06-11,9202
6163,華電網,16,0,16,凱基-中港,2024-06-11,9202
2438,翔耀,16,0,16,凱基-中港,2024-06-11,9202
2888,新光金,1764,77,1687,凱基-中港,2024-06-12,9202
2618,長榮航,215,19,196,凱基-中港,2024-06-12,9202
00948B,中信優息投資級債,150,6,144,凱基-中港,2024-06-12,9202
3048,益登,144,4,140,凱基-中港,2024-06-12,9202
3024,憶聲,134,0,134,凱基-中港,2024-06-12,9202
6216,居易,126,2,124,凱基-中港,2024-06-12,9202
00929,復華台灣科技優息,116,13,103,凱基-中港,2024-06-12,9202
2883,凱基金,124,34,90,凱基-中港,2024-06-12,9202
4906,正文,94,8,86,凱基-中港,2024-06-12,9202
00919,群益台灣精選高息,89,4,85,凱基-中港,2024-06-12,9202
2312,金寶,83,2,81,凱基-中港,2024-06-12,9202
1714,和桐,65,0,65,凱基-中港,2024-06-12,9202
00882,中信中國高股息,67,5,62,凱基-中港,2024-06-12,9202
00937B,群益ESG投等債20,64,2,62,凱基-中港,2024-06-12,9202
6108,競國,60,0,60,凱基-中港,2024-06-12,9202
00712,復華富時不動產,53,0,53,凱基-中港,2024-06-12,9202
2303,聯電,55,3,52,凱基-中港,2024-06-12,9202
00904,新光臺灣半導體30,48,0,48,凱基-中港,2024-06-12,9202
00637L,元大滬深300正2,50,2,48,凱基-中港,2024-06-12,9202
2515,中工,53,7,46,凱基-中港,2024-06-12,9202
6152,百一,48,2,46,凱基-中港,2024-06-12,9202
2201,裕隆,43,0,43,凱基-中港,2024-06-12,9202
2002,中鋼,44,2,42,凱基-中港,2024-06-12,9202
00891,中信關鍵半導體,40,0,40,凱基-中港,2024-06-12,9202
3047,訊舟,68,29,39,凱基-中港,2024-06-12,9202
2605,新興,46,8,38,凱基-中港,2024-06-12,9202
2464,盟立,52,14,38,凱基-中港,2024-06-12,9202
8110,華東,41,4,37,凱基-中港,2024-06-12,9202
2641,正德,41,4,37,凱基-中港,2024-06-12,9202
1307,三芳,35,0,35,凱基-中港,2024-06-12,9202
1303,南亞,35,1,34,凱基-中港,2024-06-12,9202
1101,台泥,32,0,32,凱基-中港,2024-06-12,9202
2882,國泰金,32,2,30,凱基-中港,2024-06-12,9202
6186,新潤,35,5,30,凱基-中港,2024-06-12,9202
00918,大華優利高填息30,28,0,28,凱基-中港,2024-06-12,9202
6188,廣明,70,42,28,凱基-中港,2024-06-12,9202
4510,高鋒,27,0,27,凱基-中港,2024-06-12,9202
6190,萬泰科,34,9,25,凱基-中港,2024-06-12,9202
1720,生達,24,0,24,凱基-中港,2024-06-12,9202
6282,康舒,33,11,22,凱基-中港,2024-06-12,9202
6016,康和證,22,0,22,凱基-中港,2024-06-12,9202
9924,福興,22,0,22,凱基-中港,2024-06-12,9202
00902,中信電池及儲能,21,0,21,凱基-中港,2024-06-12,9202
2324,仁寶,20,0,20,凱基-中港,2024-06-12,9202
2880,華南金,20,0,20,凱基-中港,2024-06-12,9202
00713,元大台灣高息低波,19,0,19,凱基-中港,2024-06-12,9202
1587,吉茂,18,1,17,凱基-中港,2024-06-12,9202
2609,陽明,500,483,17,凱基-中港,2024-06-12,9202
2371,大同,17,1,16,凱基-中港,2024-06-12,9202
00946,群益科技高息成長,17,3,14,凱基-中港,2024-06-12,9202
6270,倍微,150,0,150,凱基-中港,2024-06-13,9202
00632R,元大台灣50反1,361,227,134,凱基-中港,2024-06-13,9202
8096,擎亞,253,128,125,凱基-中港,2024-06-13,9202
2367,燿華,319,217,102,凱基-中港,2024-06-13,9202
1527,鑽全,100,0,100,凱基-中港,2024-06-13,9202
3105,穩懋,102,9,93,凱基-中港,2024-06-13,9202
3624,光頡,80,1,79,凱基-中港,2024-06-13,9202
00929,復華台灣科技優息,127,65,62,凱基-中港,2024-06-13,9202
2883,凱基金,59,6,53,凱基-中港,2024-06-13,9202
1522,堤維西,70,18,52,凱基-中港,2024-06-13,9202
2891,中信金,51,0,51,凱基-中港,2024-06-13,9202
3006,晶豪科,63,13,50,凱基-中港,2024-06-13,9202
00937B,群益ESG投等債20,49,3,46,凱基-中港,2024-06-13,9202
2374,佳能,60,16,44,凱基-中港,2024-06-13,9202
1720,生達,41,0,41,凱基-中港,2024-06-13,9202
2002,中鋼,41,4,37,凱基-中港,2024-06-13,9202
9105,泰金寶-DR,110,73,37,凱基-中港,2024-06-13,9202
00915,凱基優選高股息30,48,14,34,凱基-中港,2024-06-13,9202
6125,廣運,38,6,32,凱基-中港,2024-06-13,9202
5490,同亨,31,0,31,凱基-中港,2024-06-13,9202
00688L,國泰20年美債正2,32,1,31,凱基-中港,2024-06-13,9202
00637L,元大滬深300正2,30,0,30,凱基-中港,2024-06-13,9202
3042,晶技,29,3,26,凱基-中港,2024-06-13,9202
6207,雷科,52,26,26,凱基-中港,2024-06-13,9202
00687B,國泰20年美債,29,4,25,凱基-中港,2024-06-13,9202
8071,能率網通,66,41,25,凱基-中港,2024-06-13,9202
5340,建榮,25,0,25,凱基-中港,2024-06-13,9202
2867,三商壽,27,2,25,凱基-中港,2024-06-13,9202
2365,昆盈,38,18,20,凱基-中港,2024-06-13,9202
3706,神達,22,2,20,凱基-中港,2024-06-13,9202
3481,群創,20,0,20,凱基-中港,2024-06-13,9202
00673R,期元大S＆P原油反1,20,0,20,凱基-中港,2024-06-13,9202
3360,尚立,20,0,20,凱基-中港,2024-06-13,9202
00947,台新臺灣IC設計,23,4,19,凱基-中港,2024-06-13,9202
00919,群益台灣精選高息,61,43,18,凱基-中港,2024-06-13,9202
2615,萬海,30,14,16,凱基-中港,2024-06-13,9202
8424,惠普,15,0,15,凱基-中港,2024-06-13,9202
1307,三芳,15,0,15,凱基-中港,2024-06-13,9202
2606,裕民,15,1,14,凱基-中港,2024-06-13,9202
2371,大同,27,13,14,凱基-中港,2024-06-13,9202
00948B,中信優息投資級債,50,36,14,凱基-中港,2024-06-13,9202
2882,國泰金,17,3,14,凱基-中港,2024-06-13,9202
6449,鈺邦,21,8,13,凱基-中港,2024-06-13,9202
4908,前鼎,33,21,12,凱基-中港,2024-06-13,9202
00857B,永豐20年美公債,12,0,12,凱基-中港,2024-06-13,9202
4967,十銓,68,57,11,凱基-中港,2024-06-13,9202
00751B,元大AAA至A公司債,16,5,11,凱基-中港,2024-06-13,9202
6451,訊芯-KY,55,44,11,凱基-中港,2024-06-13,9202
4726,永昕,10,0,10,凱基-中港,2024-06-13,9202
1524,耿鼎,10,0,10,凱基-中港,2024-06-13,9202
2371,大同,240,51,189,凱基-中港,2024-06-14,9202
1609,大亞,253,73,180,凱基-中港,2024-06-14,9202
2609,陽明,443,352,91,凱基-中港,2024-06-14,9202
00688L,國泰20年美債正2,115,35,80,凱基-中港,2024-06-14,9202
00918,大華優利高填息30,72,2,70,凱基-中港,2024-06-14,9202
2025,千興,66,5,61,凱基-中港,2024-06-14,9202
2606,裕民,54,2,52,凱基-中港,2024-06-14,9202
3122,笙泉,50,0,50,凱基-中港,2024-06-14,9202
2328,廣宇,45,0,45,凱基-中港,2024-06-14,9202
2392,正崴,68,27,41,凱基-中港,2024-06-14,9202
4510,高鋒,40,0,40,凱基-中港,2024-06-14,9202
00687B,國泰20年美債,48,8,40,凱基-中港,2024-06-14,9202
4714,永捷,40,3,37,凱基-中港,2024-06-14,9202
2605,新興,36,0,36,凱基-中港,2024-06-14,9202
8028,昇陽半導體,50,14,36,凱基-中港,2024-06-14,9202
00936,台新永續高息中小,52,17,35,凱基-中港,2024-06-14,9202
2303,聯電,41,6,35,凱基-中港,2024-06-14,9202
00915,凱基優選高股息30,34,3,31,凱基-中港,2024-06-14,9202
2353,宏��,35,7,28,凱基-中港,2024-06-14,9202
00919,群益台灣精選高息,65,37,28,凱基-中港,2024-06-14,9202
1612,宏泰,75,51,24,凱基-中港,2024-06-14,9202
00882,中信中國高股息,48,24,24,凱基-中港,2024-06-14,9202
00665L,富邦�琤肭磪囓�2,24,0,24,凱基-中港,2024-06-14,9202
2330,台積電,28,6,22,凱基-中港,2024-06-14,9202
1815,富喬,27,5,22,凱基-中港,2024-06-14,9202
2438,翔耀,22,1,21,凱基-中港,2024-06-14,9202
3062,建漢,77,57,20,凱基-中港,2024-06-14,9202
6120,達運,20,0,20,凱基-中港,2024-06-14,9202
00878,國泰永續高股息,60,40,20,凱基-中港,2024-06-14,9202
00946,群益科技高息成長,19,0,19,凱基-中港,2024-06-14,9202
2428,興勤,18,0,18,凱基-中港,2024-06-14,9202
3450,聯鈞,27,10,17,凱基-中港,2024-06-14,9202
1529,樂事綠能,30,13,17,凱基-中港,2024-06-14,9202
6668,中揚光,16,0,16,凱基-中港,2024-06-14,9202
00706L,期元大S＆P日圓正2,15,0,15,凱基-中港,2024-06-14,9202
6209,今國光,15,0,15,凱基-中港,2024-06-14,9202
2476,鉅祥,41,26,15,凱基-中港,2024-06-14,9202
1785,光洋科,17,2,15,凱基-中港,2024-06-14,9202
00947,台新臺灣IC設計,15,0,15,凱基-中港,2024-06-14,9202
2344,華邦電,14,0,14,凱基-中港,2024-06-14,9202
2612,中航,14,0,14,凱基-中港,2024-06-14,9202
00673R,期元大S＆P原油反1,14,0,14,凱基-中港,2024-06-14,9202
6451,訊芯-KY,35,21,14,凱基-中港,2024-06-14,9202
9105,泰金寶-DR,90,76,14,凱基-中港,2024-06-14,9202
5484,慧友,13,0,13,凱基-中港,2024-06-14,9202
00948B,中信優息投資級債,20,7,13,凱基-中港,2024-06-14,9202
8096,擎亞,238,225,13,凱基-中港,2024-06-14,9202
3003,健和興,13,0,13,凱基-中港,2024-06-14,9202
6799,來頡,12,0,12,凱基-中港,2024-06-14,9202
2414,精技,12,0,12,凱基-中港,2024-06-14,9202
8374,羅昇,385,1,384,凱基-中港,2024-06-17,9202
00942B,台新美A公司債20+,246,0,246,凱基-中港,2024-06-17,9202
00918,大華優利高填息30,244,5,239,凱基-中港,2024-06-17,9202
2314,台揚,204,4,200,凱基-中港,2024-06-17,9202
3024,憶聲,171,7,164,凱基-中港,2024-06-17,9202
4566,時碩工業,108,3,105,凱基-中港,2024-06-17,9202
2888,新光金,81,2,79,凱基-中港,2024-06-17,9202
2867,三商壽,107,30,77,凱基-中港,2024-06-17,9202
8105,凌巨,128,57,71,凱基-中港,2024-06-17,9202
8028,昇陽半導體,103,35,68,凱基-中港,2024-06-17,9202
2615,萬海,85,24,61,凱基-中港,2024-06-17,9202
00753L,中信中國50正2,60,1,59,凱基-中港,2024-06-17,9202
1618,合機,73,20,53,凱基-中港,2024-06-17,9202
00891,中信關鍵半導體,48,0,48,凱基-中港,2024-06-17,9202
00937B,群益ESG投等債20,60,15,45,凱基-中港,2024-06-17,9202
00948B,中信優息投資級債,42,0,42,凱基-中港,2024-06-17,9202
1802,台玻,68,27,41,凱基-中港,2024-06-17,9202
2365,昆盈,36,7,29,凱基-中港,2024-06-17,9202
2882,國泰金,28,3,25,凱基-中港,2024-06-17,9202
00946,群益科技高息成長,25,0,25,凱基-中港,2024-06-17,9202
00650L,復華香港正2,34,10,24,凱基-中港,2024-06-17,9202
6706,惠特,30,7,23,凱基-中港,2024-06-17,9202
3374,精材,29,6,23,凱基-中港,2024-06-17,9202
1609,大亞,48,26,22,凱基-中港,2024-06-17,9202
3131,弘塑,27,5,22,凱基-中港,2024-06-17,9202
2606,裕民,22,0,22,凱基-中港,2024-06-17,9202
6024,群益期,21,0,21,凱基-中港,2024-06-17,9202
00924,復華S＆P500成長,21,0,21,凱基-中港,2024-06-17,9202
1504,東元,25,4,21,凱基-中港,2024-06-17,9202
6189,豐藝,20,0,20,凱基-中港,2024-06-17,9202
4714,永捷,21,1,20,凱基-中港,2024-06-17,9202
2515,中工,20,0,20,凱基-中港,2024-06-17,9202
1303,南亞,22,3,19,凱基-中港,2024-06-17,9202
3710,連展投控,32,13,19,凱基-中港,2024-06-17,9202
8085,福華,20,1,19,凱基-中港,2024-06-17,9202
1513,中興電,43,24,19,凱基-中港,2024-06-17,9202
6509,聚和,20,1,19,凱基-中港,2024-06-17,9202
3017,奇鋐,26,8,18,凱基-中港,2024-06-17,9202
2474,可成,18,0,18,凱基-中港,2024-06-17,9202
2454,聯發科,17,0,17,凱基-中港,2024-06-17,9202
8027,鈦昇,22,5,17,凱基-中港,2024-06-17,9202
1301,台塑,20,3,17,凱基-中港,2024-06-17,9202
1503,士電,33,17,16,凱基-中港,2024-06-17,9202
2367,燿華,18,2,16,凱基-中港,2024-06-17,9202
3666,光耀,16,0,16,凱基-中港,2024-06-17,9202
1799,易威,16,0,16,凱基-中港,2024-06-17,9202
1532,勤美,15,0,15,凱基-中港,2024-06-17,9202
4952,凌通,16,2,14,凱基-中港,2024-06-17,9202
1616,億泰,14,0,14,凱基-中港,2024-06-17,9202
8011,台通,14,0,14,凱基-中港,2024-06-17,9202
00940,元大台灣價值高息,465,123,342,凱基-中港,2024-06-18,9202
00936,台新永續高息中小,257,10,247,凱基-中港,2024-06-18,9202
2314,台揚,218,4,214,凱基-中港,2024-06-18,9202
2371,大同,242,63,179,凱基-中港,2024-06-18,9202
4167,松瑞藥,145,0,145,凱基-中港,2024-06-18,9202
4526,東台,160,26,134,凱基-中港,2024-06-18,9202
8374,羅昇,110,1,109,凱基-中港,2024-06-18,9202
00929,復華台灣科技優息,214,127,87,凱基-中港,2024-06-18,9202
00687B,國泰20年美債,81,2,79,凱基-中港,2024-06-18,9202
4533,協易機,78,3,75,凱基-中港,2024-06-18,9202
6282,康舒,92,22,70,凱基-中港,2024-06-18,9202
1314,中石化,68,0,68,凱基-中港,2024-06-18,9202
00919,群益台灣精選高息,120,56,64,凱基-中港,2024-06-18,9202
3622,洋華,86,22,64,凱基-中港,2024-06-18,9202
9105,泰金寶-DR,56,1,55,凱基-中港,2024-06-18,9202
2353,宏��,58,4,54,凱基-中港,2024-06-18,9202
6213,聯茂,52,0,52,凱基-中港,2024-06-18,9202
00676R,富邦臺灣加權反1,50,0,50,凱基-中港,2024-06-18,9202
4924,欣厚-KY,67,17,50,凱基-中港,2024-06-18,9202
5608,四維航,50,1,49,凱基-中港,2024-06-18,9202
5905,南仁湖,50,1,49,凱基-中港,2024-06-18,9202
1799,易威,46,0,46,凱基-中港,2024-06-18,9202
5443,均豪,58,14,44,凱基-中港,2024-06-18,9202
3624,光頡,40,0,40,凱基-中港,2024-06-18,9202
00632R,元大台灣50反1,98,63,35,凱基-中港,2024-06-18,9202
5315,光聯,35,0,35,凱基-中港,2024-06-18,9202
00918,大華優利高填息30,100,66,34,凱基-中港,2024-06-18,9202
3466,德晉,33,0,33,凱基-中港,2024-06-18,9202
2002,中鋼,31,0,31,凱基-中港,2024-06-18,9202
8028,昇陽半導體,55,26,29,凱基-中港,2024-06-18,9202
2324,仁寶,30,1,29,凱基-中港,2024-06-18,9202
9103,美德醫療-DR,31,2,29,凱基-中港,2024-06-18,9202
3673,TPK-KY,30,2,28,凱基-中港,2024-06-18,9202
4958,臻鼎-KY,37,9,28,凱基-中港,2024-06-18,9202
8064,東捷,38,12,26,凱基-中港,2024-06-18,9202
1303,南亞,25,1,24,凱基-中港,2024-06-18,9202
3056,富華新,24,0,24,凱基-中港,2024-06-18,9202
5498,凱崴,23,0,23,凱基-中港,2024-06-18,9202
1513,中興電,29,7,22,凱基-中港,2024-06-18,9202
2385,群光,25,4,21,凱基-中港,2024-06-18,9202
00673R,期元大S＆P原油反1,21,0,21,凱基-中港,2024-06-18,9202
6274,台燿,20,0,20,凱基-中港,2024-06-18,9202
3710,連展投控,20,0,20,凱基-中港,2024-06-18,9202
00921,兆豐龍頭等權重,20,0,20,凱基-中港,2024-06-18,9202
00915,凱基優選高股息30,21,2,19,凱基-中港,2024-06-18,9202
6877,鏵友益,20,1,19,凱基-中港,2024-06-18,9202
4562,穎漢,98,79,19,凱基-中港,2024-06-18,9202
1536,和大,19,1,18,凱基-中港,2024-06-18,9202
912000,晨訊科-DR,21,3,18,凱基-中港,2024-06-18,9202
3024,憶聲,20,2,18,凱基-中港,2024-06-18,9202
00632R,元大台灣50反1,411,7,404,凱基-中港,2024-06-19,9202
2609,陽明,248,38,210,凱基-中港,2024-06-19,9202
8096,擎亞,228,64,164,凱基-中港,2024-06-19,9202
00940,元大台灣價值高息,251,100,151,凱基-中港,2024-06-19,9202
8105,凌巨,150,10,140,凱基-中港,2024-06-19,9202
00830,國泰費城半導體,135,0,135,凱基-中港,2024-06-19,9202
2888,新光金,226,102,124,凱基-中港,2024-06-19,9202
00936,台新永續高息中小,138,15,123,凱基-中港,2024-06-19,9202
00937B,群益ESG投等債20,114,9,105,凱基-中港,2024-06-19,9202
00922,國泰台灣領袖50,110,10,100,凱基-中港,2024-06-19,9202
00687B,國泰20年美債,81,8,73,凱基-中港,2024-06-19,9202
1314,中石化,300,230,70,凱基-中港,2024-06-19,9202
2314,台揚,57,2,55,凱基-中港,2024-06-19,9202
00712,復華富時不動產,94,53,41,凱基-中港,2024-06-19,9202
3481,群創,61,20,41,凱基-中港,2024-06-19,9202
5324,士開,40,0,40,凱基-中港,2024-06-19,9202
1303,南亞,32,0,32,凱基-中港,2024-06-19,9202
4924,欣厚-KY,33,1,32,凱基-中港,2024-06-19,9202
00923,群益台ESG低碳50,30,0,30,凱基-中港,2024-06-19,9202
00913,兆豐台灣晶圓製造,40,10,30,凱基-中港,2024-06-19,9202
00927,群益半導體收益,30,4,26,凱基-中港,2024-06-19,9202
3622,洋華,38,13,25,凱基-中港,2024-06-19,9202
3450,聯鈞,188,164,24,凱基-中港,2024-06-19,9202
6282,康舒,25,1,24,凱基-中港,2024-06-19,9202
4534,慶騰,28,4,24,凱基-中港,2024-06-19,9202
1720,生達,23,0,23,凱基-中港,2024-06-19,9202
00891,中信關鍵半導體,23,1,22,凱基-中港,2024-06-19,9202
6216,居易,25,3,22,凱基-中港,2024-06-19,9202
3419,譁裕,30,8,22,凱基-中港,2024-06-19,9202
1815,富喬,27,5,22,凱基-中港,2024-06-19,9202
1605,華新,26,4,22,凱基-中港,2024-06-19,9202
00946,群益科技高息成長,21,0,21,凱基-中港,2024-06-19,9202
00904,新光臺灣半導體30,20,0,20,凱基-中港,2024-06-19,9202
00664R,國泰臺灣加權反1,20,0,20,凱基-中港,2024-06-19,9202
6190,萬泰科,143,123,20,凱基-中港,2024-06-19,9202
2337,旺宏,22,2,20,凱基-中港,2024-06-19,9202
2399,映泰,25,6,19,凱基-中港,2024-06-19,9202
1799,易威,19,0,19,凱基-中港,2024-06-19,9202
2324,仁寶,20,1,19,凱基-中港,2024-06-19,9202
6147,頎邦,18,0,18,凱基-中港,2024-06-19,9202
6451,訊芯-KY,24,6,18,凱基-中港,2024-06-19,9202
00935,野村臺灣新科技50,18,0,18,凱基-中港,2024-06-19,9202
4956,光鋐,23,6,17,凱基-中港,2024-06-19,9202
3122,笙泉,24,7,17,凱基-中港,2024-06-19,9202
00947,台新臺灣IC設計,17,0,17,凱基-中港,2024-06-19,9202
5880,合庫金,21,5,16,凱基-中港,2024-06-19,9202
5315,光聯,15,0,15,凱基-中港,2024-06-19,9202
6770,力積電,20,6,14,凱基-中港,2024-06-19,9202
4967,十銓,30,16,14,凱基-中港,2024-06-19,9202
4904,遠傳,14,0,14,凱基-中港,2024-06-19,9202
00940,元大台灣價值高息,257,31,226,凱基-中港,2024-06-20,9202
00688L,國泰20年美債正2,190,0,190,凱基-中港,2024-06-20,9202
00919,群益台灣精選高息,223,35,188,凱基-中港,2024-06-20,9202
00753L,中信中國50正2,182,0,182,凱基-中港,2024-06-20,9202
00945B,凱基美國非投等債,165,0,165,凱基-中港,2024-06-20,9202
00650L,復華香港正2,110,0,110,凱基-中港,2024-06-20,9202
1611,中電,140,34,106,凱基-中港,2024-06-20,9202
2314,台揚,101,7,94,凱基-中港,2024-06-20,9202
2365,昆盈,125,46,79,凱基-中港,2024-06-20,9202
00936,台新永續高息中小,89,10,79,凱基-中港,2024-06-20,9202
00687B,國泰20年美債,83,12,71,凱基-中港,2024-06-20,9202
2337,旺宏,75,5,70,凱基-中港,2024-06-20,9202
00891,中信關鍵半導體,55,1,54,凱基-中港,2024-06-20,9202
00915,凱基優選高股息30,51,1,50,凱基-中港,2024-06-20,9202
2887,台新金,50,0,50,凱基-中港,2024-06-20,9202
3042,晶技,44,0,44,凱基-中港,2024-06-20,9202
0056,元大高股息,51,10,41,凱基-中港,2024-06-20,9202
2025,千興,50,12,38,凱基-中港,2024-06-20,9202
9105,泰金寶-DR,38,1,37,凱基-中港,2024-06-20,9202
2867,三商壽,108,74,34,凱基-中港,2024-06-20,9202
2353,宏��,52,19,33,凱基-中港,2024-06-20,9202
4967,十銓,41,8,33,凱基-中港,2024-06-20,9202
3047,訊舟,36,5,31,凱基-中港,2024-06-20,9202
6153,嘉聯益,33,3,30,凱基-中港,2024-06-20,9202
1785,光洋科,67,39,28,凱基-中港,2024-06-20,9202
6531,愛普*,29,2,27,凱基-中港,2024-06-20,9202
2610,華航,29,3,26,凱基-中港,2024-06-20,9202
00947,台新臺灣IC設計,36,10,26,凱基-中港,2024-06-20,9202
00948B,中信優息投資級債,25,0,25,凱基-中港,2024-06-20,9202
8277,商丞,26,2,24,凱基-中港,2024-06-20,9202
2363,矽統,38,14,24,凱基-中港,2024-06-20,9202
006208,富邦台50,23,0,23,凱基-中港,2024-06-20,9202
2401,凌陽,31,8,23,凱基-中港,2024-06-20,9202
6005,群益證,24,2,22,凱基-中港,2024-06-20,9202
8374,羅昇,28,7,21,凱基-中港,2024-06-20,9202
4924,欣厚-KY,29,8,21,凱基-中港,2024-06-20,9202
2409,友達,32,11,21,凱基-中港,2024-06-20,9202
3535,晶彩科,48,28,20,凱基-中港,2024-06-20,9202
1784,訊聯,20,0,20,凱基-中港,2024-06-20,9202
1460,宏遠,20,0,20,凱基-中港,2024-06-20,9202
3372,典範,22,3,19,凱基-中港,2024-06-20,9202
00679B,元大美債20年,18,0,18,凱基-中港,2024-06-20,9202
2474,可成,18,0,18,凱基-中港,2024-06-20,9202
4915,致伸,19,3,16,凱基-中港,2024-06-20,9202
00922,國泰台灣領袖50,16,0,16,凱基-中港,2024-06-20,9202
00933B,國泰10Y+金融債,17,3,14,凱基-中港,2024-06-20,9202
3303,岱稜,14,0,14,凱基-中港,2024-06-20,9202
4123,晟德,26,12,14,凱基-中港,2024-06-20,9202
2615,萬海,29,15,14,凱基-中港,2024-06-20,9202
6451,訊芯-KY,37,23,14,凱基-中港,2024-06-20,9202
00937B,群益ESG投等債20,365,1,364,凱基-中港,2024-06-21,9202
6548,長科*,301,0,301,凱基-中港,2024-06-21,9202
2888,新光金,344,69,275,凱基-中港,2024-06-21,9202
00902,中信電池及儲能,212,0,212,凱基-中港,2024-06-21,9202
00919,群益台灣精選高息,162,36,126,凱基-中港,2024-06-21,9202
4526,東台,125,14,111,凱基-中港,2024-06-21,9202
1301,台塑,109,11,98,凱基-中港,2024-06-21,9202
1314,中石化,93,2,91,凱基-中港,2024-06-21,9202
2489,瑞軒,122,38,84,凱基-中港,2024-06-21,9202
00929,復華台灣科技優息,87,6,81,凱基-中港,2024-06-21,9202
3062,建漢,258,193,65,凱基-中港,2024-06-21,9202
6284,佳邦,63,9,54,凱基-中港,2024-06-21,9202
3624,光頡,43,0,43,凱基-中港,2024-06-21,9202
00632R,元大台灣50反1,67,25,42,凱基-中港,2024-06-21,9202
3047,訊舟,54,13,41,凱基-中港,2024-06-21,9202
2610,華航,58,18,40,凱基-中港,2024-06-21,9202
00687B,國泰20年美債,40,2,38,凱基-中港,2024-06-21,9202
00885,富邦越南,40,2,38,凱基-中港,2024-06-21,9202
4533,協易機,37,1,36,凱基-中港,2024-06-21,9202
6173,信昌電,36,3,33,凱基-中港,2024-06-21,9202
2633,台灣高鐵,33,0,33,凱基-中港,2024-06-21,9202
00915,凱基優選高股息30,32,0,32,凱基-中港,2024-06-21,9202
1101,台泥,37,6,31,凱基-中港,2024-06-21,9202
3131,弘塑,30,0,30,凱基-中港,2024-06-21,9202
2023,燁輝,30,0,30,凱基-中港,2024-06-21,9202
2330,台積電,36,8,28,凱基-中港,2024-06-21,9202
00679B,元大美債20年,28,0,28,凱基-中港,2024-06-21,9202
3059,華晶科,29,1,28,凱基-中港,2024-06-21,9202
4924,欣厚-KY,28,0,28,凱基-中港,2024-06-21,9202
00936,台新永續高息中小,27,1,26,凱基-中港,2024-06-21,9202
00637L,元大滬深300正2,27,2,25,凱基-中港,2024-06-21,9202
2603,長榮,28,3,25,凱基-中港,2024-06-21,9202
3715,定穎投控,33,9,24,凱基-中港,2024-06-21,9202
1560,中砂,23,1,22,凱基-中港,2024-06-21,9202
2368,金像電,24,2,22,凱基-中港,2024-06-21,9202
2609,陽明,74,53,21,凱基-中港,2024-06-21,9202
6216,居易,22,1,21,凱基-中港,2024-06-21,9202
2009,第一銅,20,0,20,凱基-中港,2024-06-21,9202
00933B,國泰10Y+金融債,20,0,20,凱基-中港,2024-06-21,9202
00665L,富邦�琤肭磪囓�2,20,0,20,凱基-中港,2024-06-21,9202
3056,富華新,20,0,20,凱基-中港,2024-06-21,9202
2382,廣達,52,33,19,凱基-中港,2024-06-21,9202
1815,富喬,29,10,19,凱基-中港,2024-06-21,9202
00878,國泰永續高股息,21,2,19,凱基-中港,2024-06-21,9202
1582,信錦,17,1,16,凱基-中港,2024-06-21,9202
8936,國統,16,0,16,凱基-中港,2024-06-21,9202
2337,旺宏,23,7,16,凱基-中港,2024-06-21,9202
00946,群益科技高息成長,15,0,15,凱基-中港,2024-06-21,9202
4541,晟田,15,0,15,凱基-中港,2024-06-21,9202
1326,台化,19,4,15,凱基-中港,2024-06-21,9202
3624,光頡,178,2,176,凱基-中港,2024-06-24,9202
2337,旺宏,172,0,172,凱基-中港,2024-06-24,9202
00945B,凱基美國非投等債,150,0,150,凱基-中港,2024-06-24,9202
1314,中石化,169,23,146,凱基-中港,2024-06-24,9202
00929,復華台灣科技優息,166,33,133,凱基-中港,2024-06-24,9202
00919,群益台灣精選高息,179,47,132,凱基-中港,2024-06-24,9202
3481,群創,368,243,125,凱基-中港,2024-06-24,9202
00936,台新永續高息中小,122,0,122,凱基-中港,2024-06-24,9202
00753L,中信中國50正2,101,0,101,凱基-中港,2024-06-24,9202
00680L,元大美債20正2,92,1,91,凱基-中港,2024-06-24,9202
1101,台泥,68,5,63,凱基-中港,2024-06-24,9202
1308,亞聚,60,0,60,凱基-中港,2024-06-24,9202
2330,台積電,67,9,58,凱基-中港,2024-06-24,9202
1301,台塑,53,0,53,凱基-中港,2024-06-24,9202
4510,高鋒,50,1,49,凱基-中港,2024-06-24,9202
3047,訊舟,79,32,47,凱基-中港,2024-06-24,9202
4973,廣穎,45,0,45,凱基-中港,2024-06-24,9202
3546,宇峻,43,0,43,凱基-中港,2024-06-24,9202
00915,凱基優選高股息30,43,0,43,凱基-中港,2024-06-24,9202
3062,建漢,143,102,41,凱基-中港,2024-06-24,9202
8064,東捷,53,12,41,凱基-中港,2024-06-24,9202
2317,鴻海,73,32,41,凱基-中港,2024-06-24,9202
00937B,群益ESG投等債20,40,1,39,凱基-中港,2024-06-24,9202
2303,聯電,44,7,37,凱基-中港,2024-06-24,9202
2314,台揚,37,1,36,凱基-中港,2024-06-24,9202
2464,盟立,76,42,34,凱基-中港,2024-06-24,9202
3231,緯創,43,10,33,凱基-中港,2024-06-24,9202
3498,陽程,40,7,33,凱基-中港,2024-06-24,9202
9105,泰金寶-DR,43,13,30,凱基-中港,2024-06-24,9202
3483,力致,33,3,30,凱基-中港,2024-06-24,9202
00881,國泰台灣5G+,30,0,30,凱基-中港,2024-06-24,9202
1309,台達化,28,1,27,凱基-中港,2024-06-24,9202
2867,三商壽,34,9,25,凱基-中港,2024-06-24,9202
00671R,富邦NASDAQ反1,25,0,25,凱基-中港,2024-06-24,9202
2324,仁寶,32,8,24,凱基-中港,2024-06-24,9202
1611,中電,82,59,23,凱基-中港,2024-06-24,9202
2614,東森,23,0,23,凱基-中港,2024-06-24,9202
2233,宇隆,22,0,22,凱基-中港,2024-06-24,9202
5386,青雲,22,0,22,凱基-中港,2024-06-24,9202
2454,聯發科,24,2,22,凱基-中港,2024-06-24,9202
4979,華星光,23,2,21,凱基-中港,2024-06-24,9202
6443,元晶,22,1,21,凱基-中港,2024-06-24,9202
00918,大華優利高填息30,36,15,21,凱基-中港,2024-06-24,9202
3131,弘塑,20,0,20,凱基-中港,2024-06-24,9202
2641,正德,20,0,20,凱基-中港,2024-06-24,9202
2369,菱生,36,16,20,凱基-中港,2024-06-24,9202
2610,華航,25,5,20,凱基-中港,2024-06-24,9202
00907,永豐優息存股,20,0,20,凱基-中港,2024-06-24,9202
6770,力積電,24,4,20,凱基-中港,2024-06-24,9202
00947,台新臺灣IC設計,20,0,20,凱基-中港,2024-06-24,9202
00940,元大台灣價值高息,316,63,253,凱基-中港,2024-06-25,9202
00929,復華台灣科技優息,176,7,169,凱基-中港,2024-06-25,9202
2641,正德,124,0,124,凱基-中港,2024-06-25,9202
2301,光寶科,102,3,99,凱基-中港,2024-06-25,9202
3322,建舜電,94,1,93,凱基-中港,2024-06-25,9202
2401,凌陽,99,26,73,凱基-中港,2024-06-25,9202
1308,亞聚,63,0,63,凱基-中港,2024-06-25,9202
00945B,凱基美國非投等債,60,1,59,凱基-中港,2024-06-25,9202
00878,國泰永續高股息,58,1,57,凱基-中港,2024-06-25,9202
3624,光頡,54,0,54,凱基-中港,2024-06-25,9202
1611,中電,125,77,48,凱基-中港,2024-06-25,9202
3481,群創,132,87,45,凱基-中港,2024-06-25,9202
1473,台南,45,0,45,凱基-中港,2024-06-25,9202
2314,台揚,44,0,44,凱基-中港,2024-06-25,9202
2303,聯電,62,21,41,凱基-中港,2024-06-25,9202
00919,群益台灣精選高息,75,34,41,凱基-中港,2024-06-25,9202
3694,海華,40,2,38,凱基-中港,2024-06-25,9202
0056,元大高股息,33,1,32,凱基-中港,2024-06-25,9202
2618,長榮航,61,30,31,凱基-中港,2024-06-25,9202
00687B,國泰20年美債,33,3,30,凱基-中港,2024-06-25,9202
5452,佶優,39,10,29,凱基-中港,2024-06-25,9202
00937B,群益ESG投等債20,36,9,27,凱基-中港,2024-06-25,9202
00881,國泰台灣5G+,27,1,26,凱基-中港,2024-06-25,9202
8429,金麗-KY,25,0,25,凱基-中港,2024-06-25,9202
3034,聯詠,25,0,25,凱基-中港,2024-06-25,9202
2374,佳能,41,16,25,凱基-中港,2024-06-25,9202
2409,友達,39,14,25,凱基-中港,2024-06-25,9202
2537,聯上發,35,11,24,凱基-中港,2024-06-25,9202
3546,宇峻,23,0,23,凱基-中港,2024-06-25,9202
2449,京元電子,68,45,23,凱基-中港,2024-06-25,9202
1514,亞力,89,67,22,凱基-中港,2024-06-25,9202
3450,聯鈞,22,1,21,凱基-中港,2024-06-25,9202
00948B,中信優息投資級債,20,0,20,凱基-中港,2024-06-25,9202
1301,台塑,20,0,20,凱基-中港,2024-06-25,9202
2233,宇隆,20,1,19,凱基-中港,2024-06-25,9202
4123,晟德,20,1,19,凱基-中港,2024-06-25,9202
00939,統一台灣高息動能,22,3,19,凱基-中港,2024-06-25,9202
2426,鼎元,18,0,18,凱基-中港,2024-06-25,9202
1217,愛之味,22,5,17,凱基-中港,2024-06-25,9202
00931B,統一美債20年,33,16,17,凱基-中港,2024-06-25,9202
00936,台新永續高息中小,16,0,16,凱基-中港,2024-06-25,9202
3042,晶技,26,10,16,凱基-中港,2024-06-25,9202
2883,凱基金,19,3,16,凱基-中港,2024-06-25,9202
6753,龍德造船,17,1,16,凱基-中港,2024-06-25,9202
2317,鴻海,40,24,16,凱基-中港,2024-06-25,9202
6419,京晨科,15,0,15,凱基-中港,2024-06-25,9202
00885,富邦越南,15,0,15,凱基-中港,2024-06-25,9202
6111,大宇資,15,0,15,凱基-中港,2024-06-25,9202
2427,三商電,21,6,15,凱基-中港,2024-06-25,9202
2882,國泰金,25,10,15,凱基-中港,2024-06-25,9202
1709,和益,194,62,132,凱基-中港,2024-06-26,9202
2409,友達,129,2,127,凱基-中港,2024-06-26,9202
1785,光洋科,136,17,119,凱基-中港,2024-06-26,9202
2515,中工,129,54,75,凱基-中港,2024-06-26,9202
2610,華航,81,9,72,凱基-中港,2024-06-26,9202
00753L,中信中國50正2,71,1,70,凱基-中港,2024-06-26,9202
00940,元大台灣價值高息,74,9,65,凱基-中港,2024-06-26,9202
00882,中信中國高股息,68,5,63,凱基-中港,2024-06-26,9202
1473,台南,62,0,62,凱基-中港,2024-06-26,9202
00936,台新永續高息中小,56,0,56,凱基-中港,2024-06-26,9202
2891,中信金,54,3,51,凱基-中港,2024-06-26,9202
2605,新興,50,0,50,凱基-中港,2024-06-26,9202
4417,金洲,50,0,50,凱基-中港,2024-06-26,9202
1312,國喬,50,0,50,凱基-中港,2024-06-26,9202
1314,中石化,52,3,49,凱基-中港,2024-06-26,9202
2883,凱基金,83,34,49,凱基-中港,2024-06-26,9202
2002,中鋼,45,0,45,凱基-中港,2024-06-26,9202
1815,富喬,42,6,36,凱基-中港,2024-06-26,9202
00891,中信關鍵半導體,35,2,33,凱基-中港,2024-06-26,9202
2367,燿華,154,123,31,凱基-中港,2024-06-26,9202
8028,昇陽半導體,59,29,30,凱基-中港,2024-06-26,9202
1711,永光,28,0,28,凱基-中港,2024-06-26,9202
3025,星通,29,2,27,凱基-中港,2024-06-26,9202
00937B,群益ESG投等債20,34,8,26,凱基-中港,2024-06-26,9202
1326,台化,28,2,26,凱基-中港,2024-06-26,9202
2374,佳能,46,20,26,凱基-中港,2024-06-26,9202
1503,士電,26,0,26,凱基-中港,2024-06-26,9202
1303,南亞,29,4,25,凱基-中港,2024-06-26,9202
00712,復華富時不動產,24,0,24,凱基-中港,2024-06-26,9202
1522,堤維西,32,8,24,凱基-中港,2024-06-26,9202
00929,復華台灣科技優息,131,108,23,凱基-中港,2024-06-26,9202
2609,陽明,158,137,21,凱基-中港,2024-06-26,9202
1609,大亞,74,53,21,凱基-中港,2024-06-26,9202
2881,富邦金,21,1,20,凱基-中港,2024-06-26,9202
3011,今皓,20,0,20,凱基-中港,2024-06-26,9202
3605,宏致,24,4,20,凱基-中港,2024-06-26,9202
6538,倉和,20,0,20,凱基-中港,2024-06-26,9202
2439,美律,22,3,19,凱基-中港,2024-06-26,9202
00915,凱基優選高股息30,18,0,18,凱基-中港,2024-06-26,9202
4533,協易機,18,0,18,凱基-中港,2024-06-26,9202
3576,聯合再生,57,39,18,凱基-中港,2024-06-26,9202
2353,宏��,17,0,17,凱基-中港,2024-06-26,9202
8071,能率網通,17,0,17,凱基-中港,2024-06-26,9202
1310,台苯,17,0,17,凱基-中港,2024-06-26,9202
1101,台泥,22,6,16,凱基-中港,2024-06-26,9202
2406,國碩,61,46,15,凱基-中港,2024-06-26,9202
00720B,元大投資級公司債,15,0,15,凱基-中港,2024-06-26,9202
2355,敬鵬,15,0,15,凱基-中港,2024-06-26,9202
2888,新光金,21,6,15,凱基-中港,2024-06-26,9202
9103,美德醫療-DR,15,0,15,凱基-中港,2024-06-26,9202
00671R,富邦NASDAQ反1,200,0,200,凱基-中港,2024-06-27,9202
3481,群創,196,61,135,凱基-中港,2024-06-27,9202
2515,中工,134,4,130,凱基-中港,2024-06-27,9202
00936,台新永續高息中小,96,1,95,凱基-中港,2024-06-27,9202
00937B,群益ESG投等債20,108,25,83,凱基-中港,2024-06-27,9202
3546,宇峻,60,0,60,凱基-中港,2024-06-27,9202
00687B,國泰20年美債,56,2,54,凱基-中港,2024-06-27,9202
2603,長榮,58,4,54,凱基-中港,2024-06-27,9202
00929,復華台灣科技優息,54,5,49,凱基-中港,2024-06-27,9202
5871,中租-KY,50,0,50,凱基-中港,2024-06-27,9202
00632R,元大台灣50反1,51,8,43,凱基-中港,2024-06-27,9202
3024,憶聲,43,0,43,凱基-中港,2024-06-27,9202
2801,彰銀,41,0,41,凱基-中港,2024-06-27,9202
1101,台泥,43,3,40,凱基-中港,2024-06-27,9202
00679B,元大美債20年,44,6,38,凱基-中港,2024-06-27,9202
00948B,中信優息投資級債,37,0,37,凱基-中港,2024-06-27,9202
3230,錦明,37,0,37,凱基-中港,2024-06-27,9202
3712,永崴投控,50,15,35,凱基-中港,2024-06-27,9202
2885,元大金,44,9,35,凱基-中港,2024-06-27,9202
2344,華邦電,32,0,32,凱基-中港,2024-06-27,9202
2002,中鋼,34,2,32,凱基-中港,2024-06-27,9202
1609,大亞,55,31,24,凱基-中港,2024-06-27,9202
6197,佳必琪,26,2,24,凱基-中港,2024-06-27,9202
1303,南亞,30,8,22,凱基-中港,2024-06-27,9202
4109,加捷生醫,22,0,22,凱基-中港,2024-06-27,9202
2303,聯電,26,4,22,凱基-中港,2024-06-27,9202
6770,力積電,23,2,21,凱基-中港,2024-06-27,9202
5880,合庫金,20,0,20,凱基-中港,2024-06-27,9202
3714,富采,20,0,20,凱基-中港,2024-06-27,9202
2915,潤泰全,20,0,20,凱基-中港,2024-06-27,9202
4938,和碩,22,2,20,凱基-中港,2024-06-27,9202
1326,台化,25,6,19,凱基-中港,2024-06-27,9202
00878,國泰永續高股息,20,1,19,凱基-中港,2024-06-27,9202
00753L,中信中國50正2,19,0,19,凱基-中港,2024-06-27,9202
2328,廣宇,21,2,19,凱基-中港,2024-06-27,9202
00933B,國泰10Y+金融債,18,0,18,凱基-中港,2024-06-27,9202
4976,佳凌,38,20,18,凱基-中港,2024-06-27,9202
3450,聯鈞,31,14,17,凱基-中港,2024-06-27,9202
2845,遠東銀,16,0,16,凱基-中港,2024-06-27,9202
00795B,中信美國公債20年,16,0,16,凱基-中港,2024-06-27,9202
6139,亞翔,21,6,15,凱基-中港,2024-06-27,9202
00665L,富邦�琤肭磪囓�2,15,0,15,凱基-中港,2024-06-27,9202
1809,中釉,16,1,15,凱基-中港,2024-06-27,9202
3231,緯創,34,19,15,凱基-中港,2024-06-27,9202
9904,寶成,16,2,14,凱基-中港,2024-06-27,9202
00882,中信中國高股息,22,8,14,凱基-中港,2024-06-27,9202
8064,東捷,58,44,14,凱基-中港,2024-06-27,9202
3715,定穎投控,29,15,14,凱基-中港,2024-06-27,9202
00942B,台新美A公司債20+,14,0,14,凱基-中港,2024-06-27,9202
2201,裕隆,13,0,13,凱基-中港,2024-06-27,9202
00632R,元大台灣50反1,399,42,357,凱基-中港,2024-06-28,9202
00936,台新永續高息中小,195,2,193,凱基-中港,2024-06-28,9202
00929,復華台灣科技優息,98,0,98,凱基-中港,2024-06-28,9202
00712,復華富時不動產,82,0,82,凱基-中港,2024-06-28,9202
4934,太極,73,0,73,凱基-中港,2024-06-28,9202
4533,協易機,87,15,72,凱基-中港,2024-06-28,9202
2317,鴻海,117,50,67,凱基-中港,2024-06-28,9202
2406,國碩,106,39,67,凱基-中港,2024-06-28,9202
2354,鴻準,62,10,52,凱基-中港,2024-06-28,9202
3581,博磊,51,0,51,凱基-中港,2024-06-28,9202
00945B,凱基美國非投等債,50,0,50,凱基-中港,2024-06-28,9202
1307,三芳,48,0,48,凱基-中港,2024-06-28,9202
4304,勝昱,50,2,48,凱基-中港,2024-06-28,9202
8028,昇陽半導體,116,72,44,凱基-中港,2024-06-28,9202
2352,佳世達,46,3,43,凱基-中港,2024-06-28,9202
2303,聯電,74,37,37,凱基-中港,2024-06-28,9202
1714,和桐,35,0,35,凱基-中港,2024-06-28,9202
2610,華航,41,6,35,凱基-中港,2024-06-28,9202
6139,亞翔,64,31,33,凱基-中港,2024-06-28,9202
2323,中環,36,4,32,凱基-中港,2024-06-28,9202
1709,和益,38,6,32,凱基-中港,2024-06-28,9202
2365,昆盈,34,3,31,凱基-中港,2024-06-28,9202
4576,大銀微系統,30,0,30,凱基-中港,2024-06-28,9202
9105,泰金寶-DR,30,1,29,凱基-中港,2024-06-28,9202
6869,雲豹能源,31,5,26,凱基-中港,2024-06-28,9202
3260,威剛,28,2,26,凱基-中港,2024-06-28,9202
2374,佳能,66,43,23,凱基-中港,2024-06-28,9202
2606,裕民,25,2,23,凱基-中港,2024-06-28,9202
00942B,台新美A公司債20+,23,0,23,凱基-中港,2024-06-28,9202
6505,台塑化,23,1,22,凱基-中港,2024-06-28,9202
3059,華晶科,32,10,22,凱基-中港,2024-06-28,9202
00878,國泰永續高股息,31,10,21,凱基-中港,2024-06-28,9202
00720B,元大投資級公司債,27,6,21,凱基-中港,2024-06-28,9202
8069,元太,41,20,21,凱基-中港,2024-06-28,9202
8096,擎亞,28,7,21,凱基-中港,2024-06-28,9202
2634,漢翔,24,3,21,凱基-中港,2024-06-28,9202
00915,凱基優選高股息30,21,1,20,凱基-中港,2024-06-28,9202
2353,宏��,28,8,20,凱基-中港,2024-06-28,9202
00665L,富邦�琤肭磪囓�2,20,0,20,凱基-中港,2024-06-28,9202
3046,建��,20,0,20,凱基-中港,2024-06-28,9202
00650L,復華香港正2,30,10,20,凱基-中港,2024-06-28,9202
3715,定穎投控,20,0,20,凱基-中港,2024-06-28,9202
5243,乙盛-KY,32,12,20,凱基-中港,2024-06-28,9202
6127,九豪,21,1,20,凱基-中港,2024-06-28,9202
3663,鑫科,32,12,20,凱基-中港,2024-06-28,9202
2313,華通,23,4,19,凱基-中港,2024-06-28,9202
2301,光寶科,21,3,18,凱基-中港,2024-06-28,9202
1504,東元,19,1,18,凱基-中港,2024-06-28,9202
2392,正崴,17,0,17,凱基-中港,2024-06-28,9202
2314,台揚,17,0,17,凱基-中港,2024-06-28,9202
2303,聯電,487,58,429,凱基-中港,2024-07-01,9202
00937B,群益ESG投等債20,412,23,389,凱基-中港,2024-07-01,9202
2888,新光金,335,102,233,凱基-中港,2024-07-01,9202
00680L,元大美債20正2,140,0,140,凱基-中港,2024-07-01,9202
2537,聯上發,137,8,129,凱基-中港,2024-07-01,9202
00936,台新永續高息中小,119,4,115,凱基-中港,2024-07-01,9202
0056,元大高股息,135,30,105,凱基-中港,2024-07-01,9202
00948B,中信優息投資級債,104,1,103,凱基-中港,2024-07-01,9202
00679B,元大美債20年,94,4,90,凱基-中港,2024-07-01,9202
2349,錸德,91,10,81,凱基-中港,2024-07-01,9202
00929,復華台灣科技優息,105,24,81,凱基-中港,2024-07-01,9202
4716,大立,72,0,72,凱基-中港,2024-07-01,9202
00904,新光臺灣半導體30,69,0,69,凱基-中港,2024-07-01,9202
1308,亞聚,67,0,67,凱基-中港,2024-07-01,9202
00687B,國泰20年美債,59,1,58,凱基-中港,2024-07-01,9202
00688L,國泰20年美債正2,56,1,55,凱基-中港,2024-07-01,9202
9904,寶成,52,0,52,凱基-中港,2024-07-01,9202
2385,群光,52,0,52,凱基-中港,2024-07-01,9202
1312,國喬,50,0,50,凱基-中港,2024-07-01,9202
2365,昆盈,199,157,42,凱基-中港,2024-07-01,9202
2633,台灣高鐵,40,0,40,凱基-中港,2024-07-01,9202
5426,振發,45,5,40,凱基-中港,2024-07-01,9202
1718,中纖,40,0,40,凱基-中港,2024-07-01,9202
2495,普安,46,8,38,凱基-中港,2024-07-01,9202
5009,榮剛,36,0,36,凱基-中港,2024-07-01,9202
2611,志信,35,0,35,凱基-中港,2024-07-01,9202
1802,台玻,35,0,35,凱基-中港,2024-07-01,9202
00934,中信成長高股息,35,0,35,凱基-中港,2024-07-01,9202
9105,泰金寶-DR,31,0,31,凱基-中港,2024-07-01,9202
6114,久威,30,0,30,凱基-中港,2024-07-01,9202
3546,宇峻,29,0,29,凱基-中港,2024-07-01,9202
00882,中信中國高股息,31,3,28,凱基-中港,2024-07-01,9202
2406,國碩,33,6,27,凱基-中港,2024-07-01,9202
00942B,台新美A公司債20+,25,0,25,凱基-中港,2024-07-01,9202
0050,元大台灣50,22,0,22,凱基-中港,2024-07-01,9202
2313,華通,30,8,22,凱基-中港,2024-07-01,9202
2885,元大金,21,0,21,凱基-中港,2024-07-01,9202
6488,環球晶,25,4,21,凱基-中港,2024-07-01,9202
9910,豐泰,20,0,20,凱基-中港,2024-07-01,9202
2421,建準,20,0,20,凱基-中港,2024-07-01,9202
00764B,群益25年美債,20,0,20,凱基-中港,2024-07-01,9202
00779B,凱基美債25+,20,0,20,凱基-中港,2024-07-01,9202
8277,商丞,20,1,19,凱基-中港,2024-07-01,9202
3615,安可,19,0,19,凱基-中港,2024-07-01,9202
2882,國泰金,22,3,19,凱基-中港,2024-07-01,9202
2609,陽明,33,15,18,凱基-中港,2024-07-01,9202
2352,佳世達,19,1,18,凱基-中港,2024-07-01,9202
00713,元大台灣高息低波,27,9,18,凱基-中港,2024-07-01,9202
2367,燿華,268,250,18,凱基-中港,2024-07-01,9202
3689,湧德,22,4,18,凱基-中港,2024-07-01,9202
00934,中信成長高股息,328,4,324,凱基-中港,2024-07-02,9202
00929,復華台灣科技優息,365,139,226,凱基-中港,2024-07-02,9202
2303,聯電,176,26,150,凱基-中港,2024-07-02,9202
2511,太子,100,0,100,凱基-中港,2024-07-02,9202
00936,台新永續高息中小,287,200,87,凱基-中港,2024-07-02,9202
00933B,國泰10Y+金融債,78,0,78,凱基-中港,2024-07-02,9202
3105,穩懋,67,0,67,凱基-中港,2024-07-02,9202
2883,凱基金,126,61,65,凱基-中港,2024-07-02,9202
2317,鴻海,114,56,58,凱基-中港,2024-07-02,9202
3546,宇峻,57,1,56,凱基-中港,2024-07-02,9202
5443,均豪,101,45,56,凱基-中港,2024-07-02,9202
00712,復華富時不動產,55,0,55,凱基-中港,2024-07-02,9202
8064,東捷,71,19,52,凱基-中港,2024-07-02,9202
0056,元大高股息,53,2,51,凱基-中港,2024-07-02,9202
00713,元大台灣高息低波,48,1,47,凱基-中港,2024-07-02,9202
00687B,國泰20年美債,46,2,44,凱基-中港,2024-07-02,9202
2618,長榮航,163,120,43,凱基-中港,2024-07-02,9202
2353,宏��,46,3,43,凱基-中港,2024-07-02,9202
2603,長榮,52,9,43,凱基-中港,2024-07-02,9202
5426,振發,43,0,43,凱基-中港,2024-07-02,9202
00946,群益科技高息成長,40,0,40,凱基-中港,2024-07-02,9202
00942B,台新美A公司債20+,42,3,39,凱基-中港,2024-07-02,9202
00905,FT臺灣Smart,38,0,38,凱基-中港,2024-07-02,9202
1471,首利,35,0,35,凱基-中港,2024-07-02,9202
2885,元大金,40,6,34,凱基-中港,2024-07-02,9202
6285,啟��,33,1,32,凱基-中港,2024-07-02,9202
6789,采鈺,33,1,32,凱基-中港,2024-07-02,9202
2344,華邦電,33,1,32,凱基-中港,2024-07-02,9202
00948B,中信優息投資級債,32,0,32,凱基-中港,2024-07-02,9202
00931B,統一美債20年,31,1,30,凱基-中港,2024-07-02,9202
2250,IKKA-KY,29,2,27,凱基-中港,2024-07-02,9202
00927,群益半導體收益,27,0,27,凱基-中港,2024-07-02,9202
00915,凱基優選高股息30,26,1,25,凱基-中港,2024-07-02,9202
2504,國產,25,0,25,凱基-中港,2024-07-02,9202
00688L,國泰20年美債正2,25,0,25,凱基-中港,2024-07-02,9202
00945B,凱基美國非投等債,24,0,24,凱基-中港,2024-07-02,9202
1718,中纖,30,6,24,凱基-中港,2024-07-02,9202
3711,日月光投控,23,0,23,凱基-中港,2024-07-02,9202
3481,群創,105,82,23,凱基-中港,2024-07-02,9202
5880,合庫金,23,0,23,凱基-中港,2024-07-02,9202
2501,國建,23,0,23,凱基-中港,2024-07-02,9202
2365,昆盈,57,35,22,凱基-中港,2024-07-02,9202
00937B,群益ESG投等債20,75,54,21,凱基-中港,2024-07-02,9202
3010,華立,24,3,21,凱基-中港,2024-07-02,9202
00706L,期元大S＆P日圓正2,20,0,20,凱基-中港,2024-07-02,9202
2609,陽明,24,4,20,凱基-中港,2024-07-02,9202
912000,晨訊科-DR,20,0,20,凱基-中港,2024-07-02,9202
5871,中租-KY,22,3,19,凱基-中港,2024-07-02,9202
5452,佶優,30,11,19,凱基-中港,2024-07-02,9202
00795B,中信美國公債20年,19,0,19,凱基-中港,2024-07-02,9202
00934,中信成長高股息,792,3,789,凱基-中港,2024-07-03,9202
3024,憶聲,222,0,222,凱基-中港,2024-07-03,9202
2615,萬海,228,8,220,凱基-中港,2024-07-03,9202
1447,力鵬,215,8,207,凱基-中港,2024-07-03,9202
1785,光洋科,194,28,166,凱基-中港,2024-07-03,9202
1714,和桐,175,10,165,凱基-中港,2024-07-03,9202
00632R,元大台灣50反1,173,38,135,凱基-中港,2024-07-03,9202
2349,錸德,139,19,120,凱基-中港,2024-07-03,9202
3059,華晶科,119,2,117,凱基-中港,2024-07-03,9202
8110,華東,65,1,64,凱基-中港,2024-07-03,9202
2427,三商電,62,2,60,凱基-中港,2024-07-03,9202
00937B,群益ESG投等債20,88,29,59,凱基-中港,2024-07-03,9202
2250,IKKA-KY,52,0,52,凱基-中港,2024-07-03,9202
00679B,元大美債20年,48,1,47,凱基-中港,2024-07-03,9202
3031,佰鴻,44,0,44,凱基-中港,2024-07-03,9202
3050,鈺德,57,14,43,凱基-中港,2024-07-03,9202
00878,國泰永續高股息,53,12,41,凱基-中港,2024-07-03,9202
1471,首利,39,0,39,凱基-中港,2024-07-03,9202
2609,陽明,43,11,32,凱基-中港,2024-07-03,9202
00918,大華優利高填息30,42,11,31,凱基-中港,2024-07-03,9202
2497,怡利電,29,0,29,凱基-中港,2024-07-03,9202
00713,元大台灣高息低波,30,1,29,凱基-中港,2024-07-03,9202
2801,彰銀,30,2,28,凱基-中港,2024-07-03,9202
2303,聯電,39,13,26,凱基-中港,2024-07-03,9202
3709,鑫聯大投控,26,0,26,凱基-中港,2024-07-03,9202
00680L,元大美債20正2,25,0,25,凱基-中港,2024-07-03,9202
2353,宏��,91,66,25,凱基-中港,2024-07-03,9202
2352,佳世達,23,0,23,凱基-中港,2024-07-03,9202
00830,國泰費城半導體,25,2,23,凱基-中港,2024-07-03,9202
6443,元晶,36,13,23,凱基-中港,2024-07-03,9202
1809,中釉,22,0,22,凱基-中港,2024-07-03,9202
6117,迎廣,22,1,21,凱基-中港,2024-07-03,9202
00944,野村趨勢動能高息,20,0,20,凱基-中港,2024-07-03,9202
00948B,中信優息投資級債,21,1,20,凱基-中港,2024-07-03,9202
1799,易威,19,0,19,凱基-中港,2024-07-03,9202
8086,宏捷科,24,5,19,凱基-中港,2024-07-03,9202
3686,達能,20,2,18,凱基-中港,2024-07-03,9202
6133,金橋,18,0,18,凱基-中港,2024-07-03,9202
9105,泰金寶-DR,40,22,18,凱基-中港,2024-07-03,9202
00931B,統一美債20年,17,0,17,凱基-中港,2024-07-03,9202
2105,正新,17,0,17,凱基-中港,2024-07-03,9202
2340,台亞,22,5,17,凱基-中港,2024-07-03,9202
00915,凱基優選高股息30,17,1,16,凱基-中港,2024-07-03,9202
2367,燿華,119,103,16,凱基-中港,2024-07-03,9202
2498,宏達電,26,10,16,凱基-中港,2024-07-03,9202
2301,光寶科,49,33,16,凱基-中港,2024-07-03,9202
2317,鴻海,32,16,16,凱基-中港,2024-07-03,9202
00919,群益台灣精選高息,22,7,15,凱基-中港,2024-07-03,9202
2436,偉詮電,15,0,15,凱基-中港,2024-07-03,9202
1303,南亞,22,7,15,凱基-中港,2024-07-03,9202
00632R,元大台灣50反1,883,42,841,凱基-中港,2024-07-04,9202
6120,達運,387,12,375,凱基-中港,2024-07-04,9202
3024,憶聲,235,0,235,凱基-中港,2024-07-04,9202
00680L,元大美債20正2,240,6,234,凱基-中港,2024-07-04,9202
2609,陽明,224,18,206,凱基-中港,2024-07-04,9202
2880,華南金,206,11,195,凱基-中港,2024-07-04,9202
1303,南亞,145,9,136,凱基-中港,2024-07-04,9202
00945B,凱基美國非投等債,136,0,136,凱基-中港,2024-07-04,9202
00937B,群益ESG投等債20,130,0,130,凱基-中港,2024-07-04,9202
2412,中華電,109,1,108,凱基-中港,2024-07-04,9202
00934,中信成長高股息,98,0,98,凱基-中港,2024-07-04,9202
2891,中信金,109,26,83,凱基-中港,2024-07-04,9202
2618,長榮航,121,41,80,凱基-中港,2024-07-04,9202
2349,錸德,88,13,75,凱基-中港,2024-07-04,9202
3312,弘憶股,178,106,72,凱基-中港,2024-07-04,9202
2405,輔信,78,16,62,凱基-中港,2024-07-04,9202
5426,振發,60,0,60,凱基-中港,2024-07-04,9202
2340,台亞,57,1,56,凱基-中港,2024-07-04,9202
2354,鴻準,93,38,55,凱基-中港,2024-07-04,9202
00676R,富邦臺灣加權反1,50,0,50,凱基-中港,2024-07-04,9202
4109,加捷生醫,48,5,43,凱基-中港,2024-07-04,9202
3259,鑫創,40,0,40,凱基-中港,2024-07-04,9202
5340,建榮,36,1,35,凱基-中港,2024-07-04,9202
3374,精材,83,48,35,凱基-中港,2024-07-04,9202
2353,宏��,34,3,31,凱基-中港,2024-07-04,9202
2486,一詮,35,4,31,凱基-中港,2024-07-04,9202
6207,雷科,33,3,30,凱基-中港,2024-07-04,9202
00929,復華台灣科技優息,51,21,30,凱基-中港,2024-07-04,9202
2476,鉅祥,31,2,29,凱基-中港,2024-07-04,9202
00915,凱基優選高股息30,30,1,29,凱基-中港,2024-07-04,9202
3006,晶豪科,32,3,29,凱基-中港,2024-07-04,9202
3189,景碩,27,0,27,凱基-中港,2024-07-04,9202
1815,富喬,30,7,23,凱基-中港,2024-07-04,9202
8064,東捷,114,91,23,凱基-中港,2024-07-04,9202
00933B,國泰10Y+金融債,22,0,22,凱基-中港,2024-07-04,9202
2882,國泰金,34,12,22,凱基-中港,2024-07-04,9202
5347,世界,22,2,20,凱基-中港,2024-07-04,9202
4906,正文,55,35,20,凱基-中港,2024-07-04,9202
2402,毅嘉,43,23,20,凱基-中港,2024-07-04,9202
00927,群益半導體收益,20,0,20,凱基-中港,2024-07-04,9202
2801,彰銀,20,0,20,凱基-中港,2024-07-04,9202
00725B,國泰投資級公司債,19,0,19,凱基-中港,2024-07-04,9202
3033,威健,24,5,19,凱基-中港,2024-07-04,9202
2474,可成,18,0,18,凱基-中港,2024-07-04,9202
6180,橘子,16,0,16,凱基-中港,2024-07-04,9202
2314,台揚,16,0,16,凱基-中港,2024-07-04,9202
3492,長盛,17,1,16,凱基-中港,2024-07-04,9202
3379,彬台,15,0,15,凱基-中港,2024-07-04,9202
00947,台新臺灣IC設計,14,0,14,凱基-中港,2024-07-04,9202
00687B,國泰20年美債,19,5,14,凱基-中港,2024-07-04,9202
00878,國泰永續高股息,271,5,266,凱基-中港,2024-07-05,9202
6125,廣運,162,5,157,凱基-中港,2024-07-05,9202
2618,長榮航,173,36,137,凱基-中港,2024-07-05,9202
2344,華邦電,97,2,95,凱基-中港,2024-07-05,9202
1714,和桐,90,0,90,凱基-中港,2024-07-05,9202
3322,建舜電,95,11,84,凱基-中港,2024-07-05,9202
00937B,群益ESG投等債20,86,5,81,凱基-中港,2024-07-05,9202
1454,台富,67,0,67,凱基-中港,2024-07-05,9202
3689,湧德,69,8,61,凱基-中港,2024-07-05,9202
8107,大億金茂,60,0,60,凱基-中港,2024-07-05,9202
00687B,國泰20年美債,54,4,50,凱基-中港,2024-07-05,9202
3313,斐成,66,17,49,凱基-中港,2024-07-05,9202
2317,鴻海,65,17,48,凱基-中港,2024-07-05,9202
2885,元大金,41,0,41,凱基-中港,2024-07-05,9202
5392,能率,50,10,40,凱基-中港,2024-07-05,9202
1609,大亞,42,3,39,凱基-中港,2024-07-05,9202
2610,華航,38,0,38,凱基-中港,2024-07-05,9202
00637L,元大滬深300正2,40,3,37,凱基-中港,2024-07-05,9202
6443,元晶,66,29,37,凱基-中港,2024-07-05,9202
3163,波若威,57,20,37,凱基-中港,2024-07-05,9202
2009,第一銅,102,66,36,凱基-中港,2024-07-05,9202
1303,南亞,37,2,35,凱基-中港,2024-07-05,9202
2365,昆盈,59,27,32,凱基-中港,2024-07-05,9202
2323,中環,55,25,30,凱基-中港,2024-07-05,9202
6531,愛普*,45,16,29,凱基-中港,2024-07-05,9202
00735,國泰臺韓科技,30,2,28,凱基-中港,2024-07-05,9202
6152,百一,26,0,26,凱基-中港,2024-07-05,9202
2609,陽明,44,19,25,凱基-中港,2024-07-05,9202
6414,樺漢,26,2,24,凱基-中港,2024-07-05,9202
2301,光寶科,24,1,23,凱基-中港,2024-07-05,9202
2486,一詮,35,12,23,凱基-中港,2024-07-05,9202
2454,聯發科,26,3,23,凱基-中港,2024-07-05,9202
1815,富喬,41,21,20,凱基-中港,2024-07-05,9202
8069,元太,20,0,20,凱基-中港,2024-07-05,9202
3466,德晉,20,0,20,凱基-中港,2024-07-05,9202
2352,佳世達,23,4,19,凱基-中港,2024-07-05,9202
8110,華東,22,4,18,凱基-中港,2024-07-05,9202
2331,精英,22,5,17,凱基-中港,2024-07-05,9202
1504,東元,21,4,17,凱基-中港,2024-07-05,9202
3033,威健,21,4,17,凱基-中港,2024-07-05,9202
2363,矽統,96,80,16,凱基-中港,2024-07-05,9202
6770,力積電,16,0,16,凱基-中港,2024-07-05,9202
2314,台揚,16,0,16,凱基-中港,2024-07-05,9202
6180,橘子,15,0,15,凱基-中港,2024-07-05,9202
8071,能率網通,36,21,15,凱基-中港,2024-07-05,9202
2337,旺宏,20,5,15,凱基-中港,2024-07-05,9202
2356,英業達,137,122,15,凱基-中港,2024-07-05,9202
1907,永豐餘,14,0,14,凱基-中港,2024-07-05,9202
6451,訊芯-KY,17,3,14,凱基-中港,2024-07-05,9202
8112,至上,26,12,14,凱基-中港,2024-07-05,9202
00688L,國泰20年美債正2,1079,0,1079,凱基-中港,2024-07-08,9202
00680L,元大美債20正2,416,0,416,凱基-中港,2024-07-08,9202
2618,長榮航,361,17,344,凱基-中港,2024-07-08,9202
00945B,凱基美國非投等債,249,0,249,凱基-中港,2024-07-08,9202
00923,群益台ESG低碳50,200,0,200,凱基-中港,2024-07-08,9202
2880,華南金,200,1,199,凱基-中港,2024-07-08,9202
2337,旺宏,219,26,193,凱基-中港,2024-07-08,9202
3481,群創,284,94,190,凱基-中港,2024-07-08,9202
00940,元大台灣價值高息,325,159,166,凱基-中港,2024-07-08,9202
00936,台新永續高息中小,149,5,144,凱基-中港,2024-07-08,9202
2365,昆盈,374,260,114,凱基-中港,2024-07-08,9202
5230,雷笛克光學,109,1,108,凱基-中港,2024-07-08,9202
6120,達運,84,0,84,凱基-中港,2024-07-08,9202
00687B,國泰20年美債,67,11,56,凱基-中港,2024-07-08,9202
6133,金橋,55,2,53,凱基-中港,2024-07-08,9202
1447,力鵬,51,0,51,凱基-中港,2024-07-08,9202
1326,台化,62,11,51,凱基-中港,2024-07-08,9202
1570,力肯,50,0,50,凱基-中港,2024-07-08,9202
6274,台燿,49,4,45,凱基-中港,2024-07-08,9202
00934,中信成長高股息,58,14,44,凱基-中港,2024-07-08,9202
2312,金寶,60,16,44,凱基-中港,2024-07-08,9202
2406,國碩,47,4,43,凱基-中港,2024-07-08,9202
1815,富喬,44,2,42,凱基-中港,2024-07-08,9202
1409,新纖,52,10,42,凱基-中港,2024-07-08,9202
1718,中纖,46,5,41,凱基-中港,2024-07-08,9202
2313,華通,54,13,41,凱基-中港,2024-07-08,9202
1809,中釉,40,0,40,凱基-中港,2024-07-08,9202
6125,廣運,52,13,39,凱基-中港,2024-07-08,9202
8089,康全電訊,39,0,39,凱基-中港,2024-07-08,9202
1454,台富,36,0,36,凱基-中港,2024-07-08,9202
2340,台亞,35,0,35,凱基-中港,2024-07-08,9202
8064,東捷,51,17,34,凱基-中港,2024-07-08,9202
4906,正文,104,72,32,凱基-中港,2024-07-08,9202
2633,台灣高鐵,31,0,31,凱基-中港,2024-07-08,9202
3707,漢磊,35,4,31,凱基-中港,2024-07-08,9202
00665L,富邦�琤肭磪囓�2,30,0,30,凱基-中港,2024-07-08,9202
8249,菱光,30,0,30,凱基-中港,2024-07-08,9202
5202,力新,28,0,28,凱基-中港,2024-07-08,9202
2374,佳能,82,55,27,凱基-中港,2024-07-08,9202
4566,時碩工業,28,1,27,凱基-中港,2024-07-08,9202
2344,華邦電,40,13,27,凱基-中港,2024-07-08,9202
2405,輔信,27,1,26,凱基-中港,2024-07-08,9202
8440,綠電,25,0,25,凱基-中港,2024-07-08,9202
8227,巨有科技,25,0,25,凱基-中港,2024-07-08,9202
3532,台勝科,26,1,25,凱基-中港,2024-07-08,9202
2915,潤泰全,25,0,25,凱基-中港,2024-07-08,9202
3211,順達,24,0,24,凱基-中港,2024-07-08,9202
3455,由田,26,5,21,凱基-中港,2024-07-08,9202
6770,力積電,24,3,21,凱基-中港,2024-07-08,9202
00939,統一台灣高息動能,20,0,20,凱基-中港,2024-07-08,9202
00934,中信成長高股息,228,2,226,凱基-中港,2024-07-09,9202
2888,新光金,434,209,225,凱基-中港,2024-07-09,9202
00680L,元大美債20正2,219,0,219,凱基-中港,2024-07-09,9202
9105,泰金寶-DR,343,203,140,凱基-中港,2024-07-09,9202
2812,台中銀,140,4,136,凱基-中港,2024-07-09,9202
00950B,凱基A級公司債,162,36,126,凱基-中港,2024-07-09,9202
2929,淘帝-KY,96,0,96,凱基-中港,2024-07-09,9202
2353,宏��,99,11,88,凱基-中港,2024-07-09,9202
1447,力鵬,88,0,88,凱基-中港,2024-07-09,9202
2913,農林,73,3,70,凱基-中港,2024-07-09,9202
2834,臺企銀,70,1,69,凱基-中港,2024-07-09,9202
1454,台富,65,0,65,凱基-中港,2024-07-09,9202
2883,凱基金,92,29,63,凱基-中港,2024-07-09,9202
6603,富強鑫,67,5,62,凱基-中港,2024-07-09,9202
2344,華邦電,59,0,59,凱基-中港,2024-07-09,9202
3312,弘憶股,115,62,53,凱基-中港,2024-07-09,9202
00942B,台新美A公司債20+,50,0,50,凱基-中港,2024-07-09,9202
1444,力麗,50,0,50,凱基-中港,2024-07-09,9202
2405,輔信,86,41,45,凱基-中港,2024-07-09,9202
2356,英業達,48,6,42,凱基-中港,2024-07-09,9202
2349,錸德,96,54,42,凱基-中港,2024-07-09,9202
2002,中鋼,37,0,37,凱基-中港,2024-07-09,9202
00931B,統一美債20年,39,5,34,凱基-中港,2024-07-09,9202
2367,燿華,299,265,34,凱基-中港,2024-07-09,9202
3047,訊舟,89,56,33,凱基-中港,2024-07-09,9202
2392,正崴,132,101,31,凱基-中港,2024-07-09,9202
1326,台化,35,5,30,凱基-中港,2024-07-09,9202
3689,湧德,32,2,30,凱基-中港,2024-07-09,9202
00937B,群益ESG投等債20,31,1,30,凱基-中港,2024-07-09,9202
2340,台亞,52,23,29,凱基-中港,2024-07-09,9202
2618,長榮航,36,8,28,凱基-中港,2024-07-09,9202
00878,國泰永續高股息,45,17,28,凱基-中港,2024-07-09,9202
6120,達運,27,0,27,凱基-中港,2024-07-09,9202
2867,三商壽,43,16,27,凱基-中港,2024-07-09,9202
00713,元大台灣高息低波,27,0,27,凱基-中港,2024-07-09,9202
4906,正文,119,93,26,凱基-中港,2024-07-09,9202
4510,高鋒,48,23,25,凱基-中港,2024-07-09,9202
00882,中信中國高股息,24,0,24,凱基-中港,2024-07-09,9202
00725B,國泰投資級公司債,25,1,24,凱基-中港,2024-07-09,9202
2885,元大金,24,2,22,凱基-中港,2024-07-09,9202
00936,台新永續高息中小,21,0,21,凱基-中港,2024-07-09,9202
2634,漢翔,32,11,21,凱基-中港,2024-07-09,9202
3231,緯創,40,19,21,凱基-中港,2024-07-09,9202
3094,聯傑,21,0,21,凱基-中港,2024-07-09,9202
00650L,復華香港正2,41,20,21,凱基-中港,2024-07-09,9202
00915,凱基優選高股息30,21,0,21,凱基-中港,2024-07-09,9202
9103,美德醫療-DR,20,0,20,凱基-中港,2024-07-09,9202
5519,隆大,20,0,20,凱基-中港,2024-07-09,9202
00935,野村臺灣新科技50,20,1,19,凱基-中港,2024-07-09,9202
2328,廣宇,20,1,19,凱基-中港,2024-07-09,9202
2880,華南金,600,0,600,凱基-中港,2024-07-10,9202
00937B,群益ESG投等債20,286,30,256,凱基-中港,2024-07-10,9202
00934,中信成長高股息,217,0,217,凱基-中港,2024-07-10,9202
2392,正崴,227,15,212,凱基-中港,2024-07-10,9202
00950B,凱基A級公司債,158,0,158,凱基-中港,2024-07-10,9202
2337,旺宏,142,5,137,凱基-中港,2024-07-10,9202
00679B,元大美債20年,137,1,136,凱基-中港,2024-07-10,9202
3047,訊舟,166,35,131,凱基-中港,2024-07-10,9202
00637L,元大滬深300正2,100,0,100,凱基-中港,2024-07-10,9202
2883,凱基金,162,91,71,凱基-中港,2024-07-10,9202
4526,東台,58,1,57,凱基-中港,2024-07-10,9202
6126,信音,142,85,57,凱基-中港,2024-07-10,9202
8358,金居,59,9,50,凱基-中港,2024-07-10,9202
00940,元大台灣價值高息,202,153,49,凱基-中港,2024-07-10,9202
3306,鼎天,53,4,49,凱基-中港,2024-07-10,9202
2367,燿華,57,14,43,凱基-中港,2024-07-10,9202
00687B,國泰20年美債,41,1,40,凱基-中港,2024-07-10,9202
1618,合機,50,10,40,凱基-中港,2024-07-10,9202
8096,擎亞,50,12,38,凱基-中港,2024-07-10,9202
00933B,國泰10Y+金融債,37,0,37,凱基-中港,2024-07-10,9202
00905,FT臺灣Smart,37,0,37,凱基-中港,2024-07-10,9202
00931B,統一美債20年,47,10,37,凱基-中港,2024-07-10,9202
2317,鴻海,50,15,35,凱基-中港,2024-07-10,9202
2405,輔信,53,19,34,凱基-中港,2024-07-10,9202
1785,光洋科,65,34,31,凱基-中港,2024-07-10,9202
00632R,元大台灣50反1,75,44,31,凱基-中港,2024-07-10,9202
00688L,國泰20年美債正2,30,0,30,凱基-中港,2024-07-10,9202
0056,元大高股息,35,7,28,凱基-中港,2024-07-10,9202
2867,三商壽,46,18,28,凱基-中港,2024-07-10,9202
5340,建榮,25,0,25,凱基-中港,2024-07-10,9202
6177,達麗,26,1,25,凱基-中港,2024-07-10,9202
9910,豐泰,24,0,24,凱基-中港,2024-07-10,9202
00915,凱基優選高股息30,31,8,23,凱基-中港,2024-07-10,9202
2301,光寶科,45,22,23,凱基-中港,2024-07-10,9202
4904,遠傳,28,7,21,凱基-中港,2024-07-10,9202
1326,台化,26,5,21,凱基-中港,2024-07-10,9202
1532,勤美,22,1,21,凱基-中港,2024-07-10,9202
6218,豪勉,33,12,21,凱基-中港,2024-07-10,9202
0050,元大台灣50,24,3,21,凱基-中港,2024-07-10,9202
3685,元創精密,20,0,20,凱基-中港,2024-07-10,9202
6451,訊芯-KY,25,5,20,凱基-中港,2024-07-10,9202
2454,聯發科,20,1,19,凱基-中港,2024-07-10,9202
1608,華榮,22,4,18,凱基-中港,2024-07-10,9202
1514,亞力,136,118,18,凱基-中港,2024-07-10,9202
3037,欣興,17,0,17,凱基-中港,2024-07-10,9202
2002,中鋼,17,0,17,凱基-中港,2024-07-10,9202
2408,南亞科,17,0,17,凱基-中港,2024-07-10,9202
3481,群創,276,260,16,凱基-中港,2024-07-10,9202
2344,華邦電,15,0,15,凱基-中港,2024-07-10,9202
2606,裕民,15,0,15,凱基-中港,2024-07-10,9202
2880,華南金,600,10,590,凱基-中港,2024-07-11,9202
00632R,元大台灣50反1,425,175,250,凱基-中港,2024-07-11,9202
3481,群創,223,92,131,凱基-中港,2024-07-11,9202
6505,台塑化,100,0,100,凱基-中港,2024-07-11,9202
6163,華電網,114,17,97,凱基-中港,2024-07-11,9202
2349,錸德,117,21,96,凱基-中港,2024-07-11,9202
00937B,群益ESG投等債20,108,13,95,凱基-中港,2024-07-11,9202
00650L,復華香港正2,100,20,80,凱基-中港,2024-07-11,9202
6125,廣運,72,12,60,凱基-中港,2024-07-11,9202
6578,達邦蛋白,57,0,57,凱基-中港,2024-07-11,9202
2344,華邦電,72,17,55,凱基-中港,2024-07-11,9202
2618,長榮航,56,1,55,凱基-中港,2024-07-11,9202
3706,神達,67,18,49,凱基-中港,2024-07-11,9202
5009,榮剛,46,0,46,凱基-中港,2024-07-11,9202
5309,系統電,79,34,45,凱基-中港,2024-07-11,9202
6218,豪勉,51,6,45,凱基-中港,2024-07-11,9202
3715,定穎投控,48,6,42,凱基-中港,2024-07-11,9202
1303,南亞,52,11,41,凱基-中港,2024-07-11,9202
2392,正崴,77,36,41,凱基-中港,2024-07-11,9202
2382,廣達,47,7,40,凱基-中港,2024-07-11,9202
6282,康舒,45,7,38,凱基-中港,2024-07-11,9202
2405,輔信,51,14,37,凱基-中港,2024-07-11,9202
3594,磐儀,53,16,37,凱基-中港,2024-07-11,9202
00934,中信成長高股息,43,7,36,凱基-中港,2024-07-11,9202
3413,京鼎,35,0,35,凱基-中港,2024-07-11,9202
00945B,凱基美國非投等債,34,0,34,凱基-中港,2024-07-11,9202
2501,國建,33,0,33,凱基-中港,2024-07-11,9202
2439,美律,34,3,31,凱基-中港,2024-07-11,9202
00679B,元大美債20年,50,20,30,凱基-中港,2024-07-11,9202
00688L,國泰20年美債正2,50,22,28,凱基-中港,2024-07-11,9202
00905,FT臺灣Smart,28,0,28,凱基-中港,2024-07-11,9202
1785,光洋科,40,12,28,凱基-中港,2024-07-11,9202
1101,台泥,32,5,27,凱基-中港,2024-07-11,9202
3024,憶聲,57,30,27,凱基-中港,2024-07-11,9202
2834,臺企銀,27,1,26,凱基-中港,2024-07-11,9202
1513,中興電,50,24,26,凱基-中港,2024-07-11,9202
4513,福裕,25,1,24,凱基-中港,2024-07-11,9202
00946,群益科技高息成長,23,0,23,凱基-中港,2024-07-11,9202
6235,華孚,24,1,23,凱基-中港,2024-07-11,9202
2610,華航,23,0,23,凱基-中港,2024-07-11,9202
1609,大亞,56,34,22,凱基-中港,2024-07-11,9202
8107,大億金茂,22,0,22,凱基-中港,2024-07-11,9202
00882,中信中國高股息,29,7,22,凱基-中港,2024-07-11,9202
2317,鴻海,65,43,22,凱基-中港,2024-07-11,9202
2537,聯上發,26,5,21,凱基-中港,2024-07-11,9202
00949,復華日本龍頭,20,0,20,凱基-中港,2024-07-11,9202
2634,漢翔,20,0,20,凱基-中港,2024-07-11,9202
4111,濟生,20,0,20,凱基-中港,2024-07-11,9202
3360,尚立,20,0,20,凱基-中港,2024-07-11,9202
2331,精英,20,0,20,凱基-中港,2024-07-11,9202
00671R,富邦NASDAQ反1,351,0,351,凱基-中港,2024-07-12,9202
00929,復華台灣科技優息,291,9,282,凱基-中港,2024-07-12,9202
00631L,元大台灣50正2,204,7,197,凱基-中港,2024-07-12,9202
00934,中信成長高股息,197,12,185,凱基-中港,2024-07-12,9202
3706,神達,234,102,132,凱基-中港,2024-07-12,9202
00919,群益台灣精選高息,160,53,107,凱基-中港,2024-07-12,9202
2303,聯電,148,43,105,凱基-中港,2024-07-12,9202
3163,波若威,90,20,70,凱基-中港,2024-07-12,9202
00688L,國泰20年美債正2,68,10,58,凱基-中港,2024-07-12,9202
3689,湧德,55,2,53,凱基-中港,2024-07-12,9202
2312,金寶,234,182,52,凱基-中港,2024-07-12,9202
00676R,富邦臺灣加權反1,50,0,50,凱基-中港,2024-07-12,9202
00937B,群益ESG投等債20,52,11,41,凱基-中港,2024-07-12,9202
4533,協易機,51,11,40,凱基-中港,2024-07-12,9202
3047,訊舟,41,1,40,凱基-中港,2024-07-12,9202
6603,富強鑫,39,0,39,凱基-中港,2024-07-12,9202
2610,華航,36,1,35,凱基-中港,2024-07-12,9202
5230,雷笛克光學,33,0,33,凱基-中港,2024-07-12,9202
2406,國碩,84,52,32,凱基-中港,2024-07-12,9202
4123,晟德,35,4,31,凱基-中港,2024-07-12,9202
1785,光洋科,78,47,31,凱基-中港,2024-07-12,9202
2330,台積電,45,14,31,凱基-中港,2024-07-12,9202
00891,中信關鍵半導體,30,0,30,凱基-中港,2024-07-12,9202
8107,大億金茂,30,0,30,凱基-中港,2024-07-12,9202
6133,金橋,30,0,30,凱基-中港,2024-07-12,9202
2889,國票金,32,2,30,凱基-中港,2024-07-12,9202
0056,元大高股息,43,15,28,凱基-中港,2024-07-12,9202
8099,大世科,28,0,28,凱基-中港,2024-07-12,9202
2439,美律,26,0,26,凱基-中港,2024-07-12,9202
2515,中工,34,10,24,凱基-中港,2024-07-12,9202
2913,農林,25,1,24,凱基-中港,2024-07-12,9202
00881,國泰台灣5G+,24,0,24,凱基-中港,2024-07-12,9202
3673,TPK-KY,23,1,22,凱基-中港,2024-07-12,9202
006208,富邦台50,23,2,21,凱基-中港,2024-07-12,9202
00927,群益半導體收益,21,0,21,凱基-中港,2024-07-12,9202
1316,上曜,30,9,21,凱基-中港,2024-07-12,9202
00720B,元大投資級公司債,21,1,20,凱基-中港,2024-07-12,9202
00669R,國泰美國道瓊反1,20,0,20,凱基-中港,2024-07-12,9202
3374,精材,27,7,20,凱基-中港,2024-07-12,9202
3711,日月光投控,24,4,20,凱基-中港,2024-07-12,9202
00915,凱基優選高股息30,20,1,19,凱基-中港,2024-07-12,9202
00945B,凱基美國非投等債,18,0,18,凱基-中港,2024-07-12,9202
1597,直得,27,10,17,凱基-中港,2024-07-12,9202
1514,亞力,47,30,17,凱基-中港,2024-07-12,9202
6005,群益證,17,0,17,凱基-中港,2024-07-12,9202
2402,毅嘉,54,37,17,凱基-中港,2024-07-12,9202
00687B,國泰20年美債,31,15,16,凱基-中港,2024-07-12,9202
3709,鑫聯大投控,16,0,16,凱基-中港,2024-07-12,9202
2453,凌群,16,0,16,凱基-中港,2024-07-12,9202
00950B,凱基A級公司債,25,10,15,凱基-中港,2024-07-12,9202
00940,元大台灣價值高息,308,4,304,凱基-中港,2024-07-15,9202
00934,中信成長高股息,267,0,267,凱基-中港,2024-07-15,9202
1608,華榮,187,46,141,凱基-中港,2024-07-15,9202
2891,中信金,166,32,134,凱基-中港,2024-07-15,9202
1710,東聯,110,0,110,凱基-中港,2024-07-15,9202
2542,興富發,124,18,106,凱基-中港,2024-07-15,9202
2615,萬海,103,10,93,凱基-中港,2024-07-15,9202
3437,榮創,226,134,92,凱基-中港,2024-07-15,9202
2888,新光金,118,34,84,凱基-中港,2024-07-15,9202
00679B,元大美債20年,150,70,80,凱基-中港,2024-07-15,9202
00929,復華台灣科技優息,320,242,78,凱基-中港,2024-07-15,9202
2356,英業達,153,77,76,凱基-中港,2024-07-15,9202
2618,長榮航,81,7,74,凱基-中港,2024-07-15,9202
2885,元大金,72,0,72,凱基-中港,2024-07-15,9202
2633,台灣高鐵,73,8,65,凱基-中港,2024-07-15,9202
8089,康全電訊,63,1,62,凱基-中港,2024-07-15,9202
00942B,台新美A公司債20+,72,10,62,凱基-中港,2024-07-15,9202
00919,群益台灣精選高息,62,1,61,凱基-中港,2024-07-15,9202
00927,群益半導體收益,55,0,55,凱基-中港,2024-07-15,9202
0056,元大高股息,56,2,54,凱基-中港,2024-07-15,9202
2406,國碩,54,0,54,凱基-中港,2024-07-15,9202
2312,金寶,183,130,53,凱基-中港,2024-07-15,9202
2834,臺企銀,53,0,53,凱基-中港,2024-07-15,9202
2233,宇隆,51,0,51,凱基-中港,2024-07-15,9202
6462,神盾,66,16,50,凱基-中港,2024-07-15,9202
2883,凱基金,45,7,38,凱基-中港,2024-07-15,9202
3596,智易,66,32,34,凱基-中港,2024-07-15,9202
2489,瑞軒,152,122,30,凱基-中港,2024-07-15,9202
00945B,凱基美國非投等債,29,0,29,凱基-中港,2024-07-15,9202
5871,中租-KY,30,1,29,凱基-中港,2024-07-15,9202
00688L,國泰20年美債正2,28,0,28,凱基-中港,2024-07-15,9202
00937B,群益ESG投等債20,250,222,28,凱基-中港,2024-07-15,9202
1717,長興,29,2,27,凱基-中港,2024-07-15,9202
4934,太極,27,0,27,凱基-中港,2024-07-15,9202
2889,國票金,39,12,27,凱基-中港,2024-07-15,9202
2882,國泰金,39,14,25,凱基-中港,2024-07-15,9202
6757,台灣虎航,30,6,24,凱基-中港,2024-07-15,9202
1727,中華化,31,8,23,凱基-中港,2024-07-15,9202
3163,波若威,28,6,22,凱基-中港,2024-07-15,9202
00680L,元大美債20正2,92,70,22,凱基-中港,2024-07-15,9202
5309,系統電,62,43,19,凱基-中港,2024-07-15,9202
1904,正隆,19,0,19,凱基-中港,2024-07-15,9202
00878,國泰永續高股息,29,10,19,凱基-中港,2024-07-15,9202
6005,群益證,19,0,19,凱基-中港,2024-07-15,9202
4526,東台,23,4,19,凱基-中港,2024-07-15,9202
2382,廣達,26,8,18,凱基-中港,2024-07-15,9202
00720B,元大投資級公司債,19,1,18,凱基-中港,2024-07-15,9202
2610,華航,20,3,17,凱基-中港,2024-07-15,9202
1540,喬福,17,0,17,凱基-中港,2024-07-15,9202
4123,晟德,33,16,17,凱基-中港,2024-07-15,9202
6015,宏遠證,404,0,404,凱基-中港,2024-07-16,9202
2888,新光金,405,171,234,凱基-中港,2024-07-16,9202
00937B,群益ESG投等債20,222,1,221,凱基-中港,2024-07-16,9202
3481,群創,252,31,221,凱基-中港,2024-07-16,9202
00934,中信成長高股息,145,0,145,凱基-中港,2024-07-16,9202
2349,錸德,140,3,137,凱基-中港,2024-07-16,9202
8011,台通,315,204,111,凱基-中港,2024-07-16,9202
00929,復華台灣科技優息,197,108,89,凱基-中港,2024-07-16,9202
2489,瑞軒,126,37,89,凱基-中港,2024-07-16,9202
1785,光洋科,97,13,84,凱基-中港,2024-07-16,9202
00680L,元大美債20正2,72,0,72,凱基-中港,2024-07-16,9202
00632R,元大台灣50反1,253,185,68,凱基-中港,2024-07-16,9202
1597,直得,79,20,59,凱基-中港,2024-07-16,9202
00945B,凱基美國非投等債,58,0,58,凱基-中港,2024-07-16,9202
2834,臺企銀,59,1,58,凱基-中港,2024-07-16,9202
2303,聯電,64,7,57,凱基-中港,2024-07-16,9202
0056,元大高股息,47,3,44,凱基-中港,2024-07-16,9202
00933B,國泰10Y+金融債,46,11,35,凱基-中港,2024-07-16,9202
2542,興富發,49,19,30,凱基-中港,2024-07-16,9202
3607,谷崧,30,1,29,凱基-中港,2024-07-16,9202
00905,FT臺灣Smart,39,10,29,凱基-中港,2024-07-16,9202
2886,兆豐金,41,15,26,凱基-中港,2024-07-16,9202
2317,鴻海,57,31,26,凱基-中港,2024-07-16,9202
6757,台灣虎航,28,3,25,凱基-中港,2024-07-16,9202
2891,中信金,36,11,25,凱基-中港,2024-07-16,9202
2884,玉山金,24,0,24,凱基-中港,2024-07-16,9202
8028,昇陽半導體,43,19,24,凱基-中港,2024-07-16,9202
00949,復華日本龍頭,23,0,23,凱基-中港,2024-07-16,9202
2641,正德,22,0,22,凱基-中港,2024-07-16,9202
2233,宇隆,22,0,22,凱基-中港,2024-07-16,9202
2356,英業達,48,27,21,凱基-中港,2024-07-16,9202
00950B,凱基A級公司債,31,10,21,凱基-中港,2024-07-16,9202
2501,國建,23,2,21,凱基-中港,2024-07-16,9202
9955,佳龍,21,0,21,凱基-中港,2024-07-16,9202
00650L,復華香港正2,20,0,20,凱基-中港,2024-07-16,9202
00665L,富邦�琤肭磪囓�2,20,0,20,凱基-中港,2024-07-16,9202
6165,浪凡,20,0,20,凱基-中港,2024-07-16,9202
00882,中信中國高股息,69,50,19,凱基-中港,2024-07-16,9202
8076,伍豐,23,5,18,凱基-中港,2024-07-16,9202
2353,宏��,60,43,17,凱基-中港,2024-07-16,9202
8089,康全電訊,17,0,17,凱基-中港,2024-07-16,9202
9105,泰金寶-DR,18,3,15,凱基-中港,2024-07-16,9202
5439,高技,18,3,15,凱基-中港,2024-07-16,9202
00878,國泰永續高股息,15,0,15,凱基-中港,2024-07-16,9202
2405,輔信,29,14,15,凱基-中港,2024-07-16,9202
3018,隆銘綠能,14,0,14,凱基-中港,2024-07-16,9202
1473,台南,14,0,14,凱基-中港,2024-07-16,9202
3163,波若威,27,13,14,凱基-中港,2024-07-16,9202
2368,金像電,17,4,13,凱基-中港,2024-07-16,9202
2002,中鋼,13,0,13,凱基-中港,2024-07-16,9202
00937B,群益ESG投等債20,325,35,290,凱基-中港,2024-07-17,9202
1717,長興,120,4,116,凱基-中港,2024-07-17,9202
6116,彩晶,112,3,109,凱基-中港,2024-07-17,9202
00679B,元大美債20年,174,68,106,凱基-中港,2024-07-17,9202
00919,群益台灣精選高息,90,1,89,凱基-中港,2024-07-17,9202
00927,群益半導體收益,83,0,83,凱基-中港,2024-07-17,9202
00950B,凱基A級公司債,75,2,73,凱基-中港,2024-07-17,9202
4906,正文,139,69,70,凱基-中港,2024-07-17,9202
5876,上海商銀,58,0,58,凱基-中港,2024-07-17,9202
4903,聯光通,57,1,56,凱基-中港,2024-07-17,9202
9940,信義,52,1,51,凱基-中港,2024-07-17,9202
2382,廣達,51,1,50,凱基-中港,2024-07-17,9202
2887,台新金,50,2,48,凱基-中港,2024-07-17,9202
2330,台積電,81,40,41,凱基-中港,2024-07-17,9202
2891,中信金,40,0,40,凱基-中港,2024-07-17,9202
2317,鴻海,54,15,39,凱基-中港,2024-07-17,9202
2888,新光金,84,45,39,凱基-中港,2024-07-17,9202
8105,凌巨,55,17,38,凱基-中港,2024-07-17,9202
1609,大亞,110,73,37,凱基-中港,2024-07-17,9202
00878,國泰永續高股息,47,11,36,凱基-中港,2024-07-17,9202
00929,復華台灣科技優息,139,103,36,凱基-中港,2024-07-17,9202
00933B,國泰10Y+金融債,37,3,34,凱基-中港,2024-07-17,9202
2537,聯上發,133,100,33,凱基-中港,2024-07-17,9202
2615,萬海,34,3,31,凱基-中港,2024-07-17,9202
6449,鈺邦,32,1,31,凱基-中港,2024-07-17,9202
3231,緯創,46,17,29,凱基-中港,2024-07-17,9202
3037,欣興,216,187,29,凱基-中港,2024-07-17,9202
2520,冠德,40,12,28,凱基-中港,2024-07-17,9202
3379,彬台,52,25,27,凱基-中港,2024-07-17,9202
00945B,凱基美國非投等債,27,0,27,凱基-中港,2024-07-17,9202
1304,台聚,36,10,26,凱基-中港,2024-07-17,9202
00936,台新永續高息中小,24,1,23,凱基-中港,2024-07-17,9202
2449,京元電子,25,3,22,凱基-中港,2024-07-17,9202
8033,雷虎,30,8,22,凱基-中港,2024-07-17,9202
00949,復華日本龍頭,22,0,22,凱基-中港,2024-07-17,9202
6005,群益證,22,0,22,凱基-中港,2024-07-17,9202
4533,協易機,24,2,22,凱基-中港,2024-07-17,9202
5519,隆大,21,0,21,凱基-中港,2024-07-17,9202
8107,大億金茂,21,0,21,凱基-中港,2024-07-17,9202
6213,聯茂,21,0,21,凱基-中港,2024-07-17,9202
0050,元大台灣50,25,4,21,凱基-中港,2024-07-17,9202
5202,力新,23,3,20,凱基-中港,2024-07-17,9202
00720B,元大投資級公司債,19,0,19,凱基-中港,2024-07-17,9202
00881,國泰台灣5G+,19,0,19,凱基-中港,2024-07-17,9202
00637L,元大滬深300正2,19,0,19,凱基-中港,2024-07-17,9202
5452,佶優,21,2,19,凱基-中港,2024-07-17,9202
6753,龍德造船,20,1,19,凱基-中港,2024-07-17,9202
6130,上亞科技,18,0,18,凱基-中港,2024-07-17,9202
1312,國喬,20,2,18,凱基-中港,2024-07-17,9202
00942B,台新美A公司債20+,18,0,18,凱基-中港,2024-07-17,9202
00929,復華台灣科技優息,189,16,173,凱基-中港,2024-07-18,9202
00940,元大台灣價值高息,190,45,145,凱基-中港,2024-07-18,9202
00937B,群益ESG投等債20,160,37,123,凱基-中港,2024-07-18,9202
00919,群益台灣精選高息,131,14,117,凱基-中港,2024-07-18,9202
00679B,元大美債20年,124,30,94,凱基-中港,2024-07-18,9202
00878,國泰永續高股息,89,0,89,凱基-中港,2024-07-18,9202
1402,遠東新,97,13,84,凱基-中港,2024-07-18,9202
00934,中信成長高股息,70,0,70,凱基-中港,2024-07-18,9202
00665L,富邦�琤肭磪囓�2,50,0,50,凱基-中港,2024-07-18,9202
1309,台達化,47,0,47,凱基-中港,2024-07-18,9202
4934,太極,46,0,46,凱基-中港,2024-07-18,9202
2356,英業達,55,10,45,凱基-中港,2024-07-18,9202
2382,廣達,57,12,45,凱基-中港,2024-07-18,9202
2330,台積電,49,9,40,凱基-中港,2024-07-18,9202
0056,元大高股息,59,25,34,凱基-中港,2024-07-18,9202
00753L,中信中國50正2,32,1,31,凱基-中港,2024-07-18,9202
2881,富邦金,37,6,31,凱基-中港,2024-07-18,9202
2618,長榮航,41,11,30,凱基-中港,2024-07-18,9202
2340,台亞,28,0,28,凱基-中港,2024-07-18,9202
2891,中信金,27,0,27,凱基-中港,2024-07-18,9202
2449,京元電子,34,8,26,凱基-中港,2024-07-18,9202
2243,宏旭-KY,29,3,26,凱基-中港,2024-07-18,9202
00945B,凱基美國非投等債,26,0,26,凱基-中港,2024-07-18,9202
00941,中信上游半導體,36,10,26,凱基-中港,2024-07-18,9202
1316,上曜,35,10,25,凱基-中港,2024-07-18,9202
00881,國泰台灣5G+,29,5,24,凱基-中港,2024-07-18,9202
00680L,元大美債20正2,77,53,24,凱基-中港,2024-07-18,9202
00891,中信關鍵半導體,25,2,23,凱基-中港,2024-07-18,9202
8936,國統,35,12,23,凱基-中港,2024-07-18,9202
1709,和益,39,17,22,凱基-中港,2024-07-18,9202
00936,台新永續高息中小,31,9,22,凱基-中港,2024-07-18,9202
5202,力新,31,10,21,凱基-中港,2024-07-18,9202
5522,遠雄,20,0,20,凱基-中港,2024-07-18,9202
1527,鑽全,20,0,20,凱基-中港,2024-07-18,9202
00696B,富邦美債20年,20,0,20,凱基-中港,2024-07-18,9202
8064,東捷,22,2,20,凱基-中港,2024-07-18,9202
4153,鈺緯,20,0,20,凱基-中港,2024-07-18,9202
1102,亞泥,19,0,19,凱基-中港,2024-07-18,9202
2362,藍天,27,9,18,凱基-中港,2024-07-18,9202
2206,三陽工業,20,3,17,凱基-中港,2024-07-18,9202
6770,力積電,16,0,16,凱基-中港,2024-07-18,9202
8054,安國,33,17,16,凱基-中港,2024-07-18,9202
5351,鈺創,16,0,16,凱基-中港,2024-07-18,9202
3481,群創,359,344,15,凱基-中港,2024-07-18,9202
00922,國泰台灣領袖50,16,2,14,凱基-中港,2024-07-18,9202
2464,盟立,20,6,14,凱基-中港,2024-07-18,9202
6163,華電網,31,17,14,凱基-中港,2024-07-18,9202
1336,台翰,14,0,14,凱基-中港,2024-07-18,9202
2344,華邦電,17,3,14,凱基-中港,2024-07-18,9202
006208,富邦台50,15,1,14,凱基-中港,2024-07-18,9202
3481,群創,279,38,241,凱基-中港,2024-07-19,9202
00937B,群益ESG投等債20,197,10,187,凱基-中港,2024-07-19,9202
00878,國泰永續高股息,145,15,130,凱基-中港,2024-07-19,9202
5484,慧友,120,0,120,凱基-中港,2024-07-19,9202
00929,復華台灣科技優息,193,77,116,凱基-中港,2024-07-19,9202
2618,長榮航,125,14,111,凱基-中港,2024-07-19,9202
2330,台積電,128,26,102,凱基-中港,2024-07-19,9202
00898,國泰基因免疫革命,100,0,100,凱基-中港,2024-07-19,9202
2413,環科,92,0,92,凱基-中港,2024-07-19,9202
2883,凱基金,108,17,91,凱基-中港,2024-07-19,9202
0056,元大高股息,101,25,76,凱基-中港,2024-07-19,9202
1314,中石化,71,0,71,凱基-中港,2024-07-19,9202
4916,事欣科,103,35,68,凱基-中港,2024-07-19,9202
00940,元大台灣價值高息,87,24,63,凱基-中港,2024-07-19,9202
2344,華邦電,131,70,61,凱基-中港,2024-07-19,9202
2891,中信金,78,18,60,凱基-中港,2024-07-19,9202
3702,大聯大,60,0,60,凱基-中港,2024-07-19,9202
00946,群益科技高息成長,60,0,60,凱基-中港,2024-07-19,9202
4513,福裕,64,5,59,凱基-中港,2024-07-19,9202
8105,凌巨,90,34,56,凱基-中港,2024-07-19,9202
00919,群益台灣精選高息,112,57,55,凱基-中港,2024-07-19,9202
2328,廣宇,57,4,53,凱基-中港,2024-07-19,9202
00897,富邦基因免疫生技,50,0,50,凱基-中港,2024-07-19,9202
00881,國泰台灣5G+,49,3,46,凱基-中港,2024-07-19,9202
00713,元大台灣高息低波,39,1,38,凱基-中港,2024-07-19,9202
00918,大華優利高填息30,34,0,34,凱基-中港,2024-07-19,9202
4919,新唐,32,0,32,凱基-中港,2024-07-19,9202
1785,光洋科,43,11,32,凱基-中港,2024-07-19,9202
00680L,元大美債20正2,30,0,30,凱基-中港,2024-07-19,9202
1303,南亞,55,28,27,凱基-中港,2024-07-19,9202
6151,晉倫,27,0,27,凱基-中港,2024-07-19,9202
6120,達運,26,0,26,凱基-中港,2024-07-19,9202
2885,元大金,25,0,25,凱基-中港,2024-07-19,9202
3545,敦泰,25,0,25,凱基-中港,2024-07-19,9202
2206,三陽工業,24,0,24,凱基-中港,2024-07-19,9202
00933B,國泰10Y+金融債,25,1,24,凱基-中港,2024-07-19,9202
00936,台新永續高息中小,27,3,24,凱基-中港,2024-07-19,9202
00679B,元大美債20年,1723,1700,23,凱基-中港,2024-07-19,9202
2419,仲琦,46,23,23,凱基-中港,2024-07-19,9202
5522,遠雄,23,0,23,凱基-中港,2024-07-19,9202
2888,新光金,82,59,23,凱基-中港,2024-07-19,9202
5876,上海商銀,22,0,22,凱基-中港,2024-07-19,9202
00934,中信成長高股息,23,1,22,凱基-中港,2024-07-19,9202
2634,漢翔,43,22,21,凱基-中港,2024-07-19,9202
5519,隆大,21,0,21,凱基-中港,2024-07-19,9202
1907,永豐餘,21,0,21,凱基-中港,2024-07-19,9202
00922,國泰台灣領袖50,21,0,21,凱基-中港,2024-07-19,9202
2062,橋椿,20,0,20,凱基-中港,2024-07-19,9202
8076,伍豐,48,28,20,凱基-中港,2024-07-19,9202
00949,復華日本龍頭,20,1,19,凱基-中港,2024-07-19,9202
0056,元大高股息,158,34,124,凱基-中港,2024-07-22,9202
00929,復華台灣科技優息,279,158,121,凱基-中港,2024-07-22,9202
00934,中信成長高股息,124,11,113,凱基-中港,2024-07-22,9202
00650L,復華香港正2,120,14,106,凱基-中港,2024-07-22,9202
2849,安泰銀,100,0,100,凱基-中港,2024-07-22,9202
3024,憶聲,94,0,94,凱基-中港,2024-07-22,9202
00918,大華優利高填息30,85,0,85,凱基-中港,2024-07-22,9202
00919,群益台灣精選高息,145,69,76,凱基-中港,2024-07-22,9202
2419,仲琦,84,10,74,凱基-中港,2024-07-22,9202
2888,新光金,175,103,72,凱基-中港,2024-07-22,9202
2002,中鋼,104,37,67,凱基-中港,2024-07-22,9202
3481,群創,190,127,63,凱基-中港,2024-07-22,9202
2365,昆盈,105,52,53,凱基-中港,2024-07-22,9202
2481,強茂,54,2,52,凱基-中港,2024-07-22,9202
2303,聯電,92,41,51,凱基-中港,2024-07-22,9202
00720B,元大投資級公司債,49,1,48,凱基-中港,2024-07-22,9202
6151,晉倫,50,2,48,凱基-中港,2024-07-22,9202
00946,群益科技高息成長,49,2,47,凱基-中港,2024-07-22,9202
5512,力麒,86,45,41,凱基-中港,2024-07-22,9202
6120,達運,41,0,41,凱基-中港,2024-07-22,9202
6165,浪凡,40,0,40,凱基-中港,2024-07-22,9202
1563,巧新,39,0,39,凱基-中港,2024-07-22,9202
3576,聯合再生,39,0,39,凱基-中港,2024-07-22,9202
00637L,元大滬深300正2,37,2,35,凱基-中港,2024-07-22,9202
1307,三芳,35,0,35,凱基-中港,2024-07-22,9202
4973,廣穎,35,0,35,凱基-中港,2024-07-22,9202
6133,金橋,34,0,34,凱基-中港,2024-07-22,9202
2409,友達,39,6,33,凱基-中港,2024-07-22,9202
00940,元大台灣價值高息,154,122,32,凱基-中港,2024-07-22,9202
00881,國泰台灣5G+,55,23,32,凱基-中港,2024-07-22,9202
1326,台化,49,19,30,凱基-中港,2024-07-22,9202
9904,寶成,32,3,29,凱基-中港,2024-07-22,9202
6668,中揚光,30,1,29,凱基-中港,2024-07-22,9202
1611,中電,44,16,28,凱基-中港,2024-07-22,9202
1605,華新,29,2,27,凱基-中港,2024-07-22,9202
2489,瑞軒,39,12,27,凱基-中港,2024-07-22,9202
4566,時碩工業,193,167,26,凱基-中港,2024-07-22,9202
2812,台中銀,49,23,26,凱基-中港,2024-07-22,9202
2884,玉山金,49,24,25,凱基-中港,2024-07-22,9202
2891,中信金,35,12,23,凱基-中港,2024-07-22,9202
00905,FT臺灣Smart,31,7,24,凱基-中港,2024-07-22,9202
00939,統一台灣高息動能,25,2,23,凱基-中港,2024-07-22,9202
2515,中工,37,14,23,凱基-中港,2024-07-22,9202
2406,國碩,25,2,23,凱基-中港,2024-07-22,9202
3380,明泰,22,0,22,凱基-中港,2024-07-22,9202
5328,華容,22,0,22,凱基-中港,2024-07-22,9202
2609,陽明,64,43,21,凱基-中港,2024-07-22,9202
3294,英濟,20,0,20,凱基-中港,2024-07-22,9202
00671R,富邦NASDAQ反1,20,0,20,凱基-中港,2024-07-22,9202
4109,加捷生醫,24,5,19,凱基-中港,2024-07-22,9202
2349,錸德,415,1,414,凱基-中港,2024-07-23,9202
00632R,元大台灣50反1,437,25,412,凱基-中港,2024-07-23,9202
00937B,群益ESG投等債20,259,10,249,凱基-中港,2024-07-23,9202
3481,群創,283,88,195,凱基-中港,2024-07-23,9202
00946,群益科技高息成長,143,0,143,凱基-中港,2024-07-23,9202
2888,新光金,165,24,141,凱基-中港,2024-07-23,9202
2897,王道銀行,113,0,113,凱基-中港,2024-07-23,9202
2838,聯邦銀,103,0,103,凱基-中港,2024-07-23,9202
00664R,國泰臺灣加權反1,101,20,81,凱基-中港,2024-07-23,9202
2845,遠東銀,70,0,70,凱基-中港,2024-07-23,9202
00948B,中信優息投資級債,62,0,62,凱基-中港,2024-07-23,9202
2243,宏旭-KY,60,0,60,凱基-中港,2024-07-23,9202
00679B,元大美債20年,65,7,58,凱基-中港,2024-07-23,9202
3576,聯合再生,56,0,56,凱基-中港,2024-07-23,9202
2516,新建,50,0,50,凱基-中港,2024-07-23,9202
1312,國喬,50,0,50,凱基-中港,2024-07-23,9202
5225,東科-KY,60,11,49,凱基-中港,2024-07-23,9202
2881,富邦金,50,5,45,凱基-中港,2024-07-23,9202
1597,直得,45,3,42,凱基-中港,2024-07-23,9202
2812,台中銀,70,38,32,凱基-中港,2024-07-23,9202
8354,冠好,31,0,31,凱基-中港,2024-07-23,9202
2504,國產,31,1,30,凱基-中港,2024-07-23,9202
00919,群益台灣精選高息,36,8,28,凱基-中港,2024-07-23,9202
2359,所羅門,42,15,27,凱基-中港,2024-07-23,9202
2365,昆盈,53,26,27,凱基-中港,2024-07-23,9202
6117,迎廣,29,3,26,凱基-中港,2024-07-23,9202
2303,聯電,40,16,24,凱基-中港,2024-07-23,9202
2102,泰豐,22,0,22,凱基-中港,2024-07-23,9202
3296,勝德,20,0,20,凱基-中港,2024-07-23,9202
2891,中信金,19,0,19,凱基-中港,2024-07-23,9202
00929,復華台灣科技優息,85,66,19,凱基-中港,2024-07-23,9202
00878,國泰永續高股息,33,14,19,凱基-中港,2024-07-23,9202
00687B,國泰20年美債,19,1,18,凱基-中港,2024-07-23,9202
5351,鈺創,18,0,18,凱基-中港,2024-07-23,9202
2615,萬海,22,4,18,凱基-中港,2024-07-23,9202
00934,中信成長高股息,17,0,17,凱基-中港,2024-07-23,9202
8028,昇陽半導體,22,6,16,凱基-中港,2024-07-23,9202
2610,華航,26,10,16,凱基-中港,2024-07-23,9202
6120,達運,16,0,16,凱基-中港,2024-07-23,9202
2641,正德,16,1,15,凱基-中港,2024-07-23,9202
2543,皇昌,17,2,15,凱基-中港,2024-07-23,9202
00751B,元大AAA至A公司債,14,0,14,凱基-中港,2024-07-23,9202
2206,三陽工業,15,1,14,凱基-中港,2024-07-23,9202
4726,永昕,21,7,14,凱基-中港,2024-07-23,9202
00949,復華日本龍頭,13,0,13,凱基-中港,2024-07-23,9202
9105,泰金寶-DR,12,0,12,凱基-中港,2024-07-23,9202
3231,緯創,20,8,12,凱基-中港,2024-07-23,9202
1529,樂事綠能,21,9,12,凱基-中港,2024-07-23,9202
4109,加捷生醫,12,0,12,凱基-中港,2024-07-23,9202
8054,安國,25,13,12,凱基-中港,2024-07-23,9202
00937B,群益ESG投等債20,196,0,196,凱基-中港,2024-07-26,9202
00929,復華台灣科技優息,190,4,186,凱基-中港,2024-07-26,9202
00878,國泰永續高股息,151,2,149,凱基-中港,2024-07-26,9202
6548,長科*,131,0,131,凱基-中港,2024-07-26,9202
2812,台中銀,139,8,131,凱基-中港,2024-07-26,9202
00919,群益台灣精選高息,169,46,123,凱基-中港,2024-07-26,9202
9945,潤泰新,133,23,110,凱基-中港,2024-07-26,9202
00680L,元大美債20正2,80,0,80,凱基-中港,2024-07-26,9202
0056,元大高股息,110,30,80,凱基-中港,2024-07-26,9202
2834,臺企銀,82,2,80,凱基-中港,2024-07-26,9202
2884,玉山金,77,1,76,凱基-中港,2024-07-26,9202
2888,新光金,169,94,75,凱基-中港,2024-07-26,9202
00665L,富邦�琤肭磪囓�2,75,0,75,凱基-中港,2024-07-26,9202
2330,台積電,98,24,74,凱基-中港,2024-07-26,9202
2062,橋椿,75,5,70,凱基-中港,2024-07-26,9202
2344,華邦電,60,0,60,凱基-中港,2024-07-26,9202
00757,統一FANG+,56,0,56,凱基-中港,2024-07-26,9202
3711,日月光投控,152,101,51,凱基-中港,2024-07-26,9202
00940,元大台灣價值高息,79,27,52,凱基-中港,2024-07-26,9202
00664R,國泰臺灣加權反1,50,0,50,凱基-中港,2024-07-26,9202
2317,鴻海,70,21,49,凱基-中港,2024-07-26,9202
2915,潤泰全,49,1,48,凱基-中港,2024-07-26,9202
2371,大同,50,3,47,凱基-中港,2024-07-26,9202
2537,聯上發,64,22,42,凱基-中港,2024-07-26,9202
4306,炎洲,41,1,40,凱基-中港,2024-07-26,9202
00946,群益科技高息成長,43,4,39,凱基-中港,2024-07-26,9202
2603,長榮,40,3,37,凱基-中港,2024-07-26,9202
00918,大華優利高填息30,36,0,36,凱基-中港,2024-07-26,9202
1609,大亞,53,17,36,凱基-中港,2024-07-26,9202
2891,中信金,40,6,34,凱基-中港,2024-07-26,9202
8064,東捷,48,14,34,凱基-中港,2024-07-26,9202
2002,中鋼,154,121,33,凱基-中港,2024-07-26,9202
3231,緯創,46,13,33,凱基-中港,2024-07-26,9202
6668,中揚光,35,3,32,凱基-中港,2024-07-26,9202
3105,穩懋,30,0,30,凱基-中港,2024-07-26,9202
00631L,元大台灣50正2,29,0,29,凱基-中港,2024-07-26,9202
1326,台化,32,4,28,凱基-中港,2024-07-26,9202
2382,廣達,34,6,28,凱基-中港,2024-07-26,9202
00720B,元大投資級公司債,27,0,27,凱基-中港,2024-07-26,9202
2374,佳能,30,3,27,凱基-中港,2024-07-26,9202
8354,冠好,27,0,27,凱基-中港,2024-07-26,9202
00905,FT臺灣Smart,27,0,27,凱基-中港,2024-07-26,9202
8926,台汽電,41,14,27,凱基-中港,2024-07-26,9202
00688L,國泰20年美債正2,26,0,26,凱基-中港,2024-07-26,9202
00675L,富邦臺灣加權正2,27,1,26,凱基-中港,2024-07-26,9202
00830,國泰費城半導體,24,1,23,凱基-中港,2024-07-26,9202
5234,達興材料,21,0,21,凱基-中港,2024-07-26,9202
00915,凱基優選高股息30,20,0,20,凱基-中港,2024-07-26,9202
00881,國泰台灣5G+,32,13,19,凱基-中港,2024-07-26,9202
00713,元大台灣高息低波,20,0,20,凱基-中港,2024-07-26,9202
00688L,國泰20年美債正2,1074,0,1074,凱基-中港,2024-07-29,9202
00679B,元大美債20年,1013,19,994,凱基-中港,2024-07-29,9202
00680L,元大美債20正2,789,19,770,凱基-中港,2024-07-29,9202
00632R,元大台灣50反1,202,25,177,凱基-中港,2024-07-29,9202
2413,環科,175,0,175,凱基-中港,2024-07-29,9202
0056,元大高股息,134,6,128,凱基-中港,2024-07-29,9202
00878,國泰永續高股息,135,11,124,凱基-中港,2024-07-29,9202
2356,英業達,120,3,117,凱基-中港,2024-07-29,9202
00929,復華台灣科技優息,100,5,95,凱基-中港,2024-07-29,9202
2867,三商壽,90,0,90,凱基-中港,2024-07-29,9202
00940,元大台灣價值高息,92,7,85,凱基-中港,2024-07-29,9202
5443,均豪,89,11,78,凱基-中港,2024-07-29,9202
2385,群光,72,0,72,凱基-中港,2024-07-29,9202
2303,聯電,75,6,69,凱基-中港,2024-07-29,9202
00933B,國泰10Y+金融債,65,1,64,凱基-中港,2024-07-29,9202
00919,群益台灣精選高息,58,3,55,凱基-中港,2024-07-29,9202
2884,玉山金,46,1,45,凱基-中港,2024-07-29,9202
6443,元晶,43,0,43,凱基-中港,2024-07-29,9202
2426,鼎元,41,1,40,凱基-中港,2024-07-29,9202
00882,中信中國高股息,40,0,40,凱基-中港,2024-07-29,9202
00945B,凱基美國非投等債,35,0,35,凱基-中港,2024-07-29,9202
9945,潤泰新,95,61,34,凱基-中港,2024-07-29,9202
6126,信音,53,20,33,凱基-中港,2024-07-29,9202
5483,中美晶,33,0,33,凱基-中港,2024-07-29,9202
00712,復華富時不動產,32,0,32,凱基-中港,2024-07-29,9202
2515,中工,36,8,28,凱基-中港,2024-07-29,9202
00631L,元大台灣50正2,58,31,27,凱基-中港,2024-07-29,9202
1326,台化,28,2,26,凱基-中港,2024-07-29,9202
00950B,凱基A級公司債,30,4,26,凱基-中港,2024-07-29,9202
3073,天方能源,24,0,24,凱基-中港,2024-07-29,9202
5222,全訊,23,0,23,凱基-中港,2024-07-29,9202
2317,鴻海,39,17,22,凱基-中港,2024-07-29,9202
2352,佳世達,22,0,22,凱基-中港,2024-07-29,9202
00918,大華優利高填息30,21,0,21,凱基-中港,2024-07-29,9202
4526,東台,21,0,21,凱基-中港,2024-07-29,9202
3231,緯創,34,13,21,凱基-中港,2024-07-29,9202
00753L,中信中國50正2,20,0,20,凱基-中港,2024-07-29,9202
2419,仲琦,21,1,20,凱基-中港,2024-07-29,9202
4111,濟生,20,0,20,凱基-中港,2024-07-29,9202
2634,漢翔,22,3,19,凱基-中港,2024-07-29,9202
2374,佳能,25,6,19,凱基-中港,2024-07-29,9202
00936,台新永續高息中小,18,0,18,凱基-中港,2024-07-29,9202
4534,慶騰,17,0,17,凱基-中港,2024-07-29,9202
2450,神腦,16,0,16,凱基-中港,2024-07-29,9202
00715L,期街口布蘭特正2,16,0,16,凱基-中港,2024-07-29,9202
00714,群益道瓊美國地產,15,0,15,凱基-中港,2024-07-29,9202
6451,訊芯-KY,15,0,15,凱基-中港,2024-07-29,9202
9939,宏全,18,3,15,凱基-中港,2024-07-29,9202
5328,華容,15,0,15,凱基-中港,2024-07-29,9202
2367,燿華,15,1,14,凱基-中港,2024-07-29,9202
2349,錸德,243,88,155,凱基-中港,2024-07-30,9202
00940,元大台灣價值高息,132,5,127,凱基-中港,2024-07-30,9202
00929,復華台灣科技優息,115,3,112,凱基-中港,2024-07-30,9202
2845,遠東銀,104,0,104,凱基-中港,2024-07-30,9202
4306,炎洲,97,10,87,凱基-中港,2024-07-30,9202
0056,元大高股息,94,15,79,凱基-中港,2024-07-30,9202
00878,國泰永續高股息,75,15,60,凱基-中港,2024-07-30,9202
2891,中信金,56,0,56,凱基-中港,2024-07-30,9202
1316,上曜,55,7,48,凱基-中港,2024-07-30,9202
00946,群益科技高息成長,48,2,46,凱基-中港,2024-07-30,9202
00934,中信成長高股息,47,10,37,凱基-中港,2024-07-30,9202
6026,福邦證,35,0,35,凱基-中港,2024-07-30,9202
2402,毅嘉,34,0,34,凱基-中港,2024-07-30,9202
3037,欣興,37,6,31,凱基-中港,2024-07-30,9202
2323,中環,32,1,31,凱基-中港,2024-07-30,9202
1309,台達化,31,0,31,凱基-中港,2024-07-30,9202
1449,佳和,39,10,29,凱基-中港,2024-07-30,9202
2020,美亞,27,0,27,凱基-中港,2024-07-30,9202
3167,大量,33,6,27,凱基-中港,2024-07-30,9202
2489,瑞軒,36,10,26,凱基-中港,2024-07-30,9202
3105,穩懋,25,0,25,凱基-中港,2024-07-30,9202
2812,台中銀,21,0,21,凱基-中港,2024-07-30,9202
3346,麗清,21,0,21,凱基-中港,2024-07-30,9202
6443,元晶,22,1,21,凱基-中港,2024-07-30,9202
8103,瀚荃,21,0,21,凱基-中港,2024-07-30,9202
5386,青雲,20,0,20,凱基-中港,2024-07-30,9202
2385,群光,20,0,20,凱基-中港,2024-07-30,9202
00930,永豐ESG低碳高息,20,0,20,凱基-中港,2024-07-30,9202
1444,力麗,20,0,20,凱基-中港,2024-07-30,9202
2303,聯電,22,2,20,凱基-中港,2024-07-30,9202
00915,凱基優選高股息30,18,0,18,凱基-中港,2024-07-30,9202
2884,玉山金,18,0,18,凱基-中港,2024-07-30,9202
1720,生達,18,0,18,凱基-中港,2024-07-30,9202
1785,光洋科,21,5,16,凱基-中港,2024-07-30,9202
9939,宏全,19,3,16,凱基-中港,2024-07-30,9202
00753L,中信中國50正2,16,0,16,凱基-中港,2024-07-30,9202
2641,正德,15,0,15,凱基-中港,2024-07-30,9202
2413,環科,15,0,15,凱基-中港,2024-07-30,9202
00919,群益台灣精選高息,46,31,15,凱基-中港,2024-07-30,9202
3228,金麗科,14,0,14,凱基-中港,2024-07-30,9202
8064,東捷,50,36,14,凱基-中港,2024-07-30,9202
006208,富邦台50,15,1,14,凱基-中港,2024-07-30,9202
6770,力積電,16,3,13,凱基-中港,2024-07-30,9202
2002,中鋼,18,5,13,凱基-中港,2024-07-30,9202
4564,元翎,14,1,13,凱基-中港,2024-07-30,9202
00918,大華優利高填息30,12,0,12,凱基-中港,2024-07-30,9202
1597,直得,13,1,12,凱基-中港,2024-07-30,9202
00688L,國泰20年美債正2,12,0,12,凱基-中港,2024-07-30,9202
3715,定穎投控,14,2,12,凱基-中港,2024-07-30,9202
4576,大銀微系統,12,0,12,凱基-中港,2024-07-30,9202
00878,國泰永續高股息,306,8,298,凱基-中港,2024-07-31,9202
3576,聯合再生,120,1,119,凱基-中港,2024-07-31,9202
00679B,元大美債20年,107,6,101,凱基-中港,2024-07-31,9202
00680L,元大美債20正2,99,0,99,凱基-中港,2024-07-31,9202
00919,群益台灣精選高息,76,6,70,凱基-中港,2024-07-31,9202
00937B,群益ESG投等債20,87,17,70,凱基-中港,2024-07-31,9202
8354,冠好,62,0,62,凱基-中港,2024-07-31,9202
2382,廣達,71,10,61,凱基-中港,2024-07-31,9202
00915,凱基優選高股息30,60,0,60,凱基-中港,2024-07-31,9202
00945B,凱基美國非投等債,57,0,57,凱基-中港,2024-07-31,9202
3363,上詮,55,0,55,凱基-中港,2024-07-31,9202
3481,群創,130,76,54,凱基-中港,2024-07-31,9202
3047,訊舟,136,82,54,凱基-中港,2024-07-31,9202
00933B,國泰10Y+金融債,52,1,51,凱基-中港,2024-07-31,9202
00664R,國泰臺灣加權反1,50,0,50,凱基-中港,2024-07-31,9202
3715,定穎投控,76,27,49,凱基-中港,2024-07-31,9202
00940,元大台灣價值高息,48,4,44,凱基-中港,2024-07-31,9202
8064,東捷,85,47,38,凱基-中港,2024-07-31,9202
3231,緯創,69,33,36,凱基-中港,2024-07-31,9202
2413,環科,34,0,34,凱基-中港,2024-07-31,9202
2349,錸德,59,29,30,凱基-中港,2024-07-31,9202
2504,國產,30,0,30,凱基-中港,2024-07-31,9202
1711,永光,86,57,29,凱基-中港,2024-07-31,9202
2344,華邦電,41,13,28,凱基-中港,2024-07-31,9202
00951,台新日本半導體,28,0,28,凱基-中港,2024-07-31,9202
00712,復華富時不動產,30,3,27,凱基-中港,2024-07-31,9202
3379,彬台,24,0,24,凱基-中港,2024-07-31,9202
8473,山林水,22,0,22,凱基-中港,2024-07-31,9202
2442,新美齊,25,3,22,凱基-中港,2024-07-31,9202
2801,彰銀,21,0,21,凱基-中港,2024-07-31,9202
8011,台通,21,0,21,凱基-中港,2024-07-31,9202
2406,國碩,22,1,21,凱基-中港,2024-07-31,9202
2204,中華,20,0,20,凱基-中港,2024-07-31,9202
2489,瑞軒,21,1,20,凱基-中港,2024-07-31,9202
2543,皇昌,25,5,20,凱基-中港,2024-07-31,9202
6213,聯茂,23,3,20,凱基-中港,2024-07-31,9202
00688L,國泰20年美債正2,20,0,20,凱基-中港,2024-07-31,9202
8110,華東,20,0,20,凱基-中港,2024-07-31,9202
6125,廣運,28,9,19,凱基-中港,2024-07-31,9202
2486,一詮,19,0,19,凱基-中港,2024-07-31,9202
3535,晶彩科,25,9,16,凱基-中港,2024-07-31,9202
3663,鑫科,42,26,16,凱基-中港,2024-07-31,9202
3711,日月光投控,16,0,16,凱基-中港,2024-07-31,9202
8936,國統,17,2,15,凱基-中港,2024-07-31,9202
00929,復華台灣科技優息,41,27,14,凱基-中港,2024-07-31,9202
2524,京城,25,11,14,凱基-中港,2024-07-31,9202
2454,聯發科,13,0,13,凱基-中港,2024-07-31,9202
3105,穩懋,173,160,13,凱基-中港,2024-07-31,9202
1717,長興,15,2,13,凱基-中港,2024-07-31,9202
4956,光鋐,13,0,13,凱基-中港,2024-07-31,9202
00632R,元大台灣50反1,220,30,190,凱基-中港,2024-08-01,9202
00929,復華台灣科技優息,178,6,172,凱基-中港,2024-08-01,9202
00919,群益台灣精選高息,156,2,154,凱基-中港,2024-08-01,9202
9945,潤泰新,127,11,116,凱基-中港,2024-08-01,9202
00937B,群益ESG投等債20,112,8,104,凱基-中港,2024-08-01,9202
00946,群益科技高息成長,103,0,103,凱基-中港,2024-08-01,9202
4306,炎洲,120,17,103,凱基-中港,2024-08-01,9202
00679B,元大美債20年,109,18,91,凱基-中港,2024-08-01,9202
2383,台光電,84,2,82,凱基-中港,2024-08-01,9202
2323,中環,70,1,69,凱基-中港,2024-08-01,9202
00878,國泰永續高股息,77,9,68,凱基-中港,2024-08-01,9202
2337,旺宏,162,112,50,凱基-中港,2024-08-01,9202
1609,大亞,47,12,35,凱基-中港,2024-08-01,9202
00949,復華日本龍頭,36,2,34,凱基-中港,2024-08-01,9202
00795B,中信美國公債20年,34,1,33,凱基-中港,2024-08-01,9202
00904,新光臺灣半導體30,32,0,32,凱基-中港,2024-08-01,9202
9902,台火,34,2,32,凱基-中港,2024-08-01,9202
00881,國泰台灣5G+,32,0,32,凱基-中港,2024-08-01,9202
8011,台通,281,250,31,凱基-中港,2024-08-01,9202
8096,擎亞,35,4,31,凱基-中港,2024-08-01,9202
1101,台泥,31,1,30,凱基-中港,2024-08-01,9202
00637L,元大滬深300正2,54,26,28,凱基-中港,2024-08-01,9202
2454,聯發科,30,4,26,凱基-中港,2024-08-01,9202
2204,中華,26,1,25,凱基-中港,2024-08-01,9202
1597,直得,30,7,23,凱基-中港,2024-08-01,9202
2363,矽統,41,20,21,凱基-中港,2024-08-01,9202
00932,兆豐永續高息等權,21,1,20,凱基-中港,2024-08-01,9202
00918,大華優利高填息30,19,2,17,凱基-中港,2024-08-01,9202
3498,陽程,19,2,17,凱基-中港,2024-08-01,9202
0056,元大高股息,21,4,17,凱基-中港,2024-08-01,9202
2344,華邦電,18,2,16,凱基-中港,2024-08-01,9202
5371,中光電,18,2,16,凱基-中港,2024-08-01,9202
3481,群創,26,11,15,凱基-中港,2024-08-01,9202
1303,南亞,16,1,15,凱基-中港,2024-08-01,9202
2891,中信金,27,12,15,凱基-中港,2024-08-01,9202
00673R,期元大S＆P原油反1,15,0,15,凱基-中港,2024-08-01,9202
3050,鈺德,15,0,15,凱基-中港,2024-08-01,9202
2834,臺企銀,87,73,14,凱基-中港,2024-08-01,9202
6239,力成,14,0,14,凱基-中港,2024-08-01,9202
1314,中石化,17,3,14,凱基-中港,2024-08-01,9202
2509,全坤建,14,0,14,凱基-中港,2024-08-01,9202
6442,光聖,14,0,14,凱基-中港,2024-08-01,9202
2884,玉山金,14,1,13,凱基-中港,2024-08-01,9202
1777,生泰,13,0,13,凱基-中港,2024-08-01,9202
00683L,期元大美元指正2,13,0,13,凱基-中港,2024-08-01,9202
1560,中砂,13,0,13,凱基-中港,2024-08-01,9202
4128,中天,29,17,12,凱基-中港,2024-08-01,9202
00665L,富邦�琤肭磪囓�2,12,0,12,凱基-中港,2024-08-01,9202
5443,均豪,36,24,12,凱基-中港,2024-08-01,9202
2489,瑞軒,15,4,11,凱基-中港,2024-08-01,9202
2834,臺企銀,665,3,662,凱基-中港,2024-08-02,9202
00679B,元大美債20年,661,10,651,凱基-中港,2024-08-02,9202
00929,復華台灣科技優息,742,106,636,凱基-中港,2024-08-02,9202
00878,國泰永續高股息,239,16,223,凱基-中港,2024-08-02,9202
8110,華東,215,0,215,凱基-中港,2024-08-02,9202
2888,新光金,211,12,199,凱基-中港,2024-08-02,9202
2317,鴻海,178,28,150,凱基-中港,2024-08-02,9202
00951,台新日本半導體,145,0,145,凱基-中港,2024-08-02,9202
00919,群益台灣精選高息,159,64,95,凱基-中港,2024-08-02,9202
00933B,國泰10Y+金融債,139,45,94,凱基-中港,2024-08-02,9202
00940,元大台灣價值高息,94,10,84,凱基-中港,2024-08-02,9202
00950B,凱基A級公司債,72,0,72,凱基-中港,2024-08-02,9202
00931B,統一美債20年,112,41,71,凱基-中港,2024-08-02,9202
2413,環科,70,0,70,凱基-中港,2024-08-02,9202
00881,國泰台灣5G+,77,7,70,凱基-中港,2024-08-02,9202
2610,華航,70,7,63,凱基-中港,2024-08-02,9202
0056,元大高股息,70,11,59,凱基-中港,2024-08-02,9202
2891,中信金,60,6,54,凱基-中港,2024-08-02,9202
00915,凱基優選高股息30,52,0,52,凱基-中港,2024-08-02,9202
2365,昆盈,422,375,47,凱基-中港,2024-08-02,9202
5512,力麒,68,21,47,凱基-中港,2024-08-02,9202
00687B,國泰20年美債,51,5,46,凱基-中港,2024-08-02,9202
00945B,凱基美國非投等債,46,0,46,凱基-中港,2024-08-02,9202
2330,台積電,68,22,46,凱基-中港,2024-08-02,9202
3037,欣興,249,204,45,凱基-中港,2024-08-02,9202
2845,遠東銀,43,0,43,凱基-中港,2024-08-02,9202
6274,台燿,45,3,42,凱基-中港,2024-08-02,9202
3056,富華新,42,0,42,凱基-中港,2024-08-02,9202
5328,華容,40,0,40,凱基-中港,2024-08-02,9202
2501,國建,42,2,40,凱基-中港,2024-08-02,9202
4123,晟德,65,26,39,凱基-中港,2024-08-02,9202
00900,富邦特選高股息30,37,0,37,凱基-中港,2024-08-02,9202
2337,旺宏,59,22,37,凱基-中港,2024-08-02,9202
0050,元大台灣50,37,1,36,凱基-中港,2024-08-02,9202
00631L,元大台灣50正2,46,11,35,凱基-中港,2024-08-02,9202
2382,廣達,45,13,32,凱基-中港,2024-08-02,9202
2356,英業達,37,6,31,凱基-中港,2024-08-02,9202
00932,兆豐永續高息等權,31,0,31,凱基-中港,2024-08-02,9202
00946,群益科技高息成長,32,4,28,凱基-中港,2024-08-02,9202
4906,正文,28,0,28,凱基-中港,2024-08-02,9202
00680L,元大美債20正2,71,43,28,凱基-中港,2024-08-02,9202
00923,群益台ESG低碳50,26,0,26,凱基-中港,2024-08-02,9202
00949,復華日本龍頭,26,0,26,凱基-中港,2024-08-02,9202
8121,越峰,24,0,24,凱基-中港,2024-08-02,9202
8473,山林水,24,0,24,凱基-中港,2024-08-02,9202
00941,中信上游半導體,24,0,24,凱基-中港,2024-08-02,9202
1303,南亞,57,34,23,凱基-中港,2024-08-02,9202
8064,東捷,30,8,22,凱基-中港,2024-08-02,9202
2609,陽明,100,78,22,凱基-中港,2024-08-02,9202
00685L,群益臺灣加權正2,22,0,22,凱基-中港,2024-08-02,9202
00940,元大台灣價值高息,778,47,731,凱基-中港,2024-08-05,9202
00929,復華台灣科技優息,608,32,576,凱基-中港,2024-08-05,9202
00878,國泰永續高股息,631,335,296,凱基-中港,2024-08-05,9202
3024,憶聲,267,0,267,凱基-中港,2024-08-05,9202
00679B,元大美債20年,288,32,256,凱基-中港,2024-08-05,9202
6548,長科*,189,0,189,凱基-中港,2024-08-05,9202
3481,群創,320,185,135,凱基-中港,2024-08-05,9202
00919,群益台灣精選高息,165,46,119,凱基-中港,2024-08-05,9202
00915,凱基優選高股息30,151,33,118,凱基-中港,2024-08-05,9202
2409,友達,117,2,115,凱基-中港,2024-08-05,9202
2317,鴻海,1222,1121,101,凱基-中港,2024-08-05,9202
00631L,元大台灣50正2,109,9,100,凱基-中港,2024-08-05,9202
6743,安普新,90,0,90,凱基-中港,2024-08-05,9202
0056,元大高股息,155,74,81,凱基-中港,2024-08-05,9202
00715L,期街口布蘭特正2,80,0,80,凱基-中港,2024-08-05,9202
0050,元大台灣50,86,9,77,凱基-中港,2024-08-05,9202
2330,台積電,149,82,67,凱基-中港,2024-08-05,9202
5328,華容,67,0,67,凱基-中港,2024-08-05,9202
2243,宏旭-KY,64,0,64,凱基-中港,2024-08-05,9202
00941,中信上游半導體,66,4,62,凱基-中港,2024-08-05,9202
00881,國泰台灣5G+,83,21,62,凱基-中港,2024-08-05,9202
00918,大華優利高填息30,58,0,58,凱基-中港,2024-08-05,9202
00891,中信關鍵半導體,56,1,55,凱基-中港,2024-08-05,9202
1513,中興電,60,6,54,凱基-中港,2024-08-05,9202
2883B,凱基金乙特,50,0,50,凱基-中港,2024-08-05,9202
2849,安泰銀,50,0,50,凱基-中港,2024-08-05,9202
9945,潤泰新,114,64,50,凱基-中港,2024-08-05,9202
00946,群益科技高息成長,51,2,49,凱基-中港,2024-08-05,9202
00936,台新永續高息中小,47,2,45,凱基-中港,2024-08-05,9202
006208,富邦台50,49,5,44,凱基-中港,2024-08-05,9202
4564,元翎,47,3,44,凱基-中港,2024-08-05,9202
2801,彰銀,72,31,41,凱基-中港,2024-08-05,9202
2915,潤泰全,50,9,41,凱基-中港,2024-08-05,9202
5443,均豪,43,3,40,凱基-中港,2024-08-05,9202
8411,福貞-KY,40,0,40,凱基-中港,2024-08-05,9202
00900,富邦特選高股息30,40,1,39,凱基-中港,2024-08-05,9202
1808,潤隆,52,14,38,凱基-中港,2024-08-05,9202
00934,中信成長高股息,44,7,37,凱基-中港,2024-08-05,9202
2002,中鋼,40,4,36,凱基-中港,2024-08-05,9202
1605,華新,37,2,35,凱基-中港,2024-08-05,9202
8076,伍豐,34,0,34,凱基-中港,2024-08-05,9202
3056,富華新,33,0,33,凱基-中港,2024-08-05,9202
2382,廣達,184,151,33,凱基-中港,2024-08-05,9202
00939,統一台灣高息動能,40,9,31,凱基-中港,2024-08-05,9202
00950B,凱基A級公司債,54,23,31,凱基-中港,2024-08-05,9202
2610,華航,34,3,31,凱基-中港,2024-08-05,9202
1584,精剛,39,8,31,凱基-中港,2024-08-05,9202
2501,國建,29,0,29,凱基-中港,2024-08-05,9202
00733,富邦臺灣中小,29,0,29,凱基-中港,2024-08-05,9202
00696B,富邦美債20年,30,2,28,凱基-中港,2024-08-05,9202
00940,元大台灣價值高息,592,100,492,凱基-中港,2024-08-06,9202
00650L,復華香港正2,210,0,210,凱基-中港,2024-08-06,9202
00937B,群益ESG投等債20,276,78,198,凱基-中港,2024-08-06,9202
2002,中鋼,193,40,153,凱基-中港,2024-08-06,9202
00664R,國泰臺灣加權反1,130,4,126,凱基-中港,2024-08-06,9202
2887,台新金,230,105,125,凱基-中港,2024-08-06,9202
2542,興富發,233,128,105,凱基-中港,2024-08-06,9202
2409,友達,97,1,96,凱基-中港,2024-08-06,9202
00929,復華台灣科技優息,147,69,78,凱基-中港,2024-08-06,9202
3037,欣興,99,24,75,凱基-中港,2024-08-06,9202
2615,萬海,83,16,67,凱基-中港,2024-08-06,9202
00878,國泰永續高股息,455,392,63,凱基-中港,2024-08-06,9202
1316,上曜,58,6,52,凱基-中港,2024-08-06,9202
00900,富邦特選高股息30,56,5,51,凱基-中港,2024-08-06,9202
0050,元大台灣50,61,12,49,凱基-中港,2024-08-06,9202
1314,中石化,50,2,48,凱基-中港,2024-08-06,9202
2413,環科,45,0,45,凱基-中港,2024-08-06,9202
00688L,國泰20年美債正2,68,25,43,凱基-中港,2024-08-06,9202
1540,喬福,68,27,41,凱基-中港,2024-08-06,9202
3024,憶聲,41,0,41,凱基-中港,2024-08-06,9202
6118,建達,40,0,40,凱基-中港,2024-08-06,9202
2324,仁寶,38,3,35,凱基-中港,2024-08-06,9202
2731,雄獅,34,1,33,凱基-中港,2024-08-06,9202
2337,旺宏,50,20,30,凱基-中港,2024-08-06,9202
00911,兆豐洲際半導體,30,0,30,凱基-中港,2024-08-06,9202
2014,中鴻,27,0,27,凱基-中港,2024-08-06,9202
3046,建��,29,5,24,凱基-中港,2024-08-06,9202
6547,高端疫苗,24,0,24,凱基-中港,2024-08-06,9202
1532,勤美,23,0,23,凱基-中港,2024-08-06,9202
4562,穎漢,26,4,22,凱基-中港,2024-08-06,9202
6770,力積電,25,4,21,凱基-中港,2024-08-06,9202
0056,元大高股息,59,38,21,凱基-中港,2024-08-06,9202
3322,建舜電,21,0,21,凱基-中港,2024-08-06,9202
8064,東捷,55,35,20,凱基-中港,2024-08-06,9202
4564,元翎,22,2,20,凱基-中港,2024-08-06,9202
1718,中纖,20,0,20,凱基-中港,2024-08-06,9202
2527,宏璟,22,2,20,凱基-中港,2024-08-06,9202
2610,華航,28,8,20,凱基-中港,2024-08-06,9202
2369,菱生,21,2,19,凱基-中港,2024-08-06,9202
1584,精剛,22,3,19,凱基-中港,2024-08-06,9202
1477,聚陽,21,4,17,凱基-中港,2024-08-06,9202
2897,王道銀行,19,2,17,凱基-中港,2024-08-06,9202
2408,南亞科,35,18,17,凱基-中港,2024-08-06,9202
00946,群益科技高息成長,17,1,16,凱基-中港,2024-08-06,9202
2338,光罩,17,2,15,凱基-中港,2024-08-06,9202
8096,擎亞,29,14,15,凱基-中港,2024-08-06,9202
5469,瀚宇博,15,0,15,凱基-中港,2024-08-06,9202
2501,國建,19,5,14,凱基-中港,2024-08-06,9202
8089,康全電訊,14,0,14,凱基-中港,2024-08-06,9202
00685L,群益臺灣加權正2,89,75,14,凱基-中港,2024-08-06,9202
00632R,元大台灣50反1,2042,62,1980,凱基-中港,2024-08-07,9202
00706L,期元大S＆P日圓正2,970,20,950,凱基-中港,2024-08-07,9202
00940,元大台灣價值高息,626,23,603,凱基-中港,2024-08-07,9202
00929,復華台灣科技優息,341,12,329,凱基-中港,2024-08-07,9202
2888,新光金,221,15,206,凱基-中港,2024-08-07,9202
00919,群益台灣精選高息,194,19,175,凱基-中港,2024-08-07,9202
00878,國泰永續高股息,138,19,119,凱基-中港,2024-08-07,9202
2409,友達,112,6,106,凱基-中港,2024-08-07,9202
2317,鴻海,161,56,105,凱基-中港,2024-08-07,9202
00753L,中信中國50正2,107,18,89,凱基-中港,2024-08-07,9202
6548,長科*,82,0,82,凱基-中港,2024-08-07,9202
00688L,國泰20年美債正2,81,0,81,凱基-中港,2024-08-07,9202
3481,群創,78,3,75,凱基-中港,2024-08-07,9202
2014,中鴻,75,0,75,凱基-中港,2024-08-07,9202
00949,復華日本龍頭,75,7,68,凱基-中港,2024-08-07,9202
2362,藍天,106,38,68,凱基-中港,2024-08-07,9202
6505,台塑化,63,0,63,凱基-中港,2024-08-07,9202
00715L,期街口布蘭特正2,60,0,60,凱基-中港,2024-08-07,9202
00664R,國泰臺灣加權反1,78,20,58,凱基-中港,2024-08-07,9202
3624,光頡,57,0,57,凱基-中港,2024-08-07,9202
00650L,復華香港正2,75,20,55,凱基-中港,2024-08-07,9202
00757,統一FANG+,51,1,50,凱基-中港,2024-08-07,9202
00795B,中信美國公債20年,51,2,49,凱基-中港,2024-08-07,9202
00933B,國泰10Y+金融債,46,3,43,凱基-中港,2024-08-07,9202
2408,南亞科,35,5,30,凱基-中港,2024-08-07,9202
1720,生達,30,0,30,凱基-中港,2024-08-07,9202
1540,喬福,63,33,30,凱基-中港,2024-08-07,9202
2524,京城,29,0,29,凱基-中港,2024-08-07,9202
3013,晟銘電,35,7,28,凱基-中港,2024-08-07,9202
2363,矽統,42,14,28,凱基-中港,2024-08-07,9202
00935,野村臺灣新科技50,26,0,26,凱基-中港,2024-08-07,9202
2002,中鋼,34,8,26,凱基-中港,2024-08-07,9202
2886,兆豐金,25,0,25,凱基-中港,2024-08-07,9202
00947,台新臺灣IC設計,24,0,24,凱基-中港,2024-08-07,9202
3037,欣興,35,11,24,凱基-中港,2024-08-07,9202
2312,金寶,46,22,24,凱基-中港,2024-08-07,9202
2356,英業達,27,4,23,凱基-中港,2024-08-07,9202
00642U,期元大S＆P石油,23,0,23,凱基-中港,2024-08-07,9202
00894,中信小資高價30,23,0,23,凱基-中港,2024-08-07,9202
00892,富邦台灣半導體,23,0,23,凱基-中港,2024-08-07,9202
9105,泰金寶-DR,25,2,23,凱基-中港,2024-08-07,9202
5347,世界,24,1,23,凱基-中港,2024-08-07,9202
6603,富強鑫,22,0,22,凱基-中港,2024-08-07,9202
00904,新光臺灣半導體30,23,2,21,凱基-中港,2024-08-07,9202
2382,廣達,39,18,21,凱基-中港,2024-08-07,9202
8411,福貞-KY,20,0,20,凱基-中港,2024-08-07,9202
0050,元大台灣50,26,8,18,凱基-中港,2024-08-07,9202
2887,台新金,27,10,17,凱基-中港,2024-08-07,9202
00931B,統一美債20年,26,10,16,凱基-中港,2024-08-07,9202
6213,聯茂,22,7,15,凱基-中港,2024-08-07,9202
00753L,中信中國50正2,201,1,200,凱基-中港,2024-08-08,9202
00679B,元大美債20年,145,0,145,凱基-中港,2024-08-08,9202
2834,臺企銀,178,49,129,凱基-中港,2024-08-08,9202
00878,國泰永續高股息,114,4,110,凱基-中港,2024-08-08,9202
00688L,國泰20年美債正2,100,0,100,凱基-中港,2024-08-08,9202
00948B,中信優息投資級債,70,0,70,凱基-中港,2024-08-08,9202
00929,復華台灣科技優息,82,13,69,凱基-中港,2024-08-08,9202
2886,兆豐金,77,11,66,凱基-中港,2024-08-08,9202
2892,第一金,59,1,58,凱基-中港,2024-08-08,9202
2317,鴻海,140,83,57,凱基-中港,2024-08-08,9202
2365,昆盈,169,112,57,凱基-中港,2024-08-08,9202
2515,中工,55,1,54,凱基-中港,2024-08-08,9202
2409,友達,68,19,49,凱基-中港,2024-08-08,9202
3481,群創,113,64,49,凱基-中港,2024-08-08,9202
00945B,凱基美國非投等債,46,0,46,凱基-中港,2024-08-08,9202
2615,萬海,89,46,43,凱基-中港,2024-08-08,9202
00632R,元大台灣50反1,278,237,41,凱基-中港,2024-08-08,9202
00937B,群益ESG投等債20,75,35,40,凱基-中港,2024-08-08,9202
00919,群益台灣精選高息,39,4,35,凱基-中港,2024-08-08,9202
2485,兆赫,30,0,30,凱基-中港,2024-08-08,9202
2382,廣達,40,10,30,凱基-中港,2024-08-08,9202
00933B,國泰10Y+金融債,28,1,27,凱基-中港,2024-08-08,9202
1326,台化,31,4,27,凱基-中港,2024-08-08,9202
2537,聯上發,27,1,26,凱基-中港,2024-08-08,9202
2330,台積電,37,13,24,凱基-中港,2024-08-08,9202
00685L,群益臺灣加權正2,50,26,24,凱基-中港,2024-08-08,9202
00881,國泰台灣5G+,22,0,22,凱基-中港,2024-08-08,9202
0056,元大高股息,34,13,21,凱基-中港,2024-08-08,9202
2461,光群雷,21,0,21,凱基-中港,2024-08-08,9202
00902,中信電池及儲能,21,0,21,凱基-中港,2024-08-08,9202
2897A,王道銀甲特,20,0,20,凱基-中港,2024-08-08,9202
5876,上海商銀,21,1,20,凱基-中港,2024-08-08,9202
00631L,元大台灣50正2,25,5,20,凱基-中港,2024-08-08,9202
00900,富邦特選高股息30,19,0,19,凱基-中港,2024-08-08,9202
5452,佶優,19,0,19,凱基-中港,2024-08-08,9202
3491,昇達科,22,4,18,凱基-中港,2024-08-08,9202
3030,德律,18,0,18,凱基-中港,2024-08-08,9202
1540,喬福,56,38,18,凱基-中港,2024-08-08,9202
1532,勤美,17,0,17,凱基-中港,2024-08-08,9202
3050,鈺德,17,0,17,凱基-中港,2024-08-08,9202
00640L,富邦日本正2,28,11,17,凱基-中港,2024-08-08,9202
2489,瑞軒,44,27,17,凱基-中港,2024-08-08,9202
4510,高鋒,54,37,17,凱基-中港,2024-08-08,9202
00941,中信上游半導體,16,0,16,凱基-中港,2024-08-08,9202
2634,漢翔,23,7,16,凱基-中港,2024-08-08,9202
2501,國建,15,0,15,凱基-中港,2024-08-08,9202
6165,浪凡,15,0,15,凱基-中港,2024-08-08,9202
4952,凌通,15,0,15,凱基-中港,2024-08-08,9202
1301,台塑,16,2,14,凱基-中港,2024-08-08,9202
5351,鈺創,13,0,13,凱基-中港,2024-08-08,9202
2888,新光金,246,51,195,凱基-中港,2024-08-09,9202
00937B,群益ESG投等債20,225,34,191,凱基-中港,2024-08-09,9202
00878,國泰永續高股息,235,53,182,凱基-中港,2024-08-09,9202
00632R,元大台灣50反1,343,212,131,凱基-中港,2024-08-09,9202
00929,復華台灣科技優息,160,39,121,凱基-中港,2024-08-09,9202
00680L,元大美債20正2,107,0,107,凱基-中港,2024-08-09,9202
2353,宏��,130,35,95,凱基-中港,2024-08-09,9202
00720B,元大投資級公司債,91,3,88,凱基-中港,2024-08-09,9202
00688L,國泰20年美債正2,86,6,80,凱基-中港,2024-08-09,9202
2489,瑞軒,83,20,63,凱基-中港,2024-08-09,9202
00948B,中信優息投資級債,60,0,60,凱基-中港,2024-08-09,9202
00945B,凱基美國非投等債,60,2,58,凱基-中港,2024-08-09,9202
2887,台新金,56,0,56,凱基-中港,2024-08-09,9202
00706L,期元大S＆P日圓正2,55,0,55,凱基-中港,2024-08-09,9202
2409,友達,70,15,55,凱基-中港,2024-08-09,9202
3211,順達,50,0,50,凱基-中港,2024-08-09,9202
00679B,元大美債20年,152,110,42,凱基-中港,2024-08-09,9202
00665L,富邦�琤肭磪囓�2,40,0,40,凱基-中港,2024-08-09,9202
4564,元翎,59,22,37,凱基-中港,2024-08-09,9202
00911,兆豐洲際半導體,50,15,35,凱基-中港,2024-08-09,9202
00687B,國泰20年美債,46,12,34,凱基-中港,2024-08-09,9202
00950B,凱基A級公司債,32,0,32,凱基-中港,2024-08-09,9202
2431,聯昌,30,0,30,凱基-中港,2024-08-09,9202
00951,台新日本半導體,27,0,27,凱基-中港,2024-08-09,9202
00933B,國泰10Y+金融債,28,3,25,凱基-中港,2024-08-09,9202
00795B,中信美國公債20年,24,0,24,凱基-中港,2024-08-09,9202
4510,高鋒,25,1,24,凱基-中港,2024-08-09,9202
6603,富強鑫,24,1,23,凱基-中港,2024-08-09,9202
0056,元大高股息,30,8,22,凱基-中港,2024-08-09,9202
3006,晶豪科,33,11,22,凱基-中港,2024-08-09,9202
00830,國泰費城半導體,24,2,22,凱基-中港,2024-08-09,9202
2301,光寶科,26,5,21,凱基-中港,2024-08-09,9202
2501,國建,21,0,21,凱基-中港,2024-08-09,9202
2485,兆赫,21,0,21,凱基-中港,2024-08-09,9202
2504,國產,20,0,20,凱基-中港,2024-08-09,9202
2897,王道銀行,20,0,20,凱基-中港,2024-08-09,9202
2515,中工,20,1,19,凱基-中港,2024-08-09,9202
5309,系統電,19,0,19,凱基-中港,2024-08-09,9202
2834,臺企銀,74,56,18,凱基-中港,2024-08-09,9202
2892,第一金,18,0,18,凱基-中港,2024-08-09,9202
00949,復華日本龍頭,18,0,18,凱基-中港,2024-08-09,9202
2615,萬海,109,92,17,凱基-中港,2024-08-09,9202
4432,銘旺實,17,0,17,凱基-中港,2024-08-09,9202
2354,鴻準,22,6,16,凱基-中港,2024-08-09,9202
3522,御嵿,18,2,16,凱基-中港,2024-08-09,9202
2002,中鋼,21,6,15,凱基-中港,2024-08-09,9202
2609,陽明,54,38,16,凱基-中港,2024-08-09,9202
6274,台燿,78,63,15,凱基-中港,2024-08-09,9202
00910,第一金太空衛星,15,0,15,凱基-中港,2024-08-09,9202
2313,華通,43,29,14,凱基-中港,2024-08-09,9202
2317,鴻海,1397,57,1340,凱基-中港,2024-08-12,9202
00632R,元大台灣50反1,803,395,408,凱基-中港,2024-08-12,9202
00637L,元大滬深300正2,201,0,201,凱基-中港,2024-08-12,9202
00680L,元大美債20正2,194,1,193,凱基-中港,2024-08-12,9202
2888,新光金,202,32,170,凱基-中港,2024-08-12,9202
00687B,國泰20年美債,169,18,151,凱基-中港,2024-08-12,9202
3024,憶聲,148,24,124,凱基-中港,2024-08-12,9202
00679B,元大美債20年,82,0,82,凱基-中港,2024-08-12,9202
00878,國泰永續高股息,73,4,69,凱基-中港,2024-08-12,9202
00664R,國泰臺灣加權反1,63,0,63,凱基-中港,2024-08-12,9202
2429,銘旺科,62,2,60,凱基-中港,2024-08-12,9202
00929,復華台灣科技優息,90,36,54,凱基-中港,2024-08-12,9202
2312,金寶,120,69,51,凱基-中港,2024-08-12,9202
3047,訊舟,49,7,42,凱基-中港,2024-08-12,9202
2365,昆盈,91,49,42,凱基-中港,2024-08-12,9202
3481,群創,57,17,40,凱基-中港,2024-08-12,9202
2891,中信金,38,3,35,凱基-中港,2024-08-12,9202
00937B,群益ESG投等債20,54,21,33,凱基-中港,2024-08-12,9202
1314,中石化,32,1,31,凱基-中港,2024-08-12,9202
00945B,凱基美國非投等債,30,0,30,凱基-中港,2024-08-12,9202
2501,國建,30,0,30,凱基-中港,2024-08-12,9202
2882,國泰金,33,4,29,凱基-中港,2024-08-12,9202
2353,宏��,35,6,29,凱基-中港,2024-08-12,9202
00857B,永豐20年美公債,28,0,28,凱基-中港,2024-08-12,9202
2489,瑞軒,41,14,27,凱基-中港,2024-08-12,9202
2359,所羅門,107,82,25,凱基-中港,2024-08-12,9202
4174,浩鼎,31,6,25,凱基-中港,2024-08-12,9202
6290,良維,22,0,22,凱基-中港,2024-08-12,9202
1301,台塑,20,0,20,凱基-中港,2024-08-12,9202
1307,三芳,21,1,20,凱基-中港,2024-08-12,9202
2618,長榮航,49,29,20,凱基-中港,2024-08-12,9202
5202,力新,20,1,19,凱基-中港,2024-08-12,9202
3048,益登,22,4,18,凱基-中港,2024-08-12,9202
2520,冠德,20,2,18,凱基-中港,2024-08-12,9202
2883,凱基金,21,4,17,凱基-中港,2024-08-12,9202
1597,直得,60,43,17,凱基-中港,2024-08-12,9202
2402,毅嘉,16,0,16,凱基-中港,2024-08-12,9202
3715,定穎投控,18,3,15,凱基-中港,2024-08-12,9202
4510,高鋒,16,1,15,凱基-中港,2024-08-12,9202
3019,亞光,50,36,14,凱基-中港,2024-08-12,9202
8011,台通,18,4,14,凱基-中港,2024-08-12,9202
9906,欣巴巴,18,4,14,凱基-中港,2024-08-12,9202
2313,華通,15,2,13,凱基-中港,2024-08-12,9202
3131,弘塑,13,1,12,凱基-中港,2024-08-12,9202
8358,金居,14,3,11,凱基-中港,2024-08-12,9202
1536,和大,30,19,11,凱基-中港,2024-08-12,9202
3645,達邁,10,0,10,凱基-中港,2024-08-12,9202
00882,中信中國高股息,30,20,10,凱基-中港,2024-08-12,9202
2323,中環,10,0,10,凱基-中港,2024-08-12,9202
00934,中信成長高股息,10,0,10,凱基-中港,2024-08-12,9202
2886,兆豐金,3123,0,3123,凱基-中港,2024-08-13,9202
2834,臺企銀,182,2,180,凱基-中港,2024-08-13,9202
00951,台新日本半導體,167,0,167,凱基-中港,2024-08-13,9202
2801,彰銀,167,2,165,凱基-中港,2024-08-13,9202
2615,萬海,99,10,89,凱基-中港,2024-08-13,9202
2880,華南金,83,1,82,凱基-中港,2024-08-13,9202
1101,台泥,89,9,80,凱基-中港,2024-08-13,9202
3047,訊舟,81,16,65,凱基-中港,2024-08-13,9202
00637L,元大滬深300正2,50,0,50,凱基-中港,2024-08-13,9202
9935,慶豐富,59,11,48,凱基-中港,2024-08-13,9202
00679B,元大美債20年,65,20,45,凱基-中港,2024-08-13,9202
00795B,中信美國公債20年,43,0,43,凱基-中港,2024-08-13,9202
4576,大銀微系統,41,2,39,凱基-中港,2024-08-13,9202
3535,晶彩科,112,76,36,凱基-中港,2024-08-13,9202
2883,凱基金,50,14,36,凱基-中港,2024-08-13,9202
2609,陽明,62,27,35,凱基-中港,2024-08-13,9202
00929,復華台灣科技優息,47,12,35,凱基-中港,2024-08-13,9202
2429,銘旺科,40,6,34,凱基-中港,2024-08-13,9202
2603,長榮,55,22,33,凱基-中港,2024-08-13,9202
4716,大立,30,0,30,凱基-中港,2024-08-13,9202
1513,中興電,46,16,30,凱基-中港,2024-08-13,9202
2543,皇昌,54,27,27,凱基-中港,2024-08-13,9202
00664R,國泰臺灣加權反1,26,0,26,凱基-中港,2024-08-13,9202
1326,台化,27,2,25,凱基-中港,2024-08-13,9202
00945B,凱基美國非投等債,23,0,23,凱基-中港,2024-08-13,9202
2891,中信金,24,2,22,凱基-中港,2024-08-13,9202
6877,鏵友益,23,2,21,凱基-中港,2024-08-13,9202
00687B,國泰20年美債,35,15,20,凱基-中港,2024-08-13,9202
3484,崧騰,20,0,20,凱基-中港,2024-08-13,9202
3481,群創,83,64,19,凱基-中港,2024-08-13,9202
1536,和大,40,21,19,凱基-中港,2024-08-13,9202
2867,三商壽,19,2,17,凱基-中港,2024-08-13,9202
00712,復華富時不動產,16,0,16,凱基-中港,2024-08-13,9202
2890,永豐金,18,2,16,凱基-中港,2024-08-13,9202
2501,國建,15,0,15,凱基-中港,2024-08-13,9202
4960,誠美材,15,0,15,凱基-中港,2024-08-13,9202
3013,晟銘電,51,37,14,凱基-中港,2024-08-13,9202
00881,國泰台灣5G+,14,0,14,凱基-中港,2024-08-13,9202
4726,永昕,14,0,14,凱基-中港,2024-08-13,9202
6754,匯僑設計,13,0,13,凱基-中港,2024-08-13,9202
6207,雷科,16,3,13,凱基-中港,2024-08-13,9202
9945,潤泰新,18,5,13,凱基-中港,2024-08-13,9202
1795,美時,12,0,12,凱基-中港,2024-08-13,9202
00919,群益台灣精選高息,13,1,12,凱基-中港,2024-08-13,9202
00937B,群益ESG投等債20,27,16,11,凱基-中港,2024-08-13,9202
2353,宏��,32,21,11,凱基-中港,2024-08-13,9202
3380,明泰,11,0,11,凱基-中港,2024-08-13,9202
6603,富強鑫,12,1,11,凱基-中港,2024-08-13,9202
00688L,國泰20年美債正2,11,0,11,凱基-中港,2024-08-13,9202
2882,國泰金,21,11,10,凱基-中港,2024-08-13,9202
00688L,國泰20年美債正2,1364,2,1362,凱基-中港,2024-08-14,9202
00680L,元大美債20正2,955,3,952,凱基-中港,2024-08-14,9202
2887,台新金,186,15,171,凱基-中港,2024-08-14,9202
2504,國產,150,1,149,凱基-中港,2024-08-14,9202
00687B,國泰20年美債,141,18,123,凱基-中港,2024-08-14,9202
3230,錦明,74,2,72,凱基-中港,2024-08-14,9202
00679B,元大美債20年,66,3,63,凱基-中港,2024-08-14,9202
00929,復華台灣科技優息,89,29,60,凱基-中港,2024-08-14,9202
3481,群創,409,353,56,凱基-中港,2024-08-14,9202
00900,富邦特選高股息30,65,10,55,凱基-中港,2024-08-14,9202
4716,大立,47,0,47,凱基-中港,2024-08-14,9202
00665L,富邦�琤肭磪囓�2,45,0,45,凱基-中港,2024-08-14,9202
4562,穎漢,87,45,42,凱基-中港,2024-08-14,9202
00882,中信中國高股息,35,0,35,凱基-中港,2024-08-14,9202
00878,國泰永續高股息,47,12,35,凱基-中港,2024-08-14,9202
00673R,期元大S＆P原油反1,33,0,33,凱基-中港,2024-08-14,9202
3013,晟銘電,79,48,31,凱基-中港,2024-08-14,9202
2881,富邦金,39,11,28,凱基-中港,2024-08-14,9202
2401,凌陽,35,8,27,凱基-中港,2024-08-14,9202
00932,兆豐永續高息等權,28,1,27,凱基-中港,2024-08-14,9202
3030,德律,29,3,26,凱基-中港,2024-08-14,9202
4526,東台,26,1,25,凱基-中港,2024-08-14,9202
2324,仁寶,29,4,25,凱基-中港,2024-08-14,9202
2349,錸德,144,119,25,凱基-中港,2024-08-14,9202
3033,威健,25,2,23,凱基-中港,2024-08-14,9202
3706,神達,22,0,22,凱基-中港,2024-08-14,9202
1446,宏和,36,15,21,凱基-中港,2024-08-14,9202
8110,華東,21,0,21,凱基-中港,2024-08-14,9202
3019,亞光,46,27,19,凱基-中港,2024-08-14,9202
6290,良維,34,16,18,凱基-中港,2024-08-14,9202
2356,英業達,40,23,17,凱基-中港,2024-08-14,9202
9938,百和,16,0,16,凱基-中港,2024-08-14,9202
8028,昇陽半導體,67,51,16,凱基-中港,2024-08-14,9202
00940,元大台灣價值高息,24,9,15,凱基-中港,2024-08-14,9202
1536,和大,19,4,15,凱基-中港,2024-08-14,9202
1570,力肯,16,2,14,凱基-中港,2024-08-14,9202
6219,富旺,16,2,14,凱基-中港,2024-08-14,9202
3498,陽程,21,7,14,凱基-中港,2024-08-14,9202
5493,三聯,13,0,13,凱基-中港,2024-08-14,9202
2464,盟立,49,37,12,凱基-中港,2024-08-14,9202
3006,晶豪科,12,0,12,凱基-中港,2024-08-14,9202
1321,大洋,12,0,12,凱基-中港,2024-08-14,9202
8043,蜜望實,44,32,12,凱基-中港,2024-08-14,9202
1532,勤美,11,0,11,凱基-中港,2024-08-14,9202
4402,郡都開發,11,0,11,凱基-中港,2024-08-14,9202
2530,華建,11,0,11,凱基-中港,2024-08-14,9202
4555,氣立,11,0,11,凱基-中港,2024-08-14,9202
2834,臺企銀,43,32,11,凱基-中港,2024-08-14,9202
00795B,中信美國公債20年,11,1,10,凱基-中港,2024-08-14,9202
4958,臻鼎-KY,12,2,10,凱基-中港,2024-08-14,9202
00632R,元大台灣50反1,313,23,290,凱基-中港,2024-08-15,9202
00948B,中信優息投資級債,220,3,217,凱基-中港,2024-08-15,9202
00688L,國泰20年美債正2,230,51,179,凱基-中港,2024-08-15,9202
2801,彰銀,132,0,132,凱基-中港,2024-08-15,9202
2002,中鋼,129,11,118,凱基-中港,2024-08-15,9202
00687B,國泰20年美債,81,0,81,凱基-中港,2024-08-15,9202
4561,健椿,80,5,75,凱基-中港,2024-08-15,9202
4510,高鋒,70,0,70,凱基-中港,2024-08-15,9202
00891,中信關鍵半導體,68,15,53,凱基-中港,2024-08-15,9202
00679B,元大美債20年,73,21,52,凱基-中港,2024-08-15,9202
2409,友達,51,3,48,凱基-中港,2024-08-15,9202
6807,峰源-KY,43,0,43,凱基-中港,2024-08-15,9202
00900,富邦特選高股息30,45,5,40,凱基-中港,2024-08-15,9202
1785,光洋科,92,54,38,凱基-中港,2024-08-15,9202
00929,復華台灣科技優息,40,5,35,凱基-中港,2024-08-15,9202
00945B,凱基美國非投等債,44,10,34,凱基-中港,2024-08-15,9202
3673,TPK-KY,35,2,33,凱基-中港,2024-08-15,9202
00878,國泰永續高股息,89,57,32,凱基-中港,2024-08-15,9202
00881,國泰台灣5G+,32,0,32,凱基-中港,2024-08-15,9202
1301,台塑,32,1,31,凱基-中港,2024-08-15,9202
2303,聯電,40,10,30,凱基-中港,2024-08-15,9202
9935,慶豐富,43,13,30,凱基-中港,2024-08-15,9202
1527,鑽全,34,5,29,凱基-中港,2024-08-15,9202
3645,達邁,61,32,29,凱基-中港,2024-08-15,9202
3284,太普高,38,10,28,凱基-中港,2024-08-15,9202
4716,大立,25,0,25,凱基-中港,2024-08-15,9202
2880,華南金,24,0,24,凱基-中港,2024-08-15,9202
8011,台通,25,1,24,凱基-中港,2024-08-15,9202
1609,大亞,25,2,23,凱基-中港,2024-08-15,9202
00676R,富邦臺灣加權反1,23,0,23,凱基-中港,2024-08-15,9202
3019,亞光,104,82,22,凱基-中港,2024-08-15,9202
4714,永捷,21,0,21,凱基-中港,2024-08-15,9202
00764B,群益25年美債,20,0,20,凱基-中港,2024-08-15,9202
1563,巧新,20,0,20,凱基-中港,2024-08-15,9202
00673R,期元大S＆P原油反1,20,0,20,凱基-中港,2024-08-15,9202
00683L,期元大美元指正2,20,0,20,凱基-中港,2024-08-15,9202
2812,台中銀,20,0,20,凱基-中港,2024-08-15,9202
6461,益得,22,3,19,凱基-中港,2024-08-15,9202
2362,藍天,26,9,17,凱基-中港,2024-08-15,9202
6505,台塑化,16,0,16,凱基-中港,2024-08-15,9202
3715,定穎投控,35,19,16,凱基-中港,2024-08-15,9202
1101,台泥,16,0,16,凱基-中港,2024-08-15,9202
2495,普安,15,0,15,凱基-中港,2024-08-15,9202
3492,長盛,15,1,14,凱基-中港,2024-08-15,9202
3303,岱稜,20,7,13,凱基-中港,2024-08-15,9202
2884,玉山金,13,0,13,凱基-中港,2024-08-15,9202
2892,第一金,13,0,13,凱基-中港,2024-08-15,9202
3663,鑫科,53,40,13,凱基-中港,2024-08-15,9202
00934,中信成長高股息,12,0,12,凱基-中港,2024-08-15,9202
2105,正新,12,0,12,凱基-中港,2024-08-15,9202
00632R,元大台灣50反1,496,70,426,凱基-中港,2024-08-16,9202
00688L,國泰20年美債正2,185,0,185,凱基-中港,2024-08-16,9202
00937B,群益ESG投等債20,109,9,100,凱基-中港,2024-08-16,9202
00687B,國泰20年美債,120,21,99,凱基-中港,2024-08-16,9202
00929,復華台灣科技優息,100,15,85,凱基-中港,2024-08-16,9202
00679B,元大美債20年,78,2,76,凱基-中港,2024-08-16,9202
00795B,中信美國公債20年,73,0,73,凱基-中港,2024-08-16,9202
00665L,富邦�琤肭磪囓�2,75,10,65,凱基-中港,2024-08-16,9202
2323,中環,83,34,49,凱基-中港,2024-08-16,9202
6757,台灣虎航,47,1,46,凱基-中港,2024-08-16,9202
00650L,復華香港正2,45,0,45,凱基-中港,2024-08-16,9202
5498,凱崴,41,0,41,凱基-中港,2024-08-16,9202
2489,瑞軒,139,102,37,凱基-中港,2024-08-16,9202
4906,正文,128,94,34,凱基-中港,2024-08-16,9202
8096,擎亞,241,207,34,凱基-中港,2024-08-16,9202
2891,中信金,41,9,32,凱基-中港,2024-08-16,9202
2002,中鋼,38,7,31,凱基-中港,2024-08-16,9202
2867,三商壽,31,3,28,凱基-中港,2024-08-16,9202
2618,長榮航,32,4,28,凱基-中港,2024-08-16,9202
3492,長盛,25,0,25,凱基-中港,2024-08-16,9202
00945B,凱基美國非投等債,35,10,25,凱基-中港,2024-08-16,9202
00764B,群益25年美債,23,0,23,凱基-中港,2024-08-16,9202
3167,大量,28,7,21,凱基-中港,2024-08-16,9202
4174,浩鼎,20,0,20,凱基-中港,2024-08-16,9202
00931B,統一美債20年,19,0,19,凱基-中港,2024-08-16,9202
2363,矽統,32,14,18,凱基-中港,2024-08-16,9202
5340,建榮,20,2,18,凱基-中港,2024-08-16,9202
00673R,期元大S＆P原油反1,17,0,17,凱基-中港,2024-08-16,9202
6187,萬潤,34,17,17,凱基-中港,2024-08-16,9202
1326,台化,23,8,15,凱基-中港,2024-08-16,9202
8043,蜜望實,70,55,15,凱基-中港,2024-08-16,9202
3712,永崴投控,17,3,14,凱基-中港,2024-08-16,9202
5443,均豪,84,70,14,凱基-中港,2024-08-16,9202
00900,富邦特選高股息30,13,0,13,凱基-中港,2024-08-16,9202
2890,永豐金,14,1,13,凱基-中港,2024-08-16,9202
3715,定穎投控,26,14,12,凱基-中港,2024-08-16,9202
6499,益安,12,0,12,凱基-中港,2024-08-16,9202
4540,全球傳動,17,5,12,凱基-中港,2024-08-16,9202
2356,英業達,49,38,11,凱基-中港,2024-08-16,9202
2845,遠東銀,10,0,10,凱基-中港,2024-08-16,9202
1307,三芳,10,0,10,凱基-中港,2024-08-16,9202
1563,巧新,10,0,10,凱基-中港,2024-08-16,9202
8261,富鼎,40,30,10,凱基-中港,2024-08-16,9202
00948B,中信優息投資級債,10,0,10,凱基-中港,2024-08-16,9202
2897,王道銀行,10,0,10,凱基-中港,2024-08-16,9202
00950B,凱基A級公司債,10,0,10,凱基-中港,2024-08-16,9202
6603,富強鑫,12,2,10,凱基-中港,2024-08-16,9202
2023,燁輝,10,0,10,凱基-中港,2024-08-16,9202
00669R,國泰美國道瓊反1,10,0,10,凱基-中港,2024-08-16,9202
6284,佳邦,15,5,10,凱基-中港,2024-08-16,9202
00751B,元大AAA至A公司債,162,0,162,凱基-中港,2024-08-19,9202
00937B,群益ESG投等債20,142,1,141,凱基-中港,2024-08-19,9202
00687B,國泰20年美債,131,5,126,凱基-中港,2024-08-19,9202
9935,慶豐富,115,0,115,凱基-中港,2024-08-19,9202
00679B,元大美債20年,116,5,111,凱基-中港,2024-08-19,9202
00795B,中信美國公債20年,53,0,53,凱基-中港,2024-08-19,9202
4157,太景*-KY,50,0,50,凱基-中港,2024-08-19,9202
2405,輔信,160,110,50,凱基-中港,2024-08-19,9202
2002,中鋼,50,3,47,凱基-中港,2024-08-19,9202
2374,佳能,69,23,46,凱基-中港,2024-08-19,9202
00950B,凱基A級公司債,45,0,45,凱基-中港,2024-08-19,9202
00940,元大台灣價值高息,52,16,36,凱基-中港,2024-08-19,9202
1785,光洋科,53,18,35,凱基-中港,2024-08-19,9202
00632R,元大台灣50反1,108,73,35,凱基-中港,2024-08-19,9202
4906,正文,68,34,34,凱基-中港,2024-08-19,9202
00706L,期元大S＆P日圓正2,31,0,31,凱基-中港,2024-08-19,9202
8473,山林水,28,0,28,凱基-中港,2024-08-19,9202
2365,昆盈,71,46,25,凱基-中港,2024-08-19,9202
00934,中信成長高股息,33,9,24,凱基-中港,2024-08-19,9202
2312,金寶,101,78,23,凱基-中港,2024-08-19,9202
6757,台灣虎航,33,11,22,凱基-中港,2024-08-19,9202
4564,元翎,42,20,22,凱基-中港,2024-08-19,9202
3284,太普高,22,0,22,凱基-中港,2024-08-19,9202
3324,雙鴻,24,4,20,凱基-中港,2024-08-19,9202
2890,永豐金,20,0,20,凱基-中港,2024-08-19,9202
00753L,中信中國50正2,30,10,20,凱基-中港,2024-08-19,9202
2610,華航,20,0,20,凱基-中港,2024-08-19,9202
00948B,中信優息投資級債,50,30,20,凱基-中港,2024-08-19,9202
00676R,富邦臺灣加權反1,20,0,20,凱基-中港,2024-08-19,9202
8028,昇陽半導體,95,75,20,凱基-中港,2024-08-19,9202
2354,鴻準,58,38,20,凱基-中港,2024-08-19,9202
4533,協易機,19,0,19,凱基-中港,2024-08-19,9202
00915,凱基優選高股息30,19,0,19,凱基-中港,2024-08-19,9202
6215,和椿,39,20,19,凱基-中港,2024-08-19,9202
2323,中環,28,10,18,凱基-中港,2024-08-19,9202
2382,廣達,26,8,18,凱基-中港,2024-08-19,9202
2332,友訊,17,0,17,凱基-中港,2024-08-19,9202
5498,凱崴,18,1,17,凱基-中港,2024-08-19,9202
6770,力積電,16,0,16,凱基-中港,2024-08-19,9202
3450,聯鈞,38,23,15,凱基-中港,2024-08-19,9202
3078,僑威,15,0,15,凱基-中港,2024-08-19,9202
5202,力新,14,0,14,凱基-中港,2024-08-19,9202
3230,錦明,14,0,14,凱基-中港,2024-08-19,9202
8011,台通,18,4,14,凱基-中港,2024-08-19,9202
5351,鈺創,14,0,14,凱基-中港,2024-08-19,9202
9907,統一實,40,26,14,凱基-中港,2024-08-19,9202
00720B,元大投資級公司債,13,1,12,凱基-中港,2024-08-19,9202
00857B,永豐20年美公債,12,0,12,凱基-中港,2024-08-19,9202
6609,瀧澤科,56,44,12,凱基-中港,2024-08-19,9202
3234,光環,12,0,12,凱基-中港,2024-08-19,9202
2312,金寶,131,1,130,凱基-中港,2024-08-20,9202
2489,瑞軒,145,32,113,凱基-中港,2024-08-20,9202
00679B,元大美債20年,120,20,100,凱基-中港,2024-08-20,9202
9935,慶豐富,84,0,84,凱基-中港,2024-08-20,9202
00688L,國泰20年美債正2,80,0,80,凱基-中港,2024-08-20,9202
00687B,國泰20年美債,91,13,78,凱基-中港,2024-08-20,9202
00715L,期街口布蘭特正2,55,0,55,凱基-中港,2024-08-20,9202
1785,光洋科,148,101,47,凱基-中港,2024-08-20,9202
2365,昆盈,119,73,46,凱基-中港,2024-08-20,9202
2401,凌陽,62,17,45,凱基-中港,2024-08-20,9202
3078,僑威,46,1,45,凱基-中港,2024-08-20,9202
00929,復華台灣科技優息,45,4,41,凱基-中港,2024-08-20,9202
2609,陽明,44,5,39,凱基-中港,2024-08-20,9202
2303,聯電,53,21,32,凱基-中港,2024-08-20,9202
00706L,期元大S＆P日圓正2,30,0,30,凱基-中港,2024-08-20,9202
00669R,國泰美國道瓊反1,30,0,30,凱基-中港,2024-08-20,9202
4510,高鋒,30,0,30,凱基-中港,2024-08-20,9202
8028,昇陽半導體,182,153,29,凱基-中港,2024-08-20,9202
2476,鉅祥,30,1,29,凱基-中港,2024-08-20,9202
00680L,元大美債20正2,27,0,27,凱基-中港,2024-08-20,9202
0050,元大台灣50,28,1,27,凱基-中港,2024-08-20,9202
2356,英業達,34,7,27,凱基-中港,2024-08-20,9202
2883,凱基金,57,31,26,凱基-中港,2024-08-20,9202
00795B,中信美國公債20年,25,0,25,凱基-中港,2024-08-20,9202
6188,廣明,66,42,24,凱基-中港,2024-08-20,9202
4563,百德,33,11,22,凱基-中港,2024-08-20,9202
5481,新華,22,0,22,凱基-中港,2024-08-20,9202
3715,定穎投控,34,12,22,凱基-中港,2024-08-20,9202
2891,中信金,23,2,21,凱基-中港,2024-08-20,9202
2002,中鋼,23,2,21,凱基-中港,2024-08-20,9202
6179,亞通,21,0,21,凱基-中港,2024-08-20,9202
2402,毅嘉,22,1,21,凱基-中港,2024-08-20,9202
00948B,中信優息投資級債,20,0,20,凱基-中港,2024-08-20,9202
00650L,復華香港正2,50,30,20,凱基-中港,2024-08-20,9202
3707,漢磊,26,7,19,凱基-中港,2024-08-20,9202
00918,大華優利高填息30,19,1,18,凱基-中港,2024-08-20,9202
2359,所羅門,40,23,17,凱基-中港,2024-08-20,9202
3653,健策,18,2,16,凱基-中港,2024-08-20,9202
1321,大洋,16,0,16,凱基-中港,2024-08-20,9202
1326,台化,27,11,16,凱基-中港,2024-08-20,9202
4402,郡都開發,15,0,15,凱基-中港,2024-08-20,9202
2464,盟立,36,22,14,凱基-中港,2024-08-20,9202
6218,豪勉,15,1,14,凱基-中港,2024-08-20,9202
2429,銘旺科,14,0,14,凱基-中港,2024-08-20,9202
2743,山富,14,0,14,凱基-中港,2024-08-20,9202
00633L,富邦上証正2,13,0,13,凱基-中港,2024-08-20,9202
6125,廣運,18,5,13,凱基-中港,2024-08-20,9202
2388,威盛,20,7,13,凱基-中港,2024-08-20,9202
00915,凱基優選高股息30,22,9,13,凱基-中港,2024-08-20,9202
5469,瀚宇博,12,0,12,凱基-中港,2024-08-20,9202
2888,新光金,2066,381,1685,凱基-中港,2024-08-21,9202
00680L,元大美債20正2,738,0,738,凱基-中港,2024-08-21,9202
00953B,群益優選非投等債,407,0,407,凱基-中港,2024-08-21,9202
2891,中信金,235,5,230,凱基-中港,2024-08-21,9202
1584,精剛,238,51,187,凱基-中港,2024-08-21,9202
00632R,元大台灣50反1,125,40,85,凱基-中港,2024-08-21,9202
1785,光洋科,106,26,80,凱基-中港,2024-08-21,9202
8096,擎亞,115,38,77,凱基-中港,2024-08-21,9202
2312,金寶,139,66,73,凱基-中港,2024-08-21,9202
1711,永光,77,4,73,凱基-中港,2024-08-21,9202
4707,磐亞,65,0,65,凱基-中港,2024-08-21,9202
00687B,國泰20年美債,72,10,62,凱基-中港,2024-08-21,9202
3059,華晶科,75,15,60,凱基-中港,2024-08-21,9202
00940,元大台灣價值高息,62,7,55,凱基-中港,2024-08-21,9202
6757,台灣虎航,58,3,55,凱基-中港,2024-08-21,9202
3535,晶彩科,58,10,48,凱基-中港,2024-08-21,9202
6187,萬潤,45,0,45,凱基-中港,2024-08-21,9202
00679B,元大美債20年,46,4,42,凱基-中港,2024-08-21,9202
00929,復華台灣科技優息,90,50,40,凱基-中港,2024-08-21,9202
6016,康和證,40,0,40,凱基-中港,2024-08-21,9202
6156,松上,35,1,34,凱基-中港,2024-08-21,9202
3202,樺晟,31,0,31,凱基-中港,2024-08-21,9202
2354,鴻準,72,41,31,凱基-中港,2024-08-21,9202
1307,三芳,30,0,30,凱基-中港,2024-08-21,9202
2002,中鋼,37,8,29,凱基-中港,2024-08-21,9202
4513,福裕,25,3,22,凱基-中港,2024-08-21,9202
9935,慶豐富,21,0,21,凱基-中港,2024-08-21,9202
00915,凱基優選高股息30,23,3,20,凱基-中港,2024-08-21,9202
5905,南仁湖,81,61,20,凱基-中港,2024-08-21,9202
3036,文曄,20,0,20,凱基-中港,2024-08-21,9202
00715L,期街口布蘭特正2,19,0,19,凱基-中港,2024-08-21,9202
9906,欣巴巴,19,0,19,凱基-中港,2024-08-21,9202
2543,皇昌,24,5,19,凱基-中港,2024-08-21,9202
2344,華邦電,23,4,19,凱基-中港,2024-08-21,9202
2330,台積電,20,2,18,凱基-中港,2024-08-21,9202
00945B,凱基美國非投等債,17,0,17,凱基-中港,2024-08-21,9202
00753L,中信中國50正2,19,2,17,凱基-中港,2024-08-21,9202
8089,康全電訊,28,12,16,凱基-中港,2024-08-21,9202
00650L,復華香港正2,16,0,16,凱基-中港,2024-08-21,9202
8033,雷虎,15,0,15,凱基-中港,2024-08-21,9202
6227,茂綸,14,0,14,凱基-中港,2024-08-21,9202
2405,輔信,15,1,14,凱基-中港,2024-08-21,9202
8390,金益鼎,16,2,14,凱基-中港,2024-08-21,9202
6869,雲豹能源,38,25,13,凱基-中港,2024-08-21,9202
6188,廣明,53,40,13,凱基-中港,2024-08-21,9202
00638R,元大滬深300反1,13,0,13,凱基-中港,2024-08-21,9202
2228,劍麟,13,0,13,凱基-中港,2024-08-21,9202
5263,智崴,19,6,13,凱基-中港,2024-08-21,9202
5880,合庫金,13,0,13,凱基-中港,2024-08-21,9202
00719B,元大美債1-3,13,0,13,凱基-中港,2024-08-21,9202
00942B,台新美A公司債20+,100,0,100,凱基-中港,2024-08-22,9202
2891,中信金,150,57,93,凱基-中港,2024-08-22,9202
00665L,富邦�琤肭磪囓�2,82,0,82,凱基-中港,2024-08-22,9202
2489,瑞軒,84,7,77,凱基-中港,2024-08-22,9202
00753L,中信中國50正2,70,0,70,凱基-中港,2024-08-22,9202
5443,均豪,113,51,62,凱基-中港,2024-08-22,9202
00688L,國泰20年美債正2,54,0,54,凱基-中港,2024-08-22,9202
2883,凱基金,52,3,49,凱基-中港,2024-08-22,9202
2317,鴻海,51,13,38,凱基-中港,2024-08-22,9202
1717,長興,49,11,38,凱基-中港,2024-08-22,9202
00650L,復華香港正2,36,0,36,凱基-中港,2024-08-22,9202
4906,正文,63,30,33,凱基-中港,2024-08-22,9202
00947,台新臺灣IC設計,30,0,30,凱基-中港,2024-08-22,9202
6179,亞通,31,1,30,凱基-中港,2024-08-22,9202
00715L,期街口布蘭特正2,31,2,29,凱基-中港,2024-08-22,9202
2867,三商壽,26,1,25,凱基-中港,2024-08-22,9202
00687B,國泰20年美債,23,0,23,凱基-中港,2024-08-22,9202
3047,訊舟,48,26,22,凱基-中港,2024-08-22,9202
6411,晶焱,21,0,21,凱基-中港,2024-08-22,9202
00915,凱基優選高股息30,21,0,21,凱基-中港,2024-08-22,9202
1514,亞力,43,23,20,凱基-中港,2024-08-22,9202
5905,南仁湖,29,9,20,凱基-中港,2024-08-22,9202
4711,永純,22,2,20,凱基-中港,2024-08-22,9202
6177,達麗,20,0,20,凱基-中港,2024-08-22,9202
00642U,期元大S＆P石油,19,0,19,凱基-中港,2024-08-22,9202
00940,元大台灣價值高息,20,3,17,凱基-中港,2024-08-22,9202
2890,永豐金,17,0,17,凱基-中港,2024-08-22,9202
00878,國泰永續高股息,17,0,17,凱基-中港,2024-08-22,9202
00933B,國泰10Y+金融債,22,5,17,凱基-中港,2024-08-22,9202
4566,時碩工業,19,2,17,凱基-中港,2024-08-22,9202
9105,泰金寶-DR,20,3,17,凱基-中港,2024-08-22,9202
3712,永崴投控,19,3,16,凱基-中港,2024-08-22,9202
00638R,元大滬深300反1,16,0,16,凱基-中港,2024-08-22,9202
4533,協易機,16,0,16,凱基-中港,2024-08-22,9202
00911,兆豐洲際半導體,15,0,15,凱基-中港,2024-08-22,9202
00951,台新日本半導體,45,30,15,凱基-中港,2024-08-22,9202
3024,憶聲,15,0,15,凱基-中港,2024-08-22,9202
3276,宇環,15,0,15,凱基-中港,2024-08-22,9202
00909,國泰數位支付服務,15,0,15,凱基-中港,2024-08-22,9202
2363,矽統,19,4,15,凱基-中港,2024-08-22,9202
2062,橋椿,22,8,14,凱基-中港,2024-08-22,9202
2382,廣達,13,0,13,凱基-中港,2024-08-22,9202
9935,慶豐富,13,0,13,凱基-中港,2024-08-22,9202
2812,台中銀,13,0,13,凱基-中港,2024-08-22,9202
6505,台塑化,12,0,12,凱基-中港,2024-08-22,9202
6125,廣運,16,4,12,凱基-中港,2024-08-22,9202
2362,藍天,11,0,11,凱基-中港,2024-08-22,9202
2442,新美齊,11,0,11,凱基-中港,2024-08-22,9202
8096,擎亞,23,12,11,凱基-中港,2024-08-22,9202
8028,昇陽半導體,46,35,11,凱基-中港,2024-08-22,9202
4510,高鋒,320,0,320,凱基-中港,2024-08-23,9202
00632R,元大台灣50反1,430,161,269,凱基-中港,2024-08-23,9202
9935,慶豐富,176,6,170,凱基-中港,2024-08-23,9202
2888,新光金,3212,3062,150,凱基-中港,2024-08-23,9202
2891,中信金,151,7,144,凱基-中港,2024-08-23,9202
00687B,國泰20年美債,139,3,136,凱基-中港,2024-08-23,9202
2317,鴻海,126,20,106,凱基-中港,2024-08-23,9202
2905,三商,75,1,74,凱基-中港,2024-08-23,9202
1314,中石化,78,12,66,凱基-中港,2024-08-23,9202
00650L,復華香港正2,50,0,50,凱基-中港,2024-08-23,9202
2504,國產,48,3,45,凱基-中港,2024-08-23,9202
2851,中再保,45,1,44,凱基-中港,2024-08-23,9202
00688L,國泰20年美債正2,40,0,40,凱基-中港,2024-08-23,9202
2883,凱基金,45,8,37,凱基-中港,2024-08-23,9202
00936,台新永續高息中小,35,0,35,凱基-中港,2024-08-23,9202
00947,台新臺灣IC設計,30,0,30,凱基-中港,2024-08-23,9202
4526,東台,31,1,30,凱基-中港,2024-08-23,9202
5324,士開,30,0,30,凱基-中港,2024-08-23,9202
2362,藍天,43,15,28,凱基-中港,2024-08-23,9202
00919,群益台灣精選高息,28,0,28,凱基-中港,2024-08-23,9202
4729,熒茂,43,17,26,凱基-中港,2024-08-23,9202
1711,永光,49,24,25,凱基-中港,2024-08-23,9202
6235,華孚,26,2,24,凱基-中港,2024-08-23,9202
1326,台化,29,8,21,凱基-中港,2024-08-23,9202
2405,輔信,22,1,21,凱基-中港,2024-08-23,9202
5512,力麒,20,0,20,凱基-中港,2024-08-23,9202
1217,愛之味,20,0,20,凱基-中港,2024-08-23,9202
00664R,國泰臺灣加權反1,20,0,20,凱基-中港,2024-08-23,9202
2867,三商壽,21,1,20,凱基-中港,2024-08-23,9202
00679B,元大美債20年,21,1,20,凱基-中港,2024-08-23,9202
00937B,群益ESG投等債20,18,0,18,凱基-中港,2024-08-23,9202
3652,精聯,20,2,18,凱基-中港,2024-08-23,9202
0056,元大高股息,27,10,17,凱基-中港,2024-08-23,9202
00929,復華台灣科技優息,32,14,18,凱基-中港,2024-08-23,9202
00631L,元大台灣50正2,19,2,17,凱基-中港,2024-08-23,9202
00830,國泰費城半導體,18,1,17,凱基-中港,2024-08-23,9202
3013,晟銘電,70,55,15,凱基-中港,2024-08-23,9202
4303,信立,17,2,15,凱基-中港,2024-08-23,9202
00640L,富邦日本正2,15,0,15,凱基-中港,2024-08-23,9202
3312,弘憶股,20,5,15,凱基-中港,2024-08-23,9202
2344,華邦電,40,25,15,凱基-中港,2024-08-23,9202
00915,凱基優選高股息30,14,0,14,凱基-中港,2024-08-23,9202
1709,和益,17,3,14,凱基-中港,2024-08-23,9202
00685L,群益臺灣加權正2,18,4,14,凱基-中港,2024-08-23,9202
2303,聯電,37,23,14,凱基-中港,2024-08-23,9202
3189,景碩,34,20,14,凱基-中港,2024-08-23,9202
1336,台翰,22,9,13,凱基-中港,2024-08-23,9202
4111,濟生,13,0,13,凱基-中港,2024-08-23,9202
4711,永純,24,11,13,凱基-中港,2024-08-23,9202
3078,僑威,13,0,13,凱基-中港,2024-08-23,9202
2888,新光金,2626,1959,667,凱基-中港,2024-08-26,9202
4510,高鋒,600,30,570,凱基-中港,2024-08-26,9202
2402,毅嘉,486,151,335,凱基-中港,2024-08-26,9202
4561,健椿,114,16,98,凱基-中港,2024-08-26,9202
00632R,元大台灣50反1,332,235,97,凱基-中港,2024-08-26,9202
6125,廣運,87,0,87,凱基-中港,2024-08-26,9202
00687B,國泰20年美債,80,0,80,凱基-中港,2024-08-26,9202
2891,中信金,77,5,72,凱基-中港,2024-08-26,9202
00679B,元大美債20年,70,6,64,凱基-中港,2024-08-26,9202
2439,美律,66,6,60,凱基-中港,2024-08-26,9202
00680L,元大美債20正2,50,0,50,凱基-中港,2024-08-26,9202
2881,富邦金,48,4,44,凱基-中港,2024-08-26,9202
2303,聯電,51,8,43,凱基-中港,2024-08-26,9202
2409,友達,53,12,41,凱基-中港,2024-08-26,9202
00948B,中信優息投資級債,40,0,40,凱基-中港,2024-08-26,9202
00882,中信中國高股息,50,10,40,凱基-中港,2024-08-26,9202
9105,泰金寶-DR,54,21,33,凱基-中港,2024-08-26,9202
1316,上曜,33,1,32,凱基-中港,2024-08-26,9202
00929,復華台灣科技優息,79,48,31,凱基-中港,2024-08-26,9202
00753L,中信中國50正2,100,70,30,凱基-中港,2024-08-26,9202
1475,業旺,30,0,30,凱基-中港,2024-08-26,9202
2356,英業達,30,5,25,凱基-中港,2024-08-26,9202
4979,華星光,26,1,25,凱基-中港,2024-08-26,9202
2376,技嘉,41,16,25,凱基-中港,2024-08-26,9202
8021,尖點,25,1,24,凱基-中港,2024-08-26,9202
2425,承啟,23,0,23,凱基-中港,2024-08-26,9202
2399,映泰,21,0,21,凱基-中港,2024-08-26,9202
3260,威剛,22,1,21,凱基-中港,2024-08-26,9202
2417,圓剛,40,20,20,凱基-中港,2024-08-26,9202
3062,建漢,21,1,20,凱基-中港,2024-08-26,9202
2317,鴻海,47,28,19,凱基-中港,2024-08-26,9202
2605,新興,20,2,18,凱基-中港,2024-08-26,9202
3615,安可,21,5,16,凱基-中港,2024-08-26,9202
5443,均豪,144,129,15,凱基-中港,2024-08-26,9202
00795B,中信美國公債20年,18,3,15,凱基-中港,2024-08-26,9202
2441,超豐,15,0,15,凱基-中港,2024-08-26,9202
4967,十銓,22,8,14,凱基-中港,2024-08-26,9202
8104,錸寶,13,0,13,凱基-中港,2024-08-26,9202
00937B,群益ESG投等債20,23,10,13,凱基-中港,2024-08-26,9202
3163,波若威,23,10,13,凱基-中港,2024-08-26,9202
2313,華通,19,7,12,凱基-中港,2024-08-26,9202
00919,群益台灣精選高息,14,2,12,凱基-中港,2024-08-26,9202
2501,國建,11,0,11,凱基-中港,2024-08-26,9202
1795,美時,11,0,11,凱基-中港,2024-08-26,9202
3047,訊舟,27,17,10,凱基-中港,2024-08-26,9202
6937,天虹,11,1,10,凱基-中港,2024-08-26,9202
00933B,國泰10Y+金融債,15,5,10,凱基-中港,2024-08-26,9202
2913,農林,10,0,10,凱基-中港,2024-08-26,9202
2845,遠東銀,10,0,10,凱基-中港,2024-08-26,9202
8050,廣積,10,0,10,凱基-中港,2024-08-26,9202
00937B,群益ESG投等債20,271,15,256,凱基-中港,2024-08-27,9202
8039,台虹,163,27,136,凱基-中港,2024-08-27,9202
00753L,中信中國50正2,123,3,120,凱基-中港,2024-08-27,9202
3481,群創,1751,1635,116,凱基-中港,2024-08-27,9202
00688L,國泰20年美債正2,103,0,103,凱基-中港,2024-08-27,9202
2891,中信金,113,19,94,凱基-中港,2024-08-27,9202
2615,萬海,84,7,77,凱基-中港,2024-08-27,9202
00687B,國泰20年美債,74,0,74,凱基-中港,2024-08-27,9202
3673,TPK-KY,60,3,57,凱基-中港,2024-08-27,9202
00919,群益台灣精選高息,58,5,53,凱基-中港,2024-08-27,9202
00679B,元大美債20年,44,0,44,凱基-中港,2024-08-27,9202
2834,臺企銀,41,0,41,凱基-中港,2024-08-27,9202
2365,昆盈,59,20,39,凱基-中港,2024-08-27,9202
3049,精金,39,0,39,凱基-中港,2024-08-27,9202
4303,信立,89,50,39,凱基-中港,2024-08-27,9202
2353,宏��,46,10,36,凱基-中港,2024-08-27,9202
8027,鈦昇,67,35,32,凱基-中港,2024-08-27,9202
1785,光洋科,51,24,27,凱基-中港,2024-08-27,9202
00878,國泰永續高股息,25,0,25,凱基-中港,2024-08-27,9202
2883,凱基金,38,14,24,凱基-中港,2024-08-27,9202
2359,所羅門,47,23,24,凱基-中港,2024-08-27,9202
3033,威健,40,17,23,凱基-中港,2024-08-27,9202
00631L,元大台灣50正2,32,10,22,凱基-中港,2024-08-27,9202
2867,三商壽,39,17,22,凱基-中港,2024-08-27,9202
2303,聯電,34,13,21,凱基-中港,2024-08-27,9202
00934,中信成長高股息,21,0,21,凱基-中港,2024-08-27,9202
8070,長華*,71,50,21,凱基-中港,2024-08-27,9202
2501,國建,20,0,20,凱基-中港,2024-08-27,9202
9906,欣巴巴,21,1,20,凱基-中港,2024-08-27,9202
00929,復華台灣科技優息,42,22,20,凱基-中港,2024-08-27,9202
3498,陽程,24,5,19,凱基-中港,2024-08-27,9202
5538,東明-KY,19,0,19,凱基-中港,2024-08-27,9202
2317,鴻海,24,5,19,凱基-中港,2024-08-27,9202
8028,昇陽半導體,76,57,19,凱基-中港,2024-08-27,9202
1416,廣豐,18,1,17,凱基-中港,2024-08-27,9202
2402,毅嘉,181,164,17,凱基-中港,2024-08-27,9202
5498,凱崴,17,0,17,凱基-中港,2024-08-27,9202
2464,盟立,22,5,17,凱基-中港,2024-08-27,9202
3276,宇環,16,0,16,凱基-中港,2024-08-27,9202
2609,陽明,32,17,15,凱基-中港,2024-08-27,9202
0056,元大高股息,17,2,15,凱基-中港,2024-08-27,9202
2401,凌陽,15,0,15,凱基-中港,2024-08-27,9202
2603,長榮,46,31,15,凱基-中港,2024-08-27,9202
1711,永光,48,33,15,凱基-中港,2024-08-27,9202
4967,十銓,22,8,14,凱基-中港,2024-08-27,9202
3522,御嵿,14,0,14,凱基-中港,2024-08-27,9202
8121,越峰,15,1,14,凱基-中港,2024-08-27,9202
2882,國泰金,13,0,13,凱基-中港,2024-08-27,9202
5340,建榮,18,5,13,凱基-中港,2024-08-27,9202
2845,遠東銀,12,0,12,凱基-中港,2024-08-27,9202
2504,國產,170,0,170,凱基-中港,2024-08-28,9202
2002,中鋼,110,5,105,凱基-中港,2024-08-28,9202
00929,復華台灣科技優息,103,4,99,凱基-中港,2024-08-28,9202
2891,中信金,95,1,94,凱基-中港,2024-08-28,9202
00753L,中信中國50正2,89,0,89,凱基-中港,2024-08-28,9202
2417,圓剛,78,0,78,凱基-中港,2024-08-28,9202
4561,健椿,59,1,58,凱基-中港,2024-08-28,9202
00688L,國泰20年美債正2,61,5,56,凱基-中港,2024-08-28,9202
9935,慶豐富,53,0,53,凱基-中港,2024-08-28,9202
2353,宏��,43,0,43,凱基-中港,2024-08-28,9202
2880,華南金,42,0,42,凱基-中港,2024-08-28,9202
2618,長榮航,43,2,41,凱基-中港,2024-08-28,9202
4906,正文,63,23,40,凱基-中港,2024-08-28,9202
00715L,期街口布蘭特正2,41,3,38,凱基-中港,2024-08-28,9202
3550,聯穎,42,4,38,凱基-中港,2024-08-28,9202
6451,訊芯-KY,40,6,34,凱基-中港,2024-08-28,9202
4303,信立,43,10,33,凱基-中港,2024-08-28,9202
00665L,富邦�琤肭磪囓�2,30,0,30,凱基-中港,2024-08-28,9202
6143,振曜,68,39,29,凱基-中港,2024-08-28,9202
2324,仁寶,28,0,28,凱基-中港,2024-08-28,9202
5905,南仁湖,28,1,27,凱基-中港,2024-08-28,9202
2323,中環,32,5,27,凱基-中港,2024-08-28,9202
2834,臺企銀,25,1,24,凱基-中港,2024-08-28,9202
2515,中工,23,0,23,凱基-中港,2024-08-28,9202
4534,慶騰,24,1,23,凱基-中港,2024-08-28,9202
00642U,期元大S＆P石油,21,0,21,凱基-中港,2024-08-28,9202
00919,群益台灣精選高息,26,5,21,凱基-中港,2024-08-28,9202
3078,僑威,20,0,20,凱基-中港,2024-08-28,9202
00673R,期元大S＆P原油反1,20,0,20,凱基-中港,2024-08-28,9202
1301,台塑,21,1,20,凱基-中港,2024-08-28,9202
00878,國泰永續高股息,24,5,19,凱基-中港,2024-08-28,9202
1711,永光,36,19,17,凱基-中港,2024-08-28,9202
2367,燿華,38,21,17,凱基-中港,2024-08-28,9202
2062,橋椿,40,24,16,凱基-中港,2024-08-28,9202
00830,國泰費城半導體,15,0,15,凱基-中港,2024-08-28,9202
4111,濟生,15,0,15,凱基-中港,2024-08-28,9202
2609,陽明,24,9,15,凱基-中港,2024-08-28,9202
6285,啟��,15,1,14,凱基-中港,2024-08-28,9202
5538,東明-KY,24,10,14,凱基-中港,2024-08-28,9202
4174,浩鼎,14,1,13,凱基-中港,2024-08-28,9202
2337,旺宏,12,0,12,凱基-中港,2024-08-28,9202
3010,華立,14,2,12,凱基-中港,2024-08-28,9202
3062,建漢,16,4,12,凱基-中港,2024-08-28,9202
2101,南港,12,0,12,凱基-中港,2024-08-28,9202
8111,立��,34,22,12,凱基-中港,2024-08-28,9202
3231,緯創,22,10,12,凱基-中港,2024-08-28,9202
1101,台泥,11,0,11,凱基-中港,2024-08-28,9202
00915,凱基優選高股息30,11,0,11,凱基-中港,2024-08-28,9202
2615,萬海,13,2,11,凱基-中港,2024-08-28,9202
3047,訊舟,24,13,11,凱基-中港,2024-08-28,9202
00632R,元大台灣50反1,426,125,301,凱基-中港,2024-08-29,9202
2891,中信金,132,1,131,凱基-中港,2024-08-29,9202
4526,東台,194,111,83,凱基-中港,2024-08-29,9202
2515,中工,86,6,80,凱基-中港,2024-08-29,9202
2890,永豐金,76,0,76,凱基-中港,2024-08-29,9202
00959B,大華投等美債15Y+,51,0,51,凱基-中港,2024-08-29,9202
00881,國泰台灣5G+,55,5,50,凱基-中港,2024-08-29,9202
00919,群益台灣精選高息,52,11,41,凱基-中港,2024-08-29,9202
2883,凱基金,41,3,38,凱基-中港,2024-08-29,9202
4561,健椿,47,11,36,凱基-中港,2024-08-29,9202
3059,華晶科,34,1,33,凱基-中港,2024-08-29,9202
3078,僑威,31,0,31,凱基-中港,2024-08-29,9202
00687B,國泰20年美債,29,0,29,凱基-中港,2024-08-29,9202
00929,復華台灣科技優息,46,18,28,凱基-中港,2024-08-29,9202
00878,國泰永續高股息,29,1,28,凱基-中港,2024-08-29,9202
2340,台亞,36,9,27,凱基-中港,2024-08-29,9202
1711,永光,102,75,27,凱基-中港,2024-08-29,9202
3228,金麗科,26,0,26,凱基-中港,2024-08-29,9202
2880,華南金,24,0,24,凱基-中港,2024-08-29,9202
3033,威健,32,8,24,凱基-中港,2024-08-29,9202
5871,中租-KY,23,0,23,凱基-中港,2024-08-29,9202
2317,鴻海,65,42,23,凱基-中港,2024-08-29,9202
00679B,元大美債20年,23,1,22,凱基-中港,2024-08-29,9202
2845,遠東銀,21,0,21,凱基-中港,2024-08-29,9202
2330,台積電,23,4,19,凱基-中港,2024-08-29,9202
00631L,元大台灣50正2,22,3,19,凱基-中港,2024-08-29,9202
2913,農林,21,2,19,凱基-中港,2024-08-29,9202
6761,穩得,18,0,18,凱基-中港,2024-08-29,9202
3450,聯鈞,178,161,17,凱基-中港,2024-08-29,9202
2356,英業達,20,3,17,凱基-中港,2024-08-29,9202
2425,承啟,83,66,17,凱基-中港,2024-08-29,9202
2201,裕隆,16,0,16,凱基-中港,2024-08-29,9202
00751B,元大AAA至A公司債,15,0,15,凱基-中港,2024-08-29,9202
2002,中鋼,16,1,15,凱基-中港,2024-08-29,9202
2421,建準,15,0,15,凱基-中港,2024-08-29,9202
00948B,中信優息投資級債,15,0,15,凱基-中港,2024-08-29,9202
9935,慶豐富,23,9,14,凱基-中港,2024-08-29,9202
1563,巧新,13,0,13,凱基-中港,2024-08-29,9202
4510,高鋒,109,96,13,凱基-中港,2024-08-29,9202
3231,緯創,14,2,12,凱基-中港,2024-08-29,9202
2886,兆豐金,12,0,12,凱基-中港,2024-08-29,9202
2887,台新金,15,3,12,凱基-中港,2024-08-29,9202
8086,宏捷科,20,8,12,凱基-中港,2024-08-29,9202
2344,華邦電,29,17,12,凱基-中港,2024-08-29,9202
00940,元大台灣價值高息,30,19,11,凱基-中港,2024-08-29,9202
4532,瑞智,11,0,11,凱基-中港,2024-08-29,9202
6125,廣運,12,1,11,凱基-中港,2024-08-29,9202
4534,慶騰,11,0,11,凱基-中港,2024-08-29,9202
00795B,中信美國公債20年,11,0,11,凱基-中港,2024-08-29,9202
4987,科誠,11,0,11,凱基-中港,2024-08-29,9202
3481,群創,268,111,157,凱基-中港,2024-08-30,9202
2313,華通,169,28,141,凱基-中港,2024-08-30,9202
1314,中石化,177,45,132,凱基-中港,2024-08-30,9202
8096,擎亞,117,3,114,凱基-中港,2024-08-30,9202
2409,友達,110,6,104,凱基-中港,2024-08-30,9202
2367,燿華,140,43,97,凱基-中港,2024-08-30,9202
00679B,元大美債20年,94,1,93,凱基-中港,2024-08-30,9202
00959B,大華投等美債15Y+,61,0,61,凱基-中港,2024-08-30,9202
00753L,中信中國50正2,100,42,58,凱基-中港,2024-08-30,9202
2399,映泰,116,67,49,凱基-中港,2024-08-30,9202
00720B,元大投資級公司債,48,0,48,凱基-中港,2024-08-30,9202
1446,宏和,46,0,46,凱基-中港,2024-08-30,9202
00751B,元大AAA至A公司債,43,0,43,凱基-中港,2024-08-30,9202
00937B,群益ESG投等債20,51,10,41,凱基-中港,2024-08-30,9202
00687B,國泰20年美債,40,1,39,凱基-中港,2024-08-30,9202
3710,連展投控,40,3,37,凱基-中港,2024-08-30,9202
00948B,中信優息投資級債,31,0,31,凱基-中港,2024-08-30,9202
4960,誠美材,31,0,31,凱基-中港,2024-08-30,9202
2618,長榮航,30,1,29,凱基-中港,2024-08-30,9202
1711,永光,129,101,28,凱基-中港,2024-08-30,9202
3591,艾笛森,26,0,26,凱基-中港,2024-08-30,9202
00933B,國泰10Y+金融債,25,0,25,凱基-中港,2024-08-30,9202
6213,聯茂,36,11,25,凱基-中港,2024-08-30,9202
2340,台亞,26,1,25,凱基-中港,2024-08-30,9202
2886,兆豐金,23,0,23,凱基-中港,2024-08-30,9202
3466,德晉,22,0,22,凱基-中港,2024-08-30,9202
4420,光明,21,0,21,凱基-中港,2024-08-30,9202
8104,錸寶,21,0,21,凱基-中港,2024-08-30,9202
00950B,凱基A級公司債,20,0,20,凱基-中港,2024-08-30,9202
00945B,凱基美國非投等債,20,0,20,凱基-中港,2024-08-30,9202
2312,金寶,26,7,19,凱基-中港,2024-08-30,9202
6215,和椿,42,23,19,凱基-中港,2024-08-30,9202
3550,聯穎,18,0,18,凱基-中港,2024-08-30,9202
0056,元大高股息,21,4,17,凱基-中港,2024-08-30,9202
2382,廣達,17,1,16,凱基-中港,2024-08-30,9202
00936,台新永續高息中小,16,0,16,凱基-中港,2024-08-30,9202
4716,大立,29,13,16,凱基-中港,2024-08-30,9202
00638R,元大滬深300反1,16,1,15,凱基-中港,2024-08-30,9202
2477,美隆電,15,0,15,凱基-中港,2024-08-30,9202
8086,宏捷科,22,7,15,凱基-中港,2024-08-30,9202
1737,臺鹽,15,1,14,凱基-中港,2024-08-30,9202
2845,遠東銀,14,0,14,凱基-中港,2024-08-30,9202
6168,宏齊,18,4,14,凱基-中港,2024-08-30,9202
2356,英業達,15,2,13,凱基-中港,2024-08-30,9202
6125,廣運,13,0,13,凱基-中港,2024-08-30,9202
4720,德淵,17,4,13,凱基-中港,2024-08-30,9202
6761,穩得,15,2,13,凱基-中港,2024-08-30,9202
2834,臺企銀,13,0,13,凱基-中港,2024-08-30,9202
00887,永豐中國科技50大,12,0,12,凱基-中港,2024-08-30,9202
00918,大華優利高填息30,15,3,12,凱基-中港,2024-08-30,9202
1815,富喬,109,1,108,凱基-中港,2024-09-02,9202
00687B,國泰20年美債,101,1,100,凱基-中港,2024-09-02,9202
2845,遠東銀,100,0,100,凱基-中港,2024-09-02,9202
2495,普安,82,4,78,凱基-中港,2024-09-02,9202
2439,美律,81,7,74,凱基-中港,2024-09-02,9202
00715L,期街口布蘭特正2,73,0,73,凱基-中港,2024-09-02,9202
00919,群益台灣精選高息,69,7,62,凱基-中港,2024-09-02,9202
6290,良維,51,4,47,凱基-中港,2024-09-02,9202
00918,大華優利高填息30,44,0,44,凱基-中港,2024-09-02,9202
2489,瑞軒,43,0,43,凱基-中港,2024-09-02,9202
00882,中信中國高股息,38,1,37,凱基-中港,2024-09-02,9202
00679B,元大美債20年,37,1,36,凱基-中港,2024-09-02,9202
00937B,群益ESG投等債20,134,101,33,凱基-中港,2024-09-02,9202
2609,陽明,48,15,33,凱基-中港,2024-09-02,9202
00948B,中信優息投資級債,32,0,32,凱基-中港,2024-09-02,9202
3380,明泰,33,1,32,凱基-中港,2024-09-02,9202
3390,旭軟,30,0,30,凱基-中港,2024-09-02,9202
00951,台新日本半導體,30,0,30,凱基-中港,2024-09-02,9202
2486,一詮,51,22,29,凱基-中港,2024-09-02,9202
4526,東台,64,35,29,凱基-中港,2024-09-02,9202
00680L,元大美債20正2,42,15,27,凱基-中港,2024-09-02,9202
2891,中信金,56,29,27,凱基-中港,2024-09-02,9202
3715,定穎投控,28,1,27,凱基-中港,2024-09-02,9202
1326,台化,30,4,26,凱基-中港,2024-09-02,9202
00932,兆豐永續高息等權,25,0,25,凱基-中港,2024-09-02,9202
4714,永捷,23,0,23,凱基-中港,2024-09-02,9202
2402,毅嘉,34,12,22,凱基-中港,2024-09-02,9202
2605,新興,22,0,22,凱基-中港,2024-09-02,9202
4303,信立,22,0,22,凱基-中港,2024-09-02,9202
00939,統一台灣高息動能,21,0,21,凱基-中港,2024-09-02,9202
2344,華邦電,22,1,21,凱基-中港,2024-09-02,9202
00688L,國泰20年美債正2,31,10,21,凱基-中港,2024-09-02,9202
00631L,元大台灣50正2,21,1,20,凱基-中港,2024-09-02,9202
5604,中連,20,0,20,凱基-中港,2024-09-02,9202
8110,華東,20,0,20,凱基-中港,2024-09-02,9202
00665L,富邦�琤肭磪囓�2,20,0,20,凱基-中港,2024-09-02,9202
6213,聯茂,23,3,20,凱基-中港,2024-09-02,9202
3591,艾笛森,19,0,19,凱基-中港,2024-09-02,9202
1446,宏和,20,1,19,凱基-中港,2024-09-02,9202
3056,富華新,20,1,19,凱基-中港,2024-09-02,9202
8105,凌巨,21,3,18,凱基-中港,2024-09-02,9202
6165,浪凡,18,0,18,凱基-中港,2024-09-02,9202
2603,長榮,37,20,17,凱基-中港,2024-09-02,9202
3260,威剛,21,4,17,凱基-中港,2024-09-02,9202
6257,矽格,18,2,16,凱基-中港,2024-09-02,9202
00650L,復華香港正2,36,20,16,凱基-中港,2024-09-02,9202
00751B,元大AAA至A公司債,15,0,15,凱基-中港,2024-09-02,9202
5340,建榮,15,0,15,凱基-中港,2024-09-02,9202
2313,華通,28,13,15,凱基-中港,2024-09-02,9202
2615,萬海,24,10,14,凱基-中港,2024-09-02,9202
00918,大華優利高填息30,677,0,677,凱基-中港,2024-09-03,9202
00931B,統一美債20年,305,0,305,凱基-中港,2024-09-03,9202
00942B,台新美A公司債20+,300,0,300,凱基-中港,2024-09-03,9202
00720B,元大投資級公司債,210,0,210,凱基-中港,2024-09-03,9202
00696B,富邦美債20年,201,0,201,凱基-中港,2024-09-03,9202
00724B,群益投資級金融債,200,0,200,凱基-中港,2024-09-03,9202
3481,群創,130,11,119,凱基-中港,2024-09-03,9202
2002,中鋼,124,7,117,凱基-中港,2024-09-03,9202
00853B,統一美債10年Aa-,100,0,100,凱基-中港,2024-09-03,9202
00773B,中信優先金融債,100,0,100,凱基-中港,2024-09-03,9202
1815,富喬,313,216,97,凱基-中港,2024-09-03,9202
00919,群益台灣精選高息,134,40,94,凱基-中港,2024-09-03,9202
00687B,國泰20年美債,76,1,75,凱基-中港,2024-09-03,9202
9935,慶豐富,69,1,68,凱基-中港,2024-09-03,9202
8011,台通,60,5,55,凱基-中港,2024-09-03,9202
00680L,元大美債20正2,58,10,48,凱基-中港,2024-09-03,9202
2845,遠東銀,41,0,41,凱基-中港,2024-09-03,9202
00948B,中信優息投資級債,40,0,40,凱基-中港,2024-09-03,9202
4303,信立,81,42,39,凱基-中港,2024-09-03,9202
00706L,期元大S＆P日圓正2,35,0,35,凱基-中港,2024-09-03,9202
5309,系統電,33,0,33,凱基-中港,2024-09-03,9202
1301,台塑,38,5,33,凱基-中港,2024-09-03,9202
3715,定穎投控,33,1,32,凱基-中港,2024-09-03,9202
8070,長華*,37,5,32,凱基-中港,2024-09-03,9202
3062,建漢,38,7,31,凱基-中港,2024-09-03,9202
00915,凱基優選高股息30,54,24,30,凱基-中港,2024-09-03,9202
2867,三商壽,29,0,29,凱基-中港,2024-09-03,9202
00688L,國泰20年美債正2,29,0,29,凱基-中港,2024-09-03,9202
2891,中信金,30,2,28,凱基-中港,2024-09-03,9202
2882,國泰金,28,0,28,凱基-中港,2024-09-03,9202
00878,國泰永續高股息,36,12,24,凱基-中港,2024-09-03,9202
8039,台虹,23,0,23,凱基-中港,2024-09-03,9202
0056,元大高股息,25,2,23,凱基-中港,2024-09-03,9202
3149,正達,24,3,21,凱基-中港,2024-09-03,9202
6213,聯茂,54,34,20,凱基-中港,2024-09-03,9202
00725B,國泰投資級公司債,20,0,20,凱基-中港,2024-09-03,9202
1307,三芳,20,0,20,凱基-中港,2024-09-03,9202
2409,友達,30,11,19,凱基-中港,2024-09-03,9202
4571,鈞興-KY,43,26,17,凱基-中港,2024-09-03,9202
3228,金麗科,17,0,17,凱基-中港,2024-09-03,9202
2241,艾姆勒,28,11,17,凱基-中港,2024-09-03,9202
6535,順藥,16,0,16,凱基-中港,2024-09-03,9202
00679B,元大美債20年,16,0,16,凱基-中港,2024-09-03,9202
2405,輔信,18,3,15,凱基-中港,2024-09-03,9202
2323,中環,15,0,15,凱基-中港,2024-09-03,9202
8358,金居,15,0,15,凱基-中港,2024-09-03,9202
8027,鈦昇,66,52,14,凱基-中港,2024-09-03,9202
3033,威健,28,14,14,凱基-中港,2024-09-03,9202
00640L,富邦日本正2,14,0,14,凱基-中港,2024-09-03,9202
2515,中工,14,0,14,凱基-中港,2024-09-03,9202
2891,中信金,423,2,421,凱基-中港,2024-09-04,9202
00919,群益台灣精選高息,236,4,232,凱基-中港,2024-09-04,9202
00945B,凱基美國非投等債,205,5,200,凱基-中港,2024-09-04,9202
00940,元大台灣價值高息,140,8,132,凱基-中港,2024-09-04,9202
00918,大華優利高填息30,132,0,132,凱基-中港,2024-09-04,9202
00878,國泰永續高股息,127,21,106,凱基-中港,2024-09-04,9202
2330,台積電,110,6,104,凱基-中港,2024-09-04,9202
2845,遠東銀,104,0,104,凱基-中港,2024-09-04,9202
2849,安泰銀,100,0,100,凱基-中港,2024-09-04,9202
6757,台灣虎航,105,34,71,凱基-中港,2024-09-04,9202
00915,凱基優選高股息30,75,5,70,凱基-中港,2024-09-04,9202
3481,群創,77,9,68,凱基-中港,2024-09-04,9202
00631L,元大台灣50正2,90,24,66,凱基-中港,2024-09-04,9202
9935,慶豐富,62,0,62,凱基-中港,2024-09-04,9202
2883,凱基金,93,39,54,凱基-中港,2024-09-04,9202
6165,浪凡,50,0,50,凱基-中港,2024-09-04,9202
1321,大洋,50,0,50,凱基-中港,2024-09-04,9202
00679B,元大美債20年,64,17,47,凱基-中港,2024-09-04,9202
6530,創威,54,7,47,凱基-中港,2024-09-04,9202
00934,中信成長高股息,45,0,45,凱基-中港,2024-09-04,9202
2303,聯電,66,24,42,凱基-中港,2024-09-04,9202
00715L,期街口布蘭特正2,41,0,41,凱基-中港,2024-09-04,9202
00941,中信上游半導體,39,0,39,凱基-中港,2024-09-04,9202
2887,台新金,34,0,34,凱基-中港,2024-09-04,9202
3231,緯創,62,29,33,凱基-中港,2024-09-04,9202
2886,兆豐金,32,0,32,凱基-中港,2024-09-04,9202
2610,華航,32,2,30,凱基-中港,2024-09-04,9202
5328,華容,30,0,30,凱基-中港,2024-09-04,9202
00713,元大台灣高息低波,30,0,30,凱基-中港,2024-09-04,9202
00881,國泰台灣5G+,29,0,29,凱基-中港,2024-09-04,9202
2801,彰銀,28,0,28,凱基-中港,2024-09-04,9202
2002,中鋼,28,0,28,凱基-中港,2024-09-04,9202
2812,台中銀,28,0,28,凱基-中港,2024-09-04,9202
1301,台塑,47,20,27,凱基-中港,2024-09-04,9202
4111,濟生,27,0,27,凱基-中港,2024-09-04,9202
2371,大同,30,4,26,凱基-中港,2024-09-04,9202
2344,華邦電,40,14,26,凱基-中港,2024-09-04,9202
2340,台亞,26,0,26,凱基-中港,2024-09-04,9202
1785,光洋科,32,7,25,凱基-中港,2024-09-04,9202
2382,廣達,39,15,24,凱基-中港,2024-09-04,9202
1563,巧新,24,0,24,凱基-中港,2024-09-04,9202
5469,瀚宇博,27,3,24,凱基-中港,2024-09-04,9202
6217,中探針,24,0,24,凱基-中港,2024-09-04,9202
2317,鴻海,51,28,23,凱基-中港,2024-09-04,9202
00931B,統一美債20年,32,10,22,凱基-中港,2024-09-04,9202
9105,泰金寶-DR,24,2,22,凱基-中港,2024-09-04,9202
00675L,富邦臺灣加權正2,40,19,21,凱基-中港,2024-09-04,9202
2352,佳世達,20,0,20,凱基-中港,2024-09-04,9202
2408,南亞科,26,6,20,凱基-中港,2024-09-04,9202
3037,欣興,20,0,20,凱基-中港,2024-09-04,9202
2317,鴻海,1878,34,1844,凱基-中港,2024-09-05,9202
00632R,元大台灣50反1,1050,180,870,凱基-中港,2024-09-05,9202
2888,新光金,287,95,192,凱基-中港,2024-09-05,9202
2886,兆豐金,162,10,152,凱基-中港,2024-09-05,9202
00919,群益台灣精選高息,145,6,139,凱基-中港,2024-09-05,9202
1776,展宇,184,51,133,凱基-中港,2024-09-05,9202
00715L,期街口布蘭特正2,130,0,130,凱基-中港,2024-09-05,9202
3481,群創,132,9,123,凱基-中港,2024-09-05,9202
00915,凱基優選高股息30,63,0,63,凱基-中港,2024-09-05,9202
2344,華邦電,64,12,52,凱基-中港,2024-09-05,9202
00687B,國泰20年美債,48,3,45,凱基-中港,2024-09-05,9202
00929,復華台灣科技優息,118,73,45,凱基-中港,2024-09-05,9202
2834,臺企銀,62,20,42,凱基-中港,2024-09-05,9202
00918,大華優利高填息30,53,11,42,凱基-中港,2024-09-05,9202
2002,中鋼,42,0,42,凱基-中港,2024-09-05,9202
00665L,富邦�琤肭磪囓�2,40,0,40,凱基-中港,2024-09-05,9202
4510,高鋒,282,242,40,凱基-中港,2024-09-05,9202
00940,元大台灣價值高息,137,101,36,凱基-中港,2024-09-05,9202
2464,盟立,154,119,35,凱基-中港,2024-09-05,9202
2495,普安,38,3,35,凱基-中港,2024-09-05,9202
2431,聯昌,35,0,35,凱基-中港,2024-09-05,9202
00942B,台新美A公司債20+,40,6,34,凱基-中港,2024-09-05,9202
1584,精剛,30,0,30,凱基-中港,2024-09-05,9202
3581,博磊,37,8,29,凱基-中港,2024-09-05,9202
5460,同協,31,2,29,凱基-中港,2024-09-05,9202
3047,訊舟,39,10,29,凱基-中港,2024-09-05,9202
4906,正文,28,2,26,凱基-中港,2024-09-05,9202
00712,復華富時不動產,26,0,26,凱基-中港,2024-09-05,9202
1303,南亞,25,0,25,凱基-中港,2024-09-05,9202
9945,潤泰新,26,2,24,凱基-中港,2024-09-05,9202
2501,國建,58,36,22,凱基-中港,2024-09-05,9202
00951,台新日本半導體,98,76,22,凱基-中港,2024-09-05,9202
6218,豪勉,21,0,21,凱基-中港,2024-09-05,9202
3049,精金,20,0,20,凱基-中港,2024-09-05,9202
00878,國泰永續高股息,33,13,20,凱基-中港,2024-09-05,9202
2867,三商壽,18,0,18,凱基-中港,2024-09-05,9202
00642U,期元大S＆P石油,18,0,18,凱基-中港,2024-09-05,9202
2382,廣達,24,6,18,凱基-中港,2024-09-05,9202
8091,翔名,20,2,18,凱基-中港,2024-09-05,9202
1301,台塑,17,0,17,凱基-中港,2024-09-05,9202
3591,艾笛森,17,0,17,凱基-中港,2024-09-05,9202
3715,定穎投控,18,1,17,凱基-中港,2024-09-05,9202
4958,臻鼎-KY,18,2,16,凱基-中港,2024-09-05,9202
00941,中信上游半導體,15,0,15,凱基-中港,2024-09-05,9202
6213,聯茂,18,3,15,凱基-中港,2024-09-05,9202
5386,青雲,14,0,14,凱基-中港,2024-09-05,9202
6191,精成科,14,0,14,凱基-中港,2024-09-05,9202
0056,元大高股息,14,0,14,凱基-中港,2024-09-05,9202
6761,穩得,25,12,13,凱基-中港,2024-09-05,9202
1712,興農,12,0,12,凱基-中港,2024-09-05,9202
00688L,國泰20年美債正2,1311,0,1311,凱基-中港,2024-09-06,9202
00632R,元大台灣50反1,86,0,86,凱基-中港,2024-09-06,9202
00687B,國泰20年美債,77,0,77,凱基-中港,2024-09-06,9202
00951,台新日本半導體,72,0,72,凱基-中港,2024-09-06,9202
4566,時碩工業,75,9,66,凱基-中港,2024-09-06,9202
1785,光洋科,62,10,52,凱基-中港,2024-09-06,9202
00715L,期街口布蘭特正2,51,0,51,凱基-中港,2024-09-06,9202
3663,鑫科,61,10,51,凱基-中港,2024-09-06,9202
00941,中信上游半導體,60,11,49,凱基-中港,2024-09-06,9202
1815,富喬,89,43,46,凱基-中港,2024-09-06,9202
00937B,群益ESG投等債20,73,27,46,凱基-中港,2024-09-06,9202
2431,聯昌,42,0,42,凱基-中港,2024-09-06,9202
3230,錦明,53,16,37,凱基-中港,2024-09-06,9202
00918,大華優利高填息30,36,0,36,凱基-中港,2024-09-06,9202
2002,中鋼,47,15,32,凱基-中港,2024-09-06,9202
4979,華星光,29,0,29,凱基-中港,2024-09-06,9202
00952,凱基台灣AI50,37,10,27,凱基-中港,2024-09-06,9202
5306,桂盟,27,0,27,凱基-中港,2024-09-06,9202
2317,鴻海,58,33,25,凱基-中港,2024-09-06,9202
1718,中纖,25,1,24,凱基-中港,2024-09-06,9202
2408,南亞科,24,0,24,凱基-中港,2024-09-06,9202
2332,友訊,26,4,22,凱基-中港,2024-09-06,9202
5443,均豪,91,69,22,凱基-中港,2024-09-06,9202
6405,悅城,46,24,22,凱基-中港,2024-09-06,9202
1319,東陽,21,0,21,凱基-中港,2024-09-06,9202
2374,佳能,20,0,20,凱基-中港,2024-09-06,9202
3607,谷崧,20,0,20,凱基-中港,2024-09-06,9202
2905,三商,20,0,20,凱基-中港,2024-09-06,9202
2457,飛宏,20,1,19,凱基-中港,2024-09-06,9202
00915,凱基優選高股息30,19,0,19,凱基-中港,2024-09-06,9202
3231,緯創,43,25,18,凱基-中港,2024-09-06,9202
2489,瑞軒,30,13,17,凱基-中港,2024-09-06,9202
8011,台通,22,6,16,凱基-中港,2024-09-06,9202
00882,中信中國高股息,22,7,15,凱基-中港,2024-09-06,9202
5328,華容,15,0,15,凱基-中港,2024-09-06,9202
6244,茂迪,15,0,15,凱基-中港,2024-09-06,9202
2812,台中銀,15,0,15,凱基-中港,2024-09-06,9202
00680L,元大美債20正2,42,29,13,凱基-中港,2024-09-06,9202
3437,榮創,20,9,11,凱基-中港,2024-09-06,9202
2313,華通,14,3,11,凱基-中港,2024-09-06,9202
00948B,中信優息投資級債,11,0,11,凱基-中港,2024-09-06,9202
1806,冠軍,16,5,11,凱基-中港,2024-09-06,9202
1434,福懋,11,0,11,凱基-中港,2024-09-06,9202
2337,旺宏,12,2,10,凱基-中港,2024-09-06,9202
1584,精剛,11,1,10,凱基-中港,2024-09-06,9202
8936,國統,10,0,10,凱基-中港,2024-09-06,9202
4958,臻鼎-KY,11,1,10,凱基-中港,2024-09-06,9202
3046,建��,10,0,10,凱基-中港,2024-09-06,9202
5604,中連,10,0,10,凱基-中港,2024-09-06,9202
3049,精金,10,0,10,凱基-中港,2024-09-06,9202
2317,鴻海,742,17,725,凱基-中港,2024-09-09,9202
00919,群益台灣精選高息,210,0,210,凱基-中港,2024-09-09,9202
2409,友達,113,2,111,凱基-中港,2024-09-09,9202
00929,復華台灣科技優息,95,2,93,凱基-中港,2024-09-09,9202
00679B,元大美債20年,95,7,88,凱基-中港,2024-09-09,9202
00753L,中信中國50正2,83,0,83,凱基-中港,2024-09-09,9202
00688L,國泰20年美債正2,82,0,82,凱基-中港,2024-09-09,9202
00915,凱基優選高股息30,83,10,73,凱基-中港,2024-09-09,9202
2886,兆豐金,60,1,59,凱基-中港,2024-09-09,9202
3230,錦明,46,0,46,凱基-中港,2024-09-09,9202
00878,國泰永續高股息,41,1,40,凱基-中港,2024-09-09,9202
2891,中信金,42,2,40,凱基-中港,2024-09-09,9202
2426,鼎元,48,8,40,凱基-中港,2024-09-09,9202
3715,定穎投控,68,29,39,凱基-中港,2024-09-09,9202
00715L,期街口布蘭特正2,37,0,37,凱基-中港,2024-09-09,9202
00930,永豐ESG低碳高息,37,0,37,凱基-中港,2024-09-09,9202
2303,聯電,40,7,33,凱基-中港,2024-09-09,9202
6148,驊宏資,32,0,32,凱基-中港,2024-09-09,9202
00940,元大台灣價值高息,45,13,32,凱基-中港,2024-09-09,9202
1514,亞力,33,3,30,凱基-中港,2024-09-09,9202
3523,迎輝,28,0,28,凱基-中港,2024-09-09,9202
2812,台中銀,25,0,25,凱基-中港,2024-09-09,9202
1708,東鹼,25,0,25,凱基-中港,2024-09-09,9202
2892,第一金,25,1,24,凱基-中港,2024-09-09,9202
2330,台積電,31,7,24,凱基-中港,2024-09-09,9202
00687B,國泰20年美債,45,22,23,凱基-中港,2024-09-09,9202
4958,臻鼎-KY,23,0,23,凱基-中港,2024-09-09,9202
2408,南亞科,43,21,22,凱基-中港,2024-09-09,9202
1532,勤美,22,0,22,凱基-中港,2024-09-09,9202
2464,盟立,27,5,22,凱基-中港,2024-09-09,9202
00941,中信上游半導體,21,0,21,凱基-中港,2024-09-09,9202
2881,富邦金,22,0,22,凱基-中港,2024-09-09,9202
1444,力麗,21,0,21,凱基-中港,2024-09-09,9202
2882,國泰金,21,1,20,凱基-中港,2024-09-09,9202
5009,榮剛,20,0,20,凱基-中港,2024-09-09,9202
2387,精元,20,0,20,凱基-中港,2024-09-09,9202
3703,欣陸,20,0,20,凱基-中港,2024-09-09,9202
00881,國泰台灣5G+,20,0,20,凱基-中港,2024-09-09,9202
8249,菱光,35,16,19,凱基-中港,2024-09-09,9202
2883,凱基金,23,5,18,凱基-中港,2024-09-09,9202
4111,濟生,18,0,18,凱基-中港,2024-09-09,9202
6530,創威,22,5,17,凱基-中港,2024-09-09,9202
6770,力積電,17,0,17,凱基-中港,2024-09-09,9202
2002,中鋼,19,3,16,凱基-中港,2024-09-09,9202
00948B,中信優息投資級債,16,0,16,凱基-中港,2024-09-09,9202
5469,瀚宇博,16,0,16,凱基-中港,2024-09-09,9202
4714,永捷,19,3,16,凱基-中港,2024-09-09,9202
0056,元大高股息,19,3,16,凱基-中港,2024-09-09,9202
8076,伍豐,48,33,15,凱基-中港,2024-09-09,9202
2497,怡利電,29,16,13,凱基-中港,2024-09-09,9202
2317,鴻海,730,26,704,凱基-中港,2024-09-10,9202
00687B,國泰20年美債,604,39,565,凱基-中港,2024-09-10,9202
00929,復華台灣科技優息,165,10,155,凱基-中港,2024-09-10,9202
00753L,中信中國50正2,119,22,97,凱基-中港,2024-09-10,9202
00919,群益台灣精選高息,106,15,91,凱基-中港,2024-09-10,9202
2891,中信金,102,16,86,凱基-中港,2024-09-10,9202
00878,國泰永續高股息,71,10,61,凱基-中港,2024-09-10,9202
00948B,中信優息投資級債,58,0,58,凱基-中港,2024-09-10,9202
2402,毅嘉,60,6,54,凱基-中港,2024-09-10,9202
9945,潤泰新,59,6,53,凱基-中港,2024-09-10,9202
3481,群創,55,2,53,凱基-中港,2024-09-10,9202
2382,廣達,57,12,45,凱基-中港,2024-09-10,9202
00942B,台新美A公司債20+,42,0,42,凱基-中港,2024-09-10,9202
6187,萬潤,42,6,36,凱基-中港,2024-09-10,9202
2344,華邦電,37,2,35,凱基-中港,2024-09-10,9202
5443,均豪,59,24,35,凱基-中港,2024-09-10,9202
0056,元大高股息,41,8,33,凱基-中港,2024-09-10,9202
1605,華新,35,2,33,凱基-中港,2024-09-10,9202
2303,聯電,35,5,30,凱基-中港,2024-09-10,9202
3523,迎輝,30,0,30,凱基-中港,2024-09-10,9202
6790,永豐實,30,0,30,凱基-中港,2024-09-10,9202
00915,凱基優選高股息30,30,2,28,凱基-中港,2024-09-10,9202
00632R,元大台灣50反1,47,20,27,凱基-中港,2024-09-10,9202
00918,大華優利高填息30,27,0,27,凱基-中港,2024-09-10,9202
00952,凱基台灣AI50,26,0,26,凱基-中港,2024-09-10,9202
2014,中鴻,26,0,26,凱基-中港,2024-09-10,9202
2905,三商,105,80,25,凱基-中港,2024-09-10,9202
2801,彰銀,22,0,22,凱基-中港,2024-09-10,9202
2002,中鋼,32,11,21,凱基-中港,2024-09-10,9202
1584,精剛,23,2,21,凱基-中港,2024-09-10,9202
2609,陽明,24,4,20,凱基-中港,2024-09-10,9202
3703,欣陸,20,0,20,凱基-中港,2024-09-10,9202
8104,錸寶,20,0,20,凱基-中港,2024-09-10,9202
00665L,富邦�琤肭磪囓�2,20,0,20,凱基-中港,2024-09-10,9202
8011,台通,23,4,19,凱基-中港,2024-09-10,9202
4111,濟生,19,0,19,凱基-中港,2024-09-10,9202
00680L,元大美債20正2,19,1,18,凱基-中港,2024-09-10,9202
1717,長興,21,3,18,凱基-中港,2024-09-10,9202
2399,映泰,24,6,18,凱基-中港,2024-09-10,9202
1609,大亞,21,4,17,凱基-中港,2024-09-10,9202
1532,勤美,21,4,17,凱基-中港,2024-09-10,9202
4952,凌通,17,0,17,凱基-中港,2024-09-10,9202
00939,統一台灣高息動能,16,0,16,凱基-中港,2024-09-10,9202
8064,東捷,22,6,16,凱基-中港,2024-09-10,9202
8390,金益鼎,16,0,16,凱基-中港,2024-09-10,9202
2465,麗臺,21,6,15,凱基-中港,2024-09-10,9202
2388,威盛,15,0,15,凱基-中港,2024-09-10,9202
6505,台塑化,17,3,14,凱基-中港,2024-09-10,9202
1326,台化,31,17,14,凱基-中港,2024-09-10,9202
00930,永豐ESG低碳高息,14,0,14,凱基-中港,2024-09-10,9202
00688L,國泰20年美債正2,1332,52,1280,凱基-中港,2024-09-11,9202
00687B,國泰20年美債,275,47,228,凱基-中港,2024-09-11,9202
00751B,元大AAA至A公司債,203,0,203,凱基-中港,2024-09-11,9202
2317,鴻海,192,16,176,凱基-中港,2024-09-11,9202
00931B,統一美債20年,153,1,152,凱基-中港,2024-09-11,9202
00942B,台新美A公司債20+,150,0,150,凱基-中港,2024-09-11,9202
00680L,元大美債20正2,255,125,130,凱基-中港,2024-09-11,9202
00753L,中信中國50正2,112,6,106,凱基-中港,2024-09-11,9202
1101,台泥,103,1,102,凱基-中港,2024-09-11,9202
00945B,凱基美國非投等債,57,0,57,凱基-中港,2024-09-11,9202
2891,中信金,51,0,51,凱基-中港,2024-09-11,9202
3354,律勝,42,0,42,凱基-中港,2024-09-11,9202
9945,潤泰新,40,0,40,凱基-中港,2024-09-11,9202
3707,漢磊,42,3,39,凱基-中港,2024-09-11,9202
00930,永豐ESG低碳高息,36,0,36,凱基-中港,2024-09-11,9202
2014,中鴻,35,0,35,凱基-中港,2024-09-11,9202
2883,凱基金,50,16,34,凱基-中港,2024-09-11,9202
4566,時碩工業,40,6,34,凱基-中港,2024-09-11,9202
00919,群益台灣精選高息,35,2,33,凱基-中港,2024-09-11,9202
00706L,期元大S＆P日圓正2,32,0,32,凱基-中港,2024-09-11,9202
00642U,期元大S＆P石油,32,0,32,凱基-中港,2024-09-11,9202
00941,中信上游半導體,30,0,30,凱基-中港,2024-09-11,9202
2607,榮運,30,0,30,凱基-中港,2024-09-11,9202
00940,元大台灣價值高息,26,0,26,凱基-中港,2024-09-11,9202
2002,中鋼,39,13,26,凱基-中港,2024-09-11,9202
1584,精剛,26,3,23,凱基-中港,2024-09-11,9202
6517,保勝光學,21,0,21,凱基-中港,2024-09-11,9202
1532,勤美,22,1,21,凱基-中港,2024-09-11,9202
3046,建��,21,0,21,凱基-中港,2024-09-11,9202
3024,憶聲,20,0,20,凱基-中港,2024-09-11,9202
3704,合勤控,20,0,20,凱基-中港,2024-09-11,9202
1734,杏輝,20,0,20,凱基-中港,2024-09-11,9202
3703,欣陸,20,0,20,凱基-中港,2024-09-11,9202
6757,台灣虎航,19,0,19,凱基-中港,2024-09-11,9202
1605,華新,25,6,19,凱基-中港,2024-09-11,9202
00713,元大台灣高息低波,18,0,18,凱基-中港,2024-09-11,9202
2497,怡利電,41,24,17,凱基-中港,2024-09-11,9202
00882,中信中國高股息,21,5,16,凱基-中港,2024-09-11,9202
00948B,中信優息投資級債,16,0,16,凱基-中港,2024-09-11,9202
2353,宏��,17,1,16,凱基-中港,2024-09-11,9202
3003,健和興,17,1,16,凱基-中港,2024-09-11,9202
2330,台積電,17,2,15,凱基-中港,2024-09-11,9202
3550,聯穎,15,0,15,凱基-中港,2024-09-11,9202
00915,凱基優選高股息30,26,12,14,凱基-中港,2024-09-11,9202
3715,定穎投控,16,2,14,凱基-中港,2024-09-11,9202
00878,國泰永續高股息,25,12,13,凱基-中港,2024-09-11,9202
6743,安普新,13,0,13,凱基-中港,2024-09-11,9202
2477,美隆電,18,5,13,凱基-中港,2024-09-11,9202
3081,聯亞,15,3,12,凱基-中港,2024-09-11,9202
00679B,元大美債20年,45,33,12,凱基-中港,2024-09-11,9202
00632R,元大台灣50反1,509,150,359,凱基-中港,2024-09-12,9202
00679B,元大美債20年,157,5,152,凱基-中港,2024-09-12,9202
3481,群創,82,2,80,凱基-中港,2024-09-12,9202
2615,萬海,104,30,74,凱基-中港,2024-09-12,9202
1584,精剛,60,6,54,凱基-中港,2024-09-12,9202
2891,中信金,38,1,37,凱基-中港,2024-09-12,9202
00948B,中信優息投資級債,36,0,36,凱基-中港,2024-09-12,9202
00929,復華台灣科技優息,77,41,36,凱基-中港,2024-09-12,9202
00706L,期元大S＆P日圓正2,33,0,33,凱基-中港,2024-09-12,9202
8249,菱光,66,35,31,凱基-中港,2024-09-12,9202
00937B,群益ESG投等債20,52,21,31,凱基-中港,2024-09-12,9202
00712,復華富時不動產,30,0,30,凱基-中港,2024-09-12,9202
00915,凱基優選高股息30,34,5,29,凱基-中港,2024-09-12,9202
5871,中租-KY,30,1,29,凱基-中港,2024-09-12,9202
00957B,兆豐US優選投等債,25,0,25,凱基-中港,2024-09-12,9202
1540,喬福,64,40,24,凱基-中港,2024-09-12,9202
00642U,期元大S＆P石油,22,0,22,凱基-中港,2024-09-12,9202
1605,華新,21,0,21,凱基-中港,2024-09-12,9202
3703,欣陸,20,0,20,凱基-中港,2024-09-12,9202
00943,兆豐電子高息等權,20,0,20,凱基-中港,2024-09-12,9202
1718,中纖,20,0,20,凱基-中港,2024-09-12,9202
1532,勤美,21,1,20,凱基-中港,2024-09-12,9202
00830,國泰費城半導體,20,1,19,凱基-中港,2024-09-12,9202
2887,台新金,25,6,19,凱基-中港,2024-09-12,9202
5443,均豪,96,78,18,凱基-中港,2024-09-12,9202
2495,普安,17,0,17,凱基-中港,2024-09-12,9202
3715,定穎投控,17,0,17,凱基-中港,2024-09-12,9202
3450,聯鈞,28,11,17,凱基-中港,2024-09-12,9202
3019,亞光,16,1,15,凱基-中港,2024-09-12,9202
3360,尚立,18,3,15,凱基-中港,2024-09-12,9202
3049,精金,20,5,15,凱基-中港,2024-09-12,9202
3550,聯穎,15,0,15,凱基-中港,2024-09-12,9202
00664R,國泰臺灣加權反1,14,0,14,凱基-中港,2024-09-12,9202
1301,台塑,19,5,14,凱基-中港,2024-09-12,9202
2105,正新,13,0,13,凱基-中港,2024-09-12,9202
6743,安普新,14,1,13,凱基-中港,2024-09-12,9202
4111,濟生,12,0,12,凱基-中港,2024-09-12,9202
6191,精成科,12,0,12,凱基-中港,2024-09-12,9202
6152,百一,12,0,12,凱基-中港,2024-09-12,9202
4510,高鋒,196,184,12,凱基-中港,2024-09-12,9202
00695B,富邦美債7-10,11,0,11,凱基-中港,2024-09-12,9202
00918,大華優利高填息30,13,2,11,凱基-中港,2024-09-12,9202
4939,亞電,11,0,11,凱基-中港,2024-09-12,9202
8147,正淩,11,0,11,凱基-中港,2024-09-12,9202
6770,力積電,16,5,11,凱基-中港,2024-09-12,9202
8936,國統,11,0,11,凱基-中港,2024-09-12,9202
00857B,永豐20年美公債,20,10,10,凱基-中港,2024-09-12,9202
3615,安可,11,1,10,凱基-中港,2024-09-12,9202
8105,凌巨,10,0,10,凱基-中港,2024-09-12,9202
00930,永豐ESG低碳高息,10,0,10,凱基-中港,2024-09-12,9202
00680L,元大美債20正2,708,47,661,凱基-中港,2024-09-13,9202
00632R,元大台灣50反1,211,15,196,凱基-中港,2024-09-13,9202
1312,國喬,100,0,100,凱基-中港,2024-09-13,9202
00929,復華台灣科技優息,101,3,98,凱基-中港,2024-09-13,9202
00687B,國泰20年美債,86,3,83,凱基-中港,2024-09-13,9202
6152,百一,83,11,72,凱基-中港,2024-09-13,9202
2301,光寶科,54,4,50,凱基-中港,2024-09-13,9202
00918,大華優利高填息30,49,0,49,凱基-中港,2024-09-13,9202
3354,律勝,46,1,45,凱基-中港,2024-09-13,9202
00637L,元大滬深300正2,43,0,43,凱基-中港,2024-09-13,9202
8046,南電,33,0,33,凱基-中港,2024-09-13,9202
00688L,國泰20年美債正2,30,0,30,凱基-中港,2024-09-13,9202
2883,凱基金,26,2,24,凱基-中港,2024-09-13,9202
00948B,中信優息投資級債,21,0,21,凱基-中港,2024-09-13,9202
6185,幃翔,21,1,20,凱基-中港,2024-09-13,9202
6530,創威,63,43,20,凱基-中港,2024-09-13,9202
8039,台虹,23,4,19,凱基-中港,2024-09-13,9202
3455,由田,20,1,19,凱基-中港,2024-09-13,9202
2371,大同,27,8,19,凱基-中港,2024-09-13,9202
1445,大宇,16,0,16,凱基-中港,2024-09-13,9202
6208,日揚,16,0,16,凱基-中港,2024-09-13,9202
5519,隆大,15,0,15,凱基-中港,2024-09-13,9202
2331,精英,15,0,15,凱基-中港,2024-09-13,9202
8011,台通,15,0,15,凱基-中港,2024-09-13,9202
4510,高鋒,122,107,15,凱基-中港,2024-09-13,9202
0056,元大高股息,15,0,15,凱基-中港,2024-09-13,9202
00952,凱基台灣AI50,19,5,14,凱基-中港,2024-09-13,9202
2070,精湛,35,22,13,凱基-中港,2024-09-13,9202
8070,長華*,17,4,13,凱基-中港,2024-09-13,9202
00915,凱基優選高股息30,12,0,12,凱基-中港,2024-09-13,9202
00878,國泰永續高股息,17,5,12,凱基-中港,2024-09-13,9202
2454,聯發科,13,1,12,凱基-中港,2024-09-13,9202
2834,臺企銀,26,15,11,凱基-中港,2024-09-13,9202
00931B,統一美債20年,11,0,11,凱基-中港,2024-09-13,9202
6405,悅城,13,2,11,凱基-中港,2024-09-13,9202
4566,時碩工業,11,0,11,凱基-中港,2024-09-13,9202
1799,易威,11,0,11,凱基-中港,2024-09-13,9202
2547,日勝生,10,0,10,凱基-中港,2024-09-13,9202
5604,中連,10,0,10,凱基-中港,2024-09-13,9202
00669R,國泰美國道瓊反1,10,0,10,凱基-中港,2024-09-13,9202
5230,雷笛克光學,12,2,10,凱基-中港,2024-09-13,9202
00673R,期元大S＆P原油反1,10,0,10,凱基-中港,2024-09-13,9202
8927,北基,10,0,10,凱基-中港,2024-09-13,9202
2845,遠東銀,10,0,10,凱基-中港,2024-09-13,9202
8936,國統,10,0,10,凱基-中港,2024-09-13,9202
2303,聯電,9,0,9,凱基-中港,2024-09-13,9202
2867,三商壽,20,11,9,凱基-中港,2024-09-13,9202
2897,王道銀行,12,3,9,凱基-中港,2024-09-13,9202
2891,中信金,13,4,9,凱基-中港,2024-09-13,9202
3705,永信,8,0,8,凱基-中港,2024-09-13,9202
00687B,國泰20年美債,194,0,194,凱基-中港,2024-09-16,9202
00680L,元大美債20正2,187,14,173,凱基-中港,2024-09-16,9202
3049,精金,205,70,135,凱基-中港,2024-09-16,9202
3715,定穎投控,72,3,69,凱基-中港,2024-09-16,9202
00915,凱基優選高股息30,66,0,66,凱基-中港,2024-09-16,9202
1314,中石化,83,20,63,凱基-中港,2024-09-16,9202
00921,兆豐龍頭等權重,58,0,58,凱基-中港,2024-09-16,9202
2344,華邦電,57,2,55,凱基-中港,2024-09-16,9202
00919,群益台灣精選高息,56,5,51,凱基-中港,2024-09-16,9202
3607,谷崧,62,17,45,凱基-中港,2024-09-16,9202
00943,兆豐電子高息等權,43,0,43,凱基-中港,2024-09-16,9202
00713,元大台灣高息低波,41,0,41,凱基-中港,2024-09-16,9202
00918,大華優利高填息30,38,0,38,凱基-中港,2024-09-16,9202
00632R,元大台灣50反1,36,0,36,凱基-中港,2024-09-16,9202
3062,建漢,101,65,36,凱基-中港,2024-09-16,9202
6185,幃翔,33,0,33,凱基-中港,2024-09-16,9202
8033,雷虎,42,10,32,凱基-中港,2024-09-16,9202
2323,中環,31,0,31,凱基-中港,2024-09-16,9202
1305,華夏,30,0,30,凱基-中港,2024-09-16,9202
2477,美隆電,41,12,29,凱基-中港,2024-09-16,9202
00945B,凱基美國非投等債,27,0,27,凱基-中港,2024-09-16,9202
3374,精材,28,1,27,凱基-中港,2024-09-16,9202
00712,復華富時不動產,30,3,27,凱基-中港,2024-09-16,9202
8028,昇陽半導體,70,44,26,凱基-中港,2024-09-16,9202
00679B,元大美債20年,58,33,25,凱基-中港,2024-09-16,9202
6770,力積電,25,2,23,凱基-中港,2024-09-16,9202
6179,亞通,21,0,21,凱基-中港,2024-09-16,9202
3705,永信,21,0,21,凱基-中港,2024-09-16,9202
5347,世界,20,0,20,凱基-中港,2024-09-16,9202
3703,欣陸,20,0,20,凱基-中港,2024-09-16,9202
1532,勤美,20,0,20,凱基-中港,2024-09-16,9202
6214,精誠,20,0,20,凱基-中港,2024-09-16,9202
00795B,中信美國公債20年,19,0,19,凱基-中港,2024-09-16,9202
2360,致茂,17,1,16,凱基-中港,2024-09-16,9202
3581,博磊,16,1,15,凱基-中港,2024-09-16,9202
00897,富邦基因免疫生技,15,0,15,凱基-中港,2024-09-16,9202
2388,威盛,15,0,15,凱基-中港,2024-09-16,9202
00937B,群益ESG投等債20,22,7,15,凱基-中港,2024-09-16,9202
4979,華星光,15,2,13,凱基-中港,2024-09-16,9202
6698,旭暉應材,23,10,13,凱基-中港,2024-09-16,9202
3149,正達,15,2,13,凱基-中港,2024-09-16,9202
6125,廣運,13,0,13,凱基-中港,2024-09-16,9202
4974,亞泰,13,1,12,凱基-中港,2024-09-16,9202
00927,群益半導體收益,14,2,12,凱基-中港,2024-09-16,9202
3576,聯合再生,13,1,12,凱基-中港,2024-09-16,9202
6274,台燿,17,5,12,凱基-中港,2024-09-16,9202
4977,眾達-KY,17,5,12,凱基-中港,2024-09-16,9202
2399,映泰,15,3,12,凱基-中港,2024-09-16,9202
6706,惠特,19,7,12,凱基-中港,2024-09-16,9202
6443,元晶,12,0,12,凱基-中港,2024-09-16,9202
2888,新光金,4509,1276,3233,凱基-中港,2024-09-18,9202
00918,大華優利高填息30,305,0,305,凱基-中港,2024-09-18,9202
00929,復華台灣科技優息,296,9,287,凱基-中港,2024-09-18,9202
6143,振曜,140,7,133,凱基-中港,2024-09-18,9202
00764B,群益25年美債,130,0,130,凱基-中港,2024-09-18,9202
3481,群創,174,52,122,凱基-中港,2024-09-18,9202
00919,群益台灣精選高息,113,12,101,凱基-中港,2024-09-18,9202
2887,台新金,53,1,52,凱基-中港,2024-09-18,9202
00680L,元大美債20正2,87,38,49,凱基-中港,2024-09-18,9202
00948B,中信優息投資級債,42,0,42,凱基-中港,2024-09-18,9202
3703,欣陸,40,0,40,凱基-中港,2024-09-18,9202
00943,兆豐電子高息等權,37,0,37,凱基-中港,2024-09-18,9202
2439,美律,41,4,37,凱基-中港,2024-09-18,9202
2317,鴻海,69,33,36,凱基-中港,2024-09-18,9202
00915,凱基優選高股息30,44,10,34,凱基-中港,2024-09-18,9202
1721,三晃,38,5,33,凱基-中港,2024-09-18,9202
00720B,元大投資級公司債,31,0,31,凱基-中港,2024-09-18,9202
1309,台達化,49,20,29,凱基-中港,2024-09-18,9202
00795B,中信美國公債20年,29,1,28,凱基-中港,2024-09-18,9202
0056,元大高股息,34,7,27,凱基-中港,2024-09-18,9202
2313,華通,39,13,26,凱基-中港,2024-09-18,9202
00930,永豐ESG低碳高息,26,0,26,凱基-中港,2024-09-18,9202
3706,神達,28,2,26,凱基-中港,2024-09-18,9202
1304,台聚,32,6,26,凱基-中港,2024-09-18,9202
1708,東鹼,25,0,25,凱基-中港,2024-09-18,9202
3024,憶聲,25,0,25,凱基-中港,2024-09-18,9202
2344,華邦電,24,0,24,凱基-中港,2024-09-18,9202
1532,勤美,25,1,24,凱基-中港,2024-09-18,9202
5460,同協,46,24,22,凱基-中港,2024-09-18,9202
3189,景碩,24,4,20,凱基-中港,2024-09-18,9202
3059,華晶科,20,0,20,凱基-中港,2024-09-18,9202
00685L,群益臺灣加權正2,20,0,20,凱基-中港,2024-09-18,9202
00751B,元大AAA至A公司債,20,0,20,凱基-中港,2024-09-18,9202
6547,高端疫苗,18,0,18,凱基-中港,2024-09-18,9202
2547,日勝生,17,0,17,凱基-中港,2024-09-18,9202
2303,聯電,23,7,16,凱基-中港,2024-09-18,9202
4111,濟生,16,0,16,凱基-中港,2024-09-18,9202
8110,華東,16,0,16,凱基-中港,2024-09-18,9202
3167,大量,51,35,16,凱基-中港,2024-09-18,9202
6668,中揚光,15,0,15,凱基-中港,2024-09-18,9202
00719B,元大美債1-3,15,0,15,凱基-中港,2024-09-18,9202
4908,前鼎,23,9,14,凱基-中港,2024-09-18,9202
4958,臻鼎-KY,13,0,13,凱基-中港,2024-09-18,9202
3605,宏致,61,48,13,凱基-中港,2024-09-18,9202
5880,合庫金,12,0,12,凱基-中港,2024-09-18,9202
6698,旭暉應材,40,28,12,凱基-中港,2024-09-18,9202
3550,聯穎,147,135,12,凱基-中港,2024-09-18,9202
1905,華紙,12,0,12,凱基-中港,2024-09-18,9202
1229,聯華,12,0,12,凱基-中港,2024-09-18,9202
00713,元大台灣高息低波,13,1,12,凱基-中港,2024-09-18,9202
00764B,群益25年美債,401,40,361,凱基-中港,2024-09-19,9202
00632R,元大台灣50反1,176,10,166,凱基-中港,2024-09-19,9202
8096,擎亞,150,8,142,凱基-中港,2024-09-19,9202
00919,群益台灣精選高息,144,17,127,凱基-中港,2024-09-19,9202
2762,世界健身-KY,120,0,120,凱基-中港,2024-09-19,9202
00680L,元大美債20正2,122,7,115,凱基-中港,2024-09-19,9202
00915,凱基優選高股息30,100,7,93,凱基-中港,2024-09-19,9202
00931B,統一美債20年,110,50,60,凱基-中港,2024-09-19,9202
2834,臺企銀,60,1,59,凱基-中港,2024-09-19,9202
00712,復華富時不動產,52,1,51,凱基-中港,2024-09-19,9202
3260,威剛,52,3,49,凱基-中港,2024-09-19,9202
3703,欣陸,48,0,48,凱基-中港,2024-09-19,9202
00958B,永豐ESG銀行債15,45,0,45,凱基-中港,2024-09-19,9202
2371,大同,48,4,44,凱基-中港,2024-09-19,9202
5392,能率,45,4,41,凱基-中港,2024-09-19,9202
4903,聯光通,68,29,39,凱基-中港,2024-09-19,9202
8249,菱光,39,3,36,凱基-中港,2024-09-19,9202
3481,群創,75,40,35,凱基-中港,2024-09-19,9202
1303,南亞,41,11,30,凱基-中港,2024-09-19,9202
2070,精湛,62,32,30,凱基-中港,2024-09-19,9202
2344,華邦電,36,7,29,凱基-中港,2024-09-19,9202
00715L,期街口布蘭特正2,60,31,29,凱基-中港,2024-09-19,9202
9105,泰金寶-DR,30,2,28,凱基-中港,2024-09-19,9202
00951,台新日本半導體,25,0,25,凱基-中港,2024-09-19,9202
00795B,中信美國公債20年,24,3,21,凱基-中港,2024-09-19,9202
1532,勤美,22,1,21,凱基-中港,2024-09-19,9202
00669R,國泰美國道瓊反1,20,0,20,凱基-中港,2024-09-19,9202
6706,惠特,20,4,16,凱基-中港,2024-09-19,9202
2399,映泰,181,165,16,凱基-中港,2024-09-19,9202
6288,聯嘉,15,0,15,凱基-中港,2024-09-19,9202
00713,元大台灣高息低波,17,3,14,凱基-中港,2024-09-19,9202
8028,昇陽半導體,23,9,14,凱基-中港,2024-09-19,9202
1314,中石化,16,4,12,凱基-中港,2024-09-19,9202
6143,振曜,27,15,12,凱基-中港,2024-09-19,9202
3024,憶聲,16,4,12,凱基-中港,2024-09-19,9202
00830,國泰費城半導體,11,0,11,凱基-中港,2024-09-19,9202
2303,聯電,13,2,11,凱基-中港,2024-09-19,9202
00725B,國泰投資級公司債,10,0,10,凱基-中港,2024-09-19,9202
5498,凱崴,10,0,10,凱基-中港,2024-09-19,9202
2328,廣宇,10,0,10,凱基-中港,2024-09-19,9202
1905,華紙,10,0,10,凱基-中港,2024-09-19,9202
5604,中連,10,0,10,凱基-中港,2024-09-19,9202
6202,盛群,10,0,10,凱基-中港,2024-09-19,9202
00909,國泰數位支付服務,10,0,10,凱基-中港,2024-09-19,9202
3324,雙鴻,17,8,9,凱基-中港,2024-09-19,9202
00706L,期元大S＆P日圓正2,9,0,9,凱基-中港,2024-09-19,9202
3230,錦明,34,25,9,凱基-中港,2024-09-19,9202
4974,亞泰,8,0,8,凱基-中港,2024-09-19,9202
2025,千興,8,0,8,凱基-中港,2024-09-19,9202
0055,元大MSCI金融,8,0,8,凱基-中港,2024-09-19,9202
2888,新光金,2368,1032,1336,凱基-中港,2024-09-20,9202
00919,群益台灣精選高息,951,39,912,凱基-中港,2024-09-20,9202
1721,三晃,170,5,165,凱基-中港,2024-09-20,9202
00650L,復華香港正2,91,1,90,凱基-中港,2024-09-20,9202
2887,台新金,74,0,74,凱基-中港,2024-09-20,9202
00937B,群益ESG投等債20,105,31,74,凱基-中港,2024-09-20,9202
00665L,富邦�琤肭磪囓�2,110,40,70,凱基-中港,2024-09-20,9202
00931B,統一美債20年,66,2,64,凱基-中港,2024-09-20,9202
0056,元大高股息,88,25,63,凱基-中港,2024-09-20,9202
3306,鼎天,58,0,58,凱基-中港,2024-09-20,9202
2867,三商壽,74,25,49,凱基-中港,2024-09-20,9202
3050,鈺德,45,0,45,凱基-中港,2024-09-20,9202
4526,東台,151,108,43,凱基-中港,2024-09-20,9202
00915,凱基優選高股息30,56,16,40,凱基-中港,2024-09-20,9202
1808,潤隆,40,1,39,凱基-中港,2024-09-20,9202
00940,元大台灣價值高息,40,3,37,凱基-中港,2024-09-20,9202
5443,均豪,52,16,36,凱基-中港,2024-09-20,9202
00948B,中信優息投資級債,35,0,35,凱基-中港,2024-09-20,9202
2905,三商,34,1,33,凱基-中港,2024-09-20,9202
3588,通嘉,30,0,30,凱基-中港,2024-09-20,9202
00945B,凱基美國非投等債,40,11,29,凱基-中港,2024-09-20,9202
00637L,元大滬深300正2,27,0,27,凱基-中港,2024-09-20,9202
6125,廣運,45,21,24,凱基-中港,2024-09-20,9202
1532,勤美,27,3,24,凱基-中港,2024-09-20,9202
00795B,中信美國公債20年,24,0,24,凱基-中港,2024-09-20,9202
1316,上曜,28,4,24,凱基-中港,2024-09-20,9202
2501,國建,22,0,22,凱基-中港,2024-09-20,9202
00951,台新日本半導體,25,3,22,凱基-中港,2024-09-20,9202
8070,長華*,71,50,21,凱基-中港,2024-09-20,9202
00669R,國泰美國道瓊反1,21,0,21,凱基-中港,2024-09-20,9202
6279,胡連,21,1,20,凱基-中港,2024-09-20,9202
00712,復華富時不動產,20,0,20,凱基-中港,2024-09-20,9202
2367,燿華,22,3,19,凱基-中港,2024-09-20,9202
3703,欣陸,20,1,19,凱基-中港,2024-09-20,9202
4576,大銀微系統,30,11,19,凱基-中港,2024-09-20,9202
2542,興富發,20,1,19,凱基-中港,2024-09-20,9202
2511,太子,18,0,18,凱基-中港,2024-09-20,9202
2474,可成,18,0,18,凱基-中港,2024-09-20,9202
2520,冠德,19,2,17,凱基-中港,2024-09-20,9202
2388,威盛,26,10,16,凱基-中港,2024-09-20,9202
00943,兆豐電子高息等權,16,0,16,凱基-中港,2024-09-20,9202
5469,瀚宇博,19,5,14,凱基-中港,2024-09-20,9202
3062,建漢,67,53,14,凱基-中港,2024-09-20,9202
2809,京城銀,13,0,13,凱基-中港,2024-09-20,9202
3056,富華新,13,0,13,凱基-中港,2024-09-20,9202
8234,新漢,12,0,12,凱基-中港,2024-09-20,9202
1569,濱川,12,0,12,凱基-中港,2024-09-20,9202
2884,玉山金,20,9,11,凱基-中港,2024-09-20,9202
5234,達興材料,17,6,11,凱基-中港,2024-09-20,9202
1710,東聯,11,0,11,凱基-中港,2024-09-20,9202
00937B,群益ESG投等債20,483,16,467,凱基-中港,2024-09-23,9202
00948B,中信優息投資級債,463,0,463,凱基-中港,2024-09-23,9202
00933B,國泰10Y+金融債,301,5,296,凱基-中港,2024-09-23,9202
00687B,國泰20年美債,249,18,231,凱基-中港,2024-09-23,9202
00632R,元大台灣50反1,228,9,219,凱基-中港,2024-09-23,9202
00772B,中信高評級公司債,201,0,201,凱基-中港,2024-09-23,9202
3481,群創,175,19,156,凱基-中港,2024-09-23,9202
00919,群益台灣精選高息,137,10,127,凱基-中港,2024-09-23,9202
00915,凱基優選高股息30,114,8,106,凱基-中港,2024-09-23,9202
00725B,國泰投資級公司債,100,0,100,凱基-中港,2024-09-23,9202
5388,中磊,88,0,88,凱基-中港,2024-09-23,9202
4716,大立,147,59,88,凱基-中港,2024-09-23,9202
2542,興富發,99,17,82,凱基-中港,2024-09-23,9202
9910,豐泰,60,1,59,凱基-中港,2024-09-23,9202
2888,新光金,269,215,54,凱基-中港,2024-09-23,9202
2431,聯昌,50,0,50,凱基-中港,2024-09-23,9202
00853B,統一美債10年Aa-,50,0,50,凱基-中港,2024-09-23,9202
3523,迎輝,47,0,47,凱基-中港,2024-09-23,9202
00929,復華台灣科技優息,42,0,42,凱基-中港,2024-09-23,9202
6506,雙邦,41,4,37,凱基-中港,2024-09-23,9202
00795B,中信美國公債20年,32,0,32,凱基-中港,2024-09-23,9202
8028,昇陽半導體,38,7,31,凱基-中港,2024-09-23,9202
2464,盟立,32,1,31,凱基-中港,2024-09-23,9202
2481,強茂,32,1,31,凱基-中港,2024-09-23,9202
00679B,元大美債20年,115,86,29,凱基-中港,2024-09-23,9202
2009,第一銅,33,4,29,凱基-中港,2024-09-23,9202
5871,中租-KY,32,3,29,凱基-中港,2024-09-23,9202
1711,永光,64,36,28,凱基-中港,2024-09-23,9202
3714,富采,119,91,28,凱基-中港,2024-09-23,9202
5438,東友,27,0,27,凱基-中港,2024-09-23,9202
0056,元大高股息,27,0,27,凱基-中港,2024-09-23,9202
1524,耿鼎,65,40,25,凱基-中港,2024-09-23,9202
3673,TPK-KY,25,1,24,凱基-中港,2024-09-23,9202
2887,台新金,54,32,22,凱基-中港,2024-09-23,9202
8249,菱光,44,22,22,凱基-中港,2024-09-23,9202
3131,弘塑,23,2,21,凱基-中港,2024-09-23,9202
3703,欣陸,20,0,20,凱基-中港,2024-09-23,9202
8374,羅昇,20,0,20,凱基-中港,2024-09-23,9202
6552,易華電,20,1,19,凱基-中港,2024-09-23,9202
1532,勤美,20,1,19,凱基-中港,2024-09-23,9202
2399,映泰,132,114,18,凱基-中港,2024-09-23,9202
2495,普安,45,28,17,凱基-中港,2024-09-23,9202
2890,永豐金,20,4,16,凱基-中港,2024-09-23,9202
3374,精材,16,1,15,凱基-中港,2024-09-23,9202
5245,智晶,15,0,15,凱基-中港,2024-09-23,9202
3511,矽瑪,15,0,15,凱基-中港,2024-09-23,9202
1714,和桐,15,0,15,凱基-中港,2024-09-23,9202
3498,陽程,16,1,15,凱基-中港,2024-09-23,9202
00706L,期元大S＆P日圓正2,15,0,15,凱基-中港,2024-09-23,9202
2344,華邦電,21,6,15,凱基-中港,2024-09-23,9202
00688L,國泰20年美債正2,1563,100,1463,凱基-中港,2024-09-24,9202
00680L,元大美債20正2,266,10,256,凱基-中港,2024-09-24,9202
2606,裕民,115,2,113,凱基-中港,2024-09-24,9202
00637L,元大滬深300正2,147,35,112,凱基-中港,2024-09-24,9202
2069,運錩,100,0,100,凱基-中港,2024-09-24,9202
00960,野村全球航運龍頭,87,0,87,凱基-中港,2024-09-24,9202
2243,宏旭-KY,80,0,80,凱基-中港,2024-09-24,9202
00946,群益科技高息成長,66,0,66,凱基-中港,2024-09-24,9202
3374,精材,72,10,62,凱基-中港,2024-09-24,9202
2542,興富發,59,0,59,凱基-中港,2024-09-24,9202
2891,中信金,61,11,50,凱基-中港,2024-09-24,9202
00679B,元大美債20年,99,49,50,凱基-中港,2024-09-24,9202
2365,昆盈,52,8,44,凱基-中港,2024-09-24,9202
8111,立��,53,10,43,凱基-中港,2024-09-24,9202
2834,臺企銀,42,0,42,凱基-中港,2024-09-24,9202
2890,永豐金,40,0,40,凱基-中港,2024-09-24,9202
00953B,群益優選非投等債,40,0,40,凱基-中港,2024-09-24,9202
1584,精剛,81,44,37,凱基-中港,2024-09-24,9202
6185,幃翔,40,3,37,凱基-中港,2024-09-24,9202
00929,復華台灣科技優息,37,0,37,凱基-中港,2024-09-24,9202
00945B,凱基美國非投等債,30,0,30,凱基-中港,2024-09-24,9202
2886,兆豐金,31,1,30,凱基-中港,2024-09-24,9202
3131,弘塑,28,1,27,凱基-中港,2024-09-24,9202
00712,復華富時不動產,26,0,26,凱基-中港,2024-09-24,9202
6188,廣明,35,10,25,凱基-中港,2024-09-24,9202
0056,元大高股息,25,4,21,凱基-中港,2024-09-24,9202
4906,正文,22,1,21,凱基-中港,2024-09-24,9202
1776,展宇,21,0,21,凱基-中港,2024-09-24,9202
00891,中信關鍵半導體,21,0,21,凱基-中港,2024-09-24,9202
3703,欣陸,20,0,20,凱基-中港,2024-09-24,9202
1532,勤美,21,1,20,凱基-中港,2024-09-24,9202
6179,亞通,20,0,20,凱基-中港,2024-09-24,9202
2344,華邦電,22,3,19,凱基-中港,2024-09-24,9202
2481,強茂,67,48,19,凱基-中港,2024-09-24,9202
4714,永捷,19,0,19,凱基-中港,2024-09-24,9202
6125,廣運,21,2,19,凱基-中港,2024-09-24,9202
2615,萬海,108,89,19,凱基-中港,2024-09-24,9202
5386,青雲,18,0,18,凱基-中港,2024-09-24,9202
2388,威盛,36,19,17,凱基-中港,2024-09-24,9202
3234,光環,16,0,16,凱基-中港,2024-09-24,9202
00685L,群益臺灣加權正2,15,0,15,凱基-中港,2024-09-24,9202
00893,國泰智能電動車,15,1,14,凱基-中港,2024-09-24,9202
3209,全科,14,0,14,凱基-中港,2024-09-24,9202
3049,精金,29,15,14,凱基-中港,2024-09-24,9202
00795B,中信美國公債20年,14,0,14,凱基-中港,2024-09-24,9202
2464,盟立,16,2,14,凱基-中港,2024-09-24,9202
3189,景碩,15,2,13,凱基-中港,2024-09-24,9202
3605,宏致,37,24,13,凱基-中港,2024-09-24,9202
00632R,元大台灣50反1,83,70,13,凱基-中港,2024-09-24,9202
3363,上詮,18,6,12,凱基-中港,2024-09-24,9202
3374,精材,308,7,301,凱基-中港,2024-09-25,9202
00632R,元大台灣50反1,265,30,235,凱基-中港,2024-09-25,9202
2845,遠東銀,200,0,200,凱基-中港,2024-09-25,9202
00679B,元大美債20年,127,5,122,凱基-中港,2024-09-25,9202
00946,群益科技高息成長,120,0,120,凱基-中港,2024-09-25,9202
2449,京元電子,107,13,94,凱基-中港,2024-09-25,9202
00960,野村全球航運龍頭,114,20,94,凱基-中港,2024-09-25,9202
00937B,群益ESG投等債20,86,29,57,凱基-中港,2024-09-25,9202
3062,建漢,66,10,56,凱基-中港,2024-09-25,9202
00933B,國泰10Y+金融債,65,9,56,凱基-中港,2024-09-25,9202
2883,凱基金,57,3,54,凱基-中港,2024-09-25,9202
3481,群創,173,121,52,凱基-中港,2024-09-25,9202
00639,富邦深100,50,0,50,凱基-中港,2024-09-25,9202
6188,廣明,73,25,48,凱基-中港,2024-09-25,9202
3049,精金,48,0,48,凱基-中港,2024-09-25,9202
2495,普安,82,35,47,凱基-中港,2024-09-25,9202
4716,大立,56,9,47,凱基-中港,2024-09-25,9202
00931B,統一美債20年,39,0,39,凱基-中港,2024-09-25,9202
00706L,期元大S＆P日圓正2,35,0,35,凱基-中港,2024-09-25,9202
1584,精剛,47,12,35,凱基-中港,2024-09-25,9202
2303,聯電,40,8,32,凱基-中港,2024-09-25,9202
9935,慶豐富,29,0,29,凱基-中港,2024-09-25,9202
0056,元大高股息,32,3,29,凱基-中港,2024-09-25,9202
3019,亞光,45,17,28,凱基-中港,2024-09-25,9202
2888,新光金,44,17,27,凱基-中港,2024-09-25,9202
1805,寶徠,25,0,25,凱基-中港,2024-09-25,9202
2353,宏��,40,15,25,凱基-中港,2024-09-25,9202
6552,易華電,24,0,24,凱基-中港,2024-09-25,9202
00687B,國泰20年美債,31,7,24,凱基-中港,2024-09-25,9202
2399,映泰,28,7,21,凱基-中港,2024-09-25,9202
00680L,元大美債20正2,20,0,20,凱基-中港,2024-09-25,9202
1785,光洋科,33,13,20,凱基-中港,2024-09-25,9202
5469,瀚宇博,19,0,19,凱基-中港,2024-09-25,9202
4979,華星光,34,16,18,凱基-中港,2024-09-25,9202
2886,兆豐金,20,2,18,凱基-中港,2024-09-25,9202
6104,創惟,31,13,18,凱基-中港,2024-09-25,9202
5425,台半,17,0,17,凱基-中港,2024-09-25,9202
6125,廣運,18,1,17,凱基-中港,2024-09-25,9202
4939,亞電,16,0,16,凱基-中港,2024-09-25,9202
00857B,永豐20年美公債,15,0,15,凱基-中港,2024-09-25,9202
00953B,群益優選非投等債,15,0,15,凱基-中港,2024-09-25,9202
2436,偉詮電,38,23,15,凱基-中港,2024-09-25,9202
2455,全新,23,8,15,凱基-中港,2024-09-25,9202
5439,高技,19,5,14,凱基-中港,2024-09-25,9202
6288,聯嘉,19,5,14,凱基-中港,2024-09-25,9202
00864B,中信美國公債0-1,17,3,14,凱基-中港,2024-09-25,9202
00795B,中信美國公債20年,13,0,13,凱基-中港,2024-09-25,9202
00665L,富邦�琤肭磪囓�2,125,112,13,凱基-中港,2024-09-25,9202
2610,華航,16,3,13,凱基-中港,2024-09-25,9202
3306,鼎天,15,2,13,凱基-中港,2024-09-25,9202
00687B,國泰20年美債,195,30,165,凱基-中港,2024-09-26,9202
2312,金寶,139,15,124,凱基-中港,2024-09-26,9202
00679B,元大美債20年,198,80,118,凱基-中港,2024-09-26,9202
2905,三商,100,0,100,凱基-中港,2024-09-26,9202
00853B,統一美債10年Aa-,100,0,100,凱基-中港,2024-09-26,9202
00696B,富邦美債20年,100,0,100,凱基-中港,2024-09-26,9202
00960,野村全球航運龍頭,98,0,98,凱基-中港,2024-09-26,9202
00954,中信日本半導體,70,0,70,凱基-中港,2024-09-26,9202
2542,興富發,73,8,65,凱基-中港,2024-09-26,9202
00911,兆豐洲際半導體,65,2,63,凱基-中港,2024-09-26,9202
00706L,期元大S＆P日圓正2,61,1,60,凱基-中港,2024-09-26,9202
2371,大同,61,5,56,凱基-中港,2024-09-26,9202
00773B,中信優先金融債,50,0,50,凱基-中港,2024-09-26,9202
5880,合庫金,50,0,50,凱基-中港,2024-09-26,9202
00724B,群益投資級金融債,50,0,50,凱基-中港,2024-09-26,9202
2731,雄獅,44,0,44,凱基-中港,2024-09-26,9202
00715L,期街口布蘭特正2,55,16,39,凱基-中港,2024-09-26,9202
00720B,元大投資級公司債,29,0,29,凱基-中港,2024-09-26,9202
1540,喬福,37,9,28,凱基-中港,2024-09-26,9202
8473,山林水,26,0,26,凱基-中港,2024-09-26,9202
2356,英業達,28,2,26,凱基-中港,2024-09-26,9202
3715,定穎投控,41,17,24,凱基-中港,2024-09-26,9202
6573,虹揚-KY,24,0,24,凱基-中港,2024-09-26,9202
00688L,國泰20年美債正2,22,0,22,凱基-中港,2024-09-26,9202
00680L,元大美債20正2,41,20,21,凱基-中港,2024-09-26,9202
5351,鈺創,24,3,21,凱基-中港,2024-09-26,9202
5386,青雲,20,0,20,凱基-中港,2024-09-26,9202
00876,元大全球5G,20,0,20,凱基-中港,2024-09-26,9202
6104,創惟,121,102,19,凱基-中港,2024-09-26,9202
2801,彰銀,21,2,19,凱基-中港,2024-09-26,9202
3576,聯合再生,20,1,19,凱基-中港,2024-09-26,9202
2867,三商壽,18,0,18,凱基-中港,2024-09-26,9202
00909,國泰數位支付服務,18,0,18,凱基-中港,2024-09-26,9202
2883,凱基金,26,8,18,凱基-中港,2024-09-26,9202
3049,精金,38,20,18,凱基-中港,2024-09-26,9202
2453,凌群,16,0,16,凱基-中港,2024-09-26,9202
8374,羅昇,20,5,15,凱基-中港,2024-09-26,9202
00751B,元大AAA至A公司債,14,0,14,凱基-中港,2024-09-26,9202
2367,燿華,26,12,14,凱基-中港,2024-09-26,9202
00958B,永豐ESG銀行債15,14,0,14,凱基-中港,2024-09-26,9202
3003,健和興,13,0,13,凱基-中港,2024-09-26,9202
3706,神達,13,0,13,凱基-中港,2024-09-26,9202
1513,中興電,15,3,12,凱基-中港,2024-09-26,9202
1101,台泥,12,0,12,凱基-中港,2024-09-26,9202
2374,佳能,14,2,12,凱基-中港,2024-09-26,9202
2353,宏��,25,13,12,凱基-中港,2024-09-26,9202
2889,國票金,12,0,12,凱基-中港,2024-09-26,9202
4903,聯光通,25,13,12,凱基-中港,2024-09-26,9202
2891,中信金,19,7,12,凱基-中港,2024-09-26,9202
00948B,中信優息投資級債,11,0,11,凱基-中港,2024-09-26,9202
3374,精材,323,1,322,凱基-中港,2024-09-27,9202
00687B,國泰20年美債,179,0,179,凱基-中港,2024-09-27,9202
00688L,國泰20年美債正2,142,0,142,凱基-中港,2024-09-27,9202
00665L,富邦�琤肭磪囓�2,153,12,141,凱基-中港,2024-09-27,9202
1805,寶徠,95,1,94,凱基-中港,2024-09-27,9202
3605,宏致,120,48,72,凱基-中港,2024-09-27,9202
3131,弘塑,70,1,69,凱基-中港,2024-09-27,9202
00632R,元大台灣50反1,150,81,69,凱基-中港,2024-09-27,9202
2891,中信金,64,11,53,凱基-中港,2024-09-27,9202
2609,陽明,140,87,53,凱基-中港,2024-09-27,9202
6202,盛群,65,13,52,凱基-中港,2024-09-27,9202
8070,長華*,53,4,49,凱基-中港,2024-09-27,9202
2413,環科,40,0,40,凱基-中港,2024-09-27,9202
00948B,中信優息投資級債,41,2,39,凱基-中港,2024-09-27,9202
5469,瀚宇博,37,0,37,凱基-中港,2024-09-27,9202
2467,志聖,37,2,35,凱基-中港,2024-09-27,9202
00830,國泰費城半導體,35,4,31,凱基-中港,2024-09-27,9202
3062,建漢,31,2,29,凱基-中港,2024-09-27,9202
00960,野村全球航運龍頭,355,327,28,凱基-中港,2024-09-27,9202
4729,熒茂,30,2,28,凱基-中港,2024-09-27,9202
00720B,元大投資級公司債,26,0,26,凱基-中港,2024-09-27,9202
8064,東捷,32,6,26,凱基-中港,2024-09-27,9202
8091,翔名,25,0,25,凱基-中港,2024-09-27,9202
1605,華新,61,37,24,凱基-中港,2024-09-27,9202
6188,廣明,57,33,24,凱基-中港,2024-09-27,9202
00712,復華富時不動產,24,1,23,凱基-中港,2024-09-27,9202
3483,力致,23,1,22,凱基-中港,2024-09-27,9202
0056,元大高股息,31,9,22,凱基-中港,2024-09-27,9202
00919,群益台灣精選高息,34,13,21,凱基-中港,2024-09-27,9202
00923,群益台ESG低碳50,21,0,21,凱基-中港,2024-09-27,9202
5340,建榮,20,0,20,凱基-中港,2024-09-27,9202
3030,德律,20,0,20,凱基-中港,2024-09-27,9202
00634R,富邦上証反1,20,0,20,凱基-中港,2024-09-27,9202
1319,東陽,20,1,19,凱基-中港,2024-09-27,9202
8150,南茂,25,6,19,凱基-中港,2024-09-27,9202
1540,喬福,19,2,17,凱基-中港,2024-09-27,9202
00715L,期街口布蘭特正2,17,0,17,凱基-中港,2024-09-27,9202
00882,中信中國高股息,186,169,17,凱基-中港,2024-09-27,9202
2009,第一銅,31,15,16,凱基-中港,2024-09-27,9202
2313,華通,18,3,15,凱基-中港,2024-09-27,9202
3466,德晉,15,0,15,凱基-中港,2024-09-27,9202
1570,力肯,15,0,15,凱基-中港,2024-09-27,9202
6412,群電,14,0,14,凱基-中港,2024-09-27,9202
00937B,群益ESG投等債20,70,57,13,凱基-中港,2024-09-27,9202
00951,台新日本半導體,35,22,13,凱基-中港,2024-09-27,9202
2070,精湛,26,13,13,凱基-中港,2024-09-27,9202
8033,雷虎,13,0,13,凱基-中港,2024-09-27,9202
00751B,元大AAA至A公司債,12,0,12,凱基-中港,2024-09-27,9202
3168,眾福科,12,0,12,凱基-中港,2024-09-27,9202
00640L,富邦日本正2,13,1,12,凱基-中港,2024-09-27,9202
00688L,國泰20年美債正2,1388,15,1373,凱基-中港,2024-09-30,9202
00680L,元大美債20正2,882,114,768,凱基-中港,2024-09-30,9202
3374,精材,359,0,359,凱基-中港,2024-09-30,9202
00887,永豐中國科技50大,205,0,205,凱基-中港,2024-09-30,9202
00650L,復華香港正2,122,9,113,凱基-中港,2024-09-30,9202
00679B,元大美債20年,91,6,85,凱基-中港,2024-09-30,9202
00878,國泰永續高股息,92,10,82,凱基-中港,2024-09-30,9202
2609,陽明,98,35,63,凱基-中港,2024-09-30,9202
3715,定穎投控,99,38,61,凱基-中港,2024-09-30,9202
00665L,富邦�琤肭磪囓�2,94,35,59,凱基-中港,2024-09-30,9202
00931B,統一美債20年,72,15,57,凱基-中港,2024-09-30,9202
00940,元大台灣價值高息,53,7,46,凱基-中港,2024-09-30,9202
00929,復華台灣科技優息,130,84,46,凱基-中港,2024-09-30,9202
00687B,國泰20年美債,90,47,43,凱基-中港,2024-09-30,9202
6151,晉倫,64,24,40,凱基-中港,2024-09-30,9202
1304,台聚,40,0,40,凱基-中港,2024-09-30,9202
2891,中信金,39,6,33,凱基-中港,2024-09-30,9202
00915,凱基優選高股息30,42,10,32,凱基-中港,2024-09-30,9202
2353,宏��,33,1,32,凱基-中港,2024-09-30,9202
5347,世界,31,0,31,凱基-中港,2024-09-30,9202
3605,宏致,92,61,31,凱基-中港,2024-09-30,9202
1785,光洋科,31,2,29,凱基-中港,2024-09-30,9202
8091,翔名,27,1,26,凱基-中港,2024-09-30,9202
5014,建錩,58,33,25,凱基-中港,2024-09-30,9202
2413,環科,25,0,25,凱基-中港,2024-09-30,9202
2330,台積電,34,9,25,凱基-中港,2024-09-30,9202
3049,精金,21,0,21,凱基-中港,2024-09-30,9202
00881,國泰台灣5G+,20,0,20,凱基-中港,2024-09-30,9202
1809,中釉,20,0,20,凱基-中港,2024-09-30,9202
00942B,台新美A公司債20+,20,0,20,凱基-中港,2024-09-30,9202
00960,野村全球航運龍頭,19,0,19,凱基-中港,2024-09-30,9202
4526,東台,20,1,19,凱基-中港,2024-09-30,9202
2929,淘帝-KY,20,2,18,凱基-中港,2024-09-30,9202
00891,中信關鍵半導體,18,0,18,凱基-中港,2024-09-30,9202
00927,群益半導體收益,32,16,16,凱基-中港,2024-09-30,9202
4510,高鋒,17,1,16,凱基-中港,2024-09-30,9202
2303,聯電,38,23,15,凱基-中港,2024-09-30,9202
00751B,元大AAA至A公司債,15,0,15,凱基-中港,2024-09-30,9202
2603,長榮,24,10,14,凱基-中港,2024-09-30,9202
6290,良維,14,0,14,凱基-中港,2024-09-30,9202
2356,英業達,17,3,14,凱基-中港,2024-09-30,9202
5306,桂盟,14,0,14,凱基-中港,2024-09-30,9202
00919,群益台灣精選高息,171,158,13,凱基-中港,2024-09-30,9202
0050,元大台灣50,14,1,13,凱基-中港,2024-09-30,9202
3705,永信,14,1,13,凱基-中港,2024-09-30,9202
5469,瀚宇博,13,0,13,凱基-中港,2024-09-30,9202
2313,華通,15,2,13,凱基-中港,2024-09-30,9202
00937B,群益ESG投等債20,37,25,12,凱基-中港,2024-09-30,9202
2344,華邦電,40,28,12,凱基-中港,2024-09-30,9202
2634,漢翔,12,0,12,凱基-中港,2024-09-30,9202
3374,精材,131,0,131,凱基-中港,2024-10-01,9202
00960,野村全球航運龍頭,109,0,109,凱基-中港,2024-10-01,9202
00706L,期元大S＆P日圓正2,98,0,98,凱基-中港,2024-10-01,9202
00953B,群益優選非投等債,100,20,80,凱基-中港,2024-10-01,9202
00679B,元大美債20年,123,61,62,凱基-中港,2024-10-01,9202
00922,國泰台灣領袖50,61,0,61,凱基-中港,2024-10-01,9202
00940,元大台灣價值高息,53,4,49,凱基-中港,2024-10-01,9202
2615,萬海,58,11,47,凱基-中港,2024-10-01,9202
3024,憶聲,47,0,47,凱基-中港,2024-10-01,9202
00687B,國泰20年美債,44,1,43,凱基-中港,2024-10-01,9202
9933,中鼎,42,0,42,凱基-中港,2024-10-01,9202
00929,復華台灣科技優息,76,36,40,凱基-中港,2024-10-01,9202
2243,宏旭-KY,106,66,40,凱基-中港,2024-10-01,9202
2371,大同,39,1,38,凱基-中港,2024-10-01,9202
0056,元大高股息,39,3,36,凱基-中港,2024-10-01,9202
8473,山林水,35,0,35,凱基-中港,2024-10-01,9202
1314,中石化,35,0,35,凱基-中港,2024-10-01,9202
5483,中美晶,32,0,32,凱基-中港,2024-10-01,9202
2886,兆豐金,32,0,32,凱基-中港,2024-10-01,9202
1909,榮成,30,0,30,凱基-中港,2024-10-01,9202
2929,淘帝-KY,114,84,30,凱基-中港,2024-10-01,9202
1785,光洋科,31,5,26,凱基-中港,2024-10-01,9202
3481,群創,36,10,26,凱基-中港,2024-10-01,9202
2801,彰銀,25,0,25,凱基-中港,2024-10-01,9202
2303,聯電,25,0,25,凱基-中港,2024-10-01,9202
2883,凱基金,24,0,24,凱基-中港,2024-10-01,9202
00753L,中信中國50正2,49,26,23,凱基-中港,2024-10-01,9202
6207,雷科,23,1,22,凱基-中港,2024-10-01,9202
00952,凱基台灣AI50,46,25,21,凱基-中港,2024-10-01,9202
00665L,富邦�琤肭磪囓�2,25,4,21,凱基-中港,2024-10-01,9202
2106,建大,20,0,20,凱基-中港,2024-10-01,9202
00638R,元大滬深300反1,20,0,20,凱基-中港,2024-10-01,9202
2108,南帝,19,0,19,凱基-中港,2024-10-01,9202
2406,國碩,19,0,19,凱基-中港,2024-10-01,9202
00937B,群益ESG投等債20,23,5,18,凱基-中港,2024-10-01,9202
2515,中工,17,0,17,凱基-中港,2024-10-01,9202
3062,建漢,16,0,16,凱基-中港,2024-10-01,9202
00650L,復華香港正2,22,6,16,凱基-中港,2024-10-01,9202
00639,富邦深100,16,0,16,凱基-中港,2024-10-01,9202
9945,潤泰新,16,0,16,凱基-中港,2024-10-01,9202
1718,中纖,15,0,15,凱基-中港,2024-10-01,9202
2913,農林,20,5,15,凱基-中港,2024-10-01,9202
00637L,元大滬深300正2,17,2,15,凱基-中港,2024-10-01,9202
2413,環科,15,0,15,凱基-中港,2024-10-01,9202
6757,台灣虎航,15,0,15,凱基-中港,2024-10-01,9202
2388,威盛,17,2,15,凱基-中港,2024-10-01,9202
0050,元大台灣50,14,1,13,凱基-中港,2024-10-01,9202
2455,全新,36,23,13,凱基-中港,2024-10-01,9202
9921,巨大,13,0,13,凱基-中港,2024-10-01,9202
1799,易威,13,0,13,凱基-中港,2024-10-01,9202
8028,昇陽半導體,185,1,184,凱基-中港,2024-10-04,9202
2618,長榮航,141,25,116,凱基-中港,2024-10-04,9202
00887,永豐中國科技50大,121,16,105,凱基-中港,2024-10-04,9202
3374,精材,96,3,93,凱基-中港,2024-10-04,9202
0056,元大高股息,90,1,89,凱基-中港,2024-10-04,9202
2609,陽明,98,15,83,凱基-中港,2024-10-04,9202
4526,東台,81,0,81,凱基-中港,2024-10-04,9202
00753L,中信中國50正2,186,119,67,凱基-中港,2024-10-04,9202
2610,華航,59,0,59,凱基-中港,2024-10-04,9202
00706L,期元大S＆P日圓正2,59,0,59,凱基-中港,2024-10-04,9202
006206,元大上證50,57,0,57,凱基-中港,2024-10-04,9202
1218,泰山,50,0,50,凱基-中港,2024-10-04,9202
5351,鈺創,52,3,49,凱基-中港,2024-10-04,9202
00725B,國泰投資級公司債,47,0,47,凱基-中港,2024-10-04,9202
1718,中纖,57,10,47,凱基-中港,2024-10-04,9202
2353,宏��,47,2,45,凱基-中港,2024-10-04,9202
00905,FT臺灣Smart,45,0,45,凱基-中港,2024-10-04,9202
8112,至上,45,0,45,凱基-中港,2024-10-04,9202
2303,聯電,63,19,44,凱基-中港,2024-10-04,9202
00948B,中信優息投資級債,51,7,44,凱基-中港,2024-10-04,9202
2413,環科,39,0,39,凱基-中港,2024-10-04,9202
00919,群益台灣精選高息,66,28,38,凱基-中港,2024-10-04,9202
00943,兆豐電子高息等權,38,0,38,凱基-中港,2024-10-04,9202
2883,凱基金,37,1,36,凱基-中港,2024-10-04,9202
00897,富邦基因免疫生技,34,0,34,凱基-中港,2024-10-04,9202
2603,長榮,683,651,32,凱基-中港,2024-10-04,9202
00918,大華優利高填息30,31,0,31,凱基-中港,2024-10-04,9202
2399,映泰,192,162,30,凱基-中港,2024-10-04,9202
3430,奇鈦科,37,8,29,凱基-中港,2024-10-04,9202
006205,富邦上証,30,1,29,凱基-中港,2024-10-04,9202
00878,國泰永續高股息,34,5,29,凱基-中港,2024-10-04,9202
2356,英業達,28,0,28,凱基-中港,2024-10-04,9202
4523,永彰,28,0,28,凱基-中港,2024-10-04,9202
8064,東捷,31,4,27,凱基-中港,2024-10-04,9202
6530,創威,47,23,24,凱基-中港,2024-10-04,9202
2371,大同,32,9,23,凱基-中港,2024-10-04,9202
1563,巧新,23,0,23,凱基-中港,2024-10-04,9202
3231,緯創,30,9,21,凱基-中港,2024-10-04,9202
8096,擎亞,20,1,19,凱基-中港,2024-10-04,9202
2474,可成,19,1,18,凱基-中港,2024-10-04,9202
6505,台塑化,20,3,17,凱基-中港,2024-10-04,9202
2884,玉山金,17,0,17,凱基-中港,2024-10-04,9202
2367,燿華,17,1,16,凱基-中港,2024-10-04,9202
3234,光環,22,6,16,凱基-中港,2024-10-04,9202
00922,國泰台灣領袖50,15,0,15,凱基-中港,2024-10-04,9202
3708,上緯投控,21,6,15,凱基-中港,2024-10-04,9202
00713,元大台灣高息低波,14,0,14,凱基-中港,2024-10-04,9202
3081,聯亞,48,35,13,凱基-中港,2024-10-04,9202
4303,信立,20,7,13,凱基-中港,2024-10-04,9202
6451,訊芯-KY,15,2,13,凱基-中港,2024-10-04,9202
9958,世紀鋼,551,2,549,凱基-中港,2024-10-07,9202
1702,南僑,616,76,540,凱基-中港,2024-10-07,9202
2886,兆豐金,363,1,362,凱基-中港,2024-10-07,9202
00680L,元大美債20正2,309,30,279,凱基-中港,2024-10-07,9202
00632R,元大台灣50反1,271,15,256,凱基-中港,2024-10-07,9202
00665L,富邦�琤肭磪囓�2,263,37,226,凱基-中港,2024-10-07,9202
00753L,中信中國50正2,485,288,197,凱基-中港,2024-10-07,9202
00953B,群益優選非投等債,170,0,170,凱基-中港,2024-10-07,9202
9907,統一實,100,2,98,凱基-中港,2024-10-07,9202
0061,元大寶滬深,85,2,83,凱基-中港,2024-10-07,9202
2929,淘帝-KY,155,87,68,凱基-中港,2024-10-07,9202
00882,中信中國高股息,114,50,64,凱基-中港,2024-10-07,9202
0056,元大高股息,69,6,63,凱基-中港,2024-10-07,9202
00919,群益台灣精選高息,69,13,56,凱基-中港,2024-10-07,9202
6143,振曜,44,0,44,凱基-中港,2024-10-07,9202
2317,鴻海,75,39,36,凱基-中港,2024-10-07,9202
6548,長科*,36,0,36,凱基-中港,2024-10-07,9202
2413,環科,34,0,34,凱基-中港,2024-10-07,9202
1326,台化,42,10,32,凱基-中港,2024-10-07,9202
00922,國泰台灣領袖50,36,4,32,凱基-中港,2024-10-07,9202
1314,中石化,78,48,30,凱基-中港,2024-10-07,9202
1809,中釉,36,6,30,凱基-中港,2024-10-07,9202
3034,聯詠,30,1,29,凱基-中港,2024-10-07,9202
00706L,期元大S＆P日圓正2,34,5,29,凱基-中港,2024-10-07,9202
3380,明泰,32,4,28,凱基-中港,2024-10-07,9202
006207,復華滬深,28,0,28,凱基-中港,2024-10-07,9202
3591,艾笛森,75,47,28,凱基-中港,2024-10-07,9202
00878,國泰永續高股息,30,3,27,凱基-中港,2024-10-07,9202
2498,宏達電,39,13,26,凱基-中港,2024-10-07,9202
1301,台塑,29,4,25,凱基-中港,2024-10-07,9202
6218,豪勉,26,3,23,凱基-中港,2024-10-07,9202
2356,英業達,28,5,23,凱基-中港,2024-10-07,9202
4977,眾達-KY,30,8,22,凱基-中港,2024-10-07,9202
8411,福貞-KY,22,0,22,凱基-中港,2024-10-07,9202
2439,美律,23,2,21,凱基-中港,2024-10-07,9202
5907,大洋-KY,156,135,21,凱基-中港,2024-10-07,9202
3508,位速,21,0,21,凱基-中港,2024-10-07,9202
2108,南帝,20,0,20,凱基-中港,2024-10-07,9202
3050,鈺德,20,1,19,凱基-中港,2024-10-07,9202
00639,富邦深100,22,3,19,凱基-中港,2024-10-07,9202
9935,慶豐富,19,0,19,凱基-中港,2024-10-07,9202
00636,國泰中國A50,42,23,19,凱基-中港,2024-10-07,9202
2867,三商壽,18,0,18,凱基-中港,2024-10-07,9202
3019,亞光,20,2,18,凱基-中港,2024-10-07,9202
2359,所羅門,22,4,18,凱基-中港,2024-10-07,9202
6821,聯寶,18,0,18,凱基-中港,2024-10-07,9202
00631L,元大台灣50正2,23,8,15,凱基-中港,2024-10-07,9202
00943,兆豐電子高息等權,17,2,15,凱基-中港,2024-10-07,9202
00937B,群益ESG投等債20,23,8,15,凱基-中港,2024-10-07,9202
00957B,兆豐US優選投等債,15,0,15,凱基-中港,2024-10-07,9202
2886,兆豐金,1140,0,1140,凱基-中港,2024-10-08,9202
2601,益航,197,34,163,凱基-中港,2024-10-08,9202
2883B,凱基金乙特,150,0,150,凱基-中港,2024-10-08,9202
2330,台積電,158,30,128,凱基-中港,2024-10-08,9202
00882,中信中國高股息,294,173,121,凱基-中港,2024-10-08,9202
2363,矽統,286,177,109,凱基-中港,2024-10-08,9202
00887,永豐中國科技50大,114,8,106,凱基-中港,2024-10-08,9202
00637L,元大滬深300正2,661,558,103,凱基-中港,2024-10-08,9202
00753L,中信中國50正2,161,71,90,凱基-中港,2024-10-08,9202
00665L,富邦�琤肭磪囓�2,459,381,78,凱基-中港,2024-10-08,9202
00929,復華台灣科技優息,103,27,76,凱基-中港,2024-10-08,9202
1815,富喬,69,2,67,凱基-中港,2024-10-08,9202
00945B,凱基美國非投等債,101,35,66,凱基-中港,2024-10-08,9202
0056,元大高股息,71,6,65,凱基-中港,2024-10-08,9202
4716,大立,75,12,63,凱基-中港,2024-10-08,9202
00937B,群益ESG投等債20,57,1,56,凱基-中港,2024-10-08,9202
00687B,國泰20年美債,55,2,53,凱基-中港,2024-10-08,9202
00878,國泰永續高股息,53,2,51,凱基-中港,2024-10-08,9202
00752,中信中國50,51,6,45,凱基-中港,2024-10-08,9202
2929,淘帝-KY,79,36,43,凱基-中港,2024-10-08,9202
1314,中石化,48,5,43,凱基-中港,2024-10-08,9202
00919,群益台灣精選高息,50,8,42,凱基-中港,2024-10-08,9202
00948B,中信優息投資級債,41,0,41,凱基-中港,2024-10-08,9202
00679B,元大美債20年,50,10,40,凱基-中港,2024-10-08,9202
00712,復華富時不動產,40,0,40,凱基-中港,2024-10-08,9202
00635U,期元大S＆P黃金,42,3,39,凱基-中港,2024-10-08,9202
00706L,期元大S＆P日圓正2,39,0,39,凱基-中港,2024-10-08,9202
00943,兆豐電子高息等權,37,0,37,凱基-中港,2024-10-08,9202
00922,國泰台灣領袖50,34,0,34,凱基-中港,2024-10-08,9202
2362,藍天,51,17,34,凱基-中港,2024-10-08,9202
4526,東台,32,0,32,凱基-中港,2024-10-08,9202
2610,華航,36,5,31,凱基-中港,2024-10-08,9202
2031,新光鋼,30,0,30,凱基-中港,2024-10-08,9202
00795B,中信美國公債20年,30,0,30,凱基-中港,2024-10-08,9202
3481,群創,31,2,29,凱基-中港,2024-10-08,9202
00703,台新MSCI中國,29,0,29,凱基-中港,2024-10-08,9202
6202,盛群,28,0,28,凱基-中港,2024-10-08,9202
00650L,復華香港正2,41,13,28,凱基-中港,2024-10-08,9202
2408,南亞科,57,29,28,凱基-中港,2024-10-08,9202
2317,鴻海,30,7,23,凱基-中港,2024-10-08,9202
00918,大華優利高填息30,28,5,23,凱基-中港,2024-10-08,9202
5443,均豪,72,50,22,凱基-中港,2024-10-08,9202
2426,鼎元,53,32,21,凱基-中港,2024-10-08,9202
00633L,富邦上証正2,37,16,21,凱基-中港,2024-10-08,9202
3715,定穎投控,23,2,21,凱基-中港,2024-10-08,9202
8404,百和興業-KY,52,32,20,凱基-中港,2024-10-08,9202
2022,聚亨,20,0,20,凱基-中港,2024-10-08,9202
2413,環科,20,0,20,凱基-中港,2024-10-08,9202
00830,國泰費城半導體,20,0,20,凱基-中港,2024-10-08,9202
5876,上海商銀,22,2,20,凱基-中港,2024-10-08,9202
2317,鴻海,1233,108,1125,凱基-中港,2024-10-09,9202
00637L,元大滬深300正2,781,468,313,凱基-中港,2024-10-09,9202
00665L,富邦�琤肭磪囓�2,398,111,287,凱基-中港,2024-10-09,9202
2618,長榮航,153,2,151,凱基-中港,2024-10-09,9202
2883B,凱基金乙特,150,0,150,凱基-中港,2024-10-09,9202
00882,中信中國高股息,315,168,147,凱基-中港,2024-10-09,9202
00650L,復華香港正2,142,0,142,凱基-中港,2024-10-09,9202
6126,信音,128,3,125,凱基-中港,2024-10-09,9202
3591,艾笛森,119,3,116,凱基-中港,2024-10-09,9202
2402,毅嘉,165,50,115,凱基-中港,2024-10-09,9202
00632R,元大台灣50反1,176,67,109,凱基-中港,2024-10-09,9202
3481,群創,107,0,107,凱基-中港,2024-10-09,9202
3049,精金,105,37,68,凱基-中港,2024-10-09,9202
00753L,中信中國50正2,263,196,67,凱基-中港,2024-10-09,9202
2303,聯電,86,20,66,凱基-中港,2024-10-09,9202
00937B,群益ESG投等債20,54,0,54,凱基-中港,2024-10-09,9202
3380,明泰,79,26,53,凱基-中港,2024-10-09,9202
00680L,元大美債20正2,52,0,52,凱基-中港,2024-10-09,9202
00922,國泰台灣領袖50,46,2,44,凱基-中港,2024-10-09,9202
5009,榮剛,41,0,41,凱基-中港,2024-10-09,9202
3024,憶聲,41,0,41,凱基-中港,2024-10-09,9202
00679B,元大美債20年,49,8,41,凱基-中港,2024-10-09,9202
2413,環科,40,0,40,凱基-中港,2024-10-09,9202
5443,均豪,171,131,40,凱基-中港,2024-10-09,9202
2367,燿華,47,9,38,凱基-中港,2024-10-09,9202
1815,富喬,42,4,38,凱基-中港,2024-10-09,9202
2601,益航,72,40,32,凱基-中港,2024-10-09,9202
3615,安可,40,10,30,凱基-中港,2024-10-09,9202
6202,盛群,33,3,30,凱基-中港,2024-10-09,9202
2888,新光金,48,18,30,凱基-中港,2024-10-09,9202
00915,凱基優選高股息30,27,0,27,凱基-中港,2024-10-09,9202
2344,華邦電,27,0,27,凱基-中港,2024-10-09,9202
0050,元大台灣50,30,5,25,凱基-中港,2024-10-09,9202
2603,長榮,26,1,25,凱基-中港,2024-10-09,9202
1314,中石化,30,5,25,凱基-中港,2024-10-09,9202
2890,永豐金,24,0,24,凱基-中港,2024-10-09,9202
4977,眾達-KY,96,72,24,凱基-中港,2024-10-09,9202
2002,中鋼,23,0,23,凱基-中港,2024-10-09,9202
2891,中信金,31,8,23,凱基-中港,2024-10-09,9202
1605,華新,22,2,20,凱基-中港,2024-10-09,9202
2033,佳大,20,0,20,凱基-中港,2024-10-09,9202
1718,中纖,20,0,20,凱基-中港,2024-10-09,9202
00905,FT臺灣Smart,20,0,20,凱基-中港,2024-10-09,9202
6165,浪凡,20,0,20,凱基-中港,2024-10-09,9202
00783,富邦中証500,21,1,20,凱基-中港,2024-10-09,9202
00919,群益台灣精選高息,26,8,18,凱基-中港,2024-10-09,9202
00633L,富邦上証正2,24,6,18,凱基-中港,2024-10-09,9202
2408,南亞科,23,5,18,凱基-中港,2024-10-09,9202
2427,三商電,18,1,17,凱基-中港,2024-10-09,9202
00639,富邦深100,21,4,17,凱基-中港,2024-10-09,9202
2883,凱基金,3743,242,3501,凱基-中港,2024-10-11,9202
2317,鴻海,1282,185,1097,凱基-中港,2024-10-11,9202
00632R,元大台灣50反1,582,5,577,凱基-中港,2024-10-11,9202
2886,兆豐金,288,4,284,凱基-中港,2024-10-11,9202
9935,慶豐富,193,15,178,凱基-中港,2024-10-11,9202
00637L,元大滬深300正2,252,102,150,凱基-中港,2024-10-11,9202
00680L,元大美債20正2,260,155,105,凱基-中港,2024-10-11,9202
3591,艾笛森,142,74,68,凱基-中港,2024-10-11,9202
2887,台新金,67,0,67,凱基-中港,2024-10-11,9202
00688L,國泰20年美債正2,68,3,65,凱基-中港,2024-10-11,9202
1314,中石化,64,0,64,凱基-中港,2024-10-11,9202
2601,益航,61,0,61,凱基-中港,2024-10-11,9202
3715,定穎投控,71,10,61,凱基-中港,2024-10-11,9202
2413,環科,60,0,60,凱基-中港,2024-10-11,9202
00665L,富邦�琤肭磪囓�2,101,43,58,凱基-中港,2024-10-11,9202
00720B,元大投資級公司債,49,0,49,凱基-中港,2024-10-11,9202
00753L,中信中國50正2,201,155,46,凱基-中港,2024-10-11,9202
3003,健和興,40,0,40,凱基-中港,2024-10-11,9202
2421,建準,43,6,37,凱基-中港,2024-10-11,9202
3481,群創,35,2,33,凱基-中港,2024-10-11,9202
2501,國建,31,0,31,凱基-中港,2024-10-11,9202
00715L,期街口布蘭特正2,55,25,30,凱基-中港,2024-10-11,9202
3380,明泰,32,3,29,凱基-中港,2024-10-11,9202
00937B,群益ESG投等債20,39,10,29,凱基-中港,2024-10-11,9202
00655L,國泰中國A50正2,26,0,26,凱基-中港,2024-10-11,9202
0050,元大台灣50,30,5,25,凱基-中港,2024-10-11,9202
2356,英業達,31,6,25,凱基-中港,2024-10-11,9202
00915,凱基優選高股息30,26,1,25,凱基-中港,2024-10-11,9202
00922,國泰台灣領袖50,30,5,25,凱基-中港,2024-10-11,9202
00751B,元大AAA至A公司債,23,0,23,凱基-中港,2024-10-11,9202
5443,均豪,33,11,22,凱基-中港,2024-10-11,9202
8111,立��,79,57,22,凱基-中港,2024-10-11,9202
2542,興富發,25,4,21,凱基-中港,2024-10-11,9202
4714,永捷,20,0,20,凱基-中港,2024-10-11,9202
8076,伍豐,20,0,20,凱基-中港,2024-10-11,9202
3576,聯合再生,20,0,20,凱基-中港,2024-10-11,9202
00912,中信臺灣智慧50,20,0,20,凱基-中港,2024-10-11,9202
2906,高林,20,0,20,凱基-中港,2024-10-11,9202
2402,毅嘉,61,41,20,凱基-中港,2024-10-11,9202
9921,巨大,18,0,18,凱基-中港,2024-10-11,9202
00882,中信中國高股息,54,36,18,凱基-中港,2024-10-11,9202
00887,永豐中國科技50大,39,21,18,凱基-中港,2024-10-11,9202
4967,十銓,23,7,16,凱基-中港,2024-10-11,9202
00957B,兆豐US優選投等債,16,0,16,凱基-中港,2024-10-11,9202
2399,映泰,62,47,15,凱基-中港,2024-10-11,9202
8028,昇陽半導體,31,16,15,凱基-中港,2024-10-11,9202
2449,京元電子,40,26,14,凱基-中港,2024-10-11,9202
2374,佳能,14,1,13,凱基-中港,2024-10-11,9202
6164,華興,13,0,13,凱基-中港,2024-10-11,9202
00752,中信中國50,13,0,13,凱基-中港,2024-10-11,9202
2317,鴻海,721,47,674,凱基-中港,2024-10-14,9202
8034,榮群,102,0,102,凱基-中港,2024-10-14,9202
2887,台新金,89,1,88,凱基-中港,2024-10-14,9202
8032,光菱,71,3,68,凱基-中港,2024-10-14,9202
00752,中信中國50,62,2,60,凱基-中港,2024-10-14,9202
00922,國泰台灣領袖50,57,0,57,凱基-中港,2024-10-14,9202
8011,台通,74,17,57,凱基-中港,2024-10-14,9202
00637L,元大滬深300正2,131,75,56,凱基-中港,2024-10-14,9202
00639,富邦深100,59,3,56,凱基-中港,2024-10-14,9202
2344,華邦電,55,0,55,凱基-中港,2024-10-14,9202
00665L,富邦�琤肭磪囓�2,68,18,50,凱基-中港,2024-10-14,9202
2615,萬海,54,7,47,凱基-中港,2024-10-14,9202
0056,元大高股息,53,10,43,凱基-中港,2024-10-14,9202
2888,新光金,148,105,43,凱基-中港,2024-10-14,9202
8028,昇陽半導體,74,36,38,凱基-中港,2024-10-14,9202
6830,汎銓,47,10,37,凱基-中港,2024-10-14,9202
00688L,國泰20年美債正2,36,0,36,凱基-中港,2024-10-14,9202
9907,統一實,50,15,35,凱基-中港,2024-10-14,9202
00680L,元大美債20正2,46,14,32,凱基-中港,2024-10-14,9202
00650L,復華香港正2,31,0,31,凱基-中港,2024-10-14,9202
1464,得力,35,4,31,凱基-中港,2024-10-14,9202
2312,金寶,58,30,28,凱基-中港,2024-10-14,9202
00948B,中信優息投資級債,27,0,27,凱基-中港,2024-10-14,9202
8097,常珵,27,0,27,凱基-中港,2024-10-14,9202
00915,凱基優選高股息30,26,4,22,凱基-中港,2024-10-14,9202
4763,材料-KY,22,0,22,凱基-中港,2024-10-14,9202
1808,潤隆,23,1,22,凱基-中港,2024-10-14,9202
00857B,永豐20年美公債,21,0,21,凱基-中港,2024-10-14,9202
4714,永捷,22,1,21,凱基-中港,2024-10-14,9202
2413,環科,20,0,20,凱基-中港,2024-10-14,9202
2906,高林,20,0,20,凱基-中港,2024-10-14,9202
00945B,凱基美國非投等債,20,0,20,凱基-中港,2024-10-14,9202
00712,復華富時不動產,19,0,19,凱基-中港,2024-10-14,9202
2498,宏達電,17,1,16,凱基-中港,2024-10-14,9202
5324,士開,15,0,15,凱基-中港,2024-10-14,9202
3591,艾笛森,25,10,15,凱基-中港,2024-10-14,9202
00937B,群益ESG投等債20,36,22,14,凱基-中港,2024-10-14,9202
3049,精金,32,18,14,凱基-中港,2024-10-14,9202
1326,台化,32,19,13,凱基-中港,2024-10-14,9202
2634,漢翔,13,0,13,凱基-中港,2024-10-14,9202
2449,京元電子,23,11,12,凱基-中港,2024-10-14,9202
2323,中環,17,5,12,凱基-中港,2024-10-14,9202
3019,亞光,16,4,12,凱基-中港,2024-10-14,9202
6290,良維,16,4,12,凱基-中港,2024-10-14,9202
2618,長榮航,12,0,12,凱基-中港,2024-10-14,9202
00720B,元大投資級公司債,13,2,11,凱基-中港,2024-10-14,9202
4956,光鋐,49,38,11,凱基-中港,2024-10-14,9202
00795B,中信美國公債20年,13,2,11,凱基-中港,2024-10-14,9202
2002,中鋼,15,5,10,凱基-中港,2024-10-14,9202
3323,加百裕,10,0,10,凱基-中港,2024-10-14,9202
00680L,元大美債20正2,292,0,292,凱基-中港,2024-10-15,9202
00632R,元大台灣50反1,221,35,186,凱基-中港,2024-10-15,9202
0056,元大高股息,167,10,157,凱基-中港,2024-10-15,9202
00943,兆豐電子高息等權,166,10,156,凱基-中港,2024-10-15,9202
2888,新光金,165,44,121,凱基-中港,2024-10-15,9202
00688L,國泰20年美債正2,110,1,109,凱基-中港,2024-10-15,9202
00948B,中信優息投資級債,99,0,99,凱基-中港,2024-10-15,9202
00951,台新日本半導體,100,2,98,凱基-中港,2024-10-15,9202
2601,益航,92,0,92,凱基-中港,2024-10-15,9202
00637L,元大滬深300正2,91,1,90,凱基-中港,2024-10-15,9202
00887,永豐中國科技50大,170,82,88,凱基-中港,2024-10-15,9202
00753L,中信中國50正2,89,3,86,凱基-中港,2024-10-15,9202
2892,第一金,83,2,81,凱基-中港,2024-10-15,9202
00650L,復華香港正2,49,1,48,凱基-中港,2024-10-15,9202
5443,均豪,58,10,48,凱基-中港,2024-10-15,9202
6126,信音,70,23,47,凱基-中港,2024-10-15,9202
2409,友達,42,0,42,凱基-中港,2024-10-15,9202
2887,台新金,42,1,41,凱基-中港,2024-10-15,9202
00715L,期街口布蘭特正2,50,10,40,凱基-中港,2024-10-15,9202
6139,亞翔,39,0,39,凱基-中港,2024-10-15,9202
2363,矽統,149,114,35,凱基-中港,2024-10-15,9202
00687B,國泰20年美債,46,11,35,凱基-中港,2024-10-15,9202
3017,奇鋐,57,23,34,凱基-中港,2024-10-15,9202
00679B,元大美債20年,42,9,33,凱基-中港,2024-10-15,9202
5483,中美晶,32,0,32,凱基-中港,2024-10-15,9202
8033,雷虎,31,0,31,凱基-中港,2024-10-15,9202
00945B,凱基美國非投等債,31,0,31,凱基-中港,2024-10-15,9202
00882,中信中國高股息,54,24,30,凱基-中港,2024-10-15,9202
00911,兆豐洲際半導體,30,0,30,凱基-中港,2024-10-15,9202
6156,松上,31,3,28,凱基-中港,2024-10-15,9202
3163,波若威,33,8,25,凱基-中港,2024-10-15,9202
00830,國泰費城半導體,26,2,24,凱基-中港,2024-10-15,9202
00665L,富邦�琤肭磪囓�2,23,0,23,凱基-中港,2024-10-15,9202
1712,興農,22,0,22,凱基-中港,2024-10-15,9202
3715,定穎投控,22,0,22,凱基-中港,2024-10-15,9202
6525,捷敏-KY,25,3,22,凱基-中港,2024-10-15,9202
4904,遠傳,22,1,21,凱基-中港,2024-10-15,9202
2399,映泰,54,33,21,凱基-中港,2024-10-15,9202
6806,森崴能源,21,0,21,凱基-中港,2024-10-15,9202
00725B,國泰投資級公司債,20,0,20,凱基-中港,2024-10-15,9202
3406,玉晶光,21,1,20,凱基-中港,2024-10-15,9202
00958B,永豐ESG銀行債15,20,0,20,凱基-中港,2024-10-15,9202
00942B,台新美A公司債20+,20,0,20,凱基-中港,2024-10-15,9202
6213,聯茂,23,3,20,凱基-中港,2024-10-15,9202
2834,臺企銀,38,19,19,凱基-中港,2024-10-15,9202
3498,陽程,36,19,17,凱基-中港,2024-10-15,9202
2312,金寶,32,15,17,凱基-中港,2024-10-15,9202
2489,瑞軒,20,4,16,凱基-中港,2024-10-15,9202
2365,昆盈,18,2,16,凱基-中港,2024-10-15,9202
00915,凱基優選高股息30,28,12,16,凱基-中港,2024-10-15,9202
00680L,元大美債20正2,379,11,368,凱基-中港,2024-10-16,9202
9935,慶豐富,144,24,120,凱基-中港,2024-10-16,9202
00912,中信臺灣智慧50,120,20,100,凱基-中港,2024-10-16,9202
2615,萬海,96,3,93,凱基-中港,2024-10-16,9202
00887,永豐中國科技50大,124,34,90,凱基-中港,2024-10-16,9202
00637L,元大滬深300正2,178,104,74,凱基-中港,2024-10-16,9202
0056,元大高股息,79,5,74,凱基-中港,2024-10-16,9202
00922,國泰台灣領袖50,58,1,57,凱基-中港,2024-10-16,9202
00941,中信上游半導體,56,0,56,凱基-中港,2024-10-16,9202
00752,中信中國50,76,25,51,凱基-中港,2024-10-16,9202
2022,聚亨,40,0,40,凱基-中港,2024-10-16,9202
2425,承啟,39,1,38,凱基-中港,2024-10-16,9202
00687B,國泰20年美債,47,13,34,凱基-中港,2024-10-16,9202
00915,凱基優選高股息30,47,14,33,凱基-中港,2024-10-16,9202
2887,台新金,31,0,31,凱基-中港,2024-10-16,9202
00706L,期元大S＆P日圓正2,30,0,30,凱基-中港,2024-10-16,9202
3702,大聯大,30,0,30,凱基-中港,2024-10-16,9202
1314,中石化,33,4,29,凱基-中港,2024-10-16,9202
4541,晟田,29,0,29,凱基-中港,2024-10-16,9202
2303,聯電,28,0,28,凱基-中港,2024-10-16,9202
4977,眾達-KY,74,46,28,凱基-中港,2024-10-16,9202
0050,元大台灣50,26,1,25,凱基-中港,2024-10-16,9202
3163,波若威,27,3,24,凱基-中港,2024-10-16,9202
2344,華邦電,24,0,24,凱基-中港,2024-10-16,9202
00943,兆豐電子高息等權,36,12,24,凱基-中港,2024-10-16,9202
00878,國泰永續高股息,30,7,23,凱基-中港,2024-10-16,9202
5876,上海商銀,22,0,22,凱基-中港,2024-10-16,9202
00753L,中信中國50正2,47,25,22,凱基-中港,2024-10-16,9202
1802,台玻,28,6,22,凱基-中港,2024-10-16,9202
2882,國泰金,21,0,21,凱基-中港,2024-10-16,9202
00665L,富邦�琤肭磪囓�2,38,17,21,凱基-中港,2024-10-16,9202
3042,晶技,20,0,20,凱基-中港,2024-10-16,9202
3232,昱捷,20,0,20,凱基-中港,2024-10-16,9202
00945B,凱基美國非投等債,20,0,20,凱基-中港,2024-10-16,9202
4714,永捷,20,0,20,凱基-中港,2024-10-16,9202
00730,富邦臺灣優質高息,21,2,19,凱基-中港,2024-10-16,9202
2812,台中銀,19,0,19,凱基-中港,2024-10-16,9202
2421,建準,43,24,19,凱基-中港,2024-10-16,9202
3689,湧德,18,0,18,凱基-中港,2024-10-16,9202
4716,大立,22,5,17,凱基-中港,2024-10-16,9202
3071,協禧,16,0,16,凱基-中港,2024-10-16,9202
4903,聯光通,27,11,16,凱基-中港,2024-10-16,9202
2408,南亞科,21,6,15,凱基-中港,2024-10-16,9202
00650L,復華香港正2,21,6,15,凱基-中港,2024-10-16,9202
2413,環科,15,0,15,凱基-中港,2024-10-16,9202
8070,長華*,15,0,15,凱基-中港,2024-10-16,9202
00881,國泰台灣5G+,16,1,15,凱基-中港,2024-10-16,9202
00725B,國泰投資級公司債,14,0,14,凱基-中港,2024-10-16,9202
00949,復華日本龍頭,14,0,14,凱基-中港,2024-10-16,9202
00931B,統一美債20年,16,2,14,凱基-中港,2024-10-16,9202
00639,富邦深100,823,3,820,凱基-中港,2024-10-17,9202
00753L,中信中國50正2,247,2,245,凱基-中港,2024-10-17,9202
00887,永豐中國科技50大,245,37,208,凱基-中港,2024-10-17,9202
2609,陽明,223,38,185,凱基-中港,2024-10-17,9202
00680L,元大美債20正2,182,21,161,凱基-中港,2024-10-17,9202
00637L,元大滬深300正2,153,0,153,凱基-中港,2024-10-17,9202
00951,台新日本半導體,130,0,130,凱基-中港,2024-10-17,9202
00665L,富邦�琤肭磪囓�2,120,7,113,凱基-中港,2024-10-17,9202
2312,金寶,116,38,78,凱基-中港,2024-10-17,9202
2356,英業達,66,2,64,凱基-中港,2024-10-17,9202
0056,元大高股息,76,31,45,凱基-中港,2024-10-17,9202
2303,聯電,47,2,45,凱基-中港,2024-10-17,9202
00941,中信上游半導體,43,3,40,凱基-中港,2024-10-17,9202
2429,銘旺科,40,0,40,凱基-中港,2024-10-17,9202
2106,建大,40,0,40,凱基-中港,2024-10-17,9202
6134,萬旭,40,2,38,凱基-中港,2024-10-17,9202
00679B,元大美債20年,38,2,36,凱基-中港,2024-10-17,9202
2399,映泰,68,36,32,凱基-中港,2024-10-17,9202
9907,統一實,30,3,27,凱基-中港,2024-10-17,9202
2323,中環,31,5,26,凱基-中港,2024-10-17,9202
4903,聯光通,48,26,22,凱基-中港,2024-10-17,9202
3149,正達,26,5,21,凱基-中港,2024-10-17,9202
5230,雷笛克光學,29,8,21,凱基-中港,2024-10-17,9202
2890,永豐金,20,0,20,凱基-中港,2024-10-17,9202
0061,元大寶滬深,20,0,20,凱基-中港,2024-10-17,9202
3066,李洲,22,2,20,凱基-中港,2024-10-17,9202
00943,兆豐電子高息等權,20,0,20,凱基-中港,2024-10-17,9202
00937B,群益ESG投等債20,20,0,20,凱基-中港,2024-10-17,9202
5452,佶優,30,10,20,凱基-中港,2024-10-17,9202
6188,廣明,32,12,20,凱基-中港,2024-10-17,9202
00882,中信中國高股息,80,61,19,凱基-中港,2024-10-17,9202
6669,緯穎,20,2,18,凱基-中港,2024-10-17,9202
3591,艾笛森,50,32,18,凱基-中港,2024-10-17,9202
00881,國泰台灣5G+,23,6,17,凱基-中港,2024-10-17,9202
5202,力新,20,4,16,凱基-中港,2024-10-17,9202
2330,台積電,25,9,16,凱基-中港,2024-10-17,9202
00688L,國泰20年美債正2,15,0,15,凱基-中港,2024-10-17,9202
00830,國泰費城半導體,14,0,14,凱基-中港,2024-10-17,9202
2633,台灣高鐵,14,0,14,凱基-中港,2024-10-17,9202
6425,易發,16,2,14,凱基-中港,2024-10-17,9202
00948B,中信優息投資級債,13,0,13,凱基-中港,2024-10-17,9202
3011,今皓,13,0,13,凱基-中港,2024-10-17,9202
3715,定穎投控,15,2,13,凱基-中港,2024-10-17,9202
006208,富邦台50,14,1,13,凱基-中港,2024-10-17,9202
00922,國泰台灣領袖50,18,5,13,凱基-中港,2024-10-17,9202
2464,盟立,29,17,12,凱基-中港,2024-10-17,9202
3163,波若威,11,0,11,凱基-中港,2024-10-17,9202
00715L,期街口布蘭特正2,11,0,11,凱基-中港,2024-10-17,9202
8111,立��,42,31,11,凱基-中港,2024-10-17,9202
5014,建錩,14,3,11,凱基-中港,2024-10-17,9202
00637L,元大滬深300正2,578,29,549,凱基-中港,2024-10-18,9202
00882,中信中國高股息,295,65,230,凱基-中港,2024-10-18,9202
00688L,國泰20年美債正2,156,0,156,凱基-中港,2024-10-18,9202
00948B,中信優息投資級債,130,0,130,凱基-中港,2024-10-18,9202
00937B,群益ESG投等債20,109,0,109,凱基-中港,2024-10-18,9202
00679B,元大美債20年,88,0,88,凱基-中港,2024-10-18,9202
00632R,元大台灣50反1,431,360,71,凱基-中港,2024-10-18,9202
2303,聯電,65,4,61,凱基-中港,2024-10-18,9202
00951,台新日本半導體,60,0,60,凱基-中港,2024-10-18,9202
2344,華邦電,61,7,54,凱基-中港,2024-10-18,9202
3591,艾笛森,61,15,46,凱基-中港,2024-10-18,9202
2312,金寶,76,30,46,凱基-中港,2024-10-18,9202
4510,高鋒,113,73,40,凱基-中港,2024-10-18,9202
5347,世界,38,2,36,凱基-中港,2024-10-18,9202
00931B,統一美債20年,34,0,34,凱基-中港,2024-10-18,9202
00643,群益深証中小,31,0,31,凱基-中港,2024-10-18,9202
6215,和椿,32,1,31,凱基-中港,2024-10-18,9202
3056,富華新,30,0,30,凱基-中港,2024-10-18,9202
3580,友威科,32,2,30,凱基-中港,2024-10-18,9202
2801,彰銀,30,0,30,凱基-中港,2024-10-18,9202
1710,東聯,26,0,26,凱基-中港,2024-10-18,9202
00945B,凱基美國非投等債,24,0,24,凱基-中港,2024-10-18,9202
3163,波若威,22,0,22,凱基-中港,2024-10-18,9202
2467,志聖,36,14,22,凱基-中港,2024-10-18,9202
4763,材料-KY,23,2,21,凱基-中港,2024-10-18,9202
2867,三商壽,25,5,20,凱基-中港,2024-10-18,9202
8033,雷虎,20,0,20,凱基-中港,2024-10-18,9202
3576,聯合再生,27,7,20,凱基-中港,2024-10-18,9202
9105,泰金寶-DR,22,3,19,凱基-中港,2024-10-18,9202
2402,毅嘉,171,152,19,凱基-中港,2024-10-18,9202
2455,全新,22,3,19,凱基-中港,2024-10-18,9202
2883,凱基金,36,17,19,凱基-中港,2024-10-18,9202
4564,元翎,20,2,18,凱基-中港,2024-10-18,9202
2065,世豐,18,0,18,凱基-中港,2024-10-18,9202
2332,友訊,38,21,17,凱基-中港,2024-10-18,9202
9908,大台北,17,0,17,凱基-中港,2024-10-18,9202
5014,建錩,20,3,17,凱基-中港,2024-10-18,9202
2374,佳能,26,9,17,凱基-中港,2024-10-18,9202
3066,李洲,19,2,17,凱基-中港,2024-10-18,9202
1536,和大,58,41,17,凱基-中港,2024-10-18,9202
1540,喬福,53,36,17,凱基-中港,2024-10-18,9202
00687B,國泰20年美債,56,40,16,凱基-中港,2024-10-18,9202
3230,錦明,17,2,15,凱基-中港,2024-10-18,9202
5452,佶優,27,12,15,凱基-中港,2024-10-18,9202
3231,緯創,40,26,14,凱基-中港,2024-10-18,9202
8064,東捷,26,12,14,凱基-中港,2024-10-18,9202
00795B,中信美國公債20年,14,0,14,凱基-中港,2024-10-18,9202
2027,大成鋼,13,0,13,凱基-中港,2024-10-18,9202
2615,萬海,14,2,12,凱基-中港,2024-10-18,9202
1563,巧新,12,0,12,凱基-中港,2024-10-18,9202
00753L,中信中國50正2,185,6,179,凱基-中港,2024-10-21,9202
00937B,群益ESG投等債20,178,16,162,凱基-中港,2024-10-21,9202
00945B,凱基美國非投等債,110,0,110,凱基-中港,2024-10-21,9202
00905,FT臺灣Smart,111,10,101,凱基-中港,2024-10-21,9202
00687B,國泰20年美債,77,3,74,凱基-中港,2024-10-21,9202
1710,東聯,74,0,74,凱基-中港,2024-10-21,9202
00951,台新日本半導體,60,0,60,凱基-中港,2024-10-21,9202
2399,映泰,67,12,55,凱基-中港,2024-10-21,9202
3481,群創,85,36,49,凱基-中港,2024-10-21,9202
00665L,富邦�琤肭磪囓�2,54,6,48,凱基-中港,2024-10-21,9202
00639,富邦深100,80,35,45,凱基-中港,2024-10-21,9202
2883,凱基金,67,25,42,凱基-中港,2024-10-21,9202
2891,中信金,41,1,40,凱基-中港,2024-10-21,9202
2882,國泰金,38,1,37,凱基-中港,2024-10-21,9202
00635U,期元大S＆P黃金,34,0,34,凱基-中港,2024-10-21,9202
00715L,期街口布蘭特正2,48,14,34,凱基-中港,2024-10-21,9202
2303,聯電,40,8,32,凱基-中港,2024-10-21,9202
8033,雷虎,31,0,31,凱基-中港,2024-10-21,9202
2603,長榮,33,6,27,凱基-中港,2024-10-21,9202
00882,中信中國高股息,48,21,27,凱基-中港,2024-10-21,9202
8103,瀚荃,25,0,25,凱基-中港,2024-10-21,9202
3081,聯亞,50,26,24,凱基-中港,2024-10-21,9202
00632R,元大台灣50反1,50,27,23,凱基-中港,2024-10-21,9202
00927,群益半導體收益,23,0,23,凱基-中港,2024-10-21,9202
8032,光菱,22,0,22,凱基-中港,2024-10-21,9202
2867,三商壽,22,0,22,凱基-中港,2024-10-21,9202
1326,台化,21,1,20,凱基-中港,2024-10-21,9202
2884,玉山金,21,1,20,凱基-中港,2024-10-21,9202
1229,聯華,20,0,20,凱基-中港,2024-10-21,9202
2801,彰銀,20,0,20,凱基-中港,2024-10-21,9202
00708L,期元大S＆P黃金正2,20,0,20,凱基-中港,2024-10-21,9202
6215,和椿,21,1,20,凱基-中港,2024-10-21,9202
00679B,元大美債20年,34,14,20,凱基-中港,2024-10-21,9202
00725B,國泰投資級公司債,18,0,18,凱基-中港,2024-10-21,9202
00948B,中信優息投資級債,18,0,18,凱基-中港,2024-10-21,9202
1595,川寶,22,5,17,凱基-中港,2024-10-21,9202
00915,凱基優選高股息30,18,1,17,凱基-中港,2024-10-21,9202
00740B,富邦全球投等債,16,0,16,凱基-中港,2024-10-21,9202
00752,中信中國50,21,5,16,凱基-中港,2024-10-21,9202
2402,毅嘉,15,0,15,凱基-中港,2024-10-21,9202
00655L,國泰中國A50正2,15,0,15,凱基-中港,2024-10-21,9202
00907,永豐優息存股,15,0,15,凱基-中港,2024-10-21,9202
2201,裕隆,15,0,15,凱基-中港,2024-10-21,9202
3050,鈺德,15,0,15,凱基-中港,2024-10-21,9202
9105,泰金寶-DR,20,6,14,凱基-中港,2024-10-21,9202
2615,萬海,89,75,14,凱基-中港,2024-10-21,9202
2313,華通,17,3,14,凱基-中港,2024-10-21,9202
00933B,國泰10Y+金融債,13,0,13,凱基-中港,2024-10-21,9202
00919,群益台灣精選高息,28,15,13,凱基-中港,2024-10-21,9202
1314,中石化,14,1,13,凱基-中港,2024-10-21,9202
00937B,群益ESG投等債20,403,0,403,凱基-中港,2024-10-22,9202
1513,中興電,201,0,201,凱基-中港,2024-10-22,9202
00882,中信中國高股息,181,3,178,凱基-中港,2024-10-22,9202
3231,緯創,202,32,170,凱基-中港,2024-10-22,9202
00679B,元大美債20年,166,16,150,凱基-中港,2024-10-22,9202
00948B,中信優息投資級債,120,0,120,凱基-中港,2024-10-22,9202
00950B,凱基A級公司債,110,0,110,凱基-中港,2024-10-22,9202
00959B,大華投等美債15Y+,102,0,102,凱基-中港,2024-10-22,9202
00680L,元大美債20正2,103,10,93,凱基-中港,2024-10-22,9202
00688L,國泰20年美債正2,127,50,77,凱基-中港,2024-10-22,9202
2363,矽統,348,279,69,凱基-中港,2024-10-22,9202
3535,晶彩科,68,15,53,凱基-中港,2024-10-22,9202
2609,陽明,104,52,52,凱基-中港,2024-10-22,9202
2330,台積電,55,7,48,凱基-中港,2024-10-22,9202
6213,聯茂,40,2,38,凱基-中港,2024-10-22,9202
00951,台新日本半導體,100,63,37,凱基-中港,2024-10-22,9202
00712,復華富時不動產,37,0,37,凱基-中港,2024-10-22,9202
00795B,中信美國公債20年,40,5,35,凱基-中港,2024-10-22,9202
00753L,中信中國50正2,45,13,32,凱基-中港,2024-10-22,9202
00905,FT臺灣Smart,48,20,28,凱基-中港,2024-10-22,9202
00933B,國泰10Y+金融債,125,97,28,凱基-中港,2024-10-22,9202
2888,新光金,47,19,28,凱基-中港,2024-10-22,9202
3706,神達,31,4,27,凱基-中港,2024-10-22,9202
3545,敦泰,27,0,27,凱基-中港,2024-10-22,9202
2002,中鋼,26,0,26,凱基-中港,2024-10-22,9202
00887,永豐中國科技50大,29,3,26,凱基-中港,2024-10-22,9202
8103,瀚荃,25,0,25,凱基-中港,2024-10-22,9202
2344,華邦電,24,0,24,凱基-中港,2024-10-22,9202
00643,群益深証中小,30,6,24,凱基-中港,2024-10-22,9202
6425,易發,25,1,24,凱基-中港,2024-10-22,9202
3037,欣興,38,16,22,凱基-中港,2024-10-22,9202
1464,得力,21,0,21,凱基-中港,2024-10-22,9202
2374,佳能,24,3,21,凱基-中港,2024-10-22,9202
00706L,期元大S＆P日圓正2,20,0,20,凱基-中港,2024-10-22,9202
2059,川湖,20,0,20,凱基-中港,2024-10-22,9202
4561,健椿,25,5,20,凱基-中港,2024-10-22,9202
2477,美隆電,19,1,18,凱基-中港,2024-10-22,9202
00751B,元大AAA至A公司債,18,0,18,凱基-中港,2024-10-22,9202
3049,精金,72,55,17,凱基-中港,2024-10-22,9202
2542,興富發,17,0,17,凱基-中港,2024-10-22,9202
2303,聯電,21,5,16,凱基-中港,2024-10-22,9202
00941,中信上游半導體,19,3,16,凱基-中港,2024-10-22,9202
00772B,中信高評級公司債,15,0,15,凱基-中港,2024-10-22,9202
1301,台塑,17,2,15,凱基-中港,2024-10-22,9202
00945B,凱基美國非投等債,20,5,15,凱基-中港,2024-10-22,9202
00696B,富邦美債20年,15,0,15,凱基-中港,2024-10-22,9202
3047,訊舟,15,0,15,凱基-中港,2024-10-22,9202
3714,富采,18,3,15,凱基-中港,2024-10-22,9202
5443,均豪,16,1,15,凱基-中港,2024-10-22,9202
3356,奇偶,24,10,14,凱基-中港,2024-10-22,9202
00937B,群益ESG投等債20,601,91,510,凱基-中港,2024-10-23,9202
2888,新光金,310,0,310,凱基-中港,2024-10-23,9202
00951,台新日本半導體,270,1,269,凱基-中港,2024-10-23,9202
00950B,凱基A級公司債,161,0,161,凱基-中港,2024-10-23,9202
3049,精金,155,5,150,凱基-中港,2024-10-23,9202
00753L,中信中國50正2,162,15,147,凱基-中港,2024-10-23,9202
00882,中信中國高股息,173,26,147,凱基-中港,2024-10-23,9202
00712,復華富時不動產,140,1,139,凱基-中港,2024-10-23,9202
3481,群創,334,200,134,凱基-中港,2024-10-23,9202
2369,菱生,163,44,119,凱基-中港,2024-10-23,9202
1513,中興電,100,3,97,凱基-中港,2024-10-23,9202
00637L,元大滬深300正2,136,53,83,凱基-中港,2024-10-23,9202
2329,華泰,102,19,83,凱基-中港,2024-10-23,9202
00680L,元大美債20正2,74,5,69,凱基-中港,2024-10-23,9202
1809,中釉,61,0,61,凱基-中港,2024-10-23,9202
3024,憶聲,61,0,61,凱基-中港,2024-10-23,9202
2330,台積電,61,3,58,凱基-中港,2024-10-23,9202
3037,欣興,74,20,54,凱基-中港,2024-10-23,9202
2883,凱基金,53,0,53,凱基-中港,2024-10-23,9202
6120,達運,54,5,49,凱基-中港,2024-10-23,9202
00679B,元大美債20年,68,20,48,凱基-中港,2024-10-23,9202
3189,景碩,58,14,44,凱基-中港,2024-10-23,9202
2542,興富發,49,5,44,凱基-中港,2024-10-23,9202
8176,智捷,35,2,33,凱基-中港,2024-10-23,9202
4729,熒茂,44,11,33,凱基-中港,2024-10-23,9202
2884,玉山金,31,0,31,凱基-中港,2024-10-23,9202
00878,國泰永續高股息,31,1,30,凱基-中港,2024-10-23,9202
2413,環科,30,0,30,凱基-中港,2024-10-23,9202
00650L,復華香港正2,30,4,26,凱基-中港,2024-10-23,9202
00953B,群益優選非投等債,26,0,26,凱基-中港,2024-10-23,9202
2867,三商壽,25,0,25,凱基-中港,2024-10-23,9202
2316,楠梓電,25,0,25,凱基-中港,2024-10-23,9202
1528,恩德,39,15,24,凱基-中港,2024-10-23,9202
9930,中聯資源,24,0,24,凱基-中港,2024-10-23,9202
2303,聯電,28,6,22,凱基-中港,2024-10-23,9202
00933B,國泰10Y+金融債,31,10,21,凱基-中港,2024-10-23,9202
1326,台化,22,2,20,凱基-中港,2024-10-23,9202
6669,緯穎,21,1,20,凱基-中港,2024-10-23,9202
2880,華南金,20,0,20,凱基-中港,2024-10-23,9202
2014,中鴻,21,1,20,凱基-中港,2024-10-23,9202
00687B,國泰20年美債,23,4,19,凱基-中港,2024-10-23,9202
4763,材料-KY,21,2,19,凱基-中港,2024-10-23,9202
4726,永昕,19,0,19,凱基-中港,2024-10-23,9202
2887,台新金,18,1,17,凱基-中港,2024-10-23,9202
00907,永豐優息存股,18,1,17,凱基-中港,2024-10-23,9202
3011,今皓,18,1,17,凱基-中港,2024-10-23,9202
2340,台亞,16,0,16,凱基-中港,2024-10-23,9202
00643,群益深証中小,15,0,15,凱基-中港,2024-10-23,9202
2105,正新,14,0,14,凱基-中港,2024-10-23,9202
6257,矽格,15,2,13,凱基-中港,2024-10-23,9202
00680L,元大美債20正2,275,2,273,凱基-中港,2024-10-24,9202
00637L,元大滬深300正2,280,14,266,凱基-中港,2024-10-24,9202
00933B,國泰10Y+金融債,138,0,138,凱基-中港,2024-10-24,9202
00897,富邦基因免疫生技,101,0,101,凱基-中港,2024-10-24,9202
2886,兆豐金,100,0,100,凱基-中港,2024-10-24,9202
00938,凱基優選30,98,10,88,凱基-中港,2024-10-24,9202
00929,復華台灣科技優息,101,34,67,凱基-中港,2024-10-24,9202
2383,台光電,65,1,64,凱基-中港,2024-10-24,9202
2601,益航,60,0,60,凱基-中港,2024-10-24,9202
2489,瑞軒,94,34,60,凱基-中港,2024-10-24,9202
1528,恩德,1134,1076,58,凱基-中港,2024-10-24,9202
00937B,群益ESG投等債20,57,1,56,凱基-中港,2024-10-24,9202
00882,中信中國高股息,86,35,51,凱基-中港,2024-10-24,9202
2344,華邦電,51,0,51,凱基-中港,2024-10-24,9202
3272,東碩,54,4,50,凱基-中港,2024-10-24,9202
2881,富邦金,52,6,46,凱基-中港,2024-10-24,9202
5234,達興材料,44,3,41,凱基-中港,2024-10-24,9202
2332,友訊,41,0,41,凱基-中港,2024-10-24,9202
00951,台新日本半導體,40,0,40,凱基-中港,2024-10-24,9202
2481,強茂,48,9,39,凱基-中港,2024-10-24,9202
6124,業強,37,0,37,凱基-中港,2024-10-24,9202
3591,艾笛森,45,9,36,凱基-中港,2024-10-24,9202
00948B,中信優息投資級債,34,0,34,凱基-中港,2024-10-24,9202
3017,奇鋐,34,1,33,凱基-中港,2024-10-24,9202
00878,國泰永續高股息,40,7,33,凱基-中港,2024-10-24,9202
4919,新唐,39,6,33,凱基-中港,2024-10-24,9202
4123,晟德,41,9,32,凱基-中港,2024-10-24,9202
8033,雷虎,41,10,31,凱基-中港,2024-10-24,9202
00665L,富邦�琤肭磪囓�2,51,23,28,凱基-中港,2024-10-24,9202
3049,精金,30,3,27,凱基-中港,2024-10-24,9202
2330,台積電,35,9,26,凱基-中港,2024-10-24,9202
1721,三晃,55,29,26,凱基-中港,2024-10-24,9202
5438,東友,26,0,26,凱基-中港,2024-10-24,9202
2014,中鴻,25,0,25,凱基-中港,2024-10-24,9202
2382,廣達,27,3,24,凱基-中港,2024-10-24,9202
2371,大同,26,2,24,凱基-中港,2024-10-24,9202
0056,元大高股息,68,44,24,凱基-中港,2024-10-24,9202
1702,南僑,33,10,23,凱基-中港,2024-10-24,9202
3481,群創,26,3,23,凱基-中港,2024-10-24,9202
6126,信音,27,5,22,凱基-中港,2024-10-24,9202
2883,凱基金,25,3,22,凱基-中港,2024-10-24,9202
1524,耿鼎,37,15,22,凱基-中港,2024-10-24,9202
6104,創惟,29,7,22,凱基-中港,2024-10-24,9202
2303,聯電,32,10,22,凱基-中港,2024-10-24,9202
5309,系統電,21,0,21,凱基-中港,2024-10-24,9202
00922,國泰台灣領袖50,22,1,21,凱基-中港,2024-10-24,9202
00687B,國泰20年美債,20,0,20,凱基-中港,2024-10-24,9202
3706,神達,21,1,20,凱基-中港,2024-10-24,9202
2540,愛山林,18,0,18,凱基-中港,2024-10-24,9202
006208,富邦台50,17,0,17,凱基-中港,2024-10-24,9202
00680L,元大美債20正2,401,70,331,凱基-中港,2024-10-25,9202
1314,中石化,166,0,166,凱基-中港,2024-10-25,9202
2618,長榮航,281,178,103,凱基-中港,2024-10-25,9202
00632R,元大台灣50反1,101,0,101,凱基-中港,2024-10-25,9202
00937B,群益ESG投等債20,98,0,98,凱基-中港,2024-10-25,9202
00950B,凱基A級公司債,90,0,90,凱基-中港,2024-10-25,9202
4526,東台,63,1,62,凱基-中港,2024-10-25,9202
2413,環科,86,26,60,凱基-中港,2024-10-25,9202
00951,台新日本半導體,60,0,60,凱基-中港,2024-10-25,9202
3715,定穎投控,80,26,54,凱基-中港,2024-10-25,9202
00715L,期街口布蘭特正2,52,0,52,凱基-中港,2024-10-25,9202
00706L,期元大S＆P日圓正2,51,0,51,凱基-中港,2024-10-25,9202
2316,楠梓電,48,0,48,凱基-中港,2024-10-25,9202
5263,智崴,50,4,46,凱基-中港,2024-10-25,9202
8021,尖點,61,19,42,凱基-中港,2024-10-25,9202
6443,元晶,40,0,40,凱基-中港,2024-10-25,9202
00688L,國泰20年美債正2,40,1,39,凱基-中港,2024-10-25,9202
8064,東捷,43,5,38,凱基-中港,2024-10-25,9202
2344,華邦電,39,2,37,凱基-中港,2024-10-25,9202
2883,凱基金,37,2,35,凱基-中港,2024-10-25,9202
1464,得力,55,22,33,凱基-中港,2024-10-25,9202
1536,和大,40,8,32,凱基-中港,2024-10-25,9202
2371,大同,30,0,30,凱基-中港,2024-10-25,9202
8033,雷虎,27,0,27,凱基-中港,2024-10-25,9202
00929,復華台灣科技優息,61,35,26,凱基-中港,2024-10-25,9202
4123,晟德,29,4,25,凱基-中港,2024-10-25,9202
8249,菱光,89,69,20,凱基-中港,2024-10-25,9202
2303,聯電,33,14,19,凱基-中港,2024-10-25,9202
00882,中信中國高股息,20,3,17,凱基-中港,2024-10-25,9202
6285,啟��,23,6,17,凱基-中港,2024-10-25,9202
00959B,大華投等美債15Y+,16,0,16,凱基-中港,2024-10-25,9202
8074,鉅橡,17,1,16,凱基-中港,2024-10-25,9202
2455,全新,16,1,15,凱基-中港,2024-10-25,9202
5607,遠雄港,15,0,15,凱基-中港,2024-10-25,9202
3466,德晉,15,0,15,凱基-中港,2024-10-25,9202
2363,矽統,20,5,15,凱基-中港,2024-10-25,9202
3029,零壹,29,16,13,凱基-中港,2024-10-25,9202
6763,綠界科技*,13,0,13,凱基-中港,2024-10-25,9202
6191,精成科,13,0,13,凱基-中港,2024-10-25,9202
00687B,國泰20年美債,23,11,12,凱基-中港,2024-10-25,9202
00941,中信上游半導體,12,0,12,凱基-中港,2024-10-25,9202
2634,漢翔,12,0,12,凱基-中港,2024-10-25,9202
00887,永豐中國科技50大,28,16,12,凱基-中港,2024-10-25,9202
6546,正基,11,0,11,凱基-中港,2024-10-25,9202
1449,佳和,11,0,11,凱基-中港,2024-10-25,9202
6241,易通展,11,0,11,凱基-中港,2024-10-25,9202
3049,精金,11,0,11,凱基-中港,2024-10-25,9202
6669,緯穎,11,0,11,凱基-中港,2024-10-25,9202
00679B,元大美債20年,11,1,10,凱基-中港,2024-10-25,9202
00636,國泰中國A50,10,0,10,凱基-中港,2024-10-25,9202
00937B,群益ESG投等債20,252,0,252,凱基-中港,2024-10-28,9202
00715L,期街口布蘭特正2,208,0,208,凱基-中港,2024-10-28,9202
2413,環科,200,15,185,凱基-中港,2024-10-28,9202
2883,凱基金,88,12,76,凱基-中港,2024-10-28,9202
00959B,大華投等美債15Y+,74,0,74,凱基-中港,2024-10-28,9202
00712,復華富時不動產,66,0,66,凱基-中港,2024-10-28,9202
00878,國泰永續高股息,70,9,61,凱基-中港,2024-10-28,9202
00687B,國泰20年美債,58,0,58,凱基-中港,2024-10-28,9202
1464,得力,56,0,56,凱基-中港,2024-10-28,9202
00679B,元大美債20年,61,10,51,凱基-中港,2024-10-28,9202
2354,鴻準,74,31,43,凱基-中港,2024-10-28,9202
00919,群益台灣精選高息,46,5,41,凱基-中港,2024-10-28,9202
2646,星宇航空,49,13,36,凱基-中港,2024-10-28,9202
6235,華孚,71,35,36,凱基-中港,2024-10-28,9202
2317,鴻海,50,21,29,凱基-中港,2024-10-28,9202
00688L,國泰20年美債正2,28,0,28,凱基-中港,2024-10-28,9202
3131,弘塑,28,1,27,凱基-中港,2024-10-28,9202
2230,泰茂,27,2,25,凱基-中港,2024-10-28,9202
2884,玉山金,23,0,23,凱基-中港,2024-10-28,9202
2605,新興,22,1,21,凱基-中港,2024-10-28,9202
5234,達興材料,21,0,21,凱基-中港,2024-10-28,9202
3231,緯創,33,12,21,凱基-中港,2024-10-28,9202
6770,力積電,29,9,20,凱基-中港,2024-10-28,9202
3466,德晉,20,0,20,凱基-中港,2024-10-28,9202
3360,尚立,20,0,20,凱基-中港,2024-10-28,9202
00931B,統一美債20年,19,0,19,凱基-中港,2024-10-28,9202
2330,台積電,36,17,19,凱基-中港,2024-10-28,9202
6548,長科*,18,0,18,凱基-中港,2024-10-28,9202
8021,尖點,50,32,18,凱基-中港,2024-10-28,9202
2344,華邦電,18,2,16,凱基-中港,2024-10-28,9202
2618,長榮航,21,5,16,凱基-中港,2024-10-28,9202
2476,鉅祥,15,0,15,凱基-中港,2024-10-28,9202
00946,群益科技高息成長,15,0,15,凱基-中港,2024-10-28,9202
2891,中信金,21,7,14,凱基-中港,2024-10-28,9202
2615,萬海,34,20,14,凱基-中港,2024-10-28,9202
4977,眾達-KY,17,3,14,凱基-中港,2024-10-28,9202
2327,國巨,13,0,13,凱基-中港,2024-10-28,9202
2303,聯電,38,25,13,凱基-中港,2024-10-28,9202
8074,鉅橡,66,53,13,凱基-中港,2024-10-28,9202
2889,國票金,12,0,12,凱基-中港,2024-10-28,9202
00772B,中信高評級公司債,12,0,12,凱基-中港,2024-10-28,9202
1717,長興,12,0,12,凱基-中港,2024-10-28,9202
00941,中信上游半導體,13,2,11,凱基-中港,2024-10-28,9202
00662,富邦NASDAQ,11,0,11,凱基-中港,2024-10-28,9202
00725B,國泰投資級公司債,10,0,10,凱基-中港,2024-10-28,9202
00713,元大台灣高息低波,10,0,10,凱基-中港,2024-10-28,9202
1605,華新,10,0,10,凱基-中港,2024-10-28,9202
00900,富邦特選高股息30,10,0,10,凱基-中港,2024-10-28,9202
6425,易發,10,0,10,凱基-中港,2024-10-28,9202
2353,宏��,13,3,10,凱基-中港,2024-10-28,9202
2413,環科,1376,43,1333,凱基-中港,2024-10-29,9202
2801,彰銀,201,0,201,凱基-中港,2024-10-29,9202
00715L,期街口布蘭特正2,141,4,137,凱基-中港,2024-10-29,9202
00929,復華台灣科技優息,140,8,132,凱基-中港,2024-10-29,9202
00680L,元大美債20正2,100,1,99,凱基-中港,2024-10-29,9202
00878,國泰永續高股息,99,1,98,凱基-中港,2024-10-29,9202
00919,群益台灣精選高息,92,8,84,凱基-中港,2024-10-29,9202
1785,光洋科,68,0,68,凱基-中港,2024-10-29,9202
2477,美隆電,69,1,68,凱基-中港,2024-10-29,9202
2883,凱基金,71,5,66,凱基-中港,2024-10-29,9202
00679B,元大美債20年,66,1,65,凱基-中港,2024-10-29,9202
0056,元大高股息,64,1,63,凱基-中港,2024-10-29,9202
2884,玉山金,61,0,61,凱基-中港,2024-10-29,9202
1218,泰山,50,0,50,凱基-中港,2024-10-29,9202
00655L,國泰中國A50正2,40,0,40,凱基-中港,2024-10-29,9202
2344,華邦電,44,5,39,凱基-中港,2024-10-29,9202
2330,台積電,46,10,36,凱基-中港,2024-10-29,9202
2317,鴻海,78,44,34,凱基-中港,2024-10-29,9202
00687B,國泰20年美債,38,5,33,凱基-中港,2024-10-29,9202
00938,凱基優選30,32,0,32,凱基-中港,2024-10-29,9202
3017,奇鋐,34,3,31,凱基-中港,2024-10-29,9202
6142,友勁,30,0,30,凱基-中港,2024-10-29,9202
00952,凱基台灣AI50,28,0,28,凱基-中港,2024-10-29,9202
00891,中信關鍵半導體,28,0,28,凱基-中港,2024-10-29,9202
00713,元大台灣高息低波,26,0,26,凱基-中港,2024-10-29,9202
2303,聯電,51,26,25,凱基-中港,2024-10-29,9202
5443,均豪,25,0,25,凱基-中港,2024-10-29,9202
00712,復華富時不動產,29,5,24,凱基-中港,2024-10-29,9202
2363,矽統,22,0,22,凱基-中港,2024-10-29,9202
00637L,元大滬深300正2,96,74,22,凱基-中港,2024-10-29,9202
6414,樺漢,23,1,22,凱基-中港,2024-10-29,9202
2312,金寶,26,5,21,凱基-中港,2024-10-29,9202
5011,久陽,21,0,21,凱基-中港,2024-10-29,9202
9935,慶豐富,21,0,21,凱基-中港,2024-10-29,9202
006208,富邦台50,24,3,21,凱基-中港,2024-10-29,9202
1528,恩德,28,8,20,凱基-中港,2024-10-29,9202
2449,京元電子,32,12,20,凱基-中港,2024-10-29,9202
00946,群益科技高息成長,20,0,20,凱基-中港,2024-10-29,9202
2351,順德,21,1,20,凱基-中港,2024-10-29,9202
3037,欣興,28,8,20,凱基-中港,2024-10-29,9202
00922,國泰台灣領袖50,44,25,19,凱基-中港,2024-10-29,9202
1597,直得,32,13,19,凱基-中港,2024-10-29,9202
2646,星宇航空,47,28,19,凱基-中港,2024-10-29,9202
00918,大華優利高填息30,19,1,18,凱基-中港,2024-10-29,9202
00706L,期元大S＆P日圓正2,18,0,18,凱基-中港,2024-10-29,9202
4716,大立,55,37,18,凱基-中港,2024-10-29,9202
2882,國泰金,21,4,17,凱基-中港,2024-10-29,9202
6156,松上,31,14,17,凱基-中港,2024-10-29,9202
5880,合庫金,20,3,17,凱基-中港,2024-10-29,9202
1314,中石化,18,2,16,凱基-中港,2024-10-29,9202
2413,環科,185,2,183,凱基-中港,2024-10-30,9202
2883,凱基金,131,17,114,凱基-中港,2024-10-30,9202
6118,建達,100,0,100,凱基-中港,2024-10-30,9202
2884,玉山金,93,0,93,凱基-中港,2024-10-30,9202
3591,艾笛森,90,5,85,凱基-中港,2024-10-30,9202
2890,永豐金,85,0,85,凱基-中港,2024-10-30,9202
00948B,中信優息投資級債,102,30,72,凱基-中港,2024-10-30,9202
00878,國泰永續高股息,68,3,65,凱基-中港,2024-10-30,9202
3024,憶聲,60,0,60,凱基-中港,2024-10-30,9202
3078,僑威,52,1,51,凱基-中港,2024-10-30,9202
0056,元大高股息,44,3,41,凱基-中港,2024-10-30,9202
00687B,國泰20年美債,40,0,40,凱基-中港,2024-10-30,9202
00680L,元大美債20正2,40,5,35,凱基-中港,2024-10-30,9202
6142,友勁,32,0,32,凱基-中港,2024-10-30,9202
00919,群益台灣精選高息,31,0,31,凱基-中港,2024-10-30,9202
00937B,群益ESG投等債20,32,1,31,凱基-中港,2024-10-30,9202
4545,銘鈺,29,1,28,凱基-中港,2024-10-30,9202
6763,綠界科技*,28,0,28,凱基-中港,2024-10-30,9202
2887,台新金,27,1,26,凱基-中港,2024-10-30,9202
2603,長榮,26,2,24,凱基-中港,2024-10-30,9202
2891,中信金,31,8,23,凱基-中港,2024-10-30,9202
2351,順德,23,1,22,凱基-中港,2024-10-30,9202
1584,精剛,21,0,21,凱基-中港,2024-10-30,9202
006208,富邦台50,21,0,21,凱基-中港,2024-10-30,9202
00713,元大台灣高息低波,20,0,20,凱基-中港,2024-10-30,9202
2353,宏��,20,0,20,凱基-中港,2024-10-30,9202
1737,臺鹽,20,0,20,凱基-中港,2024-10-30,9202
6191,精成科,19,0,19,凱基-中港,2024-10-30,9202
2646,星宇航空,31,12,19,凱基-中港,2024-10-30,9202
00679B,元大美債20年,31,14,17,凱基-中港,2024-10-30,9202
1605,華新,17,0,17,凱基-中港,2024-10-30,9202
4532,瑞智,16,0,16,凱基-中港,2024-10-30,9202
00635U,期元大S＆P黃金,16,0,16,凱基-中港,2024-10-30,9202
6770,力積電,16,0,16,凱基-中港,2024-10-30,9202
2303,聯電,21,6,15,凱基-中港,2024-10-30,9202
5202,力新,75,60,15,凱基-中港,2024-10-30,9202
00950B,凱基A級公司債,15,0,15,凱基-中港,2024-10-30,9202
3581,博磊,19,4,15,凱基-中港,2024-10-30,9202
6197,佳必琪,22,8,14,凱基-中港,2024-10-30,9202
00882,中信中國高股息,19,5,14,凱基-中港,2024-10-30,9202
2402,毅嘉,15,1,14,凱基-中港,2024-10-30,9202
3356,奇偶,13,0,13,凱基-中港,2024-10-30,9202
4906,正文,12,0,12,凱基-中港,2024-10-30,9202
4168,醣聯,12,0,12,凱基-中港,2024-10-30,9202
3149,正達,14,3,11,凱基-中港,2024-10-30,9202
4903,聯光通,13,2,11,凱基-中港,2024-10-30,9202
8043,蜜望實,19,8,11,凱基-中港,2024-10-30,9202
6133,金橋,11,0,11,凱基-中港,2024-10-30,9202
00946,群益科技高息成長,11,1,10,凱基-中港,2024-10-30,9202
8047,星雲,11,1,10,凱基-中港,2024-10-30,9202
2413,環科,328,43,285,凱基-中港,2024-11-01,9202
1595,川寶,216,0,216,凱基-中港,2024-11-01,9202
2303,聯電,117,9,108,凱基-中港,2024-11-01,9202
00680L,元大美債20正2,104,0,104,凱基-中港,2024-11-01,9202
3481,群創,134,49,85,凱基-中港,2024-11-01,9202
3024,憶聲,89,5,84,凱基-中港,2024-11-01,9202
00830,國泰費城半導體,66,0,66,凱基-中港,2024-11-01,9202
00878,國泰永續高股息,63,2,61,凱基-中港,2024-11-01,9202
4716,大立,73,14,59,凱基-中港,2024-11-01,9202
2883,凱基金,57,1,56,凱基-中港,2024-11-01,9202
2609,陽明,112,61,51,凱基-中港,2024-11-01,9202
0056,元大高股息,47,4,43,凱基-中港,2024-11-01,9202
9935,慶豐富,101,59,42,凱基-中港,2024-11-01,9202
00919,群益台灣精選高息,47,7,40,凱基-中港,2024-11-01,9202
6142,友勁,38,0,38,凱基-中港,2024-11-01,9202
2891,中信金,50,14,36,凱基-中港,2024-11-01,9202
6763,綠界科技*,34,0,34,凱基-中港,2024-11-01,9202
2354,鴻準,137,104,33,凱基-中港,2024-11-01,9202
2884,玉山金,33,0,33,凱基-中港,2024-11-01,9202
00915,凱基優選高股息30,32,1,31,凱基-中港,2024-11-01,9202
00950B,凱基A級公司債,31,0,31,凱基-中港,2024-11-01,9202
6202,盛群,30,0,30,凱基-中港,2024-11-01,9202
2330,台積電,34,5,29,凱基-中港,2024-11-01,9202
00949,復華日本龍頭,28,0,28,凱基-中港,2024-11-01,9202
1605,華新,28,1,27,凱基-中港,2024-11-01,9202
3402,漢科,27,0,27,凱基-中港,2024-11-01,9202
3591,艾笛森,27,1,26,凱基-中港,2024-11-01,9202
00922,國泰台灣領袖50,25,0,25,凱基-中港,2024-11-01,9202
00941,中信上游半導體,25,0,25,凱基-中港,2024-11-01,9202
00937B,群益ESG投等債20,50,26,24,凱基-中港,2024-11-01,9202
2317,鴻海,47,24,23,凱基-中港,2024-11-01,9202
3047,訊舟,25,3,22,凱基-中港,2024-11-01,9202
2397,友通,29,8,21,凱基-中港,2024-11-01,9202
00720B,元大投資級公司債,26,6,20,凱基-中港,2024-11-01,9202
1464,得力,20,0,20,凱基-中港,2024-11-01,9202
2906,高林,20,0,20,凱基-中港,2024-11-01,9202
1528,恩德,33,15,18,凱基-中港,2024-11-01,9202
00951,台新日本半導體,18,0,18,凱基-中港,2024-11-01,9202
1301,台塑,16,0,16,凱基-中港,2024-11-01,9202
00932,兆豐永續高息等權,14,0,14,凱基-中港,2024-11-01,9202
1477,聚陽,13,0,13,凱基-中港,2024-11-01,9202
2886,兆豐金,14,1,13,凱基-中港,2024-11-01,9202
8111,立��,13,0,13,凱基-中港,2024-11-01,9202
00945B,凱基美國非投等債,12,0,12,凱基-中港,2024-11-01,9202
00710B,復華彭博非投等債,12,0,12,凱基-中港,2024-11-01,9202
2801,彰銀,13,1,12,凱基-中港,2024-11-01,9202
2548,華固,12,0,12,凱基-中港,2024-11-01,9202
4545,銘鈺,12,0,12,凱基-中港,2024-11-01,9202
3234,光環,11,0,11,凱基-中港,2024-11-01,9202
4168,醣聯,11,0,11,凱基-中港,2024-11-01,9202
2413,環科,312,14,298,凱基-中港,2024-11-04,9202
00687B,國泰20年美債,212,0,212,凱基-中港,2024-11-04,9202
00679B,元大美債20年,133,0,133,凱基-中港,2024-11-04,9202
00948B,中信優息投資級債,121,20,101,凱基-中港,2024-11-04,9202
00680L,元大美債20正2,105,6,99,凱基-中港,2024-11-04,9202
00937B,群益ESG投等債20,94,1,93,凱基-中港,2024-11-04,9202
2354,鴻準,565,473,92,凱基-中港,2024-11-04,9202
00946,群益科技高息成長,74,0,74,凱基-中港,2024-11-04,9202
2303,聯電,75,6,69,凱基-中港,2024-11-04,9202
00878,國泰永續高股息,73,7,66,凱基-中港,2024-11-04,9202
00712,復華富時不動產,215,149,66,凱基-中港,2024-11-04,9202
00919,群益台灣精選高息,65,10,55,凱基-中港,2024-11-04,9202
00637L,元大滬深300正2,64,11,53,凱基-中港,2024-11-04,9202
6197,佳必琪,55,2,53,凱基-中港,2024-11-04,9202
00943,兆豐電子高息等權,46,0,46,凱基-中港,2024-11-04,9202
00795B,中信美國公債20年,52,11,41,凱基-中港,2024-11-04,9202
3605,宏致,38,0,38,凱基-中港,2024-11-04,9202
00930,永豐ESG低碳高息,37,0,37,凱基-中港,2024-11-04,9202
5315,光聯,40,3,37,凱基-中港,2024-11-04,9202
00665L,富邦�琤肭磪囓�2,35,0,35,凱基-中港,2024-11-04,9202
0056,元大高股息,31,0,31,凱基-中港,2024-11-04,9202
1605,華新,33,3,30,凱基-中港,2024-11-04,9202
3049,精金,32,5,27,凱基-中港,2024-11-04,9202
2609,陽明,50,25,25,凱基-中港,2024-11-04,9202
00931B,統一美債20年,24,0,24,凱基-中港,2024-11-04,9202
00887,永豐中國科技50大,22,0,22,凱基-中港,2024-11-04,9202
6425,易發,22,0,22,凱基-中港,2024-11-04,9202
3062,建漢,67,47,20,凱基-中港,2024-11-04,9202
4763,材料-KY,20,1,19,凱基-中港,2024-11-04,9202
2409,友達,18,0,18,凱基-中港,2024-11-04,9202
5469,瀚宇博,17,1,16,凱基-中港,2024-11-04,9202
3149,正達,15,0,15,凱基-中港,2024-11-04,9202
5426,振發,18,4,14,凱基-中港,2024-11-04,9202
2888,新光金,13,0,13,凱基-中港,2024-11-04,9202
2646,星宇航空,41,28,13,凱基-中港,2024-11-04,9202
00933B,國泰10Y+金融債,12,0,12,凱基-中港,2024-11-04,9202
00713,元大台灣高息低波,13,1,12,凱基-中港,2024-11-04,9202
6743,安普新,12,0,12,凱基-中港,2024-11-04,9202
3591,艾笛森,36,24,12,凱基-中港,2024-11-04,9202
3024,憶聲,12,0,12,凱基-中港,2024-11-04,9202
6133,金橋,34,22,12,凱基-中港,2024-11-04,9202
00905,FT臺灣Smart,12,0,12,凱基-中港,2024-11-04,9202
1301,台塑,11,0,11,凱基-中港,2024-11-04,9202
2431,聯昌,35,24,11,凱基-中港,2024-11-04,9202
6134,萬旭,23,12,11,凱基-中港,2024-11-04,9202
8032,光菱,101,90,11,凱基-中港,2024-11-04,9202
3645,達邁,11,0,11,凱基-中港,2024-11-04,9202
00885,富邦越南,11,0,11,凱基-中港,2024-11-04,9202
5386,青雲,10,0,10,凱基-中港,2024-11-04,9202
3705,永信,10,0,10,凱基-中港,2024-11-04,9202
00953B,群益優選非投等債,5001,0,5001,凱基-中港,2024-11-05,9202
2618,長榮航,286,56,230,凱基-中港,2024-11-05,9202
00887,永豐中國科技50大,222,0,222,凱基-中港,2024-11-05,9202
2312,金寶,186,15,171,凱基-中港,2024-11-05,9202
00946,群益科技高息成長,119,2,117,凱基-中港,2024-11-05,9202
00948B,中信優息投資級債,101,0,101,凱基-中港,2024-11-05,9202
2353,宏��,81,18,63,凱基-中港,2024-11-05,9202
2354,鴻準,321,260,61,凱基-中港,2024-11-05,9202
5328,華容,50,0,50,凱基-中港,2024-11-05,9202
8033,雷虎,43,0,43,凱基-中港,2024-11-05,9202
2431,聯昌,98,61,37,凱基-中港,2024-11-05,9202
00932,兆豐永續高息等權,36,0,36,凱基-中港,2024-11-05,9202
2351,順德,34,0,34,凱基-中港,2024-11-05,9202
00937B,群益ESG投等債20,35,2,33,凱基-中港,2024-11-05,9202
1605,華新,35,2,33,凱基-中港,2024-11-05,9202
00878,國泰永續高股息,35,3,32,凱基-中港,2024-11-05,9202
1314,中石化,30,1,29,凱基-中港,2024-11-05,9202
4979,華星光,28,3,25,凱基-中港,2024-11-05,9202
00687B,國泰20年美債,25,0,25,凱基-中港,2024-11-05,9202
2646,星宇航空,30,5,25,凱基-中港,2024-11-05,9202
3003,健和興,25,0,25,凱基-中港,2024-11-05,9202
2344,華邦電,23,0,23,凱基-中港,2024-11-05,9202
1711,永光,24,1,23,凱基-中港,2024-11-05,9202
9105,泰金寶-DR,22,1,21,凱基-中港,2024-11-05,9202
2413,環科,31,10,21,凱基-中港,2024-11-05,9202
00830,國泰費城半導體,20,0,20,凱基-中港,2024-11-05,9202
3049,精金,53,34,19,凱基-中港,2024-11-05,9202
2615,萬海,51,32,19,凱基-中港,2024-11-05,9202
00679B,元大美債20年,19,1,18,凱基-中港,2024-11-05,9202
3402,漢科,18,0,18,凱基-中港,2024-11-05,9202
3260,威剛,16,0,16,凱基-中港,2024-11-05,9202
1326,台化,20,5,15,凱基-中港,2024-11-05,9202
00943,兆豐電子高息等權,14,0,14,凱基-中港,2024-11-05,9202
3290,東浦,14,0,14,凱基-中港,2024-11-05,9202
3019,亞光,16,2,14,凱基-中港,2024-11-05,9202
5315,光聯,86,73,13,凱基-中港,2024-11-05,9202
00933B,國泰10Y+金融債,13,0,13,凱基-中港,2024-11-05,9202
2399,映泰,38,25,13,凱基-中港,2024-11-05,9202
3490,單井,49,36,13,凱基-中港,2024-11-05,9202
8044,網家,22,10,12,凱基-中港,2024-11-05,9202
3257,虹冠電,14,2,12,凱基-中港,2024-11-05,9202
6139,亞翔,12,0,12,凱基-中港,2024-11-05,9202
2365,昆盈,37,25,12,凱基-中港,2024-11-05,9202
00930,永豐ESG低碳高息,12,0,12,凱基-中港,2024-11-05,9202
6530,創威,35,24,11,凱基-中港,2024-11-05,9202
2488,漢平,11,0,11,凱基-中港,2024-11-05,9202
6706,惠特,11,0,11,凱基-中港,2024-11-05,9202
2610,華航,12,1,11,凱基-中港,2024-11-05,9202
3711,日月光投控,11,0,11,凱基-中港,2024-11-05,9202
00712,復華富時不動產,10,0,10,凱基-中港,2024-11-05,9202
00687B,國泰20年美債,3147,15,3132,凱基-中港,2024-11-06,9202
00937B,群益ESG投等債20,2802,4,2798,凱基-中港,2024-11-06,9202
00679B,元大美債20年,1506,52,1454,凱基-中港,2024-11-06,9202
00933B,國泰10Y+金融債,1212,0,1212,凱基-中港,2024-11-06,9202
00945B,凱基美國非投等債,1019,10,1009,凱基-中港,2024-11-06,9202
00953B,群益優選非投等債,613,0,613,凱基-中港,2024-11-06,9202
00720B,元大投資級公司債,475,0,475,凱基-中港,2024-11-06,9202
00724B,群益投資級金融債,431,0,431,凱基-中港,2024-11-06,9202
00751B,元大AAA至A公司債,304,0,304,凱基-中港,2024-11-06,9202
00706L,期元大S＆P日圓正2,197,0,197,凱基-中港,2024-11-06,9202
2609,陽明,222,25,197,凱基-中港,2024-11-06,9202
2890,永豐金,100,3,97,凱基-中港,2024-11-06,9202
00688L,國泰20年美債正2,106,15,91,凱基-中港,2024-11-06,9202
00637L,元大滬深300正2,272,208,64,凱基-中港,2024-11-06,9202
00632R,元大台灣50反1,305,250,55,凱基-中港,2024-11-06,9202
4526,東台,60,7,53,凱基-中港,2024-11-06,9202
2323,中環,52,0,52,凱基-中港,2024-11-06,9202
00655L,國泰中國A50正2,50,0,50,凱基-中港,2024-11-06,9202
3078,僑威,50,0,50,凱基-中港,2024-11-06,9202
00915,凱基優選高股息30,50,8,42,凱基-中港,2024-11-06,9202
00753L,中信中國50正2,96,54,42,凱基-中港,2024-11-06,9202
6165,浪凡,36,0,36,凱基-中港,2024-11-06,9202
00932,兆豐永續高息等權,35,0,35,凱基-中港,2024-11-06,9202
00878,國泰永續高股息,39,5,34,凱基-中港,2024-11-06,9202
2353,宏��,59,27,32,凱基-中港,2024-11-06,9202
00948B,中信優息投資級債,31,0,31,凱基-中港,2024-11-06,9202
8088,品安,40,9,31,凱基-中港,2024-11-06,9202
00959B,大華投等美債15Y+,30,0,30,凱基-中港,2024-11-06,9202
2886,兆豐金,30,0,30,凱基-中港,2024-11-06,9202
9935,慶豐富,45,20,25,凱基-中港,2024-11-06,9202
00931B,統一美債20年,24,0,24,凱基-中港,2024-11-06,9202
2888,新光金,22,1,21,凱基-中港,2024-11-06,9202
00643,群益深証中小,20,0,20,凱基-中港,2024-11-06,9202
6142,友勁,20,0,20,凱基-中港,2024-11-06,9202
8374,羅昇,21,1,20,凱基-中港,2024-11-06,9202
3230,錦明,37,18,19,凱基-中港,2024-11-06,9202
2356,英業達,368,349,19,凱基-中港,2024-11-06,9202
6753,龍德造船,20,2,18,凱基-中港,2024-11-06,9202
00772B,中信高評級公司債,35,18,17,凱基-中港,2024-11-06,9202
6235,華孚,27,11,16,凱基-中港,2024-11-06,9202
00844B,新光15年IG金融債,16,0,16,凱基-中港,2024-11-06,9202
2014,中鴻,25,11,14,凱基-中港,2024-11-06,9202
2405,輔信,16,3,13,凱基-中港,2024-11-06,9202
3511,矽瑪,13,0,13,凱基-中港,2024-11-06,9202
8027,鈦昇,13,0,13,凱基-中港,2024-11-06,9202
8032,光菱,318,306,12,凱基-中港,2024-11-06,9202
6187,萬潤,12,0,12,凱基-中港,2024-11-06,9202
6227,茂綸,12,1,11,凱基-中港,2024-11-06,9202
1708,東鹼,11,0,11,凱基-中港,2024-11-06,9202
6156,松上,16,5,11,凱基-中港,2024-11-06,9202
00953B,群益優選非投等債,945,0,945,凱基-中港,2024-11-07,9202
2344,華邦電,467,50,417,凱基-中港,2024-11-07,9202
00632R,元大台灣50反1,236,15,221,凱基-中港,2024-11-07,9202
00637L,元大滬深300正2,266,117,149,凱基-中港,2024-11-07,9202
00680L,元大美債20正2,130,21,109,凱基-中港,2024-11-07,9202
8096,擎亞,102,25,77,凱基-中港,2024-11-07,9202
2354,鴻準,210,148,62,凱基-中港,2024-11-07,9202
2501,國建,50,0,50,凱基-中港,2024-11-07,9202
3653,健策,46,0,46,凱基-中港,2024-11-07,9202
1301,台塑,51,10,41,凱基-中港,2024-11-07,9202
1464,得力,38,0,38,凱基-中港,2024-11-07,9202
9935,慶豐富,71,35,36,凱基-中港,2024-11-07,9202
3034,聯詠,36,1,35,凱基-中港,2024-11-07,9202
2014,中鴻,35,0,35,凱基-中港,2024-11-07,9202
9105,泰金寶-DR,155,123,32,凱基-中港,2024-11-07,9202
6142,友勁,30,1,29,凱基-中港,2024-11-07,9202
3712,永崴投控,30,6,24,凱基-中港,2024-11-07,9202
6414,樺漢,23,0,23,凱基-中港,2024-11-07,9202
2641,正德,21,0,21,凱基-中港,2024-11-07,9202
1737,臺鹽,21,0,21,凱基-中港,2024-11-07,9202
1584,精剛,17,0,17,凱基-中港,2024-11-07,9202
4903,聯光通,22,5,17,凱基-中港,2024-11-07,9202
2392,正崴,25,8,17,凱基-中港,2024-11-07,9202
00938,凱基優選30,20,3,17,凱基-中港,2024-11-07,9202
00937B,群益ESG投等債20,25,8,17,凱基-中港,2024-11-07,9202
2834,臺企銀,19,2,17,凱基-中港,2024-11-07,9202
4729,熒茂,16,1,15,凱基-中港,2024-11-07,9202
6197,佳必琪,16,2,14,凱基-中港,2024-11-07,9202
4533,協易機,14,0,14,凱基-中港,2024-11-07,9202
2399,映泰,32,18,14,凱基-中港,2024-11-07,9202
8034,榮群,14,0,14,凱基-中港,2024-11-07,9202
00706L,期元大S＆P日圓正2,13,0,13,凱基-中港,2024-11-07,9202
00688L,國泰20年美債正2,13,0,13,凱基-中港,2024-11-07,9202
2303,聯電,124,111,13,凱基-中港,2024-11-07,9202
6443,元晶,12,0,12,凱基-中港,2024-11-07,9202
2405,輔信,12,0,12,凱基-中港,2024-11-07,9202
00933B,國泰10Y+金融債,23,11,12,凱基-中港,2024-11-07,9202
2371,大同,12,0,12,凱基-中港,2024-11-07,9202
2615,萬海,27,16,11,凱基-中港,2024-11-07,9202
00665L,富邦�琤肭磪囓�2,51,40,11,凱基-中港,2024-11-07,9202
00830,國泰費城半導體,22,11,11,凱基-中港,2024-11-07,9202
2467,志聖,11,0,11,凱基-中港,2024-11-07,9202
6180,橘子,11,0,11,凱基-中港,2024-11-07,9202
8027,鈦昇,12,1,11,凱基-中港,2024-11-07,9202
3680,家登,11,1,10,凱基-中港,2024-11-07,9202
00669R,國泰美國道瓊反1,10,0,10,凱基-中港,2024-11-07,9202
1784,訊聯,10,0,10,凱基-中港,2024-11-07,9202
4128,中天,10,0,10,凱基-中港,2024-11-07,9202
4430,耀億,15,5,10,凱基-中港,2024-11-07,9202
8021,尖點,10,0,10,凱基-中港,2024-11-07,9202
00953B,群益優選非投等債,415,0,415,凱基-中港,2024-11-08,9202
2344,華邦電,121,14,107,凱基-中港,2024-11-08,9202
00643,群益深証中小,58,0,58,凱基-中港,2024-11-08,9202
8034,榮群,55,0,55,凱基-中港,2024-11-08,9202
2353,宏��,54,2,52,凱基-中港,2024-11-08,9202
3062,建漢,131,87,44,凱基-中港,2024-11-08,9202
2303,聯電,54,10,44,凱基-中港,2024-11-08,9202
00922,國泰台灣領袖50,40,2,38,凱基-中港,2024-11-08,9202
3605,宏致,39,2,37,凱基-中港,2024-11-08,9202
2392,正崴,96,65,31,凱基-中港,2024-11-08,9202
2059,川湖,30,0,30,凱基-中港,2024-11-08,9202
2313,華通,28,0,28,凱基-中港,2024-11-08,9202
00950B,凱基A級公司債,25,0,25,凱基-中港,2024-11-08,9202
1308,亞聚,24,0,24,凱基-中港,2024-11-08,9202
3402,漢科,24,0,24,凱基-中港,2024-11-08,9202
00943,兆豐電子高息等權,24,0,24,凱基-中港,2024-11-08,9202
00919,群益台灣精選高息,36,13,23,凱基-中港,2024-11-08,9202
3481,群創,33,11,22,凱基-中港,2024-11-08,9202
6830,汎銓,35,13,22,凱基-中港,2024-11-08,9202
6443,元晶,20,0,20,凱基-中港,2024-11-08,9202
2882,國泰金,23,3,20,凱基-中港,2024-11-08,9202
2603,長榮,39,20,19,凱基-中港,2024-11-08,9202
2337,旺宏,19,1,18,凱基-中港,2024-11-08,9202
2888,新光金,21,3,18,凱基-中港,2024-11-08,9202
2356,英業達,56,38,18,凱基-中港,2024-11-08,9202
8027,鈦昇,20,2,18,凱基-中港,2024-11-08,9202
2884,玉山金,17,0,17,凱基-中港,2024-11-08,9202
4931,新盛力,17,0,17,凱基-中港,2024-11-08,9202
8210,勤誠,16,0,16,凱基-中港,2024-11-08,9202
1326,台化,21,5,16,凱基-中港,2024-11-08,9202
2402,毅嘉,32,16,16,凱基-中港,2024-11-08,9202
6282,康舒,16,0,16,凱基-中港,2024-11-08,9202
6770,力積電,16,0,16,凱基-中港,2024-11-08,9202
2646,星宇航空,16,1,15,凱基-中港,2024-11-08,9202
2501,國建,15,0,15,凱基-中港,2024-11-08,9202
00639,富邦深100,15,0,15,凱基-中港,2024-11-08,9202
00713,元大台灣高息低波,14,0,14,凱基-中港,2024-11-08,9202
4906,正文,15,1,14,凱基-中港,2024-11-08,9202
5452,佶優,15,1,14,凱基-中港,2024-11-08,9202
00878,國泰永續高股息,91,78,13,凱基-中港,2024-11-08,9202
1210,大成,12,0,12,凱基-中港,2024-11-08,9202
6133,金橋,12,0,12,凱基-中港,2024-11-08,9202
2409,友達,13,2,11,凱基-中港,2024-11-08,9202
4915,致伸,11,0,11,凱基-中港,2024-11-08,9202
00655L,國泰中國A50正2,27,16,11,凱基-中港,2024-11-08,9202
1815,富喬,33,22,11,凱基-中港,2024-11-08,9202
4909,新復興,15,4,11,凱基-中港,2024-11-08,9202
2889,國票金,10,0,10,凱基-中港,2024-11-08,9202
5234,達興材料,10,0,10,凱基-中港,2024-11-08,9202
00753L,中信中國50正2,108,98,10,凱基-中港,2024-11-08,9202
00878,國泰永續高股息,170,2,168,凱基-中港,2024-11-11,9202
2609,陽明,147,17,130,凱基-中港,2024-11-11,9202
00753L,中信中國50正2,130,6,124,凱基-中港,2024-11-11,9202
00943,兆豐電子高息等權,84,6,78,凱基-中港,2024-11-11,9202
2344,華邦電,110,44,66,凱基-中港,2024-11-11,9202
00637L,元大滬深300正2,190,135,55,凱基-中港,2024-11-11,9202
1216,統一,56,1,55,凱基-中港,2024-11-11,9202
3231,緯創,61,15,46,凱基-中港,2024-11-11,9202
1605,華新,46,1,45,凱基-中港,2024-11-11,9202
2376,技嘉,45,2,43,凱基-中港,2024-11-11,9202
9908,大台北,43,0,43,凱基-中港,2024-11-11,9202
2303,聯電,51,10,41,凱基-中港,2024-11-11,9202
00945B,凱基美國非投等債,100,62,38,凱基-中港,2024-11-11,9202
1584,精剛,37,0,37,凱基-中港,2024-11-11,9202
00665L,富邦�琤肭磪囓�2,41,5,36,凱基-中港,2024-11-11,9202
9105,泰金寶-DR,52,17,35,凱基-中港,2024-11-11,9202
00885,富邦越南,33,0,33,凱基-中港,2024-11-11,9202
00882,中信中國高股息,32,0,32,凱基-中港,2024-11-11,9202
2891,中信金,33,2,31,凱基-中港,2024-11-11,9202
2353,宏��,37,6,31,凱基-中港,2024-11-11,9202
1734,杏輝,30,0,30,凱基-中港,2024-11-11,9202
3481,群創,56,27,29,凱基-中港,2024-11-11,9202
00929,復華台灣科技優息,63,34,29,凱基-中港,2024-11-11,9202
00830,國泰費城半導體,30,2,28,凱基-中港,2024-11-11,9202
00713,元大台灣高息低波,31,4,27,凱基-中港,2024-11-11,9202
00953B,群益優選非投等債,78,51,27,凱基-中港,2024-11-11,9202
3017,奇鋐,27,1,26,凱基-中港,2024-11-11,9202
00915,凱基優選高股息30,24,0,24,凱基-中港,2024-11-11,9202
3520,華盈,30,7,23,凱基-中港,2024-11-11,9202
00715L,期街口布蘭特正2,22,0,22,凱基-中港,2024-11-11,9202
2457,飛宏,21,0,21,凱基-中港,2024-11-11,9202
00706L,期元大S＆P日圓正2,20,0,20,凱基-中港,2024-11-11,9202
5328,華容,20,0,20,凱基-中港,2024-11-11,9202
2454,聯發科,20,0,20,凱基-中港,2024-11-11,9202
00932,兆豐永續高息等權,19,0,19,凱基-中港,2024-11-11,9202
3712,永崴投控,33,14,19,凱基-中港,2024-11-11,9202
9921,巨大,20,2,18,凱基-中港,2024-11-11,9202
1326,台化,19,3,16,凱基-中港,2024-11-11,9202
1569,濱川,16,0,16,凱基-中港,2024-11-11,9202
5009,榮剛,50,34,16,凱基-中港,2024-11-11,9202
00687B,國泰20年美債,16,0,16,凱基-中港,2024-11-11,9202
8046,南電,15,0,15,凱基-中港,2024-11-11,9202
1582,信錦,16,1,15,凱基-中港,2024-11-11,9202
9914,美利達,15,0,15,凱基-中港,2024-11-11,9202
8249,菱光,24,9,15,凱基-中港,2024-11-11,9202
0056,元大高股息,26,12,14,凱基-中港,2024-11-11,9202
2646,星宇航空,15,0,15,凱基-中港,2024-11-11,9202
3402,漢科,14,0,14,凱基-中港,2024-11-11,9202
3024,憶聲,14,0,14,凱基-中港,2024-11-11,9202
2834,臺企銀,13,0,13,凱基-中港,2024-11-11,9202
00878,國泰永續高股息,288,20,268,凱基-中港,2024-11-12,9202
2431,聯昌,201,0,201,凱基-中港,2024-11-12,9202
00715L,期街口布蘭特正2,132,3,129,凱基-中港,2024-11-12,9202
2883,凱基金,120,3,117,凱基-中港,2024-11-12,9202
0056,元大高股息,88,1,87,凱基-中港,2024-11-12,9202
8210,勤誠,107,21,86,凱基-中港,2024-11-12,9202
00915,凱基優選高股息30,84,0,84,凱基-中港,2024-11-12,9202
00929,復華台灣科技優息,92,9,83,凱基-中港,2024-11-12,9202
5328,華容,81,0,81,凱基-中港,2024-11-12,9202
00943,兆豐電子高息等權,78,0,78,凱基-中港,2024-11-12,9202
00953B,群益優選非投等債,83,5,78,凱基-中港,2024-11-12,9202
00753L,中信中國50正2,97,26,71,凱基-中港,2024-11-12,9202
5871,中租-KY,264,203,61,凱基-中港,2024-11-12,9202
00919,群益台灣精選高息,89,29,60,凱基-中港,2024-11-12,9202
00948B,中信優息投資級債,55,0,55,凱基-中港,2024-11-12,9202
00881,國泰台灣5G+,55,1,54,凱基-中港,2024-11-12,9202
2002,中鋼,54,1,53,凱基-中港,2024-11-12,9202
5014,建錩,54,2,52,凱基-中港,2024-11-12,9202
00922,國泰台灣領袖50,45,0,45,凱基-中港,2024-11-12,9202
9935,慶豐富,43,3,40,凱基-中港,2024-11-12,9202
6202,盛群,36,0,36,凱基-中港,2024-11-12,9202
2834,臺企銀,35,0,35,凱基-中港,2024-11-12,9202
2882,國泰金,33,0,33,凱基-中港,2024-11-12,9202
2605,新興,55,23,32,凱基-中港,2024-11-12,9202
1717,長興,32,1,31,凱基-中港,2024-11-12,9202
00923,群益台ESG低碳50,27,2,25,凱基-中港,2024-11-12,9202
2014,中鴻,25,0,25,凱基-中港,2024-11-12,9202
2413,環科,28,5,23,凱基-中港,2024-11-12,9202
00646,元大S＆P500,23,0,23,凱基-中港,2024-11-12,9202
00940,元大台灣價值高息,52,30,22,凱基-中港,2024-11-12,9202
6288,聯嘉,45,23,22,凱基-中港,2024-11-12,9202
6142,友勁,21,0,21,凱基-中港,2024-11-12,9202
9914,美利達,21,0,21,凱基-中港,2024-11-12,9202
2454,聯發科,20,0,20,凱基-中港,2024-11-12,9202
2317,鴻海,43,23,20,凱基-中港,2024-11-12,9202
2618,長榮航,28,8,20,凱基-中港,2024-11-12,9202
00741B,富邦全球非投等債,20,0,20,凱基-中港,2024-11-12,9202
006208,富邦台50,22,3,19,凱基-中港,2024-11-12,9202
2615,萬海,59,40,19,凱基-中港,2024-11-12,9202
2356,英業達,50,31,19,凱基-中港,2024-11-12,9202
8044,網家,29,11,18,凱基-中港,2024-11-12,9202
00675L,富邦臺灣加權正2,18,0,18,凱基-中港,2024-11-12,9202
5488,松普,17,0,17,凱基-中港,2024-11-12,9202
2368,金像電,17,1,16,凱基-中港,2024-11-12,9202
3017,奇鋐,18,2,16,凱基-中港,2024-11-12,9202
3673,TPK-KY,18,2,16,凱基-中港,2024-11-12,9202
1522,堤維西,16,0,16,凱基-中港,2024-11-12,9202
2330,台積電,20,5,15,凱基-中港,2024-11-12,9202
3712,永崴投控,24,9,15,凱基-中港,2024-11-12,9202
3501,維熹,17,2,15,凱基-中港,2024-11-12,9202
00937B,群益ESG投等債20,10196,48,10148,凱基-中港,2024-11-13,9202
00687B,國泰20年美債,3019,7,3012,凱基-中港,2024-11-13,9202
00933B,國泰10Y+金融債,3001,3,2998,凱基-中港,2024-11-13,9202
00679B,元大美債20年,3003,10,2993,凱基-中港,2024-11-13,9202
00945B,凱基美國非投等債,1780,37,1743,凱基-中港,2024-11-13,9202
00953B,群益優選非投等債,1502,2,1500,凱基-中港,2024-11-13,9202
00751B,元大AAA至A公司債,1004,0,1004,凱基-中港,2024-11-13,9202
00720B,元大投資級公司債,1001,1,1000,凱基-中港,2024-11-13,9202
9935,慶豐富,301,0,301,凱基-中港,2024-11-13,9202
00724B,群益投資級金融債,129,0,129,凱基-中港,2024-11-13,9202
00878,國泰永續高股息,135,6,129,凱基-中港,2024-11-13,9202
2883,凱基金,110,1,109,凱基-中港,2024-11-13,9202
00712,復華富時不動產,100,0,100,凱基-中港,2024-11-13,9202
2888,新光金,106,11,95,凱基-中港,2024-11-13,9202
00882,中信中國高股息,106,18,88,凱基-中港,2024-11-13,9202
2891,中信金,75,0,75,凱基-中港,2024-11-13,9202
6757,台灣虎航,73,0,73,凱基-中港,2024-11-13,9202
2392,正崴,127,58,69,凱基-中港,2024-11-13,9202
2108,南帝,60,0,60,凱基-中港,2024-11-13,9202
0056,元大高股息,60,2,58,凱基-中港,2024-11-13,9202
00753L,中信中國50正2,149,93,56,凱基-中港,2024-11-13,9202
00772B,中信高評級公司債,52,0,52,凱基-中港,2024-11-13,9202
2834,臺企銀,51,0,51,凱基-中港,2024-11-13,9202
2353,宏��,60,11,49,凱基-中港,2024-11-13,9202
5871,中租-KY,56,8,48,凱基-中港,2024-11-13,9202
6202,盛群,40,0,40,凱基-中港,2024-11-13,9202
00675L,富邦臺灣加權正2,34,1,33,凱基-中港,2024-11-13,9202
2801,彰銀,33,0,33,凱基-中港,2024-11-13,9202
2106,建大,30,0,30,凱基-中港,2024-11-13,9202
2890,永豐金,36,6,30,凱基-中港,2024-11-13,9202
2646,星宇航空,32,2,30,凱基-中港,2024-11-13,9202
2303,聯電,57,28,29,凱基-中港,2024-11-13,9202
3015,全漢,36,7,29,凱基-中港,2024-11-13,9202
1444,力麗,25,1,24,凱基-中港,2024-11-13,9202
00715L,期街口布蘭特正2,24,0,24,凱基-中港,2024-11-13,9202
00932,兆豐永續高息等權,23,0,23,凱基-中港,2024-11-13,9202
2409,友達,24,1,23,凱基-中港,2024-11-13,9202
8070,長華*,22,0,22,凱基-中港,2024-11-13,9202
00741B,富邦全球非投等債,25,3,22,凱基-中港,2024-11-13,9202
00706L,期元大S＆P日圓正2,22,0,22,凱基-中港,2024-11-13,9202
8374,羅昇,22,0,22,凱基-中港,2024-11-13,9202
2354,鴻準,72,52,20,凱基-中港,2024-11-13,9202
2101,南港,20,0,20,凱基-中港,2024-11-13,9202
5483,中美晶,20,0,20,凱基-中港,2024-11-13,9202
2349,錸德,72,53,19,凱基-中港,2024-11-13,9202
3049,精金,20,1,19,凱基-中港,2024-11-13,9202
1301,台塑,20,2,18,凱基-中港,2024-11-13,9202
0050,元大台灣50,17,0,17,凱基-中港,2024-11-13,9202
2609,陽明,27,11,16,凱基-中港,2024-11-13,9202
5309,系統電,30,14,16,凱基-中港,2024-11-13,9202
00937B,群益ESG投等債20,5586,2,5584,凱基-中港,2024-11-14,9202
00933B,國泰10Y+金融債,1564,8,1556,凱基-中港,2024-11-14,9202
00953B,群益優選非投等債,1501,0,1501,凱基-中港,2024-11-14,9202
00945B,凱基美國非投等債,1497,28,1469,凱基-中港,2024-11-14,9202
00679B,元大美債20年,1026,0,1026,凱基-中港,2024-11-14,9202
00687B,國泰20年美債,1060,90,970,凱基-中港,2024-11-14,9202
00878,國泰永續高股息,229,16,213,凱基-中港,2024-11-14,9202
00751B,元大AAA至A公司債,163,0,163,凱基-中港,2024-11-14,9202
00918,大華優利高填息30,123,5,118,凱基-中港,2024-11-14,9202
2915,潤泰全,101,0,101,凱基-中港,2024-11-14,9202
00753L,中信中國50正2,131,31,100,凱基-中港,2024-11-14,9202
3706,神達,616,535,81,凱基-中港,2024-11-14,9202
00887,永豐中國科技50大,80,0,80,凱基-中港,2024-11-14,9202
00915,凱基優選高股息30,66,0,66,凱基-中港,2024-11-14,9202
00706L,期元大S＆P日圓正2,52,0,52,凱基-中港,2024-11-14,9202
00715L,期街口布蘭特正2,51,0,51,凱基-中港,2024-11-14,9202
0056,元大高股息,48,1,47,凱基-中港,2024-11-14,9202
00675L,富邦臺灣加權正2,48,1,47,凱基-中港,2024-11-14,9202
2376,技嘉,46,2,44,凱基-中港,2024-11-14,9202
3211,順達,102,60,42,凱基-中港,2024-11-14,9202
2303,聯電,58,17,41,凱基-中港,2024-11-14,9202
00943,兆豐電子高息等權,39,0,39,凱基-中港,2024-11-14,9202
2646,星宇航空,52,14,38,凱基-中港,2024-11-14,9202
2887,台新金,37,0,37,凱基-中港,2024-11-14,9202
00929,復華台灣科技優息,87,52,35,凱基-中港,2024-11-14,9202
00650L,復華香港正2,35,0,35,凱基-中港,2024-11-14,9202
3017,奇鋐,85,50,35,凱基-中港,2024-11-14,9202
00919,群益台灣精選高息,38,8,30,凱基-中港,2024-11-14,9202
00891,中信關鍵半導體,28,0,28,凱基-中港,2024-11-14,9202
2002,中鋼,27,1,26,凱基-中港,2024-11-14,9202
2408,南亞科,38,13,25,凱基-中港,2024-11-14,9202
00932,兆豐永續高息等權,25,0,25,凱基-中港,2024-11-14,9202
1504,東元,32,8,24,凱基-中港,2024-11-14,9202
00923,群益台ESG低碳50,26,2,24,凱基-中港,2024-11-14,9202
00720B,元大投資級公司債,24,0,24,凱基-中港,2024-11-14,9202
2634,漢翔,23,0,23,凱基-中港,2024-11-14,9202
2332,友訊,25,2,23,凱基-中港,2024-11-14,9202
00637L,元大滬深300正2,98,76,22,凱基-中港,2024-11-14,9202
8110,華東,21,0,21,凱基-中港,2024-11-14,9202
1326,台化,28,8,20,凱基-中港,2024-11-14,9202
8069,元太,21,1,20,凱基-中港,2024-11-14,9202
00772B,中信高評級公司債,20,0,20,凱基-中港,2024-11-14,9202
00881,國泰台灣5G+,20,0,20,凱基-中港,2024-11-14,9202
8033,雷虎,21,1,20,凱基-中港,2024-11-14,9202
00958B,永豐ESG銀行債15,20,0,20,凱基-中港,2024-11-14,9202
6877,鏵友益,20,0,20,凱基-中港,2024-11-14,9202
00713,元大台灣高息低波,20,0,20,凱基-中港,2024-11-14,9202
2330,台積電,21,3,18,凱基-中港,2024-11-14,9202
4938,和碩,18,1,17,凱基-中港,2024-11-14,9202
0050,元大台灣50,16,0,16,凱基-中港,2024-11-14,9202
00878,國泰永續高股息,384,13,371,凱基-中港,2024-11-15,9202
00929,復華台灣科技優息,152,31,121,凱基-中港,2024-11-15,9202
00885,富邦越南,100,0,100,凱基-中港,2024-11-15,9202
00937B,群益ESG投等債20,115,17,98,凱基-中港,2024-11-15,9202
3003,健和興,87,1,86,凱基-中港,2024-11-15,9202
2317,鴻海,107,31,76,凱基-中港,2024-11-15,9202
3706,神達,461,390,71,凱基-中港,2024-11-15,9202
00951,台新日本半導體,60,0,60,凱基-中港,2024-11-15,9202
00637L,元大滬深300正2,217,161,56,凱基-中港,2024-11-15,9202
00918,大華優利高填息30,60,4,56,凱基-中港,2024-11-15,9202
5388,中磊,50,0,50,凱基-中港,2024-11-15,9202
8033,雷虎,40,0,40,凱基-中港,2024-11-15,9202
2382,廣達,56,17,39,凱基-中港,2024-11-15,9202
00632R,元大台灣50反1,45,6,39,凱基-中港,2024-11-15,9202
2431,聯昌,33,0,33,凱基-中港,2024-11-15,9202
8104,錸寶,42,10,32,凱基-中港,2024-11-15,9202
2233,宇隆,30,0,30,凱基-中港,2024-11-15,9202
3231,緯創,60,30,30,凱基-中港,2024-11-15,9202
2353,宏��,32,3,29,凱基-中港,2024-11-15,9202
3605,宏致,52,24,28,凱基-中港,2024-11-15,9202
2002,中鋼,37,9,28,凱基-中港,2024-11-15,9202
4306,炎洲,25,0,25,凱基-中港,2024-11-15,9202
00915,凱基優選高股息30,25,0,25,凱基-中港,2024-11-15,9202
2356,英業達,24,0,24,凱基-中港,2024-11-15,9202
2449,京元電子,22,1,21,凱基-中港,2024-11-15,9202
6133,金橋,21,0,21,凱基-中港,2024-11-15,9202
8240,華宏,24,6,18,凱基-中港,2024-11-15,9202
5398,慕康生醫,28,10,18,凱基-中港,2024-11-15,9202
6282,康舒,20,3,17,凱基-中港,2024-11-15,9202
00887,永豐中國科技50大,20,3,17,凱基-中港,2024-11-15,9202
1611,中電,16,0,16,凱基-中港,2024-11-15,9202
2392,正崴,49,34,15,凱基-中港,2024-11-15,9202
6441,廣錠,15,0,15,凱基-中港,2024-11-15,9202
00715L,期街口布蘭特正2,27,13,14,凱基-中港,2024-11-15,9202
5263,智崴,21,7,14,凱基-中港,2024-11-15,9202
0056,元大高股息,18,4,14,凱基-中港,2024-11-15,9202
00655L,國泰中國A50正2,12,0,12,凱基-中港,2024-11-15,9202
00680L,元大美債20正2,12,0,12,凱基-中港,2024-11-15,9202
1815,富喬,24,12,12,凱基-中港,2024-11-15,9202
2324,仁寶,14,3,11,凱基-中港,2024-11-15,9202
00940,元大台灣價值高息,16,5,11,凱基-中港,2024-11-15,9202
2033,佳大,11,0,11,凱基-中港,2024-11-15,9202
1605,華新,21,10,11,凱基-中港,2024-11-15,9202
00753L,中信中國50正2,28,17,11,凱基-中港,2024-11-15,9202
6505,台塑化,12,1,11,凱基-中港,2024-11-15,9202
00905,FT臺灣Smart,11,0,11,凱基-中港,2024-11-15,9202
0050,元大台灣50,10,0,10,凱基-中港,2024-11-15,9202
8050,廣積,10,0,10,凱基-中港,2024-11-15,9202
6177,達麗,11,1,10,凱基-中港,2024-11-15,9202
6743,安普新,10,0,10,凱基-中港,2024-11-15,9202
00878,國泰永續高股息,207,0,207,凱基-中港,2024-11-18,9202
2867,三商壽,95,0,95,凱基-中港,2024-11-18,9202
00929,復華台灣科技優息,108,33,75,凱基-中港,2024-11-18,9202
00937B,群益ESG投等債20,74,1,73,凱基-中港,2024-11-18,9202
00943,兆豐電子高息等權,67,0,67,凱基-中港,2024-11-18,9202
3605,宏致,67,0,67,凱基-中港,2024-11-18,9202
00887,永豐中國科技50大,115,64,51,凱基-中港,2024-11-18,9202
00948B,中信優息投資級債,50,0,50,凱基-中港,2024-11-18,9202
00720B,元大投資級公司債,50,0,50,凱基-中港,2024-11-18,9202
0056,元大高股息,50,2,48,凱基-中港,2024-11-18,9202
00632R,元大台灣50反1,59,12,47,凱基-中港,2024-11-18,9202
2641,正德,45,1,44,凱基-中港,2024-11-18,9202
1471,首利,47,5,42,凱基-中港,2024-11-18,9202
3374,精材,42,1,41,凱基-中港,2024-11-18,9202
1216,統一,37,1,36,凱基-中港,2024-11-18,9202
4991,環宇-KY,35,0,35,凱基-中港,2024-11-18,9202
00941,中信上游半導體,34,0,34,凱基-中港,2024-11-18,9202
2413,環科,30,0,30,凱基-中港,2024-11-18,9202
00918,大華優利高填息30,30,0,30,凱基-中港,2024-11-18,9202
8021,尖點,28,0,28,凱基-中港,2024-11-18,9202
2646,星宇航空,28,2,26,凱基-中港,2024-11-18,9202
3163,波若威,28,3,25,凱基-中港,2024-11-18,9202
6125,廣運,28,3,25,凱基-中港,2024-11-18,9202
00922,國泰台灣領袖50,24,0,24,凱基-中港,2024-11-18,9202
00713,元大台灣高息低波,23,1,22,凱基-中港,2024-11-18,9202
00915,凱基優選高股息30,20,0,20,凱基-中港,2024-11-18,9202
00857B,永豐20年美公債,20,0,20,凱基-中港,2024-11-18,9202
3078,僑威,20,0,20,凱基-中港,2024-11-18,9202
2929,淘帝-KY,20,0,20,凱基-中港,2024-11-18,9202
0050,元大台灣50,18,0,18,凱基-中港,2024-11-18,9202
6133,金橋,18,0,18,凱基-中港,2024-11-18,9202
00932,兆豐永續高息等權,18,0,18,凱基-中港,2024-11-18,9202
2363,矽統,21,3,18,凱基-中港,2024-11-18,9202
1446,宏和,22,4,18,凱基-中港,2024-11-18,9202
2603,長榮,32,14,18,凱基-中港,2024-11-18,9202
3231,緯創,39,21,18,凱基-中港,2024-11-18,9202
00952,凱基台灣AI50,17,0,17,凱基-中港,2024-11-18,9202
2634,漢翔,22,5,17,凱基-中港,2024-11-18,9202
00679B,元大美債20年,22,6,16,凱基-中港,2024-11-18,9202
006208,富邦台50,15,0,15,凱基-中港,2024-11-18,9202
4123,晟德,15,0,15,凱基-中港,2024-11-18,9202
00685L,群益臺灣加權正2,20,5,15,凱基-中港,2024-11-18,9202
6441,廣錠,15,0,15,凱基-中港,2024-11-18,9202
1815,富喬,14,0,14,凱基-中港,2024-11-18,9202
1532,勤美,15,1,14,凱基-中港,2024-11-18,9202
00930,永豐ESG低碳高息,14,0,14,凱基-中港,2024-11-18,9202
6165,浪凡,14,0,14,凱基-中港,2024-11-18,9202
00919,群益台灣精選高息,18,5,13,凱基-中港,2024-11-18,9202
2312,金寶,93,80,13,凱基-中港,2024-11-18,9202
00934,中信成長高股息,14,1,13,凱基-中港,2024-11-18,9202
3706,神達,442,244,198,凱基-中港,2024-11-19,9202
2883B,凱基金乙特,191,0,191,凱基-中港,2024-11-19,9202
2354,鴻準,133,57,76,凱基-中港,2024-11-19,9202
00753L,中信中國50正2,71,0,71,凱基-中港,2024-11-19,9202
00937B,群益ESG投等債20,82,20,62,凱基-中港,2024-11-19,9202
00637L,元大滬深300正2,161,101,60,凱基-中港,2024-11-19,9202
00887,永豐中國科技50大,54,0,54,凱基-中港,2024-11-19,9202
00915,凱基優選高股息30,53,2,51,凱基-中港,2024-11-19,9202
2356,英業達,63,13,50,凱基-中港,2024-11-19,9202
5388,中磊,50,1,49,凱基-中港,2024-11-19,9202
1101,台泥,50,4,46,凱基-中港,2024-11-19,9202
2317,鴻海,47,4,43,凱基-中港,2024-11-19,9202
00951,台新日本半導體,40,0,40,凱基-中港,2024-11-19,9202
00878,國泰永續高股息,45,9,36,凱基-中港,2024-11-19,9202
3078,僑威,34,0,34,凱基-中港,2024-11-19,9202
6763,綠界科技*,30,0,30,凱基-中港,2024-11-19,9202
00632R,元大台灣50反1,26,0,26,凱基-中港,2024-11-19,9202
2312,金寶,166,141,25,凱基-中港,2024-11-19,9202
00885,富邦越南,25,0,25,凱基-中港,2024-11-19,9202
2890,永豐金,24,0,24,凱基-中港,2024-11-19,9202
4931,新盛力,31,7,24,凱基-中港,2024-11-19,9202
2332,友訊,65,41,24,凱基-中港,2024-11-19,9202
00713,元大台灣高息低波,24,0,24,凱基-中港,2024-11-19,9202
3231,緯創,45,21,24,凱基-中港,2024-11-19,9202
8210,勤誠,22,1,21,凱基-中港,2024-11-19,9202
8104,錸寶,39,18,21,凱基-中港,2024-11-19,9202
2103,台橡,20,0,20,凱基-中港,2024-11-19,9202
6669,緯穎,22,2,20,凱基-中港,2024-11-19,9202
3017,奇鋐,25,6,19,凱基-中港,2024-11-19,9202
00953B,群益優選非投等債,17,0,17,凱基-中港,2024-11-19,9202
5465,富驊,30,13,17,凱基-中港,2024-11-19,9202
1304,台聚,15,0,15,凱基-中港,2024-11-19,9202
3163,波若威,20,7,13,凱基-中港,2024-11-19,9202
3209,全科,12,0,12,凱基-中港,2024-11-19,9202
3605,宏致,12,0,12,凱基-中港,2024-11-19,9202
9935,慶豐富,15,3,12,凱基-中港,2024-11-19,9202
4904,遠傳,11,0,11,凱基-中港,2024-11-19,9202
2303,聯電,34,24,10,凱基-中港,2024-11-19,9202
3090,日電貿,11,1,10,凱基-中港,2024-11-19,9202
2329,華泰,12,2,10,凱基-中港,2024-11-19,9202
2363,矽統,11,1,10,凱基-中港,2024-11-19,9202
4306,炎洲,10,0,10,凱基-中港,2024-11-19,9202
00932,兆豐永續高息等權,10,0,10,凱基-中港,2024-11-19,9202
00952,凱基台灣AI50,10,0,10,凱基-中港,2024-11-19,9202
0050,元大台灣50,10,1,9,凱基-中港,2024-11-19,9202
3481,群創,33,24,9,凱基-中港,2024-11-19,9202
3081,聯亞,10,1,9,凱基-中港,2024-11-19,9202
6190,萬泰科,10,1,9,凱基-中港,2024-11-19,9202
2382,廣達,10,2,8,凱基-中港,2024-11-19,9202
5457,宣德,12,4,8,凱基-中港,2024-11-19,9202
2354,鴻準,917,591,326,凱基-中港,2024-11-20,9202
2812,台中銀,183,6,177,凱基-中港,2024-11-20,9202
00951,台新日本半導體,160,0,160,凱基-中港,2024-11-20,9202
00937B,群益ESG投等債20,161,4,157,凱基-中港,2024-11-20,9202
00919,群益台灣精選高息,152,31,121,凱基-中港,2024-11-20,9202
00953B,群益優選非投等債,109,0,109,凱基-中港,2024-11-20,9202
3437,榮創,60,0,60,凱基-中港,2024-11-20,9202
00637L,元大滬深300正2,50,6,44,凱基-中港,2024-11-20,9202
3481,群創,143,102,41,凱基-中港,2024-11-20,9202
2613,中櫃,55,14,41,凱基-中港,2024-11-20,9202
2834,臺企銀,36,0,36,凱基-中港,2024-11-20,9202
2413,環科,63,28,35,凱基-中港,2024-11-20,9202
2356,英業達,58,24,34,凱基-中港,2024-11-20,9202
3323,加百裕,47,15,32,凱基-中港,2024-11-20,9202
6558,興能高,59,28,31,凱基-中港,2024-11-20,9202
00922,國泰台灣領袖50,30,2,28,凱基-中港,2024-11-20,9202
2328,廣宇,63,36,27,凱基-中港,2024-11-20,9202
2303,聯電,27,0,27,凱基-中港,2024-11-20,9202
3605,宏致,25,0,25,凱基-中港,2024-11-20,9202
00706L,期元大S＆P日圓正2,24,0,24,凱基-中港,2024-11-20,9202
1326,台化,22,1,21,凱基-中港,2024-11-20,9202
6202,盛群,21,0,21,凱基-中港,2024-11-20,9202
00903,富邦元宇宙,20,0,20,凱基-中港,2024-11-20,9202
2353,宏��,18,1,17,凱基-中港,2024-11-20,9202
3037,欣興,20,3,17,凱基-中港,2024-11-20,9202
3049,精金,17,0,17,凱基-中港,2024-11-20,9202
2603,長榮,29,14,15,凱基-中港,2024-11-20,9202
4128,中天,15,0,15,凱基-中港,2024-11-20,9202
3450,聯鈞,48,33,15,凱基-中港,2024-11-20,9202
2882,國泰金,15,1,14,凱基-中港,2024-11-20,9202
00941,中信上游半導體,18,5,13,凱基-中港,2024-11-20,9202
3163,波若威,13,1,12,凱基-中港,2024-11-20,9202
2337,旺宏,12,0,12,凱基-中港,2024-11-20,9202
0050,元大台灣50,11,0,11,凱基-中港,2024-11-20,9202
00950B,凱基A級公司債,11,0,11,凱基-中港,2024-11-20,9202
8390,金益鼎,11,0,11,凱基-中港,2024-11-20,9202
2201,裕隆,11,0,11,凱基-中港,2024-11-20,9202
3625,西勝,11,0,11,凱基-中港,2024-11-20,9202
6271,同欣電,11,0,11,凱基-中港,2024-11-20,9202
4956,光鋐,21,10,11,凱基-中港,2024-11-20,9202
0052,富邦科技,10,0,10,凱基-中港,2024-11-20,9202
00893,國泰智能電動車,11,1,10,凱基-中港,2024-11-20,9202
6168,宏齊,10,0,10,凱基-中港,2024-11-20,9202
00756B,群益投等新興公債,10,0,10,凱基-中港,2024-11-20,9202
00673R,期元大S＆P原油反1,10,0,10,凱基-中港,2024-11-20,9202
00708L,期元大S＆P黃金正2,10,0,10,凱基-中港,2024-11-20,9202
6165,浪凡,10,0,10,凱基-中港,2024-11-20,9202
2312,金寶,39,30,9,凱基-中港,2024-11-20,9202
2305,全友,9,0,9,凱基-中港,2024-11-20,9202
6706,惠特,9,0,9,凱基-中港,2024-11-20,9202
1101,台泥,111,2,109,凱基-中港,2024-11-21,9202
2344,華邦電,101,14,87,凱基-中港,2024-11-21,9202
9945,潤泰新,75,0,75,凱基-中港,2024-11-21,9202
2609,陽明,247,174,73,凱基-中港,2024-11-21,9202
2890,永豐金,60,0,60,凱基-中港,2024-11-21,9202
5483,中美晶,64,5,59,凱基-中港,2024-11-21,9202
00953B,群益優選非投等債,58,0,58,凱基-中港,2024-11-21,9202
2371,大同,72,17,55,凱基-中港,2024-11-21,9202
3481,群創,51,7,44,凱基-中港,2024-11-21,9202
9105,泰金寶-DR,338,299,39,凱基-中港,2024-11-21,9202
00937B,群益ESG投等債20,38,0,38,凱基-中港,2024-11-21,9202
2353,宏��,40,3,37,凱基-中港,2024-11-21,9202
3605,宏致,34,0,34,凱基-中港,2024-11-21,9202
00878,國泰永續高股息,32,0,32,凱基-中港,2024-11-21,9202
9935,慶豐富,32,0,32,凱基-中港,2024-11-21,9202
2812,台中銀,30,0,30,凱基-中港,2024-11-21,9202
3062,建漢,30,0,30,凱基-中港,2024-11-21,9202
2915,潤泰全,30,1,29,凱基-中港,2024-11-21,9202
00708L,期元大S＆P黃金正2,30,6,24,凱基-中港,2024-11-21,9202
1301,台塑,23,0,23,凱基-中港,2024-11-21,9202
2884,玉山金,22,0,22,凱基-中港,2024-11-21,9202
7703,銳澤,22,0,22,凱基-中港,2024-11-21,9202
2317,鴻海,33,12,21,凱基-中港,2024-11-21,9202
2349,錸德,95,77,18,凱基-中港,2024-11-21,9202
2882,國泰金,17,0,17,凱基-中港,2024-11-21,9202
2022,聚亨,17,0,17,凱基-中港,2024-11-21,9202
4726,永昕,17,0,17,凱基-中港,2024-11-21,9202
3015,全漢,51,35,16,凱基-中港,2024-11-21,9202
2646,星宇航空,16,1,15,凱基-中港,2024-11-21,9202
0050,元大台灣50,18,3,15,凱基-中港,2024-11-21,9202
2356,英業達,48,34,14,凱基-中港,2024-11-21,9202
3711,日月光投控,16,2,14,凱基-中港,2024-11-21,9202
4123,晟德,14,0,14,凱基-中港,2024-11-21,9202
00919,群益台灣精選高息,14,1,13,凱基-中港,2024-11-21,9202
006208,富邦台50,12,0,12,凱基-中港,2024-11-21,9202
6505,台塑化,12,0,12,凱基-中港,2024-11-21,9202
8047,星雲,15,3,12,凱基-中港,2024-11-21,9202
1584,精剛,15,3,12,凱基-中港,2024-11-21,9202
2633,台灣高鐵,12,0,12,凱基-中港,2024-11-21,9202
2330,台積電,16,5,11,凱基-中港,2024-11-21,9202
0056,元大高股息,11,0,11,凱基-中港,2024-11-21,9202
2467,志聖,11,0,11,凱基-中港,2024-11-21,9202
3374,精材,11,0,11,凱基-中港,2024-11-21,9202
4956,光鋐,22,11,11,凱基-中港,2024-11-21,9202
3003,健和興,11,0,11,凱基-中港,2024-11-21,9202
3591,艾笛森,12,1,11,凱基-中港,2024-11-21,9202
00635U,期元大S＆P黃金,11,0,11,凱基-中港,2024-11-21,9202
2845,遠東銀,10,0,10,凱基-中港,2024-11-21,9202
6770,力積電,11,1,10,凱基-中港,2024-11-21,9202
6177,達麗,10,0,10,凱基-中港,2024-11-21,9202
00753L,中信中國50正2,195,4,191,凱基-中港,2024-11-22,9202
00632R,元大台灣50反1,138,0,138,凱基-中港,2024-11-22,9202
00953B,群益優選非投等債,93,0,93,凱基-中港,2024-11-22,9202
2368,金像電,100,8,92,凱基-中港,2024-11-22,9202
1314,中石化,61,4,57,凱基-中港,2024-11-22,9202
3712,永崴投控,62,7,55,凱基-中港,2024-11-22,9202
2344,華邦電,55,1,54,凱基-中港,2024-11-22,9202
00637L,元大滬深300正2,61,11,50,凱基-中港,2024-11-22,9202
2867,三商壽,44,0,44,凱基-中港,2024-11-22,9202
2353,宏��,53,11,42,凱基-中港,2024-11-22,9202
00937B,群益ESG投等債20,55,16,39,凱基-中港,2024-11-22,9202
8171,天宇,40,8,32,凱基-中港,2024-11-22,9202
2633,台灣高鐵,30,0,30,凱基-中港,2024-11-22,9202
3078,僑威,30,1,29,凱基-中港,2024-11-22,9202
5876,上海商銀,26,0,26,凱基-中港,2024-11-22,9202
2609,陽明,108,83,25,凱基-中港,2024-11-22,9202
1303,南亞,24,1,23,凱基-中港,2024-11-22,9202
2303,聯電,24,3,21,凱基-中港,2024-11-22,9202
3022,威強電,23,2,21,凱基-中港,2024-11-22,9202
3003,健和興,21,1,20,凱基-中港,2024-11-22,9202
8033,雷虎,20,1,19,凱基-中港,2024-11-22,9202
2354,鴻準,38,19,19,凱基-中港,2024-11-22,9202
2371,大同,70,52,18,凱基-中港,2024-11-22,9202
8105,凌巨,20,3,17,凱基-中港,2024-11-22,9202
2887,台新金,16,0,16,凱基-中港,2024-11-22,9202
2408,南亞科,17,1,16,凱基-中港,2024-11-22,9202
00882,中信中國高股息,19,5,14,凱基-中港,2024-11-22,9202
2646,星宇航空,13,0,13,凱基-中港,2024-11-22,9202
3017,奇鋐,30,17,13,凱基-中港,2024-11-22,9202
2429,銘旺科,11,0,11,凱基-中港,2024-11-22,9202
1611,中電,11,0,11,凱基-中港,2024-11-22,9202
2890,永豐金,10,0,10,凱基-中港,2024-11-22,9202
6873,泓德能源,10,0,10,凱基-中港,2024-11-22,9202
2316,楠梓電,11,1,10,凱基-中港,2024-11-22,9202
2891,中信金,13,3,10,凱基-中港,2024-11-22,9202
2302,麗正,10,0,10,凱基-中港,2024-11-22,9202
1449,佳和,28,18,10,凱基-中港,2024-11-22,9202
2201,裕隆,11,1,10,凱基-中港,2024-11-22,9202
6248,沛波,10,0,10,凱基-中港,2024-11-22,9202
1536,和大,12,2,10,凱基-中港,2024-11-22,9202
00945B,凱基美國非投等債,10,0,10,凱基-中港,2024-11-22,9202
00887,永豐中國科技50大,11,2,9,凱基-中港,2024-11-22,9202
2501,國建,10,1,9,凱基-中港,2024-11-22,9202
1326,台化,15,6,9,凱基-中港,2024-11-22,9202
8163,達方,15,6,9,凱基-中港,2024-11-22,9202
3714,富采,10,1,9,凱基-中港,2024-11-22,9202
3090,日電貿,11,3,8,凱基-中港,2024-11-22,9202
3312,弘憶股,8,0,8,凱基-中港,2024-11-22,9202
5457,宣德,8,0,8,凱基-中港,2024-11-22,9202
6870,騰雲,8,0,8,凱基-中港,2024-11-22,9202
2344,華邦電,330,12,318,凱基-中港,2024-11-25,9202
2609,陽明,256,29,227,凱基-中港,2024-11-25,9202
00919,群益台灣精選高息,221,16,205,凱基-中港,2024-11-25,9202
00953B,群益優選非投等債,196,0,196,凱基-中港,2024-11-25,9202
2365,昆盈,146,8,138,凱基-中港,2024-11-25,9202
5347,世界,101,0,101,凱基-中港,2024-11-25,9202
1710,東聯,100,0,100,凱基-中港,2024-11-25,9202
2312,金寶,263,181,82,凱基-中港,2024-11-25,9202
00940,元大台灣價值高息,100,25,75,凱基-中港,2024-11-25,9202
3481,群創,52,4,48,凱基-中港,2024-11-25,9202
2371,大同,70,25,45,凱基-中港,2024-11-25,9202
2610,華航,53,8,45,凱基-中港,2024-11-25,9202
00937B,群益ESG投等債20,43,5,38,凱基-中港,2024-11-25,9202
5871,中租-KY,35,0,35,凱基-中港,2024-11-25,9202
2413,環科,52,18,34,凱基-中港,2024-11-25,9202
6142,友勁,30,0,30,凱基-中港,2024-11-25,9202
9935,慶豐富,33,3,30,凱基-中港,2024-11-25,9202
00720B,元大投資級公司債,30,1,29,凱基-中港,2024-11-25,9202
8171,天宇,43,15,28,凱基-中港,2024-11-25,9202
2330,台積電,29,4,25,凱基-中港,2024-11-25,9202
2618,長榮航,227,208,19,凱基-中港,2024-11-25,9202
6190,萬泰科,20,1,19,凱基-中港,2024-11-25,9202
00635U,期元大S＆P黃金,20,1,19,凱基-中港,2024-11-25,9202
2313,華通,17,1,16,凱基-中港,2024-11-25,9202
8104,錸寶,87,72,15,凱基-中港,2024-11-25,9202
1612,宏泰,15,0,15,凱基-中港,2024-11-25,9202
00708L,期元大S＆P黃金正2,15,1,14,凱基-中港,2024-11-25,9202
3090,日電貿,21,7,14,凱基-中港,2024-11-25,9202
0050,元大台灣50,17,3,14,凱基-中港,2024-11-25,9202
6558,興能高,21,8,13,凱基-中港,2024-11-25,9202
1609,大亞,13,0,13,凱基-中港,2024-11-25,9202
2615,萬海,33,21,12,凱基-中港,2024-11-25,9202
3031,佰鴻,12,0,12,凱基-中港,2024-11-25,9202
6288,聯嘉,15,4,11,凱基-中港,2024-11-25,9202
3030,德律,11,0,11,凱基-中港,2024-11-25,9202
3062,建漢,10,0,10,凱基-中港,2024-11-25,9202
3027,盛達,15,5,10,凱基-中港,2024-11-25,9202
00918,大華優利高填息30,10,0,10,凱基-中港,2024-11-25,9202
00882,中信中國高股息,9,0,9,凱基-中港,2024-11-25,9202
2883B,凱基金乙特,9,0,9,凱基-中港,2024-11-25,9202
2421,建準,11,2,9,凱基-中港,2024-11-25,9202
4541,晟田,9,0,9,凱基-中港,2024-11-25,9202
6830,汎銓,9,1,8,凱基-中港,2024-11-25,9202
6180,橘子,15,7,8,凱基-中港,2024-11-25,9202
2498,宏達電,8,0,8,凱基-中港,2024-11-25,9202
2449,京元電子,14,7,7,凱基-中港,2024-11-25,9202
3013,晟銘電,9,2,7,凱基-中港,2024-11-25,9202
3511,矽瑪,13,6,7,凱基-中港,2024-11-25,9202
3081,聯亞,17,10,7,凱基-中港,2024-11-25,9202
6591,動力-KY,7,0,7,凱基-中港,2024-11-25,9202
2641,正德,350,0,350,凱基-中港,2024-11-26,9202
5371,中光電,143,7,136,凱基-中港,2024-11-26,9202
2344,華邦電,128,20,108,凱基-中港,2024-11-26,9202
5531,鄉林,80,4,76,凱基-中港,2024-11-26,9202
3230,錦明,65,3,62,凱基-中港,2024-11-26,9202
9935,慶豐富,107,48,59,凱基-中港,2024-11-26,9202
2317,鴻海,78,23,55,凱基-中港,2024-11-26,9202
3017,奇鋐,53,0,53,凱基-中港,2024-11-26,9202
2883,凱基金,51,1,50,凱基-中港,2024-11-26,9202
00882,中信中國高股息,50,0,50,凱基-中港,2024-11-26,9202
2324,仁寶,71,24,47,凱基-中港,2024-11-26,9202
00878,國泰永續高股息,59,18,41,凱基-中港,2024-11-26,9202
5309,系統電,78,38,40,凱基-中港,2024-11-26,9202
3323,加百裕,94,56,38,凱基-中港,2024-11-26,9202
00918,大華優利高填息30,35,0,35,凱基-中港,2024-11-26,9202
8937,合騏,33,0,33,凱基-中港,2024-11-26,9202
8064,東捷,31,0,31,凱基-中港,2024-11-26,9202
00915,凱基優選高股息30,31,0,31,凱基-中港,2024-11-26,9202
3056,富華新,30,1,29,凱基-中港,2024-11-26,9202
3597,映興,61,35,26,凱基-中港,2024-11-26,9202
4541,晟田,27,1,26,凱基-中港,2024-11-26,9202
00950B,凱基A級公司債,24,0,24,凱基-中港,2024-11-26,9202
2603,長榮,29,5,24,凱基-中港,2024-11-26,9202
00940,元大台灣價值高息,23,0,23,凱基-中港,2024-11-26,9202
3062,建漢,23,0,23,凱基-中港,2024-11-26,9202
6142,友勁,25,2,23,凱基-中港,2024-11-26,9202
1402,遠東新,23,0,23,凱基-中港,2024-11-26,9202
9904,寶成,24,3,21,凱基-中港,2024-11-26,9202
3481,群創,62,41,21,凱基-中港,2024-11-26,9202
00951,台新日本半導體,21,0,21,凱基-中港,2024-11-26,9202
00938,凱基優選30,21,0,21,凱基-中港,2024-11-26,9202
2801,彰銀,20,0,20,凱基-中港,2024-11-26,9202
2392,正崴,32,14,18,凱基-中港,2024-11-26,9202
00887,永豐中國科技50大,22,4,18,凱基-中港,2024-11-26,9202
3231,緯創,49,32,17,凱基-中港,2024-11-26,9202
3015,全漢,17,0,17,凱基-中港,2024-11-26,9202
0056,元大高股息,20,3,17,凱基-中港,2024-11-26,9202
2002,中鋼,16,0,16,凱基-中港,2024-11-26,9202
1326,台化,19,4,15,凱基-中港,2024-11-26,9202
2330,台積電,19,4,15,凱基-中港,2024-11-26,9202
2426,鼎元,27,13,14,凱基-中港,2024-11-26,9202
00632R,元大台灣50反1,22,8,14,凱基-中港,2024-11-26,9202
1301,台塑,16,2,14,凱基-中港,2024-11-26,9202
6558,興能高,33,20,13,凱基-中港,2024-11-26,9202
2014,中鴻,14,2,12,凱基-中港,2024-11-26,9202
8114,振樺電,13,1,12,凱基-中港,2024-11-26,9202
9105,泰金寶-DR,38,26,12,凱基-中港,2024-11-26,9202
2409,友達,11,0,11,凱基-中港,2024-11-26,9202
00935,野村臺灣新科技50,11,0,11,凱基-中港,2024-11-26,9202
1304,台聚,11,0,11,凱基-中港,2024-11-26,9202
2609,陽明,462,124,338,凱基-中港,2024-11-27,9202
2812,台中銀,339,10,329,凱基-中港,2024-11-27,9202
2317,鴻海,243,32,211,凱基-中港,2024-11-27,9202
00878,國泰永續高股息,173,21,152,凱基-中港,2024-11-27,9202
00918,大華優利高填息30,108,0,108,凱基-中港,2024-11-27,9202
0056,元大高股息,83,5,78,凱基-中港,2024-11-27,9202
00887,永豐中國科技50大,104,26,78,凱基-中港,2024-11-27,9202
2303,聯電,77,13,64,凱基-中港,2024-11-27,9202
00753L,中信中國50正2,61,1,60,凱基-中港,2024-11-27,9202
9105,泰金寶-DR,141,88,53,凱基-中港,2024-11-27,9202
00922,國泰台灣領袖50,53,0,53,凱基-中港,2024-11-27,9202
3231,緯創,90,42,48,凱基-中港,2024-11-27,9202
5328,華容,65,20,45,凱基-中港,2024-11-27,9202
00915,凱基優選高股息30,41,0,41,凱基-中港,2024-11-27,9202
1504,東元,54,14,40,凱基-中港,2024-11-27,9202
2330,台積電,46,8,38,凱基-中港,2024-11-27,9202
3605,宏致,44,7,37,凱基-中港,2024-11-27,9202
2002,中鋼,37,0,37,凱基-中港,2024-11-27,9202
9935,慶豐富,36,0,36,凱基-中港,2024-11-27,9202
6142,友勁,31,0,31,凱基-中港,2024-11-27,9202
00960,野村全球航運龍頭,29,0,29,凱基-中港,2024-11-27,9202
6235,華孚,35,6,29,凱基-中港,2024-11-27,9202
6669,緯穎,29,1,28,凱基-中港,2024-11-27,9202
7705,三商餐飲,29,1,28,凱基-中港,2024-11-27,9202
2603,長榮,67,39,28,凱基-中港,2024-11-27,9202
2371,大同,38,11,27,凱基-中港,2024-11-27,9202
8033,雷虎,31,7,24,凱基-中港,2024-11-27,9202
3062,建漢,24,1,23,凱基-中港,2024-11-27,9202
00929,復華台灣科技優息,49,26,23,凱基-中港,2024-11-27,9202
4526,東台,74,52,22,凱基-中港,2024-11-27,9202
2353,宏��,34,12,22,凱基-中港,2024-11-27,9202
1326,台化,26,5,21,凱基-中港,2024-11-27,9202
00680L,元大美債20正2,21,0,21,凱基-中港,2024-11-27,9202
4541,晟田,21,0,21,凱基-中港,2024-11-27,9202
2337,旺宏,22,1,21,凱基-中港,2024-11-27,9202
1815,富喬,141,120,21,凱基-中港,2024-11-27,9202
2442,新美齊,20,0,20,凱基-中港,2024-11-27,9202
2356,英業達,32,12,20,凱基-中港,2024-11-27,9202
6187,萬潤,20,1,19,凱基-中港,2024-11-27,9202
00930,永豐ESG低碳高息,18,2,16,凱基-中港,2024-11-27,9202
0050,元大台灣50,15,0,15,凱基-中港,2024-11-27,9202
1718,中纖,15,0,15,凱基-中港,2024-11-27,9202
00881,國泰台灣5G+,15,0,15,凱基-中港,2024-11-27,9202
00943,兆豐電子高息等權,14,0,14,凱基-中港,2024-11-27,9202
006208,富邦台50,18,4,14,凱基-中港,2024-11-27,9202
4927,泰鼎-KY,21,8,13,凱基-中港,2024-11-27,9202
2634,漢翔,15,2,13,凱基-中港,2024-11-27,9202
2363,矽統,13,0,13,凱基-中港,2024-11-27,9202
6127,九豪,12,0,12,凱基-中港,2024-11-27,9202
6706,惠特,12,0,12,凱基-中港,2024-11-27,9202
00953B,群益優選非投等債,510,0,510,凱基-中港,2024-11-28,9202
00878,國泰永續高股息,177,5,172,凱基-中港,2024-11-28,9202
00940,元大台灣價值高息,132,0,132,凱基-中港,2024-11-28,9202
2312,金寶,176,78,98,凱基-中港,2024-11-28,9202
2317,鴻海,111,18,93,凱基-中港,2024-11-28,9202
0056,元大高股息,77,1,76,凱基-中港,2024-11-28,9202
3591,艾笛森,82,7,75,凱基-中港,2024-11-28,9202
00919,群益台灣精選高息,83,13,70,凱基-中港,2024-11-28,9202
00915,凱基優選高股息30,45,3,42,凱基-中港,2024-11-28,9202
8429,金麗-KY,66,27,39,凱基-中港,2024-11-28,9202
5244,弘凱,43,5,38,凱基-中港,2024-11-28,9202
2303,聯電,61,25,36,凱基-中港,2024-11-28,9202
00905,FT臺灣Smart,33,0,33,凱基-中港,2024-11-28,9202
2332,友訊,80,48,32,凱基-中港,2024-11-28,9202
2915,潤泰全,30,0,30,凱基-中港,2024-11-28,9202
9935,慶豐富,29,0,29,凱基-中港,2024-11-28,9202
00922,國泰台灣領袖50,28,0,28,凱基-中港,2024-11-28,9202
2344,華邦電,28,0,28,凱基-中港,2024-11-28,9202
2867,三商壽,28,2,26,凱基-中港,2024-11-28,9202
3605,宏致,36,11,25,凱基-中港,2024-11-28,9202
2646,星宇航空,33,10,23,凱基-中港,2024-11-28,9202
00918,大華優利高填息30,24,1,23,凱基-中港,2024-11-28,9202
4510,高鋒,669,647,22,凱基-中港,2024-11-28,9202
2845,遠東銀,20,0,20,凱基-中港,2024-11-28,9202
2405,輔信,20,0,20,凱基-中港,2024-11-28,9202
6414,樺漢,20,0,20,凱基-中港,2024-11-28,9202
6706,惠特,19,0,19,凱基-中港,2024-11-28,9202
1301,台塑,25,7,18,凱基-中港,2024-11-28,9202
2354,鴻準,52,36,16,凱基-中港,2024-11-28,9202
00753L,中信中國50正2,22,6,16,凱基-中港,2024-11-28,9202
5309,系統電,24,8,16,凱基-中港,2024-11-28,9202
00952,凱基台灣AI50,15,0,15,凱基-中港,2024-11-28,9202
3715,定穎投控,16,1,15,凱基-中港,2024-11-28,9202
9904,寶成,15,0,15,凱基-中港,2024-11-28,9202
00713,元大台灣高息低波,17,2,15,凱基-中港,2024-11-28,9202
2062,橋椿,16,2,14,凱基-中港,2024-11-28,9202
1326,台化,23,10,13,凱基-中港,2024-11-28,9202
1605,華新,14,1,13,凱基-中港,2024-11-28,9202
9105,泰金寶-DR,18,8,10,凱基-中港,2024-11-28,9202
2634,漢翔,10,0,10,凱基-中港,2024-11-28,9202
5340,建榮,10,0,10,凱基-中港,2024-11-28,9202
6117,迎廣,15,5,10,凱基-中港,2024-11-28,9202
2613,中櫃,10,0,10,凱基-中港,2024-11-28,9202
3704,合勤控,10,0,10,凱基-中港,2024-11-28,9202
6163,華電網,10,0,10,凱基-中港,2024-11-28,9202
3169,亞信,10,0,10,凱基-中港,2024-11-28,9202
6142,友勁,10,0,10,凱基-中港,2024-11-28,9202
00934,中信成長高股息,10,0,10,凱基-中港,2024-11-28,9202
8240,華宏,12,2,10,凱基-中港,2024-11-28,9202
2376,技嘉,10,1,9,凱基-中港,2024-11-28,9202
00753L,中信中國50正2,228,5,223,凱基-中港,2024-11-29,9202
2002,中鋼,89,1,88,凱基-中港,2024-11-29,9202
2615,萬海,78,8,70,凱基-中港,2024-11-29,9202
4931,新盛力,52,5,47,凱基-中港,2024-11-29,9202
0056,元大高股息,73,29,44,凱基-中港,2024-11-29,9202
00687B,國泰20年美債,52,11,41,凱基-中港,2024-11-29,9202
00665L,富邦�琤肭磪囓�2,41,0,41,凱基-中港,2024-11-29,9202
2867,三商壽,38,0,38,凱基-中港,2024-11-29,9202
00915,凱基優選高股息30,33,0,33,凱基-中港,2024-11-29,9202
2330,台積電,34,1,33,凱基-中港,2024-11-29,9202
1402,遠東新,26,0,26,凱基-中港,2024-11-29,9202
8210,勤誠,25,0,25,凱基-中港,2024-11-29,9202
2368,金像電,26,2,24,凱基-中港,2024-11-29,9202
00878,國泰永續高股息,32,9,23,凱基-中港,2024-11-29,9202
1326,台化,24,4,20,凱基-中港,2024-11-29,9202
8064,東捷,20,0,20,凱基-中港,2024-11-29,9202
6770,力積電,20,1,19,凱基-中港,2024-11-29,9202
2344,華邦電,26,8,18,凱基-中港,2024-11-29,9202
3597,映興,18,0,18,凱基-中港,2024-11-29,9202
6117,迎廣,22,4,18,凱基-中港,2024-11-29,9202
8171,天宇,57,40,17,凱基-中港,2024-11-29,9202
00943,兆豐電子高息等權,16,0,16,凱基-中港,2024-11-29,9202
2303,聯電,53,37,16,凱基-中港,2024-11-29,9202
2014,中鴻,15,0,15,凱基-中港,2024-11-29,9202
3231,緯創,29,14,15,凱基-中港,2024-11-29,9202
00919,群益台灣精選高息,23,8,15,凱基-中港,2024-11-29,9202
00751B,元大AAA至A公司債,15,2,13,凱基-中港,2024-11-29,9202
1301,台塑,30,17,13,凱基-中港,2024-11-29,9202
00673R,期元大S＆P原油反1,13,0,13,凱基-中港,2024-11-29,9202
8429,金麗-KY,15,2,13,凱基-中港,2024-11-29,9202
1304,台聚,21,10,11,凱基-中港,2024-11-29,9202
2349,錸德,17,6,11,凱基-中港,2024-11-29,9202
2382,廣達,12,2,10,凱基-中港,2024-11-29,9202
1612,宏泰,10,0,10,凱基-中港,2024-11-29,9202
00643,群益深証中小,10,0,10,凱基-中港,2024-11-29,9202
2371,大同,10,0,10,凱基-中港,2024-11-29,9202
4726,永昕,10,0,10,凱基-中港,2024-11-29,9202
4108,懷特,10,0,10,凱基-中港,2024-11-29,9202
00946,群益科技高息成長,10,0,10,凱基-中港,2024-11-29,9202
00953B,群益優選非投等債,10,0,10,凱基-中港,2024-11-29,9202
4510,高鋒,24,14,10,凱基-中港,2024-11-29,9202
2356,英業達,17,8,9,凱基-中港,2024-11-29,9202
00952,凱基台灣AI50,8,0,8,凱基-中港,2024-11-29,9202
00713,元大台灣高息低波,8,0,8,凱基-中港,2024-11-29,9202
006208,富邦台50,8,0,8,凱基-中港,2024-11-29,9202
3029,零壹,7,0,7,凱基-中港,2024-11-29,9202
5353,台林,16,9,7,凱基-中港,2024-11-29,9202
8104,錸寶,35,28,7,凱基-中港,2024-11-29,9202
8038,長園科,8,1,7,凱基-中港,2024-11-29,9202
00918,大華優利高填息30,6,0,6,凱基-中港,2024-11-29,9202
00632R,元大台灣50反1,550,41,509,凱基-中港,2024-12-02,9202
00950B,凱基A級公司債,140,20,120,凱基-中港,2024-12-02,9202
2014,中鴻,131,15,116,凱基-中港,2024-12-02,9202
2641,正德,100,0,100,凱基-中港,2024-12-02,9202
00918,大華優利高填息30,97,1,96,凱基-中港,2024-12-02,9202
2317,鴻海,88,3,85,凱基-中港,2024-12-02,9202
4123,晟德,82,6,76,凱基-中港,2024-12-02,9202
5371,中光電,80,17,63,凱基-中港,2024-12-02,9202
1314,中石化,47,0,47,凱基-中港,2024-12-02,9202
00933B,國泰10Y+金融債,58,15,43,凱基-中港,2024-12-02,9202
2344,華邦電,53,14,39,凱基-中港,2024-12-02,9202
8210,勤誠,36,2,34,凱基-中港,2024-12-02,9202
00948B,中信優息投資級債,51,17,34,凱基-中港,2024-12-02,9202
6175,立敦,33,1,32,凱基-中港,2024-12-02,9202
1802,台玻,31,0,31,凱基-中港,2024-12-02,9202
5907,大洋-KY,30,0,30,凱基-中港,2024-12-02,9202
3211,順達,219,190,29,凱基-中港,2024-12-02,9202
00959B,大華投等美債15Y+,30,2,28,凱基-中港,2024-12-02,9202
3323,加百裕,304,276,28,凱基-中港,2024-12-02,9202
3231,緯創,29,3,26,凱基-中港,2024-12-02,9202
5328,華容,27,3,24,凱基-中港,2024-12-02,9202
2208,台船,23,0,23,凱基-中港,2024-12-02,9202
5244,弘凱,26,4,22,凱基-中港,2024-12-02,9202
1536,和大,52,33,19,凱基-中港,2024-12-02,9202
1522,堤維西,21,2,19,凱基-中港,2024-12-02,9202
6558,興能高,190,172,18,凱基-中港,2024-12-02,9202
2867,三商壽,18,0,18,凱基-中港,2024-12-02,9202
2312,金寶,91,75,16,凱基-中港,2024-12-02,9202
2356,英業達,21,5,16,凱基-中港,2024-12-02,9202
00715L,期街口布蘭特正2,14,0,14,凱基-中港,2024-12-02,9202
2337,旺宏,15,2,13,凱基-中港,2024-12-02,9202
2371,大同,12,0,12,凱基-中港,2024-12-02,9202
00915,凱基優選高股息30,23,12,11,凱基-中港,2024-12-02,9202
3264,欣銓,16,5,11,凱基-中港,2024-12-02,9202
2886,兆豐金,10,0,10,凱基-中港,2024-12-02,9202
6442,光聖,14,4,10,凱基-中港,2024-12-02,9202
00709,富邦歐洲,10,0,10,凱基-中港,2024-12-02,9202
00943,兆豐電子高息等權,10,0,10,凱基-中港,2024-12-02,9202
2413,環科,10,0,10,凱基-中港,2024-12-02,9202
6838,台新藥,10,0,10,凱基-中港,2024-12-02,9202
3021,鴻名,10,0,10,凱基-中港,2024-12-02,9202
2354,鴻準,42,33,9,凱基-中港,2024-12-02,9202
3712,永崴投控,13,4,9,凱基-中港,2024-12-02,9202
2449,京元電子,11,3,8,凱基-中港,2024-12-02,9202
2464,盟立,8,0,8,凱基-中港,2024-12-02,9202
2392,正崴,16,8,8,凱基-中港,2024-12-02,9202
4541,晟田,10,2,8,凱基-中港,2024-12-02,9202
00949,復華日本龍頭,7,0,7,凱基-中港,2024-12-02,9202
3419,譁裕,7,0,7,凱基-中港,2024-12-02,9202
3013,晟銘電,29,22,7,凱基-中港,2024-12-02,9202
00918,大華優利高填息30,502,10,492,凱基-中港,2024-12-03,9202
00919,群益台灣精選高息,496,47,449,凱基-中港,2024-12-03,9202
2609,陽明,523,79,444,凱基-中港,2024-12-03,9202
00953B,群益優選非投等債,303,0,303,凱基-中港,2024-12-03,9202
00632R,元大台灣50反1,204,101,103,凱基-中港,2024-12-03,9202
2313,華通,102,1,101,凱基-中港,2024-12-03,9202
6757,台灣虎航,78,10,68,凱基-中港,2024-12-03,9202
3380,明泰,63,4,59,凱基-中港,2024-12-03,9202
00915,凱基優選高股息30,51,0,51,凱基-中港,2024-12-03,9202
2887,台新金,56,6,50,凱基-中港,2024-12-03,9202
2204,中華,76,27,49,凱基-中港,2024-12-03,9202
2014,中鴻,46,1,45,凱基-中港,2024-12-03,9202
2303,聯電,45,3,42,凱基-中港,2024-12-03,9202
2444,兆勁,42,2,40,凱基-中港,2024-12-03,9202
00715L,期街口布蘭特正2,38,0,38,凱基-中港,2024-12-03,9202
6264,富裔,36,0,36,凱基-中港,2024-12-03,9202
00878,國泰永續高股息,51,16,35,凱基-中港,2024-12-03,9202
00922,國泰台灣領袖50,31,0,31,凱基-中港,2024-12-03,9202
2353,宏��,64,34,30,凱基-中港,2024-12-03,9202
1815,富喬,31,3,28,凱基-中港,2024-12-03,9202
3498,陽程,41,18,23,凱基-中港,2024-12-03,9202
6442,光聖,22,1,21,凱基-中港,2024-12-03,9202
00958B,永豐ESG銀行債15,21,0,21,凱基-中港,2024-12-03,9202
00926,凱基全球菁英55,20,0,20,凱基-中港,2024-12-03,9202
00881,國泰台灣5G+,19,0,19,凱基-中港,2024-12-03,9202
4123,晟德,18,0,18,凱基-中港,2024-12-03,9202
6165,浪凡,18,0,18,凱基-中港,2024-12-03,9202
4503,金雨,17,0,17,凱基-中港,2024-12-03,9202
2317,鴻海,31,15,16,凱基-中港,2024-12-03,9202
6591,動力-KY,17,1,16,凱基-中港,2024-12-03,9202
00662,富邦NASDAQ,16,0,16,凱基-中港,2024-12-03,9202
2495,普安,33,17,16,凱基-中港,2024-12-03,9202
00909,國泰數位支付服務,15,0,15,凱基-中港,2024-12-03,9202
3211,順達,71,56,15,凱基-中港,2024-12-03,9202
6285,啟��,15,0,15,凱基-中港,2024-12-03,9202
00830,國泰費城半導體,15,0,15,凱基-中港,2024-12-03,9202
00938,凱基優選30,15,0,15,凱基-中港,2024-12-03,9202
2614,東森,16,1,15,凱基-中港,2024-12-03,9202
3704,合勤控,37,22,15,凱基-中港,2024-12-03,9202
1301,台塑,16,1,15,凱基-中港,2024-12-03,9202
00950B,凱基A級公司債,50,35,15,凱基-中港,2024-12-03,9202
2615,萬海,22,7,15,凱基-中港,2024-12-03,9202
4303,信立,20,6,14,凱基-中港,2024-12-03,9202
6270,倍微,14,0,14,凱基-中港,2024-12-03,9202
2344,華邦電,13,0,13,凱基-中港,2024-12-03,9202
4991,環宇-KY,72,59,13,凱基-中港,2024-12-03,9202
8429,金麗-KY,20,7,13,凱基-中港,2024-12-03,9202
4977,眾達-KY,25,12,13,凱基-中港,2024-12-03,9202
1536,和大,23,10,13,凱基-中港,2024-12-03,9202
00857B,永豐20年美公債,12,0,12,凱基-中港,2024-12-03,9202
2313,華通,281,1,280,凱基-中港,2024-12-04,9202
00937B,群益ESG投等債20,278,0,278,凱基-中港,2024-12-04,9202
00953B,群益優選非投等債,234,0,234,凱基-中港,2024-12-04,9202
2812,台中銀,179,2,177,凱基-中港,2024-12-04,9202
2891,中信金,146,11,135,凱基-中港,2024-12-04,9202
5328,華容,121,9,112,凱基-中港,2024-12-04,9202
2009,第一銅,80,1,79,凱基-中港,2024-12-04,9202
00950B,凱基A級公司債,73,10,63,凱基-中港,2024-12-04,9202
2610,華航,80,22,58,凱基-中港,2024-12-04,9202
1513,中興電,51,0,51,凱基-中港,2024-12-04,9202
00919,群益台灣精選高息,54,10,44,凱基-中港,2024-12-04,9202
3323,加百裕,270,228,42,凱基-中港,2024-12-04,9202
5457,宣德,42,0,42,凱基-中港,2024-12-04,9202
1310,台苯,38,0,38,凱基-中港,2024-12-04,9202
3706,神達,230,196,34,凱基-中港,2024-12-04,9202
00712,復華富時不動產,29,0,29,凱基-中港,2024-12-04,9202
00945B,凱基美國非投等債,28,0,28,凱基-中港,2024-12-04,9202
00918,大華優利高填息30,27,0,27,凱基-中港,2024-12-04,9202
3605,宏致,26,0,26,凱基-中港,2024-12-04,9202
4938,和碩,25,1,24,凱基-中港,2024-12-04,9202
00679B,元大美債20年,59,39,20,凱基-中港,2024-12-04,9202
00673R,期元大S＆P原油反1,20,0,20,凱基-中港,2024-12-04,9202
3163,波若威,20,1,19,凱基-中港,2024-12-04,9202
2603,長榮,26,8,18,凱基-中港,2024-12-04,9202
2408,南亞科,20,2,18,凱基-中港,2024-12-04,9202
5371,中光電,16,0,16,凱基-中港,2024-12-04,9202
00938,凱基優選30,16,0,16,凱基-中港,2024-12-04,9202
2455,全新,16,0,16,凱基-中港,2024-12-04,9202
00915,凱基優選高股息30,19,4,15,凱基-中港,2024-12-04,9202
1471,首利,14,0,14,凱基-中港,2024-12-04,9202
9105,泰金寶-DR,144,131,13,凱基-中港,2024-12-04,9202
2062,橋椿,32,19,13,凱基-中港,2024-12-04,9202
4303,信立,21,8,13,凱基-中港,2024-12-04,9202
00892,富邦台灣半導體,13,0,13,凱基-中港,2024-12-04,9202
2419,仲琦,14,1,13,凱基-中港,2024-12-04,9202
2458,義隆,13,0,13,凱基-中港,2024-12-04,9202
00948B,中信優息投資級債,12,0,12,凱基-中港,2024-12-04,9202
2027,大成鋼,12,0,12,凱基-中港,2024-12-04,9202
4503,金雨,12,0,12,凱基-中港,2024-12-04,9202
8011,台通,12,0,12,凱基-中港,2024-12-04,9202
1605,華新,15,4,11,凱基-中港,2024-12-04,9202
1722,台肥,11,0,11,凱基-中港,2024-12-04,9202
5608,四維航,11,0,11,凱基-中港,2024-12-04,9202
8210,勤誠,12,1,11,凱基-中港,2024-12-04,9202
00959B,大華投等美債15Y+,10,0,10,凱基-中港,2024-12-04,9202
00740B,富邦全球投等債,10,0,10,凱基-中港,2024-12-04,9202
4726,永昕,10,0,10,凱基-中港,2024-12-04,9202
4562,穎漢,16,6,10,凱基-中港,2024-12-04,9202
00655L,國泰中國A50正2,10,0,10,凱基-中港,2024-12-04,9202
6791,虎門科技,10,0,10,凱基-中港,2024-12-04,9202
2609,陽明,205,17,188,凱基-中港,2024-12-05,9202
2605,新興,100,7,93,凱基-中港,2024-12-05,9202
00929,復華台灣科技優息,324,238,86,凱基-中港,2024-12-05,9202
3264,欣銓,80,0,80,凱基-中港,2024-12-05,9202
1815,富喬,204,125,79,凱基-中港,2024-12-05,9202
6191,精成科,62,1,61,凱基-中港,2024-12-05,9202
2812,台中銀,61,1,60,凱基-中港,2024-12-05,9202
3702,大聯大,59,0,59,凱基-中港,2024-12-05,9202
2610,華航,65,6,59,凱基-中港,2024-12-05,9202
3680,家登,50,1,49,凱基-中港,2024-12-05,9202
2405,輔信,47,2,45,凱基-中港,2024-12-05,9202
2646,星宇航空,43,1,42,凱基-中港,2024-12-05,9202
3322,建舜電,36,0,36,凱基-中港,2024-12-05,9202
2453,凌群,41,6,35,凱基-中港,2024-12-05,9202
2888,新光金,118,84,34,凱基-中港,2024-12-05,9202
2368,金像電,32,2,30,凱基-中港,2024-12-05,9202
00918,大華優利高填息30,30,0,30,凱基-中港,2024-12-05,9202
1471,首利,29,0,29,凱基-中港,2024-12-05,9202
3712,永崴投控,31,2,29,凱基-中港,2024-12-05,9202
2352,佳世達,25,0,25,凱基-中港,2024-12-05,9202
3230,錦明,31,6,25,凱基-中港,2024-12-05,9202
2317,鴻海,32,10,22,凱基-中港,2024-12-05,9202
3211,順達,62,40,22,凱基-中港,2024-12-05,9202
8033,雷虎,21,0,21,凱基-中港,2024-12-05,9202
5309,系統電,30,9,21,凱基-中港,2024-12-05,9202
5347,世界,21,1,20,凱基-中港,2024-12-05,9202
6165,浪凡,20,0,20,凱基-中港,2024-12-05,9202
3021,鴻名,20,0,20,凱基-中港,2024-12-05,9202
00882,中信中國高股息,20,0,20,凱基-中港,2024-12-05,9202
00934,中信成長高股息,20,0,20,凱基-中港,2024-12-05,9202
2349,錸德,20,0,20,凱基-中港,2024-12-05,9202
2449,京元電子,21,1,20,凱基-中港,2024-12-05,9202
1301,台塑,20,1,19,凱基-中港,2024-12-05,9202
6770,力積電,19,0,19,凱基-中港,2024-12-05,9202
2427,三商電,22,4,18,凱基-中港,2024-12-05,9202
5203,訊連,18,0,18,凱基-中港,2024-12-05,9202
2375,凱美,52,36,16,凱基-中港,2024-12-05,9202
1303,南亞,20,4,16,凱基-中港,2024-12-05,9202
2392,正崴,38,23,15,凱基-中港,2024-12-05,9202
00900,富邦特選高股息30,15,0,15,凱基-中港,2024-12-05,9202
00665L,富邦�琤肭磪囓�2,19,4,15,凱基-中港,2024-12-05,9202
1777,生泰,14,0,14,凱基-中港,2024-12-05,9202
00915,凱基優選高股息30,19,6,13,凱基-中港,2024-12-05,9202
2345,智邦,19,6,13,凱基-中港,2024-12-05,9202
00953B,群益優選非投等債,13,0,13,凱基-中港,2024-12-05,9202
0056,元大高股息,18,5,13,凱基-中港,2024-12-05,9202
3450,聯鈞,93,81,12,凱基-中港,2024-12-05,9202
00947,台新臺灣IC設計,12,0,12,凱基-中港,2024-12-05,9202
3481,群創,18,6,12,凱基-中港,2024-12-05,9202
6127,九豪,27,16,11,凱基-中港,2024-12-05,9202
00953B,群益優選非投等債,211,0,211,凱基-中港,2024-12-06,9202
2609,陽明,157,23,134,凱基-中港,2024-12-06,9202
3029,零壹,135,21,114,凱基-中港,2024-12-06,9202
2605,新興,100,1,99,凱基-中港,2024-12-06,9202
00715L,期街口布蘭特正2,89,0,89,凱基-中港,2024-12-06,9202
1314,中石化,73,0,73,凱基-中港,2024-12-06,9202
2354,鴻準,186,114,72,凱基-中港,2024-12-06,9202
00951,台新日本半導體,72,0,72,凱基-中港,2024-12-06,9202
4919,新唐,62,10,52,凱基-中港,2024-12-06,9202
2323,中環,50,0,50,凱基-中港,2024-12-06,9202
00650L,復華香港正2,50,0,50,凱基-中港,2024-12-06,9202
00915,凱基優選高股息30,52,6,46,凱基-中港,2024-12-06,9202
2330,台積電,45,5,40,凱基-中港,2024-12-06,9202
8064,東捷,40,0,40,凱基-中港,2024-12-06,9202
4513,福裕,37,0,37,凱基-中港,2024-12-06,9202
6257,矽格,30,0,30,凱基-中港,2024-12-06,9202
4931,新盛力,44,14,30,凱基-中港,2024-12-06,9202
6558,興能高,53,23,30,凱基-中港,2024-12-06,9202
2812,台中銀,40,11,29,凱基-中港,2024-12-06,9202
1815,富喬,75,47,28,凱基-中港,2024-12-06,9202
2610,華航,38,10,28,凱基-中港,2024-12-06,9202
2399,映泰,73,46,27,凱基-中港,2024-12-06,9202
2317,鴻海,39,12,27,凱基-中港,2024-12-06,9202
00909,國泰數位支付服務,24,1,23,凱基-中港,2024-12-06,9202
3230,錦明,25,3,22,凱基-中港,2024-12-06,9202
00919,群益台灣精選高息,39,17,22,凱基-中港,2024-12-06,9202
00932,兆豐永續高息等權,30,10,20,凱基-中港,2024-12-06,9202
00941,中信上游半導體,23,3,20,凱基-中港,2024-12-06,9202
5439,高技,18,2,16,凱基-中港,2024-12-06,9202
3037,欣興,19,3,16,凱基-中港,2024-12-06,9202
3323,加百裕,25,10,15,凱基-中港,2024-12-06,9202
3105,穩懋,14,0,14,凱基-中港,2024-12-06,9202
4952,凌通,12,0,12,凱基-中港,2024-12-06,9202
2891,中信金,17,6,11,凱基-中港,2024-12-06,9202
00918,大華優利高填息30,14,3,11,凱基-中港,2024-12-06,9202
4142,國光生,20,9,11,凱基-中港,2024-12-06,9202
7722,LINEPAY,12,2,10,凱基-中港,2024-12-06,9202
2438,翔耀,10,0,10,凱基-中港,2024-12-06,9202
00642U,期元大S＆P石油,10,0,10,凱基-中港,2024-12-06,9202
2540,愛山林,10,0,10,凱基-中港,2024-12-06,9202
2467,志聖,10,0,10,凱基-中港,2024-12-06,9202
2002,中鋼,33,23,10,凱基-中港,2024-12-06,9202
1722,台肥,10,0,10,凱基-中港,2024-12-06,9202
00631L,元大台灣50正2,12,2,10,凱基-中港,2024-12-06,9202
6426,統新,14,5,9,凱基-中港,2024-12-06,9202
1532,勤美,21,12,9,凱基-中港,2024-12-06,9202
00713,元大台灣高息低波,9,1,8,凱基-中港,2024-12-06,9202
2392,正崴,13,5,8,凱基-中港,2024-12-06,9202
2474,可成,8,0,8,凱基-中港,2024-12-06,9202
1565,精華,8,0,8,凱基-中港,2024-12-06,9202
00887,永豐中國科技50大,1436,0,1436,凱基-中港,2024-12-09,9202
2605,新興,511,2,509,凱基-中港,2024-12-09,9202
2615,萬海,230,42,188,凱基-中港,2024-12-09,9202
4953,緯軟,139,7,132,凱基-中港,2024-12-09,9202
1718,中纖,132,0,132,凱基-中港,2024-12-09,9202
2332,友訊,127,4,123,凱基-中港,2024-12-09,9202
5278,尚凡*,80,0,80,凱基-中港,2024-12-09,9202
00919,群益台灣精選高息,83,10,73,凱基-中港,2024-12-09,9202
00715L,期街口布蘭特正2,70,0,70,凱基-中港,2024-12-09,9202
2002,中鋼,75,10,65,凱基-中港,2024-12-09,9202
00929,復華台灣科技優息,131,70,61,凱基-中港,2024-12-09,9202
00713,元大台灣高息低波,53,0,53,凱基-中港,2024-12-09,9202
2883,凱基金,59,7,52,凱基-中港,2024-12-09,9202
2413,環科,52,0,52,凱基-中港,2024-12-09,9202
3625,西勝,50,1,49,凱基-中港,2024-12-09,9202
7722,LINEPAY,42,1,41,凱基-中港,2024-12-09,9202
0056,元大高股息,39,0,39,凱基-中港,2024-12-09,9202
00915,凱基優選高股息30,45,8,37,凱基-中港,2024-12-09,9202
8210,勤誠,36,0,36,凱基-中港,2024-12-09,9202
2449,京元電子,35,0,35,凱基-中港,2024-12-09,9202
3211,順達,354,322,32,凱基-中港,2024-12-09,9202
1815,富喬,40,8,32,凱基-中港,2024-12-09,9202
00878,國泰永續高股息,37,8,29,凱基-中港,2024-12-09,9202
2317,鴻海,34,10,24,凱基-中港,2024-12-09,9202
3484,崧騰,23,0,23,凱基-中港,2024-12-09,9202
1565,精華,22,0,22,凱基-中港,2024-12-09,9202
2419,仲琦,21,0,21,凱基-中港,2024-12-09,9202
4977,眾達-KY,38,17,21,凱基-中港,2024-12-09,9202
6443,元晶,22,2,20,凱基-中港,2024-12-09,9202
4513,福裕,19,0,19,凱基-中港,2024-12-09,9202
4919,新唐,21,3,18,凱基-中港,2024-12-09,9202
8076,伍豐,15,0,15,凱基-中港,2024-12-09,9202
00918,大華優利高填息30,15,0,15,凱基-中港,2024-12-09,9202
3605,宏致,15,1,14,凱基-中港,2024-12-09,9202
1402,遠東新,13,0,13,凱基-中港,2024-12-09,9202
2855,統一證,13,0,13,凱基-中港,2024-12-09,9202
2312,金寶,14,2,12,凱基-中港,2024-12-09,9202
6187,萬潤,15,3,12,凱基-中港,2024-12-09,9202
6121,新普,12,0,12,凱基-中港,2024-12-09,9202
2425,承啟,12,0,12,凱基-中港,2024-12-09,9202
9958,世紀鋼,12,0,12,凱基-中港,2024-12-09,9202
2105,正新,12,0,12,凱基-中港,2024-12-09,9202
9941,裕融,12,1,11,凱基-中港,2024-12-09,9202
00905,FT臺灣Smart,11,0,11,凱基-中港,2024-12-09,9202
3511,矽瑪,11,0,11,凱基-中港,2024-12-09,9202
2489,瑞軒,11,1,10,凱基-中港,2024-12-09,9202
2832,台產,10,0,10,凱基-中港,2024-12-09,9202
00687B,國泰20年美債,13,3,10,凱基-中港,2024-12-09,9202
3011,今皓,10,0,10,凱基-中港,2024-12-09,9202
3024,憶聲,11,1,10,凱基-中港,2024-12-09,9202
2812,台中銀,362,4,358,凱基-中港,2024-12-10,9202
2609,陽明,397,45,352,凱基-中港,2024-12-10,9202
00887,永豐中國科技50大,287,123,164,凱基-中港,2024-12-10,9202
3625,西勝,100,0,100,凱基-中港,2024-12-10,9202
00918,大華優利高填息30,98,10,88,凱基-中港,2024-12-10,9202
3481,群創,103,24,79,凱基-中港,2024-12-10,9202
2883,凱基金,80,15,65,凱基-中港,2024-12-10,9202
1815,富喬,70,12,58,凱基-中港,2024-12-10,9202
6535,順藥,55,2,53,凱基-中港,2024-12-10,9202
2317,鴻海,62,13,49,凱基-中港,2024-12-10,9202
2354,鴻準,59,14,45,凱基-中港,2024-12-10,9202
3017,奇鋐,43,1,42,凱基-中港,2024-12-10,9202
2618,長榮航,76,36,40,凱基-中港,2024-12-10,9202
2915,潤泰全,40,0,40,凱基-中港,2024-12-10,9202
2888,新光金,45,6,39,凱基-中港,2024-12-10,9202
7722,LINEPAY,43,9,34,凱基-中港,2024-12-10,9202
2353,宏��,43,9,34,凱基-中港,2024-12-10,9202
00915,凱基優選高股息30,35,2,33,凱基-中港,2024-12-10,9202
0056,元大高股息,30,0,30,凱基-中港,2024-12-10,9202
00953B,群益優選非投等債,30,0,30,凱基-中港,2024-12-10,9202
8429,金麗-KY,45,15,30,凱基-中港,2024-12-10,9202
2363,矽統,292,263,29,凱基-中港,2024-12-10,9202
3711,日月光投控,30,1,29,凱基-中港,2024-12-10,9202
1785,光洋科,33,4,29,凱基-中港,2024-12-10,9202
3086,華義,29,0,29,凱基-中港,2024-12-10,9202
00655L,國泰中國A50正2,37,9,28,凱基-中港,2024-12-10,9202
3706,神達,200,174,26,凱基-中港,2024-12-10,9202
00715L,期街口布蘭特正2,25,0,25,凱基-中港,2024-12-10,9202
00909,國泰數位支付服務,25,1,24,凱基-中港,2024-12-10,9202
00878,國泰永續高股息,26,2,24,凱基-中港,2024-12-10,9202
2891,中信金,35,11,24,凱基-中港,2024-12-10,9202
00637L,元大滬深300正2,975,953,22,凱基-中港,2024-12-10,9202
2610,華航,25,3,22,凱基-中港,2024-12-10,9202
8210,勤誠,21,0,21,凱基-中港,2024-12-10,9202
2890,永豐金,21,0,21,凱基-中港,2024-12-10,9202
2537,聯上發,20,0,20,凱基-中港,2024-12-10,9202
6140,訊達,23,3,20,凱基-中港,2024-12-10,9202
4991,環宇-KY,89,70,19,凱基-中港,2024-12-10,9202
2002,中鋼,43,24,19,凱基-中港,2024-12-10,9202
00922,國泰台灣領袖50,20,2,18,凱基-中港,2024-12-10,9202
6215,和椿,79,62,17,凱基-中港,2024-12-10,9202
8033,雷虎,17,0,17,凱基-中港,2024-12-10,9202
5439,高技,17,1,16,凱基-中港,2024-12-10,9202
1477,聚陽,13,0,13,凱基-中港,2024-12-10,9202
9904,寶成,15,2,13,凱基-中港,2024-12-10,9202
2337,旺宏,17,4,13,凱基-中港,2024-12-10,9202
00662,富邦NASDAQ,13,0,13,凱基-中港,2024-12-10,9202
3006,晶豪科,16,3,13,凱基-中港,2024-12-10,9202
2344,華邦電,14,2,12,凱基-中港,2024-12-10,9202
00939,統一台灣高息動能,12,0,12,凱基-中港,2024-12-10,9202
00637L,元大滬深300正2,340,5,335,凱基-中港,2024-12-11,9202
00918,大華優利高填息30,293,0,293,凱基-中港,2024-12-11,9202
2615,萬海,150,4,146,凱基-中港,2024-12-11,9202
7722,LINEPAY,151,14,137,凱基-中港,2024-12-11,9202
3625,西勝,130,0,130,凱基-中港,2024-12-11,9202
2317,鴻海,121,6,115,凱基-中港,2024-12-11,9202
00919,群益台灣精選高息,104,0,104,凱基-中港,2024-12-11,9202
2605,新興,102,0,102,凱基-中港,2024-12-11,9202
3024,憶聲,97,0,97,凱基-中港,2024-12-11,9202
00671R,富邦NASDAQ反1,92,0,92,凱基-中港,2024-12-11,9202
00664R,國泰臺灣加權反1,87,0,87,凱基-中港,2024-12-11,9202
00951,台新日本半導體,60,0,60,凱基-中港,2024-12-11,9202
2609,陽明,89,33,56,凱基-中港,2024-12-11,9202
00679B,元大美債20年,114,61,53,凱基-中港,2024-12-11,9202
2610,華航,52,10,42,凱基-中港,2024-12-11,9202
00915,凱基優選高股息30,37,0,37,凱基-中港,2024-12-11,9202
00878,國泰永續高股息,39,8,31,凱基-中港,2024-12-11,9202
2303,聯電,32,1,31,凱基-中港,2024-12-11,9202
8299,群聯,30,0,30,凱基-中港,2024-12-11,9202
00882,中信中國高股息,30,2,28,凱基-中港,2024-12-11,9202
2324,仁寶,34,7,27,凱基-中港,2024-12-11,9202
2014,中鴻,26,0,26,凱基-中港,2024-12-11,9202
00753L,中信中國50正2,29,3,26,凱基-中港,2024-12-11,9202
1326,台化,28,3,25,凱基-中港,2024-12-11,9202
00937B,群益ESG投等債20,22,0,22,凱基-中港,2024-12-11,9202
3711,日月光投控,22,2,20,凱基-中港,2024-12-11,9202
2313,華通,38,19,19,凱基-中港,2024-12-11,9202
2353,宏��,20,1,19,凱基-中港,2024-12-11,9202
8064,東捷,21,2,19,凱基-中港,2024-12-11,9202
1301,台塑,20,2,18,凱基-中港,2024-12-11,9202
1584,精剛,18,2,16,凱基-中港,2024-12-11,9202
9935,慶豐富,15,0,15,凱基-中港,2024-12-11,9202
2489,瑞軒,15,0,15,凱基-中港,2024-12-11,9202
6695,芯鼎,33,18,15,凱基-中港,2024-12-11,9202
6589,台康生技,16,2,14,凱基-中港,2024-12-11,9202
0056,元大高股息,16,2,14,凱基-中港,2024-12-11,9202
6282,康舒,13,0,13,凱基-中港,2024-12-11,9202
006208,富邦台50,14,1,13,凱基-中港,2024-12-11,9202
3234,光環,15,2,13,凱基-中港,2024-12-11,9202
6488,環球晶,12,0,12,凱基-中港,2024-12-11,9202
3323,加百裕,29,17,12,凱基-中港,2024-12-11,9202
2867,三商壽,12,0,12,凱基-中港,2024-12-11,9202
9105,泰金寶-DR,32,21,11,凱基-中港,2024-12-11,9202
6937,天虹,12,1,11,凱基-中港,2024-12-11,9202
6689,伊雲谷,13,2,11,凱基-中港,2024-12-11,9202
00934,中信成長高股息,11,0,11,凱基-中港,2024-12-11,9202
3231,緯創,11,1,10,凱基-中港,2024-12-11,9202
2382,廣達,13,3,10,凱基-中港,2024-12-11,9202
6443,元晶,10,0,10,凱基-中港,2024-12-11,9202
2327,國巨,10,0,10,凱基-中港,2024-12-11,9202
3029,零壹,329,76,253,凱基-中港,2024-12-12,9202
9935,慶豐富,157,0,157,凱基-中港,2024-12-12,9202
00878,國泰永續高股息,159,3,156,凱基-中港,2024-12-12,9202
00953B,群益優選非投等債,118,0,118,凱基-中港,2024-12-12,9202
2609,陽明,114,15,99,凱基-中港,2024-12-12,9202
1216,統一,101,3,98,凱基-中港,2024-12-12,9202
1517,利奇,101,4,97,凱基-中港,2024-12-12,9202
00679B,元大美債20年,97,1,96,凱基-中港,2024-12-12,9202
4120,友華,82,2,80,凱基-中港,2024-12-12,9202
00937B,群益ESG投等債20,65,0,65,凱基-中港,2024-12-12,9202
2303,聯電,121,62,59,凱基-中港,2024-12-12,9202
00918,大華優利高填息30,57,0,57,凱基-中港,2024-12-12,9202
4566,時碩工業,50,0,50,凱基-中港,2024-12-12,9202
00713,元大台灣高息低波,44,0,44,凱基-中港,2024-12-12,9202
2317,鴻海,68,24,44,凱基-中港,2024-12-12,9202
00687B,國泰20年美債,37,0,37,凱基-中港,2024-12-12,9202
1326,台化,41,8,33,凱基-中港,2024-12-12,9202
3711,日月光投控,37,4,33,凱基-中港,2024-12-12,9202
6214,精誠,57,26,31,凱基-中港,2024-12-12,9202
2014,中鴻,31,0,31,凱基-中港,2024-12-12,9202
3041,揚智,45,15,30,凱基-中港,2024-12-12,9202
8210,勤誠,31,1,30,凱基-中港,2024-12-12,9202
3037,欣興,31,2,29,凱基-中港,2024-12-12,9202
00632R,元大台灣50反1,31,2,29,凱基-中港,2024-12-12,9202
3147,大綜,37,8,29,凱基-中港,2024-12-12,9202
1524,耿鼎,34,6,28,凱基-中港,2024-12-12,9202
00673R,期元大S＆P原油反1,27,0,27,凱基-中港,2024-12-12,9202
1802,台玻,26,0,26,凱基-中港,2024-12-12,9202
2002,中鋼,32,7,25,凱基-中港,2024-12-12,9202
3211,順達,29,5,24,凱基-中港,2024-12-12,9202
3062,建漢,28,5,23,凱基-中港,2024-12-12,9202
6869,雲豹能源,20,0,20,凱基-中港,2024-12-12,9202
2363,矽統,20,1,19,凱基-中港,2024-12-12,9202
2618,長榮航,20,1,19,凱基-中港,2024-12-12,9202
4977,眾達-KY,47,28,19,凱基-中港,2024-12-12,9202
2365,昆盈,28,9,19,凱基-中港,2024-12-12,9202
6167,久正,20,3,17,凱基-中港,2024-12-12,9202
3169,亞信,17,0,17,凱基-中港,2024-12-12,9202
3706,神達,80,64,16,凱基-中港,2024-12-12,9202
00950B,凱基A級公司債,16,0,16,凱基-中港,2024-12-12,9202
8358,金居,17,1,16,凱基-中港,2024-12-12,9202
2615,萬海,20,6,14,凱基-中港,2024-12-12,9202
4956,光鋐,13,0,13,凱基-中港,2024-12-12,9202
1301,台塑,31,18,13,凱基-中港,2024-12-12,9202
5880,合庫金,27,15,12,凱基-中港,2024-12-12,9202
00919,群益台灣精選高息,26,14,12,凱基-中港,2024-12-12,9202
6244,茂迪,12,0,12,凱基-中港,2024-12-12,9202
00680L,元大美債20正2,11,0,11,凱基-中港,2024-12-12,9202
2353,宏��,12,1,11,凱基-中港,2024-12-12,9202
2369,菱生,11,0,11,凱基-中港,2024-12-12,9202
00753L,中信中國50正2,1387,72,1315,凱基-中港,2024-12-13,9202
00715L,期街口布蘭特正2,200,5,195,凱基-中港,2024-12-13,9202
00918,大華優利高填息30,127,0,127,凱基-中港,2024-12-13,9202
2609,陽明,266,145,121,凱基-中港,2024-12-13,9202
3625,西勝,120,0,120,凱基-中港,2024-12-13,9202
00937B,群益ESG投等債20,101,0,101,凱基-中港,2024-12-13,9202
2605,新興,100,0,100,凱基-中港,2024-12-13,9202
2641,正德,100,0,100,凱基-中港,2024-12-13,9202
2615,萬海,100,3,97,凱基-中港,2024-12-13,9202
00637L,元大滬深300正2,81,0,81,凱基-中港,2024-12-13,9202
3003,健和興,60,0,60,凱基-中港,2024-12-13,9202
00922,國泰台灣領袖50,61,3,58,凱基-中港,2024-12-13,9202
2317,鴻海,82,26,56,凱基-中港,2024-12-13,9202
00915,凱基優選高股息30,54,1,53,凱基-中港,2024-12-13,9202
4503,金雨,70,19,51,凱基-中港,2024-12-13,9202
00688L,國泰20年美債正2,50,0,50,凱基-中港,2024-12-13,9202
00932,兆豐永續高息等權,46,0,46,凱基-中港,2024-12-13,9202
1314,中石化,51,8,43,凱基-中港,2024-12-13,9202
00953B,群益優選非投等債,41,0,41,凱基-中港,2024-12-13,9202
00919,群益台灣精選高息,50,9,41,凱基-中港,2024-12-13,9202
00929,復華台灣科技優息,189,149,40,凱基-中港,2024-12-13,9202
2328,廣宇,57,20,37,凱基-中港,2024-12-13,9202
3231,緯創,44,7,37,凱基-中港,2024-12-13,9202
5483,中美晶,37,2,35,凱基-中港,2024-12-13,9202
2542,興富發,35,0,35,凱基-中港,2024-12-13,9202
2353,宏��,41,7,34,凱基-中港,2024-12-13,9202
00969B,元大零息超長美債,47,17,30,凱基-中港,2024-12-13,9202
00712,復華富時不動產,30,0,30,凱基-中港,2024-12-13,9202
2501,國建,28,2,26,凱基-中港,2024-12-13,9202
00882,中信中國高股息,53,30,23,凱基-中港,2024-12-13,9202
3037,欣興,22,1,21,凱基-中港,2024-12-13,9202
2002,中鋼,24,3,21,凱基-中港,2024-12-13,9202
2633,台灣高鐵,25,4,21,凱基-中港,2024-12-13,9202
1815,富喬,25,4,21,凱基-中港,2024-12-13,9202
1584,精剛,21,1,20,凱基-中港,2024-12-13,9202
0056,元大高股息,34,14,20,凱基-中港,2024-12-13,9202
3323,加百裕,46,27,19,凱基-中港,2024-12-13,9202
4561,健椿,20,1,19,凱基-中港,2024-12-13,9202
1326,台化,32,16,16,凱基-中港,2024-12-13,9202
1605,華新,17,1,16,凱基-中港,2024-12-13,9202
4931,新盛力,38,22,16,凱基-中港,2024-12-13,9202
1301,台塑,36,22,14,凱基-中港,2024-12-13,9202
6505,台塑化,14,0,14,凱基-中港,2024-12-13,9202
4128,中天,14,0,14,凱基-中港,2024-12-13,9202
00950B,凱基A級公司債,14,0,14,凱基-中港,2024-12-13,9202
00680L,元大美債20正2,34,20,14,凱基-中港,2024-12-13,9202
4991,環宇-KY,28,14,14,凱基-中港,2024-12-13,9202
6558,興能高,42,28,14,凱基-中港,2024-12-13,9202
3694,海華,13,0,13,凱基-中港,2024-12-13,9202
8155,博智,13,0,13,凱基-中港,2024-12-13,9202
2615,萬海,304,12,292,凱基-中港,2024-12-16,9202
00795B,中信美國公債20年,254,0,254,凱基-中港,2024-12-16,9202
00687B,國泰20年美債,126,4,122,凱基-中港,2024-12-16,9202
00929,復華台灣科技優息,204,113,91,凱基-中港,2024-12-16,9202
2605,新興,91,3,88,凱基-中港,2024-12-16,9202
00680L,元大美債20正2,100,13,87,凱基-中港,2024-12-16,9202
00918,大華優利高填息30,89,3,86,凱基-中港,2024-12-16,9202
2609,陽明,425,347,78,凱基-中港,2024-12-16,9202
00915,凱基優選高股息30,74,1,73,凱基-中港,2024-12-16,9202
1815,富喬,64,4,60,凱基-中港,2024-12-16,9202
00919,群益台灣精選高息,73,14,59,凱基-中港,2024-12-16,9202
2344,華邦電,73,17,56,凱基-中港,2024-12-16,9202
0056,元大高股息,60,6,54,凱基-中港,2024-12-16,9202
2317,鴻海,101,47,54,凱基-中港,2024-12-16,9202
2413,環科,50,0,50,凱基-中港,2024-12-16,9202
3017,奇鋐,49,0,49,凱基-中港,2024-12-16,9202
2313,華通,55,7,48,凱基-中港,2024-12-16,9202
00679B,元大美債20年,75,30,45,凱基-中港,2024-12-16,9202
00713,元大台灣高息低波,41,0,41,凱基-中港,2024-12-16,9202
2464,盟立,59,18,41,凱基-中港,2024-12-16,9202
9935,慶豐富,40,0,40,凱基-中港,2024-12-16,9202
00937B,群益ESG投等債20,39,0,39,凱基-中港,2024-12-16,9202
4503,金雨,42,5,37,凱基-中港,2024-12-16,9202
00878,國泰永續高股息,48,13,35,凱基-中港,2024-12-16,9202
00945B,凱基美國非投等債,30,0,30,凱基-中港,2024-12-16,9202
2314,台揚,36,10,26,凱基-中港,2024-12-16,9202
3029,零壹,55,29,26,凱基-中港,2024-12-16,9202
5234,達興材料,23,1,22,凱基-中港,2024-12-16,9202
2363,矽統,27,8,19,凱基-中港,2024-12-16,9202
00934,中信成長高股息,31,12,19,凱基-中港,2024-12-16,9202
2382,廣達,19,2,17,凱基-中港,2024-12-16,9202
3231,緯創,34,18,16,凱基-中港,2024-12-16,9202
6282,康舒,18,2,16,凱基-中港,2024-12-16,9202
2374,佳能,116,101,15,凱基-中港,2024-12-16,9202
6684,安格,23,8,15,凱基-中港,2024-12-16,9202
00665L,富邦�琤肭磪囓�2,15,0,15,凱基-中港,2024-12-16,9202
2867,三商壽,15,0,15,凱基-中港,2024-12-16,9202
3450,聯鈞,42,27,15,凱基-中港,2024-12-16,9202
3003,健和興,15,1,14,凱基-中港,2024-12-16,9202
6139,亞翔,15,1,14,凱基-中港,2024-12-16,9202
6877,鏵友益,18,5,13,凱基-中港,2024-12-16,9202
6776,展�眥篕�,13,0,13,凱基-中港,2024-12-16,9202
00950B,凱基A級公司債,12,0,12,凱基-中港,2024-12-16,9202
1444,力麗,13,1,12,凱基-中港,2024-12-16,9202
2059,川湖,11,0,11,凱基-中港,2024-12-16,9202
3227,原相,11,0,11,凱基-中港,2024-12-16,9202
6510,精測,11,0,11,凱基-中港,2024-12-16,9202
4977,眾達-KY,19,8,11,凱基-中港,2024-12-16,9202
1314,中石化,11,0,11,凱基-中港,2024-12-16,9202
00909,國泰數位支付服務,12,2,10,凱基-中港,2024-12-16,9202
2344,華邦電,853,162,691,凱基-中港,2024-12-17,9202
2431,聯昌,156,6,150,凱基-中港,2024-12-17,9202
00937B,群益ESG投等債20,130,3,127,凱基-中港,2024-12-17,9202
2009,第一銅,120,0,120,凱基-中港,2024-12-17,9202
2359,所羅門,157,59,98,凱基-中港,2024-12-17,9202
00918,大華優利高填息30,87,0,87,凱基-中港,2024-12-17,9202
2374,佳能,267,188,79,凱基-中港,2024-12-17,9202
2547,日勝生,65,0,65,凱基-中港,2024-12-17,9202
2883,凱基金,71,7,64,凱基-中港,2024-12-17,9202
00915,凱基優選高股息30,60,3,57,凱基-中港,2024-12-17,9202
2834,臺企銀,57,2,55,凱基-中港,2024-12-17,9202
4953,緯軟,51,0,51,凱基-中港,2024-12-17,9202
3711,日月光投控,56,9,47,凱基-中港,2024-12-17,9202
4566,時碩工業,35,0,35,凱基-中港,2024-12-17,9202
2353,宏��,46,14,32,凱基-中港,2024-12-17,9202
00720B,元大投資級公司債,30,0,30,凱基-中港,2024-12-17,9202
00953B,群益優選非投等債,30,0,30,凱基-中港,2024-12-17,9202
2317,鴻海,43,13,30,凱基-中港,2024-12-17,9202
4510,高鋒,54,25,29,凱基-中港,2024-12-17,9202
0056,元大高股息,47,20,27,凱基-中港,2024-12-17,9202
1216,統一,28,1,27,凱基-中港,2024-12-17,9202
00713,元大台灣高息低波,23,0,23,凱基-中港,2024-12-17,9202
4571,鈞興-KY,30,7,23,凱基-中港,2024-12-17,9202
5371,中光電,32,10,22,凱基-中港,2024-12-17,9202
4958,臻鼎-KY,23,2,21,凱基-中港,2024-12-17,9202
00948B,中信優息投資級債,19,0,19,凱基-中港,2024-12-17,9202
8374,羅昇,108,89,19,凱基-中港,2024-12-17,9202
2501,國建,18,0,18,凱基-中港,2024-12-17,9202
00950B,凱基A級公司債,18,0,18,凱基-中港,2024-12-17,9202
6885,全福生技,18,0,18,凱基-中港,2024-12-17,9202
1326,台化,31,15,16,凱基-中港,2024-12-17,9202
00680L,元大美債20正2,16,0,16,凱基-中港,2024-12-17,9202
1605,華新,17,2,15,凱基-中港,2024-12-17,9202
5328,華容,15,0,15,凱基-中港,2024-12-17,9202
00887,永豐中國科技50大,16,1,15,凱基-中港,2024-12-17,9202
2337,旺宏,25,12,13,凱基-中港,2024-12-17,9202
6188,廣明,13,0,13,凱基-中港,2024-12-17,9202
6150,撼訊,12,0,12,凱基-中港,2024-12-17,9202
2392,正崴,43,31,12,凱基-中港,2024-12-17,9202
2882,國泰金,12,1,11,凱基-中港,2024-12-17,9202
2014,中鴻,11,0,11,凱基-中港,2024-12-17,9202
00900,富邦特選高股息30,11,0,11,凱基-中港,2024-12-17,9202
2409,友達,11,1,10,凱基-中港,2024-12-17,9202
5009,榮剛,11,1,10,凱基-中港,2024-12-17,9202
7705,三商餐飲,10,0,10,凱基-中港,2024-12-17,9202
5210,寶碩,10,0,10,凱基-中港,2024-12-17,9202
3704,合勤控,10,0,10,凱基-中港,2024-12-17,9202
2369,菱生,10,0,10,凱基-中港,2024-12-17,9202
3015,全漢,10,0,10,凱基-中港,2024-12-17,9202
6234,高僑,11,1,10,凱基-中港,2024-12-17,9202
00918,大華優利高填息30,1623,1,1622,凱基-中港,2024-12-18,9202
4952,凌通,213,4,209,凱基-中港,2024-12-18,9202
5704,老爺知,154,0,154,凱基-中港,2024-12-18,9202
2431,聯昌,154,4,150,凱基-中港,2024-12-18,9202
6962,ITH-KY,111,8,103,凱基-中港,2024-12-18,9202
9105,泰金寶-DR,192,111,81,凱基-中港,2024-12-18,9202
3231,緯創,70,6,64,凱基-中港,2024-12-18,9202
2883,凱基金,38,0,38,凱基-中港,2024-12-18,9202
4503,金雨,42,6,36,凱基-中港,2024-12-18,9202
5371,中光電,39,5,34,凱基-中港,2024-12-18,9202
6770,力積電,39,5,34,凱基-中港,2024-12-18,9202
3017,奇鋐,34,1,33,凱基-中港,2024-12-18,9202
00857B,永豐20年美公債,30,0,30,凱基-中港,2024-12-18,9202
4306,炎洲,30,1,29,凱基-中港,2024-12-18,9202
00953B,群益優選非投等債,28,0,28,凱基-中港,2024-12-18,9202
3481,群創,126,102,24,凱基-中港,2024-12-18,9202
2313,華通,38,15,23,凱基-中港,2024-12-18,9202
3211,順達,143,121,22,凱基-中港,2024-12-18,9202
1314,中石化,20,0,20,凱基-中港,2024-12-18,9202
00676R,富邦臺灣加權反1,20,0,20,凱基-中港,2024-12-18,9202
2634,漢翔,22,2,20,凱基-中港,2024-12-18,9202
2547,日勝生,20,0,20,凱基-中港,2024-12-18,9202
00926,凱基全球菁英55,19,0,19,凱基-中港,2024-12-18,9202
00937B,群益ESG投等債20,17,0,17,凱基-中港,2024-12-18,9202
8249,菱光,30,13,17,凱基-中港,2024-12-18,9202
2374,佳能,82,66,16,凱基-中港,2024-12-18,9202
2888,新光金,15,1,14,凱基-中港,2024-12-18,9202
4540,全球傳動,50,36,14,凱基-中港,2024-12-18,9202
2317,鴻海,27,13,14,凱基-中港,2024-12-18,9202
00687B,國泰20年美債,13,0,13,凱基-中港,2024-12-18,9202
2501,國建,13,0,13,凱基-中港,2024-12-18,9202
3706,神達,29,17,12,凱基-中港,2024-12-18,9202
00679B,元大美債20年,12,0,12,凱基-中港,2024-12-18,9202
2748,雲品,12,0,12,凱基-中港,2024-12-18,9202
3665,貿聯-KY,42,30,12,凱基-中港,2024-12-18,9202
3029,零壹,25,14,11,凱基-中港,2024-12-18,9202
2312,金寶,11,0,11,凱基-中港,2024-12-18,9202
2399,映泰,12,1,11,凱基-中港,2024-12-18,9202
6116,彩晶,13,2,11,凱基-中港,2024-12-18,9202
2356,英業達,14,3,11,凱基-中港,2024-12-18,9202
2882,國泰金,10,0,10,凱基-中港,2024-12-18,9202
00712,復華富時不動產,10,0,10,凱基-中港,2024-12-18,9202
2409,友達,16,6,10,凱基-中港,2024-12-18,9202
6134,萬旭,10,0,10,凱基-中港,2024-12-18,9202
3380,明泰,11,1,10,凱基-中港,2024-12-18,9202
4903,聯光通,10,0,10,凱基-中港,2024-12-18,9202
2429,銘旺科,10,0,10,凱基-中港,2024-12-18,9202
8011,台通,10,0,10,凱基-中港,2024-12-18,9202
2886,兆豐金,10,0,10,凱基-中港,2024-12-18,9202
8021,尖點,16,7,9,凱基-中港,2024-12-18,9202
2834,臺企銀,513,0,513,凱基-中港,2024-12-19,9202
2609,陽明,700,320,380,凱基-中港,2024-12-19,9202
00937B,群益ESG投等債20,341,1,340,凱基-中港,2024-12-19,9202
00712,復華富時不動產,290,51,239,凱基-中港,2024-12-19,9202
00918,大華優利高填息30,226,12,214,凱基-中港,2024-12-19,9202
00671R,富邦NASDAQ反1,203,0,203,凱基-中港,2024-12-19,9202
00948B,中信優息投資級債,172,0,172,凱基-中港,2024-12-19,9202
2883,凱基金,148,32,116,凱基-中港,2024-12-19,9202
00679B,元大美債20年,116,9,107,凱基-中港,2024-12-19,9202
2605,新興,102,0,102,凱基-中港,2024-12-19,9202
2641,正德,100,0,100,凱基-中港,2024-12-19,9202
2062,橋椿,101,3,98,凱基-中港,2024-12-19,9202
4931,新盛力,125,28,97,凱基-中港,2024-12-19,9202
00687B,國泰20年美債,77,2,75,凱基-中港,2024-12-19,9202
00772B,中信高評級公司債,64,0,64,凱基-中港,2024-12-19,9202
1216,統一,63,0,63,凱基-中港,2024-12-19,9202
2317,鴻海,55,1,54,凱基-中港,2024-12-19,9202
00878,國泰永續高股息,52,1,51,凱基-中港,2024-12-19,9202
2613,中櫃,50,0,50,凱基-中港,2024-12-19,9202
2002,中鋼,57,9,48,凱基-中港,2024-12-19,9202
5608,四維航,42,0,42,凱基-中港,2024-12-19,9202
3323,加百裕,95,56,39,凱基-中港,2024-12-19,9202
3711,日月光投控,35,1,34,凱基-中港,2024-12-19,9202
2887,台新金,34,2,32,凱基-中港,2024-12-19,9202
2330,台積電,40,8,32,凱基-中港,2024-12-19,9202
00950B,凱基A級公司債,31,0,31,凱基-中港,2024-12-19,9202
1326,台化,39,9,30,凱基-中港,2024-12-19,9202
00637L,元大滬深300正2,32,2,30,凱基-中港,2024-12-19,9202
2363,矽統,31,2,29,凱基-中港,2024-12-19,9202
0056,元大高股息,28,0,28,凱基-中港,2024-12-19,9202
00688L,國泰20年美債正2,28,0,28,凱基-中港,2024-12-19,9202
00922,國泰台灣領袖50,27,0,27,凱基-中港,2024-12-19,9202
0050,元大台灣50,27,1,26,凱基-中港,2024-12-19,9202
00926,凱基全球菁英55,25,0,25,凱基-中港,2024-12-19,9202
3376,新日興,30,6,24,凱基-中港,2024-12-19,9202
00951,台新日本半導體,44,20,24,凱基-中港,2024-12-19,9202
5880,合庫金,24,0,24,凱基-中港,2024-12-19,9202
2603,長榮,24,3,21,凱基-中港,2024-12-19,9202
1303,南亞,32,11,21,凱基-中港,2024-12-19,9202
2014,中鴻,21,0,21,凱基-中港,2024-12-19,9202
1569,濱川,20,0,20,凱基-中港,2024-12-19,9202
2881,富邦金,19,1,18,凱基-中港,2024-12-19,9202
2408,南亞科,22,4,18,凱基-中港,2024-12-19,9202
7705,三商餐飲,18,0,18,凱基-中港,2024-12-19,9202
2882,國泰金,17,1,16,凱基-中港,2024-12-19,9202
3231,緯創,27,11,16,凱基-中港,2024-12-19,9202
8021,尖點,15,0,15,凱基-中港,2024-12-19,9202
5309,系統電,15,0,15,凱基-中港,2024-12-19,9202
2489,瑞軒,15,0,15,凱基-中港,2024-12-19,9202
8249,菱光,18,3,15,凱基-中港,2024-12-19,9202
