Ticker,Name,buy,sell,diff,Branch,Date,Branch_Code
4167,松瑞藥,56,6,50,凱基-岡山,2023-01-03,9209
0050,元大台灣50,37,0,37,凱基-岡山,2023-01-03,9209
2618,長榮航,39,5,34,凱基-岡山,2023-01-03,9209
2344,華邦電,30,0,30,凱基-岡山,2023-01-03,9209
3707,漢磊,25,0,25,凱基-岡山,2023-01-03,9209
00676R,富邦臺灣加權反1,22,0,22,凱基-岡山,2023-01-03,9209
1605,華新,29,7,22,凱基-岡山,2023-01-03,9209
1305,華夏,20,0,20,凱基-岡山,2023-01-03,9209
00635U,期元大S＆P黃金,20,1,19,凱基-岡山,2023-01-03,9209
9904,寶成,16,0,16,凱基-岡山,2023-01-03,9209
00795B,中信美國公債20年,15,0,15,凱基-岡山,2023-01-03,9209
6770,力積電,17,3,14,凱基-岡山,2023-01-03,9209
00673R,期元大S＆P原油反1,11,0,11,凱基-岡山,2023-01-03,9209
00706L,期元大S＆P日圓正2,11,0,11,凱基-岡山,2023-01-03,9209
2204,中華,10,0,10,凱基-岡山,2023-01-03,9209
2748,雲品,10,0,10,凱基-岡山,2023-01-03,9209
2832,台產,10,0,10,凱基-岡山,2023-01-03,9209
1519,華城,11,4,7,凱基-岡山,2023-01-03,9209
8028,昇陽半導體,7,0,7,凱基-岡山,2023-01-03,9209
1326,台化,6,0,6,凱基-岡山,2023-01-03,9209
2609,陽明,9,3,6,凱基-岡山,2023-01-03,9209
4114,健喬,23,17,6,凱基-岡山,2023-01-03,9209
1342,八貫,19,14,5,凱基-岡山,2023-01-03,9209
00893,國泰智能電動車,5,0,5,凱基-岡山,2023-01-03,9209
00888,永豐台灣ESG,5,0,5,凱基-岡山,2023-01-03,9209
00885,富邦越南,5,1,4,凱基-岡山,2023-01-03,9209
00679B,元大美債20年,4,0,4,凱基-岡山,2023-01-03,9209
00878,國泰永續高股息,5,1,4,凱基-岡山,2023-01-03,9209
1720,生達,4,0,4,凱基-岡山,2023-01-03,9209
2425,承啟,5,1,4,凱基-岡山,2023-01-03,9209
2546,根基,4,0,4,凱基-岡山,2023-01-03,9209
2615,萬海,4,0,4,凱基-岡山,2023-01-03,9209
3481,群創,14,10,4,凱基-岡山,2023-01-03,9209
8033,雷虎,5,1,4,凱基-岡山,2023-01-03,9209
8349,�矬�,4,0,4,凱基-岡山,2023-01-03,9209
00726B,國泰新興投等債,3,0,3,凱基-岡山,2023-01-03,9209
1783,和康生,23,20,3,凱基-岡山,2023-01-03,9209
2023,燁輝,4,1,3,凱基-岡山,2023-01-03,9209
2388,威盛,6,3,3,凱基-岡山,2023-01-03,9209
2603,長榮,3,0,3,凱基-岡山,2023-01-03,9209
2723,美食-KY,3,0,3,凱基-岡山,2023-01-03,9209
3592,瑞鼎,4,1,3,凱基-岡山,2023-01-03,9209
8107,大億金茂,3,0,3,凱基-岡山,2023-01-03,9209
4934,太極,2,0,2,凱基-岡山,2023-01-03,9209
1215,卜蜂,2,0,2,凱基-岡山,2023-01-03,9209
1447,力鵬,2,0,2,凱基-岡山,2023-01-03,9209
00701,國泰股利精選30,2,0,2,凱基-岡山,2023-01-03,9209
00725B,國泰投資級公司債,2,0,2,凱基-岡山,2023-01-03,9209
00753L,中信中國50正2,2,0,2,凱基-岡山,2023-01-03,9209
00907,永豐優息存股,2,0,2,凱基-岡山,2023-01-03,9209
00669R,國泰美國道瓊反1,500,0,500,凱基-岡山,2023-01-04,9209
00885,富邦越南,73,5,68,凱基-岡山,2023-01-04,9209
2323,中環,47,0,47,凱基-岡山,2023-01-04,9209
00715L,期街口布蘭特正2,43,0,43,凱基-岡山,2023-01-04,9209
00632R,元大台灣50反1,71,30,41,凱基-岡山,2023-01-04,9209
2317,鴻海,31,0,31,凱基-岡山,2023-01-04,9209
0050,元大台灣50,24,0,24,凱基-岡山,2023-01-04,9209
2236,百達-KY,20,0,20,凱基-岡山,2023-01-04,9209
1444,力麗,23,10,13,凱基-岡山,2023-01-04,9209
2303,聯電,14,1,13,凱基-岡山,2023-01-04,9209
2344,華邦電,13,0,13,凱基-岡山,2023-01-04,9209
8112,至上,11,0,11,凱基-岡山,2023-01-04,9209
00642U,期元大S＆P石油,10,0,10,凱基-岡山,2023-01-04,9209
1584,精剛,10,0,10,凱基-岡山,2023-01-04,9209
1783,和康生,10,0,10,凱基-岡山,2023-01-04,9209
5309,系統電,10,0,10,凱基-岡山,2023-01-04,9209
5457,宣德,10,0,10,凱基-岡山,2023-01-04,9209
3037,欣興,11,3,8,凱基-岡山,2023-01-04,9209
3686,達能,10,2,8,凱基-岡山,2023-01-04,9209
6111,大宇資,8,0,8,凱基-岡山,2023-01-04,9209
2606,裕民,22,15,7,凱基-岡山,2023-01-04,9209
00637L,元大滬深300正2,7,0,7,凱基-岡山,2023-01-04,9209
00713,元大台灣高息低波,6,0,6,凱基-岡山,2023-01-04,9209
2002,中鋼,6,0,6,凱基-岡山,2023-01-04,9209
6244,茂迪,7,1,6,凱基-岡山,2023-01-04,9209
00720B,元大投資級公司債,5,0,5,凱基-岡山,2023-01-04,9209
2633,台灣高鐵,5,0,5,凱基-岡山,2023-01-04,9209
2637,慧洋-KY,5,0,5,凱基-岡山,2023-01-04,9209
2732,六角,5,0,5,凱基-岡山,2023-01-04,9209
3047,訊舟,5,0,5,凱基-岡山,2023-01-04,9209
3268,海德威,5,0,5,凱基-岡山,2023-01-04,9209
6741,91APP*-KY,6,1,5,凱基-岡山,2023-01-04,9209
8016,矽創,6,1,5,凱基-岡山,2023-01-04,9209
9907,統一實,5,0,5,凱基-岡山,2023-01-04,9209
2884,玉山金,5,0,5,凱基-岡山,2023-01-04,9209
00725B,國泰投資級公司債,4,0,4,凱基-岡山,2023-01-04,9209
1103,嘉泥,4,0,4,凱基-岡山,2023-01-04,9209
2324,仁寶,5,1,4,凱基-岡山,2023-01-04,9209
2373,震旦行,4,0,4,凱基-岡山,2023-01-04,9209
3508,位速,4,0,4,凱基-岡山,2023-01-04,9209
0056,元大高股息,4,0,4,凱基-岡山,2023-01-04,9209
2542,興富發,3,0,3,凱基-岡山,2023-01-04,9209
00830,國泰費城半導體,3,0,3,凱基-岡山,2023-01-04,9209
1513,中興電,22,19,3,凱基-岡山,2023-01-04,9209
2231,為升,3,0,3,凱基-岡山,2023-01-04,9209
2406,國碩,4,1,3,凱基-岡山,2023-01-04,9209
2609,陽明,4,1,3,凱基-岡山,2023-01-04,9209
6235,華孚,61,58,3,凱基-岡山,2023-01-04,9209
6469,大樹,3,0,3,凱基-岡山,2023-01-04,9209
6477,安集,6,3,3,凱基-岡山,2023-01-04,9209
2809,京城銀,70,1,69,凱基-岡山,2023-01-05,9209
2610,華航,128,60,68,凱基-岡山,2023-01-05,9209
2409,友達,61,0,61,凱基-岡山,2023-01-05,9209
00651R,復華香港反1,40,0,40,凱基-岡山,2023-01-05,9209
2014,中鴻,33,2,31,凱基-岡山,2023-01-05,9209
1417,嘉裕,27,1,26,凱基-岡山,2023-01-05,9209
2323,中環,25,0,25,凱基-岡山,2023-01-05,9209
5009,榮剛,23,0,23,凱基-岡山,2023-01-05,9209
00642U,期元大S＆P石油,22,1,21,凱基-岡山,2023-01-05,9209
3035,智原,34,13,21,凱基-岡山,2023-01-05,9209
4979,華星光,22,1,21,凱基-岡山,2023-01-05,9209
5258,虹堡,21,1,20,凱基-岡山,2023-01-05,9209
5905,南仁湖,21,3,18,凱基-岡山,2023-01-05,9209
3056,富華新,15,0,15,凱基-岡山,2023-01-05,9209
1734,杏輝,15,1,14,凱基-岡山,2023-01-05,9209
2388,威盛,14,1,13,凱基-岡山,2023-01-05,9209
00715L,期街口布蘭特正2,22,10,12,凱基-岡山,2023-01-05,9209
2009,第一銅,12,0,12,凱基-岡山,2023-01-05,9209
1336,台翰,11,0,11,凱基-岡山,2023-01-05,9209
2465,麗臺,16,5,11,凱基-岡山,2023-01-05,9209
8069,元太,11,0,11,凱基-岡山,2023-01-05,9209
2613,中櫃,10,0,10,凱基-岡山,2023-01-05,9209
2739,寒舍,10,0,10,凱基-岡山,2023-01-05,9209
3036A,文曄甲特,10,0,10,凱基-岡山,2023-01-05,9209
5701,劍湖山,10,0,10,凱基-岡山,2023-01-05,9209
6133,金橋,10,0,10,凱基-岡山,2023-01-05,9209
6548,長科*,10,0,10,凱基-岡山,2023-01-05,9209
3707,漢磊,10,1,9,凱基-岡山,2023-01-05,9209
2027,大成鋼,8,0,8,凱基-岡山,2023-01-05,9209
3576,聯合再生,10,2,8,凱基-岡山,2023-01-05,9209
4167,松瑞藥,8,0,8,凱基-岡山,2023-01-05,9209
6282,康舒,8,0,8,凱基-岡山,2023-01-05,9209
9904,寶成,7,0,7,凱基-岡山,2023-01-05,9209
1529,樂事綠能,7,0,7,凱基-岡山,2023-01-05,9209
3479,安勤,18,11,7,凱基-岡山,2023-01-05,9209
00773B,中信優先金融債,6,0,6,凱基-岡山,2023-01-05,9209
2373,震旦行,6,0,6,凱基-岡山,2023-01-05,9209
2546,根基,6,0,6,凱基-岡山,2023-01-05,9209
5410,國眾,6,0,6,凱基-岡山,2023-01-05,9209
6488,環球晶,6,0,6,凱基-岡山,2023-01-05,9209
2380,虹光,6,1,5,凱基-岡山,2023-01-05,9209
1101,台泥,38,33,5,凱基-岡山,2023-01-05,9209
00893,國泰智能電動車,5,0,5,凱基-岡山,2023-01-05,9209
00895,富邦未來車,5,0,5,凱基-岡山,2023-01-05,9209
1605,華新,13,8,5,凱基-岡山,2023-01-05,9209
8222,寶一,8,3,5,凱基-岡山,2023-01-05,9209
0056,元大高股息,12,8,4,凱基-岡山,2023-01-05,9209
2883,凱基金,4,0,4,凱基-岡山,2023-01-05,9209
00749B,凱基新興債10+,4,0,4,凱基-岡山,2023-01-05,9209
1513,中興電,48,44,4,凱基-岡山,2023-01-05,9209
2603,長榮,35,0,35,凱基-岡山,2023-01-06,9209
1712,興農,30,0,30,凱基-岡山,2023-01-06,9209
3707,漢磊,25,0,25,凱基-岡山,2023-01-06,9209
3686,達能,21,0,21,凱基-岡山,2023-01-06,9209
3064,泰偉,21,0,21,凱基-岡山,2023-01-06,9209
00720B,元大投資級公司債,16,6,10,凱基-岡山,2023-01-06,9209
2236,百達-KY,10,0,10,凱基-岡山,2023-01-06,9209
2618,長榮航,11,1,10,凱基-岡山,2023-01-06,9209
3141,晶宏,13,3,10,凱基-岡山,2023-01-06,9209
8112,至上,10,0,10,凱基-岡山,2023-01-06,9209
3232,昱捷,9,0,9,凱基-岡山,2023-01-06,9209
3624,光頡,9,0,9,凱基-岡山,2023-01-06,9209
00724B,群益投資級金融債,8,0,8,凱基-岡山,2023-01-06,9209
6282,康舒,8,0,8,凱基-岡山,2023-01-06,9209
00706L,期元大S＆P日圓正2,7,0,7,凱基-岡山,2023-01-06,9209
1519,華城,19,12,7,凱基-岡山,2023-01-06,9209
2329,華泰,7,0,7,凱基-岡山,2023-01-06,9209
4961,天鈺,9,2,7,凱基-岡山,2023-01-06,9209
4968,立積,8,1,7,凱基-岡山,2023-01-06,9209
00679B,元大美債20年,7,2,5,凱基-岡山,2023-01-06,9209
00727B,國泰優選非投等債,5,0,5,凱基-岡山,2023-01-06,9209
1906,寶隆,5,0,5,凱基-岡山,2023-01-06,9209
2634,漢翔,36,31,5,凱基-岡山,2023-01-06,9209
3088,艾訊,5,0,5,凱基-岡山,2023-01-06,9209
4563,百德,5,0,5,凱基-岡山,2023-01-06,9209
5258,虹堡,5,0,5,凱基-岡山,2023-01-06,9209
6016,康和證,5,0,5,凱基-岡山,2023-01-06,9209
6116,彩晶,9,4,5,凱基-岡山,2023-01-06,9209
8105,凌巨,6,1,5,凱基-岡山,2023-01-06,9209
3034,聯詠,5,0,5,凱基-岡山,2023-01-06,9209
1720,生達,13,9,4,凱基-岡山,2023-01-06,9209
1907,永豐餘,4,0,4,凱基-岡山,2023-01-06,9209
2388,威盛,4,0,4,凱基-岡山,2023-01-06,9209
3580,友威科,4,0,4,凱基-岡山,2023-01-06,9209
4102,永日,4,0,4,凱基-岡山,2023-01-06,9209
4167,松瑞藥,4,0,4,凱基-岡山,2023-01-06,9209
4171,瑞基,5,1,4,凱基-岡山,2023-01-06,9209
00894,中信小資高價30,3,0,3,凱基-岡山,2023-01-06,9209
1467,南緯,6,3,3,凱基-岡山,2023-01-06,9209
1514,亞力,3,0,3,凱基-岡山,2023-01-06,9209
2441,超豐,5,2,3,凱基-岡山,2023-01-06,9209
2542,興富發,3,0,3,凱基-岡山,2023-01-06,9209
2609,陽明,7,4,3,凱基-岡山,2023-01-06,9209
2637,慧洋-KY,3,0,3,凱基-岡山,2023-01-06,9209
2748,雲品,4,1,3,凱基-岡山,2023-01-06,9209
3268,海德威,3,0,3,凱基-岡山,2023-01-06,9209
3441,聯一光,3,0,3,凱基-岡山,2023-01-06,9209
3466,德晉,3,0,3,凱基-岡山,2023-01-06,9209
3693,營邦,3,0,3,凱基-岡山,2023-01-06,9209
4114,健喬,35,32,3,凱基-岡山,2023-01-06,9209
00882,中信中國高股息,104,0,104,凱基-岡山,2023-01-09,9209
00637L,元大滬深300正2,56,0,56,凱基-岡山,2023-01-09,9209
2027,大成鋼,55,2,53,凱基-岡山,2023-01-09,9209
2014,中鴻,66,18,48,凱基-岡山,2023-01-09,9209
2887,台新金,47,10,37,凱基-岡山,2023-01-09,9209
00632R,元大台灣50反1,58,25,33,凱基-岡山,2023-01-09,9209
8111,立��,30,0,30,凱基-岡山,2023-01-09,9209
00900,富邦特選高股息30,31,2,29,凱基-岡山,2023-01-09,9209
2618,長榮航,33,11,22,凱基-岡山,2023-01-09,9209
1712,興農,21,0,21,凱基-岡山,2023-01-09,9209
00651R,復華香港反1,20,0,20,凱基-岡山,2023-01-09,9209
3686,達能,20,0,20,凱基-岡山,2023-01-09,9209
6285,啟��,21,1,20,凱基-岡山,2023-01-09,9209
3707,漢磊,20,1,19,凱基-岡山,2023-01-09,9209
2431,聯昌,20,2,18,凱基-岡山,2023-01-09,9209
00706L,期元大S＆P日圓正2,15,0,15,凱基-岡山,2023-01-09,9209
2834,臺企銀,22,10,12,凱基-岡山,2023-01-09,9209
00635U,期元大S＆P黃金,11,0,11,凱基-岡山,2023-01-09,9209
2609,陽明,15,4,11,凱基-岡山,2023-01-09,9209
2354,鴻準,11,1,10,凱基-岡山,2023-01-09,9209
2897A,王道銀甲特,10,0,10,凱基-岡山,2023-01-09,9209
8049,晶采,10,0,10,凱基-岡山,2023-01-09,9209
2317,鴻海,46,37,9,凱基-岡山,2023-01-09,9209
3036A,文曄甲特,9,0,9,凱基-岡山,2023-01-09,9209
6124,業強,9,0,9,凱基-岡山,2023-01-09,9209
3064,泰偉,7,0,7,凱基-岡山,2023-01-09,9209
4931,新盛力,15,8,7,凱基-岡山,2023-01-09,9209
3035,智原,26,20,6,凱基-岡山,2023-01-09,9209
3128,昇銳,6,0,6,凱基-岡山,2023-01-09,9209
2328,廣宇,7,2,5,凱基-岡山,2023-01-09,9209
1762,中化生,5,0,5,凱基-岡山,2023-01-09,9209
2038,海光,5,0,5,凱基-岡山,2023-01-09,9209
2402,毅嘉,5,0,5,凱基-岡山,2023-01-09,9209
3479,安勤,6,1,5,凱基-岡山,2023-01-09,9209
5905,南仁湖,5,0,5,凱基-岡山,2023-01-09,9209
6594,展匯科,5,0,5,凱基-岡山,2023-01-09,9209
1513,中興電,6,2,4,凱基-岡山,2023-01-09,9209
2748,雲品,4,0,4,凱基-岡山,2023-01-09,9209
2812,台中銀,7,3,4,凱基-岡山,2023-01-09,9209
6109,亞元,4,0,4,凱基-岡山,2023-01-09,9209
6770,力積電,10,6,4,凱基-岡山,2023-01-09,9209
8044,網家,5,1,4,凱基-岡山,2023-01-09,9209
8933,愛地雅,4,0,4,凱基-岡山,2023-01-09,9209
006208,富邦台50,4,0,4,凱基-岡山,2023-01-09,9209
00830,國泰費城半導體,5,1,4,凱基-岡山,2023-01-09,9209
00720B,元大投資級公司債,3,0,3,凱基-岡山,2023-01-09,9209
00897,富邦基因免疫生技,3,0,3,凱基-岡山,2023-01-09,9209
1336,台翰,3,0,3,凱基-岡山,2023-01-09,9209
1443,立益物流,3,0,3,凱基-岡山,2023-01-09,9209
1516,川飛,3,0,3,凱基-岡山,2023-01-09,9209
6443,元晶,92,24,68,凱基-岡山,2023-01-10,9209
00878,國泰永續高股息,61,7,54,凱基-岡山,2023-01-10,9209
4931,新盛力,42,0,42,凱基-岡山,2023-01-10,9209
2498,宏達電,32,3,29,凱基-岡山,2023-01-10,9209
4563,百德,22,0,22,凱基-岡山,2023-01-10,9209
1444,力麗,18,2,16,凱基-岡山,2023-01-10,9209
2887,台新金,15,0,15,凱基-岡山,2023-01-10,9209
8249,菱光,15,0,15,凱基-岡山,2023-01-10,9209
2609,陽明,14,0,14,凱基-岡山,2023-01-10,9209
3037,欣興,27,13,14,凱基-岡山,2023-01-10,9209
2023,燁輝,13,0,13,凱基-岡山,2023-01-10,9209
00749B,凱基新興債10+,12,0,12,凱基-岡山,2023-01-10,9209
1736,喬山,22,11,11,凱基-岡山,2023-01-10,9209
2338,光罩,12,1,11,凱基-岡山,2023-01-10,9209
00680L,元大美債20正2,10,0,10,凱基-岡山,2023-01-10,9209
2007,燁興,10,0,10,凱基-岡山,2023-01-10,9209
3685,元創精密,10,0,10,凱基-岡山,2023-01-10,9209
6116,彩晶,10,0,10,凱基-岡山,2023-01-10,9209
6552,易華電,10,0,10,凱基-岡山,2023-01-10,9209
1304,台聚,14,5,9,凱基-岡山,2023-01-10,9209
9945,潤泰新,8,0,8,凱基-岡山,2023-01-10,9209
2897A,王道銀甲特,8,0,8,凱基-岡山,2023-01-10,9209
2027,大成鋼,7,0,7,凱基-岡山,2023-01-10,9209
2344,華邦電,11,4,7,凱基-岡山,2023-01-10,9209
2413,環科,12,5,7,凱基-岡山,2023-01-10,9209
6109,亞元,8,1,7,凱基-岡山,2023-01-10,9209
2845,遠東銀,6,0,6,凱基-岡山,2023-01-10,9209
9962,有益,6,0,6,凱基-岡山,2023-01-10,9209
2482,連宇,9,4,5,凱基-岡山,2023-01-10,9209
2611,志信,7,2,5,凱基-岡山,2023-01-10,9209
3064,泰偉,5,0,5,凱基-岡山,2023-01-10,9209
3128,昇銳,10,5,5,凱基-岡山,2023-01-10,9209
3372,典範,5,0,5,凱基-岡山,2023-01-10,9209
3481,群創,10,5,5,凱基-岡山,2023-01-10,9209
4175,杏一,10,5,5,凱基-岡山,2023-01-10,9209
4566,時碩工業,15,10,5,凱基-岡山,2023-01-10,9209
8064,東捷,5,0,5,凱基-岡山,2023-01-10,9209
8069,元太,5,1,4,凱基-岡山,2023-01-10,9209
00916,國泰全球品牌50,4,0,4,凱基-岡山,2023-01-10,9209
2605,新興,4,0,4,凱基-岡山,2023-01-10,9209
3576,聯合再生,4,0,4,凱基-岡山,2023-01-10,9209
4102,永日,5,1,4,凱基-岡山,2023-01-10,9209
6197,佳必琪,4,0,4,凱基-岡山,2023-01-10,9209
2009,第一銅,3,0,3,凱基-岡山,2023-01-10,9209
2014,中鴻,3,0,3,凱基-岡山,2023-01-10,9209
2103,台橡,3,0,3,凱基-岡山,2023-01-10,9209
2371,大同,3,0,3,凱基-岡山,2023-01-10,9209
3163,波若威,5,2,3,凱基-岡山,2023-01-10,9209
3234,光環,3,0,3,凱基-岡山,2023-01-10,9209
4114,健喬,7,4,3,凱基-岡山,2023-01-10,9209
2888,新光金,1702,0,1702,凱基-岡山,2023-01-11,9209
1718,中纖,47,0,47,凱基-岡山,2023-01-11,9209
00632R,元大台灣50反1,41,0,41,凱基-岡山,2023-01-11,9209
6104,創惟,22,0,22,凱基-岡山,2023-01-11,9209
2887,台新金,18,0,18,凱基-岡山,2023-01-11,9209
1304,台聚,13,0,13,凱基-岡山,2023-01-11,9209
2317,鴻海,14,1,13,凱基-岡山,2023-01-11,9209
00885,富邦越南,12,0,12,凱基-岡山,2023-01-11,9209
00878,國泰永續高股息,14,4,10,凱基-岡山,2023-01-11,9209
00679B,元大美債20年,10,0,10,凱基-岡山,2023-01-11,9209
2302,麗正,10,0,10,凱基-岡山,2023-01-11,9209
4707,磐亞,10,0,10,凱基-岡山,2023-01-11,9209
6285,啟��,10,0,10,凱基-岡山,2023-01-11,9209
8096,擎亞,10,0,10,凱基-岡山,2023-01-11,9209
5443,均豪,10,1,9,凱基-岡山,2023-01-11,9209
1447,力鵬,10,2,8,凱基-岡山,2023-01-11,9209
2883,凱基金,12,4,8,凱基-岡山,2023-01-11,9209
3064,泰偉,8,0,8,凱基-岡山,2023-01-11,9209
4979,華星光,33,25,8,凱基-岡山,2023-01-11,9209
0056,元大高股息,9,2,7,凱基-岡山,2023-01-11,9209
2359,所羅門,7,0,7,凱基-岡山,2023-01-11,9209
4155,訊映,7,0,7,凱基-岡山,2023-01-11,9209
2884,玉山金,6,0,6,凱基-岡山,2023-01-11,9209
1316,上曜,14,8,6,凱基-岡山,2023-01-11,9209
2031,新光鋼,7,1,6,凱基-岡山,2023-01-11,9209
5309,系統電,14,8,6,凱基-岡山,2023-01-11,9209
6741,91APP*-KY,6,0,6,凱基-岡山,2023-01-11,9209
8069,元太,6,1,5,凱基-岡山,2023-01-11,9209
2313,華通,5,0,5,凱基-岡山,2023-01-11,9209
2495,普安,5,0,5,凱基-岡山,2023-01-11,9209
3059,華晶科,5,0,5,凱基-岡山,2023-01-11,9209
6124,業強,5,0,5,凱基-岡山,2023-01-11,9209
1560,中砂,17,13,4,凱基-岡山,2023-01-11,9209
00888,永豐台灣ESG,4,0,4,凱基-岡山,2023-01-11,9209
1701,中化,4,0,4,凱基-岡山,2023-01-11,9209
2468,華經,8,4,4,凱基-岡山,2023-01-11,9209
2546,根基,4,0,4,凱基-岡山,2023-01-11,9209
3128,昇銳,12,8,4,凱基-岡山,2023-01-11,9209
0050,元大台灣50,4,0,4,凱基-岡山,2023-01-11,9209
2845,遠東銀,3,0,3,凱基-岡山,2023-01-11,9209
00749B,凱基新興債10+,3,0,3,凱基-岡山,2023-01-11,9209
1104,環泥,3,0,3,凱基-岡山,2023-01-11,9209
00915,凱基優選高股息30,6,3,3,凱基-岡山,2023-01-11,9209
2492,華新科,5,2,3,凱基-岡山,2023-01-11,9209
2601,益航,3,0,3,凱基-岡山,2023-01-11,9209
3268,海德威,3,0,3,凱基-岡山,2023-01-11,9209
3466,德晉,3,0,3,凱基-岡山,2023-01-11,9209
3479,安勤,3,0,3,凱基-岡山,2023-01-11,9209
3707,漢磊,3,0,3,凱基-岡山,2023-01-11,9209
4527,方土霖,3,0,3,凱基-岡山,2023-01-11,9209
2888,新光金,200,0,200,凱基-岡山,2023-01-12,9209
00670L,富邦NASDAQ正2,56,0,56,凱基-岡山,2023-01-12,9209
2897,王道銀行,50,0,50,凱基-岡山,2023-01-12,9209
2618,長榮航,43,4,39,凱基-岡山,2023-01-12,9209
00770,國泰北美科技,30,0,30,凱基-岡山,2023-01-12,9209
00878,國泰永續高股息,23,0,23,凱基-岡山,2023-01-12,9209
2887,台新金,20,0,20,凱基-岡山,2023-01-12,9209
8289,泰藝,17,0,17,凱基-岡山,2023-01-12,9209
1229,聯華,15,0,15,凱基-岡山,2023-01-12,9209
2609,陽明,14,0,14,凱基-岡山,2023-01-12,9209
2014,中鴻,33,20,13,凱基-岡山,2023-01-12,9209
3064,泰偉,12,0,12,凱基-岡山,2023-01-12,9209
3035,智原,21,10,11,凱基-岡山,2023-01-12,9209
00673R,期元大S＆P原油反1,10,0,10,凱基-岡山,2023-01-12,9209
2633,台灣高鐵,10,0,10,凱基-岡山,2023-01-12,9209
4543,萬在,10,0,10,凱基-岡山,2023-01-12,9209
4736,泰博,10,0,10,凱基-岡山,2023-01-12,9209
6167,久正,10,0,10,凱基-岡山,2023-01-12,9209
1447,力鵬,9,0,9,凱基-岡山,2023-01-12,9209
9907,統一實,9,0,9,凱基-岡山,2023-01-12,9209
2891,中信金,8,0,8,凱基-岡山,2023-01-12,9209
4743,合一,14,7,7,凱基-岡山,2023-01-12,9209
2317,鴻海,10,3,7,凱基-岡山,2023-01-12,9209
2892,第一金,7,0,7,凱基-岡山,2023-01-12,9209
4114,健喬,10,4,6,凱基-岡山,2023-01-12,9209
00720B,元大投資級公司債,6,0,6,凱基-岡山,2023-01-12,9209
4128,中天,5,0,5,凱基-岡山,2023-01-12,9209
2108,南帝,5,0,5,凱基-岡山,2023-01-12,9209
2614,東森,6,1,5,凱基-岡山,2023-01-12,9209
2889,國票金,5,0,5,凱基-岡山,2023-01-12,9209
3059,華晶科,5,0,5,凱基-岡山,2023-01-12,9209
5880,合庫金,5,0,5,凱基-岡山,2023-01-12,9209
5905,南仁湖,5,0,5,凱基-岡山,2023-01-12,9209
6227,茂綸,5,0,5,凱基-岡山,2023-01-12,9209
6244,茂迪,6,1,5,凱基-岡山,2023-01-12,9209
6282,康舒,5,0,5,凱基-岡山,2023-01-12,9209
2615,萬海,5,0,5,凱基-岡山,2023-01-12,9209
2009,第一銅,16,12,4,凱基-岡山,2023-01-12,9209
2610,華航,6,2,4,凱基-岡山,2023-01-12,9209
3037,欣興,7,3,4,凱基-岡山,2023-01-12,9209
3047,訊舟,4,0,4,凱基-岡山,2023-01-12,9209
3128,昇銳,7,3,4,凱基-岡山,2023-01-12,9209
3297,杭特,4,0,4,凱基-岡山,2023-01-12,9209
6234,高僑,4,0,4,凱基-岡山,2023-01-12,9209
00882,中信中國高股息,4,0,4,凱基-岡山,2023-01-12,9209
1605,華新,56,53,3,凱基-岡山,2023-01-12,9209
1316,上曜,17,14,3,凱基-岡山,2023-01-12,9209
1232,大統益,3,0,3,凱基-岡山,2023-01-12,9209
00915,凱基優選高股息30,6,3,3,凱基-岡山,2023-01-12,9209
00713,元大台灣高息低波,3,0,3,凱基-岡山,2023-01-12,9209
00640L,富邦日本正2,80,1,79,凱基-岡山,2023-01-13,9209
00680L,元大美債20正2,32,0,32,凱基-岡山,2023-01-13,9209
2367,燿華,31,0,31,凱基-岡山,2023-01-13,9209
00673R,期元大S＆P原油反1,30,0,30,凱基-岡山,2023-01-13,9209
1752,南光,55,28,27,凱基-岡山,2023-01-13,9209
2368,金像電,26,0,26,凱基-岡山,2023-01-13,9209
1217,愛之味,22,1,21,凱基-岡山,2023-01-13,9209
00647L,元大S＆P500正2,20,0,20,凱基-岡山,2023-01-13,9209
6188,廣明,21,3,18,凱基-岡山,2023-01-13,9209
2425,承啟,15,0,15,凱基-岡山,2023-01-13,9209
3027,盛達,19,5,14,凱基-岡山,2023-01-13,9209
1736,喬山,13,0,13,凱基-岡山,2023-01-13,9209
00632R,元大台灣50反1,11,0,11,凱基-岡山,2023-01-13,9209
00921,兆豐龍頭等權重,10,0,10,凱基-岡山,2023-01-13,9209
1313,聯成,10,0,10,凱基-岡山,2023-01-13,9209
1717,長興,10,0,10,凱基-岡山,2023-01-13,9209
4543,萬在,10,0,10,凱基-岡山,2023-01-13,9209
5531,鄉林,10,0,10,凱基-岡山,2023-01-13,9209
2603,長榮,14,5,9,凱基-岡山,2023-01-13,9209
2342,茂矽,8,0,8,凱基-岡山,2023-01-13,9209
4130,健亞,11,3,8,凱基-岡山,2023-01-13,9209
4960,誠美材,10,2,8,凱基-岡山,2023-01-13,9209
1316,上曜,36,29,7,凱基-岡山,2023-01-13,9209
8050,廣積,7,0,7,凱基-岡山,2023-01-13,9209
0056,元大高股息,6,0,6,凱基-岡山,2023-01-13,9209
2358,廷鑫,9,3,6,凱基-岡山,2023-01-13,9209
2359,所羅門,9,3,6,凱基-岡山,2023-01-13,9209
3441,聯一光,6,0,6,凱基-岡山,2023-01-13,9209
2312,金寶,5,0,5,凱基-岡山,2023-01-13,9209
2495,普安,5,0,5,凱基-岡山,2023-01-13,9209
2867,三商壽,5,0,5,凱基-岡山,2023-01-13,9209
2883,凱基金,5,0,5,凱基-岡山,2023-01-13,9209
3064,泰偉,5,0,5,凱基-岡山,2023-01-13,9209
6227,茂綸,5,0,5,凱基-岡山,2023-01-13,9209
9938,百和,5,0,5,凱基-岡山,2023-01-13,9209
00679B,元大美債20年,6,1,5,凱基-岡山,2023-01-13,9209
1308,亞聚,5,1,4,凱基-岡山,2023-01-13,9209
2388,威盛,4,0,4,凱基-岡山,2023-01-13,9209
2812,台中銀,4,0,4,凱基-岡山,2023-01-13,9209
3128,昇銳,4,0,4,凱基-岡山,2023-01-13,9209
4979,華星光,15,11,4,凱基-岡山,2023-01-13,9209
6668,中揚光,4,0,4,凱基-岡山,2023-01-13,9209
8249,菱光,4,0,4,凱基-岡山,2023-01-13,9209
2354,鴻準,4,0,4,凱基-岡山,2023-01-13,9209
00720B,元大投資級公司債,5,1,4,凱基-岡山,2023-01-13,9209
2317,鴻海,6,3,3,凱基-岡山,2023-01-13,9209
1815,富喬,4,1,3,凱基-岡山,2023-01-13,9209
2023,燁輝,3,0,3,凱基-岡山,2023-01-13,9209
2324,仁寶,3,0,3,凱基-岡山,2023-01-13,9209
2351,順德,3,0,3,凱基-岡山,2023-01-13,9209
00673R,期元大S＆P原油反1,58,6,52,凱基-岡山,2023-01-16,9209
3037,欣興,51,18,33,凱基-岡山,2023-01-16,9209
3707,漢磊,30,0,30,凱基-岡山,2023-01-16,9209
2618,長榮航,45,17,28,凱基-岡山,2023-01-16,9209
2482,連宇,27,0,27,凱基-岡山,2023-01-16,9209
00640L,富邦日本正2,23,0,23,凱基-岡山,2023-01-16,9209
00902,中信電池及儲能,20,0,20,凱基-岡山,2023-01-16,9209
1712,興農,20,0,20,凱基-岡山,2023-01-16,9209
00795B,中信美國公債20年,16,0,16,凱基-岡山,2023-01-16,9209
8358,金居,17,1,16,凱基-岡山,2023-01-16,9209
2609,陽明,16,1,15,凱基-岡山,2023-01-16,9209
6770,力積電,20,6,14,凱基-岡山,2023-01-16,9209
2317,鴻海,15,1,14,凱基-岡山,2023-01-16,9209
2014,中鴻,33,21,12,凱基-岡山,2023-01-16,9209
00706L,期元大S＆P日圓正2,10,0,10,凱基-岡山,2023-01-16,9209
2465,麗臺,18,8,10,凱基-岡山,2023-01-16,9209
2832,台產,10,0,10,凱基-岡山,2023-01-16,9209
2888,新光金,10,0,10,凱基-岡山,2023-01-16,9209
5905,南仁湖,10,0,10,凱基-岡山,2023-01-16,9209
1312,國喬,10,1,9,凱基-岡山,2023-01-16,9209
3576,聯合再生,9,1,8,凱基-岡山,2023-01-16,9209
00882,中信中國高股息,7,1,6,凱基-岡山,2023-01-16,9209
2883,凱基金,6,0,6,凱基-岡山,2023-01-16,9209
1219,福壽,5,0,5,凱基-岡山,2023-01-16,9209
00632R,元大台灣50反1,5,0,5,凱基-岡山,2023-01-16,9209
2617,台航,5,0,5,凱基-岡山,2023-01-16,9209
2634,漢翔,5,0,5,凱基-岡山,2023-01-16,9209
5351,鈺創,6,1,5,凱基-岡山,2023-01-16,9209
9904,寶成,5,0,5,凱基-岡山,2023-01-16,9209
00885,富邦越南,6,2,4,凱基-岡山,2023-01-16,9209
2364,倫飛,4,0,4,凱基-岡山,2023-01-16,9209
2882,國泰金,8,4,4,凱基-岡山,2023-01-16,9209
00921,兆豐龍頭等權重,4,0,4,凱基-岡山,2023-01-16,9209
1210,大成,3,0,3,凱基-岡山,2023-01-16,9209
00680L,元大美債20正2,3,0,3,凱基-岡山,2023-01-16,9209
2023,燁輝,7,4,3,凱基-岡山,2023-01-16,9209
2338,光罩,4,1,3,凱基-岡山,2023-01-16,9209
2368,金像電,23,20,3,凱基-岡山,2023-01-16,9209
2610,華航,3,0,3,凱基-岡山,2023-01-16,9209
2614,東森,7,4,3,凱基-岡山,2023-01-16,9209
3374,精材,4,1,3,凱基-岡山,2023-01-16,9209
4105,東洋,3,0,3,凱基-岡山,2023-01-16,9209
4157,太景*-KY,3,0,3,凱基-岡山,2023-01-16,9209
4968,立積,6,3,3,凱基-岡山,2023-01-16,9209
6443,元晶,3,0,3,凱基-岡山,2023-01-16,9209
8046,南電,3,0,3,凱基-岡山,2023-01-16,9209
8933,愛地雅,3,0,3,凱基-岡山,2023-01-16,9209
2606,裕民,2,0,2,凱基-岡山,2023-01-16,9209
006208,富邦台50,2,0,2,凱基-岡山,2023-01-16,9209
006206,元大上證50,2,0,2,凱基-岡山,2023-01-16,9209
6191,精成科,36,0,36,凱基-岡山,2023-01-17,9209
1712,興農,19,0,19,凱基-岡山,2023-01-17,9209
6155,鈞寶,16,0,16,凱基-岡山,2023-01-17,9209
00653L,富邦印度正2,15,0,15,凱基-岡山,2023-01-17,9209
2344,華邦電,15,0,15,凱基-岡山,2023-01-17,9209
4931,新盛力,15,0,15,凱基-岡山,2023-01-17,9209
6874,倍力,15,0,15,凱基-岡山,2023-01-17,9209
2609,陽明,16,1,15,凱基-岡山,2023-01-17,9209
2388,威盛,11,0,11,凱基-岡山,2023-01-17,9209
2444,兆勁,11,0,11,凱基-岡山,2023-01-17,9209
6770,力積電,23,12,11,凱基-岡山,2023-01-17,9209
2615,萬海,30,20,10,凱基-岡山,2023-01-17,9209
1201,味全,10,0,10,凱基-岡山,2023-01-17,9209
00673R,期元大S＆P原油反1,10,0,10,凱基-岡山,2023-01-17,9209
3526,凡甲,10,0,10,凱基-岡山,2023-01-17,9209
3481,群創,11,3,8,凱基-岡山,2023-01-17,9209
2603,長榮,13,5,8,凱基-岡山,2023-01-17,9209
1326,台化,7,0,7,凱基-岡山,2023-01-17,9209
1443,立益物流,7,0,7,凱基-岡山,2023-01-17,9209
2367,燿華,6,0,6,凱基-岡山,2023-01-17,9209
2892,第一金,6,0,6,凱基-岡山,2023-01-17,9209
2317,鴻海,7,1,6,凱基-岡山,2023-01-17,9209
00893,國泰智能電動車,5,0,5,凱基-岡山,2023-01-17,9209
00905,FT臺灣Smart,5,0,5,凱基-岡山,2023-01-17,9209
00632R,元大台灣50反1,5,0,5,凱基-岡山,2023-01-17,9209
00655L,國泰中國A50正2,5,0,5,凱基-岡山,2023-01-17,9209
1584,精剛,5,0,5,凱基-岡山,2023-01-17,9209
2369,菱生,5,0,5,凱基-岡山,2023-01-17,9209
2929,淘帝-KY,5,0,5,凱基-岡山,2023-01-17,9209
3049,精金,5,0,5,凱基-岡山,2023-01-17,9209
4102,永日,10,5,5,凱基-岡山,2023-01-17,9209
6116,彩晶,5,0,5,凱基-岡山,2023-01-17,9209
6209,今國光,5,0,5,凱基-岡山,2023-01-17,9209
6470,宇智,5,0,5,凱基-岡山,2023-01-17,9209
8092,建暐,5,0,5,凱基-岡山,2023-01-17,9209
00679B,元大美債20年,5,1,4,凱基-岡山,2023-01-17,9209
2884,玉山金,4,0,4,凱基-岡山,2023-01-17,9209
00921,兆豐龍頭等權重,4,0,4,凱基-岡山,2023-01-17,9209
3207,耀勝,4,0,4,凱基-岡山,2023-01-17,9209
4142,國光生,4,0,4,凱基-岡山,2023-01-17,9209
0050,元大台灣50,6,2,4,凱基-岡山,2023-01-17,9209
006208,富邦台50,3,0,3,凱基-岡山,2023-01-17,9209
0056,元大高股息,4,1,3,凱基-岡山,2023-01-17,9209
00680L,元大美債20正2,3,0,3,凱基-岡山,2023-01-17,9209
2206,三陽工業,3,0,3,凱基-岡山,2023-01-17,9209
2302,麗正,3,0,3,凱基-岡山,2023-01-17,9209
2328,廣宇,3,0,3,凱基-岡山,2023-01-17,9209
2812,台中銀,3,0,3,凱基-岡山,2023-01-17,9209
2887,台新金,7,4,3,凱基-岡山,2023-01-17,9209
3374,精材,3,0,3,凱基-岡山,2023-01-17,9209
2014,中鴻,173,5,168,凱基-岡山,2023-01-30,9209
2888,新光金,80,13,67,凱基-岡山,2023-01-30,9209
2618,長榮航,75,31,44,凱基-岡山,2023-01-30,9209
2887,台新金,38,10,28,凱基-岡山,2023-01-30,9209
2317,鴻海,22,2,20,凱基-岡山,2023-01-30,9209
1529,樂事綠能,20,3,17,凱基-岡山,2023-01-30,9209
1584,精剛,17,0,17,凱基-岡山,2023-01-30,9209
9105,泰金寶-DR,15,0,15,凱基-岡山,2023-01-30,9209
2897,王道銀行,15,1,14,凱基-岡山,2023-01-30,9209
2032,新鋼,11,0,11,凱基-岡山,2023-01-30,9209
3027,盛達,11,0,11,凱基-岡山,2023-01-30,9209
6609,瀧澤科,11,0,11,凱基-岡山,2023-01-30,9209
2313,華通,11,0,11,凱基-岡山,2023-01-30,9209
3624,光頡,11,1,10,凱基-岡山,2023-01-30,9209
6504,南六,10,0,10,凱基-岡山,2023-01-30,9209
8111,立��,10,0,10,凱基-岡山,2023-01-30,9209
2881,富邦金,21,11,10,凱基-岡山,2023-01-30,9209
2468,華經,9,0,9,凱基-岡山,2023-01-30,9209
3707,漢磊,11,2,9,凱基-岡山,2023-01-30,9209
2498,宏達電,15,7,8,凱基-岡山,2023-01-30,9209
2882,國泰金,8,2,6,凱基-岡山,2023-01-30,9209
6237,驊訊,6,0,6,凱基-岡山,2023-01-30,9209
6651,全宇昕,6,0,6,凱基-岡山,2023-01-30,9209
1701,中化,5,0,5,凱基-岡山,2023-01-30,9209
00897,富邦基因免疫生技,5,0,5,凱基-岡山,2023-01-30,9209
00679B,元大美債20年,5,0,5,凱基-岡山,2023-01-30,9209
1734,杏輝,5,0,5,凱基-岡山,2023-01-30,9209
2455,全新,5,0,5,凱基-岡山,2023-01-30,9209
4102,永日,10,5,5,凱基-岡山,2023-01-30,9209
5905,南仁湖,5,0,5,凱基-岡山,2023-01-30,9209
8213,志超,5,0,5,凱基-岡山,2023-01-30,9209
5014,建錩,5,0,5,凱基-岡山,2023-01-30,9209
00706L,期元大S＆P日圓正2,4,0,4,凱基-岡山,2023-01-30,9209
1215,卜蜂,4,0,4,凱基-岡山,2023-01-30,9209
1443,立益物流,4,0,4,凱基-岡山,2023-01-30,9209
3372,典範,4,0,4,凱基-岡山,2023-01-30,9209
3454,晶睿,6,2,4,凱基-岡山,2023-01-30,9209
3714,富采,4,0,4,凱基-岡山,2023-01-30,9209
5258,虹堡,10,6,4,凱基-岡山,2023-01-30,9209
6768,志強-KY,4,0,4,凱基-岡山,2023-01-30,9209
9941,裕融,4,0,4,凱基-岡山,2023-01-30,9209
2836,高雄銀,4,0,4,凱基-岡山,2023-01-30,9209
2609,陽明,26,22,4,凱基-岡山,2023-01-30,9209
2615,萬海,3,0,3,凱基-岡山,2023-01-30,9209
00673R,期元大S＆P原油反1,3,0,3,凱基-岡山,2023-01-30,9209
00770,國泰北美科技,3,0,3,凱基-岡山,2023-01-30,9209
1514,亞力,4,1,3,凱基-岡山,2023-01-30,9209
3050,鈺德,3,0,3,凱基-岡山,2023-01-30,9209
5536,聖暉*,3,0,3,凱基-岡山,2023-01-30,9209
6240,松崗,3,0,3,凱基-岡山,2023-01-30,9209
00893,國泰智能電動車,117,0,117,凱基-岡山,2023-01-31,9209
00632R,元大台灣50反1,116,9,107,凱基-岡山,2023-01-31,9209
2887,台新金,51,0,51,凱基-岡山,2023-01-31,9209
00897,富邦基因免疫生技,34,0,34,凱基-岡山,2023-01-31,9209
4106,雃博,30,0,30,凱基-岡山,2023-01-31,9209
00905,FT臺灣Smart,28,0,28,凱基-岡山,2023-01-31,9209
1584,精剛,21,0,21,凱基-岡山,2023-01-31,9209
2888,新光金,23,2,21,凱基-岡山,2023-01-31,9209
8070,長華*,20,0,20,凱基-岡山,2023-01-31,9209
2482,連宇,16,2,14,凱基-岡山,2023-01-31,9209
2317,鴻海,37,23,14,凱基-岡山,2023-01-31,9209
1514,亞力,18,5,13,凱基-岡山,2023-01-31,9209
2535,達欣工,12,0,12,凱基-岡山,2023-01-31,9209
2892,第一金,13,1,12,凱基-岡山,2023-01-31,9209
1217,愛之味,12,2,10,凱基-岡山,2023-01-31,9209
2314,台揚,10,0,10,凱基-岡山,2023-01-31,9209
8038,長園科,10,0,10,凱基-岡山,2023-01-31,9209
2891,中信金,9,0,9,凱基-岡山,2023-01-31,9209
2022,聚亨,9,0,9,凱基-岡山,2023-01-31,9209
5880,合庫金,9,0,9,凱基-岡山,2023-01-31,9209
00878,國泰永續高股息,16,8,8,凱基-岡山,2023-01-31,9209
4743,合一,17,9,8,凱基-岡山,2023-01-31,9209
6109,亞元,8,0,8,凱基-岡山,2023-01-31,9209
2330,台積電,12,4,8,凱基-岡山,2023-01-31,9209
00720B,元大投資級公司債,7,0,7,凱基-岡山,2023-01-31,9209
2436,偉詮電,7,0,7,凱基-岡山,2023-01-31,9209
2885,元大金,6,0,6,凱基-岡山,2023-01-31,9209
2883,凱基金,11,5,6,凱基-岡山,2023-01-31,9209
2103,台橡,6,0,6,凱基-岡山,2023-01-31,9209
2201,裕隆,24,18,6,凱基-岡山,2023-01-31,9209
2886,兆豐金,6,0,6,凱基-岡山,2023-01-31,9209
2889,國票金,11,5,6,凱基-岡山,2023-01-31,9209
3027,盛達,6,0,6,凱基-岡山,2023-01-31,9209
4961,天鈺,12,6,6,凱基-岡山,2023-01-31,9209
006208,富邦台50,7,1,6,凱基-岡山,2023-01-31,9209
2834,臺企銀,6,1,5,凱基-岡山,2023-01-31,9209
2002,中鋼,11,6,5,凱基-岡山,2023-01-31,9209
00701,國泰股利精選30,6,1,5,凱基-岡山,2023-01-31,9209
2812,台中銀,6,1,5,凱基-岡山,2023-01-31,9209
00655L,國泰中國A50正2,5,0,5,凱基-岡山,2023-01-31,9209
2369,菱生,10,5,5,凱基-岡山,2023-01-31,9209
2614,東森,10,5,5,凱基-岡山,2023-01-31,9209
2617,台航,5,0,5,凱基-岡山,2023-01-31,9209
2882,國泰金,5,0,5,凱基-岡山,2023-01-31,9209
3081,聯亞,6,1,5,凱基-岡山,2023-01-31,9209
4114,健喬,5,0,5,凱基-岡山,2023-01-31,9209
4552,力達-KY,5,0,5,凱基-岡山,2023-01-31,9209
5302,太欣,5,0,5,凱基-岡山,2023-01-31,9209
8111,立��,5,0,5,凱基-岡山,2023-01-31,9209
8213,志超,5,0,5,凱基-岡山,2023-01-31,9209
3062,建漢,54,0,54,凱基-岡山,2023-02-01,9209
2614,東森,52,7,45,凱基-岡山,2023-02-01,9209
1519,華城,41,4,37,凱基-岡山,2023-02-01,9209
00878,國泰永續高股息,35,3,32,凱基-岡山,2023-02-01,9209
1217,愛之味,31,1,30,凱基-岡山,2023-02-01,9209
2358,廷鑫,27,0,27,凱基-岡山,2023-02-01,9209
2317,鴻海,29,7,22,凱基-岡山,2023-02-01,9209
1584,精剛,26,5,21,凱基-岡山,2023-02-01,9209
1712,興農,20,0,20,凱基-岡山,2023-02-01,9209
2618,長榮航,53,34,19,凱基-岡山,2023-02-01,9209
2009,第一銅,56,39,17,凱基-岡山,2023-02-01,9209
5258,虹堡,50,35,15,凱基-岡山,2023-02-01,9209
2535,達欣工,14,0,14,凱基-岡山,2023-02-01,9209
5483,中美晶,16,2,14,凱基-岡山,2023-02-01,9209
3498,陽程,11,0,11,凱基-岡山,2023-02-01,9209
3037,欣興,28,17,11,凱基-岡山,2023-02-01,9209
2409,友達,12,2,10,凱基-岡山,2023-02-01,9209
00673R,期元大S＆P原油反1,10,0,10,凱基-岡山,2023-02-01,9209
3372,典範,10,0,10,凱基-岡山,2023-02-01,9209
5469,瀚宇博,10,0,10,凱基-岡山,2023-02-01,9209
1734,杏輝,9,0,9,凱基-岡山,2023-02-01,9209
00632R,元大台灣50反1,8,0,8,凱基-岡山,2023-02-01,9209
0056,元大高股息,7,0,7,凱基-岡山,2023-02-01,9209
1524,耿鼎,8,1,7,凱基-岡山,2023-02-01,9209
3702,大聯大,7,0,7,凱基-岡山,2023-02-01,9209
00637L,元大滬深300正2,14,8,6,凱基-岡山,2023-02-01,9209
2421,建準,6,0,6,凱基-岡山,2023-02-01,9209
4768,晶呈科技,6,0,6,凱基-岡山,2023-02-01,9209
6257,矽格,6,0,6,凱基-岡山,2023-02-01,9209
8046,南電,14,8,6,凱基-岡山,2023-02-01,9209
00636,國泰中國A50,5,0,5,凱基-岡山,2023-02-01,9209
1909,榮成,5,0,5,凱基-岡山,2023-02-01,9209
2104,國際中橡,6,1,5,凱基-岡山,2023-02-01,9209
2609,陽明,5,0,5,凱基-岡山,2023-02-01,9209
3047,訊舟,5,0,5,凱基-岡山,2023-02-01,9209
4968,立積,6,1,5,凱基-岡山,2023-02-01,9209
5608,四維航,5,0,5,凱基-岡山,2023-02-01,9209
6651,全宇昕,5,0,5,凱基-岡山,2023-02-01,9209
6770,力積電,7,2,5,凱基-岡山,2023-02-01,9209
3711,日月光投控,5,0,5,凱基-岡山,2023-02-01,9209
2883,凱基金,9,4,5,凱基-岡山,2023-02-01,9209
2006,東和鋼鐵,4,0,4,凱基-岡山,2023-02-01,9209
2327,國巨,4,0,4,凱基-岡山,2023-02-01,9209
8478,東哥遊艇,13,9,4,凱基-岡山,2023-02-01,9209
4162,智擎,4,0,4,凱基-岡山,2023-02-01,9209
2038,海光,5,1,4,凱基-岡山,2023-02-01,9209
2032,新鋼,5,1,4,凱基-岡山,2023-02-01,9209
2486,一詮,5,1,4,凱基-岡山,2023-02-01,9209
2736,富野,4,0,4,凱基-岡山,2023-02-01,9209
3163,波若威,4,0,4,凱基-岡山,2023-02-01,9209
2888,新光金,1629,0,1629,凱基-岡山,2023-02-02,9209
8277,商丞,100,0,100,凱基-岡山,2023-02-02,9209
6443,元晶,111,57,54,凱基-岡山,2023-02-02,9209
2618,長榮航,59,13,46,凱基-岡山,2023-02-02,9209
00632R,元大台灣50反1,46,7,39,凱基-岡山,2023-02-02,9209
8358,金居,43,4,39,凱基-岡山,2023-02-02,9209
2367,燿華,34,2,32,凱基-岡山,2023-02-02,9209
6188,廣明,30,0,30,凱基-岡山,2023-02-02,9209
2891,中信金,26,1,25,凱基-岡山,2023-02-02,9209
1101,台泥,30,5,25,凱基-岡山,2023-02-02,9209
8033,雷虎,25,0,25,凱基-岡山,2023-02-02,9209
6129,普誠,30,10,20,凱基-岡山,2023-02-02,9209
1217,愛之味,20,1,19,凱基-岡山,2023-02-02,9209
00680L,元大美債20正2,18,4,14,凱基-岡山,2023-02-02,9209
2834,臺企銀,14,0,14,凱基-岡山,2023-02-02,9209
4960,誠美材,14,0,14,凱基-岡山,2023-02-02,9209
4989,榮科,13,0,13,凱基-岡山,2023-02-02,9209
2317,鴻海,14,1,13,凱基-岡山,2023-02-02,9209
6234,高僑,10,0,10,凱基-岡山,2023-02-02,9209
1605,華新,33,24,9,凱基-岡山,2023-02-02,9209
5608,四維航,9,0,9,凱基-岡山,2023-02-02,9209
6477,安集,9,0,9,凱基-岡山,2023-02-02,9209
8183,精星,16,7,9,凱基-岡山,2023-02-02,9209
00671R,富邦NASDAQ反1,8,0,8,凱基-岡山,2023-02-02,9209
2380,虹光,8,0,8,凱基-岡山,2023-02-02,9209
6223,旺矽,8,0,8,凱基-岡山,2023-02-02,9209
2883,凱基金,17,10,7,凱基-岡山,2023-02-02,9209
2351,順德,8,1,7,凱基-岡山,2023-02-02,9209
1734,杏輝,7,0,7,凱基-岡山,2023-02-02,9209
2329,華泰,10,3,7,凱基-岡山,2023-02-02,9209
9938,百和,7,0,7,凱基-岡山,2023-02-02,9209
1301,台塑,7,0,7,凱基-岡山,2023-02-02,9209
00753L,中信中國50正2,10,3,7,凱基-岡山,2023-02-02,9209
00882,中信中國高股息,6,0,6,凱基-岡山,2023-02-02,9209
00637L,元大滬深300正2,11,5,6,凱基-岡山,2023-02-02,9209
1305,華夏,6,0,6,凱基-岡山,2023-02-02,9209
1611,中電,6,0,6,凱基-岡山,2023-02-02,9209
2313,華通,6,0,6,凱基-岡山,2023-02-02,9209
2338,光罩,6,0,6,凱基-岡山,2023-02-02,9209
2492,華新科,9,3,6,凱基-岡山,2023-02-02,9209
2892,第一金,6,0,6,凱基-岡山,2023-02-02,9209
3264,欣銓,6,0,6,凱基-岡山,2023-02-02,9209
3290,東浦,6,0,6,凱基-岡山,2023-02-02,9209
1609,大亞,8,2,6,凱基-岡山,2023-02-02,9209
00915,凱基優選高股息30,15,10,5,凱基-岡山,2023-02-02,9209
2027,大成鋼,5,0,5,凱基-岡山,2023-02-02,9209
2344,華邦電,22,17,5,凱基-岡山,2023-02-02,9209
3162,精確,15,10,5,凱基-岡山,2023-02-02,9209
4721,美琪瑪,5,0,5,凱基-岡山,2023-02-02,9209
8068,全達,5,0,5,凱基-岡山,2023-02-02,9209
2888,新光金,732,20,712,凱基-岡山,2023-02-03,9209
00882,中信中國高股息,35,0,35,凱基-岡山,2023-02-03,9209
2340,台亞,33,0,33,凱基-岡山,2023-02-03,9209
3564,其陽,30,0,30,凱基-岡山,2023-02-03,9209
00632R,元大台灣50反1,23,2,21,凱基-岡山,2023-02-03,9209
00902,中信電池及儲能,20,0,20,凱基-岡山,2023-02-03,9209
2409,友達,20,0,20,凱基-岡山,2023-02-03,9209
2462,良得電,20,0,20,凱基-岡山,2023-02-03,9209
2880,華南金,20,0,20,凱基-岡山,2023-02-03,9209
2892,第一金,20,0,20,凱基-岡山,2023-02-03,9209
9105,泰金寶-DR,20,0,20,凱基-岡山,2023-02-03,9209
6443,元晶,23,4,19,凱基-岡山,2023-02-03,9209
2317,鴻海,20,1,19,凱基-岡山,2023-02-03,9209
00715L,期街口布蘭特正2,18,0,18,凱基-岡山,2023-02-03,9209
3021,鴻名,21,3,18,凱基-岡山,2023-02-03,9209
2329,華泰,17,0,17,凱基-岡山,2023-02-03,9209
00637L,元大滬深300正2,21,6,15,凱基-岡山,2023-02-03,9209
6217,中探針,15,1,14,凱基-岡山,2023-02-03,9209
2867,三商壽,20,7,13,凱基-岡山,2023-02-03,9209
00679B,元大美債20年,12,0,12,凱基-岡山,2023-02-03,9209
2465,麗臺,12,0,12,凱基-岡山,2023-02-03,9209
2014,中鴻,12,1,11,凱基-岡山,2023-02-03,9209
00650L,復華香港正2,10,0,10,凱基-岡山,2023-02-03,9209
6122,擎邦,10,0,10,凱基-岡山,2023-02-03,9209
6167,久正,10,0,10,凱基-岡山,2023-02-03,9209
00900,富邦特選高股息30,10,1,9,凱基-岡山,2023-02-03,9209
2027,大成鋼,18,9,9,凱基-岡山,2023-02-03,9209
2891,中信金,9,0,9,凱基-岡山,2023-02-03,9209
8046,南電,13,5,8,凱基-岡山,2023-02-03,9209
2344,華邦電,17,10,7,凱基-岡山,2023-02-03,9209
6129,普誠,7,0,7,凱基-岡山,2023-02-03,9209
6411,晶焱,10,3,7,凱基-岡山,2023-02-03,9209
6531,愛普*,11,4,7,凱基-岡山,2023-02-03,9209
6770,力積電,18,11,7,凱基-岡山,2023-02-03,9209
2313,華通,9,3,6,凱基-岡山,2023-02-03,9209
2609,陽明,26,20,6,凱基-岡山,2023-02-03,9209
00878,國泰永續高股息,13,7,6,凱基-岡山,2023-02-03,9209
3105,穩懋,7,1,6,凱基-岡山,2023-02-03,9209
00683L,期元大美元指正2,7,1,6,凱基-岡山,2023-02-03,9209
1514,亞力,6,0,6,凱基-岡山,2023-02-03,9209
2834,臺企銀,10,5,5,凱基-岡山,2023-02-03,9209
00885,富邦越南,5,0,5,凱基-岡山,2023-02-03,9209
00892,富邦台灣半導體,6,1,5,凱基-岡山,2023-02-03,9209
00891,中信關鍵半導體,5,0,5,凱基-岡山,2023-02-03,9209
00915,凱基優選高股息30,10,5,5,凱基-岡山,2023-02-03,9209
1904,正隆,5,0,5,凱基-岡山,2023-02-03,9209
2367,燿華,7,2,5,凱基-岡山,2023-02-03,9209
3041,揚智,5,0,5,凱基-岡山,2023-02-03,9209
3047,訊舟,9,4,5,凱基-岡山,2023-02-03,9209
5014,建錩,5,0,5,凱基-岡山,2023-02-03,9209
2888,新光金,892,10,882,凱基-岡山,2023-02-06,9209
00706L,期元大S＆P日圓正2,47,5,42,凱基-岡山,2023-02-06,9209
2323,中環,42,0,42,凱基-岡山,2023-02-06,9209
2834,臺企銀,40,0,40,凱基-岡山,2023-02-06,9209
2385,群光,39,0,39,凱基-岡山,2023-02-06,9209
2206,三陽工業,37,0,37,凱基-岡山,2023-02-06,9209
3046,建��,34,1,33,凱基-岡山,2023-02-06,9209
2603,長榮,29,1,28,凱基-岡山,2023-02-06,9209
00878,國泰永續高股息,31,3,28,凱基-岡山,2023-02-06,9209
00905,FT臺灣Smart,26,0,26,凱基-岡山,2023-02-06,9209
00642U,期元大S＆P石油,25,0,25,凱基-岡山,2023-02-06,9209
00715L,期街口布蘭特正2,23,0,23,凱基-岡山,2023-02-06,9209
00882,中信中國高股息,23,0,23,凱基-岡山,2023-02-06,9209
00637L,元大滬深300正2,23,2,21,凱基-岡山,2023-02-06,9209
00671R,富邦NASDAQ反1,25,5,20,凱基-岡山,2023-02-06,9209
00632R,元大台灣50反1,24,7,17,凱基-岡山,2023-02-06,9209
00680L,元大美債20正2,17,0,17,凱基-岡山,2023-02-06,9209
2498,宏達電,20,3,17,凱基-岡山,2023-02-06,9209
2889,國票金,16,0,16,凱基-岡山,2023-02-06,9209
2618,長榮航,25,10,15,凱基-岡山,2023-02-06,9209
5309,系統電,15,0,15,凱基-岡山,2023-02-06,9209
2002,中鋼,15,2,13,凱基-岡山,2023-02-06,9209
2344,華邦電,13,0,13,凱基-岡山,2023-02-06,9209
2486,一詮,13,0,13,凱基-岡山,2023-02-06,9209
2851,中再保,20,7,13,凱基-岡山,2023-02-06,9209
00891,中信關鍵半導體,13,0,13,凱基-岡山,2023-02-06,9209
2609,陽明,13,1,12,凱基-岡山,2023-02-06,9209
00900,富邦特選高股息30,14,2,12,凱基-岡山,2023-02-06,9209
6202,盛群,10,0,10,凱基-岡山,2023-02-06,9209
2328,廣宇,11,1,10,凱基-岡山,2023-02-06,9209
0056,元大高股息,13,4,9,凱基-岡山,2023-02-06,9209
1101,台泥,9,1,8,凱基-岡山,2023-02-06,9209
3037,欣興,16,8,8,凱基-岡山,2023-02-06,9209
2615,萬海,8,0,8,凱基-岡山,2023-02-06,9209
3588,通嘉,9,1,8,凱基-岡山,2023-02-06,9209
8429,金麗-KY,8,0,8,凱基-岡山,2023-02-06,9209
00679B,元大美債20年,8,1,7,凱基-岡山,2023-02-06,9209
2880,華南金,7,0,7,凱基-岡山,2023-02-06,9209
2892,第一金,7,0,7,凱基-岡山,2023-02-06,9209
3036A,文曄甲特,7,0,7,凱基-岡山,2023-02-06,9209
4979,華星光,7,0,7,凱基-岡山,2023-02-06,9209
6016,康和證,7,0,7,凱基-岡山,2023-02-06,9209
2022,聚亨,6,0,6,凱基-岡山,2023-02-06,9209
2887,台新金,6,0,6,凱基-岡山,2023-02-06,9209
3297,杭特,6,0,6,凱基-岡山,2023-02-06,9209
1598,岱宇,5,0,5,凱基-岡山,2023-02-06,9209
2236,百達-KY,5,0,5,凱基-岡山,2023-02-06,9209
2412,中華電,8,3,5,凱基-岡山,2023-02-06,9209
2890,永豐金,5,0,5,凱基-岡山,2023-02-06,9209
2906,高林,5,0,5,凱基-岡山,2023-02-06,9209
2888,新光金,327,0,327,凱基-岡山,2023-02-07,9209
4114,健喬,78,11,67,凱基-岡山,2023-02-07,9209
3062,建漢,41,0,41,凱基-岡山,2023-02-07,9209
00878,國泰永續高股息,35,2,33,凱基-岡山,2023-02-07,9209
2881,富邦金,26,0,26,凱基-岡山,2023-02-07,9209
6548,長科*,25,1,24,凱基-岡山,2023-02-07,9209
2206,三陽工業,22,0,22,凱基-岡山,2023-02-07,9209
2887,台新金,21,0,21,凱基-岡山,2023-02-07,9209
2889,國票金,21,0,21,凱基-岡山,2023-02-07,9209
2891,中信金,18,0,18,凱基-岡山,2023-02-07,9209
00715L,期街口布蘭特正2,17,0,17,凱基-岡山,2023-02-07,9209
6282,康舒,20,5,15,凱基-岡山,2023-02-07,9209
2344,華邦電,14,0,14,凱基-岡山,2023-02-07,9209
3035,智原,37,24,13,凱基-岡山,2023-02-07,9209
6770,力積電,13,0,13,凱基-岡山,2023-02-07,9209
6109,亞元,11,0,11,凱基-岡山,2023-02-07,9209
00680L,元大美債20正2,10,0,10,凱基-岡山,2023-02-07,9209
1314,中石化,10,0,10,凱基-岡山,2023-02-07,9209
2359,所羅門,10,0,10,凱基-岡山,2023-02-07,9209
6122,擎邦,10,0,10,凱基-岡山,2023-02-07,9209
2317,鴻海,9,0,9,凱基-岡山,2023-02-07,9209
2886,兆豐金,9,0,9,凱基-岡山,2023-02-07,9209
3046,建��,10,1,9,凱基-岡山,2023-02-07,9209
3268,海德威,9,0,9,凱基-岡山,2023-02-07,9209
1701,中化,9,1,8,凱基-岡山,2023-02-07,9209
3105,穩懋,8,0,8,凱基-岡山,2023-02-07,9209
4989,榮科,7,0,7,凱基-岡山,2023-02-07,9209
6180,橘子,8,1,7,凱基-岡山,2023-02-07,9209
0050,元大台灣50,6,0,6,凱基-岡山,2023-02-07,9209
00772B,中信高評級公司債,6,0,6,凱基-岡山,2023-02-07,9209
2027,大成鋼,7,1,6,凱基-岡山,2023-02-07,9209
2385,群光,6,0,6,凱基-岡山,2023-02-07,9209
2609,陽明,6,0,6,凱基-岡山,2023-02-07,9209
3521,鴻翊,6,0,6,凱基-岡山,2023-02-07,9209
6589,台康生技,8,2,6,凱基-岡山,2023-02-07,9209
00712,復華富時不動產,6,1,5,凱基-岡山,2023-02-07,9209
1301,台塑,5,0,5,凱基-岡山,2023-02-07,9209
1102,亞泥,5,0,5,凱基-岡山,2023-02-07,9209
00900,富邦特選高股息30,6,1,5,凱基-岡山,2023-02-07,9209
1443,立益物流,5,0,5,凱基-岡山,2023-02-07,9209
2243,宏旭-KY,6,1,5,凱基-岡山,2023-02-07,9209
2504,國產,7,2,5,凱基-岡山,2023-02-07,9209
2614,東森,5,0,5,凱基-岡山,2023-02-07,9209
2834,臺企銀,57,52,5,凱基-岡山,2023-02-07,9209
3498,陽程,5,0,5,凱基-岡山,2023-02-07,9209
3576,聯合再生,6,1,5,凱基-岡山,2023-02-07,9209
5880,合庫金,6,1,5,凱基-岡山,2023-02-07,9209
6220,岳豐,5,0,5,凱基-岡山,2023-02-07,9209
8182,加高,5,0,5,凱基-岡山,2023-02-07,9209
00916,國泰全球品牌50,5,0,5,凱基-岡山,2023-02-07,9209
4114,健喬,78,4,74,凱基-岡山,2023-02-08,9209
3707,漢磊,62,2,60,凱基-岡山,2023-02-08,9209
00878,國泰永續高股息,60,5,55,凱基-岡山,2023-02-08,9209
00632R,元大台灣50反1,119,71,48,凱基-岡山,2023-02-08,9209
3268,海德威,46,0,46,凱基-岡山,2023-02-08,9209
6411,晶焱,33,3,30,凱基-岡山,2023-02-08,9209
2618,長榮航,39,10,29,凱基-岡山,2023-02-08,9209
2009,第一銅,30,3,27,凱基-岡山,2023-02-08,9209
3062,建漢,28,1,27,凱基-岡山,2023-02-08,9209
3596,智易,26,1,25,凱基-岡山,2023-02-08,9209
6109,亞元,24,0,24,凱基-岡山,2023-02-08,9209
00673R,期元大S＆P原油反1,20,0,20,凱基-岡山,2023-02-08,9209
1783,和康生,17,1,16,凱基-岡山,2023-02-08,9209
2385,群光,16,0,16,凱基-岡山,2023-02-08,9209
2369,菱生,14,0,14,凱基-岡山,2023-02-08,9209
6125,廣運,14,0,14,凱基-岡山,2023-02-08,9209
6443,元晶,16,2,14,凱基-岡山,2023-02-08,9209
6415,矽力*-KY,13,0,13,凱基-岡山,2023-02-08,9209
6282,康舒,11,0,11,凱基-岡山,2023-02-08,9209
3105,穩懋,13,2,11,凱基-岡山,2023-02-08,9209
8050,廣積,14,3,11,凱基-岡山,2023-02-08,9209
1101,台泥,11,0,11,凱基-岡山,2023-02-08,9209
5351,鈺創,12,1,11,凱基-岡山,2023-02-08,9209
00902,中信電池及儲能,10,0,10,凱基-岡山,2023-02-08,9209
00898,國泰基因免疫革命,10,0,10,凱基-岡山,2023-02-08,9209
2329,華泰,10,0,10,凱基-岡山,2023-02-08,9209
2614,東森,15,5,10,凱基-岡山,2023-02-08,9209
4107,邦特,10,0,10,凱基-岡山,2023-02-08,9209
4931,新盛力,10,0,10,凱基-岡山,2023-02-08,9209
4979,華星光,15,5,10,凱基-岡山,2023-02-08,9209
5014,建錩,11,1,10,凱基-岡山,2023-02-08,9209
00772B,中信高評級公司債,9,0,9,凱基-岡山,2023-02-08,9209
3297,杭特,9,0,9,凱基-岡山,2023-02-08,9209
6770,力積電,9,0,9,凱基-岡山,2023-02-08,9209
5388,中磊,8,0,8,凱基-岡山,2023-02-08,9209
8086,宏捷科,8,0,8,凱基-岡山,2023-02-08,9209
00903,富邦元宇宙,8,0,8,凱基-岡山,2023-02-08,9209
00720B,元大投資級公司債,8,0,8,凱基-岡山,2023-02-08,9209
2883,凱基金,8,0,8,凱基-岡山,2023-02-08,9209
2340,台亞,7,0,7,凱基-岡山,2023-02-08,9209
2358,廷鑫,7,0,7,凱基-岡山,2023-02-08,9209
2364,倫飛,7,0,7,凱基-岡山,2023-02-08,9209
2368,金像電,7,0,7,凱基-岡山,2023-02-08,9209
3042,晶技,7,0,7,凱基-岡山,2023-02-08,9209
8215,明基材,11,4,7,凱基-岡山,2023-02-08,9209
2337,旺宏,12,6,6,凱基-岡山,2023-02-08,9209
2405,輔信,6,0,6,凱基-岡山,2023-02-08,9209
2504,國產,10,4,6,凱基-岡山,2023-02-08,9209
3006,晶豪科,7,1,6,凱基-岡山,2023-02-08,9209
3047,訊舟,6,0,6,凱基-岡山,2023-02-08,9209
2401,凌陽,92,16,76,凱基-岡山,2023-02-09,9209
00905,FT臺灣Smart,70,5,65,凱基-岡山,2023-02-09,9209
00632R,元大台灣50反1,65,0,65,凱基-岡山,2023-02-09,9209
00878,國泰永續高股息,48,1,47,凱基-岡山,2023-02-09,9209
00900,富邦特選高股息30,33,0,33,凱基-岡山,2023-02-09,9209
2867,三商壽,32,0,32,凱基-岡山,2023-02-09,9209
3062,建漢,21,0,21,凱基-岡山,2023-02-09,9209
0056,元大高股息,21,0,21,凱基-岡山,2023-02-09,9209
2388,威盛,25,5,20,凱基-岡山,2023-02-09,9209
4707,磐亞,20,0,20,凱基-岡山,2023-02-09,9209
3297,杭特,15,0,15,凱基-岡山,2023-02-09,9209
2736,富野,13,0,13,凱基-岡山,2023-02-09,9209
2618,長榮航,16,4,12,凱基-岡山,2023-02-09,9209
00902,中信電池及儲能,10,0,10,凱基-岡山,2023-02-09,9209
00673R,期元大S＆P原油反1,10,0,10,凱基-岡山,2023-02-09,9209
00680L,元大美債20正2,10,0,10,凱基-岡山,2023-02-09,9209
00770,國泰北美科技,10,0,10,凱基-岡山,2023-02-09,9209
6227,茂綸,11,1,10,凱基-岡山,2023-02-09,9209
6770,力積電,18,8,10,凱基-岡山,2023-02-09,9209
1316,上曜,14,5,9,凱基-岡山,2023-02-09,9209
6488,環球晶,10,1,9,凱基-岡山,2023-02-09,9209
00720B,元大投資級公司債,8,0,8,凱基-岡山,2023-02-09,9209
00885,富邦越南,10,2,8,凱基-岡山,2023-02-09,9209
00891,中信關鍵半導體,8,0,8,凱基-岡山,2023-02-09,9209
00653L,富邦印度正2,8,0,8,凱基-岡山,2023-02-09,9209
2413,環科,8,0,8,凱基-岡山,2023-02-09,9209
3059,華晶科,8,0,8,凱基-岡山,2023-02-09,9209
00712,復華富時不動產,8,1,7,凱基-岡山,2023-02-09,9209
3141,晶宏,7,1,6,凱基-岡山,2023-02-09,9209
2303,聯電,21,15,6,凱基-岡山,2023-02-09,9209
2359,所羅門,13,7,6,凱基-岡山,2023-02-09,9209
6245,立端,12,6,6,凱基-岡山,2023-02-09,9209
6689,伊雲谷,6,0,6,凱基-岡山,2023-02-09,9209
6235,華孚,7,2,5,凱基-岡山,2023-02-09,9209
3454,晶睿,5,0,5,凱基-岡山,2023-02-09,9209
1303,南亞,5,0,5,凱基-岡山,2023-02-09,9209
00894,中信小資高價30,15,10,5,凱基-岡山,2023-02-09,9209
2006,東和鋼鐵,5,0,5,凱基-岡山,2023-02-09,9209
2314,台揚,5,0,5,凱基-岡山,2023-02-09,9209
2465,麗臺,6,1,5,凱基-岡山,2023-02-09,9209
2607,榮運,23,18,5,凱基-岡山,2023-02-09,9209
2882,國泰金,5,0,5,凱基-岡山,2023-02-09,9209
2883,凱基金,6,1,5,凱基-岡山,2023-02-09,9209
6202,盛群,5,0,5,凱基-岡山,2023-02-09,9209
8171,天宇,5,0,5,凱基-岡山,2023-02-09,9209
8476,台境*,5,0,5,凱基-岡山,2023-02-09,9209
00679B,元大美債20年,5,0,5,凱基-岡山,2023-02-09,9209
2327,國巨,4,0,4,凱基-岡山,2023-02-09,9209
3035,智原,61,57,4,凱基-岡山,2023-02-09,9209
1513,中興電,14,10,4,凱基-岡山,2023-02-09,9209
2888,新光金,1667,0,1667,凱基-岡山,2023-02-10,9209
00878,國泰永續高股息,78,3,75,凱基-岡山,2023-02-10,9209
00905,FT臺灣Smart,60,0,60,凱基-岡山,2023-02-10,9209
00632R,元大台灣50反1,55,0,55,凱基-岡山,2023-02-10,9209
5258,虹堡,51,1,50,凱基-岡山,2023-02-10,9209
3494,誠研,50,2,48,凱基-岡山,2023-02-10,9209
00664R,國泰臺灣加權反1,30,0,30,凱基-岡山,2023-02-10,9209
5227,立凱-KY,29,0,29,凱基-岡山,2023-02-10,9209
1605,華新,29,1,28,凱基-岡山,2023-02-10,9209
2344,華邦電,48,20,28,凱基-岡山,2023-02-10,9209
2889,國票金,26,0,26,凱基-岡山,2023-02-10,9209
0056,元大高股息,23,0,23,凱基-岡山,2023-02-10,9209
6116,彩晶,18,1,17,凱基-岡山,2023-02-10,9209
6770,力積電,16,0,16,凱基-岡山,2023-02-10,9209
00902,中信電池及儲能,15,0,15,凱基-岡山,2023-02-10,9209
3374,精材,16,1,15,凱基-岡山,2023-02-10,9209
8069,元太,25,10,15,凱基-岡山,2023-02-10,9209
00916,國泰全球品牌50,15,0,15,凱基-岡山,2023-02-10,9209
00679B,元大美債20年,15,1,14,凱基-岡山,2023-02-10,9209
1584,精剛,24,10,14,凱基-岡山,2023-02-10,9209
2610,華航,12,0,12,凱基-岡山,2023-02-10,9209
1316,上曜,18,6,12,凱基-岡山,2023-02-10,9209
00712,復華富時不動產,11,0,11,凱基-岡山,2023-02-10,9209
3481,群創,12,1,11,凱基-岡山,2023-02-10,9209
00898,國泰基因免疫革命,10,0,10,凱基-岡山,2023-02-10,9209
1104,環泥,10,0,10,凱基-岡山,2023-02-10,9209
1513,中興電,19,9,10,凱基-岡山,2023-02-10,9209
2607,榮運,10,0,10,凱基-岡山,2023-02-10,9209
2832,台產,10,0,10,凱基-岡山,2023-02-10,9209
3027,盛達,10,0,10,凱基-岡山,2023-02-10,9209
6266,泰詠,12,2,10,凱基-岡山,2023-02-10,9209
8043,蜜望實,10,0,10,凱基-岡山,2023-02-10,9209
2002,中鋼,9,0,9,凱基-岡山,2023-02-10,9209
6125,廣運,10,1,9,凱基-岡山,2023-02-10,9209
6509,聚和,10,1,9,凱基-岡山,2023-02-10,9209
4130,健亞,8,0,8,凱基-岡山,2023-02-10,9209
2007,燁興,7,0,7,凱基-岡山,2023-02-10,9209
2342,茂矽,7,0,7,凱基-岡山,2023-02-10,9209
3594,磐儀,11,4,7,凱基-岡山,2023-02-10,9209
2006,東和鋼鐵,6,0,6,凱基-岡山,2023-02-10,9209
2367,燿華,14,8,6,凱基-岡山,2023-02-10,9209
2484,希華,6,0,6,凱基-岡山,2023-02-10,9209
6719,力智,7,1,6,凱基-岡山,2023-02-10,9209
6182,合晶,9,3,6,凱基-岡山,2023-02-10,9209
3105,穩懋,6,1,5,凱基-岡山,2023-02-10,9209
1102,亞泥,5,0,5,凱基-岡山,2023-02-10,9209
00885,富邦越南,5,0,5,凱基-岡山,2023-02-10,9209
1304,台聚,6,1,5,凱基-岡山,2023-02-10,9209
1439,雋揚,5,0,5,凱基-岡山,2023-02-10,9209
1783,和康生,5,0,5,凱基-岡山,2023-02-10,9209
00878,國泰永續高股息,192,3,189,凱基-岡山,2023-02-13,9209
1217,愛之味,31,0,31,凱基-岡山,2023-02-13,9209
00905,FT臺灣Smart,31,0,31,凱基-岡山,2023-02-13,9209
2609,陽明,54,24,30,凱基-岡山,2023-02-13,9209
3710,連展投控,30,0,30,凱基-岡山,2023-02-13,9209
00673R,期元大S＆P原油反1,28,0,28,凱基-岡山,2023-02-13,9209
2409,友達,28,2,26,凱基-岡山,2023-02-13,9209
2881,富邦金,21,0,21,凱基-岡山,2023-02-13,9209
1734,杏輝,17,0,17,凱基-岡山,2023-02-13,9209
4979,華星光,37,21,16,凱基-岡山,2023-02-13,9209
00671R,富邦NASDAQ反1,15,0,15,凱基-岡山,2023-02-13,9209
1447,力鵬,15,0,15,凱基-岡山,2023-02-13,9209
2888,新光金,13,0,13,凱基-岡山,2023-02-13,9209
1444,力麗,12,0,12,凱基-岡山,2023-02-13,9209
2332,友訊,14,2,12,凱基-岡山,2023-02-13,9209
5351,鈺創,12,0,12,凱基-岡山,2023-02-13,9209
00720B,元大投資級公司債,11,0,11,凱基-岡山,2023-02-13,9209
6188,廣明,11,0,11,凱基-岡山,2023-02-13,9209
2303,聯電,12,2,10,凱基-岡山,2023-02-13,9209
2236,百達-KY,13,3,10,凱基-岡山,2023-02-13,9209
2498,宏達電,13,3,10,凱基-岡山,2023-02-13,9209
2812,台中銀,10,0,10,凱基-岡山,2023-02-13,9209
3483,力致,10,0,10,凱基-岡山,2023-02-13,9209
6770,力積電,15,5,10,凱基-岡山,2023-02-13,9209
8409,商之器,10,0,10,凱基-岡山,2023-02-13,9209
00679B,元大美債20年,9,1,8,凱基-岡山,2023-02-13,9209
3520,華盈,8,0,8,凱基-岡山,2023-02-13,9209
1101,台泥,11,4,7,凱基-岡山,2023-02-13,9209
6235,華孚,11,4,7,凱基-岡山,2023-02-13,9209
0056,元大高股息,6,0,6,凱基-岡山,2023-02-13,9209
1701,中化,16,10,6,凱基-岡山,2023-02-13,9209
8905,裕國,6,0,6,凱基-岡山,2023-02-13,9209
00902,中信電池及儲能,5,0,5,凱基-岡山,2023-02-13,9209
1540,喬福,5,0,5,凱基-岡山,2023-02-13,9209
2359,所羅門,5,0,5,凱基-岡山,2023-02-13,9209
2367,燿華,5,0,5,凱基-岡山,2023-02-13,9209
2882,國泰金,5,0,5,凱基-岡山,2023-02-13,9209
4931,新盛力,5,0,5,凱基-岡山,2023-02-13,9209
00919,群益台灣精選高息,4,0,4,凱基-岡山,2023-02-13,9209
00753L,中信中國50正2,4,0,4,凱基-岡山,2023-02-13,9209
00632R,元大台灣50反1,4,0,4,凱基-岡山,2023-02-13,9209
00680L,元大美債20正2,4,0,4,凱基-岡山,2023-02-13,9209
1336,台翰,4,0,4,凱基-岡山,2023-02-13,9209
3033,威健,4,0,4,凱基-岡山,2023-02-13,9209
3466,德晉,4,0,4,凱基-岡山,2023-02-13,9209
5608,四維航,8,4,4,凱基-岡山,2023-02-13,9209
6111,大宇資,4,0,4,凱基-岡山,2023-02-13,9209
6182,合晶,5,1,4,凱基-岡山,2023-02-13,9209
8222,寶一,17,13,4,凱基-岡山,2023-02-13,9209
9136,巨騰-DR,4,0,4,凱基-岡山,2023-02-13,9209
00632R,元大台灣50反1,213,0,213,凱基-岡山,2023-02-14,9209
00878,國泰永續高股息,64,6,58,凱基-岡山,2023-02-14,9209
2618,長榮航,45,5,40,凱基-岡山,2023-02-14,9209
00892,富邦台灣半導體,31,1,30,凱基-岡山,2023-02-14,9209
1718,中纖,30,0,30,凱基-岡山,2023-02-14,9209
2897,王道銀行,30,0,30,凱基-岡山,2023-02-14,9209
1217,愛之味,30,1,29,凱基-岡山,2023-02-14,9209
2344,華邦電,20,0,20,凱基-岡山,2023-02-14,9209
00903,富邦元宇宙,20,0,20,凱基-岡山,2023-02-14,9209
3594,磐儀,20,2,18,凱基-岡山,2023-02-14,9209
1522,堤維西,17,0,17,凱基-岡山,2023-02-14,9209
00882,中信中國高股息,16,0,16,凱基-岡山,2023-02-14,9209
3272,東碩,24,9,15,凱基-岡山,2023-02-14,9209
3710,連展投控,13,0,13,凱基-岡山,2023-02-14,9209
2603,長榮,20,7,13,凱基-岡山,2023-02-14,9209
2312,金寶,12,0,12,凱基-岡山,2023-02-14,9209
5258,虹堡,11,0,11,凱基-岡山,2023-02-14,9209
8050,廣積,11,0,11,凱基-岡山,2023-02-14,9209
2890,永豐金,10,0,10,凱基-岡山,2023-02-14,9209
3045,台灣大,10,0,10,凱基-岡山,2023-02-14,9209
3390,旭軟,10,0,10,凱基-岡山,2023-02-14,9209
3035,智原,50,41,9,凱基-岡山,2023-02-14,9209
6443,元晶,10,1,9,凱基-岡山,2023-02-14,9209
2027,大成鋼,8,0,8,凱基-岡山,2023-02-14,9209
5410,國眾,15,7,8,凱基-岡山,2023-02-14,9209
2002,中鋼,13,5,8,凱基-岡山,2023-02-14,9209
1605,華新,8,1,7,凱基-岡山,2023-02-14,9209
2883,凱基金,7,0,7,凱基-岡山,2023-02-14,9209
8105,凌巨,8,1,7,凱基-岡山,2023-02-14,9209
4743,合一,8,1,7,凱基-岡山,2023-02-14,9209
00780B,國泰A級金融債,6,0,6,凱基-岡山,2023-02-14,9209
00725B,國泰投資級公司債,6,0,6,凱基-岡山,2023-02-14,9209
00637L,元大滬深300正2,6,0,6,凱基-岡山,2023-02-14,9209
1304,台聚,6,0,6,凱基-岡山,2023-02-14,9209
2314,台揚,10,4,6,凱基-岡山,2023-02-14,9209
4979,華星光,8,2,6,凱基-岡山,2023-02-14,9209
5222,全訊,6,0,6,凱基-岡山,2023-02-14,9209
6411,晶焱,8,2,6,凱基-岡山,2023-02-14,9209
00915,凱基優選高股息30,10,5,5,凱基-岡山,2023-02-14,9209
00673R,期元大S＆P原油反1,5,0,5,凱基-岡山,2023-02-14,9209
1308,亞聚,5,0,5,凱基-岡山,2023-02-14,9209
2388,威盛,6,1,5,凱基-岡山,2023-02-14,9209
2497,怡利電,5,0,5,凱基-岡山,2023-02-14,9209
3322,建舜電,5,0,5,凱基-岡山,2023-02-14,9209
5203,訊連,6,1,5,凱基-岡山,2023-02-14,9209
6180,橘子,7,2,5,凱基-岡山,2023-02-14,9209
00888,永豐台灣ESG,4,0,4,凱基-岡山,2023-02-14,9209
3264,欣銓,4,0,4,凱基-岡山,2023-02-14,9209
4536,拓凱,6,2,4,凱基-岡山,2023-02-14,9209
6104,創惟,6,2,4,凱基-岡山,2023-02-14,9209
00878,國泰永續高股息,167,28,139,凱基-岡山,2023-02-15,9209
00664R,國泰臺灣加權反1,50,0,50,凱基-岡山,2023-02-15,9209
00905,FT臺灣Smart,36,0,36,凱基-岡山,2023-02-15,9209
00773B,中信優先金融債,30,0,30,凱基-岡山,2023-02-15,9209
3058,立德,30,0,30,凱基-岡山,2023-02-15,9209
2409,友達,41,12,29,凱基-岡山,2023-02-15,9209
2891,中信金,29,0,29,凱基-岡山,2023-02-15,9209
00673R,期元大S＆P原油反1,25,0,25,凱基-岡山,2023-02-15,9209
3227,原相,22,0,22,凱基-岡山,2023-02-15,9209
6589,台康生技,22,1,21,凱基-岡山,2023-02-15,9209
8349,�矬�,20,0,20,凱基-岡山,2023-02-15,9209
00891,中信關鍵半導體,19,0,19,凱基-岡山,2023-02-15,9209
2330,台積電,28,10,18,凱基-岡山,2023-02-15,9209
3707,漢磊,21,5,16,凱基-岡山,2023-02-15,9209
2884,玉山金,15,0,15,凱基-岡山,2023-02-15,9209
0050,元大台灣50,13,0,13,凱基-岡山,2023-02-15,9209
2820,華票,12,0,12,凱基-岡山,2023-02-15,9209
2401,凌陽,11,0,11,凱基-岡山,2023-02-15,9209
6411,晶焱,17,7,10,凱基-岡山,2023-02-15,9209
00683L,期元大美元指正2,10,0,10,凱基-岡山,2023-02-15,9209
00890B,凱基ESG BBB債,10,0,10,凱基-岡山,2023-02-15,9209
2388,威盛,10,0,10,凱基-岡山,2023-02-15,9209
3006,晶豪科,11,1,10,凱基-岡山,2023-02-15,9209
5309,系統電,11,1,10,凱基-岡山,2023-02-15,9209
5410,國眾,10,0,10,凱基-岡山,2023-02-15,9209
5508,永信建,10,0,10,凱基-岡山,2023-02-15,9209
6266,泰詠,10,0,10,凱基-岡山,2023-02-15,9209
2892,第一金,9,0,9,凱基-岡山,2023-02-15,9209
1701,中化,10,1,9,凱基-岡山,2023-02-15,9209
3576,聯合再生,9,1,8,凱基-岡山,2023-02-15,9209
6282,康舒,10,2,8,凱基-岡山,2023-02-15,9209
2314,台揚,6,0,6,凱基-岡山,2023-02-15,9209
2610,華航,7,1,6,凱基-岡山,2023-02-15,9209
2834,臺企銀,7,1,6,凱基-岡山,2023-02-15,9209
3141,晶宏,6,0,6,凱基-岡山,2023-02-15,9209
00882,中信中國高股息,5,0,5,凱基-岡山,2023-02-15,9209
00671R,富邦NASDAQ反1,5,0,5,凱基-岡山,2023-02-15,9209
1522,堤維西,5,0,5,凱基-岡山,2023-02-15,9209
2359,所羅門,5,0,5,凱基-岡山,2023-02-15,9209
2890,永豐金,5,0,5,凱基-岡山,2023-02-15,9209
3047,訊舟,5,0,5,凱基-岡山,2023-02-15,9209
3673,TPK-KY,5,0,5,凱基-岡山,2023-02-15,9209
6285,啟��,5,0,5,凱基-岡山,2023-02-15,9209
8996,高力,8,3,5,凱基-岡山,2023-02-15,9209
6488,環球晶,4,0,4,凱基-岡山,2023-02-15,9209
2912,統一超,4,0,4,凱基-岡山,2023-02-15,9209
00885,富邦越南,4,0,4,凱基-岡山,2023-02-15,9209
00919,群益台灣精選高息,4,0,4,凱基-岡山,2023-02-15,9209
1736,喬山,4,0,4,凱基-岡山,2023-02-15,9209
2002,中鋼,12,8,4,凱基-岡山,2023-02-15,9209
2409,友達,241,16,225,凱基-岡山,2023-02-16,9209
00878,國泰永續高股息,107,0,107,凱基-岡山,2023-02-16,9209
00632R,元大台灣50反1,90,25,65,凱基-岡山,2023-02-16,9209
1218,泰山,37,0,37,凱基-岡山,2023-02-16,9209
1783,和康生,20,0,20,凱基-岡山,2023-02-16,9209
4155,訊映,20,0,20,凱基-岡山,2023-02-16,9209
8215,明基材,20,0,20,凱基-岡山,2023-02-16,9209
3037,欣興,25,7,18,凱基-岡山,2023-02-16,9209
2486,一詮,17,1,16,凱基-岡山,2023-02-16,9209
1519,華城,11,0,11,凱基-岡山,2023-02-16,9209
00894,中信小資高價30,16,5,11,凱基-岡山,2023-02-16,9209
2702,華園,11,0,11,凱基-岡山,2023-02-16,9209
00896,中信綠能及電動車,10,0,10,凱基-岡山,2023-02-16,9209
00773B,中信優先金融債,10,0,10,凱基-岡山,2023-02-16,9209
00892,富邦台灣半導體,10,0,10,凱基-岡山,2023-02-16,9209
1909,榮成,20,10,10,凱基-岡山,2023-02-16,9209
2023,燁輝,10,0,10,凱基-岡山,2023-02-16,9209
2385,群光,10,0,10,凱基-岡山,2023-02-16,9209
2498,宏達電,11,1,10,凱基-岡山,2023-02-16,9209
6548,長科*,11,1,10,凱基-岡山,2023-02-16,9209
3149,正達,9,0,9,凱基-岡山,2023-02-16,9209
00692,富邦公司治理,8,0,8,凱基-岡山,2023-02-16,9209
1316,上曜,14,6,8,凱基-岡山,2023-02-16,9209
1503,士電,13,5,8,凱基-岡山,2023-02-16,9209
1604,聲寶,8,0,8,凱基-岡山,2023-02-16,9209
2103,台橡,8,0,8,凱基-岡山,2023-02-16,9209
2617,台航,8,0,8,凱基-岡山,2023-02-16,9209
2834,臺企銀,10,2,8,凱基-岡山,2023-02-16,9209
1795,美時,10,3,7,凱基-岡山,2023-02-16,9209
2014,中鴻,69,62,7,凱基-岡山,2023-02-16,9209
2107,厚生,7,0,7,凱基-岡山,2023-02-16,9209
00885,富邦越南,6,0,6,凱基-岡山,2023-02-16,9209
3576,聯合再生,6,0,6,凱基-岡山,2023-02-16,9209
00679B,元大美債20年,5,0,5,凱基-岡山,2023-02-16,9209
1268,漢來美食,5,0,5,凱基-岡山,2023-02-16,9209
2323,中環,5,0,5,凱基-岡山,2023-02-16,9209
2364,倫飛,5,0,5,凱基-岡山,2023-02-16,9209
3022,威強電,5,0,5,凱基-岡山,2023-02-16,9209
3290,東浦,9,4,5,凱基-岡山,2023-02-16,9209
3508,位速,5,0,5,凱基-岡山,2023-02-16,9209
3511,矽瑪,5,0,5,凱基-岡山,2023-02-16,9209
3557,嘉威,5,0,5,凱基-岡山,2023-02-16,9209
5706,鳳凰,5,0,5,凱基-岡山,2023-02-16,9209
8086,宏捷科,5,0,5,凱基-岡山,2023-02-16,9209
2886,兆豐金,5,1,4,凱基-岡山,2023-02-16,9209
00772B,中信高評級公司債,4,0,4,凱基-岡山,2023-02-16,9209
00893,國泰智能電動車,12,8,4,凱基-岡山,2023-02-16,9209
00902,中信電池及儲能,5,1,4,凱基-岡山,2023-02-16,9209
1609,大亞,8,4,4,凱基-岡山,2023-02-16,9209
3042,晶技,4,0,4,凱基-岡山,2023-02-16,9209
00664R,國泰臺灣加權反1,50,0,50,凱基-岡山,2023-02-17,9209
4961,天鈺,60,21,39,凱基-岡山,2023-02-17,9209
2618,長榮航,44,14,30,凱基-岡山,2023-02-17,9209
2891,中信金,40,10,30,凱基-岡山,2023-02-17,9209
00679B,元大美債20年,21,2,19,凱基-岡山,2023-02-17,9209
2034,允強,17,1,16,凱基-岡山,2023-02-17,9209
00673R,期元大S＆P原油反1,15,0,15,凱基-岡山,2023-02-17,9209
2610,華航,57,42,15,凱基-岡山,2023-02-17,9209
3037,欣興,17,4,13,凱基-岡山,2023-02-17,9209
4114,健喬,13,0,13,凱基-岡山,2023-02-17,9209
6411,晶焱,40,27,13,凱基-岡山,2023-02-17,9209
2606,裕民,12,0,12,凱基-岡山,2023-02-17,9209
2888,新光金,12,0,12,凱基-岡山,2023-02-17,9209
2330,台積電,13,1,12,凱基-岡山,2023-02-17,9209
2465,麗臺,11,0,11,凱基-岡山,2023-02-17,9209
3707,漢磊,11,0,11,凱基-岡山,2023-02-17,9209
4960,誠美材,11,0,11,凱基-岡山,2023-02-17,9209
00720B,元大投資級公司債,11,1,10,凱基-岡山,2023-02-17,9209
00893,國泰智能電動車,10,0,10,凱基-岡山,2023-02-17,9209
00903,富邦元宇宙,10,0,10,凱基-岡山,2023-02-17,9209
2883B,凱基金乙特,10,0,10,凱基-岡山,2023-02-17,9209
5864,致和證,10,0,10,凱基-岡山,2023-02-17,9209
00902,中信電池及儲能,10,0,10,凱基-岡山,2023-02-17,9209
4979,華星光,22,13,9,凱基-岡山,2023-02-17,9209
00773B,中信優先金融債,10,1,9,凱基-岡山,2023-02-17,9209
00878,國泰永續高股息,29,21,8,凱基-岡山,2023-02-17,9209
1605,華新,20,12,8,凱基-岡山,2023-02-17,9209
00751B,元大AAA至A公司債,7,0,7,凱基-岡山,2023-02-17,9209
3711,日月光投控,7,0,7,凱基-岡山,2023-02-17,9209
5251,天鉞電,7,0,7,凱基-岡山,2023-02-17,9209
2634,漢翔,12,6,6,凱基-岡山,2023-02-17,9209
00671R,富邦NASDAQ反1,5,0,5,凱基-岡山,2023-02-17,9209
00637L,元大滬深300正2,9,4,5,凱基-岡山,2023-02-17,9209
1303,南亞,5,0,5,凱基-岡山,2023-02-17,9209
1609,大亞,8,3,5,凱基-岡山,2023-02-17,9209
2481,強茂,5,0,5,凱基-岡山,2023-02-17,9209
2497,怡利電,7,2,5,凱基-岡山,2023-02-17,9209
2547,日勝生,5,0,5,凱基-岡山,2023-02-17,9209
2617,台航,5,0,5,凱基-岡山,2023-02-17,9209
6187,萬潤,5,0,5,凱基-岡山,2023-02-17,9209
2882,國泰金,6,1,5,凱基-岡山,2023-02-17,9209
0050,元大台灣50,6,1,5,凱基-岡山,2023-02-17,9209
00916,國泰全球品牌50,5,0,5,凱基-岡山,2023-02-17,9209
00772B,中信高評級公司債,4,0,4,凱基-岡山,2023-02-17,9209
00760B,復華新興企業債,4,0,4,凱基-岡山,2023-02-17,9209
2317,鴻海,17,13,4,凱基-岡山,2023-02-17,9209
2495,普安,4,0,4,凱基-岡山,2023-02-17,9209
3217,優群,4,0,4,凱基-岡山,2023-02-17,9209
6116,彩晶,14,10,4,凱基-岡山,2023-02-17,9209
6552,易華電,4,0,4,凱基-岡山,2023-02-17,9209
2881,富邦金,50,1,49,凱基-岡山,2023-02-20,9209
00902,中信電池及儲能,33,0,33,凱基-岡山,2023-02-20,9209
2892,第一金,31,4,27,凱基-岡山,2023-02-20,9209
1783,和康生,26,4,22,凱基-岡山,2023-02-20,9209
2867,三商壽,21,0,21,凱基-岡山,2023-02-20,9209
00671R,富邦NASDAQ反1,20,0,20,凱基-岡山,2023-02-20,9209
2367,燿華,23,3,20,凱基-岡山,2023-02-20,9209
2489,瑞軒,20,0,20,凱基-岡山,2023-02-20,9209
2023,燁輝,20,2,18,凱基-岡山,2023-02-20,9209
3141,晶宏,20,4,16,凱基-岡山,2023-02-20,9209
6770,力積電,13,0,13,凱基-岡山,2023-02-20,9209
00679B,元大美債20年,14,2,12,凱基-岡山,2023-02-20,9209
00905,FT臺灣Smart,12,0,12,凱基-岡山,2023-02-20,9209
1514,亞力,14,2,12,凱基-岡山,2023-02-20,9209
2618,長榮航,23,11,12,凱基-岡山,2023-02-20,9209
3576,聯合再生,14,2,12,凱基-岡山,2023-02-20,9209
4979,華星光,34,22,12,凱基-岡山,2023-02-20,9209
6116,彩晶,15,3,12,凱基-岡山,2023-02-20,9209
6266,泰詠,20,8,12,凱基-岡山,2023-02-20,9209
4128,中天,13,1,12,凱基-岡山,2023-02-20,9209
00903,富邦元宇宙,10,0,10,凱基-岡山,2023-02-20,9209
1101,台泥,10,0,10,凱基-岡山,2023-02-20,9209
2034,允強,10,0,10,凱基-岡山,2023-02-20,9209
2204,中華,10,0,10,凱基-岡山,2023-02-20,9209
4116,明基醫,10,0,10,凱基-岡山,2023-02-20,9209
5608,四維航,10,0,10,凱基-岡山,2023-02-20,9209
1584,精剛,9,0,9,凱基-岡山,2023-02-20,9209
1612,宏泰,9,0,9,凱基-岡山,2023-02-20,9209
1618,合機,9,0,9,凱基-岡山,2023-02-20,9209
2515,中工,10,1,9,凱基-岡山,2023-02-20,9209
3707,漢磊,9,0,9,凱基-岡山,2023-02-20,9209
6115,鎰勝,10,1,9,凱基-岡山,2023-02-20,9209
00688L,國泰20年美債正2,8,0,8,凱基-岡山,2023-02-20,9209
3520,華盈,8,0,8,凱基-岡山,2023-02-20,9209
4536,拓凱,9,1,8,凱基-岡山,2023-02-20,9209
6125,廣運,10,2,8,凱基-岡山,2023-02-20,9209
00753L,中信中國50正2,7,0,7,凱基-岡山,2023-02-20,9209
00894,中信小資高價30,10,3,7,凱基-岡山,2023-02-20,9209
3322,建舜電,7,0,7,凱基-岡山,2023-02-20,9209
3710,連展投控,7,0,7,凱基-岡山,2023-02-20,9209
5351,鈺創,10,3,7,凱基-岡山,2023-02-20,9209
6470,宇智,7,0,7,凱基-岡山,2023-02-20,9209
8215,明基材,12,5,7,凱基-岡山,2023-02-20,9209
9941,裕融,7,0,7,凱基-岡山,2023-02-20,9209
1605,華新,55,48,7,凱基-岡山,2023-02-20,9209
00882,中信中國高股息,8,1,7,凱基-岡山,2023-02-20,9209
1513,中興電,38,32,6,凱基-岡山,2023-02-20,9209
2634,漢翔,7,1,6,凱基-岡山,2023-02-20,9209
1218,泰山,6,0,6,凱基-岡山,2023-02-20,9209
2340,台亞,7,1,6,凱基-岡山,2023-02-20,9209
2002,中鋼,160,6,154,凱基-岡山,2023-02-21,9209
00878,國泰永續高股息,47,3,44,凱基-岡山,2023-02-21,9209
8936,國統,37,0,37,凱基-岡山,2023-02-21,9209
2884,玉山金,45,19,26,凱基-岡山,2023-02-21,9209
6770,力積電,24,1,23,凱基-岡山,2023-02-21,9209
00772B,中信高評級公司債,21,0,21,凱基-岡山,2023-02-21,9209
3047,訊舟,16,0,16,凱基-岡山,2023-02-21,9209
3707,漢磊,16,1,15,凱基-岡山,2023-02-21,9209
4968,立積,20,5,15,凱基-岡山,2023-02-21,9209
4967,十銓,13,1,12,凱基-岡山,2023-02-21,9209
00680L,元大美債20正2,11,0,11,凱基-岡山,2023-02-21,9209
2867,三商壽,21,10,11,凱基-岡山,2023-02-21,9209
8222,寶一,15,4,11,凱基-岡山,2023-02-21,9209
1810,和成,11,1,10,凱基-岡山,2023-02-21,9209
3499,環天科,10,0,10,凱基-岡山,2023-02-21,9209
6179,亞通,10,0,10,凱基-岡山,2023-02-21,9209
1513,中興電,22,13,9,凱基-岡山,2023-02-21,9209
8105,凌巨,9,0,9,凱基-岡山,2023-02-21,9209
8443,阿瘦,9,0,9,凱基-岡山,2023-02-21,9209
00637L,元大滬深300正2,10,2,8,凱基-岡山,2023-02-21,9209
1712,興農,8,0,8,凱基-岡山,2023-02-21,9209
3444,利機,9,1,8,凱基-岡山,2023-02-21,9209
00688L,國泰20年美債正2,7,0,7,凱基-岡山,2023-02-21,9209
2897,王道銀行,7,0,7,凱基-岡山,2023-02-21,9209
00753L,中信中國50正2,6,0,6,凱基-岡山,2023-02-21,9209
00696B,富邦美債20年,6,0,6,凱基-岡山,2023-02-21,9209
1475,業旺,6,0,6,凱基-岡山,2023-02-21,9209
2634,漢翔,9,3,6,凱基-岡山,2023-02-21,9209
4114,健喬,10,4,6,凱基-岡山,2023-02-21,9209
6282,康舒,19,13,6,凱基-岡山,2023-02-21,9209
1605,華新,9,4,5,凱基-岡山,2023-02-21,9209
2323,中環,5,0,5,凱基-岡山,2023-02-21,9209
2353,宏��,5,0,5,凱基-岡山,2023-02-21,9209
2413,環科,7,2,5,凱基-岡山,2023-02-21,9209
2617,台航,5,0,5,凱基-岡山,2023-02-21,9209
3037,欣興,12,7,5,凱基-岡山,2023-02-21,9209
3321,同泰,5,0,5,凱基-岡山,2023-02-21,9209
4119,旭富,5,0,5,凱基-岡山,2023-02-21,9209
4916,事欣科,5,0,5,凱基-岡山,2023-02-21,9209
5009,榮剛,5,0,5,凱基-岡山,2023-02-21,9209
5203,訊連,5,0,5,凱基-岡山,2023-02-21,9209
6517,保勝光學,6,1,5,凱基-岡山,2023-02-21,9209
00916,國泰全球品牌50,5,1,4,凱基-岡山,2023-02-21,9209
00882,中信中國高股息,4,0,4,凱基-岡山,2023-02-21,9209
1504,東元,4,0,4,凱基-岡山,2023-02-21,9209
2471,資通,6,2,4,凱基-岡山,2023-02-21,9209
2706,第一店,4,0,4,凱基-岡山,2023-02-21,9209
5258,虹堡,7,3,4,凱基-岡山,2023-02-21,9209
5519,隆大,4,0,4,凱基-岡山,2023-02-21,9209
6165,浪凡,4,0,4,凱基-岡山,2023-02-21,9209
00878,國泰永續高股息,85,0,85,凱基-岡山,2023-02-22,9209
00671R,富邦NASDAQ反1,70,0,70,凱基-岡山,2023-02-22,9209
2344,華邦電,52,6,46,凱基-岡山,2023-02-22,9209
4114,健喬,50,7,43,凱基-岡山,2023-02-22,9209
00632R,元大台灣50反1,90,50,40,凱基-岡山,2023-02-22,9209
3321,同泰,40,0,40,凱基-岡山,2023-02-22,9209
00725B,國泰投資級公司債,33,0,33,凱基-岡山,2023-02-22,9209
3037,欣興,34,7,27,凱基-岡山,2023-02-22,9209
2303,聯電,27,3,24,凱基-岡山,2023-02-22,9209
2889,國票金,20,0,20,凱基-岡山,2023-02-22,9209
1513,中興電,38,18,20,凱基-岡山,2023-02-22,9209
3419,譁裕,17,0,17,凱基-岡山,2023-02-22,9209
2603,長榮,20,5,15,凱基-岡山,2023-02-22,9209
00780B,國泰A級金融債,15,0,15,凱基-岡山,2023-02-22,9209
00669R,國泰美國道瓊反1,15,0,15,凱基-岡山,2023-02-22,9209
00905,FT臺灣Smart,15,0,15,凱基-岡山,2023-02-22,9209
5009,榮剛,17,3,14,凱基-岡山,2023-02-22,9209
00902,中信電池及儲能,14,0,14,凱基-岡山,2023-02-22,9209
2388,威盛,13,0,13,凱基-岡山,2023-02-22,9209
00680L,元大美債20正2,12,0,12,凱基-岡山,2023-02-22,9209
5309,系統電,13,1,12,凱基-岡山,2023-02-22,9209
8936,國統,15,3,12,凱基-岡山,2023-02-22,9209
2892,第一金,13,2,11,凱基-岡山,2023-02-22,9209
6548,長科*,11,0,11,凱基-岡山,2023-02-22,9209
8076,伍豐,11,0,11,凱基-岡山,2023-02-22,9209
00773B,中信優先金融債,10,0,10,凱基-岡山,2023-02-22,9209
3011,今皓,10,0,10,凱基-岡山,2023-02-22,9209
4979,華星光,11,1,10,凱基-岡山,2023-02-22,9209
6220,岳豐,10,0,10,凱基-岡山,2023-02-22,9209
3035,智原,48,39,9,凱基-岡山,2023-02-22,9209
1612,宏泰,9,0,9,凱基-岡山,2023-02-22,9209
8183,精星,9,0,9,凱基-岡山,2023-02-22,9209
00712,復華富時不動產,8,0,8,凱基-岡山,2023-02-22,9209
6443,元晶,8,0,8,凱基-岡山,2023-02-22,9209
6651,全宇昕,8,0,8,凱基-岡山,2023-02-22,9209
6770,力積電,8,0,8,凱基-岡山,2023-02-22,9209
1522,堤維西,7,0,7,凱基-岡山,2023-02-22,9209
2014,中鴻,13,6,7,凱基-岡山,2023-02-22,9209
5608,四維航,7,0,7,凱基-岡山,2023-02-22,9209
6283,淳安,7,0,7,凱基-岡山,2023-02-22,9209
2618,長榮航,27,20,7,凱基-岡山,2023-02-22,9209
2317,鴻海,6,0,6,凱基-岡山,2023-02-22,9209
00753L,中信中國50正2,5,0,5,凱基-岡山,2023-02-22,9209
2201,裕隆,16,11,5,凱基-岡山,2023-02-22,9209
00706L,期元大S＆P日圓正2,5,0,5,凱基-岡山,2023-02-22,9209
00915,凱基優選高股息30,5,0,5,凱基-岡山,2023-02-22,9209
2897,王道銀行,5,0,5,凱基-岡山,2023-02-22,9209
3290,東浦,5,0,5,凱基-岡山,2023-02-22,9209
6227,茂綸,5,0,5,凱基-岡山,2023-02-22,9209
9943,好樂迪,5,0,5,凱基-岡山,2023-02-22,9209
2014,中鴻,176,31,145,凱基-岡山,2023-02-23,9209
00632R,元大台灣50反1,147,50,97,凱基-岡山,2023-02-23,9209
3481,群創,101,52,49,凱基-岡山,2023-02-23,9209
00715L,期街口布蘭特正2,39,0,39,凱基-岡山,2023-02-23,9209
2303,聯電,53,16,37,凱基-岡山,2023-02-23,9209
5521,工信,30,0,30,凱基-岡山,2023-02-23,9209
00642U,期元大S＆P石油,27,0,27,凱基-岡山,2023-02-23,9209
5905,南仁湖,35,10,25,凱基-岡山,2023-02-23,9209
2610,華航,20,0,20,凱基-岡山,2023-02-23,9209
2618,長榮航,23,3,20,凱基-岡山,2023-02-23,9209
00878,國泰永續高股息,30,11,19,凱基-岡山,2023-02-23,9209
2883,凱基金,17,0,17,凱基-岡山,2023-02-23,9209
6517,保勝光學,21,4,17,凱基-岡山,2023-02-23,9209
1605,華新,19,3,16,凱基-岡山,2023-02-23,9209
2498,宏達電,25,9,16,凱基-岡山,2023-02-23,9209
3380,明泰,16,0,16,凱基-岡山,2023-02-23,9209
5309,系統電,15,0,15,凱基-岡山,2023-02-23,9209
6411,晶焱,34,20,14,凱基-岡山,2023-02-23,9209
00720B,元大投資級公司債,13,0,13,凱基-岡山,2023-02-23,9209
00637L,元大滬深300正2,15,2,13,凱基-岡山,2023-02-23,9209
00885,富邦越南,12,0,12,凱基-岡山,2023-02-23,9209
2611,志信,12,0,12,凱基-岡山,2023-02-23,9209
00773B,中信優先金融債,11,0,11,凱基-岡山,2023-02-23,9209
8033,雷虎,14,4,10,凱基-岡山,2023-02-23,9209
00633L,富邦上証正2,11,1,10,凱基-岡山,2023-02-23,9209
2641,正德,10,0,10,凱基-岡山,2023-02-23,9209
2867,三商壽,10,0,10,凱基-岡山,2023-02-23,9209
3047,訊舟,10,0,10,凱基-岡山,2023-02-23,9209
4804,大略-KY,10,0,10,凱基-岡山,2023-02-23,9209
8215,明基材,10,0,10,凱基-岡山,2023-02-23,9209
1314,中石化,13,4,9,凱基-岡山,2023-02-23,9209
2457,飛宏,9,0,9,凱基-岡山,2023-02-23,9209
2409,友達,7,0,7,凱基-岡山,2023-02-23,9209
2023,燁輝,8,1,7,凱基-岡山,2023-02-23,9209
4968,立積,10,3,7,凱基-岡山,2023-02-23,9209
00882,中信中國高股息,7,0,7,凱基-岡山,2023-02-23,9209
00751B,元大AAA至A公司債,6,0,6,凱基-岡山,2023-02-23,9209
3037,欣興,27,21,6,凱基-岡山,2023-02-23,9209
8418,捷必勝-KY,6,0,6,凱基-岡山,2023-02-23,9209
9919,康那香,6,0,6,凱基-岡山,2023-02-23,9209
00916,國泰全球品牌50,5,0,5,凱基-岡山,2023-02-23,9209
00780B,國泰A級金融債,5,0,5,凱基-岡山,2023-02-23,9209
00688L,國泰20年美債正2,5,0,5,凱基-岡山,2023-02-23,9209
1304,台聚,5,0,5,凱基-岡山,2023-02-23,9209
1513,中興電,20,15,5,凱基-岡山,2023-02-23,9209
1584,精剛,12,7,5,凱基-岡山,2023-02-23,9209
1734,杏輝,5,0,5,凱基-岡山,2023-02-23,9209
2355,敬鵬,5,0,5,凱基-岡山,2023-02-23,9209
2903,遠百,5,0,5,凱基-岡山,2023-02-23,9209
3290,東浦,5,0,5,凱基-岡山,2023-02-23,9209
2601,益航,50,2,48,凱基-岡山,2023-02-24,9209
00637L,元大滬深300正2,44,0,44,凱基-岡山,2023-02-24,9209
00878,國泰永續高股息,44,5,39,凱基-岡山,2023-02-24,9209
00632R,元大台灣50反1,70,40,30,凱基-岡山,2023-02-24,9209
2481,強茂,31,3,28,凱基-岡山,2023-02-24,9209
00885,富邦越南,26,0,26,凱基-岡山,2023-02-24,9209
8171,天宇,26,0,26,凱基-岡山,2023-02-24,9209
2317,鴻海,25,0,25,凱基-岡山,2023-02-24,9209
3037,欣興,28,3,25,凱基-岡山,2023-02-24,9209
00633L,富邦上証正2,24,0,24,凱基-岡山,2023-02-24,9209
00882,中信中國高股息,21,0,21,凱基-岡山,2023-02-24,9209
4904,遠傳,20,0,20,凱基-岡山,2023-02-24,9209
1314,中石化,20,1,19,凱基-岡山,2023-02-24,9209
2385,群光,19,0,19,凱基-岡山,2023-02-24,9209
5309,系統電,19,1,18,凱基-岡山,2023-02-24,9209
1524,耿鼎,15,0,15,凱基-岡山,2023-02-24,9209
3708,上緯投控,21,6,15,凱基-岡山,2023-02-24,9209
6266,泰詠,18,3,15,凱基-岡山,2023-02-24,9209
00713,元大台灣高息低波,13,0,13,凱基-岡山,2023-02-24,9209
3163,波若威,13,0,13,凱基-岡山,2023-02-24,9209
6248,沛波,15,2,13,凱基-岡山,2023-02-24,9209
2887,台新金,17,5,12,凱基-岡山,2023-02-24,9209
1101,台泥,11,0,11,凱基-岡山,2023-02-24,9209
1326,台化,10,0,10,凱基-岡山,2023-02-24,9209
1605,華新,35,25,10,凱基-岡山,2023-02-24,9209
1611,中電,10,0,10,凱基-岡山,2023-02-24,9209
4119,旭富,10,0,10,凱基-岡山,2023-02-24,9209
6651,全宇昕,10,0,10,凱基-岡山,2023-02-24,9209
1519,華城,14,6,8,凱基-岡山,2023-02-24,9209
5530,龍巖,8,0,8,凱基-岡山,2023-02-24,9209
6109,亞元,8,0,8,凱基-岡山,2023-02-24,9209
3017,奇鋐,14,7,7,凱基-岡山,2023-02-24,9209
00902,中信電池及儲能,7,0,7,凱基-岡山,2023-02-24,9209
2883,凱基金,8,1,7,凱基-岡山,2023-02-24,9209
5519,隆大,7,0,7,凱基-岡山,2023-02-24,9209
0056,元大高股息,9,3,6,凱基-岡山,2023-02-24,9209
1316,上曜,8,2,6,凱基-岡山,2023-02-24,9209
2014,中鴻,15,9,6,凱基-岡山,2023-02-24,9209
2105,正新,6,0,6,凱基-岡山,2023-02-24,9209
6282,康舒,8,2,6,凱基-岡山,2023-02-24,9209
6438,迅得,6,0,6,凱基-岡山,2023-02-24,9209
00712,復華富時不動產,5,0,5,凱基-岡山,2023-02-24,9209
1560,中砂,5,0,5,凱基-岡山,2023-02-24,9209
2323,中環,8,3,5,凱基-岡山,2023-02-24,9209
00916,國泰全球品牌50,5,0,5,凱基-岡山,2023-02-24,9209
1319,東陽,5,0,5,凱基-岡山,2023-02-24,9209
2344,華邦電,16,11,5,凱基-岡山,2023-02-24,9209
2353,宏��,5,0,5,凱基-岡山,2023-02-24,9209
2492,華新科,5,0,5,凱基-岡山,2023-02-24,9209
2611,志信,15,10,5,凱基-岡山,2023-02-24,9209
00632R,元大台灣50反1,140,0,140,凱基-岡山,2023-03-01,9209
5258,虹堡,54,0,54,凱基-岡山,2023-03-01,9209
00878,國泰永續高股息,51,0,51,凱基-岡山,2023-03-01,9209
8111,立��,131,86,45,凱基-岡山,2023-03-01,9209
1605,華新,53,11,42,凱基-岡山,2023-03-01,9209
2002,中鋼,50,8,42,凱基-岡山,2023-03-01,9209
3481,群創,42,11,31,凱基-岡山,2023-03-01,9209
2344,華邦電,35,10,25,凱基-岡山,2023-03-01,9209
8938,明安,23,1,22,凱基-岡山,2023-03-01,9209
8936,國統,34,13,21,凱基-岡山,2023-03-01,9209
2834,臺企銀,37,16,21,凱基-岡山,2023-03-01,9209
2617,台航,20,0,20,凱基-岡山,2023-03-01,9209
4566,時碩工業,40,20,20,凱基-岡山,2023-03-01,9209
6109,亞元,18,0,18,凱基-岡山,2023-03-01,9209
2342,茂矽,16,0,16,凱基-岡山,2023-03-01,9209
2883,凱基金,16,1,15,凱基-岡山,2023-03-01,9209
2892,第一金,14,0,14,凱基-岡山,2023-03-01,9209
00712,復華富時不動產,13,0,13,凱基-岡山,2023-03-01,9209
3290,東浦,12,0,12,凱基-岡山,2023-03-01,9209
3013,晟銘電,11,0,11,凱基-岡山,2023-03-01,9209
6118,建達,15,4,11,凱基-岡山,2023-03-01,9209
8176,智捷,11,0,11,凱基-岡山,2023-03-01,9209
1210,大成,15,5,10,凱基-岡山,2023-03-01,9209
00916,國泰全球品牌50,11,1,10,凱基-岡山,2023-03-01,9209
2009,第一銅,10,0,10,凱基-岡山,2023-03-01,9209
2615,萬海,10,0,10,凱基-岡山,2023-03-01,9209
3390,旭軟,10,0,10,凱基-岡山,2023-03-01,9209
4707,磐亞,10,0,10,凱基-岡山,2023-03-01,9209
5457,宣德,14,4,10,凱基-岡山,2023-03-01,9209
6227,茂綸,10,0,10,凱基-岡山,2023-03-01,9209
5608,四維航,28,18,10,凱基-岡山,2023-03-01,9209
2884,玉山金,15,6,9,凱基-岡山,2023-03-01,9209
00882,中信中國高股息,9,0,9,凱基-岡山,2023-03-01,9209
00857B,永豐20年美公債,8,0,8,凱基-岡山,2023-03-01,9209
1314,中石化,10,2,8,凱基-岡山,2023-03-01,9209
1319,東陽,8,0,8,凱基-岡山,2023-03-01,9209
1905,華紙,9,1,8,凱基-岡山,2023-03-01,9209
2388,威盛,9,1,8,凱基-岡山,2023-03-01,9209
2885,元大金,7,0,7,凱基-岡山,2023-03-01,9209
6217,中探針,7,0,7,凱基-岡山,2023-03-01,9209
00725B,國泰投資級公司債,6,0,6,凱基-岡山,2023-03-01,9209
1514,亞力,6,0,6,凱基-岡山,2023-03-01,9209
2323,中環,6,0,6,凱基-岡山,2023-03-01,9209
2369,菱生,6,0,6,凱基-岡山,2023-03-01,9209
3324,雙鴻,6,0,6,凱基-岡山,2023-03-01,9209
2454,聯發科,9,3,6,凱基-岡山,2023-03-01,9209
0056,元大高股息,8,2,6,凱基-岡山,2023-03-01,9209
1731,美吾華,5,0,5,凱基-岡山,2023-03-01,9209
2609,陽明,6,1,5,凱基-岡山,2023-03-01,9209
3491,昇達科,10,5,5,凱基-岡山,2023-03-01,9209
2888,新光金,404,2,402,凱基-岡山,2023-03-02,9209
00878,國泰永續高股息,85,2,83,凱基-岡山,2023-03-02,9209
6443,元晶,62,4,58,凱基-岡山,2023-03-02,9209
1314,中石化,45,1,44,凱基-岡山,2023-03-02,9209
00881,國泰台灣5G+,50,10,40,凱基-岡山,2023-03-02,9209
2891,中信金,22,0,22,凱基-岡山,2023-03-02,9209
2601,益航,22,0,22,凱基-岡山,2023-03-02,9209
2342,茂矽,20,0,20,凱基-岡山,2023-03-02,9209
00680L,元大美債20正2,19,0,19,凱基-岡山,2023-03-02,9209
2605,新興,19,0,19,凱基-岡山,2023-03-02,9209
6109,亞元,96,78,18,凱基-岡山,2023-03-02,9209
2618,長榮航,16,0,16,凱基-岡山,2023-03-02,9209
2892,第一金,15,0,15,凱基-岡山,2023-03-02,9209
5512,力麒,15,0,15,凱基-岡山,2023-03-02,9209
6118,建達,15,0,15,凱基-岡山,2023-03-02,9209
6504,南六,13,0,13,凱基-岡山,2023-03-02,9209
00712,復華富時不動產,13,0,13,凱基-岡山,2023-03-02,9209
3481,群創,17,4,13,凱基-岡山,2023-03-02,9209
6202,盛群,12,0,12,凱基-岡山,2023-03-02,9209
00891,中信關鍵半導體,10,0,10,凱基-岡山,2023-03-02,9209
2419,仲琦,34,24,10,凱基-岡山,2023-03-02,9209
2482,連宇,47,37,10,凱基-岡山,2023-03-02,9209
2610,華航,11,1,10,凱基-岡山,2023-03-02,9209
2611,志信,10,0,10,凱基-岡山,2023-03-02,9209
4763,材料-KY,15,5,10,凱基-岡山,2023-03-02,9209
5701,劍湖山,10,0,10,凱基-岡山,2023-03-02,9209
5880,合庫金,10,0,10,凱基-岡山,2023-03-02,9209
8069,元太,10,0,10,凱基-岡山,2023-03-02,9209
9904,寶成,10,0,10,凱基-岡山,2023-03-02,9209
2834,臺企銀,23,13,10,凱基-岡山,2023-03-02,9209
1712,興農,10,1,9,凱基-岡山,2023-03-02,9209
5452,佶優,13,5,8,凱基-岡山,2023-03-02,9209
6282,康舒,11,3,8,凱基-岡山,2023-03-02,9209
2634,漢翔,7,0,7,凱基-岡山,2023-03-02,9209
1215,卜蜂,7,0,7,凱基-岡山,2023-03-02,9209
1503,士電,7,0,7,凱基-岡山,2023-03-02,9209
2340,台亞,16,9,7,凱基-岡山,2023-03-02,9209
2409,友達,8,1,7,凱基-岡山,2023-03-02,9209
4915,致伸,13,6,7,凱基-岡山,2023-03-02,9209
2884,玉山金,6,0,6,凱基-岡山,2023-03-02,9209
00772B,中信高評級公司債,6,0,6,凱基-岡山,2023-03-02,9209
1560,中砂,6,0,6,凱基-岡山,2023-03-02,9209
2006,東和鋼鐵,6,0,6,凱基-岡山,2023-03-02,9209
2886,兆豐金,6,0,6,凱基-岡山,2023-03-02,9209
5464,霖宏,14,8,6,凱基-岡山,2023-03-02,9209
6125,廣運,6,0,6,凱基-岡山,2023-03-02,9209
6651,全宇昕,6,0,6,凱基-岡山,2023-03-02,9209
2201,裕隆,19,14,5,凱基-岡山,2023-03-02,9209
00780B,國泰A級金融債,5,0,5,凱基-岡山,2023-03-02,9209
2009,第一銅,5,0,5,凱基-岡山,2023-03-02,9209
3481,群創,321,24,297,凱基-岡山,2023-03-03,9209
2342,茂矽,36,0,36,凱基-岡山,2023-03-03,9209
1314,中石化,32,0,32,凱基-岡山,2023-03-03,9209
6504,南六,29,0,29,凱基-岡山,2023-03-03,9209
2610,華航,26,0,26,凱基-岡山,2023-03-03,9209
1605,華新,30,9,21,凱基-岡山,2023-03-03,9209
3707,漢磊,26,5,21,凱基-岡山,2023-03-03,9209
00650L,復華香港正2,20,0,20,凱基-岡山,2023-03-03,9209
00712,復華富時不動產,20,0,20,凱基-岡山,2023-03-03,9209
2883,凱基金,16,0,16,凱基-岡山,2023-03-03,9209
5608,四維航,36,21,15,凱基-岡山,2023-03-03,9209
00679B,元大美債20年,15,0,15,凱基-岡山,2023-03-03,9209
2208,台船,15,0,15,凱基-岡山,2023-03-03,9209
2834,臺企銀,20,6,14,凱基-岡山,2023-03-03,9209
00882,中信中國高股息,13,0,13,凱基-岡山,2023-03-03,9209
1101,台泥,14,2,12,凱基-岡山,2023-03-03,9209
1220,台榮,12,0,12,凱基-岡山,2023-03-03,9209
1513,中興電,13,2,11,凱基-岡山,2023-03-03,9209
2457,飛宏,26,16,10,凱基-岡山,2023-03-03,9209
8936,國統,10,1,9,凱基-岡山,2023-03-03,9209
2634,漢翔,9,1,8,凱基-岡山,2023-03-03,9209
2890,永豐金,8,0,8,凱基-岡山,2023-03-03,9209
3013,晟銘電,8,0,8,凱基-岡山,2023-03-03,9209
3265,台星科,11,3,8,凱基-岡山,2023-03-03,9209
5309,系統電,8,0,8,凱基-岡山,2023-03-03,9209
00670L,富邦NASDAQ正2,6,0,6,凱基-岡山,2023-03-03,9209
5704,老爺知,6,0,6,凱基-岡山,2023-03-03,9209
00720B,元大投資級公司債,5,0,5,凱基-岡山,2023-03-03,9209
00900,富邦特選高股息30,5,0,5,凱基-岡山,2023-03-03,9209
3062,建漢,5,0,5,凱基-岡山,2023-03-03,9209
3064,泰偉,5,0,5,凱基-岡山,2023-03-03,9209
3147,大綜,5,0,5,凱基-岡山,2023-03-03,9209
3406,玉晶光,5,0,5,凱基-岡山,2023-03-03,9209
4116,明基醫,5,0,5,凱基-岡山,2023-03-03,9209
4979,華星光,5,0,5,凱基-岡山,2023-03-03,9209
6120,達運,10,5,5,凱基-岡山,2023-03-03,9209
6248,沛波,8,3,5,凱基-岡山,2023-03-03,9209
6486,互動,5,0,5,凱基-岡山,2023-03-03,9209
8074,鉅橡,5,0,5,凱基-岡山,2023-03-03,9209
8183,精星,5,0,5,凱基-岡山,2023-03-03,9209
8046,南電,10,5,5,凱基-岡山,2023-03-03,9209
1219,福壽,4,0,4,凱基-岡山,2023-03-03,9209
3545,敦泰,4,0,4,凱基-岡山,2023-03-03,9209
00915,凱基優選高股息30,4,0,4,凱基-岡山,2023-03-03,9209
2332,友訊,4,0,4,凱基-岡山,2023-03-03,9209
2891,中信金,4,0,4,凱基-岡山,2023-03-03,9209
4432,銘旺實,4,0,4,凱基-岡山,2023-03-03,9209
4743,合一,6,2,4,凱基-岡山,2023-03-03,9209
6109,亞元,4,0,4,凱基-岡山,2023-03-03,9209
6609,瀧澤科,4,0,4,凱基-岡山,2023-03-03,9209
00632R,元大台灣50反1,241,54,187,凱基-岡山,2023-03-06,9209
1219,福壽,120,3,117,凱基-岡山,2023-03-06,9209
2323,中環,50,0,50,凱基-岡山,2023-03-06,9209
00637L,元大滬深300正2,47,0,47,凱基-岡山,2023-03-06,9209
00673R,期元大S＆P原油反1,40,0,40,凱基-岡山,2023-03-06,9209
6266,泰詠,30,0,30,凱基-岡山,2023-03-06,9209
2457,飛宏,32,2,30,凱基-岡山,2023-03-06,9209
6188,廣明,30,0,30,凱基-岡山,2023-03-06,9209
1101,台泥,23,0,23,凱基-岡山,2023-03-06,9209
2344,華邦電,29,6,23,凱基-岡山,2023-03-06,9209
00664R,國泰臺灣加權反1,20,0,20,凱基-岡山,2023-03-06,9209
6104,創惟,18,1,17,凱基-岡山,2023-03-06,9209
3673,TPK-KY,20,6,14,凱基-岡山,2023-03-06,9209
3707,漢磊,13,0,13,凱基-岡山,2023-03-06,9209
5608,四維航,26,13,13,凱基-岡山,2023-03-06,9209
00882,中信中國高股息,12,0,12,凱基-岡山,2023-03-06,9209
1539,巨庭,13,1,12,凱基-岡山,2023-03-06,9209
2890,永豐金,12,0,12,凱基-岡山,2023-03-06,9209
2634,漢翔,66,55,11,凱基-岡山,2023-03-06,9209
2891,中信金,10,0,10,凱基-岡山,2023-03-06,9209
00633L,富邦上証正2,10,0,10,凱基-岡山,2023-03-06,9209
00891,中信關鍵半導體,10,0,10,凱基-岡山,2023-03-06,9209
2329,華泰,10,0,10,凱基-岡山,2023-03-06,9209
3312,弘憶股,10,0,10,凱基-岡山,2023-03-06,9209
5324,士開,10,0,10,凱基-岡山,2023-03-06,9209
6026,福邦證,10,0,10,凱基-岡山,2023-03-06,9209
2915,潤泰全,10,1,9,凱基-岡山,2023-03-06,9209
6504,南六,9,0,9,凱基-岡山,2023-03-06,9209
6560,欣普羅,10,1,9,凱基-岡山,2023-03-06,9209
00902,中信電池及儲能,8,0,8,凱基-岡山,2023-03-06,9209
3362,先進光,40,32,8,凱基-岡山,2023-03-06,9209
00878,國泰永續高股息,30,22,8,凱基-岡山,2023-03-06,9209
1712,興農,7,0,7,凱基-岡山,2023-03-06,9209
3376,新日興,7,0,7,凱基-岡山,2023-03-06,9209
8112,至上,9,2,7,凱基-岡山,2023-03-06,9209
8942,森鉅,7,0,7,凱基-岡山,2023-03-06,9209
2367,燿華,6,0,6,凱基-岡山,2023-03-06,9209
2368,金像電,6,0,6,凱基-岡山,2023-03-06,9209
5203,訊連,6,0,6,凱基-岡山,2023-03-06,9209
00655L,國泰中國A50正2,5,0,5,凱基-岡山,2023-03-06,9209
2812,台中銀,6,1,5,凱基-岡山,2023-03-06,9209
2845,遠東銀,5,0,5,凱基-岡山,2023-03-06,9209
3028,增你強,5,0,5,凱基-岡山,2023-03-06,9209
3491,昇達科,8,3,5,凱基-岡山,2023-03-06,9209
4114,健喬,8,3,5,凱基-岡山,2023-03-06,9209
6113,亞矽,5,0,5,凱基-岡山,2023-03-06,9209
6233,旺玖,5,0,5,凱基-岡山,2023-03-06,9209
6538,倉和,5,0,5,凱基-岡山,2023-03-06,9209
8016,矽創,5,0,5,凱基-岡山,2023-03-06,9209
8038,長園科,5,0,5,凱基-岡山,2023-03-06,9209
00673R,期元大S＆P原油反1,78,0,78,凱基-岡山,2023-03-07,9209
2344,華邦電,45,2,43,凱基-岡山,2023-03-07,9209
6470,宇智,38,5,33,凱基-岡山,2023-03-07,9209
2472,立隆電,25,0,25,凱基-岡山,2023-03-07,9209
2736,富野,26,2,24,凱基-岡山,2023-03-07,9209
2897,王道銀行,20,0,20,凱基-岡山,2023-03-07,9209
3024,憶聲,20,0,20,凱基-岡山,2023-03-07,9209
5457,宣德,20,0,20,凱基-岡山,2023-03-07,9209
6706,惠特,17,0,17,凱基-岡山,2023-03-07,9209
1560,中砂,15,0,15,凱基-岡山,2023-03-07,9209
2375,凱美,15,0,15,凱基-岡山,2023-03-07,9209
3707,漢磊,16,1,15,凱基-岡山,2023-03-07,9209
00637L,元大滬深300正2,14,1,13,凱基-岡山,2023-03-07,9209
3019,亞光,24,11,13,凱基-岡山,2023-03-07,9209
3037,欣興,16,4,12,凱基-岡山,2023-03-07,9209
0056,元大高股息,13,1,12,凱基-岡山,2023-03-07,9209
00679B,元大美債20年,11,0,11,凱基-岡山,2023-03-07,9209
00632R,元大台灣50反1,111,100,11,凱基-岡山,2023-03-07,9209
1513,中興電,18,7,11,凱基-岡山,2023-03-07,9209
1789,神隆,11,0,11,凱基-岡山,2023-03-07,9209
3264,欣銓,14,3,11,凱基-岡山,2023-03-07,9209
8222,寶一,12,1,11,凱基-岡山,2023-03-07,9209
1526,日馳,12,3,9,凱基-岡山,2023-03-07,9209
3035,智原,12,3,9,凱基-岡山,2023-03-07,9209
4541,晟田,21,12,9,凱基-岡山,2023-03-07,9209
6266,泰詠,10,1,9,凱基-岡山,2023-03-07,9209
6109,亞元,8,0,8,凱基-岡山,2023-03-07,9209
6477,安集,8,0,8,凱基-岡山,2023-03-07,9209
2017,官田鋼,7,0,7,凱基-岡山,2023-03-07,9209
3029,零壹,7,0,7,凱基-岡山,2023-03-07,9209
3380,明泰,7,0,7,凱基-岡山,2023-03-07,9209
3576,聯合再生,8,1,7,凱基-岡山,2023-03-07,9209
5425,台半,23,16,7,凱基-岡山,2023-03-07,9209
6118,建達,7,0,7,凱基-岡山,2023-03-07,9209
6139,亞翔,7,0,7,凱基-岡山,2023-03-07,9209
6235,華孚,14,7,7,凱基-岡山,2023-03-07,9209
9945,潤泰新,7,0,7,凱基-岡山,2023-03-07,9209
00712,復華富時不動產,6,0,6,凱基-岡山,2023-03-07,9209
2482,連宇,6,0,6,凱基-岡山,2023-03-07,9209
2486,一詮,9,3,6,凱基-岡山,2023-03-07,9209
4960,誠美材,6,0,6,凱基-岡山,2023-03-07,9209
2888,新光金,6,0,6,凱基-岡山,2023-03-07,9209
2388,威盛,6,1,5,凱基-岡山,2023-03-07,9209
1227,佳格,5,0,5,凱基-岡山,2023-03-07,9209
00891,中信關鍵半導體,10,5,5,凱基-岡山,2023-03-07,9209
1701,中化,5,0,5,凱基-岡山,2023-03-07,9209
1727,中華化,5,0,5,凱基-岡山,2023-03-07,9209
2230,泰茂,7,2,5,凱基-岡山,2023-03-07,9209
2641,正德,5,0,5,凱基-岡山,2023-03-07,9209
3022,威強電,5,0,5,凱基-岡山,2023-03-07,9209
5864,致和證,61,0,61,凱基-岡山,2023-03-08,9209
6016,康和證,60,0,60,凱基-岡山,2023-03-08,9209
5353,台林,36,0,36,凱基-岡山,2023-03-08,9209
8936,國統,53,21,32,凱基-岡山,2023-03-08,9209
2399,映泰,25,0,25,凱基-岡山,2023-03-08,9209
8150,南茂,24,0,24,凱基-岡山,2023-03-08,9209
00637L,元大滬深300正2,21,0,21,凱基-岡山,2023-03-08,9209
00753L,中信中國50正2,21,0,21,凱基-岡山,2023-03-08,9209
2641,正德,20,0,20,凱基-岡山,2023-03-08,9209
3227,原相,20,0,20,凱基-岡山,2023-03-08,9209
6182,合晶,21,1,20,凱基-岡山,2023-03-08,9209
9907,統一實,20,0,20,凱基-岡山,2023-03-08,9209
3374,精材,20,1,19,凱基-岡山,2023-03-08,9209
3441,聯一光,21,2,19,凱基-岡山,2023-03-08,9209
3673,TPK-KY,19,2,17,凱基-岡山,2023-03-08,9209
4763,材料-KY,27,11,16,凱基-岡山,2023-03-08,9209
1605,華新,28,13,15,凱基-岡山,2023-03-08,9209
00905,FT臺灣Smart,15,0,15,凱基-岡山,2023-03-08,9209
00902,中信電池及儲能,14,0,14,凱基-岡山,2023-03-08,9209
2618,長榮航,32,18,14,凱基-岡山,2023-03-08,9209
3652,精聯,17,5,12,凱基-岡山,2023-03-08,9209
6504,南六,12,0,12,凱基-岡山,2023-03-08,9209
00885,富邦越南,21,10,11,凱基-岡山,2023-03-08,9209
1102,亞泥,11,0,11,凱基-岡山,2023-03-08,9209
00712,復華富時不動產,10,0,10,凱基-岡山,2023-03-08,9209
1101,台泥,11,1,10,凱基-岡山,2023-03-08,9209
5608,四維航,12,2,10,凱基-岡山,2023-03-08,9209
00680L,元大美債20正2,10,0,10,凱基-岡山,2023-03-08,9209
00664R,國泰臺灣加權反1,10,0,10,凱基-岡山,2023-03-08,9209
00715L,期街口布蘭特正2,10,0,10,凱基-岡山,2023-03-08,9209
4977,眾達-KY,11,1,10,凱基-岡山,2023-03-08,9209
5284,jpp-KY,19,9,10,凱基-岡山,2023-03-08,9209
1519,華城,33,24,9,凱基-岡山,2023-03-08,9209
5230,雷笛克光學,9,0,9,凱基-岡山,2023-03-08,9209
6175,立敦,9,0,9,凱基-岡山,2023-03-08,9209
6770,力積電,11,2,9,凱基-岡山,2023-03-08,9209
1609,大亞,21,13,8,凱基-岡山,2023-03-08,9209
2002,中鋼,11,3,8,凱基-岡山,2023-03-08,9209
3128,昇銳,10,2,8,凱基-岡山,2023-03-08,9209
4566,時碩工業,9,1,8,凱基-岡山,2023-03-08,9209
6129,普誠,10,2,8,凱基-岡山,2023-03-08,9209
9945,潤泰新,8,0,8,凱基-岡山,2023-03-08,9209
1701,中化,7,0,7,凱基-岡山,2023-03-08,9209
3588,通嘉,7,0,7,凱基-岡山,2023-03-08,9209
00878,國泰永續高股息,7,0,7,凱基-岡山,2023-03-08,9209
00923,群益台ESG低碳50,6,0,6,凱基-岡山,2023-03-08,9209
00752,中信中國50,6,0,6,凱基-岡山,2023-03-08,9209
2014,中鴻,7,1,6,凱基-岡山,2023-03-08,9209
3532,台勝科,11,5,6,凱基-岡山,2023-03-08,9209
0056,元大高股息,5,0,5,凱基-岡山,2023-03-08,9209
2888,新光金,110,0,110,凱基-岡山,2023-03-09,9209
9105,泰金寶-DR,88,0,88,凱基-岡山,2023-03-09,9209
1504,東元,67,3,64,凱基-岡山,2023-03-09,9209
2385,群光,41,0,41,凱基-岡山,2023-03-09,9209
1314,中石化,40,2,38,凱基-岡山,2023-03-09,9209
6290,良維,37,0,37,凱基-岡山,2023-03-09,9209
2368,金像電,35,0,35,凱基-岡山,2023-03-09,9209
6266,泰詠,31,1,30,凱基-岡山,2023-03-09,9209
2409,友達,29,0,29,凱基-岡山,2023-03-09,9209
2890,永豐金,27,4,23,凱基-岡山,2023-03-09,9209
8936,國統,24,0,24,凱基-岡山,2023-03-09,9209
3290,東浦,22,0,22,凱基-岡山,2023-03-09,9209
2897,王道銀行,20,0,20,凱基-岡山,2023-03-09,9209
2618,長榮航,25,9,16,凱基-岡山,2023-03-09,9209
3576,聯合再生,22,6,16,凱基-岡山,2023-03-09,9209
5258,虹堡,17,1,16,凱基-岡山,2023-03-09,9209
4566,時碩工業,42,27,15,凱基-岡山,2023-03-09,9209
00878,國泰永續高股息,27,12,15,凱基-岡山,2023-03-09,9209
2002,中鋼,15,1,14,凱基-岡山,2023-03-09,9209
2486,一詮,25,11,14,凱基-岡山,2023-03-09,9209
6443,元晶,18,4,14,凱基-岡山,2023-03-09,9209
1605,華新,20,6,14,凱基-岡山,2023-03-09,9209
2344,華邦電,28,15,13,凱基-岡山,2023-03-09,9209
3037,欣興,22,10,12,凱基-岡山,2023-03-09,9209
2834,臺企銀,12,0,12,凱基-岡山,2023-03-09,9209
00900,富邦特選高股息30,12,1,11,凱基-岡山,2023-03-09,9209
1802,台玻,11,0,11,凱基-岡山,2023-03-09,9209
8105,凌巨,12,1,11,凱基-岡山,2023-03-09,9209
1540,喬福,10,0,10,凱基-岡山,2023-03-09,9209
2476,鉅祥,10,0,10,凱基-岡山,2023-03-09,9209
3419,譁裕,10,0,10,凱基-岡山,2023-03-09,9209
3652,精聯,11,1,10,凱基-岡山,2023-03-09,9209
6125,廣運,10,0,10,凱基-岡山,2023-03-09,9209
911868,同方友友-DR,10,0,10,凱基-岡山,2023-03-09,9209
2317,鴻海,14,5,9,凱基-岡山,2023-03-09,9209
5309,系統電,13,4,9,凱基-岡山,2023-03-09,9209
1303,南亞,8,0,8,凱基-岡山,2023-03-09,9209
2702,華園,8,0,8,凱基-岡山,2023-03-09,9209
3520,華盈,8,0,8,凱基-岡山,2023-03-09,9209
6282,康舒,14,6,8,凱基-岡山,2023-03-09,9209
6477,安集,9,1,8,凱基-岡山,2023-03-09,9209
2884,玉山金,7,0,7,凱基-岡山,2023-03-09,9209
00885,富邦越南,7,0,7,凱基-岡山,2023-03-09,9209
2347,聯強,7,0,7,凱基-岡山,2023-03-09,9209
2457,飛宏,52,45,7,凱基-岡山,2023-03-09,9209
2492,華新科,12,5,7,凱基-岡山,2023-03-09,9209
2736,富野,7,0,7,凱基-岡山,2023-03-09,9209
4977,眾達-KY,21,14,7,凱基-岡山,2023-03-09,9209
5272,笙科,7,0,7,凱基-岡山,2023-03-09,9209
5351,鈺創,10,3,7,凱基-岡山,2023-03-09,9209
2888,新光金,530,0,530,凱基-岡山,2023-03-10,9209
00878,國泰永續高股息,85,19,66,凱基-岡山,2023-03-10,9209
00713,元大台灣高息低波,57,0,57,凱基-岡山,2023-03-10,9209
2344,華邦電,43,4,39,凱基-岡山,2023-03-10,9209
2002,中鋼,38,0,38,凱基-岡山,2023-03-10,9209
00923,群益台ESG低碳50,31,0,31,凱基-岡山,2023-03-10,9209
00905,FT臺灣Smart,30,0,30,凱基-岡山,2023-03-10,9209
911868,同方友友-DR,30,0,30,凱基-岡山,2023-03-10,9209
2317,鴻海,28,1,27,凱基-岡山,2023-03-10,9209
2610,華航,92,70,22,凱基-岡山,2023-03-10,9209
2891,中信金,22,0,22,凱基-岡山,2023-03-10,9209
4566,時碩工業,100,78,22,凱基-岡山,2023-03-10,9209
2884,玉山金,21,0,21,凱基-岡山,2023-03-10,9209
1314,中石化,21,0,21,凱基-岡山,2023-03-10,9209
8091,翔名,21,0,21,凱基-岡山,2023-03-10,9209
8112,至上,22,1,21,凱基-岡山,2023-03-10,9209
2886,兆豐金,19,0,19,凱基-岡山,2023-03-10,9209
5347,世界,20,1,19,凱基-岡山,2023-03-10,9209
00669R,國泰美國道瓊反1,20,1,19,凱基-岡山,2023-03-10,9209
0056,元大高股息,25,6,19,凱基-岡山,2023-03-10,9209
3217,優群,18,0,18,凱基-岡山,2023-03-10,9209
1101,台泥,17,0,17,凱基-岡山,2023-03-10,9209
6770,力積電,20,3,17,凱基-岡山,2023-03-10,9209
2618,長榮航,24,9,15,凱基-岡山,2023-03-10,9209
2736,富野,17,2,15,凱基-岡山,2023-03-10,9209
2330,台積電,15,0,15,凱基-岡山,2023-03-10,9209
6443,元晶,16,2,14,凱基-岡山,2023-03-10,9209
8069,元太,16,3,13,凱基-岡山,2023-03-10,9209
2355,敬鵬,13,0,13,凱基-岡山,2023-03-10,9209
6504,南六,13,0,13,凱基-岡山,2023-03-10,9209
00898,國泰基因免疫革命,12,0,12,凱基-岡山,2023-03-10,9209
2367,燿華,12,0,12,凱基-岡山,2023-03-10,9209
3520,華盈,13,1,12,凱基-岡山,2023-03-10,9209
1217,愛之味,14,3,11,凱基-岡山,2023-03-10,9209
3576,聯合再生,12,1,11,凱基-岡山,2023-03-10,9209
2885,元大金,11,0,11,凱基-岡山,2023-03-10,9209
5410,國眾,11,0,11,凱基-岡山,2023-03-10,9209
00882,中信中國高股息,11,0,11,凱基-岡山,2023-03-10,9209
2401,凌陽,10,0,10,凱基-岡山,2023-03-10,9209
2614,東森,10,0,10,凱基-岡山,2023-03-10,9209
2897,王道銀行,10,0,10,凱基-岡山,2023-03-10,9209
6279,胡連,10,0,10,凱基-岡山,2023-03-10,9209
9904,寶成,10,0,10,凱基-岡山,2023-03-10,9209
2634,漢翔,12,3,9,凱基-岡山,2023-03-10,9209
00642U,期元大S＆P石油,9,0,9,凱基-岡山,2023-03-10,9209
1612,宏泰,9,0,9,凱基-岡山,2023-03-10,9209
1906,寶隆,9,0,9,凱基-岡山,2023-03-10,9209
3013,晟銘電,10,1,9,凱基-岡山,2023-03-10,9209
2892,第一金,8,0,8,凱基-岡山,2023-03-10,9209
6282,康舒,10,2,8,凱基-岡山,2023-03-10,9209
2888,新光金,133,10,123,凱基-岡山,2023-03-13,9209
00878,國泰永續高股息,126,10,116,凱基-岡山,2023-03-13,9209
1314,中石化,53,2,51,凱基-岡山,2023-03-13,9209
1504,東元,45,2,43,凱基-岡山,2023-03-13,9209
4304,勝昱,40,0,40,凱基-岡山,2023-03-13,9209
4566,時碩工業,60,23,37,凱基-岡山,2023-03-13,9209
2359,所羅門,36,1,35,凱基-岡山,2023-03-13,9209
00632R,元大台灣50反1,100,66,34,凱基-岡山,2023-03-13,9209
2027,大成鋼,30,4,26,凱基-岡山,2023-03-13,9209
00715L,期街口布蘭特正2,26,0,26,凱基-岡山,2023-03-13,9209
2610,華航,36,14,22,凱基-岡山,2023-03-13,9209
6248,沛波,22,0,22,凱基-岡山,2023-03-13,9209
00670L,富邦NASDAQ正2,21,0,21,凱基-岡山,2023-03-13,9209
00751B,元大AAA至A公司債,20,0,20,凱基-岡山,2023-03-13,9209
911868,同方友友-DR,20,0,20,凱基-岡山,2023-03-13,9209
00713,元大台灣高息低波,16,0,16,凱基-岡山,2023-03-13,9209
2867,三商壽,15,0,15,凱基-岡山,2023-03-13,9209
2634,漢翔,24,9,15,凱基-岡山,2023-03-13,9209
00882,中信中國高股息,15,0,15,凱基-岡山,2023-03-13,9209
2891,中信金,15,0,15,凱基-岡山,2023-03-13,9209
4541,晟田,15,0,15,凱基-岡山,2023-03-13,9209
00720B,元大投資級公司債,14,0,14,凱基-岡山,2023-03-13,9209
2884,玉山金,13,0,13,凱基-岡山,2023-03-13,9209
00679B,元大美債20年,14,1,13,凱基-岡山,2023-03-13,9209
2883,凱基金,13,1,12,凱基-岡山,2023-03-13,9209
00701,國泰股利精選30,12,0,12,凱基-岡山,2023-03-13,9209
00712,復華富時不動產,11,0,11,凱基-岡山,2023-03-13,9209
2834,臺企銀,46,35,11,凱基-岡山,2023-03-13,9209
00680L,元大美債20正2,10,0,10,凱基-岡山,2023-03-13,9209
00905,FT臺灣Smart,10,0,10,凱基-岡山,2023-03-13,9209
5009,榮剛,31,21,10,凱基-岡山,2023-03-13,9209
5351,鈺創,10,0,10,凱基-岡山,2023-03-13,9209
5701,劍湖山,10,0,10,凱基-岡山,2023-03-13,9209
8418,捷必勝-KY,10,0,10,凱基-岡山,2023-03-13,9209
9904,寶成,10,0,10,凱基-岡山,2023-03-13,9209
00916,國泰全球品牌50,9,0,9,凱基-岡山,2023-03-13,9209
1217,愛之味,11,2,9,凱基-岡山,2023-03-13,9209
1326,台化,11,2,9,凱基-岡山,2023-03-13,9209
2465,麗臺,10,1,9,凱基-岡山,2023-03-13,9209
2736,富野,9,0,9,凱基-岡山,2023-03-13,9209
2014,中鴻,30,22,8,凱基-岡山,2023-03-13,9209
2832,台產,8,0,8,凱基-岡山,2023-03-13,9209
6128,上福,8,0,8,凱基-岡山,2023-03-13,9209
6531,愛普*,9,1,8,凱基-岡山,2023-03-13,9209
8105,凌巨,8,0,8,凱基-岡山,2023-03-13,9209
00857B,永豐20年美公債,7,0,7,凱基-岡山,2023-03-13,9209
1513,中興電,11,4,7,凱基-岡山,2023-03-13,9209
3049,精金,7,0,7,凱基-岡山,2023-03-13,9209
6244,茂迪,7,0,7,凱基-岡山,2023-03-13,9209
6719,力智,10,3,7,凱基-岡山,2023-03-13,9209
00878,國泰永續高股息,237,2,235,凱基-岡山,2023-03-14,9209
2891,中信金,63,0,63,凱基-岡山,2023-03-14,9209
00715L,期街口布蘭特正2,61,0,61,凱基-岡山,2023-03-14,9209
2618,長榮航,60,13,47,凱基-岡山,2023-03-14,9209
2344,華邦電,47,2,45,凱基-岡山,2023-03-14,9209
2883,凱基金,34,1,33,凱基-岡山,2023-03-14,9209
00642U,期元大S＆P石油,31,0,31,凱基-岡山,2023-03-14,9209
2303,聯電,30,2,28,凱基-岡山,2023-03-14,9209
2610,華航,26,0,26,凱基-岡山,2023-03-14,9209
2889,國票金,36,10,26,凱基-岡山,2023-03-14,9209
3037,欣興,27,2,25,凱基-岡山,2023-03-14,9209
3481,群創,22,0,22,凱基-岡山,2023-03-14,9209
6233,旺玖,21,1,20,凱基-岡山,2023-03-14,9209
2881,富邦金,21,1,20,凱基-岡山,2023-03-14,9209
1522,堤維西,17,0,17,凱基-岡山,2023-03-14,9209
00637L,元大滬深300正2,16,0,16,凱基-岡山,2023-03-14,9209
5880,合庫金,15,0,15,凱基-岡山,2023-03-14,9209
3162,精確,28,13,15,凱基-岡山,2023-03-14,9209
00773B,中信優先金融債,15,0,15,凱基-岡山,2023-03-14,9209
2615,萬海,28,15,13,凱基-岡山,2023-03-14,9209
2897,王道銀行,12,0,12,凱基-岡山,2023-03-14,9209
00915,凱基優選高股息30,11,0,11,凱基-岡山,2023-03-14,9209
1434,福懋,11,0,11,凱基-岡山,2023-03-14,9209
1712,興農,11,0,11,凱基-岡山,2023-03-14,9209
2002,中鋼,12,1,11,凱基-岡山,2023-03-14,9209
00713,元大台灣高息低波,11,1,10,凱基-岡山,2023-03-14,9209
3209,全科,10,0,10,凱基-岡山,2023-03-14,9209
2892,第一金,11,1,10,凱基-岡山,2023-03-14,9209
2884,玉山金,10,0,10,凱基-岡山,2023-03-14,9209
2515,中工,16,6,10,凱基-岡山,2023-03-14,9209
911868,同方友友-DR,10,0,10,凱基-岡山,2023-03-14,9209
2885,元大金,9,1,8,凱基-岡山,2023-03-14,9209
2609,陽明,38,30,8,凱基-岡山,2023-03-14,9209
1609,大亞,10,2,8,凱基-岡山,2023-03-14,9209
2409,友達,8,0,8,凱基-岡山,2023-03-14,9209
2453,凌群,8,1,7,凱基-岡山,2023-03-14,9209
2867,三商壽,7,0,7,凱基-岡山,2023-03-14,9209
6244,茂迪,13,6,7,凱基-岡山,2023-03-14,9209
6504,南六,7,0,7,凱基-岡山,2023-03-14,9209
8046,南電,18,11,7,凱基-岡山,2023-03-14,9209
0056,元大高股息,6,0,6,凱基-岡山,2023-03-14,9209
2330,台積電,6,0,6,凱基-岡山,2023-03-14,9209
2886,兆豐金,7,1,6,凱基-岡山,2023-03-14,9209
5243,乙盛-KY,6,0,6,凱基-岡山,2023-03-14,9209
00720B,元大投資級公司債,5,0,5,凱基-岡山,2023-03-14,9209
2888,新光金,5,0,5,凱基-岡山,2023-03-14,9209
1101,台泥,8,3,5,凱基-岡山,2023-03-14,9209
00780B,國泰A級金融債,5,0,5,凱基-岡山,2023-03-14,9209
1314,中石化,5,0,5,凱基-岡山,2023-03-14,9209
1513,中興電,10,5,5,凱基-岡山,2023-03-14,9209
00715L,期街口布蘭特正2,68,0,68,凱基-岡山,2023-03-15,9209
00632R,元大台灣50反1,51,1,50,凱基-岡山,2023-03-15,9209
00878,國泰永續高股息,57,15,42,凱基-岡山,2023-03-15,9209
1314,中石化,40,2,38,凱基-岡山,2023-03-15,9209
00772B,中信高評級公司債,34,0,34,凱基-岡山,2023-03-15,9209
2889,國票金,34,3,31,凱基-岡山,2023-03-15,9209
2603,長榮,69,40,29,凱基-岡山,2023-03-15,9209
2618,長榮航,44,15,29,凱基-岡山,2023-03-15,9209
3481,群創,28,0,28,凱基-岡山,2023-03-15,9209
00857B,永豐20年美公債,22,0,22,凱基-岡山,2023-03-15,9209
00676R,富邦臺灣加權反1,20,0,20,凱基-岡山,2023-03-15,9209
3652,精聯,20,0,20,凱基-岡山,2023-03-15,9209
00713,元大台灣高息低波,20,0,20,凱基-岡山,2023-03-15,9209
00915,凱基優選高股息30,19,0,19,凱基-岡山,2023-03-15,9209
6116,彩晶,20,1,19,凱基-岡山,2023-03-15,9209
6248,沛波,21,2,19,凱基-岡山,2023-03-15,9209
5608,四維航,23,6,17,凱基-岡山,2023-03-15,9209
6770,力積電,28,11,17,凱基-岡山,2023-03-15,9209
00907,永豐優息存股,16,0,16,凱基-岡山,2023-03-15,9209
00642U,期元大S＆P石油,16,0,16,凱基-岡山,2023-03-15,9209
00885,富邦越南,16,0,16,凱基-岡山,2023-03-15,9209
6182,合晶,21,5,16,凱基-岡山,2023-03-15,9209
2497,怡利電,17,2,15,凱基-岡山,2023-03-15,9209
2609,陽明,30,15,15,凱基-岡山,2023-03-15,9209
6469,大樹,14,0,14,凱基-岡山,2023-03-15,9209
2883,凱基金,23,10,13,凱基-岡山,2023-03-15,9209
2884,玉山金,11,0,11,凱基-岡山,2023-03-15,9209
6155,鈞寶,11,0,11,凱基-岡山,2023-03-15,9209
9907,統一實,11,0,11,凱基-岡山,2023-03-15,9209
00882,中信中國高股息,10,0,10,凱基-岡山,2023-03-15,9209
1723,中碳,10,0,10,凱基-岡山,2023-03-15,9209
2302,麗正,10,0,10,凱基-岡山,2023-03-15,9209
5009,榮剛,10,0,10,凱基-岡山,2023-03-15,9209
5309,系統電,10,0,10,凱基-岡山,2023-03-15,9209
6156,松上,10,0,10,凱基-岡山,2023-03-15,9209
8043,蜜望實,10,0,10,凱基-岡山,2023-03-15,9209
2425,承啟,9,0,9,凱基-岡山,2023-03-15,9209
8091,翔名,9,0,9,凱基-岡山,2023-03-15,9209
2892,第一金,8,0,8,凱基-岡山,2023-03-15,9209
2355,敬鵬,8,1,7,凱基-岡山,2023-03-15,9209
2465,麗臺,7,0,7,凱基-岡山,2023-03-15,9209
3035,智原,15,8,7,凱基-岡山,2023-03-15,9209
2891,中信金,8,2,6,凱基-岡山,2023-03-15,9209
00905,FT臺灣Smart,6,0,6,凱基-岡山,2023-03-15,9209
5351,鈺創,6,0,6,凱基-岡山,2023-03-15,9209
00712,復華富時不動產,6,0,6,凱基-岡山,2023-03-15,9209
00637L,元大滬深300正2,13,7,6,凱基-岡山,2023-03-15,9209
2002,中鋼,6,0,6,凱基-岡山,2023-03-15,9209
3005,神基,6,0,6,凱基-岡山,2023-03-15,9209
9945,潤泰新,10,4,6,凱基-岡山,2023-03-15,9209
00715L,期街口布蘭特正2,90,0,90,凱基-岡山,2023-03-16,9209
00878,國泰永續高股息,82,2,80,凱基-岡山,2023-03-16,9209
2883,凱基金,73,0,73,凱基-岡山,2023-03-16,9209
2891,中信金,73,16,57,凱基-岡山,2023-03-16,9209
8091,翔名,31,0,31,凱基-岡山,2023-03-16,9209
2886,兆豐金,29,0,29,凱基-岡山,2023-03-16,9209
00642U,期元大S＆P石油,28,0,28,凱基-岡山,2023-03-16,9209
1506,正道,30,2,28,凱基-岡山,2023-03-16,9209
2867,三商壽,25,0,25,凱基-岡山,2023-03-16,9209
2603,長榮,33,8,25,凱基-岡山,2023-03-16,9209
3652,精聯,22,0,22,凱基-岡山,2023-03-16,9209
3056,富華新,23,1,22,凱基-岡山,2023-03-16,9209
2889,國票金,21,0,21,凱基-岡山,2023-03-16,9209
4541,晟田,22,2,20,凱基-岡山,2023-03-16,9209
4931,新盛力,21,1,20,凱基-岡山,2023-03-16,9209
6120,達運,20,0,20,凱基-岡山,2023-03-16,9209
2618,長榮航,22,4,18,凱基-岡山,2023-03-16,9209
2409,友達,20,2,18,凱基-岡山,2023-03-16,9209
00713,元大台灣高息低波,18,0,18,凱基-岡山,2023-03-16,9209
00712,復華富時不動產,16,0,16,凱基-岡山,2023-03-16,9209
9945,潤泰新,27,12,15,凱基-岡山,2023-03-16,9209
2884,玉山金,23,8,15,凱基-岡山,2023-03-16,9209
3576,聯合再生,15,1,14,凱基-岡山,2023-03-16,9209
6532,瑞耘,14,0,14,凱基-岡山,2023-03-16,9209
3520,華盈,13,0,13,凱基-岡山,2023-03-16,9209
2881,富邦金,13,0,13,凱基-岡山,2023-03-16,9209
3037,欣興,21,9,12,凱基-岡山,2023-03-16,9209
0056,元大高股息,13,1,12,凱基-岡山,2023-03-16,9209
1609,大亞,12,0,12,凱基-岡山,2023-03-16,9209
2330,台積電,12,0,12,凱基-岡山,2023-03-16,9209
1314,中石化,11,0,11,凱基-岡山,2023-03-16,9209
3162,精確,11,0,11,凱基-岡山,2023-03-16,9209
2812,台中銀,10,0,10,凱基-岡山,2023-03-16,9209
2104,國際中橡,10,0,10,凱基-岡山,2023-03-16,9209
00882,中信中國高股息,10,0,10,凱基-岡山,2023-03-16,9209
2486,一詮,11,1,10,凱基-岡山,2023-03-16,9209
2641,正德,23,13,10,凱基-岡山,2023-03-16,9209
2801,彰銀,10,0,10,凱基-岡山,2023-03-16,9209
2897,王道銀行,10,0,10,凱基-岡山,2023-03-16,9209
4564,元翎,10,0,10,凱基-岡山,2023-03-16,9209
5230,雷笛克光學,10,0,10,凱基-岡山,2023-03-16,9209
6133,金橋,10,0,10,凱基-岡山,2023-03-16,9209
911868,同方友友-DR,10,0,10,凱基-岡山,2023-03-16,9209
00893,國泰智能電動車,11,2,9,凱基-岡山,2023-03-16,9209
1524,耿鼎,11,2,9,凱基-岡山,2023-03-16,9209
2609,陽明,16,8,8,凱基-岡山,2023-03-16,9209
2385,群光,10,2,8,凱基-岡山,2023-03-16,9209
2851,中再保,8,0,8,凱基-岡山,2023-03-16,9209
6191,精成科,8,0,8,凱基-岡山,2023-03-16,9209
1101,台泥,7,0,7,凱基-岡山,2023-03-16,9209
00632R,元大台灣50反1,205,0,205,凱基-岡山,2023-03-17,9209
2344,華邦電,60,2,58,凱基-岡山,2023-03-17,9209
2884,玉山金,47,0,47,凱基-岡山,2023-03-17,9209
2457,飛宏,40,2,38,凱基-岡山,2023-03-17,9209
2002,中鋼,54,17,37,凱基-岡山,2023-03-17,9209
2317,鴻海,56,19,37,凱基-岡山,2023-03-17,9209
3707,漢磊,33,0,33,凱基-岡山,2023-03-17,9209
00715L,期街口布蘭特正2,30,2,28,凱基-岡山,2023-03-17,9209
2645,長榮航太,29,2,27,凱基-岡山,2023-03-17,9209
2027,大成鋼,21,0,21,凱基-岡山,2023-03-17,9209
1611,中電,20,0,20,凱基-岡山,2023-03-17,9209
3048,益登,20,0,20,凱基-岡山,2023-03-17,9209
00878,國泰永續高股息,57,37,20,凱基-岡山,2023-03-17,9209
00680L,元大美債20正2,17,0,17,凱基-岡山,2023-03-17,9209
2610,華航,14,0,14,凱基-岡山,2023-03-17,9209
00907,永豐優息存股,14,0,14,凱基-岡山,2023-03-17,9209
2425,承啟,14,0,14,凱基-岡山,2023-03-17,9209
2891,中信金,31,17,14,凱基-岡山,2023-03-17,9209
1609,大亞,14,1,13,凱基-岡山,2023-03-17,9209
9904,寶成,13,0,13,凱基-岡山,2023-03-17,9209
2606,裕民,14,2,12,凱基-岡山,2023-03-17,9209
00679B,元大美債20年,12,0,12,凱基-岡山,2023-03-17,9209
2014,中鴻,12,1,11,凱基-岡山,2023-03-17,9209
2399,映泰,15,4,11,凱基-岡山,2023-03-17,9209
2409,友達,12,2,10,凱基-岡山,2023-03-17,9209
2413,環科,11,1,10,凱基-岡山,2023-03-17,9209
2867,三商壽,10,0,10,凱基-岡山,2023-03-17,9209
5309,系統電,10,0,10,凱基-岡山,2023-03-17,9209
5701,劍湖山,10,0,10,凱基-岡山,2023-03-17,9209
8050,廣積,10,0,10,凱基-岡山,2023-03-17,9209
9938,百和,9,1,8,凱基-岡山,2023-03-17,9209
00882,中信中國高股息,10,2,8,凱基-岡山,2023-03-17,9209
1524,耿鼎,10,2,8,凱基-岡山,2023-03-17,9209
2497,怡利電,12,4,8,凱基-岡山,2023-03-17,9209
2812,台中銀,8,0,8,凱基-岡山,2023-03-17,9209
6770,力積電,32,24,8,凱基-岡山,2023-03-17,9209
00713,元大台灣高息低波,7,0,7,凱基-岡山,2023-03-17,9209
1734,杏輝,7,0,7,凱基-岡山,2023-03-17,9209
1785,光洋科,12,5,7,凱基-岡山,2023-03-17,9209
2387,精元,7,0,7,凱基-岡山,2023-03-17,9209
2836,高雄銀,7,0,7,凱基-岡山,2023-03-17,9209
2882,國泰金,7,0,7,凱基-岡山,2023-03-17,9209
4934,太極,7,0,7,凱基-岡山,2023-03-17,9209
9941,裕融,7,0,7,凱基-岡山,2023-03-17,9209
00857B,永豐20年美公債,6,0,6,凱基-岡山,2023-03-17,9209
2412,中華電,17,11,6,凱基-岡山,2023-03-17,9209
2498,宏達電,15,9,6,凱基-岡山,2023-03-17,9209
2880,華南金,6,0,6,凱基-岡山,2023-03-17,9209
3003,健和興,6,0,6,凱基-岡山,2023-03-17,9209
4961,天鈺,9,3,6,凱基-岡山,2023-03-17,9209
1718,中纖,155,0,155,凱基-岡山,2023-03-20,9209
2427,三商電,62,0,62,凱基-岡山,2023-03-20,9209
00642U,期元大S＆P石油,40,0,40,凱基-岡山,2023-03-20,9209
3058,立德,40,1,39,凱基-岡山,2023-03-20,9209
2891,中信金,36,0,36,凱基-岡山,2023-03-20,9209
9945,潤泰新,45,10,35,凱基-岡山,2023-03-20,9209
2883,凱基金,33,0,33,凱基-岡山,2023-03-20,9209
00878,國泰永續高股息,49,16,33,凱基-岡山,2023-03-20,9209
00637L,元大滬深300正2,22,1,21,凱基-岡山,2023-03-20,9209
3707,漢磊,42,21,21,凱基-岡山,2023-03-20,9209
911868,同方友友-DR,20,0,20,凱基-岡山,2023-03-20,9209
2882,國泰金,19,0,19,凱基-岡山,2023-03-20,9209
2359,所羅門,17,0,17,凱基-岡山,2023-03-20,9209
00753L,中信中國50正2,22,6,16,凱基-岡山,2023-03-20,9209
1316,上曜,40,24,16,凱基-岡山,2023-03-20,9209
2881,富邦金,15,0,15,凱基-岡山,2023-03-20,9209
5608,四維航,15,0,15,凱基-岡山,2023-03-20,9209
1725,元禎,15,0,15,凱基-岡山,2023-03-20,9209
3479,安勤,15,0,15,凱基-岡山,2023-03-20,9209
3624,光頡,25,10,15,凱基-岡山,2023-03-20,9209
1305,華夏,14,0,14,凱基-岡山,2023-03-20,9209
6245,立端,14,0,14,凱基-岡山,2023-03-20,9209
2812,台中銀,14,1,13,凱基-岡山,2023-03-20,9209
9927,泰銘,13,0,13,凱基-岡山,2023-03-20,9209
3217,優群,12,0,12,凱基-岡山,2023-03-20,9209
5309,系統電,12,0,12,凱基-岡山,2023-03-20,9209
6770,力積電,12,0,12,凱基-岡山,2023-03-20,9209
00715L,期街口布蘭特正2,41,30,11,凱基-岡山,2023-03-20,9209
1402,遠東新,11,0,11,凱基-岡山,2023-03-20,9209
2409,友達,11,0,11,凱基-岡山,2023-03-20,9209
2606,裕民,11,0,11,凱基-岡山,2023-03-20,9209
1605,華新,10,0,10,凱基-岡山,2023-03-20,9209
2002,中鋼,10,0,10,凱基-岡山,2023-03-20,9209
2373,震旦行,10,0,10,凱基-岡山,2023-03-20,9209
2605,新興,10,0,10,凱基-岡山,2023-03-20,9209
4976,佳凌,10,0,10,凱基-岡山,2023-03-20,9209
5452,佶優,10,0,10,凱基-岡山,2023-03-20,9209
6719,力智,11,1,10,凱基-岡山,2023-03-20,9209
00679B,元大美債20年,10,0,10,凱基-岡山,2023-03-20,9209
4977,眾達-KY,10,1,9,凱基-岡山,2023-03-20,9209
6415,矽力*-KY,9,1,8,凱基-岡山,2023-03-20,9209
1519,華城,11,4,7,凱基-岡山,2023-03-20,9209
2880,華南金,6,0,6,凱基-岡山,2023-03-20,9209
00902,中信電池及儲能,6,0,6,凱基-岡山,2023-03-20,9209
1815,富喬,6,0,6,凱基-岡山,2023-03-20,9209
2867,三商壽,6,0,6,凱基-岡山,2023-03-20,9209
2014,中鴻,9,3,6,凱基-岡山,2023-03-20,9209
00633L,富邦上証正2,6,1,5,凱基-岡山,2023-03-20,9209
1522,堤維西,5,0,5,凱基-岡山,2023-03-20,9209
1604,聲寶,5,0,5,凱基-岡山,2023-03-20,9209
2801,彰銀,1370,0,1370,凱基-岡山,2023-03-21,9209
6288,聯嘉,64,4,60,凱基-岡山,2023-03-21,9209
1783,和康生,60,6,54,凱基-岡山,2023-03-21,9209
1584,精剛,52,3,49,凱基-岡山,2023-03-21,9209
2495,普安,50,3,47,凱基-岡山,2023-03-21,9209
3290,東浦,40,2,38,凱基-岡山,2023-03-21,9209
00885,富邦越南,43,10,33,凱基-岡山,2023-03-21,9209
2027,大成鋼,30,0,30,凱基-岡山,2023-03-21,9209
2498,宏達電,31,1,30,凱基-岡山,2023-03-21,9209
2303,聯電,31,5,26,凱基-岡山,2023-03-21,9209
2888,新光金,30,5,25,凱基-岡山,2023-03-21,9209
00878,國泰永續高股息,26,2,24,凱基-岡山,2023-03-21,9209
6443,元晶,28,5,23,凱基-岡山,2023-03-21,9209
3481,群創,31,9,22,凱基-岡山,2023-03-21,9209
2886,兆豐金,14,0,14,凱基-岡山,2023-03-21,9209
2891,中信金,19,5,14,凱基-岡山,2023-03-21,9209
8201,無敵,15,1,14,凱基-岡山,2023-03-21,9209
1305,華夏,13,0,13,凱基-岡山,2023-03-21,9209
8936,國統,13,0,13,凱基-岡山,2023-03-21,9209
00688L,國泰20年美債正2,13,0,13,凱基-岡山,2023-03-21,9209
6504,南六,13,0,13,凱基-岡山,2023-03-21,9209
1402,遠東新,12,0,12,凱基-岡山,2023-03-21,9209
2383,台光電,12,0,12,凱基-岡山,2023-03-21,9209
2388,威盛,21,9,12,凱基-岡山,2023-03-21,9209
3711,日月光投控,12,0,12,凱基-岡山,2023-03-21,9209
5464,霖宏,12,0,12,凱基-岡山,2023-03-21,9209
2834,臺企銀,18,6,12,凱基-岡山,2023-03-21,9209
6552,易華電,11,0,11,凱基-岡山,2023-03-21,9209
1609,大亞,13,3,10,凱基-岡山,2023-03-21,9209
3652,精聯,28,18,10,凱基-岡山,2023-03-21,9209
00751B,元大AAA至A公司債,10,1,9,凱基-岡山,2023-03-21,9209
2425,承啟,10,1,9,凱基-岡山,2023-03-21,9209
4976,佳凌,10,1,9,凱基-岡山,2023-03-21,9209
4977,眾達-KY,10,1,9,凱基-岡山,2023-03-21,9209
6191,精成科,10,1,9,凱基-岡山,2023-03-21,9209
1734,杏輝,9,1,8,凱基-岡山,2023-03-21,9209
2880,華南金,7,0,7,凱基-岡山,2023-03-21,9209
2486,一詮,7,0,7,凱基-岡山,2023-03-21,9209
2344,華邦電,29,22,7,凱基-岡山,2023-03-21,9209
6282,康舒,7,0,7,凱基-岡山,2023-03-21,9209
00891,中信關鍵半導體,6,0,6,凱基-岡山,2023-03-21,9209
2610,華航,6,0,6,凱基-岡山,2023-03-21,9209
5289,宜鼎,7,1,6,凱基-岡山,2023-03-21,9209
2881,富邦金,16,10,6,凱基-岡山,2023-03-21,9209
2884,玉山金,6,0,6,凱基-岡山,2023-03-21,9209
2515,中工,5,0,5,凱基-岡山,2023-03-21,9209
1473,台南,5,0,5,凱基-岡山,2023-03-21,9209
1605,華新,6,1,5,凱基-岡山,2023-03-21,9209
2882,國泰金,5,0,5,凱基-岡山,2023-03-21,9209
4114,健喬,5,0,5,凱基-岡山,2023-03-21,9209
2801,彰銀,2550,0,2550,凱基-岡山,2023-03-22,9209
00632R,元大台灣50反1,145,0,145,凱基-岡山,2023-03-22,9209
3290,東浦,117,1,116,凱基-岡山,2023-03-22,9209
1504,東元,113,7,106,凱基-岡山,2023-03-22,9209
2356,英業達,50,6,44,凱基-岡山,2023-03-22,9209
00680L,元大美債20正2,43,0,43,凱基-岡山,2023-03-22,9209
00715L,期街口布蘭特正2,39,5,34,凱基-岡山,2023-03-22,9209
2303,聯電,42,9,33,凱基-岡山,2023-03-22,9209
4306,炎洲,33,0,33,凱基-岡山,2023-03-22,9209
6109,亞元,30,0,30,凱基-岡山,2023-03-22,9209
00679B,元大美債20年,24,0,24,凱基-岡山,2023-03-22,9209
6185,幃翔,24,0,24,凱基-岡山,2023-03-22,9209
2618,長榮航,19,1,18,凱基-岡山,2023-03-22,9209
2888,新光金,20,2,18,凱基-岡山,2023-03-22,9209
3189,景碩,21,4,17,凱基-岡山,2023-03-22,9209
9904,寶成,16,0,16,凱基-岡山,2023-03-22,9209
00637L,元大滬深300正2,24,9,15,凱基-岡山,2023-03-22,9209
8431,匯鑽科,15,0,15,凱基-岡山,2023-03-22,9209
2457,飛宏,20,6,14,凱基-岡山,2023-03-22,9209
00688L,國泰20年美債正2,14,0,14,凱基-岡山,2023-03-22,9209
3217,優群,22,8,14,凱基-岡山,2023-03-22,9209
4961,天鈺,18,4,14,凱基-岡山,2023-03-22,9209
4976,佳凌,13,0,13,凱基-岡山,2023-03-22,9209
00696B,富邦美債20年,12,0,12,凱基-岡山,2023-03-22,9209
3013,晟銘電,11,0,11,凱基-岡山,2023-03-22,9209
1513,中興電,15,4,11,凱基-岡山,2023-03-22,9209
2371,大同,11,0,11,凱基-岡山,2023-03-22,9209
4721,美琪瑪,16,5,11,凱基-岡山,2023-03-22,9209
6120,達運,11,0,11,凱基-岡山,2023-03-22,9209
8112,至上,11,0,11,凱基-岡山,2023-03-22,9209
5864,致和證,11,0,11,凱基-岡山,2023-03-22,9209
4934,太極,16,6,10,凱基-岡山,2023-03-22,9209
5512,力麒,10,0,10,凱基-岡山,2023-03-22,9209
6016,康和證,10,0,10,凱基-岡山,2023-03-22,9209
1108,幸福,10,0,10,凱基-岡山,2023-03-22,9209
00681R,元大美債20反1,10,0,10,凱基-岡山,2023-03-22,9209
1455,集盛,10,0,10,凱基-岡山,2023-03-22,9209
2355,敬鵬,10,0,10,凱基-岡山,2023-03-22,9209
2482,連宇,14,4,10,凱基-岡山,2023-03-22,9209
3024,憶聲,10,0,10,凱基-岡山,2023-03-22,9209
4543,萬在,10,0,10,凱基-岡山,2023-03-22,9209
6122,擎邦,12,2,10,凱基-岡山,2023-03-22,9209
911868,同方友友-DR,10,0,10,凱基-岡山,2023-03-22,9209
3264,欣銓,10,1,9,凱基-岡山,2023-03-22,9209
2891,中信金,9,0,9,凱基-岡山,2023-03-22,9209
5608,四維航,10,1,9,凱基-岡山,2023-03-22,9209
2442,新美齊,9,0,9,凱基-岡山,2023-03-22,9209
1314,中石化,10,2,8,凱基-岡山,2023-03-22,9209
3714,富采,10,2,8,凱基-岡山,2023-03-22,9209
4534,慶騰,8,0,8,凱基-岡山,2023-03-22,9209
2801,彰銀,1500,0,1500,凱基-岡山,2023-03-23,9209
2888,新光金,202,0,202,凱基-岡山,2023-03-23,9209
00885,富邦越南,200,9,191,凱基-岡山,2023-03-23,9209
00632R,元大台灣50反1,90,1,89,凱基-岡山,2023-03-23,9209
6109,亞元,80,10,70,凱基-岡山,2023-03-23,9209
4919,新唐,54,10,44,凱基-岡山,2023-03-23,9209
2605,新興,41,0,41,凱基-岡山,2023-03-23,9209
5258,虹堡,42,3,39,凱基-岡山,2023-03-23,9209
2610,華航,50,12,38,凱基-岡山,2023-03-23,9209
3338,泰碩,40,5,35,凱基-岡山,2023-03-23,9209
00664R,國泰臺灣加權反1,30,0,30,凱基-岡山,2023-03-23,9209
3078,僑威,30,0,30,凱基-岡山,2023-03-23,9209
9904,寶成,26,0,26,凱基-岡山,2023-03-23,9209
1605,華新,23,1,22,凱基-岡山,2023-03-23,9209
3466,德晉,21,0,21,凱基-岡山,2023-03-23,9209
4967,十銓,21,1,20,凱基-岡山,2023-03-23,9209
1313,聯成,20,0,20,凱基-岡山,2023-03-23,9209
2027,大成鋼,18,0,18,凱基-岡山,2023-03-23,9209
00679B,元大美債20年,20,3,17,凱基-岡山,2023-03-23,9209
2885,元大金,15,0,15,凱基-岡山,2023-03-23,9209
2645,長榮航太,15,0,15,凱基-岡山,2023-03-23,9209
00715L,期街口布蘭特正2,14,0,14,凱基-岡山,2023-03-23,9209
1453,大將,13,0,13,凱基-岡山,2023-03-23,9209
2344,華邦電,20,7,13,凱基-岡山,2023-03-23,9209
3646,艾恩特,13,0,13,凱基-岡山,2023-03-23,9209
3591,艾笛森,12,0,12,凱基-岡山,2023-03-23,9209
2812,台中銀,12,0,12,凱基-岡山,2023-03-23,9209
2419,仲琦,10,0,10,凱基-岡山,2023-03-23,9209
4147,中裕,10,0,10,凱基-岡山,2023-03-23,9209
4953,緯軟,15,5,10,凱基-岡山,2023-03-23,9209
6120,達運,12,2,10,凱基-岡山,2023-03-23,9209
6138,茂達,10,0,10,凱基-岡山,2023-03-23,9209
911868,同方友友-DR,10,0,10,凱基-岡山,2023-03-23,9209
00898,國泰基因免疫革命,9,0,9,凱基-岡山,2023-03-23,9209
1524,耿鼎,16,7,9,凱基-岡山,2023-03-23,9209
2385,群光,18,9,9,凱基-岡山,2023-03-23,9209
4934,太極,9,0,9,凱基-岡山,2023-03-23,9209
00896,中信綠能及電動車,8,0,8,凱基-岡山,2023-03-23,9209
1316,上曜,30,22,8,凱基-岡山,2023-03-23,9209
2331,精英,8,0,8,凱基-岡山,2023-03-23,9209
2368,金像電,33,25,8,凱基-岡山,2023-03-23,9209
2891,中信金,10,2,8,凱基-岡山,2023-03-23,9209
3481,群創,9,1,8,凱基-岡山,2023-03-23,9209
5009,榮剛,11,3,8,凱基-岡山,2023-03-23,9209
2634,漢翔,25,18,7,凱基-岡山,2023-03-23,9209
1584,精剛,8,1,7,凱基-岡山,2023-03-23,9209
2406,國碩,9,2,7,凱基-岡山,2023-03-23,9209
00712,復華富時不動產,6,0,6,凱基-岡山,2023-03-23,9209
3013,晟銘電,11,5,6,凱基-岡山,2023-03-23,9209
3022,威強電,6,0,6,凱基-岡山,2023-03-23,9209
2801,彰銀,800,0,800,凱基-岡山,2023-03-24,9209
8277,商丞,153,0,153,凱基-岡山,2023-03-24,9209
6109,亞元,70,0,70,凱基-岡山,2023-03-24,9209
2431,聯昌,44,2,42,凱基-岡山,2023-03-24,9209
9945,潤泰新,37,0,37,凱基-岡山,2023-03-24,9209
2504,國產,31,0,31,凱基-岡山,2023-03-24,9209
6485,點序,38,7,31,凱基-岡山,2023-03-24,9209
3013,晟銘電,31,1,30,凱基-岡山,2023-03-24,9209
2105,正新,30,3,27,凱基-岡山,2023-03-24,9209
6120,達運,25,1,24,凱基-岡山,2023-03-24,9209
5351,鈺創,21,0,21,凱基-岡山,2023-03-24,9209
1603,華電,20,0,20,凱基-岡山,2023-03-24,9209
2603,長榮,22,2,20,凱基-岡山,2023-03-24,9209
2904,匯僑,20,0,20,凱基-岡山,2023-03-24,9209
00679B,元大美債20年,20,2,18,凱基-岡山,2023-03-24,9209
3714,富采,14,3,11,凱基-岡山,2023-03-24,9209
4961,天鈺,13,2,11,凱基-岡山,2023-03-24,9209
00680L,元大美債20正2,12,2,10,凱基-岡山,2023-03-24,9209
1312,國喬,10,0,10,凱基-岡山,2023-03-24,9209
1504,東元,30,20,10,凱基-岡山,2023-03-24,9209
2617,台航,10,0,10,凱基-岡山,2023-03-24,9209
3338,泰碩,10,0,10,凱基-岡山,2023-03-24,9209
4534,慶騰,10,0,10,凱基-岡山,2023-03-24,9209
6122,擎邦,21,13,8,凱基-岡山,2023-03-24,9209
2880,華南金,7,0,7,凱基-岡山,2023-03-24,9209
00715L,期街口布蘭特正2,7,0,7,凱基-岡山,2023-03-24,9209
2845,遠東銀,7,0,7,凱基-岡山,2023-03-24,9209
2303,聯電,9,3,6,凱基-岡山,2023-03-24,9209
6443,元晶,7,1,6,凱基-岡山,2023-03-24,9209
2436,偉詮電,6,0,6,凱基-岡山,2023-03-24,9209
2892,第一金,5,0,5,凱基-岡山,2023-03-24,9209
00720B,元大投資級公司債,7,2,5,凱基-岡山,2023-03-24,9209
00902,中信電池及儲能,5,0,5,凱基-岡山,2023-03-24,9209
2547,日勝生,5,0,5,凱基-岡山,2023-03-24,9209
3047,訊舟,5,0,5,凱基-岡山,2023-03-24,9209
3704,合勤控,5,0,5,凱基-岡山,2023-03-24,9209
6206,飛捷,5,0,5,凱基-岡山,2023-03-24,9209
6244,茂迪,17,12,5,凱基-岡山,2023-03-24,9209
6279,胡連,5,0,5,凱基-岡山,2023-03-24,9209
6531,愛普*,8,3,5,凱基-岡山,2023-03-24,9209
2609,陽明,9,4,5,凱基-岡山,2023-03-24,9209
00671R,富邦NASDAQ反1,4,0,4,凱基-岡山,2023-03-24,9209
00642U,期元大S＆P石油,4,0,4,凱基-岡山,2023-03-24,9209
1217,愛之味,6,2,4,凱基-岡山,2023-03-24,9209
2478,大毅,4,0,4,凱基-岡山,2023-03-24,9209
2867,三商壽,4,0,4,凱基-岡山,2023-03-24,9209
3652,精聯,6,2,4,凱基-岡山,2023-03-24,9209
3710,連展投控,6,2,4,凱基-岡山,2023-03-24,9209
6235,華孚,10,6,4,凱基-岡山,2023-03-24,9209
6243,迅杰,6,2,4,凱基-岡山,2023-03-24,9209
2801,彰銀,558,0,558,凱基-岡山,2023-03-27,9209
2438,翔耀,117,0,117,凱基-岡山,2023-03-27,9209
2317,鴻海,52,0,52,凱基-岡山,2023-03-27,9209
00673R,期元大S＆P原油反1,33,0,33,凱基-岡山,2023-03-27,9209
1513,中興電,35,4,31,凱基-岡山,2023-03-27,9209
00713,元大台灣高息低波,28,0,28,凱基-岡山,2023-03-27,9209
2867,三商壽,25,0,25,凱基-岡山,2023-03-27,9209
1605,華新,26,2,24,凱基-岡山,2023-03-27,9209
4722,國精化,24,0,24,凱基-岡山,2023-03-27,9209
2344,華邦電,31,9,22,凱基-岡山,2023-03-27,9209
6109,亞元,22,0,22,凱基-岡山,2023-03-27,9209
1310,台苯,20,0,20,凱基-岡山,2023-03-27,9209
3078,僑威,35,15,20,凱基-岡山,2023-03-27,9209
2890,永豐金,18,0,18,凱基-岡山,2023-03-27,9209
2002,中鋼,17,2,15,凱基-岡山,2023-03-27,9209
3046,建��,19,4,15,凱基-岡山,2023-03-27,9209
4534,慶騰,15,0,15,凱基-岡山,2023-03-27,9209
5011,久陽,15,0,15,凱基-岡山,2023-03-27,9209
1312,國喬,15,1,14,凱基-岡山,2023-03-27,9209
2645,長榮航太,15,1,14,凱基-岡山,2023-03-27,9209
6770,力積電,13,0,13,凱基-岡山,2023-03-27,9209
2431,聯昌,17,4,13,凱基-岡山,2023-03-27,9209
6152,百一,13,0,13,凱基-岡山,2023-03-27,9209
00753L,中信中國50正2,12,0,12,凱基-岡山,2023-03-27,9209
1609,大亞,26,14,12,凱基-岡山,2023-03-27,9209
00882,中信中國高股息,12,0,12,凱基-岡山,2023-03-27,9209
2606,裕民,11,0,11,凱基-岡山,2023-03-27,9209
3217,優群,20,9,11,凱基-岡山,2023-03-27,9209
5351,鈺創,12,1,11,凱基-岡山,2023-03-27,9209
6244,茂迪,41,30,11,凱基-岡山,2023-03-27,9209
1815,富喬,10,0,10,凱基-岡山,2023-03-27,9209
2457,飛宏,10,0,10,凱基-岡山,2023-03-27,9209
3712,永崴投控,10,0,10,凱基-岡山,2023-03-27,9209
6546,正基,10,0,10,凱基-岡山,2023-03-27,9209
6606,建德工業,10,0,10,凱基-岡山,2023-03-27,9209
2303,聯電,16,7,9,凱基-岡山,2023-03-27,9209
2476,鉅祥,10,1,9,凱基-岡山,2023-03-27,9209
6288,聯嘉,27,18,9,凱基-岡山,2023-03-27,9209
00878,國泰永續高股息,19,11,8,凱基-岡山,2023-03-27,9209
1444,力麗,12,4,8,凱基-岡山,2023-03-27,9209
1618,合機,8,0,8,凱基-岡山,2023-03-27,9209
2392,正崴,12,4,8,凱基-岡山,2023-03-27,9209
2485,兆赫,8,0,8,凱基-岡山,2023-03-27,9209
3550,聯穎,8,0,8,凱基-岡山,2023-03-27,9209
2486,一詮,10,3,7,凱基-岡山,2023-03-27,9209
4541,晟田,6,0,6,凱基-岡山,2023-03-27,9209
2462,良得電,6,0,6,凱基-岡山,2023-03-27,9209
2615,萬海,6,0,6,凱基-岡山,2023-03-27,9209
2888B,新光金乙特,6,0,6,凱基-岡山,2023-03-27,9209
3714,富采,24,18,6,凱基-岡山,2023-03-27,9209
2801,彰銀,607,0,607,凱基-岡山,2023-03-28,9209
00679B,元大美債20年,42,0,42,凱基-岡山,2023-03-28,9209
5258,虹堡,40,0,40,凱基-岡山,2023-03-28,9209
1605,華新,41,12,29,凱基-岡山,2023-03-28,9209
00671R,富邦NASDAQ反1,31,4,27,凱基-岡山,2023-03-28,9209
6185,幃翔,25,0,25,凱基-岡山,2023-03-28,9209
3037,欣興,29,5,24,凱基-岡山,2023-03-28,9209
1708,東鹼,23,1,22,凱基-岡山,2023-03-28,9209
00680L,元大美債20正2,19,0,19,凱基-岡山,2023-03-28,9209
00882,中信中國高股息,19,0,19,凱基-岡山,2023-03-28,9209
00720B,元大投資級公司債,18,0,18,凱基-岡山,2023-03-28,9209
3624,光頡,42,25,17,凱基-岡山,2023-03-28,9209
2340,台亞,29,14,15,凱基-岡山,2023-03-28,9209
00894,中信小資高價30,22,8,14,凱基-岡山,2023-03-28,9209
00725B,國泰投資級公司債,14,0,14,凱基-岡山,2023-03-28,9209
1310,台苯,13,0,13,凱基-岡山,2023-03-28,9209
00751B,元大AAA至A公司債,13,0,13,凱基-岡山,2023-03-28,9209
00772B,中信高評級公司債,13,0,13,凱基-岡山,2023-03-28,9209
2481,強茂,16,3,13,凱基-岡山,2023-03-28,9209
00696B,富邦美債20年,12,0,12,凱基-岡山,2023-03-28,9209
00857B,永豐20年美公債,12,0,12,凱基-岡山,2023-03-28,9209
6148,驊宏資,12,0,12,凱基-岡山,2023-03-28,9209
2002,中鋼,12,2,10,凱基-岡山,2023-03-28,9209
2486,一詮,10,0,10,凱基-岡山,2023-03-28,9209
4111,濟生,10,0,10,凱基-岡山,2023-03-28,9209
4564,元翎,10,0,10,凱基-岡山,2023-03-28,9209
6109,亞元,10,0,10,凱基-岡山,2023-03-28,9209
6248,沛波,10,0,10,凱基-岡山,2023-03-28,9209
911868,同方友友-DR,10,0,10,凱基-岡山,2023-03-28,9209
2330,台積電,9,0,9,凱基-岡山,2023-03-28,9209
3047,訊舟,9,0,9,凱基-岡山,2023-03-28,9209
1316,上曜,16,8,8,凱基-岡山,2023-03-28,9209
3576,聯合再生,9,1,8,凱基-岡山,2023-03-28,9209
4923,力士,8,0,8,凱基-岡山,2023-03-28,9209
1455,集盛,7,0,7,凱基-岡山,2023-03-28,9209
3338,泰碩,7,0,7,凱基-岡山,2023-03-28,9209
6416,瑞祺電通,7,0,7,凱基-岡山,2023-03-28,9209
6532,瑞耘,7,0,7,凱基-岡山,2023-03-28,9209
6753,龍德造船,8,1,7,凱基-岡山,2023-03-28,9209
8222,寶一,20,13,7,凱基-岡山,2023-03-28,9209
3162,精確,6,0,6,凱基-岡山,2023-03-28,9209
3356,奇偶,6,0,6,凱基-岡山,2023-03-28,9209
3481,群創,7,1,6,凱基-岡山,2023-03-28,9209
3570,大塚,6,0,6,凱基-岡山,2023-03-28,9209
4114,健喬,6,0,6,凱基-岡山,2023-03-28,9209
4961,天鈺,6,0,6,凱基-岡山,2023-03-28,9209
5425,台半,15,9,6,凱基-岡山,2023-03-28,9209
6285,啟��,6,0,6,凱基-岡山,2023-03-28,9209
6606,建德工業,6,0,6,凱基-岡山,2023-03-28,9209
2303,聯電,9,3,6,凱基-岡山,2023-03-28,9209
2801,彰銀,541,0,541,凱基-岡山,2023-03-29,9209
00885,富邦越南,223,6,217,凱基-岡山,2023-03-29,9209
6443,元晶,57,0,57,凱基-岡山,2023-03-29,9209
00922,國泰台灣領袖50,65,11,54,凱基-岡山,2023-03-29,9209
1609,大亞,54,18,36,凱基-岡山,2023-03-29,9209
4128,中天,40,7,33,凱基-岡山,2023-03-29,9209
1540,喬福,30,0,30,凱基-岡山,2023-03-29,9209
00900,富邦特選高股息30,22,0,22,凱基-岡山,2023-03-29,9209
2867,三商壽,27,5,22,凱基-岡山,2023-03-29,9209
5531,鄉林,20,0,20,凱基-岡山,2023-03-29,9209
9945,潤泰新,20,0,20,凱基-岡山,2023-03-29,9209
2342,茂矽,25,8,17,凱基-岡山,2023-03-29,9209
4722,國精化,16,0,16,凱基-岡山,2023-03-29,9209
2348A,海悅甲特,14,0,14,凱基-岡山,2023-03-29,9209
2618,長榮航,77,63,14,凱基-岡山,2023-03-29,9209
00680L,元大美債20正2,13,0,13,凱基-岡山,2023-03-29,9209
2371,大同,21,10,11,凱基-岡山,2023-03-29,9209
3024,憶聲,11,0,11,凱基-岡山,2023-03-29,9209
8111,立��,11,0,11,凱基-岡山,2023-03-29,9209
8050,廣積,13,3,10,凱基-岡山,2023-03-29,9209
2888,新光金,10,0,10,凱基-岡山,2023-03-29,9209
6485,點序,12,3,9,凱基-岡山,2023-03-29,9209
5009,榮剛,12,3,9,凱基-岡山,2023-03-29,9209
6532,瑞耘,9,0,9,凱基-岡山,2023-03-29,9209
1605,華新,12,4,8,凱基-岡山,2023-03-29,9209
2606,裕民,8,0,8,凱基-岡山,2023-03-29,9209
2845,遠東銀,8,0,8,凱基-岡山,2023-03-29,9209
00679B,元大美債20年,8,0,8,凱基-岡山,2023-03-29,9209
2329,華泰,17,10,7,凱基-岡山,2023-03-29,9209
6142,友勁,10,3,7,凱基-岡山,2023-03-29,9209
00878,國泰永續高股息,12,6,6,凱基-岡山,2023-03-29,9209
1101,台泥,6,0,6,凱基-岡山,2023-03-29,9209
3576,聯合再生,7,1,6,凱基-岡山,2023-03-29,9209
3706,神達,6,0,6,凱基-岡山,2023-03-29,9209
6550,北極星藥業-KY,6,0,6,凱基-岡山,2023-03-29,9209
8112A,至上甲特,6,0,6,凱基-岡山,2023-03-29,9209
1460,宏遠,5,0,5,凱基-岡山,2023-03-29,9209
2465,麗臺,5,0,5,凱基-岡山,2023-03-29,9209
6182,合晶,6,1,5,凱基-岡山,2023-03-29,9209
2317,鴻海,5,1,4,凱基-岡山,2023-03-29,9209
2609,陽明,5,1,4,凱基-岡山,2023-03-29,9209
1301,台塑,5,1,4,凱基-岡山,2023-03-29,9209
2014,中鴻,8,4,4,凱基-岡山,2023-03-29,9209
2344,華邦電,5,1,4,凱基-岡山,2023-03-29,9209
2408,南亞科,4,0,4,凱基-岡山,2023-03-29,9209
3025,星通,6,2,4,凱基-岡山,2023-03-29,9209
3714,富采,12,8,4,凱基-岡山,2023-03-29,9209
3715,定穎投控,10,6,4,凱基-岡山,2023-03-29,9209
5285,界霖,4,0,4,凱基-岡山,2023-03-29,9209
6138,茂達,5,1,4,凱基-岡山,2023-03-29,9209
8088,品安,92,6,86,凱基-岡山,2023-03-30,9209
2801,彰銀,50,0,50,凱基-岡山,2023-03-30,9209
1731,美吾華,47,0,47,凱基-岡山,2023-03-30,9209
8277,商丞,50,8,42,凱基-岡山,2023-03-30,9209
2645,長榮航太,36,0,36,凱基-岡山,2023-03-30,9209
1314,中石化,34,0,34,凱基-岡山,2023-03-30,9209
00673R,期元大S＆P原油反1,27,0,27,凱基-岡山,2023-03-30,9209
1609,大亞,32,10,22,凱基-岡山,2023-03-30,9209
2890,永豐金,21,0,21,凱基-岡山,2023-03-30,9209
5258,虹堡,31,11,20,凱基-岡山,2023-03-30,9209
6841,長佳智能,20,1,19,凱基-岡山,2023-03-30,9209
2889,國票金,19,2,17,凱基-岡山,2023-03-30,9209
2883,凱基金,18,1,17,凱基-岡山,2023-03-30,9209
2609,陽明,19,2,17,凱基-岡山,2023-03-30,9209
8028,昇陽半導體,20,4,16,凱基-岡山,2023-03-30,9209
8112A,至上甲特,16,0,16,凱基-岡山,2023-03-30,9209
1605,華新,15,0,15,凱基-岡山,2023-03-30,9209
00900,富邦特選高股息30,12,0,12,凱基-岡山,2023-03-30,9209
00712,復華富時不動產,12,0,12,凱基-岡山,2023-03-30,9209
3520,華盈,12,0,12,凱基-岡山,2023-03-30,9209
3362,先進光,12,1,11,凱基-岡山,2023-03-30,9209
00679B,元大美債20年,10,0,10,凱基-岡山,2023-03-30,9209
00632R,元大台灣50反1,10,0,10,凱基-岡山,2023-03-30,9209
006208,富邦台50,10,0,10,凱基-岡山,2023-03-30,9209
2331,精英,12,2,10,凱基-岡山,2023-03-30,9209
3024,憶聲,10,0,10,凱基-岡山,2023-03-30,9209
4934,太極,10,0,10,凱基-岡山,2023-03-30,9209
6109,亞元,10,0,10,凱基-岡山,2023-03-30,9209
6266,泰詠,10,0,10,凱基-岡山,2023-03-30,9209
00882,中信中國高股息,9,0,9,凱基-岡山,2023-03-30,9209
4175,杏一,9,0,9,凱基-岡山,2023-03-30,9209
00907,永豐優息存股,8,0,8,凱基-岡山,2023-03-30,9209
5371,中光電,9,1,8,凱基-岡山,2023-03-30,9209
5608,四維航,9,1,8,凱基-岡山,2023-03-30,9209
2104,國際中橡,7,0,7,凱基-岡山,2023-03-30,9209
5531,鄉林,7,0,7,凱基-岡山,2023-03-30,9209
6143,振曜,10,3,7,凱基-岡山,2023-03-30,9209
6532,瑞耘,7,0,7,凱基-岡山,2023-03-30,9209
1432,大魯閣,6,0,6,凱基-岡山,2023-03-30,9209
6550,北極星藥業-KY,6,0,6,凱基-岡山,2023-03-30,9209
6770,力積電,6,0,6,凱基-岡山,2023-03-30,9209
00896,中信綠能及電動車,5,0,5,凱基-岡山,2023-03-30,9209
00720B,元大投資級公司債,5,0,5,凱基-岡山,2023-03-30,9209
2329,華泰,5,0,5,凱基-岡山,2023-03-30,9209
2547,日勝生,5,0,5,凱基-岡山,2023-03-30,9209
3049,精金,5,0,5,凱基-岡山,2023-03-30,9209
3624,光頡,7,2,5,凱基-岡山,2023-03-30,9209
6715,嘉基,15,10,5,凱基-岡山,2023-03-30,9209
2455,全新,5,1,4,凱基-岡山,2023-03-30,9209
2486,一詮,4,0,4,凱基-岡山,2023-03-30,9209
2374,佳能,60,0,60,凱基-岡山,2023-03-31,9209
3078,僑威,87,40,47,凱基-岡山,2023-03-31,9209
00632R,元大台灣50反1,55,10,45,凱基-岡山,2023-03-31,9209
3058,立德,40,1,39,凱基-岡山,2023-03-31,9209
00664R,國泰臺灣加權反1,30,0,30,凱基-岡山,2023-03-31,9209
00885,富邦越南,20,0,20,凱基-岡山,2023-03-31,9209
1314,中石化,20,0,20,凱基-岡山,2023-03-31,9209
9105,泰金寶-DR,20,0,20,凱基-岡山,2023-03-31,9209
8088,品安,31,13,18,凱基-岡山,2023-03-31,9209
1216,統一,18,1,17,凱基-岡山,2023-03-31,9209
2027,大成鋼,16,0,16,凱基-岡山,2023-03-31,9209
8091,翔名,16,0,16,凱基-岡山,2023-03-31,9209
3005,神基,12,0,12,凱基-岡山,2023-03-31,9209
2867,三商壽,12,0,12,凱基-岡山,2023-03-31,9209
3711,日月光投控,12,0,12,凱基-岡山,2023-03-31,9209
4534,慶騰,12,0,12,凱基-岡山,2023-03-31,9209
6185,幃翔,12,0,12,凱基-岡山,2023-03-31,9209
00679B,元大美債20年,11,0,11,凱基-岡山,2023-03-31,9209
2614,東森,11,0,11,凱基-岡山,2023-03-31,9209
9945,潤泰新,11,1,10,凱基-岡山,2023-03-31,9209
00673R,期元大S＆P原油反1,10,0,10,凱基-岡山,2023-03-31,9209
2897,王道銀行,10,0,10,凱基-岡山,2023-03-31,9209
3297,杭特,10,0,10,凱基-岡山,2023-03-31,9209
6109,亞元,10,0,10,凱基-岡山,2023-03-31,9209
8446,華研,10,0,10,凱基-岡山,2023-03-31,9209
2442,新美齊,10,1,9,凱基-岡山,2023-03-31,9209
1611,中電,12,5,7,凱基-岡山,2023-03-31,9209
3520,華盈,7,0,7,凱基-岡山,2023-03-31,9209
6719,力智,7,0,7,凱基-岡山,2023-03-31,9209
9907,統一實,7,0,7,凱基-岡山,2023-03-31,9209
1513,中興電,7,1,6,凱基-岡山,2023-03-31,9209
1316,上曜,15,9,6,凱基-岡山,2023-03-31,9209
2606,裕民,7,1,6,凱基-岡山,2023-03-31,9209
3390,旭軟,6,0,6,凱基-岡山,2023-03-31,9209
3479,安勤,6,0,6,凱基-岡山,2023-03-31,9209
3714,富采,7,1,6,凱基-岡山,2023-03-31,9209
6282,康舒,6,0,6,凱基-岡山,2023-03-31,9209
6470,宇智,13,7,6,凱基-岡山,2023-03-31,9209
2889,國票金,6,1,5,凱基-岡山,2023-03-31,9209
1102,亞泥,5,0,5,凱基-岡山,2023-03-31,9209
00915,凱基優選高股息30,10,5,5,凱基-岡山,2023-03-31,9209
4111,濟生,8,3,5,凱基-岡山,2023-03-31,9209
5701,劍湖山,5,0,5,凱基-岡山,2023-03-31,9209
6024,群益期,5,0,5,凱基-岡山,2023-03-31,9209
6128,上福,5,0,5,凱基-岡山,2023-03-31,9209
6279,胡連,5,0,5,凱基-岡山,2023-03-31,9209
6552,易華電,5,0,5,凱基-岡山,2023-03-31,9209
2492,華新科,6,2,4,凱基-岡山,2023-03-31,9209
2337,旺宏,10,6,4,凱基-岡山,2023-03-31,9209
2401,凌陽,5,1,4,凱基-岡山,2023-03-31,9209
00673R,期元大S＆P原油反1,211,0,211,凱基-岡山,2023-04-06,9209
2344,華邦電,72,4,68,凱基-岡山,2023-04-06,9209
2618,長榮航,39,0,39,凱基-岡山,2023-04-06,9209
2442,新美齊,30,0,30,凱基-岡山,2023-04-06,9209
00878,國泰永續高股息,30,4,26,凱基-岡山,2023-04-06,9209
00637L,元大滬深300正2,23,1,22,凱基-岡山,2023-04-06,9209
00753L,中信中國50正2,22,0,22,凱基-岡山,2023-04-06,9209
2867,三商壽,21,0,21,凱基-岡山,2023-04-06,9209
1618,合機,20,0,20,凱基-岡山,2023-04-06,9209
6185,幃翔,20,0,20,凱基-岡山,2023-04-06,9209
2347,聯強,19,0,19,凱基-岡山,2023-04-06,9209
1108,幸福,18,0,18,凱基-岡山,2023-04-06,9209
5230,雷笛克光學,18,0,18,凱基-岡山,2023-04-06,9209
00882,中信中國高股息,18,0,18,凱基-岡山,2023-04-06,9209
2634,漢翔,20,5,15,凱基-岡山,2023-04-06,9209
6443,元晶,19,5,14,凱基-岡山,2023-04-06,9209
00830,國泰費城半導體,13,0,13,凱基-岡山,2023-04-06,9209
00891,中信關鍵半導體,12,0,12,凱基-岡山,2023-04-06,9209
2027,大成鋼,12,0,12,凱基-岡山,2023-04-06,9209
6770,力積電,11,0,11,凱基-岡山,2023-04-06,9209
8091,翔名,11,0,11,凱基-岡山,2023-04-06,9209
9904,寶成,11,0,11,凱基-岡山,2023-04-06,9209
6138,茂達,10,0,10,凱基-岡山,2023-04-06,9209
8088,品安,10,0,10,凱基-岡山,2023-04-06,9209
9105,泰金寶-DR,10,0,10,凱基-岡山,2023-04-06,9209
00712,復華富時不動產,10,0,10,凱基-岡山,2023-04-06,9209
00902,中信電池及儲能,9,0,9,凱基-岡山,2023-04-06,9209
6485,點序,9,0,9,凱基-岡山,2023-04-06,9209
00633L,富邦上証正2,7,0,7,凱基-岡山,2023-04-06,9209
00923,群益台ESG低碳50,7,0,7,凱基-岡山,2023-04-06,9209
8069,元太,7,0,7,凱基-岡山,2023-04-06,9209
3037,欣興,10,3,7,凱基-岡山,2023-04-06,9209
2356,英業達,23,16,7,凱基-岡山,2023-04-06,9209
00893,國泰智能電動車,9,3,6,凱基-岡山,2023-04-06,9209
2368,金像電,6,0,6,凱基-岡山,2023-04-06,9209
2890,永豐金,6,0,6,凱基-岡山,2023-04-06,9209
3356,奇偶,6,0,6,凱基-岡山,2023-04-06,9209
5309,系統電,12,6,6,凱基-岡山,2023-04-06,9209
6548,長科*,9,3,6,凱基-岡山,2023-04-06,9209
8222,寶一,12,6,6,凱基-岡山,2023-04-06,9209
5475,德宏,5,0,5,凱基-岡山,2023-04-06,9209
00892,富邦台灣半導體,5,0,5,凱基-岡山,2023-04-06,9209
00725B,國泰投資級公司債,5,0,5,凱基-岡山,2023-04-06,9209
1734,杏輝,5,0,5,凱基-岡山,2023-04-06,9209
2002,中鋼,8,3,5,凱基-岡山,2023-04-06,9209
2362,藍天,5,0,5,凱基-岡山,2023-04-06,9209
2615,萬海,5,0,5,凱基-岡山,2023-04-06,9209
3646,艾恩特,5,0,5,凱基-岡山,2023-04-06,9209
4972,湯石照明,5,0,5,凱基-岡山,2023-04-06,9209
6227,茂綸,5,0,5,凱基-岡山,2023-04-06,9209
1609,大亞,97,56,41,凱基-岡山,2023-04-07,9209
3663,鑫科,30,1,29,凱基-岡山,2023-04-07,9209
2453,凌群,32,5,27,凱基-岡山,2023-04-07,9209
2645,長榮航太,26,2,24,凱基-岡山,2023-04-07,9209
00673R,期元大S＆P原油反1,20,0,20,凱基-岡山,2023-04-07,9209
1440,南紡,20,0,20,凱基-岡山,2023-04-07,9209
00712,復華富時不動產,15,0,15,凱基-岡山,2023-04-07,9209
2889,國票金,14,0,14,凱基-岡山,2023-04-07,9209
0056,元大高股息,12,0,12,凱基-岡山,2023-04-07,9209
1218,泰山,12,0,12,凱基-岡山,2023-04-07,9209
5222,全訊,22,12,10,凱基-岡山,2023-04-07,9209
1314,中石化,10,0,10,凱基-岡山,2023-04-07,9209
1217,愛之味,11,1,10,凱基-岡山,2023-04-07,9209
00632R,元大台灣50反1,10,0,10,凱基-岡山,2023-04-07,9209
2352,佳世達,10,0,10,凱基-岡山,2023-04-07,9209
2547,日勝生,10,0,10,凱基-岡山,2023-04-07,9209
4130,健亞,11,1,10,凱基-岡山,2023-04-07,9209
5701,劍湖山,10,0,10,凱基-岡山,2023-04-07,9209
6248,沛波,10,0,10,凱基-岡山,2023-04-07,9209
1605,華新,12,3,9,凱基-岡山,2023-04-07,9209
2027,大成鋼,9,0,9,凱基-岡山,2023-04-07,9209
2356,英業達,12,3,9,凱基-岡山,2023-04-07,9209
6461,益得,9,0,9,凱基-岡山,2023-04-07,9209
6532,瑞耘,9,0,9,凱基-岡山,2023-04-07,9209
2208,台船,9,0,9,凱基-岡山,2023-04-07,9209
3078,僑威,8,0,8,凱基-岡山,2023-04-07,9209
3481,群創,10,2,8,凱基-岡山,2023-04-07,9209
00878,國泰永續高股息,15,8,7,凱基-岡山,2023-04-07,9209
1514,亞力,6,0,6,凱基-岡山,2023-04-07,9209
3005,神基,8,2,6,凱基-岡山,2023-04-07,9209
4934,太極,6,0,6,凱基-岡山,2023-04-07,9209
8086,宏捷科,6,0,6,凱基-岡山,2023-04-07,9209
2891,中信金,5,0,5,凱基-岡山,2023-04-07,9209
1785,光洋科,5,0,5,凱基-岡山,2023-04-07,9209
2002,中鋼,5,0,5,凱基-岡山,2023-04-07,9209
2392,正崴,5,0,5,凱基-岡山,2023-04-07,9209
2618,長榮航,5,0,5,凱基-岡山,2023-04-07,9209
2915,潤泰全,5,0,5,凱基-岡山,2023-04-07,9209
3289,宜特,5,0,5,凱基-岡山,2023-04-07,9209
8924,大田,5,0,5,凱基-岡山,2023-04-07,9209
3034,聯詠,5,0,5,凱基-岡山,2023-04-07,9209
4915,致伸,4,0,4,凱基-岡山,2023-04-07,9209
2329,華泰,4,0,4,凱基-岡山,2023-04-07,9209
2481,強茂,5,1,4,凱基-岡山,2023-04-07,9209
3025,星通,9,5,4,凱基-岡山,2023-04-07,9209
3297,杭特,4,0,4,凱基-岡山,2023-04-07,9209
3693,營邦,6,2,4,凱基-岡山,2023-04-07,9209
4919,新唐,4,0,4,凱基-岡山,2023-04-07,9209
8033,雷虎,4,0,4,凱基-岡山,2023-04-07,9209
1220,台榮,3,0,3,凱基-岡山,2023-04-07,9209
2801,彰銀,307,0,307,凱基-岡山,2023-04-10,9209
5328,華容,150,0,150,凱基-岡山,2023-04-10,9209
2888,新光金,64,1,63,凱基-岡山,2023-04-10,9209
00673R,期元大S＆P原油反1,53,0,53,凱基-岡山,2023-04-10,9209
2027,大成鋼,25,0,25,凱基-岡山,2023-04-10,9209
00669R,國泰美國道瓊反1,20,0,20,凱基-岡山,2023-04-10,9209
1618,合機,20,0,20,凱基-岡山,2023-04-10,9209
6185,幃翔,20,3,17,凱基-岡山,2023-04-10,9209
00679B,元大美債20年,17,0,17,凱基-岡山,2023-04-10,9209
1609,大亞,25,8,17,凱基-岡山,2023-04-10,9209
2891,中信金,21,5,16,凱基-岡山,2023-04-10,9209
00888,永豐台灣ESG,16,0,16,凱基-岡山,2023-04-10,9209
8409,商之器,16,0,16,凱基-岡山,2023-04-10,9209
5351,鈺創,15,0,15,凱基-岡山,2023-04-10,9209
6112,邁達特,13,0,13,凱基-岡山,2023-04-10,9209
2609,陽明,18,7,11,凱基-岡山,2023-04-10,9209
6416,瑞祺電通,11,0,11,凱基-岡山,2023-04-10,9209
00891,中信關鍵半導體,10,0,10,凱基-岡山,2023-04-10,9209
00632R,元大台灣50反1,10,0,10,凱基-岡山,2023-04-10,9209
6120,達運,11,1,10,凱基-岡山,2023-04-10,9209
8924,大田,10,0,10,凱基-岡山,2023-04-10,9209
9904,寶成,10,0,10,凱基-岡山,2023-04-10,9209
6285,啟��,15,6,9,凱基-岡山,2023-04-10,9209
1217,愛之味,10,1,9,凱基-岡山,2023-04-10,9209
2352,佳世達,10,1,9,凱基-岡山,2023-04-10,9209
3710,連展投控,9,0,9,凱基-岡山,2023-04-10,9209
1524,耿鼎,8,0,8,凱基-岡山,2023-04-10,9209
3078,僑威,8,0,8,凱基-岡山,2023-04-10,9209
6568,宏觀,8,0,8,凱基-岡山,2023-04-10,9209
2388,威盛,16,9,7,凱基-岡山,2023-04-10,9209
3003,健和興,7,0,7,凱基-岡山,2023-04-10,9209
3062,建漢,7,0,7,凱基-岡山,2023-04-10,9209
2606,裕民,6,0,6,凱基-岡山,2023-04-10,9209
9955,佳龍,11,5,6,凱基-岡山,2023-04-10,9209
1519,華城,13,7,6,凱基-岡山,2023-04-10,9209
2002,中鋼,7,2,5,凱基-岡山,2023-04-10,9209
2401,凌陽,5,0,5,凱基-岡山,2023-04-10,9209
2484,希華,5,0,5,凱基-岡山,2023-04-10,9209
2498,宏達電,12,7,5,凱基-岡山,2023-04-10,9209
3017,奇鋐,14,9,5,凱基-岡山,2023-04-10,9209
3032,偉訓,5,0,5,凱基-岡山,2023-04-10,9209
3712,永崴投控,5,0,5,凱基-岡山,2023-04-10,9209
4744,皇將,5,0,5,凱基-岡山,2023-04-10,9209
4953,緯軟,5,0,5,凱基-岡山,2023-04-10,9209
5302,太欣,5,0,5,凱基-岡山,2023-04-10,9209
5608,四維航,8,3,5,凱基-岡山,2023-04-10,9209
6509,聚和,5,0,5,凱基-岡山,2023-04-10,9209
6532,瑞耘,5,0,5,凱基-岡山,2023-04-10,9209
8112,至上,5,0,5,凱基-岡山,2023-04-10,9209
0056,元大高股息,5,0,5,凱基-岡山,2023-04-10,9209
00680L,元大美債20正2,60,0,60,凱基-岡山,2023-04-11,9209
2027,大成鋼,57,6,51,凱基-岡山,2023-04-11,9209
1504,東元,78,29,49,凱基-岡山,2023-04-11,9209
00679B,元大美債20年,41,0,41,凱基-岡山,2023-04-11,9209
2349,錸德,34,0,34,凱基-岡山,2023-04-11,9209
3264,欣銓,31,0,31,凱基-岡山,2023-04-11,9209
00664R,國泰臺灣加權反1,30,0,30,凱基-岡山,2023-04-11,9209
00632R,元大台灣50反1,30,0,30,凱基-岡山,2023-04-11,9209
00673R,期元大S＆P原油反1,26,0,26,凱基-岡山,2023-04-11,9209
8924,大田,25,0,25,凱基-岡山,2023-04-11,9209
00696B,富邦美債20年,24,0,24,凱基-岡山,2023-04-11,9209
3540,曜越,20,0,20,凱基-岡山,2023-04-11,9209
8112,至上,21,1,20,凱基-岡山,2023-04-11,9209
6217,中探針,23,7,16,凱基-岡山,2023-04-11,9209
6024,群益期,15,0,15,凱基-岡山,2023-04-11,9209
5351,鈺創,21,7,14,凱基-岡山,2023-04-11,9209
3322,建舜電,13,0,13,凱基-岡山,2023-04-11,9209
00857B,永豐20年美公債,12,0,12,凱基-岡山,2023-04-11,9209
00878,國泰永續高股息,20,8,12,凱基-岡山,2023-04-11,9209
1514,亞力,19,8,11,凱基-岡山,2023-04-11,9209
1710,東聯,11,0,11,凱基-岡山,2023-04-11,9209
4934,太極,11,0,11,凱基-岡山,2023-04-11,9209
6443,元晶,16,5,11,凱基-岡山,2023-04-11,9209
00633L,富邦上証正2,20,10,10,凱基-岡山,2023-04-11,9209
2342,茂矽,10,0,10,凱基-岡山,2023-04-11,9209
2362,藍天,10,0,10,凱基-岡山,2023-04-11,9209
3029,零壹,10,0,10,凱基-岡山,2023-04-11,9209
3236,千如,10,0,10,凱基-岡山,2023-04-11,9209
8289,泰藝,10,0,10,凱基-岡山,2023-04-11,9209
2614,東森,11,1,10,凱基-岡山,2023-04-11,9209
2890,永豐金,9,0,9,凱基-岡山,2023-04-11,9209
8088,品安,65,56,9,凱基-岡山,2023-04-11,9209
00902,中信電池及儲能,13,5,8,凱基-岡山,2023-04-11,9209
2331,精英,10,2,8,凱基-岡山,2023-04-11,9209
8418,捷必勝-KY,7,0,7,凱基-岡山,2023-04-11,9209
00712,復華富時不動產,6,0,6,凱基-岡山,2023-04-11,9209
00894,中信小資高價30,11,5,6,凱基-岡山,2023-04-11,9209
00885,富邦越南,13,7,6,凱基-岡山,2023-04-11,9209
1316,上曜,24,18,6,凱基-岡山,2023-04-11,9209
3207,耀勝,7,1,6,凱基-岡山,2023-04-11,9209
3714,富采,9,3,6,凱基-岡山,2023-04-11,9209
8349,�矬�,5,0,5,凱基-岡山,2023-04-11,9209
0050,元大台灣50,5,0,5,凱基-岡山,2023-04-11,9209
2929,淘帝-KY,5,0,5,凱基-岡山,2023-04-11,9209
00662,富邦NASDAQ,5,0,5,凱基-岡山,2023-04-11,9209
2351,順德,5,0,5,凱基-岡山,2023-04-11,9209
2428,興勤,10,5,5,凱基-岡山,2023-04-11,9209
2485,兆赫,5,0,5,凱基-岡山,2023-04-11,9209
3062,建漢,5,0,5,凱基-岡山,2023-04-11,9209
5608,四維航,5,0,5,凱基-岡山,2023-04-11,9209
2515,中工,307,155,152,凱基-岡山,2023-04-12,9209
1609,大亞,127,59,68,凱基-岡山,2023-04-12,9209
5009,榮剛,80,21,59,凱基-岡山,2023-04-12,9209
00637L,元大滬深300正2,61,6,55,凱基-岡山,2023-04-12,9209
2618,長榮航,104,70,34,凱基-岡山,2023-04-12,9209
4127,天良,30,0,30,凱基-岡山,2023-04-12,9209
00633L,富邦上証正2,27,0,27,凱基-岡山,2023-04-12,9209
8091,翔名,25,3,22,凱基-岡山,2023-04-12,9209
3264,欣銓,20,0,20,凱基-岡山,2023-04-12,9209
00679B,元大美債20年,19,0,19,凱基-岡山,2023-04-12,9209
1101,台泥,20,2,18,凱基-岡山,2023-04-12,9209
1909,榮成,20,2,18,凱基-岡山,2023-04-12,9209
00673R,期元大S＆P原油反1,17,0,17,凱基-岡山,2023-04-12,9209
2883,凱基金,28,13,15,凱基-岡山,2023-04-12,9209
2330,台積電,18,4,14,凱基-岡山,2023-04-12,9209
2317,鴻海,26,14,12,凱基-岡山,2023-04-12,9209
2645,長榮航太,12,0,12,凱基-岡山,2023-04-12,9209
00720B,元大投資級公司債,11,0,11,凱基-岡山,2023-04-12,9209
00725B,國泰投資級公司債,10,0,10,凱基-岡山,2023-04-12,9209
1605,華新,12,2,10,凱基-岡山,2023-04-12,9209
2399,映泰,10,0,10,凱基-岡山,2023-04-12,9209
2497,怡利電,10,0,10,凱基-岡山,2023-04-12,9209
2547,日勝生,10,0,10,凱基-岡山,2023-04-12,9209
2641,正德,10,0,10,凱基-岡山,2023-04-12,9209
3093,港建*,10,0,10,凱基-岡山,2023-04-12,9209
3682,亞太電,10,0,10,凱基-岡山,2023-04-12,9209
8171,天宇,10,0,10,凱基-岡山,2023-04-12,9209
00680L,元大美債20正2,9,0,9,凱基-岡山,2023-04-12,9209
2834,臺企銀,16,7,9,凱基-岡山,2023-04-12,9209
4927,泰鼎-KY,12,3,9,凱基-岡山,2023-04-12,9209
3217,優群,8,0,8,凱基-岡山,2023-04-12,9209
3037,欣興,7,0,7,凱基-岡山,2023-04-12,9209
1522,堤維西,7,0,7,凱基-岡山,2023-04-12,9209
6504,南六,7,0,7,凱基-岡山,2023-04-12,9209
8215,明基材,15,8,7,凱基-岡山,2023-04-12,9209
2314,台揚,6,0,6,凱基-岡山,2023-04-12,9209
00662,富邦NASDAQ,6,0,6,凱基-岡山,2023-04-12,9209
2049,上銀,11,5,6,凱基-岡山,2023-04-12,9209
2460,建通,6,0,6,凱基-岡山,2023-04-12,9209
6223,旺矽,11,5,6,凱基-岡山,2023-04-12,9209
6266,泰詠,11,5,6,凱基-岡山,2023-04-12,9209
5864,致和證,6,0,6,凱基-岡山,2023-04-12,9209
00891,中信關鍵半導體,11,5,6,凱基-岡山,2023-04-12,9209
2201,裕隆,6,0,6,凱基-岡山,2023-04-12,9209
1304,台聚,5,0,5,凱基-岡山,2023-04-12,9209
1108,幸福,19,14,5,凱基-岡山,2023-04-12,9209
1514,亞力,14,9,5,凱基-岡山,2023-04-12,9209
1795,美時,16,11,5,凱基-岡山,2023-04-12,9209
2362,藍天,5,0,5,凱基-岡山,2023-04-12,9209
2427,三商電,5,0,5,凱基-岡山,2023-04-12,9209
2630,亞航,84,0,84,凱基-岡山,2023-04-13,9209
6209,今國光,60,1,59,凱基-岡山,2023-04-13,9209
6443,元晶,45,0,45,凱基-岡山,2023-04-13,9209
2402,毅嘉,45,5,40,凱基-岡山,2023-04-13,9209
2352,佳世達,38,0,38,凱基-岡山,2023-04-13,9209
00673R,期元大S＆P原油反1,35,0,35,凱基-岡山,2023-04-13,9209
00772B,中信高評級公司債,34,0,34,凱基-岡山,2023-04-13,9209
00900,富邦特選高股息30,32,0,32,凱基-岡山,2023-04-13,9209
5309,系統電,29,4,25,凱基-岡山,2023-04-13,9209
1316,上曜,42,18,24,凱基-岡山,2023-04-13,9209
3711,日月光投控,23,3,20,凱基-岡山,2023-04-13,9209
00878,國泰永續高股息,21,1,20,凱基-岡山,2023-04-13,9209
5864,致和證,20,0,20,凱基-岡山,2023-04-13,9209
1504,東元,22,6,16,凱基-岡山,2023-04-13,9209
2206,三陽工業,22,6,16,凱基-岡山,2023-04-13,9209
00897,富邦基因免疫生技,15,0,15,凱基-岡山,2023-04-13,9209
00664R,國泰臺灣加權反1,15,0,15,凱基-岡山,2023-04-13,9209
3491,昇達科,37,22,15,凱基-岡山,2023-04-13,9209
3576,聯合再生,37,22,15,凱基-岡山,2023-04-13,9209
00679B,元大美債20年,14,0,14,凱基-岡山,2023-04-13,9209
00922,國泰台灣領袖50,14,0,14,凱基-岡山,2023-04-13,9209
00751B,元大AAA至A公司債,13,0,13,凱基-岡山,2023-04-13,9209
6111,大宇資,15,2,13,凱基-岡山,2023-04-13,9209
00720B,元大投資級公司債,12,0,12,凱基-岡山,2023-04-13,9209
8936,國統,42,30,12,凱基-岡山,2023-04-13,9209
00712,復華富時不動產,11,0,11,凱基-岡山,2023-04-13,9209
1718,中纖,10,0,10,凱基-岡山,2023-04-13,9209
2349,錸德,10,0,10,凱基-岡山,2023-04-13,9209
2367,燿華,11,1,10,凱基-岡山,2023-04-13,9209
4108,懷特,12,2,10,凱基-岡山,2023-04-13,9209
4123,晟德,10,0,10,凱基-岡山,2023-04-13,9209
6129,普誠,10,0,10,凱基-岡山,2023-04-13,9209
2867,三商壽,14,5,9,凱基-岡山,2023-04-13,9209
4155,訊映,9,0,9,凱基-岡山,2023-04-13,9209
2882,國泰金,10,1,9,凱基-岡山,2023-04-13,9209
2344,華邦電,8,0,8,凱基-岡山,2023-04-13,9209
6220,岳豐,8,0,8,凱基-岡山,2023-04-13,9209
6485,點序,8,0,8,凱基-岡山,2023-04-13,9209
6504,南六,8,0,8,凱基-岡山,2023-04-13,9209
9962,有益,12,4,8,凱基-岡山,2023-04-13,9209
1522,堤維西,7,0,7,凱基-岡山,2023-04-13,9209
4934,太極,7,0,7,凱基-岡山,2023-04-13,9209
6116,彩晶,8,1,7,凱基-岡山,2023-04-13,9209
6770,力積電,7,0,7,凱基-岡山,2023-04-13,9209
2337,旺宏,6,0,6,凱基-岡山,2023-04-13,9209
2375,凱美,6,0,6,凱基-岡山,2023-04-13,9209
3447,展達,6,0,6,凱基-岡山,2023-04-13,9209
6244,茂迪,14,8,6,凱基-岡山,2023-04-13,9209
2330,台積電,6,0,6,凱基-岡山,2023-04-13,9209
1312,國喬,5,0,5,凱基-岡山,2023-04-13,9209
3058,立德,150,5,145,凱基-岡山,2023-04-14,9209
2609,陽明,116,65,51,凱基-岡山,2023-04-14,9209
00712,復華富時不動產,47,0,47,凱基-岡山,2023-04-14,9209
2610,華航,53,12,41,凱基-岡山,2023-04-14,9209
1618,合機,40,0,40,凱基-岡山,2023-04-14,9209
2812,台中銀,42,2,40,凱基-岡山,2023-04-14,9209
00679B,元大美債20年,39,3,36,凱基-岡山,2023-04-14,9209
2634,漢翔,107,71,36,凱基-岡山,2023-04-14,9209
2014,中鴻,31,0,31,凱基-岡山,2023-04-14,9209
00664R,國泰臺灣加權反1,31,0,31,凱基-岡山,2023-04-14,9209
2402,毅嘉,28,3,25,凱基-岡山,2023-04-14,9209
2352,佳世達,52,30,22,凱基-岡山,2023-04-14,9209
2002,中鋼,22,1,21,凱基-岡山,2023-04-14,9209
1609,大亞,32,11,21,凱基-岡山,2023-04-14,9209
6806,森崴能源,21,1,20,凱基-岡山,2023-04-14,9209
3714,富采,17,1,16,凱基-岡山,2023-04-14,9209
1471,首利,15,0,15,凱基-岡山,2023-04-14,9209
2409,友達,20,7,13,凱基-岡山,2023-04-14,9209
5309,系統電,16,3,13,凱基-岡山,2023-04-14,9209
00902,中信電池及儲能,12,0,12,凱基-岡山,2023-04-14,9209
00632R,元大台灣50反1,12,0,12,凱基-岡山,2023-04-14,9209
1529,樂事綠能,57,45,12,凱基-岡山,2023-04-14,9209
2367,燿華,11,0,11,凱基-岡山,2023-04-14,9209
00696B,富邦美債20年,10,0,10,凱基-岡山,2023-04-14,9209
1608,華榮,11,1,10,凱基-岡山,2023-04-14,9209
4927,泰鼎-KY,10,0,10,凱基-岡山,2023-04-14,9209
6026,福邦證,10,0,10,凱基-岡山,2023-04-14,9209
6504,南六,10,0,10,凱基-岡山,2023-04-14,9209
8110,華東,10,0,10,凱基-岡山,2023-04-14,9209
8936,國統,36,26,10,凱基-岡山,2023-04-14,9209
00878,國泰永續高股息,11,2,9,凱基-岡山,2023-04-14,9209
1101,台泥,15,6,9,凱基-岡山,2023-04-14,9209
1514,亞力,54,45,9,凱基-岡山,2023-04-14,9209
1584,精剛,140,131,9,凱基-岡山,2023-04-14,9209
2406,國碩,9,0,9,凱基-岡山,2023-04-14,9209
2457,飛宏,12,3,9,凱基-岡山,2023-04-14,9209
5284,jpp-KY,10,1,9,凱基-岡山,2023-04-14,9209
8222,寶一,31,22,9,凱基-岡山,2023-04-14,9209
9962,有益,9,0,9,凱基-岡山,2023-04-14,9209
1905,華紙,11,2,9,凱基-岡山,2023-04-14,9209
3711,日月光投控,14,5,9,凱基-岡山,2023-04-14,9209
2471,資通,15,7,8,凱基-岡山,2023-04-14,9209
3081,聯亞,8,0,8,凱基-岡山,2023-04-14,9209
6282,康舒,11,3,8,凱基-岡山,2023-04-14,9209
2344,華邦電,10,2,8,凱基-岡山,2023-04-14,9209
2887,台新金,10,3,7,凱基-岡山,2023-04-14,9209
00915,凱基優選高股息30,13,6,7,凱基-岡山,2023-04-14,9209
00857B,永豐20年美公債,7,0,7,凱基-岡山,2023-04-14,9209
2349,錸德,10,3,7,凱基-岡山,2023-04-14,9209
5258,虹堡,11,4,7,凱基-岡山,2023-04-14,9209
2801,彰銀,268,0,268,凱基-岡山,2023-04-17,9209
5355,佳總,241,0,241,凱基-岡山,2023-04-17,9209
2812,台中銀,75,0,75,凱基-岡山,2023-04-17,9209
00878,國泰永續高股息,67,0,67,凱基-岡山,2023-04-17,9209
2349,錸德,54,0,54,凱基-岡山,2023-04-17,9209
1101,台泥,71,19,52,凱基-岡山,2023-04-17,9209
2618,長榮航,51,0,51,凱基-岡山,2023-04-17,9209
2610,華航,44,1,43,凱基-岡山,2023-04-17,9209
00712,復華富時不動產,42,0,42,凱基-岡山,2023-04-17,9209
00891,中信關鍵半導體,37,1,36,凱基-岡山,2023-04-17,9209
3481,群創,53,20,33,凱基-岡山,2023-04-17,9209
2607,榮運,30,0,30,凱基-岡山,2023-04-17,9209
4916,事欣科,30,0,30,凱基-岡山,2023-04-17,9209
5009,榮剛,44,14,30,凱基-岡山,2023-04-17,9209
2885,元大金,27,2,25,凱基-岡山,2023-04-17,9209
00720B,元大投資級公司債,24,0,24,凱基-岡山,2023-04-17,9209
2014,中鴻,32,8,24,凱基-岡山,2023-04-17,9209
00673R,期元大S＆P原油反1,23,0,23,凱基-岡山,2023-04-17,9209
3682,亞太電,20,0,20,凱基-岡山,2023-04-17,9209
00679B,元大美債20年,19,0,19,凱基-岡山,2023-04-17,9209
6504,南六,19,0,19,凱基-岡山,2023-04-17,9209
6190,萬泰科,23,4,19,凱基-岡山,2023-04-17,9209
8215,明基材,36,22,14,凱基-岡山,2023-04-17,9209
3406,玉晶光,12,0,12,凱基-岡山,2023-04-17,9209
00894,中信小資高價30,17,5,12,凱基-岡山,2023-04-17,9209
1314,中石化,12,0,12,凱基-岡山,2023-04-17,9209
00680L,元大美債20正2,11,0,11,凱基-岡山,2023-04-17,9209
1504,東元,10,0,10,凱基-岡山,2023-04-17,9209
1618,合機,10,0,10,凱基-岡山,2023-04-17,9209
2340,台亞,11,1,10,凱基-岡山,2023-04-17,9209
3047,訊舟,10,0,10,凱基-岡山,2023-04-17,9209
3289,宜特,11,1,10,凱基-岡山,2023-04-17,9209
5701,劍湖山,10,0,10,凱基-岡山,2023-04-17,9209
6416,瑞祺電通,10,0,10,凱基-岡山,2023-04-17,9209
3217,優群,10,1,9,凱基-岡山,2023-04-17,9209
6456,GIS-KY,9,0,9,凱基-岡山,2023-04-17,9209
2332,友訊,12,4,8,凱基-岡山,2023-04-17,9209
2892,第一金,8,0,8,凱基-岡山,2023-04-17,9209
6719,力智,10,2,8,凱基-岡山,2023-04-17,9209
2614,東森,7,0,7,凱基-岡山,2023-04-17,9209
6235,華孚,83,77,6,凱基-岡山,2023-04-17,9209
2002,中鋼,13,7,6,凱基-岡山,2023-04-17,9209
2302,麗正,6,0,6,凱基-岡山,2023-04-17,9209
2385,群光,6,0,6,凱基-岡山,2023-04-17,9209
2601,益航,6,0,6,凱基-岡山,2023-04-17,9209
5488,松普,6,0,6,凱基-岡山,2023-04-17,9209
6547,高端疫苗,21,15,6,凱基-岡山,2023-04-17,9209
6432,今展科,5,0,5,凱基-岡山,2023-04-17,9209
00706L,期元大S＆P日圓正2,5,0,5,凱基-岡山,2023-04-17,9209
1342,八貫,5,0,5,凱基-岡山,2023-04-17,9209
4714,永捷,400,0,400,凱基-岡山,2023-04-18,9209
2801,彰銀,232,0,232,凱基-岡山,2023-04-18,9209
2609,陽明,112,34,78,凱基-岡山,2023-04-18,9209
2349,錸德,35,0,35,凱基-岡山,2023-04-18,9209
2208,台船,35,1,34,凱基-岡山,2023-04-18,9209
2027,大成鋼,55,23,32,凱基-岡山,2023-04-18,9209
1514,亞力,29,4,25,凱基-岡山,2023-04-18,9209
1529,樂事綠能,30,5,25,凱基-岡山,2023-04-18,9209
2344,華邦電,25,2,23,凱基-岡山,2023-04-18,9209
2630,亞航,24,2,22,凱基-岡山,2023-04-18,9209
2353,宏��,20,0,20,凱基-岡山,2023-04-18,9209
2634,漢翔,86,66,20,凱基-岡山,2023-04-18,9209
8050,廣積,19,0,19,凱基-岡山,2023-04-18,9209
3682,亞太電,18,0,18,凱基-岡山,2023-04-18,9209
5465,富驊,76,58,18,凱基-岡山,2023-04-18,9209
8105,凌巨,20,2,18,凱基-岡山,2023-04-18,9209
2201,裕隆,19,3,16,凱基-岡山,2023-04-18,9209
2618,長榮航,18,2,16,凱基-岡山,2023-04-18,9209
6167,久正,16,0,16,凱基-岡山,2023-04-18,9209
2457,飛宏,35,20,15,凱基-岡山,2023-04-18,9209
2388,威盛,15,1,14,凱基-岡山,2023-04-18,9209
8440,綠電,14,0,14,凱基-岡山,2023-04-18,9209
2610,華航,13,0,13,凱基-岡山,2023-04-18,9209
00679B,元大美債20年,12,0,12,凱基-岡山,2023-04-18,9209
00898,國泰基因免疫革命,12,0,12,凱基-岡山,2023-04-18,9209
2324,仁寶,12,0,12,凱基-岡山,2023-04-18,9209
2497,怡利電,12,0,12,凱基-岡山,2023-04-18,9209
6148,驊宏資,52,40,12,凱基-岡山,2023-04-18,9209
1102,亞泥,11,0,11,凱基-岡山,2023-04-18,9209
3058,立德,12,1,11,凱基-岡山,2023-04-18,9209
6016,康和證,11,0,11,凱基-岡山,2023-04-18,9209
00919,群益台灣精選高息,10,0,10,凱基-岡山,2023-04-18,9209
00673R,期元大S＆P原油反1,10,0,10,凱基-岡山,2023-04-18,9209
1504,東元,11,1,10,凱基-岡山,2023-04-18,9209
3028,增你強,10,0,10,凱基-岡山,2023-04-18,9209
3338,泰碩,10,0,10,凱基-岡山,2023-04-18,9209
6231,系微,10,0,10,凱基-岡山,2023-04-18,9209
6568,宏觀,14,4,10,凱基-岡山,2023-04-18,9209
6606,建德工業,16,6,10,凱基-岡山,2023-04-18,9209
8028,昇陽半導體,10,0,10,凱基-岡山,2023-04-18,9209
6190,萬泰科,11,2,9,凱基-岡山,2023-04-18,9209
1605,華新,11,2,9,凱基-岡山,2023-04-18,9209
3481,群創,11,2,9,凱基-岡山,2023-04-18,9209
00720B,元大投資級公司債,9,0,9,凱基-岡山,2023-04-18,9209
00680L,元大美債20正2,9,0,9,凱基-岡山,2023-04-18,9209
3715,定穎投控,10,1,9,凱基-岡山,2023-04-18,9209
5309,系統電,10,1,9,凱基-岡山,2023-04-18,9209
6118,建達,9,0,9,凱基-岡山,2023-04-18,9209
6477,安集,61,52,9,凱基-岡山,2023-04-18,9209
8477,創業家,10,1,9,凱基-岡山,2023-04-18,9209
1609,大亞,49,6,43,凱基-岡山,2023-04-19,9209
5210,寶碩,36,0,36,凱基-岡山,2023-04-19,9209
2515,中工,40,13,27,凱基-岡山,2023-04-19,9209
3231,緯創,48,23,25,凱基-岡山,2023-04-19,9209
2497,怡利電,24,0,24,凱基-岡山,2023-04-19,9209
3711,日月光投控,24,0,24,凱基-岡山,2023-04-19,9209
3481,群創,31,9,22,凱基-岡山,2023-04-19,9209
2618,長榮航,22,0,22,凱基-岡山,2023-04-19,9209
6806,森崴能源,21,0,21,凱基-岡山,2023-04-19,9209
8111,立��,26,5,21,凱基-岡山,2023-04-19,9209
2014,中鴻,28,10,18,凱基-岡山,2023-04-19,9209
4961,天鈺,21,4,17,凱基-岡山,2023-04-19,9209
1522,堤維西,18,1,17,凱基-岡山,2023-04-19,9209
4510,高鋒,20,3,17,凱基-岡山,2023-04-19,9209
6125,廣運,18,1,17,凱基-岡山,2023-04-19,9209
00720B,元大投資級公司債,16,0,16,凱基-岡山,2023-04-19,9209
2402,毅嘉,22,6,16,凱基-岡山,2023-04-19,9209
00891,中信關鍵半導體,16,2,14,凱基-岡山,2023-04-19,9209
3673,TPK-KY,17,3,14,凱基-岡山,2023-04-19,9209
8028,昇陽半導體,14,0,14,凱基-岡山,2023-04-19,9209
2634,漢翔,63,49,14,凱基-岡山,2023-04-19,9209
00679B,元大美債20年,13,0,13,凱基-岡山,2023-04-19,9209
6116,彩晶,12,0,12,凱基-岡山,2023-04-19,9209
6504,南六,12,0,12,凱基-岡山,2023-04-19,9209
0050,元大台灣50,13,1,12,凱基-岡山,2023-04-19,9209
2884,玉山金,11,0,11,凱基-岡山,2023-04-19,9209
1314,中石化,11,0,11,凱基-岡山,2023-04-19,9209
2349,錸德,12,1,11,凱基-岡山,2023-04-19,9209
00637L,元大滬深300正2,11,0,11,凱基-岡山,2023-04-19,9209
6770,力積電,10,0,10,凱基-岡山,2023-04-19,9209
1722,台肥,10,0,10,凱基-岡山,2023-04-19,9209
2023,燁輝,10,0,10,凱基-岡山,2023-04-19,9209
2367,燿華,10,0,10,凱基-岡山,2023-04-19,9209
2754,亞洲藏壽司,11,1,10,凱基-岡山,2023-04-19,9209
5706,鳳凰,10,0,10,凱基-岡山,2023-04-19,9209
8933,愛地雅,10,0,10,凱基-岡山,2023-04-19,9209
8936,國統,10,0,10,凱基-岡山,2023-04-19,9209
6285,啟��,15,6,9,凱基-岡山,2023-04-19,9209
00912,中信臺灣智慧50,8,0,8,凱基-岡山,2023-04-19,9209
1785,光洋科,8,0,8,凱基-岡山,2023-04-19,9209
2388,威盛,8,0,8,凱基-岡山,2023-04-19,9209
3264,欣銓,8,0,8,凱基-岡山,2023-04-19,9209
3025,星通,9,2,7,凱基-岡山,2023-04-19,9209
2498,宏達電,7,0,7,凱基-岡山,2023-04-19,9209
5209,新鼎,8,1,7,凱基-岡山,2023-04-19,9209
6120,達運,17,10,7,凱基-岡山,2023-04-19,9209
8033,雷虎,12,5,7,凱基-岡山,2023-04-19,9209
3037,欣興,6,0,6,凱基-岡山,2023-04-19,9209
1560,中砂,6,0,6,凱基-岡山,2023-04-19,9209
3522,御嵿,10,4,6,凱基-岡山,2023-04-19,9209
1616,億泰,154,1,153,凱基-岡山,2023-04-20,9209
5302,太欣,150,0,150,凱基-岡山,2023-04-20,9209
5531,鄉林,50,5,45,凱基-岡山,2023-04-20,9209
3264,欣銓,31,0,31,凱基-岡山,2023-04-20,9209
8426,紅木-KY,31,0,31,凱基-岡山,2023-04-20,9209
2618,長榮航,26,1,25,凱基-岡山,2023-04-20,9209
6282,康舒,100,78,22,凱基-岡山,2023-04-20,9209
00922,國泰台灣領袖50,21,0,21,凱基-岡山,2023-04-20,9209
00679B,元大美債20年,20,0,20,凱基-岡山,2023-04-20,9209
1316,上曜,28,8,20,凱基-岡山,2023-04-20,9209
2484,希華,34,14,20,凱基-岡山,2023-04-20,9209
4961,天鈺,21,2,19,凱基-岡山,2023-04-20,9209
2609,陽明,24,7,17,凱基-岡山,2023-04-20,9209
3047,訊舟,20,3,17,凱基-岡山,2023-04-20,9209
00680L,元大美債20正2,16,0,16,凱基-岡山,2023-04-20,9209
00715L,期街口布蘭特正2,15,0,15,凱基-岡山,2023-04-20,9209
2349,錸德,15,0,15,凱基-岡山,2023-04-20,9209
3576,聯合再生,19,4,15,凱基-岡山,2023-04-20,9209
2409,友達,14,0,14,凱基-岡山,2023-04-20,9209
2890,永豐金,14,0,14,凱基-岡山,2023-04-20,9209
3481,群創,13,0,13,凱基-岡山,2023-04-20,9209
5014,建錩,13,0,13,凱基-岡山,2023-04-20,9209
5498,凱崴,14,1,13,凱基-岡山,2023-04-20,9209
6120,達運,15,2,13,凱基-岡山,2023-04-20,9209
6288,聯嘉,17,4,13,凱基-岡山,2023-04-20,9209
6770,力積電,16,3,13,凱基-岡山,2023-04-20,9209
9911,櫻花,13,0,13,凱基-岡山,2023-04-20,9209
00894,中信小資高價30,16,4,12,凱基-岡山,2023-04-20,9209
1906,寶隆,25,13,12,凱基-岡山,2023-04-20,9209
00795B,中信美國公債20年,10,0,10,凱基-岡山,2023-04-20,9209
00891,中信關鍵半導體,10,0,10,凱基-岡山,2023-04-20,9209
1471,首利,10,0,10,凱基-岡山,2023-04-20,9209
1527,鑽全,10,0,10,凱基-岡山,2023-04-20,9209
2027,大成鋼,10,0,10,凱基-岡山,2023-04-20,9209
2302,麗正,10,0,10,凱基-岡山,2023-04-20,9209
2388,威盛,10,0,10,凱基-岡山,2023-04-20,9209
4157,太景*-KY,10,0,10,凱基-岡山,2023-04-20,9209
4168,醣聯,10,0,10,凱基-岡山,2023-04-20,9209
6133,金橋,10,0,10,凱基-岡山,2023-04-20,9209
5488,松普,9,0,9,凱基-岡山,2023-04-20,9209
6122,擎邦,16,7,9,凱基-岡山,2023-04-20,9209
6153,嘉聯益,9,0,9,凱基-岡山,2023-04-20,9209
2392,正崴,9,0,9,凱基-岡山,2023-04-20,9209
2014,中鴻,8,0,8,凱基-岡山,2023-04-20,9209
3322,建舜電,10,2,8,凱基-岡山,2023-04-20,9209
5309,系統電,8,0,8,凱基-岡山,2023-04-20,9209
00888,永豐台灣ESG,7,0,7,凱基-岡山,2023-04-20,9209
3550,聯穎,10,3,7,凱基-岡山,2023-04-20,9209
4164,承業醫,7,0,7,凱基-岡山,2023-04-20,9209
6841,長佳智能,14,7,7,凱基-岡山,2023-04-20,9209
2801,彰銀,231,0,231,凱基-岡山,2023-04-21,9209
00680L,元大美債20正2,56,1,55,凱基-岡山,2023-04-21,9209
2347,聯強,36,0,36,凱基-岡山,2023-04-21,9209
6111,大宇資,30,1,29,凱基-岡山,2023-04-21,9209
9902,台火,30,2,28,凱基-岡山,2023-04-21,9209
2027,大成鋼,27,2,25,凱基-岡山,2023-04-21,9209
00878,國泰永續高股息,33,8,25,凱基-岡山,2023-04-21,9209
3501,維熹,24,0,24,凱基-岡山,2023-04-21,9209
00772B,中信高評級公司債,22,0,22,凱基-岡山,2023-04-21,9209
911868,同方友友-DR,20,0,20,凱基-岡山,2023-04-21,9209
4979,華星光,66,47,19,凱基-岡山,2023-04-21,9209
6218,豪勉,20,2,18,凱基-岡山,2023-04-21,9209
1101,台泥,33,15,18,凱基-岡山,2023-04-21,9209
4510,高鋒,18,4,14,凱基-岡山,2023-04-21,9209
00893,國泰智能電動車,13,0,13,凱基-岡山,2023-04-21,9209
2349,錸德,13,0,13,凱基-岡山,2023-04-21,9209
2351,順德,13,0,13,凱基-岡山,2023-04-21,9209
5309,系統電,13,0,13,凱基-岡山,2023-04-21,9209
8426,紅木-KY,12,0,12,凱基-岡山,2023-04-21,9209
00922,國泰台灣領袖50,11,0,11,凱基-岡山,2023-04-21,9209
1711,永光,15,4,11,凱基-岡山,2023-04-21,9209
2303,聯電,16,5,11,凱基-岡山,2023-04-21,9209
2615,萬海,13,3,10,凱基-岡山,2023-04-21,9209
6770,力積電,10,0,10,凱基-岡山,2023-04-21,9209
3058,立德,10,0,10,凱基-岡山,2023-04-21,9209
3483,力致,10,0,10,凱基-岡山,2023-04-21,9209
6024,群益期,10,0,10,凱基-岡山,2023-04-21,9209
00637L,元大滬深300正2,15,6,9,凱基-岡山,2023-04-21,9209
3576,聯合再生,12,3,9,凱基-岡山,2023-04-21,9209
1909,榮成,18,9,9,凱基-岡山,2023-04-21,9209
2206,三陽工業,32,23,9,凱基-岡山,2023-04-21,9209
6244,茂迪,22,13,9,凱基-岡山,2023-04-21,9209
0056,元大高股息,9,1,8,凱基-岡山,2023-04-21,9209
00888,永豐台灣ESG,9,1,8,凱基-岡山,2023-04-21,9209
2882,國泰金,8,0,8,凱基-岡山,2023-04-21,9209
4164,承業醫,8,0,8,凱基-岡山,2023-04-21,9209
6841,長佳智能,8,0,8,凱基-岡山,2023-04-21,9209
00881,國泰台灣5G+,7,0,7,凱基-岡山,2023-04-21,9209
6443,元晶,8,1,7,凱基-岡山,2023-04-21,9209
4961,天鈺,16,9,7,凱基-岡山,2023-04-21,9209
00923,群益台ESG低碳50,7,0,7,凱基-岡山,2023-04-21,9209
00720B,元大投資級公司債,7,0,7,凱基-岡山,2023-04-21,9209
2338,光罩,7,0,7,凱基-岡山,2023-04-21,9209
6112,邁達特,8,1,7,凱基-岡山,2023-04-21,9209
6241,易通展,7,0,7,凱基-岡山,2023-04-21,9209
00751B,元大AAA至A公司債,6,0,6,凱基-岡山,2023-04-21,9209
1312,國喬,6,0,6,凱基-岡山,2023-04-21,9209
2380,虹光,6,0,6,凱基-岡山,2023-04-21,9209
2413,環科,6,0,6,凱基-岡山,2023-04-21,9209
2460,建通,6,0,6,凱基-岡山,2023-04-21,9209
1310,台苯,103,4,99,凱基-岡山,2023-04-24,9209
6109,亞元,70,0,70,凱基-岡山,2023-04-24,9209
2303,聯電,46,4,42,凱基-岡山,2023-04-24,9209
00720B,元大投資級公司債,38,0,38,凱基-岡山,2023-04-24,9209
2812,台中銀,29,0,29,凱基-岡山,2023-04-24,9209
1101,台泥,58,31,27,凱基-岡山,2023-04-24,9209
2515,中工,21,0,21,凱基-岡山,2023-04-24,9209
00671R,富邦NASDAQ反1,20,0,20,凱基-岡山,2023-04-24,9209
3652,精聯,20,0,20,凱基-岡山,2023-04-24,9209
2838A,聯邦銀甲特,18,0,18,凱基-岡山,2023-04-24,9209
00673R,期元大S＆P原油反1,17,0,17,凱基-岡山,2023-04-24,9209
00679B,元大美債20年,16,0,16,凱基-岡山,2023-04-24,9209
2002,中鋼,18,2,16,凱基-岡山,2023-04-24,9209
4142,國光生,16,0,16,凱基-岡山,2023-04-24,9209
6244,茂迪,28,12,16,凱基-岡山,2023-04-24,9209
00637L,元大滬深300正2,17,2,15,凱基-岡山,2023-04-24,9209
00772B,中信高評級公司債,14,0,14,凱基-岡山,2023-04-24,9209
00753L,中信中國50正2,12,0,12,凱基-岡山,2023-04-24,9209
00922,國泰台灣領袖50,12,0,12,凱基-岡山,2023-04-24,9209
1906,寶隆,24,12,12,凱基-岡山,2023-04-24,9209
1907,永豐餘,18,6,12,凱基-岡山,2023-04-24,9209
8222,寶一,22,11,11,凱基-岡山,2023-04-24,9209
2482,連宇,10,0,10,凱基-岡山,2023-04-24,9209
2881A,富邦特,10,0,10,凱基-岡山,2023-04-24,9209
6127,九豪,10,0,10,凱基-岡山,2023-04-24,9209
0050,元大台灣50,11,2,9,凱基-岡山,2023-04-24,9209
00712,復華富時不動產,9,0,9,凱基-岡山,2023-04-24,9209
6443,元晶,9,1,8,凱基-岡山,2023-04-24,9209
00902,中信電池及儲能,7,0,7,凱基-岡山,2023-04-24,9209
00893,國泰智能電動車,7,0,7,凱基-岡山,2023-04-24,9209
2031,新光鋼,7,0,7,凱基-岡山,2023-04-24,9209
2913,農林,10,3,7,凱基-岡山,2023-04-24,9209
3498,陽程,7,0,7,凱基-岡山,2023-04-24,9209
2330,台積電,6,0,6,凱基-岡山,2023-04-24,9209
2457,飛宏,11,5,6,凱基-岡山,2023-04-24,9209
1504,東元,7,1,6,凱基-岡山,2023-04-24,9209
6806,森崴能源,6,0,6,凱基-岡山,2023-04-24,9209
00882,中信中國高股息,5,0,5,凱基-岡山,2023-04-24,9209
1904,正隆,28,23,5,凱基-岡山,2023-04-24,9209
00888,永豐台灣ESG,5,0,5,凱基-岡山,2023-04-24,9209
00885,富邦越南,6,1,5,凱基-岡山,2023-04-24,9209
2897,王道銀行,5,0,5,凱基-岡山,2023-04-24,9209
3552,同致,5,0,5,凱基-岡山,2023-04-24,9209
5351,鈺創,5,0,5,凱基-岡山,2023-04-24,9209
6122,擎邦,6,1,5,凱基-岡山,2023-04-24,9209
6218,豪勉,5,0,5,凱基-岡山,2023-04-24,9209
6770,力積電,10,5,5,凱基-岡山,2023-04-24,9209
8426,紅木-KY,5,0,5,凱基-岡山,2023-04-24,9209
9902,台火,5,0,5,凱基-岡山,2023-04-24,9209
6285,啟��,14,9,5,凱基-岡山,2023-04-24,9209
2801,彰銀,269,0,269,凱基-岡山,2023-04-25,9209
1907,永豐餘,111,0,111,凱基-岡山,2023-04-25,9209
1609,大亞,90,6,84,凱基-岡山,2023-04-25,9209
1718,中纖,48,0,48,凱基-岡山,2023-04-25,9209
2349,錸德,40,0,40,凱基-岡山,2023-04-25,9209
00878,國泰永續高股息,64,27,37,凱基-岡山,2023-04-25,9209
00632R,元大台灣50反1,200,165,35,凱基-岡山,2023-04-25,9209
6282,康舒,72,40,32,凱基-岡山,2023-04-25,9209
00922,國泰台灣領袖50,31,0,31,凱基-岡山,2023-04-25,9209
6461,益得,31,0,31,凱基-岡山,2023-04-25,9209
1314,中石化,32,2,30,凱基-岡山,2023-04-25,9209
3652,精聯,30,0,30,凱基-岡山,2023-04-25,9209
00772B,中信高評級公司債,29,0,29,凱基-岡山,2023-04-25,9209
1909,榮成,32,4,28,凱基-岡山,2023-04-25,9209
4960,誠美材,27,0,27,凱基-岡山,2023-04-25,9209
2610,華航,26,0,26,凱基-岡山,2023-04-25,9209
1101,台泥,28,7,21,凱基-岡山,2023-04-25,9209
3580,友威科,20,0,20,凱基-岡山,2023-04-25,9209
0056,元大高股息,23,5,18,凱基-岡山,2023-04-25,9209
00753L,中信中國50正2,16,0,16,凱基-岡山,2023-04-25,9209
2330,台積電,18,3,15,凱基-岡山,2023-04-25,9209
2482,連宇,20,5,15,凱基-岡山,2023-04-25,9209
2618,長榮航,18,3,15,凱基-岡山,2023-04-25,9209
2883,凱基金,23,8,15,凱基-岡山,2023-04-25,9209
00923,群益台ESG低碳50,14,0,14,凱基-岡山,2023-04-25,9209
0050,元大台灣50,14,0,14,凱基-岡山,2023-04-25,9209
00891,中信關鍵半導體,15,2,13,凱基-岡山,2023-04-25,9209
1905,華紙,31,18,13,凱基-岡山,2023-04-25,9209
2489,瑞軒,11,0,11,凱基-岡山,2023-04-25,9209
4109,加捷生醫,11,0,11,凱基-岡山,2023-04-25,9209
6509,聚和,11,0,11,凱基-岡山,2023-04-25,9209
8289,泰藝,11,0,11,凱基-岡山,2023-04-25,9209
6188,廣明,10,0,10,凱基-岡山,2023-04-25,9209
00679B,元大美債20年,11,1,10,凱基-岡山,2023-04-25,9209
1217,愛之味,10,0,10,凱基-岡山,2023-04-25,9209
2302,麗正,10,0,10,凱基-岡山,2023-04-25,9209
2838A,聯邦銀甲特,10,0,10,凱基-岡山,2023-04-25,9209
2889,國票金,10,0,10,凱基-岡山,2023-04-25,9209
5227,立凱-KY,10,0,10,凱基-岡山,2023-04-25,9209
6024,群益期,10,0,10,凱基-岡山,2023-04-25,9209
6770,力積電,15,5,10,凱基-岡山,2023-04-25,9209
8936,國統,10,0,10,凱基-岡山,2023-04-25,9209
4111,濟生,21,12,9,凱基-岡山,2023-04-25,9209
2481,強茂,9,1,8,凱基-岡山,2023-04-25,9209
00902,中信電池及儲能,8,0,8,凱基-岡山,2023-04-25,9209
2457,飛宏,48,40,8,凱基-岡山,2023-04-25,9209
5285,界霖,8,0,8,凱基-岡山,2023-04-25,9209
2645,長榮航太,9,1,8,凱基-岡山,2023-04-25,9209
1316,上曜,16,8,8,凱基-岡山,2023-04-25,9209
2358,廷鑫,8,0,8,凱基-岡山,2023-04-25,9209
00772B,中信高評級公司債,49,1,48,凱基-岡山,2023-04-26,9209
2344,華邦電,40,0,40,凱基-岡山,2023-04-26,9209
9945,潤泰新,31,1,30,凱基-岡山,2023-04-26,9209
4175,杏一,24,0,24,凱基-岡山,2023-04-26,9209
2610,華航,57,33,24,凱基-岡山,2023-04-26,9209
00679B,元大美債20年,23,0,23,凱基-岡山,2023-04-26,9209
1310,台苯,35,14,21,凱基-岡山,2023-04-26,9209
2303,聯電,28,8,20,凱基-岡山,2023-04-26,9209
2888,新光金,20,0,20,凱基-岡山,2023-04-26,9209
3264,欣銓,20,0,20,凱基-岡山,2023-04-26,9209
00878,國泰永續高股息,20,0,20,凱基-岡山,2023-04-26,9209
00891,中信關鍵半導體,19,0,19,凱基-岡山,2023-04-26,9209
2206,三陽工業,19,1,18,凱基-岡山,2023-04-26,9209
8222,寶一,36,18,18,凱基-岡山,2023-04-26,9209
3481,群創,17,0,17,凱基-岡山,2023-04-26,9209
2330,台積電,19,3,16,凱基-岡山,2023-04-26,9209
2609,陽明,18,3,15,凱基-岡山,2023-04-26,9209
0056,元大高股息,14,0,14,凱基-岡山,2023-04-26,9209
00830,國泰費城半導體,13,0,13,凱基-岡山,2023-04-26,9209
1710,東聯,16,3,13,凱基-岡山,2023-04-26,9209
0050,元大台灣50,12,0,12,凱基-岡山,2023-04-26,9209
00902,中信電池及儲能,11,0,11,凱基-岡山,2023-04-26,9209
00712,復華富時不動產,11,0,11,凱基-岡山,2023-04-26,9209
2349,錸德,10,0,10,凱基-岡山,2023-04-26,9209
6568,宏觀,10,0,10,凱基-岡山,2023-04-26,9209
8924,大田,10,0,10,凱基-岡山,2023-04-26,9209
6163,華電網,13,4,9,凱基-岡山,2023-04-26,9209
2002,中鋼,10,2,8,凱基-岡山,2023-04-26,9209
2913,農林,16,8,8,凱基-岡山,2023-04-26,9209
3711,日月光投控,7,0,7,凱基-岡山,2023-04-26,9209
00922,國泰台灣領袖50,7,0,7,凱基-岡山,2023-04-26,9209
6770,力積電,9,3,6,凱基-岡山,2023-04-26,9209
2314,台揚,6,0,6,凱基-岡山,2023-04-26,9209
4741,泓瀚,6,0,6,凱基-岡山,2023-04-26,9209
00885,富邦越南,11,6,5,凱基-岡山,2023-04-26,9209
1437,勤益控,5,0,5,凱基-岡山,2023-04-26,9209
1905,華紙,65,60,5,凱基-岡山,2023-04-26,9209
2027,大成鋼,5,0,5,凱基-岡山,2023-04-26,9209
2820,華票,5,0,5,凱基-岡山,2023-04-26,9209
3006,晶豪科,5,0,5,凱基-岡山,2023-04-26,9209
3231,緯創,10,5,5,凱基-岡山,2023-04-26,9209
6443,元晶,6,1,5,凱基-岡山,2023-04-26,9209
6517,保勝光學,5,0,5,凱基-岡山,2023-04-26,9209
6538,倉和,5,0,5,凱基-岡山,2023-04-26,9209
8091,翔名,5,0,5,凱基-岡山,2023-04-26,9209
2337,旺宏,4,0,4,凱基-岡山,2023-04-26,9209
00900,富邦特選高股息30,4,0,4,凱基-岡山,2023-04-26,9209
3035,智原,37,33,4,凱基-岡山,2023-04-26,9209
00753L,中信中國50正2,4,0,4,凱基-岡山,2023-04-26,9209
00894,中信小資高價30,7,3,4,凱基-岡山,2023-04-26,9209
8426,紅木-KY,158,0,158,凱基-岡山,2023-04-27,9209
2337,旺宏,66,2,64,凱基-岡山,2023-04-27,9209
6443,元晶,50,0,50,凱基-岡山,2023-04-27,9209
00715L,期街口布蘭特正2,41,0,41,凱基-岡山,2023-04-27,9209
2609,陽明,40,2,38,凱基-岡山,2023-04-27,9209
3707,漢磊,35,0,35,凱基-岡山,2023-04-27,9209
1471,首利,30,1,29,凱基-岡山,2023-04-27,9209
3037,欣興,29,1,28,凱基-岡山,2023-04-27,9209
2338,光罩,29,2,27,凱基-岡山,2023-04-27,9209
1310,台苯,121,95,26,凱基-岡山,2023-04-27,9209
00642U,期元大S＆P石油,24,0,24,凱基-岡山,2023-04-27,9209
00772B,中信高評級公司債,25,2,23,凱基-岡山,2023-04-27,9209
1102,亞泥,20,0,20,凱基-岡山,2023-04-27,9209
1711,永光,56,36,20,凱基-岡山,2023-04-27,9209
2002,中鋼,19,0,19,凱基-岡山,2023-04-27,9209
2413,環科,18,0,18,凱基-岡山,2023-04-27,9209
5880,合庫金,17,0,17,凱基-岡山,2023-04-27,9209
2409,友達,17,1,16,凱基-岡山,2023-04-27,9209
3232,昱捷,15,0,15,凱基-岡山,2023-04-27,9209
00878,國泰永續高股息,15,1,14,凱基-岡山,2023-04-27,9209
3481,群創,12,0,12,凱基-岡山,2023-04-27,9209
00893,國泰智能電動車,11,0,11,凱基-岡山,2023-04-27,9209
00922,國泰台灣領袖50,10,0,10,凱基-岡山,2023-04-27,9209
00898,國泰基因免疫革命,16,6,10,凱基-岡山,2023-04-27,9209
3005,神基,10,0,10,凱基-岡山,2023-04-27,9209
3465,進泰電子,10,0,10,凱基-岡山,2023-04-27,9209
6129,普誠,10,0,10,凱基-岡山,2023-04-27,9209
6185,幃翔,12,2,10,凱基-岡山,2023-04-27,9209
8050,廣積,10,0,10,凱基-岡山,2023-04-27,9209
00830,國泰費城半導體,9,0,9,凱基-岡山,2023-04-27,9209
2495,普安,9,0,9,凱基-岡山,2023-04-27,9209
4919,新唐,10,1,9,凱基-岡山,2023-04-27,9209
00894,中信小資高價30,17,9,8,凱基-岡山,2023-04-27,9209
2330,台積電,9,1,8,凱基-岡山,2023-04-27,9209
1605,華新,8,1,7,凱基-岡山,2023-04-27,9209
6504,南六,7,0,7,凱基-岡山,2023-04-27,9209
4111,濟生,22,16,6,凱基-岡山,2023-04-27,9209
4572,駐龍,8,2,6,凱基-岡山,2023-04-27,9209
0050,元大台灣50,6,1,5,凱基-岡山,2023-04-27,9209
00679B,元大美債20年,13,7,6,凱基-岡山,2023-04-27,9209
1219,福壽,6,1,5,凱基-岡山,2023-04-27,9209
1906,寶隆,5,0,5,凱基-岡山,2023-04-27,9209
2497,怡利電,5,0,5,凱基-岡山,2023-04-27,9209
3038,全台,10,5,5,凱基-岡山,2023-04-27,9209
3078,僑威,10,5,5,凱基-岡山,2023-04-27,9209
6550,北極星藥業-KY,5,0,5,凱基-岡山,2023-04-27,9209
8088,品安,5,0,5,凱基-岡山,2023-04-27,9209
8103,瀚荃,5,0,5,凱基-岡山,2023-04-27,9209
8110,華東,5,0,5,凱基-岡山,2023-04-27,9209
2317,鴻海,38,34,4,凱基-岡山,2023-04-27,9209
2206,三陽工業,135,15,120,凱基-岡山,2023-04-28,9209
2022,聚亨,74,0,74,凱基-岡山,2023-04-28,9209
6185,幃翔,62,1,61,凱基-岡山,2023-04-28,9209
2409,友達,95,50,45,凱基-岡山,2023-04-28,9209
6443,元晶,43,0,43,凱基-岡山,2023-04-28,9209
00680L,元大美債20正2,40,0,40,凱基-岡山,2023-04-28,9209
1471,首利,40,0,40,凱基-岡山,2023-04-28,9209
6288,聯嘉,41,9,32,凱基-岡山,2023-04-28,9209
1516,川飛,30,0,30,凱基-岡山,2023-04-28,9209
2603,長榮,32,2,30,凱基-岡山,2023-04-28,9209
3481,群創,34,8,26,凱基-岡山,2023-04-28,9209
4931,新盛力,25,0,25,凱基-岡山,2023-04-28,9209
00772B,中信高評級公司債,24,0,24,凱基-岡山,2023-04-28,9209
2337,旺宏,22,0,22,凱基-岡山,2023-04-28,9209
3094,聯傑,21,0,21,凱基-岡山,2023-04-28,9209
00898,國泰基因免疫革命,15,0,15,凱基-岡山,2023-04-28,9209
6248,沛波,14,0,14,凱基-岡山,2023-04-28,9209
00679B,元大美債20年,15,2,13,凱基-岡山,2023-04-28,9209
1314,中石化,14,2,12,凱基-岡山,2023-04-28,9209
4906,正文,12,0,12,凱基-岡山,2023-04-28,9209
1907,永豐餘,12,1,11,凱基-岡山,2023-04-28,9209
6147,頎邦,11,0,11,凱基-岡山,2023-04-28,9209
6005,群益證,10,0,10,凱基-岡山,2023-04-28,9209
8121,越峰,10,0,10,凱基-岡山,2023-04-28,9209
9136,巨騰-DR,10,0,10,凱基-岡山,2023-04-28,9209
3078,僑威,10,1,9,凱基-岡山,2023-04-28,9209
00878,國泰永續高股息,10,2,8,凱基-岡山,2023-04-28,9209
6179,亞通,8,0,8,凱基-岡山,2023-04-28,9209
6218,豪勉,10,2,8,凱基-岡山,2023-04-28,9209
9902,台火,8,0,8,凱基-岡山,2023-04-28,9209
1101,台泥,10,3,7,凱基-岡山,2023-04-28,9209
2002,中鋼,9,2,7,凱基-岡山,2023-04-28,9209
2388,威盛,9,2,7,凱基-岡山,2023-04-28,9209
8088,品安,14,7,7,凱基-岡山,2023-04-28,9209
00888,永豐台灣ESG,6,0,6,凱基-岡山,2023-04-28,9209
2888,新光金,6,0,6,凱基-岡山,2023-04-28,9209
3038,全台,6,0,6,凱基-岡山,2023-04-28,9209
3714,富采,6,0,6,凱基-岡山,2023-04-28,9209
00706L,期元大S＆P日圓正2,5,0,5,凱基-岡山,2023-04-28,9209
1503,士電,5,0,5,凱基-岡山,2023-04-28,9209
2547,日勝生,5,0,5,凱基-岡山,2023-04-28,9209
2801,彰銀,5,0,5,凱基-岡山,2023-04-28,9209
2834,臺企銀,5,0,5,凱基-岡山,2023-04-28,9209
3041,揚智,5,0,5,凱基-岡山,2023-04-28,9209
3265,台星科,7,2,5,凱基-岡山,2023-04-28,9209
6111,大宇資,26,21,5,凱基-岡山,2023-04-28,9209
6206,飛捷,5,0,5,凱基-岡山,2023-04-28,9209
6770,力積電,7,2,5,凱基-岡山,2023-04-28,9209
6806,森崴能源,5,0,5,凱基-岡山,2023-04-28,9209
0056,元大高股息,6,1,5,凱基-岡山,2023-04-28,9209
00680L,元大美債20正2,67,0,67,凱基-岡山,2023-05-02,9209
2344,華邦電,41,1,40,凱基-岡山,2023-05-02,9209
6160,欣技,40,0,40,凱基-岡山,2023-05-02,9209
2417,圓剛,40,1,39,凱基-岡山,2023-05-02,9209
3518,柏騰,35,0,35,凱基-岡山,2023-05-02,9209
8222,寶一,46,13,33,凱基-岡山,2023-05-02,9209
2609,陽明,63,31,32,凱基-岡山,2023-05-02,9209
2489,瑞軒,31,0,31,凱基-岡山,2023-05-02,9209
3686,達能,26,0,26,凱基-岡山,2023-05-02,9209
4510,高鋒,41,26,15,凱基-岡山,2023-05-02,9209
3712,永崴投控,15,1,14,凱基-岡山,2023-05-02,9209
1514,亞力,18,4,14,凱基-岡山,2023-05-02,9209
2206,三陽工業,14,1,13,凱基-岡山,2023-05-02,9209
2913,農林,15,2,13,凱基-岡山,2023-05-02,9209
4566,時碩工業,30,17,13,凱基-岡山,2023-05-02,9209
3037,欣興,35,23,12,凱基-岡山,2023-05-02,9209
4111,濟生,13,1,12,凱基-岡山,2023-05-02,9209
4541,晟田,36,24,12,凱基-岡山,2023-05-02,9209
6188,廣明,12,0,12,凱基-岡山,2023-05-02,9209
00679B,元大美債20年,11,0,11,凱基-岡山,2023-05-02,9209
2884,玉山金,16,6,10,凱基-岡山,2023-05-02,9209
00772B,中信高評級公司債,10,0,10,凱基-岡山,2023-05-02,9209
00637L,元大滬深300正2,18,8,10,凱基-岡山,2023-05-02,9209
1417,嘉裕,11,1,10,凱基-岡山,2023-05-02,9209
2002,中鋼,11,1,10,凱基-岡山,2023-05-02,9209
2371,大同,10,0,10,凱基-岡山,2023-05-02,9209
2889,國票金,10,0,10,凱基-岡山,2023-05-02,9209
6147,頎邦,10,0,10,凱基-岡山,2023-05-02,9209
8916,光隆,10,0,10,凱基-岡山,2023-05-02,9209
9105,泰金寶-DR,10,0,10,凱基-岡山,2023-05-02,9209
912000,晨訊科-DR,10,0,10,凱基-岡山,2023-05-02,9209
1504,東元,10,1,9,凱基-岡山,2023-05-02,9209
1810,和成,9,0,9,凱基-岡山,2023-05-02,9209
1909,榮成,10,1,9,凱基-岡山,2023-05-02,9209
1513,中興電,14,5,9,凱基-岡山,2023-05-02,9209
3025,星通,10,2,8,凱基-岡山,2023-05-02,9209
00753L,中信中國50正2,9,2,7,凱基-岡山,2023-05-02,9209
6148,驊宏資,16,9,7,凱基-岡山,2023-05-02,9209
2603,長榮,11,5,6,凱基-岡山,2023-05-02,9209
2457,飛宏,30,24,6,凱基-岡山,2023-05-02,9209
2615,萬海,6,0,6,凱基-岡山,2023-05-02,9209
3362,先進光,6,0,6,凱基-岡山,2023-05-02,9209
5876,上海商銀,6,0,6,凱基-岡山,2023-05-02,9209
2801,彰銀,5,0,5,凱基-岡山,2023-05-02,9209
6753,龍德造船,5,0,5,凱基-岡山,2023-05-02,9209
6282,康舒,12,7,5,凱基-岡山,2023-05-02,9209
00894,中信小資高價30,8,3,5,凱基-岡山,2023-05-02,9209
1220,台榮,5,0,5,凱基-岡山,2023-05-02,9209
00669R,國泰美國道瓊反1,5,0,5,凱基-岡山,2023-05-02,9209
00671R,富邦NASDAQ反1,5,0,5,凱基-岡山,2023-05-02,9209
00878,國泰永續高股息,69,11,58,凱基-岡山,2023-05-03,9209
00712,復華富時不動產,49,0,49,凱基-岡山,2023-05-03,9209
00753L,中信中國50正2,42,0,42,凱基-岡山,2023-05-03,9209
1611,中電,25,0,25,凱基-岡山,2023-05-03,9209
00637L,元大滬深300正2,32,8,24,凱基-岡山,2023-05-03,9209
1417,嘉裕,21,0,21,凱基-岡山,2023-05-03,9209
2409,友達,20,0,20,凱基-岡山,2023-05-03,9209
2618,長榮航,51,31,20,凱基-岡山,2023-05-03,9209
8103,瀚荃,20,0,20,凱基-岡山,2023-05-03,9209
2362,藍天,17,0,17,凱基-岡山,2023-05-03,9209
00715L,期街口布蘭特正2,16,0,16,凱基-岡山,2023-05-03,9209
00642U,期元大S＆P石油,16,0,16,凱基-岡山,2023-05-03,9209
1314,中石化,15,0,15,凱基-岡山,2023-05-03,9209
5309,系統電,15,0,15,凱基-岡山,2023-05-03,9209
2609,陽明,19,5,14,凱基-岡山,2023-05-03,9209
5880,合庫金,14,0,14,凱基-岡山,2023-05-03,9209
2002,中鋼,13,0,13,凱基-岡山,2023-05-03,9209
1516,川飛,12,0,12,凱基-岡山,2023-05-03,9209
1514,亞力,16,5,11,凱基-岡山,2023-05-03,9209
00679B,元大美債20年,11,0,11,凱基-岡山,2023-05-03,9209
1717,長興,10,0,10,凱基-岡山,2023-05-03,9209
3479,安勤,13,3,10,凱基-岡山,2023-05-03,9209
3682,亞太電,10,0,10,凱基-岡山,2023-05-03,9209
4121,優盛,12,2,10,凱基-岡山,2023-05-03,9209
6244,茂迪,16,6,10,凱基-岡山,2023-05-03,9209
911868,同方友友-DR,10,0,10,凱基-岡山,2023-05-03,9209
2812,台中銀,10,0,10,凱基-岡山,2023-05-03,9209
00706L,期元大S＆P日圓正2,8,0,8,凱基-岡山,2023-05-03,9209
1776,展宇,8,0,8,凱基-岡山,2023-05-03,9209
6179,亞通,16,8,8,凱基-岡山,2023-05-03,9209
2615,萬海,7,1,6,凱基-岡山,2023-05-03,9209
2641,正德,6,0,6,凱基-岡山,2023-05-03,9209
3231,緯創,8,2,6,凱基-岡山,2023-05-03,9209
2884,玉山金,11,6,5,凱基-岡山,2023-05-03,9209
1519,華城,6,1,5,凱基-岡山,2023-05-03,9209
00902,中信電池及儲能,5,0,5,凱基-岡山,2023-05-03,9209
2211,長榮鋼,5,0,5,凱基-岡山,2023-05-03,9209
2369,菱生,5,0,5,凱基-岡山,2023-05-03,9209
3025,星通,5,0,5,凱基-岡山,2023-05-03,9209
3419,譁裕,6,1,5,凱基-岡山,2023-05-03,9209
4161,聿新科,10,5,5,凱基-岡山,2023-05-03,9209
2515,中工,5,0,5,凱基-岡山,2023-05-03,9209
2412,中華電,4,0,4,凱基-岡山,2023-05-03,9209
00633L,富邦上証正2,6,2,4,凱基-岡山,2023-05-03,9209
2344,華邦電,4,0,4,凱基-岡山,2023-05-03,9209
2480,敦陽科,7,3,4,凱基-岡山,2023-05-03,9209
2486,一詮,4,0,4,凱基-岡山,2023-05-03,9209
3363,上詮,4,0,4,凱基-岡山,2023-05-03,9209
3576,聯合再生,5,1,4,凱基-岡山,2023-05-03,9209
6167,久正,5,1,4,凱基-岡山,2023-05-03,9209
00878,國泰永續高股息,327,0,327,凱基-岡山,2023-05-04,9209
00715L,期街口布蘭特正2,167,2,165,凱基-岡山,2023-05-04,9209
4160,訊聯基因,50,0,50,凱基-岡山,2023-05-04,9209
00712,復華富時不動產,44,0,44,凱基-岡山,2023-05-04,9209
3078,僑威,24,0,24,凱基-岡山,2023-05-04,9209
00772B,中信高評級公司債,23,0,23,凱基-岡山,2023-05-04,9209
00642U,期元大S＆P石油,22,0,22,凱基-岡山,2023-05-04,9209
2206,三陽工業,25,6,19,凱基-岡山,2023-05-04,9209
00891,中信關鍵半導體,18,2,16,凱基-岡山,2023-05-04,9209
00679B,元大美債20年,15,1,14,凱基-岡山,2023-05-04,9209
2002,中鋼,16,3,13,凱基-岡山,2023-05-04,9209
6271,同欣電,12,0,12,凱基-岡山,2023-05-04,9209
8085,福華,15,3,12,凱基-岡山,2023-05-04,9209
1701,中化,11,0,11,凱基-岡山,2023-05-04,9209
4111,濟生,12,1,11,凱基-岡山,2023-05-04,9209
6841,長佳智能,16,6,10,凱基-岡山,2023-05-04,9209
2413,環科,9,0,9,凱基-岡山,2023-05-04,9209
1514,亞力,12,4,8,凱基-岡山,2023-05-04,9209
3202,樺晟,8,0,8,凱基-岡山,2023-05-04,9209
3673,TPK-KY,10,3,7,凱基-岡山,2023-05-04,9209
6443,元晶,8,1,7,凱基-岡山,2023-05-04,9209
2211,長榮鋼,6,0,6,凱基-岡山,2023-05-04,9209
2351,順德,6,0,6,凱基-岡山,2023-05-04,9209
2460,建通,6,0,6,凱基-岡山,2023-05-04,9209
3551,世禾,6,0,6,凱基-岡山,2023-05-04,9209
6504,南六,6,0,6,凱基-岡山,2023-05-04,9209
2303,聯電,6,0,6,凱基-岡山,2023-05-04,9209
1905,華紙,17,11,6,凱基-岡山,2023-05-04,9209
1776,展宇,5,0,5,凱基-岡山,2023-05-04,9209
1784,訊聯,6,1,5,凱基-岡山,2023-05-04,9209
1785,光洋科,5,0,5,凱基-岡山,2023-05-04,9209
2317,鴻海,5,0,5,凱基-岡山,2023-05-04,9209
2367,燿華,5,0,5,凱基-岡山,2023-05-04,9209
2486,一詮,5,0,5,凱基-岡山,2023-05-04,9209
4109,加捷生醫,5,0,5,凱基-岡山,2023-05-04,9209
6288,聯嘉,8,3,5,凱基-岡山,2023-05-04,9209
2014,中鴻,5,0,5,凱基-岡山,2023-05-04,9209
00687B,國泰20年美債,4,0,4,凱基-岡山,2023-05-04,9209
5371,中光電,4,0,4,凱基-岡山,2023-05-04,9209
6290,良維,4,0,4,凱基-岡山,2023-05-04,9209
8069,元太,6,2,4,凱基-岡山,2023-05-04,9209
1795,美時,5,1,4,凱基-岡山,2023-05-04,9209
6245,立端,3,0,3,凱基-岡山,2023-05-04,9209
3443,創意,4,1,3,凱基-岡山,2023-05-04,9209
1304,台聚,3,0,3,凱基-岡山,2023-05-04,9209
2497,怡利電,3,0,3,凱基-岡山,2023-05-04,9209
2754,亞洲藏壽司,3,0,3,凱基-岡山,2023-05-04,9209
2915,潤泰全,3,0,3,凱基-岡山,2023-05-04,9209
3014,聯陽,3,0,3,凱基-岡山,2023-05-04,9209
3030,德律,3,0,3,凱基-岡山,2023-05-04,9209
00632R,元大台灣50反1,100,0,100,凱基-岡山,2023-05-05,9209
00878,國泰永續高股息,114,24,90,凱基-岡山,2023-05-05,9209
00715L,期街口布蘭特正2,40,2,38,凱基-岡山,2023-05-05,9209
6477,安集,32,1,31,凱基-岡山,2023-05-05,9209
9955,佳龍,30,1,29,凱基-岡山,2023-05-05,9209
00712,復華富時不動產,23,0,23,凱基-岡山,2023-05-05,9209
6125,廣運,20,0,20,凱基-岡山,2023-05-05,9209
00679B,元大美債20年,18,0,18,凱基-岡山,2023-05-05,9209
1795,美時,25,9,16,凱基-岡山,2023-05-05,9209
00642U,期元大S＆P石油,14,0,14,凱基-岡山,2023-05-05,9209
6443,元晶,25,12,13,凱基-岡山,2023-05-05,9209
00772B,中信高評級公司債,13,0,13,凱基-岡山,2023-05-05,9209
2618,長榮航,20,7,13,凱基-岡山,2023-05-05,9209
2634,漢翔,47,34,13,凱基-岡山,2023-05-05,9209
2897,王道銀行,13,0,13,凱基-岡山,2023-05-05,9209
2515,中工,18,6,12,凱基-岡山,2023-05-05,9209
3664,安瑞-KY,12,0,12,凱基-岡山,2023-05-05,9209
1101,台泥,14,2,12,凱基-岡山,2023-05-05,9209
4164,承業醫,11,0,11,凱基-岡山,2023-05-05,9209
1417,嘉裕,11,1,10,凱基-岡山,2023-05-05,9209
00830,國泰費城半導體,10,0,10,凱基-岡山,2023-05-05,9209
2375,凱美,10,0,10,凱基-岡山,2023-05-05,9209
3419,譁裕,10,0,10,凱基-岡山,2023-05-05,9209
911868,同方友友-DR,10,0,10,凱基-岡山,2023-05-05,9209
8215,明基材,9,0,9,凱基-岡山,2023-05-05,9209
00680L,元大美債20正2,18,10,8,凱基-岡山,2023-05-05,9209
1905,華紙,8,0,8,凱基-岡山,2023-05-05,9209
00893,國泰智能電動車,7,0,7,凱基-岡山,2023-05-05,9209
3047,訊舟,7,0,7,凱基-岡山,2023-05-05,9209
3380,明泰,10,3,7,凱基-岡山,2023-05-05,9209
3715,定穎投控,7,0,7,凱基-岡山,2023-05-05,9209
2362,藍天,6,0,6,凱基-岡山,2023-05-05,9209
2455,全新,6,0,6,凱基-岡山,2023-05-05,9209
3038,全台,8,2,6,凱基-岡山,2023-05-05,9209
5009,榮剛,6,0,6,凱基-岡山,2023-05-05,9209
2317,鴻海,6,0,6,凱基-岡山,2023-05-05,9209
1717,長興,5,0,5,凱基-岡山,2023-05-05,9209
6592,和潤企業,5,0,5,凱基-岡山,2023-05-05,9209
00665L,富邦�琤肭磪囓�2,5,0,5,凱基-岡山,2023-05-05,9209
1611,中電,5,0,5,凱基-岡山,2023-05-05,9209
1752,南光,6,1,5,凱基-岡山,2023-05-05,9209
2351,順德,5,0,5,凱基-岡山,2023-05-05,9209
2354,鴻準,5,0,5,凱基-岡山,2023-05-05,9209
3017,奇鋐,16,11,5,凱基-岡山,2023-05-05,9209
3025,星通,5,0,5,凱基-岡山,2023-05-05,9209
5432,新門,5,0,5,凱基-岡山,2023-05-05,9209
6548,長科*,5,0,5,凱基-岡山,2023-05-05,9209
3033,威健,5,0,5,凱基-岡山,2023-05-05,9209
3576,聯合再生,9,5,4,凱基-岡山,2023-05-05,9209
2615,萬海,5,1,4,凱基-岡山,2023-05-05,9209
00878,國泰永續高股息,167,3,164,凱基-岡山,2023-05-08,9209
2812,台中銀,141,3,138,凱基-岡山,2023-05-08,9209
1101,台泥,83,12,71,凱基-岡山,2023-05-08,9209
00679B,元大美債20年,70,3,67,凱基-岡山,2023-05-08,9209
1605,華新,54,3,51,凱基-岡山,2023-05-08,9209
2482,連宇,55,4,51,凱基-岡山,2023-05-08,9209
00680L,元大美債20正2,47,0,47,凱基-岡山,2023-05-08,9209
2881,富邦金,40,0,40,凱基-岡山,2023-05-08,9209
2609,陽明,43,5,38,凱基-岡山,2023-05-08,9209
6125,廣運,37,4,33,凱基-岡山,2023-05-08,9209
2610,華航,24,0,24,凱基-岡山,2023-05-08,9209
00772B,中信高評級公司債,23,0,23,凱基-岡山,2023-05-08,9209
2880,華南金,21,0,21,凱基-岡山,2023-05-08,9209
2413,環科,21,0,21,凱基-岡山,2023-05-08,9209
2889,國票金,17,0,17,凱基-岡山,2023-05-08,9209
2887,台新金,25,11,14,凱基-岡山,2023-05-08,9209
3501,維熹,15,1,14,凱基-岡山,2023-05-08,9209
6173,信昌電,15,1,14,凱基-岡山,2023-05-08,9209
1326,台化,13,0,13,凱基-岡山,2023-05-08,9209
5608,四維航,13,1,12,凱基-岡山,2023-05-08,9209
1314,中石化,13,2,11,凱基-岡山,2023-05-08,9209
1504,東元,45,34,11,凱基-岡山,2023-05-08,9209
2492,華新科,12,1,11,凱基-岡山,2023-05-08,9209
5009,榮剛,15,4,11,凱基-岡山,2023-05-08,9209
1325,恆大,10,0,10,凱基-岡山,2023-05-08,9209
1440,南紡,10,0,10,凱基-岡山,2023-05-08,9209
2344,華邦電,10,0,10,凱基-岡山,2023-05-08,9209
2375,凱美,10,0,10,凱基-岡山,2023-05-08,9209
5530,龍巖,10,0,10,凱基-岡山,2023-05-08,9209
8033,雷虎,28,18,10,凱基-岡山,2023-05-08,9209
00712,復華富時不動產,9,0,9,凱基-岡山,2023-05-08,9209
6148,驊宏資,8,0,8,凱基-岡山,2023-05-08,9209
6257,矽格,8,0,8,凱基-岡山,2023-05-08,9209
2468,華經,7,0,7,凱基-岡山,2023-05-08,9209
4903,聯光通,7,0,7,凱基-岡山,2023-05-08,9209
3481,群創,6,0,6,凱基-岡山,2023-05-08,9209
1316,上曜,8,2,6,凱基-岡山,2023-05-08,9209
2351,順德,6,0,6,凱基-岡山,2023-05-08,9209
4111,濟生,6,0,6,凱基-岡山,2023-05-08,9209
6719,力智,7,1,6,凱基-岡山,2023-05-08,9209
5222,全訊,8,2,6,凱基-岡山,2023-05-08,9209
2449,京元電子,5,0,5,凱基-岡山,2023-05-08,9209
1752,南光,5,0,5,凱基-岡山,2023-05-08,9209
2630,亞航,8,3,5,凱基-岡山,2023-05-08,9209
2832,台產,5,0,5,凱基-岡山,2023-05-08,9209
6123,上奇,5,0,5,凱基-岡山,2023-05-08,9209
6139,亞翔,5,0,5,凱基-岡山,2023-05-08,9209
6576,逸達,5,0,5,凱基-岡山,2023-05-08,9209
7402,邑錡,7,2,5,凱基-岡山,2023-05-08,9209
8107,大億金茂,5,0,5,凱基-岡山,2023-05-08,9209
2812,台中銀,135,2,133,凱基-岡山,2023-05-09,9209
2206,三陽工業,68,3,65,凱基-岡山,2023-05-09,9209
00680L,元大美債20正2,36,0,36,凱基-岡山,2023-05-09,9209
1605,華新,38,4,34,凱基-岡山,2023-05-09,9209
2913,農林,40,6,34,凱基-岡山,2023-05-09,9209
4934,太極,32,0,32,凱基-岡山,2023-05-09,9209
00772B,中信高評級公司債,30,0,30,凱基-岡山,2023-05-09,9209
1210,大成,30,0,30,凱基-岡山,2023-05-09,9209
1905,華紙,65,38,27,凱基-岡山,2023-05-09,9209
6244,茂迪,37,12,25,凱基-岡山,2023-05-09,9209
2413,環科,23,0,23,凱基-岡山,2023-05-09,9209
4919,新唐,21,2,19,凱基-岡山,2023-05-09,9209
00878,國泰永續高股息,22,3,19,凱基-岡山,2023-05-09,9209
5498,凱崴,18,1,17,凱基-岡山,2023-05-09,9209
6477,安集,20,5,15,凱基-岡山,2023-05-09,9209
6182,合晶,14,0,14,凱基-岡山,2023-05-09,9209
5009,榮剛,18,4,14,凱基-岡山,2023-05-09,9209
1440,南紡,13,0,13,凱基-岡山,2023-05-09,9209
1513,中興電,11,0,11,凱基-岡山,2023-05-09,9209
00900,富邦特選高股息30,11,0,11,凱基-岡山,2023-05-09,9209
4108,懷特,11,0,11,凱基-岡山,2023-05-09,9209
2489,瑞軒,10,0,10,凱基-岡山,2023-05-09,9209
00679B,元大美債20年,10,0,10,凱基-岡山,2023-05-09,9209
00922,國泰台灣領袖50,10,0,10,凱基-岡山,2023-05-09,9209
1314,中石化,11,1,10,凱基-岡山,2023-05-09,9209
3272,東碩,10,0,10,凱基-岡山,2023-05-09,9209
3576,聯合再生,10,0,10,凱基-岡山,2023-05-09,9209
5351,鈺創,13,3,10,凱基-岡山,2023-05-09,9209
8289,泰藝,10,0,10,凱基-岡山,2023-05-09,9209
911868,同方友友-DR,10,0,10,凱基-岡山,2023-05-09,9209
00642U,期元大S＆P石油,20,11,9,凱基-岡山,2023-05-09,9209
2886,兆豐金,12,3,9,凱基-岡山,2023-05-09,9209
1434,福懋,8,0,8,凱基-岡山,2023-05-09,9209
3481,群創,8,0,8,凱基-岡山,2023-05-09,9209
00687B,國泰20年美債,8,0,8,凱基-岡山,2023-05-09,9209
3520,華盈,8,1,7,凱基-岡山,2023-05-09,9209
6275,元山,12,5,7,凱基-岡山,2023-05-09,9209
00720B,元大投資級公司債,6,0,6,凱基-岡山,2023-05-09,9209
3058,立德,7,1,6,凱基-岡山,2023-05-09,9209
1909,榮成,7,1,6,凱基-岡山,2023-05-09,9209
2352,佳世達,9,3,6,凱基-岡山,2023-05-09,9209
3038,全台,6,0,6,凱基-岡山,2023-05-09,9209
3591,艾笛森,12,6,6,凱基-岡山,2023-05-09,9209
4566,時碩工業,56,50,6,凱基-岡山,2023-05-09,9209
6531,愛普*,6,0,6,凱基-岡山,2023-05-09,9209
6548,長科*,6,0,6,凱基-岡山,2023-05-09,9209
6606,建德工業,6,0,6,凱基-岡山,2023-05-09,9209
8210,勤誠,7,1,6,凱基-岡山,2023-05-09,9209
9103,美德醫療-DR,6,0,6,凱基-岡山,2023-05-09,9209
2421,建準,21,16,5,凱基-岡山,2023-05-09,9209
2812,台中銀,136,3,133,凱基-岡山,2023-05-10,9209
2618,長榮航,87,37,50,凱基-岡山,2023-05-10,9209
9105,泰金寶-DR,50,0,50,凱基-岡山,2023-05-10,9209
2352,佳世達,37,1,36,凱基-岡山,2023-05-10,9209
2801,彰銀,30,0,30,凱基-岡山,2023-05-10,9209
2888,新光金,30,0,30,凱基-岡山,2023-05-10,9209
00878,國泰永續高股息,22,0,22,凱基-岡山,2023-05-10,9209
8940,新天地,20,0,20,凱基-岡山,2023-05-10,9209
2317,鴻海,23,3,20,凱基-岡山,2023-05-10,9209
00772B,中信高評級公司債,19,0,19,凱基-岡山,2023-05-10,9209
00753L,中信中國50正2,17,0,17,凱基-岡山,2023-05-10,9209
00680L,元大美債20正2,16,0,16,凱基-岡山,2023-05-10,9209
2881A,富邦特,15,0,15,凱基-岡山,2023-05-10,9209
9933,中鼎,15,0,15,凱基-岡山,2023-05-10,9209
6570,維田,17,3,14,凱基-岡山,2023-05-10,9209
8103,瀚荃,14,0,14,凱基-岡山,2023-05-10,9209
00637L,元大滬深300正2,13,0,13,凱基-岡山,2023-05-10,9209
3711,日月光投控,13,0,13,凱基-岡山,2023-05-10,9209
2330,台積電,12,0,12,凱基-岡山,2023-05-10,9209
1337,再生-KY,18,6,12,凱基-岡山,2023-05-10,9209
2913,農林,11,0,11,凱基-岡山,2023-05-10,9209
3046,建��,39,28,11,凱基-岡山,2023-05-10,9209
6191,精成科,11,0,11,凱基-岡山,2023-05-10,9209
1314,中石化,10,0,10,凱基-岡山,2023-05-10,9209
1810,和成,10,0,10,凱基-岡山,2023-05-10,9209
3013,晟銘電,20,10,10,凱基-岡山,2023-05-10,9209
4744,皇將,20,10,10,凱基-岡山,2023-05-10,9209
6509,聚和,10,0,10,凱基-岡山,2023-05-10,9209
2481,強茂,10,1,9,凱基-岡山,2023-05-10,9209
2471,資通,10,1,9,凱基-岡山,2023-05-10,9209
6147,頎邦,9,0,9,凱基-岡山,2023-05-10,9209
1721,三晃,8,0,8,凱基-岡山,2023-05-10,9209
00882,中信中國高股息,9,2,7,凱基-岡山,2023-05-10,9209
2482,連宇,9,2,7,凱基-岡山,2023-05-10,9209
00894,中信小資高價30,6,0,6,凱基-岡山,2023-05-10,9209
2492,華新科,6,0,6,凱基-岡山,2023-05-10,9209
2497,怡利電,6,0,6,凱基-岡山,2023-05-10,9209
2886,兆豐金,6,0,6,凱基-岡山,2023-05-10,9209
3576,聯合再生,6,0,6,凱基-岡山,2023-05-10,9209
6527,明達醫,6,0,6,凱基-岡山,2023-05-10,9209
2887,台新金,6,0,6,凱基-岡山,2023-05-10,9209
1616,億泰,5,0,5,凱基-岡山,2023-05-10,9209
1717,長興,5,0,5,凱基-岡山,2023-05-10,9209
2897,王道銀行,5,0,5,凱基-岡山,2023-05-10,9209
4129,聯合,7,2,5,凱基-岡山,2023-05-10,9209
6128,上福,5,0,5,凱基-岡山,2023-05-10,9209
00720B,元大投資級公司債,4,0,4,凱基-岡山,2023-05-10,9209
00687B,國泰20年美債,4,0,4,凱基-岡山,2023-05-10,9209
00891,中信關鍵半導體,4,0,4,凱基-岡山,2023-05-10,9209
1525,江申,4,0,4,凱基-岡山,2023-05-10,9209
2610,華航,288,1,287,凱基-岡山,2023-05-11,9209
2812,台中銀,88,0,88,凱基-岡山,2023-05-11,9209
00673R,期元大S＆P原油反1,77,0,77,凱基-岡山,2023-05-11,9209
1609,大亞,58,6,52,凱基-岡山,2023-05-11,9209
2367,燿華,30,0,30,凱基-岡山,2023-05-11,9209
2022,聚亨,25,0,25,凱基-岡山,2023-05-11,9209
2409,友達,24,0,24,凱基-岡山,2023-05-11,9209
2630,亞航,23,0,23,凱基-岡山,2023-05-11,9209
3231,緯創,43,22,21,凱基-岡山,2023-05-11,9209
00715L,期街口布蘭特正2,98,79,19,凱基-岡山,2023-05-11,9209
2883,凱基金,19,3,16,凱基-岡山,2023-05-11,9209
0056,元大高股息,16,0,16,凱基-岡山,2023-05-11,9209
2359,所羅門,16,0,16,凱基-岡山,2023-05-11,9209
2889,國票金,16,0,16,凱基-岡山,2023-05-11,9209
2317,鴻海,14,0,14,凱基-岡山,2023-05-11,9209
2344,華邦電,15,1,14,凱基-岡山,2023-05-11,9209
2887,台新金,14,0,14,凱基-岡山,2023-05-11,9209
2913,農林,13,0,13,凱基-岡山,2023-05-11,9209
6285,啟��,12,0,12,凱基-岡山,2023-05-11,9209
1905,華紙,12,0,12,凱基-岡山,2023-05-11,9209
2371,大同,16,4,12,凱基-岡山,2023-05-11,9209
2634,漢翔,82,70,12,凱基-岡山,2023-05-11,9209
00772B,中信高評級公司債,12,0,12,凱基-岡山,2023-05-11,9209
2615,萬海,11,0,11,凱基-岡山,2023-05-11,9209
00753L,中信中國50正2,11,0,11,凱基-岡山,2023-05-11,9209
2641,正德,11,0,11,凱基-岡山,2023-05-11,9209
1514,亞力,15,5,10,凱基-岡山,2023-05-11,9209
2515,中工,10,0,10,凱基-岡山,2023-05-11,9209
3078,僑威,10,0,10,凱基-岡山,2023-05-11,9209
5531,鄉林,10,0,10,凱基-岡山,2023-05-11,9209
6167,久正,10,0,10,凱基-岡山,2023-05-11,9209
6477,安集,10,0,10,凱基-岡山,2023-05-11,9209
8103,瀚荃,10,0,10,凱基-岡山,2023-05-11,9209
1612,宏泰,9,0,9,凱基-岡山,2023-05-11,9209
1316,上曜,8,0,8,凱基-岡山,2023-05-11,9209
1522,堤維西,8,0,8,凱基-岡山,2023-05-11,9209
2349,錸德,8,0,8,凱基-岡山,2023-05-11,9209
3704,合勤控,8,0,8,凱基-岡山,2023-05-11,9209
4967,十銓,58,50,8,凱基-岡山,2023-05-11,9209
6191,精成科,12,4,8,凱基-岡山,2023-05-11,9209
6202,盛群,8,0,8,凱基-岡山,2023-05-11,9209
6235,華孚,13,5,8,凱基-岡山,2023-05-11,9209
8421,旭源,8,0,8,凱基-岡山,2023-05-11,9209
2497,怡利電,7,0,7,凱基-岡山,2023-05-11,9209
2614,東森,8,1,7,凱基-岡山,2023-05-11,9209
3481,群創,7,0,7,凱基-岡山,2023-05-11,9209
3520,華盈,7,0,7,凱基-岡山,2023-05-11,9209
6179,亞通,8,1,7,凱基-岡山,2023-05-11,9209
1589,永冠-KY,6,0,6,凱基-岡山,2023-05-11,9209
2495,普安,6,0,6,凱基-岡山,2023-05-11,9209
00878,國泰永續高股息,118,4,114,凱基-岡山,2023-05-12,9209
2480,敦陽科,41,0,41,凱基-岡山,2023-05-12,9209
2883,凱基金,43,5,38,凱基-岡山,2023-05-12,9209
2888,新光金,39,6,33,凱基-岡山,2023-05-12,9209
2002,中鋼,32,0,32,凱基-岡山,2023-05-12,9209
2409,友達,31,0,31,凱基-岡山,2023-05-12,9209
00637L,元大滬深300正2,27,0,27,凱基-岡山,2023-05-12,9209
9945,潤泰新,23,0,23,凱基-岡山,2023-05-12,9209
2884,玉山金,23,2,21,凱基-岡山,2023-05-12,9209
00885,富邦越南,20,0,20,凱基-岡山,2023-05-12,9209
2504,國產,20,0,20,凱基-岡山,2023-05-12,9209
2915,潤泰全,15,0,15,凱基-岡山,2023-05-12,9209
2317,鴻海,18,4,14,凱基-岡山,2023-05-12,9209
3481,群創,14,0,14,凱基-岡山,2023-05-12,9209
3290,東浦,12,0,12,凱基-岡山,2023-05-12,9209
00679B,元大美債20年,11,0,11,凱基-岡山,2023-05-12,9209
2609,陽明,11,0,11,凱基-岡山,2023-05-12,9209
1304,台聚,11,0,11,凱基-岡山,2023-05-12,9209
00891,中信關鍵半導體,11,0,11,凱基-岡山,2023-05-12,9209
00633L,富邦上証正2,11,1,10,凱基-岡山,2023-05-12,9209
3041,揚智,10,0,10,凱基-岡山,2023-05-12,9209
00642U,期元大S＆P石油,12,3,9,凱基-岡山,2023-05-12,9209
1802,台玻,9,0,9,凱基-岡山,2023-05-12,9209
00882,中信中國高股息,8,0,8,凱基-岡山,2023-05-12,9209
1326,台化,8,0,8,凱基-岡山,2023-05-12,9209
1608,華榮,10,2,8,凱基-岡山,2023-05-12,9209
1736,喬山,8,0,8,凱基-岡山,2023-05-12,9209
6112,邁達特,10,2,8,凱基-岡山,2023-05-12,9209
8121,越峰,9,1,8,凱基-岡山,2023-05-12,9209
1710,東聯,7,0,7,凱基-岡山,2023-05-12,9209
2736,富野,7,0,7,凱基-岡山,2023-05-12,9209
6005,群益證,8,1,7,凱基-岡山,2023-05-12,9209
6241,易通展,7,0,7,凱基-岡山,2023-05-12,9209
2031,新光鋼,8,2,6,凱基-岡山,2023-05-12,9209
3532,台勝科,6,0,6,凱基-岡山,2023-05-12,9209
4108,懷特,6,0,6,凱基-岡山,2023-05-12,9209
6568,宏觀,6,0,6,凱基-岡山,2023-05-12,9209
1717,長興,5,0,5,凱基-岡山,2023-05-12,9209
2388,威盛,6,1,5,凱基-岡山,2023-05-12,9209
2641,正德,5,0,5,凱基-岡山,2023-05-12,9209
6164,華興,5,0,5,凱基-岡山,2023-05-12,9209
6191,精成科,7,2,5,凱基-岡山,2023-05-12,9209
1101,台泥,7,2,5,凱基-岡山,2023-05-12,9209
2023,燁輝,4,0,4,凱基-岡山,2023-05-12,9209
2027,大成鋼,4,0,4,凱基-岡山,2023-05-12,9209
2492,華新科,5,1,4,凱基-岡山,2023-05-12,9209
3034,聯詠,4,0,4,凱基-岡山,2023-05-12,9209
6234,高僑,4,0,4,凱基-岡山,2023-05-12,9209
6807,峰源-KY,4,0,4,凱基-岡山,2023-05-12,9209
2634,漢翔,44,40,4,凱基-岡山,2023-05-12,9209
00687B,國泰20年美債,140,0,140,凱基-岡山,2023-05-15,9209
00632R,元大台灣50反1,99,0,99,凱基-岡山,2023-05-15,9209
00712,復華富時不動產,40,0,40,凱基-岡山,2023-05-15,9209
2845,遠東銀,30,0,30,凱基-岡山,2023-05-15,9209
2888,新光金,29,0,29,凱基-岡山,2023-05-15,9209
00878,國泰永續高股息,29,4,25,凱基-岡山,2023-05-15,9209
9945,潤泰新,24,0,24,凱基-岡山,2023-05-15,9209
2618,長榮航,22,1,21,凱基-岡山,2023-05-15,9209
2641,正德,20,0,20,凱基-岡山,2023-05-15,9209
3062,建漢,17,2,15,凱基-岡山,2023-05-15,9209
3231,緯創,49,34,15,凱基-岡山,2023-05-15,9209
2344,華邦電,11,0,11,凱基-岡山,2023-05-15,9209
1513,中興電,12,2,10,凱基-岡山,2023-05-15,9209
2883,凱基金,11,1,10,凱基-岡山,2023-05-15,9209
1234,黑松,10,0,10,凱基-岡山,2023-05-15,9209
2323,中環,15,5,10,凱基-岡山,2023-05-15,9209
2891,中信金,10,0,10,凱基-岡山,2023-05-15,9209
4566,時碩工業,80,70,10,凱基-岡山,2023-05-15,9209
6244,茂迪,12,2,10,凱基-岡山,2023-05-15,9209
1101,台泥,12,3,9,凱基-岡山,2023-05-15,9209
2303,聯電,10,1,9,凱基-岡山,2023-05-15,9209
8299,群聯,9,0,9,凱基-岡山,2023-05-15,9209
3479,安勤,14,5,9,凱基-岡山,2023-05-15,9209
2371,大同,17,8,9,凱基-岡山,2023-05-15,9209
8048,德勝,12,4,8,凱基-岡山,2023-05-15,9209
2317,鴻海,7,0,7,凱基-岡山,2023-05-15,9209
3105,穩懋,8,1,7,凱基-岡山,2023-05-15,9209
2887,台新金,7,0,7,凱基-岡山,2023-05-15,9209
3046,建��,35,28,7,凱基-岡山,2023-05-15,9209
3290,東浦,7,0,7,凱基-岡山,2023-05-15,9209
2014,中鴻,9,3,6,凱基-岡山,2023-05-15,9209
00898,國泰基因免疫革命,9,3,6,凱基-岡山,2023-05-15,9209
2103,台橡,6,0,6,凱基-岡山,2023-05-15,9209
3041,揚智,6,0,6,凱基-岡山,2023-05-15,9209
4121,優盛,6,0,6,凱基-岡山,2023-05-15,9209
6538,倉和,17,11,6,凱基-岡山,2023-05-15,9209
00680L,元大美債20正2,5,0,5,凱基-岡山,2023-05-15,9209
2206,三陽工業,20,15,5,凱基-岡山,2023-05-15,9209
2211,長榮鋼,5,0,5,凱基-岡山,2023-05-15,9209
2423,固緯,5,0,5,凱基-岡山,2023-05-15,9209
2731,雄獅,5,0,5,凱基-岡山,2023-05-15,9209
2908,特力,5,0,5,凱基-岡山,2023-05-15,9209
5351,鈺創,5,0,5,凱基-岡山,2023-05-15,9209
6147,頎邦,6,1,5,凱基-岡山,2023-05-15,9209
6288,聯嘉,5,0,5,凱基-岡山,2023-05-15,9209
8121,越峰,5,0,5,凱基-岡山,2023-05-15,9209
6148,驊宏資,5,0,5,凱基-岡山,2023-05-15,9209
2489,瑞軒,5,1,4,凱基-岡山,2023-05-15,9209
00679B,元大美債20年,4,0,4,凱基-岡山,2023-05-15,9209
00706L,期元大S＆P日圓正2,4,0,4,凱基-岡山,2023-05-15,9209
00632R,元大台灣50反1,55,0,55,凱基-岡山,2023-05-16,9209
00680L,元大美債20正2,53,0,53,凱基-岡山,2023-05-16,9209
2734,易飛網,50,2,48,凱基-岡山,2023-05-16,9209
00878,國泰永續高股息,75,32,43,凱基-岡山,2023-05-16,9209
1609,大亞,44,4,40,凱基-岡山,2023-05-16,9209
2323,中環,28,2,26,凱基-岡山,2023-05-16,9209
2204,中華,27,1,26,凱基-岡山,2023-05-16,9209
3006,晶豪科,25,1,24,凱基-岡山,2023-05-16,9209
00772B,中信高評級公司債,22,0,22,凱基-岡山,2023-05-16,9209
1519,華城,24,2,22,凱基-岡山,2023-05-16,9209
00706L,期元大S＆P日圓正2,19,0,19,凱基-岡山,2023-05-16,9209
1447,力鵬,18,0,18,凱基-岡山,2023-05-16,9209
3447,展達,16,0,16,凱基-岡山,2023-05-16,9209
2303,聯電,23,8,15,凱基-岡山,2023-05-16,9209
6160,欣技,22,9,13,凱基-岡山,2023-05-16,9209
2201,裕隆,11,0,11,凱基-岡山,2023-05-16,9209
00664R,國泰臺灣加權反1,10,0,10,凱基-岡山,2023-05-16,9209
2834,臺企銀,10,0,10,凱基-岡山,2023-05-16,9209
6712,長聖,9,0,9,凱基-岡山,2023-05-16,9209
2547,日勝生,7,0,7,凱基-岡山,2023-05-16,9209
6243,迅杰,7,1,6,凱基-岡山,2023-05-16,9209
00751B,元大AAA至A公司債,5,0,5,凱基-岡山,2023-05-16,9209
2340,台亞,5,0,5,凱基-岡山,2023-05-16,9209
3025,星通,5,0,5,凱基-岡山,2023-05-16,9209
8028,昇陽半導體,5,0,5,凱基-岡山,2023-05-16,9209
2344,華邦電,8,4,4,凱基-岡山,2023-05-16,9209
2441,超豐,4,0,4,凱基-岡山,2023-05-16,9209
2618,長榮航,44,40,4,凱基-岡山,2023-05-16,9209
3558,神準,4,0,4,凱基-岡山,2023-05-16,9209
4744,皇將,7,3,4,凱基-岡山,2023-05-16,9209
6803,崑鼎,4,0,4,凱基-岡山,2023-05-16,9209
9919,康那香,4,0,4,凱基-岡山,2023-05-16,9209
2317,鴻海,4,0,4,凱基-岡山,2023-05-16,9209
2495,普安,4,0,4,凱基-岡山,2023-05-16,9209
00687B,國泰20年美債,3,0,3,凱基-岡山,2023-05-16,9209
00712,復華富時不動產,3,0,3,凱基-岡山,2023-05-16,9209
00857B,永豐20年美公債,3,0,3,凱基-岡山,2023-05-16,9209
1529,樂事綠能,3,0,3,凱基-岡山,2023-05-16,9209
2103,台橡,3,0,3,凱基-岡山,2023-05-16,9209
3029,零壹,3,0,3,凱基-岡山,2023-05-16,9209
4123,晟德,5,2,3,凱基-岡山,2023-05-16,9209
5498,凱崴,3,0,3,凱基-岡山,2023-05-16,9209
6751,智聯服務,3,0,3,凱基-岡山,2023-05-16,9209
00720B,元大投資級公司債,2,0,2,凱基-岡山,2023-05-16,9209
1101,台泥,2,0,2,凱基-岡山,2023-05-16,9209
8908,欣雄,2,0,2,凱基-岡山,2023-05-16,9209
1760,寶齡富錦,2,0,2,凱基-岡山,2023-05-16,9209
00882,中信中國高股息,3,1,2,凱基-岡山,2023-05-16,9209
00915,凱基優選高股息30,13,11,2,凱基-岡山,2023-05-16,9209
2313,華通,2,0,2,凱基-岡山,2023-05-16,9209
00878,國泰永續高股息,109,7,102,凱基-岡山,2023-05-17,9209
00632R,元大台灣50反1,60,0,60,凱基-岡山,2023-05-17,9209
4527,方土霖,52,0,52,凱基-岡山,2023-05-17,9209
00664R,國泰臺灣加權反1,50,0,50,凱基-岡山,2023-05-17,9209
2610,華航,50,0,50,凱基-岡山,2023-05-17,9209
2402,毅嘉,43,2,41,凱基-岡山,2023-05-17,9209
2023,燁輝,40,0,40,凱基-岡山,2023-05-17,9209
2317,鴻海,37,2,35,凱基-岡山,2023-05-17,9209
00637L,元大滬深300正2,36,5,31,凱基-岡山,2023-05-17,9209
00633L,富邦上証正2,20,0,20,凱基-岡山,2023-05-17,9209
3546,宇峻,20,0,20,凱基-岡山,2023-05-17,9209
5511,德昌,35,15,20,凱基-岡山,2023-05-17,9209
1314,中石化,16,0,16,凱基-岡山,2023-05-17,9209
00680L,元大美債20正2,15,0,15,凱基-岡山,2023-05-17,9209
00753L,中信中國50正2,16,2,14,凱基-岡山,2023-05-17,9209
2890,永豐金,11,0,11,凱基-岡山,2023-05-17,9209
00642U,期元大S＆P石油,10,0,10,凱基-岡山,2023-05-17,9209
1442,名軒,10,0,10,凱基-岡山,2023-05-17,9209
1447,力鵬,12,2,10,凱基-岡山,2023-05-17,9209
1522,堤維西,10,0,10,凱基-岡山,2023-05-17,9209
2368,金像電,10,0,10,凱基-岡山,2023-05-17,9209
4744,皇將,10,0,10,凱基-岡山,2023-05-17,9209
6133,金橋,10,0,10,凱基-岡山,2023-05-17,9209
8940,新天地,10,0,10,凱基-岡山,2023-05-17,9209
00687B,國泰20年美債,9,0,9,凱基-岡山,2023-05-17,9209
1907,永豐餘,11,2,9,凱基-岡山,2023-05-17,9209
3363,上詮,22,13,9,凱基-岡山,2023-05-17,9209
3591,艾笛森,8,0,8,凱基-岡山,2023-05-17,9209
6148,驊宏資,8,0,8,凱基-岡山,2023-05-17,9209
8046,南電,8,1,7,凱基-岡山,2023-05-17,9209
1727,中華化,7,0,7,凱基-岡山,2023-05-17,9209
3481,群創,8,1,7,凱基-岡山,2023-05-17,9209
4108,懷特,7,0,7,凱基-岡山,2023-05-17,9209
00898,國泰基因免疫革命,6,0,6,凱基-岡山,2023-05-17,9209
00882,中信中國高股息,6,0,6,凱基-岡山,2023-05-17,9209
6112,邁達特,9,3,6,凱基-岡山,2023-05-17,9209
00888,永豐台灣ESG,5,0,5,凱基-岡山,2023-05-17,9209
00679B,元大美債20年,5,0,5,凱基-岡山,2023-05-17,9209
00780B,國泰A級金融債,5,0,5,凱基-岡山,2023-05-17,9209
00751B,元大AAA至A公司債,5,0,5,凱基-岡山,2023-05-17,9209
1445,大宇,5,0,5,凱基-岡山,2023-05-17,9209
2701,萬企,5,0,5,凱基-岡山,2023-05-17,9209
2706,第一店,5,0,5,凱基-岡山,2023-05-17,9209
00720B,元大投資級公司債,4,0,4,凱基-岡山,2023-05-17,9209
00772B,中信高評級公司債,4,0,4,凱基-岡山,2023-05-17,9209
2380,虹光,4,0,4,凱基-岡山,2023-05-17,9209
3615,安可,4,0,4,凱基-岡山,2023-05-17,9209
3704,合勤控,5,1,4,凱基-岡山,2023-05-17,9209
6558,興能高,5,1,4,凱基-岡山,2023-05-17,9209
2002,中鋼,20,17,3,凱基-岡山,2023-05-17,9209
00664R,國泰臺灣加權反1,40,0,40,凱基-岡山,2023-05-18,9209
00676R,富邦臺灣加權反1,34,0,34,凱基-岡山,2023-05-18,9209
3363,上詮,32,3,29,凱基-岡山,2023-05-18,9209
4906,正文,21,0,21,凱基-岡山,2023-05-18,9209
1314,中石化,20,0,20,凱基-岡山,2023-05-18,9209
3576,聯合再生,20,0,20,凱基-岡山,2023-05-18,9209
8940,新天地,20,0,20,凱基-岡山,2023-05-18,9209
1609,大亞,24,5,19,凱基-岡山,2023-05-18,9209
2421,建準,21,2,19,凱基-岡山,2023-05-18,9209
5460,同協,18,0,18,凱基-岡山,2023-05-18,9209
00637L,元大滬深300正2,90,75,15,凱基-岡山,2023-05-18,9209
3447,展達,14,0,14,凱基-岡山,2023-05-18,9209
2371,大同,35,22,13,凱基-岡山,2023-05-18,9209
00680L,元大美債20正2,12,0,12,凱基-岡山,2023-05-18,9209
3049,精金,15,3,12,凱基-岡山,2023-05-18,9209
6144,得利影,11,0,11,凱基-岡山,2023-05-18,9209
00706L,期元大S＆P日圓正2,10,0,10,凱基-岡山,2023-05-18,9209
2492,華新科,10,0,10,凱基-岡山,2023-05-18,9209
3594,磐儀,10,0,10,凱基-岡山,2023-05-18,9209
6185,幃翔,10,0,10,凱基-岡山,2023-05-18,9209
00753L,中信中國50正2,23,14,9,凱基-岡山,2023-05-18,9209
2890,永豐金,9,0,9,凱基-岡山,2023-05-18,9209
6104,創惟,9,0,9,凱基-岡山,2023-05-18,9209
2886,兆豐金,11,3,8,凱基-岡山,2023-05-18,9209
2014,中鴻,10,2,8,凱基-岡山,2023-05-18,9209
6024,群益期,10,2,8,凱基-岡山,2023-05-18,9209
4108,懷特,7,0,7,凱基-岡山,2023-05-18,9209
1907,永豐餘,6,0,6,凱基-岡山,2023-05-18,9209
2103,台橡,6,0,6,凱基-岡山,2023-05-18,9209
2323,中環,10,4,6,凱基-岡山,2023-05-18,9209
2427,三商電,6,0,6,凱基-岡山,2023-05-18,9209
3308,聯德,6,0,6,凱基-岡山,2023-05-18,9209
5608,四維航,6,0,6,凱基-岡山,2023-05-18,9209
00898,國泰基因免疫革命,5,0,5,凱基-岡山,2023-05-18,9209
00679B,元大美債20年,6,1,5,凱基-岡山,2023-05-18,9209
6548,長科*,5,0,5,凱基-岡山,2023-05-18,9209
8088,品安,5,0,5,凱基-岡山,2023-05-18,9209
00751B,元大AAA至A公司債,4,0,4,凱基-岡山,2023-05-18,9209
1727,中華化,4,0,4,凱基-岡山,2023-05-18,9209
1783,和康生,8,4,4,凱基-岡山,2023-05-18,9209
2380,虹光,4,0,4,凱基-岡山,2023-05-18,9209
2633,台灣高鐵,6,2,4,凱基-岡山,2023-05-18,9209
2913,農林,8,4,4,凱基-岡山,2023-05-18,9209
8222,寶一,32,28,4,凱基-岡山,2023-05-18,9209
2482,連宇,5,2,3,凱基-岡山,2023-05-18,9209
00908,富邦入息REITs+,3,0,3,凱基-岡山,2023-05-18,9209
00690,兆豐藍籌30,3,0,3,凱基-岡山,2023-05-18,9209
1101,台泥,3,0,3,凱基-岡山,2023-05-18,9209
1445,大宇,3,0,3,凱基-岡山,2023-05-18,9209
1447,力鵬,5,2,3,凱基-岡山,2023-05-18,9209
00632R,元大台灣50反1,60,0,60,凱基-岡山,2023-05-19,9209
1504,東元,64,32,32,凱基-岡山,2023-05-19,9209
2002,中鋼,25,2,23,凱基-岡山,2023-05-19,9209
5487,通泰,23,1,22,凱基-岡山,2023-05-19,9209
1609,大亞,25,5,20,凱基-岡山,2023-05-19,9209
00664R,國泰臺灣加權反1,20,0,20,凱基-岡山,2023-05-19,9209
5009,榮剛,36,18,18,凱基-岡山,2023-05-19,9209
6235,華孚,32,15,17,凱基-岡山,2023-05-19,9209
00680L,元大美債20正2,16,0,16,凱基-岡山,2023-05-19,9209
6841,長佳智能,15,0,15,凱基-岡山,2023-05-19,9209
00772B,中信高評級公司債,14,0,14,凱基-岡山,2023-05-19,9209
4906,正文,15,1,14,凱基-岡山,2023-05-19,9209
00637L,元大滬深300正2,13,0,13,凱基-岡山,2023-05-19,9209
00633L,富邦上証正2,16,3,13,凱基-岡山,2023-05-19,9209
00753L,中信中國50正2,37,24,13,凱基-岡山,2023-05-19,9209
3058,立德,19,6,13,凱基-岡山,2023-05-19,9209
2023,燁輝,12,0,12,凱基-岡山,2023-05-19,9209
6548,長科*,12,0,12,凱基-岡山,2023-05-19,9209
3479,安勤,15,4,11,凱基-岡山,2023-05-19,9209
1314,中石化,11,0,11,凱基-岡山,2023-05-19,9209
2014,中鴻,11,0,11,凱基-岡山,2023-05-19,9209
3078,僑威,41,30,11,凱基-岡山,2023-05-19,9209
1445,大宇,10,0,10,凱基-岡山,2023-05-19,9209
1710,東聯,10,0,10,凱基-岡山,2023-05-19,9209
2022,聚亨,10,0,10,凱基-岡山,2023-05-19,9209
2303,聯電,19,9,10,凱基-岡山,2023-05-19,9209
2890,永豐金,10,0,10,凱基-岡山,2023-05-19,9209
3682,亞太電,10,0,10,凱基-岡山,2023-05-19,9209
1101,台泥,9,0,9,凱基-岡山,2023-05-19,9209
1711,永光,7,0,7,凱基-岡山,2023-05-19,9209
3466,德晉,7,0,7,凱基-岡山,2023-05-19,9209
3545,敦泰,7,0,7,凱基-岡山,2023-05-19,9209
1308,亞聚,6,0,6,凱基-岡山,2023-05-19,9209
00751B,元大AAA至A公司債,6,0,6,凱基-岡山,2023-05-19,9209
1815,富喬,6,0,6,凱基-岡山,2023-05-19,9209
2736,富野,11,5,6,凱基-岡山,2023-05-19,9209
3029,零壹,20,14,6,凱基-岡山,2023-05-19,9209
3094,聯傑,6,0,6,凱基-岡山,2023-05-19,9209
6486,互動,6,0,6,凱基-岡山,2023-05-19,9209
2206,三陽工業,8,3,5,凱基-岡山,2023-05-19,9209
00712,復華富時不動產,5,0,5,凱基-岡山,2023-05-19,9209
1514,亞力,19,14,5,凱基-岡山,2023-05-19,9209
1734,杏輝,5,0,5,凱基-岡山,2023-05-19,9209
2547,日勝生,5,0,5,凱基-岡山,2023-05-19,9209
3202,樺晟,5,0,5,凱基-岡山,2023-05-19,9209
3447,展達,5,0,5,凱基-岡山,2023-05-19,9209
4130,健亞,6,1,5,凱基-岡山,2023-05-19,9209
4919,新唐,5,0,5,凱基-岡山,2023-05-19,9209
8289,泰藝,5,0,5,凱基-岡山,2023-05-19,9209
6244,茂迪,7,2,5,凱基-岡山,2023-05-19,9209
5243,乙盛-KY,136,55,81,凱基-岡山,2023-05-22,9209
00680L,元大美債20正2,47,0,47,凱基-岡山,2023-05-22,9209
6535,順藥,38,0,38,凱基-岡山,2023-05-22,9209
00878,國泰永續高股息,59,22,37,凱基-岡山,2023-05-22,9209
00642U,期元大S＆P石油,30,0,30,凱基-岡山,2023-05-22,9209
8937,合騏,30,0,30,凱基-岡山,2023-05-22,9209
00751B,元大AAA至A公司債,26,0,26,凱基-岡山,2023-05-22,9209
2303,聯電,27,2,25,凱基-岡山,2023-05-22,9209
3265,台星科,26,1,25,凱基-岡山,2023-05-22,9209
00687B,國泰20年美債,20,0,20,凱基-岡山,2023-05-22,9209
2376,技嘉,20,0,20,凱基-岡山,2023-05-22,9209
2388,威盛,21,4,17,凱基-岡山,2023-05-22,9209
2618,長榮航,91,74,17,凱基-岡山,2023-05-22,9209
00632R,元大台灣50反1,15,0,15,凱基-岡山,2023-05-22,9209
00715L,期街口布蘭特正2,14,0,14,凱基-岡山,2023-05-22,9209
3217,優群,12,0,12,凱基-岡山,2023-05-22,9209
6288,聯嘉,14,3,11,凱基-岡山,2023-05-22,9209
1609,大亞,13,2,11,凱基-岡山,2023-05-22,9209
5706,鳳凰,17,7,10,凱基-岡山,2023-05-22,9209
1313,聯成,10,0,10,凱基-岡山,2023-05-22,9209
00662,富邦NASDAQ,10,0,10,凱基-岡山,2023-05-22,9209
1471,首利,10,0,10,凱基-岡山,2023-05-22,9209
2413,環科,10,0,10,凱基-岡山,2023-05-22,9209
2883B,凱基金乙特,10,0,10,凱基-岡山,2023-05-22,9209
3071,協禧,10,0,10,凱基-岡山,2023-05-22,9209
8940,新天地,10,0,10,凱基-岡山,2023-05-22,9209
00706L,期元大S＆P日圓正2,10,1,9,凱基-岡山,2023-05-22,9209
6160,欣技,11,2,9,凱基-岡山,2023-05-22,9209
1522,堤維西,10,2,8,凱基-岡山,2023-05-22,9209
3025,星通,23,15,8,凱基-岡山,2023-05-22,9209
6190,萬泰科,8,0,8,凱基-岡山,2023-05-22,9209
3037,欣興,9,2,7,凱基-岡山,2023-05-22,9209
1101,台泥,13,6,7,凱基-岡山,2023-05-22,9209
00795B,中信美國公債20年,7,0,7,凱基-岡山,2023-05-22,9209
2317,鴻海,7,0,7,凱基-岡山,2023-05-22,9209
3710,連展投控,7,0,7,凱基-岡山,2023-05-22,9209
2482,連宇,6,0,6,凱基-岡山,2023-05-22,9209
00882,中信中國高股息,9,4,5,凱基-岡山,2023-05-22,9209
6235,華孚,5,0,5,凱基-岡山,2023-05-22,9209
00772B,中信高評級公司債,5,0,5,凱基-岡山,2023-05-22,9209
2701,萬企,5,0,5,凱基-岡山,2023-05-22,9209
5531,鄉林,10,5,5,凱基-岡山,2023-05-22,9209
6405,悅城,5,0,5,凱基-岡山,2023-05-22,9209
6538,倉和,5,0,5,凱基-岡山,2023-05-22,9209
8088,品安,5,0,5,凱基-岡山,2023-05-22,9209
8155,博智,5,0,5,凱基-岡山,2023-05-22,9209
1503,士電,4,0,4,凱基-岡山,2023-05-22,9209
1568,倉佑,6,2,4,凱基-岡山,2023-05-22,9209
2722,夏都,4,0,4,凱基-岡山,2023-05-22,9209
8222,寶一,11,7,4,凱基-岡山,2023-05-22,9209
00633L,富邦上証正2,63,0,63,凱基-岡山,2023-05-23,9209
5301,寶得利,60,6,54,凱基-岡山,2023-05-23,9209
2618,長榮航,83,30,53,凱基-岡山,2023-05-23,9209
3231,緯創,74,25,49,凱基-岡山,2023-05-23,9209
00662,富邦NASDAQ,40,0,40,凱基-岡山,2023-05-23,9209
00680L,元大美債20正2,30,0,30,凱基-岡山,2023-05-23,9209
2601,益航,30,0,30,凱基-岡山,2023-05-23,9209
4541,晟田,92,65,27,凱基-岡山,2023-05-23,9209
00646,元大S＆P500,25,0,25,凱基-岡山,2023-05-23,9209
2303,聯電,27,4,23,凱基-岡山,2023-05-23,9209
00632R,元大台灣50反1,22,0,22,凱基-岡山,2023-05-23,9209
2383,台光電,20,0,20,凱基-岡山,2023-05-23,9209
1513,中興電,48,28,20,凱基-岡山,2023-05-23,9209
00882,中信中國高股息,31,13,18,凱基-岡山,2023-05-23,9209
6185,幃翔,18,0,18,凱基-岡山,2023-05-23,9209
6548,長科*,17,0,17,凱基-岡山,2023-05-23,9209
00795B,中信美國公債20年,16,0,16,凱基-岡山,2023-05-23,9209
2442,新美齊,18,2,16,凱基-岡山,2023-05-23,9209
1314,中石化,16,0,16,凱基-岡山,2023-05-23,9209
1528,恩德,17,2,15,凱基-岡山,2023-05-23,9209
5243,乙盛-KY,15,0,15,凱基-岡山,2023-05-23,9209
1605,華新,13,0,13,凱基-岡山,2023-05-23,9209
3290,東浦,16,3,13,凱基-岡山,2023-05-23,9209
8046,南電,13,0,13,凱基-岡山,2023-05-23,9209
6271,同欣電,12,0,12,凱基-岡山,2023-05-23,9209
8403,盛弘,12,0,12,凱基-岡山,2023-05-23,9209
00751B,元大AAA至A公司債,10,0,10,凱基-岡山,2023-05-23,9209
1608,華榮,10,0,10,凱基-岡山,2023-05-23,9209
2641,正德,10,0,10,凱基-岡山,2023-05-23,9209
3546,宇峻,10,0,10,凱基-岡山,2023-05-23,9209
6109,亞元,10,0,10,凱基-岡山,2023-05-23,9209
6188,廣明,10,0,10,凱基-岡山,2023-05-23,9209
2634,漢翔,19,10,9,凱基-岡山,2023-05-23,9209
1734,杏輝,13,4,9,凱基-岡山,2023-05-23,9209
6282,康舒,13,4,9,凱基-岡山,2023-05-23,9209
1905,華紙,16,8,8,凱基-岡山,2023-05-23,9209
2368,金像電,13,5,8,凱基-岡山,2023-05-23,9209
00712,復華富時不動產,8,0,8,凱基-岡山,2023-05-23,9209
1904,正隆,13,7,6,凱基-岡山,2023-05-23,9209
1101,台泥,6,0,6,凱基-岡山,2023-05-23,9209
00637L,元大滬深300正2,5,0,5,凱基-岡山,2023-05-23,9209
00888,永豐台灣ESG,8,3,5,凱基-岡山,2023-05-23,9209
1584,精剛,6,1,5,凱基-岡山,2023-05-23,9209
1711,永光,5,0,5,凱基-岡山,2023-05-23,9209
2332,友訊,5,0,5,凱基-岡山,2023-05-23,9209
3047,訊舟,5,0,5,凱基-岡山,2023-05-23,9209
5202,力新,5,0,5,凱基-岡山,2023-05-23,9209
6264,富裔,5,0,5,凱基-岡山,2023-05-23,9209
6821,聯寶,5,0,5,凱基-岡山,2023-05-23,9209
8940,新天地,5,0,5,凱基-岡山,2023-05-23,9209
3711,日月光投控,142,8,134,凱基-岡山,2023-05-24,9209
2712,遠雄來,53,3,50,凱基-岡山,2023-05-24,9209
2889,國票金,50,0,50,凱基-岡山,2023-05-24,9209
00882,中信中國高股息,56,11,45,凱基-岡山,2023-05-24,9209
5324,士開,42,0,42,凱基-岡山,2023-05-24,9209
00680L,元大美債20正2,20,0,20,凱基-岡山,2023-05-24,9209
2007,燁興,20,0,20,凱基-岡山,2023-05-24,9209
4173,久裕,20,1,19,凱基-岡山,2023-05-24,9209
1810,和成,20,2,18,凱基-岡山,2023-05-24,9209
00878,國泰永續高股息,15,0,15,凱基-岡山,2023-05-24,9209
2887,台新金,15,0,15,凱基-岡山,2023-05-24,9209
3058,立德,14,0,14,凱基-岡山,2023-05-24,9209
00679B,元大美債20年,22,9,13,凱基-岡山,2023-05-24,9209
00772B,中信高評級公司債,13,0,13,凱基-岡山,2023-05-24,9209
00753L,中信中國50正2,13,0,13,凱基-岡山,2023-05-24,9209
1905,華紙,44,31,13,凱基-岡山,2023-05-24,9209
3591,艾笛森,25,12,13,凱基-岡山,2023-05-24,9209
8409,商之器,13,0,13,凱基-岡山,2023-05-24,9209
3479,安勤,18,6,12,凱基-岡山,2023-05-24,9209
6185,幃翔,12,0,12,凱基-岡山,2023-05-24,9209
8222,寶一,47,35,12,凱基-岡山,2023-05-24,9209
2610,華航,43,32,11,凱基-岡山,2023-05-24,9209
4906,正文,11,0,11,凱基-岡山,2023-05-24,9209
00751B,元大AAA至A公司債,10,0,10,凱基-岡山,2023-05-24,9209
00671R,富邦NASDAQ反1,10,0,10,凱基-岡山,2023-05-24,9209
00632R,元大台灣50反1,10,0,10,凱基-岡山,2023-05-24,9209
1907,永豐餘,11,1,10,凱基-岡山,2023-05-24,9209
3447,展達,10,0,10,凱基-岡山,2023-05-24,9209
8150,南茂,10,0,10,凱基-岡山,2023-05-24,9209
2337,旺宏,10,1,9,凱基-岡山,2023-05-24,9209
3036A,文曄甲特,9,0,9,凱基-岡山,2023-05-24,9209
3715,定穎投控,10,1,9,凱基-岡山,2023-05-24,9209
1101,台泥,9,1,8,凱基-岡山,2023-05-24,9209
2314,台揚,9,1,8,凱基-岡山,2023-05-24,9209
8103,瀚荃,8,0,8,凱基-岡山,2023-05-24,9209
1528,恩德,8,1,7,凱基-岡山,2023-05-24,9209
2371,大同,7,0,7,凱基-岡山,2023-05-24,9209
3078,僑威,18,11,7,凱基-岡山,2023-05-24,9209
912000,晨訊科-DR,7,0,7,凱基-岡山,2023-05-24,9209
00637L,元大滬深300正2,14,8,6,凱基-岡山,2023-05-24,9209
00662,富邦NASDAQ,6,0,6,凱基-岡山,2023-05-24,9209
6122,擎邦,7,1,6,凱基-岡山,2023-05-24,9209
6160,欣技,6,0,6,凱基-岡山,2023-05-24,9209
00712,復華富時不動產,5,0,5,凱基-岡山,2023-05-24,9209
2204,中華,6,1,5,凱基-岡山,2023-05-24,9209
2705,六福,6,1,5,凱基-岡山,2023-05-24,9209
2834,臺企銀,5,0,5,凱基-岡山,2023-05-24,9209
3049,精金,5,0,5,凱基-岡山,2023-05-24,9209
3035,智原,7,2,5,凱基-岡山,2023-05-24,9209
00687B,國泰20年美債,4,0,4,凱基-岡山,2023-05-24,9209
00665L,富邦�琤肭磪囓�2,190,0,190,凱基-岡山,2023-05-25,9209
00632R,元大台灣50反1,128,54,74,凱基-岡山,2023-05-25,9209
2610,華航,183,109,74,凱基-岡山,2023-05-25,9209
00882,中信中國高股息,96,28,68,凱基-岡山,2023-05-25,9209
6125,廣運,67,1,66,凱基-岡山,2023-05-25,9209
00664R,國泰臺灣加權反1,55,0,55,凱基-岡山,2023-05-25,9209
00680L,元大美債20正2,45,0,45,凱基-岡山,2023-05-25,9209
2892,第一金,23,0,23,凱基-岡山,2023-05-25,9209
00712,復華富時不動產,21,0,21,凱基-岡山,2023-05-25,9209
2641,正德,15,0,15,凱基-岡山,2023-05-25,9209
2726,雅茗-KY,15,0,15,凱基-岡山,2023-05-25,9209
2457,飛宏,14,0,14,凱基-岡山,2023-05-25,9209
3037,欣興,49,35,14,凱基-岡山,2023-05-25,9209
9946,三發地產,13,0,13,凱基-岡山,2023-05-25,9209
00915,凱基優選高股息30,25,13,12,凱基-岡山,2023-05-25,9209
00795B,中信美國公債20年,12,0,12,凱基-岡山,2023-05-25,9209
00751B,元大AAA至A公司債,11,0,11,凱基-岡山,2023-05-25,9209
00706L,期元大S＆P日圓正2,11,0,11,凱基-岡山,2023-05-25,9209
1471,首利,11,0,11,凱基-岡山,2023-05-25,9209
2103,台橡,11,0,11,凱基-岡山,2023-05-25,9209
2399,映泰,22,11,11,凱基-岡山,2023-05-25,9209
3013,晟銘電,13,2,11,凱基-岡山,2023-05-25,9209
00646,元大S＆P500,10,0,10,凱基-岡山,2023-05-25,9209
1584,精剛,10,0,10,凱基-岡山,2023-05-25,9209
1809,中釉,12,2,10,凱基-岡山,2023-05-25,9209
2317,鴻海,12,2,10,凱基-岡山,2023-05-25,9209
2359,所羅門,10,0,10,凱基-岡山,2023-05-25,9209
2606,裕民,10,0,10,凱基-岡山,2023-05-25,9209
6182,合晶,10,0,10,凱基-岡山,2023-05-25,9209
2303,聯電,10,1,9,凱基-岡山,2023-05-25,9209
1605,華新,8,0,8,凱基-岡山,2023-05-25,9209
1504,東元,17,9,8,凱基-岡山,2023-05-25,9209
3479,安勤,10,2,8,凱基-岡山,2023-05-25,9209
1609,大亞,11,3,8,凱基-岡山,2023-05-25,9209
1101,台泥,7,0,7,凱基-岡山,2023-05-25,9209
2609,陽明,7,0,7,凱基-岡山,2023-05-25,9209
2615,萬海,7,0,7,凱基-岡山,2023-05-25,9209
3094,聯傑,7,0,7,凱基-岡山,2023-05-25,9209
6148,驊宏資,13,6,7,凱基-岡山,2023-05-25,9209
6164,華興,7,0,7,凱基-岡山,2023-05-25,9209
00720B,元大投資級公司債,7,1,6,凱基-岡山,2023-05-25,9209
2890,永豐金,7,0,7,凱基-岡山,2023-05-25,9209
2883,凱基金,13,7,6,凱基-岡山,2023-05-25,9209
00637L,元大滬深300正2,8,2,6,凱基-岡山,2023-05-25,9209
00898,國泰基因免疫革命,6,0,6,凱基-岡山,2023-05-25,9209
2497,怡利電,6,0,6,凱基-岡山,2023-05-25,9209
6118,建達,6,0,6,凱基-岡山,2023-05-25,9209
5871,中租-KY,5,0,5,凱基-岡山,2023-05-25,9209
00928,中信上櫃ESG30,5,0,5,凱基-岡山,2023-05-25,9209
1312,國喬,5,0,5,凱基-岡山,2023-05-25,9209
1907,永豐餘,150,11,139,凱基-岡山,2023-05-26,9209
00665L,富邦�琤肭磪囓�2,103,0,103,凱基-岡山,2023-05-26,9209
2618,長榮航,146,44,102,凱基-岡山,2023-05-26,9209
8059,凱碩,73,1,72,凱基-岡山,2023-05-26,9209
00642U,期元大S＆P石油,50,0,50,凱基-岡山,2023-05-26,9209
00664R,國泰臺灣加權反1,45,0,45,凱基-岡山,2023-05-26,9209
2888,新光金,42,0,42,凱基-岡山,2023-05-26,9209
3035,智原,43,7,36,凱基-岡山,2023-05-26,9209
00680L,元大美債20正2,35,2,33,凱基-岡山,2023-05-26,9209
2425,承啟,36,4,32,凱基-岡山,2023-05-26,9209
00882,中信中國高股息,29,0,29,凱基-岡山,2023-05-26,9209
00712,復華富時不動產,25,0,25,凱基-岡山,2023-05-26,9209
00751B,元大AAA至A公司債,20,0,20,凱基-岡山,2023-05-26,9209
3652,精聯,20,0,20,凱基-岡山,2023-05-26,9209
5706,鳳凰,45,25,20,凱基-岡山,2023-05-26,9209
2014,中鴻,18,0,18,凱基-岡山,2023-05-26,9209
1471,首利,17,0,17,凱基-岡山,2023-05-26,9209
00753L,中信中國50正2,26,11,15,凱基-岡山,2023-05-26,9209
2323,中環,29,14,15,凱基-岡山,2023-05-26,9209
2634,漢翔,14,0,14,凱基-岡山,2023-05-26,9209
3481,群創,14,0,14,凱基-岡山,2023-05-26,9209
00637L,元大滬深300正2,17,4,13,凱基-岡山,2023-05-26,9209
00898,國泰基因免疫革命,12,0,12,凱基-岡山,2023-05-26,9209
00632R,元大台灣50反1,62,50,12,凱基-岡山,2023-05-26,9209
2388,威盛,14,2,12,凱基-岡山,2023-05-26,9209
5608,四維航,12,0,12,凱基-岡山,2023-05-26,9209
00857B,永豐20年美公債,11,0,11,凱基-岡山,2023-05-26,9209
2344,華邦電,12,2,10,凱基-岡山,2023-05-26,9209
2834,臺企銀,10,0,10,凱基-岡山,2023-05-26,9209
3522,御嵿,10,0,10,凱基-岡山,2023-05-26,9209
4960,誠美材,10,0,10,凱基-岡山,2023-05-26,9209
2883,凱基金,14,4,10,凱基-岡山,2023-05-26,9209
6180,橘子,9,0,9,凱基-岡山,2023-05-26,9209
911622,泰聚亨-DR,9,0,9,凱基-岡山,2023-05-26,9209
00720B,元大投資級公司債,9,1,8,凱基-岡山,2023-05-26,9209
2382,廣達,11,3,8,凱基-岡山,2023-05-26,9209
3479,安勤,28,20,8,凱基-岡山,2023-05-26,9209
2356,英業達,10,3,7,凱基-岡山,2023-05-26,9209
6217,中探針,7,0,7,凱基-岡山,2023-05-26,9209
1513,中興電,17,11,6,凱基-岡山,2023-05-26,9209
00878,國泰永續高股息,6,0,6,凱基-岡山,2023-05-26,9209
2313,華通,6,0,6,凱基-岡山,2023-05-26,9209
3029,零壹,7,1,6,凱基-岡山,2023-05-26,9209
6190,萬泰科,7,1,6,凱基-岡山,2023-05-26,9209
9945,潤泰新,5,0,5,凱基-岡山,2023-05-26,9209
1519,華城,5,0,5,凱基-岡山,2023-05-26,9209
3049,精金,5,0,5,凱基-岡山,2023-05-26,9209
4173,久裕,5,0,5,凱基-岡山,2023-05-26,9209
4729,熒茂,5,0,5,凱基-岡山,2023-05-26,9209
4976,佳凌,5,0,5,凱基-岡山,2023-05-26,9209
2883,凱基金,117,0,117,凱基-岡山,2023-05-29,9209
5328,華容,98,10,88,凱基-岡山,2023-05-29,9209
5465,富驊,96,15,81,凱基-岡山,2023-05-29,9209
00665L,富邦�琤肭磪囓�2,73,10,63,凱基-岡山,2023-05-29,9209
3652,精聯,44,0,44,凱基-岡山,2023-05-29,9209
5468,凱鈺,35,0,35,凱基-岡山,2023-05-29,9209
9945,潤泰新,34,0,34,凱基-岡山,2023-05-29,9209
4564,元翎,23,7,16,凱基-岡山,2023-05-29,9209
6218,豪勉,21,5,16,凱基-岡山,2023-05-29,9209
00637L,元大滬深300正2,16,1,15,凱基-岡山,2023-05-29,9209
1519,華城,23,8,15,凱基-岡山,2023-05-29,9209
00751B,元大AAA至A公司債,12,0,12,凱基-岡山,2023-05-29,9209
2002,中鋼,13,1,12,凱基-岡山,2023-05-29,9209
6191,精成科,12,0,12,凱基-岡山,2023-05-29,9209
3037,欣興,24,13,11,凱基-岡山,2023-05-29,9209
00882,中信中國高股息,15,4,11,凱基-岡山,2023-05-29,9209
2312,金寶,11,0,11,凱基-岡山,2023-05-29,9209
2383,台光電,11,0,11,凱基-岡山,2023-05-29,9209
3038,全台,11,0,11,凱基-岡山,2023-05-29,9209
3265,台星科,14,3,11,凱基-岡山,2023-05-29,9209
6125,廣運,36,25,11,凱基-岡山,2023-05-29,9209
00706L,期元大S＆P日圓正2,10,0,10,凱基-岡山,2023-05-29,9209
2891,中信金,10,0,10,凱基-岡山,2023-05-29,9209
4923,力士,10,0,10,凱基-岡山,2023-05-29,9209
2449,京元電子,32,22,10,凱基-岡山,2023-05-29,9209
3706,神達,11,3,8,凱基-岡山,2023-05-29,9209
00680L,元大美債20正2,13,6,7,凱基-岡山,2023-05-29,9209
00712,復華富時不動產,10,3,7,凱基-岡山,2023-05-29,9209
1102,亞泥,7,0,7,凱基-岡山,2023-05-29,9209
2313,華通,7,0,7,凱基-岡山,2023-05-29,9209
3029,零壹,15,8,7,凱基-岡山,2023-05-29,9209
7402,邑錡,7,0,7,凱基-岡山,2023-05-29,9209
8054,安國,9,2,7,凱基-岡山,2023-05-29,9209
8222,寶一,9,2,7,凱基-岡山,2023-05-29,9209
3163,波若威,7,1,6,凱基-岡山,2023-05-29,9209
4976,佳凌,6,0,6,凱基-岡山,2023-05-29,9209
6245,立端,8,2,6,凱基-岡山,2023-05-29,9209
00673R,期元大S＆P原油反1,5,0,5,凱基-岡山,2023-05-29,9209
00679B,元大美債20年,5,0,5,凱基-岡山,2023-05-29,9209
2423,固緯,12,7,5,凱基-岡山,2023-05-29,9209
2515,中工,5,0,5,凱基-岡山,2023-05-29,9209
2880,華南金,5,0,5,凱基-岡山,2023-05-29,9209
3032,偉訓,17,12,5,凱基-岡山,2023-05-29,9209
3044,健鼎,6,1,5,凱基-岡山,2023-05-29,9209
3264,欣銓,5,0,5,凱基-岡山,2023-05-29,9209
4736,泰博,5,0,5,凱基-岡山,2023-05-29,9209
5508,永信建,5,0,5,凱基-岡山,2023-05-29,9209
00795B,中信美國公債20年,4,0,4,凱基-岡山,2023-05-29,9209
00891,中信關鍵半導體,4,0,4,凱基-岡山,2023-05-29,9209
2206,三陽工業,9,5,4,凱基-岡山,2023-05-29,9209
2206,三陽工業,107,4,103,凱基-岡山,2023-05-30,9209
2618,長榮航,213,127,86,凱基-岡山,2023-05-30,9209
2609,陽明,80,2,78,凱基-岡山,2023-05-30,9209
00665L,富邦�琤肭磪囓�2,70,0,70,凱基-岡山,2023-05-30,9209
2356,英業達,100,60,40,凱基-岡山,2023-05-30,9209
3006,晶豪科,40,1,39,凱基-岡山,2023-05-30,9209
2317,鴻海,54,16,38,凱基-岡山,2023-05-30,9209
3031,佰鴻,39,1,38,凱基-岡山,2023-05-30,9209
2883,凱基金,34,2,32,凱基-岡山,2023-05-30,9209
2368,金像電,40,8,32,凱基-岡山,2023-05-30,9209
00680L,元大美債20正2,30,0,30,凱基-岡山,2023-05-30,9209
3321,同泰,30,0,30,凱基-岡山,2023-05-30,9209
6125,廣運,32,7,25,凱基-岡山,2023-05-30,9209
00637L,元大滬深300正2,24,2,22,凱基-岡山,2023-05-30,9209
2002,中鋼,21,0,21,凱基-岡山,2023-05-30,9209
2412,中華電,41,20,21,凱基-岡山,2023-05-30,9209
3481,群創,23,3,20,凱基-岡山,2023-05-30,9209
2383,台光電,20,1,19,凱基-岡山,2023-05-30,9209
2530,華建,13,0,13,凱基-岡山,2023-05-30,9209
2606,裕民,13,0,13,凱基-岡山,2023-05-30,9209
8289,泰藝,13,0,13,凱基-岡山,2023-05-30,9209
2344,華邦電,11,0,11,凱基-岡山,2023-05-30,9209
2379,瑞昱,11,0,11,凱基-岡山,2023-05-30,9209
2634,漢翔,14,3,11,凱基-岡山,2023-05-30,9209
4114,健喬,11,0,11,凱基-岡山,2023-05-30,9209
3037,欣興,28,18,10,凱基-岡山,2023-05-30,9209
1611,中電,10,0,10,凱基-岡山,2023-05-30,9209
2204,中華,10,1,9,凱基-岡山,2023-05-30,9209
4919,新唐,12,3,9,凱基-岡山,2023-05-30,9209
0056,元大高股息,15,7,8,凱基-岡山,2023-05-30,9209
00882,中信中國高股息,40,32,8,凱基-岡山,2023-05-30,9209
2327,國巨,8,0,8,凱基-岡山,2023-05-30,9209
3231,緯創,78,70,8,凱基-岡山,2023-05-30,9209
6190,萬泰科,10,2,8,凱基-岡山,2023-05-30,9209
00679B,元大美債20年,7,0,7,凱基-岡山,2023-05-30,9209
3034,聯詠,7,0,7,凱基-岡山,2023-05-30,9209
00712,復華富時不動產,7,0,7,凱基-岡山,2023-05-30,9209
2337,旺宏,10,3,7,凱基-岡山,2023-05-30,9209
2515,中工,7,0,7,凱基-岡山,2023-05-30,9209
6531,愛普*,8,2,6,凱基-岡山,2023-05-30,9209
1525,江申,6,0,6,凱基-岡山,2023-05-30,9209
1608,華榮,11,5,6,凱基-岡山,2023-05-30,9209
1731,美吾華,6,0,6,凱基-岡山,2023-05-30,9209
1783,和康生,6,0,6,凱基-岡山,2023-05-30,9209
1905,華紙,6,0,6,凱基-岡山,2023-05-30,9209
3518,柏騰,7,1,6,凱基-岡山,2023-05-30,9209
4722,國精化,6,0,6,凱基-岡山,2023-05-30,9209
8033,雷虎,9,3,6,凱基-岡山,2023-05-30,9209
00676R,富邦臺灣加權反1,5,0,5,凱基-岡山,2023-05-30,9209
00706L,期元大S＆P日圓正2,5,0,5,凱基-岡山,2023-05-30,9209
00642U,期元大S＆P石油,127,0,127,凱基-岡山,2023-05-31,9209
00715L,期街口布蘭特正2,54,0,54,凱基-岡山,2023-05-31,9209
1101,台泥,44,0,44,凱基-岡山,2023-05-31,9209
2009,第一銅,31,0,31,凱基-岡山,2023-05-31,9209
00753L,中信中國50正2,40,10,30,凱基-岡山,2023-05-31,9209
2368,金像電,30,0,30,凱基-岡山,2023-05-31,9209
00632R,元大台灣50反1,27,0,27,凱基-岡山,2023-05-31,9209
4129,聯合,24,0,24,凱基-岡山,2023-05-31,9209
00637L,元大滬深300正2,22,0,22,凱基-岡山,2023-05-31,9209
00882,中信中國高股息,24,4,20,凱基-岡山,2023-05-31,9209
3652,精聯,16,0,16,凱基-岡山,2023-05-31,9209
00680L,元大美債20正2,17,3,14,凱基-岡山,2023-05-31,9209
2706,第一店,13,0,13,凱基-岡山,2023-05-31,9209
1314,中石化,12,0,12,凱基-岡山,2023-05-31,9209
2352,佳世達,14,2,12,凱基-岡山,2023-05-31,9209
00878,國泰永續高股息,12,1,11,凱基-岡山,2023-05-31,9209
2484,希華,10,0,10,凱基-岡山,2023-05-31,9209
3038,全台,14,4,10,凱基-岡山,2023-05-31,9209
1103,嘉泥,15,6,9,凱基-岡山,2023-05-31,9209
8418,捷必勝-KY,9,0,9,凱基-岡山,2023-05-31,9209
2383,台光電,9,1,8,凱基-岡山,2023-05-31,9209
2530,華建,9,1,8,凱基-岡山,2023-05-31,9209
3265,台星科,8,0,8,凱基-岡山,2023-05-31,9209
6546,正基,8,0,8,凱基-岡山,2023-05-31,9209
8215,明基材,8,0,8,凱基-岡山,2023-05-31,9209
8438,昶昕,8,0,8,凱基-岡山,2023-05-31,9209
3706,神達,28,20,8,凱基-岡山,2023-05-31,9209
1717,長興,8,1,7,凱基-岡山,2023-05-31,9209
00902,中信電池及儲能,7,0,7,凱基-岡山,2023-05-31,9209
2002,中鋼,9,2,7,凱基-岡山,2023-05-31,9209
2317,鴻海,7,1,6,凱基-岡山,2023-05-31,9209
2356,英業達,28,22,6,凱基-岡山,2023-05-31,9209
3029,零壹,7,1,6,凱基-岡山,2023-05-31,9209
4909,新復興,6,0,6,凱基-岡山,2023-05-31,9209
5425,台半,6,0,6,凱基-岡山,2023-05-31,9209
6125,廣運,10,4,6,凱基-岡山,2023-05-31,9209
6190,萬泰科,8,2,6,凱基-岡山,2023-05-31,9209
2457,飛宏,13,8,5,凱基-岡山,2023-05-31,9209
00688L,國泰20年美債正2,5,0,5,凱基-岡山,2023-05-31,9209
2006,東和鋼鐵,5,0,5,凱基-岡山,2023-05-31,9209
2609,陽明,6,1,5,凱基-岡山,2023-05-31,9209
2867,三商壽,5,0,5,凱基-岡山,2023-05-31,9209
3646,艾恩特,5,0,5,凱基-岡山,2023-05-31,9209
6288,聯嘉,5,0,5,凱基-岡山,2023-05-31,9209
6486,互動,5,0,5,凱基-岡山,2023-05-31,9209
8096,擎亞,5,0,5,凱基-岡山,2023-05-31,9209
8403,盛弘,5,0,5,凱基-岡山,2023-05-31,9209
2883,凱基金,9,4,5,凱基-岡山,2023-05-31,9209
1522,堤維西,5,1,4,凱基-岡山,2023-05-31,9209
2382,廣達,7,3,4,凱基-岡山,2023-05-31,9209
1907,永豐餘,153,2,151,凱基-岡山,2023-06-01,9209
00715L,期街口布蘭特正2,122,0,122,凱基-岡山,2023-06-01,9209
2610,華航,625,574,51,凱基-岡山,2023-06-01,9209
1101,台泥,45,0,45,凱基-岡山,2023-06-01,9209
2412,中華電,41,10,31,凱基-岡山,2023-06-01,9209
2888,新光金,30,0,30,凱基-岡山,2023-06-01,9209
4564,元翎,39,12,27,凱基-岡山,2023-06-01,9209
2356,英業達,36,11,25,凱基-岡山,2023-06-01,9209
00882,中信中國高股息,23,0,23,凱基-岡山,2023-06-01,9209
2892,第一金,20,0,20,凱基-岡山,2023-06-01,9209
4906,正文,20,0,20,凱基-岡山,2023-06-01,9209
6016,康和證,20,0,20,凱基-岡山,2023-06-01,9209
8940,新天地,20,0,20,凱基-岡山,2023-06-01,9209
2630,亞航,79,60,19,凱基-岡山,2023-06-01,9209
2303,聯電,20,2,18,凱基-岡山,2023-06-01,9209
2323,中環,25,7,18,凱基-岡山,2023-06-01,9209
3363,上詮,21,3,18,凱基-岡山,2023-06-01,9209
6160,欣技,17,0,17,凱基-岡山,2023-06-01,9209
2845,遠東銀,15,0,15,凱基-岡山,2023-06-01,9209
3013,晟銘電,15,3,12,凱基-岡山,2023-06-01,9209
2402,毅嘉,10,0,10,凱基-岡山,2023-06-01,9209
3047,訊舟,10,0,10,凱基-岡山,2023-06-01,9209
6122,擎邦,14,4,10,凱基-岡山,2023-06-01,9209
6209,今國光,10,0,10,凱基-岡山,2023-06-01,9209
6579,研揚,15,5,10,凱基-岡山,2023-06-01,9209
1605,華新,17,8,9,凱基-岡山,2023-06-01,9209
2444,兆勁,8,0,8,凱基-岡山,2023-06-01,9209
2801,彰銀,8,0,8,凱基-岡山,2023-06-01,9209
3481,群創,8,0,8,凱基-岡山,2023-06-01,9209
00919,群益台灣精選高息,8,0,8,凱基-岡山,2023-06-01,9209
2883,凱基金,9,2,7,凱基-岡山,2023-06-01,9209
1609,大亞,7,0,7,凱基-岡山,2023-06-01,9209
6240,松崗,7,0,7,凱基-岡山,2023-06-01,9209
2330,台積電,8,1,7,凱基-岡山,2023-06-01,9209
2017,官田鋼,6,0,6,凱基-岡山,2023-06-01,9209
2885,元大金,6,0,6,凱基-岡山,2023-06-01,9209
3520,華盈,6,0,6,凱基-岡山,2023-06-01,9209
4919,新唐,6,0,6,凱基-岡山,2023-06-01,9209
6121,新普,6,0,6,凱基-岡山,2023-06-01,9209
6169,昱泉,6,0,6,凱基-岡山,2023-06-01,9209
8924,大田,6,0,6,凱基-岡山,2023-06-01,9209
00885,富邦越南,7,1,6,凱基-岡山,2023-06-01,9209
00662,富邦NASDAQ,5,0,5,凱基-岡山,2023-06-01,9209
2002,中鋼,6,1,5,凱基-岡山,2023-06-01,9209
2211,長榮鋼,10,5,5,凱基-岡山,2023-06-01,9209
2312,金寶,8,3,5,凱基-岡山,2023-06-01,9209
2393,億光,6,1,5,凱基-岡山,2023-06-01,9209
2489,瑞軒,12,7,5,凱基-岡山,2023-06-01,9209
2637,慧洋-KY,5,0,5,凱基-岡山,2023-06-01,9209
6142,友勁,5,0,5,凱基-岡山,2023-06-01,9209
2610,華航,742,32,710,凱基-岡山,2023-06-02,9209
00919,群益台灣精選高息,176,0,176,凱基-岡山,2023-06-02,9209
1905,華紙,97,25,72,凱基-岡山,2023-06-02,9209
2618,長榮航,142,82,60,凱基-岡山,2023-06-02,9209
00632R,元大台灣50反1,51,0,51,凱基-岡山,2023-06-02,9209
3363,上詮,43,2,41,凱基-岡山,2023-06-02,9209
2614,東森,36,0,36,凱基-岡山,2023-06-02,9209
00664R,國泰臺灣加權反1,30,0,30,凱基-岡山,2023-06-02,9209
3265,台星科,31,1,30,凱基-岡山,2023-06-02,9209
6168,宏齊,22,0,22,凱基-岡山,2023-06-02,9209
00673R,期元大S＆P原油反1,20,0,20,凱基-岡山,2023-06-02,9209
1718,中纖,20,0,20,凱基-岡山,2023-06-02,9209
3652,精聯,20,0,20,凱基-岡山,2023-06-02,9209
6167,久正,21,1,20,凱基-岡山,2023-06-02,9209
1101,台泥,34,15,19,凱基-岡山,2023-06-02,9209
1445,大宇,19,0,19,凱基-岡山,2023-06-02,9209
2388,威盛,31,13,18,凱基-岡山,2023-06-02,9209
2371,大同,22,5,17,凱基-岡山,2023-06-02,9209
3231,緯創,67,54,13,凱基-岡山,2023-06-02,9209
6285,啟��,13,0,13,凱基-岡山,2023-06-02,9209
00687B,國泰20年美債,12,0,12,凱基-岡山,2023-06-02,9209
6111,大宇資,11,0,11,凱基-岡山,2023-06-02,9209
6190,萬泰科,11,0,11,凱基-岡山,2023-06-02,9209
1527,鑽全,10,0,10,凱基-岡山,2023-06-02,9209
1584,精剛,10,0,10,凱基-岡山,2023-06-02,9209
3419,譁裕,10,0,10,凱基-岡山,2023-06-02,9209
4541,晟田,12,2,10,凱基-岡山,2023-06-02,9209
8155,博智,10,0,10,凱基-岡山,2023-06-02,9209
8940,新天地,10,0,10,凱基-岡山,2023-06-02,9209
9802,鈺齊-KY,10,0,10,凱基-岡山,2023-06-02,9209
1515,力山,10,1,9,凱基-岡山,2023-06-02,9209
00882,中信中國高股息,9,0,9,凱基-岡山,2023-06-02,9209
3013,晟銘電,9,1,8,凱基-岡山,2023-06-02,9209
1304,台聚,7,0,7,凱基-岡山,2023-06-02,9209
1815,富喬,7,1,6,凱基-岡山,2023-06-02,9209
3673,TPK-KY,6,0,6,凱基-岡山,2023-06-02,9209
6188,廣明,12,6,6,凱基-岡山,2023-06-02,9209
8924,大田,6,0,6,凱基-岡山,2023-06-02,9209
00877,復華中國5G,5,0,5,凱基-岡山,2023-06-02,9209
2337,旺宏,5,0,5,凱基-岡山,2023-06-02,9209
2421,建準,8,3,5,凱基-岡山,2023-06-02,9209
2547,日勝生,5,0,5,凱基-岡山,2023-06-02,9209
2701,萬企,10,5,5,凱基-岡山,2023-06-02,9209
3025,星通,7,2,5,凱基-岡山,2023-06-02,9209
6240,松崗,5,0,5,凱基-岡山,2023-06-02,9209
8096,擎亞,5,0,5,凱基-岡山,2023-06-02,9209
1309,台達化,5,0,5,凱基-岡山,2023-06-02,9209
00915,凱基優選高股息30,51,47,4,凱基-岡山,2023-06-02,9209
00898,國泰基因免疫革命,4,0,4,凱基-岡山,2023-06-02,9209
1513,中興電,25,21,4,凱基-岡山,2023-06-02,9209
2610,華航,428,24,404,凱基-岡山,2023-06-05,9209
2609,陽明,122,57,65,凱基-岡山,2023-06-05,9209
00673R,期元大S＆P原油反1,69,12,57,凱基-岡山,2023-06-05,9209
3652,精聯,37,0,37,凱基-岡山,2023-06-05,9209
2634,漢翔,55,19,36,凱基-岡山,2023-06-05,9209
2618,長榮航,46,11,35,凱基-岡山,2023-06-05,9209
3231,緯創,47,18,29,凱基-岡山,2023-06-05,9209
6125,廣運,41,12,29,凱基-岡山,2023-06-05,9209
2388,威盛,61,33,28,凱基-岡山,2023-06-05,9209
00753L,中信中國50正2,22,2,20,凱基-岡山,2023-06-05,9209
1440,南紡,20,0,20,凱基-岡山,2023-06-05,9209
2484,希華,20,0,20,凱基-岡山,2023-06-05,9209
2495,普安,20,0,20,凱基-岡山,2023-06-05,9209
4938,和碩,21,2,19,凱基-岡山,2023-06-05,9209
2515,中工,39,20,19,凱基-岡山,2023-06-05,9209
00680L,元大美債20正2,16,0,16,凱基-岡山,2023-06-05,9209
1409,新纖,16,0,16,凱基-岡山,2023-06-05,9209
1529,樂事綠能,17,1,16,凱基-岡山,2023-06-05,9209
00882,中信中國高股息,19,4,15,凱基-岡山,2023-06-05,9209
1513,中興電,15,2,13,凱基-岡山,2023-06-05,9209
00795B,中信美國公債20年,13,0,13,凱基-岡山,2023-06-05,9209
6214,精誠,12,0,12,凱基-岡山,2023-06-05,9209
8064,東捷,12,0,12,凱基-岡山,2023-06-05,9209
1309,台達化,11,0,11,凱基-岡山,2023-06-05,9209
0056,元大高股息,19,9,10,凱基-岡山,2023-06-05,9209
3062,建漢,10,0,10,凱基-岡山,2023-06-05,9209
3362,先進光,13,3,10,凱基-岡山,2023-06-05,9209
6244,茂迪,12,2,10,凱基-岡山,2023-06-05,9209
6667,信紘科,10,0,10,凱基-岡山,2023-06-05,9209
8916,光隆,10,0,10,凱基-岡山,2023-06-05,9209
2349,錸德,9,0,9,凱基-岡山,2023-06-05,9209
2353,宏��,11,2,9,凱基-岡山,2023-06-05,9209
3217,優群,10,1,9,凱基-岡山,2023-06-05,9209
6026,福邦證,9,0,9,凱基-岡山,2023-06-05,9209
00679B,元大美債20年,9,0,9,凱基-岡山,2023-06-05,9209
3591,艾笛森,13,4,9,凱基-岡山,2023-06-05,9209
2201,裕隆,11,3,8,凱基-岡山,2023-06-05,9209
00712,復華富時不動產,8,0,8,凱基-岡山,2023-06-05,9209
2886,兆豐金,12,4,8,凱基-岡山,2023-06-05,9209
1514,亞力,34,27,7,凱基-岡山,2023-06-05,9209
3294,英濟,7,0,7,凱基-岡山,2023-06-05,9209
4729,熒茂,7,0,7,凱基-岡山,2023-06-05,9209
00878,國泰永續高股息,11,5,6,凱基-岡山,2023-06-05,9209
1727,中華化,6,0,6,凱基-岡山,2023-06-05,9209
2324,仁寶,6,0,6,凱基-岡山,2023-06-05,9209
2344,華邦電,24,18,6,凱基-岡山,2023-06-05,9209
2633,台灣高鐵,6,0,6,凱基-岡山,2023-06-05,9209
4121,優盛,6,0,6,凱基-岡山,2023-06-05,9209
6505,台塑化,6,0,6,凱基-岡山,2023-06-05,9209
6104,創惟,6,0,6,凱基-岡山,2023-06-05,9209
2344,華邦電,288,2,286,凱基-岡山,2023-06-06,9209
00632R,元大台灣50反1,150,0,150,凱基-岡山,2023-06-06,9209
3652,精聯,77,0,77,凱基-岡山,2023-06-06,9209
00712,復華富時不動產,61,0,61,凱基-岡山,2023-06-06,9209
00927,群益半導體收益,57,0,57,凱基-岡山,2023-06-06,9209
4934,太極,34,0,34,凱基-岡山,2023-06-06,9209
2388,威盛,49,15,34,凱基-岡山,2023-06-06,9209
00642U,期元大S＆P石油,30,0,30,凱基-岡山,2023-06-06,9209
2368,金像電,33,5,28,凱基-岡山,2023-06-06,9209
4939,亞電,27,0,27,凱基-岡山,2023-06-06,9209
00919,群益台灣精選高息,26,1,25,凱基-岡山,2023-06-06,9209
6191,精成科,24,0,24,凱基-岡山,2023-06-06,9209
1617,榮星,23,0,23,凱基-岡山,2023-06-06,9209
4714,永捷,23,0,23,凱基-岡山,2023-06-06,9209
1314,中石化,20,0,20,凱基-岡山,2023-06-06,9209
6148,驊宏資,23,3,20,凱基-岡山,2023-06-06,9209
00679B,元大美債20年,19,0,19,凱基-岡山,2023-06-06,9209
00673R,期元大S＆P原油反1,18,0,18,凱基-岡山,2023-06-06,9209
2353,宏��,21,3,18,凱基-岡山,2023-06-06,9209
2402,毅嘉,18,0,18,凱基-岡山,2023-06-06,9209
9945,潤泰新,17,0,17,凱基-岡山,2023-06-06,9209
4906,正文,17,1,16,凱基-岡山,2023-06-06,9209
8942,森鉅,15,0,15,凱基-岡山,2023-06-06,9209
6190,萬泰科,13,1,12,凱基-岡山,2023-06-06,9209
00795B,中信美國公債20年,10,0,10,凱基-岡山,2023-06-06,9209
1905,華紙,27,17,10,凱基-岡山,2023-06-06,9209
2406,國碩,10,0,10,凱基-岡山,2023-06-06,9209
2474,可成,10,0,10,凱基-岡山,2023-06-06,9209
2633,台灣高鐵,10,0,10,凱基-岡山,2023-06-06,9209
2705,六福,10,0,10,凱基-岡山,2023-06-06,9209
2913,農林,10,0,10,凱基-岡山,2023-06-06,9209
3583,辛耘,12,2,10,凱基-岡山,2023-06-06,9209
5508,永信建,10,0,10,凱基-岡山,2023-06-06,9209
6266,泰詠,10,0,10,凱基-岡山,2023-06-06,9209
6532,瑞耘,10,0,10,凱基-岡山,2023-06-06,9209
8289,泰藝,12,2,10,凱基-岡山,2023-06-06,9209
3624,光頡,10,1,9,凱基-岡山,2023-06-06,9209
8105,凌巨,13,4,9,凱基-岡山,2023-06-06,9209
2889,國票金,9,0,9,凱基-岡山,2023-06-06,9209
2748,雲品,15,7,8,凱基-岡山,2023-06-06,9209
00680L,元大美債20正2,16,8,8,凱基-岡山,2023-06-06,9209
1440,南紡,8,0,8,凱基-岡山,2023-06-06,9209
2701,萬企,10,2,8,凱基-岡山,2023-06-06,9209
3260,威剛,10,2,8,凱基-岡山,2023-06-06,9209
6015,宏遠證,8,0,8,凱基-岡山,2023-06-06,9209
2206,三陽工業,10,3,7,凱基-岡山,2023-06-06,9209
6245,立端,7,0,7,凱基-岡山,2023-06-06,9209
6290,良維,7,0,7,凱基-岡山,2023-06-06,9209
6414,樺漢,7,0,7,凱基-岡山,2023-06-06,9209
6443,元晶,8,1,7,凱基-岡山,2023-06-06,9209
1219,福壽,200,0,200,凱基-岡山,2023-06-07,9209
2610,華航,155,1,154,凱基-岡山,2023-06-07,9209
6125,廣運,66,3,63,凱基-岡山,2023-06-07,9209
2347,聯強,53,0,53,凱基-岡山,2023-06-07,9209
2609,陽明,118,70,48,凱基-岡山,2023-06-07,9209
2344,華邦電,51,5,46,凱基-岡山,2023-06-07,9209
4938,和碩,40,2,38,凱基-岡山,2023-06-07,9209
2412,中華電,31,0,31,凱基-岡山,2023-06-07,9209
2515,中工,44,13,31,凱基-岡山,2023-06-07,9209
3024,憶聲,30,0,30,凱基-岡山,2023-06-07,9209
8940,新天地,30,0,30,凱基-岡山,2023-06-07,9209
00637L,元大滬深300正2,36,7,29,凱基-岡山,2023-06-07,9209
00882,中信中國高股息,23,0,23,凱基-岡山,2023-06-07,9209
3231,緯創,30,12,18,凱基-岡山,2023-06-07,9209
6111,大宇資,21,5,16,凱基-岡山,2023-06-07,9209
2489,瑞軒,15,0,15,凱基-岡山,2023-06-07,9209
4722,國精化,15,0,15,凱基-岡山,2023-06-07,9209
00679B,元大美債20年,14,0,14,凱基-岡山,2023-06-07,9209
8924,大田,13,0,13,凱基-岡山,2023-06-07,9209
6548,長科*,12,0,12,凱基-岡山,2023-06-07,9209
3532,台勝科,11,0,11,凱基-岡山,2023-06-07,9209
1905,華紙,12,2,10,凱基-岡山,2023-06-07,9209
2881A,富邦特,10,0,10,凱基-岡山,2023-06-07,9209
3652,精聯,10,0,10,凱基-岡山,2023-06-07,9209
6589,台康生技,10,0,10,凱基-岡山,2023-06-07,9209
6789,采鈺,10,0,10,凱基-岡山,2023-06-07,9209
00927,群益半導體收益,9,0,9,凱基-岡山,2023-06-07,9209
00919,群益台灣精選高息,9,0,9,凱基-岡山,2023-06-07,9209
2388,威盛,11,2,9,凱基-岡山,2023-06-07,9209
2889,國票金,14,5,9,凱基-岡山,2023-06-07,9209
2606,裕民,10,2,8,凱基-岡山,2023-06-07,9209
5009,榮剛,14,6,8,凱基-岡山,2023-06-07,9209
3044,健鼎,9,1,8,凱基-岡山,2023-06-07,9209
1308,亞聚,7,0,7,凱基-岡山,2023-06-07,9209
1514,亞力,8,1,7,凱基-岡山,2023-06-07,9209
6190,萬泰科,8,1,7,凱基-岡山,2023-06-07,9209
6285,啟��,7,0,7,凱基-岡山,2023-06-07,9209
8403,盛弘,9,2,7,凱基-岡山,2023-06-07,9209
3003,健和興,7,1,6,凱基-岡山,2023-06-07,9209
3711,日月光投控,14,8,6,凱基-岡山,2023-06-07,9209
1504,東元,25,19,6,凱基-岡山,2023-06-07,9209
2455,全新,17,11,6,凱基-岡山,2023-06-07,9209
4726,永昕,7,1,6,凱基-岡山,2023-06-07,9209
5328,華容,6,0,6,凱基-岡山,2023-06-07,9209
5706,鳳凰,17,11,6,凱基-岡山,2023-06-07,9209
8150,南茂,6,0,6,凱基-岡山,2023-06-07,9209
6282,康舒,19,14,5,凱基-岡山,2023-06-07,9209
5483,中美晶,5,0,5,凱基-岡山,2023-06-07,9209
00877,復華中國5G,5,0,5,凱基-岡山,2023-06-07,9209
00725B,國泰投資級公司債,5,0,5,凱基-岡山,2023-06-07,9209
2344,華邦電,256,15,241,凱基-岡山,2023-06-08,9209
00919,群益台灣精選高息,119,0,119,凱基-岡山,2023-06-08,9209
2867,三商壽,51,0,51,凱基-岡山,2023-06-08,9209
2317,鴻海,91,52,39,凱基-岡山,2023-06-08,9209
1609,大亞,111,72,39,凱基-岡山,2023-06-08,9209
2412,中華電,60,30,30,凱基-岡山,2023-06-08,9209
00679B,元大美債20年,29,1,28,凱基-岡山,2023-06-08,9209
8183,精星,25,0,25,凱基-岡山,2023-06-08,9209
6191,精成科,22,0,22,凱基-岡山,2023-06-08,9209
0056,元大高股息,25,4,21,凱基-岡山,2023-06-08,9209
00921,兆豐龍頭等權重,20,0,20,凱基-岡山,2023-06-08,9209
00632R,元大台灣50反1,20,0,20,凱基-岡山,2023-06-08,9209
00671R,富邦NASDAQ反1,20,0,20,凱基-岡山,2023-06-08,9209
1605,華新,19,0,19,凱基-岡山,2023-06-08,9209
00673R,期元大S＆P原油反1,19,0,19,凱基-岡山,2023-06-08,9209
1734,杏輝,18,0,18,凱基-岡山,2023-06-08,9209
2312,金寶,20,2,18,凱基-岡山,2023-06-08,9209
2882,國泰金,17,1,16,凱基-岡山,2023-06-08,9209
2330,台積電,27,11,16,凱基-岡山,2023-06-08,9209
2337,旺宏,16,1,15,凱基-岡山,2023-06-08,9209
4541,晟田,15,1,14,凱基-岡山,2023-06-08,9209
00857B,永豐20年美公債,14,1,13,凱基-岡山,2023-06-08,9209
2066,世德,13,0,13,凱基-岡山,2023-06-08,9209
5351,鈺創,12,0,12,凱基-岡山,2023-06-08,9209
5364,力麗店,12,0,12,凱基-岡山,2023-06-08,9209
3049,精金,11,0,11,凱基-岡山,2023-06-08,9209
00713,元大台灣高息低波,12,1,11,凱基-岡山,2023-06-08,9209
2889,國票金,10,0,10,凱基-岡山,2023-06-08,9209
3037,欣興,13,3,10,凱基-岡山,2023-06-08,9209
00637L,元大滬深300正2,13,3,10,凱基-岡山,2023-06-08,9209
6104,創惟,10,0,10,凱基-岡山,2023-06-08,9209
6776,展�眥篕�,10,0,10,凱基-岡山,2023-06-08,9209
00894,中信小資高價30,9,0,9,凱基-岡山,2023-06-08,9209
1314,中石化,12,3,9,凱基-岡山,2023-06-08,9209
2371,大同,10,1,9,凱基-岡山,2023-06-08,9209
6548,長科*,9,0,9,凱基-岡山,2023-06-08,9209
3029,零壹,9,1,8,凱基-岡山,2023-06-08,9209
00751B,元大AAA至A公司債,7,0,7,凱基-岡山,2023-06-08,9209
00795B,中信美國公債20年,7,0,7,凱基-岡山,2023-06-08,9209
00882,中信中國高股息,7,0,7,凱基-岡山,2023-06-08,9209
3024,憶聲,20,13,7,凱基-岡山,2023-06-08,9209
3346,麗清,7,0,7,凱基-岡山,2023-06-08,9209
6176,瑞儀,7,0,7,凱基-岡山,2023-06-08,9209
1612,宏泰,12,5,7,凱基-岡山,2023-06-08,9209
00720B,元大投資級公司債,6,0,6,凱基-岡山,2023-06-08,9209
2881,富邦金,7,1,6,凱基-岡山,2023-06-08,9209
00687B,國泰20年美債,9,3,6,凱基-岡山,2023-06-08,9209
1903,士紙,6,0,6,凱基-岡山,2023-06-08,9209
2492,華新科,6,0,6,凱基-岡山,2023-06-08,9209
2603,長榮,10,4,6,凱基-岡山,2023-06-08,9209
00919,群益台灣精選高息,120,0,120,凱基-岡山,2023-06-09,9209
2511,太子,62,0,62,凱基-岡山,2023-06-09,9209
00929,復華台灣科技優息,58,2,56,凱基-岡山,2023-06-09,9209
1314,中石化,50,0,50,凱基-岡山,2023-06-09,9209
3043,科風,50,0,50,凱基-岡山,2023-06-09,9209
2888,新光金,55,18,37,凱基-岡山,2023-06-09,9209
1234,黑松,30,0,30,凱基-岡山,2023-06-09,9209
6830,汎銓,28,0,28,凱基-岡山,2023-06-09,9209
00679B,元大美債20年,23,0,23,凱基-岡山,2023-06-09,9209
00642U,期元大S＆P石油,22,0,22,凱基-岡山,2023-06-09,9209
2882,國泰金,22,0,22,凱基-岡山,2023-06-09,9209
1815,富喬,21,0,21,凱基-岡山,2023-06-09,9209
5009,榮剛,21,0,21,凱基-岡山,2023-06-09,9209
1419,新紡,22,3,19,凱基-岡山,2023-06-09,9209
4533,協易機,20,1,19,凱基-岡山,2023-06-09,9209
1609,大亞,42,23,19,凱基-岡山,2023-06-09,9209
00715L,期街口布蘭特正2,18,2,16,凱基-岡山,2023-06-09,9209
4934,太極,16,0,16,凱基-岡山,2023-06-09,9209
6198,瑞築,15,0,15,凱基-岡山,2023-06-09,9209
6185,幃翔,18,4,14,凱基-岡山,2023-06-09,9209
4121,優盛,13,1,12,凱基-岡山,2023-06-09,9209
4564,元翎,12,0,12,凱基-岡山,2023-06-09,9209
6191,精成科,12,0,12,凱基-岡山,2023-06-09,9209
2705,六福,12,1,11,凱基-岡山,2023-06-09,9209
2247,汎德永業,10,0,10,凱基-岡山,2023-06-09,9209
2449,京元電子,11,1,10,凱基-岡山,2023-06-09,9209
2630,亞航,22,12,10,凱基-岡山,2023-06-09,9209
3260,威剛,15,5,10,凱基-岡山,2023-06-09,9209
3504,揚明光,10,0,10,凱基-岡山,2023-06-09,9209
6190,萬泰科,10,0,10,凱基-岡山,2023-06-09,9209
8087,麗升能源,10,0,10,凱基-岡山,2023-06-09,9209
8150,南茂,11,1,10,凱基-岡山,2023-06-09,9209
1504,東元,9,0,9,凱基-岡山,2023-06-09,9209
6504,南六,9,0,9,凱基-岡山,2023-06-09,9209
3033,威健,10,1,9,凱基-岡山,2023-06-09,9209
1714,和桐,13,5,8,凱基-岡山,2023-06-09,9209
2323,中環,12,4,8,凱基-岡山,2023-06-09,9209
2482,連宇,34,26,8,凱基-岡山,2023-06-09,9209
6245,立端,14,6,8,凱基-岡山,2023-06-09,9209
00915,凱基優選高股息30,39,32,7,凱基-岡山,2023-06-09,9209
4726,永昕,17,10,7,凱基-岡山,2023-06-09,9209
0056,元大高股息,8,2,6,凱基-岡山,2023-06-09,9209
3481,群創,7,1,6,凱基-岡山,2023-06-09,9209
00713,元大台灣高息低波,7,2,5,凱基-岡山,2023-06-09,9209
1519,華城,27,22,5,凱基-岡山,2023-06-09,9209
00632R,元大台灣50反1,5,0,5,凱基-岡山,2023-06-09,9209
1525,江申,10,5,5,凱基-岡山,2023-06-09,9209
1717,長興,5,0,5,凱基-岡山,2023-06-09,9209
2337,旺宏,7,2,5,凱基-岡山,2023-06-09,9209
2399,映泰,16,11,5,凱基-岡山,2023-06-09,9209
00929,復華台灣科技優息,148,32,116,凱基-岡山,2023-06-12,9209
4527,方土霖,98,1,97,凱基-岡山,2023-06-12,9209
2867,三商壽,100,6,94,凱基-岡山,2023-06-12,9209
00885,富邦越南,61,0,61,凱基-岡山,2023-06-12,9209
2905,三商,50,0,50,凱基-岡山,2023-06-12,9209
6005,群益證,50,0,50,凱基-岡山,2023-06-12,9209
00715L,期街口布蘭特正2,39,0,39,凱基-岡山,2023-06-12,9209
6125,廣運,57,21,36,凱基-岡山,2023-06-12,9209
2368,金像電,36,2,34,凱基-岡山,2023-06-12,9209
00919,群益台灣精選高息,32,0,32,凱基-岡山,2023-06-12,9209
5531,鄉林,30,0,30,凱基-岡山,2023-06-12,9209
5381,合正,20,0,20,凱基-岡山,2023-06-12,9209
6716,應廣,20,0,20,凱基-岡山,2023-06-12,9209
2889,國票金,19,0,19,凱基-岡山,2023-06-12,9209
00915,凱基優選高股息30,21,4,17,凱基-岡山,2023-06-12,9209
00642U,期元大S＆P石油,17,0,17,凱基-岡山,2023-06-12,9209
2382,廣達,25,8,17,凱基-岡山,2023-06-12,9209
2882,國泰金,15,0,15,凱基-岡山,2023-06-12,9209
1529,樂事綠能,75,60,15,凱基-岡山,2023-06-12,9209
2066,世德,15,0,15,凱基-岡山,2023-06-12,9209
2337,旺宏,15,0,15,凱基-岡山,2023-06-12,9209
6532,瑞耘,17,2,15,凱基-岡山,2023-06-12,9209
00679B,元大美債20年,14,0,14,凱基-岡山,2023-06-12,9209
3025,星通,13,0,13,凱基-岡山,2023-06-12,9209
2388,威盛,12,0,12,凱基-岡山,2023-06-12,9209
6548,長科*,12,0,12,凱基-岡山,2023-06-12,9209
00882,中信中國高股息,11,0,11,凱基-岡山,2023-06-12,9209
3576,聯合再生,16,5,11,凱基-岡山,2023-06-12,9209
2542,興富發,10,0,10,凱基-岡山,2023-06-12,9209
1268,漢來美食,10,0,10,凱基-岡山,2023-06-12,9209
1314,中石化,10,0,10,凱基-岡山,2023-06-12,9209
2547,日勝生,10,0,10,凱基-岡山,2023-06-12,9209
5309,系統電,10,0,10,凱基-岡山,2023-06-12,9209
6167,久正,11,1,10,凱基-岡山,2023-06-12,9209
6180,橘子,10,0,10,凱基-岡山,2023-06-12,9209
6443,元晶,10,0,10,凱基-岡山,2023-06-12,9209
6776,展�眥篕�,10,0,10,凱基-岡山,2023-06-12,9209
1609,大亞,18,8,10,凱基-岡山,2023-06-12,9209
6245,立端,9,0,9,凱基-岡山,2023-06-12,9209
2031,新光鋼,9,0,9,凱基-岡山,2023-06-12,9209
6504,南六,9,0,9,凱基-岡山,2023-06-12,9209
8418,捷必勝-KY,9,0,9,凱基-岡山,2023-06-12,9209
00712,復華富時不動產,9,0,9,凱基-岡山,2023-06-12,9209
2399,映泰,13,5,8,凱基-岡山,2023-06-12,9209
3162,精確,8,0,8,凱基-岡山,2023-06-12,9209
2546,根基,7,0,7,凱基-岡山,2023-06-12,9209
2618,長榮航,30,23,7,凱基-岡山,2023-06-12,9209
1815,富喬,11,4,7,凱基-岡山,2023-06-12,9209
2312,金寶,8,1,7,凱基-岡山,2023-06-12,9209
2634,漢翔,10,3,7,凱基-岡山,2023-06-12,9209
00632R,元大台灣50反1,172,0,172,凱基-岡山,2023-06-13,9209
00715L,期街口布蘭特正2,140,0,140,凱基-岡山,2023-06-13,9209
00919,群益台灣精選高息,123,10,113,凱基-岡山,2023-06-13,9209
4527,方土霖,101,3,98,凱基-岡山,2023-06-13,9209
2356,英業達,107,34,73,凱基-岡山,2023-06-13,9209
9105,泰金寶-DR,60,0,60,凱基-岡山,2023-06-13,9209
2344,華邦電,89,29,60,凱基-岡山,2023-06-13,9209
2495,普安,50,0,50,凱基-岡山,2023-06-13,9209
6191,精成科,50,0,50,凱基-岡山,2023-06-13,9209
00882,中信中國高股息,43,0,43,凱基-岡山,2023-06-13,9209
00712,復華富時不動產,31,0,31,凱基-岡山,2023-06-13,9209
6568,宏觀,30,1,29,凱基-岡山,2023-06-13,9209
00642U,期元大S＆P石油,32,7,25,凱基-岡山,2023-06-13,9209
6548,長科*,25,0,25,凱基-岡山,2023-06-13,9209
3576,聯合再生,20,0,20,凱基-岡山,2023-06-13,9209
3024,憶聲,20,0,20,凱基-岡山,2023-06-13,9209
6218,豪勉,22,2,20,凱基-岡山,2023-06-13,9209
1314,中石化,19,0,19,凱基-岡山,2023-06-13,9209
00772B,中信高評級公司債,17,0,17,凱基-岡山,2023-06-13,9209
1789,神隆,15,0,15,凱基-岡山,2023-06-13,9209
8403,盛弘,15,0,15,凱基-岡山,2023-06-13,9209
2887E,台新戊特,14,0,14,凱基-岡山,2023-06-13,9209
5243,乙盛-KY,16,2,14,凱基-岡山,2023-06-13,9209
2031,新光鋼,12,0,12,凱基-岡山,2023-06-13,9209
6148,驊宏資,15,3,12,凱基-岡山,2023-06-13,9209
2883,凱基金,16,5,11,凱基-岡山,2023-06-13,9209
1504,東元,11,0,11,凱基-岡山,2023-06-13,9209
4977,眾達-KY,10,0,10,凱基-岡山,2023-06-13,9209
1102,亞泥,10,0,10,凱基-岡山,2023-06-13,9209
1326,台化,10,0,10,凱基-岡山,2023-06-13,9209
2547,日勝生,10,0,10,凱基-岡山,2023-06-13,9209
3715,定穎投控,10,0,10,凱基-岡山,2023-06-13,9209
6266,泰詠,9,0,9,凱基-岡山,2023-06-13,9209
00857B,永豐20年美公債,8,0,8,凱基-岡山,2023-06-13,9209
1524,耿鼎,11,3,8,凱基-岡山,2023-06-13,9209
2027,大成鋼,8,0,8,凱基-岡山,2023-06-13,9209
2206,三陽工業,15,7,8,凱基-岡山,2023-06-13,9209
6217,中探針,19,11,8,凱基-岡山,2023-06-13,9209
2609,陽明,13,6,7,凱基-岡山,2023-06-13,9209
3434,哲固,7,0,7,凱基-岡山,2023-06-13,9209
3455,由田,7,0,7,凱基-岡山,2023-06-13,9209
3481,群創,13,6,7,凱基-岡山,2023-06-13,9209
6245,立端,7,1,6,凱基-岡山,2023-06-13,9209
2882,國泰金,11,5,6,凱基-岡山,2023-06-13,9209
3178,公準,6,0,6,凱基-岡山,2023-06-13,9209
4939,亞電,6,0,6,凱基-岡山,2023-06-13,9209
8358,金居,6,0,6,凱基-岡山,2023-06-13,9209
4958,臻鼎-KY,5,0,5,凱基-岡山,2023-06-13,9209
00898,國泰基因免疫革命,5,0,5,凱基-岡山,2023-06-13,9209
00927,群益半導體收益,5,0,5,凱基-岡山,2023-06-13,9209
8076,伍豐,166,4,162,凱基-岡山,2023-06-14,9209
1608,華榮,105,0,105,凱基-岡山,2023-06-14,9209
1907,永豐餘,101,1,100,凱基-岡山,2023-06-14,9209
1609,大亞,80,16,64,凱基-岡山,2023-06-14,9209
9943,好樂迪,60,1,59,凱基-岡山,2023-06-14,9209
00712,復華富時不動產,51,0,51,凱基-岡山,2023-06-14,9209
2344,華邦電,60,15,45,凱基-岡山,2023-06-14,9209
2382,廣達,44,9,35,凱基-岡山,2023-06-14,9209
6167,久正,36,1,35,凱基-岡山,2023-06-14,9209
00915,凱基優選高股息30,66,34,32,凱基-岡山,2023-06-14,9209
8201,無敵,30,3,27,凱基-岡山,2023-06-14,9209
2498,宏達電,26,0,26,凱基-岡山,2023-06-14,9209
6111,大宇資,30,5,25,凱基-岡山,2023-06-14,9209
00919,群益台灣精選高息,37,14,23,凱基-岡山,2023-06-14,9209
1529,樂事綠能,50,30,20,凱基-岡山,2023-06-14,9209
8926,台汽電,39,20,19,凱基-岡山,2023-06-14,9209
5276,達輝-KY,18,0,18,凱基-岡山,2023-06-14,9209
3064,泰偉,15,0,15,凱基-岡山,2023-06-14,9209
00706L,期元大S＆P日圓正2,13,0,13,凱基-岡山,2023-06-14,9209
3591,艾笛森,16,3,13,凱基-岡山,2023-06-14,9209
2468,華經,12,0,12,凱基-岡山,2023-06-14,9209
2888,新光金,20,8,12,凱基-岡山,2023-06-14,9209
6160,欣技,22,10,12,凱基-岡山,2023-06-14,9209
2211,長榮鋼,11,0,11,凱基-岡山,2023-06-14,9209
2515,中工,12,1,11,凱基-岡山,2023-06-14,9209
3078,僑威,27,16,11,凱基-岡山,2023-06-14,9209
6188,廣明,13,2,11,凱基-岡山,2023-06-14,9209
8087,麗升能源,11,0,11,凱基-岡山,2023-06-14,9209
00687B,國泰20年美債,10,0,10,凱基-岡山,2023-06-14,9209
2371,大同,20,10,10,凱基-岡山,2023-06-14,9209
2547,日勝生,10,0,10,凱基-岡山,2023-06-14,9209
2645,長榮航太,10,0,10,凱基-岡山,2023-06-14,9209
6589,台康生技,10,0,10,凱基-岡山,2023-06-14,9209
1711,永光,9,0,9,凱基-岡山,2023-06-14,9209
2014,中鴻,17,8,9,凱基-岡山,2023-06-14,9209
2399,映泰,9,1,8,凱基-岡山,2023-06-14,9209
3518,柏騰,8,0,8,凱基-岡山,2023-06-14,9209
6282,康舒,9,2,7,凱基-岡山,2023-06-14,9209
2247,汎德永業,8,1,7,凱基-岡山,2023-06-14,9209
2601,益航,7,0,7,凱基-岡山,2023-06-14,9209
4906,正文,8,1,7,凱基-岡山,2023-06-14,9209
2457,飛宏,7,0,7,凱基-岡山,2023-06-14,9209
00715L,期街口布蘭特正2,13,7,6,凱基-岡山,2023-06-14,9209
1440,南紡,6,0,6,凱基-岡山,2023-06-14,9209
2324,仁寶,6,0,6,凱基-岡山,2023-06-14,9209
5201,凱衛,6,0,6,凱基-岡山,2023-06-14,9209
6016,康和證,6,0,6,凱基-岡山,2023-06-14,9209
6138,茂達,6,0,6,凱基-岡山,2023-06-14,9209
6148,驊宏資,9,3,6,凱基-岡山,2023-06-14,9209
1522,堤維西,44,38,6,凱基-岡山,2023-06-14,9209
3231,緯創,102,23,79,凱基-岡山,2023-06-15,9209
2888,新光金,83,10,73,凱基-岡山,2023-06-15,9209
2603,長榮,64,2,62,凱基-岡山,2023-06-15,9209
2317,鴻海,123,61,62,凱基-岡山,2023-06-15,9209
00713,元大台灣高息低波,61,1,60,凱基-岡山,2023-06-15,9209
00632R,元大台灣50反1,53,4,49,凱基-岡山,2023-06-15,9209
3022,威強電,42,0,42,凱基-岡山,2023-06-15,9209
5309,系統電,40,0,40,凱基-岡山,2023-06-15,9209
2618,長榮航,89,51,38,凱基-岡山,2023-06-15,9209
2022,聚亨,40,3,37,凱基-岡山,2023-06-15,9209
00915,凱基優選高股息30,39,10,29,凱基-岡山,2023-06-15,9209
00712,復華富時不動產,29,0,29,凱基-岡山,2023-06-15,9209
4510,高鋒,39,15,24,凱基-岡山,2023-06-15,9209
00919,群益台灣精選高息,38,15,23,凱基-岡山,2023-06-15,9209
8050,廣積,24,2,22,凱基-岡山,2023-06-15,9209
00929,復華台灣科技優息,31,10,21,凱基-岡山,2023-06-15,9209
2356,英業達,53,33,20,凱基-岡山,2023-06-15,9209
00671R,富邦NASDAQ反1,20,0,20,凱基-岡山,2023-06-15,9209
3324,雙鴻,21,1,20,凱基-岡山,2023-06-15,9209
4534,慶騰,15,0,15,凱基-岡山,2023-06-15,9209
3209,全科,13,0,13,凱基-岡山,2023-06-15,9209
6167,久正,13,0,13,凱基-岡山,2023-06-15,9209
2440,太空梭,12,0,12,凱基-岡山,2023-06-15,9209
00642U,期元大S＆P石油,11,0,11,凱基-岡山,2023-06-15,9209
6509,聚和,11,0,11,凱基-岡山,2023-06-15,9209
00679B,元大美債20年,10,0,10,凱基-岡山,2023-06-15,9209
2027,大成鋼,13,3,10,凱基-岡山,2023-06-15,9209
2063,世鎧,10,0,10,凱基-岡山,2023-06-15,9209
2480,敦陽科,11,1,10,凱基-岡山,2023-06-15,9209
3078,僑威,12,2,10,凱基-岡山,2023-06-15,9209
3543,州巧,10,0,10,凱基-岡山,2023-06-15,9209
3682,亞太電,10,0,10,凱基-岡山,2023-06-15,9209
6205,詮欣,15,5,10,凱基-岡山,2023-06-15,9209
00898,國泰基因免疫革命,9,0,9,凱基-岡山,2023-06-15,9209
1504,東元,10,1,9,凱基-岡山,2023-06-15,9209
3033,威健,9,0,9,凱基-岡山,2023-06-15,9209
3059,華晶科,15,6,9,凱基-岡山,2023-06-15,9209
3576,聯合再生,22,13,9,凱基-岡山,2023-06-15,9209
8403,盛弘,8,0,8,凱基-岡山,2023-06-15,9209
00706L,期元大S＆P日圓正2,10,2,8,凱基-岡山,2023-06-15,9209
2421,建準,11,3,8,凱基-岡山,2023-06-15,9209
2630,亞航,11,3,8,凱基-岡山,2023-06-15,9209
6142,友勁,8,0,8,凱基-岡山,2023-06-15,9209
2412,中華電,10,2,8,凱基-岡山,2023-06-15,9209
4958,臻鼎-KY,7,0,7,凱基-岡山,2023-06-15,9209
1609,大亞,20,13,7,凱基-岡山,2023-06-15,9209
1815,富喬,8,1,7,凱基-岡山,2023-06-15,9209
2449,京元電子,9,2,7,凱基-岡山,2023-06-15,9209
2887,台新金,8,1,7,凱基-岡山,2023-06-15,9209
3036,文曄,7,0,7,凱基-岡山,2023-06-15,9209
2610,華航,977,128,849,凱基-岡山,2023-06-16,9209
00902,中信電池及儲能,92,2,90,凱基-岡山,2023-06-16,9209
1905,華紙,97,7,90,凱基-岡山,2023-06-16,9209
2312,金寶,100,14,86,凱基-岡山,2023-06-16,9209
1802,台玻,65,3,62,凱基-岡山,2023-06-16,9209
6265,方土昶,50,5,45,凱基-岡山,2023-06-16,9209
3047,訊舟,42,0,42,凱基-岡山,2023-06-16,9209
00919,群益台灣精選高息,36,0,36,凱基-岡山,2023-06-16,9209
2618,長榮航,85,51,34,凱基-岡山,2023-06-16,9209
00673R,期元大S＆P原油反1,25,0,25,凱基-岡山,2023-06-16,9209
2371,大同,40,17,23,凱基-岡山,2023-06-16,9209
00929,復華台灣科技優息,23,3,20,凱基-岡山,2023-06-16,9209
3231,緯創,68,49,19,凱基-岡山,2023-06-16,9209
2206,三陽工業,27,8,19,凱基-岡山,2023-06-16,9209
1783,和康生,21,3,18,凱基-岡山,2023-06-16,9209
2301,光寶科,18,0,18,凱基-岡山,2023-06-16,9209
00713,元大台灣高息低波,16,0,16,凱基-岡山,2023-06-16,9209
3706,神達,59,43,16,凱基-岡山,2023-06-16,9209
6167,久正,15,0,15,凱基-岡山,2023-06-16,9209
5426,振發,16,2,14,凱基-岡山,2023-06-16,9209
3673,TPK-KY,14,0,14,凱基-岡山,2023-06-16,9209
00712,復華富時不動產,18,5,13,凱基-岡山,2023-06-16,9209
2347,聯強,12,0,12,凱基-岡山,2023-06-16,9209
00830,國泰費城半導體,21,9,12,凱基-岡山,2023-06-16,9209
00751B,元大AAA至A公司債,12,0,12,凱基-岡山,2023-06-16,9209
6147,頎邦,12,0,12,凱基-岡山,2023-06-16,9209
00679B,元大美債20年,11,0,11,凱基-岡山,2023-06-16,9209
00915,凱基優選高股息30,11,0,11,凱基-岡山,2023-06-16,9209
2359,所羅門,14,3,11,凱基-岡山,2023-06-16,9209
3022,威強電,15,4,11,凱基-岡山,2023-06-16,9209
3094,聯傑,11,0,11,凱基-岡山,2023-06-16,9209
3227,原相,11,0,11,凱基-岡山,2023-06-16,9209
6719,力智,12,1,11,凱基-岡山,2023-06-16,9209
2352,佳世達,22,12,10,凱基-岡山,2023-06-16,9209
2489,瑞軒,10,0,10,凱基-岡山,2023-06-16,9209
4564,元翎,10,0,10,凱基-岡山,2023-06-16,9209
5309,系統電,10,0,10,凱基-岡山,2023-06-16,9209
6266,泰詠,10,0,10,凱基-岡山,2023-06-16,9209
6576,逸達,10,0,10,凱基-岡山,2023-06-16,9209
2388,威盛,17,7,10,凱基-岡山,2023-06-16,9209
3058,立德,11,2,9,凱基-岡山,2023-06-16,9209
00878,國泰永續高股息,21,13,8,凱基-岡山,2023-06-16,9209
3702A,大聯大甲特,8,0,8,凱基-岡山,2023-06-16,9209
8155,博智,8,0,8,凱基-岡山,2023-06-16,9209
1907,永豐餘,7,0,7,凱基-岡山,2023-06-16,9209
8088,品安,9,2,7,凱基-岡山,2023-06-16,9209
9105,泰金寶-DR,7,0,7,凱基-岡山,2023-06-16,9209
00926,凱基全球菁英55,16,10,6,凱基-岡山,2023-06-16,9209
2383,台光電,8,2,6,凱基-岡山,2023-06-16,9209
6509,聚和,6,0,6,凱基-岡山,2023-06-16,9209
2610,華航,956,42,914,凱基-岡山,2023-06-19,9209
00751B,元大AAA至A公司債,131,0,131,凱基-岡山,2023-06-19,9209
5351,鈺創,115,0,115,凱基-岡山,2023-06-19,9209
3481,群創,174,116,58,凱基-岡山,2023-06-19,9209
2457,飛宏,52,2,50,凱基-岡山,2023-06-19,9209
00673R,期元大S＆P原油反1,46,0,46,凱基-岡山,2023-06-19,9209
2344,華邦電,162,125,37,凱基-岡山,2023-06-19,9209
3363,上詮,31,0,31,凱基-岡山,2023-06-19,9209
2362,藍天,29,0,29,凱基-岡山,2023-06-19,9209
4543,萬在,28,0,28,凱基-岡山,2023-06-19,9209
1513,中興電,41,14,27,凱基-岡山,2023-06-19,9209
00713,元大台灣高息低波,34,9,25,凱基-岡山,2023-06-19,9209
00929,復華台灣科技優息,22,0,22,凱基-岡山,2023-06-19,9209
00893,國泰智能電動車,21,0,21,凱基-岡山,2023-06-19,9209
3380,明泰,20,0,20,凱基-岡山,2023-06-19,9209
4137,麗豐-KY,20,0,20,凱基-岡山,2023-06-19,9209
1301,台塑,17,0,17,凱基-岡山,2023-06-19,9209
2885,元大金,20,3,17,凱基-岡山,2023-06-19,9209
6188,廣明,17,0,17,凱基-岡山,2023-06-19,9209
6148,驊宏資,23,9,14,凱基-岡山,2023-06-19,9209
3706,神達,17,3,14,凱基-岡山,2023-06-19,9209
2888,新光金,13,0,13,凱基-岡山,2023-06-19,9209
3673,TPK-KY,13,0,13,凱基-岡山,2023-06-19,9209
00712,復華富時不動產,26,13,13,凱基-岡山,2023-06-19,9209
1605,華新,13,1,12,凱基-岡山,2023-06-19,9209
1101,台泥,11,0,11,凱基-岡山,2023-06-19,9209
2481,強茂,11,0,11,凱基-岡山,2023-06-19,9209
2606,裕民,11,0,11,凱基-岡山,2023-06-19,9209
2034,允強,10,0,10,凱基-岡山,2023-06-19,9209
6532,瑞耘,10,0,10,凱基-岡山,2023-06-19,9209
3037,欣興,19,10,9,凱基-岡山,2023-06-19,9209
2409,友達,60,51,9,凱基-岡山,2023-06-19,9209
2454,聯發科,12,3,9,凱基-岡山,2023-06-19,9209
00882,中信中國高股息,8,0,8,凱基-岡山,2023-06-19,9209
00857B,永豐20年美公債,7,0,7,凱基-岡山,2023-06-19,9209
4541,晟田,14,7,7,凱基-岡山,2023-06-19,9209
5258,虹堡,51,44,7,凱基-岡山,2023-06-19,9209
6531,愛普*,7,0,7,凱基-岡山,2023-06-19,9209
2889,國票金,7,1,6,凱基-岡山,2023-06-19,9209
1907,永豐餘,6,0,6,凱基-岡山,2023-06-19,9209
2027,大成鋼,6,0,6,凱基-岡山,2023-06-19,9209
2028,威致,6,0,6,凱基-岡山,2023-06-19,9209
2609,陽明,29,23,6,凱基-岡山,2023-06-19,9209
2614,東森,6,0,6,凱基-岡山,2023-06-19,9209
2913,農林,9,3,6,凱基-岡山,2023-06-19,9209
4114,健喬,6,0,6,凱基-岡山,2023-06-19,9209
4572,駐龍,8,2,6,凱基-岡山,2023-06-19,9209
1314,中石化,5,0,5,凱基-岡山,2023-06-19,9209
1337,再生-KY,5,0,5,凱基-岡山,2023-06-19,9209
1326,台化,5,0,5,凱基-岡山,2023-06-19,9209
2610,華航,123,38,85,凱基-岡山,2023-06-20,9209
5225,東科-KY,106,53,53,凱基-岡山,2023-06-20,9209
00632R,元大台灣50反1,37,0,37,凱基-岡山,2023-06-20,9209
2883,凱基金,34,2,32,凱基-岡山,2023-06-20,9209
2836,高雄銀,30,0,30,凱基-岡山,2023-06-20,9209
6111,大宇資,49,28,21,凱基-岡山,2023-06-20,9209
2409,友達,26,6,20,凱基-岡山,2023-06-20,9209
3189,景碩,19,2,17,凱基-岡山,2023-06-20,9209
2880,華南金,17,0,17,凱基-岡山,2023-06-20,9209
2412,中華電,31,15,16,凱基-岡山,2023-06-20,9209
6244,茂迪,15,2,13,凱基-岡山,2023-06-20,9209
2388,威盛,14,2,12,凱基-岡山,2023-06-20,9209
2515,中工,15,3,12,凱基-岡山,2023-06-20,9209
3362,先進光,12,0,12,凱基-岡山,2023-06-20,9209
8021,尖點,12,0,12,凱基-岡山,2023-06-20,9209
00921,兆豐龍頭等權重,12,1,11,凱基-岡山,2023-06-20,9209
00722B,群益投資級電信債,10,0,10,凱基-岡山,2023-06-20,9209
3682,亞太電,10,0,10,凱基-岡山,2023-06-20,9209
4736,泰博,10,0,10,凱基-岡山,2023-06-20,9209
8443,阿瘦,10,0,10,凱基-岡山,2023-06-20,9209
3037,欣興,10,1,9,凱基-岡山,2023-06-20,9209
2317,鴻海,10,1,9,凱基-岡山,2023-06-20,9209
6148,驊宏資,10,1,9,凱基-岡山,2023-06-20,9209
00673R,期元大S＆P原油反1,8,0,8,凱基-岡山,2023-06-20,9209
2382,廣達,12,5,7,凱基-岡山,2023-06-20,9209
1514,亞力,14,7,7,凱基-岡山,2023-06-20,9209
1802,台玻,9,2,7,凱基-岡山,2023-06-20,9209
2706,第一店,9,2,7,凱基-岡山,2023-06-20,9209
4967,十銓,7,0,7,凱基-岡山,2023-06-20,9209
3231,緯創,15,8,7,凱基-岡山,2023-06-20,9209
2323,中環,19,13,6,凱基-岡山,2023-06-20,9209
6188,廣明,6,0,6,凱基-岡山,2023-06-20,9209
00637L,元大滬深300正2,6,0,6,凱基-岡山,2023-06-20,9209
00929,復華台灣科技優息,6,0,6,凱基-岡山,2023-06-20,9209
1103,嘉泥,6,0,6,凱基-岡山,2023-06-20,9209
1528,恩德,31,25,6,凱基-岡山,2023-06-20,9209
2371,大同,21,15,6,凱基-岡山,2023-06-20,9209
3011,今皓,6,0,6,凱基-岡山,2023-06-20,9209
3581,博磊,8,2,6,凱基-岡山,2023-06-20,9209
8033,雷虎,8,2,6,凱基-岡山,2023-06-20,9209
8183,精星,6,0,6,凱基-岡山,2023-06-20,9209
1529,樂事綠能,7,1,6,凱基-岡山,2023-06-20,9209
1560,中砂,5,0,5,凱基-岡山,2023-06-20,9209
1102,亞泥,5,0,5,凱基-岡山,2023-06-20,9209
1319,東陽,15,10,5,凱基-岡山,2023-06-20,9209
1446,宏和,5,0,5,凱基-岡山,2023-06-20,9209
1760,寶齡富錦,5,0,5,凱基-岡山,2023-06-20,9209
1810,和成,5,0,5,凱基-岡山,2023-06-20,9209
2211,長榮鋼,5,0,5,凱基-岡山,2023-06-20,9209
2427,三商電,6,1,5,凱基-岡山,2023-06-20,9209
2883B,凱基金乙特,120,0,120,凱基-岡山,2023-06-21,9209
3231,緯創,116,49,67,凱基-岡山,2023-06-21,9209
00895,富邦未來車,44,4,40,凱基-岡山,2023-06-21,9209
1616,億泰,32,1,31,凱基-岡山,2023-06-21,9209
2356,英業達,49,19,30,凱基-岡山,2023-06-21,9209
3264,欣銓,30,2,28,凱基-岡山,2023-06-21,9209
2409,友達,29,2,27,凱基-岡山,2023-06-21,9209
1905,華紙,62,36,26,凱基-岡山,2023-06-21,9209
2067,嘉鋼,25,0,25,凱基-岡山,2023-06-21,9209
6120,達運,42,17,25,凱基-岡山,2023-06-21,9209
1409,新纖,19,0,19,凱基-岡山,2023-06-21,9209
2609,陽明,23,5,18,凱基-岡山,2023-06-21,9209
00919,群益台灣精選高息,19,1,18,凱基-岡山,2023-06-21,9209
2889,國票金,22,4,18,凱基-岡山,2023-06-21,9209
1589,永冠-KY,30,13,17,凱基-岡山,2023-06-21,9209
3011,今皓,20,3,17,凱基-岡山,2023-06-21,9209
2352,佳世達,17,1,16,凱基-岡山,2023-06-21,9209
1609,大亞,17,1,16,凱基-岡山,2023-06-21,9209
3706,神達,16,1,15,凱基-岡山,2023-06-21,9209
1907,永豐餘,110,96,14,凱基-岡山,2023-06-21,9209
1605,華新,14,0,14,凱基-岡山,2023-06-21,9209
00882,中信中國高股息,13,0,13,凱基-岡山,2023-06-21,9209
8110,華東,12,0,12,凱基-岡山,2023-06-21,9209
2371,大同,26,15,11,凱基-岡山,2023-06-21,9209
2618,長榮航,26,15,11,凱基-岡山,2023-06-21,9209
2615,萬海,11,0,11,凱基-岡山,2023-06-21,9209
00921,兆豐龍頭等權重,10,0,10,凱基-岡山,2023-06-21,9209
00680L,元大美債20正2,10,0,10,凱基-岡山,2023-06-21,9209
00676R,富邦臺灣加權反1,10,0,10,凱基-岡山,2023-06-21,9209
1608,華榮,10,0,10,凱基-岡山,2023-06-21,9209
3038,全台,10,0,10,凱基-岡山,2023-06-21,9209
3494,誠研,10,0,10,凱基-岡山,2023-06-21,9209
1312,國喬,10,0,10,凱基-岡山,2023-06-21,9209
1612,宏泰,9,0,9,凱基-岡山,2023-06-21,9209
00673R,期元大S＆P原油反1,8,0,8,凱基-岡山,2023-06-21,9209
2206,三陽工業,12,4,8,凱基-岡山,2023-06-21,9209
8076,伍豐,8,0,8,凱基-岡山,2023-06-21,9209
2324,仁寶,12,5,7,凱基-岡山,2023-06-21,9209
6770,力積電,7,0,7,凱基-岡山,2023-06-21,9209
8403,盛弘,7,0,7,凱基-岡山,2023-06-21,9209
2617,台航,6,0,6,凱基-岡山,2023-06-21,9209
3013,晟銘電,27,21,6,凱基-岡山,2023-06-21,9209
1528,恩德,11,5,6,凱基-岡山,2023-06-21,9209
1734,杏輝,9,3,6,凱基-岡山,2023-06-21,9209
2303,聯電,12,6,6,凱基-岡山,2023-06-21,9209
2337,旺宏,7,1,6,凱基-岡山,2023-06-21,9209
2363,矽統,10,4,6,凱基-岡山,2023-06-21,9209
2465,麗臺,6,0,6,凱基-岡山,2023-06-21,9209
2801,彰銀,6,0,6,凱基-岡山,2023-06-21,9209
3025,星通,13,7,6,凱基-岡山,2023-06-21,9209
3481,群創,207,106,101,凱基-岡山,2023-06-26,9209
6282,康舒,89,6,83,凱基-岡山,2023-06-26,9209
6148,驊宏資,66,8,58,凱基-岡山,2023-06-26,9209
1904,正隆,56,12,44,凱基-岡山,2023-06-26,9209
6125,廣運,98,59,39,凱基-岡山,2023-06-26,9209
2427,三商電,38,6,32,凱基-岡山,2023-06-26,9209
00632R,元大台灣50反1,60,30,30,凱基-岡山,2023-06-26,9209
6026,福邦證,30,0,30,凱基-岡山,2023-06-26,9209
8028,昇陽半導體,28,0,28,凱基-岡山,2023-06-26,9209
2634,漢翔,32,9,23,凱基-岡山,2023-06-26,9209
00878,國泰永續高股息,58,36,22,凱基-岡山,2023-06-26,9209
2610,華航,44,22,22,凱基-岡山,2023-06-26,9209
00882,中信中國高股息,25,4,21,凱基-岡山,2023-06-26,9209
5426,振發,20,0,20,凱基-岡山,2023-06-26,9209
2883,凱基金,20,0,20,凱基-岡山,2023-06-26,9209
00715L,期街口布蘭特正2,19,0,19,凱基-岡山,2023-06-26,9209
3706,神達,71,53,18,凱基-岡山,2023-06-26,9209
2412,中華電,16,0,16,凱基-岡山,2023-06-26,9209
00637L,元大滬深300正2,16,0,16,凱基-岡山,2023-06-26,9209
00712,復華富時不動產,16,0,16,凱基-岡山,2023-06-26,9209
9912,偉聯,16,0,16,凱基-岡山,2023-06-26,9209
2915,潤泰全,15,0,15,凱基-岡山,2023-06-26,9209
6016,康和證,15,0,15,凱基-岡山,2023-06-26,9209
6414,樺漢,15,0,15,凱基-岡山,2023-06-26,9209
2498,宏達電,13,0,13,凱基-岡山,2023-06-26,9209
6116,彩晶,13,0,13,凱基-岡山,2023-06-26,9209
00753L,中信中國50正2,10,0,10,凱基-岡山,2023-06-26,9209
00922,國泰台灣領袖50,10,0,10,凱基-岡山,2023-06-26,9209
00676R,富邦臺灣加權反1,10,0,10,凱基-岡山,2023-06-26,9209
2027,大成鋼,10,0,10,凱基-岡山,2023-06-26,9209
2066,世德,10,0,10,凱基-岡山,2023-06-26,9209
3031,佰鴻,10,0,10,凱基-岡山,2023-06-26,9209
4564,元翎,10,0,10,凱基-岡山,2023-06-26,9209
8011,台通,10,0,10,凱基-岡山,2023-06-26,9209
1608,華榮,10,1,9,凱基-岡山,2023-06-26,9209
1815,富喬,9,0,9,凱基-岡山,2023-06-26,9209
2515,中工,12,3,9,凱基-岡山,2023-06-26,9209
4960,誠美材,9,1,8,凱基-岡山,2023-06-26,9209
3037,欣興,7,0,7,凱基-岡山,2023-06-26,9209
2030,彰源,7,0,7,凱基-岡山,2023-06-26,9209
2328,廣宇,9,2,7,凱基-岡山,2023-06-26,9209
6548,長科*,7,0,7,凱基-岡山,2023-06-26,9209
8101,華冠,7,0,7,凱基-岡山,2023-06-26,9209
8104,錸寶,8,1,7,凱基-岡山,2023-06-26,9209
8183,精星,7,0,7,凱基-岡山,2023-06-26,9209
2303,聯電,25,18,7,凱基-岡山,2023-06-26,9209
2382,廣達,13,6,7,凱基-岡山,2023-06-26,9209
1216,統一,7,1,6,凱基-岡山,2023-06-26,9209
2453,凌群,7,1,6,凱基-岡山,2023-06-26,9209
5225,東科-KY,9,3,6,凱基-岡山,2023-06-26,9209
2104,國際中橡,196,0,196,凱基-岡山,2023-06-27,9209
2610,華航,223,74,149,凱基-岡山,2023-06-27,9209
6015,宏遠證,100,0,100,凱基-岡山,2023-06-27,9209
2618,長榮航,84,15,69,凱基-岡山,2023-06-27,9209
2412,中華電,49,2,47,凱基-岡山,2023-06-27,9209
2303,聯電,38,1,37,凱基-岡山,2023-06-27,9209
00751B,元大AAA至A公司債,35,0,35,凱基-岡山,2023-06-27,9209
00715L,期街口布蘭特正2,45,10,35,凱基-岡山,2023-06-27,9209
2367,燿華,35,0,35,凱基-岡山,2023-06-27,9209
1605,華新,37,5,32,凱基-岡山,2023-06-27,9209
00687B,國泰20年美債,30,0,30,凱基-岡山,2023-06-27,9209
6016,康和證,30,0,30,凱基-岡山,2023-06-27,9209
2344,華邦電,33,5,28,凱基-岡山,2023-06-27,9209
0056,元大高股息,26,1,25,凱基-岡山,2023-06-27,9209
2883,凱基金,25,3,22,凱基-岡山,2023-06-27,9209
5285,界霖,20,0,20,凱基-岡山,2023-06-27,9209
2409,友達,21,1,20,凱基-岡山,2023-06-27,9209
3037,欣興,25,8,17,凱基-岡山,2023-06-27,9209
2515,中工,15,0,15,凱基-岡山,2023-06-27,9209
4120,友華,15,0,15,凱基-岡山,2023-06-27,9209
6282,康舒,16,2,14,凱基-岡山,2023-06-27,9209
1609,大亞,19,5,14,凱基-岡山,2023-06-27,9209
2027,大成鋼,15,1,14,凱基-岡山,2023-06-27,9209
2884,玉山金,13,0,13,凱基-岡山,2023-06-27,9209
4541,晟田,15,2,13,凱基-岡山,2023-06-27,9209
00929,復華台灣科技優息,17,5,12,凱基-岡山,2023-06-27,9209
2066,世德,12,0,12,凱基-岡山,2023-06-27,9209
2903,遠百,12,0,12,凱基-岡山,2023-06-27,9209
3362,先進光,13,1,12,凱基-岡山,2023-06-27,9209
3025,星通,11,0,11,凱基-岡山,2023-06-27,9209
4503,金雨,15,4,11,凱基-岡山,2023-06-27,9209
2498,宏達電,11,0,11,凱基-岡山,2023-06-27,9209
1734,杏輝,14,3,11,凱基-岡山,2023-06-27,9209
1907,永豐餘,15,4,11,凱基-岡山,2023-06-27,9209
1612,宏泰,10,0,10,凱基-岡山,2023-06-27,9209
2312,金寶,10,0,10,凱基-岡山,2023-06-27,9209
2356,英業達,11,1,10,凱基-岡山,2023-06-27,9209
2637,慧洋-KY,10,0,10,凱基-岡山,2023-06-27,9209
3546,宇峻,11,1,10,凱基-岡山,2023-06-27,9209
3682,亞太電,10,0,10,凱基-岡山,2023-06-27,9209
4906,正文,10,0,10,凱基-岡山,2023-06-27,9209
5426,振發,10,0,10,凱基-岡山,2023-06-27,9209
6275,元山,10,0,10,凱基-岡山,2023-06-27,9209
6504,南六,10,0,10,凱基-岡山,2023-06-27,9209
8450,霹靂,10,0,10,凱基-岡山,2023-06-27,9209
8936,國統,10,0,10,凱基-岡山,2023-06-27,9209
2331,精英,10,1,9,凱基-岡山,2023-06-27,9209
4111,濟生,10,1,9,凱基-岡山,2023-06-27,9209
6122,擎邦,9,0,9,凱基-岡山,2023-06-27,9209
6190,萬泰科,9,0,9,凱基-岡山,2023-06-27,9209
00715L,期街口布蘭特正2,129,0,129,凱基-岡山,2023-06-28,9209
3706,神達,48,4,44,凱基-岡山,2023-06-28,9209
1605,華新,49,9,40,凱基-岡山,2023-06-28,9209
2337,旺宏,31,0,31,凱基-岡山,2023-06-28,9209
1529,樂事綠能,30,1,29,凱基-岡山,2023-06-28,9209
00929,復華台灣科技優息,30,5,25,凱基-岡山,2023-06-28,9209
2027,大成鋼,22,0,22,凱基-岡山,2023-06-28,9209
2409,友達,21,1,20,凱基-岡山,2023-06-28,9209
1522,堤維西,20,0,20,凱基-岡山,2023-06-28,9209
1785,光洋科,16,0,16,凱基-岡山,2023-06-28,9209
3064,泰偉,15,0,15,凱基-岡山,2023-06-28,9209
00642U,期元大S＆P石油,14,0,14,凱基-岡山,2023-06-28,9209
2634,漢翔,25,12,13,凱基-岡山,2023-06-28,9209
3011,今皓,15,2,13,凱基-岡山,2023-06-28,9209
3078,僑威,13,0,13,凱基-岡山,2023-06-28,9209
2883,凱基金,16,4,12,凱基-岡山,2023-06-28,9209
2610,華航,44,32,12,凱基-岡山,2023-06-28,9209
2892,第一金,10,0,10,凱基-岡山,2023-06-28,9209
00632R,元大台灣50反1,10,0,10,凱基-岡山,2023-06-28,9209
2867,三商壽,10,0,10,凱基-岡山,2023-06-28,9209
4137,麗豐-KY,10,0,10,凱基-岡山,2023-06-28,9209
5531,鄉林,10,0,10,凱基-岡山,2023-06-28,9209
6160,欣技,10,0,10,凱基-岡山,2023-06-28,9209
6504,南六,10,0,10,凱基-岡山,2023-06-28,9209
2324,仁寶,10,1,9,凱基-岡山,2023-06-28,9209
2453,凌群,9,0,9,凱基-岡山,2023-06-28,9209
1301,台塑,8,0,8,凱基-岡山,2023-06-28,9209
5388,中磊,14,6,8,凱基-岡山,2023-06-28,9209
6807,峰源-KY,8,0,8,凱基-岡山,2023-06-28,9209
6846,綠茵,8,0,8,凱基-岡山,2023-06-28,9209
1513,中興電,12,4,8,凱基-岡山,2023-06-28,9209
1589,永冠-KY,7,0,7,凱基-岡山,2023-06-28,9209
4746,台耀,8,1,7,凱基-岡山,2023-06-28,9209
6188,廣明,13,6,7,凱基-岡山,2023-06-28,9209
1519,華城,31,25,6,凱基-岡山,2023-06-28,9209
2014,中鴻,6,0,6,凱基-岡山,2023-06-28,9209
2412,中華電,8,2,6,凱基-岡山,2023-06-28,9209
3380,明泰,9,3,6,凱基-岡山,2023-06-28,9209
1108,幸福,5,0,5,凱基-岡山,2023-06-28,9209
1734,杏輝,7,2,5,凱基-岡山,2023-06-28,9209
2303,聯電,10,5,5,凱基-岡山,2023-06-28,9209
2317,鴻海,15,10,5,凱基-岡山,2023-06-28,9209
2352,佳世達,6,1,5,凱基-岡山,2023-06-28,9209
2401,凌陽,5,0,5,凱基-岡山,2023-06-28,9209
2606,裕民,5,0,5,凱基-岡山,2023-06-28,9209
3051,力特,5,0,5,凱基-岡山,2023-06-28,9209
3071,協禧,5,0,5,凱基-岡山,2023-06-28,9209
3466,德晉,5,0,5,凱基-岡山,2023-06-28,9209
5490,同亨,5,0,5,凱基-岡山,2023-06-28,9209
8147,正淩,5,0,5,凱基-岡山,2023-06-28,9209
2618,長榮航,85,31,54,凱基-岡山,2023-06-29,9209
8210,勤誠,63,10,53,凱基-岡山,2023-06-29,9209
00919,群益台灣精選高息,45,0,45,凱基-岡山,2023-06-29,9209
00642U,期元大S＆P石油,30,0,30,凱基-岡山,2023-06-29,9209
1609,大亞,30,1,29,凱基-岡山,2023-06-29,9209
5531,鄉林,20,0,20,凱基-岡山,2023-06-29,9209
2610,華航,70,51,19,凱基-岡山,2023-06-29,9209
2206,三陽工業,19,0,19,凱基-岡山,2023-06-29,9209
2609,陽明,25,6,19,凱基-岡山,2023-06-29,9209
1789,神隆,18,0,18,凱基-岡山,2023-06-29,9209
6548,長科*,28,10,18,凱基-岡山,2023-06-29,9209
2401,凌陽,16,0,16,凱基-岡山,2023-06-29,9209
1605,華新,17,1,16,凱基-岡山,2023-06-29,9209
2412,中華電,15,0,15,凱基-岡山,2023-06-29,9209
00637L,元大滬深300正2,13,0,13,凱基-岡山,2023-06-29,9209
2317,鴻海,14,2,12,凱基-岡山,2023-06-29,9209
1326,台化,12,0,12,凱基-岡山,2023-06-29,9209
2303,聯電,15,3,12,凱基-岡山,2023-06-29,9209
2356,英業達,16,5,11,凱基-岡山,2023-06-29,9209
6142,友勁,11,0,11,凱基-岡山,2023-06-29,9209
1444,力麗,13,3,10,凱基-岡山,2023-06-29,9209
2883B,凱基金乙特,10,0,10,凱基-岡山,2023-06-29,9209
5452,佶優,10,0,10,凱基-岡山,2023-06-29,9209
6504,南六,10,0,10,凱基-岡山,2023-06-29,9209
8085,福華,10,0,10,凱基-岡山,2023-06-29,9209
1785,光洋科,9,0,9,凱基-岡山,2023-06-29,9209
3356,奇偶,12,3,9,凱基-岡山,2023-06-29,9209
6120,達運,9,0,9,凱基-岡山,2023-06-29,9209
3005,神基,9,1,8,凱基-岡山,2023-06-29,9209
8289,泰藝,9,1,8,凱基-岡山,2023-06-29,9209
00688L,國泰20年美債正2,7,0,7,凱基-岡山,2023-06-29,9209
1402,遠東新,7,0,7,凱基-岡山,2023-06-29,9209
3038,全台,9,2,7,凱基-岡山,2023-06-29,9209
4155,訊映,7,0,7,凱基-岡山,2023-06-29,9209
4167,松瑞藥,10,3,7,凱基-岡山,2023-06-29,9209
00751B,元大AAA至A公司債,7,0,7,凱基-岡山,2023-06-29,9209
1522,堤維西,21,15,6,凱基-岡山,2023-06-29,9209
2884,玉山金,7,1,6,凱基-岡山,2023-06-29,9209
5521,工信,6,0,6,凱基-岡山,2023-06-29,9209
6841,長佳智能,45,40,5,凱基-岡山,2023-06-29,9209
00896,中信綠能及電動車,5,0,5,凱基-岡山,2023-06-29,9209
1608,華榮,5,0,5,凱基-岡山,2023-06-29,9209
2313,華通,5,0,5,凱基-岡山,2023-06-29,9209
2323,中環,5,0,5,凱基-岡山,2023-06-29,9209
3049,精金,5,0,5,凱基-岡山,2023-06-29,9209
3338,泰碩,5,0,5,凱基-岡山,2023-06-29,9209
4138,曜亞,5,0,5,凱基-岡山,2023-06-29,9209
5465,富驊,5,0,5,凱基-岡山,2023-06-29,9209
6446,藥華藥,5,0,5,凱基-岡山,2023-06-29,9209
2371,大同,7,2,5,凱基-岡山,2023-06-29,9209
2603,長榮,145,11,134,凱基-岡山,2023-06-30,9209
6117,迎廣,50,0,50,凱基-岡山,2023-06-30,9209
2344,華邦電,190,151,39,凱基-岡山,2023-06-30,9209
2317,鴻海,102,68,34,凱基-岡山,2023-06-30,9209
2618,長榮航,34,2,32,凱基-岡山,2023-06-30,9209
2301,光寶科,34,6,28,凱基-岡山,2023-06-30,9209
3259,鑫創,28,0,28,凱基-岡山,2023-06-30,9209
1460,宏遠,21,0,21,凱基-岡山,2023-06-30,9209
1589,永冠-KY,21,0,21,凱基-岡山,2023-06-30,9209
00929,復華台灣科技優息,20,0,20,凱基-岡山,2023-06-30,9209
3011,今皓,17,0,17,凱基-岡山,2023-06-30,9209
8081,致新,17,0,17,凱基-岡山,2023-06-30,9209
2002,中鋼,17,0,17,凱基-岡山,2023-06-30,9209
2353,宏��,16,0,16,凱基-岡山,2023-06-30,9209
1605,華新,15,0,15,凱基-岡山,2023-06-30,9209
2610,華航,20,6,14,凱基-岡山,2023-06-30,9209
2303,聯電,20,7,13,凱基-岡山,2023-06-30,9209
4157,太景*-KY,15,2,13,凱基-岡山,2023-06-30,9209
4161,聿新科,12,0,12,凱基-岡山,2023-06-30,9209
6153,嘉聯益,14,2,12,凱基-岡山,2023-06-30,9209
9902,台火,12,0,12,凱基-岡山,2023-06-30,9209
1102,亞泥,11,0,11,凱基-岡山,2023-06-30,9209
1231,聯華食,11,0,11,凱基-岡山,2023-06-30,9209
00679B,元大美債20年,11,0,11,凱基-岡山,2023-06-30,9209
6188,廣明,16,6,10,凱基-岡山,2023-06-30,9209
00673R,期元大S＆P原油反1,10,0,10,凱基-岡山,2023-06-30,9209
00676R,富邦臺灣加權反1,10,0,10,凱基-岡山,2023-06-30,9209
2412,中華電,10,0,10,凱基-岡山,2023-06-30,9209
3515,華擎,12,2,10,凱基-岡山,2023-06-30,9209
6026,福邦證,10,0,10,凱基-岡山,2023-06-30,9209
6830,汎銓,10,0,10,凱基-岡山,2023-06-30,9209
1229,聯華,29,20,9,凱基-岡山,2023-06-30,9209
00688L,國泰20年美債正2,9,0,9,凱基-岡山,2023-06-30,9209
2027,大成鋼,11,2,9,凱基-岡山,2023-06-30,9209
6576,逸達,9,0,9,凱基-岡山,2023-06-30,9209
3078,僑威,8,0,8,凱基-岡山,2023-06-30,9209
3703,欣陸,8,0,8,凱基-岡山,2023-06-30,9209
2883,凱基金,12,5,7,凱基-岡山,2023-06-30,9209
2402,毅嘉,10,3,7,凱基-岡山,2023-06-30,9209
2867,三商壽,7,0,7,凱基-岡山,2023-06-30,9209
9907,統一實,7,0,7,凱基-岡山,2023-06-30,9209
00751B,元大AAA至A公司債,7,0,7,凱基-岡山,2023-06-30,9209
6245,立端,6,0,6,凱基-岡山,2023-06-30,9209
2888,新光金,6,0,6,凱基-岡山,2023-06-30,9209
4147,中裕,6,0,6,凱基-岡山,2023-06-30,9209
6160,欣技,6,0,6,凱基-岡山,2023-06-30,9209
1101,台泥,6,0,6,凱基-岡山,2023-06-30,9209
2812,台中銀,21,15,6,凱基-岡山,2023-06-30,9209
2347,聯強,5,0,5,凱基-岡山,2023-06-30,9209
4104,佳醫,6,1,5,凱基-岡山,2023-06-30,9209
2317,鴻海,130,8,122,凱基-岡山,2023-07-03,9209
2409,友達,115,0,115,凱基-岡山,2023-07-03,9209
2344,華邦電,101,1,100,凱基-岡山,2023-07-03,9209
4906,正文,54,1,53,凱基-岡山,2023-07-03,9209
2031,新光鋼,50,0,50,凱基-岡山,2023-07-03,9209
6016,康和證,36,0,36,凱基-岡山,2023-07-03,9209
2382,廣達,45,10,35,凱基-岡山,2023-07-03,9209
00632R,元大台灣50反1,35,3,32,凱基-岡山,2023-07-03,9209
1201,味全,25,0,25,凱基-岡山,2023-07-03,9209
00673R,期元大S＆P原油反1,22,0,22,凱基-岡山,2023-07-03,9209
2888,新光金,20,0,20,凱基-岡山,2023-07-03,9209
2303,聯電,25,7,18,凱基-岡山,2023-07-03,9209
3483,力致,20,3,17,凱基-岡山,2023-07-03,9209
2338,光罩,18,3,15,凱基-岡山,2023-07-03,9209
6203,海韻電,15,1,14,凱基-岡山,2023-07-03,9209
2412,中華電,12,0,12,凱基-岡山,2023-07-03,9209
2485,兆赫,12,0,12,凱基-岡山,2023-07-03,9209
2332,友訊,16,5,11,凱基-岡山,2023-07-03,9209
3011,今皓,10,0,10,凱基-岡山,2023-07-03,9209
4908,前鼎,10,0,10,凱基-岡山,2023-07-03,9209
2027,大成鋼,10,0,10,凱基-岡山,2023-07-03,9209
3038,全台,9,0,9,凱基-岡山,2023-07-03,9209
3596,智易,10,1,9,凱基-岡山,2023-07-03,9209
2356,英業達,33,24,9,凱基-岡山,2023-07-03,9209
3356,奇偶,22,14,8,凱基-岡山,2023-07-03,9209
00900,富邦特選高股息30,10,2,8,凱基-岡山,2023-07-03,9209
2615,萬海,18,11,7,凱基-岡山,2023-07-03,9209
1444,力麗,7,0,7,凱基-岡山,2023-07-03,9209
3346,麗清,7,0,7,凱基-岡山,2023-07-03,9209
4543,萬在,7,0,7,凱基-岡山,2023-07-03,9209
8289,泰藝,7,0,7,凱基-岡山,2023-07-03,9209
2883,凱基金,17,10,7,凱基-岡山,2023-07-03,9209
1609,大亞,20,13,7,凱基-岡山,2023-07-03,9209
6806,森崴能源,7,1,6,凱基-岡山,2023-07-03,9209
3481,群創,7,1,6,凱基-岡山,2023-07-03,9209
00679B,元大美債20年,6,0,6,凱基-岡山,2023-07-03,9209
3207,耀勝,6,0,6,凱基-岡山,2023-07-03,9209
3567,逸昌,6,0,6,凱基-岡山,2023-07-03,9209
5285,界霖,8,2,6,凱基-岡山,2023-07-03,9209
8150,南茂,6,0,6,凱基-岡山,2023-07-03,9209
4915,致伸,6,1,5,凱基-岡山,2023-07-03,9209
00923,群益台ESG低碳50,5,0,5,凱基-岡山,2023-07-03,9209
1316,上曜,5,0,5,凱基-岡山,2023-07-03,9209
1409,新纖,5,0,5,凱基-岡山,2023-07-03,9209
1467,南緯,5,0,5,凱基-岡山,2023-07-03,9209
1589,永冠-KY,5,0,5,凱基-岡山,2023-07-03,9209
2630,亞航,25,20,5,凱基-岡山,2023-07-03,9209
4510,高鋒,5,0,5,凱基-岡山,2023-07-03,9209
8087,麗升能源,5,0,5,凱基-岡山,2023-07-03,9209
8358,金居,5,0,5,凱基-岡山,2023-07-03,9209
00712,復華富時不動產,205,3,202,凱基-岡山,2023-07-04,9209
2317,鴻海,125,12,113,凱基-岡山,2023-07-04,9209
2603,長榮,151,74,77,凱基-岡山,2023-07-04,9209
3372,典範,60,0,60,凱基-岡山,2023-07-04,9209
2883,凱基金,64,7,57,凱基-岡山,2023-07-04,9209
1303,南亞,52,0,52,凱基-岡山,2023-07-04,9209
00664R,國泰臺灣加權反1,50,0,50,凱基-岡山,2023-07-04,9209
2820,華票,40,0,40,凱基-岡山,2023-07-04,9209
0056,元大高股息,46,6,40,凱基-岡山,2023-07-04,9209
3163,波若威,38,5,33,凱基-岡山,2023-07-04,9209
2337,旺宏,30,0,30,凱基-岡山,2023-07-04,9209
2373,震旦行,30,0,30,凱基-岡山,2023-07-04,9209
2618,長榮航,39,11,28,凱基-岡山,2023-07-04,9209
2354,鴻準,23,0,23,凱基-岡山,2023-07-04,9209
3217,優群,23,1,22,凱基-岡山,2023-07-04,9209
4566,時碩工業,24,3,21,凱基-岡山,2023-07-04,9209
1201,味全,20,0,20,凱基-岡山,2023-07-04,9209
6770,力積電,19,0,19,凱基-岡山,2023-07-04,9209
00680L,元大美債20正2,17,0,17,凱基-岡山,2023-07-04,9209
2615,萬海,29,14,15,凱基-岡山,2023-07-04,9209
6125,廣運,17,1,16,凱基-岡山,2023-07-04,9209
1810,和成,15,0,15,凱基-岡山,2023-07-04,9209
2886,兆豐金,15,1,14,凱基-岡山,2023-07-04,9209
3017,奇鋐,20,6,14,凱基-岡山,2023-07-04,9209
3583,辛耘,18,4,14,凱基-岡山,2023-07-04,9209
2303,聯電,15,1,14,凱基-岡山,2023-07-04,9209
6271,同欣電,13,0,13,凱基-岡山,2023-07-04,9209
2867,三商壽,13,0,13,凱基-岡山,2023-07-04,9209
00632R,元大台灣50反1,62,50,12,凱基-岡山,2023-07-04,9209
5309,系統電,12,0,12,凱基-岡山,2023-07-04,9209
2323,中環,15,3,12,凱基-岡山,2023-07-04,9209
6223,旺矽,25,14,11,凱基-岡山,2023-07-04,9209
6111,大宇資,11,0,11,凱基-岡山,2023-07-04,9209
6776,展�眥篕�,11,0,11,凱基-岡山,2023-07-04,9209
8926,台汽電,11,1,10,凱基-岡山,2023-07-04,9209
00905,FT臺灣Smart,10,0,10,凱基-岡山,2023-07-04,9209
00676R,富邦臺灣加權反1,10,0,10,凱基-岡山,2023-07-04,9209
00657,國泰日經225,10,0,10,凱基-岡山,2023-07-04,9209
1603,華電,10,0,10,凱基-岡山,2023-07-04,9209
1608,華榮,10,0,10,凱基-岡山,2023-07-04,9209
2406,國碩,10,0,10,凱基-岡山,2023-07-04,9209
2433,互盛電,10,0,10,凱基-岡山,2023-07-04,9209
3356,奇偶,11,1,10,凱基-岡山,2023-07-04,9209
6148,驊宏資,11,1,10,凱基-岡山,2023-07-04,9209
6504,南六,10,0,10,凱基-岡山,2023-07-04,9209
8222,寶一,11,1,10,凱基-岡山,2023-07-04,9209
911868,同方友友-DR,10,0,10,凱基-岡山,2023-07-04,9209
3231,緯創,26,17,9,凱基-岡山,2023-07-04,9209
3706,神達,196,187,9,凱基-岡山,2023-07-04,9209
6112,邁達特,14,5,9,凱基-岡山,2023-07-04,9209
2317,鴻海,80,1,79,凱基-岡山,2023-07-05,9209
2356,英業達,83,8,75,凱基-岡山,2023-07-05,9209
4967,十銓,52,1,51,凱基-岡山,2023-07-05,9209
00673R,期元大S＆P原油反1,50,0,50,凱基-岡山,2023-07-05,9209
0056,元大高股息,44,2,42,凱基-岡山,2023-07-05,9209
00679B,元大美債20年,39,0,39,凱基-岡山,2023-07-05,9209
2610,華航,45,16,29,凱基-岡山,2023-07-05,9209
2618,長榮航,77,53,24,凱基-岡山,2023-07-05,9209
2301,光寶科,22,2,20,凱基-岡山,2023-07-05,9209
00927,群益半導體收益,20,0,20,凱基-岡山,2023-07-05,9209
1905,華紙,29,11,18,凱基-岡山,2023-07-05,9209
3013,晟銘電,43,25,18,凱基-岡山,2023-07-05,9209
3006,晶豪科,15,0,15,凱基-岡山,2023-07-05,9209
6504,南六,15,0,15,凱基-岡山,2023-07-05,9209
3231,緯創,28,13,15,凱基-岡山,2023-07-05,9209
3583,辛耘,20,6,14,凱基-岡山,2023-07-05,9209
2014,中鴻,15,1,14,凱基-岡山,2023-07-05,9209
3706,神達,264,250,14,凱基-岡山,2023-07-05,9209
5864,致和證,13,0,13,凱基-岡山,2023-07-05,9209
00882,中信中國高股息,14,1,13,凱基-岡山,2023-07-05,9209
2323,中環,18,5,13,凱基-岡山,2023-07-05,9209
3687,歐買尬,14,1,13,凱基-岡山,2023-07-05,9209
2382,廣達,18,6,12,凱基-岡山,2023-07-05,9209
1584,精剛,13,1,12,凱基-岡山,2023-07-05,9209
5905,南仁湖,12,0,12,凱基-岡山,2023-07-05,9209
5490,同亨,11,0,11,凱基-岡山,2023-07-05,9209
00929,復華台灣科技優息,11,0,11,凱基-岡山,2023-07-05,9209
4960,誠美材,11,0,11,凱基-岡山,2023-07-05,9209
6589,台康生技,10,0,10,凱基-岡山,2023-07-05,9209
1529,樂事綠能,10,0,10,凱基-岡山,2023-07-05,9209
2012,春雨,10,0,10,凱基-岡山,2023-07-05,9209
2103,台橡,10,0,10,凱基-岡山,2023-07-05,9209
3036A,文曄甲特,10,0,10,凱基-岡山,2023-07-05,9209
3682,亞太電,10,0,10,凱基-岡山,2023-07-05,9209
5531,鄉林,10,0,10,凱基-岡山,2023-07-05,9209
6190,萬泰科,10,0,10,凱基-岡山,2023-07-05,9209
6651,全宇昕,10,0,10,凱基-岡山,2023-07-05,9209
4414,如興,10,0,10,凱基-岡山,2023-07-05,9209
1611,中電,14,5,9,凱基-岡山,2023-07-05,9209
1460,宏遠,8,0,8,凱基-岡山,2023-07-05,9209
2303,聯電,16,8,8,凱基-岡山,2023-07-05,9209
2889,國票金,8,0,8,凱基-岡山,2023-07-05,9209
2206,三陽工業,8,1,7,凱基-岡山,2023-07-05,9209
2412,中華電,10,3,7,凱基-岡山,2023-07-05,9209
2515,中工,20,13,7,凱基-岡山,2023-07-05,9209
00900,富邦特選高股息30,31,25,6,凱基-岡山,2023-07-05,9209
1810,和成,6,0,6,凱基-岡山,2023-07-05,9209
2201,裕隆,7,1,6,凱基-岡山,2023-07-05,9209
2419,仲琦,10,4,6,凱基-岡山,2023-07-05,9209
3264,欣銓,6,0,6,凱基-岡山,2023-07-05,9209
2801,彰銀,501,0,501,凱基-岡山,2023-07-06,9209
2002,中鋼,121,0,121,凱基-岡山,2023-07-06,9209
00673R,期元大S＆P原油反1,93,0,93,凱基-岡山,2023-07-06,9209
2883,凱基金,88,21,67,凱基-岡山,2023-07-06,9209
00753L,中信中國50正2,60,0,60,凱基-岡山,2023-07-06,9209
00680L,元大美債20正2,41,0,41,凱基-岡山,2023-07-06,9209
6443,元晶,38,0,38,凱基-岡山,2023-07-06,9209
3013,晟銘電,47,14,33,凱基-岡山,2023-07-06,9209
6282,康舒,80,49,31,凱基-岡山,2023-07-06,9209
0056,元大高股息,38,7,31,凱基-岡山,2023-07-06,9209
6015,宏遠證,30,0,30,凱基-岡山,2023-07-06,9209
4979,華星光,55,25,30,凱基-岡山,2023-07-06,9209
2618,長榮航,34,5,29,凱基-岡山,2023-07-06,9209
3363,上詮,37,9,28,凱基-岡山,2023-07-06,9209
00637L,元大滬深300正2,28,0,28,凱基-岡山,2023-07-06,9209
1303,南亞,27,0,27,凱基-岡山,2023-07-06,9209
2892,第一金,27,0,27,凱基-岡山,2023-07-06,9209
2888,新光金,26,2,24,凱基-岡山,2023-07-06,9209
6016,康和證,20,0,20,凱基-岡山,2023-07-06,9209
6026,福邦證,20,0,20,凱基-岡山,2023-07-06,9209
2356,英業達,26,7,19,凱基-岡山,2023-07-06,9209
5348,正能量智能,19,0,19,凱基-岡山,2023-07-06,9209
6546,正基,20,1,19,凱基-岡山,2023-07-06,9209
8215,明基材,26,9,17,凱基-岡山,2023-07-06,9209
00720B,元大投資級公司債,16,0,16,凱基-岡山,2023-07-06,9209
2388,威盛,23,7,16,凱基-岡山,2023-07-06,9209
2419,仲琦,58,42,16,凱基-岡山,2023-07-06,9209
2889,國票金,14,0,14,凱基-岡山,2023-07-06,9209
1611,中電,15,1,14,凱基-岡山,2023-07-06,9209
8289,泰藝,14,0,14,凱基-岡山,2023-07-06,9209
00882,中信中國高股息,14,0,14,凱基-岡山,2023-07-06,9209
2634,漢翔,16,3,13,凱基-岡山,2023-07-06,9209
8086,宏捷科,14,1,13,凱基-岡山,2023-07-06,9209
0050,元大台灣50,11,0,11,凱基-岡山,2023-07-06,9209
2457,飛宏,11,0,11,凱基-岡山,2023-07-06,9209
2606,裕民,24,13,11,凱基-岡山,2023-07-06,9209
3162,精確,11,0,11,凱基-岡山,2023-07-06,9209
6532,瑞耘,11,0,11,凱基-岡山,2023-07-06,9209
2012,春雨,10,0,10,凱基-岡山,2023-07-06,9209
3481,群創,48,38,10,凱基-岡山,2023-07-06,9209
00679B,元大美債20年,10,0,10,凱基-岡山,2023-07-06,9209
6217,中探針,10,0,10,凱基-岡山,2023-07-06,9209
2406,國碩,10,0,10,凱基-岡山,2023-07-06,9209
2331,精英,10,0,10,凱基-岡山,2023-07-06,9209
3038,全台,13,3,10,凱基-岡山,2023-07-06,9209
3630,新鉅科,10,0,10,凱基-岡山,2023-07-06,9209
911868,同方友友-DR,10,0,10,凱基-岡山,2023-07-06,9209
5009,榮剛,10,1,9,凱基-岡山,2023-07-06,9209
5490,同亨,9,0,9,凱基-岡山,2023-07-06,9209
6770,力積電,10,1,9,凱基-岡山,2023-07-06,9209
2801,彰銀,488,0,488,凱基-岡山,2023-07-07,9209
2409,友達,80,5,75,凱基-岡山,2023-07-07,9209
00680L,元大美債20正2,64,0,64,凱基-岡山,2023-07-07,9209
2812,台中銀,35,0,35,凱基-岡山,2023-07-07,9209
2883,凱基金,40,10,30,凱基-岡山,2023-07-07,9209
2359,所羅門,30,0,30,凱基-岡山,2023-07-07,9209
2367,燿華,30,0,30,凱基-岡山,2023-07-07,9209
4121,優盛,28,0,28,凱基-岡山,2023-07-07,9209
2344,華邦電,332,305,27,凱基-岡山,2023-07-07,9209
8028,昇陽半導體,25,0,25,凱基-岡山,2023-07-07,9209
4934,太極,34,13,21,凱基-岡山,2023-07-07,9209
2373,震旦行,20,0,20,凱基-岡山,2023-07-07,9209
2836,高雄銀,20,0,20,凱基-岡山,2023-07-07,9209
2867,三商壽,20,0,20,凱基-岡山,2023-07-07,9209
00712,復華富時不動產,27,8,19,凱基-岡山,2023-07-07,9209
2436,偉詮電,27,9,18,凱基-岡山,2023-07-07,9209
6288,聯嘉,23,5,18,凱基-岡山,2023-07-07,9209
00929,復華台灣科技優息,18,1,17,凱基-岡山,2023-07-07,9209
2031,新光鋼,17,0,17,凱基-岡山,2023-07-07,9209
00882,中信中國高股息,23,7,16,凱基-岡山,2023-07-07,9209
3363,上詮,18,2,16,凱基-岡山,2023-07-07,9209
1605,華新,16,2,14,凱基-岡山,2023-07-07,9209
4541,晟田,14,0,14,凱基-岡山,2023-07-07,9209
8289,泰藝,14,0,14,凱基-岡山,2023-07-07,9209
00679B,元大美債20年,13,0,13,凱基-岡山,2023-07-07,9209
2027,大成鋼,13,0,13,凱基-岡山,2023-07-07,9209
6138,茂達,13,0,13,凱基-岡山,2023-07-07,9209
6285,啟��,13,1,12,凱基-岡山,2023-07-07,9209
3011,今皓,13,1,12,凱基-岡山,2023-07-07,9209
6125,廣運,12,0,12,凱基-岡山,2023-07-07,9209
1101,台泥,12,1,11,凱基-岡山,2023-07-07,9209
2347,聯強,11,0,11,凱基-岡山,2023-07-07,9209
2388,威盛,17,6,11,凱基-岡山,2023-07-07,9209
4746,台耀,16,5,11,凱基-岡山,2023-07-07,9209
1301,台塑,10,0,10,凱基-岡山,2023-07-07,9209
00927,群益半導體收益,10,0,10,凱基-岡山,2023-07-07,9209
5426,振發,10,0,10,凱基-岡山,2023-07-07,9209
2889,國票金,10,0,10,凱基-岡山,2023-07-07,9209
1809,中釉,10,0,10,凱基-岡山,2023-07-07,9209
3380,明泰,24,14,10,凱基-岡山,2023-07-07,9209
5309,系統電,10,0,10,凱基-岡山,2023-07-07,9209
5519,隆大,10,0,10,凱基-岡山,2023-07-07,9209
6535,順藥,10,0,10,凱基-岡山,2023-07-07,9209
2012,春雨,10,1,9,凱基-岡山,2023-07-07,9209
00772B,中信高評級公司債,12,3,9,凱基-岡山,2023-07-07,9209
3265,台星科,9,0,9,凱基-岡山,2023-07-07,9209
5348,正能量智能,9,0,9,凱基-岡山,2023-07-07,9209
5356,協益,9,0,9,凱基-岡山,2023-07-07,9209
8088,品安,9,0,9,凱基-岡山,2023-07-07,9209
00725B,國泰投資級公司債,8,0,8,凱基-岡山,2023-07-07,9209
2801,彰銀,305,0,305,凱基-岡山,2023-07-10,9209
00673R,期元大S＆P原油反1,87,0,87,凱基-岡山,2023-07-10,9209
2317,鴻海,63,0,63,凱基-岡山,2023-07-10,9209
1528,恩德,62,0,62,凱基-岡山,2023-07-10,9209
00919,群益台灣精選高息,52,0,52,凱基-岡山,2023-07-10,9209
00878,國泰永續高股息,87,35,52,凱基-岡山,2023-07-10,9209
2634,漢翔,34,0,34,凱基-岡山,2023-07-10,9209
0056,元大高股息,35,2,33,凱基-岡山,2023-07-10,9209
4934,太極,69,37,32,凱基-岡山,2023-07-10,9209
4931,新盛力,31,0,31,凱基-岡山,2023-07-10,9209
2888,新光金,28,0,28,凱基-岡山,2023-07-10,9209
00882,中信中國高股息,32,5,27,凱基-岡山,2023-07-10,9209
6016,康和證,70,46,24,凱基-岡山,2023-07-10,9209
00929,復華台灣科技優息,23,0,23,凱基-岡山,2023-07-10,9209
6282,康舒,26,3,23,凱基-岡山,2023-07-10,9209
8289,泰藝,21,0,21,凱基-岡山,2023-07-10,9209
2356,英業達,25,5,20,凱基-岡山,2023-07-10,9209
3363,上詮,20,0,20,凱基-岡山,2023-07-10,9209
2915,潤泰全,16,0,16,凱基-岡山,2023-07-10,9209
1608,華榮,15,0,15,凱基-岡山,2023-07-10,9209
2303,聯電,18,3,15,凱基-岡山,2023-07-10,9209
2436,偉詮電,22,7,15,凱基-岡山,2023-07-10,9209
00679B,元大美債20年,14,0,14,凱基-岡山,2023-07-10,9209
6266,泰詠,13,0,13,凱基-岡山,2023-07-10,9209
1101,台泥,12,0,12,凱基-岡山,2023-07-10,9209
2489,瑞軒,12,0,12,凱基-岡山,2023-07-10,9209
3362,先進光,25,13,12,凱基-岡山,2023-07-10,9209
8255,朋程,14,2,12,凱基-岡山,2023-07-10,9209
3481,群創,12,1,11,凱基-岡山,2023-07-10,9209
00680L,元大美債20正2,11,0,11,凱基-岡山,2023-07-10,9209
00657,國泰日經225,10,0,10,凱基-岡山,2023-07-10,9209
1701,中化,10,0,10,凱基-岡山,2023-07-10,9209
2105,正新,10,0,10,凱基-岡山,2023-07-10,9209
3372,典範,10,0,10,凱基-岡山,2023-07-10,9209
5302,太欣,10,0,10,凱基-岡山,2023-07-10,9209
5348,正能量智能,10,0,10,凱基-岡山,2023-07-10,9209
6173,信昌電,10,0,10,凱基-岡山,2023-07-10,9209
6182,合晶,11,1,10,凱基-岡山,2023-07-10,9209
00898,國泰基因免疫革命,9,0,9,凱基-岡山,2023-07-10,9209
00772B,中信高評級公司債,9,0,9,凱基-岡山,2023-07-10,9209
4532,瑞智,265,256,9,凱基-岡山,2023-07-10,9209
9929,秋雨,9,0,9,凱基-岡山,2023-07-10,9209
3037,欣興,12,4,8,凱基-岡山,2023-07-10,9209
00751B,元大AAA至A公司債,8,0,8,凱基-岡山,2023-07-10,9209
3014,聯陽,8,0,8,凱基-岡山,2023-07-10,9209
1905,華紙,8,1,7,凱基-岡山,2023-07-10,9209
2387,精元,7,0,7,凱基-岡山,2023-07-10,9209
3265,台星科,13,6,7,凱基-岡山,2023-07-10,9209
6217,中探針,7,0,7,凱基-岡山,2023-07-10,9209
2610,華航,12,6,6,凱基-岡山,2023-07-10,9209
00632R,元大台灣50反1,55,0,55,凱基-岡山,2023-07-11,9209
00664R,國泰臺灣加權反1,50,0,50,凱基-岡山,2023-07-11,9209
2481,強茂,88,39,49,凱基-岡山,2023-07-11,9209
3707,漢磊,58,18,40,凱基-岡山,2023-07-11,9209
1471,首利,36,1,35,凱基-岡山,2023-07-11,9209
6125,廣運,35,0,35,凱基-岡山,2023-07-11,9209
2376,技嘉,34,5,29,凱基-岡山,2023-07-11,9209
3714,富采,23,0,23,凱基-岡山,2023-07-11,9209
1102,亞泥,20,0,20,凱基-岡山,2023-07-11,9209
2444,兆勁,25,6,19,凱基-岡山,2023-07-11,9209
5285,界霖,20,1,19,凱基-岡山,2023-07-11,9209
2340,台亞,22,6,16,凱基-岡山,2023-07-11,9209
2002,中鋼,17,2,15,凱基-岡山,2023-07-11,9209
3362,先進光,38,23,15,凱基-岡山,2023-07-11,9209
2031,新光鋼,15,0,15,凱基-岡山,2023-07-11,9209
3114,好德,15,0,15,凱基-岡山,2023-07-11,9209
2371,大同,24,10,14,凱基-岡山,2023-07-11,9209
3363,上詮,32,18,14,凱基-岡山,2023-07-11,9209
3025,星通,24,11,13,凱基-岡山,2023-07-11,9209
5222,全訊,13,0,13,凱基-岡山,2023-07-11,9209
00706L,期元大S＆P日圓正2,15,3,12,凱基-岡山,2023-07-11,9209
1513,中興電,12,0,12,凱基-岡山,2023-07-11,9209
1101,台泥,10,0,10,凱基-岡山,2023-07-11,9209
2312,金寶,10,0,10,凱基-岡山,2023-07-11,9209
2436,偉詮電,17,7,10,凱基-岡山,2023-07-11,9209
3031,佰鴻,10,0,10,凱基-岡山,2023-07-11,9209
5425,台半,13,3,10,凱基-岡山,2023-07-11,9209
6198,瑞築,10,0,10,凱基-岡山,2023-07-11,9209
00679B,元大美債20年,9,0,9,凱基-岡山,2023-07-11,9209
2883,凱基金,16,7,9,凱基-岡山,2023-07-11,9209
00673R,期元大S＆P原油反1,8,0,8,凱基-岡山,2023-07-11,9209
00680L,元大美債20正2,10,2,8,凱基-岡山,2023-07-11,9209
8210,勤誠,22,14,8,凱基-岡山,2023-07-11,9209
2206,三陽工業,8,1,7,凱基-岡山,2023-07-11,9209
1785,光洋科,8,1,7,凱基-岡山,2023-07-11,9209
00720B,元大投資級公司債,7,0,7,凱基-岡山,2023-07-11,9209
3673,TPK-KY,7,0,7,凱基-岡山,2023-07-11,9209
2457,飛宏,12,5,7,凱基-岡山,2023-07-11,9209
2427,三商電,10,3,7,凱基-岡山,2023-07-11,9209
1529,樂事綠能,6,0,6,凱基-岡山,2023-07-11,9209
00893,國泰智能電動車,10,4,6,凱基-岡山,2023-07-11,9209
1528,恩德,8,2,6,凱基-岡山,2023-07-11,9209
1736,喬山,6,0,6,凱基-岡山,2023-07-11,9209
2355,敬鵬,6,0,6,凱基-岡山,2023-07-11,9209
3058,立德,6,0,6,凱基-岡山,2023-07-11,9209
6160,欣技,6,0,6,凱基-岡山,2023-07-11,9209
3481,群創,18,13,5,凱基-岡山,2023-07-11,9209
2017,官田鋼,5,0,5,凱基-岡山,2023-07-11,9209
2305,全友,5,0,5,凱基-岡山,2023-07-11,9209
2367,燿華,5,0,5,凱基-岡山,2023-07-11,9209
00673R,期元大S＆P原油反1,125,0,125,凱基-岡山,2023-07-12,9209
2892,第一金,110,4,106,凱基-岡山,2023-07-12,9209
00929,復華台灣科技優息,76,2,74,凱基-岡山,2023-07-12,9209
3031,佰鴻,40,0,40,凱基-岡山,2023-07-12,9209
4532,瑞智,275,239,36,凱基-岡山,2023-07-12,9209
00706L,期元大S＆P日圓正2,40,9,31,凱基-岡山,2023-07-12,9209
00905,FT臺灣Smart,25,0,25,凱基-岡山,2023-07-12,9209
3078,僑威,25,2,23,凱基-岡山,2023-07-12,9209
4527,方土霖,23,0,23,凱基-岡山,2023-07-12,9209
5371,中光電,24,2,22,凱基-岡山,2023-07-12,9209
2406,國碩,20,0,20,凱基-岡山,2023-07-12,9209
2481,強茂,55,36,19,凱基-岡山,2023-07-12,9209
6548,長科*,27,11,16,凱基-岡山,2023-07-12,9209
3024,憶聲,15,0,15,凱基-岡山,2023-07-12,9209
00919,群益台灣精選高息,14,0,14,凱基-岡山,2023-07-12,9209
6285,啟��,22,8,14,凱基-岡山,2023-07-12,9209
2515,中工,17,5,12,凱基-岡山,2023-07-12,9209
3038,全台,12,0,12,凱基-岡山,2023-07-12,9209
6129,普誠,12,0,12,凱基-岡山,2023-07-12,9209
1513,中興電,29,18,11,凱基-岡山,2023-07-12,9209
6509,聚和,11,0,11,凱基-岡山,2023-07-12,9209
6589,台康生技,11,0,11,凱基-岡山,2023-07-12,9209
8418,捷必勝-KY,11,0,11,凱基-岡山,2023-07-12,9209
2880,華南金,10,0,10,凱基-岡山,2023-07-12,9209
3032,偉訓,23,13,10,凱基-岡山,2023-07-12,9209
3036A,文曄甲特,10,0,10,凱基-岡山,2023-07-12,9209
3059,華晶科,10,0,10,凱基-岡山,2023-07-12,9209
3234,光環,13,3,10,凱基-岡山,2023-07-12,9209
3380,明泰,10,0,10,凱基-岡山,2023-07-12,9209
4934,太極,12,2,10,凱基-岡山,2023-07-12,9209
5410,國眾,10,0,10,凱基-岡山,2023-07-12,9209
5484,慧友,10,0,10,凱基-岡山,2023-07-12,9209
6142,友勁,10,0,10,凱基-岡山,2023-07-12,9209
3231,緯創,25,16,9,凱基-岡山,2023-07-12,9209
1795,美時,10,1,9,凱基-岡山,2023-07-12,9209
4129,聯合,9,0,9,凱基-岡山,2023-07-12,9209
6120,達運,11,2,9,凱基-岡山,2023-07-12,9209
3162,精確,8,0,8,凱基-岡山,2023-07-12,9209
2323,中環,12,4,8,凱基-岡山,2023-07-12,9209
2206,三陽工業,8,1,7,凱基-岡山,2023-07-12,9209
1453,大將,7,0,7,凱基-岡山,2023-07-12,9209
3047,訊舟,7,0,7,凱基-岡山,2023-07-12,9209
4739,康普,7,0,7,凱基-岡山,2023-07-12,9209
4938,和碩,10,3,7,凱基-岡山,2023-07-12,9209
5457,宣德,11,4,7,凱基-岡山,2023-07-12,9209
2303,聯電,14,7,7,凱基-岡山,2023-07-12,9209
2889,國票金,6,0,6,凱基-岡山,2023-07-12,9209
5284,jpp-KY,6,0,6,凱基-岡山,2023-07-12,9209
8050,廣積,6,0,6,凱基-岡山,2023-07-12,9209
8358,金居,8,2,6,凱基-岡山,2023-07-12,9209
00632R,元大台灣50反1,215,0,215,凱基-岡山,2023-07-13,9209
2609,陽明,154,32,122,凱基-岡山,2023-07-13,9209
4967,十銓,108,5,103,凱基-岡山,2023-07-13,9209
2618,長榮航,68,8,60,凱基-岡山,2023-07-13,9209
2014,中鴻,57,2,55,凱基-岡山,2023-07-13,9209
1609,大亞,58,7,51,凱基-岡山,2023-07-13,9209
6016,康和證,45,0,45,凱基-岡山,2023-07-13,9209
2883,凱基金,32,0,32,凱基-岡山,2023-07-13,9209
4532,瑞智,249,219,30,凱基-岡山,2023-07-13,9209
00673R,期元大S＆P原油反1,32,5,27,凱基-岡山,2023-07-13,9209
4148,全宇生技-KY,26,0,26,凱基-岡山,2023-07-13,9209
2481,強茂,35,12,23,凱基-岡山,2023-07-13,9209
00712,復華富時不動產,23,2,21,凱基-岡山,2023-07-13,9209
1303,南亞,20,0,20,凱基-岡山,2023-07-13,9209
2023,燁輝,20,0,20,凱基-岡山,2023-07-13,9209
3022,威強電,22,2,20,凱基-岡山,2023-07-13,9209
3036A,文曄甲特,20,0,20,凱基-岡山,2023-07-13,9209
8426,紅木-KY,20,0,20,凱基-岡山,2023-07-13,9209
2303,聯電,20,1,19,凱基-岡山,2023-07-13,9209
1907,永豐餘,20,3,17,凱基-岡山,2023-07-13,9209
00929,復華台灣科技優息,20,3,17,凱基-岡山,2023-07-13,9209
00930,永豐ESG低碳高息,16,0,16,凱基-岡山,2023-07-13,9209
5607,遠雄港,18,2,16,凱基-岡山,2023-07-13,9209
2881B,富邦金乙特,15,0,15,凱基-岡山,2023-07-13,9209
3706,神達,21,6,15,凱基-岡山,2023-07-13,9209
3231,緯創,62,48,14,凱基-岡山,2023-07-13,9209
00706L,期元大S＆P日圓正2,14,0,14,凱基-岡山,2023-07-13,9209
2331,精英,19,5,14,凱基-岡山,2023-07-13,9209
00927,群益半導體收益,14,0,14,凱基-岡山,2023-07-13,9209
2634,漢翔,15,2,13,凱基-岡山,2023-07-13,9209
4931,新盛力,13,0,13,凱基-岡山,2023-07-13,9209
9907,統一實,13,0,13,凱基-岡山,2023-07-13,9209
00679B,元大美債20年,11,0,11,凱基-岡山,2023-07-13,9209
2312,金寶,14,3,11,凱基-岡山,2023-07-13,9209
00651R,復華香港反1,11,0,11,凱基-岡山,2023-07-13,9209
5258,虹堡,19,8,11,凱基-岡山,2023-07-13,9209
6548,長科*,14,3,11,凱基-岡山,2023-07-13,9209
00664R,國泰臺灣加權反1,10,0,10,凱基-岡山,2023-07-13,9209
1102,亞泥,10,0,10,凱基-岡山,2023-07-13,9209
1906,寶隆,10,0,10,凱基-岡山,2023-07-13,9209
2302,麗正,10,0,10,凱基-岡山,2023-07-13,9209
2342,茂矽,10,0,10,凱基-岡山,2023-07-13,9209
2353,宏��,23,13,10,凱基-岡山,2023-07-13,9209
3306,鼎天,10,0,10,凱基-岡山,2023-07-13,9209
2301,光寶科,22,13,9,凱基-岡山,2023-07-13,9209
5483,中美晶,13,4,9,凱基-岡山,2023-07-13,9209
2610,華航,24,16,8,凱基-岡山,2023-07-13,9209
2022,聚亨,8,0,8,凱基-岡山,2023-07-13,9209
2329,華泰,23,15,8,凱基-岡山,2023-07-13,9209
00905,FT臺灣Smart,8,0,8,凱基-岡山,2023-07-13,9209
00929,復華台灣科技優息,104,4,100,凱基-岡山,2023-07-14,9209
2618,長榮航,149,63,86,凱基-岡山,2023-07-14,9209
2610,華航,169,85,84,凱基-岡山,2023-07-14,9209
6118,建達,84,6,78,凱基-岡山,2023-07-14,9209
3363,上詮,78,15,63,凱基-岡山,2023-07-14,9209
6185,幃翔,40,0,40,凱基-岡山,2023-07-14,9209
3036A,文曄甲特,30,0,30,凱基-岡山,2023-07-14,9209
4533,協易機,30,0,30,凱基-岡山,2023-07-14,9209
2312,金寶,35,6,29,凱基-岡山,2023-07-14,9209
1101,台泥,26,0,26,凱基-岡山,2023-07-14,9209
00919,群益台灣精選高息,25,0,25,凱基-岡山,2023-07-14,9209
4532,瑞智,274,249,25,凱基-岡山,2023-07-14,9209
1718,中纖,22,0,22,凱基-岡山,2023-07-14,9209
00673R,期元大S＆P原油反1,21,0,21,凱基-岡山,2023-07-14,9209
00830,國泰費城半導體,21,1,20,凱基-岡山,2023-07-14,9209
00687B,國泰20年美債,20,0,20,凱基-岡山,2023-07-14,9209
1609,大亞,22,2,20,凱基-岡山,2023-07-14,9209
2371,大同,81,61,20,凱基-岡山,2023-07-14,9209
2630,亞航,57,37,20,凱基-岡山,2023-07-14,9209
00679B,元大美債20年,20,1,19,凱基-岡山,2023-07-14,9209
2481,強茂,41,22,19,凱基-岡山,2023-07-14,9209
5285,界霖,19,0,19,凱基-岡山,2023-07-14,9209
6142,友勁,19,0,19,凱基-岡山,2023-07-14,9209
6248,沛波,16,0,16,凱基-岡山,2023-07-14,9209
2915,潤泰全,15,0,15,凱基-岡山,2023-07-14,9209
00680L,元大美債20正2,15,0,15,凱基-岡山,2023-07-14,9209
2883,凱基金,28,16,12,凱基-岡山,2023-07-14,9209
0061,元大寶滬深,12,0,12,凱基-岡山,2023-07-14,9209
3715,定穎投控,15,3,12,凱基-岡山,2023-07-14,9209
3576,聯合再生,12,1,11,凱基-岡山,2023-07-14,9209
00706L,期元大S＆P日圓正2,10,0,10,凱基-岡山,2023-07-14,9209
2302,麗正,10,0,10,凱基-岡山,2023-07-14,9209
2497,怡利電,11,1,10,凱基-岡山,2023-07-14,9209
2880,華南金,10,0,10,凱基-岡山,2023-07-14,9209
9105,泰金寶-DR,10,0,10,凱基-岡山,2023-07-14,9209
3362,先進光,34,24,10,凱基-岡山,2023-07-14,9209
4108,懷特,10,0,10,凱基-岡山,2023-07-14,9209
5009,榮剛,9,0,9,凱基-岡山,2023-07-14,9209
3231,緯創,17,9,8,凱基-岡山,2023-07-14,9209
2352,佳世達,13,5,8,凱基-岡山,2023-07-14,9209
00720B,元大投資級公司債,8,0,8,凱基-岡山,2023-07-14,9209
00900,富邦特選高股息30,10,3,7,凱基-岡山,2023-07-14,9209
1789,神隆,10,3,7,凱基-岡山,2023-07-14,9209
4744,皇將,7,0,7,凱基-岡山,2023-07-14,9209
00882,中信中國高股息,7,0,7,凱基-岡山,2023-07-14,9209
2323,中環,12,6,6,凱基-岡山,2023-07-14,9209
3704,合勤控,20,14,6,凱基-岡山,2023-07-14,9209
2301,光寶科,53,47,6,凱基-岡山,2023-07-14,9209
1722,台肥,8,2,6,凱基-岡山,2023-07-14,9209
3380,明泰,10,4,6,凱基-岡山,2023-07-14,9209
2324,仁寶,92,24,68,凱基-岡山,2023-07-17,9209
0056,元大高股息,74,32,42,凱基-岡山,2023-07-17,9209
1101,台泥,42,2,40,凱基-岡山,2023-07-17,9209
2025,千興,40,0,40,凱基-岡山,2023-07-17,9209
3036A,文曄甲特,40,0,40,凱基-岡山,2023-07-17,9209
8028,昇陽半導體,35,0,35,凱基-岡山,2023-07-17,9209
00632R,元大台灣50反1,30,0,30,凱基-岡山,2023-07-17,9209
00830,國泰費城半導體,30,0,30,凱基-岡山,2023-07-17,9209
2316,楠梓電,30,0,30,凱基-岡山,2023-07-17,9209
2515,中工,33,7,26,凱基-岡山,2023-07-17,9209
2201,裕隆,27,2,25,凱基-岡山,2023-07-17,9209
2441,超豐,38,14,24,凱基-岡山,2023-07-17,9209
00720B,元大投資級公司債,22,0,22,凱基-岡山,2023-07-17,9209
00929,復華台灣科技優息,21,1,20,凱基-岡山,2023-07-17,9209
00905,FT臺灣Smart,20,0,20,凱基-岡山,2023-07-17,9209
3689,湧德,25,5,20,凱基-岡山,2023-07-17,9209
6015,宏遠證,20,0,20,凱基-岡山,2023-07-17,9209
3583,辛耘,24,5,19,凱基-岡山,2023-07-17,9209
3711,日月光投控,20,4,16,凱基-岡山,2023-07-17,9209
8112,至上,17,1,16,凱基-岡山,2023-07-17,9209
00712,復華富時不動產,15,0,15,凱基-岡山,2023-07-17,9209
00882,中信中國高股息,15,0,15,凱基-岡山,2023-07-17,9209
00646,元大S＆P500,15,0,15,凱基-岡山,2023-07-17,9209
00679B,元大美債20年,25,10,15,凱基-岡山,2023-07-17,9209
1609,大亞,21,6,15,凱基-岡山,2023-07-17,9209
00665L,富邦�琤肭磪囓�2,13,0,13,凱基-岡山,2023-07-17,9209
2634,漢翔,14,1,13,凱基-岡山,2023-07-17,9209
2312,金寶,27,14,13,凱基-岡山,2023-07-17,9209
2301,光寶科,34,22,12,凱基-岡山,2023-07-17,9209
8109,博大,12,0,12,凱基-岡山,2023-07-17,9209
1907,永豐餘,11,0,11,凱基-岡山,2023-07-17,9209
2323,中環,14,3,11,凱基-岡山,2023-07-17,9209
2413,環科,11,0,11,凱基-岡山,2023-07-17,9209
2427,三商電,13,2,11,凱基-岡山,2023-07-17,9209
00923,群益台ESG低碳50,10,0,10,凱基-岡山,2023-07-17,9209
4113,聯上,10,0,10,凱基-岡山,2023-07-17,9209
6504,南六,10,0,10,凱基-岡山,2023-07-17,9209
00673R,期元大S＆P原油反1,31,22,9,凱基-岡山,2023-07-17,9209
6160,欣技,8,0,8,凱基-岡山,2023-07-17,9209
6672,騰輝電子-KY,8,0,8,凱基-岡山,2023-07-17,9209
1402,遠東新,7,0,7,凱基-岡山,2023-07-17,9209
1522,堤維西,7,0,7,凱基-岡山,2023-07-17,9209
1533,車王電,7,0,7,凱基-岡山,2023-07-17,9209
5285,界霖,11,4,7,凱基-岡山,2023-07-17,9209
5425,台半,12,5,7,凱基-岡山,2023-07-17,9209
6187,萬潤,45,38,7,凱基-岡山,2023-07-17,9209
2820,華票,6,0,6,凱基-岡山,2023-07-17,9209
3022,威強電,6,0,6,凱基-岡山,2023-07-17,9209
3058,立德,6,0,6,凱基-岡山,2023-07-17,9209
6207,雷科,6,0,6,凱基-岡山,2023-07-17,9209
1101,台泥,121,3,118,凱基-岡山,2023-07-18,9209
6770,力積電,112,1,111,凱基-岡山,2023-07-18,9209
3710,連展投控,100,0,100,凱基-岡山,2023-07-18,9209
00882,中信中國高股息,87,0,87,凱基-岡山,2023-07-18,9209
2329,華泰,77,26,51,凱基-岡山,2023-07-18,9209
2352,佳世達,63,13,50,凱基-岡山,2023-07-18,9209
3706,神達,83,39,44,凱基-岡山,2023-07-18,9209
6282,康舒,277,239,38,凱基-岡山,2023-07-18,9209
2603,長榮,46,8,38,凱基-岡山,2023-07-18,9209
2883,凱基金,34,0,34,凱基-岡山,2023-07-18,9209
3189,景碩,46,12,34,凱基-岡山,2023-07-18,9209
1907,永豐餘,31,3,28,凱基-岡山,2023-07-18,9209
3036A,文曄甲特,27,0,27,凱基-岡山,2023-07-18,9209
6274,台燿,36,12,24,凱基-岡山,2023-07-18,9209
4938,和碩,48,26,22,凱基-岡山,2023-07-18,9209
8105,凌巨,22,1,21,凱基-岡山,2023-07-18,9209
1609,大亞,70,50,20,凱基-岡山,2023-07-18,9209
1611,中電,20,0,20,凱基-岡山,2023-07-18,9209
2836,高雄銀,20,0,20,凱基-岡山,2023-07-18,9209
2609,陽明,36,17,19,凱基-岡山,2023-07-18,9209
2312,金寶,59,40,19,凱基-岡山,2023-07-18,9209
1471,首利,24,6,18,凱基-岡山,2023-07-18,9209
4532,瑞智,18,0,18,凱基-岡山,2023-07-18,9209
4967,十銓,100,82,18,凱基-岡山,2023-07-18,9209
1789,神隆,35,18,17,凱基-岡山,2023-07-18,9209
2399,映泰,17,1,16,凱基-岡山,2023-07-18,9209
2392,正崴,14,0,14,凱基-岡山,2023-07-18,9209
00929,復華台灣科技優息,78,65,13,凱基-岡山,2023-07-18,9209
1612,宏泰,13,0,13,凱基-岡山,2023-07-18,9209
4527,方土霖,13,1,12,凱基-岡山,2023-07-18,9209
8021,尖點,12,0,12,凱基-岡山,2023-07-18,9209
2409,友達,13,2,11,凱基-岡山,2023-07-18,9209
2374,佳能,14,3,11,凱基-岡山,2023-07-18,9209
5371,中光電,11,0,11,凱基-岡山,2023-07-18,9209
8409,商之器,11,0,11,凱基-岡山,2023-07-18,9209
1108,幸福,10,0,10,凱基-岡山,2023-07-18,9209
00706L,期元大S＆P日圓正2,10,0,10,凱基-岡山,2023-07-18,9209
2515,中工,10,0,10,凱基-岡山,2023-07-18,9209
3060,銘異,10,0,10,凱基-岡山,2023-07-18,9209
6706,惠特,10,0,10,凱基-岡山,2023-07-18,9209
5483,中美晶,15,6,9,凱基-岡山,2023-07-18,9209
1514,亞力,24,15,9,凱基-岡山,2023-07-18,9209
1618,合機,10,1,9,凱基-岡山,2023-07-18,9209
2618,長榮航,13,4,9,凱基-岡山,2023-07-18,9209
0056,元大高股息,11,3,8,凱基-岡山,2023-07-18,9209
3071,協禧,18,10,8,凱基-岡山,2023-07-18,9209
2457,飛宏,10,2,8,凱基-岡山,2023-07-18,9209
2442,新美齊,8,0,8,凱基-岡山,2023-07-18,9209
1301,台塑,7,0,7,凱基-岡山,2023-07-18,9209
6188,廣明,15,8,7,凱基-岡山,2023-07-18,9209
00893,國泰智能電動車,427,4,423,凱基-岡山,2023-07-19,9209
2317,鴻海,156,3,153,凱基-岡山,2023-07-19,9209
00929,復華台灣科技優息,76,1,75,凱基-岡山,2023-07-19,9209
3037,欣興,96,25,71,凱基-岡山,2023-07-19,9209
3024,憶聲,50,0,50,凱基-岡山,2023-07-19,9209
2031,新光鋼,59,12,47,凱基-岡山,2023-07-19,9209
3711,日月光投控,70,28,42,凱基-岡山,2023-07-19,9209
1584,精剛,32,0,32,凱基-岡山,2023-07-19,9209
00882,中信中國高股息,31,1,30,凱基-岡山,2023-07-19,9209
1789,神隆,37,7,30,凱基-岡山,2023-07-19,9209
6461,益得,30,0,30,凱基-岡山,2023-07-19,9209
00680L,元大美債20正2,28,0,28,凱基-岡山,2023-07-19,9209
2312,金寶,25,3,22,凱基-岡山,2023-07-19,9209
1303,南亞,21,0,21,凱基-岡山,2023-07-19,9209
2867,三商壽,21,0,21,凱基-岡山,2023-07-19,9209
2402,毅嘉,17,0,17,凱基-岡山,2023-07-19,9209
2303,聯電,18,2,16,凱基-岡山,2023-07-19,9209
1734,杏輝,16,0,16,凱基-岡山,2023-07-19,9209
2801,彰銀,16,0,16,凱基-岡山,2023-07-19,9209
1907,永豐餘,15,0,15,凱基-岡山,2023-07-19,9209
5285,界霖,15,0,15,凱基-岡山,2023-07-19,9209
3078,僑威,14,0,14,凱基-岡山,2023-07-19,9209
2889,國票金,13,0,13,凱基-岡山,2023-07-19,9209
3002,歐格,13,0,13,凱基-岡山,2023-07-19,9209
2374,佳能,14,2,12,凱基-岡山,2023-07-19,9209
2409,友達,11,0,11,凱基-岡山,2023-07-19,9209
6203,海韻電,11,0,11,凱基-岡山,2023-07-19,9209
00673R,期元大S＆P原油反1,10,0,10,凱基-岡山,2023-07-19,9209
00885,富邦越南,10,0,10,凱基-岡山,2023-07-19,9209
1471,首利,10,0,10,凱基-岡山,2023-07-19,9209
4527,方土霖,10,0,10,凱基-岡山,2023-07-19,9209
4746,台耀,11,1,10,凱基-岡山,2023-07-19,9209
8924,大田,10,0,10,凱基-岡山,2023-07-19,9209
911868,同方友友-DR,10,0,10,凱基-岡山,2023-07-19,9209
1101,台泥,9,0,9,凱基-岡山,2023-07-19,9209
2609,陽明,20,11,9,凱基-岡山,2023-07-19,9209
00688L,國泰20年美債正2,9,0,9,凱基-岡山,2023-07-19,9209
2340,台亞,15,6,9,凱基-岡山,2023-07-19,9209
2351,順德,9,0,9,凱基-岡山,2023-07-19,9209
2492,華新科,10,1,9,凱基-岡山,2023-07-19,9209
3588,通嘉,9,0,9,凱基-岡山,2023-07-19,9209
6121,新普,9,0,9,凱基-岡山,2023-07-19,9209
3189,景碩,14,6,8,凱基-岡山,2023-07-19,9209
3701,大眾控,8,0,8,凱基-岡山,2023-07-19,9209
6284,佳邦,8,0,8,凱基-岡山,2023-07-19,9209
8210,勤誠,14,6,8,凱基-岡山,2023-07-19,9209
1513,中興電,7,0,7,凱基-岡山,2023-07-19,9209
1785,光洋科,7,0,7,凱基-岡山,2023-07-19,9209
2023,燁輝,7,0,7,凱基-岡山,2023-07-19,9209
4116,明基醫,7,0,7,凱基-岡山,2023-07-19,9209
2887,台新金,70,0,70,凱基-岡山,2023-07-20,9209
2303,聯電,74,14,60,凱基-岡山,2023-07-20,9209
2520,冠德,59,0,59,凱基-岡山,2023-07-20,9209
6841,長佳智能,45,2,43,凱基-岡山,2023-07-20,9209
8070,長華*,37,0,37,凱基-岡山,2023-07-20,9209
6527,明達醫,37,1,36,凱基-岡山,2023-07-20,9209
00688L,國泰20年美債正2,33,0,33,凱基-岡山,2023-07-20,9209
2206,三陽工業,46,15,31,凱基-岡山,2023-07-20,9209
1789,神隆,31,4,27,凱基-岡山,2023-07-20,9209
6235,華孚,34,8,26,凱基-岡山,2023-07-20,9209
00712,復華富時不動產,20,1,19,凱基-岡山,2023-07-20,9209
2301,光寶科,25,8,17,凱基-岡山,2023-07-20,9209
00885,富邦越南,16,0,16,凱基-岡山,2023-07-20,9209
1102,亞泥,16,0,16,凱基-岡山,2023-07-20,9209
1609,大亞,18,3,15,凱基-岡山,2023-07-20,9209
2317,鴻海,15,1,14,凱基-岡山,2023-07-20,9209
1303,南亞,11,0,11,凱基-岡山,2023-07-20,9209
3501,維熹,10,0,10,凱基-岡山,2023-07-20,9209
6504,南六,10,0,10,凱基-岡山,2023-07-20,9209
6796,晉弘,10,0,10,凱基-岡山,2023-07-20,9209
1522,堤維西,10,1,9,凱基-岡山,2023-07-20,9209
3036A,文曄甲特,9,0,9,凱基-岡山,2023-07-20,9209
6217,中探針,14,5,9,凱基-岡山,2023-07-20,9209
6451,訊芯-KY,11,2,9,凱基-岡山,2023-07-20,9209
6150,撼訊,8,1,7,凱基-岡山,2023-07-20,9209
8033,雷虎,7,0,7,凱基-岡山,2023-07-20,9209
1514,亞力,7,1,6,凱基-岡山,2023-07-20,9209
6275,元山,6,0,6,凱基-岡山,2023-07-20,9209
1304,台聚,5,0,5,凱基-岡山,2023-07-20,9209
2337,旺宏,5,0,5,凱基-岡山,2023-07-20,9209
2371,大同,6,1,5,凱基-岡山,2023-07-20,9209
3450,聯鈞,5,0,5,凱基-岡山,2023-07-20,9209
3666,光耀,5,0,5,凱基-岡山,2023-07-20,9209
4908,前鼎,10,5,5,凱基-岡山,2023-07-20,9209
4938,和碩,6,1,5,凱基-岡山,2023-07-20,9209
6188,廣明,8,3,5,凱基-岡山,2023-07-20,9209
6222,上揚,5,0,5,凱基-岡山,2023-07-20,9209
6462,神盾,5,0,5,凱基-岡山,2023-07-20,9209
9110,越南控-DR,5,0,5,凱基-岡山,2023-07-20,9209
3583,辛耘,7,3,4,凱基-岡山,2023-07-20,9209
00757,統一FANG+,4,0,4,凱基-岡山,2023-07-20,9209
1795,美時,5,1,4,凱基-岡山,2023-07-20,9209
2368,金像電,19,15,4,凱基-岡山,2023-07-20,9209
2630,亞航,45,41,4,凱基-岡山,2023-07-20,9209
3576,聯合再生,6,2,4,凱基-岡山,2023-07-20,9209
8112,至上,4,0,4,凱基-岡山,2023-07-20,9209
1326,台化,3,0,3,凱基-岡山,2023-07-20,9209
2344,華邦電,3,0,3,凱基-岡山,2023-07-20,9209
2351,順德,3,0,3,凱基-岡山,2023-07-20,9209
2617,台航,3,0,3,凱基-岡山,2023-07-20,9209
2371,大同,84,0,84,凱基-岡山,2023-07-21,9209
2603,長榮,80,6,74,凱基-岡山,2023-07-21,9209
2353,宏��,81,12,69,凱基-岡山,2023-07-21,9209
00688L,國泰20年美債正2,63,0,63,凱基-岡山,2023-07-21,9209
1513,中興電,70,28,42,凱基-岡山,2023-07-21,9209
1101,台泥,35,0,35,凱基-岡山,2023-07-21,9209
2606,裕民,30,0,30,凱基-岡山,2023-07-21,9209
2618,長榮航,46,16,30,凱基-岡山,2023-07-21,9209
1102,亞泥,27,0,27,凱基-岡山,2023-07-21,9209
2303,聯電,42,15,27,凱基-岡山,2023-07-21,9209
1605,華新,28,2,26,凱基-岡山,2023-07-21,9209
1907,永豐餘,23,0,23,凱基-岡山,2023-07-21,9209
2027,大成鋼,23,1,22,凱基-岡山,2023-07-21,9209
2630,亞航,35,13,22,凱基-岡山,2023-07-21,9209
4121,優盛,21,1,20,凱基-岡山,2023-07-21,9209
6548,長科*,20,0,20,凱基-岡山,2023-07-21,9209
00712,復華富時不動產,19,0,19,凱基-岡山,2023-07-21,9209
3036A,文曄甲特,18,0,18,凱基-岡山,2023-07-21,9209
3035,智原,34,19,15,凱基-岡山,2023-07-21,9209
1229,聯華,14,0,14,凱基-岡山,2023-07-21,9209
4137,麗豐-KY,14,0,14,凱基-岡山,2023-07-21,9209
6806,森崴能源,15,2,13,凱基-岡山,2023-07-21,9209
4953,緯軟,27,14,13,凱基-岡山,2023-07-21,9209
8091,翔名,13,0,13,凱基-岡山,2023-07-21,9209
3013,晟銘電,38,26,12,凱基-岡山,2023-07-21,9209
6116,彩晶,17,5,12,凱基-岡山,2023-07-21,9209
1301,台塑,11,0,11,凱基-岡山,2023-07-21,9209
2520,冠德,11,0,11,凱基-岡山,2023-07-21,9209
9105,泰金寶-DR,11,0,11,凱基-岡山,2023-07-21,9209
1718,中纖,10,0,10,凱基-岡山,2023-07-21,9209
2609,陽明,27,17,10,凱基-岡山,2023-07-21,9209
5432,新門,10,0,10,凱基-岡山,2023-07-21,9209
5475,德宏,10,0,10,凱基-岡山,2023-07-21,9209
8071,能率網通,10,0,10,凱基-岡山,2023-07-21,9209
00929,復華台灣科技優息,30,20,10,凱基-岡山,2023-07-21,9209
3481,群創,9,0,9,凱基-岡山,2023-07-21,9209
6213,聯茂,10,1,9,凱基-岡山,2023-07-21,9209
8210,勤誠,36,27,9,凱基-岡山,2023-07-21,9209
6274,台燿,14,6,8,凱基-岡山,2023-07-21,9209
2454,聯發科,9,1,8,凱基-岡山,2023-07-21,9209
2330,台積電,12,4,8,凱基-岡山,2023-07-21,9209
1316,上曜,8,0,8,凱基-岡山,2023-07-21,9209
1584,精剛,8,0,8,凱基-岡山,2023-07-21,9209
2014,中鴻,12,4,8,凱基-岡山,2023-07-21,9209
0050,元大台灣50,8,0,8,凱基-岡山,2023-07-21,9209
1614,三洋電,7,0,7,凱基-岡山,2023-07-21,9209
1905,華紙,57,50,7,凱基-岡山,2023-07-21,9209
6125,廣運,7,0,7,凱基-岡山,2023-07-21,9209
6282,康舒,8,2,6,凱基-岡山,2023-07-21,9209
00894,中信小資高價30,6,0,6,凱基-岡山,2023-07-21,9209
2618,長榮航,160,51,109,凱基-岡山,2023-07-24,9209
00929,復華台灣科技優息,97,2,95,凱基-岡山,2023-07-24,9209
1102,亞泥,52,0,52,凱基-岡山,2023-07-24,9209
5452,佶優,48,1,47,凱基-岡山,2023-07-24,9209
2301,光寶科,95,49,46,凱基-岡山,2023-07-24,9209
2421,建準,58,18,40,凱基-岡山,2023-07-24,9209
00712,復華富時不動產,42,7,35,凱基-岡山,2023-07-24,9209
8070,長華*,35,0,35,凱基-岡山,2023-07-24,9209
1529,樂事綠能,31,0,31,凱基-岡山,2023-07-24,9209
4939,亞電,30,0,30,凱基-岡山,2023-07-24,9209
2883,凱基金,29,1,28,凱基-岡山,2023-07-24,9209
4527,方土霖,25,0,25,凱基-岡山,2023-07-24,9209
2887,台新金,24,0,24,凱基-岡山,2023-07-24,9209
1227,佳格,23,0,23,凱基-岡山,2023-07-24,9209
8091,翔名,23,0,23,凱基-岡山,2023-07-24,9209
2603,長榮,24,2,22,凱基-岡山,2023-07-24,9209
2014,中鴻,41,20,21,凱基-岡山,2023-07-24,9209
4989,榮科,21,0,21,凱基-岡山,2023-07-24,9209
6770,力積電,21,2,19,凱基-岡山,2023-07-24,9209
00679B,元大美債20年,17,0,17,凱基-岡山,2023-07-24,9209
2371,大同,17,0,17,凱基-岡山,2023-07-24,9209
2888,新光金,17,0,17,凱基-岡山,2023-07-24,9209
3035,智原,25,9,16,凱基-岡山,2023-07-24,9209
1736,喬山,15,0,15,凱基-岡山,2023-07-24,9209
5531,鄉林,15,0,15,凱基-岡山,2023-07-24,9209
2915,潤泰全,14,0,14,凱基-岡山,2023-07-24,9209
1513,中興電,20,6,14,凱基-岡山,2023-07-24,9209
3305,昇貿,19,6,13,凱基-岡山,2023-07-24,9209
3338,泰碩,14,1,13,凱基-岡山,2023-07-24,9209
2481,強茂,12,0,12,凱基-岡山,2023-07-24,9209
3016,嘉晶,10,0,10,凱基-岡山,2023-07-24,9209
2302,麗正,10,0,10,凱基-岡山,2023-07-24,9209
2305,全友,10,0,10,凱基-岡山,2023-07-24,9209
2406,國碩,10,0,10,凱基-岡山,2023-07-24,9209
2836,高雄銀,20,10,10,凱基-岡山,2023-07-24,9209
8426,紅木-KY,10,0,10,凱基-岡山,2023-07-24,9209
6187,萬潤,12,3,9,凱基-岡山,2023-07-24,9209
2913,農林,10,1,9,凱基-岡山,2023-07-24,9209
3362,先進光,10,1,9,凱基-岡山,2023-07-24,9209
8210,勤誠,33,24,9,凱基-岡山,2023-07-24,9209
2356,英業達,23,14,9,凱基-岡山,2023-07-24,9209
2303,聯電,10,2,8,凱基-岡山,2023-07-24,9209
1802,台玻,10,2,8,凱基-岡山,2023-07-24,9209
1905,華紙,41,33,8,凱基-岡山,2023-07-24,9209
2323,中環,8,0,8,凱基-岡山,2023-07-24,9209
2427,三商電,11,3,8,凱基-岡山,2023-07-24,9209
6274,台燿,30,22,8,凱基-岡山,2023-07-24,9209
2886,兆豐金,7,0,7,凱基-岡山,2023-07-24,9209
3380,明泰,15,8,7,凱基-岡山,2023-07-24,9209
3703,欣陸,7,0,7,凱基-岡山,2023-07-24,9209
1905,華紙,175,77,98,凱基-岡山,2023-07-25,9209
2520,冠德,90,0,90,凱基-岡山,2023-07-25,9209
00929,復華台灣科技優息,65,21,44,凱基-岡山,2023-07-25,9209
2324,仁寶,129,85,44,凱基-岡山,2023-07-25,9209
00878,國泰永續高股息,50,11,39,凱基-岡山,2023-07-25,9209
2883,凱基金,27,0,27,凱基-岡山,2023-07-25,9209
9105,泰金寶-DR,30,6,24,凱基-岡山,2023-07-25,9209
2618,長榮航,22,2,20,凱基-岡山,2023-07-25,9209
00679B,元大美債20年,19,0,19,凱基-岡山,2023-07-25,9209
1513,中興電,28,10,18,凱基-岡山,2023-07-25,9209
2356,英業達,18,1,17,凱基-岡山,2023-07-25,9209
00751B,元大AAA至A公司債,22,5,17,凱基-岡山,2023-07-25,9209
2887,台新金,16,0,16,凱基-岡山,2023-07-25,9209
3663,鑫科,13,0,13,凱基-岡山,2023-07-25,9209
6126,信音,12,0,12,凱基-岡山,2023-07-25,9209
00919,群益台灣精選高息,11,0,11,凱基-岡山,2023-07-25,9209
00795B,中信美國公債20年,11,0,11,凱基-岡山,2023-07-25,9209
00632R,元大台灣50反1,10,0,10,凱基-岡山,2023-07-25,9209
2504,國產,10,0,10,凱基-岡山,2023-07-25,9209
3290,東浦,12,2,10,凱基-岡山,2023-07-25,9209
8222,寶一,10,0,10,凱基-岡山,2023-07-25,9209
3583,辛耘,11,2,9,凱基-岡山,2023-07-25,9209
1101,台泥,11,2,9,凱基-岡山,2023-07-25,9209
1909,榮成,8,0,8,凱基-岡山,2023-07-25,9209
1504,東元,68,61,7,凱基-岡山,2023-07-25,9209
3305,昇貿,17,10,7,凱基-岡山,2023-07-25,9209
6585,鼎基,7,0,7,凱基-岡山,2023-07-25,9209
2374,佳能,6,0,6,凱基-岡山,2023-07-25,9209
2481,強茂,6,0,6,凱基-岡山,2023-07-25,9209
5285,界霖,6,0,6,凱基-岡山,2023-07-25,9209
6139,亞翔,6,0,6,凱基-岡山,2023-07-25,9209
2352,佳世達,9,3,6,凱基-岡山,2023-07-25,9209
1102,亞泥,25,20,5,凱基-岡山,2023-07-25,9209
1104,環泥,5,0,5,凱基-岡山,2023-07-25,9209
1326,台化,5,0,5,凱基-岡山,2023-07-25,9209
1605,華新,10,5,5,凱基-岡山,2023-07-25,9209
2355,敬鵬,7,2,5,凱基-岡山,2023-07-25,9209
2441,超豐,5,0,5,凱基-岡山,2023-07-25,9209
2449,京元電子,5,0,5,凱基-岡山,2023-07-25,9209
2645,長榮航太,5,0,5,凱基-岡山,2023-07-25,9209
3038,全台,5,0,5,凱基-岡山,2023-07-25,9209
4129,聯合,12,7,5,凱基-岡山,2023-07-25,9209
4746,台耀,13,8,5,凱基-岡山,2023-07-25,9209
6150,撼訊,5,0,5,凱基-岡山,2023-07-25,9209
6235,華孚,18,13,5,凱基-岡山,2023-07-25,9209
6616,特昇-KY,5,0,5,凱基-岡山,2023-07-25,9209
9958,世紀鋼,21,16,5,凱基-岡山,2023-07-25,9209
4123,晟德,6,2,4,凱基-岡山,2023-07-25,9209
2886,兆豐金,5,1,4,凱基-岡山,2023-07-25,9209
3443,創意,4,0,4,凱基-岡山,2023-07-25,9209
6015,宏遠證,152,1,151,凱基-岡山,2023-07-26,9209
2884,玉山金,126,2,124,凱基-岡山,2023-07-26,9209
2344,華邦電,217,103,114,凱基-岡山,2023-07-26,9209
1217,愛之味,102,5,97,凱基-岡山,2023-07-26,9209
00929,復華台灣科技優息,43,0,43,凱基-岡山,2023-07-26,9209
1529,樂事綠能,50,15,35,凱基-岡山,2023-07-26,9209
2368,金像電,33,0,33,凱基-岡山,2023-07-26,9209
6548,長科*,30,0,30,凱基-岡山,2023-07-26,9209
3711,日月光投控,40,11,29,凱基-岡山,2023-07-26,9209
4543,萬在,21,0,21,凱基-岡山,2023-07-26,9209
00720B,元大投資級公司債,20,0,20,凱基-岡山,2023-07-26,9209
2891,中信金,20,1,19,凱基-岡山,2023-07-26,9209
2002,中鋼,29,10,19,凱基-岡山,2023-07-26,9209
3479,安勤,17,0,17,凱基-岡山,2023-07-26,9209
6271,同欣電,16,0,16,凱基-岡山,2023-07-26,9209
2355,敬鵬,21,5,16,凱基-岡山,2023-07-26,9209
1102,亞泥,15,0,15,凱基-岡山,2023-07-26,9209
2887,台新金,15,0,15,凱基-岡山,2023-07-26,9209
6188,廣明,16,2,14,凱基-岡山,2023-07-26,9209
2359,所羅門,26,13,13,凱基-岡山,2023-07-26,9209
6770,力積電,13,0,13,凱基-岡山,2023-07-26,9209
6841,長佳智能,13,0,13,凱基-岡山,2023-07-26,9209
5285,界霖,12,0,12,凱基-岡山,2023-07-26,9209
6116,彩晶,12,0,12,凱基-岡山,2023-07-26,9209
00680L,元大美債20正2,11,0,11,凱基-岡山,2023-07-26,9209
2340,台亞,33,22,11,凱基-岡山,2023-07-26,9209
3024,憶聲,11,0,11,凱基-岡山,2023-07-26,9209
8358,金居,26,15,11,凱基-岡山,2023-07-26,9209
2010,春源,10,0,10,凱基-岡山,2023-07-26,9209
6270,倍微,10,0,10,凱基-岡山,2023-07-26,9209
1514,亞力,9,0,9,凱基-岡山,2023-07-26,9209
6217,中探針,9,0,9,凱基-岡山,2023-07-26,9209
8109,博大,10,2,8,凱基-岡山,2023-07-26,9209
2303,聯電,12,5,7,凱基-岡山,2023-07-26,9209
00673R,期元大S＆P原油反1,7,0,7,凱基-岡山,2023-07-26,9209
1783,和康生,7,0,7,凱基-岡山,2023-07-26,9209
3380,明泰,17,10,7,凱基-岡山,2023-07-26,9209
6117,迎廣,12,5,7,凱基-岡山,2023-07-26,9209
6223,旺矽,11,4,7,凱基-岡山,2023-07-26,9209
6235,華孚,21,14,7,凱基-岡山,2023-07-26,9209
2317,鴻海,86,80,6,凱基-岡山,2023-07-26,9209
2453,凌群,14,8,6,凱基-岡山,2023-07-26,9209
2801,彰銀,6,0,6,凱基-岡山,2023-07-26,9209
4968,立積,7,1,6,凱基-岡山,2023-07-26,9209
3044,健鼎,7,1,6,凱基-岡山,2023-07-26,9209
1305,華夏,5,0,5,凱基-岡山,2023-07-26,9209
2371,大同,6,1,5,凱基-岡山,2023-07-26,9209
2816,旺旺保,5,0,5,凱基-岡山,2023-07-26,9209
2888B,新光金乙特,5,0,5,凱基-岡山,2023-07-26,9209
3372,典範,5,0,5,凱基-岡山,2023-07-26,9209
00687B,國泰20年美債,90,0,90,凱基-岡山,2023-07-27,9209
2441,超豐,64,0,64,凱基-岡山,2023-07-27,9209
00679B,元大美債20年,51,0,51,凱基-岡山,2023-07-27,9209
2884,玉山金,43,0,43,凱基-岡山,2023-07-27,9209
4533,協易機,58,17,41,凱基-岡山,2023-07-27,9209
2301,光寶科,38,5,33,凱基-岡山,2023-07-27,9209
2471,資通,37,4,33,凱基-岡山,2023-07-27,9209
2002,中鋼,30,0,30,凱基-岡山,2023-07-27,9209
2883,凱基金,31,6,25,凱基-岡山,2023-07-27,9209
00673R,期元大S＆P原油反1,22,0,22,凱基-岡山,2023-07-27,9209
00878,國泰永續高股息,25,9,16,凱基-岡山,2023-07-27,9209
00885,富邦越南,17,1,16,凱基-岡山,2023-07-27,9209
3607,谷崧,16,0,16,凱基-岡山,2023-07-27,9209
5452,佶優,15,0,15,凱基-岡山,2023-07-27,9209
6719,力智,18,3,15,凱基-岡山,2023-07-27,9209
2421,建準,29,15,14,凱基-岡山,2023-07-27,9209
1513,中興電,15,3,12,凱基-岡山,2023-07-27,9209
1727,中華化,13,1,12,凱基-岡山,2023-07-27,9209
2324,仁寶,15,3,12,凱基-岡山,2023-07-27,9209
3163,波若威,33,21,12,凱基-岡山,2023-07-27,9209
6104,創惟,17,5,12,凱基-岡山,2023-07-27,9209
6796,晉弘,12,0,12,凱基-岡山,2023-07-27,9209
00900,富邦特選高股息30,16,4,12,凱基-岡山,2023-07-27,9209
2359,所羅門,15,4,11,凱基-岡山,2023-07-27,9209
1504,東元,11,0,11,凱基-岡山,2023-07-27,9209
00651R,復華香港反1,10,0,10,凱基-岡山,2023-07-27,9209
3682,亞太電,10,0,10,凱基-岡山,2023-07-27,9209
4154,樂威科-KY,10,0,10,凱基-岡山,2023-07-27,9209
6026,福邦證,10,0,10,凱基-岡山,2023-07-27,9209
2323,中環,10,1,9,凱基-岡山,2023-07-27,9209
2480,敦陽科,8,0,8,凱基-岡山,2023-07-27,9209
2616,山隆,8,0,8,凱基-岡山,2023-07-27,9209
8358,金居,22,14,8,凱基-岡山,2023-07-27,9209
2618,長榮航,23,15,8,凱基-岡山,2023-07-27,9209
00893,國泰智能電動車,7,0,7,凱基-岡山,2023-07-27,9209
2645,長榮航太,7,0,7,凱基-岡山,2023-07-27,9209
3305,昇貿,8,1,7,凱基-岡山,2023-07-27,9209
3346,麗清,7,0,7,凱基-岡山,2023-07-27,9209
4108,懷特,7,0,7,凱基-岡山,2023-07-27,9209
8478,東哥遊艇,15,8,7,凱基-岡山,2023-07-27,9209
3711,日月光投控,6,0,6,凱基-岡山,2023-07-27,9209
00894,中信小資高價30,26,20,6,凱基-岡山,2023-07-27,9209
1419,新紡,6,0,6,凱基-岡山,2023-07-27,9209
2340,台亞,7,1,6,凱基-岡山,2023-07-27,9209
3081,聯亞,10,4,6,凱基-岡山,2023-07-27,9209
4931,新盛力,11,5,6,凱基-岡山,2023-07-27,9209
5607,遠雄港,6,0,6,凱基-岡山,2023-07-27,9209
6274,台燿,19,13,6,凱基-岡山,2023-07-27,9209
8112,至上,12,6,6,凱基-岡山,2023-07-27,9209
00929,復華台灣科技優息,10,5,5,凱基-岡山,2023-07-27,9209
00679B,元大美債20年,87,0,87,凱基-岡山,2023-07-28,9209
00688L,國泰20年美債正2,85,0,85,凱基-岡山,2023-07-28,9209
2317,鴻海,82,0,82,凱基-岡山,2023-07-28,9209
00680L,元大美債20正2,54,0,54,凱基-岡山,2023-07-28,9209
5475,德宏,52,0,52,凱基-岡山,2023-07-28,9209
2104,國際中橡,52,1,51,凱基-岡山,2023-07-28,9209
00687B,國泰20年美債,35,0,35,凱基-岡山,2023-07-28,9209
1522,堤維西,32,0,32,凱基-岡山,2023-07-28,9209
2355,敬鵬,31,1,30,凱基-岡山,2023-07-28,9209
2002,中鋼,25,1,24,凱基-岡山,2023-07-28,9209
3231,緯創,41,18,23,凱基-岡山,2023-07-28,9209
8358,金居,39,16,23,凱基-岡山,2023-07-28,9209
2352,佳世達,21,1,20,凱基-岡山,2023-07-28,9209
1441,大東,20,0,20,凱基-岡山,2023-07-28,9209
1909,榮成,20,0,20,凱基-岡山,2023-07-28,9209
5531,鄉林,20,0,20,凱基-岡山,2023-07-28,9209
2610,華航,50,31,19,凱基-岡山,2023-07-28,9209
6535,順藥,22,3,19,凱基-岡山,2023-07-28,9209
2329,華泰,38,20,18,凱基-岡山,2023-07-28,9209
3037,欣興,20,3,17,凱基-岡山,2023-07-28,9209
00772B,中信高評級公司債,17,0,17,凱基-岡山,2023-07-28,9209
6531,愛普*,19,4,15,凱基-岡山,2023-07-28,9209
00673R,期元大S＆P原油反1,15,0,15,凱基-岡山,2023-07-28,9209
1319,東陽,101,87,14,凱基-岡山,2023-07-28,9209
2441,超豐,21,7,14,凱基-岡山,2023-07-28,9209
4532,瑞智,117,104,13,凱基-岡山,2023-07-28,9209
2031,新光鋼,12,0,12,凱基-岡山,2023-07-28,9209
00751B,元大AAA至A公司債,11,0,11,凱基-岡山,2023-07-28,9209
2344,華邦電,23,12,11,凱基-岡山,2023-07-28,9209
2356,英業達,23,12,11,凱基-岡山,2023-07-28,9209
4961,天鈺,11,0,11,凱基-岡山,2023-07-28,9209
1102,亞泥,12,2,10,凱基-岡山,2023-07-28,9209
2305,全友,10,0,10,凱基-岡山,2023-07-28,9209
4716,大立,10,0,10,凱基-岡山,2023-07-28,9209
4967,十銓,10,0,10,凱基-岡山,2023-07-28,9209
8097,常珵,10,0,10,凱基-岡山,2023-07-28,9209
00919,群益台灣精選高息,10,0,10,凱基-岡山,2023-07-28,9209
1907,永豐餘,13,4,9,凱基-岡山,2023-07-28,9209
3071,協禧,10,1,9,凱基-岡山,2023-07-28,9209
6116,彩晶,10,1,9,凱基-岡山,2023-07-28,9209
2427,三商電,13,5,8,凱基-岡山,2023-07-28,9209
3689,湧德,8,0,8,凱基-岡山,2023-07-28,9209
2425,承啟,7,0,7,凱基-岡山,2023-07-28,9209
2801,彰銀,7,0,7,凱基-岡山,2023-07-28,9209
6282,康舒,22,15,7,凱基-岡山,2023-07-28,9209
6577,勁豐,7,0,7,凱基-岡山,2023-07-28,9209
3443,創意,6,0,6,凱基-岡山,2023-07-28,9209
2014,中鴻,6,0,6,凱基-岡山,2023-07-28,9209
2637,慧洋-KY,6,0,6,凱基-岡山,2023-07-28,9209
2884,玉山金,6,0,6,凱基-岡山,2023-07-28,9209
1101,台泥,126,0,126,凱基-岡山,2023-07-31,9209
2615,萬海,70,0,70,凱基-岡山,2023-07-31,9209
00878,國泰永續高股息,145,82,63,凱基-岡山,2023-07-31,9209
00929,復華台灣科技優息,63,6,57,凱基-岡山,2023-07-31,9209
00900,富邦特選高股息30,56,23,33,凱基-岡山,2023-07-31,9209
2204,中華,30,0,30,凱基-岡山,2023-07-31,9209
6213,聯茂,30,0,30,凱基-岡山,2023-07-31,9209
6548,長科*,24,0,24,凱基-岡山,2023-07-31,9209
00679B,元大美債20年,25,3,22,凱基-岡山,2023-07-31,9209
1513,中興電,37,15,22,凱基-岡山,2023-07-31,9209
6161,捷波,23,2,21,凱基-岡山,2023-07-31,9209
8234,新漢,20,0,20,凱基-岡山,2023-07-31,9209
2206,三陽工業,24,5,19,凱基-岡山,2023-07-31,9209
3711,日月光投控,79,60,19,凱基-岡山,2023-07-31,9209
00665L,富邦�琤肭磪囓�2,18,0,18,凱基-岡山,2023-07-31,9209
2317,鴻海,29,12,17,凱基-岡山,2023-07-31,9209
1815,富喬,16,0,16,凱基-岡山,2023-07-31,9209
2402,毅嘉,28,12,16,凱基-岡山,2023-07-31,9209
2610,華航,18,2,16,凱基-岡山,2023-07-31,9209
1560,中砂,15,0,15,凱基-岡山,2023-07-31,9209
2884,玉山金,15,0,15,凱基-岡山,2023-07-31,9209
2441,超豐,89,75,14,凱基-岡山,2023-07-31,9209
2801,彰銀,14,0,14,凱基-岡山,2023-07-31,9209
6148,驊宏資,16,3,13,凱基-岡山,2023-07-31,9209
2603,長榮,15,2,13,凱基-岡山,2023-07-31,9209
3591,艾笛森,12,0,12,凱基-岡山,2023-07-31,9209
4148,全宇生技-KY,12,0,12,凱基-岡山,2023-07-31,9209
00882,中信中國高股息,11,0,11,凱基-岡山,2023-07-31,9209
1618,合機,21,10,11,凱基-岡山,2023-07-31,9209
2324,仁寶,95,84,11,凱基-岡山,2023-07-31,9209
6576,逸達,11,0,11,凱基-岡山,2023-07-31,9209
2382,廣達,21,11,10,凱基-岡山,2023-07-31,9209
00722B,群益投資級電信債,10,0,10,凱基-岡山,2023-07-31,9209
2303,聯電,27,17,10,凱基-岡山,2023-07-31,9209
2323,中環,12,2,10,凱基-岡山,2023-07-31,9209
2888,新光金,30,20,10,凱基-岡山,2023-07-31,9209
5531,鄉林,10,0,10,凱基-岡山,2023-07-31,9209
2408,南亞科,11,1,10,凱基-岡山,2023-07-31,9209
00720B,元大投資級公司債,10,0,10,凱基-岡山,2023-07-31,9209
00673R,期元大S＆P原油反1,9,0,9,凱基-岡山,2023-07-31,9209
1314,中石化,12,3,9,凱基-岡山,2023-07-31,9209
2002,中鋼,9,0,9,凱基-岡山,2023-07-31,9209
3322,建舜電,9,0,9,凱基-岡山,2023-07-31,9209
8085,福華,9,0,9,凱基-岡山,2023-07-31,9209
9105,泰金寶-DR,9,0,9,凱基-岡山,2023-07-31,9209
5388,中磊,13,4,9,凱基-岡山,2023-07-31,9209
3037,欣興,12,4,8,凱基-岡山,2023-07-31,9209
00703,台新MSCI中國,8,0,8,凱基-岡山,2023-07-31,9209
3002,歐格,8,0,8,凱基-岡山,2023-07-31,9209
3078,僑威,10,2,8,凱基-岡山,2023-07-31,9209
1605,華新,58,2,56,凱基-岡山,2023-08-01,9209
00882,中信中國高股息,38,0,38,凱基-岡山,2023-08-01,9209
2301,光寶科,65,33,32,凱基-岡山,2023-08-01,9209
00885,富邦越南,32,0,32,凱基-岡山,2023-08-01,9209
00673R,期元大S＆P原油反1,24,0,24,凱基-岡山,2023-08-01,9209
1905,華紙,39,18,21,凱基-岡山,2023-08-01,9209
2801,彰銀,23,2,21,凱基-岡山,2023-08-01,9209
3011,今皓,20,0,20,凱基-岡山,2023-08-01,9209
2359,所羅門,32,13,19,凱基-岡山,2023-08-01,9209
4148,全宇生技-KY,18,0,18,凱基-岡山,2023-08-01,9209
3380,明泰,17,0,17,凱基-岡山,2023-08-01,9209
1513,中興電,47,32,15,凱基-岡山,2023-08-01,9209
2409,友達,27,12,15,凱基-岡山,2023-08-01,9209
2312,金寶,17,3,14,凱基-岡山,2023-08-01,9209
6285,啟��,35,22,13,凱基-岡山,2023-08-01,9209
6187,萬潤,17,4,13,凱基-岡山,2023-08-01,9209
4953,緯軟,12,0,12,凱基-岡山,2023-08-01,9209
6282,康舒,26,14,12,凱基-岡山,2023-08-01,9209
1471,首利,11,0,11,凱基-岡山,2023-08-01,9209
1609,大亞,11,0,11,凱基-岡山,2023-08-01,9209
2883,凱基金,14,3,11,凱基-岡山,2023-08-01,9209
6015,宏遠證,11,0,11,凱基-岡山,2023-08-01,9209
1101,台泥,27,17,10,凱基-岡山,2023-08-01,9209
2851,中再保,13,3,10,凱基-岡山,2023-08-01,9209
2891,中信金,10,0,10,凱基-岡山,2023-08-01,9209
4113,聯上,10,0,10,凱基-岡山,2023-08-01,9209
8222,寶一,14,4,10,凱基-岡山,2023-08-01,9209
1529,樂事綠能,9,0,9,凱基-岡山,2023-08-01,9209
2482,連宇,9,0,9,凱基-岡山,2023-08-01,9209
3217,優群,10,1,9,凱基-岡山,2023-08-01,9209
3105,穩懋,9,1,8,凱基-岡山,2023-08-01,9209
2066,世德,10,2,8,凱基-岡山,2023-08-01,9209
2363,矽統,15,7,8,凱基-岡山,2023-08-01,9209
5530,龍巖,8,0,8,凱基-岡山,2023-08-01,9209
00927,群益半導體收益,10,3,7,凱基-岡山,2023-08-01,9209
3419,譁裕,7,0,7,凱基-岡山,2023-08-01,9209
6548,長科*,7,0,7,凱基-岡山,2023-08-01,9209
00637L,元大滬深300正2,7,0,7,凱基-岡山,2023-08-01,9209
3583,辛耘,12,5,7,凱基-岡山,2023-08-01,9209
00713,元大台灣高息低波,6,0,6,凱基-岡山,2023-08-01,9209
2388,威盛,9,3,6,凱基-岡山,2023-08-01,9209
3055,蔚華科,6,0,6,凱基-岡山,2023-08-01,9209
3592,瑞鼎,6,0,6,凱基-岡山,2023-08-01,9209
6160,欣技,6,0,6,凱基-岡山,2023-08-01,9209
6218,豪勉,8,2,6,凱基-岡山,2023-08-01,9209
6438,迅得,6,0,6,凱基-岡山,2023-08-01,9209
2884,玉山金,6,0,6,凱基-岡山,2023-08-01,9209
2344,華邦電,25,20,5,凱基-岡山,2023-08-01,9209
6188,廣明,8,3,5,凱基-岡山,2023-08-01,9209
00923,群益台ESG低碳50,5,0,5,凱基-岡山,2023-08-01,9209
1605,華新,239,69,170,凱基-岡山,2023-08-02,9209
6770,力積電,137,1,136,凱基-岡山,2023-08-02,9209
00712,復華富時不動產,135,21,114,凱基-岡山,2023-08-02,9209
1727,中華化,109,5,104,凱基-岡山,2023-08-02,9209
00929,復華台灣科技優息,77,9,68,凱基-岡山,2023-08-02,9209
00927,群益半導體收益,65,0,65,凱基-岡山,2023-08-02,9209
2618,長榮航,68,6,62,凱基-岡山,2023-08-02,9209
00706L,期元大S＆P日圓正2,60,0,60,凱基-岡山,2023-08-02,9209
3711,日月光投控,74,14,60,凱基-岡山,2023-08-02,9209
1101,台泥,51,1,50,凱基-岡山,2023-08-02,9209
00882,中信中國高股息,42,0,42,凱基-岡山,2023-08-02,9209
0056,元大高股息,47,7,40,凱基-岡山,2023-08-02,9209
2481,強茂,35,0,35,凱基-岡山,2023-08-02,9209
2066,世德,31,1,30,凱基-岡山,2023-08-02,9209
3231,緯創,122,93,29,凱基-岡山,2023-08-02,9209
6282,康舒,42,17,25,凱基-岡山,2023-08-02,9209
2883,凱基金,35,11,24,凱基-岡山,2023-08-02,9209
2836,高雄銀,24,0,24,凱基-岡山,2023-08-02,9209
2002,中鋼,23,0,23,凱基-岡山,2023-08-02,9209
2301,光寶科,27,4,23,凱基-岡山,2023-08-02,9209
2884,玉山金,33,11,22,凱基-岡山,2023-08-02,9209
1615,大山,21,0,21,凱基-岡山,2023-08-02,9209
2441,超豐,30,9,21,凱基-岡山,2023-08-02,9209
00679B,元大美債20年,21,0,21,凱基-岡山,2023-08-02,9209
4919,新唐,20,0,20,凱基-岡山,2023-08-02,9209
1314,中石化,23,3,20,凱基-岡山,2023-08-02,9209
2387,精元,20,0,20,凱基-岡山,2023-08-02,9209
3049,精金,18,0,18,凱基-岡山,2023-08-02,9209
2409,友達,20,3,17,凱基-岡山,2023-08-02,9209
1504,東元,16,0,16,凱基-岡山,2023-08-02,9209
2324,仁寶,15,0,15,凱基-岡山,2023-08-02,9209
2412,中華電,14,0,14,凱基-岡山,2023-08-02,9209
4532,瑞智,24,10,14,凱基-岡山,2023-08-02,9209
00923,群益台ESG低碳50,14,0,14,凱基-岡山,2023-08-02,9209
00687B,國泰20年美債,13,0,13,凱基-岡山,2023-08-02,9209
2897,王道銀行,13,0,13,凱基-岡山,2023-08-02,9209
6148,驊宏資,12,0,12,凱基-岡山,2023-08-02,9209
00713,元大台灣高息低波,13,1,12,凱基-岡山,2023-08-02,9209
00894,中信小資高價30,11,0,11,凱基-岡山,2023-08-02,9209
1717,長興,11,0,11,凱基-岡山,2023-08-02,9209
2344,華邦電,23,13,10,凱基-岡山,2023-08-02,9209
5608,四維航,10,0,10,凱基-岡山,2023-08-02,9209
00688L,國泰20年美債正2,10,0,10,凱基-岡山,2023-08-02,9209
2867,三商壽,10,0,10,凱基-岡山,2023-08-02,9209
3481,群創,12,2,10,凱基-岡山,2023-08-02,9209
6874,倍力,12,2,10,凱基-岡山,2023-08-02,9209
8176,智捷,10,0,10,凱基-岡山,2023-08-02,9209
9105,泰金寶-DR,10,0,10,凱基-岡山,2023-08-02,9209
00751B,元大AAA至A公司債,15,5,10,凱基-岡山,2023-08-02,9209
2382,廣達,23,14,9,凱基-岡山,2023-08-02,9209
00929,復華台灣科技優息,127,1,126,凱基-岡山,2023-08-04,9209
00679B,元大美債20年,91,4,87,凱基-岡山,2023-08-04,9209
2905,三商,80,0,80,凱基-岡山,2023-08-04,9209
00878,國泰永續高股息,112,44,68,凱基-岡山,2023-08-04,9209
2344,華邦電,96,35,61,凱基-岡山,2023-08-04,9209
2891,中信金,52,0,52,凱基-岡山,2023-08-04,9209
00772B,中信高評級公司債,51,0,51,凱基-岡山,2023-08-04,9209
00687B,國泰20年美債,42,1,41,凱基-岡山,2023-08-04,9209
00680L,元大美債20正2,60,21,39,凱基-岡山,2023-08-04,9209
6285,啟��,44,9,35,凱基-岡山,2023-08-04,9209
2637,慧洋-KY,31,0,31,凱基-岡山,2023-08-04,9209
00900,富邦特選高股息30,57,26,31,凱基-岡山,2023-08-04,9209
00830,國泰費城半導體,35,7,28,凱基-岡山,2023-08-04,9209
1101,台泥,30,4,26,凱基-岡山,2023-08-04,9209
1609,大亞,30,6,24,凱基-岡山,2023-08-04,9209
2356,英業達,64,40,24,凱基-岡山,2023-08-04,9209
3004,豐達科,24,3,21,凱基-岡山,2023-08-04,9209
00673R,期元大S＆P原油反1,20,0,20,凱基-岡山,2023-08-04,9209
2382,廣達,55,36,19,凱基-岡山,2023-08-04,9209
2913,農林,42,24,18,凱基-岡山,2023-08-04,9209
2530,華建,17,0,17,凱基-岡山,2023-08-04,9209
2887,台新金,16,0,16,凱基-岡山,2023-08-04,9209
6274,台燿,45,31,14,凱基-岡山,2023-08-04,9209
2009,第一銅,12,0,12,凱基-岡山,2023-08-04,9209
2633,台灣高鐵,12,0,12,凱基-岡山,2023-08-04,9209
3049,精金,12,0,12,凱基-岡山,2023-08-04,9209
5371,中光電,13,1,12,凱基-岡山,2023-08-04,9209
1219,福壽,11,0,11,凱基-岡山,2023-08-04,9209
1717,長興,10,0,10,凱基-岡山,2023-08-04,9209
1308,亞聚,10,0,10,凱基-岡山,2023-08-04,9209
2630,亞航,13,3,10,凱基-岡山,2023-08-04,9209
6222,上揚,10,0,10,凱基-岡山,2023-08-04,9209
6462,神盾,10,0,10,凱基-岡山,2023-08-04,9209
8028,昇陽半導體,10,0,10,凱基-岡山,2023-08-04,9209
00751B,元大AAA至A公司債,9,0,9,凱基-岡山,2023-08-04,9209
8215,明基材,14,5,9,凱基-岡山,2023-08-04,9209
1727,中華化,8,0,8,凱基-岡山,2023-08-04,9209
1785,光洋科,10,2,8,凱基-岡山,2023-08-04,9209
5880,合庫金,10,2,8,凱基-岡山,2023-08-04,9209
2481,強茂,10,3,7,凱基-岡山,2023-08-04,9209
00720B,元大投資級公司債,9,2,7,凱基-岡山,2023-08-04,9209
2312,金寶,7,0,7,凱基-岡山,2023-08-04,9209
2884,玉山金,6,0,6,凱基-岡山,2023-08-04,9209
00885,富邦越南,7,1,6,凱基-岡山,2023-08-04,9209
1612,宏泰,6,0,6,凱基-岡山,2023-08-04,9209
2066,世德,6,0,6,凱基-岡山,2023-08-04,9209
6125,廣運,6,0,6,凱基-岡山,2023-08-04,9209
6657,華安,6,0,6,凱基-岡山,2023-08-04,9209
6874,倍力,20,14,6,凱基-岡山,2023-08-04,9209
2329,華泰,9,3,6,凱基-岡山,2023-08-04,9209
00929,復華台灣科技優息,247,3,244,凱基-岡山,2023-08-07,9209
2317,鴻海,92,5,87,凱基-岡山,2023-08-07,9209
2009,第一銅,45,1,44,凱基-岡山,2023-08-07,9209
2892,第一金,45,2,43,凱基-岡山,2023-08-07,9209
00878,國泰永續高股息,60,17,43,凱基-岡山,2023-08-07,9209
00931B,統一美債20年,39,2,37,凱基-岡山,2023-08-07,9209
5009,榮剛,28,0,28,凱基-岡山,2023-08-07,9209
1102,亞泥,24,0,24,凱基-岡山,2023-08-07,9209
2913,農林,24,1,23,凱基-岡山,2023-08-07,9209
00680L,元大美債20正2,35,12,23,凱基-岡山,2023-08-07,9209
2409,友達,23,3,20,凱基-岡山,2023-08-07,9209
00673R,期元大S＆P原油反1,19,0,19,凱基-岡山,2023-08-07,9209
1101,台泥,20,2,18,凱基-岡山,2023-08-07,9209
6016,康和證,18,0,18,凱基-岡山,2023-08-07,9209
1802,台玻,21,4,17,凱基-岡山,2023-08-07,9209
2610,華航,74,58,16,凱基-岡山,2023-08-07,9209
00632R,元大台灣50反1,15,0,15,凱基-岡山,2023-08-07,9209
00882,中信中國高股息,15,0,15,凱基-岡山,2023-08-07,9209
2888,新光金,20,5,15,凱基-岡山,2023-08-07,9209
2890,永豐金,13,0,13,凱基-岡山,2023-08-07,9209
00751B,元大AAA至A公司債,12,0,12,凱基-岡山,2023-08-07,9209
2028,威致,11,0,11,凱基-岡山,2023-08-07,9209
2368,金像電,13,2,11,凱基-岡山,2023-08-07,9209
2880,華南金,10,0,10,凱基-岡山,2023-08-07,9209
1609,大亞,10,0,10,凱基-岡山,2023-08-07,9209
00664R,國泰臺灣加權反1,10,0,10,凱基-岡山,2023-08-07,9209
00662,富邦NASDAQ,10,0,10,凱基-岡山,2023-08-07,9209
00688L,國泰20年美債正2,10,0,10,凱基-岡山,2023-08-07,9209
00894,中信小資高價30,15,5,10,凱基-岡山,2023-08-07,9209
2462,良得電,11,1,10,凱基-岡山,2023-08-07,9209
2489,瑞軒,10,0,10,凱基-岡山,2023-08-07,9209
6504,南六,10,0,10,凱基-岡山,2023-08-07,9209
2371,大同,10,0,10,凱基-岡山,2023-08-07,9209
00902,中信電池及儲能,9,0,9,凱基-岡山,2023-08-07,9209
00900,富邦特選高股息30,13,5,8,凱基-岡山,2023-08-07,9209
00885,富邦越南,11,3,8,凱基-岡山,2023-08-07,9209
2374,佳能,8,0,8,凱基-岡山,2023-08-07,9209
2481,強茂,9,1,8,凱基-岡山,2023-08-07,9209
2030,彰源,7,0,7,凱基-岡山,2023-08-07,9209
3325,旭品,8,1,7,凱基-岡山,2023-08-07,9209
2352,佳世達,19,12,7,凱基-岡山,2023-08-07,9209
00782B,國泰A級公用債,6,0,6,凱基-岡山,2023-08-07,9209
00714,群益道瓊美國地產,6,0,6,凱基-岡山,2023-08-07,9209
1504,東元,7,1,6,凱基-岡山,2023-08-07,9209
2002,中鋼,30,24,6,凱基-岡山,2023-08-07,9209
2486,一詮,6,0,6,凱基-岡山,2023-08-07,9209
3033,威健,6,0,6,凱基-岡山,2023-08-07,9209
3049,精金,6,0,6,凱基-岡山,2023-08-07,9209
6223,旺矽,6,0,6,凱基-岡山,2023-08-07,9209
3706,神達,29,23,6,凱基-岡山,2023-08-07,9209
00929,復華台灣科技優息,354,0,354,凱基-岡山,2023-08-08,9209
00900,富邦特選高股息30,261,65,196,凱基-岡山,2023-08-08,9209
3706,神達,83,14,69,凱基-岡山,2023-08-08,9209
3362,先進光,66,0,66,凱基-岡山,2023-08-08,9209
1101,台泥,63,0,63,凱基-岡山,2023-08-08,9209
00878,國泰永續高股息,81,29,52,凱基-岡山,2023-08-08,9209
2356,英業達,83,34,49,凱基-岡山,2023-08-08,9209
00923,群益台ESG低碳50,35,0,35,凱基-岡山,2023-08-08,9209
2891,中信金,30,0,30,凱基-岡山,2023-08-08,9209
2367,燿華,30,0,30,凱基-岡山,2023-08-08,9209
2883,凱基金,27,0,27,凱基-岡山,2023-08-08,9209
3231,緯創,74,50,24,凱基-岡山,2023-08-08,9209
6806,森崴能源,22,0,22,凱基-岡山,2023-08-08,9209
2002,中鋼,20,1,19,凱基-岡山,2023-08-08,9209
4532,瑞智,18,1,17,凱基-岡山,2023-08-08,9209
00772B,中信高評級公司債,16,0,16,凱基-岡山,2023-08-08,9209
6148,驊宏資,13,0,13,凱基-岡山,2023-08-08,9209
2376,技嘉,26,13,13,凱基-岡山,2023-08-08,9209
3481,群創,21,9,12,凱基-岡山,2023-08-08,9209
1210,大成,12,0,12,凱基-岡山,2023-08-08,9209
4953,緯軟,11,0,11,凱基-岡山,2023-08-08,9209
3583,辛耘,16,5,11,凱基-岡山,2023-08-08,9209
5009,榮剛,15,4,11,凱基-岡山,2023-08-08,9209
2301,光寶科,27,17,10,凱基-岡山,2023-08-08,9209
1219,福壽,10,0,10,凱基-岡山,2023-08-08,9209
00688L,國泰20年美債正2,10,0,10,凱基-岡山,2023-08-08,9209
00931B,統一美債20年,10,0,10,凱基-岡山,2023-08-08,9209
1608,華榮,10,0,10,凱基-岡山,2023-08-08,9209
2915,潤泰全,15,5,10,凱基-岡山,2023-08-08,9209
5608,四維航,10,0,10,凱基-岡山,2023-08-08,9209
6504,南六,10,0,10,凱基-岡山,2023-08-08,9209
1504,東元,9,0,9,凱基-岡山,2023-08-08,9209
2027,大成鋼,12,3,9,凱基-岡山,2023-08-08,9209
3715,定穎投控,15,6,9,凱基-岡山,2023-08-08,9209
2330,台積電,8,0,8,凱基-岡山,2023-08-08,9209
1303,南亞,10,2,8,凱基-岡山,2023-08-08,9209
1789,神隆,8,0,8,凱基-岡山,2023-08-08,9209
2884,玉山金,8,0,8,凱基-岡山,2023-08-08,9209
3049,精金,10,2,8,凱基-岡山,2023-08-08,9209
5236,凌陽創新,10,2,8,凱基-岡山,2023-08-08,9209
00882,中信中國高股息,7,0,7,凱基-岡山,2023-08-08,9209
00902,中信電池及儲能,7,0,7,凱基-岡山,2023-08-08,9209
2303,聯電,21,14,7,凱基-岡山,2023-08-08,9209
6770,力積電,7,0,7,凱基-岡山,2023-08-08,9209
9927,泰銘,12,5,7,凱基-岡山,2023-08-08,9209
00795B,中信美國公債20年,7,0,7,凱基-岡山,2023-08-08,9209
00680L,元大美債20正2,7,0,7,凱基-岡山,2023-08-08,9209
00673R,期元大S＆P原油反1,7,0,7,凱基-岡山,2023-08-08,9209
2313,華通,7,0,7,凱基-岡山,2023-08-08,9209
4934,太極,8,1,7,凱基-岡山,2023-08-08,9209
00929,復華台灣科技優息,219,0,219,凱基-岡山,2023-08-09,9209
00632R,元大台灣50反1,100,0,100,凱基-岡山,2023-08-09,9209
2618,長榮航,82,6,76,凱基-岡山,2023-08-09,9209
2206,三陽工業,67,5,62,凱基-岡山,2023-08-09,9209
5009,榮剛,40,3,37,凱基-岡山,2023-08-09,9209
3231,緯創,66,39,27,凱基-岡山,2023-08-09,9209
8926,台汽電,26,0,26,凱基-岡山,2023-08-09,9209
2344,華邦電,47,22,25,凱基-岡山,2023-08-09,9209
00900,富邦特選高股息30,25,2,23,凱基-岡山,2023-08-09,9209
1210,大成,22,2,20,凱基-岡山,2023-08-09,9209
00931B,統一美債20年,20,0,20,凱基-岡山,2023-08-09,9209
2481,強茂,14,1,13,凱基-岡山,2023-08-09,9209
2027,大成鋼,12,1,11,凱基-岡山,2023-08-09,9209
3583,辛耘,20,10,10,凱基-岡山,2023-08-09,9209
1219,福壽,10,0,10,凱基-岡山,2023-08-09,9209
00671R,富邦NASDAQ反1,10,0,10,凱基-岡山,2023-08-09,9209
5302,太欣,10,0,10,凱基-岡山,2023-08-09,9209
6125,廣運,9,0,9,凱基-岡山,2023-08-09,9209
8924,大田,9,0,9,凱基-岡山,2023-08-09,9209
00680L,元大美債20正2,26,18,8,凱基-岡山,2023-08-09,9209
9946,三發地產,8,0,8,凱基-岡山,2023-08-09,9209
1734,杏輝,9,2,7,凱基-岡山,2023-08-09,9209
3049,精金,15,8,7,凱基-岡山,2023-08-09,9209
9927,泰銘,11,4,7,凱基-岡山,2023-08-09,9209
2382,廣達,33,27,6,凱基-岡山,2023-08-09,9209
2617,台航,6,0,6,凱基-岡山,2023-08-09,9209
5284,jpp-KY,6,0,6,凱基-岡山,2023-08-09,9209
6187,萬潤,8,2,6,凱基-岡山,2023-08-09,9209
6548,長科*,6,0,6,凱基-岡山,2023-08-09,9209
8091,翔名,7,1,6,凱基-岡山,2023-08-09,9209
6120,達運,6,0,6,凱基-岡山,2023-08-09,9209
00712,復華富時不動產,5,0,5,凱基-岡山,2023-08-09,9209
2002,中鋼,7,2,5,凱基-岡山,2023-08-09,9209
9945,潤泰新,5,0,5,凱基-岡山,2023-08-09,9209
1217,愛之味,5,0,5,凱基-岡山,2023-08-09,9209
00894,中信小資高價30,10,5,5,凱基-岡山,2023-08-09,9209
1314,中石化,5,0,5,凱基-岡山,2023-08-09,9209
2515,中工,5,0,5,凱基-岡山,2023-08-09,9209
2606,裕民,5,0,5,凱基-岡山,2023-08-09,9209
2886,兆豐金,7,2,5,凱基-岡山,2023-08-09,9209
3038,全台,8,3,5,凱基-岡山,2023-08-09,9209
3325,旭品,5,0,5,凱基-岡山,2023-08-09,9209
4129,聯合,9,4,5,凱基-岡山,2023-08-09,9209
6231,系微,8,3,5,凱基-岡山,2023-08-09,9209
6279,胡連,6,1,5,凱基-岡山,2023-08-09,9209
6672,騰輝電子-KY,8,3,5,凱基-岡山,2023-08-09,9209
00878,國泰永續高股息,36,32,4,凱基-岡山,2023-08-09,9209
00713,元大台灣高息低波,8,4,4,凱基-岡山,2023-08-09,9209
5880,合庫金,4,0,4,凱基-岡山,2023-08-09,9209
6412,群電,4,0,4,凱基-岡山,2023-08-09,9209
2801,彰銀,296,20,276,凱基-岡山,2023-08-10,9209
00900,富邦特選高股息30,75,3,72,凱基-岡山,2023-08-10,9209
2883,凱基金,73,6,67,凱基-岡山,2023-08-10,9209
00929,復華台灣科技優息,73,24,49,凱基-岡山,2023-08-10,9209
00878,國泰永續高股息,94,48,46,凱基-岡山,2023-08-10,9209
00673R,期元大S＆P原油反1,36,0,36,凱基-岡山,2023-08-10,9209
2409,友達,23,0,23,凱基-岡山,2023-08-10,9209
4953,緯軟,38,15,23,凱基-岡山,2023-08-10,9209
2886,兆豐金,20,0,20,凱基-岡山,2023-08-10,9209
1611,中電,20,0,20,凱基-岡山,2023-08-10,9209
1802,台玻,20,0,20,凱基-岡山,2023-08-10,9209
2905,三商,20,0,20,凱基-岡山,2023-08-10,9209
3031,佰鴻,20,0,20,凱基-岡山,2023-08-10,9209
00751B,元大AAA至A公司債,19,0,19,凱基-岡山,2023-08-10,9209
2002,中鋼,21,2,19,凱基-岡山,2023-08-10,9209
1605,華新,22,4,18,凱基-岡山,2023-08-10,9209
1609,大亞,19,2,17,凱基-岡山,2023-08-10,9209
2363,矽統,42,25,17,凱基-岡山,2023-08-10,9209
00894,中信小資高價30,16,0,16,凱基-岡山,2023-08-10,9209
2402,毅嘉,20,5,15,凱基-岡山,2023-08-10,9209
2382,廣達,34,20,14,凱基-岡山,2023-08-10,9209
3706,神達,31,17,14,凱基-岡山,2023-08-10,9209
2066,世德,13,0,13,凱基-岡山,2023-08-10,9209
3163,波若威,39,26,13,凱基-岡山,2023-08-10,9209
2009,第一銅,12,0,12,凱基-岡山,2023-08-10,9209
00923,群益台ESG低碳50,12,0,12,凱基-岡山,2023-08-10,9209
1612,宏泰,12,1,11,凱基-岡山,2023-08-10,9209
8210,勤誠,11,0,11,凱基-岡山,2023-08-10,9209
2376,技嘉,10,0,10,凱基-岡山,2023-08-10,9209
00891,中信關鍵半導體,11,1,10,凱基-岡山,2023-08-10,9209
2888B,新光金乙特,10,0,10,凱基-岡山,2023-08-10,9209
6120,達運,11,1,10,凱基-岡山,2023-08-10,9209
6223,旺矽,10,0,10,凱基-岡山,2023-08-10,9209
00919,群益台灣精選高息,9,0,9,凱基-岡山,2023-08-10,9209
3481,群創,15,7,8,凱基-岡山,2023-08-10,9209
2481,強茂,8,0,8,凱基-岡山,2023-08-10,9209
6412,群電,8,0,8,凱基-岡山,2023-08-10,9209
00850,元大臺灣ESG永續,8,0,8,凱基-岡山,2023-08-10,9209
1905,華紙,16,9,7,凱基-岡山,2023-08-10,9209
2030,彰源,7,0,7,凱基-岡山,2023-08-10,9209
3689,湧德,7,0,7,凱基-岡山,2023-08-10,9209
1104,環泥,6,0,6,凱基-岡山,2023-08-10,9209
00671R,富邦NASDAQ反1,6,0,6,凱基-岡山,2023-08-10,9209
1514,亞力,7,1,6,凱基-岡山,2023-08-10,9209
2362,藍天,6,0,6,凱基-岡山,2023-08-10,9209
2401,凌陽,6,0,6,凱基-岡山,2023-08-10,9209
2482,連宇,6,0,6,凱基-岡山,2023-08-10,9209
2618,長榮航,14,8,6,凱基-岡山,2023-08-10,9209
3049,精金,6,0,6,凱基-岡山,2023-08-10,9209
3324,雙鴻,14,8,6,凱基-岡山,2023-08-10,9209
2801,彰銀,316,2,314,凱基-岡山,2023-08-11,9209
1101,台泥,100,2,98,凱基-岡山,2023-08-11,9209
2618,長榮航,90,13,77,凱基-岡山,2023-08-11,9209
2892,第一金,75,0,75,凱基-岡山,2023-08-11,9209
3567,逸昌,73,2,71,凱基-岡山,2023-08-11,9209
2312,金寶,50,1,49,凱基-岡山,2023-08-11,9209
2883,凱基金,43,0,43,凱基-岡山,2023-08-11,9209
2014,中鴻,38,3,35,凱基-岡山,2023-08-11,9209
2867,三商壽,30,0,30,凱基-岡山,2023-08-11,9209
00929,復華台灣科技優息,37,9,28,凱基-岡山,2023-08-11,9209
00931B,統一美債20年,23,0,23,凱基-岡山,2023-08-11,9209
2481,強茂,23,1,22,凱基-岡山,2023-08-11,9209
00795B,中信美國公債20年,22,0,22,凱基-岡山,2023-08-11,9209
00900,富邦特選高股息30,29,8,21,凱基-岡山,2023-08-11,9209
00728,第一金工業30,18,0,18,凱基-岡山,2023-08-11,9209
00680L,元大美債20正2,18,0,18,凱基-岡山,2023-08-11,9209
4953,緯軟,18,0,18,凱基-岡山,2023-08-11,9209
2356,英業達,43,26,17,凱基-岡山,2023-08-11,9209
00923,群益台ESG低碳50,16,0,16,凱基-岡山,2023-08-11,9209
00671R,富邦NASDAQ反1,31,15,16,凱基-岡山,2023-08-11,9209
2634,漢翔,19,3,16,凱基-岡山,2023-08-11,9209
2409,友達,13,0,13,凱基-岡山,2023-08-11,9209
3231,緯創,53,41,12,凱基-岡山,2023-08-11,9209
3078,僑威,17,5,12,凱基-岡山,2023-08-11,9209
2355,敬鵬,12,1,11,凱基-岡山,2023-08-11,9209
2516,新建,11,0,11,凱基-岡山,2023-08-11,9209
2406,國碩,10,0,10,凱基-岡山,2023-08-11,9209
3011,今皓,10,0,10,凱基-岡山,2023-08-11,9209
3052,夆典,10,0,10,凱基-岡山,2023-08-11,9209
4924,欣厚-KY,10,0,10,凱基-岡山,2023-08-11,9209
5388,中磊,10,0,10,凱基-岡山,2023-08-11,9209
2344,華邦電,13,5,8,凱基-岡山,2023-08-11,9209
6274,台燿,18,10,8,凱基-岡山,2023-08-11,9209
1605,華新,7,0,7,凱基-岡山,2023-08-11,9209
4939,亞電,7,0,7,凱基-岡山,2023-08-11,9209
5009,榮剛,8,1,7,凱基-岡山,2023-08-11,9209
6116,彩晶,7,0,7,凱基-岡山,2023-08-11,9209
6285,啟��,9,2,7,凱基-岡山,2023-08-11,9209
1609,大亞,9,3,6,凱基-岡山,2023-08-11,9209
00687B,國泰20年美債,6,0,6,凱基-岡山,2023-08-11,9209
6125,廣運,7,1,6,凱基-岡山,2023-08-11,9209
6282,康舒,14,8,6,凱基-岡山,2023-08-11,9209
8936,國統,6,0,6,凱基-岡山,2023-08-11,9209
1310,台苯,6,0,6,凱基-岡山,2023-08-11,9209
00712,復華富時不動產,25,19,6,凱基-岡山,2023-08-11,9209
00850,元大臺灣ESG永續,5,0,5,凱基-岡山,2023-08-11,9209
2002,中鋼,8,3,5,凱基-岡山,2023-08-11,9209
00878,國泰永續高股息,20,15,5,凱基-岡山,2023-08-11,9209
1229,聯華,5,0,5,凱基-岡山,2023-08-11,9209
00928,中信上櫃ESG30,5,0,5,凱基-岡山,2023-08-11,9209
2801,彰銀,1012,0,1012,凱基-岡山,2023-08-14,9209
1101,台泥,111,0,111,凱基-岡山,2023-08-14,9209
00929,復華台灣科技優息,100,2,98,凱基-岡山,2023-08-14,9209
2323,中環,65,6,59,凱基-岡山,2023-08-14,9209
2356,英業達,98,39,59,凱基-岡山,2023-08-14,9209
00673R,期元大S＆P原油反1,58,0,58,凱基-岡山,2023-08-14,9209
00900,富邦特選高股息30,56,1,55,凱基-岡山,2023-08-14,9209
2892,第一金,41,0,41,凱基-岡山,2023-08-14,9209
2883,凱基金,39,1,38,凱基-岡山,2023-08-14,9209
6443,元晶,36,0,36,凱基-岡山,2023-08-14,9209
00680L,元大美債20正2,40,9,31,凱基-岡山,2023-08-14,9209
2402,毅嘉,30,1,29,凱基-岡山,2023-08-14,9209
2002,中鋼,27,3,24,凱基-岡山,2023-08-14,9209
2610,華航,21,0,21,凱基-岡山,2023-08-14,9209
1444,力麗,21,2,19,凱基-岡山,2023-08-14,9209
2344,華邦電,28,10,18,凱基-岡山,2023-08-14,9209
00919,群益台灣精選高息,15,0,15,凱基-岡山,2023-08-14,9209
2027,大成鋼,18,3,15,凱基-岡山,2023-08-14,9209
8112,至上,17,2,15,凱基-岡山,2023-08-14,9209
2014,中鴻,16,2,14,凱基-岡山,2023-08-14,9209
6770,力積電,13,0,13,凱基-岡山,2023-08-14,9209
00902,中信電池及儲能,13,0,13,凱基-岡山,2023-08-14,9209
00665L,富邦�琤肭磪囓�2,13,0,13,凱基-岡山,2023-08-14,9209
00753L,中信中國50正2,13,0,13,凱基-岡山,2023-08-14,9209
00923,群益台ESG低碳50,12,0,12,凱基-岡山,2023-08-14,9209
8942,森鉅,11,0,11,凱基-岡山,2023-08-14,9209
3481,群創,10,0,10,凱基-岡山,2023-08-14,9209
00706L,期元大S＆P日圓正2,10,0,10,凱基-岡山,2023-08-14,9209
1504,東元,10,0,10,凱基-岡山,2023-08-14,9209
2031,新光鋼,10,0,10,凱基-岡山,2023-08-14,9209
2884,玉山金,17,7,10,凱基-岡山,2023-08-14,9209
9105,泰金寶-DR,10,0,10,凱基-岡山,2023-08-14,9209
911868,同方友友-DR,10,0,10,凱基-岡山,2023-08-14,9209
2834,臺企銀,9,0,9,凱基-岡山,2023-08-14,9209
2888,新光金,9,0,9,凱基-岡山,2023-08-14,9209
6672,騰輝電子-KY,10,1,9,凱基-岡山,2023-08-14,9209
2891,中信金,8,0,8,凱基-岡山,2023-08-14,9209
00907,永豐優息存股,8,0,8,凱基-岡山,2023-08-14,9209
2606,裕民,8,0,8,凱基-岡山,2023-08-14,9209
2889,國票金,8,0,8,凱基-岡山,2023-08-14,9209
00893,國泰智能電動車,11,4,7,凱基-岡山,2023-08-14,9209
3363,上詮,7,0,7,凱基-岡山,2023-08-14,9209
3715,定穎投控,8,1,7,凱基-岡山,2023-08-14,9209
00679B,元大美債20年,6,0,6,凱基-岡山,2023-08-14,9209
1301,台塑,6,0,6,凱基-岡山,2023-08-14,9209
00751B,元大AAA至A公司債,6,0,6,凱基-岡山,2023-08-14,9209
1316,上曜,10,4,6,凱基-岡山,2023-08-14,9209
6005,群益證,6,0,6,凱基-岡山,2023-08-14,9209
8435,鉅邁,6,0,6,凱基-岡山,2023-08-14,9209
0050,元大台灣50,6,0,6,凱基-岡山,2023-08-14,9209
2801,彰銀,999,0,999,凱基-岡山,2023-08-15,9209
00923,群益台ESG低碳50,241,100,141,凱基-岡山,2023-08-15,9209
6770,力積電,148,10,138,凱基-岡山,2023-08-15,9209
00929,復華台灣科技優息,111,10,101,凱基-岡山,2023-08-15,9209
2317,鴻海,105,49,56,凱基-岡山,2023-08-15,9209
2618,長榮航,60,10,50,凱基-岡山,2023-08-15,9209
2883,凱基金,45,0,45,凱基-岡山,2023-08-15,9209
6548,長科*,30,0,30,凱基-岡山,2023-08-15,9209
2880,華南金,28,0,28,凱基-岡山,2023-08-15,9209
2332,友訊,31,8,23,凱基-岡山,2023-08-15,9209
8996,高力,23,2,21,凱基-岡山,2023-08-15,9209
00900,富邦特選高股息30,28,8,20,凱基-岡山,2023-08-15,9209
00753L,中信中國50正2,20,0,20,凱基-岡山,2023-08-15,9209
00751B,元大AAA至A公司債,17,0,17,凱基-岡山,2023-08-15,9209
00893,國泰智能電動車,16,0,16,凱基-岡山,2023-08-15,9209
2884,玉山金,15,0,15,凱基-岡山,2023-08-15,9209
2014,中鴻,15,0,15,凱基-岡山,2023-08-15,9209
2891,中信金,14,0,14,凱基-岡山,2023-08-15,9209
00878,國泰永續高股息,21,10,11,凱基-岡山,2023-08-15,9209
00679B,元大美債20年,12,1,11,凱基-岡山,2023-08-15,9209
3481,群創,21,10,11,凱基-岡山,2023-08-15,9209
2329,華泰,11,0,11,凱基-岡山,2023-08-15,9209
1210,大成,11,0,11,凱基-岡山,2023-08-15,9209
00894,中信小資高價30,10,0,10,凱基-岡山,2023-08-15,9209
2324,仁寶,39,29,10,凱基-岡山,2023-08-15,9209
1471,首利,9,0,9,凱基-岡山,2023-08-15,9209
3014,聯陽,10,1,9,凱基-岡山,2023-08-15,9209
3715,定穎投控,21,12,9,凱基-岡山,2023-08-15,9209
00720B,元大投資級公司債,10,2,8,凱基-岡山,2023-08-15,9209
00687B,國泰20年美債,8,0,8,凱基-岡山,2023-08-15,9209
1402,遠東新,7,0,7,凱基-岡山,2023-08-15,9209
3163,波若威,13,6,7,凱基-岡山,2023-08-15,9209
3231,緯創,29,22,7,凱基-岡山,2023-08-15,9209
3489,森寶,7,0,7,凱基-岡山,2023-08-15,9209
3583,辛耘,19,12,7,凱基-岡山,2023-08-15,9209
4960,誠美材,7,0,7,凱基-岡山,2023-08-15,9209
2887,台新金,7,0,7,凱基-岡山,2023-08-15,9209
2301,光寶科,11,5,6,凱基-岡山,2023-08-15,9209
2022,聚亨,10,4,6,凱基-岡山,2023-08-15,9209
3322,建舜電,6,0,6,凱基-岡山,2023-08-15,9209
3689,湧德,6,0,6,凱基-岡山,2023-08-15,9209
4707,磐亞,8,2,6,凱基-岡山,2023-08-15,9209
2344,華邦電,7,1,6,凱基-岡山,2023-08-15,9209
8086,宏捷科,5,0,5,凱基-岡山,2023-08-15,9209
00632R,元大台灣50反1,5,0,5,凱基-岡山,2023-08-15,9209
1440,南紡,5,0,5,凱基-岡山,2023-08-15,9209
2388,威盛,8,3,5,凱基-岡山,2023-08-15,9209
2851,中再保,5,0,5,凱基-岡山,2023-08-15,9209
2897,王道銀行,5,0,5,凱基-岡山,2023-08-15,9209
3033,威健,5,0,5,凱基-岡山,2023-08-15,9209
2801,彰銀,262,0,262,凱基-岡山,2023-08-16,9209
00929,復華台灣科技優息,134,0,134,凱基-岡山,2023-08-16,9209
2618,長榮航,56,10,46,凱基-岡山,2023-08-16,9209
1101,台泥,44,2,42,凱基-岡山,2023-08-16,9209
2883,凱基金,48,6,42,凱基-岡山,2023-08-16,9209
2017,官田鋼,44,5,39,凱基-岡山,2023-08-16,9209
9929,秋雨,30,0,30,凱基-岡山,2023-08-16,9209
00882,中信中國高股息,44,16,28,凱基-岡山,2023-08-16,9209
00673R,期元大S＆P原油反1,28,0,28,凱基-岡山,2023-08-16,9209
3706,神達,29,2,27,凱基-岡山,2023-08-16,9209
2303,聯電,26,2,24,凱基-岡山,2023-08-16,9209
6203,海韻電,34,10,24,凱基-岡山,2023-08-16,9209
2884,玉山金,23,0,23,凱基-岡山,2023-08-16,9209
2002,中鋼,24,3,21,凱基-岡山,2023-08-16,9209
2891,中信金,30,10,20,凱基-岡山,2023-08-16,9209
8088,品安,20,0,20,凱基-岡山,2023-08-16,9209
2329,華泰,26,7,19,凱基-岡山,2023-08-16,9209
2610,華航,24,4,20,凱基-岡山,2023-08-16,9209
2031,新光鋼,17,0,17,凱基-岡山,2023-08-16,9209
1471,首利,16,0,16,凱基-岡山,2023-08-16,9209
00878,國泰永續高股息,38,22,16,凱基-岡山,2023-08-16,9209
00665L,富邦�琤肭磪囓�2,15,0,15,凱基-岡山,2023-08-16,9209
2014,中鴻,17,2,15,凱基-岡山,2023-08-16,9209
6026,福邦證,15,0,15,凱基-岡山,2023-08-16,9209
8426,紅木-KY,15,0,15,凱基-岡山,2023-08-16,9209
00900,富邦特選高股息30,22,9,13,凱基-岡山,2023-08-16,9209
1504,東元,14,1,13,凱基-岡山,2023-08-16,9209
00751B,元大AAA至A公司債,14,1,13,凱基-岡山,2023-08-16,9209
00923,群益台ESG低碳50,12,0,12,凱基-岡山,2023-08-16,9209
2027,大成鋼,11,0,11,凱基-岡山,2023-08-16,9209
00753L,中信中國50正2,20,10,10,凱基-岡山,2023-08-16,9209
1736,喬山,10,0,10,凱基-岡山,2023-08-16,9209
2405,輔信,10,0,10,凱基-岡山,2023-08-16,9209
2516,新建,10,0,10,凱基-岡山,2023-08-16,9209
6116,彩晶,10,0,10,凱基-岡山,2023-08-16,9209
6120,達運,10,0,10,凱基-岡山,2023-08-16,9209
8050,廣積,24,14,10,凱基-岡山,2023-08-16,9209
3481,群創,14,5,9,凱基-岡山,2023-08-16,9209
2889,國票金,8,0,8,凱基-岡山,2023-08-16,9209
6223,旺矽,9,1,8,凱基-岡山,2023-08-16,9209
9927,泰銘,8,0,8,凱基-岡山,2023-08-16,9209
00931B,統一美債20年,7,0,7,凱基-岡山,2023-08-16,9209
00632R,元大台灣50反1,27,20,7,凱基-岡山,2023-08-16,9209
2897,王道銀行,7,0,7,凱基-岡山,2023-08-16,9209
2892,第一金,9,2,7,凱基-岡山,2023-08-16,9209
1301,台塑,8,2,6,凱基-岡山,2023-08-16,9209
00714,群益道瓊美國地產,6,0,6,凱基-岡山,2023-08-16,9209
1529,樂事綠能,6,0,6,凱基-岡山,2023-08-16,9209
1785,光洋科,6,0,6,凱基-岡山,2023-08-16,9209
2548,華固,6,0,6,凱基-岡山,2023-08-16,9209
00665L,富邦�琤肭磪囓�2,263,0,263,凱基-岡山,2023-08-17,9209
00878,國泰永續高股息,213,31,182,凱基-岡山,2023-08-17,9209
2355,敬鵬,119,2,117,凱基-岡山,2023-08-17,9209
2363,矽統,103,18,85,凱基-岡山,2023-08-17,9209
00929,復華台灣科技優息,62,1,61,凱基-岡山,2023-08-17,9209
00926,凱基全球菁英55,46,0,46,凱基-岡山,2023-08-17,9209
3231,緯創,89,48,41,凱基-岡山,2023-08-17,9209
2606,裕民,41,2,39,凱基-岡山,2023-08-17,9209
2312,金寶,41,2,39,凱基-岡山,2023-08-17,9209
4402,郡都開發,36,0,36,凱基-岡山,2023-08-17,9209
2317,鴻海,40,5,35,凱基-岡山,2023-08-17,9209
9950,萬國通,34,0,34,凱基-岡山,2023-08-17,9209
2637,慧洋-KY,35,3,32,凱基-岡山,2023-08-17,9209
2332,友訊,31,5,26,凱基-岡山,2023-08-17,9209
2892,第一金,25,1,24,凱基-岡山,2023-08-17,9209
2204,中華,20,0,20,凱基-岡山,2023-08-17,9209
2324,仁寶,64,44,20,凱基-岡山,2023-08-17,9209
2014,中鴻,21,3,18,凱基-岡山,2023-08-17,9209
1101,台泥,19,2,17,凱基-岡山,2023-08-17,9209
00753L,中信中國50正2,20,3,17,凱基-岡山,2023-08-17,9209
2409,友達,17,0,17,凱基-岡山,2023-08-17,9209
00830,國泰費城半導體,14,0,14,凱基-岡山,2023-08-17,9209
00712,復華富時不動產,14,0,14,凱基-岡山,2023-08-17,9209
00680L,元大美債20正2,14,0,14,凱基-岡山,2023-08-17,9209
2884,玉山金,17,3,14,凱基-岡山,2023-08-17,9209
2002,中鋼,19,6,13,凱基-岡山,2023-08-17,9209
0056,元大高股息,15,2,13,凱基-岡山,2023-08-17,9209
1326,台化,13,0,13,凱基-岡山,2023-08-17,9209
6139,亞翔,12,0,12,凱基-岡山,2023-08-17,9209
6274,台燿,19,7,12,凱基-岡山,2023-08-17,9209
00772B,中信高評級公司債,11,0,11,凱基-岡山,2023-08-17,9209
2421,建準,39,28,11,凱基-岡山,2023-08-17,9209
4123,晟德,11,0,11,凱基-岡山,2023-08-17,9209
2801,彰銀,11,0,11,凱基-岡山,2023-08-17,9209
3056,富華新,12,2,10,凱基-岡山,2023-08-17,9209
00898,國泰基因免疫革命,10,0,10,凱基-岡山,2023-08-17,9209
2913,農林,14,4,10,凱基-岡山,2023-08-17,9209
3290,東浦,9,0,9,凱基-岡山,2023-08-17,9209
00931B,統一美債20年,8,0,8,凱基-岡山,2023-08-17,9209
2888,新光金,8,0,8,凱基-岡山,2023-08-17,9209
3049,精金,13,5,8,凱基-岡山,2023-08-17,9209
6120,達運,8,0,8,凱基-岡山,2023-08-17,9209
8050,廣積,11,3,8,凱基-岡山,2023-08-17,9209
00679B,元大美債20年,10,3,7,凱基-岡山,2023-08-17,9209
2812,台中銀,9,2,7,凱基-岡山,2023-08-17,9209
5880,合庫金,7,0,7,凱基-岡山,2023-08-17,9209
8996,高力,9,2,7,凱基-岡山,2023-08-17,9209
6657,華安,7,0,7,凱基-岡山,2023-08-17,9209
2362,藍天,6,0,6,凱基-岡山,2023-08-17,9209
2430,燦坤,6,0,6,凱基-岡山,2023-08-17,9209
2606,裕民,168,8,160,凱基-岡山,2023-08-18,9209
00929,復華台灣科技優息,178,25,153,凱基-岡山,2023-08-18,9209
00712,復華富時不動產,113,6,107,凱基-岡山,2023-08-18,9209
00665L,富邦�琤肭磪囓�2,43,0,43,凱基-岡山,2023-08-18,9209
00753L,中信中國50正2,43,0,43,凱基-岡山,2023-08-18,9209
2355,敬鵬,33,0,33,凱基-岡山,2023-08-18,9209
6147,頎邦,30,0,30,凱基-岡山,2023-08-18,9209
2845,遠東銀,26,0,26,凱基-岡山,2023-08-18,9209
3231,緯創,60,35,25,凱基-岡山,2023-08-18,9209
1101,台泥,23,2,21,凱基-岡山,2023-08-18,9209
2324,仁寶,59,38,21,凱基-岡山,2023-08-18,9209
3362,先進光,26,6,20,凱基-岡山,2023-08-18,9209
2489,瑞軒,20,0,20,凱基-岡山,2023-08-18,9209
2867,三商壽,20,0,20,凱基-岡山,2023-08-18,9209
6116,彩晶,20,0,20,凱基-岡山,2023-08-18,9209
2382,廣達,59,40,19,凱基-岡山,2023-08-18,9209
6188,廣明,19,2,17,凱基-岡山,2023-08-18,9209
00878,國泰永續高股息,47,30,17,凱基-岡山,2023-08-18,9209
2027,大成鋼,18,2,16,凱基-岡山,2023-08-18,9209
2880,華南金,15,0,15,凱基-岡山,2023-08-18,9209
8996,高力,23,9,14,凱基-岡山,2023-08-18,9209
4532,瑞智,13,0,13,凱基-岡山,2023-08-18,9209
2884,玉山金,12,0,12,凱基-岡山,2023-08-18,9209
2344,華邦電,11,0,11,凱基-岡山,2023-08-18,9209
4572,駐龍,12,1,11,凱基-岡山,2023-08-18,9209
2610,華航,17,7,10,凱基-岡山,2023-08-18,9209
2419,仲琦,11,1,10,凱基-岡山,2023-08-18,9209
2427,三商電,10,0,10,凱基-岡山,2023-08-18,9209
2618,長榮航,23,13,10,凱基-岡山,2023-08-18,9209
2883,凱基金,10,0,10,凱基-岡山,2023-08-18,9209
4113,聯上,10,0,10,凱基-岡山,2023-08-18,9209
8358,金居,15,5,10,凱基-岡山,2023-08-18,9209
1471,首利,20,11,9,凱基-岡山,2023-08-18,9209
3483,力致,10,1,9,凱基-岡山,2023-08-18,9209
00923,群益台ESG低碳50,10,2,8,凱基-岡山,2023-08-18,9209
8112,至上,7,0,7,凱基-岡山,2023-08-18,9209
00795B,中信美國公債20年,7,0,7,凱基-岡山,2023-08-18,9209
3056,富華新,21,14,7,凱基-岡山,2023-08-18,9209
1504,東元,8,1,7,凱基-岡山,2023-08-18,9209
2356,英業達,25,18,7,凱基-岡山,2023-08-18,9209
2323,中環,6,0,6,凱基-岡山,2023-08-18,9209
2332,友訊,6,0,6,凱基-岡山,2023-08-18,9209
2337,旺宏,6,0,6,凱基-岡山,2023-08-18,9209
2482,連宇,6,0,6,凱基-岡山,2023-08-18,9209
2495,普安,6,0,6,凱基-岡山,2023-08-18,9209
2609,陽明,20,14,6,凱基-岡山,2023-08-18,9209
4121,優盛,6,0,6,凱基-岡山,2023-08-18,9209
6274,台燿,14,8,6,凱基-岡山,2023-08-18,9209
6282,康舒,23,17,6,凱基-岡山,2023-08-18,9209
3704,合勤控,7,2,5,凱基-岡山,2023-08-18,9209
1314,中石化,118,0,118,凱基-岡山,2023-08-21,9209
2324,仁寶,76,12,64,凱基-岡山,2023-08-21,9209
2457,飛宏,72,20,52,凱基-岡山,2023-08-21,9209
1316,上曜,50,0,50,凱基-岡山,2023-08-21,9209
2645,長榮航太,23,2,21,凱基-岡山,2023-08-21,9209
5608,四維航,118,102,16,凱基-岡山,2023-08-21,9209
2356,英業達,33,17,16,凱基-岡山,2023-08-21,9209
00882,中信中國高股息,27,11,16,凱基-岡山,2023-08-21,9209
3323,加百裕,15,0,15,凱基-岡山,2023-08-21,9209
4953,緯軟,15,0,15,凱基-岡山,2023-08-21,9209
6770,力積電,15,1,14,凱基-岡山,2023-08-21,9209
2409,友達,13,1,12,凱基-岡山,2023-08-21,9209
2330,台積電,11,0,11,凱基-岡山,2023-08-21,9209
6257,矽格,11,0,11,凱基-岡山,2023-08-21,9209
2617,台航,11,0,11,凱基-岡山,2023-08-21,9209
4716,大立,11,0,11,凱基-岡山,2023-08-21,9209
1326,台化,10,0,10,凱基-岡山,2023-08-21,9209
00907,永豐優息存股,10,0,10,凱基-岡山,2023-08-21,9209
1503,士電,11,1,10,凱基-岡山,2023-08-21,9209
2887,台新金,10,0,10,凱基-岡山,2023-08-21,9209
3324,雙鴻,12,2,10,凱基-岡山,2023-08-21,9209
6108,競國,10,0,10,凱基-岡山,2023-08-21,9209
9945,潤泰新,10,0,10,凱基-岡山,2023-08-21,9209
2344,華邦電,10,0,10,凱基-岡山,2023-08-21,9209
2329,華泰,24,14,10,凱基-岡山,2023-08-21,9209
5009,榮剛,10,0,10,凱基-岡山,2023-08-21,9209
1471,首利,10,2,8,凱基-岡山,2023-08-21,9209
00931B,統一美債20年,7,0,7,凱基-岡山,2023-08-21,9209
00673R,期元大S＆P原油反1,7,0,7,凱基-岡山,2023-08-21,9209
2401,凌陽,12,5,7,凱基-岡山,2023-08-21,9209
8027,鈦昇,7,0,7,凱基-岡山,2023-08-21,9209
8050,廣積,9,2,7,凱基-岡山,2023-08-21,9209
3231,緯創,39,32,7,凱基-岡山,2023-08-21,9209
00795B,中信美國公債20年,6,0,6,凱基-岡山,2023-08-21,9209
00888,永豐台灣ESG,6,0,6,凱基-岡山,2023-08-21,9209
00885,富邦越南,10,4,6,凱基-岡山,2023-08-21,9209
00730,富邦臺灣優質高息,6,0,6,凱基-岡山,2023-08-21,9209
3694,海華,6,0,6,凱基-岡山,2023-08-21,9209
6461,益得,6,0,6,凱基-岡山,2023-08-21,9209
1303,南亞,6,0,6,凱基-岡山,2023-08-21,9209
2332,友訊,8,3,5,凱基-岡山,2023-08-21,9209
00679B,元大美債20年,5,0,5,凱基-岡山,2023-08-21,9209
00902,中信電池及儲能,5,0,5,凱基-岡山,2023-08-21,9209
2031,新光鋼,5,0,5,凱基-岡山,2023-08-21,9209
2547,日勝生,5,0,5,凱基-岡山,2023-08-21,9209
2880,華南金,5,0,5,凱基-岡山,2023-08-21,9209
2913,農林,5,0,5,凱基-岡山,2023-08-21,9209
6412,群電,10,5,5,凱基-岡山,2023-08-21,9209
8358,金居,7,2,5,凱基-岡山,2023-08-21,9209
9933,中鼎,5,0,5,凱基-岡山,2023-08-21,9209
00893,國泰智能電動車,202,6,196,凱基-岡山,2023-08-22,9209
2363,矽統,184,22,162,凱基-岡山,2023-08-22,9209
6257,矽格,40,0,40,凱基-岡山,2023-08-22,9209
2323,中環,32,2,30,凱基-岡山,2023-08-22,9209
3290,東浦,30,0,30,凱基-岡山,2023-08-22,9209
1605,華新,30,1,29,凱基-岡山,2023-08-22,9209
5452,佶優,26,0,26,凱基-岡山,2023-08-22,9209
2618,長榮航,44,20,24,凱基-岡山,2023-08-22,9209
4113,聯上,21,0,21,凱基-岡山,2023-08-22,9209
2892,第一金,20,0,20,凱基-岡山,2023-08-22,9209
4931,新盛力,19,0,19,凱基-岡山,2023-08-22,9209
2421,建準,27,9,18,凱基-岡山,2023-08-22,9209
4934,太極,19,3,16,凱基-岡山,2023-08-22,9209
6548,長科*,14,0,14,凱基-岡山,2023-08-22,9209
2481,強茂,13,0,13,凱基-岡山,2023-08-22,9209
3047,訊舟,15,2,13,凱基-岡山,2023-08-22,9209
2399,映泰,12,0,12,凱基-岡山,2023-08-22,9209
3078,僑威,12,0,12,凱基-岡山,2023-08-22,9209
8210,勤誠,13,1,12,凱基-岡山,2023-08-22,9209
00885,富邦越南,14,3,11,凱基-岡山,2023-08-22,9209
00673R,期元大S＆P原油反1,10,0,10,凱基-岡山,2023-08-22,9209
1616,億泰,10,0,10,凱基-岡山,2023-08-22,9209
2344,華邦電,11,3,8,凱基-岡山,2023-08-22,9209
2301,光寶科,19,11,8,凱基-岡山,2023-08-22,9209
2883,凱基金,11,3,8,凱基-岡山,2023-08-22,9209
00795B,中信美國公債20年,7,0,7,凱基-岡山,2023-08-22,9209
1451,年興,7,0,7,凱基-岡山,2023-08-22,9209
1513,中興電,10,3,7,凱基-岡山,2023-08-22,9209
4526,東台,7,0,7,凱基-岡山,2023-08-22,9209
6470,宇智,7,0,7,凱基-岡山,2023-08-22,9209
8358,金居,20,13,7,凱基-岡山,2023-08-22,9209
00878,國泰永續高股息,14,7,7,凱基-岡山,2023-08-22,9209
1303,南亞,6,0,6,凱基-岡山,2023-08-22,9209
2884,玉山金,6,0,6,凱基-岡山,2023-08-22,9209
3231,緯創,72,66,6,凱基-岡山,2023-08-22,9209
00751B,元大AAA至A公司債,6,0,6,凱基-岡山,2023-08-22,9209
00888,永豐台灣ESG,6,0,6,凱基-岡山,2023-08-22,9209
4716,大立,6,0,6,凱基-岡山,2023-08-22,9209
1514,亞力,5,0,5,凱基-岡山,2023-08-22,9209
2444,兆勁,5,0,5,凱基-岡山,2023-08-22,9209
2867,三商壽,5,0,5,凱基-岡山,2023-08-22,9209
2891,中信金,5,0,5,凱基-岡山,2023-08-22,9209
3013,晟銘電,11,6,5,凱基-岡山,2023-08-22,9209
3372,典範,5,0,5,凱基-岡山,2023-08-22,9209
3703,欣陸,5,0,5,凱基-岡山,2023-08-22,9209
4541,晟田,5,0,5,凱基-岡山,2023-08-22,9209
4746,台耀,5,0,5,凱基-岡山,2023-08-22,9209
5272,笙科,5,0,5,凱基-岡山,2023-08-22,9209
6664,群翊,6,1,5,凱基-岡山,2023-08-22,9209
9933,中鼎,10,5,5,凱基-岡山,2023-08-22,9209
2618,長榮航,127,9,118,凱基-岡山,2023-08-23,9209
2355,敬鵬,51,8,43,凱基-岡山,2023-08-23,9209
00706L,期元大S＆P日圓正2,42,0,42,凱基-岡山,2023-08-23,9209
8033,雷虎,23,0,23,凱基-岡山,2023-08-23,9209
2601,益航,20,0,20,凱基-岡山,2023-08-23,9209
3044,健鼎,23,4,19,凱基-岡山,2023-08-23,9209
2002,中鋼,19,4,15,凱基-岡山,2023-08-23,9209
2883,凱基金,24,10,14,凱基-岡山,2023-08-23,9209
6282,康舒,34,20,14,凱基-岡山,2023-08-23,9209
6167,久正,13,0,13,凱基-岡山,2023-08-23,9209
2867,三商壽,12,0,12,凱基-岡山,2023-08-23,9209
9105,泰金寶-DR,11,0,11,凱基-岡山,2023-08-23,9209
2329,華泰,17,6,11,凱基-岡山,2023-08-23,9209
00720B,元大投資級公司債,10,0,10,凱基-岡山,2023-08-23,9209
1316,上曜,18,8,10,凱基-岡山,2023-08-23,9209
1503,士電,12,2,10,凱基-岡山,2023-08-23,9209
2897,王道銀行,10,0,10,凱基-岡山,2023-08-23,9209
3290,東浦,10,0,10,凱基-岡山,2023-08-23,9209
5498,凱崴,10,0,10,凱基-岡山,2023-08-23,9209
9950,萬國通,10,0,10,凱基-岡山,2023-08-23,9209
1560,中砂,10,1,9,凱基-岡山,2023-08-23,9209
1101,台泥,9,0,9,凱基-岡山,2023-08-23,9209
2324,仁寶,17,8,9,凱基-岡山,2023-08-23,9209
2421,建準,13,4,9,凱基-岡山,2023-08-23,9209
4716,大立,9,0,9,凱基-岡山,2023-08-23,9209
5210,寶碩,9,0,9,凱基-岡山,2023-08-23,9209
8426,紅木-KY,9,0,9,凱基-岡山,2023-08-23,9209
1717,長興,10,2,8,凱基-岡山,2023-08-23,9209
2374,佳能,18,11,7,凱基-岡山,2023-08-23,9209
2440,太空梭,8,1,7,凱基-岡山,2023-08-23,9209
2603,長榮,18,11,7,凱基-岡山,2023-08-23,9209
3372,典範,7,0,7,凱基-岡山,2023-08-23,9209
5009,榮剛,9,2,7,凱基-岡山,2023-08-23,9209
00751B,元大AAA至A公司債,6,0,6,凱基-岡山,2023-08-23,9209
2492,華新科,6,0,6,凱基-岡山,2023-08-23,9209
8069,元太,5,0,5,凱基-岡山,2023-08-23,9209
00632R,元大台灣50反1,5,0,5,凱基-岡山,2023-08-23,9209
1319,東陽,5,0,5,凱基-岡山,2023-08-23,9209
1734,杏輝,5,0,5,凱基-岡山,2023-08-23,9209
1789,神隆,5,0,5,凱基-岡山,2023-08-23,9209
2023,燁輝,7,2,5,凱基-岡山,2023-08-23,9209
2414,精技,5,0,5,凱基-岡山,2023-08-23,9209
2485,兆赫,5,0,5,凱基-岡山,2023-08-23,9209
2605,新興,6,1,5,凱基-岡山,2023-08-23,9209
2610,華航,5,0,5,凱基-岡山,2023-08-23,9209
2838,聯邦銀,5,0,5,凱基-岡山,2023-08-23,9209
2886,兆豐金,5,0,5,凱基-岡山,2023-08-23,9209
6412,群電,5,0,5,凱基-岡山,2023-08-23,9209
6799,來頡,7,2,5,凱基-岡山,2023-08-23,9209
9904,寶成,5,0,5,凱基-岡山,2023-08-23,9209
2344,華邦電,272,20,252,凱基-岡山,2023-08-24,9209
2363,矽統,308,140,168,凱基-岡山,2023-08-24,9209
2618,長榮航,73,3,70,凱基-岡山,2023-08-24,9209
2543,皇昌,66,0,66,凱基-岡山,2023-08-24,9209
6770,力積電,96,51,45,凱基-岡山,2023-08-24,9209
8112,至上,40,3,37,凱基-岡山,2023-08-24,9209
2883,凱基金,34,0,34,凱基-岡山,2023-08-24,9209
3231,緯創,128,95,33,凱基-岡山,2023-08-24,9209
2002,中鋼,17,0,17,凱基-岡山,2023-08-24,9209
00673R,期元大S＆P原油反1,17,0,17,凱基-岡山,2023-08-24,9209
3706,神達,21,4,17,凱基-岡山,2023-08-24,9209
00751B,元大AAA至A公司債,15,0,15,凱基-岡山,2023-08-24,9209
1504,東元,22,9,13,凱基-岡山,2023-08-24,9209
4532,瑞智,11,0,11,凱基-岡山,2023-08-24,9209
1805,寶徠,10,0,10,凱基-岡山,2023-08-24,9209
2352,佳世達,19,9,10,凱基-岡山,2023-08-24,9209
8227,巨有科技,10,0,10,凱基-岡山,2023-08-24,9209
9907,統一實,10,0,10,凱基-岡山,2023-08-24,9209
3038,全台,9,0,9,凱基-岡山,2023-08-24,9209
6116,彩晶,10,2,8,凱基-岡山,2023-08-24,9209
8011,台通,8,0,8,凱基-岡山,2023-08-24,9209
8426,紅木-KY,8,0,8,凱基-岡山,2023-08-24,9209
3051,力特,9,1,8,凱基-岡山,2023-08-24,9209
00882,中信中國高股息,7,0,7,凱基-岡山,2023-08-24,9209
2886,兆豐金,7,0,7,凱基-岡山,2023-08-24,9209
5381,合正,9,2,7,凱基-岡山,2023-08-24,9209
9955,佳龍,7,0,7,凱基-岡山,2023-08-24,9209
00706L,期元大S＆P日圓正2,6,0,6,凱基-岡山,2023-08-24,9209
2880,華南金,6,0,6,凱基-岡山,2023-08-24,9209
3567,逸昌,9,3,6,凱基-岡山,2023-08-24,9209
3715,定穎投控,27,21,6,凱基-岡山,2023-08-24,9209
4934,太極,6,0,6,凱基-岡山,2023-08-24,9209
6461,益得,6,0,6,凱基-岡山,2023-08-24,9209
6669,緯穎,5,0,5,凱基-岡山,2023-08-24,9209
00680L,元大美債20正2,6,1,5,凱基-岡山,2023-08-24,9209
1789,神隆,5,0,5,凱基-岡山,2023-08-24,9209
2328,廣宇,5,0,5,凱基-岡山,2023-08-24,9209
2342,茂矽,5,0,5,凱基-岡山,2023-08-24,9209
2882,國泰金,5,0,5,凱基-岡山,2023-08-24,9209
4572,駐龍,7,2,5,凱基-岡山,2023-08-24,9209
4746,台耀,5,0,5,凱基-岡山,2023-08-24,9209
6111,大宇資,5,0,5,凱基-岡山,2023-08-24,9209
6275,元山,5,0,5,凱基-岡山,2023-08-24,9209
9904,寶成,5,0,5,凱基-岡山,2023-08-24,9209
9950,萬國通,5,0,5,凱基-岡山,2023-08-24,9209
3443,創意,5,0,5,凱基-岡山,2023-08-24,9209
1101,台泥,5,0,5,凱基-岡山,2023-08-24,9209
2368,金像電,15,11,4,凱基-岡山,2023-08-24,9209
3071,協禧,4,0,4,凱基-岡山,2023-08-24,9209
2388,威盛,8,4,4,凱基-岡山,2023-08-24,9209
3231,緯創,171,46,125,凱基-岡山,2023-08-25,9209
00929,復華台灣科技優息,126,3,123,凱基-岡山,2023-08-25,9209
00878,國泰永續高股息,112,0,112,凱基-岡山,2023-08-25,9209
1471,首利,76,2,74,凱基-岡山,2023-08-25,9209
4417,金洲,55,0,55,凱基-岡山,2023-08-25,9209
2208,台船,27,0,27,凱基-岡山,2023-08-25,9209
2892,第一金,21,0,21,凱基-岡山,2023-08-25,9209
2834,臺企銀,21,0,21,凱基-岡山,2023-08-25,9209
00923,群益台ESG低碳50,20,0,20,凱基-岡山,2023-08-25,9209
6116,彩晶,30,10,20,凱基-岡山,2023-08-25,9209
2618,長榮航,24,6,18,凱基-岡山,2023-08-25,9209
6282,康舒,19,2,17,凱基-岡山,2023-08-25,9209
2329,華泰,19,3,16,凱基-岡山,2023-08-25,9209
2002,中鋼,18,2,16,凱基-岡山,2023-08-25,9209
1504,東元,27,12,15,凱基-岡山,2023-08-25,9209
2883,凱基金,15,0,15,凱基-岡山,2023-08-25,9209
3706,神達,17,3,14,凱基-岡山,2023-08-25,9209
2324,仁寶,26,14,12,凱基-岡山,2023-08-25,9209
3037,欣興,17,6,11,凱基-岡山,2023-08-25,9209
2303,聯電,12,1,11,凱基-岡山,2023-08-25,9209
3062,建漢,13,2,11,凱基-岡山,2023-08-25,9209
3078,僑威,21,10,11,凱基-岡山,2023-08-25,9209
00921,兆豐龍頭等權重,10,0,10,凱基-岡山,2023-08-25,9209
1560,中砂,10,0,10,凱基-岡山,2023-08-25,9209
3033,威健,12,2,10,凱基-岡山,2023-08-25,9209
2344,華邦電,102,93,9,凱基-岡山,2023-08-25,9209
00830,國泰費城半導體,9,1,8,凱基-岡山,2023-08-25,9209
2356,英業達,16,8,8,凱基-岡山,2023-08-25,9209
00881,國泰台灣5G+,8,0,8,凱基-岡山,2023-08-25,9209
00673R,期元大S＆P原油反1,8,0,8,凱基-岡山,2023-08-25,9209
1101,台泥,7,0,7,凱基-岡山,2023-08-25,9209
00680L,元大美債20正2,8,1,7,凱基-岡山,2023-08-25,9209
2634,漢翔,20,13,7,凱基-岡山,2023-08-25,9209
3169,亞信,8,1,7,凱基-岡山,2023-08-25,9209
4716,大立,7,0,7,凱基-岡山,2023-08-25,9209
0050,元大台灣50,7,0,7,凱基-岡山,2023-08-25,9209
00919,群益台灣精選高息,6,0,6,凱基-岡山,2023-08-25,9209
00894,中信小資高價30,6,0,6,凱基-岡山,2023-08-25,9209
2610,華航,6,0,6,凱基-岡山,2023-08-25,9209
5009,榮剛,6,0,6,凱基-岡山,2023-08-25,9209
3576,聯合再生,6,0,6,凱基-岡山,2023-08-25,9209
2382,廣達,29,24,5,凱基-岡山,2023-08-25,9209
2330,台積電,6,1,5,凱基-岡山,2023-08-25,9209
1737,臺鹽,5,0,5,凱基-岡山,2023-08-25,9209
2547,日勝生,5,0,5,凱基-岡山,2023-08-25,9209
2838,聯邦銀,5,0,5,凱基-岡山,2023-08-25,9209
2880,華南金,5,0,5,凱基-岡山,2023-08-25,9209
2885,元大金,8,3,5,凱基-岡山,2023-08-25,9209
3049,精金,8,3,5,凱基-岡山,2023-08-25,9209
3234,光環,5,0,5,凱基-岡山,2023-08-25,9209
4722,國精化,80,0,80,凱基-岡山,2023-08-28,9209
2485,兆赫,84,15,69,凱基-岡山,2023-08-28,9209
00929,復華台灣科技優息,70,3,67,凱基-岡山,2023-08-28,9209
00919,群益台灣精選高息,38,0,38,凱基-岡山,2023-08-28,9209
1737,臺鹽,36,11,25,凱基-岡山,2023-08-28,9209
2388,威盛,26,4,22,凱基-岡山,2023-08-28,9209
9105,泰金寶-DR,20,0,20,凱基-岡山,2023-08-28,9209
2618,長榮航,67,48,19,凱基-岡山,2023-08-28,9209
2852,第一保,18,0,18,凱基-岡山,2023-08-28,9209
3078,僑威,19,1,18,凱基-岡山,2023-08-28,9209
1609,大亞,21,6,15,凱基-岡山,2023-08-28,9209
1734,杏輝,13,0,13,凱基-岡山,2023-08-28,9209
8930,青鋼,12,0,12,凱基-岡山,2023-08-28,9209
3044,健鼎,13,2,11,凱基-岡山,2023-08-28,9209
2332,友訊,13,2,11,凱基-岡山,2023-08-28,9209
2481,強茂,11,0,11,凱基-岡山,2023-08-28,9209
2743,山富,11,0,11,凱基-岡山,2023-08-28,9209
00894,中信小資高價30,10,0,10,凱基-岡山,2023-08-28,9209
00688L,國泰20年美債正2,10,0,10,凱基-岡山,2023-08-28,9209
2913,農林,10,0,10,凱基-岡山,2023-08-28,9209
5452,佶優,10,0,10,凱基-岡山,2023-08-28,9209
6548,長科*,10,0,10,凱基-岡山,2023-08-28,9209
6023,元大期,9,0,9,凱基-岡山,2023-08-28,9209
1101,台泥,8,0,8,凱基-岡山,2023-08-28,9209
6234,高僑,9,1,8,凱基-岡山,2023-08-28,9209
00923,群益台ESG低碳50,7,0,7,凱基-岡山,2023-08-28,9209
3163,波若威,7,0,7,凱基-岡山,2023-08-28,9209
3206,志豐,7,0,7,凱基-岡山,2023-08-28,9209
3227,原相,8,1,7,凱基-岡山,2023-08-28,9209
3711,日月光投控,12,5,7,凱基-岡山,2023-08-28,9209
6138,茂達,6,0,6,凱基-岡山,2023-08-28,9209
1584,精剛,11,5,6,凱基-岡山,2023-08-28,9209
00680L,元大美債20正2,5,0,5,凱基-岡山,2023-08-28,9209
1618,合機,5,0,5,凱基-岡山,2023-08-28,9209
2027,大成鋼,5,0,5,凱基-岡山,2023-08-28,9209
2208,台船,5,0,5,凱基-岡山,2023-08-28,9209
2515,中工,5,0,5,凱基-岡山,2023-08-28,9209
2897,王道銀行,5,0,5,凱基-岡山,2023-08-28,9209
6125,廣運,7,2,5,凱基-岡山,2023-08-28,9209
9904,寶成,5,0,5,凱基-岡山,2023-08-28,9209
2801,彰銀,6,2,4,凱基-岡山,2023-08-28,9209
3033,威健,4,0,4,凱基-岡山,2023-08-28,9209
3038,全台,4,0,4,凱基-岡山,2023-08-28,9209
3706,神達,5,1,4,凱基-岡山,2023-08-28,9209
4906,正文,42,38,4,凱基-岡山,2023-08-28,9209
5706,鳳凰,4,0,4,凱基-岡山,2023-08-28,9209
1513,中興電,4,1,3,凱基-岡山,2023-08-28,9209
3037,欣興,3,0,3,凱基-岡山,2023-08-28,9209
2376,技嘉,9,6,3,凱基-岡山,2023-08-28,9209
1445,大宇,4,1,3,凱基-岡山,2023-08-28,9209
00632R,元大台灣50反1,76,0,76,凱基-岡山,2023-08-29,9209
2363,矽統,257,211,46,凱基-岡山,2023-08-29,9209
3231,緯創,151,110,41,凱基-岡山,2023-08-29,9209
1471,首利,41,0,41,凱基-岡山,2023-08-29,9209
2002,中鋼,41,2,39,凱基-岡山,2023-08-29,9209
1101,台泥,41,5,36,凱基-岡山,2023-08-29,9209
2317,鴻海,73,40,33,凱基-岡山,2023-08-29,9209
2637,慧洋-KY,32,1,31,凱基-岡山,2023-08-29,9209
5388,中磊,26,0,26,凱基-岡山,2023-08-29,9209
1402,遠東新,25,0,25,凱基-岡山,2023-08-29,9209
2630,亞航,28,4,24,凱基-岡山,2023-08-29,9209
00929,復華台灣科技優息,17,1,16,凱基-岡山,2023-08-29,9209
8112,至上,20,5,15,凱基-岡山,2023-08-29,9209
2027,大成鋼,13,0,13,凱基-岡山,2023-08-29,9209
8050,廣積,15,2,13,凱基-岡山,2023-08-29,9209
00715L,期街口布蘭特正2,10,0,10,凱基-岡山,2023-08-29,9209
2743,山富,10,0,10,凱基-岡山,2023-08-29,9209
4906,正文,23,13,10,凱基-岡山,2023-08-29,9209
2887,台新金,9,0,9,凱基-岡山,2023-08-29,9209
4541,晟田,10,1,9,凱基-岡山,2023-08-29,9209
6221,晉泰,9,0,9,凱基-岡山,2023-08-29,9209
00919,群益台灣精選高息,8,0,8,凱基-岡山,2023-08-29,9209
2362,藍天,8,0,8,凱基-岡山,2023-08-29,9209
8011,台通,18,10,8,凱基-岡山,2023-08-29,9209
2515,中工,7,0,7,凱基-岡山,2023-08-29,9209
8150,南茂,7,0,7,凱基-岡山,2023-08-29,9209
2014,中鴻,6,0,6,凱基-岡山,2023-08-29,9209
2323,中環,6,0,6,凱基-岡山,2023-08-29,9209
2009,第一銅,5,0,5,凱基-岡山,2023-08-29,9209
2492,華新科,5,0,5,凱基-岡山,2023-08-29,9209
9904,寶成,5,0,5,凱基-岡山,2023-08-29,9209
2399,映泰,6,2,4,凱基-岡山,2023-08-29,9209
2457,飛宏,4,0,4,凱基-岡山,2023-08-29,9209
2883,凱基金,4,0,4,凱基-岡山,2023-08-29,9209
3704,合勤控,5,1,4,凱基-岡山,2023-08-29,9209
6122,擎邦,4,0,4,凱基-岡山,2023-08-29,9209
2382,廣達,32,29,3,凱基-岡山,2023-08-29,9209
2421,建準,6,3,3,凱基-岡山,2023-08-29,9209
2891,中信金,3,0,3,凱基-岡山,2023-08-29,9209
3088,艾訊,3,0,3,凱基-岡山,2023-08-29,9209
3308,聯德,6,3,3,凱基-岡山,2023-08-29,9209
5340,建榮,3,0,3,凱基-岡山,2023-08-29,9209
6443,元晶,9,6,3,凱基-岡山,2023-08-29,9209
6770,力積電,4,1,3,凱基-岡山,2023-08-29,9209
2388,威盛,8,5,3,凱基-岡山,2023-08-29,9209
8033,雷虎,2,0,2,凱基-岡山,2023-08-29,9209
6285,啟��,10,8,2,凱基-岡山,2023-08-29,9209
1103,嘉泥,2,0,2,凱基-岡山,2023-08-29,9209
3587,閎康,3,1,2,凱基-岡山,2023-08-29,9209
3017,奇鋐,2,0,2,凱基-岡山,2023-08-29,9209
2867,三商壽,100,0,100,凱基-岡山,2023-08-30,9209
1101,台泥,61,0,61,凱基-岡山,2023-08-30,9209
3045,台灣大,44,0,44,凱基-岡山,2023-08-30,9209
3011,今皓,34,1,33,凱基-岡山,2023-08-30,9209
3710,連展投控,33,2,31,凱基-岡山,2023-08-30,9209
2834,臺企銀,26,0,26,凱基-岡山,2023-08-30,9209
2002,中鋼,30,10,20,凱基-岡山,2023-08-30,9209
2340,台亞,22,2,20,凱基-岡山,2023-08-30,9209
2608,嘉里大榮,20,0,20,凱基-岡山,2023-08-30,9209
2409,友達,18,0,18,凱基-岡山,2023-08-30,9209
3057,喬鼎,15,0,15,凱基-岡山,2023-08-30,9209
00632R,元大台灣50反1,13,0,13,凱基-岡山,2023-08-30,9209
2031,新光鋼,15,2,13,凱基-岡山,2023-08-30,9209
2301,光寶科,14,3,11,凱基-岡山,2023-08-30,9209
2892,第一金,10,0,10,凱基-岡山,2023-08-30,9209
2903,遠百,10,0,10,凱基-岡山,2023-08-30,9209
3044,健鼎,13,3,10,凱基-岡山,2023-08-30,9209
2485,兆赫,15,6,9,凱基-岡山,2023-08-30,9209
00919,群益台灣精選高息,13,5,8,凱基-岡山,2023-08-30,9209
2390,云辰,8,0,8,凱基-岡山,2023-08-30,9209
6116,彩晶,7,0,7,凱基-岡山,2023-08-30,9209
6548,長科*,15,8,7,凱基-岡山,2023-08-30,9209
1529,樂事綠能,6,0,6,凱基-岡山,2023-08-30,9209
1734,杏輝,6,0,6,凱基-岡山,2023-08-30,9209
2328,廣宇,7,1,6,凱基-岡山,2023-08-30,9209
6133,金橋,6,0,6,凱基-岡山,2023-08-30,9209
6188,廣明,8,2,6,凱基-岡山,2023-08-30,9209
6282,康舒,12,6,6,凱基-岡山,2023-08-30,9209
3037,欣興,6,1,5,凱基-岡山,2023-08-30,9209
00891,中信關鍵半導體,7,2,5,凱基-岡山,2023-08-30,9209
00931B,統一美債20年,5,0,5,凱基-岡山,2023-08-30,9209
1802,台玻,6,1,5,凱基-岡山,2023-08-30,9209
2014,中鴻,5,0,5,凱基-岡山,2023-08-30,9209
2324,仁寶,7,2,5,凱基-岡山,2023-08-30,9209
2449,京元電子,10,5,5,凱基-岡山,2023-08-30,9209
3055,蔚華科,5,0,5,凱基-岡山,2023-08-30,9209
3094,聯傑,5,0,5,凱基-岡山,2023-08-30,9209
3176,基亞,5,0,5,凱基-岡山,2023-08-30,9209
3489,森寶,5,0,5,凱基-岡山,2023-08-30,9209
4538,大詠城,5,0,5,凱基-岡山,2023-08-30,9209
4915,致伸,5,0,5,凱基-岡山,2023-08-30,9209
00929,復華台灣科技優息,10,6,4,凱基-岡山,2023-08-30,9209
00679B,元大美債20年,5,1,4,凱基-岡山,2023-08-30,9209
1568,倉佑,5,1,4,凱基-岡山,2023-08-30,9209
2634,漢翔,6,2,4,凱基-岡山,2023-08-30,9209
3078,僑威,4,0,4,凱基-岡山,2023-08-30,9209
3588,通嘉,4,0,4,凱基-岡山,2023-08-30,9209
4908,前鼎,4,0,4,凱基-岡山,2023-08-30,9209
6104,創惟,4,0,4,凱基-岡山,2023-08-30,9209
6126,信音,4,0,4,凱基-岡山,2023-08-30,9209
00878,國泰永續高股息,213,9,204,凱基-岡山,2023-08-31,9209
3706,神達,63,0,63,凱基-岡山,2023-08-31,9209
1101,台泥,45,2,43,凱基-岡山,2023-08-31,9209
2886,兆豐金,40,0,40,凱基-岡山,2023-08-31,9209
2022,聚亨,40,0,40,凱基-岡山,2023-08-31,9209
2618,長榮航,40,10,30,凱基-岡山,2023-08-31,9209
6213,聯茂,40,10,30,凱基-岡山,2023-08-31,9209
1522,堤維西,54,27,27,凱基-岡山,2023-08-31,9209
6667,信紘科,26,0,26,凱基-岡山,2023-08-31,9209
2303,聯電,28,6,22,凱基-岡山,2023-08-31,9209
2801,彰銀,21,0,21,凱基-岡山,2023-08-31,9209
4113,聯上,20,0,20,凱基-岡山,2023-08-31,9209
2645,長榮航太,19,0,19,凱基-岡山,2023-08-31,9209
2883,凱基金,30,16,14,凱基-岡山,2023-08-31,9209
00929,復華台灣科技優息,26,13,13,凱基-岡山,2023-08-31,9209
3035,智原,15,3,12,凱基-岡山,2023-08-31,9209
2892,第一金,12,2,10,凱基-岡山,2023-08-31,9209
1733,五鼎,10,0,10,凱基-岡山,2023-08-31,9209
2634,漢翔,30,20,10,凱基-岡山,2023-08-31,9209
3432,台端,10,0,10,凱基-岡山,2023-08-31,9209
2324,仁寶,13,4,9,凱基-岡山,2023-08-31,9209
1609,大亞,8,0,8,凱基-岡山,2023-08-31,9209
5225,東科-KY,9,1,8,凱基-岡山,2023-08-31,9209
5301,寶得利,8,0,8,凱基-岡山,2023-08-31,9209
6191,精成科,10,2,8,凱基-岡山,2023-08-31,9209
2014,中鴻,13,6,7,凱基-岡山,2023-08-31,9209
6274,台燿,7,0,7,凱基-岡山,2023-08-31,9209
00680L,元大美債20正2,7,0,7,凱基-岡山,2023-08-31,9209
6547,高端疫苗,12,6,6,凱基-岡山,2023-08-31,9209
00795B,中信美國公債20年,6,0,6,凱基-岡山,2023-08-31,9209
2206,三陽工業,6,0,6,凱基-岡山,2023-08-31,9209
2890,永豐金,6,0,6,凱基-岡山,2023-08-31,9209
6122,擎邦,12,6,6,凱基-岡山,2023-08-31,9209
00882,中信中國高股息,6,1,5,凱基-岡山,2023-08-31,9209
2903,遠百,5,0,5,凱基-岡山,2023-08-31,9209
3596,智易,5,0,5,凱基-岡山,2023-08-31,9209
4129,聯合,5,0,5,凱基-岡山,2023-08-31,9209
4915,致伸,5,0,5,凱基-岡山,2023-08-31,9209
6488,環球晶,5,0,5,凱基-岡山,2023-08-31,9209
8150,南茂,5,0,5,凱基-岡山,2023-08-31,9209
2330,台積電,5,1,4,凱基-岡山,2023-08-31,9209
8210,勤誠,14,10,4,凱基-岡山,2023-08-31,9209
2434,統懋,4,0,4,凱基-岡山,2023-08-31,9209
2885,元大金,4,0,4,凱基-岡山,2023-08-31,9209
3272,東碩,4,0,4,凱基-岡山,2023-08-31,9209
3444,利機,4,0,4,凱基-岡山,2023-08-31,9209
3715,定穎投控,9,5,4,凱基-岡山,2023-08-31,9209
8088,品安,6,2,4,凱基-岡山,2023-08-31,9209
8222,寶一,8,4,4,凱基-岡山,2023-08-31,9209
5347,世界,3,0,3,凱基-岡山,2023-08-31,9209
00929,復華台灣科技優息,76,0,76,凱基-岡山,2023-09-01,9209
00932,兆豐永續高息等權,67,10,57,凱基-岡山,2023-09-01,9209
00673R,期元大S＆P原油反1,50,0,50,凱基-岡山,2023-09-01,9209
00919,群益台灣精選高息,34,0,34,凱基-岡山,2023-09-01,9209
1802,台玻,47,13,34,凱基-岡山,2023-09-01,9209
3231,緯創,145,114,31,凱基-岡山,2023-09-01,9209
2516,新建,22,0,22,凱基-岡山,2023-09-01,9209
2367,燿華,21,1,20,凱基-岡山,2023-09-01,9209
3047,訊舟,20,0,20,凱基-岡山,2023-09-01,9209
4906,正文,18,1,17,凱基-岡山,2023-09-01,9209
6719,力智,20,5,15,凱基-岡山,2023-09-01,9209
2618,長榮航,16,3,13,凱基-岡山,2023-09-01,9209
2329,華泰,22,10,12,凱基-岡山,2023-09-01,9209
1101,台泥,12,0,12,凱基-岡山,2023-09-01,9209
3325,旭品,12,0,12,凱基-岡山,2023-09-01,9209
2368,金像電,21,9,12,凱基-岡山,2023-09-01,9209
2382,廣達,22,11,11,凱基-岡山,2023-09-01,9209
1609,大亞,11,1,10,凱基-岡山,2023-09-01,9209
1737,臺鹽,10,0,10,凱基-岡山,2023-09-01,9209
2316,楠梓電,11,1,10,凱基-岡山,2023-09-01,9209
2462,良得電,10,0,10,凱基-岡山,2023-09-01,9209
2485,兆赫,38,28,10,凱基-岡山,2023-09-01,9209
2511,太子,10,0,10,凱基-岡山,2023-09-01,9209
2608,嘉里大榮,10,0,10,凱基-岡山,2023-09-01,9209
3580,友威科,10,0,10,凱基-岡山,2023-09-01,9209
6667,信紘科,10,0,10,凱基-岡山,2023-09-01,9209
4113,聯上,10,0,10,凱基-岡山,2023-09-01,9209
3081,聯亞,10,1,9,凱基-岡山,2023-09-01,9209
2331,精英,172,164,8,凱基-岡山,2023-09-01,9209
6127,九豪,8,0,8,凱基-岡山,2023-09-01,9209
2356,英業達,16,9,7,凱基-岡山,2023-09-01,9209
3163,波若威,12,5,7,凱基-岡山,2023-09-01,9209
2880,華南金,6,0,6,凱基-岡山,2023-09-01,9209
5251,天鉞電,6,0,6,凱基-岡山,2023-09-01,9209
2014,中鴻,6,0,6,凱基-岡山,2023-09-01,9209
2363,矽統,267,262,5,凱基-岡山,2023-09-01,9209
2436,偉詮電,10,4,6,凱基-岡山,2023-09-01,9209
3481,群創,5,0,5,凱基-岡山,2023-09-01,9209
2645,長榮航太,9,4,5,凱基-岡山,2023-09-01,9209
1314,中石化,5,0,5,凱基-岡山,2023-09-01,9209
2903,遠百,5,0,5,凱基-岡山,2023-09-01,9209
3206,志豐,5,0,5,凱基-岡山,2023-09-01,9209
4188,安克,5,0,5,凱基-岡山,2023-09-01,9209
6277,宏正,5,0,5,凱基-岡山,2023-09-01,9209
8110,華東,5,0,5,凱基-岡山,2023-09-01,9209
2834,臺企銀,5,0,5,凱基-岡山,2023-09-01,9209
2377,微星,5,1,4,凱基-岡山,2023-09-01,9209
3059,華晶科,6,2,4,凱基-岡山,2023-09-01,9209
3090,日電貿,4,0,4,凱基-岡山,2023-09-01,9209
3583,辛耘,8,4,4,凱基-岡山,2023-09-01,9209
2363,矽統,230,162,68,凱基-岡山,2023-09-04,9209
00931B,統一美債20年,34,5,29,凱基-岡山,2023-09-04,9209
00919,群益台灣精選高息,29,2,27,凱基-岡山,2023-09-04,9209
5381,合正,52,26,26,凱基-岡山,2023-09-04,9209
00673R,期元大S＆P原油反1,21,0,21,凱基-岡山,2023-09-04,9209
2913,農林,21,0,21,凱基-岡山,2023-09-04,9209
00929,復華台灣科技優息,34,14,20,凱基-岡山,2023-09-04,9209
2208,台船,17,0,17,凱基-岡山,2023-09-04,9209
2409,友達,17,0,17,凱基-岡山,2023-09-04,9209
2303,聯電,17,5,12,凱基-岡山,2023-09-04,9209
6133,金橋,15,4,11,凱基-岡山,2023-09-04,9209
5498,凱崴,11,1,10,凱基-岡山,2023-09-04,9209
8930,青鋼,14,4,10,凱基-岡山,2023-09-04,9209
2880,華南金,8,0,8,凱基-岡山,2023-09-04,9209
8088,品安,13,5,8,凱基-岡山,2023-09-04,9209
9929,秋雨,8,0,8,凱基-岡山,2023-09-04,9209
00751B,元大AAA至A公司債,7,0,7,凱基-岡山,2023-09-04,9209
1101,台泥,7,0,7,凱基-岡山,2023-09-04,9209
2331,精英,47,40,7,凱基-岡山,2023-09-04,9209
2488,漢平,7,0,7,凱基-岡山,2023-09-04,9209
5481,新華,7,0,7,凱基-岡山,2023-09-04,9209
2371,大同,16,9,7,凱基-岡山,2023-09-04,9209
6719,力智,6,0,6,凱基-岡山,2023-09-04,9209
2324,仁寶,8,2,6,凱基-岡山,2023-09-04,9209
8358,金居,11,5,6,凱基-岡山,2023-09-04,9209
2881,富邦金,8,2,6,凱基-岡山,2023-09-04,9209
2886,兆豐金,5,0,5,凱基-岡山,2023-09-04,9209
00632R,元大台灣50反1,5,0,5,凱基-岡山,2023-09-04,9209
3228,金麗科,5,0,5,凱基-岡山,2023-09-04,9209
3693,營邦,5,0,5,凱基-岡山,2023-09-04,9209
4953,緯軟,5,0,5,凱基-岡山,2023-09-04,9209
6126,信音,5,0,5,凱基-岡山,2023-09-04,9209
6266,泰詠,5,0,5,凱基-岡山,2023-09-04,9209
00891,中信關鍵半導體,4,0,4,凱基-岡山,2023-09-04,9209
2884,玉山金,4,0,4,凱基-岡山,2023-09-04,9209
5009,榮剛,11,7,4,凱基-岡山,2023-09-04,9209
2323,中環,4,0,4,凱基-岡山,2023-09-04,9209
2618,長榮航,11,7,4,凱基-岡山,2023-09-04,9209
00878,國泰永續高股息,13,9,4,凱基-岡山,2023-09-04,9209
00680L,元大美債20正2,4,0,4,凱基-岡山,2023-09-04,9209
1304,台聚,4,0,4,凱基-岡山,2023-09-04,9209
1444,力麗,4,0,4,凱基-岡山,2023-09-04,9209
1471,首利,4,0,4,凱基-岡山,2023-09-04,9209
1536,和大,5,1,4,凱基-岡山,2023-09-04,9209
1609,大亞,4,0,4,凱基-岡山,2023-09-04,9209
2369,菱生,4,0,4,凱基-岡山,2023-09-04,9209
2485,兆赫,19,15,4,凱基-岡山,2023-09-04,9209
3567,逸昌,4,0,4,凱基-岡山,2023-09-04,9209
4572,駐龍,4,0,4,凱基-岡山,2023-09-04,9209
6274,台燿,5,1,4,凱基-岡山,2023-09-04,9209
2024,志聯,111,0,111,凱基-岡山,2023-09-05,9209
00919,群益台灣精選高息,86,5,81,凱基-岡山,2023-09-05,9209
2349,錸德,50,0,50,凱基-岡山,2023-09-05,9209
6118,建達,51,1,50,凱基-岡山,2023-09-05,9209
00893,國泰智能電動車,33,0,33,凱基-岡山,2023-09-05,9209
2344,華邦電,34,3,31,凱基-岡山,2023-09-05,9209
2913,農林,29,0,29,凱基-岡山,2023-09-05,9209
00929,復華台灣科技優息,82,53,29,凱基-岡山,2023-09-05,9209
2312,金寶,30,3,27,凱基-岡山,2023-09-05,9209
1540,喬福,25,0,25,凱基-岡山,2023-09-05,9209
2886,兆豐金,23,1,22,凱基-岡山,2023-09-05,9209
00751B,元大AAA至A公司債,16,0,16,凱基-岡山,2023-09-05,9209
00931B,統一美債20年,16,0,16,凱基-岡山,2023-09-05,9209
5488,松普,15,0,15,凱基-岡山,2023-09-05,9209
3035,智原,19,4,15,凱基-岡山,2023-09-05,9209
2891,中信金,14,0,14,凱基-岡山,2023-09-05,9209
00915,凱基優選高股息30,13,0,13,凱基-岡山,2023-09-05,9209
2208,台船,13,0,13,凱基-岡山,2023-09-05,9209
2906,高林,16,3,13,凱基-岡山,2023-09-05,9209
00679B,元大美債20年,13,0,13,凱基-岡山,2023-09-05,9209
2634,漢翔,13,2,11,凱基-岡山,2023-09-05,9209
2383,台光電,11,0,11,凱基-岡山,2023-09-05,9209
00772B,中信高評級公司債,12,2,10,凱基-岡山,2023-09-05,9209
1802,台玻,12,2,10,凱基-岡山,2023-09-05,9209
2888,新光金,10,0,10,凱基-岡山,2023-09-05,9209
2892,第一金,10,0,10,凱基-岡山,2023-09-05,9209
3047,訊舟,10,0,10,凱基-岡山,2023-09-05,9209
3062,建漢,10,0,10,凱基-岡山,2023-09-05,9209
3481,群創,13,4,9,凱基-岡山,2023-09-05,9209
00795B,中信美國公債20年,9,0,9,凱基-岡山,2023-09-05,9209
1528,恩德,8,0,8,凱基-岡山,2023-09-05,9209
2606,裕民,8,1,7,凱基-岡山,2023-09-05,9209
00882,中信中國高股息,7,0,7,凱基-岡山,2023-09-05,9209
2324,仁寶,9,2,7,凱基-岡山,2023-09-05,9209
2834,臺企銀,10,3,7,凱基-岡山,2023-09-05,9209
0056,元大高股息,9,2,7,凱基-岡山,2023-09-05,9209
00722B,群益投資級電信債,6,0,6,凱基-岡山,2023-09-05,9209
2488,漢平,11,5,6,凱基-岡山,2023-09-05,9209
2516,新建,6,0,6,凱基-岡山,2023-09-05,9209
3071,協禧,6,0,6,凱基-岡山,2023-09-05,9209
6213,聯茂,12,6,6,凱基-岡山,2023-09-05,9209
1734,杏輝,5,0,5,凱基-岡山,2023-09-05,9209
3691,碩禾,5,0,5,凱基-岡山,2023-09-05,9209
4945,陞達科技,5,0,5,凱基-岡山,2023-09-05,9209
2609,陽明,7,2,5,凱基-岡山,2023-09-05,9209
2546,根基,4,0,4,凱基-岡山,2023-09-05,9209
1471,首利,5,1,4,凱基-岡山,2023-09-05,9209
2482,連宇,6,2,4,凱基-岡山,2023-09-05,9209
3260,威剛,6,2,4,凱基-岡山,2023-09-05,9209
5880,合庫金,4,0,4,凱基-岡山,2023-09-05,9209
00919,群益台灣精選高息,90,3,87,凱基-岡山,2023-09-06,9209
2603,長榮,70,1,69,凱基-岡山,2023-09-06,9209
2610,華航,50,0,50,凱基-岡山,2023-09-06,9209
3035,智原,49,7,42,凱基-岡山,2023-09-06,9209
2363,矽統,108,68,40,凱基-岡山,2023-09-06,9209
3481,群創,34,0,34,凱基-岡山,2023-09-06,9209
00918,大華優利高填息30,31,1,30,凱基-岡山,2023-09-06,9209
3432,台端,25,0,25,凱基-岡山,2023-09-06,9209
8112,至上,64,42,22,凱基-岡山,2023-09-06,9209
1104,環泥,21,0,21,凱基-岡山,2023-09-06,9209
1605,華新,20,0,20,凱基-岡山,2023-09-06,9209
2022,聚亨,20,0,20,凱基-岡山,2023-09-06,9209
2516,新建,20,0,20,凱基-岡山,2023-09-06,9209
4113,聯上,20,0,20,凱基-岡山,2023-09-06,9209
00878,國泰永續高股息,25,6,19,凱基-岡山,2023-09-06,9209
2888,新光金,19,0,19,凱基-岡山,2023-09-06,9209
8930,青鋼,30,12,18,凱基-岡山,2023-09-06,9209
2402,毅嘉,27,10,17,凱基-岡山,2023-09-06,9209
2344,華邦電,154,140,14,凱基-岡山,2023-09-06,9209
3049,精金,15,1,14,凱基-岡山,2023-09-06,9209
00632R,元大台灣50反1,13,0,13,凱基-岡山,2023-09-06,9209
3042,晶技,17,4,13,凱基-岡山,2023-09-06,9209
00882,中信中國高股息,23,10,13,凱基-岡山,2023-09-06,9209
2312,金寶,12,0,12,凱基-岡山,2023-09-06,9209
1402,遠東新,11,0,11,凱基-岡山,2023-09-06,9209
2816,旺旺保,12,1,11,凱基-岡山,2023-09-06,9209
3071,協禧,11,0,11,凱基-岡山,2023-09-06,9209
00713,元大台灣高息低波,10,0,10,凱基-岡山,2023-09-06,9209
6274,台燿,19,9,10,凱基-岡山,2023-09-06,9209
00652,富邦印度,10,0,10,凱基-岡山,2023-09-06,9209
00795B,中信美國公債20年,9,0,9,凱基-岡山,2023-09-06,9209
3265,台星科,10,1,9,凱基-岡山,2023-09-06,9209
5381,合正,23,14,9,凱基-岡山,2023-09-06,9209
00891,中信關鍵半導體,8,0,8,凱基-岡山,2023-09-06,9209
3231,緯創,12,4,8,凱基-岡山,2023-09-06,9209
3013,晟銘電,14,6,8,凱基-岡山,2023-09-06,9209
2356,英業達,18,10,8,凱基-岡山,2023-09-06,9209
00923,群益台ESG低碳50,7,0,7,凱基-岡山,2023-09-06,9209
2880,華南金,8,1,7,凱基-岡山,2023-09-06,9209
4908,前鼎,8,1,7,凱基-岡山,2023-09-06,9209
2834,臺企銀,7,0,7,凱基-岡山,2023-09-06,9209
3715,定穎投控,17,11,6,凱基-岡山,2023-09-06,9209
2308,台達電,6,0,6,凱基-岡山,2023-09-06,9209
2301,光寶科,6,0,6,凱基-岡山,2023-09-06,9209
2481,強茂,6,0,6,凱基-岡山,2023-09-06,9209
3583,辛耘,7,1,6,凱基-岡山,2023-09-06,9209
6548,長科*,6,0,6,凱基-岡山,2023-09-06,9209
00931B,統一美債20年,5,0,5,凱基-岡山,2023-09-06,9209
00751B,元大AAA至A公司債,5,0,5,凱基-岡山,2023-09-06,9209
2609,陽明,5,0,5,凱基-岡山,2023-09-06,9209
00929,復華台灣科技優息,199,36,163,凱基-岡山,2023-09-07,9209
4533,協易機,113,25,88,凱基-岡山,2023-09-07,9209
2024,志聯,60,0,60,凱基-岡山,2023-09-07,9209
2328,廣宇,57,5,52,凱基-岡山,2023-09-07,9209
2485,兆赫,39,14,25,凱基-岡山,2023-09-07,9209
4510,高鋒,25,1,24,凱基-岡山,2023-09-07,9209
1434,福懋,20,0,20,凱基-岡山,2023-09-07,9209
00673R,期元大S＆P原油反1,18,0,18,凱基-岡山,2023-09-07,9209
6282,康舒,16,2,14,凱基-岡山,2023-09-07,9209
2009,第一銅,12,0,12,凱基-岡山,2023-09-07,9209
2368,金像電,11,0,11,凱基-岡山,2023-09-07,9209
3567,逸昌,12,1,11,凱基-岡山,2023-09-07,9209
00900,富邦特選高股息30,12,2,10,凱基-岡山,2023-09-07,9209
1319,東陽,10,0,10,凱基-岡山,2023-09-07,9209
2401,凌陽,36,26,10,凱基-岡山,2023-09-07,9209
2606,裕民,11,1,10,凱基-岡山,2023-09-07,9209
2608,嘉里大榮,10,0,10,凱基-岡山,2023-09-07,9209
6120,達運,10,0,10,凱基-岡山,2023-09-07,9209
1612,宏泰,10,1,9,凱基-岡山,2023-09-07,9209
5469,瀚宇博,10,1,9,凱基-岡山,2023-09-07,9209
00902,中信電池及儲能,8,0,8,凱基-岡山,2023-09-07,9209
1101,台泥,9,1,8,凱基-岡山,2023-09-07,9209
00919,群益台灣精選高息,35,27,8,凱基-岡山,2023-09-07,9209
3481,群創,11,4,7,凱基-岡山,2023-09-07,9209
2377,微星,7,0,7,凱基-岡山,2023-09-07,9209
2476,鉅祥,7,0,7,凱基-岡山,2023-09-07,9209
6274,台燿,17,10,7,凱基-岡山,2023-09-07,9209
2449,京元電子,7,0,7,凱基-岡山,2023-09-07,9209
2330,台積電,7,0,7,凱基-岡山,2023-09-07,9209
2356,英業達,13,6,7,凱基-岡山,2023-09-07,9209
2884,玉山金,7,1,6,凱基-岡山,2023-09-07,9209
2402,毅嘉,7,1,6,凱基-岡山,2023-09-07,9209
3209,全科,7,1,6,凱基-岡山,2023-09-07,9209
3715,定穎投控,49,43,6,凱基-岡山,2023-09-07,9209
3338,泰碩,12,6,6,凱基-岡山,2023-09-07,9209
00751B,元大AAA至A公司債,5,0,5,凱基-岡山,2023-09-07,9209
00679B,元大美債20年,5,0,5,凱基-岡山,2023-09-07,9209
1717,長興,5,0,5,凱基-岡山,2023-09-07,9209
3231,緯創,18,13,5,凱基-岡山,2023-09-07,9209
00894,中信小資高價30,13,8,5,凱基-岡山,2023-09-07,9209
2027,大成鋼,5,0,5,凱基-岡山,2023-09-07,9209
2355,敬鵬,7,2,5,凱基-岡山,2023-09-07,9209
2547,日勝生,5,0,5,凱基-岡山,2023-09-07,9209
2609,陽明,5,0,5,凱基-岡山,2023-09-07,9209
2883,凱基金,12,7,5,凱基-岡山,2023-09-07,9209
2892,第一金,5,0,5,凱基-岡山,2023-09-07,9209
2913,農林,5,0,5,凱基-岡山,2023-09-07,9209
3447,展達,5,0,5,凱基-岡山,2023-09-07,9209
6719,力智,10,5,5,凱基-岡山,2023-09-07,9209
2382,廣達,7,2,5,凱基-岡山,2023-09-07,9209
4533,協易機,93,21,72,凱基-岡山,2023-09-08,9209
3481,群創,66,3,63,凱基-岡山,2023-09-08,9209
00929,復華台灣科技優息,68,23,45,凱基-岡山,2023-09-08,9209
2401,凌陽,44,0,44,凱基-岡山,2023-09-08,9209
00919,群益台灣精選高息,41,0,41,凱基-岡山,2023-09-08,9209
2610,華航,42,4,38,凱基-岡山,2023-09-08,9209
00673R,期元大S＆P原油反1,28,0,28,凱基-岡山,2023-09-08,9209
00918,大華優利高填息30,26,0,26,凱基-岡山,2023-09-08,9209
3583,辛耘,20,0,20,凱基-岡山,2023-09-08,9209
1402,遠東新,19,0,19,凱基-岡山,2023-09-08,9209
00637L,元大滬深300正2,20,4,16,凱基-岡山,2023-09-08,9209
6282,康舒,16,0,16,凱基-岡山,2023-09-08,9209
8050,廣積,31,16,15,凱基-岡山,2023-09-08,9209
00915,凱基優選高股息30,13,0,13,凱基-岡山,2023-09-08,9209
00932,兆豐永續高息等權,14,1,13,凱基-岡山,2023-09-08,9209
1101,台泥,13,0,13,凱基-岡山,2023-09-08,9209
2406,國碩,13,0,13,凱基-岡山,2023-09-08,9209
3014,聯陽,17,5,12,凱基-岡山,2023-09-08,9209
00713,元大台灣高息低波,12,0,12,凱基-岡山,2023-09-08,9209
2344,華邦電,11,0,11,凱基-岡山,2023-09-08,9209
2002,中鋼,11,0,11,凱基-岡山,2023-09-08,9209
00900,富邦特選高股息30,10,0,10,凱基-岡山,2023-09-08,9209
00922,國泰台灣領袖50,10,0,10,凱基-岡山,2023-09-08,9209
4113,聯上,10,0,10,凱基-岡山,2023-09-08,9209
2024,志聯,9,0,9,凱基-岡山,2023-09-08,9209
2382,廣達,20,12,8,凱基-岡山,2023-09-08,9209
2031,新光鋼,8,0,8,凱基-岡山,2023-09-08,9209
8358,金居,8,0,8,凱基-岡山,2023-09-08,9209
6274,台燿,12,4,8,凱基-岡山,2023-09-08,9209
2402,毅嘉,19,12,7,凱基-岡山,2023-09-08,9209
2633,台灣高鐵,7,0,7,凱基-岡山,2023-09-08,9209
6150,撼訊,7,0,7,凱基-岡山,2023-09-08,9209
1471,首利,19,13,6,凱基-岡山,2023-09-08,9209
2313,華通,10,4,6,凱基-岡山,2023-09-08,9209
2515,中工,6,0,6,凱基-岡山,2023-09-08,9209
2645,長榮航太,6,0,6,凱基-岡山,2023-09-08,9209
3576,聯合再生,6,0,6,凱基-岡山,2023-09-08,9209
6285,啟��,14,9,5,凱基-岡山,2023-09-08,9209
00680L,元大美債20正2,5,0,5,凱基-岡山,2023-09-08,9209
2852,第一保,8,3,5,凱基-岡山,2023-09-08,9209
2883B,凱基金乙特,5,0,5,凱基-岡山,2023-09-08,9209
2913,農林,5,0,5,凱基-岡山,2023-09-08,9209
3056,富華新,5,0,5,凱基-岡山,2023-09-08,9209
6148,驊宏資,5,0,5,凱基-岡山,2023-09-08,9209
6244,茂迪,6,1,5,凱基-岡山,2023-09-08,9209
3231,緯創,6,1,5,凱基-岡山,2023-09-08,9209
2376,技嘉,18,14,4,凱基-岡山,2023-09-08,9209
00902,中信電池及儲能,4,0,4,凱基-岡山,2023-09-08,9209
6488,環球晶,4,0,4,凱基-岡山,2023-09-08,9209
1789,神隆,4,0,4,凱基-岡山,2023-09-08,9209
2363,矽統,255,123,132,凱基-岡山,2023-09-11,9209
00915,凱基優選高股息30,106,0,106,凱基-岡山,2023-09-11,9209
00929,復華台灣科技優息,104,4,100,凱基-岡山,2023-09-11,9209
2024,志聯,42,0,42,凱基-岡山,2023-09-11,9209
00878,國泰永續高股息,72,35,37,凱基-岡山,2023-09-11,9209
00673R,期元大S＆P原油反1,36,0,36,凱基-岡山,2023-09-11,9209
6548,長科*,34,0,34,凱基-岡山,2023-09-11,9209
00706L,期元大S＆P日圓正2,30,0,30,凱基-岡山,2023-09-11,9209
4533,協易機,33,4,29,凱基-岡山,2023-09-11,9209
00918,大華優利高填息30,27,1,26,凱基-岡山,2023-09-11,9209
00919,群益台灣精選高息,48,24,24,凱基-岡山,2023-09-11,9209
2409,友達,23,0,23,凱基-岡山,2023-09-11,9209
2618,長榮航,65,42,23,凱基-岡山,2023-09-11,9209
3011,今皓,23,2,21,凱基-岡山,2023-09-11,9209
2888,新光金,19,0,19,凱基-岡山,2023-09-11,9209
0056,元大高股息,30,12,18,凱基-岡山,2023-09-11,9209
00751B,元大AAA至A公司債,21,4,17,凱基-岡山,2023-09-11,9209
1616,億泰,16,0,16,凱基-岡山,2023-09-11,9209
9105,泰金寶-DR,16,0,16,凱基-岡山,2023-09-11,9209
1310,台苯,15,0,15,凱基-岡山,2023-09-11,9209
1312,國喬,15,0,15,凱基-岡山,2023-09-11,9209
1319,東陽,16,1,15,凱基-岡山,2023-09-11,9209
1514,亞力,15,0,15,凱基-岡山,2023-09-11,9209
2324,仁寶,15,0,15,凱基-岡山,2023-09-11,9209
2368,金像電,22,8,14,凱基-岡山,2023-09-11,9209
2401,凌陽,17,4,13,凱基-岡山,2023-09-11,9209
6116,彩晶,15,2,13,凱基-岡山,2023-09-11,9209
2455,全新,13,0,13,凱基-岡山,2023-09-11,9209
2892,第一金,12,0,12,凱基-岡山,2023-09-11,9209
2834,臺企銀,11,0,11,凱基-岡山,2023-09-11,9209
00894,中信小資高價30,16,5,11,凱基-岡山,2023-09-11,9209
2884,玉山金,12,1,11,凱基-岡山,2023-09-11,9209
3708,上緯投控,11,0,11,凱基-岡山,2023-09-11,9209
2031,新光鋼,10,0,10,凱基-岡山,2023-09-11,9209
3047,訊舟,10,0,10,凱基-岡山,2023-09-11,9209
4188,安克,10,0,10,凱基-岡山,2023-09-11,9209
8028,昇陽半導體,10,0,10,凱基-岡山,2023-09-11,9209
2382,廣達,16,6,10,凱基-岡山,2023-09-11,9209
2634,漢翔,25,16,9,凱基-岡山,2023-09-11,9209
3206,志豐,8,0,8,凱基-岡山,2023-09-11,9209
6770,力積電,8,0,8,凱基-岡山,2023-09-11,9209
2492,華新科,7,0,7,凱基-岡山,2023-09-11,9209
2913,農林,8,1,7,凱基-岡山,2023-09-11,9209
3049,精金,7,0,7,凱基-岡山,2023-09-11,9209
8210,勤誠,7,0,7,凱基-岡山,2023-09-11,9209
2388,威盛,12,6,6,凱基-岡山,2023-09-11,9209
2405,輔信,18,12,6,凱基-岡山,2023-09-11,9209
5498,凱崴,6,0,6,凱基-岡山,2023-09-11,9209
00922,國泰台灣領袖50,6,0,6,凱基-岡山,2023-09-11,9209
00900,富邦特選高股息30,5,0,5,凱基-岡山,2023-09-11,9209
00929,復華台灣科技優息,132,10,122,凱基-岡山,2023-09-12,9209
2610,華航,107,1,106,凱基-岡山,2023-09-12,9209
2618,長榮航,49,1,48,凱基-岡山,2023-09-12,9209
00673R,期元大S＆P原油反1,47,0,47,凱基-岡山,2023-09-12,9209
2637,慧洋-KY,41,0,41,凱基-岡山,2023-09-12,9209
8027,鈦昇,31,0,31,凱基-岡山,2023-09-12,9209
00632R,元大台灣50反1,27,0,27,凱基-岡山,2023-09-12,9209
2417,圓剛,25,0,25,凱基-岡山,2023-09-12,9209
00915,凱基優選高股息30,23,0,23,凱基-岡山,2023-09-12,9209
00919,群益台灣精選高息,22,0,22,凱基-岡山,2023-09-12,9209
3615,安可,20,0,20,凱基-岡山,2023-09-12,9209
3645,達邁,25,5,20,凱基-岡山,2023-09-12,9209
00878,國泰永續高股息,26,8,18,凱基-岡山,2023-09-12,9209
2834,臺企銀,17,2,15,凱基-岡山,2023-09-12,9209
2883B,凱基金乙特,15,0,15,凱基-岡山,2023-09-12,9209
3036A,文曄甲特,15,0,15,凱基-岡山,2023-09-12,9209
2538,基泰,18,4,14,凱基-岡山,2023-09-12,9209
00922,國泰台灣領袖50,13,0,13,凱基-岡山,2023-09-12,9209
1609,大亞,12,2,10,凱基-岡山,2023-09-12,9209
2641,正德,10,0,10,凱基-岡山,2023-09-12,9209
3704,合勤控,13,3,10,凱基-岡山,2023-09-12,9209
6116,彩晶,10,0,10,凱基-岡山,2023-09-12,9209
5880,合庫金,10,1,9,凱基-岡山,2023-09-12,9209
2002,中鋼,9,0,9,凱基-岡山,2023-09-12,9209
2883,凱基金,10,1,9,凱基-岡山,2023-09-12,9209
2884,玉山金,8,0,8,凱基-岡山,2023-09-12,9209
2887,台新金,7,0,7,凱基-岡山,2023-09-12,9209
00891,中信關鍵半導體,6,0,6,凱基-岡山,2023-09-12,9209
6120,達運,9,3,6,凱基-岡山,2023-09-12,9209
3231,緯創,16,11,5,凱基-岡山,2023-09-12,9209
8033,雷虎,5,0,5,凱基-岡山,2023-09-12,9209
00712,復華富時不動產,5,0,5,凱基-岡山,2023-09-12,9209
2006,東和鋼鐵,5,0,5,凱基-岡山,2023-09-12,9209
3033,威健,5,0,5,凱基-岡山,2023-09-12,9209
3322,建舜電,5,0,5,凱基-岡山,2023-09-12,9209
4564,元翎,5,0,5,凱基-岡山,2023-09-12,9209
5347,世界,5,0,5,凱基-岡山,2023-09-12,9209
5474,聰泰,5,0,5,凱基-岡山,2023-09-12,9209
2388,威盛,10,6,4,凱基-岡山,2023-09-12,9209
1568,倉佑,4,0,4,凱基-岡山,2023-09-12,9209
1810,和成,4,0,4,凱基-岡山,2023-09-12,9209
2402,毅嘉,5,1,4,凱基-岡山,2023-09-12,9209
2427,三商電,6,2,4,凱基-岡山,2023-09-12,9209
2630,亞航,9,5,4,凱基-岡山,2023-09-12,9209
2634,漢翔,7,3,4,凱基-岡山,2023-09-12,9209
3311,閎暉,4,0,4,凱基-岡山,2023-09-12,9209
3363,上詮,4,0,4,凱基-岡山,2023-09-12,9209
6531,愛普*,4,0,4,凱基-岡山,2023-09-12,9209
6547,高端疫苗,4,0,4,凱基-岡山,2023-09-12,9209
2330,台積電,4,1,3,凱基-岡山,2023-09-12,9209
4533,協易機,100,30,70,凱基-岡山,2023-09-13,9209
00673R,期元大S＆P原油反1,67,0,67,凱基-岡山,2023-09-13,9209
00919,群益台灣精選高息,60,2,58,凱基-岡山,2023-09-13,9209
1316,上曜,58,5,53,凱基-岡山,2023-09-13,9209
2355,敬鵬,63,11,52,凱基-岡山,2023-09-13,9209
00915,凱基優選高股息30,53,2,51,凱基-岡山,2023-09-13,9209
3036A,文曄甲特,30,0,30,凱基-岡山,2023-09-13,9209
2816,旺旺保,27,0,27,凱基-岡山,2023-09-13,9209
3706,神達,27,2,25,凱基-岡山,2023-09-13,9209
3711,日月光投控,65,41,24,凱基-岡山,2023-09-13,9209
00722B,群益投資級電信債,19,0,19,凱基-岡山,2023-09-13,9209
2609,陽明,21,3,18,凱基-岡山,2023-09-13,9209
2634,漢翔,16,0,16,凱基-岡山,2023-09-13,9209
00900,富邦特選高股息30,15,3,12,凱基-岡山,2023-09-13,9209
2891,中信金,16,5,11,凱基-岡山,2023-09-13,9209
00927,群益半導體收益,11,0,11,凱基-岡山,2023-09-13,9209
1905,華紙,10,0,10,凱基-岡山,2023-09-13,9209
00923,群益台ESG低碳50,10,0,10,凱基-岡山,2023-09-13,9209
00931B,統一美債20年,10,0,10,凱基-岡山,2023-09-13,9209
2606,裕民,12,2,10,凱基-岡山,2023-09-13,9209
1101,台泥,9,0,9,凱基-岡山,2023-09-13,9209
6531,愛普*,10,1,9,凱基-岡山,2023-09-13,9209
8222,寶一,10,1,9,凱基-岡山,2023-09-13,9209
00902,中信電池及儲能,8,0,8,凱基-岡山,2023-09-13,9209
1720,生達,8,1,7,凱基-岡山,2023-09-13,9209
2468,華經,7,0,7,凱基-岡山,2023-09-13,9209
3481,群創,7,0,7,凱基-岡山,2023-09-13,9209
3049,精金,6,0,6,凱基-岡山,2023-09-13,9209
6547,高端疫苗,6,0,6,凱基-岡山,2023-09-13,9209
3035,智原,10,4,6,凱基-岡山,2023-09-13,9209
1220,台榮,5,0,5,凱基-岡山,2023-09-13,9209
00893,國泰智能電動車,5,0,5,凱基-岡山,2023-09-13,9209
1339,昭輝,5,0,5,凱基-岡山,2023-09-13,9209
1402,遠東新,5,0,5,凱基-岡山,2023-09-13,9209
2031,新光鋼,10,5,5,凱基-岡山,2023-09-13,9209
3033,威健,5,0,5,凱基-岡山,2023-09-13,9209
4541,晟田,5,0,5,凱基-岡山,2023-09-13,9209
2801,彰銀,4,0,4,凱基-岡山,2023-09-13,9209
00922,國泰台灣領袖50,4,0,4,凱基-岡山,2023-09-13,9209
1515,力山,8,4,4,凱基-岡山,2023-09-13,9209
2387,精元,4,0,4,凱基-岡山,2023-09-13,9209
3624,光頡,7,3,4,凱基-岡山,2023-09-13,9209
4572,駐龍,4,0,4,凱基-岡山,2023-09-13,9209
5426,振發,4,0,4,凱基-岡山,2023-09-13,9209
00932,兆豐永續高息等權,4,0,4,凱基-岡山,2023-09-13,9209
00751B,元大AAA至A公司債,3,0,3,凱基-岡山,2023-09-13,9209
6282,康舒,8,5,3,凱基-岡山,2023-09-13,9209
1802,台玻,5,2,3,凱基-岡山,2023-09-13,9209
1810,和成,3,0,3,凱基-岡山,2023-09-13,9209
2425,承啟,3,0,3,凱基-岡山,2023-09-13,9209
00632R,元大台灣50反1,220,77,143,凱基-岡山,2023-09-14,9209
00929,復華台灣科技優息,107,14,93,凱基-岡山,2023-09-14,9209
00676R,富邦臺灣加權反1,50,0,50,凱基-岡山,2023-09-14,9209
00673R,期元大S＆P原油反1,40,0,40,凱基-岡山,2023-09-14,9209
2816,旺旺保,29,0,29,凱基-岡山,2023-09-14,9209
00919,群益台灣精選高息,29,0,29,凱基-岡山,2023-09-14,9209
2618,長榮航,28,2,26,凱基-岡山,2023-09-14,9209
3706,神達,47,25,22,凱基-岡山,2023-09-14,9209
00664R,國泰臺灣加權反1,20,0,20,凱基-岡山,2023-09-14,9209
2883,凱基金,15,0,15,凱基-岡山,2023-09-14,9209
5328,華容,15,0,15,凱基-岡山,2023-09-14,9209
00923,群益台ESG低碳50,13,0,13,凱基-岡山,2023-09-14,9209
3591,艾笛森,11,0,11,凱基-岡山,2023-09-14,9209
2801,彰銀,10,0,10,凱基-岡山,2023-09-14,9209
00753L,中信中國50正2,10,0,10,凱基-岡山,2023-09-14,9209
00850,元大臺灣ESG永續,10,0,10,凱基-岡山,2023-09-14,9209
3013,晟銘電,10,0,10,凱基-岡山,2023-09-14,9209
3014,聯陽,14,4,10,凱基-岡山,2023-09-14,9209
3260,威剛,14,4,10,凱基-岡山,2023-09-14,9209
3531,先益,10,0,10,凱基-岡山,2023-09-14,9209
5353,台林,10,0,10,凱基-岡山,2023-09-14,9209
8924,大田,10,0,10,凱基-岡山,2023-09-14,9209
6841,長佳智能,9,0,9,凱基-岡山,2023-09-14,9209
6531,愛普*,15,7,8,凱基-岡山,2023-09-14,9209
2482,連宇,8,0,8,凱基-岡山,2023-09-14,9209
3276,宇環,8,0,8,凱基-岡山,2023-09-14,9209
1524,耿鼎,21,14,7,凱基-岡山,2023-09-14,9209
6667,信紘科,7,0,7,凱基-岡山,2023-09-14,9209
00882,中信中國高股息,9,2,7,凱基-岡山,2023-09-14,9209
6285,啟��,13,7,6,凱基-岡山,2023-09-14,9209
2886,兆豐金,6,0,6,凱基-岡山,2023-09-14,9209
2376,技嘉,6,0,6,凱基-岡山,2023-09-14,9209
1521,大億,11,5,6,凱基-岡山,2023-09-14,9209
1785,光洋科,6,0,6,凱基-岡山,2023-09-14,9209
2356,英業達,10,4,6,凱基-岡山,2023-09-14,9209
2457,飛宏,11,5,6,凱基-岡山,2023-09-14,9209
2371,大同,8,2,6,凱基-岡山,2023-09-14,9209
00931B,統一美債20年,5,0,5,凱基-岡山,2023-09-14,9209
00856B,永豐1-3年美公債,5,0,5,凱基-岡山,2023-09-14,9209
2408,南亞科,6,1,5,凱基-岡山,2023-09-14,9209
2425,承啟,9,4,5,凱基-岡山,2023-09-14,9209
2637,慧洋-KY,12,7,5,凱基-岡山,2023-09-14,9209
3078,僑威,5,0,5,凱基-岡山,2023-09-14,9209
3308,聯德,5,0,5,凱基-岡山,2023-09-14,9209
4946,辣椒,5,0,5,凱基-岡山,2023-09-14,9209
6139,亞翔,5,0,5,凱基-岡山,2023-09-14,9209
8155,博智,5,0,5,凱基-岡山,2023-09-14,9209
2324,仁寶,5,1,4,凱基-岡山,2023-09-14,9209
3231,緯創,25,21,4,凱基-岡山,2023-09-14,9209
2337,旺宏,4,0,4,凱基-岡山,2023-09-14,9209
00929,復華台灣科技優息,239,12,227,凱基-岡山,2023-09-15,9209
00915,凱基優選高股息30,143,0,143,凱基-岡山,2023-09-15,9209
3481,群創,105,4,101,凱基-岡山,2023-09-15,9209
2363,矽統,120,53,67,凱基-岡山,2023-09-15,9209
00673R,期元大S＆P原油反1,60,0,60,凱基-岡山,2023-09-15,9209
2449,京元電子,62,7,55,凱基-岡山,2023-09-15,9209
00900,富邦特選高股息30,57,5,52,凱基-岡山,2023-09-15,9209
5608,四維航,34,0,34,凱基-岡山,2023-09-15,9209
00919,群益台灣精選高息,96,65,31,凱基-岡山,2023-09-15,9209
1101,台泥,31,0,31,凱基-岡山,2023-09-15,9209
2816,旺旺保,27,3,24,凱基-岡山,2023-09-15,9209
00632R,元大台灣50反1,22,0,22,凱基-岡山,2023-09-15,9209
4114,健喬,20,0,20,凱基-岡山,2023-09-15,9209
3325,旭品,26,10,16,凱基-岡山,2023-09-15,9209
2892,第一金,16,0,16,凱基-岡山,2023-09-15,9209
00751B,元大AAA至A公司債,13,0,13,凱基-岡山,2023-09-15,9209
00713,元大台灣高息低波,13,0,13,凱基-岡山,2023-09-15,9209
2476,鉅祥,14,1,13,凱基-岡山,2023-09-15,9209
3363,上詮,17,4,13,凱基-岡山,2023-09-15,9209
1584,精剛,12,0,12,凱基-岡山,2023-09-15,9209
8109,博大,12,0,12,凱基-岡山,2023-09-15,9209
00664R,國泰臺灣加權反1,10,0,10,凱基-岡山,2023-09-15,9209
2022,聚亨,10,0,10,凱基-岡山,2023-09-15,9209
2399,映泰,12,2,10,凱基-岡山,2023-09-15,9209
8054,安國,10,0,10,凱基-岡山,2023-09-15,9209
9105,泰金寶-DR,10,0,10,凱基-岡山,2023-09-15,9209
2355,敬鵬,11,2,9,凱基-岡山,2023-09-15,9209
2618,長榮航,10,1,9,凱基-岡山,2023-09-15,9209
6274,台燿,13,4,9,凱基-岡山,2023-09-15,9209
2312,金寶,8,0,8,凱基-岡山,2023-09-15,9209
3704,合勤控,11,3,8,凱基-岡山,2023-09-15,9209
2233,宇隆,9,1,8,凱基-岡山,2023-09-15,9209
8033,雷虎,7,0,7,凱基-岡山,2023-09-15,9209
2645,長榮航太,7,0,7,凱基-岡山,2023-09-15,9209
00679B,元大美債20年,7,0,7,凱基-岡山,2023-09-15,9209
00922,國泰台灣領袖50,7,0,7,凱基-岡山,2023-09-15,9209
2834,臺企銀,7,0,7,凱基-岡山,2023-09-15,9209
2436,偉詮電,11,4,7,凱基-岡山,2023-09-15,9209
2313,華通,65,58,7,凱基-岡山,2023-09-15,9209
2891,中信金,6,0,6,凱基-岡山,2023-09-15,9209
3450,聯鈞,28,22,6,凱基-岡山,2023-09-15,9209
2409,友達,6,0,6,凱基-岡山,2023-09-15,9209
3206,志豐,6,0,6,凱基-岡山,2023-09-15,9209
3338,泰碩,7,1,6,凱基-岡山,2023-09-15,9209
4572,駐龍,5,0,5,凱基-岡山,2023-09-15,9209
2303,聯電,11,6,5,凱基-岡山,2023-09-15,9209
1301,台塑,5,0,5,凱基-岡山,2023-09-15,9209
2481,強茂,5,0,5,凱基-岡山,2023-09-15,9209
3071,協禧,5,0,5,凱基-岡山,2023-09-15,9209
3455,由田,5,0,5,凱基-岡山,2023-09-15,9209
00929,復華台灣科技優息,184,17,167,凱基-岡山,2023-09-18,9209
00919,群益台灣精選高息,91,0,91,凱基-岡山,2023-09-18,9209
1101,台泥,30,0,30,凱基-岡山,2023-09-18,9209
00915,凱基優選高股息30,30,0,30,凱基-岡山,2023-09-18,9209
00673R,期元大S＆P原油反1,25,0,25,凱基-岡山,2023-09-18,9209
2303,聯電,35,11,24,凱基-岡山,2023-09-18,9209
00751B,元大AAA至A公司債,22,0,22,凱基-岡山,2023-09-18,9209
3047,訊舟,20,0,20,凱基-岡山,2023-09-18,9209
3231,緯創,36,19,17,凱基-岡山,2023-09-18,9209
1301,台塑,15,0,15,凱基-岡山,2023-09-18,9209
2409,友達,13,0,13,凱基-岡山,2023-09-18,9209
3450,聯鈞,13,0,13,凱基-岡山,2023-09-18,9209
00921,兆豐龍頭等權重,12,0,12,凱基-岡山,2023-09-18,9209
2884,玉山金,17,5,12,凱基-岡山,2023-09-18,9209
6282,康舒,14,2,12,凱基-岡山,2023-09-18,9209
3711,日月光投控,11,0,11,凱基-岡山,2023-09-18,9209
00772B,中信高評級公司債,12,1,11,凱基-岡山,2023-09-18,9209
00922,國泰台灣領袖50,11,0,11,凱基-岡山,2023-09-18,9209
00930,永豐ESG低碳高息,10,0,10,凱基-岡山,2023-09-18,9209
1303,南亞,10,0,10,凱基-岡山,2023-09-18,9209
6505,台塑化,10,0,10,凱基-岡山,2023-09-18,9209
3036,文曄,10,1,9,凱基-岡山,2023-09-18,9209
1522,堤維西,12,4,8,凱基-岡山,2023-09-18,9209
6451,訊芯-KY,19,11,8,凱基-岡山,2023-09-18,9209
8054,安國,8,0,8,凱基-岡山,2023-09-18,9209
2313,華通,52,45,7,凱基-岡山,2023-09-18,9209
00679B,元大美債20年,7,0,7,凱基-岡山,2023-09-18,9209
00931B,統一美債20年,7,0,7,凱基-岡山,2023-09-18,9209
00830,國泰費城半導體,7,0,7,凱基-岡山,2023-09-18,9209
1815,富喬,14,7,7,凱基-岡山,2023-09-18,9209
3704,合勤控,12,5,7,凱基-岡山,2023-09-18,9209
8088,品安,7,0,7,凱基-岡山,2023-09-18,9209
00720B,元大投資級公司債,6,0,6,凱基-岡山,2023-09-18,9209
5347,世界,8,2,6,凱基-岡山,2023-09-18,9209
2027,大成鋼,10,4,6,凱基-岡山,2023-09-18,9209
3033,威健,6,0,6,凱基-岡山,2023-09-18,9209
6461,益得,6,0,6,凱基-岡山,2023-09-18,9209
6548,長科*,6,0,6,凱基-岡山,2023-09-18,9209
6877,鏵友益,6,0,6,凱基-岡山,2023-09-18,9209
2301,光寶科,7,2,5,凱基-岡山,2023-09-18,9209
2330,台積電,7,2,5,凱基-岡山,2023-09-18,9209
00687B,國泰20年美債,5,0,5,凱基-岡山,2023-09-18,9209
00795B,中信美國公債20年,5,0,5,凱基-岡山,2023-09-18,9209
1720,生達,10,5,5,凱基-岡山,2023-09-18,9209
2324,仁寶,7,2,5,凱基-岡山,2023-09-18,9209
2492,華新科,5,0,5,凱基-岡山,2023-09-18,9209
2633,台灣高鐵,5,0,5,凱基-岡山,2023-09-18,9209
2890,永豐金,5,0,5,凱基-岡山,2023-09-18,9209
3576,聯合再生,5,0,5,凱基-岡山,2023-09-18,9209
8271,宇瞻,5,0,5,凱基-岡山,2023-09-18,9209
00929,復華台灣科技優息,98,20,78,凱基-岡山,2023-09-19,9209
2538,基泰,54,1,53,凱基-岡山,2023-09-19,9209
2606,裕民,53,4,49,凱基-岡山,2023-09-19,9209
6548,長科*,44,0,44,凱基-岡山,2023-09-19,9209
00919,群益台灣精選高息,41,3,38,凱基-岡山,2023-09-19,9209
00679B,元大美債20年,34,0,34,凱基-岡山,2023-09-19,9209
1101,台泥,31,1,30,凱基-岡山,2023-09-19,9209
00878,國泰永續高股息,29,1,28,凱基-岡山,2023-09-19,9209
2402,毅嘉,105,81,24,凱基-岡山,2023-09-19,9209
4114,健喬,24,0,24,凱基-岡山,2023-09-19,9209
6282,康舒,24,3,21,凱基-岡山,2023-09-19,9209
2884,玉山金,20,0,20,凱基-岡山,2023-09-19,9209
5388,中磊,20,1,19,凱基-岡山,2023-09-19,9209
2634,漢翔,17,0,17,凱基-岡山,2023-09-19,9209
6667,信紘科,16,0,16,凱基-岡山,2023-09-19,9209
8054,安國,16,0,16,凱基-岡山,2023-09-19,9209
00915,凱基優選高股息30,14,1,13,凱基-岡山,2023-09-19,9209
2409,友達,12,0,12,凱基-岡山,2023-09-19,9209
00673R,期元大S＆P原油反1,12,0,12,凱基-岡山,2023-09-19,9209
3032,偉訓,13,1,12,凱基-岡山,2023-09-19,9209
3036,文曄,14,2,12,凱基-岡山,2023-09-19,9209
00921,兆豐龍頭等權重,13,2,11,凱基-岡山,2023-09-19,9209
00713,元大台灣高息低波,11,0,11,凱基-岡山,2023-09-19,9209
2913,農林,11,0,11,凱基-岡山,2023-09-19,9209
00930,永豐ESG低碳高息,10,0,10,凱基-岡山,2023-09-19,9209
6719,力智,11,1,10,凱基-岡山,2023-09-19,9209
8150,南茂,10,0,10,凱基-岡山,2023-09-19,9209
6213,聯茂,10,1,9,凱基-岡山,2023-09-19,9209
6901,鑽石投資,18,9,9,凱基-岡山,2023-09-19,9209
00922,國泰台灣領袖50,8,0,8,凱基-岡山,2023-09-19,9209
5880,合庫金,8,0,8,凱基-岡山,2023-09-19,9209
8033,雷虎,7,0,7,凱基-岡山,2023-09-19,9209
2328,廣宇,11,4,7,凱基-岡山,2023-09-19,9209
2492,華新科,6,0,6,凱基-岡山,2023-09-19,9209
2515,中工,11,5,6,凱基-岡山,2023-09-19,9209
4916,事欣科,6,0,6,凱基-岡山,2023-09-19,9209
2880,華南金,6,0,6,凱基-岡山,2023-09-19,9209
2313,華通,53,47,6,凱基-岡山,2023-09-19,9209
4979,華星光,10,4,6,凱基-岡山,2023-09-19,9209
3231,緯創,28,23,5,凱基-岡山,2023-09-19,9209
1717,長興,5,0,5,凱基-岡山,2023-09-19,9209
2481,強茂,5,0,5,凱基-岡山,2023-09-19,9209
2891,中信金,5,0,5,凱基-岡山,2023-09-19,9209
3081,聯亞,5,0,5,凱基-岡山,2023-09-19,9209
3372,典範,5,0,5,凱基-岡山,2023-09-19,9209
5392,能率,5,0,5,凱基-岡山,2023-09-19,9209
5474,聰泰,5,0,5,凱基-岡山,2023-09-19,9209
6139,亞翔,5,0,5,凱基-岡山,2023-09-19,9209
8034,榮群,7,2,5,凱基-岡山,2023-09-19,9209
8155,博智,5,0,5,凱基-岡山,2023-09-19,9209
00680L,元大美債20正2,401,28,373,凱基-岡山,2023-09-20,9209
2892,第一金,72,1,71,凱基-岡山,2023-09-20,9209
1316,上曜,50,2,48,凱基-岡山,2023-09-20,9209
5880,合庫金,42,0,42,凱基-岡山,2023-09-20,9209
00919,群益台灣精選高息,37,2,35,凱基-岡山,2023-09-20,9209
1101,台泥,34,0,34,凱基-岡山,2023-09-20,9209
2312,金寶,30,0,30,凱基-岡山,2023-09-20,9209
00921,兆豐龍頭等權重,25,0,25,凱基-岡山,2023-09-20,9209
2367,燿華,32,10,22,凱基-岡山,2023-09-20,9209
2882,國泰金,21,0,21,凱基-岡山,2023-09-20,9209
3013,晟銘電,22,1,21,凱基-岡山,2023-09-20,9209
6213,聯茂,20,0,20,凱基-岡山,2023-09-20,9209
2883,凱基金,16,0,16,凱基-岡山,2023-09-20,9209
2354,鴻準,13,0,13,凱基-岡山,2023-09-20,9209
2609,陽明,16,4,12,凱基-岡山,2023-09-20,9209
2409,友達,10,0,10,凱基-岡山,2023-09-20,9209
1612,宏泰,10,0,10,凱基-岡山,2023-09-20,9209
1802,台玻,10,0,10,凱基-岡山,2023-09-20,9209
4114,健喬,10,0,10,凱基-岡山,2023-09-20,9209
00713,元大台灣高息低波,10,1,9,凱基-岡山,2023-09-20,9209
3481,群創,10,1,9,凱基-岡山,2023-09-20,9209
6257,矽格,14,5,9,凱基-岡山,2023-09-20,9209
6901,鑽石投資,10,1,9,凱基-岡山,2023-09-20,9209
8054,安國,9,0,9,凱基-岡山,2023-09-20,9209
1605,華新,10,2,8,凱基-岡山,2023-09-20,9209
2834,臺企銀,8,0,8,凱基-岡山,2023-09-20,9209
3450,聯鈞,9,1,8,凱基-岡山,2023-09-20,9209
6667,信紘科,9,1,8,凱基-岡山,2023-09-20,9209
00891,中信關鍵半導體,10,3,7,凱基-岡山,2023-09-20,9209
00673R,期元大S＆P原油反1,17,10,7,凱基-岡山,2023-09-20,9209
2329,華泰,10,3,7,凱基-岡山,2023-09-20,9209
3049,精金,7,0,7,凱基-岡山,2023-09-20,9209
6235,華孚,7,0,7,凱基-岡山,2023-09-20,9209
4908,前鼎,7,1,6,凱基-岡山,2023-09-20,9209
0055,元大MSCI金融,5,0,5,凱基-岡山,2023-09-20,9209
1471,首利,5,0,5,凱基-岡山,2023-09-20,9209
1789,神隆,5,0,5,凱基-岡山,2023-09-20,9209
2211,長榮鋼,5,0,5,凱基-岡山,2023-09-20,9209
2641,正德,8,3,5,凱基-岡山,2023-09-20,9209
2885,元大金,5,0,5,凱基-岡山,2023-09-20,9209
3206,志豐,5,0,5,凱基-岡山,2023-09-20,9209
6231,系微,5,0,5,凱基-岡山,2023-09-20,9209
6277,宏正,5,0,5,凱基-岡山,2023-09-20,9209
6488,環球晶,5,0,5,凱基-岡山,2023-09-20,9209
3231,緯創,31,26,5,凱基-岡山,2023-09-20,9209
2634,漢翔,4,0,4,凱基-岡山,2023-09-20,9209
00679B,元大美債20年,4,0,4,凱基-岡山,2023-09-20,9209
2884,玉山金,10,6,4,凱基-岡山,2023-09-20,9209
2201,裕隆,4,0,4,凱基-岡山,2023-09-20,9209
00922,國泰台灣領袖50,4,0,4,凱基-岡山,2023-09-20,9209
00665L,富邦�琤肭磪囓�2,552,0,552,凱基-岡山,2023-09-21,9209
00929,復華台灣科技優息,190,37,153,凱基-岡山,2023-09-21,9209
4114,健喬,30,0,30,凱基-岡山,2023-09-21,9209
8059,凱碩,30,0,30,凱基-岡山,2023-09-21,9209
1609,大亞,27,0,27,凱基-岡山,2023-09-21,9209
3711,日月光投控,42,16,26,凱基-岡山,2023-09-21,9209
2891,中信金,27,2,25,凱基-岡山,2023-09-21,9209
3673,TPK-KY,25,0,25,凱基-岡山,2023-09-21,9209
00753L,中信中國50正2,21,0,21,凱基-岡山,2023-09-21,9209
00915,凱基優選高股息30,18,0,18,凱基-岡山,2023-09-21,9209
00878,國泰永續高股息,25,8,17,凱基-岡山,2023-09-21,9209
3450,聯鈞,27,10,17,凱基-岡山,2023-09-21,9209
2002,中鋼,17,1,16,凱基-岡山,2023-09-21,9209
00932,兆豐永續高息等權,15,0,15,凱基-岡山,2023-09-21,9209
6667,信紘科,15,0,15,凱基-岡山,2023-09-21,9209
00919,群益台灣精選高息,16,2,14,凱基-岡山,2023-09-21,9209
0050,元大台灣50,14,0,14,凱基-岡山,2023-09-21,9209
8069,元太,19,5,14,凱基-岡山,2023-09-21,9209
1616,億泰,12,0,12,凱基-岡山,2023-09-21,9209
00673R,期元大S＆P原油反1,11,0,11,凱基-岡山,2023-09-21,9209
2633,台灣高鐵,11,0,11,凱基-岡山,2023-09-21,9209
6282,康舒,17,6,11,凱基-岡山,2023-09-21,9209
3481,群創,18,7,11,凱基-岡山,2023-09-21,9209
1101,台泥,11,1,10,凱基-岡山,2023-09-21,9209
00688L,國泰20年美債正2,10,0,10,凱基-岡山,2023-09-21,9209
2547,日勝生,10,0,10,凱基-岡山,2023-09-21,9209
00921,兆豐龍頭等權重,9,0,9,凱基-岡山,2023-09-21,9209
3081,聯亞,11,2,9,凱基-岡山,2023-09-21,9209
2330,台積電,9,0,9,凱基-岡山,2023-09-21,9209
0056,元大高股息,12,3,9,凱基-岡山,2023-09-21,9209
2388,威盛,16,8,8,凱基-岡山,2023-09-21,9209
5880,合庫金,9,2,7,凱基-岡山,2023-09-21,9209
00922,國泰台灣領袖50,7,0,7,凱基-岡山,2023-09-21,9209
2367,燿華,18,11,7,凱基-岡山,2023-09-21,9209
2615,萬海,7,0,7,凱基-岡山,2023-09-21,9209
3265,台星科,7,0,7,凱基-岡山,2023-09-21,9209
2884,玉山金,6,0,6,凱基-岡山,2023-09-21,9209
2317,鴻海,5,0,5,凱基-岡山,2023-09-21,9209
00679B,元大美債20年,5,0,5,凱基-岡山,2023-09-21,9209
0055,元大MSCI金融,5,0,5,凱基-岡山,2023-09-21,9209
00752,中信中國50,5,0,5,凱基-岡山,2023-09-21,9209
00877,復華中國5G,5,0,5,凱基-岡山,2023-09-21,9209
2331,精英,5,0,5,凱基-岡山,2023-09-21,9209
2637,慧洋-KY,7,2,5,凱基-岡山,2023-09-21,9209
3630,新鉅科,5,0,5,凱基-岡山,2023-09-21,9209
5258,虹堡,5,0,5,凱基-岡山,2023-09-21,9209
6285,啟��,11,7,4,凱基-岡山,2023-09-21,9209
2882,國泰金,4,0,4,凱基-岡山,2023-09-21,9209
2885,元大金,4,0,4,凱基-岡山,2023-09-21,9209
00902,中信電池及儲能,16,12,4,凱基-岡山,2023-09-21,9209
2801,彰銀,338,0,338,凱基-岡山,2023-09-22,9209
2618,長榮航,87,0,87,凱基-岡山,2023-09-22,9209
2603,長榮,68,1,67,凱基-岡山,2023-09-22,9209
00751B,元大AAA至A公司債,52,0,52,凱基-岡山,2023-09-22,9209
2881,富邦金,43,3,40,凱基-岡山,2023-09-22,9209
2883,凱基金,34,1,33,凱基-岡山,2023-09-22,9209
5009,榮剛,30,0,30,凱基-岡山,2023-09-22,9209
3036,文曄,29,3,26,凱基-岡山,2023-09-22,9209
1101,台泥,21,0,21,凱基-岡山,2023-09-22,9209
00679B,元大美債20年,20,0,20,凱基-岡山,2023-09-22,9209
00680L,元大美債20正2,20,0,20,凱基-岡山,2023-09-22,9209
4114,健喬,16,0,16,凱基-岡山,2023-09-22,9209
00919,群益台灣精選高息,20,6,14,凱基-岡山,2023-09-22,9209
00922,國泰台灣領袖50,14,0,14,凱基-岡山,2023-09-22,9209
00900,富邦特選高股息30,13,1,12,凱基-岡山,2023-09-22,9209
00898,國泰基因免疫革命,12,0,12,凱基-岡山,2023-09-22,9209
3081,聯亞,12,0,12,凱基-岡山,2023-09-22,9209
00712,復華富時不動產,12,0,12,凱基-岡山,2023-09-22,9209
00931B,統一美債20年,11,0,11,凱基-岡山,2023-09-22,9209
00772B,中信高評級公司債,13,2,11,凱基-岡山,2023-09-22,9209
2834,臺企銀,11,0,11,凱基-岡山,2023-09-22,9209
3037,欣興,10,0,10,凱基-岡山,2023-09-22,9209
00706L,期元大S＆P日圓正2,10,0,10,凱基-岡山,2023-09-22,9209
00688L,國泰20年美債正2,10,0,10,凱基-岡山,2023-09-22,9209
2897,王道銀行,10,0,10,凱基-岡山,2023-09-22,9209
2330,台積電,9,0,9,凱基-岡山,2023-09-22,9209
00902,中信電池及儲能,9,0,9,凱基-岡山,2023-09-22,9209
00687B,國泰20年美債,9,0,9,凱基-岡山,2023-09-22,9209
6770,力積電,7,0,7,凱基-岡山,2023-09-22,9209
2606,裕民,7,1,6,凱基-岡山,2023-09-22,9209
4138,曜亞,6,0,6,凱基-岡山,2023-09-22,9209
2891,中信金,6,0,6,凱基-岡山,2023-09-22,9209
00632R,元大台灣50反1,5,0,5,凱基-岡山,2023-09-22,9209
2547,日勝生,5,0,5,凱基-岡山,2023-09-22,9209
2641,正德,11,6,5,凱基-岡山,2023-09-22,9209
3025,星通,8,3,5,凱基-岡山,2023-09-22,9209
3322,建舜電,6,1,5,凱基-岡山,2023-09-22,9209
3617,碩天,5,0,5,凱基-岡山,2023-09-22,9209
6122,擎邦,5,0,5,凱基-岡山,2023-09-22,9209
0050,元大台灣50,5,0,5,凱基-岡山,2023-09-22,9209
2884,玉山金,4,0,4,凱基-岡山,2023-09-22,9209
1444,力麗,6,2,4,凱基-岡山,2023-09-22,9209
2543,皇昌,4,0,4,凱基-岡山,2023-09-22,9209
3035,智原,10,6,4,凱基-岡山,2023-09-22,9209
4105,東洋,4,0,4,凱基-岡山,2023-09-22,9209
5347,世界,4,0,4,凱基-岡山,2023-09-22,9209
6158,禾昌,4,0,4,凱基-岡山,2023-09-22,9209
8110,華東,4,0,4,凱基-岡山,2023-09-22,9209
2313,華通,69,66,3,凱基-岡山,2023-09-22,9209
1216,統一,3,0,3,凱基-岡山,2023-09-22,9209
2801,彰銀,351,0,351,凱基-岡山,2023-09-25,9209
1101,台泥,88,0,88,凱基-岡山,2023-09-25,9209
00676R,富邦臺灣加權反1,50,0,50,凱基-岡山,2023-09-25,9209
00751B,元大AAA至A公司債,46,1,45,凱基-岡山,2023-09-25,9209
00632R,元大台灣50反1,105,60,45,凱基-岡山,2023-09-25,9209
00929,復華台灣科技優息,52,14,38,凱基-岡山,2023-09-25,9209
5880,合庫金,37,1,36,凱基-岡山,2023-09-25,9209
00919,群益台灣精選高息,23,0,23,凱基-岡山,2023-09-25,9209
4114,健喬,20,0,20,凱基-岡山,2023-09-25,9209
6405,悅城,20,0,20,凱基-岡山,2023-09-25,9209
2421,建準,31,16,15,凱基-岡山,2023-09-25,9209
1316,上曜,13,3,10,凱基-岡山,2023-09-25,9209
1524,耿鼎,11,1,10,凱基-岡山,2023-09-25,9209
1605,華新,10,0,10,凱基-岡山,2023-09-25,9209
2303,聯電,18,8,10,凱基-岡山,2023-09-25,9209
2340,台亞,11,1,10,凱基-岡山,2023-09-25,9209
2888,新光金,10,0,10,凱基-岡山,2023-09-25,9209
4953,緯軟,10,0,10,凱基-岡山,2023-09-25,9209
4961,天鈺,10,0,10,凱基-岡山,2023-09-25,9209
2412,中華電,9,0,9,凱基-岡山,2023-09-25,9209
2883,凱基金,8,0,8,凱基-岡山,2023-09-25,9209
00679B,元大美債20年,7,0,7,凱基-岡山,2023-09-25,9209
1319,東陽,7,1,6,凱基-岡山,2023-09-25,9209
00891,中信關鍵半導體,6,0,6,凱基-岡山,2023-09-25,9209
2612,中航,6,0,6,凱基-岡山,2023-09-25,9209
4908,前鼎,11,5,6,凱基-岡山,2023-09-25,9209
6274,台燿,9,3,6,凱基-岡山,2023-09-25,9209
00753L,中信中國50正2,5,0,5,凱基-岡山,2023-09-25,9209
00902,中信電池及儲能,5,0,5,凱基-岡山,2023-09-25,9209
1727,中華化,5,0,5,凱基-岡山,2023-09-25,9209
2455,全新,5,0,5,凱基-岡山,2023-09-25,9209
2481,強茂,5,0,5,凱基-岡山,2023-09-25,9209
2605,新興,6,1,5,凱基-岡山,2023-09-25,9209
2645,長榮航太,6,1,5,凱基-岡山,2023-09-25,9209
2838,聯邦銀,5,0,5,凱基-岡山,2023-09-25,9209
3685,元創精密,5,0,5,凱基-岡山,2023-09-25,9209
2882,國泰金,4,0,4,凱基-岡山,2023-09-25,9209
6285,啟��,6,2,4,凱基-岡山,2023-09-25,9209
00898,國泰基因免疫革命,12,8,4,凱基-岡山,2023-09-25,9209
6187,萬潤,4,0,4,凱基-岡山,2023-09-25,9209
6188,廣明,4,0,4,凱基-岡山,2023-09-25,9209
6451,訊芯-KY,4,0,4,凱基-岡山,2023-09-25,9209
8097,常珵,4,0,4,凱基-岡山,2023-09-25,9209
3044,健鼎,5,1,4,凱基-岡山,2023-09-25,9209
2355,敬鵬,4,1,3,凱基-岡山,2023-09-25,9209
8034,榮群,5,2,3,凱基-岡山,2023-09-25,9209
00673R,期元大S＆P原油反1,3,0,3,凱基-岡山,2023-09-25,9209
00900,富邦特選高股息30,10,7,3,凱基-岡山,2023-09-25,9209
1903,士紙,3,0,3,凱基-岡山,2023-09-25,9209
2201,裕隆,39,36,3,凱基-岡山,2023-09-25,9209
2801,彰銀,70,0,70,凱基-岡山,2023-09-26,9209
00919,群益台灣精選高息,58,2,56,凱基-岡山,2023-09-26,9209
5009,榮剛,41,0,41,凱基-岡山,2023-09-26,9209
00764B,群益25年美債,40,0,40,凱基-岡山,2023-09-26,9209
2618,長榮航,26,1,25,凱基-岡山,2023-09-26,9209
4114,健喬,24,0,24,凱基-岡山,2023-09-26,9209
2883,凱基金,25,3,22,凱基-岡山,2023-09-26,9209
3711,日月光投控,22,2,20,凱基-岡山,2023-09-26,9209
00929,復華台灣科技優息,31,13,18,凱基-岡山,2023-09-26,9209
2388,威盛,26,8,18,凱基-岡山,2023-09-26,9209
5347,世界,16,0,16,凱基-岡山,2023-09-26,9209
2634,漢翔,18,3,15,凱基-岡山,2023-09-26,9209
00679B,元大美債20年,15,0,15,凱基-岡山,2023-09-26,9209
1522,堤維西,24,10,14,凱基-岡山,2023-09-26,9209
6770,力積電,14,0,14,凱基-岡山,2023-09-26,9209
00687B,國泰20年美債,19,5,14,凱基-岡山,2023-09-26,9209
2002,中鋼,15,1,14,凱基-岡山,2023-09-26,9209
2303,聯電,15,4,11,凱基-岡山,2023-09-26,9209
2323,中環,11,0,11,凱基-岡山,2023-09-26,9209
2888,新光金,10,0,10,凱基-岡山,2023-09-26,9209
3390,旭軟,10,0,10,凱基-岡山,2023-09-26,9209
5608,四維航,10,0,10,凱基-岡山,2023-09-26,9209
3081,聯亞,9,0,9,凱基-岡山,2023-09-26,9209
1514,亞力,8,0,8,凱基-岡山,2023-09-26,9209
3481,群創,8,0,8,凱基-岡山,2023-09-26,9209
6285,啟��,7,0,7,凱基-岡山,2023-09-26,9209
00680L,元大美債20正2,7,0,7,凱基-岡山,2023-09-26,9209
2206,三陽工業,12,5,7,凱基-岡山,2023-09-26,9209
2382,廣達,29,22,7,凱基-岡山,2023-09-26,9209
2392,正崴,6,0,6,凱基-岡山,2023-09-26,9209
6122,擎邦,6,0,6,凱基-岡山,2023-09-26,9209
1471,首利,5,0,5,凱基-岡山,2023-09-26,9209
1717,長興,5,0,5,凱基-岡山,2023-09-26,9209
3264,欣銓,6,1,5,凱基-岡山,2023-09-26,9209
3372,典範,5,0,5,凱基-岡山,2023-09-26,9209
6257,矽格,5,0,5,凱基-岡山,2023-09-26,9209
2330,台積電,5,0,5,凱基-岡山,2023-09-26,9209
2882,國泰金,5,1,4,凱基-岡山,2023-09-26,9209
2363,矽統,10,6,4,凱基-岡山,2023-09-26,9209
00895,富邦未來車,5,1,4,凱基-岡山,2023-09-26,9209
00795B,中信美國公債20年,4,0,4,凱基-岡山,2023-09-26,9209
1324,地球,6,2,4,凱基-岡山,2023-09-26,9209
2610,華航,4,0,4,凱基-岡山,2023-09-26,9209
3615,安可,7,3,4,凱基-岡山,2023-09-26,9209
6282,康舒,4,0,4,凱基-岡山,2023-09-26,9209
00878,國泰永續高股息,16,12,4,凱基-岡山,2023-09-26,9209
2371,大同,15,12,3,凱基-岡山,2023-09-26,9209
2412,中華電,3,0,3,凱基-岡山,2023-09-26,9209
2881,富邦金,4,1,3,凱基-岡山,2023-09-26,9209
2884,玉山金,3,0,3,凱基-岡山,2023-09-26,9209
00929,復華台灣科技優息,62,10,52,凱基-岡山,2023-09-27,9209
2801,彰銀,50,0,50,凱基-岡山,2023-09-27,9209
00673R,期元大S＆P原油反1,38,0,38,凱基-岡山,2023-09-27,9209
2002,中鋼,34,2,32,凱基-岡山,2023-09-27,9209
2883,凱基金,31,0,31,凱基-岡山,2023-09-27,9209
1326,台化,31,0,31,凱基-岡山,2023-09-27,9209
2485,兆赫,23,0,23,凱基-岡山,2023-09-27,9209
1605,華新,22,0,22,凱基-岡山,2023-09-27,9209
00878,國泰永續高股息,23,1,22,凱基-岡山,2023-09-27,9209
2610,華航,18,0,18,凱基-岡山,2023-09-27,9209
2014,中鴻,17,0,17,凱基-岡山,2023-09-27,9209
00919,群益台灣精選高息,19,4,15,凱基-岡山,2023-09-27,9209
00882,中信中國高股息,15,0,15,凱基-岡山,2023-09-27,9209
00932,兆豐永續高息等權,15,0,15,凱基-岡山,2023-09-27,9209
2316,楠梓電,16,1,15,凱基-岡山,2023-09-27,9209
5347,世界,15,0,15,凱基-岡山,2023-09-27,9209
2891,中信金,13,0,13,凱基-岡山,2023-09-27,9209
3231,緯創,27,14,13,凱基-岡山,2023-09-27,9209
6418,詠昇,14,2,12,凱基-岡山,2023-09-27,9209
1316,上曜,12,0,12,凱基-岡山,2023-09-27,9209
00679B,元大美債20年,11,0,11,凱基-岡山,2023-09-27,9209
00915,凱基優選高股息30,10,0,10,凱基-岡山,2023-09-27,9209
2323,中環,10,0,10,凱基-岡山,2023-09-27,9209
1612,宏泰,10,0,10,凱基-岡山,2023-09-27,9209
1707,葡萄王,10,0,10,凱基-岡山,2023-09-27,9209
2451,創見,10,0,10,凱基-岡山,2023-09-27,9209
3036,文曄,14,4,10,凱基-岡山,2023-09-27,9209
2618,長榮航,58,50,8,凱基-岡山,2023-09-27,9209
2634,漢翔,9,1,8,凱基-岡山,2023-09-27,9209
2880,華南金,8,0,8,凱基-岡山,2023-09-27,9209
3264,欣銓,8,0,8,凱基-岡山,2023-09-27,9209
6451,訊芯-KY,8,0,8,凱基-岡山,2023-09-27,9209
00712,復華富時不動產,8,0,8,凱基-岡山,2023-09-27,9209
2609,陽明,11,4,7,凱基-岡山,2023-09-27,9209
1301,台塑,6,0,6,凱基-岡山,2023-09-27,9209
3390,旭軟,6,0,6,凱基-岡山,2023-09-27,9209
5285,界霖,6,0,6,凱基-岡山,2023-09-27,9209
00902,中信電池及儲能,5,0,5,凱基-岡山,2023-09-27,9209
1325,恆大,5,0,5,凱基-岡山,2023-09-27,9209
1802,台玻,6,1,5,凱基-岡山,2023-09-27,9209
3714,富采,6,1,5,凱基-岡山,2023-09-27,9209
5388,中磊,5,0,5,凱基-岡山,2023-09-27,9209
6770,力積電,5,0,5,凱基-岡山,2023-09-27,9209
8110,華東,5,0,5,凱基-岡山,2023-09-27,9209
8420,明揚,11,6,5,凱基-岡山,2023-09-27,9209
2303,聯電,11,7,4,凱基-岡山,2023-09-27,9209
2024,志聯,4,0,4,凱基-岡山,2023-09-27,9209
2421,建準,7,3,4,凱基-岡山,2023-09-27,9209
2884,玉山金,4,0,4,凱基-岡山,2023-09-27,9209
2889,國票金,4,0,4,凱基-岡山,2023-09-27,9209
2801,彰銀,511,8,503,凱基-岡山,2023-09-28,9209
2883,凱基金,354,0,354,凱基-岡山,2023-09-28,9209
1618,合機,47,2,45,凱基-岡山,2023-09-28,9209
2449,京元電子,47,5,42,凱基-岡山,2023-09-28,9209
00673R,期元大S＆P原油反1,41,0,41,凱基-岡山,2023-09-28,9209
3122,笙泉,66,34,32,凱基-岡山,2023-09-28,9209
2892,第一金,20,0,20,凱基-岡山,2023-09-28,9209
00929,復華台灣科技優息,30,10,20,凱基-岡山,2023-09-28,9209
8059,凱碩,20,0,20,凱基-岡山,2023-09-28,9209
3481,群創,21,5,16,凱基-岡山,2023-09-28,9209
3231,緯創,40,25,15,凱基-岡山,2023-09-28,9209
2206,三陽工業,19,5,14,凱基-岡山,2023-09-28,9209
00712,復華富時不動產,12,0,12,凱基-岡山,2023-09-28,9209
00900,富邦特選高股息30,13,1,12,凱基-岡山,2023-09-28,9209
2002,中鋼,13,1,12,凱基-岡山,2023-09-28,9209
1326,台化,11,0,11,凱基-岡山,2023-09-28,9209
3032,偉訓,11,0,11,凱基-岡山,2023-09-28,9209
00919,群益台灣精選高息,12,2,10,凱基-岡山,2023-09-28,9209
1303,南亞,10,0,10,凱基-岡山,2023-09-28,9209
1316,上曜,10,0,10,凱基-岡山,2023-09-28,9209
2023,燁輝,10,0,10,凱基-岡山,2023-09-28,9209
2388,威盛,10,0,10,凱基-岡山,2023-09-28,9209
4707,磐亞,10,0,10,凱基-岡山,2023-09-28,9209
6176,瑞儀,9,0,9,凱基-岡山,2023-09-28,9209
6488,環球晶,10,1,9,凱基-岡山,2023-09-28,9209
00931B,統一美債20年,8,0,8,凱基-岡山,2023-09-28,9209
3049,精金,8,0,8,凱基-岡山,2023-09-28,9209
4716,大立,8,0,8,凱基-岡山,2023-09-28,9209
4944,兆遠,8,0,8,凱基-岡山,2023-09-28,9209
2344,華邦電,12,4,8,凱基-岡山,2023-09-28,9209
2417,圓剛,7,0,7,凱基-岡山,2023-09-28,9209
6187,萬潤,11,4,7,凱基-岡山,2023-09-28,9209
3665,貿聯-KY,6,0,6,凱基-岡山,2023-09-28,9209
4542,科嶠,14,8,6,凱基-岡山,2023-09-28,9209
6418,詠昇,6,0,6,凱基-岡山,2023-09-28,9209
2834,臺企銀,5,0,5,凱基-岡山,2023-09-28,9209
00720B,元大投資級公司債,5,0,5,凱基-岡山,2023-09-28,9209
00753L,中信中國50正2,5,0,5,凱基-岡山,2023-09-28,9209
2353,宏��,5,0,5,凱基-岡山,2023-09-28,9209
2356,英業達,12,7,5,凱基-岡山,2023-09-28,9209
2363,矽統,68,63,5,凱基-岡山,2023-09-28,9209
2371,大同,5,0,5,凱基-岡山,2023-09-28,9209
2408,南亞科,5,0,5,凱基-岡山,2023-09-28,9209
2608,嘉里大榮,5,0,5,凱基-岡山,2023-09-28,9209
3322,建舜電,6,1,5,凱基-岡山,2023-09-28,9209
5474,聰泰,5,0,5,凱基-岡山,2023-09-28,9209
8088,品安,5,0,5,凱基-岡山,2023-09-28,9209
00687B,國泰20年美債,4,0,4,凱基-岡山,2023-09-28,9209
1467,南緯,4,0,4,凱基-岡山,2023-09-28,9209
1707,葡萄王,4,0,4,凱基-岡山,2023-09-28,9209
3450,聯鈞,110,6,104,凱基-岡山,2023-10-02,9209
00632R,元大台灣50反1,53,0,53,凱基-岡山,2023-10-02,9209
6122,擎邦,50,0,50,凱基-岡山,2023-10-02,9209
4114,健喬,40,0,40,凱基-岡山,2023-10-02,9209
5324,士開,40,1,39,凱基-岡山,2023-10-02,9209
2002,中鋼,21,0,21,凱基-岡山,2023-10-02,9209
00647L,元大S＆P500正2,21,0,21,凱基-岡山,2023-10-02,9209
00664R,國泰臺灣加權反1,20,0,20,凱基-岡山,2023-10-02,9209
6585,鼎基,20,0,20,凱基-岡山,2023-10-02,9209
2606,裕民,23,5,18,凱基-岡山,2023-10-02,9209
2409,友達,16,0,16,凱基-岡山,2023-10-02,9209
2882,國泰金,16,0,16,凱基-岡山,2023-10-02,9209
2356,英業達,30,16,14,凱基-岡山,2023-10-02,9209
2888,新光金,13,0,13,凱基-岡山,2023-10-02,9209
4716,大立,13,0,13,凱基-岡山,2023-10-02,9209
6196,帆宣,13,0,13,凱基-岡山,2023-10-02,9209
3036A,文曄甲特,12,0,12,凱基-岡山,2023-10-02,9209
00730,富邦臺灣優質高息,10,0,10,凱基-岡山,2023-10-02,9209
00882,中信中國高股息,10,0,10,凱基-岡山,2023-10-02,9209
2890,永豐金,10,0,10,凱基-岡山,2023-10-02,9209
3032,偉訓,20,10,10,凱基-岡山,2023-10-02,9209
3290,東浦,10,0,10,凱基-岡山,2023-10-02,9209
5465,富驊,37,27,10,凱基-岡山,2023-10-02,9209
00931B,統一美債20年,9,0,9,凱基-岡山,2023-10-02,9209
1612,宏泰,10,1,9,凱基-岡山,2023-10-02,9209
3264,欣銓,9,0,9,凱基-岡山,2023-10-02,9209
8240,華宏,9,0,9,凱基-岡山,2023-10-02,9209
2543,皇昌,8,0,8,凱基-岡山,2023-10-02,9209
2609,陽明,8,0,8,凱基-岡山,2023-10-02,9209
6613,朋億*,8,0,8,凱基-岡山,2023-10-02,9209
00679B,元大美債20年,7,0,7,凱基-岡山,2023-10-02,9209
00919,群益台灣精選高息,7,0,7,凱基-岡山,2023-10-02,9209
00673R,期元大S＆P原油反1,7,0,7,凱基-岡山,2023-10-02,9209
3325,旭品,12,5,7,凱基-岡山,2023-10-02,9209
8938,明安,7,0,7,凱基-岡山,2023-10-02,9209
3665,貿聯-KY,6,0,6,凱基-岡山,2023-10-02,9209
3548,兆利,6,0,6,凱基-岡山,2023-10-02,9209
4945,陞達科技,6,0,6,凱基-岡山,2023-10-02,9209
2363,矽統,24,19,5,凱基-岡山,2023-10-02,9209
4979,華星光,24,19,5,凱基-岡山,2023-10-02,9209
00687B,國泰20年美債,5,0,5,凱基-岡山,2023-10-02,9209
00885,富邦越南,5,0,5,凱基-岡山,2023-10-02,9209
2014,中鴻,5,0,5,凱基-岡山,2023-10-02,9209
2481,強茂,5,0,5,凱基-岡山,2023-10-02,9209
6277,宏正,5,0,5,凱基-岡山,2023-10-02,9209
8088,品安,5,0,5,凱基-岡山,2023-10-02,9209
00772B,中信高評級公司債,4,0,4,凱基-岡山,2023-10-02,9209
1611,中電,5,1,4,凱基-岡山,2023-10-02,9209
2029,盛餘,4,0,4,凱基-岡山,2023-10-02,9209
2377,微星,4,0,4,凱基-岡山,2023-10-02,9209
1609,大亞,88,14,74,凱基-岡山,2023-10-03,9209
8277,商丞,70,1,69,凱基-岡山,2023-10-03,9209
2409,友達,62,3,59,凱基-岡山,2023-10-03,9209
00919,群益台灣精選高息,52,10,42,凱基-岡山,2023-10-03,9209
00753L,中信中國50正2,40,0,40,凱基-岡山,2023-10-03,9209
0056,元大高股息,37,3,34,凱基-岡山,2023-10-03,9209
2353,宏��,31,0,31,凱基-岡山,2023-10-03,9209
1789,神隆,28,0,28,凱基-岡山,2023-10-03,9209
1815,富喬,54,33,21,凱基-岡山,2023-10-03,9209
4707,磐亞,20,0,20,凱基-岡山,2023-10-03,9209
00665L,富邦�琤肭磪囓�2,20,0,20,凱基-岡山,2023-10-03,9209
6282,康舒,20,1,19,凱基-岡山,2023-10-03,9209
8059,凱碩,20,1,19,凱基-岡山,2023-10-03,9209
1616,億泰,16,0,16,凱基-岡山,2023-10-03,9209
00878,國泰永續高股息,17,1,16,凱基-岡山,2023-10-03,9209
2891,中信金,15,0,15,凱基-岡山,2023-10-03,9209
1514,亞力,15,2,13,凱基-岡山,2023-10-03,9209
3013,晟銘電,16,3,13,凱基-岡山,2023-10-03,9209
00882,中信中國高股息,12,0,12,凱基-岡山,2023-10-03,9209
6139,亞翔,13,1,12,凱基-岡山,2023-10-03,9209
00712,復華富時不動產,12,0,12,凱基-岡山,2023-10-03,9209
00679B,元大美債20年,11,0,11,凱基-岡山,2023-10-03,9209
2606,裕民,12,1,11,凱基-岡山,2023-10-03,9209
2883,凱基金,10,0,10,凱基-岡山,2023-10-03,9209
2401,凌陽,12,2,10,凱基-岡山,2023-10-03,9209
3325,旭品,31,21,10,凱基-岡山,2023-10-03,9209
6712,長聖,10,0,10,凱基-岡山,2023-10-03,9209
00715L,期街口布蘭特正2,9,0,9,凱基-岡山,2023-10-03,9209
2882,國泰金,8,0,8,凱基-岡山,2023-10-03,9209
2634,漢翔,8,0,8,凱基-岡山,2023-10-03,9209
3481,群創,23,15,8,凱基-岡山,2023-10-03,9209
5508,永信建,8,0,8,凱基-岡山,2023-10-03,9209
2206,三陽工業,7,0,7,凱基-岡山,2023-10-03,9209
2211,長榮鋼,7,0,7,凱基-岡山,2023-10-03,9209
3035,智原,14,7,7,凱基-岡山,2023-10-03,9209
3264,欣銓,7,0,7,凱基-岡山,2023-10-03,9209
1909,榮成,6,0,6,凱基-岡山,2023-10-03,9209
2313,華通,7,1,6,凱基-岡山,2023-10-03,9209
2610,華航,6,0,6,凱基-岡山,2023-10-03,9209
3036A,文曄甲特,6,0,6,凱基-岡山,2023-10-03,9209
4716,大立,6,0,6,凱基-岡山,2023-10-03,9209
5469,瀚宇博,6,0,6,凱基-岡山,2023-10-03,9209
2014,中鴻,7,1,6,凱基-岡山,2023-10-03,9209
00931B,統一美債20年,6,0,6,凱基-岡山,2023-10-03,9209
00888,永豐台灣ESG,5,0,5,凱基-岡山,2023-10-03,9209
00900,富邦特選高股息30,5,0,5,凱基-岡山,2023-10-03,9209
1218,泰山,5,0,5,凱基-岡山,2023-10-03,9209
1802,台玻,10,5,5,凱基-岡山,2023-10-03,9209
2031,新光鋼,5,0,5,凱基-岡山,2023-10-03,9209
2867,三商壽,5,0,5,凱基-岡山,2023-10-03,9209
2801,彰銀,301,0,301,凱基-岡山,2023-10-04,9209
2363,矽統,63,12,51,凱基-岡山,2023-10-04,9209
2618,長榮航,48,1,47,凱基-岡山,2023-10-04,9209
00712,復華富時不動產,46,1,45,凱基-岡山,2023-10-04,9209
4533,協易機,70,28,42,凱基-岡山,2023-10-04,9209
5009,榮剛,42,1,41,凱基-岡山,2023-10-04,9209
00673R,期元大S＆P原油反1,30,0,30,凱基-岡山,2023-10-04,9209
00931B,統一美債20年,27,0,27,凱基-岡山,2023-10-04,9209
2201,裕隆,26,0,26,凱基-岡山,2023-10-04,9209
00764B,群益25年美債,30,7,23,凱基-岡山,2023-10-04,9209
2024,志聯,22,0,22,凱基-岡山,2023-10-04,9209
2002,中鋼,22,0,22,凱基-岡山,2023-10-04,9209
00929,復華台灣科技優息,55,34,21,凱基-岡山,2023-10-04,9209
2891,中信金,20,0,20,凱基-岡山,2023-10-04,9209
00795B,中信美國公債20年,17,0,17,凱基-岡山,2023-10-04,9209
2323,中環,15,0,15,凱基-岡山,2023-10-04,9209
2515,中工,15,0,15,凱基-岡山,2023-10-04,9209
2892,第一金,15,0,15,凱基-岡山,2023-10-04,9209
00878,國泰永續高股息,20,6,14,凱基-岡山,2023-10-04,9209
2883,凱基金,14,0,14,凱基-岡山,2023-10-04,9209
00687B,國泰20年美債,14,1,13,凱基-岡山,2023-10-04,9209
2606,裕民,13,0,13,凱基-岡山,2023-10-04,9209
0056,元大高股息,12,1,11,凱基-岡山,2023-10-04,9209
2610,華航,13,2,11,凱基-岡山,2023-10-04,9209
5880,合庫金,11,0,11,凱基-岡山,2023-10-04,9209
1616,億泰,10,0,10,凱基-岡山,2023-10-04,9209
9105,泰金寶-DR,10,0,10,凱基-岡山,2023-10-04,9209
00850,元大臺灣ESG永續,9,0,9,凱基-岡山,2023-10-04,9209
2303,聯電,9,0,9,凱基-岡山,2023-10-04,9209
3450,聯鈞,9,0,9,凱基-岡山,2023-10-04,9209
3231,緯創,41,33,8,凱基-岡山,2023-10-04,9209
2880,華南金,8,0,8,凱基-岡山,2023-10-04,9209
3481,群創,9,1,8,凱基-岡山,2023-10-04,9209
00882,中信中國高股息,8,0,8,凱基-岡山,2023-10-04,9209
3325,旭品,43,35,8,凱基-岡山,2023-10-04,9209
1301,台塑,7,0,7,凱基-岡山,2023-10-04,9209
2014,中鴻,11,4,7,凱基-岡山,2023-10-04,9209
2330,台積電,8,1,7,凱基-岡山,2023-10-04,9209
00893,國泰智能電動車,7,0,7,凱基-岡山,2023-10-04,9209
00751B,元大AAA至A公司債,7,0,7,凱基-岡山,2023-10-04,9209
2409,友達,8,1,7,凱基-岡山,2023-10-04,9209
3036A,文曄甲特,7,0,7,凱基-岡山,2023-10-04,9209
00720B,元大投資級公司債,7,1,6,凱基-岡山,2023-10-04,9209
1909,榮成,8,2,6,凱基-岡山,2023-10-04,9209
2388,威盛,6,0,6,凱基-岡山,2023-10-04,9209
3014,聯陽,6,0,6,凱基-岡山,2023-10-04,9209
3526,凡甲,7,1,6,凱基-岡山,2023-10-04,9209
6770,力積電,11,5,6,凱基-岡山,2023-10-04,9209
8271,宇瞻,6,0,6,凱基-岡山,2023-10-04,9209
2884,玉山金,5,0,5,凱基-岡山,2023-10-04,9209
00632R,元大台灣50反1,85,3,82,凱基-岡山,2023-10-05,9209
2610,華航,79,12,67,凱基-岡山,2023-10-05,9209
2637,慧洋-KY,60,0,60,凱基-岡山,2023-10-05,9209
00676R,富邦臺灣加權反1,50,0,50,凱基-岡山,2023-10-05,9209
00680L,元大美債20正2,32,0,32,凱基-岡山,2023-10-05,9209
00664R,國泰臺灣加權反1,30,0,30,凱基-岡山,2023-10-05,9209
2201,裕隆,29,1,28,凱基-岡山,2023-10-05,9209
2382,廣達,43,17,26,凱基-岡山,2023-10-05,9209
00751B,元大AAA至A公司債,26,0,26,凱基-岡山,2023-10-05,9209
4915,致伸,27,2,25,凱基-岡山,2023-10-05,9209
00712,復華富時不動產,21,0,21,凱基-岡山,2023-10-05,9209
2634,漢翔,17,1,16,凱基-岡山,2023-10-05,9209
2617,台航,14,0,14,凱基-岡山,2023-10-05,9209
2436,偉詮電,13,0,13,凱基-岡山,2023-10-05,9209
912000,晨訊科-DR,13,0,13,凱基-岡山,2023-10-05,9209
2323,中環,12,0,12,凱基-岡山,2023-10-05,9209
2891,中信金,14,4,10,凱基-岡山,2023-10-05,9209
2515,中工,10,0,10,凱基-岡山,2023-10-05,9209
3014,聯陽,13,3,10,凱基-岡山,2023-10-05,9209
5258,虹堡,10,0,10,凱基-岡山,2023-10-05,9209
2415,錩新,9,0,9,凱基-岡山,2023-10-05,9209
8016,矽創,9,0,9,凱基-岡山,2023-10-05,9209
00882,中信中國高股息,8,0,8,凱基-岡山,2023-10-05,9209
1514,亞力,12,4,8,凱基-岡山,2023-10-05,9209
3531,先益,10,2,8,凱基-岡山,2023-10-05,9209
00891,中信關鍵半導體,7,0,7,凱基-岡山,2023-10-05,9209
3715,定穎投控,23,16,7,凱基-岡山,2023-10-05,9209
5469,瀚宇博,7,0,7,凱基-岡山,2023-10-05,9209
00679B,元大美債20年,6,0,6,凱基-岡山,2023-10-05,9209
2027,大成鋼,6,0,6,凱基-岡山,2023-10-05,9209
3036A,文曄甲特,6,0,6,凱基-岡山,2023-10-05,9209
8069,元太,7,1,6,凱基-岡山,2023-10-05,9209
00720B,元大投資級公司債,6,0,6,凱基-岡山,2023-10-05,9209
00931B,統一美債20年,5,0,5,凱基-岡山,2023-10-05,9209
2376,技嘉,8,3,5,凱基-岡山,2023-10-05,9209
2313,華通,12,7,5,凱基-岡山,2023-10-05,9209
3325,旭品,11,6,5,凱基-岡山,2023-10-05,9209
3450,聯鈞,14,9,5,凱基-岡山,2023-10-05,9209
6585,鼎基,5,0,5,凱基-岡山,2023-10-05,9209
8271,宇瞻,7,2,5,凱基-岡山,2023-10-05,9209
9950,萬國通,5,0,5,凱基-岡山,2023-10-05,9209
2002,中鋼,7,3,4,凱基-岡山,2023-10-05,9209
4138,曜亞,4,0,4,凱基-岡山,2023-10-05,9209
00715L,期街口布蘭特正2,5,1,4,凱基-岡山,2023-10-05,9209
1605,華新,8,4,4,凱基-岡山,2023-10-05,9209
2405,輔信,4,0,4,凱基-岡山,2023-10-05,9209
3032,偉訓,6,2,4,凱基-岡山,2023-10-05,9209
3526,凡甲,4,0,4,凱基-岡山,2023-10-05,9209
6235,華孚,8,4,4,凱基-岡山,2023-10-05,9209
6530,創威,4,0,4,凱基-岡山,2023-10-05,9209
9105,泰金寶-DR,120,0,120,凱基-岡山,2023-10-06,9209
2603,長榮,77,1,76,凱基-岡山,2023-10-06,9209
2024,志聯,72,0,72,凱基-岡山,2023-10-06,9209
8027,鈦昇,51,0,51,凱基-岡山,2023-10-06,9209
2382,廣達,52,10,42,凱基-岡山,2023-10-06,9209
1316,上曜,77,41,36,凱基-岡山,2023-10-06,9209
00751B,元大AAA至A公司債,25,0,25,凱基-岡山,2023-10-06,9209
2618,長榮航,25,0,25,凱基-岡山,2023-10-06,9209
1616,億泰,22,0,22,凱基-岡山,2023-10-06,9209
00673R,期元大S＆P原油反1,31,10,21,凱基-岡山,2023-10-06,9209
00929,復華台灣科技優息,26,5,21,凱基-岡山,2023-10-06,9209
00679B,元大美債20年,21,0,21,凱基-岡山,2023-10-06,9209
3706,神達,20,0,20,凱基-岡山,2023-10-06,9209
00712,復華富時不動產,16,0,16,凱基-岡山,2023-10-06,9209
2442,新美齊,16,0,16,凱基-岡山,2023-10-06,9209
00715L,期街口布蘭特正2,49,33,16,凱基-岡山,2023-10-06,9209
3481,群創,14,0,14,凱基-岡山,2023-10-06,9209
2356,英業達,13,0,13,凱基-岡山,2023-10-06,9209
2363,矽統,25,13,12,凱基-岡山,2023-10-06,9209
00632R,元大台灣50反1,29,17,12,凱基-岡山,2023-10-06,9209
2641,正德,12,0,12,凱基-岡山,2023-10-06,9209
3013,晟銘電,25,14,11,凱基-岡山,2023-10-06,9209
00664R,國泰臺灣加權反1,10,0,10,凱基-岡山,2023-10-06,9209
00888,永豐台灣ESG,10,0,10,凱基-岡山,2023-10-06,9209
2009,第一銅,10,0,10,凱基-岡山,2023-10-06,9209
2313,華通,12,2,10,凱基-岡山,2023-10-06,9209
2891,中信金,10,0,10,凱基-岡山,2023-10-06,9209
3362,先進光,10,0,10,凱基-岡山,2023-10-06,9209
6266,泰詠,10,0,10,凱基-岡山,2023-10-06,9209
00927,群益半導體收益,10,0,10,凱基-岡山,2023-10-06,9209
2605,新興,9,0,9,凱基-岡山,2023-10-06,9209
5324,士開,9,0,9,凱基-岡山,2023-10-06,9209
3231,緯創,46,38,8,凱基-岡山,2023-10-06,9209
3276,宇環,8,0,8,凱基-岡山,2023-10-06,9209
5469,瀚宇博,8,0,8,凱基-岡山,2023-10-06,9209
8016,矽創,8,0,8,凱基-岡山,2023-10-06,9209
8088,品安,7,0,7,凱基-岡山,2023-10-06,9209
2022,聚亨,6,0,6,凱基-岡山,2023-10-06,9209
2816,旺旺保,6,0,6,凱基-岡山,2023-10-06,9209
3704,合勤控,6,0,6,凱基-岡山,2023-10-06,9209
00730,富邦臺灣優質高息,5,0,5,凱基-岡山,2023-10-06,9209
00923,群益台ESG低碳50,5,0,5,凱基-岡山,2023-10-06,9209
2323,中環,8,3,5,凱基-岡山,2023-10-06,9209
2421,建準,7,2,5,凱基-岡山,2023-10-06,9209
2465,麗臺,6,1,5,凱基-岡山,2023-10-06,9209
2838,聯邦銀,5,0,5,凱基-岡山,2023-10-06,9209
3059,華晶科,5,0,5,凱基-岡山,2023-10-06,9209
5272,笙科,6,1,5,凱基-岡山,2023-10-06,9209
6277,宏正,5,0,5,凱基-岡山,2023-10-06,9209
8215,明基材,5,0,5,凱基-岡山,2023-10-06,9209
00632R,元大台灣50反1,120,0,120,凱基-岡山,2023-10-11,9209
00676R,富邦臺灣加權反1,50,0,50,凱基-岡山,2023-10-11,9209
9105,泰金寶-DR,50,9,41,凱基-岡山,2023-10-11,9209
2317,鴻海,38,1,37,凱基-岡山,2023-10-11,9209
3231,緯創,76,40,36,凱基-岡山,2023-10-11,9209
00919,群益台灣精選高息,32,0,32,凱基-岡山,2023-10-11,9209
8059,凱碩,30,0,30,凱基-岡山,2023-10-11,9209
5880,合庫金,30,1,29,凱基-岡山,2023-10-11,9209
00922,國泰台灣領袖50,29,0,29,凱基-岡山,2023-10-11,9209
3706,神達,176,149,27,凱基-岡山,2023-10-11,9209
1324,地球,27,1,26,凱基-岡山,2023-10-11,9209
6282,康舒,22,0,22,凱基-岡山,2023-10-11,9209
00680L,元大美債20正2,20,0,20,凱基-岡山,2023-10-11,9209
1789,神隆,20,0,20,凱基-岡山,2023-10-11,9209
2419,仲琦,20,0,20,凱基-岡山,2023-10-11,9209
00715L,期街口布蘭特正2,19,3,16,凱基-岡山,2023-10-11,9209
3047,訊舟,15,1,14,凱基-岡山,2023-10-11,9209
6156,松上,14,0,14,凱基-岡山,2023-10-11,9209
2634,漢翔,26,13,13,凱基-岡山,2023-10-11,9209
5531,鄉林,13,0,13,凱基-岡山,2023-10-11,9209
0056,元大高股息,13,0,13,凱基-岡山,2023-10-11,9209
2515,中工,13,1,12,凱基-岡山,2023-10-11,9209
6684,安格,17,5,12,凱基-岡山,2023-10-11,9209
00664R,國泰臺灣加權反1,11,0,11,凱基-岡山,2023-10-11,9209
3032,偉訓,11,0,11,凱基-岡山,2023-10-11,9209
00673R,期元大S＆P原油反1,10,0,10,凱基-岡山,2023-10-11,9209
1528,恩德,10,0,10,凱基-岡山,2023-10-11,9209
2405,輔信,10,0,10,凱基-岡山,2023-10-11,9209
2887,台新金,10,1,9,凱基-岡山,2023-10-11,9209
2376,技嘉,17,8,9,凱基-岡山,2023-10-11,9209
1471,首利,8,0,8,凱基-岡山,2023-10-11,9209
2243,宏旭-KY,8,0,8,凱基-岡山,2023-10-11,9209
3029,零壹,9,1,8,凱基-岡山,2023-10-11,9209
5285,界霖,8,0,8,凱基-岡山,2023-10-11,9209
2014,中鴻,7,0,7,凱基-岡山,2023-10-11,9209
4129,聯合,7,0,7,凱基-岡山,2023-10-11,9209
8926,台汽電,7,0,7,凱基-岡山,2023-10-11,9209
2329,華泰,7,0,7,凱基-岡山,2023-10-11,9209
3714,富采,6,0,6,凱基-岡山,2023-10-11,9209
6190,萬泰科,6,0,6,凱基-岡山,2023-10-11,9209
3583,辛耘,6,0,6,凱基-岡山,2023-10-11,9209
2609,陽明,9,3,6,凱基-岡山,2023-10-11,9209
2439,美律,10,4,6,凱基-岡山,2023-10-11,9209
2368,金像電,5,0,5,凱基-岡山,2023-10-11,9209
1305,華夏,5,0,5,凱基-岡山,2023-10-11,9209
3078,僑威,5,0,5,凱基-岡山,2023-10-11,9209
3219,倚強科,5,0,5,凱基-岡山,2023-10-11,9209
4746,台耀,5,0,5,凱基-岡山,2023-10-11,9209
4908,前鼎,10,5,5,凱基-岡山,2023-10-11,9209
6275,元山,5,0,5,凱基-岡山,2023-10-11,9209
2002,中鋼,106,4,102,凱基-岡山,2023-10-12,9209
2363,矽統,275,233,42,凱基-岡山,2023-10-12,9209
00688L,國泰20年美債正2,20,0,20,凱基-岡山,2023-10-12,9209
2883,凱基金,23,5,18,凱基-岡山,2023-10-12,9209
3545,敦泰,20,3,17,凱基-岡山,2023-10-12,9209
1603,華電,36,21,15,凱基-岡山,2023-10-12,9209
6216,居易,30,15,15,凱基-岡山,2023-10-12,9209
00680L,元大美債20正2,13,0,13,凱基-岡山,2023-10-12,9209
2356,英業達,14,2,12,凱基-岡山,2023-10-12,9209
00751B,元大AAA至A公司債,12,0,12,凱基-岡山,2023-10-12,9209
5324,士開,11,0,11,凱基-岡山,2023-10-12,9209
2401,凌陽,11,1,10,凱基-岡山,2023-10-12,9209
3548,兆利,10,0,10,凱基-岡山,2023-10-12,9209
6275,元山,10,0,10,凱基-岡山,2023-10-12,9209
2382,廣達,16,7,9,凱基-岡山,2023-10-12,9209
6285,啟��,9,1,8,凱基-岡山,2023-10-12,9209
5880,合庫金,9,1,8,凱基-岡山,2023-10-12,9209
00919,群益台灣精選高息,7,0,7,凱基-岡山,2023-10-12,9209
2027,大成鋼,12,5,7,凱基-岡山,2023-10-12,9209
8016,矽創,7,0,7,凱基-岡山,2023-10-12,9209
2014,中鴻,12,6,6,凱基-岡山,2023-10-12,9209
2024,志聯,6,0,6,凱基-岡山,2023-10-12,9209
3313,斐成,6,0,6,凱基-岡山,2023-10-12,9209
3035,智原,6,0,6,凱基-岡山,2023-10-12,9209
2355,敬鵬,6,1,5,凱基-岡山,2023-10-12,9209
00857B,永豐20年美公債,5,0,5,凱基-岡山,2023-10-12,9209
6220,岳豐,5,0,5,凱基-岡山,2023-10-12,9209
6667,信紘科,6,1,5,凱基-岡山,2023-10-12,9209
9955,佳龍,5,0,5,凱基-岡山,2023-10-12,9209
1609,大亞,5,1,4,凱基-岡山,2023-10-12,9209
2207,和泰車,4,0,4,凱基-岡山,2023-10-12,9209
2838,聯邦銀,4,0,4,凱基-岡山,2023-10-12,9209
3006,晶豪科,5,1,4,凱基-岡山,2023-10-12,9209
6282,康舒,14,10,4,凱基-岡山,2023-10-12,9209
00679B,元大美債20年,7,4,3,凱基-岡山,2023-10-12,9209
1101,台泥,3,0,3,凱基-岡山,2023-10-12,9209
00642U,期元大S＆P石油,3,0,3,凱基-岡山,2023-10-12,9209
00722B,群益投資級電信債,3,0,3,凱基-岡山,2023-10-12,9209
1524,耿鼎,7,4,3,凱基-岡山,2023-10-12,9209
1605,華新,3,0,3,凱基-岡山,2023-10-12,9209
1806,冠軍,3,0,3,凱基-岡山,2023-10-12,9209
3213,茂訊,3,0,3,凱基-岡山,2023-10-12,9209
3481,群創,12,9,3,凱基-岡山,2023-10-12,9209
3483,力致,3,0,3,凱基-岡山,2023-10-12,9209
3666,光耀,3,0,3,凱基-岡山,2023-10-12,9209
6708,天擎,3,0,3,凱基-岡山,2023-10-12,9209
3325,旭品,2,0,2,凱基-岡山,2023-10-12,9209
00696B,富邦美債20年,2,0,2,凱基-岡山,2023-10-12,9209
00830,國泰費城半導體,3,1,2,凱基-岡山,2023-10-12,9209
00726B,國泰新興投等債,2,0,2,凱基-岡山,2023-10-12,9209
0056,元大高股息,120,1,119,凱基-岡山,2023-10-13,9209
8059,凱碩,60,0,60,凱基-岡山,2023-10-13,9209
3231,緯創,60,8,52,凱基-岡山,2023-10-13,9209
2356,英業達,55,6,49,凱基-岡山,2023-10-13,9209
00751B,元大AAA至A公司債,45,0,45,凱基-岡山,2023-10-13,9209
2883,凱基金,34,0,34,凱基-岡山,2023-10-13,9209
3694,海華,30,0,30,凱基-岡山,2023-10-13,9209
2024,志聯,28,0,28,凱基-岡山,2023-10-13,9209
00929,復華台灣科技優息,25,2,23,凱基-岡山,2023-10-13,9209
00919,群益台灣精選高息,22,0,22,凱基-岡山,2023-10-13,9209
8096,擎亞,20,0,20,凱基-岡山,2023-10-13,9209
4533,協易機,32,15,17,凱基-岡山,2023-10-13,9209
2353,宏��,16,0,16,凱基-岡山,2023-10-13,9209
00931B,統一美債20年,16,0,16,凱基-岡山,2023-10-13,9209
2363,矽統,86,71,15,凱基-岡山,2023-10-13,9209
2834,臺企銀,15,0,15,凱基-岡山,2023-10-13,9209
00878,國泰永續高股息,22,7,15,凱基-岡山,2023-10-13,9209
2002,中鋼,15,1,14,凱基-岡山,2023-10-13,9209
3037,欣興,14,0,14,凱基-岡山,2023-10-13,9209
00680L,元大美債20正2,14,0,14,凱基-岡山,2023-10-13,9209
00882,中信中國高股息,13,0,13,凱基-岡山,2023-10-13,9209
3062,建漢,16,3,13,凱基-岡山,2023-10-13,9209
1101,台泥,12,0,12,凱基-岡山,2023-10-13,9209
5347,世界,11,0,11,凱基-岡山,2023-10-13,9209
8996,高力,21,10,11,凱基-岡山,2023-10-13,9209
00688L,國泰20年美債正2,11,0,11,凱基-岡山,2023-10-13,9209
2606,裕民,11,0,11,凱基-岡山,2023-10-13,9209
2369,菱生,10,0,10,凱基-岡山,2023-10-13,9209
2376,技嘉,10,2,8,凱基-岡山,2023-10-13,9209
00891,中信關鍵半導體,7,0,7,凱基-岡山,2023-10-13,9209
2301,光寶科,11,4,7,凱基-岡山,2023-10-13,9209
3163,波若威,13,6,7,凱基-岡山,2023-10-13,9209
3363,上詮,15,8,7,凱基-岡山,2023-10-13,9209
6285,啟��,12,6,6,凱基-岡山,2023-10-13,9209
1909,榮成,6,0,6,凱基-岡山,2023-10-13,9209
2618,長榮航,25,19,6,凱基-岡山,2023-10-13,9209
3526,凡甲,6,0,6,凱基-岡山,2023-10-13,9209
3715,定穎投控,15,9,6,凱基-岡山,2023-10-13,9209
00679B,元大美債20年,5,0,5,凱基-岡山,2023-10-13,9209
1305,華夏,5,0,5,凱基-岡山,2023-10-13,9209
6282,康舒,5,0,5,凱基-岡山,2023-10-13,9209
00720B,元大投資級公司債,4,0,4,凱基-岡山,2023-10-13,9209
00922,國泰台灣領袖50,4,0,4,凱基-岡山,2023-10-13,9209
1218,泰山,4,0,4,凱基-岡山,2023-10-13,9209
2405,輔信,6,2,4,凱基-岡山,2023-10-13,9209
2408,南亞科,4,0,4,凱基-岡山,2023-10-13,9209
2436,偉詮電,4,0,4,凱基-岡山,2023-10-13,9209
2913,農林,4,0,4,凱基-岡山,2023-10-13,9209
6005,群益證,4,0,4,凱基-岡山,2023-10-13,9209
2382,廣達,15,12,3,凱基-岡山,2023-10-13,9209
00929,復華台灣科技優息,87,0,87,凱基-岡山,2023-10-16,9209
2344,華邦電,65,2,63,凱基-岡山,2023-10-16,9209
0056,元大高股息,63,1,62,凱基-岡山,2023-10-16,9209
1618,合機,22,1,21,凱基-岡山,2023-10-16,9209
1905,華紙,55,35,20,凱基-岡山,2023-10-16,9209
2903,遠百,20,0,20,凱基-岡山,2023-10-16,9209
8059,凱碩,20,0,20,凱基-岡山,2023-10-16,9209
3231,緯創,71,51,20,凱基-岡山,2023-10-16,9209
5351,鈺創,17,0,17,凱基-岡山,2023-10-16,9209
2323,中環,16,0,16,凱基-岡山,2023-10-16,9209
9904,寶成,16,0,16,凱基-岡山,2023-10-16,9209
3044,健鼎,17,2,15,凱基-岡山,2023-10-16,9209
3706,神達,14,1,13,凱基-岡山,2023-10-16,9209
2024,志聯,13,0,13,凱基-岡山,2023-10-16,9209
2355,敬鵬,17,5,12,凱基-岡山,2023-10-16,9209
00713,元大台灣高息低波,12,0,12,凱基-岡山,2023-10-16,9209
2610,華航,12,1,11,凱基-岡山,2023-10-16,9209
2515,中工,94,85,9,凱基-岡山,2023-10-16,9209
3122,笙泉,10,1,9,凱基-岡山,2023-10-16,9209
2363,矽統,174,165,9,凱基-岡山,2023-10-16,9209
2201,裕隆,21,13,8,凱基-岡山,2023-10-16,9209
00720B,元大投資級公司債,10,2,8,凱基-岡山,2023-10-16,9209
3694,海華,8,0,8,凱基-岡山,2023-10-16,9209
1218,泰山,7,0,7,凱基-岡山,2023-10-16,9209
2409,友達,7,0,7,凱基-岡山,2023-10-16,9209
3037,欣興,6,0,6,凱基-岡山,2023-10-16,9209
6282,康舒,8,2,6,凱基-岡山,2023-10-16,9209
2388,威盛,22,16,6,凱基-岡山,2023-10-16,9209
6274,台燿,6,0,6,凱基-岡山,2023-10-16,9209
8048,德勝,12,6,6,凱基-岡山,2023-10-16,9209
1909,榮成,5,0,5,凱基-岡山,2023-10-16,9209
3206,志豐,5,0,5,凱基-岡山,2023-10-16,9209
3450,聯鈞,10,5,5,凱基-岡山,2023-10-16,9209
6114,久威,5,0,5,凱基-岡山,2023-10-16,9209
00891,中信關鍵半導體,5,0,5,凱基-岡山,2023-10-16,9209
3014,聯陽,5,1,4,凱基-岡山,2023-10-16,9209
00751B,元大AAA至A公司債,4,0,4,凱基-岡山,2023-10-16,9209
1605,華新,4,0,4,凱基-岡山,2023-10-16,9209
2324,仁寶,4,0,4,凱基-岡山,2023-10-16,9209
3481,群創,6,2,4,凱基-岡山,2023-10-16,9209
5285,界霖,4,0,4,凱基-岡山,2023-10-16,9209
5531,鄉林,5,1,4,凱基-岡山,2023-10-16,9209
6664,群翊,4,0,4,凱基-岡山,2023-10-16,9209
7402,邑錡,4,0,4,凱基-岡山,2023-10-16,9209
00679B,元大美債20年,3,0,3,凱基-岡山,2023-10-16,9209
1316,上曜,15,12,3,凱基-岡山,2023-10-16,9209
1907,永豐餘,7,4,3,凱基-岡山,2023-10-16,9209
2362,藍天,3,0,3,凱基-岡山,2023-10-16,9209
2419,仲琦,3,0,3,凱基-岡山,2023-10-16,9209
3049,精金,3,0,3,凱基-岡山,2023-10-16,9209
0056,元大高股息,223,10,213,凱基-岡山,2023-10-17,9209
00772B,中信高評級公司債,52,1,51,凱基-岡山,2023-10-17,9209
00878,國泰永續高股息,36,2,34,凱基-岡山,2023-10-17,9209
2883,凱基金,25,0,25,凱基-岡山,2023-10-17,9209
1301,台塑,20,1,19,凱基-岡山,2023-10-17,9209
5531,鄉林,17,0,17,凱基-岡山,2023-10-17,9209
2634,漢翔,22,8,14,凱基-岡山,2023-10-17,9209
2408,南亞科,14,0,14,凱基-岡山,2023-10-17,9209
2409,友達,14,0,14,凱基-岡山,2023-10-17,9209
3122,笙泉,14,0,14,凱基-岡山,2023-10-17,9209
3231,緯創,166,153,13,凱基-岡山,2023-10-17,9209
2888,新光金,12,0,12,凱基-岡山,2023-10-17,9209
00687B,國泰20年美債,11,0,11,凱基-岡山,2023-10-17,9209
1810,和成,11,0,11,凱基-岡山,2023-10-17,9209
2352,佳世達,11,0,11,凱基-岡山,2023-10-17,9209
00929,復華台灣科技優息,21,11,10,凱基-岡山,2023-10-17,9209
1514,亞力,10,0,10,凱基-岡山,2023-10-17,9209
00931B,統一美債20年,8,0,8,凱基-岡山,2023-10-17,9209
2618,長榮航,18,11,7,凱基-岡山,2023-10-17,9209
00751B,元大AAA至A公司債,7,0,7,凱基-岡山,2023-10-17,9209
00922,國泰台灣領袖50,7,0,7,凱基-岡山,2023-10-17,9209
2331,精英,7,0,7,凱基-岡山,2023-10-17,9209
2393,億光,7,0,7,凱基-岡山,2023-10-17,9209
4527,方土霖,7,0,7,凱基-岡山,2023-10-17,9209
2002,中鋼,11,5,6,凱基-岡山,2023-10-17,9209
3049,精金,6,0,6,凱基-岡山,2023-10-17,9209
3481,群創,6,0,6,凱基-岡山,2023-10-17,9209
5351,鈺創,7,1,6,凱基-岡山,2023-10-17,9209
6148,驊宏資,6,0,6,凱基-岡山,2023-10-17,9209
00919,群益台灣精選高息,8,3,5,凱基-岡山,2023-10-17,9209
2882,國泰金,5,0,5,凱基-岡山,2023-10-17,9209
1409,新纖,5,0,5,凱基-岡山,2023-10-17,9209
1219,福壽,5,0,5,凱基-岡山,2023-10-17,9209
1471,首利,10,5,5,凱基-岡山,2023-10-17,9209
2009,第一銅,5,0,5,凱基-岡山,2023-10-17,9209
2903,遠百,5,0,5,凱基-岡山,2023-10-17,9209
3202,樺晟,5,0,5,凱基-岡山,2023-10-17,9209
6282,康舒,5,0,5,凱基-岡山,2023-10-17,9209
2455,全新,6,1,5,凱基-岡山,2023-10-17,9209
00720B,元大投資級公司債,5,0,5,凱基-岡山,2023-10-17,9209
2834,臺企銀,4,0,4,凱基-岡山,2023-10-17,9209
8996,高力,6,2,4,凱基-岡山,2023-10-17,9209
00927,群益半導體收益,4,0,4,凱基-岡山,2023-10-17,9209
2355,敬鵬,4,0,4,凱基-岡山,2023-10-17,9209
2610,華航,6,2,4,凱基-岡山,2023-10-17,9209
3042,晶技,5,1,4,凱基-岡山,2023-10-17,9209
3715,定穎投控,45,41,4,凱基-岡山,2023-10-17,9209
4958,臻鼎-KY,4,0,4,凱基-岡山,2023-10-17,9209
00915,凱基優選高股息30,4,0,4,凱基-岡山,2023-10-17,9209
00712,復華富時不動產,3,0,3,凱基-岡山,2023-10-17,9209
0056,元大高股息,168,10,158,凱基-岡山,2023-10-18,9209
1909,榮成,102,0,102,凱基-岡山,2023-10-18,9209
00878,國泰永續高股息,62,22,40,凱基-岡山,2023-10-18,9209
00922,國泰台灣領袖50,37,1,36,凱基-岡山,2023-10-18,9209
2024,志聯,28,0,28,凱基-岡山,2023-10-18,9209
2449,京元電子,27,1,26,凱基-岡山,2023-10-18,9209
3706,神達,24,0,24,凱基-岡山,2023-10-18,9209
1101,台泥,23,0,23,凱基-岡山,2023-10-18,9209
00673R,期元大S＆P原油反1,22,0,22,凱基-岡山,2023-10-18,9209
00919,群益台灣精選高息,23,2,21,凱基-岡山,2023-10-18,9209
2002,中鋼,25,5,20,凱基-岡山,2023-10-18,9209
2915,潤泰全,19,0,19,凱基-岡山,2023-10-18,9209
3014,聯陽,19,0,19,凱基-岡山,2023-10-18,9209
6274,台燿,20,2,18,凱基-岡山,2023-10-18,9209
1316,上曜,23,6,17,凱基-岡山,2023-10-18,9209
5531,鄉林,16,0,16,凱基-岡山,2023-10-18,9209
6213,聯茂,15,0,15,凱基-岡山,2023-10-18,9209
2014,中鴻,13,0,13,凱基-岡山,2023-10-18,9209
2883,凱基金,13,0,13,凱基-岡山,2023-10-18,9209
1471,首利,12,0,12,凱基-岡山,2023-10-18,9209
2881,富邦金,12,0,12,凱基-岡山,2023-10-18,9209
2363,矽統,23,11,12,凱基-岡山,2023-10-18,9209
2382,廣達,20,9,11,凱基-岡山,2023-10-18,9209
00931B,統一美債20年,11,0,11,凱基-岡山,2023-10-18,9209
8926,台汽電,11,0,11,凱基-岡山,2023-10-18,9209
2349,錸德,11,0,11,凱基-岡山,2023-10-18,9209
2369,菱生,18,7,11,凱基-岡山,2023-10-18,9209
3380,明泰,11,0,11,凱基-岡山,2023-10-18,9209
6120,達運,11,0,11,凱基-岡山,2023-10-18,9209
2618,長榮航,10,0,10,凱基-岡山,2023-10-18,9209
00671R,富邦NASDAQ反1,10,0,10,凱基-岡山,2023-10-18,9209
1444,力麗,11,1,10,凱基-岡山,2023-10-18,9209
1802,台玻,10,0,10,凱基-岡山,2023-10-18,9209
2031,新光鋼,10,0,10,凱基-岡山,2023-10-18,9209
5324,士開,10,0,10,凱基-岡山,2023-10-18,9209
6024,群益期,10,0,10,凱基-岡山,2023-10-18,9209
6116,彩晶,10,0,10,凱基-岡山,2023-10-18,9209
00751B,元大AAA至A公司債,9,0,9,凱基-岡山,2023-10-18,9209
2458,義隆,9,0,9,凱基-岡山,2023-10-18,9209
2888,新光金,9,0,9,凱基-岡山,2023-10-18,9209
00713,元大台灣高息低波,8,0,8,凱基-岡山,2023-10-18,9209
3545,敦泰,8,0,8,凱基-岡山,2023-10-18,9209
2344,華邦電,7,0,7,凱基-岡山,2023-10-18,9209
3206,志豐,7,0,7,凱基-岡山,2023-10-18,9209
2425,承啟,13,6,7,凱基-岡山,2023-10-18,9209
00680L,元大美債20正2,6,0,6,凱基-岡山,2023-10-18,9209
6282,康舒,6,0,6,凱基-岡山,2023-10-18,9209
8027,鈦昇,6,0,6,凱基-岡山,2023-10-18,9209
00891,中信關鍵半導體,6,0,6,凱基-岡山,2023-10-18,9209
00687B,國泰20年美債,6,0,6,凱基-岡山,2023-10-18,9209
2034,允強,100,0,100,凱基-岡山,2023-10-19,9209
00929,復華台灣科技優息,87,8,79,凱基-岡山,2023-10-19,9209
2356,英業達,63,7,56,凱基-岡山,2023-10-19,9209
5009,榮剛,45,1,44,凱基-岡山,2023-10-19,9209
3673,TPK-KY,37,0,37,凱基-岡山,2023-10-19,9209
00632R,元大台灣50反1,50,15,35,凱基-岡山,2023-10-19,9209
00933B,國泰10Y+金融債,32,0,32,凱基-岡山,2023-10-19,9209
00637L,元大滬深300正2,30,0,30,凱基-岡山,2023-10-19,9209
8059,凱碩,30,0,30,凱基-岡山,2023-10-19,9209
00680L,元大美債20正2,27,1,26,凱基-岡山,2023-10-19,9209
2816,旺旺保,25,0,25,凱基-岡山,2023-10-19,9209
3715,定穎投控,99,74,25,凱基-岡山,2023-10-19,9209
2024,志聯,22,0,22,凱基-岡山,2023-10-19,9209
0056,元大高股息,23,1,22,凱基-岡山,2023-10-19,9209
4958,臻鼎-KY,17,0,17,凱基-岡山,2023-10-19,9209
1101,台泥,19,3,16,凱基-岡山,2023-10-19,9209
6290,良維,15,1,14,凱基-岡山,2023-10-19,9209
00720B,元大投資級公司債,12,0,12,凱基-岡山,2023-10-19,9209
1305,華夏,10,0,10,凱基-岡山,2023-10-19,9209
1802,台玻,10,0,10,凱基-岡山,2023-10-19,9209
2413,環科,10,0,10,凱基-岡山,2023-10-19,9209
6218,豪勉,10,0,10,凱基-岡山,2023-10-19,9209
8110,華東,10,0,10,凱基-岡山,2023-10-19,9209
2388,威盛,13,4,9,凱基-岡山,2023-10-19,9209
00751B,元大AAA至A公司債,9,0,9,凱基-岡山,2023-10-19,9209
2867,三商壽,9,0,9,凱基-岡山,2023-10-19,9209
3362,先進光,10,1,9,凱基-岡山,2023-10-19,9209
4527,方土霖,9,0,9,凱基-岡山,2023-10-19,9209
00712,復華富時不動產,9,0,9,凱基-岡山,2023-10-19,9209
2002,中鋼,8,0,8,凱基-岡山,2023-10-19,9209
00715L,期街口布蘭特正2,10,2,8,凱基-岡山,2023-10-19,9209
1319,東陽,10,2,8,凱基-岡山,2023-10-19,9209
3545,敦泰,13,5,8,凱基-岡山,2023-10-19,9209
00891,中信關鍵半導體,8,0,8,凱基-岡山,2023-10-19,9209
1524,耿鼎,13,5,8,凱基-岡山,2023-10-19,9209
1471,首利,7,0,7,凱基-岡山,2023-10-19,9209
00753L,中信中國50正2,7,0,7,凱基-岡山,2023-10-19,9209
2618,長榮航,7,1,6,凱基-岡山,2023-10-19,9209
3078,僑威,7,1,6,凱基-岡山,2023-10-19,9209
6158,禾昌,6,0,6,凱基-岡山,2023-10-19,9209
6257,矽格,7,1,6,凱基-岡山,2023-10-19,9209
8176,智捷,6,0,6,凱基-岡山,2023-10-19,9209
9945,潤泰新,6,0,6,凱基-岡山,2023-10-19,9209
00679B,元大美債20年,6,0,6,凱基-岡山,2023-10-19,9209
00902,中信電池及儲能,5,0,5,凱基-岡山,2023-10-19,9209
1609,大亞,5,0,5,凱基-岡山,2023-10-19,9209
00687B,國泰20年美債,5,0,5,凱基-岡山,2023-10-19,9209
1218,泰山,5,0,5,凱基-岡山,2023-10-19,9209
1514,亞力,5,0,5,凱基-岡山,2023-10-19,9209
2031,新光鋼,5,0,5,凱基-岡山,2023-10-19,9209
00680L,元大美債20正2,148,2,146,凱基-岡山,2023-10-20,9209
2024,志聯,75,0,75,凱基-岡山,2023-10-20,9209
2002,中鋼,60,0,60,凱基-岡山,2023-10-20,9209
00929,復華台灣科技優息,76,23,53,凱基-岡山,2023-10-20,9209
1609,大亞,37,0,37,凱基-岡山,2023-10-20,9209
00878,國泰永續高股息,48,14,34,凱基-岡山,2023-10-20,9209
00712,復華富時不動產,27,1,26,凱基-岡山,2023-10-20,9209
1101,台泥,23,0,23,凱基-岡山,2023-10-20,9209
2606,裕民,23,4,19,凱基-岡山,2023-10-20,9209
2867,三商壽,18,0,18,凱基-岡山,2023-10-20,9209
00673R,期元大S＆P原油反1,17,0,17,凱基-岡山,2023-10-20,9209
00882,中信中國高股息,17,0,17,凱基-岡山,2023-10-20,9209
2344,華邦電,17,2,15,凱基-岡山,2023-10-20,9209
1324,地球,22,8,14,凱基-岡山,2023-10-20,9209
1785,光洋科,14,0,14,凱基-岡山,2023-10-20,9209
8176,智捷,13,0,13,凱基-岡山,2023-10-20,9209
1605,華新,12,0,12,凱基-岡山,2023-10-20,9209
2892,第一金,11,0,11,凱基-岡山,2023-10-20,9209
00885,富邦越南,11,0,11,凱基-岡山,2023-10-20,9209
2401,凌陽,12,1,11,凱基-岡山,2023-10-20,9209
2031,新光鋼,10,0,10,凱基-岡山,2023-10-20,9209
2440,太空梭,10,0,10,凱基-岡山,2023-10-20,9209
4906,正文,10,0,10,凱基-岡山,2023-10-20,9209
9955,佳龍,12,2,10,凱基-岡山,2023-10-20,9209
2881,富邦金,9,0,9,凱基-岡山,2023-10-20,9209
8110,華東,9,0,9,凱基-岡山,2023-10-20,9209
2317,鴻海,10,1,9,凱基-岡山,2023-10-20,9209
3715,定穎投控,63,54,9,凱基-岡山,2023-10-20,9209
00932,兆豐永續高息等權,9,0,9,凱基-岡山,2023-10-20,9209
00751B,元大AAA至A公司債,8,0,8,凱基-岡山,2023-10-20,9209
2413,環科,8,0,8,凱基-岡山,2023-10-20,9209
2884,玉山金,8,0,8,凱基-岡山,2023-10-20,9209
00713,元大台灣高息低波,7,0,7,凱基-岡山,2023-10-20,9209
2886,兆豐金,7,0,7,凱基-岡山,2023-10-20,9209
00642U,期元大S＆P石油,7,0,7,凱基-岡山,2023-10-20,9209
00902,中信電池及儲能,6,0,6,凱基-岡山,2023-10-20,9209
2465,麗臺,6,0,6,凱基-岡山,2023-10-20,9209
2888,新光金,6,0,6,凱基-岡山,2023-10-20,9209
8112,至上,8,2,6,凱基-岡山,2023-10-20,9209
8390,金益鼎,7,1,6,凱基-岡山,2023-10-20,9209
00795B,中信美國公債20年,5,0,5,凱基-岡山,2023-10-20,9209
2337,旺宏,5,0,5,凱基-岡山,2023-10-20,9209
2362,藍天,5,0,5,凱基-岡山,2023-10-20,9209
3094,聯傑,8,3,5,凱基-岡山,2023-10-20,9209
3545,敦泰,13,8,5,凱基-岡山,2023-10-20,9209
3630,新鉅科,5,0,5,凱基-岡山,2023-10-20,9209
4108,懷特,5,0,5,凱基-岡山,2023-10-20,9209
6122,擎邦,5,0,5,凱基-岡山,2023-10-20,9209
2454,聯發科,5,0,5,凱基-岡山,2023-10-20,9209
00891,中信關鍵半導體,5,0,5,凱基-岡山,2023-10-20,9209
2317,鴻海,87,0,87,凱基-岡山,2023-10-23,9209
00929,復華台灣科技優息,117,70,47,凱基-岡山,2023-10-23,9209
00712,復華富時不動產,24,1,23,凱基-岡山,2023-10-23,9209
1301,台塑,21,0,21,凱基-岡山,2023-10-23,9209
1799,易威,19,0,19,凱基-岡山,2023-10-23,9209
3481,群創,16,0,16,凱基-岡山,2023-10-23,9209
6235,華孚,35,19,16,凱基-岡山,2023-10-23,9209
1711,永光,17,4,13,凱基-岡山,2023-10-23,9209
0056,元大高股息,13,1,12,凱基-岡山,2023-10-23,9209
9955,佳龍,11,0,11,凱基-岡山,2023-10-23,9209
00687B,國泰20年美債,11,0,11,凱基-岡山,2023-10-23,9209
1102,亞泥,11,0,11,凱基-岡山,2023-10-23,9209
00922,國泰台灣領袖50,11,1,10,凱基-岡山,2023-10-23,9209
2409,友達,11,1,10,凱基-岡山,2023-10-23,9209
1714,和桐,10,0,10,凱基-岡山,2023-10-23,9209
2002,中鋼,10,0,10,凱基-岡山,2023-10-23,9209
2816,旺旺保,15,5,10,凱基-岡山,2023-10-23,9209
00882,中信中國高股息,8,0,8,凱基-岡山,2023-10-23,9209
2330,台積電,8,1,7,凱基-岡山,2023-10-23,9209
00878,國泰永續高股息,7,0,7,凱基-岡山,2023-10-23,9209
6770,力積電,7,0,7,凱基-岡山,2023-10-23,9209
1701,中化,7,0,7,凱基-岡山,2023-10-23,9209
2637,慧洋-KY,7,0,7,凱基-岡山,2023-10-23,9209
00751B,元大AAA至A公司債,6,0,6,凱基-岡山,2023-10-23,9209
1303,南亞,6,0,6,凱基-岡山,2023-10-23,9209
00713,元大台灣高息低波,6,0,6,凱基-岡山,2023-10-23,9209
00902,中信電池及儲能,6,0,6,凱基-岡山,2023-10-23,9209
2886,兆豐金,11,5,6,凱基-岡山,2023-10-23,9209
1785,光洋科,9,3,6,凱基-岡山,2023-10-23,9209
2881,富邦金,6,0,6,凱基-岡山,2023-10-23,9209
2891,中信金,5,0,5,凱基-岡山,2023-10-23,9209
2363,矽統,7,2,5,凱基-岡山,2023-10-23,9209
00932,兆豐永續高息等權,5,0,5,凱基-岡山,2023-10-23,9209
2358,廷鑫,5,0,5,凱基-岡山,2023-10-23,9209
2402,毅嘉,6,1,5,凱基-岡山,2023-10-23,9209
2515,中工,15,10,5,凱基-岡山,2023-10-23,9209
3362,先進光,4,0,4,凱基-岡山,2023-10-23,9209
6197,佳必琪,11,7,4,凱基-岡山,2023-10-23,9209
6237,驊訊,4,0,4,凱基-岡山,2023-10-23,9209
00679B,元大美債20年,4,0,4,凱基-岡山,2023-10-23,9209
00720B,元大投資級公司債,3,0,3,凱基-岡山,2023-10-23,9209
00850,元大臺灣ESG永續,3,0,3,凱基-岡山,2023-10-23,9209
00795B,中信美國公債20年,3,0,3,凱基-岡山,2023-10-23,9209
1504,東元,7,4,3,凱基-岡山,2023-10-23,9209
2301,光寶科,4,1,3,凱基-岡山,2023-10-23,9209
2305,全友,14,11,3,凱基-岡山,2023-10-23,9209
2468,華經,5,2,3,凱基-岡山,2023-10-23,9209
2606,裕民,3,0,3,凱基-岡山,2023-10-23,9209
2634,漢翔,6,3,3,凱基-岡山,2023-10-23,9209
3032,偉訓,3,0,3,凱基-岡山,2023-10-23,9209
2024,志聯,76,0,76,凱基-岡山,2023-10-24,9209
1815,富喬,65,2,63,凱基-岡山,2023-10-24,9209
2537,聯上發,52,0,52,凱基-岡山,2023-10-24,9209
00632R,元大台灣50反1,60,22,38,凱基-岡山,2023-10-24,9209
2913,農林,25,1,24,凱基-岡山,2023-10-24,9209
2002,中鋼,18,0,18,凱基-岡山,2023-10-24,9209
2883,凱基金,19,3,16,凱基-岡山,2023-10-24,9209
5302,太欣,15,0,15,凱基-岡山,2023-10-24,9209
00665L,富邦�琤肭磪囓�2,13,0,13,凱基-岡山,2023-10-24,9209
2801,彰銀,13,0,13,凱基-岡山,2023-10-24,9209
2317,鴻海,17,4,13,凱基-岡山,2023-10-24,9209
2881,富邦金,18,6,12,凱基-岡山,2023-10-24,9209
2884,玉山金,14,3,11,凱基-岡山,2023-10-24,9209
2454,聯發科,11,0,11,凱基-岡山,2023-10-24,9209
2880,華南金,9,0,9,凱基-岡山,2023-10-24,9209
3260,威剛,14,5,9,凱基-岡山,2023-10-24,9209
3017,奇鋐,10,2,8,凱基-岡山,2023-10-24,9209
6109,亞元,8,0,8,凱基-岡山,2023-10-24,9209
00929,復華台灣科技優息,46,38,8,凱基-岡山,2023-10-24,9209
2201,裕隆,7,0,7,凱基-岡山,2023-10-24,9209
3051,力特,29,22,7,凱基-岡山,2023-10-24,9209
1721,三晃,7,1,6,凱基-岡山,2023-10-24,9209
1101,台泥,6,0,6,凱基-岡山,2023-10-24,9209
1301,台塑,6,0,6,凱基-岡山,2023-10-24,9209
2035,唐榮,6,0,6,凱基-岡山,2023-10-24,9209
2543,皇昌,6,0,6,凱基-岡山,2023-10-24,9209
00712,復華富時不動產,6,0,6,凱基-岡山,2023-10-24,9209
00751B,元大AAA至A公司債,6,0,6,凱基-岡山,2023-10-24,9209
00687B,國泰20年美債,5,0,5,凱基-岡山,2023-10-24,9209
2383,台光電,5,0,5,凱基-岡山,2023-10-24,9209
00885,富邦越南,5,0,5,凱基-岡山,2023-10-24,9209
2313,華通,6,1,5,凱基-岡山,2023-10-24,9209
2457,飛宏,5,0,5,凱基-岡山,2023-10-24,9209
3535,晶彩科,5,0,5,凱基-岡山,2023-10-24,9209
5215,科嘉-KY,5,0,5,凱基-岡山,2023-10-24,9209
6216,居易,5,0,5,凱基-岡山,2023-10-24,9209
6589,台康生技,6,1,5,凱基-岡山,2023-10-24,9209
9105,泰金寶-DR,5,0,5,凱基-岡山,2023-10-24,9209
00679B,元大美債20年,5,0,5,凱基-岡山,2023-10-24,9209
2344,華邦電,5,1,4,凱基-岡山,2023-10-24,9209
2401,凌陽,24,20,4,凱基-岡山,2023-10-24,9209
3189,景碩,5,1,4,凱基-岡山,2023-10-24,9209
4960,誠美材,4,0,4,凱基-岡山,2023-10-24,9209
6770,力積電,8,4,4,凱基-岡山,2023-10-24,9209
2303,聯電,11,7,4,凱基-岡山,2023-10-24,9209
00922,國泰台灣領袖50,3,0,3,凱基-岡山,2023-10-24,9209
3037,欣興,3,0,3,凱基-岡山,2023-10-24,9209
00772B,中信高評級公司債,5,2,3,凱基-岡山,2023-10-24,9209
1316,上曜,3,0,3,凱基-岡山,2023-10-24,9209
1609,大亞,3,0,3,凱基-岡山,2023-10-24,9209
2024,志聯,143,0,143,凱基-岡山,2023-10-25,9209
2618,長榮航,77,0,77,凱基-岡山,2023-10-25,9209
9904,寶成,60,0,60,凱基-岡山,2023-10-25,9209
1609,大亞,50,0,50,凱基-岡山,2023-10-25,9209
8110,華東,70,28,42,凱基-岡山,2023-10-25,9209
6548,長科*,33,1,32,凱基-岡山,2023-10-25,9209
2317,鴻海,33,11,22,凱基-岡山,2023-10-25,9209
3051,力特,21,0,21,凱基-岡山,2023-10-25,9209
4960,誠美材,21,0,21,凱基-岡山,2023-10-25,9209
2002,中鋼,32,12,20,凱基-岡山,2023-10-25,9209
2027,大成鋼,20,0,20,凱基-岡山,2023-10-25,9209
2606,裕民,20,0,20,凱基-岡山,2023-10-25,9209
2610,華航,20,0,20,凱基-岡山,2023-10-25,9209
00712,復華富時不動產,20,0,20,凱基-岡山,2023-10-25,9209
00878,國泰永續高股息,23,5,18,凱基-岡山,2023-10-25,9209
00680L,元大美債20正2,17,0,17,凱基-岡山,2023-10-25,9209
2353,宏��,16,0,16,凱基-岡山,2023-10-25,9209
00893,國泰智能電動車,15,0,15,凱基-岡山,2023-10-25,9209
1524,耿鼎,44,31,13,凱基-岡山,2023-10-25,9209
00642U,期元大S＆P石油,11,0,11,凱基-岡山,2023-10-25,9209
2884,玉山金,10,0,10,凱基-岡山,2023-10-25,9209
1216,統一,10,0,10,凱基-岡山,2023-10-25,9209
2887,台新金,10,0,10,凱基-岡山,2023-10-25,9209
1618,合機,12,2,10,凱基-岡山,2023-10-25,9209
6113,亞矽,10,0,10,凱基-岡山,2023-10-25,9209
2337,旺宏,9,0,9,凱基-岡山,2023-10-25,9209
2436,偉詮電,8,0,8,凱基-岡山,2023-10-25,9209
5880,合庫金,8,0,8,凱基-岡山,2023-10-25,9209
2883,凱基金,7,0,7,凱基-岡山,2023-10-25,9209
2330,台積電,7,0,7,凱基-岡山,2023-10-25,9209
2312,金寶,7,0,7,凱基-岡山,2023-10-25,9209
00632R,元大台灣50反1,5,0,5,凱基-岡山,2023-10-25,9209
00933B,國泰10Y+金融債,5,0,5,凱基-岡山,2023-10-25,9209
1514,亞力,6,1,5,凱基-岡山,2023-10-25,9209
2402,毅嘉,5,0,5,凱基-岡山,2023-10-25,9209
6016,康和證,5,0,5,凱基-岡山,2023-10-25,9209
1101,台泥,4,0,4,凱基-岡山,2023-10-25,9209
2880,華南金,4,0,4,凱基-岡山,2023-10-25,9209
2454,聯發科,6,2,4,凱基-岡山,2023-10-25,9209
00882,中信中國高股息,4,0,4,凱基-岡山,2023-10-25,9209
00687B,國泰20年美債,5,1,4,凱基-岡山,2023-10-25,9209
2369,菱生,5,1,4,凱基-岡山,2023-10-25,9209
2462,良得電,18,14,4,凱基-岡山,2023-10-25,9209
6770,力積電,5,1,4,凱基-岡山,2023-10-25,9209
00720B,元大投資級公司債,3,0,3,凱基-岡山,2023-10-25,9209
2351,順德,4,1,3,凱基-岡山,2023-10-25,9209
2543,皇昌,3,0,3,凱基-岡山,2023-10-25,9209
2882,國泰金,3,0,3,凱基-岡山,2023-10-25,9209
3025,星通,14,11,3,凱基-岡山,2023-10-25,9209
4133,亞諾法,3,0,3,凱基-岡山,2023-10-25,9209
00929,復華台灣科技優息,143,35,108,凱基-岡山,2023-10-26,9209
2024,志聯,57,1,56,凱基-岡山,2023-10-26,9209
2303,聯電,62,7,55,凱基-岡山,2023-10-26,9209
00885,富邦越南,50,2,48,凱基-岡山,2023-10-26,9209
2883,凱基金,38,0,38,凱基-岡山,2023-10-26,9209
00919,群益台灣精選高息,39,2,37,凱基-岡山,2023-10-26,9209
2344,華邦電,52,15,37,凱基-岡山,2023-10-26,9209
9904,寶成,30,0,30,凱基-岡山,2023-10-26,9209
5258,虹堡,35,8,27,凱基-岡山,2023-10-26,9209
00878,國泰永續高股息,20,0,20,凱基-岡山,2023-10-26,9209
00679B,元大美債20年,19,0,19,凱基-岡山,2023-10-26,9209
00680L,元大美債20正2,18,0,18,凱基-岡山,2023-10-26,9209
1721,三晃,38,21,17,凱基-岡山,2023-10-26,9209
00922,國泰台灣領袖50,17,0,17,凱基-岡山,2023-10-26,9209
3481,群創,17,0,17,凱基-岡山,2023-10-26,9209
2618,長榮航,16,0,16,凱基-岡山,2023-10-26,9209
2888,新光金,15,0,15,凱基-岡山,2023-10-26,9209
8110,華東,15,0,15,凱基-岡山,2023-10-26,9209
6005,群益證,13,0,13,凱基-岡山,2023-10-26,9209
0050,元大台灣50,13,0,13,凱基-岡山,2023-10-26,9209
0056,元大高股息,13,1,12,凱基-岡山,2023-10-26,9209
2606,裕民,12,0,12,凱基-岡山,2023-10-26,9209
9955,佳龍,12,0,12,凱基-岡山,2023-10-26,9209
00712,復華富時不動產,19,7,12,凱基-岡山,2023-10-26,9209
2610,華航,22,12,10,凱基-岡山,2023-10-26,9209
3037,欣興,10,0,10,凱基-岡山,2023-10-26,9209
00688L,國泰20年美債正2,10,0,10,凱基-岡山,2023-10-26,9209
2612,中航,10,0,10,凱基-岡山,2023-10-26,9209
2330,台積電,9,0,9,凱基-岡山,2023-10-26,9209
2337,旺宏,9,0,9,凱基-岡山,2023-10-26,9209
2436,偉詮電,17,8,9,凱基-岡山,2023-10-26,9209
3450,聯鈞,9,0,9,凱基-岡山,2023-10-26,9209
00687B,國泰20年美債,8,0,8,凱基-岡山,2023-10-26,9209
2405,輔信,10,2,8,凱基-岡山,2023-10-26,9209
6257,矽格,9,1,8,凱基-岡山,2023-10-26,9209
00751B,元大AAA至A公司債,7,0,7,凱基-岡山,2023-10-26,9209
3013,晟銘電,7,0,7,凱基-岡山,2023-10-26,9209
6274,台燿,8,1,7,凱基-岡山,2023-10-26,9209
00932,兆豐永續高息等權,6,0,6,凱基-岡山,2023-10-26,9209
00891,中信關鍵半導體,6,0,6,凱基-岡山,2023-10-26,9209
1905,華紙,6,0,6,凱基-岡山,2023-10-26,9209
2328,廣宇,6,0,6,凱基-岡山,2023-10-26,9209
8028,昇陽半導體,6,0,6,凱基-岡山,2023-10-26,9209
6282,康舒,5,0,5,凱基-岡山,2023-10-26,9209
2633,台灣高鐵,5,0,5,凱基-岡山,2023-10-26,9209
1514,亞力,6,1,5,凱基-岡山,2023-10-26,9209
00881,國泰台灣5G+,5,0,5,凱基-岡山,2023-10-26,9209
00902,中信電池及儲能,5,0,5,凱基-岡山,2023-10-26,9209
1304,台聚,5,0,5,凱基-岡山,2023-10-26,9209
3260,威剛,5,0,5,凱基-岡山,2023-10-26,9209
00680L,元大美債20正2,87,5,82,凱基-岡山,2023-10-27,9209
00885,富邦越南,80,2,78,凱基-岡山,2023-10-27,9209
2303,聯電,47,1,46,凱基-岡山,2023-10-27,9209
00929,復華台灣科技優息,55,20,35,凱基-岡山,2023-10-27,9209
2363,矽統,48,15,33,凱基-岡山,2023-10-27,9209
2883,凱基金,34,2,32,凱基-岡山,2023-10-27,9209
2892,第一金,25,0,25,凱基-岡山,2023-10-27,9209
5258,虹堡,36,12,24,凱基-岡山,2023-10-27,9209
2344,華邦電,25,11,14,凱基-岡山,2023-10-27,9209
00919,群益台灣精選高息,13,0,13,凱基-岡山,2023-10-27,9209
2618,長榮航,21,10,11,凱基-岡山,2023-10-27,9209
2439,美律,10,0,10,凱基-岡山,2023-10-27,9209
4960,誠美材,10,0,10,凱基-岡山,2023-10-27,9209
8110,華東,10,0,10,凱基-岡山,2023-10-27,9209
00891,中信關鍵半導體,9,0,9,凱基-岡山,2023-10-27,9209
2337,旺宏,9,0,9,凱基-岡山,2023-10-27,9209
3363,上詮,35,26,9,凱基-岡山,2023-10-27,9209
4542,科嶠,11,2,9,凱基-岡山,2023-10-27,9209
1584,精剛,8,0,8,凱基-岡山,2023-10-27,9209
3032,偉訓,15,7,8,凱基-岡山,2023-10-27,9209
2425,承啟,6,0,6,凱基-岡山,2023-10-27,9209
3014,聯陽,6,0,6,凱基-岡山,2023-10-27,9209
00932,兆豐永續高息等權,5,0,5,凱基-岡山,2023-10-27,9209
00751B,元大AAA至A公司債,5,0,5,凱基-岡山,2023-10-27,9209
00696B,富邦美債20年,5,0,5,凱基-岡山,2023-10-27,9209
2002,中鋼,5,0,5,凱基-岡山,2023-10-27,9209
2009,第一銅,5,0,5,凱基-岡山,2023-10-27,9209
2468,華經,5,0,5,凱基-岡山,2023-10-27,9209
2515,中工,10,5,5,凱基-岡山,2023-10-27,9209
3708,上緯投控,5,0,5,凱基-岡山,2023-10-27,9209
4414,如興,5,0,5,凱基-岡山,2023-10-27,9209
2317,鴻海,9,4,5,凱基-岡山,2023-10-27,9209
2419,仲琦,4,0,4,凱基-岡山,2023-10-27,9209
1711,永光,6,2,4,凱基-岡山,2023-10-27,9209
2801,彰銀,10,6,4,凱基-岡山,2023-10-27,9209
3324,雙鴻,6,2,4,凱基-岡山,2023-10-27,9209
6152,百一,4,0,4,凱基-岡山,2023-10-27,9209
6213,聯茂,4,0,4,凱基-岡山,2023-10-27,9209
8097,常珵,4,0,4,凱基-岡山,2023-10-27,9209
0050,元大台灣50,4,1,3,凱基-岡山,2023-10-27,9209
00878,國泰永續高股息,13,10,3,凱基-岡山,2023-10-27,9209
1217,愛之味,5,2,3,凱基-岡山,2023-10-27,9209
00882,中信中國高股息,3,0,3,凱基-岡山,2023-10-27,9209
00907,永豐優息存股,3,0,3,凱基-岡山,2023-10-27,9209
00712,復華富時不動產,3,0,3,凱基-岡山,2023-10-27,9209
1536,和大,3,0,3,凱基-岡山,2023-10-27,9209
2233,宇隆,4,1,3,凱基-岡山,2023-10-27,9209
2324,仁寶,3,0,3,凱基-岡山,2023-10-27,9209
2481,強茂,3,0,3,凱基-岡山,2023-10-27,9209
2520,冠德,3,0,3,凱基-岡山,2023-10-27,9209
2618,長榮航,51,10,41,凱基-岡山,2023-10-30,9209
6443,元晶,39,18,21,凱基-岡山,2023-10-30,9209
2889,國票金,16,0,16,凱基-岡山,2023-10-30,9209
2897,王道銀行,23,7,16,凱基-岡山,2023-10-30,9209
2330,台積電,15,0,15,凱基-岡山,2023-10-30,9209
3450,聯鈞,20,5,15,凱基-岡山,2023-10-30,9209
2485,兆赫,14,1,13,凱基-岡山,2023-10-30,9209
2883,凱基金,19,6,13,凱基-岡山,2023-10-30,9209
1472,三洋實業,11,0,11,凱基-岡山,2023-10-30,9209
00753L,中信中國50正2,10,0,10,凱基-岡山,2023-10-30,9209
01003T,兆豐新光R1,10,0,10,凱基-岡山,2023-10-30,9209
2303,聯電,11,1,10,凱基-岡山,2023-10-30,9209
00712,復華富時不動產,9,0,9,凱基-岡山,2023-10-30,9209
2025,千興,8,0,8,凱基-岡山,2023-10-30,9209
00679B,元大美債20年,9,2,7,凱基-岡山,2023-10-30,9209
2442,新美齊,7,0,7,凱基-岡山,2023-10-30,9209
00931B,統一美債20年,6,0,6,凱基-岡山,2023-10-30,9209
1734,杏輝,7,1,6,凱基-岡山,2023-10-30,9209
2024,志聯,6,0,6,凱基-岡山,2023-10-30,9209
2891,中信金,6,0,6,凱基-岡山,2023-10-30,9209
6016,康和證,6,1,5,凱基-岡山,2023-10-30,9209
3231,緯創,76,71,5,凱基-岡山,2023-10-30,9209
2468,華經,5,0,5,凱基-岡山,2023-10-30,9209
4716,大立,5,0,5,凱基-岡山,2023-10-30,9209
4960,誠美材,5,0,5,凱基-岡山,2023-10-30,9209
6197,佳必琪,5,0,5,凱基-岡山,2023-10-30,9209
2337,旺宏,5,0,5,凱基-岡山,2023-10-30,9209
0050,元大台灣50,4,0,4,凱基-岡山,2023-10-30,9209
2610,華航,6,2,4,凱基-岡山,2023-10-30,9209
3715,定穎投控,30,26,4,凱基-岡山,2023-10-30,9209
2332,友訊,4,1,3,凱基-岡山,2023-10-30,9209
5215,科嘉-KY,7,4,3,凱基-岡山,2023-10-30,9209
6114,久威,3,0,3,凱基-岡山,2023-10-30,9209
6182,合晶,3,0,3,凱基-岡山,2023-10-30,9209
6548,長科*,3,0,3,凱基-岡山,2023-10-30,9209
6667,信紘科,3,0,3,凱基-岡山,2023-10-30,9209
1513,中興電,2,0,2,凱基-岡山,2023-10-30,9209
00724B,群益投資級金融債,2,0,2,凱基-岡山,2023-10-30,9209
00923,群益台ESG低碳50,2,0,2,凱基-岡山,2023-10-30,9209
00773B,中信優先金融債,2,0,2,凱基-岡山,2023-10-30,9209
1711,永光,2,0,2,凱基-岡山,2023-10-30,9209
1785,光洋科,2,0,2,凱基-岡山,2023-10-30,9209
2392,正崴,2,0,2,凱基-岡山,2023-10-30,9209
2481,強茂,2,0,2,凱基-岡山,2023-10-30,9209
2634,漢翔,4,2,2,凱基-岡山,2023-10-30,9209
2855,統一證,2,0,2,凱基-岡山,2023-10-30,9209
2867,三商壽,2,0,2,凱基-岡山,2023-10-30,9209
2881,富邦金,2,0,2,凱基-岡山,2023-10-30,9209
2888B,新光金乙特,2,0,2,凱基-岡山,2023-10-30,9209
3044,健鼎,2,0,2,凱基-岡山,2023-10-30,9209
00929,復華台灣科技優息,55,5,50,凱基-岡山,2023-10-31,9209
2618,長榮航,50,3,47,凱基-岡山,2023-10-31,9209
00712,復華富時不動產,41,0,41,凱基-岡山,2023-10-31,9209
0056,元大高股息,40,4,36,凱基-岡山,2023-10-31,9209
00878,國泰永續高股息,34,2,32,凱基-岡山,2023-10-31,9209
2892,第一金,20,0,20,凱基-岡山,2023-10-31,9209
6290,良維,20,0,20,凱基-岡山,2023-10-31,9209
2515,中工,27,10,17,凱基-岡山,2023-10-31,9209
2834,臺企銀,16,0,16,凱基-岡山,2023-10-31,9209
8059,凱碩,15,0,15,凱基-岡山,2023-10-31,9209
5531,鄉林,14,0,14,凱基-岡山,2023-10-31,9209
00680L,元大美債20正2,15,2,13,凱基-岡山,2023-10-31,9209
2883,凱基金,12,0,12,凱基-岡山,2023-10-31,9209
3189,景碩,12,1,11,凱基-岡山,2023-10-31,9209
6235,華孚,12,1,11,凱基-岡山,2023-10-31,9209
2363,矽統,20,9,11,凱基-岡山,2023-10-31,9209
2889,國票金,11,0,11,凱基-岡山,2023-10-31,9209
2516,新建,10,0,10,凱基-岡山,2023-10-31,9209
2543,皇昌,10,0,10,凱基-岡山,2023-10-31,9209
2903,遠百,10,0,10,凱基-岡山,2023-10-31,9209
6133,金橋,13,3,10,凱基-岡山,2023-10-31,9209
2313,華通,21,12,9,凱基-岡山,2023-10-31,9209
0050,元大台灣50,8,0,8,凱基-岡山,2023-10-31,9209
2002,中鋼,9,1,8,凱基-岡山,2023-10-31,9209
1785,光洋科,10,2,8,凱基-岡山,2023-10-31,9209
2340,台亞,8,0,8,凱基-岡山,2023-10-31,9209
2344,華邦電,10,2,8,凱基-岡山,2023-10-31,9209
2465,麗臺,9,1,8,凱基-岡山,2023-10-31,9209
4162,智擎,9,1,8,凱基-岡山,2023-10-31,9209
3596,智易,7,0,7,凱基-岡山,2023-10-31,9209
2374,佳能,7,0,7,凱基-岡山,2023-10-31,9209
2610,華航,7,0,7,凱基-岡山,2023-10-31,9209
4716,大立,7,0,7,凱基-岡山,2023-10-31,9209
2329,華泰,8,1,7,凱基-岡山,2023-10-31,9209
3231,緯創,104,98,6,凱基-岡山,2023-10-31,9209
1314,中石化,6,0,6,凱基-岡山,2023-10-31,9209
8040,九暘,6,0,6,凱基-岡山,2023-10-31,9209
2301,光寶科,12,6,6,凱基-岡山,2023-10-31,9209
00922,國泰台灣領袖50,5,0,5,凱基-岡山,2023-10-31,9209
2498,宏達電,5,0,5,凱基-岡山,2023-10-31,9209
2031,新光鋼,5,0,5,凱基-岡山,2023-10-31,9209
2371,大同,7,2,5,凱基-岡山,2023-10-31,9209
2427,三商電,11,6,5,凱基-岡山,2023-10-31,9209
2605,新興,5,0,5,凱基-岡山,2023-10-31,9209
2891,中信金,5,0,5,凱基-岡山,2023-10-31,9209
3630,新鉅科,5,0,5,凱基-岡山,2023-10-31,9209
4564,元翎,5,0,5,凱基-岡山,2023-10-31,9209
5425,台半,5,0,5,凱基-岡山,2023-10-31,9209
00919,群益台灣精選高息,5,1,4,凱基-岡山,2023-10-31,9209
2206,三陽工業,4,0,4,凱基-岡山,2023-10-31,9209
5301,寶得利,50,0,50,凱基-岡山,2023-11-01,9209
00878,國泰永續高股息,34,0,34,凱基-岡山,2023-11-01,9209
2312,金寶,22,0,22,凱基-岡山,2023-11-01,9209
2891,中信金,17,0,17,凱基-岡山,2023-11-01,9209
00929,復華台灣科技優息,29,13,16,凱基-岡山,2023-11-01,9209
9105,泰金寶-DR,13,0,13,凱基-岡山,2023-11-01,9209
00712,復華富時不動產,15,3,12,凱基-岡山,2023-11-01,9209
1605,華新,20,8,12,凱基-岡山,2023-11-01,9209
2344,華邦電,12,0,12,凱基-岡山,2023-11-01,9209
3715,定穎投控,47,36,11,凱基-岡山,2023-11-01,9209
00772B,中信高評級公司債,11,0,11,凱基-岡山,2023-11-01,9209
00715L,期街口布蘭特正2,11,0,11,凱基-岡山,2023-11-01,9209
1472,三洋實業,11,0,11,凱基-岡山,2023-11-01,9209
2409,友達,13,2,11,凱基-岡山,2023-11-01,9209
4527,方土霖,11,0,11,凱基-岡山,2023-11-01,9209
00885,富邦越南,10,0,10,凱基-岡山,2023-11-01,9209
2889,國票金,10,0,10,凱基-岡山,2023-11-01,9209
00934,中信成長高股息,67,57,10,凱基-岡山,2023-11-01,9209
00720B,元大投資級公司債,10,0,10,凱基-岡山,2023-11-01,9209
00753L,中信中國50正2,10,0,10,凱基-岡山,2023-11-01,9209
2301,光寶科,10,0,10,凱基-岡山,2023-11-01,9209
3014,聯陽,10,0,10,凱基-岡山,2023-11-01,9209
4716,大立,9,0,9,凱基-岡山,2023-11-01,9209
00935,野村臺灣新科技50,8,0,8,凱基-岡山,2023-11-01,9209
1402,遠東新,8,0,8,凱基-岡山,2023-11-01,9209
2002,中鋼,10,2,8,凱基-岡山,2023-11-01,9209
2426,鼎元,8,0,8,凱基-岡山,2023-11-01,9209
3481,群創,8,0,8,凱基-岡山,2023-11-01,9209
2449,京元電子,8,1,7,凱基-岡山,2023-11-01,9209
2492,華新科,18,12,6,凱基-岡山,2023-11-01,9209
4908,前鼎,6,0,6,凱基-岡山,2023-11-01,9209
2605,新興,5,0,5,凱基-岡山,2023-11-01,9209
3047,訊舟,5,0,5,凱基-岡山,2023-11-01,9209
3530,晶相光,5,0,5,凱基-岡山,2023-11-01,9209
5309,系統電,5,0,5,凱基-岡山,2023-11-01,9209
6603,富強鑫,5,0,5,凱基-岡山,2023-11-01,9209
0056,元大高股息,5,1,4,凱基-岡山,2023-11-01,9209
1101,台泥,4,0,4,凱基-岡山,2023-11-01,9209
00773B,中信優先金融債,4,0,4,凱基-岡山,2023-11-01,9209
00642U,期元大S＆P石油,4,0,4,凱基-岡山,2023-11-01,9209
2478,大毅,4,0,4,凱基-岡山,2023-11-01,9209
4167,松瑞藥,6,2,4,凱基-岡山,2023-11-01,9209
8926,台汽電,3,0,3,凱基-岡山,2023-11-01,9209
6285,啟��,4,1,3,凱基-岡山,2023-11-01,9209
2330,台積電,4,1,3,凱基-岡山,2023-11-01,9209
00679B,元大美債20年,3,0,3,凱基-岡山,2023-11-01,9209
2401,凌陽,3,0,3,凱基-岡山,2023-11-01,9209
3049,精金,3,0,3,凱基-岡山,2023-11-01,9209
5215,科嘉-KY,5,2,3,凱基-岡山,2023-11-01,9209
5225,東科-KY,3,0,3,凱基-岡山,2023-11-01,9209
00712,復華富時不動產,227,1,226,凱基-岡山,2023-11-02,9209
00632R,元大台灣50反1,164,0,164,凱基-岡山,2023-11-02,9209
2888,新光金,40,0,40,凱基-岡山,2023-11-02,9209
00934,中信成長高股息,43,6,37,凱基-岡山,2023-11-02,9209
6257,矽格,29,2,27,凱基-岡山,2023-11-02,9209
3481,群創,39,13,26,凱基-岡山,2023-11-02,9209
00878,國泰永續高股息,28,4,24,凱基-岡山,2023-11-02,9209
2618,長榮航,30,7,23,凱基-岡山,2023-11-02,9209
8936,國統,28,7,21,凱基-岡山,2023-11-02,9209
1519,華城,20,0,20,凱基-岡山,2023-11-02,9209
2363,矽統,30,10,20,凱基-岡山,2023-11-02,9209
3450,聯鈞,20,3,17,凱基-岡山,2023-11-02,9209
00887,永豐中國科技50大,15,0,15,凱基-岡山,2023-11-02,9209
3163,波若威,13,1,12,凱基-岡山,2023-11-02,9209
00935,野村臺灣新科技50,12,0,12,凱基-岡山,2023-11-02,9209
4527,方土霖,11,0,11,凱基-岡山,2023-11-02,9209
00671R,富邦NASDAQ反1,10,0,10,凱基-岡山,2023-11-02,9209
00642U,期元大S＆P石油,10,0,10,凱基-岡山,2023-11-02,9209
2368,金像電,21,11,10,凱基-岡山,2023-11-02,9209
2313,華通,16,7,9,凱基-岡山,2023-11-02,9209
4716,大立,8,0,8,凱基-岡山,2023-11-02,9209
2364,倫飛,7,0,7,凱基-岡山,2023-11-02,9209
6156,松上,7,0,7,凱基-岡山,2023-11-02,9209
00894,中信小資高價30,6,0,6,凱基-岡山,2023-11-02,9209
6213,聯茂,6,0,6,凱基-岡山,2023-11-02,9209
00933B,國泰10Y+金融債,10,5,5,凱基-岡山,2023-11-02,9209
00882,中信中國高股息,5,0,5,凱基-岡山,2023-11-02,9209
4908,前鼎,15,10,5,凱基-岡山,2023-11-02,9209
1301,台塑,4,0,4,凱基-岡山,2023-11-02,9209
2236,百達-KY,4,0,4,凱基-岡山,2023-11-02,9209
2399,映泰,4,0,4,凱基-岡山,2023-11-02,9209
3702,大聯大,6,3,3,凱基-岡山,2023-11-02,9209
00850,元大臺灣ESG永續,3,0,3,凱基-岡山,2023-11-02,9209
1319,東陽,3,0,3,凱基-岡山,2023-11-02,9209
1731,美吾華,3,0,3,凱基-岡山,2023-11-02,9209
1815,富喬,25,22,3,凱基-岡山,2023-11-02,9209
2465,麗臺,3,0,3,凱基-岡山,2023-11-02,9209
2913,農林,3,0,3,凱基-岡山,2023-11-02,9209
3576,聯合再生,3,0,3,凱基-岡山,2023-11-02,9209
4906,正文,5,2,3,凱基-岡山,2023-11-02,9209
2002,中鋼,5,3,2,凱基-岡山,2023-11-02,9209
4915,致伸,5,3,2,凱基-岡山,2023-11-02,9209
3704,合勤控,6,4,2,凱基-岡山,2023-11-02,9209
1449,佳和,2,0,2,凱基-岡山,2023-11-02,9209
1471,首利,2,0,2,凱基-岡山,2023-11-02,9209
00931B,統一美債20年,2,0,2,凱基-岡山,2023-11-02,9209
0055,元大MSCI金融,2,0,2,凱基-岡山,2023-11-02,9209
00773B,中信優先金融債,2,0,2,凱基-岡山,2023-11-02,9209
2352,佳世達,2,0,2,凱基-岡山,2023-11-02,9209
2392,正崴,2,0,2,凱基-岡山,2023-11-02,9209
00885,富邦越南,60,0,60,凱基-岡山,2023-11-03,9209
00676R,富邦臺灣加權反1,50,0,50,凱基-岡山,2023-11-03,9209
00929,復華台灣科技優息,42,7,35,凱基-岡山,2023-11-03,9209
1609,大亞,35,0,35,凱基-岡山,2023-11-03,9209
00934,中信成長高股息,41,14,27,凱基-岡山,2023-11-03,9209
00632R,元大台灣50反1,26,0,26,凱基-岡山,2023-11-03,9209
00878,國泰永續高股息,30,7,23,凱基-岡山,2023-11-03,9209
00665L,富邦�琤肭磪囓�2,20,0,20,凱基-岡山,2023-11-03,9209
00882,中信中國高股息,19,0,19,凱基-岡山,2023-11-03,9209
3290,東浦,21,2,19,凱基-岡山,2023-11-03,9209
2363,矽統,82,66,16,凱基-岡山,2023-11-03,9209
2356,英業達,15,0,15,凱基-岡山,2023-11-03,9209
1101,台泥,17,2,15,凱基-岡山,2023-11-03,9209
4958,臻鼎-KY,15,0,15,凱基-岡山,2023-11-03,9209
2883,凱基金,21,6,15,凱基-岡山,2023-11-03,9209
00751B,元大AAA至A公司債,15,0,15,凱基-岡山,2023-11-03,9209
2801,彰銀,14,0,14,凱基-岡山,2023-11-03,9209
2903,遠百,13,0,13,凱基-岡山,2023-11-03,9209
3450,聯鈞,22,9,13,凱基-岡山,2023-11-03,9209
2382,廣達,15,3,12,凱基-岡山,2023-11-03,9209
3228,金麗科,13,2,11,凱基-岡山,2023-11-03,9209
6133,金橋,12,1,11,凱基-岡山,2023-11-03,9209
00688L,國泰20年美債正2,10,0,10,凱基-岡山,2023-11-03,9209
00687B,國泰20年美債,10,0,10,凱基-岡山,2023-11-03,9209
00664R,國泰臺灣加權反1,10,0,10,凱基-岡山,2023-11-03,9209
00753L,中信中國50正2,10,0,10,凱基-岡山,2023-11-03,9209
2426,鼎元,13,3,10,凱基-岡山,2023-11-03,9209
8163,達方,13,3,10,凱基-岡山,2023-11-03,9209
2006,東和鋼鐵,10,1,9,凱基-岡山,2023-11-03,9209
4716,大立,9,0,9,凱基-岡山,2023-11-03,9209
3376,新日興,8,0,8,凱基-岡山,2023-11-03,9209
2543,皇昌,7,0,7,凱基-岡山,2023-11-03,9209
00720B,元大投資級公司債,6,0,6,凱基-岡山,2023-11-03,9209
6197,佳必琪,9,3,6,凱基-岡山,2023-11-03,9209
2368,金像電,43,37,6,凱基-岡山,2023-11-03,9209
1711,永光,5,0,5,凱基-岡山,2023-11-03,9209
2038,海光,5,0,5,凱基-岡山,2023-11-03,9209
3032,偉訓,5,0,5,凱基-岡山,2023-11-03,9209
3483,力致,5,0,5,凱基-岡山,2023-11-03,9209
4108,懷特,5,0,5,凱基-岡山,2023-11-03,9209
4527,方土霖,5,0,5,凱基-岡山,2023-11-03,9209
6117,迎廣,13,8,5,凱基-岡山,2023-11-03,9209
6275,元山,5,0,5,凱基-岡山,2023-11-03,9209
8068,全達,5,0,5,凱基-岡山,2023-11-03,9209
8277,商丞,6,1,5,凱基-岡山,2023-11-03,9209
6187,萬潤,5,1,4,凱基-岡山,2023-11-03,9209
2376,技嘉,22,18,4,凱基-岡山,2023-11-03,9209
3094,聯傑,131,127,4,凱基-岡山,2023-11-03,9209
4909,新復興,4,0,4,凱基-岡山,2023-11-03,9209
5410,國眾,4,0,4,凱基-岡山,2023-11-03,9209
2618,長榮航,116,30,86,凱基-岡山,2023-11-06,9209
1504,東元,62,0,62,凱基-岡山,2023-11-06,9209
00676R,富邦臺灣加權反1,50,0,50,凱基-岡山,2023-11-06,9209
00688L,國泰20年美債正2,32,0,32,凱基-岡山,2023-11-06,9209
00632R,元大台灣50反1,31,0,31,凱基-岡山,2023-11-06,9209
2024,志聯,25,0,25,凱基-岡山,2023-11-06,9209
3022,威強電,44,20,24,凱基-岡山,2023-11-06,9209
00878,國泰永續高股息,25,3,22,凱基-岡山,2023-11-06,9209
6282,康舒,20,0,20,凱基-岡山,2023-11-06,9209
2745,五福,19,0,19,凱基-岡山,2023-11-06,9209
2515,中工,17,0,17,凱基-岡山,2023-11-06,9209
6182,合晶,20,4,16,凱基-岡山,2023-11-06,9209
1589,永冠-KY,14,0,14,凱基-岡山,2023-11-06,9209
2388,威盛,50,37,13,凱基-岡山,2023-11-06,9209
2002,中鋼,28,15,13,凱基-岡山,2023-11-06,9209
00933B,國泰10Y+金融債,28,15,13,凱基-岡山,2023-11-06,9209
00935,野村臺灣新科技50,14,2,12,凱基-岡山,2023-11-06,9209
2066,世德,12,0,12,凱基-岡山,2023-11-06,9209
3036A,文曄甲特,12,0,12,凱基-岡山,2023-11-06,9209
6133,金橋,19,7,12,凱基-岡山,2023-11-06,9209
2408,南亞科,29,18,11,凱基-岡山,2023-11-06,9209
00664R,國泰臺灣加權反1,11,0,11,凱基-岡山,2023-11-06,9209
00680L,元大美債20正2,15,4,11,凱基-岡山,2023-11-06,9209
2450,神腦,11,0,11,凱基-岡山,2023-11-06,9209
00919,群益台灣精選高息,11,0,11,凱基-岡山,2023-11-06,9209
00850,元大臺灣ESG永續,10,0,10,凱基-岡山,2023-11-06,9209
00642U,期元大S＆P石油,10,0,10,凱基-岡山,2023-11-06,9209
1731,美吾華,10,0,10,凱基-岡山,2023-11-06,9209
3013,晟銘電,12,2,10,凱基-岡山,2023-11-06,9209
3689,湧德,10,0,10,凱基-岡山,2023-11-06,9209
6164,華興,12,2,10,凱基-岡山,2023-11-06,9209
00902,中信電池及儲能,23,13,10,凱基-岡山,2023-11-06,9209
2363,矽統,44,35,9,凱基-岡山,2023-11-06,9209
00934,中信成長高股息,32,23,9,凱基-岡山,2023-11-06,9209
2610,華航,14,5,9,凱基-岡山,2023-11-06,9209
5531,鄉林,9,0,9,凱基-岡山,2023-11-06,9209
3231,緯創,15,7,8,凱基-岡山,2023-11-06,9209
00679B,元大美債20年,8,0,8,凱基-岡山,2023-11-06,9209
2014,中鴻,10,3,7,凱基-岡山,2023-11-06,9209
3264,欣銓,7,0,7,凱基-岡山,2023-11-06,9209
00915,凱基優選高股息30,10,3,7,凱基-岡山,2023-11-06,9209
00712,復華富時不動產,6,0,6,凱基-岡山,2023-11-06,9209
1449,佳和,8,2,6,凱基-岡山,2023-11-06,9209
2867,三商壽,6,0,6,凱基-岡山,2023-11-06,9209
6578,達邦蛋白,6,0,6,凱基-岡山,2023-11-06,9209
00673R,期元大S＆P原油反1,5,0,5,凱基-岡山,2023-11-06,9209
00772B,中信高評級公司債,5,0,5,凱基-岡山,2023-11-06,9209
1314,中石化,5,0,5,凱基-岡山,2023-11-06,9209
1519,華城,10,5,5,凱基-岡山,2023-11-06,9209
2376,技嘉,6,1,5,凱基-岡山,2023-11-06,9209
2883,凱基金,33,0,33,凱基-岡山,2023-11-07,9209
00934,中信成長高股息,31,0,31,凱基-岡山,2023-11-07,9209
2317,鴻海,29,1,28,凱基-岡山,2023-11-07,9209
00878,國泰永續高股息,28,0,28,凱基-岡山,2023-11-07,9209
4533,協易機,29,5,24,凱基-岡山,2023-11-07,9209
1789,神隆,20,0,20,凱基-岡山,2023-11-07,9209
2888,新光金,20,0,20,凱基-岡山,2023-11-07,9209
4716,大立,17,0,17,凱基-岡山,2023-11-07,9209
00715L,期街口布蘭特正2,16,0,16,凱基-岡山,2023-11-07,9209
2743,山富,17,1,16,凱基-岡山,2023-11-07,9209
3036A,文曄甲特,15,0,15,凱基-岡山,2023-11-07,9209
9950,萬國通,20,5,15,凱基-岡山,2023-11-07,9209
00712,復華富時不動產,15,0,15,凱基-岡山,2023-11-07,9209
6117,迎廣,24,10,14,凱基-岡山,2023-11-07,9209
1815,富喬,26,14,12,凱基-岡山,2023-11-07,9209
2485,兆赫,11,0,11,凱基-岡山,2023-11-07,9209
2634,漢翔,79,68,11,凱基-岡山,2023-11-07,9209
5531,鄉林,11,0,11,凱基-岡山,2023-11-07,9209
2891,中信金,11,0,11,凱基-岡山,2023-11-07,9209
2903,遠百,10,0,10,凱基-岡山,2023-11-07,9209
4707,磐亞,10,0,10,凱基-岡山,2023-11-07,9209
6191,精成科,20,11,9,凱基-岡山,2023-11-07,9209
2816,旺旺保,12,3,9,凱基-岡山,2023-11-07,9209
00929,復華台灣科技優息,18,9,9,凱基-岡山,2023-11-07,9209
3041,揚智,11,3,8,凱基-岡山,2023-11-07,9209
4167,松瑞藥,16,8,8,凱基-岡山,2023-11-07,9209
00692,富邦公司治理,7,0,7,凱基-岡山,2023-11-07,9209
1785,光洋科,7,0,7,凱基-岡山,2023-11-07,9209
2313,華通,16,10,6,凱基-岡山,2023-11-07,9209
1101,台泥,7,1,6,凱基-岡山,2023-11-07,9209
3189,景碩,7,1,6,凱基-岡山,2023-11-07,9209
2338,光罩,6,0,6,凱基-岡山,2023-11-07,9209
2344,華邦電,6,0,6,凱基-岡山,2023-11-07,9209
2388,威盛,12,6,6,凱基-岡山,2023-11-07,9209
2636,台驊控股,6,0,6,凱基-岡山,2023-11-07,9209
2736,富野,6,0,6,凱基-岡山,2023-11-07,9209
6418,詠昇,6,0,6,凱基-岡山,2023-11-07,9209
00935,野村臺灣新科技50,5,0,5,凱基-岡山,2023-11-07,9209
00931B,統一美債20年,5,0,5,凱基-岡山,2023-11-07,9209
1304,台聚,5,0,5,凱基-岡山,2023-11-07,9209
1314,中石化,5,0,5,凱基-岡山,2023-11-07,9209
1316,上曜,10,5,5,凱基-岡山,2023-11-07,9209
2031,新光鋼,5,0,5,凱基-岡山,2023-11-07,9209
3049,精金,5,0,5,凱基-岡山,2023-11-07,9209
4967,十銓,16,11,5,凱基-岡山,2023-11-07,9209
5704,老爺知,5,0,5,凱基-岡山,2023-11-07,9209
00679B,元大美債20年,6,2,4,凱基-岡山,2023-11-07,9209
8996,高力,4,0,4,凱基-岡山,2023-11-07,9209
00687B,國泰20年美債,4,0,4,凱基-岡山,2023-11-07,9209
3363,上詮,4,0,4,凱基-岡山,2023-11-07,9209
3231,緯創,278,210,68,凱基-岡山,2023-11-08,9209
2515,中工,34,0,34,凱基-岡山,2023-11-08,9209
00929,復華台灣科技優息,49,15,34,凱基-岡山,2023-11-08,9209
2002,中鋼,32,7,25,凱基-岡山,2023-11-08,9209
2537,聯上發,21,0,21,凱基-岡山,2023-11-08,9209
00935,野村臺灣新科技50,20,0,20,凱基-岡山,2023-11-08,9209
3481,群創,20,0,20,凱基-岡山,2023-11-08,9209
6188,廣明,23,4,19,凱基-岡山,2023-11-08,9209
00936,台新永續高息中小,22,4,18,凱基-岡山,2023-11-08,9209
00919,群益台灣精選高息,24,6,18,凱基-岡山,2023-11-08,9209
00715L,期街口布蘭特正2,16,0,16,凱基-岡山,2023-11-08,9209
00680L,元大美債20正2,15,0,15,凱基-岡山,2023-11-08,9209
2356,英業達,18,5,13,凱基-岡山,2023-11-08,9209
6284,佳邦,16,4,12,凱基-岡山,2023-11-08,9209
00642U,期元大S＆P石油,11,0,11,凱基-岡山,2023-11-08,9209
2303,聯電,17,6,11,凱基-岡山,2023-11-08,9209
2485,兆赫,11,0,11,凱基-岡山,2023-11-08,9209
2883,凱基金,32,21,11,凱基-岡山,2023-11-08,9209
5531,鄉林,11,0,11,凱基-岡山,2023-11-08,9209
1314,中石化,10,0,10,凱基-岡山,2023-11-08,9209
1108,幸福,10,0,10,凱基-岡山,2023-11-08,9209
00632R,元大台灣50反1,10,0,10,凱基-岡山,2023-11-08,9209
00664R,國泰臺灣加權反1,10,0,10,凱基-岡山,2023-11-08,9209
00900,富邦特選高股息30,10,0,10,凱基-岡山,2023-11-08,9209
1789,神隆,10,0,10,凱基-岡山,2023-11-08,9209
2838,聯邦銀,10,0,10,凱基-岡山,2023-11-08,9209
2014,中鴻,8,0,8,凱基-岡山,2023-11-08,9209
8111,立��,8,0,8,凱基-岡山,2023-11-08,9209
4162,智擎,8,1,7,凱基-岡山,2023-11-08,9209
6133,金橋,17,10,7,凱基-岡山,2023-11-08,9209
00882,中信中國高股息,6,0,6,凱基-岡山,2023-11-08,9209
00898,國泰基因免疫革命,6,0,6,凱基-岡山,2023-11-08,9209
2543,皇昌,6,0,6,凱基-岡山,2023-11-08,9209
3227,原相,9,3,6,凱基-岡山,2023-11-08,9209
5258,虹堡,9,3,6,凱基-岡山,2023-11-08,9209
8150,南茂,6,0,6,凱基-岡山,2023-11-08,9209
00933B,國泰10Y+金融債,11,5,6,凱基-岡山,2023-11-08,9209
2031,新光鋼,5,0,5,凱基-岡山,2023-11-08,9209
2344,華邦電,6,1,5,凱基-岡山,2023-11-08,9209
2903,遠百,5,0,5,凱基-岡山,2023-11-08,9209
3041,揚智,5,0,5,凱基-岡山,2023-11-08,9209
3622,洋華,5,0,5,凱基-岡山,2023-11-08,9209
4527,方土霖,5,0,5,凱基-岡山,2023-11-08,9209
8093,保銳,6,1,5,凱基-岡山,2023-11-08,9209
00679B,元大美債20年,5,0,5,凱基-岡山,2023-11-08,9209
2006,東和鋼鐵,5,1,4,凱基-岡山,2023-11-08,9209
1472,三洋實業,4,0,4,凱基-岡山,2023-11-08,9209
2367,燿華,5,1,4,凱基-岡山,2023-11-08,9209
2610,華航,4,0,4,凱基-岡山,2023-11-08,9209
3043,科風,4,0,4,凱基-岡山,2023-11-08,9209
2610,華航,194,34,160,凱基-岡山,2023-11-09,9209
2618,長榮航,96,23,73,凱基-岡山,2023-11-09,9209
00715L,期街口布蘭特正2,64,0,64,凱基-岡山,2023-11-09,9209
3014,聯陽,51,2,49,凱基-岡山,2023-11-09,9209
1314,中石化,45,0,45,凱基-岡山,2023-11-09,9209
5347,世界,32,1,31,凱基-岡山,2023-11-09,9209
3555,博士旺,30,0,30,凱基-岡山,2023-11-09,9209
00933B,國泰10Y+金融債,31,2,29,凱基-岡山,2023-11-09,9209
2408,南亞科,21,0,21,凱基-岡山,2023-11-09,9209
2356,英業達,20,0,20,凱基-岡山,2023-11-09,9209
00642U,期元大S＆P石油,20,0,20,凱基-岡山,2023-11-09,9209
2515,中工,21,1,20,凱基-岡山,2023-11-09,9209
00680L,元大美債20正2,20,2,18,凱基-岡山,2023-11-09,9209
2867,三商壽,18,0,18,凱基-岡山,2023-11-09,9209
1815,富喬,21,4,17,凱基-岡山,2023-11-09,9209
2388,威盛,15,0,15,凱基-岡山,2023-11-09,9209
00882,中信中國高股息,12,0,12,凱基-岡山,2023-11-09,9209
00936,台新永續高息中小,12,0,12,凱基-岡山,2023-11-09,9209
00900,富邦特選高股息30,12,0,12,凱基-岡山,2023-11-09,9209
3189,景碩,12,0,12,凱基-岡山,2023-11-09,9209
5531,鄉林,12,0,12,凱基-岡山,2023-11-09,9209
1504,東元,11,0,11,凱基-岡山,2023-11-09,9209
4527,方土霖,11,0,11,凱基-岡山,2023-11-09,9209
8163,達方,11,0,11,凱基-岡山,2023-11-09,9209
00878,國泰永續高股息,18,8,10,凱基-岡山,2023-11-09,9209
1449,佳和,10,0,10,凱基-岡山,2023-11-09,9209
00931B,統一美債20年,10,0,10,凱基-岡山,2023-11-09,9209
2367,燿華,9,0,9,凱基-岡山,2023-11-09,9209
2883,凱基金,9,0,9,凱基-岡山,2023-11-09,9209
3176,基亞,9,0,9,凱基-岡山,2023-11-09,9209
4716,大立,8,0,8,凱基-岡山,2023-11-09,9209
2303,聯電,10,3,7,凱基-岡山,2023-11-09,9209
2440,太空梭,10,3,7,凱基-岡山,2023-11-09,9209
5258,虹堡,7,0,7,凱基-岡山,2023-11-09,9209
2024,志聯,6,0,6,凱基-岡山,2023-11-09,9209
2352,佳世達,6,0,6,凱基-岡山,2023-11-09,9209
2481,強茂,6,0,6,凱基-岡山,2023-11-09,9209
3622,洋華,6,0,6,凱基-岡山,2023-11-09,9209
3693,營邦,6,0,6,凱基-岡山,2023-11-09,9209
6118,建達,6,0,6,凱基-岡山,2023-11-09,9209
2329,華泰,17,12,5,凱基-岡山,2023-11-09,9209
2340,台亞,6,1,5,凱基-岡山,2023-11-09,9209
2520,冠德,5,0,5,凱基-岡山,2023-11-09,9209
2883B,凱基金乙特,5,0,5,凱基-岡山,2023-11-09,9209
3363,上詮,7,2,5,凱基-岡山,2023-11-09,9209
6182,合晶,7,2,5,凱基-岡山,2023-11-09,9209
6712,長聖,5,0,5,凱基-岡山,2023-11-09,9209
9802,鈺齊-KY,5,0,5,凱基-岡山,2023-11-09,9209
3078,僑威,10,5,5,凱基-岡山,2023-11-09,9209
00720B,元大投資級公司債,5,0,5,凱基-岡山,2023-11-09,9209
00878,國泰永續高股息,42,0,42,凱基-岡山,2023-11-10,9209
8940,新天地,21,0,21,凱基-岡山,2023-11-10,9209
00665L,富邦�琤肭磪囓�2,20,0,20,凱基-岡山,2023-11-10,9209
00753L,中信中國50正2,20,0,20,凱基-岡山,2023-11-10,9209
6125,廣運,21,1,20,凱基-岡山,2023-11-10,9209
4533,協易機,66,49,17,凱基-岡山,2023-11-10,9209
2363,矽統,63,48,15,凱基-岡山,2023-11-10,9209
00929,復華台灣科技優息,17,3,14,凱基-岡山,2023-11-10,9209
2408,南亞科,15,1,14,凱基-岡山,2023-11-10,9209
2024,志聯,12,0,12,凱基-岡山,2023-11-10,9209
00933B,國泰10Y+金融債,10,0,10,凱基-岡山,2023-11-10,9209
00676R,富邦臺灣加權反1,10,0,10,凱基-岡山,2023-11-10,9209
01003T,兆豐新光R1,10,0,10,凱基-岡山,2023-11-10,9209
3209,全科,10,0,10,凱基-岡山,2023-11-10,9209
4527,方土霖,10,0,10,凱基-岡山,2023-11-10,9209
1734,杏輝,12,3,9,凱基-岡山,2023-11-10,9209
2618,長榮航,26,17,9,凱基-岡山,2023-11-10,9209
3014,聯陽,14,5,9,凱基-岡山,2023-11-10,9209
2546,根基,8,0,8,凱基-岡山,2023-11-10,9209
2801,彰銀,8,0,8,凱基-岡山,2023-11-10,9209
3450,聯鈞,8,0,8,凱基-岡山,2023-11-10,9209
4716,大立,8,0,8,凱基-岡山,2023-11-10,9209
2388,威盛,14,7,7,凱基-岡山,2023-11-10,9209
3036A,文曄甲特,7,0,7,凱基-岡山,2023-11-10,9209
6138,茂達,7,0,7,凱基-岡山,2023-11-10,9209
00936,台新永續高息中小,9,2,7,凱基-岡山,2023-11-10,9209
00919,群益台灣精選高息,6,0,6,凱基-岡山,2023-11-10,9209
00935,野村臺灣新科技50,6,0,6,凱基-岡山,2023-11-10,9209
00885,富邦越南,6,0,6,凱基-岡山,2023-11-10,9209
4930,燦星網,6,0,6,凱基-岡山,2023-11-10,9209
6712,長聖,6,0,6,凱基-岡山,2023-11-10,9209
00751B,元大AAA至A公司債,6,0,6,凱基-岡山,2023-11-10,9209
4743,合一,5,0,5,凱基-岡山,2023-11-10,9209
00696B,富邦美債20年,5,0,5,凱基-岡山,2023-11-10,9209
1519,華城,9,4,5,凱基-岡山,2023-11-10,9209
2421,建準,5,0,5,凱基-岡山,2023-11-10,9209
2485,兆赫,5,0,5,凱基-岡山,2023-11-10,9209
3062,建漢,5,0,5,凱基-岡山,2023-11-10,9209
4739,康普,5,0,5,凱基-岡山,2023-11-10,9209
6290,良維,7,2,5,凱基-岡山,2023-11-10,9209
8926,台汽電,5,0,5,凱基-岡山,2023-11-10,9209
00882,中信中國高股息,4,0,4,凱基-岡山,2023-11-10,9209
5351,鈺創,4,0,4,凱基-岡山,2023-11-10,9209
2382,廣達,5,1,4,凱基-岡山,2023-11-10,9209
00715L,期街口布蘭特正2,4,0,4,凱基-岡山,2023-11-10,9209
00857B,永豐20年美公債,4,0,4,凱基-岡山,2023-11-10,9209
2201,裕隆,4,0,4,凱基-岡山,2023-11-10,9209
2340,台亞,4,0,4,凱基-岡山,2023-11-10,9209
2356,英業達,5,1,4,凱基-岡山,2023-11-10,9209
3548,兆利,15,11,4,凱基-岡山,2023-11-10,9209
2618,長榮航,54,14,40,凱基-岡山,2023-11-13,9209
00878,國泰永續高股息,38,7,31,凱基-岡山,2023-11-13,9209
00715L,期街口布蘭特正2,31,0,31,凱基-岡山,2023-11-13,9209
2903,遠百,30,0,30,凱基-岡山,2023-11-13,9209
00679B,元大美債20年,24,0,24,凱基-岡山,2023-11-13,9209
00900,富邦特選高股息30,22,0,22,凱基-岡山,2023-11-13,9209
00850,元大臺灣ESG永續,20,0,20,凱基-岡山,2023-11-13,9209
00928,中信上櫃ESG30,20,0,20,凱基-岡山,2023-11-13,9209
2636,台驊控股,20,0,20,凱基-岡山,2023-11-13,9209
2024,志聯,19,1,18,凱基-岡山,2023-11-13,9209
1314,中石化,17,0,17,凱基-岡山,2023-11-13,9209
00935,野村臺灣新科技50,17,1,16,凱基-岡山,2023-11-13,9209
6213,聯茂,17,1,16,凱基-岡山,2023-11-13,9209
2374,佳能,18,3,15,凱基-岡山,2023-11-13,9209
6485,點序,16,1,15,凱基-岡山,2023-11-13,9209
2313,華通,45,32,13,凱基-岡山,2023-11-13,9209
00632R,元大台灣50反1,13,0,13,凱基-岡山,2023-11-13,9209
2501,國建,13,0,13,凱基-岡山,2023-11-13,9209
3276,宇環,18,5,13,凱基-岡山,2023-11-13,9209
1101,台泥,12,0,12,凱基-岡山,2023-11-13,9209
2337,旺宏,12,0,12,凱基-岡山,2023-11-13,9209
2408,南亞科,36,24,12,凱基-岡山,2023-11-13,9209
5351,鈺創,14,3,11,凱基-岡山,2023-11-13,9209
00893,國泰智能電動車,10,0,10,凱基-岡山,2023-11-13,9209
00904,新光臺灣半導體30,10,0,10,凱基-岡山,2023-11-13,9209
2492,華新科,11,1,10,凱基-岡山,2023-11-13,9209
2515,中工,10,0,10,凱基-岡山,2023-11-13,9209
2892,第一金,10,0,10,凱基-岡山,2023-11-13,9209
3128,昇銳,10,0,10,凱基-岡山,2023-11-13,9209
2382,廣達,10,1,9,凱基-岡山,2023-11-13,9209
2027,大成鋼,12,3,9,凱基-岡山,2023-11-13,9209
3706,神達,8,0,8,凱基-岡山,2023-11-13,9209
00936,台新永續高息中小,28,21,7,凱基-岡山,2023-11-13,9209
2601,益航,7,0,7,凱基-岡山,2023-11-13,9209
3049,精金,12,5,7,凱基-岡山,2023-11-13,9209
2402,毅嘉,12,6,6,凱基-岡山,2023-11-13,9209
6418,詠昇,6,0,6,凱基-岡山,2023-11-13,9209
6901,鑽石投資,6,0,6,凱基-岡山,2023-11-13,9209
8111,立��,6,0,6,凱基-岡山,2023-11-13,9209
9902,台火,6,0,6,凱基-岡山,2023-11-13,9209
2439,美律,8,3,5,凱基-岡山,2023-11-13,9209
00898,國泰基因免疫革命,5,0,5,凱基-岡山,2023-11-13,9209
00753L,中信中國50正2,5,0,5,凱基-岡山,2023-11-13,9209
00894,中信小資高價30,5,0,5,凱基-岡山,2023-11-13,9209
1524,耿鼎,5,0,5,凱基-岡山,2023-11-13,9209
2031,新光鋼,5,0,5,凱基-岡山,2023-11-13,9209
2208,台船,5,0,5,凱基-岡山,2023-11-13,9209
2723,美食-KY,5,0,5,凱基-岡山,2023-11-13,9209
3481,群創,5,0,5,凱基-岡山,2023-11-13,9209
3535,晶彩科,5,0,5,凱基-岡山,2023-11-13,9209
2606,裕民,24,0,24,凱基-岡山,2023-11-14,9209
3049,精金,25,5,20,凱基-岡山,2023-11-14,9209
3231,緯創,121,102,19,凱基-岡山,2023-11-14,9209
3094,聯傑,19,3,16,凱基-岡山,2023-11-14,9209
00673R,期元大S＆P原油反1,15,0,15,凱基-岡山,2023-11-14,9209
8473,山林水,21,6,15,凱基-岡山,2023-11-14,9209
00878,國泰永續高股息,50,36,14,凱基-岡山,2023-11-14,9209
3481,群創,15,1,14,凱基-岡山,2023-11-14,9209
8936,國統,19,6,13,凱基-岡山,2023-11-14,9209
00900,富邦特選高股息30,13,0,13,凱基-岡山,2023-11-14,9209
00679B,元大美債20年,14,3,11,凱基-岡山,2023-11-14,9209
9927,泰銘,15,4,11,凱基-岡山,2023-11-14,9209
2634,漢翔,14,4,10,凱基-岡山,2023-11-14,9209
3702A,大聯大甲特,10,0,10,凱基-岡山,2023-11-14,9209
6806,森崴能源,10,0,10,凱基-岡山,2023-11-14,9209
00720B,元大投資級公司債,10,0,10,凱基-岡山,2023-11-14,9209
5381,合正,9,0,9,凱基-岡山,2023-11-14,9209
1101,台泥,9,1,8,凱基-岡山,2023-11-14,9209
3521,鴻翊,8,0,8,凱基-岡山,2023-11-14,9209
3693,營邦,8,0,8,凱基-岡山,2023-11-14,9209
4716,大立,8,0,8,凱基-岡山,2023-11-14,9209
00680L,元大美債20正2,7,0,7,凱基-岡山,2023-11-14,9209
1504,東元,11,4,7,凱基-岡山,2023-11-14,9209
1609,大亞,7,0,7,凱基-岡山,2023-11-14,9209
6118,建達,7,0,7,凱基-岡山,2023-11-14,9209
2609,陽明,31,25,6,凱基-岡山,2023-11-14,9209
3036,文曄,11,5,6,凱基-岡山,2023-11-14,9209
3042,晶技,6,0,6,凱基-岡山,2023-11-14,9209
6290,良維,6,0,6,凱基-岡山,2023-11-14,9209
3006,晶豪科,11,5,6,凱基-岡山,2023-11-14,9209
00632R,元大台灣50反1,10,5,5,凱基-岡山,2023-11-14,9209
00696B,富邦美債20年,5,0,5,凱基-岡山,2023-11-14,9209
00692,富邦公司治理,5,0,5,凱基-岡山,2023-11-14,9209
1409,新纖,5,0,5,凱基-岡山,2023-11-14,9209
2031,新光鋼,5,0,5,凱基-岡山,2023-11-14,9209
2236,百達-KY,5,0,5,凱基-岡山,2023-11-14,9209
2485,兆赫,6,1,5,凱基-岡山,2023-11-14,9209
3704,合勤控,6,1,5,凱基-岡山,2023-11-14,9209
4401,東隆興,5,0,5,凱基-岡山,2023-11-14,9209
5522,遠雄,5,0,5,凱基-岡山,2023-11-14,9209
8011,台通,5,0,5,凱基-岡山,2023-11-14,9209
9902,台火,5,0,5,凱基-岡山,2023-11-14,9209
2002,中鋼,7,3,4,凱基-岡山,2023-11-14,9209
3176,基亞,4,0,4,凱基-岡山,2023-11-14,9209
00933B,國泰10Y+金融債,4,0,4,凱基-岡山,2023-11-14,9209
1528,恩德,4,0,4,凱基-岡山,2023-11-14,9209
1589,永冠-KY,4,0,4,凱基-岡山,2023-11-14,9209
2402,毅嘉,8,4,4,凱基-岡山,2023-11-14,9209
2501,國建,4,0,4,凱基-岡山,2023-11-14,9209
3305,昇貿,4,0,4,凱基-岡山,2023-11-14,9209
00722B,群益投資級電信債,47,0,47,凱基-岡山,2023-11-15,9209
2449,京元電子,50,12,38,凱基-岡山,2023-11-15,9209
00929,復華台灣科技優息,46,12,34,凱基-岡山,2023-11-15,9209
2883,凱基金,31,0,31,凱基-岡山,2023-11-15,9209
1815,富喬,28,2,26,凱基-岡山,2023-11-15,9209
6290,良維,25,1,24,凱基-岡山,2023-11-15,9209
00936,台新永續高息中小,22,0,22,凱基-岡山,2023-11-15,9209
2024,志聯,22,0,22,凱基-岡山,2023-11-15,9209
00900,富邦特選高股息30,21,1,20,凱基-岡山,2023-11-15,9209
3209,全科,20,0,20,凱基-岡山,2023-11-15,9209
00891,中信關鍵半導體,18,0,18,凱基-岡山,2023-11-15,9209
3545,敦泰,27,12,15,凱基-岡山,2023-11-15,9209
00919,群益台灣精選高息,16,2,14,凱基-岡山,2023-11-15,9209
00679B,元大美債20年,14,2,12,凱基-岡山,2023-11-15,9209
00651R,復華香港反1,10,0,10,凱基-岡山,2023-11-15,9209
00673R,期元大S＆P原油反1,20,10,10,凱基-岡山,2023-11-15,9209
00712,復華富時不動產,17,7,10,凱基-岡山,2023-11-15,9209
2006,東和鋼鐵,10,0,10,凱基-岡山,2023-11-15,9209
3689,湧德,11,1,10,凱基-岡山,2023-11-15,9209
5521,工信,10,0,10,凱基-岡山,2023-11-15,9209
3013,晟銘電,9,1,8,凱基-岡山,2023-11-15,9209
6284,佳邦,9,1,8,凱基-岡山,2023-11-15,9209
8358,金居,8,0,8,凱基-岡山,2023-11-15,9209
8473,山林水,8,0,8,凱基-岡山,2023-11-15,9209
2329,華泰,27,19,8,凱基-岡山,2023-11-15,9209
00878,國泰永續高股息,22,15,7,凱基-岡山,2023-11-15,9209
2314,台揚,7,0,7,凱基-岡山,2023-11-15,9209
2492,華新科,7,0,7,凱基-岡山,2023-11-15,9209
4533,協易機,72,65,7,凱基-岡山,2023-11-15,9209
4716,大立,7,0,7,凱基-岡山,2023-11-15,9209
3149,正達,6,1,5,凱基-岡山,2023-11-15,9209
2408,南亞科,7,2,5,凱基-岡山,2023-11-15,9209
00706L,期元大S＆P日圓正2,5,0,5,凱基-岡山,2023-11-15,9209
01003T,兆豐新光R1,5,0,5,凱基-岡山,2023-11-15,9209
2816,旺旺保,5,0,5,凱基-岡山,2023-11-15,9209
3483,力致,5,0,5,凱基-岡山,2023-11-15,9209
3617,碩天,6,1,5,凱基-岡山,2023-11-15,9209
5324,士開,5,0,5,凱基-岡山,2023-11-15,9209
5351,鈺創,8,3,5,凱基-岡山,2023-11-15,9209
6834,天二科技,5,0,5,凱基-岡山,2023-11-15,9209
2323,中環,5,0,5,凱基-岡山,2023-11-15,9209
2337,旺宏,5,1,4,凱基-岡山,2023-11-15,9209
00692,富邦公司治理,4,0,4,凱基-岡山,2023-11-15,9209
00933B,國泰10Y+金融債,4,0,4,凱基-岡山,2023-11-15,9209
1558,伸興,4,0,4,凱基-岡山,2023-11-15,9209
2353,宏��,11,7,4,凱基-岡山,2023-11-15,9209
2371,大同,20,16,4,凱基-岡山,2023-11-15,9209
2436,偉詮電,4,0,4,凱基-岡山,2023-11-15,9209
3037,欣興,4,0,4,凱基-岡山,2023-11-15,9209
3548,兆利,13,9,4,凱基-岡山,2023-11-15,9209
00680L,元大美債20正2,102,0,102,凱基-岡山,2023-11-16,9209
2402,毅嘉,83,12,71,凱基-岡山,2023-11-16,9209
00934,中信成長高股息,52,2,50,凱基-岡山,2023-11-16,9209
00878,國泰永續高股息,93,51,42,凱基-岡山,2023-11-16,9209
2354,鴻準,41,0,41,凱基-岡山,2023-11-16,9209
00676R,富邦臺灣加權反1,40,0,40,凱基-岡山,2023-11-16,9209
00715L,期街口布蘭特正2,31,0,31,凱基-岡山,2023-11-16,9209
00929,復華台灣科技優息,49,18,31,凱基-岡山,2023-11-16,9209
00679B,元大美債20年,30,0,30,凱基-岡山,2023-11-16,9209
4746,台耀,22,0,22,凱基-岡山,2023-11-16,9209
0056,元大高股息,21,0,21,凱基-岡山,2023-11-16,9209
3006,晶豪科,18,1,17,凱基-岡山,2023-11-16,9209
3450,聯鈞,17,0,17,凱基-岡山,2023-11-16,9209
2442,新美齊,12,0,12,凱基-岡山,2023-11-16,9209
8936,國統,16,4,12,凱基-岡山,2023-11-16,9209
00713,元大台灣高息低波,11,0,11,凱基-岡山,2023-11-16,9209
5388,中磊,11,0,11,凱基-岡山,2023-11-16,9209
00669R,國泰美國道瓊反1,10,0,10,凱基-岡山,2023-11-16,9209
00664R,國泰臺灣加權反1,10,0,10,凱基-岡山,2023-11-16,9209
00632R,元大台灣50反1,10,0,10,凱基-岡山,2023-11-16,9209
00892,富邦台灣半導體,10,0,10,凱基-岡山,2023-11-16,9209
1582,信錦,10,0,10,凱基-岡山,2023-11-16,9209
1789,神隆,10,0,10,凱基-岡山,2023-11-16,9209
2427,三商電,10,0,10,凱基-岡山,2023-11-16,9209
3024,憶聲,10,0,10,凱基-岡山,2023-11-16,9209
3094,聯傑,11,1,10,凱基-岡山,2023-11-16,9209
4934,太極,10,0,10,凱基-岡山,2023-11-16,9209
1795,美時,10,0,10,凱基-岡山,2023-11-16,9209
2462,良得電,9,0,9,凱基-岡山,2023-11-16,9209
6153,嘉聯益,9,0,9,凱基-岡山,2023-11-16,9209
3032,偉訓,8,0,8,凱基-岡山,2023-11-16,9209
6118,建達,8,0,8,凱基-岡山,2023-11-16,9209
2344,華邦電,64,56,8,凱基-岡山,2023-11-16,9209
1324,地球,8,1,7,凱基-岡山,2023-11-16,9209
1409,新纖,7,0,7,凱基-岡山,2023-11-16,9209
2303,聯電,12,5,7,凱基-岡山,2023-11-16,9209
8111,立��,7,0,7,凱基-岡山,2023-11-16,9209
2324,仁寶,7,0,7,凱基-岡山,2023-11-16,9209
00919,群益台灣精選高息,12,6,6,凱基-岡山,2023-11-16,9209
1524,耿鼎,6,0,6,凱基-岡山,2023-11-16,9209
2606,裕民,7,1,6,凱基-岡山,2023-11-16,9209
3035,智原,10,4,6,凱基-岡山,2023-11-16,9209
3014,聯陽,13,8,5,凱基-岡山,2023-11-16,9209
00894,中信小資高價30,5,0,5,凱基-岡山,2023-11-16,9209
2609,陽明,5,0,5,凱基-岡山,2023-11-16,9209
2867,三商壽,5,0,5,凱基-岡山,2023-11-16,9209
6276,安鈦克,5,0,5,凱基-岡山,2023-11-16,9209
2363,矽統,43,39,4,凱基-岡山,2023-11-16,9209
1101,台泥,5,1,4,凱基-岡山,2023-11-16,9209
2352,佳世達,4,0,4,凱基-岡山,2023-11-16,9209
1605,華新,68,14,54,凱基-岡山,2023-11-17,9209
4931,新盛力,40,0,40,凱基-岡山,2023-11-17,9209
1513,中興電,37,2,35,凱基-岡山,2023-11-17,9209
3006,晶豪科,41,12,29,凱基-岡山,2023-11-17,9209
4533,協易機,40,13,27,凱基-岡山,2023-11-17,9209
1815,富喬,22,0,22,凱基-岡山,2023-11-17,9209
00929,復華台灣科技優息,36,15,21,凱基-岡山,2023-11-17,9209
00715L,期街口布蘭特正2,19,0,19,凱基-岡山,2023-11-17,9209
3450,聯鈞,18,1,17,凱基-岡山,2023-11-17,9209
00712,復華富時不動產,16,3,13,凱基-岡山,2023-11-17,9209
3483,力致,13,0,13,凱基-岡山,2023-11-17,9209
2723,美食-KY,11,0,11,凱基-岡山,2023-11-17,9209
6901,鑽石投資,11,0,11,凱基-岡山,2023-11-17,9209
6282,康舒,10,0,10,凱基-岡山,2023-11-17,9209
00665L,富邦�琤肭磪囓�2,10,0,10,凱基-岡山,2023-11-17,9209
00642U,期元大S＆P石油,12,2,10,凱基-岡山,2023-11-17,9209
2515,中工,10,0,10,凱基-岡山,2023-11-17,9209
2605,新興,10,0,10,凱基-岡山,2023-11-17,9209
2606,裕民,11,1,10,凱基-岡山,2023-11-17,9209
6290,良維,10,0,10,凱基-岡山,2023-11-17,9209
3231,緯創,47,37,10,凱基-岡山,2023-11-17,9209
9902,台火,8,0,8,凱基-岡山,2023-11-17,9209
00687B,國泰20年美債,7,0,7,凱基-岡山,2023-11-17,9209
1789,神隆,7,0,7,凱基-岡山,2023-11-17,9209
2314,台揚,7,0,7,凱基-岡山,2023-11-17,9209
3623,富晶通,7,0,7,凱基-岡山,2023-11-17,9209
2812,台中銀,7,0,7,凱基-岡山,2023-11-17,9209
00679B,元大美債20年,6,0,6,凱基-岡山,2023-11-17,9209
00922,國泰台灣領袖50,6,0,6,凱基-岡山,2023-11-17,9209
1324,地球,8,2,6,凱基-岡山,2023-11-17,9209
6274,台燿,7,1,6,凱基-岡山,2023-11-17,9209
8473,山林水,6,0,6,凱基-岡山,2023-11-17,9209
6188,廣明,6,0,6,凱基-岡山,2023-11-17,9209
2609,陽明,5,0,5,凱基-岡山,2023-11-17,9209
3521,鴻翊,5,0,5,凱基-岡山,2023-11-17,9209
00895,富邦未來車,5,0,5,凱基-岡山,2023-11-17,9209
00751B,元大AAA至A公司債,5,0,5,凱基-岡山,2023-11-17,9209
2371,大同,6,1,5,凱基-岡山,2023-11-17,9209
3576,聯合再生,5,0,5,凱基-岡山,2023-11-17,9209
3715,定穎投控,6,1,5,凱基-岡山,2023-11-17,9209
4527,方土霖,5,0,5,凱基-岡山,2023-11-17,9209
9962,有益,5,0,5,凱基-岡山,2023-11-17,9209
1319,東陽,4,0,4,凱基-岡山,2023-11-17,9209
1409,新纖,4,0,4,凱基-岡山,2023-11-17,9209
1442,名軒,4,0,4,凱基-岡山,2023-11-17,9209
1463,強盛新,4,0,4,凱基-岡山,2023-11-17,9209
2324,仁寶,4,0,4,凱基-岡山,2023-11-17,9209
2462,良得電,4,0,4,凱基-岡山,2023-11-17,9209
2610,華航,34,31,3,凱基-岡山,2023-11-17,9209
4128,中天,3,0,3,凱基-岡山,2023-11-17,9209
2354,鴻準,35,0,35,凱基-岡山,2023-11-20,9209
00919,群益台灣精選高息,25,2,23,凱基-岡山,2023-11-20,9209
00931B,統一美債20年,21,0,21,凱基-岡山,2023-11-20,9209
00673R,期元大S＆P原油反1,20,0,20,凱基-岡山,2023-11-20,9209
6806,森崴能源,20,1,19,凱基-岡山,2023-11-20,9209
2449,京元電子,18,1,17,凱基-岡山,2023-11-20,9209
00891,中信關鍵半導體,16,1,15,凱基-岡山,2023-11-20,9209
3006,晶豪科,15,3,12,凱基-岡山,2023-11-20,9209
00934,中信成長高股息,11,0,11,凱基-岡山,2023-11-20,9209
01003T,兆豐新光R1,10,0,10,凱基-岡山,2023-11-20,9209
00936,台新永續高息中小,10,0,10,凱基-岡山,2023-11-20,9209
2889,國票金,10,0,10,凱基-岡山,2023-11-20,9209
6550,北極星藥業-KY,10,0,10,凱基-岡山,2023-11-20,9209
00751B,元大AAA至A公司債,10,0,10,凱基-岡山,2023-11-20,9209
2024,志聯,9,0,9,凱基-岡山,2023-11-20,9209
2258,鴻華先進-創,9,0,9,凱基-岡山,2023-11-20,9209
2363,矽統,33,24,9,凱基-岡山,2023-11-20,9209
3701,大眾控,11,2,9,凱基-岡山,2023-11-20,9209
00933B,國泰10Y+金融債,8,0,8,凱基-岡山,2023-11-20,9209
1402,遠東新,9,1,8,凱基-岡山,2023-11-20,9209
1605,華新,9,2,7,凱基-岡山,2023-11-20,9209
2405,輔信,17,10,7,凱基-岡山,2023-11-20,9209
00878,國泰永續高股息,10,4,6,凱基-岡山,2023-11-20,9209
00687B,國泰20年美債,6,0,6,凱基-岡山,2023-11-20,9209
3036A,文曄甲特,6,0,6,凱基-岡山,2023-11-20,9209
3162,精確,6,0,6,凱基-岡山,2023-11-20,9209
4716,大立,10,4,6,凱基-岡山,2023-11-20,9209
00632R,元大台灣50反1,5,0,5,凱基-岡山,2023-11-20,9209
00712,復華富時不動產,5,0,5,凱基-岡山,2023-11-20,9209
1789,神隆,5,0,5,凱基-岡山,2023-11-20,9209
1815,富喬,5,0,5,凱基-岡山,2023-11-20,9209
2006,東和鋼鐵,5,0,5,凱基-岡山,2023-11-20,9209
2468,華經,6,1,5,凱基-岡山,2023-11-20,9209
2515,中工,5,0,5,凱基-岡山,2023-11-20,9209
2883,凱基金,5,0,5,凱基-岡山,2023-11-20,9209
3311,閎暉,5,0,5,凱基-岡山,2023-11-20,9209
5009,榮剛,5,0,5,凱基-岡山,2023-11-20,9209
00929,復華台灣科技優息,23,18,5,凱基-岡山,2023-11-20,9209
3035,智原,15,11,4,凱基-岡山,2023-11-20,9209
00857B,永豐20年美公債,4,0,4,凱基-岡山,2023-11-20,9209
1442,名軒,4,0,4,凱基-岡山,2023-11-20,9209
1524,耿鼎,5,1,4,凱基-岡山,2023-11-20,9209
1762,中化生,4,0,4,凱基-岡山,2023-11-20,9209
2359,所羅門,4,0,4,凱基-岡山,2023-11-20,9209
3484,崧騰,4,0,4,凱基-岡山,2023-11-20,9209
4129,聯合,4,0,4,凱基-岡山,2023-11-20,9209
4971,IET-KY,4,0,4,凱基-岡山,2023-11-20,9209
6488,環球晶,5,1,4,凱基-岡山,2023-11-20,9209
8034,榮群,10,6,4,凱基-岡山,2023-11-20,9209
8940,新天地,5,1,4,凱基-岡山,2023-11-20,9209
00680L,元大美債20正2,591,35,556,凱基-岡山,2023-11-21,9209
00885,富邦越南,250,0,250,凱基-岡山,2023-11-21,9209
3047,訊舟,182,6,176,凱基-岡山,2023-11-21,9209
00632R,元大台灣50反1,105,0,105,凱基-岡山,2023-11-21,9209
2618,長榮航,68,25,43,凱基-岡山,2023-11-21,9209
2409,友達,27,0,27,凱基-岡山,2023-11-21,9209
3715,定穎投控,25,1,24,凱基-岡山,2023-11-21,9209
2355,敬鵬,94,71,23,凱基-岡山,2023-11-21,9209
3036,文曄,39,16,23,凱基-岡山,2023-11-21,9209
1718,中纖,20,0,20,凱基-岡山,2023-11-21,9209
8110,華東,20,1,19,凱基-岡山,2023-11-21,9209
00919,群益台灣精選高息,29,11,18,凱基-岡山,2023-11-21,9209
3489,森寶,16,0,16,凱基-岡山,2023-11-21,9209
2363,矽統,29,14,15,凱基-岡山,2023-11-21,9209
3481,群創,20,6,14,凱基-岡山,2023-11-21,9209
3693,營邦,14,1,13,凱基-岡山,2023-11-21,9209
9962,有益,13,0,13,凱基-岡山,2023-11-21,9209
00936,台新永續高息中小,26,15,11,凱基-岡山,2023-11-21,9209
1906,寶隆,11,0,11,凱基-岡山,2023-11-21,9209
2610,華航,120,109,11,凱基-岡山,2023-11-21,9209
6669,緯穎,11,0,11,凱基-岡山,2023-11-21,9209
6274,台燿,11,1,10,凱基-岡山,2023-11-21,9209
00706L,期元大S＆P日圓正2,10,0,10,凱基-岡山,2023-11-21,9209
8034,榮群,12,2,10,凱基-岡山,2023-11-21,9209
2402,毅嘉,24,15,9,凱基-岡山,2023-11-21,9209
3049,精金,30,21,9,凱基-岡山,2023-11-21,9209
6104,創惟,10,1,9,凱基-岡山,2023-11-21,9209
2449,京元電子,12,4,8,凱基-岡山,2023-11-21,9209
2462,良得電,8,0,8,凱基-岡山,2023-11-21,9209
4960,誠美材,10,2,8,凱基-岡山,2023-11-21,9209
00915,凱基優選高股息30,10,2,8,凱基-岡山,2023-11-21,9209
00929,復華台灣科技優息,22,14,8,凱基-岡山,2023-11-21,9209
3041,揚智,95,88,7,凱基-岡山,2023-11-21,9209
3059,華晶科,7,0,7,凱基-岡山,2023-11-21,9209
3483,力致,12,6,6,凱基-岡山,2023-11-21,9209
2867,三商壽,6,0,6,凱基-岡山,2023-11-21,9209
4716,大立,6,0,6,凱基-岡山,2023-11-21,9209
3583,辛耘,6,0,6,凱基-岡山,2023-11-21,9209
2356,英業達,20,14,6,凱基-岡山,2023-11-21,9209
00679B,元大美債20年,6,1,5,凱基-岡山,2023-11-21,9209
01003T,兆豐新光R1,5,0,5,凱基-岡山,2023-11-21,9209
2331,精英,5,0,5,凱基-岡山,2023-11-21,9209
2485,兆赫,5,0,5,凱基-岡山,2023-11-21,9209
2537,聯上發,5,0,5,凱基-岡山,2023-11-21,9209
3363,上詮,5,0,5,凱基-岡山,2023-11-21,9209
4979,華星光,7,2,5,凱基-岡山,2023-11-21,9209
5236,凌陽創新,5,0,5,凱基-岡山,2023-11-21,9209
5880,合庫金,5,0,5,凱基-岡山,2023-11-21,9209
6182,合晶,8,3,5,凱基-岡山,2023-11-21,9209
8261,富鼎,5,0,5,凱基-岡山,2023-11-21,9209
2014,中鴻,389,6,383,凱基-岡山,2023-11-22,9209
3231,緯創,135,79,56,凱基-岡山,2023-11-22,9209
2024,志聯,61,5,56,凱基-岡山,2023-11-22,9209
6005,群益證,31,0,31,凱基-岡山,2023-11-22,9209
00637L,元大滬深300正2,30,0,30,凱基-岡山,2023-11-22,9209
5210,寶碩,30,0,30,凱基-岡山,2023-11-22,9209
2838,聯邦銀,30,1,29,凱基-岡山,2023-11-22,9209
2324,仁寶,30,1,29,凱基-岡山,2023-11-22,9209
2356,英業達,29,5,24,凱基-岡山,2023-11-22,9209
2382,廣達,22,3,19,凱基-岡山,2023-11-22,9209
1762,中化生,15,0,15,凱基-岡山,2023-11-22,9209
1785,光洋科,16,1,15,凱基-岡山,2023-11-22,9209
00878,國泰永續高股息,14,1,13,凱基-岡山,2023-11-22,9209
4906,正文,14,1,13,凱基-岡山,2023-11-22,9209
2353,宏��,13,1,12,凱基-岡山,2023-11-22,9209
3689,湧德,12,0,12,凱基-岡山,2023-11-22,9209
2363,矽統,23,12,11,凱基-岡山,2023-11-22,9209
8150,南茂,11,0,11,凱基-岡山,2023-11-22,9209
00900,富邦特選高股息30,10,0,10,凱基-岡山,2023-11-22,9209
2358,廷鑫,10,0,10,凱基-岡山,2023-11-22,9209
2330,台積電,11,1,10,凱基-岡山,2023-11-22,9209
3521,鴻翊,12,3,9,凱基-岡山,2023-11-22,9209
1808,潤隆,9,0,9,凱基-岡山,2023-11-22,9209
2449,京元電子,9,0,9,凱基-岡山,2023-11-22,9209
2547,日勝生,9,0,9,凱基-岡山,2023-11-22,9209
3217,優群,9,0,9,凱基-岡山,2023-11-22,9209
6104,創惟,10,1,9,凱基-岡山,2023-11-22,9209
1101,台泥,14,6,8,凱基-岡山,2023-11-22,9209
3041,揚智,30,22,8,凱基-岡山,2023-11-22,9209
3049,精金,22,14,8,凱基-岡山,2023-11-22,9209
00919,群益台灣精選高息,10,2,8,凱基-岡山,2023-11-22,9209
2405,輔信,23,16,7,凱基-岡山,2023-11-22,9209
00929,復華台灣科技優息,13,6,7,凱基-岡山,2023-11-22,9209
2355,敬鵬,21,15,6,凱基-岡山,2023-11-22,9209
2492,華新科,6,0,6,凱基-岡山,2023-11-22,9209
6418,詠昇,10,4,6,凱基-岡山,2023-11-22,9209
3078,僑威,14,8,6,凱基-岡山,2023-11-22,9209
3715,定穎投控,12,7,5,凱基-岡山,2023-11-22,9209
00934,中信成長高股息,5,0,5,凱基-岡山,2023-11-22,9209
00931B,統一美債20年,5,0,5,凱基-岡山,2023-11-22,9209
1611,中電,6,1,5,凱基-岡山,2023-11-22,9209
2485,兆赫,5,0,5,凱基-岡山,2023-11-22,9209
2701,萬企,5,0,5,凱基-岡山,2023-11-22,9209
3141,晶宏,5,0,5,凱基-岡山,2023-11-22,9209
4960,誠美材,5,0,5,凱基-岡山,2023-11-22,9209
5512,力麒,5,0,5,凱基-岡山,2023-11-22,9209
6693,廣閎科,5,0,5,凱基-岡山,2023-11-22,9209
8341,日友,5,0,5,凱基-岡山,2023-11-22,9209
00905,FT臺灣Smart,5,0,5,凱基-岡山,2023-11-22,9209
2891,中信金,5,1,4,凱基-岡山,2023-11-22,9209
2883,凱基金,52,15,37,凱基-岡山,2023-11-23,9209
2838,聯邦銀,31,1,30,凱基-岡山,2023-11-23,9209
8358,金居,22,1,21,凱基-岡山,2023-11-23,9209
00637L,元大滬深300正2,20,0,20,凱基-岡山,2023-11-23,9209
3169,亞信,18,0,18,凱基-岡山,2023-11-23,9209
4953,緯軟,15,0,15,凱基-岡山,2023-11-23,9209
1513,中興電,39,26,13,凱基-岡山,2023-11-23,9209
00715L,期街口布蘭特正2,12,0,12,凱基-岡山,2023-11-23,9209
3006,晶豪科,17,5,12,凱基-岡山,2023-11-23,9209
3376,新日興,12,0,12,凱基-岡山,2023-11-23,9209
00919,群益台灣精選高息,13,1,12,凱基-岡山,2023-11-23,9209
00935,野村臺灣新科技50,11,0,11,凱基-岡山,2023-11-23,9209
2105,正新,11,0,11,凱基-岡山,2023-11-23,9209
2329,華泰,12,1,11,凱基-岡山,2023-11-23,9209
3363,上詮,18,7,11,凱基-岡山,2023-11-23,9209
6526,達發,11,0,11,凱基-岡山,2023-11-23,9209
3231,緯創,30,19,11,凱基-岡山,2023-11-23,9209
1337,再生-KY,10,0,10,凱基-岡山,2023-11-23,9209
00923,群益台ESG低碳50,10,0,10,凱基-岡山,2023-11-23,9209
1734,杏輝,10,0,10,凱基-岡山,2023-11-23,9209
2605,新興,10,0,10,凱基-岡山,2023-11-23,9209
6005,群益證,10,0,10,凱基-岡山,2023-11-23,9209
8011,台通,10,0,10,凱基-岡山,2023-11-23,9209
9907,統一實,10,0,10,凱基-岡山,2023-11-23,9209
2457,飛宏,20,11,9,凱基-岡山,2023-11-23,9209
1609,大亞,10,2,8,凱基-岡山,2023-11-23,9209
6164,華興,8,0,8,凱基-岡山,2023-11-23,9209
6266,泰詠,8,0,8,凱基-岡山,2023-11-23,9209
2468,華經,9,2,7,凱基-岡山,2023-11-23,9209
3036,文曄,7,0,7,凱基-岡山,2023-11-23,9209
5706,鳳凰,10,3,7,凱基-岡山,2023-11-23,9209
6237,驊訊,37,30,7,凱基-岡山,2023-11-23,9209
2476,鉅祥,6,0,6,凱基-岡山,2023-11-23,9209
8450,霹靂,6,0,6,凱基-岡山,2023-11-23,9209
00878,國泰永續高股息,11,6,5,凱基-岡山,2023-11-23,9209
6282,康舒,50,45,5,凱基-岡山,2023-11-23,9209
00934,中信成長高股息,10,5,5,凱基-岡山,2023-11-23,9209
1611,中電,5,0,5,凱基-岡山,2023-11-23,9209
2314,台揚,5,0,5,凱基-岡山,2023-11-23,9209
2367,燿華,5,0,5,凱基-岡山,2023-11-23,9209
2537,聯上發,5,0,5,凱基-岡山,2023-11-23,9209
2867,三商壽,5,0,5,凱基-岡山,2023-11-23,9209
3285,微端,5,0,5,凱基-岡山,2023-11-23,9209
4956,光鋐,8,3,5,凱基-岡山,2023-11-23,9209
4971,IET-KY,5,0,5,凱基-岡山,2023-11-23,9209
5471,松翰,5,0,5,凱基-岡山,2023-11-23,9209
6118,建達,5,0,5,凱基-岡山,2023-11-23,9209
6187,萬潤,5,0,5,凱基-岡山,2023-11-23,9209
6443,元晶,5,0,5,凱基-岡山,2023-11-23,9209
8086,宏捷科,18,13,5,凱基-岡山,2023-11-23,9209
2618,長榮航,121,49,72,凱基-岡山,2023-11-24,9209
1513,中興電,87,29,58,凱基-岡山,2023-11-24,9209
2606,裕民,60,8,52,凱基-岡山,2023-11-24,9209
00929,復華台灣科技優息,45,14,31,凱基-岡山,2023-11-24,9209
2024,志聯,31,3,28,凱基-岡山,2023-11-24,9209
1605,華新,29,7,22,凱基-岡山,2023-11-24,9209
00919,群益台灣精選高息,25,4,21,凱基-岡山,2023-11-24,9209
00680L,元大美債20正2,21,0,21,凱基-岡山,2023-11-24,9209
1314,中石化,20,3,17,凱基-岡山,2023-11-24,9209
2888,新光金,20,4,16,凱基-岡山,2023-11-24,9209
8936,國統,16,0,16,凱基-岡山,2023-11-24,9209
00673R,期元大S＆P原油反1,13,0,13,凱基-岡山,2023-11-24,9209
3706,神達,15,2,13,凱基-岡山,2023-11-24,9209
3715,定穎投控,21,8,13,凱基-岡山,2023-11-24,9209
2610,華航,13,1,12,凱基-岡山,2023-11-24,9209
1584,精剛,12,0,12,凱基-岡山,2023-11-24,9209
1522,堤維西,12,1,11,凱基-岡山,2023-11-24,9209
2516,新建,12,1,11,凱基-岡山,2023-11-24,9209
00931B,統一美債20年,10,0,10,凱基-岡山,2023-11-24,9209
3031,佰鴻,10,0,10,凱基-岡山,2023-11-24,9209
6901,鑽石投資,10,0,10,凱基-岡山,2023-11-24,9209
9103,美德醫療-DR,10,0,10,凱基-岡山,2023-11-24,9209
9950,萬國通,10,0,10,凱基-岡山,2023-11-24,9209
00751B,元大AAA至A公司債,9,0,9,凱基-岡山,2023-11-24,9209
1471,首利,9,0,9,凱基-岡山,2023-11-24,9209
1101,台泥,7,0,7,凱基-岡山,2023-11-24,9209
1714,和桐,10,3,7,凱基-岡山,2023-11-24,9209
1734,杏輝,7,0,7,凱基-岡山,2023-11-24,9209
6125,廣運,13,6,7,凱基-岡山,2023-11-24,9209
1907,永豐餘,6,0,6,凱基-岡山,2023-11-24,9209
2002,中鋼,6,0,6,凱基-岡山,2023-11-24,9209
2344,華邦電,7,1,6,凱基-岡山,2023-11-24,9209
2609,陽明,6,0,6,凱基-岡山,2023-11-24,9209
3032,偉訓,8,2,6,凱基-岡山,2023-11-24,9209
5704,老爺知,6,0,6,凱基-岡山,2023-11-24,9209
00679B,元大美債20年,6,0,6,凱基-岡山,2023-11-24,9209
6806,森崴能源,10,5,5,凱基-岡山,2023-11-24,9209
00934,中信成長高股息,7,2,5,凱基-岡山,2023-11-24,9209
00902,中信電池及儲能,5,0,5,凱基-岡山,2023-11-24,9209
00900,富邦特選高股息30,5,0,5,凱基-岡山,2023-11-24,9209
00898,國泰基因免疫革命,8,3,5,凱基-岡山,2023-11-24,9209
1325,恆大,5,0,5,凱基-岡山,2023-11-24,9209
2023,燁輝,5,0,5,凱基-岡山,2023-11-24,9209
2066,世德,5,0,5,凱基-岡山,2023-11-24,9209
2258,鴻華先進-創,5,0,5,凱基-岡山,2023-11-24,9209
2492,華新科,11,6,5,凱基-岡山,2023-11-24,9209
3285,微端,5,0,5,凱基-岡山,2023-11-24,9209
3611,鼎翰,5,0,5,凱基-岡山,2023-11-24,9209
3624,光頡,8,3,5,凱基-岡山,2023-11-24,9209
5465,富驊,5,0,5,凱基-岡山,2023-11-24,9209
00919,群益台灣精選高息,44,11,33,凱基-岡山,2023-11-27,9209
8444,綠河-KY,26,0,26,凱基-岡山,2023-11-27,9209
3231,緯創,17,1,16,凱基-岡山,2023-11-27,9209
2317,鴻海,16,1,15,凱基-岡山,2023-11-27,9209
2883,凱基金,33,19,14,凱基-岡山,2023-11-27,9209
2382,廣達,15,2,13,凱基-岡山,2023-11-27,9209
2303,聯電,15,3,12,凱基-岡山,2023-11-27,9209
5284,jpp-KY,12,0,12,凱基-岡山,2023-11-27,9209
2610,華航,11,0,11,凱基-岡山,2023-11-27,9209
1760,寶齡富錦,13,2,11,凱基-岡山,2023-11-27,9209
2211,長榮鋼,11,0,11,凱基-岡山,2023-11-27,9209
5009,榮剛,11,0,11,凱基-岡山,2023-11-27,9209
00637L,元大滬深300正2,10,0,10,凱基-岡山,2023-11-27,9209
1709,和益,10,0,10,凱基-岡山,2023-11-27,9209
2330,台積電,9,0,9,凱基-岡山,2023-11-27,9209
00878,國泰永續高股息,9,0,9,凱基-岡山,2023-11-27,9209
00687B,國泰20年美債,9,0,9,凱基-岡山,2023-11-27,9209
8027,鈦昇,9,0,9,凱基-岡山,2023-11-27,9209
3105,穩懋,10,2,8,凱基-岡山,2023-11-27,9209
00934,中信成長高股息,13,5,8,凱基-岡山,2023-11-27,9209
4716,大立,8,0,8,凱基-岡山,2023-11-27,9209
5351,鈺創,22,14,8,凱基-岡山,2023-11-27,9209
6231,系微,8,0,8,凱基-岡山,2023-11-27,9209
6517,保勝光學,8,0,8,凱基-岡山,2023-11-27,9209
00680L,元大美債20正2,8,0,8,凱基-岡山,2023-11-27,9209
0056,元大高股息,7,0,7,凱基-岡山,2023-11-27,9209
2609,陽明,7,0,7,凱基-岡山,2023-11-27,9209
00900,富邦特選高股息30,7,0,7,凱基-岡山,2023-11-27,9209
00891,中信關鍵半導體,7,0,7,凱基-岡山,2023-11-27,9209
2390,云辰,12,5,7,凱基-岡山,2023-11-27,9209
3521,鴻翊,7,0,7,凱基-岡山,2023-11-27,9209
6282,康舒,7,0,7,凱基-岡山,2023-11-27,9209
00929,復華台灣科技優息,7,0,7,凱基-岡山,2023-11-27,9209
2344,華邦電,6,0,6,凱基-岡山,2023-11-27,9209
2633,台灣高鐵,6,0,6,凱基-岡山,2023-11-27,9209
2634,漢翔,14,8,6,凱基-岡山,2023-11-27,9209
4142,國光生,7,1,6,凱基-岡山,2023-11-27,9209
9950,萬國通,6,0,6,凱基-岡山,2023-11-27,9209
2258,鴻華先進-創,5,0,5,凱基-岡山,2023-11-27,9209
2323,中環,5,0,5,凱基-岡山,2023-11-27,9209
2352,佳世達,7,2,5,凱基-岡山,2023-11-27,9209
3088,艾訊,5,0,5,凱基-岡山,2023-11-27,9209
00726B,國泰新興投等債,4,0,4,凱基-岡山,2023-11-27,9209
00923,群益台ESG低碳50,4,0,4,凱基-岡山,2023-11-27,9209
1584,精剛,5,1,4,凱基-岡山,2023-11-27,9209
2362,藍天,4,0,4,凱基-岡山,2023-11-27,9209
2605,新興,4,0,4,凱基-岡山,2023-11-27,9209
3006,晶豪科,4,0,4,凱基-岡山,2023-11-27,9209
3056,富華新,4,0,4,凱基-岡山,2023-11-27,9209
3706,神達,6,2,4,凱基-岡山,2023-11-27,9209
1616,億泰,200,0,200,凱基-岡山,2023-11-28,9209
00632R,元大台灣50反1,144,40,104,凱基-岡山,2023-11-28,9209
1101,台泥,114,15,99,凱基-岡山,2023-11-28,9209
3231,緯創,73,10,63,凱基-岡山,2023-11-28,9209
00720B,元大投資級公司債,50,0,50,凱基-岡山,2023-11-28,9209
00751B,元大AAA至A公司債,50,1,49,凱基-岡山,2023-11-28,9209
4142,國光生,40,4,36,凱基-岡山,2023-11-28,9209
3105,穩懋,31,8,23,凱基-岡山,2023-11-28,9209
9919,康那香,22,7,15,凱基-岡山,2023-11-28,9209
00712,復華富時不動產,17,3,14,凱基-岡山,2023-11-28,9209
1416,廣豐,13,0,13,凱基-岡山,2023-11-28,9209
2369,菱生,13,0,13,凱基-岡山,2023-11-28,9209
3035,智原,31,19,12,凱基-岡山,2023-11-28,9209
1732,毛寶,14,2,12,凱基-岡山,2023-11-28,9209
3090,日電貿,12,0,12,凱基-岡山,2023-11-28,9209
2353,宏��,11,0,11,凱基-岡山,2023-11-28,9209
3481,群創,16,5,11,凱基-岡山,2023-11-28,9209
8011,台通,11,0,11,凱基-岡山,2023-11-28,9209
00676R,富邦臺灣加權反1,10,0,10,凱基-岡山,2023-11-28,9209
2031,新光鋼,10,0,10,凱基-岡山,2023-11-28,9209
3005,神基,10,0,10,凱基-岡山,2023-11-28,9209
3689,湧德,10,0,10,凱基-岡山,2023-11-28,9209
6533,晶心科,10,0,10,凱基-岡山,2023-11-28,9209
2303,聯電,14,6,8,凱基-岡山,2023-11-28,9209
1514,亞力,35,27,8,凱基-岡山,2023-11-28,9209
2388,威盛,43,36,7,凱基-岡山,2023-11-28,9209
2605,新興,44,38,6,凱基-岡山,2023-11-28,9209
4768,晶呈科技,7,1,6,凱基-岡山,2023-11-28,9209
00679B,元大美債20年,5,0,5,凱基-岡山,2023-11-28,9209
00915,凱基優選高股息30,5,0,5,凱基-岡山,2023-11-28,9209
00923,群益台ESG低碳50,5,0,5,凱基-岡山,2023-11-28,9209
1781,合世,5,0,5,凱基-岡山,2023-11-28,9209
2355,敬鵬,7,2,5,凱基-岡山,2023-11-28,9209
2392,正崴,5,0,5,凱基-岡山,2023-11-28,9209
2474,可成,5,0,5,凱基-岡山,2023-11-28,9209
2607,榮運,5,0,5,凱基-岡山,2023-11-28,9209
2610,華航,6,1,5,凱基-岡山,2023-11-28,9209
2630,亞航,11,6,5,凱基-岡山,2023-11-28,9209
3530,晶相光,10,5,5,凱基-岡山,2023-11-28,9209
5284,jpp-KY,5,0,5,凱基-岡山,2023-11-28,9209
6173,信昌電,10,5,5,凱基-岡山,2023-11-28,9209
6290,良維,5,0,5,凱基-岡山,2023-11-28,9209
2330,台積電,5,1,4,凱基-岡山,2023-11-28,9209
00933B,國泰10Y+金融債,4,0,4,凱基-岡山,2023-11-28,9209
2426,鼎元,4,0,4,凱基-岡山,2023-11-28,9209
3032,偉訓,4,0,4,凱基-岡山,2023-11-28,9209
3041,揚智,6,2,4,凱基-岡山,2023-11-28,9209
3623,富晶通,5,1,4,凱基-岡山,2023-11-28,9209
6243,迅杰,30,26,4,凱基-岡山,2023-11-28,9209
9902,台火,4,0,4,凱基-岡山,2023-11-28,9209
00665L,富邦�琤肭磪囓�2,640,0,640,凱基-岡山,2023-11-29,9209
2883,凱基金,579,217,362,凱基-岡山,2023-11-29,9209
2402,毅嘉,70,0,70,凱基-岡山,2023-11-29,9209
2618,長榮航,56,3,53,凱基-岡山,2023-11-29,9209
2455,全新,40,0,40,凱基-岡山,2023-11-29,9209
00680L,元大美債20正2,44,10,34,凱基-岡山,2023-11-29,9209
2888,新光金,30,0,30,凱基-岡山,2023-11-29,9209
2329,華泰,123,101,22,凱基-岡山,2023-11-29,9209
00882,中信中國高股息,21,0,21,凱基-岡山,2023-11-29,9209
4533,協易機,20,0,20,凱基-岡山,2023-11-29,9209
2401,凌陽,26,7,19,凱基-岡山,2023-11-29,9209
6282,康舒,20,2,18,凱基-岡山,2023-11-29,9209
1453,大將,16,0,16,凱基-岡山,2023-11-29,9209
00830,國泰費城半導體,14,0,14,凱基-岡山,2023-11-29,9209
6443,元晶,14,0,14,凱基-岡山,2023-11-29,9209
2449,京元電子,14,0,14,凱基-岡山,2023-11-29,9209
00679B,元大美債20年,12,0,12,凱基-岡山,2023-11-29,9209
1316,上曜,30,20,10,凱基-岡山,2023-11-29,9209
2390,云辰,10,0,10,凱基-岡山,2023-11-29,9209
4113,聯上,10,0,10,凱基-岡山,2023-11-29,9209
5521,工信,30,20,10,凱基-岡山,2023-11-29,9209
2492,華新科,24,14,10,凱基-岡山,2023-11-29,9209
1319,東陽,11,2,9,凱基-岡山,2023-11-29,9209
2891,中信金,9,0,9,凱基-岡山,2023-11-29,9209
3276,宇環,9,0,9,凱基-岡山,2023-11-29,9209
6271,同欣電,13,4,9,凱基-岡山,2023-11-29,9209
00700,富邦�琤肭磪�,8,0,8,凱基-岡山,2023-11-29,9209
00898,國泰基因免疫革命,8,0,8,凱基-岡山,2023-11-29,9209
1907,永豐餘,8,0,8,凱基-岡山,2023-11-29,9209
5531,鄉林,8,0,8,凱基-岡山,2023-11-29,9209
2409,友達,7,0,7,凱基-岡山,2023-11-29,9209
3545,敦泰,14,7,7,凱基-岡山,2023-11-29,9209
5347,世界,14,7,7,凱基-岡山,2023-11-29,9209
6139,亞翔,7,0,7,凱基-岡山,2023-11-29,9209
6442,光聖,7,0,7,凱基-岡山,2023-11-29,9209
8110,華東,7,0,7,凱基-岡山,2023-11-29,9209
5351,鈺創,16,10,6,凱基-岡山,2023-11-29,9209
00935,野村臺灣新科技50,6,0,6,凱基-岡山,2023-11-29,9209
6504,南六,7,1,6,凱基-岡山,2023-11-29,9209
00891,中信關鍵半導體,6,0,6,凱基-岡山,2023-11-29,9209
1707,葡萄王,6,0,6,凱基-岡山,2023-11-29,9209
00720B,元大投資級公司債,6,0,6,凱基-岡山,2023-11-29,9209
6274,台燿,6,1,5,凱基-岡山,2023-11-29,9209
00923,群益台ESG低碳50,5,0,5,凱基-岡山,2023-11-29,9209
00757,統一FANG+,5,0,5,凱基-岡山,2023-11-29,9209
00673R,期元大S＆P原油反1,5,0,5,凱基-岡山,2023-11-29,9209
1304,台聚,5,0,5,凱基-岡山,2023-11-29,9209
1781,合世,5,0,5,凱基-岡山,2023-11-29,9209
2301,光寶科,18,13,5,凱基-岡山,2023-11-29,9209
2520,冠德,5,0,5,凱基-岡山,2023-11-29,9209
00919,群益台灣精選高息,116,3,113,凱基-岡山,2023-11-30,9209
2455,全新,81,11,70,凱基-岡山,2023-11-30,9209
00751B,元大AAA至A公司債,51,0,51,凱基-岡山,2023-11-30,9209
00720B,元大投資級公司債,50,2,48,凱基-岡山,2023-11-30,9209
00885,富邦越南,45,0,45,凱基-岡山,2023-11-30,9209
00680L,元大美債20正2,41,0,41,凱基-岡山,2023-11-30,9209
00673R,期元大S＆P原油反1,35,0,35,凱基-岡山,2023-11-30,9209
5328,華容,88,55,33,凱基-岡山,2023-11-30,9209
00935,野村臺灣新科技50,29,0,29,凱基-岡山,2023-11-30,9209
2606,裕民,23,2,21,凱基-岡山,2023-11-30,9209
00929,復華台灣科技優息,31,11,20,凱基-岡山,2023-11-30,9209
4721,美琪瑪,16,0,16,凱基-岡山,2023-11-30,9209
2889,國票金,15,0,15,凱基-岡山,2023-11-30,9209
3231,緯創,14,2,12,凱基-岡山,2023-11-30,9209
1314,中石化,12,0,12,凱基-岡山,2023-11-30,9209
2024,志聯,11,0,11,凱基-岡山,2023-11-30,9209
2498,宏達電,11,0,11,凱基-岡山,2023-11-30,9209
2344,華邦電,16,5,11,凱基-岡山,2023-11-30,9209
00679B,元大美債20年,16,6,10,凱基-岡山,2023-11-30,9209
00687B,國泰20年美債,11,1,10,凱基-岡山,2023-11-30,9209
1312,國喬,10,0,10,凱基-岡山,2023-11-30,9209
1707,葡萄王,10,0,10,凱基-岡山,2023-11-30,9209
2405,輔信,11,1,10,凱基-岡山,2023-11-30,9209
3265,台星科,12,2,10,凱基-岡山,2023-11-30,9209
4123,晟德,10,0,10,凱基-岡山,2023-11-30,9209
5531,鄉林,10,0,10,凱基-岡山,2023-11-30,9209
6485,點序,15,5,10,凱基-岡山,2023-11-30,9209
8068,全達,11,1,10,凱基-岡山,2023-11-30,9209
8112,至上,22,12,10,凱基-岡山,2023-11-30,9209
9945,潤泰新,10,0,10,凱基-岡山,2023-11-30,9209
2390,云辰,10,1,9,凱基-岡山,2023-11-30,9209
8163,達方,10,1,9,凱基-岡山,2023-11-30,9209
6282,康舒,10,2,8,凱基-岡山,2023-11-30,9209
00688L,國泰20年美債正2,7,0,7,凱基-岡山,2023-11-30,9209
6168,宏齊,7,0,7,凱基-岡山,2023-11-30,9209
1519,華城,7,1,6,凱基-岡山,2023-11-30,9209
2633,台灣高鐵,6,0,6,凱基-岡山,2023-11-30,9209
3005,神基,16,10,6,凱基-岡山,2023-11-30,9209
3041,揚智,7,1,6,凱基-岡山,2023-11-30,9209
3450,聯鈞,6,0,6,凱基-岡山,2023-11-30,9209
3607,谷崧,6,0,6,凱基-岡山,2023-11-30,9209
5236,凌陽創新,6,0,6,凱基-岡山,2023-11-30,9209
8440,綠電,6,0,6,凱基-岡山,2023-11-30,9209
9939,宏全,6,0,6,凱基-岡山,2023-11-30,9209
3013,晟銘電,12,6,6,凱基-岡山,2023-11-30,9209
1605,華新,12,7,5,凱基-岡山,2023-11-30,9209
1591,駿吉-KY,5,0,5,凱基-岡山,2023-11-30,9209
2457,飛宏,5,0,5,凱基-岡山,2023-11-30,9209
2610,華航,5,0,5,凱基-岡山,2023-11-30,9209
3363,上詮,5,0,5,凱基-岡山,2023-11-30,9209
2603,長榮,70,2,68,凱基-岡山,2023-12-01,9209
00751B,元大AAA至A公司債,61,0,61,凱基-岡山,2023-12-01,9209
2409,友達,50,1,49,凱基-岡山,2023-12-01,9209
00919,群益台灣精選高息,69,21,48,凱基-岡山,2023-12-01,9209
2002,中鋼,37,0,37,凱基-岡山,2023-12-01,9209
5531,鄉林,34,0,34,凱基-岡山,2023-12-01,9209
00632R,元大台灣50反1,30,0,30,凱基-岡山,2023-12-01,9209
00680L,元大美債20正2,21,0,21,凱基-岡山,2023-12-01,9209
00882,中信中國高股息,17,0,17,凱基-岡山,2023-12-01,9209
2405,輔信,20,4,16,凱基-岡山,2023-12-01,9209
8112,至上,48,32,16,凱基-岡山,2023-12-01,9209
00673R,期元大S＆P原油反1,15,0,15,凱基-岡山,2023-12-01,9209
2838A,聯邦銀甲特,15,0,15,凱基-岡山,2023-12-01,9209
3450,聯鈞,34,19,15,凱基-岡山,2023-12-01,9209
6233,旺玖,17,3,14,凱基-岡山,2023-12-01,9209
6194,育富,16,3,13,凱基-岡山,2023-12-01,9209
00715L,期街口布蘭特正2,12,0,12,凱基-岡山,2023-12-01,9209
1785,光洋科,12,0,12,凱基-岡山,2023-12-01,9209
2356,英業達,12,0,12,凱基-岡山,2023-12-01,9209
2390,云辰,12,0,12,凱基-岡山,2023-12-01,9209
1101,台泥,11,0,11,凱基-岡山,2023-12-01,9209
2408,南亞科,23,12,11,凱基-岡山,2023-12-01,9209
00929,復華台灣科技優息,34,24,10,凱基-岡山,2023-12-01,9209
00669R,國泰美國道瓊反1,10,0,10,凱基-岡山,2023-12-01,9209
1463,強盛新,10,0,10,凱基-岡山,2023-12-01,9209
1611,中電,10,0,10,凱基-岡山,2023-12-01,9209
1731,美吾華,10,0,10,凱基-岡山,2023-12-01,9209
1909,榮成,10,0,10,凱基-岡山,2023-12-01,9209
3704,合勤控,11,1,10,凱基-岡山,2023-12-01,9209
5521,工信,20,10,10,凱基-岡山,2023-12-01,9209
6592B,和潤企業乙特,10,0,10,凱基-岡山,2023-12-01,9209
6874,倍力,10,0,10,凱基-岡山,2023-12-01,9209
2401,凌陽,14,4,10,凱基-岡山,2023-12-01,9209
1714,和桐,10,2,8,凱基-岡山,2023-12-01,9209
2883,凱基金,17,10,7,凱基-岡山,2023-12-01,9209
2880,華南金,7,0,7,凱基-岡山,2023-12-01,9209
00679B,元大美債20年,7,0,7,凱基-岡山,2023-12-01,9209
3013,晟銘電,17,10,7,凱基-岡山,2023-12-01,9209
3032,偉訓,13,6,7,凱基-岡山,2023-12-01,9209
3041,揚智,18,11,7,凱基-岡山,2023-12-01,9209
6005,群益證,7,0,7,凱基-岡山,2023-12-01,9209
6693,廣閎科,7,0,7,凱基-岡山,2023-12-01,9209
6922,宸曜,8,1,7,凱基-岡山,2023-12-01,9209
3706,神達,35,29,6,凱基-岡山,2023-12-01,9209
00753L,中信中國50正2,6,0,6,凱基-岡山,2023-12-01,9209
2201,裕隆,6,0,6,凱基-岡山,2023-12-01,9209
2402,毅嘉,7,1,6,凱基-岡山,2023-12-01,9209
2886,兆豐金,6,0,6,凱基-岡山,2023-12-01,9209
3543,州巧,9,3,6,凱基-岡山,2023-12-01,9209
3702,大聯大,6,0,6,凱基-岡山,2023-12-01,9209
2883,凱基金,246,41,205,凱基-岡山,2023-12-04,9209
00919,群益台灣精選高息,80,7,73,凱基-岡山,2023-12-04,9209
00751B,元大AAA至A公司債,66,0,66,凱基-岡山,2023-12-04,9209
2409,友達,118,64,54,凱基-岡山,2023-12-04,9209
00715L,期街口布蘭特正2,50,0,50,凱基-岡山,2023-12-04,9209
8112,至上,34,1,33,凱基-岡山,2023-12-04,9209
2355,敬鵬,39,9,30,凱基-岡山,2023-12-04,9209
6016,康和證,30,0,30,凱基-岡山,2023-12-04,9209
00931B,統一美債20年,25,0,25,凱基-岡山,2023-12-04,9209
1471,首利,22,0,22,凱基-岡山,2023-12-04,9209
9919,康那香,169,147,22,凱基-岡山,2023-12-04,9209
1464,得力,20,0,20,凱基-岡山,2023-12-04,9209
1789,神隆,18,0,18,凱基-岡山,2023-12-04,9209
3078,僑威,20,3,17,凱基-岡山,2023-12-04,9209
00918,大華優利高填息30,16,0,16,凱基-岡山,2023-12-04,9209
1504,東元,18,2,16,凱基-岡山,2023-12-04,9209
00712,復華富時不動產,15,0,15,凱基-岡山,2023-12-04,9209
3231,緯創,18,4,14,凱基-岡山,2023-12-04,9209
00756B,群益投等新興公債,14,0,14,凱基-岡山,2023-12-04,9209
8027,鈦昇,14,0,14,凱基-岡山,2023-12-04,9209
2359,所羅門,14,1,13,凱基-岡山,2023-12-04,9209
00882,中信中國高股息,13,0,13,凱基-岡山,2023-12-04,9209
1314,中石化,12,0,12,凱基-岡山,2023-12-04,9209
3362,先進光,12,0,12,凱基-岡山,2023-12-04,9209
2408,南亞科,21,10,11,凱基-岡山,2023-12-04,9209
00878,國泰永續高股息,12,1,11,凱基-岡山,2023-12-04,9209
00642U,期元大S＆P石油,11,0,11,凱基-岡山,2023-12-04,9209
00935,野村臺灣新科技50,11,0,11,凱基-岡山,2023-12-04,9209
1701,中化,11,0,11,凱基-岡山,2023-12-04,9209
2211,長榮鋼,11,0,11,凱基-岡山,2023-12-04,9209
00929,復華台灣科技優息,22,12,10,凱基-岡山,2023-12-04,9209
00665L,富邦�琤肭磪囓�2,10,0,10,凱基-岡山,2023-12-04,9209
2356,英業達,10,0,10,凱基-岡山,2023-12-04,9209
8936,國統,15,5,10,凱基-岡山,2023-12-04,9209
9905,大華,10,0,10,凱基-岡山,2023-12-04,9209
00722B,群益投資級電信債,9,0,9,凱基-岡山,2023-12-04,9209
00679B,元大美債20年,8,0,8,凱基-岡山,2023-12-04,9209
00857B,永豐20年美公債,8,0,8,凱基-岡山,2023-12-04,9209
2024,志聯,8,0,8,凱基-岡山,2023-12-04,9209
4768,晶呈科技,10,2,8,凱基-岡山,2023-12-04,9209
8390,金益鼎,11,3,8,凱基-岡山,2023-12-04,9209
00915,凱基優選高股息30,7,0,7,凱基-岡山,2023-12-04,9209
2022,聚亨,7,0,7,凱基-岡山,2023-12-04,9209
2363,矽統,15,8,7,凱基-岡山,2023-12-04,9209
2457,飛宏,7,0,7,凱基-岡山,2023-12-04,9209
3715,定穎投控,15,8,7,凱基-岡山,2023-12-04,9209
6290,良維,12,5,7,凱基-岡山,2023-12-04,9209
6411,晶焱,7,0,7,凱基-岡山,2023-12-04,9209
00696B,富邦美債20年,6,0,6,凱基-岡山,2023-12-04,9209
2436,偉詮電,7,1,6,凱基-岡山,2023-12-04,9209
00937B,群益ESG投等債20,217,42,175,凱基-岡山,2023-12-05,9209
00919,群益台灣精選高息,117,4,113,凱基-岡山,2023-12-05,9209
4167,松瑞藥,177,85,92,凱基-岡山,2023-12-05,9209
2618,長榮航,76,13,63,凱基-岡山,2023-12-05,9209
3706,神達,107,49,58,凱基-岡山,2023-12-05,9209
2417,圓剛,50,1,49,凱基-岡山,2023-12-05,9209
00715L,期街口布蘭特正2,38,0,38,凱基-岡山,2023-12-05,9209
00882,中信中國高股息,36,0,36,凱基-岡山,2023-12-05,9209
3078,僑威,32,1,31,凱基-岡山,2023-12-05,9209
8942,森鉅,30,0,30,凱基-岡山,2023-12-05,9209
2888,新光金,28,0,28,凱基-岡山,2023-12-05,9209
00933B,國泰10Y+金融債,126,100,26,凱基-岡山,2023-12-05,9209
2630,亞航,26,0,26,凱基-岡山,2023-12-05,9209
8440,綠電,25,0,25,凱基-岡山,2023-12-05,9209
00935,野村臺灣新科技50,24,0,24,凱基-岡山,2023-12-05,9209
3041,揚智,23,1,22,凱基-岡山,2023-12-05,9209
00934,中信成長高股息,26,5,21,凱基-岡山,2023-12-05,9209
00680L,元大美債20正2,37,16,21,凱基-岡山,2023-12-05,9209
00753L,中信中國50正2,20,0,20,凱基-岡山,2023-12-05,9209
2402,毅嘉,30,10,20,凱基-岡山,2023-12-05,9209
4157,太景*-KY,17,0,17,凱基-岡山,2023-12-05,9209
6257,矽格,18,1,17,凱基-岡山,2023-12-05,9209
00687B,國泰20年美債,16,1,15,凱基-岡山,2023-12-05,9209
2489,瑞軒,15,0,15,凱基-岡山,2023-12-05,9209
3231,緯創,19,5,14,凱基-岡山,2023-12-05,9209
1101,台泥,15,2,13,凱基-岡山,2023-12-05,9209
1781,合世,14,1,13,凱基-岡山,2023-12-05,9209
2883,凱基金,14,2,12,凱基-岡山,2023-12-05,9209
1314,中石化,12,0,12,凱基-岡山,2023-12-05,9209
8027,鈦昇,12,0,12,凱基-岡山,2023-12-05,9209
5531,鄉林,11,0,11,凱基-岡山,2023-12-05,9209
5608,四維航,34,23,11,凱基-岡山,2023-12-05,9209
00751B,元大AAA至A公司債,10,0,10,凱基-岡山,2023-12-05,9209
8033,雷虎,12,2,10,凱基-岡山,2023-12-05,9209
1316,上曜,40,30,10,凱基-岡山,2023-12-05,9209
1605,華新,11,1,10,凱基-岡山,2023-12-05,9209
2010,春源,10,0,10,凱基-岡山,2023-12-05,9209
2457,飛宏,10,0,10,凱基-岡山,2023-12-05,9209
6237,驊訊,10,0,10,凱基-岡山,2023-12-05,9209
00918,大華優利高填息30,9,0,9,凱基-岡山,2023-12-05,9209
1609,大亞,12,3,9,凱基-岡山,2023-12-05,9209
1701,中化,12,3,9,凱基-岡山,2023-12-05,9209
2367,燿華,15,6,9,凱基-岡山,2023-12-05,9209
3049,精金,9,0,9,凱基-岡山,2023-12-05,9209
6005,群益證,9,0,9,凱基-岡山,2023-12-05,9209
1714,和桐,10,2,8,凱基-岡山,2023-12-05,9209
2376,技嘉,8,0,8,凱基-岡山,2023-12-05,9209
3264,欣銓,8,0,8,凱基-岡山,2023-12-05,9209
1453,大將,7,0,7,凱基-岡山,2023-12-05,9209
2031,新光鋼,7,0,7,凱基-岡山,2023-12-05,9209
00937B,群益ESG投等債20,125,55,70,凱基-岡山,2023-12-06,9209
8112,至上,48,0,48,凱基-岡山,2023-12-06,9209
2204,中華,48,6,42,凱基-岡山,2023-12-06,9209
1522,堤維西,43,11,32,凱基-岡山,2023-12-06,9209
3437,榮創,32,0,32,凱基-岡山,2023-12-06,9209
00687B,國泰20年美債,28,0,28,凱基-岡山,2023-12-06,9209
2355,敬鵬,35,9,26,凱基-岡山,2023-12-06,9209
2618,長榮航,25,0,25,凱基-岡山,2023-12-06,9209
00919,群益台灣精選高息,36,12,24,凱基-岡山,2023-12-06,9209
2425,承啟,34,10,24,凱基-岡山,2023-12-06,9209
00722B,群益投資級電信債,23,0,23,凱基-岡山,2023-12-06,9209
00918,大華優利高填息30,22,0,22,凱基-岡山,2023-12-06,9209
1506,正道,22,0,22,凱基-岡山,2023-12-06,9209
00715L,期街口布蘭特正2,23,5,18,凱基-岡山,2023-12-06,9209
2303,聯電,15,0,15,凱基-岡山,2023-12-06,9209
2408,南亞科,20,5,15,凱基-岡山,2023-12-06,9209
1608,華榮,14,0,14,凱基-岡山,2023-12-06,9209
1324,地球,13,0,13,凱基-岡山,2023-12-06,9209
3078,僑威,14,2,12,凱基-岡山,2023-12-06,9209
1529,樂事綠能,18,6,12,凱基-岡山,2023-12-06,9209
2344,華邦電,13,1,12,凱基-岡山,2023-12-06,9209
2867,三商壽,12,0,12,凱基-岡山,2023-12-06,9209
1524,耿鼎,12,1,11,凱基-岡山,2023-12-06,9209
6213,聯茂,12,1,11,凱基-岡山,2023-12-06,9209
00933B,國泰10Y+金融債,20,10,10,凱基-岡山,2023-12-06,9209
00795B,中信美國公債20年,10,0,10,凱基-岡山,2023-12-06,9209
2356,英業達,10,0,10,凱基-岡山,2023-12-06,9209
3715,定穎投控,27,18,9,凱基-岡山,2023-12-06,9209
1316,上曜,55,46,9,凱基-岡山,2023-12-06,9209
2883,凱基金,20,11,9,凱基-岡山,2023-12-06,9209
4167,松瑞藥,9,0,9,凱基-岡山,2023-12-06,9209
00680L,元大美債20正2,57,49,8,凱基-岡山,2023-12-06,9209
00679B,元大美債20年,8,0,8,凱基-岡山,2023-12-06,9209
3481,群創,8,0,8,凱基-岡山,2023-12-06,9209
1815,富喬,10,2,8,凱基-岡山,2023-12-06,9209
2206,三陽工業,8,0,8,凱基-岡山,2023-12-06,9209
2535,達欣工,8,0,8,凱基-岡山,2023-12-06,9209
1504,東元,20,13,7,凱基-岡山,2023-12-06,9209
00882,中信中國高股息,7,0,7,凱基-岡山,2023-12-06,9209
00690,兆豐藍籌30,7,0,7,凱基-岡山,2023-12-06,9209
2882,國泰金,7,0,7,凱基-岡山,2023-12-06,9209
1514,亞力,53,46,7,凱基-岡山,2023-12-06,9209
1503,士電,15,9,6,凱基-岡山,2023-12-06,9209
2457,飛宏,6,0,6,凱基-岡山,2023-12-06,9209
2462,良得電,6,0,6,凱基-岡山,2023-12-06,9209
2630,亞航,7,1,6,凱基-岡山,2023-12-06,9209
3014,聯陽,6,0,6,凱基-岡山,2023-12-06,9209
3162,精確,6,0,6,凱基-岡山,2023-12-06,9209
3450,聯鈞,26,20,6,凱基-岡山,2023-12-06,9209
3607,谷崧,6,0,6,凱基-岡山,2023-12-06,9209
2801,彰銀,224,0,224,凱基-岡山,2023-12-07,9209
00680L,元大美債20正2,106,5,101,凱基-岡山,2023-12-07,9209
00751B,元大AAA至A公司債,98,0,98,凱基-岡山,2023-12-07,9209
00937B,群益ESG投等債20,174,85,89,凱基-岡山,2023-12-07,9209
00679B,元大美債20年,68,2,66,凱基-岡山,2023-12-07,9209
2402,毅嘉,63,11,52,凱基-岡山,2023-12-07,9209
00919,群益台灣精選高息,56,9,47,凱基-岡山,2023-12-07,9209
00715L,期街口布蘭特正2,63,20,43,凱基-岡山,2023-12-07,9209
00929,復華台灣科技優息,57,19,38,凱基-岡山,2023-12-07,9209
00918,大華優利高填息30,26,2,24,凱基-岡山,2023-12-07,9209
00933B,國泰10Y+金融債,34,10,24,凱基-岡山,2023-12-07,9209
2812,台中銀,24,0,24,凱基-岡山,2023-12-07,9209
1316,上曜,61,40,21,凱基-岡山,2023-12-07,9209
2344,華邦電,23,2,21,凱基-岡山,2023-12-07,9209
3041,揚智,36,15,21,凱基-岡山,2023-12-07,9209
00688L,國泰20年美債正2,21,2,19,凱基-岡山,2023-12-07,9209
1618,合機,27,9,18,凱基-岡山,2023-12-07,9209
2374,佳能,18,2,16,凱基-岡山,2023-12-07,9209
2413,環科,16,0,16,凱基-岡山,2023-12-07,9209
2492,華新科,14,0,14,凱基-岡山,2023-12-07,9209
2376,技嘉,20,7,13,凱基-岡山,2023-12-07,9209
00642U,期元大S＆P石油,13,0,13,凱基-岡山,2023-12-07,9209
2633,台灣高鐵,14,1,13,凱基-岡山,2023-12-07,9209
1101,台泥,13,1,12,凱基-岡山,2023-12-07,9209
4533,協易機,17,5,12,凱基-岡山,2023-12-07,9209
00712,復華富時不動產,14,3,11,凱基-岡山,2023-12-07,9209
2520,冠德,11,0,11,凱基-岡山,2023-12-07,9209
2329,華泰,26,16,10,凱基-岡山,2023-12-07,9209
5871,中租-KY,10,0,10,凱基-岡山,2023-12-07,9209
00923,群益台ESG低碳50,10,0,10,凱基-岡山,2023-12-07,9209
00664R,國泰臺灣加權反1,10,0,10,凱基-岡山,2023-12-07,9209
1714,和桐,10,0,10,凱基-岡山,2023-12-07,9209
3032,偉訓,10,0,10,凱基-岡山,2023-12-07,9209
6109,亞元,10,0,10,凱基-岡山,2023-12-07,9209
6742,澤米,10,0,10,凱基-岡山,2023-12-07,9209
2401,凌陽,12,3,9,凱基-岡山,2023-12-07,9209
1319,東陽,10,1,9,凱基-岡山,2023-12-07,9209
2367,燿華,10,1,9,凱基-岡山,2023-12-07,9209
2617,台航,9,0,9,凱基-岡山,2023-12-07,9209
2630,亞航,14,5,9,凱基-岡山,2023-12-07,9209
2641,正德,9,0,9,凱基-岡山,2023-12-07,9209
00687B,國泰20年美債,8,0,8,凱基-岡山,2023-12-07,9209
6233,旺玖,10,2,8,凱基-岡山,2023-12-07,9209
6770,力積電,7,0,7,凱基-岡山,2023-12-07,9209
00632R,元大台灣50反1,10,3,7,凱基-岡山,2023-12-07,9209
00882,中信中國高股息,9,3,6,凱基-岡山,2023-12-07,9209
6488,環球晶,6,0,6,凱基-岡山,2023-12-07,9209
1314,中石化,6,0,6,凱基-岡山,2023-12-07,9209
1540,喬福,6,0,6,凱基-岡山,2023-12-07,9209
2392,正崴,7,1,6,凱基-岡山,2023-12-07,9209
00706L,期元大S＆P日圓正2,141,9,132,凱基-岡山,2023-12-08,9209
00915,凱基優選高股息30,43,0,43,凱基-岡山,2023-12-08,9209
2449,京元電子,38,1,37,凱基-岡山,2023-12-08,9209
2881,富邦金,33,0,33,凱基-岡山,2023-12-08,9209
00680L,元大美債20正2,35,4,31,凱基-岡山,2023-12-08,9209
2867,三商壽,31,0,31,凱基-岡山,2023-12-08,9209
5285,界霖,30,0,30,凱基-岡山,2023-12-08,9209
00720B,元大投資級公司債,27,0,27,凱基-岡山,2023-12-08,9209
2511,太子,21,0,21,凱基-岡山,2023-12-08,9209
2634,漢翔,21,0,21,凱基-岡山,2023-12-08,9209
00632R,元大台灣50反1,20,0,20,凱基-岡山,2023-12-08,9209
4906,正文,19,0,19,凱基-岡山,2023-12-08,9209
3231,緯創,24,7,17,凱基-岡山,2023-12-08,9209
00882,中信中國高股息,17,0,17,凱基-岡山,2023-12-08,9209
5426,振發,24,7,17,凱基-岡山,2023-12-08,9209
3543,州巧,16,0,16,凱基-岡山,2023-12-08,9209
4908,前鼎,23,7,16,凱基-岡山,2023-12-08,9209
00933B,國泰10Y+金融債,25,10,15,凱基-岡山,2023-12-08,9209
00687B,國泰20年美債,15,0,15,凱基-岡山,2023-12-08,9209
00715L,期街口布蘭特正2,20,5,15,凱基-岡山,2023-12-08,9209
1609,大亞,29,15,14,凱基-岡山,2023-12-08,9209
2882,國泰金,12,0,12,凱基-岡山,2023-12-08,9209
00676R,富邦臺灣加權反1,10,0,10,凱基-岡山,2023-12-08,9209
00664R,國泰臺灣加權反1,10,0,10,凱基-岡山,2023-12-08,9209
1701,中化,10,0,10,凱基-岡山,2023-12-08,9209
2359,所羅門,14,4,10,凱基-岡山,2023-12-08,9209
5009,榮剛,10,0,10,凱基-岡山,2023-12-08,9209
6443,元晶,15,5,10,凱基-岡山,2023-12-08,9209
2637,慧洋-KY,9,0,9,凱基-岡山,2023-12-08,9209
2399,映泰,10,2,8,凱基-岡山,2023-12-08,9209
8255,朋程,8,0,8,凱基-岡山,2023-12-08,9209
9940,信義,8,0,8,凱基-岡山,2023-12-08,9209
00751B,元大AAA至A公司債,8,0,8,凱基-岡山,2023-12-08,9209
1517,利奇,10,3,7,凱基-岡山,2023-12-08,9209
2457,飛宏,10,3,7,凱基-岡山,2023-12-08,9209
1514,亞力,58,51,7,凱基-岡山,2023-12-08,9209
2303,聯電,20,14,6,凱基-岡山,2023-12-08,9209
2313,華通,7,1,6,凱基-岡山,2023-12-08,9209
2883,凱基金,6,0,6,凱基-岡山,2023-12-08,9209
2890,永豐金,6,0,6,凱基-岡山,2023-12-08,9209
3530,晶相光,6,0,6,凱基-岡山,2023-12-08,9209
6703,軒郁,5,0,5,凱基-岡山,2023-12-08,9209
1316,上曜,8,3,5,凱基-岡山,2023-12-08,9209
1589,永冠-KY,5,0,5,凱基-岡山,2023-12-08,9209
2358,廷鑫,5,0,5,凱基-岡山,2023-12-08,9209
2481,強茂,6,1,5,凱基-岡山,2023-12-08,9209
2543,皇昌,5,0,5,凱基-岡山,2023-12-08,9209
2606,裕民,7,2,5,凱基-岡山,2023-12-08,9209
2888,新光金,5,0,5,凱基-岡山,2023-12-08,9209
3032,偉訓,5,0,5,凱基-岡山,2023-12-08,9209
00919,群益台灣精選高息,96,8,88,凱基-岡山,2023-12-11,9209
2618,長榮航,52,2,50,凱基-岡山,2023-12-11,9209
2881,富邦金,45,0,45,凱基-岡山,2023-12-11,9209
3704,合勤控,32,1,31,凱基-岡山,2023-12-11,9209
00915,凱基優選高股息30,31,0,31,凱基-岡山,2023-12-11,9209
00753L,中信中國50正2,31,0,31,凱基-岡山,2023-12-11,9209
00937B,群益ESG投等債20,46,18,28,凱基-岡山,2023-12-11,9209
00715L,期街口布蘭特正2,27,0,27,凱基-岡山,2023-12-11,9209
00933B,國泰10Y+金融債,27,0,27,凱基-岡山,2023-12-11,9209
2605,新興,50,26,24,凱基-岡山,2023-12-11,9209
00929,復華台灣科技優息,22,1,21,凱基-岡山,2023-12-11,9209
1616,億泰,20,0,20,凱基-岡山,2023-12-11,9209
2419,仲琦,17,0,17,凱基-岡山,2023-12-11,9209
2641,正德,27,10,17,凱基-岡山,2023-12-11,9209
1609,大亞,38,21,17,凱基-岡山,2023-12-11,9209
2845,遠東銀,16,0,16,凱基-岡山,2023-12-11,9209
00935,野村臺灣新科技50,15,0,15,凱基-岡山,2023-12-11,9209
2882,國泰金,14,0,14,凱基-岡山,2023-12-11,9209
3499,環天科,15,1,14,凱基-岡山,2023-12-11,9209
1524,耿鼎,44,30,14,凱基-岡山,2023-12-11,9209
6547,高端疫苗,17,5,12,凱基-岡山,2023-12-11,9209
1815,富喬,10,0,10,凱基-岡山,2023-12-11,9209
2323,中環,10,0,10,凱基-岡山,2023-12-11,9209
2358,廷鑫,10,0,10,凱基-岡山,2023-12-11,9209
4934,太極,10,0,10,凱基-岡山,2023-12-11,9209
9927,泰銘,13,3,10,凱基-岡山,2023-12-11,9209
1515,力山,10,1,9,凱基-岡山,2023-12-11,9209
3006,晶豪科,8,0,8,凱基-岡山,2023-12-11,9209
2359,所羅門,10,3,7,凱基-岡山,2023-12-11,9209
2609,陽明,7,0,7,凱基-岡山,2023-12-11,9209
2891,中信金,7,0,7,凱基-岡山,2023-12-11,9209
3483,力致,7,0,7,凱基-岡山,2023-12-11,9209
5488,松普,7,0,7,凱基-岡山,2023-12-11,9209
00751B,元大AAA至A公司債,6,0,6,凱基-岡山,2023-12-11,9209
2014,中鴻,6,0,6,凱基-岡山,2023-12-11,9209
00687B,國泰20年美債,9,3,6,凱基-岡山,2023-12-11,9209
1580,新麥,6,0,6,凱基-岡山,2023-12-11,9209
2606,裕民,6,0,6,凱基-岡山,2023-12-11,9209
6187,萬潤,8,2,6,凱基-岡山,2023-12-11,9209
00679B,元大美債20年,8,2,6,凱基-岡山,2023-12-11,9209
3693,營邦,5,0,5,凱基-岡山,2023-12-11,9209
00700,富邦�琤肭磪�,5,0,5,凱基-岡山,2023-12-11,9209
1605,華新,5,0,5,凱基-岡山,2023-12-11,9209
1734,杏輝,5,0,5,凱基-岡山,2023-12-11,9209
2337,旺宏,5,0,5,凱基-岡山,2023-12-11,9209
2353,宏��,6,1,5,凱基-岡山,2023-12-11,9209
2457,飛宏,5,0,5,凱基-岡山,2023-12-11,9209
2867,三商壽,21,16,5,凱基-岡山,2023-12-11,9209
2888,新光金,10,5,5,凱基-岡山,2023-12-11,9209
3354,律勝,5,0,5,凱基-岡山,2023-12-11,9209
2409,友達,61,0,61,凱基-岡山,2023-12-12,9209
2243,宏旭-KY,60,0,60,凱基-岡山,2023-12-12,9209
00934,中信成長高股息,44,0,44,凱基-岡山,2023-12-12,9209
2313,華通,46,5,41,凱基-岡山,2023-12-12,9209
3481,群創,41,2,39,凱基-岡山,2023-12-12,9209
00918,大華優利高填息30,37,0,37,凱基-岡山,2023-12-12,9209
00720B,元大投資級公司債,35,0,35,凱基-岡山,2023-12-12,9209
8096,擎亞,78,43,35,凱基-岡山,2023-12-12,9209
00919,群益台灣精選高息,45,13,32,凱基-岡山,2023-12-12,9209
00632R,元大台灣50反1,41,10,31,凱基-岡山,2023-12-12,9209
9105,泰金寶-DR,30,0,30,凱基-岡山,2023-12-12,9209
3450,聯鈞,25,0,25,凱基-岡山,2023-12-12,9209
00929,復華台灣科技優息,40,18,22,凱基-岡山,2023-12-12,9209
2023,燁輝,22,0,22,凱基-岡山,2023-12-12,9209
1616,億泰,21,0,21,凱基-岡山,2023-12-12,9209
6770,力積電,18,0,18,凱基-岡山,2023-12-12,9209
2402,毅嘉,47,30,17,凱基-岡山,2023-12-12,9209
1618,合機,174,158,16,凱基-岡山,2023-12-12,9209
2344,華邦電,17,1,16,凱基-岡山,2023-12-12,9209
3231,緯創,15,1,14,凱基-岡山,2023-12-12,9209
00679B,元大美債20年,13,0,13,凱基-岡山,2023-12-12,9209
1905,華紙,11,0,11,凱基-岡山,2023-12-12,9209
3706,神達,20,10,10,凱基-岡山,2023-12-12,9209
00664R,國泰臺灣加權反1,10,0,10,凱基-岡山,2023-12-12,9209
2387,精元,10,0,10,凱基-岡山,2023-12-12,9209
9912,偉聯,10,0,10,凱基-岡山,2023-12-12,9209
1815,富喬,10,1,9,凱基-岡山,2023-12-12,9209
2609,陽明,20,11,9,凱基-岡山,2023-12-12,9209
3006,晶豪科,9,0,9,凱基-岡山,2023-12-12,9209
00715L,期街口布蘭特正2,28,20,8,凱基-岡山,2023-12-12,9209
2024,志聯,8,0,8,凱基-岡山,2023-12-12,9209
2605,新興,15,7,8,凱基-岡山,2023-12-12,9209
2388,威盛,19,12,7,凱基-岡山,2023-12-12,9209
2353,宏��,7,0,7,凱基-岡山,2023-12-12,9209
00936,台新永續高息中小,7,0,7,凱基-岡山,2023-12-12,9209
2014,中鴻,7,0,7,凱基-岡山,2023-12-12,9209
2516,新建,7,0,7,凱基-岡山,2023-12-12,9209
2610,華航,10,3,7,凱基-岡山,2023-12-12,9209
4909,新復興,9,2,7,凱基-岡山,2023-12-12,9209
6113,亞矽,8,1,7,凱基-岡山,2023-12-12,9209
3443,創意,6,0,6,凱基-岡山,2023-12-12,9209
00687B,國泰20年美債,6,0,6,凱基-岡山,2023-12-12,9209
2002,中鋼,18,12,6,凱基-岡山,2023-12-12,9209
2367,燿華,6,0,6,凱基-岡山,2023-12-12,9209
2399,映泰,6,0,6,凱基-岡山,2023-12-12,9209
2468,華經,6,0,6,凱基-岡山,2023-12-12,9209
6194,育富,7,1,6,凱基-岡山,2023-12-12,9209
2889,國票金,5,0,5,凱基-岡山,2023-12-12,9209
2417,圓剛,5,0,5,凱基-岡山,2023-12-12,9209
3356,奇偶,5,0,5,凱基-岡山,2023-12-12,9209
2618,長榮航,132,3,129,凱基-岡山,2023-12-13,9209
00715L,期街口布蘭特正2,114,0,114,凱基-岡山,2023-12-13,9209
00751B,元大AAA至A公司債,95,0,95,凱基-岡山,2023-12-13,9209
2002,中鋼,93,0,93,凱基-岡山,2023-12-13,9209
00919,群益台灣精選高息,92,0,92,凱基-岡山,2023-12-13,9209
3260,威剛,91,1,90,凱基-岡山,2023-12-13,9209
2867,三商壽,49,3,46,凱基-岡山,2023-12-13,9209
00929,復華台灣科技優息,73,28,45,凱基-岡山,2023-12-13,9209
6770,力積電,53,10,43,凱基-岡山,2023-12-13,9209
3706,神達,55,21,34,凱基-岡山,2023-12-13,9209
00680L,元大美債20正2,30,0,30,凱基-岡山,2023-12-13,9209
00918,大華優利高填息30,23,0,23,凱基-岡山,2023-12-13,9209
2387,精元,27,6,21,凱基-岡山,2023-12-13,9209
6282,康舒,21,0,21,凱基-岡山,2023-12-13,9209
00635U,期元大S＆P黃金,20,0,20,凱基-岡山,2023-12-13,9209
2025,千興,20,0,20,凱基-岡山,2023-12-13,9209
00753L,中信中國50正2,20,1,19,凱基-岡山,2023-12-13,9209
2419,仲琦,22,3,19,凱基-岡山,2023-12-13,9209
1718,中纖,18,0,18,凱基-岡山,2023-12-13,9209
2883,凱基金,19,2,17,凱基-岡山,2023-12-13,9209
1609,大亞,18,2,16,凱基-岡山,2023-12-13,9209
00882,中信中國高股息,16,0,16,凱基-岡山,2023-12-13,9209
00936,台新永續高息中小,13,0,13,凱基-岡山,2023-12-13,9209
2615,萬海,15,2,13,凱基-岡山,2023-12-13,9209
4113,聯上,13,0,13,凱基-岡山,2023-12-13,9209
2881,富邦金,15,3,12,凱基-岡山,2023-12-13,9209
2024,志聯,12,0,12,凱基-岡山,2023-12-13,9209
1301,台塑,11,0,11,凱基-岡山,2023-12-13,9209
4533,協易機,13,2,11,凱基-岡山,2023-12-13,9209
5515,建國,12,1,11,凱基-岡山,2023-12-13,9209
6147,頎邦,13,3,10,凱基-岡山,2023-12-13,9209
00932,兆豐永續高息等權,10,0,10,凱基-岡山,2023-12-13,9209
00664R,國泰臺灣加權反1,10,0,10,凱基-岡山,2023-12-13,9209
00632R,元大台灣50反1,10,0,10,凱基-岡山,2023-12-13,9209
6108,競國,10,0,10,凱基-岡山,2023-12-13,9209
3481,群創,10,0,10,凱基-岡山,2023-12-13,9209
2344,華邦電,9,0,9,凱基-岡山,2023-12-13,9209
2392,正崴,12,3,9,凱基-岡山,2023-12-13,9209
2474,可成,10,1,9,凱基-岡山,2023-12-13,9209
2313,華通,25,16,9,凱基-岡山,2023-12-13,9209
1584,精剛,8,0,8,凱基-岡山,2023-12-13,9209
1612,宏泰,10,2,8,凱基-岡山,2023-12-13,9209
2388,威盛,38,31,7,凱基-岡山,2023-12-13,9209
4967,十銓,8,1,7,凱基-岡山,2023-12-13,9209
8112,至上,25,18,7,凱基-岡山,2023-12-13,9209
00896,中信綠能及電動車,6,0,6,凱基-岡山,2023-12-13,9209
00933B,國泰10Y+金融債,16,10,6,凱基-岡山,2023-12-13,9209
1524,耿鼎,7,1,6,凱基-岡山,2023-12-13,9209
1605,華新,8,2,6,凱基-岡山,2023-12-13,9209
2457,飛宏,6,0,6,凱基-岡山,2023-12-13,9209
00635U,期元大S＆P黃金,180,0,180,凱基-岡山,2023-12-14,9209
00751B,元大AAA至A公司債,132,0,132,凱基-岡山,2023-12-14,9209
00931B,統一美債20年,105,15,90,凱基-岡山,2023-12-14,9209
2883,凱基金,84,27,57,凱基-岡山,2023-12-14,9209
1609,大亞,48,6,42,凱基-岡山,2023-12-14,9209
2408,南亞科,44,7,37,凱基-岡山,2023-12-14,9209
00919,群益台灣精選高息,55,19,36,凱基-岡山,2023-12-14,9209
8034,榮群,51,15,36,凱基-岡山,2023-12-14,9209
1519,華城,32,2,30,凱基-岡山,2023-12-14,9209
2834,臺企銀,30,2,28,凱基-岡山,2023-12-14,9209
00934,中信成長高股息,27,0,27,凱基-岡山,2023-12-14,9209
00936,台新永續高息中小,23,0,23,凱基-岡山,2023-12-14,9209
9105,泰金寶-DR,23,0,23,凱基-岡山,2023-12-14,9209
00933B,國泰10Y+金融債,40,18,22,凱基-岡山,2023-12-14,9209
00687B,國泰20年美債,25,5,20,凱基-岡山,2023-12-14,9209
2606,裕民,24,5,19,凱基-岡山,2023-12-14,9209
6770,力積電,19,2,17,凱基-岡山,2023-12-14,9209
00795B,中信美國公債20年,16,0,16,凱基-岡山,2023-12-14,9209
2344,華邦電,28,12,16,凱基-岡山,2023-12-14,9209
2392,正崴,20,4,16,凱基-岡山,2023-12-14,9209
3406,玉晶光,16,0,16,凱基-岡山,2023-12-14,9209
2615,萬海,17,2,15,凱基-岡山,2023-12-14,9209
6219,富旺,15,0,15,凱基-岡山,2023-12-14,9209
3231,緯創,41,26,15,凱基-岡山,2023-12-14,9209
00722B,群益投資級電信債,60,47,13,凱基-岡山,2023-12-14,9209
00900,富邦特選高股息30,14,1,13,凱基-岡山,2023-12-14,9209
5324,士開,12,0,12,凱基-岡山,2023-12-14,9209
00664R,國泰臺灣加權反1,11,0,11,凱基-岡山,2023-12-14,9209
3032,偉訓,10,0,10,凱基-岡山,2023-12-14,9209
3646,艾恩特,10,0,10,凱基-岡山,2023-12-14,9209
8403,盛弘,10,0,10,凱基-岡山,2023-12-14,9209
3481,群創,9,0,9,凱基-岡山,2023-12-14,9209
2515,中工,27,18,9,凱基-岡山,2023-12-14,9209
5230,雷笛克光學,9,0,9,凱基-岡山,2023-12-14,9209
5531,鄉林,9,0,9,凱基-岡山,2023-12-14,9209
5498,凱崴,12,3,9,凱基-岡山,2023-12-14,9209
3005,神基,16,8,8,凱基-岡山,2023-12-14,9209
2024,志聯,8,0,8,凱基-岡山,2023-12-14,9209
2636,台驊控股,10,2,8,凱基-岡山,2023-12-14,9209
2382,廣達,10,3,7,凱基-岡山,2023-12-14,9209
2002,中鋼,13,6,7,凱基-岡山,2023-12-14,9209
3576,聯合再生,24,17,7,凱基-岡山,2023-12-14,9209
5328,華容,12,5,7,凱基-岡山,2023-12-14,9209
4915,致伸,7,0,7,凱基-岡山,2023-12-14,9209
00929,復華台灣科技優息,51,45,6,凱基-岡山,2023-12-14,9209
00915,凱基優選高股息30,7,1,6,凱基-岡山,2023-12-14,9209
2609,陽明,7,1,6,凱基-岡山,2023-12-14,9209
1618,合機,7,1,6,凱基-岡山,2023-12-14,9209
2816,旺旺保,6,0,6,凱基-岡山,2023-12-14,9209
3036,文曄,6,0,6,凱基-岡山,2023-12-14,9209
00751B,元大AAA至A公司債,463,0,463,凱基-岡山,2023-12-15,9209
2356,英業達,151,83,68,凱基-岡山,2023-12-15,9209
2617,台航,60,0,60,凱基-岡山,2023-12-15,9209
00706L,期元大S＆P日圓正2,40,0,40,凱基-岡山,2023-12-15,9209
00712,復華富時不動產,50,15,35,凱基-岡山,2023-12-15,9209
00929,復華台灣科技優息,78,44,34,凱基-岡山,2023-12-15,9209
3014,聯陽,33,0,33,凱基-岡山,2023-12-15,9209
00933B,國泰10Y+金融債,39,7,32,凱基-岡山,2023-12-15,9209
00673R,期元大S＆P原油反1,32,0,32,凱基-岡山,2023-12-15,9209
2867,三商壽,30,0,30,凱基-岡山,2023-12-15,9209
00934,中信成長高股息,27,1,26,凱基-岡山,2023-12-15,9209
3094,聯傑,21,0,21,凱基-岡山,2023-12-15,9209
1519,華城,22,2,20,凱基-岡山,2023-12-15,9209
5531,鄉林,20,0,20,凱基-岡山,2023-12-15,9209
00679B,元大美債20年,18,0,18,凱基-岡山,2023-12-15,9209
8426,紅木-KY,18,1,17,凱基-岡山,2023-12-15,9209
00857B,永豐20年美公債,17,0,17,凱基-岡山,2023-12-15,9209
2412,中華電,16,0,16,凱基-岡山,2023-12-15,9209
2032,新鋼,15,0,15,凱基-岡山,2023-12-15,9209
8033,雷虎,18,3,15,凱基-岡山,2023-12-15,9209
2363,矽統,58,44,14,凱基-岡山,2023-12-15,9209
1313,聯成,14,0,14,凱基-岡山,2023-12-15,9209
00936,台新永續高息中小,13,0,13,凱基-岡山,2023-12-15,9209
2022,聚亨,15,2,13,凱基-岡山,2023-12-15,9209
2492,華新科,12,0,12,凱基-岡山,2023-12-15,9209
00923,群益台ESG低碳50,12,0,12,凱基-岡山,2023-12-15,9209
2888,新光金,12,0,12,凱基-岡山,2023-12-15,9209
00637L,元大滬深300正2,12,0,12,凱基-岡山,2023-12-15,9209
2887,台新金,13,2,11,凱基-岡山,2023-12-15,9209
00882,中信中國高股息,11,0,11,凱基-岡山,2023-12-15,9209
2630,亞航,19,8,11,凱基-岡山,2023-12-15,9209
00795B,中信美國公債20年,10,0,10,凱基-岡山,2023-12-15,9209
2038,海光,10,0,10,凱基-岡山,2023-12-15,9209
2392,正崴,10,0,10,凱基-岡山,2023-12-15,9209
2643,捷迅,10,0,10,凱基-岡山,2023-12-15,9209
3679,新至陞,10,0,10,凱基-岡山,2023-12-15,9209
3706,神達,30,20,10,凱基-岡山,2023-12-15,9209
4129,聯合,10,0,10,凱基-岡山,2023-12-15,9209
5371,中光電,10,0,10,凱基-岡山,2023-12-15,9209
2402,毅嘉,17,8,9,凱基-岡山,2023-12-15,9209
2618,長榮航,12,3,9,凱基-岡山,2023-12-15,9209
2641,正德,11,2,9,凱基-岡山,2023-12-15,9209
6186,新潤,9,0,9,凱基-岡山,2023-12-15,9209
6770,力積電,10,1,9,凱基-岡山,2023-12-15,9209
00688L,國泰20年美債正2,8,0,8,凱基-岡山,2023-12-15,9209
00687B,國泰20年美債,9,1,8,凱基-岡山,2023-12-15,9209
00772B,中信高評級公司債,8,0,8,凱基-岡山,2023-12-15,9209
2028,威致,8,1,7,凱基-岡山,2023-12-15,9209
2498,宏達電,7,0,7,凱基-岡山,2023-12-15,9209
2886,兆豐金,7,0,7,凱基-岡山,2023-12-15,9209
2801,彰銀,754,0,754,凱基-岡山,2023-12-18,9209
00933B,國泰10Y+金融債,59,0,59,凱基-岡山,2023-12-18,9209
2888,新光金,66,11,55,凱基-岡山,2023-12-18,9209
6548,長科*,45,0,45,凱基-岡山,2023-12-18,9209
00687B,國泰20年美債,44,0,44,凱基-岡山,2023-12-18,9209
2023,燁輝,99,58,41,凱基-岡山,2023-12-18,9209
2617,台航,43,2,41,凱基-岡山,2023-12-18,9209
5521,工信,35,0,35,凱基-岡山,2023-12-18,9209
00937B,群益ESG投等債20,86,52,34,凱基-岡山,2023-12-18,9209
2027,大成鋼,35,4,31,凱基-岡山,2023-12-18,9209
2515,中工,34,4,30,凱基-岡山,2023-12-18,9209
5426,振發,28,0,28,凱基-岡山,2023-12-18,9209
2002,中鋼,32,5,27,凱基-岡山,2023-12-18,9209
2610,華航,26,1,25,凱基-岡山,2023-12-18,9209
00680L,元大美債20正2,23,0,23,凱基-岡山,2023-12-18,9209
3014,聯陽,22,0,22,凱基-岡山,2023-12-18,9209
00882,中信中國高股息,21,0,21,凱基-岡山,2023-12-18,9209
00679B,元大美債20年,21,1,20,凱基-岡山,2023-12-18,9209
2812,台中銀,23,4,19,凱基-岡山,2023-12-18,9209
6770,力積電,21,2,19,凱基-岡山,2023-12-18,9209
00795B,中信美國公債20年,19,0,19,凱基-岡山,2023-12-18,9209
2317,鴻海,19,1,18,凱基-岡山,2023-12-18,9209
6235,華孚,20,2,18,凱基-岡山,2023-12-18,9209
1504,東元,20,3,17,凱基-岡山,2023-12-18,9209
00706L,期元大S＆P日圓正2,15,0,15,凱基-岡山,2023-12-18,9209
2014,中鴻,148,133,15,凱基-岡山,2023-12-18,9209
2030,彰源,13,0,13,凱基-岡山,2023-12-18,9209
00673R,期元大S＆P原油反1,13,0,13,凱基-岡山,2023-12-18,9209
1522,堤維西,12,0,12,凱基-岡山,2023-12-18,9209
1609,大亞,12,0,12,凱基-岡山,2023-12-18,9209
2643,捷迅,12,1,11,凱基-岡山,2023-12-18,9209
9105,泰金寶-DR,10,0,10,凱基-岡山,2023-12-18,9209
00696B,富邦美債20年,10,0,10,凱基-岡山,2023-12-18,9209
00635U,期元大S＆P黃金,10,0,10,凱基-岡山,2023-12-18,9209
1611,中電,10,0,10,凱基-岡山,2023-12-18,9209
1723,中碳,10,0,10,凱基-岡山,2023-12-18,9209
2017,官田鋼,10,0,10,凱基-岡山,2023-12-18,9209
2434,統懋,10,0,10,凱基-岡山,2023-12-18,9209
2637,慧洋-KY,17,7,10,凱基-岡山,2023-12-18,9209
4707,磐亞,10,0,10,凱基-岡山,2023-12-18,9209
9933,中鼎,10,0,10,凱基-岡山,2023-12-18,9209
2419,仲琦,9,0,9,凱基-岡山,2023-12-18,9209
5498,凱崴,11,2,9,凱基-岡山,2023-12-18,9209
00919,群益台灣精選高息,30,22,8,凱基-岡山,2023-12-18,9209
2356,英業達,16,8,8,凱基-岡山,2023-12-18,9209
1905,華紙,33,25,8,凱基-岡山,2023-12-18,9209
2031,新光鋼,14,6,8,凱基-岡山,2023-12-18,9209
2481,強茂,10,2,8,凱基-岡山,2023-12-18,9209
4157,太景*-KY,8,0,8,凱基-岡山,2023-12-18,9209
6139,亞翔,8,0,8,凱基-岡山,2023-12-18,9209
2801,彰銀,539,0,539,凱基-岡山,2023-12-19,9209
2038,海光,301,1,300,凱基-岡山,2023-12-19,9209
00918,大華優利高填息30,101,0,101,凱基-岡山,2023-12-19,9209
00929,復華台灣科技優息,119,37,82,凱基-岡山,2023-12-19,9209
2603,長榮,63,17,46,凱基-岡山,2023-12-19,9209
00919,群益台灣精選高息,48,2,46,凱基-岡山,2023-12-19,9209
2344,華邦電,52,13,39,凱基-岡山,2023-12-19,9209
00673R,期元大S＆P原油反1,30,0,30,凱基-岡山,2023-12-19,9209
3437,榮創,28,0,28,凱基-岡山,2023-12-19,9209
2618,長榮航,25,2,23,凱基-岡山,2023-12-19,9209
2377,微星,23,1,22,凱基-岡山,2023-12-19,9209
3014,聯陽,22,0,22,凱基-岡山,2023-12-19,9209
00680L,元大美債20正2,34,13,21,凱基-岡山,2023-12-19,9209
00937B,群益ESG投等債20,91,70,21,凱基-岡山,2023-12-19,9209
1701,中化,20,0,20,凱基-岡山,2023-12-19,9209
4581,光隆精密-KY,19,0,19,凱基-岡山,2023-12-19,9209
2356,英業達,20,2,18,凱基-岡山,2023-12-19,9209
4543,萬在,20,2,18,凱基-岡山,2023-12-19,9209
2610,華航,18,1,17,凱基-岡山,2023-12-19,9209
2317,鴻海,19,2,17,凱基-岡山,2023-12-19,9209
6770,力積電,15,0,15,凱基-岡山,2023-12-19,9209
4908,前鼎,14,0,14,凱基-岡山,2023-12-19,9209
8936,國統,15,1,14,凱基-岡山,2023-12-19,9209
2882,國泰金,13,0,13,凱基-岡山,2023-12-19,9209
2498,宏達電,12,0,12,凱基-岡山,2023-12-19,9209
2605,新興,13,2,11,凱基-岡山,2023-12-19,9209
5258,虹堡,16,5,11,凱基-岡山,2023-12-19,9209
5426,振發,11,0,11,凱基-岡山,2023-12-19,9209
5469,瀚宇博,11,0,11,凱基-岡山,2023-12-19,9209
00795B,中信美國公債20年,10,0,10,凱基-岡山,2023-12-19,9209
1464,得力,10,0,10,凱基-岡山,2023-12-19,9209
1611,中電,10,0,10,凱基-岡山,2023-12-19,9209
2481,強茂,11,1,10,凱基-岡山,2023-12-19,9209
2892,第一金,11,1,10,凱基-岡山,2023-12-19,9209
4414,如興,10,0,10,凱基-岡山,2023-12-19,9209
6176,瑞儀,10,0,10,凱基-岡山,2023-12-19,9209
00933B,國泰10Y+金融債,9,0,9,凱基-岡山,2023-12-19,9209
1522,堤維西,9,0,9,凱基-岡山,2023-12-19,9209
2031,新光鋼,11,2,9,凱基-岡山,2023-12-19,9209
2881,富邦金,9,0,9,凱基-岡山,2023-12-19,9209
3006,晶豪科,11,2,9,凱基-岡山,2023-12-19,9209
3094,聯傑,9,0,9,凱基-岡山,2023-12-19,9209
00679B,元大美債20年,17,8,9,凱基-岡山,2023-12-19,9209
2023,燁輝,10,2,8,凱基-岡山,2023-12-19,9209
00934,中信成長高股息,8,0,8,凱基-岡山,2023-12-19,9209
00713,元大台灣高息低波,7,0,7,凱基-岡山,2023-12-19,9209
00900,富邦特選高股息30,7,0,7,凱基-岡山,2023-12-19,9209
3622,洋華,7,0,7,凱基-岡山,2023-12-19,9209
4114,健喬,6,0,6,凱基-岡山,2023-12-19,9209
00882,中信中國高股息,6,0,6,凱基-岡山,2023-12-19,9209
2618,長榮航,94,4,90,凱基-岡山,2023-12-20,9209
1314,中石化,81,10,71,凱基-岡山,2023-12-20,9209
00933B,國泰10Y+金融債,48,0,48,凱基-岡山,2023-12-20,9209
00919,群益台灣精選高息,43,0,43,凱基-岡山,2023-12-20,9209
5285,界霖,30,0,30,凱基-岡山,2023-12-20,9209
1524,耿鼎,24,2,22,凱基-岡山,2023-12-20,9209
6235,華孚,26,5,21,凱基-岡山,2023-12-20,9209
00632R,元大台灣50反1,20,0,20,凱基-岡山,2023-12-20,9209
00680L,元大美債20正2,20,0,20,凱基-岡山,2023-12-20,9209
8085,福華,20,5,15,凱基-岡山,2023-12-20,9209
00688L,國泰20年美債正2,15,1,14,凱基-岡山,2023-12-20,9209
00937B,群益ESG投等債20,26,13,13,凱基-岡山,2023-12-20,9209
4707,磐亞,10,0,10,凱基-岡山,2023-12-20,9209
00673R,期元大S＆P原油反1,10,0,10,凱基-岡山,2023-12-20,9209
00902,中信電池及儲能,10,0,10,凱基-岡山,2023-12-20,9209
1522,堤維西,11,1,10,凱基-岡山,2023-12-20,9209
5469,瀚宇博,10,0,10,凱基-岡山,2023-12-20,9209
2515,中工,113,104,9,凱基-岡山,2023-12-20,9209
2014,中鴻,45,37,8,凱基-岡山,2023-12-20,9209
6156,松上,8,0,8,凱基-岡山,2023-12-20,9209
1905,華紙,11,4,7,凱基-岡山,2023-12-20,9209
2892,第一金,7,0,7,凱基-岡山,2023-12-20,9209
6116,彩晶,8,1,7,凱基-岡山,2023-12-20,9209
2442,新美齊,6,0,6,凱基-岡山,2023-12-20,9209
3013,晟銘電,8,2,6,凱基-岡山,2023-12-20,9209
2891,中信金,5,0,5,凱基-岡山,2023-12-20,9209
2308,台達電,5,0,5,凱基-岡山,2023-12-20,9209
2388,威盛,15,10,5,凱基-岡山,2023-12-20,9209
2886,兆豐金,5,0,5,凱基-岡山,2023-12-20,9209
3679,新至陞,5,0,5,凱基-岡山,2023-12-20,9209
3689,湧德,5,0,5,凱基-岡山,2023-12-20,9209
5452,佶優,5,0,5,凱基-岡山,2023-12-20,9209
9945,潤泰新,5,0,5,凱基-岡山,2023-12-20,9209
6182,合晶,5,1,4,凱基-岡山,2023-12-20,9209
2303,聯電,5,1,4,凱基-岡山,2023-12-20,9209
2880,華南金,4,0,4,凱基-岡山,2023-12-20,9209
3543,州巧,4,0,4,凱基-岡山,2023-12-20,9209
3611,鼎翰,4,0,4,凱基-岡山,2023-12-20,9209
6282,康舒,5,1,4,凱基-岡山,2023-12-20,9209
8027,鈦昇,4,0,4,凱基-岡山,2023-12-20,9209
5880,合庫金,3,0,3,凱基-岡山,2023-12-20,9209
1795,美時,3,0,3,凱基-岡山,2023-12-20,9209
1305,華夏,3,0,3,凱基-岡山,2023-12-20,9209
00900,富邦特選高股息30,4,1,3,凱基-岡山,2023-12-20,9209
00795B,中信美國公債20年,3,0,3,凱基-岡山,2023-12-20,9209
1734,杏輝,3,0,3,凱基-岡山,2023-12-20,9209
2211,長榮鋼,3,0,3,凱基-岡山,2023-12-20,9209
2313,華通,8,5,3,凱基-岡山,2023-12-20,9209
2362,藍天,4,1,3,凱基-岡山,2023-12-20,9209
2365,昆盈,3,0,3,凱基-岡山,2023-12-20,9209
3706,神達,100,9,91,凱基-岡山,2023-12-21,9209
00937B,群益ESG投等債20,119,46,73,凱基-岡山,2023-12-21,9209
2014,中鴻,74,15,59,凱基-岡山,2023-12-21,9209
2603,長榮,80,23,57,凱基-岡山,2023-12-21,9209
6548,長科*,52,0,52,凱基-岡山,2023-12-21,9209
00919,群益台灣精選高息,49,0,49,凱基-岡山,2023-12-21,9209
00929,復華台灣科技優息,39,6,33,凱基-岡山,2023-12-21,9209
1718,中纖,32,0,32,凱基-岡山,2023-12-21,9209
00931B,統一美債20年,30,0,30,凱基-岡山,2023-12-21,9209
2323,中環,42,14,28,凱基-岡山,2023-12-21,9209
2641,正德,40,14,26,凱基-岡山,2023-12-21,9209
1504,東元,23,0,23,凱基-岡山,2023-12-21,9209
00933B,國泰10Y+金融債,20,0,20,凱基-岡山,2023-12-21,9209
00680L,元大美債20正2,37,20,17,凱基-岡山,2023-12-21,9209
5285,界霖,15,0,15,凱基-岡山,2023-12-21,9209
1722,台肥,14,0,14,凱基-岡山,2023-12-21,9209
2312,金寶,10,0,10,凱基-岡山,2023-12-21,9209
2506,太設,22,12,10,凱基-岡山,2023-12-21,9209
00687B,國泰20年美債,9,0,9,凱基-岡山,2023-12-21,9209
5608,四維航,11,2,9,凱基-岡山,2023-12-21,9209
2303,聯電,20,12,8,凱基-岡山,2023-12-21,9209
2634,漢翔,10,2,8,凱基-岡山,2023-12-21,9209
3689,湧德,8,0,8,凱基-岡山,2023-12-21,9209
8027,鈦昇,8,0,8,凱基-岡山,2023-12-21,9209
3014,聯陽,13,5,8,凱基-岡山,2023-12-21,9209
2330,台積電,8,1,7,凱基-岡山,2023-12-21,9209
2618,長榮航,8,1,7,凱基-岡山,2023-12-21,9209
2882,國泰金,7,0,7,凱基-岡山,2023-12-21,9209
6517,保勝光學,7,0,7,凱基-岡山,2023-12-21,9209
9105,泰金寶-DR,57,50,7,凱基-岡山,2023-12-21,9209
9945,潤泰新,7,0,7,凱基-岡山,2023-12-21,9209
0056,元大高股息,6,0,6,凱基-岡山,2023-12-21,9209
00878,國泰永續高股息,17,11,6,凱基-岡山,2023-12-21,9209
2886,兆豐金,6,0,6,凱基-岡山,2023-12-21,9209
3508,位速,6,0,6,凱基-岡山,2023-12-21,9209
6770,力積電,6,0,6,凱基-岡山,2023-12-21,9209
006208,富邦台50,5,0,5,凱基-岡山,2023-12-21,9209
2363,矽統,7,2,5,凱基-岡山,2023-12-21,9209
00934,中信成長高股息,5,0,5,凱基-岡山,2023-12-21,9209
00772B,中信高評級公司債,5,0,5,凱基-岡山,2023-12-21,9209
1789,神隆,5,0,5,凱基-岡山,2023-12-21,9209
2308,台達電,5,0,5,凱基-岡山,2023-12-21,9209
2392,正崴,7,2,5,凱基-岡山,2023-12-21,9209
2601,益航,5,0,5,凱基-岡山,2023-12-21,9209
3049,精金,5,0,5,凱基-岡山,2023-12-21,9209
3213,茂訊,5,0,5,凱基-岡山,2023-12-21,9209
3622,洋華,5,0,5,凱基-岡山,2023-12-21,9209
4915,致伸,20,15,5,凱基-岡山,2023-12-21,9209
8085,福華,10,5,5,凱基-岡山,2023-12-21,9209
8488,吉源-KY,5,0,5,凱基-岡山,2023-12-21,9209
2801,彰銀,437,0,437,凱基-岡山,2023-12-22,9209
00688L,國泰20年美債正2,93,0,93,凱基-岡山,2023-12-22,9209
00885,富邦越南,50,0,50,凱基-岡山,2023-12-22,9209
00680L,元大美債20正2,38,3,35,凱基-岡山,2023-12-22,9209
8112,至上,32,0,32,凱基-岡山,2023-12-22,9209
4973,廣穎,25,1,24,凱基-岡山,2023-12-22,9209
00929,復華台灣科技優息,58,37,21,凱基-岡山,2023-12-22,9209
2408,南亞科,34,14,20,凱基-岡山,2023-12-22,9209
2888,新光金,20,0,20,凱基-岡山,2023-12-22,9209
6005,群益證,20,0,20,凱基-岡山,2023-12-22,9209
7402,邑錡,20,0,20,凱基-岡山,2023-12-22,9209
00857B,永豐20年美公債,14,0,14,凱基-岡山,2023-12-22,9209
1314,中石化,23,9,14,凱基-岡山,2023-12-22,9209
1326,台化,14,0,14,凱基-岡山,2023-12-22,9209
2506,太設,15,1,14,凱基-岡山,2023-12-22,9209
3022,威強電,14,0,14,凱基-岡山,2023-12-22,9209
00937B,群益ESG投等債20,22,9,13,凱基-岡山,2023-12-22,9209
5426,振發,14,1,13,凱基-岡山,2023-12-22,9209
00900,富邦特選高股息30,12,0,12,凱基-岡山,2023-12-22,9209
1905,華紙,12,0,12,凱基-岡山,2023-12-22,9209
2356,英業達,43,31,12,凱基-岡山,2023-12-22,9209
6213,聯茂,12,0,12,凱基-岡山,2023-12-22,9209
2515,中工,18,7,11,凱基-岡山,2023-12-22,9209
1503,士電,15,5,10,凱基-岡山,2023-12-22,9209
8034,榮群,10,0,10,凱基-岡山,2023-12-22,9209
00933B,國泰10Y+金融債,10,0,10,凱基-岡山,2023-12-22,9209
2337,旺宏,9,0,9,凱基-岡山,2023-12-22,9209
2353,宏��,20,11,9,凱基-岡山,2023-12-22,9209
00919,群益台灣精選高息,12,3,9,凱基-岡山,2023-12-22,9209
00713,元大台灣高息低波,8,0,8,凱基-岡山,2023-12-22,9209
00687B,國泰20年美債,8,0,8,凱基-岡山,2023-12-22,9209
2014,中鴻,20,12,8,凱基-岡山,2023-12-22,9209
2308,台達電,8,0,8,凱基-岡山,2023-12-22,9209
6142,友勁,8,0,8,凱基-岡山,2023-12-22,9209
5009,榮剛,10,3,7,凱基-岡山,2023-12-22,9209
00679B,元大美債20年,7,0,7,凱基-岡山,2023-12-22,9209
1605,華新,9,3,6,凱基-岡山,2023-12-22,9209
8027,鈦昇,6,0,6,凱基-岡山,2023-12-22,9209
0056,元大高股息,12,7,5,凱基-岡山,2023-12-22,9209
1522,堤維西,5,0,5,凱基-岡山,2023-12-22,9209
2015,豐興,5,0,5,凱基-岡山,2023-12-22,9209
2387,精元,7,2,5,凱基-岡山,2023-12-22,9209
2468,華經,5,0,5,凱基-岡山,2023-12-22,9209
3576,聯合再生,5,0,5,凱基-岡山,2023-12-22,9209
6189,豐藝,5,0,5,凱基-岡山,2023-12-22,9209
8070,長華*,5,0,5,凱基-岡山,2023-12-22,9209
9945,潤泰新,5,0,5,凱基-岡山,2023-12-22,9209
1101,台泥,6,1,5,凱基-岡山,2023-12-22,9209
8033,雷虎,5,1,4,凱基-岡山,2023-12-22,9209
2355,敬鵬,6,2,4,凱基-岡山,2023-12-22,9209
2801,彰銀,130,0,130,凱基-岡山,2023-12-25,9209
2609,陽明,178,52,126,凱基-岡山,2023-12-25,9209
2324,仁寶,109,30,79,凱基-岡山,2023-12-25,9209
8086,宏捷科,77,9,68,凱基-岡山,2023-12-25,9209
00919,群益台灣精選高息,55,4,51,凱基-岡山,2023-12-25,9209
8112,至上,53,2,51,凱基-岡山,2023-12-25,9209
2034,允強,50,0,50,凱基-岡山,2023-12-25,9209
2610,華航,57,15,42,凱基-岡山,2023-12-25,9209
1314,中石化,33,0,33,凱基-岡山,2023-12-25,9209
3041,揚智,32,0,32,凱基-岡山,2023-12-25,9209
2344,華邦電,31,11,20,凱基-岡山,2023-12-25,9209
2606,裕民,18,0,18,凱基-岡山,2023-12-25,9209
00937B,群益ESG投等債20,18,0,18,凱基-岡山,2023-12-25,9209
2002,中鋼,17,2,15,凱基-岡山,2023-12-25,9209
00687B,國泰20年美債,16,1,15,凱基-岡山,2023-12-25,9209
5009,榮剛,15,1,14,凱基-岡山,2023-12-25,9209
6770,力積電,14,0,14,凱基-岡山,2023-12-25,9209
00900,富邦特選高股息30,13,0,13,凱基-岡山,2023-12-25,9209
2014,中鴻,17,4,13,凱基-岡山,2023-12-25,9209
2515,中工,21,9,12,凱基-岡山,2023-12-25,9209
2105,正新,12,2,10,凱基-岡山,2023-12-25,9209
00665L,富邦�琤肭磪囓�2,10,0,10,凱基-岡山,2023-12-25,9209
1611,中電,10,0,10,凱基-岡山,2023-12-25,9209
2601,益航,10,0,10,凱基-岡山,2023-12-25,9209
2636,台驊控股,12,2,10,凱基-岡山,2023-12-25,9209
2867,三商壽,10,0,10,凱基-岡山,2023-12-25,9209
4527,方土霖,10,0,10,凱基-岡山,2023-12-25,9209
5426,振發,10,0,10,凱基-岡山,2023-12-25,9209
8044,網家,10,0,10,凱基-岡山,2023-12-25,9209
2331,精英,10,1,9,凱基-岡山,2023-12-25,9209
9945,潤泰新,9,1,8,凱基-岡山,2023-12-25,9209
1337,再生-KY,7,0,7,凱基-岡山,2023-12-25,9209
2007,燁興,7,0,7,凱基-岡山,2023-12-25,9209
2030,彰源,7,0,7,凱基-岡山,2023-12-25,9209
3014,聯陽,7,0,7,凱基-岡山,2023-12-25,9209
9919,康那香,7,0,7,凱基-岡山,2023-12-25,9209
3346,麗清,50,43,7,凱基-岡山,2023-12-25,9209
00933B,國泰10Y+金融債,6,0,6,凱基-岡山,2023-12-25,9209
00720B,元大投資級公司債,6,0,6,凱基-岡山,2023-12-25,9209
3702,大聯大,6,0,6,凱基-岡山,2023-12-25,9209
00885,富邦越南,6,0,6,凱基-岡山,2023-12-25,9209
1618,合機,6,0,6,凱基-岡山,2023-12-25,9209
1718,中纖,6,0,6,凱基-岡山,2023-12-25,9209
2816,旺旺保,6,0,6,凱基-岡山,2023-12-25,9209
3264,欣銓,7,1,6,凱基-岡山,2023-12-25,9209
2641,正德,6,0,6,凱基-岡山,2023-12-25,9209
2204,中華,5,0,5,凱基-岡山,2023-12-25,9209
00795B,中信美國公債20年,5,0,5,凱基-岡山,2023-12-25,9209
1325,恆大,5,0,5,凱基-岡山,2023-12-25,9209
1710,東聯,5,0,5,凱基-岡山,2023-12-25,9209
00637L,元大滬深300正2,200,0,200,凱基-岡山,2023-12-26,9209
00664R,國泰臺灣加權反1,100,0,100,凱基-岡山,2023-12-26,9209
1460,宏遠,100,0,100,凱基-岡山,2023-12-26,9209
00937B,群益ESG投等債20,77,0,77,凱基-岡山,2023-12-26,9209
2618,長榮航,59,1,58,凱基-岡山,2023-12-26,9209
2014,中鴻,37,0,37,凱基-岡山,2023-12-26,9209
00919,群益台灣精選高息,37,6,31,凱基-岡山,2023-12-26,9209
00885,富邦越南,30,0,30,凱基-岡山,2023-12-26,9209
1314,中石化,30,0,30,凱基-岡山,2023-12-26,9209
3437,榮創,29,0,29,凱基-岡山,2023-12-26,9209
00933B,國泰10Y+金融債,30,5,25,凱基-岡山,2023-12-26,9209
00688L,國泰20年美債正2,23,0,23,凱基-岡山,2023-12-26,9209
2369,菱生,24,4,20,凱基-岡山,2023-12-26,9209
2867,三商壽,20,0,20,凱基-岡山,2023-12-26,9209
6285,啟��,20,2,18,凱基-岡山,2023-12-26,9209
8426,紅木-KY,17,0,17,凱基-岡山,2023-12-26,9209
3346,麗清,28,12,16,凱基-岡山,2023-12-26,9209
2353,宏��,46,34,12,凱基-岡山,2023-12-26,9209
2890,永豐金,12,0,12,凱基-岡山,2023-12-26,9209
3231,緯創,26,15,11,凱基-岡山,2023-12-26,9209
1513,中興電,11,0,11,凱基-岡山,2023-12-26,9209
2641,正德,8,0,8,凱基-岡山,2023-12-26,9209
2481,強茂,8,1,7,凱基-岡山,2023-12-26,9209
6140,訊達,7,0,7,凱基-岡山,2023-12-26,9209
2105,正新,6,0,6,凱基-岡山,2023-12-26,9209
1524,耿鼎,6,0,6,凱基-岡山,2023-12-26,9209
3673,TPK-KY,6,0,6,凱基-岡山,2023-12-26,9209
4581,光隆精密-KY,6,0,6,凱基-岡山,2023-12-26,9209
00918,大華優利高填息30,5,0,5,凱基-岡山,2023-12-26,9209
1453,大將,5,0,5,凱基-岡山,2023-12-26,9209
2031,新光鋼,5,0,5,凱基-岡山,2023-12-26,9209
2402,毅嘉,22,17,5,凱基-岡山,2023-12-26,9209
2611,志信,5,0,5,凱基-岡山,2023-12-26,9209
3178,公準,10,5,5,凱基-岡山,2023-12-26,9209
3576,聯合再生,5,0,5,凱基-岡山,2023-12-26,9209
4938,和碩,5,0,5,凱基-岡山,2023-12-26,9209
5515,建國,5,0,5,凱基-岡山,2023-12-26,9209
6196,帆宣,5,0,5,凱基-岡山,2023-12-26,9209
6235,華孚,5,0,5,凱基-岡山,2023-12-26,9209
1519,華城,10,5,5,凱基-岡山,2023-12-26,9209
2392,正崴,6,1,5,凱基-岡山,2023-12-26,9209
2603,長榮,17,13,4,凱基-岡山,2023-12-26,9209
1802,台玻,5,1,4,凱基-岡山,2023-12-26,9209
2405,輔信,21,17,4,凱基-岡山,2023-12-26,9209
2634,漢翔,5,1,4,凱基-岡山,2023-12-26,9209
3094,聯傑,5,1,4,凱基-岡山,2023-12-26,9209
3594,磐儀,4,0,4,凱基-岡山,2023-12-26,9209
3645,達邁,10,6,4,凱基-岡山,2023-12-26,9209
6182,合晶,4,0,4,凱基-岡山,2023-12-26,9209
2609,陽明,94,90,4,凱基-岡山,2023-12-26,9209
2618,長榮航,295,44,251,凱基-岡山,2023-12-27,9209
00937B,群益ESG投等債20,141,15,126,凱基-岡山,2023-12-27,9209
1815,富喬,92,0,92,凱基-岡山,2023-12-27,9209
2409,友達,65,4,61,凱基-岡山,2023-12-27,9209
2010,春源,50,0,50,凱基-岡山,2023-12-27,9209
6129,普誠,76,31,45,凱基-岡山,2023-12-27,9209
2324,仁寶,69,26,43,凱基-岡山,2023-12-27,9209
00632R,元大台灣50反1,27,0,27,凱基-岡山,2023-12-27,9209
2014,中鴻,33,8,25,凱基-岡山,2023-12-27,9209
2024,志聯,24,0,24,凱基-岡山,2023-12-27,9209
2421,建準,25,4,21,凱基-岡山,2023-12-27,9209
00688L,國泰20年美債正2,23,3,20,凱基-岡山,2023-12-27,9209
2374,佳能,18,1,17,凱基-岡山,2023-12-27,9209
00673R,期元大S＆P原油反1,15,0,15,凱基-岡山,2023-12-27,9209
2882,國泰金,19,4,15,凱基-岡山,2023-12-27,9209
00679B,元大美債20年,15,0,15,凱基-岡山,2023-12-27,9209
2101,南港,23,10,13,凱基-岡山,2023-12-27,9209
1605,華新,16,4,12,凱基-岡山,2023-12-27,9209
1316,上曜,15,3,12,凱基-岡山,2023-12-27,9209
2353,宏��,55,45,10,凱基-岡山,2023-12-27,9209
2636,台驊控股,10,0,10,凱基-岡山,2023-12-27,9209
2641,正德,11,2,9,凱基-岡山,2023-12-27,9209
6288,聯嘉,10,1,9,凱基-岡山,2023-12-27,9209
2405,輔信,224,216,8,凱基-岡山,2023-12-27,9209
2020,美亞,10,2,8,凱基-岡山,2023-12-27,9209
2331,精英,18,10,8,凱基-岡山,2023-12-27,9209
8112,至上,8,0,8,凱基-岡山,2023-12-27,9209
8426,紅木-KY,8,0,8,凱基-岡山,2023-12-27,9209
2812,台中銀,7,0,7,凱基-岡山,2023-12-27,9209
2515,中工,9,3,6,凱基-岡山,2023-12-27,9209
3049,精金,31,25,6,凱基-岡山,2023-12-27,9209
4581,光隆精密-KY,6,0,6,凱基-岡山,2023-12-27,9209
5452,佶優,6,0,6,凱基-岡山,2023-12-27,9209
6233,旺玖,8,2,6,凱基-岡山,2023-12-27,9209
9919,康那香,6,0,6,凱基-岡山,2023-12-27,9209
2023,燁輝,5,0,5,凱基-岡山,2023-12-27,9209
3545,敦泰,6,1,5,凱基-岡山,2023-12-27,9209
00885,富邦越南,11,6,5,凱基-岡山,2023-12-27,9209
1616,億泰,5,0,5,凱基-岡山,2023-12-27,9209
2371,大同,5,0,5,凱基-岡山,2023-12-27,9209
2867,三商壽,5,0,5,凱基-岡山,2023-12-27,9209
3466,德晉,5,0,5,凱基-岡山,2023-12-27,9209
5531,鄉林,5,0,5,凱基-岡山,2023-12-27,9209
6005,群益證,5,0,5,凱基-岡山,2023-12-27,9209
8027,鈦昇,5,0,5,凱基-岡山,2023-12-27,9209
2329,華泰,6,2,4,凱基-岡山,2023-12-27,9209
2002,中鋼,9,5,4,凱基-岡山,2023-12-27,9209
6182,合晶,7,3,4,凱基-岡山,2023-12-27,9209
3443,創意,4,0,4,凱基-岡山,2023-12-27,9209
00687B,國泰20年美債,4,0,4,凱基-岡山,2023-12-27,9209
5355,佳總,152,0,152,凱基-岡山,2023-12-28,9209
3376,新日興,63,2,61,凱基-岡山,2023-12-28,9209
2014,中鴻,60,4,56,凱基-岡山,2023-12-28,9209
00937B,群益ESG投等債20,61,6,55,凱基-岡山,2023-12-28,9209
3231,緯創,69,21,48,凱基-岡山,2023-12-28,9209
00934,中信成長高股息,50,10,40,凱基-岡山,2023-12-28,9209
2317,鴻海,50,11,39,凱基-岡山,2023-12-28,9209
00673R,期元大S＆P原油反1,35,0,35,凱基-岡山,2023-12-28,9209
9945,潤泰新,28,0,28,凱基-岡山,2023-12-28,9209
2324,仁寶,33,16,17,凱基-岡山,2023-12-28,9209
1582,信錦,16,0,16,凱基-岡山,2023-12-28,9209
2436,偉詮電,22,6,16,凱基-岡山,2023-12-28,9209
00712,復華富時不動產,15,0,15,凱基-岡山,2023-12-28,9209
6196,帆宣,15,0,15,凱基-岡山,2023-12-28,9209
00715L,期街口布蘭特正2,15,1,14,凱基-岡山,2023-12-28,9209
4908,前鼎,13,0,13,凱基-岡山,2023-12-28,9209
2636,台驊控股,11,0,11,凱基-岡山,2023-12-28,9209
6770,力積電,11,0,11,凱基-岡山,2023-12-28,9209
00676R,富邦臺灣加權反1,10,0,10,凱基-岡山,2023-12-28,9209
1815,富喬,10,0,10,凱基-岡山,2023-12-28,9209
3380,明泰,11,1,10,凱基-岡山,2023-12-28,9209
5381,合正,11,1,10,凱基-岡山,2023-12-28,9209
6237,驊訊,10,0,10,凱基-岡山,2023-12-28,9209
00936,台新永續高息中小,9,0,9,凱基-岡山,2023-12-28,9209
00898,國泰基因免疫革命,12,3,9,凱基-岡山,2023-12-28,9209
2024,志聯,9,0,9,凱基-岡山,2023-12-28,9209
5426,振發,9,0,9,凱基-岡山,2023-12-28,9209
6125,廣運,12,3,9,凱基-岡山,2023-12-28,9209
00679B,元大美債20年,9,0,9,凱基-岡山,2023-12-28,9209
2882,國泰金,10,2,8,凱基-岡山,2023-12-28,9209
00933B,國泰10Y+金融債,8,1,7,凱基-岡山,2023-12-28,9209
2609,陽明,64,57,7,凱基-岡山,2023-12-28,9209
3607,谷崧,7,0,7,凱基-岡山,2023-12-28,9209
5515,建國,7,0,7,凱基-岡山,2023-12-28,9209
6116,彩晶,7,0,7,凱基-岡山,2023-12-28,9209
8088,品安,10,3,7,凱基-岡山,2023-12-28,9209
00713,元大台灣高息低波,6,0,6,凱基-岡山,2023-12-28,9209
1718,中纖,6,0,6,凱基-岡山,2023-12-28,9209
2605,新興,9,3,6,凱基-岡山,2023-12-28,9209
3264,欣銓,7,1,6,凱基-岡山,2023-12-28,9209
3447,展達,6,0,6,凱基-岡山,2023-12-28,9209
4581,光隆精密-KY,6,0,6,凱基-岡山,2023-12-28,9209
4979,華星光,16,10,6,凱基-岡山,2023-12-28,9209
9927,泰銘,6,0,6,凱基-岡山,2023-12-28,9209
00915,凱基優選高股息30,5,0,5,凱基-岡山,2023-12-28,9209
1303,南亞,5,0,5,凱基-岡山,2023-12-28,9209
2367,燿華,5,0,5,凱基-岡山,2023-12-28,9209
2408,南亞科,11,6,5,凱基-岡山,2023-12-28,9209
2610,華航,6,1,5,凱基-岡山,2023-12-28,9209
3372,典範,5,0,5,凱基-岡山,2023-12-28,9209
9105,泰金寶-DR,50,0,50,凱基-岡山,2023-12-29,9209
1815,富喬,46,0,46,凱基-岡山,2023-12-29,9209
00937B,群益ESG投等債20,54,13,41,凱基-岡山,2023-12-29,9209
2344,華邦電,78,40,38,凱基-岡山,2023-12-29,9209
2736,富野,30,2,28,凱基-岡山,2023-12-29,9209
2356,英業達,32,6,26,凱基-岡山,2023-12-29,9209
00715L,期街口布蘭特正2,26,4,22,凱基-岡山,2023-12-29,9209
00933B,國泰10Y+金融債,41,20,21,凱基-岡山,2023-12-29,9209
00673R,期元大S＆P原油反1,21,0,21,凱基-岡山,2023-12-29,9209
2406,國碩,20,0,20,凱基-岡山,2023-12-29,9209
6026,福邦證,20,0,20,凱基-岡山,2023-12-29,9209
00687B,國泰20年美債,19,0,19,凱基-岡山,2023-12-29,9209
1217,愛之味,20,1,19,凱基-岡山,2023-12-29,9209
2208,台船,20,2,18,凱基-岡山,2023-12-29,9209
3006,晶豪科,34,21,13,凱基-岡山,2023-12-29,9209
6233,旺玖,13,1,12,凱基-岡山,2023-12-29,9209
00680L,元大美債20正2,11,0,11,凱基-岡山,2023-12-29,9209
1614,三洋電,11,0,11,凱基-岡山,2023-12-29,9209
2303,聯電,22,11,11,凱基-岡山,2023-12-29,9209
2481,強茂,12,1,11,凱基-岡山,2023-12-29,9209
0056,元大高股息,12,2,10,凱基-岡山,2023-12-29,9209
00635U,期元大S＆P黃金,10,0,10,凱基-岡山,2023-12-29,9209
1314,中石化,10,0,10,凱基-岡山,2023-12-29,9209
1416,廣豐,10,0,10,凱基-岡山,2023-12-29,9209
3714,富采,10,0,10,凱基-岡山,2023-12-29,9209
6182,合晶,11,2,9,凱基-岡山,2023-12-29,9209
1609,大亞,9,0,9,凱基-岡山,2023-12-29,9209
3390,旭軟,10,2,8,凱基-岡山,2023-12-29,9209
5426,振發,12,4,8,凱基-岡山,2023-12-29,9209
6016,康和證,8,0,8,凱基-岡山,2023-12-29,9209
00688L,國泰20年美債正2,7,0,7,凱基-岡山,2023-12-29,9209
1514,亞力,16,9,7,凱基-岡山,2023-12-29,9209
4527,方土霖,7,0,7,凱基-岡山,2023-12-29,9209
6419,京晨科,7,0,7,凱基-岡山,2023-12-29,9209
2425,承啟,7,0,7,凱基-岡山,2023-12-29,9209
00878,國泰永續高股息,9,2,7,凱基-岡山,2023-12-29,9209
8936,國統,11,5,6,凱基-岡山,2023-12-29,9209
00918,大華優利高填息30,6,0,6,凱基-岡山,2023-12-29,9209
00915,凱基優選高股息30,6,0,6,凱基-岡山,2023-12-29,9209
1301,台塑,6,0,6,凱基-岡山,2023-12-29,9209
2101,南港,6,0,6,凱基-岡山,2023-12-29,9209
1303,南亞,10,5,5,凱基-岡山,2023-12-29,9209
2332,友訊,5,0,5,凱基-岡山,2023-12-29,9209
2485,兆赫,5,0,5,凱基-岡山,2023-12-29,9209
3583,辛耘,5,0,5,凱基-岡山,2023-12-29,9209
4113,聯上,5,0,5,凱基-岡山,2023-12-29,9209
5225,東科-KY,5,0,5,凱基-岡山,2023-12-29,9209
6505,台塑化,5,0,5,凱基-岡山,2023-12-29,9209
2402,毅嘉,5,0,5,凱基-岡山,2023-12-29,9209
00919,群益台灣精選高息,7,2,5,凱基-岡山,2023-12-29,9209
2409,友達,248,9,239,凱基-岡山,2024-01-02,9209
00937B,群益ESG投等債20,85,3,82,凱基-岡山,2024-01-02,9209
3231,緯創,101,21,80,凱基-岡山,2024-01-02,9209
00688L,國泰20年美債正2,61,3,58,凱基-岡山,2024-01-02,9209
00878,國泰永續高股息,56,5,51,凱基-岡山,2024-01-02,9209
2609,陽明,88,43,45,凱基-岡山,2024-01-02,9209
00929,復華台灣科技優息,45,3,42,凱基-岡山,2024-01-02,9209
00680L,元大美債20正2,35,0,35,凱基-岡山,2024-01-02,9209
6770,力積電,31,0,31,凱基-岡山,2024-01-02,9209
0056,元大高股息,33,3,30,凱基-岡山,2024-01-02,9209
00679B,元大美債20年,30,0,30,凱基-岡山,2024-01-02,9209
00933B,國泰10Y+金融債,41,20,21,凱基-岡山,2024-01-02,9209
3576,聯合再生,20,0,20,凱基-岡山,2024-01-02,9209
2356,英業達,31,12,19,凱基-岡山,2024-01-02,9209
2382,廣達,17,3,14,凱基-岡山,2024-01-02,9209
2352,佳世達,16,2,14,凱基-岡山,2024-01-02,9209
2481,強茂,13,0,13,凱基-岡山,2024-01-02,9209
00931B,統一美債20年,13,1,12,凱基-岡山,2024-01-02,9209
00923,群益台ESG低碳50,12,0,12,凱基-岡山,2024-01-02,9209
2303,聯電,14,2,12,凱基-岡山,2024-01-02,9209
1416,廣豐,11,0,11,凱基-岡山,2024-01-02,9209
2208,台船,10,0,10,凱基-岡山,2024-01-02,9209
00753L,中信中國50正2,10,0,10,凱基-岡山,2024-01-02,9209
2636,台驊控股,10,0,10,凱基-岡山,2024-01-02,9209
9945,潤泰新,15,5,10,凱基-岡山,2024-01-02,9209
00687B,國泰20年美債,13,4,9,凱基-岡山,2024-01-02,9209
00632R,元大台灣50反1,10,1,9,凱基-岡山,2024-01-02,9209
5521,工信,67,58,9,凱基-岡山,2024-01-02,9209
00934,中信成長高股息,24,16,8,凱基-岡山,2024-01-02,9209
00712,復華富時不動產,7,0,7,凱基-岡山,2024-01-02,9209
2506,太設,7,0,7,凱基-岡山,2024-01-02,9209
6667,信紘科,11,4,7,凱基-岡山,2024-01-02,9209
2353,宏��,14,7,7,凱基-岡山,2024-01-02,9209
00919,群益台灣精選高息,40,33,7,凱基-岡山,2024-01-02,9209
3481,群創,12,6,6,凱基-岡山,2024-01-02,9209
1808,潤隆,6,0,6,凱基-岡山,2024-01-02,9209
00918,大華優利高填息30,7,1,6,凱基-岡山,2024-01-02,9209
2362,藍天,6,0,6,凱基-岡山,2024-01-02,9209
2405,輔信,6,0,6,凱基-岡山,2024-01-02,9209
2492,華新科,6,0,6,凱基-岡山,2024-01-02,9209
2891,中信金,6,0,6,凱基-岡山,2024-01-02,9209
3006,晶豪科,6,0,6,凱基-岡山,2024-01-02,9209
5533,皇鼎,8,2,6,凱基-岡山,2024-01-02,9209
9904,寶成,6,0,6,凱基-岡山,2024-01-02,9209
1904,正隆,5,0,5,凱基-岡山,2024-01-02,9209
2367,燿華,5,0,5,凱基-岡山,2024-01-02,9209
2497,怡利電,5,0,5,凱基-岡山,2024-01-02,9209
2605,新興,7,2,5,凱基-岡山,2024-01-02,9209
2867,三商壽,5,0,5,凱基-岡山,2024-01-02,9209
2890,永豐金,5,0,5,凱基-岡山,2024-01-02,9209
00715L,期街口布蘭特正2,167,2,165,凱基-岡山,2024-01-03,9209
2888,新光金,200,97,103,凱基-岡山,2024-01-03,9209
00929,復華台灣科技優息,75,0,75,凱基-岡山,2024-01-03,9209
0056,元大高股息,71,0,71,凱基-岡山,2024-01-03,9209
00919,群益台灣精選高息,61,5,56,凱基-岡山,2024-01-03,9209
00878,國泰永續高股息,47,6,41,凱基-岡山,2024-01-03,9209
00937B,群益ESG投等債20,41,0,41,凱基-岡山,2024-01-03,9209
3711,日月光投控,41,0,41,凱基-岡山,2024-01-03,9209
6770,力積電,43,2,41,凱基-岡山,2024-01-03,9209
4188,安克,33,0,33,凱基-岡山,2024-01-03,9209
2610,華航,30,1,29,凱基-岡山,2024-01-03,9209
00933B,國泰10Y+金融債,39,10,29,凱基-岡山,2024-01-03,9209
2915,潤泰全,24,0,24,凱基-岡山,2024-01-03,9209
2303,聯電,29,5,24,凱基-岡山,2024-01-03,9209
2002,中鋼,22,3,19,凱基-岡山,2024-01-03,9209
5525,順天,19,0,19,凱基-岡山,2024-01-03,9209
2014,中鴻,23,5,18,凱基-岡山,2024-01-03,9209
3260,威剛,30,13,17,凱基-岡山,2024-01-03,9209
2537,聯上發,25,10,15,凱基-岡山,2024-01-03,9209
9105,泰金寶-DR,15,0,15,凱基-岡山,2024-01-03,9209
00923,群益台ESG低碳50,14,0,14,凱基-岡山,2024-01-03,9209
2618,長榮航,43,29,14,凱基-岡山,2024-01-03,9209
2031,新光鋼,13,0,13,凱基-岡山,2024-01-03,9209
4581,光隆精密-KY,13,0,13,凱基-岡山,2024-01-03,9209
00936,台新永續高息中小,12,0,12,凱基-岡山,2024-01-03,9209
2331,精英,29,17,12,凱基-岡山,2024-01-03,9209
00927,群益半導體收益,12,0,12,凱基-岡山,2024-01-03,9209
1316,上曜,15,3,12,凱基-岡山,2024-01-03,9209
5521,工信,145,133,12,凱基-岡山,2024-01-03,9209
2330,台積電,17,5,12,凱基-岡山,2024-01-03,9209
00935,野村臺灣新科技50,11,0,11,凱基-岡山,2024-01-03,9209
2425,承啟,16,5,11,凱基-岡山,2024-01-03,9209
3390,旭軟,19,8,11,凱基-岡山,2024-01-03,9209
6505,台塑化,11,0,11,凱基-岡山,2024-01-03,9209
00751B,元大AAA至A公司債,11,0,11,凱基-岡山,2024-01-03,9209
00725B,國泰投資級公司債,10,0,10,凱基-岡山,2024-01-03,9209
00900,富邦特選高股息30,10,0,10,凱基-岡山,2024-01-03,9209
1612,宏泰,10,0,10,凱基-岡山,2024-01-03,9209
2880,華南金,10,0,10,凱基-岡山,2024-01-03,9209
6005,群益證,10,0,10,凱基-岡山,2024-01-03,9209
6164,華興,10,0,10,凱基-岡山,2024-01-03,9209
2882,國泰金,9,0,9,凱基-岡山,2024-01-03,9209
00706L,期元大S＆P日圓正2,9,0,9,凱基-岡山,2024-01-03,9209
6129,普誠,9,0,9,凱基-岡山,2024-01-03,9209
3231,緯創,11,3,8,凱基-岡山,2024-01-03,9209
2890,永豐金,8,0,8,凱基-岡山,2024-01-03,9209
4527,方土霖,8,0,8,凱基-岡山,2024-01-03,9209
00713,元大台灣高息低波,7,0,7,凱基-岡山,2024-01-03,9209
00882,中信中國高股息,7,0,7,凱基-岡山,2024-01-03,9209
00680L,元大美債20正2,7,0,7,凱基-岡山,2024-01-03,9209
2888,新光金,281,0,281,凱基-岡山,2024-01-04,9209
00929,復華台灣科技優息,67,0,67,凱基-岡山,2024-01-04,9209
00937B,群益ESG投等債20,59,0,59,凱基-岡山,2024-01-04,9209
2618,長榮航,68,9,59,凱基-岡山,2024-01-04,9209
1609,大亞,50,0,50,凱基-岡山,2024-01-04,9209
4915,致伸,46,4,42,凱基-岡山,2024-01-04,9209
00680L,元大美債20正2,33,0,33,凱基-岡山,2024-01-04,9209
2399,映泰,23,0,23,凱基-岡山,2024-01-04,9209
00933B,國泰10Y+金融債,37,15,22,凱基-岡山,2024-01-04,9209
2867,三商壽,22,0,22,凱基-岡山,2024-01-04,9209
1213,大飲,20,0,20,凱基-岡山,2024-01-04,9209
2836A,高雄銀甲特,20,0,20,凱基-岡山,2024-01-04,9209
8936,國統,37,18,19,凱基-岡山,2024-01-04,9209
00712,復華富時不動產,18,0,18,凱基-岡山,2024-01-04,9209
6770,力積電,18,0,18,凱基-岡山,2024-01-04,9209
2882,國泰金,18,0,18,凱基-岡山,2024-01-04,9209
00632R,元大台灣50反1,20,4,16,凱基-岡山,2024-01-04,9209
6488,環球晶,15,0,15,凱基-岡山,2024-01-04,9209
2454,聯發科,14,1,13,凱基-岡山,2024-01-04,9209
00927,群益半導體收益,12,0,12,凱基-岡山,2024-01-04,9209
00751B,元大AAA至A公司債,11,0,11,凱基-岡山,2024-01-04,9209
00673R,期元大S＆P原油反1,10,0,10,凱基-岡山,2024-01-04,9209
00664R,國泰臺灣加權反1,10,0,10,凱基-岡山,2024-01-04,9209
00635U,期元大S＆P黃金,10,0,10,凱基-岡山,2024-01-04,9209
1612,宏泰,10,0,10,凱基-岡山,2024-01-04,9209
2481,強茂,10,0,10,凱基-岡山,2024-01-04,9209
8110,華東,10,0,10,凱基-岡山,2024-01-04,9209
1795,美時,10,0,10,凱基-岡山,2024-01-04,9209
2024,志聯,9,0,9,凱基-岡山,2024-01-04,9209
00878,國泰永續高股息,11,3,8,凱基-岡山,2024-01-04,9209
2027,大成鋼,8,0,8,凱基-岡山,2024-01-04,9209
5521,工信,65,57,8,凱基-岡山,2024-01-04,9209
00725B,國泰投資級公司債,7,0,7,凱基-岡山,2024-01-04,9209
2324,仁寶,12,5,7,凱基-岡山,2024-01-04,9209
3260,威剛,15,8,7,凱基-岡山,2024-01-04,9209
3596,智易,7,0,7,凱基-岡山,2024-01-04,9209
00919,群益台灣精選高息,14,7,7,凱基-岡山,2024-01-04,9209
2356,英業達,7,1,6,凱基-岡山,2024-01-04,9209
3264,欣銓,6,0,6,凱基-岡山,2024-01-04,9209
2606,裕民,11,5,6,凱基-岡山,2024-01-04,9209
2392,正崴,16,11,5,凱基-岡山,2024-01-04,9209
4743,合一,5,0,5,凱基-岡山,2024-01-04,9209
00687B,國泰20年美債,5,0,5,凱基-岡山,2024-01-04,9209
1582,信錦,5,0,5,凱基-岡山,2024-01-04,9209
2236,百達-KY,5,0,5,凱基-岡山,2024-01-04,9209
2362,藍天,6,1,5,凱基-岡山,2024-01-04,9209
2611,志信,6,1,5,凱基-岡山,2024-01-04,9209
2612,中航,7,2,5,凱基-岡山,2024-01-04,9209
2915,潤泰全,5,0,5,凱基-岡山,2024-01-04,9209
3022,威強電,5,0,5,凱基-岡山,2024-01-04,9209
2618,長榮航,158,22,136,凱基-岡山,2024-01-05,9209
00929,復華台灣科技優息,109,2,107,凱基-岡山,2024-01-05,9209
1609,大亞,60,0,60,凱基-岡山,2024-01-05,9209
3231,緯創,46,1,45,凱基-岡山,2024-01-05,9209
00680L,元大美債20正2,45,0,45,凱基-岡山,2024-01-05,9209
00933B,國泰10Y+金融債,46,3,43,凱基-岡山,2024-01-05,9209
3481,群創,146,111,35,凱基-岡山,2024-01-05,9209
00937B,群益ESG投等債20,43,10,33,凱基-岡山,2024-01-05,9209
00679B,元大美債20年,52,22,30,凱基-岡山,2024-01-05,9209
00688L,國泰20年美債正2,32,6,26,凱基-岡山,2024-01-05,9209
00673R,期元大S＆P原油反1,25,0,25,凱基-岡山,2024-01-05,9209
2486,一詮,26,5,21,凱基-岡山,2024-01-05,9209
1314,中石化,20,1,19,凱基-岡山,2024-01-05,9209
5347,世界,20,1,19,凱基-岡山,2024-01-05,9209
00770,國泰北美科技,17,0,17,凱基-岡山,2024-01-05,9209
4939,亞電,13,0,13,凱基-岡山,2024-01-05,9209
5864,致和證,11,0,11,凱基-岡山,2024-01-05,9209
00878,國泰永續高股息,10,0,10,凱基-岡山,2024-01-05,9209
00664R,國泰臺灣加權反1,10,0,10,凱基-岡山,2024-01-05,9209
00632R,元大台灣50反1,10,0,10,凱基-岡山,2024-01-05,9209
1605,華新,12,2,10,凱基-岡山,2024-01-05,9209
4162,智擎,11,1,10,凱基-岡山,2024-01-05,9209
2515,中工,10,1,9,凱基-岡山,2024-01-05,9209
00725B,國泰投資級公司債,11,3,8,凱基-岡山,2024-01-05,9209
3037,欣興,8,0,8,凱基-岡山,2024-01-05,9209
4746,台耀,8,0,8,凱基-岡山,2024-01-05,9209
8112,至上,9,1,8,凱基-岡山,2024-01-05,9209
6140,訊達,8,1,7,凱基-岡山,2024-01-05,9209
2889,國票金,11,5,6,凱基-岡山,2024-01-05,9209
00687B,國泰20年美債,10,4,6,凱基-岡山,2024-01-05,9209
00932,兆豐永續高息等權,6,0,6,凱基-岡山,2024-01-05,9209
1536,和大,6,0,6,凱基-岡山,2024-01-05,9209
2324,仁寶,10,4,6,凱基-岡山,2024-01-05,9209
2344,華邦電,18,12,6,凱基-岡山,2024-01-05,9209
2890,永豐金,6,0,6,凱基-岡山,2024-01-05,9209
2024,志聯,5,0,5,凱基-岡山,2024-01-05,9209
2444,兆勁,5,0,5,凱基-岡山,2024-01-05,9209
2481,強茂,5,0,5,凱基-岡山,2024-01-05,9209
2488,漢平,5,0,5,凱基-岡山,2024-01-05,9209
3607,谷崧,5,0,5,凱基-岡山,2024-01-05,9209
4130,健亞,5,0,5,凱基-岡山,2024-01-05,9209
5225,東科-KY,9,4,5,凱基-岡山,2024-01-05,9209
6282,康舒,5,0,5,凱基-岡山,2024-01-05,9209
00919,群益台灣精選高息,9,4,5,凱基-岡山,2024-01-05,9209
2330,台積電,5,1,4,凱基-岡山,2024-01-05,9209
00936,台新永續高息中小,4,0,4,凱基-岡山,2024-01-05,9209
00927,群益半導體收益,4,0,4,凱基-岡山,2024-01-05,9209
00930,永豐ESG低碳高息,4,0,4,凱基-岡山,2024-01-05,9209
2007,燁興,5,1,4,凱基-岡山,2024-01-05,9209
2323,中環,4,0,4,凱基-岡山,2024-01-05,9209
00665L,富邦�琤肭磪囓�2,400,0,400,凱基-岡山,2024-01-08,9209
00673R,期元大S＆P原油反1,105,0,105,凱基-岡山,2024-01-08,9209
2603,長榮,56,13,43,凱基-岡山,2024-01-08,9209
00929,復華台灣科技優息,43,6,37,凱基-岡山,2024-01-08,9209
00688L,國泰20年美債正2,34,0,34,凱基-岡山,2024-01-08,9209
5457,宣德,34,0,34,凱基-岡山,2024-01-08,9209
2353,宏��,72,43,29,凱基-岡山,2024-01-08,9209
1815,富喬,27,0,27,凱基-岡山,2024-01-08,9209
6770,力積電,28,3,25,凱基-岡山,2024-01-08,9209
2489,瑞軒,29,4,25,凱基-岡山,2024-01-08,9209
2609,陽明,35,14,21,凱基-岡山,2024-01-08,9209
00632R,元大台灣50反1,20,0,20,凱基-岡山,2024-01-08,9209
3437,榮創,20,0,20,凱基-岡山,2024-01-08,9209
2303,聯電,17,3,14,凱基-岡山,2024-01-08,9209
00687B,國泰20年美債,14,1,13,凱基-岡山,2024-01-08,9209
00931B,統一美債20年,13,0,13,凱基-岡山,2024-01-08,9209
7402,邑錡,13,0,13,凱基-岡山,2024-01-08,9209
8096,擎亞,23,10,13,凱基-岡山,2024-01-08,9209
00933B,國泰10Y+金融債,12,0,12,凱基-岡山,2024-01-08,9209
5426,振發,12,0,12,凱基-岡山,2024-01-08,9209
00725B,國泰投資級公司債,11,0,11,凱基-岡山,2024-01-08,9209
00680L,元大美債20正2,11,0,11,凱基-岡山,2024-01-08,9209
00927,群益半導體收益,10,0,10,凱基-岡山,2024-01-08,9209
00664R,國泰臺灣加權反1,10,0,10,凱基-岡山,2024-01-08,9209
00753L,中信中國50正2,10,0,10,凱基-岡山,2024-01-08,9209
2442,新美齊,10,0,10,凱基-岡山,2024-01-08,9209
5309,系統電,12,3,9,凱基-岡山,2024-01-08,9209
2392,正崴,10,2,8,凱基-岡山,2024-01-08,9209
2399,映泰,8,0,8,凱基-岡山,2024-01-08,9209
6182,合晶,10,2,8,凱基-岡山,2024-01-08,9209
2486,一詮,13,6,7,凱基-岡山,2024-01-08,9209
00881,國泰台灣5G+,11,4,7,凱基-岡山,2024-01-08,9209
2606,裕民,8,1,7,凱基-岡山,2024-01-08,9209
2867,三商壽,8,1,7,凱基-岡山,2024-01-08,9209
5521,工信,7,0,7,凱基-岡山,2024-01-08,9209
2236,百達-KY,6,0,6,凱基-岡山,2024-01-08,9209
4162,智擎,6,0,6,凱基-岡山,2024-01-08,9209
00937B,群益ESG投等債20,6,0,6,凱基-岡山,2024-01-08,9209
1449,佳和,10,5,5,凱基-岡山,2024-01-08,9209
1582,信錦,5,0,5,凱基-岡山,2024-01-08,9209
2009,第一銅,5,0,5,凱基-岡山,2024-01-08,9209
2890,永豐金,9,4,5,凱基-岡山,2024-01-08,9209
4142,國光生,5,0,5,凱基-岡山,2024-01-08,9209
2634,漢翔,4,0,4,凱基-岡山,2024-01-08,9209
00683L,期元大美元指正2,4,0,4,凱基-岡山,2024-01-08,9209
1316,上曜,21,17,4,凱基-岡山,2024-01-08,9209
1442,名軒,4,0,4,凱基-岡山,2024-01-08,9209
3062,建漢,4,0,4,凱基-岡山,2024-01-08,9209
4306,炎洲,4,0,4,凱基-岡山,2024-01-08,9209
4746,台耀,4,0,4,凱基-岡山,2024-01-08,9209
2888,新光金,200,0,200,凱基-岡山,2024-01-09,9209
00937B,群益ESG投等債20,86,10,76,凱基-岡山,2024-01-09,9209
00919,群益台灣精選高息,72,3,69,凱基-岡山,2024-01-09,9209
2609,陽明,80,12,68,凱基-岡山,2024-01-09,9209
00931B,統一美債20年,51,11,40,凱基-岡山,2024-01-09,9209
00929,復華台灣科技優息,44,8,36,凱基-岡山,2024-01-09,9209
1314,中石化,32,0,32,凱基-岡山,2024-01-09,9209
2606,裕民,28,1,27,凱基-岡山,2024-01-09,9209
6120,達運,28,1,27,凱基-岡山,2024-01-09,9209
00715L,期街口布蘭特正2,21,0,21,凱基-岡山,2024-01-09,9209
1718,中纖,19,0,19,凱基-岡山,2024-01-09,9209
3581,博磊,16,0,16,凱基-岡山,2024-01-09,9209
6244,茂迪,25,9,16,凱基-岡山,2024-01-09,9209
1304,台聚,15,0,15,凱基-岡山,2024-01-09,9209
00680L,元大美債20正2,15,0,15,凱基-岡山,2024-01-09,9209
2002,中鋼,19,4,15,凱基-岡山,2024-01-09,9209
2014,中鴻,55,40,15,凱基-岡山,2024-01-09,9209
2024,志聯,15,0,15,凱基-岡山,2024-01-09,9209
2303,聯電,20,5,15,凱基-岡山,2024-01-09,9209
2356,英業達,26,11,15,凱基-岡山,2024-01-09,9209
2615,萬海,14,0,14,凱基-岡山,2024-01-09,9209
0056,元大高股息,19,5,14,凱基-岡山,2024-01-09,9209
5521,工信,13,0,13,凱基-岡山,2024-01-09,9209
3051,力特,13,0,13,凱基-岡山,2024-01-09,9209
3437,榮創,13,1,12,凱基-岡山,2024-01-09,9209
6176,瑞儀,13,1,12,凱基-岡山,2024-01-09,9209
00679B,元大美債20年,11,0,11,凱基-岡山,2024-01-09,9209
1325,恆大,10,0,10,凱基-岡山,2024-01-09,9209
00935,野村臺灣新科技50,10,0,10,凱基-岡山,2024-01-09,9209
00900,富邦特選高股息30,10,0,10,凱基-岡山,2024-01-09,9209
00632R,元大台灣50反1,10,0,10,凱基-岡山,2024-01-09,9209
00642U,期元大S＆P石油,10,0,10,凱基-岡山,2024-01-09,9209
2911,麗嬰房,10,0,10,凱基-岡山,2024-01-09,9209
3014,聯陽,9,0,9,凱基-岡山,2024-01-09,9209
6282,康舒,10,1,9,凱基-岡山,2024-01-09,9209
00687B,國泰20年美債,8,0,8,凱基-岡山,2024-01-09,9209
2201,裕隆,9,1,8,凱基-岡山,2024-01-09,9209
2324,仁寶,34,26,8,凱基-岡山,2024-01-09,9209
3260,威剛,9,1,8,凱基-岡山,2024-01-09,9209
6005,群益證,10,2,8,凱基-岡山,2024-01-09,9209
2329,華泰,12,5,7,凱基-岡山,2024-01-09,9209
2605,新興,6,0,6,凱基-岡山,2024-01-09,9209
3317,尼克森,7,1,6,凱基-岡山,2024-01-09,9209
8426,紅木-KY,6,0,6,凱基-岡山,2024-01-09,9209
00878,國泰永續高股息,8,3,5,凱基-岡山,2024-01-09,9209
6182,合晶,7,2,5,凱基-岡山,2024-01-09,9209
00795B,中信美國公債20年,5,0,5,凱基-岡山,2024-01-09,9209
00882,中信中國高股息,5,0,5,凱基-岡山,2024-01-09,9209
1608,華榮,5,0,5,凱基-岡山,2024-01-09,9209
2369,菱生,5,0,5,凱基-岡山,2024-01-09,9209
00929,復華台灣科技優息,87,24,63,凱基-岡山,2024-01-10,9209
00919,群益台灣精選高息,38,2,36,凱基-岡山,2024-01-10,9209
2353,宏��,72,41,31,凱基-岡山,2024-01-10,9209
1314,中石化,29,0,29,凱基-岡山,2024-01-10,9209
2481,強茂,29,0,29,凱基-岡山,2024-01-10,9209
4581,光隆精密-KY,27,0,27,凱基-岡山,2024-01-10,9209
2101,南港,23,0,23,凱基-岡山,2024-01-10,9209
00751B,元大AAA至A公司債,19,0,19,凱基-岡山,2024-01-10,9209
1707,葡萄王,18,0,18,凱基-岡山,2024-01-10,9209
2356,英業達,39,22,17,凱基-岡山,2024-01-10,9209
00881,國泰台灣5G+,19,2,17,凱基-岡山,2024-01-10,9209
00680L,元大美債20正2,13,0,13,凱基-岡山,2024-01-10,9209
00673R,期元大S＆P原油反1,16,3,13,凱基-岡山,2024-01-10,9209
00878,國泰永續高股息,18,5,13,凱基-岡山,2024-01-10,9209
2344,華邦電,26,13,13,凱基-岡山,2024-01-10,9209
2312,金寶,12,0,12,凱基-岡山,2024-01-10,9209
2883,凱基金,13,1,12,凱基-岡山,2024-01-10,9209
2867,三商壽,12,1,11,凱基-岡山,2024-01-10,9209
00885,富邦越南,10,0,10,凱基-岡山,2024-01-10,9209
00671R,富邦NASDAQ反1,10,0,10,凱基-岡山,2024-01-10,9209
00712,復華富時不動產,10,0,10,凱基-岡山,2024-01-10,9209
9105,泰金寶-DR,10,0,10,凱基-岡山,2024-01-10,9209
2324,仁寶,16,7,9,凱基-岡山,2024-01-10,9209
2630,亞航,12,3,9,凱基-岡山,2024-01-10,9209
5347,世界,10,1,9,凱基-岡山,2024-01-10,9209
8110,華東,13,4,9,凱基-岡山,2024-01-10,9209
2409,友達,18,10,8,凱基-岡山,2024-01-10,9209
2515,中工,8,0,8,凱基-岡山,2024-01-10,9209
3006,晶豪科,8,0,8,凱基-岡山,2024-01-10,9209
3588,通嘉,9,1,8,凱基-岡山,2024-01-10,9209
5309,系統電,11,3,8,凱基-岡山,2024-01-10,9209
2606,裕民,7,0,7,凱基-岡山,2024-01-10,9209
2615,萬海,8,1,7,凱基-岡山,2024-01-10,9209
4979,華星光,17,10,7,凱基-岡山,2024-01-10,9209
00935,野村臺灣新科技50,6,0,6,凱基-岡山,2024-01-10,9209
00933B,國泰10Y+金融債,7,1,6,凱基-岡山,2024-01-10,9209
00679B,元大美債20年,6,0,6,凱基-岡山,2024-01-10,9209
2009,第一銅,6,0,6,凱基-岡山,2024-01-10,9209
2636,台驊控股,6,0,6,凱基-岡山,2024-01-10,9209
00720B,元大投資級公司債,5,0,5,凱基-岡山,2024-01-10,9209
00888,永豐台灣ESG,5,0,5,凱基-岡山,2024-01-10,9209
1905,華紙,5,0,5,凱基-岡山,2024-01-10,9209
1909,榮成,5,0,5,凱基-岡山,2024-01-10,9209
2014,中鴻,42,37,5,凱基-岡山,2024-01-10,9209
2634,漢翔,8,3,5,凱基-岡山,2024-01-10,9209
2885,元大金,6,1,5,凱基-岡山,2024-01-10,9209
3088,艾訊,5,0,5,凱基-岡山,2024-01-10,9209
5439,高技,5,0,5,凱基-岡山,2024-01-10,9209
9927,泰銘,5,0,5,凱基-岡山,2024-01-10,9209
6182,合晶,4,0,4,凱基-岡山,2024-01-10,9209
8096,擎亞,71,9,62,凱基-岡山,2024-01-11,9209
2618,長榮航,50,4,46,凱基-岡山,2024-01-11,9209
00933B,國泰10Y+金融債,41,0,41,凱基-岡山,2024-01-11,9209
4527,方土霖,33,0,33,凱基-岡山,2024-01-11,9209
00688L,國泰20年美債正2,30,0,30,凱基-岡山,2024-01-11,9209
00673R,期元大S＆P原油反1,70,40,30,凱基-岡山,2024-01-11,9209
00632R,元大台灣50反1,25,0,25,凱基-岡山,2024-01-11,9209
00929,復華台灣科技優息,24,3,21,凱基-岡山,2024-01-11,9209
2882,國泰金,21,0,21,凱基-岡山,2024-01-11,9209
00919,群益台灣精選高息,25,6,19,凱基-岡山,2024-01-11,9209
3260,威剛,17,0,17,凱基-岡山,2024-01-11,9209
6613,朋億*,16,0,16,凱基-岡山,2024-01-11,9209
2486,一詮,14,0,14,凱基-岡山,2024-01-11,9209
5443,均豪,14,0,14,凱基-岡山,2024-01-11,9209
2329,華泰,39,25,14,凱基-岡山,2024-01-11,9209
2409,友達,115,102,13,凱基-岡山,2024-01-11,9209
6488,環球晶,12,0,12,凱基-岡山,2024-01-11,9209
5426,振發,22,11,11,凱基-岡山,2024-01-11,9209
8936,國統,11,0,11,凱基-岡山,2024-01-11,9209
3481,群創,119,108,11,凱基-岡山,2024-01-11,9209
1503,士電,10,0,10,凱基-岡山,2024-01-11,9209
00896,中信綠能及電動車,10,0,10,凱基-岡山,2024-01-11,9209
00671R,富邦NASDAQ反1,10,0,10,凱基-岡山,2024-01-11,9209
00664R,國泰臺灣加權反1,10,0,10,凱基-岡山,2024-01-11,9209
00637L,元大滬深300正2,10,0,10,凱基-岡山,2024-01-11,9209
2027,大成鋼,10,0,10,凱基-岡山,2024-01-11,9209
9904,寶成,10,0,10,凱基-岡山,2024-01-11,9209
00934,中信成長高股息,10,1,9,凱基-岡山,2024-01-11,9209
2353,宏��,23,14,9,凱基-岡山,2024-01-11,9209
00687B,國泰20年美債,10,2,8,凱基-岡山,2024-01-11,9209
3033,威健,9,1,8,凱基-岡山,2024-01-11,9209
3052,夆典,8,0,8,凱基-岡山,2024-01-11,9209
3390,旭軟,8,0,8,凱基-岡山,2024-01-11,9209
1301,台塑,7,0,7,凱基-岡山,2024-01-11,9209
00937B,群益ESG投等債20,7,0,7,凱基-岡山,2024-01-11,9209
2303,聯電,6,0,6,凱基-岡山,2024-01-11,9209
00679B,元大美債20年,6,0,6,凱基-岡山,2024-01-11,9209
8085,福華,7,1,6,凱基-岡山,2024-01-11,9209
2449,京元電子,5,0,5,凱基-岡山,2024-01-11,9209
00898,國泰基因免疫革命,5,0,5,凱基-岡山,2024-01-11,9209
006208,富邦台50,5,0,5,凱基-岡山,2024-01-11,9209
2236,百達-KY,5,0,5,凱基-岡山,2024-01-11,9209
3711,日月光投控,5,0,5,凱基-岡山,2024-01-11,9209
4142,國光生,5,0,5,凱基-岡山,2024-01-11,9209
4707,磐亞,5,0,5,凱基-岡山,2024-01-11,9209
6438,迅得,5,0,5,凱基-岡山,2024-01-11,9209
9927,泰銘,5,0,5,凱基-岡山,2024-01-11,9209
8033,雷虎,5,0,5,凱基-岡山,2024-01-11,9209
2317,鴻海,4,0,4,凱基-岡山,2024-01-11,9209
00715L,期街口布蘭特正2,4,0,4,凱基-岡山,2024-01-11,9209
2409,友達,243,0,243,凱基-岡山,2024-01-12,9209
00929,復華台灣科技優息,130,11,119,凱基-岡山,2024-01-12,9209
00933B,國泰10Y+金融債,111,0,111,凱基-岡山,2024-01-12,9209
2610,華航,104,1,103,凱基-岡山,2024-01-12,9209
00720B,元大投資級公司債,101,1,100,凱基-岡山,2024-01-12,9209
3548,兆利,37,1,36,凱基-岡山,2024-01-12,9209
2425,承啟,35,0,35,凱基-岡山,2024-01-12,9209
8096,擎亞,88,54,34,凱基-岡山,2024-01-12,9209
2352,佳世達,35,2,33,凱基-岡山,2024-01-12,9209
2344,華邦電,28,0,28,凱基-岡山,2024-01-12,9209
3362,先進光,33,6,27,凱基-岡山,2024-01-12,9209
00935,野村臺灣新科技50,20,0,20,凱基-岡山,2024-01-12,9209
2208,台船,37,19,18,凱基-岡山,2024-01-12,9209
5351,鈺創,18,0,18,凱基-岡山,2024-01-12,9209
00753L,中信中國50正2,15,0,15,凱基-岡山,2024-01-12,9209
00673R,期元大S＆P原油反1,15,0,15,凱基-岡山,2024-01-12,9209
2024,志聯,15,0,15,凱基-岡山,2024-01-12,9209
00927,群益半導體收益,15,0,15,凱基-岡山,2024-01-12,9209
00687B,國泰20年美債,14,0,14,凱基-岡山,2024-01-12,9209
2867,三商壽,13,0,13,凱基-岡山,2024-01-12,9209
2618,長榮航,17,5,12,凱基-岡山,2024-01-12,9209
2884,玉山金,12,0,12,凱基-岡山,2024-01-12,9209
6517,保勝光學,13,1,12,凱基-岡山,2024-01-12,9209
1471,首利,11,0,11,凱基-岡山,2024-01-12,9209
00930,永豐ESG低碳高息,10,0,10,凱基-岡山,2024-01-12,9209
1326,台化,10,0,10,凱基-岡山,2024-01-12,9209
2355,敬鵬,10,0,10,凱基-岡山,2024-01-12,9209
2888,新光金,22,12,10,凱基-岡山,2024-01-12,9209
3078,僑威,13,3,10,凱基-岡山,2024-01-12,9209
3689,湧德,10,0,10,凱基-岡山,2024-01-12,9209
8176,智捷,10,0,10,凱基-岡山,2024-01-12,9209
00679B,元大美債20年,9,0,9,凱基-岡山,2024-01-12,9209
2481,強茂,11,3,8,凱基-岡山,2024-01-12,9209
1795,美時,7,0,7,凱基-岡山,2024-01-12,9209
3217,優群,7,0,7,凱基-岡山,2024-01-12,9209
5426,振發,19,12,7,凱基-岡山,2024-01-12,9209
6148,驊宏資,7,0,7,凱基-岡山,2024-01-12,9209
00878,國泰永續高股息,7,0,7,凱基-岡山,2024-01-12,9209
4527,方土霖,6,0,6,凱基-岡山,2024-01-12,9209
4903,聯光通,6,0,6,凱基-岡山,2024-01-12,9209
00896,中信綠能及電動車,5,0,5,凱基-岡山,2024-01-12,9209
1582,信錦,5,0,5,凱基-岡山,2024-01-12,9209
2236,百達-KY,5,0,5,凱基-岡山,2024-01-12,9209
2882,國泰金,5,0,5,凱基-岡山,2024-01-12,9209
3260,威剛,6,1,5,凱基-岡山,2024-01-12,9209
3450,聯鈞,7,2,5,凱基-岡山,2024-01-12,9209
3576,聯合再生,5,0,5,凱基-岡山,2024-01-12,9209
4581,光隆精密-KY,5,0,5,凱基-岡山,2024-01-12,9209
00898,國泰基因免疫革命,7,3,4,凱基-岡山,2024-01-12,9209
2031,新光鋼,6,2,4,凱基-岡山,2024-01-12,9209
00933B,國泰10Y+金融債,155,0,155,凱基-岡山,2024-01-15,9209
2888,新光金,207,100,107,凱基-岡山,2024-01-15,9209
00927,群益半導體收益,111,11,100,凱基-岡山,2024-01-15,9209
00632R,元大台灣50反1,95,2,93,凱基-岡山,2024-01-15,9209
00929,復華台灣科技優息,70,13,57,凱基-岡山,2024-01-15,9209
00671R,富邦NASDAQ反1,50,0,50,凱基-岡山,2024-01-15,9209
8096,擎亞,118,77,41,凱基-岡山,2024-01-15,9209
00650L,復華香港正2,40,0,40,凱基-岡山,2024-01-15,9209
2618,長榮航,40,0,40,凱基-岡山,2024-01-15,9209
8086,宏捷科,30,1,29,凱基-岡山,2024-01-15,9209
2024,志聯,22,0,22,凱基-岡山,2024-01-15,9209
2610,華航,22,2,20,凱基-岡山,2024-01-15,9209
2409,友達,22,3,19,凱基-岡山,2024-01-15,9209
3231,緯創,66,48,18,凱基-岡山,2024-01-15,9209
0056,元大高股息,14,0,14,凱基-岡山,2024-01-15,9209
00919,群益台灣精選高息,25,11,14,凱基-岡山,2024-01-15,9209
2353,宏��,25,11,14,凱基-岡山,2024-01-15,9209
2208,台船,14,1,13,凱基-岡山,2024-01-15,9209
1314,中石化,12,0,12,凱基-岡山,2024-01-15,9209
2356,英業達,14,3,11,凱基-岡山,2024-01-15,9209
00900,富邦特選高股息30,11,1,10,凱基-岡山,2024-01-15,9209
00665L,富邦�琤肭磪囓�2,10,0,10,凱基-岡山,2024-01-15,9209
00664R,國泰臺灣加權反1,10,0,10,凱基-岡山,2024-01-15,9209
2637,慧洋-KY,10,0,10,凱基-岡山,2024-01-15,9209
2882,國泰金,9,0,9,凱基-岡山,2024-01-15,9209
3588,通嘉,8,0,8,凱基-岡山,2024-01-15,9209
00680L,元大美債20正2,7,0,7,凱基-岡山,2024-01-15,9209
00725B,國泰投資級公司債,7,0,7,凱基-岡山,2024-01-15,9209
2382,廣達,11,4,7,凱基-岡山,2024-01-15,9209
3481,群創,22,16,6,凱基-岡山,2024-01-15,9209
00715L,期街口布蘭特正2,6,0,6,凱基-岡山,2024-01-15,9209
00898,國泰基因免疫革命,9,3,6,凱基-岡山,2024-01-15,9209
1310,台苯,6,0,6,凱基-岡山,2024-01-15,9209
3017,奇鋐,12,6,6,凱基-岡山,2024-01-15,9209
2317,鴻海,5,0,5,凱基-岡山,2024-01-15,9209
2883,凱基金,5,0,5,凱基-岡山,2024-01-15,9209
00930,永豐ESG低碳高息,5,0,5,凱基-岡山,2024-01-15,9209
1532,勤美,5,0,5,凱基-岡山,2024-01-15,9209
2362,藍天,5,0,5,凱基-岡山,2024-01-15,9209
2630,亞航,6,1,5,凱基-岡山,2024-01-15,9209
2748,雲品,5,0,5,凱基-岡山,2024-01-15,9209
3014,聯陽,5,0,5,凱基-岡山,2024-01-15,9209
3363,上詮,5,0,5,凱基-岡山,2024-01-15,9209
6538,倉和,5,0,5,凱基-岡山,2024-01-15,9209
00891,中信關鍵半導體,6,2,4,凱基-岡山,2024-01-15,9209
2330,台積電,7,3,4,凱基-岡山,2024-01-15,9209
2634,漢翔,14,10,4,凱基-岡山,2024-01-15,9209
8033,雷虎,4,0,4,凱基-岡山,2024-01-15,9209
00687B,國泰20年美債,15,11,4,凱基-岡山,2024-01-15,9209
2027,大成鋼,4,0,4,凱基-岡山,2024-01-15,9209
00933B,國泰10Y+金融債,208,1,207,凱基-岡山,2024-01-16,9209
2883,凱基金,356,200,156,凱基-岡山,2024-01-16,9209
0056,元大高股息,105,0,105,凱基-岡山,2024-01-16,9209
1907,永豐餘,100,0,100,凱基-岡山,2024-01-16,9209
3481,群創,96,31,65,凱基-岡山,2024-01-16,9209
00929,復華台灣科技優息,78,16,62,凱基-岡山,2024-01-16,9209
8092,建暐,55,5,50,凱基-岡山,2024-01-16,9209
2486,一詮,56,14,42,凱基-岡山,2024-01-16,9209
2024,志聯,39,0,39,凱基-岡山,2024-01-16,9209
1301,台塑,31,0,31,凱基-岡山,2024-01-16,9209
2611,志信,30,0,30,凱基-岡山,2024-01-16,9209
4188,安克,30,0,30,凱基-岡山,2024-01-16,9209
1101,台泥,28,0,28,凱基-岡山,2024-01-16,9209
00927,群益半導體收益,26,0,26,凱基-岡山,2024-01-16,9209
00935,野村臺灣新科技50,24,0,24,凱基-岡山,2024-01-16,9209
00878,國泰永續高股息,36,13,23,凱基-岡山,2024-01-16,9209
8096,擎亞,136,115,21,凱基-岡山,2024-01-16,9209
2887,台新金,21,1,20,凱基-岡山,2024-01-16,9209
2353,宏��,23,5,18,凱基-岡山,2024-01-16,9209
00919,群益台灣精選高息,26,9,17,凱基-岡山,2024-01-16,9209
1326,台化,17,0,17,凱基-岡山,2024-01-16,9209
00922,國泰台灣領袖50,13,0,13,凱基-岡山,2024-01-16,9209
2880,華南金,13,0,13,凱基-岡山,2024-01-16,9209
2344,華邦電,19,7,12,凱基-岡山,2024-01-16,9209
2609,陽明,28,16,12,凱基-岡山,2024-01-16,9209
2610,華航,13,1,12,凱基-岡山,2024-01-16,9209
2618,長榮航,12,0,12,凱基-岡山,2024-01-16,9209
1316,上曜,29,18,11,凱基-岡山,2024-01-16,9209
5608,四維航,11,0,11,凱基-岡山,2024-01-16,9209
2882,國泰金,10,0,10,凱基-岡山,2024-01-16,9209
00665L,富邦�琤肭磪囓�2,10,0,10,凱基-岡山,2024-01-16,9209
3264,欣銓,14,4,10,凱基-岡山,2024-01-16,9209
6443,元晶,10,0,10,凱基-岡山,2024-01-16,9209
9105,泰金寶-DR,10,0,10,凱基-岡山,2024-01-16,9209
0050,元大台灣50,9,0,9,凱基-岡山,2024-01-16,9209
2002,中鋼,12,4,8,凱基-岡山,2024-01-16,9209
00937B,群益ESG投等債20,8,0,8,凱基-岡山,2024-01-16,9209
2208,台船,9,1,8,凱基-岡山,2024-01-16,9209
3033,威健,8,0,8,凱基-岡山,2024-01-16,9209
4532,瑞智,8,0,8,凱基-岡山,2024-01-16,9209
2885,元大金,7,0,7,凱基-岡山,2024-01-16,9209
00679B,元大美債20年,10,3,7,凱基-岡山,2024-01-16,9209
00918,大華優利高填息30,7,0,7,凱基-岡山,2024-01-16,9209
00688L,國泰20年美債正2,30,23,7,凱基-岡山,2024-01-16,9209
2007,燁興,8,1,7,凱基-岡山,2024-01-16,9209
2014,中鴻,8,1,7,凱基-岡山,2024-01-16,9209
2434,統懋,7,0,7,凱基-岡山,2024-01-16,9209
2637,慧洋-KY,10,3,7,凱基-岡山,2024-01-16,9209
3094,聯傑,7,0,7,凱基-岡山,2024-01-16,9209
3447,展達,8,1,7,凱基-岡山,2024-01-16,9209
00929,復華台灣科技優息,152,8,144,凱基-岡山,2024-01-17,9209
00671R,富邦NASDAQ反1,110,0,110,凱基-岡山,2024-01-17,9209
3321,同泰,100,3,97,凱基-岡山,2024-01-17,9209
2883,凱基金,192,100,92,凱基-岡山,2024-01-17,9209
00919,群益台灣精選高息,100,8,92,凱基-岡山,2024-01-17,9209
2303,聯電,75,2,73,凱基-岡山,2024-01-17,9209
1718,中纖,50,0,50,凱基-岡山,2024-01-17,9209
0056,元大高股息,44,0,44,凱基-岡山,2024-01-17,9209
00878,國泰永續高股息,58,20,38,凱基-岡山,2024-01-17,9209
2892,第一金,36,0,36,凱基-岡山,2024-01-17,9209
2329,華泰,33,2,31,凱基-岡山,2024-01-17,9209
2363,矽統,30,0,30,凱基-岡山,2024-01-17,9209
2344,華邦電,28,1,27,凱基-岡山,2024-01-17,9209
3260,威剛,28,3,25,凱基-岡山,2024-01-17,9209
5521,工信,22,0,22,凱基-岡山,2024-01-17,9209
3711,日月光投控,43,21,22,凱基-岡山,2024-01-17,9209
2882,國泰金,21,1,20,凱基-岡山,2024-01-17,9209
6005,群益證,19,0,19,凱基-岡山,2024-01-17,9209
3437,榮創,18,0,18,凱基-岡山,2024-01-17,9209
00922,國泰台灣領袖50,17,0,17,凱基-岡山,2024-01-17,9209
6213,聯茂,17,0,17,凱基-岡山,2024-01-17,9209
2880,華南金,16,0,16,凱基-岡山,2024-01-17,9209
2633,台灣高鐵,16,0,16,凱基-岡山,2024-01-17,9209
2027,大成鋼,16,0,16,凱基-岡山,2024-01-17,9209
2609,陽明,39,23,16,凱基-岡山,2024-01-17,9209
4581,光隆精密-KY,16,0,16,凱基-岡山,2024-01-17,9209
4960,誠美材,63,47,16,凱基-岡山,2024-01-17,9209
3078,僑威,15,0,15,凱基-岡山,2024-01-17,9209
6770,力積電,15,1,14,凱基-岡山,2024-01-17,9209
2024,志聯,14,1,13,凱基-岡山,2024-01-17,9209
00937B,群益ESG投等債20,12,0,12,凱基-岡山,2024-01-17,9209
2369,菱生,12,0,12,凱基-岡山,2024-01-17,9209
2374,佳能,12,0,12,凱基-岡山,2024-01-17,9209
7402,邑錡,12,0,12,凱基-岡山,2024-01-17,9209
8926,台汽電,12,0,12,凱基-岡山,2024-01-17,9209
00930,永豐ESG低碳高息,11,0,11,凱基-岡山,2024-01-17,9209
2103,台橡,11,0,11,凱基-岡山,2024-01-17,9209
8112,至上,14,3,11,凱基-岡山,2024-01-17,9209
2884,玉山金,11,0,11,凱基-岡山,2024-01-17,9209
1101,台泥,16,6,10,凱基-岡山,2024-01-17,9209
2886,兆豐金,10,0,10,凱基-岡山,2024-01-17,9209
1471,首利,10,0,10,凱基-岡山,2024-01-17,9209
2388,威盛,15,5,10,凱基-岡山,2024-01-17,9209
2867,三商壽,10,0,10,凱基-岡山,2024-01-17,9209
4527,方土霖,10,0,10,凱基-岡山,2024-01-17,9209
6243,迅杰,29,19,10,凱基-岡山,2024-01-17,9209
4529,淳紳,13,4,9,凱基-岡山,2024-01-17,9209
2208,台船,11,3,8,凱基-岡山,2024-01-17,9209
2888,新光金,8,0,8,凱基-岡山,2024-01-17,9209
6187,萬潤,31,23,8,凱基-岡山,2024-01-17,9209
00937B,群益ESG投等債20,209,15,194,凱基-岡山,2024-01-18,9209
2888,新光金,216,24,192,凱基-岡山,2024-01-18,9209
00632R,元大台灣50反1,262,104,158,凱基-岡山,2024-01-18,9209
4960,誠美材,167,68,99,凱基-岡山,2024-01-18,9209
00671R,富邦NASDAQ反1,70,0,70,凱基-岡山,2024-01-18,9209
00651R,復華香港反1,50,0,50,凱基-岡山,2024-01-18,9209
00650L,復華香港正2,40,0,40,凱基-岡山,2024-01-18,9209
00882,中信中國高股息,40,1,39,凱基-岡山,2024-01-18,9209
1609,大亞,30,0,30,凱基-岡山,2024-01-18,9209
3615,安可,30,0,30,凱基-岡山,2024-01-18,9209
2024,志聯,29,0,29,凱基-岡山,2024-01-18,9209
00919,群益台灣精選高息,26,0,26,凱基-岡山,2024-01-18,9209
00706L,期元大S＆P日圓正2,23,0,23,凱基-岡山,2024-01-18,9209
1301,台塑,22,0,22,凱基-岡山,2024-01-18,9209
2208,台船,21,0,21,凱基-岡山,2024-01-18,9209
2915,潤泰全,21,1,20,凱基-岡山,2024-01-18,9209
6770,力積電,17,0,17,凱基-岡山,2024-01-18,9209
2492,華新科,20,5,15,凱基-岡山,2024-01-18,9209
2460,建通,17,4,13,凱基-岡山,2024-01-18,9209
8034,榮群,15,2,13,凱基-岡山,2024-01-18,9209
00679B,元大美債20年,12,0,12,凱基-岡山,2024-01-18,9209
00881,國泰台灣5G+,10,0,10,凱基-岡山,2024-01-18,9209
3033,威健,12,2,10,凱基-岡山,2024-01-18,9209
6485,點序,10,0,10,凱基-岡山,2024-01-18,9209
00680L,元大美債20正2,9,0,9,凱基-岡山,2024-01-18,9209
2353,宏��,17,8,9,凱基-岡山,2024-01-18,9209
3530,晶相光,15,6,9,凱基-岡山,2024-01-18,9209
0056,元大高股息,15,7,8,凱基-岡山,2024-01-18,9209
00927,群益半導體收益,8,0,8,凱基-岡山,2024-01-18,9209
2882,國泰金,8,0,8,凱基-岡山,2024-01-18,9209
2885,元大金,8,0,8,凱基-岡山,2024-01-18,9209
2388,威盛,10,3,7,凱基-岡山,2024-01-18,9209
2425,承啟,7,0,7,凱基-岡山,2024-01-18,9209
2886,兆豐金,7,0,7,凱基-岡山,2024-01-18,9209
4979,華星光,19,12,7,凱基-岡山,2024-01-18,9209
8011,台通,9,2,7,凱基-岡山,2024-01-18,9209
2884,玉山金,7,1,6,凱基-岡山,2024-01-18,9209
2303,聯電,16,10,6,凱基-岡山,2024-01-18,9209
2382,廣達,7,1,6,凱基-岡山,2024-01-18,9209
00877,復華中國5G,6,0,6,凱基-岡山,2024-01-18,9209
00898,國泰基因免疫革命,6,0,6,凱基-岡山,2024-01-18,9209
2368,金像電,7,1,6,凱基-岡山,2024-01-18,9209
3490,單井,13,7,6,凱基-岡山,2024-01-18,9209
4746,台耀,8,2,6,凱基-岡山,2024-01-18,9209
4967,十銓,6,0,6,凱基-岡山,2024-01-18,9209
2883,凱基金,8,2,6,凱基-岡山,2024-01-18,9209
00878,國泰永續高股息,7,2,5,凱基-岡山,2024-01-18,9209
6182,合晶,9,4,5,凱基-岡山,2024-01-18,9209
00665L,富邦�琤肭磪囓�2,5,0,5,凱基-岡山,2024-01-18,9209
006205,富邦上証,5,0,5,凱基-岡山,2024-01-18,9209
00632R,元大台灣50反1,592,234,358,凱基-岡山,2024-01-19,9209
3481,群創,335,164,171,凱基-岡山,2024-01-19,9209
2618,長榮航,75,0,75,凱基-岡山,2024-01-19,9209
00664R,國泰臺灣加權反1,70,0,70,凱基-岡山,2024-01-19,9209
00654R,富邦印度反1,50,0,50,凱基-岡山,2024-01-19,9209
00651R,復華香港反1,50,0,50,凱基-岡山,2024-01-19,9209
00671R,富邦NASDAQ反1,50,0,50,凱基-岡山,2024-01-19,9209
3264,欣銓,46,0,46,凱基-岡山,2024-01-19,9209
00679B,元大美債20年,42,0,42,凱基-岡山,2024-01-19,9209
00882,中信中國高股息,32,0,32,凱基-岡山,2024-01-19,9209
00680L,元大美債20正2,32,3,29,凱基-岡山,2024-01-19,9209
00688L,國泰20年美債正2,30,4,26,凱基-岡山,2024-01-19,9209
00937B,群益ESG投等債20,33,10,23,凱基-岡山,2024-01-19,9209
2355,敬鵬,22,0,22,凱基-岡山,2024-01-19,9209
2353,宏��,27,7,20,凱基-岡山,2024-01-19,9209
00878,國泰永續高股息,37,18,19,凱基-岡山,2024-01-19,9209
1540,喬福,19,0,19,凱基-岡山,2024-01-19,9209
5521,工信,19,0,19,凱基-岡山,2024-01-19,9209
00933B,國泰10Y+金融債,14,0,14,凱基-岡山,2024-01-19,9209
4956,光鋐,88,74,14,凱基-岡山,2024-01-19,9209
2002,中鋼,24,11,13,凱基-岡山,2024-01-19,9209
00687B,國泰20年美債,16,3,13,凱基-岡山,2024-01-19,9209
2609,陽明,20,7,13,凱基-岡山,2024-01-19,9209
4527,方土霖,13,0,13,凱基-岡山,2024-01-19,9209
5439,高技,11,0,11,凱基-岡山,2024-01-19,9209
2486,一詮,25,15,10,凱基-岡山,2024-01-19,9209
2891,中信金,12,2,10,凱基-岡山,2024-01-19,9209
1101,台泥,9,0,9,凱基-岡山,2024-01-19,9209
1316,上曜,10,1,9,凱基-岡山,2024-01-19,9209
5426,振發,12,3,9,凱基-岡山,2024-01-19,9209
2308,台達電,8,1,7,凱基-岡山,2024-01-19,9209
1909,榮成,7,0,7,凱基-岡山,2024-01-19,9209
2457,飛宏,7,0,7,凱基-岡山,2024-01-19,9209
6191,精成科,8,1,7,凱基-岡山,2024-01-19,9209
00673R,期元大S＆P原油反1,6,0,6,凱基-岡山,2024-01-19,9209
1513,中興電,6,0,6,凱基-岡山,2024-01-19,9209
2024,志聯,6,0,6,凱基-岡山,2024-01-19,9209
2208,台船,6,0,6,凱基-岡山,2024-01-19,9209
2425,承啟,6,0,6,凱基-岡山,2024-01-19,9209
2615,萬海,8,2,6,凱基-岡山,2024-01-19,9209
3576,聯合再生,6,0,6,凱基-岡山,2024-01-19,9209
5009,榮剛,6,0,6,凱基-岡山,2024-01-19,9209
5871,中租-KY,6,0,6,凱基-岡山,2024-01-19,9209
6187,萬潤,14,8,6,凱基-岡山,2024-01-19,9209
6517,保勝光學,6,0,6,凱基-岡山,2024-01-19,9209
8150,南茂,6,0,6,凱基-岡山,2024-01-19,9209
2603,長榮,7,1,6,凱基-岡山,2024-01-19,9209
8936,國統,6,1,5,凱基-岡山,2024-01-19,9209
1905,華紙,6,1,5,凱基-岡山,2024-01-19,9209
2032,新鋼,5,0,5,凱基-岡山,2024-01-19,9209
2409,友達,241,2,239,凱基-岡山,2024-01-22,9209
00706L,期元大S＆P日圓正2,177,0,177,凱基-岡山,2024-01-22,9209
00632R,元大台灣50反1,135,10,125,凱基-岡山,2024-01-22,9209
00933B,國泰10Y+金融債,110,0,110,凱基-岡山,2024-01-22,9209
00751B,元大AAA至A公司債,110,0,110,凱基-岡山,2024-01-22,9209
6770,力積電,56,0,56,凱基-岡山,2024-01-22,9209
00715L,期街口布蘭特正2,70,15,55,凱基-岡山,2024-01-22,9209
00902,中信電池及儲能,50,0,50,凱基-岡山,2024-01-22,9209
00937B,群益ESG投等債20,47,0,47,凱基-岡山,2024-01-22,9209
2317,鴻海,42,0,42,凱基-岡山,2024-01-22,9209
2618,長榮航,340,301,39,凱基-岡山,2024-01-22,9209
00882,中信中國高股息,35,3,32,凱基-岡山,2024-01-22,9209
00664R,國泰臺灣加權反1,30,0,30,凱基-岡山,2024-01-22,9209
00720B,元大投資級公司債,22,0,22,凱基-岡山,2024-01-22,9209
2436,偉詮電,21,0,21,凱基-岡山,2024-01-22,9209
00676R,富邦臺灣加權反1,20,0,20,凱基-岡山,2024-01-22,9209
2208,台船,20,0,20,凱基-岡山,2024-01-22,9209
6120,達運,18,0,18,凱基-岡山,2024-01-22,9209
6125,廣運,20,3,17,凱基-岡山,2024-01-22,9209
2408,南亞科,16,0,16,凱基-岡山,2024-01-22,9209
4109,加捷生醫,16,1,15,凱基-岡山,2024-01-22,9209
2024,志聯,13,0,13,凱基-岡山,2024-01-22,9209
6505,台塑化,11,0,11,凱基-岡山,2024-01-22,9209
00885,富邦越南,10,0,10,凱基-岡山,2024-01-22,9209
1440,南紡,10,0,10,凱基-岡山,2024-01-22,9209
3019,亞光,10,0,10,凱基-岡山,2024-01-22,9209
3025,星通,14,4,10,凱基-岡山,2024-01-22,9209
4956,光鋐,10,0,10,凱基-岡山,2024-01-22,9209
5355,佳總,10,0,10,凱基-岡山,2024-01-22,9209
6140,訊達,14,4,10,凱基-岡山,2024-01-22,9209
6274,台燿,44,34,10,凱基-岡山,2024-01-22,9209
00919,群益台灣精選高息,19,9,10,凱基-岡山,2024-01-22,9209
00795B,中信美國公債20年,9,0,9,凱基-岡山,2024-01-22,9209
3033,威健,10,1,9,凱基-岡山,2024-01-22,9209
9919,康那香,8,0,8,凱基-岡山,2024-01-22,9209
2889,國票金,7,0,7,凱基-岡山,2024-01-22,9209
00687B,國泰20年美債,7,0,7,凱基-岡山,2024-01-22,9209
8059,凱碩,7,0,7,凱基-岡山,2024-01-22,9209
2882,國泰金,6,0,6,凱基-岡山,2024-01-22,9209
2633,台灣高鐵,6,0,6,凱基-岡山,2024-01-22,9209
2465,麗臺,10,4,6,凱基-岡山,2024-01-22,9209
3005,神基,6,0,6,凱基-岡山,2024-01-22,9209
00891,中信關鍵半導體,5,0,5,凱基-岡山,2024-01-22,9209
00931B,統一美債20年,5,0,5,凱基-岡山,2024-01-22,9209
2352,佳世達,9,4,5,凱基-岡山,2024-01-22,9209
2606,裕民,5,0,5,凱基-岡山,2024-01-22,9209
3372,典範,5,0,5,凱基-岡山,2024-01-22,9209
4729,熒茂,5,0,5,凱基-岡山,2024-01-22,9209
4739,康普,5,0,5,凱基-岡山,2024-01-22,9209
5603,陸海,5,0,5,凱基-岡山,2024-01-22,9209
2401,凌陽,101,1,100,凱基-岡山,2024-01-23,9209
00673R,期元大S＆P原油反1,57,0,57,凱基-岡山,2024-01-23,9209
00651R,復華香港反1,50,0,50,凱基-岡山,2024-01-23,9209
2356,英業達,83,34,49,凱基-岡山,2024-01-23,9209
4109,加捷生醫,43,3,40,凱基-岡山,2024-01-23,9209
00632R,元大台灣50反1,35,0,35,凱基-岡山,2024-01-23,9209
4402,郡都開發,30,0,30,凱基-岡山,2024-01-23,9209
6120,達運,31,2,29,凱基-岡山,2024-01-23,9209
1301,台塑,32,5,27,凱基-岡山,2024-01-23,9209
3059,華晶科,28,8,20,凱基-岡山,2024-01-23,9209
2344,華邦電,24,5,19,凱基-岡山,2024-01-23,9209
5465,富驊,17,0,17,凱基-岡山,2024-01-23,9209
3014,聯陽,17,1,16,凱基-岡山,2024-01-23,9209
2609,陽明,16,3,13,凱基-岡山,2024-01-23,9209
4960,誠美材,13,0,13,凱基-岡山,2024-01-23,9209
00937B,群益ESG投等債20,16,4,12,凱基-岡山,2024-01-23,9209
6446,藥華藥,12,0,12,凱基-岡山,2024-01-23,9209
1609,大亞,12,0,12,凱基-岡山,2024-01-23,9209
2390,云辰,12,0,12,凱基-岡山,2024-01-23,9209
00882,中信中國高股息,12,0,12,凱基-岡山,2024-01-23,9209
00679B,元大美債20年,11,0,11,凱基-岡山,2024-01-23,9209
3545,敦泰,15,4,11,凱基-岡山,2024-01-23,9209
8105,凌巨,12,1,11,凱基-岡山,2024-01-23,9209
00664R,國泰臺灣加權反1,10,0,10,凱基-岡山,2024-01-23,9209
2801,彰銀,10,0,10,凱基-岡山,2024-01-23,9209
4908,前鼎,10,0,10,凱基-岡山,2024-01-23,9209
4956,光鋐,10,0,10,凱基-岡山,2024-01-23,9209
4938,和碩,11,1,10,凱基-岡山,2024-01-23,9209
2884,玉山金,9,0,9,凱基-岡山,2024-01-23,9209
00929,復華台灣科技優息,11,2,9,凱基-岡山,2024-01-23,9209
2365,昆盈,9,0,9,凱基-岡山,2024-01-23,9209
3437,榮創,44,35,9,凱基-岡山,2024-01-23,9209
3207,耀勝,7,0,7,凱基-岡山,2024-01-23,9209
4746,台耀,7,0,7,凱基-岡山,2024-01-23,9209
2002,中鋼,6,0,6,凱基-岡山,2024-01-23,9209
2603,長榮,7,1,6,凱基-岡山,2024-01-23,9209
3362,先進光,7,1,6,凱基-岡山,2024-01-23,9209
4729,熒茂,6,0,6,凱基-岡山,2024-01-23,9209
6104,創惟,6,0,6,凱基-岡山,2024-01-23,9209
6179,亞通,6,1,5,凱基-岡山,2024-01-23,9209
00931B,統一美債20年,5,0,5,凱基-岡山,2024-01-23,9209
00680L,元大美債20正2,5,0,5,凱基-岡山,2024-01-23,9209
2461,光群雷,5,0,5,凱基-岡山,2024-01-23,9209
3515,華擎,5,0,5,凱基-岡山,2024-01-23,9209
4707,磐亞,5,0,5,凱基-岡山,2024-01-23,9209
4953,緯軟,5,0,5,凱基-岡山,2024-01-23,9209
00687B,國泰20年美債,4,0,4,凱基-岡山,2024-01-23,9209
3056,富華新,4,0,4,凱基-岡山,2024-01-23,9209
3297,杭特,4,0,4,凱基-岡山,2024-01-23,9209
3324,雙鴻,5,2,3,凱基-岡山,2024-01-23,9209
3481,群創,84,32,52,凱基-岡山,2024-01-24,9209
2353,宏��,67,31,36,凱基-岡山,2024-01-24,9209
4714,永捷,33,1,32,凱基-岡山,2024-01-24,9209
00937B,群益ESG投等債20,31,5,26,凱基-岡山,2024-01-24,9209
6770,力積電,27,1,26,凱基-岡山,2024-01-24,9209
8059,凱碩,31,10,21,凱基-岡山,2024-01-24,9209
2888,新光金,20,0,20,凱基-岡山,2024-01-24,9209
00687B,國泰20年美債,21,2,19,凱基-岡山,2024-01-24,9209
00919,群益台灣精選高息,23,6,17,凱基-岡山,2024-01-24,9209
2486,一詮,18,2,16,凱基-岡山,2024-01-24,9209
00679B,元大美債20年,16,1,15,凱基-岡山,2024-01-24,9209
1301,台塑,15,0,15,凱基-岡山,2024-01-24,9209
2887,台新金,16,2,14,凱基-岡山,2024-01-24,9209
4906,正文,14,0,14,凱基-岡山,2024-01-24,9209
6111,大宇資,15,1,14,凱基-岡山,2024-01-24,9209
2324,仁寶,14,1,13,凱基-岡山,2024-01-24,9209
2884,玉山金,13,0,13,凱基-岡山,2024-01-24,9209
8046,南電,12,0,12,凱基-岡山,2024-01-24,9209
00720B,元大投資級公司債,11,0,11,凱基-岡山,2024-01-24,9209
3615,安可,89,78,11,凱基-岡山,2024-01-24,9209
00929,復華台灣科技優息,24,14,10,凱基-岡山,2024-01-24,9209
2312,金寶,10,0,10,凱基-岡山,2024-01-24,9209
2313,華通,13,3,10,凱基-岡山,2024-01-24,9209
2388,威盛,10,0,10,凱基-岡山,2024-01-24,9209
2886,兆豐金,10,0,10,凱基-岡山,2024-01-24,9209
4938,和碩,28,18,10,凱基-岡山,2024-01-24,9209
5355,佳總,10,0,10,凱基-岡山,2024-01-24,9209
8070,長華*,10,0,10,凱基-岡山,2024-01-24,9209
2376,技嘉,12,2,10,凱基-岡山,2024-01-24,9209
00922,國泰台灣領袖50,8,0,8,凱基-岡山,2024-01-24,9209
6446,藥華藥,8,0,8,凱基-岡山,2024-01-24,9209
00933B,國泰10Y+金融債,7,0,7,凱基-岡山,2024-01-24,9209
2476,鉅祥,7,0,7,凱基-岡山,2024-01-24,9209
5009,榮剛,8,1,7,凱基-岡山,2024-01-24,9209
5426,振發,12,5,7,凱基-岡山,2024-01-24,9209
6112,邁達特,7,0,7,凱基-岡山,2024-01-24,9209
6695,芯鼎,11,4,7,凱基-岡山,2024-01-24,9209
8201,無敵,6,0,6,凱基-岡山,2024-01-24,9209
00927,群益半導體收益,5,0,5,凱基-岡山,2024-01-24,9209
00632R,元大台灣50反1,5,0,5,凱基-岡山,2024-01-24,9209
00715L,期街口布蘭特正2,5,0,5,凱基-岡山,2024-01-24,9209
2007,燁興,6,1,5,凱基-岡山,2024-01-24,9209
2023,燁輝,6,1,5,凱基-岡山,2024-01-24,9209
2610,華航,5,0,5,凱基-岡山,2024-01-24,9209
2618,長榮航,6,1,5,凱基-岡山,2024-01-24,9209
3050,鈺德,5,0,5,凱基-岡山,2024-01-24,9209
5469,瀚宇博,5,0,5,凱基-岡山,2024-01-24,9209
1514,亞力,13,8,5,凱基-岡山,2024-01-24,9209
2390,云辰,4,0,4,凱基-岡山,2024-01-24,9209
2401,凌陽,4,0,4,凱基-岡山,2024-01-24,9209
00632R,元大台灣50反1,102,0,102,凱基-岡山,2024-01-25,9209
8050,廣積,50,1,49,凱基-岡山,2024-01-25,9209
2603,長榮,50,1,49,凱基-岡山,2024-01-25,9209
00687B,國泰20年美債,34,1,33,凱基-岡山,2024-01-25,9209
4109,加捷生醫,25,0,25,凱基-岡山,2024-01-25,9209
1301,台塑,23,0,23,凱基-岡山,2024-01-25,9209
1905,華紙,21,0,21,凱基-岡山,2024-01-25,9209
2890,永豐金,22,1,21,凱基-岡山,2024-01-25,9209
5410,國眾,20,0,20,凱基-岡山,2024-01-25,9209
8096,擎亞,93,73,20,凱基-岡山,2024-01-25,9209
00933B,國泰10Y+金融債,19,0,19,凱基-岡山,2024-01-25,9209
2884,玉山金,20,1,19,凱基-岡山,2024-01-25,9209
00679B,元大美債20年,17,0,17,凱基-岡山,2024-01-25,9209
2476,鉅祥,17,0,17,凱基-岡山,2024-01-25,9209
3289,宜特,16,0,16,凱基-岡山,2024-01-25,9209
2609,陽明,14,0,14,凱基-岡山,2024-01-25,9209
00937B,群益ESG投等債20,30,16,14,凱基-岡山,2024-01-25,9209
5234,達興材料,13,0,13,凱基-岡山,2024-01-25,9209
00882,中信中國高股息,12,0,12,凱基-岡山,2024-01-25,9209
00680L,元大美債20正2,42,30,12,凱基-岡山,2024-01-25,9209
6237,驊訊,11,0,11,凱基-岡山,2024-01-25,9209
1108,幸福,10,0,10,凱基-岡山,2024-01-25,9209
00665L,富邦�琤肭磪囓�2,15,5,10,凱基-岡山,2024-01-25,9209
00664R,國泰臺灣加權反1,10,0,10,凱基-岡山,2024-01-25,9209
00651R,復華香港反1,10,0,10,凱基-岡山,2024-01-25,9209
1584,精剛,10,0,10,凱基-岡山,2024-01-25,9209
2231,為升,10,0,10,凱基-岡山,2024-01-25,9209
3702A,大聯大甲特,10,0,10,凱基-岡山,2024-01-25,9209
4413,飛寶企業,10,0,10,凱基-岡山,2024-01-25,9209
6505,台塑化,10,0,10,凱基-岡山,2024-01-25,9209
00772B,中信高評級公司債,10,1,9,凱基-岡山,2024-01-25,9209
2369,菱生,9,0,9,凱基-岡山,2024-01-25,9209
1528,恩德,9,1,8,凱基-岡山,2024-01-25,9209
2353,宏��,21,13,8,凱基-岡山,2024-01-25,9209
2618,長榮航,11,3,8,凱基-岡山,2024-01-25,9209
2356,英業達,16,8,8,凱基-岡山,2024-01-25,9209
3005,神基,8,0,8,凱基-岡山,2024-01-25,9209
4906,正文,8,0,8,凱基-岡山,2024-01-25,9209
5211,蒙恬,8,0,8,凱基-岡山,2024-01-25,9209
6113,亞矽,62,54,8,凱基-岡山,2024-01-25,9209
6806,森崴能源,9,1,8,凱基-岡山,2024-01-25,9209
2421,建準,11,4,7,凱基-岡山,2024-01-25,9209
2867,三商壽,7,0,7,凱基-岡山,2024-01-25,9209
4729,熒茂,18,11,7,凱基-岡山,2024-01-25,9209
00795B,中信美國公債20年,6,0,6,凱基-岡山,2024-01-25,9209
4129,聯合,8,2,6,凱基-岡山,2024-01-25,9209
2409,友達,8,2,6,凱基-岡山,2024-01-25,9209
6182,合晶,7,2,5,凱基-岡山,2024-01-25,9209
1789,神隆,5,0,5,凱基-岡山,2024-01-25,9209
2002,中鋼,5,0,5,凱基-岡山,2024-01-25,9209
00937B,群益ESG投等債20,108,3,105,凱基-岡山,2024-01-26,9209
6278,台表科,95,0,95,凱基-岡山,2024-01-26,9209
2303,聯電,77,11,66,凱基-岡山,2024-01-26,9209
00934,中信成長高股息,50,0,50,凱基-岡山,2024-01-26,9209
00673R,期元大S＆P原油反1,61,20,41,凱基-岡山,2024-01-26,9209
5364,力麗店,31,0,31,凱基-岡山,2024-01-26,9209
5410,國眾,24,0,24,凱基-岡山,2024-01-26,9209
6770,力積電,24,0,24,凱基-岡山,2024-01-26,9209
2324,仁寶,31,10,21,凱基-岡山,2024-01-26,9209
00665L,富邦�琤肭磪囓�2,20,0,20,凱基-岡山,2024-01-26,9209
2352,佳世達,20,0,20,凱基-岡山,2024-01-26,9209
00919,群益台灣精選高息,26,7,19,凱基-岡山,2024-01-26,9209
3141,晶宏,18,0,18,凱基-岡山,2024-01-26,9209
2609,陽明,23,7,16,凱基-岡山,2024-01-26,9209
6120,達運,17,1,16,凱基-岡山,2024-01-26,9209
2356,英業達,26,12,14,凱基-岡山,2024-01-26,9209
8936,國統,29,15,14,凱基-岡山,2024-01-26,9209
00878,國泰永續高股息,44,30,14,凱基-岡山,2024-01-26,9209
3231,緯創,79,65,14,凱基-岡山,2024-01-26,9209
1101,台泥,13,0,13,凱基-岡山,2024-01-26,9209
6167,久正,14,2,12,凱基-岡山,2024-01-26,9209
00679B,元大美債20年,12,0,12,凱基-岡山,2024-01-26,9209
8059,凱碩,11,0,11,凱基-岡山,2024-01-26,9209
1108,幸福,10,0,10,凱基-岡山,2024-01-26,9209
00632R,元大台灣50反1,10,0,10,凱基-岡山,2024-01-26,9209
1536,和大,10,0,10,凱基-岡山,2024-01-26,9209
2353,宏��,31,21,10,凱基-岡山,2024-01-26,9209
3014,聯陽,10,0,10,凱基-岡山,2024-01-26,9209
3032,偉訓,10,0,10,凱基-岡山,2024-01-26,9209
3380,明泰,10,0,10,凱基-岡山,2024-01-26,9209
3702A,大聯大甲特,10,0,10,凱基-岡山,2024-01-26,9209
4532,瑞智,10,0,10,凱基-岡山,2024-01-26,9209
5515,建國,9,0,9,凱基-岡山,2024-01-26,9209
5531,鄉林,9,0,9,凱基-岡山,2024-01-26,9209
5469,瀚宇博,9,1,8,凱基-岡山,2024-01-26,9209
00882,中信中國高股息,15,8,7,凱基-岡山,2024-01-26,9209
3623,富晶通,9,2,7,凱基-岡山,2024-01-26,9209
6546,正基,8,1,7,凱基-岡山,2024-01-26,9209
6235,華孚,7,0,7,凱基-岡山,2024-01-26,9209
00927,群益半導體收益,6,0,6,凱基-岡山,2024-01-26,9209
1438,三地開發,5,0,5,凱基-岡山,2024-01-26,9209
3360,尚立,7,2,5,凱基-岡山,2024-01-26,9209
4109,加捷生醫,5,0,5,凱基-岡山,2024-01-26,9209
4113,聯上,5,0,5,凱基-岡山,2024-01-26,9209
6164,華興,6,1,5,凱基-岡山,2024-01-26,9209
6485,點序,5,0,5,凱基-岡山,2024-01-26,9209
6742,澤米,5,0,5,凱基-岡山,2024-01-26,9209
00830,國泰費城半導體,4,0,4,凱基-岡山,2024-01-26,9209
1316,上曜,36,32,4,凱基-岡山,2024-01-26,9209
2440,太空梭,7,3,4,凱基-岡山,2024-01-26,9209
00632R,元大台灣50反1,167,0,167,凱基-岡山,2024-01-29,9209
6278,台表科,56,0,56,凱基-岡山,2024-01-29,9209
8059,凱碩,40,1,39,凱基-岡山,2024-01-29,9209
00706L,期元大S＆P日圓正2,35,0,35,凱基-岡山,2024-01-29,9209
00673R,期元大S＆P原油反1,48,20,28,凱基-岡山,2024-01-29,9209
00688L,國泰20年美債正2,30,2,28,凱基-岡山,2024-01-29,9209
2303,聯電,22,2,20,凱基-岡山,2024-01-29,9209
8068,全達,20,0,20,凱基-岡山,2024-01-29,9209
00919,群益台灣精選高息,22,6,16,凱基-岡山,2024-01-29,9209
00937B,群益ESG投等債20,16,3,13,凱基-岡山,2024-01-29,9209
00687B,國泰20年美債,12,0,12,凱基-岡山,2024-01-29,9209
2329,華泰,13,1,12,凱基-岡山,2024-01-29,9209
00679B,元大美債20年,12,0,12,凱基-岡山,2024-01-29,9209
2610,華航,13,2,11,凱基-岡山,2024-01-29,9209
1471,首利,10,0,10,凱基-岡山,2024-01-29,9209
2890,永豐金,10,1,9,凱基-岡山,2024-01-29,9209
2337,旺宏,9,1,8,凱基-岡山,2024-01-29,9209
2515,中工,8,0,8,凱基-岡山,2024-01-29,9209
6233,旺玖,8,0,8,凱基-岡山,2024-01-29,9209
2409,友達,25,19,6,凱基-岡山,2024-01-29,9209
00933B,國泰10Y+金融債,6,0,6,凱基-岡山,2024-01-29,9209
6182,合晶,7,1,6,凱基-岡山,2024-01-29,9209
1304,台聚,5,0,5,凱基-岡山,2024-01-29,9209
00712,復華富時不動產,5,0,5,凱基-岡山,2024-01-29,9209
2882,國泰金,5,0,5,凱基-岡山,2024-01-29,9209
5234,達興材料,5,0,5,凱基-岡山,2024-01-29,9209
6120,達運,5,0,5,凱基-岡山,2024-01-29,9209
6206,飛捷,5,0,5,凱基-岡山,2024-01-29,9209
6271,同欣電,5,0,5,凱基-岡山,2024-01-29,9209
8085,福華,17,12,5,凱基-岡山,2024-01-29,9209
00877,復華中國5G,4,0,4,凱基-岡山,2024-01-29,9209
9904,寶成,4,0,4,凱基-岡山,2024-01-29,9209
2344,華邦電,7,3,4,凱基-岡山,2024-01-29,9209
2454,聯發科,3,0,3,凱基-岡山,2024-01-29,9209
1101,台泥,9,6,3,凱基-岡山,2024-01-29,9209
1309,台達化,6,3,3,凱基-岡山,2024-01-29,9209
00645,富邦日本,3,0,3,凱基-岡山,2024-01-29,9209
00922,國泰台灣領袖50,3,0,3,凱基-岡山,2024-01-29,9209
00891,中信關鍵半導體,3,0,3,凱基-岡山,2024-01-29,9209
3260,威剛,3,0,3,凱基-岡山,2024-01-29,9209
6210,慶生,3,0,3,凱基-岡山,2024-01-29,9209
6282,康舒,4,1,3,凱基-岡山,2024-01-29,9209
2382,廣達,3,1,2,凱基-岡山,2024-01-29,9209
00772B,中信高評級公司債,2,0,2,凱基-岡山,2024-01-29,9209
8054,安國,3,1,2,凱基-岡山,2024-01-29,9209
1319,東陽,2,0,2,凱基-岡山,2024-01-29,9209
1314,中石化,2,0,2,凱基-岡山,2024-01-29,9209
1229,聯華,2,0,2,凱基-岡山,2024-01-29,9209
00931B,統一美債20年,2,0,2,凱基-岡山,2024-01-29,9209
1809,中釉,3,1,2,凱基-岡山,2024-01-29,9209
2618,長榮航,142,3,139,凱基-岡山,2024-01-30,9209
00937B,群益ESG投等債20,63,0,63,凱基-岡山,2024-01-30,9209
2317,鴻海,42,1,41,凱基-岡山,2024-01-30,9209
3702A,大聯大甲特,20,0,20,凱基-岡山,2024-01-30,9209
00687B,國泰20年美債,18,0,18,凱基-岡山,2024-01-30,9209
5498,凱崴,17,1,16,凱基-岡山,2024-01-30,9209
2888,新光金,16,0,16,凱基-岡山,2024-01-30,9209
2867,三商壽,16,2,14,凱基-岡山,2024-01-30,9209
6530,創威,16,2,14,凱基-岡山,2024-01-30,9209
2408,南亞科,13,0,13,凱基-岡山,2024-01-30,9209
00900,富邦特選高股息30,12,0,12,凱基-岡山,2024-01-30,9209
2002,中鋼,12,0,12,凱基-岡山,2024-01-30,9209
2356,英業達,13,1,12,凱基-岡山,2024-01-30,9209
1605,華新,11,0,11,凱基-岡山,2024-01-30,9209
1905,華紙,16,5,11,凱基-岡山,2024-01-30,9209
6182,合晶,11,1,10,凱基-岡山,2024-01-30,9209
1304,台聚,10,0,10,凱基-岡山,2024-01-30,9209
3535,晶彩科,12,2,10,凱基-岡山,2024-01-30,9209
4402,郡都開發,10,0,10,凱基-岡山,2024-01-30,9209
6505,台塑化,10,0,10,凱基-岡山,2024-01-30,9209
3289,宜特,13,3,10,凱基-岡山,2024-01-30,9209
1101,台泥,9,0,9,凱基-岡山,2024-01-30,9209
00751B,元大AAA至A公司債,8,0,8,凱基-岡山,2024-01-30,9209
3380,明泰,8,0,8,凱基-岡山,2024-01-30,9209
3481,群創,10,3,7,凱基-岡山,2024-01-30,9209
1316,上曜,62,55,7,凱基-岡山,2024-01-30,9209
2329,華泰,17,10,7,凱基-岡山,2024-01-30,9209
2609,陽明,8,1,7,凱基-岡山,2024-01-30,9209
6140,訊達,9,2,7,凱基-岡山,2024-01-30,9209
3189,景碩,11,5,6,凱基-岡山,2024-01-30,9209
6202,盛群,6,0,6,凱基-岡山,2024-01-30,9209
2457,飛宏,7,1,6,凱基-岡山,2024-01-30,9209
6139,亞翔,12,6,6,凱基-岡山,2024-01-30,9209
00878,國泰永續高股息,8,2,6,凱基-岡山,2024-01-30,9209
2376,技嘉,12,7,5,凱基-岡山,2024-01-30,9209
1108,幸福,5,0,5,凱基-岡山,2024-01-30,9209
1809,中釉,5,0,5,凱基-岡山,2024-01-30,9209
2027,大成鋼,5,0,5,凱基-岡山,2024-01-30,9209
2886,兆豐金,5,0,5,凱基-岡山,2024-01-30,9209
3372,典範,5,0,5,凱基-岡山,2024-01-30,9209
3543,州巧,5,0,5,凱基-岡山,2024-01-30,9209
3548,兆利,12,7,5,凱基-岡山,2024-01-30,9209
5251,天鉞電,5,0,5,凱基-岡山,2024-01-30,9209
5603,陸海,5,0,5,凱基-岡山,2024-01-30,9209
6206,飛捷,5,0,5,凱基-岡山,2024-01-30,9209
6465,威潤,5,0,5,凱基-岡山,2024-01-30,9209
5534,長虹,5,0,5,凱基-岡山,2024-01-30,9209
2024,志聯,4,0,4,凱基-岡山,2024-01-30,9209
2313,華通,46,42,4,凱基-岡山,2024-01-30,9209
2421,建準,16,12,4,凱基-岡山,2024-01-30,9209
00679B,元大美債20年,76,0,76,凱基-岡山,2024-01-31,9209
00753L,中信中國50正2,70,0,70,凱基-岡山,2024-01-31,9209
1325,恆大,63,1,62,凱基-岡山,2024-01-31,9209
00680L,元大美債20正2,55,0,55,凱基-岡山,2024-01-31,9209
8936,國統,55,11,44,凱基-岡山,2024-01-31,9209
2610,華航,51,10,41,凱基-岡山,2024-01-31,9209
2024,志聯,38,0,38,凱基-岡山,2024-01-31,9209
2303,聯電,24,2,22,凱基-岡山,2024-01-31,9209
2867,三商壽,21,1,20,凱基-岡山,2024-01-31,9209
00919,群益台灣精選高息,31,12,19,凱基-岡山,2024-01-31,9209
3437,榮創,18,0,18,凱基-岡山,2024-01-31,9209
3231,緯創,46,31,15,凱基-岡山,2024-01-31,9209
1316,上曜,68,53,15,凱基-岡山,2024-01-31,9209
9105,泰金寶-DR,15,0,15,凱基-岡山,2024-01-31,9209
2618,長榮航,14,0,14,凱基-岡山,2024-01-31,9209
6695,芯鼎,22,9,13,凱基-岡山,2024-01-31,9209
3548,兆利,18,7,11,凱基-岡山,2024-01-31,9209
1444,力麗,10,0,10,凱基-岡山,2024-01-31,9209
2356,英業達,12,2,10,凱基-岡山,2024-01-31,9209
3623,富晶通,15,5,10,凱基-岡山,2024-01-31,9209
5521,工信,10,0,10,凱基-岡山,2024-01-31,9209
3615,安可,10,1,9,凱基-岡山,2024-01-31,9209
00830,國泰費城半導體,8,0,8,凱基-岡山,2024-01-31,9209
2609,陽明,7,0,7,凱基-岡山,2024-01-31,9209
00687B,國泰20年美債,11,4,7,凱基-岡山,2024-01-31,9209
2002,中鋼,10,3,7,凱基-岡山,2024-01-31,9209
3036,文曄,20,13,7,凱基-岡山,2024-01-31,9209
3324,雙鴻,6,0,6,凱基-岡山,2024-01-31,9209
2390,云辰,6,0,6,凱基-岡山,2024-01-31,9209
2886,兆豐金,11,5,6,凱基-岡山,2024-01-31,9209
00751B,元大AAA至A公司債,5,0,5,凱基-岡山,2024-01-31,9209
2382,廣達,6,1,5,凱基-岡山,2024-01-31,9209
1605,華新,5,0,5,凱基-岡山,2024-01-31,9209
1809,中釉,6,1,5,凱基-岡山,2024-01-31,9209
2337,旺宏,11,6,5,凱基-岡山,2024-01-31,9209
2408,南亞科,5,0,5,凱基-岡山,2024-01-31,9209
5498,凱崴,5,0,5,凱基-岡山,2024-01-31,9209
8059,凱碩,10,5,5,凱基-岡山,2024-01-31,9209
8076,伍豐,5,0,5,凱基-岡山,2024-01-31,9209
2812,台中銀,4,0,4,凱基-岡山,2024-01-31,9209
00720B,元大投資級公司債,5,1,4,凱基-岡山,2024-01-31,9209
00712,復華富時不動產,4,0,4,凱基-岡山,2024-01-31,9209
2027,大成鋼,5,1,4,凱基-岡山,2024-01-31,9209
2332,友訊,4,0,4,凱基-岡山,2024-01-31,9209
3339,泰谷,4,0,4,凱基-岡山,2024-01-31,9209
3376,新日興,11,7,4,凱基-岡山,2024-01-31,9209
6218,豪勉,4,0,4,凱基-岡山,2024-01-31,9209
6271,同欣電,4,0,4,凱基-岡山,2024-01-31,9209
6274,台燿,5,1,4,凱基-岡山,2024-01-31,9209
6179,亞通,5,1,4,凱基-岡山,2024-01-31,9209
3481,群創,417,15,402,凱基-岡山,2024-02-01,9209
00632R,元大台灣50反1,275,0,275,凱基-岡山,2024-02-01,9209
00929,復華台灣科技優息,63,5,58,凱基-岡山,2024-02-01,9209
2812,台中銀,85,27,58,凱基-岡山,2024-02-01,9209
00878,國泰永續高股息,43,5,38,凱基-岡山,2024-02-01,9209
00706L,期元大S＆P日圓正2,34,0,34,凱基-岡山,2024-02-01,9209
6278,台表科,30,0,30,凱基-岡山,2024-02-01,9209
3041,揚智,32,9,23,凱基-岡山,2024-02-01,9209
00712,復華富時不動產,22,0,22,凱基-岡山,2024-02-01,9209
4960,誠美材,21,0,21,凱基-岡山,2024-02-01,9209
1314,中石化,20,0,20,凱基-岡山,2024-02-01,9209
2486,一詮,17,0,17,凱基-岡山,2024-02-01,9209
2024,志聯,16,0,16,凱基-岡山,2024-02-01,9209
00795B,中信美國公債20年,15,0,15,凱基-岡山,2024-02-01,9209
6742,澤米,15,0,15,凱基-岡山,2024-02-01,9209
2409,友達,14,0,14,凱基-岡山,2024-02-01,9209
00687B,國泰20年美債,14,0,14,凱基-岡山,2024-02-01,9209
3535,晶彩科,15,1,14,凱基-岡山,2024-02-01,9209
00679B,元大美債20年,13,0,13,凱基-岡山,2024-02-01,9209
3024,憶聲,13,0,13,凱基-岡山,2024-02-01,9209
7402,邑錡,22,9,13,凱基-岡山,2024-02-01,9209
00919,群益台灣精選高息,22,10,12,凱基-岡山,2024-02-01,9209
00915,凱基優選高股息30,10,0,10,凱基-岡山,2024-02-01,9209
2332,友訊,10,0,10,凱基-岡山,2024-02-01,9209
3702A,大聯大甲特,10,0,10,凱基-岡山,2024-02-01,9209
2330,台積電,11,2,9,凱基-岡山,2024-02-01,9209
6265,方土昶,8,0,8,凱基-岡山,2024-02-01,9209
3707,漢磊,8,0,8,凱基-岡山,2024-02-01,9209
3694,海華,13,6,7,凱基-岡山,2024-02-01,9209
8033,雷虎,7,0,7,凱基-岡山,2024-02-01,9209
3231,緯創,12,6,6,凱基-岡山,2024-02-01,9209
2609,陽明,11,5,6,凱基-岡山,2024-02-01,9209
2392,正崴,6,0,6,凱基-岡山,2024-02-01,9209
6530,創威,7,1,6,凱基-岡山,2024-02-01,9209
00637L,元大滬深300正2,6,0,6,凱基-岡山,2024-02-01,9209
2340,台亞,5,0,5,凱基-岡山,2024-02-01,9209
2365,昆盈,5,0,5,凱基-岡山,2024-02-01,9209
2369,菱生,8,3,5,凱基-岡山,2024-02-01,9209
2408,南亞科,11,6,5,凱基-岡山,2024-02-01,9209
2634,漢翔,5,0,5,凱基-岡山,2024-02-01,9209
6741,91APP*-KY,5,0,5,凱基-岡山,2024-02-01,9209
8040,九暘,5,0,5,凱基-岡山,2024-02-01,9209
1904,正隆,5,0,5,凱基-岡山,2024-02-01,9209
2329,華泰,30,26,4,凱基-岡山,2024-02-01,9209
2382,廣達,6,2,4,凱基-岡山,2024-02-01,9209
00900,富邦特選高股息30,4,0,4,凱基-岡山,2024-02-01,9209
00715L,期街口布蘭特正2,4,0,4,凱基-岡山,2024-02-01,9209
1529,樂事綠能,4,0,4,凱基-岡山,2024-02-01,9209
3588,通嘉,7,3,4,凱基-岡山,2024-02-01,9209
5457,宣德,4,0,4,凱基-岡山,2024-02-01,9209
00632R,元大台灣50反1,145,0,145,凱基-岡山,2024-02-02,9209
3593,力銘,128,0,128,凱基-岡山,2024-02-02,9209
0056,元大高股息,125,3,122,凱基-岡山,2024-02-02,9209
3615,安可,110,11,99,凱基-岡山,2024-02-02,9209
00937B,群益ESG投等債20,99,8,91,凱基-岡山,2024-02-02,9209
3711,日月光投控,62,20,42,凱基-岡山,2024-02-02,9209
00712,復華富時不動產,40,0,40,凱基-岡山,2024-02-02,9209
00933B,國泰10Y+金融債,56,20,36,凱基-岡山,2024-02-02,9209
2303,聯電,36,1,35,凱基-岡山,2024-02-02,9209
2408,南亞科,31,0,31,凱基-岡山,2024-02-02,9209
3376,新日興,55,27,28,凱基-岡山,2024-02-02,9209
00715L,期街口布蘭特正2,28,0,28,凱基-岡山,2024-02-02,9209
2609,陽明,28,2,26,凱基-岡山,2024-02-02,9209
00671R,富邦NASDAQ反1,22,0,22,凱基-岡山,2024-02-02,9209
1611,中電,20,0,20,凱基-岡山,2024-02-02,9209
6770,力積電,18,0,18,凱基-岡山,2024-02-02,9209
2390,云辰,15,0,15,凱基-岡山,2024-02-02,9209
00929,復華台灣科技優息,30,16,14,凱基-岡山,2024-02-02,9209
1605,華新,24,11,13,凱基-岡山,2024-02-02,9209
2888,新光金,13,0,13,凱基-岡山,2024-02-02,9209
2312,金寶,12,0,12,凱基-岡山,2024-02-02,9209
3024,憶聲,12,0,12,凱基-岡山,2024-02-02,9209
2024,志聯,12,0,12,凱基-岡山,2024-02-02,9209
2353,宏��,13,2,11,凱基-岡山,2024-02-02,9209
1471,首利,10,0,10,凱基-岡山,2024-02-02,9209
2324,仁寶,18,8,10,凱基-岡山,2024-02-02,9209
2332,友訊,10,0,10,凱基-岡山,2024-02-02,9209
2603,長榮,16,6,10,凱基-岡山,2024-02-02,9209
2618,長榮航,11,1,10,凱基-岡山,2024-02-02,9209
5534,長虹,10,0,10,凱基-岡山,2024-02-02,9209
2615,萬海,8,0,8,凱基-岡山,2024-02-02,9209
2356,英業達,23,15,8,凱基-岡山,2024-02-02,9209
3630,新鉅科,8,0,8,凱基-岡山,2024-02-02,9209
2634,漢翔,7,0,7,凱基-岡山,2024-02-02,9209
3189,景碩,8,1,7,凱基-岡山,2024-02-02,9209
5383,金利,7,0,7,凱基-岡山,2024-02-02,9209
6148,驊宏資,7,0,7,凱基-岡山,2024-02-02,9209
8473,山林水,7,0,7,凱基-岡山,2024-02-02,9209
2329,華泰,18,12,6,凱基-岡山,2024-02-02,9209
2368,金像電,11,5,6,凱基-岡山,2024-02-02,9209
3081,聯亞,8,2,6,凱基-岡山,2024-02-02,9209
00915,凱基優選高股息30,5,0,5,凱基-岡山,2024-02-02,9209
006205,富邦上証,5,0,5,凱基-岡山,2024-02-02,9209
00665L,富邦�琤肭磪囓�2,12,7,5,凱基-岡山,2024-02-02,9209
2002,中鋼,5,0,5,凱基-岡山,2024-02-02,9209
2337,旺宏,5,0,5,凱基-岡山,2024-02-02,9209
2504,國產,5,0,5,凱基-岡山,2024-02-02,9209
2636,台驊控股,5,0,5,凱基-岡山,2024-02-02,9209
3044,健鼎,10,5,5,凱基-岡山,2024-02-02,9209
3379,彬台,5,0,5,凱基-岡山,2024-02-02,9209
00715L,期街口布蘭特正2,283,0,283,凱基-岡山,2024-02-05,9209
00937B,群益ESG投等債20,113,4,109,凱基-岡山,2024-02-05,9209
00687B,國泰20年美債,43,0,43,凱基-岡山,2024-02-05,9209
00878,國泰永續高股息,53,10,43,凱基-岡山,2024-02-05,9209
5880,合庫金,41,0,41,凱基-岡山,2024-02-05,9209
2884,玉山金,40,2,38,凱基-岡山,2024-02-05,9209
0056,元大高股息,32,1,31,凱基-岡山,2024-02-05,9209
00764B,群益25年美債,30,0,30,凱基-岡山,2024-02-05,9209
00929,復華台灣科技優息,30,1,29,凱基-岡山,2024-02-05,9209
2002,中鋼,22,0,22,凱基-岡山,2024-02-05,9209
00632R,元大台灣50反1,20,0,20,凱基-岡山,2024-02-05,9209
1611,中電,20,0,20,凱基-岡山,2024-02-05,9209
00753L,中信中國50正2,21,2,19,凱基-岡山,2024-02-05,9209
2406,國碩,16,0,16,凱基-岡山,2024-02-05,9209
3615,安可,16,0,16,凱基-岡山,2024-02-05,9209
3017,奇鋐,24,10,14,凱基-岡山,2024-02-05,9209
00712,復華富時不動產,13,0,13,凱基-岡山,2024-02-05,9209
00679B,元大美債20年,21,9,12,凱基-岡山,2024-02-05,9209
2606,裕民,11,0,11,凱基-岡山,2024-02-05,9209
00919,群益台灣精選高息,15,5,10,凱基-岡山,2024-02-05,9209
006205,富邦上証,10,0,10,凱基-岡山,2024-02-05,9209
00688L,國泰20年美債正2,10,0,10,凱基-岡山,2024-02-05,9209
1314,中石化,10,0,10,凱基-岡山,2024-02-05,9209
1605,華新,10,0,10,凱基-岡山,2024-02-05,9209
2027,大成鋼,10,0,10,凱基-岡山,2024-02-05,9209
6282,康舒,9,0,9,凱基-岡山,2024-02-05,9209
00933B,國泰10Y+金融債,8,0,8,凱基-岡山,2024-02-05,9209
00877,復華中國5G,8,0,8,凱基-岡山,2024-02-05,9209
2344,華邦電,9,1,8,凱基-岡山,2024-02-05,9209
2882,國泰金,8,0,8,凱基-岡山,2024-02-05,9209
8255,朋程,8,0,8,凱基-岡山,2024-02-05,9209
00882,中信中國高股息,7,0,7,凱基-岡山,2024-02-05,9209
1722,台肥,7,0,7,凱基-岡山,2024-02-05,9209
3515,華擎,7,0,7,凱基-岡山,2024-02-05,9209
2317,鴻海,6,0,6,凱基-岡山,2024-02-05,9209
2419,仲琦,6,0,6,凱基-岡山,2024-02-05,9209
5234,達興材料,16,10,6,凱基-岡山,2024-02-05,9209
5457,宣德,6,0,6,凱基-岡山,2024-02-05,9209
3289,宜特,8,2,6,凱基-岡山,2024-02-05,9209
6547,高端疫苗,5,0,5,凱基-岡山,2024-02-05,9209
8936,國統,16,11,5,凱基-岡山,2024-02-05,9209
00915,凱基優選高股息30,5,0,5,凱基-岡山,2024-02-05,9209
1734,杏輝,5,0,5,凱基-岡山,2024-02-05,9209
3294,英濟,5,0,5,凱基-岡山,2024-02-05,9209
4714,永捷,6,1,5,凱基-岡山,2024-02-05,9209
4961,天鈺,5,0,5,凱基-岡山,2024-02-05,9209
5609,中菲行,5,0,5,凱基-岡山,2024-02-05,9209
8473,山林水,5,0,5,凱基-岡山,2024-02-05,9209
3583,辛耘,4,0,4,凱基-岡山,2024-02-05,9209
006208,富邦台50,4,0,4,凱基-岡山,2024-02-05,9209
00632R,元大台灣50反1,202,52,150,凱基-岡山,2024-02-15,9209
00937B,群益ESG投等債20,114,0,114,凱基-岡山,2024-02-15,9209
2888,新光金,102,0,102,凱基-岡山,2024-02-15,9209
00706L,期元大S＆P日圓正2,100,0,100,凱基-岡山,2024-02-15,9209
2356,英業達,113,35,78,凱基-岡山,2024-02-15,9209
00680L,元大美債20正2,80,3,77,凱基-岡山,2024-02-15,9209
00688L,國泰20年美債正2,74,0,74,凱基-岡山,2024-02-15,9209
2408,南亞科,72,0,72,凱基-岡山,2024-02-15,9209
00919,群益台灣精選高息,61,2,59,凱基-岡山,2024-02-15,9209
2344,華邦電,56,0,56,凱基-岡山,2024-02-15,9209
00687B,國泰20年美債,54,1,53,凱基-岡山,2024-02-15,9209
00712,復華富時不動產,48,0,48,凱基-岡山,2024-02-15,9209
00679B,元大美債20年,37,0,37,凱基-岡山,2024-02-15,9209
4527,方土霖,31,0,31,凱基-岡山,2024-02-15,9209
2618,長榮航,42,13,29,凱基-岡山,2024-02-15,9209
00673R,期元大S＆P原油反1,29,0,29,凱基-岡山,2024-02-15,9209
2014,中鴻,62,37,25,凱基-岡山,2024-02-15,9209
2002,中鋼,24,0,24,凱基-岡山,2024-02-15,9209
00751B,元大AAA至A公司債,24,0,24,凱基-岡山,2024-02-15,9209
2409,友達,24,3,21,凱基-岡山,2024-02-15,9209
00671R,富邦NASDAQ反1,20,0,20,凱基-岡山,2024-02-15,9209
006205,富邦上証,20,0,20,凱基-岡山,2024-02-15,9209
3060,銘異,20,0,20,凱基-岡山,2024-02-15,9209
3548,兆利,30,10,20,凱基-岡山,2024-02-15,9209
00915,凱基優選高股息30,23,3,20,凱基-岡山,2024-02-15,9209
2460,建通,19,0,19,凱基-岡山,2024-02-15,9209
00933B,國泰10Y+金融債,18,0,18,凱基-岡山,2024-02-15,9209
1316,上曜,61,44,17,凱基-岡山,2024-02-15,9209
2027,大成鋼,17,1,16,凱基-岡山,2024-02-15,9209
6505,台塑化,16,0,16,凱基-岡山,2024-02-15,9209
00772B,中信高評級公司債,16,0,16,凱基-岡山,2024-02-15,9209
00882,中信中國高股息,14,0,14,凱基-岡山,2024-02-15,9209
6179,亞通,13,0,13,凱基-岡山,2024-02-15,9209
1513,中興電,14,1,13,凱基-岡山,2024-02-15,9209
00931B,統一美債20年,11,0,11,凱基-岡山,2024-02-15,9209
00720B,元大投資級公司債,11,0,11,凱基-岡山,2024-02-15,9209
7402,邑錡,44,33,11,凱基-岡山,2024-02-15,9209
8096,擎亞,16,5,11,凱基-岡山,2024-02-15,9209
2867,三商壽,10,0,10,凱基-岡山,2024-02-15,9209
3702A,大聯大甲特,10,0,10,凱基-岡山,2024-02-15,9209
2024,志聯,10,0,10,凱基-岡山,2024-02-15,9209
2347,聯強,10,1,9,凱基-岡山,2024-02-15,9209
6196,帆宣,10,1,9,凱基-岡山,2024-02-15,9209
2317,鴻海,9,0,9,凱基-岡山,2024-02-15,9209
2301,光寶科,14,6,8,凱基-岡山,2024-02-15,9209
2312,金寶,12,4,8,凱基-岡山,2024-02-15,9209
2392,正崴,8,0,8,凱基-岡山,2024-02-15,9209
6770,力積電,8,0,8,凱基-岡山,2024-02-15,9209
2610,華航,13,6,7,凱基-岡山,2024-02-15,9209
3003,健和興,7,0,7,凱基-岡山,2024-02-15,9209
2888,新光金,165,0,165,凱基-岡山,2024-02-16,9209
00687B,國泰20年美債,76,0,76,凱基-岡山,2024-02-16,9209
2353,宏��,132,67,65,凱基-岡山,2024-02-16,9209
00632R,元大台灣50反1,91,31,60,凱基-岡山,2024-02-16,9209
2618,長榮航,62,3,59,凱基-岡山,2024-02-16,9209
00673R,期元大S＆P原油反1,51,0,51,凱基-岡山,2024-02-16,9209
00937B,群益ESG投等債20,40,0,40,凱基-岡山,2024-02-16,9209
00919,群益台灣精選高息,50,14,36,凱基-岡山,2024-02-16,9209
5469,瀚宇博,34,0,34,凱基-岡山,2024-02-16,9209
00680L,元大美債20正2,32,0,32,凱基-岡山,2024-02-16,9209
00891,中信關鍵半導體,30,0,30,凱基-岡山,2024-02-16,9209
2884,玉山金,27,0,27,凱基-岡山,2024-02-16,9209
2442,新美齊,22,2,20,凱基-岡山,2024-02-16,9209
4527,方土霖,20,0,20,凱基-岡山,2024-02-16,9209
2024,志聯,20,0,20,凱基-岡山,2024-02-16,9209
8936,國統,31,14,17,凱基-岡山,2024-02-16,9209
00933B,國泰10Y+金融債,15,0,15,凱基-岡山,2024-02-16,9209
3036,文曄,19,5,14,凱基-岡山,2024-02-16,9209
00878,國泰永續高股息,34,21,13,凱基-岡山,2024-02-16,9209
2887,台新金,13,0,13,凱基-岡山,2024-02-16,9209
6126,信音,12,0,12,凱基-岡山,2024-02-16,9209
8210,勤誠,15,3,12,凱基-岡山,2024-02-16,9209
4908,前鼎,24,13,11,凱基-岡山,2024-02-16,9209
00773B,中信優先金融債,10,0,10,凱基-岡山,2024-02-16,9209
3078,僑威,10,0,10,凱基-岡山,2024-02-16,9209
6142,友勁,10,0,10,凱基-岡山,2024-02-16,9209
9914,美利達,10,0,10,凱基-岡山,2024-02-16,9209
2382,廣達,24,14,10,凱基-岡山,2024-02-16,9209
00722B,群益投資級電信債,9,0,9,凱基-岡山,2024-02-16,9209
00857B,永豐20年美公債,8,0,8,凱基-岡山,2024-02-16,9209
4961,天鈺,8,0,8,凱基-岡山,2024-02-16,9209
2303,聯電,9,1,8,凱基-岡山,2024-02-16,9209
4736,泰博,8,0,8,凱基-岡山,2024-02-16,9209
1101,台泥,14,7,7,凱基-岡山,2024-02-16,9209
00665L,富邦�琤肭磪囓�2,7,0,7,凱基-岡山,2024-02-16,9209
6215,和椿,7,0,7,凱基-岡山,2024-02-16,9209
00637L,元大滬深300正2,7,0,7,凱基-岡山,2024-02-16,9209
00772B,中信高評級公司債,6,0,6,凱基-岡山,2024-02-16,9209
2365,昆盈,88,82,6,凱基-岡山,2024-02-16,9209
3535,晶彩科,6,0,6,凱基-岡山,2024-02-16,9209
3550,聯穎,6,0,6,凱基-岡山,2024-02-16,9209
2329,華泰,25,19,6,凱基-岡山,2024-02-16,9209
00931B,統一美債20年,5,0,5,凱基-岡山,2024-02-16,9209
006205,富邦上証,5,0,5,凱基-岡山,2024-02-16,9209
1806,冠軍,5,0,5,凱基-岡山,2024-02-16,9209
2405,輔信,6,1,5,凱基-岡山,2024-02-16,9209
2421,建準,15,10,5,凱基-岡山,2024-02-16,9209
2457,飛宏,6,1,5,凱基-岡山,2024-02-16,9209
2634,漢翔,5,0,5,凱基-岡山,2024-02-16,9209
3033,威健,5,0,5,凱基-岡山,2024-02-16,9209
00687B,國泰20年美債,119,0,119,凱基-岡山,2024-02-19,9209
00929,復華台灣科技優息,92,30,62,凱基-岡山,2024-02-19,9209
00937B,群益ESG投等債20,58,0,58,凱基-岡山,2024-02-19,9209
00919,群益台灣精選高息,41,0,41,凱基-岡山,2024-02-19,9209
2884,玉山金,29,0,29,凱基-岡山,2024-02-19,9209
2515,中工,27,0,27,凱基-岡山,2024-02-19,9209
2332,友訊,26,1,25,凱基-岡山,2024-02-19,9209
3715,定穎投控,22,0,22,凱基-岡山,2024-02-19,9209
6005,群益證,20,0,20,凱基-岡山,2024-02-19,9209
00878,國泰永續高股息,46,27,19,凱基-岡山,2024-02-19,9209
1316,上曜,43,25,18,凱基-岡山,2024-02-19,9209
1905,華紙,16,0,16,凱基-岡山,2024-02-19,9209
2382,廣達,16,0,16,凱基-岡山,2024-02-19,9209
00665L,富邦�琤肭磪囓�2,15,0,15,凱基-岡山,2024-02-19,9209
5521,工信,20,5,15,凱基-岡山,2024-02-19,9209
6189,豐藝,18,3,15,凱基-岡山,2024-02-19,9209
2887,台新金,15,0,15,凱基-岡山,2024-02-19,9209
2365,昆盈,168,154,14,凱基-岡山,2024-02-19,9209
4532,瑞智,13,0,13,凱基-岡山,2024-02-19,9209
2324,仁寶,13,2,11,凱基-岡山,2024-02-19,9209
00933B,國泰10Y+金融債,18,7,11,凱基-岡山,2024-02-19,9209
1455,集盛,11,0,11,凱基-岡山,2024-02-19,9209
1536,和大,11,0,11,凱基-岡山,2024-02-19,9209
4207,環泰,11,0,11,凱基-岡山,2024-02-19,9209
1102,亞泥,10,0,10,凱基-岡山,2024-02-19,9209
00632R,元大台灣50反1,10,0,10,凱基-岡山,2024-02-19,9209
2020,美亞,10,0,10,凱基-岡山,2024-02-19,9209
6129,普誠,10,0,10,凱基-岡山,2024-02-19,9209
1513,中興電,29,19,10,凱基-岡山,2024-02-19,9209
00679B,元大美債20年,9,0,9,凱基-岡山,2024-02-19,9209
2498,宏達電,11,2,9,凱基-岡山,2024-02-19,9209
2883,凱基金,17,8,9,凱基-岡山,2024-02-19,9209
8096,擎亞,32,23,9,凱基-岡山,2024-02-19,9209
2409,友達,21,13,8,凱基-岡山,2024-02-19,9209
3535,晶彩科,8,0,8,凱基-岡山,2024-02-19,9209
6126,信音,11,3,8,凱基-岡山,2024-02-19,9209
6191,精成科,8,0,8,凱基-岡山,2024-02-19,9209
6735,美達科技,8,0,8,凱基-岡山,2024-02-19,9209
3231,緯創,16,9,7,凱基-岡山,2024-02-19,9209
2330,台積電,10,2,8,凱基-岡山,2024-02-19,9209
00673R,期元大S＆P原油反1,7,0,7,凱基-岡山,2024-02-19,9209
3047,訊舟,25,18,7,凱基-岡山,2024-02-19,9209
3450,聯鈞,9,2,7,凱基-岡山,2024-02-19,9209
8210,勤誠,7,0,7,凱基-岡山,2024-02-19,9209
2371,大同,6,0,6,凱基-岡山,2024-02-19,9209
1504,東元,6,0,6,凱基-岡山,2024-02-19,9209
2367,燿華,6,0,6,凱基-岡山,2024-02-19,9209
4909,新復興,7,1,6,凱基-岡山,2024-02-19,9209
4979,華星光,10,4,6,凱基-岡山,2024-02-19,9209
6139,亞翔,6,0,6,凱基-岡山,2024-02-19,9209
00882,中信中國高股息,250,0,250,凱基-岡山,2024-02-20,9209
00632R,元大台灣50反1,70,0,70,凱基-岡山,2024-02-20,9209
2023,燁輝,46,0,46,凱基-岡山,2024-02-20,9209
6005,群益證,45,0,45,凱基-岡山,2024-02-20,9209
3024,憶聲,34,0,34,凱基-岡山,2024-02-20,9209
00933B,國泰10Y+金融債,33,0,33,凱基-岡山,2024-02-20,9209
4960,誠美材,29,2,27,凱基-岡山,2024-02-20,9209
2332,友訊,27,1,26,凱基-岡山,2024-02-20,9209
2405,輔信,28,3,25,凱基-岡山,2024-02-20,9209
4714,永捷,38,16,22,凱基-岡山,2024-02-20,9209
3231,緯創,34,12,22,凱基-岡山,2024-02-20,9209
1312,國喬,20,0,20,凱基-岡山,2024-02-20,9209
2884,玉山金,20,0,20,凱基-岡山,2024-02-20,9209
2329,華泰,52,34,18,凱基-岡山,2024-02-20,9209
2401,凌陽,21,3,18,凱基-岡山,2024-02-20,9209
00937B,群益ESG投等債20,22,5,17,凱基-岡山,2024-02-20,9209
6126,信音,141,124,17,凱基-岡山,2024-02-20,9209
00919,群益台灣精選高息,32,15,17,凱基-岡山,2024-02-20,9209
2353,宏��,40,24,16,凱基-岡山,2024-02-20,9209
2489,瑞軒,15,0,15,凱基-岡山,2024-02-20,9209
1905,華紙,12,0,12,凱基-岡山,2024-02-20,9209
2363,矽統,14,2,12,凱基-岡山,2024-02-20,9209
2890,永豐金,11,0,11,凱基-岡山,2024-02-20,9209
00673R,期元大S＆P原油反1,11,1,10,凱基-岡山,2024-02-20,9209
1313,聯成,10,0,10,凱基-岡山,2024-02-20,9209
1540,喬福,10,0,10,凱基-岡山,2024-02-20,9209
4167,松瑞藥,10,0,10,凱基-岡山,2024-02-20,9209
6863,永道-KY,10,0,10,凱基-岡山,2024-02-20,9209
8047,星雲,10,0,10,凱基-岡山,2024-02-20,9209
00929,復華台灣科技優息,31,22,9,凱基-岡山,2024-02-20,9209
3543,州巧,9,0,9,凱基-岡山,2024-02-20,9209
8064,東捷,20,11,9,凱基-岡山,2024-02-20,9209
2024,志聯,10,2,8,凱基-岡山,2024-02-20,9209
2359,所羅門,8,0,8,凱基-岡山,2024-02-20,9209
2369,菱生,13,5,8,凱基-岡山,2024-02-20,9209
3041,揚智,57,49,8,凱基-岡山,2024-02-20,9209
3048,益登,8,0,8,凱基-岡山,2024-02-20,9209
4402,郡都開發,10,2,8,凱基-岡山,2024-02-20,9209
00680L,元大美債20正2,7,0,7,凱基-岡山,2024-02-20,9209
1806,冠軍,8,1,7,凱基-岡山,2024-02-20,9209
2643,捷迅,7,0,7,凱基-岡山,2024-02-20,9209
2258,鴻華先進-創,6,0,6,凱基-岡山,2024-02-20,9209
2313,華通,13,7,6,凱基-岡山,2024-02-20,9209
2612,中航,6,0,6,凱基-岡山,2024-02-20,9209
3481,群創,11,5,6,凱基-岡山,2024-02-20,9209
4956,光鋐,6,0,6,凱基-岡山,2024-02-20,9209
6282,康舒,50,44,6,凱基-岡山,2024-02-20,9209
6715,嘉基,6,0,6,凱基-岡山,2024-02-20,9209
2371,大同,6,0,6,凱基-岡山,2024-02-20,9209
6806,森崴能源,8,2,6,凱基-岡山,2024-02-20,9209
00655L,國泰中國A50正2,123,0,123,凱基-岡山,2024-02-21,9209
3024,憶聲,96,0,96,凱基-岡山,2024-02-21,9209
2609,陽明,110,25,85,凱基-岡山,2024-02-21,9209
00937B,群益ESG投等債20,79,0,79,凱基-岡山,2024-02-21,9209
00878,國泰永續高股息,76,0,76,凱基-岡山,2024-02-21,9209
1785,光洋科,54,0,54,凱基-岡山,2024-02-21,9209
00933B,國泰10Y+金融債,51,0,51,凱基-岡山,2024-02-21,9209
2332,友訊,28,1,27,凱基-岡山,2024-02-21,9209
6282,康舒,30,7,23,凱基-岡山,2024-02-21,9209
00680L,元大美債20正2,20,0,20,凱基-岡山,2024-02-21,9209
2383,台光電,20,0,20,凱基-岡山,2024-02-21,9209
2024,志聯,19,0,19,凱基-岡山,2024-02-21,9209
2812,台中銀,20,2,18,凱基-岡山,2024-02-21,9209
1316,上曜,141,124,17,凱基-岡山,2024-02-21,9209
00651R,復華香港反1,16,0,16,凱基-岡山,2024-02-21,9209
6233,旺玖,23,8,15,凱基-岡山,2024-02-21,9209
2303,聯電,16,2,14,凱基-岡山,2024-02-21,9209
2890,永豐金,15,1,14,凱基-岡山,2024-02-21,9209
00679B,元大美債20年,14,0,14,凱基-岡山,2024-02-21,9209
2355,敬鵬,14,1,13,凱基-岡山,2024-02-21,9209
00929,復華台灣科技優息,25,13,12,凱基-岡山,2024-02-21,9209
3545,敦泰,16,5,11,凱基-岡山,2024-02-21,9209
1313,聯成,11,0,11,凱基-岡山,2024-02-21,9209
2369,菱生,16,5,11,凱基-岡山,2024-02-21,9209
3551,世禾,11,0,11,凱基-岡山,2024-02-21,9209
3583,辛耘,14,3,11,凱基-岡山,2024-02-21,9209
3231,緯創,39,28,11,凱基-岡山,2024-02-21,9209
00676R,富邦臺灣加權反1,10,0,10,凱基-岡山,2024-02-21,9209
2442,新美齊,10,0,10,凱基-岡山,2024-02-21,9209
6270,倍微,10,0,10,凱基-岡山,2024-02-21,9209
6806,森崴能源,12,2,10,凱基-岡山,2024-02-21,9209
2014,中鴻,8,0,8,凱基-岡山,2024-02-21,9209
0056,元大高股息,10,2,8,凱基-岡山,2024-02-21,9209
5443,均豪,19,12,7,凱基-岡山,2024-02-21,9209
2409,友達,7,0,7,凱基-岡山,2024-02-21,9209
2618,長榮航,57,50,7,凱基-岡山,2024-02-21,9209
3437,榮創,7,0,7,凱基-岡山,2024-02-21,9209
5488,松普,13,6,7,凱基-岡山,2024-02-21,9209
6451,訊芯-KY,7,0,7,凱基-岡山,2024-02-21,9209
3321,同泰,7,0,7,凱基-岡山,2024-02-21,9209
6770,力積電,27,21,6,凱基-岡山,2024-02-21,9209
2605,新興,12,6,6,凱基-岡山,2024-02-21,9209
2637,慧洋-KY,13,7,6,凱基-岡山,2024-02-21,9209
2836,高雄銀,6,0,6,凱基-岡山,2024-02-21,9209
3066,李洲,6,0,6,凱基-岡山,2024-02-21,9209
4979,華星光,14,8,6,凱基-岡山,2024-02-21,9209
9912,偉聯,6,0,6,凱基-岡山,2024-02-21,9209
2884,玉山金,6,0,6,凱基-岡山,2024-02-21,9209
2382,廣達,19,14,5,凱基-岡山,2024-02-21,9209
2457,飛宏,5,0,5,凱基-岡山,2024-02-21,9209
0056,元大高股息,133,12,121,凱基-岡山,2024-02-22,9209
5315,光聯,100,0,100,凱基-岡山,2024-02-22,9209
2329,華泰,133,76,57,凱基-岡山,2024-02-22,9209
2363,矽統,42,0,42,凱基-岡山,2024-02-22,9209
00933B,國泰10Y+金融債,36,0,36,凱基-岡山,2024-02-22,9209
2417,圓剛,36,4,32,凱基-岡山,2024-02-22,9209
2024,志聯,31,0,31,凱基-岡山,2024-02-22,9209
9105,泰金寶-DR,26,0,26,凱基-岡山,2024-02-22,9209
5443,均豪,30,5,25,凱基-岡山,2024-02-22,9209
1809,中釉,21,0,21,凱基-岡山,2024-02-22,9209
2367,燿華,25,6,19,凱基-岡山,2024-02-22,9209
00919,群益台灣精選高息,34,15,19,凱基-岡山,2024-02-22,9209
2371,大同,36,19,17,凱基-岡山,2024-02-22,9209
3231,緯創,49,32,17,凱基-岡山,2024-02-22,9209
8076,伍豐,15,0,15,凱基-岡山,2024-02-22,9209
2618,長榮航,16,2,14,凱基-岡山,2024-02-22,9209
00882,中信中國高股息,12,0,12,凱基-岡山,2024-02-22,9209
00687B,國泰20年美債,12,0,12,凱基-岡山,2024-02-22,9209
5498,凱崴,12,0,12,凱基-岡山,2024-02-22,9209
6443,元晶,12,0,12,凱基-岡山,2024-02-22,9209
1504,東元,11,0,11,凱基-岡山,2024-02-22,9209
00688L,國泰20年美債正2,10,0,10,凱基-岡山,2024-02-22,9209
2444,兆勁,10,0,10,凱基-岡山,2024-02-22,9209
2489,瑞軒,11,1,10,凱基-岡山,2024-02-22,9209
2515,中工,10,0,10,凱基-岡山,2024-02-22,9209
3362,先進光,11,1,10,凱基-岡山,2024-02-22,9209
3479,安勤,10,0,10,凱基-岡山,2024-02-22,9209
4532,瑞智,10,0,10,凱基-岡山,2024-02-22,9209
6182,合晶,10,0,10,凱基-岡山,2024-02-22,9209
6288,聯嘉,10,0,10,凱基-岡山,2024-02-22,9209
6477,安集,10,0,10,凱基-岡山,2024-02-22,9209
6505,台塑化,10,0,10,凱基-岡山,2024-02-22,9209
00929,復華台灣科技優息,29,19,10,凱基-岡山,2024-02-22,9209
1513,中興電,16,6,10,凱基-岡山,2024-02-22,9209
00679B,元大美債20年,11,1,10,凱基-岡山,2024-02-22,9209
4979,華星光,16,6,10,凱基-岡山,2024-02-22,9209
1785,光洋科,21,12,9,凱基-岡山,2024-02-22,9209
3583,辛耘,10,1,9,凱基-岡山,2024-02-22,9209
6770,力積電,8,0,8,凱基-岡山,2024-02-22,9209
3041,揚智,11,3,8,凱基-岡山,2024-02-22,9209
3338,泰碩,8,0,8,凱基-岡山,2024-02-22,9209
00795B,中信美國公債20年,7,0,7,凱基-岡山,2024-02-22,9209
2633,台灣高鐵,6,0,6,凱基-岡山,2024-02-22,9209
00857B,永豐20年美公債,6,0,6,凱基-岡山,2024-02-22,9209
00934,中信成長高股息,6,0,6,凱基-岡山,2024-02-22,9209
1514,亞力,10,4,6,凱基-岡山,2024-02-22,9209
2312,金寶,6,0,6,凱基-岡山,2024-02-22,9209
2612,中航,6,0,6,凱基-岡山,2024-02-22,9209
3520,華盈,6,0,6,凱基-岡山,2024-02-22,9209
6451,訊芯-KY,13,7,6,凱基-岡山,2024-02-22,9209
00937B,群益ESG投等債20,155,16,139,凱基-岡山,2024-02-23,9209
3024,憶聲,68,4,64,凱基-岡山,2024-02-23,9209
00919,群益台灣精選高息,66,12,54,凱基-岡山,2024-02-23,9209
2610,華航,48,0,48,凱基-岡山,2024-02-23,9209
2303,聯電,47,0,47,凱基-岡山,2024-02-23,9209
2014,中鴻,77,36,41,凱基-岡山,2024-02-23,9209
00929,復華台灣科技優息,86,50,36,凱基-岡山,2024-02-23,9209
00751B,元大AAA至A公司債,31,0,31,凱基-岡山,2024-02-23,9209
00632R,元大台灣50反1,74,46,28,凱基-岡山,2024-02-23,9209
1785,光洋科,20,0,20,凱基-岡山,2024-02-23,9209
2489,瑞軒,20,0,20,凱基-岡山,2024-02-23,9209
00878,國泰永續高股息,47,27,20,凱基-岡山,2024-02-23,9209
2382,廣達,33,15,18,凱基-岡山,2024-02-23,9209
00679B,元大美債20年,16,0,16,凱基-岡山,2024-02-23,9209
2305,全友,16,0,16,凱基-岡山,2024-02-23,9209
4532,瑞智,16,0,16,凱基-岡山,2024-02-23,9209
00687B,國泰20年美債,15,0,15,凱基-岡山,2024-02-23,9209
00680L,元大美債20正2,16,1,15,凱基-岡山,2024-02-23,9209
00673R,期元大S＆P原油反1,13,0,13,凱基-岡山,2024-02-23,9209
2363,矽統,33,20,13,凱基-岡山,2024-02-23,9209
2313,華通,91,78,13,凱基-岡山,2024-02-23,9209
8150,南茂,12,0,12,凱基-岡山,2024-02-23,9209
1303,南亞,11,0,11,凱基-岡山,2024-02-23,9209
2023,燁輝,11,0,11,凱基-岡山,2024-02-23,9209
2884,玉山金,16,5,11,凱基-岡山,2024-02-23,9209
3231,緯創,38,28,10,凱基-岡山,2024-02-23,9209
2880,華南金,10,0,10,凱基-岡山,2024-02-23,9209
6285,啟��,14,4,10,凱基-岡山,2024-02-23,9209
00715L,期街口布蘭特正2,10,0,10,凱基-岡山,2024-02-23,9209
1463,強盛新,10,0,10,凱基-岡山,2024-02-23,9209
1806,冠軍,11,1,10,凱基-岡山,2024-02-23,9209
2206,三陽工業,10,0,10,凱基-岡山,2024-02-23,9209
3169,亞信,10,0,10,凱基-岡山,2024-02-23,9209
9904,寶成,10,0,10,凱基-岡山,2024-02-23,9209
2356,英業達,19,9,10,凱基-岡山,2024-02-23,9209
1584,精剛,10,1,9,凱基-岡山,2024-02-23,9209
3380,明泰,10,1,9,凱基-岡山,2024-02-23,9209
6282,康舒,19,10,9,凱基-岡山,2024-02-23,9209
6668,中揚光,9,0,9,凱基-岡山,2024-02-23,9209
6189,豐藝,10,2,8,凱基-岡山,2024-02-23,9209
00933B,國泰10Y+金融債,7,0,7,凱基-岡山,2024-02-23,9209
1313,聯成,7,0,7,凱基-岡山,2024-02-23,9209
1905,華紙,7,0,7,凱基-岡山,2024-02-23,9209
2486,一詮,7,0,7,凱基-岡山,2024-02-23,9209
8105,凌巨,10,3,7,凱基-岡山,2024-02-23,9209
5388,中磊,38,31,7,凱基-岡山,2024-02-23,9209
2002,中鋼,7,0,7,凱基-岡山,2024-02-23,9209
3715,定穎投控,6,0,6,凱基-岡山,2024-02-23,9209
2449,京元電子,26,20,6,凱基-岡山,2024-02-23,9209
2402,毅嘉,6,0,6,凱基-岡山,2024-02-23,9209
6226,光鼎,100,4,96,凱基-岡山,2024-02-26,9209
00878,國泰永續高股息,69,5,64,凱基-岡山,2024-02-26,9209
1513,中興電,69,10,59,凱基-岡山,2024-02-26,9209
3024,憶聲,55,0,55,凱基-岡山,2024-02-26,9209
00919,群益台灣精選高息,37,2,35,凱基-岡山,2024-02-26,9209
2405,輔信,41,10,31,凱基-岡山,2024-02-26,9209
00929,復華台灣科技優息,43,16,27,凱基-岡山,2024-02-26,9209
00933B,國泰10Y+金融債,25,1,24,凱基-岡山,2024-02-26,9209
00715L,期街口布蘭特正2,22,0,22,凱基-岡山,2024-02-26,9209
1785,光洋科,22,2,20,凱基-岡山,2024-02-26,9209
8040,九暘,52,32,20,凱基-岡山,2024-02-26,9209
5439,高技,20,1,19,凱基-岡山,2024-02-26,9209
8027,鈦昇,20,2,18,凱基-岡山,2024-02-26,9209
2303,聯電,14,0,14,凱基-岡山,2024-02-26,9209
2313,華通,19,6,13,凱基-岡山,2024-02-26,9209
2002,中鋼,15,2,13,凱基-岡山,2024-02-26,9209
00918,大華優利高填息30,13,0,13,凱基-岡山,2024-02-26,9209
1301,台塑,12,0,12,凱基-岡山,2024-02-26,9209
1314,中石化,12,0,12,凱基-岡山,2024-02-26,9209
2301,光寶科,12,0,12,凱基-岡山,2024-02-26,9209
6122,擎邦,13,1,12,凱基-岡山,2024-02-26,9209
2024,志聯,11,0,11,凱基-岡山,2024-02-26,9209
2892,第一金,11,0,11,凱基-岡山,2024-02-26,9209
3227,原相,15,5,10,凱基-岡山,2024-02-26,9209
1326,台化,10,0,10,凱基-岡山,2024-02-26,9209
2440,太空梭,10,0,10,凱基-岡山,2024-02-26,9209
4526,東台,12,2,10,凱基-岡山,2024-02-26,9209
5381,合正,10,0,10,凱基-岡山,2024-02-26,9209
5531,鄉林,10,0,10,凱基-岡山,2024-02-26,9209
3437,榮創,10,1,9,凱基-岡山,2024-02-26,9209
3545,敦泰,9,0,9,凱基-岡山,2024-02-26,9209
2353,宏��,13,4,9,凱基-岡山,2024-02-26,9209
5512,力麒,10,1,9,凱基-岡山,2024-02-26,9209
6126,信音,15,6,9,凱基-岡山,2024-02-26,9209
1717,長興,24,16,8,凱基-岡山,2024-02-26,9209
2609,陽明,9,1,8,凱基-岡山,2024-02-26,9209
6505,台塑化,8,0,8,凱基-岡山,2024-02-26,9209
2363,矽統,53,45,8,凱基-岡山,2024-02-26,9209
2882,國泰金,8,0,8,凱基-岡山,2024-02-26,9209
3706,神達,8,0,8,凱基-岡山,2024-02-26,9209
6237,驊訊,8,0,8,凱基-岡山,2024-02-26,9209
6275,元山,8,0,8,凱基-岡山,2024-02-26,9209
3231,緯創,16,8,8,凱基-岡山,2024-02-26,9209
00927,群益半導體收益,7,0,7,凱基-岡山,2024-02-26,9209
1536,和大,7,0,7,凱基-岡山,2024-02-26,9209
2332,友訊,7,0,7,凱基-岡山,2024-02-26,9209
2369,菱生,7,0,7,凱基-岡山,2024-02-26,9209
6288,聯嘉,7,0,7,凱基-岡山,2024-02-26,9209
8271,宇瞻,8,1,7,凱基-岡山,2024-02-26,9209
3707,漢磊,7,0,7,凱基-岡山,2024-02-26,9209
00929,復華台灣科技優息,159,11,148,凱基-岡山,2024-02-27,9209
00937B,群益ESG投等債20,130,3,127,凱基-岡山,2024-02-27,9209
00933B,國泰10Y+金融債,115,5,110,凱基-岡山,2024-02-27,9209
8059,凱碩,80,0,80,凱基-岡山,2024-02-27,9209
00878,國泰永續高股息,81,10,71,凱基-岡山,2024-02-27,9209
2408,南亞科,68,1,67,凱基-岡山,2024-02-27,9209
00725B,國泰投資級公司債,50,0,50,凱基-岡山,2024-02-27,9209
9105,泰金寶-DR,33,0,33,凱基-岡山,2024-02-27,9209
8027,鈦昇,32,1,31,凱基-岡山,2024-02-27,9209
1785,光洋科,30,0,30,凱基-岡山,2024-02-27,9209
2002,中鋼,25,0,25,凱基-岡山,2024-02-27,9209
2024,志聯,23,0,23,凱基-岡山,2024-02-27,9209
3545,敦泰,22,1,21,凱基-岡山,2024-02-27,9209
1314,中石化,21,0,21,凱基-岡山,2024-02-27,9209
2206,三陽工業,20,0,20,凱基-岡山,2024-02-27,9209
4513,福裕,20,0,20,凱基-岡山,2024-02-27,9209
4543,萬在,20,0,20,凱基-岡山,2024-02-27,9209
2618,長榮航,19,0,19,凱基-岡山,2024-02-27,9209
00687B,國泰20年美債,18,0,18,凱基-岡山,2024-02-27,9209
5425,台半,17,0,17,凱基-岡山,2024-02-27,9209
6125,廣運,22,5,17,凱基-岡山,2024-02-27,9209
6237,驊訊,20,3,17,凱基-岡山,2024-02-27,9209
00772B,中信高評級公司債,16,0,16,凱基-岡山,2024-02-27,9209
2498,宏達電,16,0,16,凱基-岡山,2024-02-27,9209
2363,矽統,53,37,16,凱基-岡山,2024-02-27,9209
00679B,元大美債20年,15,0,15,凱基-岡山,2024-02-27,9209
1711,永光,20,5,15,凱基-岡山,2024-02-27,9209
8040,九暘,16,1,15,凱基-岡山,2024-02-27,9209
2636,台驊控股,14,0,14,凱基-岡山,2024-02-27,9209
3024,憶聲,67,53,14,凱基-岡山,2024-02-27,9209
00918,大華優利高填息30,13,0,13,凱基-岡山,2024-02-27,9209
00680L,元大美債20正2,12,0,12,凱基-岡山,2024-02-27,9209
2359,所羅門,12,0,12,凱基-岡山,2024-02-27,9209
3034,聯詠,16,4,12,凱基-岡山,2024-02-27,9209
3596,智易,11,0,11,凱基-岡山,2024-02-27,9209
00712,復華富時不動產,11,0,11,凱基-岡山,2024-02-27,9209
2356,英業達,15,5,10,凱基-岡山,2024-02-27,9209
00751B,元大AAA至A公司債,10,0,10,凱基-岡山,2024-02-27,9209
00907,永豐優息存股,10,0,10,凱基-岡山,2024-02-27,9209
00888,永豐台灣ESG,10,0,10,凱基-岡山,2024-02-27,9209
1444,力麗,10,0,10,凱基-岡山,2024-02-27,9209
2331,精英,10,0,10,凱基-岡山,2024-02-27,9209
2889,國票金,10,0,10,凱基-岡山,2024-02-27,9209
3207,耀勝,10,0,10,凱基-岡山,2024-02-27,9209
5511,德昌,12,2,10,凱基-岡山,2024-02-27,9209
6154,順發,11,1,10,凱基-岡山,2024-02-27,9209
6179,亞通,10,0,10,凱基-岡山,2024-02-27,9209
3706,神達,13,3,10,凱基-岡山,2024-02-27,9209
8936,國統,18,9,9,凱基-岡山,2024-02-27,9209
00673R,期元大S＆P原油反1,34,25,9,凱基-岡山,2024-02-27,9209
9904,寶成,100,0,100,凱基-岡山,2024-02-29,9209
00937B,群益ESG投等債20,89,0,89,凱基-岡山,2024-02-29,9209
2002,中鋼,71,1,70,凱基-岡山,2024-02-29,9209
00929,復華台灣科技優息,89,32,57,凱基-岡山,2024-02-29,9209
00673R,期元大S＆P原油反1,51,0,51,凱基-岡山,2024-02-29,9209
3024,憶聲,45,0,45,凱基-岡山,2024-02-29,9209
2024,志聯,41,0,41,凱基-岡山,2024-02-29,9209
00830,國泰費城半導體,40,0,40,凱基-岡山,2024-02-29,9209
00665L,富邦�琤肭磪囓�2,35,0,35,凱基-岡山,2024-02-29,9209
00687B,國泰20年美債,32,0,32,凱基-岡山,2024-02-29,9209
6770,力積電,33,2,31,凱基-岡山,2024-02-29,9209
1524,耿鼎,31,0,31,凱基-岡山,2024-02-29,9209
3322,建舜電,28,0,28,凱基-岡山,2024-02-29,9209
1609,大亞,39,14,25,凱基-岡山,2024-02-29,9209
9105,泰金寶-DR,24,0,24,凱基-岡山,2024-02-29,9209
2324,仁寶,24,2,22,凱基-岡山,2024-02-29,9209
2836,高雄銀,20,0,20,凱基-岡山,2024-02-29,9209
00878,國泰永續高股息,31,13,18,凱基-岡山,2024-02-29,9209
00688L,國泰20年美債正2,17,0,17,凱基-岡山,2024-02-29,9209
2543,皇昌,17,0,17,凱基-岡山,2024-02-29,9209
2890,永豐金,20,5,15,凱基-岡山,2024-02-29,9209
5452,佶優,14,1,13,凱基-岡山,2024-02-29,9209
6179,亞通,16,3,13,凱基-岡山,2024-02-29,9209
00712,復華富時不動產,12,0,12,凱基-岡山,2024-02-29,9209
2460,建通,12,0,12,凱基-岡山,2024-02-29,9209
3034,聯詠,12,0,12,凱基-岡山,2024-02-29,9209
00933B,國泰10Y+金融債,13,2,11,凱基-岡山,2024-02-29,9209
1313,聯成,11,0,11,凱基-岡山,2024-02-29,9209
2355,敬鵬,10,1,9,凱基-岡山,2024-02-29,9209
3227,原相,9,0,9,凱基-岡山,2024-02-29,9209
00679B,元大美債20年,16,7,9,凱基-岡山,2024-02-29,9209
2382,廣達,8,0,8,凱基-岡山,2024-02-29,9209
00680L,元大美債20正2,8,0,8,凱基-岡山,2024-02-29,9209
2605,新興,14,6,8,凱基-岡山,2024-02-29,9209
3217,優群,8,0,8,凱基-岡山,2024-02-29,9209
3231,緯創,12,5,7,凱基-岡山,2024-02-29,9209
2812,台中銀,7,0,7,凱基-岡山,2024-02-29,9209
3413,京鼎,7,0,7,凱基-岡山,2024-02-29,9209
8050,廣積,7,0,7,凱基-岡山,2024-02-29,9209
2317,鴻海,9,3,6,凱基-岡山,2024-02-29,9209
2014,中鴻,6,0,6,凱基-岡山,2024-02-29,9209
2412,中華電,6,0,6,凱基-岡山,2024-02-29,9209
2889,國票金,6,0,6,凱基-岡山,2024-02-29,9209
3047,訊舟,6,0,6,凱基-岡山,2024-02-29,9209
3707,漢磊,9,3,6,凱基-岡山,2024-02-29,9209
5211,蒙恬,6,0,6,凱基-岡山,2024-02-29,9209
8040,九暘,6,0,6,凱基-岡山,2024-02-29,9209
9919,康那香,8,2,6,凱基-岡山,2024-02-29,9209
2330,台積電,8,2,6,凱基-岡山,2024-02-29,9209
2887,台新金,8,3,5,凱基-岡山,2024-02-29,9209
00919,群益台灣精選高息,139,20,119,凱基-岡山,2024-03-01,9209
2303,聯電,37,3,34,凱基-岡山,2024-03-01,9209
6591,動力-KY,33,0,33,凱基-岡山,2024-03-01,9209
00680L,元大美債20正2,30,0,30,凱基-岡山,2024-03-01,9209
2409,友達,30,0,30,凱基-岡山,2024-03-01,9209
2313,華通,27,2,25,凱基-岡山,2024-03-01,9209
2002,中鋼,43,20,23,凱基-岡山,2024-03-01,9209
2888,新光金,21,0,21,凱基-岡山,2024-03-01,9209
9904,寶成,21,0,21,凱基-岡山,2024-03-01,9209
00920,富邦ESG綠色電力,20,0,20,凱基-岡山,2024-03-01,9209
00918,大華優利高填息30,17,0,17,凱基-岡山,2024-03-01,9209
00937B,群益ESG投等債20,26,11,15,凱基-岡山,2024-03-01,9209
2609,陽明,16,1,15,凱基-岡山,2024-03-01,9209
6770,力積電,19,4,15,凱基-岡山,2024-03-01,9209
1618,合機,23,9,14,凱基-岡山,2024-03-01,9209
1316,上曜,29,17,12,凱基-岡山,2024-03-01,9209
4906,正文,12,0,12,凱基-岡山,2024-03-01,9209
6227,茂綸,12,0,12,凱基-岡山,2024-03-01,9209
8105,凌巨,13,1,12,凱基-岡山,2024-03-01,9209
00751B,元大AAA至A公司債,12,1,11,凱基-岡山,2024-03-01,9209
00929,復華台灣科技優息,34,23,11,凱基-岡山,2024-03-01,9209
1591,駿吉-KY,11,0,11,凱基-岡山,2024-03-01,9209
2206,三陽工業,22,11,11,凱基-岡山,2024-03-01,9209
1310,台苯,10,0,10,凱基-岡山,2024-03-01,9209
6116,彩晶,10,0,10,凱基-岡山,2024-03-01,9209
6226,光鼎,10,0,10,凱基-岡山,2024-03-01,9209
6548,長科*,10,0,10,凱基-岡山,2024-03-01,9209
4973,廣穎,10,1,9,凱基-岡山,2024-03-01,9209
9105,泰金寶-DR,9,0,9,凱基-岡山,2024-03-01,9209
3515,華擎,15,6,9,凱基-岡山,2024-03-01,9209
3231,緯創,24,16,8,凱基-岡山,2024-03-01,9209
2344,華邦電,8,0,8,凱基-岡山,2024-03-01,9209
2887,台新金,8,0,8,凱基-岡山,2024-03-01,9209
1101,台泥,7,0,7,凱基-岡山,2024-03-01,9209
2393,億光,8,1,7,凱基-岡山,2024-03-01,9209
2421,建準,8,1,7,凱基-岡山,2024-03-01,9209
3169,亞信,7,0,7,凱基-岡山,2024-03-01,9209
3702,大聯大,7,0,7,凱基-岡山,2024-03-01,9209
6263,普萊德,8,1,7,凱基-岡山,2024-03-01,9209
6806,森崴能源,9,3,6,凱基-岡山,2024-03-01,9209
2883,凱基金,10,4,6,凱基-岡山,2024-03-01,9209
1513,中興電,42,36,6,凱基-岡山,2024-03-01,9209
2354,鴻準,6,0,6,凱基-岡山,2024-03-01,9209
2615,萬海,14,8,6,凱基-岡山,2024-03-01,9209
2801,彰銀,6,0,6,凱基-岡山,2024-03-01,9209
3596,智易,6,0,6,凱基-岡山,2024-03-01,9209
4402,郡都開發,17,11,6,凱基-岡山,2024-03-01,9209
1503,士電,11,6,5,凱基-岡山,2024-03-01,9209
1314,中石化,5,0,5,凱基-岡山,2024-03-01,9209
2363,矽統,8,3,5,凱基-岡山,2024-03-01,9209
3372,典範,50,0,50,凱基-岡山,2024-03-04,9209
00632R,元大台灣50反1,49,0,49,凱基-岡山,2024-03-04,9209
8422,可寧衛,41,0,41,凱基-岡山,2024-03-04,9209
00937B,群益ESG投等債20,50,10,40,凱基-岡山,2024-03-04,9209
1609,大亞,43,11,32,凱基-岡山,2024-03-04,9209
00673R,期元大S＆P原油反1,29,0,29,凱基-岡山,2024-03-04,9209
00919,群益台灣精選高息,50,23,27,凱基-岡山,2024-03-04,9209
00933B,國泰10Y+金融債,27,0,27,凱基-岡山,2024-03-04,9209
5009,榮剛,26,0,26,凱基-岡山,2024-03-04,9209
00687B,國泰20年美債,24,0,24,凱基-岡山,2024-03-04,9209
2344,華邦電,33,11,22,凱基-岡山,2024-03-04,9209
00918,大華優利高填息30,21,0,21,凱基-岡山,2024-03-04,9209
00882,中信中國高股息,34,13,21,凱基-岡山,2024-03-04,9209
2323,中環,20,0,20,凱基-岡山,2024-03-04,9209
2498,宏達電,20,1,19,凱基-岡山,2024-03-04,9209
6275,元山,19,0,19,凱基-岡山,2024-03-04,9209
2618,長榮航,20,1,19,凱基-岡山,2024-03-04,9209
2002,中鋼,38,20,18,凱基-岡山,2024-03-04,9209
3266,昇陽,17,0,17,凱基-岡山,2024-03-04,9209
4906,正文,29,12,17,凱基-岡山,2024-03-04,9209
6244,茂迪,22,5,17,凱基-岡山,2024-03-04,9209
1785,光洋科,17,1,16,凱基-岡山,2024-03-04,9209
2014,中鴻,24,8,16,凱基-岡山,2024-03-04,9209
6789,采鈺,17,1,16,凱基-岡山,2024-03-04,9209
1301,台塑,15,0,15,凱基-岡山,2024-03-04,9209
00931B,統一美債20年,15,0,15,凱基-岡山,2024-03-04,9209
1731,美吾華,15,0,15,凱基-岡山,2024-03-04,9209
6288,聯嘉,15,0,15,凱基-岡山,2024-03-04,9209
4113,聯上,15,0,15,凱基-岡山,2024-03-04,9209
3171,炎洲流通,14,0,14,凱基-岡山,2024-03-04,9209
4532,瑞智,14,0,14,凱基-岡山,2024-03-04,9209
6742,澤米,15,1,14,凱基-岡山,2024-03-04,9209
8112,至上,26,12,14,凱基-岡山,2024-03-04,9209
1513,中興電,26,12,14,凱基-岡山,2024-03-04,9209
2412,中華電,16,2,14,凱基-岡山,2024-03-04,9209
1590,亞德客-KY,13,0,13,凱基-岡山,2024-03-04,9209
00679B,元大美債20年,12,0,12,凱基-岡山,2024-03-04,9209
00725B,國泰投資級公司債,12,0,12,凱基-岡山,2024-03-04,9209
5443,均豪,12,0,12,凱基-岡山,2024-03-04,9209
6548,長科*,12,0,12,凱基-岡山,2024-03-04,9209
2062,橋椿,11,0,11,凱基-岡山,2024-03-04,9209
3303,岱稜,11,0,11,凱基-岡山,2024-03-04,9209
6806,森崴能源,12,1,11,凱基-岡山,2024-03-04,9209
2007,燁興,10,0,10,凱基-岡山,2024-03-04,9209
2371,大同,23,13,10,凱基-岡山,2024-03-04,9209
2504,國產,10,0,10,凱基-岡山,2024-03-04,9209
5356,協益,10,0,10,凱基-岡山,2024-03-04,9209
6165,浪凡,10,0,10,凱基-岡山,2024-03-04,9209
9910,豐泰,10,0,10,凱基-岡山,2024-03-04,9209
2834,臺企銀,10,0,10,凱基-岡山,2024-03-04,9209
2897,王道銀行,135,10,125,凱基-岡山,2024-03-05,9209
3206,志豐,65,0,65,凱基-岡山,2024-03-05,9209
1905,華紙,101,39,62,凱基-岡山,2024-03-05,9209
00676R,富邦臺灣加權反1,60,0,60,凱基-岡山,2024-03-05,9209
2002,中鋼,47,3,44,凱基-岡山,2024-03-05,9209
3481,群創,69,26,43,凱基-岡山,2024-03-05,9209
6742,澤米,42,0,42,凱基-岡山,2024-03-05,9209
00632R,元大台灣50反1,41,1,40,凱基-岡山,2024-03-05,9209
00915,凱基優選高股息30,38,0,38,凱基-岡山,2024-03-05,9209
2801,彰銀,30,0,30,凱基-岡山,2024-03-05,9209
6207,雷科,30,1,29,凱基-岡山,2024-03-05,9209
00937B,群益ESG投等債20,41,13,28,凱基-岡山,2024-03-05,9209
2845,遠東銀,28,0,28,凱基-岡山,2024-03-05,9209
00919,群益台灣精選高息,38,12,26,凱基-岡山,2024-03-05,9209
2317,鴻海,144,122,22,凱基-岡山,2024-03-05,9209
2867,三商壽,20,0,20,凱基-岡山,2024-03-05,9209
3005,神基,20,2,18,凱基-岡山,2024-03-05,9209
3266,昇陽,17,0,17,凱基-岡山,2024-03-05,9209
4906,正文,29,12,17,凱基-岡山,2024-03-05,9209
1304,台聚,15,0,15,凱基-岡山,2024-03-05,9209
2618,長榮航,20,5,15,凱基-岡山,2024-03-05,9209
3171,炎洲流通,15,0,15,凱基-岡山,2024-03-05,9209
4109,加捷生醫,51,36,15,凱基-岡山,2024-03-05,9209
1731,美吾華,14,0,14,凱基-岡山,2024-03-05,9209
1736,喬山,14,0,14,凱基-岡山,2024-03-05,9209
6165,浪凡,14,0,14,凱基-岡山,2024-03-05,9209
8054,安國,18,5,13,凱基-岡山,2024-03-05,9209
8401,白紗科,13,0,13,凱基-岡山,2024-03-05,9209
00712,復華富時不動產,23,10,13,凱基-岡山,2024-03-05,9209
1326,台化,12,0,12,凱基-岡山,2024-03-05,9209
2062,橋椿,12,0,12,凱基-岡山,2024-03-05,9209
3042,晶技,13,1,12,凱基-岡山,2024-03-05,9209
00918,大華優利高填息30,11,0,11,凱基-岡山,2024-03-05,9209
1737,臺鹽,11,0,11,凱基-岡山,2024-03-05,9209
1785,光洋科,11,0,11,凱基-岡山,2024-03-05,9209
4930,燦星網,11,0,11,凱基-岡山,2024-03-05,9209
6109,亞元,11,0,11,凱基-岡山,2024-03-05,9209
00878,國泰永續高股息,18,8,10,凱基-岡山,2024-03-05,9209
00933B,國泰10Y+金融債,15,5,10,凱基-岡山,2024-03-05,9209
4545,銘鈺,10,0,10,凱基-岡山,2024-03-05,9209
1452,宏益,10,0,10,凱基-岡山,2024-03-05,9209
1609,大亞,21,11,10,凱基-岡山,2024-03-05,9209
2323,中環,10,0,10,凱基-岡山,2024-03-05,9209
2610,華航,10,0,10,凱基-岡山,2024-03-05,9209
2836,高雄銀,10,0,10,凱基-岡山,2024-03-05,9209
3047,訊舟,10,0,10,凱基-岡山,2024-03-05,9209
3303,岱稜,10,0,10,凱基-岡山,2024-03-05,9209
3321,同泰,10,0,10,凱基-岡山,2024-03-05,9209
4977,眾達-KY,10,0,10,凱基-岡山,2024-03-05,9209
5356,協益,10,0,10,凱基-岡山,2024-03-05,9209
00882,中信中國高股息,81,4,77,凱基-岡山,2024-03-06,9209
00937B,群益ESG投等債20,57,8,49,凱基-岡山,2024-03-06,9209
3231,緯創,59,14,45,凱基-岡山,2024-03-06,9209
1102,亞泥,40,0,40,凱基-岡山,2024-03-06,9209
5439,高技,47,7,40,凱基-岡山,2024-03-06,9209
8926,台汽電,33,0,33,凱基-岡山,2024-03-06,9209
00918,大華優利高填息30,33,0,33,凱基-岡山,2024-03-06,9209
1316,上曜,109,82,27,凱基-岡山,2024-03-06,9209
3078,僑威,29,2,27,凱基-岡山,2024-03-06,9209
8091,翔名,25,1,24,凱基-岡山,2024-03-06,9209
00922,國泰台灣領袖50,21,0,21,凱基-岡山,2024-03-06,9209
2206,三陽工業,22,2,20,凱基-岡山,2024-03-06,9209
2323,中環,20,0,20,凱基-岡山,2024-03-06,9209
8011,台通,45,27,18,凱基-岡山,2024-03-06,9209
2486,一詮,24,6,18,凱基-岡山,2024-03-06,9209
5493,三聯,17,0,17,凱基-岡山,2024-03-06,9209
1785,光洋科,16,0,16,凱基-岡山,2024-03-06,9209
3266,昇陽,16,0,16,凱基-岡山,2024-03-06,9209
2376,技嘉,15,0,15,凱基-岡山,2024-03-06,9209
1731,美吾華,14,0,14,凱基-岡山,2024-03-06,9209
6197,佳必琪,30,16,14,凱基-岡山,2024-03-06,9209
3545,敦泰,13,0,13,凱基-岡山,2024-03-06,9209
6116,彩晶,13,0,13,凱基-岡山,2024-03-06,9209
2353,宏��,13,1,12,凱基-岡山,2024-03-06,9209
2062,橋椿,12,0,12,凱基-岡山,2024-03-06,9209
2882,國泰金,12,0,12,凱基-岡山,2024-03-06,9209
3372,典範,12,0,12,凱基-岡山,2024-03-06,9209
6288,聯嘉,12,0,12,凱基-岡山,2024-03-06,9209
8034,榮群,12,0,12,凱基-岡山,2024-03-06,9209
2356,英業達,13,1,12,凱基-岡山,2024-03-06,9209
2883,凱基金,16,4,12,凱基-岡山,2024-03-06,9209
00891,中信關鍵半導體,27,16,11,凱基-岡山,2024-03-06,9209
00830,國泰費城半導體,11,0,11,凱基-岡山,2024-03-06,9209
2609,陽明,11,0,11,凱基-岡山,2024-03-06,9209
3303,岱稜,11,0,11,凱基-岡山,2024-03-06,9209
2845,遠東銀,21,10,11,凱基-岡山,2024-03-06,9209
00688L,國泰20年美債正2,20,10,10,凱基-岡山,2024-03-06,9209
1305,華夏,10,0,10,凱基-岡山,2024-03-06,9209
1416,廣豐,10,0,10,凱基-岡山,2024-03-06,9209
2444,兆勁,10,0,10,凱基-岡山,2024-03-06,9209
2504,國產,10,0,10,凱基-岡山,2024-03-06,9209
3312,弘憶股,10,0,10,凱基-岡山,2024-03-06,9209
3689,湧德,11,1,10,凱基-岡山,2024-03-06,9209
4113,聯上,10,0,10,凱基-岡山,2024-03-06,9209
5356,協益,10,0,10,凱基-岡山,2024-03-06,9209
5498,凱崴,13,3,10,凱基-岡山,2024-03-06,9209
6188,廣明,11,1,10,凱基-岡山,2024-03-06,9209
6270,倍微,10,0,10,凱基-岡山,2024-03-06,9209
9955,佳龍,10,0,10,凱基-岡山,2024-03-06,9209
1303,南亞,9,0,9,凱基-岡山,2024-03-06,9209
00632R,元大台灣50反1,256,2,254,凱基-岡山,2024-03-07,9209
1815,富喬,232,8,224,凱基-岡山,2024-03-07,9209
00929,復華台灣科技優息,151,57,94,凱基-岡山,2024-03-07,9209
4128,中天,60,0,60,凱基-岡山,2024-03-07,9209
1316,上曜,168,123,45,凱基-岡山,2024-03-07,9209
1785,光洋科,54,10,44,凱基-岡山,2024-03-07,9209
00918,大華優利高填息30,41,0,41,凱基-岡山,2024-03-07,9209
8059,凱碩,40,0,40,凱基-岡山,2024-03-07,9209
00919,群益台灣精選高息,104,69,35,凱基-岡山,2024-03-07,9209
00706L,期元大S＆P日圓正2,35,0,35,凱基-岡山,2024-03-07,9209
1611,中電,33,1,32,凱基-岡山,2024-03-07,9209
3481,群創,34,5,29,凱基-岡山,2024-03-07,9209
3689,湧德,38,9,29,凱基-岡山,2024-03-07,9209
5521,工信,59,30,29,凱基-岡山,2024-03-07,9209
2504,國產,28,0,28,凱基-岡山,2024-03-07,9209
3024,憶聲,40,14,26,凱基-岡山,2024-03-07,9209
2449,京元電子,46,23,23,凱基-岡山,2024-03-07,9209
2324,仁寶,27,4,23,凱基-岡山,2024-03-07,9209
2402,毅嘉,20,0,20,凱基-岡山,2024-03-07,9209
3669,圓展,21,1,20,凱基-岡山,2024-03-07,9209
2002,中鋼,28,9,19,凱基-岡山,2024-03-07,9209
6901,鑽石投資,22,3,19,凱基-岡山,2024-03-07,9209
3266,昇陽,17,0,17,凱基-岡山,2024-03-07,9209
3231,緯創,27,11,16,凱基-岡山,2024-03-07,9209
3188,鑫龍騰,17,1,16,凱基-岡山,2024-03-07,9209
6270,倍微,16,0,16,凱基-岡山,2024-03-07,9209
8076,伍豐,15,0,15,凱基-岡山,2024-03-07,9209
2421,建準,22,7,15,凱基-岡山,2024-03-07,9209
3047,訊舟,14,0,14,凱基-岡山,2024-03-07,9209
9945,潤泰新,14,0,14,凱基-岡山,2024-03-07,9209
1471,首利,13,0,13,凱基-岡山,2024-03-07,9209
2409,友達,24,11,13,凱基-岡山,2024-03-07,9209
3545,敦泰,13,0,13,凱基-岡山,2024-03-07,9209
2062,橋椿,12,0,12,凱基-岡山,2024-03-07,9209
2355,敬鵬,14,2,12,凱基-岡山,2024-03-07,9209
2618,長榮航,24,12,12,凱基-岡山,2024-03-07,9209
6126,信音,14,3,11,凱基-岡山,2024-03-07,9209
6672,騰輝電子-KY,11,0,11,凱基-岡山,2024-03-07,9209
2444,兆勁,10,0,10,凱基-岡山,2024-03-07,9209
3059,華晶科,10,0,10,凱基-岡山,2024-03-07,9209
3062,建漢,10,0,10,凱基-岡山,2024-03-07,9209
3325,旭品,12,2,10,凱基-岡山,2024-03-07,9209
5355,佳總,10,0,10,凱基-岡山,2024-03-07,9209
5356,協益,10,0,10,凱基-岡山,2024-03-07,9209
6190,萬泰科,12,2,10,凱基-岡山,2024-03-07,9209
6274,台燿,15,5,10,凱基-岡山,2024-03-07,9209
6505,台塑化,10,0,10,凱基-岡山,2024-03-07,9209
8163,達方,10,0,10,凱基-岡山,2024-03-07,9209
2314,台揚,10,0,10,凱基-岡山,2024-03-07,9209
3036,文曄,12,2,10,凱基-岡山,2024-03-07,9209
00632R,元大台灣50反1,145,0,145,凱基-岡山,2024-03-08,9209
2402,毅嘉,81,0,81,凱基-岡山,2024-03-08,9209
2342,茂矽,70,0,70,凱基-岡山,2024-03-08,9209
3024,憶聲,60,1,59,凱基-岡山,2024-03-08,9209
2023,燁輝,56,5,51,凱基-岡山,2024-03-08,9209
8059,凱碩,50,0,50,凱基-岡山,2024-03-08,9209
9105,泰金寶-DR,50,0,50,凱基-岡山,2024-03-08,9209
00680L,元大美債20正2,59,10,49,凱基-岡山,2024-03-08,9209
2312,金寶,50,7,43,凱基-岡山,2024-03-08,9209
1815,富喬,44,2,42,凱基-岡山,2024-03-08,9209
00919,群益台灣精選高息,154,122,32,凱基-岡山,2024-03-08,9209
1718,中纖,30,0,30,凱基-岡山,2024-03-08,9209
3171,炎洲流通,29,0,29,凱基-岡山,2024-03-08,9209
00918,大華優利高填息30,24,0,24,凱基-岡山,2024-03-08,9209
8163,達方,21,0,21,凱基-岡山,2024-03-08,9209
8027,鈦昇,20,0,20,凱基-岡山,2024-03-08,9209
2317,鴻海,142,123,19,凱基-岡山,2024-03-08,9209
3532,台勝科,20,1,19,凱基-岡山,2024-03-08,9209
3266,昇陽,17,0,17,凱基-岡山,2024-03-08,9209
6672,騰輝電子-KY,17,0,17,凱基-岡山,2024-03-08,9209
3188,鑫龍騰,16,0,16,凱基-岡山,2024-03-08,9209
5521,工信,15,0,15,凱基-岡山,2024-03-08,9209
00673R,期元大S＆P原油反1,12,0,12,凱基-岡山,2024-03-08,9209
6217,中探針,27,15,12,凱基-岡山,2024-03-08,9209
8401,白紗科,12,0,12,凱基-岡山,2024-03-08,9209
3231,緯創,25,14,11,凱基-岡山,2024-03-08,9209
2062,橋椿,12,1,11,凱基-岡山,2024-03-08,9209
3303,岱稜,11,0,11,凱基-岡山,2024-03-08,9209
6239,力成,12,1,11,凱基-岡山,2024-03-08,9209
00713,元大台灣高息低波,10,0,10,凱基-岡山,2024-03-08,9209
00920,富邦ESG綠色電力,10,0,10,凱基-岡山,2024-03-08,9209
1310,台苯,10,0,10,凱基-岡山,2024-03-08,9209
1313,聯成,10,0,10,凱基-岡山,2024-03-08,9209
1456,怡華,10,0,10,凱基-岡山,2024-03-08,9209
2504,國產,10,0,10,凱基-岡山,2024-03-08,9209
3321,同泰,10,0,10,凱基-岡山,2024-03-08,9209
3372,典範,10,0,10,凱基-岡山,2024-03-08,9209
3558,神準,10,0,10,凱基-岡山,2024-03-08,9209
4930,燦星網,10,0,10,凱基-岡山,2024-03-08,9209
5356,協益,10,0,10,凱基-岡山,2024-03-08,9209
5531,鄉林,10,0,10,凱基-岡山,2024-03-08,9209
6290,良維,10,0,10,凱基-岡山,2024-03-08,9209
3583,辛耘,11,1,10,凱基-岡山,2024-03-08,9209
2417,圓剛,18,8,10,凱基-岡山,2024-03-08,9209
00751B,元大AAA至A公司債,10,1,9,凱基-岡山,2024-03-08,9209
1301,台塑,9,0,9,凱基-岡山,2024-03-08,9209
1312,國喬,9,0,9,凱基-岡山,2024-03-08,9209
3338,泰碩,10,1,9,凱基-岡山,2024-03-08,9209
5530,龍巖,9,0,9,凱基-岡山,2024-03-08,9209
00878,國泰永續高股息,25,17,8,凱基-岡山,2024-03-08,9209
00687B,國泰20年美債,88,1,87,凱基-岡山,2024-03-11,9209
00937B,群益ESG投等債20,98,16,82,凱基-岡山,2024-03-11,9209
1815,富喬,72,1,71,凱基-岡山,2024-03-11,9209
00679B,元大美債20年,64,2,62,凱基-岡山,2024-03-11,9209
00919,群益台灣精選高息,94,33,61,凱基-岡山,2024-03-11,9209
5439,高技,40,1,39,凱基-岡山,2024-03-11,9209
2618,長榮航,86,53,33,凱基-岡山,2024-03-11,9209
1734,杏輝,30,1,29,凱基-岡山,2024-03-11,9209
2303,聯電,40,14,26,凱基-岡山,2024-03-11,9209
2610,華航,25,0,25,凱基-岡山,2024-03-11,9209
2887,台新金,25,0,25,凱基-岡山,2024-03-11,9209
00715L,期街口布蘭特正2,22,0,22,凱基-岡山,2024-03-11,9209
8112,至上,24,2,22,凱基-岡山,2024-03-11,9209
00632R,元大台灣50反1,120,100,20,凱基-岡山,2024-03-11,9209
5202,力新,20,0,20,凱基-岡山,2024-03-11,9209
2356,英業達,22,3,19,凱基-岡山,2024-03-11,9209
1707,葡萄王,18,0,18,凱基-岡山,2024-03-11,9209
2367,燿華,205,188,17,凱基-岡山,2024-03-11,9209
6275,元山,19,3,16,凱基-岡山,2024-03-11,9209
8928,鉅明,15,0,15,凱基-岡山,2024-03-11,9209
00751B,元大AAA至A公司債,16,2,14,凱基-岡山,2024-03-11,9209
2344,華邦電,16,2,14,凱基-岡山,2024-03-11,9209
00706L,期元大S＆P日圓正2,13,0,13,凱基-岡山,2024-03-11,9209
00935,野村臺灣新科技50,10,0,10,凱基-岡山,2024-03-11,9209
1515,力山,10,0,10,凱基-岡山,2024-03-11,9209
2867,三商壽,10,0,10,凱基-岡山,2024-03-11,9209
4527,方土霖,10,0,10,凱基-岡山,2024-03-11,9209
4931,新盛力,10,0,10,凱基-岡山,2024-03-11,9209
3669,圓展,14,5,9,凱基-岡山,2024-03-11,9209
3689,湧德,9,1,8,凱基-岡山,2024-03-11,9209
3033,威健,9,1,8,凱基-岡山,2024-03-11,9209
8942,森鉅,7,0,7,凱基-岡山,2024-03-11,9209
3202,樺晟,7,0,7,凱基-岡山,2024-03-11,9209
6770,力積電,8,1,7,凱基-岡山,2024-03-11,9209
2014,中鴻,16,9,7,凱基-岡山,2024-03-11,9209
1805,寶徠,6,0,6,凱基-岡山,2024-03-11,9209
3014,聯陽,6,0,6,凱基-岡山,2024-03-11,9209
8401,白紗科,6,0,6,凱基-岡山,2024-03-11,9209
3450,聯鈞,6,0,6,凱基-岡山,2024-03-11,9209
6244,茂迪,8,2,6,凱基-岡山,2024-03-11,9209
6165,浪凡,6,0,6,凱基-岡山,2024-03-11,9209
5880,合庫金,8,2,6,凱基-岡山,2024-03-11,9209
1314,中石化,6,0,6,凱基-岡山,2024-03-11,9209
2308,台達電,5,0,5,凱基-岡山,2024-03-11,9209
00885,富邦越南,5,0,5,凱基-岡山,2024-03-11,9209
2402,毅嘉,5,0,5,凱基-岡山,2024-03-11,9209
2888,新光金,5,0,5,凱基-岡山,2024-03-11,9209
3564,其陽,10,5,5,凱基-岡山,2024-03-11,9209
4113,聯上,5,0,5,凱基-岡山,2024-03-11,9209
4536,拓凱,5,0,5,凱基-岡山,2024-03-11,9209
00937B,群益ESG投等債20,146,10,136,凱基-岡山,2024-03-12,9209
00687B,國泰20年美債,107,0,107,凱基-岡山,2024-03-12,9209
2547,日勝生,90,0,90,凱基-岡山,2024-03-12,9209
00933B,國泰10Y+金融債,75,17,58,凱基-岡山,2024-03-12,9209
8936,國統,46,7,39,凱基-岡山,2024-03-12,9209
2371,大同,31,1,30,凱基-岡山,2024-03-12,9209
5243,乙盛-KY,36,10,26,凱基-岡山,2024-03-12,9209
00919,群益台灣精選高息,62,39,23,凱基-岡山,2024-03-12,9209
2365,昆盈,22,0,22,凱基-岡山,2024-03-12,9209
00929,復華台灣科技優息,42,22,20,凱基-岡山,2024-03-12,9209
4916,事欣科,20,0,20,凱基-岡山,2024-03-12,9209
2883,凱基金,23,4,19,凱基-岡山,2024-03-12,9209
2241,艾姆勒,18,0,18,凱基-岡山,2024-03-12,9209
2324,仁寶,23,6,17,凱基-岡山,2024-03-12,9209
00891,中信關鍵半導體,16,0,16,凱基-岡山,2024-03-12,9209
3515,華擎,15,0,15,凱基-岡山,2024-03-12,9209
5353,台林,15,0,15,凱基-岡山,2024-03-12,9209
6217,中探針,15,0,15,凱基-岡山,2024-03-12,9209
1101,台泥,13,0,13,凱基-岡山,2024-03-12,9209
2329,華泰,17,4,13,凱基-岡山,2024-03-12,9209
2888,新光金,13,0,13,凱基-岡山,2024-03-12,9209
00918,大華優利高填息30,12,0,12,凱基-岡山,2024-03-12,9209
4714,永捷,52,40,12,凱基-岡山,2024-03-12,9209
2330,台積電,14,2,12,凱基-岡山,2024-03-12,9209
1785,光洋科,11,0,11,凱基-岡山,2024-03-12,9209
2368,金像電,11,0,11,凱基-岡山,2024-03-12,9209
00887,永豐中國科技50大,10,0,10,凱基-岡山,2024-03-12,9209
1736,喬山,10,0,10,凱基-岡山,2024-03-12,9209
2399,映泰,10,0,10,凱基-岡山,2024-03-12,9209
3294,英濟,10,0,10,凱基-岡山,2024-03-12,9209
3479,安勤,10,0,10,凱基-岡山,2024-03-12,9209
4113,聯上,10,0,10,凱基-岡山,2024-03-12,9209
5202,力新,10,0,10,凱基-岡山,2024-03-12,9209
5328,華容,10,0,10,凱基-岡山,2024-03-12,9209
6124,業強,10,0,10,凱基-岡山,2024-03-12,9209
00712,復華富時不動產,10,0,10,凱基-岡山,2024-03-12,9209
6234,高僑,10,1,9,凱基-岡山,2024-03-12,9209
00902,中信電池及儲能,12,3,9,凱基-岡山,2024-03-12,9209
8096,擎亞,23,15,8,凱基-岡山,2024-03-12,9209
00915,凱基優選高股息30,9,1,8,凱基-岡山,2024-03-12,9209
2352,佳世達,8,0,8,凱基-岡山,2024-03-12,9209
6116,彩晶,10,2,8,凱基-岡山,2024-03-12,9209
2349,錸德,7,0,7,凱基-岡山,2024-03-12,9209
2609,陽明,16,9,7,凱基-岡山,2024-03-12,9209
2915,潤泰全,7,0,7,凱基-岡山,2024-03-12,9209
6163,華電網,7,0,7,凱基-岡山,2024-03-12,9209
1582,信錦,8,2,6,凱基-岡山,2024-03-12,9209
3006,晶豪科,6,0,6,凱基-岡山,2024-03-12,9209
3024,憶聲,6,0,6,凱基-岡山,2024-03-12,9209
3047,訊舟,6,0,6,凱基-岡山,2024-03-12,9209
00919,群益台灣精選高息,177,22,155,凱基-岡山,2024-03-13,9209
6505,台塑化,100,0,100,凱基-岡山,2024-03-13,9209
1326,台化,100,1,99,凱基-岡山,2024-03-13,9209
00918,大華優利高填息30,75,3,72,凱基-岡山,2024-03-13,9209
00687B,國泰20年美債,66,0,66,凱基-岡山,2024-03-13,9209
2888,新光金,58,2,56,凱基-岡山,2024-03-13,9209
00937B,群益ESG投等債20,62,9,53,凱基-岡山,2024-03-13,9209
00933B,國泰10Y+金融債,45,1,44,凱基-岡山,2024-03-13,9209
2409,友達,39,7,32,凱基-岡山,2024-03-13,9209
2481,強茂,32,1,31,凱基-岡山,2024-03-13,9209
1799,易威,31,0,31,凱基-岡山,2024-03-13,9209
1101,台泥,30,0,30,凱基-岡山,2024-03-13,9209
8112,至上,34,4,30,凱基-岡山,2024-03-13,9209
2344,華邦電,30,2,28,凱基-岡山,2024-03-13,9209
3024,憶聲,26,0,26,凱基-岡山,2024-03-13,9209
00929,復華台灣科技優息,50,25,25,凱基-岡山,2024-03-13,9209
3231,緯創,90,66,24,凱基-岡山,2024-03-13,9209
2543,皇昌,23,1,22,凱基-岡山,2024-03-13,9209
2002,中鋼,22,1,21,凱基-岡山,2024-03-13,9209
3207,耀勝,21,0,21,凱基-岡山,2024-03-13,9209
8422,可寧衛,20,0,20,凱基-岡山,2024-03-13,9209
8440,綠電,20,0,20,凱基-岡山,2024-03-13,9209
1303,南亞,20,0,20,凱基-岡山,2024-03-13,9209
8926,台汽電,27,9,18,凱基-岡山,2024-03-13,9209
00915,凱基優選高股息30,32,14,18,凱基-岡山,2024-03-13,9209
2303,聯電,69,51,18,凱基-岡山,2024-03-13,9209
2365,昆盈,18,0,18,凱基-岡山,2024-03-13,9209
2024,志聯,18,0,18,凱基-岡山,2024-03-13,9209
6742,澤米,17,0,17,凱基-岡山,2024-03-13,9209
2401,凌陽,17,0,17,凱基-岡山,2024-03-13,9209
5426,振發,16,0,16,凱基-岡山,2024-03-13,9209
6290,良維,16,1,15,凱基-岡山,2024-03-13,9209
6485,點序,15,0,15,凱基-岡山,2024-03-13,9209
00679B,元大美債20年,15,1,14,凱基-岡山,2024-03-13,9209
8096,擎亞,17,4,13,凱基-岡山,2024-03-13,9209
2606,裕民,16,3,13,凱基-岡山,2024-03-13,9209
5388,中磊,14,1,13,凱基-岡山,2024-03-13,9209
3014,聯陽,18,6,12,凱基-岡山,2024-03-13,9209
6282,康舒,15,3,12,凱基-岡山,2024-03-13,9209
1513,中興電,30,18,12,凱基-岡山,2024-03-13,9209
00713,元大台灣高息低波,11,0,11,凱基-岡山,2024-03-13,9209
8936,國統,18,7,11,凱基-岡山,2024-03-13,9209
2457,飛宏,12,1,11,凱基-岡山,2024-03-13,9209
8027,鈦昇,11,0,11,凱基-岡山,2024-03-13,9209
1514,亞力,24,13,11,凱基-岡山,2024-03-13,9209
3583,辛耘,13,3,10,凱基-岡山,2024-03-13,9209
00900,富邦特選高股息30,32,22,10,凱基-岡山,2024-03-13,9209
1218,泰山,10,0,10,凱基-岡山,2024-03-13,9209
1314,中石化,11,1,10,凱基-岡山,2024-03-13,9209
1472,三洋實業,10,0,10,凱基-岡山,2024-03-13,9209
00919,群益台灣精選高息,203,44,159,凱基-岡山,2024-03-14,9209
2834,臺企銀,116,21,95,凱基-岡山,2024-03-14,9209
2618,長榮航,378,289,89,凱基-岡山,2024-03-14,9209
1316,上曜,68,4,64,凱基-岡山,2024-03-14,9209
00712,復華富時不動產,50,0,50,凱基-岡山,2024-03-14,9209
9945,潤泰新,45,0,45,凱基-岡山,2024-03-14,9209
2836,高雄銀,51,10,41,凱基-岡山,2024-03-14,9209
2845,遠東銀,40,0,40,凱基-岡山,2024-03-14,9209
6005,群益證,52,13,39,凱基-岡山,2024-03-14,9209
00687B,國泰20年美債,47,10,37,凱基-岡山,2024-03-14,9209
00933B,國泰10Y+金融債,37,1,36,凱基-岡山,2024-03-14,9209
2489,瑞軒,27,0,27,凱基-岡山,2024-03-14,9209
00937B,群益ESG投等債20,47,22,25,凱基-岡山,2024-03-14,9209
3515,華擎,25,0,25,凱基-岡山,2024-03-14,9209
2888,新光金,25,1,24,凱基-岡山,2024-03-14,9209
00878,國泰永續高股息,23,0,23,凱基-岡山,2024-03-14,9209
8027,鈦昇,22,0,22,凱基-岡山,2024-03-14,9209
6219,富旺,21,0,21,凱基-岡山,2024-03-14,9209
00665L,富邦�琤肭磪囓�2,20,0,20,凱基-岡山,2024-03-14,9209
2024,志聯,20,0,20,凱基-岡山,2024-03-14,9209
3060,銘異,20,0,20,凱基-岡山,2024-03-14,9209
2615,萬海,19,0,19,凱基-岡山,2024-03-14,9209
00918,大華優利高填息30,28,10,18,凱基-岡山,2024-03-14,9209
2609,陽明,19,2,17,凱基-岡山,2024-03-14,9209
3231,緯創,26,11,15,凱基-岡山,2024-03-14,9209
8936,國統,15,0,15,凱基-岡山,2024-03-14,9209
2371,大同,24,10,14,凱基-岡山,2024-03-14,9209
00915,凱基優選高股息30,12,0,12,凱基-岡山,2024-03-14,9209
2105,正新,11,0,11,凱基-岡山,2024-03-14,9209
1467,南緯,14,3,11,凱基-岡山,2024-03-14,9209
1815,富喬,12,1,11,凱基-岡山,2024-03-14,9209
2882,國泰金,22,11,11,凱基-岡山,2024-03-14,9209
6176,瑞儀,11,1,10,凱基-岡山,2024-03-14,9209
2303,聯電,24,14,10,凱基-岡山,2024-03-14,9209
3702,大聯大,11,1,10,凱基-岡山,2024-03-14,9209
1218,泰山,10,0,10,凱基-岡山,2024-03-14,9209
2313,華通,10,0,10,凱基-岡山,2024-03-14,9209
2354,鴻準,14,4,10,凱基-岡山,2024-03-14,9209
2509,全坤建,10,0,10,凱基-岡山,2024-03-14,9209
3014,聯陽,10,0,10,凱基-岡山,2024-03-14,9209
3321,同泰,10,0,10,凱基-岡山,2024-03-14,9209
9105,泰金寶-DR,10,0,10,凱基-岡山,2024-03-14,9209
2601,益航,11,1,10,凱基-岡山,2024-03-14,9209
3545,敦泰,13,3,10,凱基-岡山,2024-03-14,9209
2603,長榮,16,6,10,凱基-岡山,2024-03-14,9209
8358,金居,9,0,9,凱基-岡山,2024-03-14,9209
8926,台汽電,8,0,8,凱基-岡山,2024-03-14,9209
2033,佳大,8,0,8,凱基-岡山,2024-03-14,9209
2897,王道銀行,8,0,8,凱基-岡山,2024-03-14,9209
3706,神達,12,4,8,凱基-岡山,2024-03-14,9209
00937B,群益ESG投等債20,193,7,186,凱基-岡山,2024-03-15,9209
00919,群益台灣精選高息,121,29,92,凱基-岡山,2024-03-15,9209
00941,中信上游半導體,190,102,88,凱基-岡山,2024-03-15,9209
00673R,期元大S＆P原油反1,76,0,76,凱基-岡山,2024-03-15,9209
00915,凱基優選高股息30,41,0,41,凱基-岡山,2024-03-15,9209
2887,台新金,41,0,41,凱基-岡山,2024-03-15,9209
2606,裕民,36,1,35,凱基-岡山,2024-03-15,9209
2834,臺企銀,49,17,32,凱基-岡山,2024-03-15,9209
2603,長榮,34,9,25,凱基-岡山,2024-03-15,9209
00687B,國泰20年美債,24,0,24,凱基-岡山,2024-03-15,9209
2636,台驊控股,24,1,23,凱基-岡山,2024-03-15,9209
8936,國統,21,0,21,凱基-岡山,2024-03-15,9209
00918,大華優利高填息30,22,1,21,凱基-岡山,2024-03-15,9209
3037,欣興,20,0,20,凱基-岡山,2024-03-15,9209
2409,友達,40,20,20,凱基-岡山,2024-03-15,9209
3207,耀勝,20,0,20,凱基-岡山,2024-03-15,9209
2610,華航,18,0,18,凱基-岡山,2024-03-15,9209
2615,萬海,17,0,17,凱基-岡山,2024-03-15,9209
2890,永豐金,15,0,15,凱基-岡山,2024-03-15,9209
2330,台積電,17,4,13,凱基-岡山,2024-03-15,9209
1707,葡萄王,12,0,12,凱基-岡山,2024-03-15,9209
2611,志信,14,2,12,凱基-岡山,2024-03-15,9209
2845,遠東銀,12,0,12,凱基-岡山,2024-03-15,9209
8027,鈦昇,11,0,11,凱基-岡山,2024-03-15,9209
00929,復華台灣科技優息,23,12,11,凱基-岡山,2024-03-15,9209
2356,英業達,11,1,10,凱基-岡山,2024-03-15,9209
00688L,國泰20年美債正2,10,0,10,凱基-岡山,2024-03-15,9209
2323,中環,11,1,10,凱基-岡山,2024-03-15,9209
2891,中信金,11,1,10,凱基-岡山,2024-03-15,9209
3402,漢科,10,0,10,凱基-岡山,2024-03-15,9209
8076,伍豐,10,0,10,凱基-岡山,2024-03-15,9209
8110,華東,10,0,10,凱基-岡山,2024-03-15,9209
00933B,國泰10Y+金融債,17,7,10,凱基-岡山,2024-03-15,9209
2882,國泰金,15,6,9,凱基-岡山,2024-03-15,9209
2002,中鋼,11,2,9,凱基-岡山,2024-03-15,9209
6016,康和證,11,2,9,凱基-岡山,2024-03-15,9209
6770,力積電,11,2,9,凱基-岡山,2024-03-15,9209
00935,野村臺灣新科技50,8,0,8,凱基-岡山,2024-03-15,9209
3583,辛耘,8,0,8,凱基-岡山,2024-03-15,9209
1513,中興電,27,19,8,凱基-岡山,2024-03-15,9209
2377,微星,11,3,8,凱基-岡山,2024-03-15,9209
2303,聯電,21,14,7,凱基-岡山,2024-03-15,9209
6202,盛群,6,0,6,凱基-岡山,2024-03-15,9209
8422,可寧衛,6,0,6,凱基-岡山,2024-03-15,9209
2353,宏��,13,7,6,凱基-岡山,2024-03-15,9209
2371,大同,6,0,6,凱基-岡山,2024-03-15,9209
00751B,元大AAA至A公司債,5,0,5,凱基-岡山,2024-03-15,9209
2404,漢唐,5,0,5,凱基-岡山,2024-03-15,9209
2328,廣宇,24,19,5,凱基-岡山,2024-03-15,9209
2348,海悅,5,0,5,凱基-岡山,2024-03-15,9209
00679B,元大美債20年,513,0,513,凱基-岡山,2024-03-18,9209
2024,志聯,83,0,83,凱基-岡山,2024-03-18,9209
00919,群益台灣精選高息,77,20,57,凱基-岡山,2024-03-18,9209
00830,國泰費城半導體,54,0,54,凱基-岡山,2024-03-18,9209
2208,台船,36,2,34,凱基-岡山,2024-03-18,9209
00915,凱基優選高股息30,27,0,27,凱基-岡山,2024-03-18,9209
2505,國揚,22,0,22,凱基-岡山,2024-03-18,9209
2618,長榮航,22,0,22,凱基-岡山,2024-03-18,9209
6126,信音,22,0,22,凱基-岡山,2024-03-18,9209
1434,福懋,21,0,21,凱基-岡山,2024-03-18,9209
00632R,元大台灣50反1,19,0,19,凱基-岡山,2024-03-18,9209
00688L,國泰20年美債正2,20,1,19,凱基-岡山,2024-03-18,9209
2609,陽明,21,2,19,凱基-岡山,2024-03-18,9209
1101,台泥,17,0,17,凱基-岡山,2024-03-18,9209
00687B,國泰20年美債,13,0,13,凱基-岡山,2024-03-18,9209
2409,友達,13,0,13,凱基-岡山,2024-03-18,9209
1605,華新,24,12,12,凱基-岡山,2024-03-18,9209
2353,宏��,14,2,12,凱基-岡山,2024-03-18,9209
2610,華航,24,12,12,凱基-岡山,2024-03-18,9209
6727,亞泰金屬,12,0,12,凱基-岡山,2024-03-18,9209
2449,京元電子,21,10,11,凱基-岡山,2024-03-18,9209
00680L,元大美債20正2,10,0,10,凱基-岡山,2024-03-18,9209
1104,環泥,10,0,10,凱基-岡山,2024-03-18,9209
2352,佳世達,10,0,10,凱基-岡山,2024-03-18,9209
2356,英業達,15,5,10,凱基-岡山,2024-03-18,9209
2867,三商壽,10,0,10,凱基-岡山,2024-03-18,9209
2888,新光金,10,0,10,凱基-岡山,2024-03-18,9209
3294,英濟,12,2,10,凱基-岡山,2024-03-18,9209
3321,同泰,10,0,10,凱基-岡山,2024-03-18,9209
4581,光隆精密-KY,10,0,10,凱基-岡山,2024-03-18,9209
6282,康舒,10,0,10,凱基-岡山,2024-03-18,9209
00918,大華優利高填息30,9,0,9,凱基-岡山,2024-03-18,9209
2009,第一銅,36,27,9,凱基-岡山,2024-03-18,9209
1609,大亞,13,5,8,凱基-岡山,2024-03-18,9209
2882,國泰金,10,2,8,凱基-岡山,2024-03-18,9209
00878,國泰永續高股息,32,25,7,凱基-岡山,2024-03-18,9209
6182,合晶,7,0,7,凱基-岡山,2024-03-18,9209
3466,德晉,7,0,7,凱基-岡山,2024-03-18,9209
00927,群益半導體收益,6,0,6,凱基-岡山,2024-03-18,9209
1514,亞力,16,10,6,凱基-岡山,2024-03-18,9209
2436,偉詮電,6,0,6,凱基-岡山,2024-03-18,9209
3005,神基,7,1,6,凱基-岡山,2024-03-18,9209
4912,聯德控股-KY,6,0,6,凱基-岡山,2024-03-18,9209
6741,91APP*-KY,6,0,6,凱基-岡山,2024-03-18,9209
2303,聯電,15,10,5,凱基-岡山,2024-03-18,9209
2486,一詮,55,50,5,凱基-岡山,2024-03-18,9209
00637L,元大滬深300正2,5,0,5,凱基-岡山,2024-03-18,9209
1708,東鹼,5,0,5,凱基-岡山,2024-03-18,9209
2368,金像電,5,0,5,凱基-岡山,2024-03-18,9209
2498,宏達電,5,0,5,凱基-岡山,2024-03-18,9209
00673R,期元大S＆P原油反1,35,0,35,凱基-岡山,2024-03-19,9209
00937B,群益ESG投等債20,40,7,33,凱基-岡山,2024-03-19,9209
2633,台灣高鐵,30,0,30,凱基-岡山,2024-03-19,9209
00680L,元大美債20正2,32,2,30,凱基-岡山,2024-03-19,9209
2888,新光金,23,0,23,凱基-岡山,2024-03-19,9209
00687B,國泰20年美債,23,1,22,凱基-岡山,2024-03-19,9209
8105,凌巨,22,0,22,凱基-岡山,2024-03-19,9209
1605,華新,29,7,22,凱基-岡山,2024-03-19,9209
00941,中信上游半導體,22,0,22,凱基-岡山,2024-03-19,9209
2464,盟立,24,3,21,凱基-岡山,2024-03-19,9209
00929,復華台灣科技優息,48,27,21,凱基-岡山,2024-03-19,9209
2887,台新金,23,2,21,凱基-岡山,2024-03-19,9209
2883,凱基金,25,6,19,凱基-岡山,2024-03-19,9209
2834,臺企銀,17,0,17,凱基-岡山,2024-03-19,9209
1101,台泥,16,0,16,凱基-岡山,2024-03-19,9209
4938,和碩,31,15,16,凱基-岡山,2024-03-19,9209
2356,英業達,29,13,16,凱基-岡山,2024-03-19,9209
00706L,期元大S＆P日圓正2,16,0,16,凱基-岡山,2024-03-19,9209
9945,潤泰新,15,0,15,凱基-岡山,2024-03-19,9209
3024,憶聲,14,0,14,凱基-岡山,2024-03-19,9209
2449,京元電子,16,3,13,凱基-岡山,2024-03-19,9209
2359,所羅門,18,5,13,凱基-岡山,2024-03-19,9209
1609,大亞,23,11,12,凱基-岡山,2024-03-19,9209
2363,矽統,12,0,12,凱基-岡山,2024-03-19,9209
6125,廣運,12,0,12,凱基-岡山,2024-03-19,9209
00679B,元大美債20年,11,0,11,凱基-岡山,2024-03-19,9209
2002,中鋼,12,1,11,凱基-岡山,2024-03-19,9209
1316,上曜,11,0,11,凱基-岡山,2024-03-19,9209
3321,同泰,11,0,11,凱基-岡山,2024-03-19,9209
2344,華邦電,10,0,10,凱基-岡山,2024-03-19,9209
3312,弘憶股,11,1,10,凱基-岡山,2024-03-19,9209
3689,湧德,12,2,10,凱基-岡山,2024-03-19,9209
6116,彩晶,10,0,10,凱基-岡山,2024-03-19,9209
00712,復華富時不動產,9,0,9,凱基-岡山,2024-03-19,9209
00933B,國泰10Y+金融債,10,1,9,凱基-岡山,2024-03-19,9209
4960,誠美材,8,0,8,凱基-岡山,2024-03-19,9209
4968,立積,7,0,7,凱基-岡山,2024-03-19,9209
00740B,富邦全球投等債,7,0,7,凱基-岡山,2024-03-19,9209
2009,第一銅,8,1,7,凱基-岡山,2024-03-19,9209
2368,金像電,7,0,7,凱基-岡山,2024-03-19,9209
2382,廣達,7,0,7,凱基-岡山,2024-03-19,9209
2405,輔信,9,2,7,凱基-岡山,2024-03-19,9209
4503,金雨,7,0,7,凱基-岡山,2024-03-19,9209
6188,廣明,12,5,7,凱基-岡山,2024-03-19,9209
2327,國巨,6,0,6,凱基-岡山,2024-03-19,9209
1616,億泰,7,1,6,凱基-岡山,2024-03-19,9209
2302,麗正,6,0,6,凱基-岡山,2024-03-19,9209
2374,佳能,6,0,6,凱基-岡山,2024-03-19,9209
3622,洋華,6,0,6,凱基-岡山,2024-03-19,9209
4581,光隆精密-KY,6,0,6,凱基-岡山,2024-03-19,9209
00939,統一台灣高息動能,446,39,407,凱基-岡山,2024-03-20,9209
2024,志聯,92,0,92,凱基-岡山,2024-03-20,9209
00706L,期元大S＆P日圓正2,52,0,52,凱基-岡山,2024-03-20,9209
2845,遠東銀,51,1,50,凱基-岡山,2024-03-20,9209
1218,泰山,42,0,42,凱基-岡山,2024-03-20,9209
2408,南亞科,38,0,38,凱基-岡山,2024-03-20,9209
00937B,群益ESG投等債20,39,3,36,凱基-岡山,2024-03-20,9209
00900,富邦特選高股息30,47,14,33,凱基-岡山,2024-03-20,9209
2344,華邦電,32,0,32,凱基-岡山,2024-03-20,9209
00882,中信中國高股息,30,3,27,凱基-岡山,2024-03-20,9209
3024,憶聲,24,0,24,凱基-岡山,2024-03-20,9209
2618,長榮航,78,56,22,凱基-岡山,2024-03-20,9209
2356,英業達,30,9,21,凱基-岡山,2024-03-20,9209
6770,力積電,21,0,21,凱基-岡山,2024-03-20,9209
6005,群益證,20,0,20,凱基-岡山,2024-03-20,9209
3005,神基,39,21,18,凱基-岡山,2024-03-20,9209
00919,群益台灣精選高息,125,107,18,凱基-岡山,2024-03-20,9209
8936,國統,19,3,16,凱基-岡山,2024-03-20,9209
1301,台塑,18,3,15,凱基-岡山,2024-03-20,9209
00857B,永豐20年美公債,15,0,15,凱基-岡山,2024-03-20,9209
00679B,元大美債20年,15,0,15,凱基-岡山,2024-03-20,9209
2457,飛宏,18,3,15,凱基-岡山,2024-03-20,9209
2883,凱基金,15,1,14,凱基-岡山,2024-03-20,9209
2002,中鋼,14,0,14,凱基-岡山,2024-03-20,9209
2812,台中銀,14,0,14,凱基-岡山,2024-03-20,9209
1609,大亞,18,5,13,凱基-岡山,2024-03-20,9209
2486,一詮,19,6,13,凱基-岡山,2024-03-20,9209
2637,慧洋-KY,15,2,13,凱基-岡山,2024-03-20,9209
00933B,國泰10Y+金融債,12,0,12,凱基-岡山,2024-03-20,9209
1734,杏輝,14,2,12,凱基-岡山,2024-03-20,9209
2313,華通,13,1,12,凱基-岡山,2024-03-20,9209
00687B,國泰20年美債,11,0,11,凱基-岡山,2024-03-20,9209
1587,吉茂,11,0,11,凱基-岡山,2024-03-20,9209
2363,矽統,12,1,11,凱基-岡山,2024-03-20,9209
2888,新光金,28,17,11,凱基-岡山,2024-03-20,9209
6176,瑞儀,23,12,11,凱基-岡山,2024-03-20,9209
3406,玉晶光,11,0,11,凱基-岡山,2024-03-20,9209
00764B,群益25年美債,10,0,10,凱基-岡山,2024-03-20,9209
00673R,期元大S＆P原油反1,20,10,10,凱基-岡山,2024-03-20,9209
2103,台橡,10,0,10,凱基-岡山,2024-03-20,9209
2104,國際中橡,10,0,10,凱基-岡山,2024-03-20,9209
3041,揚智,10,0,10,凱基-岡山,2024-03-20,9209
3059,華晶科,10,0,10,凱基-岡山,2024-03-20,9209
3062,建漢,10,0,10,凱基-岡山,2024-03-20,9209
3066,李洲,10,0,10,凱基-岡山,2024-03-20,9209
3338,泰碩,10,0,10,凱基-岡山,2024-03-20,9209
3354,律勝,10,0,10,凱基-岡山,2024-03-20,9209
3630,新鉅科,10,0,10,凱基-岡山,2024-03-20,9209
5438,東友,10,0,10,凱基-岡山,2024-03-20,9209
1513,中興電,10,0,10,凱基-岡山,2024-03-20,9209
00939,統一台灣高息動能,121,29,92,凱基-岡山,2024-03-21,9209
00676R,富邦臺灣加權反1,62,0,62,凱基-岡山,2024-03-21,9209
8112,至上,63,18,45,凱基-岡山,2024-03-21,9209
00795B,中信美國公債20年,43,0,43,凱基-岡山,2024-03-21,9209
1104,環泥,43,0,43,凱基-岡山,2024-03-21,9209
2405,輔信,46,7,39,凱基-岡山,2024-03-21,9209
00937B,群益ESG投等債20,29,3,26,凱基-岡山,2024-03-21,9209
00933B,國泰10Y+金融債,25,0,25,凱基-岡山,2024-03-21,9209
1802,台玻,30,5,25,凱基-岡山,2024-03-21,9209
00679B,元大美債20年,23,1,22,凱基-岡山,2024-03-21,9209
6186,新潤,22,0,22,凱基-岡山,2024-03-21,9209
00680L,元大美債20正2,20,0,20,凱基-岡山,2024-03-21,9209
1101,台泥,17,1,16,凱基-岡山,2024-03-21,9209
2206,三陽工業,17,1,16,凱基-岡山,2024-03-21,9209
2377,微星,17,1,16,凱基-岡山,2024-03-21,9209
2022,聚亨,20,5,15,凱基-岡山,2024-03-21,9209
1513,中興電,28,13,15,凱基-岡山,2024-03-21,9209
00830,國泰費城半導體,17,3,14,凱基-岡山,2024-03-21,9209
1218,泰山,13,0,13,凱基-岡山,2024-03-21,9209
00687B,國泰20年美債,14,2,12,凱基-岡山,2024-03-21,9209
2486,一詮,41,29,12,凱基-岡山,2024-03-21,9209
2834,臺企銀,12,0,12,凱基-岡山,2024-03-21,9209
6477,安集,20,8,12,凱基-岡山,2024-03-21,9209
6190,萬泰科,14,2,12,凱基-岡山,2024-03-21,9209
2609,陽明,20,9,11,凱基-岡山,2024-03-21,9209
2408,南亞科,51,40,11,凱基-岡山,2024-03-21,9209
2355,敬鵬,10,0,10,凱基-岡山,2024-03-21,9209
2337,旺宏,10,0,10,凱基-岡山,2024-03-21,9209
2812,台中銀,10,0,10,凱基-岡山,2024-03-21,9209
3321,同泰,10,0,10,凱基-岡山,2024-03-21,9209
3498,陽程,10,0,10,凱基-岡山,2024-03-21,9209
5202,力新,10,0,10,凱基-岡山,2024-03-21,9209
2385,群光,21,12,9,凱基-岡山,2024-03-21,9209
3322,建舜電,16,7,9,凱基-岡山,2024-03-21,9209
00919,群益台灣精選高息,88,80,8,凱基-岡山,2024-03-21,9209
2371,大同,19,11,8,凱基-岡山,2024-03-21,9209
2406,國碩,11,3,8,凱基-岡山,2024-03-21,9209
2505,國揚,15,7,8,凱基-岡山,2024-03-21,9209
2887,台新金,10,2,8,凱基-岡山,2024-03-21,9209
3515,華擎,8,0,8,凱基-岡山,2024-03-21,9209
4303,信立,9,1,8,凱基-岡山,2024-03-21,9209
5609,中菲行,8,0,8,凱基-岡山,2024-03-21,9209
2354,鴻準,22,15,7,凱基-岡山,2024-03-21,9209
2352,佳世達,18,11,7,凱基-岡山,2024-03-21,9209
6290,良維,10,3,7,凱基-岡山,2024-03-21,9209
5483,中美晶,9,3,6,凱基-岡山,2024-03-21,9209
6188,廣明,16,10,6,凱基-岡山,2024-03-21,9209
3594,磐儀,6,0,6,凱基-岡山,2024-03-21,9209
4979,華星光,6,0,6,凱基-岡山,2024-03-21,9209
2329,華泰,10,4,6,凱基-岡山,2024-03-21,9209
3481,群創,274,7,267,凱基-岡山,2024-03-22,9209
3058,立德,145,1,144,凱基-岡山,2024-03-22,9209
6505,台塑化,106,1,105,凱基-岡山,2024-03-22,9209
2486,一詮,126,63,63,凱基-岡山,2024-03-22,9209
3706,神達,94,54,40,凱基-岡山,2024-03-22,9209
6189,豐藝,59,20,39,凱基-岡山,2024-03-22,9209
2002,中鋼,39,1,38,凱基-岡山,2024-03-22,9209
1101,台泥,32,0,32,凱基-岡山,2024-03-22,9209
1802,台玻,31,0,31,凱基-岡山,2024-03-22,9209
00939,統一台灣高息動能,80,51,29,凱基-岡山,2024-03-22,9209
2892,第一金,25,0,25,凱基-岡山,2024-03-22,9209
2344,華邦電,25,4,21,凱基-岡山,2024-03-22,9209
2356,英業達,108,87,21,凱基-岡山,2024-03-22,9209
1618,合機,26,7,19,凱基-岡山,2024-03-22,9209
00680L,元大美債20正2,20,2,18,凱基-岡山,2024-03-22,9209
2440,太空梭,19,1,18,凱基-岡山,2024-03-22,9209
2405,輔信,19,2,17,凱基-岡山,2024-03-22,9209
2324,仁寶,25,10,15,凱基-岡山,2024-03-22,9209
2379,瑞昱,15,0,15,凱基-岡山,2024-03-22,9209
6668,中揚光,17,3,14,凱基-岡山,2024-03-22,9209
6517,保勝光學,14,2,12,凱基-岡山,2024-03-22,9209
8936,國統,21,9,12,凱基-岡山,2024-03-22,9209
2474,可成,12,1,11,凱基-岡山,2024-03-22,9209
4961,天鈺,11,1,10,凱基-岡山,2024-03-22,9209
00665L,富邦�琤肭磪囓�2,10,0,10,凱基-岡山,2024-03-22,9209
00738U,期元大道瓊白銀,10,0,10,凱基-岡山,2024-03-22,9209
1304,台聚,10,0,10,凱基-岡山,2024-03-22,9209
1326,台化,10,0,10,凱基-岡山,2024-03-22,9209
1528,恩德,10,0,10,凱基-岡山,2024-03-22,9209
1734,杏輝,10,0,10,凱基-岡山,2024-03-22,9209
8942,森鉅,10,0,10,凱基-岡山,2024-03-22,9209
5388,中磊,13,3,10,凱基-岡山,2024-03-22,9209
00933B,國泰10Y+金融債,10,0,10,凱基-岡山,2024-03-22,9209
1785,光洋科,9,0,9,凱基-岡山,2024-03-22,9209
3581,博磊,9,0,9,凱基-岡山,2024-03-22,9209
00688L,國泰20年美債正2,8,0,8,凱基-岡山,2024-03-22,9209
3014,聯陽,10,2,8,凱基-岡山,2024-03-22,9209
8201,無敵,8,0,8,凱基-岡山,2024-03-22,9209
2603,長榮,12,4,8,凱基-岡山,2024-03-22,9209
2317,鴻海,30,23,7,凱基-岡山,2024-03-22,9209
2376,技嘉,17,10,7,凱基-岡山,2024-03-22,9209
6176,瑞儀,7,0,7,凱基-岡山,2024-03-22,9209
00900,富邦特選高股息30,13,6,7,凱基-岡山,2024-03-22,9209
2888,新光金,7,0,7,凱基-岡山,2024-03-22,9209
4303,信立,9,2,7,凱基-岡山,2024-03-22,9209
6263,普萊德,7,0,7,凱基-岡山,2024-03-22,9209
1773,勝一,6,0,6,凱基-岡山,2024-03-22,9209
2399,映泰,6,0,6,凱基-岡山,2024-03-22,9209
3545,敦泰,13,7,6,凱基-岡山,2024-03-22,9209
3591,艾笛森,6,0,6,凱基-岡山,2024-03-22,9209
00937B,群益ESG投等債20,80,30,50,凱基-岡山,2024-03-25,9209
2603,長榮,47,5,42,凱基-岡山,2024-03-25,9209
2353,宏��,51,9,42,凱基-岡山,2024-03-25,9209
00688L,國泰20年美債正2,41,0,41,凱基-岡山,2024-03-25,9209
6176,瑞儀,40,3,37,凱基-岡山,2024-03-25,9209
8271,宇瞻,39,2,37,凱基-岡山,2024-03-25,9209
1605,華新,30,4,26,凱基-岡山,2024-03-25,9209
00929,復華台灣科技優息,36,12,24,凱基-岡山,2024-03-25,9209
2352,佳世達,23,1,22,凱基-岡山,2024-03-25,9209
2430,燦坤,21,0,21,凱基-岡山,2024-03-25,9209
3024,憶聲,20,0,20,凱基-岡山,2024-03-25,9209
00933B,國泰10Y+金融債,20,1,19,凱基-岡山,2024-03-25,9209
6166,凌華,20,2,18,凱基-岡山,2024-03-25,9209
3706,神達,26,8,18,凱基-岡山,2024-03-25,9209
00919,群益台灣精選高息,30,12,18,凱基-岡山,2024-03-25,9209
2637,慧洋-KY,17,0,17,凱基-岡山,2024-03-25,9209
2883,凱基金,21,5,16,凱基-岡山,2024-03-25,9209
8942,森鉅,15,0,15,凱基-岡山,2024-03-25,9209
2618,長榮航,17,3,14,凱基-岡山,2024-03-25,9209
2834,臺企銀,13,0,13,凱基-岡山,2024-03-25,9209
00673R,期元大S＆P原油反1,13,0,13,凱基-岡山,2024-03-25,9209
6189,豐藝,16,3,13,凱基-岡山,2024-03-25,9209
3014,聯陽,12,0,12,凱基-岡山,2024-03-25,9209
6016,康和證,12,0,12,凱基-岡山,2024-03-25,9209
00939,統一台灣高息動能,108,98,10,凱基-岡山,2024-03-25,9209
2002,中鋼,11,1,10,凱基-岡山,2024-03-25,9209
1612,宏泰,42,33,9,凱基-岡山,2024-03-25,9209
3294,英濟,14,5,9,凱基-岡山,2024-03-25,9209
3532,台勝科,9,0,9,凱基-岡山,2024-03-25,9209
3669,圓展,8,0,8,凱基-岡山,2024-03-25,9209
1218,泰山,8,0,8,凱基-岡山,2024-03-25,9209
2485,兆赫,8,0,8,凱基-岡山,2024-03-25,9209
3078,僑威,8,0,8,凱基-岡山,2024-03-25,9209
00751B,元大AAA至A公司債,7,0,7,凱基-岡山,2024-03-25,9209
2881,富邦金,8,1,7,凱基-岡山,2024-03-25,9209
6026,福邦證,7,0,7,凱基-岡山,2024-03-25,9209
00687B,國泰20年美債,18,12,6,凱基-岡山,2024-03-25,9209
00891,中信關鍵半導體,6,0,6,凱基-岡山,2024-03-25,9209
1301,台塑,6,0,6,凱基-岡山,2024-03-25,9209
6112,邁達特,6,0,6,凱基-岡山,2024-03-25,9209
1104,環泥,6,0,6,凱基-岡山,2024-03-25,9209
2337,旺宏,6,0,6,凱基-岡山,2024-03-25,9209
2409,友達,6,0,6,凱基-岡山,2024-03-25,9209
5258,虹堡,6,0,6,凱基-岡山,2024-03-25,9209
00896,中信綠能及電動車,5,0,5,凱基-岡山,2024-03-25,9209
1303,南亞,5,0,5,凱基-岡山,2024-03-25,9209
1906,寶隆,5,0,5,凱基-岡山,2024-03-25,9209
3260,威剛,5,0,5,凱基-岡山,2024-03-25,9209
3339,泰谷,5,0,5,凱基-岡山,2024-03-25,9209
4906,正文,5,0,5,凱基-岡山,2024-03-25,9209
00632R,元大台灣50反1,142,0,142,凱基-岡山,2024-03-26,9209
1608,華榮,146,33,113,凱基-岡山,2024-03-26,9209
00679B,元大美債20年,142,33,109,凱基-岡山,2024-03-26,9209
2603,長榮,77,5,72,凱基-岡山,2024-03-26,9209
00939,統一台灣高息動能,104,42,62,凱基-岡山,2024-03-26,9209
2371,大同,102,45,57,凱基-岡山,2024-03-26,9209
2352,佳世達,52,1,51,凱基-岡山,2024-03-26,9209
9962,有益,40,0,40,凱基-岡山,2024-03-26,9209
1609,大亞,58,22,36,凱基-岡山,2024-03-26,9209
00900,富邦特選高股息30,37,5,32,凱基-岡山,2024-03-26,9209
2388,威盛,39,8,31,凱基-岡山,2024-03-26,9209
00688L,國泰20年美債正2,50,20,30,凱基-岡山,2024-03-26,9209
1717,長興,30,0,30,凱基-岡山,2024-03-26,9209
2801,彰銀,20,0,20,凱基-岡山,2024-03-26,9209
3048,益登,20,0,20,凱基-岡山,2024-03-26,9209
4581,光隆精密-KY,20,0,20,凱基-岡山,2024-03-26,9209
6125,廣運,45,25,20,凱基-岡山,2024-03-26,9209
00673R,期元大S＆P原油反1,19,0,19,凱基-岡山,2024-03-26,9209
9105,泰金寶-DR,20,2,18,凱基-岡山,2024-03-26,9209
3037,欣興,19,2,17,凱基-岡山,2024-03-26,9209
00937B,群益ESG投等債20,16,1,15,凱基-岡山,2024-03-26,9209
00933B,國泰10Y+金融債,15,0,15,凱基-岡山,2024-03-26,9209
1101,台泥,19,4,15,凱基-岡山,2024-03-26,9209
2458,義隆,14,0,14,凱基-岡山,2024-03-26,9209
00713,元大台灣高息低波,19,5,14,凱基-岡山,2024-03-26,9209
2353,宏��,14,1,13,凱基-岡山,2024-03-26,9209
6257,矽格,16,3,13,凱基-岡山,2024-03-26,9209
0056,元大高股息,13,1,12,凱基-岡山,2024-03-26,9209
2486,一詮,58,47,11,凱基-岡山,2024-03-26,9209
6770,力積電,11,0,11,凱基-岡山,2024-03-26,9209
1314,中石化,34,23,11,凱基-岡山,2024-03-26,9209
2317,鴻海,51,41,10,凱基-岡山,2024-03-26,9209
1723,中碳,10,0,10,凱基-岡山,2024-03-26,9209
1909,榮成,10,0,10,凱基-岡山,2024-03-26,9209
2464,盟立,19,9,10,凱基-岡山,2024-03-26,9209
8099,大世科,10,0,10,凱基-岡山,2024-03-26,9209
1218,泰山,9,0,9,凱基-岡山,2024-03-26,9209
3024,憶聲,9,0,9,凱基-岡山,2024-03-26,9209
4979,華星光,11,2,9,凱基-岡山,2024-03-26,9209
3583,辛耘,13,4,9,凱基-岡山,2024-03-26,9209
2314,台揚,10,1,9,凱基-岡山,2024-03-26,9209
00919,群益台灣精選高息,109,101,8,凱基-岡山,2024-03-26,9209
1612,宏泰,57,49,8,凱基-岡山,2024-03-26,9209
2834,臺企銀,8,0,8,凱基-岡山,2024-03-26,9209
6668,中揚光,13,5,8,凱基-岡山,2024-03-26,9209
2313,華通,10,2,8,凱基-岡山,2024-03-26,9209
00918,大華優利高填息30,8,0,8,凱基-岡山,2024-03-26,9209
00891,中信關鍵半導體,7,0,7,凱基-岡山,2024-03-26,9209
00927,群益半導體收益,7,0,7,凱基-岡山,2024-03-26,9209
2430,燦坤,7,0,7,凱基-岡山,2024-03-26,9209
00919,群益台灣精選高息,95,36,59,凱基-岡山,2024-03-27,9209
1316,上曜,55,4,51,凱基-岡山,2024-03-27,9209
00795B,中信美國公債20年,32,0,32,凱基-岡山,2024-03-27,9209
2511,太子,30,0,30,凱基-岡山,2024-03-27,9209
5512,力麒,30,1,29,凱基-岡山,2024-03-27,9209
00939,統一台灣高息動能,41,14,27,凱基-岡山,2024-03-27,9209
6505,台塑化,24,0,24,凱基-岡山,2024-03-27,9209
00687B,國泰20年美債,21,0,21,凱基-岡山,2024-03-27,9209
2352,佳世達,21,1,20,凱基-岡山,2024-03-27,9209
2537,聯上發,21,1,20,凱基-岡山,2024-03-27,9209
6121,新普,17,0,17,凱基-岡山,2024-03-27,9209
00937B,群益ESG投等債20,22,6,16,凱基-岡山,2024-03-27,9209
1603,華電,22,6,16,凱基-岡山,2024-03-27,9209
1101,台泥,16,1,15,凱基-岡山,2024-03-27,9209
6282,康舒,14,0,14,凱基-岡山,2024-03-27,9209
00673R,期元大S＆P原油反1,14,0,14,凱基-岡山,2024-03-27,9209
2458,義隆,14,0,14,凱基-岡山,2024-03-27,9209
1303,南亞,14,1,13,凱基-岡山,2024-03-27,9209
2301,光寶科,12,0,12,凱基-岡山,2024-03-27,9209
1513,中興電,16,5,11,凱基-岡山,2024-03-27,9209
1605,華新,16,5,11,凱基-岡山,2024-03-27,9209
00891,中信關鍵半導體,10,0,10,凱基-岡山,2024-03-27,9209
1217,愛之味,10,0,10,凱基-岡山,2024-03-27,9209
00882,中信中國高股息,30,21,9,凱基-岡山,2024-03-27,9209
1616,億泰,10,1,9,凱基-岡山,2024-03-27,9209
2388,威盛,16,7,9,凱基-岡山,2024-03-27,9209
6770,力積電,13,5,8,凱基-岡山,2024-03-27,9209
2330,台積電,8,1,7,凱基-岡山,2024-03-27,9209
3036,文曄,7,0,7,凱基-岡山,2024-03-27,9209
3042,晶技,8,1,7,凱基-岡山,2024-03-27,9209
6179,亞通,10,3,7,凱基-岡山,2024-03-27,9209
00720B,元大投資級公司債,6,0,6,凱基-岡山,2024-03-27,9209
2356,英業達,16,10,6,凱基-岡山,2024-03-27,9209
1304,台聚,6,0,6,凱基-岡山,2024-03-27,9209
1522,堤維西,7,1,6,凱基-岡山,2024-03-27,9209
1612,宏泰,21,15,6,凱基-岡山,2024-03-27,9209
2464,盟立,59,53,6,凱基-岡山,2024-03-27,9209
2834,臺企銀,21,15,6,凱基-岡山,2024-03-27,9209
3672,康聯訊,6,0,6,凱基-岡山,2024-03-27,9209
6016,康和證,6,0,6,凱基-岡山,2024-03-27,9209
6120,達運,6,0,6,凱基-岡山,2024-03-27,9209
6244,茂迪,10,4,6,凱基-岡山,2024-03-27,9209
8928,鉅明,6,0,6,凱基-岡山,2024-03-27,9209
9933,中鼎,11,5,6,凱基-岡山,2024-03-27,9209
00941,中信上游半導體,13,8,5,凱基-岡山,2024-03-27,9209
00688L,國泰20年美債正2,10,5,5,凱基-岡山,2024-03-27,9209
1529,樂事綠能,6,1,5,凱基-岡山,2024-03-27,9209
1760,寶齡富錦,5,0,5,凱基-岡山,2024-03-27,9209
2344,華邦電,5,0,5,凱基-岡山,2024-03-27,9209
2367,燿華,5,0,5,凱基-岡山,2024-03-27,9209
6505,台塑化,86,0,86,凱基-岡山,2024-03-28,9209
1316,上曜,67,0,67,凱基-岡山,2024-03-28,9209
4562,穎漢,50,0,50,凱基-岡山,2024-03-28,9209
00919,群益台灣精選高息,99,58,41,凱基-岡山,2024-03-28,9209
2883,凱基金,70,33,37,凱基-岡山,2024-03-28,9209
2601,益航,30,5,25,凱基-岡山,2024-03-28,9209
3706,神達,39,14,25,凱基-岡山,2024-03-28,9209
6770,力積電,25,1,24,凱基-岡山,2024-03-28,9209
00882,中信中國高股息,24,1,23,凱基-岡山,2024-03-28,9209
2344,華邦電,26,3,23,凱基-岡山,2024-03-28,9209
00720B,元大投資級公司債,21,0,21,凱基-岡山,2024-03-28,9209
5521,工信,21,0,21,凱基-岡山,2024-03-28,9209
1617,榮星,20,0,20,凱基-岡山,2024-03-28,9209
6282,康舒,20,0,20,凱基-岡山,2024-03-28,9209
2022,聚亨,19,0,19,凱基-岡山,2024-03-28,9209
00937B,群益ESG投等債20,47,30,17,凱基-岡山,2024-03-28,9209
6257,矽格,23,6,17,凱基-岡山,2024-03-28,9209
2354,鴻準,46,34,12,凱基-岡山,2024-03-28,9209
00933B,國泰10Y+金融債,13,1,12,凱基-岡山,2024-03-28,9209
4938,和碩,18,6,12,凱基-岡山,2024-03-28,9209
1612,宏泰,16,5,11,凱基-岡山,2024-03-28,9209
2887,台新金,18,7,11,凱基-岡山,2024-03-28,9209
8054,安國,13,2,11,凱基-岡山,2024-03-28,9209
00688L,國泰20年美債正2,10,0,10,凱基-岡山,2024-03-28,9209
2408,南亞科,10,0,10,凱基-岡山,2024-03-28,9209
2458,義隆,10,0,10,凱基-岡山,2024-03-28,9209
3702,大聯大,10,0,10,凱基-岡山,2024-03-28,9209
3705,永信,10,0,10,凱基-岡山,2024-03-28,9209
4113,聯上,10,0,10,凱基-岡山,2024-03-28,9209
6649,台生材,10,0,10,凱基-岡山,2024-03-28,9209
3005,神基,11,1,10,凱基-岡山,2024-03-28,9209
1314,中石化,10,1,9,凱基-岡山,2024-03-28,9209
1504,東元,15,6,9,凱基-岡山,2024-03-28,9209
2515,中工,39,30,9,凱基-岡山,2024-03-28,9209
2356,英業達,10,2,8,凱基-岡山,2024-03-28,9209
2352,佳世達,10,2,8,凱基-岡山,2024-03-28,9209
6485,點序,8,0,8,凱基-岡山,2024-03-28,9209
8011,台通,8,0,8,凱基-岡山,2024-03-28,9209
2464,盟立,8,1,7,凱基-岡山,2024-03-28,9209
5533,皇鼎,7,0,7,凱基-岡山,2024-03-28,9209
6235,華孚,8,1,7,凱基-岡山,2024-03-28,9209
6651,全宇昕,7,0,7,凱基-岡山,2024-03-28,9209
2610,華航,6,0,6,凱基-岡山,2024-03-28,9209
2634,漢翔,35,29,6,凱基-岡山,2024-03-28,9209
3576,聯合再生,6,0,6,凱基-岡山,2024-03-28,9209
4960,誠美材,6,0,6,凱基-岡山,2024-03-28,9209
00898,國泰基因免疫革命,5,0,5,凱基-岡山,2024-03-28,9209
1319,東陽,15,10,5,凱基-岡山,2024-03-28,9209
1773,勝一,7,2,5,凱基-岡山,2024-03-28,9209
2332,友訊,5,0,5,凱基-岡山,2024-03-28,9209
00937B,群益ESG投等債20,155,27,128,凱基-岡山,2024-03-29,9209
00680L,元大美債20正2,100,0,100,凱基-岡山,2024-03-29,9209
00939,統一台灣高息動能,57,10,47,凱基-岡山,2024-03-29,9209
00673R,期元大S＆P原油反1,45,0,45,凱基-岡山,2024-03-29,9209
2303,聯電,64,38,26,凱基-岡山,2024-03-29,9209
00933B,國泰10Y+金融債,35,10,25,凱基-岡山,2024-03-29,9209
8028,昇陽半導體,21,0,21,凱基-岡山,2024-03-29,9209
00679B,元大美債20年,20,0,20,凱基-岡山,2024-03-29,9209
3207,耀勝,30,12,18,凱基-岡山,2024-03-29,9209
4581,光隆精密-KY,18,0,18,凱基-岡山,2024-03-29,9209
9945,潤泰新,17,0,17,凱基-岡山,2024-03-29,9209
6144,得利影,16,0,16,凱基-岡山,2024-03-29,9209
00764B,群益25年美債,15,0,15,凱基-岡山,2024-03-29,9209
6005,群益證,15,0,15,凱基-岡山,2024-03-29,9209
6163,華電網,14,0,14,凱基-岡山,2024-03-29,9209
00929,復華台灣科技優息,21,8,13,凱基-岡山,2024-03-29,9209
3290,東浦,13,0,13,凱基-岡山,2024-03-29,9209
3583,辛耘,13,1,12,凱基-岡山,2024-03-29,9209
5515,建國,14,2,12,凱基-岡山,2024-03-29,9209
9105,泰金寶-DR,32,20,12,凱基-岡山,2024-03-29,9209
2371,大同,27,16,11,凱基-岡山,2024-03-29,9209
1608,華榮,17,7,10,凱基-岡山,2024-03-29,9209
1612,宏泰,12,2,10,凱基-岡山,2024-03-29,9209
1617,榮星,10,0,10,凱基-岡山,2024-03-29,9209
1802,台玻,10,0,10,凱基-岡山,2024-03-29,9209
2838,聯邦銀,10,0,10,凱基-岡山,2024-03-29,9209
2489,瑞軒,10,0,10,凱基-岡山,2024-03-29,9209
2301,光寶科,20,11,9,凱基-岡山,2024-03-29,9209
1815,富喬,10,1,9,凱基-岡山,2024-03-29,9209
2354,鴻準,13,5,8,凱基-岡山,2024-03-29,9209
4532,瑞智,13,5,8,凱基-岡山,2024-03-29,9209
1773,勝一,8,0,8,凱基-岡山,2024-03-29,9209
1731,美吾華,7,0,7,凱基-岡山,2024-03-29,9209
1789,神隆,7,0,7,凱基-岡山,2024-03-29,9209
2327,國巨,7,0,7,凱基-岡山,2024-03-29,9209
2618,長榮航,20,13,7,凱基-岡山,2024-03-29,9209
00916,國泰全球品牌50,6,0,6,凱基-岡山,2024-03-29,9209
6121,新普,6,0,6,凱基-岡山,2024-03-29,9209
3481,群創,10,5,5,凱基-岡山,2024-03-29,9209
1305,華夏,5,0,5,凱基-岡山,2024-03-29,9209
2313,華通,7,2,5,凱基-岡山,2024-03-29,9209
2530,華建,5,0,5,凱基-岡山,2024-03-29,9209
2897,王道銀行,5,0,5,凱基-岡山,2024-03-29,9209
3710,連展投控,5,0,5,凱基-岡山,2024-03-29,9209
4564,元翎,5,0,5,凱基-岡山,2024-03-29,9209
5009,榮剛,6,1,5,凱基-岡山,2024-03-29,9209
6189,豐藝,5,0,5,凱基-岡山,2024-03-29,9209
6244,茂迪,5,0,5,凱基-岡山,2024-03-29,9209
6933,AMAX-KY,5,0,5,凱基-岡山,2024-03-29,9209
4771,望隼,4,0,4,凱基-岡山,2024-03-29,9209
00940,元大台灣價值高息,673,84,589,凱基-岡山,2024-04-01,9209
2352,佳世達,63,10,53,凱基-岡山,2024-04-01,9209
00929,復華台灣科技優息,34,3,31,凱基-岡山,2024-04-01,9209
2440,太空梭,30,1,29,凱基-岡山,2024-04-01,9209
3014,聯陽,27,0,27,凱基-岡山,2024-04-01,9209
3231,緯創,44,17,27,凱基-岡山,2024-04-01,9209
2303,聯電,33,7,26,凱基-岡山,2024-04-01,9209
00937B,群益ESG投等債20,47,21,26,凱基-岡山,2024-04-01,9209
00673R,期元大S＆P原油反1,25,0,25,凱基-岡山,2024-04-01,9209
2024,志聯,21,0,21,凱基-岡山,2024-04-01,9209
1815,富喬,62,42,20,凱基-岡山,2024-04-01,9209
5285,界霖,20,0,20,凱基-岡山,2024-04-01,9209
2002,中鋼,20,1,19,凱基-岡山,2024-04-01,9209
9945,潤泰新,17,0,17,凱基-岡山,2024-04-01,9209
2369,菱生,25,10,15,凱基-岡山,2024-04-01,9209
2891,中信金,13,0,13,凱基-岡山,2024-04-01,9209
1504,東元,15,3,12,凱基-岡山,2024-04-01,9209
2505,國揚,11,0,11,凱基-岡山,2024-04-01,9209
2609,陽明,11,0,11,凱基-岡山,2024-04-01,9209
3711,日月光投控,11,1,10,凱基-岡山,2024-04-01,9209
2353,宏��,11,1,10,凱基-岡山,2024-04-01,9209
0050,元大台灣50,10,0,10,凱基-岡山,2024-04-01,9209
1786,科妍,10,0,10,凱基-岡山,2024-04-01,9209
2313,華通,10,0,10,凱基-岡山,2024-04-01,9209
3312,弘憶股,10,0,10,凱基-岡山,2024-04-01,9209
3346,麗清,10,0,10,凱基-岡山,2024-04-01,9209
00933B,國泰10Y+金融債,10,0,10,凱基-岡山,2024-04-01,9209
5469,瀚宇博,9,1,8,凱基-岡山,2024-04-01,9209
5534,長虹,8,0,8,凱基-岡山,2024-04-01,9209
8435,鉅邁,7,0,7,凱基-岡山,2024-04-01,9209
00941,中信上游半導體,8,1,7,凱基-岡山,2024-04-01,9209
3390,旭軟,7,0,7,凱基-岡山,2024-04-01,9209
6629,泰金-KY,7,0,7,凱基-岡山,2024-04-01,9209
2317,鴻海,38,32,6,凱基-岡山,2024-04-01,9209
1513,中興電,6,0,6,凱基-岡山,2024-04-01,9209
00857B,永豐20年美公債,6,0,6,凱基-岡山,2024-04-01,9209
1736,喬山,6,0,6,凱基-岡山,2024-04-01,9209
3710,連展投控,6,0,6,凱基-岡山,2024-04-01,9209
6209,今國光,6,0,6,凱基-岡山,2024-04-01,9209
8085,福華,6,0,6,凱基-岡山,2024-04-01,9209
1609,大亞,7,1,6,凱基-岡山,2024-04-01,9209
2812,台中銀,6,0,6,凱基-岡山,2024-04-01,9209
2330,台積電,9,4,5,凱基-岡山,2024-04-01,9209
5386,青雲,5,0,5,凱基-岡山,2024-04-01,9209
00936,台新永續高息中小,5,0,5,凱基-岡山,2024-04-01,9209
1732,毛寶,5,0,5,凱基-岡山,2024-04-01,9209
1773,勝一,6,1,5,凱基-岡山,2024-04-01,9209
2062,橋椿,5,0,5,凱基-岡山,2024-04-01,9209
2402,毅嘉,7,2,5,凱基-岡山,2024-04-01,9209
2610,華航,5,0,5,凱基-岡山,2024-04-01,9209
00679B,元大美債20年,516,0,516,凱基-岡山,2024-04-02,9209
00929,復華台灣科技優息,191,32,159,凱基-岡山,2024-04-02,9209
00940,元大台灣價值高息,81,10,71,凱基-岡山,2024-04-02,9209
00687B,國泰20年美債,68,2,66,凱基-岡山,2024-04-02,9209
00937B,群益ESG投等債20,86,32,54,凱基-岡山,2024-04-02,9209
00688L,國泰20年美債正2,50,0,50,凱基-岡山,2024-04-02,9209
00900,富邦特選高股息30,50,10,40,凱基-岡山,2024-04-02,9209
00941,中信上游半導體,35,0,35,凱基-岡山,2024-04-02,9209
4533,協易機,29,0,29,凱基-岡山,2024-04-02,9209
1710,東聯,20,0,20,凱基-岡山,2024-04-02,9209
2371,大同,38,18,20,凱基-岡山,2024-04-02,9209
1785,光洋科,20,1,19,凱基-岡山,2024-04-02,9209
1732,毛寶,15,0,15,凱基-岡山,2024-04-02,9209
5285,界霖,15,0,15,凱基-岡山,2024-04-02,9209
9945,潤泰新,15,0,15,凱基-岡山,2024-04-02,9209
3207,耀勝,34,20,14,凱基-岡山,2024-04-02,9209
6026,福邦證,15,1,14,凱基-岡山,2024-04-02,9209
2354,鴻準,16,3,13,凱基-岡山,2024-04-02,9209
1513,中興電,14,2,12,凱基-岡山,2024-04-02,9209
2505,國揚,11,0,11,凱基-岡山,2024-04-02,9209
2618,長榮航,11,0,11,凱基-岡山,2024-04-02,9209
00720B,元大投資級公司債,10,0,10,凱基-岡山,2024-04-02,9209
00673R,期元大S＆P原油反1,10,0,10,凱基-岡山,2024-04-02,9209
1582,信錦,10,0,10,凱基-岡山,2024-04-02,9209
2022,聚亨,10,0,10,凱基-岡山,2024-04-02,9209
2388,威盛,10,0,10,凱基-岡山,2024-04-02,9209
3050,鈺德,10,0,10,凱基-岡山,2024-04-02,9209
4714,永捷,10,0,10,凱基-岡山,2024-04-02,9209
6163,華電網,15,5,10,凱基-岡山,2024-04-02,9209
00915,凱基優選高股息30,11,2,9,凱基-岡山,2024-04-02,9209
2458,義隆,10,1,9,凱基-岡山,2024-04-02,9209
2303,聯電,22,13,9,凱基-岡山,2024-04-02,9209
00927,群益半導體收益,9,1,8,凱基-岡山,2024-04-02,9209
1101,台泥,8,0,8,凱基-岡山,2024-04-02,9209
1524,耿鼎,8,0,8,凱基-岡山,2024-04-02,9209
2344,華邦電,8,0,8,凱基-岡山,2024-04-02,9209
00933B,國泰10Y+金融債,17,10,7,凱基-岡山,2024-04-02,9209
6196,帆宣,8,1,7,凱基-岡山,2024-04-02,9209
6188,廣明,8,1,7,凱基-岡山,2024-04-02,9209
00891,中信關鍵半導體,7,0,7,凱基-岡山,2024-04-02,9209
2329,華泰,7,0,7,凱基-岡山,2024-04-02,9209
3363,上詮,9,2,7,凱基-岡山,2024-04-02,9209
3548,兆利,6,0,6,凱基-岡山,2024-04-02,9209
1336,台翰,6,0,6,凱基-岡山,2024-04-02,9209
2241,艾姆勒,7,1,6,凱基-岡山,2024-04-02,9209
2812,台中銀,7,1,6,凱基-岡山,2024-04-02,9209
3264,欣銓,6,0,6,凱基-岡山,2024-04-02,9209
3669,圓展,6,0,6,凱基-岡山,2024-04-02,9209
6712,長聖,6,0,6,凱基-岡山,2024-04-02,9209
6854,錼創科技-KY創,6,0,6,凱基-岡山,2024-04-02,9209
00679B,元大美債20年,307,0,307,凱基-岡山,2024-04-03,9209
00929,復華台灣科技優息,66,1,65,凱基-岡山,2024-04-03,9209
00632R,元大台灣50反1,70,9,61,凱基-岡山,2024-04-03,9209
00937B,群益ESG投等債20,69,10,59,凱基-岡山,2024-04-03,9209
00673R,期元大S＆P原油反1,52,0,52,凱基-岡山,2024-04-03,9209
00940,元大台灣價值高息,58,20,38,凱基-岡山,2024-04-03,9209
00933B,國泰10Y+金融債,30,0,30,凱基-岡山,2024-04-03,9209
8111,立��,32,2,30,凱基-岡山,2024-04-03,9209
00941,中信上游半導體,23,0,23,凱基-岡山,2024-04-03,9209
2303,聯電,26,4,22,凱基-岡山,2024-04-03,9209
1319,東陽,20,0,20,凱基-岡山,2024-04-03,9209
00687B,國泰20年美債,19,1,18,凱基-岡山,2024-04-03,9209
2323,中環,18,0,18,凱基-岡山,2024-04-03,9209
2486,一詮,66,48,18,凱基-岡山,2024-04-03,9209
4961,天鈺,17,0,17,凱基-岡山,2024-04-03,9209
00900,富邦特選高股息30,14,1,13,凱基-岡山,2024-04-03,9209
3406,玉晶光,13,1,12,凱基-岡山,2024-04-03,9209
6443,元晶,12,0,12,凱基-岡山,2024-04-03,9209
00939,統一台灣高息動能,23,12,11,凱基-岡山,2024-04-03,9209
00688L,國泰20年美債正2,10,0,10,凱基-岡山,2024-04-03,9209
2430,燦坤,10,0,10,凱基-岡山,2024-04-03,9209
2515,中工,26,16,10,凱基-岡山,2024-04-03,9209
2636,台驊控股,10,0,10,凱基-岡山,2024-04-03,9209
2882,國泰金,10,0,10,凱基-岡山,2024-04-03,9209
4107,邦特,10,0,10,凱基-岡山,2024-04-03,9209
5285,界霖,10,0,10,凱基-岡山,2024-04-03,9209
1609,大亞,11,1,10,凱基-岡山,2024-04-03,9209
2002,中鋼,14,5,9,凱基-岡山,2024-04-03,9209
2440,太空梭,9,0,9,凱基-岡山,2024-04-03,9209
2885,元大金,9,0,9,凱基-岡山,2024-04-03,9209
2888,新光金,8,0,8,凱基-岡山,2024-04-03,9209
00680L,元大美債20正2,10,3,7,凱基-岡山,2024-04-03,9209
8064,東捷,14,7,7,凱基-岡山,2024-04-03,9209
1539,巨庭,7,0,7,凱基-岡山,2024-04-03,9209
2014,中鴻,58,51,7,凱基-岡山,2024-04-03,9209
2834,臺企銀,7,0,7,凱基-岡山,2024-04-03,9209
00720B,元大投資級公司債,6,0,6,凱基-岡山,2024-04-03,9209
00927,群益半導體收益,6,0,6,凱基-岡山,2024-04-03,9209
1524,耿鼎,12,6,6,凱基-岡山,2024-04-03,9209
2344,華邦電,6,0,6,凱基-岡山,2024-04-03,9209
2615,萬海,7,1,6,凱基-岡山,2024-04-03,9209
3033,威健,6,0,6,凱基-岡山,2024-04-03,9209
5443,均豪,16,10,6,凱基-岡山,2024-04-03,9209
5880,合庫金,6,0,6,凱基-岡山,2024-04-03,9209
6125,廣運,9,3,6,凱基-岡山,2024-04-03,9209
6806,森崴能源,6,1,5,凱基-岡山,2024-04-03,9209
006208,富邦台50,5,0,5,凱基-岡山,2024-04-03,9209
8086,宏捷科,12,7,5,凱基-岡山,2024-04-03,9209
2881,富邦金,5,0,5,凱基-岡山,2024-04-03,9209
00715L,期街口布蘭特正2,7,2,5,凱基-岡山,2024-04-03,9209
00940,元大台灣價值高息,177,28,149,凱基-岡山,2024-04-08,9209
00673R,期元大S＆P原油反1,65,0,65,凱基-岡山,2024-04-08,9209
8070,長華*,70,9,61,凱基-岡山,2024-04-08,9209
5324,士開,60,0,60,凱基-岡山,2024-04-08,9209
00687B,國泰20年美債,47,3,44,凱基-岡山,2024-04-08,9209
2324,仁寶,38,4,34,凱基-岡山,2024-04-08,9209
00933B,國泰10Y+金融債,33,0,33,凱基-岡山,2024-04-08,9209
00679B,元大美債20年,33,0,33,凱基-岡山,2024-04-08,9209
00937B,群益ESG投等債20,33,0,33,凱基-岡山,2024-04-08,9209
2356,英業達,32,0,32,凱基-岡山,2024-04-08,9209
5210,寶碩,30,0,30,凱基-岡山,2024-04-08,9209
2516,新建,20,0,20,凱基-岡山,2024-04-08,9209
9105,泰金寶-DR,20,0,20,凱基-岡山,2024-04-08,9209
4931,新盛力,17,0,17,凱基-岡山,2024-04-08,9209
00929,復華台灣科技優息,50,34,16,凱基-岡山,2024-04-08,9209
9945,潤泰新,16,0,16,凱基-岡山,2024-04-08,9209
6770,力積電,17,2,15,凱基-岡山,2024-04-08,9209
1609,大亞,27,17,10,凱基-岡山,2024-04-08,9209
2492,華新科,20,10,10,凱基-岡山,2024-04-08,9209
00669R,國泰美國道瓊反1,10,0,10,凱基-岡山,2024-04-08,9209
00688L,國泰20年美債正2,10,0,10,凱基-岡山,2024-04-08,9209
1529,樂事綠能,10,0,10,凱基-岡山,2024-04-08,9209
1905,華紙,10,0,10,凱基-岡山,2024-04-08,9209
5285,界霖,10,0,10,凱基-岡山,2024-04-08,9209
3014,聯陽,9,0,9,凱基-岡山,2024-04-08,9209
00941,中信上游半導體,10,1,9,凱基-岡山,2024-04-08,9209
3706,神達,8,0,8,凱基-岡山,2024-04-08,9209
3032,偉訓,9,1,8,凱基-岡山,2024-04-08,9209
2317,鴻海,20,12,8,凱基-岡山,2024-04-08,9209
3036,文曄,15,8,7,凱基-岡山,2024-04-08,9209
2371,大同,18,12,6,凱基-岡山,2024-04-08,9209
2607,榮運,6,0,6,凱基-岡山,2024-04-08,9209
3260,威剛,7,1,6,凱基-岡山,2024-04-08,9209
3705,永信,6,0,6,凱基-岡山,2024-04-08,9209
5425,台半,6,0,6,凱基-岡山,2024-04-08,9209
8086,宏捷科,14,9,5,凱基-岡山,2024-04-08,9209
2034,允強,5,0,5,凱基-岡山,2024-04-08,9209
2401,凌陽,5,0,5,凱基-岡山,2024-04-08,9209
2636,台驊控股,5,0,5,凱基-岡山,2024-04-08,9209
2897,王道銀行,5,0,5,凱基-岡山,2024-04-08,9209
3363,上詮,6,1,5,凱基-岡山,2024-04-08,9209
4541,晟田,5,0,5,凱基-岡山,2024-04-08,9209
3037,欣興,10,6,4,凱基-岡山,2024-04-08,9209
6179,亞通,6,2,4,凱基-岡山,2024-04-08,9209
00927,群益半導體收益,4,0,4,凱基-岡山,2024-04-08,9209
00751B,元大AAA至A公司債,4,0,4,凱基-岡山,2024-04-08,9209
1504,東元,4,0,4,凱基-岡山,2024-04-08,9209
1527,鑽全,4,0,4,凱基-岡山,2024-04-08,9209
1605,華新,5,1,4,凱基-岡山,2024-04-08,9209
2006,東和鋼鐵,4,0,4,凱基-岡山,2024-04-08,9209
00632R,元大台灣50反1,92,0,92,凱基-岡山,2024-04-09,9209
6189,豐藝,74,0,74,凱基-岡山,2024-04-09,9209
00939,統一台灣高息動能,47,0,47,凱基-岡山,2024-04-09,9209
00733,富邦臺灣中小,39,0,39,凱基-岡山,2024-04-09,9209
2618,長榮航,38,0,38,凱基-岡山,2024-04-09,9209
2440,太空梭,37,0,37,凱基-岡山,2024-04-09,9209
3231,緯創,57,20,37,凱基-岡山,2024-04-09,9209
3363,上詮,42,9,33,凱基-岡山,2024-04-09,9209
1513,中興電,41,9,32,凱基-岡山,2024-04-09,9209
1514,亞力,48,17,31,凱基-岡山,2024-04-09,9209
4121,優盛,27,0,27,凱基-岡山,2024-04-09,9209
00937B,群益ESG投等債20,31,5,26,凱基-岡山,2024-04-09,9209
2834,臺企銀,26,0,26,凱基-岡山,2024-04-09,9209
00933B,國泰10Y+金融債,23,0,23,凱基-岡山,2024-04-09,9209
2038,海光,23,0,23,凱基-岡山,2024-04-09,9209
2612,中航,22,0,22,凱基-岡山,2024-04-09,9209
2014,中鴻,70,50,20,凱基-岡山,2024-04-09,9209
2329,華泰,21,1,20,凱基-岡山,2024-04-09,9209
2352,佳世達,20,0,20,凱基-岡山,2024-04-09,9209
2501,國建,48,31,17,凱基-岡山,2024-04-09,9209
2889,國票金,17,0,17,凱基-岡山,2024-04-09,9209
6026,福邦證,20,5,15,凱基-岡山,2024-04-09,9209
2034,允強,13,0,13,凱基-岡山,2024-04-09,9209
8091,翔名,13,0,13,凱基-岡山,2024-04-09,9209
2486,一詮,40,27,13,凱基-岡山,2024-04-09,9209
00898,國泰基因免疫革命,12,0,12,凱基-岡山,2024-04-09,9209
3284,太普高,12,0,12,凱基-岡山,2024-04-09,9209
1301,台塑,12,1,11,凱基-岡山,2024-04-09,9209
00941,中信上游半導體,11,0,11,凱基-岡山,2024-04-09,9209
1473,台南,11,0,11,凱基-岡山,2024-04-09,9209
2029,盛餘,11,0,11,凱基-岡山,2024-04-09,9209
2402,毅嘉,16,5,11,凱基-岡山,2024-04-09,9209
2489,瑞軒,11,0,11,凱基-岡山,2024-04-09,9209
2498,宏達電,11,0,11,凱基-岡山,2024-04-09,9209
2603,長榮,16,5,11,凱基-岡山,2024-04-09,9209
4906,正文,11,0,11,凱基-岡山,2024-04-09,9209
6288,聯嘉,13,2,11,凱基-岡山,2024-04-09,9209
8440,綠電,11,0,11,凱基-岡山,2024-04-09,9209
00927,群益半導體收益,10,0,10,凱基-岡山,2024-04-09,9209
1303,南亞,11,1,10,凱基-岡山,2024-04-09,9209
1326,台化,10,0,10,凱基-岡山,2024-04-09,9209
2444,兆勁,10,0,10,凱基-岡山,2024-04-09,9209
2547,日勝生,15,5,10,凱基-岡山,2024-04-09,9209
2641,正德,10,0,10,凱基-岡山,2024-04-09,9209
3362,先進光,10,0,10,凱基-岡山,2024-04-09,9209
4533,協易機,10,0,10,凱基-岡山,2024-04-09,9209
8040,九暘,10,0,10,凱基-岡山,2024-04-09,9209
2317,鴻海,17,8,9,凱基-岡山,2024-04-09,9209
4771,望隼,9,0,9,凱基-岡山,2024-04-09,9209
6216,居易,9,0,9,凱基-岡山,2024-04-09,9209
2010,春源,100,0,100,凱基-岡山,2024-04-10,9209
00937B,群益ESG投等債20,91,0,91,凱基-岡山,2024-04-10,9209
2515,中工,136,46,90,凱基-岡山,2024-04-10,9209
00929,復華台灣科技優息,85,10,75,凱基-岡山,2024-04-10,9209
6177,達麗,65,1,64,凱基-岡山,2024-04-10,9209
6026,福邦證,36,0,36,凱基-岡山,2024-04-10,9209
3167,大量,32,0,32,凱基-岡山,2024-04-10,9209
1608,華榮,32,1,31,凱基-岡山,2024-04-10,9209
00933B,國泰10Y+金融債,37,10,27,凱基-岡山,2024-04-10,9209
2537,聯上發,25,1,24,凱基-岡山,2024-04-10,9209
0056,元大高股息,23,1,22,凱基-岡山,2024-04-10,9209
00673R,期元大S＆P原油反1,20,0,20,凱基-岡山,2024-04-10,9209
2882,國泰金,21,1,20,凱基-岡山,2024-04-10,9209
2887,台新金,20,0,20,凱基-岡山,2024-04-10,9209
5490,同亨,20,0,20,凱基-岡山,2024-04-10,9209
2317,鴻海,24,5,19,凱基-岡山,2024-04-10,9209
1786,科妍,21,2,19,凱基-岡山,2024-04-10,9209
8111,立��,30,12,18,凱基-岡山,2024-04-10,9209
2369,菱生,18,1,17,凱基-岡山,2024-04-10,9209
2501,國建,20,3,17,凱基-岡山,2024-04-10,9209
2889,國票金,18,1,17,凱基-岡山,2024-04-10,9209
2486,一詮,20,4,16,凱基-岡山,2024-04-10,9209
2547,日勝生,20,5,15,凱基-岡山,2024-04-10,9209
6128,上福,15,0,15,凱基-岡山,2024-04-10,9209
2371,大同,14,0,14,凱基-岡山,2024-04-10,9209
2002,中鋼,24,10,14,凱基-岡山,2024-04-10,9209
2029,盛餘,12,0,12,凱基-岡山,2024-04-10,9209
3284,太普高,12,0,12,凱基-岡山,2024-04-10,9209
6613,朋億*,15,3,12,凱基-岡山,2024-04-10,9209
2363,矽統,55,43,12,凱基-岡山,2024-04-10,9209
3483,力致,12,0,12,凱基-岡山,2024-04-10,9209
1473,台南,11,0,11,凱基-岡山,2024-04-10,9209
3232,昱捷,11,0,11,凱基-岡山,2024-04-10,9209
00940,元大台灣價值高息,47,36,11,凱基-岡山,2024-04-10,9209
00857B,永豐20年美公債,10,0,10,凱基-岡山,2024-04-10,9209
1721,三晃,10,0,10,凱基-岡山,2024-04-10,9209
2506,太設,10,0,10,凱基-岡山,2024-04-10,9209
3545,敦泰,10,0,10,凱基-岡山,2024-04-10,9209
5907,大洋-KY,10,0,10,凱基-岡山,2024-04-10,9209
6217,中探針,10,0,10,凱基-岡山,2024-04-10,9209
00713,元大台灣高息低波,10,0,10,凱基-岡山,2024-04-10,9209
2883,凱基金,14,5,9,凱基-岡山,2024-04-10,9209
6215,和椿,11,2,9,凱基-岡山,2024-04-10,9209
6216,居易,9,0,9,凱基-岡山,2024-04-10,9209
2025,千興,8,0,8,凱基-岡山,2024-04-10,9209
3686,達能,8,0,8,凱基-岡山,2024-04-10,9209
4550,長佳,8,0,8,凱基-岡山,2024-04-10,9209
5471,松翰,8,0,8,凱基-岡山,2024-04-10,9209
6807,峰源-KY,8,0,8,凱基-岡山,2024-04-10,9209
8064,東捷,9,1,8,凱基-岡山,2024-04-10,9209
00937B,群益ESG投等債20,240,0,240,凱基-岡山,2024-04-11,9209
3013,晟銘電,82,17,65,凱基-岡山,2024-04-11,9209
4113,聯上,62,2,60,凱基-岡山,2024-04-11,9209
00940,元大台灣價值高息,130,85,45,凱基-岡山,2024-04-11,9209
00929,復華台灣科技優息,43,0,43,凱基-岡山,2024-04-11,9209
4109,加捷生醫,43,5,38,凱基-岡山,2024-04-11,9209
1314,中石化,31,1,30,凱基-岡山,2024-04-11,9209
2515,中工,30,0,30,凱基-岡山,2024-04-11,9209
00673R,期元大S＆P原油反1,30,1,29,凱基-岡山,2024-04-11,9209
3481,群創,40,11,29,凱基-岡山,2024-04-11,9209
00680L,元大美債20正2,26,0,26,凱基-岡山,2024-04-11,9209
00687B,國泰20年美債,45,20,25,凱基-岡山,2024-04-11,9209
3231,緯創,30,7,23,凱基-岡山,2024-04-11,9209
6026,福邦證,23,0,23,凱基-岡山,2024-04-11,9209
00939,統一台灣高息動能,23,2,21,凱基-岡山,2024-04-11,9209
00679B,元大美債20年,30,10,20,凱基-岡山,2024-04-11,9209
2489,瑞軒,20,0,20,凱基-岡山,2024-04-11,9209
8163,達方,20,0,20,凱基-岡山,2024-04-11,9209
00688L,國泰20年美債正2,19,0,19,凱基-岡山,2024-04-11,9209
4303,信立,19,0,19,凱基-岡山,2024-04-11,9209
6217,中探針,23,6,17,凱基-岡山,2024-04-11,9209
2887,台新金,14,0,14,凱基-岡山,2024-04-11,9209
2834,臺企銀,13,0,13,凱基-岡山,2024-04-11,9209
00878,國泰永續高股息,20,8,12,凱基-岡山,2024-04-11,9209
00915,凱基優選高股息30,12,0,12,凱基-岡山,2024-04-11,9209
2501,國建,58,46,12,凱基-岡山,2024-04-11,9209
2014,中鴻,12,0,12,凱基-岡山,2024-04-11,9209
00927,群益半導體收益,11,0,11,凱基-岡山,2024-04-11,9209
1473,台南,11,0,11,凱基-岡山,2024-04-11,9209
00712,復華富時不動產,42,31,11,凱基-岡山,2024-04-11,9209
1785,光洋科,10,0,10,凱基-岡山,2024-04-11,9209
2024,志聯,10,0,10,凱基-岡山,2024-04-11,9209
2405,輔信,10,0,10,凱基-岡山,2024-04-11,9209
2816,旺旺保,10,0,10,凱基-岡山,2024-04-11,9209
2880,華南金,10,0,10,凱基-岡山,2024-04-11,9209
2886,兆豐金,10,0,10,凱基-岡山,2024-04-11,9209
3062,建漢,10,0,10,凱基-岡山,2024-04-11,9209
3232,昱捷,12,2,10,凱基-岡山,2024-04-11,9209
6216,居易,10,0,10,凱基-岡山,2024-04-11,9209
6770,力積電,10,0,10,凱基-岡山,2024-04-11,9209
2317,鴻海,39,30,9,凱基-岡山,2024-04-11,9209
00918,大華優利高填息30,9,0,9,凱基-岡山,2024-04-11,9209
1570,力肯,9,0,9,凱基-岡山,2024-04-11,9209
2468,華經,9,0,9,凱基-岡山,2024-04-11,9209
4581,光隆精密-KY,9,0,9,凱基-岡山,2024-04-11,9209
5381,合正,10,1,9,凱基-岡山,2024-04-11,9209
6290,良維,22,13,9,凱基-岡山,2024-04-11,9209
2634,漢翔,26,17,9,凱基-岡山,2024-04-11,9209
1609,大亞,54,45,9,凱基-岡山,2024-04-11,9209
2031,新光鋼,8,0,8,凱基-岡山,2024-04-11,9209
2845,遠東銀,121,0,121,凱基-岡山,2024-04-12,9209
00929,復華台灣科技優息,85,0,85,凱基-岡山,2024-04-12,9209
2301,光寶科,52,0,52,凱基-岡山,2024-04-12,9209
2353,宏��,90,51,39,凱基-岡山,2024-04-12,9209
2888,新光金,32,0,32,凱基-岡山,2024-04-12,9209
00720B,元大投資級公司債,24,0,24,凱基-岡山,2024-04-12,9209
1605,華新,28,6,22,凱基-岡山,2024-04-12,9209
6770,力積電,21,0,21,凱基-岡山,2024-04-12,9209
2891,中信金,20,0,20,凱基-岡山,2024-04-12,9209
2363,矽統,135,115,20,凱基-岡山,2024-04-12,9209
2834,臺企銀,18,0,18,凱基-岡山,2024-04-12,9209
6021,美好證,18,0,18,凱基-岡山,2024-04-12,9209
8284,三竹,18,0,18,凱基-岡山,2024-04-12,9209
2367,燿華,83,67,16,凱基-岡山,2024-04-12,9209
2887,台新金,17,2,15,凱基-岡山,2024-04-12,9209
4526,東台,19,4,15,凱基-岡山,2024-04-12,9209
00688L,國泰20年美債正2,20,6,14,凱基-岡山,2024-04-12,9209
2501,國建,14,1,13,凱基-岡山,2024-04-12,9209
00919,群益台灣精選高息,18,5,13,凱基-岡山,2024-04-12,9209
00927,群益半導體收益,21,8,13,凱基-岡山,2024-04-12,9209
2031,新光鋼,14,1,13,凱基-岡山,2024-04-12,9209
2882,國泰金,14,1,13,凱基-岡山,2024-04-12,9209
1101,台泥,13,1,12,凱基-岡山,2024-04-12,9209
1473,台南,12,0,12,凱基-岡山,2024-04-12,9209
2637,慧洋-KY,18,6,12,凱基-岡山,2024-04-12,9209
2408,南亞科,19,7,12,凱基-岡山,2024-04-12,9209
6215,和椿,15,4,11,凱基-岡山,2024-04-12,9209
9946,三發地產,11,0,11,凱基-岡山,2024-04-12,9209
2303,聯電,21,10,11,凱基-岡山,2024-04-12,9209
1308,亞聚,10,0,10,凱基-岡山,2024-04-12,9209
1314,中石化,10,0,10,凱基-岡山,2024-04-12,9209
2002,中鋼,11,1,10,凱基-岡山,2024-04-12,9209
2022,聚亨,10,0,10,凱基-岡山,2024-04-12,9209
2356,英業達,14,4,10,凱基-岡山,2024-04-12,9209
3706,神達,10,0,10,凱基-岡山,2024-04-12,9209
4581,光隆精密-KY,10,0,10,凱基-岡山,2024-04-12,9209
2393,億光,9,0,9,凱基-岡山,2024-04-12,9209
3303,岱稜,9,0,9,凱基-岡山,2024-04-12,9209
4532,瑞智,10,1,9,凱基-岡山,2024-04-12,9209
4560,強信-KY,9,0,9,凱基-岡山,2024-04-12,9209
6216,居易,9,0,9,凱基-岡山,2024-04-12,9209
2009,第一銅,21,12,9,凱基-岡山,2024-04-12,9209
2330,台積電,10,1,9,凱基-岡山,2024-04-12,9209
2344,華邦電,8,0,8,凱基-岡山,2024-04-12,9209
6235,華孚,8,0,8,凱基-岡山,2024-04-12,9209
6668,中揚光,9,1,8,凱基-岡山,2024-04-12,9209
6742,澤米,8,0,8,凱基-岡山,2024-04-12,9209
00733,富邦臺灣中小,7,0,7,凱基-岡山,2024-04-12,9209
2524,京城,7,0,7,凱基-岡山,2024-04-12,9209
6101,寬魚國際,7,0,7,凱基-岡山,2024-04-12,9209
00929,復華台灣科技優息,186,21,165,凱基-岡山,2024-04-15,9209
00919,群益台灣精選高息,68,14,54,凱基-岡山,2024-04-15,9209
0056,元大高股息,51,0,51,凱基-岡山,2024-04-15,9209
3024,憶聲,28,0,28,凱基-岡山,2024-04-15,9209
2371,大同,94,69,25,凱基-岡山,2024-04-15,9209
00941,中信上游半導體,24,0,24,凱基-岡山,2024-04-15,9209
2515,中工,28,5,23,凱基-岡山,2024-04-15,9209
00680L,元大美債20正2,21,0,21,凱基-岡山,2024-04-15,9209
00648R,元大S＆P500反1,20,0,20,凱基-岡山,2024-04-15,9209
00671R,富邦NASDAQ反1,20,0,20,凱基-岡山,2024-04-15,9209
4109,加捷生醫,20,0,20,凱基-岡山,2024-04-15,9209
2883,凱基金,20,1,19,凱基-岡山,2024-04-15,9209
4581,光隆精密-KY,16,0,16,凱基-岡山,2024-04-15,9209
6770,力積電,19,3,16,凱基-岡山,2024-04-15,9209
8096,擎亞,15,1,14,凱基-岡山,2024-04-15,9209
2002,中鋼,15,1,14,凱基-岡山,2024-04-15,9209
1101,台泥,14,1,13,凱基-岡山,2024-04-15,9209
3380,明泰,13,0,13,凱基-岡山,2024-04-15,9209
6606,建德工業,13,0,13,凱基-岡山,2024-04-15,9209
1513,中興電,35,22,13,凱基-岡山,2024-04-15,9209
2501,國建,13,0,13,凱基-岡山,2024-04-15,9209
9946,三發地產,12,0,12,凱基-岡山,2024-04-15,9209
1503,士電,20,9,11,凱基-岡山,2024-04-15,9209
1608,華榮,47,36,11,凱基-岡山,2024-04-15,9209
2834,臺企銀,11,0,11,凱基-岡山,2024-04-15,9209
3232,昱捷,11,0,11,凱基-岡山,2024-04-15,9209
3294,英濟,12,1,11,凱基-岡山,2024-04-15,9209
00675L,富邦臺灣加權正2,10,0,10,凱基-岡山,2024-04-15,9209
2481,強茂,11,1,10,凱基-岡山,2024-04-15,9209
00665L,富邦�琤肭磪囓�2,10,0,10,凱基-岡山,2024-04-15,9209
1314,中石化,50,40,10,凱基-岡山,2024-04-15,9209
2537,聯上發,10,0,10,凱基-岡山,2024-04-15,9209
2547,日勝生,10,0,10,凱基-岡山,2024-04-15,9209
5324,士開,10,0,10,凱基-岡山,2024-04-15,9209
6248,沛波,10,0,10,凱基-岡山,2024-04-15,9209
8440,綠電,10,0,10,凱基-岡山,2024-04-15,9209
1504,東元,27,17,10,凱基-岡山,2024-04-15,9209
00918,大華優利高填息30,12,3,9,凱基-岡山,2024-04-15,9209
3059,華晶科,13,4,9,凱基-岡山,2024-04-15,9209
00650L,復華香港正2,8,0,8,凱基-岡山,2024-04-15,9209
2511,太子,8,0,8,凱基-岡山,2024-04-15,9209
4527,方土霖,8,0,8,凱基-岡山,2024-04-15,9209
4722,國精化,8,0,8,凱基-岡山,2024-04-15,9209
8284,三竹,8,0,8,凱基-岡山,2024-04-15,9209
2524,京城,7,0,7,凱基-岡山,2024-04-15,9209
2605,新興,7,0,7,凱基-岡山,2024-04-15,9209
6807,峰源-KY,7,0,7,凱基-岡山,2024-04-15,9209
2303,聯電,10,3,7,凱基-岡山,2024-04-15,9209
1615,大山,6,0,6,凱基-岡山,2024-04-15,9209
2014,中鴻,7,1,6,凱基-岡山,2024-04-15,9209
00940,元大台灣價值高息,434,8,426,凱基-岡山,2024-04-16,9209
00937B,群益ESG投等債20,125,1,124,凱基-岡山,2024-04-16,9209
0056,元大高股息,113,7,106,凱基-岡山,2024-04-16,9209
00929,復華台灣科技優息,166,61,105,凱基-岡山,2024-04-16,9209
00919,群益台灣精選高息,110,8,102,凱基-岡山,2024-04-16,9209
1506,正道,100,0,100,凱基-岡山,2024-04-16,9209
00939,統一台灣高息動能,78,11,67,凱基-岡山,2024-04-16,9209
00665L,富邦�琤肭磪囓�2,60,0,60,凱基-岡山,2024-04-16,9209
1609,大亞,122,63,59,凱基-岡山,2024-04-16,9209
00878,國泰永續高股息,62,9,53,凱基-岡山,2024-04-16,9209
2312,金寶,50,0,50,凱基-岡山,2024-04-16,9209
2515,中工,50,3,47,凱基-岡山,2024-04-16,9209
2883,凱基金,47,0,47,凱基-岡山,2024-04-16,9209
2031,新光鋼,42,2,40,凱基-岡山,2024-04-16,9209
6005,群益證,37,2,35,凱基-岡山,2024-04-16,9209
1905,華紙,38,5,33,凱基-岡山,2024-04-16,9209
2002,中鋼,32,0,32,凱基-岡山,2024-04-16,9209
1789,神隆,30,0,30,凱基-岡山,2024-04-16,9209
2884,玉山金,31,1,30,凱基-岡山,2024-04-16,9209
2371,大同,43,14,29,凱基-岡山,2024-04-16,9209
3231,緯創,37,8,29,凱基-岡山,2024-04-16,9209
1314,中石化,24,0,24,凱基-岡山,2024-04-16,9209
4581,光隆精密-KY,24,0,24,凱基-岡山,2024-04-16,9209
4167,松瑞藥,23,0,23,凱基-岡山,2024-04-16,9209
2618,長榮航,22,0,22,凱基-岡山,2024-04-16,9209
1618,合機,113,92,21,凱基-岡山,2024-04-16,9209
2615,萬海,21,0,21,凱基-岡山,2024-04-16,9209
3052,夆典,20,0,20,凱基-岡山,2024-04-16,9209
8163,達方,20,1,19,凱基-岡山,2024-04-16,9209
2405,輔信,19,0,19,凱基-岡山,2024-04-16,9209
2887,台新金,19,2,17,凱基-岡山,2024-04-16,9209
1608,華榮,25,8,17,凱基-岡山,2024-04-16,9209
1785,光洋科,32,16,16,凱基-岡山,2024-04-16,9209
2208,台船,21,5,16,凱基-岡山,2024-04-16,9209
2610,華航,16,0,16,凱基-岡山,2024-04-16,9209
00933B,國泰10Y+金融債,15,0,15,凱基-岡山,2024-04-16,9209
00713,元大台灣高息低波,26,11,15,凱基-岡山,2024-04-16,9209
2303,聯電,20,5,15,凱基-岡山,2024-04-16,9209
3615,安可,15,0,15,凱基-岡山,2024-04-16,9209
4960,誠美材,15,1,14,凱基-岡山,2024-04-16,9209
2892,第一金,14,0,14,凱基-岡山,2024-04-16,9209
00941,中信上游半導體,23,10,13,凱基-岡山,2024-04-16,9209
3033,威健,13,0,13,凱基-岡山,2024-04-16,9209
2374,佳能,16,3,13,凱基-岡山,2024-04-16,9209
9934,成霖,13,0,13,凱基-岡山,2024-04-16,9209
00680L,元大美債20正2,13,0,13,凱基-岡山,2024-04-16,9209
6485,點序,12,0,12,凱基-岡山,2024-04-16,9209
00687B,國泰20年美債,12,1,11,凱基-岡山,2024-04-16,9209
2356,英業達,12,1,11,凱基-岡山,2024-04-16,9209
2888,新光金,11,0,11,凱基-岡山,2024-04-16,9209
00937B,群益ESG投等債20,128,0,128,凱基-岡山,2024-04-17,9209
2330,台積電,74,4,70,凱基-岡山,2024-04-17,9209
00929,復華台灣科技優息,74,8,66,凱基-岡山,2024-04-17,9209
2303,聯電,51,3,48,凱基-岡山,2024-04-17,9209
0056,元大高股息,44,0,44,凱基-岡山,2024-04-17,9209
6770,力積電,34,0,34,凱基-岡山,2024-04-17,9209
00857B,永豐20年美公債,29,0,29,凱基-岡山,2024-04-17,9209
00941,中信上游半導體,26,0,26,凱基-岡山,2024-04-17,9209
2353,宏��,23,2,21,凱基-岡山,2024-04-17,9209
3231,緯創,25,5,20,凱基-岡山,2024-04-17,9209
2412,中華電,19,0,19,凱基-岡山,2024-04-17,9209
1736,喬山,18,0,18,凱基-岡山,2024-04-17,9209
00687B,國泰20年美債,13,0,13,凱基-岡山,2024-04-17,9209
2301,光寶科,13,0,13,凱基-岡山,2024-04-17,9209
3037,欣興,14,2,12,凱基-岡山,2024-04-17,9209
2887,台新金,12,0,12,凱基-岡山,2024-04-17,9209
3481,群創,12,0,12,凱基-岡山,2024-04-17,9209
8110,華東,12,0,12,凱基-岡山,2024-04-17,9209
00933B,國泰10Y+金融債,11,0,11,凱基-岡山,2024-04-17,9209
00712,復華富時不動產,13,2,11,凱基-岡山,2024-04-17,9209
1707,葡萄王,10,0,10,凱基-岡山,2024-04-17,9209
2547,日勝生,10,0,10,凱基-岡山,2024-04-17,9209
2630,亞航,21,11,10,凱基-岡山,2024-04-17,9209
4714,永捷,10,0,10,凱基-岡山,2024-04-17,9209
00919,群益台灣精選高息,11,1,10,凱基-岡山,2024-04-17,9209
2888,新光金,20,11,9,凱基-岡山,2024-04-17,9209
6264,富裔,9,0,9,凱基-岡山,2024-04-17,9209
00939,統一台灣高息動能,8,0,8,凱基-岡山,2024-04-17,9209
1711,永光,8,0,8,凱基-岡山,2024-04-17,9209
2880,華南金,8,0,8,凱基-岡山,2024-04-17,9209
3296,勝德,8,0,8,凱基-岡山,2024-04-17,9209
4127,天良,10,2,8,凱基-岡山,2024-04-17,9209
6116,彩晶,10,2,8,凱基-岡山,2024-04-17,9209
00720B,元大投資級公司債,8,0,8,凱基-岡山,2024-04-17,9209
2382,廣達,10,3,7,凱基-岡山,2024-04-17,9209
1304,台聚,7,0,7,凱基-岡山,2024-04-17,9209
2610,華航,7,0,7,凱基-岡山,2024-04-17,9209
2356,英業達,8,1,7,凱基-岡山,2024-04-17,9209
2324,仁寶,6,0,6,凱基-岡山,2024-04-17,9209
00905,FT臺灣Smart,6,0,6,凱基-岡山,2024-04-17,9209
1268,漢來美食,6,0,6,凱基-岡山,2024-04-17,9209
1584,精剛,6,0,6,凱基-岡山,2024-04-17,9209
2611,志信,6,0,6,凱基-岡山,2024-04-17,9209
2634,漢翔,9,3,6,凱基-岡山,2024-04-17,9209
2308,台達電,6,1,5,凱基-岡山,2024-04-17,9209
2002,中鋼,7,2,5,凱基-岡山,2024-04-17,9209
00878,國泰永續高股息,6,1,5,凱基-岡山,2024-04-17,9209
5434,崇越,5,0,5,凱基-岡山,2024-04-17,9209
00926,凱基全球菁英55,5,0,5,凱基-岡山,2024-04-17,9209
00679B,元大美債20年,13,8,5,凱基-岡山,2024-04-17,9209
00632R,元大台灣50反1,116,10,106,凱基-岡山,2024-04-18,9209
2329,華泰,70,4,66,凱基-岡山,2024-04-18,9209
00937B,群益ESG投等債20,38,1,37,凱基-岡山,2024-04-18,9209
2406,國碩,35,0,35,凱基-岡山,2024-04-18,9209
00931B,統一美債20年,31,0,31,凱基-岡山,2024-04-18,9209
4714,永捷,30,0,30,凱基-岡山,2024-04-18,9209
6213,聯茂,30,1,29,凱基-岡山,2024-04-18,9209
9919,康那香,28,1,27,凱基-岡山,2024-04-18,9209
1605,華新,69,45,24,凱基-岡山,2024-04-18,9209
00941,中信上游半導體,22,0,22,凱基-岡山,2024-04-18,9209
2542,興富發,22,1,21,凱基-岡山,2024-04-18,9209
00688L,國泰20年美債正2,20,0,20,凱基-岡山,2024-04-18,9209
1504,東元,23,6,17,凱基-岡山,2024-04-18,9209
2371,大同,158,141,17,凱基-岡山,2024-04-18,9209
2027,大成鋼,25,8,17,凱基-岡山,2024-04-18,9209
6770,力積電,17,0,17,凱基-岡山,2024-04-18,9209
2608,嘉里大榮,20,4,16,凱基-岡山,2024-04-18,9209
00929,復華台灣科技優息,26,12,14,凱基-岡山,2024-04-18,9209
0056,元大高股息,21,8,13,凱基-岡山,2024-04-18,9209
2024,志聯,13,0,13,凱基-岡山,2024-04-18,9209
2101,南港,15,2,13,凱基-岡山,2024-04-18,9209
2611,志信,15,2,13,凱基-岡山,2024-04-18,9209
2882,國泰金,15,2,13,凱基-岡山,2024-04-18,9209
2317,鴻海,14,1,13,凱基-岡山,2024-04-18,9209
2002,中鋼,27,16,11,凱基-岡山,2024-04-18,9209
2344,華邦電,11,0,11,凱基-岡山,2024-04-18,9209
00664R,國泰臺灣加權反1,10,0,10,凱基-岡山,2024-04-18,9209
1312,國喬,10,0,10,凱基-岡山,2024-04-18,9209
3207,耀勝,18,8,10,凱基-岡山,2024-04-18,9209
4707,磐亞,10,0,10,凱基-岡山,2024-04-18,9209
5283,禾聯碩,10,0,10,凱基-岡山,2024-04-18,9209
8121,越峰,10,0,10,凱基-岡山,2024-04-18,9209
00939,統一台灣高息動能,9,0,9,凱基-岡山,2024-04-18,9209
2014,中鴻,25,16,9,凱基-岡山,2024-04-18,9209
3339,泰谷,9,0,9,凱基-岡山,2024-04-18,9209
00712,復華富時不動產,8,0,8,凱基-岡山,2024-04-18,9209
8011,台通,9,1,8,凱基-岡山,2024-04-18,9209
8110,華東,8,0,8,凱基-岡山,2024-04-18,9209
00918,大華優利高填息30,8,0,8,凱基-岡山,2024-04-18,9209
00679B,元大美債20年,8,0,8,凱基-岡山,2024-04-18,9209
00923,群益台ESG低碳50,7,0,7,凱基-岡山,2024-04-18,9209
2609,陽明,7,0,7,凱基-岡山,2024-04-18,9209
3596,智易,7,0,7,凱基-岡山,2024-04-18,9209
8111,立��,6,0,6,凱基-岡山,2024-04-18,9209
6191,精成科,6,0,6,凱基-岡山,2024-04-18,9209
00751B,元大AAA至A公司債,6,0,6,凱基-岡山,2024-04-18,9209
00919,群益台灣精選高息,5,0,5,凱基-岡山,2024-04-18,9209
2303,聯電,10,5,5,凱基-岡山,2024-04-18,9209
2427,三商電,5,0,5,凱基-岡山,2024-04-18,9209
2641,正德,5,0,5,凱基-岡山,2024-04-18,9209
00929,復華台灣科技優息,290,40,250,凱基-岡山,2024-04-19,9209
00940,元大台灣價值高息,290,156,134,凱基-岡山,2024-04-19,9209
2515,中工,191,115,76,凱基-岡山,2024-04-19,9209
6485,點序,62,0,62,凱基-岡山,2024-04-19,9209
5514,三豐,60,0,60,凱基-岡山,2024-04-19,9209
00937B,群益ESG投等債20,73,21,52,凱基-岡山,2024-04-19,9209
00878,國泰永續高股息,86,39,47,凱基-岡山,2024-04-19,9209
1608,華榮,137,101,36,凱基-岡山,2024-04-19,9209
0056,元大高股息,45,10,35,凱基-岡山,2024-04-19,9209
2834,臺企銀,42,11,31,凱基-岡山,2024-04-19,9209
1905,華紙,31,0,31,凱基-岡山,2024-04-19,9209
2303,聯電,36,5,31,凱基-岡山,2024-04-19,9209
3481,群創,33,3,30,凱基-岡山,2024-04-19,9209
00941,中信上游半導體,34,5,29,凱基-岡山,2024-04-19,9209
6005,群益證,32,7,25,凱基-岡山,2024-04-19,9209
6016,康和證,25,0,25,凱基-岡山,2024-04-19,9209
0050,元大台灣50,23,0,23,凱基-岡山,2024-04-19,9209
2330,台積電,29,8,21,凱基-岡山,2024-04-19,9209
2352,佳世達,25,5,20,凱基-岡山,2024-04-19,9209
00696B,富邦美債20年,20,0,20,凱基-岡山,2024-04-19,9209
2323,中環,20,0,20,凱基-岡山,2024-04-19,9209
2317,鴻海,104,85,19,凱基-岡山,2024-04-19,9209
5521,工信,41,22,19,凱基-岡山,2024-04-19,9209
2603,長榮,27,9,18,凱基-岡山,2024-04-19,9209
00923,群益台ESG低碳50,19,2,17,凱基-岡山,2024-04-19,9209
2406,國碩,21,4,17,凱基-岡山,2024-04-19,9209
2867,三商壽,17,0,17,凱基-岡山,2024-04-19,9209
1312,國喬,16,0,16,凱基-岡山,2024-04-19,9209
1459,聯發,15,0,15,凱基-岡山,2024-04-19,9209
2014,中鴻,15,0,15,凱基-岡山,2024-04-19,9209
2516,新建,15,0,15,凱基-岡山,2024-04-19,9209
9912,偉聯,15,0,15,凱基-岡山,2024-04-19,9209
2419,仲琦,14,0,14,凱基-岡山,2024-04-19,9209
3363,上詮,14,0,14,凱基-岡山,2024-04-19,9209
6282,康舒,18,4,14,凱基-岡山,2024-04-19,9209
3703,欣陸,13,0,13,凱基-岡山,2024-04-19,9209
1301,台塑,12,0,12,凱基-岡山,2024-04-19,9209
3380,明泰,12,0,12,凱基-岡山,2024-04-19,9209
00927,群益半導體收益,15,4,11,凱基-岡山,2024-04-19,9209
2388,威盛,11,0,11,凱基-岡山,2024-04-19,9209
2409,友達,11,0,11,凱基-岡山,2024-04-19,9209
6197,佳必琪,12,2,10,凱基-岡山,2024-04-19,9209
2630,亞航,23,13,10,凱基-岡山,2024-04-19,9209
2888,新光金,10,0,10,凱基-岡山,2024-04-19,9209
3052,夆典,10,0,10,凱基-岡山,2024-04-19,9209
9902,台火,10,0,10,凱基-岡山,2024-04-19,9209
1101,台泥,12,2,10,凱基-岡山,2024-04-19,9209
4979,華星光,9,0,9,凱基-岡山,2024-04-19,9209
00675L,富邦臺灣加權正2,9,0,9,凱基-岡山,2024-04-19,9209
1785,光洋科,11,2,9,凱基-岡山,2024-04-19,9209
2630,亞航,206,10,196,凱基-岡山,2024-04-22,9209
2511,太子,185,0,185,凱基-岡山,2024-04-22,9209
00929,復華台灣科技優息,148,22,126,凱基-岡山,2024-04-22,9209
1440,南紡,100,1,99,凱基-岡山,2024-04-22,9209
00937B,群益ESG投等債20,69,6,63,凱基-岡山,2024-04-22,9209
2515,中工,123,70,53,凱基-岡山,2024-04-22,9209
1732,毛寶,50,0,50,凱基-岡山,2024-04-22,9209
00940,元大台灣價值高息,71,25,46,凱基-岡山,2024-04-22,9209
2610,華航,50,8,42,凱基-岡山,2024-04-22,9209
00939,統一台灣高息動能,51,9,42,凱基-岡山,2024-04-22,9209
00738U,期元大道瓊白銀,42,1,41,凱基-岡山,2024-04-22,9209
2527,宏璟,40,0,40,凱基-岡山,2024-04-22,9209
3490,單井,39,0,39,凱基-岡山,2024-04-22,9209
00933B,國泰10Y+金融債,38,0,38,凱基-岡山,2024-04-22,9209
00919,群益台灣精選高息,39,1,38,凱基-岡山,2024-04-22,9209
8424,惠普,34,0,34,凱基-岡山,2024-04-22,9209
1608,華榮,44,10,34,凱基-岡山,2024-04-22,9209
4513,福裕,30,0,30,凱基-岡山,2024-04-22,9209
6835,圓裕,30,0,30,凱基-岡山,2024-04-22,9209
1529,樂事綠能,26,0,26,凱基-岡山,2024-04-22,9209
3703,欣陸,30,7,23,凱基-岡山,2024-04-22,9209
4931,新盛力,22,0,22,凱基-岡山,2024-04-22,9209
2101,南港,28,8,20,凱基-岡山,2024-04-22,9209
1605,華新,43,23,20,凱基-岡山,2024-04-22,9209
5515,建國,20,0,20,凱基-岡山,2024-04-22,9209
1617,榮星,19,1,18,凱基-岡山,2024-04-22,9209
2609,陽明,60,42,18,凱基-岡山,2024-04-22,9209
5512,力麒,31,14,17,凱基-岡山,2024-04-22,9209
6125,廣運,24,8,16,凱基-岡山,2024-04-22,9209
5230,雷笛克光學,21,6,15,凱基-岡山,2024-04-22,9209
00687B,國泰20年美債,30,16,14,凱基-岡山,2024-04-22,9209
6116,彩晶,14,0,14,凱基-岡山,2024-04-22,9209
2031,新光鋼,13,0,13,凱基-岡山,2024-04-22,9209
1808,潤隆,13,1,12,凱基-岡山,2024-04-22,9209
2537,聯上發,13,1,12,凱基-岡山,2024-04-22,9209
6443,元晶,12,1,11,凱基-岡山,2024-04-22,9209
1785,光洋科,10,0,10,凱基-岡山,2024-04-22,9209
2506,太設,10,0,10,凱基-岡山,2024-04-22,9209
4104,佳醫,10,0,10,凱基-岡山,2024-04-22,9209
4157,太景*-KY,10,0,10,凱基-岡山,2024-04-22,9209
6485,點序,10,0,10,凱基-岡山,2024-04-22,9209
6712,長聖,10,0,10,凱基-岡山,2024-04-22,9209
2329,華泰,11,2,9,凱基-岡山,2024-04-22,9209
00927,群益半導體收益,12,3,9,凱基-岡山,2024-04-22,9209
2303,聯電,16,7,9,凱基-岡山,2024-04-22,9209
6770,力積電,9,0,9,凱基-岡山,2024-04-22,9209
3231,緯創,25,17,8,凱基-岡山,2024-04-22,9209
4306,炎洲,8,0,8,凱基-岡山,2024-04-22,9209
8163,達方,8,0,8,凱基-岡山,2024-04-22,9209
2330,台積電,9,1,8,凱基-岡山,2024-04-22,9209
00676R,富邦臺灣加權反1,197,0,197,凱基-岡山,2024-04-23,9209
1440,南紡,113,10,103,凱基-岡山,2024-04-23,9209
00937B,群益ESG投等債20,74,7,67,凱基-岡山,2024-04-23,9209
2547,日勝生,58,1,57,凱基-岡山,2024-04-23,9209
00940,元大台灣價值高息,56,5,51,凱基-岡山,2024-04-23,9209
2409,友達,31,2,29,凱基-岡山,2024-04-23,9209
1314,中石化,31,7,24,凱基-岡山,2024-04-23,9209
2344,華邦電,24,0,24,凱基-岡山,2024-04-23,9209
1605,華新,23,1,22,凱基-岡山,2024-04-23,9209
2352,佳世達,20,0,20,凱基-岡山,2024-04-23,9209
2371,大同,105,87,18,凱基-岡山,2024-04-23,9209
2609,陽明,20,2,18,凱基-岡山,2024-04-23,9209
6282,康舒,16,1,15,凱基-岡山,2024-04-23,9209
2303,聯電,21,6,15,凱基-岡山,2024-04-23,9209
2374,佳能,30,15,15,凱基-岡山,2024-04-23,9209
5324,士開,15,0,15,凱基-岡山,2024-04-23,9209
1316,上曜,14,0,14,凱基-岡山,2024-04-23,9209
00919,群益台灣精選高息,13,2,11,凱基-岡山,2024-04-23,9209
2633,台灣高鐵,11,0,11,凱基-岡山,2024-04-23,9209
2206,三陽工業,18,8,10,凱基-岡山,2024-04-23,9209
2362,藍天,10,0,10,凱基-岡山,2024-04-23,9209
2801,彰銀,10,0,10,凱基-岡山,2024-04-23,9209
3686,達能,10,0,10,凱基-岡山,2024-04-23,9209
4109,加捷生醫,10,0,10,凱基-岡山,2024-04-23,9209
2330,台積電,12,2,10,凱基-岡山,2024-04-23,9209
4532,瑞智,10,1,9,凱基-岡山,2024-04-23,9209
5009,榮剛,9,0,9,凱基-岡山,2024-04-23,9209
3622,洋華,9,1,8,凱基-岡山,2024-04-23,9209
1611,中電,8,0,8,凱基-岡山,2024-04-23,9209
2027,大成鋼,11,3,8,凱基-岡山,2024-04-23,9209
1603,華電,7,0,7,凱基-岡山,2024-04-23,9209
3052,夆典,10,3,7,凱基-岡山,2024-04-23,9209
6425,易發,8,1,7,凱基-岡山,2024-04-23,9209
00915,凱基優選高股息30,5,0,5,凱基-岡山,2024-04-23,9209
2034,允強,5,0,5,凱基-岡山,2024-04-23,9209
3623,富晶通,5,0,5,凱基-岡山,2024-04-23,9209
4306,炎洲,5,0,5,凱基-岡山,2024-04-23,9209
8011,台通,5,0,5,凱基-岡山,2024-04-23,9209
8092,建暐,5,0,5,凱基-岡山,2024-04-23,9209
3617,碩天,4,0,4,凱基-岡山,2024-04-23,9209
1416,廣豐,4,0,4,凱基-岡山,2024-04-23,9209
1725,元禎,4,0,4,凱基-岡山,2024-04-23,9209
2527,宏璟,4,0,4,凱基-岡山,2024-04-23,9209
4164,承業醫,4,0,4,凱基-岡山,2024-04-23,9209
5508,永信建,5,1,4,凱基-岡山,2024-04-23,9209
6176,瑞儀,4,0,4,凱基-岡山,2024-04-23,9209
8147,正淩,4,0,4,凱基-岡山,2024-04-23,9209
1616,億泰,3,0,3,凱基-岡山,2024-04-23,9209
1815,富喬,3,0,3,凱基-岡山,2024-04-23,9209
2354,鴻準,25,22,3,凱基-岡山,2024-04-23,9209
0056,元大高股息,93,1,92,凱基-岡山,2024-04-24,9209
00637L,元大滬深300正2,82,0,82,凱基-岡山,2024-04-24,9209
2881,富邦金,67,0,67,凱基-岡山,2024-04-24,9209
1314,中石化,50,11,39,凱基-岡山,2024-04-24,9209
00687B,國泰20年美債,38,0,38,凱基-岡山,2024-04-24,9209
00664R,國泰臺灣加權反1,30,0,30,凱基-岡山,2024-04-24,9209
2027,大成鋼,32,2,30,凱基-岡山,2024-04-24,9209
6015,宏遠證,30,0,30,凱基-岡山,2024-04-24,9209
3689,湧德,28,0,28,凱基-岡山,2024-04-24,9209
00929,復華台灣科技優息,53,30,23,凱基-岡山,2024-04-24,9209
2206,三陽工業,68,46,22,凱基-岡山,2024-04-24,9209
4121,優盛,20,0,20,凱基-岡山,2024-04-24,9209
6016,康和證,20,0,20,凱基-岡山,2024-04-24,9209
2890,永豐金,20,1,19,凱基-岡山,2024-04-24,9209
2888,新光金,30,11,19,凱基-岡山,2024-04-24,9209
4306,炎洲,20,2,18,凱基-岡山,2024-04-24,9209
6770,力積電,18,2,16,凱基-岡山,2024-04-24,9209
1473,台南,30,15,15,凱基-岡山,2024-04-24,9209
2363,矽統,15,0,15,凱基-岡山,2024-04-24,9209
3059,華晶科,13,0,13,凱基-岡山,2024-04-24,9209
00632R,元大台灣50反1,218,206,12,凱基-岡山,2024-04-24,9209
3481,群創,14,2,12,凱基-岡山,2024-04-24,9209
5324,士開,12,0,12,凱基-岡山,2024-04-24,9209
6235,華孚,12,0,12,凱基-岡山,2024-04-24,9209
1609,大亞,47,36,11,凱基-岡山,2024-04-24,9209
00679B,元大美債20年,11,0,11,凱基-岡山,2024-04-24,9209
1514,亞力,11,0,11,凱基-岡山,2024-04-24,9209
2547,日勝生,16,5,11,凱基-岡山,2024-04-24,9209
1319,東陽,10,0,10,凱基-岡山,2024-04-24,9209
2886,兆豐金,10,0,10,凱基-岡山,2024-04-24,9209
4707,磐亞,10,0,10,凱基-岡山,2024-04-24,9209
5512,力麒,11,1,10,凱基-岡山,2024-04-24,9209
2356,英業達,23,14,9,凱基-岡山,2024-04-24,9209
1808,潤隆,10,2,8,凱基-岡山,2024-04-24,9209
2745,五福,8,0,8,凱基-岡山,2024-04-24,9209
2515,中工,17,10,7,凱基-岡山,2024-04-24,9209
5283,禾聯碩,7,0,7,凱基-岡山,2024-04-24,9209
00941,中信上游半導體,6,0,6,凱基-岡山,2024-04-24,9209
2634,漢翔,13,7,6,凱基-岡山,2024-04-24,9209
3035,智原,5,0,5,凱基-岡山,2024-04-24,9209
00830,國泰費城半導體,5,0,5,凱基-岡山,2024-04-24,9209
1101,台泥,6,1,5,凱基-岡山,2024-04-24,9209
1304,台聚,5,0,5,凱基-岡山,2024-04-24,9209
2034,允強,5,0,5,凱基-岡山,2024-04-24,9209
2891,中信金,5,0,5,凱基-岡山,2024-04-24,9209
5533,皇鼎,5,0,5,凱基-岡山,2024-04-24,9209
2834,臺企銀,11,6,5,凱基-岡山,2024-04-24,9209
00751B,元大AAA至A公司債,5,0,5,凱基-岡山,2024-04-24,9209
00937B,群益ESG投等債20,4,0,4,凱基-岡山,2024-04-24,9209
1513,中興電,20,16,4,凱基-岡山,2024-04-24,9209
2317,鴻海,120,39,81,凱基-岡山,2024-04-25,9209
00929,復華台灣科技優息,52,1,51,凱基-岡山,2024-04-25,9209
2603,長榮,82,36,46,凱基-岡山,2024-04-25,9209
4426,利勤,40,0,40,凱基-岡山,2024-04-25,9209
00940,元大台灣價值高息,46,7,39,凱基-岡山,2024-04-25,9209
5512,力麒,38,1,37,凱基-岡山,2024-04-25,9209
6005,群益證,36,1,35,凱基-岡山,2024-04-25,9209
2618,長榮航,196,163,33,凱基-岡山,2024-04-25,9209
2881,富邦金,33,0,33,凱基-岡山,2024-04-25,9209
00725B,國泰投資級公司債,33,0,33,凱基-岡山,2024-04-25,9209
1303,南亞,30,1,29,凱基-岡山,2024-04-25,9209
2515,中工,154,127,27,凱基-岡山,2024-04-25,9209
00878,國泰永續高股息,27,1,26,凱基-岡山,2024-04-25,9209
3466,德晉,24,0,24,凱基-岡山,2024-04-25,9209
4306,炎洲,23,0,23,凱基-岡山,2024-04-25,9209
2892,第一金,19,0,19,凱基-岡山,2024-04-25,9209
00679B,元大美債20年,16,0,16,凱基-岡山,2024-04-25,9209
00687B,國泰20年美債,16,0,16,凱基-岡山,2024-04-25,9209
2031,新光鋼,16,0,16,凱基-岡山,2024-04-25,9209
6770,力積電,24,10,14,凱基-岡山,2024-04-25,9209
3033,威健,12,0,12,凱基-岡山,2024-04-25,9209
2611,志信,13,2,11,凱基-岡山,2024-04-25,9209
3052,夆典,10,0,10,凱基-岡山,2024-04-25,9209
00752,中信中國50,10,0,10,凱基-岡山,2024-04-25,9209
1471,首利,10,0,10,凱基-岡山,2024-04-25,9209
2316,楠梓電,10,0,10,凱基-岡山,2024-04-25,9209
2511,太子,10,0,10,凱基-岡山,2024-04-25,9209
8096,擎亞,10,0,10,凱基-岡山,2024-04-25,9209
2363,矽統,21,12,9,凱基-岡山,2024-04-25,9209
3081,聯亞,9,0,9,凱基-岡山,2024-04-25,9209
2208,台船,8,0,8,凱基-岡山,2024-04-25,9209
4303,信立,11,3,8,凱基-岡山,2024-04-25,9209
6548,長科*,11,3,8,凱基-岡山,2024-04-25,9209
00937B,群益ESG投等債20,9,2,7,凱基-岡山,2024-04-25,9209
2610,華航,10,3,7,凱基-岡山,2024-04-25,9209
5703,亞都,7,0,7,凱基-岡山,2024-04-25,9209
6177,達麗,9,2,7,凱基-岡山,2024-04-25,9209
2501,國建,32,26,6,凱基-岡山,2024-04-25,9209
2014,中鴻,6,0,6,凱基-岡山,2024-04-25,9209
2409,友達,35,29,6,凱基-岡山,2024-04-25,9209
2634,漢翔,17,11,6,凱基-岡山,2024-04-25,9209
3564,其陽,6,0,6,凱基-岡山,2024-04-25,9209
5283,禾聯碩,6,0,6,凱基-岡山,2024-04-25,9209
2101,南港,17,11,6,凱基-岡山,2024-04-25,9209
00898,國泰基因免疫革命,5,0,5,凱基-岡山,2024-04-25,9209
1101,台泥,5,0,5,凱基-岡山,2024-04-25,9209
1808,潤隆,7,2,5,凱基-岡山,2024-04-25,9209
2354,鴻準,9,4,5,凱基-岡山,2024-04-25,9209
3313,斐成,5,0,5,凱基-岡山,2024-04-25,9209
3416,融程電,5,0,5,凱基-岡山,2024-04-25,9209
00929,復華台灣科技優息,217,38,179,凱基-岡山,2024-04-26,9209
00940,元大台灣價值高息,52,4,48,凱基-岡山,2024-04-26,9209
00753L,中信中國50正2,45,1,44,凱基-岡山,2024-04-26,9209
2610,華航,227,189,38,凱基-岡山,2024-04-26,9209
0056,元大高股息,66,30,36,凱基-岡山,2024-04-26,9209
00937B,群益ESG投等債20,34,0,34,凱基-岡山,2024-04-26,9209
2023,燁輝,20,0,20,凱基-岡山,2024-04-26,9209
00878,國泰永續高股息,22,3,19,凱基-岡山,2024-04-26,9209
00679B,元大美債20年,21,2,19,凱基-岡山,2024-04-26,9209
4303,信立,19,0,19,凱基-岡山,2024-04-26,9209
2323,中環,25,8,17,凱基-岡山,2024-04-26,9209
2486,一詮,28,11,17,凱基-岡山,2024-04-26,9209
3466,德晉,14,0,14,凱基-岡山,2024-04-26,9209
1440,南紡,64,50,14,凱基-岡山,2024-04-26,9209
2105,正新,13,0,13,凱基-岡山,2024-04-26,9209
2615,萬海,34,22,12,凱基-岡山,2024-04-26,9209
6264,富裔,12,0,12,凱基-岡山,2024-04-26,9209
1609,大亞,34,23,11,凱基-岡山,2024-04-26,9209
1618,合機,25,14,11,凱基-岡山,2024-04-26,9209
3033,威健,11,0,11,凱基-岡山,2024-04-26,9209
4909,新復興,11,0,11,凱基-岡山,2024-04-26,9209
1101,台泥,11,1,10,凱基-岡山,2024-04-26,9209
00632R,元大台灣50反1,25,15,10,凱基-岡山,2024-04-26,9209
1413,宏洲,10,0,10,凱基-岡山,2024-04-26,9209
2406,國碩,10,0,10,凱基-岡山,2024-04-26,9209
4533,協易機,10,0,10,凱基-岡山,2024-04-26,9209
6477,安集,10,0,10,凱基-岡山,2024-04-26,9209
2371,大同,31,22,9,凱基-岡山,2024-04-26,9209
3622,洋華,9,1,8,凱基-岡山,2024-04-26,9209
2206,三陽工業,19,11,8,凱基-岡山,2024-04-26,9209
4157,太景*-KY,8,0,8,凱基-岡山,2024-04-26,9209
2353,宏��,7,0,7,凱基-岡山,2024-04-26,9209
3013,晟銘電,23,16,7,凱基-岡山,2024-04-26,9209
8210,勤誠,10,3,7,凱基-岡山,2024-04-26,9209
00687B,國泰20年美債,6,0,6,凱基-岡山,2024-04-26,9209
3059,華晶科,7,1,6,凱基-岡山,2024-04-26,9209
3176,基亞,6,0,6,凱基-岡山,2024-04-26,9209
3313,斐成,6,0,6,凱基-岡山,2024-04-26,9209
6548,長科*,7,1,6,凱基-岡山,2024-04-26,9209
8936,國統,9,3,6,凱基-岡山,2024-04-26,9209
00919,群益台灣精選高息,10,5,5,凱基-岡山,2024-04-26,9209
6187,萬潤,5,0,5,凱基-岡山,2024-04-26,9209
00673R,期元大S＆P原油反1,5,0,5,凱基-岡山,2024-04-26,9209
1529,樂事綠能,5,0,5,凱基-岡山,2024-04-26,9209
2009,第一銅,8,3,5,凱基-岡山,2024-04-26,9209
2316,楠梓電,11,6,5,凱基-岡山,2024-04-26,9209
4167,松瑞藥,5,0,5,凱基-岡山,2024-04-26,9209
4532,瑞智,5,0,5,凱基-岡山,2024-04-26,9209
6742,澤米,6,1,5,凱基-岡山,2024-04-26,9209
8011,台通,5,0,5,凱基-岡山,2024-04-26,9209
2610,華航,219,62,157,凱基-岡山,2024-04-29,9209
1316,上曜,92,2,90,凱基-岡山,2024-04-29,9209
2618,長榮航,90,15,75,凱基-岡山,2024-04-29,9209
1455,集盛,50,1,49,凱基-岡山,2024-04-29,9209
2363,矽統,84,41,43,凱基-岡山,2024-04-29,9209
00632R,元大台灣50反1,35,2,33,凱基-岡山,2024-04-29,9209
2409,友達,33,1,32,凱基-岡山,2024-04-29,9209
2888,新光金,52,22,30,凱基-岡山,2024-04-29,9209
4167,松瑞藥,25,0,25,凱基-岡山,2024-04-29,9209
2101,南港,43,20,23,凱基-岡山,2024-04-29,9209
00933B,國泰10Y+金融債,21,0,21,凱基-岡山,2024-04-29,9209
00706L,期元大S＆P日圓正2,21,0,21,凱基-岡山,2024-04-29,9209
00665L,富邦�琤肭磪囓�2,20,0,20,凱基-岡山,2024-04-29,9209
2887,台新金,22,3,19,凱基-岡山,2024-04-29,9209
2371,大同,35,17,18,凱基-岡山,2024-04-29,9209
2024,志聯,17,0,17,凱基-岡山,2024-04-29,9209
00753L,中信中國50正2,45,30,15,凱基-岡山,2024-04-29,9209
4513,福裕,15,0,15,凱基-岡山,2024-04-29,9209
3481,群創,16,2,14,凱基-岡山,2024-04-29,9209
6189,豐藝,15,1,14,凱基-岡山,2024-04-29,9209
2501,國建,20,6,14,凱基-岡山,2024-04-29,9209
1532,勤美,24,11,13,凱基-岡山,2024-04-29,9209
8936,國統,16,3,13,凱基-岡山,2024-04-29,9209
1711,永光,12,0,12,凱基-岡山,2024-04-29,9209
2102,泰豐,12,0,12,凱基-岡山,2024-04-29,9209
3706,神達,14,2,12,凱基-岡山,2024-04-29,9209
00830,國泰費城半導體,10,0,10,凱基-岡山,2024-04-29,9209
1309,台達化,10,0,10,凱基-岡山,2024-04-29,9209
1445,大宇,10,0,10,凱基-岡山,2024-04-29,9209
1808,潤隆,10,0,10,凱基-岡山,2024-04-29,9209
5410,國眾,10,0,10,凱基-岡山,2024-04-29,9209
6505,台塑化,10,0,10,凱基-岡山,2024-04-29,9209
2454,聯發科,11,1,10,凱基-岡山,2024-04-29,9209
2009,第一銅,25,16,9,凱基-岡山,2024-04-29,9209
6190,萬泰科,9,0,9,凱基-岡山,2024-04-29,9209
4533,協易機,8,0,8,凱基-岡山,2024-04-29,9209
6120,達運,11,3,8,凱基-岡山,2024-04-29,9209
2537,聯上發,28,20,8,凱基-岡山,2024-04-29,9209
00637L,元大滬深300正2,6,0,6,凱基-岡山,2024-04-29,9209
2607,榮運,6,0,6,凱基-岡山,2024-04-29,9209
3645,達邁,6,0,6,凱基-岡山,2024-04-29,9209
9904,寶成,6,0,6,凱基-岡山,2024-04-29,9209
2834,臺企銀,16,10,6,凱基-岡山,2024-04-29,9209
00919,群益台灣精選高息,14,8,6,凱基-岡山,2024-04-29,9209
3324,雙鴻,5,0,5,凱基-岡山,2024-04-29,9209
00941,中信上游半導體,5,0,5,凱基-岡山,2024-04-29,9209
2323,中環,12,7,5,凱基-岡山,2024-04-29,9209
3014,聯陽,5,0,5,凱基-岡山,2024-04-29,9209
3022,威強電,5,0,5,凱基-岡山,2024-04-29,9209
3029,零壹,5,0,5,凱基-岡山,2024-04-29,9209
00706L,期元大S＆P日圓正2,200,7,193,凱基-岡山,2024-04-30,9209
2867,三商壽,100,0,100,凱基-岡山,2024-04-30,9209
1445,大宇,84,0,84,凱基-岡山,2024-04-30,9209
1304,台聚,81,0,81,凱基-岡山,2024-04-30,9209
2024,志聯,62,0,62,凱基-岡山,2024-04-30,9209
2515,中工,89,36,53,凱基-岡山,2024-04-30,9209
2317,鴻海,52,2,50,凱基-岡山,2024-04-30,9209
1455,集盛,45,5,40,凱基-岡山,2024-04-30,9209
1314,中石化,83,56,27,凱基-岡山,2024-04-30,9209
00940,元大台灣價值高息,28,3,25,凱基-岡山,2024-04-30,9209
2511,太子,20,0,20,凱基-岡山,2024-04-30,9209
3044,健鼎,20,0,20,凱基-岡山,2024-04-30,9209
00919,群益台灣精選高息,30,12,18,凱基-岡山,2024-04-30,9209
00937B,群益ESG投等債20,19,2,17,凱基-岡山,2024-04-30,9209
2501,國建,29,13,16,凱基-岡山,2024-04-30,9209
2889,國票金,20,5,15,凱基-岡山,2024-04-30,9209
3466,德晉,14,0,14,凱基-岡山,2024-04-30,9209
00878,國泰永續高股息,13,1,12,凱基-岡山,2024-04-30,9209
1527,鑽全,12,0,12,凱基-岡山,2024-04-30,9209
2888,新光金,22,10,12,凱基-岡山,2024-04-30,9209
2913,農林,12,0,12,凱基-岡山,2024-04-30,9209
4533,協易機,11,0,11,凱基-岡山,2024-04-30,9209
5512,力麒,13,2,11,凱基-岡山,2024-04-30,9209
6264,富裔,11,0,11,凱基-岡山,2024-04-30,9209
1536,和大,10,0,10,凱基-岡山,2024-04-30,9209
1711,永光,10,0,10,凱基-岡山,2024-04-30,9209
2352,佳世達,10,0,10,凱基-岡山,2024-04-30,9209
3047,訊舟,10,0,10,凱基-岡山,2024-04-30,9209
3052,夆典,10,0,10,凱基-岡山,2024-04-30,9209
8110,華東,10,0,10,凱基-岡山,2024-04-30,9209
00929,復華台灣科技優息,21,12,9,凱基-岡山,2024-04-30,9209
5457,宣德,20,11,9,凱基-岡山,2024-04-30,9209
0056,元大高股息,11,3,8,凱基-岡山,2024-04-30,9209
1514,亞力,9,1,8,凱基-岡山,2024-04-30,9209
2303,聯電,13,5,8,凱基-岡山,2024-04-30,9209
3512,皇龍,8,1,7,凱基-岡山,2024-04-30,9209
1808,潤隆,9,2,7,凱基-岡山,2024-04-30,9209
2365,昆盈,12,5,7,凱基-岡山,2024-04-30,9209
4906,正文,7,0,7,凱基-岡山,2024-04-30,9209
1605,華新,6,0,6,凱基-岡山,2024-04-30,9209
2010,春源,6,0,6,凱基-岡山,2024-04-30,9209
00679B,元大美債20年,12,7,5,凱基-岡山,2024-04-30,9209
00686R,群益臺灣加權反1,5,0,5,凱基-岡山,2024-04-30,9209
006208,富邦台50,5,0,5,凱基-岡山,2024-04-30,9209
1326,台化,5,0,5,凱基-岡山,2024-04-30,9209
2101,南港,20,15,5,凱基-岡山,2024-04-30,9209
2208,台船,5,0,5,凱基-岡山,2024-04-30,9209
2323,中環,17,12,5,凱基-岡山,2024-04-30,9209
2367,燿華,7,2,5,凱基-岡山,2024-04-30,9209
2405,輔信,5,0,5,凱基-岡山,2024-04-30,9209
2891,中信金,117,0,117,凱基-岡山,2024-05-02,9209
00878,國泰永續高股息,65,0,65,凱基-岡山,2024-05-02,9209
2888,新光金,50,0,50,凱基-岡山,2024-05-02,9209
00715L,期街口布蘭特正2,48,0,48,凱基-岡山,2024-05-02,9209
00940,元大台灣價值高息,52,10,42,凱基-岡山,2024-05-02,9209
2834,臺企銀,51,9,42,凱基-岡山,2024-05-02,9209
1609,大亞,58,18,40,凱基-岡山,2024-05-02,9209
5439,高技,35,0,35,凱基-岡山,2024-05-02,9209
00687B,國泰20年美債,32,0,32,凱基-岡山,2024-05-02,9209
1440,南紡,36,7,29,凱基-岡山,2024-05-02,9209
3481,群創,29,4,25,凱基-岡山,2024-05-02,9209
4513,福裕,23,0,23,凱基-岡山,2024-05-02,9209
00679B,元大美債20年,21,0,21,凱基-岡山,2024-05-02,9209
1710,東聯,20,0,20,凱基-岡山,2024-05-02,9209
1909,榮成,21,1,20,凱基-岡山,2024-05-02,9209
00919,群益台灣精選高息,23,3,20,凱基-岡山,2024-05-02,9209
2609,陽明,17,2,15,凱基-岡山,2024-05-02,9209
6177,達麗,55,42,13,凱基-岡山,2024-05-02,9209
2070,精湛,12,0,12,凱基-岡山,2024-05-02,9209
2401,凌陽,21,10,11,凱基-岡山,2024-05-02,9209
00937B,群益ESG投等債20,37,26,11,凱基-岡山,2024-05-02,9209
00945B,凱基美國非投等債,11,0,11,凱基-岡山,2024-05-02,9209
00927,群益半導體收益,12,1,11,凱基-岡山,2024-05-02,9209
00933B,國泰10Y+金融債,11,0,11,凱基-岡山,2024-05-02,9209
1103,嘉泥,10,0,10,凱基-岡山,2024-05-02,9209
1108,幸福,10,0,10,凱基-岡山,2024-05-02,9209
1337,再生-KY,10,0,10,凱基-岡山,2024-05-02,9209
1611,中電,10,0,10,凱基-岡山,2024-05-02,9209
2324,仁寶,10,0,10,凱基-岡山,2024-05-02,9209
2515,中工,19,9,10,凱基-岡山,2024-05-02,9209
2641,正德,10,0,10,凱基-岡山,2024-05-02,9209
3032,偉訓,12,2,10,凱基-岡山,2024-05-02,9209
3052,夆典,20,10,10,凱基-岡山,2024-05-02,9209
4960,誠美材,10,0,10,凱基-岡山,2024-05-02,9209
6120,達運,10,0,10,凱基-岡山,2024-05-02,9209
3049,精金,10,0,10,凱基-岡山,2024-05-02,9209
0056,元大高股息,9,0,9,凱基-岡山,2024-05-02,9209
2301,光寶科,10,2,8,凱基-岡山,2024-05-02,9209
00686R,群益臺灣加權反1,8,0,8,凱基-岡山,2024-05-02,9209
00664R,國泰臺灣加權反1,8,0,8,凱基-岡山,2024-05-02,9209
00676R,富邦臺灣加權反1,8,0,8,凱基-岡山,2024-05-02,9209
1806,冠軍,8,0,8,凱基-岡山,2024-05-02,9209
2363,矽統,53,46,7,凱基-岡山,2024-05-02,9209
3715,定穎投控,7,0,7,凱基-岡山,2024-05-02,9209
6190,萬泰科,7,0,7,凱基-岡山,2024-05-02,9209
2330,台積電,7,0,7,凱基-岡山,2024-05-02,9209
3338,泰碩,8,2,6,凱基-岡山,2024-05-02,9209
00830,國泰費城半導體,6,0,6,凱基-岡山,2024-05-02,9209
2009,第一銅,6,0,6,凱基-岡山,2024-05-02,9209
2615,萬海,8,2,6,凱基-岡山,2024-05-02,9209
00679B,元大美債20年,203,5,198,凱基-岡山,2024-05-03,9209
9907,統一實,150,0,150,凱基-岡山,2024-05-03,9209
00665L,富邦�琤肭磪囓�2,142,0,142,凱基-岡山,2024-05-03,9209
1785,光洋科,100,1,99,凱基-岡山,2024-05-03,9209
2615,萬海,74,2,72,凱基-岡山,2024-05-03,9209
2609,陽明,79,29,50,凱基-岡山,2024-05-03,9209
00878,國泰永續高股息,43,2,41,凱基-岡山,2024-05-03,9209
1314,中石化,98,62,36,凱基-岡山,2024-05-03,9209
00687B,國泰20年美債,29,1,28,凱基-岡山,2024-05-03,9209
1722,台肥,27,0,27,凱基-岡山,2024-05-03,9209
8163,達方,31,4,27,凱基-岡山,2024-05-03,9209
6005,群益證,31,5,26,凱基-岡山,2024-05-03,9209
3715,定穎投控,26,2,24,凱基-岡山,2024-05-03,9209
5512,力麒,34,11,23,凱基-岡山,2024-05-03,9209
6770,力積電,49,27,22,凱基-岡山,2024-05-03,9209
1609,大亞,37,15,22,凱基-岡山,2024-05-03,9209
2603,長榮,36,17,19,凱基-岡山,2024-05-03,9209
2024,志聯,18,0,18,凱基-岡山,2024-05-03,9209
2545,皇翔,20,2,18,凱基-岡山,2024-05-03,9209
2884,玉山金,19,2,17,凱基-岡山,2024-05-03,9209
00715L,期街口布蘭特正2,16,0,16,凱基-岡山,2024-05-03,9209
2606,裕民,18,2,16,凱基-岡山,2024-05-03,9209
2014,中鴻,15,1,14,凱基-岡山,2024-05-03,9209
2834,臺企銀,14,0,14,凱基-岡山,2024-05-03,9209
1316,上曜,118,105,13,凱基-岡山,2024-05-03,9209
1608,華榮,18,5,13,凱基-岡山,2024-05-03,9209
5519,隆大,16,3,13,凱基-岡山,2024-05-03,9209
00937B,群益ESG投等債20,13,0,13,凱基-岡山,2024-05-03,9209
2506,太設,17,5,12,凱基-岡山,2024-05-03,9209
2883,凱基金,19,7,12,凱基-岡山,2024-05-03,9209
00933B,國泰10Y+金融債,12,0,12,凱基-岡山,2024-05-03,9209
4167,松瑞藥,12,0,12,凱基-岡山,2024-05-03,9209
00945B,凱基美國非投等債,11,0,11,凱基-岡山,2024-05-03,9209
3014,聯陽,11,0,11,凱基-岡山,2024-05-03,9209
5347,世界,11,0,11,凱基-岡山,2024-05-03,9209
3231,緯創,13,3,10,凱基-岡山,2024-05-03,9209
1909,榮成,10,0,10,凱基-岡山,2024-05-03,9209
2009,第一銅,11,1,10,凱基-岡山,2024-05-03,9209
2608,嘉里大榮,10,0,10,凱基-岡山,2024-05-03,9209
2897,王道銀行,10,0,10,凱基-岡山,2024-05-03,9209
3515,華擎,10,0,10,凱基-岡山,2024-05-03,9209
6120,達運,9,0,9,凱基-岡山,2024-05-03,9209
6451,訊芯-KY,8,0,8,凱基-岡山,2024-05-03,9209
2812,台中銀,11,3,8,凱基-岡山,2024-05-03,9209
9945,潤泰新,26,19,7,凱基-岡山,2024-05-03,9209
2449,京元電子,6,0,6,凱基-岡山,2024-05-03,9209
2354,鴻準,7,1,6,凱基-岡山,2024-05-03,9209
3236,千如,7,1,6,凱基-岡山,2024-05-03,9209
3576,聯合再生,6,0,6,凱基-岡山,2024-05-03,9209
5511,德昌,6,0,6,凱基-岡山,2024-05-03,9209
1101,台泥,267,8,259,凱基-岡山,2024-05-06,9209
00929,復華台灣科技優息,206,3,203,凱基-岡山,2024-05-06,9209
1314,中石化,165,31,134,凱基-岡山,2024-05-06,9209
2101,南港,101,16,85,凱基-岡山,2024-05-06,9209
00940,元大台灣價值高息,73,0,73,凱基-岡山,2024-05-06,9209
1102,亞泥,56,11,45,凱基-岡山,2024-05-06,9209
2618,長榮航,61,18,43,凱基-岡山,2024-05-06,9209
1402,遠東新,36,0,36,凱基-岡山,2024-05-06,9209
2887,台新金,34,2,32,凱基-岡山,2024-05-06,9209
5230,雷笛克光學,59,29,30,凱基-岡山,2024-05-06,9209
1722,台肥,27,0,27,凱基-岡山,2024-05-06,9209
00937B,群益ESG投等債20,26,0,26,凱基-岡山,2024-05-06,9209
00878,國泰永續高股息,29,6,23,凱基-岡山,2024-05-06,9209
4303,信立,26,3,23,凱基-岡山,2024-05-06,9209
2883B,凱基金乙特,22,0,22,凱基-岡山,2024-05-06,9209
2458,義隆,21,0,21,凱基-岡山,2024-05-06,9209
5512,力麒,22,2,20,凱基-岡山,2024-05-06,9209
00715L,期街口布蘭特正2,19,0,19,凱基-岡山,2024-05-06,9209
4967,十銓,20,1,19,凱基-岡山,2024-05-06,9209
6844,諾貝兒,19,0,19,凱基-岡山,2024-05-06,9209
2547,日勝生,15,0,15,凱基-岡山,2024-05-06,9209
6173,信昌電,17,2,15,凱基-岡山,2024-05-06,9209
8110,華東,15,0,15,凱基-岡山,2024-05-06,9209
00680L,元大美債20正2,12,0,12,凱基-岡山,2024-05-06,9209
2603,長榮,11,0,11,凱基-岡山,2024-05-06,9209
00688L,國泰20年美債正2,10,0,10,凱基-岡山,2024-05-06,9209
1312,國喬,10,0,10,凱基-岡山,2024-05-06,9209
2314,台揚,10,0,10,凱基-岡山,2024-05-06,9209
2406,國碩,10,0,10,凱基-岡山,2024-05-06,9209
6282,康舒,12,2,10,凱基-岡山,2024-05-06,9209
6790,永豐實,10,0,10,凱基-岡山,2024-05-06,9209
9945,潤泰新,19,9,10,凱基-岡山,2024-05-06,9209
2834,臺企銀,15,6,9,凱基-岡山,2024-05-06,9209
2449,京元電子,12,3,9,凱基-岡山,2024-05-06,9209
3052,夆典,10,2,8,凱基-岡山,2024-05-06,9209
8027,鈦昇,11,3,8,凱基-岡山,2024-05-06,9209
3706,神達,7,0,7,凱基-岡山,2024-05-06,9209
2897,王道銀行,7,0,7,凱基-岡山,2024-05-06,9209
9930,中聯資源,11,4,7,凱基-岡山,2024-05-06,9209
8349,�矬�,6,0,6,凱基-岡山,2024-05-06,9209
1810,和成,6,0,6,凱基-岡山,2024-05-06,9209
2201,裕隆,17,11,6,凱基-岡山,2024-05-06,9209
2313,華通,6,0,6,凱基-岡山,2024-05-06,9209
2401,凌陽,10,4,6,凱基-岡山,2024-05-06,9209
2409,友達,7,1,6,凱基-岡山,2024-05-06,9209
3543,州巧,6,0,6,凱基-岡山,2024-05-06,9209
5443,均豪,6,0,6,凱基-岡山,2024-05-06,9209
9933,中鼎,12,6,6,凱基-岡山,2024-05-06,9209
2371,大同,11,6,5,凱基-岡山,2024-05-06,9209
00896,中信綠能及電動車,8,3,5,凱基-岡山,2024-05-06,9209
2801,彰銀,601,0,601,凱基-岡山,2024-05-07,9209
2537,聯上發,110,8,102,凱基-岡山,2024-05-07,9209
00937B,群益ESG投等債20,105,14,91,凱基-岡山,2024-05-07,9209
00940,元大台灣價值高息,64,6,58,凱基-岡山,2024-05-07,9209
3481,群創,56,0,56,凱基-岡山,2024-05-07,9209
1314,中石化,80,33,47,凱基-岡山,2024-05-07,9209
2515,中工,52,8,44,凱基-岡山,2024-05-07,9209
00919,群益台灣精選高息,52,10,42,凱基-岡山,2024-05-07,9209
1409,新纖,40,0,40,凱基-岡山,2024-05-07,9209
2208,台船,40,0,40,凱基-岡山,2024-05-07,9209
6005,群益證,47,10,37,凱基-岡山,2024-05-07,9209
00929,復華台灣科技優息,37,12,25,凱基-岡山,2024-05-07,9209
2449,京元電子,22,1,21,凱基-岡山,2024-05-07,9209
2344,華邦電,21,0,21,凱基-岡山,2024-05-07,9209
6754,匯僑設計,20,0,20,凱基-岡山,2024-05-07,9209
00878,國泰永續高股息,29,10,19,凱基-岡山,2024-05-07,9209
2101,南港,46,28,18,凱基-岡山,2024-05-07,9209
2486,一詮,71,56,15,凱基-岡山,2024-05-07,9209
2024,志聯,15,0,15,凱基-岡山,2024-05-07,9209
4109,加捷生醫,15,0,15,凱基-岡山,2024-05-07,9209
5519,隆大,17,3,14,凱基-岡山,2024-05-07,9209
6213,聯茂,15,1,14,凱基-岡山,2024-05-07,9209
00687B,國泰20年美債,12,0,12,凱基-岡山,2024-05-07,9209
6282,康舒,15,3,12,凱基-岡山,2024-05-07,9209
2406,國碩,11,0,11,凱基-岡山,2024-05-07,9209
2618,長榮航,20,9,11,凱基-岡山,2024-05-07,9209
00900,富邦特選高股息30,12,2,10,凱基-岡山,2024-05-07,9209
1536,和大,10,0,10,凱基-岡山,2024-05-07,9209
2331,精英,10,0,10,凱基-岡山,2024-05-07,9209
4960,誠美材,10,0,10,凱基-岡山,2024-05-07,9209
9927,泰銘,11,1,10,凱基-岡山,2024-05-07,9209
00882,中信中國高股息,10,0,10,凱基-岡山,2024-05-07,9209
2014,中鴻,9,0,9,凱基-岡山,2024-05-07,9209
1316,上曜,8,0,8,凱基-岡山,2024-05-07,9209
1723,中碳,8,0,8,凱基-岡山,2024-05-07,9209
2401,凌陽,9,1,8,凱基-岡山,2024-05-07,9209
6550,北極星藥業-KY,8,0,8,凱基-岡山,2024-05-07,9209
6770,力積電,23,15,8,凱基-岡山,2024-05-07,9209
00936,台新永續高息中小,7,0,7,凱基-岡山,2024-05-07,9209
1905,華紙,7,0,7,凱基-岡山,2024-05-07,9209
2834,臺企銀,7,0,7,凱基-岡山,2024-05-07,9209
1504,東元,6,0,6,凱基-岡山,2024-05-07,9209
2353,宏��,6,0,6,凱基-岡山,2024-05-07,9209
3013,晟銘電,31,25,6,凱基-岡山,2024-05-07,9209
3535,晶彩科,6,0,6,凱基-岡山,2024-05-07,9209
4533,協易機,6,0,6,凱基-岡山,2024-05-07,9209
6207,雷科,47,41,6,凱基-岡山,2024-05-07,9209
8096,擎亞,11,5,6,凱基-岡山,2024-05-07,9209
8121,越峰,7,1,6,凱基-岡山,2024-05-07,9209
2371,大同,10,4,6,凱基-岡山,2024-05-07,9209
2801,彰銀,300,10,290,凱基-岡山,2024-05-08,9209
00878,國泰永續高股息,201,1,200,凱基-岡山,2024-05-08,9209
00937B,群益ESG投等債20,98,0,98,凱基-岡山,2024-05-08,9209
1102,亞泥,53,2,51,凱基-岡山,2024-05-08,9209
2101,南港,41,9,32,凱基-岡山,2024-05-08,9209
2509,全坤建,28,0,28,凱基-岡山,2024-05-08,9209
2606,裕民,67,40,27,凱基-岡山,2024-05-08,9209
2371,大同,50,23,27,凱基-岡山,2024-05-08,9209
3481,群創,23,0,23,凱基-岡山,2024-05-08,9209
2367,燿華,32,11,21,凱基-岡山,2024-05-08,9209
2442,新美齊,19,0,19,凱基-岡山,2024-05-08,9209
1303,南亞,18,1,17,凱基-岡山,2024-05-08,9209
00929,復華台灣科技優息,24,7,17,凱基-岡山,2024-05-08,9209
1312,國喬,16,0,16,凱基-岡山,2024-05-08,9209
00680L,元大美債20正2,14,0,14,凱基-岡山,2024-05-08,9209
6005,群益證,23,9,14,凱基-岡山,2024-05-08,9209
00715L,期街口布蘭特正2,12,0,12,凱基-岡山,2024-05-08,9209
1314,中石化,14,2,12,凱基-岡山,2024-05-08,9209
1618,合機,45,33,12,凱基-岡山,2024-05-08,9209
2618,長榮航,18,7,11,凱基-岡山,2024-05-08,9209
00679B,元大美債20年,13,2,11,凱基-岡山,2024-05-08,9209
00857B,永豐20年美公債,10,0,10,凱基-岡山,2024-05-08,9209
1309,台達化,10,0,10,凱基-岡山,2024-05-08,9209
2537,聯上發,10,0,10,凱基-岡山,2024-05-08,9209
6844,諾貝兒,10,0,10,凱基-岡山,2024-05-08,9209
2329,華泰,12,2,10,凱基-岡山,2024-05-08,9209
3543,州巧,10,2,8,凱基-岡山,2024-05-08,9209
6141,柏承,8,0,8,凱基-岡山,2024-05-08,9209
3013,晟銘電,35,28,7,凱基-岡山,2024-05-08,9209
1313,聯成,7,0,7,凱基-岡山,2024-05-08,9209
2002,中鋼,10,3,7,凱基-岡山,2024-05-08,9209
2634,漢翔,7,0,7,凱基-岡山,2024-05-08,9209
00919,群益台灣精選高息,7,0,7,凱基-岡山,2024-05-08,9209
5871,中租-KY,9,2,7,凱基-岡山,2024-05-08,9209
3703,欣陸,10,4,6,凱基-岡山,2024-05-08,9209
00941,中信上游半導體,6,0,6,凱基-岡山,2024-05-08,9209
1815,富喬,10,4,6,凱基-岡山,2024-05-08,9209
2464,盟立,7,1,6,凱基-岡山,2024-05-08,9209
3252,海灣,6,0,6,凱基-岡山,2024-05-08,9209
4532,瑞智,9,3,6,凱基-岡山,2024-05-08,9209
6269,台郡,6,0,6,凱基-岡山,2024-05-08,9209
9941,裕融,5,0,5,凱基-岡山,2024-05-08,9209
6488,環球晶,5,0,5,凱基-岡山,2024-05-08,9209
1316,上曜,5,0,5,凱基-岡山,2024-05-08,9209
1409,新纖,5,0,5,凱基-岡山,2024-05-08,9209
1540,喬福,5,0,5,凱基-岡山,2024-05-08,9209
1789,神隆,5,0,5,凱基-岡山,2024-05-08,9209
2374,佳能,33,28,5,凱基-岡山,2024-05-08,9209
2867,三商壽,5,0,5,凱基-岡山,2024-05-08,9209
2903,遠百,5,0,5,凱基-岡山,2024-05-08,9209
2801,彰銀,804,1,803,凱基-岡山,2024-05-09,9209
00929,復華台灣科技優息,140,1,139,凱基-岡山,2024-05-09,9209
2010,春源,143,5,138,凱基-岡山,2024-05-09,9209
2618,長榮航,117,18,99,凱基-岡山,2024-05-09,9209
00944,野村趨勢動能高息,91,5,86,凱基-岡山,2024-05-09,9209
2603,長榮,62,6,56,凱基-岡山,2024-05-09,9209
2509,全坤建,45,0,45,凱基-岡山,2024-05-09,9209
1314,中石化,69,28,41,凱基-岡山,2024-05-09,9209
5512,力麒,41,1,40,凱基-岡山,2024-05-09,9209
1409,新纖,35,0,35,凱基-岡山,2024-05-09,9209
8112,至上,34,1,33,凱基-岡山,2024-05-09,9209
3033,威健,34,4,30,凱基-岡山,2024-05-09,9209
4303,信立,30,0,30,凱基-岡山,2024-05-09,9209
4714,永捷,30,0,30,凱基-岡山,2024-05-09,9209
00937B,群益ESG投等債20,28,0,28,凱基-岡山,2024-05-09,9209
4157,太景*-KY,25,0,25,凱基-岡山,2024-05-09,9209
00946,群益科技高息成長,29,6,23,凱基-岡山,2024-05-09,9209
1536,和大,21,0,21,凱基-岡山,2024-05-09,9209
4543,萬在,21,0,21,凱基-岡山,2024-05-09,9209
00753L,中信中國50正2,20,0,20,凱基-岡山,2024-05-09,9209
1304,台聚,20,0,20,凱基-岡山,2024-05-09,9209
1909,榮成,20,0,20,凱基-岡山,2024-05-09,9209
6005,群益證,26,6,20,凱基-岡山,2024-05-09,9209
2610,華航,17,0,17,凱基-岡山,2024-05-09,9209
2303,聯電,21,4,17,凱基-岡山,2024-05-09,9209
2887,台新金,17,2,15,凱基-岡山,2024-05-09,9209
1609,大亞,19,4,15,凱基-岡山,2024-05-09,9209
6141,柏承,17,2,15,凱基-岡山,2024-05-09,9209
6189,豐藝,15,0,15,凱基-岡山,2024-05-09,9209
1721,三晃,15,0,15,凱基-岡山,2024-05-09,9209
2605,新興,18,3,15,凱基-岡山,2024-05-09,9209
2515,中工,27,13,14,凱基-岡山,2024-05-09,9209
1313,聯成,13,0,13,凱基-岡山,2024-05-09,9209
00919,群益台灣精選高息,12,0,12,凱基-岡山,2024-05-09,9209
00915,凱基優選高股息30,12,0,12,凱基-岡山,2024-05-09,9209
3231,緯創,16,4,12,凱基-岡山,2024-05-09,9209
2363,矽統,65,53,12,凱基-岡山,2024-05-09,9209
2547,日勝生,12,0,12,凱基-岡山,2024-05-09,9209
8277,商丞,12,0,12,凱基-岡山,2024-05-09,9209
00679B,元大美債20年,11,0,11,凱基-岡山,2024-05-09,9209
2834,臺企銀,12,1,11,凱基-岡山,2024-05-09,9209
6177,達麗,23,12,11,凱基-岡山,2024-05-09,9209
00688L,國泰20年美債正2,10,0,10,凱基-岡山,2024-05-09,9209
00680L,元大美債20正2,10,0,10,凱基-岡山,2024-05-09,9209
1101,台泥,13,3,10,凱基-岡山,2024-05-09,9209
6770,力積電,12,2,10,凱基-岡山,2024-05-09,9209
2362,藍天,10,1,9,凱基-岡山,2024-05-09,9209
3260,威剛,25,17,8,凱基-岡山,2024-05-09,9209
2371,大同,16,9,7,凱基-岡山,2024-05-09,9209
2014,中鴻,7,0,7,凱基-岡山,2024-05-09,9209
00929,復華台灣科技優息,95,20,75,凱基-岡山,2024-05-10,9209
00946,群益科技高息成長,55,0,55,凱基-岡山,2024-05-10,9209
2615,萬海,69,27,42,凱基-岡山,2024-05-10,9209
2367,燿華,62,34,28,凱基-岡山,2024-05-10,9209
3013,晟銘電,130,104,26,凱基-岡山,2024-05-10,9209
1605,華新,25,0,25,凱基-岡山,2024-05-10,9209
3706,神達,27,2,25,凱基-岡山,2024-05-10,9209
8112,至上,31,6,25,凱基-岡山,2024-05-10,9209
2371,大同,57,36,21,凱基-岡山,2024-05-10,9209
5512,力麒,20,0,20,凱基-岡山,2024-05-10,9209
1524,耿鼎,32,13,19,凱基-岡山,2024-05-10,9209
2324,仁寶,21,2,19,凱基-岡山,2024-05-10,9209
2313,華通,24,6,18,凱基-岡山,2024-05-10,9209
1504,東元,17,1,16,凱基-岡山,2024-05-10,9209
4967,十銓,23,7,16,凱基-岡山,2024-05-10,9209
4960,誠美材,16,1,15,凱基-岡山,2024-05-10,9209
3481,群創,13,0,13,凱基-岡山,2024-05-10,9209
2303,聯電,18,5,13,凱基-岡山,2024-05-10,9209
2427,三商電,12,0,12,凱基-岡山,2024-05-10,9209
2458,義隆,11,0,11,凱基-岡山,2024-05-10,9209
6548,長科*,12,1,11,凱基-岡山,2024-05-10,9209
2402,毅嘉,10,0,10,凱基-岡山,2024-05-10,9209
3679,新至陞,10,0,10,凱基-岡山,2024-05-10,9209
6189,豐藝,15,5,10,凱基-岡山,2024-05-10,9209
2501,國建,23,14,9,凱基-岡山,2024-05-10,9209
2405,輔信,9,0,9,凱基-岡山,2024-05-10,9209
3501,維熹,9,0,9,凱基-岡山,2024-05-10,9209
00930,永豐ESG低碳高息,7,0,7,凱基-岡山,2024-05-10,9209
1609,大亞,7,0,7,凱基-岡山,2024-05-10,9209
6244,茂迪,7,0,7,凱基-岡山,2024-05-10,9209
00937B,群益ESG投等債20,6,0,6,凱基-岡山,2024-05-10,9209
2363,矽統,12,6,6,凱基-岡山,2024-05-10,9209
00680L,元大美債20正2,6,0,6,凱基-岡山,2024-05-10,9209
1316,上曜,6,0,6,凱基-岡山,2024-05-10,9209
1785,光洋科,6,0,6,凱基-岡山,2024-05-10,9209
2387,精元,6,0,6,凱基-岡山,2024-05-10,9209
8027,鈦昇,6,0,6,凱基-岡山,2024-05-10,9209
8422,可寧衛,6,0,6,凱基-岡山,2024-05-10,9209
6239,力成,6,0,6,凱基-岡山,2024-05-10,9209
2882,國泰金,25,19,6,凱基-岡山,2024-05-10,9209
8936,國統,10,5,5,凱基-岡山,2024-05-10,9209
2317,鴻海,41,35,6,凱基-岡山,2024-05-10,9209
3583,辛耘,5,0,5,凱基-岡山,2024-05-10,9209
00939,統一台灣高息動能,6,1,5,凱基-岡山,2024-05-10,9209
00650L,復華香港正2,5,0,5,凱基-岡山,2024-05-10,9209
1409,新纖,5,0,5,凱基-岡山,2024-05-10,9209
1532,勤美,5,0,5,凱基-岡山,2024-05-10,9209
2401,凌陽,5,0,5,凱基-岡山,2024-05-10,9209
2607,榮運,10,5,5,凱基-岡山,2024-05-10,9209
2880,華南金,8,3,5,凱基-岡山,2024-05-10,9209
00878,國泰永續高股息,107,3,104,凱基-岡山,2024-05-13,9209
2867,三商壽,80,0,80,凱基-岡山,2024-05-13,9209
2610,華航,79,5,74,凱基-岡山,2024-05-13,9209
2412,中華電,60,2,58,凱基-岡山,2024-05-13,9209
2618,長榮航,60,9,51,凱基-岡山,2024-05-13,9209
1447,力鵬,50,0,50,凱基-岡山,2024-05-13,9209
2303,聯電,63,16,47,凱基-岡山,2024-05-13,9209
00919,群益台灣精選高息,49,4,45,凱基-岡山,2024-05-13,9209
00937B,群益ESG投等債20,36,1,35,凱基-岡山,2024-05-13,9209
2888,新光金,30,0,30,凱基-岡山,2024-05-13,9209
2605,新興,44,21,23,凱基-岡山,2024-05-13,9209
00946,群益科技高息成長,23,0,23,凱基-岡山,2024-05-13,9209
3231,緯創,21,1,20,凱基-岡山,2024-05-13,9209
00933B,國泰10Y+金融債,18,0,18,凱基-岡山,2024-05-13,9209
00715L,期街口布蘭特正2,16,0,16,凱基-岡山,2024-05-13,9209
3047,訊舟,17,1,16,凱基-岡山,2024-05-13,9209
00679B,元大美債20年,17,2,15,凱基-岡山,2024-05-13,9209
2547,日勝生,15,0,15,凱基-岡山,2024-05-13,9209
8936,國統,32,18,14,凱基-岡山,2024-05-13,9209
2363,矽統,26,12,14,凱基-岡山,2024-05-13,9209
00795B,中信美國公債20年,13,0,13,凱基-岡山,2024-05-13,9209
2891,中信金,17,4,13,凱基-岡山,2024-05-13,9209
2474,可成,14,2,12,凱基-岡山,2024-05-13,9209
2601,益航,12,0,12,凱基-岡山,2024-05-13,9209
00650L,復華香港正2,20,9,11,凱基-岡山,2024-05-13,9209
2607,榮運,16,5,11,凱基-岡山,2024-05-13,9209
4903,聯光通,11,0,11,凱基-岡山,2024-05-13,9209
2344,華邦電,12,1,11,凱基-岡山,2024-05-13,9209
1304,台聚,10,0,10,凱基-岡山,2024-05-13,9209
1612,宏泰,13,3,10,凱基-岡山,2024-05-13,9209
2608,嘉里大榮,11,1,10,凱基-岡山,2024-05-13,9209
3537,堡達,10,0,10,凱基-岡山,2024-05-13,9209
3703,欣陸,10,0,10,凱基-岡山,2024-05-13,9209
5014,建錩,10,0,10,凱基-岡山,2024-05-13,9209
4167,松瑞藥,20,10,10,凱基-岡山,2024-05-13,9209
3260,威剛,12,3,9,凱基-岡山,2024-05-13,9209
6005,群益證,10,1,9,凱基-岡山,2024-05-13,9209
2482,連宇,20,11,9,凱基-岡山,2024-05-13,9209
3583,辛耘,9,0,9,凱基-岡山,2024-05-13,9209
00900,富邦特選高股息30,8,0,8,凱基-岡山,2024-05-13,9209
2617,台航,12,4,8,凱基-岡山,2024-05-13,9209
5392,能率,13,5,8,凱基-岡山,2024-05-13,9209
2323,中環,13,5,8,凱基-岡山,2024-05-13,9209
00632R,元大台灣50反1,7,0,7,凱基-岡山,2024-05-13,9209
2241,艾姆勒,8,1,7,凱基-岡山,2024-05-13,9209
2371,大同,22,16,6,凱基-岡山,2024-05-13,9209
00687B,國泰20年美債,6,0,6,凱基-岡山,2024-05-13,9209
2405,輔信,13,7,6,凱基-岡山,2024-05-13,9209
4961,天鈺,5,0,5,凱基-岡山,2024-05-13,9209
1101,台泥,14,9,5,凱基-岡山,2024-05-13,9209
2892,第一金,91,0,91,凱基-岡山,2024-05-14,9209
00632R,元大台灣50反1,126,89,37,凱基-岡山,2024-05-14,9209
1409,新纖,30,0,30,凱基-岡山,2024-05-14,9209
5609,中菲行,30,0,30,凱基-岡山,2024-05-14,9209
2615,萬海,160,131,29,凱基-岡山,2024-05-14,9209
00919,群益台灣精選高息,41,15,26,凱基-岡山,2024-05-14,9209
00937B,群益ESG投等債20,24,0,24,凱基-岡山,2024-05-14,9209
3576,聯合再生,23,0,23,凱基-岡山,2024-05-14,9209
00944,野村趨勢動能高息,20,0,20,凱基-岡山,2024-05-14,9209
3024,憶聲,20,0,20,凱基-岡山,2024-05-14,9209
4513,福裕,20,0,20,凱基-岡山,2024-05-14,9209
2109,華豐,19,1,18,凱基-岡山,2024-05-14,9209
2887,台新金,16,0,16,凱基-岡山,2024-05-14,9209
00715L,期街口布蘭特正2,22,8,14,凱基-岡山,2024-05-14,9209
3013,晟銘電,21,7,14,凱基-岡山,2024-05-14,9209
3481,群創,14,1,13,凱基-岡山,2024-05-14,9209
1316,上曜,12,0,12,凱基-岡山,2024-05-14,9209
2356,英業達,39,27,12,凱基-岡山,2024-05-14,9209
2409,友達,12,1,11,凱基-岡山,2024-05-14,9209
00933B,國泰10Y+金融債,16,5,11,凱基-岡山,2024-05-14,9209
6248,沛波,11,0,11,凱基-岡山,2024-05-14,9209
6770,力積電,18,7,11,凱基-岡山,2024-05-14,9209
00676R,富邦臺灣加權反1,10,0,10,凱基-岡山,2024-05-14,9209
00665L,富邦�琤肭磪囓�2,12,2,10,凱基-岡山,2024-05-14,9209
1319,東陽,10,0,10,凱基-岡山,2024-05-14,9209
2007,燁興,10,0,10,凱基-岡山,2024-05-14,9209
2106,建大,10,0,10,凱基-岡山,2024-05-14,9209
2834,臺企銀,10,0,10,凱基-岡山,2024-05-14,9209
4930,燦星網,10,0,10,凱基-岡山,2024-05-14,9209
2353,宏��,24,14,10,凱基-岡山,2024-05-14,9209
00929,復華台灣科技優息,14,4,10,凱基-岡山,2024-05-14,9209
1101,台泥,13,5,8,凱基-岡山,2024-05-14,9209
1307,三芳,10,2,8,凱基-岡山,2024-05-14,9209
2014,中鴻,9,1,8,凱基-岡山,2024-05-14,9209
2867,三商壽,13,5,8,凱基-岡山,2024-05-14,9209
2891,中信金,10,2,8,凱基-岡山,2024-05-14,9209
3050,鈺德,8,0,8,凱基-岡山,2024-05-14,9209
3303,岱稜,8,0,8,凱基-岡山,2024-05-14,9209
6175,立敦,8,0,8,凱基-岡山,2024-05-14,9209
00751B,元大AAA至A公司債,7,0,7,凱基-岡山,2024-05-14,9209
3537,堡達,7,0,7,凱基-岡山,2024-05-14,9209
4561,健椿,7,0,7,凱基-岡山,2024-05-14,9209
6177,達麗,7,0,7,凱基-岡山,2024-05-14,9209
6548,長科*,7,0,7,凱基-岡山,2024-05-14,9209
1446,宏和,6,0,6,凱基-岡山,2024-05-14,9209
3430,奇鈦科,6,0,6,凱基-岡山,2024-05-14,9209
3501,維熹,6,0,6,凱基-岡山,2024-05-14,9209
3705,永信,6,0,6,凱基-岡山,2024-05-14,9209
8112,至上,6,0,6,凱基-岡山,2024-05-14,9209
00679B,元大美債20年,5,0,5,凱基-岡山,2024-05-14,9209
00637L,元大滬深300正2,621,0,621,凱基-岡山,2024-05-15,9209
00878,國泰永續高股息,155,24,131,凱基-岡山,2024-05-15,9209
00680L,元大美債20正2,106,0,106,凱基-岡山,2024-05-15,9209
00632R,元大台灣50反1,110,10,100,凱基-岡山,2024-05-15,9209
00944,野村趨勢動能高息,43,0,43,凱基-岡山,2024-05-15,9209
00919,群益台灣精選高息,44,1,43,凱基-岡山,2024-05-15,9209
2356,英業達,53,10,43,凱基-岡山,2024-05-15,9209
2834,臺企銀,43,0,43,凱基-岡山,2024-05-15,9209
00937B,群益ESG投等債20,37,0,37,凱基-岡山,2024-05-15,9209
0056,元大高股息,40,3,37,凱基-岡山,2024-05-15,9209
1314,中石化,31,0,31,凱基-岡山,2024-05-15,9209
4552,力達-KY,30,0,30,凱基-岡山,2024-05-15,9209
2887,台新金,31,2,29,凱基-岡山,2024-05-15,9209
5324,士開,22,0,22,凱基-岡山,2024-05-15,9209
00929,復華台灣科技優息,21,0,21,凱基-岡山,2024-05-15,9209
5347,世界,25,5,20,凱基-岡山,2024-05-15,9209
2109,華豐,19,0,19,凱基-岡山,2024-05-15,9209
8110,華東,26,7,19,凱基-岡山,2024-05-15,9209
2353,宏��,29,11,18,凱基-岡山,2024-05-15,9209
2603,長榮,48,31,17,凱基-岡山,2024-05-15,9209
3284,太普高,32,16,16,凱基-岡山,2024-05-15,9209
8155,博智,15,0,15,凱基-岡山,2024-05-15,9209
1101,台泥,17,3,14,凱基-岡山,2024-05-15,9209
2355,敬鵬,14,0,14,凱基-岡山,2024-05-15,9209
2606,裕民,19,5,14,凱基-岡山,2024-05-15,9209
9907,統一實,14,0,14,凱基-岡山,2024-05-15,9209
2401,凌陽,25,12,13,凱基-岡山,2024-05-15,9209
3705,永信,14,2,12,凱基-岡山,2024-05-15,9209
1609,大亞,23,12,11,凱基-岡山,2024-05-15,9209
2406,國碩,12,1,11,凱基-岡山,2024-05-15,9209
4909,新復興,11,0,11,凱基-岡山,2024-05-15,9209
2611,志信,15,4,11,凱基-岡山,2024-05-15,9209
00946,群益科技高息成長,10,0,10,凱基-岡山,2024-05-15,9209
1307,三芳,10,0,10,凱基-岡山,2024-05-15,9209
2489,瑞軒,10,0,10,凱基-岡山,2024-05-15,9209
3036,文曄,11,1,10,凱基-岡山,2024-05-15,9209
4113,聯上,10,0,10,凱基-岡山,2024-05-15,9209
5521,工信,10,0,10,凱基-岡山,2024-05-15,9209
6248,沛波,10,0,10,凱基-岡山,2024-05-15,9209
2359,所羅門,17,7,10,凱基-岡山,2024-05-15,9209
2344,華邦電,8,0,8,凱基-岡山,2024-05-15,9209
00939,統一台灣高息動能,7,0,7,凱基-岡山,2024-05-15,9209
00933B,國泰10Y+金融債,10,3,7,凱基-岡山,2024-05-15,9209
2476,鉅祥,10,3,7,凱基-岡山,2024-05-15,9209
4561,健椿,7,0,7,凱基-岡山,2024-05-15,9209
6443,元晶,10,3,7,凱基-岡山,2024-05-15,9209
00891,中信關鍵半導體,8,1,7,凱基-岡山,2024-05-15,9209
00679B,元大美債20年,10,3,7,凱基-岡山,2024-05-15,9209
1618,合機,7,1,6,凱基-岡山,2024-05-15,9209
2101,南港,15,9,6,凱基-岡山,2024-05-15,9209
00680L,元大美債20正2,156,0,156,凱基-岡山,2024-05-16,9209
00929,復華台灣科技優息,117,21,96,凱基-岡山,2024-05-16,9209
00637L,元大滬深300正2,80,0,80,凱基-岡山,2024-05-16,9209
2356,英業達,79,7,72,凱基-岡山,2024-05-16,9209
2010,春源,70,0,70,凱基-岡山,2024-05-16,9209
2610,華航,151,83,68,凱基-岡山,2024-05-16,9209
00944,野村趨勢動能高息,64,0,64,凱基-岡山,2024-05-16,9209
5512,力麒,60,0,60,凱基-岡山,2024-05-16,9209
00687B,國泰20年美債,55,1,54,凱基-岡山,2024-05-16,9209
1905,華紙,50,0,50,凱基-岡山,2024-05-16,9209
2024,志聯,46,0,46,凱基-岡山,2024-05-16,9209
0056,元大高股息,45,9,36,凱基-岡山,2024-05-16,9209
4552,力達-KY,30,0,30,凱基-岡山,2024-05-16,9209
5531,鄉林,30,0,30,凱基-岡山,2024-05-16,9209
2834,臺企銀,30,2,28,凱基-岡山,2024-05-16,9209
2365,昆盈,38,11,27,凱基-岡山,2024-05-16,9209
2903,遠百,27,0,27,凱基-岡山,2024-05-16,9209
6668,中揚光,23,0,23,凱基-岡山,2024-05-16,9209
00941,中信上游半導體,20,0,20,凱基-岡山,2024-05-16,9209
2634,漢翔,18,0,18,凱基-岡山,2024-05-16,9209
2408,南亞科,17,0,17,凱基-岡山,2024-05-16,9209
2301,光寶科,18,1,17,凱基-岡山,2024-05-16,9209
3231,緯創,29,13,16,凱基-岡山,2024-05-16,9209
9945,潤泰新,32,16,16,凱基-岡山,2024-05-16,9209
2449,京元電子,16,0,16,凱基-岡山,2024-05-16,9209
00940,元大台灣價值高息,45,30,15,凱基-岡山,2024-05-16,9209
00722B,群益投資級電信債,15,0,15,凱基-岡山,2024-05-16,9209
2537,聯上發,13,0,13,凱基-岡山,2024-05-16,9209
1608,華榮,24,12,12,凱基-岡山,2024-05-16,9209
6190,萬泰科,12,0,12,凱基-岡山,2024-05-16,9209
2382,廣達,30,18,12,凱基-岡山,2024-05-16,9209
2317,鴻海,46,35,11,凱基-岡山,2024-05-16,9209
1307,三芳,11,0,11,凱基-岡山,2024-05-16,9209
6147,頎邦,11,0,11,凱基-岡山,2024-05-16,9209
00945B,凱基美國非投等債,10,0,10,凱基-岡山,2024-05-16,9209
00676R,富邦臺灣加權反1,10,0,10,凱基-岡山,2024-05-16,9209
1314,中石化,10,0,10,凱基-岡山,2024-05-16,9209
2401,凌陽,10,0,10,凱基-岡山,2024-05-16,9209
2426,鼎元,10,0,10,凱基-岡山,2024-05-16,9209
2464,盟立,14,4,10,凱基-岡山,2024-05-16,9209
2486,一詮,18,8,10,凱基-岡山,2024-05-16,9209
2897,王道銀行,10,0,10,凱基-岡山,2024-05-16,9209
6248,沛波,10,0,10,凱基-岡山,2024-05-16,9209
3447,展達,9,0,9,凱基-岡山,2024-05-16,9209
00720B,元大投資級公司債,12,4,8,凱基-岡山,2024-05-16,9209
2891,中信金,17,9,8,凱基-岡山,2024-05-16,9209
1618,合機,8,0,8,凱基-岡山,2024-05-16,9209
2731,雄獅,14,6,8,凱基-岡山,2024-05-16,9209
4909,新復興,12,4,8,凱基-岡山,2024-05-16,9209
6613,朋億*,8,0,8,凱基-岡山,2024-05-16,9209
2801,彰銀,518,0,518,凱基-岡山,2024-05-17,9209
00929,復華台灣科技優息,138,10,128,凱基-岡山,2024-05-17,9209
00937B,群益ESG投等債20,75,0,75,凱基-岡山,2024-05-17,9209
2408,南亞科,66,0,66,凱基-岡山,2024-05-17,9209
2024,志聯,62,0,62,凱基-岡山,2024-05-17,9209
2915,潤泰全,49,2,47,凱基-岡山,2024-05-17,9209
00939,統一台灣高息動能,44,1,43,凱基-岡山,2024-05-17,9209
2489,瑞軒,50,11,39,凱基-岡山,2024-05-17,9209
4167,松瑞藥,36,0,36,凱基-岡山,2024-05-17,9209
2834,臺企銀,35,0,35,凱基-岡山,2024-05-17,9209
00944,野村趨勢動能高息,32,0,32,凱基-岡山,2024-05-17,9209
3312,弘憶股,33,1,32,凱基-岡山,2024-05-17,9209
00878,國泰永續高股息,51,25,26,凱基-岡山,2024-05-17,9209
2903,遠百,25,0,25,凱基-岡山,2024-05-17,9209
00940,元大台灣價值高息,24,0,24,凱基-岡山,2024-05-17,9209
2317,鴻海,40,19,21,凱基-岡山,2024-05-17,9209
2409,友達,20,3,17,凱基-岡山,2024-05-17,9209
00687B,國泰20年美債,16,0,16,凱基-岡山,2024-05-17,9209
2417,圓剛,20,4,16,凱基-岡山,2024-05-17,9209
9945,潤泰新,36,20,16,凱基-岡山,2024-05-17,9209
00688L,國泰20年美債正2,15,0,15,凱基-岡山,2024-05-17,9209
2845,遠東銀,15,0,15,凱基-岡山,2024-05-17,9209
3481,群創,14,0,14,凱基-岡山,2024-05-17,9209
3059,華晶科,15,1,14,凱基-岡山,2024-05-17,9209
2363,矽統,27,14,13,凱基-岡山,2024-05-17,9209
00650L,復華香港正2,12,0,12,凱基-岡山,2024-05-17,9209
1303,南亞,12,0,12,凱基-岡山,2024-05-17,9209
6147,頎邦,17,5,12,凱基-岡山,2024-05-17,9209
5371,中光電,11,0,11,凱基-岡山,2024-05-17,9209
2356,英業達,14,3,11,凱基-岡山,2024-05-17,9209
00933B,國泰10Y+金融債,11,0,11,凱基-岡山,2024-05-17,9209
00665L,富邦�琤肭磪囓�2,10,0,10,凱基-岡山,2024-05-17,9209
00753L,中信中國50正2,10,0,10,凱基-岡山,2024-05-17,9209
1307,三芳,10,0,10,凱基-岡山,2024-05-17,9209
2515,中工,10,0,10,凱基-岡山,2024-05-17,9209
4714,永捷,10,0,10,凱基-岡山,2024-05-17,9209
5309,系統電,10,0,10,凱基-岡山,2024-05-17,9209
6248,沛波,10,0,10,凱基-岡山,2024-05-17,9209
3363,上詮,11,2,9,凱基-岡山,2024-05-17,9209
1524,耿鼎,9,0,9,凱基-岡山,2024-05-17,9209
6175,立敦,9,0,9,凱基-岡山,2024-05-17,9209
00850,元大臺灣ESG永續,8,0,8,凱基-岡山,2024-05-17,9209
1419,新紡,8,0,8,凱基-岡山,2024-05-17,9209
1442,名軒,8,0,8,凱基-岡山,2024-05-17,9209
3287,廣寰科,13,5,8,凱基-岡山,2024-05-17,9209
3231,緯創,7,0,7,凱基-岡山,2024-05-17,9209
2609,陽明,15,8,7,凱基-岡山,2024-05-17,9209
8936,國統,7,0,7,凱基-岡山,2024-05-17,9209
1587,吉茂,23,16,7,凱基-岡山,2024-05-17,9209
2241,艾姆勒,14,7,7,凱基-岡山,2024-05-17,9209
00929,復華台灣科技優息,108,11,97,凱基-岡山,2024-05-20,9209
00937B,群益ESG投等債20,56,1,55,凱基-岡山,2024-05-20,9209
2353,宏��,48,1,47,凱基-岡山,2024-05-20,9209
1314,中石化,47,0,47,凱基-岡山,2024-05-20,9209
2024,志聯,44,0,44,凱基-岡山,2024-05-20,9209
1909,榮成,76,35,41,凱基-岡山,2024-05-20,9209
4167,松瑞藥,34,2,32,凱基-岡山,2024-05-20,9209
1905,華紙,35,4,31,凱基-岡山,2024-05-20,9209
3024,憶聲,30,0,30,凱基-岡山,2024-05-20,9209
2915,潤泰全,35,10,25,凱基-岡山,2024-05-20,9209
5009,榮剛,26,1,25,凱基-岡山,2024-05-20,9209
2109,華豐,26,2,24,凱基-岡山,2024-05-20,9209
2637,慧洋-KY,22,2,20,凱基-岡山,2024-05-20,9209
2317,鴻海,32,14,18,凱基-岡山,2024-05-20,9209
2618,長榮航,111,93,18,凱基-岡山,2024-05-20,9209
2547,日勝生,17,0,17,凱基-岡山,2024-05-20,9209
2606,裕民,19,2,17,凱基-岡山,2024-05-20,9209
6141,柏承,15,0,15,凱基-岡山,2024-05-20,9209
00687B,國泰20年美債,32,18,14,凱基-岡山,2024-05-20,9209
3231,緯創,14,1,13,凱基-岡山,2024-05-20,9209
2881,富邦金,13,2,11,凱基-岡山,2024-05-20,9209
00679B,元大美債20年,15,4,11,凱基-岡山,2024-05-20,9209
3064,泰偉,11,0,11,凱基-岡山,2024-05-20,9209
8438,昶昕,11,0,11,凱基-岡山,2024-05-20,9209
2883,凱基金,12,1,11,凱基-岡山,2024-05-20,9209
00651R,復華香港反1,10,0,10,凱基-岡山,2024-05-20,9209
1307,三芳,10,0,10,凱基-岡山,2024-05-20,9209
2010,春源,11,1,10,凱基-岡山,2024-05-20,9209
2369,菱生,10,0,10,凱基-岡山,2024-05-20,9209
3033,威健,10,0,10,凱基-岡山,2024-05-20,9209
4949,有成精密,10,0,10,凱基-岡山,2024-05-20,9209
6189,豐藝,10,0,10,凱基-岡山,2024-05-20,9209
8938,明安,10,0,10,凱基-岡山,2024-05-20,9209
00915,凱基優選高股息30,9,0,9,凱基-岡山,2024-05-20,9209
2365,昆盈,9,0,9,凱基-岡山,2024-05-20,9209
2388,威盛,12,3,9,凱基-岡山,2024-05-20,9209
6265,方土昶,10,1,9,凱基-岡山,2024-05-20,9209
2367,燿華,31,22,9,凱基-岡山,2024-05-20,9209
6216,居易,8,0,8,凱基-岡山,2024-05-20,9209
1301,台塑,10,2,8,凱基-岡山,2024-05-20,9209
00946,群益科技高息成長,7,0,7,凱基-岡山,2024-05-20,9209
2882,國泰金,8,1,7,凱基-岡山,2024-05-20,9209
1442,名軒,7,0,7,凱基-岡山,2024-05-20,9209
1446,宏和,7,0,7,凱基-岡山,2024-05-20,9209
2243,宏旭-KY,7,0,7,凱基-岡山,2024-05-20,9209
3430,奇鈦科,7,0,7,凱基-岡山,2024-05-20,9209
3705,永信,7,0,7,凱基-岡山,2024-05-20,9209
8150,南茂,8,1,7,凱基-岡山,2024-05-20,9209
1475,業旺,6,0,6,凱基-岡山,2024-05-20,9209
2489,瑞軒,27,21,6,凱基-岡山,2024-05-20,9209
2618,長榮航,60,7,53,凱基-岡山,2024-05-21,9209
00937B,群益ESG投等債20,57,7,50,凱基-岡山,2024-05-21,9209
1605,華新,86,41,45,凱基-岡山,2024-05-21,9209
00933B,國泰10Y+金融債,41,0,41,凱基-岡山,2024-05-21,9209
5880,合庫金,35,0,35,凱基-岡山,2024-05-21,9209
00670L,富邦NASDAQ正2,30,0,30,凱基-岡山,2024-05-21,9209
2834,臺企銀,30,0,30,凱基-岡山,2024-05-21,9209
00929,復華台灣科技優息,41,12,29,凱基-岡山,2024-05-21,9209
1314,中石化,26,3,23,凱基-岡山,2024-05-21,9209
2547,日勝生,21,0,21,凱基-岡山,2024-05-21,9209
2031,新光鋼,20,0,20,凱基-岡山,2024-05-21,9209
3033,威健,21,2,19,凱基-岡山,2024-05-21,9209
6125,廣運,27,9,18,凱基-岡山,2024-05-21,9209
2458,義隆,18,0,18,凱基-岡山,2024-05-21,9209
2363,矽統,34,16,18,凱基-岡山,2024-05-21,9209
2515,中工,31,14,17,凱基-岡山,2024-05-21,9209
00712,復華富時不動產,42,25,17,凱基-岡山,2024-05-21,9209
00679B,元大美債20年,16,0,16,凱基-岡山,2024-05-21,9209
8358,金居,29,13,16,凱基-岡山,2024-05-21,9209
4533,協易機,22,8,14,凱基-岡山,2024-05-21,9209
2892,第一金,14,1,13,凱基-岡山,2024-05-21,9209
2014,中鴻,25,13,12,凱基-岡山,2024-05-21,9209
2903,遠百,12,0,12,凱基-岡山,2024-05-21,9209
00878,國泰永續高股息,17,5,12,凱基-岡山,2024-05-21,9209
2007,燁興,15,4,11,凱基-岡山,2024-05-21,9209
2890,永豐金,12,1,11,凱基-岡山,2024-05-21,9209
2888,新光金,10,0,10,凱基-岡山,2024-05-21,9209
3050,鈺德,10,0,10,凱基-岡山,2024-05-21,9209
3207,耀勝,10,0,10,凱基-岡山,2024-05-21,9209
5388,中磊,11,1,10,凱基-岡山,2024-05-21,9209
2317,鴻海,15,6,9,凱基-岡山,2024-05-21,9209
3702,大聯大,9,0,9,凱基-岡山,2024-05-21,9209
2409,友達,10,1,9,凱基-岡山,2024-05-21,9209
2851,中再保,9,0,9,凱基-岡山,2024-05-21,9209
3313,斐成,10,1,9,凱基-岡山,2024-05-21,9209
00944,野村趨勢動能高息,8,0,8,凱基-岡山,2024-05-21,9209
00687B,國泰20年美債,11,3,8,凱基-岡山,2024-05-21,9209
4552,力達-KY,8,0,8,凱基-岡山,2024-05-21,9209
4562,穎漢,7,0,7,凱基-岡山,2024-05-21,9209
00932,兆豐永續高息等權,6,0,6,凱基-岡山,2024-05-21,9209
1609,大亞,6,0,6,凱基-岡山,2024-05-21,9209
2344,華邦電,6,0,6,凱基-岡山,2024-05-21,9209
2489,瑞軒,14,8,6,凱基-岡山,2024-05-21,9209
6177,達麗,6,0,6,凱基-岡山,2024-05-21,9209
6215,和椿,7,1,6,凱基-岡山,2024-05-21,9209
6584,南俊國際,6,0,6,凱基-岡山,2024-05-21,9209
2353,宏��,6,0,6,凱基-岡山,2024-05-21,9209
00882,中信中國高股息,9,3,6,凱基-岡山,2024-05-21,9209
2371,大同,5,0,5,凱基-岡山,2024-05-21,9209
1304,台聚,5,0,5,凱基-岡山,2024-05-21,9209
2002,中鋼,168,4,164,凱基-岡山,2024-05-22,9209
00632R,元大台灣50反1,87,0,87,凱基-岡山,2024-05-22,9209
2405,輔信,95,32,63,凱基-岡山,2024-05-22,9209
00772B,中信高評級公司債,60,0,60,凱基-岡山,2024-05-22,9209
2867,三商壽,56,0,56,凱基-岡山,2024-05-22,9209
2489,瑞軒,48,13,35,凱基-岡山,2024-05-22,9209
6770,力積電,36,1,35,凱基-岡山,2024-05-22,9209
2420,新巨,34,0,34,凱基-岡山,2024-05-22,9209
00937B,群益ESG投等債20,31,0,31,凱基-岡山,2024-05-22,9209
00933B,國泰10Y+金融債,24,0,24,凱基-岡山,2024-05-22,9209
2329,華泰,23,0,23,凱基-岡山,2024-05-22,9209
3047,訊舟,33,12,21,凱基-岡山,2024-05-22,9209
2915,潤泰全,21,0,21,凱基-岡山,2024-05-22,9209
1312,國喬,20,0,20,凱基-岡山,2024-05-22,9209
5519,隆大,20,0,20,凱基-岡山,2024-05-22,9209
2014,中鴻,23,4,19,凱基-岡山,2024-05-22,9209
5392,能率,58,41,17,凱基-岡山,2024-05-22,9209
2409,友達,45,29,16,凱基-岡山,2024-05-22,9209
1605,華新,18,3,15,凱基-岡山,2024-05-22,9209
3060,銘異,39,24,15,凱基-岡山,2024-05-22,9209
5534,長虹,15,0,15,凱基-岡山,2024-05-22,9209
6189,豐藝,13,0,13,凱基-岡山,2024-05-22,9209
3376,新日興,15,3,12,凱基-岡山,2024-05-22,9209
00712,復華富時不動產,12,0,12,凱基-岡山,2024-05-22,9209
00830,國泰費城半導體,11,0,11,凱基-岡山,2024-05-22,9209
2024,志聯,11,0,11,凱基-岡山,2024-05-22,9209
3163,波若威,14,3,11,凱基-岡山,2024-05-22,9209
00943,兆豐電子高息等權,10,0,10,凱基-岡山,2024-05-22,9209
00665L,富邦�琤肭磪囓�2,10,0,10,凱基-岡山,2024-05-22,9209
1303,南亞,12,2,10,凱基-岡山,2024-05-22,9209
1440,南紡,10,0,10,凱基-岡山,2024-05-22,9209
2402,毅嘉,10,0,10,凱基-岡山,2024-05-22,9209
2613,中櫃,10,0,10,凱基-岡山,2024-05-22,9209
3207,耀勝,10,0,10,凱基-岡山,2024-05-22,9209
9103,美德醫療-DR,10,0,10,凱基-岡山,2024-05-22,9209
00715L,期街口布蘭特正2,9,0,9,凱基-岡山,2024-05-22,9209
00753L,中信中國50正2,10,1,9,凱基-岡山,2024-05-22,9209
2241,艾姆勒,11,2,9,凱基-岡山,2024-05-22,9209
4952,凌通,11,2,9,凱基-岡山,2024-05-22,9209
6271,同欣電,9,0,9,凱基-岡山,2024-05-22,9209
6667,信紘科,9,0,9,凱基-岡山,2024-05-22,9209
3013,晟銘電,16,8,8,凱基-岡山,2024-05-22,9209
00650L,復華香港正2,10,2,8,凱基-岡山,2024-05-22,9209
1301,台塑,8,0,8,凱基-岡山,2024-05-22,9209
2515,中工,17,10,7,凱基-岡山,2024-05-22,9209
6213,聯茂,8,1,7,凱基-岡山,2024-05-22,9209
3227,原相,18,11,7,凱基-岡山,2024-05-22,9209
3481,群創,31,24,7,凱基-岡山,2024-05-22,9209
8121,越峰,8,1,7,凱基-岡山,2024-05-22,9209
2504,國產,8,2,6,凱基-岡山,2024-05-22,9209
00937B,群益ESG投等債20,609,0,609,凱基-岡山,2024-05-23,9209
2302,麗正,106,7,99,凱基-岡山,2024-05-23,9209
2610,華航,100,1,99,凱基-岡山,2024-05-23,9209
2002,中鋼,51,4,47,凱基-岡山,2024-05-23,9209
4552,力達-KY,41,0,41,凱基-岡山,2024-05-23,9209
2392,正崴,59,26,33,凱基-岡山,2024-05-23,9209
2883,凱基金,27,1,26,凱基-岡山,2024-05-23,9209
2618,長榮航,30,4,26,凱基-岡山,2024-05-23,9209
00632R,元大台灣50反1,23,2,21,凱基-岡山,2024-05-23,9209
00715L,期街口布蘭特正2,21,0,21,凱基-岡山,2024-05-23,9209
8150,南茂,21,0,21,凱基-岡山,2024-05-23,9209
2324,仁寶,29,9,20,凱基-岡山,2024-05-23,9209
2812,台中銀,20,0,20,凱基-岡山,2024-05-23,9209
1905,華紙,20,0,20,凱基-岡山,2024-05-23,9209
6835,圓裕,20,0,20,凱基-岡山,2024-05-23,9209
6147,頎邦,19,0,19,凱基-岡山,2024-05-23,9209
2009,第一銅,31,13,18,凱基-岡山,2024-05-23,9209
5498,凱崴,22,5,17,凱基-岡山,2024-05-23,9209
2356,英業達,18,2,16,凱基-岡山,2024-05-23,9209
2834,臺企銀,15,0,15,凱基-岡山,2024-05-23,9209
2881,富邦金,20,5,15,凱基-岡山,2024-05-23,9209
2489,瑞軒,15,0,15,凱基-岡山,2024-05-23,9209
1314,中石化,14,0,14,凱基-岡山,2024-05-23,9209
5871,中租-KY,13,0,13,凱基-岡山,2024-05-23,9209
2353,宏��,99,86,13,凱基-岡山,2024-05-23,9209
00933B,國泰10Y+金融債,13,0,13,凱基-岡山,2024-05-23,9209
2417,圓剛,14,2,12,凱基-岡山,2024-05-23,9209
5519,隆大,12,0,12,凱基-岡山,2024-05-23,9209
5880,合庫金,11,0,11,凱基-岡山,2024-05-23,9209
2329,華泰,11,1,10,凱基-岡山,2024-05-23,9209
2408,南亞科,10,0,10,凱基-岡山,2024-05-23,9209
2014,中鴻,18,8,10,凱基-岡山,2024-05-23,9209
6189,豐藝,10,0,10,凱基-岡山,2024-05-23,9209
6425,易發,11,1,10,凱基-岡山,2024-05-23,9209
1303,南亞,9,0,9,凱基-岡山,2024-05-23,9209
1609,大亞,14,5,9,凱基-岡山,2024-05-23,9209
3059,華晶科,20,11,9,凱基-岡山,2024-05-23,9209
3372,典範,9,0,9,凱基-岡山,2024-05-23,9209
1605,華新,8,0,8,凱基-岡山,2024-05-23,9209
2101,南港,11,3,8,凱基-岡山,2024-05-23,9209
2354,鴻準,16,8,8,凱基-岡山,2024-05-23,9209
2367,燿華,22,14,8,凱基-岡山,2024-05-23,9209
6141,柏承,8,0,8,凱基-岡山,2024-05-23,9209
6177,達麗,8,0,8,凱基-岡山,2024-05-23,9209
6190,萬泰科,11,3,8,凱基-岡山,2024-05-23,9209
3703,欣陸,8,0,8,凱基-岡山,2024-05-23,9209
2449,京元電子,9,2,7,凱基-岡山,2024-05-23,9209
2010,春源,10,3,7,凱基-岡山,2024-05-23,9209
2409,友達,17,10,7,凱基-岡山,2024-05-23,9209
2887,台新金,7,0,7,凱基-岡山,2024-05-23,9209
00942B,台新美A公司債20+,600,0,600,凱基-岡山,2024-05-24,9209
00937B,群益ESG投等債20,80,7,73,凱基-岡山,2024-05-24,9209
1909,榮成,51,0,51,凱基-岡山,2024-05-24,9209
2024,志聯,28,0,28,凱基-岡山,2024-05-24,9209
00929,復華台灣科技優息,27,1,26,凱基-岡山,2024-05-24,9209
1810,和成,29,3,26,凱基-岡山,2024-05-24,9209
2883,凱基金,31,5,26,凱基-岡山,2024-05-24,9209
3163,波若威,34,9,25,凱基-岡山,2024-05-24,9209
2002,中鋼,26,1,25,凱基-岡山,2024-05-24,9209
2891,中信金,22,4,18,凱基-岡山,2024-05-24,9209
4167,松瑞藥,18,0,18,凱基-岡山,2024-05-24,9209
00679B,元大美債20年,17,0,17,凱基-岡山,2024-05-24,9209
2363,矽統,38,21,17,凱基-岡山,2024-05-24,9209
4967,十銓,31,18,13,凱基-岡山,2024-05-24,9209
00940,元大台灣價值高息,24,11,13,凱基-岡山,2024-05-24,9209
2464,盟立,20,7,13,凱基-岡山,2024-05-24,9209
2486,一詮,27,14,13,凱基-岡山,2024-05-24,9209
2867,三商壽,13,0,13,凱基-岡山,2024-05-24,9209
2834,臺企銀,15,2,13,凱基-岡山,2024-05-24,9209
2420,新巨,12,0,12,凱基-岡山,2024-05-24,9209
3202,樺晟,11,0,11,凱基-岡山,2024-05-24,9209
2476,鉅祥,10,0,10,凱基-岡山,2024-05-24,9209
3380,明泰,10,0,10,凱基-岡山,2024-05-24,9209
9904,寶成,10,0,10,凱基-岡山,2024-05-24,9209
00941,中信上游半導體,10,0,10,凱基-岡山,2024-05-24,9209
00712,復華富時不動產,10,0,10,凱基-岡山,2024-05-24,9209
2301,光寶科,12,3,9,凱基-岡山,2024-05-24,9209
1303,南亞,9,0,9,凱基-岡山,2024-05-24,9209
2354,鴻準,9,0,9,凱基-岡山,2024-05-24,9209
2636,台驊控股,9,0,9,凱基-岡山,2024-05-24,9209
3483,力致,12,3,9,凱基-岡山,2024-05-24,9209
6166,凌華,10,1,9,凱基-岡山,2024-05-24,9209
2609,陽明,21,13,8,凱基-岡山,2024-05-24,9209
2330,台積電,14,6,8,凱基-岡山,2024-05-24,9209
1809,中釉,10,2,8,凱基-岡山,2024-05-24,9209
2634,漢翔,12,4,8,凱基-岡山,2024-05-24,9209
4552,力達-KY,8,0,8,凱基-岡山,2024-05-24,9209
4562,穎漢,8,0,8,凱基-岡山,2024-05-24,9209
6122,擎邦,8,0,8,凱基-岡山,2024-05-24,9209
6227,茂綸,8,0,8,凱基-岡山,2024-05-24,9209
9907,統一實,8,0,8,凱基-岡山,2024-05-24,9209
3060,銘異,7,0,7,凱基-岡山,2024-05-24,9209
5498,凱崴,12,5,7,凱基-岡山,2024-05-24,9209
6770,力積電,20,13,7,凱基-岡山,2024-05-24,9209
8110,華東,7,0,7,凱基-岡山,2024-05-24,9209
00687B,國泰20年美債,6,0,6,凱基-岡山,2024-05-24,9209
00946,群益科技高息成長,6,0,6,凱基-岡山,2024-05-24,9209
2329,華泰,9,3,6,凱基-岡山,2024-05-24,9209
3545,敦泰,7,1,6,凱基-岡山,2024-05-24,9209
6906,現觀科,6,0,6,凱基-岡山,2024-05-24,9209
00929,復華台灣科技優息,198,42,156,凱基-岡山,2024-05-27,9209
2892,第一金,111,0,111,凱基-岡山,2024-05-27,9209
2024,志聯,96,0,96,凱基-岡山,2024-05-27,9209
00676R,富邦臺灣加權反1,95,0,95,凱基-岡山,2024-05-27,9209
9105,泰金寶-DR,68,21,47,凱基-岡山,2024-05-27,9209
2002,中鋼,41,1,40,凱基-岡山,2024-05-27,9209
2344,華邦電,38,0,38,凱基-岡山,2024-05-27,9209
4967,十銓,37,8,29,凱基-岡山,2024-05-27,9209
00937B,群益ESG投等債20,39,13,26,凱基-岡山,2024-05-27,9209
5498,凱崴,52,28,24,凱基-岡山,2024-05-27,9209
6005,群益證,30,6,24,凱基-岡山,2024-05-27,9209
00940,元大台灣價值高息,63,41,22,凱基-岡山,2024-05-27,9209
00679B,元大美債20年,22,0,22,凱基-岡山,2024-05-27,9209
6190,萬泰科,18,1,17,凱基-岡山,2024-05-27,9209
3088,艾訊,17,1,16,凱基-岡山,2024-05-27,9209
1568,倉佑,15,0,15,凱基-岡山,2024-05-27,9209
1809,中釉,16,1,15,凱基-岡山,2024-05-27,9209
2610,華航,16,1,15,凱基-岡山,2024-05-27,9209
1605,華新,15,2,13,凱基-岡山,2024-05-27,9209
2440,太空梭,13,0,13,凱基-岡山,2024-05-27,9209
00946,群益科技高息成長,21,10,11,凱基-岡山,2024-05-27,9209
1316,上曜,10,0,10,凱基-岡山,2024-05-27,9209
1529,樂事綠能,10,0,10,凱基-岡山,2024-05-27,9209
2887,台新金,10,0,10,凱基-岡山,2024-05-27,9209
4533,協易機,12,2,10,凱基-岡山,2024-05-27,9209
6188,廣明,16,6,10,凱基-岡山,2024-05-27,9209
9945,潤泰新,10,0,10,凱基-岡山,2024-05-27,9209
2340,台亞,10,0,10,凱基-岡山,2024-05-27,9209
00712,復華富時不動產,9,0,9,凱基-岡山,2024-05-27,9209
2836,高雄銀,10,1,9,凱基-岡山,2024-05-27,9209
5443,均豪,11,2,9,凱基-岡山,2024-05-27,9209
6104,創惟,9,0,9,凱基-岡山,2024-05-27,9209
2367,燿華,12,4,8,凱基-岡山,2024-05-27,9209
6147,頎邦,8,0,8,凱基-岡山,2024-05-27,9209
6275,元山,10,2,8,凱基-岡山,2024-05-27,9209
6668,中揚光,20,12,8,凱基-岡山,2024-05-27,9209
3005,神基,7,0,7,凱基-岡山,2024-05-27,9209
3060,銘異,8,1,7,凱基-岡山,2024-05-27,9209
4739,康普,7,0,7,凱基-岡山,2024-05-27,9209
2324,仁寶,11,4,7,凱基-岡山,2024-05-27,9209
1453,大將,6,0,6,凱基-岡山,2024-05-27,9209
2890,永豐金,10,4,6,凱基-岡山,2024-05-27,9209
3234,光環,6,0,6,凱基-岡山,2024-05-27,9209
6922,宸曜,6,0,6,凱基-岡山,2024-05-27,9209
2618,長榮航,19,13,6,凱基-岡山,2024-05-27,9209
3033,威健,15,9,6,凱基-岡山,2024-05-27,9209
1301,台塑,6,0,6,凱基-岡山,2024-05-27,9209
2359,所羅門,7,2,5,凱基-岡山,2024-05-27,9209
2330,台積電,5,0,5,凱基-岡山,2024-05-27,9209
00941,中信上游半導體,5,0,5,凱基-岡山,2024-05-27,9209
00937B,群益ESG投等債20,364,23,341,凱基-岡山,2024-05-28,9209
00940,元大台灣價值高息,139,17,122,凱基-岡山,2024-05-28,9209
5512,力麒,70,0,70,凱基-岡山,2024-05-28,9209
2801,彰銀,100,47,53,凱基-岡山,2024-05-28,9209
3033,威健,49,0,49,凱基-岡山,2024-05-28,9209
00712,復華富時不動產,34,1,33,凱基-岡山,2024-05-28,9209
2353,宏��,74,42,32,凱基-岡山,2024-05-28,9209
2301,光寶科,31,2,29,凱基-岡山,2024-05-28,9209
2888,新光金,30,3,27,凱基-岡山,2024-05-28,9209
00929,復華台灣科技優息,36,11,25,凱基-岡山,2024-05-28,9209
2354,鴻準,72,49,23,凱基-岡山,2024-05-28,9209
2609,陽明,27,8,19,凱基-岡山,2024-05-28,9209
2915,潤泰全,18,0,18,凱基-岡山,2024-05-28,9209
6005,群益證,18,0,18,凱基-岡山,2024-05-28,9209
2408,南亞科,25,8,17,凱基-岡山,2024-05-28,9209
2405,輔信,19,3,16,凱基-岡山,2024-05-28,9209
8064,東捷,30,15,15,凱基-岡山,2024-05-28,9209
6275,元山,34,20,14,凱基-岡山,2024-05-28,9209
2603,長榮,22,9,13,凱基-岡山,2024-05-28,9209
3042,晶技,13,0,13,凱基-岡山,2024-05-28,9209
3673,TPK-KY,13,0,13,凱基-岡山,2024-05-28,9209
2363,矽統,24,12,12,凱基-岡山,2024-05-28,9209
2401,凌陽,21,9,12,凱基-岡山,2024-05-28,9209
3013,晟銘電,34,22,12,凱基-岡山,2024-05-28,9209
4167,松瑞藥,12,0,12,凱基-岡山,2024-05-28,9209
2615,萬海,15,4,11,凱基-岡山,2024-05-28,9209
00713,元大台灣高息低波,11,0,11,凱基-岡山,2024-05-28,9209
2002,中鋼,17,6,11,凱基-岡山,2024-05-28,9209
2324,仁寶,16,5,11,凱基-岡山,2024-05-28,9209
2461,光群雷,10,0,10,凱基-岡山,2024-05-28,9209
2464,盟立,21,11,10,凱基-岡山,2024-05-28,9209
2476,鉅祥,10,0,10,凱基-岡山,2024-05-28,9209
2486,一詮,15,5,10,凱基-岡山,2024-05-28,9209
1326,台化,9,0,9,凱基-岡山,2024-05-28,9209
5371,中光電,20,11,9,凱基-岡山,2024-05-28,9209
2489,瑞軒,17,8,9,凱基-岡山,2024-05-28,9209
1527,鑽全,9,0,9,凱基-岡山,2024-05-28,9209
2608,嘉里大榮,9,0,9,凱基-岡山,2024-05-28,9209
4952,凌通,11,2,9,凱基-岡山,2024-05-28,9209
2371,大同,11,3,8,凱基-岡山,2024-05-28,9209
00787B,元大10年IG醫療債,8,0,8,凱基-岡山,2024-05-28,9209
5706,鳳凰,12,4,8,凱基-岡山,2024-05-28,9209
3055,蔚華科,19,12,7,凱基-岡山,2024-05-28,9209
3372,典範,9,2,7,凱基-岡山,2024-05-28,9209
3576,聯合再生,7,0,7,凱基-岡山,2024-05-28,9209
6579,研揚,7,0,7,凱基-岡山,2024-05-28,9209
2891,中信金,9,2,7,凱基-岡山,2024-05-28,9209
00635U,期元大S＆P黃金,6,0,6,凱基-岡山,2024-05-28,9209
2369,菱生,6,0,6,凱基-岡山,2024-05-28,9209
3313,斐成,6,0,6,凱基-岡山,2024-05-28,9209
2801,彰銀,367,0,367,凱基-岡山,2024-05-29,9209
00937B,群益ESG投等債20,332,67,265,凱基-岡山,2024-05-29,9209
00946,群益科技高息成長,69,0,69,凱基-岡山,2024-05-29,9209
2883,凱基金,70,3,67,凱基-岡山,2024-05-29,9209
2892,第一金,60,0,60,凱基-岡山,2024-05-29,9209
00944,野村趨勢動能高息,50,0,50,凱基-岡山,2024-05-29,9209
1471,首利,55,10,45,凱基-岡山,2024-05-29,9209
5371,中光電,43,4,39,凱基-岡山,2024-05-29,9209
00679B,元大美債20年,37,0,37,凱基-岡山,2024-05-29,9209
2317,鴻海,48,13,35,凱基-岡山,2024-05-29,9209
3013,晟銘電,34,7,27,凱基-岡山,2024-05-29,9209
3379,彬台,27,0,27,凱基-岡山,2024-05-29,9209
00919,群益台灣精選高息,41,14,27,凱基-岡山,2024-05-29,9209
2413,環科,26,0,26,凱基-岡山,2024-05-29,9209
4714,永捷,29,3,26,凱基-岡山,2024-05-29,9209
00878,國泰永續高股息,37,12,25,凱基-岡山,2024-05-29,9209
00687B,國泰20年美債,30,5,25,凱基-岡山,2024-05-29,9209
2610,華航,72,47,25,凱基-岡山,2024-05-29,9209
2515,中工,42,18,24,凱基-岡山,2024-05-29,9209
2353,宏��,42,19,23,凱基-岡山,2024-05-29,9209
1101,台泥,23,0,23,凱基-岡山,2024-05-29,9209
2354,鴻準,44,21,23,凱基-岡山,2024-05-29,9209
3202,樺晟,21,0,21,凱基-岡山,2024-05-29,9209
2888,新光金,20,0,20,凱基-岡山,2024-05-29,9209
1905,華紙,20,0,20,凱基-岡山,2024-05-29,9209
2458,義隆,20,0,20,凱基-岡山,2024-05-29,9209
3024,憶聲,20,0,20,凱基-岡山,2024-05-29,9209
4967,十銓,28,9,19,凱基-岡山,2024-05-29,9209
2313,華通,22,6,16,凱基-岡山,2024-05-29,9209
3047,訊舟,61,46,15,凱基-岡山,2024-05-29,9209
2886,兆豐金,15,0,15,凱基-岡山,2024-05-29,9209
3033,威健,15,1,14,凱基-岡山,2024-05-29,9209
3714,富采,13,0,13,凱基-岡山,2024-05-29,9209
5512,力麒,13,0,13,凱基-岡山,2024-05-29,9209
3231,緯創,17,5,12,凱基-岡山,2024-05-29,9209
3481,群創,14,2,12,凱基-岡山,2024-05-29,9209
6005,群益證,12,0,12,凱基-岡山,2024-05-29,9209
2002,中鋼,14,3,11,凱基-岡山,2024-05-29,9209
2332,友訊,11,0,11,凱基-岡山,2024-05-29,9209
5880,合庫金,11,0,11,凱基-岡山,2024-05-29,9209
3689,湧德,13,2,11,凱基-岡山,2024-05-29,9209
2605,新興,49,39,10,凱基-岡山,2024-05-29,9209
9904,寶成,10,0,10,凱基-岡山,2024-05-29,9209
2603,長榮,13,3,10,凱基-岡山,2024-05-29,9209
2891,中信金,14,5,9,凱基-岡山,2024-05-29,9209
2330,台積電,10,1,9,凱基-岡山,2024-05-29,9209
2481,強茂,10,1,9,凱基-岡山,2024-05-29,9209
2401,凌陽,187,178,9,凱基-岡山,2024-05-29,9209
2867,三商壽,11,2,9,凱基-岡山,2024-05-29,9209
3450,聯鈞,26,17,9,凱基-岡山,2024-05-29,9209
2801,彰銀,500,0,500,凱基-岡山,2024-05-30,9209
00940,元大台灣價值高息,69,7,62,凱基-岡山,2024-05-30,9209
00937B,群益ESG投等債20,65,10,55,凱基-岡山,2024-05-30,9209
00929,復華台灣科技優息,52,2,50,凱基-岡山,2024-05-30,9209
2892,第一金,48,2,46,凱基-岡山,2024-05-30,9209
00680L,元大美債20正2,41,0,41,凱基-岡山,2024-05-30,9209
2881,富邦金,39,1,38,凱基-岡山,2024-05-30,9209
1815,富喬,58,21,37,凱基-岡山,2024-05-30,9209
3447,展達,33,0,33,凱基-岡山,2024-05-30,9209
2354,鴻準,56,23,33,凱基-岡山,2024-05-30,9209
2356,英業達,34,2,32,凱基-岡山,2024-05-30,9209
00688L,國泰20年美債正2,30,0,30,凱基-岡山,2024-05-30,9209
3024,憶聲,30,0,30,凱基-岡山,2024-05-30,9209
2363,矽統,58,31,27,凱基-岡山,2024-05-30,9209
2489,瑞軒,51,25,26,凱基-岡山,2024-05-30,9209
00679B,元大美債20年,35,10,25,凱基-岡山,2024-05-30,9209
00687B,國泰20年美債,26,1,25,凱基-岡山,2024-05-30,9209
2883,凱基金,22,0,22,凱基-岡山,2024-05-30,9209
3141,晶宏,22,0,22,凱基-岡山,2024-05-30,9209
00905,FT臺灣Smart,21,0,21,凱基-岡山,2024-05-30,9209
2002,中鋼,21,0,21,凱基-岡山,2024-05-30,9209
2461,光群雷,20,0,20,凱基-岡山,2024-05-30,9209
00878,國泰永續高股息,22,4,18,凱基-岡山,2024-05-30,9209
00919,群益台灣精選高息,30,12,18,凱基-岡山,2024-05-30,9209
4714,永捷,23,6,17,凱基-岡山,2024-05-30,9209
6227,茂綸,17,0,17,凱基-岡山,2024-05-30,9209
00712,復華富時不動產,16,0,16,凱基-岡山,2024-05-30,9209
2353,宏��,23,7,16,凱基-岡山,2024-05-30,9209
2610,華航,17,1,16,凱基-岡山,2024-05-30,9209
3231,緯創,19,3,16,凱基-岡山,2024-05-30,9209
00795B,中信美國公債20年,15,0,15,凱基-岡山,2024-05-30,9209
5880,合庫金,15,1,14,凱基-岡山,2024-05-30,9209
00896,中信綠能及電動車,14,0,14,凱基-岡山,2024-05-30,9209
00946,群益科技高息成長,24,11,13,凱基-岡山,2024-05-30,9209
2323,中環,14,2,12,凱基-岡山,2024-05-30,9209
2891,中信金,14,2,12,凱基-岡山,2024-05-30,9209
3711,日月光投控,13,2,11,凱基-岡山,2024-05-30,9209
2030,彰源,11,0,11,凱基-岡山,2024-05-30,9209
2365,昆盈,11,0,11,凱基-岡山,2024-05-30,9209
6005,群益證,11,0,11,凱基-岡山,2024-05-30,9209
00944,野村趨勢動能高息,10,0,10,凱基-岡山,2024-05-30,9209
2476,鉅祥,10,0,10,凱基-岡山,2024-05-30,9209
4167,松瑞藥,10,0,10,凱基-岡山,2024-05-30,9209
4303,信立,10,0,10,凱基-岡山,2024-05-30,9209
1303,南亞,10,0,10,凱基-岡山,2024-05-30,9209
1316,上曜,14,5,9,凱基-岡山,2024-05-30,9209
2641,正德,10,1,9,凱基-岡山,2024-05-30,9209
3390,旭軟,11,2,9,凱基-岡山,2024-05-30,9209
2413,環科,8,0,8,凱基-岡山,2024-05-30,9209
2486,一詮,19,11,8,凱基-岡山,2024-05-30,9209
2801,彰銀,200,0,200,凱基-岡山,2024-05-31,9209
00939,統一台灣高息動能,222,23,199,凱基-岡山,2024-05-31,9209
00715L,期街口布蘭特正2,68,0,68,凱基-岡山,2024-05-31,9209
00929,復華台灣科技優息,93,27,66,凱基-岡山,2024-05-31,9209
00946,群益科技高息成長,58,0,58,凱基-岡山,2024-05-31,9209
1303,南亞,52,0,52,凱基-岡山,2024-05-31,9209
4552,力達-KY,43,0,43,凱基-岡山,2024-05-31,9209
2609,陽明,88,46,42,凱基-岡山,2024-05-31,9209
2515,中工,43,5,38,凱基-岡山,2024-05-31,9209
3312,弘憶股,90,61,29,凱基-岡山,2024-05-31,9209
1802,台玻,30,1,29,凱基-岡山,2024-05-31,9209
00919,群益台灣精選高息,33,12,21,凱基-岡山,2024-05-31,9209
2538,基泰,20,3,17,凱基-岡山,2024-05-31,9209
2317,鴻海,29,14,15,凱基-岡山,2024-05-31,9209
2002,中鋼,16,3,13,凱基-岡山,2024-05-31,9209
2344,華邦電,13,0,13,凱基-岡山,2024-05-31,9209
2388,威盛,13,0,13,凱基-岡山,2024-05-31,9209
2489,瑞軒,21,8,13,凱基-岡山,2024-05-31,9209
2363,矽統,26,14,12,凱基-岡山,2024-05-31,9209
1471,首利,12,0,12,凱基-岡山,2024-05-31,9209
3047,訊舟,29,17,12,凱基-岡山,2024-05-31,9209
5371,中光電,14,2,12,凱基-岡山,2024-05-31,9209
2392,正崴,11,0,11,凱基-岡山,2024-05-31,9209
2401,凌陽,12,1,11,凱基-岡山,2024-05-31,9209
00905,FT臺灣Smart,10,0,10,凱基-岡山,2024-05-31,9209
00688L,國泰20年美債正2,10,0,10,凱基-岡山,2024-05-31,9209
2883,凱基金,10,0,10,凱基-岡山,2024-05-31,9209
3163,波若威,10,0,10,凱基-岡山,2024-05-31,9209
5392,能率,10,0,10,凱基-岡山,2024-05-31,9209
5498,凱崴,12,2,10,凱基-岡山,2024-05-31,9209
2353,宏��,10,1,9,凱基-岡山,2024-05-31,9209
00712,復華富時不動產,9,0,9,凱基-岡山,2024-05-31,9209
2409,友達,9,0,9,凱基-岡山,2024-05-31,9209
3088,艾訊,9,0,9,凱基-岡山,2024-05-31,9209
6770,力積電,20,11,9,凱基-岡山,2024-05-31,9209
3231,緯創,13,5,8,凱基-岡山,2024-05-31,9209
2546,根基,8,0,8,凱基-岡山,2024-05-31,9209
3321,同泰,8,0,8,凱基-岡山,2024-05-31,9209
6005,群益證,8,0,8,凱基-岡山,2024-05-31,9209
6215,和椿,12,4,8,凱基-岡山,2024-05-31,9209
1815,富喬,57,50,7,凱基-岡山,2024-05-31,9209
2883B,凱基金乙特,7,0,7,凱基-岡山,2024-05-31,9209
8064,東捷,12,5,7,凱基-岡山,2024-05-31,9209
2356,英業達,7,1,6,凱基-岡山,2024-05-31,9209
2618,長榮航,68,62,6,凱基-岡山,2024-05-31,9209
3227,原相,7,1,6,凱基-岡山,2024-05-31,9209
1440,南紡,7,1,6,凱基-岡山,2024-05-31,9209
1445,大宇,6,0,6,凱基-岡山,2024-05-31,9209
2889,國票金,6,0,6,凱基-岡山,2024-05-31,9209
3702,大聯大,6,0,6,凱基-岡山,2024-05-31,9209
2801,彰銀,310,0,310,凱基-岡山,2024-06-03,9209
00632R,元大台灣50反1,170,0,170,凱基-岡山,2024-06-03,9209
2834,臺企銀,130,9,121,凱基-岡山,2024-06-03,9209
2438,翔耀,105,0,105,凱基-岡山,2024-06-03,9209
2010,春源,79,0,79,凱基-岡山,2024-06-03,9209
2328,廣宇,60,3,57,凱基-岡山,2024-06-03,9209
00919,群益台灣精選高息,45,0,45,凱基-岡山,2024-06-03,9209
2369,菱生,31,1,30,凱基-岡山,2024-06-03,9209
00712,復華富時不動產,28,0,28,凱基-岡山,2024-06-03,9209
4123,晟德,28,0,28,凱基-岡山,2024-06-03,9209
3163,波若威,25,0,25,凱基-岡山,2024-06-03,9209
00715L,期街口布蘭特正2,24,0,24,凱基-岡山,2024-06-03,9209
2313,華通,25,1,24,凱基-岡山,2024-06-03,9209
2317,鴻海,32,9,23,凱基-岡山,2024-06-03,9209
2303,聯電,29,7,22,凱基-岡山,2024-06-03,9209
3481,群創,22,0,22,凱基-岡山,2024-06-03,9209
3694,海華,22,0,22,凱基-岡山,2024-06-03,9209
2002,中鋼,22,1,21,凱基-岡山,2024-06-03,9209
00918,大華優利高填息30,20,0,20,凱基-岡山,2024-06-03,9209
00933B,國泰10Y+金融債,20,0,20,凱基-岡山,2024-06-03,9209
1326,台化,16,0,16,凱基-岡山,2024-06-03,9209
2412,中華電,15,0,15,凱基-岡山,2024-06-03,9209
2883,凱基金,17,2,15,凱基-岡山,2024-06-03,9209
3033,威健,19,4,15,凱基-岡山,2024-06-03,9209
1102,亞泥,14,0,14,凱基-岡山,2024-06-03,9209
5880,合庫金,17,3,14,凱基-岡山,2024-06-03,9209
1303,南亞,13,0,13,凱基-岡山,2024-06-03,9209
3059,華晶科,23,10,13,凱基-岡山,2024-06-03,9209
2610,華航,14,2,12,凱基-岡山,2024-06-03,9209
2618,長榮航,72,60,12,凱基-岡山,2024-06-03,9209
1785,光洋科,13,1,12,凱基-岡山,2024-06-03,9209
2867,三商壽,11,0,11,凱基-岡山,2024-06-03,9209
2881,富邦金,16,5,11,凱基-岡山,2024-06-03,9209
8936,國統,11,0,11,凱基-岡山,2024-06-03,9209
2408,南亞科,12,1,11,凱基-岡山,2024-06-03,9209
9907,統一實,10,0,10,凱基-岡山,2024-06-03,9209
00929,復華台灣科技優息,10,1,9,凱基-岡山,2024-06-03,9209
2436,偉詮電,9,0,9,凱基-岡山,2024-06-03,9209
5263,智崴,8,0,8,凱基-岡山,2024-06-03,9209
6414,樺漢,8,0,8,凱基-岡山,2024-06-03,9209
2886,兆豐金,7,0,7,凱基-岡山,2024-06-03,9209
00936,台新永續高息中小,7,0,7,凱基-岡山,2024-06-03,9209
2349,錸德,7,0,7,凱基-岡山,2024-06-03,9209
6189,豐藝,7,0,7,凱基-岡山,2024-06-03,9209
4541,晟田,6,0,6,凱基-岡山,2024-06-03,9209
5443,均豪,6,0,6,凱基-岡山,2024-06-03,9209
8112,至上,6,0,6,凱基-岡山,2024-06-03,9209
2889,國票金,5,0,5,凱基-岡山,2024-06-03,9209
00923,群益台ESG低碳50,5,0,5,凱基-岡山,2024-06-03,9209
00795B,中信美國公債20年,5,0,5,凱基-岡山,2024-06-03,9209
2801,彰銀,500,0,500,凱基-岡山,2024-06-04,9209
2888,新光金,220,49,171,凱基-岡山,2024-06-04,9209
8277,商丞,142,6,136,凱基-岡山,2024-06-04,9209
5512,力麒,51,0,51,凱基-岡山,2024-06-04,9209
6161,捷波,50,0,50,凱基-岡山,2024-06-04,9209
00942B,台新美A公司債20+,46,0,46,凱基-岡山,2024-06-04,9209
00919,群益台灣精選高息,48,6,42,凱基-岡山,2024-06-04,9209
00715L,期街口布蘭特正2,42,0,42,凱基-岡山,2024-06-04,9209
00713,元大台灣高息低波,39,0,39,凱基-岡山,2024-06-04,9209
3706,神達,40,1,39,凱基-岡山,2024-06-04,9209
2353,宏��,35,2,33,凱基-岡山,2024-06-04,9209
2344,華邦電,32,1,31,凱基-岡山,2024-06-04,9209
3024,憶聲,29,0,29,凱基-岡山,2024-06-04,9209
00929,復華台灣科技優息,79,50,29,凱基-岡山,2024-06-04,9209
2312,金寶,41,16,25,凱基-岡山,2024-06-04,9209
006208,富邦台50,27,3,24,凱基-岡山,2024-06-04,9209
5880,合庫金,22,0,22,凱基-岡山,2024-06-04,9209
00918,大華優利高填息30,27,5,22,凱基-岡山,2024-06-04,9209
2356,英業達,27,5,22,凱基-岡山,2024-06-04,9209
2324,仁寶,25,3,22,凱基-岡山,2024-06-04,9209
2881,富邦金,22,0,22,凱基-岡山,2024-06-04,9209
2880,華南金,21,0,21,凱基-岡山,2024-06-04,9209
2010,春源,21,0,21,凱基-岡山,2024-06-04,9209
2367,燿華,34,13,21,凱基-岡山,2024-06-04,9209
1102,亞泥,20,0,20,凱基-岡山,2024-06-04,9209
00936,台新永續高息中小,24,7,17,凱基-岡山,2024-06-04,9209
6125,廣運,45,29,16,凱基-岡山,2024-06-04,9209
8070,長華*,16,0,16,凱基-岡山,2024-06-04,9209
2002,中鋼,17,1,16,凱基-岡山,2024-06-04,9209
2618,長榮航,18,2,16,凱基-岡山,2024-06-04,9209
2537,聯上發,19,4,15,凱基-岡山,2024-06-04,9209
00878,國泰永續高股息,21,6,15,凱基-岡山,2024-06-04,9209
00679B,元大美債20年,17,3,14,凱基-岡山,2024-06-04,9209
3450,聯鈞,20,6,14,凱基-岡山,2024-06-04,9209
3481,群創,14,0,14,凱基-岡山,2024-06-04,9209
2328,廣宇,21,8,13,凱基-岡山,2024-06-04,9209
00939,統一台灣高息動能,23,11,12,凱基-岡山,2024-06-04,9209
3231,緯創,13,1,12,凱基-岡山,2024-06-04,9209
1909,榮成,12,0,12,凱基-岡山,2024-06-04,9209
3520,華盈,12,0,12,凱基-岡山,2024-06-04,9209
1301,台塑,12,0,12,凱基-岡山,2024-06-04,9209
00923,群益台ESG低碳50,11,0,11,凱基-岡山,2024-06-04,9209
6770,力積電,22,11,11,凱基-岡山,2024-06-04,9209
2354,鴻準,20,10,10,凱基-岡山,2024-06-04,9209
1529,樂事綠能,10,0,10,凱基-岡山,2024-06-04,9209
2465,麗臺,28,18,10,凱基-岡山,2024-06-04,9209
9904,寶成,10,0,10,凱基-岡山,2024-06-04,9209
9946,三發地產,10,0,10,凱基-岡山,2024-06-04,9209
2486,一詮,26,17,9,凱基-岡山,2024-06-04,9209
4562,穎漢,24,15,9,凱基-岡山,2024-06-04,9209
00680L,元大美債20正2,103,0,103,凱基-岡山,2024-06-05,9209
00929,復華台灣科技優息,78,2,76,凱基-岡山,2024-06-05,9209
00940,元大台灣價值高息,100,26,74,凱基-岡山,2024-06-05,9209
00942B,台新美A公司債20+,65,0,65,凱基-岡山,2024-06-05,9209
00715L,期街口布蘭特正2,59,0,59,凱基-岡山,2024-06-05,9209
00939,統一台灣高息動能,42,0,42,凱基-岡山,2024-06-05,9209
00878,國泰永續高股息,44,2,42,凱基-岡山,2024-06-05,9209
1303,南亞,41,0,41,凱基-岡山,2024-06-05,9209
2834,臺企銀,50,10,40,凱基-岡山,2024-06-05,9209
2303,聯電,32,1,31,凱基-岡山,2024-06-05,9209
2354,鴻準,61,33,28,凱基-岡山,2024-06-05,9209
2609,陽明,103,76,27,凱基-岡山,2024-06-05,9209
2014,中鴻,20,0,20,凱基-岡山,2024-06-05,9209
2618,長榮航,72,53,19,凱基-岡山,2024-06-05,9209
2313,華通,20,2,18,凱基-岡山,2024-06-05,9209
00941,中信上游半導體,17,0,17,凱基-岡山,2024-06-05,9209
00919,群益台灣精選高息,15,0,15,凱基-岡山,2024-06-05,9209
00712,復華富時不動產,12,0,12,凱基-岡山,2024-06-05,9209
2002,中鋼,12,1,11,凱基-岡山,2024-06-05,9209
1301,台塑,13,2,11,凱基-岡山,2024-06-05,9209
00757,統一FANG+,11,0,11,凱基-岡山,2024-06-05,9209
1529,樂事綠能,10,0,10,凱基-岡山,2024-06-05,9209
2449,京元電子,10,0,10,凱基-岡山,2024-06-05,9209
00632R,元大台灣50反1,10,0,10,凱基-岡山,2024-06-05,9209
00936,台新永續高息中小,21,11,10,凱基-岡山,2024-06-05,9209
1313,聯成,10,0,10,凱基-岡山,2024-06-05,9209
1603,華電,10,0,10,凱基-岡山,2024-06-05,9209
2891,中信金,14,4,10,凱基-岡山,2024-06-05,9209
4109,加捷生醫,10,0,10,凱基-岡山,2024-06-05,9209
8070,長華*,12,2,10,凱基-岡山,2024-06-05,9209
6125,廣運,26,16,10,凱基-岡山,2024-06-05,9209
1721,三晃,9,0,9,凱基-岡山,2024-06-05,9209
2344,華邦電,9,0,9,凱基-岡山,2024-06-05,9209
1101,台泥,10,2,8,凱基-岡山,2024-06-05,9209
3231,緯創,9,1,8,凱基-岡山,2024-06-05,9209
2867,三商壽,10,2,8,凱基-岡山,2024-06-05,9209
2888,新光金,11,3,8,凱基-岡山,2024-06-05,9209
5392,能率,8,0,8,凱基-岡山,2024-06-05,9209
0050,元大台灣50,7,0,7,凱基-岡山,2024-06-05,9209
1326,台化,7,0,7,凱基-岡山,2024-06-05,9209
2367,燿華,10,3,7,凱基-岡山,2024-06-05,9209
2401,凌陽,7,0,7,凱基-岡山,2024-06-05,9209
6126,信音,8,1,7,凱基-岡山,2024-06-05,9209
6270,倍微,7,0,7,凱基-岡山,2024-06-05,9209
8110,華東,7,0,7,凱基-岡山,2024-06-05,9209
9945,潤泰新,17,10,7,凱基-岡山,2024-06-05,9209
1785,光洋科,7,0,7,凱基-岡山,2024-06-05,9209
2330,台積電,13,6,7,凱基-岡山,2024-06-05,9209
6177,達麗,6,0,6,凱基-岡山,2024-06-05,9209
3290,東浦,6,0,6,凱基-岡山,2024-06-05,9209
00680L,元大美債20正2,450,45,405,凱基-岡山,2024-06-06,9209
00632R,元大台灣50反1,231,0,231,凱基-岡山,2024-06-06,9209
00937B,群益ESG投等債20,98,0,98,凱基-岡山,2024-06-06,9209
2328,廣宇,63,9,54,凱基-岡山,2024-06-06,9209
6164,華興,39,2,37,凱基-岡山,2024-06-06,9209
2354,鴻準,60,34,26,凱基-岡山,2024-06-06,9209
00936,台新永續高息中小,22,0,22,凱基-岡山,2024-06-06,9209
2915,潤泰全,22,0,22,凱基-岡山,2024-06-06,9209
3013,晟銘電,23,1,22,凱基-岡山,2024-06-06,9209
00935,野村臺灣新科技50,20,0,20,凱基-岡山,2024-06-06,9209
00688L,國泰20年美債正2,20,0,20,凱基-岡山,2024-06-06,9209
1905,華紙,20,0,20,凱基-岡山,2024-06-06,9209
2367,燿華,22,6,16,凱基-岡山,2024-06-06,9209
00918,大華優利高填息30,16,0,16,凱基-岡山,2024-06-06,9209
3558,神準,16,0,16,凱基-岡山,2024-06-06,9209
5880,合庫金,16,0,16,凱基-岡山,2024-06-06,9209
006208,富邦台50,20,5,15,凱基-岡山,2024-06-06,9209
5498,凱崴,15,0,15,凱基-岡山,2024-06-06,9209
8942,森鉅,15,0,15,凱基-岡山,2024-06-06,9209
6005,群益證,13,0,13,凱基-岡山,2024-06-06,9209
2641,正德,14,2,12,凱基-岡山,2024-06-06,9209
5347,世界,23,11,12,凱基-岡山,2024-06-06,9209
00895,富邦未來車,11,0,11,凱基-岡山,2024-06-06,9209
3450,聯鈞,14,3,11,凱基-岡山,2024-06-06,9209
5443,均豪,12,1,11,凱基-岡山,2024-06-06,9209
8027,鈦昇,13,2,11,凱基-岡山,2024-06-06,9209
6189,豐藝,10,0,10,凱基-岡山,2024-06-06,9209
00878,國泰永續高股息,14,4,10,凱基-岡山,2024-06-06,9209
2356,英業達,11,1,10,凱基-岡山,2024-06-06,9209
1810,和成,10,0,10,凱基-岡山,2024-06-06,9209
2313,華通,10,0,10,凱基-岡山,2024-06-06,9209
00939,統一台灣高息動能,10,1,9,凱基-岡山,2024-06-06,9209
2417,圓剛,10,1,9,凱基-岡山,2024-06-06,9209
00713,元大台灣高息低波,9,0,9,凱基-岡山,2024-06-06,9209
4566,時碩工業,32,23,9,凱基-岡山,2024-06-06,9209
2009,第一銅,8,0,8,凱基-岡山,2024-06-06,9209
2002,中鋼,9,1,8,凱基-岡山,2024-06-06,9209
2351,順德,8,0,8,凱基-岡山,2024-06-06,9209
2402,毅嘉,10,2,8,凱基-岡山,2024-06-06,9209
6550,北極星藥業-KY,8,0,8,凱基-岡山,2024-06-06,9209
2613,中櫃,13,5,8,凱基-岡山,2024-06-06,9209
2101,南港,16,9,7,凱基-岡山,2024-06-06,9209
2458,義隆,7,0,7,凱基-岡山,2024-06-06,9209
2392,正崴,8,1,7,凱基-岡山,2024-06-06,9209
1612,宏泰,8,1,7,凱基-岡山,2024-06-06,9209
1721,三晃,7,0,7,凱基-岡山,2024-06-06,9209
2331,精英,15,8,7,凱基-岡山,2024-06-06,9209
3047,訊舟,19,12,7,凱基-岡山,2024-06-06,9209
1786,科妍,6,0,6,凱基-岡山,2024-06-06,9209
2233,宇隆,7,1,6,凱基-岡山,2024-06-06,9209
00945B,凱基美國非投等債,102,0,102,凱基-岡山,2024-06-07,9209
2838,聯邦銀,89,0,89,凱基-岡山,2024-06-07,9209
0056,元大高股息,88,9,79,凱基-岡山,2024-06-07,9209
00929,復華台灣科技優息,73,6,67,凱基-岡山,2024-06-07,9209
2356,英業達,39,8,31,凱基-岡山,2024-06-07,9209
1314,中石化,30,0,30,凱基-岡山,2024-06-07,9209
1609,大亞,42,13,29,凱基-岡山,2024-06-07,9209
00936,台新永續高息中小,28,0,28,凱基-岡山,2024-06-07,9209
5519,隆大,24,0,24,凱基-岡山,2024-06-07,9209
2615,萬海,82,62,20,凱基-岡山,2024-06-07,9209
00772B,中信高評級公司債,20,0,20,凱基-岡山,2024-06-07,9209
2371,大同,22,2,20,凱基-岡山,2024-06-07,9209
1522,堤維西,20,1,19,凱基-岡山,2024-06-07,9209
2883,凱基金,83,65,18,凱基-岡山,2024-06-07,9209
00919,群益台灣精選高息,21,3,18,凱基-岡山,2024-06-07,9209
2330,台積電,17,2,15,凱基-岡山,2024-06-07,9209
2365,昆盈,15,1,14,凱基-岡山,2024-06-07,9209
2002,中鋼,14,1,13,凱基-岡山,2024-06-07,9209
2312,金寶,15,2,13,凱基-岡山,2024-06-07,9209
2324,仁寶,17,5,12,凱基-岡山,2024-06-07,9209
3450,聯鈞,32,20,12,凱基-岡山,2024-06-07,9209
4157,太景*-KY,12,0,12,凱基-岡山,2024-06-07,9209
1513,中興電,29,17,12,凱基-岡山,2024-06-07,9209
2449,京元電子,10,0,10,凱基-岡山,2024-06-07,9209
00637L,元大滬深300正2,10,0,10,凱基-岡山,2024-06-07,9209
2890,永豐金,10,0,10,凱基-岡山,2024-06-07,9209
5512,力麒,10,0,10,凱基-岡山,2024-06-07,9209
9905,大華,10,0,10,凱基-岡山,2024-06-07,9209
2548,華固,11,2,9,凱基-岡山,2024-06-07,9209
3029,零壹,11,2,9,凱基-岡山,2024-06-07,9209
6005,群益證,10,1,9,凱基-岡山,2024-06-07,9209
2353,宏��,12,3,9,凱基-岡山,2024-06-07,9209
2105,正新,12,4,8,凱基-岡山,2024-06-07,9209
2514,龍邦,28,20,8,凱基-岡山,2024-06-07,9209
2812,台中銀,8,0,8,凱基-岡山,2024-06-07,9209
6835,圓裕,8,0,8,凱基-岡山,2024-06-07,9209
3030,德律,7,0,7,凱基-岡山,2024-06-07,9209
4906,正文,8,1,7,凱基-岡山,2024-06-07,9209
6125,廣運,15,9,6,凱基-岡山,2024-06-07,9209
3231,緯創,14,8,6,凱基-岡山,2024-06-07,9209
00895,富邦未來車,16,10,6,凱基-岡山,2024-06-07,9209
2605,新興,7,1,6,凱基-岡山,2024-06-07,9209
3313,斐成,6,0,6,凱基-岡山,2024-06-07,9209
2317,鴻海,6,1,5,凱基-岡山,2024-06-07,9209
2501,國建,19,14,5,凱基-岡山,2024-06-07,9209
2025,千興,5,0,5,凱基-岡山,2024-06-07,9209
3522,御嵿,5,0,5,凱基-岡山,2024-06-07,9209
2454,聯發科,8,3,5,凱基-岡山,2024-06-07,9209
2609,陽明,71,67,4,凱基-岡山,2024-06-07,9209
00885,富邦越南,4,0,4,凱基-岡山,2024-06-07,9209
2801,彰銀,552,200,352,凱基-岡山,2024-06-11,9209
00940,元大台灣價值高息,136,3,133,凱基-岡山,2024-06-11,9209
1732,毛寶,105,5,100,凱基-岡山,2024-06-11,9209
00673R,期元大S＆P原油反1,76,0,76,凱基-岡山,2024-06-11,9209
9105,泰金寶-DR,82,11,71,凱基-岡山,2024-06-11,9209
00929,復華台灣科技優息,59,13,46,凱基-岡山,2024-06-11,9209
2609,陽明,136,91,45,凱基-岡山,2024-06-11,9209
1905,華紙,45,0,45,凱基-岡山,2024-06-11,9209
00939,統一台灣高息動能,50,5,45,凱基-岡山,2024-06-11,9209
00919,群益台灣精選高息,45,3,42,凱基-岡山,2024-06-11,9209
00937B,群益ESG投等債20,40,0,40,凱基-岡山,2024-06-11,9209
3024,憶聲,40,2,38,凱基-岡山,2024-06-11,9209
00933B,國泰10Y+金融債,37,0,37,凱基-岡山,2024-06-11,9209
1609,大亞,49,18,31,凱基-岡山,2024-06-11,9209
2515,中工,46,16,30,凱基-岡山,2024-06-11,9209
00687B,國泰20年美債,30,0,30,凱基-岡山,2024-06-11,9209
2537,聯上發,34,7,27,凱基-岡山,2024-06-11,9209
00936,台新永續高息中小,25,0,25,凱基-岡山,2024-06-11,9209
1514,亞力,64,39,25,凱基-岡山,2024-06-11,9209
2603,長榮,29,5,24,凱基-岡山,2024-06-11,9209
00753L,中信中國50正2,24,0,24,凱基-岡山,2024-06-11,9209
00679B,元大美債20年,32,10,22,凱基-岡山,2024-06-11,9209
4552,力達-KY,21,0,21,凱基-岡山,2024-06-11,9209
2887,台新金,30,10,20,凱基-岡山,2024-06-11,9209
1718,中纖,20,0,20,凱基-岡山,2024-06-11,9209
2440,太空梭,20,0,20,凱基-岡山,2024-06-11,9209
1513,中興電,33,14,19,凱基-岡山,2024-06-11,9209
2883,凱基金,21,3,18,凱基-岡山,2024-06-11,9209
00918,大華優利高填息30,20,3,17,凱基-岡山,2024-06-11,9209
1316,上曜,27,10,17,凱基-岡山,2024-06-11,9209
2344,華邦電,17,0,17,凱基-岡山,2024-06-11,9209
2354,鴻準,22,6,16,凱基-岡山,2024-06-11,9209
2356,英業達,35,19,16,凱基-岡山,2024-06-11,9209
8027,鈦昇,16,0,16,凱基-岡山,2024-06-11,9209
2406,國碩,15,0,15,凱基-岡山,2024-06-11,9209
3715,定穎投控,14,0,14,凱基-岡山,2024-06-11,9209
00882,中信中國高股息,33,20,13,凱基-岡山,2024-06-11,9209
5498,凱崴,13,0,13,凱基-岡山,2024-06-11,9209
1301,台塑,12,0,12,凱基-岡山,2024-06-11,9209
2885,元大金,12,0,12,凱基-岡山,2024-06-11,9209
00795B,中信美國公債20年,12,0,12,凱基-岡山,2024-06-11,9209
2002,中鋼,18,7,11,凱基-岡山,2024-06-11,9209
1101,台泥,11,0,11,凱基-岡山,2024-06-11,9209
1612,宏泰,11,0,11,凱基-岡山,2024-06-11,9209
3576,聯合再生,11,0,11,凱基-岡山,2024-06-11,9209
9103,美德醫療-DR,21,10,11,凱基-岡山,2024-06-11,9209
4720,德淵,10,0,10,凱基-岡山,2024-06-11,9209
2009,第一銅,9,0,9,凱基-岡山,2024-06-11,9209
1608,華榮,40,31,9,凱基-岡山,2024-06-11,9209
6177,達麗,11,2,9,凱基-岡山,2024-06-11,9209
4545,銘鈺,110,1,109,凱基-岡山,2024-06-12,9209
00676R,富邦臺灣加權反1,90,0,90,凱基-岡山,2024-06-12,9209
00687B,國泰20年美債,87,18,69,凱基-岡山,2024-06-12,9209
2888,新光金,80,16,64,凱基-岡山,2024-06-12,9209
00688L,國泰20年美債正2,45,0,45,凱基-岡山,2024-06-12,9209
2610,華航,150,108,42,凱基-岡山,2024-06-12,9209
2406,國碩,35,0,35,凱基-岡山,2024-06-12,9209
00933B,國泰10Y+金融債,33,0,33,凱基-岡山,2024-06-12,9209
00680L,元大美債20正2,42,10,32,凱基-岡山,2024-06-12,9209
2606,裕民,32,2,30,凱基-岡山,2024-06-12,9209
2867,三商壽,55,27,28,凱基-岡山,2024-06-12,9209
4513,福裕,40,12,28,凱基-岡山,2024-06-12,9209
00944,野村趨勢動能高息,24,0,24,凱基-岡山,2024-06-12,9209
00918,大華優利高填息30,23,0,23,凱基-岡山,2024-06-12,9209
6215,和椿,23,0,23,凱基-岡山,2024-06-12,9209
3024,憶聲,21,0,21,凱基-岡山,2024-06-12,9209
2442,新美齊,20,0,20,凱基-岡山,2024-06-12,9209
4109,加捷生醫,20,0,20,凱基-岡山,2024-06-12,9209
6209,今國光,21,1,20,凱基-岡山,2024-06-12,9209
4552,力達-KY,19,0,19,凱基-岡山,2024-06-12,9209
2883,凱基金,50,34,16,凱基-岡山,2024-06-12,9209
00942B,台新美A公司債20+,15,0,15,凱基-岡山,2024-06-12,9209
1301,台塑,17,2,15,凱基-岡山,2024-06-12,9209
2515,中工,18,3,15,凱基-岡山,2024-06-12,9209
00948B,中信優息投資級債,14,0,14,凱基-岡山,2024-06-12,9209
6116,彩晶,14,0,14,凱基-岡山,2024-06-12,9209
4906,正文,25,11,14,凱基-岡山,2024-06-12,9209
6835,圓裕,14,0,14,凱基-岡山,2024-06-12,9209
2014,中鴻,13,0,13,凱基-岡山,2024-06-12,9209
3231,緯創,15,3,12,凱基-岡山,2024-06-12,9209
2365,昆盈,13,1,12,凱基-岡山,2024-06-12,9209
6177,達麗,13,1,12,凱基-岡山,2024-06-12,9209
2845,遠東銀,11,0,11,凱基-岡山,2024-06-12,9209
2392,正崴,11,0,11,凱基-岡山,2024-06-12,9209
2201,裕隆,11,1,10,凱基-岡山,2024-06-12,9209
6187,萬潤,13,3,10,凱基-岡山,2024-06-12,9209
4967,十銓,25,15,10,凱基-岡山,2024-06-12,9209
00929,復華台灣科技優息,16,7,9,凱基-岡山,2024-06-12,9209
3029,零壹,16,7,9,凱基-岡山,2024-06-12,9209
2887,台新金,9,0,9,凱基-岡山,2024-06-12,9209
3481,群創,9,0,9,凱基-岡山,2024-06-12,9209
2353,宏��,17,9,8,凱基-岡山,2024-06-12,9209
00712,復華富時不動產,8,0,8,凱基-岡山,2024-06-12,9209
4157,太景*-KY,7,0,7,凱基-岡山,2024-06-12,9209
4956,光鋐,7,0,7,凱基-岡山,2024-06-12,9209
5011,久陽,7,0,7,凱基-岡山,2024-06-12,9209
8927,北基,7,0,7,凱基-岡山,2024-06-12,9209
9103,美德醫療-DR,7,0,7,凱基-岡山,2024-06-12,9209
2537,聯上發,12,6,6,凱基-岡山,2024-06-12,9209
8942,森鉅,6,0,6,凱基-岡山,2024-06-12,9209
2801,彰銀,211,0,211,凱基-岡山,2024-06-13,9209
2618,長榮航,71,0,71,凱基-岡山,2024-06-13,9209
2883,凱基金,75,14,61,凱基-岡山,2024-06-13,9209
2610,華航,66,20,46,凱基-岡山,2024-06-13,9209
1815,富喬,50,11,39,凱基-岡山,2024-06-13,9209
2002,中鋼,35,0,35,凱基-岡山,2024-06-13,9209
6209,今國光,21,0,21,凱基-岡山,2024-06-13,9209
3706,神達,22,2,20,凱基-岡山,2024-06-13,9209
00687B,國泰20年美債,18,0,18,凱基-岡山,2024-06-13,9209
00679B,元大美債20年,16,0,16,凱基-岡山,2024-06-13,9209
2845,遠東銀,15,0,15,凱基-岡山,2024-06-13,9209
3188,鑫龍騰,15,0,15,凱基-岡山,2024-06-13,9209
2354,鴻準,15,2,13,凱基-岡山,2024-06-13,9209
4906,正文,13,0,13,凱基-岡山,2024-06-13,9209
00712,復華富時不動產,12,0,12,凱基-岡山,2024-06-13,9209
6112,邁達特,12,0,12,凱基-岡山,2024-06-13,9209
00948B,中信優息投資級債,11,0,11,凱基-岡山,2024-06-13,9209
1582,信錦,11,0,11,凱基-岡山,2024-06-13,9209
2482,連宇,12,1,11,凱基-岡山,2024-06-13,9209
2353,宏��,14,4,10,凱基-岡山,2024-06-13,9209
00688L,國泰20年美債正2,10,0,10,凱基-岡山,2024-06-13,9209
00722B,群益投資級電信債,10,0,10,凱基-岡山,2024-06-13,9209
00947,台新臺灣IC設計,11,1,10,凱基-岡山,2024-06-13,9209
2314,台揚,10,0,10,凱基-岡山,2024-06-13,9209
2363,矽統,14,4,10,凱基-岡山,2024-06-13,9209
2464,盟立,15,5,10,凱基-岡山,2024-06-13,9209
2903,遠百,10,0,10,凱基-岡山,2024-06-13,9209
4566,時碩工業,12,2,10,凱基-岡山,2024-06-13,9209
4726,永昕,10,0,10,凱基-岡山,2024-06-13,9209
6164,華興,10,0,10,凱基-岡山,2024-06-13,9209
6269,台郡,10,0,10,凱基-岡山,2024-06-13,9209
2603,長榮,15,6,9,凱基-岡山,2024-06-13,9209
00918,大華優利高填息30,17,8,9,凱基-岡山,2024-06-13,9209
4109,加捷生醫,9,0,9,凱基-岡山,2024-06-13,9209
4562,穎漢,11,2,9,凱基-岡山,2024-06-13,9209
8027,鈦昇,9,0,9,凱基-岡山,2024-06-13,9209
2615,萬海,69,61,8,凱基-岡山,2024-06-13,9209
4915,致伸,8,0,8,凱基-岡山,2024-06-13,9209
1723,中碳,7,0,7,凱基-岡山,2024-06-13,9209
2427,三商電,10,3,7,凱基-岡山,2024-06-13,9209
5443,均豪,7,0,7,凱基-岡山,2024-06-13,9209
00946,群益科技高息成長,8,1,7,凱基-岡山,2024-06-13,9209
2606,裕民,7,1,6,凱基-岡山,2024-06-13,9209
2812,台中銀,6,0,6,凱基-岡山,2024-06-13,9209
2368,金像電,6,0,6,凱基-岡山,2024-06-13,9209
2338,光罩,6,0,6,凱基-岡山,2024-06-13,9209
3025,星通,6,0,6,凱基-岡山,2024-06-13,9209
3526,凡甲,6,0,6,凱基-岡山,2024-06-13,9209
6425,易發,7,1,6,凱基-岡山,2024-06-13,9209
3481,群創,8,2,6,凱基-岡山,2024-06-13,9209
00937B,群益ESG投等債20,123,0,123,凱基-岡山,2024-06-14,9209
2801,彰銀,106,0,106,凱基-岡山,2024-06-14,9209
00929,復華台灣科技優息,108,12,96,凱基-岡山,2024-06-14,9209
5512,力麒,50,0,50,凱基-岡山,2024-06-14,9209
2371,大同,74,31,43,凱基-岡山,2024-06-14,9209
00942B,台新美A公司債20+,31,0,31,凱基-岡山,2024-06-14,9209
5347,世界,33,5,28,凱基-岡山,2024-06-14,9209
5243,乙盛-KY,27,2,25,凱基-岡山,2024-06-14,9209
6265,方土昶,23,0,23,凱基-岡山,2024-06-14,9209
00948B,中信優息投資級債,43,22,21,凱基-岡山,2024-06-14,9209
4109,加捷生醫,20,0,20,凱基-岡山,2024-06-14,9209
6005,群益證,20,2,18,凱基-岡山,2024-06-14,9209
1513,中興電,42,25,17,凱基-岡山,2024-06-14,9209
2002,中鋼,39,23,16,凱基-岡山,2024-06-14,9209
2913,農林,25,10,15,凱基-岡山,2024-06-14,9209
00933B,國泰10Y+金融債,22,7,15,凱基-岡山,2024-06-14,9209
00665L,富邦�琤肭磪囓�2,12,0,12,凱基-岡山,2024-06-14,9209
3048,益登,76,64,12,凱基-岡山,2024-06-14,9209
2367,燿華,16,5,11,凱基-岡山,2024-06-14,9209
6207,雷科,11,0,11,凱基-岡山,2024-06-14,9209
6438,迅得,11,0,11,凱基-岡山,2024-06-14,9209
00713,元大台灣高息低波,11,0,11,凱基-岡山,2024-06-14,9209
2101,南港,12,2,10,凱基-岡山,2024-06-14,9209
6269,台郡,10,0,10,凱基-岡山,2024-06-14,9209
2316,楠梓電,13,3,10,凱基-岡山,2024-06-14,9209
2897,王道銀行,10,0,10,凱基-岡山,2024-06-14,9209
3016,嘉晶,10,0,10,凱基-岡山,2024-06-14,9209
00936,台新永續高息中小,49,39,10,凱基-岡山,2024-06-14,9209
2344,華邦電,9,0,9,凱基-岡山,2024-06-14,9209
2408,南亞科,17,8,9,凱基-岡山,2024-06-14,9209
3260,威剛,9,0,9,凱基-岡山,2024-06-14,9209
4915,致伸,11,3,8,凱基-岡山,2024-06-14,9209
2314,台揚,8,0,8,凱基-岡山,2024-06-14,9209
2392,正崴,33,26,7,凱基-岡山,2024-06-14,9209
3028,增你強,7,0,7,凱基-岡山,2024-06-14,9209
6231,系微,10,3,7,凱基-岡山,2024-06-14,9209
6488,環球晶,7,0,7,凱基-岡山,2024-06-14,9209
00687B,國泰20年美債,6,0,6,凱基-岡山,2024-06-14,9209
2330,台積電,7,1,6,凱基-岡山,2024-06-14,9209
00891,中信關鍵半導體,7,1,6,凱基-岡山,2024-06-14,9209
2606,裕民,9,3,6,凱基-岡山,2024-06-14,9209
3202,樺晟,6,0,6,凱基-岡山,2024-06-14,9209
2313,華通,7,2,5,凱基-岡山,2024-06-14,9209
2359,所羅門,10,5,5,凱基-岡山,2024-06-14,9209
00712,復華富時不動產,5,0,5,凱基-岡山,2024-06-14,9209
00673R,期元大S＆P原油反1,5,0,5,凱基-岡山,2024-06-14,9209
00927,群益半導體收益,5,0,5,凱基-岡山,2024-06-14,9209
2464,盟立,6,1,5,凱基-岡山,2024-06-14,9209
2809,京城銀,5,0,5,凱基-岡山,2024-06-14,9209
3029,零壹,6,1,5,凱基-岡山,2024-06-14,9209
00936,台新永續高息中小,114,13,101,凱基-岡山,2024-06-17,9209
2401,凌陽,49,0,49,凱基-岡山,2024-06-17,9209
2867,三商壽,37,5,32,凱基-岡山,2024-06-17,9209
00942B,台新美A公司債20+,30,0,30,凱基-岡山,2024-06-17,9209
2023,燁輝,30,0,30,凱基-岡山,2024-06-17,9209
2399,映泰,30,0,30,凱基-岡山,2024-06-17,9209
00948B,中信優息投資級債,26,0,26,凱基-岡山,2024-06-17,9209
00713,元大台灣高息低波,24,0,24,凱基-岡山,2024-06-17,9209
1513,中興電,29,5,24,凱基-岡山,2024-06-17,9209
00918,大華優利高填息30,35,12,23,凱基-岡山,2024-06-17,9209
3024,憶聲,22,0,22,凱基-岡山,2024-06-17,9209
1524,耿鼎,20,0,20,凱基-岡山,2024-06-17,9209
2537,聯上發,20,0,20,凱基-岡山,2024-06-17,9209
4534,慶騰,20,3,17,凱基-岡山,2024-06-17,9209
3013,晟銘電,19,3,16,凱基-岡山,2024-06-17,9209
2314,台揚,17,2,15,凱基-岡山,2024-06-17,9209
3284,太普高,14,0,14,凱基-岡山,2024-06-17,9209
00946,群益科技高息成長,14,1,13,凱基-岡山,2024-06-17,9209
2312,金寶,16,3,13,凱基-岡山,2024-06-17,9209
1618,合機,29,17,12,凱基-岡山,2024-06-17,9209
1301,台塑,12,0,12,凱基-岡山,2024-06-17,9209
1605,華新,11,0,11,凱基-岡山,2024-06-17,9209
00919,群益台灣精選高息,16,6,10,凱基-岡山,2024-06-17,9209
00688L,國泰20年美債正2,10,0,10,凱基-岡山,2024-06-17,9209
2897,王道銀行,10,0,10,凱基-岡山,2024-06-17,9209
5014,建錩,10,0,10,凱基-岡山,2024-06-17,9209
2367,燿華,14,5,9,凱基-岡山,2024-06-17,9209
2609,陽明,20,11,9,凱基-岡山,2024-06-17,9209
00882,中信中國高股息,8,0,8,凱基-岡山,2024-06-17,9209
6166,凌華,8,0,8,凱基-岡山,2024-06-17,9209
2515,中工,23,15,8,凱基-岡山,2024-06-17,9209
2610,華航,11,3,8,凱基-岡山,2024-06-17,9209
2636,台驊控股,8,0,8,凱基-岡山,2024-06-17,9209
9945,潤泰新,10,2,8,凱基-岡山,2024-06-17,9209
2542,興富發,7,0,7,凱基-岡山,2024-06-17,9209
2101,南港,8,1,7,凱基-岡山,2024-06-17,9209
1504,東元,9,2,7,凱基-岡山,2024-06-17,9209
1609,大亞,27,20,7,凱基-岡山,2024-06-17,9209
6284,佳邦,11,4,7,凱基-岡山,2024-06-17,9209
6187,萬潤,15,8,7,凱基-岡山,2024-06-17,9209
2615,萬海,53,47,6,凱基-岡山,2024-06-17,9209
3260,威剛,6,0,6,凱基-岡山,2024-06-17,9209
3149,正達,6,0,6,凱基-岡山,2024-06-17,9209
2009,第一銅,10,4,6,凱基-岡山,2024-06-17,9209
2356,英業達,10,4,6,凱基-岡山,2024-06-17,9209
3447,展達,6,0,6,凱基-岡山,2024-06-17,9209
3679,新至陞,6,0,6,凱基-岡山,2024-06-17,9209
4532,瑞智,8,2,6,凱基-岡山,2024-06-17,9209
6139,亞翔,6,0,6,凱基-岡山,2024-06-17,9209
00937B,群益ESG投等債20,11,6,5,凱基-岡山,2024-06-17,9209
00929,復華台灣科技優息,209,2,207,凱基-岡山,2024-06-18,9209
00936,台新永續高息中小,40,3,37,凱基-岡山,2024-06-18,9209
00946,群益科技高息成長,38,3,35,凱基-岡山,2024-06-18,9209
00940,元大台灣價值高息,65,34,31,凱基-岡山,2024-06-18,9209
3321,同泰,25,0,25,凱基-岡山,2024-06-18,9209
2515,中工,24,0,24,凱基-岡山,2024-06-18,9209
00679B,元大美債20年,23,1,22,凱基-岡山,2024-06-18,9209
2374,佳能,21,0,21,凱基-岡山,2024-06-18,9209
8096,擎亞,32,13,19,凱基-岡山,2024-06-18,9209
4113,聯上,18,0,18,凱基-岡山,2024-06-18,9209
6770,力積電,57,39,18,凱基-岡山,2024-06-18,9209
00713,元大台灣高息低波,16,0,16,凱基-岡山,2024-06-18,9209
00687B,國泰20年美債,15,0,15,凱基-岡山,2024-06-18,9209
00676R,富邦臺灣加權反1,15,0,15,凱基-岡山,2024-06-18,9209
5392,能率,15,0,15,凱基-岡山,2024-06-18,9209
4906,正文,14,0,14,凱基-岡山,2024-06-18,9209
2392,正崴,30,16,14,凱基-岡山,2024-06-18,9209
00915,凱基優選高股息30,16,4,12,凱基-岡山,2024-06-18,9209
00948B,中信優息投資級債,11,0,11,凱基-岡山,2024-06-18,9209
1618,合機,17,6,11,凱基-岡山,2024-06-18,9209
2489,瑞軒,10,0,10,凱基-岡山,2024-06-18,9209
3362,先進光,10,0,10,凱基-岡山,2024-06-18,9209
4153,鈺緯,10,0,10,凱基-岡山,2024-06-18,9209
6133,金橋,10,0,10,凱基-岡山,2024-06-18,9209
6180,橘子,11,1,10,凱基-岡山,2024-06-18,9209
9103,美德醫療-DR,12,2,10,凱基-岡山,2024-06-18,9209
3374,精材,12,3,9,凱基-岡山,2024-06-18,9209
8040,九暘,8,0,8,凱基-岡山,2024-06-18,9209
00673R,期元大S＆P原油反1,8,0,8,凱基-岡山,2024-06-18,9209
1325,恆大,11,3,8,凱基-岡山,2024-06-18,9209
2355,敬鵬,8,0,8,凱基-岡山,2024-06-18,9209
2317,鴻海,14,6,8,凱基-岡山,2024-06-18,9209
00933B,國泰10Y+金融債,7,0,7,凱基-岡山,2024-06-18,9209
2371,大同,27,20,7,凱基-岡山,2024-06-18,9209
2009,第一銅,7,0,7,凱基-岡山,2024-06-18,9209
4714,永捷,10,3,7,凱基-岡山,2024-06-18,9209
1303,南亞,8,2,6,凱基-岡山,2024-06-18,9209
2301,光寶科,6,0,6,凱基-岡山,2024-06-18,9209
2029,盛餘,6,0,6,凱基-岡山,2024-06-18,9209
4566,時碩工業,14,8,6,凱基-岡山,2024-06-18,9209
6462,神盾,7,1,6,凱基-岡山,2024-06-18,9209
00913,兆豐台灣晶圓製造,5,0,5,凱基-岡山,2024-06-18,9209
00632R,元大台灣50反1,5,0,5,凱基-岡山,2024-06-18,9209
1326,台化,6,1,5,凱基-岡山,2024-06-18,9209
1513,中興電,8,3,5,凱基-岡山,2024-06-18,9209
1528,恩德,5,0,5,凱基-岡山,2024-06-18,9209
1611,中電,11,6,5,凱基-岡山,2024-06-18,9209
1612,宏泰,5,0,5,凱基-岡山,2024-06-18,9209
2105,正新,5,0,5,凱基-岡山,2024-06-18,9209
2337,旺宏,7,2,5,凱基-岡山,2024-06-18,9209
00637L,元大滬深300正2,630,0,630,凱基-岡山,2024-06-19,9209
00680L,元大美債20正2,351,2,349,凱基-岡山,2024-06-19,9209
00937B,群益ESG投等債20,322,1,321,凱基-岡山,2024-06-19,9209
00929,復華台灣科技優息,333,86,247,凱基-岡山,2024-06-19,9209
00946,群益科技高息成長,148,1,147,凱基-岡山,2024-06-19,9209
00632R,元大台灣50反1,71,0,71,凱基-岡山,2024-06-19,9209
3062,建漢,86,24,62,凱基-岡山,2024-06-19,9209
00936,台新永續高息中小,60,9,51,凱基-岡山,2024-06-19,9209
6021,美好證,51,0,51,凱基-岡山,2024-06-19,9209
00942B,台新美A公司債20+,49,0,49,凱基-岡山,2024-06-19,9209
1504,東元,50,6,44,凱基-岡山,2024-06-19,9209
00940,元大台灣價值高息,118,81,37,凱基-岡山,2024-06-19,9209
1540,喬福,33,0,33,凱基-岡山,2024-06-19,9209
00679B,元大美債20年,31,1,30,凱基-岡山,2024-06-19,9209
00753L,中信中國50正2,27,0,27,凱基-岡山,2024-06-19,9209
00687B,國泰20年美債,22,1,21,凱基-岡山,2024-06-19,9209
2406,國碩,21,0,21,凱基-岡山,2024-06-19,9209
9105,泰金寶-DR,21,0,21,凱基-岡山,2024-06-19,9209
5490,同亨,24,4,20,凱基-岡山,2024-06-19,9209
2511,太子,20,0,20,凱基-岡山,2024-06-19,9209
3706,神達,23,3,20,凱基-岡山,2024-06-19,9209
00933B,國泰10Y+金融債,19,0,19,凱基-岡山,2024-06-19,9209
1301,台塑,20,1,19,凱基-岡山,2024-06-19,9209
2371,大同,33,15,18,凱基-岡山,2024-06-19,9209
6770,力積電,31,16,15,凱基-岡山,2024-06-19,9209
3481,群創,19,4,15,凱基-岡山,2024-06-19,9209
00673R,期元大S＆P原油反1,15,0,15,凱基-岡山,2024-06-19,9209
2883,凱基金,21,6,15,凱基-岡山,2024-06-19,9209
4722,國精化,15,0,15,凱基-岡山,2024-06-19,9209
8064,東捷,38,23,15,凱基-岡山,2024-06-19,9209
2365,昆盈,34,19,15,凱基-岡山,2024-06-19,9209
2409,友達,16,1,15,凱基-岡山,2024-06-19,9209
3231,緯創,23,8,15,凱基-岡山,2024-06-19,9209
2609,陽明,63,48,15,凱基-岡山,2024-06-19,9209
2352,佳世達,14,0,14,凱基-岡山,2024-06-19,9209
6835,圓裕,15,1,14,凱基-岡山,2024-06-19,9209
6877,鏵友益,14,0,14,凱基-岡山,2024-06-19,9209
6188,廣明,13,0,13,凱基-岡山,2024-06-19,9209
00713,元大台灣高息低波,13,1,12,凱基-岡山,2024-06-19,9209
2374,佳能,13,1,12,凱基-岡山,2024-06-19,9209
2520,冠德,12,0,12,凱基-岡山,2024-06-19,9209
1442,名軒,11,0,11,凱基-岡山,2024-06-19,9209
4534,慶騰,12,1,11,凱基-岡山,2024-06-19,9209
6790,永豐實,11,0,11,凱基-岡山,2024-06-19,9209
8466,美吉吉-KY,11,0,11,凱基-岡山,2024-06-19,9209
6446,藥華藥,10,0,10,凱基-岡山,2024-06-19,9209
00795B,中信美國公債20年,10,0,10,凱基-岡山,2024-06-19,9209
2388,威盛,10,0,10,凱基-岡山,2024-06-19,9209
4167,松瑞藥,10,0,10,凱基-岡山,2024-06-19,9209
9945,潤泰新,10,0,10,凱基-岡山,2024-06-19,9209
1309,台達化,150,4,146,凱基-岡山,2024-06-20,9209
00929,復華台灣科技優息,150,11,139,凱基-岡山,2024-06-20,9209
00940,元大台灣價值高息,182,71,111,凱基-岡山,2024-06-20,9209
00937B,群益ESG投等債20,48,9,39,凱基-岡山,2024-06-20,9209
00936,台新永續高息中小,37,1,36,凱基-岡山,2024-06-20,9209
00946,群益科技高息成長,38,2,36,凱基-岡山,2024-06-20,9209
2023,燁輝,37,2,35,凱基-岡山,2024-06-20,9209
6140,訊達,45,10,35,凱基-岡山,2024-06-20,9209
5498,凱崴,25,2,23,凱基-岡山,2024-06-20,9209
9105,泰金寶-DR,23,0,23,凱基-岡山,2024-06-20,9209
1786,科妍,22,0,22,凱基-岡山,2024-06-20,9209
2002,中鋼,26,4,22,凱基-岡山,2024-06-20,9209
1314,中石化,20,0,20,凱基-岡山,2024-06-20,9209
2349,錸德,20,0,20,凱基-岡山,2024-06-20,9209
9103,美德醫療-DR,20,0,20,凱基-岡山,2024-06-20,9209
2408,南亞科,40,21,19,凱基-岡山,2024-06-20,9209
2353,宏��,27,8,19,凱基-岡山,2024-06-20,9209
2610,華航,23,5,18,凱基-岡山,2024-06-20,9209
00933B,國泰10Y+金融債,17,0,17,凱基-岡山,2024-06-20,9209
1540,喬福,17,0,17,凱基-岡山,2024-06-20,9209
2412,中華電,16,0,16,凱基-岡山,2024-06-20,9209
00687B,國泰20年美債,16,1,15,凱基-岡山,2024-06-20,9209
6506,雙邦,15,0,15,凱基-岡山,2024-06-20,9209
2352,佳世達,15,1,14,凱基-岡山,2024-06-20,9209
00632R,元大台灣50反1,18,5,13,凱基-岡山,2024-06-20,9209
00947,台新臺灣IC設計,13,0,13,凱基-岡山,2024-06-20,9209
8105,凌巨,22,9,13,凱基-岡山,2024-06-20,9209
00751B,元大AAA至A公司債,14,1,13,凱基-岡山,2024-06-20,9209
6446,藥華藥,12,0,12,凱基-岡山,2024-06-20,9209
4534,慶騰,12,0,12,凱基-岡山,2024-06-20,9209
6606,建德工業,12,0,12,凱基-岡山,2024-06-20,9209
00881,國泰台灣5G+,11,0,11,凱基-岡山,2024-06-20,9209
2413,環科,11,0,11,凱基-岡山,2024-06-20,9209
4167,松瑞藥,11,0,11,凱基-岡山,2024-06-20,9209
4562,穎漢,14,3,11,凱基-岡山,2024-06-20,9209
6190,萬泰科,13,2,11,凱基-岡山,2024-06-20,9209
1718,中纖,10,0,10,凱基-岡山,2024-06-20,9209
3234,光環,10,0,10,凱基-岡山,2024-06-20,9209
6269,台郡,11,1,10,凱基-岡山,2024-06-20,9209
8432,東生華,10,0,10,凱基-岡山,2024-06-20,9209
6194,育富,9,0,9,凱基-岡山,2024-06-20,9209
8096,擎亞,10,1,9,凱基-岡山,2024-06-20,9209
00891,中信關鍵半導體,8,0,8,凱基-岡山,2024-06-20,9209
2883,凱基金,10,2,8,凱基-岡山,2024-06-20,9209
3265,台星科,9,1,8,凱基-岡山,2024-06-20,9209
4722,國精化,8,0,8,凱基-岡山,2024-06-20,9209
6175,立敦,8,0,8,凱基-岡山,2024-06-20,9209
6207,雷科,8,0,8,凱基-岡山,2024-06-20,9209
6790,永豐實,8,0,8,凱基-岡山,2024-06-20,9209
2330,台積電,10,2,8,凱基-岡山,2024-06-20,9209
00937B,群益ESG投等債20,132,12,120,凱基-岡山,2024-06-21,9209
00632R,元大台灣50反1,80,1,79,凱基-岡山,2024-06-21,9209
00940,元大台灣價值高息,83,4,79,凱基-岡山,2024-06-21,9209
2615,萬海,76,13,63,凱基-岡山,2024-06-21,9209
00946,群益科技高息成長,42,0,42,凱基-岡山,2024-06-21,9209
00673R,期元大S＆P原油反1,37,0,37,凱基-岡山,2024-06-21,9209
5347,世界,33,2,31,凱基-岡山,2024-06-21,9209
8064,東捷,38,7,31,凱基-岡山,2024-06-21,9209
00641R,富邦日本反1,30,0,30,凱基-岡山,2024-06-21,9209
6116,彩晶,31,2,29,凱基-岡山,2024-06-21,9209
4153,鈺緯,28,2,26,凱基-岡山,2024-06-21,9209
2324,仁寶,27,1,26,凱基-岡山,2024-06-21,9209
00720B,元大投資級公司債,22,0,22,凱基-岡山,2024-06-21,9209
1609,大亞,27,5,22,凱基-岡山,2024-06-21,9209
00939,統一台灣高息動能,20,0,20,凱基-岡山,2024-06-21,9209
2317,鴻海,36,17,19,凱基-岡山,2024-06-21,9209
1611,中電,18,0,18,凱基-岡山,2024-06-21,9209
2109,華豐,18,0,18,凱基-岡山,2024-06-21,9209
1540,喬福,17,0,17,凱基-岡山,2024-06-21,9209
2458,義隆,14,0,14,凱基-岡山,2024-06-21,9209
4167,松瑞藥,14,0,14,凱基-岡山,2024-06-21,9209
4566,時碩工業,21,7,14,凱基-岡山,2024-06-21,9209
6284,佳邦,18,4,14,凱基-岡山,2024-06-21,9209
1301,台塑,16,2,14,凱基-岡山,2024-06-21,9209
6021,美好證,13,0,13,凱基-岡山,2024-06-21,9209
6606,建德工業,13,0,13,凱基-岡山,2024-06-21,9209
00948B,中信優息投資級債,13,0,13,凱基-岡山,2024-06-21,9209
00933B,國泰10Y+金融債,12,0,12,凱基-岡山,2024-06-21,9209
2610,華航,155,143,12,凱基-岡山,2024-06-21,9209
2303,聯電,32,20,12,凱基-岡山,2024-06-21,9209
8039,台虹,12,1,11,凱基-岡山,2024-06-21,9209
1605,華新,11,0,11,凱基-岡山,2024-06-21,9209
6598,ABC-KY,11,0,11,凱基-岡山,2024-06-21,9209
9945,潤泰新,11,0,11,凱基-岡山,2024-06-21,9209
1313,聯成,11,0,11,凱基-岡山,2024-06-21,9209
2515,中工,10,0,10,凱基-岡山,2024-06-21,9209
1718,中纖,10,0,10,凱基-岡山,2024-06-21,9209
1316,上曜,10,0,10,凱基-岡山,2024-06-21,9209
1584,精剛,10,0,10,凱基-岡山,2024-06-21,9209
2337,旺宏,10,0,10,凱基-岡山,2024-06-21,9209
2353,宏��,16,6,10,凱基-岡山,2024-06-21,9209
2845,遠東銀,10,0,10,凱基-岡山,2024-06-21,9209
4906,正文,10,0,10,凱基-岡山,2024-06-21,9209
5530,龍巖,10,0,10,凱基-岡山,2024-06-21,9209
5876,上海商銀,10,0,10,凱基-岡山,2024-06-21,9209
6194,育富,10,0,10,凱基-岡山,2024-06-21,9209
9103,美德醫療-DR,10,0,10,凱基-岡山,2024-06-21,9209
2206,三陽工業,21,12,9,凱基-岡山,2024-06-21,9209
2399,映泰,10,1,9,凱基-岡山,2024-06-21,9209
6176,瑞儀,8,0,8,凱基-岡山,2024-06-21,9209
00919,群益台灣精選高息,116,5,111,凱基-岡山,2024-06-24,9209
00632R,元大台灣50反1,80,10,70,凱基-岡山,2024-06-24,9209
00946,群益科技高息成長,72,5,67,凱基-岡山,2024-06-24,9209
00937B,群益ESG投等債20,57,3,54,凱基-岡山,2024-06-24,9209
6116,彩晶,50,2,48,凱基-岡山,2024-06-24,9209
4956,光鋐,37,0,37,凱基-岡山,2024-06-24,9209
2834,臺企銀,35,0,35,凱基-岡山,2024-06-24,9209
2610,華航,32,0,32,凱基-岡山,2024-06-24,9209
3093,港建*,30,0,30,凱基-岡山,2024-06-24,9209
00929,復華台灣科技優息,81,54,27,凱基-岡山,2024-06-24,9209
5498,凱崴,25,0,25,凱基-岡山,2024-06-24,9209
3481,群創,151,128,23,凱基-岡山,2024-06-24,9209
2330,台積電,24,3,21,凱基-岡山,2024-06-24,9209
00686R,群益臺灣加權反1,20,0,20,凱基-岡山,2024-06-24,9209
00664R,國泰臺灣加權反1,20,0,20,凱基-岡山,2024-06-24,9209
2498,宏達電,19,1,18,凱基-岡山,2024-06-24,9209
00936,台新永續高息中小,19,2,17,凱基-岡山,2024-06-24,9209
1540,喬福,17,0,17,凱基-岡山,2024-06-24,9209
2353,宏��,25,8,17,凱基-岡山,2024-06-24,9209
2408,南亞科,31,15,16,凱基-岡山,2024-06-24,9209
6770,力積電,21,5,16,凱基-岡山,2024-06-24,9209
2349,錸德,15,0,15,凱基-岡山,2024-06-24,9209
2458,義隆,15,0,15,凱基-岡山,2024-06-24,9209
3607,谷崧,15,0,15,凱基-岡山,2024-06-24,9209
1785,光洋科,90,76,14,凱基-岡山,2024-06-24,9209
3047,訊舟,19,6,13,凱基-岡山,2024-06-24,9209
8027,鈦昇,13,0,13,凱基-岡山,2024-06-24,9209
9105,泰金寶-DR,15,2,13,凱基-岡山,2024-06-24,9209
0056,元大高股息,13,1,12,凱基-岡山,2024-06-24,9209
1301,台塑,20,8,12,凱基-岡山,2024-06-24,9209
00907,永豐優息存股,12,0,12,凱基-岡山,2024-06-24,9209
2107,厚生,12,0,12,凱基-岡山,2024-06-24,9209
2208,台船,12,0,12,凱基-岡山,2024-06-24,9209
2344,華邦電,17,5,12,凱基-岡山,2024-06-24,9209
2618,長榮航,22,10,12,凱基-岡山,2024-06-24,9209
6021,美好證,12,0,12,凱基-岡山,2024-06-24,9209
2855,統一證,11,0,11,凱基-岡山,2024-06-24,9209
3498,陽程,12,1,11,凱基-岡山,2024-06-24,9209
3583,辛耘,11,0,11,凱基-岡山,2024-06-24,9209
3622,洋華,11,0,11,凱基-岡山,2024-06-24,9209
6288,聯嘉,11,0,11,凱基-岡山,2024-06-24,9209
6835,圓裕,11,0,11,凱基-岡山,2024-06-24,9209
00915,凱基優選高股息30,10,0,10,凱基-岡山,2024-06-24,9209
00895,富邦未來車,10,0,10,凱基-岡山,2024-06-24,9209
1720,生達,10,0,10,凱基-岡山,2024-06-24,9209
2012,春雨,10,0,10,凱基-岡山,2024-06-24,9209
2426,鼎元,10,0,10,凱基-岡山,2024-06-24,9209
2897,王道銀行,10,0,10,凱基-岡山,2024-06-24,9209
4716,大立,10,0,10,凱基-岡山,2024-06-24,9209
2317,鴻海,103,93,10,凱基-岡山,2024-06-24,9209
3481,群創,115,27,88,凱基-岡山,2024-06-25,9209
00929,復華台灣科技優息,91,9,82,凱基-岡山,2024-06-25,9209
6116,彩晶,70,0,70,凱基-岡山,2024-06-25,9209
00937B,群益ESG投等債20,51,0,51,凱基-岡山,2024-06-25,9209
1905,華紙,47,0,47,凱基-岡山,2024-06-25,9209
3062,建漢,36,16,20,凱基-岡山,2024-06-25,9209
2002,中鋼,22,2,20,凱基-岡山,2024-06-25,9209
00673R,期元大S＆P原油反1,17,0,17,凱基-岡山,2024-06-25,9209
6742,澤米,17,0,17,凱基-岡山,2024-06-25,9209
00919,群益台灣精選高息,62,46,16,凱基-岡山,2024-06-25,9209
2409,友達,17,2,15,凱基-岡山,2024-06-25,9209
8110,華東,24,9,15,凱基-岡山,2024-06-25,9209
00933B,國泰10Y+金融債,15,1,14,凱基-岡山,2024-06-25,9209
1301,台塑,14,0,14,凱基-岡山,2024-06-25,9209
2317,鴻海,30,17,13,凱基-岡山,2024-06-25,9209
2618,長榮航,13,1,12,凱基-岡山,2024-06-25,9209
1326,台化,12,0,12,凱基-岡山,2024-06-25,9209
1815,富喬,46,35,11,凱基-岡山,2024-06-25,9209
2340,台亞,11,0,11,凱基-岡山,2024-06-25,9209
3583,辛耘,11,0,11,凱基-岡山,2024-06-25,9209
8040,九暘,11,0,11,凱基-岡山,2024-06-25,9209
2323,中環,10,0,10,凱基-岡山,2024-06-25,9209
2498,宏達電,10,0,10,凱基-岡山,2024-06-25,9209
6470,宇智,10,0,10,凱基-岡山,2024-06-25,9209
911868,同方友友-DR,10,0,10,凱基-岡山,2024-06-25,9209
2393,億光,9,0,9,凱基-岡山,2024-06-25,9209
9105,泰金寶-DR,11,2,9,凱基-岡山,2024-06-25,9209
2408,南亞科,10,1,9,凱基-岡山,2024-06-25,9209
2313,華通,9,0,9,凱基-岡山,2024-06-25,9209
2834,臺企銀,10,1,9,凱基-岡山,2024-06-25,9209
5213,亞昕,9,0,9,凱基-岡山,2024-06-25,9209
8105,凌巨,9,0,9,凱基-岡山,2024-06-25,9209
2324,仁寶,9,0,9,凱基-岡山,2024-06-25,9209
2303,聯電,21,13,8,凱基-岡山,2024-06-25,9209
1314,中石化,13,5,8,凱基-岡山,2024-06-25,9209
1325,恆大,10,2,8,凱基-岡山,2024-06-25,9209
2367,燿華,10,2,8,凱基-岡山,2024-06-25,9209
6111,大宇資,9,1,8,凱基-岡山,2024-06-25,9209
00693U,期街口S＆P黃豆,7,0,7,凱基-岡山,2024-06-25,9209
2356,英業達,23,16,7,凱基-岡山,2024-06-25,9209
6457,紘康,10,3,7,凱基-岡山,2024-06-25,9209
00878,國泰永續高股息,6,0,6,凱基-岡山,2024-06-25,9209
2401,凌陽,8,2,6,凱基-岡山,2024-06-25,9209
8096,擎亞,6,0,6,凱基-岡山,2024-06-25,9209
00930,永豐ESG低碳高息,6,0,6,凱基-岡山,2024-06-25,9209
3357,臺慶科,6,0,6,凱基-岡山,2024-06-25,9209
4906,正文,6,0,6,凱基-岡山,2024-06-25,9209
3029,零壹,7,1,6,凱基-岡山,2024-06-25,9209
2458,義隆,5,0,5,凱基-岡山,2024-06-25,9209
0050,元大台灣50,6,1,5,凱基-岡山,2024-06-25,9209
2801,彰銀,200,14,186,凱基-岡山,2024-06-26,9209
00676R,富邦臺灣加權反1,92,0,92,凱基-岡山,2024-06-26,9209
2834,臺企銀,72,13,59,凱基-岡山,2024-06-26,9209
00929,復華台灣科技優息,60,21,39,凱基-岡山,2024-06-26,9209
2002,中鋼,44,6,38,凱基-岡山,2024-06-26,9209
6742,澤米,32,0,32,凱基-岡山,2024-06-26,9209
2515,中工,26,0,26,凱基-岡山,2024-06-26,9209
3090,日電貿,21,0,21,凱基-岡山,2024-06-26,9209
00933B,國泰10Y+金融債,40,20,20,凱基-岡山,2024-06-26,9209
2241,艾姆勒,20,0,20,凱基-岡山,2024-06-26,9209
2401,凌陽,26,8,18,凱基-岡山,2024-06-26,9209
2371,大同,20,6,14,凱基-岡山,2024-06-26,9209
2374,佳能,14,0,14,凱基-岡山,2024-06-26,9209
2409,友達,14,0,14,凱基-岡山,2024-06-26,9209
3535,晶彩科,12,0,12,凱基-岡山,2024-06-26,9209
2317,鴻海,25,14,11,凱基-岡山,2024-06-26,9209
1789,神隆,11,0,11,凱基-岡山,2024-06-26,9209
2353,宏��,11,0,11,凱基-岡山,2024-06-26,9209
3663,鑫科,11,0,11,凱基-岡山,2024-06-26,9209
1326,台化,10,0,10,凱基-岡山,2024-06-26,9209
6269,台郡,10,0,10,凱基-岡山,2024-06-26,9209
1785,光洋科,11,1,10,凱基-岡山,2024-06-26,9209
2323,中環,10,0,10,凱基-岡山,2024-06-26,9209
3049,精金,10,0,10,凱基-岡山,2024-06-26,9209
6133,金橋,10,0,10,凱基-岡山,2024-06-26,9209
6770,力積電,13,3,10,凱基-岡山,2024-06-26,9209
00937B,群益ESG投等債20,10,0,10,凱基-岡山,2024-06-26,9209
2344,華邦電,10,1,9,凱基-岡山,2024-06-26,9209
8040,九暘,9,0,9,凱基-岡山,2024-06-26,9209
3013,晟銘電,12,4,8,凱基-岡山,2024-06-26,9209
6278,台表科,8,0,8,凱基-岡山,2024-06-26,9209
2615,萬海,41,34,7,凱基-岡山,2024-06-26,9209
9919,康那香,7,0,7,凱基-岡山,2024-06-26,9209
2352,佳世達,59,52,7,凱基-岡山,2024-06-26,9209
3163,波若威,13,7,6,凱基-岡山,2024-06-26,9209
2609,陽明,18,12,6,凱基-岡山,2024-06-26,9209
1611,中電,6,0,6,凱基-岡山,2024-06-26,9209
2610,華航,35,29,6,凱基-岡山,2024-06-26,9209
3543,州巧,6,0,6,凱基-岡山,2024-06-26,9209
5371,中光電,6,0,6,凱基-岡山,2024-06-26,9209
1301,台塑,11,6,5,凱基-岡山,2024-06-26,9209
00713,元大台灣高息低波,5,0,5,凱基-岡山,2024-06-26,9209
2449,京元電子,10,5,5,凱基-岡山,2024-06-26,9209
00948B,中信優息投資級債,5,0,5,凱基-岡山,2024-06-26,9209
00687B,國泰20年美債,6,1,5,凱基-岡山,2024-06-26,9209
2851,中再保,5,0,5,凱基-岡山,2024-06-26,9209
3006,晶豪科,6,1,5,凱基-岡山,2024-06-26,9209
3062,建漢,78,73,5,凱基-岡山,2024-06-26,9209
3498,陽程,5,0,5,凱基-岡山,2024-06-26,9209
6217,中探針,8,3,5,凱基-岡山,2024-06-26,9209
00937B,群益ESG投等債20,118,1,117,凱基-岡山,2024-06-27,9209
5355,佳總,78,1,77,凱基-岡山,2024-06-27,9209
00687B,國泰20年美債,58,4,54,凱基-岡山,2024-06-27,9209
00929,復華台灣科技優息,50,1,49,凱基-岡山,2024-06-27,9209
911868,同方友友-DR,48,0,48,凱基-岡山,2024-06-27,9209
1609,大亞,42,14,28,凱基-岡山,2024-06-27,9209
00680L,元大美債20正2,27,0,27,凱基-岡山,2024-06-27,9209
2885,元大金,26,0,26,凱基-岡山,2024-06-27,9209
3047,訊舟,74,50,24,凱基-岡山,2024-06-27,9209
00948B,中信優息投資級債,22,0,22,凱基-岡山,2024-06-27,9209
00919,群益台灣精選高息,19,0,19,凱基-岡山,2024-06-27,9209
2515,中工,22,3,19,凱基-岡山,2024-06-27,9209
1303,南亞,18,1,17,凱基-岡山,2024-06-27,9209
6244,茂迪,35,18,17,凱基-岡山,2024-06-27,9209
2883,凱基金,22,6,16,凱基-岡山,2024-06-27,9209
00679B,元大美債20年,18,3,15,凱基-岡山,2024-06-27,9209
00927,群益半導體收益,15,0,15,凱基-岡山,2024-06-27,9209
6443,元晶,30,15,15,凱基-岡山,2024-06-27,9209
00933B,國泰10Y+金融債,13,0,13,凱基-岡山,2024-06-27,9209
2892,第一金,13,0,13,凱基-岡山,2024-06-27,9209
4909,新復興,15,2,13,凱基-岡山,2024-06-27,9209
2634,漢翔,14,1,13,凱基-岡山,2024-06-27,9209
1504,東元,12,0,12,凱基-岡山,2024-06-27,9209
2317,鴻海,14,3,11,凱基-岡山,2024-06-27,9209
4976,佳凌,11,0,11,凱基-岡山,2024-06-27,9209
8039,台虹,11,0,11,凱基-岡山,2024-06-27,9209
8110,華東,11,0,11,凱基-岡山,2024-06-27,9209
2481,強茂,10,0,10,凱基-岡山,2024-06-27,9209
1516,川飛,10,0,10,凱基-岡山,2024-06-27,9209
2354,鴻準,14,4,10,凱基-岡山,2024-06-27,9209
5347,世界,10,0,10,凱基-岡山,2024-06-27,9209
6615,慧智,10,0,10,凱基-岡山,2024-06-27,9209
1612,宏泰,9,0,9,凱基-岡山,2024-06-27,9209
00878,國泰永續高股息,10,1,9,凱基-岡山,2024-06-27,9209
2603,長榮,14,6,8,凱基-岡山,2024-06-27,9209
1611,中電,8,0,8,凱基-岡山,2024-06-27,9209
4938,和碩,7,0,7,凱基-岡山,2024-06-27,9209
2371,大同,11,4,7,凱基-岡山,2024-06-27,9209
2374,佳能,7,0,7,凱基-岡山,2024-06-27,9209
4707,磐亞,7,0,7,凱基-岡山,2024-06-27,9209
8064,東捷,19,12,7,凱基-岡山,2024-06-27,9209
6806,森崴能源,26,19,7,凱基-岡山,2024-06-27,9209
00712,復華富時不動產,7,0,7,凱基-岡山,2024-06-27,9209
2009,第一銅,6,0,6,凱基-岡山,2024-06-27,9209
2027,大成鋼,8,2,6,凱基-岡山,2024-06-27,9209
2609,陽明,12,6,6,凱基-岡山,2024-06-27,9209
3622,洋華,18,12,6,凱基-岡山,2024-06-27,9209
4123,晟德,6,0,6,凱基-岡山,2024-06-27,9209
5009,榮剛,6,0,6,凱基-岡山,2024-06-27,9209
9105,泰金寶-DR,10,4,6,凱基-岡山,2024-06-27,9209
2883,凱基金,215,8,207,凱基-岡山,2024-06-28,9209
00673R,期元大S＆P原油反1,73,0,73,凱基-岡山,2024-06-28,9209
2610,華航,68,0,68,凱基-岡山,2024-06-28,9209
2618,長榮航,125,78,47,凱基-岡山,2024-06-28,9209
00937B,群益ESG投等債20,45,1,44,凱基-岡山,2024-06-28,9209
00919,群益台灣精選高息,54,11,43,凱基-岡山,2024-06-28,9209
2402,毅嘉,30,0,30,凱基-岡山,2024-06-28,9209
00687B,國泰20年美債,22,0,22,凱基-岡山,2024-06-28,9209
2885,元大金,24,2,22,凱基-岡山,2024-06-28,9209
00712,復華富時不動產,21,0,21,凱基-岡山,2024-06-28,9209
00642U,期元大S＆P石油,20,0,20,凱基-岡山,2024-06-28,9209
3066,李洲,20,0,20,凱基-岡山,2024-06-28,9209
00929,復華台灣科技優息,28,8,20,凱基-岡山,2024-06-28,9209
00948B,中信優息投資級債,16,1,15,凱基-岡山,2024-06-28,9209
00688L,國泰20年美債正2,20,5,15,凱基-岡山,2024-06-28,9209
9958,世紀鋼,16,2,14,凱基-岡山,2024-06-28,9209
1785,光洋科,15,2,13,凱基-岡山,2024-06-28,9209
3576,聯合再生,24,11,13,凱基-岡山,2024-06-28,9209
1301,台塑,12,0,12,凱基-岡山,2024-06-28,9209
1540,喬福,11,0,11,凱基-岡山,2024-06-28,9209
2031,新光鋼,14,3,11,凱基-岡山,2024-06-28,9209
2363,矽統,12,1,11,凱基-岡山,2024-06-28,9209
3013,晟銘電,15,4,11,凱基-岡山,2024-06-28,9209
3481,群創,11,0,11,凱基-岡山,2024-06-28,9209
00679B,元大美債20年,13,3,10,凱基-岡山,2024-06-28,9209
00680L,元大美債20正2,10,0,10,凱基-岡山,2024-06-28,9209
00632R,元大台灣50反1,10,0,10,凱基-岡山,2024-06-28,9209
2537,聯上發,10,0,10,凱基-岡山,2024-06-28,9209
2601,益航,10,0,10,凱基-岡山,2024-06-28,9209
4402,郡都開發,10,0,10,凱基-岡山,2024-06-28,9209
5534,長虹,10,0,10,凱基-岡山,2024-06-28,9209
3062,建漢,16,7,9,凱基-岡山,2024-06-28,9209
3483,力致,9,0,9,凱基-岡山,2024-06-28,9209
2489,瑞軒,8,0,8,凱基-岡山,2024-06-28,9209
4707,磐亞,15,7,8,凱基-岡山,2024-06-28,9209
5243,乙盛-KY,12,4,8,凱基-岡山,2024-06-28,9209
5392,能率,8,0,8,凱基-岡山,2024-06-28,9209
6257,矽格,8,0,8,凱基-岡山,2024-06-28,9209
00936,台新永續高息中小,8,0,8,凱基-岡山,2024-06-28,9209
2303,聯電,9,3,6,凱基-岡山,2024-06-28,9209
8421,旭源,6,0,6,凱基-岡山,2024-06-28,9209
2006,東和鋼鐵,6,0,6,凱基-岡山,2024-06-28,9209
2301,光寶科,17,11,6,凱基-岡山,2024-06-28,9209
2324,仁寶,6,0,6,凱基-岡山,2024-06-28,9209
2458,義隆,6,0,6,凱基-岡山,2024-06-28,9209
2515,中工,6,0,6,凱基-岡山,2024-06-28,9209
2641,正德,6,0,6,凱基-岡山,2024-06-28,9209
4116,明基醫,6,0,6,凱基-岡山,2024-06-28,9209
4909,新復興,12,6,6,凱基-岡山,2024-06-28,9209
9904,寶成,8,2,6,凱基-岡山,2024-06-28,9209
5009,榮剛,63,0,63,凱基-岡山,2024-07-01,9209
00929,復華台灣科技優息,66,16,50,凱基-岡山,2024-07-01,9209
00687B,國泰20年美債,53,5,48,凱基-岡山,2024-07-01,9209
00679B,元大美債20年,38,3,35,凱基-岡山,2024-07-01,9209
1513,中興電,33,1,32,凱基-岡山,2024-07-01,9209
3712,永崴投控,30,0,30,凱基-岡山,2024-07-01,9209
00937B,群益ESG投等債20,35,10,25,凱基-岡山,2024-07-01,9209
2495,普安,33,8,25,凱基-岡山,2024-07-01,9209
0056,元大高股息,25,1,24,凱基-岡山,2024-07-01,9209
2104,國際中橡,20,0,20,凱基-岡山,2024-07-01,9209
912000,晨訊科-DR,20,0,20,凱基-岡山,2024-07-01,9209
1802,台玻,20,2,18,凱基-岡山,2024-07-01,9209
3450,聯鈞,40,22,18,凱基-岡山,2024-07-01,9209
8104,錸寶,18,0,18,凱基-岡山,2024-07-01,9209
00948B,中信優息投資級債,17,0,17,凱基-岡山,2024-07-01,9209
2882,國泰金,18,1,17,凱基-岡山,2024-07-01,9209
4707,磐亞,17,0,17,凱基-岡山,2024-07-01,9209
1303,南亞,16,0,16,凱基-岡山,2024-07-01,9209
5347,世界,63,47,16,凱基-岡山,2024-07-01,9209
1516,川飛,15,0,15,凱基-岡山,2024-07-01,9209
3083,網龍,13,0,13,凱基-岡山,2024-07-01,9209
00680L,元大美債20正2,12,0,12,凱基-岡山,2024-07-01,9209
1504,東元,12,0,12,凱基-岡山,2024-07-01,9209
3060,銘異,21,9,12,凱基-岡山,2024-07-01,9209
8033,雷虎,12,0,12,凱基-岡山,2024-07-01,9209
1414,東和,11,0,11,凱基-岡山,2024-07-01,9209
3481,群創,17,6,11,凱基-岡山,2024-07-01,9209
8040,九暘,11,0,11,凱基-岡山,2024-07-01,9209
00933B,國泰10Y+金融債,10,0,10,凱基-岡山,2024-07-01,9209
2023,燁輝,10,0,10,凱基-岡山,2024-07-01,9209
2313,華通,13,3,10,凱基-岡山,2024-07-01,9209
6282,康舒,10,0,10,凱基-岡山,2024-07-01,9209
6449,鈺邦,10,0,10,凱基-岡山,2024-07-01,9209
3622,洋華,10,0,10,凱基-岡山,2024-07-01,9209
00936,台新永續高息中小,11,1,10,凱基-岡山,2024-07-01,9209
2382,廣達,10,1,9,凱基-岡山,2024-07-01,9209
2353,宏��,12,3,9,凱基-岡山,2024-07-01,9209
6188,廣明,32,23,9,凱基-岡山,2024-07-01,9209
1609,大亞,29,20,9,凱基-岡山,2024-07-01,9209
2367,燿華,16,7,9,凱基-岡山,2024-07-01,9209
00919,群益台灣精選高息,71,63,8,凱基-岡山,2024-07-01,9209
00918,大華優利高填息30,10,2,8,凱基-岡山,2024-07-01,9209
2344,華邦電,15,7,8,凱基-岡山,2024-07-01,9209
6215,和椿,10,2,8,凱基-岡山,2024-07-01,9209
1101,台泥,9,2,7,凱基-岡山,2024-07-01,9209
1301,台塑,7,0,7,凱基-岡山,2024-07-01,9209
8110,華東,7,0,7,凱基-岡山,2024-07-01,9209
2002,中鋼,7,0,7,凱基-岡山,2024-07-01,9209
2352,佳世達,22,15,7,凱基-岡山,2024-07-01,9209
2888,新光金,32,25,7,凱基-岡山,2024-07-01,9209
9105,泰金寶-DR,376,50,326,凱基-岡山,2024-07-02,9209
00929,復華台灣科技優息,140,28,112,凱基-岡山,2024-07-02,9209
2101,南港,102,2,100,凱基-岡山,2024-07-02,9209
2303,聯電,96,10,86,凱基-岡山,2024-07-02,9209
00688L,國泰20年美債正2,75,0,75,凱基-岡山,2024-07-02,9209
2317,鴻海,73,5,68,凱基-岡山,2024-07-02,9209
00934,中信成長高股息,68,1,67,凱基-岡山,2024-07-02,9209
2610,華航,105,40,65,凱基-岡山,2024-07-02,9209
00936,台新永續高息中小,68,5,63,凱基-岡山,2024-07-02,9209
00673R,期元大S＆P原油反1,58,0,58,凱基-岡山,2024-07-02,9209
00687B,國泰20年美債,55,10,45,凱基-岡山,2024-07-02,9209
0056,元大高股息,46,4,42,凱基-岡山,2024-07-02,9209
00679B,元大美債20年,47,21,26,凱基-岡山,2024-07-02,9209
2887,台新金,23,0,23,凱基-岡山,2024-07-02,9209
2801,彰銀,22,0,22,凱基-岡山,2024-07-02,9209
2349,錸德,32,11,21,凱基-岡山,2024-07-02,9209
1802,台玻,20,0,20,凱基-岡山,2024-07-02,9209
2405,輔信,19,1,18,凱基-岡山,2024-07-02,9209
3030,德律,18,0,18,凱基-岡山,2024-07-02,9209
2489,瑞軒,18,1,17,凱基-岡山,2024-07-02,9209
00930,永豐ESG低碳高息,15,0,15,凱基-岡山,2024-07-02,9209
1609,大亞,15,0,15,凱基-岡山,2024-07-02,9209
2002,中鋼,15,0,15,凱基-岡山,2024-07-02,9209
2103,台橡,15,0,15,凱基-岡山,2024-07-02,9209
6835,圓裕,17,2,15,凱基-岡山,2024-07-02,9209
1301,台塑,14,0,14,凱基-岡山,2024-07-02,9209
1101,台泥,15,1,14,凱基-岡山,2024-07-02,9209
00939,統一台灣高息動能,12,0,12,凱基-岡山,2024-07-02,9209
3050,鈺德,12,0,12,凱基-岡山,2024-07-02,9209
2449,京元電子,14,2,12,凱基-岡山,2024-07-02,9209
3466,德晉,11,0,11,凱基-岡山,2024-07-02,9209
4562,穎漢,21,10,11,凱基-岡山,2024-07-02,9209
6901,鑽石投資,11,0,11,凱基-岡山,2024-07-02,9209
00921,兆豐龍頭等權重,10,0,10,凱基-岡山,2024-07-02,9209
00948B,中信優息投資級債,15,5,10,凱基-岡山,2024-07-02,9209
1513,中興電,10,0,10,凱基-岡山,2024-07-02,9209
2340,台亞,11,1,10,凱基-岡山,2024-07-02,9209
2892,第一金,10,0,10,凱基-岡山,2024-07-02,9209
3711,日月光投控,9,0,9,凱基-岡山,2024-07-02,9209
2891,中信金,21,12,9,凱基-岡山,2024-07-02,9209
6556,勝品,9,0,9,凱基-岡山,2024-07-02,9209
3702,大聯大,28,20,8,凱基-岡山,2024-07-02,9209
1516,川飛,8,0,8,凱基-岡山,2024-07-02,9209
2421,建準,8,0,8,凱基-岡山,2024-07-02,9209
6742,澤米,8,0,8,凱基-岡山,2024-07-02,9209
3481,群創,8,0,8,凱基-岡山,2024-07-02,9209
2406,國碩,77,69,8,凱基-岡山,2024-07-02,9209
6285,啟��,7,0,7,凱基-岡山,2024-07-02,9209
6176,瑞儀,7,0,7,凱基-岡山,2024-07-02,9209
00927,群益半導體收益,7,0,7,凱基-岡山,2024-07-02,9209
2888,新光金,114,15,99,凱基-岡山,2024-07-03,9209
3163,波若威,55,2,53,凱基-岡山,2024-07-03,9209
3024,憶聲,52,0,52,凱基-岡山,2024-07-03,9209
2329,華泰,50,0,50,凱基-岡山,2024-07-03,9209
6005,群益證,45,2,43,凱基-岡山,2024-07-03,9209
2887,台新金,50,15,35,凱基-岡山,2024-07-03,9209
00929,復華台灣科技優息,47,13,34,凱基-岡山,2024-07-03,9209
00946,群益科技高息成長,30,0,30,凱基-岡山,2024-07-03,9209
3481,群創,32,6,26,凱基-岡山,2024-07-03,9209
2506,太設,25,0,25,凱基-岡山,2024-07-03,9209
6443,元晶,34,11,23,凱基-岡山,2024-07-03,9209
00934,中信成長高股息,38,15,23,凱基-岡山,2024-07-03,9209
00940,元大台灣價值高息,64,41,23,凱基-岡山,2024-07-03,9209
00937B,群益ESG投等債20,21,0,21,凱基-岡山,2024-07-03,9209
00942B,台新美A公司債20+,20,0,20,凱基-岡山,2024-07-03,9209
2337,旺宏,22,2,20,凱基-岡山,2024-07-03,9209
00915,凱基優選高股息30,20,1,19,凱基-岡山,2024-07-03,9209
1609,大亞,19,1,18,凱基-岡山,2024-07-03,9209
00936,台新永續高息中小,22,5,17,凱基-岡山,2024-07-03,9209
00679B,元大美債20年,20,4,16,凱基-岡山,2024-07-03,9209
6139,亞翔,21,5,16,凱基-岡山,2024-07-03,9209
2317,鴻海,20,4,16,凱基-岡山,2024-07-03,9209
00933B,國泰10Y+金融債,15,0,15,凱基-岡山,2024-07-03,9209
1504,東元,14,0,14,凱基-岡山,2024-07-03,9209
1527,鑽全,13,0,13,凱基-岡山,2024-07-03,9209
1612,宏泰,13,0,13,凱基-岡山,2024-07-03,9209
3027,盛達,13,0,13,凱基-岡山,2024-07-03,9209
6457,紘康,13,0,13,凱基-岡山,2024-07-03,9209
8093,保銳,13,0,13,凱基-岡山,2024-07-03,9209
2834,臺企銀,20,7,13,凱基-岡山,2024-07-03,9209
2889,國票金,12,0,12,凱基-岡山,2024-07-03,9209
4306,炎洲,12,0,12,凱基-岡山,2024-07-03,9209
6197,佳必琪,13,1,12,凱基-岡山,2024-07-03,9209
1326,台化,11,0,11,凱基-岡山,2024-07-03,9209
3673,TPK-KY,13,2,11,凱基-岡山,2024-07-03,9209
6438,迅得,10,0,10,凱基-岡山,2024-07-03,9209
00632R,元大台灣50反1,10,0,10,凱基-岡山,2024-07-03,9209
1316,上曜,10,0,10,凱基-岡山,2024-07-03,9209
3447,展達,13,3,10,凱基-岡山,2024-07-03,9209
5498,凱崴,25,15,10,凱基-岡山,2024-07-03,9209
6163,華電網,10,0,10,凱基-岡山,2024-07-03,9209
6742,澤米,10,0,10,凱基-岡山,2024-07-03,9209
3312,弘憶股,54,45,9,凱基-岡山,2024-07-03,9209
3321,同泰,9,0,9,凱基-岡山,2024-07-03,9209
5484,慧友,9,0,9,凱基-岡山,2024-07-03,9209
2478,大毅,8,0,8,凱基-岡山,2024-07-03,9209
2489,瑞軒,11,3,8,凱基-岡山,2024-07-03,9209
3703,欣陸,8,0,8,凱基-岡山,2024-07-03,9209
4109,加捷生醫,10,2,8,凱基-岡山,2024-07-03,9209
6244,茂迪,15,7,8,凱基-岡山,2024-07-03,9209
00632R,元大台灣50反1,158,0,158,凱基-岡山,2024-07-04,9209
2329,華泰,53,0,53,凱基-岡山,2024-07-04,9209
00679B,元大美債20年,48,0,48,凱基-岡山,2024-07-04,9209
00680L,元大美債20正2,51,4,47,凱基-岡山,2024-07-04,9209
1815,富喬,42,2,40,凱基-岡山,2024-07-04,9209
2495,普安,52,20,32,凱基-岡山,2024-07-04,9209
00948B,中信優息投資級債,30,0,30,凱基-岡山,2024-07-04,9209
3024,憶聲,26,0,26,凱基-岡山,2024-07-04,9209
2412,中華電,27,1,26,凱基-岡山,2024-07-04,9209
00673R,期元大S＆P原油反1,25,0,25,凱基-岡山,2024-07-04,9209
1101,台泥,30,5,25,凱基-岡山,2024-07-04,9209
2449,京元電子,28,3,25,凱基-岡山,2024-07-04,9209
8093,保銳,20,0,20,凱基-岡山,2024-07-04,9209
2883,凱基金,332,314,18,凱基-岡山,2024-07-04,9209
2887,台新金,20,3,17,凱基-岡山,2024-07-04,9209
2349,錸德,22,5,17,凱基-岡山,2024-07-04,9209
2406,國碩,16,0,16,凱基-岡山,2024-07-04,9209
2618,長榮航,42,26,16,凱基-岡山,2024-07-04,9209
3047,訊舟,51,36,15,凱基-岡山,2024-07-04,9209
5498,凱崴,70,55,15,凱基-岡山,2024-07-04,9209
6005,群益證,15,0,15,凱基-岡山,2024-07-04,9209
4906,正文,15,1,14,凱基-岡山,2024-07-04,9209
3312,弘憶股,21,8,13,凱基-岡山,2024-07-04,9209
00830,國泰費城半導體,13,1,12,凱基-岡山,2024-07-04,9209
2344,華邦電,14,2,12,凱基-岡山,2024-07-04,9209
2417,圓剛,21,9,12,凱基-岡山,2024-07-04,9209
4109,加捷生醫,13,1,12,凱基-岡山,2024-07-04,9209
1409,新纖,13,2,11,凱基-岡山,2024-07-04,9209
1608,華榮,12,1,11,凱基-岡山,2024-07-04,9209
3622,洋華,11,0,11,凱基-岡山,2024-07-04,9209
2609,陽明,15,4,11,凱基-岡山,2024-07-04,9209
00878,國泰永續高股息,18,7,11,凱基-岡山,2024-07-04,9209
3357,臺慶科,10,0,10,凱基-岡山,2024-07-04,9209
2514,龍邦,10,0,10,凱基-岡山,2024-07-04,9209
00902,中信電池及儲能,10,0,10,凱基-岡山,2024-07-04,9209
00915,凱基優選高股息30,9,0,9,凱基-岡山,2024-07-04,9209
2440,太空梭,10,1,9,凱基-岡山,2024-07-04,9209
2845,遠東銀,10,1,9,凱基-岡山,2024-07-04,9209
3652,精聯,9,0,9,凱基-岡山,2024-07-04,9209
6139,亞翔,12,3,9,凱基-岡山,2024-07-04,9209
3060,銘異,11,3,8,凱基-岡山,2024-07-04,9209
5468,凱鈺,8,0,8,凱基-岡山,2024-07-04,9209
00712,復華富時不動產,8,0,8,凱基-岡山,2024-07-04,9209
2489,瑞軒,7,0,7,凱基-岡山,2024-07-04,9209
3062,建漢,24,17,7,凱基-岡山,2024-07-04,9209
6127,九豪,8,1,7,凱基-岡山,2024-07-04,9209
6244,茂迪,17,10,7,凱基-岡山,2024-07-04,9209
8096,擎亞,7,0,7,凱基-岡山,2024-07-04,9209
2881,富邦金,10,3,7,凱基-岡山,2024-07-04,9209
2408,南亞科,12,5,7,凱基-岡山,2024-07-04,9209
00940,元大台灣價值高息,101,7,94,凱基-岡山,2024-07-05,9209
2365,昆盈,73,25,48,凱基-岡山,2024-07-05,9209
00934,中信成長高股息,40,0,40,凱基-岡山,2024-07-05,9209
2610,華航,36,0,36,凱基-岡山,2024-07-05,9209
00673R,期元大S＆P原油反1,29,0,29,凱基-岡山,2024-07-05,9209
2344,華邦電,27,5,22,凱基-岡山,2024-07-05,9209
2427,三商電,28,6,22,凱基-岡山,2024-07-05,9209
3321,同泰,20,0,20,凱基-岡山,2024-07-05,9209
2603,長榮,22,3,19,凱基-岡山,2024-07-05,9209
00679B,元大美債20年,16,0,16,凱基-岡山,2024-07-05,9209
3481,群創,31,16,15,凱基-岡山,2024-07-05,9209
6770,力積電,20,5,15,凱基-岡山,2024-07-05,9209
8099,大世科,15,0,15,凱基-岡山,2024-07-05,9209
00948B,中信優息投資級債,13,0,13,凱基-岡山,2024-07-05,9209
2609,陽明,16,3,13,凱基-岡山,2024-07-05,9209
6234,高僑,14,2,12,凱基-岡山,2024-07-05,9209
2883,凱基金,17,5,12,凱基-岡山,2024-07-05,9209
2371,大同,11,0,11,凱基-岡山,2024-07-05,9209
2323,中環,20,9,11,凱基-岡山,2024-07-05,9209
3049,精金,12,1,11,凱基-岡山,2024-07-05,9209
6742,澤米,11,0,11,凱基-岡山,2024-07-05,9209
00933B,國泰10Y+金融債,10,0,10,凱基-岡山,2024-07-05,9209
00706L,期元大S＆P日圓正2,10,0,10,凱基-岡山,2024-07-05,9209
1463,強盛新,10,0,10,凱基-岡山,2024-07-05,9209
2104,國際中橡,10,0,10,凱基-岡山,2024-07-05,9209
6269,台郡,10,0,10,凱基-岡山,2024-07-05,9209
3447,展達,9,0,9,凱基-岡山,2024-07-05,9209
4961,天鈺,9,0,9,凱基-岡山,2024-07-05,9209
5309,系統電,10,1,9,凱基-岡山,2024-07-05,9209
1609,大亞,18,10,8,凱基-岡山,2024-07-05,9209
1809,中釉,9,1,8,凱基-岡山,2024-07-05,9209
2408,南亞科,11,3,8,凱基-岡山,2024-07-05,9209
2601,益航,10,2,8,凱基-岡山,2024-07-05,9209
4562,穎漢,9,1,8,凱基-岡山,2024-07-05,9209
6215,和椿,15,7,8,凱基-岡山,2024-07-05,9209
0056,元大高股息,7,0,7,凱基-岡山,2024-07-05,9209
2301,光寶科,9,2,7,凱基-岡山,2024-07-05,9209
2889,國票金,7,0,7,凱基-岡山,2024-07-05,9209
6005,群益證,7,0,7,凱基-岡山,2024-07-05,9209
6120,達運,7,0,7,凱基-岡山,2024-07-05,9209
8358,金居,7,0,7,凱基-岡山,2024-07-05,9209
2328,廣宇,15,8,7,凱基-岡山,2024-07-05,9209
2413,環科,6,0,6,凱基-岡山,2024-07-05,9209
4114,健喬,6,0,6,凱基-岡山,2024-07-05,9209
6477,安集,15,9,6,凱基-岡山,2024-07-05,9209
5347,世界,28,22,6,凱基-岡山,2024-07-05,9209
6189,豐藝,7,2,5,凱基-岡山,2024-07-05,9209
2317,鴻海,11,6,5,凱基-岡山,2024-07-05,9209
5484,慧友,5,0,5,凱基-岡山,2024-07-05,9209
3005,神基,6,1,5,凱基-岡山,2024-07-05,9209
1312,國喬,137,0,137,凱基-岡山,2024-07-08,9209
00632R,元大台灣50反1,75,0,75,凱基-岡山,2024-07-08,9209
00680L,元大美債20正2,75,1,74,凱基-岡山,2024-07-08,9209
5202,力新,66,0,66,凱基-岡山,2024-07-08,9209
1101,台泥,50,1,49,凱基-岡山,2024-07-08,9209
00882,中信中國高股息,45,0,45,凱基-岡山,2024-07-08,9209
2610,華航,56,20,36,凱基-岡山,2024-07-08,9209
1447,力鵬,35,0,35,凱基-岡山,2024-07-08,9209
00934,中信成長高股息,35,2,33,凱基-岡山,2024-07-08,9209
00937B,群益ESG投等債20,33,0,33,凱基-岡山,2024-07-08,9209
00676R,富邦臺灣加權反1,30,0,30,凱基-岡山,2024-07-08,9209
1310,台苯,33,3,30,凱基-岡山,2024-07-08,9209
2609,陽明,46,19,27,凱基-岡山,2024-07-08,9209
2495,普安,43,17,26,凱基-岡山,2024-07-08,9209
2025,千興,25,1,24,凱基-岡山,2024-07-08,9209
6742,澤米,23,0,23,凱基-岡山,2024-07-08,9209
00929,復華台灣科技優息,27,6,21,凱基-岡山,2024-07-08,9209
1815,富喬,23,3,20,凱基-岡山,2024-07-08,9209
3321,同泰,20,0,20,凱基-岡山,2024-07-08,9209
5498,凱崴,40,20,20,凱基-岡山,2024-07-08,9209
6153,嘉聯益,35,16,19,凱基-岡山,2024-07-08,9209
3481,群創,35,18,17,凱基-岡山,2024-07-08,9209
2605,新興,16,0,16,凱基-岡山,2024-07-08,9209
3615,安可,18,2,16,凱基-岡山,2024-07-08,9209
2344,華邦電,16,1,15,凱基-岡山,2024-07-08,9209
8071,能率網通,22,7,15,凱基-岡山,2024-07-08,9209
2329,華泰,13,0,13,凱基-岡山,2024-07-08,9209
6269,台郡,13,0,13,凱基-岡山,2024-07-08,9209
6187,萬潤,16,4,12,凱基-岡山,2024-07-08,9209
3576,聯合再生,14,2,12,凱基-岡山,2024-07-08,9209
4109,加捷生醫,28,16,12,凱基-岡山,2024-07-08,9209
8936,國統,12,0,12,凱基-岡山,2024-07-08,9209
6234,高僑,12,1,11,凱基-岡山,2024-07-08,9209
6668,中揚光,13,2,11,凱基-岡山,2024-07-08,9209
2493,揚博,10,0,10,凱基-岡山,2024-07-08,9209
3049,精金,11,1,10,凱基-岡山,2024-07-08,9209
4526,東台,10,0,10,凱基-岡山,2024-07-08,9209
9958,世紀鋼,10,0,10,凱基-岡山,2024-07-08,9209
2353,宏��,13,3,10,凱基-岡山,2024-07-08,9209
2009,第一銅,10,1,9,凱基-岡山,2024-07-08,9209
2603,長榮,10,2,8,凱基-岡山,2024-07-08,9209
6147,頎邦,8,0,8,凱基-岡山,2024-07-08,9209
6264,富裔,8,0,8,凱基-岡山,2024-07-08,9209
6692,進能服,8,0,8,凱基-岡山,2024-07-08,9209
6706,惠特,11,3,8,凱基-岡山,2024-07-08,9209
6874,倍力,8,0,8,凱基-岡山,2024-07-08,9209
2330,台積電,21,14,7,凱基-岡山,2024-07-08,9209
1608,華榮,7,0,7,凱基-岡山,2024-07-08,9209
3149,正達,7,0,7,凱基-岡山,2024-07-08,9209
3580,友威科,8,1,7,凱基-岡山,2024-07-08,9209
00929,復華台灣科技優息,237,26,211,凱基-岡山,2024-07-09,9209
2367,燿華,233,37,196,凱基-岡山,2024-07-09,9209
2618,長榮航,132,22,110,凱基-岡山,2024-07-09,9209
2337,旺宏,101,0,101,凱基-岡山,2024-07-09,9209
9105,泰金寶-DR,91,11,80,凱基-岡山,2024-07-09,9209
2610,華航,74,4,70,凱基-岡山,2024-07-09,9209
2303,聯電,114,63,51,凱基-岡山,2024-07-09,9209
00680L,元大美債20正2,48,6,42,凱基-岡山,2024-07-09,9209
4167,松瑞藥,40,0,40,凱基-岡山,2024-07-09,9209
4967,十銓,45,5,40,凱基-岡山,2024-07-09,9209
2889,國票金,30,0,30,凱基-岡山,2024-07-09,9209
2312,金寶,63,34,29,凱基-岡山,2024-07-09,9209
1101,台泥,28,0,28,凱基-岡山,2024-07-09,9209
6603,富強鑫,31,3,28,凱基-岡山,2024-07-09,9209
00934,中信成長高股息,28,3,25,凱基-岡山,2024-07-09,9209
1528,恩德,24,0,24,凱基-岡山,2024-07-09,9209
2606,裕民,24,0,24,凱基-岡山,2024-07-09,9209
2609,陽明,34,12,22,凱基-岡山,2024-07-09,9209
2301,光寶科,31,10,21,凱基-岡山,2024-07-09,9209
2838,聯邦銀,20,0,20,凱基-岡山,2024-07-09,9209
6265,方土昶,20,0,20,凱基-岡山,2024-07-09,9209
3033,威健,24,6,18,凱基-岡山,2024-07-09,9209
2929,淘帝-KY,17,0,17,凱基-岡山,2024-07-09,9209
4960,誠美材,23,6,17,凱基-岡山,2024-07-09,9209
6153,嘉聯益,21,4,17,凱基-岡山,2024-07-09,9209
00919,群益台灣精選高息,25,10,15,凱基-岡山,2024-07-09,9209
4109,加捷生醫,17,2,15,凱基-岡山,2024-07-09,9209
2457,飛宏,16,2,14,凱基-岡山,2024-07-09,9209
5426,振發,13,0,13,凱基-岡山,2024-07-09,9209
00670L,富邦NASDAQ正2,12,0,12,凱基-岡山,2024-07-09,9209
1516,川飛,12,0,12,凱基-岡山,2024-07-09,9209
3060,銘異,18,6,12,凱基-岡山,2024-07-09,9209
4545,銘鈺,12,0,12,凱基-岡山,2024-07-09,9209
3163,波若威,30,19,11,凱基-岡山,2024-07-09,9209
3673,TPK-KY,36,25,11,凱基-岡山,2024-07-09,9209
4510,高鋒,11,0,11,凱基-岡山,2024-07-09,9209
5452,佶優,11,0,11,凱基-岡山,2024-07-09,9209
6120,達運,12,1,11,凱基-岡山,2024-07-09,9209
9902,台火,12,1,11,凱基-岡山,2024-07-09,9209
2601,益航,10,0,10,凱基-岡山,2024-07-09,9209
2905,三商,10,0,10,凱基-岡山,2024-07-09,9209
4526,東台,10,0,10,凱基-岡山,2024-07-09,9209
911868,同方友友-DR,10,0,10,凱基-岡山,2024-07-09,9209
2317,鴻海,29,20,9,凱基-岡山,2024-07-09,9209
3231,緯創,17,7,10,凱基-岡山,2024-07-09,9209
2025,千興,10,1,9,凱基-岡山,2024-07-09,9209
2313,華通,11,2,9,凱基-岡山,2024-07-09,9209
6005,群益證,9,0,9,凱基-岡山,2024-07-09,9209
8111,立��,13,4,9,凱基-岡山,2024-07-09,9209
3663,鑫科,8,0,8,凱基-岡山,2024-07-09,9209
2337,旺宏,101,0,101,凱基-岡山,2024-07-10,9209
3290,東浦,70,0,70,凱基-岡山,2024-07-10,9209
00929,復華台灣科技優息,43,3,40,凱基-岡山,2024-07-10,9209
00687B,國泰20年美債,45,10,35,凱基-岡山,2024-07-10,9209
00937B,群益ESG投等債20,33,1,32,凱基-岡山,2024-07-10,9209
2892,第一金,30,0,30,凱基-岡山,2024-07-10,9209
2888,新光金,64,38,26,凱基-岡山,2024-07-10,9209
2353,宏��,33,8,25,凱基-岡山,2024-07-10,9209
00934,中信成長高股息,27,7,20,凱基-岡山,2024-07-10,9209
2601,益航,20,0,20,凱基-岡山,2024-07-10,9209
2312,金寶,42,25,17,凱基-岡山,2024-07-10,9209
2025,千興,15,0,15,凱基-岡山,2024-07-10,9209
8163,達方,14,0,14,凱基-岡山,2024-07-10,9209
00725B,國泰投資級公司債,13,0,13,凱基-岡山,2024-07-10,9209
6835,圓裕,13,0,13,凱基-岡山,2024-07-10,9209
2606,裕民,13,0,13,凱基-岡山,2024-07-10,9209
3047,訊舟,32,20,12,凱基-岡山,2024-07-10,9209
8105,凌巨,18,6,12,凱基-岡山,2024-07-10,9209
2611,志信,13,1,12,凱基-岡山,2024-07-10,9209
2603,長榮,12,1,11,凱基-岡山,2024-07-10,9209
2880,華南金,11,0,11,凱基-岡山,2024-07-10,9209
6142,友勁,11,0,11,凱基-岡山,2024-07-10,9209
00936,台新永續高息中小,10,0,10,凱基-岡山,2024-07-10,9209
2905,三商,10,0,10,凱基-岡山,2024-07-10,9209
3036A,文曄甲特,10,0,10,凱基-岡山,2024-07-10,9209
3567,逸昌,10,0,10,凱基-岡山,2024-07-10,9209
4526,東台,10,0,10,凱基-岡山,2024-07-10,9209
5443,均豪,15,5,10,凱基-岡山,2024-07-10,9209
6152,百一,10,0,10,凱基-岡山,2024-07-10,9209
6532,瑞耘,12,2,10,凱基-岡山,2024-07-10,9209
2382,廣達,11,2,9,凱基-岡山,2024-07-10,9209
2002,中鋼,10,1,9,凱基-岡山,2024-07-10,9209
1608,華榮,10,1,9,凱基-岡山,2024-07-10,9209
2867,三商壽,24,15,9,凱基-岡山,2024-07-10,9209
3537,堡達,22,13,9,凱基-岡山,2024-07-10,9209
3673,TPK-KY,10,1,9,凱基-岡山,2024-07-10,9209
3689,湧德,15,6,9,凱基-岡山,2024-07-10,9209
1618,合機,15,7,8,凱基-岡山,2024-07-10,9209
1730,花仙子,8,0,8,凱基-岡山,2024-07-10,9209
2405,輔信,14,6,8,凱基-岡山,2024-07-10,9209
2408,南亞科,9,1,8,凱基-岡山,2024-07-10,9209
2301,光寶科,14,6,8,凱基-岡山,2024-07-10,9209
5508,永信建,8,1,7,凱基-岡山,2024-07-10,9209
2367,燿華,24,17,7,凱基-岡山,2024-07-10,9209
00946,群益科技高息成長,7,0,7,凱基-岡山,2024-07-10,9209
2317,鴻海,13,7,6,凱基-岡山,2024-07-10,9209
3162,精確,6,0,6,凱基-岡山,2024-07-10,9209
3706,神達,7,1,6,凱基-岡山,2024-07-10,9209
9105,泰金寶-DR,68,62,6,凱基-岡山,2024-07-10,9209
2354,鴻準,8,3,5,凱基-岡山,2024-07-10,9209
00934,中信成長高股息,298,5,293,凱基-岡山,2024-07-11,9209
2618,長榮航,108,2,106,凱基-岡山,2024-07-11,9209
2489,瑞軒,111,19,92,凱基-岡山,2024-07-11,9209
00940,元大台灣價值高息,56,0,56,凱基-岡山,2024-07-11,9209
00676R,富邦臺灣加權反1,55,1,54,凱基-岡山,2024-07-11,9209
2367,燿華,213,160,53,凱基-岡山,2024-07-11,9209
2606,裕民,52,0,52,凱基-岡山,2024-07-11,9209
3607,谷崧,58,8,50,凱基-岡山,2024-07-11,9209
1513,中興電,47,4,43,凱基-岡山,2024-07-11,9209
9906,欣巴巴,33,0,33,凱基-岡山,2024-07-11,9209
3024,憶聲,34,2,32,凱基-岡山,2024-07-11,9209
6603,富強鑫,31,0,31,凱基-岡山,2024-07-11,9209
00688L,國泰20年美債正2,30,0,30,凱基-岡山,2024-07-11,9209
3290,東浦,30,0,30,凱基-岡山,2024-07-11,9209
5225,東科-KY,30,1,29,凱基-岡山,2024-07-11,9209
1504,東元,27,1,26,凱基-岡山,2024-07-11,9209
1609,大亞,25,2,23,凱基-岡山,2024-07-11,9209
2243,宏旭-KY,23,1,22,凱基-岡山,2024-07-11,9209
00680L,元大美債20正2,22,0,22,凱基-岡山,2024-07-11,9209
1305,華夏,20,0,20,凱基-岡山,2024-07-11,9209
1309,台達化,20,0,20,凱基-岡山,2024-07-11,9209
3447,展達,20,0,20,凱基-岡山,2024-07-11,9209
5608,四維航,20,0,20,凱基-岡山,2024-07-11,9209
2867,三商壽,30,12,18,凱基-岡山,2024-07-11,9209
4956,光鋐,27,9,18,凱基-岡山,2024-07-11,9209
00679B,元大美債20年,24,6,18,凱基-岡山,2024-07-11,9209
00878,國泰永續高股息,24,8,16,凱基-岡山,2024-07-11,9209
2002,中鋼,19,2,17,凱基-岡山,2024-07-11,9209
6187,萬潤,17,1,16,凱基-岡山,2024-07-11,9209
2392,正崴,41,26,15,凱基-岡山,2024-07-11,9209
5880,合庫金,50,35,15,凱基-岡山,2024-07-11,9209
6189,豐藝,16,1,15,凱基-岡山,2024-07-11,9209
5452,佶優,16,2,14,凱基-岡山,2024-07-11,9209
2610,華航,70,56,14,凱基-岡山,2024-07-11,9209
4419,皇家美食,14,0,14,凱基-岡山,2024-07-11,9209
00936,台新永續高息中小,13,0,13,凱基-岡山,2024-07-11,9209
3576,聯合再生,17,4,13,凱基-岡山,2024-07-11,9209
2408,南亞科,16,4,12,凱基-岡山,2024-07-11,9209
2413,環科,12,0,12,凱基-岡山,2024-07-11,9209
4123,晟德,12,0,12,凱基-岡山,2024-07-11,9209
8040,九暘,11,0,11,凱基-岡山,2024-07-11,9209
1101,台泥,11,1,10,凱基-岡山,2024-07-11,9209
6742,澤米,10,0,10,凱基-岡山,2024-07-11,9209
9907,統一實,10,0,10,凱基-岡山,2024-07-11,9209
2611,志信,12,2,10,凱基-岡山,2024-07-11,9209
2464,盟立,14,5,9,凱基-岡山,2024-07-11,9209
3363,上詮,15,6,9,凱基-岡山,2024-07-11,9209
4995,晶達,9,0,9,凱基-岡山,2024-07-11,9209
6235,華孚,10,1,9,凱基-岡山,2024-07-11,9209
8028,昇陽半導體,17,8,9,凱基-岡山,2024-07-11,9209
00641R,富邦日本反1,300,0,300,凱基-岡山,2024-07-12,9209
00934,中信成長高股息,219,0,219,凱基-岡山,2024-07-12,9209
2606,裕民,70,0,70,凱基-岡山,2024-07-12,9209
0056,元大高股息,66,3,63,凱基-岡山,2024-07-12,9209
2353,宏��,76,16,60,凱基-岡山,2024-07-12,9209
2317,鴻海,85,29,56,凱基-岡山,2024-07-12,9209
2312,金寶,535,504,31,凱基-岡山,2024-07-12,9209
00945B,凱基美國非投等債,30,0,30,凱基-岡山,2024-07-12,9209
2610,華航,29,1,28,凱基-岡山,2024-07-12,9209
2406,國碩,27,1,26,凱基-岡山,2024-07-12,9209
00753L,中信中國50正2,24,0,24,凱基-岡山,2024-07-12,9209
8071,能率網通,24,1,23,凱基-岡山,2024-07-12,9209
00939,統一台灣高息動能,22,0,22,凱基-岡山,2024-07-12,9209
2882,國泰金,24,3,21,凱基-岡山,2024-07-12,9209
9105,泰金寶-DR,39,18,21,凱基-岡山,2024-07-12,9209
00725B,國泰投資級公司債,20,0,20,凱基-岡山,2024-07-12,9209
6126,信音,23,4,19,凱基-岡山,2024-07-12,9209
3346,麗清,19,1,18,凱基-岡山,2024-07-12,9209
00878,國泰永續高股息,17,0,17,凱基-岡山,2024-07-12,9209
2609,陽明,17,0,17,凱基-岡山,2024-07-12,9209
1569,濱川,16,1,15,凱基-岡山,2024-07-12,9209
2915,潤泰全,15,0,15,凱基-岡山,2024-07-12,9209
2330,台積電,21,7,14,凱基-岡山,2024-07-12,9209
2401,凌陽,22,8,14,凱基-岡山,2024-07-12,9209
2303,聯電,19,5,14,凱基-岡山,2024-07-12,9209
00935,野村臺灣新科技50,13,0,13,凱基-岡山,2024-07-12,9209
4566,時碩工業,15,2,13,凱基-岡山,2024-07-12,9209
1514,亞力,16,3,13,凱基-岡山,2024-07-12,9209
6548,長科*,12,0,12,凱基-岡山,2024-07-12,9209
1582,信錦,12,0,12,凱基-岡山,2024-07-12,9209
3372,典範,11,0,11,凱基-岡山,2024-07-12,9209
006208,富邦台50,11,1,10,凱基-岡山,2024-07-12,9209
2889,國票金,10,0,10,凱基-岡山,2024-07-12,9209
00893,國泰智能電動車,10,0,10,凱基-岡山,2024-07-12,9209
1711,永光,11,1,10,凱基-岡山,2024-07-12,9209
2354,鴻準,12,2,10,凱基-岡山,2024-07-12,9209
2417,圓剛,10,0,10,凱基-岡山,2024-07-12,9209
3019,亞光,15,5,10,凱基-岡山,2024-07-12,9209
5211,蒙恬,10,0,10,凱基-岡山,2024-07-12,9209
00937B,群益ESG投等債20,15,6,9,凱基-岡山,2024-07-12,9209
1789,神隆,10,1,9,凱基-岡山,2024-07-12,9209
2460,建通,9,0,9,凱基-岡山,2024-07-12,9209
3711,日月光投控,10,2,8,凱基-岡山,2024-07-12,9209
2363,矽統,8,0,8,凱基-岡山,2024-07-12,9209
00905,FT臺灣Smart,8,0,8,凱基-岡山,2024-07-12,9209
00918,大華優利高填息30,8,1,7,凱基-岡山,2024-07-12,9209
3622,洋華,14,7,7,凱基-岡山,2024-07-12,9209
5426,振發,9,2,7,凱基-岡山,2024-07-12,9209
8021,尖點,7,0,7,凱基-岡山,2024-07-12,9209
2313,華通,7,1,6,凱基-岡山,2024-07-12,9209
2903,遠百,101,0,101,凱基-岡山,2024-07-15,9209
9105,泰金寶-DR,105,6,99,凱基-岡山,2024-07-15,9209
00641R,富邦日本反1,280,200,80,凱基-岡山,2024-07-15,9209
00712,復華富時不動產,64,0,64,凱基-岡山,2024-07-15,9209
00632R,元大台灣50反1,70,10,60,凱基-岡山,2024-07-15,9209
00687B,國泰20年美債,55,2,53,凱基-岡山,2024-07-15,9209
2891,中信金,47,3,44,凱基-岡山,2024-07-15,9209
2352,佳世達,70,31,39,凱基-岡山,2024-07-15,9209
00934,中信成長高股息,36,1,35,凱基-岡山,2024-07-15,9209
00929,復華台灣科技優息,45,14,31,凱基-岡山,2024-07-15,9209
00940,元大台灣價值高息,47,17,30,凱基-岡山,2024-07-15,9209
2312,金寶,157,127,30,凱基-岡山,2024-07-15,9209
3437,榮創,31,1,30,凱基-岡山,2024-07-15,9209
8163,達方,30,0,30,凱基-岡山,2024-07-15,9209
2356,英業達,59,30,29,凱基-岡山,2024-07-15,9209
00936,台新永續高息中小,32,5,27,凱基-岡山,2024-07-15,9209
2606,裕民,26,0,26,凱基-岡山,2024-07-15,9209
2610,華航,26,0,26,凱基-岡山,2024-07-15,9209
2883,凱基金,36,11,25,凱基-岡山,2024-07-15,9209
2834,臺企銀,25,0,25,凱基-岡山,2024-07-15,9209
3481,群創,32,7,25,凱基-岡山,2024-07-15,9209
5498,凱崴,22,0,22,凱基-岡山,2024-07-15,9209
2618,長榮航,22,1,21,凱基-岡山,2024-07-15,9209
00664R,國泰臺灣加權反1,20,0,20,凱基-岡山,2024-07-15,9209
3189,景碩,23,3,20,凱基-岡山,2024-07-15,9209
00720B,元大投資級公司債,20,0,20,凱基-岡山,2024-07-15,9209
1304,台聚,20,5,15,凱基-岡山,2024-07-15,9209
2867,三商壽,16,1,15,凱基-岡山,2024-07-15,9209
4113,聯上,15,0,15,凱基-岡山,2024-07-15,9209
00933B,國泰10Y+金融債,14,0,14,凱基-岡山,2024-07-15,9209
1721,三晃,14,1,13,凱基-岡山,2024-07-15,9209
9945,潤泰新,15,3,12,凱基-岡山,2024-07-15,9209
00757,統一FANG+,12,0,12,凱基-岡山,2024-07-15,9209
00753L,中信中國50正2,11,0,11,凱基-岡山,2024-07-15,9209
00881,國泰台灣5G+,11,0,11,凱基-岡山,2024-07-15,9209
00905,FT臺灣Smart,11,0,11,凱基-岡山,2024-07-15,9209
2332,友訊,14,3,11,凱基-岡山,2024-07-15,9209
2460,建通,11,0,11,凱基-岡山,2024-07-15,9209
3607,谷崧,11,0,11,凱基-岡山,2024-07-15,9209
00937B,群益ESG投等債20,13,2,11,凱基-岡山,2024-07-15,9209
2314,台揚,10,0,10,凱基-岡山,2024-07-15,9209
2363,矽統,10,0,10,凱基-岡山,2024-07-15,9209
5471,松翰,10,0,10,凱基-岡山,2024-07-15,9209
8064,東捷,11,1,10,凱基-岡山,2024-07-15,9209
4707,磐亞,9,0,9,凱基-岡山,2024-07-15,9209
6835,圓裕,9,0,9,凱基-岡山,2024-07-15,9209
00919,群益台灣精選高息,23,14,9,凱基-岡山,2024-07-15,9209
5452,佶優,8,0,8,凱基-岡山,2024-07-15,9209
2609,陽明,10,2,8,凱基-岡山,2024-07-15,9209
8936,國統,31,23,8,凱基-岡山,2024-07-15,9209
00937B,群益ESG投等債20,153,0,153,凱基-岡山,2024-07-16,9209
00720B,元大投資級公司債,57,3,54,凱基-岡山,2024-07-16,9209
00929,復華台灣科技優息,64,13,51,凱基-岡山,2024-07-16,9209
00905,FT臺灣Smart,43,1,42,凱基-岡山,2024-07-16,9209
1513,中興電,44,3,41,凱基-岡山,2024-07-16,9209
1336,台翰,37,0,37,凱基-岡山,2024-07-16,9209
00688L,國泰20年美債正2,30,0,30,凱基-岡山,2024-07-16,9209
1815,富喬,69,43,26,凱基-岡山,2024-07-16,9209
5347,世界,26,0,26,凱基-岡山,2024-07-16,9209
00919,群益台灣精選高息,57,35,22,凱基-岡山,2024-07-16,9209
2025,千興,22,0,22,凱基-岡山,2024-07-16,9209
00934,中信成長高股息,34,12,22,凱基-岡山,2024-07-16,9209
2312,金寶,42,21,21,凱基-岡山,2024-07-16,9209
2891,中信金,21,0,21,凱基-岡山,2024-07-16,9209
1616,億泰,20,0,20,凱基-岡山,2024-07-16,9209
2367,燿華,21,1,20,凱基-岡山,2024-07-16,9209
2303,聯電,43,27,16,凱基-岡山,2024-07-16,9209
2356,英業達,26,10,16,凱基-岡山,2024-07-16,9209
9904,寶成,30,15,15,凱基-岡山,2024-07-16,9209
0056,元大高股息,27,12,15,凱基-岡山,2024-07-16,9209
2615,萬海,17,2,15,凱基-岡山,2024-07-16,9209
4526,東台,14,0,14,凱基-岡山,2024-07-16,9209
2409,友達,13,0,13,凱基-岡山,2024-07-16,9209
00936,台新永續高息中小,12,0,12,凱基-岡山,2024-07-16,9209
1231,聯華食,12,0,12,凱基-岡山,2024-07-16,9209
00665L,富邦�琤肭磪囓�2,12,0,12,凱基-岡山,2024-07-16,9209
2449,京元電子,13,1,12,凱基-岡山,2024-07-16,9209
2890,永豐金,11,0,11,凱基-岡山,2024-07-16,9209
2524,京城,12,1,11,凱基-岡山,2024-07-16,9209
00946,群益科技高息成長,13,3,10,凱基-岡山,2024-07-16,9209
2888,新光金,35,25,10,凱基-岡山,2024-07-16,9209
2317,鴻海,27,17,10,凱基-岡山,2024-07-16,9209
4562,穎漢,10,0,10,凱基-岡山,2024-07-16,9209
00753L,中信中國50正2,10,0,10,凱基-岡山,2024-07-16,9209
00944,野村趨勢動能高息,10,0,10,凱基-岡山,2024-07-16,9209
00948B,中信優息投資級債,10,0,10,凱基-岡山,2024-07-16,9209
2243,宏旭-KY,20,10,10,凱基-岡山,2024-07-16,9209
2606,裕民,10,0,10,凱基-岡山,2024-07-16,9209
8927,北基,10,1,9,凱基-岡山,2024-07-16,9209
00632R,元大台灣50反1,10,1,9,凱基-岡山,2024-07-16,9209
5285,界霖,9,0,9,凱基-岡山,2024-07-16,9209
1608,華榮,11,3,8,凱基-岡山,2024-07-16,9209
2012,春雨,8,0,8,凱基-岡山,2024-07-16,9209
3003,健和興,8,0,8,凱基-岡山,2024-07-16,9209
1303,南亞,7,0,7,凱基-岡山,2024-07-16,9209
8027,鈦昇,8,1,7,凱基-岡山,2024-07-16,9209
1909,榮成,7,0,7,凱基-岡山,2024-07-16,9209
3622,洋華,7,0,7,凱基-岡山,2024-07-16,9209
1104,環泥,7,0,7,凱基-岡山,2024-07-16,9209
2722,夏都,7,0,7,凱基-岡山,2024-07-16,9209
00679B,元大美債20年,117,2,115,凱基-岡山,2024-07-17,9209
00929,復華台灣科技優息,91,0,91,凱基-岡山,2024-07-17,9209
00940,元大台灣價值高息,67,10,57,凱基-岡山,2024-07-17,9209
9105,泰金寶-DR,157,101,56,凱基-岡山,2024-07-17,9209
00933B,國泰10Y+金融債,46,0,46,凱基-岡山,2024-07-17,9209
1608,華榮,55,9,46,凱基-岡山,2024-07-17,9209
2489,瑞軒,64,18,46,凱基-岡山,2024-07-17,9209
1529,樂事綠能,45,3,42,凱基-岡山,2024-07-17,9209
00680L,元大美債20正2,47,8,39,凱基-岡山,2024-07-17,9209
6156,松上,35,0,35,凱基-岡山,2024-07-17,9209
3615,安可,34,0,34,凱基-岡山,2024-07-17,9209
00937B,群益ESG投等債20,33,0,33,凱基-岡山,2024-07-17,9209
00919,群益台灣精選高息,37,7,30,凱基-岡山,2024-07-17,9209
3374,精材,28,2,26,凱基-岡山,2024-07-17,9209
6116,彩晶,75,55,20,凱基-岡山,2024-07-17,9209
2606,裕民,20,0,20,凱基-岡山,2024-07-17,9209
8011,台通,23,4,19,凱基-岡山,2024-07-17,9209
2537,聯上發,20,2,18,凱基-岡山,2024-07-17,9209
00905,FT臺灣Smart,16,0,16,凱基-岡山,2024-07-17,9209
1409,新纖,19,3,16,凱基-岡山,2024-07-17,9209
00687B,國泰20年美債,35,20,15,凱基-岡山,2024-07-17,9209
2867,三商壽,26,11,15,凱基-岡山,2024-07-17,9209
3607,谷崧,15,0,15,凱基-岡山,2024-07-17,9209
8390,金益鼎,15,0,15,凱基-岡山,2024-07-17,9209
00688L,國泰20年美債正2,14,0,14,凱基-岡山,2024-07-17,9209
1618,合機,20,6,14,凱基-岡山,2024-07-17,9209
0056,元大高股息,14,0,14,凱基-岡山,2024-07-17,9209
1597,直得,14,1,13,凱基-岡山,2024-07-17,9209
2301,光寶科,14,2,12,凱基-岡山,2024-07-17,9209
2206,三陽工業,17,5,12,凱基-岡山,2024-07-17,9209
6770,力積電,17,5,12,凱基-岡山,2024-07-17,9209
3231,緯創,20,9,11,凱基-岡山,2024-07-17,9209
2412,中華電,11,0,11,凱基-岡山,2024-07-17,9209
2353,宏��,17,6,11,凱基-岡山,2024-07-17,9209
00713,元大台灣高息低波,15,5,10,凱基-岡山,2024-07-17,9209
00948B,中信優息投資級債,10,0,10,凱基-岡山,2024-07-17,9209
3024,憶聲,10,0,10,凱基-岡山,2024-07-17,9209
6438,迅得,14,4,10,凱基-岡山,2024-07-17,9209
006208,富邦台50,9,0,9,凱基-岡山,2024-07-17,9209
1709,和益,11,2,9,凱基-岡山,2024-07-17,9209
2481,強茂,9,0,9,凱基-岡山,2024-07-17,9209
6127,九豪,9,0,9,凱基-岡山,2024-07-17,9209
6689,伊雲谷,10,1,9,凱基-岡山,2024-07-17,9209
8927,北基,11,2,9,凱基-岡山,2024-07-17,9209
00935,野村臺灣新科技50,11,2,9,凱基-岡山,2024-07-17,9209
2317,鴻海,16,7,9,凱基-岡山,2024-07-17,9209
1503,士電,9,1,8,凱基-岡山,2024-07-17,9209
2330,台積電,21,13,8,凱基-岡山,2024-07-17,9209
2474,可成,8,0,8,凱基-岡山,2024-07-17,9209
2891,中信金,13,5,8,凱基-岡山,2024-07-17,9209
00632R,元大台灣50反1,509,11,498,凱基-岡山,2024-07-18,9209
00671R,富邦NASDAQ反1,270,0,270,凱基-岡山,2024-07-18,9209
1312,國喬,131,1,130,凱基-岡山,2024-07-18,9209
00919,群益台灣精選高息,87,7,80,凱基-岡山,2024-07-18,9209
1303,南亞,50,1,49,凱基-岡山,2024-07-18,9209
2014,中鴻,51,4,47,凱基-岡山,2024-07-18,9209
00878,國泰永續高股息,45,0,45,凱基-岡山,2024-07-18,9209
2356,英業達,54,13,41,凱基-岡山,2024-07-18,9209
2834,臺企銀,45,10,35,凱基-岡山,2024-07-18,9209
4303,信立,35,3,32,凱基-岡山,2024-07-18,9209
1616,億泰,31,2,29,凱基-岡山,2024-07-18,9209
1815,富喬,30,1,29,凱基-岡山,2024-07-18,9209
2610,華航,47,20,27,凱基-岡山,2024-07-18,9209
3481,群創,64,37,27,凱基-岡山,2024-07-18,9209
00929,復華台灣科技優息,73,46,27,凱基-岡山,2024-07-18,9209
0056,元大高股息,25,0,25,凱基-岡山,2024-07-18,9209
1609,大亞,36,11,25,凱基-岡山,2024-07-18,9209
2317,鴻海,52,27,25,凱基-岡山,2024-07-18,9209
00946,群益科技高息成長,25,1,24,凱基-岡山,2024-07-18,9209
3290,東浦,22,0,22,凱基-岡山,2024-07-18,9209
1314,中石化,23,2,21,凱基-岡山,2024-07-18,9209
2382,廣達,22,2,20,凱基-岡山,2024-07-18,9209
2303,聯電,23,4,19,凱基-岡山,2024-07-18,9209
00941,中信上游半導體,16,0,16,凱基-岡山,2024-07-18,9209
00948B,中信優息投資級債,15,0,15,凱基-岡山,2024-07-18,9209
1529,樂事綠能,15,0,15,凱基-岡山,2024-07-18,9209
1785,光洋科,19,4,15,凱基-岡山,2024-07-18,9209
2520,冠德,15,0,15,凱基-岡山,2024-07-18,9209
2867,三商壽,25,10,15,凱基-岡山,2024-07-18,9209
6835,圓裕,15,0,15,凱基-岡山,2024-07-18,9209
00927,群益半導體收益,13,0,13,凱基-岡山,2024-07-18,9209
1612,宏泰,14,1,13,凱基-岡山,2024-07-18,9209
3163,波若威,18,6,12,凱基-岡山,2024-07-18,9209
2634,漢翔,18,6,12,凱基-岡山,2024-07-18,9209
2603,長榮,14,3,11,凱基-岡山,2024-07-18,9209
00944,野村趨勢動能高息,11,0,11,凱基-岡山,2024-07-18,9209
2606,裕民,11,0,11,凱基-岡山,2024-07-18,9209
2888,新光金,30,20,10,凱基-岡山,2024-07-18,9209
2330,台積電,19,10,9,凱基-岡山,2024-07-18,9209
2618,長榮航,22,13,9,凱基-岡山,2024-07-18,9209
2365,昆盈,89,80,9,凱基-岡山,2024-07-18,9209
4909,新復興,16,7,9,凱基-岡山,2024-07-18,9209
4916,事欣科,10,1,9,凱基-岡山,2024-07-18,9209
00631L,元大台灣50正2,13,5,8,凱基-岡山,2024-07-18,9209
00936,台新永續高息中小,8,0,8,凱基-岡山,2024-07-18,9209
00934,中信成長高股息,8,0,8,凱基-岡山,2024-07-18,9209
2449,京元電子,9,1,8,凱基-岡山,2024-07-18,9209
00892,富邦台灣半導體,7,0,7,凱基-岡山,2024-07-18,9209
00935,野村臺灣新科技50,7,0,7,凱基-岡山,2024-07-18,9209
5285,界霖,7,0,7,凱基-岡山,2024-07-18,9209
00929,復華台灣科技優息,99,25,74,凱基-岡山,2024-07-19,9209
9105,泰金寶-DR,73,7,66,凱基-岡山,2024-07-19,9209
3312,弘憶股,61,3,58,凱基-岡山,2024-07-19,9209
1905,華紙,51,0,51,凱基-岡山,2024-07-19,9209
2365,昆盈,75,27,48,凱基-岡山,2024-07-19,9209
2405,輔信,36,3,33,凱基-岡山,2024-07-19,9209
1444,力麗,31,0,31,凱基-岡山,2024-07-19,9209
6835,圓裕,29,0,29,凱基-岡山,2024-07-19,9209
2301,光寶科,91,65,26,凱基-岡山,2024-07-19,9209
2618,長榮航,26,0,26,凱基-岡山,2024-07-19,9209
3481,群創,35,10,25,凱基-岡山,2024-07-19,9209
00878,國泰永續高股息,51,28,23,凱基-岡山,2024-07-19,9209
8472,夠麻吉,23,0,23,凱基-岡山,2024-07-19,9209
5285,界霖,22,0,22,凱基-岡山,2024-07-19,9209
2330,台積電,28,7,21,凱基-岡山,2024-07-19,9209
2303,聯電,42,21,21,凱基-岡山,2024-07-19,9209
00687B,國泰20年美債,25,4,21,凱基-岡山,2024-07-19,9209
2883,凱基金,22,1,21,凱基-岡山,2024-07-19,9209
1314,中石化,20,0,20,凱基-岡山,2024-07-19,9209
1409,新纖,23,3,20,凱基-岡山,2024-07-19,9209
2034,允強,20,0,20,凱基-岡山,2024-07-19,9209
3372,典範,20,0,20,凱基-岡山,2024-07-19,9209
3231,緯創,20,1,19,凱基-岡山,2024-07-19,9209
1301,台塑,19,1,18,凱基-岡山,2024-07-19,9209
1709,和益,23,6,17,凱基-岡山,2024-07-19,9209
9945,潤泰新,29,12,17,凱基-岡山,2024-07-19,9209
00944,野村趨勢動能高息,17,1,16,凱基-岡山,2024-07-19,9209
2312,金寶,170,154,16,凱基-岡山,2024-07-19,9209
00948B,中信優息投資級債,15,0,15,凱基-岡山,2024-07-19,9209
1304,台聚,15,0,15,凱基-岡山,2024-07-19,9209
2408,南亞科,21,6,15,凱基-岡山,2024-07-19,9209
00882,中信中國高股息,40,26,14,凱基-岡山,2024-07-19,9209
00940,元大台灣價值高息,53,39,14,凱基-岡山,2024-07-19,9209
2524,京城,14,0,14,凱基-岡山,2024-07-19,9209
6770,力積電,19,5,14,凱基-岡山,2024-07-19,9209
0056,元大高股息,20,7,13,凱基-岡山,2024-07-19,9209
1514,亞力,16,3,13,凱基-岡山,2024-07-19,9209
00934,中信成長高股息,19,6,13,凱基-岡山,2024-07-19,9209
4114,健喬,12,0,12,凱基-岡山,2024-07-19,9209
00665L,富邦�琤肭磪囓�2,22,10,12,凱基-岡山,2024-07-19,9209
2891,中信金,21,10,11,凱基-岡山,2024-07-19,9209
00713,元大台灣高息低波,12,1,11,凱基-岡山,2024-07-19,9209
1540,喬福,11,0,11,凱基-岡山,2024-07-19,9209
1909,榮成,11,0,11,凱基-岡山,2024-07-19,9209
2903,遠百,11,0,11,凱基-岡山,2024-07-19,9209
3706,神達,11,0,11,凱基-岡山,2024-07-19,9209
6120,達運,11,0,11,凱基-岡山,2024-07-19,9209
00918,大華優利高填息30,11,0,11,凱基-岡山,2024-07-19,9209
00688L,國泰20年美債正2,10,0,10,凱基-岡山,2024-07-19,9209
00680L,元大美債20正2,10,0,10,凱基-岡山,2024-07-19,9209
911868,同方友友-DR,191,0,191,凱基-岡山,2024-07-22,9209
00929,復華台灣科技優息,207,141,66,凱基-岡山,2024-07-22,9209
00919,群益台灣精選高息,60,0,60,凱基-岡山,2024-07-22,9209
00933B,國泰10Y+金融債,50,2,48,凱基-岡山,2024-07-22,9209
4303,信立,44,5,39,凱基-岡山,2024-07-22,9209
5512,力麒,52,18,34,凱基-岡山,2024-07-22,9209
9103,美德醫療-DR,34,0,34,凱基-岡山,2024-07-22,9209
5443,均豪,35,5,30,凱基-岡山,2024-07-22,9209
2408,南亞科,27,0,27,凱基-岡山,2024-07-22,9209
00712,復華富時不動產,30,4,26,凱基-岡山,2024-07-22,9209
2344,華邦電,25,0,25,凱基-岡山,2024-07-22,9209
2312,金寶,27,3,24,凱基-岡山,2024-07-22,9209
3028,增你強,20,0,20,凱基-岡山,2024-07-22,9209
2537,聯上發,20,3,17,凱基-岡山,2024-07-22,9209
9105,泰金寶-DR,20,3,17,凱基-岡山,2024-07-22,9209
2356,英業達,26,10,16,凱基-岡山,2024-07-22,9209
6770,力積電,16,0,16,凱基-岡山,2024-07-22,9209
00930,永豐ESG低碳高息,15,0,15,凱基-岡山,2024-07-22,9209
00944,野村趨勢動能高息,14,0,14,凱基-岡山,2024-07-22,9209
00946,群益科技高息成長,19,6,13,凱基-岡山,2024-07-22,9209
00687B,國泰20年美債,13,0,13,凱基-岡山,2024-07-22,9209
6835,圓裕,13,0,13,凱基-岡山,2024-07-22,9209
00936,台新永續高息中小,17,5,12,凱基-岡山,2024-07-22,9209
2606,裕民,12,0,12,凱基-岡山,2024-07-22,9209
2330,台積電,21,9,12,凱基-岡山,2024-07-22,9209
00948B,中信優息投資級債,10,0,10,凱基-岡山,2024-07-22,9209
1304,台聚,10,0,10,凱基-岡山,2024-07-22,9209
2516,新建,10,0,10,凱基-岡山,2024-07-22,9209
2939,永邑-KY,10,0,10,凱基-岡山,2024-07-22,9209
3058,立德,10,0,10,凱基-岡山,2024-07-22,9209
8104,錸寶,10,0,10,凱基-岡山,2024-07-22,9209
912000,晨訊科-DR,10,0,10,凱基-岡山,2024-07-22,9209
1316,上曜,17,7,10,凱基-岡山,2024-07-22,9209
8473,山林水,17,7,10,凱基-岡山,2024-07-22,9209
2337,旺宏,11,2,9,凱基-岡山,2024-07-22,9209
2610,華航,14,5,9,凱基-岡山,2024-07-22,9209
6120,達運,10,1,9,凱基-岡山,2024-07-22,9209
2301,光寶科,38,30,8,凱基-岡山,2024-07-22,9209
2371,大同,13,5,8,凱基-岡山,2024-07-22,9209
2845,遠東銀,8,0,8,凱基-岡山,2024-07-22,9209
6523,達爾膚,8,0,8,凱基-岡山,2024-07-22,9209
8467,波力-KY,8,0,8,凱基-岡山,2024-07-22,9209
6643,M31,8,0,8,凱基-岡山,2024-07-22,9209
00830,國泰費城半導體,8,0,8,凱基-岡山,2024-07-22,9209
6806,森崴能源,13,5,8,凱基-岡山,2024-07-22,9209
2329,華泰,10,3,7,凱基-岡山,2024-07-22,9209
00939,統一台灣高息動能,10,3,7,凱基-岡山,2024-07-22,9209
2527,宏璟,7,0,7,凱基-岡山,2024-07-22,9209
2801,彰銀,7,0,7,凱基-岡山,2024-07-22,9209
8277,商丞,7,0,7,凱基-岡山,2024-07-22,9209
911868,同方友友-DR,151,0,151,凱基-岡山,2024-07-23,9209
3481,群創,78,0,78,凱基-岡山,2024-07-23,9209
2888,新光金,76,10,66,凱基-岡山,2024-07-23,9209
00929,復華台灣科技優息,50,5,45,凱基-岡山,2024-07-23,9209
00940,元大台灣價值高息,70,26,44,凱基-岡山,2024-07-23,9209
9103,美德醫療-DR,41,0,41,凱基-岡山,2024-07-23,9209
00919,群益台灣精選高息,36,3,33,凱基-岡山,2024-07-23,9209
2409,友達,26,0,26,凱基-岡山,2024-07-23,9209
2891,中信金,26,0,26,凱基-岡山,2024-07-23,9209
1529,樂事綠能,26,1,25,凱基-岡山,2024-07-23,9209
2615,萬海,28,3,25,凱基-岡山,2024-07-23,9209
6770,力積電,27,2,25,凱基-岡山,2024-07-23,9209
3321,同泰,22,0,22,凱基-岡山,2024-07-23,9209
00878,國泰永續高股息,30,9,21,凱基-岡山,2024-07-23,9209
1304,台聚,20,0,20,凱基-岡山,2024-07-23,9209
00946,群益科技高息成長,17,0,17,凱基-岡山,2024-07-23,9209
4720,德淵,15,0,15,凱基-岡山,2024-07-23,9209
5309,系統電,15,1,14,凱基-岡山,2024-07-23,9209
2317,鴻海,59,45,14,凱基-岡山,2024-07-23,9209
8105,凌巨,14,1,13,凱基-岡山,2024-07-23,9209
00679B,元大美債20年,14,1,13,凱基-岡山,2024-07-23,9209
2371,大同,12,0,12,凱基-岡山,2024-07-23,9209
3021,鴻名,12,0,12,凱基-岡山,2024-07-23,9209
3284,太普高,12,0,12,凱基-岡山,2024-07-23,9209
3686,達能,12,0,12,凱基-岡山,2024-07-23,9209
9105,泰金寶-DR,15,3,12,凱基-岡山,2024-07-23,9209
9935,慶豐富,12,0,12,凱基-岡山,2024-07-23,9209
00918,大華優利高填息30,11,0,11,凱基-岡山,2024-07-23,9209
8927,北基,11,0,11,凱基-岡山,2024-07-23,9209
00637L,元大滬深300正2,10,0,10,凱基-岡山,2024-07-23,9209
00948B,中信優息投資級債,10,0,10,凱基-岡山,2024-07-23,9209
3024,憶聲,10,0,10,凱基-岡山,2024-07-23,9209
3522,御嵿,10,0,10,凱基-岡山,2024-07-23,9209
3591,艾笛森,10,0,10,凱基-岡山,2024-07-23,9209
5371,中光電,10,0,10,凱基-岡山,2024-07-23,9209
6275,元山,10,0,10,凱基-岡山,2024-07-23,9209
3037,欣興,26,16,10,凱基-岡山,2024-07-23,9209
2332,友訊,10,0,10,凱基-岡山,2024-07-23,9209
4552,力達-KY,9,0,9,凱基-岡山,2024-07-23,9209
1712,興農,10,2,8,凱基-岡山,2024-07-23,9209
2405,輔信,8,0,8,凱基-岡山,2024-07-23,9209
4960,誠美材,10,2,8,凱基-岡山,2024-07-23,9209
6177,達麗,16,8,8,凱基-岡山,2024-07-23,9209
3231,緯創,8,0,8,凱基-岡山,2024-07-23,9209
1609,大亞,23,16,7,凱基-岡山,2024-07-23,9209
2107,厚生,14,7,7,凱基-岡山,2024-07-23,9209
3206,志豐,7,0,7,凱基-岡山,2024-07-23,9209
4916,事欣科,10,3,7,凱基-岡山,2024-07-23,9209
6615,慧智,7,0,7,凱基-岡山,2024-07-23,9209
2890,永豐金,6,0,6,凱基-岡山,2024-07-23,9209
00665L,富邦�琤肭磪囓�2,243,0,243,凱基-岡山,2024-07-26,9209
00679B,元大美債20年,102,6,96,凱基-岡山,2024-07-26,9209
00937B,群益ESG投等債20,80,0,80,凱基-岡山,2024-07-26,9209
00919,群益台灣精選高息,82,4,78,凱基-岡山,2024-07-26,9209
4967,十銓,57,3,54,凱基-岡山,2024-07-26,9209
2888,新光金,52,1,51,凱基-岡山,2024-07-26,9209
2344,華邦電,47,0,47,凱基-岡山,2024-07-26,9209
6770,力積電,44,1,43,凱基-岡山,2024-07-26,9209
1529,樂事綠能,36,0,36,凱基-岡山,2024-07-26,9209
2618,長榮航,39,8,31,凱基-岡山,2024-07-26,9209
6016,康和證,30,0,30,凱基-岡山,2024-07-26,9209
0056,元大高股息,31,3,28,凱基-岡山,2024-07-26,9209
00712,復華富時不動產,26,0,26,凱基-岡山,2024-07-26,9209
2409,友達,26,0,26,凱基-岡山,2024-07-26,9209
00946,群益科技高息成長,29,5,24,凱基-岡山,2024-07-26,9209
0050,元大台灣50,23,0,23,凱基-岡山,2024-07-26,9209
00632R,元大台灣50反1,55,35,20,凱基-岡山,2024-07-26,9209
2845,遠東銀,20,0,20,凱基-岡山,2024-07-26,9209
2867,三商壽,25,5,20,凱基-岡山,2024-07-26,9209
00715L,期街口布蘭特正2,44,25,19,凱基-岡山,2024-07-26,9209
00680L,元大美債20正2,16,0,16,凱基-岡山,2024-07-26,9209
2330,台積電,28,13,15,凱基-岡山,2024-07-26,9209
00929,復華台灣科技優息,166,153,13,凱基-岡山,2024-07-26,9209
3711,日月光投控,13,0,13,凱基-岡山,2024-07-26,9209
00882,中信中國高股息,13,0,13,凱基-岡山,2024-07-26,9209
2303,聯電,11,0,11,凱基-岡山,2024-07-26,9209
2834,臺企銀,11,0,11,凱基-岡山,2024-07-26,9209
2382,廣達,12,2,10,凱基-岡山,2024-07-26,9209
2356,英業達,16,6,10,凱基-岡山,2024-07-26,9209
2408,南亞科,10,0,10,凱基-岡山,2024-07-26,9209
2314,台揚,10,0,10,凱基-岡山,2024-07-26,9209
2453,凌群,10,0,10,凱基-岡山,2024-07-26,9209
2596,綠意,10,0,10,凱基-岡山,2024-07-26,9209
5457,宣德,10,0,10,凱基-岡山,2024-07-26,9209
2609,陽明,10,1,9,凱基-岡山,2024-07-26,9209
2903,遠百,9,0,9,凱基-岡山,2024-07-26,9209
2352,佳世達,8,0,8,凱基-岡山,2024-07-26,9209
2615,萬海,8,0,8,凱基-岡山,2024-07-26,9209
1301,台塑,8,0,8,凱基-岡山,2024-07-26,9209
2481,強茂,10,2,8,凱基-岡山,2024-07-26,9209
6835,圓裕,8,0,8,凱基-岡山,2024-07-26,9209
2317,鴻海,38,30,8,凱基-岡山,2024-07-26,9209
00927,群益半導體收益,7,0,7,凱基-岡山,2024-07-26,9209
00944,野村趨勢動能高息,7,0,7,凱基-岡山,2024-07-26,9209
2801,彰銀,7,0,7,凱基-岡山,2024-07-26,9209
2891,中信金,7,0,7,凱基-岡山,2024-07-26,9209
3211,順達,7,0,7,凱基-岡山,2024-07-26,9209
6152,百一,7,0,7,凱基-岡山,2024-07-26,9209
6177,達麗,7,0,7,凱基-岡山,2024-07-26,9209
8105,凌巨,8,1,7,凱基-岡山,2024-07-26,9209
00937B,群益ESG投等債20,331,50,281,凱基-岡山,2024-07-29,9209
00680L,元大美債20正2,92,0,92,凱基-岡山,2024-07-29,9209
1402,遠東新,56,0,56,凱基-岡山,2024-07-29,9209
2534,宏盛,55,5,50,凱基-岡山,2024-07-29,9209
00946,群益科技高息成長,61,15,46,凱基-岡山,2024-07-29,9209
00715L,期街口布蘭特正2,65,20,45,凱基-岡山,2024-07-29,9209
00940,元大台灣價值高息,44,8,36,凱基-岡山,2024-07-29,9209
2845,遠東銀,31,0,31,凱基-岡山,2024-07-29,9209
00712,復華富時不動產,40,10,30,凱基-岡山,2024-07-29,9209
00891,中信關鍵半導體,28,0,28,凱基-岡山,2024-07-29,9209
4967,十銓,27,3,24,凱基-岡山,2024-07-29,9209
2442,新美齊,29,6,23,凱基-岡山,2024-07-29,9209
9105,泰金寶-DR,32,10,22,凱基-岡山,2024-07-29,9209
9946,三發地產,22,0,22,凱基-岡山,2024-07-29,9209
00921,兆豐龍頭等權重,20,0,20,凱基-岡山,2024-07-29,9209
1815,富喬,21,1,20,凱基-岡山,2024-07-29,9209
3380,明泰,20,1,19,凱基-岡山,2024-07-29,9209
3231,緯創,18,0,18,凱基-岡山,2024-07-29,9209
4527,方土霖,38,20,18,凱基-岡山,2024-07-29,9209
0056,元大高股息,34,18,16,凱基-岡山,2024-07-29,9209
2884,玉山金,18,2,16,凱基-岡山,2024-07-29,9209
3021,鴻名,14,0,14,凱基-岡山,2024-07-29,9209
00929,復華台灣科技優息,182,168,14,凱基-岡山,2024-07-29,9209
3013,晟銘電,41,27,14,凱基-岡山,2024-07-29,9209
00713,元大台灣高息低波,13,0,13,凱基-岡山,2024-07-29,9209
2107,厚生,13,0,13,凱基-岡山,2024-07-29,9209
3058,立德,13,0,13,凱基-岡山,2024-07-29,9209
5309,系統電,13,0,13,凱基-岡山,2024-07-29,9209
6177,達麗,16,3,13,凱基-岡山,2024-07-29,9209
9935,慶豐富,13,0,13,凱基-岡山,2024-07-29,9209
1529,樂事綠能,15,3,12,凱基-岡山,2024-07-29,9209
3221,台嘉碩,12,0,12,凱基-岡山,2024-07-29,9209
4167,松瑞藥,12,0,12,凱基-岡山,2024-07-29,9209
6770,力積電,14,2,12,凱基-岡山,2024-07-29,9209
2609,陽明,11,0,11,凱基-岡山,2024-07-29,9209
3349,寶德,11,0,11,凱基-岡山,2024-07-29,9209
3663,鑫科,14,3,11,凱基-岡山,2024-07-29,9209
9103,美德醫療-DR,11,0,11,凱基-岡山,2024-07-29,9209
2603,長榮,11,1,10,凱基-岡山,2024-07-29,9209
00942B,台新美A公司債20+,10,0,10,凱基-岡山,2024-07-29,9209
2436,偉詮電,10,0,10,凱基-岡山,2024-07-29,9209
5457,宣德,10,0,10,凱基-岡山,2024-07-29,9209
5521,工信,10,0,10,凱基-岡山,2024-07-29,9209
6285,啟��,10,0,10,凱基-岡山,2024-07-29,9209
6742,澤米,10,0,10,凱基-岡山,2024-07-29,9209
2501,國建,13,4,9,凱基-岡山,2024-07-29,9209
3206,志豐,9,0,9,凱基-岡山,2024-07-29,9209
1712,興農,8,0,8,凱基-岡山,2024-07-29,9209
3630,新鉅科,8,0,8,凱基-岡山,2024-07-29,9209
1536,和大,10,3,7,凱基-岡山,2024-07-29,9209
00680L,元大美債20正2,1127,0,1127,凱基-岡山,2024-07-30,9209
1785,光洋科,210,1,209,凱基-岡山,2024-07-30,9209
00665L,富邦�琤肭磪囓�2,205,0,205,凱基-岡山,2024-07-30,9209
2888,新光金,190,3,187,凱基-岡山,2024-07-30,9209
6021,美好證,54,0,54,凱基-岡山,2024-07-30,9209
00946,群益科技高息成長,60,9,51,凱基-岡山,2024-07-30,9209
2107,厚生,51,0,51,凱基-岡山,2024-07-30,9209
00715L,期街口布蘭特正2,40,0,40,凱基-岡山,2024-07-30,9209
2489,瑞軒,42,2,40,凱基-岡山,2024-07-30,9209
9935,慶豐富,38,0,38,凱基-岡山,2024-07-30,9209
4722,國精化,36,0,36,凱基-岡山,2024-07-30,9209
9105,泰金寶-DR,64,30,34,凱基-岡山,2024-07-30,9209
2845,遠東銀,32,0,32,凱基-岡山,2024-07-30,9209
6175,立敦,32,0,32,凱基-岡山,2024-07-30,9209
5525,順天,31,0,31,凱基-岡山,2024-07-30,9209
6807,峰源-KY,29,0,29,凱基-岡山,2024-07-30,9209
2344,華邦電,39,12,27,凱基-岡山,2024-07-30,9209
2349,錸德,55,29,26,凱基-岡山,2024-07-30,9209
3501,維熹,24,0,24,凱基-岡山,2024-07-30,9209
00940,元大台灣價值高息,31,8,23,凱基-岡山,2024-07-30,9209
2884,玉山金,30,7,23,凱基-岡山,2024-07-30,9209
1712,興農,22,0,22,凱基-岡山,2024-07-30,9209
3021,鴻名,22,0,22,凱基-岡山,2024-07-30,9209
3206,志豐,22,0,22,凱基-岡山,2024-07-30,9209
3284,太普高,22,0,22,凱基-岡山,2024-07-30,9209
4726,永昕,22,0,22,凱基-岡山,2024-07-30,9209
2393,億光,21,0,21,凱基-岡山,2024-07-30,9209
1446,宏和,20,0,20,凱基-岡山,2024-07-30,9209
2610,華航,20,0,20,凱基-岡山,2024-07-30,9209
6768,志強-KY,18,0,18,凱基-岡山,2024-07-30,9209
00882,中信中國高股息,17,0,17,凱基-岡山,2024-07-30,9209
3430,奇鈦科,17,0,17,凱基-岡山,2024-07-30,9209
8476,台境*,17,0,17,凱基-岡山,2024-07-30,9209
6642,富致,16,0,16,凱基-岡山,2024-07-30,9209
00929,復華台灣科技優息,98,82,16,凱基-岡山,2024-07-30,9209
8432,東生華,15,0,15,凱基-岡山,2024-07-30,9209
1777,生泰,14,0,14,凱基-岡山,2024-07-30,9209
4995,晶達,14,0,14,凱基-岡山,2024-07-30,9209
00679B,元大美債20年,13,0,13,凱基-岡山,2024-07-30,9209
2015,豐興,13,0,13,凱基-岡山,2024-07-30,9209
4974,亞泰,13,0,13,凱基-岡山,2024-07-30,9209
8367,建新國際,13,0,13,凱基-岡山,2024-07-30,9209
4951,精拓科,12,0,12,凱基-岡山,2024-07-30,9209
6606,建德工業,12,0,12,凱基-岡山,2024-07-30,9209
8114,振樺電,12,0,12,凱基-岡山,2024-07-30,9209
00878,國泰永續高股息,50,39,11,凱基-岡山,2024-07-30,9209
3163,波若威,11,0,11,凱基-岡山,2024-07-30,9209
2115,六暉-KY,11,0,11,凱基-岡山,2024-07-30,9209
8091,翔名,11,0,11,凱基-岡山,2024-07-30,9209
8466,美吉吉-KY,11,0,11,凱基-岡山,2024-07-30,9209
2337,旺宏,292,34,258,凱基-岡山,2024-07-31,9209
00937B,群益ESG投等債20,112,6,106,凱基-岡山,2024-07-31,9209
00940,元大台灣價值高息,40,0,40,凱基-岡山,2024-07-31,9209
00929,復華台灣科技優息,80,41,39,凱基-岡山,2024-07-31,9209
9105,泰金寶-DR,41,7,34,凱基-岡山,2024-07-31,9209
00679B,元大美債20年,31,2,29,凱基-岡山,2024-07-31,9209
3024,憶聲,65,41,24,凱基-岡山,2024-07-31,9209
1785,光洋科,24,1,23,凱基-岡山,2024-07-31,9209
3321,同泰,23,0,23,凱基-岡山,2024-07-31,9209
3047,訊舟,59,37,22,凱基-岡山,2024-07-31,9209
2109,華豐,42,21,21,凱基-岡山,2024-07-31,9209
00946,群益科技高息成長,21,0,21,凱基-岡山,2024-07-31,9209
2317,鴻海,43,22,21,凱基-岡山,2024-07-31,9209
4532,瑞智,19,2,17,凱基-岡山,2024-07-31,9209
4729,熒茂,17,0,17,凱基-岡山,2024-07-31,9209
00680L,元大美債20正2,16,0,16,凱基-岡山,2024-07-31,9209
4526,東台,31,16,15,凱基-岡山,2024-07-31,9209
8064,東捷,30,15,15,凱基-岡山,2024-07-31,9209
2603,長榮,28,15,13,凱基-岡山,2024-07-31,9209
2312,金寶,33,21,12,凱基-岡山,2024-07-31,9209
2891,中信金,13,1,12,凱基-岡山,2024-07-31,9209
00939,統一台灣高息動能,11,0,11,凱基-岡山,2024-07-31,9209
00687B,國泰20年美債,10,0,10,凱基-岡山,2024-07-31,9209
2070,精湛,11,1,10,凱基-岡山,2024-07-31,9209
2634,漢翔,11,1,10,凱基-岡山,2024-07-31,9209
2929,淘帝-KY,10,0,10,凱基-岡山,2024-07-31,9209
9902,台火,10,0,10,凱基-岡山,2024-07-31,9209
2365,昆盈,15,6,9,凱基-岡山,2024-07-31,9209
3481,群創,111,102,9,凱基-岡山,2024-07-31,9209
5531,鄉林,11,2,9,凱基-岡山,2024-07-31,9209
00919,群益台灣精選高息,9,0,9,凱基-岡山,2024-07-31,9209
1472,三洋實業,8,0,8,凱基-岡山,2024-07-31,9209
9958,世紀鋼,9,2,7,凱基-岡山,2024-07-31,9209
6147,頎邦,8,1,7,凱基-岡山,2024-07-31,9209
1608,華榮,7,0,7,凱基-岡山,2024-07-31,9209
2002,中鋼,7,0,7,凱基-岡山,2024-07-31,9209
2329,華泰,6,0,6,凱基-岡山,2024-07-31,9209
4931,新盛力,6,0,6,凱基-岡山,2024-07-31,9209
00905,FT臺灣Smart,9,4,5,凱基-岡山,2024-07-31,9209
1456,怡華,5,0,5,凱基-岡山,2024-07-31,9209
1528,恩德,5,0,5,凱基-岡山,2024-07-31,9209
2409,友達,5,0,5,凱基-岡山,2024-07-31,9209
2478,大毅,5,0,5,凱基-岡山,2024-07-31,9209
2515,中工,5,0,5,凱基-岡山,2024-07-31,9209
6187,萬潤,16,11,5,凱基-岡山,2024-07-31,9209
3105,穩懋,11,6,5,凱基-岡山,2024-07-31,9209
00881,國泰台灣5G+,4,0,4,凱基-岡山,2024-07-31,9209
00891,中信關鍵半導體,4,0,4,凱基-岡山,2024-07-31,9209
3376,新日興,4,0,4,凱基-岡山,2024-07-31,9209
3663,鑫科,11,7,4,凱基-岡山,2024-07-31,9209
2374,佳能,143,13,130,凱基-岡山,2024-08-01,9209
00937B,群益ESG投等債20,125,15,110,凱基-岡山,2024-08-01,9209
00919,群益台灣精選高息,88,0,88,凱基-岡山,2024-08-01,9209
00929,復華台灣科技優息,144,75,69,凱基-岡山,2024-08-01,9209
00878,國泰永續高股息,55,16,39,凱基-岡山,2024-08-01,9209
2349,錸德,44,6,38,凱基-岡山,2024-08-01,9209
2845,遠東銀,35,0,35,凱基-岡山,2024-08-01,9209
00680L,元大美債20正2,41,10,31,凱基-岡山,2024-08-01,9209
6770,力積電,35,4,31,凱基-岡山,2024-08-01,9209
00632R,元大台灣50反1,30,0,30,凱基-岡山,2024-08-01,9209
1805,寶徠,28,0,28,凱基-岡山,2024-08-01,9209
00679B,元大美債20年,24,0,24,凱基-岡山,2024-08-01,9209
3321,同泰,22,0,22,凱基-岡山,2024-08-01,9209
2344,華邦電,26,6,20,凱基-岡山,2024-08-01,9209
9105,泰金寶-DR,30,10,20,凱基-岡山,2024-08-01,9209
1808,潤隆,19,1,18,凱基-岡山,2024-08-01,9209
0056,元大高股息,17,0,17,凱基-岡山,2024-08-01,9209
9103,美德醫療-DR,17,0,17,凱基-岡山,2024-08-01,9209
00946,群益科技高息成長,23,9,14,凱基-岡山,2024-08-01,9209
2888,新光金,18,4,14,凱基-岡山,2024-08-01,9209
2915,潤泰全,15,1,14,凱基-岡山,2024-08-01,9209
2524,京城,15,1,14,凱基-岡山,2024-08-01,9209
00900,富邦特選高股息30,13,0,13,凱基-岡山,2024-08-01,9209
2884,玉山金,15,3,12,凱基-岡山,2024-08-01,9209
00687B,國泰20年美債,10,0,10,凱基-岡山,2024-08-01,9209
00951,台新日本半導體,10,0,10,凱基-岡山,2024-08-01,9209
2891,中信金,12,2,10,凱基-岡山,2024-08-01,9209
3645,達邁,10,0,10,凱基-岡山,2024-08-01,9209
2515,中工,27,18,9,凱基-岡山,2024-08-01,9209
3188,鑫龍騰,9,0,9,凱基-岡山,2024-08-01,9209
3312,弘憶股,21,13,8,凱基-岡山,2024-08-01,9209
2323,中環,8,0,8,凱基-岡山,2024-08-01,9209
4909,新復興,9,1,8,凱基-岡山,2024-08-01,9209
5452,佶優,8,0,8,凱基-岡山,2024-08-01,9209
2313,華通,11,4,7,凱基-岡山,2024-08-01,9209
8936,國統,7,0,7,凱基-岡山,2024-08-01,9209
00936,台新永續高息中小,11,5,6,凱基-岡山,2024-08-01,9209
00688L,國泰20年美債正2,11,5,6,凱基-岡山,2024-08-01,9209
6742,澤米,6,0,6,凱基-岡山,2024-08-01,9209
8028,昇陽半導體,12,6,6,凱基-岡山,2024-08-01,9209
3050,鈺德,9,4,5,凱基-岡山,2024-08-01,9209
3481,群創,14,9,5,凱基-岡山,2024-08-01,9209
4707,磐亞,5,0,5,凱基-岡山,2024-08-01,9209
5469,瀚宇博,5,0,5,凱基-岡山,2024-08-01,9209
6239,力成,5,0,5,凱基-岡山,2024-08-01,9209
6443,元晶,5,0,5,凱基-岡山,2024-08-01,9209
9902,台火,15,10,5,凱基-岡山,2024-08-01,9209
9945,潤泰新,14,9,5,凱基-岡山,2024-08-01,9209
2882,國泰金,5,1,4,凱基-岡山,2024-08-01,9209
1326,台化,4,0,4,凱基-岡山,2024-08-01,9209
00632R,元大台灣50反1,520,131,389,凱基-岡山,2024-08-02,9209
00946,群益科技高息成長,222,0,222,凱基-岡山,2024-08-02,9209
00878,國泰永續高股息,157,20,137,凱基-岡山,2024-08-02,9209
00919,群益台灣精選高息,118,1,117,凱基-岡山,2024-08-02,9209
00929,復華台灣科技優息,108,7,101,凱基-岡山,2024-08-02,9209
9105,泰金寶-DR,70,20,50,凱基-岡山,2024-08-02,9209
4566,時碩工業,46,0,46,凱基-岡山,2024-08-02,9209
00715L,期街口布蘭特正2,53,10,43,凱基-岡山,2024-08-02,9209
1785,光洋科,62,20,42,凱基-岡山,2024-08-02,9209
2867,三商壽,40,0,40,凱基-岡山,2024-08-02,9209
2365,昆盈,64,27,37,凱基-岡山,2024-08-02,9209
00679B,元大美債20年,37,4,33,凱基-岡山,2024-08-02,9209
0056,元大高股息,34,0,34,凱基-岡山,2024-08-02,9209
4534,慶騰,33,0,33,凱基-岡山,2024-08-02,9209
00665L,富邦�琤肭磪囓�2,30,0,30,凱基-岡山,2024-08-02,9209
3188,鑫龍騰,33,3,30,凱基-岡山,2024-08-02,9209
00940,元大台灣價值高息,29,0,29,凱基-岡山,2024-08-02,9209
00949,復華日本龍頭,28,0,28,凱基-岡山,2024-08-02,9209
00937B,群益ESG投等債20,49,26,23,凱基-岡山,2024-08-02,9209
2317,鴻海,90,66,24,凱基-岡山,2024-08-02,9209
00891,中信關鍵半導體,23,0,23,凱基-岡山,2024-08-02,9209
00635U,期元大S＆P黃金,20,0,20,凱基-岡山,2024-08-02,9209
00944,野村趨勢動能高息,20,0,20,凱基-岡山,2024-08-02,9209
2501,國建,33,13,20,凱基-岡山,2024-08-02,9209
2330,台積電,27,8,19,凱基-岡山,2024-08-02,9209
00936,台新永續高息中小,28,10,18,凱基-岡山,2024-08-02,9209
2834,臺企銀,17,0,17,凱基-岡山,2024-08-02,9209
2891,中信金,17,0,17,凱基-岡山,2024-08-02,9209
2344,華邦電,22,6,16,凱基-岡山,2024-08-02,9209
00939,統一台灣高息動能,15,0,15,凱基-岡山,2024-08-02,9209
00923,群益台ESG低碳50,15,0,15,凱基-岡山,2024-08-02,9209
00948B,中信優息投資級債,15,0,15,凱基-岡山,2024-08-02,9209
3338,泰碩,15,0,15,凱基-岡山,2024-08-02,9209
4533,協易機,24,9,15,凱基-岡山,2024-08-02,9209
00881,國泰台灣5G+,14,0,14,凱基-岡山,2024-08-02,9209
1316,上曜,21,7,14,凱基-岡山,2024-08-02,9209
00927,群益半導體收益,13,0,13,凱基-岡山,2024-08-02,9209
0050,元大台灣50,16,3,13,凱基-岡山,2024-08-02,9209
00907,永豐優息存股,13,0,13,凱基-岡山,2024-08-02,9209
00934,中信成長高股息,17,5,12,凱基-岡山,2024-08-02,9209
3105,穩懋,13,1,12,凱基-岡山,2024-08-02,9209
2371,大同,13,1,12,凱基-岡山,2024-08-02,9209
2402,毅嘉,13,1,12,凱基-岡山,2024-08-02,9209
00713,元大台灣高息低波,11,0,11,凱基-岡山,2024-08-02,9209
00941,中信上游半導體,11,0,11,凱基-岡山,2024-08-02,9209
5531,鄉林,11,0,11,凱基-岡山,2024-08-02,9209
6116,彩晶,11,0,11,凱基-岡山,2024-08-02,9209
3037,欣興,14,3,11,凱基-岡山,2024-08-02,9209
006208,富邦台50,11,1,10,凱基-岡山,2024-08-02,9209
00753L,中信中國50正2,10,0,10,凱基-岡山,2024-08-02,9209
00929,復華台灣科技優息,437,104,333,凱基-岡山,2024-08-05,9209
00946,群益科技高息成長,245,11,234,凱基-岡山,2024-08-05,9209
1314,中石化,107,0,107,凱基-岡山,2024-08-05,9209
00878,國泰永續高股息,155,58,97,凱基-岡山,2024-08-05,9209
0056,元大高股息,93,5,88,凱基-岡山,2024-08-05,9209
00688L,國泰20年美債正2,110,25,85,凱基-岡山,2024-08-05,9209
3481,群創,99,30,69,凱基-岡山,2024-08-05,9209
00940,元大台灣價值高息,191,125,66,凱基-岡山,2024-08-05,9209
00919,群益台灣精選高息,125,66,59,凱基-岡山,2024-08-05,9209
2201,裕隆,50,0,50,凱基-岡山,2024-08-05,9209
00679B,元大美債20年,82,35,47,凱基-岡山,2024-08-05,9209
00944,野村趨勢動能高息,47,0,47,凱基-岡山,2024-08-05,9209
1536,和大,45,4,41,凱基-岡山,2024-08-05,9209
2317,鴻海,87,49,38,凱基-岡山,2024-08-05,9209
0050,元大台灣50,40,4,36,凱基-岡山,2024-08-05,9209
00715L,期街口布蘭特正2,66,31,35,凱基-岡山,2024-08-05,9209
6835,圓裕,38,4,34,凱基-岡山,2024-08-05,9209
00939,統一台灣高息動能,31,0,31,凱基-岡山,2024-08-05,9209
2337,旺宏,46,16,30,凱基-岡山,2024-08-05,9209
2812,台中銀,30,0,30,凱基-岡山,2024-08-05,9209
00936,台新永續高息中小,29,0,29,凱基-岡山,2024-08-05,9209
00654R,富邦印度反1,28,0,28,凱基-岡山,2024-08-05,9209
2330,台積電,33,9,24,凱基-岡山,2024-08-05,9209
1304,台聚,24,0,24,凱基-岡山,2024-08-05,9209
9103,美德醫療-DR,24,0,24,凱基-岡山,2024-08-05,9209
2014,中鴻,22,0,22,凱基-岡山,2024-08-05,9209
1597,直得,23,2,21,凱基-岡山,2024-08-05,9209
2371,大同,23,2,21,凱基-岡山,2024-08-05,9209
006208,富邦台50,22,1,21,凱基-岡山,2024-08-05,9209
00642U,期元大S＆P石油,20,0,20,凱基-岡山,2024-08-05,9209
1310,台苯,20,0,20,凱基-岡山,2024-08-05,9209
2596,綠意,20,0,20,凱基-岡山,2024-08-05,9209
2606,裕民,21,2,19,凱基-岡山,2024-08-05,9209
1101,台泥,27,9,18,凱基-岡山,2024-08-05,9209
2618,長榮航,20,2,18,凱基-岡山,2024-08-05,9209
00680L,元大美債20正2,68,50,18,凱基-岡山,2024-08-05,9209
6173,信昌電,18,0,18,凱基-岡山,2024-08-05,9209
9105,泰金寶-DR,62,45,17,凱基-岡山,2024-08-05,9209
2031,新光鋼,19,3,16,凱基-岡山,2024-08-05,9209
00947,台新臺灣IC設計,16,0,16,凱基-岡山,2024-08-05,9209
6548,長科*,16,0,16,凱基-岡山,2024-08-05,9209
00713,元大台灣高息低波,18,3,15,凱基-岡山,2024-08-05,9209
00927,群益半導體收益,15,0,15,凱基-岡山,2024-08-05,9209
00942B,台新美A公司債20+,15,0,15,凱基-岡山,2024-08-05,9209
2065,世豐,14,0,14,凱基-岡山,2024-08-05,9209
3036,文曄,14,0,14,凱基-岡山,2024-08-05,9209
5351,鈺創,15,1,14,凱基-岡山,2024-08-05,9209
5880,合庫金,18,4,14,凱基-岡山,2024-08-05,9209
00905,FT臺灣Smart,13,0,13,凱基-岡山,2024-08-05,9209
00882,中信中國高股息,14,1,13,凱基-岡山,2024-08-05,9209
00654R,富邦印度反1,210,0,210,凱基-岡山,2024-08-06,9209
00940,元大台灣價值高息,126,10,116,凱基-岡山,2024-08-06,9209
00946,群益科技高息成長,104,1,103,凱基-岡山,2024-08-06,9209
2489,瑞軒,77,3,74,凱基-岡山,2024-08-06,9209
00936,台新永續高息中小,77,10,67,凱基-岡山,2024-08-06,9209
00679B,元大美債20年,74,23,51,凱基-岡山,2024-08-06,9209
2812,台中銀,47,3,44,凱基-岡山,2024-08-06,9209
3024,憶聲,35,0,35,凱基-岡山,2024-08-06,9209
00632R,元大台灣50反1,41,15,26,凱基-岡山,2024-08-06,9209
1536,和大,30,4,26,凱基-岡山,2024-08-06,9209
2515,中工,31,5,26,凱基-岡山,2024-08-06,9209
9105,泰金寶-DR,24,0,24,凱基-岡山,2024-08-06,9209
6016,康和證,20,0,20,凱基-岡山,2024-08-06,9209
2409,友達,23,3,20,凱基-岡山,2024-08-06,9209
2834,臺企銀,23,4,19,凱基-岡山,2024-08-06,9209
2337,旺宏,32,13,19,凱基-岡山,2024-08-06,9209
2887,台新金,19,1,18,凱基-岡山,2024-08-06,9209
00948B,中信優息投資級債,18,0,18,凱基-岡山,2024-08-06,9209
2609,陽明,39,21,18,凱基-岡山,2024-08-06,9209
4113,聯上,20,2,18,凱基-岡山,2024-08-06,9209
3013,晟銘電,27,13,14,凱基-岡山,2024-08-06,9209
0050,元大台灣50,24,12,12,凱基-岡山,2024-08-06,9209
00923,群益台ESG低碳50,13,1,12,凱基-岡山,2024-08-06,9209
6835,圓裕,12,0,12,凱基-岡山,2024-08-06,9209
2915,潤泰全,10,0,10,凱基-岡山,2024-08-06,9209
3037,欣興,15,5,10,凱基-岡山,2024-08-06,9209
00933B,國泰10Y+金融債,13,3,10,凱基-岡山,2024-08-06,9209
00932,兆豐永續高息等權,10,0,10,凱基-岡山,2024-08-06,9209
00882,中信中國高股息,20,10,10,凱基-岡山,2024-08-06,9209
1808,潤隆,11,1,10,凱基-岡山,2024-08-06,9209
2349,錸德,10,0,10,凱基-岡山,2024-08-06,9209
3228,金麗科,10,0,10,凱基-岡山,2024-08-06,9209
0056,元大高股息,19,10,9,凱基-岡山,2024-08-06,9209
2402,毅嘉,14,5,9,凱基-岡山,2024-08-06,9209
3711,日月光投控,12,3,9,凱基-岡山,2024-08-06,9209
8021,尖點,9,0,9,凱基-岡山,2024-08-06,9209
2476,鉅祥,8,0,8,凱基-岡山,2024-08-06,9209
3576,聯合再生,18,10,8,凱基-岡山,2024-08-06,9209
4729,熒茂,8,0,8,凱基-岡山,2024-08-06,9209
5512,力麒,8,0,8,凱基-岡山,2024-08-06,9209
5531,鄉林,8,0,8,凱基-岡山,2024-08-06,9209
6173,信昌電,8,0,8,凱基-岡山,2024-08-06,9209
00907,永豐優息存股,7,0,7,凱基-岡山,2024-08-06,9209
00944,野村趨勢動能高息,8,1,7,凱基-岡山,2024-08-06,9209
4545,銘鈺,11,4,7,凱基-岡山,2024-08-06,9209
8374,羅昇,7,0,7,凱基-岡山,2024-08-06,9209
2002,中鋼,7,1,6,凱基-岡山,2024-08-06,9209
4114,健喬,6,0,6,凱基-岡山,2024-08-06,9209
1316,上曜,11,5,6,凱基-岡山,2024-08-06,9209
2401,凌陽,6,0,6,凱基-岡山,2024-08-06,9209
00940,元大台灣價值高息,153,9,144,凱基-岡山,2024-08-07,9209
00632R,元大台灣50反1,125,1,124,凱基-岡山,2024-08-07,9209
00664R,國泰臺灣加權反1,120,0,120,凱基-岡山,2024-08-07,9209
00936,台新永續高息中小,110,6,104,凱基-岡山,2024-08-07,9209
00679B,元大美債20年,109,7,102,凱基-岡山,2024-08-07,9209
00676R,富邦臺灣加權反1,85,0,85,凱基-岡山,2024-08-07,9209
00662,富邦NASDAQ,68,0,68,凱基-岡山,2024-08-07,9209
1402,遠東新,55,0,55,凱基-岡山,2024-08-07,9209
2883,凱基金,110,55,55,凱基-岡山,2024-08-07,9209
00878,國泰永續高股息,63,24,39,凱基-岡山,2024-08-07,9209
2603,長榮,40,6,34,凱基-岡山,2024-08-07,9209
00923,群益台ESG低碳50,31,0,31,凱基-岡山,2024-08-07,9209
3710,連展投控,30,0,30,凱基-岡山,2024-08-07,9209
00715L,期街口布蘭特正2,40,12,28,凱基-岡山,2024-08-07,9209
1540,喬福,59,31,28,凱基-岡山,2024-08-07,9209
1609,大亞,32,4,28,凱基-岡山,2024-08-07,9209
00915,凱基優選高股息30,21,0,21,凱基-岡山,2024-08-07,9209
3481,群創,20,0,20,凱基-岡山,2024-08-07,9209
5371,中光電,20,0,20,凱基-岡山,2024-08-07,9209
00927,群益半導體收益,16,0,16,凱基-岡山,2024-08-07,9209
2409,友達,16,1,15,凱基-岡山,2024-08-07,9209
00687B,國泰20年美債,16,2,14,凱基-岡山,2024-08-07,9209
6770,力積電,22,8,14,凱基-岡山,2024-08-07,9209
2317,鴻海,44,31,13,凱基-岡山,2024-08-07,9209
00680L,元大美債20正2,45,32,13,凱基-岡山,2024-08-07,9209
00947,台新臺灣IC設計,12,0,12,凱基-岡山,2024-08-07,9209
1808,潤隆,12,1,11,凱基-岡山,2024-08-07,9209
00933B,國泰10Y+金融債,10,0,10,凱基-岡山,2024-08-07,9209
6550,北極星藥業-KY,10,0,10,凱基-岡山,2024-08-07,9209
6213,聯茂,11,2,9,凱基-岡山,2024-08-07,9209
9105,泰金寶-DR,10,1,9,凱基-岡山,2024-08-07,9209
2408,南亞科,8,0,8,凱基-岡山,2024-08-07,9209
2363,矽統,15,8,7,凱基-岡山,2024-08-07,9209
2457,飛宏,7,0,7,凱基-岡山,2024-08-07,9209
2501,國建,10,3,7,凱基-岡山,2024-08-07,9209
00891,中信關鍵半導體,6,0,6,凱基-岡山,2024-08-07,9209
2615,萬海,27,21,6,凱基-岡山,2024-08-07,9209
00670L,富邦NASDAQ正2,6,0,6,凱基-岡山,2024-08-07,9209
3029,零壹,6,0,6,凱基-岡山,2024-08-07,9209
4976,佳凌,6,0,6,凱基-岡山,2024-08-07,9209
5905,南仁湖,6,0,6,凱基-岡山,2024-08-07,9209
9103,美德醫療-DR,6,0,6,凱基-岡山,2024-08-07,9209
2002,中鋼,11,6,5,凱基-岡山,2024-08-07,9209
2887,台新金,5,0,5,凱基-岡山,2024-08-07,9209
3374,精材,6,1,5,凱基-岡山,2024-08-07,9209
00946,群益科技高息成長,5,0,5,凱基-岡山,2024-08-07,9209
1720,生達,5,0,5,凱基-岡山,2024-08-07,9209
3313,斐成,5,0,5,凱基-岡山,2024-08-07,9209
3712,永崴投控,5,0,5,凱基-岡山,2024-08-07,9209
4903,聯光通,5,0,5,凱基-岡山,2024-08-07,9209
00929,復華台灣科技優息,108,4,104,凱基-岡山,2024-08-08,9209
4566,時碩工業,91,0,91,凱基-岡山,2024-08-08,9209
9105,泰金寶-DR,55,0,55,凱基-岡山,2024-08-08,9209
00878,國泰永續高股息,91,54,37,凱基-岡山,2024-08-08,9209
2344,華邦電,45,11,34,凱基-岡山,2024-08-08,9209
00680L,元大美債20正2,32,0,32,凱基-岡山,2024-08-08,9209
00940,元大台灣價值高息,22,1,21,凱基-岡山,2024-08-08,9209
2014,中鴻,20,0,20,凱基-岡山,2024-08-08,9209
2834,臺企銀,20,0,20,凱基-岡山,2024-08-08,9209
6187,萬潤,20,0,20,凱基-岡山,2024-08-08,9209
2886,兆豐金,19,0,19,凱基-岡山,2024-08-08,9209
4545,銘鈺,20,1,19,凱基-岡山,2024-08-08,9209
2070,精湛,17,0,17,凱基-岡山,2024-08-08,9209
2109,華豐,15,0,15,凱基-岡山,2024-08-08,9209
00919,群益台灣精選高息,17,2,15,凱基-岡山,2024-08-08,9209
00687B,國泰20年美債,19,5,14,凱基-岡山,2024-08-08,9209
2349,錸德,131,119,12,凱基-岡山,2024-08-08,9209
00712,復華富時不動產,11,0,11,凱基-岡山,2024-08-08,9209
2609,陽明,18,7,11,凱基-岡山,2024-08-08,9209
2892,第一金,11,0,11,凱基-岡山,2024-08-08,9209
5880,合庫金,11,0,11,凱基-岡山,2024-08-08,9209
00642U,期元大S＆P石油,10,0,10,凱基-岡山,2024-08-08,9209
1305,華夏,10,0,10,凱基-岡山,2024-08-08,9209
5443,均豪,14,4,10,凱基-岡山,2024-08-08,9209
6928,攸泰科技,10,0,10,凱基-岡山,2024-08-08,9209
8163,達方,10,0,10,凱基-岡山,2024-08-08,9209
00946,群益科技高息成長,10,1,9,凱基-岡山,2024-08-08,9209
1723,中碳,15,6,9,凱基-岡山,2024-08-08,9209
2317,鴻海,31,23,8,凱基-岡山,2024-08-08,9209
00713,元大台灣高息低波,8,0,8,凱基-岡山,2024-08-08,9209
2888,新光金,8,0,8,凱基-岡山,2024-08-08,9209
2897,王道銀行,8,0,8,凱基-岡山,2024-08-08,9209
3036A,文曄甲特,8,0,8,凱基-岡山,2024-08-08,9209
8942,森鉅,8,0,8,凱基-岡山,2024-08-08,9209
00679B,元大美債20年,28,21,7,凱基-岡山,2024-08-08,9209
2330,台積電,7,0,7,凱基-岡山,2024-08-08,9209
1301,台塑,8,1,7,凱基-岡山,2024-08-08,9209
2009,第一銅,7,0,7,凱基-岡山,2024-08-08,9209
2243,宏旭-KY,9,2,7,凱基-岡山,2024-08-08,9209
3481,群創,8,1,7,凱基-岡山,2024-08-08,9209
4510,高鋒,12,5,7,凱基-岡山,2024-08-08,9209
2363,矽統,16,10,6,凱基-岡山,2024-08-08,9209
00675L,富邦臺灣加權正2,7,1,6,凱基-岡山,2024-08-08,9209
2515,中工,6,0,6,凱基-岡山,2024-08-08,9209
5905,南仁湖,6,0,6,凱基-岡山,2024-08-08,9209
6125,廣運,8,2,6,凱基-岡山,2024-08-08,9209
2883,凱基金,5,0,5,凱基-岡山,2024-08-08,9209
00631L,元大台灣50正2,5,0,5,凱基-岡山,2024-08-08,9209
1603,華電,5,0,5,凱基-岡山,2024-08-08,9209
1905,華紙,5,0,5,凱基-岡山,2024-08-08,9209
00632R,元大台灣50反1,100,10,90,凱基-岡山,2024-08-09,9209
2888,新光金,88,0,88,凱基-岡山,2024-08-09,9209
00937B,群益ESG投等債20,74,0,74,凱基-岡山,2024-08-09,9209
9105,泰金寶-DR,52,0,52,凱基-岡山,2024-08-09,9209
00948B,中信優息投資級債,50,0,50,凱基-岡山,2024-08-09,9209
00687B,國泰20年美債,44,8,36,凱基-岡山,2024-08-09,9209
00679B,元大美債20年,45,12,33,凱基-岡山,2024-08-09,9209
1785,光洋科,82,50,32,凱基-岡山,2024-08-09,9209
5531,鄉林,32,0,32,凱基-岡山,2024-08-09,9209
00680L,元大美債20正2,32,3,29,凱基-岡山,2024-08-09,9209
9902,台火,25,0,25,凱基-岡山,2024-08-09,9209
9906,欣巴巴,25,0,25,凱基-岡山,2024-08-09,9209
5511,德昌,20,0,20,凱基-岡山,2024-08-09,9209
2882,國泰金,20,1,19,凱基-岡山,2024-08-09,9209
00688L,國泰20年美債正2,22,6,16,凱基-岡山,2024-08-09,9209
2103,台橡,15,0,15,凱基-岡山,2024-08-09,9209
3710,連展投控,30,15,15,凱基-岡山,2024-08-09,9209
00891,中信關鍵半導體,15,1,14,凱基-岡山,2024-08-09,9209
2489,瑞軒,31,18,13,凱基-岡山,2024-08-09,9209
2349,錸德,13,0,13,凱基-岡山,2024-08-09,9209
2891,中信金,14,1,13,凱基-岡山,2024-08-09,9209
00936,台新永續高息中小,13,0,13,凱基-岡山,2024-08-09,9209
2603,長榮,28,15,13,凱基-岡山,2024-08-09,9209
6285,啟��,14,2,12,凱基-岡山,2024-08-09,9209
1314,中石化,13,1,12,凱基-岡山,2024-08-09,9209
2605,新興,12,0,12,凱基-岡山,2024-08-09,9209
8110,華東,12,0,12,凱基-岡山,2024-08-09,9209
00935,野村臺灣新科技50,11,0,11,凱基-岡山,2024-08-09,9209
00933B,國泰10Y+金融債,10,0,10,凱基-岡山,2024-08-09,9209
6531,愛普*,10,0,10,凱基-岡山,2024-08-09,9209
1416,廣豐,10,0,10,凱基-岡山,2024-08-09,9209
3025,星通,10,0,10,凱基-岡山,2024-08-09,9209
3312,弘憶股,13,3,10,凱基-岡山,2024-08-09,9209
6117,迎廣,10,0,10,凱基-岡山,2024-08-09,9209
00878,國泰永續高股息,30,21,9,凱基-岡山,2024-08-09,9209
2313,華通,9,0,9,凱基-岡山,2024-08-09,9209
2464,盟立,13,4,9,凱基-岡山,2024-08-09,9209
2337,旺宏,10,2,8,凱基-岡山,2024-08-09,9209
5905,南仁湖,12,4,8,凱基-岡山,2024-08-09,9209
2365,昆盈,54,47,7,凱基-岡山,2024-08-09,9209
6603,富強鑫,7,0,7,凱基-岡山,2024-08-09,9209
00725B,國泰投資級公司債,7,0,7,凱基-岡山,2024-08-09,9209
3163,波若威,7,1,6,凱基-岡山,2024-08-09,9209
5443,均豪,21,15,6,凱基-岡山,2024-08-09,9209
00946,群益科技高息成長,5,0,5,凱基-岡山,2024-08-09,9209
4949,有成精密,5,0,5,凱基-岡山,2024-08-09,9209
6156,松上,5,0,5,凱基-岡山,2024-08-09,9209
7556,意德士,5,0,5,凱基-岡山,2024-08-09,9209
00919,群益台灣精選高息,5,0,5,凱基-岡山,2024-08-09,9209
3580,友威科,6,2,4,凱基-岡山,2024-08-09,9209
00676R,富邦臺灣加權反1,296,95,201,凱基-岡山,2024-08-12,9209
00948B,中信優息投資級債,120,0,120,凱基-岡山,2024-08-12,9209
00679B,元大美債20年,100,0,100,凱基-岡山,2024-08-12,9209
2883,凱基金,100,3,97,凱基-岡山,2024-08-12,9209
00632R,元大台灣50反1,151,58,93,凱基-岡山,2024-08-12,9209
9105,泰金寶-DR,51,0,51,凱基-岡山,2024-08-12,9209
00915,凱基優選高股息30,54,20,34,凱基-岡山,2024-08-12,9209
00900,富邦特選高股息30,33,0,33,凱基-岡山,2024-08-12,9209
2610,華航,36,3,33,凱基-岡山,2024-08-12,9209
00688L,國泰20年美債正2,30,0,30,凱基-岡山,2024-08-12,9209
2024,志聯,26,0,26,凱基-岡山,2024-08-12,9209
2537,聯上發,25,0,25,凱基-岡山,2024-08-12,9209
00929,復華台灣科技優息,74,53,21,凱基-岡山,2024-08-12,9209
00680L,元大美債20正2,65,45,20,凱基-岡山,2024-08-12,9209
00713,元大台灣高息低波,12,0,12,凱基-岡山,2024-08-12,9209
00923,群益台ESG低碳50,20,8,12,凱基-岡山,2024-08-12,9209
2349,錸德,12,0,12,凱基-岡山,2024-08-12,9209
2882,國泰金,11,0,11,凱基-岡山,2024-08-12,9209
1314,中石化,11,0,11,凱基-岡山,2024-08-12,9209
2365,昆盈,68,57,11,凱基-岡山,2024-08-12,9209
2515,中工,20,9,11,凱基-岡山,2024-08-12,9209
2409,友達,11,0,11,凱基-岡山,2024-08-12,9209
4113,聯上,10,0,10,凱基-岡山,2024-08-12,9209
4583,台灣精銳,10,0,10,凱基-岡山,2024-08-12,9209
5371,中光電,10,0,10,凱基-岡山,2024-08-12,9209
3535,晶彩科,11,1,10,凱基-岡山,2024-08-12,9209
1513,中興電,9,1,8,凱基-岡山,2024-08-12,9209
2363,矽統,11,3,8,凱基-岡山,2024-08-12,9209
00940,元大台灣價值高息,7,0,7,凱基-岡山,2024-08-12,9209
4513,福裕,8,1,7,凱基-岡山,2024-08-12,9209
5392,能率,7,0,7,凱基-岡山,2024-08-12,9209
2812,台中銀,6,0,6,凱基-岡山,2024-08-12,9209
00937B,群益ESG投等債20,12,6,6,凱基-岡山,2024-08-12,9209
3189,景碩,10,4,6,凱基-岡山,2024-08-12,9209
8021,尖點,9,3,6,凱基-岡山,2024-08-12,9209
2062,橋椿,7,2,5,凱基-岡山,2024-08-12,9209
2427,三商電,10,5,5,凱基-岡山,2024-08-12,9209
2489,瑞軒,17,12,5,凱基-岡山,2024-08-12,9209
00918,大華優利高填息30,4,0,4,凱基-岡山,2024-08-12,9209
2359,所羅門,41,37,4,凱基-岡山,2024-08-12,9209
6213,聯茂,6,2,4,凱基-岡山,2024-08-12,9209
00715L,期街口布蘭特正2,7,3,4,凱基-岡山,2024-08-12,9209
2845,遠東銀,4,0,4,凱基-岡山,2024-08-12,9209
2880,華南金,5,1,4,凱基-岡山,2024-08-12,9209
3714,富采,4,0,4,凱基-岡山,2024-08-12,9209
4960,誠美材,4,0,4,凱基-岡山,2024-08-12,9209
5202,力新,4,0,4,凱基-岡山,2024-08-12,9209
6546,正基,4,0,4,凱基-岡山,2024-08-12,9209
8390,金益鼎,4,0,4,凱基-岡山,2024-08-12,9209
3481,群創,33,29,4,凱基-岡山,2024-08-12,9209
00929,復華台灣科技優息,187,12,175,凱基-岡山,2024-08-13,9209
2888,新光金,134,14,120,凱基-岡山,2024-08-13,9209
2883,凱基金,101,0,101,凱基-岡山,2024-08-13,9209
1314,中石化,97,0,97,凱基-岡山,2024-08-13,9209
00676R,富邦臺灣加權反1,84,0,84,凱基-岡山,2024-08-13,9209
2880,華南金,62,0,62,凱基-岡山,2024-08-13,9209
2024,志聯,58,0,58,凱基-岡山,2024-08-13,9209
3284,太普高,34,2,32,凱基-岡山,2024-08-13,9209
00688L,國泰20年美債正2,30,0,30,凱基-岡山,2024-08-13,9209
1785,光洋科,61,31,30,凱基-岡山,2024-08-13,9209
3710,連展投控,30,0,30,凱基-岡山,2024-08-13,9209
3024,憶聲,27,0,27,凱基-岡山,2024-08-13,9209
00679B,元大美債20年,18,0,18,凱基-岡山,2024-08-13,9209
00881,國泰台灣5G+,19,2,17,凱基-岡山,2024-08-13,9209
2365,昆盈,33,17,16,凱基-岡山,2024-08-13,9209
6187,萬潤,16,0,16,凱基-岡山,2024-08-13,9209
2609,陽明,14,0,14,凱基-岡山,2024-08-13,9209
00712,復華富時不動產,14,1,13,凱基-岡山,2024-08-13,9209
2892,第一金,11,0,11,凱基-岡山,2024-08-13,9209
00878,國泰永續高股息,17,6,11,凱基-岡山,2024-08-13,9209
2615,萬海,17,6,11,凱基-岡山,2024-08-13,9209
6505,台塑化,10,0,10,凱基-岡山,2024-08-13,9209
00795B,中信美國公債20年,10,0,10,凱基-岡山,2024-08-13,9209
00902,中信電池及儲能,10,0,10,凱基-岡山,2024-08-13,9209
00673R,期元大S＆P原油反1,10,0,10,凱基-岡山,2024-08-13,9209
2243,宏旭-KY,10,0,10,凱基-岡山,2024-08-13,9209
3032,偉訓,10,0,10,凱基-岡山,2024-08-13,9209
3481,群創,10,0,10,凱基-岡山,2024-08-13,9209
2834,臺企銀,8,0,8,凱基-岡山,2024-08-13,9209
3231,緯創,14,6,8,凱基-岡山,2024-08-13,9209
9945,潤泰新,8,0,8,凱基-岡山,2024-08-13,9209
00713,元大台灣高息低波,6,0,6,凱基-岡山,2024-08-13,9209
1513,中興電,14,8,6,凱基-岡山,2024-08-13,9209
2610,華航,6,0,6,凱基-岡山,2024-08-13,9209
3060,銘異,6,0,6,凱基-岡山,2024-08-13,9209
2344,華邦電,16,10,6,凱基-岡山,2024-08-13,9209
2031,新光鋼,5,0,5,凱基-岡山,2024-08-13,9209
00941,中信上游半導體,5,0,5,凱基-岡山,2024-08-13,9209
00948B,中信優息投資級債,5,0,5,凱基-岡山,2024-08-13,9209
1446,宏和,5,0,5,凱基-岡山,2024-08-13,9209
2440,太空梭,5,0,5,凱基-岡山,2024-08-13,9209
2515,中工,8,3,5,凱基-岡山,2024-08-13,9209
2636,台驊控股,5,0,5,凱基-岡山,2024-08-13,9209
4979,華星光,6,1,5,凱基-岡山,2024-08-13,9209
6116,彩晶,5,0,5,凱基-岡山,2024-08-13,9209
6141,柏承,5,0,5,凱基-岡山,2024-08-13,9209
2886,兆豐金,5,0,5,凱基-岡山,2024-08-13,9209
2317,鴻海,22,17,5,凱基-岡山,2024-08-13,9209
00950B,凱基A級公司債,4,0,4,凱基-岡山,2024-08-13,9209
1514,亞力,7,3,4,凱基-岡山,2024-08-13,9209
00679B,元大美債20年,181,0,181,凱基-岡山,2024-08-14,9209
00948B,中信優息投資級債,109,0,109,凱基-岡山,2024-08-14,9209
00665L,富邦�琤肭磪囓�2,100,20,80,凱基-岡山,2024-08-14,9209
00680L,元大美債20正2,64,1,63,凱基-岡山,2024-08-14,9209
00715L,期街口布蘭特正2,56,0,56,凱基-岡山,2024-08-14,9209
2888,新光金,59,7,52,凱基-岡山,2024-08-14,9209
00676R,富邦臺灣加權反1,150,100,50,凱基-岡山,2024-08-14,9209
3058,立德,49,0,49,凱基-岡山,2024-08-14,9209
2883,凱基金,53,6,47,凱基-岡山,2024-08-14,9209
2070,精湛,32,0,32,凱基-岡山,2024-08-14,9209
2101,南港,30,2,28,凱基-岡山,2024-08-14,9209
00900,富邦特選高股息30,22,0,22,凱基-岡山,2024-08-14,9209
1301,台塑,22,0,22,凱基-岡山,2024-08-14,9209
2882,國泰金,25,3,22,凱基-岡山,2024-08-14,9209
00753L,中信中國50正2,20,4,16,凱基-岡山,2024-08-14,9209
00878,國泰永續高股息,38,22,16,凱基-岡山,2024-08-14,9209
2401,凌陽,16,1,15,凱基-岡山,2024-08-14,9209
2615,萬海,19,4,15,凱基-岡山,2024-08-14,9209
2743,山富,14,0,14,凱基-岡山,2024-08-14,9209
3036A,文曄甲特,13,0,13,凱基-岡山,2024-08-14,9209
3284,太普高,13,0,13,凱基-岡山,2024-08-14,9209
00919,群益台灣精選高息,14,1,13,凱基-岡山,2024-08-14,9209
00936,台新永續高息中小,11,0,11,凱基-岡山,2024-08-14,9209
2002,中鋼,17,6,11,凱基-岡山,2024-08-14,9209
00688L,國泰20年美債正2,21,11,10,凱基-岡山,2024-08-14,9209
2312,金寶,17,7,10,凱基-岡山,2024-08-14,9209
3213,茂訊,10,0,10,凱基-岡山,2024-08-14,9209
4562,穎漢,46,36,10,凱基-岡山,2024-08-14,9209
4931,新盛力,10,0,10,凱基-岡山,2024-08-14,9209
3481,群創,20,11,9,凱基-岡山,2024-08-14,9209
2609,陽明,30,21,9,凱基-岡山,2024-08-14,9209
6125,廣運,17,8,9,凱基-岡山,2024-08-14,9209
3046,建��,10,2,8,凱基-岡山,2024-08-14,9209
6274,台燿,11,3,8,凱基-岡山,2024-08-14,9209
00881,國泰台灣5G+,23,16,7,凱基-岡山,2024-08-14,9209
3535,晶彩科,10,3,7,凱基-岡山,2024-08-14,9209
00882,中信中國高股息,7,0,7,凱基-岡山,2024-08-14,9209
4513,福裕,31,24,7,凱基-岡山,2024-08-14,9209
4739,康普,7,0,7,凱基-岡山,2024-08-14,9209
8028,昇陽半導體,7,0,7,凱基-岡山,2024-08-14,9209
1815,富喬,6,0,6,凱基-岡山,2024-08-14,9209
2489,瑞軒,6,0,6,凱基-岡山,2024-08-14,9209
3048,益登,12,6,6,凱基-岡山,2024-08-14,9209
00891,中信關鍵半導體,5,0,5,凱基-岡山,2024-08-14,9209
00931B,統一美債20年,5,0,5,凱基-岡山,2024-08-14,9209
2359,所羅門,33,28,5,凱基-岡山,2024-08-14,9209
2429,銘旺科,5,0,5,凱基-岡山,2024-08-14,9209
2497,怡利電,7,2,5,凱基-岡山,2024-08-14,9209
2834,臺企銀,8,3,5,凱基-岡山,2024-08-14,9209
3303,岱稜,23,18,5,凱基-岡山,2024-08-14,9209
2801,彰銀,1726,1,1725,凱基-岡山,2024-08-15,9209
00679B,元大美債20年,142,0,142,凱基-岡山,2024-08-15,9209
00937B,群益ESG投等債20,182,41,141,凱基-岡山,2024-08-15,9209
00688L,國泰20年美債正2,123,0,123,凱基-岡山,2024-08-15,9209
2337,旺宏,100,1,99,凱基-岡山,2024-08-15,9209
00680L,元大美債20正2,95,1,94,凱基-岡山,2024-08-15,9209
00900,富邦特選高股息30,84,0,84,凱基-岡山,2024-08-15,9209
2101,南港,70,3,67,凱基-岡山,2024-08-15,9209
00687B,國泰20年美債,49,0,49,凱基-岡山,2024-08-15,9209
1316,上曜,50,2,48,凱基-岡山,2024-08-15,9209
1402,遠東新,35,0,35,凱基-岡山,2024-08-15,9209
00878,國泰永續高股息,32,1,31,凱基-岡山,2024-08-15,9209
00641R,富邦日本反1,30,0,30,凱基-岡山,2024-08-15,9209
00731,復華富時高息低波,29,0,29,凱基-岡山,2024-08-15,9209
2002,中鋼,30,3,27,凱基-岡山,2024-08-15,9209
1609,大亞,32,6,26,凱基-岡山,2024-08-15,9209
2356,英業達,22,0,22,凱基-岡山,2024-08-15,9209
2352,佳世達,15,1,14,凱基-岡山,2024-08-15,9209
00632R,元大台灣50反1,24,10,14,凱基-岡山,2024-08-15,9209
00936,台新永續高息中小,24,10,14,凱基-岡山,2024-08-15,9209
00915,凱基優選高股息30,13,0,13,凱基-岡山,2024-08-15,9209
6603,富強鑫,13,0,13,凱基-岡山,2024-08-15,9209
9945,潤泰新,13,0,13,凱基-岡山,2024-08-15,9209
2481,強茂,12,0,12,凱基-岡山,2024-08-15,9209
00933B,國泰10Y+金融債,11,0,11,凱基-岡山,2024-08-15,9209
00944,野村趨勢動能高息,11,0,11,凱基-岡山,2024-08-15,9209
00712,復華富時不動產,10,0,10,凱基-岡山,2024-08-15,9209
00951,台新日本半導體,10,0,10,凱基-岡山,2024-08-15,9209
5530,龍巖,10,0,10,凱基-岡山,2024-08-15,9209
2834,臺企銀,12,2,10,凱基-岡山,2024-08-15,9209
3324,雙鴻,9,0,9,凱基-岡山,2024-08-15,9209
00946,群益科技高息成長,9,0,9,凱基-岡山,2024-08-15,9209
2303,聯電,12,4,8,凱基-岡山,2024-08-15,9209
3711,日月光投控,7,0,7,凱基-岡山,2024-08-15,9209
5512,力麒,7,0,7,凱基-岡山,2024-08-15,9209
0056,元大高股息,6,0,6,凱基-岡山,2024-08-15,9209
2886,兆豐金,7,1,6,凱基-岡山,2024-08-15,9209
4576,大銀微系統,6,0,6,凱基-岡山,2024-08-15,9209
2317,鴻海,14,9,5,凱基-岡山,2024-08-15,9209
00881,國泰台灣5G+,8,3,5,凱基-岡山,2024-08-15,9209
3019,亞光,30,25,5,凱基-岡山,2024-08-15,9209
2891,中信金,6,1,5,凱基-岡山,2024-08-15,9209
2882,國泰金,5,0,5,凱基-岡山,2024-08-15,9209
3707,漢磊,5,0,5,凱基-岡山,2024-08-15,9209
4533,協易機,5,0,5,凱基-岡山,2024-08-15,9209
6505,台塑化,5,0,5,凱基-岡山,2024-08-15,9209
8105,凌巨,5,0,5,凱基-岡山,2024-08-15,9209
2867,三商壽,30,25,5,凱基-岡山,2024-08-15,9209
2449,京元電子,13,9,4,凱基-岡山,2024-08-15,9209
00948B,中信優息投資級債,4,0,4,凱基-岡山,2024-08-15,9209
2801,彰銀,431,0,431,凱基-岡山,2024-08-16,9209
00948B,中信優息投資級債,202,0,202,凱基-岡山,2024-08-16,9209
00676R,富邦臺灣加權反1,65,0,65,凱基-岡山,2024-08-16,9209
00878,國泰永續高股息,65,26,39,凱基-岡山,2024-08-16,9209
00687B,國泰20年美債,35,0,35,凱基-岡山,2024-08-16,9209
2363,矽統,47,12,35,凱基-岡山,2024-08-16,9209
00900,富邦特選高股息30,41,15,26,凱基-岡山,2024-08-16,9209
3706,神達,25,1,24,凱基-岡山,2024-08-16,9209
00881,國泰台灣5G+,22,2,20,凱基-岡山,2024-08-16,9209
00664R,國泰臺灣加權反1,20,0,20,凱基-岡山,2024-08-16,9209
4566,時碩工業,28,9,19,凱基-岡山,2024-08-16,9209
3715,定穎投控,24,9,15,凱基-岡山,2024-08-16,9209
4113,聯上,15,1,14,凱基-岡山,2024-08-16,9209
3284,太普高,13,0,13,凱基-岡山,2024-08-16,9209
2891,中信金,15,4,11,凱基-岡山,2024-08-16,9209
00931B,統一美債20年,10,0,10,凱基-岡山,2024-08-16,9209
1338,廣華-KY,10,0,10,凱基-岡山,2024-08-16,9209
1444,力麗,10,0,10,凱基-岡山,2024-08-16,9209
2027,大成鋼,10,0,10,凱基-岡山,2024-08-16,9209
2516,新建,10,0,10,凱基-岡山,2024-08-16,9209
3058,立德,10,0,10,凱基-岡山,2024-08-16,9209
00936,台新永續高息中小,11,2,9,凱基-岡山,2024-08-16,9209
2002,中鋼,7,0,7,凱基-岡山,2024-08-16,9209
6505,台塑化,7,0,7,凱基-岡山,2024-08-16,9209
8936,國統,9,2,7,凱基-岡山,2024-08-16,9209
3014,聯陽,6,0,6,凱基-岡山,2024-08-16,9209
3037,欣興,8,2,6,凱基-岡山,2024-08-16,9209
3048,益登,8,2,6,凱基-岡山,2024-08-16,9209
00933B,國泰10Y+金融債,5,0,5,凱基-岡山,2024-08-16,9209
00945B,凱基美國非投等債,5,0,5,凱基-岡山,2024-08-16,9209
00719B,元大美債1-3,5,0,5,凱基-岡山,2024-08-16,9209
1609,大亞,7,2,5,凱基-岡山,2024-08-16,9209
2062,橋椿,44,39,5,凱基-岡山,2024-08-16,9209
4109,加捷生醫,5,0,5,凱基-岡山,2024-08-16,9209
5011,久陽,8,3,5,凱基-岡山,2024-08-16,9209
6133,金橋,5,0,5,凱基-岡山,2024-08-16,9209
8105,凌巨,5,0,5,凱基-岡山,2024-08-16,9209
3663,鑫科,8,4,4,凱基-岡山,2024-08-16,9209
4909,新復興,4,0,4,凱基-岡山,2024-08-16,9209
00690,兆豐藍籌30,4,0,4,凱基-岡山,2024-08-16,9209
2014,中鴻,4,0,4,凱基-岡山,2024-08-16,9209
2337,旺宏,4,0,4,凱基-岡山,2024-08-16,9209
3005,神基,4,0,4,凱基-岡山,2024-08-16,9209
3339,泰谷,4,0,4,凱基-岡山,2024-08-16,9209
6160,欣技,4,0,4,凱基-岡山,2024-08-16,9209
00795B,中信美國公債20年,3,0,3,凱基-岡山,2024-08-16,9209
00641R,富邦日本反1,3,0,3,凱基-岡山,2024-08-16,9209
1711,永光,3,0,3,凱基-岡山,2024-08-16,9209
1904,正隆,3,0,3,凱基-岡山,2024-08-16,9209
3522,御嵿,3,0,3,凱基-岡山,2024-08-16,9209
00929,復華台灣科技優息,231,39,192,凱基-岡山,2024-08-19,9209
00632R,元大台灣50反1,200,20,180,凱基-岡山,2024-08-19,9209
00680L,元大美債20正2,150,0,150,凱基-岡山,2024-08-19,9209
2892,第一金,105,1,104,凱基-岡山,2024-08-19,9209
00937B,群益ESG投等債20,105,11,94,凱基-岡山,2024-08-19,9209
00715L,期街口布蘭特正2,77,18,59,凱基-岡山,2024-08-19,9209
00944,野村趨勢動能高息,50,0,50,凱基-岡山,2024-08-19,9209
3528,安馳,45,0,45,凱基-岡山,2024-08-19,9209
2369,菱生,42,0,42,凱基-岡山,2024-08-19,9209
6156,松上,38,0,38,凱基-岡山,2024-08-19,9209
1785,光洋科,89,56,33,凱基-岡山,2024-08-19,9209
00923,群益台ESG低碳50,33,0,33,凱基-岡山,2024-08-19,9209
5371,中光電,32,0,32,凱基-岡山,2024-08-19,9209
3402,漢科,30,1,29,凱基-岡山,2024-08-19,9209
00720B,元大投資級公司債,25,0,25,凱基-岡山,2024-08-19,9209
00706L,期元大S＆P日圓正2,20,0,20,凱基-岡山,2024-08-19,9209
00712,復華富時不動產,17,0,17,凱基-岡山,2024-08-19,9209
00679B,元大美債20年,33,18,15,凱基-岡山,2024-08-19,9209
2542,興富發,17,2,15,凱基-岡山,2024-08-19,9209
2002,中鋼,14,0,14,凱基-岡山,2024-08-19,9209
2405,輔信,14,0,14,凱基-岡山,2024-08-19,9209
2845,遠東銀,14,0,14,凱基-岡山,2024-08-19,9209
00907,永豐優息存股,13,0,13,凱基-岡山,2024-08-19,9209
3014,聯陽,13,0,13,凱基-岡山,2024-08-19,9209
1101,台泥,11,0,11,凱基-岡山,2024-08-19,9209
8043,蜜望實,13,2,11,凱基-岡山,2024-08-19,9209
2354,鴻準,11,1,10,凱基-岡山,2024-08-19,9209
00942B,台新美A公司債20+,10,0,10,凱基-岡山,2024-08-19,9209
1220,台榮,10,0,10,凱基-岡山,2024-08-19,9209
2401,凌陽,10,0,10,凱基-岡山,2024-08-19,9209
2349,錸德,14,5,9,凱基-岡山,2024-08-19,9209
6116,彩晶,10,1,9,凱基-岡山,2024-08-19,9209
00919,群益台灣精選高息,14,5,9,凱基-岡山,2024-08-19,9209
1454,台富,8,0,8,凱基-岡山,2024-08-19,9209
3557,嘉威,8,0,8,凱基-岡山,2024-08-19,9209
00642U,期元大S＆P石油,7,0,7,凱基-岡山,2024-08-19,9209
00722B,群益投資級電信債,7,0,7,凱基-岡山,2024-08-19,9209
2890,永豐金,7,0,7,凱基-岡山,2024-08-19,9209
2891,中信金,7,0,7,凱基-岡山,2024-08-19,9209
4906,正文,7,0,7,凱基-岡山,2024-08-19,9209
4526,東台,6,0,6,凱基-岡山,2024-08-19,9209
1301,台塑,6,0,6,凱基-岡山,2024-08-19,9209
4438,廣越,6,0,6,凱基-岡山,2024-08-19,9209
5484,慧友,6,0,6,凱基-岡山,2024-08-19,9209
2888,新光金,15,10,5,凱基-岡山,2024-08-19,9209
2027,大成鋼,5,0,5,凱基-岡山,2024-08-19,9209
2359,所羅門,18,13,5,凱基-岡山,2024-08-19,9209
1799,易威,5,0,5,凱基-岡山,2024-08-19,9209
1805,寶徠,6,1,5,凱基-岡山,2024-08-19,9209
2812,台中銀,5,0,5,凱基-岡山,2024-08-19,9209
00632R,元大台灣50反1,120,0,120,凱基-岡山,2024-08-20,9209
2888,新光金,168,76,92,凱基-岡山,2024-08-20,9209
2312,金寶,60,0,60,凱基-岡山,2024-08-20,9209
2537,聯上發,50,0,50,凱基-岡山,2024-08-20,9209
2891,中信金,53,5,48,凱基-岡山,2024-08-20,9209
2356,英業達,51,12,39,凱基-岡山,2024-08-20,9209
00687B,國泰20年美債,50,14,36,凱基-岡山,2024-08-20,9209
2317,鴻海,40,4,36,凱基-岡山,2024-08-20,9209
2332,友訊,31,0,31,凱基-岡山,2024-08-20,9209
1314,中石化,30,0,30,凱基-岡山,2024-08-20,9209
5498,凱崴,30,0,30,凱基-岡山,2024-08-20,9209
00945B,凱基美國非投等債,25,0,25,凱基-岡山,2024-08-20,9209
3710,連展投控,28,4,24,凱基-岡山,2024-08-20,9209
2369,菱生,20,0,20,凱基-岡山,2024-08-20,9209
2365,昆盈,29,13,16,凱基-岡山,2024-08-20,9209
4924,欣厚-KY,16,0,16,凱基-岡山,2024-08-20,9209
9945,潤泰新,16,0,16,凱基-岡山,2024-08-20,9209
00706L,期元大S＆P日圓正2,15,0,15,凱基-岡山,2024-08-20,9209
00731,復華富時高息低波,15,0,15,凱基-岡山,2024-08-20,9209
2062,橋椿,21,6,15,凱基-岡山,2024-08-20,9209
2515,中工,15,0,15,凱基-岡山,2024-08-20,9209
3372,典範,15,0,15,凱基-岡山,2024-08-20,9209
6147,頎邦,15,0,15,凱基-岡山,2024-08-20,9209
00679B,元大美債20年,17,2,15,凱基-岡山,2024-08-20,9209
00937B,群益ESG投等債20,14,0,14,凱基-岡山,2024-08-20,9209
3363,上詮,18,4,14,凱基-岡山,2024-08-20,9209
00929,復華台灣科技優息,25,12,13,凱基-岡山,2024-08-20,9209
5230,雷笛克光學,13,0,13,凱基-岡山,2024-08-20,9209
6505,台塑化,13,0,13,凱基-岡山,2024-08-20,9209
2417,圓剛,16,4,12,凱基-岡山,2024-08-20,9209
8011,台通,12,1,11,凱基-岡山,2024-08-20,9209
5347,世界,12,1,11,凱基-岡山,2024-08-20,9209
00664R,國泰臺灣加權反1,11,0,11,凱基-岡山,2024-08-20,9209
3402,漢科,10,0,10,凱基-岡山,2024-08-20,9209
00680L,元大美債20正2,11,1,10,凱基-岡山,2024-08-20,9209
2014,中鴻,10,0,10,凱基-岡山,2024-08-20,9209
2340,台亞,10,0,10,凱基-岡山,2024-08-20,9209
3188,鑫龍騰,10,0,10,凱基-岡山,2024-08-20,9209
8043,蜜望實,11,1,10,凱基-岡山,2024-08-20,9209
2881,富邦金,9,0,9,凱基-岡山,2024-08-20,9209
00919,群益台灣精選高息,16,7,9,凱基-岡山,2024-08-20,9209
1326,台化,8,0,8,凱基-岡山,2024-08-20,9209
2352,佳世達,8,0,8,凱基-岡山,2024-08-20,9209
00642U,期元大S＆P石油,7,0,7,凱基-岡山,2024-08-20,9209
1454,台富,7,0,7,凱基-岡山,2024-08-20,9209
4137,麗豐-KY,7,0,7,凱基-岡山,2024-08-20,9209
6835,圓裕,7,0,7,凱基-岡山,2024-08-20,9209
2867,三商壽,12,5,7,凱基-岡山,2024-08-20,9209
5512,力麒,6,0,6,凱基-岡山,2024-08-20,9209
2027,大成鋼,5,0,5,凱基-岡山,2024-08-20,9209
00919,群益台灣精選高息,100,3,97,凱基-岡山,2024-08-21,9209
2888,新光金,483,407,76,凱基-岡山,2024-08-21,9209
1785,光洋科,70,6,64,凱基-岡山,2024-08-21,9209
00687B,國泰20年美債,61,5,56,凱基-岡山,2024-08-21,9209
00929,復華台灣科技優息,184,131,53,凱基-岡山,2024-08-21,9209
2891,中信金,107,54,53,凱基-岡山,2024-08-21,9209
2545,皇翔,30,0,30,凱基-岡山,2024-08-21,9209
00878,國泰永續高股息,30,1,29,凱基-岡山,2024-08-21,9209
00715L,期街口布蘭特正2,26,0,26,凱基-岡山,2024-08-21,9209
00953B,群益優選非投等債,24,0,24,凱基-岡山,2024-08-21,9209
9105,泰金寶-DR,20,0,20,凱基-岡山,2024-08-21,9209
00680L,元大美債20正2,19,0,19,凱基-岡山,2024-08-21,9209
2489,瑞軒,17,0,17,凱基-岡山,2024-08-21,9209
2610,華航,17,0,17,凱基-岡山,2024-08-21,9209
4109,加捷生醫,21,4,17,凱基-岡山,2024-08-21,9209
00632R,元大台灣50反1,15,0,15,凱基-岡山,2024-08-21,9209
2845,遠東銀,15,0,15,凱基-岡山,2024-08-21,9209
00936,台新永續高息中小,13,0,13,凱基-岡山,2024-08-21,9209
1416,廣豐,13,0,13,凱基-岡山,2024-08-21,9209
4960,誠美材,13,0,13,凱基-岡山,2024-08-21,9209
6125,廣運,18,6,12,凱基-岡山,2024-08-21,9209
2369,菱生,11,0,11,凱基-岡山,2024-08-21,9209
5905,南仁湖,20,9,11,凱基-岡山,2024-08-21,9209
0056,元大高股息,11,0,11,凱基-岡山,2024-08-21,9209
2464,盟立,11,1,10,凱基-岡山,2024-08-21,9209
1718,中纖,10,0,10,凱基-岡山,2024-08-21,9209
2406,國碩,11,1,10,凱基-岡山,2024-08-21,9209
5498,凱崴,10,0,10,凱基-岡山,2024-08-21,9209
6477,安集,11,1,10,凱基-岡山,2024-08-21,9209
6550,北極星藥業-KY,10,0,10,凱基-岡山,2024-08-21,9209
3163,波若威,12,3,9,凱基-岡山,2024-08-21,9209
00937B,群益ESG投等債20,11,2,9,凱基-岡山,2024-08-21,9209
8054,安國,10,2,8,凱基-岡山,2024-08-21,9209
1301,台塑,8,1,7,凱基-岡山,2024-08-21,9209
8027,鈦昇,7,0,7,凱基-岡山,2024-08-21,9209
4527,方土霖,6,0,6,凱基-岡山,2024-08-21,9209
8440,綠電,15,9,6,凱基-岡山,2024-08-21,9209
1773,勝一,5,0,5,凱基-岡山,2024-08-21,9209
2027,大成鋼,5,0,5,凱基-岡山,2024-08-21,9209
2883,凱基金,5,0,5,凱基-岡山,2024-08-21,9209
3535,晶彩科,19,14,5,凱基-岡山,2024-08-21,9209
3663,鑫科,14,9,5,凱基-岡山,2024-08-21,9209
6151,晉倫,5,0,5,凱基-岡山,2024-08-21,9209
6531,愛普*,5,0,5,凱基-岡山,2024-08-21,9209
9904,寶成,5,0,5,凱基-岡山,2024-08-21,9209
1513,中興電,10,5,5,凱基-岡山,2024-08-21,9209
00940,元大台灣價值高息,17,12,5,凱基-岡山,2024-08-21,9209
2359,所羅門,4,0,4,凱基-岡山,2024-08-21,9209
6806,森崴能源,6,2,4,凱基-岡山,2024-08-21,9209
00915,凱基優選高股息30,4,0,4,凱基-岡山,2024-08-21,9209
00954,中信日本半導體,200,0,200,凱基-岡山,2024-08-22,9209
2349,錸德,205,64,141,凱基-岡山,2024-08-22,9209
00715L,期街口布蘭特正2,60,7,53,凱基-岡山,2024-08-22,9209
00679B,元大美債20年,40,0,40,凱基-岡山,2024-08-22,9209
9105,泰金寶-DR,58,25,33,凱基-岡山,2024-08-22,9209
00929,復華台灣科技優息,155,123,32,凱基-岡山,2024-08-22,9209
00687B,國泰20年美債,27,1,26,凱基-岡山,2024-08-22,9209
00680L,元大美債20正2,25,1,24,凱基-岡山,2024-08-22,9209
1785,光洋科,32,9,23,凱基-岡山,2024-08-22,9209
2505,國揚,20,0,20,凱基-岡山,2024-08-22,9209
3284,太普高,18,0,18,凱基-岡山,2024-08-22,9209
2851,中再保,23,8,15,凱基-岡山,2024-08-22,9209
4438,廣越,15,0,15,凱基-岡山,2024-08-22,9209
4510,高鋒,16,1,15,凱基-岡山,2024-08-22,9209
5519,隆大,15,0,15,凱基-岡山,2024-08-22,9209
2891,中信金,18,3,15,凱基-岡山,2024-08-22,9209
00642U,期元大S＆P石油,13,0,13,凱基-岡山,2024-08-22,9209
2610,華航,12,0,12,凱基-岡山,2024-08-22,9209
8071,能率網通,13,1,12,凱基-岡山,2024-08-22,9209
00878,國泰永續高股息,14,4,10,凱基-岡山,2024-08-22,9209
1305,華夏,10,0,10,凱基-岡山,2024-08-22,9209
3360,尚立,10,0,10,凱基-岡山,2024-08-22,9209
8064,東捷,11,1,10,凱基-岡山,2024-08-22,9209
2027,大成鋼,10,1,9,凱基-岡山,2024-08-22,9209
4545,銘鈺,9,0,9,凱基-岡山,2024-08-22,9209
4714,永捷,9,0,9,凱基-岡山,2024-08-22,9209
2317,鴻海,12,4,8,凱基-岡山,2024-08-22,9209
1708,東鹼,29,21,8,凱基-岡山,2024-08-22,9209
2520,冠德,10,2,8,凱基-岡山,2024-08-22,9209
8390,金益鼎,7,0,7,凱基-岡山,2024-08-22,9209
00946,群益科技高息成長,21,14,7,凱基-岡山,2024-08-22,9209
3047,訊舟,12,5,7,凱基-岡山,2024-08-22,9209
2834,臺企銀,7,0,7,凱基-岡山,2024-08-22,9209
2387,精元,6,0,6,凱基-岡山,2024-08-22,9209
2489,瑞軒,10,4,6,凱基-岡山,2024-08-22,9209
2609,陽明,11,6,5,凱基-岡山,2024-08-22,9209
2467,志聖,6,1,5,凱基-岡山,2024-08-22,9209
00688L,國泰20年美債正2,5,0,5,凱基-岡山,2024-08-22,9209
00951,台新日本半導體,5,0,5,凱基-岡山,2024-08-22,9209
1101,台泥,5,0,5,凱基-岡山,2024-08-22,9209
1409,新纖,6,1,5,凱基-岡山,2024-08-22,9209
1815,富喬,10,5,5,凱基-岡山,2024-08-22,9209
2409,友達,8,3,5,凱基-岡山,2024-08-22,9209
3014,聯陽,5,0,5,凱基-岡山,2024-08-22,9209
4707,磐亞,6,1,5,凱基-岡山,2024-08-22,9209
5292,華懋,5,0,5,凱基-岡山,2024-08-22,9209
6125,廣運,12,7,5,凱基-岡山,2024-08-22,9209
6642,富致,5,0,5,凱基-岡山,2024-08-22,9209
6712,長聖,5,0,5,凱基-岡山,2024-08-22,9209
8438,昶昕,5,0,5,凱基-岡山,2024-08-22,9209
00671R,富邦NASDAQ反1,300,0,300,凱基-岡山,2024-08-23,9209
00641R,富邦日本反1,100,0,100,凱基-岡山,2024-08-23,9209
1711,永光,93,41,52,凱基-岡山,2024-08-23,9209
2887,台新金,49,5,44,凱基-岡山,2024-08-23,9209
00688L,國泰20年美債正2,40,12,28,凱基-岡山,2024-08-23,9209
00680L,元大美債20正2,36,8,28,凱基-岡山,2024-08-23,9209
00679B,元大美債20年,28,0,28,凱基-岡山,2024-08-23,9209
2891,中信金,40,13,27,凱基-岡山,2024-08-23,9209
00715L,期街口布蘭特正2,26,0,26,凱基-岡山,2024-08-23,9209
2509,全坤建,25,0,25,凱基-岡山,2024-08-23,9209
00632R,元大台灣50反1,23,0,23,凱基-岡山,2024-08-23,9209
00919,群益台灣精選高息,20,0,20,凱基-岡山,2024-08-23,9209
2883,凱基金,20,2,18,凱基-岡山,2024-08-23,9209
2303,聯電,31,14,17,凱基-岡山,2024-08-23,9209
9105,泰金寶-DR,17,0,17,凱基-岡山,2024-08-23,9209
2027,大成鋼,16,0,16,凱基-岡山,2024-08-23,9209
2405,輔信,15,0,15,凱基-岡山,2024-08-23,9209
1314,中石化,23,9,14,凱基-岡山,2024-08-23,9209
6177,達麗,13,0,13,凱基-岡山,2024-08-23,9209
2834,臺企銀,14,1,13,凱基-岡山,2024-08-23,9209
00687B,國泰20年美債,19,6,13,凱基-岡山,2024-08-23,9209
00944,野村趨勢動能高息,11,0,11,凱基-岡山,2024-08-23,9209
1326,台化,10,0,10,凱基-岡山,2024-08-23,9209
00937B,群益ESG投等債20,13,3,10,凱基-岡山,2024-08-23,9209
00927,群益半導體收益,10,0,10,凱基-岡山,2024-08-23,9209
00706L,期元大S＆P日圓正2,10,0,10,凱基-岡山,2024-08-23,9209
1316,上曜,10,0,10,凱基-岡山,2024-08-23,9209
2406,國碩,10,0,10,凱基-岡山,2024-08-23,9209
3402,漢科,10,0,10,凱基-岡山,2024-08-23,9209
4527,方土霖,10,0,10,凱基-岡山,2024-08-23,9209
5534,長虹,10,0,10,凱基-岡山,2024-08-23,9209
5905,南仁湖,10,0,10,凱基-岡山,2024-08-23,9209
6477,安集,10,0,10,凱基-岡山,2024-08-23,9209
2208,台船,10,1,9,凱基-岡山,2024-08-23,9209
2881,富邦金,12,3,9,凱基-岡山,2024-08-23,9209
4714,永捷,8,0,8,凱基-岡山,2024-08-23,9209
1727,中華化,11,4,7,凱基-岡山,2024-08-23,9209
8390,金益鼎,11,5,6,凱基-岡山,2024-08-23,9209
2369,菱生,6,0,6,凱基-岡山,2024-08-23,9209
3149,正達,6,0,6,凱基-岡山,2024-08-23,9209
4924,欣厚-KY,6,0,6,凱基-岡山,2024-08-23,9209
6505,台塑化,6,0,6,凱基-岡山,2024-08-23,9209
8064,東捷,28,22,6,凱基-岡山,2024-08-23,9209
8277,商丞,6,0,6,凱基-岡山,2024-08-23,9209
3189,景碩,8,3,5,凱基-岡山,2024-08-23,9209
00900,富邦特選高股息30,5,0,5,凱基-岡山,2024-08-23,9209
00857B,永豐20年美公債,5,0,5,凱基-岡山,2024-08-23,9209
1409,新纖,5,0,5,凱基-岡山,2024-08-23,9209
2515,中工,7,2,5,凱基-岡山,2024-08-23,9209
2596,綠意,5,0,5,凱基-岡山,2024-08-23,9209
2603,長榮,162,2,160,凱基-岡山,2024-08-26,9209
00632R,元大台灣50反1,130,0,130,凱基-岡山,2024-08-26,9209
00944,野村趨勢動能高息,89,0,89,凱基-岡山,2024-08-26,9209
2888,新光金,258,184,74,凱基-岡山,2024-08-26,9209
00942B,台新美A公司債20+,50,0,50,凱基-岡山,2024-08-26,9209
00676R,富邦臺灣加權反1,50,0,50,凱基-岡山,2024-08-26,9209
00679B,元大美債20年,51,4,47,凱基-岡山,2024-08-26,9209
00935,野村臺灣新科技50,45,0,45,凱基-岡山,2024-08-26,9209
4967,十銓,46,2,44,凱基-岡山,2024-08-26,9209
00919,群益台灣精選高息,45,3,42,凱基-岡山,2024-08-26,9209
2891,中信金,33,4,29,凱基-岡山,2024-08-26,9209
2349,錸德,26,5,21,凱基-岡山,2024-08-26,9209
00671R,富邦NASDAQ反1,20,0,20,凱基-岡山,2024-08-26,9209
1533,車王電,20,0,20,凱基-岡山,2024-08-26,9209
00937B,群益ESG投等債20,79,60,19,凱基-岡山,2024-08-26,9209
00687B,國泰20年美債,18,1,17,凱基-岡山,2024-08-26,9209
2317,鴻海,23,10,13,凱基-岡山,2024-08-26,9209
1416,廣豐,13,0,13,凱基-岡山,2024-08-26,9209
5443,均豪,45,33,12,凱基-岡山,2024-08-26,9209
3013,晟銘電,14,2,12,凱基-岡山,2024-08-26,9209
3033,威健,19,7,12,凱基-岡山,2024-08-26,9209
6240,松崗,12,0,12,凱基-岡山,2024-08-26,9209
1319,東陽,12,1,11,凱基-岡山,2024-08-26,9209
2890,永豐金,11,0,11,凱基-岡山,2024-08-26,9209
5398,慕康生醫,11,0,11,凱基-岡山,2024-08-26,9209
00891,中信關鍵半導體,10,0,10,凱基-岡山,2024-08-26,9209
2027,大成鋼,10,0,10,凱基-岡山,2024-08-26,9209
2371,大同,10,0,10,凱基-岡山,2024-08-26,9209
2497,怡利電,11,1,10,凱基-岡山,2024-08-26,9209
1314,中石化,14,5,9,凱基-岡山,2024-08-26,9209
6125,廣運,13,4,9,凱基-岡山,2024-08-26,9209
2486,一詮,8,0,8,凱基-岡山,2024-08-26,9209
3520,華盈,8,0,8,凱基-岡山,2024-08-26,9209
00929,復華台灣科技優息,50,42,8,凱基-岡山,2024-08-26,9209
2392,正崴,8,1,7,凱基-岡山,2024-08-26,9209
00948B,中信優息投資級債,8,1,7,凱基-岡山,2024-08-26,9209
2605,新興,8,1,7,凱基-岡山,2024-08-26,9209
3303,岱稜,7,0,7,凱基-岡山,2024-08-26,9209
00882,中信中國高股息,6,0,6,凱基-岡山,2024-08-26,9209
2845,遠東銀,14,8,6,凱基-岡山,2024-08-26,9209
5452,佶優,8,2,6,凱基-岡山,2024-08-26,9209
6266,泰詠,6,0,6,凱基-岡山,2024-08-26,9209
00850,元大臺灣ESG永續,5,0,5,凱基-岡山,2024-08-26,9209
1316,上曜,5,0,5,凱基-岡山,2024-08-26,9209
1409,新纖,5,0,5,凱基-岡山,2024-08-26,9209
3312,弘憶股,7,2,5,凱基-岡山,2024-08-26,9209
3372,典範,5,0,5,凱基-岡山,2024-08-26,9209
4513,福裕,5,0,5,凱基-岡山,2024-08-26,9209
6412,群電,5,0,5,凱基-岡山,2024-08-26,9209
8054,安國,5,0,5,凱基-岡山,2024-08-26,9209
00948B,中信優息投資級債,260,3,257,凱基-岡山,2024-08-27,9209
3481,群創,267,178,89,凱基-岡山,2024-08-27,9209
2603,長榮,83,1,82,凱基-岡山,2024-08-27,9209
00680L,元大美債20正2,55,0,55,凱基-岡山,2024-08-27,9209
2303,聯電,57,27,30,凱基-岡山,2024-08-27,9209
00929,復華台灣科技優息,154,128,26,凱基-岡山,2024-08-27,9209
3652,精聯,25,0,25,凱基-岡山,2024-08-27,9209
00673R,期元大S＆P原油反1,20,0,20,凱基-岡山,2024-08-27,9209
2880,華南金,18,0,18,凱基-岡山,2024-08-27,9209
4707,磐亞,21,5,16,凱基-岡山,2024-08-27,9209
00679B,元大美債20年,16,0,16,凱基-岡山,2024-08-27,9209
6208,日揚,15,0,15,凱基-岡山,2024-08-27,9209
2891,中信金,16,2,14,凱基-岡山,2024-08-27,9209
2610,華航,24,10,14,凱基-岡山,2024-08-27,9209
2609,陽明,27,14,13,凱基-岡山,2024-08-27,9209
5498,凱崴,12,0,12,凱基-岡山,2024-08-27,9209
00937B,群益ESG投等債20,12,0,12,凱基-岡山,2024-08-27,9209
2882,國泰金,11,0,11,凱基-岡山,2024-08-27,9209
00942B,台新美A公司債20+,10,0,10,凱基-岡山,2024-08-27,9209
00927,群益半導體收益,10,0,10,凱基-岡山,2024-08-27,9209
2027,大成鋼,10,0,10,凱基-岡山,2024-08-27,9209
2312,金寶,10,0,10,凱基-岡山,2024-08-27,9209
2834,臺企銀,10,0,10,凱基-岡山,2024-08-27,9209
4139,馬光-KY,10,0,10,凱基-岡山,2024-08-27,9209
00687B,國泰20年美債,13,4,9,凱基-岡山,2024-08-27,9209
2605,新興,9,0,9,凱基-岡山,2024-08-27,9209
6244,茂迪,10,1,9,凱基-岡山,2024-08-27,9209
5469,瀚宇博,10,2,8,凱基-岡山,2024-08-27,9209
6151,晉倫,13,5,8,凱基-岡山,2024-08-27,9209
3033,威健,20,13,7,凱基-岡山,2024-08-27,9209
2845,遠東銀,7,0,7,凱基-岡山,2024-08-27,9209
5398,慕康生醫,7,0,7,凱基-岡山,2024-08-27,9209
00881,國泰台灣5G+,6,0,6,凱基-岡山,2024-08-27,9209
00878,國泰永續高股息,6,0,6,凱基-岡山,2024-08-27,9209
2317,鴻海,8,2,6,凱基-岡山,2024-08-27,9209
3455,由田,9,3,6,凱基-岡山,2024-08-27,9209
00935,野村臺灣新科技50,6,0,6,凱基-岡山,2024-08-27,9209
1614,三洋電,6,0,6,凱基-岡山,2024-08-27,9209
2409,友達,7,1,6,凱基-岡山,2024-08-27,9209
2883,凱基金,6,0,6,凱基-岡山,2024-08-27,9209
3593,力銘,6,0,6,凱基-岡山,2024-08-27,9209
3715,定穎投控,6,0,6,凱基-岡山,2024-08-27,9209
6177,達麗,13,7,6,凱基-岡山,2024-08-27,9209
2881,富邦金,5,0,5,凱基-岡山,2024-08-27,9209
1314,中石化,5,0,5,凱基-岡山,2024-08-27,9209
1416,廣豐,5,0,5,凱基-岡山,2024-08-27,9209
1802,台玻,5,0,5,凱基-岡山,2024-08-27,9209
2002,中鋼,8,3,5,凱基-岡山,2024-08-27,9209
2062,橋椿,13,8,5,凱基-岡山,2024-08-27,9209
2243,宏旭-KY,5,0,5,凱基-岡山,2024-08-27,9209
00680L,元大美債20正2,540,10,530,凱基-岡山,2024-08-28,9209
00937B,群益ESG投等債20,72,0,72,凱基-岡山,2024-08-28,9209
5443,均豪,79,21,58,凱基-岡山,2024-08-28,9209
2891,中信金,47,0,47,凱基-岡山,2024-08-28,9209
00715L,期街口布蘭特正2,31,0,31,凱基-岡山,2024-08-28,9209
00632R,元大台灣50反1,24,0,24,凱基-岡山,2024-08-28,9209
00665L,富邦�琤肭磪囓�2,20,0,20,凱基-岡山,2024-08-28,9209
1316,上曜,20,0,20,凱基-岡山,2024-08-28,9209
8080,印鉐,20,0,20,凱基-岡山,2024-08-28,9209
2887,台新金,22,3,19,凱基-岡山,2024-08-28,9209
8039,台虹,21,2,19,凱基-岡山,2024-08-28,9209
2402,毅嘉,33,14,19,凱基-岡山,2024-08-28,9209
1711,永光,31,13,18,凱基-岡山,2024-08-28,9209
00687B,國泰20年美債,16,0,16,凱基-岡山,2024-08-28,9209
2845,遠東銀,16,0,16,凱基-岡山,2024-08-28,9209
00688L,國泰20年美債正2,15,0,15,凱基-岡山,2024-08-28,9209
2442,新美齊,14,0,14,凱基-岡山,2024-08-28,9209
4167,松瑞藥,14,0,14,凱基-岡山,2024-08-28,9209
00934,中信成長高股息,12,0,12,凱基-岡山,2024-08-28,9209
2027,大成鋼,10,0,10,凱基-岡山,2024-08-28,9209
2401,凌陽,10,0,10,凱基-岡山,2024-08-28,9209
3054,立萬利,10,0,10,凱基-岡山,2024-08-28,9209
3623,富晶通,10,0,10,凱基-岡山,2024-08-28,9209
3710,連展投控,10,0,10,凱基-岡山,2024-08-28,9209
4939,亞電,10,0,10,凱基-岡山,2024-08-28,9209
8415,大國鋼,10,0,10,凱基-岡山,2024-08-28,9209
8927,北基,10,0,10,凱基-岡山,2024-08-28,9209
9907,統一實,10,0,10,凱基-岡山,2024-08-28,9209
3518,柏騰,10,1,9,凱基-岡山,2024-08-28,9209
3587,閎康,10,1,9,凱基-岡山,2024-08-28,9209
2603,長榮,13,5,8,凱基-岡山,2024-08-28,9209
6177,達麗,9,2,7,凱基-岡山,2024-08-28,9209
2880,華南金,8,1,7,凱基-岡山,2024-08-28,9209
3260,威剛,7,0,7,凱基-岡山,2024-08-28,9209
6143,振曜,16,9,7,凱基-岡山,2024-08-28,9209
2609,陽明,8,2,6,凱基-岡山,2024-08-28,9209
6505,台塑化,6,0,6,凱基-岡山,2024-08-28,9209
6592B,和潤企業乙特,6,0,6,凱基-岡山,2024-08-28,9209
1785,光洋科,6,1,5,凱基-岡山,2024-08-28,9209
1409,新纖,5,0,5,凱基-岡山,2024-08-28,9209
1524,耿鼎,5,0,5,凱基-岡山,2024-08-28,9209
1815,富喬,5,0,5,凱基-岡山,2024-08-28,9209
2359,所羅門,5,0,5,凱基-岡山,2024-08-28,9209
2409,友達,8,3,5,凱基-岡山,2024-08-28,9209
2515,中工,5,0,5,凱基-岡山,2024-08-28,9209
4707,磐亞,5,0,5,凱基-岡山,2024-08-28,9209
4729,熒茂,5,0,5,凱基-岡山,2024-08-28,9209
5905,南仁湖,5,0,5,凱基-岡山,2024-08-28,9209
00712,復華富時不動產,5,0,5,凱基-岡山,2024-08-28,9209
6596,寬宏藝術,6,1,5,凱基-岡山,2024-08-28,9209
2888,新光金,114,36,78,凱基-岡山,2024-08-29,9209
00937B,群益ESG投等債20,71,1,70,凱基-岡山,2024-08-29,9209
2891,中信金,42,0,42,凱基-岡山,2024-08-29,9209
1314,中石化,33,1,32,凱基-岡山,2024-08-29,9209
2883,凱基金,30,0,30,凱基-岡山,2024-08-29,9209
2303,聯電,29,0,29,凱基-岡山,2024-08-29,9209
00929,復華台灣科技優息,91,66,25,凱基-岡山,2024-08-29,9209
4303,信立,28,4,24,凱基-岡山,2024-08-29,9209
4526,東台,48,24,24,凱基-岡山,2024-08-29,9209
4566,時碩工業,25,2,23,凱基-岡山,2024-08-29,9209
2012,春雨,20,0,20,凱基-岡山,2024-08-29,9209
2867,三商壽,23,8,15,凱基-岡山,2024-08-29,9209
4540,全球傳動,17,2,15,凱基-岡山,2024-08-29,9209
2317,鴻海,117,103,14,凱基-岡山,2024-08-29,9209
00679B,元大美債20年,13,0,13,凱基-岡山,2024-08-29,9209
00665L,富邦�琤肭磪囓�2,13,0,13,凱基-岡山,2024-08-29,9209
6658,聯策,13,0,13,凱基-岡山,2024-08-29,9209
00687B,國泰20年美債,15,3,12,凱基-岡山,2024-08-29,9209
2537,聯上發,12,0,12,凱基-岡山,2024-08-29,9209
4109,加捷生醫,12,0,12,凱基-岡山,2024-08-29,9209
4510,高鋒,134,122,12,凱基-岡山,2024-08-29,9209
00948B,中信優息投資級債,12,0,12,凱基-岡山,2024-08-29,9209
4167,松瑞藥,15,4,11,凱基-岡山,2024-08-29,9209
00720B,元大投資級公司債,10,0,10,凱基-岡山,2024-08-29,9209
2027,大成鋼,10,0,10,凱基-岡山,2024-08-29,9209
5398,慕康生醫,10,0,10,凱基-岡山,2024-08-29,9209
2314,台揚,11,2,9,凱基-岡山,2024-08-29,9209
8096,擎亞,15,6,9,凱基-岡山,2024-08-29,9209
4562,穎漢,12,3,9,凱基-岡山,2024-08-29,9209
8927,北基,9,0,9,凱基-岡山,2024-08-29,9209
6446,藥華藥,9,1,8,凱基-岡山,2024-08-29,9209
6922,宸曜,8,0,8,凱基-岡山,2024-08-29,9209
2610,華航,17,10,7,凱基-岡山,2024-08-29,9209
3050,鈺德,7,0,7,凱基-岡山,2024-08-29,9209
3520,華盈,10,3,7,凱基-岡山,2024-08-29,9209
3607,谷崧,12,5,7,凱基-岡山,2024-08-29,9209
9945,潤泰新,7,0,7,凱基-岡山,2024-08-29,9209
2330,台積電,8,1,7,凱基-岡山,2024-08-29,9209
6125,廣運,6,0,6,凱基-岡山,2024-08-29,9209
00940,元大台灣價值高息,18,12,6,凱基-岡山,2024-08-29,9209
3652,精聯,10,4,6,凱基-岡山,2024-08-29,9209
4564,元翎,6,0,6,凱基-岡山,2024-08-29,9209
2002,中鋼,5,0,5,凱基-岡山,2024-08-29,9209
00935,野村臺灣新科技50,5,0,5,凱基-岡山,2024-08-29,9209
00715L,期街口布蘭特正2,18,13,5,凱基-岡山,2024-08-29,9209
1409,新纖,5,0,5,凱基-岡山,2024-08-29,9209
1727,中華化,16,11,5,凱基-岡山,2024-08-29,9209
4527,方土霖,5,0,5,凱基-岡山,2024-08-29,9209
5351,鈺創,5,0,5,凱基-岡山,2024-08-29,9209
5410,國眾,5,0,5,凱基-岡山,2024-08-29,9209
6603,富強鑫,71,8,63,凱基-岡山,2024-08-30,9209
00687B,國泰20年美債,42,1,41,凱基-岡山,2024-08-30,9209
3481,群創,47,9,38,凱基-岡山,2024-08-30,9209
1314,中石化,25,0,25,凱基-岡山,2024-08-30,9209
1909,榮成,20,0,20,凱基-岡山,2024-08-30,9209
00937B,群益ESG投等債20,22,4,18,凱基-岡山,2024-08-30,9209
2349,錸德,16,0,16,凱基-岡山,2024-08-30,9209
00706L,期元大S＆P日圓正2,14,0,14,凱基-岡山,2024-08-30,9209
8462,柏文,15,1,14,凱基-岡山,2024-08-30,9209
2313,華通,41,28,13,凱基-岡山,2024-08-30,9209
5351,鈺創,13,0,13,凱基-岡山,2024-08-30,9209
00680L,元大美債20正2,17,5,12,凱基-岡山,2024-08-30,9209
2887,台新金,12,0,12,凱基-岡山,2024-08-30,9209
1711,永光,22,10,12,凱基-岡山,2024-08-30,9209
2610,華航,12,0,12,凱基-岡山,2024-08-30,9209
4526,東台,84,72,12,凱基-岡山,2024-08-30,9209
00939,統一台灣高息動能,11,0,11,凱基-岡山,2024-08-30,9209
2014,中鴻,11,0,11,凱基-岡山,2024-08-30,9209
2409,友達,11,0,11,凱基-岡山,2024-08-30,9209
2618,長榮航,12,1,11,凱基-岡山,2024-08-30,9209
4906,正文,11,0,11,凱基-岡山,2024-08-30,9209
00679B,元大美債20年,14,4,10,凱基-岡山,2024-08-30,9209
1409,新纖,10,0,10,凱基-岡山,2024-08-30,9209
2241,艾姆勒,10,0,10,凱基-岡山,2024-08-30,9209
2353,宏��,10,0,10,凱基-岡山,2024-08-30,9209
2444,兆勁,10,0,10,凱基-岡山,2024-08-30,9209
3081,聯亞,11,1,10,凱基-岡山,2024-08-30,9209
3092,鴻碩,10,0,10,凱基-岡山,2024-08-30,9209
6164,華興,10,0,10,凱基-岡山,2024-08-30,9209
6446,藥華藥,10,0,10,凱基-岡山,2024-08-30,9209
6550,北極星藥業-KY,10,0,10,凱基-岡山,2024-08-30,9209
1802,台玻,10,1,9,凱基-岡山,2024-08-30,9209
2367,燿華,40,31,9,凱基-岡山,2024-08-30,9209
2406,國碩,9,0,9,凱基-岡山,2024-08-30,9209
2331,精英,8,0,8,凱基-岡山,2024-08-30,9209
2460,建通,8,0,8,凱基-岡山,2024-08-30,9209
3577,泓格,8,0,8,凱基-岡山,2024-08-30,9209
8071,能率網通,8,0,8,凱基-岡山,2024-08-30,9209
3037,欣興,11,4,7,凱基-岡山,2024-08-30,9209
2402,毅嘉,7,0,7,凱基-岡山,2024-08-30,9209
00930,永豐ESG低碳高息,7,0,7,凱基-岡山,2024-08-30,9209
2890,永豐金,10,3,7,凱基-岡山,2024-08-30,9209
6215,和椿,12,5,7,凱基-岡山,2024-08-30,9209
6240,松崗,7,0,7,凱基-岡山,2024-08-30,9209
8096,擎亞,9,3,6,凱基-岡山,2024-08-30,9209
2884,玉山金,6,0,6,凱基-岡山,2024-08-30,9209
6125,廣運,6,0,6,凱基-岡山,2024-08-30,9209
2458,義隆,6,0,6,凱基-岡山,2024-08-30,9209
5398,慕康生醫,6,0,6,凱基-岡山,2024-08-30,9209
6213,聯茂,6,0,6,凱基-岡山,2024-08-30,9209
00680L,元大美債20正2,156,7,149,凱基-岡山,2024-09-02,9209
00715L,期街口布蘭特正2,102,2,100,凱基-岡山,2024-09-02,9209
2883,凱基金,100,2,98,凱基-岡山,2024-09-02,9209
00632R,元大台灣50反1,100,6,94,凱基-岡山,2024-09-02,9209
00929,復華台灣科技優息,62,3,59,凱基-岡山,2024-09-02,9209
00671R,富邦NASDAQ反1,48,0,48,凱基-岡山,2024-09-02,9209
00687B,國泰20年美債,45,1,44,凱基-岡山,2024-09-02,9209
2349,錸德,41,2,39,凱基-岡山,2024-09-02,9209
00665L,富邦�琤肭磪囓�2,30,5,25,凱基-岡山,2024-09-02,9209
00706L,期元大S＆P日圓正2,25,0,25,凱基-岡山,2024-09-02,9209
1711,永光,25,0,25,凱基-岡山,2024-09-02,9209
2027,大成鋼,22,0,22,凱基-岡山,2024-09-02,9209
9945,潤泰新,22,0,22,凱基-岡山,2024-09-02,9209
1314,中石化,37,18,19,凱基-岡山,2024-09-02,9209
2024,志聯,19,0,19,凱基-岡山,2024-09-02,9209
6156,松上,22,4,18,凱基-岡山,2024-09-02,9209
2603,長榮,22,5,17,凱基-岡山,2024-09-02,9209
4960,誠美材,15,0,15,凱基-岡山,2024-09-02,9209
00946,群益科技高息成長,13,0,13,凱基-岡山,2024-09-02,9209
6585,鼎基,13,0,13,凱基-岡山,2024-09-02,9209
00927,群益半導體收益,12,0,12,凱基-岡山,2024-09-02,9209
00795B,中信美國公債20年,12,0,12,凱基-岡山,2024-09-02,9209
00937B,群益ESG投等債20,21,10,11,凱基-岡山,2024-09-02,9209
2312,金寶,11,0,11,凱基-岡山,2024-09-02,9209
3704,合勤控,10,0,10,凱基-岡山,2024-09-02,9209
5471,松翰,10,0,10,凱基-岡山,2024-09-02,9209
5498,凱崴,10,0,10,凱基-岡山,2024-09-02,9209
6838,台新藥,10,0,10,凱基-岡山,2024-09-02,9209
2313,華通,11,2,9,凱基-岡山,2024-09-02,9209
8070,長華*,42,33,9,凱基-岡山,2024-09-02,9209
00688L,國泰20年美債正2,15,6,9,凱基-岡山,2024-09-02,9209
3015,全漢,9,0,9,凱基-岡山,2024-09-02,9209
3026,禾伸堂,9,0,9,凱基-岡山,2024-09-02,9209
3615,安可,8,0,8,凱基-岡山,2024-09-02,9209
4527,方土霖,8,0,8,凱基-岡山,2024-09-02,9209
4566,時碩工業,23,15,8,凱基-岡山,2024-09-02,9209
8089,康全電訊,9,1,8,凱基-岡山,2024-09-02,9209
00685L,群益臺灣加權正2,7,0,7,凱基-岡山,2024-09-02,9209
2618,長榮航,9,2,7,凱基-岡山,2024-09-02,9209
3596,智易,7,0,7,凱基-岡山,2024-09-02,9209
8390,金益鼎,6,0,6,凱基-岡山,2024-09-02,9209
00918,大華優利高填息30,6,0,6,凱基-岡山,2024-09-02,9209
00919,群益台灣精選高息,7,1,6,凱基-岡山,2024-09-02,9209
00891,中信關鍵半導體,6,0,6,凱基-岡山,2024-09-02,9209
00675L,富邦臺灣加權正2,7,1,6,凱基-岡山,2024-09-02,9209
2542,興富發,6,0,6,凱基-岡山,2024-09-02,9209
3003,健和興,7,1,6,凱基-岡山,2024-09-02,9209
3481,群創,18,13,5,凱基-岡山,2024-09-02,9209
00882,中信中國高股息,5,0,5,凱基-岡山,2024-09-02,9209
00959B,大華投等美債15Y+,5,0,5,凱基-岡山,2024-09-02,9209
2801,彰銀,714,0,714,凱基-岡山,2024-09-03,9209
00919,群益台灣精選高息,236,3,233,凱基-岡山,2024-09-03,9209
1314,中石化,66,0,66,凱基-岡山,2024-09-03,9209
2603,長榮,62,5,57,凱基-岡山,2024-09-03,9209
00940,元大台灣價值高息,48,14,34,凱基-岡山,2024-09-03,9209
00937B,群益ESG投等債20,34,1,33,凱基-岡山,2024-09-03,9209
00671R,富邦NASDAQ反1,32,0,32,凱基-岡山,2024-09-03,9209
2609,陽明,30,0,30,凱基-岡山,2024-09-03,9209
00680L,元大美債20正2,28,1,27,凱基-岡山,2024-09-03,9209
2352,佳世達,26,1,25,凱基-岡山,2024-09-03,9209
2596,綠意,25,0,25,凱基-岡山,2024-09-03,9209
00632R,元大台灣50反1,30,7,23,凱基-岡山,2024-09-03,9209
00935,野村臺灣新科技50,20,0,20,凱基-岡山,2024-09-03,9209
00665L,富邦�琤肭磪囓�2,20,0,20,凱基-岡山,2024-09-03,9209
00878,國泰永續高股息,13,0,13,凱基-岡山,2024-09-03,9209
2313,華通,12,0,12,凱基-岡山,2024-09-03,9209
2892,第一金,12,0,12,凱基-岡山,2024-09-03,9209
4960,誠美材,12,0,12,凱基-岡山,2024-09-03,9209
2002,中鋼,14,2,12,凱基-岡山,2024-09-03,9209
1101,台泥,11,0,11,凱基-岡山,2024-09-03,9209
1815,富喬,15,4,11,凱基-岡山,2024-09-03,9209
2406,國碩,10,0,10,凱基-岡山,2024-09-03,9209
6443,元晶,10,0,10,凱基-岡山,2024-09-03,9209
00936,台新永續高息中小,18,9,9,凱基-岡山,2024-09-03,9209
4906,正文,23,14,9,凱基-岡山,2024-09-03,9209
6477,安集,10,1,9,凱基-岡山,2024-09-03,9209
00929,復華台灣科技優息,50,41,9,凱基-岡山,2024-09-03,9209
2882,國泰金,12,3,9,凱基-岡山,2024-09-03,9209
00757,統一FANG+,8,0,8,凱基-岡山,2024-09-03,9209
00882,中信中國高股息,8,0,8,凱基-岡山,2024-09-03,9209
2356,英業達,8,0,8,凱基-岡山,2024-09-03,9209
2883,凱基金,10,2,8,凱基-岡山,2024-09-03,9209
8070,長華*,24,16,8,凱基-岡山,2024-09-03,9209
6285,啟��,7,0,7,凱基-岡山,2024-09-03,9209
00679B,元大美債20年,7,0,7,凱基-岡山,2024-09-03,9209
2816,旺旺保,7,0,7,凱基-岡山,2024-09-03,9209
00932,兆豐永續高息等權,6,0,6,凱基-岡山,2024-09-03,9209
6177,達麗,6,0,6,凱基-岡山,2024-09-03,9209
00918,大華優利高填息30,7,2,5,凱基-岡山,2024-09-03,9209
00927,群益半導體收益,5,0,5,凱基-岡山,2024-09-03,9209
1524,耿鼎,5,0,5,凱基-岡山,2024-09-03,9209
2344,華邦電,10,5,5,凱基-岡山,2024-09-03,9209
2633,台灣高鐵,5,0,5,凱基-岡山,2024-09-03,9209
2834,臺企銀,5,0,5,凱基-岡山,2024-09-03,9209
3372,典範,5,0,5,凱基-岡山,2024-09-03,9209
3455,由田,5,0,5,凱基-岡山,2024-09-03,9209
4109,加捷生醫,5,0,5,凱基-岡山,2024-09-03,9209
5351,鈺創,5,0,5,凱基-岡山,2024-09-03,9209
6274,台燿,10,5,5,凱基-岡山,2024-09-03,9209
6278,台表科,5,0,5,凱基-岡山,2024-09-03,9209
2801,彰銀,303,14,289,凱基-岡山,2024-09-04,9209
00688L,國泰20年美債正2,117,0,117,凱基-岡山,2024-09-04,9209
00929,復華台灣科技優息,122,17,105,凱基-岡山,2024-09-04,9209
1905,華紙,100,0,100,凱基-岡山,2024-09-04,9209
2312,金寶,76,0,76,凱基-岡山,2024-09-04,9209
00878,國泰永續高股息,102,27,75,凱基-岡山,2024-09-04,9209
00915,凱基優選高股息30,59,0,59,凱基-岡山,2024-09-04,9209
00918,大華優利高填息30,57,2,55,凱基-岡山,2024-09-04,9209
00919,群益台灣精選高息,117,62,55,凱基-岡山,2024-09-04,9209
00642U,期元大S＆P石油,53,0,53,凱基-岡山,2024-09-04,9209
2834,臺企銀,39,0,39,凱基-岡山,2024-09-04,9209
9949,琉園,38,0,38,凱基-岡山,2024-09-04,9209
2330,台積電,42,7,35,凱基-岡山,2024-09-04,9209
0056,元大高股息,34,0,34,凱基-岡山,2024-09-04,9209
00930,永豐ESG低碳高息,33,0,33,凱基-岡山,2024-09-04,9209
3024,憶聲,30,0,30,凱基-岡山,2024-09-04,9209
00946,群益科技高息成長,28,0,28,凱基-岡山,2024-09-04,9209
2891,中信金,27,1,26,凱基-岡山,2024-09-04,9209
6835,圓裕,29,3,26,凱基-岡山,2024-09-04,9209
2867,三商壽,25,0,25,凱基-岡山,2024-09-04,9209
00927,群益半導體收益,24,0,24,凱基-岡山,2024-09-04,9209
00935,野村臺灣新科技50,25,2,23,凱基-岡山,2024-09-04,9209
0050,元大台灣50,23,0,23,凱基-岡山,2024-09-04,9209
2024,志聯,22,0,22,凱基-岡山,2024-09-04,9209
006208,富邦台50,23,1,22,凱基-岡山,2024-09-04,9209
2610,華航,30,10,20,凱基-岡山,2024-09-04,9209
2025,千興,20,0,20,凱基-岡山,2024-09-04,9209
9945,潤泰新,31,13,18,凱基-岡山,2024-09-04,9209
3037,欣興,17,1,16,凱基-岡山,2024-09-04,9209
00941,中信上游半導體,15,0,15,凱基-岡山,2024-09-04,9209
2002,中鋼,17,3,14,凱基-岡山,2024-09-04,9209
2317,鴻海,135,122,13,凱基-岡山,2024-09-04,9209
2883,凱基金,12,0,12,凱基-岡山,2024-09-04,9209
6443,元晶,12,0,12,凱基-岡山,2024-09-04,9209
1101,台泥,12,1,11,凱基-岡山,2024-09-04,9209
1522,堤維西,10,0,10,凱基-岡山,2024-09-04,9209
1717,長興,10,0,10,凱基-岡山,2024-09-04,9209
2344,華邦電,11,1,10,凱基-岡山,2024-09-04,9209
2405,輔信,11,1,10,凱基-岡山,2024-09-04,9209
2845,遠東銀,13,3,10,凱基-岡山,2024-09-04,9209
3050,鈺德,10,0,10,凱基-岡山,2024-09-04,9209
4714,永捷,11,1,10,凱基-岡山,2024-09-04,9209
6477,安集,10,0,10,凱基-岡山,2024-09-04,9209
6719,力智,10,0,10,凱基-岡山,2024-09-04,9209
8929,富堡,10,0,10,凱基-岡山,2024-09-04,9209
2382,廣達,14,4,10,凱基-岡山,2024-09-04,9209
2609,陽明,15,6,9,凱基-岡山,2024-09-04,9209
3014,聯陽,9,0,9,凱基-岡山,2024-09-04,9209
2303,聯電,15,6,9,凱基-岡山,2024-09-04,9209
00923,群益台ESG低碳50,9,0,9,凱基-岡山,2024-09-04,9209
00919,群益台灣精選高息,103,8,95,凱基-岡山,2024-09-05,9209
00715L,期街口布蘭特正2,70,0,70,凱基-岡山,2024-09-05,9209
00676R,富邦臺灣加權反1,66,0,66,凱基-岡山,2024-09-05,9209
2801,彰銀,63,0,63,凱基-岡山,2024-09-05,9209
00929,復華台灣科技優息,71,10,61,凱基-岡山,2024-09-05,9209
00952,凱基台灣AI50,42,0,42,凱基-岡山,2024-09-05,9209
00642U,期元大S＆P石油,26,0,26,凱基-岡山,2024-09-05,9209
6770,力積電,32,9,23,凱基-岡山,2024-09-05,9209
8071,能率網通,21,0,21,凱基-岡山,2024-09-05,9209
8096,擎亞,21,0,21,凱基-岡山,2024-09-05,9209
2367,燿華,27,8,19,凱基-岡山,2024-09-05,9209
00946,群益科技高息成長,19,0,19,凱基-岡山,2024-09-05,9209
00940,元大台灣價值高息,18,2,16,凱基-岡山,2024-09-05,9209
00918,大華優利高填息30,17,1,16,凱基-岡山,2024-09-05,9209
4960,誠美材,21,7,14,凱基-岡山,2024-09-05,9209
00915,凱基優選高股息30,14,0,14,凱基-岡山,2024-09-05,9209
3481,群創,14,0,14,凱基-岡山,2024-09-05,9209
6177,達麗,14,1,13,凱基-岡山,2024-09-05,9209
0056,元大高股息,13,0,13,凱基-岡山,2024-09-05,9209
2603,長榮,17,5,12,凱基-岡山,2024-09-05,9209
4510,高鋒,19,8,11,凱基-岡山,2024-09-05,9209
2317,鴻海,121,110,11,凱基-岡山,2024-09-05,9209
00878,國泰永續高股息,14,3,11,凱基-岡山,2024-09-05,9209
00930,永豐ESG低碳高息,10,0,10,凱基-岡山,2024-09-05,9209
2027,大成鋼,10,0,10,凱基-岡山,2024-09-05,9209
3047,訊舟,12,2,10,凱基-岡山,2024-09-05,9209
3548,兆利,10,0,10,凱基-岡山,2024-09-05,9209
6284,佳邦,10,0,10,凱基-岡山,2024-09-05,9209
6877,鏵友益,9,0,9,凱基-岡山,2024-09-05,9209
2344,華邦電,13,4,9,凱基-岡山,2024-09-05,9209
2371,大同,10,1,9,凱基-岡山,2024-09-05,9209
2618,長榮航,19,10,9,凱基-岡山,2024-09-05,9209
3062,建漢,10,1,9,凱基-岡山,2024-09-05,9209
2409,友達,10,2,8,凱基-岡山,2024-09-05,9209
4906,正文,11,3,8,凱基-岡山,2024-09-05,9209
6125,廣運,17,9,8,凱基-岡山,2024-09-05,9209
2368,金像電,9,2,7,凱基-岡山,2024-09-05,9209
1416,廣豐,7,0,7,凱基-岡山,2024-09-05,9209
3015,全漢,7,0,7,凱基-岡山,2024-09-05,9209
3294,英濟,9,2,7,凱基-岡山,2024-09-05,9209
6412,群電,7,0,7,凱基-岡山,2024-09-05,9209
2891,中信金,8,2,6,凱基-岡山,2024-09-05,9209
2401,凌陽,6,0,6,凱基-岡山,2024-09-05,9209
5905,南仁湖,8,2,6,凱基-岡山,2024-09-05,9209
6505,台塑化,6,0,6,凱基-岡山,2024-09-05,9209
8070,長華*,20,14,6,凱基-岡山,2024-09-05,9209
00891,中信關鍵半導體,5,0,5,凱基-岡山,2024-09-05,9209
1447,力鵬,5,0,5,凱基-岡山,2024-09-05,9209
1723,中碳,5,0,5,凱基-岡山,2024-09-05,9209
2845,遠東銀,5,0,5,凱基-岡山,2024-09-05,9209
2337,旺宏,401,0,401,凱基-岡山,2024-09-06,9209
00715L,期街口布蘭特正2,134,0,134,凱基-岡山,2024-09-06,9209
00940,元大台灣價值高息,103,1,102,凱基-岡山,2024-09-06,9209
00632R,元大台灣50反1,85,30,55,凱基-岡山,2024-09-06,9209
1905,華紙,51,0,51,凱基-岡山,2024-09-06,9209
00929,復華台灣科技優息,41,4,37,凱基-岡山,2024-09-06,9209
00676R,富邦臺灣加權反1,33,0,33,凱基-岡山,2024-09-06,9209
00687B,國泰20年美債,31,0,31,凱基-岡山,2024-09-06,9209
6770,力積電,30,0,30,凱基-岡山,2024-09-06,9209
2891,中信金,35,12,23,凱基-岡山,2024-09-06,9209
2880,華南金,20,0,20,凱基-岡山,2024-09-06,9209
8234,新漢,20,0,20,凱基-岡山,2024-09-06,9209
00665L,富邦�琤肭磪囓�2,50,32,18,凱基-岡山,2024-09-06,9209
2887,台新金,20,2,18,凱基-岡山,2024-09-06,9209
2365,昆盈,36,19,17,凱基-岡山,2024-09-06,9209
00919,群益台灣精選高息,21,6,15,凱基-岡山,2024-09-06,9209
6706,惠特,15,3,12,凱基-岡山,2024-09-06,9209
4167,松瑞藥,11,0,11,凱基-岡山,2024-09-06,9209
00941,中信上游半導體,10,0,10,凱基-岡山,2024-09-06,9209
2027,大成鋼,10,0,10,凱基-岡山,2024-09-06,9209
6441,廣錠,10,0,10,凱基-岡山,2024-09-06,9209
4906,正文,9,0,9,凱基-岡山,2024-09-06,9209
00773B,中信優先金融債,8,0,8,凱基-岡山,2024-09-06,9209
00772B,中信高評級公司債,8,0,8,凱基-岡山,2024-09-06,9209
1786,科妍,8,0,8,凱基-岡山,2024-09-06,9209
2363,矽統,9,1,8,凱基-岡山,2024-09-06,9209
1785,光洋科,7,0,7,凱基-岡山,2024-09-06,9209
1711,永光,11,4,7,凱基-岡山,2024-09-06,9209
2610,華航,6,0,6,凱基-岡山,2024-09-06,9209
1316,上曜,6,0,6,凱基-岡山,2024-09-06,9209
6120,達運,6,0,6,凱基-岡山,2024-09-06,9209
00720B,元大投資級公司債,5,0,5,凱基-岡山,2024-09-06,9209
2313,華通,7,2,5,凱基-岡山,2024-09-06,9209
1611,中電,5,0,5,凱基-岡山,2024-09-06,9209
2408,南亞科,5,0,5,凱基-岡山,2024-09-06,9209
2615,萬海,10,5,5,凱基-岡山,2024-09-06,9209
2845,遠東銀,5,0,5,凱基-岡山,2024-09-06,9209
3024,憶聲,5,0,5,凱基-岡山,2024-09-06,9209
3025,星通,5,0,5,凱基-岡山,2024-09-06,9209
3437,榮創,6,1,5,凱基-岡山,2024-09-06,9209
4557,永新-KY,5,0,5,凱基-岡山,2024-09-06,9209
6112,邁達特,5,0,5,凱基-岡山,2024-09-06,9209
6505,台塑化,5,0,5,凱基-岡山,2024-09-06,9209
8277,商丞,9,4,5,凱基-岡山,2024-09-06,9209
9949,琉園,5,0,5,凱基-岡山,2024-09-06,9209
2515,中工,5,0,5,凱基-岡山,2024-09-06,9209
00923,群益台ESG低碳50,4,0,4,凱基-岡山,2024-09-06,9209
2002,中鋼,5,1,4,凱基-岡山,2024-09-06,9209
2353,宏��,4,0,4,凱基-岡山,2024-09-06,9209
3583,辛耘,4,0,4,凱基-岡山,2024-09-06,9209
00632R,元大台灣50反1,210,15,195,凱基-岡山,2024-09-09,9209
00919,群益台灣精選高息,91,8,83,凱基-岡山,2024-09-09,9209
2891,中信金,56,2,54,凱基-岡山,2024-09-09,9209
00665L,富邦�琤肭磪囓�2,50,0,50,凱基-岡山,2024-09-09,9209
00715L,期街口布蘭特正2,33,0,33,凱基-岡山,2024-09-09,9209
00878,國泰永續高股息,34,5,29,凱基-岡山,2024-09-09,9209
2618,長榮航,39,10,29,凱基-岡山,2024-09-09,9209
00935,野村臺灣新科技50,28,0,28,凱基-岡山,2024-09-09,9209
00940,元大台灣價值高息,25,2,23,凱基-岡山,2024-09-09,9209
00915,凱基優選高股息30,23,0,23,凱基-岡山,2024-09-09,9209
00930,永豐ESG低碳高息,19,0,19,凱基-岡山,2024-09-09,9209
0056,元大高股息,18,0,18,凱基-岡山,2024-09-09,9209
8096,擎亞,27,10,17,凱基-岡山,2024-09-09,9209
2303,聯電,20,3,17,凱基-岡山,2024-09-09,9209
6742,澤米,17,0,17,凱基-岡山,2024-09-09,9209
1711,永光,16,0,16,凱基-岡山,2024-09-09,9209
6770,力積電,40,25,15,凱基-岡山,2024-09-09,9209
2609,陽明,19,6,13,凱基-岡山,2024-09-09,9209
2812,台中銀,13,0,13,凱基-岡山,2024-09-09,9209
2027,大成鋼,12,0,12,凱基-岡山,2024-09-09,9209
2330,台積電,17,5,12,凱基-岡山,2024-09-09,9209
3583,辛耘,12,1,11,凱基-岡山,2024-09-09,9209
6603,富強鑫,11,0,11,凱基-岡山,2024-09-09,9209
2881,富邦金,11,1,10,凱基-岡山,2024-09-09,9209
00905,FT臺灣Smart,10,0,10,凱基-岡山,2024-09-09,9209
00882,中信中國高股息,10,0,10,凱基-岡山,2024-09-09,9209
2897,王道銀行,10,0,10,凱基-岡山,2024-09-09,9209
3715,定穎投控,19,9,10,凱基-岡山,2024-09-09,9209
5475,德宏,10,0,10,凱基-岡山,2024-09-09,9209
2845,遠東銀,9,0,9,凱基-岡山,2024-09-09,9209
2024,志聯,8,0,8,凱基-岡山,2024-09-09,9209
2382,廣達,10,3,7,凱基-岡山,2024-09-09,9209
2885,元大金,6,0,6,凱基-岡山,2024-09-09,9209
00918,大華優利高填息30,6,0,6,凱基-岡山,2024-09-09,9209
3673,TPK-KY,6,0,6,凱基-岡山,2024-09-09,9209
00923,群益台ESG低碳50,5,0,5,凱基-岡山,2024-09-09,9209
2882,國泰金,5,0,5,凱基-岡山,2024-09-09,9209
00943,兆豐電子高息等權,5,0,5,凱基-岡山,2024-09-09,9209
00948B,中信優息投資級債,5,0,5,凱基-岡山,2024-09-09,9209
1326,台化,5,0,5,凱基-岡山,2024-09-09,9209
2464,盟立,8,3,5,凱基-岡山,2024-09-09,9209
3167,大量,5,0,5,凱基-岡山,2024-09-09,9209
6112,邁達特,5,0,5,凱基-岡山,2024-09-09,9209
6117,迎廣,5,0,5,凱基-岡山,2024-09-09,9209
6290,良維,6,1,5,凱基-岡山,2024-09-09,9209
6505,台塑化,5,0,5,凱基-岡山,2024-09-09,9209
6877,鏵友益,5,0,5,凱基-岡山,2024-09-09,9209
8249,菱光,8,3,5,凱基-岡山,2024-09-09,9209
2317,鴻海,17,12,5,凱基-岡山,2024-09-09,9209
2002,中鋼,5,0,5,凱基-岡山,2024-09-09,9209
00937B,群益ESG投等債20,145,0,145,凱基-岡山,2024-09-10,9209
00688L,國泰20年美債正2,105,0,105,凱基-岡山,2024-09-10,9209
00753L,中信中國50正2,60,0,60,凱基-岡山,2024-09-10,9209
00943,兆豐電子高息等權,47,0,47,凱基-岡山,2024-09-10,9209
00929,復華台灣科技優息,64,25,39,凱基-岡山,2024-09-10,9209
3481,群創,46,8,38,凱基-岡山,2024-09-10,9209
00940,元大台灣價值高息,33,0,33,凱基-岡山,2024-09-10,9209
00715L,期街口布蘭特正2,31,0,31,凱基-岡山,2024-09-10,9209
00952,凱基台灣AI50,30,0,30,凱基-岡山,2024-09-10,9209
2344,華邦電,30,3,27,凱基-岡山,2024-09-10,9209
00679B,元大美債20年,26,0,26,凱基-岡山,2024-09-10,9209
00921,兆豐龍頭等權重,26,1,25,凱基-岡山,2024-09-10,9209
2618,長榮航,21,0,21,凱基-岡山,2024-09-10,9209
00680L,元大美債20正2,21,0,21,凱基-岡山,2024-09-10,9209
2027,大成鋼,20,0,20,凱基-岡山,2024-09-10,9209
00642U,期元大S＆P石油,20,0,20,凱基-岡山,2024-09-10,9209
1314,中石化,50,30,20,凱基-岡山,2024-09-10,9209
00878,國泰永續高股息,21,1,20,凱基-岡山,2024-09-10,9209
00687B,國泰20年美債,24,7,17,凱基-岡山,2024-09-10,9209
00959B,大華投等美債15Y+,17,0,17,凱基-岡山,2024-09-10,9209
3024,憶聲,15,0,15,凱基-岡山,2024-09-10,9209
2382,廣達,24,9,15,凱基-岡山,2024-09-10,9209
2891,中信金,14,0,14,凱基-岡山,2024-09-10,9209
00919,群益台灣精選高息,32,18,14,凱基-岡山,2024-09-10,9209
3583,辛耘,14,1,13,凱基-岡山,2024-09-10,9209
6125,廣運,14,1,13,凱基-岡山,2024-09-10,9209
6207,雷科,16,3,13,凱基-岡山,2024-09-10,9209
2317,鴻海,26,14,12,凱基-岡山,2024-09-10,9209
8112,至上,11,0,11,凱基-岡山,2024-09-10,9209
00632R,元大台灣50反1,20,10,10,凱基-岡山,2024-09-10,9209
3049,精金,10,0,10,凱基-岡山,2024-09-10,9209
4577,達航科技,10,0,10,凱基-岡山,2024-09-10,9209
8038,長園科,10,0,10,凱基-岡山,2024-09-10,9209
2313,華通,10,1,9,凱基-岡山,2024-09-10,9209
2402,毅嘉,11,2,9,凱基-岡山,2024-09-10,9209
2002,中鋼,10,1,9,凱基-岡山,2024-09-10,9209
5398,慕康生醫,10,1,9,凱基-岡山,2024-09-10,9209
6405,悅城,90,81,9,凱基-岡山,2024-09-10,9209
00946,群益科技高息成長,7,0,7,凱基-岡山,2024-09-10,9209
3015,全漢,7,0,7,凱基-岡山,2024-09-10,9209
3362,先進光,7,0,7,凱基-岡山,2024-09-10,9209
5475,德宏,7,0,7,凱基-岡山,2024-09-10,9209
0056,元大高股息,8,1,7,凱基-岡山,2024-09-10,9209
6213,聯茂,9,3,6,凱基-岡山,2024-09-10,9209
2228,劍麟,6,0,6,凱基-岡山,2024-09-10,9209
2303,聯電,15,9,6,凱基-岡山,2024-09-10,9209
2606,裕民,6,0,6,凱基-岡山,2024-09-10,9209
2845,遠東銀,6,0,6,凱基-岡山,2024-09-10,9209
3028,增你強,6,0,6,凱基-岡山,2024-09-10,9209
3037,欣興,7,1,6,凱基-岡山,2024-09-10,9209
00680L,元大美債20正2,150,50,100,凱基-岡山,2024-09-11,9209
00715L,期街口布蘭特正2,91,14,77,凱基-岡山,2024-09-11,9209
00679B,元大美債20年,50,0,50,凱基-岡山,2024-09-11,9209
00940,元大台灣價值高息,39,3,36,凱基-岡山,2024-09-11,9209
2442,新美齊,30,0,30,凱基-岡山,2024-09-11,9209
6899,創為精密,30,0,30,凱基-岡山,2024-09-11,9209
00642U,期元大S＆P石油,29,0,29,凱基-岡山,2024-09-11,9209
4950,牧東,26,0,26,凱基-岡山,2024-09-11,9209
1101,台泥,25,1,24,凱基-岡山,2024-09-11,9209
00882,中信中國高股息,19,0,19,凱基-岡山,2024-09-11,9209
2915,潤泰全,17,0,17,凱基-岡山,2024-09-11,9209
2002,中鋼,21,4,17,凱基-岡山,2024-09-11,9209
00915,凱基優選高股息30,17,1,16,凱基-岡山,2024-09-11,9209
00929,復華台灣科技優息,28,13,15,凱基-岡山,2024-09-11,9209
4510,高鋒,33,18,15,凱基-岡山,2024-09-11,9209
00688L,國泰20年美債正2,14,0,14,凱基-岡山,2024-09-11,9209
2883,凱基金,18,5,13,凱基-岡山,2024-09-11,9209
00919,群益台灣精選高息,15,4,11,凱基-岡山,2024-09-11,9209
00935,野村臺灣新科技50,11,0,11,凱基-岡山,2024-09-11,9209
1301,台塑,11,0,11,凱基-岡山,2024-09-11,9209
1316,上曜,11,0,11,凱基-岡山,2024-09-11,9209
3707,漢磊,11,0,11,凱基-岡山,2024-09-11,9209
00944,野村趨勢動能高息,10,0,10,凱基-岡山,2024-09-11,9209
1303,南亞,10,0,10,凱基-岡山,2024-09-11,9209
9945,潤泰新,10,0,10,凱基-岡山,2024-09-11,9209
00878,國泰永續高股息,10,1,9,凱基-岡山,2024-09-11,9209
6835,圓裕,9,0,9,凱基-岡山,2024-09-11,9209
00937B,群益ESG投等債20,9,0,9,凱基-岡山,2024-09-11,9209
1309,台達化,8,0,8,凱基-岡山,2024-09-11,9209
8070,長華*,8,0,8,凱基-岡山,2024-09-11,9209
8438,昶昕,8,0,8,凱基-岡山,2024-09-11,9209
00687B,國泰20年美債,16,8,8,凱基-岡山,2024-09-11,9209
1584,精剛,8,1,7,凱基-岡山,2024-09-11,9209
2834,臺企銀,7,0,7,凱基-岡山,2024-09-11,9209
6499,益安,8,1,7,凱基-岡山,2024-09-11,9209
00936,台新永續高息中小,6,0,6,凱基-岡山,2024-09-11,9209
1522,堤維西,6,0,6,凱基-岡山,2024-09-11,9209
1533,車王電,8,2,6,凱基-岡山,2024-09-11,9209
2405,輔信,8,2,6,凱基-岡山,2024-09-11,9209
3062,建漢,11,5,6,凱基-岡山,2024-09-11,9209
4566,時碩工業,47,41,6,凱基-岡山,2024-09-11,9209
8112,至上,6,0,6,凱基-岡山,2024-09-11,9209
00959B,大華投等美債15Y+,5,0,5,凱基-岡山,2024-09-11,9209
2867,三商壽,20,15,5,凱基-岡山,2024-09-11,9209
3047,訊舟,83,78,5,凱基-岡山,2024-09-11,9209
8064,東捷,5,0,5,凱基-岡山,2024-09-11,9209
8227,巨有科技,5,0,5,凱基-岡山,2024-09-11,9209
3189,景碩,4,0,4,凱基-岡山,2024-09-11,9209
2402,毅嘉,7,3,4,凱基-岡山,2024-09-11,9209
2605,新興,4,0,4,凱基-岡山,2024-09-11,9209
00680L,元大美債20正2,171,58,113,凱基-岡山,2024-09-12,9209
00676R,富邦臺灣加權反1,105,0,105,凱基-岡山,2024-09-12,9209
2337,旺宏,59,0,59,凱基-岡山,2024-09-12,9209
1301,台塑,50,0,50,凱基-岡山,2024-09-12,9209
8110,華東,36,0,36,凱基-岡山,2024-09-12,9209
5381,合正,33,0,33,凱基-岡山,2024-09-12,9209
2486,一詮,30,1,29,凱基-岡山,2024-09-12,9209
00720B,元大投資級公司債,25,3,22,凱基-岡山,2024-09-12,9209
00687B,國泰20年美債,23,1,22,凱基-岡山,2024-09-12,9209
00632R,元大台灣50反1,30,10,20,凱基-岡山,2024-09-12,9209
3716,中化控股,20,0,20,凱基-岡山,2024-09-12,9209
9105,泰金寶-DR,20,0,20,凱基-岡山,2024-09-12,9209
00772B,中信高評級公司債,20,1,19,凱基-岡山,2024-09-12,9209
3481,群創,21,3,18,凱基-岡山,2024-09-12,9209
2884,玉山金,26,9,17,凱基-岡山,2024-09-12,9209
2883,凱基金,16,0,16,凱基-岡山,2024-09-12,9209
1503,士電,16,0,16,凱基-岡山,2024-09-12,9209
2891,中信金,22,6,16,凱基-岡山,2024-09-12,9209
00919,群益台灣精選高息,16,2,14,凱基-岡山,2024-09-12,9209
2888,新光金,20,6,14,凱基-岡山,2024-09-12,9209
6517,保勝光學,12,0,12,凱基-岡山,2024-09-12,9209
00715L,期街口布蘭特正2,11,0,11,凱基-岡山,2024-09-12,9209
8112,至上,11,0,11,凱基-岡山,2024-09-12,9209
00915,凱基優選高股息30,20,10,10,凱基-岡山,2024-09-12,9209
2344,華邦電,10,0,10,凱基-岡山,2024-09-12,9209
2882,國泰金,10,0,10,凱基-岡山,2024-09-12,9209
6664,群翊,10,0,10,凱基-岡山,2024-09-12,9209
8438,昶昕,9,0,9,凱基-岡山,2024-09-12,9209
2363,矽統,10,2,8,凱基-岡山,2024-09-12,9209
2014,中鴻,13,6,7,凱基-岡山,2024-09-12,9209
2313,華通,9,2,7,凱基-岡山,2024-09-12,9209
2399,映泰,7,0,7,凱基-岡山,2024-09-12,9209
2601,益航,6,0,6,凱基-岡山,2024-09-12,9209
3227,原相,10,4,6,凱基-岡山,2024-09-12,9209
6177,達麗,6,0,6,凱基-岡山,2024-09-12,9209
00712,復華富時不動產,6,0,6,凱基-岡山,2024-09-12,9209
1519,華城,5,0,5,凱基-岡山,2024-09-12,9209
00642U,期元大S＆P石油,5,0,5,凱基-岡山,2024-09-12,9209
2501,國建,5,0,5,凱基-岡山,2024-09-12,9209
2515,中工,5,0,5,凱基-岡山,2024-09-12,9209
5609,中菲行,5,0,5,凱基-岡山,2024-09-12,9209
6147,頎邦,5,0,5,凱基-岡山,2024-09-12,9209
8096,擎亞,5,0,5,凱基-岡山,2024-09-12,9209
2637,慧洋-KY,4,0,4,凱基-岡山,2024-09-12,9209
2890,永豐金,4,0,4,凱基-岡山,2024-09-12,9209
2929,淘帝-KY,4,0,4,凱基-岡山,2024-09-12,9209
3207,耀勝,4,0,4,凱基-岡山,2024-09-12,9209
4977,眾達-KY,4,0,4,凱基-岡山,2024-09-12,9209
6134,萬旭,16,12,4,凱基-岡山,2024-09-12,9209
6155,鈞寶,4,0,4,凱基-岡山,2024-09-12,9209
00679B,元大美債20年,69,3,66,凱基-岡山,2024-09-13,9209
00919,群益台灣精選高息,55,4,51,凱基-岡山,2024-09-13,9209
00929,復華台灣科技優息,53,3,50,凱基-岡山,2024-09-13,9209
00688L,國泰20年美債正2,30,0,30,凱基-岡山,2024-09-13,9209
3522,御嵿,30,0,30,凱基-岡山,2024-09-13,9209
00725B,國泰投資級公司債,25,0,25,凱基-岡山,2024-09-13,9209
00687B,國泰20年美債,21,0,21,凱基-岡山,2024-09-13,9209
2303,聯電,41,21,20,凱基-岡山,2024-09-13,9209
1101,台泥,16,1,15,凱基-岡山,2024-09-13,9209
00945B,凱基美國非投等債,14,0,14,凱基-岡山,2024-09-13,9209
3360,尚立,16,2,14,凱基-岡山,2024-09-13,9209
8070,長華*,31,18,13,凱基-岡山,2024-09-13,9209
3149,正達,24,11,13,凱基-岡山,2024-09-13,9209
1513,中興電,12,1,11,凱基-岡山,2024-09-13,9209
3716,中化控股,10,0,10,凱基-岡山,2024-09-13,9209
1304,台聚,10,0,10,凱基-岡山,2024-09-13,9209
00941,中信上游半導體,10,0,10,凱基-岡山,2024-09-13,9209
2025,千興,10,0,10,凱基-岡山,2024-09-13,9209
3593,力銘,10,0,10,凱基-岡山,2024-09-13,9209
4526,東台,10,0,10,凱基-岡山,2024-09-13,9209
6116,彩晶,10,0,10,凱基-岡山,2024-09-13,9209
2884,玉山金,10,0,10,凱基-岡山,2024-09-13,9209
8039,台虹,15,6,9,凱基-岡山,2024-09-13,9209
8011,台通,11,3,8,凱基-岡山,2024-09-13,9209
00915,凱基優選高股息30,8,1,7,凱基-岡山,2024-09-13,9209
00940,元大台灣價值高息,10,4,6,凱基-岡山,2024-09-13,9209
1618,合機,6,0,6,凱基-岡山,2024-09-13,9209
1785,光洋科,12,6,6,凱基-岡山,2024-09-13,9209
2845,遠東銀,6,0,6,凱基-岡山,2024-09-13,9209
5213,亞昕,6,0,6,凱基-岡山,2024-09-13,9209
6446,藥華藥,6,0,6,凱基-岡山,2024-09-13,9209
3362,先進光,5,0,5,凱基-岡山,2024-09-13,9209
5443,均豪,20,15,5,凱基-岡山,2024-09-13,9209
6517,保勝光學,5,0,5,凱基-岡山,2024-09-13,9209
00642U,期元大S＆P石油,7,2,5,凱基-岡山,2024-09-13,9209
1309,台達化,5,1,4,凱基-岡山,2024-09-13,9209
1815,富喬,16,12,4,凱基-岡山,2024-09-13,9209
2467,志聖,5,1,4,凱基-岡山,2024-09-13,9209
2897,王道銀行,4,0,4,凱基-岡山,2024-09-13,9209
3227,原相,21,17,4,凱基-岡山,2024-09-13,9209
3374,精材,10,6,4,凱基-岡山,2024-09-13,9209
6274,台燿,5,1,4,凱基-岡山,2024-09-13,9209
00878,國泰永續高股息,7,3,4,凱基-岡山,2024-09-13,9209
6187,萬潤,11,7,4,凱基-岡山,2024-09-13,9209
0056,元大高股息,4,0,4,凱基-岡山,2024-09-13,9209
00948B,中信優息投資級債,3,0,3,凱基-岡山,2024-09-13,9209
1326,台化,3,0,3,凱基-岡山,2024-09-13,9209
2108,南帝,3,0,3,凱基-岡山,2024-09-13,9209
2379,瑞昱,3,0,3,凱基-岡山,2024-09-13,9209
2891,中信金,3,0,3,凱基-岡山,2024-09-13,9209
00679B,元大美債20年,203,10,193,凱基-岡山,2024-09-16,9209
00919,群益台灣精選高息,102,6,96,凱基-岡山,2024-09-16,9209
00944,野村趨勢動能高息,70,0,70,凱基-岡山,2024-09-16,9209
00918,大華優利高填息30,52,0,52,凱基-岡山,2024-09-16,9209
3360,尚立,55,7,48,凱基-岡山,2024-09-16,9209
00937B,群益ESG投等債20,43,0,43,凱基-岡山,2024-09-16,9209
6854,錼創科技-KY創,25,0,25,凱基-岡山,2024-09-16,9209
00725B,國泰投資級公司債,20,0,20,凱基-岡山,2024-09-16,9209
2506,太設,20,0,20,凱基-岡山,2024-09-16,9209
6266,泰詠,18,0,18,凱基-岡山,2024-09-16,9209
1416,廣豐,15,0,15,凱基-岡山,2024-09-16,9209
3019,亞光,14,1,13,凱基-岡山,2024-09-16,9209
3149,正達,14,1,13,凱基-岡山,2024-09-16,9209
00878,國泰永續高股息,13,0,13,凱基-岡山,2024-09-16,9209
00680L,元大美債20正2,16,6,10,凱基-岡山,2024-09-16,9209
00730,富邦臺灣優質高息,10,0,10,凱基-岡山,2024-09-16,9209
2025,千興,10,0,10,凱基-岡山,2024-09-16,9209
2353,宏��,10,0,10,凱基-岡山,2024-09-16,9209
6108,競國,10,0,10,凱基-岡山,2024-09-16,9209
00713,元大台灣高息低波,9,0,9,凱基-岡山,2024-09-16,9209
4526,東台,10,1,9,凱基-岡山,2024-09-16,9209
5230,雷笛克光學,16,7,9,凱基-岡山,2024-09-16,9209
3062,建漢,32,24,8,凱基-岡山,2024-09-16,9209
4513,福裕,10,2,8,凱基-岡山,2024-09-16,9209
00915,凱基優選高股息30,7,0,7,凱基-岡山,2024-09-16,9209
00882,中信中國高股息,7,0,7,凱基-岡山,2024-09-16,9209
1342,八貫,7,0,7,凱基-岡山,2024-09-16,9209
3006,晶豪科,7,0,7,凱基-岡山,2024-09-16,9209
3231,緯創,8,1,7,凱基-岡山,2024-09-16,9209
5880,合庫金,7,0,7,凱基-岡山,2024-09-16,9209
00930,永豐ESG低碳高息,5,0,5,凱基-岡山,2024-09-16,9209
1455,集盛,5,0,5,凱基-岡山,2024-09-16,9209
2515,中工,21,16,5,凱基-岡山,2024-09-16,9209
3013,晟銘電,6,1,5,凱基-岡山,2024-09-16,9209
6116,彩晶,5,0,5,凱基-岡山,2024-09-16,9209
6133,金橋,5,0,5,凱基-岡山,2024-09-16,9209
6152,百一,6,1,5,凱基-岡山,2024-09-16,9209
8105,凌巨,5,0,5,凱基-岡山,2024-09-16,9209
2883,凱基金,5,0,5,凱基-岡山,2024-09-16,9209
00900,富邦特選高股息30,4,0,4,凱基-岡山,2024-09-16,9209
2344,華邦電,4,0,4,凱基-岡山,2024-09-16,9209
2534,宏盛,4,0,4,凱基-岡山,2024-09-16,9209
4563,百德,4,0,4,凱基-岡山,2024-09-16,9209
4909,新復興,22,18,4,凱基-岡山,2024-09-16,9209
6698,旭暉應材,4,0,4,凱基-岡山,2024-09-16,9209
8054,安國,4,0,4,凱基-岡山,2024-09-16,9209
8114,振樺電,4,0,4,凱基-岡山,2024-09-16,9209
1539,巨庭,4,0,4,凱基-岡山,2024-09-16,9209
3583,辛耘,8,5,3,凱基-岡山,2024-09-16,9209
8039,台虹,5,2,3,凱基-岡山,2024-09-16,9209
2801,彰銀,245,0,245,凱基-岡山,2024-09-18,9209
00929,復華台灣科技優息,130,6,124,凱基-岡山,2024-09-18,9209
00937B,群益ESG投等債20,142,27,115,凱基-岡山,2024-09-18,9209
00679B,元大美債20年,42,1,41,凱基-岡山,2024-09-18,9209
3430,奇鈦科,32,0,32,凱基-岡山,2024-09-18,9209
6548,長科*,30,0,30,凱基-岡山,2024-09-18,9209
00919,群益台灣精選高息,41,16,25,凱基-岡山,2024-09-18,9209
00878,國泰永續高股息,24,0,24,凱基-岡山,2024-09-18,9209
2317,鴻海,25,5,20,凱基-岡山,2024-09-18,9209
1718,中纖,20,0,20,凱基-岡山,2024-09-18,9209
00918,大華優利高填息30,25,6,19,凱基-岡山,2024-09-18,9209
00680L,元大美債20正2,19,0,19,凱基-岡山,2024-09-18,9209
00711B,復華彭博新興債,15,0,15,凱基-岡山,2024-09-18,9209
00687B,國泰20年美債,16,2,14,凱基-岡山,2024-09-18,9209
00673R,期元大S＆P原油反1,14,0,14,凱基-岡山,2024-09-18,9209
3607,谷崧,14,0,14,凱基-岡山,2024-09-18,9209
9105,泰金寶-DR,12,0,12,凱基-岡山,2024-09-18,9209
00952,凱基台灣AI50,11,0,11,凱基-岡山,2024-09-18,9209
5905,南仁湖,13,2,11,凱基-岡山,2024-09-18,9209
00713,元大台灣高息低波,10,0,10,凱基-岡山,2024-09-18,9209
3035,智原,10,0,10,凱基-岡山,2024-09-18,9209
00930,永豐ESG低碳高息,10,0,10,凱基-岡山,2024-09-18,9209
1309,台達化,10,0,10,凱基-岡山,2024-09-18,9209
2312,金寶,10,0,10,凱基-岡山,2024-09-18,9209
3176,基亞,10,0,10,凱基-岡山,2024-09-18,9209
8213,志超,10,0,10,凱基-岡山,2024-09-18,9209
2303,聯電,13,5,8,凱基-岡山,2024-09-18,9209
2331,精英,8,0,8,凱基-岡山,2024-09-18,9209
2809,京城銀,8,0,8,凱基-岡山,2024-09-18,9209
1776,展宇,8,1,7,凱基-岡山,2024-09-18,9209
3284,太普高,7,0,7,凱基-岡山,2024-09-18,9209
00948B,中信優息投資級債,8,2,6,凱基-岡山,2024-09-18,9209
2344,華邦電,6,0,6,凱基-岡山,2024-09-18,9209
2515,中工,6,0,6,凱基-岡山,2024-09-18,9209
5351,鈺創,6,0,6,凱基-岡山,2024-09-18,9209
00921,兆豐龍頭等權重,5,0,5,凱基-岡山,2024-09-18,9209
2313,華通,7,2,5,凱基-岡山,2024-09-18,9209
1416,廣豐,8,3,5,凱基-岡山,2024-09-18,9209
1447,力鵬,5,0,5,凱基-岡山,2024-09-18,9209
1618,合機,5,0,5,凱基-岡山,2024-09-18,9209
3002,歐格,5,0,5,凱基-岡山,2024-09-18,9209
3716,中化控股,5,0,5,凱基-岡山,2024-09-18,9209
4426,利勤,5,0,5,凱基-岡山,2024-09-18,9209
4903,聯光通,7,2,5,凱基-岡山,2024-09-18,9209
6612,奈米醫材,5,0,5,凱基-岡山,2024-09-18,9209
6719,力智,5,0,5,凱基-岡山,2024-09-18,9209
8431,匯鑽科,5,0,5,凱基-岡山,2024-09-18,9209
0056,元大高股息,9,4,5,凱基-岡山,2024-09-18,9209
00891,中信關鍵半導體,4,0,4,凱基-岡山,2024-09-18,9209
1727,中華化,12,8,4,凱基-岡山,2024-09-18,9209
8421,旭源,153,0,153,凱基-岡山,2024-09-19,9209
00679B,元大美債20年,72,2,70,凱基-岡山,2024-09-19,9209
00937B,群益ESG投等債20,58,5,53,凱基-岡山,2024-09-19,9209
2801,彰銀,36,0,36,凱基-岡山,2024-09-19,9209
00929,復華台灣科技優息,52,21,31,凱基-岡山,2024-09-19,9209
3049,精金,34,5,29,凱基-岡山,2024-09-19,9209
6151,晉倫,24,1,23,凱基-岡山,2024-09-19,9209
00918,大華優利高填息30,21,0,21,凱基-岡山,2024-09-19,9209
00706L,期元大S＆P日圓正2,20,0,20,凱基-岡山,2024-09-19,9209
6177,達麗,21,1,20,凱基-岡山,2024-09-19,9209
00935,野村臺灣新科技50,18,0,18,凱基-岡山,2024-09-19,9209
00795B,中信美國公債20年,17,0,17,凱基-岡山,2024-09-19,9209
3002,歐格,15,0,15,凱基-岡山,2024-09-19,9209
1416,廣豐,13,0,13,凱基-岡山,2024-09-19,9209
2867,三商壽,11,0,11,凱基-岡山,2024-09-19,9209
00905,FT臺灣Smart,10,0,10,凱基-岡山,2024-09-19,9209
1718,中纖,10,0,10,凱基-岡山,2024-09-19,9209
2337,旺宏,10,0,10,凱基-岡山,2024-09-19,9209
8201,無敵,10,0,10,凱基-岡山,2024-09-19,9209
00637L,元大滬深300正2,10,0,10,凱基-岡山,2024-09-19,9209
2891,中信金,15,7,8,凱基-岡山,2024-09-19,9209
00919,群益台灣精選高息,46,39,7,凱基-岡山,2024-09-19,9209
6117,迎廣,7,0,7,凱基-岡山,2024-09-19,9209
2399,映泰,37,31,6,凱基-岡山,2024-09-19,9209
3481,群創,109,104,5,凱基-岡山,2024-09-19,9209
00934,中信成長高股息,5,0,5,凱基-岡山,2024-09-19,9209
1711,永光,20,15,5,凱基-岡山,2024-09-19,9209
6129,普誠,5,0,5,凱基-岡山,2024-09-19,9209
6133,金橋,5,0,5,凱基-岡山,2024-09-19,9209
6194,育富,5,0,5,凱基-岡山,2024-09-19,9209
6612,奈米醫材,5,0,5,凱基-岡山,2024-09-19,9209
2454,聯發科,5,0,5,凱基-岡山,2024-09-19,9209
00915,凱基優選高股息30,4,0,4,凱基-岡山,2024-09-19,9209
1906,寶隆,4,0,4,凱基-岡山,2024-09-19,9209
2243,宏旭-KY,4,0,4,凱基-岡山,2024-09-19,9209
3715,定穎投控,5,1,4,凱基-岡山,2024-09-19,9209
4113,聯上,4,0,4,凱基-岡山,2024-09-19,9209
6288,聯嘉,5,1,4,凱基-岡山,2024-09-19,9209
8039,台虹,6,2,4,凱基-岡山,2024-09-19,9209
8213,志超,4,0,4,凱基-岡山,2024-09-19,9209
8390,金益鼎,8,4,4,凱基-岡山,2024-09-19,9209
00740B,富邦全球投等債,3,0,3,凱基-岡山,2024-09-19,9209
00720B,元大投資級公司債,4,0,4,凱基-岡山,2024-09-19,9209
2062,橋椿,3,0,3,凱基-岡山,2024-09-19,9209
00878,國泰永續高股息,6,3,3,凱基-岡山,2024-09-19,9209
1308,亞聚,3,0,3,凱基-岡山,2024-09-19,9209
2344,華邦電,11,8,3,凱基-岡山,2024-09-19,9209
2393,億光,3,0,3,凱基-岡山,2024-09-19,9209
3450,聯鈞,5,2,3,凱基-岡山,2024-09-19,9209
3615,安可,3,0,3,凱基-岡山,2024-09-19,9209
00637L,元大滬深300正2,655,1,654,凱基-岡山,2024-09-20,9209
3049,精金,168,7,161,凱基-岡山,2024-09-20,9209
1711,永光,163,15,148,凱基-岡山,2024-09-20,9209
2801,彰銀,105,1,104,凱基-岡山,2024-09-20,9209
2883,凱基金,102,14,88,凱基-岡山,2024-09-20,9209
6506,雙邦,67,0,67,凱基-岡山,2024-09-20,9209
2436,偉詮電,70,6,64,凱基-岡山,2024-09-20,9209
1314,中石化,51,5,46,凱基-岡山,2024-09-20,9209
2399,映泰,76,30,46,凱基-岡山,2024-09-20,9209
3290,東浦,28,0,28,凱基-岡山,2024-09-20,9209
00919,群益台灣精選高息,86,58,28,凱基-岡山,2024-09-20,9209
2408,南亞科,26,0,26,凱基-岡山,2024-09-20,9209
4707,磐亞,26,1,25,凱基-岡山,2024-09-20,9209
00679B,元大美債20年,73,49,24,凱基-岡山,2024-09-20,9209
00676R,富邦臺灣加權反1,20,0,20,凱基-岡山,2024-09-20,9209
00944,野村趨勢動能高息,20,0,20,凱基-岡山,2024-09-20,9209
8213,志超,19,0,19,凱基-岡山,2024-09-20,9209
3230,錦明,22,5,17,凱基-岡山,2024-09-20,9209
4526,東台,38,22,16,凱基-岡山,2024-09-20,9209
2596,綠意,15,0,15,凱基-岡山,2024-09-20,9209
4426,利勤,15,0,15,凱基-岡山,2024-09-20,9209
1342,八貫,13,0,13,凱基-岡山,2024-09-20,9209
3013,晟銘電,29,17,12,凱基-岡山,2024-09-20,9209
1539,巨庭,11,0,11,凱基-岡山,2024-09-20,9209
2606,裕民,11,0,11,凱基-岡山,2024-09-20,9209
00952,凱基台灣AI50,10,0,10,凱基-岡山,2024-09-20,9209
2365,昆盈,20,10,10,凱基-岡山,2024-09-20,9209
2883B,凱基金乙特,10,0,10,凱基-岡山,2024-09-20,9209
3481,群創,37,27,10,凱基-岡山,2024-09-20,9209
9958,世紀鋼,11,2,9,凱基-岡山,2024-09-20,9209
5469,瀚宇博,9,0,9,凱基-岡山,2024-09-20,9209
00915,凱基優選高股息30,14,5,9,凱基-岡山,2024-09-20,9209
1524,耿鼎,8,0,8,凱基-岡山,2024-09-20,9209
2312,金寶,8,0,8,凱基-岡山,2024-09-20,9209
2344,華邦電,8,0,8,凱基-岡山,2024-09-20,9209
2349,錸德,11,3,8,凱基-岡山,2024-09-20,9209
2444,兆勁,8,0,8,凱基-岡山,2024-09-20,9209
3062,建漢,30,22,8,凱基-岡山,2024-09-20,9209
2303,聯電,52,45,7,凱基-岡山,2024-09-20,9209
3498,陽程,7,0,7,凱基-岡山,2024-09-20,9209
6104,創惟,58,51,7,凱基-岡山,2024-09-20,9209
2882,國泰金,7,0,7,凱基-岡山,2024-09-20,9209
2881,富邦金,7,0,7,凱基-岡山,2024-09-20,9209
3002,歐格,10,4,6,凱基-岡山,2024-09-20,9209
3219,倚強科,6,0,6,凱基-岡山,2024-09-20,9209
2609,陽明,16,11,5,凱基-岡山,2024-09-20,9209
4909,新復興,34,29,5,凱基-岡山,2024-09-20,9209
1720,生達,5,0,5,凱基-岡山,2024-09-20,9209
2477,美隆電,5,0,5,凱基-岡山,2024-09-20,9209
2495,普安,6,1,5,凱基-岡山,2024-09-20,9209
2801,彰銀,281,6,275,凱基-岡山,2024-09-23,9209
1336,台翰,210,3,207,凱基-岡山,2024-09-23,9209
00944,野村趨勢動能高息,80,0,80,凱基-岡山,2024-09-23,9209
00632R,元大台灣50反1,70,0,70,凱基-岡山,2024-09-23,9209
00958B,永豐ESG銀行債15,50,0,50,凱基-岡山,2024-09-23,9209
3481,群創,55,8,47,凱基-岡山,2024-09-23,9209
00919,群益台灣精選高息,67,22,45,凱基-岡山,2024-09-23,9209
1721,三晃,174,148,26,凱基-岡山,2024-09-23,9209
2883,凱基金,68,43,25,凱基-岡山,2024-09-23,9209
2425,承啟,34,10,24,凱基-岡山,2024-09-23,9209
3290,東浦,22,0,22,凱基-岡山,2024-09-23,9209
3498,陽程,22,2,20,凱基-岡山,2024-09-23,9209
3062,建漢,23,4,19,凱基-岡山,2024-09-23,9209
2542,興富發,24,6,18,凱基-岡山,2024-09-23,9209
2915,潤泰全,17,0,17,凱基-岡山,2024-09-23,9209
1539,巨庭,15,0,15,凱基-岡山,2024-09-23,9209
00952,凱基台灣AI50,15,0,15,凱基-岡山,2024-09-23,9209
2889,國票金,12,0,12,凱基-岡山,2024-09-23,9209
00675L,富邦臺灣加權正2,10,0,10,凱基-岡山,2024-09-23,9209
00673R,期元大S＆P原油反1,10,0,10,凱基-岡山,2024-09-23,9209
1455,集盛,10,0,10,凱基-岡山,2024-09-23,9209
1709,和益,10,0,10,凱基-岡山,2024-09-23,9209
2062,橋椿,12,2,10,凱基-岡山,2024-09-23,9209
2506,太設,10,0,10,凱基-岡山,2024-09-23,9209
00637L,元大滬深300正2,10,0,10,凱基-岡山,2024-09-23,9209
00830,國泰費城半導體,10,0,10,凱基-岡山,2024-09-23,9209
4908,前鼎,13,4,9,凱基-岡山,2024-09-23,9209
2409,友達,8,0,8,凱基-岡山,2024-09-23,9209
00927,群益半導體收益,7,0,7,凱基-岡山,2024-09-23,9209
1316,上曜,7,0,7,凱基-岡山,2024-09-23,9209
2399,映泰,40,33,7,凱基-岡山,2024-09-23,9209
8096,擎亞,7,0,7,凱基-岡山,2024-09-23,9209
00948B,中信優息投資級債,6,0,6,凱基-岡山,2024-09-23,9209
1773,勝一,6,0,6,凱基-岡山,2024-09-23,9209
2014,中鴻,6,0,6,凱基-岡山,2024-09-23,9209
2535,達欣工,6,0,6,凱基-岡山,2024-09-23,9209
2845,遠東銀,6,0,6,凱基-岡山,2024-09-23,9209
3550,聯穎,6,0,6,凱基-岡山,2024-09-23,9209
00795B,中信美國公債20年,5,0,5,凱基-岡山,2024-09-23,9209
2388,威盛,10,5,5,凱基-岡山,2024-09-23,9209
3715,定穎投控,26,21,5,凱基-岡山,2024-09-23,9209
4109,加捷生醫,5,0,5,凱基-岡山,2024-09-23,9209
4939,亞電,5,0,5,凱基-岡山,2024-09-23,9209
2890,永豐金,7,3,4,凱基-岡山,2024-09-23,9209
1326,台化,4,0,4,凱基-岡山,2024-09-23,9209
1514,亞力,4,0,4,凱基-岡山,2024-09-23,9209
1727,中華化,15,11,4,凱基-岡山,2024-09-23,9209
2356,英業達,6,2,4,凱基-岡山,2024-09-23,9209
2408,南亞科,5,1,4,凱基-岡山,2024-09-23,9209
4906,正文,15,11,4,凱基-岡山,2024-09-23,9209
2801,彰銀,455,0,455,凱基-岡山,2024-09-24,9209
00942B,台新美A公司債20+,175,0,175,凱基-岡山,2024-09-24,9209
00937B,群益ESG投等債20,151,34,117,凱基-岡山,2024-09-24,9209
00679B,元大美債20年,100,0,100,凱基-岡山,2024-09-24,9209
1711,永光,62,4,58,凱基-岡山,2024-09-24,9209
00688L,國泰20年美債正2,36,0,36,凱基-岡山,2024-09-24,9209
1584,精剛,35,3,32,凱基-岡山,2024-09-24,9209
3550,聯穎,45,21,24,凱基-岡山,2024-09-24,9209
00929,復華台灣科技優息,22,0,22,凱基-岡山,2024-09-24,9209
2382,廣達,22,3,19,凱基-岡山,2024-09-24,9209
1314,中石化,21,2,19,凱基-岡山,2024-09-24,9209
3605,宏致,27,10,17,凱基-岡山,2024-09-24,9209
4306,炎洲,17,0,17,凱基-岡山,2024-09-24,9209
00952,凱基台灣AI50,17,2,15,凱基-岡山,2024-09-24,9209
6835,圓裕,18,6,12,凱基-岡山,2024-09-24,9209
0056,元大高股息,11,0,11,凱基-岡山,2024-09-24,9209
2605,新興,11,0,11,凱基-岡山,2024-09-24,9209
4526,東台,21,10,11,凱基-岡山,2024-09-24,9209
00676R,富邦臺灣加權反1,10,0,10,凱基-岡山,2024-09-24,9209
00687B,國泰20年美債,13,3,10,凱基-岡山,2024-09-24,9209
1720,生達,10,0,10,凱基-岡山,2024-09-24,9209
2524,京城,10,0,10,凱基-岡山,2024-09-24,9209
4716,大立,19,9,10,凱基-岡山,2024-09-24,9209
6570,維田,10,0,10,凱基-岡山,2024-09-24,9209
8111,立��,11,1,10,凱基-岡山,2024-09-24,9209
2356,英業達,11,2,9,凱基-岡山,2024-09-24,9209
00934,中信成長高股息,9,0,9,凱基-岡山,2024-09-24,9209
00958B,永豐ESG銀行債15,9,0,9,凱基-岡山,2024-09-24,9209
3374,精材,8,0,8,凱基-岡山,2024-09-24,9209
00635U,期元大S＆P黃金,8,0,8,凱基-岡山,2024-09-24,9209
00715L,期街口布蘭特正2,8,0,8,凱基-岡山,2024-09-24,9209
2331,精英,8,0,8,凱基-岡山,2024-09-24,9209
8070,長華*,13,5,8,凱基-岡山,2024-09-24,9209
2349,錸德,16,9,7,凱基-岡山,2024-09-24,9209
3036,文曄,7,0,7,凱基-岡山,2024-09-24,9209
3037,欣興,8,1,7,凱基-岡山,2024-09-24,9209
4109,加捷生醫,7,0,7,凱基-岡山,2024-09-24,9209
00915,凱基優選高股息30,6,0,6,凱基-岡山,2024-09-24,9209
2634,漢翔,8,2,6,凱基-岡山,2024-09-24,9209
1316,上曜,5,0,5,凱基-岡山,2024-09-24,9209
4743,合一,5,0,5,凱基-岡山,2024-09-24,9209
1815,富喬,6,1,5,凱基-岡山,2024-09-24,9209
2009,第一銅,6,1,5,凱基-岡山,2024-09-24,9209
2362,藍天,5,0,5,凱基-岡山,2024-09-24,9209
2367,燿華,8,3,5,凱基-岡山,2024-09-24,9209
2497,怡利電,6,1,5,凱基-岡山,2024-09-24,9209
3149,正達,11,6,5,凱基-岡山,2024-09-24,9209
4903,聯光通,5,0,5,凱基-岡山,2024-09-24,9209
6233,旺玖,5,0,5,凱基-岡山,2024-09-24,9209
6257,矽格,7,2,5,凱基-岡山,2024-09-24,9209
2801,彰銀,273,10,263,凱基-岡山,2024-09-25,9209
2883,凱基金,78,8,70,凱基-岡山,2024-09-25,9209
3593,力銘,70,0,70,凱基-岡山,2024-09-25,9209
00753L,中信中國50正2,72,9,63,凱基-岡山,2024-09-25,9209
0056,元大高股息,55,1,54,凱基-岡山,2024-09-25,9209
00715L,期街口布蘭特正2,40,0,40,凱基-岡山,2024-09-25,9209
2888,新光金,35,1,34,凱基-岡山,2024-09-25,9209
00929,復華台灣科技優息,104,72,32,凱基-岡山,2024-09-25,9209
2609,陽明,77,48,29,凱基-岡山,2024-09-25,9209
3550,聯穎,77,52,25,凱基-岡山,2024-09-25,9209
5309,系統電,27,3,24,凱基-岡山,2024-09-25,9209
3062,建漢,28,6,22,凱基-岡山,2024-09-25,9209
00960,野村全球航運龍頭,22,1,21,凱基-岡山,2024-09-25,9209
8105,凌巨,23,2,21,凱基-岡山,2024-09-25,9209
2313,華通,19,1,18,凱基-岡山,2024-09-25,9209
2356,英業達,26,8,18,凱基-岡山,2024-09-25,9209
2409,友達,17,0,17,凱基-岡山,2024-09-25,9209
2408,南亞科,18,2,16,凱基-岡山,2024-09-25,9209
00905,FT臺灣Smart,15,0,15,凱基-岡山,2024-09-25,9209
8076,伍豐,16,3,13,凱基-岡山,2024-09-25,9209
1314,中石化,15,2,13,凱基-岡山,2024-09-25,9209
00679B,元大美債20年,14,1,13,凱基-岡山,2024-09-25,9209
6770,力積電,15,3,12,凱基-岡山,2024-09-25,9209
00636,國泰中國A50,11,0,11,凱基-岡山,2024-09-25,9209
00650L,復華香港正2,11,0,11,凱基-岡山,2024-09-25,9209
5907,大洋-KY,11,0,11,凱基-岡山,2024-09-25,9209
00772B,中信高評級公司債,10,0,10,凱基-岡山,2024-09-25,9209
00887,永豐中國科技50大,10,0,10,凱基-岡山,2024-09-25,9209
00676R,富邦臺灣加權反1,10,0,10,凱基-岡山,2024-09-25,9209
1312,國喬,10,0,10,凱基-岡山,2024-09-25,9209
2349,錸德,10,0,10,凱基-岡山,2024-09-25,9209
3702,大聯大,11,1,10,凱基-岡山,2024-09-25,9209
00945B,凱基美國非投等債,9,0,9,凱基-岡山,2024-09-25,9209
2329,華泰,9,0,9,凱基-岡山,2024-09-25,9209
4527,方土霖,10,1,9,凱基-岡山,2024-09-25,9209
2351,順德,9,1,8,凱基-岡山,2024-09-25,9209
2426,鼎元,8,0,8,凱基-岡山,2024-09-25,9209
4303,信立,8,0,8,凱基-岡山,2024-09-25,9209
8110,華東,8,0,8,凱基-岡山,2024-09-25,9209
2359,所羅門,14,6,8,凱基-岡山,2024-09-25,9209
00637L,元大滬深300正2,7,0,7,凱基-岡山,2024-09-25,9209
4174,浩鼎,7,0,7,凱基-岡山,2024-09-25,9209
4729,熒茂,7,0,7,凱基-岡山,2024-09-25,9209
00795B,中信美國公債20年,6,0,6,凱基-岡山,2024-09-25,9209
1307,三芳,6,0,6,凱基-岡山,2024-09-25,9209
1609,大亞,6,0,6,凱基-岡山,2024-09-25,9209
2415,錩新,6,0,6,凱基-岡山,2024-09-25,9209
4903,聯光通,11,5,6,凱基-岡山,2024-09-25,9209
8404,百和興業-KY,6,0,6,凱基-岡山,2024-09-25,9209
6548,長科*,6,1,5,凱基-岡山,2024-09-25,9209
00882,中信中國高股息,301,87,214,凱基-岡山,2024-09-26,9209
2801,彰銀,105,0,105,凱基-岡山,2024-09-26,9209
00680L,元大美債20正2,57,4,53,凱基-岡山,2024-09-26,9209
00960,野村全球航運龍頭,37,8,29,凱基-岡山,2024-09-26,9209
00720B,元大投資級公司債,27,1,26,凱基-岡山,2024-09-26,9209
3149,正達,47,23,24,凱基-岡山,2024-09-26,9209
2344,華邦電,32,13,19,凱基-岡山,2024-09-26,9209
3013,晟銘電,32,13,19,凱基-岡山,2024-09-26,9209
3362,先進光,17,0,17,凱基-岡山,2024-09-26,9209
00948B,中信優息投資級債,15,0,15,凱基-岡山,2024-09-26,9209
2367,燿華,14,0,14,凱基-岡山,2024-09-26,9209
2317,鴻海,20,6,14,凱基-岡山,2024-09-26,9209
1721,三晃,15,2,13,凱基-岡山,2024-09-26,9209
2453,凌群,13,0,13,凱基-岡山,2024-09-26,9209
6177,達麗,13,0,13,凱基-岡山,2024-09-26,9209
3583,辛耘,11,0,11,凱基-岡山,2024-09-26,9209
00715L,期街口布蘭特正2,11,0,11,凱基-岡山,2024-09-26,9209
00945B,凱基美國非投等債,11,0,11,凱基-岡山,2024-09-26,9209
2913,農林,11,0,11,凱基-岡山,2024-09-26,9209
3543,州巧,11,0,11,凱基-岡山,2024-09-26,9209
6606,建德工業,11,0,11,凱基-岡山,2024-09-26,9209
6763,綠界科技*,11,0,11,凱基-岡山,2024-09-26,9209
00693U,期街口S＆P黃豆,10,0,10,凱基-岡山,2024-09-26,9209
3512,皇龍,10,0,10,凱基-岡山,2024-09-26,9209
3715,定穎投控,13,3,10,凱基-岡山,2024-09-26,9209
4566,時碩工業,14,4,10,凱基-岡山,2024-09-26,9209
4909,新復興,54,44,10,凱基-岡山,2024-09-26,9209
5498,凱崴,10,0,10,凱基-岡山,2024-09-26,9209
6233,旺玖,11,1,10,凱基-岡山,2024-09-26,9209
6573,虹揚-KY,10,0,10,凱基-岡山,2024-09-26,9209
00915,凱基優選高股息30,17,7,10,凱基-岡山,2024-09-26,9209
00946,群益科技高息成長,10,1,9,凱基-岡山,2024-09-26,9209
5398,慕康生醫,9,0,9,凱基-岡山,2024-09-26,9209
8110,華東,9,0,9,凱基-岡山,2024-09-26,9209
4958,臻鼎-KY,8,0,8,凱基-岡山,2024-09-26,9209
1586,和勤,8,0,8,凱基-岡山,2024-09-26,9209
2637,慧洋-KY,11,3,8,凱基-岡山,2024-09-26,9209
9105,泰金寶-DR,8,0,8,凱基-岡山,2024-09-26,9209
00632R,元大台灣50反1,8,0,8,凱基-岡山,2024-09-26,9209
00712,復華富時不動產,8,0,8,凱基-岡山,2024-09-26,9209
8112,至上,8,0,8,凱基-岡山,2024-09-26,9209
2542,興富發,7,0,7,凱基-岡山,2024-09-26,9209
00650L,復華香港正2,7,0,7,凱基-岡山,2024-09-26,9209
2408,南亞科,16,9,7,凱基-岡山,2024-09-26,9209
2515,中工,7,0,7,凱基-岡山,2024-09-26,9209
6548,長科*,37,30,7,凱基-岡山,2024-09-26,9209
6570,維田,7,0,7,凱基-岡山,2024-09-26,9209
8076,伍豐,7,0,7,凱基-岡山,2024-09-26,9209
00919,群益台灣精選高息,18,12,6,凱基-岡山,2024-09-26,9209
2613,中櫃,8,2,6,凱基-岡山,2024-09-26,9209
2801,彰銀,101,0,101,凱基-岡山,2024-09-27,9209
00715L,期街口布蘭特正2,80,0,80,凱基-岡山,2024-09-27,9209
00632R,元大台灣50反1,73,20,53,凱基-岡山,2024-09-27,9209
00680L,元大美債20正2,55,5,50,凱基-岡山,2024-09-27,9209
00940,元大台灣價值高息,45,13,32,凱基-岡山,2024-09-27,9209
00634R,富邦上証反1,100,70,30,凱基-岡山,2024-09-27,9209
6405,悅城,50,20,30,凱基-岡山,2024-09-27,9209
2402,毅嘉,22,0,22,凱基-岡山,2024-09-27,9209
1304,台聚,31,12,19,凱基-岡山,2024-09-27,9209
00650L,復華香港正2,18,1,17,凱基-岡山,2024-09-27,9209
00927,群益半導體收益,16,0,16,凱基-岡山,2024-09-27,9209
8070,長華*,16,0,16,凱基-岡山,2024-09-27,9209
00946,群益科技高息成長,15,0,15,凱基-岡山,2024-09-27,9209
00948B,中信優息投資級債,15,0,15,凱基-岡山,2024-09-27,9209
00673R,期元大S＆P原油反1,14,0,14,凱基-岡山,2024-09-27,9209
4562,穎漢,20,6,14,凱基-岡山,2024-09-27,9209
00712,復華富時不動產,14,0,14,凱基-岡山,2024-09-27,9209
6177,達麗,15,2,13,凱基-岡山,2024-09-27,9209
2399,映泰,44,31,13,凱基-岡山,2024-09-27,9209
00679B,元大美債20年,33,20,13,凱基-岡山,2024-09-27,9209
00937B,群益ESG投等債20,42,30,12,凱基-岡山,2024-09-27,9209
4527,方土霖,22,10,12,凱基-岡山,2024-09-27,9209
00687B,國泰20年美債,50,38,12,凱基-岡山,2024-09-27,9209
00642U,期元大S＆P石油,11,0,11,凱基-岡山,2024-09-27,9209
00725B,國泰投資級公司債,12,1,11,凱基-岡山,2024-09-27,9209
00772B,中信高評級公司債,11,0,11,凱基-岡山,2024-09-27,9209
00753L,中信中國50正2,28,17,11,凱基-岡山,2024-09-27,9209
00960,野村全球航運龍頭,13,2,11,凱基-岡山,2024-09-27,9209
4906,正文,10,0,10,凱基-岡山,2024-09-27,9209
00676R,富邦臺灣加權反1,10,0,10,凱基-岡山,2024-09-27,9209
020034,元大IC設計N,10,0,10,凱基-岡山,2024-09-27,9209
2888,新光金,10,0,10,凱基-岡山,2024-09-27,9209
3702,大聯大,10,0,10,凱基-岡山,2024-09-27,9209
5481,新華,10,0,10,凱基-岡山,2024-09-27,9209
1605,華新,20,11,9,凱基-岡山,2024-09-27,9209
1808,潤隆,11,2,9,凱基-岡山,2024-09-27,9209
6248,沛波,9,0,9,凱基-岡山,2024-09-27,9209
1609,大亞,15,6,9,凱基-岡山,2024-09-27,9209
2890,永豐金,10,1,9,凱基-岡山,2024-09-27,9209
3019,亞光,21,13,8,凱基-岡山,2024-09-27,9209
1799,易威,8,0,8,凱基-岡山,2024-09-27,9209
3033,威健,8,0,8,凱基-岡山,2024-09-27,9209
3017,奇鋐,12,4,8,凱基-岡山,2024-09-27,9209
00706L,期元大S＆P日圓正2,7,0,7,凱基-岡山,2024-09-27,9209
3512,皇龍,7,0,7,凱基-岡山,2024-09-27,9209
2201,裕隆,7,0,7,凱基-岡山,2024-09-27,9209
2881,富邦金,7,1,6,凱基-岡山,2024-09-27,9209
2478,大毅,6,0,6,凱基-岡山,2024-09-27,9209
5880,合庫金,6,0,6,凱基-岡山,2024-09-27,9209
6188,廣明,9,3,6,凱基-岡山,2024-09-27,9209
00687B,國泰20年美債,203,1,202,凱基-岡山,2024-09-30,9209
1785,光洋科,58,2,56,凱基-岡山,2024-09-30,9209
00919,群益台灣精選高息,51,1,50,凱基-岡山,2024-09-30,9209
2888,新光金,52,3,49,凱基-岡山,2024-09-30,9209
00679B,元大美債20年,48,2,46,凱基-岡山,2024-09-30,9209
1808,潤隆,42,0,42,凱基-岡山,2024-09-30,9209
1314,中石化,41,0,41,凱基-岡山,2024-09-30,9209
2038,海光,37,0,37,凱基-岡山,2024-09-30,9209
00940,元大台灣價值高息,48,12,36,凱基-岡山,2024-09-30,9209
2867,三商壽,34,0,34,凱基-岡山,2024-09-30,9209
00937B,群益ESG投等債20,36,4,32,凱基-岡山,2024-09-30,9209
00960,野村全球航運龍頭,32,0,32,凱基-岡山,2024-09-30,9209
00929,復華台灣科技優息,31,1,30,凱基-岡山,2024-09-30,9209
00665L,富邦�琤肭磪囓�2,30,0,30,凱基-岡山,2024-09-30,9209
00637L,元大滬深300正2,30,0,30,凱基-岡山,2024-09-30,9209
8097,常珵,31,1,30,凱基-岡山,2024-09-30,9209
00946,群益科技高息成長,39,10,29,凱基-岡山,2024-09-30,9209
0056,元大高股息,32,3,29,凱基-岡山,2024-09-30,9209
2605,新興,48,19,29,凱基-岡山,2024-09-30,9209
2609,陽明,39,10,29,凱基-岡山,2024-09-30,9209
2313,華通,28,3,25,凱基-岡山,2024-09-30,9209
00952,凱基台灣AI50,23,0,23,凱基-岡山,2024-09-30,9209
006206,元大上證50,20,0,20,凱基-岡山,2024-09-30,9209
6405,悅城,20,0,20,凱基-岡山,2024-09-30,9209
00634R,富邦上証反1,17,0,17,凱基-岡山,2024-09-30,9209
3711,日月光投控,30,15,15,凱基-岡山,2024-09-30,9209
2330,台積電,16,1,15,凱基-岡山,2024-09-30,9209
00680L,元大美債20正2,14,0,14,凱基-岡山,2024-09-30,9209
2883,凱基金,21,7,14,凱基-岡山,2024-09-30,9209
1909,榮成,19,6,13,凱基-岡山,2024-09-30,9209
2363,矽統,41,28,13,凱基-岡山,2024-09-30,9209
1708,東鹼,12,0,12,凱基-岡山,2024-09-30,9209
8070,長華*,12,0,12,凱基-岡山,2024-09-30,9209
00650L,復華香港正2,20,9,11,凱基-岡山,2024-09-30,9209
4306,炎洲,11,0,11,凱基-岡山,2024-09-30,9209
8277,商丞,11,0,11,凱基-岡山,2024-09-30,9209
00712,復華富時不動產,10,0,10,凱基-岡山,2024-09-30,9209
00633L,富邦上証正2,15,5,10,凱基-岡山,2024-09-30,9209
2323,中環,10,0,10,凱基-岡山,2024-09-30,9209
2506,太設,10,0,10,凱基-岡山,2024-09-30,9209
2610,華航,20,10,10,凱基-岡山,2024-09-30,9209
3024,憶聲,10,0,10,凱基-岡山,2024-09-30,9209
3284,太普高,10,0,10,凱基-岡山,2024-09-30,9209
4960,誠美材,10,0,10,凱基-岡山,2024-09-30,9209
6125,廣運,10,0,10,凱基-岡山,2024-09-30,9209
9907,統一實,10,0,10,凱基-岡山,2024-09-30,9209
1717,長興,14,4,10,凱基-岡山,2024-09-30,9209
00715L,期街口布蘭特正2,33,24,9,凱基-岡山,2024-09-30,9209
00655L,國泰中國A50正2,11,2,9,凱基-岡山,2024-09-30,9209
3066,李洲,9,0,9,凱基-岡山,2024-09-30,9209
00937B,群益ESG投等債20,549,2,547,凱基-岡山,2024-10-01,9209
2801,彰銀,316,0,316,凱基-岡山,2024-10-01,9209
1802,台玻,287,107,180,凱基-岡山,2024-10-01,9209
00679B,元大美債20年,89,0,89,凱基-岡山,2024-10-01,9209
00753L,中信中國50正2,82,0,82,凱基-岡山,2024-10-01,9209
2105,正新,70,4,66,凱基-岡山,2024-10-01,9209
2883,凱基金,50,0,50,凱基-岡山,2024-10-01,9209
00929,復華台灣科技優息,40,0,40,凱基-岡山,2024-10-01,9209
00632R,元大台灣50反1,40,1,39,凱基-岡山,2024-10-01,9209
4967,十銓,37,0,37,凱基-岡山,2024-10-01,9209
2610,華航,50,15,35,凱基-岡山,2024-10-01,9209
912000,晨訊科-DR,31,0,31,凱基-岡山,2024-10-01,9209
8429,金麗-KY,25,0,25,凱基-岡山,2024-10-01,9209
0056,元大高股息,24,0,24,凱基-岡山,2024-10-01,9209
00638R,元大滬深300反1,20,0,20,凱基-岡山,2024-10-01,9209
3481,群創,18,4,14,凱基-岡山,2024-10-01,9209
3149,正達,17,5,12,凱基-岡山,2024-10-01,9209
3511,矽瑪,32,20,12,凱基-岡山,2024-10-01,9209
4527,方土霖,13,1,12,凱基-岡山,2024-10-01,9209
4958,臻鼎-KY,11,0,11,凱基-岡山,2024-10-01,9209
00878,國泰永續高股息,13,2,11,凱基-岡山,2024-10-01,9209
2426,鼎元,10,0,10,凱基-岡山,2024-10-01,9209
2890,永豐金,10,0,10,凱基-岡山,2024-10-01,9209
6596,寬宏藝術,10,0,10,凱基-岡山,2024-10-01,9209
2542,興富發,10,0,10,凱基-岡山,2024-10-01,9209
2888,新光金,9,0,9,凱基-岡山,2024-10-01,9209
6125,廣運,8,0,8,凱基-岡山,2024-10-01,9209
00639,富邦深100,8,0,8,凱基-岡山,2024-10-01,9209
2344,華邦電,9,1,8,凱基-岡山,2024-10-01,9209
00940,元大台灣價值高息,15,8,7,凱基-岡山,2024-10-01,9209
4934,太極,7,0,7,凱基-岡山,2024-10-01,9209
6179,亞通,7,0,7,凱基-岡山,2024-10-01,9209
00651R,復華香港反1,6,0,6,凱基-岡山,2024-10-01,9209
00680L,元大美債20正2,6,0,6,凱基-岡山,2024-10-01,9209
1513,中興電,8,2,6,凱基-岡山,2024-10-01,9209
1773,勝一,6,0,6,凱基-岡山,2024-10-01,9209
2351,順德,11,5,6,凱基-岡山,2024-10-01,9209
2836,高雄銀,6,0,6,凱基-岡山,2024-10-01,9209
2845,遠東銀,6,0,6,凱基-岡山,2024-10-01,9209
6770,力積電,6,0,6,凱基-岡山,2024-10-01,9209
2363,矽統,23,17,6,凱基-岡山,2024-10-01,9209
00919,群益台灣精選高息,5,0,5,凱基-岡山,2024-10-01,9209
2317,鴻海,84,79,5,凱基-岡山,2024-10-01,9209
00712,復華富時不動產,5,0,5,凱基-岡山,2024-10-01,9209
3324,雙鴻,5,0,5,凱基-岡山,2024-10-01,9209
4979,華星光,25,20,5,凱基-岡山,2024-10-01,9209
5443,均豪,5,0,5,凱基-岡山,2024-10-01,9209
00688L,國泰20年美債正2,5,0,5,凱基-岡山,2024-10-01,9209
2243,宏旭-KY,5,0,5,凱基-岡山,2024-10-01,9209
2601,益航,5,0,5,凱基-岡山,2024-10-01,9209
00937B,群益ESG投等債20,466,1,465,凱基-岡山,2024-10-04,9209
00753L,中信中國50正2,391,45,346,凱基-岡山,2024-10-04,9209
00942B,台新美A公司債20+,125,0,125,凱基-岡山,2024-10-04,9209
00919,群益台灣精選高息,104,6,98,凱基-岡山,2024-10-04,9209
00927,群益半導體收益,45,0,45,凱基-岡山,2024-10-04,9209
1802,台玻,60,20,40,凱基-岡山,2024-10-04,9209
2014,中鴻,90,50,40,凱基-岡山,2024-10-04,9209
00679B,元大美債20年,42,2,40,凱基-岡山,2024-10-04,9209
00878,國泰永續高股息,38,0,38,凱基-岡山,2024-10-04,9209
00936,台新永續高息中小,30,0,30,凱基-岡山,2024-10-04,9209
2609,陽明,49,19,30,凱基-岡山,2024-10-04,9209
00688L,國泰20年美債正2,25,0,25,凱基-岡山,2024-10-04,9209
2367,燿華,24,1,23,凱基-岡山,2024-10-04,9209
2610,華航,23,0,23,凱基-岡山,2024-10-04,9209
0056,元大高股息,22,0,22,凱基-岡山,2024-10-04,9209
2603,長榮,33,14,19,凱基-岡山,2024-10-04,9209
6125,廣運,18,0,18,凱基-岡山,2024-10-04,9209
8068,全達,28,10,18,凱基-岡山,2024-10-04,9209
00650L,復華香港正2,75,60,15,凱基-岡山,2024-10-04,9209
00680L,元大美債20正2,15,1,14,凱基-岡山,2024-10-04,9209
00960,野村全球航運龍頭,13,0,13,凱基-岡山,2024-10-04,9209
2615,萬海,13,0,13,凱基-岡山,2024-10-04,9209
00687B,國泰20年美債,11,0,11,凱基-岡山,2024-10-04,9209
00915,凱基優選高股息30,12,2,10,凱基-岡山,2024-10-04,9209
8039,台虹,11,1,10,凱基-岡山,2024-10-04,9209
00706L,期元大S＆P日圓正2,10,0,10,凱基-岡山,2024-10-04,9209
00634R,富邦上証反1,40,30,10,凱基-岡山,2024-10-04,9209
1326,台化,64,54,10,凱基-岡山,2024-10-04,9209
2414,精技,10,0,10,凱基-岡山,2024-10-04,9209
9105,泰金寶-DR,10,0,10,凱基-岡山,2024-10-04,9209
2399,映泰,71,62,9,凱基-岡山,2024-10-04,9209
3209,全科,9,0,9,凱基-岡山,2024-10-04,9209
2101,南港,8,0,8,凱基-岡山,2024-10-04,9209
2303,聯電,10,2,8,凱基-岡山,2024-10-04,9209
4956,光鋐,8,0,8,凱基-岡山,2024-10-04,9209
8070,長華*,8,0,8,凱基-岡山,2024-10-04,9209
3689,湧德,7,0,7,凱基-岡山,2024-10-04,9209
00858,永豐美國500大,7,0,7,凱基-岡山,2024-10-04,9209
1609,大亞,14,7,7,凱基-岡山,2024-10-04,9209
2845,遠東銀,7,0,7,凱基-岡山,2024-10-04,9209
5351,鈺創,10,3,7,凱基-岡山,2024-10-04,9209
4526,東台,8,1,7,凱基-岡山,2024-10-04,9209
00918,大華優利高填息30,6,0,6,凱基-岡山,2024-10-04,9209
00673R,期元大S＆P原油反1,8,2,6,凱基-岡山,2024-10-04,9209
2881,富邦金,7,1,6,凱基-岡山,2024-10-04,9209
4167,松瑞藥,6,0,6,凱基-岡山,2024-10-04,9209
6246,臺龍,7,1,6,凱基-岡山,2024-10-04,9209
00720B,元大投資級公司債,5,0,5,凱基-岡山,2024-10-04,9209
2890,永豐金,5,0,5,凱基-岡山,2024-10-04,9209
00948B,中信優息投資級債,5,0,5,凱基-岡山,2024-10-04,9209
00882,中信中國高股息,274,79,195,凱基-岡山,2024-10-07,9209
2399,映泰,125,9,116,凱基-岡山,2024-10-07,9209
3049,精金,103,28,75,凱基-岡山,2024-10-07,9209
00665L,富邦�琤肭磪囓�2,71,0,71,凱基-岡山,2024-10-07,9209
8039,台虹,55,1,54,凱基-岡山,2024-10-07,9209
00929,復華台灣科技優息,47,8,39,凱基-岡山,2024-10-07,9209
4903,聯光通,50,12,38,凱基-岡山,2024-10-07,9209
00651R,復華香港反1,30,0,30,凱基-岡山,2024-10-07,9209
00919,群益台灣精選高息,30,0,30,凱基-岡山,2024-10-07,9209
00922,國泰台灣領袖50,28,0,28,凱基-岡山,2024-10-07,9209
3481,群創,37,11,26,凱基-岡山,2024-10-07,9209
2317,鴻海,48,23,25,凱基-岡山,2024-10-07,9209
00669R,國泰美國道瓊反1,20,0,20,凱基-岡山,2024-10-07,9209
00633L,富邦上証正2,20,0,20,凱基-岡山,2024-10-07,9209
5443,均豪,20,1,19,凱基-岡山,2024-10-07,9209
2883,凱基金,53,34,19,凱基-岡山,2024-10-07,9209
00795B,中信美國公債20年,17,0,17,凱基-岡山,2024-10-07,9209
00637L,元大滬深300正2,22,5,17,凱基-岡山,2024-10-07,9209
00943,兆豐電子高息等權,18,2,16,凱基-岡山,2024-10-07,9209
2356,英業達,29,13,16,凱基-岡山,2024-10-07,9209
2363,矽統,21,6,15,凱基-岡山,2024-10-07,9209
1742,台蠟,12,0,12,凱基-岡山,2024-10-07,9209
2002,中鋼,45,34,11,凱基-岡山,2024-10-07,9209
00654R,富邦印度反1,10,0,10,凱基-岡山,2024-10-07,9209
00650L,復華香港正2,93,83,10,凱基-岡山,2024-10-07,9209
2349,錸德,11,1,10,凱基-岡山,2024-10-07,9209
2353,宏��,10,0,10,凱基-岡山,2024-10-07,9209
5398,慕康生醫,10,0,10,凱基-岡山,2024-10-07,9209
8111,立��,31,21,10,凱基-岡山,2024-10-07,9209
2615,萬海,26,17,9,凱基-岡山,2024-10-07,9209
5351,鈺創,11,2,9,凱基-岡山,2024-10-07,9209
2408,南亞科,14,6,8,凱基-岡山,2024-10-07,9209
00940,元大台灣價值高息,14,6,8,凱基-岡山,2024-10-07,9209
3025,星通,13,5,8,凱基-岡山,2024-10-07,9209
8110,華東,8,0,8,凱基-岡山,2024-10-07,9209
00725B,國泰投資級公司債,7,0,7,凱基-岡山,2024-10-07,9209
0052,富邦科技,7,0,7,凱基-岡山,2024-10-07,9209
1626,艾美特-KY,7,0,7,凱基-岡山,2024-10-07,9209
2303,聯電,10,3,7,凱基-岡山,2024-10-07,9209
2429,銘旺科,7,0,7,凱基-岡山,2024-10-07,9209
3006,晶豪科,7,0,7,凱基-岡山,2024-10-07,9209
0056,元大高股息,7,0,7,凱基-岡山,2024-10-07,9209
1785,光洋科,6,0,6,凱基-岡山,2024-10-07,9209
1595,川寶,11,5,6,凱基-岡山,2024-10-07,9209
2478,大毅,6,0,6,凱基-岡山,2024-10-07,9209
2495,普安,6,0,6,凱基-岡山,2024-10-07,9209
2515,中工,7,1,6,凱基-岡山,2024-10-07,9209
2845,遠東銀,6,0,6,凱基-岡山,2024-10-07,9209
3047,訊舟,7,1,6,凱基-岡山,2024-10-07,9209
4541,晟田,6,0,6,凱基-岡山,2024-10-07,9209
2014,中鴻,152,17,135,凱基-岡山,2024-10-08,9209
2883,凱基金,104,13,91,凱基-岡山,2024-10-08,9209
00665L,富邦�琤肭磪囓�2,265,185,80,凱基-岡山,2024-10-08,9209
00940,元大台灣價值高息,69,0,69,凱基-岡山,2024-10-08,9209
00937B,群益ESG投等債20,98,41,57,凱基-岡山,2024-10-08,9209
00882,中信中國高股息,160,103,57,凱基-岡山,2024-10-08,9209
1314,中石化,46,0,46,凱基-岡山,2024-10-08,9209
4903,聯光通,65,25,40,凱基-岡山,2024-10-08,9209
2851,中再保,38,0,38,凱基-岡山,2024-10-08,9209
6548,長科*,37,0,37,凱基-岡山,2024-10-08,9209
00753L,中信中國50正2,675,638,37,凱基-岡山,2024-10-08,9209
2801,彰銀,34,0,34,凱基-岡山,2024-10-08,9209
00687B,國泰20年美債,34,0,34,凱基-岡山,2024-10-08,9209
00673R,期元大S＆P原油反1,30,0,30,凱基-岡山,2024-10-08,9209
00944,野村趨勢動能高息,30,0,30,凱基-岡山,2024-10-08,9209
00929,復華台灣科技優息,67,38,29,凱基-岡山,2024-10-08,9209
00923,群益台ESG低碳50,32,3,29,凱基-岡山,2024-10-08,9209
0056,元大高股息,29,0,29,凱基-岡山,2024-10-08,9209
00638R,元大滬深300反1,28,0,28,凱基-岡山,2024-10-08,9209
2845,遠東銀,32,5,27,凱基-岡山,2024-10-08,9209
3024,憶聲,24,0,24,凱基-岡山,2024-10-08,9209
1721,三晃,21,0,21,凱基-岡山,2024-10-08,9209
00919,群益台灣精選高息,21,0,21,凱基-岡山,2024-10-08,9209
00948B,中信優息投資級債,21,0,21,凱基-岡山,2024-10-08,9209
6405,悅城,21,1,20,凱基-岡山,2024-10-08,9209
00712,復華富時不動產,20,0,20,凱基-岡山,2024-10-08,9209
5292,華懋,17,0,17,凱基-岡山,2024-10-08,9209
1540,喬福,18,2,16,凱基-岡山,2024-10-08,9209
00958B,永豐ESG銀行債15,15,0,15,凱基-岡山,2024-10-08,9209
1611,中電,15,0,15,凱基-岡山,2024-10-08,9209
6835,圓裕,15,0,15,凱基-岡山,2024-10-08,9209
6426,統新,14,0,14,凱基-岡山,2024-10-08,9209
00930,永豐ESG低碳高息,12,0,12,凱基-岡山,2024-10-08,9209
2344,華邦電,17,5,12,凱基-岡山,2024-10-08,9209
00939,統一台灣高息動能,11,0,11,凱基-岡山,2024-10-08,9209
2101,南港,13,2,11,凱基-岡山,2024-10-08,9209
2882,國泰金,17,6,11,凱基-岡山,2024-10-08,9209
00878,國泰永續高股息,15,4,11,凱基-岡山,2024-10-08,9209
00933B,國泰10Y+金融債,10,0,10,凱基-岡山,2024-10-08,9209
1718,中纖,10,0,10,凱基-岡山,2024-10-08,9209
1909,榮成,10,0,10,凱基-岡山,2024-10-08,9209
2027,大成鋼,10,0,10,凱基-岡山,2024-10-08,9209
2067,嘉鋼,10,0,10,凱基-岡山,2024-10-08,9209
5211,蒙恬,10,0,10,凱基-岡山,2024-10-08,9209
9105,泰金寶-DR,10,0,10,凱基-岡山,2024-10-08,9209
00918,大華優利高填息30,9,0,9,凱基-岡山,2024-10-08,9209
2609,陽明,11,2,9,凱基-岡山,2024-10-08,9209
2317,鴻海,19,11,8,凱基-岡山,2024-10-08,9209
00946,群益科技高息成長,8,0,8,凱基-岡山,2024-10-08,9209
1608,華榮,8,0,8,凱基-岡山,2024-10-08,9209
00753L,中信中國50正2,288,187,101,凱基-岡山,2024-10-09,9209
00882,中信中國高股息,166,91,75,凱基-岡山,2024-10-09,9209
00937B,群益ESG投等債20,58,1,57,凱基-岡山,2024-10-09,9209
1314,中石化,47,0,47,凱基-岡山,2024-10-09,9209
00679B,元大美債20年,54,14,40,凱基-岡山,2024-10-09,9209
00919,群益台灣精選高息,37,0,37,凱基-岡山,2024-10-09,9209
00907,永豐優息存股,36,0,36,凱基-岡山,2024-10-09,9209
2014,中鴻,51,18,33,凱基-岡山,2024-10-09,9209
3481,群創,52,20,32,凱基-岡山,2024-10-09,9209
00944,野村趨勢動能高息,30,0,30,凱基-岡山,2024-10-09,9209
2002,中鋼,49,20,29,凱基-岡山,2024-10-09,9209
00687B,國泰20年美債,28,0,28,凱基-岡山,2024-10-09,9209
00927,群益半導體收益,25,0,25,凱基-岡山,2024-10-09,9209
2603,長榮,21,3,18,凱基-岡山,2024-10-09,9209
1718,中纖,16,0,16,凱基-岡山,2024-10-09,9209
2382,廣達,23,7,16,凱基-岡山,2024-10-09,9209
00725B,國泰投資級公司債,17,2,15,凱基-岡山,2024-10-09,9209
00666R,富邦�琤肭磪齯�1,15,0,15,凱基-岡山,2024-10-09,9209
2365,昆盈,24,10,14,凱基-岡山,2024-10-09,9209
3060,銘異,15,1,14,凱基-岡山,2024-10-09,9209
1609,大亞,13,0,13,凱基-岡山,2024-10-09,9209
1808,潤隆,12,0,12,凱基-岡山,2024-10-09,9209
3024,憶聲,12,0,12,凱基-岡山,2024-10-09,9209
00795B,中信美國公債20年,11,0,11,凱基-岡山,2024-10-09,9209
2845,遠東銀,11,0,11,凱基-岡山,2024-10-09,9209
6125,廣運,12,2,10,凱基-岡山,2024-10-09,9209
0056,元大高股息,10,0,10,凱基-岡山,2024-10-09,9209
4564,元翎,10,0,10,凱基-岡山,2024-10-09,9209
1773,勝一,10,0,10,凱基-岡山,2024-10-09,9209
2356,英業達,47,38,9,凱基-岡山,2024-10-09,9209
3380,明泰,13,4,9,凱基-岡山,2024-10-09,9209
2892,第一金,8,0,8,凱基-岡山,2024-10-09,9209
00650L,復華香港正2,9,1,8,凱基-岡山,2024-10-09,9209
2890,永豐金,8,0,8,凱基-岡山,2024-10-09,9209
3049,精金,13,5,8,凱基-岡山,2024-10-09,9209
3209,全科,13,5,8,凱基-岡山,2024-10-09,9209
6284,佳邦,9,1,8,凱基-岡山,2024-10-09,9209
9105,泰金寶-DR,8,0,8,凱基-岡山,2024-10-09,9209
8027,鈦昇,7,0,7,凱基-岡山,2024-10-09,9209
00680L,元大美債20正2,8,1,7,凱基-岡山,2024-10-09,9209
2303,聯電,7,1,6,凱基-岡山,2024-10-09,9209
2371,大同,11,5,6,凱基-岡山,2024-10-09,9209
3338,泰碩,6,0,6,凱基-岡山,2024-10-09,9209
5014,建錩,6,0,6,凱基-岡山,2024-10-09,9209
6425,易發,6,0,6,凱基-岡山,2024-10-09,9209
6505,台塑化,5,0,5,凱基-岡山,2024-10-09,9209
2363,矽統,84,79,5,凱基-岡山,2024-10-09,9209
00712,復華富時不動產,5,0,5,凱基-岡山,2024-10-09,9209
00639,富邦深100,19,14,5,凱基-岡山,2024-10-09,9209
00958B,永豐ESG銀行債15,5,0,5,凱基-岡山,2024-10-09,9209
00912,中信臺灣智慧50,102,0,102,凱基-岡山,2024-10-11,9209
6405,悅城,41,0,41,凱基-岡山,2024-10-11,9209
00923,群益台ESG低碳50,35,0,35,凱基-岡山,2024-10-11,9209
8111,立��,52,17,35,凱基-岡山,2024-10-11,9209
00915,凱基優選高股息30,24,0,24,凱基-岡山,2024-10-11,9209
5531,鄉林,23,0,23,凱基-岡山,2024-10-11,9209
3060,銘異,29,7,22,凱基-岡山,2024-10-11,9209
3024,憶聲,20,0,20,凱基-岡山,2024-10-11,9209
6288,聯嘉,18,0,18,凱基-岡山,2024-10-11,9209
00675L,富邦臺灣加權正2,20,5,15,凱基-岡山,2024-10-11,9209
3035,智原,16,2,14,凱基-岡山,2024-10-11,9209
00639,富邦深100,15,1,14,凱基-岡山,2024-10-11,9209
00673R,期元大S＆P原油反1,13,0,13,凱基-岡山,2024-10-11,9209
5347,世界,13,0,13,凱基-岡山,2024-10-11,9209
2349,錸德,17,6,11,凱基-岡山,2024-10-11,9209
00795B,中信美國公債20年,10,0,10,凱基-岡山,2024-10-11,9209
00882,中信中國高股息,16,6,10,凱基-岡山,2024-10-11,9209
00676R,富邦臺灣加權反1,10,0,10,凱基-岡山,2024-10-11,9209
00944,野村趨勢動能高息,10,0,10,凱基-岡山,2024-10-11,9209
4402,郡都開發,10,0,10,凱基-岡山,2024-10-11,9209
6142,友勁,10,0,10,凱基-岡山,2024-10-11,9209
1815,富喬,9,0,9,凱基-岡山,2024-10-11,9209
3149,正達,21,12,9,凱基-岡山,2024-10-11,9209
2387,精元,8,0,8,凱基-岡山,2024-10-11,9209
3019,亞光,12,4,8,凱基-岡山,2024-10-11,9209
00637L,元大滬深300正2,10,2,8,凱基-岡山,2024-10-11,9209
1584,精剛,15,7,8,凱基-岡山,2024-10-11,9209
2421,建準,12,4,8,凱基-岡山,2024-10-11,9209
00919,群益台灣精選高息,13,6,7,凱基-岡山,2024-10-11,9209
00937B,群益ESG投等債20,23,16,7,凱基-岡山,2024-10-11,9209
6835,圓裕,7,0,7,凱基-岡山,2024-10-11,9209
8070,長華*,13,6,7,凱基-岡山,2024-10-11,9209
2845,遠東銀,8,2,6,凱基-岡山,2024-10-11,9209
2482,連宇,6,0,6,凱基-岡山,2024-10-11,9209
3390,旭軟,6,0,6,凱基-岡山,2024-10-11,9209
2887,台新金,5,0,5,凱基-岡山,2024-10-11,9209
00878,國泰永續高股息,28,23,5,凱基-岡山,2024-10-11,9209
0061,元大寶滬深,5,0,5,凱基-岡山,2024-10-11,9209
1802,台玻,5,0,5,凱基-岡山,2024-10-11,9209
2012,春雨,5,0,5,凱基-岡山,2024-10-11,9209
3064,泰偉,5,0,5,凱基-岡山,2024-10-11,9209
6152,百一,5,0,5,凱基-岡山,2024-10-11,9209
8096,擎亞,20,15,5,凱基-岡山,2024-10-11,9209
006208,富邦台50,5,0,5,凱基-岡山,2024-10-11,9209
2314,台揚,4,0,4,凱基-岡山,2024-10-11,9209
2002,中鋼,4,0,4,凱基-岡山,2024-10-11,9209
2603,長榮,4,0,4,凱基-岡山,2024-10-11,9209
2610,華航,4,0,4,凱基-岡山,2024-10-11,9209
5398,慕康生醫,4,0,4,凱基-岡山,2024-10-11,9209
9921,巨大,4,0,4,凱基-岡山,2024-10-11,9209
00887,永豐中國科技50大,124,0,124,凱基-岡山,2024-10-14,9209
00676R,富邦臺灣加權反1,58,0,58,凱基-岡山,2024-10-14,9209
2312,金寶,39,12,27,凱基-岡山,2024-10-14,9209
00679B,元大美債20年,22,0,22,凱基-岡山,2024-10-14,9209
00687B,國泰20年美債,41,20,21,凱基-岡山,2024-10-14,9209
9105,泰金寶-DR,22,3,19,凱基-岡山,2024-10-14,9209
0056,元大高股息,19,0,19,凱基-岡山,2024-10-14,9209
00937B,群益ESG投等債20,17,0,17,凱基-岡山,2024-10-14,9209
00680L,元大美債20正2,16,0,16,凱基-岡山,2024-10-14,9209
00922,國泰台灣領袖50,16,0,16,凱基-岡山,2024-10-14,9209
00933B,國泰10Y+金融債,15,0,15,凱基-岡山,2024-10-14,9209
2344,華邦電,15,1,14,凱基-岡山,2024-10-14,9209
00915,凱基優選高股息30,14,3,11,凱基-岡山,2024-10-14,9209
2356,英業達,11,0,11,凱基-岡山,2024-10-14,9209
3230,錦明,12,1,11,凱基-岡山,2024-10-14,9209
2888,新光金,12,2,10,凱基-岡山,2024-10-14,9209
2882,國泰金,10,0,10,凱基-岡山,2024-10-14,9209
4114,健喬,10,0,10,凱基-岡山,2024-10-14,9209
6168,宏齊,11,1,10,凱基-岡山,2024-10-14,9209
00650L,復華香港正2,11,2,9,凱基-岡山,2024-10-14,9209
00637L,元大滬深300正2,13,4,9,凱基-岡山,2024-10-14,9209
00919,群益台灣精選高息,11,2,9,凱基-岡山,2024-10-14,9209
3017,奇鋐,10,2,8,凱基-岡山,2024-10-14,9209
3231,緯創,13,6,7,凱基-岡山,2024-10-14,9209
6117,迎廣,15,8,7,凱基-岡山,2024-10-14,9209
8089,康全電訊,7,0,7,凱基-岡山,2024-10-14,9209
00722B,群益投資級電信債,6,0,6,凱基-岡山,2024-10-14,9209
2603,長榮,6,0,6,凱基-岡山,2024-10-14,9209
1711,永光,6,0,6,凱基-岡山,2024-10-14,9209
2409,友達,10,4,6,凱基-岡山,2024-10-14,9209
2467,志聖,6,0,6,凱基-岡山,2024-10-14,9209
2514,龍邦,6,0,6,凱基-岡山,2024-10-14,9209
4513,福裕,6,0,6,凱基-岡山,2024-10-14,9209
00713,元大台灣高息低波,6,1,5,凱基-岡山,2024-10-14,9209
00720B,元大投資級公司債,5,0,5,凱基-岡山,2024-10-14,9209
4909,新復興,9,4,5,凱基-岡山,2024-10-14,9209
00632R,元大台灣50反1,5,0,5,凱基-岡山,2024-10-14,9209
1326,台化,45,40,5,凱基-岡山,2024-10-14,9209
2387,精元,5,0,5,凱基-岡山,2024-10-14,9209
2609,陽明,13,8,5,凱基-岡山,2024-10-14,9209
2881,富邦金,5,0,5,凱基-岡山,2024-10-14,9209
6118,建達,5,0,5,凱基-岡山,2024-10-14,9209
6224,聚鼎,5,0,5,凱基-岡山,2024-10-14,9209
6449,鈺邦,6,1,5,凱基-岡山,2024-10-14,9209
2887,台新金,4,0,4,凱基-岡山,2024-10-14,9209
00940,元大台灣價值高息,5,1,4,凱基-岡山,2024-10-14,9209
1595,川寶,4,0,4,凱基-岡山,2024-10-14,9209
2897,王道銀行,4,0,4,凱基-岡山,2024-10-14,9209
3169,亞信,4,0,4,凱基-岡山,2024-10-14,9209
5443,均豪,7,3,4,凱基-岡山,2024-10-14,9209
00937B,群益ESG投等債20,73,7,66,凱基-岡山,2024-10-15,9209
5460,同協,61,0,61,凱基-岡山,2024-10-15,9209
2014,中鴻,42,5,37,凱基-岡山,2024-10-15,9209
00715L,期街口布蘭特正2,31,0,31,凱基-岡山,2024-10-15,9209
00725B,國泰投資級公司債,28,0,28,凱基-岡山,2024-10-15,9209
6451,訊芯-KY,30,2,28,凱基-岡山,2024-10-15,9209
2888,新光金,31,4,27,凱基-岡山,2024-10-15,9209
1314,中石化,49,23,26,凱基-岡山,2024-10-15,9209
6742,澤米,33,8,25,凱基-岡山,2024-10-15,9209
00887,永豐中國科技50大,29,5,24,凱基-岡山,2024-10-15,9209
00676R,富邦臺灣加權反1,20,0,20,凱基-岡山,2024-10-15,9209
00680L,元大美債20正2,20,0,20,凱基-岡山,2024-10-15,9209
00944,野村趨勢動能高息,18,0,18,凱基-岡山,2024-10-15,9209
3231,緯創,21,6,15,凱基-岡山,2024-10-15,9209
00679B,元大美債20年,15,0,15,凱基-岡山,2024-10-15,9209
3481,群創,28,14,14,凱基-岡山,2024-10-15,9209
2402,毅嘉,13,0,13,凱基-岡山,2024-10-15,9209
6182,合晶,13,0,13,凱基-岡山,2024-10-15,9209
00927,群益半導體收益,12,0,12,凱基-岡山,2024-10-15,9209
00961,FT臺灣永續高息,12,0,12,凱基-岡山,2024-10-15,9209
2834,臺企銀,12,0,12,凱基-岡山,2024-10-15,9209
1609,大亞,11,0,11,凱基-岡山,2024-10-15,9209
2486,一詮,17,6,11,凱基-岡山,2024-10-15,9209
00899,FT潔淨能源,10,0,10,凱基-岡山,2024-10-15,9209
00642U,期元大S＆P石油,10,0,10,凱基-岡山,2024-10-15,9209
1717,長興,10,0,10,凱基-岡山,2024-10-15,9209
2382,廣達,14,4,10,凱基-岡山,2024-10-15,9209
3511,矽瑪,11,2,9,凱基-岡山,2024-10-15,9209
2331,精英,8,0,8,凱基-岡山,2024-10-15,9209
00687B,國泰20年美債,7,0,7,凱基-岡山,2024-10-15,9209
0056,元大高股息,11,4,7,凱基-岡山,2024-10-15,9209
1316,上曜,7,0,7,凱基-岡山,2024-10-15,9209
2356,英業達,11,4,7,凱基-岡山,2024-10-15,9209
8996,高力,7,0,7,凱基-岡山,2024-10-15,9209
2376,技嘉,8,1,7,凱基-岡山,2024-10-15,9209
00922,國泰台灣領袖50,6,0,6,凱基-岡山,2024-10-15,9209
00637L,元大滬深300正2,7,2,5,凱基-岡山,2024-10-15,9209
00957B,兆豐US優選投等債,5,0,5,凱基-岡山,2024-10-15,9209
2351,順德,5,0,5,凱基-岡山,2024-10-15,9209
2408,南亞科,5,0,5,凱基-岡山,2024-10-15,9209
2603,長榮,5,0,5,凱基-岡山,2024-10-15,9209
3234,光環,5,0,5,凱基-岡山,2024-10-15,9209
4114,健喬,5,0,5,凱基-岡山,2024-10-15,9209
6167,久正,5,0,5,凱基-岡山,2024-10-15,9209
6168,宏齊,6,1,5,凱基-岡山,2024-10-15,9209
8390,金益鼎,5,0,5,凱基-岡山,2024-10-15,9209
00882,中信中國高股息,5,0,5,凱基-岡山,2024-10-15,9209
4979,華星光,15,11,4,凱基-岡山,2024-10-15,9209
00639,富邦深100,4,0,4,凱基-岡山,2024-10-15,9209
006206,元大上證50,4,0,4,凱基-岡山,2024-10-15,9209
00948B,中信優息投資級債,61,0,61,凱基-岡山,2024-10-16,9209
00929,復華台灣科技優息,58,2,56,凱基-岡山,2024-10-16,9209
00922,國泰台灣領袖50,36,0,36,凱基-岡山,2024-10-16,9209
00943,兆豐電子高息等權,35,0,35,凱基-岡山,2024-10-16,9209
00932,兆豐永續高息等權,24,0,24,凱基-岡山,2024-10-16,9209
00680L,元大美債20正2,25,1,24,凱基-岡山,2024-10-16,9209
00887,永豐中國科技50大,44,21,23,凱基-岡山,2024-10-16,9209
2888,新光金,21,0,21,凱基-岡山,2024-10-16,9209
00944,野村趨勢動能高息,20,0,20,凱基-岡山,2024-10-16,9209
5481,新華,23,3,20,凱基-岡山,2024-10-16,9209
0056,元大高股息,23,5,18,凱基-岡山,2024-10-16,9209
00642U,期元大S＆P石油,18,0,18,凱基-岡山,2024-10-16,9209
00927,群益半導體收益,18,0,18,凱基-岡山,2024-10-16,9209
00919,群益台灣精選高息,31,14,17,凱基-岡山,2024-10-16,9209
1314,中石化,16,0,16,凱基-岡山,2024-10-16,9209
2421,建準,18,5,13,凱基-岡山,2024-10-16,9209
6770,力積電,12,0,12,凱基-岡山,2024-10-16,9209
3062,建漢,42,31,11,凱基-岡山,2024-10-16,9209
3481,群創,11,0,11,凱基-岡山,2024-10-16,9209
6869,雲豹能源,11,0,11,凱基-岡山,2024-10-16,9209
2892,第一金,10,0,10,凱基-岡山,2024-10-16,9209
8131,福懋科,10,0,10,凱基-岡山,2024-10-16,9209
00638R,元大滬深300反1,32,22,10,凱基-岡山,2024-10-16,9209
1305,華夏,10,0,10,凱基-岡山,2024-10-16,9209
2820,華票,10,0,10,凱基-岡山,2024-10-16,9209
4577,達航科技,10,0,10,凱基-岡山,2024-10-16,9209
6164,華興,10,0,10,凱基-岡山,2024-10-16,9209
6231,系微,10,0,10,凱基-岡山,2024-10-16,9209
3189,景碩,9,0,9,凱基-岡山,2024-10-16,9209
1409,新纖,9,0,9,凱基-岡山,2024-10-16,9209
2609,陽明,14,5,9,凱基-岡山,2024-10-16,9209
00912,中信臺灣智慧50,8,0,8,凱基-岡山,2024-10-16,9209
00915,凱基優選高股息30,7,0,7,凱基-岡山,2024-10-16,9209
2317,鴻海,43,36,7,凱基-岡山,2024-10-16,9209
00687B,國泰20年美債,8,1,7,凱基-岡山,2024-10-16,9209
2105,正新,7,0,7,凱基-岡山,2024-10-16,9209
2633,台灣高鐵,7,0,7,凱基-岡山,2024-10-16,9209
4513,福裕,7,0,7,凱基-岡山,2024-10-16,9209
6274,台燿,7,0,7,凱基-岡山,2024-10-16,9209
00679B,元大美債20年,7,1,6,凱基-岡山,2024-10-16,9209
2354,鴻準,9,3,6,凱基-岡山,2024-10-16,9209
6446,藥華藥,7,1,6,凱基-岡山,2024-10-16,9209
3492,長盛,6,0,6,凱基-岡山,2024-10-16,9209
4971,IET-KY,6,0,6,凱基-岡山,2024-10-16,9209
00720B,元大投資級公司債,5,0,5,凱基-岡山,2024-10-16,9209
4207,環泰,5,0,5,凱基-岡山,2024-10-16,9209
5880,合庫金,5,0,5,凱基-岡山,2024-10-16,9209
2884,玉山金,5,0,5,凱基-岡山,2024-10-16,9209
6505,台塑化,5,0,5,凱基-岡山,2024-10-16,9209
00941,中信上游半導體,5,0,5,凱基-岡山,2024-10-16,9209
00960,野村全球航運龍頭,100,0,100,凱基-岡山,2024-10-17,9209
00753L,中信中國50正2,41,0,41,凱基-岡山,2024-10-17,9209
00944,野村趨勢動能高息,40,0,40,凱基-岡山,2024-10-17,9209
2399,映泰,114,86,28,凱基-岡山,2024-10-17,9209
00680L,元大美債20正2,23,0,23,凱基-岡山,2024-10-17,9209
4956,光鋐,23,1,22,凱基-岡山,2024-10-17,9209
2383,台光電,22,0,22,凱基-岡山,2024-10-17,9209
4303,信立,20,0,20,凱基-岡山,2024-10-17,9209
00922,國泰台灣領袖50,16,0,16,凱基-岡山,2024-10-17,9209
2356,英業達,23,7,16,凱基-岡山,2024-10-17,9209
2915,潤泰全,16,0,16,凱基-岡山,2024-10-17,9209
00887,永豐中國科技50大,15,0,15,凱基-岡山,2024-10-17,9209
00632R,元大台灣50反1,30,15,15,凱基-岡山,2024-10-17,9209
3710,連展投控,16,1,15,凱基-岡山,2024-10-17,9209
00675L,富邦臺灣加權正2,15,1,14,凱基-岡山,2024-10-17,9209
00882,中信中國高股息,54,40,14,凱基-岡山,2024-10-17,9209
2641,正德,14,0,14,凱基-岡山,2024-10-17,9209
00927,群益半導體收益,10,0,10,凱基-岡山,2024-10-17,9209
00665L,富邦�琤肭磪囓�2,10,0,10,凱基-岡山,2024-10-17,9209
2498,宏達電,10,0,10,凱基-岡山,2024-10-17,9209
3596,智易,10,0,10,凱基-岡山,2024-10-17,9209
5213,亞昕,10,0,10,凱基-岡山,2024-10-17,9209
00679B,元大美債20年,10,0,10,凱基-岡山,2024-10-17,9209
2845,遠東銀,10,0,10,凱基-岡山,2024-10-17,9209
3714,富采,11,3,8,凱基-岡山,2024-10-17,9209
1528,恩德,10,3,7,凱基-岡山,2024-10-17,9209
2201,裕隆,7,0,7,凱基-岡山,2024-10-17,9209
2888,新光金,7,0,7,凱基-岡山,2024-10-17,9209
3498,陽程,9,2,7,凱基-岡山,2024-10-17,9209
8099,大世科,7,0,7,凱基-岡山,2024-10-17,9209
00725B,國泰投資級公司債,6,0,6,凱基-岡山,2024-10-17,9209
00941,中信上游半導體,6,0,6,凱基-岡山,2024-10-17,9209
2349,錸德,6,0,6,凱基-岡山,2024-10-17,9209
3492,長盛,6,0,6,凱基-岡山,2024-10-17,9209
3580,友威科,5,0,5,凱基-岡山,2024-10-17,9209
00715L,期街口布蘭特正2,5,0,5,凱基-岡山,2024-10-17,9209
1717,長興,5,0,5,凱基-岡山,2024-10-17,9209
2601,益航,5,0,5,凱基-岡山,2024-10-17,9209
2637,慧洋-KY,5,0,5,凱基-岡山,2024-10-17,9209
3149,正達,6,1,5,凱基-岡山,2024-10-17,9209
3209,全科,10,5,5,凱基-岡山,2024-10-17,9209
3689,湧德,5,0,5,凱基-岡山,2024-10-17,9209
4114,健喬,5,0,5,凱基-岡山,2024-10-17,9209
8111,立��,16,11,5,凱基-岡山,2024-10-17,9209
00919,群益台灣精選高息,13,9,4,凱基-岡山,2024-10-17,9209
2542,興富發,4,0,4,凱基-岡山,2024-10-17,9209
2887,台新金,5,1,4,凱基-岡山,2024-10-17,9209
3060,銘異,26,22,4,凱基-岡山,2024-10-17,9209
8081,致新,5,1,4,凱基-岡山,2024-10-17,9209
006208,富邦台50,6,2,4,凱基-岡山,2024-10-17,9209
00687B,國泰20年美債,183,0,183,凱基-岡山,2024-10-18,9209
00960,野村全球航運龍頭,100,0,100,凱基-岡山,2024-10-18,9209
00632R,元大台灣50反1,88,0,88,凱基-岡山,2024-10-18,9209
00753L,中信中國50正2,79,11,68,凱基-岡山,2024-10-18,9209
00912,中信臺灣智慧50,46,0,46,凱基-岡山,2024-10-18,9209
2303,聯電,49,5,44,凱基-岡山,2024-10-18,9209
00944,野村趨勢動能高息,40,0,40,凱基-岡山,2024-10-18,9209
00676R,富邦臺灣加權反1,30,0,30,凱基-岡山,2024-10-18,9209
00679B,元大美債20年,33,5,28,凱基-岡山,2024-10-18,9209
00680L,元大美債20正2,22,0,22,凱基-岡山,2024-10-18,9209
00795B,中信美國公債20年,22,0,22,凱基-岡山,2024-10-18,9209
00948B,中信優息投資級債,22,0,22,凱基-岡山,2024-10-18,9209
0056,元大高股息,24,4,20,凱基-岡山,2024-10-18,9209
00952,凱基台灣AI50,20,0,20,凱基-岡山,2024-10-18,9209
2399,映泰,44,24,20,凱基-岡山,2024-10-18,9209
1536,和大,19,1,18,凱基-岡山,2024-10-18,9209
2344,華邦電,18,1,17,凱基-岡山,2024-10-18,9209
2402,毅嘉,19,2,17,凱基-岡山,2024-10-18,9209
00688L,國泰20年美債正2,15,0,15,凱基-岡山,2024-10-18,9209
2439,美律,12,0,12,凱基-岡山,2024-10-18,9209
4566,時碩工業,30,18,12,凱基-岡山,2024-10-18,9209
5398,慕康生醫,11,0,11,凱基-岡山,2024-10-18,9209
6835,圓裕,11,0,11,凱基-岡山,2024-10-18,9209
2867,三商壽,13,3,10,凱基-岡山,2024-10-18,9209
00919,群益台灣精選高息,10,1,9,凱基-岡山,2024-10-18,9209
2312,金寶,86,77,9,凱基-岡山,2024-10-18,9209
3037,欣興,9,0,9,凱基-岡山,2024-10-18,9209
2331,精英,8,0,8,凱基-岡山,2024-10-18,9209
2337,旺宏,8,0,8,凱基-岡山,2024-10-18,9209
3049,精金,10,2,8,凱基-岡山,2024-10-18,9209
00887,永豐中國科技50大,7,0,7,凱基-岡山,2024-10-18,9209
00720B,元大投資級公司債,8,1,7,凱基-岡山,2024-10-18,9209
2493,揚博,7,0,7,凱基-岡山,2024-10-18,9209
2610,華航,30,23,7,凱基-岡山,2024-10-18,9209
2634,漢翔,8,1,7,凱基-岡山,2024-10-18,9209
3498,陽程,8,1,7,凱基-岡山,2024-10-18,9209
4303,信立,7,0,7,凱基-岡山,2024-10-18,9209
6763,綠界科技*,12,5,7,凱基-岡山,2024-10-18,9209
8064,東捷,8,2,6,凱基-岡山,2024-10-18,9209
2349,錸德,6,0,6,凱基-岡山,2024-10-18,9209
6125,廣運,9,3,6,凱基-岡山,2024-10-18,9209
6770,力積電,6,0,6,凱基-岡山,2024-10-18,9209
2313,華通,5,0,5,凱基-岡山,2024-10-18,9209
00631L,元大台灣50正2,6,1,5,凱基-岡山,2024-10-18,9209
1455,集盛,10,5,5,凱基-岡山,2024-10-18,9209
1721,三晃,5,0,5,凱基-岡山,2024-10-18,9209
2014,中鴻,15,10,5,凱基-岡山,2024-10-18,9209
2615,萬海,10,5,5,凱基-岡山,2024-10-18,9209
4557,永新-KY,5,0,5,凱基-岡山,2024-10-18,9209
4960,誠美材,5,0,5,凱基-岡山,2024-10-18,9209
00950B,凱基A級公司債,190,0,190,凱基-岡山,2024-10-21,9209
00676R,富邦臺灣加權反1,210,100,110,凱基-岡山,2024-10-21,9209
2883,凱基金,109,10,99,凱基-岡山,2024-10-21,9209
00960,野村全球航運龍頭,76,0,76,凱基-岡山,2024-10-21,9209
3312,弘憶股,67,1,66,凱基-岡山,2024-10-21,9209
00887,永豐中國科技50大,63,0,63,凱基-岡山,2024-10-21,9209
2884,玉山金,42,0,42,凱基-岡山,2024-10-21,9209
00929,復華台灣科技優息,41,0,41,凱基-岡山,2024-10-21,9209
5452,佶優,48,7,41,凱基-岡山,2024-10-21,9209
6156,松上,38,2,36,凱基-岡山,2024-10-21,9209
3481,群創,42,7,35,凱基-岡山,2024-10-21,9209
00919,群益台灣精選高息,23,1,22,凱基-岡山,2024-10-21,9209
00715L,期街口布蘭特正2,20,0,20,凱基-岡山,2024-10-21,9209
00632R,元大台灣50反1,20,0,20,凱基-岡山,2024-10-21,9209
9907,統一實,20,0,20,凱基-岡山,2024-10-21,9209
3518,柏騰,20,1,19,凱基-岡山,2024-10-21,9209
00679B,元大美債20年,18,0,18,凱基-岡山,2024-10-21,9209
00927,群益半導體收益,19,2,17,凱基-岡山,2024-10-21,9209
9945,潤泰新,17,0,17,凱基-岡山,2024-10-21,9209
2885,元大金,16,0,16,凱基-岡山,2024-10-21,9209
00905,FT臺灣Smart,17,1,16,凱基-岡山,2024-10-21,9209
00878,國泰永續高股息,22,7,15,凱基-岡山,2024-10-21,9209
00948B,中信優息投資級債,15,0,15,凱基-岡山,2024-10-21,9209
2312,金寶,115,100,15,凱基-岡山,2024-10-21,9209
6505,台塑化,14,0,14,凱基-岡山,2024-10-21,9209
2882,國泰金,18,5,13,凱基-岡山,2024-10-21,9209
00642U,期元大S＆P石油,13,0,13,凱基-岡山,2024-10-21,9209
00900,富邦特選高股息30,11,0,11,凱基-岡山,2024-10-21,9209
2377,微星,12,1,11,凱基-岡山,2024-10-21,9209
6906,現觀科,29,18,11,凱基-岡山,2024-10-21,9209
9105,泰金寶-DR,22,11,11,凱基-岡山,2024-10-21,9209
1447,力鵬,10,0,10,凱基-岡山,2024-10-21,9209
4558,寶緯,10,0,10,凱基-岡山,2024-10-21,9209
00945B,凱基美國非投等債,9,0,9,凱基-岡山,2024-10-21,9209
5521,工信,9,0,9,凱基-岡山,2024-10-21,9209
8070,長華*,8,0,8,凱基-岡山,2024-10-21,9209
8097,常珵,8,0,8,凱基-岡山,2024-10-21,9209
2891,中信金,9,2,7,凱基-岡山,2024-10-21,9209
00949,復華日本龍頭,7,0,7,凱基-岡山,2024-10-21,9209
3707,漢磊,7,0,7,凱基-岡山,2024-10-21,9209
2886,兆豐金,6,0,6,凱基-岡山,2024-10-21,9209
00907,永豐優息存股,6,0,6,凱基-岡山,2024-10-21,9209
1569,濱川,6,0,6,凱基-岡山,2024-10-21,9209
3234,光環,6,0,6,凱基-岡山,2024-10-21,9209
6742,澤米,20,14,6,凱基-岡山,2024-10-21,9209
00637L,元大滬深300正2,6,1,5,凱基-岡山,2024-10-21,9209
00882,中信中國高股息,5,0,5,凱基-岡山,2024-10-21,9209
00946,群益科技高息成長,5,0,5,凱基-岡山,2024-10-21,9209
1723,中碳,5,0,5,凱基-岡山,2024-10-21,9209
2362,藍天,5,0,5,凱基-岡山,2024-10-21,9209
00937B,群益ESG投等債20,124,28,96,凱基-岡山,2024-10-22,9209
00680L,元大美債20正2,90,0,90,凱基-岡山,2024-10-22,9209
3481,群創,70,2,68,凱基-岡山,2024-10-22,9209
00927,群益半導體收益,62,0,62,凱基-岡山,2024-10-22,9209
2464,盟立,51,0,51,凱基-岡山,2024-10-22,9209
00687B,國泰20年美債,73,26,47,凱基-岡山,2024-10-22,9209
00948B,中信優息投資級債,44,0,44,凱基-岡山,2024-10-22,9209
6104,創惟,35,0,35,凱基-岡山,2024-10-22,9209
8039,台虹,33,1,32,凱基-岡山,2024-10-22,9209
00887,永豐中國科技50大,38,8,30,凱基-岡山,2024-10-22,9209
9907,統一實,28,0,28,凱基-岡山,2024-10-22,9209
00688L,國泰20年美債正2,27,0,27,凱基-岡山,2024-10-22,9209
00795B,中信美國公債20年,25,0,25,凱基-岡山,2024-10-22,9209
00679B,元大美債20年,49,25,24,凱基-岡山,2024-10-22,9209
2002,中鋼,18,0,18,凱基-岡山,2024-10-22,9209
00720B,元大投資級公司債,18,0,18,凱基-岡山,2024-10-22,9209
2316,楠梓電,16,0,16,凱基-岡山,2024-10-22,9209
00919,群益台灣精選高息,15,0,15,凱基-岡山,2024-10-22,9209
00857B,永豐20年美公債,13,0,13,凱基-岡山,2024-10-22,9209
00929,復華台灣科技優息,15,2,13,凱基-岡山,2024-10-22,9209
3520,華盈,14,1,13,凱基-岡山,2024-10-22,9209
2363,矽統,27,14,13,凱基-岡山,2024-10-22,9209
1815,富喬,40,28,12,凱基-岡山,2024-10-22,9209
3230,錦明,12,0,12,凱基-岡山,2024-10-22,9209
6127,九豪,12,0,12,凱基-岡山,2024-10-22,9209
2330,台積電,12,1,11,凱基-岡山,2024-10-22,9209
2883,凱基金,16,5,11,凱基-岡山,2024-10-22,9209
4561,健椿,12,1,11,凱基-岡山,2024-10-22,9209
1808,潤隆,12,2,10,凱基-岡山,2024-10-22,9209
6505,台塑化,10,0,10,凱基-岡山,2024-10-22,9209
2436,偉詮電,11,1,10,凱基-岡山,2024-10-22,9209
2801,彰銀,10,0,10,凱基-岡山,2024-10-22,9209
2820,華票,10,0,10,凱基-岡山,2024-10-22,9209
3276,宇環,10,0,10,凱基-岡山,2024-10-22,9209
0056,元大高股息,11,2,9,凱基-岡山,2024-10-22,9209
1314,中石化,10,1,9,凱基-岡山,2024-10-22,9209
6451,訊芯-KY,12,3,9,凱基-岡山,2024-10-22,9209
00941,中信上游半導體,8,0,8,凱基-岡山,2024-10-22,9209
2888,新光金,12,4,8,凱基-岡山,2024-10-22,9209
6405,悅城,18,10,8,凱基-岡山,2024-10-22,9209
00915,凱基優選高股息30,8,1,7,凱基-岡山,2024-10-22,9209
00933B,國泰10Y+金融債,18,11,7,凱基-岡山,2024-10-22,9209
00713,元大台灣高息低波,7,1,6,凱基-岡山,2024-10-22,9209
00712,復華富時不動產,6,0,6,凱基-岡山,2024-10-22,9209
00949,復華日本龍頭,6,0,6,凱基-岡山,2024-10-22,9209
2453,凌群,10,4,6,凱基-岡山,2024-10-22,9209
3066,李洲,6,0,6,凱基-岡山,2024-10-22,9209
2303,聯電,83,77,6,凱基-岡山,2024-10-22,9209
6763,綠界科技*,7,2,5,凱基-岡山,2024-10-22,9209
00905,FT臺灣Smart,5,0,5,凱基-岡山,2024-10-22,9209
00937B,群益ESG投等債20,127,22,105,凱基-岡山,2024-10-23,9209
6142,友勁,50,0,50,凱基-岡山,2024-10-23,9209
00887,永豐中國科技50大,30,0,30,凱基-岡山,2024-10-23,9209
00907,永豐優息存股,24,0,24,凱基-岡山,2024-10-23,9209
00687B,國泰20年美債,26,4,22,凱基-岡山,2024-10-23,9209
1308,亞聚,22,0,22,凱基-岡山,2024-10-23,9209
9136,巨騰-DR,20,0,20,凱基-岡山,2024-10-23,9209
00919,群益台灣精選高息,19,0,19,凱基-岡山,2024-10-23,9209
2801,彰銀,16,0,16,凱基-岡山,2024-10-23,9209
00929,復華台灣科技優息,17,2,15,凱基-岡山,2024-10-23,9209
2303,聯電,49,35,14,凱基-岡山,2024-10-23,9209
2356,英業達,14,0,14,凱基-岡山,2024-10-23,9209
2344,華邦電,13,0,13,凱基-岡山,2024-10-23,9209
00878,國泰永續高股息,12,0,12,凱基-岡山,2024-10-23,9209
00751B,元大AAA至A公司債,12,0,12,凱基-岡山,2024-10-23,9209
00948B,中信優息投資級債,12,0,12,凱基-岡山,2024-10-23,9209
00918,大華優利高填息30,11,0,11,凱基-岡山,2024-10-23,9209
6548,長科*,11,0,11,凱基-岡山,2024-10-23,9209
00675L,富邦臺灣加權正2,10,0,10,凱基-岡山,2024-10-23,9209
00706L,期元大S＆P日圓正2,10,0,10,凱基-岡山,2024-10-23,9209
1786,科妍,10,0,10,凱基-岡山,2024-10-23,9209
1909,榮成,10,0,10,凱基-岡山,2024-10-23,9209
2820,華票,10,0,10,凱基-岡山,2024-10-23,9209
3033,威健,10,0,10,凱基-岡山,2024-10-23,9209
3591,艾笛森,10,0,10,凱基-岡山,2024-10-23,9209
6239,力成,10,0,10,凱基-岡山,2024-10-23,9209
8059,凱碩,10,0,10,凱基-岡山,2024-10-23,9209
3707,漢磊,10,0,10,凱基-岡山,2024-10-23,9209
00712,復華富時不動產,9,0,9,凱基-岡山,2024-10-23,9209
1314,中石化,20,11,9,凱基-岡山,2024-10-23,9209
2012,春雨,9,0,9,凱基-岡山,2024-10-23,9209
2486,一詮,16,7,9,凱基-岡山,2024-10-23,9209
6151,晉倫,21,12,9,凱基-岡山,2024-10-23,9209
1609,大亞,12,3,9,凱基-岡山,2024-10-23,9209
3060,銘異,8,0,8,凱基-岡山,2024-10-23,9209
4526,東台,11,3,8,凱基-岡山,2024-10-23,9209
8039,台虹,8,0,8,凱基-岡山,2024-10-23,9209
3264,欣銓,7,0,7,凱基-岡山,2024-10-23,9209
5315,光聯,9,2,7,凱基-岡山,2024-10-23,9209
2330,台積電,7,0,7,凱基-岡山,2024-10-23,9209
0056,元大高股息,6,0,6,凱基-岡山,2024-10-23,9209
00725B,國泰投資級公司債,6,0,6,凱基-岡山,2024-10-23,9209
2349,錸德,6,0,6,凱基-岡山,2024-10-23,9209
2618,長榮航,7,1,6,凱基-岡山,2024-10-23,9209
6104,創惟,6,0,6,凱基-岡山,2024-10-23,9209
6284,佳邦,6,0,6,凱基-岡山,2024-10-23,9209
9105,泰金寶-DR,6,0,6,凱基-岡山,2024-10-23,9209
2317,鴻海,9,3,6,凱基-岡山,2024-10-23,9209
00960,野村全球航運龍頭,5,0,5,凱基-岡山,2024-10-23,9209
2542,興富發,5,0,5,凱基-岡山,2024-10-23,9209
00680L,元大美債20正2,552,0,552,凱基-岡山,2024-10-24,9209
0056,元大高股息,58,0,58,凱基-岡山,2024-10-24,9209
00887,永豐中國科技50大,49,2,47,凱基-岡山,2024-10-24,9209
2431,聯昌,52,15,37,凱基-岡山,2024-10-24,9209
00929,復華台灣科技優息,39,3,36,凱基-岡山,2024-10-24,9209
2317,鴻海,50,15,35,凱基-岡山,2024-10-24,9209
00919,群益台灣精選高息,44,9,35,凱基-岡山,2024-10-24,9209
2883,凱基金,32,2,30,凱基-岡山,2024-10-24,9209
2204,中華,24,0,24,凱基-岡山,2024-10-24,9209
2369,菱生,24,1,23,凱基-岡山,2024-10-24,9209
1528,恩德,24,7,17,凱基-岡山,2024-10-24,9209
00941,中信上游半導體,16,0,16,凱基-岡山,2024-10-24,9209
00918,大華優利高填息30,14,0,14,凱基-岡山,2024-10-24,9209
00940,元大台灣價值高息,26,12,14,凱基-岡山,2024-10-24,9209
2453,凌群,13,0,13,凱基-岡山,2024-10-24,9209
9105,泰金寶-DR,13,0,13,凱基-岡山,2024-10-24,9209
00753L,中信中國50正2,12,0,12,凱基-岡山,2024-10-24,9209
00944,野村趨勢動能高息,12,0,12,凱基-岡山,2024-10-24,9209
2405,輔信,21,9,12,凱基-岡山,2024-10-24,9209
6548,長科*,12,0,12,凱基-岡山,2024-10-24,9209
2303,聯電,54,43,11,凱基-岡山,2024-10-24,9209
00948B,中信優息投資級債,11,0,11,凱基-岡山,2024-10-24,9209
2012,春雨,11,0,11,凱基-岡山,2024-10-24,9209
2489,瑞軒,12,2,10,凱基-岡山,2024-10-24,9209
00881,國泰台灣5G+,10,0,10,凱基-岡山,2024-10-24,9209
00939,統一台灣高息動能,10,0,10,凱基-岡山,2024-10-24,9209
00943,兆豐電子高息等權,10,0,10,凱基-岡山,2024-10-24,9209
1101,台泥,10,0,10,凱基-岡山,2024-10-24,9209
1455,集盛,10,0,10,凱基-岡山,2024-10-24,9209
3219,倚強科,10,0,10,凱基-岡山,2024-10-24,9209
6588,東典光電,10,0,10,凱基-岡山,2024-10-24,9209
8097,常珵,10,0,10,凱基-岡山,2024-10-24,9209
3029,零壹,18,8,10,凱基-岡山,2024-10-24,9209
2891,中信金,9,0,9,凱基-岡山,2024-10-24,9209
6125,廣運,9,0,9,凱基-岡山,2024-10-24,9209
00905,FT臺灣Smart,10,2,8,凱基-岡山,2024-10-24,9209
00878,國泰永續高股息,11,3,8,凱基-岡山,2024-10-24,9209
00927,群益半導體收益,7,0,7,凱基-岡山,2024-10-24,9209
00937B,群益ESG投等債20,17,10,7,凱基-岡山,2024-10-24,9209
00949,復華日本龍頭,7,0,7,凱基-岡山,2024-10-24,9209
1584,精剛,7,0,7,凱基-岡山,2024-10-24,9209
2344,華邦電,8,1,7,凱基-岡山,2024-10-24,9209
2481,強茂,8,1,7,凱基-岡山,2024-10-24,9209
3167,大量,7,0,7,凱基-岡山,2024-10-24,9209
5386,青雲,7,0,7,凱基-岡山,2024-10-24,9209
2634,漢翔,6,0,6,凱基-岡山,2024-10-24,9209
2543,皇昌,11,5,6,凱基-岡山,2024-10-24,9209
2885,元大金,6,0,6,凱基-岡山,2024-10-24,9209
3021,鴻名,12,6,6,凱基-岡山,2024-10-24,9209
4561,健椿,11,5,6,凱基-岡山,2024-10-24,9209
00887,永豐中國科技50大,231,14,217,凱基-岡山,2024-10-25,9209
2883,凱基金,29,0,29,凱基-岡山,2024-10-25,9209
6405,悅城,43,21,22,凱基-岡山,2024-10-25,9209
2303,聯電,71,50,21,凱基-岡山,2024-10-25,9209
2344,華邦電,22,4,18,凱基-岡山,2024-10-25,9209
3167,大量,24,6,18,凱基-岡山,2024-10-25,9209
5521,工信,17,0,17,凱基-岡山,2024-10-25,9209
3489,森寶,15,0,15,凱基-岡山,2024-10-25,9209
3518,柏騰,15,0,15,凱基-岡山,2024-10-25,9209
6770,力積電,16,1,15,凱基-岡山,2024-10-25,9209
00715L,期街口布蘭特正2,13,0,13,凱基-岡山,2024-10-25,9209
00939,統一台灣高息動能,10,0,10,凱基-岡山,2024-10-25,9209
00946,群益科技高息成長,10,0,10,凱基-岡山,2024-10-25,9209
00795B,中信美國公債20年,10,0,10,凱基-岡山,2024-10-25,9209
1471,首利,10,0,10,凱基-岡山,2024-10-25,9209
2012,春雨,10,0,10,凱基-岡山,2024-10-25,9209
2324,仁寶,10,0,10,凱基-岡山,2024-10-25,9209
2408,南亞科,10,0,10,凱基-岡山,2024-10-25,9209
2429,銘旺科,11,1,10,凱基-岡山,2024-10-25,9209
2498,宏達電,10,0,10,凱基-岡山,2024-10-25,9209
3323,加百裕,10,0,10,凱基-岡山,2024-10-25,9209
8927,北基,10,0,10,凱基-岡山,2024-10-25,9209
00679B,元大美債20年,11,2,9,凱基-岡山,2024-10-25,9209
2489,瑞軒,11,2,9,凱基-岡山,2024-10-25,9209
2642,宅配通,8,0,8,凱基-岡山,2024-10-25,9209
00687B,國泰20年美債,12,5,7,凱基-岡山,2024-10-25,9209
2634,漢翔,6,0,6,凱基-岡山,2024-10-25,9209
3035,智原,7,1,6,凱基-岡山,2024-10-25,9209
2104,國際中橡,6,0,6,凱基-岡山,2024-10-25,9209
6142,友勁,6,0,6,凱基-岡山,2024-10-25,9209
6492,生華科,6,0,6,凱基-岡山,2024-10-25,9209
8043,蜜望實,15,9,6,凱基-岡山,2024-10-25,9209
00927,群益半導體收益,5,0,5,凱基-岡山,2024-10-25,9209
00712,復華富時不動產,5,0,5,凱基-岡山,2024-10-25,9209
00941,中信上游半導體,5,0,5,凱基-岡山,2024-10-25,9209
1711,永光,5,0,5,凱基-岡山,2024-10-25,9209
1727,中華化,5,0,5,凱基-岡山,2024-10-25,9209
4971,IET-KY,5,0,5,凱基-岡山,2024-10-25,9209
8112,至上,5,0,5,凱基-岡山,2024-10-25,9209
1608,華榮,4,0,4,凱基-岡山,2024-10-25,9209
2891,中信金,4,0,4,凱基-岡山,2024-10-25,9209
3217,優群,5,1,4,凱基-岡山,2024-10-25,9209
3402,漢科,4,0,4,凱基-岡山,2024-10-25,9209
5315,光聯,4,0,4,凱基-岡山,2024-10-25,9209
6219,富旺,5,1,4,凱基-岡山,2024-10-25,9209
6509,聚和,4,0,4,凱基-岡山,2024-10-25,9209
6548,長科*,4,0,4,凱基-岡山,2024-10-25,9209
6875,國邑*,4,0,4,凱基-岡山,2024-10-25,9209
8099,大世科,4,0,4,凱基-岡山,2024-10-25,9209
00713,元大台灣高息低波,3,0,3,凱基-岡山,2024-10-25,9209
5243,乙盛-KY,68,1,67,凱基-岡山,2024-10-28,9209
00715L,期街口布蘭特正2,43,0,43,凱基-岡山,2024-10-28,9209
00937B,群益ESG投等債20,36,0,36,凱基-岡山,2024-10-28,9209
2646,星宇航空,35,9,26,凱基-岡山,2024-10-28,9209
00948B,中信優息投資級債,25,0,25,凱基-岡山,2024-10-28,9209
2356,英業達,27,3,24,凱基-岡山,2024-10-28,9209
6125,廣運,18,0,18,凱基-岡山,2024-10-28,9209
4721,美琪瑪,18,0,18,凱基-岡山,2024-10-28,9209
00919,群益台灣精選高息,16,0,16,凱基-岡山,2024-10-28,9209
0056,元大高股息,16,0,16,凱基-岡山,2024-10-28,9209
00712,復華富時不動產,15,0,15,凱基-岡山,2024-10-28,9209
3040,遠見,15,0,15,凱基-岡山,2024-10-28,9209
00878,國泰永續高股息,15,0,15,凱基-岡山,2024-10-28,9209
2317,鴻海,47,33,14,凱基-岡山,2024-10-28,9209
1815,富喬,13,1,12,凱基-岡山,2024-10-28,9209
3231,緯創,13,2,11,凱基-岡山,2024-10-28,9209
00933B,國泰10Y+金融債,11,0,11,凱基-岡山,2024-10-28,9209
00887,永豐中國科技50大,22,11,11,凱基-岡山,2024-10-28,9209
00931B,統一美債20年,11,0,11,凱基-岡山,2024-10-28,9209
2887,台新金,13,2,11,凱基-岡山,2024-10-28,9209
8021,尖點,14,3,11,凱基-岡山,2024-10-28,9209
3362,先進光,10,0,10,凱基-岡山,2024-10-28,9209
2012,春雨,10,0,10,凱基-岡山,2024-10-28,9209
8059,凱碩,10,0,10,凱基-岡山,2024-10-28,9209
912000,晨訊科-DR,10,0,10,凱基-岡山,2024-10-28,9209
9105,泰金寶-DR,9,0,9,凱基-岡山,2024-10-28,9209
2038,海光,8,0,8,凱基-岡山,2024-10-28,9209
1773,勝一,8,0,8,凱基-岡山,2024-10-28,9209
2426,鼎元,8,0,8,凱基-岡山,2024-10-28,9209
3037,欣興,10,2,8,凱基-岡山,2024-10-28,9209
5386,青雲,10,2,8,凱基-岡山,2024-10-28,9209
3047,訊舟,7,0,7,凱基-岡山,2024-10-28,9209
2330,台積電,8,2,6,凱基-岡山,2024-10-28,9209
1301,台塑,7,1,6,凱基-岡山,2024-10-28,9209
00795B,中信美國公債20年,6,0,6,凱基-岡山,2024-10-28,9209
1304,台聚,6,0,6,凱基-岡山,2024-10-28,9209
6548,長科*,7,1,6,凱基-岡山,2024-10-28,9209
2889,國票金,5,0,5,凱基-岡山,2024-10-28,9209
00637L,元大滬深300正2,5,0,5,凱基-岡山,2024-10-28,9209
1416,廣豐,8,3,5,凱基-岡山,2024-10-28,9209
2444,兆勁,5,0,5,凱基-岡山,2024-10-28,9209
2489,瑞軒,8,3,5,凱基-岡山,2024-10-28,9209
4545,銘鈺,7,2,5,凱基-岡山,2024-10-28,9209
4973,廣穎,5,0,5,凱基-岡山,2024-10-28,9209
4989,榮科,5,0,5,凱基-岡山,2024-10-28,9209
6182,合晶,5,0,5,凱基-岡山,2024-10-28,9209
6405,悅城,6,1,5,凱基-岡山,2024-10-28,9209
8011,台通,5,0,5,凱基-岡山,2024-10-28,9209
2885,元大金,4,0,4,凱基-岡山,2024-10-28,9209
2374,佳能,6,2,4,凱基-岡山,2024-10-28,9209
00715L,期街口布蘭特正2,163,0,163,凱基-岡山,2024-10-29,9209
00919,群益台灣精選高息,95,0,95,凱基-岡山,2024-10-29,9209
00929,復華台灣科技優息,90,25,65,凱基-岡山,2024-10-29,9209
00940,元大台灣價值高息,81,31,50,凱基-岡山,2024-10-29,9209
00927,群益半導體收益,41,0,41,凱基-岡山,2024-10-29,9209
00878,國泰永續高股息,50,12,38,凱基-岡山,2024-10-29,9209
0056,元大高股息,27,0,27,凱基-岡山,2024-10-29,9209
00915,凱基優選高股息30,25,0,25,凱基-岡山,2024-10-29,9209
1416,廣豐,26,3,23,凱基-岡山,2024-10-29,9209
2012,春雨,20,0,20,凱基-岡山,2024-10-29,9209
00642U,期元大S＆P石油,20,0,20,凱基-岡山,2024-10-29,9209
00918,大華優利高填息30,16,0,16,凱基-岡山,2024-10-29,9209
00930,永豐ESG低碳高息,15,0,15,凱基-岡山,2024-10-29,9209
00922,國泰台灣領袖50,14,2,12,凱基-岡山,2024-10-29,9209
00938,凱基優選30,12,0,12,凱基-岡山,2024-10-29,9209
2646,星宇航空,12,1,11,凱基-岡山,2024-10-29,9209
2609,陽明,11,0,11,凱基-岡山,2024-10-29,9209
3325,旭品,11,0,11,凱基-岡山,2024-10-29,9209
6405,悅城,13,2,11,凱基-岡山,2024-10-29,9209
9907,統一實,11,0,11,凱基-岡山,2024-10-29,9209
2809,京城銀,10,0,10,凱基-岡山,2024-10-29,9209
6125,廣運,10,0,10,凱基-岡山,2024-10-29,9209
4303,信立,9,0,9,凱基-岡山,2024-10-29,9209
5452,佶優,9,0,9,凱基-岡山,2024-10-29,9209
6505,台塑化,9,0,9,凱基-岡山,2024-10-29,9209
2330,台積電,14,6,8,凱基-岡山,2024-10-29,9209
00944,野村趨勢動能高息,8,0,8,凱基-岡山,2024-10-29,9209
1595,川寶,12,4,8,凱基-岡山,2024-10-29,9209
8183,精星,8,0,8,凱基-岡山,2024-10-29,9209
00712,復華富時不動產,8,0,8,凱基-岡山,2024-10-29,9209
1773,勝一,10,3,7,凱基-岡山,2024-10-29,9209
3481,群創,8,1,7,凱基-岡山,2024-10-29,9209
4934,太極,7,0,7,凱基-岡山,2024-10-29,9209
6706,惠特,7,0,7,凱基-岡山,2024-10-29,9209
8107,大億金茂,16,9,7,凱基-岡山,2024-10-29,9209
006208,富邦台50,9,3,6,凱基-岡山,2024-10-29,9209
2344,華邦電,14,8,6,凱基-岡山,2024-10-29,9209
1314,中石化,6,0,6,凱基-岡山,2024-10-29,9209
1711,永光,6,0,6,凱基-岡山,2024-10-29,9209
3141,晶宏,6,0,6,凱基-岡山,2024-10-29,9209
3338,泰碩,6,0,6,凱基-岡山,2024-10-29,9209
3363,上詮,7,1,6,凱基-岡山,2024-10-29,9209
4557,永新-KY,6,0,6,凱基-岡山,2024-10-29,9209
6288,聯嘉,8,2,6,凱基-岡山,2024-10-29,9209
00936,台新永續高息中小,6,0,6,凱基-岡山,2024-10-29,9209
00946,群益科技高息成長,6,0,6,凱基-岡山,2024-10-29,9209
00713,元大台灣高息低波,5,0,5,凱基-岡山,2024-10-29,9209
2353,宏��,5,0,5,凱基-岡山,2024-10-29,9209
5880,合庫金,5,0,5,凱基-岡山,2024-10-29,9209
2882,國泰金,7,2,5,凱基-岡山,2024-10-29,9209
00950B,凱基A級公司債,101,0,101,凱基-岡山,2024-10-30,9209
00715L,期街口布蘭特正2,51,0,51,凱基-岡山,2024-10-30,9209
00937B,群益ESG投等債20,35,3,32,凱基-岡山,2024-10-30,9209
6548,長科*,30,1,29,凱基-岡山,2024-10-30,9209
00712,復華富時不動產,25,0,25,凱基-岡山,2024-10-30,9209
2633,台灣高鐵,22,0,22,凱基-岡山,2024-10-30,9209
00680L,元大美債20正2,22,0,22,凱基-岡山,2024-10-30,9209
1314,中石化,20,0,20,凱基-岡山,2024-10-30,9209
00887,永豐中國科技50大,18,0,18,凱基-岡山,2024-10-30,9209
00632R,元大台灣50反1,20,2,18,凱基-岡山,2024-10-30,9209
00915,凱基優選高股息30,18,0,18,凱基-岡山,2024-10-30,9209
00929,復華台灣科技優息,23,5,18,凱基-岡山,2024-10-30,9209
4557,永新-KY,15,0,15,凱基-岡山,2024-10-30,9209
3481,群創,14,1,13,凱基-岡山,2024-10-30,9209
00679B,元大美債20年,12,1,11,凱基-岡山,2024-10-30,9209
2337,旺宏,11,0,11,凱基-岡山,2024-10-30,9209
00919,群益台灣精選高息,13,2,11,凱基-岡山,2024-10-30,9209
2303,聯電,14,4,10,凱基-岡山,2024-10-30,9209
00878,國泰永續高股息,30,20,10,凱基-岡山,2024-10-30,9209
6806,森崴能源,10,0,10,凱基-岡山,2024-10-30,9209
00753L,中信中國50正2,10,0,10,凱基-岡山,2024-10-30,9209
2012,春雨,10,0,10,凱基-岡山,2024-10-30,9209
2745,五福,11,1,10,凱基-岡山,2024-10-30,9209
6147,頎邦,10,0,10,凱基-岡山,2024-10-30,9209
8421,旭源,10,0,10,凱基-岡山,2024-10-30,9209
00944,野村趨勢動能高息,9,0,9,凱基-岡山,2024-10-30,9209
3581,博磊,17,9,8,凱基-岡山,2024-10-30,9209
3701,大眾控,8,0,8,凱基-岡山,2024-10-30,9209
8404,百和興業-KY,8,0,8,凱基-岡山,2024-10-30,9209
2317,鴻海,18,10,8,凱基-岡山,2024-10-30,9209
2363,矽統,17,10,7,凱基-岡山,2024-10-30,9209
3092,鴻碩,10,3,7,凱基-岡山,2024-10-30,9209
0056,元大高股息,22,15,7,凱基-岡山,2024-10-30,9209
00923,群益台ESG低碳50,6,0,6,凱基-岡山,2024-10-30,9209
2762,世界健身-KY,6,0,6,凱基-岡山,2024-10-30,9209
3290,東浦,6,0,6,凱基-岡山,2024-10-30,9209
6264,富裔,6,0,6,凱基-岡山,2024-10-30,9209
8213,志超,6,0,6,凱基-岡山,2024-10-30,9209
1301,台塑,5,0,5,凱基-岡山,2024-10-30,9209
00959B,大華投等美債15Y+,5,0,5,凱基-岡山,2024-10-30,9209
2891,中信金,5,0,5,凱基-岡山,2024-10-30,9209
2329,華泰,5,0,5,凱基-岡山,2024-10-30,9209
00676R,富邦臺灣加權反1,5,0,5,凱基-岡山,2024-10-30,9209
00731,復華富時高息低波,5,0,5,凱基-岡山,2024-10-30,9209
00938,凱基優選30,5,0,5,凱基-岡山,2024-10-30,9209
1416,廣豐,5,0,5,凱基-岡山,2024-10-30,9209
1474,弘裕,5,0,5,凱基-岡山,2024-10-30,9209
1605,華新,5,0,5,凱基-岡山,2024-10-30,9209
2388,威盛,12,7,5,凱基-岡山,2024-10-30,9209
2471,資通,5,0,5,凱基-岡山,2024-10-30,9209
00937B,群益ESG投等債20,231,17,214,凱基-岡山,2024-11-01,9209
00878,國泰永續高股息,133,17,116,凱基-岡山,2024-11-01,9209
00950B,凱基A級公司債,100,0,100,凱基-岡山,2024-11-01,9209
2303,聯電,71,9,62,凱基-岡山,2024-11-01,9209
00919,群益台灣精選高息,48,0,48,凱基-岡山,2024-11-01,9209
00945B,凱基美國非投等債,30,0,30,凱基-岡山,2024-11-01,9209
6185,幃翔,30,0,30,凱基-岡山,2024-11-01,9209
2354,鴻準,77,48,29,凱基-岡山,2024-11-01,9209
2882,國泰金,29,5,24,凱基-岡山,2024-11-01,9209
0056,元大高股息,23,1,22,凱基-岡山,2024-11-01,9209
00929,復華台灣科技優息,68,46,22,凱基-岡山,2024-11-01,9209
2332,友訊,23,2,21,凱基-岡山,2024-11-01,9209
2834,臺企銀,20,0,20,凱基-岡山,2024-11-01,9209
00940,元大台灣價值高息,17,0,17,凱基-岡山,2024-11-01,9209
00915,凱基優選高股息30,15,0,15,凱基-岡山,2024-11-01,9209
00688L,國泰20年美債正2,15,0,15,凱基-岡山,2024-11-01,9209
2613,中櫃,15,0,15,凱基-岡山,2024-11-01,9209
2884,玉山金,14,0,14,凱基-岡山,2024-11-01,9209
2605,新興,14,0,14,凱基-岡山,2024-11-01,9209
2337,旺宏,17,4,13,凱基-岡山,2024-11-01,9209
00944,野村趨勢動能高息,12,0,12,凱基-岡山,2024-11-01,9209
2633,台灣高鐵,13,1,12,凱基-岡山,2024-11-01,9209
00887,永豐中國科技50大,11,0,11,凱基-岡山,2024-11-01,9209
00948B,中信優息投資級債,11,0,11,凱基-岡山,2024-11-01,9209
2801,彰銀,11,0,11,凱基-岡山,2024-11-01,9209
3162,精確,11,0,11,凱基-岡山,2024-11-01,9209
2891,中信金,10,0,10,凱基-岡山,2024-11-01,9209
1301,台塑,11,1,10,凱基-岡山,2024-11-01,9209
2413,環科,90,80,10,凱基-岡山,2024-11-01,9209
2745,五福,10,0,10,凱基-岡山,2024-11-01,9209
6151,晉倫,10,0,10,凱基-岡山,2024-11-01,9209
00922,國泰台灣領袖50,9,0,9,凱基-岡山,2024-11-01,9209
2486,一詮,9,0,9,凱基-岡山,2024-11-01,9209
2646,星宇航空,10,1,9,凱基-岡山,2024-11-01,9209
9105,泰金寶-DR,10,1,9,凱基-岡山,2024-11-01,9209
00673R,期元大S＆P原油反1,8,0,8,凱基-岡山,2024-11-01,9209
3013,晟銘電,9,1,8,凱基-岡山,2024-11-01,9209
3481,群創,13,5,8,凱基-岡山,2024-11-01,9209
6708,天擎,8,0,8,凱基-岡山,2024-11-01,9209
2317,鴻海,21,14,7,凱基-岡山,2024-11-01,9209
1785,光洋科,8,0,8,凱基-岡山,2024-11-01,9209
0050,元大台灣50,8,1,7,凱基-岡山,2024-11-01,9209
00830,國泰費城半導體,7,0,7,凱基-岡山,2024-11-01,9209
2399,映泰,9,2,7,凱基-岡山,2024-11-01,9209
2867,三商壽,7,0,7,凱基-岡山,2024-11-01,9209
00713,元大台灣高息低波,7,0,7,凱基-岡山,2024-11-01,9209
5880,合庫金,6,0,6,凱基-岡山,2024-11-01,9209
3711,日月光投控,7,2,5,凱基-岡山,2024-11-01,9209
2888,新光金,5,0,5,凱基-岡山,2024-11-01,9209
00939,統一台灣高息動能,15,10,5,凱基-岡山,2024-11-01,9209
6770,力積電,102,0,102,凱基-岡山,2024-11-04,9209
00948B,中信優息投資級債,52,0,52,凱基-岡山,2024-11-04,9209
00878,國泰永續高股息,58,8,50,凱基-岡山,2024-11-04,9209
2329,華泰,39,1,38,凱基-岡山,2024-11-04,9209
00712,復華富時不動產,40,5,35,凱基-岡山,2024-11-04,9209
00679B,元大美債20年,29,0,29,凱基-岡山,2024-11-04,9209
1416,廣豐,28,0,28,凱基-岡山,2024-11-04,9209
2891,中信金,27,0,27,凱基-岡山,2024-11-04,9209
00940,元大台灣價值高息,26,0,26,凱基-岡山,2024-11-04,9209
6835,圓裕,25,0,25,凱基-岡山,2024-11-04,9209
2614,東森,26,3,23,凱基-岡山,2024-11-04,9209
00919,群益台灣精選高息,36,15,21,凱基-岡山,2024-11-04,9209
2646,星宇航空,20,4,16,凱基-岡山,2024-11-04,9209
2615,萬海,124,109,15,凱基-岡山,2024-11-04,9209
2337,旺宏,14,0,14,凱基-岡山,2024-11-04,9209
00713,元大台灣高息低波,13,0,13,凱基-岡山,2024-11-04,9209
5314,世紀,12,0,12,凱基-岡山,2024-11-04,9209
1314,中石化,11,0,11,凱基-岡山,2024-11-04,9209
2537,聯上發,11,0,11,凱基-岡山,2024-11-04,9209
8096,擎亞,11,0,11,凱基-岡山,2024-11-04,9209
1449,佳和,13,3,10,凱基-岡山,2024-11-04,9209
1721,三晃,11,1,10,凱基-岡山,2024-11-04,9209
2609,陽明,31,21,10,凱基-岡山,2024-11-04,9209
3380,明泰,10,0,10,凱基-岡山,2024-11-04,9209
4109,加捷生醫,10,0,10,凱基-岡山,2024-11-04,9209
4303,信立,10,0,10,凱基-岡山,2024-11-04,9209
00882,中信中國高股息,10,0,10,凱基-岡山,2024-11-04,9209
00715L,期街口布蘭特正2,18,9,9,凱基-岡山,2024-11-04,9209
3017,奇鋐,10,1,9,凱基-岡山,2024-11-04,9209
4934,太極,9,0,9,凱基-岡山,2024-11-04,9209
6525,捷敏-KY,9,0,9,凱基-岡山,2024-11-04,9209
00937B,群益ESG投等債20,28,20,8,凱基-岡山,2024-11-04,9209
1808,潤隆,9,1,8,凱基-岡山,2024-11-04,9209
2303,聯電,13,5,8,凱基-岡山,2024-11-04,9209
00687B,國泰20年美債,7,0,7,凱基-岡山,2024-11-04,9209
00720B,元大投資級公司債,7,0,7,凱基-岡山,2024-11-04,9209
2392,正崴,8,1,7,凱基-岡山,2024-11-04,9209
3219,倚強科,9,2,7,凱基-岡山,2024-11-04,9209
6509,聚和,7,0,7,凱基-岡山,2024-11-04,9209
2408,南亞科,10,4,6,凱基-岡山,2024-11-04,9209
6548,長科*,11,5,6,凱基-岡山,2024-11-04,9209
00950B,凱基A級公司債,6,0,6,凱基-岡山,2024-11-04,9209
1528,恩德,13,7,6,凱基-岡山,2024-11-04,9209
2354,鴻準,30,24,6,凱基-岡山,2024-11-04,9209
2388,威盛,6,0,6,凱基-岡山,2024-11-04,9209
2867,三商壽,6,0,6,凱基-岡山,2024-11-04,9209
2892,第一金,6,0,6,凱基-岡山,2024-11-04,9209
3490,單井,6,0,6,凱基-岡山,2024-11-04,9209
6405,悅城,6,0,6,凱基-岡山,2024-11-04,9209
00722B,群益投資級電信債,5,0,5,凱基-岡山,2024-11-04,9209
00680L,元大美債20正2,81,5,76,凱基-岡山,2024-11-05,9209
00919,群益台灣精選高息,38,7,31,凱基-岡山,2024-11-05,9209
0061,元大寶滬深,30,0,30,凱基-岡山,2024-11-05,9209
00703,台新MSCI中國,30,0,30,凱基-岡山,2024-11-05,9209
1449,佳和,29,1,28,凱基-岡山,2024-11-05,9209
3231,緯創,54,27,27,凱基-岡山,2024-11-05,9209
00937B,群益ESG投等債20,31,5,26,凱基-岡山,2024-11-05,9209
3511,矽瑪,25,4,21,凱基-岡山,2024-11-05,9209
2834,臺企銀,20,0,20,凱基-岡山,2024-11-05,9209
3167,大量,21,1,20,凱基-岡山,2024-11-05,9209
3710,連展投控,20,0,20,凱基-岡山,2024-11-05,9209
00915,凱基優選高股息30,22,2,20,凱基-岡山,2024-11-05,9209
00715L,期街口布蘭特正2,20,4,16,凱基-岡山,2024-11-05,9209
00688L,國泰20年美債正2,20,6,14,凱基-岡山,2024-11-05,9209
1326,台化,14,0,14,凱基-岡山,2024-11-05,9209
2312,金寶,17,3,14,凱基-岡山,2024-11-05,9209
3013,晟銘電,16,3,13,凱基-岡山,2024-11-05,9209
2344,華邦電,13,0,13,凱基-岡山,2024-11-05,9209
00940,元大台灣價值高息,12,0,12,凱基-岡山,2024-11-05,9209
2324,仁寶,13,1,12,凱基-岡山,2024-11-05,9209
2354,鴻準,101,89,12,凱基-岡山,2024-11-05,9209
00731,復華富時高息低波,10,0,10,凱基-岡山,2024-11-05,9209
00933B,國泰10Y+金融債,10,0,10,凱基-岡山,2024-11-05,9209
2530,華建,10,0,10,凱基-岡山,2024-11-05,9209
2012,春雨,8,0,8,凱基-岡山,2024-11-05,9209
2371,大同,7,0,7,凱基-岡山,2024-11-05,9209
00930,永豐ESG低碳高息,7,0,7,凱基-岡山,2024-11-05,9209
2419,仲琦,8,1,7,凱基-岡山,2024-11-05,9209
3219,倚強科,8,1,7,凱基-岡山,2024-11-05,9209
1301,台塑,6,0,6,凱基-岡山,2024-11-05,9209
2892,第一金,6,0,6,凱基-岡山,2024-11-05,9209
00943,兆豐電子高息等權,6,0,6,凱基-岡山,2024-11-05,9209
4566,時碩工業,6,0,6,凱基-岡山,2024-11-05,9209
00927,群益半導體收益,6,0,6,凱基-岡山,2024-11-05,9209
1717,長興,6,0,6,凱基-岡山,2024-11-05,9209
00878,國泰永續高股息,13,8,5,凱基-岡山,2024-11-05,9209
3372,典範,5,0,5,凱基-岡山,2024-11-05,9209
4123,晟德,5,0,5,凱基-岡山,2024-11-05,9209
5398,慕康生醫,5,0,5,凱基-岡山,2024-11-05,9209
6127,九豪,5,0,5,凱基-岡山,2024-11-05,9209
00905,FT臺灣Smart,4,0,4,凱基-岡山,2024-11-05,9209
00712,復華富時不動產,4,0,4,凱基-岡山,2024-11-05,9209
00885,富邦越南,4,0,4,凱基-岡山,2024-11-05,9209
1101,台泥,4,0,4,凱基-岡山,2024-11-05,9209
1409,新纖,4,0,4,凱基-岡山,2024-11-05,9209
2605,新興,4,0,4,凱基-岡山,2024-11-05,9209
3390,旭軟,4,0,4,凱基-岡山,2024-11-05,9209
4563,百德,4,0,4,凱基-岡山,2024-11-05,9209
4903,聯光通,6,2,4,凱基-岡山,2024-11-05,9209
5347,世界,6,2,4,凱基-岡山,2024-11-05,9209
00680L,元大美債20正2,86,0,86,凱基-岡山,2024-11-06,9209
0056,元大高股息,56,0,56,凱基-岡山,2024-11-06,9209
00687B,國泰20年美債,73,26,47,凱基-岡山,2024-11-06,9209
3706,神達,40,0,40,凱基-岡山,2024-11-06,9209
00688L,國泰20年美債正2,39,0,39,凱基-岡山,2024-11-06,9209
00679B,元大美債20年,30,0,30,凱基-岡山,2024-11-06,9209
3715,定穎投控,25,0,25,凱基-岡山,2024-11-06,9209
1449,佳和,30,9,21,凱基-岡山,2024-11-06,9209
6104,創惟,20,0,20,凱基-岡山,2024-11-06,9209
1326,台化,17,0,17,凱基-岡山,2024-11-06,9209
3490,單井,17,0,17,凱基-岡山,2024-11-06,9209
2349,錸德,15,0,15,凱基-岡山,2024-11-06,9209
6742,澤米,15,0,15,凱基-岡山,2024-11-06,9209
2834,臺企銀,11,0,11,凱基-岡山,2024-11-06,9209
8421,旭源,11,0,11,凱基-岡山,2024-11-06,9209
2610,華航,10,0,10,凱基-岡山,2024-11-06,9209
2882,國泰金,10,0,10,凱基-岡山,2024-11-06,9209
00650L,復華香港正2,10,0,10,凱基-岡山,2024-11-06,9209
1586,和勤,10,0,10,凱基-岡山,2024-11-06,9209
3017,奇鋐,11,1,10,凱基-岡山,2024-11-06,9209
3036,文曄,10,0,10,凱基-岡山,2024-11-06,9209
3313,斐成,10,0,10,凱基-岡山,2024-11-06,9209
4510,高鋒,14,4,10,凱基-岡山,2024-11-06,9209
5251,天鉞電,10,0,10,凱基-岡山,2024-11-06,9209
8171,天宇,10,0,10,凱基-岡山,2024-11-06,9209
9945,潤泰新,10,0,10,凱基-岡山,2024-11-06,9209
2303,聯電,69,59,10,凱基-岡山,2024-11-06,9209
00919,群益台灣精選高息,12,3,9,凱基-岡山,2024-11-06,9209
2634,漢翔,9,0,9,凱基-岡山,2024-11-06,9209
00952,凱基台灣AI50,9,0,9,凱基-岡山,2024-11-06,9209
00937B,群益ESG投等債20,16,8,8,凱基-岡山,2024-11-06,9209
00878,國泰永續高股息,24,16,8,凱基-岡山,2024-11-06,9209
2883,凱基金,11,3,8,凱基-岡山,2024-11-06,9209
1560,中砂,6,0,6,凱基-岡山,2024-11-06,9209
00706L,期元大S＆P日圓正2,6,0,6,凱基-岡山,2024-11-06,9209
00932,兆豐永續高息等權,6,0,6,凱基-岡山,2024-11-06,9209
2375,凱美,6,0,6,凱基-岡山,2024-11-06,9209
3206,志豐,6,0,6,凱基-岡山,2024-11-06,9209
5347,世界,6,0,6,凱基-岡山,2024-11-06,9209
3705,永信,5,0,5,凱基-岡山,2024-11-06,9209
2062,橋椿,5,0,5,凱基-岡山,2024-11-06,9209
2892,第一金,5,0,5,凱基-岡山,2024-11-06,9209
00930,永豐ESG低碳高息,5,0,5,凱基-岡山,2024-11-06,9209
00948B,中信優息投資級債,5,0,5,凱基-岡山,2024-11-06,9209
1609,大亞,5,0,5,凱基-岡山,2024-11-06,9209
3219,倚強科,5,0,5,凱基-岡山,2024-11-06,9209
4562,穎漢,6,1,5,凱基-岡山,2024-11-06,9209
00918,大華優利高填息30,4,0,4,凱基-岡山,2024-11-06,9209
5483,中美晶,9,5,4,凱基-岡山,2024-11-06,9209
2344,華邦電,4,0,4,凱基-岡山,2024-11-06,9209
0061,元大寶滬深,137,0,137,凱基-岡山,2024-11-07,9209
2883,凱基金,122,15,107,凱基-岡山,2024-11-07,9209
00632R,元大台灣50反1,104,40,64,凱基-岡山,2024-11-07,9209
00687B,國泰20年美債,49,1,48,凱基-岡山,2024-11-07,9209
00929,復華台灣科技優息,146,101,45,凱基-岡山,2024-11-07,9209
00688L,國泰20年美債正2,41,0,41,凱基-岡山,2024-11-07,9209
00919,群益台灣精選高息,42,2,40,凱基-岡山,2024-11-07,9209
00673R,期元大S＆P原油反1,38,0,38,凱基-岡山,2024-11-07,9209
2014,中鴻,50,16,34,凱基-岡山,2024-11-07,9209
00932,兆豐永續高息等權,33,0,33,凱基-岡山,2024-11-07,9209
3047,訊舟,32,2,30,凱基-岡山,2024-11-07,9209
5301,寶得利,30,0,30,凱基-岡山,2024-11-07,9209
6770,力積電,39,9,30,凱基-岡山,2024-11-07,9209
2892,第一金,19,1,18,凱基-岡山,2024-11-07,9209
2408,南亞科,15,0,15,凱基-岡山,2024-11-07,9209
6239,力成,15,0,15,凱基-岡山,2024-11-07,9209
1532,勤美,14,0,14,凱基-岡山,2024-11-07,9209
00915,凱基優選高股息30,16,2,14,凱基-岡山,2024-11-07,9209
2610,華航,101,88,13,凱基-岡山,2024-11-07,9209
1326,台化,13,0,13,凱基-岡山,2024-11-07,9209
2889,國票金,11,0,11,凱基-岡山,2024-11-07,9209
00878,國泰永續高股息,19,9,10,凱基-岡山,2024-11-07,9209
00676R,富邦臺灣加權反1,10,0,10,凱基-岡山,2024-11-07,9209
3290,東浦,10,0,10,凱基-岡山,2024-11-07,9209
6005,群益證,10,0,10,凱基-岡山,2024-11-07,9209
00830,國泰費城半導體,10,1,9,凱基-岡山,2024-11-07,9209
2344,華邦電,9,0,9,凱基-岡山,2024-11-07,9209
1605,華新,16,8,8,凱基-岡山,2024-11-07,9209
2399,映泰,20,12,8,凱基-岡山,2024-11-07,9209
2609,陽明,36,28,8,凱基-岡山,2024-11-07,9209
8213,志超,8,0,8,凱基-岡山,2024-11-07,9209
00679B,元大美債20年,9,1,8,凱基-岡山,2024-11-07,9209
00713,元大台灣高息低波,7,0,7,凱基-岡山,2024-11-07,9209
2313,華通,13,6,7,凱基-岡山,2024-11-07,9209
00937B,群益ESG投等債20,12,5,7,凱基-岡山,2024-11-07,9209
6187,萬潤,11,4,7,凱基-岡山,2024-11-07,9209
6488,環球晶,6,0,6,凱基-岡山,2024-11-07,9209
2882,國泰金,6,0,6,凱基-岡山,2024-11-07,9209
1416,廣豐,6,0,6,凱基-岡山,2024-11-07,9209
2332,友訊,7,1,6,凱基-岡山,2024-11-07,9209
3189,景碩,9,3,6,凱基-岡山,2024-11-07,9209
3260,威剛,11,5,6,凱基-岡山,2024-11-07,9209
00712,復華富時不動產,6,0,6,凱基-岡山,2024-11-07,9209
1531,高林股,19,14,5,凱基-岡山,2024-11-07,9209
2301,光寶科,5,0,5,凱基-岡山,2024-11-07,9209
8464,億豐,5,0,5,凱基-岡山,2024-11-07,9209
2615,萬海,7,3,4,凱基-岡山,2024-11-07,9209
9945,潤泰新,4,0,4,凱基-岡山,2024-11-07,9209
4979,華星光,5,1,4,凱基-岡山,2024-11-07,9209
1308,亞聚,4,0,4,凱基-岡山,2024-11-07,9209
2457,飛宏,65,0,65,凱基-岡山,2024-11-08,9209
00878,國泰永續高股息,54,5,49,凱基-岡山,2024-11-08,9209
2610,華航,53,5,48,凱基-岡山,2024-11-08,9209
9105,泰金寶-DR,39,0,39,凱基-岡山,2024-11-08,9209
2356,英業達,136,101,35,凱基-岡山,2024-11-08,9209
00929,復華台灣科技優息,45,15,30,凱基-岡山,2024-11-08,9209
2439,美律,30,0,30,凱基-岡山,2024-11-08,9209
2892,第一金,30,0,30,凱基-岡山,2024-11-08,9209
1524,耿鼎,28,0,28,凱基-岡山,2024-11-08,9209
6505,台塑化,22,0,22,凱基-岡山,2024-11-08,9209
00632R,元大台灣50反1,20,0,20,凱基-岡山,2024-11-08,9209
00673R,期元大S＆P原油反1,20,0,20,凱基-岡山,2024-11-08,9209
2012,春雨,20,0,20,凱基-岡山,2024-11-08,9209
6116,彩晶,20,0,20,凱基-岡山,2024-11-08,9209
9907,統一實,20,0,20,凱基-岡山,2024-11-08,9209
00795B,中信美國公債20年,18,0,18,凱基-岡山,2024-11-08,9209
00688L,國泰20年美債正2,16,0,16,凱基-岡山,2024-11-08,9209
00944,野村趨勢動能高息,15,0,15,凱基-岡山,2024-11-08,9209
1301,台塑,15,0,15,凱基-岡山,2024-11-08,9209
2303,聯電,18,3,15,凱基-岡山,2024-11-08,9209
00919,群益台灣精選高息,37,22,15,凱基-岡山,2024-11-08,9209
2340,台亞,14,0,14,凱基-岡山,2024-11-08,9209
4960,誠美材,14,0,14,凱基-岡山,2024-11-08,9209
8027,鈦昇,15,1,14,凱基-岡山,2024-11-08,9209
00887,永豐中國科技50大,35,22,13,凱基-岡山,2024-11-08,9209
0056,元大高股息,20,8,12,凱基-岡山,2024-11-08,9209
00895,富邦未來車,12,0,12,凱基-岡山,2024-11-08,9209
5285,界霖,19,7,12,凱基-岡山,2024-11-08,9209
6005,群益證,12,0,12,凱基-岡山,2024-11-08,9209
3062,建漢,12,1,11,凱基-岡山,2024-11-08,9209
2313,華通,14,3,11,凱基-岡山,2024-11-08,9209
1711,永光,10,0,10,凱基-岡山,2024-11-08,9209
1438,三地開發,10,0,10,凱基-岡山,2024-11-08,9209
1455,集盛,10,0,10,凱基-岡山,2024-11-08,9209
2324,仁寶,17,7,10,凱基-岡山,2024-11-08,9209
2509,全坤建,10,0,10,凱基-岡山,2024-11-08,9209
2731,雄獅,16,6,10,凱基-岡山,2024-11-08,9209
3419,譁裕,10,0,10,凱基-岡山,2024-11-08,9209
6152,百一,10,0,10,凱基-岡山,2024-11-08,9209
8150,南茂,10,0,10,凱基-岡山,2024-11-08,9209
00679B,元大美債20年,13,3,10,凱基-岡山,2024-11-08,9209
1504,東元,9,0,9,凱基-岡山,2024-11-08,9209
1773,勝一,9,0,9,凱基-岡山,2024-11-08,9209
2353,宏��,9,0,9,凱基-岡山,2024-11-08,9209
2388,威盛,10,2,8,凱基-岡山,2024-11-08,9209
3481,群創,21,14,7,凱基-岡山,2024-11-08,9209
8070,長華*,7,0,7,凱基-岡山,2024-11-08,9209
1609,大亞,8,1,7,凱基-岡山,2024-11-08,9209
2387,精元,7,0,7,凱基-岡山,2024-11-08,9209
3362,先進光,8,1,7,凱基-岡山,2024-11-08,9209
2444,兆勁,102,14,88,凱基-岡山,2024-11-11,9209
2426,鼎元,43,0,43,凱基-岡山,2024-11-11,9209
00665L,富邦�琤肭磪囓�2,23,0,23,凱基-岡山,2024-11-11,9209
2891,中信金,26,3,23,凱基-岡山,2024-11-11,9209
00945B,凱基美國非投等債,22,0,22,凱基-岡山,2024-11-11,9209
3607,谷崧,20,0,20,凱基-岡山,2024-11-11,9209
3231,緯創,21,2,19,凱基-岡山,2024-11-11,9209
6142,友勁,18,0,18,凱基-岡山,2024-11-11,9209
00715L,期街口布蘭特正2,16,0,16,凱基-岡山,2024-11-11,9209
6405,悅城,15,0,15,凱基-岡山,2024-11-11,9209
00946,群益科技高息成長,14,0,14,凱基-岡山,2024-11-11,9209
4167,松瑞藥,13,0,13,凱基-岡山,2024-11-11,9209
6763,綠界科技*,26,13,13,凱基-岡山,2024-11-11,9209
2882,國泰金,12,0,12,凱基-岡山,2024-11-11,9209
3303,岱稜,26,14,12,凱基-岡山,2024-11-11,9209
2646,星宇航空,11,0,11,凱基-岡山,2024-11-11,9209
6548,長科*,10,0,10,凱基-岡山,2024-11-11,9209
8027,鈦昇,10,0,10,凱基-岡山,2024-11-11,9209
00650L,復華香港正2,18,8,10,凱基-岡山,2024-11-11,9209
1447,力鵬,10,0,10,凱基-岡山,2024-11-11,9209
2362,藍天,10,0,10,凱基-岡山,2024-11-11,9209
2440,太空梭,10,0,10,凱基-岡山,2024-11-11,9209
2515,中工,10,0,10,凱基-岡山,2024-11-11,9209
9907,統一實,10,0,10,凱基-岡山,2024-11-11,9209
2014,中鴻,10,1,9,凱基-岡山,2024-11-11,9209
2303,聯電,13,5,8,凱基-岡山,2024-11-11,9209
2399,映泰,21,13,8,凱基-岡山,2024-11-11,9209
2834,臺企銀,8,0,8,凱基-岡山,2024-11-11,9209
2340,台亞,8,0,8,凱基-岡山,2024-11-11,9209
2609,陽明,21,13,8,凱基-岡山,2024-11-11,9209
2354,鴻準,35,28,7,凱基-岡山,2024-11-11,9209
2353,宏��,7,0,7,凱基-岡山,2024-11-11,9209
00687B,國泰20年美債,7,0,7,凱基-岡山,2024-11-11,9209
1326,台化,8,1,7,凱基-岡山,2024-11-11,9209
2880,華南金,7,0,7,凱基-岡山,2024-11-11,9209
00929,復華台灣科技優息,25,18,7,凱基-岡山,2024-11-11,9209
2615,萬海,9,3,6,凱基-岡山,2024-11-11,9209
00878,國泰永續高股息,21,15,6,凱基-岡山,2024-11-11,9209
8107,大億金茂,6,0,6,凱基-岡山,2024-11-11,9209
6187,萬潤,16,10,6,凱基-岡山,2024-11-11,9209
1773,勝一,6,0,6,凱基-岡山,2024-11-11,9209
2449,京元電子,10,4,6,凱基-岡山,2024-11-11,9209
3014,聯陽,6,0,6,凱基-岡山,2024-11-11,9209
9105,泰金寶-DR,13,7,6,凱基-岡山,2024-11-11,9209
006208,富邦台50,8,3,5,凱基-岡山,2024-11-11,9209
00706L,期元大S＆P日圓正2,5,0,5,凱基-岡山,2024-11-11,9209
1717,長興,5,0,5,凱基-岡山,2024-11-11,9209
2401,凌陽,5,0,5,凱基-岡山,2024-11-11,9209
2421,建準,5,0,5,凱基-岡山,2024-11-11,9209
3017,奇鋐,6,1,5,凱基-岡山,2024-11-11,9209
00878,國泰永續高股息,214,6,208,凱基-岡山,2024-11-12,9209
2317,鴻海,123,59,64,凱基-岡山,2024-11-12,9209
3706,神達,182,133,49,凱基-岡山,2024-11-12,9209
2356,英業達,56,13,43,凱基-岡山,2024-11-12,9209
2002,中鋼,43,4,39,凱基-岡山,2024-11-12,9209
1314,中石化,38,0,38,凱基-岡山,2024-11-12,9209
2834,臺企銀,38,0,38,凱基-岡山,2024-11-12,9209
00929,復華台灣科技優息,37,5,32,凱基-岡山,2024-11-12,9209
00715L,期街口布蘭特正2,35,4,31,凱基-岡山,2024-11-12,9209
2332,友訊,30,1,29,凱基-岡山,2024-11-12,9209
00930,永豐ESG低碳高息,23,0,23,凱基-岡山,2024-11-12,9209
9105,泰金寶-DR,23,0,23,凱基-岡山,2024-11-12,9209
00915,凱基優選高股息30,24,4,20,凱基-岡山,2024-11-12,9209
6125,廣運,20,0,20,凱基-岡山,2024-11-12,9209
00642U,期元大S＆P石油,20,0,20,凱基-岡山,2024-11-12,9209
00919,群益台灣精選高息,30,11,19,凱基-岡山,2024-11-12,9209
1326,台化,19,0,19,凱基-岡山,2024-11-12,9209
3217,優群,19,0,19,凱基-岡山,2024-11-12,9209
00940,元大台灣價值高息,19,0,19,凱基-岡山,2024-11-12,9209
00952,凱基台灣AI50,18,0,18,凱基-岡山,2024-11-12,9209
6187,萬潤,21,3,18,凱基-岡山,2024-11-12,9209
0056,元大高股息,22,4,18,凱基-岡山,2024-11-12,9209
2353,宏��,17,0,17,凱基-岡山,2024-11-12,9209
00943,兆豐電子高息等權,16,0,16,凱基-岡山,2024-11-12,9209
6005,群益證,16,0,16,凱基-岡山,2024-11-12,9209
5285,界霖,15,0,15,凱基-岡山,2024-11-12,9209
6147,頎邦,15,0,15,凱基-岡山,2024-11-12,9209
2882,國泰金,19,5,14,凱基-岡山,2024-11-12,9209
2328,廣宇,33,20,13,凱基-岡山,2024-11-12,9209
006208,富邦台50,14,2,12,凱基-岡山,2024-11-12,9209
2646,星宇航空,12,0,12,凱基-岡山,2024-11-12,9209
3481,群創,13,2,11,凱基-岡山,2024-11-12,9209
1446,宏和,11,0,11,凱基-岡山,2024-11-12,9209
2014,中鴻,11,0,11,凱基-岡山,2024-11-12,9209
2883,凱基金,10,0,10,凱基-岡山,2024-11-12,9209
2408,南亞科,12,2,10,凱基-岡山,2024-11-12,9209
2530,華建,10,0,10,凱基-岡山,2024-11-12,9209
3630,新鉅科,10,0,10,凱基-岡山,2024-11-12,9209
4916,事欣科,10,0,10,凱基-岡山,2024-11-12,9209
6151,晉倫,11,1,10,凱基-岡山,2024-11-12,9209
2603,長榮,40,30,10,凱基-岡山,2024-11-12,9209
2034,允強,11,1,10,凱基-岡山,2024-11-12,9209
6274,台燿,9,0,9,凱基-岡山,2024-11-12,9209
6505,台塑化,9,0,9,凱基-岡山,2024-11-12,9209
2382,廣達,14,5,9,凱基-岡山,2024-11-12,9209
2454,聯發科,8,0,8,凱基-岡山,2024-11-12,9209
2371,大同,10,2,8,凱基-岡山,2024-11-12,9209
3035,智原,8,0,8,凱基-岡山,2024-11-12,9209
3014,聯陽,7,0,7,凱基-岡山,2024-11-12,9209
3290,東浦,7,0,7,凱基-岡山,2024-11-12,9209
00632R,元大台灣50反1,110,0,110,凱基-岡山,2024-11-13,9209
00637L,元大滬深300正2,100,0,100,凱基-岡山,2024-11-13,9209
00687B,國泰20年美債,86,0,86,凱基-岡山,2024-11-13,9209
2646,星宇航空,63,4,59,凱基-岡山,2024-11-13,9209
00878,國泰永續高股息,61,4,57,凱基-岡山,2024-11-13,9209
3024,憶聲,55,0,55,凱基-岡山,2024-11-13,9209
1540,喬福,51,0,51,凱基-岡山,2024-11-13,9209
2511,太子,50,0,50,凱基-岡山,2024-11-13,9209
2883,凱基金,34,6,28,凱基-岡山,2024-11-13,9209
00680L,元大美債20正2,27,0,27,凱基-岡山,2024-11-13,9209
2834,臺企銀,25,1,24,凱基-岡山,2024-11-13,9209
2354,鴻準,35,12,23,凱基-岡山,2024-11-13,9209
1524,耿鼎,29,6,23,凱基-岡山,2024-11-13,9209
2801,彰銀,22,0,22,凱基-岡山,2024-11-13,9209
00753L,中信中國50正2,39,19,20,凱基-岡山,2024-11-13,9209
3706,神達,106,86,20,凱基-岡山,2024-11-13,9209
2845,遠東銀,20,0,20,凱基-岡山,2024-11-13,9209
2353,宏��,18,0,18,凱基-岡山,2024-11-13,9209
2027,大成鋼,15,0,15,凱基-岡山,2024-11-13,9209
2462,良得電,15,0,15,凱基-岡山,2024-11-13,9209
2603,長榮,26,12,14,凱基-岡山,2024-11-13,9209
2344,華邦電,14,0,14,凱基-岡山,2024-11-13,9209
2889,國票金,12,0,12,凱基-岡山,2024-11-13,9209
6288,聯嘉,13,1,12,凱基-岡山,2024-11-13,9209
3036,文曄,11,0,11,凱基-岡山,2024-11-13,9209
1711,永光,12,1,11,凱基-岡山,2024-11-13,9209
5607,遠雄港,11,0,11,凱基-岡山,2024-11-13,9209
2317,鴻海,13,2,11,凱基-岡山,2024-11-13,9209
00915,凱基優選高股息30,15,5,10,凱基-岡山,2024-11-13,9209
1449,佳和,20,10,10,凱基-岡山,2024-11-13,9209
2012,春雨,10,0,10,凱基-岡山,2024-11-13,9209
2915,潤泰全,10,0,10,凱基-岡山,2024-11-13,9209
4157,太景*-KY,10,0,10,凱基-岡山,2024-11-13,9209
6770,力積電,10,0,10,凱基-岡山,2024-11-13,9209
6187,萬潤,11,2,9,凱基-岡山,2024-11-13,9209
2449,京元電子,10,1,9,凱基-岡山,2024-11-13,9209
4931,新盛力,31,22,9,凱基-岡山,2024-11-13,9209
6163,華電網,10,1,9,凱基-岡山,2024-11-13,9209
2330,台積電,10,1,9,凱基-岡山,2024-11-13,9209
2303,聯電,62,54,8,凱基-岡山,2024-11-13,9209
2393,億光,7,0,7,凱基-岡山,2024-11-13,9209
2615,萬海,11,4,7,凱基-岡山,2024-11-13,9209
1301,台塑,7,0,7,凱基-岡山,2024-11-13,9209
1717,長興,7,0,7,凱基-岡山,2024-11-13,9209
1909,榮成,7,0,7,凱基-岡山,2024-11-13,9209
2349,錸德,9,2,7,凱基-岡山,2024-11-13,9209
3219,倚強科,7,0,7,凱基-岡山,2024-11-13,9209
6021,美好證,7,0,7,凱基-岡山,2024-11-13,9209
9945,潤泰新,7,0,7,凱基-岡山,2024-11-13,9209
00919,群益台灣精選高息,8,2,6,凱基-岡山,2024-11-13,9209
00878,國泰永續高股息,215,9,206,凱基-岡山,2024-11-14,9209
1909,榮成,54,0,54,凱基-岡山,2024-11-14,9209
00940,元大台灣價值高息,53,1,52,凱基-岡山,2024-11-14,9209
2303,聯電,42,2,40,凱基-岡山,2024-11-14,9209
00929,復華台灣科技優息,64,26,38,凱基-岡山,2024-11-14,9209
00687B,國泰20年美債,30,0,30,凱基-岡山,2024-11-14,9209
00680L,元大美債20正2,30,0,30,凱基-岡山,2024-11-14,9209
1540,喬福,30,0,30,凱基-岡山,2024-11-14,9209
0056,元大高股息,31,2,29,凱基-岡山,2024-11-14,9209
2408,南亞科,23,0,23,凱基-岡山,2024-11-14,9209
2892,第一金,24,2,22,凱基-岡山,2024-11-14,9209
00943,兆豐電子高息等權,17,0,17,凱基-岡山,2024-11-14,9209
1451,年興,17,0,17,凱基-岡山,2024-11-14,9209
5498,凱崴,14,0,14,凱基-岡山,2024-11-14,9209
6125,廣運,14,0,14,凱基-岡山,2024-11-14,9209
2329,華泰,13,0,13,凱基-岡山,2024-11-14,9209
2353,宏��,13,0,13,凱基-岡山,2024-11-14,9209
2609,陽明,20,7,13,凱基-岡山,2024-11-14,9209
00919,群益台灣精選高息,13,0,13,凱基-岡山,2024-11-14,9209
2002,中鋼,12,0,12,凱基-岡山,2024-11-14,9209
1532,勤美,12,0,12,凱基-岡山,2024-11-14,9209
8070,長華*,12,0,12,凱基-岡山,2024-11-14,9209
00937B,群益ESG投等債20,28,16,12,凱基-岡山,2024-11-14,9209
2884,玉山金,12,0,12,凱基-岡山,2024-11-14,9209
3593,力銘,12,0,12,凱基-岡山,2024-11-14,9209
1301,台塑,11,0,11,凱基-岡山,2024-11-14,9209
3481,群創,11,0,11,凱基-岡山,2024-11-14,9209
00915,凱基優選高股息30,10,0,10,凱基-岡山,2024-11-14,9209
2812,台中銀,10,0,10,凱基-岡山,2024-11-14,9209
2362,藍天,10,0,10,凱基-岡山,2024-11-14,9209
2444,兆勁,10,0,10,凱基-岡山,2024-11-14,9209
2509,全坤建,10,0,10,凱基-岡山,2024-11-14,9209
2801,彰銀,10,0,10,凱基-岡山,2024-11-14,9209
3047,訊舟,11,1,10,凱基-岡山,2024-11-14,9209
3520,華盈,10,0,10,凱基-岡山,2024-11-14,9209
6191,精成科,10,0,10,凱基-岡山,2024-11-14,9209
2392,正崴,11,2,9,凱基-岡山,2024-11-14,9209
00907,永豐優息存股,9,0,9,凱基-岡山,2024-11-14,9209
1409,新纖,9,0,9,凱基-岡山,2024-11-14,9209
2312,金寶,113,104,9,凱基-岡山,2024-11-14,9209
2356,英業達,12,3,9,凱基-岡山,2024-11-14,9209
2365,昆盈,11,2,9,凱基-岡山,2024-11-14,9209
4157,太景*-KY,8,0,8,凱基-岡山,2024-11-14,9209
00795B,中信美國公債20年,8,0,8,凱基-岡山,2024-11-14,9209
2834,臺企銀,8,0,8,凱基-岡山,2024-11-14,9209
3490,單井,9,1,8,凱基-岡山,2024-11-14,9209
3701,大眾控,8,0,8,凱基-岡山,2024-11-14,9209
5460,同協,8,0,8,凱基-岡山,2024-11-14,9209
8110,華東,8,0,8,凱基-岡山,2024-11-14,9209
8213,志超,8,0,8,凱基-岡山,2024-11-14,9209
00878,國泰永續高股息,91,2,89,凱基-岡山,2024-11-15,9209
2317,鴻海,51,6,45,凱基-岡山,2024-11-15,9209
00929,復華台灣科技優息,47,15,32,凱基-岡山,2024-11-15,9209
2303,聯電,115,86,29,凱基-岡山,2024-11-15,9209
00687B,國泰20年美債,23,1,22,凱基-岡山,2024-11-15,9209
2356,英業達,19,3,16,凱基-岡山,2024-11-15,9209
00887,永豐中國科技50大,15,0,15,凱基-岡山,2024-11-15,9209
2382,廣達,24,11,13,凱基-岡山,2024-11-15,9209
6405,悅城,19,6,13,凱基-岡山,2024-11-15,9209
6706,惠特,13,0,13,凱基-岡山,2024-11-15,9209
2409,友達,14,2,12,凱基-岡山,2024-11-15,9209
5285,界霖,12,0,12,凱基-岡山,2024-11-15,9209
6217,中探針,11,0,11,凱基-岡山,2024-11-15,9209
2890,永豐金,11,0,11,凱基-岡山,2024-11-15,9209
2002,中鋼,13,3,10,凱基-岡山,2024-11-15,9209
00753L,中信中國50正2,11,1,10,凱基-岡山,2024-11-15,9209
00680L,元大美債20正2,10,0,10,凱基-岡山,2024-11-15,9209
6147,頎邦,10,0,10,凱基-岡山,2024-11-15,9209
3013,晟銘電,25,16,9,凱基-岡山,2024-11-15,9209
2332,友訊,11,2,9,凱基-岡山,2024-11-15,9209
2891,中信金,11,2,9,凱基-岡山,2024-11-15,9209
00941,中信上游半導體,8,0,8,凱基-岡山,2024-11-15,9209
00960,野村全球航運龍頭,10,2,8,凱基-岡山,2024-11-15,9209
3338,泰碩,20,12,8,凱基-岡山,2024-11-15,9209
1326,台化,7,0,7,凱基-岡山,2024-11-15,9209
2324,仁寶,9,2,7,凱基-岡山,2024-11-15,9209
6967,汎瑋材料,6,0,6,凱基-岡山,2024-11-15,9209
3231,緯創,10,4,6,凱基-岡山,2024-11-15,9209
0056,元大高股息,6,0,6,凱基-岡山,2024-11-15,9209
2642,宅配通,7,2,5,凱基-岡山,2024-11-15,9209
3520,華盈,5,0,5,凱基-岡山,2024-11-15,9209
6021,美好證,5,0,5,凱基-岡山,2024-11-15,9209
6182,合晶,5,0,5,凱基-岡山,2024-11-15,9209
6191,精成科,5,0,5,凱基-岡山,2024-11-15,9209
8249,菱光,6,1,5,凱基-岡山,2024-11-15,9209
6505,台塑化,4,0,4,凱基-岡山,2024-11-15,9209
2392,正崴,21,17,4,凱基-岡山,2024-11-15,9209
3450,聯鈞,45,41,4,凱基-岡山,2024-11-15,9209
00943,兆豐電子高息等權,4,0,4,凱基-岡山,2024-11-15,9209
1605,華新,5,1,4,凱基-岡山,2024-11-15,9209
1776,展宇,4,0,4,凱基-岡山,2024-11-15,9209
2351,順德,4,0,4,凱基-岡山,2024-11-15,9209
2428,興勤,4,0,4,凱基-岡山,2024-11-15,9209
4903,聯光通,4,0,4,凱基-岡山,2024-11-15,9209
4931,新盛力,5,1,4,凱基-岡山,2024-11-15,9209
6763,綠界科技*,6,2,4,凱基-岡山,2024-11-15,9209
6854,錼創科技-KY創,4,0,4,凱基-岡山,2024-11-15,9209
3551,世禾,3,0,3,凱基-岡山,2024-11-15,9209
3583,辛耘,6,3,3,凱基-岡山,2024-11-15,9209
00891,中信關鍵半導體,3,0,3,凱基-岡山,2024-11-15,9209
00887,永豐中國科技50大,360,0,360,凱基-岡山,2024-11-18,9209
00878,國泰永續高股息,109,17,92,凱基-岡山,2024-11-18,9209
2312,金寶,223,131,92,凱基-岡山,2024-11-18,9209
0056,元大高股息,57,0,57,凱基-岡山,2024-11-18,9209
2354,鴻準,52,18,34,凱基-岡山,2024-11-18,9209
3706,神達,114,86,28,凱基-岡山,2024-11-18,9209
00715L,期街口布蘭特正2,26,0,26,凱基-岡山,2024-11-18,9209
2344,華邦電,26,0,26,凱基-岡山,2024-11-18,9209
00918,大華優利高填息30,21,1,20,凱基-岡山,2024-11-18,9209
3715,定穎投控,20,0,20,凱基-岡山,2024-11-18,9209
00688L,國泰20年美債正2,15,0,15,凱基-岡山,2024-11-18,9209
6548,長科*,13,0,13,凱基-岡山,2024-11-18,9209
00642U,期元大S＆P石油,12,0,12,凱基-岡山,2024-11-18,9209
1102,亞泥,10,0,10,凱基-岡山,2024-11-18,9209
3372,典範,10,0,10,凱基-岡山,2024-11-18,9209
3498,陽程,10,0,10,凱基-岡山,2024-11-18,9209
6125,廣運,10,0,10,凱基-岡山,2024-11-18,9209
2356,英業達,14,5,9,凱基-岡山,2024-11-18,9209
1528,恩德,8,0,8,凱基-岡山,2024-11-18,9209
6288,聯嘉,13,5,8,凱基-岡山,2024-11-18,9209
00713,元大台灣高息低波,9,1,8,凱基-岡山,2024-11-18,9209
02001L,富邦蘋果正二N,7,0,7,凱基-岡山,2024-11-18,9209
2359,所羅門,6,0,6,凱基-岡山,2024-11-18,9209
2409,友達,6,0,6,凱基-岡山,2024-11-18,9209
4162,智擎,6,0,6,凱基-岡山,2024-11-18,9209
6405,悅城,6,0,6,凱基-岡山,2024-11-18,9209
00939,統一台灣高息動能,5,0,5,凱基-岡山,2024-11-18,9209
00941,中信上游半導體,5,0,5,凱基-岡山,2024-11-18,9209
00960,野村全球航運龍頭,5,0,5,凱基-岡山,2024-11-18,9209
1802,台玻,5,0,5,凱基-岡山,2024-11-18,9209
2109,華豐,5,0,5,凱基-岡山,2024-11-18,9209
2481,強茂,5,0,5,凱基-岡山,2024-11-18,9209
3049,精金,5,0,5,凱基-岡山,2024-11-18,9209
3593,力銘,5,0,5,凱基-岡山,2024-11-18,9209
4916,事欣科,5,0,5,凱基-岡山,2024-11-18,9209
6191,精成科,5,0,5,凱基-岡山,2024-11-18,9209
00945B,凱基美國非投等債,4,0,4,凱基-岡山,2024-11-18,9209
00952,凱基台灣AI50,4,0,4,凱基-岡山,2024-11-18,9209
006208,富邦台50,10,6,4,凱基-岡山,2024-11-18,9209
00905,FT臺灣Smart,4,0,4,凱基-岡山,2024-11-18,9209
00932,兆豐永續高息等權,4,0,4,凱基-岡山,2024-11-18,9209
2027,大成鋼,6,2,4,凱基-岡山,2024-11-18,9209
2353,宏��,4,0,4,凱基-岡山,2024-11-18,9209
2609,陽明,8,4,4,凱基-岡山,2024-11-18,9209
5011,久陽,4,0,4,凱基-岡山,2024-11-18,9209
6284,佳邦,4,0,4,凱基-岡山,2024-11-18,9209
00927,群益半導體收益,4,0,4,凱基-岡山,2024-11-18,9209
2392,正崴,9,5,4,凱基-岡山,2024-11-18,9209
1785,光洋科,3,0,3,凱基-岡山,2024-11-18,9209
00915,凱基優選高股息30,8,5,3,凱基-岡山,2024-11-18,9209
00688L,國泰20年美債正2,377,0,377,凱基-岡山,2024-11-19,9209
2867,三商壽,150,0,150,凱基-岡山,2024-11-19,9209
00632R,元大台灣50反1,50,0,50,凱基-岡山,2024-11-19,9209
8429,金麗-KY,36,0,36,凱基-岡山,2024-11-19,9209
00930,永豐ESG低碳高息,26,0,26,凱基-岡山,2024-11-19,9209
3188,鑫龍騰,32,10,22,凱基-岡山,2024-11-19,9209
2344,華邦電,23,2,21,凱基-岡山,2024-11-19,9209
4807,日成-KY,20,0,20,凱基-岡山,2024-11-19,9209
2317,鴻海,21,1,20,凱基-岡山,2024-11-19,9209
2915,潤泰全,16,0,16,凱基-岡山,2024-11-19,9209
2349,錸德,109,97,12,凱基-岡山,2024-11-19,9209
2884,玉山金,12,0,12,凱基-岡山,2024-11-19,9209
1102,亞泥,10,0,10,凱基-岡山,2024-11-19,9209
00932,兆豐永續高息等權,10,0,10,凱基-岡山,2024-11-19,9209
1521,大億,10,0,10,凱基-岡山,2024-11-19,9209
2332,友訊,22,12,10,凱基-岡山,2024-11-19,9209
2601,益航,10,0,10,凱基-岡山,2024-11-19,9209
2613,中櫃,10,0,10,凱基-岡山,2024-11-19,9209
2891,中信金,8,0,8,凱基-岡山,2024-11-19,9209
00929,復華台灣科技優息,17,10,7,凱基-岡山,2024-11-19,9209
00915,凱基優選高股息30,7,0,7,凱基-岡山,2024-11-19,9209
3583,辛耘,8,1,7,凱基-岡山,2024-11-19,9209
6901,鑽石投資,7,0,7,凱基-岡山,2024-11-19,9209
3231,緯創,6,0,6,凱基-岡山,2024-11-19,9209
00919,群益台灣精選高息,6,0,6,凱基-岡山,2024-11-19,9209
00960,野村全球航運龍頭,15,9,6,凱基-岡山,2024-11-19,9209
6005,群益證,6,0,6,凱基-岡山,2024-11-19,9209
00878,國泰永續高股息,24,18,6,凱基-岡山,2024-11-19,9209
3062,建漢,10,5,5,凱基-岡山,2024-11-19,9209
8936,國統,6,1,5,凱基-岡山,2024-11-19,9209
8027,鈦昇,6,1,5,凱基-岡山,2024-11-19,9209
3430,奇鈦科,4,0,4,凱基-岡山,2024-11-19,9209
2382,廣達,8,4,4,凱基-岡山,2024-11-19,9209
1301,台塑,5,2,3,凱基-岡山,2024-11-19,9209
1303,南亞,4,1,3,凱基-岡山,2024-11-19,9209
00941,中信上游半導體,3,0,3,凱基-岡山,2024-11-19,9209
00673R,期元大S＆P原油反1,3,0,3,凱基-岡山,2024-11-19,9209
2007,燁興,3,0,3,凱基-岡山,2024-11-19,9209
2027,大成鋼,3,0,3,凱基-岡山,2024-11-19,9209
2303,聯電,74,71,3,凱基-岡山,2024-11-19,9209
2367,燿華,3,0,3,凱基-岡山,2024-11-19,9209
6405,悅城,3,0,3,凱基-岡山,2024-11-19,9209
6708,天擎,3,0,3,凱基-岡山,2024-11-19,9209
2881,富邦金,2,0,2,凱基-岡山,2024-11-19,9209
006208,富邦台50,2,0,2,凱基-岡山,2024-11-19,9209
0056,元大高股息,3,1,2,凱基-岡山,2024-11-19,9209
00934,中信成長高股息,2,0,2,凱基-岡山,2024-11-19,9209
2312,金寶,116,114,2,凱基-岡山,2024-11-19,9209
2388,威盛,2,0,2,凱基-岡山,2024-11-19,9209
2431,聯昌,3,1,2,凱基-岡山,2024-11-19,9209
2354,鴻準,149,32,117,凱基-岡山,2024-11-20,9209
00638R,元大滬深300反1,100,0,100,凱基-岡山,2024-11-20,9209
00878,國泰永續高股息,51,0,51,凱基-岡山,2024-11-20,9209
2444,兆勁,52,2,50,凱基-岡山,2024-11-20,9209
2353,宏��,38,0,38,凱基-岡山,2024-11-20,9209
00679B,元大美債20年,26,0,26,凱基-岡山,2024-11-20,9209
8163,達方,24,0,24,凱基-岡山,2024-11-20,9209
2328,廣宇,29,6,23,凱基-岡山,2024-11-20,9209
9105,泰金寶-DR,66,50,16,凱基-岡山,2024-11-20,9209
2603,長榮,16,1,15,凱基-岡山,2024-11-20,9209
8069,元太,12,0,12,凱基-岡山,2024-11-20,9209
3209,全科,10,0,10,凱基-岡山,2024-11-20,9209
00960,野村全球航運龍頭,10,0,10,凱基-岡山,2024-11-20,9209
3029,零壹,14,4,10,凱基-岡山,2024-11-20,9209
2363,矽統,9,0,9,凱基-岡山,2024-11-20,9209
2506,太設,9,0,9,凱基-岡山,2024-11-20,9209
4729,熒茂,17,9,8,凱基-岡山,2024-11-20,9209
8011,台通,9,1,8,凱基-岡山,2024-11-20,9209
2329,華泰,7,0,7,凱基-岡山,2024-11-20,9209
3338,泰碩,11,4,7,凱基-岡山,2024-11-20,9209
5243,乙盛-KY,6,0,6,凱基-岡山,2024-11-20,9209
00932,兆豐永續高息等權,6,0,6,凱基-岡山,2024-11-20,9209
2449,京元電子,9,3,6,凱基-岡山,2024-11-20,9209
6603,富強鑫,6,0,6,凱基-岡山,2024-11-20,9209
0056,元大高股息,5,0,5,凱基-岡山,2024-11-20,9209
006208,富邦台50,5,0,5,凱基-岡山,2024-11-20,9209
6187,萬潤,7,2,5,凱基-岡山,2024-11-20,9209
1102,亞泥,5,0,5,凱基-岡山,2024-11-20,9209
00907,永豐優息存股,5,0,5,凱基-岡山,2024-11-20,9209
1438,三地開發,5,0,5,凱基-岡山,2024-11-20,9209
1524,耿鼎,5,0,5,凱基-岡山,2024-11-20,9209
2405,輔信,7,2,5,凱基-岡山,2024-11-20,9209
2489,瑞軒,5,0,5,凱基-岡山,2024-11-20,9209
2915,潤泰全,5,0,5,凱基-岡山,2024-11-20,9209
3006,晶豪科,5,0,5,凱基-岡山,2024-11-20,9209
3231,緯創,9,4,5,凱基-岡山,2024-11-20,9209
3260,威剛,5,0,5,凱基-岡山,2024-11-20,9209
3447,展達,8,3,5,凱基-岡山,2024-11-20,9209
5314,世紀,5,0,5,凱基-岡山,2024-11-20,9209
5426,振發,5,0,5,凱基-岡山,2024-11-20,9209
6443,元晶,5,0,5,凱基-岡山,2024-11-20,9209
6854,錼創科技-KY創,5,0,5,凱基-岡山,2024-11-20,9209
6213,聯茂,5,1,4,凱基-岡山,2024-11-20,9209
0050,元大台灣50,5,1,4,凱基-岡山,2024-11-20,9209
2356,英業達,21,17,4,凱基-岡山,2024-11-20,9209
2478,大毅,4,0,4,凱基-岡山,2024-11-20,9209
3673,TPK-KY,4,0,4,凱基-岡山,2024-11-20,9209
4162,智擎,4,0,4,凱基-岡山,2024-11-20,9209
6901,鑽石投資,4,0,4,凱基-岡山,2024-11-20,9209
00631L,元大台灣50正2,10,7,3,凱基-岡山,2024-11-20,9209
2867,三商壽,75,0,75,凱基-岡山,2024-11-21,9209
2353,宏��,22,0,22,凱基-岡山,2024-11-21,9209
2615,萬海,30,11,19,凱基-岡山,2024-11-21,9209
00878,國泰永續高股息,22,5,17,凱基-岡山,2024-11-21,9209
3015,全漢,16,0,16,凱基-岡山,2024-11-21,9209
2349,錸德,19,8,11,凱基-岡山,2024-11-21,9209
2012,春雨,10,0,10,凱基-岡山,2024-11-21,9209
2344,華邦電,31,21,10,凱基-岡山,2024-11-21,9209
3209,全科,10,0,10,凱基-岡山,2024-11-21,9209
5876,上海商銀,10,0,10,凱基-岡山,2024-11-21,9209
6550,北極星藥業-KY,10,0,10,凱基-岡山,2024-11-21,9209
1531,高林股,9,0,9,凱基-岡山,2024-11-21,9209
3049,精金,10,2,8,凱基-岡山,2024-11-21,9209
6187,萬潤,8,2,6,凱基-岡山,2024-11-21,9209
3594,磐儀,6,0,6,凱基-岡山,2024-11-21,9209
6578,達邦蛋白,6,0,6,凱基-岡山,2024-11-21,9209
00919,群益台灣精選高息,9,3,6,凱基-岡山,2024-11-21,9209
2303,聯電,8,3,5,凱基-岡山,2024-11-21,9209
2882,國泰金,5,0,5,凱基-岡山,2024-11-21,9209
2633,台灣高鐵,5,0,5,凱基-岡山,2024-11-21,9209
3535,晶彩科,5,0,5,凱基-岡山,2024-11-21,9209
3552,同致,5,0,5,凱基-岡山,2024-11-21,9209
5292,華懋,5,0,5,凱基-岡山,2024-11-21,9209
3231,緯創,5,1,4,凱基-岡山,2024-11-21,9209
0056,元大高股息,4,0,4,凱基-岡山,2024-11-21,9209
2881,富邦金,4,0,4,凱基-岡山,2024-11-21,9209
3711,日月光投控,4,0,4,凱基-岡山,2024-11-21,9209
00950B,凱基A級公司債,4,0,4,凱基-岡山,2024-11-21,9209
2618,長榮航,12,8,4,凱基-岡山,2024-11-21,9209
3372,典範,4,0,4,凱基-岡山,2024-11-21,9209
3481,群創,4,0,4,凱基-岡山,2024-11-21,9209
6875,國邑*,4,0,4,凱基-岡山,2024-11-21,9209
2330,台積電,7,3,4,凱基-岡山,2024-11-21,9209
2382,廣達,5,2,3,凱基-岡山,2024-11-21,9209
006208,富邦台50,3,0,3,凱基-岡山,2024-11-21,9209
00713,元大台灣高息低波,4,1,3,凱基-岡山,2024-11-21,9209
2204,中華,22,19,3,凱基-岡山,2024-11-21,9209
1301,台塑,3,0,3,凱基-岡山,2024-11-21,9209
1314,中石化,13,10,3,凱基-岡山,2024-11-21,9209
1569,濱川,22,19,3,凱基-岡山,2024-11-21,9209
3516,亞帝歐,3,0,3,凱基-岡山,2024-11-21,9209
4114,健喬,3,0,3,凱基-岡山,2024-11-21,9209
4952,凌通,3,0,3,凱基-岡山,2024-11-21,9209
5425,台半,7,4,3,凱基-岡山,2024-11-21,9209
6231,系微,5,2,3,凱基-岡山,2024-11-21,9209
8422,可寧衛,5,2,3,凱基-岡山,2024-11-21,9209
8996,高力,4,1,3,凱基-岡山,2024-11-21,9209
2884,玉山金,2,0,2,凱基-岡山,2024-11-21,9209
1452,宏益,2,0,2,凱基-岡山,2024-11-21,9209
1326,台化,2,0,2,凱基-岡山,2024-11-21,9209
4729,熒茂,154,67,87,凱基-岡山,2024-11-22,9209
00953B,群益優選非投等債,77,0,77,凱基-岡山,2024-11-22,9209
00632R,元大台灣50反1,70,0,70,凱基-岡山,2024-11-22,9209
5272,笙科,40,0,40,凱基-岡山,2024-11-22,9209
2891,中信金,31,0,31,凱基-岡山,2024-11-22,9209
6147,頎邦,32,4,28,凱基-岡山,2024-11-22,9209
9105,泰金寶-DR,51,29,22,凱基-岡山,2024-11-22,9209
00948B,中信優息投資級債,20,0,20,凱基-岡山,2024-11-22,9209
00882,中信中國高股息,11,0,11,凱基-岡山,2024-11-22,9209
1314,中石化,15,4,11,凱基-岡山,2024-11-22,9209
6603,富強鑫,11,0,11,凱基-岡山,2024-11-22,9209
00753L,中信中國50正2,10,0,10,凱基-岡山,2024-11-22,9209
1308,亞聚,10,0,10,凱基-岡山,2024-11-22,9209
1506,正道,10,0,10,凱基-岡山,2024-11-22,9209
2059,川湖,10,0,10,凱基-岡山,2024-11-22,9209
2356,英業達,19,9,10,凱基-岡山,2024-11-22,9209
3030,德律,10,0,10,凱基-岡山,2024-11-22,9209
3078,僑威,10,0,10,凱基-岡山,2024-11-22,9209
3114,好德,10,0,10,凱基-岡山,2024-11-22,9209
6257,矽格,10,0,10,凱基-岡山,2024-11-22,9209
6282,康舒,12,2,10,凱基-岡山,2024-11-22,9209
2883,凱基金,10,1,9,凱基-岡山,2024-11-22,9209
3594,磐儀,9,0,9,凱基-岡山,2024-11-22,9209
00898,國泰基因免疫革命,8,0,8,凱基-岡山,2024-11-22,9209
6134,萬旭,9,1,8,凱基-岡山,2024-11-22,9209
6144,得利影,8,0,8,凱基-岡山,2024-11-22,9209
1616,億泰,8,1,7,凱基-岡山,2024-11-22,9209
5439,高技,8,1,7,凱基-岡山,2024-11-22,9209
2303,聯電,11,5,6,凱基-岡山,2024-11-22,9209
2328,廣宇,13,7,6,凱基-岡山,2024-11-22,9209
2609,陽明,38,32,6,凱基-岡山,2024-11-22,9209
00673R,期元大S＆P原油反1,5,0,5,凱基-岡山,2024-11-22,9209
00717,富邦美國特別股,5,0,5,凱基-岡山,2024-11-22,9209
2002,中鋼,6,1,5,凱基-岡山,2024-11-22,9209
2429,銘旺科,5,0,5,凱基-岡山,2024-11-22,9209
3015,全漢,7,2,5,凱基-岡山,2024-11-22,9209
3041,揚智,5,0,5,凱基-岡山,2024-11-22,9209
3062,建漢,5,0,5,凱基-岡山,2024-11-22,9209
5608,四維航,5,0,5,凱基-岡山,2024-11-22,9209
5876,上海商銀,5,0,5,凱基-岡山,2024-11-22,9209
6405,悅城,8,3,5,凱基-岡山,2024-11-22,9209
8039,台虹,5,0,5,凱基-岡山,2024-11-22,9209
8171,天宇,8,3,5,凱基-岡山,2024-11-22,9209
2882,國泰金,3,0,3,凱基-岡山,2024-11-22,9209
1301,台塑,4,1,3,凱基-岡山,2024-11-22,9209
00915,凱基優選高股息30,3,0,3,凱基-岡山,2024-11-22,9209
00950B,凱基A級公司債,3,0,3,凱基-岡山,2024-11-22,9209
2399,映泰,3,0,3,凱基-岡山,2024-11-22,9209
3017,奇鋐,3,0,3,凱基-岡山,2024-11-22,9209
3056,富華新,3,0,3,凱基-岡山,2024-11-22,9209
2515,中工,100,5,95,凱基-岡山,2024-11-25,9209
9105,泰金寶-DR,120,34,86,凱基-岡山,2024-11-25,9209
00673R,期元大S＆P原油反1,49,0,49,凱基-岡山,2024-11-25,9209
1563,巧新,37,0,37,凱基-岡山,2024-11-25,9209
5398,慕康生醫,37,2,35,凱基-岡山,2024-11-25,9209
3043,科風,18,0,18,凱基-岡山,2024-11-25,9209
2371,大同,18,1,17,凱基-岡山,2024-11-25,9209
4934,太極,20,4,16,凱基-岡山,2024-11-25,9209
2618,長榮航,95,80,15,凱基-岡山,2024-11-25,9209
1786,科妍,14,0,14,凱基-岡山,2024-11-25,9209
00887,永豐中國科技50大,12,0,12,凱基-岡山,2024-11-25,9209
00905,FT臺灣Smart,11,0,11,凱基-岡山,2024-11-25,9209
2449,京元電子,13,2,11,凱基-岡山,2024-11-25,9209
00676R,富邦臺灣加權反1,10,0,10,凱基-岡山,2024-11-25,9209
2312,金寶,283,273,10,凱基-岡山,2024-11-25,9209
2331,精英,16,6,10,凱基-岡山,2024-11-25,9209
5488,松普,10,0,10,凱基-岡山,2024-11-25,9209
2303,聯電,24,14,10,凱基-岡山,2024-11-25,9209
2915,潤泰全,10,1,9,凱基-岡山,2024-11-25,9209
3712,永崴投控,11,3,8,凱基-岡山,2024-11-25,9209
5314,世紀,8,0,8,凱基-岡山,2024-11-25,9209
2408,南亞科,7,0,7,凱基-岡山,2024-11-25,9209
8096,擎亞,13,6,7,凱基-岡山,2024-11-25,9209
00919,群益台灣精選高息,7,1,6,凱基-岡山,2024-11-25,9209
00639,富邦深100,6,0,6,凱基-岡山,2024-11-25,9209
1220,台榮,6,0,6,凱基-岡山,2024-11-25,9209
3484,崧騰,6,0,6,凱基-岡山,2024-11-25,9209
5876,上海商銀,6,0,6,凱基-岡山,2024-11-25,9209
2474,可成,5,0,5,凱基-岡山,2024-11-25,9209
1336,台翰,15,10,5,凱基-岡山,2024-11-25,9209
2230,泰茂,5,0,5,凱基-岡山,2024-11-25,9209
3290,東浦,5,0,5,凱基-岡山,2024-11-25,9209
4513,福裕,8,3,5,凱基-岡山,2024-11-25,9209
4927,泰鼎-KY,5,0,5,凱基-岡山,2024-11-25,9209
5450,南良,5,0,5,凱基-岡山,2024-11-25,9209
8935,邦泰,5,0,5,凱基-岡山,2024-11-25,9209
1101,台泥,8,4,4,凱基-岡山,2024-11-25,9209
2324,仁寶,7,3,4,凱基-岡山,2024-11-25,9209
2603,長榮,24,20,4,凱基-岡山,2024-11-25,9209
9945,潤泰新,5,1,4,凱基-岡山,2024-11-25,9209
00907,永豐優息存股,4,0,4,凱基-岡山,2024-11-25,9209
1784,訊聯,4,0,4,凱基-岡山,2024-11-25,9209
2356,英業達,5,1,4,凱基-岡山,2024-11-25,9209
2539,櫻花建,4,0,4,凱基-岡山,2024-11-25,9209
3447,展達,5,1,4,凱基-岡山,2024-11-25,9209
6266,泰詠,4,0,4,凱基-岡山,2024-11-25,9209
6412,群電,4,0,4,凱基-岡山,2024-11-25,9209
2615,萬海,10,6,4,凱基-岡山,2024-11-25,9209
2329,華泰,4,0,4,凱基-岡山,2024-11-25,9209
00915,凱基優選高股息30,3,0,3,凱基-岡山,2024-11-25,9209
3231,緯創,61,12,49,凱基-岡山,2024-11-26,9209
2317,鴻海,27,4,23,凱基-岡山,2024-11-26,9209
2344,華邦電,34,14,20,凱基-岡山,2024-11-26,9209
00878,國泰永續高股息,19,0,19,凱基-岡山,2024-11-26,9209
9105,泰金寶-DR,42,24,18,凱基-岡山,2024-11-26,9209
00715L,期街口布蘭特正2,20,4,16,凱基-岡山,2024-11-26,9209
00753L,中信中國50正2,15,0,15,凱基-岡山,2024-11-26,9209
5398,慕康生醫,15,0,15,凱基-岡山,2024-11-26,9209
6288,聯嘉,17,2,15,凱基-岡山,2024-11-26,9209
2884,玉山金,15,0,15,凱基-岡山,2024-11-26,9209
3015,全漢,12,0,12,凱基-岡山,2024-11-26,9209
5498,凱崴,12,0,12,凱基-岡山,2024-11-26,9209
00929,復華台灣科技優息,16,5,11,凱基-岡山,2024-11-26,9209
8040,九暘,11,0,11,凱基-岡山,2024-11-26,9209
4933,友輝,10,0,10,凱基-岡山,2024-11-26,9209
2489,瑞軒,10,0,10,凱基-岡山,2024-11-26,9209
2867,三商壽,10,0,10,凱基-岡山,2024-11-26,9209
4956,光鋐,15,5,10,凱基-岡山,2024-11-26,9209
3712,永崴投控,10,1,9,凱基-岡山,2024-11-26,9209
006208,富邦台50,9,0,9,凱基-岡山,2024-11-26,9209
0050,元大台灣50,9,0,9,凱基-岡山,2024-11-26,9209
1563,巧新,8,0,8,凱基-岡山,2024-11-26,9209
6147,頎邦,10,2,8,凱基-岡山,2024-11-26,9209
0056,元大高股息,7,0,7,凱基-岡山,2024-11-26,9209
2303,聯電,19,12,7,凱基-岡山,2024-11-26,9209
2402,毅嘉,7,0,7,凱基-岡山,2024-11-26,9209
2646,星宇航空,6,0,6,凱基-岡山,2024-11-26,9209
00940,元大台灣價值高息,6,0,6,凱基-岡山,2024-11-26,9209
1504,東元,6,0,6,凱基-岡山,2024-11-26,9209
2547,日勝生,6,0,6,凱基-岡山,2024-11-26,9209
4729,熒茂,6,0,6,凱基-岡山,2024-11-26,9209
2371,大同,12,7,5,凱基-岡山,2024-11-26,9209
2882,國泰金,11,6,5,凱基-岡山,2024-11-26,9209
00891,中信關鍵半導體,5,0,5,凱基-岡山,2024-11-26,9209
1777,生泰,5,0,5,凱基-岡山,2024-11-26,9209
2332,友訊,5,0,5,凱基-岡山,2024-11-26,9209
2409,友達,5,0,5,凱基-岡山,2024-11-26,9209
4916,事欣科,10,5,5,凱基-岡山,2024-11-26,9209
5292,華懋,5,0,5,凱基-岡山,2024-11-26,9209
6412,群電,5,0,5,凱基-岡山,2024-11-26,9209
6505,台塑化,5,0,5,凱基-岡山,2024-11-26,9209
6523,達爾膚,5,0,5,凱基-岡山,2024-11-26,9209
8222,寶一,9,5,4,凱基-岡山,2024-11-26,9209
1531,高林股,4,0,4,凱基-岡山,2024-11-26,9209
2354,鴻準,5,1,4,凱基-岡山,2024-11-26,9209
2449,京元電子,5,1,4,凱基-岡山,2024-11-26,9209
2474,可成,4,0,4,凱基-岡山,2024-11-26,9209
2515,中工,4,0,4,凱基-岡山,2024-11-26,9209
5880,合庫金,4,0,4,凱基-岡山,2024-11-26,9209
6024,群益期,4,0,4,凱基-岡山,2024-11-26,9209
00919,群益台灣精選高息,87,0,87,凱基-岡山,2024-11-27,9209
00940,元大台灣價值高息,54,0,54,凱基-岡山,2024-11-27,9209
0056,元大高股息,49,0,49,凱基-岡山,2024-11-27,9209
3209,全科,39,0,39,凱基-岡山,2024-11-27,9209
2002,中鋼,36,0,36,凱基-岡山,2024-11-27,9209
00878,國泰永續高股息,44,10,34,凱基-岡山,2024-11-27,9209
6770,力積電,34,1,33,凱基-岡山,2024-11-27,9209
2303,聯電,36,10,26,凱基-岡山,2024-11-27,9209
5371,中光電,24,0,24,凱基-岡山,2024-11-27,9209
9105,泰金寶-DR,33,10,23,凱基-岡山,2024-11-27,9209
00706L,期元大S＆P日圓正2,20,0,20,凱基-岡山,2024-11-27,9209
4956,光鋐,22,2,20,凱基-岡山,2024-11-27,9209
5272,笙科,20,0,20,凱基-岡山,2024-11-27,9209
00929,復華台灣科技優息,20,4,16,凱基-岡山,2024-11-27,9209
00713,元大台灣高息低波,16,0,16,凱基-岡山,2024-11-27,9209
4557,永新-KY,15,0,15,凱基-岡山,2024-11-27,9209
1605,華新,15,1,14,凱基-岡山,2024-11-27,9209
2489,瑞軒,13,0,13,凱基-岡山,2024-11-27,9209
3290,東浦,12,0,12,凱基-岡山,2024-11-27,9209
2070,精湛,28,17,11,凱基-岡山,2024-11-27,9209
00680L,元大美債20正2,10,0,10,凱基-岡山,2024-11-27,9209
2344,華邦電,12,2,10,凱基-岡山,2024-11-27,9209
3049,精金,10,0,10,凱基-岡山,2024-11-27,9209
3521,鴻翊,10,0,10,凱基-岡山,2024-11-27,9209
4561,健椿,10,0,10,凱基-岡山,2024-11-27,9209
5251,天鉞電,10,0,10,凱基-岡山,2024-11-27,9209
6288,聯嘉,11,1,10,凱基-岡山,2024-11-27,9209
8105,凌巨,14,4,10,凱基-岡山,2024-11-27,9209
2330,台積電,10,0,10,凱基-岡山,2024-11-27,9209
00922,國泰台灣領袖50,9,0,9,凱基-岡山,2024-11-27,9209
00918,大華優利高填息30,9,0,9,凱基-岡山,2024-11-27,9209
2317,鴻海,11,2,9,凱基-岡山,2024-11-27,9209
1521,大億,8,0,8,凱基-岡山,2024-11-27,9209
1563,巧新,8,0,8,凱基-岡山,2024-11-27,9209
2312,金寶,77,69,8,凱基-岡山,2024-11-27,9209
2609,陽明,38,31,7,凱基-岡山,2024-11-27,9209
2349,錸德,7,0,7,凱基-岡山,2024-11-27,9209
2601,益航,7,0,7,凱基-岡山,2024-11-27,9209
6147,頎邦,7,0,7,凱基-岡山,2024-11-27,9209
6962,ITH-KY,7,0,7,凱基-岡山,2024-11-27,9209
3481,群創,7,0,7,凱基-岡山,2024-11-27,9209
00631L,元大台灣50正2,12,5,7,凱基-岡山,2024-11-27,9209
0050,元大台灣50,6,0,6,凱基-岡山,2024-11-27,9209
2356,英業達,12,6,6,凱基-岡山,2024-11-27,9209
2439,美律,6,0,6,凱基-岡山,2024-11-27,9209
3372,典範,6,0,6,凱基-岡山,2024-11-27,9209
3714,富采,7,1,6,凱基-岡山,2024-11-27,9209
4527,方土霖,6,0,6,凱基-岡山,2024-11-27,9209
5398,慕康生醫,6,0,6,凱基-岡山,2024-11-27,9209
2204,中華,7,1,6,凱基-岡山,2024-11-27,9209
00632R,元大台灣50反1,312,0,312,凱基-岡山,2024-11-28,9209
9105,泰金寶-DR,74,4,70,凱基-岡山,2024-11-28,9209
00919,群益台灣精選高息,54,4,50,凱基-岡山,2024-11-28,9209
2897,王道銀行,50,0,50,凱基-岡山,2024-11-28,9209
00939,統一台灣高息動能,40,0,40,凱基-岡山,2024-11-28,9209
00878,國泰永續高股息,45,15,30,凱基-岡山,2024-11-28,9209
2615,萬海,28,3,25,凱基-岡山,2024-11-28,9209
00891,中信關鍵半導體,23,0,23,凱基-岡山,2024-11-28,9209
2312,金寶,100,79,21,凱基-岡山,2024-11-28,9209
00642U,期元大S＆P石油,20,0,20,凱基-岡山,2024-11-28,9209
6525,捷敏-KY,20,0,20,凱基-岡山,2024-11-28,9209
2646,星宇航空,19,1,18,凱基-岡山,2024-11-28,9209
2204,中華,17,0,17,凱基-岡山,2024-11-28,9209
2303,聯電,17,1,16,凱基-岡山,2024-11-28,9209
2070,精湛,63,47,16,凱基-岡山,2024-11-28,9209
1314,中石化,15,0,15,凱基-岡山,2024-11-28,9209
2330,台積電,16,1,15,凱基-岡山,2024-11-28,9209
2332,友訊,35,22,13,凱基-岡山,2024-11-28,9209
00922,國泰台灣領袖50,12,0,12,凱基-岡山,2024-11-28,9209
4510,高鋒,94,82,12,凱基-岡山,2024-11-28,9209
0056,元大高股息,12,0,12,凱基-岡山,2024-11-28,9209
2313,華通,11,0,11,凱基-岡山,2024-11-28,9209
00929,復華台灣科技優息,22,10,12,凱基-岡山,2024-11-28,9209
2498,宏達電,12,1,11,凱基-岡山,2024-11-28,9209
2618,長榮航,60,50,10,凱基-岡山,2024-11-28,9209
3591,艾笛森,11,1,10,凱基-岡山,2024-11-28,9209
3037,欣興,10,1,9,凱基-岡山,2024-11-28,9209
2351,順德,10,1,9,凱基-岡山,2024-11-28,9209
4557,永新-KY,8,0,8,凱基-岡山,2024-11-28,9209
6125,廣運,8,1,7,凱基-岡山,2024-11-28,9209
1536,和大,8,1,7,凱基-岡山,2024-11-28,9209
1802,台玻,13,6,7,凱基-岡山,2024-11-28,9209
00918,大華優利高填息30,6,0,6,凱基-岡山,2024-11-28,9209
1326,台化,6,0,6,凱基-岡山,2024-11-28,9209
2301,光寶科,6,0,6,凱基-岡山,2024-11-28,9209
5531,鄉林,6,0,6,凱基-岡山,2024-11-28,9209
00713,元大台灣高息低波,6,1,5,凱基-岡山,2024-11-28,9209
2353,宏��,5,0,5,凱基-岡山,2024-11-28,9209
2362,藍天,5,0,5,凱基-岡山,2024-11-28,9209
2408,南亞科,5,0,5,凱基-岡山,2024-11-28,9209
4527,方土霖,5,0,5,凱基-岡山,2024-11-28,9209
4562,穎漢,29,24,5,凱基-岡山,2024-11-28,9209
4566,時碩工業,5,0,5,凱基-岡山,2024-11-28,9209
6120,達運,5,0,5,凱基-岡山,2024-11-28,9209
6235,華孚,5,0,5,凱基-岡山,2024-11-28,9209
6282,康舒,5,0,5,凱基-岡山,2024-11-28,9209
8096,擎亞,6,1,5,凱基-岡山,2024-11-28,9209
9904,寶成,5,0,5,凱基-岡山,2024-11-28,9209
006208,富邦台50,4,0,4,凱基-岡山,2024-11-28,9209
2317,鴻海,9,5,4,凱基-岡山,2024-11-28,9209
2734,易飛網,76,0,76,凱基-岡山,2024-11-29,9209
00919,群益台灣精選高息,43,0,43,凱基-岡山,2024-11-29,9209
00929,復華台灣科技優息,41,8,33,凱基-岡山,2024-11-29,9209
2002,中鋼,26,0,26,凱基-岡山,2024-11-29,9209
1449,佳和,24,0,24,凱基-岡山,2024-11-29,9209
00878,國泰永續高股息,26,2,24,凱基-岡山,2024-11-29,9209
00830,國泰費城半導體,22,0,22,凱基-岡山,2024-11-29,9209
2609,陽明,44,25,19,凱基-岡山,2024-11-29,9209
00795B,中信美國公債20年,30,13,17,凱基-岡山,2024-11-29,9209
2834,臺企銀,14,0,14,凱基-岡山,2024-11-29,9209
1301,台塑,14,0,14,凱基-岡山,2024-11-29,9209
5398,慕康生醫,13,0,13,凱基-岡山,2024-11-29,9209
9904,寶成,11,0,11,凱基-岡山,2024-11-29,9209
2489,瑞軒,10,0,10,凱基-岡山,2024-11-29,9209
2646,星宇航空,10,0,10,凱基-岡山,2024-11-29,9209
8033,雷虎,10,0,10,凱基-岡山,2024-11-29,9209
8927,北基,10,0,10,凱基-岡山,2024-11-29,9209
9945,潤泰新,10,0,10,凱基-岡山,2024-11-29,9209
0050,元大台灣50,10,1,9,凱基-岡山,2024-11-29,9209
5426,振發,9,0,9,凱基-岡山,2024-11-29,9209
6838,台新藥,10,1,9,凱基-岡山,2024-11-29,9209
2388,威盛,8,0,8,凱基-岡山,2024-11-29,9209
4729,熒茂,13,5,8,凱基-岡山,2024-11-29,9209
8011,台通,8,0,8,凱基-岡山,2024-11-29,9209
3591,艾笛森,7,0,7,凱基-岡山,2024-11-29,9209
0056,元大高股息,7,0,7,凱基-岡山,2024-11-29,9209
00916,國泰全球品牌50,6,0,6,凱基-岡山,2024-11-29,9209
1531,高林股,6,0,6,凱基-岡山,2024-11-29,9209
2204,中華,6,0,6,凱基-岡山,2024-11-29,9209
2354,鴻準,13,7,6,凱基-岡山,2024-11-29,9209
3419,譁裕,6,0,6,凱基-岡山,2024-11-29,9209
6840,東研信超,6,0,6,凱基-岡山,2024-11-29,9209
00679B,元大美債20年,7,1,6,凱基-岡山,2024-11-29,9209
3231,緯創,8,2,6,凱基-岡山,2024-11-29,9209
5880,合庫金,5,0,5,凱基-岡山,2024-11-29,9209
00918,大華優利高填息30,5,0,5,凱基-岡山,2024-11-29,9209
00632R,元大台灣50反1,10,5,5,凱基-岡山,2024-11-29,9209
3715,定穎投控,5,0,5,凱基-岡山,2024-11-29,9209
4977,眾達-KY,5,0,5,凱基-岡山,2024-11-29,9209
6133,金橋,5,0,5,凱基-岡山,2024-11-29,9209
6550,北極星藥業-KY,5,0,5,凱基-岡山,2024-11-29,9209
8042,金山電,15,10,5,凱基-岡山,2024-11-29,9209
6505,台塑化,4,0,4,凱基-岡山,2024-11-29,9209
00946,群益科技高息成長,4,0,4,凱基-岡山,2024-11-29,9209
3037,欣興,5,1,4,凱基-岡山,2024-11-29,9209
3049,精金,4,0,4,凱基-岡山,2024-11-29,9209
5285,界霖,4,0,4,凱基-岡山,2024-11-29,9209
6244,茂迪,4,0,4,凱基-岡山,2024-11-29,9209
9105,泰金寶-DR,9,5,4,凱基-岡山,2024-11-29,9209
00960,野村全球航運龍頭,5,2,3,凱基-岡山,2024-11-29,9209
3591,艾笛森,174,3,171,凱基-岡山,2024-12-02,9209
1524,耿鼎,44,0,44,凱基-岡山,2024-12-02,9209
3231,緯創,41,1,40,凱基-岡山,2024-12-02,9209
2408,南亞科,31,0,31,凱基-岡山,2024-12-02,9209
00664R,國泰臺灣加權反1,30,0,30,凱基-岡山,2024-12-02,9209
3017,奇鋐,28,4,24,凱基-岡山,2024-12-02,9209
2002,中鋼,23,1,22,凱基-岡山,2024-12-02,9209
2472,立隆電,24,2,22,凱基-岡山,2024-12-02,9209
00950B,凱基A級公司債,20,0,20,凱基-岡山,2024-12-02,9209
00632R,元大台灣50反1,80,60,20,凱基-岡山,2024-12-02,9209
00706L,期元大S＆P日圓正2,20,0,20,凱基-岡山,2024-12-02,9209
1438,三地開發,20,0,20,凱基-岡山,2024-12-02,9209
3033,威健,20,0,20,凱基-岡山,2024-12-02,9209
3481,群創,20,0,20,凱基-岡山,2024-12-02,9209
00932,兆豐永續高息等權,17,0,17,凱基-岡山,2024-12-02,9209
00712,復華富時不動產,16,0,16,凱基-岡山,2024-12-02,9209
2208,台船,15,0,15,凱基-岡山,2024-12-02,9209
2302,麗正,12,0,12,凱基-岡山,2024-12-02,9209
1815,富喬,15,3,12,凱基-岡山,2024-12-02,9209
8929,富堡,17,6,11,凱基-岡山,2024-12-02,9209
6558,興能高,27,16,11,凱基-岡山,2024-12-02,9209
00953B,群益優選非投等債,10,0,10,凱基-岡山,2024-12-02,9209
00680L,元大美債20正2,10,0,10,凱基-岡山,2024-12-02,9209
00882,中信中國高股息,10,0,10,凱基-岡山,2024-12-02,9209
3596,智易,10,0,10,凱基-岡山,2024-12-02,9209
3376,新日興,10,1,9,凱基-岡山,2024-12-02,9209
2609,陽明,16,8,8,凱基-岡山,2024-12-02,9209
00753L,中信中國50正2,8,0,8,凱基-岡山,2024-12-02,9209
1449,佳和,8,0,8,凱基-岡山,2024-12-02,9209
2891,中信金,10,3,7,凱基-岡山,2024-12-02,9209
1605,華新,7,0,7,凱基-岡山,2024-12-02,9209
2426,鼎元,8,1,7,凱基-岡山,2024-12-02,9209
5371,中光電,29,22,7,凱基-岡山,2024-12-02,9209
6962,ITH-KY,8,1,7,凱基-岡山,2024-12-02,9209
00898,國泰基因免疫革命,6,0,6,凱基-岡山,2024-12-02,9209
00918,大華優利高填息30,6,0,6,凱基-岡山,2024-12-02,9209
3594,磐儀,6,0,6,凱基-岡山,2024-12-02,9209
9105,泰金寶-DR,18,12,6,凱基-岡山,2024-12-02,9209
1101,台泥,5,0,5,凱基-岡山,2024-12-02,9209
00917,中信特選金融,5,0,5,凱基-岡山,2024-12-02,9209
00916,國泰全球品牌50,5,0,5,凱基-岡山,2024-12-02,9209
1786,科妍,5,0,5,凱基-岡山,2024-12-02,9209
3035,智原,5,0,5,凱基-岡山,2024-12-02,9209
4526,東台,5,0,5,凱基-岡山,2024-12-02,9209
5309,系統電,35,30,5,凱基-岡山,2024-12-02,9209
6180,橘子,5,0,5,凱基-岡山,2024-12-02,9209
6224,聚鼎,5,0,5,凱基-岡山,2024-12-02,9209
6257,矽格,5,0,5,凱基-岡山,2024-12-02,9209
6265,方土昶,5,0,5,凱基-岡山,2024-12-02,9209
6770,力積電,5,0,5,凱基-岡山,2024-12-02,9209
00945B,凱基美國非投等債,100,0,100,凱基-岡山,2024-12-03,9209
00919,群益台灣精選高息,90,5,85,凱基-岡山,2024-12-03,9209
1102,亞泥,40,0,40,凱基-岡山,2024-12-03,9209
00664R,國泰臺灣加權反1,30,0,30,凱基-岡山,2024-12-03,9209
1524,耿鼎,28,4,24,凱基-岡山,2024-12-03,9209
1449,佳和,21,0,21,凱基-岡山,2024-12-03,9209
00953B,群益優選非投等債,15,0,15,凱基-岡山,2024-12-03,9209
2734,易飛網,15,0,15,凱基-岡山,2024-12-03,9209
8033,雷虎,15,0,15,凱基-岡山,2024-12-03,9209
5531,鄉林,15,1,14,凱基-岡山,2024-12-03,9209
00882,中信中國高股息,12,0,12,凱基-岡山,2024-12-03,9209
3583,辛耘,10,0,10,凱基-岡山,2024-12-03,9209
00923,群益台ESG低碳50,10,0,10,凱基-岡山,2024-12-03,9209
00916,國泰全球品牌50,10,0,10,凱基-岡山,2024-12-03,9209
1301,台塑,10,0,10,凱基-岡山,2024-12-03,9209
1316,上曜,10,0,10,凱基-岡山,2024-12-03,9209
1815,富喬,14,4,10,凱基-岡山,2024-12-03,9209
2012,春雨,10,0,10,凱基-岡山,2024-12-03,9209
3033,威健,10,0,10,凱基-岡山,2024-12-03,9209
6005,群益證,10,0,10,凱基-岡山,2024-12-03,9209
9904,寶成,10,0,10,凱基-岡山,2024-12-03,9209
2353,宏��,9,0,9,凱基-岡山,2024-12-03,9209
0056,元大高股息,11,2,9,凱基-岡山,2024-12-03,9209
00713,元大台灣高息低波,8,0,8,凱基-岡山,2024-12-03,9209
6015,宏遠證,8,0,8,凱基-岡山,2024-12-03,9209
3015,全漢,7,0,7,凱基-岡山,2024-12-03,9209
6288,聯嘉,14,7,7,凱基-岡山,2024-12-03,9209
2615,萬海,6,0,6,凱基-岡山,2024-12-03,9209
3149,正達,6,0,6,凱基-岡山,2024-12-03,9209
4527,方土霖,6,0,6,凱基-岡山,2024-12-03,9209
2382,廣達,5,0,5,凱基-岡山,2024-12-03,9209
00715L,期街口布蘭特正2,5,0,5,凱基-岡山,2024-12-03,9209
00787B,元大10年IG醫療債,5,0,5,凱基-岡山,2024-12-03,9209
2375,凱美,15,10,5,凱基-岡山,2024-12-03,9209
2401,凌陽,5,0,5,凱基-岡山,2024-12-03,9209
2402,毅嘉,5,0,5,凱基-岡山,2024-12-03,9209
4919,新唐,5,0,5,凱基-岡山,2024-12-03,9209
6438,迅得,5,0,5,凱基-岡山,2024-12-03,9209
3030,德律,4,0,4,凱基-岡山,2024-12-03,9209
4557,永新-KY,4,0,4,凱基-岡山,2024-12-03,9209
6962,ITH-KY,3,0,3,凱基-岡山,2024-12-03,9209
00915,凱基優選高股息30,3,0,3,凱基-岡山,2024-12-03,9209
1307,三芳,3,0,3,凱基-岡山,2024-12-03,9209
2377,微星,3,0,3,凱基-岡山,2024-12-03,9209
3042,晶技,3,0,3,凱基-岡山,2024-12-03,9209
3338,泰碩,3,0,3,凱基-岡山,2024-12-03,9209
6139,亞翔,3,0,3,凱基-岡山,2024-12-03,9209
00878,國泰永續高股息,17,15,2,凱基-岡山,2024-12-03,9209
3702,大聯大,2,0,2,凱基-岡山,2024-12-03,9209
5871,中租-KY,2,0,2,凱基-岡山,2024-12-03,9209
00937B,群益ESG投等債20,332,58,274,凱基-岡山,2024-12-04,9209
00919,群益台灣精選高息,63,26,37,凱基-岡山,2024-12-04,9209
6015,宏遠證,28,0,28,凱基-岡山,2024-12-04,9209
00953B,群益優選非投等債,27,0,27,凱基-岡山,2024-12-04,9209
9105,泰金寶-DR,21,1,20,凱基-岡山,2024-12-04,9209
00664R,國泰臺灣加權反1,20,0,20,凱基-岡山,2024-12-04,9209
6005,群益證,20,0,20,凱基-岡山,2024-12-04,9209
6431,光麗-KY,20,0,20,凱基-岡山,2024-12-04,9209
1449,佳和,15,0,15,凱基-岡山,2024-12-04,9209
2312,金寶,119,105,14,凱基-岡山,2024-12-04,9209
3029,零壹,12,1,11,凱基-岡山,2024-12-04,9209
4303,信立,13,2,11,凱基-岡山,2024-12-04,9209
00787B,元大10年IG醫療債,10,0,10,凱基-岡山,2024-12-04,9209
5371,中光電,10,1,9,凱基-岡山,2024-12-04,9209
00916,國泰全球品牌50,11,2,9,凱基-岡山,2024-12-04,9209
00926,凱基全球菁英55,9,0,9,凱基-岡山,2024-12-04,9209
00959B,大華投等美債15Y+,9,0,9,凱基-岡山,2024-12-04,9209
6548,長科*,10,1,9,凱基-岡山,2024-12-04,9209
1326,台化,8,0,8,凱基-岡山,2024-12-04,9209
2337,旺宏,13,5,8,凱基-岡山,2024-12-04,9209
2408,南亞科,20,12,8,凱基-岡山,2024-12-04,9209
1474,弘裕,7,0,7,凱基-岡山,2024-12-04,9209
5328,華容,7,0,7,凱基-岡山,2024-12-04,9209
1815,富喬,79,72,7,凱基-岡山,2024-12-04,9209
00918,大華優利高填息30,11,5,6,凱基-岡山,2024-12-04,9209
00712,復華富時不動產,6,0,6,凱基-岡山,2024-12-04,9209
1303,南亞,6,0,6,凱基-岡山,2024-12-04,9209
1802,台玻,7,1,6,凱基-岡山,2024-12-04,9209
1316,上曜,5,0,5,凱基-岡山,2024-12-04,9209
2062,橋椿,5,0,5,凱基-岡山,2024-12-04,9209
8358,金居,5,0,5,凱基-岡山,2024-12-04,9209
00915,凱基優選高股息30,5,0,5,凱基-岡山,2024-12-04,9209
6187,萬潤,5,1,4,凱基-岡山,2024-12-04,9209
00951,台新日本半導體,4,0,4,凱基-岡山,2024-12-04,9209
00957B,兆豐US優選投等債,4,0,4,凱基-岡山,2024-12-04,9209
1611,中電,4,0,4,凱基-岡山,2024-12-04,9209
6834,天二科技,4,0,4,凱基-岡山,2024-12-04,9209
8046,南電,5,1,4,凱基-岡山,2024-12-04,9209
1536,和大,3,0,3,凱基-岡山,2024-12-04,9209
1786,科妍,4,1,3,凱基-岡山,2024-12-04,9209
1506,正道,3,0,3,凱基-岡山,2024-12-04,9209
1522,堤維西,3,0,3,凱基-岡山,2024-12-04,9209
1605,華新,4,1,3,凱基-岡山,2024-12-04,9209
2070,精湛,5,2,3,凱基-岡山,2024-12-04,9209
2392,正崴,5,2,3,凱基-岡山,2024-12-04,9209
2426,鼎元,4,1,3,凱基-岡山,2024-12-04,9209
2601,益航,3,0,3,凱基-岡山,2024-12-04,9209
3211,順達,9,6,3,凱基-岡山,2024-12-04,9209
3234,光環,3,0,3,凱基-岡山,2024-12-04,9209
4114,健喬,3,0,3,凱基-岡山,2024-12-04,9209
2610,華航,86,10,76,凱基-岡山,2024-12-05,9209
00918,大華優利高填息30,61,10,51,凱基-岡山,2024-12-05,9209
00953B,群益優選非投等債,44,0,44,凱基-岡山,2024-12-05,9209
2436,偉詮電,44,3,41,凱基-岡山,2024-12-05,9209
2809,京城銀,40,0,40,凱基-岡山,2024-12-05,9209
2303,聯電,40,6,34,凱基-岡山,2024-12-05,9209
2421,建準,32,0,32,凱基-岡山,2024-12-05,9209
2344,華邦電,26,0,26,凱基-岡山,2024-12-05,9209
00715L,期街口布蘭特正2,20,0,20,凱基-岡山,2024-12-05,9209
1455,集盛,20,0,20,凱基-岡山,2024-12-05,9209
2204,中華,20,0,20,凱基-岡山,2024-12-05,9209
5522,遠雄,20,0,20,凱基-岡山,2024-12-05,9209
3005,神基,20,1,19,凱基-岡山,2024-12-05,9209
2317,鴻海,19,0,19,凱基-岡山,2024-12-05,9209
00919,群益台灣精選高息,24,5,19,凱基-岡山,2024-12-05,9209
2392,正崴,40,23,17,凱基-岡山,2024-12-05,9209
1326,台化,16,0,16,凱基-岡山,2024-12-05,9209
6558,興能高,32,16,16,凱基-岡山,2024-12-05,9209
5244,弘凱,15,0,15,凱基-岡山,2024-12-05,9209
3231,緯創,19,4,15,凱基-岡山,2024-12-05,9209
2891,中信金,15,1,14,凱基-岡山,2024-12-05,9209
2027,大成鋼,14,0,14,凱基-岡山,2024-12-05,9209
2371,大同,12,0,12,凱基-岡山,2024-12-05,9209
5245,智晶,12,0,12,凱基-岡山,2024-12-05,9209
6288,聯嘉,22,10,12,凱基-岡山,2024-12-05,9209
6505,台塑化,15,4,11,凱基-岡山,2024-12-05,9209
6005,群益證,10,0,10,凱基-岡山,2024-12-05,9209
00948B,中信優息投資級債,10,0,10,凱基-岡山,2024-12-05,9209
00676R,富邦臺灣加權反1,10,0,10,凱基-岡山,2024-12-05,9209
3033,威健,10,0,10,凱基-岡山,2024-12-05,9209
3040,遠見,10,0,10,凱基-岡山,2024-12-05,9209
6142,友勁,10,0,10,凱基-岡山,2024-12-05,9209
6548,長科*,10,0,10,凱基-岡山,2024-12-05,9209
1303,南亞,9,0,9,凱基-岡山,2024-12-05,9209
3037,欣興,9,1,8,凱基-岡山,2024-12-05,9209
3481,群創,8,0,8,凱基-岡山,2024-12-05,9209
00896,中信綠能及電動車,7,0,7,凱基-岡山,2024-12-05,9209
2609,陽明,7,0,7,凱基-岡山,2024-12-05,9209
3015,全漢,12,5,7,凱基-岡山,2024-12-05,9209
00900,富邦特選高股息30,6,0,6,凱基-岡山,2024-12-05,9209
2642,宅配通,6,0,6,凱基-岡山,2024-12-05,9209
3021,鴻名,6,0,6,凱基-岡山,2024-12-05,9209
6637,醫影,6,0,6,凱基-岡山,2024-12-05,9209
6112,邁達特,6,0,6,凱基-岡山,2024-12-05,9209
00706L,期元大S＆P日圓正2,5,0,5,凱基-岡山,2024-12-05,9209
2367,燿華,5,0,5,凱基-岡山,2024-12-05,9209
3090,日電貿,10,5,5,凱基-岡山,2024-12-05,9209
3189,景碩,6,1,5,凱基-岡山,2024-12-05,9209
6526,達發,5,0,5,凱基-岡山,2024-12-05,9209
6588,東典光電,5,0,5,凱基-岡山,2024-12-05,9209
2337,旺宏,102,11,91,凱基-岡山,2024-12-06,9209
2801,彰銀,75,0,75,凱基-岡山,2024-12-06,9209
2429,銘旺科,49,0,49,凱基-岡山,2024-12-06,9209
00945B,凱基美國非投等債,42,0,42,凱基-岡山,2024-12-06,9209
00919,群益台灣精選高息,24,0,24,凱基-岡山,2024-12-06,9209
2367,燿華,30,7,23,凱基-岡山,2024-12-06,9209
1326,台化,21,1,20,凱基-岡山,2024-12-06,9209
00939,統一台灣高息動能,18,0,18,凱基-岡山,2024-12-06,9209
00918,大華優利高填息30,16,0,16,凱基-岡山,2024-12-06,9209
1605,華新,16,2,14,凱基-岡山,2024-12-06,9209
00962,台新AI優息動能,15,2,13,凱基-岡山,2024-12-06,9209
2354,鴻準,59,47,12,凱基-岡山,2024-12-06,9209
2344,華邦電,12,1,11,凱基-岡山,2024-12-06,9209
00916,國泰全球品牌50,10,0,10,凱基-岡山,2024-12-06,9209
2887,台新金,10,0,10,凱基-岡山,2024-12-06,9209
3005,神基,14,4,10,凱基-岡山,2024-12-06,9209
00715L,期街口布蘭特正2,9,0,9,凱基-岡山,2024-12-06,9209
1301,台塑,15,6,9,凱基-岡山,2024-12-06,9209
2002,中鋼,11,2,9,凱基-岡山,2024-12-06,9209
3202,樺晟,9,0,9,凱基-岡山,2024-12-06,9209
6962,ITH-KY,11,3,8,凱基-岡山,2024-12-06,9209
2312,金寶,11,3,8,凱基-岡山,2024-12-06,9209
3706,神達,87,79,8,凱基-岡山,2024-12-06,9209
3015,全漢,12,5,7,凱基-岡山,2024-12-06,9209
3483,力致,7,1,6,凱基-岡山,2024-12-06,9209
00915,凱基優選高股息30,11,5,6,凱基-岡山,2024-12-06,9209
00712,復華富時不動產,6,0,6,凱基-岡山,2024-12-06,9209
4729,熒茂,6,0,6,凱基-岡山,2024-12-06,9209
8027,鈦昇,6,0,6,凱基-岡山,2024-12-06,9209
8054,安國,6,0,6,凱基-岡山,2024-12-06,9209
8111,立��,16,10,6,凱基-岡山,2024-12-06,9209
00953B,群益優選非投等債,5,0,5,凱基-岡山,2024-12-06,9209
1471,首利,5,0,5,凱基-岡山,2024-12-06,9209
2012,春雨,5,0,5,凱基-岡山,2024-12-06,9209
2204,中華,5,0,5,凱基-岡山,2024-12-06,9209
2349,錸德,5,0,5,凱基-岡山,2024-12-06,9209
3022,威強電,5,0,5,凱基-岡山,2024-12-06,9209
3035,智原,7,2,5,凱基-岡山,2024-12-06,9209
3049,精金,5,0,5,凱基-岡山,2024-12-06,9209
3088,艾訊,15,10,5,凱基-岡山,2024-12-06,9209
6182,合晶,5,0,5,凱基-岡山,2024-12-06,9209
6220,岳豐,5,0,5,凱基-岡山,2024-12-06,9209
2392,正崴,5,0,5,凱基-岡山,2024-12-06,9209
3323,加百裕,5,1,4,凱基-岡山,2024-12-06,9209
1303,南亞,4,0,4,凱基-岡山,2024-12-06,9209
1513,中興電,5,1,4,凱基-岡山,2024-12-06,9209
4743,合一,5,1,4,凱基-岡山,2024-12-06,9209
00951,台新日本半導體,4,0,4,凱基-岡山,2024-12-06,9209
1229,聯華,4,0,4,凱基-岡山,2024-12-06,9209
2065,世豐,4,0,4,凱基-岡山,2024-12-06,9209
00715L,期街口布蘭特正2,76,0,76,凱基-岡山,2024-12-09,9209
2436,偉詮電,38,1,37,凱基-岡山,2024-12-09,9209
2442,新美齊,32,0,32,凱基-岡山,2024-12-09,9209
00922,國泰台灣領袖50,26,0,26,凱基-岡山,2024-12-09,9209
9105,泰金寶-DR,35,13,22,凱基-岡山,2024-12-09,9209
3005,神基,20,0,20,凱基-岡山,2024-12-09,9209
2399,映泰,128,109,19,凱基-岡山,2024-12-09,9209
1532,勤美,18,0,18,凱基-岡山,2024-12-09,9209
2615,萬海,35,18,17,凱基-岡山,2024-12-09,9209
6695,芯鼎,25,9,16,凱基-岡山,2024-12-09,9209
6901,鑽石投資,16,0,16,凱基-岡山,2024-12-09,9209
00946,群益科技高息成長,13,0,13,凱基-岡山,2024-12-09,9209
3483,力致,13,0,13,凱基-岡山,2024-12-09,9209
8261,富鼎,13,0,13,凱基-岡山,2024-12-09,9209
0056,元大高股息,12,0,12,凱基-岡山,2024-12-09,9209
2002,中鋼,13,1,12,凱基-岡山,2024-12-09,9209
4527,方土霖,12,0,12,凱基-岡山,2024-12-09,9209
00919,群益台灣精選高息,20,8,12,凱基-岡山,2024-12-09,9209
00926,凱基全球菁英55,11,0,11,凱基-岡山,2024-12-09,9209
2498,宏達電,11,0,11,凱基-岡山,2024-12-09,9209
1444,力麗,10,0,10,凱基-岡山,2024-12-09,9209
4557,永新-KY,10,0,10,凱基-岡山,2024-12-09,9209
5481,新華,10,0,10,凱基-岡山,2024-12-09,9209
2317,鴻海,10,0,10,凱基-岡山,2024-12-09,9209
2354,鴻準,22,14,8,凱基-岡山,2024-12-09,9209
5871,中租-KY,10,2,8,凱基-岡山,2024-12-09,9209
3715,定穎投控,16,8,8,凱基-岡山,2024-12-09,9209
6202,盛群,8,0,8,凱基-岡山,2024-12-09,9209
6598,ABC-KY,8,0,8,凱基-岡山,2024-12-09,9209
8358,金居,8,0,8,凱基-岡山,2024-12-09,9209
2409,友達,8,0,8,凱基-岡山,2024-12-09,9209
00951,台新日本半導體,7,0,7,凱基-岡山,2024-12-09,9209
00687B,國泰20年美債,8,1,7,凱基-岡山,2024-12-09,9209
00900,富邦特選高股息30,7,0,7,凱基-岡山,2024-12-09,9209
2328,廣宇,8,1,7,凱基-岡山,2024-12-09,9209
2303,聯電,7,0,7,凱基-岡山,2024-12-09,9209
00915,凱基優選高股息30,12,5,7,凱基-岡山,2024-12-09,9209
2449,京元電子,8,2,6,凱基-岡山,2024-12-09,9209
3003,健和興,6,0,6,凱基-岡山,2024-12-09,9209
4729,熒茂,6,0,6,凱基-岡山,2024-12-09,9209
1609,大亞,6,0,6,凱基-岡山,2024-12-09,9209
2340,台亞,6,0,6,凱基-岡山,2024-12-09,9209
00878,國泰永續高股息,5,0,5,凱基-岡山,2024-12-09,9209
1513,中興電,5,0,5,凱基-岡山,2024-12-09,9209
3264,欣銓,5,0,5,凱基-岡山,2024-12-09,9209
00916,國泰全球品牌50,5,0,5,凱基-岡山,2024-12-09,9209
00968B,元大優息投等債,5,0,5,凱基-岡山,2024-12-09,9209
2363,矽統,10,5,5,凱基-岡山,2024-12-09,9209
2462,良得電,5,0,5,凱基-岡山,2024-12-09,9209
2867,三商壽,5,0,5,凱基-岡山,2024-12-09,9209
00919,群益台灣精選高息,87,2,85,凱基-岡山,2024-12-10,9209
00918,大華優利高填息30,58,0,58,凱基-岡山,2024-12-10,9209
2883,凱基金,33,0,33,凱基-岡山,2024-12-10,9209
6257,矽格,30,0,30,凱基-岡山,2024-12-10,9209
00909,國泰數位支付服務,21,0,21,凱基-岡山,2024-12-10,9209
2354,鴻準,23,7,16,凱基-岡山,2024-12-10,9209
00937B,群益ESG投等債20,12,0,12,凱基-岡山,2024-12-10,9209
2609,陽明,85,73,12,凱基-岡山,2024-12-10,9209
6005,群益證,32,20,12,凱基-岡山,2024-12-10,9209
8104,錸寶,13,1,12,凱基-岡山,2024-12-10,9209
0056,元大高股息,11,0,11,凱基-岡山,2024-12-10,9209
2002,中鋼,13,2,11,凱基-岡山,2024-12-10,9209
2885,元大金,11,0,11,凱基-岡山,2024-12-10,9209
3706,神達,115,104,11,凱基-岡山,2024-12-10,9209
00713,元大台灣高息低波,11,0,11,凱基-岡山,2024-12-10,9209
00635U,期元大S＆P黃金,10,0,10,凱基-岡山,2024-12-10,9209
1815,富喬,12,2,10,凱基-岡山,2024-12-10,9209
6442,光聖,10,0,10,凱基-岡山,2024-12-10,9209
2317,鴻海,14,4,10,凱基-岡山,2024-12-10,9209
4991,環宇-KY,9,0,9,凱基-岡山,2024-12-10,9209
5381,合正,9,0,9,凱基-岡山,2024-12-10,9209
00715L,期街口布蘭特正2,10,2,8,凱基-岡山,2024-12-10,9209
1595,川寶,14,6,8,凱基-岡山,2024-12-10,9209
1528,恩德,7,0,7,凱基-岡山,2024-12-10,9209
2356,英業達,12,5,7,凱基-岡山,2024-12-10,9209
8027,鈦昇,6,0,6,凱基-岡山,2024-12-10,9209
00665L,富邦�琤肭磪囓�2,23,17,6,凱基-岡山,2024-12-10,9209
2883B,凱基金乙特,6,0,6,凱基-岡山,2024-12-10,9209
5371,中光電,9,3,6,凱基-岡山,2024-12-10,9209
00687B,國泰20年美債,9,3,6,凱基-岡山,2024-12-10,9209
6187,萬潤,6,1,5,凱基-岡山,2024-12-10,9209
00922,國泰台灣領袖50,5,0,5,凱基-岡山,2024-12-10,9209
1605,華新,24,19,5,凱基-岡山,2024-12-10,9209
2301,光寶科,15,10,5,凱基-岡山,2024-12-10,9209
2332,友訊,5,0,5,凱基-岡山,2024-12-10,9209
2344,華邦電,15,10,5,凱基-岡山,2024-12-10,9209
2405,輔信,5,0,5,凱基-岡山,2024-12-10,9209
3162,精確,5,0,5,凱基-岡山,2024-12-10,9209
4109,加捷生醫,5,0,5,凱基-岡山,2024-12-10,9209
6191,精成科,5,0,5,凱基-岡山,2024-12-10,9209
8074,鉅橡,5,0,5,凱基-岡山,2024-12-10,9209
2464,盟立,4,0,4,凱基-岡山,2024-12-10,9209
2392,正崴,5,1,4,凱基-岡山,2024-12-10,9209
1524,耿鼎,9,5,4,凱基-岡山,2024-12-10,9209
2038,海光,4,0,4,凱基-岡山,2024-12-10,9209
2312,金寶,5,1,4,凱基-岡山,2024-12-10,9209
3481,群創,5,1,4,凱基-岡山,2024-12-10,9209
2330,台積電,3,0,3,凱基-岡山,2024-12-10,9209
2886,兆豐金,3,0,3,凱基-岡山,2024-12-10,9209
00679B,元大美債20年,3,0,3,凱基-岡山,2024-12-10,9209
00720B,元大投資級公司債,40,0,40,凱基-岡山,2024-12-11,9209
00887,永豐中國科技50大,40,0,40,凱基-岡山,2024-12-11,9209
3005,神基,32,0,32,凱基-岡山,2024-12-11,9209
6770,力積電,31,0,31,凱基-岡山,2024-12-11,9209
2330,台積電,26,1,25,凱基-岡山,2024-12-11,9209
1532,勤美,24,0,24,凱基-岡山,2024-12-11,9209
00919,群益台灣精選高息,27,6,21,凱基-岡山,2024-12-11,9209
2845,遠東銀,20,0,20,凱基-岡山,2024-12-11,9209
2317,鴻海,22,3,19,凱基-岡山,2024-12-11,9209
3284,太普高,19,0,19,凱基-岡山,2024-12-11,9209
00878,國泰永續高股息,19,0,19,凱基-岡山,2024-12-11,9209
00918,大華優利高填息30,18,0,18,凱基-岡山,2024-12-11,9209
2303,聯電,106,90,16,凱基-岡山,2024-12-11,9209
2609,陽明,153,139,14,凱基-岡山,2024-12-11,9209
1809,中釉,13,0,13,凱基-岡山,2024-12-11,9209
4557,永新-KY,13,0,13,凱基-岡山,2024-12-11,9209
00915,凱基優選高股息30,13,0,13,凱基-岡山,2024-12-11,9209
1301,台塑,12,0,12,凱基-岡山,2024-12-11,9209
2897,王道銀行,11,0,11,凱基-岡山,2024-12-11,9209
2367,燿華,13,2,11,凱基-岡山,2024-12-11,9209
2401,凌陽,10,0,10,凱基-岡山,2024-12-11,9209
2882,國泰金,10,0,10,凱基-岡山,2024-12-11,9209
4721,美琪瑪,10,0,10,凱基-岡山,2024-12-11,9209
5880,合庫金,10,0,10,凱基-岡山,2024-12-11,9209
00665L,富邦�琤肭磪囓�2,8,0,8,凱基-岡山,2024-12-11,9209
4526,東台,8,0,8,凱基-岡山,2024-12-11,9209
8042,金山電,8,0,8,凱基-岡山,2024-12-11,9209
1447,力鵬,7,0,7,凱基-岡山,2024-12-11,9209
5871,中租-KY,7,0,7,凱基-岡山,2024-12-11,9209
8011,台通,7,0,7,凱基-岡山,2024-12-11,9209
2471,資通,7,1,6,凱基-岡山,2024-12-11,9209
4129,聯合,6,0,6,凱基-岡山,2024-12-11,9209
6016,康和證,6,0,6,凱基-岡山,2024-12-11,9209
00948B,中信優息投資級債,5,0,5,凱基-岡山,2024-12-11,9209
1515,力山,5,0,5,凱基-岡山,2024-12-11,9209
2012,春雨,5,0,5,凱基-岡山,2024-12-11,9209
2375,凱美,5,0,5,凱基-岡山,2024-12-11,9209
2414,精技,5,0,5,凱基-岡山,2024-12-11,9209
5381,合正,5,0,5,凱基-岡山,2024-12-11,9209
6182,合晶,5,0,5,凱基-岡山,2024-12-11,9209
6451,訊芯-KY,5,0,5,凱基-岡山,2024-12-11,9209
2883,凱基金,5,0,5,凱基-岡山,2024-12-11,9209
2038,海光,4,0,4,凱基-岡山,2024-12-11,9209
2353,宏��,4,0,4,凱基-岡山,2024-12-11,9209
2601,益航,4,0,4,凱基-岡山,2024-12-11,9209
3455,由田,4,0,4,凱基-岡山,2024-12-11,9209
4909,新復興,6,2,4,凱基-岡山,2024-12-11,9209
6282,康舒,4,0,4,凱基-岡山,2024-12-11,9209
2891,中信金,5,1,4,凱基-岡山,2024-12-11,9209
3017,奇鋐,10,6,4,凱基-岡山,2024-12-11,9209
00687B,國泰20年美債,52,0,52,凱基-岡山,2024-12-12,9209
1449,佳和,40,0,40,凱基-岡山,2024-12-12,9209
2303,聯電,99,72,27,凱基-岡山,2024-12-12,9209
9950,萬國通,25,0,25,凱基-岡山,2024-12-12,9209
9105,泰金寶-DR,30,6,24,凱基-岡山,2024-12-12,9209
1532,勤美,20,0,20,凱基-岡山,2024-12-12,9209
2362,藍天,20,0,20,凱基-岡山,2024-12-12,9209
00679B,元大美債20年,19,0,19,凱基-岡山,2024-12-12,9209
00937B,群益ESG投等債20,27,10,17,凱基-岡山,2024-12-12,9209
00918,大華優利高填息30,15,0,15,凱基-岡山,2024-12-12,9209
2449,京元電子,15,0,15,凱基-岡山,2024-12-12,9209
2317,鴻海,14,1,13,凱基-岡山,2024-12-12,9209
6442,光聖,12,0,12,凱基-岡山,2024-12-12,9209
00919,群益台灣精選高息,15,5,10,凱基-岡山,2024-12-12,9209
2615,萬海,11,1,10,凱基-岡山,2024-12-12,9209
2408,南亞科,10,0,10,凱基-岡山,2024-12-12,9209
3231,緯創,15,6,9,凱基-岡山,2024-12-12,9209
2374,佳能,26,18,8,凱基-岡山,2024-12-12,9209
3017,奇鋐,12,4,8,凱基-岡山,2024-12-12,9209
2002,中鋼,20,12,8,凱基-岡山,2024-12-12,9209
2883B,凱基金乙特,10,2,8,凱基-岡山,2024-12-12,9209
2609,陽明,12,6,6,凱基-岡山,2024-12-12,9209
5880,合庫金,6,0,6,凱基-岡山,2024-12-12,9209
3706,神達,18,12,6,凱基-岡山,2024-12-12,9209
4576,大銀微系統,6,0,6,凱基-岡山,2024-12-12,9209
8040,九暘,6,0,6,凱基-岡山,2024-12-12,9209
6962,ITH-KY,6,1,5,凱基-岡山,2024-12-12,9209
1815,富喬,10,5,5,凱基-岡山,2024-12-12,9209
2014,中鴻,5,0,5,凱基-岡山,2024-12-12,9209
2405,輔信,5,0,5,凱基-岡山,2024-12-12,9209
3591,艾笛森,5,0,5,凱基-岡山,2024-12-12,9209
4109,加捷生醫,5,0,5,凱基-岡山,2024-12-12,9209
4306,炎洲,5,0,5,凱基-岡山,2024-12-12,9209
5344,立衛,5,0,5,凱基-岡山,2024-12-12,9209
6548,長科*,5,0,5,凱基-岡山,2024-12-12,9209
9802,鈺齊-KY,5,0,5,凱基-岡山,2024-12-12,9209
00915,凱基優選高股息30,5,1,4,凱基-岡山,2024-12-12,9209
2885,元大金,4,0,4,凱基-岡山,2024-12-12,9209
1785,光洋科,7,3,4,凱基-岡山,2024-12-12,9209
2312,金寶,9,5,4,凱基-岡山,2024-12-12,9209
2344,華邦電,25,21,4,凱基-岡山,2024-12-12,9209
2524,京城,4,0,4,凱基-岡山,2024-12-12,9209
2543,皇昌,6,2,4,凱基-岡山,2024-12-12,9209
3630,新鉅科,4,0,4,凱基-岡山,2024-12-12,9209
4562,穎漢,4,0,4,凱基-岡山,2024-12-12,9209
5484,慧友,4,0,4,凱基-岡山,2024-12-12,9209
6488,環球晶,5,1,4,凱基-岡山,2024-12-12,9209
6757,台灣虎航,4,0,4,凱基-岡山,2024-12-12,9209
2880,華南金,4,0,4,凱基-岡山,2024-12-12,9209
2618,長榮航,5,2,3,凱基-岡山,2024-12-12,9209
00937B,群益ESG投等債20,90,0,90,凱基-岡山,2024-12-13,9209
2332,友訊,34,1,33,凱基-岡山,2024-12-13,9209
2301,光寶科,42,10,32,凱基-岡山,2024-12-13,9209
00918,大華優利高填息30,28,0,28,凱基-岡山,2024-12-13,9209
1815,富喬,31,4,27,凱基-岡山,2024-12-13,9209
00679B,元大美債20年,22,0,22,凱基-岡山,2024-12-13,9209
00688L,國泰20年美債正2,22,0,22,凱基-岡山,2024-12-13,9209
2834,臺企銀,21,0,21,凱基-岡山,2024-12-13,9209
6005,群益證,21,0,21,凱基-岡山,2024-12-13,9209
00915,凱基優選高股息30,20,1,19,凱基-岡山,2024-12-13,9209
00680L,元大美債20正2,16,0,16,凱基-岡山,2024-12-13,9209
00950B,凱基A級公司債,16,0,16,凱基-岡山,2024-12-13,9209
2884,玉山金,15,0,15,凱基-岡山,2024-12-13,9209
2303,聯電,121,107,14,凱基-岡山,2024-12-13,9209
3481,群創,14,0,14,凱基-岡山,2024-12-13,9209
00919,群益台灣精選高息,19,5,14,凱基-岡山,2024-12-13,9209
00940,元大台灣價值高息,14,1,13,凱基-岡山,2024-12-13,9209
2027,大成鋼,12,0,12,凱基-岡山,2024-12-13,9209
4129,聯合,12,0,12,凱基-岡山,2024-12-13,9209
2609,陽明,53,42,11,凱基-岡山,2024-12-13,9209
4721,美琪瑪,12,1,11,凱基-岡山,2024-12-13,9209
2353,宏��,11,0,11,凱基-岡山,2024-12-13,9209
2317,鴻海,15,5,10,凱基-岡山,2024-12-13,9209
3591,艾笛森,11,1,10,凱基-岡山,2024-12-13,9209
6016,康和證,10,0,10,凱基-岡山,2024-12-13,9209
2382,廣達,9,0,9,凱基-岡山,2024-12-13,9209
3014,聯陽,9,0,9,凱基-岡山,2024-12-13,9209
3062,建漢,10,1,9,凱基-岡山,2024-12-13,9209
00878,國泰永續高股息,9,0,9,凱基-岡山,2024-12-13,9209
8936,國統,10,2,8,凱基-岡山,2024-12-13,9209
2002,中鋼,29,21,8,凱基-岡山,2024-12-13,9209
3032,偉訓,8,0,8,凱基-岡山,2024-12-13,9209
4916,事欣科,8,0,8,凱基-岡山,2024-12-13,9209
0056,元大高股息,8,0,8,凱基-岡山,2024-12-13,9209
1808,潤隆,7,0,7,凱基-岡山,2024-12-13,9209
2351,順德,7,0,7,凱基-岡山,2024-12-13,9209
5392,能率,7,0,7,凱基-岡山,2024-12-13,9209
9904,寶成,7,0,7,凱基-岡山,2024-12-13,9209
5483,中美晶,11,4,7,凱基-岡山,2024-12-13,9209
2340,台亞,6,0,6,凱基-岡山,2024-12-13,9209
4576,大銀微系統,6,0,6,凱基-岡山,2024-12-13,9209
5398,慕康生醫,6,0,6,凱基-岡山,2024-12-13,9209
5880,合庫金,6,0,6,凱基-岡山,2024-12-13,9209
8121,越峰,6,0,6,凱基-岡山,2024-12-13,9209
4938,和碩,6,0,6,凱基-岡山,2024-12-13,9209
2883,凱基金,13,7,6,凱基-岡山,2024-12-13,9209
2328,廣宇,9,3,6,凱基-岡山,2024-12-13,9209
1904,正隆,5,0,5,凱基-岡山,2024-12-13,9209
00951,台新日本半導體,5,0,5,凱基-岡山,2024-12-13,9209
1503,士電,6,1,5,凱基-岡山,2024-12-13,9209
00937B,群益ESG投等債20,128,0,128,凱基-岡山,2024-12-16,9209
00878,國泰永續高股息,88,4,84,凱基-岡山,2024-12-16,9209
00919,群益台灣精選高息,82,7,75,凱基-岡山,2024-12-16,9209
00918,大華優利高填息30,68,7,61,凱基-岡山,2024-12-16,9209
3005,神基,44,1,43,凱基-岡山,2024-12-16,9209
2002,中鋼,36,0,36,凱基-岡山,2024-12-16,9209
3481,群創,33,2,31,凱基-岡山,2024-12-16,9209
9105,泰金寶-DR,36,7,29,凱基-岡山,2024-12-16,9209
00673R,期元大S＆P原油反1,28,0,28,凱基-岡山,2024-12-16,9209
00680L,元大美債20正2,49,24,25,凱基-岡山,2024-12-16,9209
00939,統一台灣高息動能,25,2,23,凱基-岡山,2024-12-16,9209
3231,緯創,22,1,21,凱基-岡山,2024-12-16,9209
2317,鴻海,25,6,19,凱基-岡山,2024-12-16,9209
2884,玉山金,18,0,18,凱基-岡山,2024-12-16,9209
00679B,元大美債20年,17,0,17,凱基-岡山,2024-12-16,9209
2609,陽明,32,16,16,凱基-岡山,2024-12-16,9209
00926,凱基全球菁英55,16,0,16,凱基-岡山,2024-12-16,9209
8444,綠河-KY,14,0,14,凱基-岡山,2024-12-16,9209
00687B,國泰20年美債,19,5,14,凱基-岡山,2024-12-16,9209
2613,中櫃,12,0,12,凱基-岡山,2024-12-16,9209
3450,聯鈞,42,31,11,凱基-岡山,2024-12-16,9209
3711,日月光投控,11,0,11,凱基-岡山,2024-12-16,9209
00665L,富邦�琤肭磪囓�2,10,0,10,凱基-岡山,2024-12-16,9209
5439,高技,10,1,9,凱基-岡山,2024-12-16,9209
00945B,凱基美國非投等債,20,12,8,凱基-岡山,2024-12-16,9209
2542,興富發,11,2,9,凱基-岡山,2024-12-16,9209
00887,永豐中國科技50大,8,0,8,凱基-岡山,2024-12-16,9209
2344,華邦電,20,12,8,凱基-岡山,2024-12-16,9209
8482,商億-KY,8,0,8,凱基-岡山,2024-12-16,9209
8111,立��,8,1,7,凱基-岡山,2024-12-16,9209
8936,國統,6,0,6,凱基-岡山,2024-12-16,9209
2615,萬海,6,0,6,凱基-岡山,2024-12-16,9209
2603,長榮,5,0,5,凱基-岡山,2024-12-16,9209
3037,欣興,6,1,5,凱基-岡山,2024-12-16,9209
00916,國泰全球品牌50,5,0,5,凱基-岡山,2024-12-16,9209
00952,凱基台灣AI50,5,0,5,凱基-岡山,2024-12-16,9209
1304,台聚,5,0,5,凱基-岡山,2024-12-16,9209
2362,藍天,5,0,5,凱基-岡山,2024-12-16,9209
2405,輔信,5,0,5,凱基-岡山,2024-12-16,9209
3029,零壹,8,3,5,凱基-岡山,2024-12-16,9209
5381,合正,5,0,5,凱基-岡山,2024-12-16,9209
6125,廣運,5,0,5,凱基-岡山,2024-12-16,9209
6213,聯茂,6,1,5,凱基-岡山,2024-12-16,9209
6235,華孚,5,0,5,凱基-岡山,2024-12-16,9209
2027,大成鋼,4,0,4,凱基-岡山,2024-12-16,9209
2382,廣達,6,2,4,凱基-岡山,2024-12-16,9209
6187,萬潤,5,1,4,凱基-岡山,2024-12-16,9209
1314,中石化,4,0,4,凱基-岡山,2024-12-16,9209
2345,智邦,4,0,4,凱基-岡山,2024-12-16,9209
2353,宏��,4,0,4,凱基-岡山,2024-12-16,9209
2374,佳能,178,63,115,凱基-岡山,2024-12-17,9209
2883,凱基金,111,0,111,凱基-岡山,2024-12-17,9209
00918,大華優利高填息30,64,0,64,凱基-岡山,2024-12-17,9209
2884,玉山金,64,1,63,凱基-岡山,2024-12-17,9209
00922,國泰台灣領袖50,54,3,51,凱基-岡山,2024-12-17,9209
00713,元大台灣高息低波,52,1,51,凱基-岡山,2024-12-17,9209
00937B,群益ESG投等債20,42,0,42,凱基-岡山,2024-12-17,9209
5439,高技,43,1,42,凱基-岡山,2024-12-17,9209
2303,聯電,134,103,31,凱基-岡山,2024-12-17,9209
00915,凱基優選高股息30,30,0,30,凱基-岡山,2024-12-17,9209
2409,友達,28,0,28,凱基-岡山,2024-12-17,9209
2882,國泰金,25,0,25,凱基-岡山,2024-12-17,9209
2363,矽統,28,3,25,凱基-岡山,2024-12-17,9209
2834,臺企銀,23,0,23,凱基-岡山,2024-12-17,9209
00948B,中信優息投資級債,20,0,20,凱基-岡山,2024-12-17,9209
2365,昆盈,31,13,18,凱基-岡山,2024-12-17,9209
8444,綠河-KY,15,0,15,凱基-岡山,2024-12-17,9209
00919,群益台灣精選高息,27,12,15,凱基-岡山,2024-12-17,9209
0056,元大高股息,14,0,14,凱基-岡山,2024-12-17,9209
00951,台新日本半導體,13,0,13,凱基-岡山,2024-12-17,9209
4510,高鋒,13,1,12,凱基-岡山,2024-12-17,9209
1815,富喬,15,3,12,凱基-岡山,2024-12-17,9209
2312,金寶,13,1,12,凱基-岡山,2024-12-17,9209
9945,潤泰新,11,0,11,凱基-岡山,2024-12-17,9209
3037,欣興,10,0,10,凱基-岡山,2024-12-17,9209
2809,京城銀,10,0,10,凱基-岡山,2024-12-17,9209
3481,群創,12,2,10,凱基-岡山,2024-12-17,9209
2449,京元電子,13,3,10,凱基-岡山,2024-12-17,9209
00757,統一FANG+,10,0,10,凱基-岡山,2024-12-17,9209
1618,合機,8,0,8,凱基-岡山,2024-12-17,9209
2317,鴻海,12,4,8,凱基-岡山,2024-12-17,9209
00687B,國泰20年美債,7,0,7,凱基-岡山,2024-12-17,9209
8042,金山電,8,1,7,凱基-岡山,2024-12-17,9209
9924,福興,7,0,7,凱基-岡山,2024-12-17,9209
3303,岱稜,6,0,6,凱基-岡山,2024-12-17,9209
3706,神達,10,4,6,凱基-岡山,2024-12-17,9209
00688L,國泰20年美債正2,6,0,6,凱基-岡山,2024-12-17,9209
00720B,元大投資級公司債,5,0,5,凱基-岡山,2024-12-17,9209
00916,國泰全球品牌50,5,0,5,凱基-岡山,2024-12-17,9209
00911,兆豐洲際半導體,5,0,5,凱基-岡山,2024-12-17,9209
00902,中信電池及儲能,5,0,5,凱基-岡山,2024-12-17,9209
00900,富邦特選高股息30,5,0,5,凱基-岡山,2024-12-17,9209
00965,元大航太防衛科技,5,0,5,凱基-岡山,2024-12-17,9209
2388,威盛,5,0,5,凱基-岡山,2024-12-17,9209
2606,裕民,10,5,5,凱基-岡山,2024-12-17,9209
8074,鉅橡,5,0,5,凱基-岡山,2024-12-17,9209
1301,台塑,4,0,4,凱基-岡山,2024-12-17,9209
2027,大成鋼,4,0,4,凱基-岡山,2024-12-17,9209
00646,元大S＆P500,4,0,4,凱基-岡山,2024-12-17,9209
6213,聯茂,4,0,4,凱基-岡山,2024-12-17,9209
00937B,群益ESG投等債20,47,0,47,凱基-岡山,2024-12-18,9209
00878,國泰永續高股息,43,1,42,凱基-岡山,2024-12-18,9209
00918,大華優利高填息30,39,1,38,凱基-岡山,2024-12-18,9209
0056,元大高股息,33,1,32,凱基-岡山,2024-12-18,9209
00950B,凱基A級公司債,30,0,30,凱基-岡山,2024-12-18,9209
3041,揚智,31,1,30,凱基-岡山,2024-12-18,9209
3481,群創,22,2,20,凱基-岡山,2024-12-18,9209
2408,南亞科,18,2,16,凱基-岡山,2024-12-18,9209
00712,復華富時不動產,11,0,11,凱基-岡山,2024-12-18,9209
1304,台聚,11,0,11,凱基-岡山,2024-12-18,9209
3380,明泰,17,6,11,凱基-岡山,2024-12-18,9209
9105,泰金寶-DR,16,5,11,凱基-岡山,2024-12-18,9209
2609,陽明,13,3,10,凱基-岡山,2024-12-18,9209
00946,群益科技高息成長,10,0,10,凱基-岡山,2024-12-18,9209
00907,永豐優息存股,10,0,10,凱基-岡山,2024-12-18,9209
4109,加捷生醫,10,0,10,凱基-岡山,2024-12-18,9209
6142,友勁,10,0,10,凱基-岡山,2024-12-18,9209
8070,長華*,10,0,10,凱基-岡山,2024-12-18,9209
8444,綠河-KY,10,0,10,凱基-岡山,2024-12-18,9209
2344,華邦電,10,1,9,凱基-岡山,2024-12-18,9209
3062,建漢,10,1,9,凱基-岡山,2024-12-18,9209
5703,亞都,9,0,9,凱基-岡山,2024-12-18,9209
2317,鴻海,9,1,8,凱基-岡山,2024-12-18,9209
00919,群益台灣精選高息,10,2,8,凱基-岡山,2024-12-18,9209
2409,友達,9,3,6,凱基-岡山,2024-12-18,9209
00965,元大航太防衛科技,6,0,6,凱基-岡山,2024-12-18,9209
1802,台玻,6,0,6,凱基-岡山,2024-12-18,9209
5351,鈺創,7,1,6,凱基-岡山,2024-12-18,9209
3484,崧騰,5,0,5,凱基-岡山,2024-12-18,9209
4127,天良,5,0,5,凱基-岡山,2024-12-18,9209
4543,萬在,5,0,5,凱基-岡山,2024-12-18,9209
6187,萬潤,6,1,5,凱基-岡山,2024-12-18,9209
6550,北極星藥業-KY,5,0,5,凱基-岡山,2024-12-18,9209
6708,天擎,5,0,5,凱基-岡山,2024-12-18,9209
9904,寶成,5,0,5,凱基-岡山,2024-12-18,9209
3689,湧德,10,5,5,凱基-岡山,2024-12-18,9209
3231,緯創,15,11,4,凱基-岡山,2024-12-18,9209
2610,華航,4,0,4,凱基-岡山,2024-12-18,9209
2364,倫飛,4,0,4,凱基-岡山,2024-12-18,9209
3607,谷崧,4,0,4,凱基-岡山,2024-12-18,9209
5269,祥碩,7,3,4,凱基-岡山,2024-12-18,9209
2812,台中銀,3,0,3,凱基-岡山,2024-12-18,9209
2891,中信金,3,0,3,凱基-岡山,2024-12-18,9209
4510,高鋒,3,0,3,凱基-岡山,2024-12-18,9209
00715L,期街口布蘭特正2,6,3,3,凱基-岡山,2024-12-18,9209
1303,南亞,3,0,3,凱基-岡山,2024-12-18,9209
1563,巧新,3,0,3,凱基-岡山,2024-12-18,9209
1717,長興,3,0,3,凱基-岡山,2024-12-18,9209
2312,金寶,68,65,3,凱基-岡山,2024-12-18,9209
2367,燿華,5,2,3,凱基-岡山,2024-12-18,9209
2883,凱基金,436,323,113,凱基-岡山,2024-12-19,9209
00712,復華富時不動產,96,5,91,凱基-岡山,2024-12-19,9209
2303,聯電,93,6,87,凱基-岡山,2024-12-19,9209
00937B,群益ESG投等債20,53,0,53,凱基-岡山,2024-12-19,9209
00918,大華優利高填息30,44,0,44,凱基-岡山,2024-12-19,9209
00922,國泰台灣領袖50,43,0,43,凱基-岡山,2024-12-19,9209
2891,中信金,44,3,41,凱基-岡山,2024-12-19,9209
00919,群益台灣精選高息,89,56,33,凱基-岡山,2024-12-19,9209
2609,陽明,52,19,33,凱基-岡山,2024-12-19,9209
00950B,凱基A級公司債,32,0,32,凱基-岡山,2024-12-19,9209
2880,華南金,25,0,25,凱基-岡山,2024-12-19,9209
8249,菱光,50,27,23,凱基-岡山,2024-12-19,9209
1326,台化,22,0,22,凱基-岡山,2024-12-19,9209
2734,易飛網,22,0,22,凱基-岡山,2024-12-19,9209
00878,國泰永續高股息,22,0,22,凱基-岡山,2024-12-19,9209
00939,統一台灣高息動能,20,0,20,凱基-岡山,2024-12-19,9209
00673R,期元大S＆P原油反1,20,0,20,凱基-岡山,2024-12-19,9209
1514,亞力,20,0,20,凱基-岡山,2024-12-19,9209
00968B,元大優息投等債,19,0,19,凱基-岡山,2024-12-19,9209
0056,元大高股息,19,1,18,凱基-岡山,2024-12-19,9209
2014,中鴻,18,0,18,凱基-岡山,2024-12-19,9209
8444,綠河-KY,18,0,18,凱基-岡山,2024-12-19,9209
1449,佳和,16,0,16,凱基-岡山,2024-12-19,9209
2606,裕民,20,4,16,凱基-岡山,2024-12-19,9209
2344,華邦電,15,2,13,凱基-岡山,2024-12-19,9209
3706,神達,14,2,12,凱基-岡山,2024-12-19,9209
4534,慶騰,15,3,12,凱基-岡山,2024-12-19,9209
2363,矽統,11,0,11,凱基-岡山,2024-12-19,9209
2834,臺企銀,14,3,11,凱基-岡山,2024-12-19,9209
1815,富喬,12,1,11,凱基-岡山,2024-12-19,9209
1436,華友聯,10,0,10,凱基-岡山,2024-12-19,9209
1723,中碳,10,0,10,凱基-岡山,2024-12-19,9209
6244,茂迪,10,0,10,凱基-岡山,2024-12-19,9209
6770,力積電,10,0,10,凱基-岡山,2024-12-19,9209
2317,鴻海,17,7,10,凱基-岡山,2024-12-19,9209
4931,新盛力,25,16,9,凱基-岡山,2024-12-19,9209
3481,群創,9,0,9,凱基-岡山,2024-12-19,9209
00687B,國泰20年美債,9,0,9,凱基-岡山,2024-12-19,9209
00940,元大台灣價值高息,8,1,7,凱基-岡山,2024-12-19,9209
00915,凱基優選高股息30,7,0,7,凱基-岡山,2024-12-19,9209
4533,協易機,8,2,6,凱基-岡山,2024-12-19,9209
9105,泰金寶-DR,15,9,6,凱基-岡山,2024-12-19,9209
4583,台灣精銳,6,0,6,凱基-岡山,2024-12-19,9209
2884,玉山金,205,200,5,凱基-岡山,2024-12-19,9209
2330,台積電,5,0,5,凱基-岡山,2024-12-19,9209
2408,南亞科,5,0,5,凱基-岡山,2024-12-19,9209
00953B,群益優選非投等債,5,0,5,凱基-岡山,2024-12-19,9209
9945,潤泰新,5,0,5,凱基-岡山,2024-12-19,9209
00941,中信上游半導體,5,0,5,凱基-岡山,2024-12-19,9209
00969B,元大零息超長美債,5,0,5,凱基-岡山,2024-12-19,9209
