Ticker,Name,buy,sell,diff,Branch,Date,Branch_Code
4106,雃博,95,0,95,凱基-虎尾,2023-01-03,9236
00679B,元大美債20年,50,0,50,凱基-虎尾,2023-01-03,9236
2465,麗臺,30,0,30,凱基-虎尾,2023-01-03,9236
1513,中興電,47,22,25,凱基-虎尾,2023-01-03,9236
00878,國泰永續高股息,17,0,17,凱基-虎尾,2023-01-03,9236
2498,宏達電,43,26,17,凱基-虎尾,2023-01-03,9236
5227,立凱-KY,15,0,15,凱基-虎尾,2023-01-03,9236
6143,振曜,15,0,15,凱基-虎尾,2023-01-03,9236
2609,陽明,114,100,14,凱基-虎尾,2023-01-03,9236
2603,長榮,13,1,12,凱基-虎尾,2023-01-03,9236
5483,中美晶,12,1,11,凱基-虎尾,2023-01-03,9236
00738U,期元大道瓊白銀,10,0,10,凱基-虎尾,2023-01-03,9236
00692,富邦公司治理,10,0,10,凱基-虎尾,2023-01-03,9236
1731,美吾華,10,0,10,凱基-虎尾,2023-01-03,9236
3705,永信,10,0,10,凱基-虎尾,2023-01-03,9236
4121,優盛,10,0,10,凱基-虎尾,2023-01-03,9236
6150,撼訊,10,0,10,凱基-虎尾,2023-01-03,9236
4979,華星光,9,0,9,凱基-虎尾,2023-01-03,9236
1605,華新,64,56,8,凱基-虎尾,2023-01-03,9236
1312,國喬,7,0,7,凱基-虎尾,2023-01-03,9236
3083,網龍,8,1,7,凱基-虎尾,2023-01-03,9236
00920,富邦ESG綠色電力,6,0,6,凱基-虎尾,2023-01-03,9236
1795,美時,166,161,5,凱基-虎尾,2023-01-03,9236
4961,天鈺,13,8,5,凱基-虎尾,2023-01-03,9236
2542,興富發,5,0,5,凱基-虎尾,2023-01-03,9236
00712,復華富時不動產,4,0,4,凱基-虎尾,2023-01-03,9236
00670L,富邦NASDAQ正2,4,0,4,凱基-虎尾,2023-01-03,9236
2915,潤泰全,4,0,4,凱基-虎尾,2023-01-03,9236
3047,訊舟,4,0,4,凱基-虎尾,2023-01-03,9236
3682,亞太電,4,0,4,凱基-虎尾,2023-01-03,9236
4167,松瑞藥,16,12,4,凱基-虎尾,2023-01-03,9236
6234,高僑,4,0,4,凱基-虎尾,2023-01-03,9236
0050,元大台灣50,4,0,4,凱基-虎尾,2023-01-03,9236
2882,國泰金,3,0,3,凱基-虎尾,2023-01-03,9236
1417,嘉裕,4,1,3,凱基-虎尾,2023-01-03,9236
00637L,元大滬深300正2,3,0,3,凱基-虎尾,2023-01-03,9236
2201,裕隆,9,6,3,凱基-虎尾,2023-01-03,9236
2331,精英,3,0,3,凱基-虎尾,2023-01-03,9236
2867,三商壽,13,10,3,凱基-虎尾,2023-01-03,9236
2885,元大金,3,0,3,凱基-虎尾,2023-01-03,9236
2886,兆豐金,3,0,3,凱基-虎尾,2023-01-03,9236
3189,景碩,4,1,3,凱基-虎尾,2023-01-03,9236
4127,天良,5,2,3,凱基-虎尾,2023-01-03,9236
6548,長科*,3,0,3,凱基-虎尾,2023-01-03,9236
8436,大江,5,2,3,凱基-虎尾,2023-01-03,9236
9904,寶成,3,0,3,凱基-虎尾,2023-01-03,9236
2881,富邦金,12,10,2,凱基-虎尾,2023-01-03,9236
0056,元大高股息,3,1,2,凱基-虎尾,2023-01-03,9236
3481,群創,5,3,2,凱基-虎尾,2023-01-03,9236
00720B,元大投資級公司債,2,0,2,凱基-虎尾,2023-01-03,9236
00679B,元大美債20年,360,0,360,凱基-虎尾,2023-01-04,9236
4106,雃博,155,0,155,凱基-虎尾,2023-01-04,9236
3714,富采,54,0,54,凱基-虎尾,2023-01-04,9236
2406,國碩,62,21,41,凱基-虎尾,2023-01-04,9236
1529,樂事綠能,37,6,31,凱基-虎尾,2023-01-04,9236
6244,茂迪,22,0,22,凱基-虎尾,2023-01-04,9236
1909,榮成,33,12,21,凱基-虎尾,2023-01-04,9236
00632R,元大台灣50反1,20,0,20,凱基-虎尾,2023-01-04,9236
4989,榮科,20,0,20,凱基-虎尾,2023-01-04,9236
4129,聯合,19,0,19,凱基-虎尾,2023-01-04,9236
6441,廣錠,19,0,19,凱基-虎尾,2023-01-04,9236
6442,光聖,18,0,18,凱基-虎尾,2023-01-04,9236
00893,國泰智能電動車,17,0,17,凱基-虎尾,2023-01-04,9236
6111,大宇資,17,1,16,凱基-虎尾,2023-01-04,9236
00715L,期街口布蘭特正2,17,4,13,凱基-虎尾,2023-01-04,9236
2317,鴻海,12,0,12,凱基-虎尾,2023-01-04,9236
2002,中鋼,13,1,12,凱基-虎尾,2023-01-04,9236
3083,網龍,20,9,11,凱基-虎尾,2023-01-04,9236
6274,台燿,11,0,11,凱基-虎尾,2023-01-04,9236
6806,森崴能源,17,6,11,凱基-虎尾,2023-01-04,9236
8033,雷虎,12,1,11,凱基-虎尾,2023-01-04,9236
00635U,期元大S＆P黃金,10,0,10,凱基-虎尾,2023-01-04,9236
1605,華新,39,29,10,凱基-虎尾,2023-01-04,9236
2610,華航,11,1,10,凱基-虎尾,2023-01-04,9236
3479,安勤,13,3,10,凱基-虎尾,2023-01-04,9236
4532,瑞智,10,0,10,凱基-虎尾,2023-01-04,9236
5905,南仁湖,10,0,10,凱基-虎尾,2023-01-04,9236
6235,華孚,21,11,10,凱基-虎尾,2023-01-04,9236
3027,盛達,25,16,9,凱基-虎尾,2023-01-04,9236
6477,安集,9,0,9,凱基-虎尾,2023-01-04,9236
4167,松瑞藥,12,4,8,凱基-虎尾,2023-01-04,9236
1701,中化,14,7,7,凱基-虎尾,2023-01-04,9236
2609,陽明,6,0,6,凱基-虎尾,2023-01-04,9236
1618,合機,6,0,6,凱基-虎尾,2023-01-04,9236
3701,大眾控,6,0,6,凱基-虎尾,2023-01-04,9236
00903,富邦元宇宙,5,0,5,凱基-虎尾,2023-01-04,9236
00751B,元大AAA至A公司債,5,0,5,凱基-虎尾,2023-01-04,9236
00692,富邦公司治理,5,0,5,凱基-虎尾,2023-01-04,9236
4173,久裕,5,0,5,凱基-虎尾,2023-01-04,9236
6488,環球晶,5,0,5,凱基-虎尾,2023-01-04,9236
2363,矽統,4,0,4,凱基-虎尾,2023-01-04,9236
2538,基泰,4,0,4,凱基-虎尾,2023-01-04,9236
4127,天良,5,1,4,凱基-虎尾,2023-01-04,9236
2884,玉山金,4,0,4,凱基-虎尾,2023-01-04,9236
00641R,富邦日本反1,3,0,3,凱基-虎尾,2023-01-04,9236
1736,喬山,3,0,3,凱基-虎尾,2023-01-04,9236
2204,中華,3,0,3,凱基-虎尾,2023-01-04,9236
2614,東森,3,0,3,凱基-虎尾,2023-01-04,9236
2641,正德,3,0,3,凱基-虎尾,2023-01-04,9236
5227,立凱-KY,3,0,3,凱基-虎尾,2023-01-04,9236
2884,玉山金,1000,703,297,凱基-虎尾,2023-01-05,9236
1101,台泥,117,1,116,凱基-虎尾,2023-01-05,9236
00715L,期街口布蘭特正2,37,1,36,凱基-虎尾,2023-01-05,9236
2465,麗臺,35,0,35,凱基-虎尾,2023-01-05,9236
1319,東陽,30,0,30,凱基-虎尾,2023-01-05,9236
1513,中興電,57,28,29,凱基-虎尾,2023-01-05,9236
2731,雄獅,22,0,22,凱基-虎尾,2023-01-05,9236
1701,中化,20,0,20,凱基-虎尾,2023-01-05,9236
3027,盛達,21,2,19,凱基-虎尾,2023-01-05,9236
00893,國泰智能電動車,24,12,12,凱基-虎尾,2023-01-05,9236
3037,欣興,29,18,11,凱基-虎尾,2023-01-05,9236
6274,台燿,18,7,11,凱基-虎尾,2023-01-05,9236
1905,華紙,10,0,10,凱基-虎尾,2023-01-05,9236
00673R,期元大S＆P原油反1,10,0,10,凱基-虎尾,2023-01-05,9236
00900,富邦特選高股息30,10,0,10,凱基-虎尾,2023-01-05,9236
2312,金寶,10,0,10,凱基-虎尾,2023-01-05,9236
00882,中信中國高股息,9,1,8,凱基-虎尾,2023-01-05,9236
4968,立積,20,12,8,凱基-虎尾,2023-01-05,9236
1504,東元,8,1,7,凱基-虎尾,2023-01-05,9236
00753L,中信中國50正2,9,2,7,凱基-虎尾,2023-01-05,9236
3163,波若威,7,0,7,凱基-虎尾,2023-01-05,9236
6111,大宇資,21,15,6,凱基-虎尾,2023-01-05,9236
00632R,元大台灣50反1,21,15,6,凱基-虎尾,2023-01-05,9236
4114,健喬,7,1,6,凱基-虎尾,2023-01-05,9236
8255,朋程,6,0,6,凱基-虎尾,2023-01-05,9236
00635U,期元大S＆P黃金,5,0,5,凱基-虎尾,2023-01-05,9236
00878,國泰永續高股息,5,0,5,凱基-虎尾,2023-01-05,9236
2462,良得電,5,0,5,凱基-虎尾,2023-01-05,9236
2485,兆赫,5,0,5,凱基-虎尾,2023-01-05,9236
2486,一詮,5,0,5,凱基-虎尾,2023-01-05,9236
4768,晶呈科技,5,0,5,凱基-虎尾,2023-01-05,9236
6015,宏遠證,5,0,5,凱基-虎尾,2023-01-05,9236
9945,潤泰新,5,0,5,凱基-虎尾,2023-01-05,9236
1599,宏佳騰,4,0,4,凱基-虎尾,2023-01-05,9236
2482,連宇,13,9,4,凱基-虎尾,2023-01-05,9236
2634,漢翔,4,0,4,凱基-虎尾,2023-01-05,9236
3545,敦泰,5,1,4,凱基-虎尾,2023-01-05,9236
4906,正文,4,0,4,凱基-虎尾,2023-01-05,9236
8069,元太,6,3,3,凱基-虎尾,2023-01-05,9236
1441,大東,3,0,3,凱基-虎尾,2023-01-05,9236
00642U,期元大S＆P石油,3,0,3,凱基-虎尾,2023-01-05,9236
2615,萬海,7,4,3,凱基-虎尾,2023-01-05,9236
3466,德晉,3,0,3,凱基-虎尾,2023-01-05,9236
8222,寶一,16,13,3,凱基-虎尾,2023-01-05,9236
1785,光洋科,2,0,2,凱基-虎尾,2023-01-05,9236
1710,東聯,2,0,2,凱基-虎尾,2023-01-05,9236
2419,仲琦,6,4,2,凱基-虎尾,2023-01-05,9236
2929,淘帝-KY,4,2,2,凱基-虎尾,2023-01-05,9236
3014,聯陽,2,0,2,凱基-虎尾,2023-01-05,9236
3443,創意,2,0,2,凱基-虎尾,2023-01-05,9236
00632R,元大台灣50反1,92,0,92,凱基-虎尾,2023-01-06,9236
3481,群創,98,13,85,凱基-虎尾,2023-01-06,9236
2409,友達,68,20,48,凱基-虎尾,2023-01-06,9236
3027,盛達,30,0,30,凱基-虎尾,2023-01-06,9236
1605,華新,67,41,26,凱基-虎尾,2023-01-06,9236
1609,大亞,21,0,21,凱基-虎尾,2023-01-06,9236
3083,網龍,23,2,21,凱基-虎尾,2023-01-06,9236
1760,寶齡富錦,20,0,20,凱基-虎尾,2023-01-06,9236
2303,聯電,35,20,15,凱基-虎尾,2023-01-06,9236
6139,亞翔,18,3,15,凱基-虎尾,2023-01-06,9236
6834,天二科技,15,0,15,凱基-虎尾,2023-01-06,9236
2317,鴻海,13,1,12,凱基-虎尾,2023-01-06,9236
2332,友訊,12,1,11,凱基-虎尾,2023-01-06,9236
6133,金橋,11,0,11,凱基-虎尾,2023-01-06,9236
6770,力積電,13,2,11,凱基-虎尾,2023-01-06,9236
8069,元太,15,4,11,凱基-虎尾,2023-01-06,9236
3228,金麗科,11,1,10,凱基-虎尾,2023-01-06,9236
2402,毅嘉,10,0,10,凱基-虎尾,2023-01-06,9236
2884,玉山金,10,0,10,凱基-虎尾,2023-01-06,9236
4563,百德,10,0,10,凱基-虎尾,2023-01-06,9236
4114,健喬,51,41,10,凱基-虎尾,2023-01-06,9236
3558,神準,21,12,9,凱基-虎尾,2023-01-06,9236
3189,景碩,11,3,8,凱基-虎尾,2023-01-06,9236
4961,天鈺,25,17,8,凱基-虎尾,2023-01-06,9236
8358,金居,13,5,8,凱基-虎尾,2023-01-06,9236
1752,南光,76,68,8,凱基-虎尾,2023-01-06,9236
2359,所羅門,8,1,7,凱基-虎尾,2023-01-06,9236
2379,瑞昱,7,0,7,凱基-虎尾,2023-01-06,9236
6550,北極星藥業-KY,8,1,7,凱基-虎尾,2023-01-06,9236
2637,慧洋-KY,10,3,7,凱基-虎尾,2023-01-06,9236
8046,南電,8,2,6,凱基-虎尾,2023-01-06,9236
1783,和康生,17,11,6,凱基-虎尾,2023-01-06,9236
2705,六福,6,0,6,凱基-虎尾,2023-01-06,9236
4931,新盛力,6,0,6,凱基-虎尾,2023-01-06,9236
6220,岳豐,6,0,6,凱基-虎尾,2023-01-06,9236
1467,南緯,5,0,5,凱基-虎尾,2023-01-06,9236
00902,中信電池及儲能,5,0,5,凱基-虎尾,2023-01-06,9236
2482,連宇,12,7,5,凱基-虎尾,2023-01-06,9236
3545,敦泰,5,0,5,凱基-虎尾,2023-01-06,9236
8038,長園科,5,0,5,凱基-虎尾,2023-01-06,9236
00637L,元大滬深300正2,4,0,4,凱基-虎尾,2023-01-06,9236
00715L,期街口布蘭特正2,6,2,4,凱基-虎尾,2023-01-06,9236
1319,東陽,4,0,4,凱基-虎尾,2023-01-06,9236
2014,中鴻,5,1,4,凱基-虎尾,2023-01-06,9236
2201,裕隆,26,22,4,凱基-虎尾,2023-01-06,9236
2338,光罩,4,0,4,凱基-虎尾,2023-01-06,9236
3466,德晉,4,0,4,凱基-虎尾,2023-01-06,9236
6116,彩晶,4,0,4,凱基-虎尾,2023-01-06,9236
6505,台塑化,4,0,4,凱基-虎尾,2023-01-06,9236
2330,台積電,4,1,3,凱基-虎尾,2023-01-06,9236
00632R,元大台灣50反1,183,0,183,凱基-虎尾,2023-01-09,9236
1514,亞力,60,10,50,凱基-虎尾,2023-01-09,9236
6443,元晶,33,2,31,凱基-虎尾,2023-01-09,9236
2317,鴻海,25,3,22,凱基-虎尾,2023-01-09,9236
2603,長榮,20,1,19,凱基-虎尾,2023-01-09,9236
6215,和椿,21,2,19,凱基-虎尾,2023-01-09,9236
1529,樂事綠能,16,0,16,凱基-虎尾,2023-01-09,9236
6133,金橋,45,29,16,凱基-虎尾,2023-01-09,9236
1304,台聚,15,0,15,凱基-虎尾,2023-01-09,9236
2009,第一銅,12,0,12,凱基-虎尾,2023-01-09,9236
2201,裕隆,40,28,12,凱基-虎尾,2023-01-09,9236
3714,富采,10,0,10,凱基-虎尾,2023-01-09,9236
3128,昇銳,11,2,9,凱基-虎尾,2023-01-09,9236
6282,康舒,10,1,9,凱基-虎尾,2023-01-09,9236
5015,華祺,8,0,8,凱基-虎尾,2023-01-09,9236
6509,聚和,10,2,8,凱基-虎尾,2023-01-09,9236
2929,淘帝-KY,7,0,7,凱基-虎尾,2023-01-09,9236
3083,網龍,12,5,7,凱基-虎尾,2023-01-09,9236
3624,光頡,7,0,7,凱基-虎尾,2023-01-09,9236
3037,欣興,23,16,7,凱基-虎尾,2023-01-09,9236
4931,新盛力,6,0,6,凱基-虎尾,2023-01-09,9236
5425,台半,7,1,6,凱基-虎尾,2023-01-09,9236
00641R,富邦日本反1,5,0,5,凱基-虎尾,2023-01-09,9236
1795,美時,9,4,5,凱基-虎尾,2023-01-09,9236
2368,金像電,7,2,5,凱基-虎尾,2023-01-09,9236
3305,昇貿,5,0,5,凱基-虎尾,2023-01-09,9236
6205,詮欣,6,1,5,凱基-虎尾,2023-01-09,9236
4162,智擎,6,1,5,凱基-虎尾,2023-01-09,9236
9945,潤泰新,5,0,5,凱基-虎尾,2023-01-09,9236
1522,堤維西,5,1,4,凱基-虎尾,2023-01-09,9236
1417,嘉裕,5,1,4,凱基-虎尾,2023-01-09,9236
00920,富邦ESG綠色電力,4,0,4,凱基-虎尾,2023-01-09,9236
00652,富邦印度,4,0,4,凱基-虎尾,2023-01-09,9236
2323,中環,4,0,4,凱基-虎尾,2023-01-09,9236
2419,仲琦,6,2,4,凱基-虎尾,2023-01-09,9236
2481,強茂,8,4,4,凱基-虎尾,2023-01-09,9236
3030,德律,4,0,4,凱基-虎尾,2023-01-09,9236
3289,宜特,4,0,4,凱基-虎尾,2023-01-09,9236
4919,新唐,8,4,4,凱基-虎尾,2023-01-09,9236
6104,創惟,4,0,4,凱基-虎尾,2023-01-09,9236
6643,M31,7,3,4,凱基-虎尾,2023-01-09,9236
6706,惠特,5,1,4,凱基-虎尾,2023-01-09,9236
8289,泰藝,5,1,4,凱基-虎尾,2023-01-09,9236
9958,世紀鋼,4,0,4,凱基-虎尾,2023-01-09,9236
6472,保瑞,5,2,3,凱基-虎尾,2023-01-09,9236
2383,台光電,3,0,3,凱基-虎尾,2023-01-09,9236
3038,全台,3,0,3,凱基-虎尾,2023-01-09,9236
3272,東碩,3,0,3,凱基-虎尾,2023-01-09,9236
3592,瑞鼎,4,1,3,凱基-虎尾,2023-01-09,9236
4958,臻鼎-KY,3,0,3,凱基-虎尾,2023-01-09,9236
00632R,元大台灣50反1,33,0,33,凱基-虎尾,2023-01-10,9236
2883,凱基金,40,11,29,凱基-虎尾,2023-01-10,9236
00679B,元大美債20年,28,0,28,凱基-虎尾,2023-01-10,9236
3714,富采,29,9,20,凱基-虎尾,2023-01-10,9236
8249,菱光,23,4,19,凱基-虎尾,2023-01-10,9236
1560,中砂,217,202,15,凱基-虎尾,2023-01-10,9236
2702,華園,15,0,15,凱基-虎尾,2023-01-10,9236
8105,凌巨,20,5,15,凱基-虎尾,2023-01-10,9236
5015,華祺,12,0,12,凱基-虎尾,2023-01-10,9236
6285,啟��,11,0,11,凱基-虎尾,2023-01-10,9236
3092,鴻碩,10,0,10,凱基-虎尾,2023-01-10,9236
3576,聯合再生,10,0,10,凱基-虎尾,2023-01-10,9236
6118,建達,10,0,10,凱基-虎尾,2023-01-10,9236
6133,金橋,9,0,9,凱基-虎尾,2023-01-10,9236
5351,鈺創,12,3,9,凱基-虎尾,2023-01-10,9236
00885,富邦越南,8,0,8,凱基-虎尾,2023-01-10,9236
2618,長榮航,11,3,8,凱基-虎尾,2023-01-10,9236
6223,旺矽,10,2,8,凱基-虎尾,2023-01-10,9236
6706,惠特,7,0,7,凱基-虎尾,2023-01-10,9236
2482,連宇,17,11,6,凱基-虎尾,2023-01-10,9236
4989,榮科,11,5,6,凱基-虎尾,2023-01-10,9236
00892,富邦台灣半導體,5,0,5,凱基-虎尾,2023-01-10,9236
2337,旺宏,5,0,5,凱基-虎尾,2023-01-10,9236
2611,志信,5,0,5,凱基-虎尾,2023-01-10,9236
3083,網龍,8,3,5,凱基-虎尾,2023-01-10,9236
4113,聯上,5,0,5,凱基-虎尾,2023-01-10,9236
6235,華孚,9,4,5,凱基-虎尾,2023-01-10,9236
6486,互動,5,0,5,凱基-虎尾,2023-01-10,9236
8110,華東,5,0,5,凱基-虎尾,2023-01-10,9236
8358,金居,8,3,5,凱基-虎尾,2023-01-10,9236
8409,商之器,5,0,5,凱基-虎尾,2023-01-10,9236
1519,華城,6,2,4,凱基-虎尾,2023-01-10,9236
2615,萬海,4,0,4,凱基-虎尾,2023-01-10,9236
2609,陽明,4,1,3,凱基-虎尾,2023-01-10,9236
00713,元大台灣高息低波,3,0,3,凱基-虎尾,2023-01-10,9236
1599,宏佳騰,3,0,3,凱基-虎尾,2023-01-10,9236
4908,前鼎,3,0,3,凱基-虎尾,2023-01-10,9236
5309,系統電,4,1,3,凱基-虎尾,2023-01-10,9236
6457,紘康,3,0,3,凱基-虎尾,2023-01-10,9236
8049,晶采,4,1,3,凱基-虎尾,2023-01-10,9236
00641R,富邦日本反1,2,0,2,凱基-虎尾,2023-01-10,9236
00715L,期街口布蘭特正2,3,1,2,凱基-虎尾,2023-01-10,9236
1708,東鹼,2,0,2,凱基-虎尾,2023-01-10,9236
1514,亞力,38,36,2,凱基-虎尾,2023-01-10,9236
2413,環科,4,2,2,凱基-虎尾,2023-01-10,9236
2421,建準,2,0,2,凱基-虎尾,2023-01-10,9236
2884,玉山金,2,0,2,凱基-虎尾,2023-01-10,9236
3017,奇鋐,2,0,2,凱基-虎尾,2023-01-10,9236
3027,盛達,2,0,2,凱基-虎尾,2023-01-10,9236
3062,建漢,2,0,2,凱基-虎尾,2023-01-10,9236
2618,長榮航,79,14,65,凱基-虎尾,2023-01-11,9236
00878,國泰永續高股息,61,0,61,凱基-虎尾,2023-01-11,9236
4989,榮科,40,0,40,凱基-虎尾,2023-01-11,9236
4129,聯合,31,0,31,凱基-虎尾,2023-01-11,9236
2436,偉詮電,18,1,17,凱基-虎尾,2023-01-11,9236
2888,新光金,16,0,16,凱基-虎尾,2023-01-11,9236
00635U,期元大S＆P黃金,15,0,15,凱基-虎尾,2023-01-11,9236
4167,松瑞藥,15,0,15,凱基-虎尾,2023-01-11,9236
2609,陽明,17,7,10,凱基-虎尾,2023-01-11,9236
2465,麗臺,10,0,10,凱基-虎尾,2023-01-11,9236
6285,啟��,10,0,10,凱基-虎尾,2023-01-11,9236
3454,晶睿,10,3,7,凱基-虎尾,2023-01-11,9236
3682,亞太電,5,0,5,凱基-虎尾,2023-01-11,9236
6789,采鈺,5,0,5,凱基-虎尾,2023-01-11,9236
9945,潤泰新,5,0,5,凱基-虎尾,2023-01-11,9236
1599,宏佳騰,4,0,4,凱基-虎尾,2023-01-11,9236
3027,盛達,9,5,4,凱基-虎尾,2023-01-11,9236
3587,閎康,6,2,4,凱基-虎尾,2023-01-11,9236
6220,岳豐,4,0,4,凱基-虎尾,2023-01-11,9236
1440,南紡,3,0,3,凱基-虎尾,2023-01-11,9236
00905,FT臺灣Smart,3,0,3,凱基-虎尾,2023-01-11,9236
00637L,元大滬深300正2,3,0,3,凱基-虎尾,2023-01-11,9236
2023,燁輝,3,0,3,凱基-虎尾,2023-01-11,9236
2201,裕隆,9,6,3,凱基-虎尾,2023-01-11,9236
2892,第一金,3,0,3,凱基-虎尾,2023-01-11,9236
4123,晟德,3,0,3,凱基-虎尾,2023-01-11,9236
4908,前鼎,3,0,3,凱基-虎尾,2023-01-11,9236
5258,虹堡,6,3,3,凱基-虎尾,2023-01-11,9236
3228,金麗科,3,0,3,凱基-虎尾,2023-01-11,9236
00896,中信綠能及電動車,2,0,2,凱基-虎尾,2023-01-11,9236
1301,台塑,2,0,2,凱基-虎尾,2023-01-11,9236
2031,新光鋼,2,0,2,凱基-虎尾,2023-01-11,9236
2317,鴻海,3,1,2,凱基-虎尾,2023-01-11,9236
2376,技嘉,2,0,2,凱基-虎尾,2023-01-11,9236
2425,承啟,2,0,2,凱基-虎尾,2023-01-11,9236
2605,新興,2,0,2,凱基-虎尾,2023-01-11,9236
2886,兆豐金,2,0,2,凱基-虎尾,2023-01-11,9236
3062,建漢,2,0,2,凱基-虎尾,2023-01-11,9236
3078,僑威,2,0,2,凱基-虎尾,2023-01-11,9236
3189,景碩,4,2,2,凱基-虎尾,2023-01-11,9236
3289,宜特,13,11,2,凱基-虎尾,2023-01-11,9236
3548,兆利,2,0,2,凱基-虎尾,2023-01-11,9236
3576,聯合再生,2,0,2,凱基-虎尾,2023-01-11,9236
5015,華祺,2,0,2,凱基-虎尾,2023-01-11,9236
6129,普誠,4,2,2,凱基-虎尾,2023-01-11,9236
6288,聯嘉,2,0,2,凱基-虎尾,2023-01-11,9236
6443,元晶,37,35,2,凱基-虎尾,2023-01-11,9236
6457,紘康,2,0,2,凱基-虎尾,2023-01-11,9236
6591,動力-KY,2,0,2,凱基-虎尾,2023-01-11,9236
6598,ABC-KY,2,0,2,凱基-虎尾,2023-01-11,9236
2028,威致,50,0,50,凱基-虎尾,2023-01-12,9236
3037,欣興,32,1,31,凱基-虎尾,2023-01-12,9236
2603,長榮,28,5,23,凱基-虎尾,2023-01-12,9236
2618,長榮航,40,21,19,凱基-虎尾,2023-01-12,9236
2358,廷鑫,30,13,17,凱基-虎尾,2023-01-12,9236
1732,毛寶,15,0,15,凱基-虎尾,2023-01-12,9236
00753L,中信中國50正2,12,0,12,凱基-虎尾,2023-01-12,9236
1605,華新,21,11,10,凱基-虎尾,2023-01-12,9236
1720,生達,10,0,10,凱基-虎尾,2023-01-12,9236
00751B,元大AAA至A公司債,10,1,9,凱基-虎尾,2023-01-12,9236
6770,力積電,7,0,7,凱基-虎尾,2023-01-12,9236
5443,均豪,11,4,7,凱基-虎尾,2023-01-12,9236
0056,元大高股息,7,0,7,凱基-虎尾,2023-01-12,9236
00632R,元大台灣50反1,6,0,6,凱基-虎尾,2023-01-12,9236
5015,華祺,6,0,6,凱基-虎尾,2023-01-12,9236
6706,惠特,6,0,6,凱基-虎尾,2023-01-12,9236
8341,日友,7,1,6,凱基-虎尾,2023-01-12,9236
2884,玉山金,5,0,5,凱基-虎尾,2023-01-12,9236
2230,泰茂,5,0,5,凱基-虎尾,2023-01-12,9236
2880,華南金,5,0,5,凱基-虎尾,2023-01-12,9236
6220,岳豐,5,0,5,凱基-虎尾,2023-01-12,9236
6244,茂迪,5,0,5,凱基-虎尾,2023-01-12,9236
6245,立端,10,5,5,凱基-虎尾,2023-01-12,9236
6188,廣明,4,0,4,凱基-虎尾,2023-01-12,9236
2436,偉詮電,4,0,4,凱基-虎尾,2023-01-12,9236
3006,晶豪科,5,1,4,凱基-虎尾,2023-01-12,9236
4931,新盛力,5,1,4,凱基-虎尾,2023-01-12,9236
6153,嘉聯益,4,0,4,凱基-虎尾,2023-01-12,9236
6609,瀧澤科,10,6,4,凱基-虎尾,2023-01-12,9236
2609,陽明,36,32,4,凱基-虎尾,2023-01-12,9236
1533,車王電,3,0,3,凱基-虎尾,2023-01-12,9236
1789,神隆,3,0,3,凱基-虎尾,2023-01-12,9236
1810,和成,3,0,3,凱基-虎尾,2023-01-12,9236
2637,慧洋-KY,3,0,3,凱基-虎尾,2023-01-12,9236
2812,台中銀,3,0,3,凱基-虎尾,2023-01-12,9236
2912,統一超,3,0,3,凱基-虎尾,2023-01-12,9236
3044,健鼎,3,0,3,凱基-虎尾,2023-01-12,9236
3138,耀登,4,1,3,凱基-虎尾,2023-01-12,9236
3707,漢磊,3,0,3,凱基-虎尾,2023-01-12,9236
4743,合一,3,0,3,凱基-虎尾,2023-01-12,9236
5351,鈺創,9,6,3,凱基-虎尾,2023-01-12,9236
5347,世界,2,0,2,凱基-虎尾,2023-01-12,9236
00669R,國泰美國道瓊反1,2,0,2,凱基-虎尾,2023-01-12,9236
00641R,富邦日本反1,2,0,2,凱基-虎尾,2023-01-12,9236
1609,大亞,7,5,2,凱基-虎尾,2023-01-12,9236
1802,台玻,2,0,2,凱基-虎尾,2023-01-12,9236
2314,台揚,2,0,2,凱基-虎尾,2023-01-12,9236
2338,光罩,3,1,2,凱基-虎尾,2023-01-12,9236
2369,菱生,2,0,2,凱基-虎尾,2023-01-12,9236
2393,億光,2,0,2,凱基-虎尾,2023-01-12,9236
00631L,元大台灣50正2,45,0,45,凱基-虎尾,2023-01-13,9236
00632R,元大台灣50反1,38,0,38,凱基-虎尾,2023-01-13,9236
8040,九暘,31,0,31,凱基-虎尾,2023-01-13,9236
2371,大同,30,0,30,凱基-虎尾,2023-01-13,9236
8938,明安,30,0,30,凱基-虎尾,2023-01-13,9236
00673R,期元大S＆P原油反1,26,0,26,凱基-虎尾,2023-01-13,9236
1513,中興電,24,2,22,凱基-虎尾,2023-01-13,9236
1810,和成,22,0,22,凱基-虎尾,2023-01-13,9236
2883,凱基金,22,0,22,凱基-虎尾,2023-01-13,9236
3479,安勤,22,0,22,凱基-虎尾,2023-01-13,9236
2230,泰茂,26,10,16,凱基-虎尾,2023-01-13,9236
00738U,期元大道瓊白銀,15,0,15,凱基-虎尾,2023-01-13,9236
6104,創惟,30,16,14,凱基-虎尾,2023-01-13,9236
2498,宏達電,13,0,13,凱基-虎尾,2023-01-13,9236
6245,立端,19,8,11,凱基-虎尾,2023-01-13,9236
1760,寶齡富錦,10,0,10,凱基-虎尾,2023-01-13,9236
1308,亞聚,10,0,10,凱基-虎尾,2023-01-13,9236
2317,鴻海,13,3,10,凱基-虎尾,2023-01-13,9236
4128,中天,10,0,10,凱基-虎尾,2023-01-13,9236
6182,合晶,10,0,10,凱基-虎尾,2023-01-13,9236
00878,國泰永續高股息,9,0,9,凱基-虎尾,2023-01-13,9236
2002,中鋼,10,1,9,凱基-虎尾,2023-01-13,9236
8261,富鼎,14,5,9,凱基-虎尾,2023-01-13,9236
2358,廷鑫,10,3,7,凱基-虎尾,2023-01-13,9236
00654R,富邦印度反1,6,0,6,凱基-虎尾,2023-01-13,9236
2609,陽明,22,17,5,凱基-虎尾,2023-01-13,9236
00905,FT臺灣Smart,5,0,5,凱基-虎尾,2023-01-13,9236
2312,金寶,5,0,5,凱基-虎尾,2023-01-13,9236
3092,鴻碩,5,0,5,凱基-虎尾,2023-01-13,9236
6605,帝寶,5,0,5,凱基-虎尾,2023-01-13,9236
00679B,元大美債20年,4,0,4,凱基-虎尾,2023-01-13,9236
2481,強茂,7,3,4,凱基-虎尾,2023-01-13,9236
2637,慧洋-KY,4,0,4,凱基-虎尾,2023-01-13,9236
4906,正文,4,0,4,凱基-虎尾,2023-01-13,9236
5015,華祺,4,0,4,凱基-虎尾,2023-01-13,9236
5371,中光電,4,0,4,凱基-虎尾,2023-01-13,9236
8050,廣積,19,15,4,凱基-虎尾,2023-01-13,9236
1539,巨庭,3,0,3,凱基-虎尾,2023-01-13,9236
1605,華新,5,2,3,凱基-虎尾,2023-01-13,9236
00680L,元大美債20正2,3,0,3,凱基-虎尾,2023-01-13,9236
2007,燁興,3,0,3,凱基-虎尾,2023-01-13,9236
2436,偉詮電,3,0,3,凱基-虎尾,2023-01-13,9236
3038,全台,3,0,3,凱基-虎尾,2023-01-13,9236
3105,穩懋,3,0,3,凱基-虎尾,2023-01-13,9236
5351,鈺創,9,6,3,凱基-虎尾,2023-01-13,9236
6133,金橋,39,36,3,凱基-虎尾,2023-01-13,9236
6486,互動,3,0,3,凱基-虎尾,2023-01-13,9236
6781,AES-KY,2,0,2,凱基-虎尾,2023-01-13,9236
00720B,元大投資級公司債,2,0,2,凱基-虎尾,2023-01-13,9236
1316,上曜,2,0,2,凱基-虎尾,2023-01-13,9236
3481,群創,100,0,100,凱基-虎尾,2023-01-16,9236
00632R,元大台灣50反1,61,0,61,凱基-虎尾,2023-01-16,9236
2881,富邦金,40,0,40,凱基-虎尾,2023-01-16,9236
2889,國票金,36,3,33,凱基-虎尾,2023-01-16,9236
1101,台泥,33,1,32,凱基-虎尾,2023-01-16,9236
00673R,期元大S＆P原油反1,30,0,30,凱基-虎尾,2023-01-16,9236
6205,詮欣,22,0,22,凱基-虎尾,2023-01-16,9236
1701,中化,21,0,21,凱基-虎尾,2023-01-16,9236
3128,昇銳,18,0,18,凱基-虎尾,2023-01-16,9236
4931,新盛力,21,3,18,凱基-虎尾,2023-01-16,9236
2515,中工,14,0,14,凱基-虎尾,2023-01-16,9236
1584,精剛,13,1,12,凱基-虎尾,2023-01-16,9236
3037,欣興,15,4,11,凱基-虎尾,2023-01-16,9236
6150,撼訊,11,0,11,凱基-虎尾,2023-01-16,9236
2317,鴻海,11,0,11,凱基-虎尾,2023-01-16,9236
1608,華榮,10,0,10,凱基-虎尾,2023-01-16,9236
9943,好樂迪,10,0,10,凱基-虎尾,2023-01-16,9236
2002,中鋼,10,0,10,凱基-虎尾,2023-01-16,9236
1560,中砂,10,3,7,凱基-虎尾,2023-01-16,9236
5015,華祺,7,0,7,凱基-虎尾,2023-01-16,9236
2603,長榮,9,3,6,凱基-虎尾,2023-01-16,9236
6015,宏遠證,28,22,6,凱基-虎尾,2023-01-16,9236
1609,大亞,5,0,5,凱基-虎尾,2023-01-16,9236
00637L,元大滬深300正2,5,0,5,凱基-虎尾,2023-01-16,9236
2313,華通,5,0,5,凱基-虎尾,2023-01-16,9236
2727,王品,5,0,5,凱基-虎尾,2023-01-16,9236
3374,精材,6,1,5,凱基-虎尾,2023-01-16,9236
00878,國泰永續高股息,6,2,4,凱基-虎尾,2023-01-16,9236
6706,惠特,4,0,4,凱基-虎尾,2023-01-16,9236
00772B,中信高評級公司債,3,0,3,凱基-虎尾,2023-01-16,9236
00701,國泰股利精選30,3,0,3,凱基-虎尾,2023-01-16,9236
3441,聯一光,3,0,3,凱基-虎尾,2023-01-16,9236
3466,德晉,3,0,3,凱基-虎尾,2023-01-16,9236
4114,健喬,4,1,3,凱基-虎尾,2023-01-16,9236
4961,天鈺,3,0,3,凱基-虎尾,2023-01-16,9236
6235,華孚,3,0,3,凱基-虎尾,2023-01-16,9236
6274,台燿,10,7,3,凱基-虎尾,2023-01-16,9236
6770,力積電,5,2,3,凱基-虎尾,2023-01-16,9236
9955,佳龍,3,0,3,凱基-虎尾,2023-01-16,9236
00882,中信中國高股息,2,0,2,凱基-虎尾,2023-01-16,9236
1517,利奇,2,0,2,凱基-虎尾,2023-01-16,9236
1795,美時,2,0,2,凱基-虎尾,2023-01-16,9236
2308,台達電,2,0,2,凱基-虎尾,2023-01-16,9236
2375,凱美,2,0,2,凱基-虎尾,2023-01-16,9236
2482,連宇,3,1,2,凱基-虎尾,2023-01-16,9236
2597,潤弘,2,0,2,凱基-虎尾,2023-01-16,9236
2867,三商壽,2,0,2,凱基-虎尾,2023-01-16,9236
3188,鑫龍騰,2,0,2,凱基-虎尾,2023-01-16,9236
3686,達能,2,0,2,凱基-虎尾,2023-01-16,9236
5475,德宏,2,0,2,凱基-虎尾,2023-01-16,9236
3037,欣興,423,2,421,凱基-虎尾,2023-01-17,9236
2377,微星,240,0,240,凱基-虎尾,2023-01-17,9236
00637L,元大滬深300正2,35,0,35,凱基-虎尾,2023-01-17,9236
4979,華星光,45,18,27,凱基-虎尾,2023-01-17,9236
1711,永光,20,0,20,凱基-虎尾,2023-01-17,9236
00673R,期元大S＆P原油反1,20,0,20,凱基-虎尾,2023-01-17,9236
00635U,期元大S＆P黃金,15,0,15,凱基-虎尾,2023-01-17,9236
4931,新盛力,12,0,12,凱基-虎尾,2023-01-17,9236
2812,台中銀,10,0,10,凱基-虎尾,2023-01-17,9236
3520,華盈,10,0,10,凱基-虎尾,2023-01-17,9236
5905,南仁湖,10,0,10,凱基-虎尾,2023-01-17,9236
2317,鴻海,11,2,9,凱基-虎尾,2023-01-17,9236
3481,群創,9,1,8,凱基-虎尾,2023-01-17,9236
00795B,中信美國公債20年,8,0,8,凱基-虎尾,2023-01-17,9236
3083,網龍,9,2,7,凱基-虎尾,2023-01-17,9236
2867,三商壽,6,0,6,凱基-虎尾,2023-01-17,9236
8040,九暘,6,0,6,凱基-虎尾,2023-01-17,9236
2610,華航,6,0,6,凱基-虎尾,2023-01-17,9236
00905,FT臺灣Smart,5,0,5,凱基-虎尾,2023-01-17,9236
2038,海光,5,0,5,凱基-虎尾,2023-01-17,9236
2884,玉山金,5,0,5,凱基-虎尾,2023-01-17,9236
5521,工信,5,0,5,凱基-虎尾,2023-01-17,9236
6531,愛普*,5,0,5,凱基-虎尾,2023-01-17,9236
8429,金麗-KY,5,0,5,凱基-虎尾,2023-01-17,9236
1101,台泥,9,4,5,凱基-虎尾,2023-01-17,9236
2609,陽明,4,0,4,凱基-虎尾,2023-01-17,9236
2891,中信金,7,3,4,凱基-虎尾,2023-01-17,9236
3558,神準,24,20,4,凱基-虎尾,2023-01-17,9236
6486,互動,4,0,4,凱基-虎尾,2023-01-17,9236
2014,中鴻,7,4,3,凱基-虎尾,2023-01-17,9236
2349,錸德,3,0,3,凱基-虎尾,2023-01-17,9236
2634,漢翔,13,10,3,凱基-虎尾,2023-01-17,9236
3189,景碩,4,1,3,凱基-虎尾,2023-01-17,9236
3624,光頡,15,12,3,凱基-虎尾,2023-01-17,9236
3693,營邦,44,41,3,凱基-虎尾,2023-01-17,9236
6237,驊訊,3,0,3,凱基-虎尾,2023-01-17,9236
6689,伊雲谷,3,0,3,凱基-虎尾,2023-01-17,9236
8183,精星,3,0,3,凱基-虎尾,2023-01-17,9236
9943,好樂迪,3,0,3,凱基-虎尾,2023-01-17,9236
9962,有益,3,0,3,凱基-虎尾,2023-01-17,9236
00753L,中信中國50正2,2,0,2,凱基-虎尾,2023-01-17,9236
00728,第一金工業30,2,0,2,凱基-虎尾,2023-01-17,9236
00679B,元大美債20年,2,0,2,凱基-虎尾,2023-01-17,9236
1313,聯成,2,0,2,凱基-虎尾,2023-01-17,9236
2376,技嘉,4,2,2,凱基-虎尾,2023-01-17,9236
2486,一詮,2,0,2,凱基-虎尾,2023-01-17,9236
2618,長榮航,3,1,2,凱基-虎尾,2023-01-17,9236
3228,金麗科,2,0,2,凱基-虎尾,2023-01-17,9236
3441,聯一光,2,0,2,凱基-虎尾,2023-01-17,9236
3665,貿聯-KY,2,0,2,凱基-虎尾,2023-01-17,9236
00632R,元大台灣50反1,337,10,327,凱基-虎尾,2023-01-30,9236
2303,聯電,1369,1133,236,凱基-虎尾,2023-01-30,9236
1101,台泥,156,9,147,凱基-虎尾,2023-01-30,9236
3481,群創,122,22,100,凱基-虎尾,2023-01-30,9236
5309,系統電,41,0,41,凱基-虎尾,2023-01-30,9236
2465,麗臺,45,5,40,凱基-虎尾,2023-01-30,9236
2610,華航,33,1,32,凱基-虎尾,2023-01-30,9236
1612,宏泰,28,1,27,凱基-虎尾,2023-01-30,9236
2618,長榮航,28,1,27,凱基-虎尾,2023-01-30,9236
1514,亞力,107,81,26,凱基-虎尾,2023-01-30,9236
2101,南港,23,0,23,凱基-虎尾,2023-01-30,9236
6116,彩晶,23,0,23,凱基-虎尾,2023-01-30,9236
5483,中美晶,20,0,20,凱基-虎尾,2023-01-30,9236
2317,鴻海,19,0,19,凱基-虎尾,2023-01-30,9236
1609,大亞,31,15,16,凱基-虎尾,2023-01-30,9236
2349,錸德,17,1,16,凱基-虎尾,2023-01-30,9236
00673R,期元大S＆P原油反1,13,0,13,凱基-虎尾,2023-01-30,9236
00878,國泰永續高股息,29,16,13,凱基-虎尾,2023-01-30,9236
2023,燁輝,12,0,12,凱基-虎尾,2023-01-30,9236
6279,胡連,14,3,11,凱基-虎尾,2023-01-30,9236
2324,仁寶,10,0,10,凱基-虎尾,2023-01-30,9236
3346,麗清,12,2,10,凱基-虎尾,2023-01-30,9236
8249,菱光,10,0,10,凱基-虎尾,2023-01-30,9236
2014,中鴻,13,4,9,凱基-虎尾,2023-01-30,9236
3545,敦泰,11,2,9,凱基-虎尾,2023-01-30,9236
1519,華城,11,3,8,凱基-虎尾,2023-01-30,9236
2352,佳世達,9,1,8,凱基-虎尾,2023-01-30,9236
6182,合晶,8,0,8,凱基-虎尾,2023-01-30,9236
8033,雷虎,8,0,8,凱基-虎尾,2023-01-30,9236
8261,富鼎,11,3,8,凱基-虎尾,2023-01-30,9236
00920,富邦ESG綠色電力,7,0,7,凱基-虎尾,2023-01-30,9236
2634,漢翔,7,0,7,凱基-虎尾,2023-01-30,9236
6104,創惟,11,4,7,凱基-虎尾,2023-01-30,9236
6139,亞翔,7,0,7,凱基-虎尾,2023-01-30,9236
3218,大學光,8,1,7,凱基-虎尾,2023-01-30,9236
2009,第一銅,10,4,6,凱基-虎尾,2023-01-30,9236
2702,華園,6,0,6,凱基-虎尾,2023-01-30,9236
3128,昇銳,6,0,6,凱基-虎尾,2023-01-30,9236
6282,康舒,22,16,6,凱基-虎尾,2023-01-30,9236
8046,南電,20,14,6,凱基-虎尾,2023-01-30,9236
3372,典範,5,0,5,凱基-虎尾,2023-01-30,9236
3714,富采,5,0,5,凱基-虎尾,2023-01-30,9236
4974,亞泰,5,0,5,凱基-虎尾,2023-01-30,9236
6244,茂迪,5,0,5,凱基-虎尾,2023-01-30,9236
6706,惠特,5,0,5,凱基-虎尾,2023-01-30,9236
8996,高力,8,4,4,凱基-虎尾,2023-01-30,9236
1504,東元,5,1,4,凱基-虎尾,2023-01-30,9236
1785,光洋科,4,0,4,凱基-虎尾,2023-01-30,9236
2313,華通,4,0,4,凱基-虎尾,2023-01-30,9236
2371,大同,4,0,4,凱基-虎尾,2023-01-30,9236
2615,萬海,103,0,103,凱基-虎尾,2023-01-31,9236
2892,第一金,93,30,63,凱基-虎尾,2023-01-31,9236
6118,建達,65,3,62,凱基-虎尾,2023-01-31,9236
6133,金橋,52,1,51,凱基-虎尾,2023-01-31,9236
2358,廷鑫,50,0,50,凱基-虎尾,2023-01-31,9236
3027,盛達,53,4,49,凱基-虎尾,2023-01-31,9236
00679B,元大美債20年,46,0,46,凱基-虎尾,2023-01-31,9236
2002,中鋼,40,2,38,凱基-虎尾,2023-01-31,9236
00751B,元大AAA至A公司債,30,0,30,凱基-虎尾,2023-01-31,9236
3707,漢磊,32,5,27,凱基-虎尾,2023-01-31,9236
00905,FT臺灣Smart,33,9,24,凱基-虎尾,2023-01-31,9236
2380,虹光,20,0,20,凱基-虎尾,2023-01-31,9236
4931,新盛力,28,8,20,凱基-虎尾,2023-01-31,9236
5351,鈺創,21,1,20,凱基-虎尾,2023-01-31,9236
8038,長園科,20,0,20,凱基-虎尾,2023-01-31,9236
8050,廣積,20,0,20,凱基-虎尾,2023-01-31,9236
6770,力積電,24,6,18,凱基-虎尾,2023-01-31,9236
2317,鴻海,24,7,17,凱基-虎尾,2023-01-31,9236
2609,陽明,34,17,17,凱基-虎尾,2023-01-31,9236
3013,晟銘電,18,1,17,凱基-虎尾,2023-01-31,9236
6180,橘子,16,0,16,凱基-虎尾,2023-01-31,9236
5258,虹堡,17,1,16,凱基-虎尾,2023-01-31,9236
4102,永日,16,1,15,凱基-虎尾,2023-01-31,9236
5309,系統電,24,9,15,凱基-虎尾,2023-01-31,9236
1514,亞力,14,0,14,凱基-虎尾,2023-01-31,9236
1802,台玻,13,0,13,凱基-虎尾,2023-01-31,9236
8150,南茂,13,0,13,凱基-虎尾,2023-01-31,9236
00632R,元大台灣50反1,12,0,12,凱基-虎尾,2023-01-31,9236
2419,仲琦,12,0,12,凱基-虎尾,2023-01-31,9236
2329,華泰,11,0,11,凱基-虎尾,2023-01-31,9236
1303,南亞,11,1,10,凱基-虎尾,2023-01-31,9236
1314,中石化,10,0,10,凱基-虎尾,2023-01-31,9236
2101,南港,10,0,10,凱基-虎尾,2023-01-31,9236
2888,新光金,10,0,10,凱基-虎尾,2023-01-31,9236
2891,中信金,10,0,10,凱基-虎尾,2023-01-31,9236
4989,榮科,10,0,10,凱基-虎尾,2023-01-31,9236
2465,麗臺,9,0,9,凱基-虎尾,2023-01-31,9236
2881,富邦金,10,1,9,凱基-虎尾,2023-01-31,9236
2890,永豐金,10,1,9,凱基-虎尾,2023-01-31,9236
3019,亞光,9,0,9,凱基-虎尾,2023-01-31,9236
3081,聯亞,8,0,8,凱基-虎尾,2023-01-31,9236
3504,揚明光,9,1,8,凱基-虎尾,2023-01-31,9236
8215,明基材,9,1,8,凱基-虎尾,2023-01-31,9236
2009,第一銅,10,3,7,凱基-虎尾,2023-01-31,9236
4128,中天,17,10,7,凱基-虎尾,2023-01-31,9236
6451,訊芯-KY,7,0,7,凱基-虎尾,2023-01-31,9236
6550,北極星藥業-KY,13,6,7,凱基-虎尾,2023-01-31,9236
1319,東陽,7,1,6,凱基-虎尾,2023-01-31,9236
00772B,中信高評級公司債,6,0,6,凱基-虎尾,2023-01-31,9236
1722,台肥,6,0,6,凱基-虎尾,2023-01-31,9236
2610,華航,1718,868,850,凱基-虎尾,2023-02-01,9236
1524,耿鼎,87,5,82,凱基-虎尾,2023-02-01,9236
8033,雷虎,52,6,46,凱基-虎尾,2023-02-01,9236
2883,凱基金,41,0,41,凱基-虎尾,2023-02-01,9236
8171,天宇,48,8,40,凱基-虎尾,2023-02-01,9236
1609,大亞,49,16,33,凱基-虎尾,2023-02-01,9236
2482,連宇,31,2,29,凱基-虎尾,2023-02-01,9236
1513,中興電,50,24,26,凱基-虎尾,2023-02-01,9236
6202,盛群,25,0,25,凱基-虎尾,2023-02-01,9236
2409,友達,21,0,21,凱基-虎尾,2023-02-01,9236
2834,臺企銀,22,2,20,凱基-虎尾,2023-02-01,9236
2104,國際中橡,17,0,17,凱基-虎尾,2023-02-01,9236
3128,昇銳,17,0,17,凱基-虎尾,2023-02-01,9236
2457,飛宏,12,0,12,凱基-虎尾,2023-02-01,9236
3710,連展投控,12,0,12,凱基-虎尾,2023-02-01,9236
3714,富采,12,0,12,凱基-虎尾,2023-02-01,9236
1417,嘉裕,11,0,11,凱基-虎尾,2023-02-01,9236
1584,精剛,30,19,11,凱基-虎尾,2023-02-01,9236
8358,金居,13,2,11,凱基-虎尾,2023-02-01,9236
1402,遠東新,10,0,10,凱基-虎尾,2023-02-01,9236
00720B,元大投資級公司債,10,0,10,凱基-虎尾,2023-02-01,9236
1809,中釉,10,0,10,凱基-虎尾,2023-02-01,9236
1815,富喬,10,0,10,凱基-虎尾,2023-02-01,9236
2349,錸德,10,0,10,凱基-虎尾,2023-02-01,9236
3356,奇偶,10,0,10,凱基-虎尾,2023-02-01,9236
5009,榮剛,11,1,10,凱基-虎尾,2023-02-01,9236
8069,元太,426,416,10,凱基-虎尾,2023-02-01,9236
2891,中信金,10,1,9,凱基-虎尾,2023-02-01,9236
00905,FT臺灣Smart,8,0,8,凱基-虎尾,2023-02-01,9236
1529,樂事綠能,8,0,8,凱基-虎尾,2023-02-01,9236
3189,景碩,11,3,8,凱基-虎尾,2023-02-01,9236
1313,聯成,8,1,7,凱基-虎尾,2023-02-01,9236
1711,永光,7,0,7,凱基-虎尾,2023-02-01,9236
4113,聯上,7,0,7,凱基-虎尾,2023-02-01,9236
4915,致伸,7,0,7,凱基-虎尾,2023-02-01,9236
8121,越峰,7,0,7,凱基-虎尾,2023-02-01,9236
1101,台泥,6,0,6,凱基-虎尾,2023-02-01,9236
6235,華孚,6,0,6,凱基-虎尾,2023-02-01,9236
00893,國泰智能電動車,72,67,5,凱基-虎尾,2023-02-01,9236
2412,中華電,5,0,5,凱基-虎尾,2023-02-01,9236
2413,環科,40,35,5,凱基-虎尾,2023-02-01,9236
2614,東森,5,0,5,凱基-虎尾,2023-02-01,9236
2634,漢翔,9,4,5,凱基-虎尾,2023-02-01,9236
2886,兆豐金,5,0,5,凱基-虎尾,2023-02-01,9236
3059,華晶科,5,0,5,凱基-虎尾,2023-02-01,9236
5443,均豪,5,0,5,凱基-虎尾,2023-02-01,9236
6244,茂迪,6,1,5,凱基-虎尾,2023-02-01,9236
8222,寶一,35,30,5,凱基-虎尾,2023-02-01,9236
9904,寶成,5,0,5,凱基-虎尾,2023-02-01,9236
1312,國喬,4,0,4,凱基-虎尾,2023-02-01,9236
00632R,元大台灣50反1,132,1,131,凱基-虎尾,2023-02-02,9236
3006,晶豪科,118,15,103,凱基-虎尾,2023-02-02,9236
3041,揚智,64,2,62,凱基-虎尾,2023-02-02,9236
3362,先進光,56,0,56,凱基-虎尾,2023-02-02,9236
4961,天鈺,54,1,53,凱基-虎尾,2023-02-02,9236
00751B,元大AAA至A公司債,52,0,52,凱基-虎尾,2023-02-02,9236
2354,鴻準,39,0,39,凱基-虎尾,2023-02-02,9236
2388,威盛,40,3,37,凱基-虎尾,2023-02-02,9236
2363,矽統,37,5,32,凱基-虎尾,2023-02-02,9236
00715L,期街口布蘭特正2,31,0,31,凱基-虎尾,2023-02-02,9236
00885,富邦越南,26,0,26,凱基-虎尾,2023-02-02,9236
2834,臺企銀,26,1,25,凱基-虎尾,2023-02-02,9236
2337,旺宏,23,0,23,凱基-虎尾,2023-02-02,9236
4979,華星光,69,46,23,凱基-虎尾,2023-02-02,9236
2891,中信金,23,1,22,凱基-虎尾,2023-02-02,9236
1301,台塑,20,0,20,凱基-虎尾,2023-02-02,9236
00882,中信中國高股息,19,0,19,凱基-虎尾,2023-02-02,9236
00712,復華富時不動產,19,0,19,凱基-虎尾,2023-02-02,9236
2482,連宇,20,1,19,凱基-虎尾,2023-02-02,9236
2867,三商壽,20,1,19,凱基-虎尾,2023-02-02,9236
3059,華晶科,48,30,18,凱基-虎尾,2023-02-02,9236
1313,聯成,25,8,17,凱基-虎尾,2023-02-02,9236
3504,揚明光,25,8,17,凱基-虎尾,2023-02-02,9236
2484,希華,19,3,16,凱基-虎尾,2023-02-02,9236
00878,國泰永續高股息,37,22,15,凱基-虎尾,2023-02-02,9236
2897,王道銀行,15,0,15,凱基-虎尾,2023-02-02,9236
8050,廣積,20,5,15,凱基-虎尾,2023-02-02,9236
8261,富鼎,15,0,15,凱基-虎尾,2023-02-02,9236
00905,FT臺灣Smart,21,7,14,凱基-虎尾,2023-02-02,9236
4919,新唐,50,36,14,凱基-虎尾,2023-02-02,9236
1701,中化,13,0,13,凱基-虎尾,2023-02-02,9236
3062,建漢,20,7,13,凱基-虎尾,2023-02-02,9236
2436,偉詮電,12,0,12,凱基-虎尾,2023-02-02,9236
8040,九暘,12,0,12,凱基-虎尾,2023-02-02,9236
3710,連展投控,11,0,11,凱基-虎尾,2023-02-02,9236
5353,台林,11,0,11,凱基-虎尾,2023-02-02,9236
00720B,元大投資級公司債,10,0,10,凱基-虎尾,2023-02-02,9236
00637L,元大滬深300正2,10,0,10,凱基-虎尾,2023-02-02,9236
00679B,元大美債20年,10,0,10,凱基-虎尾,2023-02-02,9236
2312,金寶,10,0,10,凱基-虎尾,2023-02-02,9236
2465,麗臺,10,0,10,凱基-虎尾,2023-02-02,9236
3141,晶宏,18,8,10,凱基-虎尾,2023-02-02,9236
3596,智易,10,0,10,凱基-虎尾,2023-02-02,9236
4743,合一,12,2,10,凱基-虎尾,2023-02-02,9236
6111,大宇資,10,0,10,凱基-虎尾,2023-02-02,9236
8215,明基材,11,1,10,凱基-虎尾,2023-02-02,9236
2884,玉山金,9,0,9,凱基-虎尾,2023-02-02,9236
4114,健喬,13,4,9,凱基-虎尾,2023-02-02,9236
3260,威剛,10,1,9,凱基-虎尾,2023-02-02,9236
2449,京元電子,12,3,9,凱基-虎尾,2023-02-02,9236
2354,鴻準,226,39,187,凱基-虎尾,2023-02-03,9236
00632R,元大台灣50反1,110,0,110,凱基-虎尾,2023-02-03,9236
00903,富邦元宇宙,30,0,30,凱基-虎尾,2023-02-03,9236
2028,威致,30,0,30,凱基-虎尾,2023-02-03,9236
2317,鴻海,26,0,26,凱基-虎尾,2023-02-03,9236
2603,長榮,36,10,26,凱基-虎尾,2023-02-03,9236
2891,中信金,23,0,23,凱基-虎尾,2023-02-03,9236
00715L,期街口布蘭特正2,22,0,22,凱基-虎尾,2023-02-03,9236
3128,昇銳,21,0,21,凱基-虎尾,2023-02-03,9236
2409,友達,20,0,20,凱基-虎尾,2023-02-03,9236
8105,凌巨,30,10,20,凱基-虎尾,2023-02-03,9236
00882,中信中國高股息,17,0,17,凱基-虎尾,2023-02-03,9236
2002,中鋼,16,0,16,凱基-虎尾,2023-02-03,9236
4142,國光生,15,0,15,凱基-虎尾,2023-02-03,9236
9928,中視,15,0,15,凱基-虎尾,2023-02-03,9236
00878,國泰永續高股息,34,21,13,凱基-虎尾,2023-02-03,9236
2888,新光金,13,0,13,凱基-虎尾,2023-02-03,9236
8046,南電,28,16,12,凱基-虎尾,2023-02-03,9236
3289,宜特,13,1,12,凱基-虎尾,2023-02-03,9236
2890,永豐金,12,0,12,凱基-虎尾,2023-02-03,9236
2834,臺企銀,12,1,11,凱基-虎尾,2023-02-03,9236
1314,中石化,10,0,10,凱基-虎尾,2023-02-03,9236
1539,巨庭,10,0,10,凱基-虎尾,2023-02-03,9236
2329,華泰,10,0,10,凱基-虎尾,2023-02-03,9236
2482,連宇,31,21,10,凱基-虎尾,2023-02-03,9236
2610,華航,15,5,10,凱基-虎尾,2023-02-03,9236
2812,台中銀,10,0,10,凱基-虎尾,2023-02-03,9236
4147,中裕,10,0,10,凱基-虎尾,2023-02-03,9236
4931,新盛力,10,0,10,凱基-虎尾,2023-02-03,9236
5203,訊連,10,0,10,凱基-虎尾,2023-02-03,9236
00772B,中信高評級公司債,10,1,9,凱基-虎尾,2023-02-03,9236
1795,美時,18,9,9,凱基-虎尾,2023-02-03,9236
6789,采鈺,11,3,8,凱基-虎尾,2023-02-03,9236
1605,華新,35,28,7,凱基-虎尾,2023-02-03,9236
1402,遠東新,7,0,7,凱基-虎尾,2023-02-03,9236
2637,慧洋-KY,7,0,7,凱基-虎尾,2023-02-03,9236
2882,國泰金,8,1,7,凱基-虎尾,2023-02-03,9236
3189,景碩,5,0,5,凱基-虎尾,2023-02-03,9236
1326,台化,5,0,5,凱基-虎尾,2023-02-03,9236
00877,復華中國5G,5,0,5,凱基-虎尾,2023-02-03,9236
00773B,中信優先金融債,5,0,5,凱基-虎尾,2023-02-03,9236
1313,聯成,5,0,5,凱基-虎尾,2023-02-03,9236
1809,中釉,5,0,5,凱基-虎尾,2023-02-03,9236
2313,華通,5,0,5,凱基-虎尾,2023-02-03,9236
2340,台亞,5,0,5,凱基-虎尾,2023-02-03,9236
3037,欣興,67,62,5,凱基-虎尾,2023-02-03,9236
6118,建達,25,20,5,凱基-虎尾,2023-02-03,9236
6217,中探針,5,0,5,凱基-虎尾,2023-02-03,9236
6552,易華電,5,0,5,凱基-虎尾,2023-02-03,9236
8261,富鼎,12,7,5,凱基-虎尾,2023-02-03,9236
2317,鴻海,2579,2210,369,凱基-虎尾,2023-02-06,9236
2354,鴻準,101,4,97,凱基-虎尾,2023-02-06,9236
00632R,元大台灣50反1,50,0,50,凱基-虎尾,2023-02-06,9236
00878,國泰永續高股息,38,3,35,凱基-虎尾,2023-02-06,9236
00642U,期元大S＆P石油,33,0,33,凱基-虎尾,2023-02-06,9236
1720,生達,30,0,30,凱基-虎尾,2023-02-06,9236
6118,建達,29,0,29,凱基-虎尾,2023-02-06,9236
4979,華星光,26,2,24,凱基-虎尾,2023-02-06,9236
1524,耿鼎,25,5,20,凱基-虎尾,2023-02-06,9236
00715L,期街口布蘭特正2,20,3,17,凱基-虎尾,2023-02-06,9236
2498,宏達電,20,5,15,凱基-虎尾,2023-02-06,9236
2324,仁寶,15,1,14,凱基-虎尾,2023-02-06,9236
8996,高力,20,6,14,凱基-虎尾,2023-02-06,9236
0056,元大高股息,13,0,13,凱基-虎尾,2023-02-06,9236
2002,中鋼,13,0,13,凱基-虎尾,2023-02-06,9236
1605,華新,56,45,11,凱基-虎尾,2023-02-06,9236
00882,中信中國高股息,10,0,10,凱基-虎尾,2023-02-06,9236
2812,台中銀,10,0,10,凱基-虎尾,2023-02-06,9236
5608,四維航,10,0,10,凱基-虎尾,2023-02-06,9236
6770,力積電,10,0,10,凱基-虎尾,2023-02-06,9236
1201,味全,10,1,9,凱基-虎尾,2023-02-06,9236
2368,金像電,14,5,9,凱基-虎尾,2023-02-06,9236
4956,光鋐,9,0,9,凱基-虎尾,2023-02-06,9236
1810,和成,10,1,9,凱基-虎尾,2023-02-06,9236
1305,華夏,8,0,8,凱基-虎尾,2023-02-06,9236
6282,康舒,10,2,8,凱基-虎尾,2023-02-06,9236
8150,南茂,8,0,8,凱基-虎尾,2023-02-06,9236
6202,盛群,8,0,8,凱基-虎尾,2023-02-06,9236
2108,南帝,8,0,8,凱基-虎尾,2023-02-06,9236
2884,玉山金,7,0,7,凱基-虎尾,2023-02-06,9236
1529,樂事綠能,7,0,7,凱基-虎尾,2023-02-06,9236
3041,揚智,7,0,7,凱基-虎尾,2023-02-06,9236
1326,台化,6,0,6,凱基-虎尾,2023-02-06,9236
00907,永豐優息存股,6,0,6,凱基-虎尾,2023-02-06,9236
2009,第一銅,7,1,6,凱基-虎尾,2023-02-06,9236
4746,台耀,8,2,6,凱基-虎尾,2023-02-06,9236
6703,軒郁,6,0,6,凱基-虎尾,2023-02-06,9236
9945,潤泰新,6,0,6,凱基-虎尾,2023-02-06,9236
2328,廣宇,14,8,6,凱基-虎尾,2023-02-06,9236
00738U,期元大道瓊白銀,5,0,5,凱基-虎尾,2023-02-06,9236
2230,泰茂,11,6,5,凱基-虎尾,2023-02-06,9236
2408,南亞科,6,1,5,凱基-虎尾,2023-02-06,9236
2419,仲琦,5,0,5,凱基-虎尾,2023-02-06,9236
2891,中信金,15,10,5,凱基-虎尾,2023-02-06,9236
3682,亞太電,5,0,5,凱基-虎尾,2023-02-06,9236
6541,泰福-KY,8,3,5,凱基-虎尾,2023-02-06,9236
8171,天宇,7,2,5,凱基-虎尾,2023-02-06,9236
2603,長榮,9,5,4,凱基-虎尾,2023-02-06,9236
2481,強茂,7,3,4,凱基-虎尾,2023-02-06,9236
2634,漢翔,19,15,4,凱基-虎尾,2023-02-06,9236
2354,鴻準,149,0,149,凱基-虎尾,2023-02-07,9236
00753L,中信中國50正2,100,0,100,凱基-虎尾,2023-02-07,9236
1417,嘉裕,109,34,75,凱基-虎尾,2023-02-07,9236
4739,康普,113,40,73,凱基-虎尾,2023-02-07,9236
00632R,元大台灣50反1,72,0,72,凱基-虎尾,2023-02-07,9236
2618,長榮航,46,0,46,凱基-虎尾,2023-02-07,9236
2867,三商壽,28,0,28,凱基-虎尾,2023-02-07,9236
00642U,期元大S＆P石油,27,0,27,凱基-虎尾,2023-02-07,9236
2303,聯電,932,906,26,凱基-虎尾,2023-02-07,9236
3049,精金,20,0,20,凱基-虎尾,2023-02-07,9236
00878,國泰永續高股息,22,3,19,凱基-虎尾,2023-02-07,9236
1101,台泥,20,1,19,凱基-虎尾,2023-02-07,9236
2883,凱基金,20,1,19,凱基-虎尾,2023-02-07,9236
1584,精剛,46,28,18,凱基-虎尾,2023-02-07,9236
3545,敦泰,20,3,17,凱基-虎尾,2023-02-07,9236
00680L,元大美債20正2,15,0,15,凱基-虎尾,2023-02-07,9236
00751B,元大AAA至A公司債,15,0,15,凱基-虎尾,2023-02-07,9236
4114,健喬,24,10,14,凱基-虎尾,2023-02-07,9236
6589,台康生技,13,1,12,凱基-虎尾,2023-02-07,9236
6703,軒郁,12,0,12,凱基-虎尾,2023-02-07,9236
00893,國泰智能電動車,11,0,11,凱基-虎尾,2023-02-07,9236
4931,新盛力,12,1,11,凱基-虎尾,2023-02-07,9236
6214,精誠,11,0,11,凱基-虎尾,2023-02-07,9236
8069,元太,11,0,11,凱基-虎尾,2023-02-07,9236
00712,復華富時不動產,10,0,10,凱基-虎尾,2023-02-07,9236
1519,華城,10,0,10,凱基-虎尾,2023-02-07,9236
2002,中鋼,10,0,10,凱基-虎尾,2023-02-07,9236
2014,中鴻,10,0,10,凱基-虎尾,2023-02-07,9236
2357,華碩,10,0,10,凱基-虎尾,2023-02-07,9236
2812,台中銀,10,0,10,凱基-虎尾,2023-02-07,9236
3078,僑威,10,0,10,凱基-虎尾,2023-02-07,9236
6205,詮欣,28,18,10,凱基-虎尾,2023-02-07,9236
2457,飛宏,9,0,9,凱基-虎尾,2023-02-07,9236
3479,安勤,10,1,9,凱基-虎尾,2023-02-07,9236
5009,榮剛,9,0,9,凱基-虎尾,2023-02-07,9236
6509,聚和,20,11,9,凱基-虎尾,2023-02-07,9236
4979,華星光,8,0,8,凱基-虎尾,2023-02-07,9236
3162,精確,9,1,8,凱基-虎尾,2023-02-07,9236
4128,中天,8,0,8,凱基-虎尾,2023-02-07,9236
8446,華研,8,0,8,凱基-虎尾,2023-02-07,9236
2368,金像電,14,6,8,凱基-虎尾,2023-02-07,9236
2603,長榮,13,6,7,凱基-虎尾,2023-02-07,9236
2891,中信金,8,1,7,凱基-虎尾,2023-02-07,9236
3287,廣寰科,7,0,7,凱基-虎尾,2023-02-07,9236
3289,宜特,7,0,7,凱基-虎尾,2023-02-07,9236
6282,康舒,11,4,7,凱基-虎尾,2023-02-07,9236
1432,大魯閣,7,0,7,凱基-虎尾,2023-02-07,9236
00900,富邦特選高股息30,6,0,6,凱基-虎尾,2023-02-07,9236
1605,華新,53,47,6,凱基-虎尾,2023-02-07,9236
1752,南光,22,16,6,凱基-虎尾,2023-02-07,9236
2303,聯電,1039,66,973,凱基-虎尾,2023-02-08,9236
2409,友達,5086,4674,412,凱基-虎尾,2023-02-08,9236
2354,鴻準,401,1,400,凱基-虎尾,2023-02-08,9236
00679B,元大美債20年,204,0,204,凱基-虎尾,2023-02-08,9236
00632R,元大台灣50反1,102,0,102,凱基-虎尾,2023-02-08,9236
6129,普誠,88,23,65,凱基-虎尾,2023-02-08,9236
2367,燿華,49,1,48,凱基-虎尾,2023-02-08,9236
1785,光洋科,43,3,40,凱基-虎尾,2023-02-08,9236
6282,康舒,57,30,27,凱基-虎尾,2023-02-08,9236
2702,華園,25,0,25,凱基-虎尾,2023-02-08,9236
2834,臺企銀,24,0,24,凱基-虎尾,2023-02-08,9236
1711,永光,20,0,20,凱基-虎尾,2023-02-08,9236
8050,廣積,20,0,20,凱基-虎尾,2023-02-08,9236
2603,長榮,22,2,20,凱基-虎尾,2023-02-08,9236
2609,陽明,19,0,19,凱基-虎尾,2023-02-08,9236
2610,華航,25,7,18,凱基-虎尾,2023-02-08,9236
4164,承業醫,20,3,17,凱基-虎尾,2023-02-08,9236
1101,台泥,15,1,14,凱基-虎尾,2023-02-08,9236
2344,華邦電,19,5,14,凱基-虎尾,2023-02-08,9236
2618,長榮航,23,10,13,凱基-虎尾,2023-02-08,9236
2883,凱基金,12,0,12,凱基-虎尾,2023-02-08,9236
6116,彩晶,12,0,12,凱基-虎尾,2023-02-08,9236
8261,富鼎,14,2,12,凱基-虎尾,2023-02-08,9236
3444,利機,14,2,12,凱基-虎尾,2023-02-08,9236
2881,富邦金,11,0,11,凱基-虎尾,2023-02-08,9236
00878,國泰永續高股息,16,6,10,凱基-虎尾,2023-02-08,9236
1342,八貫,10,0,10,凱基-虎尾,2023-02-08,9236
00893,國泰智能電動車,20,10,10,凱基-虎尾,2023-02-08,9236
00885,富邦越南,10,0,10,凱基-虎尾,2023-02-08,9236
2009,第一銅,18,8,10,凱基-虎尾,2023-02-08,9236
2349,錸德,10,0,10,凱基-虎尾,2023-02-08,9236
2801,彰銀,10,0,10,凱基-虎尾,2023-02-08,9236
6625,必應,10,0,10,凱基-虎尾,2023-02-08,9236
4979,華星光,22,12,10,凱基-虎尾,2023-02-08,9236
2884,玉山金,8,0,8,凱基-虎尾,2023-02-08,9236
6568,宏觀,8,0,8,凱基-虎尾,2023-02-08,9236
6770,力積電,15,7,8,凱基-虎尾,2023-02-08,9236
4128,中天,8,0,8,凱基-虎尾,2023-02-08,9236
6104,創惟,7,0,7,凱基-虎尾,2023-02-08,9236
2867,三商壽,8,1,7,凱基-虎尾,2023-02-08,9236
00751B,元大AAA至A公司債,7,0,7,凱基-虎尾,2023-02-08,9236
2338,光罩,7,0,7,凱基-虎尾,2023-02-08,9236
6806,森崴能源,7,0,7,凱基-虎尾,2023-02-08,9236
6139,亞翔,6,0,6,凱基-虎尾,2023-02-08,9236
1513,中興電,9,3,6,凱基-虎尾,2023-02-08,9236
3105,穩懋,5,0,5,凱基-虎尾,2023-02-08,9236
00687B,國泰20年美債,5,0,5,凱基-虎尾,2023-02-08,9236
00921,兆豐龍頭等權重,5,0,5,凱基-虎尾,2023-02-08,9236
00905,FT臺灣Smart,5,0,5,凱基-虎尾,2023-02-08,9236
1102,亞泥,5,0,5,凱基-虎尾,2023-02-08,9236
2354,鴻準,281,0,281,凱基-虎尾,2023-02-09,9236
3037,欣興,383,231,152,凱基-虎尾,2023-02-09,9236
8033,雷虎,106,1,105,凱基-虎尾,2023-02-09,9236
1609,大亞,66,2,64,凱基-虎尾,2023-02-09,9236
1584,精剛,110,48,62,凱基-虎尾,2023-02-09,9236
2344,華邦電,56,11,45,凱基-虎尾,2023-02-09,9236
2303,聯電,274,230,44,凱基-虎尾,2023-02-09,9236
1519,華城,33,0,33,凱基-虎尾,2023-02-09,9236
2201,裕隆,41,11,30,凱基-虎尾,2023-02-09,9236
6282,康舒,61,32,29,凱基-虎尾,2023-02-09,9236
2883,凱基金,26,0,26,凱基-虎尾,2023-02-09,9236
1530,亞崴,24,0,24,凱基-虎尾,2023-02-09,9236
2498,宏達電,32,11,21,凱基-虎尾,2023-02-09,9236
2484,希華,20,0,20,凱基-虎尾,2023-02-09,9236
4106,雃博,20,0,20,凱基-虎尾,2023-02-09,9236
5324,士開,20,0,20,凱基-虎尾,2023-02-09,9236
4979,華星光,23,4,19,凱基-虎尾,2023-02-09,9236
1714,和桐,17,0,17,凱基-虎尾,2023-02-09,9236
00679B,元大美債20年,16,0,16,凱基-虎尾,2023-02-09,9236
2468,華經,16,0,16,凱基-虎尾,2023-02-09,9236
6182,合晶,16,0,16,凱基-虎尾,2023-02-09,9236
8996,高力,41,26,15,凱基-虎尾,2023-02-09,9236
1605,華新,23,8,15,凱基-虎尾,2023-02-09,9236
3049,精金,15,0,15,凱基-虎尾,2023-02-09,9236
8049,晶采,15,0,15,凱基-虎尾,2023-02-09,9236
8289,泰藝,15,0,15,凱基-虎尾,2023-02-09,9236
00878,國泰永續高股息,14,0,14,凱基-虎尾,2023-02-09,9236
1785,光洋科,15,1,14,凱基-虎尾,2023-02-09,9236
2609,陽明,14,1,13,凱基-虎尾,2023-02-09,9236
3128,昇銳,15,2,13,凱基-虎尾,2023-02-09,9236
4746,台耀,11,0,11,凱基-虎尾,2023-02-09,9236
1312,國喬,10,0,10,凱基-虎尾,2023-02-09,9236
00638R,元大滬深300反1,10,0,10,凱基-虎尾,2023-02-09,9236
2028,威致,10,0,10,凱基-虎尾,2023-02-09,9236
2103,台橡,10,0,10,凱基-虎尾,2023-02-09,9236
2834,臺企銀,10,0,10,凱基-虎尾,2023-02-09,9236
3078,僑威,10,0,10,凱基-虎尾,2023-02-09,9236
4931,新盛力,29,19,10,凱基-虎尾,2023-02-09,9236
3661,世芯-KY,65,56,9,凱基-虎尾,2023-02-09,9236
8261,富鼎,10,1,9,凱基-虎尾,2023-02-09,9236
8938,明安,12,3,9,凱基-虎尾,2023-02-09,9236
4541,晟田,11,3,8,凱基-虎尾,2023-02-09,9236
6235,華孚,44,36,8,凱基-虎尾,2023-02-09,9236
2888,新光金,7,0,7,凱基-虎尾,2023-02-09,9236
6143,振曜,9,2,7,凱基-虎尾,2023-02-09,9236
6217,中探針,7,0,7,凱基-虎尾,2023-02-09,9236
8069,元太,13,6,7,凱基-虎尾,2023-02-09,9236
00893,國泰智能電動車,6,0,6,凱基-虎尾,2023-02-09,9236
2208,台船,6,0,6,凱基-虎尾,2023-02-09,9236
2392,正崴,7,1,6,凱基-虎尾,2023-02-09,9236
2354,鴻準,103,0,103,凱基-虎尾,2023-02-10,9236
6116,彩晶,100,0,100,凱基-虎尾,2023-02-10,9236
2330,台積電,320,222,98,凱基-虎尾,2023-02-10,9236
2328,廣宇,61,0,61,凱基-虎尾,2023-02-10,9236
2303,聯電,1322,1268,54,凱基-虎尾,2023-02-10,9236
00753L,中信中國50正2,53,0,53,凱基-虎尾,2023-02-10,9236
2618,長榮航,102,51,51,凱基-虎尾,2023-02-10,9236
00878,國泰永續高股息,42,2,40,凱基-虎尾,2023-02-10,9236
2409,友達,39,0,39,凱基-虎尾,2023-02-10,9236
5009,榮剛,64,33,31,凱基-虎尾,2023-02-10,9236
2609,陽明,26,0,26,凱基-虎尾,2023-02-10,9236
2634,漢翔,54,32,22,凱基-虎尾,2023-02-10,9236
1417,嘉裕,41,20,21,凱基-虎尾,2023-02-10,9236
1605,華新,40,19,21,凱基-虎尾,2023-02-10,9236
2401,凌陽,21,0,21,凱基-虎尾,2023-02-10,9236
2883,凱基金,21,0,21,凱基-虎尾,2023-02-10,9236
2329,華泰,20,0,20,凱基-虎尾,2023-02-10,9236
6509,聚和,25,5,20,凱基-虎尾,2023-02-10,9236
8210,勤誠,20,0,20,凱基-虎尾,2023-02-10,9236
3046,建��,19,0,19,凱基-虎尾,2023-02-10,9236
1519,華城,31,13,18,凱基-虎尾,2023-02-10,9236
3128,昇銳,19,1,18,凱基-虎尾,2023-02-10,9236
2888,新光金,17,0,17,凱基-虎尾,2023-02-10,9236
1810,和成,48,31,17,凱基-虎尾,2023-02-10,9236
3228,金麗科,16,0,16,凱基-虎尾,2023-02-10,9236
4743,合一,16,1,15,凱基-虎尾,2023-02-10,9236
2610,華航,51,37,14,凱基-虎尾,2023-02-10,9236
6282,康舒,33,22,11,凱基-虎尾,2023-02-10,9236
5309,系統電,17,6,11,凱基-虎尾,2023-02-10,9236
2323,中環,11,0,11,凱基-虎尾,2023-02-10,9236
00712,復華富時不動產,11,0,11,凱基-虎尾,2023-02-10,9236
00915,凱基優選高股息30,10,0,10,凱基-虎尾,2023-02-10,9236
00673R,期元大S＆P原油反1,10,0,10,凱基-虎尾,2023-02-10,9236
2023,燁輝,10,0,10,凱基-虎尾,2023-02-10,9236
2453,凌群,13,3,10,凱基-虎尾,2023-02-10,9236
2801,彰銀,10,0,10,凱基-虎尾,2023-02-10,9236
2882,國泰金,10,0,10,凱基-虎尾,2023-02-10,9236
2889,國票金,10,0,10,凱基-虎尾,2023-02-10,9236
3078,僑威,10,0,10,凱基-虎尾,2023-02-10,9236
4533,協易機,14,4,10,凱基-虎尾,2023-02-10,9236
8049,晶采,10,0,10,凱基-虎尾,2023-02-10,9236
9103,美德醫療-DR,10,0,10,凱基-虎尾,2023-02-10,9236
2603,長榮,15,6,9,凱基-虎尾,2023-02-10,9236
00751B,元大AAA至A公司債,9,0,9,凱基-虎尾,2023-02-10,9236
00650L,復華香港正2,9,0,9,凱基-虎尾,2023-02-10,9236
4130,健亞,10,1,9,凱基-虎尾,2023-02-10,9236
2886,兆豐金,11,2,9,凱基-虎尾,2023-02-10,9236
3481,群創,509,501,8,凱基-虎尾,2023-02-10,9236
00679B,元大美債20年,7,0,7,凱基-虎尾,2023-02-10,9236
2867,三商壽,17,10,7,凱基-虎尾,2023-02-10,9236
3481,群創,168,8,160,凱基-虎尾,2023-02-13,9236
2409,友達,117,0,117,凱基-虎尾,2023-02-13,9236
1314,中石化,100,0,100,凱基-虎尾,2023-02-13,9236
00753L,中信中國50正2,50,0,50,凱基-虎尾,2023-02-13,9236
00878,國泰永續高股息,48,4,44,凱基-虎尾,2023-02-13,9236
2884,玉山金,310,266,44,凱基-虎尾,2023-02-13,9236
6189,豐藝,40,0,40,凱基-虎尾,2023-02-13,9236
00751B,元大AAA至A公司債,33,0,33,凱基-虎尾,2023-02-13,9236
3128,昇銳,34,6,28,凱基-虎尾,2023-02-13,9236
00679B,元大美債20年,25,0,25,凱基-虎尾,2023-02-13,9236
6235,華孚,23,2,21,凱基-虎尾,2023-02-13,9236
6509,聚和,20,0,20,凱基-虎尾,2023-02-13,9236
1519,華城,21,2,19,凱基-虎尾,2023-02-13,9236
2314,台揚,22,4,18,凱基-虎尾,2023-02-13,9236
4979,華星光,31,14,17,凱基-虎尾,2023-02-13,9236
2609,陽明,58,42,16,凱基-虎尾,2023-02-13,9236
3498,陽程,16,0,16,凱基-虎尾,2023-02-13,9236
5312,寶島科,16,0,16,凱基-虎尾,2023-02-13,9236
2023,燁輝,15,0,15,凱基-虎尾,2023-02-13,9236
2102,泰豐,14,0,14,凱基-虎尾,2023-02-13,9236
3704,合勤控,22,9,13,凱基-虎尾,2023-02-13,9236
8033,雷虎,31,18,13,凱基-虎尾,2023-02-13,9236
8069,元太,15,2,13,凱基-虎尾,2023-02-13,9236
2405,輔信,12,0,12,凱基-虎尾,2023-02-13,9236
3289,宜特,14,2,12,凱基-虎尾,2023-02-13,9236
2495,普安,13,2,11,凱基-虎尾,2023-02-13,9236
2888,新光金,11,0,11,凱基-虎尾,2023-02-13,9236
1529,樂事綠能,10,0,10,凱基-虎尾,2023-02-13,9236
1795,美時,23,13,10,凱基-虎尾,2023-02-13,9236
1815,富喬,10,0,10,凱基-虎尾,2023-02-13,9236
1605,華新,10,1,9,凱基-虎尾,2023-02-13,9236
1584,精剛,18,10,8,凱基-虎尾,2023-02-13,9236
2014,中鴻,11,3,8,凱基-虎尾,2023-02-13,9236
4960,誠美材,8,0,8,凱基-虎尾,2023-02-13,9236
5315,光聯,8,0,8,凱基-虎尾,2023-02-13,9236
6288,聯嘉,8,0,8,凱基-虎尾,2023-02-13,9236
6603,富強鑫,8,0,8,凱基-虎尾,2023-02-13,9236
3014,聯陽,7,0,7,凱基-虎尾,2023-02-13,9236
3138,耀登,14,7,7,凱基-虎尾,2023-02-13,9236
2812,台中銀,7,0,7,凱基-虎尾,2023-02-13,9236
0056,元大高股息,6,0,6,凱基-虎尾,2023-02-13,9236
00903,富邦元宇宙,6,0,6,凱基-虎尾,2023-02-13,9236
2358,廷鑫,6,0,6,凱基-虎尾,2023-02-13,9236
2480,敦陽科,6,0,6,凱基-虎尾,2023-02-13,9236
2886,兆豐金,7,1,6,凱基-虎尾,2023-02-13,9236
6541,泰福-KY,6,0,6,凱基-虎尾,2023-02-13,9236
9938,百和,8,2,6,凱基-虎尾,2023-02-13,9236
00773B,中信優先金融債,5,0,5,凱基-虎尾,2023-02-13,9236
00701,國泰股利精選30,5,0,5,凱基-虎尾,2023-02-13,9236
1101,台泥,5,0,5,凱基-虎尾,2023-02-13,9236
2409,友達,2339,1416,923,凱基-虎尾,2023-02-14,9236
4106,雃博,100,0,100,凱基-虎尾,2023-02-14,9236
2618,長榮航,55,4,51,凱基-虎尾,2023-02-14,9236
6806,森崴能源,35,0,35,凱基-虎尾,2023-02-14,9236
2206,三陽工業,32,0,32,凱基-虎尾,2023-02-14,9236
3521,鴻翊,30,0,30,凱基-虎尾,2023-02-14,9236
00673R,期元大S＆P原油反1,28,0,28,凱基-虎尾,2023-02-14,9236
2890,永豐金,22,0,22,凱基-虎尾,2023-02-14,9236
8105,凌巨,36,14,22,凱基-虎尾,2023-02-14,9236
00632R,元大台灣50反1,21,0,21,凱基-虎尾,2023-02-14,9236
2337,旺宏,19,0,19,凱基-虎尾,2023-02-14,9236
2484,希華,19,0,19,凱基-虎尾,2023-02-14,9236
8222,寶一,22,5,17,凱基-虎尾,2023-02-14,9236
2743,山富,17,0,17,凱基-虎尾,2023-02-14,9236
6245,立端,17,2,15,凱基-虎尾,2023-02-14,9236
8171,天宇,16,3,13,凱基-虎尾,2023-02-14,9236
9904,寶成,14,1,13,凱基-虎尾,2023-02-14,9236
1101,台泥,11,0,11,凱基-虎尾,2023-02-14,9236
3260,威剛,12,1,11,凱基-虎尾,2023-02-14,9236
3479,安勤,15,4,11,凱基-虎尾,2023-02-14,9236
5410,國眾,12,1,11,凱基-虎尾,2023-02-14,9236
6175,立敦,11,0,11,凱基-虎尾,2023-02-14,9236
00637L,元大滬深300正2,10,0,10,凱基-虎尾,2023-02-14,9236
2028,威致,10,0,10,凱基-虎尾,2023-02-14,9236
2312,金寶,10,0,10,凱基-虎尾,2023-02-14,9236
2481,強茂,11,1,10,凱基-虎尾,2023-02-14,9236
3040,遠見,10,0,10,凱基-虎尾,2023-02-14,9236
4119,旭富,10,0,10,凱基-虎尾,2023-02-14,9236
4167,松瑞藥,11,1,10,凱基-虎尾,2023-02-14,9236
5324,士開,10,0,10,凱基-虎尾,2023-02-14,9236
2303,聯電,20,11,9,凱基-虎尾,2023-02-14,9236
6589,台康生技,10,1,9,凱基-虎尾,2023-02-14,9236
9958,世紀鋼,9,0,9,凱基-虎尾,2023-02-14,9236
3528,安馳,10,2,8,凱基-虎尾,2023-02-14,9236
6548,長科*,16,8,8,凱基-虎尾,2023-02-14,9236
5222,全訊,7,0,7,凱基-虎尾,2023-02-14,9236
8349,�矬�,9,2,7,凱基-虎尾,2023-02-14,9236
6517,保勝光學,7,1,6,凱基-虎尾,2023-02-14,9236
2707,晶華,6,0,6,凱基-虎尾,2023-02-14,9236
2748,雲品,10,4,6,凱基-虎尾,2023-02-14,9236
4129,聯合,12,6,6,凱基-虎尾,2023-02-14,9236
5344,立衛,6,0,6,凱基-虎尾,2023-02-14,9236
5706,鳳凰,6,0,6,凱基-虎尾,2023-02-14,9236
4114,健喬,9,4,5,凱基-虎尾,2023-02-14,9236
2345,智邦,5,0,5,凱基-虎尾,2023-02-14,9236
2358,廷鑫,5,0,5,凱基-虎尾,2023-02-14,9236
2379,瑞昱,5,0,5,凱基-虎尾,2023-02-14,9236
2498,宏達電,5,0,5,凱基-虎尾,2023-02-14,9236
2723,美食-KY,6,1,5,凱基-虎尾,2023-02-14,9236
2727,王品,5,0,5,凱基-虎尾,2023-02-14,9236
2354,鴻準,193,1,192,凱基-虎尾,2023-02-15,9236
00632R,元大台灣50反1,65,0,65,凱基-虎尾,2023-02-15,9236
00878,國泰永續高股息,54,0,54,凱基-虎尾,2023-02-15,9236
4979,華星光,34,0,34,凱基-虎尾,2023-02-15,9236
00891,中信關鍵半導體,26,0,26,凱基-虎尾,2023-02-15,9236
00673R,期元大S＆P原油反1,25,0,25,凱基-虎尾,2023-02-15,9236
9935,慶豐富,20,0,20,凱基-虎尾,2023-02-15,9236
5905,南仁湖,34,15,19,凱基-虎尾,2023-02-15,9236
3710,連展投控,18,1,17,凱基-虎尾,2023-02-15,9236
1529,樂事綠能,25,10,15,凱基-虎尾,2023-02-15,9236
1785,光洋科,14,0,14,凱基-虎尾,2023-02-15,9236
6115,鎰勝,13,0,13,凱基-虎尾,2023-02-15,9236
3564,其陽,12,0,12,凱基-虎尾,2023-02-15,9236
00725B,國泰投資級公司債,11,0,11,凱基-虎尾,2023-02-15,9236
00720B,元大投資級公司債,11,0,11,凱基-虎尾,2023-02-15,9236
2367,燿華,11,0,11,凱基-虎尾,2023-02-15,9236
6282,康舒,12,2,10,凱基-虎尾,2023-02-15,9236
2883,凱基金,10,0,10,凱基-虎尾,2023-02-15,9236
1611,中電,10,0,10,凱基-虎尾,2023-02-15,9236
2201,裕隆,12,2,10,凱基-虎尾,2023-02-15,9236
3231,緯創,10,0,10,凱基-虎尾,2023-02-15,9236
5324,士開,10,0,10,凱基-虎尾,2023-02-15,9236
6116,彩晶,10,0,10,凱基-虎尾,2023-02-15,9236
2884,玉山金,9,0,9,凱基-虎尾,2023-02-15,9236
2002,中鋼,10,1,9,凱基-虎尾,2023-02-15,9236
3189,景碩,13,4,9,凱基-虎尾,2023-02-15,9236
6235,華孚,37,28,9,凱基-虎尾,2023-02-15,9236
6509,聚和,10,1,9,凱基-虎尾,2023-02-15,9236
1447,力鵬,8,0,8,凱基-虎尾,2023-02-15,9236
2609,陽明,17,9,8,凱基-虎尾,2023-02-15,9236
3078,僑威,8,0,8,凱基-虎尾,2023-02-15,9236
3094,聯傑,20,12,8,凱基-虎尾,2023-02-15,9236
2462,良得電,7,0,7,凱基-虎尾,2023-02-15,9236
4919,新唐,8,1,7,凱基-虎尾,2023-02-15,9236
2468,華經,10,4,6,凱基-虎尾,2023-02-15,9236
6217,中探針,29,23,6,凱基-虎尾,2023-02-15,9236
2882,國泰金,6,1,5,凱基-虎尾,2023-02-15,9236
6770,力積電,6,1,5,凱基-虎尾,2023-02-15,9236
00715L,期街口布蘭特正2,5,0,5,凱基-虎尾,2023-02-15,9236
00905,FT臺灣Smart,5,0,5,凱基-虎尾,2023-02-15,9236
2020,美亞,5,0,5,凱基-虎尾,2023-02-15,9236
2105,正新,5,0,5,凱基-虎尾,2023-02-15,9236
2371,大同,10,5,5,凱基-虎尾,2023-02-15,9236
2392,正崴,6,1,5,凱基-虎尾,2023-02-15,9236
3027,盛達,5,0,5,凱基-虎尾,2023-02-15,9236
3035,智原,7,2,5,凱基-虎尾,2023-02-15,9236
3624,光頡,9,4,5,凱基-虎尾,2023-02-15,9236
5309,系統電,13,8,5,凱基-虎尾,2023-02-15,9236
5706,鳳凰,45,40,5,凱基-虎尾,2023-02-15,9236
5880,合庫金,5,0,5,凱基-虎尾,2023-02-15,9236
2610,華航,1717,124,1593,凱基-虎尾,2023-02-16,9236
2354,鴻準,148,1,147,凱基-虎尾,2023-02-16,9236
2330,台積電,151,5,146,凱基-虎尾,2023-02-16,9236
2883,凱基金,113,12,101,凱基-虎尾,2023-02-16,9236
3481,群創,5880,5793,87,凱基-虎尾,2023-02-16,9236
00878,國泰永續高股息,64,7,57,凱基-虎尾,2023-02-16,9236
00632R,元大台灣50反1,42,0,42,凱基-虎尾,2023-02-16,9236
6282,康舒,42,0,42,凱基-虎尾,2023-02-16,9236
00679B,元大美債20年,39,0,39,凱基-虎尾,2023-02-16,9236
3128,昇銳,56,20,36,凱基-虎尾,2023-02-16,9236
5258,虹堡,48,12,36,凱基-虎尾,2023-02-16,9236
3013,晟銘電,35,1,34,凱基-虎尾,2023-02-16,9236
3062,建漢,34,0,34,凱基-虎尾,2023-02-16,9236
3576,聯合再生,30,0,30,凱基-虎尾,2023-02-16,9236
4938,和碩,30,0,30,凱基-虎尾,2023-02-16,9236
2344,華邦電,37,10,27,凱基-虎尾,2023-02-16,9236
2736,富野,25,0,25,凱基-虎尾,2023-02-16,9236
3704,合勤控,23,0,23,凱基-虎尾,2023-02-16,9236
3162,精確,22,2,20,凱基-虎尾,2023-02-16,9236
1611,中電,18,0,18,凱基-虎尾,2023-02-16,9236
3545,敦泰,17,0,17,凱基-虎尾,2023-02-16,9236
5351,鈺創,18,1,17,凱基-虎尾,2023-02-16,9236
2457,飛宏,39,23,16,凱基-虎尾,2023-02-16,9236
5371,中光電,16,0,16,凱基-虎尾,2023-02-16,9236
6182,合晶,14,0,14,凱基-虎尾,2023-02-16,9236
3290,東浦,13,0,13,凱基-虎尾,2023-02-16,9236
8033,雷虎,13,0,13,凱基-虎尾,2023-02-16,9236
1319,東陽,12,0,12,凱基-虎尾,2023-02-16,9236
3710,連展投控,32,20,12,凱基-虎尾,2023-02-16,9236
3094,聯傑,44,33,11,凱基-虎尾,2023-02-16,9236
3362,先進光,11,0,11,凱基-虎尾,2023-02-16,9236
4979,華星光,43,32,11,凱基-虎尾,2023-02-16,9236
6456,GIS-KY,12,1,11,凱基-虎尾,2023-02-16,9236
8358,金居,14,3,11,凱基-虎尾,2023-02-16,9236
1513,中興電,43,32,11,凱基-虎尾,2023-02-16,9236
00885,富邦越南,10,0,10,凱基-虎尾,2023-02-16,9236
00673R,期元大S＆P原油反1,10,0,10,凱基-虎尾,2023-02-16,9236
2369,菱生,11,1,10,凱基-虎尾,2023-02-16,9236
4119,旭富,10,0,10,凱基-虎尾,2023-02-16,9236
4968,立積,11,1,10,凱基-虎尾,2023-02-16,9236
6118,建達,10,0,10,凱基-虎尾,2023-02-16,9236
6173,信昌電,10,0,10,凱基-虎尾,2023-02-16,9236
6175,立敦,10,0,10,凱基-虎尾,2023-02-16,9236
0056,元大高股息,10,0,10,凱基-虎尾,2023-02-16,9236
8996,高力,159,150,9,凱基-虎尾,2023-02-16,9236
3163,波若威,9,0,9,凱基-虎尾,2023-02-16,9236
2426,鼎元,8,0,8,凱基-虎尾,2023-02-16,9236
3209,全科,8,0,8,凱基-虎尾,2023-02-16,9236
3714,富采,11,3,8,凱基-虎尾,2023-02-16,9236
6290,良維,8,0,8,凱基-虎尾,2023-02-16,9236
3710,連展投控,145,1,144,凱基-虎尾,2023-02-17,9236
2354,鴻準,127,0,127,凱基-虎尾,2023-02-17,9236
00632R,元大台灣50反1,80,32,48,凱基-虎尾,2023-02-17,9236
00751B,元大AAA至A公司債,35,0,35,凱基-虎尾,2023-02-17,9236
00679B,元大美債20年,30,0,30,凱基-虎尾,2023-02-17,9236
00878,國泰永續高股息,24,1,23,凱基-虎尾,2023-02-17,9236
1810,和成,36,17,19,凱基-虎尾,2023-02-17,9236
5309,系統電,22,7,15,凱基-虎尾,2023-02-17,9236
2892,第一金,13,0,13,凱基-虎尾,2023-02-17,9236
4721,美琪瑪,13,0,13,凱基-虎尾,2023-02-17,9236
1519,華城,24,12,12,凱基-虎尾,2023-02-17,9236
2471,資通,12,0,12,凱基-虎尾,2023-02-17,9236
4726,永昕,12,0,12,凱基-虎尾,2023-02-17,9236
8261,富鼎,21,9,12,凱基-虎尾,2023-02-17,9236
2812,台中銀,11,0,11,凱基-虎尾,2023-02-17,9236
6443,元晶,101,90,11,凱基-虎尾,2023-02-17,9236
8183,精星,11,0,11,凱基-虎尾,2023-02-17,9236
1529,樂事綠能,13,3,10,凱基-虎尾,2023-02-17,9236
00680L,元大美債20正2,10,0,10,凱基-虎尾,2023-02-17,9236
2723,美食-KY,10,0,10,凱基-虎尾,2023-02-17,9236
3552,同致,10,0,10,凱基-虎尾,2023-02-17,9236
9902,台火,10,0,10,凱基-虎尾,2023-02-17,9236
5353,台林,9,0,9,凱基-虎尾,2023-02-17,9236
5706,鳳凰,21,13,8,凱基-虎尾,2023-02-17,9236
00772B,中信高評級公司債,7,0,7,凱基-虎尾,2023-02-17,9236
3264,欣銓,10,3,7,凱基-虎尾,2023-02-17,9236
4541,晟田,7,0,7,凱基-虎尾,2023-02-17,9236
6189,豐藝,7,0,7,凱基-虎尾,2023-02-17,9236
6202,盛群,7,0,7,凱基-虎尾,2023-02-17,9236
6235,華孚,36,29,7,凱基-虎尾,2023-02-17,9236
6278,台表科,7,0,7,凱基-虎尾,2023-02-17,9236
8383,千附,13,6,7,凱基-虎尾,2023-02-17,9236
1402,遠東新,6,0,6,凱基-虎尾,2023-02-17,9236
0056,元大高股息,6,0,6,凱基-虎尾,2023-02-17,9236
1905,華紙,6,0,6,凱基-虎尾,2023-02-17,9236
2867,三商壽,6,0,6,凱基-虎尾,2023-02-17,9236
3594,磐儀,9,3,6,凱基-虎尾,2023-02-17,9236
4566,時碩工業,7,1,6,凱基-虎尾,2023-02-17,9236
1503,士電,13,8,5,凱基-虎尾,2023-02-17,9236
00795B,中信美國公債20年,5,0,5,凱基-虎尾,2023-02-17,9236
00885,富邦越南,5,0,5,凱基-虎尾,2023-02-17,9236
4967,十銓,6,1,5,凱基-虎尾,2023-02-17,9236
2603,長榮,4,0,4,凱基-虎尾,2023-02-17,9236
00900,富邦特選高股息30,4,0,4,凱基-虎尾,2023-02-17,9236
00893,國泰智能電動車,5,1,4,凱基-虎尾,2023-02-17,9236
1723,中碳,4,0,4,凱基-虎尾,2023-02-17,9236
2497,怡利電,8,4,4,凱基-虎尾,2023-02-17,9236
2634,漢翔,16,12,4,凱基-虎尾,2023-02-17,9236
3558,神準,6,2,4,凱基-虎尾,2023-02-17,9236
3605,宏致,5,1,4,凱基-虎尾,2023-02-17,9236
1314,中石化,201,20,181,凱基-虎尾,2023-02-20,9236
2354,鴻準,164,0,164,凱基-虎尾,2023-02-20,9236
00632R,元大台灣50反1,145,0,145,凱基-虎尾,2023-02-20,9236
6118,建達,59,0,59,凱基-虎尾,2023-02-20,9236
8033,雷虎,71,14,57,凱基-虎尾,2023-02-20,9236
3049,精金,52,2,50,凱基-虎尾,2023-02-20,9236
3006,晶豪科,51,3,48,凱基-虎尾,2023-02-20,9236
3306,鼎天,43,0,43,凱基-虎尾,2023-02-20,9236
2367,燿華,42,0,42,凱基-虎尾,2023-02-20,9236
1609,大亞,38,2,36,凱基-虎尾,2023-02-20,9236
1504,東元,28,6,22,凱基-虎尾,2023-02-20,9236
3027,盛達,39,17,22,凱基-虎尾,2023-02-20,9236
3128,昇銳,21,0,21,凱基-虎尾,2023-02-20,9236
6603,富強鑫,23,2,21,凱基-虎尾,2023-02-20,9236
3025,星通,20,0,20,凱基-虎尾,2023-02-20,9236
8049,晶采,20,0,20,凱基-虎尾,2023-02-20,9236
2486,一詮,19,0,19,凱基-虎尾,2023-02-20,9236
2340,台亞,22,4,18,凱基-虎尾,2023-02-20,9236
2402,毅嘉,18,0,18,凱基-虎尾,2023-02-20,9236
2906,高林,17,1,16,凱基-虎尾,2023-02-20,9236
3454,晶睿,20,4,16,凱基-虎尾,2023-02-20,9236
00878,國泰永續高股息,17,1,16,凱基-虎尾,2023-02-20,9236
00919,群益台灣精選高息,15,0,15,凱基-虎尾,2023-02-20,9236
6129,普誠,14,0,14,凱基-虎尾,2023-02-20,9236
8044,網家,14,0,14,凱基-虎尾,2023-02-20,9236
2352,佳世達,13,0,13,凱基-虎尾,2023-02-20,9236
3508,位速,12,0,12,凱基-虎尾,2023-02-20,9236
5706,鳳凰,16,4,12,凱基-虎尾,2023-02-20,9236
6116,彩晶,13,2,11,凱基-虎尾,2023-02-20,9236
6189,豐藝,11,0,11,凱基-虎尾,2023-02-20,9236
2457,飛宏,20,9,11,凱基-虎尾,2023-02-20,9236
1444,力麗,11,1,10,凱基-虎尾,2023-02-20,9236
00715L,期街口布蘭特正2,11,1,10,凱基-虎尾,2023-02-20,9236
2478,大毅,10,0,10,凱基-虎尾,2023-02-20,9236
3322,建舜電,10,0,10,凱基-虎尾,2023-02-20,9236
3710,連展投控,10,0,10,凱基-虎尾,2023-02-20,9236
6109,亞元,10,0,10,凱基-虎尾,2023-02-20,9236
8182,加高,10,0,10,凱基-虎尾,2023-02-20,9236
1605,華新,33,24,9,凱基-虎尾,2023-02-20,9236
2880,華南金,10,1,9,凱基-虎尾,2023-02-20,9236
2883,凱基金,20,11,9,凱基-虎尾,2023-02-20,9236
3046,建��,10,1,9,凱基-虎尾,2023-02-20,9236
3356,奇偶,9,0,9,凱基-虎尾,2023-02-20,9236
5222,全訊,10,1,9,凱基-虎尾,2023-02-20,9236
8086,宏捷科,9,0,9,凱基-虎尾,2023-02-20,9236
00772B,中信高評級公司債,8,0,8,凱基-虎尾,2023-02-20,9236
1708,東鹼,8,0,8,凱基-虎尾,2023-02-20,9236
1783,和康生,10,2,8,凱基-虎尾,2023-02-20,9236
3591,艾笛森,8,0,8,凱基-虎尾,2023-02-20,9236
4128,中天,8,0,8,凱基-虎尾,2023-02-20,9236
3037,欣興,324,1,323,凱基-虎尾,2023-02-21,9236
2884,玉山金,4353,4052,301,凱基-虎尾,2023-02-21,9236
2354,鴻準,179,3,176,凱基-虎尾,2023-02-21,9236
3189,景碩,220,118,102,凱基-虎尾,2023-02-21,9236
2618,長榮航,68,2,66,凱基-虎尾,2023-02-21,9236
1522,堤維西,67,6,61,凱基-虎尾,2023-02-21,9236
2883,凱基金,52,5,47,凱基-虎尾,2023-02-21,9236
8222,寶一,47,4,43,凱基-虎尾,2023-02-21,9236
6118,建達,54,14,40,凱基-虎尾,2023-02-21,9236
2444,兆勁,39,0,39,凱基-虎尾,2023-02-21,9236
5243,乙盛-KY,43,9,34,凱基-虎尾,2023-02-21,9236
1524,耿鼎,34,1,33,凱基-虎尾,2023-02-21,9236
4114,健喬,40,8,32,凱基-虎尾,2023-02-21,9236
2867,三商壽,33,2,31,凱基-虎尾,2023-02-21,9236
2610,華航,39,10,29,凱基-虎尾,2023-02-21,9236
2344,華邦電,92,68,24,凱基-虎尾,2023-02-21,9236
1519,華城,57,34,23,凱基-虎尾,2023-02-21,9236
2329,華泰,22,0,22,凱基-虎尾,2023-02-21,9236
2609,陽明,36,15,21,凱基-虎尾,2023-02-21,9236
2882,國泰金,20,0,20,凱基-虎尾,2023-02-21,9236
3078,僑威,20,3,17,凱基-虎尾,2023-02-21,9236
3520,華盈,19,2,17,凱基-虎尾,2023-02-21,9236
6509,聚和,19,2,17,凱基-虎尾,2023-02-21,9236
2615,萬海,21,5,16,凱基-虎尾,2023-02-21,9236
3094,聯傑,43,27,16,凱基-虎尾,2023-02-21,9236
6168,宏齊,14,0,14,凱基-虎尾,2023-02-21,9236
6235,華孚,17,3,14,凱基-虎尾,2023-02-21,9236
1795,美時,17,4,13,凱基-虎尾,2023-02-21,9236
2476,鉅祥,16,3,13,凱基-虎尾,2023-02-21,9236
8069,元太,17,4,13,凱基-虎尾,2023-02-21,9236
2342,茂矽,13,0,13,凱基-虎尾,2023-02-21,9236
2323,中環,11,0,11,凱基-虎尾,2023-02-21,9236
2371,大同,12,1,11,凱基-虎尾,2023-02-21,9236
2606,裕民,11,0,11,凱基-虎尾,2023-02-21,9236
3707,漢磊,12,1,11,凱基-虎尾,2023-02-21,9236
4931,新盛力,17,6,11,凱基-虎尾,2023-02-21,9236
2601,益航,10,0,10,凱基-虎尾,2023-02-21,9236
1444,力麗,10,0,10,凱基-虎尾,2023-02-21,9236
00680L,元大美債20正2,10,0,10,凱基-虎尾,2023-02-21,9236
2312,金寶,10,0,10,凱基-虎尾,2023-02-21,9236
3057,喬鼎,10,0,10,凱基-虎尾,2023-02-21,9236
5009,榮剛,20,10,10,凱基-虎尾,2023-02-21,9236
6179,亞通,10,0,10,凱基-虎尾,2023-02-21,9236
6245,立端,29,19,10,凱基-虎尾,2023-02-21,9236
6548,長科*,10,0,10,凱基-虎尾,2023-02-21,9236
5706,鳳凰,10,1,9,凱基-虎尾,2023-02-21,9236
2498,宏達電,16,8,8,凱基-虎尾,2023-02-21,9236
3035,智原,12,4,8,凱基-虎尾,2023-02-21,9236
1108,幸福,7,0,7,凱基-虎尾,2023-02-21,9236
1723,中碳,7,0,7,凱基-虎尾,2023-02-21,9236
2618,長榮航,193,4,189,凱基-虎尾,2023-02-22,9236
2354,鴻準,153,0,153,凱基-虎尾,2023-02-22,9236
00751B,元大AAA至A公司債,82,0,82,凱基-虎尾,2023-02-22,9236
4168,醣聯,86,7,79,凱基-虎尾,2023-02-22,9236
2888,新光金,68,0,68,凱基-虎尾,2023-02-22,9236
5905,南仁湖,54,0,54,凱基-虎尾,2023-02-22,9236
5009,榮剛,43,0,43,凱基-虎尾,2023-02-22,9236
2634,漢翔,34,3,31,凱基-虎尾,2023-02-22,9236
2388,威盛,41,10,31,凱基-虎尾,2023-02-22,9236
2705,六福,31,0,31,凱基-虎尾,2023-02-22,9236
5512,力麒,51,20,31,凱基-虎尾,2023-02-22,9236
3673,TPK-KY,24,0,24,凱基-虎尾,2023-02-22,9236
5608,四維航,36,12,24,凱基-虎尾,2023-02-22,9236
2409,友達,29,6,23,凱基-虎尾,2023-02-22,9236
3035,智原,67,45,22,凱基-虎尾,2023-02-22,9236
4967,十銓,22,0,22,凱基-虎尾,2023-02-22,9236
6189,豐藝,22,0,22,凱基-虎尾,2023-02-22,9236
00878,國泰永續高股息,36,15,21,凱基-虎尾,2023-02-22,9236
3006,晶豪科,26,5,21,凱基-虎尾,2023-02-22,9236
3013,晟銘電,21,0,21,凱基-虎尾,2023-02-22,9236
5309,系統電,21,0,21,凱基-虎尾,2023-02-22,9236
8411,福貞-KY,20,0,20,凱基-虎尾,2023-02-22,9236
1108,幸福,18,1,17,凱基-虎尾,2023-02-22,9236
2702,華園,23,6,17,凱基-虎尾,2023-02-22,9236
6245,立端,27,10,17,凱基-虎尾,2023-02-22,9236
2413,環科,16,0,16,凱基-虎尾,2023-02-22,9236
2610,華航,30,14,16,凱基-虎尾,2023-02-22,9236
3010,華立,14,0,14,凱基-虎尾,2023-02-22,9236
8358,金居,18,4,14,凱基-虎尾,2023-02-22,9236
1810,和成,38,24,14,凱基-虎尾,2023-02-22,9236
1219,福壽,12,0,12,凱基-虎尾,2023-02-22,9236
2743,山富,12,0,12,凱基-虎尾,2023-02-22,9236
2882,國泰金,12,0,12,凱基-虎尾,2023-02-22,9236
3029,零壹,12,0,12,凱基-虎尾,2023-02-22,9236
00712,復華富時不動產,11,0,11,凱基-虎尾,2023-02-22,9236
3481,群創,5536,5525,11,凱基-虎尾,2023-02-22,9236
3675,德微,13,2,11,凱基-虎尾,2023-02-22,9236
8936,國統,12,1,11,凱基-虎尾,2023-02-22,9236
2736,富野,11,0,11,凱基-虎尾,2023-02-22,9236
00904,新光臺灣半導體30,10,0,10,凱基-虎尾,2023-02-22,9236
00752,中信中國50,10,0,10,凱基-虎尾,2023-02-22,9236
00673R,期元大S＆P原油反1,10,0,10,凱基-虎尾,2023-02-22,9236
00651R,復華香港反1,10,0,10,凱基-虎尾,2023-02-22,9236
2537,聯上發,10,0,10,凱基-虎尾,2023-02-22,9236
5324,士開,10,0,10,凱基-虎尾,2023-02-22,9236
8049,晶采,10,0,10,凱基-虎尾,2023-02-22,9236
9902,台火,10,0,10,凱基-虎尾,2023-02-22,9236
6148,驊宏資,10,0,10,凱基-虎尾,2023-02-22,9236
2303,聯電,10,0,10,凱基-虎尾,2023-02-22,9236
6541,泰福-KY,9,0,9,凱基-虎尾,2023-02-22,9236
3035,智原,837,661,176,凱基-虎尾,2023-02-23,9236
00632R,元大台灣50反1,81,0,81,凱基-虎尾,2023-02-23,9236
00751B,元大AAA至A公司債,77,0,77,凱基-虎尾,2023-02-23,9236
2884,玉山金,81,4,77,凱基-虎尾,2023-02-23,9236
2601,益航,68,3,65,凱基-虎尾,2023-02-23,9236
9935,慶豐富,53,0,53,凱基-虎尾,2023-02-23,9236
00715L,期街口布蘭特正2,51,0,51,凱基-虎尾,2023-02-23,9236
2409,友達,47,3,44,凱基-虎尾,2023-02-23,9236
00642U,期元大S＆P石油,42,0,42,凱基-虎尾,2023-02-23,9236
2615,萬海,50,11,39,凱基-虎尾,2023-02-23,9236
6496,科懋,35,0,35,凱基-虎尾,2023-02-23,9236
6179,亞通,32,0,32,凱基-虎尾,2023-02-23,9236
1907,永豐餘,31,0,31,凱基-虎尾,2023-02-23,9236
2399,映泰,30,0,30,凱基-虎尾,2023-02-23,9236
2609,陽明,52,25,27,凱基-虎尾,2023-02-23,9236
3207,耀勝,33,6,27,凱基-虎尾,2023-02-23,9236
2465,麗臺,25,0,25,凱基-虎尾,2023-02-23,9236
2425,承啟,24,0,24,凱基-虎尾,2023-02-23,9236
5351,鈺創,23,0,23,凱基-虎尾,2023-02-23,9236
3624,光頡,18,0,18,凱基-虎尾,2023-02-23,9236
6129,普誠,39,21,18,凱基-虎尾,2023-02-23,9236
6150,撼訊,18,0,18,凱基-虎尾,2023-02-23,9236
2482,連宇,18,1,17,凱基-虎尾,2023-02-23,9236
3163,波若威,16,0,16,凱基-虎尾,2023-02-23,9236
3508,位速,17,1,16,凱基-虎尾,2023-02-23,9236
6477,安集,16,0,16,凱基-虎尾,2023-02-23,9236
2354,鴻準,15,0,15,凱基-虎尾,2023-02-23,9236
2449,京元電子,15,0,15,凱基-虎尾,2023-02-23,9236
2701,萬企,55,40,15,凱基-虎尾,2023-02-23,9236
1504,東元,14,0,14,凱基-虎尾,2023-02-23,9236
4919,新唐,21,7,14,凱基-虎尾,2023-02-23,9236
2883,凱基金,20,6,14,凱基-虎尾,2023-02-23,9236
3535,晶彩科,13,0,13,凱基-虎尾,2023-02-23,9236
1708,東鹼,12,0,12,凱基-虎尾,2023-02-23,9236
2324,仁寶,12,0,12,凱基-虎尾,2023-02-23,9236
2363,矽統,14,2,12,凱基-虎尾,2023-02-23,9236
2611,志信,12,0,12,凱基-虎尾,2023-02-23,9236
1762,中化生,12,1,11,凱基-虎尾,2023-02-23,9236
2014,中鴻,11,0,11,凱基-虎尾,2023-02-23,9236
2641,正德,14,3,11,凱基-虎尾,2023-02-23,9236
4164,承業醫,13,2,11,凱基-虎尾,2023-02-23,9236
6442,光聖,11,0,11,凱基-虎尾,2023-02-23,9236
8924,大田,12,1,11,凱基-虎尾,2023-02-23,9236
00882,中信中國高股息,10,0,10,凱基-虎尾,2023-02-23,9236
2331,精英,10,0,10,凱基-虎尾,2023-02-23,9236
2349,錸德,10,0,10,凱基-虎尾,2023-02-23,9236
2617,台航,10,0,10,凱基-虎尾,2023-02-23,9236
4967,十銓,22,12,10,凱基-虎尾,2023-02-23,9236
5324,士開,10,0,10,凱基-虎尾,2023-02-23,9236
6189,豐藝,10,0,10,凱基-虎尾,2023-02-23,9236
2834,臺企銀,502,8,494,凱基-虎尾,2023-02-24,9236
00882,中信中國高股息,88,0,88,凱基-虎尾,2023-02-24,9236
2884,玉山金,54,1,53,凱基-虎尾,2023-02-24,9236
2537,聯上發,50,0,50,凱基-虎尾,2023-02-24,9236
00673R,期元大S＆P原油反1,50,2,48,凱基-虎尾,2023-02-24,9236
3037,欣興,1077,1030,47,凱基-虎尾,2023-02-24,9236
00878,國泰永續高股息,49,6,43,凱基-虎尾,2023-02-24,9236
3306,鼎天,40,0,40,凱基-虎尾,2023-02-24,9236
2317,鴻海,25,0,25,凱基-虎尾,2023-02-24,9236
9935,慶豐富,45,20,25,凱基-虎尾,2023-02-24,9236
2890,永豐金,24,0,24,凱基-虎尾,2023-02-24,9236
00885,富邦越南,20,0,20,凱基-虎尾,2023-02-24,9236
1810,和成,20,0,20,凱基-虎尾,2023-02-24,9236
4106,雃博,20,0,20,凱基-虎尾,2023-02-24,9236
5324,士開,20,0,20,凱基-虎尾,2023-02-24,9236
2332,友訊,21,2,19,凱基-虎尾,2023-02-24,9236
2611,志信,30,12,18,凱基-虎尾,2023-02-24,9236
2323,中環,17,0,17,凱基-虎尾,2023-02-24,9236
2413,環科,16,0,16,凱基-虎尾,2023-02-24,9236
2633,台灣高鐵,30,15,15,凱基-虎尾,2023-02-24,9236
3038,全台,17,2,15,凱基-虎尾,2023-02-24,9236
1444,力麗,12,0,12,凱基-虎尾,2023-02-24,9236
2471,資通,12,0,12,凱基-虎尾,2023-02-24,9236
5512,力麒,11,1,10,凱基-虎尾,2023-02-24,9236
00720B,元大投資級公司債,10,0,10,凱基-虎尾,2023-02-24,9236
00680L,元大美債20正2,10,0,10,凱基-虎尾,2023-02-24,9236
2017,官田鋼,10,0,10,凱基-虎尾,2023-02-24,9236
2612,中航,10,0,10,凱基-虎尾,2023-02-24,9236
3548,兆利,10,0,10,凱基-虎尾,2023-02-24,9236
6189,豐藝,10,0,10,凱基-虎尾,2023-02-24,9236
6266,泰詠,10,0,10,凱基-虎尾,2023-02-24,9236
2637,慧洋-KY,12,2,10,凱基-虎尾,2023-02-24,9236
4114,健喬,11,2,9,凱基-虎尾,2023-02-24,9236
5009,榮剛,32,23,9,凱基-虎尾,2023-02-24,9236
1219,福壽,15,7,8,凱基-虎尾,2023-02-24,9236
3703,欣陸,11,3,8,凱基-虎尾,2023-02-24,9236
8089,康全電訊,8,0,8,凱基-虎尾,2023-02-24,9236
2457,飛宏,8,2,6,凱基-虎尾,2023-02-24,9236
1316,上曜,6,0,6,凱基-虎尾,2023-02-24,9236
2312,金寶,6,0,6,凱基-虎尾,2023-02-24,9236
00772B,中信高評級公司債,6,0,6,凱基-虎尾,2023-02-24,9236
2006,東和鋼鐵,6,0,6,凱基-虎尾,2023-02-24,9236
5464,霖宏,6,0,6,凱基-虎尾,2023-02-24,9236
8050,廣積,6,0,6,凱基-虎尾,2023-02-24,9236
8928,鉅明,8,2,6,凱基-虎尾,2023-02-24,9236
1417,嘉裕,6,1,5,凱基-虎尾,2023-02-24,9236
4167,松瑞藥,5,0,5,凱基-虎尾,2023-02-24,9236
00881,國泰台灣5G+,5,0,5,凱基-虎尾,2023-02-24,9236
2108,南帝,7,2,5,凱基-虎尾,2023-02-24,9236
2836,高雄銀,5,0,5,凱基-虎尾,2023-02-24,9236
2308,台達電,158,0,158,凱基-虎尾,2023-03-01,9236
1709,和益,82,0,82,凱基-虎尾,2023-03-01,9236
2354,鴻準,72,2,70,凱基-虎尾,2023-03-01,9236
1605,華新,71,4,67,凱基-虎尾,2023-03-01,9236
2888,新光金,67,4,63,凱基-虎尾,2023-03-01,9236
1219,福壽,81,25,56,凱基-虎尾,2023-03-01,9236
3576,聯合再生,50,0,50,凱基-虎尾,2023-03-01,9236
1752,南光,47,0,47,凱基-虎尾,2023-03-01,9236
2610,華航,57,11,46,凱基-虎尾,2023-03-01,9236
1316,上曜,44,0,44,凱基-虎尾,2023-03-01,9236
2303,聯電,1692,1649,43,凱基-虎尾,2023-03-01,9236
2897,王道銀行,40,0,40,凱基-虎尾,2023-03-01,9236
2454,聯發科,33,0,33,凱基-虎尾,2023-03-01,9236
5309,系統電,32,0,32,凱基-虎尾,2023-03-01,9236
2883,凱基金,62,32,30,凱基-虎尾,2023-03-01,9236
5302,太欣,30,0,30,凱基-虎尾,2023-03-01,9236
2498,宏達電,38,11,27,凱基-虎尾,2023-03-01,9236
2402,毅嘉,24,0,24,凱基-虎尾,2023-03-01,9236
2340,台亞,23,0,23,凱基-虎尾,2023-03-01,9236
3346,麗清,24,1,23,凱基-虎尾,2023-03-01,9236
3704,合勤控,23,0,23,凱基-虎尾,2023-03-01,9236
3380,明泰,23,0,23,凱基-虎尾,2023-03-01,9236
2537,聯上發,20,0,20,凱基-虎尾,2023-03-01,9236
2328,廣宇,21,2,19,凱基-虎尾,2023-03-01,9236
2359,所羅門,42,24,18,凱基-虎尾,2023-03-01,9236
6282,康舒,31,14,17,凱基-虎尾,2023-03-01,9236
2002,中鋼,17,0,17,凱基-虎尾,2023-03-01,9236
6188,廣明,16,0,16,凱基-虎尾,2023-03-01,9236
3265,台星科,16,0,16,凱基-虎尾,2023-03-01,9236
5353,台林,26,10,16,凱基-虎尾,2023-03-01,9236
3005,神基,17,2,15,凱基-虎尾,2023-03-01,9236
2618,長榮航,16,1,15,凱基-虎尾,2023-03-01,9236
2882,國泰金,15,0,15,凱基-虎尾,2023-03-01,9236
2702,華園,15,0,15,凱基-虎尾,2023-03-01,9236
2834,臺企銀,830,815,15,凱基-虎尾,2023-03-01,9236
3207,耀勝,13,0,13,凱基-虎尾,2023-03-01,9236
6517,保勝光學,16,3,13,凱基-虎尾,2023-03-01,9236
3027,盛達,11,0,11,凱基-虎尾,2023-03-01,9236
3163,波若威,11,0,11,凱基-虎尾,2023-03-01,9236
5880,合庫金,11,0,11,凱基-虎尾,2023-03-01,9236
3545,敦泰,10,0,10,凱基-虎尾,2023-03-01,9236
2881,富邦金,10,0,10,凱基-虎尾,2023-03-01,9236
5608,四維航,26,16,10,凱基-虎尾,2023-03-01,9236
00903,富邦元宇宙,10,0,10,凱基-虎尾,2023-03-01,9236
00905,FT臺灣Smart,10,0,10,凱基-虎尾,2023-03-01,9236
00751B,元大AAA至A公司債,10,0,10,凱基-虎尾,2023-03-01,9236
00632R,元大台灣50反1,20,10,10,凱基-虎尾,2023-03-01,9236
1240,茂生農經,10,0,10,凱基-虎尾,2023-03-01,9236
1584,精剛,10,0,10,凱基-虎尾,2023-03-01,9236
2027,大成鋼,10,0,10,凱基-虎尾,2023-03-01,9236
3711,日月光投控,2220,1500,720,凱基-虎尾,2023-03-02,9236
4961,天鈺,190,70,120,凱基-虎尾,2023-03-02,9236
8938,明安,201,89,112,凱基-虎尾,2023-03-02,9236
1101,台泥,69,0,69,凱基-虎尾,2023-03-02,9236
2457,飛宏,65,0,65,凱基-虎尾,2023-03-02,9236
2354,鴻準,55,0,55,凱基-虎尾,2023-03-02,9236
2603,長榮,221,179,42,凱基-虎尾,2023-03-02,9236
00712,復華富時不動產,39,0,39,凱基-虎尾,2023-03-02,9236
1519,華城,43,4,39,凱基-虎尾,2023-03-02,9236
00878,國泰永續高股息,38,0,38,凱基-虎尾,2023-03-02,9236
8033,雷虎,48,16,32,凱基-虎尾,2023-03-02,9236
2495,普安,31,0,31,凱基-虎尾,2023-03-02,9236
3481,群創,432,403,29,凱基-虎尾,2023-03-02,9236
2891,中信金,29,0,29,凱基-虎尾,2023-03-02,9236
1752,南光,48,22,26,凱基-虎尾,2023-03-02,9236
3128,昇銳,26,5,21,凱基-虎尾,2023-03-02,9236
1609,大亞,38,18,20,凱基-虎尾,2023-03-02,9236
2701,萬企,40,20,20,凱基-虎尾,2023-03-02,9236
2615,萬海,39,20,19,凱基-虎尾,2023-03-02,9236
2419,仲琦,21,6,15,凱基-虎尾,2023-03-02,9236
2537,聯上發,15,0,15,凱基-虎尾,2023-03-02,9236
2201,裕隆,17,2,15,凱基-虎尾,2023-03-02,9236
1605,華新,43,29,14,凱基-虎尾,2023-03-02,9236
2413,環科,15,2,13,凱基-虎尾,2023-03-02,9236
4541,晟田,13,0,13,凱基-虎尾,2023-03-02,9236
00882,中信中國高股息,13,1,12,凱基-虎尾,2023-03-02,9236
6288,聯嘉,17,5,12,凱基-虎尾,2023-03-02,9236
00893,國泰智能電動車,11,0,11,凱基-虎尾,2023-03-02,9236
1712,興農,12,1,11,凱基-虎尾,2023-03-02,9236
5464,霖宏,11,0,11,凱基-虎尾,2023-03-02,9236
00679B,元大美債20年,11,0,11,凱基-虎尾,2023-03-02,9236
00680L,元大美債20正2,10,0,10,凱基-虎尾,2023-03-02,9236
2534,宏盛,10,0,10,凱基-虎尾,2023-03-02,9236
2706,第一店,10,0,10,凱基-虎尾,2023-03-02,9236
3027,盛達,27,17,10,凱基-虎尾,2023-03-02,9236
6005,群益證,10,0,10,凱基-虎尾,2023-03-02,9236
1760,寶齡富錦,13,4,9,凱基-虎尾,2023-03-02,9236
3231,緯創,12,3,9,凱基-虎尾,2023-03-02,9236
5536,聖暉*,13,4,9,凱基-虎尾,2023-03-02,9236
00720B,元大投資級公司債,8,0,8,凱基-虎尾,2023-03-02,9236
1795,美時,9,1,8,凱基-虎尾,2023-03-02,9236
4934,太極,8,0,8,凱基-虎尾,2023-03-02,9236
8112,至上,13,5,8,凱基-虎尾,2023-03-02,9236
8171,天宇,9,1,8,凱基-虎尾,2023-03-02,9236
6235,華孚,11,3,8,凱基-虎尾,2023-03-02,9236
1584,精剛,13,6,7,凱基-虎尾,2023-03-02,9236
3047,訊舟,7,0,7,凱基-虎尾,2023-03-02,9236
8478,東哥遊艇,8,1,7,凱基-虎尾,2023-03-02,9236
2637,慧洋-KY,9,2,7,凱基-虎尾,2023-03-02,9236
3605,宏致,6,0,6,凱基-虎尾,2023-03-02,9236
2609,陽明,378,87,291,凱基-虎尾,2023-03-03,9236
2615,萬海,198,29,169,凱基-虎尾,2023-03-03,9236
2354,鴻準,108,0,108,凱基-虎尾,2023-03-03,9236
4114,健喬,89,0,89,凱基-虎尾,2023-03-03,9236
1314,中石化,102,33,69,凱基-虎尾,2023-03-03,9236
8033,雷虎,68,11,57,凱基-虎尾,2023-03-03,9236
6282,康舒,55,0,55,凱基-虎尾,2023-03-03,9236
5608,四維航,60,5,55,凱基-虎尾,2023-03-03,9236
2834,臺企銀,556,503,53,凱基-虎尾,2023-03-03,9236
3372,典範,50,0,50,凱基-虎尾,2023-03-03,9236
8222,寶一,45,0,45,凱基-虎尾,2023-03-03,9236
00673R,期元大S＆P原油反1,41,0,41,凱基-虎尾,2023-03-03,9236
3481,群創,8809,8768,41,凱基-虎尾,2023-03-03,9236
8105,凌巨,42,1,41,凱基-虎尾,2023-03-03,9236
4960,誠美材,40,0,40,凱基-虎尾,2023-03-03,9236
2344,華邦電,98,60,38,凱基-虎尾,2023-03-03,9236
2329,華泰,34,0,34,凱基-虎尾,2023-03-03,9236
2444,兆勁,30,0,30,凱基-虎尾,2023-03-03,9236
3013,晟銘電,40,12,28,凱基-虎尾,2023-03-03,9236
2402,毅嘉,25,0,25,凱基-虎尾,2023-03-03,9236
3441,聯一光,25,0,25,凱基-虎尾,2023-03-03,9236
2337,旺宏,25,1,24,凱基-虎尾,2023-03-03,9236
8050,廣積,25,1,24,凱基-虎尾,2023-03-03,9236
6116,彩晶,56,33,23,凱基-虎尾,2023-03-03,9236
00632R,元大台灣50反1,22,0,22,凱基-虎尾,2023-03-03,9236
8215,明基材,24,2,22,凱基-虎尾,2023-03-03,9236
1587,吉茂,30,10,20,凱基-虎尾,2023-03-03,9236
2641,正德,28,12,16,凱基-虎尾,2023-03-03,9236
9935,慶豐富,16,0,16,凱基-虎尾,2023-03-03,9236
1514,亞力,21,5,16,凱基-虎尾,2023-03-03,9236
2388,威盛,24,9,15,凱基-虎尾,2023-03-03,9236
5464,霖宏,31,17,14,凱基-虎尾,2023-03-03,9236
2409,友達,71,58,13,凱基-虎尾,2023-03-03,9236
3306,鼎天,13,0,13,凱基-虎尾,2023-03-03,9236
8110,華東,15,2,13,凱基-虎尾,2023-03-03,9236
00878,國泰永續高股息,14,1,13,凱基-虎尾,2023-03-03,9236
2634,漢翔,13,1,12,凱基-虎尾,2023-03-03,9236
4931,新盛力,13,1,12,凱基-虎尾,2023-03-03,9236
3504,揚明光,14,2,12,凱基-虎尾,2023-03-03,9236
1215,卜蜂,12,1,11,凱基-虎尾,2023-03-03,9236
3265,台星科,11,0,11,凱基-虎尾,2023-03-03,9236
4977,眾達-KY,11,0,11,凱基-虎尾,2023-03-03,9236
6274,台燿,11,0,11,凱基-虎尾,2023-03-03,9236
8088,品安,11,0,11,凱基-虎尾,2023-03-03,9236
3162,精確,18,8,10,凱基-虎尾,2023-03-03,9236
3264,欣銓,13,3,10,凱基-虎尾,2023-03-03,9236
00885,富邦越南,10,0,10,凱基-虎尾,2023-03-03,9236
2241,艾姆勒,10,0,10,凱基-虎尾,2023-03-03,9236
2881,富邦金,10,0,10,凱基-虎尾,2023-03-03,9236
4908,前鼎,10,0,10,凱基-虎尾,2023-03-03,9236
2354,鴻準,205,0,205,凱基-虎尾,2023-03-06,9236
8069,元太,731,527,204,凱基-虎尾,2023-03-06,9236
2610,華航,200,0,200,凱基-虎尾,2023-03-06,9236
2303,聯電,504,380,124,凱基-虎尾,2023-03-06,9236
1101,台泥,91,1,90,凱基-虎尾,2023-03-06,9236
2492,華新科,92,17,75,凱基-虎尾,2023-03-06,9236
5309,系統電,72,1,71,凱基-虎尾,2023-03-06,9236
2884,玉山金,65,0,65,凱基-虎尾,2023-03-06,9236
2883,凱基金,59,10,49,凱基-虎尾,2023-03-06,9236
2314,台揚,52,6,46,凱基-虎尾,2023-03-06,9236
00673R,期元大S＆P原油反1,40,0,40,凱基-虎尾,2023-03-06,9236
00878,國泰永續高股息,37,0,37,凱基-虎尾,2023-03-06,9236
2618,長榮航,42,8,34,凱基-虎尾,2023-03-06,9236
6770,力積電,43,14,29,凱基-虎尾,2023-03-06,9236
2027,大成鋼,30,2,28,凱基-虎尾,2023-03-06,9236
6244,茂迪,29,2,27,凱基-虎尾,2023-03-06,9236
6288,聯嘉,30,3,27,凱基-虎尾,2023-03-06,9236
00751B,元大AAA至A公司債,25,0,25,凱基-虎尾,2023-03-06,9236
3059,華晶科,25,0,25,凱基-虎尾,2023-03-06,9236
5608,四維航,25,0,25,凱基-虎尾,2023-03-06,9236
3624,光頡,28,4,24,凱基-虎尾,2023-03-06,9236
2481,強茂,29,6,23,凱基-虎尾,2023-03-06,9236
6443,元晶,31,8,23,凱基-虎尾,2023-03-06,9236
9907,統一實,25,2,23,凱基-虎尾,2023-03-06,9236
1605,華新,22,1,21,凱基-虎尾,2023-03-06,9236
8076,伍豐,21,0,21,凱基-虎尾,2023-03-06,9236
3019,亞光,23,3,20,凱基-虎尾,2023-03-06,9236
00665L,富邦�琤肭磪囓�2,20,0,20,凱基-虎尾,2023-03-06,9236
6266,泰詠,20,1,19,凱基-虎尾,2023-03-06,9236
1219,福壽,18,0,18,凱基-虎尾,2023-03-06,9236
6706,惠特,18,0,18,凱基-虎尾,2023-03-06,9236
8070,長華*,18,0,18,凱基-虎尾,2023-03-06,9236
4979,華星光,19,2,17,凱基-虎尾,2023-03-06,9236
6496,科懋,17,0,17,凱基-虎尾,2023-03-06,9236
2338,光罩,16,0,16,凱基-虎尾,2023-03-06,9236
3046,建��,16,0,16,凱基-虎尾,2023-03-06,9236
6217,中探針,16,0,16,凱基-虎尾,2023-03-06,9236
6274,台燿,29,14,15,凱基-虎尾,2023-03-06,9236
2388,威盛,23,8,15,凱基-虎尾,2023-03-06,9236
8222,寶一,39,24,15,凱基-虎尾,2023-03-06,9236
2497,怡利電,14,0,14,凱基-虎尾,2023-03-06,9236
3591,艾笛森,30,16,14,凱基-虎尾,2023-03-06,9236
1504,東元,13,0,13,凱基-虎尾,2023-03-06,9236
1519,華城,16,3,13,凱基-虎尾,2023-03-06,9236
2482,連宇,27,14,13,凱基-虎尾,2023-03-06,9236
3078,僑威,13,0,13,凱基-虎尾,2023-03-06,9236
6509,聚和,14,2,12,凱基-虎尾,2023-03-06,9236
5258,虹堡,39,28,11,凱基-虎尾,2023-03-06,9236
8050,廣積,11,0,11,凱基-虎尾,2023-03-06,9236
8440,綠電,13,2,11,凱基-虎尾,2023-03-06,9236
2317,鴻海,3025,2233,792,凱基-虎尾,2023-03-07,9236
4968,立積,147,24,123,凱基-虎尾,2023-03-07,9236
2359,所羅門,81,19,62,凱基-虎尾,2023-03-07,9236
2883,凱基金,50,0,50,凱基-虎尾,2023-03-07,9236
2344,華邦電,57,8,49,凱基-虎尾,2023-03-07,9236
2457,飛宏,64,22,42,凱基-虎尾,2023-03-07,9236
1529,樂事綠能,39,1,38,凱基-虎尾,2023-03-07,9236
1810,和成,35,0,35,凱基-虎尾,2023-03-07,9236
1584,精剛,72,38,34,凱基-虎尾,2023-03-07,9236
8096,擎亞,32,0,32,凱基-虎尾,2023-03-07,9236
00751B,元大AAA至A公司債,31,0,31,凱基-虎尾,2023-03-07,9236
1605,華新,61,30,31,凱基-虎尾,2023-03-07,9236
6288,聯嘉,31,0,31,凱基-虎尾,2023-03-07,9236
8049,晶采,30,0,30,凱基-虎尾,2023-03-07,9236
8255,朋程,31,3,28,凱基-虎尾,2023-03-07,9236
2206,三陽工業,30,3,27,凱基-虎尾,2023-03-07,9236
2634,漢翔,32,5,27,凱基-虎尾,2023-03-07,9236
8050,廣積,27,1,26,凱基-虎尾,2023-03-07,9236
2413,環科,24,0,24,凱基-虎尾,2023-03-07,9236
1524,耿鼎,30,7,23,凱基-虎尾,2023-03-07,9236
3380,明泰,23,0,23,凱基-虎尾,2023-03-07,9236
5512,力麒,28,5,23,凱基-虎尾,2023-03-07,9236
1609,大亞,62,40,22,凱基-虎尾,2023-03-07,9236
3006,晶豪科,22,0,22,凱基-虎尾,2023-03-07,9236
2354,鴻準,20,0,20,凱基-虎尾,2023-03-07,9236
2609,陽明,25,5,20,凱基-虎尾,2023-03-07,9236
00885,富邦越南,29,9,20,凱基-虎尾,2023-03-07,9236
00673R,期元大S＆P原油反1,24,5,19,凱基-虎尾,2023-03-07,9236
2482,連宇,28,9,19,凱基-虎尾,2023-03-07,9236
5388,中磊,33,14,19,凱基-虎尾,2023-03-07,9236
1503,士電,24,6,18,凱基-虎尾,2023-03-07,9236
6625,必應,17,0,17,凱基-虎尾,2023-03-07,9236
2834,臺企銀,17,1,16,凱基-虎尾,2023-03-07,9236
2108,南帝,15,0,15,凱基-虎尾,2023-03-07,9236
2338,光罩,15,0,15,凱基-虎尾,2023-03-07,9236
2476,鉅祥,15,0,15,凱基-虎尾,2023-03-07,9236
5425,台半,542,528,14,凱基-虎尾,2023-03-07,9236
2049,上銀,24,10,14,凱基-虎尾,2023-03-07,9236
2618,長榮航,14,2,12,凱基-虎尾,2023-03-07,9236
2368,金像電,17,5,12,凱基-虎尾,2023-03-07,9236
6806,森崴能源,28,16,12,凱基-虎尾,2023-03-07,9236
1710,東聯,13,1,12,凱基-虎尾,2023-03-07,9236
1514,亞力,19,7,12,凱基-虎尾,2023-03-07,9236
00900,富邦特選高股息30,11,0,11,凱基-虎尾,2023-03-07,9236
2603,長榮,20,10,10,凱基-虎尾,2023-03-07,9236
4919,新唐,11,1,10,凱基-虎尾,2023-03-07,9236
2241,艾姆勒,10,0,10,凱基-虎尾,2023-03-07,9236
2367,燿華,10,0,10,凱基-虎尾,2023-03-07,9236
3297,杭特,12,2,10,凱基-虎尾,2023-03-07,9236
5880,合庫金,10,0,10,凱基-虎尾,2023-03-07,9236
5425,台半,1581,892,689,凱基-虎尾,2023-03-08,9236
3037,欣興,1138,637,501,凱基-虎尾,2023-03-08,9236
2354,鴻準,210,5,205,凱基-虎尾,2023-03-08,9236
2312,金寶,110,12,98,凱基-虎尾,2023-03-08,9236
1569,濱川,80,0,80,凱基-虎尾,2023-03-08,9236
6244,茂迪,65,1,64,凱基-虎尾,2023-03-08,9236
8111,立��,66,10,56,凱基-虎尾,2023-03-08,9236
2486,一詮,70,17,53,凱基-虎尾,2023-03-08,9236
1540,喬福,43,0,43,凱基-虎尾,2023-03-08,9236
2303,聯電,52,10,42,凱基-虎尾,2023-03-08,9236
6016,康和證,35,1,34,凱基-虎尾,2023-03-08,9236
8121,越峰,40,6,34,凱基-虎尾,2023-03-08,9236
2888,新光金,33,0,33,凱基-虎尾,2023-03-08,9236
2344,華邦電,39,8,31,凱基-虎尾,2023-03-08,9236
2883,凱基金,52,22,30,凱基-虎尾,2023-03-08,9236
00878,國泰永續高股息,30,4,26,凱基-虎尾,2023-03-08,9236
00706L,期元大S＆P日圓正2,25,0,25,凱基-虎尾,2023-03-08,9236
6443,元晶,30,6,24,凱基-虎尾,2023-03-08,9236
8171,天宇,24,0,24,凱基-虎尾,2023-03-08,9236
2880,華南金,22,0,22,凱基-虎尾,2023-03-08,9236
2331,精英,21,0,21,凱基-虎尾,2023-03-08,9236
2611,志信,30,9,21,凱基-虎尾,2023-03-08,9236
3305,昇貿,24,3,21,凱基-虎尾,2023-03-08,9236
4967,十銓,31,10,21,凱基-虎尾,2023-03-08,9236
2603,長榮,40,20,20,凱基-虎尾,2023-03-08,9236
00665L,富邦�琤肭磪囓�2,20,0,20,凱基-虎尾,2023-03-08,9236
3047,訊舟,32,12,20,凱基-虎尾,2023-03-08,9236
1519,華城,36,16,20,凱基-虎尾,2023-03-08,9236
5309,系統電,19,0,19,凱基-虎尾,2023-03-08,9236
6285,啟��,22,3,19,凱基-虎尾,2023-03-08,9236
1101,台泥,19,1,18,凱基-虎尾,2023-03-08,9236
2419,仲琦,18,0,18,凱基-虎尾,2023-03-08,9236
5315,光聯,17,0,17,凱基-虎尾,2023-03-08,9236
3454,晶睿,31,15,16,凱基-虎尾,2023-03-08,9236
2337,旺宏,16,0,16,凱基-虎尾,2023-03-08,9236
2495,普安,16,0,16,凱基-虎尾,2023-03-08,9236
3162,精確,16,0,16,凱基-虎尾,2023-03-08,9236
6125,廣運,18,2,16,凱基-虎尾,2023-03-08,9236
6205,詮欣,21,5,16,凱基-虎尾,2023-03-08,9236
1319,東陽,15,0,15,凱基-虎尾,2023-03-08,9236
2421,建準,16,2,14,凱基-虎尾,2023-03-08,9236
3128,昇銳,30,16,14,凱基-虎尾,2023-03-08,9236
3236,千如,15,1,14,凱基-虎尾,2023-03-08,9236
3227,原相,13,0,13,凱基-虎尾,2023-03-08,9236
6282,康舒,36,23,13,凱基-虎尾,2023-03-08,9236
3211,順達,13,1,12,凱基-虎尾,2023-03-08,9236
8936,國統,12,0,12,凱基-虎尾,2023-03-08,9236
2618,長榮航,11,0,11,凱基-虎尾,2023-03-08,9236
2406,國碩,11,0,11,凱基-虎尾,2023-03-08,9236
3437,榮創,11,0,11,凱基-虎尾,2023-03-08,9236
3481,群創,134,0,134,凱基-虎尾,2023-03-09,9236
6234,高僑,77,0,77,凱基-虎尾,2023-03-09,9236
2601,益航,60,0,60,凱基-虎尾,2023-03-09,9236
1710,東聯,50,0,50,凱基-虎尾,2023-03-09,9236
00751B,元大AAA至A公司債,41,0,41,凱基-虎尾,2023-03-09,9236
3128,昇銳,45,7,38,凱基-虎尾,2023-03-09,9236
2618,長榮航,74,37,37,凱基-虎尾,2023-03-09,9236
2615,萬海,38,2,36,凱基-虎尾,2023-03-09,9236
2537,聯上發,35,0,35,凱基-虎尾,2023-03-09,9236
3011,今皓,32,0,32,凱基-虎尾,2023-03-09,9236
2641,正德,43,12,31,凱基-虎尾,2023-03-09,9236
2609,陽明,42,14,28,凱基-虎尾,2023-03-09,9236
8105,凌巨,26,0,26,凱基-虎尾,2023-03-09,9236
2634,漢翔,52,26,26,凱基-虎尾,2023-03-09,9236
2888,新光金,32,7,25,凱基-虎尾,2023-03-09,9236
1609,大亞,38,13,25,凱基-虎尾,2023-03-09,9236
2834,臺企銀,25,0,25,凱基-虎尾,2023-03-09,9236
3013,晟銘電,25,0,25,凱基-虎尾,2023-03-09,9236
3675,德微,41,18,23,凱基-虎尾,2023-03-09,9236
5388,中磊,21,0,21,凱基-虎尾,2023-03-09,9236
00632R,元大台灣50反1,20,0,20,凱基-虎尾,2023-03-09,9236
00752,中信中國50,20,0,20,凱基-虎尾,2023-03-09,9236
1516,川飛,20,0,20,凱基-虎尾,2023-03-09,9236
4707,磐亞,20,0,20,凱基-虎尾,2023-03-09,9236
5706,鳳凰,24,4,20,凱基-虎尾,2023-03-09,9236
2402,毅嘉,20,0,20,凱基-虎尾,2023-03-09,9236
1101,台泥,19,0,19,凱基-虎尾,2023-03-09,9236
2359,所羅門,82,65,17,凱基-虎尾,2023-03-09,9236
2481,強茂,26,10,16,凱基-虎尾,2023-03-09,9236
3434,哲固,22,6,16,凱基-虎尾,2023-03-09,9236
3710,連展投控,16,0,16,凱基-虎尾,2023-03-09,9236
00635U,期元大S＆P黃金,15,0,15,凱基-虎尾,2023-03-09,9236
2890,永豐金,15,0,15,凱基-虎尾,2023-03-09,9236
4915,致伸,14,0,14,凱基-虎尾,2023-03-09,9236
1504,東元,36,23,13,凱基-虎尾,2023-03-09,9236
2476,鉅祥,13,0,13,凱基-虎尾,2023-03-09,9236
2482,連宇,130,117,13,凱基-虎尾,2023-03-09,9236
2702,華園,13,0,13,凱基-虎尾,2023-03-09,9236
3093,港建*,15,2,13,凱基-虎尾,2023-03-09,9236
5880,合庫金,13,0,13,凱基-虎尾,2023-03-09,9236
00878,國泰永續高股息,12,0,12,凱基-虎尾,2023-03-09,9236
1301,台塑,12,0,12,凱基-虎尾,2023-03-09,9236
2617,台航,12,0,12,凱基-虎尾,2023-03-09,9236
00900,富邦特選高股息30,11,0,11,凱基-虎尾,2023-03-09,9236
8215,明基材,10,0,10,凱基-虎尾,2023-03-09,9236
00896,中信綠能及電動車,10,0,10,凱基-虎尾,2023-03-09,9236
00882,中信中國高股息,10,0,10,凱基-虎尾,2023-03-09,9236
00715L,期街口布蘭特正2,10,0,10,凱基-虎尾,2023-03-09,9236
2208,台船,10,0,10,凱基-虎尾,2023-03-09,9236
2401,凌陽,10,0,10,凱基-虎尾,2023-03-09,9236
2354,鴻準,333,0,333,凱基-虎尾,2023-03-10,9236
3701,大眾控,61,0,61,凱基-虎尾,2023-03-10,9236
2834,臺企銀,60,1,59,凱基-虎尾,2023-03-10,9236
1710,東聯,49,0,49,凱基-虎尾,2023-03-10,9236
1101,台泥,46,0,46,凱基-虎尾,2023-03-10,9236
00878,國泰永續高股息,49,4,45,凱基-虎尾,2023-03-10,9236
00715L,期街口布蘭特正2,44,0,44,凱基-虎尾,2023-03-10,9236
00665L,富邦�琤肭磪囓�2,65,25,40,凱基-虎尾,2023-03-10,9236
6234,高僑,40,0,40,凱基-虎尾,2023-03-10,9236
2634,漢翔,36,3,33,凱基-虎尾,2023-03-10,9236
2883,凱基金,33,0,33,凱基-虎尾,2023-03-10,9236
00712,復華富時不動產,32,0,32,凱基-虎尾,2023-03-10,9236
2610,華航,35,7,28,凱基-虎尾,2023-03-10,9236
2888,新光金,26,0,26,凱基-虎尾,2023-03-10,9236
1711,永光,25,0,25,凱基-虎尾,2023-03-10,9236
3011,今皓,40,15,25,凱基-虎尾,2023-03-10,9236
8111,立��,24,2,22,凱基-虎尾,2023-03-10,9236
1326,台化,22,0,22,凱基-虎尾,2023-03-10,9236
3138,耀登,27,5,22,凱基-虎尾,2023-03-10,9236
3006,晶豪科,21,0,21,凱基-虎尾,2023-03-10,9236
8038,長園科,21,0,21,凱基-虎尾,2023-03-10,9236
2329,華泰,21,0,21,凱基-虎尾,2023-03-10,9236
2314,台揚,21,1,20,凱基-虎尾,2023-03-10,9236
2537,聯上發,20,0,20,凱基-虎尾,2023-03-10,9236
4960,誠美材,20,0,20,凱基-虎尾,2023-03-10,9236
3576,聯合再生,21,3,18,凱基-虎尾,2023-03-10,9236
2702,華園,17,0,17,凱基-虎尾,2023-03-10,9236
2867,三商壽,21,4,17,凱基-虎尾,2023-03-10,9236
4989,榮科,17,0,17,凱基-虎尾,2023-03-10,9236
00654R,富邦印度反1,16,0,16,凱基-虎尾,2023-03-10,9236
2331,精英,25,9,16,凱基-虎尾,2023-03-10,9236
4164,承業醫,20,4,16,凱基-虎尾,2023-03-10,9236
6180,橘子,16,0,16,凱基-虎尾,2023-03-10,9236
8069,元太,17,2,15,凱基-虎尾,2023-03-10,9236
8054,安國,15,0,15,凱基-虎尾,2023-03-10,9236
1609,大亞,14,0,14,凱基-虎尾,2023-03-10,9236
3481,群創,36,22,14,凱基-虎尾,2023-03-10,9236
6116,彩晶,13,0,13,凱基-虎尾,2023-03-10,9236
6274,台燿,22,9,13,凱基-虎尾,2023-03-10,9236
8049,晶采,14,1,13,凱基-虎尾,2023-03-10,9236
00642U,期元大S＆P石油,12,0,12,凱基-虎尾,2023-03-10,9236
2891,中信金,11,0,11,凱基-虎尾,2023-03-10,9236
2881,富邦金,11,0,11,凱基-虎尾,2023-03-10,9236
2444,兆勁,11,0,11,凱基-虎尾,2023-03-10,9236
00881,國泰台灣5G+,15,4,11,凱基-虎尾,2023-03-10,9236
2344,華邦電,30,19,11,凱基-虎尾,2023-03-10,9236
2882,國泰金,11,0,11,凱基-虎尾,2023-03-10,9236
3035,智原,16,5,11,凱基-虎尾,2023-03-10,9236
3090,日電貿,11,0,11,凱基-虎尾,2023-03-10,9236
5309,系統電,11,0,11,凱基-虎尾,2023-03-10,9236
5425,台半,531,138,393,凱基-虎尾,2023-03-13,9236
2303,聯電,225,15,210,凱基-虎尾,2023-03-13,9236
2883,凱基金,86,4,82,凱基-虎尾,2023-03-13,9236
00878,國泰永續高股息,97,24,73,凱基-虎尾,2023-03-13,9236
4916,事欣科,70,7,63,凱基-虎尾,2023-03-13,9236
6116,彩晶,53,0,53,凱基-虎尾,2023-03-13,9236
6233,旺玖,59,6,53,凱基-虎尾,2023-03-13,9236
8222,寶一,45,0,45,凱基-虎尾,2023-03-13,9236
3038,全台,42,0,42,凱基-虎尾,2023-03-13,9236
3231,緯創,54,13,41,凱基-虎尾,2023-03-13,9236
3049,精金,40,0,40,凱基-虎尾,2023-03-13,9236
2618,長榮航,804,767,37,凱基-虎尾,2023-03-13,9236
2017,官田鋼,34,0,34,凱基-虎尾,2023-03-13,9236
2028,威致,30,0,30,凱基-虎尾,2023-03-13,9236
6129,普誠,30,0,30,凱基-虎尾,2023-03-13,9236
3704,合勤控,56,30,26,凱基-虎尾,2023-03-13,9236
6282,康舒,40,14,26,凱基-虎尾,2023-03-13,9236
2615,萬海,28,3,25,凱基-虎尾,2023-03-13,9236
2027,大成鋼,25,1,24,凱基-虎尾,2023-03-13,9236
2312,金寶,25,1,24,凱基-虎尾,2023-03-13,9236
3264,欣銓,22,0,22,凱基-虎尾,2023-03-13,9236
8111,立��,22,1,21,凱基-虎尾,2023-03-13,9236
00738U,期元大道瓊白銀,20,0,20,凱基-虎尾,2023-03-13,9236
3029,零壹,30,10,20,凱基-虎尾,2023-03-13,9236
6142,友勁,20,0,20,凱基-虎尾,2023-03-13,9236
3680,家登,19,0,19,凱基-虎尾,2023-03-13,9236
2481,強茂,20,2,18,凱基-虎尾,2023-03-13,9236
2888,新光金,38,20,18,凱基-虎尾,2023-03-13,9236
4155,訊映,25,7,18,凱基-虎尾,2023-03-13,9236
2201,裕隆,42,25,17,凱基-虎尾,2023-03-13,9236
2634,漢翔,18,1,17,凱基-虎尾,2023-03-13,9236
2603,長榮,33,17,16,凱基-虎尾,2023-03-13,9236
8038,長園科,15,0,15,凱基-虎尾,2023-03-13,9236
2471,資通,15,1,14,凱基-虎尾,2023-03-13,9236
2495,普安,15,1,14,凱基-虎尾,2023-03-13,9236
1710,東聯,13,0,13,凱基-虎尾,2023-03-13,9236
1762,中化生,16,3,13,凱基-虎尾,2023-03-13,9236
3236,千如,18,5,13,凱基-虎尾,2023-03-13,9236
3207,耀勝,22,10,12,凱基-虎尾,2023-03-13,9236
6485,點序,12,0,12,凱基-虎尾,2023-03-13,9236
6770,力積電,12,0,12,凱基-虎尾,2023-03-13,9236
1513,中興電,11,0,11,凱基-虎尾,2023-03-13,9236
3545,敦泰,11,0,11,凱基-虎尾,2023-03-13,9236
4164,承業醫,14,3,11,凱基-虎尾,2023-03-13,9236
00882,中信中國高股息,10,0,10,凱基-虎尾,2023-03-13,9236
00753L,中信中國50正2,15,5,10,凱基-虎尾,2023-03-13,9236
2230,泰茂,10,0,10,凱基-虎尾,2023-03-13,9236
5222,全訊,10,0,10,凱基-虎尾,2023-03-13,9236
6234,高僑,10,0,10,凱基-虎尾,2023-03-13,9236
2884,玉山金,11,1,10,凱基-虎尾,2023-03-13,9236
00664R,國泰臺灣加權反1,200,0,200,凱基-虎尾,2023-03-14,9236
00878,國泰永續高股息,99,0,99,凱基-虎尾,2023-03-14,9236
8222,寶一,109,10,99,凱基-虎尾,2023-03-14,9236
2317,鴻海,1462,1363,99,凱基-虎尾,2023-03-14,9236
00642U,期元大S＆P石油,91,0,91,凱基-虎尾,2023-03-14,9236
2482,連宇,71,12,59,凱基-虎尾,2023-03-14,9236
00715L,期街口布蘭特正2,56,3,53,凱基-虎尾,2023-03-14,9236
2402,毅嘉,53,0,53,凱基-虎尾,2023-03-14,9236
1611,中電,40,0,40,凱基-虎尾,2023-03-14,9236
2486,一詮,50,10,40,凱基-虎尾,2023-03-14,9236
2618,長榮航,41,1,40,凱基-虎尾,2023-03-14,9236
8111,立��,40,1,39,凱基-虎尾,2023-03-14,9236
1609,大亞,42,3,39,凱基-虎尾,2023-03-14,9236
2634,漢翔,83,46,37,凱基-虎尾,2023-03-14,9236
1569,濱川,44,8,36,凱基-虎尾,2023-03-14,9236
00900,富邦特選高股息30,35,0,35,凱基-虎尾,2023-03-14,9236
2888,新光金,34,0,34,凱基-虎尾,2023-03-14,9236
1467,南緯,32,0,32,凱基-虎尾,2023-03-14,9236
2891,中信金,29,0,29,凱基-虎尾,2023-03-14,9236
00882,中信中國高股息,27,0,27,凱基-虎尾,2023-03-14,9236
00665L,富邦�琤肭磪囓�2,27,0,27,凱基-虎尾,2023-03-14,9236
2609,陽明,83,57,26,凱基-虎尾,2023-03-14,9236
4934,太極,28,3,25,凱基-虎尾,2023-03-14,9236
3441,聯一光,24,0,24,凱基-虎尾,2023-03-14,9236
6477,安集,26,2,24,凱基-虎尾,2023-03-14,9236
2883,凱基金,43,20,23,凱基-虎尾,2023-03-14,9236
2409,友達,23,0,23,凱基-虎尾,2023-03-14,9236
00712,復華富時不動產,24,3,21,凱基-虎尾,2023-03-14,9236
4960,誠美材,20,0,20,凱基-虎尾,2023-03-14,9236
00635U,期元大S＆P黃金,40,20,20,凱基-虎尾,2023-03-14,9236
2476,鉅祥,19,0,19,凱基-虎尾,2023-03-14,9236
2610,華航,4528,4511,17,凱基-虎尾,2023-03-14,9236
2880,華南金,16,0,16,凱基-虎尾,2023-03-14,9236
5880,合庫金,16,0,16,凱基-虎尾,2023-03-14,9236
3594,磐儀,16,0,16,凱基-虎尾,2023-03-14,9236
2882,國泰金,13,0,13,凱基-虎尾,2023-03-14,9236
2867,三商壽,13,0,13,凱基-虎尾,2023-03-14,9236
3701,大眾控,13,0,13,凱基-虎尾,2023-03-14,9236
8926,台汽電,13,0,13,凱基-虎尾,2023-03-14,9236
00720B,元大投資級公司債,12,0,12,凱基-虎尾,2023-03-14,9236
2812,台中銀,12,0,12,凱基-虎尾,2023-03-14,9236
2884,玉山金,11,0,11,凱基-虎尾,2023-03-14,9236
00907,永豐優息存股,11,0,11,凱基-虎尾,2023-03-14,9236
1710,東聯,11,0,11,凱基-虎尾,2023-03-14,9236
3587,閎康,14,3,11,凱基-虎尾,2023-03-14,9236
00772B,中信高評級公司債,12,2,10,凱基-虎尾,2023-03-14,9236
00752,中信中國50,10,0,10,凱基-虎尾,2023-03-14,9236
00751B,元大AAA至A公司債,10,0,10,凱基-虎尾,2023-03-14,9236
3653,健策,10,0,10,凱基-虎尾,2023-03-14,9236
5222,全訊,10,0,10,凱基-虎尾,2023-03-14,9236
00715L,期街口布蘭特正2,87,26,61,凱基-虎尾,2023-03-15,9236
00642U,期元大S＆P石油,58,0,58,凱基-虎尾,2023-03-15,9236
2359,所羅門,50,0,50,凱基-虎尾,2023-03-15,9236
2399,映泰,48,0,48,凱基-虎尾,2023-03-15,9236
2603,長榮,2471,2426,45,凱基-虎尾,2023-03-15,9236
1319,東陽,44,0,44,凱基-虎尾,2023-03-15,9236
1519,華城,53,20,33,凱基-虎尾,2023-03-15,9236
3583,辛耘,30,0,30,凱基-虎尾,2023-03-15,9236
2610,華航,39,10,29,凱基-虎尾,2023-03-15,9236
00878,國泰永續高股息,29,0,29,凱基-虎尾,2023-03-15,9236
2880,華南金,26,0,26,凱基-虎尾,2023-03-15,9236
1301,台塑,20,0,20,凱基-虎尾,2023-03-15,9236
00738U,期元大道瓊白銀,40,20,20,凱基-虎尾,2023-03-15,9236
4960,誠美材,20,0,20,凱基-虎尾,2023-03-15,9236
3189,景碩,21,3,18,凱基-虎尾,2023-03-15,9236
3264,欣銓,18,1,17,凱基-虎尾,2023-03-15,9236
1611,中電,26,10,16,凱基-虎尾,2023-03-15,9236
3576,聯合再生,18,2,16,凱基-虎尾,2023-03-15,9236
6129,普誠,20,4,16,凱基-虎尾,2023-03-15,9236
2618,長榮航,19,5,14,凱基-虎尾,2023-03-15,9236
2609,陽明,359,345,14,凱基-虎尾,2023-03-15,9236
3038,全台,14,0,14,凱基-虎尾,2023-03-15,9236
8111,立��,13,0,13,凱基-虎尾,2023-03-15,9236
2892,第一金,13,0,13,凱基-虎尾,2023-03-15,9236
5512,力麒,13,0,13,凱基-虎尾,2023-03-15,9236
6288,聯嘉,16,3,13,凱基-虎尾,2023-03-15,9236
2314,台揚,13,1,12,凱基-虎尾,2023-03-15,9236
2867,三商壽,12,0,12,凱基-虎尾,2023-03-15,9236
3013,晟銘電,12,0,12,凱基-虎尾,2023-03-15,9236
3346,麗清,15,3,12,凱基-虎尾,2023-03-15,9236
3481,群創,11,0,11,凱基-虎尾,2023-03-15,9236
5880,合庫金,11,0,11,凱基-虎尾,2023-03-15,9236
2891,中信金,11,0,11,凱基-虎尾,2023-03-15,9236
2888,新光金,11,0,11,凱基-虎尾,2023-03-15,9236
3162,精確,20,9,11,凱基-虎尾,2023-03-15,9236
6274,台燿,11,0,11,凱基-虎尾,2023-03-15,9236
2330,台積電,13,2,11,凱基-虎尾,2023-03-15,9236
00898,國泰基因免疫革命,10,0,10,凱基-虎尾,2023-03-15,9236
2406,國碩,10,0,10,凱基-虎尾,2023-03-15,9236
4513,福裕,10,0,10,凱基-虎尾,2023-03-15,9236
6143,振曜,10,0,10,凱基-虎尾,2023-03-15,9236
6443,元晶,28,18,10,凱基-虎尾,2023-03-15,9236
6547,高端疫苗,12,2,10,凱基-虎尾,2023-03-15,9236
9103,美德醫療-DR,10,0,10,凱基-虎尾,2023-03-15,9236
2834,臺企銀,10,1,9,凱基-虎尾,2023-03-15,9236
2884,玉山金,9,0,9,凱基-虎尾,2023-03-15,9236
2436,偉詮電,9,0,9,凱基-虎尾,2023-03-15,9236
2607,榮運,10,1,9,凱基-虎尾,2023-03-15,9236
6237,驊訊,9,0,9,凱基-虎尾,2023-03-15,9236
8171,天宇,9,0,9,凱基-虎尾,2023-03-15,9236
6449,鈺邦,699,0,699,凱基-虎尾,2023-03-16,9236
00715L,期街口布蘭特正2,173,62,111,凱基-虎尾,2023-03-16,9236
2402,毅嘉,111,24,87,凱基-虎尾,2023-03-16,9236
2409,友達,62,0,62,凱基-虎尾,2023-03-16,9236
00878,國泰永續高股息,60,0,60,凱基-虎尾,2023-03-16,9236
8111,立��,55,0,55,凱基-虎尾,2023-03-16,9236
2354,鴻準,52,0,52,凱基-虎尾,2023-03-16,9236
4960,誠美材,49,0,49,凱基-虎尾,2023-03-16,9236
2881,富邦金,42,0,42,凱基-虎尾,2023-03-16,9236
2609,陽明,241,201,40,凱基-虎尾,2023-03-16,9236
2603,長榮,136,104,32,凱基-虎尾,2023-03-16,9236
2317,鴻海,31,1,30,凱基-虎尾,2023-03-16,9236
2425,承啟,70,40,30,凱基-虎尾,2023-03-16,9236
1101,台泥,27,3,24,凱基-虎尾,2023-03-16,9236
8038,長園科,22,0,22,凱基-虎尾,2023-03-16,9236
1905,華紙,20,0,20,凱基-虎尾,2023-03-16,9236
3035,智原,24,4,20,凱基-虎尾,2023-03-16,9236
6234,高僑,20,0,20,凱基-虎尾,2023-03-16,9236
8422,可寧衛,20,0,20,凱基-虎尾,2023-03-16,9236
00712,復華富時不動產,19,0,19,凱基-虎尾,2023-03-16,9236
8936,國統,19,0,19,凱基-虎尾,2023-03-16,9236
1710,東聯,19,0,19,凱基-虎尾,2023-03-16,9236
2027,大成鋼,19,1,18,凱基-虎尾,2023-03-16,9236
3028,增你強,17,0,17,凱基-虎尾,2023-03-16,9236
00673R,期元大S＆P原油反1,26,11,15,凱基-虎尾,2023-03-16,9236
9945,潤泰新,20,5,15,凱基-虎尾,2023-03-16,9236
2884,玉山金,14,0,14,凱基-虎尾,2023-03-16,9236
2641,正德,14,0,14,凱基-虎尾,2023-03-16,9236
2313,華通,13,0,13,凱基-虎尾,2023-03-16,9236
9902,台火,13,0,13,凱基-虎尾,2023-03-16,9236
00753L,中信中國50正2,52,40,12,凱基-虎尾,2023-03-16,9236
2312,金寶,12,0,12,凱基-虎尾,2023-03-16,9236
2356,英業達,13,2,11,凱基-虎尾,2023-03-16,9236
8926,台汽電,11,0,11,凱基-虎尾,2023-03-16,9236
0056,元大高股息,13,2,11,凱基-虎尾,2023-03-16,9236
2618,長榮航,25,15,10,凱基-虎尾,2023-03-16,9236
2002,中鋼,10,0,10,凱基-虎尾,2023-03-16,9236
2537,聯上發,10,0,10,凱基-虎尾,2023-03-16,9236
3013,晟銘電,10,0,10,凱基-虎尾,2023-03-16,9236
3217,優群,10,0,10,凱基-虎尾,2023-03-16,9236
3532,台勝科,11,1,10,凱基-虎尾,2023-03-16,9236
3701,大眾控,10,0,10,凱基-虎尾,2023-03-16,9236
3710,連展投控,10,0,10,凱基-虎尾,2023-03-16,9236
5398,慕康生醫,10,0,10,凱基-虎尾,2023-03-16,9236
3056,富華新,10,0,10,凱基-虎尾,2023-03-16,9236
2886,兆豐金,10,1,9,凱基-虎尾,2023-03-16,9236
2615,萬海,13,4,9,凱基-虎尾,2023-03-16,9236
2388,威盛,45,36,9,凱基-虎尾,2023-03-16,9236
5478,智冠,10,1,9,凱基-虎尾,2023-03-16,9236
2401,凌陽,10,2,8,凱基-虎尾,2023-03-16,9236
2317,鴻海,4005,2702,1303,凱基-虎尾,2023-03-17,9236
2834,臺企銀,5126,5013,113,凱基-虎尾,2023-03-17,9236
2354,鴻準,100,0,100,凱基-虎尾,2023-03-17,9236
2427,三商電,50,0,50,凱基-虎尾,2023-03-17,9236
2897,王道銀行,50,0,50,凱基-虎尾,2023-03-17,9236
2457,飛宏,64,17,47,凱基-虎尾,2023-03-17,9236
3141,晶宏,38,0,38,凱基-虎尾,2023-03-17,9236
2891,中信金,36,0,36,凱基-虎尾,2023-03-17,9236
2208,台船,34,0,34,凱基-虎尾,2023-03-17,9236
2641,正德,25,1,24,凱基-虎尾,2023-03-17,9236
1810,和成,22,0,22,凱基-虎尾,2023-03-17,9236
2402,毅嘉,63,43,20,凱基-虎尾,2023-03-17,9236
2421,建準,20,0,20,凱基-虎尾,2023-03-17,9236
2885,元大金,20,0,20,凱基-虎尾,2023-03-17,9236
6205,詮欣,32,14,18,凱基-虎尾,2023-03-17,9236
3047,訊舟,20,3,17,凱基-虎尾,2023-03-17,9236
3265,台星科,15,0,15,凱基-虎尾,2023-03-17,9236
1785,光洋科,30,16,14,凱基-虎尾,2023-03-17,9236
6125,廣運,15,1,14,凱基-虎尾,2023-03-17,9236
2337,旺宏,14,1,13,凱基-虎尾,2023-03-17,9236
2495,普安,15,2,13,凱基-虎尾,2023-03-17,9236
4155,訊映,19,6,13,凱基-虎尾,2023-03-17,9236
6443,元晶,40,28,12,凱基-虎尾,2023-03-17,9236
4967,十銓,14,2,12,凱基-虎尾,2023-03-17,9236
1101,台泥,12,0,12,凱基-虎尾,2023-03-17,9236
1584,精剛,16,4,12,凱基-虎尾,2023-03-17,9236
3078,僑威,22,10,12,凱基-虎尾,2023-03-17,9236
5009,榮剛,13,1,12,凱基-虎尾,2023-03-17,9236
3481,群創,90,78,12,凱基-虎尾,2023-03-17,9236
1326,台化,11,0,11,凱基-虎尾,2023-03-17,9236
2867,三商壽,11,0,11,凱基-虎尾,2023-03-17,9236
2890,永豐金,11,0,11,凱基-虎尾,2023-03-17,9236
1522,堤維西,13,3,10,凱基-虎尾,2023-03-17,9236
1532,勤美,10,0,10,凱基-虎尾,2023-03-17,9236
00715L,期街口布蘭特正2,30,20,10,凱基-虎尾,2023-03-17,9236
2243,宏旭-KY,12,2,10,凱基-虎尾,2023-03-17,9236
2481,強茂,10,0,10,凱基-虎尾,2023-03-17,9236
3346,麗清,14,4,10,凱基-虎尾,2023-03-17,9236
4164,承業醫,12,2,10,凱基-虎尾,2023-03-17,9236
5439,高技,11,1,10,凱基-虎尾,2023-03-17,9236
5452,佶優,10,0,10,凱基-虎尾,2023-03-17,9236
3260,威剛,11,1,10,凱基-虎尾,2023-03-17,9236
2883,凱基金,13,4,9,凱基-虎尾,2023-03-17,9236
2881,富邦金,9,0,9,凱基-虎尾,2023-03-17,9236
2618,長榮航,29,20,9,凱基-虎尾,2023-03-17,9236
1909,榮成,9,0,9,凱基-虎尾,2023-03-17,9236
2408,南亞科,12,3,9,凱基-虎尾,2023-03-17,9236
5258,虹堡,9,0,9,凱基-虎尾,2023-03-17,9236
6282,康舒,11,2,9,凱基-虎尾,2023-03-17,9236
1605,華新,204,196,8,凱基-虎尾,2023-03-17,9236
2359,所羅門,140,11,129,凱基-虎尾,2023-03-20,9236
00891,中信關鍵半導體,100,0,100,凱基-虎尾,2023-03-20,9236
2834,臺企銀,102,2,100,凱基-虎尾,2023-03-20,9236
3481,群創,116,35,81,凱基-虎尾,2023-03-20,9236
00715L,期街口布蘭特正2,70,8,62,凱基-虎尾,2023-03-20,9236
1514,亞力,61,2,59,凱基-虎尾,2023-03-20,9236
4979,華星光,48,0,48,凱基-虎尾,2023-03-20,9236
5512,力麒,46,5,41,凱基-虎尾,2023-03-20,9236
2882,國泰金,41,5,36,凱基-虎尾,2023-03-20,9236
00665L,富邦�琤肭磪囓�2,33,0,33,凱基-虎尾,2023-03-20,9236
2427,三商電,30,0,30,凱基-虎尾,2023-03-20,9236
00878,國泰永續高股息,32,3,29,凱基-虎尾,2023-03-20,9236
6163,華電網,24,2,22,凱基-虎尾,2023-03-20,9236
3162,精確,27,5,22,凱基-虎尾,2023-03-20,9236
2867,三商壽,28,7,21,凱基-虎尾,2023-03-20,9236
2884,玉山金,21,0,21,凱基-虎尾,2023-03-20,9236
3038,全台,21,0,21,凱基-虎尾,2023-03-20,9236
6005,群益證,22,1,21,凱基-虎尾,2023-03-20,9236
3005,神基,21,1,20,凱基-虎尾,2023-03-20,9236
6182,合晶,21,2,19,凱基-虎尾,2023-03-20,9236
1220,台榮,18,0,18,凱基-虎尾,2023-03-20,9236
2313,華通,18,0,18,凱基-虎尾,2023-03-20,9236
2476,鉅祥,18,0,18,凱基-虎尾,2023-03-20,9236
4934,太極,18,1,17,凱基-虎尾,2023-03-20,9236
3594,磐儀,19,3,16,凱基-虎尾,2023-03-20,9236
4906,正文,18,2,16,凱基-虎尾,2023-03-20,9236
5351,鈺創,16,0,16,凱基-虎尾,2023-03-20,9236
1513,中興電,20,5,15,凱基-虎尾,2023-03-20,9236
1785,光洋科,20,5,15,凱基-虎尾,2023-03-20,9236
1519,華城,25,11,14,凱基-虎尾,2023-03-20,9236
1611,中電,14,0,14,凱基-虎尾,2023-03-20,9236
8111,立��,13,0,13,凱基-虎尾,2023-03-20,9236
2486,一詮,11,0,11,凱基-虎尾,2023-03-20,9236
6806,森崴能源,11,0,11,凱基-虎尾,2023-03-20,9236
6244,茂迪,18,7,11,凱基-虎尾,2023-03-20,9236
5880,合庫金,10,0,10,凱基-虎尾,2023-03-20,9236
2006,東和鋼鐵,12,2,10,凱基-虎尾,2023-03-20,9236
00632R,元大台灣50反1,10,0,10,凱基-虎尾,2023-03-20,9236
2023,燁輝,10,0,10,凱基-虎尾,2023-03-20,9236
2038,海光,10,0,10,凱基-虎尾,2023-03-20,9236
2312,金寶,10,0,10,凱基-虎尾,2023-03-20,9236
2324,仁寶,10,0,10,凱基-虎尾,2023-03-20,9236
2636,台驊控股,10,0,10,凱基-虎尾,2023-03-20,9236
3624,光頡,18,8,10,凱基-虎尾,2023-03-20,9236
2344,華邦電,9,0,9,凱基-虎尾,2023-03-20,9236
2645,長榮航太,10,1,9,凱基-虎尾,2023-03-20,9236
2880,華南金,9,0,9,凱基-虎尾,2023-03-20,9236
3011,今皓,9,0,9,凱基-虎尾,2023-03-20,9236
3712,永崴投控,9,0,9,凱基-虎尾,2023-03-20,9236
6282,康舒,16,7,9,凱基-虎尾,2023-03-20,9236
3481,群創,1206,936,270,凱基-虎尾,2023-03-21,9236
3017,奇鋐,458,308,150,凱基-虎尾,2023-03-21,9236
00885,富邦越南,127,0,127,凱基-虎尾,2023-03-21,9236
00882,中信中國高股息,102,1,101,凱基-虎尾,2023-03-21,9236
2883,凱基金,104,12,92,凱基-虎尾,2023-03-21,9236
6122,擎邦,71,12,59,凱基-虎尾,2023-03-21,9236
3322,建舜電,36,0,36,凱基-虎尾,2023-03-21,9236
2399,映泰,32,0,32,凱基-虎尾,2023-03-21,9236
2302,麗正,34,3,31,凱基-虎尾,2023-03-21,9236
6443,元晶,30,3,27,凱基-虎尾,2023-03-21,9236
3236,千如,28,4,24,凱基-虎尾,2023-03-21,9236
2471,資通,27,4,23,凱基-虎尾,2023-03-21,9236
5258,虹堡,24,1,23,凱基-虎尾,2023-03-21,9236
3624,光頡,31,10,21,凱基-虎尾,2023-03-21,9236
00632R,元大台灣50反1,20,0,20,凱基-虎尾,2023-03-21,9236
3583,辛耘,20,0,20,凱基-虎尾,2023-03-21,9236
2388,威盛,36,17,19,凱基-虎尾,2023-03-21,9236
1218,泰山,18,0,18,凱基-虎尾,2023-03-21,9236
1319,東陽,18,0,18,凱基-虎尾,2023-03-21,9236
2030,彰源,19,1,18,凱基-虎尾,2023-03-21,9236
3046,建��,33,15,18,凱基-虎尾,2023-03-21,9236
3356,奇偶,19,1,18,凱基-虎尾,2023-03-21,9236
2609,陽明,21,4,17,凱基-虎尾,2023-03-21,9236
2359,所羅門,50,34,16,凱基-虎尾,2023-03-21,9236
3290,東浦,17,1,16,凱基-虎尾,2023-03-21,9236
2457,飛宏,86,71,15,凱基-虎尾,2023-03-21,9236
1524,耿鼎,30,15,15,凱基-虎尾,2023-03-21,9236
2472,立隆電,15,0,15,凱基-虎尾,2023-03-21,9236
2605,新興,15,0,15,凱基-虎尾,2023-03-21,9236
3594,磐儀,30,15,15,凱基-虎尾,2023-03-21,9236
8289,泰藝,15,0,15,凱基-虎尾,2023-03-21,9236
3094,聯傑,25,11,14,凱基-虎尾,2023-03-21,9236
9945,潤泰新,16,2,14,凱基-虎尾,2023-03-21,9236
6288,聯嘉,20,7,13,凱基-虎尾,2023-03-21,9236
00712,復華富時不動產,12,0,12,凱基-虎尾,2023-03-21,9236
00642U,期元大S＆P石油,11,0,11,凱基-虎尾,2023-03-21,9236
2413,環科,21,10,11,凱基-虎尾,2023-03-21,9236
6143,振曜,12,1,11,凱基-虎尾,2023-03-21,9236
1760,寶齡富錦,10,0,10,凱基-虎尾,2023-03-21,9236
2641,正德,10,0,10,凱基-虎尾,2023-03-21,9236
4934,太極,29,19,10,凱基-虎尾,2023-03-21,9236
5222,全訊,10,0,10,凱基-虎尾,2023-03-21,9236
5425,台半,16,7,9,凱基-虎尾,2023-03-21,9236
6788,華景電,10,1,9,凱基-虎尾,2023-03-21,9236
2406,國碩,8,0,8,凱基-虎尾,2023-03-21,9236
2449,京元電子,9,1,8,凱基-虎尾,2023-03-21,9236
5015,華祺,10,2,8,凱基-虎尾,2023-03-21,9236
3324,雙鴻,13,5,8,凱基-虎尾,2023-03-21,9236
3260,威剛,10,2,8,凱基-虎尾,2023-03-21,9236
2891,中信金,12,5,7,凱基-虎尾,2023-03-21,9236
00632R,元大台灣50反1,313,35,278,凱基-虎尾,2023-03-22,9236
00885,富邦越南,125,0,125,凱基-虎尾,2023-03-22,9236
2812,台中銀,52,1,51,凱基-虎尾,2023-03-22,9236
1219,福壽,47,0,47,凱基-虎尾,2023-03-22,9236
6122,擎邦,70,27,43,凱基-虎尾,2023-03-22,9236
6443,元晶,45,7,38,凱基-虎尾,2023-03-22,9236
3443,創意,90,58,32,凱基-虎尾,2023-03-22,9236
2312,金寶,28,0,28,凱基-虎尾,2023-03-22,9236
4976,佳凌,30,2,28,凱基-虎尾,2023-03-22,9236
00679B,元大美債20年,26,4,22,凱基-虎尾,2023-03-22,9236
3047,訊舟,22,0,22,凱基-虎尾,2023-03-22,9236
00680L,元大美債20正2,20,0,20,凱基-虎尾,2023-03-22,9236
2427,三商電,20,0,20,凱基-虎尾,2023-03-22,9236
2495,普安,21,1,20,凱基-虎尾,2023-03-22,9236
6266,泰詠,29,9,20,凱基-虎尾,2023-03-22,9236
3714,富采,19,0,19,凱基-虎尾,2023-03-22,9236
5272,笙科,19,0,19,凱基-虎尾,2023-03-22,9236
6188,廣明,14,0,14,凱基-虎尾,2023-03-22,9236
6217,中探針,17,3,14,凱基-虎尾,2023-03-22,9236
3046,建��,16,3,13,凱基-虎尾,2023-03-22,9236
1504,東元,57,45,12,凱基-虎尾,2023-03-22,9236
1569,濱川,12,0,12,凱基-虎尾,2023-03-22,9236
2486,一詮,23,11,12,凱基-虎尾,2023-03-22,9236
3059,華晶科,22,11,11,凱基-虎尾,2023-03-22,9236
1598,岱宇,10,0,10,凱基-虎尾,2023-03-22,9236
1718,中纖,10,0,10,凱基-虎尾,2023-03-22,9236
2034,允強,10,0,10,凱基-虎尾,2023-03-22,9236
2101,南港,10,0,10,凱基-虎尾,2023-03-22,9236
2349,錸德,10,0,10,凱基-虎尾,2023-03-22,9236
3491,昇達科,12,2,10,凱基-虎尾,2023-03-22,9236
4979,華星光,10,0,10,凱基-虎尾,2023-03-22,9236
5285,界霖,10,0,10,凱基-虎尾,2023-03-22,9236
8111,立��,10,0,10,凱基-虎尾,2023-03-22,9236
3088,艾訊,12,3,9,凱基-虎尾,2023-03-22,9236
6182,合晶,17,8,9,凱基-虎尾,2023-03-22,9236
2301,光寶科,8,0,8,凱基-虎尾,2023-03-22,9236
4532,瑞智,8,0,8,凱基-虎尾,2023-03-22,9236
8358,金居,13,5,8,凱基-虎尾,2023-03-22,9236
3035,智原,18,10,8,凱基-虎尾,2023-03-22,9236
1712,興農,7,0,7,凱基-虎尾,2023-03-22,9236
3027,盛達,7,0,7,凱基-虎尾,2023-03-22,9236
4164,承業醫,7,0,7,凱基-虎尾,2023-03-22,9236
6509,聚和,14,7,7,凱基-虎尾,2023-03-22,9236
00687B,國泰20年美債,6,0,6,凱基-虎尾,2023-03-22,9236
2108,南帝,6,0,6,凱基-虎尾,2023-03-22,9236
2231,為升,6,0,6,凱基-虎尾,2023-03-22,9236
2606,裕民,9,3,6,凱基-虎尾,2023-03-22,9236
2884,玉山金,6,0,6,凱基-虎尾,2023-03-22,9236
3710,連展投控,9,3,6,凱基-虎尾,2023-03-22,9236
4533,協易機,6,0,6,凱基-虎尾,2023-03-22,9236
2317,鴻海,1402,864,538,凱基-虎尾,2023-03-23,9236
00632R,元大台灣50反1,161,1,160,凱基-虎尾,2023-03-23,9236
6122,擎邦,72,8,64,凱基-虎尾,2023-03-23,9236
3029,零壹,67,15,52,凱基-虎尾,2023-03-23,9236
2884,玉山金,50,9,41,凱基-虎尾,2023-03-23,9236
8222,寶一,49,12,37,凱基-虎尾,2023-03-23,9236
2486,一詮,39,8,31,凱基-虎尾,2023-03-23,9236
3221,台嘉碩,31,0,31,凱基-虎尾,2023-03-23,9236
8049,晶采,30,0,30,凱基-虎尾,2023-03-23,9236
3576,聯合再生,30,1,29,凱基-虎尾,2023-03-23,9236
2427,三商電,27,0,27,凱基-虎尾,2023-03-23,9236
1569,濱川,24,0,24,凱基-虎尾,2023-03-23,9236
8383,千附,24,0,24,凱基-虎尾,2023-03-23,9236
3094,聯傑,53,32,21,凱基-虎尾,2023-03-23,9236
3432,台端,23,2,21,凱基-虎尾,2023-03-23,9236
2221,大甲,20,0,20,凱基-虎尾,2023-03-23,9236
6168,宏齊,20,0,20,凱基-虎尾,2023-03-23,9236
5351,鈺創,21,1,20,凱基-虎尾,2023-03-23,9236
6443,元晶,43,24,19,凱基-虎尾,2023-03-23,9236
1504,東元,145,127,18,凱基-虎尾,2023-03-23,9236
2332,友訊,24,6,18,凱基-虎尾,2023-03-23,9236
1529,樂事綠能,18,1,17,凱基-虎尾,2023-03-23,9236
3163,波若威,17,0,17,凱基-虎尾,2023-03-23,9236
2889,國票金,622,606,16,凱基-虎尾,2023-03-23,9236
2890,永豐金,16,0,16,凱基-虎尾,2023-03-23,9236
4123,晟德,16,0,16,凱基-虎尾,2023-03-23,9236
6570,維田,16,0,16,凱基-虎尾,2023-03-23,9236
3011,今皓,15,0,15,凱基-虎尾,2023-03-23,9236
3211,順達,15,0,15,凱基-虎尾,2023-03-23,9236
4102,永日,15,0,15,凱基-虎尾,2023-03-23,9236
5457,宣德,15,0,15,凱基-虎尾,2023-03-23,9236
00885,富邦越南,14,0,14,凱基-虎尾,2023-03-23,9236
2208,台船,14,0,14,凱基-虎尾,2023-03-23,9236
3441,聯一光,16,2,14,凱基-虎尾,2023-03-23,9236
3630,新鉅科,14,0,14,凱基-虎尾,2023-03-23,9236
6505,台塑化,16,2,14,凱基-虎尾,2023-03-23,9236
6767,台微醫,14,0,14,凱基-虎尾,2023-03-23,9236
1802,台玻,13,0,13,凱基-虎尾,2023-03-23,9236
6109,亞元,17,4,13,凱基-虎尾,2023-03-23,9236
1301,台塑,12,0,12,凱基-虎尾,2023-03-23,9236
2375,凱美,13,1,12,凱基-虎尾,2023-03-23,9236
3664,安瑞-KY,12,0,12,凱基-虎尾,2023-03-23,9236
3481,群創,25,14,11,凱基-虎尾,2023-03-23,9236
3306,鼎天,12,1,11,凱基-虎尾,2023-03-23,9236
2634,漢翔,31,20,11,凱基-虎尾,2023-03-23,9236
00665L,富邦�琤肭磪囓�2,10,0,10,凱基-虎尾,2023-03-23,9236
1609,大亞,15,5,10,凱基-虎尾,2023-03-23,9236
2030,彰源,11,1,10,凱基-虎尾,2023-03-23,9236
2038,海光,10,0,10,凱基-虎尾,2023-03-23,9236
2204,中華,13,3,10,凱基-虎尾,2023-03-23,9236
2317,鴻海,2774,2640,134,凱基-虎尾,2023-03-24,9236
2303,聯電,107,12,95,凱基-虎尾,2023-03-24,9236
1605,華新,176,93,83,凱基-虎尾,2023-03-24,9236
2884,玉山金,60,1,59,凱基-虎尾,2023-03-24,9236
4979,華星光,55,2,53,凱基-虎尾,2023-03-24,9236
2482,連宇,46,0,46,凱基-虎尾,2023-03-24,9236
3013,晟銘電,54,11,43,凱基-虎尾,2023-03-24,9236
2344,華邦電,89,46,43,凱基-虎尾,2023-03-24,9236
5706,鳳凰,35,0,35,凱基-虎尾,2023-03-24,9236
6142,友勁,31,0,31,凱基-虎尾,2023-03-24,9236
5880,合庫金,31,0,31,凱基-虎尾,2023-03-24,9236
2104,國際中橡,30,0,30,凱基-虎尾,2023-03-24,9236
3689,湧德,30,0,30,凱基-虎尾,2023-03-24,9236
4916,事欣科,29,0,29,凱基-虎尾,2023-03-24,9236
1608,華榮,27,0,27,凱基-虎尾,2023-03-24,9236
3062,建漢,27,0,27,凱基-虎尾,2023-03-24,9236
2457,飛宏,28,3,25,凱基-虎尾,2023-03-24,9236
6290,良維,26,1,25,凱基-虎尾,2023-03-24,9236
3005,神基,31,6,25,凱基-虎尾,2023-03-24,9236
2340,台亞,23,0,23,凱基-虎尾,2023-03-24,9236
1513,中興電,21,0,21,凱基-虎尾,2023-03-24,9236
2388,威盛,30,9,21,凱基-虎尾,2023-03-24,9236
2302,麗正,23,2,21,凱基-虎尾,2023-03-24,9236
00632R,元大台灣50反1,20,0,20,凱基-虎尾,2023-03-24,9236
1785,光洋科,22,2,20,凱基-虎尾,2023-03-24,9236
8088,品安,23,3,20,凱基-虎尾,2023-03-24,9236
8050,廣積,20,1,19,凱基-虎尾,2023-03-24,9236
2337,旺宏,18,1,17,凱基-虎尾,2023-03-24,9236
3346,麗清,19,2,17,凱基-虎尾,2023-03-24,9236
3552,同致,20,3,17,凱基-虎尾,2023-03-24,9236
3715,定穎投控,17,1,16,凱基-虎尾,2023-03-24,9236
8121,越峰,16,0,16,凱基-虎尾,2023-03-24,9236
3059,華晶科,15,0,15,凱基-虎尾,2023-03-24,9236
6770,力積電,15,0,15,凱基-虎尾,2023-03-24,9236
4128,中天,15,1,14,凱基-虎尾,2023-03-24,9236
8171,天宇,14,0,14,凱基-虎尾,2023-03-24,9236
00885,富邦越南,13,0,13,凱基-虎尾,2023-03-24,9236
2409,友達,33,20,13,凱基-虎尾,2023-03-24,9236
6411,晶焱,13,0,13,凱基-虎尾,2023-03-24,9236
2880,華南金,14,2,12,凱基-虎尾,2023-03-24,9236
3272,東碩,12,0,12,凱基-虎尾,2023-03-24,9236
1701,中化,11,0,11,凱基-虎尾,2023-03-24,9236
6188,廣明,11,1,10,凱基-虎尾,2023-03-24,9236
00635U,期元大S＆P黃金,10,0,10,凱基-虎尾,2023-03-24,9236
1536,和大,10,0,10,凱基-虎尾,2023-03-24,9236
1611,中電,10,0,10,凱基-虎尾,2023-03-24,9236
1760,寶齡富錦,15,5,10,凱基-虎尾,2023-03-24,9236
2038,海光,10,0,10,凱基-虎尾,2023-03-24,9236
2328,廣宇,10,0,10,凱基-虎尾,2023-03-24,9236
2834,臺企銀,10,0,10,凱基-虎尾,2023-03-24,9236
00882,中信中國高股息,142,0,142,凱基-虎尾,2023-03-27,9236
1584,精剛,101,30,71,凱基-虎尾,2023-03-27,9236
2634,漢翔,62,13,49,凱基-虎尾,2023-03-27,9236
8033,雷虎,50,4,46,凱基-虎尾,2023-03-27,9236
2208,台船,46,0,46,凱基-虎尾,2023-03-27,9236
5608,四維航,46,0,46,凱基-虎尾,2023-03-27,9236
3047,訊舟,54,15,39,凱基-虎尾,2023-03-27,9236
6142,友勁,40,1,39,凱基-虎尾,2023-03-27,9236
3576,聯合再生,40,4,36,凱基-虎尾,2023-03-27,9236
3704,合勤控,35,0,35,凱基-虎尾,2023-03-27,9236
2891,中信金,31,0,31,凱基-虎尾,2023-03-27,9236
2413,環科,35,5,30,凱基-虎尾,2023-03-27,9236
2605,新興,36,6,30,凱基-虎尾,2023-03-27,9236
1907,永豐餘,29,0,29,凱基-虎尾,2023-03-27,9236
6133,金橋,29,0,29,凱基-虎尾,2023-03-27,9236
3441,聯一光,31,3,28,凱基-虎尾,2023-03-27,9236
1605,華新,79,51,28,凱基-虎尾,2023-03-27,9236
2645,長榮航太,28,1,27,凱基-虎尾,2023-03-27,9236
4906,正文,25,2,23,凱基-虎尾,2023-03-27,9236
5009,榮剛,25,2,23,凱基-虎尾,2023-03-27,9236
2881,富邦金,22,0,22,凱基-虎尾,2023-03-27,9236
2425,承啟,21,0,21,凱基-虎尾,2023-03-27,9236
00665L,富邦�琤肭磪囓�2,20,0,20,凱基-虎尾,2023-03-27,9236
2329,華泰,43,23,20,凱基-虎尾,2023-03-27,9236
2409,友達,53,33,20,凱基-虎尾,2023-03-27,9236
3224,三顧,20,0,20,凱基-虎尾,2023-03-27,9236
5880,合庫金,20,0,20,凱基-虎尾,2023-03-27,9236
4919,新唐,30,11,19,凱基-虎尾,2023-03-27,9236
4155,訊映,18,0,18,凱基-虎尾,2023-03-27,9236
5309,系統電,19,1,18,凱基-虎尾,2023-03-27,9236
2884,玉山金,17,0,17,凱基-虎尾,2023-03-27,9236
3162,精確,16,0,16,凱基-虎尾,2023-03-27,9236
2388,威盛,19,4,15,凱基-虎尾,2023-03-27,9236
5011,久陽,18,4,14,凱基-虎尾,2023-03-27,9236
6274,台燿,14,0,14,凱基-虎尾,2023-03-27,9236
2889,國票金,12,0,12,凱基-虎尾,2023-03-27,9236
6245,立端,17,5,12,凱基-虎尾,2023-03-27,9236
3035,智原,367,356,11,凱基-虎尾,2023-03-27,9236
2609,陽明,16,5,11,凱基-虎尾,2023-03-27,9236
8086,宏捷科,12,1,11,凱基-虎尾,2023-03-27,9236
2421,建準,11,0,11,凱基-虎尾,2023-03-27,9236
1504,東元,62,51,11,凱基-虎尾,2023-03-27,9236
1524,耿鼎,11,1,10,凱基-虎尾,2023-03-27,9236
1718,中纖,10,0,10,凱基-虎尾,2023-03-27,9236
2038,海光,10,0,10,凱基-虎尾,2023-03-27,9236
4119,旭富,10,0,10,凱基-虎尾,2023-03-27,9236
5284,jpp-KY,10,0,10,凱基-虎尾,2023-03-27,9236
2241,艾姆勒,9,0,9,凱基-虎尾,2023-03-27,9236
3624,光頡,28,19,9,凱基-虎尾,2023-03-27,9236
6603,富強鑫,9,0,9,凱基-虎尾,2023-03-27,9236
3481,群創,100,0,100,凱基-虎尾,2023-03-28,9236
2634,漢翔,64,8,56,凱基-虎尾,2023-03-28,9236
2342,茂矽,83,42,41,凱基-虎尾,2023-03-28,9236
3011,今皓,40,0,40,凱基-虎尾,2023-03-28,9236
00680L,元大美債20正2,30,0,30,凱基-虎尾,2023-03-28,9236
00922,國泰台灣領袖50,30,0,30,凱基-虎尾,2023-03-28,9236
2023,燁輝,29,0,29,凱基-虎尾,2023-03-28,9236
2388,威盛,36,8,28,凱基-虎尾,2023-03-28,9236
5450,南良,27,0,27,凱基-虎尾,2023-03-28,9236
3037,欣興,30,4,26,凱基-虎尾,2023-03-28,9236
1506,正道,24,0,24,凱基-虎尾,2023-03-28,9236
3715,定穎投控,31,8,23,凱基-虎尾,2023-03-28,9236
2331,精英,20,0,20,凱基-虎尾,2023-03-28,9236
1108,幸福,20,1,19,凱基-虎尾,2023-03-28,9236
1101,台泥,19,1,18,凱基-虎尾,2023-03-28,9236
8222,寶一,86,70,16,凱基-虎尾,2023-03-28,9236
2702,華園,15,0,15,凱基-虎尾,2023-03-28,9236
3105,穩懋,260,245,15,凱基-虎尾,2023-03-28,9236
9935,慶豐富,14,0,14,凱基-虎尾,2023-03-28,9236
00679B,元大美債20年,13,0,13,凱基-虎尾,2023-03-28,9236
8422,可寧衛,13,0,13,凱基-虎尾,2023-03-28,9236
00751B,元大AAA至A公司債,13,0,13,凱基-虎尾,2023-03-28,9236
00654R,富邦印度反1,13,0,13,凱基-虎尾,2023-03-28,9236
00882,中信中國高股息,11,0,11,凱基-虎尾,2023-03-28,9236
2891,中信金,19,8,11,凱基-虎尾,2023-03-28,9236
3162,精確,11,1,10,凱基-虎尾,2023-03-28,9236
8038,長園科,10,0,10,凱基-虎尾,2023-03-28,9236
1519,華城,11,1,10,凱基-虎尾,2023-03-28,9236
8163,達方,9,0,9,凱基-虎尾,2023-03-28,9236
1216,統一,10,1,9,凱基-虎尾,2023-03-28,9236
2402,毅嘉,15,6,9,凱基-虎尾,2023-03-28,9236
3022,威強電,9,0,9,凱基-虎尾,2023-03-28,9236
4968,立積,9,0,9,凱基-虎尾,2023-03-28,9236
1417,嘉裕,8,0,8,凱基-虎尾,2023-03-28,9236
6443,元晶,14,6,8,凱基-虎尾,2023-03-28,9236
6733,博晟生醫,8,0,8,凱基-虎尾,2023-03-28,9236
2888,新光金,8,0,8,凱基-虎尾,2023-03-28,9236
00878,國泰永續高股息,9,1,8,凱基-虎尾,2023-03-28,9236
00772B,中信高評級公司債,7,0,7,凱基-虎尾,2023-03-28,9236
2241,艾姆勒,7,0,7,凱基-虎尾,2023-03-28,9236
2468,華經,7,0,7,凱基-虎尾,2023-03-28,9236
2498,宏達電,10,3,7,凱基-虎尾,2023-03-28,9236
3272,東碩,9,2,7,凱基-虎尾,2023-03-28,9236
3484,崧騰,7,0,7,凱基-虎尾,2023-03-28,9236
8121,越峰,8,1,7,凱基-虎尾,2023-03-28,9236
2603,長榮,9,3,6,凱基-虎尾,2023-03-28,9236
1795,美時,11,5,6,凱基-虎尾,2023-03-28,9236
5243,乙盛-KY,7,1,6,凱基-虎尾,2023-03-28,9236
6546,正基,7,1,6,凱基-虎尾,2023-03-28,9236
911608,明輝-DR,6,0,6,凱基-虎尾,2023-03-28,9236
3481,群創,585,458,127,凱基-虎尾,2023-03-29,9236
2359,所羅門,57,4,53,凱基-虎尾,2023-03-29,9236
2867,三商壽,50,0,50,凱基-虎尾,2023-03-29,9236
2618,長榮航,50,2,48,凱基-虎尾,2023-03-29,9236
4979,華星光,50,13,37,凱基-虎尾,2023-03-29,9236
1319,東陽,30,0,30,凱基-虎尾,2023-03-29,9236
00673R,期元大S＆P原油反1,30,0,30,凱基-虎尾,2023-03-29,9236
3290,東浦,28,2,26,凱基-虎尾,2023-03-29,9236
00891,中信關鍵半導體,25,0,25,凱基-虎尾,2023-03-29,9236
6143,振曜,26,1,25,凱基-虎尾,2023-03-29,9236
2023,燁輝,20,0,20,凱基-虎尾,2023-03-29,9236
2312,金寶,20,0,20,凱基-虎尾,2023-03-29,9236
2409,友達,25,6,19,凱基-虎尾,2023-03-29,9236
2031,新光鋼,18,0,18,凱基-虎尾,2023-03-29,9236
3432,台端,20,2,18,凱基-虎尾,2023-03-29,9236
2402,毅嘉,17,0,17,凱基-虎尾,2023-03-29,9236
1605,華新,26,10,16,凱基-虎尾,2023-03-29,9236
2342,茂矽,24,11,13,凱基-虎尾,2023-03-29,9236
2371,大同,22,9,13,凱基-虎尾,2023-03-29,9236
4128,中天,18,5,13,凱基-虎尾,2023-03-29,9236
5706,鳳凰,13,0,13,凱基-虎尾,2023-03-29,9236
6122,擎邦,13,0,13,凱基-虎尾,2023-03-29,9236
2317,鴻海,11,0,11,凱基-虎尾,2023-03-29,9236
2609,陽明,12,1,11,凱基-虎尾,2023-03-29,9236
2845,遠東銀,11,0,11,凱基-虎尾,2023-03-29,9236
4114,健喬,23,12,11,凱基-虎尾,2023-03-29,9236
00915,凱基優選高股息30,10,0,10,凱基-虎尾,2023-03-29,9236
1760,寶齡富錦,21,11,10,凱基-虎尾,2023-03-29,9236
1795,美時,46,36,10,凱基-虎尾,2023-03-29,9236
3092,鴻碩,10,0,10,凱基-虎尾,2023-03-29,9236
5475,德宏,10,0,10,凱基-虎尾,2023-03-29,9236
6285,啟��,11,1,10,凱基-虎尾,2023-03-29,9236
3105,穩懋,28,18,10,凱基-虎尾,2023-03-29,9236
3037,欣興,16,7,9,凱基-虎尾,2023-03-29,9236
5258,虹堡,10,1,9,凱基-虎尾,2023-03-29,9236
1618,合機,9,0,9,凱基-虎尾,2023-03-29,9236
3035,智原,10,2,8,凱基-虎尾,2023-03-29,9236
2449,京元電子,8,0,8,凱基-虎尾,2023-03-29,9236
2748,雲品,12,4,8,凱基-虎尾,2023-03-29,9236
00679B,元大美債20年,7,0,7,凱基-虎尾,2023-03-29,9236
2352,佳世達,11,4,7,凱基-虎尾,2023-03-29,9236
6589,台康生技,7,0,7,凱基-虎尾,2023-03-29,9236
2453,凌群,7,1,6,凱基-虎尾,2023-03-29,9236
00772B,中信高評級公司債,6,0,6,凱基-虎尾,2023-03-29,9236
2344,華邦電,6,0,6,凱基-虎尾,2023-03-29,9236
3022,威強電,6,0,6,凱基-虎尾,2023-03-29,9236
3665,貿聯-KY,6,0,6,凱基-虎尾,2023-03-29,9236
6185,幃翔,6,0,6,凱基-虎尾,2023-03-29,9236
8171,天宇,10,4,6,凱基-虎尾,2023-03-29,9236
8931,大汽電,7,2,5,凱基-虎尾,2023-03-29,9236
00632R,元大台灣50反1,200,0,200,凱基-虎尾,2023-03-30,9236
2884,玉山金,122,6,116,凱基-虎尾,2023-03-30,9236
00673R,期元大S＆P原油反1,65,0,65,凱基-虎尾,2023-03-30,9236
2402,毅嘉,52,6,46,凱基-虎尾,2023-03-30,9236
2302,麗正,44,14,30,凱基-虎尾,2023-03-30,9236
3037,欣興,983,956,27,凱基-虎尾,2023-03-30,9236
2634,漢翔,36,11,25,凱基-虎尾,2023-03-30,9236
5309,系統電,28,4,24,凱基-虎尾,2023-03-30,9236
2419,仲琦,23,0,23,凱基-虎尾,2023-03-30,9236
2891,中信金,20,0,20,凱基-虎尾,2023-03-30,9236
00885,富邦越南,22,2,20,凱基-虎尾,2023-03-30,9236
3583,辛耘,19,4,15,凱基-虎尾,2023-03-30,9236
6191,精成科,15,0,15,凱基-虎尾,2023-03-30,9236
00922,國泰台灣領袖50,13,0,13,凱基-虎尾,2023-03-30,9236
1522,堤維西,15,2,13,凱基-虎尾,2023-03-30,9236
2427,三商電,13,0,13,凱基-虎尾,2023-03-30,9236
2607,榮運,11,0,11,凱基-虎尾,2023-03-30,9236
6441,廣錠,11,0,11,凱基-虎尾,2023-03-30,9236
8046,南電,12,1,11,凱基-虎尾,2023-03-30,9236
2457,飛宏,29,18,11,凱基-虎尾,2023-03-30,9236
00637L,元大滬深300正2,10,0,10,凱基-虎尾,2023-03-30,9236
2038,海光,10,0,10,凱基-虎尾,2023-03-30,9236
2382,廣達,11,1,10,凱基-虎尾,2023-03-30,9236
3432,台端,10,0,10,凱基-虎尾,2023-03-30,9236
8110,華東,10,0,10,凱基-虎尾,2023-03-30,9236
3005,神基,11,1,10,凱基-虎尾,2023-03-30,9236
00882,中信中國高股息,9,0,9,凱基-虎尾,2023-03-30,9236
2337,旺宏,20,11,9,凱基-虎尾,2023-03-30,9236
3682,亞太電,9,0,9,凱基-虎尾,2023-03-30,9236
6125,廣運,9,0,9,凱基-虎尾,2023-03-30,9236
6274,台燿,9,0,9,凱基-虎尾,2023-03-30,9236
6443,元晶,13,4,9,凱基-虎尾,2023-03-30,9236
6477,安集,13,4,9,凱基-虎尾,2023-03-30,9236
6548,長科*,12,3,9,凱基-虎尾,2023-03-30,9236
3715,定穎投控,11,2,9,凱基-虎尾,2023-03-30,9236
2534,宏盛,7,0,7,凱基-虎尾,2023-03-30,9236
3491,昇達科,9,2,7,凱基-虎尾,2023-03-30,9236
3504,揚明光,7,0,7,凱基-虎尾,2023-03-30,9236
6438,迅得,7,0,7,凱基-虎尾,2023-03-30,9236
8050,廣積,14,7,7,凱基-虎尾,2023-03-30,9236
2889,國票金,8,1,7,凱基-虎尾,2023-03-30,9236
2834,臺企銀,6,0,6,凱基-虎尾,2023-03-30,9236
3264,欣銓,8,2,6,凱基-虎尾,2023-03-30,9236
4164,承業醫,7,1,6,凱基-虎尾,2023-03-30,9236
4961,天鈺,5,0,5,凱基-虎尾,2023-03-30,9236
00881,國泰台灣5G+,5,0,5,凱基-虎尾,2023-03-30,9236
1526,日馳,5,0,5,凱基-虎尾,2023-03-30,9236
2351,順德,5,0,5,凱基-虎尾,2023-03-30,9236
2449,京元電子,7,2,5,凱基-虎尾,2023-03-30,9236
2867,三商壽,10,5,5,凱基-虎尾,2023-03-30,9236
2867,三商壽,71,0,71,凱基-虎尾,2023-03-31,9236
2354,鴻準,62,20,42,凱基-虎尾,2023-03-31,9236
2884,玉山金,31,1,30,凱基-虎尾,2023-03-31,9236
5353,台林,26,1,25,凱基-虎尾,2023-03-31,9236
00712,復華富時不動產,24,0,24,凱基-虎尾,2023-03-31,9236
2375,凱美,20,1,19,凱基-虎尾,2023-03-31,9236
4916,事欣科,21,2,19,凱基-虎尾,2023-03-31,9236
1504,東元,37,19,18,凱基-虎尾,2023-03-31,9236
1609,大亞,17,0,17,凱基-虎尾,2023-03-31,9236
6416,瑞祺電通,20,3,17,凱基-虎尾,2023-03-31,9236
00632R,元大台灣50反1,16,0,16,凱基-虎尾,2023-03-31,9236
8086,宏捷科,12,0,12,凱基-虎尾,2023-03-31,9236
00885,富邦越南,11,0,11,凱基-虎尾,2023-03-31,9236
2537,聯上發,10,0,10,凱基-虎尾,2023-03-31,9236
2609,陽明,10,0,10,凱基-虎尾,2023-03-31,9236
3169,亞信,10,0,10,凱基-虎尾,2023-03-31,9236
3706,神達,10,0,10,凱基-虎尾,2023-03-31,9236
2342,茂矽,9,1,8,凱基-虎尾,2023-03-31,9236
3481,群創,10,2,8,凱基-虎尾,2023-03-31,9236
2641,正德,7,0,7,凱基-虎尾,2023-03-31,9236
8227,巨有科技,8,2,6,凱基-虎尾,2023-03-31,9236
00922,國泰台灣領袖50,6,0,6,凱基-虎尾,2023-03-31,9236
6163,華電網,9,3,6,凱基-虎尾,2023-03-31,9236
6438,迅得,6,0,6,凱基-虎尾,2023-03-31,9236
1310,台苯,5,0,5,凱基-虎尾,2023-03-31,9236
6605,帝寶,5,0,5,凱基-虎尾,2023-03-31,9236
3715,定穎投控,8,3,5,凱基-虎尾,2023-03-31,9236
2890,永豐金,4,0,4,凱基-虎尾,2023-03-31,9236
1301,台塑,6,2,4,凱基-虎尾,2023-03-31,9236
1584,精剛,4,0,4,凱基-虎尾,2023-03-31,9236
1618,合機,6,2,4,凱基-虎尾,2023-03-31,9236
2392,正崴,4,0,4,凱基-虎尾,2023-03-31,9236
2413,環科,4,0,4,凱基-虎尾,2023-03-31,9236
2457,飛宏,34,30,4,凱基-虎尾,2023-03-31,9236
2881,富邦金,4,0,4,凱基-虎尾,2023-03-31,9236
3029,零壹,4,0,4,凱基-虎尾,2023-03-31,9236
3324,雙鴻,4,0,4,凱基-虎尾,2023-03-31,9236
3491,昇達科,25,21,4,凱基-虎尾,2023-03-31,9236
5315,光聯,4,0,4,凱基-虎尾,2023-03-31,9236
6122,擎邦,6,2,4,凱基-虎尾,2023-03-31,9236
6133,金橋,14,10,4,凱基-虎尾,2023-03-31,9236
6185,幃翔,4,0,4,凱基-虎尾,2023-03-31,9236
6531,愛普*,5,1,4,凱基-虎尾,2023-03-31,9236
8926,台汽電,4,0,4,凱基-虎尾,2023-03-31,9236
1307,三芳,3,0,3,凱基-虎尾,2023-03-31,9236
2603,長榮,4,1,3,凱基-虎尾,2023-03-31,9236
2834,臺企銀,574,571,3,凱基-虎尾,2023-03-31,9236
3313,斐成,3,0,3,凱基-虎尾,2023-03-31,9236
3711,日月光投控,3,0,3,凱基-虎尾,2023-03-31,9236
4111,濟生,4,1,3,凱基-虎尾,2023-03-31,9236
2354,鴻準,282,0,282,凱基-虎尾,2023-04-06,9236
2206,三陽工業,80,0,80,凱基-虎尾,2023-04-06,9236
00673R,期元大S＆P原油反1,86,25,61,凱基-虎尾,2023-04-06,9236
2208,台船,51,1,50,凱基-虎尾,2023-04-06,9236
1609,大亞,48,7,41,凱基-虎尾,2023-04-06,9236
6142,友勁,40,0,40,凱基-虎尾,2023-04-06,9236
2427,三商電,31,3,28,凱基-虎尾,2023-04-06,9236
6770,力積電,30,5,25,凱基-虎尾,2023-04-06,9236
00712,復華富時不動產,23,0,23,凱基-虎尾,2023-04-06,9236
2486,一詮,23,0,23,凱基-虎尾,2023-04-06,9236
6209,今國光,23,0,23,凱基-虎尾,2023-04-06,9236
1522,堤維西,22,0,22,凱基-虎尾,2023-04-06,9236
00665L,富邦�琤肭磪囓�2,20,0,20,凱基-虎尾,2023-04-06,9236
1810,和成,40,20,20,凱基-虎尾,2023-04-06,9236
2023,燁輝,20,0,20,凱基-虎尾,2023-04-06,9236
2344,華邦電,26,6,20,凱基-虎尾,2023-04-06,9236
6120,達運,20,0,20,凱基-虎尾,2023-04-06,9236
1218,泰山,20,1,19,凱基-虎尾,2023-04-06,9236
4979,華星光,30,11,19,凱基-虎尾,2023-04-06,9236
3022,威強電,16,0,16,凱基-虎尾,2023-04-06,9236
00753L,中信中國50正2,30,15,15,凱基-虎尾,2023-04-06,9236
2413,環科,16,1,15,凱基-虎尾,2023-04-06,9236
2484,希華,15,0,15,凱基-虎尾,2023-04-06,9236
2495,普安,19,4,15,凱基-虎尾,2023-04-06,9236
2645,長榮航太,15,0,15,凱基-虎尾,2023-04-06,9236
2702,華園,15,0,15,凱基-虎尾,2023-04-06,9236
2457,飛宏,20,6,14,凱基-虎尾,2023-04-06,9236
3211,順達,13,0,13,凱基-虎尾,2023-04-06,9236
1589,永冠-KY,13,0,13,凱基-虎尾,2023-04-06,9236
9962,有益,13,0,13,凱基-虎尾,2023-04-06,9236
6266,泰詠,14,1,13,凱基-虎尾,2023-04-06,9236
3025,星通,12,0,12,凱基-虎尾,2023-04-06,9236
2303,聯電,11,0,11,凱基-虎尾,2023-04-06,9236
2342,茂矽,11,0,11,凱基-虎尾,2023-04-06,9236
4931,新盛力,11,0,11,凱基-虎尾,2023-04-06,9236
1442,名軒,10,0,10,凱基-虎尾,2023-04-06,9236
00902,中信電池及儲能,10,0,10,凱基-虎尾,2023-04-06,9236
6026,福邦證,10,0,10,凱基-虎尾,2023-04-06,9236
6122,擎邦,10,0,10,凱基-虎尾,2023-04-06,9236
2027,大成鋼,10,0,10,凱基-虎尾,2023-04-06,9236
3380,明泰,11,2,9,凱基-虎尾,2023-04-06,9236
2340,台亞,9,0,9,凱基-虎尾,2023-04-06,9236
2482,連宇,15,6,9,凱基-虎尾,2023-04-06,9236
2888,新光金,9,0,9,凱基-虎尾,2023-04-06,9236
4967,十銓,15,6,9,凱基-虎尾,2023-04-06,9236
8926,台汽電,10,1,9,凱基-虎尾,2023-04-06,9236
3207,耀勝,8,0,8,凱基-虎尾,2023-04-06,9236
8069,元太,8,0,8,凱基-虎尾,2023-04-06,9236
2618,長榮航,7,0,7,凱基-虎尾,2023-04-06,9236
00893,國泰智能電動車,7,0,7,凱基-虎尾,2023-04-06,9236
1513,中興電,118,13,105,凱基-虎尾,2023-04-07,9236
2486,一詮,40,4,36,凱基-虎尾,2023-04-07,9236
00673R,期元大S＆P原油反1,35,0,35,凱基-虎尾,2023-04-07,9236
2302,麗正,36,1,35,凱基-虎尾,2023-04-07,9236
5608,四維航,35,0,35,凱基-虎尾,2023-04-07,9236
2609,陽明,59,25,34,凱基-虎尾,2023-04-07,9236
4934,太極,32,0,32,凱基-虎尾,2023-04-07,9236
2618,長榮航,31,0,31,凱基-虎尾,2023-04-07,9236
1304,台聚,28,0,28,凱基-虎尾,2023-04-07,9236
2603,長榮,82,54,28,凱基-虎尾,2023-04-07,9236
2637,慧洋-KY,29,2,27,凱基-虎尾,2023-04-07,9236
5469,瀚宇博,25,0,25,凱基-虎尾,2023-04-07,9236
2867,三商壽,25,2,23,凱基-虎尾,2023-04-07,9236
2606,裕民,27,6,21,凱基-虎尾,2023-04-07,9236
6266,泰詠,36,16,20,凱基-虎尾,2023-04-07,9236
2617,台航,19,0,19,凱基-虎尾,2023-04-07,9236
8440,綠電,16,2,14,凱基-虎尾,2023-04-07,9236
2889,國票金,13,0,13,凱基-虎尾,2023-04-07,9236
2615,萬海,13,0,13,凱基-虎尾,2023-04-07,9236
3441,聯一光,12,0,12,凱基-虎尾,2023-04-07,9236
4541,晟田,16,4,12,凱基-虎尾,2023-04-07,9236
6163,華電網,11,0,11,凱基-虎尾,2023-04-07,9236
1301,台塑,10,0,10,凱基-虎尾,2023-04-07,9236
00720B,元大投資級公司債,10,0,10,凱基-虎尾,2023-04-07,9236
00738U,期元大道瓊白銀,10,0,10,凱基-虎尾,2023-04-07,9236
1227,佳格,10,0,10,凱基-虎尾,2023-04-07,9236
2101,南港,11,1,10,凱基-虎尾,2023-04-07,9236
4129,聯合,10,0,10,凱基-虎尾,2023-04-07,9236
6416,瑞祺電通,10,0,10,凱基-虎尾,2023-04-07,9236
3207,耀勝,15,6,9,凱基-虎尾,2023-04-07,9236
00885,富邦越南,8,0,8,凱基-虎尾,2023-04-07,9236
00882,中信中國高股息,10,2,8,凱基-虎尾,2023-04-07,9236
1609,大亞,52,44,8,凱基-虎尾,2023-04-07,9236
1522,堤維西,7,0,7,凱基-虎尾,2023-04-07,9236
6756,威鋒電子,9,2,7,凱基-虎尾,2023-04-07,9236
6547,高端疫苗,8,1,7,凱基-虎尾,2023-04-07,9236
2382,廣達,6,0,6,凱基-虎尾,2023-04-07,9236
6146,耕興,6,0,6,凱基-虎尾,2023-04-07,9236
3105,穩懋,6,0,6,凱基-虎尾,2023-04-07,9236
3481,群創,6,0,6,凱基-虎尾,2023-04-07,9236
4967,十銓,12,6,6,凱基-虎尾,2023-04-07,9236
5222,全訊,11,5,6,凱基-虎尾,2023-04-07,9236
6177,達麗,6,0,6,凱基-虎尾,2023-04-07,9236
8069,元太,8,2,6,凱基-虎尾,2023-04-07,9236
00712,復華富時不動產,5,0,5,凱基-虎尾,2023-04-07,9236
00893,國泰智能電動車,5,0,5,凱基-虎尾,2023-04-07,9236
1584,精剛,5,0,5,凱基-虎尾,2023-04-07,9236
2049,上銀,5,0,5,凱基-虎尾,2023-04-07,9236
2352,佳世達,12,7,5,凱基-虎尾,2023-04-07,9236
2360,致茂,5,0,5,凱基-虎尾,2023-04-07,9236
2610,華航,201,25,176,凱基-虎尾,2023-04-10,9236
1219,福壽,86,0,86,凱基-虎尾,2023-04-10,9236
3715,定穎投控,77,26,51,凱基-虎尾,2023-04-10,9236
00878,國泰永續高股息,53,9,44,凱基-虎尾,2023-04-10,9236
6163,華電網,51,9,42,凱基-虎尾,2023-04-10,9236
00673R,期元大S＆P原油反1,40,0,40,凱基-虎尾,2023-04-10,9236
2618,長榮航,35,0,35,凱基-虎尾,2023-04-10,9236
2471,資通,34,0,34,凱基-虎尾,2023-04-10,9236
2208,台船,47,16,31,凱基-虎尾,2023-04-10,9236
1504,東元,38,9,29,凱基-虎尾,2023-04-10,9236
3013,晟銘電,30,2,28,凱基-虎尾,2023-04-10,9236
3162,精確,26,0,26,凱基-虎尾,2023-04-10,9236
8936,國統,26,0,26,凱基-虎尾,2023-04-10,9236
2495,普安,28,3,25,凱基-虎尾,2023-04-10,9236
8183,精星,25,0,25,凱基-虎尾,2023-04-10,9236
4968,立積,26,2,24,凱基-虎尾,2023-04-10,9236
1605,華新,25,3,22,凱基-虎尾,2023-04-10,9236
3290,東浦,24,2,22,凱基-虎尾,2023-04-10,9236
9962,有益,23,1,22,凱基-虎尾,2023-04-10,9236
00885,富邦越南,20,0,20,凱基-虎尾,2023-04-10,9236
4979,華星光,20,0,20,凱基-虎尾,2023-04-10,9236
6120,達運,20,0,20,凱基-虎尾,2023-04-10,9236
2323,中環,20,1,19,凱基-虎尾,2023-04-10,9236
4164,承業醫,19,0,19,凱基-虎尾,2023-04-10,9236
1589,永冠-KY,18,0,18,凱基-虎尾,2023-04-10,9236
2867,三商壽,20,2,18,凱基-虎尾,2023-04-10,9236
3520,華盈,19,1,18,凱基-虎尾,2023-04-10,9236
6288,聯嘉,25,7,18,凱基-虎尾,2023-04-10,9236
3029,零壹,19,2,17,凱基-虎尾,2023-04-10,9236
2402,毅嘉,51,36,15,凱基-虎尾,2023-04-10,9236
6122,擎邦,15,0,15,凱基-虎尾,2023-04-10,9236
8390,金益鼎,15,0,15,凱基-虎尾,2023-04-10,9236
00715L,期街口布蘭特正2,26,12,14,凱基-虎尾,2023-04-10,9236
2472,立隆電,14,0,14,凱基-虎尾,2023-04-10,9236
5457,宣德,14,0,14,凱基-虎尾,2023-04-10,9236
6235,華孚,15,1,14,凱基-虎尾,2023-04-10,9236
6443,元晶,15,1,14,凱基-虎尾,2023-04-10,9236
1907,永豐餘,13,0,13,凱基-虎尾,2023-04-10,9236
2375,凱美,15,2,13,凱基-虎尾,2023-04-10,9236
2483,百容,16,3,13,凱基-虎尾,2023-04-10,9236
6125,廣運,15,3,12,凱基-虎尾,2023-04-10,9236
1762,中化生,13,1,12,凱基-虎尾,2023-04-10,9236
1784,訊聯,17,5,12,凱基-虎尾,2023-04-10,9236
5258,虹堡,11,0,11,凱基-虎尾,2023-04-10,9236
00907,永豐優息存股,11,0,11,凱基-虎尾,2023-04-10,9236
2889,國票金,11,0,11,凱基-虎尾,2023-04-10,9236
2486,一詮,20,10,10,凱基-虎尾,2023-04-10,9236
4119,旭富,10,0,10,凱基-虎尾,2023-04-10,9236
4541,晟田,10,0,10,凱基-虎尾,2023-04-10,9236
5009,榮剛,14,4,10,凱基-虎尾,2023-04-10,9236
8110,華東,75,2,73,凱基-虎尾,2023-04-11,9236
6234,高僑,70,3,67,凱基-虎尾,2023-04-11,9236
4961,天鈺,331,276,55,凱基-虎尾,2023-04-11,9236
2515,中工,48,3,45,凱基-虎尾,2023-04-11,9236
3005,神基,43,0,43,凱基-虎尾,2023-04-11,9236
00682U,期元大美元指數,38,0,38,凱基-虎尾,2023-04-11,9236
2402,毅嘉,48,14,34,凱基-虎尾,2023-04-11,9236
2867,三商壽,40,6,34,凱基-虎尾,2023-04-11,9236
6129,普誠,36,5,31,凱基-虎尾,2023-04-11,9236
8088,品安,36,7,29,凱基-虎尾,2023-04-11,9236
00878,國泰永續高股息,35,6,29,凱基-虎尾,2023-04-11,9236
1529,樂事綠能,31,3,28,凱基-虎尾,2023-04-11,9236
6217,中探針,25,0,25,凱基-虎尾,2023-04-11,9236
1810,和成,20,0,20,凱基-虎尾,2023-04-11,9236
2421,建準,20,0,20,凱基-虎尾,2023-04-11,9236
2504,國產,20,0,20,凱基-虎尾,2023-04-11,9236
3540,曜越,24,4,20,凱基-虎尾,2023-04-11,9236
5351,鈺創,26,7,19,凱基-虎尾,2023-04-11,9236
3162,精確,17,0,17,凱基-虎尾,2023-04-11,9236
1108,幸福,21,7,14,凱基-虎尾,2023-04-11,9236
00679B,元大美債20年,14,0,14,凱基-虎尾,2023-04-11,9236
2338,光罩,14,0,14,凱基-虎尾,2023-04-11,9236
4927,泰鼎-KY,14,0,14,凱基-虎尾,2023-04-11,9236
1609,大亞,79,66,13,凱基-虎尾,2023-04-11,9236
2312,金寶,13,0,13,凱基-虎尾,2023-04-11,9236
2486,一詮,24,11,13,凱基-虎尾,2023-04-11,9236
3059,華晶科,14,1,13,凱基-虎尾,2023-04-11,9236
3491,昇達科,24,11,13,凱基-虎尾,2023-04-11,9236
4147,中裕,17,4,13,凱基-虎尾,2023-04-11,9236
2303,聯電,13,1,12,凱基-虎尾,2023-04-11,9236
2457,飛宏,26,14,12,凱基-虎尾,2023-04-11,9236
3032,偉訓,16,4,12,凱基-虎尾,2023-04-11,9236
3583,辛耘,12,0,12,凱基-虎尾,2023-04-11,9236
6233,旺玖,15,3,12,凱基-虎尾,2023-04-11,9236
6806,森崴能源,21,9,12,凱基-虎尾,2023-04-11,9236
4967,十銓,19,8,11,凱基-虎尾,2023-04-11,9236
1514,亞力,34,23,11,凱基-虎尾,2023-04-11,9236
2889,國票金,11,0,11,凱基-虎尾,2023-04-11,9236
00712,復華富時不動產,10,0,10,凱基-虎尾,2023-04-11,9236
2324,仁寶,10,0,10,凱基-虎尾,2023-04-11,9236
6104,創惟,10,0,10,凱基-虎尾,2023-04-11,9236
6231,系微,10,0,10,凱基-虎尾,2023-04-11,9236
2352,佳世達,11,2,9,凱基-虎尾,2023-04-11,9236
2427,三商電,15,6,9,凱基-虎尾,2023-04-11,9236
3049,精金,9,0,9,凱基-虎尾,2023-04-11,9236
3545,敦泰,23,14,9,凱基-虎尾,2023-04-11,9236
5203,訊連,9,0,9,凱基-虎尾,2023-04-11,9236
2603,長榮,10,1,9,凱基-虎尾,2023-04-11,9236
2413,環科,19,11,8,凱基-虎尾,2023-04-11,9236
2449,京元電子,8,0,8,凱基-虎尾,2023-04-11,9236
2634,漢翔,825,72,753,凱基-虎尾,2023-04-12,9236
1101,台泥,80,5,75,凱基-虎尾,2023-04-12,9236
00679B,元大美債20年,57,0,57,凱基-虎尾,2023-04-12,9236
1611,中電,67,12,55,凱基-虎尾,2023-04-12,9236
2495,普安,54,5,49,凱基-虎尾,2023-04-12,9236
2359,所羅門,48,0,48,凱基-虎尾,2023-04-12,9236
3715,定穎投控,57,10,47,凱基-虎尾,2023-04-12,9236
2603,長榮,1952,1908,44,凱基-虎尾,2023-04-12,9236
2323,中環,40,1,39,凱基-虎尾,2023-04-12,9236
2208,台船,86,51,35,凱基-虎尾,2023-04-12,9236
1618,合機,30,0,30,凱基-虎尾,2023-04-12,9236
3704,合勤控,30,0,30,凱基-虎尾,2023-04-12,9236
3027,盛達,33,7,26,凱基-虎尾,2023-04-12,9236
6127,九豪,26,1,25,凱基-虎尾,2023-04-12,9236
4960,誠美材,124,100,24,凱基-虎尾,2023-04-12,9236
3708,上緯投控,27,4,23,凱基-虎尾,2023-04-12,9236
4541,晟田,25,2,23,凱基-虎尾,2023-04-12,9236
2369,菱生,22,0,22,凱基-虎尾,2023-04-12,9236
2392,正崴,24,2,22,凱基-虎尾,2023-04-12,9236
9904,寶成,22,0,22,凱基-虎尾,2023-04-12,9236
00673R,期元大S＆P原油反1,19,0,19,凱基-虎尾,2023-04-12,9236
4968,立積,22,3,19,凱基-虎尾,2023-04-12,9236
2645,長榮航太,19,1,18,凱基-虎尾,2023-04-12,9236
3432,台端,20,2,18,凱基-虎尾,2023-04-12,9236
4977,眾達-KY,21,3,18,凱基-虎尾,2023-04-12,9236
8215,明基材,21,4,17,凱基-虎尾,2023-04-12,9236
8383,千附,19,2,17,凱基-虎尾,2023-04-12,9236
8926,台汽電,37,20,17,凱基-虎尾,2023-04-12,9236
1752,南光,22,6,16,凱基-虎尾,2023-04-12,9236
3162,精確,16,0,16,凱基-虎尾,2023-04-12,9236
8271,宇瞻,16,0,16,凱基-虎尾,2023-04-12,9236
00637L,元大滬深300正2,15,0,15,凱基-虎尾,2023-04-12,9236
3591,艾笛森,17,2,15,凱基-虎尾,2023-04-12,9236
1609,大亞,35,21,14,凱基-虎尾,2023-04-12,9236
8390,金益鼎,15,1,14,凱基-虎尾,2023-04-12,9236
6248,沛波,18,4,14,凱基-虎尾,2023-04-12,9236
2329,華泰,94,81,13,凱基-虎尾,2023-04-12,9236
2364,倫飛,16,3,13,凱基-虎尾,2023-04-12,9236
3094,聯傑,13,0,13,凱基-虎尾,2023-04-12,9236
4927,泰鼎-KY,15,2,13,凱基-虎尾,2023-04-12,9236
8440,綠電,12,0,12,凱基-虎尾,2023-04-12,9236
2748,雲品,11,0,11,凱基-虎尾,2023-04-12,9236
3025,星通,20,9,11,凱基-虎尾,2023-04-12,9236
3236,千如,45,34,11,凱基-虎尾,2023-04-12,9236
3701,大眾控,12,1,11,凱基-虎尾,2023-04-12,9236
3712,永崴投控,16,5,11,凱基-虎尾,2023-04-12,9236
8171,天宇,14,3,11,凱基-虎尾,2023-04-12,9236
3362,先進光,10,0,10,凱基-虎尾,2023-04-12,9236
00753L,中信中國50正2,35,25,10,凱基-虎尾,2023-04-12,9236
2534,宏盛,10,0,10,凱基-虎尾,2023-04-12,9236
2867,三商壽,215,14,201,凱基-虎尾,2023-04-13,9236
3006,晶豪科,157,42,115,凱基-虎尾,2023-04-13,9236
6120,達運,100,0,100,凱基-虎尾,2023-04-13,9236
8110,華東,70,4,66,凱基-虎尾,2023-04-13,9236
00673R,期元大S＆P原油反1,64,0,64,凱基-虎尾,2023-04-13,9236
2610,華航,6152,6096,56,凱基-虎尾,2023-04-13,9236
2023,燁輝,56,3,53,凱基-虎尾,2023-04-13,9236
6125,廣運,41,4,37,凱基-虎尾,2023-04-13,9236
4168,醣聯,36,0,36,凱基-虎尾,2023-04-13,9236
2208,台船,107,77,30,凱基-虎尾,2023-04-13,9236
2413,環科,44,14,30,凱基-虎尾,2023-04-13,9236
2486,一詮,30,0,30,凱基-虎尾,2023-04-13,9236
2388,威盛,28,0,28,凱基-虎尾,2023-04-13,9236
8936,國統,34,6,28,凱基-虎尾,2023-04-13,9236
6156,松上,29,2,27,凱基-虎尾,2023-04-13,9236
00679B,元大美債20年,26,0,26,凱基-虎尾,2023-04-13,9236
1314,中石化,126,103,23,凱基-虎尾,2023-04-13,9236
3011,今皓,23,0,23,凱基-虎尾,2023-04-13,9236
4123,晟德,23,1,22,凱基-虎尾,2023-04-13,9236
1503,士電,33,11,22,凱基-虎尾,2023-04-13,9236
3518,柏騰,21,0,21,凱基-虎尾,2023-04-13,9236
4916,事欣科,22,1,21,凱基-虎尾,2023-04-13,9236
1513,中興電,98,77,21,凱基-虎尾,2023-04-13,9236
5512,力麒,20,0,20,凱基-虎尾,2023-04-13,9236
6142,友勁,20,0,20,凱基-虎尾,2023-04-13,9236
8927,北基,18,0,18,凱基-虎尾,2023-04-13,9236
00712,復華富時不動產,18,0,18,凱基-虎尾,2023-04-13,9236
1609,大亞,40,23,17,凱基-虎尾,2023-04-13,9236
4155,訊映,17,1,16,凱基-虎尾,2023-04-13,9236
2027,大成鋼,20,5,15,凱基-虎尾,2023-04-13,9236
8222,寶一,40,25,15,凱基-虎尾,2023-04-13,9236
1605,華新,24,10,14,凱基-虎尾,2023-04-13,9236
2457,飛宏,43,29,14,凱基-虎尾,2023-04-13,9236
5011,久陽,13,0,13,凱基-虎尾,2023-04-13,9236
6179,亞通,19,6,13,凱基-虎尾,2023-04-13,9236
3711,日月光投控,1509,1497,12,凱基-虎尾,2023-04-13,9236
1762,中化生,15,3,12,凱基-虎尾,2023-04-13,9236
00888,永豐台灣ESG,11,0,11,凱基-虎尾,2023-04-13,9236
1460,宏遠,11,0,11,凱基-虎尾,2023-04-13,9236
2382,廣達,11,1,10,凱基-虎尾,2023-04-13,9236
1342,八貫,11,1,10,凱基-虎尾,2023-04-13,9236
1721,三晃,10,0,10,凱基-虎尾,2023-04-13,9236
2427,三商電,10,0,10,凱基-虎尾,2023-04-13,9236
2745,五福,10,0,10,凱基-虎尾,2023-04-13,9236
3046,建��,10,0,10,凱基-虎尾,2023-04-13,9236
4971,IET-KY,10,0,10,凱基-虎尾,2023-04-13,9236
5531,鄉林,10,0,10,凱基-虎尾,2023-04-13,9236
8050,廣積,10,0,10,凱基-虎尾,2023-04-13,9236
8105,凌巨,10,0,10,凱基-虎尾,2023-04-13,9236
4104,佳醫,10,1,9,凱基-虎尾,2023-04-13,9236
6142,友勁,132,10,122,凱基-虎尾,2023-04-14,9236
4510,高鋒,116,0,116,凱基-虎尾,2023-04-14,9236
1312,國喬,93,5,88,凱基-虎尾,2023-04-14,9236
2359,所羅門,91,26,65,凱基-虎尾,2023-04-14,9236
6120,達運,56,0,56,凱基-虎尾,2023-04-14,9236
2601,益航,51,0,51,凱基-虎尾,2023-04-14,9236
2329,華泰,50,0,50,凱基-虎尾,2023-04-14,9236
2614,東森,49,0,49,凱基-虎尾,2023-04-14,9236
2610,華航,50,5,45,凱基-虎尾,2023-04-14,9236
00712,復華富時不動產,43,0,43,凱基-虎尾,2023-04-14,9236
1605,華新,75,34,41,凱基-虎尾,2023-04-14,9236
6104,創惟,52,12,40,凱基-虎尾,2023-04-14,9236
1504,東元,128,90,38,凱基-虎尾,2023-04-14,9236
2495,普安,34,0,34,凱基-虎尾,2023-04-14,9236
3712,永崴投控,40,8,32,凱基-虎尾,2023-04-14,9236
3231,緯創,31,2,29,凱基-虎尾,2023-04-14,9236
2603,長榮,1219,1192,27,凱基-虎尾,2023-04-14,9236
8121,越峰,38,12,26,凱基-虎尾,2023-04-14,9236
00673R,期元大S＆P原油反1,25,0,25,凱基-虎尾,2023-04-14,9236
2206,三陽工業,25,0,25,凱基-虎尾,2023-04-14,9236
2609,陽明,605,580,25,凱基-虎尾,2023-04-14,9236
3652,精聯,24,0,24,凱基-虎尾,2023-04-14,9236
2342,茂矽,28,7,21,凱基-虎尾,2023-04-14,9236
3178,公準,24,4,20,凱基-虎尾,2023-04-14,9236
5706,鳳凰,40,20,20,凱基-虎尾,2023-04-14,9236
3363,上詮,20,2,18,凱基-虎尾,2023-04-14,9236
4121,優盛,18,0,18,凱基-虎尾,2023-04-14,9236
1417,嘉裕,29,12,17,凱基-虎尾,2023-04-14,9236
3591,艾笛森,20,4,16,凱基-虎尾,2023-04-14,9236
3013,晟銘電,43,28,15,凱基-虎尾,2023-04-14,9236
00753L,中信中國50正2,16,1,15,凱基-虎尾,2023-04-14,9236
5284,jpp-KY,17,2,15,凱基-虎尾,2023-04-14,9236
2615,萬海,17,3,14,凱基-虎尾,2023-04-14,9236
3441,聯一光,15,1,14,凱基-虎尾,2023-04-14,9236
5258,虹堡,19,5,14,凱基-虎尾,2023-04-14,9236
4967,十銓,18,5,13,凱基-虎尾,2023-04-14,9236
6112,邁達特,15,2,13,凱基-虎尾,2023-04-14,9236
2344,華邦電,13,1,12,凱基-虎尾,2023-04-14,9236
2618,長榮航,14,2,12,凱基-虎尾,2023-04-14,9236
2743,山富,12,0,12,凱基-虎尾,2023-04-14,9236
3047,訊舟,12,0,12,凱基-虎尾,2023-04-14,9236
3058,立德,15,3,12,凱基-虎尾,2023-04-14,9236
4541,晟田,12,0,12,凱基-虎尾,2023-04-14,9236
6005,群益證,18,6,12,凱基-虎尾,2023-04-14,9236
6140,訊達,12,0,12,凱基-虎尾,2023-04-14,9236
2387,精元,13,2,11,凱基-虎尾,2023-04-14,9236
6127,九豪,11,0,11,凱基-虎尾,2023-04-14,9236
8097,常珵,11,0,11,凱基-虎尾,2023-04-14,9236
6235,華孚,38,28,10,凱基-虎尾,2023-04-14,9236
2883,凱基金,12,2,10,凱基-虎尾,2023-04-14,9236
1513,中興電,879,492,387,凱基-虎尾,2023-04-17,9236
2515,中工,1119,866,253,凱基-虎尾,2023-04-17,9236
2634,漢翔,152,48,104,凱基-虎尾,2023-04-17,9236
2890,永豐金,101,1,100,凱基-虎尾,2023-04-17,9236
2409,友達,102,13,89,凱基-虎尾,2023-04-17,9236
6120,達運,80,4,76,凱基-虎尾,2023-04-17,9236
00673R,期元大S＆P原油反1,72,0,72,凱基-虎尾,2023-04-17,9236
00632R,元大台灣50反1,70,0,70,凱基-虎尾,2023-04-17,9236
1444,力麗,52,0,52,凱基-虎尾,2023-04-17,9236
2413,環科,50,0,50,凱基-虎尾,2023-04-17,9236
2332,友訊,45,0,45,凱基-虎尾,2023-04-17,9236
6190,萬泰科,51,6,45,凱基-虎尾,2023-04-17,9236
2486,一詮,53,11,42,凱基-虎尾,2023-04-17,9236
2485,兆赫,41,0,41,凱基-虎尾,2023-04-17,9236
6282,康舒,65,27,38,凱基-虎尾,2023-04-17,9236
00712,復華富時不動產,35,0,35,凱基-虎尾,2023-04-17,9236
00679B,元大美債20年,35,1,34,凱基-虎尾,2023-04-17,9236
00680L,元大美債20正2,30,0,30,凱基-虎尾,2023-04-17,9236
2208,台船,64,34,30,凱基-虎尾,2023-04-17,9236
3071,協禧,33,3,30,凱基-虎尾,2023-04-17,9236
4102,永日,50,20,30,凱基-虎尾,2023-04-17,9236
4114,健喬,35,7,28,凱基-虎尾,2023-04-17,9236
2317,鴻海,42,15,27,凱基-虎尾,2023-04-17,9236
3703,欣陸,27,0,27,凱基-虎尾,2023-04-17,9236
8088,品安,27,0,27,凱基-虎尾,2023-04-17,9236
6129,普誠,26,0,26,凱基-虎尾,2023-04-17,9236
00751B,元大AAA至A公司債,25,0,25,凱基-虎尾,2023-04-17,9236
2201,裕隆,30,6,24,凱基-虎尾,2023-04-17,9236
5452,佶優,24,0,24,凱基-虎尾,2023-04-17,9236
6275,元山,24,0,24,凱基-虎尾,2023-04-17,9236
1717,長興,31,8,23,凱基-虎尾,2023-04-17,9236
6122,擎邦,25,3,22,凱基-虎尾,2023-04-17,9236
4931,新盛力,24,3,21,凱基-虎尾,2023-04-17,9236
1789,神隆,20,0,20,凱基-虎尾,2023-04-17,9236
2883,凱基金,21,1,20,凱基-虎尾,2023-04-17,9236
2392,正崴,20,1,19,凱基-虎尾,2023-04-17,9236
4541,晟田,19,0,19,凱基-虎尾,2023-04-17,9236
4906,正文,30,11,19,凱基-虎尾,2023-04-17,9236
8104,錸寶,19,0,19,凱基-虎尾,2023-04-17,9236
3481,群創,30,11,19,凱基-虎尾,2023-04-17,9236
1504,東元,40,22,18,凱基-虎尾,2023-04-17,9236
4976,佳凌,18,0,18,凱基-虎尾,2023-04-17,9236
3163,波若威,17,0,17,凱基-虎尾,2023-04-17,9236
3224,三顧,17,1,16,凱基-虎尾,2023-04-17,9236
6438,迅得,16,0,16,凱基-虎尾,2023-04-17,9236
6570,維田,16,0,16,凱基-虎尾,2023-04-17,9236
6672,騰輝電子-KY,16,0,16,凱基-虎尾,2023-04-17,9236
8086,宏捷科,17,1,16,凱基-虎尾,2023-04-17,9236
1101,台泥,48,33,15,凱基-虎尾,2023-04-17,9236
4979,華星光,19,4,15,凱基-虎尾,2023-04-17,9236
2890,永豐金,110,0,110,凱基-虎尾,2023-04-18,9236
1471,首利,80,0,80,凱基-虎尾,2023-04-18,9236
6163,華電網,70,5,65,凱基-虎尾,2023-04-18,9236
00679B,元大美債20年,61,0,61,凱基-虎尾,2023-04-18,9236
2313,華通,62,6,56,凱基-虎尾,2023-04-18,9236
1605,華新,51,12,39,凱基-虎尾,2023-04-18,9236
2359,所羅門,96,66,30,凱基-虎尾,2023-04-18,9236
1519,華城,37,9,28,凱基-虎尾,2023-04-18,9236
00751B,元大AAA至A公司債,27,0,27,凱基-虎尾,2023-04-18,9236
3481,群創,26,1,25,凱基-虎尾,2023-04-18,9236
4102,永日,25,0,25,凱基-虎尾,2023-04-18,9236
1618,合機,24,0,24,凱基-虎尾,2023-04-18,9236
3221,台嘉碩,24,0,24,凱基-虎尾,2023-04-18,9236
3520,華盈,35,12,23,凱基-虎尾,2023-04-18,9236
2618,長榮航,22,0,22,凱基-虎尾,2023-04-18,9236
3652,精聯,23,1,22,凱基-虎尾,2023-04-18,9236
3540,曜越,21,0,21,凱基-虎尾,2023-04-18,9236
00673R,期元大S＆P原油反1,20,0,20,凱基-虎尾,2023-04-18,9236
2867,三商壽,25,5,20,凱基-虎尾,2023-04-18,9236
1504,東元,33,15,18,凱基-虎尾,2023-04-18,9236
3234,光環,21,3,18,凱基-虎尾,2023-04-18,9236
6679,鈺太,17,0,17,凱基-虎尾,2023-04-18,9236
3419,譁裕,17,1,16,凱基-虎尾,2023-04-18,9236
6288,聯嘉,17,2,15,凱基-虎尾,2023-04-18,9236
4968,立積,49,34,15,凱基-虎尾,2023-04-18,9236
00795B,中信美國公債20年,14,0,14,凱基-虎尾,2023-04-18,9236
3217,優群,20,6,14,凱基-虎尾,2023-04-18,9236
1584,精剛,58,45,13,凱基-虎尾,2023-04-18,9236
2888,新光金,13,0,13,凱基-虎尾,2023-04-18,9236
3346,麗清,14,1,13,凱基-虎尾,2023-04-18,9236
8105,凌巨,13,1,12,凱基-虎尾,2023-04-18,9236
2645,長榮航太,19,7,12,凱基-虎尾,2023-04-18,9236
2497,怡利電,11,0,11,凱基-虎尾,2023-04-18,9236
3094,聯傑,12,1,11,凱基-虎尾,2023-04-18,9236
9935,慶豐富,11,0,11,凱基-虎尾,2023-04-18,9236
00912,中信臺灣智慧50,10,0,10,凱基-虎尾,2023-04-18,9236
00753L,中信中國50正2,25,15,10,凱基-虎尾,2023-04-18,9236
00680L,元大美債20正2,20,10,10,凱基-虎尾,2023-04-18,9236
00773B,中信優先金融債,10,0,10,凱基-虎尾,2023-04-18,9236
2495,普安,12,2,10,凱基-虎尾,2023-04-18,9236
2605,新興,10,0,10,凱基-虎尾,2023-04-18,9236
3022,威強電,10,0,10,凱基-虎尾,2023-04-18,9236
3147,大綜,11,1,10,凱基-虎尾,2023-04-18,9236
6416,瑞祺電通,20,10,10,凱基-虎尾,2023-04-18,9236
8121,越峰,10,0,10,凱基-虎尾,2023-04-18,9236
2201,裕隆,17,7,10,凱基-虎尾,2023-04-18,9236
2601,益航,12,2,10,凱基-虎尾,2023-04-18,9236
2344,華邦電,11,2,9,凱基-虎尾,2023-04-18,9236
4908,前鼎,9,0,9,凱基-虎尾,2023-04-18,9236
4934,太極,25,16,9,凱基-虎尾,2023-04-18,9236
3481,群創,2234,2024,210,凱基-虎尾,2023-04-19,9236
3710,連展投控,124,0,124,凱基-虎尾,2023-04-19,9236
2402,毅嘉,113,5,108,凱基-虎尾,2023-04-19,9236
4147,中裕,110,13,97,凱基-虎尾,2023-04-19,9236
2515,中工,212,122,90,凱基-虎尾,2023-04-19,9236
6235,華孚,138,68,70,凱基-虎尾,2023-04-19,9236
1609,大亞,71,11,60,凱基-虎尾,2023-04-19,9236
6122,擎邦,55,0,55,凱基-虎尾,2023-04-19,9236
3037,欣興,1604,1557,47,凱基-虎尾,2023-04-19,9236
2406,國碩,47,0,47,凱基-虎尾,2023-04-19,9236
2312,金寶,46,3,43,凱基-虎尾,2023-04-19,9236
1802,台玻,42,0,42,凱基-虎尾,2023-04-19,9236
6285,啟��,46,4,42,凱基-虎尾,2023-04-19,9236
4123,晟德,41,0,41,凱基-虎尾,2023-04-19,9236
1608,華榮,40,0,40,凱基-虎尾,2023-04-19,9236
3576,聯合再生,44,6,38,凱基-虎尾,2023-04-19,9236
00712,復華富時不動產,36,0,36,凱基-虎尾,2023-04-19,9236
1101,台泥,30,0,30,凱基-虎尾,2023-04-19,9236
1471,首利,31,4,27,凱基-虎尾,2023-04-19,9236
00679B,元大美債20年,26,0,26,凱基-虎尾,2023-04-19,9236
1513,中興電,581,556,25,凱基-虎尾,2023-04-19,9236
3047,訊舟,34,9,25,凱基-虎尾,2023-04-19,9236
5243,乙盛-KY,47,22,25,凱基-虎尾,2023-04-19,9236
8121,越峰,25,0,25,凱基-虎尾,2023-04-19,9236
3038,全台,25,2,23,凱基-虎尾,2023-04-19,9236
2645,長榮航太,23,1,22,凱基-虎尾,2023-04-19,9236
00922,國泰台灣領袖50,22,0,22,凱基-虎尾,2023-04-19,9236
1810,和成,41,20,21,凱基-虎尾,2023-04-19,9236
6120,達運,21,0,21,凱基-虎尾,2023-04-19,9236
4114,健喬,21,1,20,凱基-虎尾,2023-04-19,9236
4951,精拓科,20,0,20,凱基-虎尾,2023-04-19,9236
6274,台燿,20,0,20,凱基-虎尾,2023-04-19,9236
8403,盛弘,19,1,18,凱基-虎尾,2023-04-19,9236
2342,茂矽,29,12,17,凱基-虎尾,2023-04-19,9236
8038,長園科,17,0,17,凱基-虎尾,2023-04-19,9236
2206,三陽工業,18,2,16,凱基-虎尾,2023-04-19,9236
3224,三顧,17,1,16,凱基-虎尾,2023-04-19,9236
5706,鳳凰,16,0,16,凱基-虎尾,2023-04-19,9236
8440,綠電,16,0,16,凱基-虎尾,2023-04-19,9236
6477,安集,27,12,15,凱基-虎尾,2023-04-19,9236
2317,鴻海,14,1,13,凱基-虎尾,2023-04-19,9236
1718,中纖,13,0,13,凱基-虎尾,2023-04-19,9236
2009,第一銅,25,12,13,凱基-虎尾,2023-04-19,9236
4164,承業醫,13,0,13,凱基-虎尾,2023-04-19,9236
4967,十銓,16,3,13,凱基-虎尾,2023-04-19,9236
1514,亞力,36,24,12,凱基-虎尾,2023-04-19,9236
2425,承啟,12,0,12,凱基-虎尾,2023-04-19,9236
4934,太極,17,5,12,凱基-虎尾,2023-04-19,9236
4976,佳凌,12,0,12,凱基-虎尾,2023-04-19,9236
3483,力致,13,2,11,凱基-虎尾,2023-04-19,9236
3710,連展投控,146,0,146,凱基-虎尾,2023-04-20,9236
2484,希華,172,125,47,凱基-虎尾,2023-04-20,9236
3011,今皓,40,0,40,凱基-虎尾,2023-04-20,9236
00878,國泰永續高股息,42,8,34,凱基-虎尾,2023-04-20,9236
6282,康舒,124,94,30,凱基-虎尾,2023-04-20,9236
4102,永日,24,0,24,凱基-虎尾,2023-04-20,9236
2618,長榮航,24,2,22,凱基-虎尾,2023-04-20,9236
3306,鼎天,20,0,20,凱基-虎尾,2023-04-20,9236
00720B,元大投資級公司債,19,0,19,凱基-虎尾,2023-04-20,9236
1909,榮成,20,3,17,凱基-虎尾,2023-04-20,9236
2603,長榮,19,2,17,凱基-虎尾,2023-04-20,9236
3071,協禧,17,0,17,凱基-虎尾,2023-04-20,9236
2034,允強,15,0,15,凱基-虎尾,2023-04-20,9236
6111,大宇資,15,0,15,凱基-虎尾,2023-04-20,9236
6215,和椿,15,1,14,凱基-虎尾,2023-04-20,9236
2889,國票金,13,0,13,凱基-虎尾,2023-04-20,9236
2303,聯電,14,1,13,凱基-虎尾,2023-04-20,9236
1460,宏遠,13,0,13,凱基-虎尾,2023-04-20,9236
00680L,元大美債20正2,13,0,13,凱基-虎尾,2023-04-20,9236
00679B,元大美債20年,12,0,12,凱基-虎尾,2023-04-20,9236
1316,上曜,12,0,12,凱基-虎尾,2023-04-20,9236
3149,正達,11,0,11,凱基-虎尾,2023-04-20,9236
3715,定穎投控,20,9,11,凱基-虎尾,2023-04-20,9236
2890,永豐金,10,0,10,凱基-虎尾,2023-04-20,9236
1409,新纖,11,1,10,凱基-虎尾,2023-04-20,9236
00632R,元大台灣50反1,10,0,10,凱基-虎尾,2023-04-20,9236
3501,維熹,10,0,10,凱基-虎尾,2023-04-20,9236
3652,精聯,10,0,10,凱基-虎尾,2023-04-20,9236
5309,系統電,10,0,10,凱基-虎尾,2023-04-20,9236
3078,僑威,20,11,9,凱基-虎尾,2023-04-20,9236
2884,玉山金,10,1,9,凱基-虎尾,2023-04-20,9236
2887,台新金,10,1,9,凱基-虎尾,2023-04-20,9236
6274,台燿,10,1,9,凱基-虎尾,2023-04-20,9236
2609,陽明,18,10,8,凱基-虎尾,2023-04-20,9236
6218,豪勉,11,3,8,凱基-虎尾,2023-04-20,9236
6288,聯嘉,11,3,8,凱基-虎尾,2023-04-20,9236
6438,迅得,13,5,8,凱基-虎尾,2023-04-20,9236
6770,力積電,18,10,8,凱基-虎尾,2023-04-20,9236
00900,富邦特選高股息30,7,0,7,凱基-虎尾,2023-04-20,9236
1445,大宇,7,0,7,凱基-虎尾,2023-04-20,9236
0056,元大高股息,7,0,7,凱基-虎尾,2023-04-20,9236
2401,凌陽,8,1,7,凱基-虎尾,2023-04-20,9236
3163,波若威,7,0,7,凱基-虎尾,2023-04-20,9236
3481,群創,4865,4858,7,凱基-虎尾,2023-04-20,9236
4119,旭富,10,3,7,凱基-虎尾,2023-04-20,9236
4934,太極,26,19,7,凱基-虎尾,2023-04-20,9236
4939,亞電,7,0,7,凱基-虎尾,2023-04-20,9236
1218,泰山,6,0,6,凱基-虎尾,2023-04-20,9236
6570,維田,6,0,6,凱基-虎尾,2023-04-20,9236
00753L,中信中國50正2,5,0,5,凱基-虎尾,2023-04-20,9236
2812,台中銀,66,0,66,凱基-虎尾,2023-04-21,9236
1108,幸福,37,1,36,凱基-虎尾,2023-04-21,9236
1909,榮成,51,17,34,凱基-虎尾,2023-04-21,9236
2342,茂矽,31,0,31,凱基-虎尾,2023-04-21,9236
3217,優群,30,0,30,凱基-虎尾,2023-04-21,9236
2705,六福,28,0,28,凱基-虎尾,2023-04-21,9236
2303,聯電,27,3,24,凱基-虎尾,2023-04-21,9236
3710,連展投控,20,0,20,凱基-虎尾,2023-04-21,9236
4123,晟德,20,1,19,凱基-虎尾,2023-04-21,9236
6163,華電網,22,3,19,凱基-虎尾,2023-04-21,9236
00715L,期街口布蘭特正2,16,0,16,凱基-虎尾,2023-04-21,9236
1907,永豐餘,47,31,16,凱基-虎尾,2023-04-21,9236
6770,力積電,21,5,16,凱基-虎尾,2023-04-21,9236
2104,國際中橡,15,0,15,凱基-虎尾,2023-04-21,9236
00878,國泰永續高股息,24,9,15,凱基-虎尾,2023-04-21,9236
3520,華盈,14,0,14,凱基-虎尾,2023-04-21,9236
6116,彩晶,30,16,14,凱基-虎尾,2023-04-21,9236
1310,台苯,16,3,13,凱基-虎尾,2023-04-21,9236
6148,驊宏資,15,2,13,凱基-虎尾,2023-04-21,9236
1906,寶隆,12,0,12,凱基-虎尾,2023-04-21,9236
2888,新光金,15,3,12,凱基-虎尾,2023-04-21,9236
6863,永道-KY,19,8,11,凱基-虎尾,2023-04-21,9236
00665L,富邦�琤肭磪囓�2,10,0,10,凱基-虎尾,2023-04-21,9236
00637L,元大滬深300正2,10,0,10,凱基-虎尾,2023-04-21,9236
1785,光洋科,16,6,10,凱基-虎尾,2023-04-21,9236
1809,中釉,10,0,10,凱基-虎尾,2023-04-21,9236
2101,南港,10,0,10,凱基-虎尾,2023-04-21,9236
2601,益航,10,0,10,凱基-虎尾,2023-04-21,9236
6209,今國光,10,0,10,凱基-虎尾,2023-04-21,9236
1504,東元,10,1,9,凱基-虎尾,2023-04-21,9236
1460,宏遠,8,0,8,凱基-虎尾,2023-04-21,9236
2392,正崴,8,0,8,凱基-虎尾,2023-04-21,9236
2482,連宇,8,0,8,凱基-虎尾,2023-04-21,9236
9902,台火,13,5,8,凱基-虎尾,2023-04-21,9236
4961,天鈺,10,2,8,凱基-虎尾,2023-04-21,9236
1314,中石化,8,0,8,凱基-虎尾,2023-04-21,9236
00900,富邦特選高股息30,7,0,7,凱基-虎尾,2023-04-21,9236
00720B,元大投資級公司債,7,0,7,凱基-虎尾,2023-04-21,9236
1440,南紡,7,0,7,凱基-虎尾,2023-04-21,9236
1760,寶齡富錦,8,1,7,凱基-虎尾,2023-04-21,9236
3479,安勤,11,4,7,凱基-虎尾,2023-04-21,9236
6625,必應,7,0,7,凱基-虎尾,2023-04-21,9236
1101,台泥,1528,1521,7,凱基-虎尾,2023-04-21,9236
2002,中鋼,6,0,6,凱基-虎尾,2023-04-21,9236
1795,美時,11,5,6,凱基-虎尾,2023-04-21,9236
2371,大同,6,0,6,凱基-虎尾,2023-04-21,9236
3092,鴻碩,6,0,6,凱基-虎尾,2023-04-21,9236
4510,高鋒,6,0,6,凱基-虎尾,2023-04-21,9236
4714,永捷,6,0,6,凱基-虎尾,2023-04-21,9236
4968,立積,27,21,6,凱基-虎尾,2023-04-21,9236
4960,誠美材,54,2,52,凱基-虎尾,2023-04-24,9236
2913,農林,78,28,50,凱基-虎尾,2023-04-24,9236
9902,台火,65,28,37,凱基-虎尾,2023-04-24,9236
00632R,元大台灣50反1,35,0,35,凱基-虎尾,2023-04-24,9236
1711,永光,54,26,28,凱基-虎尾,2023-04-24,9236
2402,毅嘉,30,3,27,凱基-虎尾,2023-04-24,9236
1721,三晃,30,5,25,凱基-虎尾,2023-04-24,9236
2457,飛宏,28,3,25,凱基-虎尾,2023-04-24,9236
2303,聯電,21,1,20,凱基-虎尾,2023-04-24,9236
1104,環泥,20,0,20,凱基-虎尾,2023-04-24,9236
2641,正德,21,1,20,凱基-虎尾,2023-04-24,9236
1312,國喬,19,0,19,凱基-虎尾,2023-04-24,9236
1103,嘉泥,24,5,19,凱基-虎尾,2023-04-24,9236
00637L,元大滬深300正2,22,3,19,凱基-虎尾,2023-04-24,9236
1528,恩德,19,0,19,凱基-虎尾,2023-04-24,9236
1709,和益,19,3,16,凱基-虎尾,2023-04-24,9236
1710,東聯,17,1,16,凱基-虎尾,2023-04-24,9236
2356,英業達,19,3,16,凱基-虎尾,2023-04-24,9236
4967,十銓,20,4,16,凱基-虎尾,2023-04-24,9236
6282,康舒,30,14,16,凱基-虎尾,2023-04-24,9236
9919,康那香,15,0,15,凱基-虎尾,2023-04-24,9236
8088,品安,103,90,13,凱基-虎尾,2023-04-24,9236
9904,寶成,13,0,13,凱基-虎尾,2023-04-24,9236
5009,榮剛,12,0,12,凱基-虎尾,2023-04-24,9236
6234,高僑,15,3,12,凱基-虎尾,2023-04-24,9236
2317,鴻海,11,0,11,凱基-虎尾,2023-04-24,9236
2603,長榮,42,31,11,凱基-虎尾,2023-04-24,9236
00662,富邦NASDAQ,11,0,11,凱基-虎尾,2023-04-24,9236
3703,欣陸,11,0,11,凱基-虎尾,2023-04-24,9236
1319,東陽,15,5,10,凱基-虎尾,2023-04-24,9236
2101,南港,10,0,10,凱基-虎尾,2023-04-24,9236
2614,東森,10,0,10,凱基-虎尾,2023-04-24,9236
3002,歐格,10,0,10,凱基-虎尾,2023-04-24,9236
4129,聯合,10,0,10,凱基-虎尾,2023-04-24,9236
6244,茂迪,14,4,10,凱基-虎尾,2023-04-24,9236
2504,國產,17,8,9,凱基-虎尾,2023-04-24,9236
3162,精確,9,0,9,凱基-虎尾,2023-04-24,9236
4121,優盛,11,2,9,凱基-虎尾,2023-04-24,9236
5353,台林,9,0,9,凱基-虎尾,2023-04-24,9236
9946,三發地產,9,0,9,凱基-虎尾,2023-04-24,9236
3035,智原,10,2,8,凱基-虎尾,2023-04-24,9236
2915,潤泰全,8,0,8,凱基-虎尾,2023-04-24,9236
6477,安集,8,0,8,凱基-虎尾,2023-04-24,9236
8028,昇陽半導體,9,1,8,凱基-虎尾,2023-04-24,9236
00902,中信電池及儲能,7,0,7,凱基-虎尾,2023-04-24,9236
00680L,元大美債20正2,7,0,7,凱基-虎尾,2023-04-24,9236
1514,亞力,7,0,7,凱基-虎尾,2023-04-24,9236
2421,建準,7,0,7,凱基-虎尾,2023-04-24,9236
5284,jpp-KY,10,3,7,凱基-虎尾,2023-04-24,9236
6122,擎邦,7,0,7,凱基-虎尾,2023-04-24,9236
2352,佳世達,100,0,100,凱基-虎尾,2023-04-25,9236
1721,三晃,100,3,97,凱基-虎尾,2023-04-25,9236
2409,友達,58,0,58,凱基-虎尾,2023-04-25,9236
00878,國泰永續高股息,51,1,50,凱基-虎尾,2023-04-25,9236
2317,鴻海,49,0,49,凱基-虎尾,2023-04-25,9236
2482,連宇,54,8,46,凱基-虎尾,2023-04-25,9236
2002,中鋼,45,1,44,凱基-虎尾,2023-04-25,9236
2344,華邦電,38,0,38,凱基-虎尾,2023-04-25,9236
3481,群創,37,1,36,凱基-虎尾,2023-04-25,9236
1712,興農,35,0,35,凱基-虎尾,2023-04-25,9236
00673R,期元大S＆P原油反1,30,0,30,凱基-虎尾,2023-04-25,9236
2354,鴻準,30,0,30,凱基-虎尾,2023-04-25,9236
6274,台燿,30,0,30,凱基-虎尾,2023-04-25,9236
1605,華新,25,0,25,凱基-虎尾,2023-04-25,9236
0056,元大高股息,25,1,24,凱基-虎尾,2023-04-25,9236
2880,華南金,24,1,23,凱基-虎尾,2023-04-25,9236
00665L,富邦�琤肭磪囓�2,20,0,20,凱基-虎尾,2023-04-25,9236
00752,中信中國50,20,0,20,凱基-虎尾,2023-04-25,9236
2312,金寶,20,0,20,凱基-虎尾,2023-04-25,9236
6770,力積電,19,0,19,凱基-虎尾,2023-04-25,9236
8261,富鼎,26,8,18,凱基-虎尾,2023-04-25,9236
2609,陽明,18,1,17,凱基-虎尾,2023-04-25,9236
3545,敦泰,28,11,17,凱基-虎尾,2023-04-25,9236
1503,士電,29,15,14,凱基-虎尾,2023-04-25,9236
00679B,元大美債20年,14,0,14,凱基-虎尾,2023-04-25,9236
6531,愛普*,16,2,14,凱基-虎尾,2023-04-25,9236
00892,富邦台灣半導體,13,0,13,凱基-虎尾,2023-04-25,9236
3532,台勝科,14,1,13,凱基-虎尾,2023-04-25,9236
6578,達邦蛋白,13,0,13,凱基-虎尾,2023-04-25,9236
3707,漢磊,13,0,13,凱基-虎尾,2023-04-25,9236
4919,新唐,14,2,12,凱基-虎尾,2023-04-25,9236
4109,加捷生醫,12,0,12,凱基-虎尾,2023-04-25,9236
6477,安集,20,8,12,凱基-虎尾,2023-04-25,9236
2884,玉山金,12,0,12,凱基-虎尾,2023-04-25,9236
4977,眾達-KY,11,0,11,凱基-虎尾,2023-04-25,9236
6138,茂達,17,6,11,凱基-虎尾,2023-04-25,9236
00633L,富邦上証正2,10,0,10,凱基-虎尾,2023-04-25,9236
00893,國泰智能電動車,10,0,10,凱基-虎尾,2023-04-25,9236
2353,宏��,10,0,10,凱基-虎尾,2023-04-25,9236
3011,今皓,10,0,10,凱基-虎尾,2023-04-25,9236
3294,英濟,14,4,10,凱基-虎尾,2023-04-25,9236
6741,91APP*-KY,10,0,10,凱基-虎尾,2023-04-25,9236
2303,聯電,72,62,10,凱基-虎尾,2023-04-25,9236
2337,旺宏,9,0,9,凱基-虎尾,2023-04-25,9236
1529,樂事綠能,10,2,8,凱基-虎尾,2023-04-25,9236
4108,懷特,8,0,8,凱基-虎尾,2023-04-25,9236
6443,元晶,8,0,8,凱基-虎尾,2023-04-25,9236
00882,中信中國高股息,7,0,7,凱基-虎尾,2023-04-25,9236
1417,嘉裕,7,0,7,凱基-虎尾,2023-04-25,9236
3058,立德,8,1,7,凱基-虎尾,2023-04-25,9236
2515,中工,102,0,102,凱基-虎尾,2023-04-26,9236
1711,永光,111,39,72,凱基-虎尾,2023-04-26,9236
6122,擎邦,86,22,64,凱基-虎尾,2023-04-26,9236
1310,台苯,84,28,56,凱基-虎尾,2023-04-26,9236
2867,三商壽,40,0,40,凱基-虎尾,2023-04-26,9236
1905,華紙,66,28,38,凱基-虎尾,2023-04-26,9236
1108,幸福,43,6,37,凱基-虎尾,2023-04-26,9236
00665L,富邦�琤肭磪囓�2,33,0,33,凱基-虎尾,2023-04-26,9236
1907,永豐餘,43,10,33,凱基-虎尾,2023-04-26,9236
2913,農林,48,15,33,凱基-虎尾,2023-04-26,9236
2495,普安,41,9,32,凱基-虎尾,2023-04-26,9236
2409,友達,31,0,31,凱基-虎尾,2023-04-26,9236
6244,茂迪,56,25,31,凱基-虎尾,2023-04-26,9236
1721,三晃,70,42,28,凱基-虎尾,2023-04-26,9236
8038,長園科,29,2,27,凱基-虎尾,2023-04-26,9236
1909,榮成,24,0,24,凱基-虎尾,2023-04-26,9236
4979,華星光,26,4,22,凱基-虎尾,2023-04-26,9236
3035,智原,409,389,20,凱基-虎尾,2023-04-26,9236
5309,系統電,20,0,20,凱基-虎尾,2023-04-26,9236
2609,陽明,125,105,20,凱基-虎尾,2023-04-26,9236
3011,今皓,20,0,20,凱基-虎尾,2023-04-26,9236
1709,和益,18,0,18,凱基-虎尾,2023-04-26,9236
1710,東聯,20,3,17,凱基-虎尾,2023-04-26,9236
6148,驊宏資,19,2,17,凱基-虎尾,2023-04-26,9236
6160,欣技,19,2,17,凱基-虎尾,2023-04-26,9236
2421,建準,17,1,16,凱基-虎尾,2023-04-26,9236
00715L,期街口布蘭特正2,16,1,15,凱基-虎尾,2023-04-26,9236
6282,康舒,14,0,14,凱基-虎尾,2023-04-26,9236
2002,中鋼,14,0,14,凱基-虎尾,2023-04-26,9236
1717,長興,14,0,14,凱基-虎尾,2023-04-26,9236
4977,眾達-KY,25,11,14,凱基-虎尾,2023-04-26,9236
00712,復華富時不動產,16,3,13,凱基-虎尾,2023-04-26,9236
1104,環泥,12,0,12,凱基-虎尾,2023-04-26,9236
2634,漢翔,57,46,11,凱基-虎尾,2023-04-26,9236
00641R,富邦日本反1,11,0,11,凱基-虎尾,2023-04-26,9236
2313,華通,11,0,11,凱基-虎尾,2023-04-26,9236
6806,森崴能源,15,4,11,凱基-虎尾,2023-04-26,9236
8069,元太,415,404,11,凱基-虎尾,2023-04-26,9236
8255,朋程,11,0,11,凱基-虎尾,2023-04-26,9236
1718,中纖,12,2,10,凱基-虎尾,2023-04-26,9236
1762,中化生,10,0,10,凱基-虎尾,2023-04-26,9236
2329,華泰,10,0,10,凱基-虎尾,2023-04-26,9236
2419,仲琦,10,0,10,凱基-虎尾,2023-04-26,9236
3434,哲固,10,0,10,凱基-虎尾,2023-04-26,9236
3481,群創,13,3,10,凱基-虎尾,2023-04-26,9236
6121,新普,10,0,10,凱基-虎尾,2023-04-26,9236
8261,富鼎,10,0,10,凱基-虎尾,2023-04-26,9236
2883,凱基金,21,11,10,凱基-虎尾,2023-04-26,9236
2337,旺宏,9,0,9,凱基-虎尾,2023-04-26,9236
2368,金像電,9,0,9,凱基-虎尾,2023-04-26,9236
2402,毅嘉,117,0,117,凱基-虎尾,2023-04-27,9236
00715L,期街口布蘭特正2,61,1,60,凱基-虎尾,2023-04-27,9236
5009,榮剛,80,22,58,凱基-虎尾,2023-04-27,9236
2328,廣宇,90,37,53,凱基-虎尾,2023-04-27,9236
3545,敦泰,46,0,46,凱基-虎尾,2023-04-27,9236
00632R,元大台灣50反1,44,0,44,凱基-虎尾,2023-04-27,9236
00642U,期元大S＆P石油,42,0,42,凱基-虎尾,2023-04-27,9236
2344,華邦電,35,0,35,凱基-虎尾,2023-04-27,9236
3038,全台,34,0,34,凱基-虎尾,2023-04-27,9236
8215,明基材,33,0,33,凱基-虎尾,2023-04-27,9236
3260,威剛,31,1,30,凱基-虎尾,2023-04-27,9236
2208,台船,30,1,29,凱基-虎尾,2023-04-27,9236
2317,鴻海,30,3,27,凱基-虎尾,2023-04-27,9236
1717,長興,40,15,25,凱基-虎尾,2023-04-27,9236
2913,農林,49,27,22,凱基-虎尾,2023-04-27,9236
1810,和成,22,1,21,凱基-虎尾,2023-04-27,9236
2530,華建,21,0,21,凱基-虎尾,2023-04-27,9236
6266,泰詠,21,0,21,凱基-虎尾,2023-04-27,9236
8011,台通,23,2,21,凱基-虎尾,2023-04-27,9236
2031,新光鋼,20,0,20,凱基-虎尾,2023-04-27,9236
6288,聯嘉,39,20,19,凱基-虎尾,2023-04-27,9236
2449,京元電子,18,0,18,凱基-虎尾,2023-04-27,9236
4111,濟生,20,2,18,凱基-虎尾,2023-04-27,9236
4916,事欣科,18,0,18,凱基-虎尾,2023-04-27,9236
2892,第一金,20,3,17,凱基-虎尾,2023-04-27,9236
2337,旺宏,16,0,16,凱基-虎尾,2023-04-27,9236
5351,鈺創,17,1,16,凱基-虎尾,2023-04-27,9236
9919,康那香,16,0,16,凱基-虎尾,2023-04-27,9236
1701,中化,15,0,15,凱基-虎尾,2023-04-27,9236
2356,英業達,16,1,15,凱基-虎尾,2023-04-27,9236
3078,僑威,20,5,15,凱基-虎尾,2023-04-27,9236
3713,新晶投控,15,0,15,凱基-虎尾,2023-04-27,9236
4121,優盛,27,12,15,凱基-虎尾,2023-04-27,9236
4566,時碩工業,19,4,15,凱基-虎尾,2023-04-27,9236
2002,中鋼,15,0,15,凱基-虎尾,2023-04-27,9236
3430,奇鈦科,14,0,14,凱基-虎尾,2023-04-27,9236
8088,品安,13,0,13,凱基-虎尾,2023-04-27,9236
2314,台揚,13,0,13,凱基-虎尾,2023-04-27,9236
2489,瑞軒,13,0,13,凱基-虎尾,2023-04-27,9236
00674R,期元大S＆P黃金反1,12,0,12,凱基-虎尾,2023-04-27,9236
3338,泰碩,13,1,12,凱基-虎尾,2023-04-27,9236
6470,宇智,13,1,12,凱基-虎尾,2023-04-27,9236
3324,雙鴻,26,14,12,凱基-虎尾,2023-04-27,9236
3071,協禧,25,13,12,凱基-虎尾,2023-04-27,9236
00881,國泰台灣5G+,11,0,11,凱基-虎尾,2023-04-27,9236
6274,台燿,41,30,11,凱基-虎尾,2023-04-27,9236
00738U,期元大道瓊白銀,10,0,10,凱基-虎尾,2023-04-27,9236
00665L,富邦�琤肭磪囓�2,10,0,10,凱基-虎尾,2023-04-27,9236
2107,厚生,10,0,10,凱基-虎尾,2023-04-27,9236
2303,聯電,12,2,10,凱基-虎尾,2023-04-27,9236
2409,友達,2192,2000,192,凱基-虎尾,2023-04-28,9236
2880,華南金,225,102,123,凱基-虎尾,2023-04-28,9236
3711,日月光投控,57,0,57,凱基-虎尾,2023-04-28,9236
3481,群創,1051,1000,51,凱基-虎尾,2023-04-28,9236
00632R,元大台灣50反1,50,0,50,凱基-虎尾,2023-04-28,9236
00715L,期街口布蘭特正2,56,12,44,凱基-虎尾,2023-04-28,9236
2313,華通,41,1,40,凱基-虎尾,2023-04-28,9236
8038,長園科,37,0,37,凱基-虎尾,2023-04-28,9236
6182,合晶,66,30,36,凱基-虎尾,2023-04-28,9236
2323,中環,30,0,30,凱基-虎尾,2023-04-28,9236
6118,建達,30,0,30,凱基-虎尾,2023-04-28,9236
6127,九豪,41,11,30,凱基-虎尾,2023-04-28,9236
5009,榮剛,44,17,27,凱基-虎尾,2023-04-28,9236
6122,擎邦,30,5,25,凱基-虎尾,2023-04-28,9236
2609,陽明,24,4,20,凱基-虎尾,2023-04-28,9236
2461,光群雷,18,0,18,凱基-虎尾,2023-04-28,9236
3715,定穎投控,18,0,18,凱基-虎尾,2023-04-28,9236
5211,蒙恬,20,2,18,凱基-虎尾,2023-04-28,9236
2206,三陽工業,26,9,17,凱基-虎尾,2023-04-28,9236
4102,永日,16,0,16,凱基-虎尾,2023-04-28,9236
5222,全訊,19,3,16,凱基-虎尾,2023-04-28,9236
6248,沛波,15,1,14,凱基-虎尾,2023-04-28,9236
1809,中釉,28,14,14,凱基-虎尾,2023-04-28,9236
4130,健亞,15,2,13,凱基-虎尾,2023-04-28,9236
4979,華星光,12,0,12,凱基-虎尾,2023-04-28,9236
6416,瑞祺電通,12,0,12,凱基-虎尾,2023-04-28,9236
2359,所羅門,11,0,11,凱基-虎尾,2023-04-28,9236
6167,久正,16,5,11,凱基-虎尾,2023-04-28,9236
6185,幃翔,11,0,11,凱基-虎尾,2023-04-28,9236
2645,長榮航太,21,10,11,凱基-虎尾,2023-04-28,9236
00712,復華富時不動產,10,0,10,凱基-虎尾,2023-04-28,9236
2349,錸德,10,0,10,凱基-虎尾,2023-04-28,9236
2413,環科,9,0,9,凱基-虎尾,2023-04-28,9236
2888,新光金,9,0,9,凱基-虎尾,2023-04-28,9236
3540,曜越,9,0,9,凱基-虎尾,2023-04-28,9236
6560,欣普羅,9,0,9,凱基-虎尾,2023-04-28,9236
3005,神基,9,0,9,凱基-虎尾,2023-04-28,9236
3363,上詮,13,5,8,凱基-虎尾,2023-04-28,9236
00900,富邦特選高股息30,8,0,8,凱基-虎尾,2023-04-28,9236
3025,星通,9,1,8,凱基-虎尾,2023-04-28,9236
3189,景碩,399,391,8,凱基-虎尾,2023-04-28,9236
3029,零壹,18,10,8,凱基-虎尾,2023-04-28,9236
00679B,元大美債20年,7,0,7,凱基-虎尾,2023-04-28,9236
00674R,期元大S＆P黃金反1,7,0,7,凱基-虎尾,2023-04-28,9236
1783,和康生,7,0,7,凱基-虎尾,2023-04-28,9236
1784,訊聯,7,0,7,凱基-虎尾,2023-04-28,9236
2331,精英,7,0,7,凱基-虎尾,2023-04-28,9236
6605,帝寶,7,0,7,凱基-虎尾,2023-04-28,9236
1503,士電,10,3,7,凱基-虎尾,2023-04-28,9236
3022,威強電,6,0,6,凱基-虎尾,2023-04-28,9236
1513,中興電,1796,991,805,凱基-虎尾,2023-05-02,9236
3363,上詮,89,12,77,凱基-虎尾,2023-05-02,9236
6116,彩晶,63,0,63,凱基-虎尾,2023-05-02,9236
1721,三晃,68,10,58,凱基-虎尾,2023-05-02,9236
1905,華紙,91,34,57,凱基-虎尾,2023-05-02,9236
00878,國泰永續高股息,55,5,50,凱基-虎尾,2023-05-02,9236
5009,榮剛,40,5,35,凱基-虎尾,2023-05-02,9236
2504,國產,34,0,34,凱基-虎尾,2023-05-02,9236
2812,台中銀,34,1,33,凱基-虎尾,2023-05-02,9236
2913,農林,48,15,33,凱基-虎尾,2023-05-02,9236
3013,晟銘電,32,1,31,凱基-虎尾,2023-05-02,9236
1504,東元,51,22,29,凱基-虎尾,2023-05-02,9236
3712,永崴投控,37,9,28,凱基-虎尾,2023-05-02,9236
4510,高鋒,36,8,28,凱基-虎尾,2023-05-02,9236
6244,茂迪,27,0,27,凱基-虎尾,2023-05-02,9236
2206,三陽工業,58,33,25,凱基-虎尾,2023-05-02,9236
5465,富驊,27,4,23,凱基-虎尾,2023-05-02,9236
1515,力山,22,0,22,凱基-虎尾,2023-05-02,9236
1709,和益,21,0,21,凱基-虎尾,2023-05-02,9236
2337,旺宏,21,0,21,凱基-虎尾,2023-05-02,9236
2603,長榮,23,3,20,凱基-虎尾,2023-05-02,9236
00632R,元大台灣50反1,20,0,20,凱基-虎尾,2023-05-02,9236
2605,新興,20,0,20,凱基-虎尾,2023-05-02,9236
3027,盛達,21,1,20,凱基-虎尾,2023-05-02,9236
3078,僑威,28,8,20,凱基-虎尾,2023-05-02,9236
4121,優盛,29,9,20,凱基-虎尾,2023-05-02,9236
2413,環科,29,10,19,凱基-虎尾,2023-05-02,9236
3032,偉訓,20,1,19,凱基-虎尾,2023-05-02,9236
1514,亞力,36,17,19,凱基-虎尾,2023-05-02,9236
8926,台汽電,19,1,18,凱基-虎尾,2023-05-02,9236
2359,所羅門,31,14,17,凱基-虎尾,2023-05-02,9236
2421,建準,17,0,17,凱基-虎尾,2023-05-02,9236
00680L,元大美債20正2,16,0,16,凱基-虎尾,2023-05-02,9236
2530,華建,16,0,16,凱基-虎尾,2023-05-02,9236
2609,陽明,15,0,15,凱基-虎尾,2023-05-02,9236
2481,強茂,15,0,15,凱基-虎尾,2023-05-02,9236
4128,中天,15,0,15,凱基-虎尾,2023-05-02,9236
8215,明基材,15,0,15,凱基-虎尾,2023-05-02,9236
4417,金洲,15,0,15,凱基-虎尾,2023-05-02,9236
1777,生泰,13,0,13,凱基-虎尾,2023-05-02,9236
1589,永冠-KY,13,0,13,凱基-虎尾,2023-05-02,9236
4168,醣聯,13,0,13,凱基-虎尾,2023-05-02,9236
2204,中華,12,0,12,凱基-虎尾,2023-05-02,9236
2338,光罩,12,0,12,凱基-虎尾,2023-05-02,9236
3701,大眾控,16,4,12,凱基-虎尾,2023-05-02,9236
4536,拓凱,12,1,11,凱基-虎尾,2023-05-02,9236
8038,長園科,11,0,11,凱基-虎尾,2023-05-02,9236
00720B,元大投資級公司債,11,0,11,凱基-虎尾,2023-05-02,9236
1519,華城,42,32,10,凱基-虎尾,2023-05-02,9236
00688L,國泰20年美債正2,10,0,10,凱基-虎尾,2023-05-02,9236
00715L,期街口布蘭特正2,71,1,70,凱基-虎尾,2023-05-03,9236
00642U,期元大S＆P石油,51,0,51,凱基-虎尾,2023-05-03,9236
1605,華新,50,11,39,凱基-虎尾,2023-05-03,9236
1710,東聯,46,7,39,凱基-虎尾,2023-05-03,9236
1504,東元,115,78,37,凱基-虎尾,2023-05-03,9236
00665L,富邦�琤肭磪囓�2,34,0,34,凱基-虎尾,2023-05-03,9236
1905,華紙,129,96,33,凱基-虎尾,2023-05-03,9236
5009,榮剛,54,24,30,凱基-虎尾,2023-05-03,9236
1319,東陽,33,4,29,凱基-虎尾,2023-05-03,9236
3202,樺晟,30,2,28,凱基-虎尾,2023-05-03,9236
1711,永光,29,2,27,凱基-虎尾,2023-05-03,9236
2471,資通,32,6,26,凱基-虎尾,2023-05-03,9236
3236,千如,26,0,26,凱基-虎尾,2023-05-03,9236
2609,陽明,25,0,25,凱基-虎尾,2023-05-03,9236
6234,高僑,24,0,24,凱基-虎尾,2023-05-03,9236
00679B,元大美債20年,25,1,24,凱基-虎尾,2023-05-03,9236
00712,復華富時不動產,23,0,23,凱基-虎尾,2023-05-03,9236
6160,欣技,38,15,23,凱基-虎尾,2023-05-03,9236
6148,驊宏資,29,7,22,凱基-虎尾,2023-05-03,9236
00632R,元大台灣50反1,20,0,20,凱基-虎尾,2023-05-03,9236
00752,中信中國50,20,0,20,凱基-虎尾,2023-05-03,9236
3037,欣興,21,4,17,凱基-虎尾,2023-05-03,9236
3715,定穎投控,67,51,16,凱基-虎尾,2023-05-03,9236
6470,宇智,15,0,15,凱基-虎尾,2023-05-03,9236
9928,中視,15,0,15,凱基-虎尾,2023-05-03,9236
2834,臺企銀,15,0,15,凱基-虎尾,2023-05-03,9236
3481,群創,19,5,14,凱基-虎尾,2023-05-03,9236
2615,萬海,13,0,13,凱基-虎尾,2023-05-03,9236
2387,精元,13,0,13,凱基-虎尾,2023-05-03,9236
3498,陽程,13,0,13,凱基-虎尾,2023-05-03,9236
6282,康舒,26,13,13,凱基-虎尾,2023-05-03,9236
9919,康那香,13,0,13,凱基-虎尾,2023-05-03,9236
00674R,期元大S＆P黃金反1,12,0,12,凱基-虎尾,2023-05-03,9236
00878,國泰永續高股息,21,9,12,凱基-虎尾,2023-05-03,9236
2603,長榮,118,106,12,凱基-虎尾,2023-05-03,9236
2230,泰茂,22,11,11,凱基-虎尾,2023-05-03,9236
6741,91APP*-KY,26,15,11,凱基-虎尾,2023-05-03,9236
00900,富邦特選高股息30,10,0,10,凱基-虎尾,2023-05-03,9236
00753L,中信中國50正2,25,15,10,凱基-虎尾,2023-05-03,9236
1776,展宇,10,0,10,凱基-虎尾,2023-05-03,9236
1785,光洋科,10,0,10,凱基-虎尾,2023-05-03,9236
2367,燿華,10,0,10,凱基-虎尾,2023-05-03,9236
6180,橘子,17,7,10,凱基-虎尾,2023-05-03,9236
8271,宇瞻,10,0,10,凱基-虎尾,2023-05-03,9236
1515,力山,11,2,9,凱基-虎尾,2023-05-03,9236
2419,仲琦,9,0,9,凱基-虎尾,2023-05-03,9236
4173,久裕,11,2,9,凱基-虎尾,2023-05-03,9236
6443,元晶,10,1,9,凱基-虎尾,2023-05-03,9236
2880,華南金,8,0,8,凱基-虎尾,2023-05-03,9236
00690,兆豐藍籌30,8,0,8,凱基-虎尾,2023-05-03,9236
00715L,期街口布蘭特正2,202,120,82,凱基-虎尾,2023-05-04,9236
4938,和碩,80,0,80,凱基-虎尾,2023-05-04,9236
1701,中化,77,10,67,凱基-虎尾,2023-05-04,9236
1609,大亞,188,123,65,凱基-虎尾,2023-05-04,9236
2489,瑞軒,60,10,50,凱基-虎尾,2023-05-04,9236
00642U,期元大S＆P石油,42,0,42,凱基-虎尾,2023-05-04,9236
1608,華榮,43,1,42,凱基-虎尾,2023-05-04,9236
2419,仲琦,41,0,41,凱基-虎尾,2023-05-04,9236
4173,久裕,42,3,39,凱基-虎尾,2023-05-04,9236
6122,擎邦,40,1,39,凱基-虎尾,2023-05-04,9236
2009,第一銅,35,0,35,凱基-虎尾,2023-05-04,9236
3025,星通,36,1,35,凱基-虎尾,2023-05-04,9236
1734,杏輝,33,0,33,凱基-虎尾,2023-05-04,9236
3363,上詮,36,3,33,凱基-虎尾,2023-05-04,9236
3673,TPK-KY,32,0,32,凱基-虎尾,2023-05-04,9236
5469,瀚宇博,47,15,32,凱基-虎尾,2023-05-04,9236
3011,今皓,30,0,30,凱基-虎尾,2023-05-04,9236
6275,元山,28,0,28,凱基-虎尾,2023-05-04,9236
00673R,期元大S＆P原油反1,40,15,25,凱基-虎尾,2023-05-04,9236
2421,建準,24,0,24,凱基-虎尾,2023-05-04,9236
2880,華南金,25,2,23,凱基-虎尾,2023-05-04,9236
6741,91APP*-KY,26,3,23,凱基-虎尾,2023-05-04,9236
3231,緯創,33,11,22,凱基-虎尾,2023-05-04,9236
00632R,元大台灣50反1,21,0,21,凱基-虎尾,2023-05-04,9236
3033,威健,19,0,19,凱基-虎尾,2023-05-04,9236
6535,順藥,19,0,19,凱基-虎尾,2023-05-04,9236
00712,復華富時不動產,18,0,18,凱基-虎尾,2023-05-04,9236
4744,皇將,18,1,17,凱基-虎尾,2023-05-04,9236
6282,康舒,18,2,16,凱基-虎尾,2023-05-04,9236
4129,聯合,16,0,16,凱基-虎尾,2023-05-04,9236
4747,強生,15,0,15,凱基-虎尾,2023-05-04,9236
1307,三芳,14,0,14,凱基-虎尾,2023-05-04,9236
9907,統一實,13,0,13,凱基-虎尾,2023-05-04,9236
1905,華紙,118,105,13,凱基-虎尾,2023-05-04,9236
2352,佳世達,13,0,13,凱基-虎尾,2023-05-04,9236
2748,雲品,13,0,13,凱基-虎尾,2023-05-04,9236
4114,健喬,16,3,13,凱基-虎尾,2023-05-04,9236
1786,科妍,12,0,12,凱基-虎尾,2023-05-04,9236
2867,三商壽,17,5,12,凱基-虎尾,2023-05-04,9236
5388,中磊,12,0,12,凱基-虎尾,2023-05-04,9236
1784,訊聯,11,0,11,凱基-虎尾,2023-05-04,9236
2610,華航,12,1,11,凱基-虎尾,2023-05-04,9236
8086,宏捷科,11,0,11,凱基-虎尾,2023-05-04,9236
8403,盛弘,18,7,11,凱基-虎尾,2023-05-04,9236
00680L,元大美債20正2,20,10,10,凱基-虎尾,2023-05-04,9236
2208,台船,11,1,10,凱基-虎尾,2023-05-04,9236
2888,新光金,10,0,10,凱基-虎尾,2023-05-04,9236
2455,全新,12,2,10,凱基-虎尾,2023-05-04,9236
2603,長榮,17,8,9,凱基-虎尾,2023-05-04,9236
1702,南僑,9,0,9,凱基-虎尾,2023-05-04,9236
2359,所羅門,125,10,115,凱基-虎尾,2023-05-05,9236
3591,艾笛森,49,2,47,凱基-虎尾,2023-05-05,9236
00715L,期街口布蘭特正2,45,0,45,凱基-虎尾,2023-05-05,9236
2352,佳世達,42,0,42,凱基-虎尾,2023-05-05,9236
3038,全台,38,1,37,凱基-虎尾,2023-05-05,9236
6125,廣運,37,0,37,凱基-虎尾,2023-05-05,9236
8936,國統,35,1,34,凱基-虎尾,2023-05-05,9236
2402,毅嘉,38,5,33,凱基-虎尾,2023-05-05,9236
1785,光洋科,32,3,29,凱基-虎尾,2023-05-05,9236
00878,國泰永續高股息,27,0,27,凱基-虎尾,2023-05-05,9236
8069,元太,26,0,26,凱基-虎尾,2023-05-05,9236
3005,神基,30,6,24,凱基-虎尾,2023-05-05,9236
8358,金居,22,0,22,凱基-虎尾,2023-05-05,9236
00751B,元大AAA至A公司債,20,0,20,凱基-虎尾,2023-05-05,9236
00680L,元大美債20正2,20,0,20,凱基-虎尾,2023-05-05,9236
4938,和碩,20,0,20,凱基-虎尾,2023-05-05,9236
5464,霖宏,20,0,20,凱基-虎尾,2023-05-05,9236
6026,福邦證,20,0,20,凱基-虎尾,2023-05-05,9236
1319,東陽,19,0,19,凱基-虎尾,2023-05-05,9236
1533,車王電,18,0,18,凱基-虎尾,2023-05-05,9236
2375,凱美,22,5,17,凱基-虎尾,2023-05-05,9236
4906,正文,18,2,16,凱基-虎尾,2023-05-05,9236
2014,中鴻,15,0,15,凱基-虎尾,2023-05-05,9236
3545,敦泰,15,0,15,凱基-虎尾,2023-05-05,9236
6550,北極星藥業-KY,15,0,15,凱基-虎尾,2023-05-05,9236
00679B,元大美債20年,14,0,14,凱基-虎尾,2023-05-05,9236
1721,三晃,70,56,14,凱基-虎尾,2023-05-05,9236
6205,詮欣,16,2,14,凱基-虎尾,2023-05-05,9236
9943,好樂迪,14,0,14,凱基-虎尾,2023-05-05,9236
00712,復華富時不動產,13,0,13,凱基-虎尾,2023-05-05,9236
1529,樂事綠能,15,2,13,凱基-虎尾,2023-05-05,9236
2492,華新科,23,10,13,凱基-虎尾,2023-05-05,9236
5284,jpp-KY,23,11,12,凱基-虎尾,2023-05-05,9236
2903,遠百,11,0,11,凱基-虎尾,2023-05-05,9236
3687,歐買尬,11,0,11,凱基-虎尾,2023-05-05,9236
6282,康舒,12,1,11,凱基-虎尾,2023-05-05,9236
2609,陽明,11,0,11,凱基-虎尾,2023-05-05,9236
00673R,期元大S＆P原油反1,10,0,10,凱基-虎尾,2023-05-05,9236
2425,承啟,10,0,10,凱基-虎尾,2023-05-05,9236
3663,鑫科,10,0,10,凱基-虎尾,2023-05-05,9236
5328,華容,10,0,10,凱基-虎尾,2023-05-05,9236
5481,新華,10,0,10,凱基-虎尾,2023-05-05,9236
6753,龍德造船,10,0,10,凱基-虎尾,2023-05-05,9236
2368,金像電,11,2,9,凱基-虎尾,2023-05-05,9236
3014,聯陽,11,2,9,凱基-虎尾,2023-05-05,9236
4541,晟田,20,11,9,凱基-虎尾,2023-05-05,9236
6496,科懋,9,0,9,凱基-虎尾,2023-05-05,9236
3479,安勤,11,2,9,凱基-虎尾,2023-05-05,9236
3207,耀勝,8,0,8,凱基-虎尾,2023-05-05,9236
8390,金益鼎,8,0,8,凱基-虎尾,2023-05-05,9236
00715L,期街口布蘭特正2,109,25,84,凱基-虎尾,2023-05-08,9236
2371,大同,70,6,64,凱基-虎尾,2023-05-08,9236
2883,凱基金,70,9,61,凱基-虎尾,2023-05-08,9236
3071,協禧,59,0,59,凱基-虎尾,2023-05-08,9236
3202,樺晟,59,2,57,凱基-虎尾,2023-05-08,9236
2609,陽明,57,3,54,凱基-虎尾,2023-05-08,9236
5498,凱崴,76,22,54,凱基-虎尾,2023-05-08,9236
00671R,富邦NASDAQ反1,50,0,50,凱基-虎尾,2023-05-08,9236
6163,華電網,51,1,50,凱基-虎尾,2023-05-08,9236
1605,華新,55,7,48,凱基-虎尾,2023-05-08,9236
1612,宏泰,47,0,47,凱基-虎尾,2023-05-08,9236
3013,晟銘電,48,4,44,凱基-虎尾,2023-05-08,9236
2104,國際中橡,41,0,41,凱基-虎尾,2023-05-08,9236
00720B,元大投資級公司債,38,0,38,凱基-虎尾,2023-05-08,9236
5011,久陽,37,0,37,凱基-虎尾,2023-05-08,9236
1513,中興電,81,47,34,凱基-虎尾,2023-05-08,9236
2851,中再保,31,1,30,凱基-虎尾,2023-05-08,9236
3011,今皓,31,3,28,凱基-虎尾,2023-05-08,9236
1218,泰山,35,11,24,凱基-虎尾,2023-05-08,9236
1609,大亞,108,85,23,凱基-虎尾,2023-05-08,9236
3027,盛達,24,1,23,凱基-虎尾,2023-05-08,9236
6153,嘉聯益,24,1,23,凱基-虎尾,2023-05-08,9236
8150,南茂,23,0,23,凱基-虎尾,2023-05-08,9236
2482,連宇,26,4,22,凱基-虎尾,2023-05-08,9236
1503,士電,53,32,21,凱基-虎尾,2023-05-08,9236
2402,毅嘉,87,67,20,凱基-虎尾,2023-05-08,9236
3078,僑威,20,1,19,凱基-虎尾,2023-05-08,9236
3029,零壹,24,5,19,凱基-虎尾,2023-05-08,9236
6438,迅得,18,1,17,凱基-虎尾,2023-05-08,9236
1722,台肥,17,1,16,凱基-虎尾,2023-05-08,9236
2468,華經,30,14,16,凱基-虎尾,2023-05-08,9236
00885,富邦越南,16,1,15,凱基-虎尾,2023-05-08,9236
2353,宏��,32,17,15,凱基-虎尾,2023-05-08,9236
6275,元山,19,4,15,凱基-虎尾,2023-05-08,9236
3006,晶豪科,14,0,14,凱基-虎尾,2023-05-08,9236
9907,統一實,14,0,14,凱基-虎尾,2023-05-08,9236
3703,欣陸,13,0,13,凱基-虎尾,2023-05-08,9236
4979,華星光,13,0,13,凱基-虎尾,2023-05-08,9236
2317,鴻海,12,0,12,凱基-虎尾,2023-05-08,9236
2344,華邦電,13,1,12,凱基-虎尾,2023-05-08,9236
1720,生達,15,3,12,凱基-虎尾,2023-05-08,9236
2645,長榮航太,12,0,12,凱基-虎尾,2023-05-08,9236
3548,兆利,12,0,12,凱基-虎尾,2023-05-08,9236
5439,高技,13,1,12,凱基-虎尾,2023-05-08,9236
6806,森崴能源,193,181,12,凱基-虎尾,2023-05-08,9236
00679B,元大美債20年,11,0,11,凱基-虎尾,2023-05-08,9236
2610,華航,18,7,11,凱基-虎尾,2023-05-08,9236
00687B,國泰20年美債,10,0,10,凱基-虎尾,2023-05-08,9236
1529,樂事綠能,14,4,10,凱基-虎尾,2023-05-08,9236
2302,麗正,10,0,10,凱基-虎尾,2023-05-08,9236
3363,上詮,73,5,68,凱基-虎尾,2023-05-09,9236
1101,台泥,67,3,64,凱基-虎尾,2023-05-09,9236
2009,第一銅,60,0,60,凱基-虎尾,2023-05-09,9236
6443,元晶,40,2,38,凱基-虎尾,2023-05-09,9236
6625,必應,35,0,35,凱基-虎尾,2023-05-09,9236
2913,農林,125,95,30,凱基-虎尾,2023-05-09,9236
3049,精金,30,0,30,凱基-虎尾,2023-05-09,9236
00830,國泰費城半導體,30,1,29,凱基-虎尾,2023-05-09,9236
3673,TPK-KY,30,4,26,凱基-虎尾,2023-05-09,9236
00673R,期元大S＆P原油反1,25,0,25,凱基-虎尾,2023-05-09,9236
3047,訊舟,23,0,23,凱基-虎尾,2023-05-09,9236
4161,聿新科,38,16,22,凱基-虎尾,2023-05-09,9236
8390,金益鼎,22,0,22,凱基-虎尾,2023-05-09,9236
8926,台汽電,46,24,22,凱基-虎尾,2023-05-09,9236
1721,三晃,20,0,20,凱基-虎尾,2023-05-09,9236
2888,新光金,25,5,20,凱基-虎尾,2023-05-09,9236
00878,國泰永續高股息,20,1,19,凱基-虎尾,2023-05-09,9236
2387,精元,21,2,19,凱基-虎尾,2023-05-09,9236
3715,定穎投控,24,5,19,凱基-虎尾,2023-05-09,9236
5356,協益,20,1,19,凱基-虎尾,2023-05-09,9236
5464,霖宏,19,0,19,凱基-虎尾,2023-05-09,9236
5512,力麒,30,13,17,凱基-虎尾,2023-05-09,9236
3532,台勝科,15,0,15,凱基-虎尾,2023-05-09,9236
6288,聯嘉,18,3,15,凱基-虎尾,2023-05-09,9236
4164,承業醫,13,0,13,凱基-虎尾,2023-05-09,9236
8046,南電,15,3,12,凱基-虎尾,2023-05-09,9236
00680L,元大美債20正2,12,0,12,凱基-虎尾,2023-05-09,9236
00720B,元大投資級公司債,12,0,12,凱基-虎尾,2023-05-09,9236
8930,青鋼,12,0,12,凱基-虎尾,2023-05-09,9236
00885,富邦越南,10,0,10,凱基-虎尾,2023-05-09,9236
9907,統一實,10,0,10,凱基-虎尾,2023-05-09,9236
00687B,國泰20年美債,10,0,10,凱基-虎尾,2023-05-09,9236
00696B,富邦美債20年,10,0,10,凱基-虎尾,2023-05-09,9236
00635U,期元大S＆P黃金,10,0,10,凱基-虎尾,2023-05-09,9236
00773B,中信優先金融債,10,0,10,凱基-虎尾,2023-05-09,9236
1710,東聯,11,1,10,凱基-虎尾,2023-05-09,9236
2605,新興,10,0,10,凱基-虎尾,2023-05-09,9236
4977,眾達-KY,11,1,10,凱基-虎尾,2023-05-09,9236
6147,頎邦,11,1,10,凱基-虎尾,2023-05-09,9236
6152,百一,10,0,10,凱基-虎尾,2023-05-09,9236
6185,幃翔,10,0,10,凱基-虎尾,2023-05-09,9236
6235,華孚,10,0,10,凱基-虎尾,2023-05-09,9236
8271,宇瞻,10,0,10,凱基-虎尾,2023-05-09,9236
8403,盛弘,15,5,10,凱基-虎尾,2023-05-09,9236
6024,群益期,9,0,9,凱基-虎尾,2023-05-09,9236
6122,擎邦,19,10,9,凱基-虎尾,2023-05-09,9236
8064,東捷,30,21,9,凱基-虎尾,2023-05-09,9236
8215,明基材,9,0,9,凱基-虎尾,2023-05-09,9236
5864,致和證,8,0,8,凱基-虎尾,2023-05-09,9236
6770,力積電,10,2,8,凱基-虎尾,2023-05-09,9236
00671R,富邦NASDAQ反1,55,0,55,凱基-虎尾,2023-05-10,9236
6167,久正,49,0,49,凱基-虎尾,2023-05-10,9236
6234,高僑,56,7,49,凱基-虎尾,2023-05-10,9236
8926,台汽電,41,0,41,凱基-虎尾,2023-05-10,9236
3710,連展投控,40,0,40,凱基-虎尾,2023-05-10,9236
1337,再生-KY,45,7,38,凱基-虎尾,2023-05-10,9236
3325,旭品,36,1,35,凱基-虎尾,2023-05-10,9236
5608,四維航,35,0,35,凱基-虎尾,2023-05-10,9236
2610,華航,43,10,33,凱基-虎尾,2023-05-10,9236
1709,和益,34,1,33,凱基-虎尾,2023-05-10,9236
2605,新興,30,1,29,凱基-虎尾,2023-05-10,9236
6160,欣技,29,3,26,凱基-虎尾,2023-05-10,9236
9955,佳龍,26,1,25,凱基-虎尾,2023-05-10,9236
2022,聚亨,25,1,24,凱基-虎尾,2023-05-10,9236
00680L,元大美債20正2,23,0,23,凱基-虎尾,2023-05-10,9236
2888,新光金,23,0,23,凱基-虎尾,2023-05-10,9236
1519,華城,42,21,21,凱基-虎尾,2023-05-10,9236
00665L,富邦�琤肭磪囓�2,21,0,21,凱基-虎尾,2023-05-10,9236
3704,合勤控,23,2,21,凱基-虎尾,2023-05-10,9236
00673R,期元大S＆P原油反1,20,0,20,凱基-虎尾,2023-05-10,9236
2406,國碩,20,0,20,凱基-虎尾,2023-05-10,9236
2615,萬海,22,3,19,凱基-虎尾,2023-05-10,9236
5498,凱崴,25,6,19,凱基-虎尾,2023-05-10,9236
4130,健亞,18,1,17,凱基-虎尾,2023-05-10,9236
8085,福華,22,5,17,凱基-虎尾,2023-05-10,9236
2609,陽明,21,5,16,凱基-虎尾,2023-05-10,9236
2303,聯電,17,1,16,凱基-虎尾,2023-05-10,9236
5321,美而快,15,0,15,凱基-虎尾,2023-05-10,9236
8940,新天地,16,1,15,凱基-虎尾,2023-05-10,9236
6125,廣運,15,1,14,凱基-虎尾,2023-05-10,9236
8099,大世科,20,6,14,凱基-虎尾,2023-05-10,9236
2887,台新金,15,2,13,凱基-虎尾,2023-05-10,9236
3701,大眾控,13,0,13,凱基-虎尾,2023-05-10,9236
4744,皇將,28,15,13,凱基-虎尾,2023-05-10,9236
00878,國泰永續高股息,16,3,13,凱基-虎尾,2023-05-10,9236
00753L,中信中國50正2,12,0,12,凱基-虎尾,2023-05-10,9236
1905,華紙,12,0,12,凱基-虎尾,2023-05-10,9236
2630,亞航,16,4,12,凱基-虎尾,2023-05-10,9236
2637,慧洋-KY,12,0,12,凱基-虎尾,2023-05-10,9236
2606,裕民,14,3,11,凱基-虎尾,2023-05-10,9236
4160,訊聯基因,11,0,11,凱基-虎尾,2023-05-10,9236
2867,三商壽,10,0,10,凱基-虎尾,2023-05-10,9236
3011,今皓,10,0,10,凱基-虎尾,2023-05-10,9236
3022,威強電,10,0,10,凱基-虎尾,2023-05-10,9236
6209,今國光,10,0,10,凱基-虎尾,2023-05-10,9236
6509,聚和,10,0,10,凱基-虎尾,2023-05-10,9236
1786,科妍,10,1,9,凱基-虎尾,2023-05-10,9236
1720,生達,9,0,9,凱基-虎尾,2023-05-10,9236
1810,和成,14,5,9,凱基-虎尾,2023-05-10,9236
2427,三商電,10,1,9,凱基-虎尾,2023-05-10,9236
2610,華航,256,142,114,凱基-虎尾,2023-05-11,9236
2317,鴻海,52,7,45,凱基-虎尾,2023-05-11,9236
5009,榮剛,41,1,40,凱基-虎尾,2023-05-11,9236
00680L,元大美債20正2,30,0,30,凱基-虎尾,2023-05-11,9236
8038,長園科,27,0,27,凱基-虎尾,2023-05-11,9236
00753L,中信中國50正2,23,0,23,凱基-虎尾,2023-05-11,9236
2834,臺企銀,22,0,22,凱基-虎尾,2023-05-11,9236
00885,富邦越南,27,6,21,凱基-虎尾,2023-05-11,9236
1108,幸福,21,1,20,凱基-虎尾,2023-05-11,9236
1471,首利,30,10,20,凱基-虎尾,2023-05-11,9236
2329,華泰,20,0,20,凱基-虎尾,2023-05-11,9236
2406,國碩,20,0,20,凱基-虎尾,2023-05-11,9236
3011,今皓,20,0,20,凱基-虎尾,2023-05-11,9236
4550,長佳,19,0,19,凱基-虎尾,2023-05-11,9236
1810,和成,19,2,17,凱基-虎尾,2023-05-11,9236
5864,致和證,16,0,16,凱基-虎尾,2023-05-11,9236
1504,東元,15,0,15,凱基-虎尾,2023-05-11,9236
2104,國際中橡,15,0,15,凱基-虎尾,2023-05-11,9236
3162,精確,24,9,15,凱基-虎尾,2023-05-11,9236
3294,英濟,16,1,15,凱基-虎尾,2023-05-11,9236
9902,台火,15,0,15,凱基-虎尾,2023-05-11,9236
00878,國泰永續高股息,17,2,15,凱基-虎尾,2023-05-11,9236
1101,台泥,14,0,14,凱基-虎尾,2023-05-11,9236
1584,精剛,13,0,13,凱基-虎尾,2023-05-11,9236
2880,華南金,14,1,13,凱基-虎尾,2023-05-11,9236
1513,中興電,15,3,12,凱基-虎尾,2023-05-11,9236
1609,大亞,19,8,11,凱基-虎尾,2023-05-11,9236
00687B,國泰20年美債,11,0,11,凱基-虎尾,2023-05-11,9236
2867,三商壽,10,0,10,凱基-虎尾,2023-05-11,9236
4967,十銓,10,0,10,凱基-虎尾,2023-05-11,9236
6209,今國光,10,0,10,凱基-虎尾,2023-05-11,9236
6605,帝寶,13,3,10,凱基-虎尾,2023-05-11,9236
9928,中視,10,0,10,凱基-虎尾,2023-05-11,9236
2883,凱基金,10,1,9,凱基-虎尾,2023-05-11,9236
3481,群創,59,50,9,凱基-虎尾,2023-05-11,9236
2208,台船,9,0,9,凱基-虎尾,2023-05-11,9236
4426,利勤,9,0,9,凱基-虎尾,2023-05-11,9236
3005,神基,17,9,8,凱基-虎尾,2023-05-11,9236
00715L,期街口布蘭特正2,10,2,8,凱基-虎尾,2023-05-11,9236
3047,訊舟,9,1,8,凱基-虎尾,2023-05-11,9236
5706,鳳凰,8,0,8,凱基-虎尾,2023-05-11,9236
1795,美時,15,8,7,凱基-虎尾,2023-05-11,9236
2388,威盛,8,1,7,凱基-虎尾,2023-05-11,9236
6109,亞元,7,0,7,凱基-虎尾,2023-05-11,9236
8289,泰藝,7,0,7,凱基-虎尾,2023-05-11,9236
1905,華紙,39,32,7,凱基-虎尾,2023-05-11,9236
1710,東聯,10,4,6,凱基-虎尾,2023-05-11,9236
3308,聯德,6,0,6,凱基-虎尾,2023-05-11,9236
5291,邑昇,6,0,6,凱基-虎尾,2023-05-11,9236
00637L,元大滬深300正2,5,0,5,凱基-虎尾,2023-05-11,9236
6122,擎邦,100,16,84,凱基-虎尾,2023-05-12,9236
3013,晟銘電,63,0,63,凱基-虎尾,2023-05-12,9236
6288,聯嘉,67,10,57,凱基-虎尾,2023-05-12,9236
3715,定穎投控,57,6,51,凱基-虎尾,2023-05-12,9236
8076,伍豐,46,1,45,凱基-虎尾,2023-05-12,9236
00715L,期街口布蘭特正2,44,0,44,凱基-虎尾,2023-05-12,9236
1101,台泥,43,0,43,凱基-虎尾,2023-05-12,9236
3029,零壹,42,0,42,凱基-虎尾,2023-05-12,9236
6282,康舒,45,6,39,凱基-虎尾,2023-05-12,9236
00665L,富邦�琤肭磪囓�2,38,0,38,凱基-虎尾,2023-05-12,9236
2471,資通,48,10,38,凱基-虎尾,2023-05-12,9236
1608,華榮,37,0,37,凱基-虎尾,2023-05-12,9236
2332,友訊,36,0,36,凱基-虎尾,2023-05-12,9236
2317,鴻海,1375,1340,35,凱基-虎尾,2023-05-12,9236
2206,三陽工業,62,30,32,凱基-虎尾,2023-05-12,9236
2482,連宇,37,5,32,凱基-虎尾,2023-05-12,9236
6443,元晶,37,7,30,凱基-虎尾,2023-05-12,9236
2371,大同,47,18,29,凱基-虎尾,2023-05-12,9236
3704,合勤控,33,4,29,凱基-虎尾,2023-05-12,9236
6244,茂迪,29,0,29,凱基-虎尾,2023-05-12,9236
1905,華紙,29,1,28,凱基-虎尾,2023-05-12,9236
3058,立德,31,5,26,凱基-虎尾,2023-05-12,9236
8088,品安,26,0,26,凱基-虎尾,2023-05-12,9236
2409,友達,22,0,22,凱基-虎尾,2023-05-12,9236
6163,華電網,24,2,22,凱基-虎尾,2023-05-12,9236
2882,國泰金,21,0,21,凱基-虎尾,2023-05-12,9236
2387,精元,25,5,20,凱基-虎尾,2023-05-12,9236
3707,漢磊,20,0,20,凱基-虎尾,2023-05-12,9236
5009,榮剛,20,0,20,凱基-虎尾,2023-05-12,9236
1529,樂事綠能,24,5,19,凱基-虎尾,2023-05-12,9236
2402,毅嘉,28,9,19,凱基-虎尾,2023-05-12,9236
2888,新光金,28,10,18,凱基-虎尾,2023-05-12,9236
3078,僑威,48,30,18,凱基-虎尾,2023-05-12,9236
5469,瀚宇博,18,0,18,凱基-虎尾,2023-05-12,9236
6197,佳必琪,18,0,18,凱基-虎尾,2023-05-12,9236
3037,欣興,80,63,17,凱基-虎尾,2023-05-12,9236
5439,高技,18,1,17,凱基-虎尾,2023-05-12,9236
6188,廣明,18,1,17,凱基-虎尾,2023-05-12,9236
2331,精英,21,5,16,凱基-虎尾,2023-05-12,9236
1519,華城,39,23,16,凱基-虎尾,2023-05-12,9236
3004,豐達科,15,0,15,凱基-虎尾,2023-05-12,9236
3038,全台,17,2,15,凱基-虎尾,2023-05-12,9236
4931,新盛力,15,0,15,凱基-虎尾,2023-05-12,9236
5351,鈺創,15,0,15,凱基-虎尾,2023-05-12,9236
6214,精誠,15,0,15,凱基-虎尾,2023-05-12,9236
9904,寶成,15,0,15,凱基-虎尾,2023-05-12,9236
1504,東元,15,0,15,凱基-虎尾,2023-05-12,9236
1609,大亞,28,14,14,凱基-虎尾,2023-05-12,9236
2457,飛宏,17,3,14,凱基-虎尾,2023-05-12,9236
4906,正文,14,0,14,凱基-虎尾,2023-05-12,9236
3202,樺晟,140,5,135,凱基-虎尾,2023-05-15,9236
2353,宏��,60,0,60,凱基-虎尾,2023-05-15,9236
2421,建準,64,11,53,凱基-虎尾,2023-05-15,9236
2618,長榮航,58,5,53,凱基-虎尾,2023-05-15,9236
6846,綠茵,38,0,38,凱基-虎尾,2023-05-15,9236
2880,華南金,51,13,38,凱基-虎尾,2023-05-15,9236
2208,台船,30,6,24,凱基-虎尾,2023-05-15,9236
1101,台泥,26,2,24,凱基-虎尾,2023-05-15,9236
5243,乙盛-KY,21,0,21,凱基-虎尾,2023-05-15,9236
8038,長園科,21,0,21,凱基-虎尾,2023-05-15,9236
2337,旺宏,22,2,20,凱基-虎尾,2023-05-15,9236
6234,高僑,20,0,20,凱基-虎尾,2023-05-15,9236
2009,第一銅,16,0,16,凱基-虎尾,2023-05-15,9236
5225,東科-KY,16,0,16,凱基-虎尾,2023-05-15,9236
2317,鴻海,16,3,13,凱基-虎尾,2023-05-15,9236
3105,穩懋,15,3,12,凱基-虎尾,2023-05-15,9236
1218,泰山,12,0,12,凱基-虎尾,2023-05-15,9236
2633,台灣高鐵,16,4,12,凱基-虎尾,2023-05-15,9236
2609,陽明,16,5,11,凱基-虎尾,2023-05-15,9236
2356,英業達,24,13,11,凱基-虎尾,2023-05-15,9236
9907,統一實,12,1,11,凱基-虎尾,2023-05-15,9236
00900,富邦特選高股息30,10,0,10,凱基-虎尾,2023-05-15,9236
00665L,富邦�琤肭磪囓�2,10,0,10,凱基-虎尾,2023-05-15,9236
2615,萬海,10,0,10,凱基-虎尾,2023-05-15,9236
2867,三商壽,10,0,10,凱基-虎尾,2023-05-15,9236
3520,華盈,10,0,10,凱基-虎尾,2023-05-15,9236
4961,天鈺,9,0,9,凱基-虎尾,2023-05-15,9236
2409,友達,9,1,8,凱基-虎尾,2023-05-15,9236
00680L,元大美債20正2,8,0,8,凱基-虎尾,2023-05-15,9236
8261,富鼎,8,0,8,凱基-虎尾,2023-05-15,9236
6109,亞元,7,0,7,凱基-虎尾,2023-05-15,9236
6606,建德工業,7,0,7,凱基-虎尾,2023-05-15,9236
00720B,元大投資級公司債,6,0,6,凱基-虎尾,2023-05-15,9236
2845,遠東銀,6,0,6,凱基-虎尾,2023-05-15,9236
3002,歐格,6,0,6,凱基-虎尾,2023-05-15,9236
3712,永崴投控,6,0,6,凱基-虎尾,2023-05-15,9236
1909,榮成,5,0,5,凱基-虎尾,2023-05-15,9236
1471,首利,5,0,5,凱基-虎尾,2023-05-15,9236
00878,國泰永續高股息,9,4,5,凱基-虎尾,2023-05-15,9236
00673R,期元大S＆P原油反1,5,0,5,凱基-虎尾,2023-05-15,9236
2364,倫飛,5,0,5,凱基-虎尾,2023-05-15,9236
2392,正崴,5,0,5,凱基-虎尾,2023-05-15,9236
3062,建漢,11,6,5,凱基-虎尾,2023-05-15,9236
3576,聯合再生,5,0,5,凱基-虎尾,2023-05-15,9236
4119,旭富,5,0,5,凱基-虎尾,2023-05-15,9236
4127,天良,5,0,5,凱基-虎尾,2023-05-15,9236
8277,商丞,5,0,5,凱基-虎尾,2023-05-15,9236
9945,潤泰新,8,3,5,凱基-虎尾,2023-05-15,9236
3231,緯創,30,26,4,凱基-虎尾,2023-05-15,9236
2303,聯電,4,0,4,凱基-虎尾,2023-05-15,9236
8046,南電,232,1,231,凱基-虎尾,2023-05-16,9236
8105,凌巨,210,30,180,凱基-虎尾,2023-05-16,9236
1721,三晃,73,2,71,凱基-虎尾,2023-05-16,9236
6139,亞翔,70,0,70,凱基-虎尾,2023-05-16,9236
2317,鴻海,1267,1200,67,凱基-虎尾,2023-05-16,9236
00680L,元大美債20正2,46,0,46,凱基-虎尾,2023-05-16,9236
3032,偉訓,44,0,44,凱基-虎尾,2023-05-16,9236
2605,新興,40,0,40,凱基-虎尾,2023-05-16,9236
2897,王道銀行,40,0,40,凱基-虎尾,2023-05-16,9236
3481,群創,40,2,38,凱基-虎尾,2023-05-16,9236
2495,普安,33,2,31,凱基-虎尾,2023-05-16,9236
5009,榮剛,33,2,31,凱基-虎尾,2023-05-16,9236
3025,星通,26,0,26,凱基-虎尾,2023-05-16,9236
2382,廣達,27,3,24,凱基-虎尾,2023-05-16,9236
3058,立德,23,0,23,凱基-虎尾,2023-05-16,9236
2206,三陽工業,31,10,21,凱基-虎尾,2023-05-16,9236
5351,鈺創,18,1,17,凱基-虎尾,2023-05-16,9236
2313,華通,16,0,16,凱基-虎尾,2023-05-16,9236
2323,中環,17,1,16,凱基-虎尾,2023-05-16,9236
3714,富采,15,0,15,凱基-虎尾,2023-05-16,9236
1612,宏泰,14,0,14,凱基-虎尾,2023-05-16,9236
3483,力致,16,2,14,凱基-虎尾,2023-05-16,9236
2338,光罩,13,0,13,凱基-虎尾,2023-05-16,9236
3673,TPK-KY,20,7,13,凱基-虎尾,2023-05-16,9236
8927,北基,13,0,13,凱基-虎尾,2023-05-16,9236
1304,台聚,13,0,13,凱基-虎尾,2023-05-16,9236
2340,台亞,12,0,12,凱基-虎尾,2023-05-16,9236
6477,安集,12,0,12,凱基-虎尾,2023-05-16,9236
6846,綠茵,16,4,12,凱基-虎尾,2023-05-16,9236
8085,福華,14,2,12,凱基-虎尾,2023-05-16,9236
4931,新盛力,11,0,11,凱基-虎尾,2023-05-16,9236
6719,力智,12,1,11,凱基-虎尾,2023-05-16,9236
3037,欣興,12,1,11,凱基-虎尾,2023-05-16,9236
00674R,期元大S＆P黃金反1,10,0,10,凱基-虎尾,2023-05-16,9236
2034,允強,10,0,10,凱基-虎尾,2023-05-16,9236
2388,威盛,17,7,10,凱基-虎尾,2023-05-16,9236
4119,旭富,10,0,10,凱基-虎尾,2023-05-16,9236
4503,金雨,10,0,10,凱基-虎尾,2023-05-16,9236
6243,迅杰,11,1,10,凱基-虎尾,2023-05-16,9236
6470,宇智,10,0,10,凱基-虎尾,2023-05-16,9236
8358,金居,10,0,10,凱基-虎尾,2023-05-16,9236
9907,統一實,22,12,10,凱基-虎尾,2023-05-16,9236
1514,亞力,10,1,9,凱基-虎尾,2023-05-16,9236
3052,夆典,10,1,9,凱基-虎尾,2023-05-16,9236
9945,潤泰新,9,0,9,凱基-虎尾,2023-05-16,9236
8076,伍豐,10,1,9,凱基-虎尾,2023-05-16,9236
6266,泰詠,9,0,9,凱基-虎尾,2023-05-16,9236
00646,元大S＆P500,9,0,9,凱基-虎尾,2023-05-16,9236
1516,川飛,8,0,8,凱基-虎尾,2023-05-16,9236
1802,台玻,8,0,8,凱基-虎尾,2023-05-16,9236
00632R,元大台灣50反1,285,0,285,凱基-虎尾,2023-05-17,9236
2618,長榮航,63,1,62,凱基-虎尾,2023-05-17,9236
2736,富野,55,5,50,凱基-虎尾,2023-05-17,9236
1503,士電,48,2,46,凱基-虎尾,2023-05-17,9236
2603,長榮,47,2,45,凱基-虎尾,2023-05-17,9236
5009,榮剛,81,36,45,凱基-虎尾,2023-05-17,9236
2883,凱基金,100,57,43,凱基-虎尾,2023-05-17,9236
6770,力積電,50,10,40,凱基-虎尾,2023-05-17,9236
2442,新美齊,32,0,32,凱基-虎尾,2023-05-17,9236
2634,漢翔,115,83,32,凱基-虎尾,2023-05-17,9236
6185,幃翔,32,0,32,凱基-虎尾,2023-05-17,9236
9919,康那香,31,0,31,凱基-虎尾,2023-05-17,9236
1907,永豐餘,31,1,30,凱基-虎尾,2023-05-17,9236
2353,宏��,30,0,30,凱基-虎尾,2023-05-17,9236
1584,精剛,31,3,28,凱基-虎尾,2023-05-17,9236
1810,和成,28,0,28,凱基-虎尾,2023-05-17,9236
5464,霖宏,31,4,27,凱基-虎尾,2023-05-17,9236
6122,擎邦,27,1,26,凱基-虎尾,2023-05-17,9236
2633,台灣高鐵,30,4,26,凱基-虎尾,2023-05-17,9236
3078,僑威,26,1,25,凱基-虎尾,2023-05-17,9236
1529,樂事綠能,26,2,24,凱基-虎尾,2023-05-17,9236
4541,晟田,23,0,23,凱基-虎尾,2023-05-17,9236
8936,國統,23,0,23,凱基-虎尾,2023-05-17,9236
2913,農林,21,0,21,凱基-虎尾,2023-05-17,9236
3704,合勤控,55,34,21,凱基-虎尾,2023-05-17,9236
6234,高僑,21,0,21,凱基-虎尾,2023-05-17,9236
2739,寒舍,20,0,20,凱基-虎尾,2023-05-17,9236
4979,華星光,20,0,20,凱基-虎尾,2023-05-17,9236
2352,佳世達,21,1,20,凱基-虎尾,2023-05-17,9236
4967,十銓,19,0,19,凱基-虎尾,2023-05-17,9236
8222,寶一,27,8,19,凱基-虎尾,2023-05-17,9236
2393,億光,18,1,17,凱基-虎尾,2023-05-17,9236
1802,台玻,25,8,17,凱基-虎尾,2023-05-17,9236
8099,大世科,19,2,17,凱基-虎尾,2023-05-17,9236
6266,泰詠,25,9,16,凱基-虎尾,2023-05-17,9236
00715L,期街口布蘭特正2,18,2,16,凱基-虎尾,2023-05-17,9236
6589,台康生技,19,3,16,凱基-虎尾,2023-05-17,9236
00919,群益台灣精選高息,15,0,15,凱基-虎尾,2023-05-17,9236
00902,中信電池及儲能,15,0,15,凱基-虎尾,2023-05-17,9236
2409,友達,18,3,15,凱基-虎尾,2023-05-17,9236
3260,威剛,15,0,15,凱基-虎尾,2023-05-17,9236
4129,聯合,21,6,15,凱基-虎尾,2023-05-17,9236
4916,事欣科,17,2,15,凱基-虎尾,2023-05-17,9236
00878,國泰永續高股息,55,42,13,凱基-虎尾,2023-05-17,9236
1905,華紙,14,1,13,凱基-虎尾,2023-05-17,9236
2722,夏都,13,0,13,凱基-虎尾,2023-05-17,9236
5425,台半,13,0,13,凱基-虎尾,2023-05-17,9236
3443,創意,217,204,13,凱基-虎尾,2023-05-17,9236
3545,敦泰,12,0,12,凱基-虎尾,2023-05-17,9236
6570,維田,20,8,12,凱基-虎尾,2023-05-17,9236
4931,新盛力,83,20,63,凱基-虎尾,2023-05-18,9236
2323,中環,43,2,41,凱基-虎尾,2023-05-18,9236
00878,國泰永續高股息,42,4,38,凱基-虎尾,2023-05-18,9236
6163,華電網,35,2,33,凱基-虎尾,2023-05-18,9236
2371,大同,70,39,31,凱基-虎尾,2023-05-18,9236
3591,艾笛森,30,0,30,凱基-虎尾,2023-05-18,9236
1514,亞力,36,8,28,凱基-虎尾,2023-05-18,9236
2337,旺宏,26,0,26,凱基-虎尾,2023-05-18,9236
6218,豪勉,27,1,26,凱基-虎尾,2023-05-18,9236
4906,正文,82,57,25,凱基-虎尾,2023-05-18,9236
2515,中工,45,22,23,凱基-虎尾,2023-05-18,9236
2331,精英,32,10,22,凱基-虎尾,2023-05-18,9236
2482,連宇,30,8,22,凱基-虎尾,2023-05-18,9236
1612,宏泰,21,0,21,凱基-虎尾,2023-05-18,9236
3006,晶豪科,34,13,21,凱基-虎尾,2023-05-18,9236
6243,迅杰,21,0,21,凱基-虎尾,2023-05-18,9236
00665L,富邦�琤肭磪囓�2,20,0,20,凱基-虎尾,2023-05-18,9236
2413,環科,19,0,19,凱基-虎尾,2023-05-18,9236
2903,遠百,19,0,19,凱基-虎尾,2023-05-18,9236
6625,必應,21,2,19,凱基-虎尾,2023-05-18,9236
0056,元大高股息,24,6,18,凱基-虎尾,2023-05-18,9236
2359,所羅門,17,0,17,凱基-虎尾,2023-05-18,9236
6282,康舒,77,60,17,凱基-虎尾,2023-05-18,9236
8222,寶一,48,31,17,凱基-虎尾,2023-05-18,9236
00713,元大台灣高息低波,18,1,17,凱基-虎尾,2023-05-18,9236
6443,元晶,27,11,16,凱基-虎尾,2023-05-18,9236
2453,凌群,20,4,16,凱基-虎尾,2023-05-18,9236
2457,飛宏,29,14,15,凱基-虎尾,2023-05-18,9236
5371,中光電,15,0,15,凱基-虎尾,2023-05-18,9236
8038,長園科,15,0,15,凱基-虎尾,2023-05-18,9236
5258,虹堡,15,1,14,凱基-虎尾,2023-05-18,9236
6535,順藥,14,0,14,凱基-虎尾,2023-05-18,9236
8076,伍豐,29,15,14,凱基-虎尾,2023-05-18,9236
2345,智邦,13,0,13,凱基-虎尾,2023-05-18,9236
4908,前鼎,13,0,13,凱基-虎尾,2023-05-18,9236
3207,耀勝,13,2,11,凱基-虎尾,2023-05-18,9236
1609,大亞,33,23,10,凱基-虎尾,2023-05-18,9236
00637L,元大滬深300正2,10,0,10,凱基-虎尾,2023-05-18,9236
00902,中信電池及儲能,10,0,10,凱基-虎尾,2023-05-18,9236
1617,榮星,10,0,10,凱基-虎尾,2023-05-18,9236
2303,聯電,16,6,10,凱基-虎尾,2023-05-18,9236
2601,益航,10,0,10,凱基-虎尾,2023-05-18,9236
2630,亞航,32,22,10,凱基-虎尾,2023-05-18,9236
2801,彰銀,10,0,10,凱基-虎尾,2023-05-18,9236
3025,星通,12,2,10,凱基-虎尾,2023-05-18,9236
4114,健喬,11,1,10,凱基-虎尾,2023-05-18,9236
4744,皇將,15,5,10,凱基-虎尾,2023-05-18,9236
4916,事欣科,25,15,10,凱基-虎尾,2023-05-18,9236
5498,凱崴,10,0,10,凱基-虎尾,2023-05-18,9236
8924,大田,10,0,10,凱基-虎尾,2023-05-18,9236
00687B,國泰20年美債,66,0,66,凱基-虎尾,2023-05-19,9236
00632R,元大台灣50反1,71,20,51,凱基-虎尾,2023-05-19,9236
2453,凌群,46,0,46,凱基-虎尾,2023-05-19,9236
2618,長榮航,391,346,45,凱基-虎尾,2023-05-19,9236
2610,華航,591,549,42,凱基-虎尾,2023-05-19,9236
00673R,期元大S＆P原油反1,35,0,35,凱基-虎尾,2023-05-19,9236
3479,安勤,35,0,35,凱基-虎尾,2023-05-19,9236
3706,神達,39,5,34,凱基-虎尾,2023-05-19,9236
3704,合勤控,31,0,31,凱基-虎尾,2023-05-19,9236
4967,十銓,45,15,30,凱基-虎尾,2023-05-19,9236
2634,漢翔,64,37,27,凱基-虎尾,2023-05-19,9236
2317,鴻海,25,0,25,凱基-虎尾,2023-05-19,9236
3059,華晶科,27,2,25,凱基-虎尾,2023-05-19,9236
4102,永日,25,0,25,凱基-虎尾,2023-05-19,9236
8215,明基材,24,0,24,凱基-虎尾,2023-05-19,9236
2356,英業達,22,1,21,凱基-虎尾,2023-05-19,9236
00680L,元大美債20正2,30,10,20,凱基-虎尾,2023-05-19,9236
4173,久裕,23,3,20,凱基-虎尾,2023-05-19,9236
5498,凱崴,20,0,20,凱基-虎尾,2023-05-19,9236
6005,群益證,20,0,20,凱基-虎尾,2023-05-19,9236
00753L,中信中國50正2,19,0,19,凱基-虎尾,2023-05-19,9236
9928,中視,18,0,18,凱基-虎尾,2023-05-19,9236
6625,必應,22,5,17,凱基-虎尾,2023-05-19,9236
3363,上詮,24,8,16,凱基-虎尾,2023-05-19,9236
6234,高僑,19,3,16,凱基-虎尾,2023-05-19,9236
00715L,期街口布蘭特正2,14,0,14,凱基-虎尾,2023-05-19,9236
2352,佳世達,14,2,12,凱基-虎尾,2023-05-19,9236
4503,金雨,12,0,12,凱基-虎尾,2023-05-19,9236
4931,新盛力,15,3,12,凱基-虎尾,2023-05-19,9236
1589,永冠-KY,11,0,11,凱基-虎尾,2023-05-19,9236
1784,訊聯,12,1,11,凱基-虎尾,2023-05-19,9236
8038,長園科,11,0,11,凱基-虎尾,2023-05-19,9236
00713,元大台灣高息低波,10,0,10,凱基-虎尾,2023-05-19,9236
00751B,元大AAA至A公司債,10,0,10,凱基-虎尾,2023-05-19,9236
9802,鈺齊-KY,10,0,10,凱基-虎尾,2023-05-19,9236
2393,億光,10,0,10,凱基-虎尾,2023-05-19,9236
2402,毅嘉,10,0,10,凱基-虎尾,2023-05-19,9236
3444,利機,11,1,10,凱基-虎尾,2023-05-19,9236
3520,華盈,10,0,10,凱基-虎尾,2023-05-19,9236
00902,中信電池及儲能,8,0,8,凱基-虎尾,2023-05-19,9236
1529,樂事綠能,8,0,8,凱基-虎尾,2023-05-19,9236
2206,三陽工業,28,20,8,凱基-虎尾,2023-05-19,9236
2332,友訊,99,91,8,凱基-虎尾,2023-05-19,9236
2812,台中銀,8,0,8,凱基-虎尾,2023-05-19,9236
3228,金麗科,8,0,8,凱基-虎尾,2023-05-19,9236
3673,TPK-KY,8,0,8,凱基-虎尾,2023-05-19,9236
5371,中光電,13,5,8,凱基-虎尾,2023-05-19,9236
00772B,中信高評級公司債,7,0,7,凱基-虎尾,2023-05-19,9236
00637L,元大滬深300正2,7,0,7,凱基-虎尾,2023-05-19,9236
2313,華通,13,6,7,凱基-虎尾,2023-05-19,9236
2883,凱基金,152,6,146,凱基-虎尾,2023-05-22,9236
00687B,國泰20年美債,70,0,70,凱基-虎尾,2023-05-22,9236
2515,中工,61,0,61,凱基-虎尾,2023-05-22,9236
4916,事欣科,70,10,60,凱基-虎尾,2023-05-22,9236
2402,毅嘉,59,2,57,凱基-虎尾,2023-05-22,9236
1608,華榮,54,3,51,凱基-虎尾,2023-05-22,9236
6235,華孚,375,324,51,凱基-虎尾,2023-05-22,9236
6167,久正,42,0,42,凱基-虎尾,2023-05-22,9236
2208,台船,40,1,39,凱基-虎尾,2023-05-22,9236
1618,合機,34,0,34,凱基-虎尾,2023-05-22,9236
1215,卜蜂,32,0,32,凱基-虎尾,2023-05-22,9236
00715L,期街口布蘭特正2,32,0,32,凱基-虎尾,2023-05-22,9236
2104,國際中橡,31,0,31,凱基-虎尾,2023-05-22,9236
2409,友達,24,1,23,凱基-虎尾,2023-05-22,9236
2739,寒舍,22,0,22,凱基-虎尾,2023-05-22,9236
3027,盛達,23,1,22,凱基-虎尾,2023-05-22,9236
1785,光洋科,22,1,21,凱基-虎尾,2023-05-22,9236
6122,擎邦,21,0,21,凱基-虎尾,2023-05-22,9236
6185,幃翔,21,0,21,凱基-虎尾,2023-05-22,9236
00751B,元大AAA至A公司債,20,0,20,凱基-虎尾,2023-05-22,9236
3047,訊舟,20,0,20,凱基-虎尾,2023-05-22,9236
3712,永崴投控,20,0,20,凱基-虎尾,2023-05-22,9236
6129,普誠,20,0,20,凱基-虎尾,2023-05-22,9236
3037,欣興,34,16,18,凱基-虎尾,2023-05-22,9236
1609,大亞,59,42,17,凱基-虎尾,2023-05-22,9236
2486,一詮,17,0,17,凱基-虎尾,2023-05-22,9236
8358,金居,20,3,17,凱基-虎尾,2023-05-22,9236
2618,長榮航,294,277,17,凱基-虎尾,2023-05-22,9236
6266,泰詠,17,0,17,凱基-虎尾,2023-05-22,9236
2303,聯電,16,0,16,凱基-虎尾,2023-05-22,9236
1319,東陽,17,1,16,凱基-虎尾,2023-05-22,9236
2206,三陽工業,24,8,16,凱基-虎尾,2023-05-22,9236
4155,訊映,16,0,16,凱基-虎尾,2023-05-22,9236
5258,虹堡,16,0,16,凱基-虎尾,2023-05-22,9236
5465,富驊,16,0,16,凱基-虎尾,2023-05-22,9236
3071,協禧,50,35,15,凱基-虎尾,2023-05-22,9236
6112,邁達特,16,1,15,凱基-虎尾,2023-05-22,9236
1503,士電,17,2,15,凱基-虎尾,2023-05-22,9236
1809,中釉,15,1,14,凱基-虎尾,2023-05-22,9236
1905,華紙,15,1,14,凱基-虎尾,2023-05-22,9236
4931,新盛力,18,4,14,凱基-虎尾,2023-05-22,9236
5351,鈺創,14,0,14,凱基-虎尾,2023-05-22,9236
1514,亞力,37,24,13,凱基-虎尾,2023-05-22,9236
2331,精英,14,1,13,凱基-虎尾,2023-05-22,9236
3032,偉訓,14,1,13,凱基-虎尾,2023-05-22,9236
4130,健亞,14,1,13,凱基-虎尾,2023-05-22,9236
6190,萬泰科,13,0,13,凱基-虎尾,2023-05-22,9236
6477,安集,13,0,13,凱基-虎尾,2023-05-22,9236
00795B,中信美國公債20年,12,0,12,凱基-虎尾,2023-05-22,9236
1605,華新,12,0,12,凱基-虎尾,2023-05-22,9236
4147,中裕,220,118,102,凱基-虎尾,2023-05-23,9236
00687B,國泰20年美債,76,0,76,凱基-虎尾,2023-05-23,9236
2328,廣宇,61,0,61,凱基-虎尾,2023-05-23,9236
1460,宏遠,60,0,60,凱基-虎尾,2023-05-23,9236
5324,士開,57,3,54,凱基-虎尾,2023-05-23,9236
1101,台泥,52,0,52,凱基-虎尾,2023-05-23,9236
6005,群益證,50,0,50,凱基-虎尾,2023-05-23,9236
5009,榮剛,108,61,47,凱基-虎尾,2023-05-23,9236
00882,中信中國高股息,41,0,41,凱基-虎尾,2023-05-23,9236
5905,南仁湖,37,0,37,凱基-虎尾,2023-05-23,9236
1522,堤維西,34,2,32,凱基-虎尾,2023-05-23,9236
2705,六福,31,0,31,凱基-虎尾,2023-05-23,9236
00680L,元大美債20正2,30,0,30,凱基-虎尾,2023-05-23,9236
6288,聯嘉,37,9,28,凱基-虎尾,2023-05-23,9236
00679B,元大美債20年,31,4,27,凱基-虎尾,2023-05-23,9236
00637L,元大滬深300正2,27,0,27,凱基-虎尾,2023-05-23,9236
3484,崧騰,24,0,24,凱基-虎尾,2023-05-23,9236
2031,新光鋼,22,0,22,凱基-虎尾,2023-05-23,9236
4114,健喬,22,0,22,凱基-虎尾,2023-05-23,9236
4128,中天,22,0,22,凱基-虎尾,2023-05-23,9236
00751B,元大AAA至A公司債,21,0,21,凱基-虎尾,2023-05-23,9236
1310,台苯,20,0,20,凱基-虎尾,2023-05-23,9236
3231,緯創,30,10,20,凱基-虎尾,2023-05-23,9236
1584,精剛,30,12,18,凱基-虎尾,2023-05-23,9236
6733,博晟生醫,19,1,18,凱基-虎尾,2023-05-23,9236
1605,華新,22,5,17,凱基-虎尾,2023-05-23,9236
2722,夏都,24,7,17,凱基-虎尾,2023-05-23,9236
2883,凱基金,27,10,17,凱基-虎尾,2023-05-23,9236
5464,霖宏,18,1,17,凱基-虎尾,2023-05-23,9236
6235,華孚,33,17,16,凱基-虎尾,2023-05-23,9236
6753,龍德造船,17,1,16,凱基-虎尾,2023-05-23,9236
3094,聯傑,17,2,15,凱基-虎尾,2023-05-23,9236
4123,晟德,16,1,15,凱基-虎尾,2023-05-23,9236
1219,福壽,13,0,13,凱基-虎尾,2023-05-23,9236
00772B,中信高評級公司債,12,0,12,凱基-虎尾,2023-05-23,9236
5284,jpp-KY,13,1,12,凱基-虎尾,2023-05-23,9236
5511,德昌,13,1,12,凱基-虎尾,2023-05-23,9236
6125,廣運,24,12,12,凱基-虎尾,2023-05-23,9236
00795B,中信美國公債20年,11,0,11,凱基-虎尾,2023-05-23,9236
1609,大亞,26,15,11,凱基-虎尾,2023-05-23,9236
2302,麗正,10,0,10,凱基-虎尾,2023-05-23,9236
2305,全友,10,0,10,凱基-虎尾,2023-05-23,9236
2417,圓剛,10,0,10,凱基-虎尾,2023-05-23,9236
3189,景碩,13,3,10,凱基-虎尾,2023-05-23,9236
3628,盈正,11,1,10,凱基-虎尾,2023-05-23,9236
8091,翔名,10,0,10,凱基-虎尾,2023-05-23,9236
9904,寶成,10,0,10,凱基-虎尾,2023-05-23,9236
3081,聯亞,9,0,9,凱基-虎尾,2023-05-23,9236
8121,越峰,9,0,9,凱基-虎尾,2023-05-23,9236
8940,新天地,9,0,9,凱基-虎尾,2023-05-23,9236
1460,宏遠,70,1,69,凱基-虎尾,2023-05-24,9236
00882,中信中國高股息,66,0,66,凱基-虎尾,2023-05-24,9236
2457,飛宏,124,60,64,凱基-虎尾,2023-05-24,9236
6167,久正,50,1,49,凱基-虎尾,2023-05-24,9236
2421,建準,46,1,45,凱基-虎尾,2023-05-24,9236
1504,東元,45,7,38,凱基-虎尾,2023-05-24,9236
1809,中釉,42,10,32,凱基-虎尾,2023-05-24,9236
3325,旭品,33,2,31,凱基-虎尾,2023-05-24,9236
2482,連宇,48,20,28,凱基-虎尾,2023-05-24,9236
5243,乙盛-KY,43,15,28,凱基-虎尾,2023-05-24,9236
5512,力麒,69,41,28,凱基-虎尾,2023-05-24,9236
3038,全台,48,21,27,凱基-虎尾,2023-05-24,9236
2706,第一店,32,6,26,凱基-虎尾,2023-05-24,9236
1905,華紙,30,5,25,凱基-虎尾,2023-05-24,9236
00637L,元大滬深300正2,25,0,25,凱基-虎尾,2023-05-24,9236
3029,零壹,30,5,25,凱基-虎尾,2023-05-24,9236
3178,公準,55,30,25,凱基-虎尾,2023-05-24,9236
9919,康那香,24,0,24,凱基-虎尾,2023-05-24,9236
00772B,中信高評級公司債,21,0,21,凱基-虎尾,2023-05-24,9236
00665L,富邦�琤肭磪囓�2,20,0,20,凱基-虎尾,2023-05-24,9236
2471,資通,46,26,20,凱基-虎尾,2023-05-24,9236
3013,晟銘電,20,0,20,凱基-虎尾,2023-05-24,9236
2323,中環,60,40,20,凱基-虎尾,2023-05-24,9236
2105,正新,20,1,19,凱基-虎尾,2023-05-24,9236
2701,萬企,21,2,19,凱基-虎尾,2023-05-24,9236
3419,譁裕,24,6,18,凱基-虎尾,2023-05-24,9236
1608,華榮,35,18,17,凱基-虎尾,2023-05-24,9236
00752,中信中國50,15,0,15,凱基-虎尾,2023-05-24,9236
2611,志信,15,0,15,凱基-虎尾,2023-05-24,9236
00687B,國泰20年美債,14,0,14,凱基-虎尾,2023-05-24,9236
4543,萬在,13,0,13,凱基-虎尾,2023-05-24,9236
5465,富驊,23,10,13,凱基-虎尾,2023-05-24,9236
6461,益得,13,0,13,凱基-虎尾,2023-05-24,9236
00679B,元大美債20年,15,3,12,凱基-虎尾,2023-05-24,9236
2331,精英,14,2,12,凱基-虎尾,2023-05-24,9236
00680L,元大美債20正2,11,0,11,凱基-虎尾,2023-05-24,9236
1519,華城,22,11,11,凱基-虎尾,2023-05-24,9236
2486,一詮,20,9,11,凱基-虎尾,2023-05-24,9236
5531,鄉林,34,23,11,凱基-虎尾,2023-05-24,9236
00635U,期元大S＆P黃金,10,0,10,凱基-虎尾,2023-05-24,9236
00688L,國泰20年美債正2,10,0,10,凱基-虎尾,2023-05-24,9236
00725B,國泰投資級公司債,10,0,10,凱基-虎尾,2023-05-24,9236
2409,友達,10,0,10,凱基-虎尾,2023-05-24,9236
4931,新盛力,11,1,10,凱基-虎尾,2023-05-24,9236
5258,虹堡,10,0,10,凱基-虎尾,2023-05-24,9236
5328,華容,10,0,10,凱基-虎尾,2023-05-24,9236
1101,台泥,9,0,9,凱基-虎尾,2023-05-24,9236
2458,義隆,10,1,9,凱基-虎尾,2023-05-24,9236
3231,緯創,53,44,9,凱基-虎尾,2023-05-24,9236
6234,高僑,9,0,9,凱基-虎尾,2023-05-24,9236
00687B,國泰20年美債,220,0,220,凱基-虎尾,2023-05-25,9236
00632R,元大台灣50反1,72,0,72,凱基-虎尾,2023-05-25,9236
00665L,富邦�琤肭磪囓�2,70,0,70,凱基-虎尾,2023-05-25,9236
3029,零壹,59,1,58,凱基-虎尾,2023-05-25,9236
2023,燁輝,50,0,50,凱基-虎尾,2023-05-25,9236
1618,合機,44,0,44,凱基-虎尾,2023-05-25,9236
3265,台星科,45,1,44,凱基-虎尾,2023-05-25,9236
3202,樺晟,43,0,43,凱基-虎尾,2023-05-25,9236
2609,陽明,40,2,38,凱基-虎尾,2023-05-25,9236
2883,凱基金,38,2,36,凱基-虎尾,2023-05-25,9236
5351,鈺創,32,0,32,凱基-虎尾,2023-05-25,9236
2888,新光金,29,0,29,凱基-虎尾,2023-05-25,9236
1608,華榮,50,22,28,凱基-虎尾,2023-05-25,9236
3071,協禧,92,69,23,凱基-虎尾,2023-05-25,9236
6125,廣運,30,7,23,凱基-虎尾,2023-05-25,9236
00773B,中信優先金融債,22,0,22,凱基-虎尾,2023-05-25,9236
00882,中信中國高股息,21,0,21,凱基-虎尾,2023-05-25,9236
3122,笙泉,20,0,20,凱基-虎尾,2023-05-25,9236
8011,台通,27,8,19,凱基-虎尾,2023-05-25,9236
2331,精英,32,14,18,凱基-虎尾,2023-05-25,9236
2342,茂矽,24,7,17,凱基-虎尾,2023-05-25,9236
6689,伊雲谷,15,0,15,凱基-虎尾,2023-05-25,9236
5703,亞都,14,0,14,凱基-虎尾,2023-05-25,9236
8358,金居,14,0,14,凱基-虎尾,2023-05-25,9236
00772B,中信高評級公司債,13,0,13,凱基-虎尾,2023-05-25,9236
1810,和成,15,2,13,凱基-虎尾,2023-05-25,9236
2736,富野,13,0,13,凱基-虎尾,2023-05-25,9236
3325,旭品,25,12,13,凱基-虎尾,2023-05-25,9236
5864,致和證,14,1,13,凱基-虎尾,2023-05-25,9236
00713,元大台灣高息低波,12,0,12,凱基-虎尾,2023-05-25,9236
00720B,元大投資級公司債,12,0,12,凱基-虎尾,2023-05-25,9236
00680L,元大美債20正2,12,0,12,凱基-虎尾,2023-05-25,9236
2453,凌群,27,15,12,凱基-虎尾,2023-05-25,9236
2887,台新金,12,1,11,凱基-虎尾,2023-05-25,9236
00795B,中信美國公債20年,11,0,11,凱基-虎尾,2023-05-25,9236
00637L,元大滬深300正2,11,0,11,凱基-虎尾,2023-05-25,9236
2801,彰銀,11,0,11,凱基-虎尾,2023-05-25,9236
5371,中光電,11,0,11,凱基-虎尾,2023-05-25,9236
6122,擎邦,13,2,11,凱基-虎尾,2023-05-25,9236
2603,長榮,14,3,11,凱基-虎尾,2023-05-25,9236
00688L,國泰20年美債正2,10,0,10,凱基-虎尾,2023-05-25,9236
1512,瑞利,10,0,10,凱基-虎尾,2023-05-25,9236
2388,威盛,47,37,10,凱基-虎尾,2023-05-25,9236
2468,華經,52,42,10,凱基-虎尾,2023-05-25,9236
2880,華南金,10,0,10,凱基-虎尾,2023-05-25,9236
5309,系統電,10,0,10,凱基-虎尾,2023-05-25,9236
6187,萬潤,10,0,10,凱基-虎尾,2023-05-25,9236
8210,勤誠,11,1,10,凱基-虎尾,2023-05-25,9236
1432,大魯閣,10,0,10,凱基-虎尾,2023-05-25,9236
4915,致伸,13,3,10,凱基-虎尾,2023-05-25,9236
00632R,元大台灣50反1,97,10,87,凱基-虎尾,2023-05-26,9236
6190,萬泰科,86,10,76,凱基-虎尾,2023-05-26,9236
2421,建準,133,62,71,凱基-虎尾,2023-05-26,9236
1909,榮成,62,10,52,凱基-虎尾,2023-05-26,9236
00715L,期街口布蘭特正2,50,0,50,凱基-虎尾,2023-05-26,9236
3003,健和興,51,1,50,凱基-虎尾,2023-05-26,9236
00712,復華富時不動產,47,0,47,凱基-虎尾,2023-05-26,9236
2883,凱基金,46,1,45,凱基-虎尾,2023-05-26,9236
9802,鈺齊-KY,50,6,44,凱基-虎尾,2023-05-26,9236
5498,凱崴,40,0,40,凱基-虎尾,2023-05-26,9236
00725B,國泰投資級公司債,30,0,30,凱基-虎尾,2023-05-26,9236
00882,中信中國高股息,25,0,25,凱基-虎尾,2023-05-26,9236
2303,聯電,535,511,24,凱基-虎尾,2023-05-26,9236
00795B,中信美國公債20年,23,0,23,凱基-虎尾,2023-05-26,9236
1711,永光,20,0,20,凱基-虎尾,2023-05-26,9236
2610,華航,75,57,18,凱基-虎尾,2023-05-26,9236
2425,承啟,18,1,17,凱基-虎尾,2023-05-26,9236
3264,欣銓,22,7,15,凱基-虎尾,2023-05-26,9236
2323,中環,33,19,14,凱基-虎尾,2023-05-26,9236
8059,凱碩,18,4,14,凱基-虎尾,2023-05-26,9236
3481,群創,18,5,13,凱基-虎尾,2023-05-26,9236
00687B,國泰20年美債,13,0,13,凱基-虎尾,2023-05-26,9236
1218,泰山,13,1,12,凱基-虎尾,2023-05-26,9236
2317,鴻海,12,1,11,凱基-虎尾,2023-05-26,9236
2409,友達,20,10,10,凱基-虎尾,2023-05-26,9236
2609,陽明,11,1,10,凱基-虎尾,2023-05-26,9236
2707,晶華,10,0,10,凱基-虎尾,2023-05-26,9236
6485,點序,15,5,10,凱基-虎尾,2023-05-26,9236
6509,聚和,10,0,10,凱基-虎尾,2023-05-26,9236
00772B,中信高評級公司債,9,0,9,凱基-虎尾,2023-05-26,9236
3362,先進光,9,0,9,凱基-虎尾,2023-05-26,9236
4979,華星光,11,2,9,凱基-虎尾,2023-05-26,9236
5443,均豪,16,7,9,凱基-虎尾,2023-05-26,9236
8150,南茂,11,2,9,凱基-虎尾,2023-05-26,9236
1522,堤維西,10,2,8,凱基-虎尾,2023-05-26,9236
3017,奇鋐,15,7,8,凱基-虎尾,2023-05-26,9236
3594,磐儀,14,6,8,凱基-虎尾,2023-05-26,9236
4543,萬在,10,2,8,凱基-虎尾,2023-05-26,9236
6182,合晶,9,1,8,凱基-虎尾,2023-05-26,9236
6197,佳必琪,10,2,8,凱基-虎尾,2023-05-26,9236
6535,順藥,8,0,8,凱基-虎尾,2023-05-26,9236
8099,大世科,8,0,8,凱基-虎尾,2023-05-26,9236
3029,零壹,24,17,7,凱基-虎尾,2023-05-26,9236
2392,正崴,8,1,7,凱基-虎尾,2023-05-26,9236
4102,永日,7,0,7,凱基-虎尾,2023-05-26,9236
4931,新盛力,10,3,7,凱基-虎尾,2023-05-26,9236
6821,聯寶,7,0,7,凱基-虎尾,2023-05-26,9236
8155,博智,15,8,7,凱基-虎尾,2023-05-26,9236
2455,全新,8,2,6,凱基-虎尾,2023-05-26,9236
2723,美食-KY,6,0,6,凱基-虎尾,2023-05-26,9236
00753L,中信中國50正2,121,3,118,凱基-虎尾,2023-05-29,9236
00882,中信中國高股息,101,0,101,凱基-虎尾,2023-05-29,9236
3710,連展投控,100,0,100,凱基-虎尾,2023-05-29,9236
2883,凱基金,131,48,83,凱基-虎尾,2023-05-29,9236
3481,群創,106,24,82,凱基-虎尾,2023-05-29,9236
3704,合勤控,66,1,65,凱基-虎尾,2023-05-29,9236
4967,十銓,63,5,58,凱基-虎尾,2023-05-29,9236
6112,邁達特,58,2,56,凱基-虎尾,2023-05-29,9236
00679B,元大美債20年,49,0,49,凱基-虎尾,2023-05-29,9236
3078,僑威,59,12,47,凱基-虎尾,2023-05-29,9236
5328,華容,47,0,47,凱基-虎尾,2023-05-29,9236
3231,緯創,53,10,43,凱基-虎尾,2023-05-29,9236
2442,新美齊,41,2,39,凱基-虎尾,2023-05-29,9236
2634,漢翔,40,2,38,凱基-虎尾,2023-05-29,9236
8033,雷虎,35,1,34,凱基-虎尾,2023-05-29,9236
00632R,元大台灣50反1,32,0,32,凱基-虎尾,2023-05-29,9236
2329,華泰,31,0,31,凱基-虎尾,2023-05-29,9236
5531,鄉林,30,0,30,凱基-虎尾,2023-05-29,9236
3715,定穎投控,29,0,29,凱基-虎尾,2023-05-29,9236
00720B,元大投資級公司債,27,0,27,凱基-虎尾,2023-05-29,9236
2618,長榮航,82,56,26,凱基-虎尾,2023-05-29,9236
00706L,期元大S＆P日圓正2,25,0,25,凱基-虎尾,2023-05-29,9236
00725B,國泰投資級公司債,25,0,25,凱基-虎尾,2023-05-29,9236
6233,旺玖,25,0,25,凱基-虎尾,2023-05-29,9236
4906,正文,107,84,23,凱基-虎尾,2023-05-29,9236
3032,偉訓,23,1,22,凱基-虎尾,2023-05-29,9236
2495,普安,22,1,21,凱基-虎尾,2023-05-29,9236
6116,彩晶,21,0,21,凱基-虎尾,2023-05-29,9236
6122,擎邦,34,13,21,凱基-虎尾,2023-05-29,9236
1514,亞力,21,1,20,凱基-虎尾,2023-05-29,9236
3207,耀勝,25,5,20,凱基-虎尾,2023-05-29,9236
3037,欣興,32,14,18,凱基-虎尾,2023-05-29,9236
2413,環科,18,0,18,凱基-虎尾,2023-05-29,9236
3094,聯傑,18,0,18,凱基-虎尾,2023-05-29,9236
5351,鈺創,21,3,18,凱基-虎尾,2023-05-29,9236
8213,志超,18,1,17,凱基-虎尾,2023-05-29,9236
2349,錸德,16,0,16,凱基-虎尾,2023-05-29,9236
6218,豪勉,21,5,16,凱基-虎尾,2023-05-29,9236
8038,長園科,17,1,16,凱基-虎尾,2023-05-29,9236
8076,伍豐,17,1,16,凱基-虎尾,2023-05-29,9236
00885,富邦越南,15,0,15,凱基-虎尾,2023-05-29,9236
2402,毅嘉,25,10,15,凱基-虎尾,2023-05-29,9236
3260,威剛,23,8,15,凱基-虎尾,2023-05-29,9236
6806,森崴能源,15,0,15,凱基-虎尾,2023-05-29,9236
2354,鴻準,14,0,14,凱基-虎尾,2023-05-29,9236
2436,偉詮電,15,2,13,凱基-虎尾,2023-05-29,9236
4916,事欣科,14,1,13,凱基-虎尾,2023-05-29,9236
8028,昇陽半導體,15,2,13,凱基-虎尾,2023-05-29,9236
5425,台半,12,0,12,凱基-虎尾,2023-05-29,9236
2423,固緯,12,0,12,凱基-虎尾,2023-05-29,9236
00882,中信中國高股息,96,0,96,凱基-虎尾,2023-05-30,9236
2515,中工,64,2,62,凱基-虎尾,2023-05-30,9236
5425,台半,50,6,44,凱基-虎尾,2023-05-30,9236
2465,麗臺,40,0,40,凱基-虎尾,2023-05-30,9236
1524,耿鼎,38,0,38,凱基-虎尾,2023-05-30,9236
2332,友訊,36,0,36,凱基-虎尾,2023-05-30,9236
00632R,元大台灣50反1,30,0,30,凱基-虎尾,2023-05-30,9236
2323,中環,35,5,30,凱基-虎尾,2023-05-30,9236
2610,華航,76,46,30,凱基-虎尾,2023-05-30,9236
6274,台燿,29,0,29,凱基-虎尾,2023-05-30,9236
2401,凌陽,28,0,28,凱基-虎尾,2023-05-30,9236
00687B,國泰20年美債,25,0,25,凱基-虎尾,2023-05-30,9236
2421,建準,49,27,22,凱基-虎尾,2023-05-30,9236
2356,英業達,33,11,22,凱基-虎尾,2023-05-30,9236
00680L,元大美債20正2,30,10,20,凱基-虎尾,2023-05-30,9236
2409,友達,20,0,20,凱基-虎尾,2023-05-30,9236
2634,漢翔,23,3,20,凱基-虎尾,2023-05-30,9236
00878,國泰永續高股息,20,1,19,凱基-虎尾,2023-05-30,9236
3576,聯合再生,18,0,18,凱基-虎尾,2023-05-30,9236
1460,宏遠,17,0,17,凱基-虎尾,2023-05-30,9236
2302,麗正,17,0,17,凱基-虎尾,2023-05-30,9236
00725B,國泰投資級公司債,16,0,16,凱基-虎尾,2023-05-30,9236
2206,三陽工業,28,12,16,凱基-虎尾,2023-05-30,9236
6150,撼訊,21,5,16,凱基-虎尾,2023-05-30,9236
8033,雷虎,31,15,16,凱基-虎尾,2023-05-30,9236
2420,新巨,15,0,15,凱基-虎尾,2023-05-30,9236
6234,高僑,15,0,15,凱基-虎尾,2023-05-30,9236
8358,金居,18,3,15,凱基-虎尾,2023-05-30,9236
2382,廣達,541,527,14,凱基-虎尾,2023-05-30,9236
1503,士電,19,5,14,凱基-虎尾,2023-05-30,9236
2228,劍麟,14,1,13,凱基-虎尾,2023-05-30,9236
5498,凱崴,15,2,13,凱基-虎尾,2023-05-30,9236
8038,長園科,13,0,13,凱基-虎尾,2023-05-30,9236
6243,迅杰,15,3,12,凱基-虎尾,2023-05-30,9236
3231,緯創,60,48,12,凱基-虎尾,2023-05-30,9236
2834,臺企銀,11,0,11,凱基-虎尾,2023-05-30,9236
00679B,元大美債20年,11,0,11,凱基-虎尾,2023-05-30,9236
00738U,期元大道瓊白銀,10,0,10,凱基-虎尾,2023-05-30,9236
00673R,期元大S＆P原油反1,10,0,10,凱基-虎尾,2023-05-30,9236
1737,臺鹽,10,0,10,凱基-虎尾,2023-05-30,9236
2388,威盛,32,22,10,凱基-虎尾,2023-05-30,9236
2486,一詮,10,0,10,凱基-虎尾,2023-05-30,9236
6015,宏遠證,10,0,10,凱基-虎尾,2023-05-30,9236
6189,豐藝,11,1,10,凱基-虎尾,2023-05-30,9236
6806,森崴能源,10,0,10,凱基-虎尾,2023-05-30,9236
2615,萬海,10,0,10,凱基-虎尾,2023-05-30,9236
2353,宏��,10,1,9,凱基-虎尾,2023-05-30,9236
2891,中信金,10,1,9,凱基-虎尾,2023-05-30,9236
3545,敦泰,15,6,9,凱基-虎尾,2023-05-30,9236
4747,強生,9,0,9,凱基-虎尾,2023-05-30,9236
00715L,期街口布蘭特正2,153,0,153,凱基-虎尾,2023-05-31,9236
3583,辛耘,100,0,100,凱基-虎尾,2023-05-31,9236
2880,華南金,105,5,100,凱基-虎尾,2023-05-31,9236
2883,凱基金,52,0,52,凱基-虎尾,2023-05-31,9236
3481,群創,52,5,47,凱基-虎尾,2023-05-31,9236
00642U,期元大S＆P石油,44,0,44,凱基-虎尾,2023-05-31,9236
6282,康舒,55,16,39,凱基-虎尾,2023-05-31,9236
1101,台泥,32,0,32,凱基-虎尾,2023-05-31,9236
8088,品安,41,10,31,凱基-虎尾,2023-05-31,9236
00882,中信中國高股息,30,0,30,凱基-虎尾,2023-05-31,9236
2392,正崴,28,0,28,凱基-虎尾,2023-05-31,9236
5512,力麒,27,0,27,凱基-虎尾,2023-05-31,9236
5706,鳳凰,25,3,22,凱基-虎尾,2023-05-31,9236
00665L,富邦�琤肭磪囓�2,20,0,20,凱基-虎尾,2023-05-31,9236
2329,華泰,20,0,20,凱基-虎尾,2023-05-31,9236
2365,昆盈,20,0,20,凱基-虎尾,2023-05-31,9236
2489,瑞軒,20,0,20,凱基-虎尾,2023-05-31,9236
3231,緯創,33,16,17,凱基-虎尾,2023-05-31,9236
2317,鴻海,24,8,16,凱基-虎尾,2023-05-31,9236
8940,新天地,16,0,16,凱基-虎尾,2023-05-31,9236
1513,中興電,1514,1500,14,凱基-虎尾,2023-05-31,9236
8038,長園科,15,1,14,凱基-虎尾,2023-05-31,9236
0056,元大高股息,30,17,13,凱基-虎尾,2023-05-31,9236
1905,華紙,13,1,12,凱基-虎尾,2023-05-31,9236
00713,元大台灣高息低波,11,0,11,凱基-虎尾,2023-05-31,9236
2455,全新,35,24,11,凱基-虎尾,2023-05-31,9236
6202,盛群,11,0,11,凱基-虎尾,2023-05-31,9236
6531,愛普*,20,9,11,凱基-虎尾,2023-05-31,9236
2382,廣達,19,9,10,凱基-虎尾,2023-05-31,9236
00635U,期元大S＆P黃金,10,0,10,凱基-虎尾,2023-05-31,9236
2371,大同,71,61,10,凱基-虎尾,2023-05-31,9236
3380,明泰,10,0,10,凱基-虎尾,2023-05-31,9236
4128,中天,10,0,10,凱基-虎尾,2023-05-31,9236
5258,虹堡,10,0,10,凱基-虎尾,2023-05-31,9236
5531,鄉林,10,0,10,凱基-虎尾,2023-05-31,9236
6104,創惟,15,5,10,凱基-虎尾,2023-05-31,9236
2845,遠東銀,9,0,9,凱基-虎尾,2023-05-31,9236
3078,僑威,18,9,9,凱基-虎尾,2023-05-31,9236
6161,捷波,9,0,9,凱基-虎尾,2023-05-31,9236
1460,宏遠,8,0,8,凱基-虎尾,2023-05-31,9236
4967,十銓,39,31,8,凱基-虎尾,2023-05-31,9236
6215,和椿,8,0,8,凱基-虎尾,2023-05-31,9236
8084,巨虹,8,0,8,凱基-虎尾,2023-05-31,9236
00687B,國泰20年美債,7,0,7,凱基-虎尾,2023-05-31,9236
2312,金寶,9,2,7,凱基-虎尾,2023-05-31,9236
2702,華園,7,0,7,凱基-虎尾,2023-05-31,9236
3272,東碩,8,1,7,凱基-虎尾,2023-05-31,9236
3363,上詮,16,9,7,凱基-虎尾,2023-05-31,9236
2609,陽明,12,6,6,凱基-虎尾,2023-05-31,9236
2748,雲品,7,1,6,凱基-虎尾,2023-05-31,9236
1905,華紙,131,12,119,凱基-虎尾,2023-06-01,9236
00715L,期街口布蘭特正2,123,20,103,凱基-虎尾,2023-06-01,9236
2610,華航,689,608,81,凱基-虎尾,2023-06-01,9236
3078,僑威,77,6,71,凱基-虎尾,2023-06-01,9236
1605,華新,76,15,61,凱基-虎尾,2023-06-01,9236
2323,中環,77,19,58,凱基-虎尾,2023-06-01,9236
1101,台泥,34,1,33,凱基-虎尾,2023-06-01,9236
4967,十銓,34,1,33,凱基-虎尾,2023-06-01,9236
6180,橘子,36,3,33,凱基-虎尾,2023-06-01,9236
2421,建準,40,8,32,凱基-虎尾,2023-06-01,9236
00665L,富邦�琤肭磪囓�2,30,0,30,凱基-虎尾,2023-06-01,9236
2888,新光金,29,2,27,凱基-虎尾,2023-06-01,9236
6160,欣技,32,8,24,凱基-虎尾,2023-06-01,9236
6288,聯嘉,25,1,24,凱基-虎尾,2023-06-01,9236
2331,精英,31,8,23,凱基-虎尾,2023-06-01,9236
1612,宏泰,23,0,23,凱基-虎尾,2023-06-01,9236
4564,元翎,31,9,22,凱基-虎尾,2023-06-01,9236
2618,長榮航,329,307,22,凱基-虎尾,2023-06-01,9236
5258,虹堡,26,5,21,凱基-虎尾,2023-06-01,9236
3231,緯創,69,49,20,凱基-虎尾,2023-06-01,9236
2356,英業達,24,4,20,凱基-虎尾,2023-06-01,9236
1310,台苯,20,0,20,凱基-虎尾,2023-06-01,9236
2302,麗正,27,7,20,凱基-虎尾,2023-06-01,9236
6190,萬泰科,107,87,20,凱基-虎尾,2023-06-01,9236
9919,康那香,20,0,20,凱基-虎尾,2023-06-01,9236
1907,永豐餘,35,16,19,凱基-虎尾,2023-06-01,9236
4130,健亞,20,1,19,凱基-虎尾,2023-06-01,9236
1734,杏輝,20,2,18,凱基-虎尾,2023-06-01,9236
3027,盛達,18,0,18,凱基-虎尾,2023-06-01,9236
3189,景碩,21,3,18,凱基-虎尾,2023-06-01,9236
3013,晟銘電,15,0,15,凱基-虎尾,2023-06-01,9236
6235,華孚,22,7,15,凱基-虎尾,2023-06-01,9236
3481,群創,14,0,14,凱基-虎尾,2023-06-01,9236
6509,聚和,16,2,14,凱基-虎尾,2023-06-01,9236
4979,華星光,21,8,13,凱基-虎尾,2023-06-01,9236
00713,元大台灣高息低波,12,0,12,凱基-虎尾,2023-06-01,9236
5009,榮剛,15,3,12,凱基-虎尾,2023-06-01,9236
2388,威盛,13,1,12,凱基-虎尾,2023-06-01,9236
2408,南亞科,14,2,12,凱基-虎尾,2023-06-01,9236
2913,農林,16,4,12,凱基-虎尾,2023-06-01,9236
6026,福邦證,12,0,12,凱基-虎尾,2023-06-01,9236
00882,中信中國高股息,11,0,11,凱基-虎尾,2023-06-01,9236
0056,元大高股息,11,0,11,凱基-虎尾,2023-06-01,9236
1608,華榮,11,0,11,凱基-虎尾,2023-06-01,9236
1795,美時,11,0,11,凱基-虎尾,2023-06-01,9236
2457,飛宏,26,15,11,凱基-虎尾,2023-06-01,9236
3701,大眾控,13,2,11,凱基-虎尾,2023-06-01,9236
1904,正隆,53,43,10,凱基-虎尾,2023-06-01,9236
1909,榮成,10,0,10,凱基-虎尾,2023-06-01,9236
6142,友勁,10,0,10,凱基-虎尾,2023-06-01,9236
00632R,元大台灣50反1,81,0,81,凱基-虎尾,2023-06-02,9236
3231,緯創,945,874,71,凱基-虎尾,2023-06-02,9236
00882,中信中國高股息,63,2,61,凱基-虎尾,2023-06-02,9236
0056,元大高股息,56,5,51,凱基-虎尾,2023-06-02,9236
00900,富邦特選高股息30,50,0,50,凱基-虎尾,2023-06-02,9236
00680L,元大美債20正2,250,200,50,凱基-虎尾,2023-06-02,9236
2344,華邦電,187,146,41,凱基-虎尾,2023-06-02,9236
2409,友達,41,2,39,凱基-虎尾,2023-06-02,9236
2399,映泰,37,1,36,凱基-虎尾,2023-06-02,9236
2359,所羅門,76,46,30,凱基-虎尾,2023-06-02,9236
2413,環科,29,0,29,凱基-虎尾,2023-06-02,9236
00715L,期街口布蘭特正2,30,3,27,凱基-虎尾,2023-06-02,9236
3022,威強電,30,3,27,凱基-虎尾,2023-06-02,9236
3591,艾笛森,25,0,25,凱基-虎尾,2023-06-02,9236
2603,長榮,24,0,24,凱基-虎尾,2023-06-02,9236
6282,康舒,60,37,23,凱基-虎尾,2023-06-02,9236
1717,長興,23,0,23,凱基-虎尾,2023-06-02,9236
6122,擎邦,22,0,22,凱基-虎尾,2023-06-02,9236
6167,久正,174,152,22,凱基-虎尾,2023-06-02,9236
6275,元山,21,0,21,凱基-虎尾,2023-06-02,9236
3232,昱捷,20,0,20,凱基-虎尾,2023-06-02,9236
4541,晟田,21,2,19,凱基-虎尾,2023-06-02,9236
00753L,中信中國50正2,36,20,16,凱基-虎尾,2023-06-02,9236
6180,橘子,16,0,16,凱基-虎尾,2023-06-02,9236
1503,士電,193,178,15,凱基-虎尾,2023-06-02,9236
2484,希華,15,0,15,凱基-虎尾,2023-06-02,9236
3576,聯合再生,14,0,14,凱基-虎尾,2023-06-02,9236
00772B,中信高評級公司債,14,0,14,凱基-虎尾,2023-06-02,9236
1519,華城,31,17,14,凱基-虎尾,2023-06-02,9236
2329,華泰,14,0,14,凱基-虎尾,2023-06-02,9236
2453,凌群,14,0,14,凱基-虎尾,2023-06-02,9236
3032,偉訓,18,4,14,凱基-虎尾,2023-06-02,9236
8021,尖點,14,0,14,凱基-虎尾,2023-06-02,9236
00919,群益台灣精選高息,13,0,13,凱基-虎尾,2023-06-02,9236
3265,台星科,16,3,13,凱基-虎尾,2023-06-02,9236
2371,大同,42,30,12,凱基-虎尾,2023-06-02,9236
2471,資通,25,13,12,凱基-虎尾,2023-06-02,9236
3630,新鉅科,12,0,12,凱基-虎尾,2023-06-02,9236
8215,明基材,14,2,12,凱基-虎尾,2023-06-02,9236
3037,欣興,11,0,11,凱基-虎尾,2023-06-02,9236
4967,十銓,18,7,11,凱基-虎尾,2023-06-02,9236
6274,台燿,11,0,11,凱基-虎尾,2023-06-02,9236
6461,益得,13,2,11,凱基-虎尾,2023-06-02,9236
2356,英業達,39,28,11,凱基-虎尾,2023-06-02,9236
6535,順藥,10,0,10,凱基-虎尾,2023-06-02,9236
2382,廣達,19,9,10,凱基-虎尾,2023-06-02,9236
1785,光洋科,10,0,10,凱基-虎尾,2023-06-02,9236
2425,承啟,43,33,10,凱基-虎尾,2023-06-02,9236
3006,晶豪科,11,1,10,凱基-虎尾,2023-06-02,9236
5324,士開,10,0,10,凱基-虎尾,2023-06-02,9236
2409,友達,940,418,522,凱基-虎尾,2023-06-05,9236
2887,台新金,3295,2801,494,凱基-虎尾,2023-06-05,9236
1608,華榮,103,3,100,凱基-虎尾,2023-06-05,9236
2913,農林,102,23,79,凱基-虎尾,2023-06-05,9236
00632R,元大台灣50反1,77,0,77,凱基-虎尾,2023-06-05,9236
5009,榮剛,85,9,76,凱基-虎尾,2023-06-05,9236
6188,廣明,76,0,76,凱基-虎尾,2023-06-05,9236
2883,凱基金,8081,8010,71,凱基-虎尾,2023-06-05,9236
00673R,期元大S＆P原油反1,63,0,63,凱基-虎尾,2023-06-05,9236
2201,裕隆,51,0,51,凱基-虎尾,2023-06-05,9236
6548,長科*,41,1,40,凱基-虎尾,2023-06-05,9236
8105,凌巨,40,0,40,凱基-虎尾,2023-06-05,9236
2208,台船,38,0,38,凱基-虎尾,2023-06-05,9236
1529,樂事綠能,41,5,36,凱基-虎尾,2023-06-05,9236
1802,台玻,34,0,34,凱基-虎尾,2023-06-05,9236
6026,福邦證,54,20,34,凱基-虎尾,2023-06-05,9236
2888,新光金,200,166,34,凱基-虎尾,2023-06-05,9236
2515,中工,45,12,33,凱基-虎尾,2023-06-05,9236
6116,彩晶,69,37,32,凱基-虎尾,2023-06-05,9236
3704,合勤控,32,1,31,凱基-虎尾,2023-06-05,9236
6015,宏遠證,34,5,29,凱基-虎尾,2023-06-05,9236
3594,磐儀,27,0,27,凱基-虎尾,2023-06-05,9236
6218,豪勉,27,2,25,凱基-虎尾,2023-06-05,9236
00857B,永豐20年美公債,25,0,25,凱基-虎尾,2023-06-05,9236
2329,華泰,49,24,25,凱基-虎尾,2023-06-05,9236
2495,普安,25,0,25,凱基-虎尾,2023-06-05,9236
3038,全台,23,0,23,凱基-虎尾,2023-06-05,9236
4934,太極,28,5,23,凱基-虎尾,2023-06-05,9236
1310,台苯,22,0,22,凱基-虎尾,2023-06-05,9236
00878,國泰永續高股息,28,7,21,凱基-虎尾,2023-06-05,9236
1514,亞力,61,40,21,凱基-虎尾,2023-06-05,9236
1904,正隆,21,0,21,凱基-虎尾,2023-06-05,9236
2851,中再保,22,1,21,凱基-虎尾,2023-06-05,9236
6191,精成科,21,0,21,凱基-虎尾,2023-06-05,9236
00688L,國泰20年美債正2,20,0,20,凱基-虎尾,2023-06-05,9236
1710,東聯,20,0,20,凱基-虎尾,2023-06-05,9236
4906,正文,144,124,20,凱基-虎尾,2023-06-05,9236
6266,泰詠,21,1,20,凱基-虎尾,2023-06-05,9236
4541,晟田,29,10,19,凱基-虎尾,2023-06-05,9236
1584,精剛,37,21,16,凱基-虎尾,2023-06-05,9236
1785,光洋科,18,2,16,凱基-虎尾,2023-06-05,9236
2340,台亞,16,0,16,凱基-虎尾,2023-06-05,9236
4931,新盛力,23,7,16,凱基-虎尾,2023-06-05,9236
5457,宣德,16,0,16,凱基-虎尾,2023-06-05,9236
8033,雷虎,27,11,16,凱基-虎尾,2023-06-05,9236
1319,東陽,15,0,15,凱基-虎尾,2023-06-05,9236
00669R,國泰美國道瓊反1,15,0,15,凱基-虎尾,2023-06-05,9236
2399,映泰,51,36,15,凱基-虎尾,2023-06-05,9236
2468,華經,15,0,15,凱基-虎尾,2023-06-05,9236
3338,泰碩,16,1,15,凱基-虎尾,2023-06-05,9236
2603,長榮,1997,529,1468,凱基-虎尾,2023-06-06,9236
6282,康舒,105,40,65,凱基-虎尾,2023-06-06,9236
5531,鄉林,48,0,48,凱基-虎尾,2023-06-06,9236
3047,訊舟,298,251,47,凱基-虎尾,2023-06-06,9236
2706,第一店,49,5,44,凱基-虎尾,2023-06-06,9236
8926,台汽電,44,0,44,凱基-虎尾,2023-06-06,9236
2402,毅嘉,56,13,43,凱基-虎尾,2023-06-06,9236
5351,鈺創,36,0,36,凱基-虎尾,2023-06-06,9236
00632R,元大台灣50反1,35,0,35,凱基-虎尾,2023-06-06,9236
00673R,期元大S＆P原油反1,32,0,32,凱基-虎尾,2023-06-06,9236
1711,永光,36,4,32,凱基-虎尾,2023-06-06,9236
00679B,元大美債20年,29,0,29,凱基-虎尾,2023-06-06,9236
2393,億光,30,1,29,凱基-虎尾,2023-06-06,9236
4121,優盛,42,13,29,凱基-虎尾,2023-06-06,9236
5905,南仁湖,23,0,23,凱基-虎尾,2023-06-06,9236
2423,固緯,20,0,20,凱基-虎尾,2023-06-06,9236
2739,寒舍,20,0,20,凱基-虎尾,2023-06-06,9236
2905,三商,20,0,20,凱基-虎尾,2023-06-06,9236
3346,麗清,18,0,18,凱基-虎尾,2023-06-06,9236
00919,群益台灣精選高息,17,0,17,凱基-虎尾,2023-06-06,9236
1905,華紙,33,16,17,凱基-虎尾,2023-06-06,9236
2615,萬海,17,0,17,凱基-虎尾,2023-06-06,9236
2606,裕民,16,0,16,凱基-虎尾,2023-06-06,9236
3027,盛達,17,1,16,凱基-虎尾,2023-06-06,9236
1529,樂事綠能,19,4,15,凱基-虎尾,2023-06-06,9236
00857B,永豐20年美公債,15,0,15,凱基-虎尾,2023-06-06,9236
3693,營邦,15,0,15,凱基-虎尾,2023-06-06,9236
4161,聿新科,15,0,15,凱基-虎尾,2023-06-06,9236
2722,夏都,15,0,15,凱基-虎尾,2023-06-06,9236
3711,日月光投控,78,63,15,凱基-虎尾,2023-06-06,9236
4175,杏一,14,0,14,凱基-虎尾,2023-06-06,9236
5328,華容,14,0,14,凱基-虎尾,2023-06-06,9236
2618,長榮航,27,14,13,凱基-虎尾,2023-06-06,9236
4977,眾達-KY,19,6,13,凱基-虎尾,2023-06-06,9236
1514,亞力,21,9,12,凱基-虎尾,2023-06-06,9236
5222,全訊,12,0,12,凱基-虎尾,2023-06-06,9236
1528,恩德,12,0,12,凱基-虎尾,2023-06-06,9236
3037,欣興,1010,999,11,凱基-虎尾,2023-06-06,9236
1806,冠軍,13,2,11,凱基-虎尾,2023-06-06,9236
3017,奇鋐,16,5,11,凱基-虎尾,2023-06-06,9236
5864,致和證,11,0,11,凱基-虎尾,2023-06-06,9236
1503,士電,24,14,10,凱基-虎尾,2023-06-06,9236
1710,東聯,25,15,10,凱基-虎尾,2023-06-06,9236
5386,青雲,10,0,10,凱基-虎尾,2023-06-06,9236
6122,擎邦,14,4,10,凱基-虎尾,2023-06-06,9236
6203,海韻電,12,2,10,凱基-虎尾,2023-06-06,9236
8938,明安,11,1,10,凱基-虎尾,2023-06-06,9236
2636,台驊控股,9,0,9,凱基-虎尾,2023-06-06,9236
5236,凌陽創新,9,0,9,凱基-虎尾,2023-06-06,9236
6269,台郡,12,3,9,凱基-虎尾,2023-06-06,9236
6244,茂迪,109,3,106,凱基-虎尾,2023-06-07,9236
2368,金像電,95,8,87,凱基-虎尾,2023-06-07,9236
00882,中信中國高股息,86,0,86,凱基-虎尾,2023-06-07,9236
5864,致和證,83,0,83,凱基-虎尾,2023-06-07,9236
1608,華榮,51,7,44,凱基-虎尾,2023-06-07,9236
2705,六福,49,5,44,凱基-虎尾,2023-06-07,9236
2402,毅嘉,44,4,40,凱基-虎尾,2023-06-07,9236
2382,廣達,200,160,40,凱基-虎尾,2023-06-07,9236
5258,虹堡,39,2,37,凱基-虎尾,2023-06-07,9236
2442,新美齊,36,0,36,凱基-虎尾,2023-06-07,9236
1618,合機,56,21,35,凱基-虎尾,2023-06-07,9236
5351,鈺創,34,0,34,凱基-虎尾,2023-06-07,9236
2328,廣宇,32,0,32,凱基-虎尾,2023-06-07,9236
6235,華孚,30,0,30,凱基-虎尾,2023-06-07,9236
1504,東元,62,32,30,凱基-虎尾,2023-06-07,9236
3231,緯創,68,38,30,凱基-虎尾,2023-06-07,9236
5328,華容,28,0,28,凱基-虎尾,2023-06-07,9236
8038,長園科,30,2,28,凱基-虎尾,2023-06-07,9236
3003,健和興,28,1,27,凱基-虎尾,2023-06-07,9236
8033,雷虎,34,7,27,凱基-虎尾,2023-06-07,9236
1785,光洋科,28,2,26,凱基-虎尾,2023-06-07,9236
8076,伍豐,31,5,26,凱基-虎尾,2023-06-07,9236
3703,欣陸,24,0,24,凱基-虎尾,2023-06-07,9236
2618,長榮航,26,3,23,凱基-虎尾,2023-06-07,9236
2913,農林,23,0,23,凱基-虎尾,2023-06-07,9236
2739,寒舍,21,0,21,凱基-虎尾,2023-06-07,9236
4950,牧東,21,0,21,凱基-虎尾,2023-06-07,9236
00673R,期元大S＆P原油反1,20,0,20,凱基-虎尾,2023-06-07,9236
2851,中再保,20,0,20,凱基-虎尾,2023-06-07,9236
2883,凱基金,20,0,20,凱基-虎尾,2023-06-07,9236
4956,光鋐,20,0,20,凱基-虎尾,2023-06-07,9236
3105,穩懋,25,7,18,凱基-虎尾,2023-06-07,9236
3325,旭品,24,6,18,凱基-虎尾,2023-06-07,9236
3338,泰碩,18,0,18,凱基-虎尾,2023-06-07,9236
4503,金雨,18,0,18,凱基-虎尾,2023-06-07,9236
8027,鈦昇,19,1,18,凱基-虎尾,2023-06-07,9236
3071,協禧,141,124,17,凱基-虎尾,2023-06-07,9236
3305,昇貿,14,0,14,凱基-虎尾,2023-06-07,9236
1612,宏泰,18,5,13,凱基-虎尾,2023-06-07,9236
3594,磐儀,13,0,13,凱基-虎尾,2023-06-07,9236
6187,萬潤,23,10,13,凱基-虎尾,2023-06-07,9236
8940,新天地,15,2,13,凱基-虎尾,2023-06-07,9236
2748,雲品,14,1,13,凱基-虎尾,2023-06-07,9236
3511,矽瑪,12,0,12,凱基-虎尾,2023-06-07,9236
4564,元翎,14,2,12,凱基-虎尾,2023-06-07,9236
4960,誠美材,22,10,12,凱基-虎尾,2023-06-07,9236
6175,立敦,12,0,12,凱基-虎尾,2023-06-07,9236
6282,康舒,18,6,12,凱基-虎尾,2023-06-07,9236
2421,建準,22,11,11,凱基-虎尾,2023-06-07,9236
2634,漢翔,18,7,11,凱基-虎尾,2023-06-07,9236
2611,志信,89,6,83,凱基-虎尾,2023-06-08,9236
2610,華航,82,9,73,凱基-虎尾,2023-06-08,9236
00680L,元大美債20正2,70,0,70,凱基-虎尾,2023-06-08,9236
3011,今皓,50,1,49,凱基-虎尾,2023-06-08,9236
2402,毅嘉,223,181,42,凱基-虎尾,2023-06-08,9236
00679B,元大美債20年,39,0,39,凱基-虎尾,2023-06-08,9236
4161,聿新科,37,1,36,凱基-虎尾,2023-06-08,9236
4931,新盛力,40,5,35,凱基-虎尾,2023-06-08,9236
2399,映泰,33,0,33,凱基-虎尾,2023-06-08,9236
2482,連宇,39,7,32,凱基-虎尾,2023-06-08,9236
1711,永光,30,0,30,凱基-虎尾,2023-06-08,9236
1104,環泥,34,5,29,凱基-虎尾,2023-06-08,9236
00687B,國泰20年美債,29,0,29,凱基-虎尾,2023-06-08,9236
2615,萬海,50,22,28,凱基-虎尾,2023-06-08,9236
5512,力麒,28,0,28,凱基-虎尾,2023-06-08,9236
4938,和碩,28,1,27,凱基-虎尾,2023-06-08,9236
6190,萬泰科,31,6,25,凱基-虎尾,2023-06-08,9236
8215,明基材,30,6,24,凱基-虎尾,2023-06-08,9236
8234,新漢,24,0,24,凱基-虎尾,2023-06-08,9236
2706,第一店,37,14,23,凱基-虎尾,2023-06-08,9236
5328,華容,23,0,23,凱基-虎尾,2023-06-08,9236
1710,東聯,26,4,22,凱基-虎尾,2023-06-08,9236
00751B,元大AAA至A公司債,21,0,21,凱基-虎尾,2023-06-08,9236
2913,農林,20,0,20,凱基-虎尾,2023-06-08,9236
3022,威強電,20,0,20,凱基-虎尾,2023-06-08,9236
2702,華園,20,1,19,凱基-虎尾,2023-06-08,9236
00720B,元大投資級公司債,17,0,17,凱基-虎尾,2023-06-08,9236
2606,裕民,16,1,15,凱基-虎尾,2023-06-08,9236
5009,榮剛,24,9,15,凱基-虎尾,2023-06-08,9236
3231,緯創,21,7,14,凱基-虎尾,2023-06-08,9236
2441,超豐,14,0,14,凱基-虎尾,2023-06-08,9236
2881,富邦金,14,0,14,凱基-虎尾,2023-06-08,9236
00919,群益台灣精選高息,13,0,13,凱基-虎尾,2023-06-08,9236
2739,寒舍,21,8,13,凱基-虎尾,2023-06-08,9236
4728,雙美,13,0,13,凱基-虎尾,2023-06-08,9236
6532,瑞耘,22,9,13,凱基-虎尾,2023-06-08,9236
3515,華擎,15,2,13,凱基-虎尾,2023-06-08,9236
2344,華邦電,21,9,12,凱基-虎尾,2023-06-08,9236
2618,長榮航,49,37,12,凱基-虎尾,2023-06-08,9236
2002,中鋼,11,0,11,凱基-虎尾,2023-06-08,9236
2483,百容,11,0,11,凱基-虎尾,2023-06-08,9236
4108,懷特,11,0,11,凱基-虎尾,2023-06-08,9236
4960,誠美材,33,22,11,凱基-虎尾,2023-06-08,9236
2891,中信金,11,0,11,凱基-虎尾,2023-06-08,9236
00773B,中信優先金融債,10,0,10,凱基-虎尾,2023-06-08,9236
00885,富邦越南,10,0,10,凱基-虎尾,2023-06-08,9236
1603,華電,10,0,10,凱基-虎尾,2023-06-08,9236
2034,允強,10,0,10,凱基-虎尾,2023-06-08,9236
3705,永信,10,0,10,凱基-虎尾,2023-06-08,9236
6142,友勁,10,0,10,凱基-虎尾,2023-06-08,9236
2344,華邦電,102,2,100,凱基-虎尾,2023-06-09,9236
2515,中工,78,19,59,凱基-虎尾,2023-06-09,9236
2905,三商,49,0,49,凱基-虎尾,2023-06-09,9236
1605,華新,44,2,42,凱基-虎尾,2023-06-09,9236
00715L,期街口布蘭特正2,37,1,36,凱基-虎尾,2023-06-09,9236
3032,偉訓,73,38,35,凱基-虎尾,2023-06-09,9236
00712,復華富時不動產,33,0,33,凱基-虎尾,2023-06-09,9236
00912,中信臺灣智慧50,30,0,30,凱基-虎尾,2023-06-09,9236
5469,瀚宇博,31,2,29,凱基-虎尾,2023-06-09,9236
00878,國泰永續高股息,31,3,28,凱基-虎尾,2023-06-09,9236
8091,翔名,28,0,28,凱基-虎尾,2023-06-09,9236
00673R,期元大S＆P原油反1,27,0,27,凱基-虎尾,2023-06-09,9236
2913,農林,27,1,26,凱基-虎尾,2023-06-09,9236
3058,立德,26,1,25,凱基-虎尾,2023-06-09,9236
6411,晶焱,25,0,25,凱基-虎尾,2023-06-09,9236
2482,連宇,49,25,24,凱基-虎尾,2023-06-09,9236
6282,康舒,32,8,24,凱基-虎尾,2023-06-09,9236
3105,穩懋,25,2,23,凱基-虎尾,2023-06-09,9236
2371,大同,23,1,22,凱基-虎尾,2023-06-09,9236
3380,明泰,99,77,22,凱基-虎尾,2023-06-09,9236
5328,華容,21,0,21,凱基-虎尾,2023-06-09,9236
6806,森崴能源,21,0,21,凱基-虎尾,2023-06-09,9236
5531,鄉林,20,0,20,凱基-虎尾,2023-06-09,9236
1307,三芳,20,0,20,凱基-虎尾,2023-06-09,9236
00637L,元大滬深300正2,21,2,19,凱基-虎尾,2023-06-09,9236
2409,友達,20,1,19,凱基-虎尾,2023-06-09,9236
3346,麗清,19,0,19,凱基-虎尾,2023-06-09,9236
3706,神達,25,6,19,凱基-虎尾,2023-06-09,9236
8936,國統,19,0,19,凱基-虎尾,2023-06-09,9236
5425,台半,27,9,18,凱基-虎尾,2023-06-09,9236
4114,健喬,19,1,18,凱基-虎尾,2023-06-09,9236
3306,鼎天,22,5,17,凱基-虎尾,2023-06-09,9236
1815,富喬,18,2,16,凱基-虎尾,2023-06-09,9236
3265,台星科,17,1,16,凱基-虎尾,2023-06-09,9236
3356,奇偶,17,1,16,凱基-虎尾,2023-06-09,9236
1504,東元,33,17,16,凱基-虎尾,2023-06-09,9236
2303,聯電,23,7,16,凱基-虎尾,2023-06-09,9236
6125,廣運,30,15,15,凱基-虎尾,2023-06-09,9236
1101,台泥,18,3,15,凱基-虎尾,2023-06-09,9236
8289,泰藝,15,0,15,凱基-虎尾,2023-06-09,9236
2387,精元,14,0,14,凱基-虎尾,2023-06-09,9236
2478,大毅,14,0,14,凱基-虎尾,2023-06-09,9236
3374,精材,25,11,14,凱基-虎尾,2023-06-09,9236
6148,驊宏資,14,0,14,凱基-虎尾,2023-06-09,9236
6160,欣技,14,0,14,凱基-虎尾,2023-06-09,9236
1752,南光,15,1,14,凱基-虎尾,2023-06-09,9236
3003,健和興,16,3,13,凱基-虎尾,2023-06-09,9236
3594,磐儀,13,0,13,凱基-虎尾,2023-06-09,9236
4938,和碩,40,28,12,凱基-虎尾,2023-06-09,9236
1905,華紙,11,0,11,凱基-虎尾,2023-06-09,9236
1584,精剛,101,0,101,凱基-虎尾,2023-06-12,9236
6122,擎邦,77,10,67,凱基-虎尾,2023-06-12,9236
00929,復華台灣科技優息,74,13,61,凱基-虎尾,2023-06-12,9236
00715L,期街口布蘭特正2,58,1,57,凱基-虎尾,2023-06-12,9236
5328,華容,52,0,52,凱基-虎尾,2023-06-12,9236
2328,廣宇,52,1,51,凱基-虎尾,2023-06-12,9236
2371,大同,56,8,48,凱基-虎尾,2023-06-12,9236
2618,長榮航,50,8,42,凱基-虎尾,2023-06-12,9236
2421,建準,76,35,41,凱基-虎尾,2023-06-12,9236
6167,久正,170,129,41,凱基-虎尾,2023-06-12,9236
2317,鴻海,127,87,40,凱基-虎尾,2023-06-12,9236
1460,宏遠,40,0,40,凱基-虎尾,2023-06-12,9236
2443,昶虹,38,0,38,凱基-虎尾,2023-06-12,9236
00712,復華富時不動產,32,0,32,凱基-虎尾,2023-06-12,9236
00891,中信關鍵半導體,30,2,28,凱基-虎尾,2023-06-12,9236
3356,奇偶,46,20,26,凱基-虎尾,2023-06-12,9236
3231,緯創,111,86,25,凱基-虎尾,2023-06-12,9236
1104,環泥,25,1,24,凱基-虎尾,2023-06-12,9236
2905,三商,24,0,24,凱基-虎尾,2023-06-12,9236
2495,普安,23,0,23,凱基-虎尾,2023-06-12,9236
00720B,元大投資級公司債,22,0,22,凱基-虎尾,2023-06-12,9236
00632R,元大台灣50反1,21,0,21,凱基-虎尾,2023-06-12,9236
00642U,期元大S＆P石油,21,0,21,凱基-虎尾,2023-06-12,9236
2340,台亞,22,1,21,凱基-虎尾,2023-06-12,9236
2312,金寶,21,2,19,凱基-虎尾,2023-06-12,9236
2705,六福,20,2,18,凱基-虎尾,2023-06-12,9236
2482,連宇,27,10,17,凱基-虎尾,2023-06-12,9236
6126,信音,28,11,17,凱基-虎尾,2023-06-12,9236
8038,長園科,20,3,17,凱基-虎尾,2023-06-12,9236
8222,寶一,19,2,17,凱基-虎尾,2023-06-12,9236
5009,榮剛,22,6,16,凱基-虎尾,2023-06-12,9236
4977,眾達-KY,21,5,16,凱基-虎尾,2023-06-12,9236
8021,尖點,16,0,16,凱基-虎尾,2023-06-12,9236
00713,元大台灣高息低波,15,0,15,凱基-虎尾,2023-06-12,9236
00928,中信上櫃ESG30,15,0,15,凱基-虎尾,2023-06-12,9236
3707,漢磊,13,0,13,凱基-虎尾,2023-06-12,9236
6166,凌華,15,2,13,凱基-虎尾,2023-06-12,9236
1529,樂事綠能,24,12,12,凱基-虎尾,2023-06-12,9236
2101,南港,12,0,12,凱基-虎尾,2023-06-12,9236
2610,華航,42,30,12,凱基-虎尾,2023-06-12,9236
2408,南亞科,11,0,11,凱基-虎尾,2023-06-12,9236
6203,海韻電,13,3,10,凱基-虎尾,2023-06-12,9236
1515,力山,10,0,10,凱基-虎尾,2023-06-12,9236
1618,合機,10,0,10,凱基-虎尾,2023-06-12,9236
2034,允強,10,0,10,凱基-虎尾,2023-06-12,9236
2208,台船,10,0,10,凱基-虎尾,2023-06-12,9236
2890,永豐金,12,2,10,凱基-虎尾,2023-06-12,9236
3128,昇銳,13,3,10,凱基-虎尾,2023-06-12,9236
3705,永信,10,0,10,凱基-虎尾,2023-06-12,9236
5410,國眾,10,0,10,凱基-虎尾,2023-06-12,9236
00715L,期街口布蘭特正2,189,0,189,凱基-虎尾,2023-06-13,9236
00632R,元大台灣50反1,142,50,92,凱基-虎尾,2023-06-13,9236
6122,擎邦,75,3,72,凱基-虎尾,2023-06-13,9236
2883,凱基金,62,2,60,凱基-虎尾,2023-06-13,9236
2482,連宇,80,27,53,凱基-虎尾,2023-06-13,9236
00882,中信中國高股息,54,2,52,凱基-虎尾,2023-06-13,9236
2399,映泰,50,0,50,凱基-虎尾,2023-06-13,9236
2630,亞航,51,4,47,凱基-虎尾,2023-06-13,9236
5905,南仁湖,42,0,42,凱基-虎尾,2023-06-13,9236
5328,華容,40,0,40,凱基-虎尾,2023-06-13,9236
6209,今國光,40,0,40,凱基-虎尾,2023-06-13,9236
2356,英業達,242,208,34,凱基-虎尾,2023-06-13,9236
6116,彩晶,63,30,33,凱基-虎尾,2023-06-13,9236
2489,瑞軒,32,2,30,凱基-虎尾,2023-06-13,9236
1319,東陽,36,6,30,凱基-虎尾,2023-06-13,9236
2610,華航,245,217,28,凱基-虎尾,2023-06-13,9236
1524,耿鼎,35,7,28,凱基-虎尾,2023-06-13,9236
00637L,元大滬深300正2,30,3,27,凱基-虎尾,2023-06-13,9236
00919,群益台灣精選高息,26,0,26,凱基-虎尾,2023-06-13,9236
2312,金寶,27,1,26,凱基-虎尾,2023-06-13,9236
2882,國泰金,26,0,26,凱基-虎尾,2023-06-13,9236
3363,上詮,31,5,26,凱基-虎尾,2023-06-13,9236
8215,明基材,25,0,25,凱基-虎尾,2023-06-13,9236
3058,立德,24,0,24,凱基-虎尾,2023-06-13,9236
5009,榮剛,22,0,22,凱基-虎尾,2023-06-13,9236
00929,復華台灣科技優息,26,5,21,凱基-虎尾,2023-06-13,9236
3325,旭品,22,1,21,凱基-虎尾,2023-06-13,9236
3013,晟銘電,21,1,20,凱基-虎尾,2023-06-13,9236
6218,豪勉,29,9,20,凱基-虎尾,2023-06-13,9236
3046,建��,31,11,20,凱基-虎尾,2023-06-13,9236
1522,堤維西,32,12,20,凱基-虎尾,2023-06-13,9236
00712,復華富時不動產,19,0,19,凱基-虎尾,2023-06-13,9236
8088,品安,20,1,19,凱基-虎尾,2023-06-13,9236
2206,三陽工業,36,18,18,凱基-虎尾,2023-06-13,9236
00642U,期元大S＆P石油,18,0,18,凱基-虎尾,2023-06-13,9236
2888,新光金,28,13,15,凱基-虎尾,2023-06-13,9236
1802,台玻,17,2,15,凱基-虎尾,2023-06-13,9236
1903,士紙,19,4,15,凱基-虎尾,2023-06-13,9236
2337,旺宏,16,1,15,凱基-虎尾,2023-06-13,9236
6016,康和證,30,15,15,凱基-虎尾,2023-06-13,9236
6129,普誠,30,15,15,凱基-虎尾,2023-06-13,9236
3032,偉訓,16,2,14,凱基-虎尾,2023-06-13,9236
3587,閎康,13,0,13,凱基-虎尾,2023-06-13,9236
9945,潤泰新,16,3,13,凱基-虎尾,2023-06-13,9236
1789,神隆,12,0,12,凱基-虎尾,2023-06-13,9236
3264,欣銓,32,20,12,凱基-虎尾,2023-06-13,9236
5465,富驊,17,5,12,凱基-虎尾,2023-06-13,9236
6535,順藥,12,0,12,凱基-虎尾,2023-06-13,9236
1515,力山,12,1,11,凱基-虎尾,2023-06-13,9236
2359,所羅門,11,0,11,凱基-虎尾,2023-06-13,9236
3058,立德,132,29,103,凱基-虎尾,2023-06-14,9236
00712,復華富時不動產,65,0,65,凱基-虎尾,2023-06-14,9236
00673R,期元大S＆P原油反1,55,0,55,凱基-虎尾,2023-06-14,9236
3356,奇偶,53,2,51,凱基-虎尾,2023-06-14,9236
3583,辛耘,58,8,50,凱基-虎尾,2023-06-14,9236
3128,昇銳,47,2,45,凱基-虎尾,2023-06-14,9236
5439,高技,45,2,43,凱基-虎尾,2023-06-14,9236
3707,漢磊,45,3,42,凱基-虎尾,2023-06-14,9236
4533,協易機,78,36,42,凱基-虎尾,2023-06-14,9236
00919,群益台灣精選高息,38,0,38,凱基-虎尾,2023-06-14,9236
8446,華研,42,5,37,凱基-虎尾,2023-06-14,9236
2409,友達,36,0,36,凱基-虎尾,2023-06-14,9236
3704,合勤控,35,1,34,凱基-虎尾,2023-06-14,9236
00715L,期街口布蘭特正2,45,13,32,凱基-虎尾,2023-06-14,9236
2329,華泰,34,6,28,凱基-虎尾,2023-06-14,9236
3374,精材,29,1,28,凱基-虎尾,2023-06-14,9236
1785,光洋科,36,10,26,凱基-虎尾,2023-06-14,9236
4906,正文,269,247,22,凱基-虎尾,2023-06-14,9236
2801,彰銀,22,0,22,凱基-虎尾,2023-06-14,9236
2405,輔信,28,7,21,凱基-虎尾,2023-06-14,9236
6234,高僑,20,0,20,凱基-虎尾,2023-06-14,9236
1609,大亞,20,1,19,凱基-虎尾,2023-06-14,9236
2471,資通,21,5,16,凱基-虎尾,2023-06-14,9236
1529,樂事綠能,18,3,15,凱基-虎尾,2023-06-14,9236
2610,華航,10778,10764,14,凱基-虎尾,2023-06-14,9236
1539,巨庭,14,0,14,凱基-虎尾,2023-06-14,9236
5443,均豪,15,1,14,凱基-虎尾,2023-06-14,9236
1905,華紙,15,2,13,凱基-虎尾,2023-06-14,9236
3715,定穎投控,14,1,13,凱基-虎尾,2023-06-14,9236
2337,旺宏,12,0,12,凱基-虎尾,2023-06-14,9236
2888,新光金,32,20,12,凱基-虎尾,2023-06-14,9236
3481,群創,17,5,12,凱基-虎尾,2023-06-14,9236
6279,胡連,18,6,12,凱基-虎尾,2023-06-14,9236
3033,威健,12,1,11,凱基-虎尾,2023-06-14,9236
6182,合晶,18,7,11,凱基-虎尾,2023-06-14,9236
00905,FT臺灣Smart,10,0,10,凱基-虎尾,2023-06-14,9236
00753L,中信中國50正2,21,11,10,凱基-虎尾,2023-06-14,9236
1711,永光,10,0,10,凱基-虎尾,2023-06-14,9236
2353,宏��,10,0,10,凱基-虎尾,2023-06-14,9236
3202,樺晟,10,0,10,凱基-虎尾,2023-06-14,9236
6179,亞通,10,0,10,凱基-虎尾,2023-06-14,9236
6535,順藥,11,2,9,凱基-虎尾,2023-06-14,9236
8341,日友,11,2,9,凱基-虎尾,2023-06-14,9236
1611,中電,16,7,9,凱基-虎尾,2023-06-14,9236
1903,士紙,10,1,9,凱基-虎尾,2023-06-14,9236
4532,瑞智,9,0,9,凱基-虎尾,2023-06-14,9236
00713,元大台灣高息低波,8,0,8,凱基-虎尾,2023-06-14,9236
00893,國泰智能電動車,10,2,8,凱基-虎尾,2023-06-14,9236
00679B,元大美債20年,8,0,8,凱基-虎尾,2023-06-14,9236
5301,寶得利,9,1,8,凱基-虎尾,2023-06-14,9236
6282,康舒,119,15,104,凱基-虎尾,2023-06-15,9236
2471,資通,90,13,77,凱基-虎尾,2023-06-15,9236
00712,復華富時不動產,67,0,67,凱基-虎尾,2023-06-15,9236
6122,擎邦,97,37,60,凱基-虎尾,2023-06-15,9236
00919,群益台灣精選高息,59,0,59,凱基-虎尾,2023-06-15,9236
2888,新光金,56,7,49,凱基-虎尾,2023-06-15,9236
2317,鴻海,47,0,47,凱基-虎尾,2023-06-15,9236
6235,華孚,46,2,44,凱基-虎尾,2023-06-15,9236
2362,藍天,39,0,39,凱基-虎尾,2023-06-15,9236
3444,利機,38,0,38,凱基-虎尾,2023-06-15,9236
00632R,元大台灣50反1,36,0,36,凱基-虎尾,2023-06-15,9236
2332,友訊,37,4,33,凱基-虎尾,2023-06-15,9236
8926,台汽電,40,7,33,凱基-虎尾,2023-06-15,9236
1815,富喬,42,10,32,凱基-虎尾,2023-06-15,9236
2603,長榮,37,6,31,凱基-虎尾,2023-06-15,9236
1513,中興電,40,10,30,凱基-虎尾,2023-06-15,9236
00680L,元大美債20正2,30,2,28,凱基-虎尾,2023-06-15,9236
3290,東浦,28,0,28,凱基-虎尾,2023-06-15,9236
2337,旺宏,33,6,27,凱基-虎尾,2023-06-15,9236
3289,宜特,28,1,27,凱基-虎尾,2023-06-15,9236
8050,廣積,32,5,27,凱基-虎尾,2023-06-15,9236
1905,華紙,32,6,26,凱基-虎尾,2023-06-15,9236
2356,英業達,92,69,23,凱基-虎尾,2023-06-15,9236
2722,夏都,24,1,23,凱基-虎尾,2023-06-15,9236
3013,晟銘電,29,8,21,凱基-虎尾,2023-06-15,9236
8028,昇陽半導體,22,1,21,凱基-虎尾,2023-06-15,9236
1316,上曜,20,0,20,凱基-虎尾,2023-06-15,9236
3689,湧德,20,0,20,凱基-虎尾,2023-06-15,9236
6239,力成,21,1,20,凱基-虎尾,2023-06-15,9236
3059,華晶科,21,2,19,凱基-虎尾,2023-06-15,9236
3071,協禧,20,1,19,凱基-虎尾,2023-06-15,9236
2489,瑞軒,21,3,18,凱基-虎尾,2023-06-15,9236
6160,欣技,24,6,18,凱基-虎尾,2023-06-15,9236
2371,大同,89,72,17,凱基-虎尾,2023-06-15,9236
2453,凌群,28,11,17,凱基-虎尾,2023-06-15,9236
8085,福華,17,0,17,凱基-虎尾,2023-06-15,9236
6505,台塑化,16,0,16,凱基-虎尾,2023-06-15,9236
00679B,元大美債20年,15,0,15,凱基-虎尾,2023-06-15,9236
2408,南亞科,15,1,14,凱基-虎尾,2023-06-15,9236
4726,永昕,14,0,14,凱基-虎尾,2023-06-15,9236
1529,樂事綠能,14,1,13,凱基-虎尾,2023-06-15,9236
2634,漢翔,16,3,13,凱基-虎尾,2023-06-15,9236
3027,盛達,25,12,13,凱基-虎尾,2023-06-15,9236
3346,麗清,19,6,13,凱基-虎尾,2023-06-15,9236
3078,僑威,13,0,13,凱基-虎尾,2023-06-15,9236
1524,耿鼎,13,1,12,凱基-虎尾,2023-06-15,9236
2891,中信金,12,0,12,凱基-虎尾,2023-06-15,9236
3032,偉訓,11,0,11,凱基-虎尾,2023-06-15,9236
4108,懷特,11,0,11,凱基-虎尾,2023-06-15,9236
1101,台泥,11,0,11,凱基-虎尾,2023-06-15,9236
2362,藍天,171,4,167,凱基-虎尾,2023-06-16,9236
1605,華新,171,48,123,凱基-虎尾,2023-06-16,9236
1522,堤維西,122,3,119,凱基-虎尾,2023-06-16,9236
00673R,期元大S＆P原油反1,86,0,86,凱基-虎尾,2023-06-16,9236
2324,仁寶,76,20,56,凱基-虎尾,2023-06-16,9236
2883,凱基金,77,23,54,凱基-虎尾,2023-06-16,9236
00712,復華富時不動產,42,0,42,凱基-虎尾,2023-06-16,9236
2495,普安,38,0,38,凱基-虎尾,2023-06-16,9236
2014,中鴻,40,2,38,凱基-虎尾,2023-06-16,9236
2337,旺宏,45,9,36,凱基-虎尾,2023-06-16,9236
6505,台塑化,34,0,34,凱基-虎尾,2023-06-16,9236
6470,宇智,31,1,30,凱基-虎尾,2023-06-16,9236
3576,聯合再生,34,5,29,凱基-虎尾,2023-06-16,9236
4566,時碩工業,35,8,27,凱基-虎尾,2023-06-16,9236
2359,所羅門,25,0,25,凱基-虎尾,2023-06-16,9236
2303,聯電,47,23,24,凱基-虎尾,2023-06-16,9236
00919,群益台灣精選高息,21,0,21,凱基-虎尾,2023-06-16,9236
2486,一詮,35,14,21,凱基-虎尾,2023-06-16,9236
2618,長榮航,70,49,21,凱基-虎尾,2023-06-16,9236
00680L,元大美債20正2,20,0,20,凱基-虎尾,2023-06-16,9236
2382,廣達,958,939,19,凱基-虎尾,2023-06-16,9236
2201,裕隆,17,1,16,凱基-虎尾,2023-06-16,9236
1103,嘉泥,16,0,16,凱基-虎尾,2023-06-16,9236
3038,全台,16,0,16,凱基-虎尾,2023-06-16,9236
6116,彩晶,537,521,16,凱基-虎尾,2023-06-16,9236
00669R,國泰美國道瓊反1,15,0,15,凱基-虎尾,2023-06-16,9236
2374,佳能,15,0,15,凱基-虎尾,2023-06-16,9236
8341,日友,15,0,15,凱基-虎尾,2023-06-16,9236
3078,僑威,74,60,14,凱基-虎尾,2023-06-16,9236
00753L,中信中國50正2,14,2,12,凱基-虎尾,2023-06-16,9236
8050,廣積,14,2,12,凱基-虎尾,2023-06-16,9236
2308,台達電,28,17,11,凱基-虎尾,2023-06-16,9236
9907,統一實,11,0,11,凱基-虎尾,2023-06-16,9236
00713,元大台灣高息低波,10,0,10,凱基-虎尾,2023-06-16,9236
2352,佳世達,12,2,10,凱基-虎尾,2023-06-16,9236
2028,威致,10,0,10,凱基-虎尾,2023-06-16,9236
2367,燿華,10,0,10,凱基-虎尾,2023-06-16,9236
3706,神達,29,19,10,凱基-虎尾,2023-06-16,9236
6133,金橋,10,0,10,凱基-虎尾,2023-06-16,9236
6182,合晶,15,5,10,凱基-虎尾,2023-06-16,9236
6770,力積電,12,2,10,凱基-虎尾,2023-06-16,9236
6806,森崴能源,163,153,10,凱基-虎尾,2023-06-16,9236
6125,廣運,12,3,9,凱基-虎尾,2023-06-16,9236
1611,中電,18,9,9,凱基-虎尾,2023-06-16,9236
2412,中華電,9,0,9,凱基-虎尾,2023-06-16,9236
2801,彰銀,10,1,9,凱基-虎尾,2023-06-16,9236
3543,州巧,11,2,9,凱基-虎尾,2023-06-16,9236
8088,品安,9,0,9,凱基-虎尾,2023-06-16,9236
8213,志超,9,0,9,凱基-虎尾,2023-06-16,9236
2427,三商電,12,4,8,凱基-虎尾,2023-06-16,9236
3481,群創,1555,907,648,凱基-虎尾,2023-06-19,9236
1605,華新,120,36,84,凱基-虎尾,2023-06-19,9236
00673R,期元大S＆P原油反1,62,0,62,凱基-虎尾,2023-06-19,9236
2353,宏��,55,4,51,凱基-虎尾,2023-06-19,9236
8076,伍豐,46,1,45,凱基-虎尾,2023-06-19,9236
1471,首利,44,0,44,凱基-虎尾,2023-06-19,9236
2409,友達,518,476,42,凱基-虎尾,2023-06-19,9236
5009,榮剛,70,29,41,凱基-虎尾,2023-06-19,9236
6116,彩晶,65,26,39,凱基-虎尾,2023-06-19,9236
8033,雷虎,49,10,39,凱基-虎尾,2023-06-19,9236
4960,誠美材,234,200,34,凱基-虎尾,2023-06-19,9236
00712,復華富時不動產,31,0,31,凱基-虎尾,2023-06-19,9236
2913,農林,31,0,31,凱基-虎尾,2023-06-19,9236
00753L,中信中國50正2,45,15,30,凱基-虎尾,2023-06-19,9236
5465,富驊,30,0,30,凱基-虎尾,2023-06-19,9236
2312,金寶,33,6,27,凱基-虎尾,2023-06-19,9236
7402,邑錡,28,3,25,凱基-虎尾,2023-06-19,9236
2427,三商電,31,7,24,凱基-虎尾,2023-06-19,9236
2645,長榮航太,25,2,23,凱基-虎尾,2023-06-19,9236
2014,中鴻,34,12,22,凱基-虎尾,2023-06-19,9236
3346,麗清,21,0,21,凱基-虎尾,2023-06-19,9236
2705,六福,25,5,20,凱基-虎尾,2023-06-19,9236
2104,國際中橡,24,5,19,凱基-虎尾,2023-06-19,9236
2482,連宇,24,5,19,凱基-虎尾,2023-06-19,9236
6234,高僑,19,0,19,凱基-虎尾,2023-06-19,9236
8926,台汽電,31,12,19,凱基-虎尾,2023-06-19,9236
3013,晟銘電,20,2,18,凱基-虎尾,2023-06-19,9236
2485,兆赫,17,0,17,凱基-虎尾,2023-06-19,9236
00720B,元大投資級公司債,23,7,16,凱基-虎尾,2023-06-19,9236
00919,群益台灣精選高息,16,0,16,凱基-虎尾,2023-06-19,9236
1525,江申,16,0,16,凱基-虎尾,2023-06-19,9236
2034,允強,15,0,15,凱基-虎尾,2023-06-19,9236
3049,精金,17,2,15,凱基-虎尾,2023-06-19,9236
5276,達輝-KY,15,0,15,凱基-虎尾,2023-06-19,9236
6266,泰詠,15,0,15,凱基-虎尾,2023-06-19,9236
6288,聯嘉,17,3,14,凱基-虎尾,2023-06-19,9236
2401,凌陽,14,1,13,凱基-虎尾,2023-06-19,9236
1301,台塑,12,0,12,凱基-虎尾,2023-06-19,9236
3038,全台,104,92,12,凱基-虎尾,2023-06-19,9236
3363,上詮,14,2,12,凱基-虎尾,2023-06-19,9236
5905,南仁湖,12,0,12,凱基-虎尾,2023-06-19,9236
6122,擎邦,23,11,12,凱基-虎尾,2023-06-19,9236
2883,凱基金,13,1,12,凱基-虎尾,2023-06-19,9236
2337,旺宏,18,7,11,凱基-虎尾,2023-06-19,9236
4916,事欣科,15,4,11,凱基-虎尾,2023-06-19,9236
1519,華城,198,187,11,凱基-虎尾,2023-06-19,9236
2609,陽明,12,1,11,凱基-虎尾,2023-06-19,9236
00900,富邦特選高股息30,10,0,10,凱基-虎尾,2023-06-19,9236
1721,三晃,20,10,10,凱基-虎尾,2023-06-19,9236
1810,和成,13,3,10,凱基-虎尾,2023-06-19,9236
00882,中信中國高股息,152,10,142,凱基-虎尾,2023-06-20,9236
1522,堤維西,60,1,59,凱基-虎尾,2023-06-20,9236
00712,復華富時不動產,55,0,55,凱基-虎尾,2023-06-20,9236
2485,兆赫,70,17,53,凱基-虎尾,2023-06-20,9236
3380,明泰,50,0,50,凱基-虎尾,2023-06-20,9236
6164,華興,44,0,44,凱基-虎尾,2023-06-20,9236
6122,擎邦,41,2,39,凱基-虎尾,2023-06-20,9236
2634,漢翔,86,56,30,凱基-虎尾,2023-06-20,9236
2371,大同,68,39,29,凱基-虎尾,2023-06-20,9236
2610,華航,46,17,29,凱基-虎尾,2023-06-20,9236
5009,榮剛,47,18,29,凱基-虎尾,2023-06-20,9236
2382,廣達,1044,1018,26,凱基-虎尾,2023-06-20,9236
1460,宏遠,25,0,25,凱基-虎尾,2023-06-20,9236
2618,長榮航,35,14,21,凱基-虎尾,2023-06-20,9236
2712,遠雄來,21,0,21,凱基-虎尾,2023-06-20,9236
5426,振發,21,0,21,凱基-虎尾,2023-06-20,9236
3032,偉訓,20,0,20,凱基-虎尾,2023-06-20,9236
8105,凌巨,20,0,20,凱基-虎尾,2023-06-20,9236
00680L,元大美債20正2,18,0,18,凱基-虎尾,2023-06-20,9236
3581,博磊,18,0,18,凱基-虎尾,2023-06-20,9236
8222,寶一,29,14,15,凱基-虎尾,2023-06-20,9236
2405,輔信,30,16,14,凱基-虎尾,2023-06-20,9236
8210,勤誠,26,13,13,凱基-虎尾,2023-06-20,9236
00772B,中信高評級公司債,12,0,12,凱基-虎尾,2023-06-20,9236
2482,連宇,14,2,12,凱基-虎尾,2023-06-20,9236
2706,第一店,16,4,12,凱基-虎尾,2023-06-20,9236
3444,利機,12,0,12,凱基-虎尾,2023-06-20,9236
6276,安鈦克,12,0,12,凱基-虎尾,2023-06-20,9236
3515,華擎,11,0,11,凱基-虎尾,2023-06-20,9236
2323,中環,47,36,11,凱基-虎尾,2023-06-20,9236
00665L,富邦�琤肭磪囓�2,11,1,10,凱基-虎尾,2023-06-20,9236
00632R,元大台灣50反1,10,0,10,凱基-虎尾,2023-06-20,9236
00751B,元大AAA至A公司債,10,0,10,凱基-虎尾,2023-06-20,9236
2023,燁輝,10,0,10,凱基-虎尾,2023-06-20,9236
2028,威致,10,0,10,凱基-虎尾,2023-06-20,9236
2392,正崴,10,0,10,凱基-虎尾,2023-06-20,9236
4967,十銓,10,0,10,凱基-虎尾,2023-06-20,9236
1529,樂事綠能,14,5,9,凱基-虎尾,2023-06-20,9236
1609,大亞,14,5,9,凱基-虎尾,2023-06-20,9236
3055,蔚華科,9,0,9,凱基-虎尾,2023-06-20,9236
6443,元晶,32,23,9,凱基-虎尾,2023-06-20,9236
1210,大成,11,3,8,凱基-虎尾,2023-06-20,9236
00673R,期元大S＆P原油反1,8,0,8,凱基-虎尾,2023-06-20,9236
2017,官田鋼,8,0,8,凱基-虎尾,2023-06-20,9236
2630,亞航,8,0,8,凱基-虎尾,2023-06-20,9236
3083,網龍,14,6,8,凱基-虎尾,2023-06-20,9236
4108,懷特,15,7,8,凱基-虎尾,2023-06-20,9236
4934,太極,10,2,8,凱基-虎尾,2023-06-20,9236
6203,海韻電,15,7,8,凱基-虎尾,2023-06-20,9236
6235,華孚,10,2,8,凱基-虎尾,2023-06-20,9236
5309,系統電,84,0,84,凱基-虎尾,2023-06-21,9236
2485,兆赫,60,0,60,凱基-虎尾,2023-06-21,9236
00676R,富邦臺灣加權反1,50,0,50,凱基-虎尾,2023-06-21,9236
2867,三商壽,50,2,48,凱基-虎尾,2023-06-21,9236
3078,僑威,64,17,47,凱基-虎尾,2023-06-21,9236
2409,友達,80,35,45,凱基-虎尾,2023-06-21,9236
00753L,中信中國50正2,50,15,35,凱基-虎尾,2023-06-21,9236
2618,長榮航,53,20,33,凱基-虎尾,2023-06-21,9236
2486,一詮,31,0,31,凱基-虎尾,2023-06-21,9236
8147,正淩,30,0,30,凱基-虎尾,2023-06-21,9236
1905,華紙,105,77,28,凱基-虎尾,2023-06-21,9236
8277,商丞,24,3,21,凱基-虎尾,2023-06-21,9236
4543,萬在,30,11,19,凱基-虎尾,2023-06-21,9236
6120,達運,27,11,16,凱基-虎尾,2023-06-21,9236
3058,立德,20,5,15,凱基-虎尾,2023-06-21,9236
5243,乙盛-KY,17,2,15,凱基-虎尾,2023-06-21,9236
5706,鳳凰,15,0,15,凱基-虎尾,2023-06-21,9236
3055,蔚華科,14,0,14,凱基-虎尾,2023-06-21,9236
8222,寶一,20,6,14,凱基-虎尾,2023-06-21,9236
4566,時碩工業,12,0,12,凱基-虎尾,2023-06-21,9236
2356,英業達,29,18,11,凱基-虎尾,2023-06-21,9236
2454,聯發科,12,1,11,凱基-虎尾,2023-06-21,9236
2308,台達電,11,0,11,凱基-虎尾,2023-06-21,9236
2104,國際中橡,11,0,11,凱基-虎尾,2023-06-21,9236
2603,長榮,13,2,11,凱基-虎尾,2023-06-21,9236
00720B,元大投資級公司債,10,0,10,凱基-虎尾,2023-06-21,9236
2889,國票金,10,0,10,凱基-虎尾,2023-06-21,9236
3013,晟銘電,38,28,10,凱基-虎尾,2023-06-21,9236
3646,艾恩特,10,0,10,凱基-虎尾,2023-06-21,9236
5465,富驊,15,5,10,凱基-虎尾,2023-06-21,9236
9945,潤泰新,10,0,10,凱基-虎尾,2023-06-21,9236
1201,味全,9,0,9,凱基-虎尾,2023-06-21,9236
2412,中華電,9,0,9,凱基-虎尾,2023-06-21,9236
3308,聯德,9,0,9,凱基-虎尾,2023-06-21,9236
2312,金寶,62,54,8,凱基-虎尾,2023-06-21,9236
5258,虹堡,9,1,8,凱基-虎尾,2023-06-21,9236
6282,康舒,10,2,8,凱基-虎尾,2023-06-21,9236
00928,中信上櫃ESG30,7,0,7,凱基-虎尾,2023-06-21,9236
1605,華新,12,5,7,凱基-虎尾,2023-06-21,9236
1609,大亞,12,5,7,凱基-虎尾,2023-06-21,9236
2408,南亞科,7,0,7,凱基-虎尾,2023-06-21,9236
2402,毅嘉,9,2,7,凱基-虎尾,2023-06-21,9236
00857B,永豐20年美公債,6,0,6,凱基-虎尾,2023-06-21,9236
1216,統一,6,0,6,凱基-虎尾,2023-06-21,9236
2324,仁寶,10,4,6,凱基-虎尾,2023-06-21,9236
3715,定穎投控,10,4,6,凱基-虎尾,2023-06-21,9236
2317,鴻海,18,12,6,凱基-虎尾,2023-06-21,9236
00929,復華台灣科技優息,5,0,5,凱基-虎尾,2023-06-21,9236
00919,群益台灣精選高息,5,0,5,凱基-虎尾,2023-06-21,9236
1444,力麗,5,0,5,凱基-虎尾,2023-06-21,9236
4564,元翎,169,2,167,凱基-虎尾,2023-06-26,9236
1802,台玻,135,6,129,凱基-虎尾,2023-06-26,9236
2610,華航,140,23,117,凱基-虎尾,2023-06-26,9236
1522,堤維西,99,1,98,凱基-虎尾,2023-06-26,9236
2323,中環,88,6,82,凱基-虎尾,2023-06-26,9236
00632R,元大台灣50反1,80,0,80,凱基-虎尾,2023-06-26,9236
2332,友訊,64,0,64,凱基-虎尾,2023-06-26,9236
2317,鴻海,82,21,61,凱基-虎尾,2023-06-26,9236
00882,中信中國高股息,58,0,58,凱基-虎尾,2023-06-26,9236
2023,燁輝,51,1,50,凱基-虎尾,2023-06-26,9236
2211,長榮鋼,42,0,42,凱基-虎尾,2023-06-26,9236
2913,農林,43,1,42,凱基-虎尾,2023-06-26,9236
1711,永光,38,4,34,凱基-虎尾,2023-06-26,9236
2495,普安,38,5,33,凱基-虎尾,2023-06-26,9236
00712,復華富時不動產,31,0,31,凱基-虎尾,2023-06-26,9236
1605,華新,31,0,31,凱基-虎尾,2023-06-26,9236
3706,神達,42,11,31,凱基-虎尾,2023-06-26,9236
1337,再生-KY,34,4,30,凱基-虎尾,2023-06-26,9236
00715L,期街口布蘭特正2,29,1,28,凱基-虎尾,2023-06-26,9236
1785,光洋科,31,5,26,凱基-虎尾,2023-06-26,9236
2371,大同,38,13,25,凱基-虎尾,2023-06-26,9236
6243,迅杰,27,2,25,凱基-虎尾,2023-06-26,9236
2609,陽明,23,0,23,凱基-虎尾,2023-06-26,9236
4533,協易機,27,5,22,凱基-虎尾,2023-06-26,9236
00642U,期元大S＆P石油,21,0,21,凱基-虎尾,2023-06-26,9236
6219,富旺,21,0,21,凱基-虎尾,2023-06-26,9236
8076,伍豐,27,6,21,凱基-虎尾,2023-06-26,9236
2409,友達,21,1,20,凱基-虎尾,2023-06-26,9236
2426,鼎元,20,0,20,凱基-虎尾,2023-06-26,9236
3550,聯穎,20,0,20,凱基-虎尾,2023-06-26,9236
5009,榮剛,20,0,20,凱基-虎尾,2023-06-26,9236
6120,達運,34,14,20,凱基-虎尾,2023-06-26,9236
1603,華電,18,0,18,凱基-虎尾,2023-06-26,9236
1904,正隆,45,27,18,凱基-虎尾,2023-06-26,9236
1907,永豐餘,102,84,18,凱基-虎尾,2023-06-26,9236
2014,中鴻,18,0,18,凱基-虎尾,2023-06-26,9236
2449,京元電子,21,5,16,凱基-虎尾,2023-06-26,9236
2453,凌群,16,0,16,凱基-虎尾,2023-06-26,9236
3128,昇銳,17,1,16,凱基-虎尾,2023-06-26,9236
2887,台新金,15,0,15,凱基-虎尾,2023-06-26,9236
2618,長榮航,104,90,14,凱基-虎尾,2023-06-26,9236
1909,榮成,12,0,12,凱基-虎尾,2023-06-26,9236
6414,樺漢,12,1,11,凱基-虎尾,2023-06-26,9236
2888,新光金,17,6,11,凱基-虎尾,2023-06-26,9236
6285,啟��,11,0,11,凱基-虎尾,2023-06-26,9236
8210,勤誠,12,1,11,凱基-虎尾,2023-06-26,9236
00687B,國泰20年美債,10,0,10,凱基-虎尾,2023-06-26,9236
1471,首利,10,0,10,凱基-虎尾,2023-06-26,9236
2344,華邦電,11,1,10,凱基-虎尾,2023-06-26,9236
2881,富邦金,10,0,10,凱基-虎尾,2023-06-26,9236
2610,華航,231,85,146,凱基-虎尾,2023-06-27,9236
2344,華邦電,116,2,114,凱基-虎尾,2023-06-27,9236
6116,彩晶,105,1,104,凱基-虎尾,2023-06-27,9236
2409,友達,78,2,76,凱基-虎尾,2023-06-27,9236
8926,台汽電,46,1,45,凱基-虎尾,2023-06-27,9236
00882,中信中國高股息,40,0,40,凱基-虎尾,2023-06-27,9236
2337,旺宏,41,2,39,凱基-虎尾,2023-06-27,9236
00706L,期元大S＆P日圓正2,36,0,36,凱基-虎尾,2023-06-27,9236
1301,台塑,41,6,35,凱基-虎尾,2023-06-27,9236
2405,輔信,31,0,31,凱基-虎尾,2023-06-27,9236
1313,聯成,35,5,30,凱基-虎尾,2023-06-27,9236
4973,廣穎,30,0,30,凱基-虎尾,2023-06-27,9236
1513,中興電,125,96,29,凱基-虎尾,2023-06-27,9236
2303,聯電,31,2,29,凱基-虎尾,2023-06-27,9236
2883,凱基金,30,2,28,凱基-虎尾,2023-06-27,9236
4406,新昕纖,26,0,26,凱基-虎尾,2023-06-27,9236
8093,保銳,20,0,20,凱基-虎尾,2023-06-27,9236
4746,台耀,22,3,19,凱基-虎尾,2023-06-27,9236
3481,群創,85,68,17,凱基-虎尾,2023-06-27,9236
6282,康舒,18,1,17,凱基-虎尾,2023-06-27,9236
8403,盛弘,22,5,17,凱基-虎尾,2023-06-27,9236
3013,晟銘電,14,0,14,凱基-虎尾,2023-06-27,9236
5452,佶優,14,0,14,凱基-虎尾,2023-06-27,9236
6179,亞通,14,0,14,凱基-虎尾,2023-06-27,9236
1418,東華,13,0,13,凱基-虎尾,2023-06-27,9236
4108,懷特,13,0,13,凱基-虎尾,2023-06-27,9236
00878,國泰永續高股息,14,2,12,凱基-虎尾,2023-06-27,9236
4147,中裕,14,2,12,凱基-虎尾,2023-06-27,9236
6770,力積電,13,1,12,凱基-虎尾,2023-06-27,9236
00929,復華台灣科技優息,12,1,11,凱基-虎尾,2023-06-27,9236
2312,金寶,14,3,11,凱基-虎尾,2023-06-27,9236
6411,晶焱,11,0,11,凱基-虎尾,2023-06-27,9236
4976,佳凌,12,2,10,凱基-虎尾,2023-06-27,9236
00654R,富邦印度反1,10,0,10,凱基-虎尾,2023-06-27,9236
1720,生達,10,0,10,凱基-虎尾,2023-06-27,9236
1905,華紙,27,17,10,凱基-虎尾,2023-06-27,9236
2027,大成鋼,10,0,10,凱基-虎尾,2023-06-27,9236
2485,兆赫,11,1,10,凱基-虎尾,2023-06-27,9236
2905,三商,10,0,10,凱基-虎尾,2023-06-27,9236
3038,全台,23,13,10,凱基-虎尾,2023-06-27,9236
3581,博磊,35,25,10,凱基-虎尾,2023-06-27,9236
4915,致伸,10,0,10,凱基-虎尾,2023-06-27,9236
5398,慕康生醫,10,0,10,凱基-虎尾,2023-06-27,9236
6203,海韻電,12,2,10,凱基-虎尾,2023-06-27,9236
00720B,元大投資級公司債,11,2,9,凱基-虎尾,2023-06-27,9236
1515,力山,10,1,9,凱基-虎尾,2023-06-27,9236
4979,華星光,15,6,9,凱基-虎尾,2023-06-27,9236
0056,元大高股息,12,3,9,凱基-虎尾,2023-06-27,9236
1609,大亞,20,12,8,凱基-虎尾,2023-06-27,9236
1734,杏輝,19,11,8,凱基-虎尾,2023-06-27,9236
2317,鴻海,5416,4401,1015,凱基-虎尾,2023-06-28,9236
1605,華新,175,33,142,凱基-虎尾,2023-06-28,9236
00715L,期街口布蘭特正2,131,0,131,凱基-虎尾,2023-06-28,9236
2883,凱基金,53,3,50,凱基-虎尾,2023-06-28,9236
00676R,富邦臺灣加權反1,50,0,50,凱基-虎尾,2023-06-28,9236
2329,華泰,50,0,50,凱基-虎尾,2023-06-28,9236
4564,元翎,60,26,34,凱基-虎尾,2023-06-28,9236
5011,久陽,24,0,24,凱基-虎尾,2023-06-28,9236
2354,鴻準,23,0,23,凱基-虎尾,2023-06-28,9236
8222,寶一,33,12,21,凱基-虎尾,2023-06-28,9236
4967,十銓,31,12,19,凱基-虎尾,2023-06-28,9236
2323,中環,27,8,19,凱基-虎尾,2023-06-28,9236
2419,仲琦,20,2,18,凱基-虎尾,2023-06-28,9236
4906,正文,21,3,18,凱基-虎尾,2023-06-28,9236
8210,勤誠,30,13,17,凱基-虎尾,2023-06-28,9236
2371,大同,55,39,16,凱基-虎尾,2023-06-28,9236
1444,力麗,15,1,14,凱基-虎尾,2023-06-28,9236
5465,富驊,14,1,13,凱基-虎尾,2023-06-28,9236
2340,台亞,17,5,12,凱基-虎尾,2023-06-28,9236
5706,鳳凰,13,1,12,凱基-虎尾,2023-06-28,9236
5340,建榮,11,0,11,凱基-虎尾,2023-06-28,9236
1301,台塑,12,1,11,凱基-虎尾,2023-06-28,9236
2208,台船,10,0,10,凱基-虎尾,2023-06-28,9236
2801,彰銀,10,0,10,凱基-虎尾,2023-06-28,9236
2867,三商壽,10,0,10,凱基-虎尾,2023-06-28,9236
1795,美時,18,9,9,凱基-虎尾,2023-06-28,9236
1783,和康生,15,6,9,凱基-虎尾,2023-06-28,9236
4960,誠美材,9,0,9,凱基-虎尾,2023-06-28,9236
8076,伍豐,10,1,9,凱基-虎尾,2023-06-28,9236
3706,神達,9,1,8,凱基-虎尾,2023-06-28,9236
1467,南緯,10,2,8,凱基-虎尾,2023-06-28,9236
1310,台苯,8,0,8,凱基-虎尾,2023-06-28,9236
2023,燁輝,8,0,8,凱基-虎尾,2023-06-28,9236
6182,合晶,10,2,8,凱基-虎尾,2023-06-28,9236
2634,漢翔,44,37,7,凱基-虎尾,2023-06-28,9236
00642U,期元大S＆P石油,7,0,7,凱基-虎尾,2023-06-28,9236
2705,六福,7,0,7,凱基-虎尾,2023-06-28,9236
2906,高林,7,0,7,凱基-虎尾,2023-06-28,9236
3592,瑞鼎,8,1,7,凱基-虎尾,2023-06-28,9236
4916,事欣科,10,3,7,凱基-虎尾,2023-06-28,9236
8088,品安,7,0,7,凱基-虎尾,2023-06-28,9236
2412,中華電,6,0,6,凱基-虎尾,2023-06-28,9236
3704,合勤控,8,2,6,凱基-虎尾,2023-06-28,9236
4127,天良,14,8,6,凱基-虎尾,2023-06-28,9236
00878,國泰永續高股息,7,2,5,凱基-虎尾,2023-06-28,9236
2303,聯電,5,0,5,凱基-虎尾,2023-06-28,9236
1514,亞力,5,0,5,凱基-虎尾,2023-06-28,9236
00725B,國泰投資級公司債,5,0,5,凱基-虎尾,2023-06-28,9236
1616,億泰,5,0,5,凱基-虎尾,2023-06-28,9236
1710,東聯,5,0,5,凱基-虎尾,2023-06-28,9236
1528,恩德,323,59,264,凱基-虎尾,2023-06-29,9236
00632R,元大台灣50反1,200,0,200,凱基-虎尾,2023-06-29,9236
4414,如興,150,3,147,凱基-虎尾,2023-06-29,9236
00706L,期元大S＆P日圓正2,60,0,60,凱基-虎尾,2023-06-29,9236
1605,華新,66,6,60,凱基-虎尾,2023-06-29,9236
3481,群創,58,10,48,凱基-虎尾,2023-06-29,9236
2884,玉山金,47,1,46,凱基-虎尾,2023-06-29,9236
3005,神基,41,0,41,凱基-虎尾,2023-06-29,9236
2881,富邦金,40,1,39,凱基-虎尾,2023-06-29,9236
6244,茂迪,30,0,30,凱基-虎尾,2023-06-29,9236
6153,嘉聯益,27,3,24,凱基-虎尾,2023-06-29,9236
2353,宏��,23,0,23,凱基-虎尾,2023-06-29,9236
1301,台塑,20,0,20,凱基-虎尾,2023-06-29,9236
2393,億光,20,0,20,凱基-虎尾,2023-06-29,9236
4543,萬在,20,0,20,凱基-虎尾,2023-06-29,9236
5452,佶優,31,12,19,凱基-虎尾,2023-06-29,9236
8277,商丞,25,6,19,凱基-虎尾,2023-06-29,9236
4979,華星光,75,57,18,凱基-虎尾,2023-06-29,9236
00712,復華富時不動產,17,0,17,凱基-虎尾,2023-06-29,9236
6139,亞翔,18,1,17,凱基-虎尾,2023-06-29,9236
00673R,期元大S＆P原油反1,30,15,15,凱基-虎尾,2023-06-29,9236
2891,中信金,15,0,15,凱基-虎尾,2023-06-29,9236
1905,華紙,27,13,14,凱基-虎尾,2023-06-29,9236
6741,91APP*-KY,13,1,12,凱基-虎尾,2023-06-29,9236
2603,長榮,23,12,11,凱基-虎尾,2023-06-29,9236
1904,正隆,11,0,11,凱基-虎尾,2023-06-29,9236
1603,華電,12,1,11,凱基-虎尾,2023-06-29,9236
6147,頎邦,11,0,11,凱基-虎尾,2023-06-29,9236
1303,南亞,10,0,10,凱基-虎尾,2023-06-29,9236
2401,凌陽,10,0,10,凱基-虎尾,2023-06-29,9236
3363,上詮,11,1,10,凱基-虎尾,2023-06-29,9236
4157,太景*-KY,14,4,10,凱基-虎尾,2023-06-29,9236
6733,博晟生醫,10,0,10,凱基-虎尾,2023-06-29,9236
2425,承啟,10,1,9,凱基-虎尾,2023-06-29,9236
3013,晟銘電,14,5,9,凱基-虎尾,2023-06-29,9236
3518,柏騰,9,0,9,凱基-虎尾,2023-06-29,9236
4106,雃博,12,3,9,凱基-虎尾,2023-06-29,9236
2329,華泰,8,0,8,凱基-虎尾,2023-06-29,9236
3211,順達,8,0,8,凱基-虎尾,2023-06-29,9236
6148,驊宏資,26,18,8,凱基-虎尾,2023-06-29,9236
1514,亞力,8,1,7,凱基-虎尾,2023-06-29,9236
2104,國際中橡,10,3,7,凱基-虎尾,2023-06-29,9236
2399,映泰,14,7,7,凱基-虎尾,2023-06-29,9236
3046,建��,7,0,7,凱基-虎尾,2023-06-29,9236
3260,威剛,14,7,7,凱基-虎尾,2023-06-29,9236
4155,訊映,12,5,7,凱基-虎尾,2023-06-29,9236
4510,高鋒,7,0,7,凱基-虎尾,2023-06-29,9236
2504,國產,7,1,6,凱基-虎尾,2023-06-29,9236
1319,東陽,6,0,6,凱基-虎尾,2023-06-29,9236
1522,堤維西,10,4,6,凱基-虎尾,2023-06-29,9236
2412,中華電,68,0,68,凱基-虎尾,2023-06-30,9236
3481,群創,69,5,64,凱基-虎尾,2023-06-30,9236
3027,盛達,62,4,58,凱基-虎尾,2023-06-30,9236
8050,廣積,81,25,56,凱基-虎尾,2023-06-30,9236
2323,中環,75,20,55,凱基-虎尾,2023-06-30,9236
2603,長榮,73,19,54,凱基-虎尾,2023-06-30,9236
00673R,期元大S＆P原油反1,50,0,50,凱基-虎尾,2023-06-30,9236
3025,星通,65,18,47,凱基-虎尾,2023-06-30,9236
1217,愛之味,46,3,43,凱基-虎尾,2023-06-30,9236
2883,凱基金,36,0,36,凱基-虎尾,2023-06-30,9236
5469,瀚宇博,30,0,30,凱基-虎尾,2023-06-30,9236
2618,長榮航,48,20,28,凱基-虎尾,2023-06-30,9236
1605,華新,35,8,27,凱基-虎尾,2023-06-30,9236
00752,中信中國50,25,0,25,凱基-虎尾,2023-06-30,9236
00724B,群益投資級金融債,20,0,20,凱基-虎尾,2023-06-30,9236
00706L,期元大S＆P日圓正2,20,0,20,凱基-虎尾,2023-06-30,9236
2641,正德,20,0,20,凱基-虎尾,2023-06-30,9236
8112,至上,20,0,20,凱基-虎尾,2023-06-30,9236
2303,聯電,22,2,20,凱基-虎尾,2023-06-30,9236
1513,中興電,394,375,19,凱基-虎尾,2023-06-30,9236
3380,明泰,21,2,19,凱基-虎尾,2023-06-30,9236
6182,合晶,20,1,19,凱基-虎尾,2023-06-30,9236
8034,榮群,25,6,19,凱基-虎尾,2023-06-30,9236
6451,訊芯-KY,30,11,19,凱基-虎尾,2023-06-30,9236
2408,南亞科,18,0,18,凱基-虎尾,2023-06-30,9236
2867,三商壽,50,32,18,凱基-虎尾,2023-06-30,9236
1609,大亞,18,3,15,凱基-虎尾,2023-06-30,9236
2329,華泰,26,11,15,凱基-虎尾,2023-06-30,9236
00687B,國泰20年美債,13,0,13,凱基-虎尾,2023-06-30,9236
8936,國統,14,1,13,凱基-虎尾,2023-06-30,9236
4538,大詠城,12,0,12,凱基-虎尾,2023-06-30,9236
2486,一詮,11,0,11,凱基-虎尾,2023-06-30,9236
3711,日月光投控,10,0,10,凱基-虎尾,2023-06-30,9236
1301,台塑,10,0,10,凱基-虎尾,2023-06-30,9236
00885,富邦越南,10,0,10,凱基-虎尾,2023-06-30,9236
1515,力山,10,0,10,凱基-虎尾,2023-06-30,9236
1603,華電,12,2,10,凱基-虎尾,2023-06-30,9236
2236,百達-KY,10,0,10,凱基-虎尾,2023-06-30,9236
2409,友達,10,0,10,凱基-虎尾,2023-06-30,9236
2427,三商電,16,6,10,凱基-虎尾,2023-06-30,9236
6274,台燿,14,4,10,凱基-虎尾,2023-06-30,9236
6285,啟��,31,22,9,凱基-虎尾,2023-06-30,9236
2208,台船,10,1,9,凱基-虎尾,2023-06-30,9236
2888,新光金,10,1,9,凱基-虎尾,2023-06-30,9236
4973,廣穎,12,3,9,凱基-虎尾,2023-06-30,9236
4979,華星光,23,14,9,凱基-虎尾,2023-06-30,9236
2206,三陽工業,17,8,9,凱基-虎尾,2023-06-30,9236
2887,台新金,8,0,8,凱基-虎尾,2023-06-30,9236
2353,宏��,18,10,8,凱基-虎尾,2023-06-30,9236
3078,僑威,11,3,8,凱基-虎尾,2023-06-30,9236
2303,聯電,103,8,95,凱基-虎尾,2023-07-03,9236
2427,三商電,112,35,77,凱基-虎尾,2023-07-03,9236
4510,高鋒,60,0,60,凱基-虎尾,2023-07-03,9236
6139,亞翔,103,43,60,凱基-虎尾,2023-07-03,9236
6142,友勁,57,0,57,凱基-虎尾,2023-07-03,9236
2610,華航,97,45,52,凱基-虎尾,2023-07-03,9236
3231,緯創,71,25,46,凱基-虎尾,2023-07-03,9236
3078,僑威,78,38,40,凱基-虎尾,2023-07-03,9236
2405,輔信,39,0,39,凱基-虎尾,2023-07-03,9236
6275,元山,41,4,37,凱基-虎尾,2023-07-03,9236
3706,神達,47,11,36,凱基-虎尾,2023-07-03,9236
2485,兆赫,40,4,36,凱基-虎尾,2023-07-03,9236
2615,萬海,104,71,33,凱基-虎尾,2023-07-03,9236
6016,康和證,33,0,33,凱基-虎尾,2023-07-03,9236
6116,彩晶,34,1,33,凱基-虎尾,2023-07-03,9236
8936,國統,46,13,33,凱基-虎尾,2023-07-03,9236
2617,台航,31,0,31,凱基-虎尾,2023-07-03,9236
2736,富野,35,4,31,凱基-虎尾,2023-07-03,9236
1611,中電,74,44,30,凱基-虎尾,2023-07-03,9236
2905,三商,30,0,30,凱基-虎尾,2023-07-03,9236
3338,泰碩,30,0,30,凱基-虎尾,2023-07-03,9236
6188,廣明,37,7,30,凱基-虎尾,2023-07-03,9236
2312,金寶,227,200,27,凱基-虎尾,2023-07-03,9236
2371,大同,42,15,27,凱基-虎尾,2023-07-03,9236
00916,國泰全球品牌50,40,14,26,凱基-虎尾,2023-07-03,9236
2486,一詮,45,19,26,凱基-虎尾,2023-07-03,9236
2332,友訊,36,10,26,凱基-虎尾,2023-07-03,9236
3047,訊舟,25,0,25,凱基-虎尾,2023-07-03,9236
6122,擎邦,39,16,23,凱基-虎尾,2023-07-03,9236
1528,恩德,79,57,22,凱基-虎尾,2023-07-03,9236
1905,華紙,120,98,22,凱基-虎尾,2023-07-03,9236
4566,時碩工業,27,5,22,凱基-虎尾,2023-07-03,9236
2603,長榮,34,12,22,凱基-虎尾,2023-07-03,9236
1612,宏泰,22,1,21,凱基-虎尾,2023-07-03,9236
2211,長榮鋼,21,0,21,凱基-虎尾,2023-07-03,9236
3402,漢科,21,0,21,凱基-虎尾,2023-07-03,9236
00706L,期元大S＆P日圓正2,20,0,20,凱基-虎尾,2023-07-03,9236
4532,瑞智,36,16,20,凱基-虎尾,2023-07-03,9236
3540,曜越,19,0,19,凱基-虎尾,2023-07-03,9236
3058,立德,18,0,18,凱基-虎尾,2023-07-03,9236
3217,優群,18,0,18,凱基-虎尾,2023-07-03,9236
6197,佳必琪,20,2,18,凱基-虎尾,2023-07-03,9236
8234,新漢,20,2,18,凱基-虎尾,2023-07-03,9236
3325,旭品,36,18,18,凱基-虎尾,2023-07-03,9236
1201,味全,17,0,17,凱基-虎尾,2023-07-03,9236
2413,環科,27,10,17,凱基-虎尾,2023-07-03,9236
1529,樂事綠能,17,1,16,凱基-虎尾,2023-07-03,9236
3481,群創,19,3,16,凱基-虎尾,2023-07-03,9236
5009,榮剛,16,0,16,凱基-虎尾,2023-07-03,9236
2419,仲琦,39,24,15,凱基-虎尾,2023-07-03,9236
2356,英業達,233,75,158,凱基-虎尾,2023-07-04,9236
2317,鴻海,99,4,95,凱基-虎尾,2023-07-04,9236
1618,合機,50,1,49,凱基-虎尾,2023-07-04,9236
1524,耿鼎,42,0,42,凱基-虎尾,2023-07-04,9236
8110,華東,35,1,34,凱基-虎尾,2023-07-04,9236
3715,定穎投控,33,0,33,凱基-虎尾,2023-07-04,9236
3071,協禧,52,20,32,凱基-虎尾,2023-07-04,9236
6112,邁達特,33,1,32,凱基-虎尾,2023-07-04,9236
2449,京元電子,34,7,27,凱基-虎尾,2023-07-04,9236
2515,中工,25,0,25,凱基-虎尾,2023-07-04,9236
6122,擎邦,57,34,23,凱基-虎尾,2023-07-04,9236
2888,新光金,22,0,22,凱基-虎尾,2023-07-04,9236
3055,蔚華科,35,14,21,凱基-虎尾,2023-07-04,9236
6288,聯嘉,29,8,21,凱基-虎尾,2023-07-04,9236
2905,三商,20,0,20,凱基-虎尾,2023-07-04,9236
3032,偉訓,21,1,20,凱基-虎尾,2023-07-04,9236
1810,和成,19,0,19,凱基-虎尾,2023-07-04,9236
2618,長榮航,79,60,19,凱基-虎尾,2023-07-04,9236
00753L,中信中國50正2,21,3,18,凱基-虎尾,2023-07-04,9236
5386,青雲,18,0,18,凱基-虎尾,2023-07-04,9236
6117,迎廣,18,0,18,凱基-虎尾,2023-07-04,9236
3706,神達,72,55,17,凱基-虎尾,2023-07-04,9236
2603,長榮,446,429,17,凱基-虎尾,2023-07-04,9236
1795,美時,17,0,17,凱基-虎尾,2023-07-04,9236
3306,鼎天,23,6,17,凱基-虎尾,2023-07-04,9236
3450,聯鈞,20,4,16,凱基-虎尾,2023-07-04,9236
6203,海韻電,20,4,16,凱基-虎尾,2023-07-04,9236
6438,迅得,17,1,16,凱基-虎尾,2023-07-04,9236
6806,森崴能源,23,7,16,凱基-虎尾,2023-07-04,9236
3163,波若威,52,36,16,凱基-虎尾,2023-07-04,9236
2399,映泰,16,2,14,凱基-虎尾,2023-07-04,9236
3042,晶技,16,2,14,凱基-虎尾,2023-07-04,9236
3056,富華新,15,1,14,凱基-虎尾,2023-07-04,9236
4541,晟田,14,0,14,凱基-虎尾,2023-07-04,9236
8271,宇瞻,15,1,14,凱基-虎尾,2023-07-04,9236
00878,國泰永續高股息,16,3,13,凱基-虎尾,2023-07-04,9236
4157,太景*-KY,13,0,13,凱基-虎尾,2023-07-04,9236
1444,力麗,12,0,12,凱基-虎尾,2023-07-04,9236
4533,協易機,16,4,12,凱基-虎尾,2023-07-04,9236
3583,辛耘,19,7,12,凱基-虎尾,2023-07-04,9236
1608,華榮,12,1,11,凱基-虎尾,2023-07-04,9236
3305,昇貿,11,0,11,凱基-虎尾,2023-07-04,9236
4960,誠美材,11,0,11,凱基-虎尾,2023-07-04,9236
00725B,國泰投資級公司債,10,0,10,凱基-虎尾,2023-07-04,9236
00673R,期元大S＆P原油反1,10,0,10,凱基-虎尾,2023-07-04,9236
1409,新纖,10,0,10,凱基-虎尾,2023-07-04,9236
2017,官田鋼,10,0,10,凱基-虎尾,2023-07-04,9236
2402,毅嘉,30,20,10,凱基-虎尾,2023-07-04,9236
3149,正達,10,0,10,凱基-虎尾,2023-07-04,9236
3260,威剛,14,4,10,凱基-虎尾,2023-07-04,9236
2610,華航,199,16,183,凱基-虎尾,2023-07-05,9236
2603,長榮,854,745,109,凱基-虎尾,2023-07-05,9236
00632R,元大台灣50反1,105,0,105,凱基-虎尾,2023-07-05,9236
00706L,期元大S＆P日圓正2,102,0,102,凱基-虎尾,2023-07-05,9236
1522,堤維西,100,0,100,凱基-虎尾,2023-07-05,9236
2317,鴻海,113,21,92,凱基-虎尾,2023-07-05,9236
2618,長榮航,120,47,73,凱基-虎尾,2023-07-05,9236
00673R,期元大S＆P原油反1,68,0,68,凱基-虎尾,2023-07-05,9236
1528,恩德,64,7,57,凱基-虎尾,2023-07-05,9236
00720B,元大投資級公司債,40,0,40,凱基-虎尾,2023-07-05,9236
2388,威盛,40,0,40,凱基-虎尾,2023-07-05,9236
2880,華南金,41,1,40,凱基-虎尾,2023-07-05,9236
3078,僑威,54,14,40,凱基-虎尾,2023-07-05,9236
4960,誠美材,39,1,38,凱基-虎尾,2023-07-05,9236
2241,艾姆勒,37,0,37,凱基-虎尾,2023-07-05,9236
2482,連宇,34,0,34,凱基-虎尾,2023-07-05,9236
3372,典範,54,20,34,凱基-虎尾,2023-07-05,9236
3483,力致,32,0,32,凱基-虎尾,2023-07-05,9236
6133,金橋,41,9,32,凱基-虎尾,2023-07-05,9236
4538,大詠城,30,0,30,凱基-虎尾,2023-07-05,9236
2402,毅嘉,57,28,29,凱基-虎尾,2023-07-05,9236
6535,順藥,28,0,28,凱基-虎尾,2023-07-05,9236
2609,陽明,131,104,27,凱基-虎尾,2023-07-05,9236
6125,廣運,33,6,27,凱基-虎尾,2023-07-05,9236
00637L,元大滬深300正2,27,0,27,凱基-虎尾,2023-07-05,9236
2401,凌陽,25,0,25,凱基-虎尾,2023-07-05,9236
3441,聯一光,26,1,25,凱基-虎尾,2023-07-05,9236
6443,元晶,30,5,25,凱基-虎尾,2023-07-05,9236
8050,廣積,24,2,22,凱基-虎尾,2023-07-05,9236
2736,富野,33,11,22,凱基-虎尾,2023-07-05,9236
6266,泰詠,22,1,21,凱基-虎尾,2023-07-05,9236
00725B,國泰投資級公司債,20,0,20,凱基-虎尾,2023-07-05,9236
2419,仲琦,49,30,19,凱基-虎尾,2023-07-05,9236
2468,華經,19,0,19,凱基-虎尾,2023-07-05,9236
5285,界霖,19,0,19,凱基-虎尾,2023-07-05,9236
3231,緯創,45,27,18,凱基-虎尾,2023-07-05,9236
2457,飛宏,22,4,18,凱基-虎尾,2023-07-05,9236
3284,太普高,18,0,18,凱基-虎尾,2023-07-05,9236
4108,懷特,18,0,18,凱基-虎尾,2023-07-05,9236
2883,凱基金,16,0,16,凱基-虎尾,2023-07-05,9236
00915,凱基優選高股息30,15,0,15,凱基-虎尾,2023-07-05,9236
00882,中信中國高股息,14,0,14,凱基-虎尾,2023-07-05,9236
2485,兆赫,16,2,14,凱基-虎尾,2023-07-05,9236
1101,台泥,14,1,13,凱基-虎尾,2023-07-05,9236
3362,先進光,34,21,13,凱基-虎尾,2023-07-05,9236
1326,台化,12,0,12,凱基-虎尾,2023-07-05,9236
2355,敬鵬,12,0,12,凱基-虎尾,2023-07-05,9236
2892,第一金,13,1,12,凱基-虎尾,2023-07-05,9236
3685,元創精密,12,0,12,凱基-虎尾,2023-07-05,9236
6257,矽格,15,3,12,凱基-虎尾,2023-07-05,9236
2880,華南金,89,0,89,凱基-虎尾,2023-07-06,9236
3704,合勤控,87,16,71,凱基-虎尾,2023-07-06,9236
00673R,期元大S＆P原油反1,95,33,62,凱基-虎尾,2023-07-06,9236
2609,陽明,281,220,61,凱基-虎尾,2023-07-06,9236
8050,廣積,75,25,50,凱基-虎尾,2023-07-06,9236
00929,復華台灣科技優息,44,4,40,凱基-虎尾,2023-07-06,9236
3289,宜特,43,3,40,凱基-虎尾,2023-07-06,9236
00753L,中信中國50正2,38,0,38,凱基-虎尾,2023-07-06,9236
2317,鴻海,1177,1139,38,凱基-虎尾,2023-07-06,9236
8936,國統,47,11,36,凱基-虎尾,2023-07-06,9236
2883,凱基金,35,0,35,凱基-虎尾,2023-07-06,9236
2340,台亞,101,67,34,凱基-虎尾,2023-07-06,9236
4510,高鋒,44,13,31,凱基-虎尾,2023-07-06,9236
8358,金居,31,0,31,凱基-虎尾,2023-07-06,9236
5426,振發,67,38,29,凱基-虎尾,2023-07-06,9236
00680L,元大美債20正2,28,0,28,凱基-虎尾,2023-07-06,9236
2380,虹光,28,0,28,凱基-虎尾,2023-07-06,9236
00720B,元大投資級公司債,28,1,27,凱基-虎尾,2023-07-06,9236
6770,力積電,25,0,25,凱基-虎尾,2023-07-06,9236
4532,瑞智,62,37,25,凱基-虎尾,2023-07-06,9236
8201,無敵,24,1,23,凱基-虎尾,2023-07-06,9236
2489,瑞軒,22,1,21,凱基-虎尾,2023-07-06,9236
3060,銘異,21,0,21,凱基-虎尾,2023-07-06,9236
00878,國泰永續高股息,34,13,21,凱基-虎尾,2023-07-06,9236
2801,彰銀,20,0,20,凱基-虎尾,2023-07-06,9236
6175,立敦,20,0,20,凱基-虎尾,2023-07-06,9236
6234,高僑,20,0,20,凱基-虎尾,2023-07-06,9236
2891,中信金,18,0,18,凱基-虎尾,2023-07-06,9236
0056,元大高股息,28,11,17,凱基-虎尾,2023-07-06,9236
00679B,元大美債20年,19,2,17,凱基-虎尾,2023-07-06,9236
5388,中磊,20,4,16,凱基-虎尾,2023-07-06,9236
00654R,富邦印度反1,16,0,16,凱基-虎尾,2023-07-06,9236
1809,中釉,26,10,16,凱基-虎尾,2023-07-06,9236
6550,北極星藥業-KY,16,1,15,凱基-虎尾,2023-07-06,9236
00641R,富邦日本反1,15,0,15,凱基-虎尾,2023-07-06,9236
1101,台泥,14,0,14,凱基-虎尾,2023-07-06,9236
2884,玉山金,16,2,14,凱基-虎尾,2023-07-06,9236
6117,迎廣,13,0,13,凱基-虎尾,2023-07-06,9236
2892,第一金,12,0,12,凱基-虎尾,2023-07-06,9236
2881,富邦金,12,0,12,凱基-虎尾,2023-07-06,9236
6485,點序,12,0,12,凱基-虎尾,2023-07-06,9236
00738U,期元大道瓊白銀,10,0,10,凱基-虎尾,2023-07-06,9236
00724B,群益投資級金融債,10,0,10,凱基-虎尾,2023-07-06,9236
00773B,中信優先金融債,10,0,10,凱基-虎尾,2023-07-06,9236
3049,精金,10,0,10,凱基-虎尾,2023-07-06,9236
8926,台汽電,10,0,10,凱基-虎尾,2023-07-06,9236
2002,中鋼,12,3,9,凱基-虎尾,2023-07-06,9236
5432,新門,9,0,9,凱基-虎尾,2023-07-06,9236
3701,大眾控,21,13,8,凱基-虎尾,2023-07-06,9236
1326,台化,9,1,8,凱基-虎尾,2023-07-06,9236
00632R,元大台灣50反1,200,2,198,凱基-虎尾,2023-07-07,9236
2892,第一金,108,1,107,凱基-虎尾,2023-07-07,9236
00929,復華台灣科技優息,108,1,107,凱基-虎尾,2023-07-07,9236
2618,長榮航,85,5,80,凱基-虎尾,2023-07-07,9236
2609,陽明,82,4,78,凱基-虎尾,2023-07-07,9236
2380,虹光,100,28,72,凱基-虎尾,2023-07-07,9236
00687B,國泰20年美債,60,0,60,凱基-虎尾,2023-07-07,9236
00680L,元大美債20正2,53,0,53,凱基-虎尾,2023-07-07,9236
3481,群創,51,3,48,凱基-虎尾,2023-07-07,9236
2468,華經,46,6,40,凱基-虎尾,2023-07-07,9236
4906,正文,41,6,35,凱基-虎尾,2023-07-07,9236
2369,菱生,34,0,34,凱基-虎尾,2023-07-07,9236
4526,東台,36,2,34,凱基-虎尾,2023-07-07,9236
00679B,元大美債20年,34,0,34,凱基-虎尾,2023-07-07,9236
3363,上詮,38,7,31,凱基-虎尾,2023-07-07,9236
2736,富野,30,0,30,凱基-虎尾,2023-07-07,9236
1522,堤維西,30,2,28,凱基-虎尾,2023-07-07,9236
3060,銘異,50,23,27,凱基-虎尾,2023-07-07,9236
00637L,元大滬深300正2,25,0,25,凱基-虎尾,2023-07-07,9236
6288,聯嘉,40,15,25,凱基-虎尾,2023-07-07,9236
2382,廣達,152,130,22,凱基-虎尾,2023-07-07,9236
2887,台新金,28,7,21,凱基-虎尾,2023-07-07,9236
00893,國泰智能電動車,20,0,20,凱基-虎尾,2023-07-07,9236
3710,連展投控,20,0,20,凱基-虎尾,2023-07-07,9236
8011,台通,20,0,20,凱基-虎尾,2023-07-07,9236
2401,凌陽,21,3,18,凱基-虎尾,2023-07-07,9236
6120,達運,18,0,18,凱基-虎尾,2023-07-07,9236
6443,元晶,22,4,18,凱基-虎尾,2023-07-07,9236
3231,緯創,1051,1034,17,凱基-虎尾,2023-07-07,9236
2881,富邦金,17,0,17,凱基-虎尾,2023-07-07,9236
2890,永豐金,16,0,16,凱基-虎尾,2023-07-07,9236
2801,彰銀,16,0,16,凱基-虎尾,2023-07-07,9236
6139,亞翔,16,0,16,凱基-虎尾,2023-07-07,9236
8358,金居,16,0,16,凱基-虎尾,2023-07-07,9236
2317,鴻海,17,1,16,凱基-虎尾,2023-07-07,9236
2409,友達,15,0,15,凱基-虎尾,2023-07-07,9236
2356,英業達,24,10,14,凱基-虎尾,2023-07-07,9236
2883,凱基金,14,0,14,凱基-虎尾,2023-07-07,9236
5243,乙盛-KY,14,0,14,凱基-虎尾,2023-07-07,9236
2891,中信金,13,0,13,凱基-虎尾,2023-07-07,9236
00720B,元大投資級公司債,13,0,13,凱基-虎尾,2023-07-07,9236
3520,華盈,15,2,13,凱基-虎尾,2023-07-07,9236
6282,康舒,44,31,13,凱基-虎尾,2023-07-07,9236
2637,慧洋-KY,12,0,12,凱基-虎尾,2023-07-07,9236
1609,大亞,11,0,11,凱基-虎尾,2023-07-07,9236
1905,華紙,11,0,11,凱基-虎尾,2023-07-07,9236
3362,先進光,15,4,11,凱基-虎尾,2023-07-07,9236
00773B,中信優先金融債,10,0,10,凱基-虎尾,2023-07-07,9236
00673R,期元大S＆P原油反1,30,20,10,凱基-虎尾,2023-07-07,9236
00633L,富邦上証正2,10,0,10,凱基-虎尾,2023-07-07,9236
6288,聯嘉,210,17,193,凱基-虎尾,2023-07-10,9236
4532,瑞智,163,30,133,凱基-虎尾,2023-07-10,9236
2402,毅嘉,80,0,80,凱基-虎尾,2023-07-10,9236
4960,誠美材,80,0,80,凱基-虎尾,2023-07-10,9236
00673R,期元大S＆P原油反1,90,25,65,凱基-虎尾,2023-07-10,9236
1806,冠軍,59,3,56,凱基-虎尾,2023-07-10,9236
1618,合機,51,5,46,凱基-虎尾,2023-07-10,9236
2303,聯電,44,1,43,凱基-虎尾,2023-07-10,9236
4934,太極,39,2,37,凱基-虎尾,2023-07-10,9236
3234,光環,37,2,35,凱基-虎尾,2023-07-10,9236
5460,同協,35,0,35,凱基-虎尾,2023-07-10,9236
2399,映泰,36,4,32,凱基-虎尾,2023-07-10,9236
2486,一詮,33,2,31,凱基-虎尾,2023-07-10,9236
3694,海華,32,1,31,凱基-虎尾,2023-07-10,9236
2356,英業達,41,10,31,凱基-虎尾,2023-07-10,9236
2301,光寶科,424,396,28,凱基-虎尾,2023-07-10,9236
8930,青鋼,28,0,28,凱基-虎尾,2023-07-10,9236
00680L,元大美債20正2,26,0,26,凱基-虎尾,2023-07-10,9236
2329,華泰,33,7,26,凱基-虎尾,2023-07-10,9236
8488,吉源-KY,26,0,26,凱基-虎尾,2023-07-10,9236
1101,台泥,25,0,25,凱基-虎尾,2023-07-10,9236
2328,廣宇,30,7,23,凱基-虎尾,2023-07-10,9236
6285,啟��,541,518,23,凱基-虎尾,2023-07-10,9236
2882,國泰金,22,0,22,凱基-虎尾,2023-07-10,9236
1504,東元,25,5,20,凱基-虎尾,2023-07-10,9236
1515,力山,21,1,20,凱基-虎尾,2023-07-10,9236
6120,達運,33,13,20,凱基-虎尾,2023-07-10,9236
6126,信音,20,0,20,凱基-虎尾,2023-07-10,9236
6248,沛波,20,0,20,凱基-虎尾,2023-07-10,9236
9945,潤泰新,19,0,19,凱基-虎尾,2023-07-10,9236
3666,光耀,18,0,18,凱基-虎尾,2023-07-10,9236
2382,廣達,787,769,18,凱基-虎尾,2023-07-10,9236
1809,中釉,19,2,17,凱基-虎尾,2023-07-10,9236
2312,金寶,16,0,16,凱基-虎尾,2023-07-10,9236
2323,中環,26,10,16,凱基-虎尾,2023-07-10,9236
3325,旭品,23,7,16,凱基-虎尾,2023-07-10,9236
2460,建通,15,0,15,凱基-虎尾,2023-07-10,9236
3025,星通,99,85,14,凱基-虎尾,2023-07-10,9236
2883,凱基金,4027,4014,13,凱基-虎尾,2023-07-10,9236
2353,宏��,21,8,13,凱基-虎尾,2023-07-10,9236
3356,奇偶,13,0,13,凱基-虎尾,2023-07-10,9236
3707,漢磊,19,6,13,凱基-虎尾,2023-07-10,9236
2332,友訊,12,0,12,凱基-虎尾,2023-07-10,9236
2618,長榮航,32,20,12,凱基-虎尾,2023-07-10,9236
3016,嘉晶,21,9,12,凱基-虎尾,2023-07-10,9236
3305,昇貿,30,19,11,凱基-虎尾,2023-07-10,9236
1608,華榮,11,0,11,凱基-虎尾,2023-07-10,9236
00882,中信中國高股息,10,0,10,凱基-虎尾,2023-07-10,9236
00795B,中信美國公債20年,10,0,10,凱基-虎尾,2023-07-10,9236
3652,精聯,10,0,10,凱基-虎尾,2023-07-10,9236
2618,長榮航,170,61,109,凱基-虎尾,2023-07-11,9236
2323,中環,122,17,105,凱基-虎尾,2023-07-11,9236
4526,東台,68,10,58,凱基-虎尾,2023-07-11,9236
3052,夆典,52,0,52,凱基-虎尾,2023-07-11,9236
6274,台燿,76,31,45,凱基-虎尾,2023-07-11,9236
2427,三商電,44,2,42,凱基-虎尾,2023-07-11,9236
2609,陽明,52,12,40,凱基-虎尾,2023-07-11,9236
1316,上曜,40,0,40,凱基-虎尾,2023-07-11,9236
6116,彩晶,38,1,37,凱基-虎尾,2023-07-11,9236
4916,事欣科,45,10,35,凱基-虎尾,2023-07-11,9236
2489,瑞軒,34,0,34,凱基-虎尾,2023-07-11,9236
5328,華容,33,0,33,凱基-虎尾,2023-07-11,9236
6288,聯嘉,30,0,30,凱基-虎尾,2023-07-11,9236
3715,定穎投控,36,11,25,凱基-虎尾,2023-07-11,9236
3313,斐成,24,0,24,凱基-虎尾,2023-07-11,9236
3481,群創,7063,7040,23,凱基-虎尾,2023-07-11,9236
1618,合機,21,0,21,凱基-虎尾,2023-07-11,9236
1301,台塑,24,4,20,凱基-虎尾,2023-07-11,9236
1460,宏遠,20,0,20,凱基-虎尾,2023-07-11,9236
2369,菱生,19,0,19,凱基-虎尾,2023-07-11,9236
4967,十銓,31,12,19,凱基-虎尾,2023-07-11,9236
1584,精剛,17,0,17,凱基-虎尾,2023-07-11,9236
2610,華航,97,80,17,凱基-虎尾,2023-07-11,9236
1905,華紙,16,0,16,凱基-虎尾,2023-07-11,9236
3289,宜特,17,1,16,凱基-虎尾,2023-07-11,9236
6234,高僑,26,10,16,凱基-虎尾,2023-07-11,9236
9919,康那香,16,0,16,凱基-虎尾,2023-07-11,9236
2342,茂矽,17,2,15,凱基-虎尾,2023-07-11,9236
2888,新光金,21,6,15,凱基-虎尾,2023-07-11,9236
4532,瑞智,47,32,15,凱基-虎尾,2023-07-11,9236
1612,宏泰,16,2,14,凱基-虎尾,2023-07-11,9236
2317,鴻海,19,5,14,凱基-虎尾,2023-07-11,9236
6282,康舒,18,4,14,凱基-虎尾,2023-07-11,9236
1603,華電,39,26,13,凱基-虎尾,2023-07-11,9236
1609,大亞,18,5,13,凱基-虎尾,2023-07-11,9236
2734,易飛網,13,0,13,凱基-虎尾,2023-07-11,9236
6182,合晶,15,2,13,凱基-虎尾,2023-07-11,9236
2347,聯強,11,0,11,凱基-虎尾,2023-07-11,9236
4707,磐亞,12,1,11,凱基-虎尾,2023-07-11,9236
6122,擎邦,13,2,11,凱基-虎尾,2023-07-11,9236
8215,明基材,11,0,11,凱基-虎尾,2023-07-11,9236
2301,光寶科,38,27,11,凱基-虎尾,2023-07-11,9236
00892,富邦台灣半導體,10,0,10,凱基-虎尾,2023-07-11,9236
2349,錸德,10,0,10,凱基-虎尾,2023-07-11,9236
2889,國票金,10,0,10,凱基-虎尾,2023-07-11,9236
3047,訊舟,10,0,10,凱基-虎尾,2023-07-11,9236
6276,安鈦克,10,0,10,凱基-虎尾,2023-07-11,9236
2401,凌陽,11,2,9,凱基-虎尾,2023-07-11,9236
2444,兆勁,10,1,9,凱基-虎尾,2023-07-11,9236
3362,先進光,13,4,9,凱基-虎尾,2023-07-11,9236
00673R,期元大S＆P原油反1,143,30,113,凱基-虎尾,2023-07-12,9236
2356,英業達,237,139,98,凱基-虎尾,2023-07-12,9236
2421,建準,103,9,94,凱基-虎尾,2023-07-12,9236
3706,神達,138,53,85,凱基-虎尾,2023-07-12,9236
00632R,元大台灣50反1,100,23,77,凱基-虎尾,2023-07-12,9236
1504,東元,60,0,60,凱基-虎尾,2023-07-12,9236
2313,華通,50,0,50,凱基-虎尾,2023-07-12,9236
4532,瑞智,86,45,41,凱基-虎尾,2023-07-12,9236
2618,長榮航,2368,2335,33,凱基-虎尾,2023-07-12,9236
4564,元翎,34,2,32,凱基-虎尾,2023-07-12,9236
5531,鄉林,32,0,32,凱基-虎尾,2023-07-12,9236
2419,仲琦,39,11,28,凱基-虎尾,2023-07-12,9236
9945,潤泰新,25,0,25,凱基-虎尾,2023-07-12,9236
00929,復華台灣科技優息,24,0,24,凱基-虎尾,2023-07-12,9236
2359,所羅門,27,3,24,凱基-虎尾,2023-07-12,9236
00679B,元大美債20年,23,0,23,凱基-虎尾,2023-07-12,9236
2449,京元電子,28,5,23,凱基-虎尾,2023-07-12,9236
00892,富邦台灣半導體,20,0,20,凱基-虎尾,2023-07-12,9236
3019,亞光,20,0,20,凱基-虎尾,2023-07-12,9236
5234,達興材料,20,0,20,凱基-虎尾,2023-07-12,9236
2340,台亞,19,3,16,凱基-虎尾,2023-07-12,9236
2329,華泰,21,6,15,凱基-虎尾,2023-07-12,9236
2851,中再保,15,0,15,凱基-虎尾,2023-07-12,9236
3071,協禧,18,3,15,凱基-虎尾,2023-07-12,9236
4533,協易機,15,0,15,凱基-虎尾,2023-07-12,9236
6120,達運,20,5,15,凱基-虎尾,2023-07-12,9236
6170,統振,15,0,15,凱基-虎尾,2023-07-12,9236
3032,偉訓,16,2,14,凱基-虎尾,2023-07-12,9236
6285,啟��,17,3,14,凱基-虎尾,2023-07-12,9236
3322,建舜電,13,0,13,凱基-虎尾,2023-07-12,9236
6182,合晶,20,7,13,凱基-虎尾,2023-07-12,9236
2387,精元,13,1,12,凱基-虎尾,2023-07-12,9236
2614,東森,12,0,12,凱基-虎尾,2023-07-12,9236
6548,長科*,12,0,12,凱基-虎尾,2023-07-12,9236
1515,力山,11,0,11,凱基-虎尾,2023-07-12,9236
2889,國票金,10,0,10,凱基-虎尾,2023-07-12,9236
1314,中石化,10,0,10,凱基-虎尾,2023-07-12,9236
1460,宏遠,10,0,10,凱基-虎尾,2023-07-12,9236
1721,三晃,10,0,10,凱基-虎尾,2023-07-12,9236
1785,光洋科,11,1,10,凱基-虎尾,2023-07-12,9236
3363,上詮,11,1,10,凱基-虎尾,2023-07-12,9236
6142,友勁,10,0,10,凱基-虎尾,2023-07-12,9236
1503,士電,15,5,10,凱基-虎尾,2023-07-12,9236
4967,十銓,25,16,9,凱基-虎尾,2023-07-12,9236
1514,亞力,13,4,9,凱基-虎尾,2023-07-12,9236
3014,聯陽,9,0,9,凱基-虎尾,2023-07-12,9236
4119,旭富,9,0,9,凱基-虎尾,2023-07-12,9236
6118,建達,9,0,9,凱基-虎尾,2023-07-12,9236
8163,達方,9,0,9,凱基-虎尾,2023-07-12,9236
8938,明安,9,0,9,凱基-虎尾,2023-07-12,9236
3363,上詮,114,13,101,凱基-虎尾,2023-07-13,9236
00632R,元大台灣50反1,72,0,72,凱基-虎尾,2023-07-13,9236
2419,仲琦,88,27,61,凱基-虎尾,2023-07-13,9236
4414,如興,60,0,60,凱基-虎尾,2023-07-13,9236
2329,華泰,115,56,59,凱基-虎尾,2023-07-13,9236
00673R,期元大S＆P原油反1,52,0,52,凱基-虎尾,2023-07-13,9236
8201,無敵,54,2,52,凱基-虎尾,2023-07-13,9236
3202,樺晟,50,0,50,凱基-虎尾,2023-07-13,9236
00679B,元大美債20年,49,0,49,凱基-虎尾,2023-07-13,9236
5443,均豪,57,11,46,凱基-虎尾,2023-07-13,9236
2884,玉山金,41,0,41,凱基-虎尾,2023-07-13,9236
1609,大亞,56,17,39,凱基-虎尾,2023-07-13,9236
3025,星通,66,28,38,凱基-虎尾,2023-07-13,9236
3325,旭品,38,2,36,凱基-虎尾,2023-07-13,9236
4532,瑞智,43,10,33,凱基-虎尾,2023-07-13,9236
2495,普安,30,1,29,凱基-虎尾,2023-07-13,9236
2331,精英,32,4,28,凱基-虎尾,2023-07-13,9236
4906,正文,28,1,27,凱基-虎尾,2023-07-13,9236
3036,文曄,26,1,25,凱基-虎尾,2023-07-13,9236
6217,中探針,24,0,24,凱基-虎尾,2023-07-13,9236
6282,康舒,111,88,23,凱基-虎尾,2023-07-13,9236
5465,富驊,42,19,23,凱基-虎尾,2023-07-13,9236
2332,友訊,22,0,22,凱基-虎尾,2023-07-13,9236
2405,輔信,22,0,22,凱基-虎尾,2023-07-13,9236
4157,太景*-KY,22,0,22,凱基-虎尾,2023-07-13,9236
2303,聯電,23,1,22,凱基-虎尾,2023-07-13,9236
2427,三商電,31,11,20,凱基-虎尾,2023-07-13,9236
3356,奇偶,25,5,20,凱基-虎尾,2023-07-13,9236
3704,合勤控,41,21,20,凱基-虎尾,2023-07-13,9236
3037,欣興,35,16,19,凱基-虎尾,2023-07-13,9236
00929,復華台灣科技優息,21,2,19,凱基-虎尾,2023-07-13,9236
3380,明泰,27,8,19,凱基-虎尾,2023-07-13,9236
2344,華邦電,45,27,18,凱基-虎尾,2023-07-13,9236
00930,永豐ESG低碳高息,18,0,18,凱基-虎尾,2023-07-13,9236
6203,海韻電,18,0,18,凱基-虎尾,2023-07-13,9236
2421,建準,39,21,18,凱基-虎尾,2023-07-13,9236
3715,定穎投控,30,13,17,凱基-虎尾,2023-07-13,9236
6285,啟��,38,21,17,凱基-虎尾,2023-07-13,9236
2498,宏達電,16,0,16,凱基-虎尾,2023-07-13,9236
3306,鼎天,16,0,16,凱基-虎尾,2023-07-13,9236
6111,大宇資,18,3,15,凱基-虎尾,2023-07-13,9236
6191,精成科,15,0,15,凱基-虎尾,2023-07-13,9236
3362,先進光,21,7,14,凱基-虎尾,2023-07-13,9236
3518,柏騰,14,0,14,凱基-虎尾,2023-07-13,9236
4533,協易機,28,14,14,凱基-虎尾,2023-07-13,9236
5512,力麒,14,0,14,凱基-虎尾,2023-07-13,9236
2881,富邦金,13,0,13,凱基-虎尾,2023-07-13,9236
1319,東陽,16,3,13,凱基-虎尾,2023-07-13,9236
2425,承啟,29,16,13,凱基-虎尾,2023-07-13,9236
2436,偉詮電,14,1,13,凱基-虎尾,2023-07-13,9236
2618,長榮航,6228,6050,178,凱基-虎尾,2023-07-14,9236
2884,玉山金,108,2,106,凱基-虎尾,2023-07-14,9236
2356,英業達,254,158,96,凱基-虎尾,2023-07-14,9236
1618,合機,95,5,90,凱基-虎尾,2023-07-14,9236
00720B,元大投資級公司債,75,0,75,凱基-虎尾,2023-07-14,9236
3704,合勤控,84,27,57,凱基-虎尾,2023-07-14,9236
3231,緯創,52,10,42,凱基-虎尾,2023-07-14,9236
00927,群益半導體收益,41,0,41,凱基-虎尾,2023-07-14,9236
2610,華航,4394,4360,34,凱基-虎尾,2023-07-14,9236
8201,無敵,62,29,33,凱基-虎尾,2023-07-14,9236
2382,廣達,3040,3007,33,凱基-虎尾,2023-07-14,9236
4533,協易機,51,22,29,凱基-虎尾,2023-07-14,9236
8358,金居,29,2,27,凱基-虎尾,2023-07-14,9236
00632R,元大台灣50反1,24,0,24,凱基-虎尾,2023-07-14,9236
2352,佳世達,32,9,23,凱基-虎尾,2023-07-14,9236
5483,中美晶,29,7,22,凱基-虎尾,2023-07-14,9236
00715L,期街口布蘭特正2,20,0,20,凱基-虎尾,2023-07-14,9236
00782B,國泰A級公用債,20,0,20,凱基-虎尾,2023-07-14,9236
4532,瑞智,27,7,20,凱基-虎尾,2023-07-14,9236
2383,台光電,19,4,15,凱基-虎尾,2023-07-14,9236
6188,廣明,30,15,15,凱基-虎尾,2023-07-14,9236
2301,光寶科,285,270,15,凱基-虎尾,2023-07-14,9236
00722B,群益投資級電信債,14,0,14,凱基-虎尾,2023-07-14,9236
00882,中信中國高股息,17,4,13,凱基-虎尾,2023-07-14,9236
4707,磐亞,12,0,12,凱基-虎尾,2023-07-14,9236
5371,中光電,12,0,12,凱基-虎尾,2023-07-14,9236
5512,力麒,26,14,12,凱基-虎尾,2023-07-14,9236
8070,長華*,12,0,12,凱基-虎尾,2023-07-14,9236
8112,至上,27,15,12,凱基-虎尾,2023-07-14,9236
1737,臺鹽,11,0,11,凱基-虎尾,2023-07-14,9236
1608,華榮,10,0,10,凱基-虎尾,2023-07-14,9236
2022,聚亨,10,0,10,凱基-虎尾,2023-07-14,9236
2399,映泰,13,3,10,凱基-虎尾,2023-07-14,9236
4306,炎洲,10,0,10,凱基-虎尾,2023-07-14,9236
4915,致伸,10,0,10,凱基-虎尾,2023-07-14,9236
5469,瀚宇博,11,1,10,凱基-虎尾,2023-07-14,9236
6112,邁達特,10,0,10,凱基-虎尾,2023-07-14,9236
6275,元山,10,0,10,凱基-虎尾,2023-07-14,9236
6005,群益證,10,1,9,凱基-虎尾,2023-07-14,9236
6164,華興,9,0,9,凱基-虎尾,2023-07-14,9236
6578,達邦蛋白,9,0,9,凱基-虎尾,2023-07-14,9236
8150,南茂,9,0,9,凱基-虎尾,2023-07-14,9236
6207,雷科,14,6,8,凱基-虎尾,2023-07-14,9236
1304,台聚,8,0,8,凱基-虎尾,2023-07-14,9236
1519,華城,9,1,8,凱基-虎尾,2023-07-14,9236
2329,華泰,81,73,8,凱基-虎尾,2023-07-14,9236
8050,廣積,37,29,8,凱基-虎尾,2023-07-14,9236
2353,宏��,19,12,7,凱基-虎尾,2023-07-14,9236
3583,辛耘,11,4,7,凱基-虎尾,2023-07-14,9236
8277,商丞,7,0,7,凱基-虎尾,2023-07-14,9236
2409,友達,531,251,280,凱基-虎尾,2023-07-17,9236
2801,彰銀,106,0,106,凱基-虎尾,2023-07-17,9236
6282,康舒,188,84,104,凱基-虎尾,2023-07-17,9236
2344,華邦電,107,8,99,凱基-虎尾,2023-07-17,9236
4414,如興,70,0,70,凱基-虎尾,2023-07-17,9236
1789,神隆,51,1,50,凱基-虎尾,2023-07-17,9236
3202,樺晟,50,0,50,凱基-虎尾,2023-07-17,9236
5328,華容,48,0,48,凱基-虎尾,2023-07-17,9236
5465,富驊,43,2,41,凱基-虎尾,2023-07-17,9236
2356,英業達,98,60,38,凱基-虎尾,2023-07-17,9236
2495,普安,53,15,38,凱基-虎尾,2023-07-17,9236
3576,聯合再生,40,3,37,凱基-虎尾,2023-07-17,9236
1711,永光,38,3,35,凱基-虎尾,2023-07-17,9236
3047,訊舟,36,1,35,凱基-虎尾,2023-07-17,9236
2485,兆赫,35,1,34,凱基-虎尾,2023-07-17,9236
3058,立德,39,5,34,凱基-虎尾,2023-07-17,9236
6116,彩晶,79,45,34,凱基-虎尾,2023-07-17,9236
2313,華通,44,12,32,凱基-虎尾,2023-07-17,9236
2618,長榮航,34,4,30,凱基-虎尾,2023-07-17,9236
1514,亞力,98,69,29,凱基-虎尾,2023-07-17,9236
8059,凱碩,30,1,29,凱基-虎尾,2023-07-17,9236
00673R,期元大S＆P原油反1,30,2,28,凱基-虎尾,2023-07-17,9236
3051,力特,28,0,28,凱基-虎尾,2023-07-17,9236
00929,復華台灣科技優息,30,3,27,凱基-虎尾,2023-07-17,9236
4934,太極,26,0,26,凱基-虎尾,2023-07-17,9236
8215,明基材,52,26,26,凱基-虎尾,2023-07-17,9236
6153,嘉聯益,25,0,25,凱基-虎尾,2023-07-17,9236
2317,鴻海,29,5,24,凱基-虎尾,2023-07-17,9236
1402,遠東新,24,0,24,凱基-虎尾,2023-07-17,9236
2425,承啟,28,4,24,凱基-虎尾,2023-07-17,9236
2413,環科,23,0,23,凱基-虎尾,2023-07-17,9236
5607,遠雄港,35,12,23,凱基-虎尾,2023-07-17,9236
2314,台揚,33,10,23,凱基-虎尾,2023-07-17,9236
8201,無敵,22,0,22,凱基-虎尾,2023-07-17,9236
00927,群益半導體收益,20,0,20,凱基-虎尾,2023-07-17,9236
2355,敬鵬,28,8,20,凱基-虎尾,2023-07-17,9236
3036,文曄,20,0,20,凱基-虎尾,2023-07-17,9236
8409,商之器,20,0,20,凱基-虎尾,2023-07-17,9236
3706,神達,21,1,20,凱基-虎尾,2023-07-17,9236
3521,鴻翊,19,0,19,凱基-虎尾,2023-07-17,9236
1529,樂事綠能,47,29,18,凱基-虎尾,2023-07-17,9236
2387,精元,18,1,17,凱基-虎尾,2023-07-17,9236
2461,光群雷,18,1,17,凱基-虎尾,2023-07-17,9236
2301,光寶科,29,13,16,凱基-虎尾,2023-07-17,9236
6443,元晶,21,5,16,凱基-虎尾,2023-07-17,9236
8028,昇陽半導體,23,7,16,凱基-虎尾,2023-07-17,9236
0056,元大高股息,31,16,15,凱基-虎尾,2023-07-17,9236
4977,眾達-KY,20,5,15,凱基-虎尾,2023-07-17,9236
1907,永豐餘,14,0,14,凱基-虎尾,2023-07-17,9236
3211,順達,14,0,14,凱基-虎尾,2023-07-17,9236
2356,英業達,213,78,135,凱基-虎尾,2023-07-18,9236
2353,宏��,2604,2535,69,凱基-虎尾,2023-07-18,9236
2324,仁寶,156,112,44,凱基-虎尾,2023-07-18,9236
2883,凱基金,36,0,36,凱基-虎尾,2023-07-18,9236
6223,旺矽,36,0,36,凱基-虎尾,2023-07-18,9236
1313,聯成,50,14,36,凱基-虎尾,2023-07-18,9236
3105,穩懋,39,4,35,凱基-虎尾,2023-07-18,9236
4938,和碩,66,33,33,凱基-虎尾,2023-07-18,9236
00712,復華富時不動產,30,0,30,凱基-虎尾,2023-07-18,9236
2401,凌陽,32,2,30,凱基-虎尾,2023-07-18,9236
2609,陽明,50,21,29,凱基-虎尾,2023-07-18,9236
6197,佳必琪,27,0,27,凱基-虎尾,2023-07-18,9236
2312,金寶,190,163,27,凱基-虎尾,2023-07-18,9236
00882,中信中國高股息,25,0,25,凱基-虎尾,2023-07-18,9236
2329,華泰,246,221,25,凱基-虎尾,2023-07-18,9236
6274,台燿,31,6,25,凱基-虎尾,2023-07-18,9236
00929,復華台灣科技優息,36,13,23,凱基-虎尾,2023-07-18,9236
1326,台化,22,0,22,凱基-虎尾,2023-07-18,9236
6188,廣明,27,6,21,凱基-虎尾,2023-07-18,9236
6203,海韻電,29,8,21,凱基-虎尾,2023-07-18,9236
2349,錸德,30,10,20,凱基-虎尾,2023-07-18,9236
6122,擎邦,48,28,20,凱基-虎尾,2023-07-18,9236
3305,昇貿,44,25,19,凱基-虎尾,2023-07-18,9236
2419,仲琦,36,17,19,凱基-虎尾,2023-07-18,9236
3715,定穎投控,19,0,19,凱基-虎尾,2023-07-18,9236
1605,華新,27,9,18,凱基-虎尾,2023-07-18,9236
5607,遠雄港,19,1,18,凱基-虎尾,2023-07-18,9236
2316,楠梓電,40,23,17,凱基-虎尾,2023-07-18,9236
2308,台達電,17,1,16,凱基-虎尾,2023-07-18,9236
3432,台端,22,6,16,凱基-虎尾,2023-07-18,9236
2603,長榮,23,9,14,凱基-虎尾,2023-07-18,9236
00753L,中信中國50正2,14,0,14,凱基-虎尾,2023-07-18,9236
2460,建通,13,0,13,凱基-虎尾,2023-07-18,9236
8341,日友,13,0,13,凱基-虎尾,2023-07-18,9236
2457,飛宏,27,14,13,凱基-虎尾,2023-07-18,9236
2405,輔信,22,10,12,凱基-虎尾,2023-07-18,9236
2449,京元電子,26,14,12,凱基-虎尾,2023-07-18,9236
6112,邁達特,17,5,12,凱基-虎尾,2023-07-18,9236
6226,光鼎,12,0,12,凱基-虎尾,2023-07-18,9236
2382,廣達,385,373,12,凱基-虎尾,2023-07-18,9236
2412,中華電,12,0,12,凱基-虎尾,2023-07-18,9236
2317,鴻海,20,8,12,凱基-虎尾,2023-07-18,9236
5465,富驊,11,0,11,凱基-虎尾,2023-07-18,9236
3518,柏騰,21,11,10,凱基-虎尾,2023-07-18,9236
00905,FT臺灣Smart,30,20,10,凱基-虎尾,2023-07-18,9236
1785,光洋科,10,0,10,凱基-虎尾,2023-07-18,9236
3071,協禧,31,21,10,凱基-虎尾,2023-07-18,9236
5398,慕康生醫,10,0,10,凱基-虎尾,2023-07-18,9236
5512,力麒,10,0,10,凱基-虎尾,2023-07-18,9236
5608,四維航,10,0,10,凱基-虎尾,2023-07-18,9236
00706L,期元大S＆P日圓正2,80,0,80,凱基-虎尾,2023-07-19,9236
6282,康舒,82,18,64,凱基-虎尾,2023-07-19,9236
3264,欣銓,66,10,56,凱基-虎尾,2023-07-19,9236
6550,北極星藥業-KY,50,1,49,凱基-虎尾,2023-07-19,9236
2353,宏��,47,5,42,凱基-虎尾,2023-07-19,9236
2458,義隆,41,1,40,凱基-虎尾,2023-07-19,9236
2610,華航,37,0,37,凱基-虎尾,2023-07-19,9236
00929,復華台灣科技優息,40,4,36,凱基-虎尾,2023-07-19,9236
2419,仲琦,98,62,36,凱基-虎尾,2023-07-19,9236
3481,群創,35,3,32,凱基-虎尾,2023-07-19,9236
1304,台聚,30,0,30,凱基-虎尾,2023-07-19,9236
5439,高技,31,1,30,凱基-虎尾,2023-07-19,9236
4123,晟德,54,27,27,凱基-虎尾,2023-07-19,9236
6187,萬潤,28,2,26,凱基-虎尾,2023-07-19,9236
2324,仁寶,1356,1331,25,凱基-虎尾,2023-07-19,9236
2312,金寶,57,33,24,凱基-虎尾,2023-07-19,9236
8011,台通,24,0,24,凱基-虎尾,2023-07-19,9236
2542,興富發,23,0,23,凱基-虎尾,2023-07-19,9236
3227,原相,23,0,23,凱基-虎尾,2023-07-19,9236
1101,台泥,21,0,21,凱基-虎尾,2023-07-19,9236
3036,文曄,21,0,21,凱基-虎尾,2023-07-19,9236
4953,緯軟,20,0,20,凱基-虎尾,2023-07-19,9236
00882,中信中國高股息,20,0,20,凱基-虎尾,2023-07-19,9236
2882,國泰金,19,0,19,凱基-虎尾,2023-07-19,9236
2888,新光金,31,12,19,凱基-虎尾,2023-07-19,9236
3052,夆典,16,0,16,凱基-虎尾,2023-07-19,9236
00632R,元大台灣50反1,15,0,15,凱基-虎尾,2023-07-19,9236
2891,中信金,15,0,15,凱基-虎尾,2023-07-19,9236
2892,第一金,15,0,15,凱基-虎尾,2023-07-19,9236
6150,撼訊,15,0,15,凱基-虎尾,2023-07-19,9236
3710,連展投控,14,0,14,凱基-虎尾,2023-07-19,9236
6472,保瑞,166,152,14,凱基-虎尾,2023-07-19,9236
3694,海華,13,0,13,凱基-虎尾,2023-07-19,9236
2883,凱基金,13,0,13,凱基-虎尾,2023-07-19,9236
2356,英業達,652,640,12,凱基-虎尾,2023-07-19,9236
6197,佳必琪,12,0,12,凱基-虎尾,2023-07-19,9236
2402,毅嘉,15,3,12,凱基-虎尾,2023-07-19,9236
2605,新興,12,0,12,凱基-虎尾,2023-07-19,9236
2617,台航,13,1,12,凱基-虎尾,2023-07-19,9236
3058,立德,12,0,12,凱基-虎尾,2023-07-19,9236
2867,三商壽,31,20,11,凱基-虎尾,2023-07-19,9236
6274,台燿,22,11,11,凱基-虎尾,2023-07-19,9236
2317,鴻海,16,5,11,凱基-虎尾,2023-07-19,9236
00715L,期街口布蘭特正2,10,0,10,凱基-虎尾,2023-07-19,9236
00665L,富邦�琤肭磪囓�2,10,0,10,凱基-虎尾,2023-07-19,9236
1517,利奇,10,0,10,凱基-虎尾,2023-07-19,9236
1727,中華化,10,0,10,凱基-虎尾,2023-07-19,9236
5351,鈺創,12,2,10,凱基-虎尾,2023-07-19,9236
6122,擎邦,25,15,10,凱基-虎尾,2023-07-19,9236
8088,品安,10,0,10,凱基-虎尾,2023-07-19,9236
2301,光寶科,904,655,249,凱基-虎尾,2023-07-20,9236
2609,陽明,119,18,101,凱基-虎尾,2023-07-20,9236
2634,漢翔,64,5,59,凱基-虎尾,2023-07-20,9236
2303,聯電,57,5,52,凱基-虎尾,2023-07-20,9236
1618,合機,55,4,51,凱基-虎尾,2023-07-20,9236
2206,三陽工業,62,20,42,凱基-虎尾,2023-07-20,9236
8112,至上,40,0,40,凱基-虎尾,2023-07-20,9236
2425,承啟,40,5,35,凱基-虎尾,2023-07-20,9236
2610,華航,277,244,33,凱基-虎尾,2023-07-20,9236
3024,憶聲,28,0,28,凱基-虎尾,2023-07-20,9236
8050,廣積,33,5,28,凱基-虎尾,2023-07-20,9236
2313,華通,30,3,27,凱基-虎尾,2023-07-20,9236
1514,亞力,31,4,27,凱基-虎尾,2023-07-20,9236
2618,長榮航,70,43,27,凱基-虎尾,2023-07-20,9236
2353,宏��,35,13,22,凱基-虎尾,2023-07-20,9236
1471,首利,21,0,21,凱基-虎尾,2023-07-20,9236
3305,昇貿,28,7,21,凱基-虎尾,2023-07-20,9236
2887,台新金,20,0,20,凱基-虎尾,2023-07-20,9236
2374,佳能,20,0,20,凱基-虎尾,2023-07-20,9236
2492,華新科,22,2,20,凱基-虎尾,2023-07-20,9236
2352,佳世達,26,7,19,凱基-虎尾,2023-07-20,9236
6245,立端,20,2,18,凱基-虎尾,2023-07-20,9236
2913,農林,17,0,17,凱基-虎尾,2023-07-20,9236
3037,欣興,228,212,16,凱基-虎尾,2023-07-20,9236
2329,華泰,17,1,16,凱基-虎尾,2023-07-20,9236
4938,和碩,20,6,14,凱基-虎尾,2023-07-20,9236
6770,力積電,17,3,14,凱基-虎尾,2023-07-20,9236
1102,亞泥,13,0,13,凱基-虎尾,2023-07-20,9236
1529,樂事綠能,24,14,10,凱基-虎尾,2023-07-20,9236
4979,華星光,11,1,10,凱基-虎尾,2023-07-20,9236
00893,國泰智能電動車,10,0,10,凱基-虎尾,2023-07-20,9236
1712,興農,10,0,10,凱基-虎尾,2023-07-20,9236
2367,燿華,10,0,10,凱基-虎尾,2023-07-20,9236
4904,遠傳,10,0,10,凱基-虎尾,2023-07-20,9236
5608,四維航,10,0,10,凱基-虎尾,2023-07-20,9236
2316,楠梓電,18,9,9,凱基-虎尾,2023-07-20,9236
2495,普安,10,1,9,凱基-虎尾,2023-07-20,9236
3694,海華,9,0,9,凱基-虎尾,2023-07-20,9236
2376,技嘉,10,1,9,凱基-虎尾,2023-07-20,9236
1503,士電,9,0,9,凱基-虎尾,2023-07-20,9236
2317,鴻海,3724,3716,8,凱基-虎尾,2023-07-20,9236
1802,台玻,8,0,8,凱基-虎尾,2023-07-20,9236
1815,富喬,10,2,8,凱基-虎尾,2023-07-20,9236
1905,華紙,34,26,8,凱基-虎尾,2023-07-20,9236
2328,廣宇,8,0,8,凱基-虎尾,2023-07-20,9236
4129,聯合,8,0,8,凱基-虎尾,2023-07-20,9236
6217,中探針,8,0,8,凱基-虎尾,2023-07-20,9236
8222,寶一,11,3,8,凱基-虎尾,2023-07-20,9236
2453,凌群,8,1,7,凱基-虎尾,2023-07-20,9236
3029,零壹,8,1,7,凱基-虎尾,2023-07-20,9236
00706L,期元大S＆P日圓正2,120,0,120,凱基-虎尾,2023-07-21,9236
2329,華泰,102,17,85,凱基-虎尾,2023-07-21,9236
1513,中興電,1201,1125,76,凱基-虎尾,2023-07-21,9236
1217,愛之味,37,0,37,凱基-虎尾,2023-07-21,9236
2331,精英,35,3,32,凱基-虎尾,2023-07-21,9236
1519,華城,31,0,31,凱基-虎尾,2023-07-21,9236
1504,東元,45,15,30,凱基-虎尾,2023-07-21,9236
5864,致和證,27,0,27,凱基-虎尾,2023-07-21,9236
2312,金寶,45,19,26,凱基-虎尾,2023-07-21,9236
2324,仁寶,32,11,21,凱基-虎尾,2023-07-21,9236
2399,映泰,32,11,21,凱基-虎尾,2023-07-21,9236
3444,利機,22,2,20,凱基-虎尾,2023-07-21,9236
1102,亞泥,19,0,19,凱基-虎尾,2023-07-21,9236
2491,吉祥全,19,0,19,凱基-虎尾,2023-07-21,9236
2382,廣達,94,75,19,凱基-虎尾,2023-07-21,9236
8027,鈦昇,18,0,18,凱基-虎尾,2023-07-21,9236
3037,欣興,26,9,17,凱基-虎尾,2023-07-21,9236
2441,超豐,17,0,17,凱基-虎尾,2023-07-21,9236
3581,博磊,33,16,17,凱基-虎尾,2023-07-21,9236
6505,台塑化,17,0,17,凱基-虎尾,2023-07-21,9236
1528,恩德,15,0,15,凱基-虎尾,2023-07-21,9236
2486,一詮,18,3,15,凱基-虎尾,2023-07-21,9236
6269,台郡,15,0,15,凱基-虎尾,2023-07-21,9236
2412,中華電,14,0,14,凱基-虎尾,2023-07-21,9236
4726,永昕,14,0,14,凱基-虎尾,2023-07-21,9236
2515,中工,14,0,14,凱基-虎尾,2023-07-21,9236
2449,京元電子,13,0,13,凱基-虎尾,2023-07-21,9236
2413,環科,13,1,12,凱基-虎尾,2023-07-21,9236
2419,仲琦,76,65,11,凱基-虎尾,2023-07-21,9236
2104,國際中橡,11,0,11,凱基-虎尾,2023-07-21,9236
3051,力特,20,9,11,凱基-虎尾,2023-07-21,9236
4157,太景*-KY,11,0,11,凱基-虎尾,2023-07-21,9236
2352,佳世達,16,5,11,凱基-虎尾,2023-07-21,9236
4908,前鼎,12,2,10,凱基-虎尾,2023-07-21,9236
2454,聯發科,11,1,10,凱基-虎尾,2023-07-21,9236
00905,FT臺灣Smart,10,0,10,凱基-虎尾,2023-07-21,9236
00930,永豐ESG低碳高息,10,0,10,凱基-虎尾,2023-07-21,9236
00679B,元大美債20年,10,0,10,凱基-虎尾,2023-07-21,9236
00669R,國泰美國道瓊反1,10,0,10,凱基-虎尾,2023-07-21,9236
2313,華通,15,5,10,凱基-虎尾,2023-07-21,9236
2906,高林,10,0,10,凱基-虎尾,2023-07-21,9236
2405,輔信,19,10,9,凱基-虎尾,2023-07-21,9236
1903,士紙,17,8,9,凱基-虎尾,2023-07-21,9236
3689,湧德,11,2,9,凱基-虎尾,2023-07-21,9236
8033,雷虎,10,1,9,凱基-虎尾,2023-07-21,9236
1101,台泥,8,0,8,凱基-虎尾,2023-07-21,9236
00641R,富邦日本反1,8,0,8,凱基-虎尾,2023-07-21,9236
1795,美時,16,8,8,凱基-虎尾,2023-07-21,9236
3006,晶豪科,8,0,8,凱基-虎尾,2023-07-21,9236
3071,協禧,17,9,8,凱基-虎尾,2023-07-21,9236
2888,新光金,112,0,112,凱基-虎尾,2023-07-24,9236
1905,華紙,135,43,92,凱基-虎尾,2023-07-24,9236
4726,永昕,62,2,60,凱基-虎尾,2023-07-24,9236
00706L,期元大S＆P日圓正2,40,0,40,凱基-虎尾,2023-07-24,9236
5452,佶優,42,3,39,凱基-虎尾,2023-07-24,9236
3481,群創,43,6,37,凱基-虎尾,2023-07-24,9236
2353,宏��,93,56,37,凱基-虎尾,2023-07-24,9236
1102,亞泥,35,0,35,凱基-虎尾,2023-07-24,9236
6550,北極星藥業-KY,30,1,29,凱基-虎尾,2023-07-24,9236
3444,利機,30,2,28,凱基-虎尾,2023-07-24,9236
5465,富驊,30,3,27,凱基-虎尾,2023-07-24,9236
1789,神隆,23,0,23,凱基-虎尾,2023-07-24,9236
2312,金寶,23,0,23,凱基-虎尾,2023-07-24,9236
3036,文曄,20,0,20,凱基-虎尾,2023-07-24,9236
6234,高僑,20,0,20,凱基-虎尾,2023-07-24,9236
1909,榮成,20,1,19,凱基-虎尾,2023-07-24,9236
1907,永豐餘,39,21,18,凱基-虎尾,2023-07-24,9236
1513,中興電,652,635,17,凱基-虎尾,2023-07-24,9236
3221,台嘉碩,24,7,17,凱基-虎尾,2023-07-24,9236
3581,博磊,18,1,17,凱基-虎尾,2023-07-24,9236
3706,神達,26,9,17,凱基-虎尾,2023-07-24,9236
2359,所羅門,17,1,16,凱基-虎尾,2023-07-24,9236
6706,惠特,16,0,16,凱基-虎尾,2023-07-24,9236
1316,上曜,15,0,15,凱基-虎尾,2023-07-24,9236
2884,玉山金,15,0,15,凱基-虎尾,2023-07-24,9236
3264,欣銓,15,0,15,凱基-虎尾,2023-07-24,9236
3338,泰碩,20,5,15,凱基-虎尾,2023-07-24,9236
6112,邁達特,17,2,15,凱基-虎尾,2023-07-24,9236
1618,合機,41,26,15,凱基-虎尾,2023-07-24,9236
2201,裕隆,14,0,14,凱基-虎尾,2023-07-24,9236
2405,輔信,21,7,14,凱基-虎尾,2023-07-24,9236
2890,永豐金,14,0,14,凱基-虎尾,2023-07-24,9236
3450,聯鈞,14,0,14,凱基-虎尾,2023-07-24,9236
00679B,元大美債20年,13,0,13,凱基-虎尾,2023-07-24,9236
8234,新漢,14,1,13,凱基-虎尾,2023-07-24,9236
3013,晟銘電,68,56,12,凱基-虎尾,2023-07-24,9236
1795,美時,13,1,12,凱基-虎尾,2023-07-24,9236
5439,高技,12,0,12,凱基-虎尾,2023-07-24,9236
1314,中石化,11,0,11,凱基-虎尾,2023-07-24,9236
3540,曜越,19,8,11,凱基-虎尾,2023-07-24,9236
5469,瀚宇博,11,0,11,凱基-虎尾,2023-07-24,9236
6657,華安,11,0,11,凱基-虎尾,2023-07-24,9236
8249,菱光,12,1,11,凱基-虎尾,2023-07-24,9236
8926,台汽電,13,2,11,凱基-虎尾,2023-07-24,9236
6274,台燿,64,53,11,凱基-虎尾,2023-07-24,9236
1101,台泥,16,5,11,凱基-虎尾,2023-07-24,9236
3037,欣興,1102,1092,10,凱基-虎尾,2023-07-24,9236
00637L,元大滬深300正2,10,0,10,凱基-虎尾,2023-07-24,9236
00671R,富邦NASDAQ反1,10,0,10,凱基-虎尾,2023-07-24,9236
00665L,富邦�琤肭磪囓�2,10,0,10,凱基-虎尾,2023-07-24,9236
3711,日月光投控,969,145,824,凱基-虎尾,2023-07-25,9236
2337,旺宏,100,1,99,凱基-虎尾,2023-07-25,9236
1618,合機,90,1,89,凱基-虎尾,2023-07-25,9236
1504,東元,121,64,57,凱基-虎尾,2023-07-25,9236
2610,華航,67,15,52,凱基-虎尾,2023-07-25,9236
00712,復華富時不動產,50,0,50,凱基-虎尾,2023-07-25,9236
00673R,期元大S＆P原油反1,38,5,33,凱基-虎尾,2023-07-25,9236
2887,台新金,43,11,32,凱基-虎尾,2023-07-25,9236
2891,中信金,30,0,30,凱基-虎尾,2023-07-25,9236
5328,華容,30,0,30,凱基-虎尾,2023-07-25,9236
3540,曜越,39,10,29,凱基-虎尾,2023-07-25,9236
5512,力麒,28,0,28,凱基-虎尾,2023-07-25,9236
4533,協易機,31,7,24,凱基-虎尾,2023-07-25,9236
00885,富邦越南,25,1,24,凱基-虎尾,2023-07-25,9236
6706,惠特,24,0,24,凱基-虎尾,2023-07-25,9236
1815,富喬,27,4,23,凱基-虎尾,2023-07-25,9236
2357,華碩,33,10,23,凱基-虎尾,2023-07-25,9236
3024,憶聲,27,6,21,凱基-虎尾,2023-07-25,9236
00632R,元大台灣50反1,20,0,20,凱基-虎尾,2023-07-25,9236
5443,均豪,27,8,19,凱基-虎尾,2023-07-25,9236
5880,合庫金,16,0,16,凱基-虎尾,2023-07-25,9236
2317,鴻海,8090,8074,16,凱基-虎尾,2023-07-25,9236
3689,湧德,18,2,16,凱基-虎尾,2023-07-25,9236
2852,第一保,15,0,15,凱基-虎尾,2023-07-25,9236
6126,信音,17,2,15,凱基-虎尾,2023-07-25,9236
2382,廣達,62,48,14,凱基-虎尾,2023-07-25,9236
2316,楠梓電,14,0,14,凱基-虎尾,2023-07-25,9236
2449,京元電子,13,0,13,凱基-虎尾,2023-07-25,9236
2312,金寶,66,53,13,凱基-虎尾,2023-07-25,9236
4908,前鼎,15,2,13,凱基-虎尾,2023-07-25,9236
5258,虹堡,33,20,13,凱基-虎尾,2023-07-25,9236
2883,凱基金,15,2,13,凱基-虎尾,2023-07-25,9236
6125,廣運,20,8,12,凱基-虎尾,2023-07-25,9236
4532,瑞智,12,0,12,凱基-虎尾,2023-07-25,9236
6005,群益證,12,0,12,凱基-虎尾,2023-07-25,9236
1560,中砂,18,6,12,凱基-虎尾,2023-07-25,9236
00929,復華台灣科技優息,12,1,11,凱基-虎尾,2023-07-25,9236
1301,台塑,11,0,11,凱基-虎尾,2023-07-25,9236
1603,華電,15,4,11,凱基-虎尾,2023-07-25,9236
1785,光洋科,11,0,11,凱基-虎尾,2023-07-25,9236
2457,飛宏,11,0,11,凱基-虎尾,2023-07-25,9236
3058,立德,17,6,11,凱基-虎尾,2023-07-25,9236
3583,辛耘,15,4,11,凱基-虎尾,2023-07-25,9236
4934,太極,11,0,11,凱基-虎尾,2023-07-25,9236
5210,寶碩,11,0,11,凱基-虎尾,2023-07-25,9236
6770,力積電,15,4,11,凱基-虎尾,2023-07-25,9236
2399,映泰,16,6,10,凱基-虎尾,2023-07-25,9236
5340,建榮,10,0,10,凱基-虎尾,2023-07-25,9236
8201,無敵,10,0,10,凱基-虎尾,2023-07-25,9236
1529,樂事綠能,11,2,9,凱基-虎尾,2023-07-25,9236
00632R,元大台灣50反1,152,0,152,凱基-虎尾,2023-07-26,9236
00673R,期元大S＆P原油反1,71,7,64,凱基-虎尾,2023-07-26,9236
1504,東元,139,85,54,凱基-虎尾,2023-07-26,9236
2405,輔信,68,18,50,凱基-虎尾,2023-07-26,9236
3191,雲嘉南,50,1,49,凱基-虎尾,2023-07-26,9236
1313,聯成,61,32,29,凱基-虎尾,2023-07-26,9236
1618,合機,39,11,28,凱基-虎尾,2023-07-26,9236
1736,喬山,25,0,25,凱基-虎尾,2023-07-26,9236
2471,資通,25,0,25,凱基-虎尾,2023-07-26,9236
3029,零壹,31,7,24,凱基-虎尾,2023-07-26,9236
2409,友達,2054,2032,22,凱基-虎尾,2023-07-26,9236
00712,復華富時不動產,21,0,21,凱基-虎尾,2023-07-26,9236
00671R,富邦NASDAQ反1,20,0,20,凱基-虎尾,2023-07-26,9236
5351,鈺創,20,0,20,凱基-虎尾,2023-07-26,9236
8201,無敵,20,0,20,凱基-虎尾,2023-07-26,9236
2371,大同,21,3,18,凱基-虎尾,2023-07-26,9236
4915,致伸,18,0,18,凱基-虎尾,2023-07-26,9236
00929,復華台灣科技優息,17,1,16,凱基-虎尾,2023-07-26,9236
4532,瑞智,60,44,16,凱基-虎尾,2023-07-26,9236
2354,鴻準,60,45,15,凱基-虎尾,2023-07-26,9236
1217,愛之味,19,4,15,凱基-虎尾,2023-07-26,9236
00680L,元大美債20正2,15,0,15,凱基-虎尾,2023-07-26,9236
6124,業強,15,0,15,凱基-虎尾,2023-07-26,9236
2344,華邦電,13,0,13,凱基-虎尾,2023-07-26,9236
3450,聯鈞,23,10,13,凱基-虎尾,2023-07-26,9236
2337,旺宏,12,0,12,凱基-虎尾,2023-07-26,9236
3211,順達,12,0,12,凱基-虎尾,2023-07-26,9236
3380,明泰,12,0,12,凱基-虎尾,2023-07-26,9236
6116,彩晶,12,0,12,凱基-虎尾,2023-07-26,9236
00679B,元大美債20年,11,0,11,凱基-虎尾,2023-07-26,9236
6117,迎廣,12,1,11,凱基-虎尾,2023-07-26,9236
6185,幃翔,11,0,11,凱基-虎尾,2023-07-26,9236
2301,光寶科,430,419,11,凱基-虎尾,2023-07-26,9236
2382,廣達,342,332,10,凱基-虎尾,2023-07-26,9236
00753L,中信中國50正2,10,0,10,凱基-虎尾,2023-07-26,9236
00900,富邦特選高股息30,10,0,10,凱基-虎尾,2023-07-26,9236
020028,元大特選電動車N,10,0,10,凱基-虎尾,2023-07-26,9236
2468,華經,23,13,10,凱基-虎尾,2023-07-26,9236
2852,第一保,10,0,10,凱基-虎尾,2023-07-26,9236
2867,三商壽,11,1,10,凱基-虎尾,2023-07-26,9236
1904,正隆,11,2,9,凱基-虎尾,2023-07-26,9236
2027,大成鋼,10,1,9,凱基-虎尾,2023-07-26,9236
2211,長榮鋼,9,0,9,凱基-虎尾,2023-07-26,9236
3044,健鼎,10,1,9,凱基-虎尾,2023-07-26,9236
6188,廣明,52,43,9,凱基-虎尾,2023-07-26,9236
3406,玉晶光,8,0,8,凱基-虎尾,2023-07-26,9236
4107,邦特,8,0,8,凱基-虎尾,2023-07-26,9236
6449,鈺邦,8,0,8,凱基-虎尾,2023-07-26,9236
2880,華南金,7,0,7,凱基-虎尾,2023-07-26,9236
00923,群益台ESG低碳50,7,0,7,凱基-虎尾,2023-07-26,9236
2888,新光金,2889,2525,364,凱基-虎尾,2023-07-27,9236
2409,友達,2018,1761,257,凱基-虎尾,2023-07-27,9236
3481,群創,1526,1411,115,凱基-虎尾,2023-07-27,9236
1905,華紙,199,102,97,凱基-虎尾,2023-07-27,9236
1815,富喬,94,32,62,凱基-虎尾,2023-07-27,9236
6116,彩晶,77,26,51,凱基-虎尾,2023-07-27,9236
6282,康舒,205,156,49,凱基-虎尾,2023-07-27,9236
2913,農林,171,131,40,凱基-虎尾,2023-07-27,9236
2471,資通,60,21,39,凱基-虎尾,2023-07-27,9236
2605,新興,38,0,38,凱基-虎尾,2023-07-27,9236
2610,華航,107,69,38,凱基-虎尾,2023-07-27,9236
5608,四維航,36,0,36,凱基-虎尾,2023-07-27,9236
3583,辛耘,42,7,35,凱基-虎尾,2023-07-27,9236
3056,富華新,39,4,35,凱基-虎尾,2023-07-27,9236
1522,堤維西,193,162,31,凱基-虎尾,2023-07-27,9236
2329,華泰,94,63,31,凱基-虎尾,2023-07-27,9236
00671R,富邦NASDAQ反1,30,0,30,凱基-虎尾,2023-07-27,9236
5328,華容,30,0,30,凱基-虎尾,2023-07-27,9236
8105,凌巨,45,18,27,凱基-虎尾,2023-07-27,9236
6190,萬泰科,27,1,26,凱基-虎尾,2023-07-27,9236
2354,鴻準,32,7,25,凱基-虎尾,2023-07-27,9236
2852,第一保,25,0,25,凱基-虎尾,2023-07-27,9236
6120,達運,30,5,25,凱基-虎尾,2023-07-27,9236
2344,華邦電,37,13,24,凱基-虎尾,2023-07-27,9236
6244,茂迪,26,2,24,凱基-虎尾,2023-07-27,9236
2317,鴻海,124,101,23,凱基-虎尾,2023-07-27,9236
2468,華經,38,15,23,凱基-虎尾,2023-07-27,9236
00632R,元大台灣50反1,21,0,21,凱基-虎尾,2023-07-27,9236
2369,菱生,25,4,21,凱基-虎尾,2023-07-27,9236
2606,裕民,21,0,21,凱基-虎尾,2023-07-27,9236
6274,台燿,31,11,20,凱基-虎尾,2023-07-27,9236
2486,一詮,20,0,20,凱基-虎尾,2023-07-27,9236
3024,憶聲,20,0,20,凱基-虎尾,2023-07-27,9236
3689,湧德,22,2,20,凱基-虎尾,2023-07-27,9236
4967,十銓,20,0,20,凱基-虎尾,2023-07-27,9236
5452,佶優,27,7,20,凱基-虎尾,2023-07-27,9236
6196,帆宣,35,15,20,凱基-虎尾,2023-07-27,9236
2618,長榮航,41,21,20,凱基-虎尾,2023-07-27,9236
9945,潤泰新,22,3,19,凱基-虎尾,2023-07-27,9236
1587,吉茂,27,9,18,凱基-虎尾,2023-07-27,9236
2204,中華,18,0,18,凱基-虎尾,2023-07-27,9236
2427,三商電,18,0,18,凱基-虎尾,2023-07-27,9236
1314,中石化,21,4,17,凱基-虎尾,2023-07-27,9236
1907,永豐餘,91,74,17,凱基-虎尾,2023-07-27,9236
3051,力特,21,4,17,凱基-虎尾,2023-07-27,9236
00712,復華富時不動產,25,9,16,凱基-虎尾,2023-07-27,9236
6161,捷波,17,1,16,凱基-虎尾,2023-07-27,9236
3066,李洲,15,0,15,凱基-虎尾,2023-07-27,9236
3499,環天科,15,0,15,凱基-虎尾,2023-07-27,9236
2303,聯電,17,3,14,凱基-虎尾,2023-07-27,9236
00632R,元大台灣50反1,102,10,92,凱基-虎尾,2023-07-28,9236
00680L,元大美債20正2,87,0,87,凱基-虎尾,2023-07-28,9236
3711,日月光投控,73,2,71,凱基-虎尾,2023-07-28,9236
6235,華孚,39,6,33,凱基-虎尾,2023-07-28,9236
2404,漢唐,32,0,32,凱基-虎尾,2023-07-28,9236
2883,凱基金,31,0,31,凱基-虎尾,2023-07-28,9236
2515,中工,30,0,30,凱基-虎尾,2023-07-28,9236
00712,復華富時不動產,29,0,29,凱基-虎尾,2023-07-28,9236
2888,新光金,48,22,26,凱基-虎尾,2023-07-28,9236
1102,亞泥,23,0,23,凱基-虎尾,2023-07-28,9236
2027,大成鋼,33,10,23,凱基-虎尾,2023-07-28,9236
00679B,元大美債20年,22,0,22,凱基-虎尾,2023-07-28,9236
8027,鈦昇,22,0,22,凱基-虎尾,2023-07-28,9236
3078,僑威,45,25,20,凱基-虎尾,2023-07-28,9236
2405,輔信,24,5,19,凱基-虎尾,2023-07-28,9236
4989,榮科,31,12,19,凱基-虎尾,2023-07-28,9236
2329,華泰,252,233,19,凱基-虎尾,2023-07-28,9236
00687B,國泰20年美債,18,0,18,凱基-虎尾,2023-07-28,9236
2852,第一保,18,0,18,凱基-虎尾,2023-07-28,9236
6126,信音,23,5,18,凱基-虎尾,2023-07-28,9236
1517,利奇,17,0,17,凱基-虎尾,2023-07-28,9236
00673R,期元大S＆P原油反1,15,0,15,凱基-虎尾,2023-07-28,9236
1609,大亞,15,0,15,凱基-虎尾,2023-07-28,9236
00885,富邦越南,17,3,14,凱基-虎尾,2023-07-28,9236
3088,艾訊,29,15,14,凱基-虎尾,2023-07-28,9236
3325,旭品,14,0,14,凱基-虎尾,2023-07-28,9236
5443,均豪,16,2,14,凱基-虎尾,2023-07-28,9236
6125,廣運,14,2,12,凱基-虎尾,2023-07-28,9236
1612,宏泰,13,1,12,凱基-虎尾,2023-07-28,9236
4915,致伸,18,6,12,凱基-虎尾,2023-07-28,9236
1471,首利,11,0,11,凱基-虎尾,2023-07-28,9236
3055,蔚華科,21,10,11,凱基-虎尾,2023-07-28,9236
3264,欣銓,16,5,11,凱基-虎尾,2023-07-28,9236
2880,華南金,11,0,11,凱基-虎尾,2023-07-28,9236
3037,欣興,13,3,10,凱基-虎尾,2023-07-28,9236
00779B,凱基美債25+,10,0,10,凱基-虎尾,2023-07-28,9236
1526,日馳,10,0,10,凱基-虎尾,2023-07-28,9236
1721,三晃,10,0,10,凱基-虎尾,2023-07-28,9236
2354,鴻準,11,1,10,凱基-虎尾,2023-07-28,9236
2355,敬鵬,10,0,10,凱基-虎尾,2023-07-28,9236
4532,瑞智,11,1,10,凱基-虎尾,2023-07-28,9236
00722B,群益投資級電信債,9,0,9,凱基-虎尾,2023-07-28,9236
3211,順達,9,0,9,凱基-虎尾,2023-07-28,9236
8358,金居,33,24,9,凱基-虎尾,2023-07-28,9236
1909,榮成,10,2,8,凱基-虎尾,2023-07-28,9236
00795B,中信美國公債20年,8,0,8,凱基-虎尾,2023-07-28,9236
00927,群益半導體收益,8,0,8,凱基-虎尾,2023-07-28,9236
2009,第一銅,10,2,8,凱基-虎尾,2023-07-28,9236
2301,光寶科,49,42,7,凱基-虎尾,2023-07-28,9236
00720B,元大投資級公司債,7,0,7,凱基-虎尾,2023-07-28,9236
3481,群創,381,84,297,凱基-虎尾,2023-07-31,9236
00706L,期元大S＆P日圓正2,250,20,230,凱基-虎尾,2023-07-31,9236
1905,華紙,182,130,52,凱基-虎尾,2023-07-31,9236
2618,長榮航,47,0,47,凱基-虎尾,2023-07-31,9236
2883,凱基金,62,18,44,凱基-虎尾,2023-07-31,9236
2023,燁輝,40,0,40,凱基-虎尾,2023-07-31,9236
2312,金寶,73,33,40,凱基-虎尾,2023-07-31,9236
00632R,元大台灣50反1,55,16,39,凱基-虎尾,2023-07-31,9236
00929,復華台灣科技優息,41,5,36,凱基-虎尾,2023-07-31,9236
2002,中鋼,30,0,30,凱基-虎尾,2023-07-31,9236
5880,合庫金,30,0,30,凱基-虎尾,2023-07-31,9236
2206,三陽工業,32,3,29,凱基-虎尾,2023-07-31,9236
3191,雲嘉南,28,0,28,凱基-虎尾,2023-07-31,9236
3231,緯創,68,43,25,凱基-虎尾,2023-07-31,9236
6152,百一,25,0,25,凱基-虎尾,2023-07-31,9236
6188,廣明,33,8,25,凱基-虎尾,2023-07-31,9236
1907,永豐餘,28,5,23,凱基-虎尾,2023-07-31,9236
8110,華東,23,0,23,凱基-虎尾,2023-07-31,9236
1802,台玻,163,142,21,凱基-虎尾,2023-07-31,9236
5457,宣德,20,1,19,凱基-虎尾,2023-07-31,9236
6190,萬泰科,20,1,19,凱基-虎尾,2023-07-31,9236
6116,彩晶,31,13,18,凱基-虎尾,2023-07-31,9236
00679B,元大美債20年,16,0,16,凱基-虎尾,2023-07-31,9236
1815,富喬,22,6,16,凱基-虎尾,2023-07-31,9236
2609,陽明,17,1,16,凱基-虎尾,2023-07-31,9236
6496,科懋,16,0,16,凱基-虎尾,2023-07-31,9236
00892,富邦台灣半導體,15,0,15,凱基-虎尾,2023-07-31,9236
8011,台通,15,0,15,凱基-虎尾,2023-07-31,9236
00878,國泰永續高股息,25,11,14,凱基-虎尾,2023-07-31,9236
1909,榮成,20,7,13,凱基-虎尾,2023-07-31,9236
2323,中環,18,5,13,凱基-虎尾,2023-07-31,9236
2329,華泰,61,48,13,凱基-虎尾,2023-07-31,9236
2317,鴻海,11,0,11,凱基-虎尾,2023-07-31,9236
6214,精誠,22,11,11,凱基-虎尾,2023-07-31,9236
3037,欣興,12,1,11,凱基-虎尾,2023-07-31,9236
00919,群益台灣精選高息,10,0,10,凱基-虎尾,2023-07-31,9236
00673R,期元大S＆P原油反1,10,0,10,凱基-虎尾,2023-07-31,9236
020030,統一智慧電動車N,10,0,10,凱基-虎尾,2023-07-31,9236
1522,堤維西,10,0,10,凱基-虎尾,2023-07-31,9236
3346,麗清,110,100,10,凱基-虎尾,2023-07-31,9236
3581,博磊,10,0,10,凱基-虎尾,2023-07-31,9236
3693,營邦,11,1,10,凱基-虎尾,2023-07-31,9236
6585,鼎基,10,0,10,凱基-虎尾,2023-07-31,9236
6125,廣運,20,10,10,凱基-虎尾,2023-07-31,9236
2405,輔信,10,1,9,凱基-虎尾,2023-07-31,9236
4934,太極,10,1,9,凱基-虎尾,2023-07-31,9236
00923,群益台ESG低碳50,8,0,8,凱基-虎尾,2023-07-31,9236
1809,中釉,8,0,8,凱基-虎尾,2023-07-31,9236
2352,佳世達,8,0,8,凱基-虎尾,2023-07-31,9236
2486,一詮,8,0,8,凱基-虎尾,2023-07-31,9236
2337,旺宏,230,7,223,凱基-虎尾,2023-08-01,9236
3481,群創,1006,933,73,凱基-虎尾,2023-08-01,9236
2618,長榮航,61,12,49,凱基-虎尾,2023-08-01,9236
00632R,元大台灣50反1,40,1,39,凱基-虎尾,2023-08-01,9236
00673R,期元大S＆P原油反1,36,0,36,凱基-虎尾,2023-08-01,9236
3013,晟銘電,33,1,32,凱基-虎尾,2023-08-01,9236
1608,華榮,31,0,31,凱基-虎尾,2023-08-01,9236
1313,聯成,30,7,23,凱基-虎尾,2023-08-01,9236
1907,永豐餘,23,0,23,凱基-虎尾,2023-08-01,9236
3325,旭品,26,3,23,凱基-虎尾,2023-08-01,9236
3443,創意,22,0,22,凱基-虎尾,2023-08-01,9236
2344,華邦電,39,17,22,凱基-虎尾,2023-08-01,9236
1783,和康生,21,0,21,凱基-虎尾,2023-08-01,9236
1102,亞泥,20,0,20,凱基-虎尾,2023-08-01,9236
00720B,元大投資級公司債,20,0,20,凱基-虎尾,2023-08-01,9236
00715L,期街口布蘭特正2,20,0,20,凱基-虎尾,2023-08-01,9236
1789,神隆,19,0,19,凱基-虎尾,2023-08-01,9236
2317,鴻海,3014,2997,17,凱基-虎尾,2023-08-01,9236
6285,啟��,40,24,16,凱基-虎尾,2023-08-01,9236
5371,中光電,102,86,16,凱基-虎尾,2023-08-01,9236
6187,萬潤,21,5,16,凱基-虎尾,2023-08-01,9236
2482,連宇,15,0,15,凱基-虎尾,2023-08-01,9236
2610,華航,16,1,15,凱基-虎尾,2023-08-01,9236
3257,虹冠電,16,1,15,凱基-虎尾,2023-08-01,9236
2405,輔信,14,0,14,凱基-虎尾,2023-08-01,9236
00929,復華台灣科技優息,13,0,13,凱基-虎尾,2023-08-01,9236
00885,富邦越南,13,0,13,凱基-虎尾,2023-08-01,9236
2913,農林,23,10,13,凱基-虎尾,2023-08-01,9236
3588,通嘉,14,1,13,凱基-虎尾,2023-08-01,9236
2892,第一金,13,0,13,凱基-虎尾,2023-08-01,9236
2006,東和鋼鐵,11,0,11,凱基-虎尾,2023-08-01,9236
2606,裕民,11,0,11,凱基-虎尾,2023-08-01,9236
3163,波若威,37,26,11,凱基-虎尾,2023-08-01,9236
3581,博磊,11,0,11,凱基-虎尾,2023-08-01,9236
4979,華星光,18,8,10,凱基-虎尾,2023-08-01,9236
1784,訊聯,10,0,10,凱基-虎尾,2023-08-01,9236
2241,艾姆勒,10,0,10,凱基-虎尾,2023-08-01,9236
2313,華通,10,0,10,凱基-虎尾,2023-08-01,9236
1217,愛之味,23,14,9,凱基-虎尾,2023-08-01,9236
00637L,元大滬深300正2,9,0,9,凱基-虎尾,2023-08-01,9236
3380,明泰,12,3,9,凱基-虎尾,2023-08-01,9236
5328,華容,9,0,9,凱基-虎尾,2023-08-01,9236
2612,中航,9,0,9,凱基-虎尾,2023-08-01,9236
2449,京元電子,12,3,9,凱基-虎尾,2023-08-01,9236
3105,穩懋,12,4,8,凱基-虎尾,2023-08-01,9236
2630,亞航,8,0,8,凱基-虎尾,2023-08-01,9236
2356,英業達,20,13,7,凱基-虎尾,2023-08-01,9236
1609,大亞,7,0,7,凱基-虎尾,2023-08-01,9236
2891,中信金,14,7,7,凱基-虎尾,2023-08-01,9236
4108,懷特,7,0,7,凱基-虎尾,2023-08-01,9236
00706L,期元大S＆P日圓正2,162,20,142,凱基-虎尾,2023-08-02,9236
2337,旺宏,142,0,142,凱基-虎尾,2023-08-02,9236
1101,台泥,106,0,106,凱基-虎尾,2023-08-02,9236
2618,長榮航,92,21,71,凱基-虎尾,2023-08-02,9236
3714,富采,72,1,71,凱基-虎尾,2023-08-02,9236
00680L,元大美債20正2,68,0,68,凱基-虎尾,2023-08-02,9236
00878,國泰永續高股息,117,49,68,凱基-虎尾,2023-08-02,9236
00673R,期元大S＆P原油反1,53,0,53,凱基-虎尾,2023-08-02,9236
2353,宏��,53,0,53,凱基-虎尾,2023-08-02,9236
00923,群益台ESG低碳50,52,3,49,凱基-虎尾,2023-08-02,9236
2344,華邦電,37,2,35,凱基-虎尾,2023-08-02,9236
00712,復華富時不動產,34,0,34,凱基-虎尾,2023-08-02,9236
00753L,中信中國50正2,49,16,33,凱基-虎尾,2023-08-02,9236
2888,新光金,57,25,32,凱基-虎尾,2023-08-02,9236
3363,上詮,28,0,28,凱基-虎尾,2023-08-02,9236
6282,康舒,37,11,26,凱基-虎尾,2023-08-02,9236
1618,合機,27,2,25,凱基-虎尾,2023-08-02,9236
6538,倉和,28,3,25,凱基-虎尾,2023-08-02,9236
5880,合庫金,24,0,24,凱基-虎尾,2023-08-02,9236
2301,光寶科,67,44,23,凱基-虎尾,2023-08-02,9236
2881,富邦金,22,0,22,凱基-虎尾,2023-08-02,9236
6235,華孚,21,1,20,凱基-虎尾,2023-08-02,9236
00929,復華台灣科技優息,20,1,19,凱基-虎尾,2023-08-02,9236
1314,中石化,19,1,18,凱基-虎尾,2023-08-02,9236
1905,華紙,98,80,18,凱基-虎尾,2023-08-02,9236
4532,瑞智,22,4,18,凱基-虎尾,2023-08-02,9236
6234,高僑,18,0,18,凱基-虎尾,2023-08-02,9236
00900,富邦特選高股息30,16,0,16,凱基-虎尾,2023-08-02,9236
3037,欣興,20,4,16,凱基-虎尾,2023-08-02,9236
00888,永豐台灣ESG,14,0,14,凱基-虎尾,2023-08-02,9236
1608,華榮,54,40,14,凱基-虎尾,2023-08-02,9236
00650L,復華香港正2,13,0,13,凱基-虎尾,2023-08-02,9236
2201,裕隆,14,1,13,凱基-虎尾,2023-08-02,9236
00654R,富邦印度反1,12,0,12,凱基-虎尾,2023-08-02,9236
1815,富喬,12,0,12,凱基-虎尾,2023-08-02,9236
2401,凌陽,13,1,12,凱基-虎尾,2023-08-02,9236
6603,富強鑫,12,0,12,凱基-虎尾,2023-08-02,9236
8215,明基材,13,1,12,凱基-虎尾,2023-08-02,9236
2498,宏達電,12,1,11,凱基-虎尾,2023-08-02,9236
2883,凱基金,11,0,11,凱基-虎尾,2023-08-02,9236
2890,永豐金,13,2,11,凱基-虎尾,2023-08-02,9236
2331,精英,11,0,11,凱基-虎尾,2023-08-02,9236
2402,毅嘉,66,55,11,凱基-虎尾,2023-08-02,9236
2409,友達,17,6,11,凱基-虎尾,2023-08-02,9236
5864,致和證,11,0,11,凱基-虎尾,2023-08-02,9236
2002,中鋼,11,0,11,凱基-虎尾,2023-08-02,9236
2352,佳世達,14,4,10,凱基-虎尾,2023-08-02,9236
2308,台達電,12,2,10,凱基-虎尾,2023-08-02,9236
2317,鴻海,10,0,10,凱基-虎尾,2023-08-02,9236
020032,元大綠能N,10,0,10,凱基-虎尾,2023-08-02,9236
00888,永豐台灣ESG,65,0,65,凱基-虎尾,2023-08-04,9236
2344,華邦電,177,113,64,凱基-虎尾,2023-08-04,9236
3032,偉訓,63,0,63,凱基-虎尾,2023-08-04,9236
00680L,元大美債20正2,71,10,61,凱基-虎尾,2023-08-04,9236
00923,群益台ESG低碳50,58,0,58,凱基-虎尾,2023-08-04,9236
2618,長榮航,58,4,54,凱基-虎尾,2023-08-04,9236
3231,緯創,248,195,53,凱基-虎尾,2023-08-04,9236
00679B,元大美債20年,49,0,49,凱基-虎尾,2023-08-04,9236
1802,台玻,55,8,47,凱基-虎尾,2023-08-04,9236
6235,華孚,54,9,45,凱基-虎尾,2023-08-04,9236
2382,廣達,140,97,43,凱基-虎尾,2023-08-04,9236
2913,農林,61,19,42,凱基-虎尾,2023-08-04,9236
2353,宏��,42,1,41,凱基-虎尾,2023-08-04,9236
8110,華東,31,0,31,凱基-虎尾,2023-08-04,9236
6125,廣運,34,5,29,凱基-虎尾,2023-08-04,9236
3706,神達,27,4,23,凱基-虎尾,2023-08-04,9236
1605,華新,49,26,23,凱基-虎尾,2023-08-04,9236
1609,大亞,104,83,21,凱基-虎尾,2023-08-04,9236
00929,復華台灣科技優息,21,0,21,凱基-虎尾,2023-08-04,9236
00712,復華富時不動產,21,0,21,凱基-虎尾,2023-08-04,9236
2014,中鴻,25,4,21,凱基-虎尾,2023-08-04,9236
8016,矽創,26,5,21,凱基-虎尾,2023-08-04,9236
00772B,中信高評級公司債,20,0,20,凱基-虎尾,2023-08-04,9236
2610,華航,21,1,20,凱基-虎尾,2023-08-04,9236
00878,國泰永續高股息,22,4,18,凱基-虎尾,2023-08-04,9236
2312,金寶,22,4,18,凱基-虎尾,2023-08-04,9236
3024,憶聲,18,0,18,凱基-虎尾,2023-08-04,9236
5328,華容,18,0,18,凱基-虎尾,2023-08-04,9236
8409,商之器,18,0,18,凱基-虎尾,2023-08-04,9236
2891,中信金,21,4,17,凱基-虎尾,2023-08-04,9236
6122,擎邦,22,5,17,凱基-虎尾,2023-08-04,9236
2301,光寶科,70,54,16,凱基-虎尾,2023-08-04,9236
00687B,國泰20年美債,16,0,16,凱基-虎尾,2023-08-04,9236
2504,國產,20,4,16,凱基-虎尾,2023-08-04,9236
3071,協禧,16,0,16,凱基-虎尾,2023-08-04,9236
3581,博磊,19,3,16,凱基-虎尾,2023-08-04,9236
6276,安鈦克,17,1,16,凱基-虎尾,2023-08-04,9236
3591,艾笛森,20,4,16,凱基-虎尾,2023-08-04,9236
1308,亞聚,15,0,15,凱基-虎尾,2023-08-04,9236
2405,輔信,15,0,15,凱基-虎尾,2023-08-04,9236
3013,晟銘電,16,1,15,凱基-虎尾,2023-08-04,9236
6188,廣明,19,4,15,凱基-虎尾,2023-08-04,9236
00720B,元大投資級公司債,14,0,14,凱基-虎尾,2023-08-04,9236
1616,億泰,14,0,14,凱基-虎尾,2023-08-04,9236
3017,奇鋐,21,7,14,凱基-虎尾,2023-08-04,9236
00881,國泰台灣5G+,13,0,13,凱基-虎尾,2023-08-04,9236
3580,友威科,13,0,13,凱基-虎尾,2023-08-04,9236
2464,盟立,13,0,13,凱基-虎尾,2023-08-04,9236
2425,承啟,12,0,12,凱基-虎尾,2023-08-04,9236
5443,均豪,14,2,12,凱基-虎尾,2023-08-04,9236
2618,長榮航,204,8,196,凱基-虎尾,2023-08-07,9236
2356,英業達,102,40,62,凱基-虎尾,2023-08-07,9236
8050,廣積,99,61,38,凱基-虎尾,2023-08-07,9236
8409,商之器,37,0,37,凱基-虎尾,2023-08-07,9236
2615,萬海,32,0,32,凱基-虎尾,2023-08-07,9236
8358,金居,32,1,31,凱基-虎尾,2023-08-07,9236
5522,遠雄,30,0,30,凱基-虎尾,2023-08-07,9236
00929,復華台灣科技優息,28,0,28,凱基-虎尾,2023-08-07,9236
2316,楠梓電,29,1,28,凱基-虎尾,2023-08-07,9236
3051,力特,31,3,28,凱基-虎尾,2023-08-07,9236
6282,康舒,52,28,24,凱基-虎尾,2023-08-07,9236
3322,建舜電,20,0,20,凱基-虎尾,2023-08-07,9236
2317,鴻海,21,2,19,凱基-虎尾,2023-08-07,9236
2486,一詮,20,1,19,凱基-虎尾,2023-08-07,9236
2449,京元電子,50,31,19,凱基-虎尾,2023-08-07,9236
2359,所羅門,18,0,18,凱基-虎尾,2023-08-07,9236
1591,駿吉-KY,17,0,17,凱基-虎尾,2023-08-07,9236
00751B,元大AAA至A公司債,16,0,16,凱基-虎尾,2023-08-07,9236
4533,協易機,17,1,16,凱基-虎尾,2023-08-07,9236
4933,友輝,16,0,16,凱基-虎尾,2023-08-07,9236
1905,華紙,31,16,15,凱基-虎尾,2023-08-07,9236
5285,界霖,16,1,15,凱基-虎尾,2023-08-07,9236
00720B,元大投資級公司債,14,0,14,凱基-虎尾,2023-08-07,9236
00878,國泰永續高股息,44,31,13,凱基-虎尾,2023-08-07,9236
1504,東元,15,2,13,凱基-虎尾,2023-08-07,9236
1609,大亞,96,83,13,凱基-虎尾,2023-08-07,9236
2324,仁寶,21,8,13,凱基-虎尾,2023-08-07,9236
3305,昇貿,13,0,13,凱基-虎尾,2023-08-07,9236
5452,佶優,14,2,12,凱基-虎尾,2023-08-07,9236
2409,友達,11,0,11,凱基-虎尾,2023-08-07,9236
1319,東陽,11,0,11,凱基-虎尾,2023-08-07,9236
3022,威強電,11,0,11,凱基-虎尾,2023-08-07,9236
3025,星通,14,3,11,凱基-虎尾,2023-08-07,9236
3036,文曄,14,3,11,凱基-虎尾,2023-08-07,9236
4915,致伸,11,0,11,凱基-虎尾,2023-08-07,9236
5469,瀚宇博,12,1,11,凱基-虎尾,2023-08-07,9236
2610,華航,28,18,10,凱基-虎尾,2023-08-07,9236
4566,時碩工業,10,0,10,凱基-虎尾,2023-08-07,9236
5289,宜鼎,11,1,10,凱基-虎尾,2023-08-07,9236
6213,聯茂,10,0,10,凱基-虎尾,2023-08-07,9236
3481,群創,14,5,9,凱基-虎尾,2023-08-07,9236
1513,中興電,23,14,9,凱基-虎尾,2023-08-07,9236
1784,訊聯,10,1,9,凱基-虎尾,2023-08-07,9236
2427,三商電,10,1,9,凱基-虎尾,2023-08-07,9236
3306,鼎天,26,17,9,凱基-虎尾,2023-08-07,9236
3325,旭品,10,1,9,凱基-虎尾,2023-08-07,9236
3558,神準,22,13,9,凱基-虎尾,2023-08-07,9236
6147,頎邦,10,1,9,凱基-虎尾,2023-08-07,9236
2352,佳世達,13,5,8,凱基-虎尾,2023-08-07,9236
1210,大成,8,0,8,凱基-虎尾,2023-08-07,9236
00900,富邦特選高股息30,61,0,61,凱基-虎尾,2023-08-08,9236
3231,緯創,94,46,48,凱基-虎尾,2023-08-08,9236
2883,凱基金,43,0,43,凱基-虎尾,2023-08-08,9236
6209,今國光,42,0,42,凱基-虎尾,2023-08-08,9236
3163,波若威,69,29,40,凱基-虎尾,2023-08-08,9236
6122,擎邦,46,10,36,凱基-虎尾,2023-08-08,9236
2488,漢平,31,0,31,凱基-虎尾,2023-08-08,9236
00687B,國泰20年美債,30,0,30,凱基-虎尾,2023-08-08,9236
3715,定穎投控,33,4,29,凱基-虎尾,2023-08-08,9236
2317,鴻海,35,10,25,凱基-虎尾,2023-08-08,9236
2887,台新金,22,1,21,凱基-虎尾,2023-08-08,9236
00878,國泰永續高股息,32,12,20,凱基-虎尾,2023-08-08,9236
00929,復華台灣科技優息,24,5,19,凱基-虎尾,2023-08-08,9236
00720B,元大投資級公司債,19,0,19,凱基-虎尾,2023-08-08,9236
3580,友威科,25,6,19,凱基-虎尾,2023-08-08,9236
1802,台玻,21,4,17,凱基-虎尾,2023-08-08,9236
3325,旭品,30,13,17,凱基-虎尾,2023-08-08,9236
00923,群益台ESG低碳50,16,0,16,凱基-虎尾,2023-08-08,9236
2337,旺宏,16,0,16,凱基-虎尾,2023-08-08,9236
3038,全台,16,0,16,凱基-虎尾,2023-08-08,9236
6535,順藥,18,2,16,凱基-虎尾,2023-08-08,9236
1218,泰山,15,0,15,凱基-虎尾,2023-08-08,9236
3308,聯德,15,0,15,凱基-虎尾,2023-08-08,9236
6235,華孚,16,1,15,凱基-虎尾,2023-08-08,9236
2344,華邦電,17,3,14,凱基-虎尾,2023-08-08,9236
1815,富喬,13,0,13,凱基-虎尾,2023-08-08,9236
3213,茂訊,15,2,13,凱基-虎尾,2023-08-08,9236
2645,長榮航太,21,9,12,凱基-虎尾,2023-08-08,9236
2356,英業達,66,54,12,凱基-虎尾,2023-08-08,9236
3444,利機,14,2,12,凱基-虎尾,2023-08-08,9236
5328,華容,12,0,12,凱基-虎尾,2023-08-08,9236
5522,遠雄,12,0,12,凱基-虎尾,2023-08-08,9236
1402,遠東新,10,0,10,凱基-虎尾,2023-08-08,9236
00665L,富邦�琤肭磪囓�2,10,0,10,凱基-虎尾,2023-08-08,9236
1727,中華化,10,0,10,凱基-虎尾,2023-08-08,9236
2023,燁輝,10,0,10,凱基-虎尾,2023-08-08,9236
2401,凌陽,10,0,10,凱基-虎尾,2023-08-08,9236
3056,富華新,19,9,10,凱基-虎尾,2023-08-08,9236
3322,建舜電,10,0,10,凱基-虎尾,2023-08-08,9236
5457,宣德,10,0,10,凱基-虎尾,2023-08-08,9236
00751B,元大AAA至A公司債,9,0,9,凱基-虎尾,2023-08-08,9236
3092,鴻碩,9,0,9,凱基-虎尾,2023-08-08,9236
2892,第一金,8,0,8,凱基-虎尾,2023-08-08,9236
00715L,期街口布蘭特正2,8,0,8,凱基-虎尾,2023-08-08,9236
2637,慧洋-KY,8,0,8,凱基-虎尾,2023-08-08,9236
00882,中信中國高股息,8,0,8,凱基-虎尾,2023-08-08,9236
4162,智擎,7,0,7,凱基-虎尾,2023-08-08,9236
6770,力積電,7,0,7,凱基-虎尾,2023-08-08,9236
00757,統一FANG+,7,0,7,凱基-虎尾,2023-08-08,9236
2376,技嘉,26,19,7,凱基-虎尾,2023-08-08,9236
1513,中興電,970,692,278,凱基-虎尾,2023-08-09,9236
00929,復華台灣科技優息,65,0,65,凱基-虎尾,2023-08-09,9236
2323,中環,66,2,64,凱基-虎尾,2023-08-09,9236
00751B,元大AAA至A公司債,56,4,52,凱基-虎尾,2023-08-09,9236
2887,台新金,43,0,43,凱基-虎尾,2023-08-09,9236
2409,友達,37,1,36,凱基-虎尾,2023-08-09,9236
8050,廣積,27,0,27,凱基-虎尾,2023-08-09,9236
2344,華邦電,28,2,26,凱基-虎尾,2023-08-09,9236
2465,麗臺,25,0,25,凱基-虎尾,2023-08-09,9236
2303,聯電,26,2,24,凱基-虎尾,2023-08-09,9236
1102,亞泥,23,0,23,凱基-虎尾,2023-08-09,9236
2002,中鋼,23,0,23,凱基-虎尾,2023-08-09,9236
00931B,統一美債20年,19,0,19,凱基-虎尾,2023-08-09,9236
2402,毅嘉,20,1,19,凱基-虎尾,2023-08-09,9236
00673R,期元大S＆P原油反1,18,1,17,凱基-虎尾,2023-08-09,9236
3013,晟銘電,23,6,17,凱基-虎尾,2023-08-09,9236
2891,中信金,17,1,16,凱基-虎尾,2023-08-09,9236
1721,三晃,15,0,15,凱基-虎尾,2023-08-09,9236
1402,遠東新,13,0,13,凱基-虎尾,2023-08-09,9236
8016,矽創,14,1,13,凱基-虎尾,2023-08-09,9236
00923,群益台ESG低碳50,12,0,12,凱基-虎尾,2023-08-09,9236
3356,奇偶,113,101,12,凱基-虎尾,2023-08-09,9236
5465,富驊,13,1,12,凱基-虎尾,2023-08-09,9236
00665L,富邦�琤肭磪囓�2,11,0,11,凱基-虎尾,2023-08-09,9236
3032,偉訓,15,4,11,凱基-虎尾,2023-08-09,9236
3045,台灣大,11,0,11,凱基-虎尾,2023-08-09,9236
1326,台化,10,0,10,凱基-虎尾,2023-08-09,9236
2633,台灣高鐵,10,0,10,凱基-虎尾,2023-08-09,9236
3710,連展投控,10,0,10,凱基-虎尾,2023-08-09,9236
6218,豪勉,10,0,10,凱基-虎尾,2023-08-09,9236
1795,美時,14,5,9,凱基-虎尾,2023-08-09,9236
2382,廣達,270,261,9,凱基-虎尾,2023-08-09,9236
2458,義隆,10,1,9,凱基-虎尾,2023-08-09,9236
4533,協易機,9,0,9,凱基-虎尾,2023-08-09,9236
4564,元翎,10,1,9,凱基-虎尾,2023-08-09,9236
4720,德淵,9,0,9,凱基-虎尾,2023-08-09,9236
6129,普誠,15,6,9,凱基-虎尾,2023-08-09,9236
2890,永豐金,9,0,9,凱基-虎尾,2023-08-09,9236
00757,統一FANG+,8,0,8,凱基-虎尾,2023-08-09,9236
00753L,中信中國50正2,20,12,8,凱基-虎尾,2023-08-09,9236
6189,豐藝,8,0,8,凱基-虎尾,2023-08-09,9236
6535,順藥,10,2,8,凱基-虎尾,2023-08-09,9236
00900,富邦特選高股息30,7,0,7,凱基-虎尾,2023-08-09,9236
4744,皇將,7,0,7,凱基-虎尾,2023-08-09,9236
4746,台耀,7,0,7,凱基-虎尾,2023-08-09,9236
5258,虹堡,7,0,7,凱基-虎尾,2023-08-09,9236
2883,凱基金,36,30,6,凱基-虎尾,2023-08-09,9236
2352,佳世達,6,0,6,凱基-虎尾,2023-08-09,9236
2369,菱生,6,0,6,凱基-虎尾,2023-08-09,9236
2440,太空梭,7,1,6,凱基-虎尾,2023-08-09,9236
2610,華航,100,8,92,凱基-虎尾,2023-08-10,9236
00900,富邦特選高股息30,54,1,53,凱基-虎尾,2023-08-10,9236
2887,台新金,51,0,51,凱基-虎尾,2023-08-10,9236
00751B,元大AAA至A公司債,50,0,50,凱基-虎尾,2023-08-10,9236
00642U,期元大S＆P石油,50,1,49,凱基-虎尾,2023-08-10,9236
1802,台玻,72,31,41,凱基-虎尾,2023-08-10,9236
3325,旭品,44,10,34,凱基-虎尾,2023-08-10,9236
0056,元大高股息,30,2,28,凱基-虎尾,2023-08-10,9236
2618,長榮航,23,0,23,凱基-虎尾,2023-08-10,9236
00715L,期街口布蘭特正2,28,6,22,凱基-虎尾,2023-08-10,9236
00637L,元大滬深300正2,21,0,21,凱基-虎尾,2023-08-10,9236
2023,燁輝,20,0,20,凱基-虎尾,2023-08-10,9236
2408,南亞科,21,1,20,凱基-虎尾,2023-08-10,9236
2465,麗臺,20,0,20,凱基-虎尾,2023-08-10,9236
3036,文曄,20,1,19,凱基-虎尾,2023-08-10,9236
2317,鴻海,23,5,18,凱基-虎尾,2023-08-10,9236
3444,利機,18,0,18,凱基-虎尾,2023-08-10,9236
00929,復華台灣科技優息,30,14,16,凱基-虎尾,2023-08-10,9236
1102,亞泥,16,0,16,凱基-虎尾,2023-08-10,9236
2382,廣達,71,55,16,凱基-虎尾,2023-08-10,9236
6282,康舒,64,48,16,凱基-虎尾,2023-08-10,9236
00923,群益台ESG低碳50,15,0,15,凱基-虎尾,2023-08-10,9236
1467,南緯,15,0,15,凱基-虎尾,2023-08-10,9236
6269,台郡,16,1,15,凱基-虎尾,2023-08-10,9236
2634,漢翔,45,31,14,凱基-虎尾,2023-08-10,9236
5432,新門,14,0,14,凱基-虎尾,2023-08-10,9236
2352,佳世達,16,3,13,凱基-虎尾,2023-08-10,9236
2369,菱生,13,0,13,凱基-虎尾,2023-08-10,9236
5353,台林,15,3,12,凱基-虎尾,2023-08-10,9236
6120,達運,12,0,12,凱基-虎尾,2023-08-10,9236
2886,兆豐金,12,0,12,凱基-虎尾,2023-08-10,9236
3231,緯創,289,278,11,凱基-虎尾,2023-08-10,9236
6218,豪勉,11,0,11,凱基-虎尾,2023-08-10,9236
6411,晶焱,11,0,11,凱基-虎尾,2023-08-10,9236
1516,川飛,10,0,10,凱基-虎尾,2023-08-10,9236
2405,輔信,10,0,10,凱基-虎尾,2023-08-10,9236
2376,技嘉,73,64,9,凱基-虎尾,2023-08-10,9236
8210,勤誠,13,4,9,凱基-虎尾,2023-08-10,9236
00753L,中信中國50正2,19,10,9,凱基-虎尾,2023-08-10,9236
1609,大亞,38,29,9,凱基-虎尾,2023-08-10,9236
2312,金寶,12,3,9,凱基-虎尾,2023-08-10,9236
3024,憶聲,9,0,9,凱基-虎尾,2023-08-10,9236
4744,皇將,9,0,9,凱基-虎尾,2023-08-10,9236
3706,神達,27,18,9,凱基-虎尾,2023-08-10,9236
2515,中工,8,0,8,凱基-虎尾,2023-08-10,9236
5607,遠雄港,10,2,8,凱基-虎尾,2023-08-10,9236
00673R,期元大S＆P原油反1,200,193,7,凱基-虎尾,2023-08-10,9236
2633,台灣高鐵,7,0,7,凱基-虎尾,2023-08-10,9236
3308,聯德,7,0,7,凱基-虎尾,2023-08-10,9236
3346,麗清,8,1,7,凱基-虎尾,2023-08-10,9236
2889,國票金,70,0,70,凱基-虎尾,2023-08-11,9236
00878,國泰永續高股息,58,0,58,凱基-虎尾,2023-08-11,9236
8240,華宏,53,0,53,凱基-虎尾,2023-08-11,9236
2401,凌陽,48,0,48,凱基-虎尾,2023-08-11,9236
2883,凱基金,47,0,47,凱基-虎尾,2023-08-11,9236
2892,第一金,36,0,36,凱基-虎尾,2023-08-11,9236
2356,英業達,39,14,25,凱基-虎尾,2023-08-11,9236
00751B,元大AAA至A公司債,25,0,25,凱基-虎尾,2023-08-11,9236
3481,群創,40,15,25,凱基-虎尾,2023-08-11,9236
6139,亞翔,33,11,22,凱基-虎尾,2023-08-11,9236
5512,力麒,21,0,21,凱基-虎尾,2023-08-11,9236
6418,詠昇,21,0,21,凱基-虎尾,2023-08-11,9236
2331,精英,20,0,20,凱基-虎尾,2023-08-11,9236
3049,精金,20,0,20,凱基-虎尾,2023-08-11,9236
3567,逸昌,20,1,19,凱基-虎尾,2023-08-11,9236
00772B,中信高評級公司債,19,1,18,凱基-虎尾,2023-08-11,9236
2002,中鋼,19,1,18,凱基-虎尾,2023-08-11,9236
2409,友達,24,7,17,凱基-虎尾,2023-08-11,9236
6125,廣運,19,4,15,凱基-虎尾,2023-08-11,9236
00928,中信上櫃ESG30,15,0,15,凱基-虎尾,2023-08-11,9236
2618,長榮航,43,28,15,凱基-虎尾,2023-08-11,9236
6770,力積電,14,0,14,凱基-虎尾,2023-08-11,9236
2206,三陽工業,18,4,14,凱基-虎尾,2023-08-11,9236
00931B,統一美債20年,13,0,13,凱基-虎尾,2023-08-11,9236
2014,中鴻,14,1,13,凱基-虎尾,2023-08-11,9236
2405,輔信,13,0,13,凱基-虎尾,2023-08-11,9236
3306,鼎天,17,4,13,凱基-虎尾,2023-08-11,9236
8255,朋程,14,1,13,凱基-虎尾,2023-08-11,9236
2317,鴻海,12,0,12,凱基-虎尾,2023-08-11,9236
2449,京元電子,12,0,12,凱基-虎尾,2023-08-11,9236
8105,凌巨,12,0,12,凱基-虎尾,2023-08-11,9236
00929,復華台灣科技優息,11,0,11,凱基-虎尾,2023-08-11,9236
2885,元大金,11,0,11,凱基-虎尾,2023-08-11,9236
9927,泰銘,10,0,10,凱基-虎尾,2023-08-11,9236
1409,新纖,10,0,10,凱基-虎尾,2023-08-11,9236
00753L,中信中國50正2,18,8,10,凱基-虎尾,2023-08-11,9236
00850,元大臺灣ESG永續,10,0,10,凱基-虎尾,2023-08-11,9236
1762,中化生,10,0,10,凱基-虎尾,2023-08-11,9236
2440,太空梭,12,2,10,凱基-虎尾,2023-08-11,9236
3715,定穎投控,14,4,10,凱基-虎尾,2023-08-11,9236
4155,訊映,10,0,10,凱基-虎尾,2023-08-11,9236
4958,臻鼎-KY,10,0,10,凱基-虎尾,2023-08-11,9236
5324,士開,10,0,10,凱基-虎尾,2023-08-11,9236
9907,統一實,10,0,10,凱基-虎尾,2023-08-11,9236
2303,聯電,11,2,9,凱基-虎尾,2023-08-11,9236
3213,茂訊,15,6,9,凱基-虎尾,2023-08-11,9236
4763,材料-KY,10,1,9,凱基-虎尾,2023-08-11,9236
6442,光聖,9,0,9,凱基-虎尾,2023-08-11,9236
6596,寬宏藝術,10,1,9,凱基-虎尾,2023-08-11,9236
2313,華通,13,5,8,凱基-虎尾,2023-08-11,9236
2317,鴻海,2892,2604,288,凱基-虎尾,2023-08-14,9236
2323,中環,187,0,187,凱基-虎尾,2023-08-14,9236
2888,新光金,103,5,98,凱基-虎尾,2023-08-14,9236
4414,如興,89,0,89,凱基-虎尾,2023-08-14,9236
2618,長榮航,89,22,67,凱基-虎尾,2023-08-14,9236
00885,富邦越南,50,5,45,凱基-虎尾,2023-08-14,9236
00900,富邦特選高股息30,37,0,37,凱基-虎尾,2023-08-14,9236
2344,華邦電,37,1,36,凱基-虎尾,2023-08-14,9236
2404,漢唐,33,0,33,凱基-虎尾,2023-08-14,9236
3231,緯創,243,210,33,凱基-虎尾,2023-08-14,9236
00673R,期元大S＆P原油反1,30,0,30,凱基-虎尾,2023-08-14,9236
1540,喬福,30,0,30,凱基-虎尾,2023-08-14,9236
00929,復華台灣科技優息,44,21,23,凱基-虎尾,2023-08-14,9236
2883,凱基金,21,0,21,凱基-虎尾,2023-08-14,9236
1802,台玻,21,1,20,凱基-虎尾,2023-08-14,9236
2408,南亞科,24,4,20,凱基-虎尾,2023-08-14,9236
00931B,統一美債20年,17,0,17,凱基-虎尾,2023-08-14,9236
2515,中工,16,0,16,凱基-虎尾,2023-08-14,9236
2891,中信金,16,1,15,凱基-虎尾,2023-08-14,9236
2609,陽明,16,1,15,凱基-虎尾,2023-08-14,9236
3481,群創,15,0,15,凱基-虎尾,2023-08-14,9236
00882,中信中國高股息,30,15,15,凱基-虎尾,2023-08-14,9236
2206,三陽工業,24,10,14,凱基-虎尾,2023-08-14,9236
2633,台灣高鐵,13,0,13,凱基-虎尾,2023-08-14,9236
00637L,元大滬深300正2,12,0,12,凱基-虎尾,2023-08-14,9236
2002,中鋼,11,0,11,凱基-虎尾,2023-08-14,9236
2605,新興,11,0,11,凱基-虎尾,2023-08-14,9236
2897,王道銀行,11,0,11,凱基-虎尾,2023-08-14,9236
00680L,元大美債20正2,10,0,10,凱基-虎尾,2023-08-14,9236
1516,川飛,10,0,10,凱基-虎尾,2023-08-14,9236
2023,燁輝,10,0,10,凱基-虎尾,2023-08-14,9236
4142,國光生,10,0,10,凱基-虎尾,2023-08-14,9236
5512,力麒,10,0,10,凱基-虎尾,2023-08-14,9236
6411,晶焱,10,0,10,凱基-虎尾,2023-08-14,9236
2801,彰銀,9,0,9,凱基-虎尾,2023-08-14,9236
3092,鴻碩,9,0,9,凱基-虎尾,2023-08-14,9236
5351,鈺創,9,0,9,凱基-虎尾,2023-08-14,9236
5880,合庫金,8,0,8,凱基-虎尾,2023-08-14,9236
2356,英業達,34,26,8,凱基-虎尾,2023-08-14,9236
00923,群益台ESG低碳50,8,0,8,凱基-虎尾,2023-08-14,9236
6112,邁達特,8,0,8,凱基-虎尾,2023-08-14,9236
1101,台泥,7,0,7,凱基-虎尾,2023-08-14,9236
5864,致和證,7,0,7,凱基-虎尾,2023-08-14,9236
6122,擎邦,20,13,7,凱基-虎尾,2023-08-14,9236
1513,中興電,17,11,6,凱基-虎尾,2023-08-14,9236
8215,明基材,6,0,6,凱基-虎尾,2023-08-14,9236
0056,元大高股息,7,2,5,凱基-虎尾,2023-08-14,9236
00669R,國泰美國道瓊反1,5,0,5,凱基-虎尾,2023-08-14,9236
2328,廣宇,5,0,5,凱基-虎尾,2023-08-14,9236
2501,國建,5,0,5,凱基-虎尾,2023-08-14,9236
00929,復華台灣科技優息,89,2,87,凱基-虎尾,2023-08-15,9236
00923,群益台ESG低碳50,73,0,73,凱基-虎尾,2023-08-15,9236
2323,中環,169,100,69,凱基-虎尾,2023-08-15,9236
00632R,元大台灣50反1,60,0,60,凱基-虎尾,2023-08-15,9236
2883,凱基金,78,20,58,凱基-虎尾,2023-08-15,9236
1101,台泥,56,0,56,凱基-虎尾,2023-08-15,9236
00751B,元大AAA至A公司債,56,0,56,凱基-虎尾,2023-08-15,9236
3714,富采,52,0,52,凱基-虎尾,2023-08-15,9236
2104,國際中橡,40,0,40,凱基-虎尾,2023-08-15,9236
2329,華泰,44,4,40,凱基-虎尾,2023-08-15,9236
2891,中信金,32,0,32,凱基-虎尾,2023-08-15,9236
2913,農林,51,21,30,凱基-虎尾,2023-08-15,9236
2515,中工,27,2,25,凱基-虎尾,2023-08-15,9236
6269,台郡,25,0,25,凱基-虎尾,2023-08-15,9236
1217,愛之味,21,0,21,凱基-虎尾,2023-08-15,9236
00680L,元大美債20正2,20,0,20,凱基-虎尾,2023-08-15,9236
2852,第一保,20,0,20,凱基-虎尾,2023-08-15,9236
4526,東台,20,0,20,凱基-虎尾,2023-08-15,9236
2337,旺宏,20,1,19,凱基-虎尾,2023-08-15,9236
6120,達運,19,0,19,凱基-虎尾,2023-08-15,9236
8201,無敵,19,0,19,凱基-虎尾,2023-08-15,9236
1616,億泰,18,0,18,凱基-虎尾,2023-08-15,9236
1905,華紙,18,0,18,凱基-虎尾,2023-08-15,9236
2359,所羅門,19,1,18,凱基-虎尾,2023-08-15,9236
00931B,統一美債20年,16,0,16,凱基-虎尾,2023-08-15,9236
2324,仁寶,203,187,16,凱基-虎尾,2023-08-15,9236
00878,國泰永續高股息,34,18,16,凱基-虎尾,2023-08-15,9236
1795,美時,21,6,15,凱基-虎尾,2023-08-15,9236
2002,中鋼,15,0,15,凱基-虎尾,2023-08-15,9236
3322,建舜電,15,0,15,凱基-虎尾,2023-08-15,9236
2834,臺企銀,14,0,14,凱基-虎尾,2023-08-15,9236
1326,台化,14,0,14,凱基-虎尾,2023-08-15,9236
2887,台新金,16,2,14,凱基-虎尾,2023-08-15,9236
9934,成霖,16,3,13,凱基-虎尾,2023-08-15,9236
2892,第一金,12,0,12,凱基-虎尾,2023-08-15,9236
6235,華孚,20,8,12,凱基-虎尾,2023-08-15,9236
2363,矽統,22,10,12,凱基-虎尾,2023-08-15,9236
2331,精英,14,3,11,凱基-虎尾,2023-08-15,9236
6275,元山,19,8,11,凱基-虎尾,2023-08-15,9236
8930,青鋼,15,4,11,凱基-虎尾,2023-08-15,9236
00907,永豐優息存股,10,0,10,凱基-虎尾,2023-08-15,9236
00637L,元大滬深300正2,10,0,10,凱基-虎尾,2023-08-15,9236
2034,允強,10,0,10,凱基-虎尾,2023-08-15,9236
2211,長榮鋼,12,2,10,凱基-虎尾,2023-08-15,9236
3715,定穎投控,34,24,10,凱基-虎尾,2023-08-15,9236
2419,仲琦,9,0,9,凱基-虎尾,2023-08-15,9236
2462,良得電,9,0,9,凱基-虎尾,2023-08-15,9236
3032,偉訓,13,4,9,凱基-虎尾,2023-08-15,9236
3689,湧德,9,0,9,凱基-虎尾,2023-08-15,9236
1802,台玻,8,0,8,凱基-虎尾,2023-08-15,9236
2301,光寶科,231,134,97,凱基-虎尾,2023-08-16,9236
00929,復華台灣科技優息,83,0,83,凱基-虎尾,2023-08-16,9236
00923,群益台ESG低碳50,61,0,61,凱基-虎尾,2023-08-16,9236
2337,旺宏,51,0,51,凱基-虎尾,2023-08-16,9236
2834,臺企銀,3854,3805,49,凱基-虎尾,2023-08-16,9236
00706L,期元大S＆P日圓正2,45,0,45,凱基-虎尾,2023-08-16,9236
2880,華南金,45,0,45,凱基-虎尾,2023-08-16,9236
00900,富邦特選高股息30,43,0,43,凱基-虎尾,2023-08-16,9236
8027,鈦昇,43,2,41,凱基-虎尾,2023-08-16,9236
00680L,元大美債20正2,40,0,40,凱基-虎尾,2023-08-16,9236
00712,復華富時不動產,39,0,39,凱基-虎尾,2023-08-16,9236
4542,科嶠,39,0,39,凱基-虎尾,2023-08-16,9236
2618,長榮航,47,13,34,凱基-虎尾,2023-08-16,9236
6274,台燿,39,6,33,凱基-虎尾,2023-08-16,9236
1102,亞泥,29,0,29,凱基-虎尾,2023-08-16,9236
3037,欣興,33,8,25,凱基-虎尾,2023-08-16,9236
2323,中環,25,0,25,凱基-虎尾,2023-08-16,9236
5371,中光電,27,4,23,凱基-虎尾,2023-08-16,9236
2884,玉山金,19,0,19,凱基-虎尾,2023-08-16,9236
3479,安勤,18,0,18,凱基-虎尾,2023-08-16,9236
2402,毅嘉,26,9,17,凱基-虎尾,2023-08-16,9236
2363,矽統,24,7,17,凱基-虎尾,2023-08-16,9236
2891,中信金,18,2,16,凱基-虎尾,2023-08-16,9236
2332,友訊,19,3,16,凱基-虎尾,2023-08-16,9236
3071,協禧,16,0,16,凱基-虎尾,2023-08-16,9236
2356,英業達,57,41,16,凱基-虎尾,2023-08-16,9236
3481,群創,21,6,15,凱基-虎尾,2023-08-16,9236
1312,國喬,15,0,15,凱基-虎尾,2023-08-16,9236
2486,一詮,20,5,15,凱基-虎尾,2023-08-16,9236
2888,新光金,15,0,15,凱基-虎尾,2023-08-16,9236
2303,聯電,19,4,15,凱基-虎尾,2023-08-16,9236
1326,台化,14,0,14,凱基-虎尾,2023-08-16,9236
3051,力特,19,6,13,凱基-虎尾,2023-08-16,9236
2368,金像電,15,2,13,凱基-虎尾,2023-08-16,9236
00878,國泰永續高股息,12,0,12,凱基-虎尾,2023-08-16,9236
1605,華新,17,5,12,凱基-虎尾,2023-08-16,9236
3322,建舜電,12,0,12,凱基-虎尾,2023-08-16,9236
3706,神達,18,6,12,凱基-虎尾,2023-08-16,9236
2002,中鋼,16,5,11,凱基-虎尾,2023-08-16,9236
3013,晟銘電,19,8,11,凱基-虎尾,2023-08-16,9236
2027,大成鋼,10,0,10,凱基-虎尾,2023-08-16,9236
00687B,國泰20年美債,10,0,10,凱基-虎尾,2023-08-16,9236
3583,辛耘,10,0,10,凱基-虎尾,2023-08-16,9236
00720B,元大投資級公司債,26,16,10,凱基-虎尾,2023-08-16,9236
00920,富邦ESG綠色電力,10,0,10,凱基-虎尾,2023-08-16,9236
00892,富邦台灣半導體,10,0,10,凱基-虎尾,2023-08-16,9236
1532,勤美,10,0,10,凱基-虎尾,2023-08-16,9236
3043,科風,10,0,10,凱基-虎尾,2023-08-16,9236
6282,康舒,13,3,10,凱基-虎尾,2023-08-16,9236
5880,合庫金,9,0,9,凱基-虎尾,2023-08-16,9236
2323,中環,80,13,67,凱基-虎尾,2023-08-17,9236
2618,長榮航,122,58,64,凱基-虎尾,2023-08-17,9236
3231,緯創,200,147,53,凱基-虎尾,2023-08-17,9236
4967,十銓,51,0,51,凱基-虎尾,2023-08-17,9236
1514,亞力,40,0,40,凱基-虎尾,2023-08-17,9236
3032,偉訓,50,10,40,凱基-虎尾,2023-08-17,9236
2409,友達,31,1,30,凱基-虎尾,2023-08-17,9236
2405,輔信,30,0,30,凱基-虎尾,2023-08-17,9236
4526,東台,30,0,30,凱基-虎尾,2023-08-17,9236
3583,辛耘,40,10,30,凱基-虎尾,2023-08-17,9236
00751B,元大AAA至A公司債,26,0,26,凱基-虎尾,2023-08-17,9236
00929,復華台灣科技優息,24,0,24,凱基-虎尾,2023-08-17,9236
1301,台塑,24,0,24,凱基-虎尾,2023-08-17,9236
2324,仁寶,72,48,24,凱基-虎尾,2023-08-17,9236
2891,中信金,23,0,23,凱基-虎尾,2023-08-17,9236
00878,國泰永續高股息,30,7,23,凱基-虎尾,2023-08-17,9236
00885,富邦越南,21,2,19,凱基-虎尾,2023-08-17,9236
1618,合機,19,0,19,凱基-虎尾,2023-08-17,9236
2883,凱基金,20,2,18,凱基-虎尾,2023-08-17,9236
2419,仲琦,20,2,18,凱基-虎尾,2023-08-17,9236
2617,台航,19,1,18,凱基-虎尾,2023-08-17,9236
4934,太極,21,3,18,凱基-虎尾,2023-08-17,9236
6125,廣運,43,25,18,凱基-虎尾,2023-08-17,9236
00882,中信中國高股息,17,0,17,凱基-虎尾,2023-08-17,9236
00891,中信關鍵半導體,16,0,16,凱基-虎尾,2023-08-17,9236
4908,前鼎,18,2,16,凱基-虎尾,2023-08-17,9236
6126,信音,16,0,16,凱基-虎尾,2023-08-17,9236
00712,復華富時不動產,15,0,15,凱基-虎尾,2023-08-17,9236
1326,台化,16,1,15,凱基-虎尾,2023-08-17,9236
2355,敬鵬,19,4,15,凱基-虎尾,2023-08-17,9236
3704,合勤控,17,2,15,凱基-虎尾,2023-08-17,9236
3044,健鼎,29,15,14,凱基-虎尾,2023-08-17,9236
4542,科嶠,13,0,13,凱基-虎尾,2023-08-17,9236
6285,啟��,761,748,13,凱基-虎尾,2023-08-17,9236
6443,元晶,21,8,13,凱基-虎尾,2023-08-17,9236
1609,大亞,27,15,12,凱基-虎尾,2023-08-17,9236
2892,第一金,12,0,12,凱基-虎尾,2023-08-17,9236
1101,台泥,12,1,11,凱基-虎尾,2023-08-17,9236
1584,精剛,12,1,11,凱基-虎尾,2023-08-17,9236
2374,佳能,11,0,11,凱基-虎尾,2023-08-17,9236
2881,富邦金,16,5,11,凱基-虎尾,2023-08-17,9236
5210,寶碩,11,0,11,凱基-虎尾,2023-08-17,9236
2332,友訊,18,8,10,凱基-虎尾,2023-08-17,9236
00923,群益台ESG低碳50,10,0,10,凱基-虎尾,2023-08-17,9236
00753L,中信中國50正2,10,0,10,凱基-虎尾,2023-08-17,9236
00632R,元大台灣50反1,10,0,10,凱基-虎尾,2023-08-17,9236
5309,系統電,10,0,10,凱基-虎尾,2023-08-17,9236
5488,松普,10,0,10,凱基-虎尾,2023-08-17,9236
6187,萬潤,12,2,10,凱基-虎尾,2023-08-17,9236
9907,統一實,10,0,10,凱基-虎尾,2023-08-17,9236
2303,聯電,57,1,56,凱基-虎尾,2023-08-18,9236
00673R,期元大S＆P原油反1,55,0,55,凱基-虎尾,2023-08-18,9236
3013,晟銘電,63,9,54,凱基-虎尾,2023-08-18,9236
3202,樺晟,50,0,50,凱基-虎尾,2023-08-18,9236
00929,復華台灣科技優息,32,0,32,凱基-虎尾,2023-08-18,9236
3078,僑威,33,5,28,凱基-虎尾,2023-08-18,9236
00712,復華富時不動產,27,0,27,凱基-虎尾,2023-08-18,9236
2323,中環,74,48,26,凱基-虎尾,2023-08-18,9236
00753L,中信中國50正2,25,0,25,凱基-虎尾,2023-08-18,9236
5243,乙盛-KY,24,0,24,凱基-虎尾,2023-08-18,9236
3706,神達,54,36,18,凱基-虎尾,2023-08-18,9236
2884,玉山金,15,0,15,凱基-虎尾,2023-08-18,9236
2385,群光,15,0,15,凱基-虎尾,2023-08-18,9236
2409,友達,17,3,14,凱基-虎尾,2023-08-18,9236
2449,京元電子,18,4,14,凱基-虎尾,2023-08-18,9236
4744,皇將,14,0,14,凱基-虎尾,2023-08-18,9236
1762,中化生,12,0,12,凱基-虎尾,2023-08-18,9236
3033,威健,12,0,12,凱基-虎尾,2023-08-18,9236
1785,光洋科,11,1,10,凱基-虎尾,2023-08-18,9236
2610,華航,14,4,10,凱基-虎尾,2023-08-18,9236
4534,慶騰,10,0,10,凱基-虎尾,2023-08-18,9236
8358,金居,14,4,10,凱基-虎尾,2023-08-18,9236
2329,華泰,87,78,9,凱基-虎尾,2023-08-18,9236
3257,虹冠電,10,1,9,凱基-虎尾,2023-08-18,9236
2328,廣宇,9,1,8,凱基-虎尾,2023-08-18,9236
4532,瑞智,8,0,8,凱基-虎尾,2023-08-18,9236
2891,中信金,12,4,8,凱基-虎尾,2023-08-18,9236
2883,凱基金,11,4,7,凱基-虎尾,2023-08-18,9236
3037,欣興,11,4,7,凱基-虎尾,2023-08-18,9236
2368,金像電,16,9,7,凱基-虎尾,2023-08-18,9236
00720B,元大投資級公司債,7,0,7,凱基-虎尾,2023-08-18,9236
8105,凌巨,7,0,7,凱基-虎尾,2023-08-18,9236
8996,高力,6,0,6,凱基-虎尾,2023-08-18,9236
1795,美時,10,4,6,凱基-虎尾,2023-08-18,9236
2014,中鴻,7,1,6,凱基-虎尾,2023-08-18,9236
2440,太空梭,6,0,6,凱基-虎尾,2023-08-18,9236
2498,宏達電,6,0,6,凱基-虎尾,2023-08-18,9236
3564,其陽,6,0,6,凱基-虎尾,2023-08-18,9236
6412,群電,9,3,6,凱基-虎尾,2023-08-18,9236
8215,明基材,6,0,6,凱基-虎尾,2023-08-18,9236
2382,廣達,83,78,5,凱基-虎尾,2023-08-18,9236
2882,國泰金,5,0,5,凱基-虎尾,2023-08-18,9236
1532,勤美,5,0,5,凱基-虎尾,2023-08-18,9236
5498,凱崴,5,0,5,凱基-虎尾,2023-08-18,9236
5864,致和證,5,0,5,凱基-虎尾,2023-08-18,9236
6282,康舒,11,6,5,凱基-虎尾,2023-08-18,9236
9103,美德醫療-DR,5,0,5,凱基-虎尾,2023-08-18,9236
3231,緯創,200,195,5,凱基-虎尾,2023-08-18,9236
2317,鴻海,4,0,4,凱基-虎尾,2023-08-18,9236
1326,台化,5,1,4,凱基-虎尾,2023-08-18,9236
2892,第一金,106,3,103,凱基-虎尾,2023-08-21,9236
2363,矽統,120,49,71,凱基-虎尾,2023-08-21,9236
2610,華航,73,5,68,凱基-虎尾,2023-08-21,9236
00882,中信中國高股息,66,0,66,凱基-虎尾,2023-08-21,9236
00673R,期元大S＆P原油反1,59,0,59,凱基-虎尾,2023-08-21,9236
6170,統振,56,0,56,凱基-虎尾,2023-08-21,9236
3231,緯創,360,308,52,凱基-虎尾,2023-08-21,9236
00929,復華台灣科技優息,60,12,48,凱基-虎尾,2023-08-21,9236
00751B,元大AAA至A公司債,45,0,45,凱基-虎尾,2023-08-21,9236
6213,聯茂,37,1,36,凱基-虎尾,2023-08-21,9236
3483,力致,39,6,33,凱基-虎尾,2023-08-21,9236
1603,華電,31,0,31,凱基-虎尾,2023-08-21,9236
2356,英業達,51,24,27,凱基-虎尾,2023-08-21,9236
4906,正文,63,36,27,凱基-虎尾,2023-08-21,9236
2332,友訊,45,19,26,凱基-虎尾,2023-08-21,9236
4543,萬在,28,5,23,凱基-虎尾,2023-08-21,9236
9919,康那香,22,0,22,凱基-虎尾,2023-08-21,9236
1471,首利,26,5,21,凱基-虎尾,2023-08-21,9236
2329,華泰,37,17,20,凱基-虎尾,2023-08-21,9236
3706,神達,39,19,20,凱基-虎尾,2023-08-21,9236
3363,上詮,18,2,16,凱基-虎尾,2023-08-21,9236
2303,聯電,17,1,16,凱基-虎尾,2023-08-21,9236
3051,力特,17,2,15,凱基-虎尾,2023-08-21,9236
3338,泰碩,19,4,15,凱基-虎尾,2023-08-21,9236
00679B,元大美債20年,14,0,14,凱基-虎尾,2023-08-21,9236
3032,偉訓,15,1,14,凱基-虎尾,2023-08-21,9236
3071,協禧,15,1,14,凱基-虎尾,2023-08-21,9236
8341,日友,13,0,13,凱基-虎尾,2023-08-21,9236
1503,士電,15,2,13,凱基-虎尾,2023-08-21,9236
5452,佶優,22,9,13,凱基-虎尾,2023-08-21,9236
1802,台玻,42,30,12,凱基-虎尾,2023-08-21,9236
2492,華新科,12,0,12,凱基-虎尾,2023-08-21,9236
3715,定穎投控,67,55,12,凱基-虎尾,2023-08-21,9236
5439,高技,12,0,12,凱基-虎尾,2023-08-21,9236
00900,富邦特選高股息30,11,0,11,凱基-虎尾,2023-08-21,9236
2359,所羅門,11,0,11,凱基-虎尾,2023-08-21,9236
8105,凌巨,12,1,11,凱基-虎尾,2023-08-21,9236
8210,勤誠,15,4,11,凱基-虎尾,2023-08-21,9236
2317,鴻海,10,0,10,凱基-虎尾,2023-08-21,9236
00753L,中信中國50正2,40,30,10,凱基-虎尾,2023-08-21,9236
2230,泰茂,10,0,10,凱基-虎尾,2023-08-21,9236
2323,中環,10,0,10,凱基-虎尾,2023-08-21,9236
2516,新建,10,0,10,凱基-虎尾,2023-08-21,9236
6026,福邦證,10,0,10,凱基-虎尾,2023-08-21,9236
00923,群益台ESG低碳50,9,0,9,凱基-虎尾,2023-08-21,9236
1444,力麗,10,1,9,凱基-虎尾,2023-08-21,9236
2605,新興,25,16,9,凱基-虎尾,2023-08-21,9236
2888,新光金,9,0,9,凱基-虎尾,2023-08-21,9236
3078,僑威,12,3,9,凱基-虎尾,2023-08-21,9236
3234,光環,9,0,9,凱基-虎尾,2023-08-21,9236
8240,華宏,64,0,64,凱基-虎尾,2023-08-22,9236
00680L,元大美債20正2,50,0,50,凱基-虎尾,2023-08-22,9236
6213,聯茂,56,7,49,凱基-虎尾,2023-08-22,9236
2337,旺宏,48,0,48,凱基-虎尾,2023-08-22,9236
2374,佳能,45,1,44,凱基-虎尾,2023-08-22,9236
3583,辛耘,66,23,43,凱基-虎尾,2023-08-22,9236
2427,三商電,40,0,40,凱基-虎尾,2023-08-22,9236
2449,京元電子,67,39,28,凱基-虎尾,2023-08-22,9236
2382,廣達,277,250,27,凱基-虎尾,2023-08-22,9236
2891,中信金,25,0,25,凱基-虎尾,2023-08-22,9236
6182,合晶,26,1,25,凱基-虎尾,2023-08-22,9236
2392,正崴,24,0,24,凱基-虎尾,2023-08-22,9236
00929,復華台灣科技優息,22,0,22,凱基-虎尾,2023-08-22,9236
3380,明泰,29,8,21,凱基-虎尾,2023-08-22,9236
3325,旭品,34,14,20,凱基-虎尾,2023-08-22,9236
6282,康舒,23,3,20,凱基-虎尾,2023-08-22,9236
3322,建舜電,18,0,18,凱基-虎尾,2023-08-22,9236
2323,中環,17,0,17,凱基-虎尾,2023-08-22,9236
2301,光寶科,39,22,17,凱基-虎尾,2023-08-22,9236
2883,凱基金,13,0,13,凱基-虎尾,2023-08-22,9236
5488,松普,13,0,13,凱基-虎尾,2023-08-22,9236
2002,中鋼,12,0,12,凱基-虎尾,2023-08-22,9236
2618,長榮航,42,30,12,凱基-虎尾,2023-08-22,9236
6266,泰詠,12,0,12,凱基-虎尾,2023-08-22,9236
3257,虹冠電,11,0,11,凱基-虎尾,2023-08-22,9236
3663,鑫科,11,0,11,凱基-虎尾,2023-08-22,9236
6585,鼎基,11,0,11,凱基-虎尾,2023-08-22,9236
00637L,元大滬深300正2,10,0,10,凱基-虎尾,2023-08-22,9236
00719B,元大美債1-3,10,0,10,凱基-虎尾,2023-08-22,9236
00753L,中信中國50正2,35,25,10,凱基-虎尾,2023-08-22,9236
1453,大將,10,0,10,凱基-虎尾,2023-08-22,9236
1762,中化生,10,0,10,凱基-虎尾,2023-08-22,9236
2009,第一銅,10,0,10,凱基-虎尾,2023-08-22,9236
2328,廣宇,13,3,10,凱基-虎尾,2023-08-22,9236
6176,瑞儀,10,0,10,凱基-虎尾,2023-08-22,9236
6770,力積電,10,0,10,凱基-虎尾,2023-08-22,9236
1326,台化,9,0,9,凱基-虎尾,2023-08-22,9236
3706,神達,11,2,9,凱基-虎尾,2023-08-22,9236
2421,建準,28,20,8,凱基-虎尾,2023-08-22,9236
2324,仁寶,17,9,8,凱基-虎尾,2023-08-22,9236
3046,建��,8,0,8,凱基-虎尾,2023-08-22,9236
00882,中信中國高股息,7,0,7,凱基-虎尾,2023-08-22,9236
6122,擎邦,27,20,7,凱基-虎尾,2023-08-22,9236
00931B,統一美債20年,6,0,6,凱基-虎尾,2023-08-22,9236
6691,洋基工程,7,1,6,凱基-虎尾,2023-08-22,9236
00772B,中信高評級公司債,6,0,6,凱基-虎尾,2023-08-22,9236
4533,協易機,6,0,6,凱基-虎尾,2023-08-22,9236
1752,南光,6,0,6,凱基-虎尾,2023-08-22,9236
2641,正德,6,0,6,凱基-虎尾,2023-08-22,9236
5340,建榮,23,17,6,凱基-虎尾,2023-08-22,9236
2344,華邦電,105,2,103,凱基-虎尾,2023-08-23,9236
00632R,元大台灣50反1,262,192,70,凱基-虎尾,2023-08-23,9236
00885,富邦越南,70,0,70,凱基-虎尾,2023-08-23,9236
2618,長榮航,67,19,48,凱基-虎尾,2023-08-23,9236
6167,久正,48,2,46,凱基-虎尾,2023-08-23,9236
3264,欣銓,42,1,41,凱基-虎尾,2023-08-23,9236
2323,中環,39,0,39,凱基-虎尾,2023-08-23,9236
2543,皇昌,28,0,28,凱基-虎尾,2023-08-23,9236
5371,中光電,40,14,26,凱基-虎尾,2023-08-23,9236
5388,中磊,26,2,24,凱基-虎尾,2023-08-23,9236
2208,台船,29,5,24,凱基-虎尾,2023-08-23,9236
3706,神達,25,3,22,凱基-虎尾,2023-08-23,9236
1308,亞聚,20,0,20,凱基-虎尾,2023-08-23,9236
2427,三商電,20,0,20,凱基-虎尾,2023-08-23,9236
8011,台通,20,0,20,凱基-虎尾,2023-08-23,9236
6770,力積電,20,1,19,凱基-虎尾,2023-08-23,9236
2401,凌陽,19,0,19,凱基-虎尾,2023-08-23,9236
2634,漢翔,68,50,18,凱基-虎尾,2023-08-23,9236
2486,一詮,71,53,18,凱基-虎尾,2023-08-23,9236
2538,基泰,19,1,18,凱基-虎尾,2023-08-23,9236
2355,敬鵬,20,3,17,凱基-虎尾,2023-08-23,9236
2356,英業達,34,19,15,凱基-虎尾,2023-08-23,9236
2331,精英,15,1,14,凱基-虎尾,2023-08-23,9236
2637,慧洋-KY,15,1,14,凱基-虎尾,2023-08-23,9236
6418,詠昇,13,0,13,凱基-虎尾,2023-08-23,9236
2338,光罩,14,2,12,凱基-虎尾,2023-08-23,9236
6218,豪勉,12,0,12,凱基-虎尾,2023-08-23,9236
2883,凱基金,11,0,11,凱基-虎尾,2023-08-23,9236
1217,愛之味,12,1,11,凱基-虎尾,2023-08-23,9236
2415,錩新,11,0,11,凱基-虎尾,2023-08-23,9236
3576,聯合再生,11,0,11,凱基-虎尾,2023-08-23,9236
00927,群益半導體收益,10,0,10,凱基-虎尾,2023-08-23,9236
2539,櫻花建,10,0,10,凱基-虎尾,2023-08-23,9236
3021,鴻名,12,2,10,凱基-虎尾,2023-08-23,9236
2610,華航,9,0,9,凱基-虎尾,2023-08-23,9236
6282,康舒,28,19,9,凱基-虎尾,2023-08-23,9236
6117,迎廣,10,1,9,凱基-虎尾,2023-08-23,9236
2303,聯電,8,0,8,凱基-虎尾,2023-08-23,9236
00929,復華台灣科技優息,9,1,8,凱基-虎尾,2023-08-23,9236
2884,玉山金,8,0,8,凱基-虎尾,2023-08-23,9236
6426,統新,8,0,8,凱基-虎尾,2023-08-23,9236
2002,中鋼,7,0,7,凱基-虎尾,2023-08-23,9236
2388,威盛,7,0,7,凱基-虎尾,2023-08-23,9236
6205,詮欣,9,2,7,凱基-虎尾,2023-08-23,9236
8227,巨有科技,7,0,7,凱基-虎尾,2023-08-23,9236
3037,欣興,8,2,6,凱基-虎尾,2023-08-23,9236
1326,台化,6,0,6,凱基-虎尾,2023-08-23,9236
006208,富邦台50,6,0,6,凱基-虎尾,2023-08-23,9236
4566,時碩工業,6,0,6,凱基-虎尾,2023-08-23,9236
4979,華星光,7,1,6,凱基-虎尾,2023-08-23,9236
2363,矽統,164,93,71,凱基-虎尾,2023-08-24,9236
2884,玉山金,65,0,65,凱基-虎尾,2023-08-24,9236
00632R,元大台灣50反1,122,60,62,凱基-虎尾,2023-08-24,9236
1584,精剛,87,27,60,凱基-虎尾,2023-08-24,9236
8201,無敵,49,0,49,凱基-虎尾,2023-08-24,9236
00637L,元大滬深300正2,40,0,40,凱基-虎尾,2023-08-24,9236
4906,正文,40,7,33,凱基-虎尾,2023-08-24,9236
2630,亞航,32,1,31,凱基-虎尾,2023-08-24,9236
00757,統一FANG+,29,0,29,凱基-虎尾,2023-08-24,9236
3231,緯創,2049,2023,26,凱基-虎尾,2023-08-24,9236
00929,復華台灣科技優息,24,2,22,凱基-虎尾,2023-08-24,9236
00919,群益台灣精選高息,21,0,21,凱基-虎尾,2023-08-24,9236
2303,聯電,19,2,17,凱基-虎尾,2023-08-24,9236
2399,映泰,147,131,16,凱基-虎尾,2023-08-24,9236
2605,新興,16,0,16,凱基-虎尾,2023-08-24,9236
3567,逸昌,16,0,16,凱基-虎尾,2023-08-24,9236
2460,建通,17,2,15,凱基-虎尾,2023-08-24,9236
4916,事欣科,19,4,15,凱基-虎尾,2023-08-24,9236
4933,友輝,15,0,15,凱基-虎尾,2023-08-24,9236
6152,百一,15,0,15,凱基-虎尾,2023-08-24,9236
2382,廣達,45,32,13,凱基-虎尾,2023-08-24,9236
2883,凱基金,13,0,13,凱基-虎尾,2023-08-24,9236
1218,泰山,13,1,12,凱基-虎尾,2023-08-24,9236
00631L,元大台灣50正2,11,0,11,凱基-虎尾,2023-08-24,9236
2359,所羅門,45,34,11,凱基-虎尾,2023-08-24,9236
2374,佳能,12,1,11,凱基-虎尾,2023-08-24,9236
3483,力致,18,8,10,凱基-虎尾,2023-08-24,9236
00923,群益台ESG低碳50,10,0,10,凱基-虎尾,2023-08-24,9236
2353,宏��,22,12,10,凱基-虎尾,2023-08-24,9236
2634,漢翔,67,57,10,凱基-虎尾,2023-08-24,9236
3141,晶宏,10,0,10,凱基-虎尾,2023-08-24,9236
4561,健椿,10,0,10,凱基-虎尾,2023-08-24,9236
3189,景碩,10,1,9,凱基-虎尾,2023-08-24,9236
2330,台積電,12,3,9,凱基-虎尾,2023-08-24,9236
00882,中信中國高股息,8,0,8,凱基-虎尾,2023-08-24,9236
2301,光寶科,34,26,8,凱基-虎尾,2023-08-24,9236
3017,奇鋐,12,4,8,凱基-虎尾,2023-08-24,9236
4157,太景*-KY,8,0,8,凱基-虎尾,2023-08-24,9236
6188,廣明,20,12,8,凱基-虎尾,2023-08-24,9236
6234,高僑,12,4,8,凱基-虎尾,2023-08-24,9236
3035,智原,23,15,8,凱基-虎尾,2023-08-24,9236
2002,中鋼,10,2,8,凱基-虎尾,2023-08-24,9236
2419,仲琦,7,0,7,凱基-虎尾,2023-08-24,9236
3071,協禧,8,1,7,凱基-虎尾,2023-08-24,9236
6282,康舒,13,6,7,凱基-虎尾,2023-08-24,9236
3042,晶技,9,2,7,凱基-虎尾,2023-08-24,9236
1605,華新,11,5,6,凱基-虎尾,2023-08-24,9236
1736,喬山,8,2,6,凱基-虎尾,2023-08-24,9236
1907,永豐餘,10,4,6,凱基-虎尾,2023-08-24,9236
3592,瑞鼎,7,1,6,凱基-虎尾,2023-08-24,9236
2852,第一保,118,0,118,凱基-虎尾,2023-08-25,9236
1605,華新,61,6,55,凱基-虎尾,2023-08-25,9236
2382,廣達,91,48,43,凱基-虎尾,2023-08-25,9236
3231,緯創,119,81,38,凱基-虎尾,2023-08-25,9236
00878,國泰永續高股息,35,0,35,凱基-虎尾,2023-08-25,9236
8105,凌巨,30,0,30,凱基-虎尾,2023-08-25,9236
5371,中光電,26,0,26,凱基-虎尾,2023-08-25,9236
2409,友達,25,2,23,凱基-虎尾,2023-08-25,9236
2363,矽統,69,47,22,凱基-虎尾,2023-08-25,9236
2353,宏��,20,0,20,凱基-虎尾,2023-08-25,9236
00923,群益台ESG低碳50,17,0,17,凱基-虎尾,2023-08-25,9236
2303,聯電,30,14,16,凱基-虎尾,2023-08-25,9236
2886,兆豐金,15,0,15,凱基-虎尾,2023-08-25,9236
00919,群益台灣精選高息,13,0,13,凱基-虎尾,2023-08-25,9236
2002,中鋼,18,5,13,凱基-虎尾,2023-08-25,9236
2610,華航,13,0,13,凱基-虎尾,2023-08-25,9236
00673R,期元大S＆P原油反1,20,8,12,凱基-虎尾,2023-08-25,9236
1810,和成,12,0,12,凱基-虎尾,2023-08-25,9236
2891,中信金,12,0,12,凱基-虎尾,2023-08-25,9236
3035,智原,21,10,11,凱基-虎尾,2023-08-25,9236
3062,建漢,11,0,11,凱基-虎尾,2023-08-25,9236
8033,雷虎,15,4,11,凱基-虎尾,2023-08-25,9236
00713,元大台灣高息低波,10,0,10,凱基-虎尾,2023-08-25,9236
1308,亞聚,10,0,10,凱基-虎尾,2023-08-25,9236
2481,強茂,10,0,10,凱基-虎尾,2023-08-25,9236
2883,凱基金,12,3,9,凱基-虎尾,2023-08-25,9236
00929,復華台灣科技優息,15,8,7,凱基-虎尾,2023-08-25,9236
1101,台泥,7,0,7,凱基-虎尾,2023-08-25,9236
2330,台積電,8,2,6,凱基-虎尾,2023-08-25,9236
6261,久元,6,0,6,凱基-虎尾,2023-08-25,9236
2890,永豐金,6,0,6,凱基-虎尾,2023-08-25,9236
2486,一詮,5,0,5,凱基-虎尾,2023-08-25,9236
1303,南亞,5,0,5,凱基-虎尾,2023-08-25,9236
2329,華泰,10,5,5,凱基-虎尾,2023-08-25,9236
2705,六福,5,0,5,凱基-虎尾,2023-08-25,9236
2881,富邦金,5,0,5,凱基-虎尾,2023-08-25,9236
3260,威剛,5,0,5,凱基-虎尾,2023-08-25,9236
5488,松普,5,0,5,凱基-虎尾,2023-08-25,9236
6412,群電,6,1,5,凱基-虎尾,2023-08-25,9236
3706,神達,7,2,5,凱基-虎尾,2023-08-25,9236
0050,元大台灣50,4,0,4,凱基-虎尾,2023-08-25,9236
2880,華南金,4,0,4,凱基-虎尾,2023-08-25,9236
1434,福懋,4,0,4,凱基-虎尾,2023-08-25,9236
00900,富邦特選高股息30,4,0,4,凱基-虎尾,2023-08-25,9236
2344,華邦電,4,0,4,凱基-虎尾,2023-08-25,9236
2374,佳能,5,1,4,凱基-虎尾,2023-08-25,9236
2520,冠德,4,0,4,凱基-虎尾,2023-08-25,9236
2605,新興,4,0,4,凱基-虎尾,2023-08-25,9236
6167,久正,6,2,4,凱基-虎尾,2023-08-25,9236
6234,高僑,4,0,4,凱基-虎尾,2023-08-25,9236
8105,凌巨,110,0,110,凱基-虎尾,2023-08-28,9236
2618,長榮航,132,64,68,凱基-虎尾,2023-08-28,9236
2303,聯電,85,33,52,凱基-虎尾,2023-08-28,9236
8150,南茂,52,1,51,凱基-虎尾,2023-08-28,9236
2634,漢翔,47,10,37,凱基-虎尾,2023-08-28,9236
2610,華航,35,2,33,凱基-虎尾,2023-08-28,9236
1810,和成,42,10,32,凱基-虎尾,2023-08-28,9236
00929,復華台灣科技優息,30,0,30,凱基-虎尾,2023-08-28,9236
00919,群益台灣精選高息,27,0,27,凱基-虎尾,2023-08-28,9236
00673R,期元大S＆P原油反1,25,0,25,凱基-虎尾,2023-08-28,9236
00878,國泰永續高股息,26,2,24,凱基-虎尾,2023-08-28,9236
2382,廣達,47,25,22,凱基-虎尾,2023-08-28,9236
00753L,中信中國50正2,31,10,21,凱基-虎尾,2023-08-28,9236
1605,華新,20,0,20,凱基-虎尾,2023-08-28,9236
6235,華孚,38,20,18,凱基-虎尾,2023-08-28,9236
3231,緯創,1031,1014,17,凱基-虎尾,2023-08-28,9236
2332,友訊,16,1,15,凱基-虎尾,2023-08-28,9236
2603,長榮,15,1,14,凱基-虎尾,2023-08-28,9236
2022,聚亨,15,3,12,凱基-虎尾,2023-08-28,9236
0056,元大高股息,11,0,11,凱基-虎尾,2023-08-28,9236
00900,富邦特選高股息30,10,0,10,凱基-虎尾,2023-08-28,9236
6207,雷科,10,0,10,凱基-虎尾,2023-08-28,9236
6209,今國光,10,0,10,凱基-虎尾,2023-08-28,9236
6442,光聖,10,0,10,凱基-虎尾,2023-08-28,9236
3037,欣興,13,4,9,凱基-虎尾,2023-08-28,9236
2421,建準,10,1,9,凱基-虎尾,2023-08-28,9236
2425,承啟,10,1,9,凱基-虎尾,2023-08-28,9236
2485,兆赫,17,8,9,凱基-虎尾,2023-08-28,9236
1584,精剛,11,3,8,凱基-虎尾,2023-08-28,9236
1802,台玻,8,0,8,凱基-虎尾,2023-08-28,9236
3305,昇貿,13,5,8,凱基-虎尾,2023-08-28,9236
6446,藥華藥,10,2,8,凱基-虎尾,2023-08-28,9236
2376,技嘉,18,10,8,凱基-虎尾,2023-08-28,9236
2729,瓦城,7,0,7,凱基-虎尾,2023-08-28,9236
4162,智擎,7,0,7,凱基-虎尾,2023-08-28,9236
4564,元翎,7,0,7,凱基-虎尾,2023-08-28,9236
9945,潤泰新,6,0,6,凱基-虎尾,2023-08-28,9236
2362,藍天,6,0,6,凱基-虎尾,2023-08-28,9236
3011,今皓,7,1,6,凱基-虎尾,2023-08-28,9236
3024,憶聲,6,0,6,凱基-虎尾,2023-08-28,9236
00631L,元大台灣50正2,5,0,5,凱基-虎尾,2023-08-28,9236
2388,威盛,5,0,5,凱基-虎尾,2023-08-28,9236
2468,華經,7,2,5,凱基-虎尾,2023-08-28,9236
2495,普安,5,0,5,凱基-虎尾,2023-08-28,9236
3227,原相,7,2,5,凱基-虎尾,2023-08-28,9236
3548,兆利,5,0,5,凱基-虎尾,2023-08-28,9236
3622,洋華,5,0,5,凱基-虎尾,2023-08-28,9236
4906,正文,64,59,5,凱基-虎尾,2023-08-28,9236
5222,全訊,5,0,5,凱基-虎尾,2023-08-28,9236
5227,立凱-KY,5,0,5,凱基-虎尾,2023-08-28,9236
6213,聯茂,91,11,80,凱基-虎尾,2023-08-29,9236
1905,華紙,59,3,56,凱基-虎尾,2023-08-29,9236
3576,聯合再生,41,5,36,凱基-虎尾,2023-08-29,9236
3051,力特,45,10,35,凱基-虎尾,2023-08-29,9236
2002,中鋼,33,0,33,凱基-虎尾,2023-08-29,9236
1584,精剛,33,2,31,凱基-虎尾,2023-08-29,9236
00632R,元大台灣50反1,30,0,30,凱基-虎尾,2023-08-29,9236
6170,統振,30,0,30,凱基-虎尾,2023-08-29,9236
1319,東陽,31,3,28,凱基-虎尾,2023-08-29,9236
3231,緯創,1800,1775,25,凱基-虎尾,2023-08-29,9236
2368,金像電,20,0,20,凱基-虎尾,2023-08-29,9236
00929,復華台灣科技優息,20,0,20,凱基-虎尾,2023-08-29,9236
2816,旺旺保,40,23,17,凱基-虎尾,2023-08-29,9236
6625,必應,15,0,15,凱基-虎尾,2023-08-29,9236
3257,虹冠電,14,1,13,凱基-虎尾,2023-08-29,9236
5009,榮剛,18,5,13,凱基-虎尾,2023-08-29,9236
6443,元晶,26,13,13,凱基-虎尾,2023-08-29,9236
2201,裕隆,13,1,12,凱基-虎尾,2023-08-29,9236
2340,台亞,25,13,12,凱基-虎尾,2023-08-29,9236
2354,鴻準,12,0,12,凱基-虎尾,2023-08-29,9236
3035,智原,15,4,11,凱基-虎尾,2023-08-29,9236
3289,宜特,11,0,11,凱基-虎尾,2023-08-29,9236
6167,久正,11,0,11,凱基-虎尾,2023-08-29,9236
2611,志信,10,0,10,凱基-虎尾,2023-08-29,9236
5452,佶優,10,0,10,凱基-虎尾,2023-08-29,9236
2105,正新,14,5,9,凱基-虎尾,2023-08-29,9236
3689,湧德,9,0,9,凱基-虎尾,2023-08-29,9236
5371,中光電,17,8,9,凱基-虎尾,2023-08-29,9236
1612,宏泰,10,2,8,凱基-虎尾,2023-08-29,9236
1907,永豐餘,8,0,8,凱基-虎尾,2023-08-29,9236
2419,仲琦,10,2,8,凱基-虎尾,2023-08-29,9236
2455,全新,9,1,8,凱基-虎尾,2023-08-29,9236
2485,兆赫,14,7,7,凱基-虎尾,2023-08-29,9236
2614,東森,7,0,7,凱基-虎尾,2023-08-29,9236
4129,聯合,7,0,7,凱基-虎尾,2023-08-29,9236
4542,科嶠,7,0,7,凱基-虎尾,2023-08-29,9236
00878,國泰永續高股息,8,2,6,凱基-虎尾,2023-08-29,9236
1532,勤美,6,0,6,凱基-虎尾,2023-08-29,9236
3217,優群,6,0,6,凱基-虎尾,2023-08-29,9236
3545,敦泰,6,0,6,凱基-虎尾,2023-08-29,9236
3707,漢磊,6,0,6,凱基-虎尾,2023-08-29,9236
5351,鈺創,6,0,6,凱基-虎尾,2023-08-29,9236
6122,擎邦,7,1,6,凱基-虎尾,2023-08-29,9236
6442,光聖,6,0,6,凱基-虎尾,2023-08-29,9236
8050,廣積,9,3,6,凱基-虎尾,2023-08-29,9236
2881,富邦金,5,0,5,凱基-虎尾,2023-08-29,9236
1227,佳格,5,0,5,凱基-虎尾,2023-08-29,9236
00712,復華富時不動產,10,5,5,凱基-虎尾,2023-08-29,9236
2329,華泰,47,42,5,凱基-虎尾,2023-08-29,9236
2458,義隆,5,0,5,凱基-虎尾,2023-08-29,9236
00885,富邦越南,70,0,70,凱基-虎尾,2023-08-30,9236
00637L,元大滬深300正2,69,0,69,凱基-虎尾,2023-08-30,9236
00669R,國泰美國道瓊反1,60,0,60,凱基-虎尾,2023-08-30,9236
2355,敬鵬,57,4,53,凱基-虎尾,2023-08-30,9236
2618,長榮航,51,1,50,凱基-虎尾,2023-08-30,9236
2367,燿華,43,0,43,凱基-虎尾,2023-08-30,9236
5381,合正,39,1,38,凱基-虎尾,2023-08-30,9236
1605,華新,35,0,35,凱基-虎尾,2023-08-30,9236
2409,友達,38,6,32,凱基-虎尾,2023-08-30,9236
00929,復華台灣科技優息,41,10,31,凱基-虎尾,2023-08-30,9236
8105,凌巨,30,0,30,凱基-虎尾,2023-08-30,9236
00753L,中信中國50正2,31,2,29,凱基-虎尾,2023-08-30,9236
3071,協禧,29,1,28,凱基-虎尾,2023-08-30,9236
2363,矽統,146,119,27,凱基-虎尾,2023-08-30,9236
4128,中天,27,0,27,凱基-虎尾,2023-08-30,9236
2401,凌陽,41,16,25,凱基-虎尾,2023-08-30,9236
1802,台玻,36,15,21,凱基-虎尾,2023-08-30,9236
8088,品安,21,0,21,凱基-虎尾,2023-08-30,9236
2404,漢唐,20,0,20,凱基-虎尾,2023-08-30,9236
2883,凱基金,50,30,20,凱基-虎尾,2023-08-30,9236
3481,群創,20,1,19,凱基-虎尾,2023-08-30,9236
1524,耿鼎,18,0,18,凱基-虎尾,2023-08-30,9236
1471,首利,18,1,17,凱基-虎尾,2023-08-30,9236
1101,台泥,15,0,15,凱基-虎尾,2023-08-30,9236
4906,正文,16,2,14,凱基-虎尾,2023-08-30,9236
1591,駿吉-KY,13,0,13,凱基-虎尾,2023-08-30,9236
2316,楠梓電,19,6,13,凱基-虎尾,2023-08-30,9236
2460,建通,13,0,13,凱基-虎尾,2023-08-30,9236
2464,盟立,13,0,13,凱基-虎尾,2023-08-30,9236
8996,高力,13,0,13,凱基-虎尾,2023-08-30,9236
9955,佳龍,13,0,13,凱基-虎尾,2023-08-30,9236
5425,台半,14,2,12,凱基-虎尾,2023-08-30,9236
6126,信音,12,0,12,凱基-虎尾,2023-08-30,9236
2374,佳能,11,0,11,凱基-虎尾,2023-08-30,9236
5340,建榮,31,20,11,凱基-虎尾,2023-08-30,9236
6194,育富,17,6,11,凱基-虎尾,2023-08-30,9236
3673,TPK-KY,10,0,10,凱基-虎尾,2023-08-30,9236
6108,競國,10,0,10,凱基-虎尾,2023-08-30,9236
6568,宏觀,10,0,10,凱基-虎尾,2023-08-30,9236
2345,智邦,10,0,10,凱基-虎尾,2023-08-30,9236
00715L,期街口布蘭特正2,10,1,9,凱基-虎尾,2023-08-30,9236
2338,光罩,9,0,9,凱基-虎尾,2023-08-30,9236
2331,精英,19,10,9,凱基-虎尾,2023-08-30,9236
3078,僑威,13,4,9,凱基-虎尾,2023-08-30,9236
4934,太極,10,1,9,凱基-虎尾,2023-08-30,9236
4967,十銓,9,0,9,凱基-虎尾,2023-08-30,9236
5371,中光電,22,13,9,凱基-虎尾,2023-08-30,9236
3011,今皓,9,1,8,凱基-虎尾,2023-08-30,9236
3583,辛耘,21,13,8,凱基-虎尾,2023-08-30,9236
6203,海韻電,7,0,7,凱基-虎尾,2023-08-30,9236
2883,凱基金,83,0,83,凱基-虎尾,2023-08-31,9236
2337,旺宏,81,29,52,凱基-虎尾,2023-08-31,9236
2834,臺企銀,53,4,49,凱基-虎尾,2023-08-31,9236
2887,台新金,46,0,46,凱基-虎尾,2023-08-31,9236
00878,國泰永續高股息,37,0,37,凱基-虎尾,2023-08-31,9236
00929,復華台灣科技優息,34,3,31,凱基-虎尾,2023-08-31,9236
6125,廣運,28,1,27,凱基-虎尾,2023-08-31,9236
00877,復華中國5G,25,0,25,凱基-虎尾,2023-08-31,9236
00637L,元大滬深300正2,25,0,25,凱基-虎尾,2023-08-31,9236
6235,華孚,29,4,25,凱基-虎尾,2023-08-31,9236
2404,漢唐,20,0,20,凱基-虎尾,2023-08-31,9236
3078,僑威,33,13,20,凱基-虎尾,2023-08-31,9236
1609,大亞,25,7,18,凱基-虎尾,2023-08-31,9236
1904,正隆,18,0,18,凱基-虎尾,2023-08-31,9236
9919,康那香,16,0,16,凱基-虎尾,2023-08-31,9236
1522,堤維西,50,35,15,凱基-虎尾,2023-08-31,9236
1603,華電,15,0,15,凱基-虎尾,2023-08-31,9236
2607,榮運,17,2,15,凱基-虎尾,2023-08-31,9236
2891,中信金,15,0,15,凱基-虎尾,2023-08-31,9236
2880,華南金,14,0,14,凱基-虎尾,2023-08-31,9236
8050,廣積,16,2,14,凱基-虎尾,2023-08-31,9236
2329,華泰,28,14,14,凱基-虎尾,2023-08-31,9236
1101,台泥,14,1,13,凱基-虎尾,2023-08-31,9236
3715,定穎投控,27,14,13,凱基-虎尾,2023-08-31,9236
2892,第一金,12,0,12,凱基-虎尾,2023-08-31,9236
00673R,期元大S＆P原油反1,12,0,12,凱基-虎尾,2023-08-31,9236
2801,彰銀,12,0,12,凱基-虎尾,2023-08-31,9236
4728,雙美,11,0,11,凱基-虎尾,2023-08-31,9236
2330,台積電,10,0,10,凱基-虎尾,2023-08-31,9236
00665L,富邦�琤肭磪囓�2,10,0,10,凱基-虎尾,2023-08-31,9236
00919,群益台灣精選高息,10,0,10,凱基-虎尾,2023-08-31,9236
1210,大成,10,0,10,凱基-虎尾,2023-08-31,9236
1907,永豐餘,10,0,10,凱基-虎尾,2023-08-31,9236
6547,高端疫苗,18,8,10,凱基-虎尾,2023-08-31,9236
6806,森崴能源,15,5,10,凱基-虎尾,2023-08-31,9236
2344,華邦電,25,16,9,凱基-虎尾,2023-08-31,9236
9941,裕融,9,0,9,凱基-虎尾,2023-08-31,9236
2324,仁寶,19,11,8,凱基-虎尾,2023-08-31,9236
1102,亞泥,8,0,8,凱基-虎尾,2023-08-31,9236
2645,長榮航太,11,3,8,凱基-虎尾,2023-08-31,9236
5301,寶得利,10,2,8,凱基-虎尾,2023-08-31,9236
6418,詠昇,8,0,8,凱基-虎尾,2023-08-31,9236
2816,旺旺保,7,0,7,凱基-虎尾,2023-08-31,9236
3622,洋華,10,3,7,凱基-虎尾,2023-08-31,9236
2376,技嘉,10,4,6,凱基-虎尾,2023-08-31,9236
2618,長榮航,24,18,6,凱基-虎尾,2023-08-31,9236
6116,彩晶,6,0,6,凱基-虎尾,2023-08-31,9236
1584,精剛,26,21,5,凱基-虎尾,2023-08-31,9236
00669R,國泰美國道瓊反1,5,0,5,凱基-虎尾,2023-08-31,9236
2886,兆豐金,5,0,5,凱基-虎尾,2023-08-31,9236
2312,金寶,359,44,315,凱基-虎尾,2023-09-01,9236
3231,緯創,543,469,74,凱基-虎尾,2023-09-01,9236
2834,臺企銀,60,1,59,凱基-虎尾,2023-09-01,9236
2337,旺宏,64,6,58,凱基-虎尾,2023-09-01,9236
00919,群益台灣精選高息,56,0,56,凱基-虎尾,2023-09-01,9236
6770,力積電,50,0,50,凱基-虎尾,2023-09-01,9236
2515,中工,51,4,47,凱基-虎尾,2023-09-01,9236
1409,新纖,42,0,42,凱基-虎尾,2023-09-01,9236
00929,復華台灣科技優息,32,0,32,凱基-虎尾,2023-09-01,9236
3051,力特,40,9,31,凱基-虎尾,2023-09-01,9236
0056,元大高股息,30,2,28,凱基-虎尾,2023-09-01,9236
2630,亞航,27,1,26,凱基-虎尾,2023-09-01,9236
8105,凌巨,30,4,26,凱基-虎尾,2023-09-01,9236
5864,致和證,25,0,25,凱基-虎尾,2023-09-01,9236
2331,精英,56,32,24,凱基-虎尾,2023-09-01,9236
9904,寶成,24,0,24,凱基-虎尾,2023-09-01,9236
2369,菱生,41,19,22,凱基-虎尾,2023-09-01,9236
2455,全新,20,0,20,凱基-虎尾,2023-09-01,9236
8916,光隆,20,0,20,凱基-虎尾,2023-09-01,9236
3163,波若威,25,6,19,凱基-虎尾,2023-09-01,9236
2323,中環,18,1,17,凱基-虎尾,2023-09-01,9236
2356,英業達,18,2,16,凱基-虎尾,2023-09-01,9236
1732,毛寶,16,0,16,凱基-虎尾,2023-09-01,9236
5328,華容,18,2,16,凱基-虎尾,2023-09-01,9236
00877,復華中國5G,15,0,15,凱基-虎尾,2023-09-01,9236
00715L,期街口布蘭特正2,15,0,15,凱基-虎尾,2023-09-01,9236
1402,遠東新,14,0,14,凱基-虎尾,2023-09-01,9236
2816,旺旺保,24,10,14,凱基-虎尾,2023-09-01,9236
2476,鉅祥,12,0,12,凱基-虎尾,2023-09-01,9236
3011,今皓,12,0,12,凱基-虎尾,2023-09-01,9236
8088,品安,17,5,12,凱基-虎尾,2023-09-01,9236
1584,精剛,13,2,11,凱基-虎尾,2023-09-01,9236
00687B,國泰20年美債,10,0,10,凱基-虎尾,2023-09-01,9236
1785,光洋科,10,0,10,凱基-虎尾,2023-09-01,9236
2340,台亞,11,1,10,凱基-虎尾,2023-09-01,9236
3346,麗清,10,0,10,凱基-虎尾,2023-09-01,9236
2883,凱基金,10,1,9,凱基-虎尾,2023-09-01,9236
2316,楠梓電,9,0,9,凱基-虎尾,2023-09-01,9236
2399,映泰,10,1,9,凱基-虎尾,2023-09-01,9236
3324,雙鴻,9,0,9,凱基-虎尾,2023-09-01,9236
6412,群電,10,1,9,凱基-虎尾,2023-09-01,9236
3036,文曄,9,1,8,凱基-虎尾,2023-09-01,9236
3078,僑威,46,38,8,凱基-虎尾,2023-09-01,9236
3714,富采,11,3,8,凱基-虎尾,2023-09-01,9236
6443,元晶,10,2,8,凱基-虎尾,2023-09-01,9236
3013,晟銘電,8,0,8,凱基-虎尾,2023-09-01,9236
1326,台化,7,0,7,凱基-虎尾,2023-09-01,9236
2610,華航,9,2,7,凱基-虎尾,2023-09-01,9236
4503,金雨,7,0,7,凱基-虎尾,2023-09-01,9236
8069,元太,9,2,7,凱基-虎尾,2023-09-01,9236
3481,群創,107,2,105,凱基-虎尾,2023-09-04,9236
2883,凱基金,100,22,78,凱基-虎尾,2023-09-04,9236
2409,友達,74,3,71,凱基-虎尾,2023-09-04,9236
00680L,元大美債20正2,65,0,65,凱基-虎尾,2023-09-04,9236
8105,凌巨,60,0,60,凱基-虎尾,2023-09-04,9236
00877,復華中國5G,42,0,42,凱基-虎尾,2023-09-04,9236
1444,力麗,38,0,38,凱基-虎尾,2023-09-04,9236
3290,東浦,41,8,33,凱基-虎尾,2023-09-04,9236
2014,中鴻,31,0,31,凱基-虎尾,2023-09-04,9236
1305,華夏,28,0,28,凱基-虎尾,2023-09-04,9236
6234,高僑,30,2,28,凱基-虎尾,2023-09-04,9236
00643,群益深証中小,25,0,25,凱基-虎尾,2023-09-04,9236
8086,宏捷科,29,5,24,凱基-虎尾,2023-09-04,9236
2401,凌陽,23,0,23,凱基-虎尾,2023-09-04,9236
00915,凱基優選高股息30,22,0,22,凱基-虎尾,2023-09-04,9236
6235,華孚,23,1,22,凱基-虎尾,2023-09-04,9236
1217,愛之味,20,0,20,凱基-虎尾,2023-09-04,9236
00637L,元大滬深300正2,20,0,20,凱基-虎尾,2023-09-04,9236
2605,新興,20,1,19,凱基-虎尾,2023-09-04,9236
00919,群益台灣精選高息,18,0,18,凱基-虎尾,2023-09-04,9236
2337,旺宏,25,7,18,凱基-虎尾,2023-09-04,9236
6112,邁達特,18,2,16,凱基-虎尾,2023-09-04,9236
00673R,期元大S＆P原油反1,15,0,15,凱基-虎尾,2023-09-04,9236
1319,東陽,20,6,14,凱基-虎尾,2023-09-04,9236
2371,大同,14,0,14,凱基-虎尾,2023-09-04,9236
5351,鈺創,14,0,14,凱基-虎尾,2023-09-04,9236
5457,宣德,15,1,14,凱基-虎尾,2023-09-04,9236
3231,緯創,208,195,13,凱基-虎尾,2023-09-04,9236
2606,裕民,15,2,13,凱基-虎尾,2023-09-04,9236
3217,優群,12,0,12,凱基-虎尾,2023-09-04,9236
9919,康那香,13,1,12,凱基-虎尾,2023-09-04,9236
1802,台玻,18,7,11,凱基-虎尾,2023-09-04,9236
2543,皇昌,11,0,11,凱基-虎尾,2023-09-04,9236
3567,逸昌,14,3,11,凱基-虎尾,2023-09-04,9236
4503,金雨,11,0,11,凱基-虎尾,2023-09-04,9236
5009,榮剛,34,23,11,凱基-虎尾,2023-09-04,9236
6182,合晶,11,0,11,凱基-虎尾,2023-09-04,9236
6284,佳邦,12,2,10,凱基-虎尾,2023-09-04,9236
2358,廷鑫,10,0,10,凱基-虎尾,2023-09-04,9236
2390,云辰,10,0,10,凱基-虎尾,2023-09-04,9236
2630,亞航,10,0,10,凱基-虎尾,2023-09-04,9236
5340,建榮,10,0,10,凱基-虎尾,2023-09-04,9236
9950,萬國通,10,0,10,凱基-虎尾,2023-09-04,9236
3229,晟鈦,9,0,9,凱基-虎尾,2023-09-04,9236
2458,義隆,11,3,8,凱基-虎尾,2023-09-04,9236
3014,聯陽,14,6,8,凱基-虎尾,2023-09-04,9236
5347,世界,8,0,8,凱基-虎尾,2023-09-04,9236
6111,大宇資,8,0,8,凱基-虎尾,2023-09-04,9236
6418,詠昇,8,0,8,凱基-虎尾,2023-09-04,9236
3056,富華新,7,0,7,凱基-虎尾,2023-09-04,9236
2883,凱基金,51,3,48,凱基-虎尾,2023-09-05,9236
00753L,中信中國50正2,39,3,36,凱基-虎尾,2023-09-05,9236
00673R,期元大S＆P原油反1,46,10,36,凱基-虎尾,2023-09-05,9236
3260,威剛,36,0,36,凱基-虎尾,2023-09-05,9236
6191,精成科,35,0,35,凱基-虎尾,2023-09-05,9236
2481,強茂,23,0,23,凱基-虎尾,2023-09-05,9236
6129,普誠,31,8,23,凱基-虎尾,2023-09-05,9236
8112,至上,23,0,23,凱基-虎尾,2023-09-05,9236
8088,品安,22,1,21,凱基-虎尾,2023-09-05,9236
00877,復華中國5G,20,0,20,凱基-虎尾,2023-09-05,9236
1616,億泰,20,0,20,凱基-虎尾,2023-09-05,9236
2464,盟立,21,2,19,凱基-虎尾,2023-09-05,9236
2897,王道銀行,20,2,18,凱基-虎尾,2023-09-05,9236
2482,連宇,17,0,17,凱基-虎尾,2023-09-05,9236
5258,虹堡,20,3,17,凱基-虎尾,2023-09-05,9236
2324,仁寶,17,1,16,凱基-虎尾,2023-09-05,9236
3308,聯德,16,0,16,凱基-虎尾,2023-09-05,9236
00643,群益深証中小,15,0,15,凱基-虎尾,2023-09-05,9236
2387,精元,15,0,15,凱基-虎尾,2023-09-05,9236
3257,虹冠電,18,3,15,凱基-虎尾,2023-09-05,9236
3374,精材,15,0,15,凱基-虎尾,2023-09-05,9236
8261,富鼎,15,0,15,凱基-虎尾,2023-09-05,9236
3704,合勤控,17,2,15,凱基-虎尾,2023-09-05,9236
2409,友達,15,1,14,凱基-虎尾,2023-09-05,9236
2468,華經,14,0,14,凱基-虎尾,2023-09-05,9236
6116,彩晶,14,0,14,凱基-虎尾,2023-09-05,9236
2457,飛宏,13,0,13,凱基-虎尾,2023-09-05,9236
2618,長榮航,30,17,13,凱基-虎尾,2023-09-05,9236
4934,太極,19,6,13,凱基-虎尾,2023-09-05,9236
2880,華南金,12,0,12,凱基-虎尾,2023-09-05,9236
8431,匯鑽科,12,0,12,凱基-虎尾,2023-09-05,9236
00919,群益台灣精選高息,11,0,11,凱基-虎尾,2023-09-05,9236
1584,精剛,15,4,11,凱基-虎尾,2023-09-05,9236
2340,台亞,17,6,11,凱基-虎尾,2023-09-05,9236
8213,志超,11,0,11,凱基-虎尾,2023-09-05,9236
00929,復華台灣科技優息,33,23,10,凱基-虎尾,2023-09-05,9236
3059,華晶科,11,1,10,凱基-虎尾,2023-09-05,9236
6770,力積電,10,0,10,凱基-虎尾,2023-09-05,9236
8222,寶一,11,1,10,凱基-虎尾,2023-09-05,9236
6163,華電網,9,0,9,凱基-虎尾,2023-09-05,9236
3454,晶睿,15,6,9,凱基-虎尾,2023-09-05,9236
5469,瀚宇博,11,2,9,凱基-虎尾,2023-09-05,9236
2363,矽統,37,28,9,凱基-虎尾,2023-09-05,9236
2355,敬鵬,13,5,8,凱基-虎尾,2023-09-05,9236
3042,晶技,9,1,8,凱基-虎尾,2023-09-05,9236
3504,揚明光,8,0,8,凱基-虎尾,2023-09-05,9236
3715,定穎投控,22,14,8,凱基-虎尾,2023-09-05,9236
4543,萬在,9,1,8,凱基-虎尾,2023-09-05,9236
4927,泰鼎-KY,8,0,8,凱基-虎尾,2023-09-05,9236
5371,中光電,11,3,8,凱基-虎尾,2023-09-05,9236
3481,群創,3557,2995,562,凱基-虎尾,2023-09-06,9236
2337,旺宏,203,2,201,凱基-虎尾,2023-09-06,9236
00929,復華台灣科技優息,191,32,159,凱基-虎尾,2023-09-06,9236
2883,凱基金,100,0,100,凱基-虎尾,2023-09-06,9236
2409,友達,95,0,95,凱基-虎尾,2023-09-06,9236
6116,彩晶,109,20,89,凱基-虎尾,2023-09-06,9236
1102,亞泥,59,0,59,凱基-虎尾,2023-09-06,9236
2388,威盛,49,5,44,凱基-虎尾,2023-09-06,9236
2401,凌陽,50,11,39,凱基-虎尾,2023-09-06,9236
1584,精剛,31,1,30,凱基-虎尾,2023-09-06,9236
4906,正文,35,7,28,凱基-虎尾,2023-09-06,9236
00919,群益台灣精選高息,44,17,27,凱基-虎尾,2023-09-06,9236
3105,穩懋,26,0,26,凱基-虎尾,2023-09-06,9236
8110,華東,24,0,24,凱基-虎尾,2023-09-06,9236
2353,宏��,23,0,23,凱基-虎尾,2023-09-06,9236
5880,合庫金,22,0,22,凱基-虎尾,2023-09-06,9236
3025,星通,23,1,22,凱基-虎尾,2023-09-06,9236
2382,廣達,52,33,19,凱基-虎尾,2023-09-06,9236
1101,台泥,15,0,15,凱基-虎尾,2023-09-06,9236
00882,中信中國高股息,15,0,15,凱基-虎尾,2023-09-06,9236
2323,中環,15,0,15,凱基-虎尾,2023-09-06,9236
3163,波若威,29,14,15,凱基-虎尾,2023-09-06,9236
00673R,期元大S＆P原油反1,14,0,14,凱基-虎尾,2023-09-06,9236
00915,凱基優選高股息30,14,0,14,凱基-虎尾,2023-09-06,9236
3450,聯鈞,17,3,14,凱基-虎尾,2023-09-06,9236
8150,南茂,16,2,14,凱基-虎尾,2023-09-06,9236
6147,頎邦,14,0,14,凱基-虎尾,2023-09-06,9236
2449,京元電子,16,2,14,凱基-虎尾,2023-09-06,9236
2812,台中銀,12,0,12,凱基-虎尾,2023-09-06,9236
4958,臻鼎-KY,12,0,12,凱基-虎尾,2023-09-06,9236
1504,東元,11,0,11,凱基-虎尾,2023-09-06,9236
2206,三陽工業,11,0,11,凱基-虎尾,2023-09-06,9236
6125,廣運,11,0,11,凱基-虎尾,2023-09-06,9236
1219,福壽,11,0,11,凱基-虎尾,2023-09-06,9236
00931B,統一美債20年,11,1,10,凱基-虎尾,2023-09-06,9236
00643,群益深証中小,10,0,10,凱基-虎尾,2023-09-06,9236
00637L,元大滬深300正2,10,0,10,凱基-虎尾,2023-09-06,9236
00712,復華富時不動產,12,2,10,凱基-虎尾,2023-09-06,9236
00877,復華中國5G,10,0,10,凱基-虎尾,2023-09-06,9236
2358,廷鑫,16,6,10,凱基-虎尾,2023-09-06,9236
2376,技嘉,21,11,10,凱基-虎尾,2023-09-06,9236
3265,台星科,16,6,10,凱基-虎尾,2023-09-06,9236
5864,致和證,10,0,10,凱基-虎尾,2023-09-06,9236
6266,泰詠,10,0,10,凱基-虎尾,2023-09-06,9236
6285,啟��,515,505,10,凱基-虎尾,2023-09-06,9236
2880,華南金,9,0,9,凱基-虎尾,2023-09-06,9236
00753L,中信中國50正2,36,27,9,凱基-虎尾,2023-09-06,9236
2413,環科,10,1,9,凱基-虎尾,2023-09-06,9236
2610,華航,10,1,9,凱基-虎尾,2023-09-06,9236
2891,中信金,9,0,9,凱基-虎尾,2023-09-06,9236
00919,群益台灣精選高息,267,6,261,凱基-虎尾,2023-09-07,9236
3481,群創,226,2,224,凱基-虎尾,2023-09-07,9236
2409,友達,134,1,133,凱基-虎尾,2023-09-07,9236
00632R,元大台灣50反1,85,0,85,凱基-虎尾,2023-09-07,9236
2337,旺宏,52,7,45,凱基-虎尾,2023-09-07,9236
2867,三商壽,40,0,40,凱基-虎尾,2023-09-07,9236
00929,復華台灣科技優息,66,28,38,凱基-虎尾,2023-09-07,9236
00715L,期街口布蘭特正2,35,0,35,凱基-虎尾,2023-09-07,9236
3322,建舜電,30,0,30,凱基-虎尾,2023-09-07,9236
00673R,期元大S＆P原油反1,33,10,23,凱基-虎尾,2023-09-07,9236
00665L,富邦�琤肭磪囓�2,22,0,22,凱基-虎尾,2023-09-07,9236
6139,亞翔,24,2,22,凱基-虎尾,2023-09-07,9236
2427,三商電,21,0,21,凱基-虎尾,2023-09-07,9236
4915,致伸,27,6,21,凱基-虎尾,2023-09-07,9236
2455,全新,21,1,20,凱基-虎尾,2023-09-07,9236
3624,光頡,30,10,20,凱基-虎尾,2023-09-07,9236
1102,亞泥,19,0,19,凱基-虎尾,2023-09-07,9236
1513,中興電,20,1,19,凱基-虎尾,2023-09-07,9236
2485,兆赫,28,9,19,凱基-虎尾,2023-09-07,9236
8034,榮群,25,6,19,凱基-虎尾,2023-09-07,9236
2002,中鋼,18,0,18,凱基-虎尾,2023-09-07,9236
00915,凱基優選高股息30,17,0,17,凱基-虎尾,2023-09-07,9236
1618,合機,23,6,17,凱基-虎尾,2023-09-07,9236
00643,群益深証中小,15,0,15,凱基-虎尾,2023-09-07,9236
2371,大同,15,0,15,凱基-虎尾,2023-09-07,9236
00877,復華中國5G,14,0,14,凱基-虎尾,2023-09-07,9236
00757,統一FANG+,13,0,13,凱基-虎尾,2023-09-07,9236
2383,台光電,12,0,12,凱基-虎尾,2023-09-07,9236
1471,首利,15,4,11,凱基-虎尾,2023-09-07,9236
2891,中信金,10,0,10,凱基-虎尾,2023-09-07,9236
00857B,永豐20年美公債,10,0,10,凱基-虎尾,2023-09-07,9236
2365,昆盈,10,0,10,凱基-虎尾,2023-09-07,9236
4933,友輝,10,0,10,凱基-虎尾,2023-09-07,9236
6804,明係,10,0,10,凱基-虎尾,2023-09-07,9236
8936,國統,10,0,10,凱基-虎尾,2023-09-07,9236
2884,玉山金,9,0,9,凱基-虎尾,2023-09-07,9236
8112,至上,14,5,9,凱基-虎尾,2023-09-07,9236
2816,旺旺保,26,17,9,凱基-虎尾,2023-09-07,9236
00878,國泰永續高股息,18,9,9,凱基-虎尾,2023-09-07,9236
00923,群益台ESG低碳50,8,0,8,凱基-虎尾,2023-09-07,9236
1524,耿鼎,16,8,8,凱基-虎尾,2023-09-07,9236
3090,日電貿,8,0,8,凱基-虎尾,2023-09-07,9236
6203,海韻電,8,0,8,凱基-虎尾,2023-09-07,9236
00753L,中信中國50正2,17,10,7,凱基-虎尾,2023-09-07,9236
5236,凌陽創新,7,0,7,凱基-虎尾,2023-09-07,9236
6112,邁達特,10,3,7,凱基-虎尾,2023-09-07,9236
8358,金居,12,5,7,凱基-虎尾,2023-09-07,9236
1605,華新,6,0,6,凱基-虎尾,2023-09-07,9236
2303,聯電,8,2,6,凱基-虎尾,2023-09-07,9236
3071,協禧,6,0,6,凱基-虎尾,2023-09-07,9236
3481,群創,144,8,136,凱基-虎尾,2023-09-08,9236
00919,群益台灣精選高息,59,0,59,凱基-虎尾,2023-09-08,9236
1802,台玻,38,0,38,凱基-虎尾,2023-09-08,9236
00673R,期元大S＆P原油反1,47,10,37,凱基-虎尾,2023-09-08,9236
1605,華新,38,1,37,凱基-虎尾,2023-09-08,9236
2834,臺企銀,30,0,30,凱基-虎尾,2023-09-08,9236
00929,復華台灣科技優息,28,2,26,凱基-虎尾,2023-09-08,9236
2409,友達,26,0,26,凱基-虎尾,2023-09-08,9236
00915,凱基優選高股息30,24,0,24,凱基-虎尾,2023-09-08,9236
00918,大華優利高填息30,22,0,22,凱基-虎尾,2023-09-08,9236
5388,中磊,23,2,21,凱基-虎尾,2023-09-08,9236
00637L,元大滬深300正2,20,0,20,凱基-虎尾,2023-09-08,9236
00665L,富邦�琤肭磪囓�2,20,0,20,凱基-虎尾,2023-09-08,9236
1540,喬福,20,0,20,凱基-虎尾,2023-09-08,9236
3217,優群,20,0,20,凱基-虎尾,2023-09-08,9236
3322,建舜電,20,0,20,凱基-虎尾,2023-09-08,9236
3596,智易,18,0,18,凱基-虎尾,2023-09-08,9236
8033,雷虎,23,6,17,凱基-虎尾,2023-09-08,9236
00643,群益深証中小,15,0,15,凱基-虎尾,2023-09-08,9236
00882,中信中國高股息,15,0,15,凱基-虎尾,2023-09-08,9236
00877,復華中國5G,15,0,15,凱基-虎尾,2023-09-08,9236
3483,力致,20,6,14,凱基-虎尾,2023-09-08,9236
1584,精剛,12,0,12,凱基-虎尾,2023-09-08,9236
2618,長榮航,17,5,12,凱基-虎尾,2023-09-08,9236
1102,亞泥,11,0,11,凱基-虎尾,2023-09-08,9236
00857B,永豐20年美公債,10,0,10,凱基-虎尾,2023-09-08,9236
2230,泰茂,10,0,10,凱基-虎尾,2023-09-08,9236
2337,旺宏,10,0,10,凱基-虎尾,2023-09-08,9236
2353,宏��,10,0,10,凱基-虎尾,2023-09-08,9236
8112,至上,9,0,9,凱基-虎尾,2023-09-08,9236
3416,融程電,8,0,8,凱基-虎尾,2023-09-08,9236
6578,達邦蛋白,8,0,8,凱基-虎尾,2023-09-08,9236
2884,玉山金,7,0,7,凱基-虎尾,2023-09-08,9236
2382,廣達,1324,1317,7,凱基-虎尾,2023-09-08,9236
00923,群益台ESG低碳50,7,0,7,凱基-虎尾,2023-09-08,9236
2031,新光鋼,8,1,7,凱基-虎尾,2023-09-08,9236
2436,偉詮電,10,3,7,凱基-虎尾,2023-09-08,9236
2634,漢翔,13,6,7,凱基-虎尾,2023-09-08,9236
6770,力積電,7,0,7,凱基-虎尾,2023-09-08,9236
2402,毅嘉,36,30,6,凱基-虎尾,2023-09-08,9236
1810,和成,6,0,6,凱基-虎尾,2023-09-08,9236
2313,華通,25,19,6,凱基-虎尾,2023-09-08,9236
2883,凱基金,6,0,6,凱基-虎尾,2023-09-08,9236
3025,星通,6,0,6,凱基-虎尾,2023-09-08,9236
00878,國泰永續高股息,6,1,5,凱基-虎尾,2023-09-08,9236
00753L,中信中國50正2,5,0,5,凱基-虎尾,2023-09-08,9236
00900,富邦特選高股息30,5,0,5,凱基-虎尾,2023-09-08,9236
1522,堤維西,5,0,5,凱基-虎尾,2023-09-08,9236
1909,榮成,5,0,5,凱基-虎尾,2023-09-08,9236
2358,廷鑫,21,16,5,凱基-虎尾,2023-09-08,9236
00878,國泰永續高股息,146,1,145,凱基-虎尾,2023-09-11,9236
6234,高僑,120,4,116,凱基-虎尾,2023-09-11,9236
9105,泰金寶-DR,110,0,110,凱基-虎尾,2023-09-11,9236
3481,群創,125,27,98,凱基-虎尾,2023-09-11,9236
00918,大華優利高填息30,46,0,46,凱基-虎尾,2023-09-11,9236
00915,凱基優選高股息30,40,0,40,凱基-虎尾,2023-09-11,9236
2382,廣達,938,902,36,凱基-虎尾,2023-09-11,9236
00706L,期元大S＆P日圓正2,35,0,35,凱基-虎尾,2023-09-11,9236
3013,晟銘電,39,7,32,凱基-虎尾,2023-09-11,9236
0056,元大高股息,28,0,28,凱基-虎尾,2023-09-11,9236
00929,復華台灣科技優息,45,17,28,凱基-虎尾,2023-09-11,9236
00713,元大台灣高息低波,27,0,27,凱基-虎尾,2023-09-11,9236
00637L,元大滬深300正2,40,15,25,凱基-虎尾,2023-09-11,9236
1809,中釉,25,0,25,凱基-虎尾,2023-09-11,9236
2353,宏��,25,0,25,凱基-虎尾,2023-09-11,9236
2888,新光金,25,0,25,凱基-虎尾,2023-09-11,9236
3043,科風,25,0,25,凱基-虎尾,2023-09-11,9236
00919,群益台灣精選高息,40,17,23,凱基-虎尾,2023-09-11,9236
4533,協易機,22,0,22,凱基-虎尾,2023-09-11,9236
00665L,富邦�琤肭磪囓�2,20,0,20,凱基-虎尾,2023-09-11,9236
00932,兆豐永續高息等權,20,0,20,凱基-虎尾,2023-09-11,9236
2516,新建,20,0,20,凱基-虎尾,2023-09-11,9236
4532,瑞智,20,0,20,凱基-虎尾,2023-09-11,9236
2427,三商電,19,1,18,凱基-虎尾,2023-09-11,9236
00931B,統一美債20年,17,0,17,凱基-虎尾,2023-09-11,9236
2409,友達,21,5,16,凱基-虎尾,2023-09-11,9236
8358,金居,22,6,16,凱基-虎尾,2023-09-11,9236
2610,華航,16,1,15,凱基-虎尾,2023-09-11,9236
5381,合正,14,0,14,凱基-虎尾,2023-09-11,9236
00923,群益台ESG低碳50,14,0,14,凱基-虎尾,2023-09-11,9236
2313,華通,22,8,14,凱基-虎尾,2023-09-11,9236
2324,仁寶,18,5,13,凱基-虎尾,2023-09-11,9236
3231,緯創,268,255,13,凱基-虎尾,2023-09-11,9236
00712,復華富時不動產,12,0,12,凱基-虎尾,2023-09-11,9236
1810,和成,18,6,12,凱基-虎尾,2023-09-11,9236
5905,南仁湖,11,0,11,凱基-虎尾,2023-09-11,9236
00715L,期街口布蘭特正2,10,0,10,凱基-虎尾,2023-09-11,9236
00650L,復華香港正2,10,0,10,凱基-虎尾,2023-09-11,9236
2754,亞洲藏壽司,10,0,10,凱基-虎尾,2023-09-11,9236
2812,台中銀,10,0,10,凱基-虎尾,2023-09-11,9236
2603,長榮,10,1,9,凱基-虎尾,2023-09-11,9236
3567,逸昌,15,6,9,凱基-虎尾,2023-09-11,9236
1909,榮成,8,0,8,凱基-虎尾,2023-09-11,9236
4543,萬在,10,2,8,凱基-虎尾,2023-09-11,9236
6235,華孚,13,6,7,凱基-虎尾,2023-09-11,9236
2376,技嘉,24,17,7,凱基-虎尾,2023-09-11,9236
4142,國光生,13,6,7,凱基-虎尾,2023-09-11,9236
0050,元大台灣50,6,0,6,凱基-虎尾,2023-09-11,9236
1471,首利,11,5,6,凱基-虎尾,2023-09-11,9236
1504,東元,6,0,6,凱基-虎尾,2023-09-11,9236
00751B,元大AAA至A公司債,100,0,100,凱基-虎尾,2023-09-12,9236
00929,復華台灣科技優息,80,1,79,凱基-虎尾,2023-09-12,9236
3006,晶豪科,35,0,35,凱基-虎尾,2023-09-12,9236
2455,全新,30,0,30,凱基-虎尾,2023-09-12,9236
5388,中磊,23,0,23,凱基-虎尾,2023-09-12,9236
1522,堤維西,48,26,22,凱基-虎尾,2023-09-12,9236
00878,國泰永續高股息,24,2,22,凱基-虎尾,2023-09-12,9236
00857B,永豐20年美公債,21,0,21,凱基-虎尾,2023-09-12,9236
2324,仁寶,25,4,21,凱基-虎尾,2023-09-12,9236
2355,敬鵬,22,2,20,凱基-虎尾,2023-09-12,9236
3704,合勤控,57,37,20,凱基-虎尾,2023-09-12,9236
4906,正文,50,30,20,凱基-虎尾,2023-09-12,9236
5371,中光電,23,5,18,凱基-虎尾,2023-09-12,9236
3017,奇鋐,20,4,16,凱基-虎尾,2023-09-12,9236
3380,明泰,17,1,16,凱基-虎尾,2023-09-12,9236
2363,矽統,61,46,15,凱基-虎尾,2023-09-12,9236
00919,群益台灣精選高息,15,0,15,凱基-虎尾,2023-09-12,9236
2462,良得電,15,0,15,凱基-虎尾,2023-09-12,9236
3346,麗清,16,1,15,凱基-虎尾,2023-09-12,9236
5457,宣德,15,0,15,凱基-虎尾,2023-09-12,9236
2449,京元電子,15,1,14,凱基-虎尾,2023-09-12,9236
2630,亞航,18,4,14,凱基-虎尾,2023-09-12,9236
5905,南仁湖,14,0,14,凱基-虎尾,2023-09-12,9236
2353,宏��,13,0,13,凱基-虎尾,2023-09-12,9236
2405,輔信,14,1,13,凱基-虎尾,2023-09-12,9236
6191,精成科,13,0,13,凱基-虎尾,2023-09-12,9236
8112,至上,14,1,13,凱基-虎尾,2023-09-12,9236
2313,華通,87,75,12,凱基-虎尾,2023-09-12,9236
5469,瀚宇博,14,2,12,凱基-虎尾,2023-09-12,9236
00932,兆豐永續高息等權,11,0,11,凱基-虎尾,2023-09-12,9236
4915,致伸,17,6,11,凱基-虎尾,2023-09-12,9236
1584,精剛,10,0,10,凱基-虎尾,2023-09-12,9236
2025,千興,10,0,10,凱基-虎尾,2023-09-12,9236
2915,潤泰全,10,0,10,凱基-虎尾,2023-09-12,9236
1504,東元,10,1,9,凱基-虎尾,2023-09-12,9236
00915,凱基優選高股息30,9,0,9,凱基-虎尾,2023-09-12,9236
2354,鴻準,11,2,9,凱基-虎尾,2023-09-12,9236
2492,華新科,11,2,9,凱基-虎尾,2023-09-12,9236
3363,上詮,20,11,9,凱基-虎尾,2023-09-12,9236
3624,光頡,14,5,9,凱基-虎尾,2023-09-12,9236
6282,康舒,12,3,9,凱基-虎尾,2023-09-12,9236
3078,僑威,12,3,9,凱基-虎尾,2023-09-12,9236
1101,台泥,9,1,8,凱基-虎尾,2023-09-12,9236
2358,廷鑫,7,0,7,凱基-虎尾,2023-09-12,9236
3264,欣銓,8,1,7,凱基-虎尾,2023-09-12,9236
5880,合庫金,7,0,7,凱基-虎尾,2023-09-12,9236
2314,台揚,6,0,6,凱基-虎尾,2023-09-12,9236
2352,佳世達,7,1,6,凱基-虎尾,2023-09-12,9236
2409,友達,6,0,6,凱基-虎尾,2023-09-12,9236
2705,六福,6,0,6,凱基-虎尾,2023-09-12,9236
6288,聯嘉,205,106,99,凱基-虎尾,2023-09-13,9236
2890,永豐金,80,0,80,凱基-虎尾,2023-09-13,9236
3481,群創,62,0,62,凱基-虎尾,2023-09-13,9236
4906,正文,81,21,60,凱基-虎尾,2023-09-13,9236
3163,波若威,51,9,42,凱基-虎尾,2023-09-13,9236
2880,華南金,41,1,40,凱基-虎尾,2023-09-13,9236
4916,事欣科,36,0,36,凱基-虎尾,2023-09-13,9236
4967,十銓,36,0,36,凱基-虎尾,2023-09-13,9236
00919,群益台灣精選高息,53,20,33,凱基-虎尾,2023-09-13,9236
1524,耿鼎,52,19,33,凱基-虎尾,2023-09-13,9236
3617,碩天,34,3,31,凱基-虎尾,2023-09-13,9236
6125,廣運,42,11,31,凱基-虎尾,2023-09-13,9236
1809,中釉,26,0,26,凱基-虎尾,2023-09-13,9236
3234,光環,26,0,26,凱基-虎尾,2023-09-13,9236
4746,台耀,31,5,26,凱基-虎尾,2023-09-13,9236
00929,復華台灣科技優息,24,1,23,凱基-虎尾,2023-09-13,9236
2887,台新金,18,0,18,凱基-虎尾,2023-09-13,9236
2025,千興,22,7,15,凱基-虎尾,2023-09-13,9236
2323,中環,14,0,14,凱基-虎尾,2023-09-13,9236
3363,上詮,18,6,12,凱基-虎尾,2023-09-13,9236
2344,華邦電,13,2,11,凱基-虎尾,2023-09-13,9236
4503,金雨,12,1,11,凱基-虎尾,2023-09-13,9236
6414,樺漢,11,0,11,凱基-虎尾,2023-09-13,9236
00857B,永豐20年美公債,10,0,10,凱基-虎尾,2023-09-13,9236
2382,廣達,37,27,10,凱基-虎尾,2023-09-13,9236
00637L,元大滬深300正2,50,40,10,凱基-虎尾,2023-09-13,9236
00643,群益深証中小,10,0,10,凱基-虎尾,2023-09-13,9236
00882,中信中國高股息,10,0,10,凱基-虎尾,2023-09-13,9236
1102,亞泥,10,0,10,凱基-虎尾,2023-09-13,9236
2027,大成鋼,10,0,10,凱基-虎尾,2023-09-13,9236
3450,聯鈞,17,7,10,凱基-虎尾,2023-09-13,9236
4944,兆遠,10,0,10,凱基-虎尾,2023-09-13,9236
5009,榮剛,27,18,9,凱基-虎尾,2023-09-13,9236
00877,復華中國5G,7,0,7,凱基-虎尾,2023-09-13,9236
2201,裕隆,7,0,7,凱基-虎尾,2023-09-13,9236
3005,神基,10,4,6,凱基-虎尾,2023-09-13,9236
4147,中裕,7,1,6,凱基-虎尾,2023-09-13,9236
1471,首利,6,0,6,凱基-虎尾,2023-09-13,9236
2427,三商電,7,1,6,凱基-虎尾,2023-09-13,9236
2603,長榮,6,0,6,凱基-虎尾,2023-09-13,9236
3312,弘憶股,6,0,6,凱基-虎尾,2023-09-13,9236
4739,康普,6,0,6,凱基-虎尾,2023-09-13,9236
6120,達運,9,3,6,凱基-虎尾,2023-09-13,9236
00878,國泰永續高股息,9,4,5,凱基-虎尾,2023-09-13,9236
00692,富邦公司治理,5,0,5,凱基-虎尾,2023-09-13,9236
00753L,中信中國50正2,10,5,5,凱基-虎尾,2023-09-13,9236
00926,凱基全球菁英55,5,0,5,凱基-虎尾,2023-09-13,9236
00923,群益台ESG低碳50,5,0,5,凱基-虎尾,2023-09-13,9236
1560,中砂,5,0,5,凱基-虎尾,2023-09-13,9236
2014,中鴻,5,0,5,凱基-虎尾,2023-09-13,9236
00929,復華台灣科技優息,82,5,77,凱基-虎尾,2023-09-14,9236
5608,四維航,58,0,58,凱基-虎尾,2023-09-14,9236
00676R,富邦臺灣加權反1,50,0,50,凱基-虎尾,2023-09-14,9236
3231,緯創,1219,1183,36,凱基-虎尾,2023-09-14,9236
2340,台亞,33,1,32,凱基-虎尾,2023-09-14,9236
3013,晟銘電,34,3,31,凱基-虎尾,2023-09-14,9236
3483,力致,30,0,30,凱基-虎尾,2023-09-14,9236
00900,富邦特選高股息30,53,30,23,凱基-虎尾,2023-09-14,9236
1471,首利,22,0,22,凱基-虎尾,2023-09-14,9236
00891,中信關鍵半導體,20,0,20,凱基-虎尾,2023-09-14,9236
2002,中鋼,21,1,20,凱基-虎尾,2023-09-14,9236
2615,萬海,22,2,20,凱基-虎尾,2023-09-14,9236
5439,高技,19,0,19,凱基-虎尾,2023-09-14,9236
3622,洋華,18,0,18,凱基-虎尾,2023-09-14,9236
5351,鈺創,18,0,18,凱基-虎尾,2023-09-14,9236
8034,榮群,20,2,18,凱基-虎尾,2023-09-14,9236
2498,宏達電,18,1,17,凱基-虎尾,2023-09-14,9236
3062,建漢,17,0,17,凱基-虎尾,2023-09-14,9236
3122,笙泉,17,0,17,凱基-虎尾,2023-09-14,9236
3588,通嘉,18,1,17,凱基-虎尾,2023-09-14,9236
00919,群益台灣精選高息,17,0,17,凱基-虎尾,2023-09-14,9236
2374,佳能,16,0,16,凱基-虎尾,2023-09-14,9236
3680,家登,16,0,16,凱基-虎尾,2023-09-14,9236
00712,復華富時不動產,15,0,15,凱基-虎尾,2023-09-14,9236
00857B,永豐20年美公債,15,0,15,凱基-虎尾,2023-09-14,9236
2606,裕民,18,3,15,凱基-虎尾,2023-09-14,9236
3694,海華,15,1,14,凱基-虎尾,2023-09-14,9236
3380,明泰,21,8,13,凱基-虎尾,2023-09-14,9236
1903,士紙,23,10,13,凱基-虎尾,2023-09-14,9236
2609,陽明,29,16,13,凱基-虎尾,2023-09-14,9236
6170,統振,31,18,13,凱基-虎尾,2023-09-14,9236
6282,康舒,14,1,13,凱基-虎尾,2023-09-14,9236
2332,友訊,12,0,12,凱基-虎尾,2023-09-14,9236
3043,科風,12,0,12,凱基-虎尾,2023-09-14,9236
8088,品安,13,1,12,凱基-虎尾,2023-09-14,9236
2457,飛宏,11,0,11,凱基-虎尾,2023-09-14,9236
8358,金居,14,3,11,凱基-虎尾,2023-09-14,9236
1446,宏和,10,0,10,凱基-虎尾,2023-09-14,9236
00877,復華中國5G,10,0,10,凱基-虎尾,2023-09-14,9236
2486,一詮,42,32,10,凱基-虎尾,2023-09-14,9236
2838,聯邦銀,10,0,10,凱基-虎尾,2023-09-14,9236
6605,帝寶,10,0,10,凱基-虎尾,2023-09-14,9236
8109,博大,11,1,10,凱基-虎尾,2023-09-14,9236
2376,技嘉,16,6,10,凱基-虎尾,2023-09-14,9236
1618,合機,9,0,9,凱基-虎尾,2023-09-14,9236
2356,英業達,13,4,9,凱基-虎尾,2023-09-14,9236
3701,大眾控,9,0,9,凱基-虎尾,2023-09-14,9236
6535,順藥,9,0,9,凱基-虎尾,2023-09-14,9236
5381,合正,10,1,9,凱基-虎尾,2023-09-14,9236
1802,台玻,8,0,8,凱基-虎尾,2023-09-14,9236
2834,臺企銀,120,0,120,凱基-虎尾,2023-09-15,9236
00929,復華台灣科技優息,158,71,87,凱基-虎尾,2023-09-15,9236
2027,大成鋼,71,5,66,凱基-虎尾,2023-09-15,9236
6770,力積電,62,0,62,凱基-虎尾,2023-09-15,9236
6191,精成科,60,4,56,凱基-虎尾,2023-09-15,9236
8112,至上,68,13,55,凱基-虎尾,2023-09-15,9236
00637L,元大滬深300正2,60,20,40,凱基-虎尾,2023-09-15,9236
00669R,國泰美國道瓊反1,40,0,40,凱基-虎尾,2023-09-15,9236
3702,大聯大,40,0,40,凱基-虎尾,2023-09-15,9236
4503,金雨,36,0,36,凱基-虎尾,2023-09-15,9236
2617,台航,39,9,30,凱基-虎尾,2023-09-15,9236
2399,映泰,36,9,27,凱基-虎尾,2023-09-15,9236
00715L,期街口布蘭特正2,25,0,25,凱基-虎尾,2023-09-15,9236
2344,華邦電,55,30,25,凱基-虎尾,2023-09-15,9236
00877,復華中國5G,22,0,22,凱基-虎尾,2023-09-15,9236
00857B,永豐20年美公債,15,0,15,凱基-虎尾,2023-09-15,9236
6220,岳豐,15,0,15,凱基-虎尾,2023-09-15,9236
2610,華航,14,1,13,凱基-虎尾,2023-09-15,9236
3035,智原,30,18,12,凱基-虎尾,2023-09-15,9236
00712,復華富時不動產,15,3,12,凱基-虎尾,2023-09-15,9236
2402,毅嘉,12,0,12,凱基-虎尾,2023-09-15,9236
3036,文曄,13,1,12,凱基-虎尾,2023-09-15,9236
2603,長榮,940,928,12,凱基-虎尾,2023-09-15,9236
00878,國泰永續高股息,13,2,11,凱基-虎尾,2023-09-15,9236
2886,兆豐金,11,0,11,凱基-虎尾,2023-09-15,9236
3715,定穎投控,23,12,11,凱基-虎尾,2023-09-15,9236
8271,宇瞻,11,0,11,凱基-虎尾,2023-09-15,9236
8358,金居,25,14,11,凱基-虎尾,2023-09-15,9236
2812,台中銀,11,0,11,凱基-虎尾,2023-09-15,9236
2312,金寶,10,0,10,凱基-虎尾,2023-09-15,9236
00643,群益深証中小,10,0,10,凱基-虎尾,2023-09-15,9236
1605,華新,10,0,10,凱基-虎尾,2023-09-15,9236
2371,大同,12,2,10,凱基-虎尾,2023-09-15,9236
2449,京元電子,15,5,10,凱基-虎尾,2023-09-15,9236
2880,華南金,10,0,10,凱基-虎尾,2023-09-15,9236
2891,中信金,10,0,10,凱基-虎尾,2023-09-15,9236
3481,群創,26,16,10,凱基-虎尾,2023-09-15,9236
5236,凌陽創新,11,1,10,凱基-虎尾,2023-09-15,9236
2329,華泰,16,7,9,凱基-虎尾,2023-09-15,9236
3162,精確,10,1,9,凱基-虎尾,2023-09-15,9236
2892,第一金,8,0,8,凱基-虎尾,2023-09-15,9236
2206,三陽工業,8,0,8,凱基-虎尾,2023-09-15,9236
2486,一詮,63,55,8,凱基-虎尾,2023-09-15,9236
3260,威剛,39,31,8,凱基-虎尾,2023-09-15,9236
4919,新唐,11,3,8,凱基-虎尾,2023-09-15,9236
6015,宏遠證,8,0,8,凱基-虎尾,2023-09-15,9236
2542,興富發,7,0,7,凱基-虎尾,2023-09-15,9236
2230,泰茂,7,0,7,凱基-虎尾,2023-09-15,9236
3042,晶技,11,4,7,凱基-虎尾,2023-09-15,9236
00931B,統一美債20年,6,0,6,凱基-虎尾,2023-09-15,9236
1522,堤維西,85,3,82,凱基-虎尾,2023-09-18,9236
00919,群益台灣精選高息,91,18,73,凱基-虎尾,2023-09-18,9236
00929,復華台灣科技優息,91,38,53,凱基-虎尾,2023-09-18,9236
00915,凱基優選高股息30,50,0,50,凱基-虎尾,2023-09-18,9236
00918,大華優利高填息30,44,0,44,凱基-虎尾,2023-09-18,9236
00932,兆豐永續高息等權,37,0,37,凱基-虎尾,2023-09-18,9236
1815,富喬,26,0,26,凱基-虎尾,2023-09-18,9236
2355,敬鵬,56,31,25,凱基-虎尾,2023-09-18,9236
3044,健鼎,27,2,25,凱基-虎尾,2023-09-18,9236
2417,圓剛,30,6,24,凱基-虎尾,2023-09-18,9236
3163,波若威,33,9,24,凱基-虎尾,2023-09-18,9236
00772B,中信高評級公司債,21,0,21,凱基-虎尾,2023-09-18,9236
00878,國泰永續高股息,20,3,17,凱基-虎尾,2023-09-18,9236
3363,上詮,21,5,16,凱基-虎尾,2023-09-18,9236
2618,長榮航,16,2,14,凱基-虎尾,2023-09-18,9236
2382,廣達,21,8,13,凱基-虎尾,2023-09-18,9236
6770,力積電,22,9,13,凱基-虎尾,2023-09-18,9236
00751B,元大AAA至A公司債,13,0,13,凱基-虎尾,2023-09-18,9236
00680L,元大美債20正2,13,0,13,凱基-虎尾,2023-09-18,9236
2436,偉詮電,11,0,11,凱基-虎尾,2023-09-18,9236
00687B,國泰20年美債,10,0,10,凱基-虎尾,2023-09-18,9236
1402,遠東新,10,0,10,凱基-虎尾,2023-09-18,9236
1529,樂事綠能,10,0,10,凱基-虎尾,2023-09-18,9236
2367,燿華,116,106,10,凱基-虎尾,2023-09-18,9236
6284,佳邦,10,0,10,凱基-虎尾,2023-09-18,9236
2888,新光金,9,0,9,凱基-虎尾,2023-09-18,9236
4906,正文,12,3,9,凱基-虎尾,2023-09-18,9236
2462,良得電,9,1,8,凱基-虎尾,2023-09-18,9236
3037,欣興,10,2,8,凱基-虎尾,2023-09-18,9236
4909,新復興,10,2,8,凱基-虎尾,2023-09-18,9236
00753L,中信中國50正2,7,0,7,凱基-虎尾,2023-09-18,9236
1339,昭輝,7,0,7,凱基-虎尾,2023-09-18,9236
1102,亞泥,6,0,6,凱基-虎尾,2023-09-18,9236
00679B,元大美債20年,6,0,6,凱基-虎尾,2023-09-18,9236
00885,富邦越南,6,0,6,凱基-虎尾,2023-09-18,9236
2353,宏��,6,0,6,凱基-虎尾,2023-09-18,9236
2457,飛宏,6,0,6,凱基-虎尾,2023-09-18,9236
2605,新興,15,9,6,凱基-虎尾,2023-09-18,9236
3630,新鉅科,6,0,6,凱基-虎尾,2023-09-18,9236
4908,前鼎,22,16,6,凱基-虎尾,2023-09-18,9236
8088,品安,7,1,6,凱基-虎尾,2023-09-18,9236
00882,中信中國高股息,5,0,5,凱基-虎尾,2023-09-18,9236
3324,雙鴻,7,2,5,凱基-虎尾,2023-09-18,9236
00715L,期街口布蘭特正2,5,0,5,凱基-虎尾,2023-09-18,9236
00877,復華中國5G,5,0,5,凱基-虎尾,2023-09-18,9236
2323,中環,5,0,5,凱基-虎尾,2023-09-18,9236
2493,揚博,6,1,5,凱基-虎尾,2023-09-18,9236
6150,撼訊,5,0,5,凱基-虎尾,2023-09-18,9236
6244,茂迪,5,0,5,凱基-虎尾,2023-09-18,9236
2376,技嘉,18,14,4,凱基-虎尾,2023-09-18,9236
00919,群益台灣精選高息,78,42,36,凱基-虎尾,2023-09-19,9236
2610,華航,34,1,33,凱基-虎尾,2023-09-19,9236
2363,矽統,85,53,32,凱基-虎尾,2023-09-19,9236
2884,玉山金,32,0,32,凱基-虎尾,2023-09-19,9236
1710,東聯,30,0,30,凱基-虎尾,2023-09-19,9236
00921,兆豐龍頭等權重,27,0,27,凱基-虎尾,2023-09-19,9236
1809,中釉,24,1,23,凱基-虎尾,2023-09-19,9236
3264,欣銓,21,0,21,凱基-虎尾,2023-09-19,9236
00643,群益深証中小,20,0,20,凱基-虎尾,2023-09-19,9236
2834,臺企銀,30,10,20,凱基-虎尾,2023-09-19,9236
2344,華邦電,39,22,17,凱基-虎尾,2023-09-19,9236
4503,金雨,15,0,15,凱基-虎尾,2023-09-19,9236
8034,榮群,17,2,15,凱基-虎尾,2023-09-19,9236
00918,大華優利高填息30,14,0,14,凱基-虎尾,2023-09-19,9236
6285,啟��,22,9,13,凱基-虎尾,2023-09-19,9236
00900,富邦特選高股息30,13,0,13,凱基-虎尾,2023-09-19,9236
00877,復華中國5G,12,0,12,凱基-虎尾,2023-09-19,9236
8222,寶一,14,2,12,凱基-虎尾,2023-09-19,9236
00932,兆豐永續高息等權,11,0,11,凱基-虎尾,2023-09-19,9236
2332,友訊,19,8,11,凱基-虎尾,2023-09-19,9236
3062,建漢,11,0,11,凱基-虎尾,2023-09-19,9236
4162,智擎,13,2,11,凱基-虎尾,2023-09-19,9236
2382,廣達,15,4,11,凱基-虎尾,2023-09-19,9236
2618,長榮航,10,0,10,凱基-虎尾,2023-09-19,9236
2397,友通,10,0,10,凱基-虎尾,2023-09-19,9236
2401,凌陽,10,0,10,凱基-虎尾,2023-09-19,9236
3322,建舜電,10,0,10,凱基-虎尾,2023-09-19,9236
6770,力積電,10,0,10,凱基-虎尾,2023-09-19,9236
2354,鴻準,15,6,9,凱基-虎尾,2023-09-19,9236
2491,吉祥全,10,1,9,凱基-虎尾,2023-09-19,9236
3036,文曄,18,9,9,凱基-虎尾,2023-09-19,9236
00878,國泰永續高股息,13,5,8,凱基-虎尾,2023-09-19,9236
2436,偉詮電,10,2,8,凱基-虎尾,2023-09-19,9236
8033,雷虎,10,2,8,凱基-虎尾,2023-09-19,9236
1319,東陽,13,5,8,凱基-虎尾,2023-09-19,9236
1471,首利,7,0,7,凱基-虎尾,2023-09-19,9236
1514,亞力,8,1,7,凱基-虎尾,2023-09-19,9236
2886,兆豐金,7,0,7,凱基-虎尾,2023-09-19,9236
00929,復華台灣科技優息,27,21,6,凱基-虎尾,2023-09-19,9236
00926,凱基全球菁英55,6,0,6,凱基-虎尾,2023-09-19,9236
2105,正新,6,0,6,凱基-虎尾,2023-09-19,9236
2331,精英,6,0,6,凱基-虎尾,2023-09-19,9236
3276,宇環,6,0,6,凱基-虎尾,2023-09-19,9236
2330,台積電,5,0,5,凱基-虎尾,2023-09-19,9236
3037,欣興,9,4,5,凱基-虎尾,2023-09-19,9236
1102,亞泥,5,0,5,凱基-虎尾,2023-09-19,9236
1815,富喬,34,29,5,凱基-虎尾,2023-09-19,9236
2498,宏達電,5,0,5,凱基-虎尾,2023-09-19,9236
2516,新建,5,0,5,凱基-虎尾,2023-09-19,9236
2537,聯上發,5,0,5,凱基-虎尾,2023-09-19,9236
00929,復華台灣科技優息,110,42,68,凱基-虎尾,2023-09-20,9236
00919,群益台灣精選高息,62,8,54,凱基-虎尾,2023-09-20,9236
00673R,期元大S＆P原油反1,47,5,42,凱基-虎尾,2023-09-20,9236
2883,凱基金,35,0,35,凱基-虎尾,2023-09-20,9236
2371,大同,31,1,30,凱基-虎尾,2023-09-20,9236
2816,旺旺保,29,0,29,凱基-虎尾,2023-09-20,9236
3265,台星科,35,8,27,凱基-虎尾,2023-09-20,9236
2201,裕隆,30,4,26,凱基-虎尾,2023-09-20,9236
2367,燿華,71,48,23,凱基-虎尾,2023-09-20,9236
2449,京元電子,31,8,23,凱基-虎尾,2023-09-20,9236
6770,力積電,33,10,23,凱基-虎尾,2023-09-20,9236
4503,金雨,23,1,22,凱基-虎尾,2023-09-20,9236
2354,鴻準,36,15,21,凱基-虎尾,2023-09-20,9236
00915,凱基優選高股息30,19,2,17,凱基-虎尾,2023-09-20,9236
3043,科風,36,19,17,凱基-虎尾,2023-09-20,9236
3257,虹冠電,17,0,17,凱基-虎尾,2023-09-20,9236
3322,建舜電,20,3,17,凱基-虎尾,2023-09-20,9236
2645,長榮航太,16,0,16,凱基-虎尾,2023-09-20,9236
8222,寶一,16,0,16,凱基-虎尾,2023-09-20,9236
2618,長榮航,15,1,14,凱基-虎尾,2023-09-20,9236
2888,新光金,11,0,11,凱基-虎尾,2023-09-20,9236
00665L,富邦�琤肭磪囓�2,10,0,10,凱基-虎尾,2023-09-20,9236
00928,中信上櫃ESG30,10,0,10,凱基-虎尾,2023-09-20,9236
2612,中航,10,0,10,凱基-虎尾,2023-09-20,9236
2884,玉山金,10,0,10,凱基-虎尾,2023-09-20,9236
3576,聯合再生,10,0,10,凱基-虎尾,2023-09-20,9236
8064,東捷,12,2,10,凱基-虎尾,2023-09-20,9236
3706,神達,21,12,9,凱基-虎尾,2023-09-20,9236
1101,台泥,9,0,9,凱基-虎尾,2023-09-20,9236
6188,廣明,10,1,9,凱基-虎尾,2023-09-20,9236
6548,長科*,21,12,9,凱基-虎尾,2023-09-20,9236
6901,鑽石投資,9,1,8,凱基-虎尾,2023-09-20,9236
2409,友達,7,0,7,凱基-虎尾,2023-09-20,9236
4944,兆遠,7,0,7,凱基-虎尾,2023-09-20,9236
00755B,群益投資級公用債,6,0,6,凱基-虎尾,2023-09-20,9236
1584,精剛,60,54,6,凱基-虎尾,2023-09-20,9236
2457,飛宏,6,0,6,凱基-虎尾,2023-09-20,9236
2641,正德,14,8,6,凱基-虎尾,2023-09-20,9236
5880,合庫金,6,0,6,凱基-虎尾,2023-09-20,9236
00912,中信臺灣智慧50,5,0,5,凱基-虎尾,2023-09-20,9236
00753L,中信中國50正2,8,3,5,凱基-虎尾,2023-09-20,9236
00891,中信關鍵半導體,5,0,5,凱基-虎尾,2023-09-20,9236
2486,一詮,30,25,5,凱基-虎尾,2023-09-20,9236
2606,裕民,5,0,5,凱基-虎尾,2023-09-20,9236
2887,台新金,5,0,5,凱基-虎尾,2023-09-20,9236
2913,農林,5,0,5,凱基-虎尾,2023-09-20,9236
3325,旭品,6,1,5,凱基-虎尾,2023-09-20,9236
4119,旭富,5,0,5,凱基-虎尾,2023-09-20,9236
4934,太極,5,0,5,凱基-虎尾,2023-09-20,9236
5328,華容,9,4,5,凱基-虎尾,2023-09-20,9236
2337,旺宏,93,0,93,凱基-虎尾,2023-09-21,9236
5258,虹堡,87,0,87,凱基-虎尾,2023-09-21,9236
00919,群益台灣精選高息,75,6,69,凱基-虎尾,2023-09-21,9236
2883,凱基金,50,0,50,凱基-虎尾,2023-09-21,9236
2605,新興,45,3,42,凱基-虎尾,2023-09-21,9236
00680L,元大美債20正2,40,0,40,凱基-虎尾,2023-09-21,9236
2891,中信金,43,4,39,凱基-虎尾,2023-09-21,9236
00929,復華台灣科技優息,77,38,39,凱基-虎尾,2023-09-21,9236
00673R,期元大S＆P原油反1,48,10,38,凱基-虎尾,2023-09-21,9236
5880,合庫金,36,0,36,凱基-虎尾,2023-09-21,9236
00915,凱基優選高股息30,32,0,32,凱基-虎尾,2023-09-21,9236
2409,友達,31,0,31,凱基-虎尾,2023-09-21,9236
00878,國泰永續高股息,36,7,29,凱基-虎尾,2023-09-21,9236
2834,臺企銀,26,0,26,凱基-虎尾,2023-09-21,9236
6770,力積電,30,4,26,凱基-虎尾,2023-09-21,9236
2887,台新金,28,2,26,凱基-虎尾,2023-09-21,9236
00665L,富邦�琤肭磪囓�2,24,0,24,凱基-虎尾,2023-09-21,9236
2002,中鋼,24,0,24,凱基-虎尾,2023-09-21,9236
2884,玉山金,22,0,22,凱基-虎尾,2023-09-21,9236
2377,微星,27,5,22,凱基-虎尾,2023-09-21,9236
2618,長榮航,22,0,22,凱基-虎尾,2023-09-21,9236
2201,裕隆,21,0,21,凱基-虎尾,2023-09-21,9236
9904,寶成,20,0,20,凱基-虎尾,2023-09-21,9236
2882,國泰金,18,0,18,凱基-虎尾,2023-09-21,9236
3231,緯創,46,29,17,凱基-虎尾,2023-09-21,9236
2376,技嘉,27,10,17,凱基-虎尾,2023-09-21,9236
00753L,中信中國50正2,28,13,15,凱基-虎尾,2023-09-21,9236
00637L,元大滬深300正2,15,0,15,凱基-虎尾,2023-09-21,9236
2888,新光金,14,0,14,凱基-虎尾,2023-09-21,9236
00932,兆豐永續高息等權,13,0,13,凱基-虎尾,2023-09-21,9236
5009,榮剛,12,0,12,凱基-虎尾,2023-09-21,9236
2330,台積電,59,47,12,凱基-虎尾,2023-09-21,9236
00923,群益台ESG低碳50,10,0,10,凱基-虎尾,2023-09-21,9236
00928,中信上櫃ESG30,10,0,10,凱基-虎尾,2023-09-21,9236
1504,東元,10,0,10,凱基-虎尾,2023-09-21,9236
1732,毛寶,10,0,10,凱基-虎尾,2023-09-21,9236
6266,泰詠,10,0,10,凱基-虎尾,2023-09-21,9236
8215,明基材,10,0,10,凱基-虎尾,2023-09-21,9236
9103,美德醫療-DR,10,0,10,凱基-虎尾,2023-09-21,9236
2881,富邦金,9,0,9,凱基-虎尾,2023-09-21,9236
3035,智原,13,4,9,凱基-虎尾,2023-09-21,9236
0056,元大高股息,9,0,9,凱基-虎尾,2023-09-21,9236
1815,富喬,12,3,9,凱基-虎尾,2023-09-21,9236
3450,聯鈞,20,11,9,凱基-虎尾,2023-09-21,9236
2880,華南金,9,0,9,凱基-虎尾,2023-09-21,9236
00641R,富邦日本反1,8,0,8,凱基-虎尾,2023-09-21,9236
2323,中環,8,0,8,凱基-虎尾,2023-09-21,9236
2633,台灣高鐵,8,0,8,凱基-虎尾,2023-09-21,9236
00888,永豐台灣ESG,6,0,6,凱基-虎尾,2023-09-21,9236
00931B,統一美債20年,6,0,6,凱基-虎尾,2023-09-21,9236
2363,矽統,154,70,84,凱基-虎尾,2023-09-22,9236
00679B,元大美債20年,83,0,83,凱基-虎尾,2023-09-22,9236
00929,復華台灣科技優息,76,2,74,凱基-虎尾,2023-09-22,9236
2891,中信金,70,0,70,凱基-虎尾,2023-09-22,9236
1310,台苯,50,0,50,凱基-虎尾,2023-09-22,9236
6120,達運,47,0,47,凱基-虎尾,2023-09-22,9236
00680L,元大美債20正2,41,0,41,凱基-虎尾,2023-09-22,9236
2892,第一金,40,0,40,凱基-虎尾,2023-09-22,9236
00919,群益台灣精選高息,37,0,37,凱基-虎尾,2023-09-22,9236
3005,神基,30,1,29,凱基-虎尾,2023-09-22,9236
9958,世紀鋼,28,1,27,凱基-虎尾,2023-09-22,9236
3706,神達,46,21,25,凱基-虎尾,2023-09-22,9236
2405,輔信,27,2,25,凱基-虎尾,2023-09-22,9236
6220,岳豐,25,0,25,凱基-虎尾,2023-09-22,9236
2816,旺旺保,24,0,24,凱基-虎尾,2023-09-22,9236
3322,建舜電,19,0,19,凱基-虎尾,2023-09-22,9236
1319,東陽,21,2,19,凱基-虎尾,2023-09-22,9236
3013,晟銘電,24,6,18,凱基-虎尾,2023-09-22,9236
3036,文曄,49,31,18,凱基-虎尾,2023-09-22,9236
2382,廣達,124,107,17,凱基-虎尾,2023-09-22,9236
2324,仁寶,18,1,17,凱基-虎尾,2023-09-22,9236
3051,力特,29,12,17,凱基-虎尾,2023-09-22,9236
1609,大亞,16,0,16,凱基-虎尾,2023-09-22,9236
2329,華泰,18,2,16,凱基-虎尾,2023-09-22,9236
2427,三商電,17,1,16,凱基-虎尾,2023-09-22,9236
00753L,中信中國50正2,15,0,15,凱基-虎尾,2023-09-22,9236
2449,京元電子,23,9,14,凱基-虎尾,2023-09-22,9236
3163,波若威,28,14,14,凱基-虎尾,2023-09-22,9236
00772B,中信高評級公司債,13,0,13,凱基-虎尾,2023-09-22,9236
2356,英業達,19,6,13,凱基-虎尾,2023-09-22,9236
00878,國泰永續高股息,12,0,12,凱基-虎尾,2023-09-22,9236
3715,定穎投控,40,28,12,凱基-虎尾,2023-09-22,9236
00712,復華富時不動產,12,0,12,凱基-虎尾,2023-09-22,9236
00931B,統一美債20年,12,1,11,凱基-虎尾,2023-09-22,9236
00687B,國泰20年美債,11,0,11,凱基-虎尾,2023-09-22,9236
00720B,元大投資級公司債,11,0,11,凱基-虎尾,2023-09-22,9236
2542,興富發,11,0,11,凱基-虎尾,2023-09-22,9236
2323,中環,11,0,11,凱基-虎尾,2023-09-22,9236
4102,永日,11,0,11,凱基-虎尾,2023-09-22,9236
6125,廣運,12,1,11,凱基-虎尾,2023-09-22,9236
6190,萬泰科,11,0,11,凱基-虎尾,2023-09-22,9236
00795B,中信美國公債20年,10,0,10,凱基-虎尾,2023-09-22,9236
1514,亞力,10,0,10,凱基-虎尾,2023-09-22,9236
2316,楠梓電,12,2,10,凱基-虎尾,2023-09-22,9236
2605,新興,11,1,10,凱基-虎尾,2023-09-22,9236
2855,統一證,10,0,10,凱基-虎尾,2023-09-22,9236
4123,晟德,10,0,10,凱基-虎尾,2023-09-22,9236
6026,福邦證,10,0,10,凱基-虎尾,2023-09-22,9236
8215,明基材,10,0,10,凱基-虎尾,2023-09-22,9236
2882,國泰金,9,0,9,凱基-虎尾,2023-09-22,9236
00929,復華台灣科技優息,89,2,87,凱基-虎尾,2023-09-25,9236
8112,至上,64,5,59,凱基-虎尾,2023-09-25,9236
1522,堤維西,55,4,51,凱基-虎尾,2023-09-25,9236
3043,科風,47,0,47,凱基-虎尾,2023-09-25,9236
2363,矽統,98,56,42,凱基-虎尾,2023-09-25,9236
00919,群益台灣精選高息,38,0,38,凱基-虎尾,2023-09-25,9236
2337,旺宏,37,0,37,凱基-虎尾,2023-09-25,9236
2367,燿華,56,20,36,凱基-虎尾,2023-09-25,9236
2201,裕隆,31,5,26,凱基-虎尾,2023-09-25,9236
3234,光環,20,0,20,凱基-虎尾,2023-09-25,9236
1524,耿鼎,22,4,18,凱基-虎尾,2023-09-25,9236
2355,敬鵬,19,1,18,凱基-虎尾,2023-09-25,9236
1101,台泥,16,0,16,凱基-虎尾,2023-09-25,9236
2542,興富發,17,1,16,凱基-虎尾,2023-09-25,9236
2313,華通,40,26,14,凱基-虎尾,2023-09-25,9236
1504,東元,29,16,13,凱基-虎尾,2023-09-25,9236
3481,群創,11,0,11,凱基-虎尾,2023-09-25,9236
1319,東陽,31,21,10,凱基-虎尾,2023-09-25,9236
0056,元大高股息,10,0,10,凱基-虎尾,2023-09-25,9236
2206,三陽工業,15,5,10,凱基-虎尾,2023-09-25,9236
2838,聯邦銀,10,0,10,凱基-虎尾,2023-09-25,9236
5009,榮剛,10,0,10,凱基-虎尾,2023-09-25,9236
5469,瀚宇博,10,0,10,凱基-虎尾,2023-09-25,9236
8088,品安,14,4,10,凱基-虎尾,2023-09-25,9236
5465,富驊,26,17,9,凱基-虎尾,2023-09-25,9236
6122,擎邦,20,11,9,凱基-虎尾,2023-09-25,9236
2330,台積電,9,1,8,凱基-虎尾,2023-09-25,9236
1584,精剛,78,70,8,凱基-虎尾,2023-09-25,9236
2332,友訊,8,0,8,凱基-虎尾,2023-09-25,9236
4915,致伸,9,1,8,凱基-虎尾,2023-09-25,9236
2882,國泰金,7,0,7,凱基-虎尾,2023-09-25,9236
2371,大同,7,0,7,凱基-虎尾,2023-09-25,9236
2605,新興,8,1,7,凱基-虎尾,2023-09-25,9236
2634,漢翔,11,4,7,凱基-虎尾,2023-09-25,9236
3322,建舜電,22,15,7,凱基-虎尾,2023-09-25,9236
4967,十銓,7,0,7,凱基-虎尾,2023-09-25,9236
5425,台半,9,2,7,凱基-虎尾,2023-09-25,9236
1339,昭輝,7,1,6,凱基-虎尾,2023-09-25,9236
00915,凱基優選高股息30,6,0,6,凱基-虎尾,2023-09-25,9236
2392,正崴,8,2,6,凱基-虎尾,2023-09-25,9236
3032,偉訓,7,1,6,凱基-虎尾,2023-09-25,9236
6770,力積電,5,0,5,凱基-虎尾,2023-09-25,9236
00918,大華優利高填息30,5,0,5,凱基-虎尾,2023-09-25,9236
2323,中環,5,0,5,凱基-虎尾,2023-09-25,9236
3094,聯傑,5,0,5,凱基-虎尾,2023-09-25,9236
6405,悅城,6,1,5,凱基-虎尾,2023-09-25,9236
8467,波力-KY,5,0,5,凱基-虎尾,2023-09-25,9236
9103,美德醫療-DR,5,0,5,凱基-虎尾,2023-09-25,9236
911608,明輝-DR,5,0,5,凱基-虎尾,2023-09-25,9236
9951,皇田,5,0,5,凱基-虎尾,2023-09-25,9236
00929,復華台灣科技優息,88,21,67,凱基-虎尾,2023-09-26,9236
3483,力致,65,0,65,凱基-虎尾,2023-09-26,9236
2883,凱基金,56,0,56,凱基-虎尾,2023-09-26,9236
1618,合機,61,5,56,凱基-虎尾,2023-09-26,9236
3481,群創,51,0,51,凱基-虎尾,2023-09-26,9236
00712,復華富時不動產,45,0,45,凱基-虎尾,2023-09-26,9236
2382,廣達,56,22,34,凱基-虎尾,2023-09-26,9236
6770,力積電,27,0,27,凱基-虎尾,2023-09-26,9236
00919,群益台灣精選高息,24,0,24,凱基-虎尾,2023-09-26,9236
2201,裕隆,20,0,20,凱基-虎尾,2023-09-26,9236
2409,友達,20,0,20,凱基-虎尾,2023-09-26,9236
3044,健鼎,20,0,20,凱基-虎尾,2023-09-26,9236
5880,合庫金,19,0,19,凱基-虎尾,2023-09-26,9236
00637L,元大滬深300正2,19,0,19,凱基-虎尾,2023-09-26,9236
3596,智易,18,0,18,凱基-虎尾,2023-09-26,9236
00680L,元大美債20正2,15,0,15,凱基-虎尾,2023-09-26,9236
00905,FT臺灣Smart,15,0,15,凱基-虎尾,2023-09-26,9236
1503,士電,15,0,15,凱基-虎尾,2023-09-26,9236
3322,建舜電,20,5,15,凱基-虎尾,2023-09-26,9236
5465,富驊,44,29,15,凱基-虎尾,2023-09-26,9236
00878,國泰永續高股息,14,0,14,凱基-虎尾,2023-09-26,9236
2323,中環,14,0,14,凱基-虎尾,2023-09-26,9236
2344,華邦電,17,4,13,凱基-虎尾,2023-09-26,9236
00679B,元大美債20年,12,0,12,凱基-虎尾,2023-09-26,9236
1584,精剛,30,19,11,凱基-虎尾,2023-09-26,9236
2881,富邦金,11,0,11,凱基-虎尾,2023-09-26,9236
2542,興富發,15,5,10,凱基-虎尾,2023-09-26,9236
2888,新光金,9,0,9,凱基-虎尾,2023-09-26,9236
2880,華南金,7,0,7,凱基-虎尾,2023-09-26,9236
2882,國泰金,7,0,7,凱基-虎尾,2023-09-26,9236
2330,台積電,12,5,7,凱基-虎尾,2023-09-26,9236
1815,富喬,24,17,7,凱基-虎尾,2023-09-26,9236
00931B,統一美債20年,6,0,6,凱基-虎尾,2023-09-26,9236
3234,光環,6,0,6,凱基-虎尾,2023-09-26,9236
3324,雙鴻,9,3,6,凱基-虎尾,2023-09-26,9236
5324,士開,10,4,6,凱基-虎尾,2023-09-26,9236
00923,群益台ESG低碳50,5,0,5,凱基-虎尾,2023-09-26,9236
00696B,富邦美債20年,5,0,5,凱基-虎尾,2023-09-26,9236
00888,永豐台灣ESG,5,0,5,凱基-虎尾,2023-09-26,9236
1605,華新,5,0,5,凱基-虎尾,2023-09-26,9236
2303,聯電,7,2,5,凱基-虎尾,2023-09-26,9236
2329,華泰,8,3,5,凱基-虎尾,2023-09-26,9236
5398,慕康生醫,5,0,5,凱基-虎尾,2023-09-26,9236
5460,同協,5,0,5,凱基-虎尾,2023-09-26,9236
6282,康舒,5,0,5,凱基-虎尾,2023-09-26,9236
6509,聚和,5,0,5,凱基-虎尾,2023-09-26,9236
6843,進典,5,0,5,凱基-虎尾,2023-09-26,9236
9928,中視,5,0,5,凱基-虎尾,2023-09-26,9236
00896,中信綠能及電動車,4,0,4,凱基-虎尾,2023-09-26,9236
2401,凌陽,4,0,4,凱基-虎尾,2023-09-26,9236
00712,復華富時不動產,42,0,42,凱基-虎尾,2023-09-27,9236
00929,復華台灣科技優息,103,71,32,凱基-虎尾,2023-09-27,9236
00715L,期街口布蘭特正2,30,0,30,凱基-虎尾,2023-09-27,9236
1584,精剛,33,3,30,凱基-虎尾,2023-09-27,9236
1710,東聯,30,0,30,凱基-虎尾,2023-09-27,9236
2363,矽統,81,52,29,凱基-虎尾,2023-09-27,9236
4503,金雨,26,0,26,凱基-虎尾,2023-09-27,9236
4561,健椿,19,3,16,凱基-虎尾,2023-09-27,9236
2002,中鋼,30,15,15,凱基-虎尾,2023-09-27,9236
1618,合機,83,69,14,凱基-虎尾,2023-09-27,9236
1815,富喬,13,0,13,凱基-虎尾,2023-09-27,9236
3231,緯創,57,44,13,凱基-虎尾,2023-09-27,9236
3545,敦泰,33,20,13,凱基-虎尾,2023-09-27,9236
00637L,元大滬深300正2,12,0,12,凱基-虎尾,2023-09-27,9236
6799,來頡,11,0,11,凱基-虎尾,2023-09-27,9236
6274,台燿,19,8,11,凱基-虎尾,2023-09-27,9236
00673R,期元大S＆P原油反1,10,0,10,凱基-虎尾,2023-09-27,9236
2409,友達,10,0,10,凱基-虎尾,2023-09-27,9236
3322,建舜電,10,0,10,凱基-虎尾,2023-09-27,9236
4944,兆遠,10,0,10,凱基-虎尾,2023-09-27,9236
6770,力積電,10,0,10,凱基-虎尾,2023-09-27,9236
2303,聯電,9,0,9,凱基-虎尾,2023-09-27,9236
2393,億光,9,0,9,凱基-虎尾,2023-09-27,9236
3324,雙鴻,9,0,9,凱基-虎尾,2023-09-27,9236
1326,台化,8,0,8,凱基-虎尾,2023-09-27,9236
1504,東元,11,3,8,凱基-虎尾,2023-09-27,9236
2206,三陽工業,9,1,8,凱基-虎尾,2023-09-27,9236
3715,定穎投控,30,22,8,凱基-虎尾,2023-09-27,9236
6167,久正,8,0,8,凱基-虎尾,2023-09-27,9236
1301,台塑,8,0,8,凱基-虎尾,2023-09-27,9236
6234,高僑,7,0,7,凱基-虎尾,2023-09-27,9236
2542,興富發,6,0,6,凱基-虎尾,2023-09-27,9236
5525,順天,6,0,6,凱基-虎尾,2023-09-27,9236
2388,威盛,7,2,5,凱基-虎尾,2023-09-27,9236
2883,凱基金,5,0,5,凱基-虎尾,2023-09-27,9236
1514,亞力,5,0,5,凱基-虎尾,2023-09-27,9236
00877,復華中國5G,5,0,5,凱基-虎尾,2023-09-27,9236
2230,泰茂,5,0,5,凱基-虎尾,2023-09-27,9236
2402,毅嘉,5,0,5,凱基-虎尾,2023-09-27,9236
2436,偉詮電,5,0,5,凱基-虎尾,2023-09-27,9236
2442,新美齊,7,2,5,凱基-虎尾,2023-09-27,9236
3045,台灣大,5,0,5,凱基-虎尾,2023-09-27,9236
3338,泰碩,5,0,5,凱基-虎尾,2023-09-27,9236
00878,國泰永續高股息,9,4,5,凱基-虎尾,2023-09-27,9236
1216,統一,5,1,4,凱基-虎尾,2023-09-27,9236
2486,一詮,20,16,4,凱基-虎尾,2023-09-27,9236
2887,台新金,4,0,4,凱基-虎尾,2023-09-27,9236
5488,松普,4,0,4,凱基-虎尾,2023-09-27,9236
6288,聯嘉,4,0,4,凱基-虎尾,2023-09-27,9236
8420,明揚,4,0,4,凱基-虎尾,2023-09-27,9236
00929,復華台灣科技優息,73,1,72,凱基-虎尾,2023-09-28,9236
00751B,元大AAA至A公司債,61,0,61,凱基-虎尾,2023-09-28,9236
3231,緯創,79,25,54,凱基-虎尾,2023-09-28,9236
00885,富邦越南,35,0,35,凱基-虎尾,2023-09-28,9236
2884,玉山金,30,0,30,凱基-虎尾,2023-09-28,9236
2468,華經,82,53,29,凱基-虎尾,2023-09-28,9236
00637L,元大滬深300正2,28,0,28,凱基-虎尾,2023-09-28,9236
2323,中環,27,0,27,凱基-虎尾,2023-09-28,9236
00753L,中信中國50正2,29,6,23,凱基-虎尾,2023-09-28,9236
2002,中鋼,19,0,19,凱基-虎尾,2023-09-28,9236
00712,復華富時不動產,17,0,17,凱基-虎尾,2023-09-28,9236
1301,台塑,16,0,16,凱基-虎尾,2023-09-28,9236
6125,廣運,16,2,14,凱基-虎尾,2023-09-28,9236
3693,營邦,14,2,12,凱基-虎尾,2023-09-28,9236
6418,詠昇,16,4,12,凱基-虎尾,2023-09-28,9236
3363,上詮,19,8,11,凱基-虎尾,2023-09-28,9236
00665L,富邦�琤肭磪囓�2,10,0,10,凱基-虎尾,2023-09-28,9236
5426,振發,10,0,10,凱基-虎尾,2023-09-28,9236
6182,合晶,10,0,10,凱基-虎尾,2023-09-28,9236
6443,元晶,11,1,10,凱基-虎尾,2023-09-28,9236
00772B,中信高評級公司債,9,0,9,凱基-虎尾,2023-09-28,9236
2353,宏��,9,0,9,凱基-虎尾,2023-09-28,9236
2408,南亞科,11,2,9,凱基-虎尾,2023-09-28,9236
00679B,元大美債20年,23,15,8,凱基-虎尾,2023-09-28,9236
2376,技嘉,22,15,7,凱基-虎尾,2023-09-28,9236
2542,興富發,7,0,7,凱基-虎尾,2023-09-28,9236
3711,日月光投控,7,0,7,凱基-虎尾,2023-09-28,9236
00919,群益台灣精選高息,6,0,6,凱基-虎尾,2023-09-28,9236
00715L,期街口布蘭特正2,5,0,5,凱基-虎尾,2023-09-28,9236
2888,新光金,5,0,5,凱基-虎尾,2023-09-28,9236
5488,松普,7,2,5,凱基-虎尾,2023-09-28,9236
6405,悅城,5,0,5,凱基-虎尾,2023-09-28,9236
2887,台新金,4,0,4,凱基-虎尾,2023-09-28,9236
1101,台泥,4,0,4,凱基-虎尾,2023-09-28,9236
1434,福懋,4,0,4,凱基-虎尾,2023-09-28,9236
3006,晶豪科,4,0,4,凱基-虎尾,2023-09-28,9236
3042,晶技,5,1,4,凱基-虎尾,2023-09-28,9236
3322,建舜電,17,13,4,凱基-虎尾,2023-09-28,9236
8112,至上,4,0,4,凱基-虎尾,2023-09-28,9236
00641R,富邦日本反1,3,0,3,凱基-虎尾,2023-09-28,9236
00680L,元大美債20正2,3,0,3,凱基-虎尾,2023-09-28,9236
00708L,期元大S＆P黃金正2,3,0,3,凱基-虎尾,2023-09-28,9236
1522,堤維西,3,0,3,凱基-虎尾,2023-09-28,9236
2241,艾姆勒,3,0,3,凱基-虎尾,2023-09-28,9236
2313,華通,15,12,3,凱基-虎尾,2023-09-28,9236
2316,楠梓電,6,3,3,凱基-虎尾,2023-09-28,9236
3094,聯傑,3,0,3,凱基-虎尾,2023-09-28,9236
5522,遠雄,3,0,3,凱基-虎尾,2023-09-28,9236
00720B,元大投資級公司債,2,0,2,凱基-虎尾,2023-09-28,9236
2892,第一金,4,2,2,凱基-虎尾,2023-09-28,9236
3481,群創,231,3,228,凱基-虎尾,2023-10-02,9236
2618,長榮航,112,0,112,凱基-虎尾,2023-10-02,9236
00929,復華台灣科技優息,63,0,63,凱基-虎尾,2023-10-02,9236
2367,燿華,58,4,54,凱基-虎尾,2023-10-02,9236
2405,輔信,44,0,44,凱基-虎尾,2023-10-02,9236
1515,力山,44,1,43,凱基-虎尾,2023-10-02,9236
1608,華榮,36,1,35,凱基-虎尾,2023-10-02,9236
3231,緯創,92,61,31,凱基-虎尾,2023-10-02,9236
1815,富喬,107,77,30,凱基-虎尾,2023-10-02,9236
1513,中興電,32,2,30,凱基-虎尾,2023-10-02,9236
00751B,元大AAA至A公司債,26,0,26,凱基-虎尾,2023-10-02,9236
2409,友達,25,0,25,凱基-虎尾,2023-10-02,9236
2436,偉詮電,23,0,23,凱基-虎尾,2023-10-02,9236
4967,十銓,24,1,23,凱基-虎尾,2023-10-02,9236
2363,矽統,28,6,22,凱基-虎尾,2023-10-02,9236
2449,京元電子,31,9,22,凱基-虎尾,2023-10-02,9236
2317,鴻海,24,2,22,凱基-虎尾,2023-10-02,9236
2816,旺旺保,20,0,20,凱基-虎尾,2023-10-02,9236
2402,毅嘉,22,3,19,凱基-虎尾,2023-10-02,9236
6108,競國,19,0,19,凱基-虎尾,2023-10-02,9236
1503,士電,24,8,16,凱基-虎尾,2023-10-02,9236
2359,所羅門,16,0,16,凱基-虎尾,2023-10-02,9236
3450,聯鈞,20,4,16,凱基-虎尾,2023-10-02,9236
6282,康舒,21,5,16,凱基-虎尾,2023-10-02,9236
2332,友訊,14,0,14,凱基-虎尾,2023-10-02,9236
2486,一詮,32,18,14,凱基-虎尾,2023-10-02,9236
6170,統振,20,6,14,凱基-虎尾,2023-10-02,9236
1514,亞力,14,1,13,凱基-虎尾,2023-10-02,9236
2206,三陽工業,13,0,13,凱基-虎尾,2023-10-02,9236
4306,炎洲,13,0,13,凱基-虎尾,2023-10-02,9236
6197,佳必琪,13,0,13,凱基-虎尾,2023-10-02,9236
3308,聯德,12,0,12,凱基-虎尾,2023-10-02,9236
5340,建榮,12,0,12,凱基-虎尾,2023-10-02,9236
6191,精成科,12,0,12,凱基-虎尾,2023-10-02,9236
2892,第一金,12,1,11,凱基-虎尾,2023-10-02,9236
2303,聯電,11,0,11,凱基-虎尾,2023-10-02,9236
2358,廷鑫,11,0,11,凱基-虎尾,2023-10-02,9236
2392,正崴,11,0,11,凱基-虎尾,2023-10-02,9236
3260,威剛,11,0,11,凱基-虎尾,2023-10-02,9236
3338,泰碩,11,0,11,凱基-虎尾,2023-10-02,9236
4543,萬在,12,1,11,凱基-虎尾,2023-10-02,9236
6125,廣運,22,11,11,凱基-虎尾,2023-10-02,9236
1217,愛之味,10,0,10,凱基-虎尾,2023-10-02,9236
1605,華新,10,0,10,凱基-虎尾,2023-10-02,9236
3162,精確,10,0,10,凱基-虎尾,2023-10-02,9236
3704,合勤控,10,0,10,凱基-虎尾,2023-10-02,9236
6213,聯茂,17,7,10,凱基-虎尾,2023-10-02,9236
2382,廣達,37,28,9,凱基-虎尾,2023-10-02,9236
1504,東元,10,1,9,凱基-虎尾,2023-10-02,9236
00679B,元大美債20年,9,0,9,凱基-虎尾,2023-10-02,9236
2427,三商電,191,100,91,凱基-虎尾,2023-10-03,9236
00753L,中信中國50正2,90,10,80,凱基-虎尾,2023-10-03,9236
00929,復華台灣科技優息,71,1,70,凱基-虎尾,2023-10-03,9236
00922,國泰台灣領袖50,66,0,66,凱基-虎尾,2023-10-03,9236
00712,復華富時不動產,40,0,40,凱基-虎尾,2023-10-03,9236
00637L,元大滬深300正2,34,0,34,凱基-虎尾,2023-10-03,9236
00673R,期元大S＆P原油反1,25,0,25,凱基-虎尾,2023-10-03,9236
2409,友達,82,60,22,凱基-虎尾,2023-10-03,9236
3481,群創,47,30,17,凱基-虎尾,2023-10-03,9236
8227,巨有科技,20,3,17,凱基-虎尾,2023-10-03,9236
2888,新光金,17,0,17,凱基-虎尾,2023-10-03,9236
0056,元大高股息,17,0,17,凱基-虎尾,2023-10-03,9236
1560,中砂,20,4,16,凱基-虎尾,2023-10-03,9236
8088,品安,23,7,16,凱基-虎尾,2023-10-03,9236
00878,國泰永續高股息,15,0,15,凱基-虎尾,2023-10-03,9236
2337,旺宏,14,0,14,凱基-虎尾,2023-10-03,9236
00919,群益台灣精選高息,13,0,13,凱基-虎尾,2023-10-03,9236
5880,合庫金,12,0,12,凱基-虎尾,2023-10-03,9236
2891,中信金,11,0,11,凱基-虎尾,2023-10-03,9236
2388,威盛,15,4,11,凱基-虎尾,2023-10-03,9236
2812,台中銀,11,1,10,凱基-虎尾,2023-10-03,9236
00920,富邦ESG綠色電力,10,0,10,凱基-虎尾,2023-10-03,9236
00877,復華中國5G,10,0,10,凱基-虎尾,2023-10-03,9236
1605,華新,10,0,10,凱基-虎尾,2023-10-03,9236
2538,基泰,30,20,10,凱基-虎尾,2023-10-03,9236
8050,廣積,10,0,10,凱基-虎尾,2023-10-03,9236
9919,康那香,10,0,10,凱基-虎尾,2023-10-03,9236
2892,第一金,10,0,10,凱基-虎尾,2023-10-03,9236
00679B,元大美債20年,13,5,8,凱基-虎尾,2023-10-03,9236
00932,兆豐永續高息等權,8,0,8,凱基-虎尾,2023-10-03,9236
2363,矽統,22,14,8,凱基-虎尾,2023-10-03,9236
3043,科風,10,2,8,凱基-虎尾,2023-10-03,9236
3356,奇偶,9,1,8,凱基-虎尾,2023-10-03,9236
2881,富邦金,9,1,8,凱基-虎尾,2023-10-03,9236
00931B,統一美債20年,8,1,7,凱基-虎尾,2023-10-03,9236
3163,波若威,14,7,7,凱基-虎尾,2023-10-03,9236
3325,旭品,21,14,7,凱基-虎尾,2023-10-03,9236
8478,東哥遊艇,10,3,7,凱基-虎尾,2023-10-03,9236
00720B,元大投資級公司債,6,0,6,凱基-虎尾,2023-10-03,9236
1584,精剛,6,0,6,凱基-虎尾,2023-10-03,9236
2105,正新,6,0,6,凱基-虎尾,2023-10-03,9236
8936,國統,10,4,6,凱基-虎尾,2023-10-03,9236
9802,鈺齊-KY,6,0,6,凱基-虎尾,2023-10-03,9236
3105,穩懋,5,0,5,凱基-虎尾,2023-10-03,9236
00772B,中信高評級公司債,5,0,5,凱基-虎尾,2023-10-03,9236
00643,群益深証中小,5,0,5,凱基-虎尾,2023-10-03,9236
1710,東聯,5,0,5,凱基-虎尾,2023-10-03,9236
2034,允強,5,0,5,凱基-虎尾,2023-10-03,9236
2106,建大,5,0,5,凱基-虎尾,2023-10-03,9236
2301,光寶科,8,3,5,凱基-虎尾,2023-10-03,9236
00720B,元大投資級公司債,70,0,70,凱基-虎尾,2023-10-04,9236
00751B,元大AAA至A公司債,66,0,66,凱基-虎尾,2023-10-04,9236
8112,至上,61,6,55,凱基-虎尾,2023-10-04,9236
2002,中鋼,51,1,50,凱基-虎尾,2023-10-04,9236
2353,宏��,50,1,49,凱基-虎尾,2023-10-04,9236
2884,玉山金,43,0,43,凱基-虎尾,2023-10-04,9236
00712,復華富時不動產,38,0,38,凱基-虎尾,2023-10-04,9236
4503,金雨,36,0,36,凱基-虎尾,2023-10-04,9236
5880,合庫金,34,0,34,凱基-虎尾,2023-10-04,9236
6234,高僑,30,0,30,凱基-虎尾,2023-10-04,9236
2610,華航,28,0,28,凱基-虎尾,2023-10-04,9236
2891,中信金,29,2,27,凱基-虎尾,2023-10-04,9236
3044,健鼎,26,0,26,凱基-虎尾,2023-10-04,9236
2892,第一金,23,0,23,凱基-虎尾,2023-10-04,9236
2303,聯電,24,3,21,凱基-虎尾,2023-10-04,9236
3231,緯創,55,34,21,凱基-虎尾,2023-10-04,9236
2201,裕隆,21,0,21,凱基-虎尾,2023-10-04,9236
00922,國泰台灣領袖50,30,10,20,凱基-虎尾,2023-10-04,9236
00919,群益台灣精選高息,20,0,20,凱基-虎尾,2023-10-04,9236
00929,復華台灣科技優息,19,0,19,凱基-虎尾,2023-10-04,9236
2883,凱基金,17,0,17,凱基-虎尾,2023-10-04,9236
3715,定穎投控,26,9,17,凱基-虎尾,2023-10-04,9236
1815,富喬,57,41,16,凱基-虎尾,2023-10-04,9236
3615,安可,16,0,16,凱基-虎尾,2023-10-04,9236
2382,廣達,29,15,14,凱基-虎尾,2023-10-04,9236
1504,東元,14,0,14,凱基-虎尾,2023-10-04,9236
2888,新光金,14,0,14,凱基-虎尾,2023-10-04,9236
6770,力積電,13,0,13,凱基-虎尾,2023-10-04,9236
00679B,元大美債20年,18,5,13,凱基-虎尾,2023-10-04,9236
1101,台泥,12,0,12,凱基-虎尾,2023-10-04,9236
2880,華南金,11,0,11,凱基-虎尾,2023-10-04,9236
00878,國泰永續高股息,11,0,11,凱基-虎尾,2023-10-04,9236
00688L,國泰20年美債正2,10,0,10,凱基-虎尾,2023-10-04,9236
00772B,中信高評級公司債,10,0,10,凱基-虎尾,2023-10-04,9236
2543,皇昌,10,0,10,凱基-虎尾,2023-10-04,9236
1216,統一,9,0,9,凱基-虎尾,2023-10-04,9236
2886,兆豐金,10,1,9,凱基-虎尾,2023-10-04,9236
00918,大華優利高填息30,9,0,9,凱基-虎尾,2023-10-04,9236
1434,福懋,9,0,9,凱基-虎尾,2023-10-04,9236
2356,英業達,14,5,9,凱基-虎尾,2023-10-04,9236
2317,鴻海,8,0,8,凱基-虎尾,2023-10-04,9236
3481,群創,8,0,8,凱基-虎尾,2023-10-04,9236
1710,東聯,8,0,8,凱基-虎尾,2023-10-04,9236
2399,映泰,10,2,8,凱基-虎尾,2023-10-04,9236
5009,榮剛,8,0,8,凱基-虎尾,2023-10-04,9236
00753L,中信中國50正2,18,11,7,凱基-虎尾,2023-10-04,9236
2388,威盛,11,4,7,凱基-虎尾,2023-10-04,9236
6112,邁達特,11,4,7,凱基-虎尾,2023-10-04,9236
2887,台新金,7,0,7,凱基-虎尾,2023-10-04,9236
1326,台化,6,0,6,凱基-虎尾,2023-10-04,9236
3704,合勤控,148,2,146,凱基-虎尾,2023-10-05,9236
2618,長榮航,98,5,93,凱基-虎尾,2023-10-05,9236
3615,安可,90,0,90,凱基-虎尾,2023-10-05,9236
00712,復華富時不動產,72,0,72,凱基-虎尾,2023-10-05,9236
3325,旭品,81,11,70,凱基-虎尾,2023-10-05,9236
2498,宏達電,52,2,50,凱基-虎尾,2023-10-05,9236
2610,華航,79,42,37,凱基-虎尾,2023-10-05,9236
2105,正新,30,0,30,凱基-虎尾,2023-10-05,9236
3444,利機,30,3,27,凱基-虎尾,2023-10-05,9236
3051,力特,26,0,26,凱基-虎尾,2023-10-05,9236
2337,旺宏,23,0,23,凱基-虎尾,2023-10-05,9236
6244,茂迪,23,0,23,凱基-虎尾,2023-10-05,9236
2344,華邦電,31,10,21,凱基-虎尾,2023-10-05,9236
3576,聯合再生,21,0,21,凱基-虎尾,2023-10-05,9236
2427,三商電,20,0,20,凱基-虎尾,2023-10-05,9236
2881,富邦金,20,0,20,凱基-虎尾,2023-10-05,9236
5381,合正,22,3,19,凱基-虎尾,2023-10-05,9236
6443,元晶,23,4,19,凱基-虎尾,2023-10-05,9236
8227,巨有科技,18,0,18,凱基-虎尾,2023-10-05,9236
3234,光環,17,0,17,凱基-虎尾,2023-10-05,9236
2891,中信金,15,0,15,凱基-虎尾,2023-10-05,9236
3059,華晶科,18,3,15,凱基-虎尾,2023-10-05,9236
2313,華通,72,58,14,凱基-虎尾,2023-10-05,9236
2340,台亞,45,31,14,凱基-虎尾,2023-10-05,9236
3324,雙鴻,15,1,14,凱基-虎尾,2023-10-05,9236
00637L,元大滬深300正2,12,0,12,凱基-虎尾,2023-10-05,9236
5272,笙科,12,0,12,凱基-虎尾,2023-10-05,9236
3005,神基,11,0,11,凱基-虎尾,2023-10-05,9236
3231,緯創,1527,1516,11,凱基-虎尾,2023-10-05,9236
00680L,元大美債20正2,10,0,10,凱基-虎尾,2023-10-05,9236
00665L,富邦�琤肭磪囓�2,10,0,10,凱基-虎尾,2023-10-05,9236
2352,佳世達,10,0,10,凱基-虎尾,2023-10-05,9236
2371,大同,15,5,10,凱基-虎尾,2023-10-05,9236
00929,復華台灣科技優息,8,0,8,凱基-虎尾,2023-10-05,9236
2449,京元電子,12,3,9,凱基-虎尾,2023-10-05,9236
6112,邁達特,20,12,8,凱基-虎尾,2023-10-05,9236
9919,康那香,8,0,8,凱基-虎尾,2023-10-05,9236
3006,晶豪科,8,1,7,凱基-虎尾,2023-10-05,9236
3037,欣興,7,0,7,凱基-虎尾,2023-10-05,9236
4977,眾達-KY,7,0,7,凱基-虎尾,2023-10-05,9236
8054,安國,13,6,7,凱基-虎尾,2023-10-05,9236
2363,矽統,27,21,6,凱基-虎尾,2023-10-05,9236
1504,東元,7,1,6,凱基-虎尾,2023-10-05,9236
1609,大亞,6,0,6,凱基-虎尾,2023-10-05,9236
2515,中工,6,0,6,凱基-虎尾,2023-10-05,9236
3483,力致,7,1,6,凱基-虎尾,2023-10-05,9236
4989,榮科,6,0,6,凱基-虎尾,2023-10-05,9236
2417,圓剛,23,17,6,凱基-虎尾,2023-10-05,9236
00631L,元大台灣50正2,15,10,5,凱基-虎尾,2023-10-05,9236
00708L,期元大S＆P黃金正2,5,0,5,凱基-虎尾,2023-10-05,9236
00720B,元大投資級公司債,112,0,112,凱基-虎尾,2023-10-06,9236
00891,中信關鍵半導體,100,0,100,凱基-虎尾,2023-10-06,9236
6288,聯嘉,110,11,99,凱基-虎尾,2023-10-06,9236
00632R,元大台灣50反1,60,0,60,凱基-虎尾,2023-10-06,9236
6213,聯茂,34,4,30,凱基-虎尾,2023-10-06,9236
2419,仲琦,55,28,27,凱基-虎尾,2023-10-06,9236
2834,臺企銀,30,3,27,凱基-虎尾,2023-10-06,9236
00929,復華台灣科技優息,22,0,22,凱基-虎尾,2023-10-06,9236
00712,復華富時不動產,17,0,17,凱基-虎尾,2023-10-06,9236
2317,鴻海,23,6,17,凱基-虎尾,2023-10-06,9236
1609,大亞,15,0,15,凱基-虎尾,2023-10-06,9236
8069,元太,15,1,14,凱基-虎尾,2023-10-06,9236
00923,群益台ESG低碳50,13,0,13,凱基-虎尾,2023-10-06,9236
2002,中鋼,12,0,12,凱基-虎尾,2023-10-06,9236
3211,順達,11,0,11,凱基-虎尾,2023-10-06,9236
00673R,期元大S＆P原油反1,10,0,10,凱基-虎尾,2023-10-06,9236
00903,富邦元宇宙,10,0,10,凱基-虎尾,2023-10-06,9236
2323,中環,10,0,10,凱基-虎尾,2023-10-06,9236
6282,康舒,10,0,10,凱基-虎尾,2023-10-06,9236
1316,上曜,10,1,9,凱基-虎尾,2023-10-06,9236
3017,奇鋐,20,11,9,凱基-虎尾,2023-10-06,9236
9105,泰金寶-DR,8,0,8,凱基-虎尾,2023-10-06,9236
3105,穩懋,12,4,8,凱基-虎尾,2023-10-06,9236
3715,定穎投控,22,15,7,凱基-虎尾,2023-10-06,9236
2354,鴻準,6,0,6,凱基-虎尾,2023-10-06,9236
2412,中華電,6,0,6,凱基-虎尾,2023-10-06,9236
9928,中視,6,0,6,凱基-虎尾,2023-10-06,9236
00740B,富邦全球投等債,5,0,5,凱基-虎尾,2023-10-06,9236
3308,聯德,5,0,5,凱基-虎尾,2023-10-06,9236
4919,新唐,5,0,5,凱基-虎尾,2023-10-06,9236
2355,敬鵬,4,0,4,凱基-虎尾,2023-10-06,9236
8112,至上,5,1,4,凱基-虎尾,2023-10-06,9236
1710,東聯,4,0,4,凱基-虎尾,2023-10-06,9236
1324,地球,4,0,4,凱基-虎尾,2023-10-06,9236
2301,光寶科,6,2,4,凱基-虎尾,2023-10-06,9236
2312,金寶,4,0,4,凱基-虎尾,2023-10-06,9236
2313,華通,24,20,4,凱基-虎尾,2023-10-06,9236
2316,楠梓電,5,1,4,凱基-虎尾,2023-10-06,9236
3450,聯鈞,5,1,4,凱基-虎尾,2023-10-06,9236
4934,太極,4,0,4,凱基-虎尾,2023-10-06,9236
6672,騰輝電子-KY,4,0,4,凱基-虎尾,2023-10-06,9236
6715,嘉基,8,4,4,凱基-虎尾,2023-10-06,9236
00637L,元大滬深300正2,3,0,3,凱基-虎尾,2023-10-06,9236
1434,福懋,3,0,3,凱基-虎尾,2023-10-06,9236
2409,友達,3,0,3,凱基-虎尾,2023-10-06,9236
2886,兆豐金,3,0,3,凱基-虎尾,2023-10-06,9236
3178,公準,3,0,3,凱基-虎尾,2023-10-06,9236
3481,群創,3,0,3,凱基-虎尾,2023-10-06,9236
5340,建榮,3,0,3,凱基-虎尾,2023-10-06,9236
5351,鈺創,3,0,3,凱基-虎尾,2023-10-06,9236
4561,健椿,81,0,81,凱基-虎尾,2023-10-11,9236
2340,台亞,81,1,80,凱基-虎尾,2023-10-11,9236
00632R,元大台灣50反1,62,0,62,凱基-虎尾,2023-10-11,9236
3231,緯創,154,103,51,凱基-虎尾,2023-10-11,9236
4967,十銓,51,0,51,凱基-虎尾,2023-10-11,9236
2356,英業達,51,8,43,凱基-虎尾,2023-10-11,9236
00919,群益台灣精選高息,56,20,36,凱基-虎尾,2023-10-11,9236
4306,炎洲,35,2,33,凱基-虎尾,2023-10-11,9236
4123,晟德,30,0,30,凱基-虎尾,2023-10-11,9236
6443,元晶,25,0,25,凱基-虎尾,2023-10-11,9236
1612,宏泰,26,2,24,凱基-虎尾,2023-10-11,9236
4533,協易機,24,0,24,凱基-虎尾,2023-10-11,9236
3013,晟銘電,44,22,22,凱基-虎尾,2023-10-11,9236
00673R,期元大S＆P原油反1,20,0,20,凱基-虎尾,2023-10-11,9236
2455,全新,22,3,19,凱基-虎尾,2023-10-11,9236
00878,國泰永續高股息,19,2,17,凱基-虎尾,2023-10-11,9236
00891,中信關鍵半導體,21,4,17,凱基-虎尾,2023-10-11,9236
2607,榮運,21,4,17,凱基-虎尾,2023-10-11,9236
1210,大成,20,4,16,凱基-虎尾,2023-10-11,9236
2609,陽明,16,1,15,凱基-虎尾,2023-10-11,9236
4916,事欣科,19,5,14,凱基-虎尾,2023-10-11,9236
5864,致和證,13,0,13,凱基-虎尾,2023-10-11,9236
2338,光罩,12,0,12,凱基-虎尾,2023-10-11,9236
3036,文曄,20,8,12,凱基-虎尾,2023-10-11,9236
6266,泰詠,12,0,12,凱基-虎尾,2023-10-11,9236
3583,辛耘,16,5,11,凱基-虎尾,2023-10-11,9236
1717,長興,10,0,10,凱基-虎尾,2023-10-11,9236
2376,技嘉,53,43,10,凱基-虎尾,2023-10-11,9236
6282,康舒,14,4,10,凱基-虎尾,2023-10-11,9236
8996,高力,12,2,10,凱基-虎尾,2023-10-11,9236
6156,松上,14,4,10,凱基-虎尾,2023-10-11,9236
00753L,中信中國50正2,29,20,9,凱基-虎尾,2023-10-11,9236
1712,興農,9,1,8,凱基-虎尾,2023-10-11,9236
00902,中信電池及儲能,10,2,8,凱基-虎尾,2023-10-11,9236
2903,遠百,9,1,8,凱基-虎尾,2023-10-11,9236
3483,力致,10,2,8,凱基-虎尾,2023-10-11,9236
6150,撼訊,9,1,8,凱基-虎尾,2023-10-11,9236
1319,東陽,7,0,7,凱基-虎尾,2023-10-11,9236
6550,北極星藥業-KY,7,0,7,凱基-虎尾,2023-10-11,9236
00714,群益道瓊美國地產,6,0,6,凱基-虎尾,2023-10-11,9236
1504,東元,6,0,6,凱基-虎尾,2023-10-11,9236
2515,中工,6,0,6,凱基-虎尾,2023-10-11,9236
2882,國泰金,8,2,6,凱基-虎尾,2023-10-11,9236
4960,誠美材,6,0,6,凱基-虎尾,2023-10-11,9236
6189,豐藝,7,1,6,凱基-虎尾,2023-10-11,9236
6220,岳豐,8,2,6,凱基-虎尾,2023-10-11,9236
2360,致茂,5,0,5,凱基-虎尾,2023-10-11,9236
00751B,元大AAA至A公司債,5,0,5,凱基-虎尾,2023-10-11,9236
1785,光洋科,5,0,5,凱基-虎尾,2023-10-11,9236
1796,金穎生技,5,0,5,凱基-虎尾,2023-10-11,9236
3231,緯創,243,166,77,凱基-虎尾,2023-10-12,9236
1314,中石化,61,0,61,凱基-虎尾,2023-10-12,9236
8240,華宏,61,2,59,凱基-虎尾,2023-10-12,9236
1524,耿鼎,111,58,53,凱基-虎尾,2023-10-12,9236
3036,文曄,65,15,50,凱基-虎尾,2023-10-12,9236
2618,長榮航,49,5,44,凱基-虎尾,2023-10-12,9236
2498,宏達電,40,0,40,凱基-虎尾,2023-10-12,9236
3481,群創,41,2,39,凱基-虎尾,2023-10-12,9236
2399,映泰,36,0,36,凱基-虎尾,2023-10-12,9236
6168,宏齊,35,0,35,凱基-虎尾,2023-10-12,9236
2313,華通,76,43,33,凱基-虎尾,2023-10-12,9236
2303,聯電,47,18,29,凱基-虎尾,2023-10-12,9236
2401,凌陽,29,0,29,凱基-虎尾,2023-10-12,9236
2486,一詮,40,11,29,凱基-虎尾,2023-10-12,9236
6288,聯嘉,25,0,25,凱基-虎尾,2023-10-12,9236
00922,國泰台灣領袖50,20,0,20,凱基-虎尾,2023-10-12,9236
6770,力積電,27,9,18,凱基-虎尾,2023-10-12,9236
3163,波若威,44,27,17,凱基-虎尾,2023-10-12,9236
1785,光洋科,16,0,16,凱基-虎尾,2023-10-12,9236
2002,中鋼,18,2,16,凱基-虎尾,2023-10-12,9236
2887,台新金,20,4,16,凱基-虎尾,2023-10-12,9236
8210,勤誠,17,1,16,凱基-虎尾,2023-10-12,9236
1101,台泥,15,0,15,凱基-虎尾,2023-10-12,9236
5225,東科-KY,28,13,15,凱基-虎尾,2023-10-12,9236
6257,矽格,15,0,15,凱基-虎尾,2023-10-12,9236
2014,中鴻,14,0,14,凱基-虎尾,2023-10-12,9236
3276,宇環,25,11,14,凱基-虎尾,2023-10-12,9236
3317,尼克森,14,0,14,凱基-虎尾,2023-10-12,9236
3035,智原,21,8,13,凱基-虎尾,2023-10-12,9236
3006,晶豪科,17,5,12,凱基-虎尾,2023-10-12,9236
3162,精確,12,0,12,凱基-虎尾,2023-10-12,9236
1603,華電,19,8,11,凱基-虎尾,2023-10-12,9236
8271,宇瞻,11,0,11,凱基-虎尾,2023-10-12,9236
3078,僑威,17,7,10,凱基-虎尾,2023-10-12,9236
00679B,元大美債20年,12,1,11,凱基-虎尾,2023-10-12,9236
0056,元大高股息,13,3,10,凱基-虎尾,2023-10-12,9236
00637L,元大滬深300正2,10,0,10,凱基-虎尾,2023-10-12,9236
5328,華容,10,0,10,凱基-虎尾,2023-10-12,9236
3260,威剛,9,0,9,凱基-虎尾,2023-10-12,9236
6170,統振,17,8,9,凱基-虎尾,2023-10-12,9236
8069,元太,10,1,9,凱基-虎尾,2023-10-12,9236
2201,裕隆,15,7,8,凱基-虎尾,2023-10-12,9236
5258,虹堡,8,0,8,凱基-虎尾,2023-10-12,9236
5488,松普,8,0,8,凱基-虎尾,2023-10-12,9236
6684,安格,8,0,8,凱基-虎尾,2023-10-12,9236
1434,福懋,7,0,7,凱基-虎尾,2023-10-12,9236
2206,三陽工業,9,2,7,凱基-虎尾,2023-10-12,9236
2377,微星,8,1,7,凱基-虎尾,2023-10-12,9236
2408,南亞科,9,2,7,凱基-虎尾,2023-10-12,9236
2421,建準,7,0,7,凱基-虎尾,2023-10-12,9236
1605,華新,76,0,76,凱基-虎尾,2023-10-13,9236
8240,華宏,69,1,68,凱基-虎尾,2023-10-13,9236
2425,承啟,75,15,60,凱基-虎尾,2023-10-13,9236
2486,一詮,71,22,49,凱基-虎尾,2023-10-13,9236
00929,復華台灣科技優息,58,11,47,凱基-虎尾,2023-10-13,9236
4967,十銓,52,11,41,凱基-虎尾,2023-10-13,9236
6282,康舒,79,48,31,凱基-虎尾,2023-10-13,9236
00919,群益台灣精選高息,30,0,30,凱基-虎尾,2023-10-13,9236
5469,瀚宇博,30,0,30,凱基-虎尾,2023-10-13,9236
3706,神達,46,20,26,凱基-虎尾,2023-10-13,9236
1101,台泥,25,0,25,凱基-虎尾,2023-10-13,9236
00715L,期街口布蘭特正2,22,0,22,凱基-虎尾,2023-10-13,9236
0056,元大高股息,21,0,21,凱基-虎尾,2023-10-13,9236
4960,誠美材,20,0,20,凱基-虎尾,2023-10-13,9236
4552,力達-KY,24,5,19,凱基-虎尾,2023-10-13,9236
2834,臺企銀,19,0,19,凱基-虎尾,2023-10-13,9236
3062,建漢,18,0,18,凱基-虎尾,2023-10-13,9236
2324,仁寶,18,1,17,凱基-虎尾,2023-10-13,9236
2382,廣達,74,57,17,凱基-虎尾,2023-10-13,9236
00878,國泰永續高股息,15,1,14,凱基-虎尾,2023-10-13,9236
6443,元晶,13,0,13,凱基-虎尾,2023-10-13,9236
1568,倉佑,17,5,12,凱基-虎尾,2023-10-13,9236
2002,中鋼,12,0,12,凱基-虎尾,2023-10-13,9236
6187,萬潤,12,0,12,凱基-虎尾,2023-10-13,9236
2360,致茂,13,2,11,凱基-虎尾,2023-10-13,9236
2329,華泰,16,5,11,凱基-虎尾,2023-10-13,9236
2402,毅嘉,12,1,11,凱基-虎尾,2023-10-13,9236
2884,玉山金,11,0,11,凱基-虎尾,2023-10-13,9236
4123,晟德,11,0,11,凱基-虎尾,2023-10-13,9236
00725B,國泰投資級公司債,10,0,10,凱基-虎尾,2023-10-13,9236
00643,群益深証中小,10,0,10,凱基-虎尾,2023-10-13,9236
4979,華星光,14,4,10,凱基-虎尾,2023-10-13,9236
2610,華航,9,0,9,凱基-虎尾,2023-10-13,9236
2516,新建,9,0,9,凱基-虎尾,2023-10-13,9236
3363,上詮,48,39,9,凱基-虎尾,2023-10-13,9236
00712,復華富時不動產,8,0,8,凱基-虎尾,2023-10-13,9236
2332,友訊,8,0,8,凱基-虎尾,2023-10-13,9236
00772B,中信高評級公司債,7,0,7,凱基-虎尾,2023-10-13,9236
1609,大亞,8,1,7,凱基-虎尾,2023-10-13,9236
8150,南茂,15,8,7,凱基-虎尾,2023-10-13,9236
1324,地球,6,0,6,凱基-虎尾,2023-10-13,9236
00885,富邦越南,6,0,6,凱基-虎尾,2023-10-13,9236
00680L,元大美債20正2,6,0,6,凱基-虎尾,2023-10-13,9236
2465,麗臺,7,1,6,凱基-虎尾,2023-10-13,9236
3060,銘異,6,0,6,凱基-虎尾,2023-10-13,9236
5488,松普,6,0,6,凱基-虎尾,2023-10-13,9236
8996,高力,7,1,6,凱基-虎尾,2023-10-13,9236
00720B,元大投資級公司債,5,0,5,凱基-虎尾,2023-10-13,9236
1434,福懋,5,0,5,凱基-虎尾,2023-10-13,9236
00905,FT臺灣Smart,10,5,5,凱基-虎尾,2023-10-13,9236
6770,力積電,100,13,87,凱基-虎尾,2023-10-16,9236
6282,康舒,95,11,84,凱基-虎尾,2023-10-16,9236
00929,復華台灣科技優息,88,6,82,凱基-虎尾,2023-10-16,9236
2618,長榮航,76,7,69,凱基-虎尾,2023-10-16,9236
2344,華邦電,53,3,50,凱基-虎尾,2023-10-16,9236
00902,中信電池及儲能,45,0,45,凱基-虎尾,2023-10-16,9236
1618,合機,45,0,45,凱基-虎尾,2023-10-16,9236
2002,中鋼,45,0,45,凱基-虎尾,2023-10-16,9236
1314,中石化,47,6,41,凱基-虎尾,2023-10-16,9236
00669R,國泰美國道瓊反1,40,0,40,凱基-虎尾,2023-10-16,9236
00919,群益台灣精選高息,39,0,39,凱基-虎尾,2023-10-16,9236
2425,承啟,47,8,39,凱基-虎尾,2023-10-16,9236
1609,大亞,38,0,38,凱基-虎尾,2023-10-16,9236
3234,光環,36,0,36,凱基-虎尾,2023-10-16,9236
2516,新建,34,0,34,凱基-虎尾,2023-10-16,9236
1605,華新,32,0,32,凱基-虎尾,2023-10-16,9236
2324,仁寶,31,0,31,凱基-虎尾,2023-10-16,9236
0056,元大高股息,26,0,26,凱基-虎尾,2023-10-16,9236
00637L,元大滬深300正2,25,0,25,凱基-虎尾,2023-10-16,9236
00878,國泰永續高股息,21,1,20,凱基-虎尾,2023-10-16,9236
2369,菱生,23,5,18,凱基-虎尾,2023-10-16,9236
3231,緯創,36,19,17,凱基-虎尾,2023-10-16,9236
6239,力成,18,2,16,凱基-虎尾,2023-10-16,9236
1210,大成,15,0,15,凱基-虎尾,2023-10-16,9236
00928,中信上櫃ESG30,15,0,15,凱基-虎尾,2023-10-16,9236
2515,中工,40,27,13,凱基-虎尾,2023-10-16,9236
4123,晟德,13,0,13,凱基-虎尾,2023-10-16,9236
2363,矽統,41,28,13,凱基-虎尾,2023-10-16,9236
4552,力達-KY,14,2,12,凱基-虎尾,2023-10-16,9236
6170,統振,30,18,12,凱基-虎尾,2023-10-16,9236
4979,華星光,21,9,12,凱基-虎尾,2023-10-16,9236
00712,復華富時不動產,11,0,11,凱基-虎尾,2023-10-16,9236
2382,廣達,47,36,11,凱基-虎尾,2023-10-16,9236
00932,兆豐永續高息等權,11,0,11,凱基-虎尾,2023-10-16,9236
4533,協易機,11,0,11,凱基-虎尾,2023-10-16,9236
8299,群聯,13,2,11,凱基-虎尾,2023-10-16,9236
00877,復華中國5G,10,0,10,凱基-虎尾,2023-10-16,9236
6126,信音,10,0,10,凱基-虎尾,2023-10-16,9236
6234,高僑,10,0,10,凱基-虎尾,2023-10-16,9236
9938,百和,10,0,10,凱基-虎尾,2023-10-16,9236
2609,陽明,9,0,9,凱基-虎尾,2023-10-16,9236
2353,宏��,10,1,9,凱基-虎尾,2023-10-16,9236
2371,大同,10,1,9,凱基-虎尾,2023-10-16,9236
4128,中天,10,1,9,凱基-虎尾,2023-10-16,9236
8426,紅木-KY,10,1,9,凱基-虎尾,2023-10-16,9236
2468,華經,8,0,8,凱基-虎尾,2023-10-16,9236
6139,亞翔,9,2,7,凱基-虎尾,2023-10-16,9236
2206,三陽工業,8,1,7,凱基-虎尾,2023-10-16,9236
2405,輔信,7,0,7,凱基-虎尾,2023-10-16,9236
5439,高技,7,0,7,凱基-虎尾,2023-10-16,9236
4960,誠美材,1149,872,277,凱基-虎尾,2023-10-17,9236
3078,僑威,177,26,151,凱基-虎尾,2023-10-17,9236
3481,群創,73,3,70,凱基-虎尾,2023-10-17,9236
2515,中工,150,89,61,凱基-虎尾,2023-10-17,9236
00751B,元大AAA至A公司債,53,0,53,凱基-虎尾,2023-10-17,9236
2618,長榮航,52,5,47,凱基-虎尾,2023-10-17,9236
0056,元大高股息,43,1,42,凱基-虎尾,2023-10-17,9236
2883,凱基金,40,0,40,凱基-虎尾,2023-10-17,9236
6234,高僑,39,0,39,凱基-虎尾,2023-10-17,9236
6282,康舒,28,0,28,凱基-虎尾,2023-10-17,9236
3094,聯傑,38,14,24,凱基-虎尾,2023-10-17,9236
1815,富喬,25,3,22,凱基-虎尾,2023-10-17,9236
6118,建達,51,30,21,凱基-虎尾,2023-10-17,9236
2498,宏達電,21,1,20,凱基-虎尾,2023-10-17,9236
1314,中石化,21,2,19,凱基-虎尾,2023-10-17,9236
2426,鼎元,15,0,15,凱基-虎尾,2023-10-17,9236
3234,光環,16,1,15,凱基-虎尾,2023-10-17,9236
6168,宏齊,15,0,15,凱基-虎尾,2023-10-17,9236
8088,品安,16,1,15,凱基-虎尾,2023-10-17,9236
8436,大江,14,0,14,凱基-虎尾,2023-10-17,9236
00687B,國泰20年美債,13,0,13,凱基-虎尾,2023-10-17,9236
2352,佳世達,16,3,13,凱基-虎尾,2023-10-17,9236
3715,定穎投控,26,14,12,凱基-虎尾,2023-10-17,9236
2743,山富,11,0,11,凱基-虎尾,2023-10-17,9236
5328,華容,11,0,11,凱基-虎尾,2023-10-17,9236
1210,大成,10,0,10,凱基-虎尾,2023-10-17,9236
00905,FT臺灣Smart,10,0,10,凱基-虎尾,2023-10-17,9236
00772B,中信高評級公司債,10,0,10,凱基-虎尾,2023-10-17,9236
00669R,國泰美國道瓊反1,10,0,10,凱基-虎尾,2023-10-17,9236
2208,台船,10,0,10,凱基-虎尾,2023-10-17,9236
4564,元翎,10,0,10,凱基-虎尾,2023-10-17,9236
4721,美琪瑪,10,0,10,凱基-虎尾,2023-10-17,9236
5398,慕康生醫,10,0,10,凱基-虎尾,2023-10-17,9236
6442,光聖,10,0,10,凱基-虎尾,2023-10-17,9236
3704,合勤控,15,5,10,凱基-虎尾,2023-10-17,9236
00637L,元大滬深300正2,19,10,9,凱基-虎尾,2023-10-17,9236
00891,中信關鍵半導體,15,6,9,凱基-虎尾,2023-10-17,9236
2344,華邦電,23,14,9,凱基-虎尾,2023-10-17,9236
3272,東碩,9,0,9,凱基-虎尾,2023-10-17,9236
6114,久威,10,1,9,凱基-虎尾,2023-10-17,9236
6432,今展科,8,0,8,凱基-虎尾,2023-10-17,9236
6695,芯鼎,8,0,8,凱基-虎尾,2023-10-17,9236
1710,東聯,7,0,7,凱基-虎尾,2023-10-17,9236
2634,漢翔,9,2,7,凱基-虎尾,2023-10-17,9236
00929,復華台灣科技優息,8,2,6,凱基-虎尾,2023-10-17,9236
00720B,元大投資級公司債,6,0,6,凱基-虎尾,2023-10-17,9236
2314,台揚,6,0,6,凱基-虎尾,2023-10-17,9236
2351,順德,8,2,6,凱基-虎尾,2023-10-17,9236
2356,英業達,11,5,6,凱基-虎尾,2023-10-17,9236
2834,臺企銀,6,0,6,凱基-虎尾,2023-10-17,9236
1101,台泥,80,0,80,凱基-虎尾,2023-10-18,9236
00878,國泰永續高股息,76,1,75,凱基-虎尾,2023-10-18,9236
00919,群益台灣精選高息,68,10,58,凱基-虎尾,2023-10-18,9236
0056,元大高股息,56,0,56,凱基-虎尾,2023-10-18,9236
6129,普誠,56,0,56,凱基-虎尾,2023-10-18,9236
2427,三商電,53,0,53,凱基-虎尾,2023-10-18,9236
00922,國泰台灣領袖50,50,0,50,凱基-虎尾,2023-10-18,9236
8040,九暘,48,1,47,凱基-虎尾,2023-10-18,9236
00751B,元大AAA至A公司債,41,1,40,凱基-虎尾,2023-10-18,9236
00929,復華台灣科技優息,76,37,39,凱基-虎尾,2023-10-18,9236
00673R,期元大S＆P原油反1,35,0,35,凱基-虎尾,2023-10-18,9236
2344,華邦電,43,9,34,凱基-虎尾,2023-10-18,9236
6257,矽格,33,7,26,凱基-虎尾,2023-10-18,9236
2369,菱生,41,16,25,凱基-虎尾,2023-10-18,9236
3041,揚智,28,6,22,凱基-虎尾,2023-10-18,9236
2441,超豐,21,0,21,凱基-虎尾,2023-10-18,9236
1314,中石化,20,0,20,凱基-虎尾,2023-10-18,9236
3033,威健,20,0,20,凱基-虎尾,2023-10-18,9236
4123,晟德,20,0,20,凱基-虎尾,2023-10-18,9236
2417,圓剛,18,0,18,凱基-虎尾,2023-10-18,9236
1324,地球,18,1,17,凱基-虎尾,2023-10-18,9236
2485,兆赫,15,0,15,凱基-虎尾,2023-10-18,9236
00712,復華富時不動產,15,1,14,凱基-虎尾,2023-10-18,9236
2002,中鋼,15,1,14,凱基-虎尾,2023-10-18,9236
3013,晟銘電,14,1,13,凱基-虎尾,2023-10-18,9236
3268,海德威,13,0,13,凱基-虎尾,2023-10-18,9236
2376,技嘉,203,191,12,凱基-虎尾,2023-10-18,9236
9955,佳龍,16,4,12,凱基-虎尾,2023-10-18,9236
1815,富喬,15,4,11,凱基-虎尾,2023-10-18,9236
2468,華經,11,0,11,凱基-虎尾,2023-10-18,9236
6234,高僑,11,0,11,凱基-虎尾,2023-10-18,9236
6442,光聖,11,0,11,凱基-虎尾,2023-10-18,9236
00905,FT臺灣Smart,10,0,10,凱基-虎尾,2023-10-18,9236
00669R,國泰美國道瓊反1,10,0,10,凱基-虎尾,2023-10-18,9236
2009,第一銅,10,0,10,凱基-虎尾,2023-10-18,9236
5225,東科-KY,10,0,10,凱基-虎尾,2023-10-18,9236
3037,欣興,11,2,9,凱基-虎尾,2023-10-18,9236
00720B,元大投資級公司債,9,0,9,凱基-虎尾,2023-10-18,9236
2609,陽明,13,4,9,凱基-虎尾,2023-10-18,9236
3576,聯合再生,10,1,9,凱基-虎尾,2023-10-18,9236
6732,昇佳電子,10,1,9,凱基-虎尾,2023-10-18,9236
8996,高力,15,6,9,凱基-虎尾,2023-10-18,9236
2382,廣達,633,624,9,凱基-虎尾,2023-10-18,9236
3234,光環,8,0,8,凱基-虎尾,2023-10-18,9236
6237,驊訊,13,5,8,凱基-虎尾,2023-10-18,9236
6550,北極星藥業-KY,8,0,8,凱基-虎尾,2023-10-18,9236
6770,力積電,8,0,8,凱基-虎尾,2023-10-18,9236
9950,萬國通,8,0,8,凱基-虎尾,2023-10-18,9236
3231,緯創,112,104,8,凱基-虎尾,2023-10-18,9236
2449,京元電子,9,2,7,凱基-虎尾,2023-10-18,9236
00902,中信電池及儲能,106,25,81,凱基-虎尾,2023-10-19,9236
2401,凌陽,60,0,60,凱基-虎尾,2023-10-19,9236
00679B,元大美債20年,59,2,57,凱基-虎尾,2023-10-19,9236
3025,星通,68,13,55,凱基-虎尾,2023-10-19,9236
3176,基亞,54,0,54,凱基-虎尾,2023-10-19,9236
00720B,元大投資級公司債,51,0,51,凱基-虎尾,2023-10-19,9236
8088,品安,49,0,49,凱基-虎尾,2023-10-19,9236
2516,新建,46,0,46,凱基-虎尾,2023-10-19,9236
1101,台泥,47,2,45,凱基-虎尾,2023-10-19,9236
00751B,元大AAA至A公司債,43,0,43,凱基-虎尾,2023-10-19,9236
2607,榮運,45,4,41,凱基-虎尾,2023-10-19,9236
00637L,元大滬深300正2,40,0,40,凱基-虎尾,2023-10-19,9236
00929,復華台灣科技優息,50,10,40,凱基-虎尾,2023-10-19,9236
4960,誠美材,37,3,34,凱基-虎尾,2023-10-19,9236
8176,智捷,34,0,34,凱基-虎尾,2023-10-19,9236
00878,國泰永續高股息,24,1,23,凱基-虎尾,2023-10-19,9236
1560,中砂,23,0,23,凱基-虎尾,2023-10-19,9236
2441,超豐,22,0,22,凱基-虎尾,2023-10-19,9236
4714,永捷,22,0,22,凱基-虎尾,2023-10-19,9236
4967,十銓,25,3,22,凱基-虎尾,2023-10-19,9236
2354,鴻準,23,2,21,凱基-虎尾,2023-10-19,9236
2034,允強,20,0,20,凱基-虎尾,2023-10-19,9236
2515,中工,60,40,20,凱基-虎尾,2023-10-19,9236
3481,群創,29,10,19,凱基-虎尾,2023-10-19,9236
2409,友達,25,7,18,凱基-虎尾,2023-10-19,9236
00687B,國泰20年美債,18,0,18,凱基-虎尾,2023-10-19,9236
2312,金寶,18,0,18,凱基-虎尾,2023-10-19,9236
4401,東隆興,20,2,18,凱基-虎尾,2023-10-19,9236
2303,聯電,59,41,18,凱基-虎尾,2023-10-19,9236
00680L,元大美債20正2,17,0,17,凱基-虎尾,2023-10-19,9236
0056,元大高股息,17,0,17,凱基-虎尾,2023-10-19,9236
1568,倉佑,16,0,16,凱基-虎尾,2023-10-19,9236
5880,合庫金,16,0,16,凱基-虎尾,2023-10-19,9236
2449,京元電子,21,5,16,凱基-虎尾,2023-10-19,9236
3094,聯傑,31,16,15,凱基-虎尾,2023-10-19,9236
2337,旺宏,14,0,14,凱基-虎尾,2023-10-19,9236
2610,華航,34,20,14,凱基-虎尾,2023-10-19,9236
00753L,中信中國50正2,13,0,13,凱基-虎尾,2023-10-19,9236
2605,新興,24,11,13,凱基-虎尾,2023-10-19,9236
5272,笙科,14,1,13,凱基-虎尾,2023-10-19,9236
6139,亞翔,17,5,12,凱基-虎尾,2023-10-19,9236
6233,旺玖,12,0,12,凱基-虎尾,2023-10-19,9236
5210,寶碩,11,0,11,凱基-虎尾,2023-10-19,9236
6158,禾昌,11,0,11,凱基-虎尾,2023-10-19,9236
6284,佳邦,11,0,11,凱基-虎尾,2023-10-19,9236
3715,定穎投控,54,44,10,凱基-虎尾,2023-10-19,9236
00877,復華中國5G,10,0,10,凱基-虎尾,2023-10-19,9236
00669R,國泰美國道瓊反1,10,0,10,凱基-虎尾,2023-10-19,9236
00643,群益深証中小,10,0,10,凱基-虎尾,2023-10-19,9236
1605,華新,33,23,10,凱基-虎尾,2023-10-19,9236
3481,群創,361,9,352,凱基-虎尾,2023-10-20,9236
1101,台泥,103,2,101,凱基-虎尾,2023-10-20,9236
00929,復華台灣科技優息,102,2,100,凱基-虎尾,2023-10-20,9236
00680L,元大美債20正2,55,0,55,凱基-虎尾,2023-10-20,9236
00712,復華富時不動產,47,0,47,凱基-虎尾,2023-10-20,9236
2241,艾姆勒,39,0,39,凱基-虎尾,2023-10-20,9236
2404,漢唐,35,0,35,凱基-虎尾,2023-10-20,9236
00878,國泰永續高股息,35,0,35,凱基-虎尾,2023-10-20,9236
00932,兆豐永續高息等權,34,0,34,凱基-虎尾,2023-10-20,9236
5880,合庫金,33,0,33,凱基-虎尾,2023-10-20,9236
0056,元大高股息,31,0,31,凱基-虎尾,2023-10-20,9236
3176,基亞,52,21,31,凱基-虎尾,2023-10-20,9236
6113,亞矽,27,0,27,凱基-虎尾,2023-10-20,9236
8240,華宏,26,0,26,凱基-虎尾,2023-10-20,9236
00933B,國泰10Y+金融債,25,0,25,凱基-虎尾,2023-10-20,9236
00882,中信中國高股息,24,0,24,凱基-虎尾,2023-10-20,9236
3276,宇環,21,0,21,凱基-虎尾,2023-10-20,9236
00715L,期街口布蘭特正2,20,0,20,凱基-虎尾,2023-10-20,9236
2816,旺旺保,20,0,20,凱基-虎尾,2023-10-20,9236
00915,凱基優選高股息30,16,0,16,凱基-虎尾,2023-10-20,9236
6234,高僑,16,0,16,凱基-虎尾,2023-10-20,9236
3231,緯創,34,19,15,凱基-虎尾,2023-10-20,9236
4944,兆遠,15,0,15,凱基-虎尾,2023-10-20,9236
00919,群益台灣精選高息,14,0,14,凱基-虎尾,2023-10-20,9236
2002,中鋼,19,5,14,凱基-虎尾,2023-10-20,9236
4933,友輝,15,1,14,凱基-虎尾,2023-10-20,9236
00679B,元大美債20年,13,0,13,凱基-虎尾,2023-10-20,9236
2369,菱生,57,44,13,凱基-虎尾,2023-10-20,9236
2441,超豐,13,0,13,凱基-虎尾,2023-10-20,9236
00720B,元大投資級公司債,12,0,12,凱基-虎尾,2023-10-20,9236
00687B,國泰20年美債,12,0,12,凱基-虎尾,2023-10-20,9236
1710,東聯,12,0,12,凱基-虎尾,2023-10-20,9236
2376,技嘉,25,13,12,凱基-虎尾,2023-10-20,9236
2634,漢翔,12,0,12,凱基-虎尾,2023-10-20,9236
3051,力特,12,0,12,凱基-虎尾,2023-10-20,9236
6235,華孚,12,1,11,凱基-虎尾,2023-10-20,9236
00877,復華中國5G,10,0,10,凱基-虎尾,2023-10-20,9236
2393,億光,10,0,10,凱基-虎尾,2023-10-20,9236
2888,新光金,20,10,10,凱基-虎尾,2023-10-20,9236
2892,第一金,9,0,9,凱基-虎尾,2023-10-20,9236
1304,台聚,8,0,8,凱基-虎尾,2023-10-20,9236
2605,新興,15,7,8,凱基-虎尾,2023-10-20,9236
4979,華星光,7,0,7,凱基-虎尾,2023-10-20,9236
1219,福壽,7,0,7,凱基-虎尾,2023-10-20,9236
2305,全友,28,21,7,凱基-虎尾,2023-10-20,9236
2344,華邦電,17,10,7,凱基-虎尾,2023-10-20,9236
2890,永豐金,7,0,7,凱基-虎尾,2023-10-20,9236
5215,科嘉-KY,11,4,7,凱基-虎尾,2023-10-20,9236
6114,久威,7,0,7,凱基-虎尾,2023-10-20,9236
1568,倉佑,21,14,7,凱基-虎尾,2023-10-20,9236
3481,群創,266,5,261,凱基-虎尾,2023-10-23,9236
2515,中工,176,36,140,凱基-虎尾,2023-10-23,9236
00919,群益台灣精選高息,134,1,133,凱基-虎尾,2023-10-23,9236
00673R,期元大S＆P原油反1,88,0,88,凱基-虎尾,2023-10-23,9236
00712,復華富時不動產,65,0,65,凱基-虎尾,2023-10-23,9236
00680L,元大美債20正2,51,0,51,凱基-虎尾,2023-10-23,9236
4979,華星光,46,7,39,凱基-虎尾,2023-10-23,9236
6156,松上,36,4,32,凱基-虎尾,2023-10-23,9236
1711,永光,43,15,28,凱基-虎尾,2023-10-23,9236
8210,勤誠,27,0,27,凱基-虎尾,2023-10-23,9236
1609,大亞,62,37,25,凱基-虎尾,2023-10-23,9236
00720B,元大投資級公司債,24,0,24,凱基-虎尾,2023-10-23,9236
2399,映泰,28,4,24,凱基-虎尾,2023-10-23,9236
2884,玉山金,22,0,22,凱基-虎尾,2023-10-23,9236
6233,旺玖,27,5,22,凱基-虎尾,2023-10-23,9236
2354,鴻準,24,2,22,凱基-虎尾,2023-10-23,9236
00751B,元大AAA至A公司債,21,0,21,凱基-虎尾,2023-10-23,9236
1721,三晃,20,0,20,凱基-虎尾,2023-10-23,9236
2888,新光金,20,0,20,凱基-虎尾,2023-10-23,9236
0056,元大高股息,19,0,19,凱基-虎尾,2023-10-23,9236
2425,承啟,21,3,18,凱基-虎尾,2023-10-23,9236
5272,笙科,21,3,18,凱基-虎尾,2023-10-23,9236
6244,茂迪,20,3,17,凱基-虎尾,2023-10-23,9236
00687B,國泰20年美債,16,0,16,凱基-虎尾,2023-10-23,9236
00929,復華台灣科技優息,66,50,16,凱基-虎尾,2023-10-23,9236
00933B,國泰10Y+金融債,15,0,15,凱基-虎尾,2023-10-23,9236
2002,中鋼,15,0,15,凱基-虎尾,2023-10-23,9236
1618,合機,14,0,14,凱基-虎尾,2023-10-23,9236
2891,中信金,14,0,14,凱基-虎尾,2023-10-23,9236
3041,揚智,20,7,13,凱基-虎尾,2023-10-23,9236
2363,矽統,17,4,13,凱基-虎尾,2023-10-23,9236
2634,漢翔,13,0,13,凱基-虎尾,2023-10-23,9236
8110,華東,16,3,13,凱基-虎尾,2023-10-23,9236
6243,迅杰,17,5,12,凱基-虎尾,2023-10-23,9236
6770,力積電,22,10,12,凱基-虎尾,2023-10-23,9236
3666,光耀,11,0,11,凱基-虎尾,2023-10-23,9236
4542,科嶠,11,0,11,凱基-虎尾,2023-10-23,9236
6229,研通,11,0,11,凱基-虎尾,2023-10-23,9236
6526,達發,11,0,11,凱基-虎尾,2023-10-23,9236
6568,宏觀,13,2,11,凱基-虎尾,2023-10-23,9236
00643,群益深証中小,10,0,10,凱基-虎尾,2023-10-23,9236
1305,華夏,10,0,10,凱基-虎尾,2023-10-23,9236
1434,福懋,10,0,10,凱基-虎尾,2023-10-23,9236
3083,網龍,10,0,10,凱基-虎尾,2023-10-23,9236
6191,精成科,10,0,10,凱基-虎尾,2023-10-23,9236
6695,芯鼎,11,1,10,凱基-虎尾,2023-10-23,9236
5880,合庫金,10,0,10,凱基-虎尾,2023-10-23,9236
3122,笙泉,10,1,9,凱基-虎尾,2023-10-23,9236
3363,上詮,10,1,9,凱基-虎尾,2023-10-23,9236
00878,國泰永續高股息,23,15,8,凱基-虎尾,2023-10-23,9236
6113,亞矽,103,29,74,凱基-虎尾,2023-10-24,9236
6284,佳邦,73,2,71,凱基-虎尾,2023-10-24,9236
2618,長榮航,50,4,46,凱基-虎尾,2023-10-24,9236
4960,誠美材,62,16,46,凱基-虎尾,2023-10-24,9236
2367,燿華,45,0,45,凱基-虎尾,2023-10-24,9236
1815,富喬,44,4,40,凱基-虎尾,2023-10-24,9236
1618,合機,40,3,37,凱基-虎尾,2023-10-24,9236
3481,群創,39,5,34,凱基-虎尾,2023-10-24,9236
3450,聯鈞,31,1,30,凱基-虎尾,2023-10-24,9236
8210,勤誠,30,0,30,凱基-虎尾,2023-10-24,9236
00929,復華台灣科技優息,30,1,29,凱基-虎尾,2023-10-24,9236
8088,品安,26,1,25,凱基-虎尾,2023-10-24,9236
3231,緯創,132,108,24,凱基-虎尾,2023-10-24,9236
2353,宏��,22,1,21,凱基-虎尾,2023-10-24,9236
3013,晟銘電,25,4,21,凱基-虎尾,2023-10-24,9236
1305,華夏,20,0,20,凱基-虎尾,2023-10-24,9236
00679B,元大美債20年,20,0,20,凱基-虎尾,2023-10-24,9236
5483,中美晶,20,0,20,凱基-虎尾,2023-10-24,9236
6120,達運,20,0,20,凱基-虎尾,2023-10-24,9236
8240,華宏,20,0,20,凱基-虎尾,2023-10-24,9236
2382,廣達,493,473,20,凱基-虎尾,2023-10-24,9236
2369,菱生,59,40,19,凱基-虎尾,2023-10-24,9236
2634,漢翔,22,4,18,凱基-虎尾,2023-10-24,9236
3325,旭品,18,0,18,凱基-虎尾,2023-10-24,9236
00637L,元大滬深300正2,22,5,17,凱基-虎尾,2023-10-24,9236
2329,華泰,18,1,17,凱基-虎尾,2023-10-24,9236
00712,復華富時不動產,16,0,16,凱基-虎尾,2023-10-24,9236
3706,神達,17,1,16,凱基-虎尾,2023-10-24,9236
2356,英業達,27,12,15,凱基-虎尾,2023-10-24,9236
4542,科嶠,17,2,15,凱基-虎尾,2023-10-24,9236
5469,瀚宇博,15,0,15,凱基-虎尾,2023-10-24,9236
6188,廣明,15,0,15,凱基-虎尾,2023-10-24,9236
6239,力成,15,0,15,凱基-虎尾,2023-10-24,9236
8426,紅木-KY,15,0,15,凱基-虎尾,2023-10-24,9236
6125,廣運,14,0,14,凱基-虎尾,2023-10-24,9236
3005,神基,15,2,13,凱基-虎尾,2023-10-24,9236
4977,眾達-KY,13,0,13,凱基-虎尾,2023-10-24,9236
2462,良得電,38,26,12,凱基-虎尾,2023-10-24,9236
3704,合勤控,16,4,12,凱基-虎尾,2023-10-24,9236
2337,旺宏,11,0,11,凱基-虎尾,2023-10-24,9236
2486,一詮,13,2,11,凱基-虎尾,2023-10-24,9236
3078,僑威,33,22,11,凱基-虎尾,2023-10-24,9236
4526,東台,11,0,11,凱基-虎尾,2023-10-24,9236
00927,群益半導體收益,10,0,10,凱基-虎尾,2023-10-24,9236
00881,國泰台灣5G+,10,0,10,凱基-虎尾,2023-10-24,9236
00665L,富邦�琤肭磪囓�2,15,5,10,凱基-虎尾,2023-10-24,9236
1802,台玻,10,0,10,凱基-虎尾,2023-10-24,9236
2354,鴻準,11,1,10,凱基-虎尾,2023-10-24,9236
6213,聯茂,10,0,10,凱基-虎尾,2023-10-24,9236
00751B,元大AAA至A公司債,9,0,9,凱基-虎尾,2023-10-24,9236
1785,光洋科,159,14,145,凱基-虎尾,2023-10-25,9236
3078,僑威,103,16,87,凱基-虎尾,2023-10-25,9236
3481,群創,95,22,73,凱基-虎尾,2023-10-25,9236
1514,亞力,72,5,67,凱基-虎尾,2023-10-25,9236
3701,大眾控,66,3,63,凱基-虎尾,2023-10-25,9236
00712,復華富時不動產,62,0,62,凱基-虎尾,2023-10-25,9236
1101,台泥,42,0,42,凱基-虎尾,2023-10-25,9236
8176,智捷,37,2,35,凱基-虎尾,2023-10-25,9236
6117,迎廣,35,4,31,凱基-虎尾,2023-10-25,9236
6672,騰輝電子-KY,28,0,28,凱基-虎尾,2023-10-25,9236
00929,復華台灣科技優息,31,4,27,凱基-虎尾,2023-10-25,9236
2365,昆盈,25,0,25,凱基-虎尾,2023-10-25,9236
2388,威盛,36,13,23,凱基-虎尾,2023-10-25,9236
1464,得力,20,0,20,凱基-虎尾,2023-10-25,9236
2409,友達,20,1,19,凱基-虎尾,2023-10-25,9236
2002,中鋼,20,1,19,凱基-虎尾,2023-10-25,9236
00679B,元大美債20年,125,109,16,凱基-虎尾,2023-10-25,9236
6114,久威,16,0,16,凱基-虎尾,2023-10-25,9236
00927,群益半導體收益,15,0,15,凱基-虎尾,2023-10-25,9236
1522,堤維西,35,21,14,凱基-虎尾,2023-10-25,9236
2344,華邦電,16,3,13,凱基-虎尾,2023-10-25,9236
00919,群益台灣精選高息,12,0,12,凱基-虎尾,2023-10-25,9236
00673R,期元大S＆P原油反1,12,0,12,凱基-虎尾,2023-10-25,9236
00642U,期元大S＆P石油,12,0,12,凱基-虎尾,2023-10-25,9236
3041,揚智,16,5,11,凱基-虎尾,2023-10-25,9236
3673,TPK-KY,10,0,10,凱基-虎尾,2023-10-25,9236
4542,科嶠,10,0,10,凱基-虎尾,2023-10-25,9236
4944,兆遠,10,0,10,凱基-虎尾,2023-10-25,9236
5452,佶優,10,0,10,凱基-虎尾,2023-10-25,9236
5531,鄉林,10,0,10,凱基-虎尾,2023-10-25,9236
6451,訊芯-KY,10,0,10,凱基-虎尾,2023-10-25,9236
2834,臺企銀,10,0,10,凱基-虎尾,2023-10-25,9236
1524,耿鼎,38,29,9,凱基-虎尾,2023-10-25,9236
00715L,期街口布蘭特正2,16,7,9,凱基-虎尾,2023-10-25,9236
6282,康舒,9,0,9,凱基-虎尾,2023-10-25,9236
2317,鴻海,11,2,9,凱基-虎尾,2023-10-25,9236
6158,禾昌,8,0,8,凱基-虎尾,2023-10-25,9236
9938,百和,8,0,8,凱基-虎尾,2023-10-25,9236
2313,華通,10,3,7,凱基-虎尾,2023-10-25,9236
2405,輔信,14,7,7,凱基-虎尾,2023-10-25,9236
3094,聯傑,10,3,7,凱基-虎尾,2023-10-25,9236
8050,廣積,8,1,7,凱基-虎尾,2023-10-25,9236
8210,勤誠,14,7,7,凱基-虎尾,2023-10-25,9236
2867,三商壽,6,0,6,凱基-虎尾,2023-10-25,9236
1584,精剛,9,3,6,凱基-虎尾,2023-10-25,9236
2323,中環,6,0,6,凱基-虎尾,2023-10-25,9236
3530,晶相光,6,0,6,凱基-虎尾,2023-10-25,9236
3715,定穎投控,25,19,6,凱基-虎尾,2023-10-25,9236
5225,東科-KY,14,8,6,凱基-虎尾,2023-10-25,9236
6494,九齊,6,0,6,凱基-虎尾,2023-10-25,9236
00929,復華台灣科技優息,111,0,111,凱基-虎尾,2023-10-26,9236
2344,華邦電,82,2,80,凱基-虎尾,2023-10-26,9236
3615,安可,51,0,51,凱基-虎尾,2023-10-26,9236
00712,復華富時不動產,44,0,44,凱基-虎尾,2023-10-26,9236
00715L,期街口布蘭特正2,40,0,40,凱基-虎尾,2023-10-26,9236
00919,群益台灣精選高息,36,0,36,凱基-虎尾,2023-10-26,9236
00680L,元大美債20正2,35,0,35,凱基-虎尾,2023-10-26,9236
1524,耿鼎,94,61,33,凱基-虎尾,2023-10-26,9236
00878,國泰永續高股息,27,0,27,凱基-虎尾,2023-10-26,9236
2303,聯電,27,1,26,凱基-虎尾,2023-10-26,9236
2485,兆赫,25,0,25,凱基-虎尾,2023-10-26,9236
00687B,國泰20年美債,21,0,21,凱基-虎尾,2023-10-26,9236
5512,力麒,20,0,20,凱基-虎尾,2023-10-26,9236
9105,泰金寶-DR,25,6,19,凱基-虎尾,2023-10-26,9236
1605,華新,17,0,17,凱基-虎尾,2023-10-26,9236
1101,台泥,16,0,16,凱基-虎尾,2023-10-26,9236
1609,大亞,16,0,16,凱基-虎尾,2023-10-26,9236
00915,凱基優選高股息30,15,0,15,凱基-虎尾,2023-10-26,9236
1618,合機,15,0,15,凱基-虎尾,2023-10-26,9236
3290,東浦,13,0,13,凱基-虎尾,2023-10-26,9236
2618,長榮航,20,8,12,凱基-虎尾,2023-10-26,9236
2330,台積電,11,0,11,凱基-虎尾,2023-10-26,9236
2408,南亞科,15,4,11,凱基-虎尾,2023-10-26,9236
2634,漢翔,21,11,10,凱基-虎尾,2023-10-26,9236
1453,大將,10,0,10,凱基-虎尾,2023-10-26,9236
2201,裕隆,10,0,10,凱基-虎尾,2023-10-26,9236
2208,台船,10,0,10,凱基-虎尾,2023-10-26,9236
2610,華航,10,0,10,凱基-虎尾,2023-10-26,9236
4157,太景*-KY,10,0,10,凱基-虎尾,2023-10-26,9236
5347,世界,10,0,10,凱基-虎尾,2023-10-26,9236
5465,富驊,10,0,10,凱基-虎尾,2023-10-26,9236
8358,金居,13,3,10,凱基-虎尾,2023-10-26,9236
2887,台新金,11,2,9,凱基-虎尾,2023-10-26,9236
00905,FT臺灣Smart,9,0,9,凱基-虎尾,2023-10-26,9236
2457,飛宏,10,1,9,凱基-虎尾,2023-10-26,9236
2323,中環,8,0,8,凱基-虎尾,2023-10-26,9236
2401,凌陽,9,1,8,凱基-虎尾,2023-10-26,9236
2515,中工,30,22,8,凱基-虎尾,2023-10-26,9236
2543,皇昌,11,3,8,凱基-虎尾,2023-10-26,9236
3042,晶技,8,0,8,凱基-虎尾,2023-10-26,9236
3122,笙泉,8,0,8,凱基-虎尾,2023-10-26,9236
0056,元大高股息,8,0,8,凱基-虎尾,2023-10-26,9236
00900,富邦特選高股息30,7,0,7,凱基-虎尾,2023-10-26,9236
1569,濱川,7,0,7,凱基-虎尾,2023-10-26,9236
1710,東聯,6,0,6,凱基-虎尾,2023-10-26,9236
2317,鴻海,9,3,6,凱基-虎尾,2023-10-26,9236
00795B,中信美國公債20年,6,0,6,凱基-虎尾,2023-10-26,9236
1802,台玻,6,0,6,凱基-虎尾,2023-10-26,9236
2241,艾姆勒,6,0,6,凱基-虎尾,2023-10-26,9236
2382,廣達,11,5,6,凱基-虎尾,2023-10-26,9236
3615,安可,58,0,58,凱基-虎尾,2023-10-27,9236
00712,復華富時不動產,51,0,51,凱基-虎尾,2023-10-27,9236
00902,中信電池及儲能,46,0,46,凱基-虎尾,2023-10-27,9236
2498,宏達電,45,0,45,凱基-虎尾,2023-10-27,9236
2516,新建,33,0,33,凱基-虎尾,2023-10-27,9236
2883,凱基金,33,0,33,凱基-虎尾,2023-10-27,9236
5426,振發,50,20,30,凱基-虎尾,2023-10-27,9236
2462,良得電,29,0,29,凱基-虎尾,2023-10-27,9236
3176,基亞,30,2,28,凱基-虎尾,2023-10-27,9236
2610,華航,47,20,27,凱基-虎尾,2023-10-27,9236
3078,僑威,32,5,27,凱基-虎尾,2023-10-27,9236
3704,合勤控,31,4,27,凱基-虎尾,2023-10-27,9236
2515,中工,41,15,26,凱基-虎尾,2023-10-27,9236
4164,承業醫,35,9,26,凱基-虎尾,2023-10-27,9236
0056,元大高股息,24,0,24,凱基-虎尾,2023-10-27,9236
2390,云辰,27,4,23,凱基-虎尾,2023-10-27,9236
00715L,期街口布蘭特正2,22,0,22,凱基-虎尾,2023-10-27,9236
1504,東元,21,0,21,凱基-虎尾,2023-10-27,9236
3059,華晶科,20,0,20,凱基-虎尾,2023-10-27,9236
5460,同協,24,5,19,凱基-虎尾,2023-10-27,9236
00923,群益台ESG低碳50,15,0,15,凱基-虎尾,2023-10-27,9236
3234,光環,16,1,15,凱基-虎尾,2023-10-27,9236
00878,國泰永續高股息,15,0,15,凱基-虎尾,2023-10-27,9236
4123,晟德,14,0,14,凱基-虎尾,2023-10-27,9236
2201,裕隆,14,1,13,凱基-虎尾,2023-10-27,9236
3363,上詮,15,2,13,凱基-虎尾,2023-10-27,9236
8240,華宏,14,1,13,凱基-虎尾,2023-10-27,9236
1795,美時,18,6,12,凱基-虎尾,2023-10-27,9236
6188,廣明,12,0,12,凱基-虎尾,2023-10-27,9236
2317,鴻海,12,1,11,凱基-虎尾,2023-10-27,9236
2408,南亞科,16,5,11,凱基-虎尾,2023-10-27,9236
3029,零壹,11,0,11,凱基-虎尾,2023-10-27,9236
6282,康舒,11,0,11,凱基-虎尾,2023-10-27,9236
1303,南亞,10,0,10,凱基-虎尾,2023-10-27,9236
00687B,國泰20年美債,10,0,10,凱基-虎尾,2023-10-27,9236
00932,兆豐永續高息等權,10,0,10,凱基-虎尾,2023-10-27,9236
2337,旺宏,10,0,10,凱基-虎尾,2023-10-27,9236
4147,中裕,10,0,10,凱基-虎尾,2023-10-27,9236
4960,誠美材,22,12,10,凱基-虎尾,2023-10-27,9236
6276,安鈦克,19,9,10,凱基-虎尾,2023-10-27,9236
00919,群益台灣精選高息,10,1,9,凱基-虎尾,2023-10-27,9236
3437,榮創,16,7,9,凱基-虎尾,2023-10-27,9236
3287,廣寰科,10,2,8,凱基-虎尾,2023-10-27,9236
3715,定穎投控,53,45,8,凱基-虎尾,2023-10-27,9236
4160,訊聯基因,8,0,8,凱基-虎尾,2023-10-27,9236
2892,第一金,7,0,7,凱基-虎尾,2023-10-27,9236
2816,旺旺保,7,0,7,凱基-虎尾,2023-10-27,9236
3051,力特,7,0,7,凱基-虎尾,2023-10-27,9236
8044,網家,7,0,7,凱基-虎尾,2023-10-27,9236
8210,勤誠,7,0,7,凱基-虎尾,2023-10-27,9236
1815,富喬,133,1,132,凱基-虎尾,2023-10-30,9236
2317,鴻海,5423,5306,117,凱基-虎尾,2023-10-30,9236
3122,笙泉,64,6,58,凱基-虎尾,2023-10-30,9236
00929,復華台灣科技優息,56,14,42,凱基-虎尾,2023-10-30,9236
2618,長榮航,40,0,40,凱基-虎尾,2023-10-30,9236
6168,宏齊,43,4,39,凱基-虎尾,2023-10-30,9236
6770,力積電,31,0,31,凱基-虎尾,2023-10-30,9236
3576,聯合再生,32,2,30,凱基-虎尾,2023-10-30,9236
2388,威盛,28,2,26,凱基-虎尾,2023-10-30,9236
2344,華邦電,25,0,25,凱基-虎尾,2023-10-30,9236
3372,典範,23,0,23,凱基-虎尾,2023-10-30,9236
2406,國碩,22,0,22,凱基-虎尾,2023-10-30,9236
2887,台新金,19,0,19,凱基-虎尾,2023-10-30,9236
3231,緯創,23,5,18,凱基-虎尾,2023-10-30,9236
3322,建舜電,18,0,18,凱基-虎尾,2023-10-30,9236
00712,復華富時不動產,17,0,17,凱基-虎尾,2023-10-30,9236
1303,南亞,15,0,15,凱基-虎尾,2023-10-30,9236
2427,三商電,38,23,15,凱基-虎尾,2023-10-30,9236
4960,誠美材,20,5,15,凱基-虎尾,2023-10-30,9236
2458,義隆,27,13,14,凱基-虎尾,2023-10-30,9236
2486,一詮,14,1,13,凱基-虎尾,2023-10-30,9236
2337,旺宏,12,0,12,凱基-虎尾,2023-10-30,9236
2313,華通,12,0,12,凱基-虎尾,2023-10-30,9236
2409,友達,11,0,11,凱基-虎尾,2023-10-30,9236
1504,東元,10,0,10,凱基-虎尾,2023-10-30,9236
00680L,元大美債20正2,10,0,10,凱基-虎尾,2023-10-30,9236
2314,台揚,10,0,10,凱基-虎尾,2023-10-30,9236
2354,鴻準,10,0,10,凱基-虎尾,2023-10-30,9236
3051,力特,10,0,10,凱基-虎尾,2023-10-30,9236
6216,居易,13,3,10,凱基-虎尾,2023-10-30,9236
8088,品安,13,3,10,凱基-虎尾,2023-10-30,9236
2308,台達電,8,0,8,凱基-虎尾,2023-10-30,9236
2834,臺企銀,20,12,8,凱基-虎尾,2023-10-30,9236
8054,安國,19,11,8,凱基-虎尾,2023-10-30,9236
2356,英業達,11,4,7,凱基-虎尾,2023-10-30,9236
00919,群益台灣精選高息,12,5,7,凱基-虎尾,2023-10-30,9236
3317,尼克森,7,0,7,凱基-虎尾,2023-10-30,9236
6243,迅杰,7,0,7,凱基-虎尾,2023-10-30,9236
4973,廣穎,8,1,7,凱基-虎尾,2023-10-30,9236
2890,永豐金,6,0,6,凱基-虎尾,2023-10-30,9236
2401,凌陽,6,0,6,凱基-虎尾,2023-10-30,9236
2615,萬海,10,4,6,凱基-虎尾,2023-10-30,9236
8081,致新,6,0,6,凱基-虎尾,2023-10-30,9236
2606,裕民,13,8,5,凱基-虎尾,2023-10-30,9236
2705,六福,5,0,5,凱基-虎尾,2023-10-30,9236
4105,東洋,6,1,5,凱基-虎尾,2023-10-30,9236
4934,太極,6,1,5,凱基-虎尾,2023-10-30,9236
4976,佳凌,5,0,5,凱基-虎尾,2023-10-30,9236
6115,鎰勝,5,0,5,凱基-虎尾,2023-10-30,9236
6176,瑞儀,5,0,5,凱基-虎尾,2023-10-30,9236
2367,燿華,304,2,302,凱基-虎尾,2023-10-31,9236
2618,長榮航,69,25,44,凱基-虎尾,2023-10-31,9236
1524,耿鼎,35,4,31,凱基-虎尾,2023-10-31,9236
00929,復華台灣科技優息,40,14,26,凱基-虎尾,2023-10-31,9236
2317,鴻海,49,24,25,凱基-虎尾,2023-10-31,9236
00679B,元大美債20年,25,1,24,凱基-虎尾,2023-10-31,9236
3481,群創,23,2,21,凱基-虎尾,2023-10-31,9236
00715L,期街口布蘭特正2,20,0,20,凱基-虎尾,2023-10-31,9236
00878,國泰永續高股息,23,6,17,凱基-虎尾,2023-10-31,9236
2363,矽統,16,1,15,凱基-虎尾,2023-10-31,9236
2882,國泰金,15,0,15,凱基-虎尾,2023-10-31,9236
4561,健椿,13,0,13,凱基-虎尾,2023-10-31,9236
1605,華新,19,6,13,凱基-虎尾,2023-10-31,9236
00923,群益台ESG低碳50,13,0,13,凱基-虎尾,2023-10-31,9236
00720B,元大投資級公司債,14,2,12,凱基-虎尾,2023-10-31,9236
3033,威健,12,0,12,凱基-虎尾,2023-10-31,9236
2867,三商壽,12,0,12,凱基-虎尾,2023-10-31,9236
1504,東元,11,0,11,凱基-虎尾,2023-10-31,9236
3078,僑威,10,0,10,凱基-虎尾,2023-10-31,9236
00669R,國泰美國道瓊反1,10,0,10,凱基-虎尾,2023-10-31,9236
1731,美吾華,11,1,10,凱基-虎尾,2023-10-31,9236
2881,富邦金,10,0,10,凱基-虎尾,2023-10-31,9236
5465,富驊,10,0,10,凱基-虎尾,2023-10-31,9236
6136,富爾特,10,0,10,凱基-虎尾,2023-10-31,9236
6216,居易,11,1,10,凱基-虎尾,2023-10-31,9236
00905,FT臺灣Smart,9,0,9,凱基-虎尾,2023-10-31,9236
2834,臺企銀,10,1,9,凱基-虎尾,2023-10-31,9236
8210,勤誠,9,0,9,凱基-虎尾,2023-10-31,9236
00673R,期元大S＆P原油反1,8,0,8,凱基-虎尾,2023-10-31,9236
6492,生華科,9,1,8,凱基-虎尾,2023-10-31,9236
2308,台達電,14,7,7,凱基-虎尾,2023-10-31,9236
00885,富邦越南,7,0,7,凱基-虎尾,2023-10-31,9236
2388,威盛,15,8,7,凱基-虎尾,2023-10-31,9236
6113,亞矽,103,96,7,凱基-虎尾,2023-10-31,9236
1301,台塑,6,0,6,凱基-虎尾,2023-10-31,9236
8358,金居,8,2,6,凱基-虎尾,2023-10-31,9236
1519,華城,10,4,6,凱基-虎尾,2023-10-31,9236
00920,富邦ESG綠色電力,6,0,6,凱基-虎尾,2023-10-31,9236
1710,東聯,6,0,6,凱基-虎尾,2023-10-31,9236
3176,基亞,21,15,6,凱基-虎尾,2023-10-31,9236
2382,廣達,45,39,6,凱基-虎尾,2023-10-31,9236
00922,國泰台灣領袖50,6,0,6,凱基-虎尾,2023-10-31,9236
00639,富邦深100,5,0,5,凱基-虎尾,2023-10-31,9236
2301,光寶科,46,41,5,凱基-虎尾,2023-10-31,9236
2539,櫻花建,5,0,5,凱基-虎尾,2023-10-31,9236
3013,晟銘電,7,2,5,凱基-虎尾,2023-10-31,9236
6161,捷波,5,0,5,凱基-虎尾,2023-10-31,9236
00751B,元大AAA至A公司債,4,0,4,凱基-虎尾,2023-10-31,9236
2305,全友,5,1,4,凱基-虎尾,2023-10-31,9236
2605,新興,5,1,4,凱基-虎尾,2023-10-31,9236
00929,復華台灣科技優息,84,1,83,凱基-虎尾,2023-11-01,9236
2610,華航,55,0,55,凱基-虎尾,2023-11-01,9236
2816,旺旺保,43,0,43,凱基-虎尾,2023-11-01,9236
1815,富喬,42,0,42,凱基-虎尾,2023-11-01,9236
2317,鴻海,37,1,36,凱基-虎尾,2023-11-01,9236
00679B,元大美債20年,56,20,36,凱基-虎尾,2023-11-01,9236
6113,亞矽,22,0,22,凱基-虎尾,2023-11-01,9236
00720B,元大投資級公司債,20,0,20,凱基-虎尾,2023-11-01,9236
00665L,富邦�琤肭磪囓�2,20,0,20,凱基-虎尾,2023-11-01,9236
5258,虹堡,20,0,20,凱基-虎尾,2023-11-01,9236
5512,力麒,20,0,20,凱基-虎尾,2023-11-01,9236
6125,廣運,20,0,20,凱基-虎尾,2023-11-01,9236
00878,國泰永續高股息,20,0,20,凱基-虎尾,2023-11-01,9236
3322,建舜電,18,0,18,凱基-虎尾,2023-11-01,9236
00687B,國泰20年美債,16,0,16,凱基-虎尾,2023-11-01,9236
2369,菱生,16,0,16,凱基-虎尾,2023-11-01,9236
5521,工信,18,3,15,凱基-虎尾,2023-11-01,9236
2303,聯電,18,3,15,凱基-虎尾,2023-11-01,9236
00885,富邦越南,14,0,14,凱基-虎尾,2023-11-01,9236
2324,仁寶,14,1,13,凱基-虎尾,2023-11-01,9236
1721,三晃,13,0,13,凱基-虎尾,2023-11-01,9236
3672,康聯訊,12,0,12,凱基-虎尾,2023-11-01,9236
00934,中信成長高股息,52,41,11,凱基-虎尾,2023-11-01,9236
2485,兆赫,12,1,11,凱基-虎尾,2023-11-01,9236
5351,鈺創,11,0,11,凱基-虎尾,2023-11-01,9236
00680L,元大美債20正2,10,0,10,凱基-虎尾,2023-11-01,9236
00715L,期街口布蘭特正2,12,2,10,凱基-虎尾,2023-11-01,9236
00935,野村臺灣新科技50,10,0,10,凱基-虎尾,2023-11-01,9236
1905,華紙,10,0,10,凱基-虎尾,2023-11-01,9236
3576,聯合再生,10,0,10,凱基-虎尾,2023-11-01,9236
6216,居易,10,0,10,凱基-虎尾,2023-11-01,9236
9928,中視,10,0,10,凱基-虎尾,2023-11-01,9236
4561,健椿,9,0,9,凱基-虎尾,2023-11-01,9236
3715,定穎投控,56,48,8,凱基-虎尾,2023-11-01,9236
2352,佳世達,8,0,8,凱基-虎尾,2023-11-01,9236
8044,網家,10,2,8,凱基-虎尾,2023-11-01,9236
3006,晶豪科,10,2,8,凱基-虎尾,2023-11-01,9236
1101,台泥,7,0,7,凱基-虎尾,2023-11-01,9236
2327,國巨,7,0,7,凱基-虎尾,2023-11-01,9236
2401,凌陽,8,1,7,凱基-虎尾,2023-11-01,9236
2543,皇昌,7,0,7,凱基-虎尾,2023-11-01,9236
3380,明泰,10,3,7,凱基-虎尾,2023-11-01,9236
4915,致伸,10,3,7,凱基-虎尾,2023-11-01,9236
5312,寶島科,7,0,7,凱基-虎尾,2023-11-01,9236
3231,緯創,12,5,7,凱基-虎尾,2023-11-01,9236
00933B,國泰10Y+金融債,6,0,6,凱基-虎尾,2023-11-01,9236
3094,聯傑,10,4,6,凱基-虎尾,2023-11-01,9236
3189,景碩,6,0,6,凱基-虎尾,2023-11-01,9236
4188,安克,6,0,6,凱基-虎尾,2023-11-01,9236
8432,東生華,6,0,6,凱基-虎尾,2023-11-01,9236
2363,矽統,84,14,70,凱基-虎尾,2023-11-02,9236
3036,文曄,58,0,58,凱基-虎尾,2023-11-02,9236
2465,麗臺,57,0,57,凱基-虎尾,2023-11-02,9236
3615,安可,57,0,57,凱基-虎尾,2023-11-02,9236
1815,富喬,116,71,45,凱基-虎尾,2023-11-02,9236
2358,廷鑫,31,0,31,凱基-虎尾,2023-11-02,9236
00632R,元大台灣50反1,30,0,30,凱基-虎尾,2023-11-02,9236
2409,友達,39,13,26,凱基-虎尾,2023-11-02,9236
6116,彩晶,30,5,25,凱基-虎尾,2023-11-02,9236
1217,愛之味,24,0,24,凱基-虎尾,2023-11-02,9236
0050,元大台灣50,26,4,22,凱基-虎尾,2023-11-02,9236
2427,三商電,71,50,21,凱基-虎尾,2023-11-02,9236
8110,華東,21,0,21,凱基-虎尾,2023-11-02,9236
3078,僑威,21,0,21,凱基-虎尾,2023-11-02,9236
1605,華新,40,21,19,凱基-虎尾,2023-11-02,9236
4958,臻鼎-KY,18,0,18,凱基-虎尾,2023-11-02,9236
6530,創威,16,0,16,凱基-虎尾,2023-11-02,9236
8088,品安,16,0,16,凱基-虎尾,2023-11-02,9236
6496,科懋,15,0,15,凱基-虎尾,2023-11-02,9236
2458,義隆,15,1,14,凱基-虎尾,2023-11-02,9236
6139,亞翔,22,8,14,凱基-虎尾,2023-11-02,9236
00934,中信成長高股息,28,15,13,凱基-虎尾,2023-11-02,9236
3176,基亞,14,1,13,凱基-虎尾,2023-11-02,9236
6168,宏齊,14,1,13,凱基-虎尾,2023-11-02,9236
2486,一詮,15,3,12,凱基-虎尾,2023-11-02,9236
2634,漢翔,23,11,12,凱基-虎尾,2023-11-02,9236
1568,倉佑,13,2,11,凱基-虎尾,2023-11-02,9236
1522,堤維西,11,0,11,凱基-虎尾,2023-11-02,9236
3260,威剛,17,6,11,凱基-虎尾,2023-11-02,9236
00669R,國泰美國道瓊反1,10,0,10,凱基-虎尾,2023-11-02,9236
3356,奇偶,10,0,10,凱基-虎尾,2023-11-02,9236
6284,佳邦,12,3,9,凱基-虎尾,2023-11-02,9236
8054,安國,25,16,9,凱基-虎尾,2023-11-02,9236
2337,旺宏,14,6,8,凱基-虎尾,2023-11-02,9236
00712,復華富時不動產,10,2,8,凱基-虎尾,2023-11-02,9236
00664R,國泰臺灣加權反1,8,0,8,凱基-虎尾,2023-11-02,9236
2338,光罩,8,0,8,凱基-虎尾,2023-11-02,9236
3545,敦泰,8,0,8,凱基-虎尾,2023-11-02,9236
6120,達運,8,0,8,凱基-虎尾,2023-11-02,9236
6257,矽格,10,2,8,凱基-虎尾,2023-11-02,9236
6732,昇佳電子,9,1,8,凱基-虎尾,2023-11-02,9236
6111,大宇資,7,0,7,凱基-虎尾,2023-11-02,9236
2353,宏��,7,0,7,凱基-虎尾,2023-11-02,9236
2388,威盛,22,15,7,凱基-虎尾,2023-11-02,9236
3305,昇貿,9,2,7,凱基-虎尾,2023-11-02,9236
3576,聯合再生,12,5,7,凱基-虎尾,2023-11-02,9236
5439,高技,7,0,7,凱基-虎尾,2023-11-02,9236
6173,信昌電,7,0,7,凱基-虎尾,2023-11-02,9236
2317,鴻海,8,1,7,凱基-虎尾,2023-11-02,9236
2314,台揚,6,0,6,凱基-虎尾,2023-11-02,9236
2363,矽統,102,40,62,凱基-虎尾,2023-11-03,9236
6806,森崴能源,50,2,48,凱基-虎尾,2023-11-03,9236
00712,復華富時不動產,31,0,31,凱基-虎尾,2023-11-03,9236
6496,科懋,30,0,30,凱基-虎尾,2023-11-03,9236
1524,耿鼎,36,7,29,凱基-虎尾,2023-11-03,9236
00929,復華台灣科技優息,30,4,26,凱基-虎尾,2023-11-03,9236
2748,雲品,25,5,20,凱基-虎尾,2023-11-03,9236
6112,邁達特,20,1,19,凱基-虎尾,2023-11-03,9236
3231,緯創,44,27,17,凱基-虎尾,2023-11-03,9236
00669R,國泰美國道瓊反1,15,0,15,凱基-虎尾,2023-11-03,9236
5355,佳總,15,0,15,凱基-虎尾,2023-11-03,9236
2317,鴻海,115,100,15,凱基-虎尾,2023-11-03,9236
3444,利機,15,3,12,凱基-虎尾,2023-11-03,9236
00687B,國泰20年美債,11,1,10,凱基-虎尾,2023-11-03,9236
00632R,元大台灣50反1,10,0,10,凱基-虎尾,2023-11-03,9236
00753L,中信中國50正2,10,0,10,凱基-虎尾,2023-11-03,9236
1605,華新,50,40,10,凱基-虎尾,2023-11-03,9236
2881,富邦金,10,0,10,凱基-虎尾,2023-11-03,9236
3704,合勤控,15,6,9,凱基-虎尾,2023-11-03,9236
2453,凌群,11,2,9,凱基-虎尾,2023-11-03,9236
3013,晟銘電,12,3,9,凱基-虎尾,2023-11-03,9236
2498,宏達電,13,5,8,凱基-虎尾,2023-11-03,9236
6220,岳豐,8,0,8,凱基-虎尾,2023-11-03,9236
2485,兆赫,7,0,7,凱基-虎尾,2023-11-03,9236
2515,中工,70,63,7,凱基-虎尾,2023-11-03,9236
00923,群益台ESG低碳50,6,0,6,凱基-虎尾,2023-11-03,9236
6117,迎廣,6,0,6,凱基-虎尾,2023-11-03,9236
00715L,期街口布蘭特正2,5,0,5,凱基-虎尾,2023-11-03,9236
00664R,國泰臺灣加權反1,5,0,5,凱基-虎尾,2023-11-03,9236
00639,富邦深100,5,0,5,凱基-虎尾,2023-11-03,9236
1810,和成,5,0,5,凱基-虎尾,2023-11-03,9236
2028,威致,5,0,5,凱基-虎尾,2023-11-03,9236
2390,云辰,5,0,5,凱基-虎尾,2023-11-03,9236
2816,旺旺保,7,2,5,凱基-虎尾,2023-11-03,9236
4164,承業醫,5,0,5,凱基-虎尾,2023-11-03,9236
5009,榮剛,5,0,5,凱基-虎尾,2023-11-03,9236
5607,遠雄港,5,0,5,凱基-虎尾,2023-11-03,9236
6530,創威,5,0,5,凱基-虎尾,2023-11-03,9236
8105,凌巨,5,0,5,凱基-虎尾,2023-11-03,9236
1802,台玻,5,1,4,凱基-虎尾,2023-11-03,9236
2482,連宇,5,1,4,凱基-虎尾,2023-11-03,9236
3147,大綜,4,0,4,凱基-虎尾,2023-11-03,9236
3290,東浦,6,2,4,凱基-虎尾,2023-11-03,9236
6538,倉和,11,7,4,凱基-虎尾,2023-11-03,9236
6767,台微醫,4,0,4,凱基-虎尾,2023-11-03,9236
8033,雷虎,4,0,4,凱基-虎尾,2023-11-03,9236
2809,京城銀,3,0,3,凱基-虎尾,2023-11-03,9236
2029,盛餘,3,0,3,凱基-虎尾,2023-11-03,9236
1560,中砂,7,4,3,凱基-虎尾,2023-11-03,9236
3325,旭品,4,1,3,凱基-虎尾,2023-11-03,9236
3443,創意,100,8,92,凱基-虎尾,2023-11-06,9236
3052,夆典,60,0,60,凱基-虎尾,2023-11-06,9236
3615,安可,51,0,51,凱基-虎尾,2023-11-06,9236
2915,潤泰全,50,0,50,凱基-虎尾,2023-11-06,9236
3105,穩懋,225,180,45,凱基-虎尾,2023-11-06,9236
8110,華東,41,0,41,凱基-虎尾,2023-11-06,9236
00632R,元大台灣50反1,40,0,40,凱基-虎尾,2023-11-06,9236
6530,創威,40,0,40,凱基-虎尾,2023-11-06,9236
6133,金橋,27,0,27,凱基-虎尾,2023-11-06,9236
2401,凌陽,27,3,24,凱基-虎尾,2023-11-06,9236
2363,矽統,85,62,23,凱基-虎尾,2023-11-06,9236
00720B,元大投資級公司債,22,0,22,凱基-虎尾,2023-11-06,9236
2369,菱生,22,0,22,凱基-虎尾,2023-11-06,9236
2465,麗臺,22,1,21,凱基-虎尾,2023-11-06,9236
8176,智捷,21,0,21,凱基-虎尾,2023-11-06,9236
1785,光洋科,168,149,19,凱基-虎尾,2023-11-06,9236
1449,佳和,24,7,17,凱基-虎尾,2023-11-06,9236
1584,精剛,62,45,17,凱基-虎尾,2023-11-06,9236
6282,康舒,18,1,17,凱基-虎尾,2023-11-06,9236
4908,前鼎,23,6,17,凱基-虎尾,2023-11-06,9236
2359,所羅門,16,0,16,凱基-虎尾,2023-11-06,9236
2371,大同,18,2,16,凱基-虎尾,2023-11-06,9236
00753L,中信中國50正2,25,10,15,凱基-虎尾,2023-11-06,9236
00680L,元大美債20正2,15,1,14,凱基-虎尾,2023-11-06,9236
1609,大亞,19,5,14,凱基-虎尾,2023-11-06,9236
2492,華新科,17,3,14,凱基-虎尾,2023-11-06,9236
3051,力特,13,0,13,凱基-虎尾,2023-11-06,9236
2417,圓剛,11,0,11,凱基-虎尾,2023-11-06,9236
4128,中天,15,4,11,凱基-虎尾,2023-11-06,9236
4162,智擎,13,2,11,凱基-虎尾,2023-11-06,9236
8044,網家,11,0,11,凱基-虎尾,2023-11-06,9236
00924,復華S＆P500成長,10,0,10,凱基-虎尾,2023-11-06,9236
1815,富喬,60,50,10,凱基-虎尾,2023-11-06,9236
2201,裕隆,10,0,10,凱基-虎尾,2023-11-06,9236
2324,仁寶,14,4,10,凱基-虎尾,2023-11-06,9236
2885,元大金,10,0,10,凱基-虎尾,2023-11-06,9236
3058,立德,10,0,10,凱基-虎尾,2023-11-06,9236
4915,致伸,10,0,10,凱基-虎尾,2023-11-06,9236
6112,邁達特,10,0,10,凱基-虎尾,2023-11-06,9236
6188,廣明,10,0,10,凱基-虎尾,2023-11-06,9236
8105,凌巨,10,0,10,凱基-虎尾,2023-11-06,9236
8358,金居,10,0,10,凱基-虎尾,2023-11-06,9236
2485,兆赫,15,6,9,凱基-虎尾,2023-11-06,9236
2913,農林,9,0,9,凱基-虎尾,2023-11-06,9236
6117,迎廣,15,6,9,凱基-虎尾,2023-11-06,9236
6213,聯茂,9,0,9,凱基-虎尾,2023-11-06,9236
9950,萬國通,10,1,9,凱基-虎尾,2023-11-06,9236
6191,精成科,8,0,8,凱基-虎尾,2023-11-06,9236
2337,旺宏,11,3,8,凱基-虎尾,2023-11-06,9236
3036,文曄,12,4,8,凱基-虎尾,2023-11-06,9236
2355,敬鵬,141,12,129,凱基-虎尾,2023-11-07,9236
00929,復華台灣科技優息,108,10,98,凱基-虎尾,2023-11-07,9236
00878,國泰永續高股息,83,0,83,凱基-虎尾,2023-11-07,9236
2618,長榮航,84,10,74,凱基-虎尾,2023-11-07,9236
1605,華新,78,22,56,凱基-虎尾,2023-11-07,9236
00673R,期元大S＆P原油反1,48,0,48,凱基-虎尾,2023-11-07,9236
1101,台泥,36,0,36,凱基-虎尾,2023-11-07,9236
2883,凱基金,30,3,27,凱基-虎尾,2023-11-07,9236
2516,新建,25,0,25,凱基-虎尾,2023-11-07,9236
6733,博晟生醫,25,3,22,凱基-虎尾,2023-11-07,9236
1789,神隆,15,0,15,凱基-虎尾,2023-11-07,9236
2543,皇昌,15,0,15,凱基-虎尾,2023-11-07,9236
3234,光環,16,1,15,凱基-虎尾,2023-11-07,9236
6531,愛普*,15,0,15,凱基-虎尾,2023-11-07,9236
3623,富晶通,15,1,14,凱基-虎尾,2023-11-07,9236
4188,安克,13,0,13,凱基-虎尾,2023-11-07,9236
2337,旺宏,12,0,12,凱基-虎尾,2023-11-07,9236
4105,東洋,16,4,12,凱基-虎尾,2023-11-07,9236
00934,中信成長高股息,11,0,11,凱基-虎尾,2023-11-07,9236
2376,技嘉,15,4,11,凱基-虎尾,2023-11-07,9236
3704,合勤控,12,2,10,凱基-虎尾,2023-11-07,9236
4142,國光生,10,0,10,凱基-虎尾,2023-11-07,9236
5426,振發,10,0,10,凱基-虎尾,2023-11-07,9236
9902,台火,10,0,10,凱基-虎尾,2023-11-07,9236
2515,中工,48,39,9,凱基-虎尾,2023-11-07,9236
5312,寶島科,9,0,9,凱基-虎尾,2023-11-07,9236
2390,云辰,8,0,8,凱基-虎尾,2023-11-07,9236
5439,高技,8,0,8,凱基-虎尾,2023-11-07,9236
6290,良維,16,8,8,凱基-虎尾,2023-11-07,9236
6719,力智,18,10,8,凱基-虎尾,2023-11-07,9236
2488,漢平,8,0,8,凱基-虎尾,2023-11-07,9236
1721,三晃,7,0,7,凱基-虎尾,2023-11-07,9236
1795,美時,10,3,7,凱基-虎尾,2023-11-07,9236
2354,鴻準,9,2,7,凱基-虎尾,2023-11-07,9236
2634,漢翔,7,0,7,凱基-虎尾,2023-11-07,9236
6530,創威,11,4,7,凱基-虎尾,2023-11-07,9236
2388,威盛,9,2,7,凱基-虎尾,2023-11-07,9236
00712,復華富時不動產,5,0,5,凱基-虎尾,2023-11-07,9236
2317,鴻海,5,0,5,凱基-虎尾,2023-11-07,9236
1319,東陽,5,0,5,凱基-虎尾,2023-11-07,9236
00888,永豐台灣ESG,5,0,5,凱基-虎尾,2023-11-07,9236
3094,聯傑,6,1,5,凱基-虎尾,2023-11-07,9236
3152,璟德,6,1,5,凱基-虎尾,2023-11-07,9236
3673,TPK-KY,5,0,5,凱基-虎尾,2023-11-07,9236
4130,健亞,5,0,5,凱基-虎尾,2023-11-07,9236
5301,寶得利,7,2,5,凱基-虎尾,2023-11-07,9236
5465,富驊,5,0,5,凱基-虎尾,2023-11-07,9236
6114,久威,5,0,5,凱基-虎尾,2023-11-07,9236
6233,旺玖,5,0,5,凱基-虎尾,2023-11-07,9236
6257,矽格,5,0,5,凱基-虎尾,2023-11-07,9236
00715L,期街口布蘭特正2,58,5,53,凱基-虎尾,2023-11-08,9236
2618,長榮航,108,55,53,凱基-虎尾,2023-11-08,9236
1515,力山,32,1,31,凱基-虎尾,2023-11-08,9236
6933,AMAX-KY,31,0,31,凱基-虎尾,2023-11-08,9236
3078,僑威,31,1,30,凱基-虎尾,2023-11-08,9236
1815,富喬,31,1,30,凱基-虎尾,2023-11-08,9236
6282,康舒,30,1,29,凱基-虎尾,2023-11-08,9236
1519,華城,28,0,28,凱基-虎尾,2023-11-08,9236
00936,台新永續高息中小,66,38,28,凱基-虎尾,2023-11-08,9236
4561,健椿,26,0,26,凱基-虎尾,2023-11-08,9236
1324,地球,28,5,23,凱基-虎尾,2023-11-08,9236
8093,保銳,27,4,23,凱基-虎尾,2023-11-08,9236
00631L,元大台灣50正2,22,0,22,凱基-虎尾,2023-11-08,9236
2331,精英,22,0,22,凱基-虎尾,2023-11-08,9236
3122,笙泉,27,5,22,凱基-虎尾,2023-11-08,9236
3231,緯創,1681,1661,20,凱基-虎尾,2023-11-08,9236
2486,一詮,25,5,20,凱基-虎尾,2023-11-08,9236
2392,正崴,18,0,18,凱基-虎尾,2023-11-08,9236
3481,群創,22,5,17,凱基-虎尾,2023-11-08,9236
3013,晟銘電,32,15,17,凱基-虎尾,2023-11-08,9236
3035,智原,20,4,16,凱基-虎尾,2023-11-08,9236
2462,良得電,19,4,15,凱基-虎尾,2023-11-08,9236
3276,宇環,14,0,14,凱基-虎尾,2023-11-08,9236
2353,宏��,14,2,12,凱基-虎尾,2023-11-08,9236
2498,宏達電,15,3,12,凱基-虎尾,2023-11-08,9236
6496,科懋,12,0,12,凱基-虎尾,2023-11-08,9236
00929,復華台灣科技優息,28,17,11,凱基-虎尾,2023-11-08,9236
1785,光洋科,12,1,11,凱基-虎尾,2023-11-08,9236
2617,台航,11,0,11,凱基-虎尾,2023-11-08,9236
2606,裕民,10,0,10,凱基-虎尾,2023-11-08,9236
2421,建準,15,5,10,凱基-虎尾,2023-11-08,9236
4746,台耀,10,0,10,凱基-虎尾,2023-11-08,9236
6274,台燿,11,1,10,凱基-虎尾,2023-11-08,9236
2329,華泰,47,38,9,凱基-虎尾,2023-11-08,9236
3005,神基,8,1,7,凱基-虎尾,2023-11-08,9236
3362,先進光,7,0,7,凱基-虎尾,2023-11-08,9236
3708,上緯投控,7,0,7,凱基-虎尾,2023-11-08,9236
8942,森鉅,7,0,7,凱基-虎尾,2023-11-08,9236
9958,世紀鋼,7,0,7,凱基-虎尾,2023-11-08,9236
3228,金麗科,7,0,7,凱基-虎尾,2023-11-08,9236
2204,中華,8,1,7,凱基-虎尾,2023-11-08,9236
2002,中鋼,6,0,6,凱基-虎尾,2023-11-08,9236
2368,金像電,7,1,6,凱基-虎尾,2023-11-08,9236
1609,大亞,6,0,6,凱基-虎尾,2023-11-08,9236
00680L,元大美債20正2,6,0,6,凱基-虎尾,2023-11-08,9236
2425,承啟,6,0,6,凱基-虎尾,2023-11-08,9236
3049,精金,6,0,6,凱基-虎尾,2023-11-08,9236
3152,璟德,6,0,6,凱基-虎尾,2023-11-08,9236
3715,定穎投控,9,3,6,凱基-虎尾,2023-11-08,9236
4915,致伸,6,0,6,凱基-虎尾,2023-11-08,9236
2618,長榮航,95,3,92,凱基-虎尾,2023-11-09,9236
1584,精剛,58,1,57,凱基-虎尾,2023-11-09,9236
2465,麗臺,63,6,57,凱基-虎尾,2023-11-09,9236
00882,中信中國高股息,53,0,53,凱基-虎尾,2023-11-09,9236
00673R,期元大S＆P原油反1,50,0,50,凱基-虎尾,2023-11-09,9236
2455,全新,31,1,30,凱基-虎尾,2023-11-09,9236
6530,創威,40,13,27,凱基-虎尾,2023-11-09,9236
00919,群益台灣精選高息,29,3,26,凱基-虎尾,2023-11-09,9236
9919,康那香,25,0,25,凱基-虎尾,2023-11-09,9236
00878,國泰永續高股息,24,1,23,凱基-虎尾,2023-11-09,9236
2634,漢翔,25,2,23,凱基-虎尾,2023-11-09,9236
6282,康舒,41,20,21,凱基-虎尾,2023-11-09,9236
00687B,國泰20年美債,20,0,20,凱基-虎尾,2023-11-09,9236
00715L,期街口布蘭特正2,19,0,19,凱基-虎尾,2023-11-09,9236
1515,力山,19,1,18,凱基-虎尾,2023-11-09,9236
2337,旺宏,18,0,18,凱基-虎尾,2023-11-09,9236
6496,科懋,18,0,18,凱基-虎尾,2023-11-09,9236
00929,復華台灣科技優息,68,52,16,凱基-虎尾,2023-11-09,9236
8011,台通,17,2,15,凱基-虎尾,2023-11-09,9236
8436,大江,15,0,15,凱基-虎尾,2023-11-09,9236
3481,群創,26,12,14,凱基-虎尾,2023-11-09,9236
3105,穩懋,16,2,14,凱基-虎尾,2023-11-09,9236
1314,中石化,12,0,12,凱基-虎尾,2023-11-09,9236
4934,太極,12,0,12,凱基-虎尾,2023-11-09,9236
8111,立��,12,0,12,凱基-虎尾,2023-11-09,9236
5521,工信,12,1,11,凱基-虎尾,2023-11-09,9236
6150,撼訊,18,8,10,凱基-虎尾,2023-11-09,9236
1514,亞力,16,6,10,凱基-虎尾,2023-11-09,9236
1605,華新,50,40,10,凱基-虎尾,2023-11-09,9236
5386,青雲,11,1,10,凱基-虎尾,2023-11-09,9236
3228,金麗科,8,0,8,凱基-虎尾,2023-11-09,9236
2317,鴻海,15,8,7,凱基-虎尾,2023-11-09,9236
2323,中環,7,0,7,凱基-虎尾,2023-11-09,9236
3024,憶聲,7,0,7,凱基-虎尾,2023-11-09,9236
3122,笙泉,56,49,7,凱基-虎尾,2023-11-09,9236
2809,京城銀,6,0,6,凱基-虎尾,2023-11-09,9236
1815,富喬,9,3,6,凱基-虎尾,2023-11-09,9236
2250,IKKA-KY,9,3,6,凱基-虎尾,2023-11-09,9236
2331,精英,8,2,6,凱基-虎尾,2023-11-09,9236
2515,中工,26,20,6,凱基-虎尾,2023-11-09,9236
2610,華航,8,2,6,凱基-虎尾,2023-11-09,9236
3622,洋華,6,0,6,凱基-虎尾,2023-11-09,9236
3704,合勤控,6,0,6,凱基-虎尾,2023-11-09,9236
6733,博晟生醫,6,0,6,凱基-虎尾,2023-11-09,9236
00888,永豐台灣ESG,5,0,5,凱基-虎尾,2023-11-09,9236
00928,中信上櫃ESG30,5,0,5,凱基-虎尾,2023-11-09,9236
2312,金寶,5,0,5,凱基-虎尾,2023-11-09,9236
2401,凌陽,5,0,5,凱基-虎尾,2023-11-09,9236
2405,輔信,5,0,5,凱基-虎尾,2023-11-09,9236
3041,揚智,6,1,5,凱基-虎尾,2023-11-09,9236
2313,華通,130,66,64,凱基-虎尾,2023-11-10,9236
6290,良維,59,0,59,凱基-虎尾,2023-11-10,9236
00665L,富邦�琤肭磪囓�2,52,0,52,凱基-虎尾,2023-11-10,9236
6274,台燿,35,0,35,凱基-虎尾,2023-11-10,9236
1519,華城,30,0,30,凱基-虎尾,2023-11-10,9236
00772B,中信高評級公司債,30,0,30,凱基-虎尾,2023-11-10,9236
2464,盟立,22,0,22,凱基-虎尾,2023-11-10,9236
2363,矽統,39,18,21,凱基-虎尾,2023-11-10,9236
3710,連展投控,20,0,20,凱基-虎尾,2023-11-10,9236
00936,台新永續高息中小,17,0,17,凱基-虎尾,2023-11-10,9236
00878,國泰永續高股息,24,12,12,凱基-虎尾,2023-11-10,9236
1504,東元,12,0,12,凱基-虎尾,2023-11-10,9236
2329,華泰,27,15,12,凱基-虎尾,2023-11-10,9236
6213,聯茂,15,3,12,凱基-虎尾,2023-11-10,9236
3362,先進光,19,7,12,凱基-虎尾,2023-11-10,9236
1785,光洋科,11,0,11,凱基-虎尾,2023-11-10,9236
6133,金橋,12,1,11,凱基-虎尾,2023-11-10,9236
00631L,元大台灣50正2,10,0,10,凱基-虎尾,2023-11-10,9236
00888,永豐台灣ESG,10,0,10,凱基-虎尾,2023-11-10,9236
2371,大同,10,0,10,凱基-虎尾,2023-11-10,9236
3356,奇偶,10,0,10,凱基-虎尾,2023-11-10,9236
3374,精材,11,1,10,凱基-虎尾,2023-11-10,9236
4142,國光生,10,0,10,凱基-虎尾,2023-11-10,9236
5608,四維航,10,0,10,凱基-虎尾,2023-11-10,9236
6188,廣明,10,0,10,凱基-虎尾,2023-11-10,9236
00720B,元大投資級公司債,9,0,9,凱基-虎尾,2023-11-10,9236
3041,揚智,9,0,9,凱基-虎尾,2023-11-10,9236
2388,威盛,19,11,8,凱基-虎尾,2023-11-10,9236
2344,華邦電,11,3,8,凱基-虎尾,2023-11-10,9236
2349,錸德,8,0,8,凱基-虎尾,2023-11-10,9236
3312,弘憶股,10,2,8,凱基-虎尾,2023-11-10,9236
6835,圓裕,8,0,8,凱基-虎尾,2023-11-10,9236
00753L,中信中國50正2,7,0,7,凱基-虎尾,2023-11-10,9236
1815,富喬,9,2,7,凱基-虎尾,2023-11-10,9236
2323,中環,7,0,7,凱基-虎尾,2023-11-10,9236
3176,基亞,7,0,7,凱基-虎尾,2023-11-10,9236
5230,雷笛克光學,7,0,7,凱基-虎尾,2023-11-10,9236
5607,遠雄港,7,0,7,凱基-虎尾,2023-11-10,9236
00934,中信成長高股息,7,1,6,凱基-虎尾,2023-11-10,9236
2543,皇昌,9,3,6,凱基-虎尾,2023-11-10,9236
3058,立德,6,0,6,凱基-虎尾,2023-11-10,9236
6806,森崴能源,6,1,5,凱基-虎尾,2023-11-10,9236
1101,台泥,5,0,5,凱基-虎尾,2023-11-10,9236
00928,中信上櫃ESG30,5,0,5,凱基-虎尾,2023-11-10,9236
00925,新光標普電動車,5,0,5,凱基-虎尾,2023-11-10,9236
00921,兆豐龍頭等權重,5,0,5,凱基-虎尾,2023-11-10,9236
00932,兆豐永續高息等權,5,0,5,凱基-虎尾,2023-11-10,9236
1210,大成,5,0,5,凱基-虎尾,2023-11-10,9236
00679B,元大美債20年,5,0,5,凱基-虎尾,2023-11-10,9236
00639,富邦深100,5,0,5,凱基-虎尾,2023-11-10,9236
2618,長榮航,113,7,106,凱基-虎尾,2023-11-13,9236
2883,凱基金,130,60,70,凱基-虎尾,2023-11-13,9236
00679B,元大美債20年,69,0,69,凱基-虎尾,2023-11-13,9236
6290,良維,77,20,57,凱基-虎尾,2023-11-13,9236
3615,安可,50,0,50,凱基-虎尾,2023-11-13,9236
1514,亞力,38,1,37,凱基-虎尾,2023-11-13,9236
00673R,期元大S＆P原油反1,30,0,30,凱基-虎尾,2023-11-13,9236
6282,康舒,55,25,30,凱基-虎尾,2023-11-13,9236
2385,群光,27,1,26,凱基-虎尾,2023-11-13,9236
00680L,元大美債20正2,25,0,25,凱基-虎尾,2023-11-13,9236
00720B,元大投資級公司債,21,0,21,凱基-虎尾,2023-11-13,9236
00733,富邦臺灣中小,20,0,20,凱基-虎尾,2023-11-13,9236
6274,台燿,20,0,20,凱基-虎尾,2023-11-13,9236
3481,群創,19,0,19,凱基-虎尾,2023-11-13,9236
1568,倉佑,16,0,16,凱基-虎尾,2023-11-13,9236
00936,台新永續高息中小,16,0,16,凱基-虎尾,2023-11-13,9236
6150,撼訊,17,1,16,凱基-虎尾,2023-11-13,9236
6213,聯茂,21,6,15,凱基-虎尾,2023-11-13,9236
8105,凌巨,15,0,15,凱基-虎尾,2023-11-13,9236
00631L,元大台灣50正2,23,10,13,凱基-虎尾,2023-11-13,9236
1815,富喬,52,40,12,凱基-虎尾,2023-11-13,9236
2408,南亞科,12,0,12,凱基-虎尾,2023-11-13,9236
00882,中信中國高股息,12,0,12,凱基-虎尾,2023-11-13,9236
3008,大立光,11,0,11,凱基-虎尾,2023-11-13,9236
6112,邁達特,11,0,11,凱基-虎尾,2023-11-13,9236
9910,豐泰,11,0,11,凱基-虎尾,2023-11-13,9236
3035,智原,23,12,11,凱基-虎尾,2023-11-13,9236
00934,中信成長高股息,10,0,10,凱基-虎尾,2023-11-13,9236
00669R,國泰美國道瓊反1,10,0,10,凱基-虎尾,2023-11-13,9236
3444,利機,10,0,10,凱基-虎尾,2023-11-13,9236
3537,堡達,10,0,10,凱基-虎尾,2023-11-13,9236
4123,晟德,10,0,10,凱基-虎尾,2023-11-13,9236
3078,僑威,11,3,8,凱基-虎尾,2023-11-13,9236
2344,華邦電,10,2,8,凱基-虎尾,2023-11-13,9236
2455,全新,7,0,7,凱基-虎尾,2023-11-13,9236
6550,北極星藥業-KY,7,0,7,凱基-虎尾,2023-11-13,9236
5321,美而快,6,0,6,凱基-虎尾,2023-11-13,9236
6234,高僑,6,0,6,凱基-虎尾,2023-11-13,9236
6438,迅得,6,0,6,凱基-虎尾,2023-11-13,9236
2382,廣達,13,8,5,凱基-虎尾,2023-11-13,9236
00921,兆豐龍頭等權重,5,0,5,凱基-虎尾,2023-11-13,9236
00932,兆豐永續高息等權,5,0,5,凱基-虎尾,2023-11-13,9236
00632R,元大台灣50反1,5,0,5,凱基-虎尾,2023-11-13,9236
00701,國泰股利精選30,5,0,5,凱基-虎尾,2023-11-13,9236
1710,東聯,5,0,5,凱基-虎尾,2023-11-13,9236
2359,所羅門,5,0,5,凱基-虎尾,2023-11-13,9236
2369,菱生,7,2,5,凱基-虎尾,2023-11-13,9236
6170,統振,5,0,5,凱基-虎尾,2023-11-13,9236
6243,迅杰,5,0,5,凱基-虎尾,2023-11-13,9236
6271,同欣電,5,0,5,凱基-虎尾,2023-11-13,9236
00679B,元大美債20年,71,0,71,凱基-虎尾,2023-11-14,9236
00680L,元大美債20正2,60,0,60,凱基-虎尾,2023-11-14,9236
3481,群創,60,1,59,凱基-虎尾,2023-11-14,9236
6282,康舒,58,1,57,凱基-虎尾,2023-11-14,9236
00878,國泰永續高股息,61,10,51,凱基-虎尾,2023-11-14,9236
2883,凱基金,110,60,50,凱基-虎尾,2023-11-14,9236
3044,健鼎,35,3,32,凱基-虎尾,2023-11-14,9236
2323,中環,31,2,29,凱基-虎尾,2023-11-14,9236
2610,華航,29,0,29,凱基-虎尾,2023-11-14,9236
2317,鴻海,44,17,27,凱基-虎尾,2023-11-14,9236
1101,台泥,26,1,25,凱基-虎尾,2023-11-14,9236
1504,東元,25,0,25,凱基-虎尾,2023-11-14,9236
1215,卜蜂,25,0,25,凱基-虎尾,2023-11-14,9236
3231,緯創,37,13,24,凱基-虎尾,2023-11-14,9236
2427,三商電,24,1,23,凱基-虎尾,2023-11-14,9236
5465,富驊,22,0,22,凱基-虎尾,2023-11-14,9236
2436,偉詮電,23,2,21,凱基-虎尾,2023-11-14,9236
00632R,元大台灣50反1,20,0,20,凱基-虎尾,2023-11-14,9236
2444,兆勁,20,0,20,凱基-虎尾,2023-11-14,9236
8088,品安,20,3,17,凱基-虎尾,2023-11-14,9236
6530,創威,26,10,16,凱基-虎尾,2023-11-14,9236
8426,紅木-KY,16,0,16,凱基-虎尾,2023-11-14,9236
3444,利機,30,16,14,凱基-虎尾,2023-11-14,9236
3596,智易,14,0,14,凱基-虎尾,2023-11-14,9236
4746,台耀,14,0,14,凱基-虎尾,2023-11-14,9236
9945,潤泰新,13,0,13,凱基-虎尾,2023-11-14,9236
4961,天鈺,12,0,12,凱基-虎尾,2023-11-14,9236
1785,光洋科,12,2,10,凱基-虎尾,2023-11-14,9236
00753L,中信中國50正2,10,0,10,凱基-虎尾,2023-11-14,9236
00929,復華台灣科技優息,15,5,10,凱基-虎尾,2023-11-14,9236
2353,宏��,28,18,10,凱基-虎尾,2023-11-14,9236
6243,迅杰,12,2,10,凱基-虎尾,2023-11-14,9236
6274,台燿,311,301,10,凱基-虎尾,2023-11-14,9236
1710,東聯,8,0,8,凱基-虎尾,2023-11-14,9236
2515,中工,83,75,8,凱基-虎尾,2023-11-14,9236
4908,前鼎,10,2,8,凱基-虎尾,2023-11-14,9236
2465,麗臺,22,14,8,凱基-虎尾,2023-11-14,9236
2367,燿華,7,0,7,凱基-虎尾,2023-11-14,9236
2425,承啟,7,0,7,凱基-虎尾,2023-11-14,9236
2486,一詮,10,3,7,凱基-虎尾,2023-11-14,9236
6127,九豪,7,0,7,凱基-虎尾,2023-11-14,9236
6187,萬潤,10,4,6,凱基-虎尾,2023-11-14,9236
2314,台揚,6,0,6,凱基-虎尾,2023-11-14,9236
2329,華泰,20,14,6,凱基-虎尾,2023-11-14,9236
3013,晟銘電,6,0,6,凱基-虎尾,2023-11-14,9236
6550,北極星藥業-KY,6,0,6,凱基-虎尾,2023-11-14,9236
4147,中裕,5,0,5,凱基-虎尾,2023-11-14,9236
1608,華榮,5,0,5,凱基-虎尾,2023-11-14,9236
1717,長興,5,0,5,凱基-虎尾,2023-11-14,9236
2230,泰茂,5,0,5,凱基-虎尾,2023-11-14,9236
2014,中鴻,53,0,53,凱基-虎尾,2023-11-15,9236
00631L,元大台灣50正2,44,0,44,凱基-虎尾,2023-11-15,9236
2363,矽統,79,35,44,凱基-虎尾,2023-11-15,9236
1514,亞力,42,0,42,凱基-虎尾,2023-11-15,9236
2337,旺宏,49,8,41,凱基-虎尾,2023-11-15,9236
9933,中鼎,40,0,40,凱基-虎尾,2023-11-15,9236
2323,中環,36,0,36,凱基-虎尾,2023-11-15,9236
3715,定穎投控,38,4,34,凱基-虎尾,2023-11-15,9236
6274,台燿,39,5,34,凱基-虎尾,2023-11-15,9236
6290,良維,40,7,33,凱基-虎尾,2023-11-15,9236
8110,華東,84,52,32,凱基-虎尾,2023-11-15,9236
00900,富邦特選高股息30,51,20,31,凱基-虎尾,2023-11-15,9236
2610,華航,33,3,30,凱基-虎尾,2023-11-15,9236
3576,聯合再生,36,8,28,凱基-虎尾,2023-11-15,9236
00919,群益台灣精選高息,27,0,27,凱基-虎尾,2023-11-15,9236
2369,菱生,39,12,27,凱基-虎尾,2023-11-15,9236
3176,基亞,31,5,26,凱基-虎尾,2023-11-15,9236
2211,長榮鋼,25,0,25,凱基-虎尾,2023-11-15,9236
00772B,中信高評級公司債,22,0,22,凱基-虎尾,2023-11-15,9236
2390,云辰,21,0,21,凱基-虎尾,2023-11-15,9236
2481,強茂,21,0,21,凱基-虎尾,2023-11-15,9236
1905,華紙,25,5,20,凱基-虎尾,2023-11-15,9236
2020,美亞,20,0,20,凱基-虎尾,2023-11-15,9236
2101,南港,20,0,20,凱基-虎尾,2023-11-15,9236
5521,工信,22,2,20,凱基-虎尾,2023-11-15,9236
6116,彩晶,20,0,20,凱基-虎尾,2023-11-15,9236
00878,國泰永續高股息,23,4,19,凱基-虎尾,2023-11-15,9236
1305,華夏,16,0,16,凱基-虎尾,2023-11-15,9236
3694,海華,16,1,15,凱基-虎尾,2023-11-15,9236
3059,華晶科,14,0,14,凱基-虎尾,2023-11-15,9236
1217,愛之味,13,0,13,凱基-虎尾,2023-11-15,9236
1802,台玻,27,14,13,凱基-虎尾,2023-11-15,9236
1907,永豐餘,12,0,12,凱基-虎尾,2023-11-15,9236
4908,前鼎,16,4,12,凱基-虎尾,2023-11-15,9236
5439,高技,12,0,12,凱基-虎尾,2023-11-15,9236
6901,鑽石投資,12,0,12,凱基-虎尾,2023-11-15,9236
1218,泰山,11,0,11,凱基-虎尾,2023-11-15,9236
1815,富喬,19,8,11,凱基-虎尾,2023-11-15,9236
2204,中華,11,0,11,凱基-虎尾,2023-11-15,9236
3356,奇偶,11,0,11,凱基-虎尾,2023-11-15,9236
2421,建準,14,4,10,凱基-虎尾,2023-11-15,9236
00669R,國泰美國道瓊反1,10,0,10,凱基-虎尾,2023-11-15,9236
2486,一詮,25,15,10,凱基-虎尾,2023-11-15,9236
3706,神達,38,28,10,凱基-虎尾,2023-11-15,9236
4128,中天,25,15,10,凱基-虎尾,2023-11-15,9236
8932,智通*,10,0,10,凱基-虎尾,2023-11-15,9236
3617,碩天,17,7,10,凱基-虎尾,2023-11-15,9236
3078,僑威,12,3,9,凱基-虎尾,2023-11-15,9236
3374,精材,10,1,9,凱基-虎尾,2023-11-15,9236
4148,全宇生技-KY,10,1,9,凱基-虎尾,2023-11-15,9236
00929,復華台灣科技優息,87,3,84,凱基-虎尾,2023-11-16,9236
3481,群創,101,26,75,凱基-虎尾,2023-11-16,9236
9945,潤泰新,80,5,75,凱基-虎尾,2023-11-16,9236
00878,國泰永續高股息,77,13,64,凱基-虎尾,2023-11-16,9236
00706L,期元大S＆P日圓正2,45,0,45,凱基-虎尾,2023-11-16,9236
00680L,元大美債20正2,40,0,40,凱基-虎尾,2023-11-16,9236
9958,世紀鋼,42,2,40,凱基-虎尾,2023-11-16,9236
2371,大同,42,5,37,凱基-虎尾,2023-11-16,9236
6290,良維,45,8,37,凱基-虎尾,2023-11-16,9236
4561,健椿,28,1,27,凱基-虎尾,2023-11-16,9236
00733,富邦臺灣中小,26,0,26,凱基-虎尾,2023-11-16,9236
2367,燿華,286,260,26,凱基-虎尾,2023-11-16,9236
2331,精英,24,2,22,凱基-虎尾,2023-11-16,9236
9935,慶豐富,20,0,20,凱基-虎尾,2023-11-16,9236
00679B,元大美債20年,19,0,19,凱基-虎尾,2023-11-16,9236
00919,群益台灣精選高息,23,4,19,凱基-虎尾,2023-11-16,9236
00900,富邦特選高股息30,17,0,17,凱基-虎尾,2023-11-16,9236
2641,正德,16,0,16,凱基-虎尾,2023-11-16,9236
00891,中信關鍵半導體,15,0,15,凱基-虎尾,2023-11-16,9236
2736,富野,15,0,15,凱基-虎尾,2023-11-16,9236
6223,旺矽,15,0,15,凱基-虎尾,2023-11-16,9236
3231,緯創,19,5,14,凱基-虎尾,2023-11-16,9236
1101,台泥,35,22,13,凱基-虎尾,2023-11-16,9236
00687B,國泰20年美債,13,0,13,凱基-虎尾,2023-11-16,9236
4967,十銓,13,1,12,凱基-虎尾,2023-11-16,9236
6156,松上,14,2,12,凱基-虎尾,2023-11-16,9236
0056,元大高股息,13,2,11,凱基-虎尾,2023-11-16,9236
00712,復華富時不動產,11,0,11,凱基-虎尾,2023-11-16,9236
1522,堤維西,11,0,11,凱基-虎尾,2023-11-16,9236
3055,蔚華科,11,0,11,凱基-虎尾,2023-11-16,9236
6901,鑽石投資,11,0,11,凱基-虎尾,2023-11-16,9236
8049,晶采,11,0,11,凱基-虎尾,2023-11-16,9236
00753L,中信中國50正2,10,0,10,凱基-虎尾,2023-11-16,9236
2101,南港,10,0,10,凱基-虎尾,2023-11-16,9236
2109,華豐,10,0,10,凱基-虎尾,2023-11-16,9236
2609,陽明,10,0,10,凱基-虎尾,2023-11-16,9236
3176,基亞,10,0,10,凱基-虎尾,2023-11-16,9236
3217,優群,11,1,10,凱基-虎尾,2023-11-16,9236
3617,碩天,21,11,10,凱基-虎尾,2023-11-16,9236
5521,工信,10,0,10,凱基-虎尾,2023-11-16,9236
5523,豐謙,10,0,10,凱基-虎尾,2023-11-16,9236
6443,元晶,10,0,10,凱基-虎尾,2023-11-16,9236
3006,晶豪科,16,7,9,凱基-虎尾,2023-11-16,9236
3322,建舜電,9,0,9,凱基-虎尾,2023-11-16,9236
5608,四維航,9,0,9,凱基-虎尾,2023-11-16,9236
8050,廣積,9,0,9,凱基-虎尾,2023-11-16,9236
9950,萬國通,9,0,9,凱基-虎尾,2023-11-16,9236
2442,新美齊,8,0,8,凱基-虎尾,2023-11-16,9236
2457,飛宏,9,1,8,凱基-虎尾,2023-11-16,9236
2705,六福,8,0,8,凱基-虎尾,2023-11-16,9236
00676R,富邦臺灣加權反1,100,0,100,凱基-虎尾,2023-11-17,9236
2610,華航,138,56,82,凱基-虎尾,2023-11-17,9236
00715L,期街口布蘭特正2,88,29,59,凱基-虎尾,2023-11-17,9236
2402,毅嘉,49,5,44,凱基-虎尾,2023-11-17,9236
2405,輔信,52,13,39,凱基-虎尾,2023-11-17,9236
5469,瀚宇博,37,0,37,凱基-虎尾,2023-11-17,9236
2323,中環,35,0,35,凱基-虎尾,2023-11-17,9236
6290,良維,33,0,33,凱基-虎尾,2023-11-17,9236
2303,聯電,59,27,32,凱基-虎尾,2023-11-17,9236
2329,華泰,37,5,32,凱基-虎尾,2023-11-17,9236
6213,聯茂,31,0,31,凱基-虎尾,2023-11-17,9236
00935,野村臺灣新科技50,29,0,29,凱基-虎尾,2023-11-17,9236
3094,聯傑,30,1,29,凱基-虎尾,2023-11-17,9236
6233,旺玖,32,5,27,凱基-虎尾,2023-11-17,9236
6282,康舒,27,0,27,凱基-虎尾,2023-11-17,9236
2702,華園,25,0,25,凱基-虎尾,2023-11-17,9236
2607,榮運,24,0,24,凱基-虎尾,2023-11-17,9236
6125,廣運,43,20,23,凱基-虎尾,2023-11-17,9236
2344,華邦電,25,4,21,凱基-虎尾,2023-11-17,9236
00665L,富邦�琤肭磪囓�2,20,0,20,凱基-虎尾,2023-11-17,9236
5483,中美晶,20,0,20,凱基-虎尾,2023-11-17,9236
00733,富邦臺灣中小,19,0,19,凱基-虎尾,2023-11-17,9236
6127,九豪,28,10,18,凱基-虎尾,2023-11-17,9236
6271,同欣電,23,6,17,凱基-虎尾,2023-11-17,9236
00936,台新永續高息中小,17,0,17,凱基-虎尾,2023-11-17,9236
2497,怡利電,16,0,16,凱基-虎尾,2023-11-17,9236
2605,新興,20,4,16,凱基-虎尾,2023-11-17,9236
3545,敦泰,23,7,16,凱基-虎尾,2023-11-17,9236
5607,遠雄港,19,3,16,凱基-虎尾,2023-11-17,9236
1815,富喬,42,28,14,凱基-虎尾,2023-11-17,9236
2313,華通,25,11,14,凱基-虎尾,2023-11-17,9236
2618,長榮航,2250,2237,13,凱基-虎尾,2023-11-17,9236
3706,神達,16,4,12,凱基-虎尾,2023-11-17,9236
6558,興能高,13,2,11,凱基-虎尾,2023-11-17,9236
00730,富邦臺灣優質高息,10,0,10,凱基-虎尾,2023-11-17,9236
2101,南港,10,0,10,凱基-虎尾,2023-11-17,9236
2516,新建,10,0,10,凱基-虎尾,2023-11-17,9236
2548,華固,10,0,10,凱基-虎尾,2023-11-17,9236
3489,森寶,10,0,10,凱基-虎尾,2023-11-17,9236
1515,力山,11,2,9,凱基-虎尾,2023-11-17,9236
6139,亞翔,13,4,9,凱基-虎尾,2023-11-17,9236
8040,九暘,9,0,9,凱基-虎尾,2023-11-17,9236
1504,東元,19,11,8,凱基-虎尾,2023-11-17,9236
8163,達方,8,0,8,凱基-虎尾,2023-11-17,9236
2417,圓剛,10,3,7,凱基-虎尾,2023-11-17,9236
3530,晶相光,8,1,7,凱基-虎尾,2023-11-17,9236
5706,鳳凰,11,4,7,凱基-虎尾,2023-11-17,9236
3035,智原,14,7,7,凱基-虎尾,2023-11-17,9236
3228,金麗科,6,0,6,凱基-虎尾,2023-11-17,9236
00712,復華富時不動產,6,0,6,凱基-虎尾,2023-11-17,9236
5009,榮剛,53,0,53,凱基-虎尾,2023-11-20,9236
6290,良維,53,0,53,凱基-虎尾,2023-11-20,9236
6117,迎廣,48,5,43,凱基-虎尾,2023-11-20,9236
2314,台揚,41,2,39,凱基-虎尾,2023-11-20,9236
2388,威盛,49,10,39,凱基-虎尾,2023-11-20,9236
2363,矽統,75,37,38,凱基-虎尾,2023-11-20,9236
00929,復華台灣科技優息,53,18,35,凱基-虎尾,2023-11-20,9236
00632R,元大台灣50反1,35,0,35,凱基-虎尾,2023-11-20,9236
2610,華航,41,6,35,凱基-虎尾,2023-11-20,9236
2390,云辰,31,0,31,凱基-虎尾,2023-11-20,9236
00690,兆豐藍籌30,30,0,30,凱基-虎尾,2023-11-20,9236
5272,笙科,27,0,27,凱基-虎尾,2023-11-20,9236
00878,國泰永續高股息,29,5,24,凱基-虎尾,2023-11-20,9236
2485,兆赫,23,0,23,凱基-虎尾,2023-11-20,9236
6168,宏齊,32,11,21,凱基-虎尾,2023-11-20,9236
8105,凌巨,20,0,20,凱基-虎尾,2023-11-20,9236
2313,華通,60,42,18,凱基-虎尾,2023-11-20,9236
00680L,元大美債20正2,16,0,16,凱基-虎尾,2023-11-20,9236
2462,良得電,30,14,16,凱基-虎尾,2023-11-20,9236
3317,尼克森,16,0,16,凱基-虎尾,2023-11-20,9236
1815,富喬,21,6,15,凱基-虎尾,2023-11-20,9236
2883,凱基金,97,83,14,凱基-虎尾,2023-11-20,9236
2316,楠梓電,13,1,12,凱基-虎尾,2023-11-20,9236
8358,金居,12,0,12,凱基-虎尾,2023-11-20,9236
00753L,中信中國50正2,11,0,11,凱基-虎尾,2023-11-20,9236
2301,光寶科,16,5,11,凱基-虎尾,2023-11-20,9236
3013,晟銘電,14,3,11,凱基-虎尾,2023-11-20,9236
1503,士電,10,0,10,凱基-虎尾,2023-11-20,9236
00915,凱基優選高股息30,10,0,10,凱基-虎尾,2023-11-20,9236
2380,虹光,10,0,10,凱基-虎尾,2023-11-20,9236
2484,希華,10,0,10,凱基-虎尾,2023-11-20,9236
3062,建漢,10,0,10,凱基-虎尾,2023-11-20,9236
6589,台康生技,10,0,10,凱基-虎尾,2023-11-20,9236
6197,佳必琪,9,0,9,凱基-虎尾,2023-11-20,9236
6216,居易,9,0,9,凱基-虎尾,2023-11-20,9236
00888,永豐台灣ESG,10,2,8,凱基-虎尾,2023-11-20,9236
1524,耿鼎,17,9,8,凱基-虎尾,2023-11-20,9236
2369,菱生,11,3,8,凱基-虎尾,2023-11-20,9236
2476,鉅祥,8,0,8,凱基-虎尾,2023-11-20,9236
2880,華南金,10,2,8,凱基-虎尾,2023-11-20,9236
3176,基亞,8,0,8,凱基-虎尾,2023-11-20,9236
6143,振曜,8,0,8,凱基-虎尾,2023-11-20,9236
8112,至上,8,0,8,凱基-虎尾,2023-11-20,9236
2376,技嘉,8,1,7,凱基-虎尾,2023-11-20,9236
5258,虹堡,29,22,7,凱基-虎尾,2023-11-20,9236
5371,中光電,7,0,7,凱基-虎尾,2023-11-20,9236
2419,仲琦,7,0,7,凱基-虎尾,2023-11-20,9236
00885,富邦越南,6,0,6,凱基-虎尾,2023-11-20,9236
2312,金寶,10,4,6,凱基-虎尾,2023-11-20,9236
2356,英業達,8,2,6,凱基-虎尾,2023-11-20,9236
2618,長榮航,147,8,139,凱基-虎尾,2023-11-21,9236
00632R,元大台灣50反1,98,0,98,凱基-虎尾,2023-11-21,9236
2344,華邦電,63,1,62,凱基-虎尾,2023-11-21,9236
2417,圓剛,68,9,59,凱基-虎尾,2023-11-21,9236
2356,英業達,161,109,52,凱基-虎尾,2023-11-21,9236
00676R,富邦臺灣加權反1,50,0,50,凱基-虎尾,2023-11-21,9236
00933B,國泰10Y+金融債,50,10,40,凱基-虎尾,2023-11-21,9236
3044,健鼎,35,0,35,凱基-虎尾,2023-11-21,9236
3078,僑威,47,12,35,凱基-虎尾,2023-11-21,9236
2367,燿華,60,29,31,凱基-虎尾,2023-11-21,9236
00706L,期元大S＆P日圓正2,30,0,30,凱基-虎尾,2023-11-21,9236
3037,欣興,79,51,28,凱基-虎尾,2023-11-21,9236
6530,創威,23,0,23,凱基-虎尾,2023-11-21,9236
2516,新建,20,0,20,凱基-虎尾,2023-11-21,9236
3444,利機,35,15,20,凱基-虎尾,2023-11-21,9236
00679B,元大美債20年,19,0,19,凱基-虎尾,2023-11-21,9236
3645,達邁,14,0,14,凱基-虎尾,2023-11-21,9236
6285,啟��,15,1,14,凱基-虎尾,2023-11-21,9236
3260,威剛,14,1,13,凱基-虎尾,2023-11-21,9236
2258,鴻華先進-創,13,0,13,凱基-虎尾,2023-11-21,9236
2377,微星,14,1,13,凱基-虎尾,2023-11-21,9236
4960,誠美材,18,5,13,凱基-虎尾,2023-11-21,9236
3481,群創,12,0,12,凱基-虎尾,2023-11-21,9236
6290,良維,15,3,12,凱基-虎尾,2023-11-21,9236
00885,富邦越南,11,0,11,凱基-虎尾,2023-11-21,9236
2376,技嘉,17,7,10,凱基-虎尾,2023-11-21,9236
2355,敬鵬,22,12,10,凱基-虎尾,2023-11-21,9236
4933,友輝,10,0,10,凱基-虎尾,2023-11-21,9236
6116,彩晶,10,0,10,凱基-虎尾,2023-11-21,9236
2401,凌陽,25,16,9,凱基-虎尾,2023-11-21,9236
3023,信邦,9,0,9,凱基-虎尾,2023-11-21,9236
3025,星通,20,11,9,凱基-虎尾,2023-11-21,9236
6284,佳邦,12,3,9,凱基-虎尾,2023-11-21,9236
8011,台通,40,31,9,凱基-虎尾,2023-11-21,9236
3218,大學光,8,0,8,凱基-虎尾,2023-11-21,9236
3325,旭品,16,8,8,凱基-虎尾,2023-11-21,9236
6108,競國,8,0,8,凱基-虎尾,2023-11-21,9236
6806,森崴能源,8,0,8,凱基-虎尾,2023-11-21,9236
4967,十銓,10,3,7,凱基-虎尾,2023-11-21,9236
1815,富喬,60,53,7,凱基-虎尾,2023-11-21,9236
6275,元山,10,3,7,凱基-虎尾,2023-11-21,9236
2027,大成鋼,10,3,7,凱基-虎尾,2023-11-21,9236
3059,華晶科,9,3,6,凱基-虎尾,2023-11-21,9236
00795B,中信美國公債20年,6,0,6,凱基-虎尾,2023-11-21,9236
3176,基亞,6,0,6,凱基-虎尾,2023-11-21,9236
3189,景碩,12,6,6,凱基-虎尾,2023-11-21,9236
3701,大眾控,7,1,6,凱基-虎尾,2023-11-21,9236
4543,萬在,10,4,6,凱基-虎尾,2023-11-21,9236
4979,華星光,22,16,6,凱基-虎尾,2023-11-21,9236
5488,松普,6,0,6,凱基-虎尾,2023-11-21,9236
3481,群創,101,0,101,凱基-虎尾,2023-11-22,9236
3231,緯創,389,312,77,凱基-虎尾,2023-11-22,9236
5392,能率,80,3,77,凱基-虎尾,2023-11-22,9236
3615,安可,63,0,63,凱基-虎尾,2023-11-22,9236
4746,台耀,45,1,44,凱基-虎尾,2023-11-22,9236
2367,燿華,61,27,34,凱基-虎尾,2023-11-22,9236
6112,邁達特,31,0,31,凱基-虎尾,2023-11-22,9236
3260,威剛,25,0,25,凱基-虎尾,2023-11-22,9236
2369,菱生,28,3,25,凱基-虎尾,2023-11-22,9236
5443,均豪,27,2,25,凱基-虎尾,2023-11-22,9236
3041,揚智,51,27,24,凱基-虎尾,2023-11-22,9236
5351,鈺創,42,18,24,凱基-虎尾,2023-11-22,9236
3545,敦泰,23,0,23,凱基-虎尾,2023-11-22,9236
2022,聚亨,20,0,20,凱基-虎尾,2023-11-22,9236
00878,國泰永續高股息,19,2,17,凱基-虎尾,2023-11-22,9236
3051,力特,20,3,17,凱基-虎尾,2023-11-22,9236
6129,普誠,25,8,17,凱基-虎尾,2023-11-22,9236
6517,保勝光學,17,3,14,凱基-虎尾,2023-11-22,9236
3094,聯傑,18,5,13,凱基-虎尾,2023-11-22,9236
00905,FT臺灣Smart,12,0,12,凱基-虎尾,2023-11-22,9236
2014,中鴻,12,0,12,凱基-虎尾,2023-11-22,9236
2344,華邦電,20,8,12,凱基-虎尾,2023-11-22,9236
2382,廣達,15,3,12,凱基-虎尾,2023-11-22,9236
6117,迎廣,23,11,12,凱基-虎尾,2023-11-22,9236
6494,九齊,17,5,12,凱基-虎尾,2023-11-22,9236
2002,中鋼,11,0,11,凱基-虎尾,2023-11-22,9236
3057,喬鼎,11,0,11,凱基-虎尾,2023-11-22,9236
3169,亞信,14,3,11,凱基-虎尾,2023-11-22,9236
6104,創惟,14,3,11,凱基-虎尾,2023-11-22,9236
2352,佳世達,10,0,10,凱基-虎尾,2023-11-22,9236
00885,富邦越南,10,0,10,凱基-虎尾,2023-11-22,9236
1313,聯成,10,0,10,凱基-虎尾,2023-11-22,9236
00934,中信成長高股息,10,0,10,凱基-虎尾,2023-11-22,9236
2449,京元電子,10,0,10,凱基-虎尾,2023-11-22,9236
3257,虹冠電,10,0,10,凱基-虎尾,2023-11-22,9236
3380,明泰,10,1,9,凱基-虎尾,2023-11-22,9236
3264,欣銓,8,0,8,凱基-虎尾,2023-11-22,9236
5225,東科-KY,11,4,7,凱基-虎尾,2023-11-22,9236
00936,台新永續高息中小,7,0,7,凱基-虎尾,2023-11-22,9236
2353,宏��,13,6,7,凱基-虎尾,2023-11-22,9236
2482,連宇,9,2,7,凱基-虎尾,2023-11-22,9236
3363,上詮,9,2,7,凱基-虎尾,2023-11-22,9236
2301,光寶科,10,4,6,凱基-虎尾,2023-11-22,9236
2374,佳能,7,1,6,凱基-虎尾,2023-11-22,9236
2890,永豐金,6,0,6,凱基-虎尾,2023-11-22,9236
3265,台星科,6,0,6,凱基-虎尾,2023-11-22,9236
3438,類比科,25,19,6,凱基-虎尾,2023-11-22,9236
5469,瀚宇博,7,1,6,凱基-虎尾,2023-11-22,9236
3035,智原,22,17,5,凱基-虎尾,2023-11-22,9236
1560,中砂,6,1,5,凱基-虎尾,2023-11-22,9236
00679B,元大美債20年,100,0,100,凱基-虎尾,2023-11-23,9236
2748,雲品,87,6,81,凱基-虎尾,2023-11-23,9236
00919,群益台灣精選高息,50,0,50,凱基-虎尾,2023-11-23,9236
3176,基亞,41,6,35,凱基-虎尾,2023-11-23,9236
6901,鑽石投資,29,1,28,凱基-虎尾,2023-11-23,9236
2317,鴻海,25,0,25,凱基-虎尾,2023-11-23,9236
2401,凌陽,25,0,25,凱基-虎尾,2023-11-23,9236
3450,聯鈞,31,7,24,凱基-虎尾,2023-11-23,9236
1815,富喬,61,41,20,凱基-虎尾,2023-11-23,9236
2834,臺企銀,21,2,19,凱基-虎尾,2023-11-23,9236
2344,華邦電,33,15,18,凱基-虎尾,2023-11-23,9236
2731,雄獅,19,2,17,凱基-虎尾,2023-11-23,9236
2457,飛宏,23,8,15,凱基-虎尾,2023-11-23,9236
5522,遠雄,15,0,15,凱基-虎尾,2023-11-23,9236
6187,萬潤,15,1,14,凱基-虎尾,2023-11-23,9236
00905,FT臺灣Smart,13,0,13,凱基-虎尾,2023-11-23,9236
00900,富邦特選高股息30,15,2,13,凱基-虎尾,2023-11-23,9236
1503,士電,12,0,12,凱基-虎尾,2023-11-23,9236
4188,安克,13,1,12,凱基-虎尾,2023-11-23,9236
6125,廣運,17,6,11,凱基-虎尾,2023-11-23,9236
00637L,元大滬深300正2,10,0,10,凱基-虎尾,2023-11-23,9236
00715L,期街口布蘭特正2,11,1,10,凱基-虎尾,2023-11-23,9236
00680L,元大美債20正2,10,0,10,凱基-虎尾,2023-11-23,9236
1802,台玻,10,0,10,凱基-虎尾,2023-11-23,9236
2323,中環,10,0,10,凱基-虎尾,2023-11-23,9236
2832,台產,10,0,10,凱基-虎尾,2023-11-23,9236
3031,佰鴻,10,0,10,凱基-虎尾,2023-11-23,9236
5469,瀚宇博,10,0,10,凱基-虎尾,2023-11-23,9236
6188,廣明,10,0,10,凱基-虎尾,2023-11-23,9236
6275,元山,11,1,10,凱基-虎尾,2023-11-23,9236
3231,緯創,20,11,9,凱基-虎尾,2023-11-23,9236
2515,中工,40,31,9,凱基-虎尾,2023-11-23,9236
1513,中興電,10,1,9,凱基-虎尾,2023-11-23,9236
1522,堤維西,9,0,9,凱基-虎尾,2023-11-23,9236
2392,正崴,9,0,9,凱基-虎尾,2023-11-23,9236
9105,泰金寶-DR,9,0,9,凱基-虎尾,2023-11-23,9236
1582,信錦,11,3,8,凱基-虎尾,2023-11-23,9236
00936,台新永續高息中小,8,0,8,凱基-虎尾,2023-11-23,9236
2301,光寶科,13,5,8,凱基-虎尾,2023-11-23,9236
2371,大同,17,9,8,凱基-虎尾,2023-11-23,9236
3060,銘異,8,0,8,凱基-虎尾,2023-11-23,9236
3645,達邁,8,0,8,凱基-虎尾,2023-11-23,9236
4543,萬在,10,2,8,凱基-虎尾,2023-11-23,9236
6456,GIS-KY,10,2,8,凱基-虎尾,2023-11-23,9236
6733,博晟生醫,8,0,8,凱基-虎尾,2023-11-23,9236
8046,南電,8,0,8,凱基-虎尾,2023-11-23,9236
2303,聯電,8,1,7,凱基-虎尾,2023-11-23,9236
2455,全新,12,5,7,凱基-虎尾,2023-11-23,9236
4128,中天,7,0,7,凱基-虎尾,2023-11-23,9236
6015,宏遠證,7,0,7,凱基-虎尾,2023-11-23,9236
1584,精剛,74,8,66,凱基-虎尾,2023-11-24,9236
00679B,元大美債20年,56,0,56,凱基-虎尾,2023-11-24,9236
3583,辛耘,37,0,37,凱基-虎尾,2023-11-24,9236
5905,南仁湖,35,0,35,凱基-虎尾,2023-11-24,9236
00633L,富邦上証正2,30,0,30,凱基-虎尾,2023-11-24,9236
2618,長榮航,42,18,24,凱基-虎尾,2023-11-24,9236
2458,義隆,23,0,23,凱基-虎尾,2023-11-24,9236
2344,華邦電,26,4,22,凱基-虎尾,2023-11-24,9236
2834,臺企銀,20,1,19,凱基-虎尾,2023-11-24,9236
6235,華孚,24,5,19,凱基-虎尾,2023-11-24,9236
2449,京元電子,21,3,18,凱基-虎尾,2023-11-24,9236
4916,事欣科,17,0,17,凱基-虎尾,2023-11-24,9236
2645,長榮航太,18,2,16,凱基-虎尾,2023-11-24,9236
6274,台燿,18,2,16,凱基-虎尾,2023-11-24,9236
6290,良維,16,0,16,凱基-虎尾,2023-11-24,9236
2313,華通,80,64,16,凱基-虎尾,2023-11-24,9236
5258,虹堡,15,1,14,凱基-虎尾,2023-11-24,9236
2367,燿華,16,3,13,凱基-虎尾,2023-11-24,9236
6451,訊芯-KY,13,0,13,凱基-虎尾,2023-11-24,9236
2211,長榮鋼,13,1,12,凱基-虎尾,2023-11-24,9236
3231,緯創,15,4,11,凱基-虎尾,2023-11-24,9236
3481,群創,12,1,11,凱基-虎尾,2023-11-24,9236
1529,樂事綠能,13,3,10,凱基-虎尾,2023-11-24,9236
00673R,期元大S＆P原油反1,10,0,10,凱基-虎尾,2023-11-24,9236
1618,合機,10,0,10,凱基-虎尾,2023-11-24,9236
2516,新建,10,0,10,凱基-虎尾,2023-11-24,9236
5515,建國,10,0,10,凱基-虎尾,2023-11-24,9236
6585,鼎基,10,0,10,凱基-虎尾,2023-11-24,9236
3260,威剛,11,1,10,凱基-虎尾,2023-11-24,9236
00878,國泰永續高股息,10,0,10,凱基-虎尾,2023-11-24,9236
2392,正崴,10,1,9,凱基-虎尾,2023-11-24,9236
2417,圓剛,71,62,9,凱基-虎尾,2023-11-24,9236
2634,漢翔,22,13,9,凱基-虎尾,2023-11-24,9236
5210,寶碩,9,0,9,凱基-虎尾,2023-11-24,9236
6753,龍德造船,9,0,9,凱基-虎尾,2023-11-24,9236
9958,世紀鋼,21,12,9,凱基-虎尾,2023-11-24,9236
3694,海華,14,6,8,凱基-虎尾,2023-11-24,9236
8222,寶一,10,2,8,凱基-虎尾,2023-11-24,9236
1514,亞力,30,22,8,凱基-虎尾,2023-11-24,9236
2886,兆豐金,7,0,7,凱基-虎尾,2023-11-24,9236
3094,聯傑,11,4,7,凱基-虎尾,2023-11-24,9236
3704,合勤控,7,0,7,凱基-虎尾,2023-11-24,9236
3715,定穎投控,19,12,7,凱基-虎尾,2023-11-24,9236
5351,鈺創,32,25,7,凱基-虎尾,2023-11-24,9236
9938,百和,7,0,7,凱基-虎尾,2023-11-24,9236
1101,台泥,26,20,6,凱基-虎尾,2023-11-24,9236
2610,華航,10,4,6,凱基-虎尾,2023-11-24,9236
3357,臺慶科,7,1,6,凱基-虎尾,2023-11-24,9236
6170,統振,6,0,6,凱基-虎尾,2023-11-24,9236
8996,高力,7,1,6,凱基-虎尾,2023-11-24,9236
00929,復華台灣科技優息,262,24,238,凱基-虎尾,2023-11-27,9236
00679B,元大美債20年,55,0,55,凱基-虎尾,2023-11-27,9236
00919,群益台灣精選高息,38,0,38,凱基-虎尾,2023-11-27,9236
00936,台新永續高息中小,30,0,30,凱基-虎尾,2023-11-27,9236
2442,新美齊,28,0,28,凱基-虎尾,2023-11-27,9236
00687B,國泰20年美債,27,0,27,凱基-虎尾,2023-11-27,9236
00935,野村臺灣新科技50,22,0,22,凱基-虎尾,2023-11-27,9236
2344,華邦電,42,20,22,凱基-虎尾,2023-11-27,9236
2801,彰銀,22,0,22,凱基-虎尾,2023-11-27,9236
1449,佳和,21,0,21,凱基-虎尾,2023-11-27,9236
2354,鴻準,23,2,21,凱基-虎尾,2023-11-27,9236
6589,台康生技,21,0,21,凱基-虎尾,2023-11-27,9236
00888,永豐台灣ESG,20,0,20,凱基-虎尾,2023-11-27,9236
2516,新建,20,1,19,凱基-虎尾,2023-11-27,9236
2883,凱基金,19,1,18,凱基-虎尾,2023-11-27,9236
00673R,期元大S＆P原油反1,18,0,18,凱基-虎尾,2023-11-27,9236
1815,富喬,74,56,18,凱基-虎尾,2023-11-27,9236
3078,僑威,17,1,16,凱基-虎尾,2023-11-27,9236
8068,全達,15,0,15,凱基-虎尾,2023-11-27,9236
2382,廣達,2476,2462,14,凱基-虎尾,2023-11-27,9236
2303,聯電,14,0,14,凱基-虎尾,2023-11-27,9236
3041,揚智,11,0,11,凱基-虎尾,2023-11-27,9236
6274,台燿,11,0,11,凱基-虎尾,2023-11-27,9236
6188,廣明,10,0,10,凱基-虎尾,2023-11-27,9236
00928,中信上櫃ESG30,10,0,10,凱基-虎尾,2023-11-27,9236
00857B,永豐20年美公債,10,0,10,凱基-虎尾,2023-11-27,9236
00688L,國泰20年美債正2,10,0,10,凱基-虎尾,2023-11-27,9236
1789,神隆,10,0,10,凱基-虎尾,2023-11-27,9236
3062,建漢,10,0,10,凱基-虎尾,2023-11-27,9236
6016,康和證,10,0,10,凱基-虎尾,2023-11-27,9236
6116,彩晶,10,0,10,凱基-虎尾,2023-11-27,9236
1457,宜進,10,0,10,凱基-虎尾,2023-11-27,9236
4142,國光生,9,0,9,凱基-虎尾,2023-11-27,9236
1795,美時,13,5,8,凱基-虎尾,2023-11-27,9236
2014,中鴻,8,0,8,凱基-虎尾,2023-11-27,9236
3673,TPK-KY,8,0,8,凱基-虎尾,2023-11-27,9236
4157,太景*-KY,9,1,8,凱基-虎尾,2023-11-27,9236
6148,驊宏資,8,0,8,凱基-虎尾,2023-11-27,9236
6494,九齊,9,1,8,凱基-虎尾,2023-11-27,9236
1402,遠東新,7,0,7,凱基-虎尾,2023-11-27,9236
3017,奇鋐,7,0,7,凱基-虎尾,2023-11-27,9236
4106,雃博,8,1,7,凱基-虎尾,2023-11-27,9236
4188,安克,7,0,7,凱基-虎尾,2023-11-27,9236
6231,系微,7,0,7,凱基-虎尾,2023-11-27,9236
2330,台積電,6,0,6,凱基-虎尾,2023-11-27,9236
00715L,期街口布蘭特正2,7,1,6,凱基-虎尾,2023-11-27,9236
00881,國泰台灣5G+,6,0,6,凱基-虎尾,2023-11-27,9236
2390,云辰,6,0,6,凱基-虎尾,2023-11-27,9236
2881,富邦金,6,0,6,凱基-虎尾,2023-11-27,9236
4128,中天,17,11,6,凱基-虎尾,2023-11-27,9236
2457,飛宏,88,5,83,凱基-虎尾,2023-11-28,9236
2329,華泰,91,49,42,凱基-虎尾,2023-11-28,9236
5471,松翰,33,0,33,凱基-虎尾,2023-11-28,9236
1524,耿鼎,31,1,30,凱基-虎尾,2023-11-28,9236
2344,華邦電,34,6,28,凱基-虎尾,2023-11-28,9236
1603,華電,26,0,26,凱基-虎尾,2023-11-28,9236
2402,毅嘉,32,6,26,凱基-虎尾,2023-11-28,9236
3231,緯創,31,10,21,凱基-虎尾,2023-11-28,9236
5521,工信,20,0,20,凱基-虎尾,2023-11-28,9236
2388,威盛,26,6,20,凱基-虎尾,2023-11-28,9236
3051,力特,18,1,17,凱基-虎尾,2023-11-28,9236
2449,京元電子,20,3,17,凱基-虎尾,2023-11-28,9236
2606,裕民,36,20,16,凱基-虎尾,2023-11-28,9236
4106,雃博,21,5,16,凱基-虎尾,2023-11-28,9236
5351,鈺創,27,11,16,凱基-虎尾,2023-11-28,9236
1319,東陽,15,0,15,凱基-虎尾,2023-11-28,9236
1605,華新,17,2,15,凱基-虎尾,2023-11-28,9236
2399,映泰,15,0,15,凱基-虎尾,2023-11-28,9236
6173,信昌電,16,1,15,凱基-虎尾,2023-11-28,9236
9919,康那香,18,3,15,凱基-虎尾,2023-11-28,9236
3706,神達,13,0,13,凱基-虎尾,2023-11-28,9236
4906,正文,14,1,13,凱基-虎尾,2023-11-28,9236
00637L,元大滬深300正2,12,0,12,凱基-虎尾,2023-11-28,9236
1815,富喬,58,46,12,凱基-虎尾,2023-11-28,9236
2516,新建,13,1,12,凱基-虎尾,2023-11-28,9236
5483,中美晶,14,2,12,凱基-虎尾,2023-11-28,9236
6213,聯茂,14,2,12,凱基-虎尾,2023-11-28,9236
6231,系微,12,0,12,凱基-虎尾,2023-11-28,9236
8358,金居,12,0,12,凱基-虎尾,2023-11-28,9236
00933B,國泰10Y+金融債,11,0,11,凱基-虎尾,2023-11-28,9236
2303,聯電,11,0,11,凱基-虎尾,2023-11-28,9236
3006,晶豪科,15,4,11,凱基-虎尾,2023-11-28,9236
3518,柏騰,11,0,11,凱基-虎尾,2023-11-28,9236
3714,富采,11,0,11,凱基-虎尾,2023-11-28,9236
6129,普誠,13,2,11,凱基-虎尾,2023-11-28,9236
2363,矽統,33,22,11,凱基-虎尾,2023-11-28,9236
5347,世界,12,1,11,凱基-虎尾,2023-11-28,9236
1522,堤維西,10,0,10,凱基-虎尾,2023-11-28,9236
3094,聯傑,11,1,10,凱基-虎尾,2023-11-28,9236
6188,廣明,10,0,10,凱基-虎尾,2023-11-28,9236
6215,和椿,10,0,10,凱基-虎尾,2023-11-28,9236
8040,九暘,10,0,10,凱基-虎尾,2023-11-28,9236
2801,彰銀,10,1,9,凱基-虎尾,2023-11-28,9236
00919,群益台灣精選高息,10,1,9,凱基-虎尾,2023-11-28,9236
00712,復華富時不動產,9,0,9,凱基-虎尾,2023-11-28,9236
2492,華新科,12,3,9,凱基-虎尾,2023-11-28,9236
2498,宏達電,11,2,9,凱基-虎尾,2023-11-28,9236
5225,東科-KY,9,0,9,凱基-虎尾,2023-11-28,9236
6695,芯鼎,13,4,9,凱基-虎尾,2023-11-28,9236
8163,達方,11,2,9,凱基-虎尾,2023-11-28,9236
1101,台泥,110,0,110,凱基-虎尾,2023-11-29,9236
00679B,元大美債20年,104,0,104,凱基-虎尾,2023-11-29,9236
6111,大宇資,62,6,56,凱基-虎尾,2023-11-29,9236
3047,訊舟,400,345,55,凱基-虎尾,2023-11-29,9236
3372,典範,53,17,36,凱基-虎尾,2023-11-29,9236
2388,威盛,46,12,34,凱基-虎尾,2023-11-29,9236
2610,華航,33,0,33,凱基-虎尾,2023-11-29,9236
2369,菱生,62,30,32,凱基-虎尾,2023-11-29,9236
5328,華容,47,16,31,凱基-虎尾,2023-11-29,9236
2405,輔信,28,2,26,凱基-虎尾,2023-11-29,9236
3231,緯創,39,14,25,凱基-虎尾,2023-11-29,9236
2303,聯電,21,0,21,凱基-虎尾,2023-11-29,9236
1815,富喬,21,0,21,凱基-虎尾,2023-11-29,9236
2485,兆赫,21,0,21,凱基-虎尾,2023-11-29,9236
4979,華星光,28,8,20,凱基-虎尾,2023-11-29,9236
3317,尼克森,28,9,19,凱基-虎尾,2023-11-29,9236
3704,合勤控,35,18,17,凱基-虎尾,2023-11-29,9236
8088,品安,21,4,17,凱基-虎尾,2023-11-29,9236
8112,至上,21,4,17,凱基-虎尾,2023-11-29,9236
3163,波若威,18,2,16,凱基-虎尾,2023-11-29,9236
4167,松瑞藥,28,12,16,凱基-虎尾,2023-11-29,9236
1752,南光,15,0,15,凱基-虎尾,2023-11-29,9236
3078,僑威,19,4,15,凱基-虎尾,2023-11-29,9236
1560,中砂,14,0,14,凱基-虎尾,2023-11-29,9236
2465,麗臺,19,7,12,凱基-虎尾,2023-11-29,9236
2481,強茂,32,20,12,凱基-虎尾,2023-11-29,9236
2834,臺企銀,12,0,12,凱基-虎尾,2023-11-29,9236
2301,光寶科,11,0,11,凱基-虎尾,2023-11-29,9236
2462,良得電,11,0,11,凱基-虎尾,2023-11-29,9236
3032,偉訓,16,5,11,凱基-虎尾,2023-11-29,9236
3706,神達,24,14,10,凱基-虎尾,2023-11-29,9236
6180,橘子,11,1,10,凱基-虎尾,2023-11-29,9236
00637L,元大滬深300正2,10,0,10,凱基-虎尾,2023-11-29,9236
00936,台新永續高息中小,10,0,10,凱基-虎尾,2023-11-29,9236
00935,野村臺灣新科技50,10,0,10,凱基-虎尾,2023-11-29,9236
1568,倉佑,10,0,10,凱基-虎尾,2023-11-29,9236
2515,中工,30,20,10,凱基-虎尾,2023-11-29,9236
8050,廣積,10,0,10,凱基-虎尾,2023-11-29,9236
6161,捷波,21,12,9,凱基-虎尾,2023-11-29,9236
1210,大成,8,0,8,凱基-虎尾,2023-11-29,9236
1732,毛寶,10,2,8,凱基-虎尾,2023-11-29,9236
2458,義隆,11,3,8,凱基-虎尾,2023-11-29,9236
3363,上詮,12,4,8,凱基-虎尾,2023-11-29,9236
6257,矽格,8,0,8,凱基-虎尾,2023-11-29,9236
3176,基亞,7,0,7,凱基-虎尾,2023-11-29,9236
3530,晶相光,7,0,7,凱基-虎尾,2023-11-29,9236
0056,元大高股息,9,3,6,凱基-虎尾,2023-11-29,9236
2382,廣達,6,0,6,凱基-虎尾,2023-11-29,9236
00931B,統一美債20年,6,0,6,凱基-虎尾,2023-11-29,9236
2066,世德,6,0,6,凱基-虎尾,2023-11-29,9236
8096,擎亞,214,0,214,凱基-虎尾,2023-11-30,9236
2344,華邦電,161,11,150,凱基-虎尾,2023-11-30,9236
2359,所羅門,156,76,80,凱基-虎尾,2023-11-30,9236
3013,晟銘電,76,13,63,凱基-虎尾,2023-11-30,9236
3540,曜越,52,3,49,凱基-虎尾,2023-11-30,9236
2606,裕民,50,4,46,凱基-虎尾,2023-11-30,9236
2439,美律,31,2,29,凱基-虎尾,2023-11-30,9236
5452,佶優,29,0,29,凱基-虎尾,2023-11-30,9236
2332,友訊,28,0,28,凱基-虎尾,2023-11-30,9236
2317,鴻海,27,0,27,凱基-虎尾,2023-11-30,9236
2883,凱基金,30,4,26,凱基-虎尾,2023-11-30,9236
5309,系統電,25,0,25,凱基-虎尾,2023-11-30,9236
5465,富驊,24,1,23,凱基-虎尾,2023-11-30,9236
5469,瀚宇博,22,0,22,凱基-虎尾,2023-11-30,9236
00665L,富邦�琤肭磪囓�2,21,0,21,凱基-虎尾,2023-11-30,9236
3032,偉訓,40,19,21,凱基-虎尾,2023-11-30,9236
00676R,富邦臺灣加權反1,20,0,20,凱基-虎尾,2023-11-30,9236
2886,兆豐金,20,0,20,凱基-虎尾,2023-11-30,9236
8163,達方,20,0,20,凱基-虎尾,2023-11-30,9236
2303,聯電,17,0,17,凱基-虎尾,2023-11-30,9236
3363,上詮,27,10,17,凱基-虎尾,2023-11-30,9236
3231,緯創,27,11,16,凱基-虎尾,2023-11-30,9236
00919,群益台灣精選高息,16,1,15,凱基-虎尾,2023-11-30,9236
1529,樂事綠能,15,0,15,凱基-虎尾,2023-11-30,9236
00934,中信成長高股息,15,0,15,凱基-虎尾,2023-11-30,9236
5347,世界,15,0,15,凱基-虎尾,2023-11-30,9236
5351,鈺創,22,7,15,凱基-虎尾,2023-11-30,9236
6233,旺玖,17,2,15,凱基-虎尾,2023-11-30,9236
3481,群創,14,0,14,凱基-虎尾,2023-11-30,9236
2458,義隆,13,1,12,凱基-虎尾,2023-11-30,9236
3022,威強電,12,0,12,凱基-虎尾,2023-11-30,9236
4442,竣邦-KY,12,0,12,凱基-虎尾,2023-11-30,9236
3707,漢磊,11,0,11,凱基-虎尾,2023-11-30,9236
00680L,元大美債20正2,11,0,11,凱基-虎尾,2023-11-30,9236
1732,毛寶,11,0,11,凱基-虎尾,2023-11-30,9236
2363,矽統,18,7,11,凱基-虎尾,2023-11-30,9236
2492,華新科,27,16,11,凱基-虎尾,2023-11-30,9236
6125,廣運,13,2,11,凱基-虎尾,2023-11-30,9236
00637L,元大滬深300正2,10,0,10,凱基-虎尾,2023-11-30,9236
1471,首利,10,0,10,凱基-虎尾,2023-11-30,9236
2425,承啟,10,0,10,凱基-虎尾,2023-11-30,9236
3705,永信,11,1,10,凱基-虎尾,2023-11-30,9236
4128,中天,11,1,10,凱基-虎尾,2023-11-30,9236
4739,康普,13,3,10,凱基-虎尾,2023-11-30,9236
5425,台半,12,2,10,凱基-虎尾,2023-11-30,9236
00929,復華台灣科技優息,9,0,9,凱基-虎尾,2023-11-30,9236
3265,台星科,11,2,9,凱基-虎尾,2023-11-30,9236
4543,萬在,9,0,9,凱基-虎尾,2023-11-30,9236
6282,康舒,11,2,9,凱基-虎尾,2023-11-30,9236
6191,精成科,10,1,9,凱基-虎尾,2023-11-30,9236
2330,台積電,132,0,132,凱基-虎尾,2023-12-01,9236
2427,三商電,50,0,50,凱基-虎尾,2023-12-01,9236
3374,精材,40,0,40,凱基-虎尾,2023-12-01,9236
8096,擎亞,43,5,38,凱基-虎尾,2023-12-01,9236
2329,華泰,95,57,38,凱基-虎尾,2023-12-01,9236
1701,中化,35,1,34,凱基-虎尾,2023-12-01,9236
3540,曜越,33,0,33,凱基-虎尾,2023-12-01,9236
2405,輔信,333,300,33,凱基-虎尾,2023-12-01,9236
8054,安國,31,0,31,凱基-虎尾,2023-12-01,9236
00934,中信成長高股息,30,0,30,凱基-虎尾,2023-12-01,9236
00715L,期街口布蘭特正2,31,2,29,凱基-虎尾,2023-12-01,9236
6530,創威,37,8,29,凱基-虎尾,2023-12-01,9236
00680L,元大美債20正2,28,0,28,凱基-虎尾,2023-12-01,9236
4533,協易機,32,6,26,凱基-虎尾,2023-12-01,9236
2402,毅嘉,26,4,22,凱基-虎尾,2023-12-01,9236
5483,中美晶,22,0,22,凱基-虎尾,2023-12-01,9236
9103,美德醫療-DR,24,2,22,凱基-虎尾,2023-12-01,9236
00665L,富邦�琤肭磪囓�2,21,0,21,凱基-虎尾,2023-12-01,9236
5202,力新,21,0,21,凱基-虎尾,2023-12-01,9236
00935,野村臺灣新科技50,20,0,20,凱基-虎尾,2023-12-01,9236
3044,健鼎,20,0,20,凱基-虎尾,2023-12-01,9236
00919,群益台灣精選高息,22,2,20,凱基-虎尾,2023-12-01,9236
2601,益航,19,0,19,凱基-虎尾,2023-12-01,9236
00878,國泰永續高股息,39,21,18,凱基-虎尾,2023-12-01,9236
00643,群益深証中小,17,0,17,凱基-虎尾,2023-12-01,9236
1568,倉佑,18,1,17,凱基-虎尾,2023-12-01,9236
1815,富喬,17,0,17,凱基-虎尾,2023-12-01,9236
2355,敬鵬,24,8,16,凱基-虎尾,2023-12-01,9236
8038,長園科,20,4,16,凱基-虎尾,2023-12-01,9236
2883,凱基金,15,0,15,凱基-虎尾,2023-12-01,9236
1471,首利,15,1,14,凱基-虎尾,2023-12-01,9236
1584,精剛,14,0,14,凱基-虎尾,2023-12-01,9236
1618,合機,24,10,14,凱基-虎尾,2023-12-01,9236
1752,南光,16,2,14,凱基-虎尾,2023-12-01,9236
1907,永豐餘,14,0,14,凱基-虎尾,2023-12-01,9236
2388,威盛,22,8,14,凱基-虎尾,2023-12-01,9236
1101,台泥,29,16,13,凱基-虎尾,2023-12-01,9236
2615,萬海,14,1,13,凱基-虎尾,2023-12-01,9236
2617,台航,19,6,13,凱基-虎尾,2023-12-01,9236
3481,群創,13,0,13,凱基-虎尾,2023-12-01,9236
1308,亞聚,12,0,12,凱基-虎尾,2023-12-01,9236
3041,揚智,21,9,12,凱基-虎尾,2023-12-01,9236
6125,廣運,16,4,12,凱基-虎尾,2023-12-01,9236
9945,潤泰新,12,0,12,凱基-虎尾,2023-12-01,9236
2352,佳世達,16,5,11,凱基-虎尾,2023-12-01,9236
3176,基亞,16,5,11,凱基-虎尾,2023-12-01,9236
6104,創惟,11,0,11,凱基-虎尾,2023-12-01,9236
6108,競國,32,21,11,凱基-虎尾,2023-12-01,9236
6143,振曜,12,1,11,凱基-虎尾,2023-12-01,9236
1444,力麗,11,0,11,凱基-虎尾,2023-12-01,9236
2887,台新金,302,0,302,凱基-虎尾,2023-12-04,9236
3481,群創,1755,1521,234,凱基-虎尾,2023-12-04,9236
2610,華航,137,7,130,凱基-虎尾,2023-12-04,9236
1605,華新,201,94,107,凱基-虎尾,2023-12-04,9236
2618,長榮航,178,78,100,凱基-虎尾,2023-12-04,9236
2637,慧洋-KY,96,36,60,凱基-虎尾,2023-12-04,9236
00715L,期街口布蘭特正2,52,2,50,凱基-虎尾,2023-12-04,9236
3017,奇鋐,51,5,46,凱基-虎尾,2023-12-04,9236
5608,四維航,41,1,40,凱基-虎尾,2023-12-04,9236
2883,凱基金,70,33,37,凱基-虎尾,2023-12-04,9236
9919,康那香,114,78,36,凱基-虎尾,2023-12-04,9236
2492,華新科,40,6,34,凱基-虎尾,2023-12-04,9236
2465,麗臺,33,1,32,凱基-虎尾,2023-12-04,9236
00676R,富邦臺灣加權反1,30,0,30,凱基-虎尾,2023-12-04,9236
1809,中釉,30,1,29,凱基-虎尾,2023-12-04,9236
00919,群益台灣精選高息,37,9,28,凱基-虎尾,2023-12-04,9236
3041,揚智,27,0,27,凱基-虎尾,2023-12-04,9236
2606,裕民,47,22,25,凱基-虎尾,2023-12-04,9236
2332,友訊,24,0,24,凱基-虎尾,2023-12-04,9236
00687B,國泰20年美債,22,0,22,凱基-虎尾,2023-12-04,9236
6288,聯嘉,24,2,22,凱基-虎尾,2023-12-04,9236
1324,地球,20,0,20,凱基-虎尾,2023-12-04,9236
1464,得力,20,0,20,凱基-虎尾,2023-12-04,9236
6143,振曜,21,1,20,凱基-虎尾,2023-12-04,9236
6494,九齊,20,0,20,凱基-虎尾,2023-12-04,9236
1504,東元,19,0,19,凱基-虎尾,2023-12-04,9236
3704,合勤控,19,0,19,凱基-虎尾,2023-12-04,9236
3050,鈺德,28,10,18,凱基-虎尾,2023-12-04,9236
3312,弘憶股,18,0,18,凱基-虎尾,2023-12-04,9236
2607,榮運,26,9,17,凱基-虎尾,2023-12-04,9236
1708,東鹼,38,21,17,凱基-虎尾,2023-12-04,9236
1785,光洋科,28,12,16,凱基-虎尾,2023-12-04,9236
2208,台船,17,1,16,凱基-虎尾,2023-12-04,9236
00936,台新永續高息中小,15,0,15,凱基-虎尾,2023-12-04,9236
3713,新晶投控,15,0,15,凱基-虎尾,2023-12-04,9236
1720,生達,14,0,14,凱基-虎尾,2023-12-04,9236
00751B,元大AAA至A公司債,13,0,13,凱基-虎尾,2023-12-04,9236
3390,旭軟,14,1,13,凱基-虎尾,2023-12-04,9236
4142,國光生,13,0,13,凱基-虎尾,2023-12-04,9236
00706L,期元大S＆P日圓正2,12,0,12,凱基-虎尾,2023-12-04,9236
2453,凌群,12,0,12,凱基-虎尾,2023-12-04,9236
3624,光頡,15,3,12,凱基-虎尾,2023-12-04,9236
00934,中信成長高股息,11,0,11,凱基-虎尾,2023-12-04,9236
2419,仲琦,12,1,11,凱基-虎尾,2023-12-04,9236
5309,系統電,11,0,11,凱基-虎尾,2023-12-04,9236
9945,潤泰新,20,9,11,凱基-虎尾,2023-12-04,9236
4933,友輝,11,0,11,凱基-虎尾,2023-12-04,9236
3706,神達,11,1,10,凱基-虎尾,2023-12-04,9236
2316,楠梓電,11,1,10,凱基-虎尾,2023-12-04,9236
2520,冠德,10,0,10,凱基-虎尾,2023-12-04,9236
00934,中信成長高股息,235,0,235,凱基-虎尾,2023-12-05,9236
2641,正德,188,93,95,凱基-虎尾,2023-12-05,9236
1582,信錦,93,3,90,凱基-虎尾,2023-12-05,9236
00687B,國泰20年美債,87,0,87,凱基-虎尾,2023-12-05,9236
1514,亞力,107,22,85,凱基-虎尾,2023-12-05,9236
2344,華邦電,38,0,38,凱基-虎尾,2023-12-05,9236
3290,東浦,34,2,32,凱基-虎尾,2023-12-05,9236
00680L,元大美債20正2,30,0,30,凱基-虎尾,2023-12-05,9236
8096,擎亞,33,4,29,凱基-虎尾,2023-12-05,9236
2605,新興,167,139,28,凱基-虎尾,2023-12-05,9236
00919,群益台灣精選高息,28,1,27,凱基-虎尾,2023-12-05,9236
1616,億泰,25,0,25,凱基-虎尾,2023-12-05,9236
00935,野村臺灣新科技50,22,0,22,凱基-虎尾,2023-12-05,9236
1702,南僑,22,0,22,凱基-虎尾,2023-12-05,9236
00753L,中信中國50正2,31,10,21,凱基-虎尾,2023-12-05,9236
8086,宏捷科,33,12,21,凱基-虎尾,2023-12-05,9236
2516,新建,20,0,20,凱基-虎尾,2023-12-05,9236
2882,國泰金,20,0,20,凱基-虎尾,2023-12-05,9236
2303,聯電,19,0,19,凱基-虎尾,2023-12-05,9236
2731,雄獅,20,1,19,凱基-虎尾,2023-12-05,9236
5272,笙科,19,0,19,凱基-虎尾,2023-12-05,9236
5381,合正,18,1,17,凱基-虎尾,2023-12-05,9236
5426,振發,17,1,16,凱基-虎尾,2023-12-05,9236
5521,工信,16,0,16,凱基-虎尾,2023-12-05,9236
3615,安可,15,0,15,凱基-虎尾,2023-12-05,9236
3231,緯創,15,1,14,凱基-虎尾,2023-12-05,9236
3017,奇鋐,15,1,14,凱基-虎尾,2023-12-05,9236
00878,國泰永續高股息,35,21,14,凱基-虎尾,2023-12-05,9236
00715L,期街口布蘭特正2,15,1,14,凱基-虎尾,2023-12-05,9236
1522,堤維西,18,4,14,凱基-虎尾,2023-12-05,9236
3050,鈺德,41,28,13,凱基-虎尾,2023-12-05,9236
1618,合機,14,2,12,凱基-虎尾,2023-12-05,9236
2353,宏��,15,3,12,凱基-虎尾,2023-12-05,9236
6770,力積電,12,0,12,凱基-虎尾,2023-12-05,9236
2413,環科,14,3,11,凱基-虎尾,2023-12-05,9236
2515,中工,41,30,11,凱基-虎尾,2023-12-05,9236
2313,華通,13,2,11,凱基-虎尾,2023-12-05,9236
00637L,元大滬深300正2,10,0,10,凱基-虎尾,2023-12-05,9236
1504,東元,11,1,10,凱基-虎尾,2023-12-05,9236
2601,益航,10,0,10,凱基-虎尾,2023-12-05,9236
2461,光群雷,9,0,9,凱基-虎尾,2023-12-05,9236
3576,聯合再生,9,0,9,凱基-虎尾,2023-12-05,9236
00918,大華優利高填息30,18,10,8,凱基-虎尾,2023-12-05,9236
2421,建準,9,1,8,凱基-虎尾,2023-12-05,9236
3380,明泰,9,1,8,凱基-虎尾,2023-12-05,9236
3489,森寶,8,0,8,凱基-虎尾,2023-12-05,9236
6015,宏遠證,8,0,8,凱基-虎尾,2023-12-05,9236
00751B,元大AAA至A公司債,7,0,7,凱基-虎尾,2023-12-05,9236
2204,中華,7,0,7,凱基-虎尾,2023-12-05,9236
3376,新日興,7,0,7,凱基-虎尾,2023-12-05,9236
8086,宏捷科,696,189,507,凱基-虎尾,2023-12-06,9236
00633L,富邦上証正2,200,0,200,凱基-虎尾,2023-12-06,9236
00680L,元大美債20正2,185,1,184,凱基-虎尾,2023-12-06,9236
00937B,群益ESG投等債20,94,4,90,凱基-虎尾,2023-12-06,9236
2611,志信,116,29,87,凱基-虎尾,2023-12-06,9236
00919,群益台灣精選高息,69,4,65,凱基-虎尾,2023-12-06,9236
00687B,國泰20年美債,57,1,56,凱基-虎尾,2023-12-06,9236
00642U,期元大S＆P石油,50,0,50,凱基-虎尾,2023-12-06,9236
3702,大聯大,50,6,44,凱基-虎尾,2023-12-06,9236
2801,彰銀,41,0,41,凱基-虎尾,2023-12-06,9236
5009,榮剛,36,2,34,凱基-虎尾,2023-12-06,9236
1503,士電,47,17,30,凱基-虎尾,2023-12-06,9236
1504,東元,32,2,30,凱基-虎尾,2023-12-06,9236
2344,華邦電,37,7,30,凱基-虎尾,2023-12-06,9236
3390,旭軟,30,0,30,凱基-虎尾,2023-12-06,9236
2355,敬鵬,31,3,28,凱基-虎尾,2023-12-06,9236
3231,緯創,46,18,28,凱基-虎尾,2023-12-06,9236
1524,耿鼎,33,6,27,凱基-虎尾,2023-12-06,9236
3044,健鼎,27,0,27,凱基-虎尾,2023-12-06,9236
6161,捷波,28,1,27,凱基-虎尾,2023-12-06,9236
1907,永豐餘,46,21,25,凱基-虎尾,2023-12-06,9236
2605,新興,134,110,24,凱基-虎尾,2023-12-06,9236
2329,華泰,42,18,24,凱基-虎尾,2023-12-06,9236
5521,工信,43,19,24,凱基-虎尾,2023-12-06,9236
2402,毅嘉,25,2,23,凱基-虎尾,2023-12-06,9236
1522,堤維西,172,149,23,凱基-虎尾,2023-12-06,9236
1568,倉佑,23,0,23,凱基-虎尾,2023-12-06,9236
2409,友達,21,0,21,凱基-虎尾,2023-12-06,9236
8088,品安,21,0,21,凱基-虎尾,2023-12-06,9236
1785,光洋科,20,0,20,凱基-虎尾,2023-12-06,9236
2392,正崴,20,0,20,凱基-虎尾,2023-12-06,9236
3540,曜越,20,0,20,凱基-虎尾,2023-12-06,9236
2376,技嘉,57,38,19,凱基-虎尾,2023-12-06,9236
2888,新光金,19,0,19,凱基-虎尾,2023-12-06,9236
3036,文曄,20,1,19,凱基-虎尾,2023-12-06,9236
3715,定穎投控,27,8,19,凱基-虎尾,2023-12-06,9236
2417,圓剛,18,0,18,凱基-虎尾,2023-12-06,9236
3094,聯傑,18,0,18,凱基-虎尾,2023-12-06,9236
6233,旺玖,41,23,18,凱基-虎尾,2023-12-06,9236
00751B,元大AAA至A公司債,17,0,17,凱基-虎尾,2023-12-06,9236
2401,凌陽,27,10,17,凱基-虎尾,2023-12-06,9236
2458,義隆,17,0,17,凱基-虎尾,2023-12-06,9236
4533,協易機,19,2,17,凱基-虎尾,2023-12-06,9236
5351,鈺創,17,1,16,凱基-虎尾,2023-12-06,9236
2465,麗臺,34,18,16,凱基-虎尾,2023-12-06,9236
3317,尼克森,17,1,16,凱基-虎尾,2023-12-06,9236
2890,永豐金,20,4,16,凱基-虎尾,2023-12-06,9236
2303,聯電,15,0,15,凱基-虎尾,2023-12-06,9236
00715L,期街口布蘭特正2,15,0,15,凱基-虎尾,2023-12-06,9236
4967,十銓,25,10,15,凱基-虎尾,2023-12-06,9236
00632R,元大台灣50反1,190,0,190,凱基-虎尾,2023-12-07,9236
1605,華新,192,56,136,凱基-虎尾,2023-12-07,9236
2344,華邦電,103,0,103,凱基-虎尾,2023-12-07,9236
2329,華泰,81,8,73,凱基-虎尾,2023-12-07,9236
2359,所羅門,135,63,72,凱基-虎尾,2023-12-07,9236
00642U,期元大S＆P石油,51,0,51,凱基-虎尾,2023-12-07,9236
00715L,期街口布蘭特正2,47,0,47,凱基-虎尾,2023-12-07,9236
2367,燿華,94,53,41,凱基-虎尾,2023-12-07,9236
2801,彰銀,41,0,41,凱基-虎尾,2023-12-07,9236
1219,福壽,40,0,40,凱基-虎尾,2023-12-07,9236
00673R,期元大S＆P原油反1,33,0,33,凱基-虎尾,2023-12-07,9236
00882,中信中國高股息,30,0,30,凱基-虎尾,2023-12-07,9236
00720B,元大投資級公司債,24,0,24,凱基-虎尾,2023-12-07,9236
00919,群益台灣精選高息,36,12,24,凱基-虎尾,2023-12-07,9236
6117,迎廣,44,20,24,凱基-虎尾,2023-12-07,9236
4109,加捷生醫,22,0,22,凱基-虎尾,2023-12-07,9236
1513,中興電,49,28,21,凱基-虎尾,2023-12-07,9236
00687B,國泰20年美債,21,0,21,凱基-虎尾,2023-12-07,9236
00637L,元大滬深300正2,31,10,21,凱基-虎尾,2023-12-07,9236
1514,亞力,86,65,21,凱基-虎尾,2023-12-07,9236
2468,華經,20,0,20,凱基-虎尾,2023-12-07,9236
2515,中工,20,0,20,凱基-虎尾,2023-12-07,9236
00633L,富邦上証正2,15,0,15,凱基-虎尾,2023-12-07,9236
3013,晟銘電,24,9,15,凱基-虎尾,2023-12-07,9236
00918,大華優利高填息30,13,0,13,凱基-虎尾,2023-12-07,9236
2605,新興,20,7,13,凱基-虎尾,2023-12-07,9236
2618,長榮航,240,227,13,凱基-虎尾,2023-12-07,9236
3290,東浦,13,0,13,凱基-虎尾,2023-12-07,9236
6770,力積電,13,0,13,凱基-虎尾,2023-12-07,9236
2427,三商電,14,3,11,凱基-虎尾,2023-12-07,9236
00936,台新永續高息中小,10,0,10,凱基-虎尾,2023-12-07,9236
2641,正德,12,2,10,凱基-虎尾,2023-12-07,9236
2889,國票金,10,0,10,凱基-虎尾,2023-12-07,9236
3050,鈺德,10,0,10,凱基-虎尾,2023-12-07,9236
5512,力麒,10,0,10,凱基-虎尾,2023-12-07,9236
5607,遠雄港,10,0,10,凱基-虎尾,2023-12-07,9236
2303,聯電,19,10,9,凱基-虎尾,2023-12-07,9236
00878,國泰永續高股息,13,4,9,凱基-虎尾,2023-12-07,9236
3481,群創,12,3,9,凱基-虎尾,2023-12-07,9236
00929,復華台灣科技優息,21,13,8,凱基-虎尾,2023-12-07,9236
1591,駿吉-KY,8,0,8,凱基-虎尾,2023-12-07,9236
2634,漢翔,8,0,8,凱基-虎尾,2023-12-07,9236
5452,佶優,9,1,8,凱基-虎尾,2023-12-07,9236
3051,力特,22,14,8,凱基-虎尾,2023-12-07,9236
4919,新唐,8,1,7,凱基-虎尾,2023-12-07,9236
2888,新光金,7,0,7,凱基-虎尾,2023-12-07,9236
3032,偉訓,7,0,7,凱基-虎尾,2023-12-07,9236
3044,健鼎,7,0,7,凱基-虎尾,2023-12-07,9236
5210,寶碩,7,0,7,凱基-虎尾,2023-12-07,9236
5381,合正,7,0,7,凱基-虎尾,2023-12-07,9236
00929,復華台灣科技優息,92,4,88,凱基-虎尾,2023-12-08,9236
00680L,元大美債20正2,73,2,71,凱基-虎尾,2023-12-08,9236
2610,華航,50,0,50,凱基-虎尾,2023-12-08,9236
6282,康舒,51,1,50,凱基-虎尾,2023-12-08,9236
2323,中環,48,0,48,凱基-虎尾,2023-12-08,9236
2605,新興,117,69,48,凱基-虎尾,2023-12-08,9236
5521,工信,41,0,41,凱基-虎尾,2023-12-08,9236
1524,耿鼎,83,43,40,凱基-虎尾,2023-12-08,9236
00937B,群益ESG投等債20,40,0,40,凱基-虎尾,2023-12-08,9236
00637L,元大滬深300正2,36,0,36,凱基-虎尾,2023-12-08,9236
8086,宏捷科,36,1,35,凱基-虎尾,2023-12-08,9236
00934,中信成長高股息,30,0,30,凱基-虎尾,2023-12-08,9236
00687B,國泰20年美債,30,1,29,凱基-虎尾,2023-12-08,9236
1324,地球,28,0,28,凱基-虎尾,2023-12-08,9236
2303,聯電,28,1,27,凱基-虎尾,2023-12-08,9236
00919,群益台灣精選高息,25,0,25,凱基-虎尾,2023-12-08,9236
5202,力新,22,0,22,凱基-虎尾,2023-12-08,9236
1522,堤維西,22,1,21,凱基-虎尾,2023-12-08,9236
00715L,期街口布蘭特正2,30,9,21,凱基-虎尾,2023-12-08,9236
2402,毅嘉,22,1,21,凱基-虎尾,2023-12-08,9236
3356,奇偶,20,0,20,凱基-虎尾,2023-12-08,9236
00933B,國泰10Y+金融債,19,0,19,凱基-虎尾,2023-12-08,9236
2314,台揚,20,1,19,凱基-虎尾,2023-12-08,9236
3050,鈺德,20,1,19,凱基-虎尾,2023-12-08,9236
2342,茂矽,18,0,18,凱基-虎尾,2023-12-08,9236
2331,精英,19,2,17,凱基-虎尾,2023-12-08,9236
1519,華城,28,12,16,凱基-虎尾,2023-12-08,9236
00885,富邦越南,16,0,16,凱基-虎尾,2023-12-08,9236
3094,聯傑,16,0,16,凱基-虎尾,2023-12-08,9236
5608,四維航,25,9,16,凱基-虎尾,2023-12-08,9236
6005,群益證,16,0,16,凱基-虎尾,2023-12-08,9236
2344,華邦電,17,2,15,凱基-虎尾,2023-12-08,9236
8436,大江,15,0,15,凱基-虎尾,2023-12-08,9236
9939,宏全,15,0,15,凱基-虎尾,2023-12-08,9236
3013,晟銘電,19,5,14,凱基-虎尾,2023-12-08,9236
4906,正文,150,136,14,凱基-虎尾,2023-12-08,9236
00679B,元大美債20年,12,0,12,凱基-虎尾,2023-12-08,9236
3032,偉訓,14,2,12,凱基-虎尾,2023-12-08,9236
1503,士電,112,101,11,凱基-虎尾,2023-12-08,9236
2337,旺宏,11,0,11,凱基-虎尾,2023-12-08,9236
2413,環科,11,0,11,凱基-虎尾,2023-12-08,9236
3363,上詮,13,2,11,凱基-虎尾,2023-12-08,9236
6547,高端疫苗,20,9,11,凱基-虎尾,2023-12-08,9236
6558,興能高,11,0,11,凱基-虎尾,2023-12-08,9236
1612,宏泰,21,11,10,凱基-虎尾,2023-12-08,9236
4533,協易機,54,44,10,凱基-虎尾,2023-12-08,9236
5309,系統電,10,0,10,凱基-虎尾,2023-12-08,9236
6116,彩晶,10,0,10,凱基-虎尾,2023-12-08,9236
6271,同欣電,12,2,10,凱基-虎尾,2023-12-08,9236
8068,全達,10,0,10,凱基-虎尾,2023-12-08,9236
2883,凱基金,163,30,133,凱基-虎尾,2023-12-11,9236
4543,萬在,114,0,114,凱基-虎尾,2023-12-11,9236
00715L,期街口布蘭特正2,97,1,96,凱基-虎尾,2023-12-11,9236
8936,國統,83,3,80,凱基-虎尾,2023-12-11,9236
00687B,國泰20年美債,65,0,65,凱基-虎尾,2023-12-11,9236
2367,燿華,110,55,55,凱基-虎尾,2023-12-11,9236
2515,中工,61,10,51,凱基-虎尾,2023-12-11,9236
4167,松瑞藥,37,0,37,凱基-虎尾,2023-12-11,9236
1815,富喬,118,82,36,凱基-虎尾,2023-12-11,9236
2913,農林,40,5,35,凱基-虎尾,2023-12-11,9236
3231,緯創,37,3,34,凱基-虎尾,2023-12-11,9236
1101,台泥,31,0,31,凱基-虎尾,2023-12-11,9236
00885,富邦越南,30,0,30,凱基-虎尾,2023-12-11,9236
00919,群益台灣精選高息,31,2,29,凱基-虎尾,2023-12-11,9236
3380,明泰,26,0,26,凱基-虎尾,2023-12-11,9236
00937B,群益ESG投等債20,26,1,25,凱基-虎尾,2023-12-11,9236
3163,波若威,26,4,22,凱基-虎尾,2023-12-11,9236
2425,承啟,31,10,21,凱基-虎尾,2023-12-11,9236
8354,冠好,21,0,21,凱基-虎尾,2023-12-11,9236
1219,福壽,20,0,20,凱基-虎尾,2023-12-11,9236
3712,永崴投控,20,0,20,凱基-虎尾,2023-12-11,9236
2365,昆盈,36,17,19,凱基-虎尾,2023-12-11,9236
6285,啟��,32,14,18,凱基-虎尾,2023-12-11,9236
6290,良維,19,1,18,凱基-虎尾,2023-12-11,9236
00878,國泰永續高股息,17,0,17,凱基-虎尾,2023-12-11,9236
3607,谷崧,20,4,16,凱基-虎尾,2023-12-11,9236
2371,大同,26,11,15,凱基-虎尾,2023-12-11,9236
2888,新光金,15,0,15,凱基-虎尾,2023-12-11,9236
00929,復華台灣科技優息,16,1,15,凱基-虎尾,2023-12-11,9236
3715,定穎投控,32,18,14,凱基-虎尾,2023-12-11,9236
1515,力山,14,0,14,凱基-虎尾,2023-12-11,9236
2402,毅嘉,31,17,14,凱基-虎尾,2023-12-11,9236
9927,泰銘,13,0,13,凱基-虎尾,2023-12-11,9236
2892,第一金,13,0,13,凱基-虎尾,2023-12-11,9236
2882,國泰金,12,0,12,凱基-虎尾,2023-12-11,9236
00738U,期元大道瓊白銀,12,0,12,凱基-虎尾,2023-12-11,9236
1727,中華化,12,0,12,凱基-虎尾,2023-12-11,9236
2354,鴻準,12,0,12,凱基-虎尾,2023-12-11,9236
5425,台半,14,2,12,凱基-虎尾,2023-12-11,9236
6189,豐藝,14,2,12,凱基-虎尾,2023-12-11,9236
6265,方土昶,12,0,12,凱基-虎尾,2023-12-11,9236
3078,僑威,24,13,11,凱基-虎尾,2023-12-11,9236
2317,鴻海,11,0,11,凱基-虎尾,2023-12-11,9236
00918,大華優利高填息30,11,0,11,凱基-虎尾,2023-12-11,9236
3622,洋華,12,1,11,凱基-虎尾,2023-12-11,9236
1312,國喬,10,0,10,凱基-虎尾,2023-12-11,9236
00650L,復華香港正2,10,0,10,凱基-虎尾,2023-12-11,9236
00688L,國泰20年美債正2,10,0,10,凱基-虎尾,2023-12-11,9236
3041,揚智,18,8,10,凱基-虎尾,2023-12-11,9236
4561,健椿,10,0,10,凱基-虎尾,2023-12-11,9236
3481,群創,315,9,306,凱基-虎尾,2023-12-12,9236
2883,凱基金,92,0,92,凱基-虎尾,2023-12-12,9236
3380,明泰,140,56,84,凱基-虎尾,2023-12-12,9236
3264,欣銓,77,4,73,凱基-虎尾,2023-12-12,9236
00919,群益台灣精選高息,70,7,63,凱基-虎尾,2023-12-12,9236
4906,正文,57,2,55,凱基-虎尾,2023-12-12,9236
2374,佳能,61,8,53,凱基-虎尾,2023-12-12,9236
4960,誠美材,51,0,51,凱基-虎尾,2023-12-12,9236
00632R,元大台灣50反1,50,7,43,凱基-虎尾,2023-12-12,9236
3231,緯創,49,9,40,凱基-虎尾,2023-12-12,9236
2409,友達,38,0,38,凱基-虎尾,2023-12-12,9236
3712,永崴投控,55,21,34,凱基-虎尾,2023-12-12,9236
2603,長榮,81,48,33,凱基-虎尾,2023-12-12,9236
2419,仲琦,37,4,33,凱基-虎尾,2023-12-12,9236
2634,漢翔,30,2,28,凱基-虎尾,2023-12-12,9236
5009,榮剛,51,23,28,凱基-虎尾,2023-12-12,9236
00687B,國泰20年美債,27,0,27,凱基-虎尾,2023-12-12,9236
2427,三商電,35,9,26,凱基-虎尾,2023-12-12,9236
6182,合晶,31,5,26,凱基-虎尾,2023-12-12,9236
6168,宏齊,27,2,25,凱基-虎尾,2023-12-12,9236
6770,力積電,26,2,24,凱基-虎尾,2023-12-12,9236
00878,國泰永續高股息,25,2,23,凱基-虎尾,2023-12-12,9236
00725B,國泰投資級公司債,23,0,23,凱基-虎尾,2023-12-12,9236
2542,興富發,23,1,22,凱基-虎尾,2023-12-12,9236
2331,精英,22,1,21,凱基-虎尾,2023-12-12,9236
5309,系統電,23,2,21,凱基-虎尾,2023-12-12,9236
00712,復華富時不動產,20,0,20,凱基-虎尾,2023-12-12,9236
00706L,期元大S＆P日圓正2,30,10,20,凱基-虎尾,2023-12-12,9236
3051,力特,20,0,20,凱基-虎尾,2023-12-12,9236
3317,尼克森,20,0,20,凱基-虎尾,2023-12-12,9236
5011,久陽,23,3,20,凱基-虎尾,2023-12-12,9236
6120,達運,20,0,20,凱基-虎尾,2023-12-12,9236
2355,敬鵬,18,0,18,凱基-虎尾,2023-12-12,9236
6239,力成,17,1,16,凱基-虎尾,2023-12-12,9236
1603,華電,15,0,15,凱基-虎尾,2023-12-12,9236
2354,鴻準,16,1,15,凱基-虎尾,2023-12-12,9236
6937,天虹,18,3,15,凱基-虎尾,2023-12-12,9236
4967,十銓,41,27,14,凱基-虎尾,2023-12-12,9236
2636,台驊控股,14,1,13,凱基-虎尾,2023-12-12,9236
2889,國票金,13,0,13,凱基-虎尾,2023-12-12,9236
3622,洋華,44,31,13,凱基-虎尾,2023-12-12,9236
5347,世界,12,0,12,凱基-虎尾,2023-12-12,9236
1101,台泥,12,0,12,凱基-虎尾,2023-12-12,9236
2468,華經,13,1,12,凱基-虎尾,2023-12-12,9236
9935,慶豐富,12,0,12,凱基-虎尾,2023-12-12,9236
2308,台達電,13,1,12,凱基-虎尾,2023-12-12,9236
3035,智原,35,24,11,凱基-虎尾,2023-12-12,9236
1618,合機,50,39,11,凱基-虎尾,2023-12-12,9236
2611,志信,11,0,11,凱基-虎尾,2023-12-12,9236
2618,長榮航,11,0,11,凱基-虎尾,2023-12-12,9236
2301,光寶科,408,50,358,凱基-虎尾,2023-12-13,9236
2382,廣達,329,9,320,凱基-虎尾,2023-12-13,9236
2883,凱基金,109,0,109,凱基-虎尾,2023-12-13,9236
1524,耿鼎,110,6,104,凱基-虎尾,2023-12-13,9236
3047,訊舟,50,0,50,凱基-虎尾,2023-12-13,9236
1815,富喬,58,17,41,凱基-虎尾,2023-12-13,9236
00764B,群益25年美債,40,0,40,凱基-虎尾,2023-12-13,9236
00687B,國泰20年美債,39,0,39,凱基-虎尾,2023-12-13,9236
4939,亞電,35,1,34,凱基-虎尾,2023-12-13,9236
00919,群益台灣精選高息,51,18,33,凱基-虎尾,2023-12-13,9236
00642U,期元大S＆P石油,31,0,31,凱基-虎尾,2023-12-13,9236
2313,華通,72,42,30,凱基-虎尾,2023-12-13,9236
1522,堤維西,31,3,28,凱基-虎尾,2023-12-13,9236
2417,圓剛,26,1,25,凱基-虎尾,2023-12-13,9236
3706,神達,101,76,25,凱基-虎尾,2023-12-13,9236
3078,僑威,26,5,21,凱基-虎尾,2023-12-13,9236
2834,臺企銀,20,0,20,凱基-虎尾,2023-12-13,9236
6129,普誠,20,0,20,凱基-虎尾,2023-12-13,9236
00937B,群益ESG投等債20,18,0,18,凱基-虎尾,2023-12-13,9236
2515,中工,109,91,18,凱基-虎尾,2023-12-13,9236
3051,力特,41,23,18,凱基-虎尾,2023-12-13,9236
8155,博智,24,6,18,凱基-虎尾,2023-12-13,9236
00680L,元大美債20正2,17,0,17,凱基-虎尾,2023-12-13,9236
2324,仁寶,55,39,16,凱基-虎尾,2023-12-13,9236
2520,冠德,17,1,16,凱基-虎尾,2023-12-13,9236
5607,遠雄港,16,0,16,凱基-虎尾,2023-12-13,9236
00688L,國泰20年美債正2,15,0,15,凱基-虎尾,2023-12-13,9236
1618,合機,41,26,15,凱基-虎尾,2023-12-13,9236
4533,協易機,17,2,15,凱基-虎尾,2023-12-13,9236
6111,大宇資,20,5,15,凱基-虎尾,2023-12-13,9236
6233,旺玖,21,6,15,凱基-虎尾,2023-12-13,9236
3481,群創,15,1,14,凱基-虎尾,2023-12-13,9236
3704,合勤控,15,2,13,凱基-虎尾,2023-12-13,9236
6122,擎邦,13,0,13,凱基-虎尾,2023-12-13,9236
00715L,期街口布蘭特正2,38,26,12,凱基-虎尾,2023-12-13,9236
4915,致伸,12,0,12,凱基-虎尾,2023-12-13,9236
00934,中信成長高股息,11,0,11,凱基-虎尾,2023-12-13,9236
3207,耀勝,11,0,11,凱基-虎尾,2023-12-13,9236
3306,鼎天,11,0,11,凱基-虎尾,2023-12-13,9236
6112,邁達特,11,0,11,凱基-虎尾,2023-12-13,9236
00878,國泰永續高股息,16,6,10,凱基-虎尾,2023-12-13,9236
2892,第一金,10,0,10,凱基-虎尾,2023-12-13,9236
00933B,國泰10Y+金融債,10,0,10,凱基-虎尾,2023-12-13,9236
00885,富邦越南,10,0,10,凱基-虎尾,2023-12-13,9236
1517,利奇,10,0,10,凱基-虎尾,2023-12-13,9236
2363,矽統,14,4,10,凱基-虎尾,2023-12-13,9236
2425,承啟,15,5,10,凱基-虎尾,2023-12-13,9236
6133,金橋,10,0,10,凱基-虎尾,2023-12-13,9236
6140,訊達,10,0,10,凱基-虎尾,2023-12-13,9236
6538,倉和,10,0,10,凱基-虎尾,2023-12-13,9236
00680L,元大美債20正2,216,30,186,凱基-虎尾,2023-12-14,9236
00892,富邦台灣半導體,100,0,100,凱基-虎尾,2023-12-14,9236
3264,欣銓,81,2,79,凱基-虎尾,2023-12-14,9236
3372,典範,72,0,72,凱基-虎尾,2023-12-14,9236
3005,神基,96,35,61,凱基-虎尾,2023-12-14,9236
3213,茂訊,63,2,61,凱基-虎尾,2023-12-14,9236
00929,復華台灣科技優息,66,9,57,凱基-虎尾,2023-12-14,9236
6139,亞翔,55,3,52,凱基-虎尾,2023-12-14,9236
00676R,富邦臺灣加權反1,50,0,50,凱基-虎尾,2023-12-14,9236
2402,毅嘉,47,2,45,凱基-虎尾,2023-12-14,9236
2498,宏達電,48,5,43,凱基-虎尾,2023-12-14,9236
6153,嘉聯益,37,0,37,凱基-虎尾,2023-12-14,9236
8096,擎亞,34,0,34,凱基-虎尾,2023-12-14,9236
2897,王道銀行,30,0,30,凱基-虎尾,2023-12-14,9236
2359,所羅門,31,2,29,凱基-虎尾,2023-12-14,9236
2365,昆盈,54,26,28,凱基-虎尾,2023-12-14,9236
3051,力特,46,18,28,凱基-虎尾,2023-12-14,9236
6126,信音,30,2,28,凱基-虎尾,2023-12-14,9236
4973,廣穎,26,0,26,凱基-虎尾,2023-12-14,9236
4720,德淵,25,0,25,凱基-虎尾,2023-12-14,9236
4967,十銓,24,0,24,凱基-虎尾,2023-12-14,9236
6127,九豪,41,17,24,凱基-虎尾,2023-12-14,9236
00655L,國泰中國A50正2,20,0,20,凱基-虎尾,2023-12-14,9236
00752,中信中國50,20,0,20,凱基-虎尾,2023-12-14,9236
1905,華紙,22,2,20,凱基-虎尾,2023-12-14,9236
2338,光罩,20,0,20,凱基-虎尾,2023-12-14,9236
6168,宏齊,19,0,19,凱基-虎尾,2023-12-14,9236
2371,大同,19,1,18,凱基-虎尾,2023-12-14,9236
5328,華容,24,6,18,凱基-虎尾,2023-12-14,9236
00720B,元大投資級公司債,17,0,17,凱基-虎尾,2023-12-14,9236
2344,華邦電,18,1,17,凱基-虎尾,2023-12-14,9236
3645,達邁,21,5,16,凱基-虎尾,2023-12-14,9236
00687B,國泰20年美債,16,1,15,凱基-虎尾,2023-12-14,9236
00669R,國泰美國道瓊反1,15,0,15,凱基-虎尾,2023-12-14,9236
2328,廣宇,14,0,14,凱基-虎尾,2023-12-14,9236
5457,宣德,18,4,14,凱基-虎尾,2023-12-14,9236
6118,建達,14,0,14,凱基-虎尾,2023-12-14,9236
9945,潤泰新,20,6,14,凱基-虎尾,2023-12-14,9236
00632R,元大台灣50反1,18,5,13,凱基-虎尾,2023-12-14,9236
2607,榮運,25,12,13,凱基-虎尾,2023-12-14,9236
2834,臺企銀,13,0,13,凱基-虎尾,2023-12-14,9236
5498,凱崴,13,0,13,凱基-虎尾,2023-12-14,9236
6672,騰輝電子-KY,13,0,13,凱基-虎尾,2023-12-14,9236
5425,台半,16,4,12,凱基-虎尾,2023-12-14,9236
6122,擎邦,12,0,12,凱基-虎尾,2023-12-14,9236
6275,元山,12,0,12,凱基-虎尾,2023-12-14,9236
1584,精剛,12,1,11,凱基-虎尾,2023-12-14,9236
2481,強茂,19,8,11,凱基-虎尾,2023-12-14,9236
3260,威剛,13,2,11,凱基-虎尾,2023-12-14,9236
6213,聯茂,11,0,11,凱基-虎尾,2023-12-14,9236
00679B,元大美債20年,136,5,131,凱基-虎尾,2023-12-15,9236
00680L,元大美債20正2,91,0,91,凱基-虎尾,2023-12-15,9236
2363,矽統,296,208,88,凱基-虎尾,2023-12-15,9236
00687B,國泰20年美債,69,0,69,凱基-虎尾,2023-12-15,9236
2392,正崴,62,1,61,凱基-虎尾,2023-12-15,9236
2344,華邦電,207,153,54,凱基-虎尾,2023-12-15,9236
2002,中鋼,54,2,52,凱基-虎尾,2023-12-15,9236
00688L,國泰20年美債正2,48,0,48,凱基-虎尾,2023-12-15,9236
1101,台泥,46,0,46,凱基-虎尾,2023-12-15,9236
00934,中信成長高股息,42,0,42,凱基-虎尾,2023-12-15,9236
2010,春源,43,2,41,凱基-虎尾,2023-12-15,9236
2356,英業達,103,65,38,凱基-虎尾,2023-12-15,9236
2609,陽明,53,18,35,凱基-虎尾,2023-12-15,9236
3231,緯創,41,8,33,凱基-虎尾,2023-12-15,9236
1809,中釉,31,0,31,凱基-虎尾,2023-12-15,9236
4956,光鋐,30,0,30,凱基-虎尾,2023-12-15,9236
00919,群益台灣精選高息,98,69,29,凱基-虎尾,2023-12-15,9236
2515,中工,51,24,27,凱基-虎尾,2023-12-15,9236
1802,台玻,24,0,24,凱基-虎尾,2023-12-15,9236
6443,元晶,27,3,24,凱基-虎尾,2023-12-15,9236
00918,大華優利高填息30,24,1,23,凱基-虎尾,2023-12-15,9236
1608,華榮,34,11,23,凱基-虎尾,2023-12-15,9236
2892,第一金,28,5,23,凱基-虎尾,2023-12-15,9236
4967,十銓,23,0,23,凱基-虎尾,2023-12-15,9236
6509,聚和,27,5,22,凱基-虎尾,2023-12-15,9236
2420,新巨,20,0,20,凱基-虎尾,2023-12-15,9236
4908,前鼎,20,0,20,凱基-虎尾,2023-12-15,9236
2352,佳世達,20,0,20,凱基-虎尾,2023-12-15,9236
6244,茂迪,19,0,19,凱基-虎尾,2023-12-15,9236
00885,富邦越南,21,2,19,凱基-虎尾,2023-12-15,9236
00937B,群益ESG投等債20,19,1,18,凱基-虎尾,2023-12-15,9236
3622,洋華,18,0,18,凱基-虎尾,2023-12-15,9236
2017,官田鋼,24,6,18,凱基-虎尾,2023-12-15,9236
00637L,元大滬深300正2,15,0,15,凱基-虎尾,2023-12-15,9236
2887,台新金,15,0,15,凱基-虎尾,2023-12-15,9236
6122,擎邦,13,0,13,凱基-虎尾,2023-12-15,9236
3260,威剛,15,3,12,凱基-虎尾,2023-12-15,9236
5607,遠雄港,12,0,12,凱基-虎尾,2023-12-15,9236
6546,正基,12,0,12,凱基-虎尾,2023-12-15,9236
2468,華經,11,0,11,凱基-虎尾,2023-12-15,9236
3041,揚智,19,8,11,凱基-虎尾,2023-12-15,9236
3499,環天科,15,4,11,凱基-虎尾,2023-12-15,9236
2603,長榮,1744,1733,11,凱基-虎尾,2023-12-15,9236
2412,中華電,10,0,10,凱基-虎尾,2023-12-15,9236
2032,新鋼,10,0,10,凱基-虎尾,2023-12-15,9236
2888,新光金,10,0,10,凱基-虎尾,2023-12-15,9236
5426,振發,10,0,10,凱基-虎尾,2023-12-15,9236
5469,瀚宇博,10,0,10,凱基-虎尾,2023-12-15,9236
5531,鄉林,13,3,10,凱基-虎尾,2023-12-15,9236
4142,國光生,10,0,10,凱基-虎尾,2023-12-15,9236
1605,華新,105,1,104,凱基-虎尾,2023-12-18,9236
00679B,元大美債20年,78,0,78,凱基-虎尾,2023-12-18,9236
00688L,國泰20年美債正2,61,10,51,凱基-虎尾,2023-12-18,9236
2888,新光金,56,5,51,凱基-虎尾,2023-12-18,9236
1905,華紙,50,4,46,凱基-虎尾,2023-12-18,9236
6235,華孚,43,0,43,凱基-虎尾,2023-12-18,9236
2913,農林,46,6,40,凱基-虎尾,2023-12-18,9236
2618,長榮航,38,3,35,凱基-虎尾,2023-12-18,9236
00673R,期元大S＆P原油反1,34,0,34,凱基-虎尾,2023-12-18,9236
00687B,國泰20年美債,28,0,28,凱基-虎尾,2023-12-18,9236
9919,康那香,35,10,25,凱基-虎尾,2023-12-18,9236
1305,華夏,21,0,21,凱基-虎尾,2023-12-18,9236
6245,立端,21,0,21,凱基-虎尾,2023-12-18,9236
00907,永豐優息存股,20,0,20,凱基-虎尾,2023-12-18,9236
00636,國泰中國A50,20,0,20,凱基-虎尾,2023-12-18,9236
2241,艾姆勒,20,0,20,凱基-虎尾,2023-12-18,9236
2883,凱基金,20,0,20,凱基-虎尾,2023-12-18,9236
3704,合勤控,20,0,20,凱基-虎尾,2023-12-18,9236
3712,永崴投控,21,1,20,凱基-虎尾,2023-12-18,9236
00937B,群益ESG投等債20,33,14,19,凱基-虎尾,2023-12-18,9236
2023,燁輝,34,15,19,凱基-虎尾,2023-12-18,9236
00720B,元大投資級公司債,18,0,18,凱基-虎尾,2023-12-18,9236
00934,中信成長高股息,21,3,18,凱基-虎尾,2023-12-18,9236
00918,大華優利高填息30,18,0,18,凱基-虎尾,2023-12-18,9236
5351,鈺創,23,5,18,凱基-虎尾,2023-12-18,9236
2356,英業達,51,34,17,凱基-虎尾,2023-12-18,9236
5521,工信,22,5,17,凱基-虎尾,2023-12-18,9236
5457,宣德,16,0,16,凱基-虎尾,2023-12-18,9236
9904,寶成,16,0,16,凱基-虎尾,2023-12-18,9236
2607,榮運,20,4,16,凱基-虎尾,2023-12-18,9236
2344,華邦電,78,62,16,凱基-虎尾,2023-12-18,9236
9958,世紀鋼,16,1,15,凱基-虎尾,2023-12-18,9236
00751B,元大AAA至A公司債,14,0,14,凱基-虎尾,2023-12-18,9236
2105,正新,15,1,14,凱基-虎尾,2023-12-18,9236
00915,凱基優選高股息30,19,6,13,凱基-虎尾,2023-12-18,9236
3450,聯鈞,13,0,13,凱基-虎尾,2023-12-18,9236
0056,元大高股息,13,0,13,凱基-虎尾,2023-12-18,9236
00665L,富邦�琤肭磪囓�2,12,0,12,凱基-虎尾,2023-12-18,9236
2482,連宇,13,2,11,凱基-虎尾,2023-12-18,9236
2801,彰銀,11,0,11,凱基-虎尾,2023-12-18,9236
3051,力特,12,1,11,凱基-虎尾,2023-12-18,9236
1903,士紙,10,0,10,凱基-虎尾,2023-12-18,9236
2390,云辰,10,0,10,凱基-虎尾,2023-12-18,9236
2641,正德,10,0,10,凱基-虎尾,2023-12-18,9236
5452,佶優,12,2,10,凱基-虎尾,2023-12-18,9236
5512,力麒,10,0,10,凱基-虎尾,2023-12-18,9236
6205,詮欣,13,3,10,凱基-虎尾,2023-12-18,9236
9902,台火,10,0,10,凱基-虎尾,2023-12-18,9236
3231,緯創,14,4,10,凱基-虎尾,2023-12-18,9236
2610,華航,9,0,9,凱基-虎尾,2023-12-18,9236
6156,松上,175,3,172,凱基-虎尾,2023-12-19,9236
2515,中工,123,33,90,凱基-虎尾,2023-12-19,9236
2606,裕民,81,12,69,凱基-虎尾,2023-12-19,9236
4109,加捷生醫,58,0,58,凱基-虎尾,2023-12-19,9236
8050,廣積,41,0,41,凱基-虎尾,2023-12-19,9236
00687B,國泰20年美債,45,5,40,凱基-虎尾,2023-12-19,9236
1795,美時,30,0,30,凱基-虎尾,2023-12-19,9236
00680L,元大美債20正2,60,31,29,凱基-虎尾,2023-12-19,9236
9919,康那香,25,0,25,凱基-虎尾,2023-12-19,9236
2038,海光,20,0,20,凱基-虎尾,2023-12-19,9236
2506,太設,20,0,20,凱基-虎尾,2023-12-19,9236
6234,高僑,20,0,20,凱基-虎尾,2023-12-19,9236
8096,擎亞,20,0,20,凱基-虎尾,2023-12-19,9236
00673R,期元大S＆P原油反1,19,0,19,凱基-虎尾,2023-12-19,9236
2344,華邦電,34,15,19,凱基-虎尾,2023-12-19,9236
2356,英業達,49,30,19,凱基-虎尾,2023-12-19,9236
3481,群創,20,1,19,凱基-虎尾,2023-12-19,9236
1781,合世,17,0,17,凱基-虎尾,2023-12-19,9236
1101,台泥,32,16,16,凱基-虎尾,2023-12-19,9236
8011,台通,17,1,16,凱基-虎尾,2023-12-19,9236
00933B,國泰10Y+金融債,15,0,15,凱基-虎尾,2023-12-19,9236
00654R,富邦印度反1,15,0,15,凱基-虎尾,2023-12-19,9236
00937B,群益ESG投等債20,24,10,14,凱基-虎尾,2023-12-19,9236
2801,彰銀,14,0,14,凱基-虎尾,2023-12-19,9236
1815,富喬,13,0,13,凱基-虎尾,2023-12-19,9236
5608,四維航,20,7,13,凱基-虎尾,2023-12-19,9236
2408,南亞科,12,1,11,凱基-虎尾,2023-12-19,9236
2449,京元電子,11,0,11,凱基-虎尾,2023-12-19,9236
2516,新建,11,0,11,凱基-虎尾,2023-12-19,9236
5512,力麒,11,0,11,凱基-虎尾,2023-12-19,9236
5521,工信,28,17,11,凱基-虎尾,2023-12-19,9236
2337,旺宏,11,0,11,凱基-虎尾,2023-12-19,9236
2892,第一金,11,1,10,凱基-虎尾,2023-12-19,9236
1312,國喬,10,0,10,凱基-虎尾,2023-12-19,9236
1337,再生-KY,10,0,10,凱基-虎尾,2023-12-19,9236
1701,中化,10,0,10,凱基-虎尾,2023-12-19,9236
2409,友達,10,0,10,凱基-虎尾,2023-12-19,9236
6127,九豪,10,0,10,凱基-虎尾,2023-12-19,9236
8429,金麗-KY,10,0,10,凱基-虎尾,2023-12-19,9236
2303,聯電,10,0,10,凱基-虎尾,2023-12-19,9236
2002,中鋼,31,22,9,凱基-虎尾,2023-12-19,9236
1434,福懋,8,0,8,凱基-虎尾,2023-12-19,9236
2033,佳大,8,0,8,凱基-虎尾,2023-12-19,9236
2301,光寶科,8,0,8,凱基-虎尾,2023-12-19,9236
2312,金寶,8,0,8,凱基-虎尾,2023-12-19,9236
8163,達方,8,0,8,凱基-虎尾,2023-12-19,9236
3706,神達,8,0,8,凱基-虎尾,2023-12-19,9236
00936,台新永續高息中小,7,0,7,凱基-虎尾,2023-12-19,9236
2812,台中銀,7,0,7,凱基-虎尾,2023-12-19,9236
6290,良維,7,0,7,凱基-虎尾,2023-12-19,9236
1905,華紙,107,3,104,凱基-虎尾,2023-12-20,9236
3706,神達,86,8,78,凱基-虎尾,2023-12-20,9236
2365,昆盈,81,4,77,凱基-虎尾,2023-12-20,9236
2312,金寶,134,59,75,凱基-虎尾,2023-12-20,9236
2409,友達,65,1,64,凱基-虎尾,2023-12-20,9236
2356,英業達,675,613,62,凱基-虎尾,2023-12-20,9236
00688L,國泰20年美債正2,57,0,57,凱基-虎尾,2023-12-20,9236
9105,泰金寶-DR,55,0,55,凱基-虎尾,2023-12-20,9236
3481,群創,63,12,51,凱基-虎尾,2023-12-20,9236
2344,華邦電,55,6,49,凱基-虎尾,2023-12-20,9236
2331,精英,50,6,44,凱基-虎尾,2023-12-20,9236
2371,大同,43,1,42,凱基-虎尾,2023-12-20,9236
00715L,期街口布蘭特正2,38,0,38,凱基-虎尾,2023-12-20,9236
6140,訊達,38,5,33,凱基-虎尾,2023-12-20,9236
00902,中信電池及儲能,30,0,30,凱基-虎尾,2023-12-20,9236
8201,無敵,30,0,30,凱基-虎尾,2023-12-20,9236
00706L,期元大S＆P日圓正2,30,2,28,凱基-虎尾,2023-12-20,9236
6282,康舒,27,0,27,凱基-虎尾,2023-12-20,9236
00919,群益台灣精選高息,26,1,25,凱基-虎尾,2023-12-20,9236
2609,陽明,129,104,25,凱基-虎尾,2023-12-20,9236
3325,旭品,31,8,23,凱基-虎尾,2023-12-20,9236
00937B,群益ESG投等債20,22,0,22,凱基-虎尾,2023-12-20,9236
00898,國泰基因免疫革命,20,0,20,凱基-虎尾,2023-12-20,9236
4564,元翎,20,0,20,凱基-虎尾,2023-12-20,9236
5607,遠雄港,20,0,20,凱基-虎尾,2023-12-20,9236
6168,宏齊,20,0,20,凱基-虎尾,2023-12-20,9236
6147,頎邦,20,0,20,凱基-虎尾,2023-12-20,9236
2313,華通,39,20,19,凱基-虎尾,2023-12-20,9236
2323,中環,19,0,19,凱基-虎尾,2023-12-20,9236
2882,國泰金,16,0,16,凱基-虎尾,2023-12-20,9236
6243,迅杰,16,0,16,凱基-虎尾,2023-12-20,9236
2801,彰銀,15,0,15,凱基-虎尾,2023-12-20,9236
2748,雲品,15,0,15,凱基-虎尾,2023-12-20,9236
6125,廣運,15,0,15,凱基-虎尾,2023-12-20,9236
2303,聯電,15,1,14,凱基-虎尾,2023-12-20,9236
5425,台半,18,4,14,凱基-虎尾,2023-12-20,9236
6188,廣明,13,0,13,凱基-虎尾,2023-12-20,9236
2352,佳世達,13,0,13,凱基-虎尾,2023-12-20,9236
3694,海華,13,1,12,凱基-虎尾,2023-12-20,9236
6111,大宇資,12,0,12,凱基-虎尾,2023-12-20,9236
00655L,國泰中國A50正2,10,0,10,凱基-虎尾,2023-12-20,9236
1605,華新,10,0,10,凱基-虎尾,2023-12-20,9236
2362,藍天,15,5,10,凱基-虎尾,2023-12-20,9236
5531,鄉林,10,0,10,凱基-虎尾,2023-12-20,9236
6182,合晶,11,1,10,凱基-虎尾,2023-12-20,9236
8112,至上,10,0,10,凱基-虎尾,2023-12-20,9236
2892,第一金,9,0,9,凱基-虎尾,2023-12-20,9236
6451,訊芯-KY,9,0,9,凱基-虎尾,2023-12-20,9236
6667,信紘科,9,0,9,凱基-虎尾,2023-12-20,9236
2382,廣達,60,51,9,凱基-虎尾,2023-12-20,9236
00929,復華台灣科技優息,95,1,94,凱基-虎尾,2023-12-21,9236
2355,敬鵬,79,1,78,凱基-虎尾,2023-12-21,9236
2344,華邦電,79,6,73,凱基-虎尾,2023-12-21,9236
2641,正德,60,5,55,凱基-虎尾,2023-12-21,9236
2303,聯電,53,0,53,凱基-虎尾,2023-12-21,9236
2323,中環,71,19,52,凱基-虎尾,2023-12-21,9236
5608,四維航,55,3,52,凱基-虎尾,2023-12-21,9236
2605,新興,49,0,49,凱基-虎尾,2023-12-21,9236
2038,海光,46,0,46,凱基-虎尾,2023-12-21,9236
2387,精元,50,7,43,凱基-虎尾,2023-12-21,9236
00680L,元大美債20正2,60,20,40,凱基-虎尾,2023-12-21,9236
00919,群益台灣精選高息,59,20,39,凱基-虎尾,2023-12-21,9236
2611,志信,70,31,39,凱基-虎尾,2023-12-21,9236
8110,華東,39,1,38,凱基-虎尾,2023-12-21,9236
3036,文曄,53,17,36,凱基-虎尾,2023-12-21,9236
9935,慶豐富,40,7,33,凱基-虎尾,2023-12-21,9236
2615,萬海,238,206,32,凱基-虎尾,2023-12-21,9236
6233,旺玖,31,1,30,凱基-虎尾,2023-12-21,9236
2023,燁輝,29,0,29,凱基-虎尾,2023-12-21,9236
2617,台航,25,2,23,凱基-虎尾,2023-12-21,9236
00688L,國泰20年美債正2,20,0,20,凱基-虎尾,2023-12-21,9236
00669R,國泰美國道瓊反1,20,0,20,凱基-虎尾,2023-12-21,9236
00898,國泰基因免疫革命,20,0,20,凱基-虎尾,2023-12-21,9236
2888,新光金,20,0,20,凱基-虎尾,2023-12-21,9236
00900,富邦特選高股息30,20,2,18,凱基-虎尾,2023-12-21,9236
1101,台泥,19,1,18,凱基-虎尾,2023-12-21,9236
2606,裕民,23,6,17,凱基-虎尾,2023-12-21,9236
2031,新光鋼,16,0,16,凱基-虎尾,2023-12-21,9236
2371,大同,58,42,16,凱基-虎尾,2023-12-21,9236
4909,新復興,23,7,16,凱基-虎尾,2023-12-21,9236
6443,元晶,16,1,15,凱基-虎尾,2023-12-21,9236
00937B,群益ESG投等債20,29,15,14,凱基-虎尾,2023-12-21,9236
3346,麗清,22,9,13,凱基-虎尾,2023-12-21,9236
6684,安格,13,0,13,凱基-虎尾,2023-12-21,9236
2324,仁寶,61,49,12,凱基-虎尾,2023-12-21,9236
8054,安國,16,4,12,凱基-虎尾,2023-12-21,9236
00679B,元大美債20年,11,0,11,凱基-虎尾,2023-12-21,9236
1722,台肥,11,0,11,凱基-虎尾,2023-12-21,9236
8088,品安,21,10,11,凱基-虎尾,2023-12-21,9236
2603,長榮,1520,1509,11,凱基-虎尾,2023-12-21,9236
00885,富邦越南,10,0,10,凱基-虎尾,2023-12-21,9236
1785,光洋科,10,0,10,凱基-虎尾,2023-12-21,9236
2516,新建,10,0,10,凱基-虎尾,2023-12-21,9236
3044,健鼎,10,0,10,凱基-虎尾,2023-12-21,9236
3380,明泰,10,0,10,凱基-虎尾,2023-12-21,9236
3607,谷崧,10,0,10,凱基-虎尾,2023-12-21,9236
4133,亞諾法,10,0,10,凱基-虎尾,2023-12-21,9236
5426,振發,10,0,10,凱基-虎尾,2023-12-21,9236
2506,太設,10,0,10,凱基-虎尾,2023-12-21,9236
2014,中鴻,11,2,9,凱基-虎尾,2023-12-21,9236
2344,華邦電,211,38,173,凱基-虎尾,2023-12-22,9236
2609,陽明,506,345,161,凱基-虎尾,2023-12-22,9236
1605,華新,61,0,61,凱基-虎尾,2023-12-22,9236
2610,華航,62,8,54,凱基-虎尾,2023-12-22,9236
2031,新光鋼,61,20,41,凱基-虎尾,2023-12-22,9236
2498,宏達電,42,7,35,凱基-虎尾,2023-12-22,9236
00937B,群益ESG投等債20,30,0,30,凱基-虎尾,2023-12-22,9236
5014,建錩,32,3,29,凱基-虎尾,2023-12-22,9236
2886,兆豐金,24,0,24,凱基-虎尾,2023-12-22,9236
2323,中環,67,46,21,凱基-虎尾,2023-12-22,9236
2388,威盛,22,2,20,凱基-虎尾,2023-12-22,9236
6116,彩晶,20,0,20,凱基-虎尾,2023-12-22,9236
8112,至上,21,1,20,凱基-虎尾,2023-12-22,9236
2465,麗臺,17,0,17,凱基-虎尾,2023-12-22,9236
2241,艾姆勒,20,3,17,凱基-虎尾,2023-12-22,9236
6505,台塑化,17,0,17,凱基-虎尾,2023-12-22,9236
2515,中工,48,33,15,凱基-虎尾,2023-12-22,9236
6191,精成科,15,0,15,凱基-虎尾,2023-12-22,9236
00929,復華台灣科技優息,14,0,14,凱基-虎尾,2023-12-22,9236
2337,旺宏,16,2,14,凱基-虎尾,2023-12-22,9236
8050,廣積,14,0,14,凱基-虎尾,2023-12-22,9236
2324,仁寶,21,7,14,凱基-虎尾,2023-12-22,9236
8097,常珵,13,0,13,凱基-虎尾,2023-12-22,9236
5531,鄉林,12,0,12,凱基-虎尾,2023-12-22,9236
2033,佳大,11,0,11,凱基-虎尾,2023-12-22,9236
1304,台聚,10,0,10,凱基-虎尾,2023-12-22,9236
1453,大將,10,0,10,凱基-虎尾,2023-12-22,9236
00933B,國泰10Y+金融債,10,0,10,凱基-虎尾,2023-12-22,9236
1907,永豐餘,10,0,10,凱基-虎尾,2023-12-22,9236
2204,中華,10,0,10,凱基-虎尾,2023-12-22,9236
2399,映泰,10,0,10,凱基-虎尾,2023-12-22,9236
2888,新光金,10,0,10,凱基-虎尾,2023-12-22,9236
3041,揚智,18,8,10,凱基-虎尾,2023-12-22,9236
6443,元晶,10,0,10,凱基-虎尾,2023-12-22,9236
2002,中鋼,11,2,9,凱基-虎尾,2023-12-22,9236
2301,光寶科,11,2,9,凱基-虎尾,2023-12-22,9236
5425,台半,9,0,9,凱基-虎尾,2023-12-22,9236
6237,驊訊,20,11,9,凱基-虎尾,2023-12-22,9236
00772B,中信高評級公司債,10,2,8,凱基-虎尾,2023-12-22,9236
2312,金寶,13,5,8,凱基-虎尾,2023-12-22,9236
5521,工信,8,0,8,凱基-虎尾,2023-12-22,9236
6139,亞翔,15,7,8,凱基-虎尾,2023-12-22,9236
8059,凱碩,8,0,8,凱基-虎尾,2023-12-22,9236
00919,群益台灣精選高息,7,0,7,凱基-虎尾,2023-12-22,9236
2412,中華電,7,0,7,凱基-虎尾,2023-12-22,9236
2476,鉅祥,8,1,7,凱基-虎尾,2023-12-22,9236
4543,萬在,40,33,7,凱基-虎尾,2023-12-22,9236
6695,芯鼎,10,3,7,凱基-虎尾,2023-12-22,9236
2022,聚亨,6,0,6,凱基-虎尾,2023-12-22,9236
2374,佳能,6,0,6,凱基-虎尾,2023-12-22,9236
2324,仁寶,124,18,106,凱基-虎尾,2023-12-25,9236
2609,陽明,149,52,97,凱基-虎尾,2023-12-25,9236
2352,佳世達,50,2,48,凱基-虎尾,2023-12-25,9236
2356,英業達,153,106,47,凱基-虎尾,2023-12-25,9236
2405,輔信,53,10,43,凱基-虎尾,2023-12-25,9236
6485,點序,40,0,40,凱基-虎尾,2023-12-25,9236
1605,華新,33,0,33,凱基-虎尾,2023-12-25,9236
2610,華航,94,66,28,凱基-虎尾,2023-12-25,9236
00891,中信關鍵半導體,30,5,25,凱基-虎尾,2023-12-25,9236
2888,新光金,25,0,25,凱基-虎尾,2023-12-25,9236
3047,訊舟,34,10,24,凱基-虎尾,2023-12-25,9236
00937B,群益ESG投等債20,31,8,23,凱基-虎尾,2023-12-25,9236
3714,富采,22,0,22,凱基-虎尾,2023-12-25,9236
1591,駿吉-KY,20,0,20,凱基-虎尾,2023-12-25,9236
2881,富邦金,20,0,20,凱基-虎尾,2023-12-25,9236
4561,健椿,20,0,20,凱基-虎尾,2023-12-25,9236
6770,力積電,20,0,20,凱基-虎尾,2023-12-25,9236
6548,長科*,19,0,19,凱基-虎尾,2023-12-25,9236
2038,海光,28,10,18,凱基-虎尾,2023-12-25,9236
3019,亞光,16,0,16,凱基-虎尾,2023-12-25,9236
8046,南電,16,0,16,凱基-虎尾,2023-12-25,9236
2363,矽統,42,27,15,凱基-虎尾,2023-12-25,9236
2605,新興,25,12,13,凱基-虎尾,2023-12-25,9236
6288,聯嘉,18,5,13,凱基-虎尾,2023-12-25,9236
3234,光環,11,0,11,凱基-虎尾,2023-12-25,9236
6219,富旺,11,0,11,凱基-虎尾,2023-12-25,9236
2002,中鋼,10,0,10,凱基-虎尾,2023-12-25,9236
0061,元大寶滬深,10,0,10,凱基-虎尾,2023-12-25,9236
1616,億泰,10,0,10,凱基-虎尾,2023-12-25,9236
2014,中鴻,29,19,10,凱基-虎尾,2023-12-25,9236
2208,台船,10,0,10,凱基-虎尾,2023-12-25,9236
2538,基泰,10,0,10,凱基-虎尾,2023-12-25,9236
3705,永信,10,0,10,凱基-虎尾,2023-12-25,9236
2449,京元電子,9,0,9,凱基-虎尾,2023-12-25,9236
2606,裕民,12,3,9,凱基-虎尾,2023-12-25,9236
3694,海華,14,5,9,凱基-虎尾,2023-12-25,9236
8096,擎亞,21,12,9,凱基-虎尾,2023-12-25,9236
00933B,國泰10Y+金融債,8,0,8,凱基-虎尾,2023-12-25,9236
1514,亞力,22,14,8,凱基-虎尾,2023-12-25,9236
6435,大中,8,0,8,凱基-虎尾,2023-12-25,9236
8088,品安,12,4,8,凱基-虎尾,2023-12-25,9236
1471,首利,7,0,7,凱基-虎尾,2023-12-25,9236
2105,正新,7,0,7,凱基-虎尾,2023-12-25,9236
2385,群光,7,0,7,凱基-虎尾,2023-12-25,9236
2442,新美齊,9,2,7,凱基-虎尾,2023-12-25,9236
6104,創惟,14,7,7,凱基-虎尾,2023-12-25,9236
1612,宏泰,8,2,6,凱基-虎尾,2023-12-25,9236
3715,定穎投控,6,0,6,凱基-虎尾,2023-12-25,9236
6667,信紘科,6,0,6,凱基-虎尾,2023-12-25,9236
8040,九暘,9,3,6,凱基-虎尾,2023-12-25,9236
3481,群創,766,514,252,凱基-虎尾,2023-12-26,9236
2324,仁寶,283,95,188,凱基-虎尾,2023-12-26,9236
2421,建準,115,13,102,凱基-虎尾,2023-12-26,9236
1605,華新,96,2,94,凱基-虎尾,2023-12-26,9236
00891,中信關鍵半導體,101,8,93,凱基-虎尾,2023-12-26,9236
2618,長榮航,79,10,69,凱基-虎尾,2023-12-26,9236
2355,敬鵬,62,0,62,凱基-虎尾,2023-12-26,9236
2405,輔信,107,49,58,凱基-虎尾,2023-12-26,9236
00919,群益台灣精選高息,57,1,56,凱基-虎尾,2023-12-26,9236
8096,擎亞,60,4,56,凱基-虎尾,2023-12-26,9236
00929,復華台灣科技優息,50,2,48,凱基-虎尾,2023-12-26,9236
2889,國票金,44,0,44,凱基-虎尾,2023-12-26,9236
5608,四維航,38,0,38,凱基-虎尾,2023-12-26,9236
2331,精英,36,1,35,凱基-虎尾,2023-12-26,9236
2388,威盛,39,4,35,凱基-虎尾,2023-12-26,9236
5521,工信,36,2,34,凱基-虎尾,2023-12-26,9236
2641,正德,44,12,32,凱基-虎尾,2023-12-26,9236
00878,國泰永續高股息,46,14,32,凱基-虎尾,2023-12-26,9236
2408,南亞科,37,10,27,凱基-虎尾,2023-12-26,9236
00637L,元大滬深300正2,26,0,26,凱基-虎尾,2023-12-26,9236
3325,旭品,53,28,25,凱基-虎尾,2023-12-26,9236
2312,金寶,24,0,24,凱基-虎尾,2023-12-26,9236
2402,毅嘉,131,107,24,凱基-虎尾,2023-12-26,9236
8277,商丞,23,0,23,凱基-虎尾,2023-12-26,9236
6129,普誠,21,0,21,凱基-虎尾,2023-12-26,9236
1609,大亞,20,0,20,凱基-虎尾,2023-12-26,9236
2362,藍天,20,0,20,凱基-虎尾,2023-12-26,9236
2481,強茂,16,0,16,凱基-虎尾,2023-12-26,9236
3437,榮創,18,2,16,凱基-虎尾,2023-12-26,9236
4939,亞電,17,1,16,凱基-虎尾,2023-12-26,9236
00712,復華富時不動產,15,0,15,凱基-虎尾,2023-12-26,9236
2890,永豐金,14,0,14,凱基-虎尾,2023-12-26,9236
3094,聯傑,19,5,14,凱基-虎尾,2023-12-26,9236
5272,笙科,14,0,14,凱基-虎尾,2023-12-26,9236
8011,台通,14,0,14,凱基-虎尾,2023-12-26,9236
3346,麗清,13,0,13,凱基-虎尾,2023-12-26,9236
6668,中揚光,18,5,13,凱基-虎尾,2023-12-26,9236
9934,成霖,13,0,13,凱基-虎尾,2023-12-26,9236
2609,陽明,174,162,12,凱基-虎尾,2023-12-26,9236
2637,慧洋-KY,13,1,12,凱基-虎尾,2023-12-26,9236
8936,國統,14,2,12,凱基-虎尾,2023-12-26,9236
8040,九暘,18,7,11,凱基-虎尾,2023-12-26,9236
8089,康全電訊,11,0,11,凱基-虎尾,2023-12-26,9236
1336,台翰,10,0,10,凱基-虎尾,2023-12-26,9236
5607,遠雄港,10,0,10,凱基-虎尾,2023-12-26,9236
6191,精成科,10,0,10,凱基-虎尾,2023-12-26,9236
2317,鴻海,10,0,10,凱基-虎尾,2023-12-26,9236
1806,冠軍,10,1,9,凱基-虎尾,2023-12-26,9236
2382,廣達,12,3,9,凱基-虎尾,2023-12-26,9236
2442,新美齊,18,9,9,凱基-虎尾,2023-12-26,9236
2353,宏��,166,64,102,凱基-虎尾,2023-12-27,9236
1815,富喬,100,1,99,凱基-虎尾,2023-12-27,9236
00937B,群益ESG投等債20,98,0,98,凱基-虎尾,2023-12-27,9236
00885,富邦越南,51,0,51,凱基-虎尾,2023-12-27,9236
2454,聯發科,319,270,49,凱基-虎尾,2023-12-27,9236
2369,菱生,47,2,45,凱基-虎尾,2023-12-27,9236
2618,長榮航,45,0,45,凱基-虎尾,2023-12-27,9236
4414,如興,45,1,44,凱基-虎尾,2023-12-27,9236
2399,映泰,38,0,38,凱基-虎尾,2023-12-27,9236
8034,榮群,37,0,37,凱基-虎尾,2023-12-27,9236
3036,文曄,36,0,36,凱基-虎尾,2023-12-27,9236
00680L,元大美債20正2,30,0,30,凱基-虎尾,2023-12-27,9236
8086,宏捷科,30,1,29,凱基-虎尾,2023-12-27,9236
00715L,期街口布蘭特正2,29,1,28,凱基-虎尾,2023-12-27,9236
3576,聯合再生,27,2,25,凱基-虎尾,2023-12-27,9236
00632R,元大台灣50反1,25,0,25,凱基-虎尾,2023-12-27,9236
00936,台新永續高息中小,25,0,25,凱基-虎尾,2023-12-27,9236
00919,群益台灣精選高息,25,3,22,凱基-虎尾,2023-12-27,9236
1618,合機,21,0,21,凱基-虎尾,2023-12-27,9236
1504,東元,20,0,20,凱基-虎尾,2023-12-27,9236
5347,世界,20,0,20,凱基-虎尾,2023-12-27,9236
2387,精元,20,1,19,凱基-虎尾,2023-12-27,9236
3051,力特,20,2,18,凱基-虎尾,2023-12-27,9236
1582,信錦,17,0,17,凱基-虎尾,2023-12-27,9236
5410,國眾,19,2,17,凱基-虎尾,2023-12-27,9236
2331,精英,50,34,16,凱基-虎尾,2023-12-27,9236
6189,豐藝,18,2,16,凱基-虎尾,2023-12-27,9236
2455,全新,66,51,15,凱基-虎尾,2023-12-27,9236
6233,旺玖,18,3,15,凱基-虎尾,2023-12-27,9236
2317,鴻海,17,3,14,凱基-虎尾,2023-12-27,9236
2515,中工,28,14,14,凱基-虎尾,2023-12-27,9236
3227,原相,14,0,14,凱基-虎尾,2023-12-27,9236
2303,聯電,331,318,13,凱基-虎尾,2023-12-27,9236
2436,偉詮電,15,2,13,凱基-虎尾,2023-12-27,9236
2739,寒舍,13,0,13,凱基-虎尾,2023-12-27,9236
6462,神盾,23,11,12,凱基-虎尾,2023-12-27,9236
8088,品安,25,13,12,凱基-虎尾,2023-12-27,9236
8271,宇瞻,12,0,12,凱基-虎尾,2023-12-27,9236
2377,微星,10,0,10,凱基-虎尾,2023-12-27,9236
2382,廣達,12,2,10,凱基-虎尾,2023-12-27,9236
2485,兆赫,10,0,10,凱基-虎尾,2023-12-27,9236
3483,力致,12,3,9,凱基-虎尾,2023-12-27,9236
1760,寶齡富錦,8,0,8,凱基-虎尾,2023-12-27,9236
2392,正崴,9,1,8,凱基-虎尾,2023-12-27,9236
3211,順達,8,0,8,凱基-虎尾,2023-12-27,9236
6770,力積電,10,2,8,凱基-虎尾,2023-12-27,9236
00753L,中信中國50正2,12,5,7,凱基-虎尾,2023-12-27,9236
2374,佳能,11,4,7,凱基-虎尾,2023-12-27,9236
2449,京元電子,13,6,7,凱基-虎尾,2023-12-27,9236
3645,達邁,7,0,7,凱基-虎尾,2023-12-27,9236
00680L,元大美債20正2,206,60,146,凱基-虎尾,2023-12-28,9236
3706,神達,137,52,85,凱基-虎尾,2023-12-28,9236
2002,中鋼,100,25,75,凱基-虎尾,2023-12-28,9236
00937B,群益ESG投等債20,71,3,68,凱基-虎尾,2023-12-28,9236
1618,合機,65,21,44,凱基-虎尾,2023-12-28,9236
00753L,中信中國50正2,35,1,34,凱基-虎尾,2023-12-28,9236
1815,富喬,34,1,33,凱基-虎尾,2023-12-28,9236
00632R,元大台灣50反1,30,0,30,凱基-虎尾,2023-12-28,9236
00885,富邦越南,30,0,30,凱基-虎尾,2023-12-28,9236
3231,緯創,49,21,28,凱基-虎尾,2023-12-28,9236
00891,中信關鍵半導體,26,0,26,凱基-虎尾,2023-12-28,9236
3024,憶聲,26,0,26,凱基-虎尾,2023-12-28,9236
1609,大亞,32,6,26,凱基-虎尾,2023-12-28,9236
8011,台通,24,1,23,凱基-虎尾,2023-12-28,9236
1524,耿鼎,23,1,22,凱基-虎尾,2023-12-28,9236
2354,鴻準,20,0,20,凱基-虎尾,2023-12-28,9236
1529,樂事綠能,22,3,19,凱基-虎尾,2023-12-28,9236
1616,億泰,19,0,19,凱基-虎尾,2023-12-28,9236
3622,洋華,19,0,19,凱基-虎尾,2023-12-28,9236
1514,亞力,43,25,18,凱基-虎尾,2023-12-28,9236
00673R,期元大S＆P原油反1,16,0,16,凱基-虎尾,2023-12-28,9236
2897,王道銀行,20,6,14,凱基-虎尾,2023-12-28,9236
5351,鈺創,19,5,14,凱基-虎尾,2023-12-28,9236
6668,中揚光,13,0,13,凱基-虎尾,2023-12-28,9236
3481,群創,26,14,12,凱基-虎尾,2023-12-28,9236
2481,強茂,12,0,12,凱基-虎尾,2023-12-28,9236
00935,野村臺灣新科技50,10,0,10,凱基-虎尾,2023-12-28,9236
00706L,期元大S＆P日圓正2,10,0,10,凱基-虎尾,2023-12-28,9236
00687B,國泰20年美債,10,0,10,凱基-虎尾,2023-12-28,9236
00676R,富邦臺灣加權反1,10,0,10,凱基-虎尾,2023-12-28,9236
1591,駿吉-KY,10,0,10,凱基-虎尾,2023-12-28,9236
2208,台船,10,0,10,凱基-虎尾,2023-12-28,9236
2323,中環,46,36,10,凱基-虎尾,2023-12-28,9236
3027,盛達,10,0,10,凱基-虎尾,2023-12-28,9236
5452,佶優,10,0,10,凱基-虎尾,2023-12-28,9236
8163,達方,10,0,10,凱基-虎尾,2023-12-28,9236
1503,士電,19,10,9,凱基-虎尾,2023-12-28,9236
2609,陽明,213,204,9,凱基-虎尾,2023-12-28,9236
1603,華電,10,2,8,凱基-虎尾,2023-12-28,9236
2615,萬海,9,1,8,凱基-虎尾,2023-12-28,9236
2337,旺宏,8,1,7,凱基-虎尾,2023-12-28,9236
2365,昆盈,39,32,7,凱基-虎尾,2023-12-28,9236
4961,天鈺,7,0,7,凱基-虎尾,2023-12-28,9236
6161,捷波,8,1,7,凱基-虎尾,2023-12-28,9236
6164,華興,7,0,7,凱基-虎尾,2023-12-28,9236
6187,萬潤,9,2,7,凱基-虎尾,2023-12-28,9236
8105,凌巨,7,0,7,凱基-虎尾,2023-12-28,9236
1513,中興電,360,353,7,凱基-虎尾,2023-12-28,9236
2618,長榮航,6,0,6,凱基-虎尾,2023-12-28,9236
4561,健椿,6,0,6,凱基-虎尾,2023-12-28,9236
2354,鴻準,1728,0,1728,凱基-虎尾,2023-12-29,9236
2382,廣達,541,400,141,凱基-虎尾,2023-12-29,9236
00937B,群益ESG投等債20,112,0,112,凱基-虎尾,2023-12-29,9236
00715L,期街口布蘭特正2,63,0,63,凱基-虎尾,2023-12-29,9236
2388,威盛,51,0,51,凱基-虎尾,2023-12-29,9236
00720B,元大投資級公司債,50,0,50,凱基-虎尾,2023-12-29,9236
00882,中信中國高股息,32,0,32,凱基-虎尾,2023-12-29,9236
5452,佶優,37,5,32,凱基-虎尾,2023-12-29,9236
0056,元大高股息,30,0,30,凱基-虎尾,2023-12-29,9236
8096,擎亞,30,0,30,凱基-虎尾,2023-12-29,9236
00878,國泰永續高股息,39,12,27,凱基-虎尾,2023-12-29,9236
3017,奇鋐,88,68,20,凱基-虎尾,2023-12-29,9236
2501,國建,18,0,18,凱基-虎尾,2023-12-29,9236
3006,晶豪科,21,5,16,凱基-虎尾,2023-12-29,9236
4561,健椿,16,0,16,凱基-虎尾,2023-12-29,9236
2393,億光,18,4,14,凱基-虎尾,2023-12-29,9236
00632R,元大台灣50反1,13,0,13,凱基-虎尾,2023-12-29,9236
3260,威剛,16,3,13,凱基-虎尾,2023-12-29,9236
2516,新建,22,10,12,凱基-虎尾,2023-12-29,9236
6147,頎邦,12,0,12,凱基-虎尾,2023-12-29,9236
2486,一詮,24,13,11,凱基-虎尾,2023-12-29,9236
1733,五鼎,12,1,11,凱基-虎尾,2023-12-29,9236
00919,群益台灣精選高息,12,1,11,凱基-虎尾,2023-12-29,9236
5469,瀚宇博,11,0,11,凱基-虎尾,2023-12-29,9236
8081,致新,15,4,11,凱基-虎尾,2023-12-29,9236
2881,富邦金,10,0,10,凱基-虎尾,2023-12-29,9236
3481,群創,17,7,10,凱基-虎尾,2023-12-29,9236
5439,高技,10,0,10,凱基-虎尾,2023-12-29,9236
2515,中工,12,3,9,凱基-虎尾,2023-12-29,9236
8436,大江,10,1,9,凱基-虎尾,2023-12-29,9236
00753L,中信中國50正2,11,3,8,凱基-虎尾,2023-12-29,9236
2392,正崴,8,0,8,凱基-虎尾,2023-12-29,9236
4967,十銓,12,4,8,凱基-虎尾,2023-12-29,9236
00642U,期元大S＆P石油,7,0,7,凱基-虎尾,2023-12-29,9236
1503,士電,100,93,7,凱基-虎尾,2023-12-29,9236
3479,安勤,7,0,7,凱基-虎尾,2023-12-29,9236
4908,前鼎,7,0,7,凱基-虎尾,2023-12-29,9236
5223,安力-KY,7,0,7,凱基-虎尾,2023-12-29,9236
6937,天虹,7,0,7,凱基-虎尾,2023-12-29,9236
8089,康全電訊,7,0,7,凱基-虎尾,2023-12-29,9236
2506,太設,10,3,7,凱基-虎尾,2023-12-29,9236
1514,亞力,25,19,6,凱基-虎尾,2023-12-29,9236
00688L,國泰20年美債正2,6,0,6,凱基-虎尾,2023-12-29,9236
1101,台泥,10,4,6,凱基-虎尾,2023-12-29,9236
1319,東陽,6,0,6,凱基-虎尾,2023-12-29,9236
3276,宇環,6,0,6,凱基-虎尾,2023-12-29,9236
3324,雙鴻,7,1,6,凱基-虎尾,2023-12-29,9236
3413,京鼎,6,0,6,凱基-虎尾,2023-12-29,9236
4906,正文,6,0,6,凱基-虎尾,2023-12-29,9236
8210,勤誠,6,0,6,凱基-虎尾,2023-12-29,9236
2883,凱基金,106,0,106,凱基-虎尾,2024-01-02,9236
00680L,元大美債20正2,92,3,89,凱基-虎尾,2024-01-02,9236
2609,陽明,149,90,59,凱基-虎尾,2024-01-02,9236
3231,緯創,97,39,58,凱基-虎尾,2024-01-02,9236
1503,士電,87,36,51,凱基-虎尾,2024-01-02,9236
00919,群益台灣精選高息,50,0,50,凱基-虎尾,2024-01-02,9236
00937B,群益ESG投等債20,51,5,46,凱基-虎尾,2024-01-02,9236
2331,精英,50,6,44,凱基-虎尾,2024-01-02,9236
2610,華航,452,418,34,凱基-虎尾,2024-01-02,9236
6290,良維,37,9,28,凱基-虎尾,2024-01-02,9236
2515,中工,37,10,27,凱基-虎尾,2024-01-02,9236
00929,復華台灣科技優息,31,5,26,凱基-虎尾,2024-01-02,9236
3051,力特,25,2,23,凱基-虎尾,2024-01-02,9236
5515,建國,23,0,23,凱基-虎尾,2024-01-02,9236
2353,宏��,43,24,19,凱基-虎尾,2024-01-02,9236
00933B,國泰10Y+金融債,18,0,18,凱基-虎尾,2024-01-02,9236
2344,華邦電,22,5,17,凱基-虎尾,2024-01-02,9236
2408,南亞科,16,0,16,凱基-虎尾,2024-01-02,9236
2543,皇昌,17,1,16,凱基-虎尾,2024-01-02,9236
6122,擎邦,21,5,16,凱基-虎尾,2024-01-02,9236
2486,一詮,40,25,15,凱基-虎尾,2024-01-02,9236
00712,復華富時不動產,15,2,13,凱基-虎尾,2024-01-02,9236
8068,全達,13,0,13,凱基-虎尾,2024-01-02,9236
2337,旺宏,13,0,13,凱基-虎尾,2024-01-02,9236
00688L,國泰20年美債正2,12,0,12,凱基-虎尾,2024-01-02,9236
2360,致茂,12,0,12,凱基-虎尾,2024-01-02,9236
3706,神達,15,3,12,凱基-虎尾,2024-01-02,9236
00753L,中信中國50正2,13,2,11,凱基-虎尾,2024-01-02,9236
4167,松瑞藥,11,0,11,凱基-虎尾,2024-01-02,9236
00857B,永豐20年美公債,10,0,10,凱基-虎尾,2024-01-02,9236
1802,台玻,10,0,10,凱基-虎尾,2024-01-02,9236
2354,鴻準,10,0,10,凱基-虎尾,2024-01-02,9236
2506,太設,20,10,10,凱基-虎尾,2024-01-02,9236
3704,合勤控,10,0,10,凱基-虎尾,2024-01-02,9236
3712,永崴投控,10,0,10,凱基-虎尾,2024-01-02,9236
4967,十銓,10,0,10,凱基-虎尾,2024-01-02,9236
6129,普誠,20,10,10,凱基-虎尾,2024-01-02,9236
8081,致新,12,2,10,凱基-虎尾,2024-01-02,9236
00885,富邦越南,10,1,9,凱基-虎尾,2024-01-02,9236
2462,良得電,9,0,9,凱基-虎尾,2024-01-02,9236
1514,亞力,20,11,9,凱基-虎尾,2024-01-02,9236
00720B,元大投資級公司債,8,0,8,凱基-虎尾,2024-01-02,9236
2020,美亞,8,0,8,凱基-虎尾,2024-01-02,9236
2413,環科,8,0,8,凱基-虎尾,2024-01-02,9236
2641,正德,11,3,8,凱基-虎尾,2024-01-02,9236
3294,英濟,8,0,8,凱基-虎尾,2024-01-02,9236
4939,亞電,8,0,8,凱基-虎尾,2024-01-02,9236
2465,麗臺,7,0,7,凱基-虎尾,2024-01-02,9236
2605,新興,10,3,7,凱基-虎尾,2024-01-02,9236
2834,臺企銀,7,0,7,凱基-虎尾,2024-01-02,9236
00929,復華台灣科技優息,161,0,161,凱基-虎尾,2024-01-03,9236
0056,元大高股息,188,48,140,凱基-虎尾,2024-01-03,9236
00882,中信中國高股息,92,0,92,凱基-虎尾,2024-01-03,9236
00632R,元大台灣50反1,100,10,90,凱基-虎尾,2024-01-03,9236
9919,康那香,95,6,89,凱基-虎尾,2024-01-03,9236
00680L,元大美債20正2,63,3,60,凱基-虎尾,2024-01-03,9236
9105,泰金寶-DR,60,0,60,凱基-虎尾,2024-01-03,9236
2618,長榮航,96,38,58,凱基-虎尾,2024-01-03,9236
1101,台泥,72,16,56,凱基-虎尾,2024-01-03,9236
1732,毛寶,54,0,54,凱基-虎尾,2024-01-03,9236
00937B,群益ESG投等債20,52,0,52,凱基-虎尾,2024-01-03,9236
00642U,期元大S＆P石油,42,0,42,凱基-虎尾,2024-01-03,9236
1504,東元,41,0,41,凱基-虎尾,2024-01-03,9236
6625,必應,31,1,30,凱基-虎尾,2024-01-03,9236
2641,正德,28,2,26,凱基-虎尾,2024-01-03,9236
00715L,期街口布蘭特正2,26,1,25,凱基-虎尾,2024-01-03,9236
4561,健椿,23,0,23,凱基-虎尾,2024-01-03,9236
00919,群益台灣精選高息,33,11,22,凱基-虎尾,2024-01-03,9236
2324,仁寶,22,1,21,凱基-虎尾,2024-01-03,9236
3033,威健,20,0,20,凱基-虎尾,2024-01-03,9236
2897,王道銀行,18,0,18,凱基-虎尾,2024-01-03,9236
3481,群創,16,0,16,凱基-虎尾,2024-01-03,9236
9934,成霖,17,1,16,凱基-虎尾,2024-01-03,9236
8096,擎亞,15,0,15,凱基-虎尾,2024-01-03,9236
2409,友達,14,0,14,凱基-虎尾,2024-01-03,9236
6163,華電網,27,13,14,凱基-虎尾,2024-01-03,9236
6290,良維,20,6,14,凱基-虎尾,2024-01-03,9236
00915,凱基優選高股息30,16,3,13,凱基-虎尾,2024-01-03,9236
2363,矽統,26,13,13,凱基-虎尾,2024-01-03,9236
2303,聯電,14,3,11,凱基-虎尾,2024-01-03,9236
3588,通嘉,11,0,11,凱基-虎尾,2024-01-03,9236
4967,十銓,13,2,11,凱基-虎尾,2024-01-03,9236
2607,榮運,14,4,10,凱基-虎尾,2024-01-03,9236
1785,光洋科,10,0,10,凱基-虎尾,2024-01-03,9236
2354,鴻準,10,0,10,凱基-虎尾,2024-01-03,9236
2377,微星,10,0,10,凱基-虎尾,2024-01-03,9236
2881,富邦金,10,0,10,凱基-虎尾,2024-01-03,9236
3035,智原,13,3,10,凱基-虎尾,2024-01-03,9236
6257,矽格,10,0,10,凱基-虎尾,2024-01-03,9236
00935,野村臺灣新科技50,9,0,9,凱基-虎尾,2024-01-03,9236
2353,宏��,76,67,9,凱基-虎尾,2024-01-03,9236
6770,力積電,9,0,9,凱基-虎尾,2024-01-03,9236
2356,英業達,13,4,9,凱基-虎尾,2024-01-03,9236
1216,統一,8,0,8,凱基-虎尾,2024-01-03,9236
2426,鼎元,8,0,8,凱基-虎尾,2024-01-03,9236
2376,技嘉,10,3,7,凱基-虎尾,2024-01-03,9236
00922,國泰台灣領袖50,7,0,7,凱基-虎尾,2024-01-03,9236
1312,國喬,7,0,7,凱基-虎尾,2024-01-03,9236
2408,南亞科,11,4,7,凱基-虎尾,2024-01-03,9236
5512,力麒,7,0,7,凱基-虎尾,2024-01-03,9236
00937B,群益ESG投等債20,81,0,81,凱基-虎尾,2024-01-04,9236
00929,復華台灣科技優息,79,0,79,凱基-虎尾,2024-01-04,9236
00934,中信成長高股息,66,0,66,凱基-虎尾,2024-01-04,9236
2609,陽明,558,512,46,凱基-虎尾,2024-01-04,9236
5608,四維航,77,35,42,凱基-虎尾,2024-01-04,9236
2038,海光,41,1,40,凱基-虎尾,2024-01-04,9236
00915,凱基優選高股息30,32,1,31,凱基-虎尾,2024-01-04,9236
00712,復華富時不動產,29,0,29,凱基-虎尾,2024-01-04,9236
1618,合機,31,2,29,凱基-虎尾,2024-01-04,9236
2014,中鴻,28,0,28,凱基-虎尾,2024-01-04,9236
1795,美時,29,1,28,凱基-虎尾,2024-01-04,9236
2617,台航,27,2,25,凱基-虎尾,2024-01-04,9236
6120,達運,44,20,24,凱基-虎尾,2024-01-04,9236
6219,富旺,25,1,24,凱基-虎尾,2024-01-04,9236
00680L,元大美債20正2,31,9,22,凱基-虎尾,2024-01-04,9236
2354,鴻準,21,0,21,凱基-虎尾,2024-01-04,9236
00671R,富邦NASDAQ反1,20,0,20,凱基-虎尾,2024-01-04,9236
2520,冠德,20,0,20,凱基-虎尾,2024-01-04,9236
4561,健椿,20,0,20,凱基-虎尾,2024-01-04,9236
6271,同欣電,44,26,18,凱基-虎尾,2024-01-04,9236
2615,萬海,54,36,18,凱基-虎尾,2024-01-04,9236
2606,裕民,19,2,17,凱基-虎尾,2024-01-04,9236
2867,三商壽,17,0,17,凱基-虎尾,2024-01-04,9236
00738U,期元大道瓊白銀,16,0,16,凱基-虎尾,2024-01-04,9236
2610,華航,17,1,16,凱基-虎尾,2024-01-04,9236
2637,慧洋-KY,16,0,16,凱基-虎尾,2024-01-04,9236
2882,國泰金,14,0,14,凱基-虎尾,2024-01-04,9236
4147,中裕,13,0,13,凱基-虎尾,2024-01-04,9236
3354,律勝,14,1,13,凱基-虎尾,2024-01-04,9236
8054,安國,14,1,13,凱基-虎尾,2024-01-04,9236
2530,華建,12,0,12,凱基-虎尾,2024-01-04,9236
2605,新興,49,37,12,凱基-虎尾,2024-01-04,9236
3033,威健,12,0,12,凱基-虎尾,2024-01-04,9236
3234,光環,17,5,12,凱基-虎尾,2024-01-04,9236
6163,華電網,27,15,12,凱基-虎尾,2024-01-04,9236
2033,佳大,11,0,11,凱基-虎尾,2024-01-04,9236
2303,聯電,25,14,11,凱基-虎尾,2024-01-04,9236
5355,佳總,13,2,11,凱基-虎尾,2024-01-04,9236
00688L,國泰20年美債正2,10,0,10,凱基-虎尾,2024-01-04,9236
1512,瑞利,10,0,10,凱基-虎尾,2024-01-04,9236
2344,華邦電,12,2,10,凱基-虎尾,2024-01-04,9236
2506,太設,10,0,10,凱基-虎尾,2024-01-04,9236
3006,晶豪科,11,1,10,凱基-虎尾,2024-01-04,9236
3305,昇貿,12,2,10,凱基-虎尾,2024-01-04,9236
4967,十銓,21,11,10,凱基-虎尾,2024-01-04,9236
8096,擎亞,30,21,9,凱基-虎尾,2024-01-04,9236
8299,群聯,9,0,9,凱基-虎尾,2024-01-04,9236
9934,成霖,9,0,9,凱基-虎尾,2024-01-04,9236
3037,欣興,15,7,8,凱基-虎尾,2024-01-04,9236
5371,中光電,9,1,8,凱基-虎尾,2024-01-04,9236
3481,群創,3483,3211,272,凱基-虎尾,2024-01-05,9236
2618,長榮航,115,8,107,凱基-虎尾,2024-01-05,9236
6116,彩晶,76,12,64,凱基-虎尾,2024-01-05,9236
00937B,群益ESG投等債20,56,0,56,凱基-虎尾,2024-01-05,9236
3232,昱捷,52,1,51,凱基-虎尾,2024-01-05,9236
3701,大眾控,40,0,40,凱基-虎尾,2024-01-05,9236
2609,陽明,351,313,38,凱基-虎尾,2024-01-05,9236
6625,必應,37,0,37,凱基-虎尾,2024-01-05,9236
00680L,元大美債20正2,36,0,36,凱基-虎尾,2024-01-05,9236
00673R,期元大S＆P原油反1,30,0,30,凱基-虎尾,2024-01-05,9236
4915,致伸,31,2,29,凱基-虎尾,2024-01-05,9236
2344,華邦電,33,5,28,凱基-虎尾,2024-01-05,9236
2329,華泰,29,3,26,凱基-虎尾,2024-01-05,9236
2352,佳世達,50,24,26,凱基-虎尾,2024-01-05,9236
2362,藍天,40,14,26,凱基-虎尾,2024-01-05,9236
1101,台泥,25,0,25,凱基-虎尾,2024-01-05,9236
6122,擎邦,25,2,23,凱基-虎尾,2024-01-05,9236
1732,毛寶,28,7,21,凱基-虎尾,2024-01-05,9236
5533,皇鼎,23,2,21,凱基-虎尾,2024-01-05,9236
8011,台通,41,20,21,凱基-虎尾,2024-01-05,9236
2516,新建,20,0,20,凱基-虎尾,2024-01-05,9236
00929,復華台灣科技優息,71,52,19,凱基-虎尾,2024-01-05,9236
4909,新復興,19,0,19,凱基-虎尾,2024-01-05,9236
2324,仁寶,32,15,17,凱基-虎尾,2024-01-05,9236
00933B,國泰10Y+金融債,16,0,16,凱基-虎尾,2024-01-05,9236
8068,全達,19,3,16,凱基-虎尾,2024-01-05,9236
8163,達方,25,10,15,凱基-虎尾,2024-01-05,9236
8105,凌巨,14,0,14,凱基-虎尾,2024-01-05,9236
2353,宏��,22,9,13,凱基-虎尾,2024-01-05,9236
00881,國泰台灣5G+,12,0,12,凱基-虎尾,2024-01-05,9236
2442,新美齊,16,4,12,凱基-虎尾,2024-01-05,9236
2748,雲品,12,0,12,凱基-虎尾,2024-01-05,9236
00712,復華富時不動產,11,0,11,凱基-虎尾,2024-01-05,9236
00857B,永豐20年美公債,11,0,11,凱基-虎尾,2024-01-05,9236
00936,台新永續高息中小,11,0,11,凱基-虎尾,2024-01-05,9236
2208,台船,11,0,11,凱基-虎尾,2024-01-05,9236
00919,群益台灣精選高息,10,0,10,凱基-虎尾,2024-01-05,9236
00885,富邦越南,10,0,10,凱基-虎尾,2024-01-05,9236
1515,力山,14,4,10,凱基-虎尾,2024-01-05,9236
2883,凱基金,10,0,10,凱基-虎尾,2024-01-05,9236
4414,如興,10,0,10,凱基-虎尾,2024-01-05,9236
8034,榮群,10,0,10,凱基-虎尾,2024-01-05,9236
8404,百和興業-KY,10,0,10,凱基-虎尾,2024-01-05,9236
1618,合機,10,1,9,凱基-虎尾,2024-01-05,9236
2331,精英,14,5,9,凱基-虎尾,2024-01-05,9236
9945,潤泰新,9,0,9,凱基-虎尾,2024-01-05,9236
0056,元大高股息,9,1,8,凱基-虎尾,2024-01-05,9236
1720,生達,10,2,8,凱基-虎尾,2024-01-05,9236
2031,新光鋼,8,0,8,凱基-虎尾,2024-01-05,9236
2449,京元電子,10,2,8,凱基-虎尾,2024-01-05,9236
1513,中興電,795,484,311,凱基-虎尾,2024-01-08,9236
1815,富喬,207,0,207,凱基-虎尾,2024-01-08,9236
00882,中信中國高股息,198,0,198,凱基-虎尾,2024-01-08,9236
00929,復華台灣科技優息,116,41,75,凱基-虎尾,2024-01-08,9236
00937B,群益ESG投等債20,57,10,47,凱基-虎尾,2024-01-08,9236
2636,台驊控股,41,0,41,凱基-虎尾,2024-01-08,9236
3588,通嘉,109,79,30,凱基-虎尾,2024-01-08,9236
3231,緯創,28,3,25,凱基-虎尾,2024-01-08,9236
1806,冠軍,22,0,22,凱基-虎尾,2024-01-08,9236
2388,威盛,30,9,21,凱基-虎尾,2024-01-08,9236
00650L,復華香港正2,20,0,20,凱基-虎尾,2024-01-08,9236
4561,健椿,20,0,20,凱基-虎尾,2024-01-08,9236
5439,高技,20,0,20,凱基-虎尾,2024-01-08,9236
00878,國泰永續高股息,27,10,17,凱基-虎尾,2024-01-08,9236
4989,榮科,18,1,17,凱基-虎尾,2024-01-08,9236
5607,遠雄港,15,0,15,凱基-虎尾,2024-01-08,9236
5706,鳳凰,15,0,15,凱基-虎尾,2024-01-08,9236
00933B,國泰10Y+金融債,14,0,14,凱基-虎尾,2024-01-08,9236
2354,鴻準,14,0,14,凱基-虎尾,2024-01-08,9236
2489,瑞軒,153,140,13,凱基-虎尾,2024-01-08,9236
6026,福邦證,12,0,12,凱基-虎尾,2024-01-08,9236
00688L,國泰20年美債正2,11,0,11,凱基-虎尾,2024-01-08,9236
00751B,元大AAA至A公司債,11,0,11,凱基-虎尾,2024-01-08,9236
00931B,統一美債20年,11,0,11,凱基-虎尾,2024-01-08,9236
00919,群益台灣精選高息,10,0,10,凱基-虎尾,2024-01-08,9236
1314,中石化,10,0,10,凱基-虎尾,2024-01-08,9236
2515,中工,24,14,10,凱基-虎尾,2024-01-08,9236
2743,山富,10,0,10,凱基-虎尾,2024-01-08,9236
3576,聯合再生,10,0,10,凱基-虎尾,2024-01-08,9236
9919,康那香,10,0,10,凱基-虎尾,2024-01-08,9236
2303,聯電,8,1,7,凱基-虎尾,2024-01-08,9236
2337,旺宏,7,0,7,凱基-虎尾,2024-01-08,9236
2543,皇昌,7,0,7,凱基-虎尾,2024-01-08,9236
3390,旭軟,7,0,7,凱基-虎尾,2024-01-08,9236
1514,亞力,22,15,7,凱基-虎尾,2024-01-08,9236
3017,奇鋐,16,10,6,凱基-虎尾,2024-01-08,9236
00936,台新永續高息中小,6,0,6,凱基-虎尾,2024-01-08,9236
00720B,元大投資級公司債,12,6,6,凱基-虎尾,2024-01-08,9236
1309,台達化,5,0,5,凱基-虎尾,2024-01-08,9236
00632R,元大台灣50反1,5,0,5,凱基-虎尾,2024-01-08,9236
00673R,期元大S＆P原油反1,5,0,5,凱基-虎尾,2024-01-08,9236
00764B,群益25年美債,5,0,5,凱基-虎尾,2024-01-08,9236
2201,裕隆,5,0,5,凱基-虎尾,2024-01-08,9236
2344,華邦電,5,0,5,凱基-虎尾,2024-01-08,9236
2801,彰銀,5,0,5,凱基-虎尾,2024-01-08,9236
3234,光環,5,0,5,凱基-虎尾,2024-01-08,9236
6147,頎邦,5,0,5,凱基-虎尾,2024-01-08,9236
6491,晶碩,5,0,5,凱基-虎尾,2024-01-08,9236
2313,華通,4,0,4,凱基-虎尾,2024-01-08,9236
00877,復華中國5G,4,0,4,凱基-虎尾,2024-01-08,9236
3380,明泰,100,8,92,凱基-虎尾,2024-01-09,9236
2883,凱基金,90,0,90,凱基-虎尾,2024-01-09,9236
00715L,期街口布蘭特正2,81,1,80,凱基-虎尾,2024-01-09,9236
00680L,元大美債20正2,74,0,74,凱基-虎尾,2024-01-09,9236
2371,大同,69,16,53,凱基-虎尾,2024-01-09,9236
3481,群創,58,6,52,凱基-虎尾,2024-01-09,9236
3078,僑威,51,3,48,凱基-虎尾,2024-01-09,9236
2610,華航,38,0,38,凱基-虎尾,2024-01-09,9236
6770,力積電,33,1,32,凱基-虎尾,2024-01-09,9236
00919,群益台灣精選高息,58,26,32,凱基-虎尾,2024-01-09,9236
2461,光群雷,27,0,27,凱基-虎尾,2024-01-09,9236
1795,美時,28,3,25,凱基-虎尾,2024-01-09,9236
8096,擎亞,23,2,21,凱基-虎尾,2024-01-09,9236
00752,中信中國50,20,0,20,凱基-虎尾,2024-01-09,9236
00937B,群益ESG投等債20,20,0,20,凱基-虎尾,2024-01-09,9236
2303,聯電,20,0,20,凱基-虎尾,2024-01-09,9236
3044,健鼎,20,0,20,凱基-虎尾,2024-01-09,9236
6147,頎邦,20,0,20,凱基-虎尾,2024-01-09,9236
6290,良維,20,0,20,凱基-虎尾,2024-01-09,9236
2324,仁寶,79,62,17,凱基-虎尾,2024-01-09,9236
1301,台塑,17,0,17,凱基-虎尾,2024-01-09,9236
00929,復華台灣科技優息,16,2,14,凱基-虎尾,2024-01-09,9236
2002,中鋼,14,0,14,凱基-虎尾,2024-01-09,9236
2618,長榮航,25,11,14,凱基-虎尾,2024-01-09,9236
1504,東元,12,1,11,凱基-虎尾,2024-01-09,9236
2603,長榮,23,13,10,凱基-虎尾,2024-01-09,9236
1785,光洋科,10,0,10,凱基-虎尾,2024-01-09,9236
00725B,國泰投資級公司債,10,0,10,凱基-虎尾,2024-01-09,9236
00632R,元大台灣50反1,10,0,10,凱基-虎尾,2024-01-09,9236
1806,冠軍,10,0,10,凱基-虎尾,2024-01-09,9236
2323,中環,10,0,10,凱基-虎尾,2024-01-09,9236
3705,永信,10,0,10,凱基-虎尾,2024-01-09,9236
5521,工信,10,0,10,凱基-虎尾,2024-01-09,9236
6143,振曜,10,0,10,凱基-虎尾,2024-01-09,9236
3218,大學光,9,0,9,凱基-虎尾,2024-01-09,9236
3390,旭軟,9,0,9,凱基-虎尾,2024-01-09,9236
0056,元大高股息,46,37,9,凱基-虎尾,2024-01-09,9236
2388,威盛,18,10,8,凱基-虎尾,2024-01-09,9236
6140,訊達,17,9,8,凱基-虎尾,2024-01-09,9236
2308,台達電,9,1,8,凱基-虎尾,2024-01-09,9236
1326,台化,8,1,7,凱基-虎尾,2024-01-09,9236
2014,中鴻,7,0,7,凱基-虎尾,2024-01-09,9236
2884,玉山金,7,0,7,凱基-虎尾,2024-01-09,9236
2108,南帝,6,0,6,凱基-虎尾,2024-01-09,9236
2417,圓剛,7,1,6,凱基-虎尾,2024-01-09,9236
3363,上詮,6,0,6,凱基-虎尾,2024-01-09,9236
6117,迎廣,35,29,6,凱基-虎尾,2024-01-09,9236
8084,巨虹,6,0,6,凱基-虎尾,2024-01-09,9236
8210,勤誠,6,0,6,凱基-虎尾,2024-01-09,9236
00934,中信成長高股息,5,0,5,凱基-虎尾,2024-01-09,9236
00919,群益台灣精選高息,53,0,53,凱基-虎尾,2024-01-10,9236
2609,陽明,374,323,51,凱基-虎尾,2024-01-10,9236
00929,復華台灣科技優息,50,4,46,凱基-虎尾,2024-01-10,9236
2359,所羅門,40,0,40,凱基-虎尾,2024-01-10,9236
3622,洋華,45,6,39,凱基-虎尾,2024-01-10,9236
0056,元大高股息,50,12,38,凱基-虎尾,2024-01-10,9236
9902,台火,40,2,38,凱基-虎尾,2024-01-10,9236
2329,華泰,39,9,30,凱基-虎尾,2024-01-10,9236
00915,凱基優選高股息30,30,2,28,凱基-虎尾,2024-01-10,9236
3706,神達,47,19,28,凱基-虎尾,2024-01-10,9236
2317,鴻海,27,0,27,凱基-虎尾,2024-01-10,9236
6462,神盾,32,7,25,凱基-虎尾,2024-01-10,9236
2101,南港,23,0,23,凱基-虎尾,2024-01-10,9236
5465,富驊,23,0,23,凱基-虎尾,2024-01-10,9236
2014,中鴻,20,0,20,凱基-虎尾,2024-01-10,9236
2888,新光金,20,0,20,凱基-虎尾,2024-01-10,9236
2409,友達,18,1,17,凱基-虎尾,2024-01-10,9236
5351,鈺創,17,0,17,凱基-虎尾,2024-01-10,9236
6164,華興,17,0,17,凱基-虎尾,2024-01-10,9236
2313,華通,15,0,15,凱基-虎尾,2024-01-10,9236
4564,元翎,15,0,15,凱基-虎尾,2024-01-10,9236
6695,芯鼎,17,2,15,凱基-虎尾,2024-01-10,9236
2605,新興,15,1,14,凱基-虎尾,2024-01-10,9236
2634,漢翔,43,29,14,凱基-虎尾,2024-01-10,9236
6125,廣運,16,2,14,凱基-虎尾,2024-01-10,9236
2515,中工,11,0,11,凱基-虎尾,2024-01-10,9236
2883,凱基金,11,0,11,凱基-虎尾,2024-01-10,9236
2885,元大金,12,1,11,凱基-虎尾,2024-01-10,9236
6237,驊訊,12,1,11,凱基-虎尾,2024-01-10,9236
4956,光鋐,27,16,11,凱基-虎尾,2024-01-10,9236
00885,富邦越南,10,0,10,凱基-虎尾,2024-01-10,9236
2323,中環,10,0,10,凱基-虎尾,2024-01-10,9236
6163,華電網,16,6,10,凱基-虎尾,2024-01-10,9236
00720B,元大投資級公司債,10,0,10,凱基-虎尾,2024-01-10,9236
2324,仁寶,20,10,10,凱基-虎尾,2024-01-10,9236
2356,英業達,84,75,9,凱基-虎尾,2024-01-10,9236
2312,金寶,9,0,9,凱基-虎尾,2024-01-10,9236
2630,亞航,11,2,9,凱基-虎尾,2024-01-10,9236
1598,岱宇,8,0,8,凱基-虎尾,2024-01-10,9236
2344,華邦電,9,1,8,凱基-虎尾,2024-01-10,9236
4563,百德,8,0,8,凱基-虎尾,2024-01-10,9236
6243,迅杰,10,2,8,凱基-虎尾,2024-01-10,9236
2301,光寶科,34,27,7,凱基-虎尾,2024-01-10,9236
2618,長榮航,7,0,7,凱基-虎尾,2024-01-10,9236
6684,安格,11,4,7,凱基-虎尾,2024-01-10,9236
2354,鴻準,6,0,6,凱基-虎尾,2024-01-10,9236
00679B,元大美債20年,6,0,6,凱基-虎尾,2024-01-10,9236
2353,宏��,27,21,6,凱基-虎尾,2024-01-10,9236
3645,達邁,8,2,6,凱基-虎尾,2024-01-10,9236
3715,定穎投控,7,1,6,凱基-虎尾,2024-01-10,9236
2888,新光金,210,10,200,凱基-虎尾,2024-01-11,9236
2618,長榮航,122,1,121,凱基-虎尾,2024-01-11,9236
2353,宏��,62,3,59,凱基-虎尾,2024-01-11,9236
00679B,元大美債20年,56,0,56,凱基-虎尾,2024-01-11,9236
1815,富喬,44,4,40,凱基-虎尾,2024-01-11,9236
2408,南亞科,45,5,40,凱基-虎尾,2024-01-11,9236
3706,神達,54,20,34,凱基-虎尾,2024-01-11,9236
2365,昆盈,33,1,32,凱基-虎尾,2024-01-11,9236
2427,三商電,36,4,32,凱基-虎尾,2024-01-11,9236
2359,所羅門,30,0,30,凱基-虎尾,2024-01-11,9236
3265,台星科,31,5,26,凱基-虎尾,2024-01-11,9236
3033,威健,27,3,24,凱基-虎尾,2024-01-11,9236
00687B,國泰20年美債,23,0,23,凱基-虎尾,2024-01-11,9236
8150,南茂,24,1,23,凱基-虎尾,2024-01-11,9236
3325,旭品,21,0,21,凱基-虎尾,2024-01-11,9236
00715L,期街口布蘭特正2,20,0,20,凱基-虎尾,2024-01-11,9236
00673R,期元大S＆P原油反1,20,0,20,凱基-虎尾,2024-01-11,9236
00933B,國泰10Y+金融債,20,0,20,凱基-虎尾,2024-01-11,9236
2409,友達,18,0,18,凱基-虎尾,2024-01-11,9236
2356,英業達,19,3,16,凱基-虎尾,2024-01-11,9236
5443,均豪,16,0,16,凱基-虎尾,2024-01-11,9236
3032,偉訓,16,1,15,凱基-虎尾,2024-01-11,9236
3163,波若威,15,0,15,凱基-虎尾,2024-01-11,9236
3450,聯鈞,15,0,15,凱基-虎尾,2024-01-11,9236
00929,復華台灣科技優息,14,0,14,凱基-虎尾,2024-01-11,9236
2453,凌群,19,5,14,凱基-虎尾,2024-01-11,9236
2457,飛宏,13,0,13,凱基-虎尾,2024-01-11,9236
3055,蔚華科,14,1,13,凱基-虎尾,2024-01-11,9236
4908,前鼎,13,0,13,凱基-虎尾,2024-01-11,9236
5258,虹堡,13,0,13,凱基-虎尾,2024-01-11,9236
00902,中信電池及儲能,12,0,12,凱基-虎尾,2024-01-11,9236
2344,華邦電,13,1,12,凱基-虎尾,2024-01-11,9236
3338,泰碩,13,1,12,凱基-虎尾,2024-01-11,9236
3363,上詮,12,0,12,凱基-虎尾,2024-01-11,9236
2101,南港,11,0,11,凱基-虎尾,2024-01-11,9236
2915,潤泰全,11,0,11,凱基-虎尾,2024-01-11,9236
3287,廣寰科,11,0,11,凱基-虎尾,2024-01-11,9236
1618,合機,12,2,10,凱基-虎尾,2024-01-11,9236
2461,光群雷,10,0,10,凱基-虎尾,2024-01-11,9236
2641,正德,10,0,10,凱基-虎尾,2024-01-11,9236
6111,大宇資,13,3,10,凱基-虎尾,2024-01-11,9236
6462,神盾,16,6,10,凱基-虎尾,2024-01-11,9236
3025,星通,14,5,9,凱基-虎尾,2024-01-11,9236
00919,群益台灣精選高息,28,20,8,凱基-虎尾,2024-01-11,9236
2449,京元電子,18,10,8,凱基-虎尾,2024-01-11,9236
2376,技嘉,33,25,8,凱基-虎尾,2024-01-11,9236
3479,安勤,8,0,8,凱基-虎尾,2024-01-11,9236
3704,合勤控,8,0,8,凱基-虎尾,2024-01-11,9236
3515,華擎,8,0,8,凱基-虎尾,2024-01-11,9236
00937B,群益ESG投等債20,7,0,7,凱基-虎尾,2024-01-11,9236
00885,富邦越南,100,0,100,凱基-虎尾,2024-01-12,9236
00929,復華台灣科技優息,68,2,66,凱基-虎尾,2024-01-12,9236
00919,群益台灣精選高息,64,0,64,凱基-虎尾,2024-01-12,9236
2405,輔信,60,0,60,凱基-虎尾,2024-01-12,9236
2887,台新金,53,0,53,凱基-虎尾,2024-01-12,9236
8150,南茂,70,24,46,凱基-虎尾,2024-01-12,9236
00927,群益半導體收益,42,0,42,凱基-虎尾,2024-01-12,9236
00937B,群益ESG投等債20,37,0,37,凱基-虎尾,2024-01-12,9236
2606,裕民,40,5,35,凱基-虎尾,2024-01-12,9236
2337,旺宏,30,0,30,凱基-虎尾,2024-01-12,9236
2542,興富發,30,0,30,凱基-虎尾,2024-01-12,9236
2449,京元電子,23,2,21,凱基-虎尾,2024-01-12,9236
5426,振發,236,218,18,凱基-虎尾,2024-01-12,9236
8201,無敵,20,3,17,凱基-虎尾,2024-01-12,9236
2324,仁寶,19,3,16,凱基-虎尾,2024-01-12,9236
6163,華電網,15,0,15,凱基-虎尾,2024-01-12,9236
8227,巨有科技,22,7,15,凱基-虎尾,2024-01-12,9236
2208,台船,77,64,13,凱基-虎尾,2024-01-12,9236
6120,達運,16,3,13,凱基-虎尾,2024-01-12,9236
1215,卜蜂,12,0,12,凱基-虎尾,2024-01-12,9236
1612,宏泰,12,0,12,凱基-虎尾,2024-01-12,9236
2355,敬鵬,11,0,11,凱基-虎尾,2024-01-12,9236
1529,樂事綠能,9,0,9,凱基-虎尾,2024-01-12,9236
2331,精英,11,2,9,凱基-虎尾,2024-01-12,9236
8222,寶一,11,2,9,凱基-虎尾,2024-01-12,9236
2890,永豐金,8,0,8,凱基-虎尾,2024-01-12,9236
1528,恩德,7,0,7,凱基-虎尾,2024-01-12,9236
2317,鴻海,7,0,7,凱基-虎尾,2024-01-12,9236
2892,第一金,6,0,6,凱基-虎尾,2024-01-12,9236
1504,東元,6,0,6,凱基-虎尾,2024-01-12,9236
1503,士電,11,5,6,凱基-虎尾,2024-01-12,9236
2344,華邦電,6,0,6,凱基-虎尾,2024-01-12,9236
2515,中工,6,0,6,凱基-虎尾,2024-01-12,9236
3147,大綜,6,0,6,凱基-虎尾,2024-01-12,9236
8404,百和興業-KY,6,0,6,凱基-虎尾,2024-01-12,9236
00687B,國泰20年美債,5,0,5,凱基-虎尾,2024-01-12,9236
1593,祺驊,5,0,5,凱基-虎尾,2024-01-12,9236
2104,國際中橡,5,0,5,凱基-虎尾,2024-01-12,9236
2354,鴻準,5,0,5,凱基-虎尾,2024-01-12,9236
2409,友達,8,3,5,凱基-虎尾,2024-01-12,9236
2605,新興,5,0,5,凱基-虎尾,2024-01-12,9236
2882,國泰金,5,0,5,凱基-虎尾,2024-01-12,9236
6219,富旺,5,0,5,凱基-虎尾,2024-01-12,9236
6578,達邦蛋白,5,0,5,凱基-虎尾,2024-01-12,9236
8081,致新,5,0,5,凱基-虎尾,2024-01-12,9236
00935,野村臺灣新科技50,4,0,4,凱基-虎尾,2024-01-12,9236
1599,宏佳騰,4,0,4,凱基-虎尾,2024-01-12,9236
2301,光寶科,4,0,4,凱基-虎尾,2024-01-12,9236
3081,聯亞,4,0,4,凱基-虎尾,2024-01-12,9236
3455,由田,4,0,4,凱基-虎尾,2024-01-12,9236
2610,華航,176,3,173,凱基-虎尾,2024-01-15,9236
00929,復華台灣科技優息,162,10,152,凱基-虎尾,2024-01-15,9236
2888,新光金,124,0,124,凱基-虎尾,2024-01-15,9236
2406,國碩,60,0,60,凱基-虎尾,2024-01-15,9236
00937B,群益ESG投等債20,41,0,41,凱基-虎尾,2024-01-15,9236
2883,凱基金,40,0,40,凱基-虎尾,2024-01-15,9236
1609,大亞,92,59,33,凱基-虎尾,2024-01-15,9236
2344,華邦電,33,1,32,凱基-虎尾,2024-01-15,9236
2371,大同,31,0,31,凱基-虎尾,2024-01-15,9236
3481,群創,42,11,31,凱基-虎尾,2024-01-15,9236
2359,所羅門,30,0,30,凱基-虎尾,2024-01-15,9236
2329,華泰,31,2,29,凱基-虎尾,2024-01-15,9236
3712,永崴投控,36,7,29,凱基-虎尾,2024-01-15,9236
4909,新復興,27,2,25,凱基-虎尾,2024-01-15,9236
6226,光鼎,25,0,25,凱基-虎尾,2024-01-15,9236
6207,雷科,24,1,23,凱基-虎尾,2024-01-15,9236
1905,華紙,23,1,22,凱基-虎尾,2024-01-15,9236
3287,廣寰科,35,15,20,凱基-虎尾,2024-01-15,9236
4967,十銓,22,2,20,凱基-虎尾,2024-01-15,9236
2486,一詮,40,21,19,凱基-虎尾,2024-01-15,9236
2208,台船,30,11,19,凱基-虎尾,2024-01-15,9236
3390,旭軟,20,1,19,凱基-虎尾,2024-01-15,9236
3673,TPK-KY,19,0,19,凱基-虎尾,2024-01-15,9236
0056,元大高股息,20,3,17,凱基-虎尾,2024-01-15,9236
1605,華新,17,0,17,凱基-虎尾,2024-01-15,9236
2331,精英,23,6,17,凱基-虎尾,2024-01-15,9236
6695,芯鼎,20,3,17,凱基-虎尾,2024-01-15,9236
00712,復華富時不動產,15,0,15,凱基-虎尾,2024-01-15,9236
3450,聯鈞,16,1,15,凱基-虎尾,2024-01-15,9236
2634,漢翔,16,1,15,凱基-虎尾,2024-01-15,9236
3231,緯創,1136,1122,14,凱基-虎尾,2024-01-15,9236
2401,凌陽,22,8,14,凱基-虎尾,2024-01-15,9236
6243,迅杰,20,6,14,凱基-虎尾,2024-01-15,9236
2382,廣達,18,4,14,凱基-虎尾,2024-01-15,9236
2313,華通,43,30,13,凱基-虎尾,2024-01-15,9236
5521,工信,22,9,13,凱基-虎尾,2024-01-15,9236
6191,精成科,19,6,13,凱基-虎尾,2024-01-15,9236
2317,鴻海,13,1,12,凱基-虎尾,2024-01-15,9236
2457,飛宏,12,0,12,凱基-虎尾,2024-01-15,9236
3715,定穎投控,18,6,12,凱基-虎尾,2024-01-15,9236
6120,達運,15,3,12,凱基-虎尾,2024-01-15,9236
1528,恩德,12,1,11,凱基-虎尾,2024-01-15,9236
1584,精剛,11,0,11,凱基-虎尾,2024-01-15,9236
1611,中電,11,0,11,凱基-虎尾,2024-01-15,9236
2241,艾姆勒,11,0,11,凱基-虎尾,2024-01-15,9236
3207,耀勝,11,0,11,凱基-虎尾,2024-01-15,9236
5426,振發,48,37,11,凱基-虎尾,2024-01-15,9236
00632R,元大台灣50反1,10,0,10,凱基-虎尾,2024-01-15,9236
1618,合機,10,0,10,凱基-虎尾,2024-01-15,9236
3027,盛達,11,1,10,凱基-虎尾,2024-01-15,9236
3615,安可,215,0,215,凱基-虎尾,2024-01-16,9236
3481,群創,2724,2564,160,凱基-虎尾,2024-01-16,9236
00753L,中信中國50正2,119,6,113,凱基-虎尾,2024-01-16,9236
00929,復華台灣科技優息,110,0,110,凱基-虎尾,2024-01-16,9236
3033,威健,160,100,60,凱基-虎尾,2024-01-16,9236
2888,新光金,59,0,59,凱基-虎尾,2024-01-16,9236
00655L,國泰中國A50正2,52,0,52,凱基-虎尾,2024-01-16,9236
1732,毛寶,50,0,50,凱基-虎尾,2024-01-16,9236
0056,元大高股息,39,0,39,凱基-虎尾,2024-01-16,9236
2882,國泰金,37,0,37,凱基-虎尾,2024-01-16,9236
00927,群益半導體收益,31,0,31,凱基-虎尾,2024-01-16,9236
00919,群益台灣精選高息,31,0,31,凱基-虎尾,2024-01-16,9236
1504,東元,30,0,30,凱基-虎尾,2024-01-16,9236
2409,友達,74,45,29,凱基-虎尾,2024-01-16,9236
6684,安格,126,98,28,凱基-虎尾,2024-01-16,9236
2880,華南金,21,0,21,凱基-虎尾,2024-01-16,9236
2337,旺宏,20,0,20,凱基-虎尾,2024-01-16,9236
3701,大眾控,20,0,20,凱基-虎尾,2024-01-16,9236
2618,長榮航,21,2,19,凱基-虎尾,2024-01-16,9236
5880,合庫金,19,0,19,凱基-虎尾,2024-01-16,9236
2376,技嘉,29,10,19,凱基-虎尾,2024-01-16,9236
2609,陽明,175,158,17,凱基-虎尾,2024-01-16,9236
2883,凱基金,15,0,15,凱基-虎尾,2024-01-16,9236
2892,第一金,14,0,14,凱基-虎尾,2024-01-16,9236
1612,宏泰,14,0,14,凱基-虎尾,2024-01-16,9236
2801,彰銀,14,0,14,凱基-虎尾,2024-01-16,9236
8271,宇瞻,15,1,14,凱基-虎尾,2024-01-16,9236
1326,台化,15,3,12,凱基-虎尾,2024-01-16,9236
1524,耿鼎,12,0,12,凱基-虎尾,2024-01-16,9236
5521,工信,20,8,12,凱基-虎尾,2024-01-16,9236
6505,台塑化,12,0,12,凱基-虎尾,2024-01-16,9236
5347,世界,11,0,11,凱基-虎尾,2024-01-16,9236
2887,台新金,11,0,11,凱基-虎尾,2024-01-16,9236
00687B,國泰20年美債,11,0,11,凱基-虎尾,2024-01-16,9236
2465,麗臺,11,0,11,凱基-虎尾,2024-01-16,9236
2515,中工,11,0,11,凱基-虎尾,2024-01-16,9236
8404,百和興業-KY,11,0,11,凱基-虎尾,2024-01-16,9236
1312,國喬,10,0,10,凱基-虎尾,2024-01-16,9236
00632R,元大台灣50反1,20,10,10,凱基-虎尾,2024-01-16,9236
1810,和成,10,0,10,凱基-虎尾,2024-01-16,9236
5355,佳總,10,0,10,凱基-虎尾,2024-01-16,9236
5452,佶優,10,0,10,凱基-虎尾,2024-01-16,9236
8410,森田,12,2,10,凱基-虎尾,2024-01-16,9236
2317,鴻海,11,2,9,凱基-虎尾,2024-01-16,9236
2382,廣達,13,4,9,凱基-虎尾,2024-01-16,9236
8021,尖點,10,1,9,凱基-虎尾,2024-01-16,9236
00878,國泰永續高股息,10,1,9,凱基-虎尾,2024-01-16,9236
1303,南亞,8,0,8,凱基-虎尾,2024-01-16,9236
00937B,群益ESG投等債20,7,0,7,凱基-虎尾,2024-01-16,9236
00915,凱基優選高股息30,7,0,7,凱基-虎尾,2024-01-16,9236
00632R,元大台灣50反1,200,0,200,凱基-虎尾,2024-01-17,9236
00753L,中信中國50正2,129,16,113,凱基-虎尾,2024-01-17,9236
8150,南茂,110,0,110,凱基-虎尾,2024-01-17,9236
00885,富邦越南,100,0,100,凱基-虎尾,2024-01-17,9236
4909,新復興,80,0,80,凱基-虎尾,2024-01-17,9236
00680L,元大美債20正2,60,0,60,凱基-虎尾,2024-01-17,9236
00919,群益台灣精選高息,59,0,59,凱基-虎尾,2024-01-17,9236
8011,台通,51,0,51,凱基-虎尾,2024-01-17,9236
00655L,國泰中國A50正2,50,0,50,凱基-虎尾,2024-01-17,9236
3622,洋華,60,11,49,凱基-虎尾,2024-01-17,9236
00637L,元大滬深300正2,58,10,48,凱基-虎尾,2024-01-17,9236
2618,長榮航,48,0,48,凱基-虎尾,2024-01-17,9236
2303,聯電,251,206,45,凱基-虎尾,2024-01-17,9236
00929,復華台灣科技優息,88,49,39,凱基-虎尾,2024-01-17,9236
00673R,期元大S＆P原油反1,39,0,39,凱基-虎尾,2024-01-17,9236
00937B,群益ESG投等債20,41,5,36,凱基-虎尾,2024-01-17,9236
00911,兆豐洲際半導體,35,0,35,凱基-虎尾,2024-01-17,9236
6207,雷科,35,0,35,凱基-虎尾,2024-01-17,9236
2344,華邦電,41,7,34,凱基-虎尾,2024-01-17,9236
2886,兆豐金,35,3,32,凱基-虎尾,2024-01-17,9236
4956,光鋐,35,4,31,凱基-虎尾,2024-01-17,9236
2887,台新金,30,0,30,凱基-虎尾,2024-01-17,9236
00882,中信中國高股息,25,0,25,凱基-虎尾,2024-01-17,9236
2892,第一金,30,5,25,凱基-虎尾,2024-01-17,9236
0056,元大高股息,30,7,23,凱基-虎尾,2024-01-17,9236
1815,富喬,23,0,23,凱基-虎尾,2024-01-17,9236
00878,國泰永續高股息,25,2,23,凱基-虎尾,2024-01-17,9236
00931B,統一美債20年,25,3,22,凱基-虎尾,2024-01-17,9236
2609,陽明,24,6,18,凱基-虎尾,2024-01-17,9236
00881,國泰台灣5G+,18,0,18,凱基-虎尾,2024-01-17,9236
00935,野村臺灣新科技50,16,0,16,凱基-虎尾,2024-01-17,9236
3051,力特,19,4,15,凱基-虎尾,2024-01-17,9236
6163,華電網,20,5,15,凱基-虎尾,2024-01-17,9236
6443,元晶,15,0,15,凱基-虎尾,2024-01-17,9236
3231,緯創,100,85,15,凱基-虎尾,2024-01-17,9236
1605,華新,17,3,14,凱基-虎尾,2024-01-17,9236
2515,中工,14,0,14,凱基-虎尾,2024-01-17,9236
00687B,國泰20年美債,13,0,13,凱基-虎尾,2024-01-17,9236
00934,中信成長高股息,12,0,12,凱基-虎尾,2024-01-17,9236
00918,大華優利高填息30,11,0,11,凱基-虎尾,2024-01-17,9236
2353,宏��,26,16,10,凱基-虎尾,2024-01-17,9236
2882,國泰金,10,0,10,凱基-虎尾,2024-01-17,9236
1732,毛寶,10,0,10,凱基-虎尾,2024-01-17,9236
2028,威致,10,0,10,凱基-虎尾,2024-01-17,9236
2104,國際中橡,10,0,10,凱基-虎尾,2024-01-17,9236
2405,輔信,10,0,10,凱基-虎尾,2024-01-17,9236
8436,大江,12,2,10,凱基-虎尾,2024-01-17,9236
2317,鴻海,1506,1497,9,凱基-虎尾,2024-01-17,9236
2324,仁寶,15,6,9,凱基-虎尾,2024-01-17,9236
2880,華南金,9,0,9,凱基-虎尾,2024-01-17,9236
00929,復華台灣科技優息,184,5,179,凱基-虎尾,2024-01-18,9236
3481,群創,2920,2785,135,凱基-虎尾,2024-01-18,9236
00919,群益台灣精選高息,53,0,53,凱基-虎尾,2024-01-18,9236
2615,萬海,48,0,48,凱基-虎尾,2024-01-18,9236
00885,富邦越南,50,2,48,凱基-虎尾,2024-01-18,9236
00655L,國泰中國A50正2,45,0,45,凱基-虎尾,2024-01-18,9236
00753L,中信中國50正2,69,27,42,凱基-虎尾,2024-01-18,9236
8096,擎亞,98,60,38,凱基-虎尾,2024-01-18,9236
2324,仁寶,47,14,33,凱基-虎尾,2024-01-18,9236
3033,威健,31,1,30,凱基-虎尾,2024-01-18,9236
8240,華宏,30,0,30,凱基-虎尾,2024-01-18,9236
2303,聯電,854,827,27,凱基-虎尾,2024-01-18,9236
00679B,元大美債20年,24,0,24,凱基-虎尾,2024-01-18,9236
6120,達運,165,143,22,凱基-虎尾,2024-01-18,9236
00637L,元大滬深300正2,30,10,20,凱基-虎尾,2024-01-18,9236
9945,潤泰新,20,0,20,凱基-虎尾,2024-01-18,9236
00882,中信中國高股息,19,0,19,凱基-虎尾,2024-01-18,9236
5521,工信,20,1,19,凱基-虎尾,2024-01-18,9236
2344,華邦電,41,23,18,凱基-虎尾,2024-01-18,9236
8215,明基材,20,2,18,凱基-虎尾,2024-01-18,9236
2887,台新金,17,0,17,凱基-虎尾,2024-01-18,9236
2353,宏��,82,65,17,凱基-虎尾,2024-01-18,9236
2382,廣達,30,14,16,凱基-虎尾,2024-01-18,9236
2609,陽明,56,41,15,凱基-虎尾,2024-01-18,9236
00934,中信成長高股息,15,0,15,凱基-虎尾,2024-01-18,9236
00937B,群益ESG投等債20,54,40,14,凱基-虎尾,2024-01-18,9236
2498,宏達電,12,0,12,凱基-虎尾,2024-01-18,9236
2206,三陽工業,12,0,12,凱基-虎尾,2024-01-18,9236
1504,東元,11,0,11,凱基-虎尾,2024-01-18,9236
3287,廣寰科,68,57,11,凱基-虎尾,2024-01-18,9236
2409,友達,142,132,10,凱基-虎尾,2024-01-18,9236
2801,彰銀,10,0,10,凱基-虎尾,2024-01-18,9236
00688L,國泰20年美債正2,10,0,10,凱基-虎尾,2024-01-18,9236
1609,大亞,11,1,10,凱基-虎尾,2024-01-18,9236
1907,永豐餘,10,0,10,凱基-虎尾,2024-01-18,9236
2543,皇昌,10,0,10,凱基-虎尾,2024-01-18,9236
2633,台灣高鐵,10,0,10,凱基-虎尾,2024-01-18,9236
5512,力麒,10,0,10,凱基-虎尾,2024-01-18,9236
4915,致伸,10,0,10,凱基-虎尾,2024-01-18,9236
00687B,國泰20年美債,11,2,9,凱基-虎尾,2024-01-18,9236
0056,元大高股息,10,1,9,凱基-虎尾,2024-01-18,9236
2460,建通,16,7,9,凱基-虎尾,2024-01-18,9236
3615,安可,9,0,9,凱基-虎尾,2024-01-18,9236
3623,富晶通,17,8,9,凱基-虎尾,2024-01-18,9236
2027,大成鋼,10,2,8,凱基-虎尾,2024-01-18,9236
1301,台塑,7,0,7,凱基-虎尾,2024-01-18,9236
1434,福懋,7,0,7,凱基-虎尾,2024-01-18,9236
2867,三商壽,7,0,7,凱基-虎尾,2024-01-18,9236
6219,富旺,7,0,7,凱基-虎尾,2024-01-18,9236
8112,至上,7,0,7,凱基-虎尾,2024-01-18,9236
3711,日月光投控,759,202,557,凱基-虎尾,2024-01-19,9236
2409,友達,234,18,216,凱基-虎尾,2024-01-19,9236
2330,台積電,1541,1337,204,凱基-虎尾,2024-01-19,9236
00680L,元大美債20正2,95,0,95,凱基-虎尾,2024-01-19,9236
2356,英業達,118,44,74,凱基-虎尾,2024-01-19,9236
6005,群益證,70,0,70,凱基-虎尾,2024-01-19,9236
4909,新復興,65,0,65,凱基-虎尾,2024-01-19,9236
3339,泰谷,63,4,59,凱基-虎尾,2024-01-19,9236
1312,國喬,53,0,53,凱基-虎尾,2024-01-19,9236
00937B,群益ESG投等債20,51,0,51,凱基-虎尾,2024-01-19,9236
3380,明泰,51,19,32,凱基-虎尾,2024-01-19,9236
00688L,國泰20年美債正2,30,0,30,凱基-虎尾,2024-01-19,9236
2401,凌陽,30,0,30,凱基-虎尾,2024-01-19,9236
5488,松普,30,0,30,凱基-虎尾,2024-01-19,9236
2329,華泰,37,11,26,凱基-虎尾,2024-01-19,9236
2353,宏��,42,18,24,凱基-虎尾,2024-01-19,9236
2362,藍天,30,6,24,凱基-虎尾,2024-01-19,9236
6233,旺玖,28,4,24,凱基-虎尾,2024-01-19,9236
3706,神達,33,12,21,凱基-虎尾,2024-01-19,9236
3013,晟銘電,20,3,17,凱基-虎尾,2024-01-19,9236
2465,麗臺,20,4,16,凱基-虎尾,2024-01-19,9236
2888,新光金,16,0,16,凱基-虎尾,2024-01-19,9236
2618,長榮航,21,6,15,凱基-虎尾,2024-01-19,9236
5521,工信,15,0,15,凱基-虎尾,2024-01-19,9236
8201,無敵,15,0,15,凱基-虎尾,2024-01-19,9236
00679B,元大美債20年,15,0,15,凱基-虎尾,2024-01-19,9236
2313,華通,32,18,14,凱基-虎尾,2024-01-19,9236
2331,精英,16,2,14,凱基-虎尾,2024-01-19,9236
2337,旺宏,20,6,14,凱基-虎尾,2024-01-19,9236
00655L,國泰中國A50正2,13,0,13,凱基-虎尾,2024-01-19,9236
2101,南港,13,0,13,凱基-虎尾,2024-01-19,9236
2834,臺企銀,17,4,13,凱基-虎尾,2024-01-19,9236
3715,定穎投控,13,0,13,凱基-虎尾,2024-01-19,9236
00764B,群益25年美債,12,0,12,凱基-虎尾,2024-01-19,9236
00882,中信中國高股息,12,0,12,凱基-虎尾,2024-01-19,9236
2002,中鋼,12,0,12,凱基-虎尾,2024-01-19,9236
2371,大同,12,0,12,凱基-虎尾,2024-01-19,9236
2421,建準,13,1,12,凱基-虎尾,2024-01-19,9236
00929,復華台灣科技優息,24,12,12,凱基-虎尾,2024-01-19,9236
6668,中揚光,11,0,11,凱基-虎尾,2024-01-19,9236
00934,中信成長高股息,10,0,10,凱基-虎尾,2024-01-19,9236
00904,新光臺灣半導體30,10,0,10,凱基-虎尾,2024-01-19,9236
00753L,中信中國50正2,10,0,10,凱基-虎尾,2024-01-19,9236
2891,中信金,10,0,10,凱基-虎尾,2024-01-19,9236
3306,鼎天,12,2,10,凱基-虎尾,2024-01-19,9236
2887,台新金,10,0,10,凱基-虎尾,2024-01-19,9236
00720B,元大投資級公司債,9,0,9,凱基-虎尾,2024-01-19,9236
1471,首利,10,1,9,凱基-虎尾,2024-01-19,9236
6290,良維,14,5,9,凱基-虎尾,2024-01-19,9236
8358,金居,10,1,9,凱基-虎尾,2024-01-19,9236
00891,中信關鍵半導體,200,0,200,凱基-虎尾,2024-01-22,9236
00753L,中信中國50正2,183,18,165,凱基-虎尾,2024-01-22,9236
00935,野村臺灣新科技50,100,1,99,凱基-虎尾,2024-01-22,9236
00632R,元大台灣50反1,70,0,70,凱基-虎尾,2024-01-22,9236
5351,鈺創,61,0,61,凱基-虎尾,2024-01-22,9236
1815,富喬,61,7,54,凱基-虎尾,2024-01-22,9236
3712,永崴投控,56,2,54,凱基-虎尾,2024-01-22,9236
2421,建準,67,15,52,凱基-虎尾,2024-01-22,9236
4960,誠美材,57,5,52,凱基-虎尾,2024-01-22,9236
00882,中信中國高股息,43,0,43,凱基-虎尾,2024-01-22,9236
2515,中工,42,0,42,凱基-虎尾,2024-01-22,9236
4109,加捷生醫,45,5,40,凱基-虎尾,2024-01-22,9236
00655L,國泰中國A50正2,40,0,40,凱基-虎尾,2024-01-22,9236
6770,力積電,43,4,39,凱基-虎尾,2024-01-22,9236
2331,精英,51,13,38,凱基-虎尾,2024-01-22,9236
00937B,群益ESG投等債20,33,0,33,凱基-虎尾,2024-01-22,9236
2356,英業達,383,352,31,凱基-虎尾,2024-01-22,9236
2611,志信,31,2,29,凱基-虎尾,2024-01-22,9236
3622,洋華,30,2,28,凱基-虎尾,2024-01-22,9236
2486,一詮,24,0,24,凱基-虎尾,2024-01-22,9236
4906,正文,144,122,22,凱基-虎尾,2024-01-22,9236
5452,佶優,21,0,21,凱基-虎尾,2024-01-22,9236
6126,信音,22,1,21,凱基-虎尾,2024-01-22,9236
2359,所羅門,21,1,20,凱基-虎尾,2024-01-22,9236
2337,旺宏,34,15,19,凱基-虎尾,2024-01-22,9236
3059,華晶科,21,2,19,凱基-虎尾,2024-01-22,9236
2441,超豐,17,0,17,凱基-虎尾,2024-01-22,9236
2363,矽統,35,19,16,凱基-虎尾,2024-01-22,9236
2405,輔信,16,0,16,凱基-虎尾,2024-01-22,9236
2498,宏達電,17,2,15,凱基-虎尾,2024-01-22,9236
3033,威健,30,15,15,凱基-虎尾,2024-01-22,9236
3338,泰碩,16,1,15,凱基-虎尾,2024-01-22,9236
4908,前鼎,15,0,15,凱基-虎尾,2024-01-22,9236
2382,廣達,54,41,13,凱基-虎尾,2024-01-22,9236
1504,東元,13,0,13,凱基-虎尾,2024-01-22,9236
3032,偉訓,21,9,12,凱基-虎尾,2024-01-22,9236
5880,合庫金,11,0,11,凱基-虎尾,2024-01-22,9236
3325,旭品,12,1,11,凱基-虎尾,2024-01-22,9236
6509,聚和,12,1,11,凱基-虎尾,2024-01-22,9236
00902,中信電池及儲能,10,0,10,凱基-虎尾,2024-01-22,9236
00673R,期元大S＆P原油反1,10,0,10,凱基-虎尾,2024-01-22,9236
2323,中環,10,0,10,凱基-虎尾,2024-01-22,9236
2722,夏都,10,0,10,凱基-虎尾,2024-01-22,9236
4402,郡都開發,10,0,10,凱基-虎尾,2024-01-22,9236
6134,萬旭,10,0,10,凱基-虎尾,2024-01-22,9236
3006,晶豪科,11,2,9,凱基-虎尾,2024-01-22,9236
6207,雷科,10,1,9,凱基-虎尾,2024-01-22,9236
1303,南亞,8,0,8,凱基-虎尾,2024-01-22,9236
00712,復華富時不動產,8,0,8,凱基-虎尾,2024-01-22,9236
1514,亞力,20,12,8,凱基-虎尾,2024-01-22,9236
00753L,中信中國50正2,60,0,60,凱基-虎尾,2024-01-23,9236
8085,福華,50,0,50,凱基-虎尾,2024-01-23,9236
8240,華宏,50,0,50,凱基-虎尾,2024-01-23,9236
3694,海華,53,5,48,凱基-虎尾,2024-01-23,9236
6233,旺玖,51,11,40,凱基-虎尾,2024-01-23,9236
2421,建準,44,7,37,凱基-虎尾,2024-01-23,9236
00655L,國泰中國A50正2,35,0,35,凱基-虎尾,2024-01-23,9236
8110,華東,34,1,33,凱基-虎尾,2024-01-23,9236
4939,亞電,32,0,32,凱基-虎尾,2024-01-23,9236
3232,昱捷,31,0,31,凱基-虎尾,2024-01-23,9236
3380,明泰,46,15,31,凱基-虎尾,2024-01-23,9236
2332,友訊,35,6,29,凱基-虎尾,2024-01-23,9236
2408,南亞科,38,9,29,凱基-虎尾,2024-01-23,9236
4906,正文,50,22,28,凱基-虎尾,2024-01-23,9236
1528,恩德,26,0,26,凱基-虎尾,2024-01-23,9236
3041,揚智,28,2,26,凱基-虎尾,2024-01-23,9236
6127,九豪,35,9,26,凱基-虎尾,2024-01-23,9236
2355,敬鵬,23,0,23,凱基-虎尾,2024-01-23,9236
2618,長榮航,27,4,23,凱基-虎尾,2024-01-23,9236
4979,華星光,32,9,23,凱基-虎尾,2024-01-23,9236
8054,安國,29,6,23,凱基-虎尾,2024-01-23,9236
2369,菱生,30,9,21,凱基-虎尾,2024-01-23,9236
2486,一詮,30,10,20,凱基-虎尾,2024-01-23,9236
1524,耿鼎,20,1,19,凱基-虎尾,2024-01-23,9236
6116,彩晶,30,11,19,凱基-虎尾,2024-01-23,9236
2371,大同,18,0,18,凱基-虎尾,2024-01-23,9236
00904,新光臺灣半導體30,15,0,15,凱基-虎尾,2024-01-23,9236
2887,台新金,15,0,15,凱基-虎尾,2024-01-23,9236
3354,律勝,41,26,15,凱基-虎尾,2024-01-23,9236
1503,士電,32,18,14,凱基-虎尾,2024-01-23,9236
2014,中鴻,14,0,14,凱基-虎尾,2024-01-23,9236
6207,雷科,13,0,13,凱基-虎尾,2024-01-23,9236
00751B,元大AAA至A公司債,11,0,11,凱基-虎尾,2024-01-23,9236
3019,亞光,13,2,11,凱基-虎尾,2024-01-23,9236
4956,光鋐,12,1,11,凱基-虎尾,2024-01-23,9236
6108,競國,12,1,11,凱基-虎尾,2024-01-23,9236
2356,英業達,58,48,10,凱基-虎尾,2024-01-23,9236
00933B,國泰10Y+金融債,10,0,10,凱基-虎尾,2024-01-23,9236
2344,華邦電,30,20,10,凱基-虎尾,2024-01-23,9236
2897,王道銀行,10,0,10,凱基-虎尾,2024-01-23,9236
4714,永捷,10,0,10,凱基-虎尾,2024-01-23,9236
6163,華電網,10,0,10,凱基-虎尾,2024-01-23,9236
4909,新復興,10,1,9,凱基-虎尾,2024-01-23,9236
8034,榮群,14,5,9,凱基-虎尾,2024-01-23,9236
2609,陽明,8,0,8,凱基-虎尾,2024-01-23,9236
2308,台達電,7,0,7,凱基-虎尾,2024-01-23,9236
3362,先進光,7,0,7,凱基-虎尾,2024-01-23,9236
3490,單井,7,0,7,凱基-虎尾,2024-01-23,9236
5425,台半,7,0,7,凱基-虎尾,2024-01-23,9236
3037,欣興,9,2,7,凱基-虎尾,2024-01-23,9236
2376,技嘉,348,48,300,凱基-虎尾,2024-01-24,9236
3231,緯創,176,44,132,凱基-虎尾,2024-01-24,9236
3047,訊舟,259,131,128,凱基-虎尾,2024-01-24,9236
3623,富晶通,111,2,109,凱基-虎尾,2024-01-24,9236
2337,旺宏,100,1,99,凱基-虎尾,2024-01-24,9236
00937B,群益ESG投等債20,62,0,62,凱基-虎尾,2024-01-24,9236
2324,仁寶,55,2,53,凱基-虎尾,2024-01-24,9236
3583,辛耘,50,0,50,凱基-虎尾,2024-01-24,9236
1809,中釉,52,5,47,凱基-虎尾,2024-01-24,9236
00679B,元大美債20年,49,6,43,凱基-虎尾,2024-01-24,9236
3622,洋華,39,3,36,凱基-虎尾,2024-01-24,9236
2887,台新金,31,0,31,凱基-虎尾,2024-01-24,9236
6257,矽格,31,1,30,凱基-虎尾,2024-01-24,9236
6265,方土昶,32,7,25,凱基-虎尾,2024-01-24,9236
4188,安克,23,0,23,凱基-虎尾,2024-01-24,9236
2486,一詮,24,2,22,凱基-虎尾,2024-01-24,9236
2002,中鋼,20,2,18,凱基-虎尾,2024-01-24,9236
2201,裕隆,19,1,18,凱基-虎尾,2024-01-24,9236
00687B,國泰20年美債,17,0,17,凱基-虎尾,2024-01-24,9236
00882,中信中國高股息,16,0,16,凱基-虎尾,2024-01-24,9236
5272,笙科,16,0,16,凱基-虎尾,2024-01-24,9236
3324,雙鴻,16,1,15,凱基-虎尾,2024-01-24,9236
2607,榮運,18,3,15,凱基-虎尾,2024-01-24,9236
2739,寒舍,15,0,15,凱基-虎尾,2024-01-24,9236
4956,光鋐,15,1,14,凱基-虎尾,2024-01-24,9236
5443,均豪,18,4,14,凱基-虎尾,2024-01-24,9236
00933B,國泰10Y+金融債,12,0,12,凱基-虎尾,2024-01-24,9236
3694,海華,13,2,11,凱基-虎尾,2024-01-24,9236
00753L,中信中國50正2,23,12,11,凱基-虎尾,2024-01-24,9236
2316,楠梓電,11,0,11,凱基-虎尾,2024-01-24,9236
3715,定穎投控,11,0,11,凱基-虎尾,2024-01-24,9236
1528,恩德,10,0,10,凱基-虎尾,2024-01-24,9236
2101,南港,10,0,10,凱基-虎尾,2024-01-24,9236
2888,新光金,10,0,10,凱基-虎尾,2024-01-24,9236
6116,彩晶,10,0,10,凱基-虎尾,2024-01-24,9236
8112,至上,10,0,10,凱基-虎尾,2024-01-24,9236
8426,紅木-KY,10,0,10,凱基-虎尾,2024-01-24,9236
2515,中工,9,0,9,凱基-虎尾,2024-01-24,9236
5457,宣德,11,2,9,凱基-虎尾,2024-01-24,9236
2344,華邦電,15,7,8,凱基-虎尾,2024-01-24,9236
2748,雲品,8,0,8,凱基-虎尾,2024-01-24,9236
3605,宏致,9,1,8,凱基-虎尾,2024-01-24,9236
8059,凱碩,12,4,8,凱基-虎尾,2024-01-24,9236
00751B,元大AAA至A公司債,7,0,7,凱基-虎尾,2024-01-24,9236
2457,飛宏,9,2,7,凱基-虎尾,2024-01-24,9236
3354,律勝,8,1,7,凱基-虎尾,2024-01-24,9236
6789,采鈺,7,0,7,凱基-虎尾,2024-01-24,9236
4938,和碩,17,11,6,凱基-虎尾,2024-01-24,9236
006205,富邦上証,6,0,6,凱基-虎尾,2024-01-24,9236
2329,華泰,12,6,6,凱基-虎尾,2024-01-24,9236
2303,聯電,4830,4034,796,凱基-虎尾,2024-01-25,9236
2337,旺宏,100,0,100,凱基-虎尾,2024-01-25,9236
3380,明泰,100,0,100,凱基-虎尾,2024-01-25,9236
00885,富邦越南,50,0,50,凱基-虎尾,2024-01-25,9236
00937B,群益ESG投等債20,43,0,43,凱基-虎尾,2024-01-25,9236
3265,台星科,42,2,40,凱基-虎尾,2024-01-25,9236
3276,宇環,36,4,32,凱基-虎尾,2024-01-25,9236
00637L,元大滬深300正2,42,15,27,凱基-虎尾,2024-01-25,9236
00680L,元大美債20正2,25,2,23,凱基-虎尾,2024-01-25,9236
00687B,國泰20年美債,22,1,21,凱基-虎尾,2024-01-25,9236
2485,兆赫,21,0,21,凱基-虎尾,2024-01-25,9236
3615,安可,23,3,20,凱基-虎尾,2024-01-25,9236
8112,至上,16,0,16,凱基-虎尾,2024-01-25,9236
00679B,元大美債20年,16,0,16,凱基-虎尾,2024-01-25,9236
3324,雙鴻,17,2,15,凱基-虎尾,2024-01-25,9236
00902,中信電池及儲能,13,0,13,凱基-虎尾,2024-01-25,9236
3038,全台,14,1,13,凱基-虎尾,2024-01-25,9236
9105,泰金寶-DR,13,0,13,凱基-虎尾,2024-01-25,9236
5426,振發,40,28,12,凱基-虎尾,2024-01-25,9236
00688L,國泰20年美債正2,11,0,11,凱基-虎尾,2024-01-25,9236
00633L,富邦上証正2,11,0,11,凱基-虎尾,2024-01-25,9236
2365,昆盈,285,274,11,凱基-虎尾,2024-01-25,9236
3520,華盈,17,6,11,凱基-虎尾,2024-01-25,9236
6124,業強,11,0,11,凱基-虎尾,2024-01-25,9236
00632R,元大台灣50反1,10,0,10,凱基-虎尾,2024-01-25,9236
1599,宏佳騰,10,0,10,凱基-虎尾,2024-01-25,9236
1612,宏泰,10,0,10,凱基-虎尾,2024-01-25,9236
2314,台揚,10,0,10,凱基-虎尾,2024-01-25,9236
3052,夆典,10,0,10,凱基-虎尾,2024-01-25,9236
6239,力成,17,7,10,凱基-虎尾,2024-01-25,9236
6770,力積電,10,0,10,凱基-虎尾,2024-01-25,9236
8064,東捷,10,0,10,凱基-虎尾,2024-01-25,9236
8404,百和興業-KY,10,0,10,凱基-虎尾,2024-01-25,9236
9902,台火,10,0,10,凱基-虎尾,2024-01-25,9236
2002,中鋼,9,0,9,凱基-虎尾,2024-01-25,9236
4960,誠美材,10,1,9,凱基-虎尾,2024-01-25,9236
6115,鎰勝,10,1,9,凱基-虎尾,2024-01-25,9236
8201,無敵,9,0,9,凱基-虎尾,2024-01-25,9236
1316,上曜,10,2,8,凱基-虎尾,2024-01-25,9236
2356,英業達,28,20,8,凱基-虎尾,2024-01-25,9236
2401,凌陽,9,1,8,凱基-虎尾,2024-01-25,9236
3294,英濟,20,12,8,凱基-虎尾,2024-01-25,9236
00770,國泰北美科技,7,0,7,凱基-虎尾,2024-01-25,9236
2353,宏��,117,110,7,凱基-虎尾,2024-01-25,9236
3162,精確,7,0,7,凱基-虎尾,2024-01-25,9236
3374,精材,7,0,7,凱基-虎尾,2024-01-25,9236
6188,廣明,7,0,7,凱基-虎尾,2024-01-25,9236
00673R,期元大S＆P原油反1,6,0,6,凱基-虎尾,2024-01-25,9236
2374,佳能,6,0,6,凱基-虎尾,2024-01-25,9236
6231,系微,6,0,6,凱基-虎尾,2024-01-25,9236
2337,旺宏,109,2,107,凱基-虎尾,2024-01-26,9236
00673R,期元大S＆P原油反1,101,0,101,凱基-虎尾,2024-01-26,9236
3622,洋華,60,0,60,凱基-虎尾,2024-01-26,9236
2324,仁寶,58,10,48,凱基-虎尾,2024-01-26,9236
00753L,中信中國50正2,85,40,45,凱基-虎尾,2024-01-26,9236
2353,宏��,49,9,40,凱基-虎尾,2024-01-26,9236
00882,中信中國高股息,42,9,33,凱基-虎尾,2024-01-26,9236
00878,國泰永續高股息,34,1,33,凱基-虎尾,2024-01-26,9236
5234,達興材料,30,0,30,凱基-虎尾,2024-01-26,9236
8085,福華,30,0,30,凱基-虎尾,2024-01-26,9236
9105,泰金寶-DR,40,10,30,凱基-虎尾,2024-01-26,9236
8096,擎亞,31,4,27,凱基-虎尾,2024-01-26,9236
00933B,國泰10Y+金融債,22,0,22,凱基-虎尾,2024-01-26,9236
5388,中磊,20,0,20,凱基-虎尾,2024-01-26,9236
00715L,期街口布蘭特正2,20,2,18,凱基-虎尾,2024-01-26,9236
3360,尚立,19,1,18,凱基-虎尾,2024-01-26,9236
3324,雙鴻,15,0,15,凱基-虎尾,2024-01-26,9236
2739,寒舍,15,0,15,凱基-虎尾,2024-01-26,9236
00919,群益台灣精選高息,25,10,15,凱基-虎尾,2024-01-26,9236
3605,宏致,16,2,14,凱基-虎尾,2024-01-26,9236
00885,富邦越南,11,0,11,凱基-虎尾,2024-01-26,9236
00637L,元大滬深300正2,10,0,10,凱基-虎尾,2024-01-26,9236
2515,中工,10,0,10,凱基-虎尾,2024-01-26,9236
3713,新晶投控,10,0,10,凱基-虎尾,2024-01-26,9236
8081,致新,10,0,10,凱基-虎尾,2024-01-26,9236
00679B,元大美債20年,10,1,9,凱基-虎尾,2024-01-26,9236
2374,佳能,10,1,9,凱基-虎尾,2024-01-26,9236
4967,十銓,8,0,8,凱基-虎尾,2024-01-26,9236
00687B,國泰20年美債,8,0,8,凱基-虎尾,2024-01-26,9236
2301,光寶科,11,3,8,凱基-虎尾,2024-01-26,9236
6196,帆宣,8,0,8,凱基-虎尾,2024-01-26,9236
2376,技嘉,8,1,7,凱基-虎尾,2024-01-26,9236
00680L,元大美債20正2,7,0,7,凱基-虎尾,2024-01-26,9236
00937B,群益ESG投等債20,17,10,7,凱基-虎尾,2024-01-26,9236
5475,德宏,7,0,7,凱基-虎尾,2024-01-26,9236
6282,康舒,7,0,7,凱基-虎尾,2024-01-26,9236
2867,三商壽,6,0,6,凱基-虎尾,2024-01-26,9236
4938,和碩,6,0,6,凱基-虎尾,2024-01-26,9236
8105,凌巨,6,0,6,凱基-虎尾,2024-01-26,9236
2417,圓剛,6,1,5,凱基-虎尾,2024-01-26,9236
00934,中信成長高股息,5,0,5,凱基-虎尾,2024-01-26,9236
00632R,元大台灣50反1,5,0,5,凱基-虎尾,2024-01-26,9236
00665L,富邦�琤肭磪囓�2,5,0,5,凱基-虎尾,2024-01-26,9236
00751B,元大AAA至A公司債,5,0,5,凱基-虎尾,2024-01-26,9236
1515,力山,5,0,5,凱基-虎尾,2024-01-26,9236
1721,三晃,5,0,5,凱基-虎尾,2024-01-26,9236
3312,弘憶股,5,0,5,凱基-虎尾,2024-01-26,9236
3673,TPK-KY,6,1,5,凱基-虎尾,2024-01-26,9236
3709,鑫聯大投控,5,0,5,凱基-虎尾,2024-01-26,9236
6124,業強,5,0,5,凱基-虎尾,2024-01-26,9236
00753L,中信中國50正2,385,0,385,凱基-虎尾,2024-01-29,9236
3037,欣興,254,21,233,凱基-虎尾,2024-01-29,9236
3380,明泰,100,0,100,凱基-虎尾,2024-01-29,9236
2618,長榮航,209,131,78,凱基-虎尾,2024-01-29,9236
00673R,期元大S＆P原油反1,64,10,54,凱基-虎尾,2024-01-29,9236
00877,復華中國5G,46,0,46,凱基-虎尾,2024-01-29,9236
00937B,群益ESG投等債20,38,0,38,凱基-虎尾,2024-01-29,9236
8011,台通,28,0,28,凱基-虎尾,2024-01-29,9236
1316,上曜,34,7,27,凱基-虎尾,2024-01-29,9236
2449,京元電子,25,0,25,凱基-虎尾,2024-01-29,9236
4960,誠美材,28,4,24,凱基-虎尾,2024-01-29,9236
3047,訊舟,23,1,22,凱基-虎尾,2024-01-29,9236
4532,瑞智,26,5,21,凱基-虎尾,2024-01-29,9236
00687B,國泰20年美債,21,0,21,凱基-虎尾,2024-01-29,9236
3211,順達,21,0,21,凱基-虎尾,2024-01-29,9236
8064,東捷,22,2,20,凱基-虎尾,2024-01-29,9236
00679B,元大美債20年,16,0,16,凱基-虎尾,2024-01-29,9236
00933B,國泰10Y+金融債,16,0,16,凱基-虎尾,2024-01-29,9236
00882,中信中國高股息,18,2,16,凱基-虎尾,2024-01-29,9236
3231,緯創,58,42,16,凱基-虎尾,2024-01-29,9236
2427,三商電,15,0,15,凱基-虎尾,2024-01-29,9236
2324,仁寶,22,8,14,凱基-虎尾,2024-01-29,9236
4906,正文,16,2,14,凱基-虎尾,2024-01-29,9236
3450,聯鈞,14,1,13,凱基-虎尾,2024-01-29,9236
5443,均豪,15,2,13,凱基-虎尾,2024-01-29,9236
6179,亞通,13,0,13,凱基-虎尾,2024-01-29,9236
1809,中釉,12,0,12,凱基-虎尾,2024-01-29,9236
6462,神盾,22,10,12,凱基-虎尾,2024-01-29,9236
2337,旺宏,13,2,11,凱基-虎尾,2024-01-29,9236
2610,華航,13,2,11,凱基-虎尾,2024-01-29,9236
3360,尚立,15,4,11,凱基-虎尾,2024-01-29,9236
00720B,元大投資級公司債,10,0,10,凱基-虎尾,2024-01-29,9236
1312,國喬,10,0,10,凱基-虎尾,2024-01-29,9236
2314,台揚,10,0,10,凱基-虎尾,2024-01-29,9236
2440,太空梭,10,0,10,凱基-虎尾,2024-01-29,9236
3189,景碩,10,0,10,凱基-虎尾,2024-01-29,9236
8404,百和興業-KY,10,0,10,凱基-虎尾,2024-01-29,9236
2453,凌群,9,0,9,凱基-虎尾,2024-01-29,9236
2867,三商壽,9,0,9,凱基-虎尾,2024-01-29,9236
3324,雙鴻,10,1,9,凱基-虎尾,2024-01-29,9236
2883,凱基金,20,11,9,凱基-虎尾,2024-01-29,9236
2606,裕民,8,1,7,凱基-虎尾,2024-01-29,9236
1519,華城,10,3,7,凱基-虎尾,2024-01-29,9236
2605,新興,7,0,7,凱基-虎尾,2024-01-29,9236
6695,芯鼎,9,2,7,凱基-虎尾,2024-01-29,9236
2368,金像電,10,4,6,凱基-虎尾,2024-01-29,9236
2739,寒舍,6,0,6,凱基-虎尾,2024-01-29,9236
3032,偉訓,6,0,6,凱基-虎尾,2024-01-29,9236
3363,上詮,8,2,6,凱基-虎尾,2024-01-29,9236
4142,國光生,6,0,6,凱基-虎尾,2024-01-29,9236
3033,威健,162,1,161,凱基-虎尾,2024-01-30,9236
00753L,中信中國50正2,159,2,157,凱基-虎尾,2024-01-30,9236
2421,建準,137,19,118,凱基-虎尾,2024-01-30,9236
00632R,元大台灣50反1,100,0,100,凱基-虎尾,2024-01-30,9236
2867,三商壽,64,0,64,凱基-虎尾,2024-01-30,9236
00673R,期元大S＆P原油反1,100,45,55,凱基-虎尾,2024-01-30,9236
2419,仲琦,40,0,40,凱基-虎尾,2024-01-30,9236
3062,建漢,40,0,40,凱基-虎尾,2024-01-30,9236
2329,華泰,45,10,35,凱基-虎尾,2024-01-30,9236
2409,友達,33,0,33,凱基-虎尾,2024-01-30,9236
00655L,國泰中國A50正2,28,0,28,凱基-虎尾,2024-01-30,9236
2465,麗臺,34,8,26,凱基-虎尾,2024-01-30,9236
00687B,國泰20年美債,25,0,25,凱基-虎尾,2024-01-30,9236
2486,一詮,25,0,25,凱基-虎尾,2024-01-30,9236
5607,遠雄港,25,0,25,凱基-虎尾,2024-01-30,9236
2369,菱生,32,7,25,凱基-虎尾,2024-01-30,9236
3231,緯創,6006,5982,24,凱基-虎尾,2024-01-30,9236
2506,太設,20,0,20,凱基-虎尾,2024-01-30,9236
2887,台新金,30,10,20,凱基-虎尾,2024-01-30,9236
5439,高技,20,0,20,凱基-虎尾,2024-01-30,9236
6217,中探針,19,0,19,凱基-虎尾,2024-01-30,9236
3535,晶彩科,41,23,18,凱基-虎尾,2024-01-30,9236
2356,英業達,39,25,14,凱基-虎尾,2024-01-30,9236
3450,聯鈞,30,16,14,凱基-虎尾,2024-01-30,9236
00679B,元大美債20年,16,3,13,凱基-虎尾,2024-01-30,9236
00688L,國泰20年美債正2,12,0,12,凱基-虎尾,2024-01-30,9236
4433,興采,11,0,11,凱基-虎尾,2024-01-30,9236
2515,中工,20,10,10,凱基-虎尾,2024-01-30,9236
2739,寒舍,10,0,10,凱基-虎尾,2024-01-30,9236
2812,台中銀,10,0,10,凱基-虎尾,2024-01-30,9236
4142,國光生,10,0,10,凱基-虎尾,2024-01-30,9236
8112,至上,10,0,10,凱基-虎尾,2024-01-30,9236
2337,旺宏,13,4,9,凱基-虎尾,2024-01-30,9236
3481,群創,21,13,8,凱基-虎尾,2024-01-30,9236
6770,力積電,31,23,8,凱基-虎尾,2024-01-30,9236
2241,艾姆勒,7,0,7,凱基-虎尾,2024-01-30,9236
2377,微星,7,0,7,凱基-虎尾,2024-01-30,9236
3036,文曄,130,124,6,凱基-虎尾,2024-01-30,9236
00885,富邦越南,6,0,6,凱基-虎尾,2024-01-30,9236
2406,國碩,6,0,6,凱基-虎尾,2024-01-30,9236
3338,泰碩,6,0,6,凱基-虎尾,2024-01-30,9236
3645,達邁,6,0,6,凱基-虎尾,2024-01-30,9236
5210,寶碩,6,0,6,凱基-虎尾,2024-01-30,9236
8436,大江,11,5,6,凱基-虎尾,2024-01-30,9236
2383,台光電,12,6,6,凱基-虎尾,2024-01-30,9236
2892,第一金,5,0,5,凱基-虎尾,2024-01-30,9236
1506,正道,5,0,5,凱基-虎尾,2024-01-30,9236
1514,亞力,17,12,5,凱基-虎尾,2024-01-30,9236
00665L,富邦�琤肭磪囓�2,5,0,5,凱基-虎尾,2024-01-30,9236
00929,復華台灣科技優息,7,2,5,凱基-虎尾,2024-01-30,9236
00753L,中信中國50正2,117,0,117,凱基-虎尾,2024-01-31,9236
00680L,元大美債20正2,88,0,88,凱基-虎尾,2024-01-31,9236
00919,群益台灣精選高息,67,2,65,凱基-虎尾,2024-01-31,9236
2486,一詮,60,0,60,凱基-虎尾,2024-01-31,9236
9919,康那香,67,21,46,凱基-虎尾,2024-01-31,9236
1732,毛寶,41,0,41,凱基-虎尾,2024-01-31,9236
6164,華興,40,0,40,凱基-虎尾,2024-01-31,9236
1325,恆大,34,0,34,凱基-虎尾,2024-01-31,9236
00673R,期元大S＆P原油反1,30,0,30,凱基-虎尾,2024-01-31,9236
3581,博磊,31,1,30,凱基-虎尾,2024-01-31,9236
3694,海華,25,4,21,凱基-虎尾,2024-01-31,9236
00655L,國泰中國A50正2,21,0,21,凱基-虎尾,2024-01-31,9236
2889,國票金,21,0,21,凱基-虎尾,2024-01-31,9236
00639,富邦深100,20,0,20,凱基-虎尾,2024-01-31,9236
2303,聯電,34,19,15,凱基-虎尾,2024-01-31,9236
00929,復華台灣科技優息,14,1,13,凱基-虎尾,2024-01-31,9236
2609,陽明,15,2,13,凱基-虎尾,2024-01-31,9236
3360,尚立,25,12,13,凱基-虎尾,2024-01-31,9236
3548,兆利,29,16,13,凱基-虎尾,2024-01-31,9236
3078,僑威,11,0,11,凱基-虎尾,2024-01-31,9236
00665L,富邦�琤肭磪囓�2,11,0,11,凱基-虎尾,2024-01-31,9236
2867,三商壽,15,4,11,凱基-虎尾,2024-01-31,9236
6237,驊訊,17,6,11,凱基-虎尾,2024-01-31,9236
2356,英業達,10,0,10,凱基-虎尾,2024-01-31,9236
00916,國泰全球品牌50,10,0,10,凱基-虎尾,2024-01-31,9236
2344,華邦電,22,12,10,凱基-虎尾,2024-01-31,9236
2353,宏��,10,0,10,凱基-虎尾,2024-01-31,9236
3014,聯陽,10,0,10,凱基-虎尾,2024-01-31,9236
4533,協易機,10,0,10,凱基-虎尾,2024-01-31,9236
5347,世界,10,0,10,凱基-虎尾,2024-01-31,9236
5521,工信,10,0,10,凱基-虎尾,2024-01-31,9236
6270,倍微,10,0,10,凱基-虎尾,2024-01-31,9236
6187,萬潤,10,1,9,凱基-虎尾,2024-01-31,9236
2618,長榮航,12,3,9,凱基-虎尾,2024-01-31,9236
3615,安可,16,7,9,凱基-虎尾,2024-01-31,9236
2409,友達,7,0,7,凱基-虎尾,2024-01-31,9236
3287,廣寰科,20,13,7,凱基-虎尾,2024-01-31,9236
3376,新日興,28,22,6,凱基-虎尾,2024-01-31,9236
6243,迅杰,6,0,6,凱基-虎尾,2024-01-31,9236
6695,芯鼎,16,10,6,凱基-虎尾,2024-01-31,9236
6770,力積電,6,0,6,凱基-虎尾,2024-01-31,9236
8089,康全電訊,7,1,6,凱基-虎尾,2024-01-31,9236
00878,國泰永續高股息,10,4,6,凱基-虎尾,2024-01-31,9236
6462,神盾,12,7,5,凱基-虎尾,2024-01-31,9236
00935,野村臺灣新科技50,5,0,5,凱基-虎尾,2024-01-31,9236
00712,復華富時不動產,5,0,5,凱基-虎尾,2024-01-31,9236
00669R,國泰美國道瓊反1,5,0,5,凱基-虎尾,2024-01-31,9236
00882,中信中國高股息,5,0,5,凱基-虎尾,2024-01-31,9236
1609,大亞,5,0,5,凱基-虎尾,2024-01-31,9236
2468,華經,5,0,5,凱基-虎尾,2024-01-31,9236
4906,正文,140,0,140,凱基-虎尾,2024-02-01,9236
3231,緯創,134,64,70,凱基-虎尾,2024-02-01,9236
2812,台中銀,130,64,66,凱基-虎尾,2024-02-01,9236
00753L,中信中國50正2,60,1,59,凱基-虎尾,2024-02-01,9236
00720B,元大投資級公司債,55,0,55,凱基-虎尾,2024-02-01,9236
00882,中信中國高股息,44,0,44,凱基-虎尾,2024-02-01,9236
2409,友達,44,10,34,凱基-虎尾,2024-02-01,9236
2332,友訊,28,1,27,凱基-虎尾,2024-02-01,9236
00929,復華台灣科技優息,23,0,23,凱基-虎尾,2024-02-01,9236
00655L,國泰中國A50正2,22,0,22,凱基-虎尾,2024-02-01,9236
00885,富邦越南,21,0,21,凱基-虎尾,2024-02-01,9236
3535,晶彩科,31,11,20,凱基-虎尾,2024-02-01,9236
2368,金像電,20,0,20,凱基-虎尾,2024-02-01,9236
3540,曜越,20,0,20,凱基-虎尾,2024-02-01,9236
8085,福華,24,4,20,凱基-虎尾,2024-02-01,9236
2303,聯電,30,11,19,凱基-虎尾,2024-02-01,9236
3481,群創,4526,4509,17,凱基-虎尾,2024-02-01,9236
00712,復華富時不動產,18,1,17,凱基-虎尾,2024-02-01,9236
3622,洋華,21,4,17,凱基-虎尾,2024-02-01,9236
00933B,國泰10Y+金融債,15,0,15,凱基-虎尾,2024-02-01,9236
6229,研通,32,17,15,凱基-虎尾,2024-02-01,9236
1618,合機,14,0,14,凱基-虎尾,2024-02-01,9236
2637,慧洋-KY,13,0,13,凱基-虎尾,2024-02-01,9236
4960,誠美材,14,1,13,凱基-虎尾,2024-02-01,9236
2605,新興,12,0,12,凱基-虎尾,2024-02-01,9236
2498,宏達電,11,0,11,凱基-虎尾,2024-02-01,9236
4714,永捷,11,0,11,凱基-虎尾,2024-02-01,9236
2419,仲琦,11,0,11,凱基-虎尾,2024-02-01,9236
2834,臺企銀,13,3,10,凱基-虎尾,2024-02-01,9236
3055,蔚華科,10,0,10,凱基-虎尾,2024-02-01,9236
3122,笙泉,12,2,10,凱基-虎尾,2024-02-01,9236
4532,瑞智,10,0,10,凱基-虎尾,2024-02-01,9236
9934,成霖,10,0,10,凱基-虎尾,2024-02-01,9236
1514,亞力,17,8,9,凱基-虎尾,2024-02-01,9236
1503,士電,18,9,9,凱基-虎尾,2024-02-01,9236
2727,王品,9,0,9,凱基-虎尾,2024-02-01,9236
00878,國泰永續高股息,10,1,9,凱基-虎尾,2024-02-01,9236
2376,技嘉,11,3,8,凱基-虎尾,2024-02-01,9236
00935,野村臺灣新科技50,8,0,8,凱基-虎尾,2024-02-01,9236
00877,復華中國5G,7,0,7,凱基-虎尾,2024-02-01,9236
2365,昆盈,8,1,7,凱基-虎尾,2024-02-01,9236
2482,連宇,7,0,7,凱基-虎尾,2024-02-01,9236
4909,新復興,7,0,7,凱基-虎尾,2024-02-01,9236
4933,友輝,7,0,7,凱基-虎尾,2024-02-01,9236
6116,彩晶,9,2,7,凱基-虎尾,2024-02-01,9236
8111,立��,11,4,7,凱基-虎尾,2024-02-01,9236
2609,陽明,10,4,6,凱基-虎尾,2024-02-01,9236
00665L,富邦�琤肭磪囓�2,5,0,5,凱基-虎尾,2024-02-01,9236
00931B,統一美債20年,5,0,5,凱基-虎尾,2024-02-01,9236
3051,力特,6,1,5,凱基-虎尾,2024-02-01,9236
3540,曜越,93,1,92,凱基-虎尾,2024-02-02,9236
6282,康舒,75,1,74,凱基-虎尾,2024-02-02,9236
2390,云辰,66,0,66,凱基-虎尾,2024-02-02,9236
2365,昆盈,62,4,58,凱基-虎尾,2024-02-02,9236
3231,緯創,155,115,40,凱基-虎尾,2024-02-02,9236
2618,長榮航,40,2,38,凱基-虎尾,2024-02-02,9236
00937B,群益ESG投等債20,45,11,34,凱基-虎尾,2024-02-02,9236
5469,瀚宇博,31,0,31,凱基-虎尾,2024-02-02,9236
00929,復華台灣科技優息,36,7,29,凱基-虎尾,2024-02-02,9236
2303,聯電,37,9,28,凱基-虎尾,2024-02-02,9236
00665L,富邦�琤肭磪囓�2,27,0,27,凱基-虎尾,2024-02-02,9236
2402,毅嘉,28,1,27,凱基-虎尾,2024-02-02,9236
1524,耿鼎,27,1,26,凱基-虎尾,2024-02-02,9236
00878,國泰永續高股息,31,6,25,凱基-虎尾,2024-02-02,9236
1560,中砂,26,1,25,凱基-虎尾,2024-02-02,9236
3380,明泰,23,0,23,凱基-虎尾,2024-02-02,9236
00933B,國泰10Y+金融債,41,20,21,凱基-虎尾,2024-02-02,9236
2353,宏��,81,60,21,凱基-虎尾,2024-02-02,9236
2317,鴻海,22,2,20,凱基-虎尾,2024-02-02,9236
2369,菱生,20,0,20,凱基-虎尾,2024-02-02,9236
1616,億泰,20,1,19,凱基-虎尾,2024-02-02,9236
2419,仲琦,19,1,18,凱基-虎尾,2024-02-02,9236
6125,廣運,16,0,16,凱基-虎尾,2024-02-02,9236
6233,旺玖,16,0,16,凱基-虎尾,2024-02-02,9236
2324,仁寶,19,3,16,凱基-虎尾,2024-02-02,9236
2313,華通,17,1,16,凱基-虎尾,2024-02-02,9236
5009,榮剛,15,0,15,凱基-虎尾,2024-02-02,9236
2356,英業達,35,21,14,凱基-虎尾,2024-02-02,9236
2344,華邦電,13,0,13,凱基-虎尾,2024-02-02,9236
3041,揚智,12,0,12,凱基-虎尾,2024-02-02,9236
8011,台通,17,5,12,凱基-虎尾,2024-02-02,9236
8112,至上,12,0,12,凱基-虎尾,2024-02-02,9236
1710,東聯,11,0,11,凱基-虎尾,2024-02-02,9236
2467,志聖,19,8,11,凱基-虎尾,2024-02-02,9236
3354,律勝,11,0,11,凱基-虎尾,2024-02-02,9236
4543,萬在,24,13,11,凱基-虎尾,2024-02-02,9236
6165,浪凡,11,0,11,凱基-虎尾,2024-02-02,9236
6188,廣明,12,1,11,凱基-虎尾,2024-02-02,9236
6698,旭暉應材,12,1,11,凱基-虎尾,2024-02-02,9236
2449,京元電子,10,0,10,凱基-虎尾,2024-02-02,9236
00712,復華富時不動產,10,0,10,凱基-虎尾,2024-02-02,9236
1609,大亞,10,0,10,凱基-虎尾,2024-02-02,9236
2515,中工,20,10,10,凱基-虎尾,2024-02-02,9236
3356,奇偶,10,0,10,凱基-虎尾,2024-02-02,9236
5607,遠雄港,10,0,10,凱基-虎尾,2024-02-02,9236
8050,廣積,10,0,10,凱基-虎尾,2024-02-02,9236
9945,潤泰新,10,0,10,凱基-虎尾,2024-02-02,9236
2408,南亞科,11,2,9,凱基-虎尾,2024-02-02,9236
00931B,統一美債20年,10,1,9,凱基-虎尾,2024-02-02,9236
2610,華航,10,1,9,凱基-虎尾,2024-02-02,9236
2382,廣達,801,6,795,凱基-虎尾,2024-02-05,9236
00715L,期街口布蘭特正2,66,0,66,凱基-虎尾,2024-02-05,9236
2883,凱基金,50,0,50,凱基-虎尾,2024-02-05,9236
00679B,元大美債20年,48,0,48,凱基-虎尾,2024-02-05,9236
00933B,國泰10Y+金融債,44,0,44,凱基-虎尾,2024-02-05,9236
4109,加捷生醫,30,0,30,凱基-虎尾,2024-02-05,9236
4123,晟德,25,0,25,凱基-虎尾,2024-02-05,9236
00878,國泰永續高股息,25,3,22,凱基-虎尾,2024-02-05,9236
00929,復華台灣科技優息,25,3,22,凱基-虎尾,2024-02-05,9236
2303,聯電,29,7,22,凱基-虎尾,2024-02-05,9236
00712,復華富時不動產,20,0,20,凱基-虎尾,2024-02-05,9236
2002,中鋼,20,0,20,凱基-虎尾,2024-02-05,9236
2809,京城銀,20,0,20,凱基-虎尾,2024-02-05,9236
2887,台新金,20,0,20,凱基-虎尾,2024-02-05,9236
3038,全台,20,0,20,凱基-虎尾,2024-02-05,9236
3419,譁裕,20,0,20,凱基-虎尾,2024-02-05,9236
3583,辛耘,19,0,19,凱基-虎尾,2024-02-05,9236
3078,僑威,19,1,18,凱基-虎尾,2024-02-05,9236
2884,玉山金,2012,1996,16,凱基-虎尾,2024-02-05,9236
3163,波若威,16,0,16,凱基-虎尾,2024-02-05,9236
6112,邁達特,20,4,16,凱基-虎尾,2024-02-05,9236
00882,中信中國高股息,15,0,15,凱基-虎尾,2024-02-05,9236
2374,佳能,15,0,15,凱基-虎尾,2024-02-05,9236
2618,長榮航,19,4,15,凱基-虎尾,2024-02-05,9236
2812,台中銀,15,0,15,凱基-虎尾,2024-02-05,9236
4561,健椿,15,0,15,凱基-虎尾,2024-02-05,9236
00937B,群益ESG投等債20,23,9,14,凱基-虎尾,2024-02-05,9236
8054,安國,13,0,13,凱基-虎尾,2024-02-05,9236
00687B,國泰20年美債,12,1,11,凱基-虎尾,2024-02-05,9236
3492,長盛,11,0,11,凱基-虎尾,2024-02-05,9236
00680L,元大美債20正2,20,10,10,凱基-虎尾,2024-02-05,9236
2399,映泰,10,0,10,凱基-虎尾,2024-02-05,9236
2537,聯上發,10,0,10,凱基-虎尾,2024-02-05,9236
2610,華航,11,1,10,凱基-虎尾,2024-02-05,9236
3356,奇偶,10,0,10,凱基-虎尾,2024-02-05,9236
6118,建達,10,0,10,凱基-虎尾,2024-02-05,9236
6270,倍微,10,0,10,凱基-虎尾,2024-02-05,9236
8354,冠好,10,0,10,凱基-虎尾,2024-02-05,9236
1718,中纖,9,0,9,凱基-虎尾,2024-02-05,9236
2377,微星,9,0,9,凱基-虎尾,2024-02-05,9236
3029,零壹,10,1,9,凱基-虎尾,2024-02-05,9236
2104,國際中橡,10,2,8,凱基-虎尾,2024-02-05,9236
2317,鴻海,10,2,8,凱基-虎尾,2024-02-05,9236
2356,英業達,9,1,8,凱基-虎尾,2024-02-05,9236
2609,陽明,8,0,8,凱基-虎尾,2024-02-05,9236
00642U,期元大S＆P石油,7,0,7,凱基-虎尾,2024-02-05,9236
2401,凌陽,7,0,7,凱基-虎尾,2024-02-05,9236
2408,南亞科,8,1,7,凱基-虎尾,2024-02-05,9236
2834,臺企銀,6,0,6,凱基-虎尾,2024-02-05,9236
4142,國光生,6,0,6,凱基-虎尾,2024-02-05,9236
00937B,群益ESG投等債20,195,1,194,凱基-虎尾,2024-02-15,9236
2344,華邦電,114,6,108,凱基-虎尾,2024-02-15,9236
6126,信音,98,0,98,凱基-虎尾,2024-02-15,9236
00679B,元大美債20年,89,0,89,凱基-虎尾,2024-02-15,9236
3363,上詮,60,0,60,凱基-虎尾,2024-02-15,9236
6695,芯鼎,52,2,50,凱基-虎尾,2024-02-15,9236
00720B,元大投資級公司債,54,6,48,凱基-虎尾,2024-02-15,9236
3540,曜越,48,0,48,凱基-虎尾,2024-02-15,9236
00687B,國泰20年美債,50,3,47,凱基-虎尾,2024-02-15,9236
00680L,元大美債20正2,46,0,46,凱基-虎尾,2024-02-15,9236
00673R,期元大S＆P原油反1,42,0,42,凱基-虎尾,2024-02-15,9236
00676R,富邦臺灣加權反1,40,0,40,凱基-虎尾,2024-02-15,9236
1524,耿鼎,48,12,36,凱基-虎尾,2024-02-15,9236
4960,誠美材,34,1,33,凱基-虎尾,2024-02-15,9236
1815,富喬,36,5,31,凱基-虎尾,2024-02-15,9236
2515,中工,30,0,30,凱基-虎尾,2024-02-15,9236
00933B,國泰10Y+金融債,29,0,29,凱基-虎尾,2024-02-15,9236
2356,英業達,47,21,26,凱基-虎尾,2024-02-15,9236
2543,皇昌,110,85,25,凱基-虎尾,2024-02-15,9236
2812,台中銀,21,0,21,凱基-虎尾,2024-02-15,9236
2408,南亞科,20,0,20,凱基-虎尾,2024-02-15,9236
00725B,國泰投資級公司債,18,0,18,凱基-虎尾,2024-02-15,9236
1504,東元,22,5,17,凱基-虎尾,2024-02-15,9236
6125,廣運,18,1,17,凱基-虎尾,2024-02-15,9236
6265,方土昶,17,0,17,凱基-虎尾,2024-02-15,9236
2349,錸德,16,0,16,凱基-虎尾,2024-02-15,9236
8936,國統,21,8,13,凱基-虎尾,2024-02-15,9236
2323,中環,13,0,13,凱基-虎尾,2024-02-15,9236
6187,萬潤,15,2,13,凱基-虎尾,2024-02-15,9236
00712,復華富時不動產,23,10,13,凱基-虎尾,2024-02-15,9236
2880,華南金,12,0,12,凱基-虎尾,2024-02-15,9236
2355,敬鵬,11,0,11,凱基-虎尾,2024-02-15,9236
2365,昆盈,27,16,11,凱基-虎尾,2024-02-15,9236
2369,菱生,14,3,11,凱基-虎尾,2024-02-15,9236
2303,聯電,13,3,10,凱基-虎尾,2024-02-15,9236
00688L,國泰20年美債正2,10,0,10,凱基-虎尾,2024-02-15,9236
00936,台新永續高息中小,10,0,10,凱基-虎尾,2024-02-15,9236
2337,旺宏,10,0,10,凱基-虎尾,2024-02-15,9236
2610,華航,11,1,10,凱基-虎尾,2024-02-15,9236
3033,威健,10,0,10,凱基-虎尾,2024-02-15,9236
3356,奇偶,10,0,10,凱基-虎尾,2024-02-15,9236
4564,元翎,10,0,10,凱基-虎尾,2024-02-15,9236
5880,合庫金,10,0,10,凱基-虎尾,2024-02-15,9236
6179,亞通,10,0,10,凱基-虎尾,2024-02-15,9236
0056,元大高股息,12,3,9,凱基-虎尾,2024-02-15,9236
2609,陽明,13,4,9,凱基-虎尾,2024-02-15,9236
3481,群創,34,25,9,凱基-虎尾,2024-02-15,9236
2377,微星,8,0,8,凱基-虎尾,2024-02-15,9236
00934,中信成長高股息,8,0,8,凱基-虎尾,2024-02-15,9236
1503,士電,10,2,8,凱基-虎尾,2024-02-15,9236
00929,復華台灣科技優息,293,125,168,凱基-虎尾,2024-02-16,9236
00680L,元大美債20正2,162,0,162,凱基-虎尾,2024-02-16,9236
2323,中環,136,0,136,凱基-虎尾,2024-02-16,9236
3231,緯創,724,601,123,凱基-虎尾,2024-02-16,9236
8096,擎亞,112,2,110,凱基-虎尾,2024-02-16,9236
3706,神達,104,1,103,凱基-虎尾,2024-02-16,9236
3673,TPK-KY,98,3,95,凱基-虎尾,2024-02-16,9236
2324,仁寶,119,36,83,凱基-虎尾,2024-02-16,9236
3548,兆利,65,2,63,凱基-虎尾,2024-02-16,9236
2367,燿華,264,205,59,凱基-虎尾,2024-02-16,9236
00679B,元大美債20年,58,0,58,凱基-虎尾,2024-02-16,9236
2867,三商壽,65,7,58,凱基-虎尾,2024-02-16,9236
2887,台新金,50,1,49,凱基-虎尾,2024-02-16,9236
6116,彩晶,48,0,48,凱基-虎尾,2024-02-16,9236
2353,宏��,262,215,47,凱基-虎尾,2024-02-16,9236
00687B,國泰20年美債,41,0,41,凱基-虎尾,2024-02-16,9236
2312,金寶,39,0,39,凱基-虎尾,2024-02-16,9236
2344,華邦電,37,1,36,凱基-虎尾,2024-02-16,9236
2609,陽明,35,0,35,凱基-虎尾,2024-02-16,9236
00632R,元大台灣50反1,30,0,30,凱基-虎尾,2024-02-16,9236
3686,達能,30,0,30,凱基-虎尾,2024-02-16,9236
4956,光鋐,33,5,28,凱基-虎尾,2024-02-16,9236
00900,富邦特選高股息30,26,0,26,凱基-虎尾,2024-02-16,9236
1524,耿鼎,93,67,26,凱基-虎尾,2024-02-16,9236
1513,中興電,38,13,25,凱基-虎尾,2024-02-16,9236
8926,台汽電,26,2,24,凱基-虎尾,2024-02-16,9236
6548,長科*,24,0,24,凱基-虎尾,2024-02-16,9236
1905,華紙,23,1,22,凱基-虎尾,2024-02-16,9236
5272,笙科,21,1,20,凱基-虎尾,2024-02-16,9236
8088,品安,21,1,20,凱基-虎尾,2024-02-16,9236
00720B,元大投資級公司債,19,0,19,凱基-虎尾,2024-02-16,9236
00688L,國泰20年美債正2,19,0,19,凱基-虎尾,2024-02-16,9236
3362,先進光,20,2,18,凱基-虎尾,2024-02-16,9236
2365,昆盈,34,16,18,凱基-虎尾,2024-02-16,9236
2402,毅嘉,27,9,18,凱基-虎尾,2024-02-16,9236
3325,旭品,18,0,18,凱基-虎尾,2024-02-16,9236
00673R,期元大S＆P原油反1,17,0,17,凱基-虎尾,2024-02-16,9236
1316,上曜,19,2,17,凱基-虎尾,2024-02-16,9236
1584,精剛,17,0,17,凱基-虎尾,2024-02-16,9236
2014,中鴻,17,0,17,凱基-虎尾,2024-02-16,9236
6509,聚和,27,10,17,凱基-虎尾,2024-02-16,9236
2337,旺宏,17,0,17,凱基-虎尾,2024-02-16,9236
6187,萬潤,20,3,17,凱基-虎尾,2024-02-16,9236
3051,力特,19,3,16,凱基-虎尾,2024-02-16,9236
3346,麗清,16,0,16,凱基-虎尾,2024-02-16,9236
3615,安可,16,0,16,凱基-虎尾,2024-02-16,9236
6550,北極星藥業-KY,26,10,16,凱基-虎尾,2024-02-16,9236
2382,廣達,903,888,15,凱基-虎尾,2024-02-16,9236
2884,玉山金,15,0,15,凱基-虎尾,2024-02-16,9236
1515,力山,15,0,15,凱基-虎尾,2024-02-16,9236
3481,群創,2569,2124,445,凱基-虎尾,2024-02-19,9236
3006,晶豪科,104,4,100,凱基-虎尾,2024-02-19,9236
2515,中工,96,34,62,凱基-虎尾,2024-02-19,9236
3231,緯創,2876,2824,52,凱基-虎尾,2024-02-19,9236
1409,新纖,52,0,52,凱基-虎尾,2024-02-19,9236
00937B,群益ESG投等債20,45,0,45,凱基-虎尾,2024-02-19,9236
00655L,國泰中國A50正2,42,0,42,凱基-虎尾,2024-02-19,9236
6257,矽格,42,1,41,凱基-虎尾,2024-02-19,9236
2888,新光金,100,60,40,凱基-虎尾,2024-02-19,9236
2009,第一銅,34,0,34,凱基-虎尾,2024-02-19,9236
1609,大亞,53,19,34,凱基-虎尾,2024-02-19,9236
9945,潤泰新,31,0,31,凱基-虎尾,2024-02-19,9236
7402,邑錡,30,0,30,凱基-虎尾,2024-02-19,9236
3535,晶彩科,34,5,29,凱基-虎尾,2024-02-19,9236
2867,三商壽,28,0,28,凱基-虎尾,2024-02-19,9236
5512,力麒,27,0,27,凱基-虎尾,2024-02-19,9236
6288,聯嘉,191,164,27,凱基-虎尾,2024-02-19,9236
00878,國泰永續高股息,52,27,25,凱基-虎尾,2024-02-19,9236
6235,華孚,30,6,24,凱基-虎尾,2024-02-19,9236
2376,技嘉,30,7,23,凱基-虎尾,2024-02-19,9236
2543,皇昌,26,3,23,凱基-虎尾,2024-02-19,9236
00679B,元大美債20年,22,0,22,凱基-虎尾,2024-02-19,9236
00673R,期元大S＆P原油反1,22,0,22,凱基-虎尾,2024-02-19,9236
1795,美時,21,0,21,凱基-虎尾,2024-02-19,9236
6216,居易,24,3,21,凱基-虎尾,2024-02-19,9236
00753L,中信中國50正2,20,0,20,凱基-虎尾,2024-02-19,9236
3704,合勤控,23,3,20,凱基-虎尾,2024-02-19,9236
6164,華興,20,0,20,凱基-虎尾,2024-02-19,9236
2436,偉詮電,20,1,19,凱基-虎尾,2024-02-19,9236
00680L,元大美債20正2,18,0,18,凱基-虎尾,2024-02-19,9236
1815,富喬,31,13,18,凱基-虎尾,2024-02-19,9236
00919,群益台灣精選高息,22,4,18,凱基-虎尾,2024-02-19,9236
6113,亞矽,20,3,17,凱基-虎尾,2024-02-19,9236
2020,美亞,18,2,16,凱基-虎尾,2024-02-19,9236
2431,聯昌,16,0,16,凱基-虎尾,2024-02-19,9236
1316,上曜,132,117,15,凱基-虎尾,2024-02-19,9236
2358,廷鑫,15,0,15,凱基-虎尾,2024-02-19,9236
6270,倍微,15,0,15,凱基-虎尾,2024-02-19,9236
2489,瑞軒,38,23,15,凱基-虎尾,2024-02-19,9236
5225,東科-KY,14,0,14,凱基-虎尾,2024-02-19,9236
00934,中信成長高股息,13,0,13,凱基-虎尾,2024-02-19,9236
00712,復華富時不動產,13,0,13,凱基-虎尾,2024-02-19,9236
1455,集盛,14,1,13,凱基-虎尾,2024-02-19,9236
3305,昇貿,18,5,13,凱基-虎尾,2024-02-19,9236
3714,富采,14,1,13,凱基-虎尾,2024-02-19,9236
9927,泰銘,13,0,13,凱基-虎尾,2024-02-19,9236
3712,永崴投控,26,14,12,凱基-虎尾,2024-02-19,9236
4303,信立,14,2,12,凱基-虎尾,2024-02-19,9236
4529,淳紳,12,0,12,凱基-虎尾,2024-02-19,9236
8105,凌巨,12,0,12,凱基-虎尾,2024-02-19,9236
00885,富邦越南,100,0,100,凱基-虎尾,2024-02-20,9236
4938,和碩,59,1,58,凱基-虎尾,2024-02-20,9236
2515,中工,40,3,37,凱基-虎尾,2024-02-20,9236
3025,星通,40,4,36,凱基-虎尾,2024-02-20,9236
2303,聯電,50,15,35,凱基-虎尾,2024-02-20,9236
3607,谷崧,45,10,35,凱基-虎尾,2024-02-20,9236
2809,京城銀,33,0,33,凱基-虎尾,2024-02-20,9236
00937B,群益ESG投等債20,36,3,33,凱基-虎尾,2024-02-20,9236
00680L,元大美債20正2,32,0,32,凱基-虎尾,2024-02-20,9236
2025,千興,44,12,32,凱基-虎尾,2024-02-20,9236
2387,精元,30,0,30,凱基-虎尾,2024-02-20,9236
4915,致伸,30,0,30,凱基-虎尾,2024-02-20,9236
6026,福邦證,30,0,30,凱基-虎尾,2024-02-20,9236
6191,精成科,30,0,30,凱基-虎尾,2024-02-20,9236
2641,正德,31,2,29,凱基-虎尾,2024-02-20,9236
00679B,元大美債20年,29,0,29,凱基-虎尾,2024-02-20,9236
3231,緯創,1132,1105,27,凱基-虎尾,2024-02-20,9236
6806,森崴能源,31,5,26,凱基-虎尾,2024-02-20,9236
1414,東和,22,0,22,凱基-虎尾,2024-02-20,9236
8064,東捷,29,7,22,凱基-虎尾,2024-02-20,9236
4714,永捷,40,19,21,凱基-虎尾,2024-02-20,9236
00688L,國泰20年美債正2,20,0,20,凱基-虎尾,2024-02-20,9236
1447,力鵬,20,0,20,凱基-虎尾,2024-02-20,9236
6233,旺玖,21,4,17,凱基-虎尾,2024-02-20,9236
00878,國泰永續高股息,16,1,15,凱基-虎尾,2024-02-20,9236
8936,國統,17,2,15,凱基-虎尾,2024-02-20,9236
2420,新巨,15,0,15,凱基-虎尾,2024-02-20,9236
3230,錦明,15,0,15,凱基-虎尾,2024-02-20,9236
2355,敬鵬,15,1,14,凱基-虎尾,2024-02-20,9236
2367,燿華,239,225,14,凱基-虎尾,2024-02-20,9236
1504,東元,13,0,13,凱基-虎尾,2024-02-20,9236
9904,寶成,13,0,13,凱基-虎尾,2024-02-20,9236
00687B,國泰20年美債,15,3,12,凱基-虎尾,2024-02-20,9236
5521,工信,12,0,12,凱基-虎尾,2024-02-20,9236
3322,建舜電,11,0,11,凱基-虎尾,2024-02-20,9236
5355,佳總,11,0,11,凱基-虎尾,2024-02-20,9236
8182,加高,11,0,11,凱基-虎尾,2024-02-20,9236
2880,華南金,15,4,11,凱基-虎尾,2024-02-20,9236
00637L,元大滬深300正2,10,0,10,凱基-虎尾,2024-02-20,9236
2363,矽統,13,3,10,凱基-虎尾,2024-02-20,9236
4933,友輝,14,4,10,凱基-虎尾,2024-02-20,9236
6213,聯茂,10,0,10,凱基-虎尾,2024-02-20,9236
6241,易通展,10,0,10,凱基-虎尾,2024-02-20,9236
4953,緯軟,14,4,10,凱基-虎尾,2024-02-20,9236
2449,京元電子,10,1,9,凱基-虎尾,2024-02-20,9236
00673R,期元大S＆P原油反1,9,0,9,凱基-虎尾,2024-02-20,9236
2612,中航,10,1,9,凱基-虎尾,2024-02-20,9236
2905,三商,9,0,9,凱基-虎尾,2024-02-20,9236
3321,同泰,17,8,9,凱基-虎尾,2024-02-20,9236
3588,通嘉,9,0,9,凱基-虎尾,2024-02-20,9236
00885,富邦越南,211,6,205,凱基-虎尾,2024-02-21,9236
3321,同泰,175,7,168,凱基-虎尾,2024-02-21,9236
1513,中興電,612,513,99,凱基-虎尾,2024-02-21,9236
00637L,元大滬深300正2,104,10,94,凱基-虎尾,2024-02-21,9236
00933B,國泰10Y+金融債,91,1,90,凱基-虎尾,2024-02-21,9236
00679B,元大美債20年,71,0,71,凱基-虎尾,2024-02-21,9236
2420,新巨,58,0,58,凱基-虎尾,2024-02-21,9236
00878,國泰永續高股息,68,16,52,凱基-虎尾,2024-02-21,9236
2883,凱基金,51,0,51,凱基-虎尾,2024-02-21,9236
5351,鈺創,50,3,47,凱基-虎尾,2024-02-21,9236
2618,長榮航,50,4,46,凱基-虎尾,2024-02-21,9236
9105,泰金寶-DR,56,11,45,凱基-虎尾,2024-02-21,9236
2609,陽明,71,29,42,凱基-虎尾,2024-02-21,9236
2633,台灣高鐵,40,0,40,凱基-虎尾,2024-02-21,9236
2889,國票金,40,0,40,凱基-虎尾,2024-02-21,9236
00919,群益台灣精選高息,61,23,38,凱基-虎尾,2024-02-21,9236
6530,創威,42,7,35,凱基-虎尾,2024-02-21,9236
2332,友訊,33,0,33,凱基-虎尾,2024-02-21,9236
1455,集盛,35,6,29,凱基-虎尾,2024-02-21,9236
00712,復華富時不動產,28,0,28,凱基-虎尾,2024-02-21,9236
2303,聯電,27,0,27,凱基-虎尾,2024-02-21,9236
2489,瑞軒,293,271,22,凱基-虎尾,2024-02-21,9236
1528,恩德,22,2,20,凱基-虎尾,2024-02-21,9236
3178,公準,25,5,20,凱基-虎尾,2024-02-21,9236
5608,四維航,18,0,18,凱基-虎尾,2024-02-21,9236
4979,華星光,24,7,17,凱基-虎尾,2024-02-21,9236
3372,典範,18,2,16,凱基-虎尾,2024-02-21,9236
8011,台通,16,0,16,凱基-虎尾,2024-02-21,9236
8110,華東,17,1,16,凱基-虎尾,2024-02-21,9236
1618,合機,15,0,15,凱基-虎尾,2024-02-21,9236
3038,全台,15,0,15,凱基-虎尾,2024-02-21,9236
5009,榮剛,15,0,15,凱基-虎尾,2024-02-21,9236
00937B,群益ESG投等債20,15,1,14,凱基-虎尾,2024-02-21,9236
3339,泰谷,16,2,14,凱基-虎尾,2024-02-21,9236
6168,宏齊,15,1,14,凱基-虎尾,2024-02-21,9236
3712,永崴投控,66,53,13,凱基-虎尾,2024-02-21,9236
4938,和碩,15,2,13,凱基-虎尾,2024-02-21,9236
2301,光寶科,14,2,12,凱基-虎尾,2024-02-21,9236
2353,宏��,12,0,12,凱基-虎尾,2024-02-21,9236
3027,盛達,14,2,12,凱基-虎尾,2024-02-21,9236
3078,僑威,12,0,12,凱基-虎尾,2024-02-21,9236
3645,達邁,12,0,12,凱基-虎尾,2024-02-21,9236
6136,富爾特,12,0,12,凱基-虎尾,2024-02-21,9236
00915,凱基優選高股息30,11,0,11,凱基-虎尾,2024-02-21,9236
1529,樂事綠能,15,4,11,凱基-虎尾,2024-02-21,9236
2636,台驊控股,11,0,11,凱基-虎尾,2024-02-21,9236
3380,明泰,11,0,11,凱基-虎尾,2024-02-21,9236
3450,聯鈞,15,4,11,凱基-虎尾,2024-02-21,9236
6188,廣明,11,0,11,凱基-虎尾,2024-02-21,9236
8111,立��,11,0,11,凱基-虎尾,2024-02-21,9236
00679B,元大美債20年,70,0,70,凱基-虎尾,2024-02-22,9236
3260,威剛,61,1,60,凱基-虎尾,2024-02-22,9236
2606,裕民,60,2,58,凱基-虎尾,2024-02-22,9236
6187,萬潤,57,2,55,凱基-虎尾,2024-02-22,9236
4906,正文,50,2,48,凱基-虎尾,2024-02-22,9236
2303,聯電,48,1,47,凱基-虎尾,2024-02-22,9236
00933B,國泰10Y+金融債,37,0,37,凱基-虎尾,2024-02-22,9236
3321,同泰,40,3,37,凱基-虎尾,2024-02-22,9236
3231,緯創,2547,2511,36,凱基-虎尾,2024-02-22,9236
2409,友達,32,3,29,凱基-虎尾,2024-02-22,9236
2489,瑞軒,60,32,28,凱基-虎尾,2024-02-22,9236
2420,新巨,27,0,27,凱基-虎尾,2024-02-22,9236
00673R,期元大S＆P原油反1,26,0,26,凱基-虎尾,2024-02-22,9236
2367,燿華,335,309,26,凱基-虎尾,2024-02-22,9236
2371,大同,31,5,26,凱基-虎尾,2024-02-22,9236
00680L,元大美債20正2,25,0,25,凱基-虎尾,2024-02-22,9236
2880,華南金,25,0,25,凱基-虎尾,2024-02-22,9236
2356,英業達,31,8,23,凱基-虎尾,2024-02-22,9236
00687B,國泰20年美債,24,3,21,凱基-虎尾,2024-02-22,9236
6282,康舒,22,1,21,凱基-虎尾,2024-02-22,9236
2354,鴻準,20,0,20,凱基-虎尾,2024-02-22,9236
2610,華航,25,5,20,凱基-虎尾,2024-02-22,9236
9105,泰金寶-DR,51,31,20,凱基-虎尾,2024-02-22,9236
00918,大華優利高填息30,20,1,19,凱基-虎尾,2024-02-22,9236
3346,麗清,21,2,19,凱基-虎尾,2024-02-22,9236
2615,萬海,19,1,18,凱基-虎尾,2024-02-22,9236
2460,建通,19,2,17,凱基-虎尾,2024-02-22,9236
4303,信立,19,2,17,凱基-虎尾,2024-02-22,9236
5315,光聯,25,8,17,凱基-虎尾,2024-02-22,9236
3036,文曄,18,2,16,凱基-虎尾,2024-02-22,9236
00637L,元大滬深300正2,21,5,16,凱基-虎尾,2024-02-22,9236
00937B,群益ESG投等債20,18,2,16,凱基-虎尾,2024-02-22,9236
3706,神達,23,7,16,凱基-虎尾,2024-02-22,9236
2727,王品,15,0,15,凱基-虎尾,2024-02-22,9236
2313,華通,52,37,15,凱基-虎尾,2024-02-22,9236
2542,興富發,14,0,14,凱基-虎尾,2024-02-22,9236
2609,陽明,120,106,14,凱基-虎尾,2024-02-22,9236
2376,技嘉,449,436,13,凱基-虎尾,2024-02-22,9236
1806,冠軍,15,2,13,凱基-虎尾,2024-02-22,9236
3481,群創,14,1,13,凱基-虎尾,2024-02-22,9236
00751B,元大AAA至A公司債,12,0,12,凱基-虎尾,2024-02-22,9236
2906,高林,12,0,12,凱基-虎尾,2024-02-22,9236
3580,友威科,12,0,12,凱基-虎尾,2024-02-22,9236
4147,中裕,18,7,11,凱基-虎尾,2024-02-22,9236
2484,希華,157,146,11,凱基-虎尾,2024-02-22,9236
4960,誠美材,11,0,11,凱基-虎尾,2024-02-22,9236
5388,中磊,11,0,11,凱基-虎尾,2024-02-22,9236
5880,合庫金,11,0,11,凱基-虎尾,2024-02-22,9236
9938,百和,11,0,11,凱基-虎尾,2024-02-22,9236
00715L,期街口布蘭特正2,10,0,10,凱基-虎尾,2024-02-22,9236
00687B,國泰20年美債,46,3,43,凱基-虎尾,2024-02-23,9236
2455,全新,40,1,39,凱基-虎尾,2024-02-23,9236
2606,裕民,40,1,39,凱基-虎尾,2024-02-23,9236
6141,柏承,31,0,31,凱基-虎尾,2024-02-23,9236
1513,中興電,61,34,27,凱基-虎尾,2024-02-23,9236
2542,興富發,26,0,26,凱基-虎尾,2024-02-23,9236
00712,復華富時不動產,25,0,25,凱基-虎尾,2024-02-23,9236
1514,亞力,117,95,22,凱基-虎尾,2024-02-23,9236
3712,永崴投控,22,0,22,凱基-虎尾,2024-02-23,9236
2329,華泰,55,34,21,凱基-虎尾,2024-02-23,9236
2371,大同,65,44,21,凱基-虎尾,2024-02-23,9236
00937B,群益ESG投等債20,21,1,20,凱基-虎尾,2024-02-23,9236
9904,寶成,20,0,20,凱基-虎尾,2024-02-23,9236
00919,群益台灣精選高息,38,19,19,凱基-虎尾,2024-02-23,9236
00918,大華優利高填息30,23,4,19,凱基-虎尾,2024-02-23,9236
2618,長榮航,35,16,19,凱基-虎尾,2024-02-23,9236
2884,玉山金,19,0,19,凱基-虎尾,2024-02-23,9236
6167,久正,223,204,19,凱基-虎尾,2024-02-23,9236
4979,華星光,32,15,17,凱基-虎尾,2024-02-23,9236
6170,統振,17,0,17,凱基-虎尾,2024-02-23,9236
1710,東聯,15,0,15,凱基-虎尾,2024-02-23,9236
1762,中化生,15,0,15,凱基-虎尾,2024-02-23,9236
2537,聯上發,15,0,15,凱基-虎尾,2024-02-23,9236
4114,健喬,15,0,15,凱基-虎尾,2024-02-23,9236
6462,神盾,15,0,15,凱基-虎尾,2024-02-23,9236
3231,緯創,3331,3317,14,凱基-虎尾,2024-02-23,9236
2356,英業達,25,11,14,凱基-虎尾,2024-02-23,9236
1316,上曜,13,0,13,凱基-虎尾,2024-02-23,9236
3481,群創,21,8,13,凱基-虎尾,2024-02-23,9236
6126,信音,15,2,13,凱基-虎尾,2024-02-23,9236
00753L,中信中國50正2,28,16,12,凱基-虎尾,2024-02-23,9236
6239,力成,14,3,11,凱基-虎尾,2024-02-23,9236
6290,良維,16,5,11,凱基-虎尾,2024-02-23,9236
00632R,元大台灣50反1,10,0,10,凱基-虎尾,2024-02-23,9236
1608,華榮,10,0,10,凱基-虎尾,2024-02-23,9236
2607,榮運,10,0,10,凱基-虎尾,2024-02-23,9236
6147,頎邦,13,3,10,凱基-虎尾,2024-02-23,9236
6274,台燿,21,11,10,凱基-虎尾,2024-02-23,9236
2352,佳世達,11,2,9,凱基-虎尾,2024-02-23,9236
3450,聯鈞,18,9,9,凱基-虎尾,2024-02-23,9236
3645,達邁,10,1,9,凱基-虎尾,2024-02-23,9236
6218,豪勉,10,1,9,凱基-虎尾,2024-02-23,9236
2887,台新金,8,0,8,凱基-虎尾,2024-02-23,9236
1718,中纖,8,0,8,凱基-虎尾,2024-02-23,9236
2332,友訊,9,1,8,凱基-虎尾,2024-02-23,9236
2408,南亞科,11,3,8,凱基-虎尾,2024-02-23,9236
3323,加百裕,8,0,8,凱基-虎尾,2024-02-23,9236
1101,台泥,7,0,7,凱基-虎尾,2024-02-23,9236
2882,國泰金,7,0,7,凱基-虎尾,2024-02-23,9236
6189,豐藝,22,15,7,凱基-虎尾,2024-02-23,9236
2495,普安,236,65,171,凱基-虎尾,2024-02-26,9236
00632R,元大台灣50反1,170,0,170,凱基-虎尾,2024-02-26,9236
2363,矽統,179,45,134,凱基-虎尾,2024-02-26,9236
00933B,國泰10Y+金融債,101,10,91,凱基-虎尾,2024-02-26,9236
3481,群創,72,4,68,凱基-虎尾,2024-02-26,9236
2606,裕民,68,1,67,凱基-虎尾,2024-02-26,9236
00891,中信關鍵半導體,75,10,65,凱基-虎尾,2024-02-26,9236
2609,陽明,70,7,63,凱基-虎尾,2024-02-26,9236
00885,富邦越南,110,50,60,凱基-虎尾,2024-02-26,9236
2884,玉山金,57,0,57,凱基-虎尾,2024-02-26,9236
3583,辛耘,57,3,54,凱基-虎尾,2024-02-26,9236
00720B,元大投資級公司債,40,0,40,凱基-虎尾,2024-02-26,9236
4960,誠美材,40,5,35,凱基-虎尾,2024-02-26,9236
00687B,國泰20年美債,38,3,35,凱基-虎尾,2024-02-26,9236
4939,亞電,29,0,29,凱基-虎尾,2024-02-26,9236
00878,國泰永續高股息,28,0,28,凱基-虎尾,2024-02-26,9236
00919,群益台灣精選高息,32,5,27,凱基-虎尾,2024-02-26,9236
6196,帆宣,27,0,27,凱基-虎尾,2024-02-26,9236
00753L,中信中國50正2,21,1,20,凱基-虎尾,2024-02-26,9236
5498,凱崴,20,0,20,凱基-虎尾,2024-02-26,9236
8926,台汽電,20,3,17,凱基-虎尾,2024-02-26,9236
00688L,國泰20年美債正2,17,0,17,凱基-虎尾,2024-02-26,9236
1504,東元,25,8,17,凱基-虎尾,2024-02-26,9236
1528,恩德,17,0,17,凱基-虎尾,2024-02-26,9236
2542,興富發,19,2,17,凱基-虎尾,2024-02-26,9236
3041,揚智,17,0,17,凱基-虎尾,2024-02-26,9236
00929,復華台灣科技優息,23,7,16,凱基-虎尾,2024-02-26,9236
2359,所羅門,17,1,16,凱基-虎尾,2024-02-26,9236
2369,菱生,19,3,16,凱基-虎尾,2024-02-26,9236
2402,毅嘉,16,0,16,凱基-虎尾,2024-02-26,9236
2486,一詮,21,5,16,凱基-虎尾,2024-02-26,9236
8182,加高,16,0,16,凱基-虎尾,2024-02-26,9236
3036,文曄,19,3,16,凱基-虎尾,2024-02-26,9236
2305,全友,17,3,14,凱基-虎尾,2024-02-26,9236
2634,漢翔,17,3,14,凱基-虎尾,2024-02-26,9236
5351,鈺創,14,0,14,凱基-虎尾,2024-02-26,9236
8473,山林水,14,0,14,凱基-虎尾,2024-02-26,9236
3260,威剛,16,3,13,凱基-虎尾,2024-02-26,9236
6170,統振,15,2,13,凱基-虎尾,2024-02-26,9236
8096,擎亞,20,7,13,凱基-虎尾,2024-02-26,9236
2449,京元電子,16,4,12,凱基-虎尾,2024-02-26,9236
00715L,期街口布蘭特正2,12,0,12,凱基-虎尾,2024-02-26,9236
1522,堤維西,18,6,12,凱基-虎尾,2024-02-26,9236
2379,瑞昱,20,8,12,凱基-虎尾,2024-02-26,9236
2880,華南金,12,0,12,凱基-虎尾,2024-02-26,9236
6265,方土昶,12,0,12,凱基-虎尾,2024-02-26,9236
6668,中揚光,15,3,12,凱基-虎尾,2024-02-26,9236
9103,美德醫療-DR,12,0,12,凱基-虎尾,2024-02-26,9236
00712,復華富時不動產,11,0,11,凱基-虎尾,2024-02-26,9236
2543,皇昌,11,0,11,凱基-虎尾,2024-02-26,9236
1711,永光,134,36,98,凱基-虎尾,2024-02-27,9236
00753L,中信中國50正2,72,0,72,凱基-虎尾,2024-02-27,9236
00934,中信成長高股息,75,6,69,凱基-虎尾,2024-02-27,9236
3481,群創,69,0,69,凱基-虎尾,2024-02-27,9236
00687B,國泰20年美債,58,4,54,凱基-虎尾,2024-02-27,9236
00878,國泰永續高股息,62,25,37,凱基-虎尾,2024-02-27,9236
1721,三晃,61,27,34,凱基-虎尾,2024-02-27,9236
2883,凱基金,42,10,32,凱基-虎尾,2024-02-27,9236
00632R,元大台灣50反1,30,0,30,凱基-虎尾,2024-02-27,9236
4908,前鼎,30,1,29,凱基-虎尾,2024-02-27,9236
6282,康舒,27,0,27,凱基-虎尾,2024-02-27,9236
2884,玉山金,31,6,25,凱基-虎尾,2024-02-27,9236
00655L,國泰中國A50正2,25,0,25,凱基-虎尾,2024-02-27,9236
3037,欣興,50,25,25,凱基-虎尾,2024-02-27,9236
2498,宏達電,24,0,24,凱基-虎尾,2024-02-27,9236
3231,緯創,5053,5030,23,凱基-虎尾,2024-02-27,9236
6265,方土昶,28,10,18,凱基-虎尾,2024-02-27,9236
00720B,元大投資級公司債,17,0,17,凱基-虎尾,2024-02-27,9236
5607,遠雄港,16,0,16,凱基-虎尾,2024-02-27,9236
3689,湧德,24,9,15,凱基-虎尾,2024-02-27,9236
2356,英業達,19,4,15,凱基-虎尾,2024-02-27,9236
6125,廣運,27,13,14,凱基-虎尾,2024-02-27,9236
2002,中鋼,13,0,13,凱基-虎尾,2024-02-27,9236
2442,新美齊,13,0,13,凱基-虎尾,2024-02-27,9236
2888,新光金,13,0,13,凱基-虎尾,2024-02-27,9236
6288,聯嘉,13,0,13,凱基-虎尾,2024-02-27,9236
00915,凱基優選高股息30,16,3,13,凱基-虎尾,2024-02-27,9236
00933B,國泰10Y+金融債,12,0,12,凱基-虎尾,2024-02-27,9236
6462,神盾,13,1,12,凱基-虎尾,2024-02-27,9236
2324,仁寶,35,23,12,凱基-虎尾,2024-02-27,9236
3390,旭軟,23,11,12,凱基-虎尾,2024-02-27,9236
2801,彰銀,11,0,11,凱基-虎尾,2024-02-27,9236
00679B,元大美債20年,11,0,11,凱基-虎尾,2024-02-27,9236
00645,富邦日本,10,0,10,凱基-虎尾,2024-02-27,9236
2542,興富發,10,0,10,凱基-虎尾,2024-02-27,9236
3297,杭特,10,0,10,凱基-虎尾,2024-02-27,9236
3360,尚立,10,0,10,凱基-虎尾,2024-02-27,9236
3372,典範,15,5,10,凱基-虎尾,2024-02-27,9236
5324,士開,10,0,10,凱基-虎尾,2024-02-27,9236
6770,力積電,10,0,10,凱基-虎尾,2024-02-27,9236
8096,擎亞,11,1,10,凱基-虎尾,2024-02-27,9236
9927,泰銘,10,0,10,凱基-虎尾,2024-02-27,9236
9945,潤泰新,10,0,10,凱基-虎尾,2024-02-27,9236
2438,翔耀,9,0,9,凱基-虎尾,2024-02-27,9236
1301,台塑,8,0,8,凱基-虎尾,2024-02-27,9236
00795B,中信美國公債20年,8,0,8,凱基-虎尾,2024-02-27,9236
6526,達發,8,0,8,凱基-虎尾,2024-02-27,9236
00690,兆豐藍籌30,7,0,7,凱基-虎尾,2024-02-27,9236
1776,展宇,7,0,7,凱基-虎尾,2024-02-27,9236
2367,燿華,7,0,7,凱基-虎尾,2024-02-27,9236
2609,陽明,123,2,121,凱基-虎尾,2024-02-29,9236
00687B,國泰20年美債,106,0,106,凱基-虎尾,2024-02-29,9236
5608,四維航,46,0,46,凱基-虎尾,2024-02-29,9236
00929,復華台灣科技優息,48,3,45,凱基-虎尾,2024-02-29,9236
6270,倍微,43,0,43,凱基-虎尾,2024-02-29,9236
2356,英業達,112,71,41,凱基-虎尾,2024-02-29,9236
00937B,群益ESG投等債20,40,2,38,凱基-虎尾,2024-02-29,9236
3229,晟鈦,37,0,37,凱基-虎尾,2024-02-29,9236
5258,虹堡,33,1,32,凱基-虎尾,2024-02-29,9236
2371,大同,130,99,31,凱基-虎尾,2024-02-29,9236
1618,合機,40,10,30,凱基-虎尾,2024-02-29,9236
1514,亞力,93,63,30,凱基-虎尾,2024-02-29,9236
1609,大亞,44,15,29,凱基-虎尾,2024-02-29,9236
2379,瑞昱,30,2,28,凱基-虎尾,2024-02-29,9236
6244,茂迪,28,1,27,凱基-虎尾,2024-02-29,9236
1316,上曜,34,8,26,凱基-虎尾,2024-02-29,9236
6125,廣運,85,59,26,凱基-虎尾,2024-02-29,9236
8926,台汽電,98,73,25,凱基-虎尾,2024-02-29,9236
1608,華榮,37,13,24,凱基-虎尾,2024-02-29,9236
4564,元翎,23,0,23,凱基-虎尾,2024-02-29,9236
1529,樂事綠能,25,2,23,凱基-虎尾,2024-02-29,9236
2889,國票金,20,0,20,凱基-虎尾,2024-02-29,9236
8163,達方,20,0,20,凱基-虎尾,2024-02-29,9236
8936,國統,30,10,20,凱基-虎尾,2024-02-29,9236
6112,邁達特,20,0,20,凱基-虎尾,2024-02-29,9236
00753L,中信中國50正2,94,75,19,凱基-虎尾,2024-02-29,9236
2331,精英,22,3,19,凱基-虎尾,2024-02-29,9236
6190,萬泰科,18,0,18,凱基-虎尾,2024-02-29,9236
2615,萬海,20,3,17,凱基-虎尾,2024-02-29,9236
1513,中興電,66,50,16,凱基-虎尾,2024-02-29,9236
2303,聯電,23,9,14,凱基-虎尾,2024-02-29,9236
2201,裕隆,14,0,14,凱基-虎尾,2024-02-29,9236
8040,九暘,14,0,14,凱基-虎尾,2024-02-29,9236
2460,建通,14,1,13,凱基-虎尾,2024-02-29,9236
6901,鑽石投資,13,0,13,凱基-虎尾,2024-02-29,9236
3055,蔚華科,13,0,13,凱基-虎尾,2024-02-29,9236
8341,日友,12,0,12,凱基-虎尾,2024-02-29,9236
00878,國泰永續高股息,27,15,12,凱基-虎尾,2024-02-29,9236
8050,廣積,12,0,12,凱基-虎尾,2024-02-29,9236
1402,遠東新,13,1,12,凱基-虎尾,2024-02-29,9236
2476,鉅祥,11,0,11,凱基-虎尾,2024-02-29,9236
3029,零壹,18,7,11,凱基-虎尾,2024-02-29,9236
3712,永崴投控,21,10,11,凱基-虎尾,2024-02-29,9236
6005,群益證,11,0,11,凱基-虎尾,2024-02-29,9236
6215,和椿,15,4,11,凱基-虎尾,2024-02-29,9236
2834,臺企銀,10,0,10,凱基-虎尾,2024-02-29,9236
1721,三晃,10,0,10,凱基-虎尾,2024-02-29,9236
2031,新光鋼,11,1,10,凱基-虎尾,2024-02-29,9236
2208,台船,10,0,10,凱基-虎尾,2024-02-29,9236
2392,正崴,12,2,10,凱基-虎尾,2024-02-29,9236
00918,大華優利高填息30,102,10,92,凱基-虎尾,2024-03-01,9236
00919,群益台灣精選高息,74,8,66,凱基-虎尾,2024-03-01,9236
00937B,群益ESG投等債20,58,0,58,凱基-虎尾,2024-03-01,9236
3062,建漢,52,0,52,凱基-虎尾,2024-03-01,9236
2888,新光金,48,0,48,凱基-虎尾,2024-03-01,9236
00753L,中信中國50正2,161,115,46,凱基-虎尾,2024-03-01,9236
6109,亞元,40,0,40,凱基-虎尾,2024-03-01,9236
2363,矽統,42,10,32,凱基-虎尾,2024-03-01,9236
00673R,期元大S＆P原油反1,31,0,31,凱基-虎尾,2024-03-01,9236
6150,撼訊,60,30,30,凱基-虎尾,2024-03-01,9236
5009,榮剛,35,5,30,凱基-虎尾,2024-03-01,9236
8105,凌巨,200,170,30,凱基-虎尾,2024-03-01,9236
2409,友達,30,0,30,凱基-虎尾,2024-03-01,9236
2889,國票金,27,0,27,凱基-虎尾,2024-03-01,9236
2206,三陽工業,34,11,23,凱基-虎尾,2024-03-01,9236
3583,辛耘,21,0,21,凱基-虎尾,2024-03-01,9236
3450,聯鈞,23,3,20,凱基-虎尾,2024-03-01,9236
4106,雃博,20,0,20,凱基-虎尾,2024-03-01,9236
8112,至上,20,0,20,凱基-虎尾,2024-03-01,9236
2867,三商壽,18,0,18,凱基-虎尾,2024-03-01,9236
3372,典範,21,3,18,凱基-虎尾,2024-03-01,9236
2393,億光,17,0,17,凱基-虎尾,2024-03-01,9236
6122,擎邦,17,0,17,凱基-虎尾,2024-03-01,9236
3032,偉訓,16,0,16,凱基-虎尾,2024-03-01,9236
5272,笙科,21,5,16,凱基-虎尾,2024-03-01,9236
5469,瀚宇博,16,0,16,凱基-虎尾,2024-03-01,9236
00688L,國泰20年美債正2,15,0,15,凱基-虎尾,2024-03-01,9236
2455,全新,16,1,15,凱基-虎尾,2024-03-01,9236
3044,健鼎,20,5,15,凱基-虎尾,2024-03-01,9236
3622,洋華,15,0,15,凱基-虎尾,2024-03-01,9236
8072,陞泰,20,5,15,凱基-虎尾,2024-03-01,9236
1101,台泥,18,4,14,凱基-虎尾,2024-03-01,9236
2891,中信金,14,0,14,凱基-虎尾,2024-03-01,9236
3264,欣銓,15,1,14,凱基-虎尾,2024-03-01,9236
3645,達邁,15,1,14,凱基-虎尾,2024-03-01,9236
4543,萬在,25,11,14,凱基-虎尾,2024-03-01,9236
2462,良得電,17,4,13,凱基-虎尾,2024-03-01,9236
3322,建舜電,15,2,13,凱基-虎尾,2024-03-01,9236
00878,國泰永續高股息,12,0,12,凱基-虎尾,2024-03-01,9236
2301,光寶科,21,9,12,凱基-虎尾,2024-03-01,9236
00929,復華台灣科技優息,23,11,12,凱基-虎尾,2024-03-01,9236
2356,英業達,17,5,12,凱基-虎尾,2024-03-01,9236
2332,友訊,11,0,11,凱基-虎尾,2024-03-01,9236
3545,敦泰,12,1,11,凱基-虎尾,2024-03-01,9236
3694,海華,11,0,11,凱基-虎尾,2024-03-01,9236
6126,信音,16,5,11,凱基-虎尾,2024-03-01,9236
1201,味全,10,0,10,凱基-虎尾,2024-03-01,9236
1733,五鼎,10,0,10,凱基-虎尾,2024-03-01,9236
2369,菱生,12,2,10,凱基-虎尾,2024-03-01,9236
2543,皇昌,11,1,10,凱基-虎尾,2024-03-01,9236
2330,台積電,1270,1077,193,凱基-虎尾,2024-03-04,9236
3372,典範,130,0,130,凱基-虎尾,2024-03-04,9236
00753L,中信中國50正2,130,10,120,凱基-虎尾,2024-03-04,9236
6126,信音,139,22,117,凱基-虎尾,2024-03-04,9236
2606,裕民,91,0,91,凱基-虎尾,2024-03-04,9236
2324,仁寶,202,121,81,凱基-虎尾,2024-03-04,9236
00937B,群益ESG投等債20,80,1,79,凱基-虎尾,2024-03-04,9236
00632R,元大台灣50反1,67,0,67,凱基-虎尾,2024-03-04,9236
00655L,國泰中國A50正2,66,0,66,凱基-虎尾,2024-03-04,9236
6127,九豪,238,172,66,凱基-虎尾,2024-03-04,9236
8021,尖點,60,0,60,凱基-虎尾,2024-03-04,9236
00680L,元大美債20正2,98,40,58,凱基-虎尾,2024-03-04,9236
2610,華航,48,5,43,凱基-虎尾,2024-03-04,9236
2367,燿華,239,204,35,凱基-虎尾,2024-03-04,9236
2883,凱基金,32,0,32,凱基-虎尾,2024-03-04,9236
3051,力特,36,4,32,凱基-虎尾,2024-03-04,9236
00673R,期元大S＆P原油反1,30,0,30,凱基-虎尾,2024-03-04,9236
4906,正文,43,13,30,凱基-虎尾,2024-03-04,9236
6163,華電網,30,1,29,凱基-虎尾,2024-03-04,9236
5488,松普,29,1,28,凱基-虎尾,2024-03-04,9236
00919,群益台灣精選高息,75,50,25,凱基-虎尾,2024-03-04,9236
6016,康和證,25,0,25,凱基-虎尾,2024-03-04,9236
00929,復華台灣科技優息,91,67,24,凱基-虎尾,2024-03-04,9236
8050,廣積,23,1,22,凱基-虎尾,2024-03-04,9236
1609,大亞,22,0,22,凱基-虎尾,2024-03-04,9236
00933B,國泰10Y+金融債,31,10,21,凱基-虎尾,2024-03-04,9236
1108,幸福,20,0,20,凱基-虎尾,2024-03-04,9236
00882,中信中國高股息,20,0,20,凱基-虎尾,2024-03-04,9236
2449,京元電子,27,7,20,凱基-虎尾,2024-03-04,9236
2025,千興,19,0,19,凱基-虎尾,2024-03-04,9236
2353,宏��,190,171,19,凱基-虎尾,2024-03-04,9236
4129,聯合,19,0,19,凱基-虎尾,2024-03-04,9236
6530,創威,20,1,19,凱基-虎尾,2024-03-04,9236
1513,中興電,58,40,18,凱基-虎尾,2024-03-04,9236
1522,堤維西,20,2,18,凱基-虎尾,2024-03-04,9236
3596,智易,18,0,18,凱基-虎尾,2024-03-04,9236
8150,南茂,19,1,18,凱基-虎尾,2024-03-04,9236
2355,敬鵬,17,0,17,凱基-虎尾,2024-03-04,9236
6026,福邦證,17,0,17,凱基-虎尾,2024-03-04,9236
6218,豪勉,19,2,17,凱基-虎尾,2024-03-04,9236
6282,康舒,116,100,16,凱基-虎尾,2024-03-04,9236
00687B,國泰20年美債,20,5,15,凱基-虎尾,2024-03-04,9236
2014,中鴻,15,0,15,凱基-虎尾,2024-03-04,9236
2313,華通,22,7,15,凱基-虎尾,2024-03-04,9236
5607,遠雄港,15,0,15,凱基-虎尾,2024-03-04,9236
6239,力成,16,1,15,凱基-虎尾,2024-03-04,9236
00878,國泰永續高股息,26,11,15,凱基-虎尾,2024-03-04,9236
6591,動力-KY,20,6,14,凱基-虎尾,2024-03-04,9236
3289,宜特,61,48,13,凱基-虎尾,2024-03-04,9236
5324,士開,13,0,13,凱基-虎尾,2024-03-04,9236
3231,緯創,6039,5324,715,凱基-虎尾,2024-03-05,9236
00632R,元大台灣50反1,103,5,98,凱基-虎尾,2024-03-05,9236
4906,正文,132,46,86,凱基-虎尾,2024-03-05,9236
00753L,中信中國50正2,80,0,80,凱基-虎尾,2024-03-05,9236
6120,達運,71,0,71,凱基-虎尾,2024-03-05,9236
2618,長榮航,74,5,69,凱基-虎尾,2024-03-05,9236
2887,台新金,70,1,69,凱基-虎尾,2024-03-05,9236
00919,群益台灣精選高息,76,10,66,凱基-虎尾,2024-03-05,9236
2324,仁寶,60,10,50,凱基-虎尾,2024-03-05,9236
00915,凱基優選高股息30,45,1,44,凱基-虎尾,2024-03-05,9236
2606,裕民,42,1,41,凱基-虎尾,2024-03-05,9236
8021,尖點,40,0,40,凱基-虎尾,2024-03-05,9236
2356,英業達,45,9,36,凱基-虎尾,2024-03-05,9236
00712,復華富時不動產,32,0,32,凱基-虎尾,2024-03-05,9236
1108,幸福,40,10,30,凱基-虎尾,2024-03-05,9236
2427,三商電,24,1,23,凱基-虎尾,2024-03-05,9236
4109,加捷生醫,30,7,23,凱基-虎尾,2024-03-05,9236
3481,群創,48,26,22,凱基-虎尾,2024-03-05,9236
1815,富喬,82,60,22,凱基-虎尾,2024-03-05,9236
3021,鴻名,20,0,20,凱基-虎尾,2024-03-05,9236
2367,燿華,484,467,17,凱基-虎尾,2024-03-05,9236
2605,新興,19,2,17,凱基-虎尾,2024-03-05,9236
2379,瑞昱,18,2,16,凱基-虎尾,2024-03-05,9236
6443,元晶,16,0,16,凱基-虎尾,2024-03-05,9236
2468,華經,15,1,14,凱基-虎尾,2024-03-05,9236
1513,中興電,23,9,14,凱基-虎尾,2024-03-05,9236
0056,元大高股息,13,1,12,凱基-虎尾,2024-03-05,9236
3360,尚立,12,0,12,凱基-虎尾,2024-03-05,9236
2457,飛宏,11,0,11,凱基-虎尾,2024-03-05,9236
2504,國產,15,4,11,凱基-虎尾,2024-03-05,9236
3206,志豐,11,0,11,凱基-虎尾,2024-03-05,9236
5465,富驊,17,6,11,凱基-虎尾,2024-03-05,9236
6207,雷科,16,5,11,凱基-虎尾,2024-03-05,9236
6770,力積電,14,3,11,凱基-虎尾,2024-03-05,9236
5439,高技,11,0,11,凱基-虎尾,2024-03-05,9236
00918,大華優利高填息30,10,0,10,凱基-虎尾,2024-03-05,9236
00795B,中信美國公債20年,10,0,10,凱基-虎尾,2024-03-05,9236
00680L,元大美債20正2,10,0,10,凱基-虎尾,2024-03-05,9236
00664R,國泰臺灣加權反1,10,0,10,凱基-虎尾,2024-03-05,9236
2399,映泰,10,0,10,凱基-虎尾,2024-03-05,9236
2516,新建,10,0,10,凱基-虎尾,2024-03-05,9236
2610,華航,10,0,10,凱基-虎尾,2024-03-05,9236
2636,台驊控股,10,0,10,凱基-虎尾,2024-03-05,9236
2801,彰銀,10,0,10,凱基-虎尾,2024-03-05,9236
2845,遠東銀,10,0,10,凱基-虎尾,2024-03-05,9236
3339,泰谷,10,0,10,凱基-虎尾,2024-03-05,9236
3576,聯合再生,10,0,10,凱基-虎尾,2024-03-05,9236
6274,台燿,13,3,10,凱基-虎尾,2024-03-05,9236
00650L,復華香港正2,9,0,9,凱基-虎尾,2024-03-05,9236
00673R,期元大S＆P原油反1,9,0,9,凱基-虎尾,2024-03-05,9236
6190,萬泰科,144,0,144,凱基-虎尾,2024-03-06,9236
2486,一詮,140,13,127,凱基-虎尾,2024-03-06,9236
00632R,元大台灣50反1,104,0,104,凱基-虎尾,2024-03-06,9236
2515,中工,244,156,88,凱基-虎尾,2024-03-06,9236
4707,磐亞,44,0,44,凱基-虎尾,2024-03-06,9236
00919,群益台灣精選高息,59,17,42,凱基-虎尾,2024-03-06,9236
3051,力特,39,2,37,凱基-虎尾,2024-03-06,9236
4561,健椿,37,0,37,凱基-虎尾,2024-03-06,9236
4306,炎洲,39,3,36,凱基-虎尾,2024-03-06,9236
1471,首利,33,0,33,凱基-虎尾,2024-03-06,9236
2485,兆赫,33,0,33,凱基-虎尾,2024-03-06,9236
3481,群創,39,7,32,凱基-虎尾,2024-03-06,9236
2495,普安,34,3,31,凱基-虎尾,2024-03-06,9236
3071,協禧,28,0,28,凱基-虎尾,2024-03-06,9236
4564,元翎,36,10,26,凱基-虎尾,2024-03-06,9236
2464,盟立,25,1,24,凱基-虎尾,2024-03-06,9236
6290,良維,52,28,24,凱基-虎尾,2024-03-06,9236
9945,潤泰新,27,3,24,凱基-虎尾,2024-03-06,9236
8150,南茂,22,0,22,凱基-虎尾,2024-03-06,9236
1608,華榮,22,1,21,凱基-虎尾,2024-03-06,9236
2313,華通,46,26,20,凱基-虎尾,2024-03-06,9236
00688L,國泰20年美債正2,25,6,19,凱基-虎尾,2024-03-06,9236
4906,正文,22,3,19,凱基-虎尾,2024-03-06,9236
3078,僑威,23,4,19,凱基-虎尾,2024-03-06,9236
2025,千興,18,0,18,凱基-虎尾,2024-03-06,9236
2915,潤泰全,20,2,18,凱基-虎尾,2024-03-06,9236
2408,南亞科,18,1,17,凱基-虎尾,2024-03-06,9236
1717,長興,16,0,16,凱基-虎尾,2024-03-06,9236
00937B,群益ESG投等債20,20,5,15,凱基-虎尾,2024-03-06,9236
1773,勝一,15,0,15,凱基-虎尾,2024-03-06,9236
4543,萬在,26,12,14,凱基-虎尾,2024-03-06,9236
6140,訊達,16,2,14,凱基-虎尾,2024-03-06,9236
2330,台積電,34,20,14,凱基-虎尾,2024-03-06,9236
2369,菱生,18,5,13,凱基-虎尾,2024-03-06,9236
2421,建準,153,140,13,凱基-虎尾,2024-03-06,9236
8086,宏捷科,17,4,13,凱基-虎尾,2024-03-06,9236
2405,輔信,12,0,12,凱基-虎尾,2024-03-06,9236
6257,矽格,11,0,11,凱基-虎尾,2024-03-06,9236
00673R,期元大S＆P原油反1,11,0,11,凱基-虎尾,2024-03-06,9236
2467,志聖,13,2,11,凱基-虎尾,2024-03-06,9236
2355,敬鵬,11,1,10,凱基-虎尾,2024-03-06,9236
2399,映泰,10,0,10,凱基-虎尾,2024-03-06,9236
2409,友達,10,0,10,凱基-虎尾,2024-03-06,9236
2618,長榮航,46,36,10,凱基-虎尾,2024-03-06,9236
3276,宇環,10,0,10,凱基-虎尾,2024-03-06,9236
3492,長盛,10,0,10,凱基-虎尾,2024-03-06,9236
3576,聯合再生,10,0,10,凱基-虎尾,2024-03-06,9236
00915,凱基優選高股息30,12,3,9,凱基-虎尾,2024-03-06,9236
2371,大同,18,9,9,凱基-虎尾,2024-03-06,9236
3035,智原,8,0,8,凱基-虎尾,2024-03-06,9236
00632R,元大台灣50反1,230,0,230,凱基-虎尾,2024-03-07,9236
2883,凱基金,11341,11130,211,凱基-虎尾,2024-03-07,9236
2330,台積電,615,464,151,凱基-虎尾,2024-03-07,9236
00753L,中信中國50正2,136,0,136,凱基-虎尾,2024-03-07,9236
00922,國泰台灣領袖50,100,0,100,凱基-虎尾,2024-03-07,9236
2323,中環,102,10,92,凱基-虎尾,2024-03-07,9236
3481,群創,77,3,74,凱基-虎尾,2024-03-07,9236
2812,台中銀,72,8,64,凱基-虎尾,2024-03-07,9236
00929,復華台灣科技優息,114,60,54,凱基-虎尾,2024-03-07,9236
00673R,期元大S＆P原油反1,50,0,50,凱基-虎尾,2024-03-07,9236
2603,長榮,151,101,50,凱基-虎尾,2024-03-07,9236
00687B,國泰20年美債,45,0,45,凱基-虎尾,2024-03-07,9236
2884,玉山金,33,0,33,凱基-虎尾,2024-03-07,9236
4109,加捷生醫,35,4,31,凱基-虎尾,2024-03-07,9236
2855,統一證,28,0,28,凱基-虎尾,2024-03-07,9236
00712,復華富時不動產,25,0,25,凱基-虎尾,2024-03-07,9236
8110,華東,26,1,25,凱基-虎尾,2024-03-07,9236
1504,東元,24,3,21,凱基-虎尾,2024-03-07,9236
4968,立積,23,2,21,凱基-虎尾,2024-03-07,9236
8021,尖點,21,0,21,凱基-虎尾,2024-03-07,9236
3492,長盛,20,0,20,凱基-虎尾,2024-03-07,9236
00919,群益台灣精選高息,102,84,18,凱基-虎尾,2024-03-07,9236
3357,臺慶科,24,6,18,凱基-虎尾,2024-03-07,9236
6016,康和證,20,2,18,凱基-虎尾,2024-03-07,9236
6169,昱泉,17,0,17,凱基-虎尾,2024-03-07,9236
5521,工信,58,42,16,凱基-虎尾,2024-03-07,9236
2388,威盛,24,8,16,凱基-虎尾,2024-03-07,9236
1569,濱川,22,7,15,凱基-虎尾,2024-03-07,9236
5009,榮剛,15,0,15,凱基-虎尾,2024-03-07,9236
5386,青雲,16,1,15,凱基-虎尾,2024-03-07,9236
00795B,中信美國公債20年,14,0,14,凱基-虎尾,2024-03-07,9236
00918,大華優利高填息30,13,0,13,凱基-虎尾,2024-03-07,9236
1734,杏輝,16,3,13,凱基-虎尾,2024-03-07,9236
2002,中鋼,15,2,13,凱基-虎尾,2024-03-07,9236
3033,威健,13,0,13,凱基-虎尾,2024-03-07,9236
1301,台塑,18,6,12,凱基-虎尾,2024-03-07,9236
3434,哲固,12,0,12,凱基-虎尾,2024-03-07,9236
5227,立凱-KY,12,0,12,凱基-虎尾,2024-03-07,9236
1605,華新,11,0,11,凱基-虎尾,2024-03-07,9236
4979,華星光,11,0,11,凱基-虎尾,2024-03-07,9236
00885,富邦越南,10,0,10,凱基-虎尾,2024-03-07,9236
2101,南港,10,0,10,凱基-虎尾,2024-03-07,9236
2349,錸德,10,0,10,凱基-虎尾,2024-03-07,9236
5203,訊連,10,0,10,凱基-虎尾,2024-03-07,9236
5340,建榮,10,0,10,凱基-虎尾,2024-03-07,9236
5607,遠雄港,10,0,10,凱基-虎尾,2024-03-07,9236
9935,慶豐富,10,0,10,凱基-虎尾,2024-03-07,9236
4123,晟德,10,1,9,凱基-虎尾,2024-03-07,9236
2352,佳世達,9,0,9,凱基-虎尾,2024-03-07,9236
3325,旭品,9,0,9,凱基-虎尾,2024-03-07,9236
00632R,元大台灣50反1,226,0,226,凱基-虎尾,2024-03-08,9236
2867,三商壽,150,0,150,凱基-虎尾,2024-03-08,9236
2449,京元電子,131,19,112,凱基-虎尾,2024-03-08,9236
00919,群益台灣精選高息,126,71,55,凱基-虎尾,2024-03-08,9236
3092,鴻碩,43,0,43,凱基-虎尾,2024-03-08,9236
2618,長榮航,63,23,40,凱基-虎尾,2024-03-08,9236
4114,健喬,38,0,38,凱基-虎尾,2024-03-08,9236
4533,協易機,38,1,37,凱基-虎尾,2024-03-08,9236
00915,凱基優選高股息30,37,5,32,凱基-虎尾,2024-03-08,9236
5880,合庫金,30,2,28,凱基-虎尾,2024-03-08,9236
6770,力積電,33,8,25,凱基-虎尾,2024-03-08,9236
2363,矽統,35,14,21,凱基-虎尾,2024-03-08,9236
8933,愛地雅,21,0,21,凱基-虎尾,2024-03-08,9236
3492,長盛,20,0,20,凱基-虎尾,2024-03-08,9236
8096,擎亞,25,5,20,凱基-虎尾,2024-03-08,9236
3028,增你強,20,1,19,凱基-虎尾,2024-03-08,9236
2882,國泰金,20,1,19,凱基-虎尾,2024-03-08,9236
3025,星通,19,1,18,凱基-虎尾,2024-03-08,9236
3615,安可,20,3,17,凱基-虎尾,2024-03-08,9236
00850,元大臺灣ESG永續,15,0,15,凱基-虎尾,2024-03-08,9236
9105,泰金寶-DR,20,5,15,凱基-虎尾,2024-03-08,9236
3005,神基,13,0,13,凱基-虎尾,2024-03-08,9236
3481,群創,17,4,13,凱基-虎尾,2024-03-08,9236
4106,雃博,15,3,12,凱基-虎尾,2024-03-08,9236
4915,致伸,14,2,12,凱基-虎尾,2024-03-08,9236
1102,亞泥,11,0,11,凱基-虎尾,2024-03-08,9236
00673R,期元大S＆P原油反1,11,0,11,凱基-虎尾,2024-03-08,9236
1504,東元,12,1,11,凱基-虎尾,2024-03-08,9236
5272,笙科,11,0,11,凱基-虎尾,2024-03-08,9236
2409,友達,10,0,10,凱基-虎尾,2024-03-08,9236
1229,聯華,10,0,10,凱基-虎尾,2024-03-08,9236
1301,台塑,11,1,10,凱基-虎尾,2024-03-08,9236
00753L,中信中國50正2,45,35,10,凱基-虎尾,2024-03-08,9236
1453,大將,10,0,10,凱基-虎尾,2024-03-08,9236
2025,千興,10,0,10,凱基-虎尾,2024-03-08,9236
2605,新興,10,0,10,凱基-虎尾,2024-03-08,9236
4142,國光生,10,0,10,凱基-虎尾,2024-03-08,9236
6120,達運,10,0,10,凱基-虎尾,2024-03-08,9236
8429,金麗-KY,10,0,10,凱基-虎尾,2024-03-08,9236
8930,青鋼,10,0,10,凱基-虎尾,2024-03-08,9236
6126,信音,10,0,10,凱基-虎尾,2024-03-08,9236
2812,台中銀,18,9,9,凱基-虎尾,2024-03-08,9236
00713,元大台灣高息低波,9,0,9,凱基-虎尾,2024-03-08,9236
2382,廣達,21,13,8,凱基-虎尾,2024-03-08,9236
1710,東聯,8,0,8,凱基-虎尾,2024-03-08,9236
2408,南亞科,9,1,8,凱基-虎尾,2024-03-08,9236
2485,兆赫,8,0,8,凱基-虎尾,2024-03-08,9236
3710,連展投控,8,0,8,凱基-虎尾,2024-03-08,9236
6550,北極星藥業-KY,9,1,8,凱基-虎尾,2024-03-08,9236
1316,上曜,15,8,7,凱基-虎尾,2024-03-08,9236
2367,燿華,297,69,228,凱基-虎尾,2024-03-11,9236
2883,凱基金,243,43,200,凱基-虎尾,2024-03-11,9236
8105,凌巨,345,168,177,凱基-虎尾,2024-03-11,9236
3481,群創,90,14,76,凱基-虎尾,2024-03-11,9236
2353,宏��,71,0,71,凱基-虎尾,2024-03-11,9236
00918,大華優利高填息30,70,0,70,凱基-虎尾,2024-03-11,9236
2892,第一金,60,0,60,凱基-虎尾,2024-03-11,9236
3092,鴻碩,52,0,52,凱基-虎尾,2024-03-11,9236
2313,華通,90,40,50,凱基-虎尾,2024-03-11,9236
00919,群益台灣精選高息,58,9,49,凱基-虎尾,2024-03-11,9236
5521,工信,51,2,49,凱基-虎尾,2024-03-11,9236
3078,僑威,50,1,49,凱基-虎尾,2024-03-11,9236
2399,映泰,40,0,40,凱基-虎尾,2024-03-11,9236
3062,建漢,40,0,40,凱基-虎尾,2024-03-11,9236
2409,友達,41,2,39,凱基-虎尾,2024-03-11,9236
5213,亞昕,39,2,37,凱基-虎尾,2024-03-11,9236
5515,建國,36,0,36,凱基-虎尾,2024-03-11,9236
2610,華航,31,0,31,凱基-虎尾,2024-03-11,9236
00927,群益半導體收益,30,0,30,凱基-虎尾,2024-03-11,9236
2211,長榮鋼,30,0,30,凱基-虎尾,2024-03-11,9236
3380,明泰,30,0,30,凱基-虎尾,2024-03-11,9236
3669,圓展,30,1,29,凱基-虎尾,2024-03-11,9236
8926,台汽電,46,17,29,凱基-虎尾,2024-03-11,9236
1582,信錦,30,2,28,凱基-虎尾,2024-03-11,9236
2543,皇昌,31,4,27,凱基-虎尾,2024-03-11,9236
4513,福裕,26,0,26,凱基-虎尾,2024-03-11,9236
6443,元晶,134,112,22,凱基-虎尾,2024-03-11,9236
3576,聯合再生,24,2,22,凱基-虎尾,2024-03-11,9236
2884,玉山金,25,4,21,凱基-虎尾,2024-03-11,9236
3060,銘異,23,2,21,凱基-虎尾,2024-03-11,9236
8016,矽創,20,0,20,凱基-虎尾,2024-03-11,9236
8021,尖點,20,0,20,凱基-虎尾,2024-03-11,9236
9955,佳龍,21,1,20,凱基-虎尾,2024-03-11,9236
2611,志信,22,4,18,凱基-虎尾,2024-03-11,9236
3325,旭品,27,9,18,凱基-虎尾,2024-03-11,9236
6288,聯嘉,19,1,18,凱基-虎尾,2024-03-11,9236
1316,上曜,30,13,17,凱基-虎尾,2024-03-11,9236
00680L,元大美債20正2,17,0,17,凱基-虎尾,2024-03-11,9236
1515,力山,17,0,17,凱基-虎尾,2024-03-11,9236
1522,堤維西,17,0,17,凱基-虎尾,2024-03-11,9236
2453,凌群,17,0,17,凱基-虎尾,2024-03-11,9236
3051,力特,24,7,17,凱基-虎尾,2024-03-11,9236
00935,野村臺灣新科技50,16,0,16,凱基-虎尾,2024-03-11,9236
3083,網龍,19,3,16,凱基-虎尾,2024-03-11,9236
2020,美亞,16,1,15,凱基-虎尾,2024-03-11,9236
2606,裕民,17,2,15,凱基-虎尾,2024-03-11,9236
5351,鈺創,17,2,15,凱基-虎尾,2024-03-11,9236
8034,榮群,22,7,15,凱基-虎尾,2024-03-11,9236
2405,輔信,14,0,14,凱基-虎尾,2024-03-11,9236
2605,新興,25,12,13,凱基-虎尾,2024-03-11,9236
2301,光寶科,832,221,611,凱基-虎尾,2024-03-12,9236
2303,聯電,590,358,232,凱基-虎尾,2024-03-12,9236
2323,中環,206,6,200,凱基-虎尾,2024-03-12,9236
2892,第一金,64,2,62,凱基-虎尾,2024-03-12,9236
2353,宏��,96,40,56,凱基-虎尾,2024-03-12,9236
2888,新光金,101,50,51,凱基-虎尾,2024-03-12,9236
00885,富邦越南,50,0,50,凱基-虎尾,2024-03-12,9236
5443,均豪,54,4,50,凱基-虎尾,2024-03-12,9236
2610,華航,46,0,46,凱基-虎尾,2024-03-12,9236
2330,台積電,1060,1017,43,凱基-虎尾,2024-03-12,9236
2887,台新金,40,0,40,凱基-虎尾,2024-03-12,9236
6284,佳邦,35,0,35,凱基-虎尾,2024-03-12,9236
2369,菱生,33,0,33,凱基-虎尾,2024-03-12,9236
4960,誠美材,30,0,30,凱基-虎尾,2024-03-12,9236
5309,系統電,29,0,29,凱基-虎尾,2024-03-12,9236
6667,信紘科,35,6,29,凱基-虎尾,2024-03-12,9236
6233,旺玖,29,1,28,凱基-虎尾,2024-03-12,9236
2314,台揚,27,0,27,凱基-虎尾,2024-03-12,9236
4979,華星光,30,3,27,凱基-虎尾,2024-03-12,9236
4938,和碩,31,5,26,凱基-虎尾,2024-03-12,9236
8064,東捷,35,9,26,凱基-虎尾,2024-03-12,9236
1524,耿鼎,30,5,25,凱基-虎尾,2024-03-12,9236
1609,大亞,29,4,25,凱基-虎尾,2024-03-12,9236
3025,星通,27,2,25,凱基-虎尾,2024-03-12,9236
3706,神達,26,3,23,凱基-虎尾,2024-03-12,9236
5243,乙盛-KY,23,1,22,凱基-虎尾,2024-03-12,9236
00720B,元大投資級公司債,20,0,20,凱基-虎尾,2024-03-12,9236
2328,廣宇,22,2,20,凱基-虎尾,2024-03-12,9236
3607,谷崧,20,0,20,凱基-虎尾,2024-03-12,9236
6275,元山,20,1,19,凱基-虎尾,2024-03-12,9236
00937B,群益ESG投等債20,18,0,18,凱基-虎尾,2024-03-12,9236
2460,建通,17,0,17,凱基-虎尾,2024-03-12,9236
8096,擎亞,25,8,17,凱基-虎尾,2024-03-12,9236
2486,一詮,34,18,16,凱基-虎尾,2024-03-12,9236
1612,宏泰,16,0,16,凱基-虎尾,2024-03-12,9236
2442,新美齊,21,5,16,凱基-虎尾,2024-03-12,9236
5469,瀚宇博,17,1,16,凱基-虎尾,2024-03-12,9236
2371,大同,17,2,15,凱基-虎尾,2024-03-12,9236
8112,至上,26,11,15,凱基-虎尾,2024-03-12,9236
2338,光罩,14,0,14,凱基-虎尾,2024-03-12,9236
4543,萬在,14,0,14,凱基-虎尾,2024-03-12,9236
2603,長榮,19,5,14,凱基-虎尾,2024-03-12,9236
2382,廣達,35,22,13,凱基-虎尾,2024-03-12,9236
2201,裕隆,17,4,13,凱基-虎尾,2024-03-12,9236
6143,振曜,14,1,13,凱基-虎尾,2024-03-12,9236
1513,中興電,49,37,12,凱基-虎尾,2024-03-12,9236
3016,嘉晶,16,4,12,凱基-虎尾,2024-03-12,9236
3704,合勤控,22,10,12,凱基-虎尾,2024-03-12,9236
6140,訊達,12,0,12,凱基-虎尾,2024-03-12,9236
2498,宏達電,13,2,11,凱基-虎尾,2024-03-12,9236
6190,萬泰科,134,2,132,凱基-虎尾,2024-03-13,9236
2889,國票金,130,0,130,凱基-虎尾,2024-03-13,9236
00919,群益台灣精選高息,136,21,115,凱基-虎尾,2024-03-13,9236
2883,凱基金,3452,3355,97,凱基-虎尾,2024-03-13,9236
2464,盟立,85,2,83,凱基-虎尾,2024-03-13,9236
00679B,元大美債20年,73,0,73,凱基-虎尾,2024-03-13,9236
6147,頎邦,73,1,72,凱基-虎尾,2024-03-13,9236
2882,國泰金,71,2,69,凱基-虎尾,2024-03-13,9236
4960,誠美材,60,0,60,凱基-虎尾,2024-03-13,9236
8150,南茂,50,0,50,凱基-虎尾,2024-03-13,9236
2408,南亞科,44,2,42,凱基-虎尾,2024-03-13,9236
8021,尖點,40,0,40,凱基-虎尾,2024-03-13,9236
3005,神基,59,19,40,凱基-虎尾,2024-03-13,9236
5607,遠雄港,40,1,39,凱基-虎尾,2024-03-13,9236
2356,英業達,85,47,38,凱基-虎尾,2024-03-13,9236
00751B,元大AAA至A公司債,34,0,34,凱基-虎尾,2024-03-13,9236
2317,鴻海,4319,4286,33,凱基-虎尾,2024-03-13,9236
2611,志信,36,4,32,凱基-虎尾,2024-03-13,9236
3260,威剛,32,0,32,凱基-虎尾,2024-03-13,9236
00680L,元大美債20正2,30,0,30,凱基-虎尾,2024-03-13,9236
9105,泰金寶-DR,30,0,30,凱基-虎尾,2024-03-13,9236
00918,大華優利高填息30,35,6,29,凱基-虎尾,2024-03-13,9236
00857B,永豐20年美公債,28,0,28,凱基-虎尾,2024-03-13,9236
3211,順達,35,7,28,凱基-虎尾,2024-03-13,9236
3481,群創,22,0,22,凱基-虎尾,2024-03-13,9236
3231,緯創,6143,6122,21,凱基-虎尾,2024-03-13,9236
00687B,國泰20年美債,21,0,21,凱基-虎尾,2024-03-13,9236
00896,中信綠能及電動車,20,0,20,凱基-虎尾,2024-03-13,9236
4106,雃博,20,0,20,凱基-虎尾,2024-03-13,9236
6282,康舒,19,0,19,凱基-虎尾,2024-03-13,9236
1513,中興電,65,46,19,凱基-虎尾,2024-03-13,9236
2457,飛宏,18,0,18,凱基-虎尾,2024-03-13,9236
1301,台塑,20,3,17,凱基-虎尾,2024-03-13,9236
8926,台汽電,20,4,16,凱基-虎尾,2024-03-13,9236
00882,中信中國高股息,16,0,16,凱基-虎尾,2024-03-13,9236
6113,亞矽,40,25,15,凱基-虎尾,2024-03-13,9236
3576,聯合再生,15,0,15,凱基-虎尾,2024-03-13,9236
2371,大同,18,4,14,凱基-虎尾,2024-03-13,9236
1303,南亞,11,0,11,凱基-虎尾,2024-03-13,9236
6120,達運,11,0,11,凱基-虎尾,2024-03-13,9236
00632R,元大台灣50反1,10,0,10,凱基-虎尾,2024-03-13,9236
2025,千興,10,0,10,凱基-虎尾,2024-03-13,9236
3092,鴻碩,10,0,10,凱基-虎尾,2024-03-13,9236
3297,杭特,10,0,10,凱基-虎尾,2024-03-13,9236
4123,晟德,12,2,10,凱基-虎尾,2024-03-13,9236
4532,瑞智,10,0,10,凱基-虎尾,2024-03-13,9236
2376,技嘉,51,42,9,凱基-虎尾,2024-03-13,9236
1802,台玻,9,0,9,凱基-虎尾,2024-03-13,9236
1308,亞聚,9,0,9,凱基-虎尾,2024-03-13,9236
2401,凌陽,9,0,9,凱基-虎尾,2024-03-13,9236
2834,臺企銀,2113,616,1497,凱基-虎尾,2024-03-14,9236
00919,群益台灣精選高息,241,106,135,凱基-虎尾,2024-03-14,9236
2009,第一銅,98,0,98,凱基-虎尾,2024-03-14,9236
2889,國票金,133,44,89,凱基-虎尾,2024-03-14,9236
2618,長榮航,140,61,79,凱基-虎尾,2024-03-14,9236
1316,上曜,81,16,65,凱基-虎尾,2024-03-14,9236
00679B,元大美債20年,58,0,58,凱基-虎尾,2024-03-14,9236
3234,光環,58,1,57,凱基-虎尾,2024-03-14,9236
2892,第一金,55,5,50,凱基-虎尾,2024-03-14,9236
2836,高雄銀,47,0,47,凱基-虎尾,2024-03-14,9236
1455,集盛,45,0,45,凱基-虎尾,2024-03-14,9236
4953,緯軟,44,0,44,凱基-虎尾,2024-03-14,9236
00687B,國泰20年美債,44,3,41,凱基-虎尾,2024-03-14,9236
00857B,永豐20年美公債,41,0,41,凱基-虎尾,2024-03-14,9236
2354,鴻準,68,31,37,凱基-虎尾,2024-03-14,9236
00918,大華優利高填息30,36,0,36,凱基-虎尾,2024-03-14,9236
5607,遠雄港,36,0,36,凱基-虎尾,2024-03-14,9236
1529,樂事綠能,41,10,31,凱基-虎尾,2024-03-14,9236
5522,遠雄,30,2,28,凱基-虎尾,2024-03-14,9236
00927,群益半導體收益,27,0,27,凱基-虎尾,2024-03-14,9236
3322,建舜電,26,0,26,凱基-虎尾,2024-03-14,9236
00929,復華台灣科技優息,90,65,25,凱基-虎尾,2024-03-14,9236
00937B,群益ESG投等債20,24,1,23,凱基-虎尾,2024-03-14,9236
3231,緯創,25,3,22,凱基-虎尾,2024-03-14,9236
3092,鴻碩,21,0,21,凱基-虎尾,2024-03-14,9236
2382,廣達,530,509,21,凱基-虎尾,2024-03-14,9236
3701,大眾控,20,0,20,凱基-虎尾,2024-03-14,9236
6113,亞矽,21,1,20,凱基-虎尾,2024-03-14,9236
9935,慶豐富,20,0,20,凱基-虎尾,2024-03-14,9236
2885,元大金,25,6,19,凱基-虎尾,2024-03-14,9236
6026,福邦證,18,0,18,凱基-虎尾,2024-03-14,9236
2880,華南金,19,2,17,凱基-虎尾,2024-03-14,9236
5465,富驊,15,0,15,凱基-虎尾,2024-03-14,9236
6120,達運,15,0,15,凱基-虎尾,2024-03-14,9236
1609,大亞,51,37,14,凱基-虎尾,2024-03-14,9236
2344,華邦電,15,2,13,凱基-虎尾,2024-03-14,9236
3081,聯亞,13,0,13,凱基-虎尾,2024-03-14,9236
3163,波若威,24,11,13,凱基-虎尾,2024-03-14,9236
6182,合晶,13,0,13,凱基-虎尾,2024-03-14,9236
4714,永捷,31,19,12,凱基-虎尾,2024-03-14,9236
6790,永豐實,14,2,12,凱基-虎尾,2024-03-14,9236
8050,廣積,12,0,12,凱基-虎尾,2024-03-14,9236
6139,亞翔,17,6,11,凱基-虎尾,2024-03-14,9236
00680L,元大美債20正2,11,0,11,凱基-虎尾,2024-03-14,9236
5426,振發,11,0,11,凱基-虎尾,2024-03-14,9236
6186,新潤,11,0,11,凱基-虎尾,2024-03-14,9236
9958,世紀鋼,11,0,11,凱基-虎尾,2024-03-14,9236
2313,華通,11,0,11,凱基-虎尾,2024-03-14,9236
2812,台中銀,20,9,11,凱基-虎尾,2024-03-14,9236
1795,美時,10,0,10,凱基-虎尾,2024-03-14,9236
2317,鴻海,7897,6613,1284,凱基-虎尾,2024-03-15,9236
00919,群益台灣精選高息,291,61,230,凱基-虎尾,2024-03-15,9236
1815,富喬,150,3,147,凱基-虎尾,2024-03-15,9236
00687B,國泰20年美債,115,7,108,凱基-虎尾,2024-03-15,9236
2801,彰銀,113,9,104,凱基-虎尾,2024-03-15,9236
5880,合庫金,100,30,70,凱基-虎尾,2024-03-15,9236
00673R,期元大S＆P原油反1,72,5,67,凱基-虎尾,2024-03-15,9236
00680L,元大美債20正2,66,0,66,凱基-虎尾,2024-03-15,9236
2618,長榮航,66,0,66,凱基-虎尾,2024-03-15,9236
5009,榮剛,51,0,51,凱基-虎尾,2024-03-15,9236
00857B,永豐20年美公債,49,0,49,凱基-虎尾,2024-03-15,9236
00915,凱基優選高股息30,43,1,42,凱基-虎尾,2024-03-15,9236
2356,英業達,42,4,38,凱基-虎尾,2024-03-15,9236
00751B,元大AAA至A公司債,37,0,37,凱基-虎尾,2024-03-15,9236
2303,聯電,35,4,31,凱基-虎尾,2024-03-15,9236
2537,聯上發,30,0,30,凱基-虎尾,2024-03-15,9236
00665L,富邦�琤肭磪囓�2,33,5,28,凱基-虎尾,2024-03-15,9236
2603,長榮,39,14,25,凱基-虎尾,2024-03-15,9236
00688L,國泰20年美債正2,25,0,25,凱基-虎尾,2024-03-15,9236
1582,信錦,34,10,24,凱基-虎尾,2024-03-15,9236
3231,緯創,2284,2261,23,凱基-虎尾,2024-03-15,9236
3013,晟銘電,23,0,23,凱基-虎尾,2024-03-15,9236
4714,永捷,46,25,21,凱基-虎尾,2024-03-15,9236
2883,凱基金,448,428,20,凱基-虎尾,2024-03-15,9236
00878,國泰永續高股息,28,9,19,凱基-虎尾,2024-03-15,9236
00650L,復華香港正2,18,0,18,凱基-虎尾,2024-03-15,9236
00679B,元大美債20年,17,0,17,凱基-虎尾,2024-03-15,9236
3520,華盈,17,0,17,凱基-虎尾,2024-03-15,9236
2892,第一金,15,0,15,凱基-虎尾,2024-03-15,9236
8096,擎亞,19,4,15,凱基-虎尾,2024-03-15,9236
3481,群創,41,27,14,凱基-虎尾,2024-03-15,9236
2354,鴻準,24,10,14,凱基-虎尾,2024-03-15,9236
1303,南亞,14,1,13,凱基-虎尾,2024-03-15,9236
00931B,統一美債20年,13,0,13,凱基-虎尾,2024-03-15,9236
6219,富旺,13,0,13,凱基-虎尾,2024-03-15,9236
2327,國巨,12,0,12,凱基-虎尾,2024-03-15,9236
3163,波若威,13,1,12,凱基-虎尾,2024-03-15,9236
2887,台新金,12,0,12,凱基-虎尾,2024-03-15,9236
00712,復華富時不動產,11,0,11,凱基-虎尾,2024-03-15,9236
2471,資通,12,1,11,凱基-虎尾,2024-03-15,9236
3450,聯鈞,11,0,11,凱基-虎尾,2024-03-15,9236
8404,百和興業-KY,12,1,11,凱基-虎尾,2024-03-15,9236
00937B,群益ESG投等債20,33,22,11,凱基-虎尾,2024-03-15,9236
00929,復華台灣科技優息,48,38,10,凱基-虎尾,2024-03-15,9236
3702,大聯大,10,0,10,凱基-虎尾,2024-03-15,9236
2340,台亞,10,0,10,凱基-虎尾,2024-03-15,9236
2353,宏��,61,51,10,凱基-虎尾,2024-03-15,9236
2377,微星,10,0,10,凱基-虎尾,2024-03-15,9236
2399,映泰,10,0,10,凱基-虎尾,2024-03-15,9236
2634,漢翔,26,16,10,凱基-虎尾,2024-03-15,9236
00919,群益台灣精選高息,144,7,137,凱基-虎尾,2024-03-18,9236
00687B,國泰20年美債,104,0,104,凱基-虎尾,2024-03-18,9236
2367,燿華,105,5,100,凱基-虎尾,2024-03-18,9236
3706,神達,80,1,79,凱基-虎尾,2024-03-18,9236
8926,台汽電,85,7,78,凱基-虎尾,2024-03-18,9236
6530,創威,60,0,60,凱基-虎尾,2024-03-18,9236
1618,合機,62,6,56,凱基-虎尾,2024-03-18,9236
2511,太子,51,0,51,凱基-虎尾,2024-03-18,9236
5443,均豪,52,1,51,凱基-虎尾,2024-03-18,9236
00941,中信上游半導體,48,0,48,凱基-虎尾,2024-03-18,9236
2312,金寶,45,0,45,凱基-虎尾,2024-03-18,9236
2330,台積電,1044,1000,44,凱基-虎尾,2024-03-18,9236
2405,輔信,44,1,43,凱基-虎尾,2024-03-18,9236
00937B,群益ESG投等債20,43,1,42,凱基-虎尾,2024-03-18,9236
2515,中工,61,22,39,凱基-虎尾,2024-03-18,9236
8064,東捷,35,0,35,凱基-虎尾,2024-03-18,9236
1722,台肥,30,0,30,凱基-虎尾,2024-03-18,9236
2834,臺企銀,35,5,30,凱基-虎尾,2024-03-18,9236
6120,達運,30,3,27,凱基-虎尾,2024-03-18,9236
00857B,永豐20年美公債,26,0,26,凱基-虎尾,2024-03-18,9236
2882,國泰金,30,4,26,凱基-虎尾,2024-03-18,9236
1802,台玻,25,0,25,凱基-虎尾,2024-03-18,9236
6126,信音,23,0,23,凱基-虎尾,2024-03-18,9236
2329,華泰,34,12,22,凱基-虎尾,2024-03-18,9236
2603,長榮,48,26,22,凱基-虎尾,2024-03-18,9236
2464,盟立,27,5,22,凱基-虎尾,2024-03-18,9236
1514,亞力,29,7,22,凱基-虎尾,2024-03-18,9236
00679B,元大美債20年,21,0,21,凱基-虎尾,2024-03-18,9236
00918,大華優利高填息30,21,0,21,凱基-虎尾,2024-03-18,9236
00680L,元大美債20正2,29,8,21,凱基-虎尾,2024-03-18,9236
3260,威剛,21,0,21,凱基-虎尾,2024-03-18,9236
3694,海華,21,0,21,凱基-虎尾,2024-03-18,9236
2359,所羅門,20,0,20,凱基-虎尾,2024-03-18,9236
5201,凱衛,20,0,20,凱基-虎尾,2024-03-18,9236
2313,華通,66,47,19,凱基-虎尾,2024-03-18,9236
2369,菱生,19,1,18,凱基-虎尾,2024-03-18,9236
1785,光洋科,19,1,18,凱基-虎尾,2024-03-18,9236
3712,永崴投控,18,1,17,凱基-虎尾,2024-03-18,9236
4771,望隼,16,1,15,凱基-虎尾,2024-03-18,9236
6257,矽格,18,4,14,凱基-虎尾,2024-03-18,9236
6275,元山,15,1,14,凱基-虎尾,2024-03-18,9236
1513,中興電,41,27,14,凱基-虎尾,2024-03-18,9236
2353,宏��,14,1,13,凱基-虎尾,2024-03-18,9236
2427,三商電,13,0,13,凱基-虎尾,2024-03-18,9236
2486,一詮,26,13,13,凱基-虎尾,2024-03-18,9236
3025,星通,15,2,13,凱基-虎尾,2024-03-18,9236
6213,聯茂,15,2,13,凱基-虎尾,2024-03-18,9236
6288,聯嘉,15,2,13,凱基-虎尾,2024-03-18,9236
1101,台泥,12,0,12,凱基-虎尾,2024-03-18,9236
8936,國統,79,67,12,凱基-虎尾,2024-03-18,9236
2303,聯電,929,627,302,凱基-虎尾,2024-03-19,9236
2002,中鋼,293,2,291,凱基-虎尾,2024-03-19,9236
2603,長榮,868,663,205,凱基-虎尾,2024-03-19,9236
2362,藍天,284,131,153,凱基-虎尾,2024-03-19,9236
5880,合庫金,146,2,144,凱基-虎尾,2024-03-19,9236
4714,永捷,135,1,134,凱基-虎尾,2024-03-19,9236
2610,華航,100,0,100,凱基-虎尾,2024-03-19,9236
2010,春源,65,4,61,凱基-虎尾,2024-03-19,9236
2834,臺企銀,58,10,48,凱基-虎尾,2024-03-19,9236
00918,大華優利高填息30,51,4,47,凱基-虎尾,2024-03-19,9236
00915,凱基優選高股息30,53,11,42,凱基-虎尾,2024-03-19,9236
00929,復華台灣科技優息,55,14,41,凱基-虎尾,2024-03-19,9236
00687B,國泰20年美債,37,0,37,凱基-虎尾,2024-03-19,9236
00673R,期元大S＆P原油反1,37,0,37,凱基-虎尾,2024-03-19,9236
6288,聯嘉,52,15,37,凱基-虎尾,2024-03-19,9236
00941,中信上游半導體,41,6,35,凱基-虎尾,2024-03-19,9236
00679B,元大美債20年,35,0,35,凱基-虎尾,2024-03-19,9236
2352,佳世達,35,2,33,凱基-虎尾,2024-03-19,9236
3260,威剛,33,2,31,凱基-虎尾,2024-03-19,9236
2888,新光金,36,10,26,凱基-虎尾,2024-03-19,9236
00720B,元大投資級公司債,25,0,25,凱基-虎尾,2024-03-19,9236
5201,凱衛,25,0,25,凱基-虎尾,2024-03-19,9236
2605,新興,26,2,24,凱基-虎尾,2024-03-19,9236
2420,新巨,24,0,24,凱基-虎尾,2024-03-19,9236
2034,允強,22,0,22,凱基-虎尾,2024-03-19,9236
2486,一詮,24,2,22,凱基-虎尾,2024-03-19,9236
3231,緯創,142,122,20,凱基-虎尾,2024-03-19,9236
1455,集盛,20,0,20,凱基-虎尾,2024-03-19,9236
2324,仁寶,22,2,20,凱基-虎尾,2024-03-19,9236
2611,志信,23,3,20,凱基-虎尾,2024-03-19,9236
8277,商丞,20,0,20,凱基-虎尾,2024-03-19,9236
3005,神基,35,17,18,凱基-虎尾,2024-03-19,9236
2355,敬鵬,20,2,18,凱基-虎尾,2024-03-19,9236
00680L,元大美債20正2,17,0,17,凱基-虎尾,2024-03-19,9236
2353,宏��,19,2,17,凱基-虎尾,2024-03-19,9236
3694,海華,39,22,17,凱基-虎尾,2024-03-19,9236
5386,青雲,16,0,16,凱基-虎尾,2024-03-19,9236
8936,國統,34,18,16,凱基-虎尾,2024-03-19,9236
2382,廣達,19,3,16,凱基-虎尾,2024-03-19,9236
5347,世界,30,15,15,凱基-虎尾,2024-03-19,9236
2301,光寶科,18,3,15,凱基-虎尾,2024-03-19,9236
4109,加捷生醫,15,0,15,凱基-虎尾,2024-03-19,9236
5607,遠雄港,20,5,15,凱基-虎尾,2024-03-19,9236
6182,合晶,15,1,14,凱基-虎尾,2024-03-19,9236
3481,群創,20,6,14,凱基-虎尾,2024-03-19,9236
5258,虹堡,21,8,13,凱基-虎尾,2024-03-19,9236
8150,南茂,13,0,13,凱基-虎尾,2024-03-19,9236
2208,台船,39,27,12,凱基-虎尾,2024-03-19,9236
2637,慧洋-KY,12,0,12,凱基-虎尾,2024-03-19,9236
00650L,復華香港正2,11,0,11,凱基-虎尾,2024-03-19,9236
2002,中鋼,341,3,338,凱基-虎尾,2024-03-20,9236
2603,長榮,2232,1913,319,凱基-虎尾,2024-03-20,9236
00939,統一台灣高息動能,4857,4713,144,凱基-虎尾,2024-03-20,9236
2883,凱基金,145,20,125,凱基-虎尾,2024-03-20,9236
4938,和碩,112,28,84,凱基-虎尾,2024-03-20,9236
2486,一詮,48,0,48,凱基-虎尾,2024-03-20,9236
2420,新巨,44,0,44,凱基-虎尾,2024-03-20,9236
1524,耿鼎,51,10,41,凱基-虎尾,2024-03-20,9236
2892,第一金,50,11,39,凱基-虎尾,2024-03-20,9236
2405,輔信,35,2,33,凱基-虎尾,2024-03-20,9236
00937B,群益ESG投等債20,31,0,31,凱基-虎尾,2024-03-20,9236
2888,新光金,31,0,31,凱基-虎尾,2024-03-20,9236
2356,英業達,31,5,26,凱基-虎尾,2024-03-20,9236
5880,合庫金,26,0,26,凱基-虎尾,2024-03-20,9236
2618,長榮航,25,0,25,凱基-虎尾,2024-03-20,9236
1101,台泥,22,0,22,凱基-虎尾,2024-03-20,9236
8034,榮群,21,0,21,凱基-虎尾,2024-03-20,9236
00673R,期元大S＆P原油反1,20,0,20,凱基-虎尾,2024-03-20,9236
1712,興農,20,0,20,凱基-虎尾,2024-03-20,9236
2363,矽統,21,1,20,凱基-虎尾,2024-03-20,9236
2731,雄獅,20,0,20,凱基-虎尾,2024-03-20,9236
2897,王道銀行,20,0,20,凱基-虎尾,2024-03-20,9236
2323,中環,19,0,19,凱基-虎尾,2024-03-20,9236
1789,神隆,23,5,18,凱基-虎尾,2024-03-20,9236
2834,臺企銀,23,6,17,凱基-虎尾,2024-03-20,9236
00712,復華富時不動產,16,0,16,凱基-虎尾,2024-03-20,9236
1218,泰山,17,2,15,凱基-虎尾,2024-03-20,9236
2208,台船,21,6,15,凱基-虎尾,2024-03-20,9236
2468,華經,15,0,15,凱基-虎尾,2024-03-20,9236
6161,捷波,15,0,15,凱基-虎尾,2024-03-20,9236
9907,統一實,15,0,15,凱基-虎尾,2024-03-20,9236
00878,國泰永續高股息,14,1,13,凱基-虎尾,2024-03-20,9236
00687B,國泰20年美債,24,11,13,凱基-虎尾,2024-03-20,9236
2206,三陽工業,31,18,13,凱基-虎尾,2024-03-20,9236
2392,正崴,13,0,13,凱基-虎尾,2024-03-20,9236
4306,炎洲,20,8,12,凱基-虎尾,2024-03-20,9236
6245,立端,15,3,12,凱基-虎尾,2024-03-20,9236
2371,大同,12,1,11,凱基-虎尾,2024-03-20,9236
8112,至上,23,12,11,凱基-虎尾,2024-03-20,9236
2347,聯強,10,0,10,凱基-虎尾,2024-03-20,9236
00930,永豐ESG低碳高息,20,10,10,凱基-虎尾,2024-03-20,9236
2376,技嘉,211,201,10,凱基-虎尾,2024-03-20,9236
2457,飛宏,11,1,10,凱基-虎尾,2024-03-20,9236
2537,聯上發,10,0,10,凱基-虎尾,2024-03-20,9236
3492,長盛,10,0,10,凱基-虎尾,2024-03-20,9236
5498,凱崴,10,0,10,凱基-虎尾,2024-03-20,9236
5706,鳳凰,10,0,10,凱基-虎尾,2024-03-20,9236
6128,上福,10,0,10,凱基-虎尾,2024-03-20,9236
6209,今國光,10,0,10,凱基-虎尾,2024-03-20,9236
3481,群創,12,2,10,凱基-虎尾,2024-03-20,9236
2603,長榮,817,514,303,凱基-虎尾,2024-03-21,9236
00939,統一台灣高息動能,236,17,219,凱基-虎尾,2024-03-21,9236
00632R,元大台灣50反1,133,30,103,凱基-虎尾,2024-03-21,9236
00919,群益台灣精選高息,137,40,97,凱基-虎尾,2024-03-21,9236
4714,永捷,130,42,88,凱基-虎尾,2024-03-21,9236
8110,華東,54,3,51,凱基-虎尾,2024-03-21,9236
00679B,元大美債20年,64,16,48,凱基-虎尾,2024-03-21,9236
00687B,國泰20年美債,48,4,44,凱基-虎尾,2024-03-21,9236
6005,群益證,46,5,41,凱基-虎尾,2024-03-21,9236
4967,十銓,40,0,40,凱基-虎尾,2024-03-21,9236
2330,台積電,732,693,39,凱基-虎尾,2024-03-21,9236
3058,立德,35,0,35,凱基-虎尾,2024-03-21,9236
5521,工信,34,0,34,凱基-虎尾,2024-03-21,9236
2363,矽統,35,2,33,凱基-虎尾,2024-03-21,9236
3083,網龍,34,4,30,凱基-虎尾,2024-03-21,9236
3147,大綜,30,0,30,凱基-虎尾,2024-03-21,9236
1616,億泰,34,5,29,凱基-虎尾,2024-03-21,9236
4953,緯軟,38,10,28,凱基-虎尾,2024-03-21,9236
3481,群創,73,45,28,凱基-虎尾,2024-03-21,9236
2834,臺企銀,33,5,28,凱基-虎尾,2024-03-21,9236
2369,菱生,40,13,27,凱基-虎尾,2024-03-21,9236
2498,宏達電,26,0,26,凱基-虎尾,2024-03-21,9236
5439,高技,46,20,26,凱基-虎尾,2024-03-21,9236
2611,志信,25,0,25,凱基-虎尾,2024-03-21,9236
2915,潤泰全,25,0,25,凱基-虎尾,2024-03-21,9236
3712,永崴投控,31,6,25,凱基-虎尾,2024-03-21,9236
8271,宇瞻,25,1,24,凱基-虎尾,2024-03-21,9236
1609,大亞,38,15,23,凱基-虎尾,2024-03-21,9236
2882,國泰金,42,19,23,凱基-虎尾,2024-03-21,9236
00673R,期元大S＆P原油反1,22,0,22,凱基-虎尾,2024-03-21,9236
00857B,永豐20年美公債,22,0,22,凱基-虎尾,2024-03-21,9236
1815,富喬,24,3,21,凱基-虎尾,2024-03-21,9236
2344,華邦電,40,19,21,凱基-虎尾,2024-03-21,9236
2486,一詮,35,14,21,凱基-虎尾,2024-03-21,9236
3033,威健,182,161,21,凱基-虎尾,2024-03-21,9236
8936,國統,27,7,20,凱基-虎尾,2024-03-21,9236
00891,中信關鍵半導體,20,0,20,凱基-虎尾,2024-03-21,9236
00680L,元大美債20正2,20,0,20,凱基-虎尾,2024-03-21,9236
6024,群益期,20,0,20,凱基-虎尾,2024-03-21,9236
4960,誠美材,18,0,18,凱基-虎尾,2024-03-21,9236
2609,陽明,21,4,17,凱基-虎尾,2024-03-21,9236
6596,寬宏藝術,17,0,17,凱基-虎尾,2024-03-21,9236
00933B,國泰10Y+金融債,16,0,16,凱基-虎尾,2024-03-21,9236
2323,中環,16,0,16,凱基-虎尾,2024-03-21,9236
2371,大同,29,14,15,凱基-虎尾,2024-03-21,9236
6116,彩晶,15,0,15,凱基-虎尾,2024-03-21,9236
2515,中工,17,3,14,凱基-虎尾,2024-03-21,9236
00900,富邦特選高股息30,30,16,14,凱基-虎尾,2024-03-21,9236
3622,洋華,15,1,14,凱基-虎尾,2024-03-21,9236
00929,復華台灣科技優息,32,18,14,凱基-虎尾,2024-03-21,9236
2409,友達,1600,213,1387,凱基-虎尾,2024-03-22,9236
2382,廣達,665,278,387,凱基-虎尾,2024-03-22,9236
00919,群益台灣精選高息,2047,1930,117,凱基-虎尾,2024-03-22,9236
3706,神達,229,129,100,凱基-虎尾,2024-03-22,9236
00939,統一台灣高息動能,3331,3232,99,凱基-虎尾,2024-03-22,9236
2367,燿華,112,45,67,凱基-虎尾,2024-03-22,9236
00687B,國泰20年美債,58,4,54,凱基-虎尾,2024-03-22,9236
00922,國泰台灣領袖50,51,0,51,凱基-虎尾,2024-03-22,9236
2353,宏��,74,24,50,凱基-虎尾,2024-03-22,9236
00679B,元大美債20年,50,0,50,凱基-虎尾,2024-03-22,9236
1201,味全,40,0,40,凱基-虎尾,2024-03-22,9236
8931,大汽電,40,1,39,凱基-虎尾,2024-03-22,9236
00929,復華台灣科技優息,50,12,38,凱基-虎尾,2024-03-22,9236
1608,華榮,46,9,37,凱基-虎尾,2024-03-22,9236
6290,良維,34,0,34,凱基-虎尾,2024-03-22,9236
2402,毅嘉,32,0,32,凱基-虎尾,2024-03-22,9236
00902,中信電池及儲能,31,0,31,凱基-虎尾,2024-03-22,9236
6414,樺漢,30,0,30,凱基-虎尾,2024-03-22,9236
6161,捷波,30,0,30,凱基-虎尾,2024-03-22,9236
1455,集盛,31,2,29,凱基-虎尾,2024-03-22,9236
2303,聯電,36,7,29,凱基-虎尾,2024-03-22,9236
2464,盟立,36,7,29,凱基-虎尾,2024-03-22,9236
2609,陽明,27,0,27,凱基-虎尾,2024-03-22,9236
5201,凱衛,25,0,25,凱基-虎尾,2024-03-22,9236
00937B,群益ESG投等債20,33,10,23,凱基-虎尾,2024-03-22,9236
00885,富邦越南,21,0,21,凱基-虎尾,2024-03-22,9236
1809,中釉,22,1,21,凱基-虎尾,2024-03-22,9236
4960,誠美材,21,4,17,凱基-虎尾,2024-03-22,9236
6505,台塑化,18,1,17,凱基-虎尾,2024-03-22,9236
9904,寶成,35,18,17,凱基-虎尾,2024-03-22,9236
2461,光群雷,17,1,16,凱基-虎尾,2024-03-22,9236
00665L,富邦�琤肭磪囓�2,15,0,15,凱基-虎尾,2024-03-22,9236
6196,帆宣,15,0,15,凱基-虎尾,2024-03-22,9236
6418,詠昇,14,0,14,凱基-虎尾,2024-03-22,9236
2337,旺宏,13,0,13,凱基-虎尾,2024-03-22,9236
2363,矽統,16,3,13,凱基-虎尾,2024-03-22,9236
3406,玉晶光,12,0,12,凱基-虎尾,2024-03-22,9236
1216,統一,12,1,11,凱基-虎尾,2024-03-22,9236
2605,新興,12,1,11,凱基-虎尾,2024-03-22,9236
2884,玉山金,11,0,11,凱基-虎尾,2024-03-22,9236
2915,潤泰全,11,0,11,凱基-虎尾,2024-03-22,9236
00936,台新永續高息中小,10,0,10,凱基-虎尾,2024-03-22,9236
00650L,復華香港正2,10,0,10,凱基-虎尾,2024-03-22,9236
4129,聯合,10,0,10,凱基-虎尾,2024-03-22,9236
00915,凱基優選高股息30,10,1,9,凱基-虎尾,2024-03-22,9236
1618,合機,46,37,9,凱基-虎尾,2024-03-22,9236
3027,盛達,9,0,9,凱基-虎尾,2024-03-22,9236
5498,凱崴,9,0,9,凱基-虎尾,2024-03-22,9236
5386,青雲,8,0,8,凱基-虎尾,2024-03-22,9236
1503,士電,25,17,8,凱基-虎尾,2024-03-22,9236
2356,英業達,173,44,129,凱基-虎尾,2024-03-25,9236
00939,統一台灣高息動能,90,3,87,凱基-虎尾,2024-03-25,9236
2371,大同,80,19,61,凱基-虎尾,2024-03-25,9236
2317,鴻海,9127,9067,60,凱基-虎尾,2024-03-25,9236
1721,三晃,55,0,55,凱基-虎尾,2024-03-25,9236
2352,佳世達,54,0,54,凱基-虎尾,2024-03-25,9236
00632R,元大台灣50反1,52,0,52,凱基-虎尾,2024-03-25,9236
2002,中鋼,43,0,43,凱基-虎尾,2024-03-25,9236
3312,弘憶股,37,0,37,凱基-虎尾,2024-03-25,9236
3481,群創,60,23,37,凱基-虎尾,2024-03-25,9236
6188,廣明,48,15,33,凱基-虎尾,2024-03-25,9236
1514,亞力,32,3,29,凱基-虎尾,2024-03-25,9236
6414,樺漢,29,0,29,凱基-虎尾,2024-03-25,9236
1815,富喬,38,10,28,凱基-虎尾,2024-03-25,9236
4967,十銓,30,2,28,凱基-虎尾,2024-03-25,9236
2009,第一銅,26,0,26,凱基-虎尾,2024-03-25,9236
6112,邁達特,25,0,25,凱基-虎尾,2024-03-25,9236
6517,保勝光學,26,1,25,凱基-虎尾,2024-03-25,9236
2883,凱基金,35,11,24,凱基-虎尾,2024-03-25,9236
6443,元晶,26,2,24,凱基-虎尾,2024-03-25,9236
2303,聯電,23,1,22,凱基-虎尾,2024-03-25,9236
1529,樂事綠能,25,3,22,凱基-虎尾,2024-03-25,9236
2618,長榮航,24,2,22,凱基-虎尾,2024-03-25,9236
4714,永捷,24,2,22,凱基-虎尾,2024-03-25,9236
00919,群益台灣精選高息,38,17,21,凱基-虎尾,2024-03-25,9236
1314,中石化,21,0,21,凱基-虎尾,2024-03-25,9236
6125,廣運,33,13,20,凱基-虎尾,2024-03-25,9236
6234,高僑,21,1,20,凱基-虎尾,2024-03-25,9236
2903,遠百,19,0,19,凱基-虎尾,2024-03-25,9236
6533,晶心科,19,0,19,凱基-虎尾,2024-03-25,9236
4157,太景*-KY,18,0,18,凱基-虎尾,2024-03-25,9236
4526,東台,30,12,18,凱基-虎尾,2024-03-25,9236
8096,擎亞,18,0,18,凱基-虎尾,2024-03-25,9236
8936,國統,25,9,16,凱基-虎尾,2024-03-25,9236
2316,楠梓電,19,3,16,凱基-虎尾,2024-03-25,9236
3050,鈺德,22,6,16,凱基-虎尾,2024-03-25,9236
00688L,國泰20年美債正2,15,0,15,凱基-虎尾,2024-03-25,9236
00687B,國泰20年美債,15,0,15,凱基-虎尾,2024-03-25,9236
2337,旺宏,16,1,15,凱基-虎尾,2024-03-25,9236
3693,營邦,15,0,15,凱基-虎尾,2024-03-25,9236
5351,鈺創,15,0,15,凱基-虎尾,2024-03-25,9236
6282,康舒,15,0,15,凱基-虎尾,2024-03-25,9236
00937B,群益ESG投等債20,15,1,14,凱基-虎尾,2024-03-25,9236
1808,潤隆,15,1,14,凱基-虎尾,2024-03-25,9236
6770,力積電,15,1,14,凱基-虎尾,2024-03-25,9236
8222,寶一,20,6,14,凱基-虎尾,2024-03-25,9236
1609,大亞,46,32,14,凱基-虎尾,2024-03-25,9236
2915,潤泰全,13,0,13,凱基-虎尾,2024-03-25,9236
4303,信立,13,0,13,凱基-虎尾,2024-03-25,9236
6170,統振,24,12,12,凱基-虎尾,2024-03-25,9236
2330,台積電,666,490,176,凱基-虎尾,2024-03-26,9236
2374,佳能,53,0,53,凱基-虎尾,2024-03-26,9236
1314,中石化,47,0,47,凱基-虎尾,2024-03-26,9236
2365,昆盈,54,9,45,凱基-虎尾,2024-03-26,9236
2388,威盛,52,7,45,凱基-虎尾,2024-03-26,9236
00919,群益台灣精選高息,125,82,43,凱基-虎尾,2024-03-26,9236
3481,群創,42,2,40,凱基-虎尾,2024-03-26,9236
1301,台塑,43,4,39,凱基-虎尾,2024-03-26,9236
6179,亞通,226,190,36,凱基-虎尾,2024-03-26,9236
6163,華電網,48,15,33,凱基-虎尾,2024-03-26,9236
1609,大亞,100,67,33,凱基-虎尾,2024-03-26,9236
1603,華電,53,22,31,凱基-虎尾,2024-03-26,9236
2548,華固,30,0,30,凱基-虎尾,2024-03-26,9236
6207,雷科,40,12,28,凱基-虎尾,2024-03-26,9236
2618,長榮航,28,1,27,凱基-虎尾,2024-03-26,9236
1618,合機,48,22,26,凱基-虎尾,2024-03-26,9236
5607,遠雄港,25,0,25,凱基-虎尾,2024-03-26,9236
1101,台泥,27,3,24,凱基-虎尾,2024-03-26,9236
2353,宏��,24,0,24,凱基-虎尾,2024-03-26,9236
2464,盟立,26,4,22,凱基-虎尾,2024-03-26,9236
2882,國泰金,42,20,22,凱基-虎尾,2024-03-26,9236
1513,中興電,90,68,22,凱基-虎尾,2024-03-26,9236
6161,捷波,20,0,20,凱基-虎尾,2024-03-26,9236
2303,聯電,24,6,18,凱基-虎尾,2024-03-26,9236
6418,詠昇,18,0,18,凱基-虎尾,2024-03-26,9236
00939,統一台灣高息動能,132,114,18,凱基-虎尾,2024-03-26,9236
5531,鄉林,16,0,16,凱基-虎尾,2024-03-26,9236
2009,第一銅,35,20,15,凱基-虎尾,2024-03-26,9236
00878,國泰永續高股息,20,6,14,凱基-虎尾,2024-03-26,9236
1608,華榮,72,59,13,凱基-虎尾,2024-03-26,9236
8926,台汽電,13,0,13,凱基-虎尾,2024-03-26,9236
00882,中信中國高股息,16,3,13,凱基-虎尾,2024-03-26,9236
8105,凌巨,13,0,13,凱基-虎尾,2024-03-26,9236
2727,王品,12,0,12,凱基-虎尾,2024-03-26,9236
3207,耀勝,14,2,12,凱基-虎尾,2024-03-26,9236
6770,力積電,18,6,12,凱基-虎尾,2024-03-26,9236
6282,康舒,11,0,11,凱基-虎尾,2024-03-26,9236
1616,億泰,10,0,10,凱基-虎尾,2024-03-26,9236
2344,華邦電,11,1,10,凱基-虎尾,2024-03-26,9236
2368,金像電,10,0,10,凱基-虎尾,2024-03-26,9236
2867,三商壽,10,0,10,凱基-虎尾,2024-03-26,9236
3141,晶宏,10,0,10,凱基-虎尾,2024-03-26,9236
6129,普誠,10,0,10,凱基-虎尾,2024-03-26,9236
1785,光洋科,11,2,9,凱基-虎尾,2024-03-26,9236
4129,聯合,9,0,9,凱基-虎尾,2024-03-26,9236
2883,凱基金,36,28,8,凱基-虎尾,2024-03-26,9236
3231,緯創,1027,1019,8,凱基-虎尾,2024-03-26,9236
2356,英業達,44,37,7,凱基-虎尾,2024-03-26,9236
3548,兆利,7,0,7,凱基-虎尾,2024-03-26,9236
4306,炎洲,7,0,7,凱基-虎尾,2024-03-26,9236
2891,中信金,143,11,132,凱基-虎尾,2024-03-27,9236
1314,中石化,130,2,128,凱基-虎尾,2024-03-27,9236
2883,凱基金,7258,7139,119,凱基-虎尾,2024-03-27,9236
00937B,群益ESG投等債20,133,16,117,凱基-虎尾,2024-03-27,9236
3481,群創,136,22,114,凱基-虎尾,2024-03-27,9236
2515,中工,212,154,58,凱基-虎尾,2024-03-27,9236
5309,系統電,59,4,55,凱基-虎尾,2024-03-27,9236
1603,華電,82,28,54,凱基-虎尾,2024-03-27,9236
1584,精剛,71,19,52,凱基-虎尾,2024-03-27,9236
5521,工信,45,1,44,凱基-虎尾,2024-03-27,9236
2467,志聖,43,1,42,凱基-虎尾,2024-03-27,9236
6126,信音,57,15,42,凱基-虎尾,2024-03-27,9236
2208,台船,40,3,37,凱基-虎尾,2024-03-27,9236
2486,一詮,36,1,35,凱基-虎尾,2024-03-27,9236
00939,統一台灣高息動能,37,4,33,凱基-虎尾,2024-03-27,9236
2387,精元,31,0,31,凱基-虎尾,2024-03-27,9236
2317,鴻海,2368,2338,30,凱基-虎尾,2024-03-27,9236
1905,華紙,26,0,26,凱基-虎尾,2024-03-27,9236
4306,炎洲,26,0,26,凱基-虎尾,2024-03-27,9236
6179,亞通,36,11,25,凱基-虎尾,2024-03-27,9236
00753L,中信中國50正2,25,0,25,凱基-虎尾,2024-03-27,9236
1455,集盛,20,0,20,凱基-虎尾,2024-03-27,9236
2367,燿華,20,0,20,凱基-虎尾,2024-03-27,9236
1316,上曜,24,5,19,凱基-虎尾,2024-03-27,9236
00673R,期元大S＆P原油反1,25,6,19,凱基-虎尾,2024-03-27,9236
1524,耿鼎,18,0,18,凱基-虎尾,2024-03-27,9236
4114,健喬,18,0,18,凱基-虎尾,2024-03-27,9236
5243,乙盛-KY,22,4,18,凱基-虎尾,2024-03-27,9236
4303,信立,19,2,17,凱基-虎尾,2024-03-27,9236
8033,雷虎,20,4,16,凱基-虎尾,2024-03-27,9236
1810,和成,20,5,15,凱基-虎尾,2024-03-27,9236
2328,廣宇,19,4,15,凱基-虎尾,2024-03-27,9236
8064,東捷,15,0,15,凱基-虎尾,2024-03-27,9236
4526,東台,34,20,14,凱基-虎尾,2024-03-27,9236
6443,元晶,14,0,14,凱基-虎尾,2024-03-27,9236
6875,國邑*,26,12,14,凱基-虎尾,2024-03-27,9236
2405,輔信,14,1,13,凱基-虎尾,2024-03-27,9236
2645,長榮航太,252,239,13,凱基-虎尾,2024-03-27,9236
3704,合勤控,13,1,12,凱基-虎尾,2024-03-27,9236
8222,寶一,15,3,12,凱基-虎尾,2024-03-27,9236
1522,堤維西,11,0,11,凱基-虎尾,2024-03-27,9236
2476,鉅祥,11,0,11,凱基-虎尾,2024-03-27,9236
2520,冠德,11,0,11,凱基-虎尾,2024-03-27,9236
6284,佳邦,11,0,11,凱基-虎尾,2024-03-27,9236
6517,保勝光學,12,1,11,凱基-虎尾,2024-03-27,9236
4967,十銓,11,0,11,凱基-虎尾,2024-03-27,9236
3059,華晶科,10,0,10,凱基-虎尾,2024-03-27,9236
1560,中砂,18,8,10,凱基-虎尾,2024-03-27,9236
1712,興農,10,0,10,凱基-虎尾,2024-03-27,9236
2383,台光電,10,0,10,凱基-虎尾,2024-03-27,9236
2382,廣達,1847,957,890,凱基-虎尾,2024-03-28,9236
2883,凱基金,8344,7986,358,凱基-虎尾,2024-03-28,9236
1609,大亞,129,13,116,凱基-虎尾,2024-03-28,9236
1608,華榮,185,88,97,凱基-虎尾,2024-03-28,9236
2354,鴻準,131,59,72,凱基-虎尾,2024-03-28,9236
6126,信音,110,47,63,凱基-虎尾,2024-03-28,9236
2884,玉山金,50,0,50,凱基-虎尾,2024-03-28,9236
5512,力麒,49,1,48,凱基-虎尾,2024-03-28,9236
3576,聯合再生,42,0,42,凱基-虎尾,2024-03-28,9236
2367,燿華,45,5,40,凱基-虎尾,2024-03-28,9236
2009,第一銅,39,1,38,凱基-虎尾,2024-03-28,9236
8150,南茂,41,9,32,凱基-虎尾,2024-03-28,9236
1605,華新,30,0,30,凱基-虎尾,2024-03-28,9236
2609,陽明,35,10,25,凱基-虎尾,2024-03-28,9236
00878,國泰永續高股息,35,11,24,凱基-虎尾,2024-03-28,9236
1504,東元,30,7,23,凱基-虎尾,2024-03-28,9236
3211,順達,30,8,22,凱基-虎尾,2024-03-28,9236
3686,達能,22,0,22,凱基-虎尾,2024-03-28,9236
2303,聯電,20,3,17,凱基-虎尾,2024-03-28,9236
2206,三陽工業,17,0,17,凱基-虎尾,2024-03-28,9236
2402,毅嘉,25,8,17,凱基-虎尾,2024-03-28,9236
3437,榮創,17,0,17,凱基-虎尾,2024-03-28,9236
6244,茂迪,19,2,17,凱基-虎尾,2024-03-28,9236
6443,元晶,119,102,17,凱基-虎尾,2024-03-28,9236
2542,興富發,17,0,17,凱基-虎尾,2024-03-28,9236
8261,富鼎,20,4,16,凱基-虎尾,2024-03-28,9236
00882,中信中國高股息,18,3,15,凱基-虎尾,2024-03-28,9236
2408,南亞科,15,0,15,凱基-虎尾,2024-03-28,9236
6005,群益證,15,0,15,凱基-虎尾,2024-03-28,9236
2301,光寶科,39,25,14,凱基-虎尾,2024-03-28,9236
3013,晟銘電,29,16,13,凱基-虎尾,2024-03-28,9236
4526,東台,69,56,13,凱基-虎尾,2024-03-28,9236
3706,神達,36,23,13,凱基-虎尾,2024-03-28,9236
2241,艾姆勒,16,3,13,凱基-虎尾,2024-03-28,9236
6129,普誠,12,0,12,凱基-虎尾,2024-03-28,9236
1809,中釉,12,0,12,凱基-虎尾,2024-03-28,9236
4532,瑞智,12,0,12,凱基-虎尾,2024-03-28,9236
4728,雙美,12,0,12,凱基-虎尾,2024-03-28,9236
8064,東捷,27,16,11,凱基-虎尾,2024-03-28,9236
2851,中再保,11,0,11,凱基-虎尾,2024-03-28,9236
3339,泰谷,12,1,11,凱基-虎尾,2024-03-28,9236
3231,緯創,55,44,11,凱基-虎尾,2024-03-28,9236
00680L,元大美債20正2,10,0,10,凱基-虎尾,2024-03-28,9236
1611,中電,10,0,10,凱基-虎尾,2024-03-28,9236
1731,美吾華,12,2,10,凱基-虎尾,2024-03-28,9236
1810,和成,30,20,10,凱基-虎尾,2024-03-28,9236
2486,一詮,10,0,10,凱基-虎尾,2024-03-28,9236
3105,穩懋,10,0,10,凱基-虎尾,2024-03-28,9236
3607,谷崧,10,0,10,凱基-虎尾,2024-03-28,9236
5443,均豪,10,0,10,凱基-虎尾,2024-03-28,9236
2009,第一銅,84,7,77,凱基-虎尾,2024-03-29,9236
00922,國泰台灣領袖50,50,0,50,凱基-虎尾,2024-03-29,9236
9955,佳龍,50,0,50,凱基-虎尾,2024-03-29,9236
2356,英業達,134,85,49,凱基-虎尾,2024-03-29,9236
00687B,國泰20年美債,43,3,40,凱基-虎尾,2024-03-29,9236
1815,富喬,56,16,40,凱基-虎尾,2024-03-29,9236
3004,豐達科,35,0,35,凱基-虎尾,2024-03-29,9236
2464,盟立,37,5,32,凱基-虎尾,2024-03-29,9236
2486,一詮,38,6,32,凱基-虎尾,2024-03-29,9236
1303,南亞,30,1,29,凱基-虎尾,2024-03-29,9236
4532,瑞智,28,0,28,凱基-虎尾,2024-03-29,9236
00939,統一台灣高息動能,25,1,24,凱基-虎尾,2024-03-29,9236
3264,欣銓,22,0,22,凱基-虎尾,2024-03-29,9236
6414,樺漢,36,14,22,凱基-虎尾,2024-03-29,9236
00929,復華台灣科技優息,33,12,21,凱基-虎尾,2024-03-29,9236
2537,聯上發,20,0,20,凱基-虎尾,2024-03-29,9236
1301,台塑,19,0,19,凱基-虎尾,2024-03-29,9236
8054,安國,58,39,19,凱基-虎尾,2024-03-29,9236
2882,國泰金,22,6,16,凱基-虎尾,2024-03-29,9236
2324,仁寶,19,4,15,凱基-虎尾,2024-03-29,9236
3706,神達,20,6,14,凱基-虎尾,2024-03-29,9236
1101,台泥,20,6,14,凱基-虎尾,2024-03-29,9236
5225,東科-KY,15,1,14,凱基-虎尾,2024-03-29,9236
8358,金居,14,1,13,凱基-虎尾,2024-03-29,9236
2323,中環,13,1,12,凱基-虎尾,2024-03-29,9236
3221,台嘉碩,12,0,12,凱基-虎尾,2024-03-29,9236
3583,辛耘,26,15,11,凱基-虎尾,2024-03-29,9236
2312,金寶,11,0,11,凱基-虎尾,2024-03-29,9236
8096,擎亞,16,5,11,凱基-虎尾,2024-03-29,9236
8112,至上,11,0,11,凱基-虎尾,2024-03-29,9236
2834,臺企銀,10,0,10,凱基-虎尾,2024-03-29,9236
2211,長榮鋼,10,0,10,凱基-虎尾,2024-03-29,9236
3024,憶聲,10,0,10,凱基-虎尾,2024-03-29,9236
4510,高鋒,10,0,10,凱基-虎尾,2024-03-29,9236
4562,穎漢,10,0,10,凱基-虎尾,2024-03-29,9236
5383,金利,10,0,10,凱基-虎尾,2024-03-29,9236
5452,佶優,10,0,10,凱基-虎尾,2024-03-29,9236
6219,富旺,10,0,10,凱基-虎尾,2024-03-29,9236
6863,永道-KY,10,0,10,凱基-虎尾,2024-03-29,9236
2337,旺宏,10,0,10,凱基-虎尾,2024-03-29,9236
3666,光耀,9,0,9,凱基-虎尾,2024-03-29,9236
4526,東台,35,26,9,凱基-虎尾,2024-03-29,9236
2417,圓剛,8,0,8,凱基-虎尾,2024-03-29,9236
5388,中磊,9,1,8,凱基-虎尾,2024-03-29,9236
2354,鴻準,22,14,8,凱基-虎尾,2024-03-29,9236
3015,全漢,10,2,8,凱基-虎尾,2024-03-29,9236
4909,新復興,9,1,8,凱基-虎尾,2024-03-29,9236
6197,佳必琪,8,0,8,凱基-虎尾,2024-03-29,9236
1560,中砂,7,0,7,凱基-虎尾,2024-03-29,9236
3312,弘憶股,11,4,7,凱基-虎尾,2024-03-29,9236
00940,元大台灣價值高息,80841,80124,717,凱基-虎尾,2024-04-01,9236
2888,新光金,500,0,500,凱基-虎尾,2024-04-01,9236
2461,光群雷,51,1,50,凱基-虎尾,2024-04-01,9236
6550,北極星藥業-KY,55,10,45,凱基-虎尾,2024-04-01,9236
1460,宏遠,40,0,40,凱基-虎尾,2024-04-01,9236
5371,中光電,45,11,34,凱基-虎尾,2024-04-01,9236
6120,達運,33,0,33,凱基-虎尾,2024-04-01,9236
8222,寶一,32,0,32,凱基-虎尾,2024-04-01,9236
1504,東元,34,5,29,凱基-虎尾,2024-04-01,9236
1809,中釉,27,0,27,凱基-虎尾,2024-04-01,9236
1524,耿鼎,26,0,26,凱基-虎尾,2024-04-01,9236
2492,華新科,33,7,26,凱基-虎尾,2024-04-01,9236
3707,漢磊,27,2,25,凱基-虎尾,2024-04-01,9236
2363,矽統,24,0,24,凱基-虎尾,2024-04-01,9236
8064,東捷,24,1,23,凱基-虎尾,2024-04-01,9236
6414,樺漢,29,7,22,凱基-虎尾,2024-04-01,9236
00673R,期元大S＆P原油反1,22,0,22,凱基-虎尾,2024-04-01,9236
3479,安勤,22,0,22,凱基-虎尾,2024-04-01,9236
5443,均豪,29,7,22,凱基-虎尾,2024-04-01,9236
2891,中信金,22,0,22,凱基-虎尾,2024-04-01,9236
2609,陽明,21,0,21,凱基-虎尾,2024-04-01,9236
2211,長榮鋼,21,0,21,凱基-虎尾,2024-04-01,9236
8054,安國,30,9,21,凱基-虎尾,2024-04-01,9236
2834,臺企銀,21,0,21,凱基-虎尾,2024-04-01,9236
3231,緯創,129,108,21,凱基-虎尾,2024-04-01,9236
2002,中鋼,23,3,20,凱基-虎尾,2024-04-01,9236
2025,千興,20,0,20,凱基-虎尾,2024-04-01,9236
2887,台新金,20,0,20,凱基-虎尾,2024-04-01,9236
00919,群益台灣精選高息,20,1,19,凱基-虎尾,2024-04-01,9236
2369,菱生,20,2,18,凱基-虎尾,2024-04-01,9236
2634,漢翔,18,0,18,凱基-虎尾,2024-04-01,9236
6173,信昌電,17,1,16,凱基-虎尾,2024-04-01,9236
2382,廣達,36,20,16,凱基-虎尾,2024-04-01,9236
00934,中信成長高股息,15,0,15,凱基-虎尾,2024-04-01,9236
2603,長榮,19,4,15,凱基-虎尾,2024-04-01,9236
8046,南電,14,0,14,凱基-虎尾,2024-04-01,9236
2457,飛宏,15,1,14,凱基-虎尾,2024-04-01,9236
4714,永捷,18,4,14,凱基-虎尾,2024-04-01,9236
1316,上曜,18,5,13,凱基-虎尾,2024-04-01,9236
5258,虹堡,14,1,13,凱基-虎尾,2024-04-01,9236
2327,國巨,12,0,12,凱基-虎尾,2024-04-01,9236
3081,聯亞,13,1,12,凱基-虎尾,2024-04-01,9236
3622,洋華,12,0,12,凱基-虎尾,2024-04-01,9236
3715,定穎投控,13,1,12,凱基-虎尾,2024-04-01,9236
1808,潤隆,12,1,11,凱基-虎尾,2024-04-01,9236
2371,大同,16,5,11,凱基-虎尾,2024-04-01,9236
2375,凱美,11,0,11,凱基-虎尾,2024-04-01,9236
2630,亞航,11,0,11,凱基-虎尾,2024-04-01,9236
00706L,期元大S＆P日圓正2,10,0,10,凱基-虎尾,2024-04-01,9236
2027,大成鋼,10,0,10,凱基-虎尾,2024-04-01,9236
2317,鴻海,9950,8256,1694,凱基-虎尾,2024-04-02,9236
00940,元大台灣價值高息,244,25,219,凱基-虎尾,2024-04-02,9236
00632R,元大台灣50反1,182,0,182,凱基-虎尾,2024-04-02,9236
1460,宏遠,120,0,120,凱基-虎尾,2024-04-02,9236
4714,永捷,113,19,94,凱基-虎尾,2024-04-02,9236
00929,復華台灣科技優息,92,2,90,凱基-虎尾,2024-04-02,9236
8926,台汽電,63,0,63,凱基-虎尾,2024-04-02,9236
00665L,富邦�琤肭磪囓�2,50,3,47,凱基-虎尾,2024-04-02,9236
2883,凱基金,57,14,43,凱基-虎尾,2024-04-02,9236
00753L,中信中國50正2,60,18,42,凱基-虎尾,2024-04-02,9236
2915,潤泰全,40,0,40,凱基-虎尾,2024-04-02,9236
3264,欣銓,40,0,40,凱基-虎尾,2024-04-02,9236
00720B,元大投資級公司債,39,0,39,凱基-虎尾,2024-04-02,9236
00933B,國泰10Y+金融債,41,2,39,凱基-虎尾,2024-04-02,9236
00937B,群益ESG投等債20,56,20,36,凱基-虎尾,2024-04-02,9236
00680L,元大美債20正2,36,0,36,凱基-虎尾,2024-04-02,9236
911868,同方友友-DR,30,0,30,凱基-虎尾,2024-04-02,9236
2301,光寶科,30,1,29,凱基-虎尾,2024-04-02,9236
3025,星通,29,0,29,凱基-虎尾,2024-04-02,9236
8033,雷虎,32,4,28,凱基-虎尾,2024-04-02,9236
4979,華星光,25,0,25,凱基-虎尾,2024-04-02,9236
2367,燿華,25,3,22,凱基-虎尾,2024-04-02,9236
00715L,期街口布蘭特正2,22,0,22,凱基-虎尾,2024-04-02,9236
2354,鴻準,28,7,21,凱基-虎尾,2024-04-02,9236
2408,南亞科,31,11,20,凱基-虎尾,2024-04-02,9236
6863,永道-KY,20,0,20,凱基-虎尾,2024-04-02,9236
8096,擎亞,22,2,20,凱基-虎尾,2024-04-02,9236
4960,誠美材,20,2,18,凱基-虎尾,2024-04-02,9236
2337,旺宏,42,24,18,凱基-虎尾,2024-04-02,9236
00679B,元大美債20年,25,8,17,凱基-虎尾,2024-04-02,9236
00941,中信上游半導體,16,0,16,凱基-虎尾,2024-04-02,9236
5383,金利,16,0,16,凱基-虎尾,2024-04-02,9236
00931B,統一美債20年,15,0,15,凱基-虎尾,2024-04-02,9236
00751B,元大AAA至A公司債,20,5,15,凱基-虎尾,2024-04-02,9236
1717,長興,25,11,14,凱基-虎尾,2024-04-02,9236
4513,福裕,14,0,14,凱基-虎尾,2024-04-02,9236
2308,台達電,15,2,13,凱基-虎尾,2024-04-02,9236
6026,福邦證,13,0,13,凱基-虎尾,2024-04-02,9236
6414,樺漢,14,2,12,凱基-虎尾,2024-04-02,9236
3234,光環,11,1,10,凱基-虎尾,2024-04-02,9236
1612,宏泰,10,0,10,凱基-虎尾,2024-04-02,9236
2323,中環,10,0,10,凱基-虎尾,2024-04-02,9236
2897,王道銀行,10,0,10,凱基-虎尾,2024-04-02,9236
3037,欣興,11,1,10,凱基-虎尾,2024-04-02,9236
5452,佶優,10,0,10,凱基-虎尾,2024-04-02,9236
6116,彩晶,10,0,10,凱基-虎尾,2024-04-02,9236
910322,康師傅-DR,10,0,10,凱基-虎尾,2024-04-02,9236
00687B,國泰20年美債,21,11,10,凱基-虎尾,2024-04-02,9236
2476,鉅祥,25,16,9,凱基-虎尾,2024-04-02,9236
4958,臻鼎-KY,10,1,9,凱基-虎尾,2024-04-02,9236
3231,緯創,2159,1231,928,凱基-虎尾,2024-04-03,9236
00937B,群益ESG投等債20,361,0,361,凱基-虎尾,2024-04-03,9236
00940,元大台灣價值高息,1106,1000,106,凱基-虎尾,2024-04-03,9236
2027,大成鋼,101,3,98,凱基-虎尾,2024-04-03,9236
2883,凱基金,62,0,62,凱基-虎尾,2024-04-03,9236
2882,國泰金,60,0,60,凱基-虎尾,2024-04-03,9236
1460,宏遠,50,0,50,凱基-虎尾,2024-04-03,9236
3481,群創,39,0,39,凱基-虎尾,2024-04-03,9236
00687B,國泰20年美債,35,0,35,凱基-虎尾,2024-04-03,9236
2323,中環,33,0,33,凱基-虎尾,2024-04-03,9236
00941,中信上游半導體,31,0,31,凱基-虎尾,2024-04-03,9236
1786,科妍,30,0,30,凱基-虎尾,2024-04-03,9236
6285,啟��,30,0,30,凱基-虎尾,2024-04-03,9236
911868,同方友友-DR,30,0,30,凱基-虎尾,2024-04-03,9236
00927,群益半導體收益,31,5,26,凱基-虎尾,2024-04-03,9236
1101,台泥,105,82,23,凱基-虎尾,2024-04-03,9236
2492,華新科,24,1,23,凱基-虎尾,2024-04-03,9236
2486,一詮,25,3,22,凱基-虎尾,2024-04-03,9236
2892,第一金,22,0,22,凱基-虎尾,2024-04-03,9236
1201,味全,20,1,19,凱基-虎尾,2024-04-03,9236
2634,漢翔,19,0,19,凱基-虎尾,2024-04-03,9236
2371,大同,16,0,16,凱基-虎尾,2024-04-03,9236
00679B,元大美債20年,15,0,15,凱基-虎尾,2024-04-03,9236
2367,燿華,15,1,14,凱基-虎尾,2024-04-03,9236
8054,安國,35,21,14,凱基-虎尾,2024-04-03,9236
6414,樺漢,15,2,13,凱基-虎尾,2024-04-03,9236
2301,光寶科,21,8,13,凱基-虎尾,2024-04-03,9236
1467,南緯,12,0,12,凱基-虎尾,2024-04-03,9236
5347,世界,12,0,12,凱基-虎尾,2024-04-03,9236
00715L,期街口布蘭特正2,10,0,10,凱基-虎尾,2024-04-03,9236
2038,海光,10,0,10,凱基-虎尾,2024-04-03,9236
2887,台新金,10,0,10,凱基-虎尾,2024-04-03,9236
6190,萬泰科,10,0,10,凱基-虎尾,2024-04-03,9236
910322,康師傅-DR,10,0,10,凱基-虎尾,2024-04-03,9236
2308,台達電,10,0,10,凱基-虎尾,2024-04-03,9236
00720B,元大投資級公司債,9,0,9,凱基-虎尾,2024-04-03,9236
00751B,元大AAA至A公司債,9,0,9,凱基-虎尾,2024-04-03,9236
5457,宣德,9,0,9,凱基-虎尾,2024-04-03,9236
6117,迎廣,11,2,9,凱基-虎尾,2024-04-03,9236
6505,台塑化,13,4,9,凱基-虎尾,2024-04-03,9236
2303,聯電,8,0,8,凱基-虎尾,2024-04-03,9236
3013,晟銘電,25,17,8,凱基-虎尾,2024-04-03,9236
3059,華晶科,8,0,8,凱基-虎尾,2024-04-03,9236
6120,達運,212,204,8,凱基-虎尾,2024-04-03,9236
6770,力積電,8,0,8,凱基-虎尾,2024-04-03,9236
2801,彰銀,8,0,8,凱基-虎尾,2024-04-03,9236
5443,均豪,22,15,7,凱基-虎尾,2024-04-03,9236
2030,彰源,7,0,7,凱基-虎尾,2024-04-03,9236
5371,中光電,10,3,7,凱基-虎尾,2024-04-03,9236
8930,青鋼,7,0,7,凱基-虎尾,2024-04-03,9236
00937B,群益ESG投等債20,179,0,179,凱基-虎尾,2024-04-08,9236
1460,宏遠,110,0,110,凱基-虎尾,2024-04-08,9236
00929,復華台灣科技優息,126,22,104,凱基-虎尾,2024-04-08,9236
00715L,期街口布蘭特正2,62,0,62,凱基-虎尾,2024-04-08,9236
6016,康和證,62,0,62,凱基-虎尾,2024-04-08,9236
2009,第一銅,64,3,61,凱基-虎尾,2024-04-08,9236
2515,中工,68,13,55,凱基-虎尾,2024-04-08,9236
2365,昆盈,59,15,44,凱基-虎尾,2024-04-08,9236
0056,元大高股息,50,6,44,凱基-虎尾,2024-04-08,9236
3163,波若威,42,2,40,凱基-虎尾,2024-04-08,9236
4714,永捷,40,0,40,凱基-虎尾,2024-04-08,9236
1609,大亞,45,7,38,凱基-虎尾,2024-04-08,9236
2489,瑞軒,41,3,38,凱基-虎尾,2024-04-08,9236
1608,華榮,41,4,37,凱基-虎尾,2024-04-08,9236
3050,鈺德,32,1,31,凱基-虎尾,2024-04-08,9236
5880,合庫金,31,0,31,凱基-虎尾,2024-04-08,9236
4938,和碩,76,45,31,凱基-虎尾,2024-04-08,9236
00673R,期元大S＆P原油反1,30,0,30,凱基-虎尾,2024-04-08,9236
4306,炎洲,32,3,29,凱基-虎尾,2024-04-08,9236
2506,太設,29,0,29,凱基-虎尾,2024-04-08,9236
1316,上曜,32,5,27,凱基-虎尾,2024-04-08,9236
5864,致和證,27,0,27,凱基-虎尾,2024-04-08,9236
6235,華孚,27,1,26,凱基-虎尾,2024-04-08,9236
00679B,元大美債20年,76,50,26,凱基-虎尾,2024-04-08,9236
00720B,元大投資級公司債,25,0,25,凱基-虎尾,2024-04-08,9236
3092,鴻碩,23,0,23,凱基-虎尾,2024-04-08,9236
4532,瑞智,24,1,23,凱基-虎尾,2024-04-08,9236
5324,士開,23,0,23,凱基-虎尾,2024-04-08,9236
6005,群益證,27,5,22,凱基-虎尾,2024-04-08,9236
6015,宏遠證,32,10,22,凱基-虎尾,2024-04-08,9236
6026,福邦證,28,6,22,凱基-虎尾,2024-04-08,9236
9955,佳龍,24,2,22,凱基-虎尾,2024-04-08,9236
1108,幸福,21,0,21,凱基-虎尾,2024-04-08,9236
2313,華通,36,17,19,凱基-虎尾,2024-04-08,9236
2376,技嘉,23,4,19,凱基-虎尾,2024-04-08,9236
00680L,元大美債20正2,48,30,18,凱基-虎尾,2024-04-08,9236
1603,華電,20,2,18,凱基-虎尾,2024-04-08,9236
2464,盟立,27,9,18,凱基-虎尾,2024-04-08,9236
2547,日勝生,18,0,18,凱基-虎尾,2024-04-08,9236
6125,廣運,22,5,17,凱基-虎尾,2024-04-08,9236
1605,華新,25,8,17,凱基-虎尾,2024-04-08,9236
1612,宏泰,24,7,17,凱基-虎尾,2024-04-08,9236
2501,國建,20,3,17,凱基-虎尾,2024-04-08,9236
2337,旺宏,17,0,17,凱基-虎尾,2024-04-08,9236
00939,統一台灣高息動能,17,1,16,凱基-虎尾,2024-04-08,9236
2453,凌群,17,1,16,凱基-虎尾,2024-04-08,9236
2329,華泰,15,0,15,凱基-虎尾,2024-04-08,9236
2405,輔信,16,1,15,凱基-虎尾,2024-04-08,9236
3338,泰碩,15,0,15,凱基-虎尾,2024-04-08,9236
00919,群益台灣精選高息,15,1,14,凱基-虎尾,2024-04-08,9236
4714,永捷,140,30,110,凱基-虎尾,2024-04-09,9236
2883,凱基金,113,4,109,凱基-虎尾,2024-04-09,9236
00922,國泰台灣領袖50,100,0,100,凱基-虎尾,2024-04-09,9236
8926,台汽電,61,1,60,凱基-虎尾,2024-04-09,9236
2409,友達,111,58,53,凱基-虎尾,2024-04-09,9236
2002,中鋼,190,142,48,凱基-虎尾,2024-04-09,9236
1815,富喬,44,1,43,凱基-虎尾,2024-04-09,9236
6187,萬潤,66,25,41,凱基-虎尾,2024-04-09,9236
2618,長榮航,39,5,34,凱基-虎尾,2024-04-09,9236
00632R,元大台灣50反1,33,0,33,凱基-虎尾,2024-04-09,9236
2023,燁輝,33,0,33,凱基-虎尾,2024-04-09,9236
00937B,群益ESG投等債20,31,0,31,凱基-虎尾,2024-04-09,9236
00676R,富邦臺灣加權反1,30,0,30,凱基-虎尾,2024-04-09,9236
2634,漢翔,61,33,28,凱基-虎尾,2024-04-09,9236
00679B,元大美債20年,28,0,28,凱基-虎尾,2024-04-09,9236
2014,中鴻,37,10,27,凱基-虎尾,2024-04-09,9236
3024,憶聲,27,0,27,凱基-虎尾,2024-04-09,9236
2371,大同,32,6,26,凱基-虎尾,2024-04-09,9236
1460,宏遠,25,0,25,凱基-虎尾,2024-04-09,9236
2010,春源,23,1,22,凱基-虎尾,2024-04-09,9236
2031,新光鋼,24,4,20,凱基-虎尾,2024-04-09,9236
1529,樂事綠能,19,0,19,凱基-虎尾,2024-04-09,9236
2363,矽統,61,42,19,凱基-虎尾,2024-04-09,9236
2511,太子,19,0,19,凱基-虎尾,2024-04-09,9236
1584,精剛,24,7,17,凱基-虎尾,2024-04-09,9236
8088,品安,180,163,17,凱基-虎尾,2024-04-09,9236
2356,英業達,28,12,16,凱基-虎尾,2024-04-09,9236
6603,富強鑫,20,4,16,凱基-虎尾,2024-04-09,9236
2702,華園,15,0,15,凱基-虎尾,2024-04-09,9236
3260,威剛,37,22,15,凱基-虎尾,2024-04-09,9236
6166,凌華,15,0,15,凱基-虎尾,2024-04-09,9236
2354,鴻準,21,7,14,凱基-虎尾,2024-04-09,9236
6118,建達,14,0,14,凱基-虎尾,2024-04-09,9236
2317,鴻海,15,2,13,凱基-虎尾,2024-04-09,9236
2338,光罩,13,0,13,凱基-虎尾,2024-04-09,9236
2367,燿華,18,5,13,凱基-虎尾,2024-04-09,9236
1909,榮成,12,0,12,凱基-虎尾,2024-04-09,9236
2497,怡利電,12,0,12,凱基-虎尾,2024-04-09,9236
3481,群創,68,56,12,凱基-虎尾,2024-04-09,9236
1515,力山,11,0,11,凱基-虎尾,2024-04-09,9236
2101,南港,11,0,11,凱基-虎尾,2024-04-09,9236
3715,定穎投控,12,1,11,凱基-虎尾,2024-04-09,9236
00673R,期元大S＆P原油反1,10,0,10,凱基-虎尾,2024-04-09,9236
1513,中興電,1014,1004,10,凱基-虎尾,2024-04-09,9236
2468,華經,10,0,10,凱基-虎尾,2024-04-09,9236
2520,冠德,10,0,10,凱基-虎尾,2024-04-09,9236
3092,鴻碩,15,5,10,凱基-虎尾,2024-04-09,9236
3356,奇偶,11,1,10,凱基-虎尾,2024-04-09,9236
3450,聯鈞,11,1,10,凱基-虎尾,2024-04-09,9236
6234,高僑,10,0,10,凱基-虎尾,2024-04-09,9236
00935,野村臺灣新科技50,100,5,95,凱基-虎尾,2024-04-10,9236
2609,陽明,70,0,70,凱基-虎尾,2024-04-10,9236
2303,聯電,170,104,66,凱基-虎尾,2024-04-10,9236
1460,宏遠,60,0,60,凱基-虎尾,2024-04-10,9236
3576,聯合再生,72,13,59,凱基-虎尾,2024-04-10,9236
2406,國碩,59,0,59,凱基-虎尾,2024-04-10,9236
6667,信紘科,55,1,54,凱基-虎尾,2024-04-10,9236
00878,國泰永續高股息,62,11,51,凱基-虎尾,2024-04-10,9236
3060,銘異,52,1,51,凱基-虎尾,2024-04-10,9236
2834,臺企銀,51,0,51,凱基-虎尾,2024-04-10,9236
00937B,群益ESG投等債20,50,0,50,凱基-虎尾,2024-04-10,9236
4167,松瑞藥,44,0,44,凱基-虎尾,2024-04-10,9236
00933B,國泰10Y+金融債,43,0,43,凱基-虎尾,2024-04-10,9236
6120,達運,45,2,43,凱基-虎尾,2024-04-10,9236
6026,福邦證,42,0,42,凱基-虎尾,2024-04-10,9236
6278,台表科,42,0,42,凱基-虎尾,2024-04-10,9236
8926,台汽電,42,3,39,凱基-虎尾,2024-04-10,9236
3013,晟銘電,41,5,36,凱基-虎尾,2024-04-10,9236
2329,華泰,38,9,29,凱基-虎尾,2024-04-10,9236
2464,盟立,75,47,28,凱基-虎尾,2024-04-10,9236
3481,群創,59,32,27,凱基-虎尾,2024-04-10,9236
4973,廣穎,23,1,22,凱基-虎尾,2024-04-10,9236
3059,華晶科,175,155,20,凱基-虎尾,2024-04-10,9236
2883,凱基金,20,0,20,凱基-虎尾,2024-04-10,9236
4960,誠美材,20,2,18,凱基-虎尾,2024-04-10,9236
2382,廣達,17,0,17,凱基-虎尾,2024-04-10,9236
3645,達邁,17,0,17,凱基-虎尾,2024-04-10,9236
8028,昇陽半導體,17,0,17,凱基-虎尾,2024-04-10,9236
3673,TPK-KY,16,0,16,凱基-虎尾,2024-04-10,9236
6214,精誠,15,0,15,凱基-虎尾,2024-04-10,9236
3312,弘憶股,14,0,14,凱基-虎尾,2024-04-10,9236
3450,聯鈞,26,12,14,凱基-虎尾,2024-04-10,9236
8111,立��,22,8,14,凱基-虎尾,2024-04-10,9236
3588,通嘉,13,0,13,凱基-虎尾,2024-04-10,9236
8069,元太,14,1,13,凱基-虎尾,2024-04-10,9236
3029,零壹,13,1,12,凱基-虎尾,2024-04-10,9236
6147,頎邦,12,0,12,凱基-虎尾,2024-04-10,9236
6806,森崴能源,17,6,11,凱基-虎尾,2024-04-10,9236
00918,大華優利高填息30,11,0,11,凱基-虎尾,2024-04-10,9236
2323,中環,22,11,11,凱基-虎尾,2024-04-10,9236
2340,台亞,12,1,11,凱基-虎尾,2024-04-10,9236
6005,群益證,11,0,11,凱基-虎尾,2024-04-10,9236
2393,億光,11,0,11,凱基-虎尾,2024-04-10,9236
6290,良維,12,2,10,凱基-虎尾,2024-04-10,9236
1603,華電,14,4,10,凱基-虎尾,2024-04-10,9236
3686,達能,10,0,10,凱基-虎尾,2024-04-10,9236
8040,九暘,13,3,10,凱基-虎尾,2024-04-10,9236
3005,神基,9,0,9,凱基-虎尾,2024-04-10,9236
4979,華星光,9,0,9,凱基-虎尾,2024-04-10,9236
00939,統一台灣高息動能,10,1,9,凱基-虎尾,2024-04-10,9236
1513,中興電,531,67,464,凱基-虎尾,2024-04-11,9236
2888,新光金,163,3,160,凱基-虎尾,2024-04-11,9236
3481,群創,171,40,131,凱基-虎尾,2024-04-11,9236
00941,中信上游半導體,104,0,104,凱基-虎尾,2024-04-11,9236
00937B,群益ESG投等債20,100,1,99,凱基-虎尾,2024-04-11,9236
2618,長榮航,120,32,88,凱基-虎尾,2024-04-11,9236
00687B,國泰20年美債,60,0,60,凱基-虎尾,2024-04-11,9236
2915,潤泰全,47,0,47,凱基-虎尾,2024-04-11,9236
00679B,元大美債20年,45,0,45,凱基-虎尾,2024-04-11,9236
3260,威剛,93,53,40,凱基-虎尾,2024-04-11,9236
4533,協易機,61,25,36,凱基-虎尾,2024-04-11,9236
2881,富邦金,32,0,32,凱基-虎尾,2024-04-11,9236
3645,達邁,50,23,27,凱基-虎尾,2024-04-11,9236
0056,元大高股息,26,0,26,凱基-虎尾,2024-04-11,9236
8088,品安,145,120,25,凱基-虎尾,2024-04-11,9236
00720B,元大投資級公司債,24,0,24,凱基-虎尾,2024-04-11,9236
2317,鴻海,6635,6612,23,凱基-虎尾,2024-04-11,9236
2610,華航,36,13,23,凱基-虎尾,2024-04-11,9236
00712,復華富時不動產,21,0,21,凱基-虎尾,2024-04-11,9236
2420,新巨,20,0,20,凱基-虎尾,2024-04-11,9236
3402,漢科,20,0,20,凱基-虎尾,2024-04-11,9236
00929,復華台灣科技優息,18,0,18,凱基-虎尾,2024-04-11,9236
00751B,元大AAA至A公司債,18,0,18,凱基-虎尾,2024-04-11,9236
3666,光耀,19,1,18,凱基-虎尾,2024-04-11,9236
2409,友達,22,5,17,凱基-虎尾,2024-04-11,9236
8112,至上,19,3,16,凱基-虎尾,2024-04-11,9236
00933B,國泰10Y+金融債,15,0,15,凱基-虎尾,2024-04-11,9236
2356,英業達,17,2,15,凱基-虎尾,2024-04-11,9236
3615,安可,20,6,14,凱基-虎尾,2024-04-11,9236
3706,神達,14,0,14,凱基-虎尾,2024-04-11,9236
4916,事欣科,13,0,13,凱基-虎尾,2024-04-11,9236
6505,台塑化,13,0,13,凱基-虎尾,2024-04-11,9236
8936,國統,16,3,13,凱基-虎尾,2024-04-11,9236
2308,台達電,13,0,13,凱基-虎尾,2024-04-11,9236
1503,士電,24,12,12,凱基-虎尾,2024-04-11,9236
2354,鴻準,23,11,12,凱基-虎尾,2024-04-11,9236
2362,藍天,12,0,12,凱基-虎尾,2024-04-11,9236
3234,光環,13,1,12,凱基-虎尾,2024-04-11,9236
3231,緯創,2918,2907,11,凱基-虎尾,2024-04-11,9236
00795B,中信美國公債20年,10,0,10,凱基-虎尾,2024-04-11,9236
00936,台新永續高息中小,10,0,10,凱基-虎尾,2024-04-11,9236
2468,華經,10,0,10,凱基-虎尾,2024-04-11,9236
2545,皇翔,11,1,10,凱基-虎尾,2024-04-11,9236
2897,王道銀行,10,0,10,凱基-虎尾,2024-04-11,9236
3022,威強電,10,0,10,凱基-虎尾,2024-04-11,9236
3252,海灣,10,0,10,凱基-虎尾,2024-04-11,9236
3705,永信,10,0,10,凱基-虎尾,2024-04-11,9236
4714,永捷,15,5,10,凱基-虎尾,2024-04-11,9236
4960,誠美材,10,0,10,凱基-虎尾,2024-04-11,9236
9927,泰銘,10,0,10,凱基-虎尾,2024-04-11,9236
3059,華晶科,212,37,175,凱基-虎尾,2024-04-12,9236
00937B,群益ESG投等債20,152,0,152,凱基-虎尾,2024-04-12,9236
00929,復華台灣科技優息,105,0,105,凱基-虎尾,2024-04-12,9236
2892,第一金,104,0,104,凱基-虎尾,2024-04-12,9236
2883,凱基金,67,0,67,凱基-虎尾,2024-04-12,9236
1453,大將,85,27,58,凱基-虎尾,2024-04-12,9236
8271,宇瞻,53,0,53,凱基-虎尾,2024-04-12,9236
1815,富喬,50,5,45,凱基-虎尾,2024-04-12,9236
6290,良維,74,36,38,凱基-虎尾,2024-04-12,9236
4960,誠美材,35,0,35,凱基-虎尾,2024-04-12,9236
00933B,國泰10Y+金融債,35,0,35,凱基-虎尾,2024-04-12,9236
2360,致茂,33,0,33,凱基-虎尾,2024-04-12,9236
3372,典範,32,0,32,凱基-虎尾,2024-04-12,9236
8110,華東,32,0,32,凱基-虎尾,2024-04-12,9236
3016,嘉晶,30,0,30,凱基-虎尾,2024-04-12,9236
5512,力麒,31,2,29,凱基-虎尾,2024-04-12,9236
00878,國泰永續高股息,28,0,28,凱基-虎尾,2024-04-12,9236
00687B,國泰20年美債,26,1,25,凱基-虎尾,2024-04-12,9236
1503,士電,29,7,22,凱基-虎尾,2024-04-12,9236
1609,大亞,119,99,20,凱基-虎尾,2024-04-12,9236
2331,精英,20,1,19,凱基-虎尾,2024-04-12,9236
2486,一詮,23,4,19,凱基-虎尾,2024-04-12,9236
6284,佳邦,17,0,17,凱基-虎尾,2024-04-12,9236
2303,聯電,23,7,16,凱基-虎尾,2024-04-12,9236
2409,友達,15,0,15,凱基-虎尾,2024-04-12,9236
2460,建通,17,2,15,凱基-虎尾,2024-04-12,9236
3712,永崴投控,17,2,15,凱基-虎尾,2024-04-12,9236
6282,康舒,21,6,15,凱基-虎尾,2024-04-12,9236
2374,佳能,32,18,14,凱基-虎尾,2024-04-12,9236
8096,擎亞,39,25,14,凱基-虎尾,2024-04-12,9236
1529,樂事綠能,13,0,13,凱基-虎尾,2024-04-12,9236
4532,瑞智,13,0,13,凱基-虎尾,2024-04-12,9236
3622,洋華,18,6,12,凱基-虎尾,2024-04-12,9236
6215,和椿,14,2,12,凱基-虎尾,2024-04-12,9236
2101,南港,15,4,11,凱基-虎尾,2024-04-12,9236
2427,三商電,13,2,11,凱基-虎尾,2024-04-12,9236
3122,笙泉,11,0,11,凱基-虎尾,2024-04-12,9236
5381,合正,12,1,11,凱基-虎尾,2024-04-12,9236
2634,漢翔,12,1,11,凱基-虎尾,2024-04-12,9236
00927,群益半導體收益,10,0,10,凱基-虎尾,2024-04-12,9236
00753L,中信中國50正2,10,0,10,凱基-虎尾,2024-04-12,9236
00632R,元大台灣50反1,10,0,10,凱基-虎尾,2024-04-12,9236
1460,宏遠,10,0,10,凱基-虎尾,2024-04-12,9236
1603,華電,16,6,10,凱基-虎尾,2024-04-12,9236
1717,長興,10,0,10,凱基-虎尾,2024-04-12,9236
2340,台亞,16,6,10,凱基-虎尾,2024-04-12,9236
2344,華邦電,10,0,10,凱基-虎尾,2024-04-12,9236
8064,東捷,12,2,10,凱基-虎尾,2024-04-12,9236
2472,立隆電,9,0,9,凱基-虎尾,2024-04-12,9236
1442,名軒,9,0,9,凱基-虎尾,2024-04-12,9236
00929,復華台灣科技優息,188,1,187,凱基-虎尾,2024-04-15,9236
00632R,元大台灣50反1,84,10,74,凱基-虎尾,2024-04-15,9236
2009,第一銅,84,28,56,凱基-虎尾,2024-04-15,9236
2883,凱基金,56,0,56,凱基-虎尾,2024-04-15,9236
8011,台通,52,1,51,凱基-虎尾,2024-04-15,9236
00937B,群益ESG投等債20,50,2,48,凱基-虎尾,2024-04-15,9236
2609,陽明,51,6,45,凱基-虎尾,2024-04-15,9236
0056,元大高股息,49,5,44,凱基-虎尾,2024-04-15,9236
2634,漢翔,74,32,42,凱基-虎尾,2024-04-15,9236
5009,榮剛,60,23,37,凱基-虎尾,2024-04-15,9236
2208,台船,36,1,35,凱基-虎尾,2024-04-15,9236
3013,晟銘電,44,10,34,凱基-虎尾,2024-04-15,9236
2630,亞航,36,3,33,凱基-虎尾,2024-04-15,9236
3231,緯創,50,19,31,凱基-虎尾,2024-04-15,9236
1304,台聚,34,5,29,凱基-虎尾,2024-04-15,9236
2915,潤泰全,27,0,27,凱基-虎尾,2024-04-15,9236
2002,中鋼,25,0,25,凱基-虎尾,2024-04-15,9236
3481,群創,2303,2279,24,凱基-虎尾,2024-04-15,9236
4716,大立,23,0,23,凱基-虎尾,2024-04-15,9236
3576,聯合再生,24,2,22,凱基-虎尾,2024-04-15,9236
00939,統一台灣高息動能,20,0,20,凱基-虎尾,2024-04-15,9236
5607,遠雄港,30,10,20,凱基-虎尾,2024-04-15,9236
00679B,元大美債20年,23,4,19,凱基-虎尾,2024-04-15,9236
2401,凌陽,19,0,19,凱基-虎尾,2024-04-15,9236
2323,中環,22,4,18,凱基-虎尾,2024-04-15,9236
2881,富邦金,18,0,18,凱基-虎尾,2024-04-15,9236
2356,英業達,27,9,18,凱基-虎尾,2024-04-15,9236
00665L,富邦�琤肭磪囓�2,15,0,15,凱基-虎尾,2024-04-15,9236
1810,和成,18,3,15,凱基-虎尾,2024-04-15,9236
2025,千興,25,10,15,凱基-虎尾,2024-04-15,9236
00927,群益半導體收益,13,0,13,凱基-虎尾,2024-04-15,9236
2645,長榮航太,15,2,13,凱基-虎尾,2024-04-15,9236
1603,華電,36,24,12,凱基-虎尾,2024-04-15,9236
2241,艾姆勒,12,0,12,凱基-虎尾,2024-04-15,9236
3322,建舜電,20,8,12,凱基-虎尾,2024-04-15,9236
3058,立德,12,0,12,凱基-虎尾,2024-04-15,9236
8440,綠電,12,1,11,凱基-虎尾,2024-04-15,9236
9955,佳龍,15,4,11,凱基-虎尾,2024-04-15,9236
2303,聯電,14,4,10,凱基-虎尾,2024-04-15,9236
6239,力成,11,1,10,凱基-虎尾,2024-04-15,9236
00688L,國泰20年美債正2,10,0,10,凱基-虎尾,2024-04-15,9236
1609,大亞,85,75,10,凱基-虎尾,2024-04-15,9236
2014,中鴻,10,0,10,凱基-虎尾,2024-04-15,9236
2702,華園,10,0,10,凱基-虎尾,2024-04-15,9236
3213,茂訊,10,0,10,凱基-虎尾,2024-04-15,9236
3705,永信,10,0,10,凱基-虎尾,2024-04-15,9236
4987,科誠,10,0,10,凱基-虎尾,2024-04-15,9236
6016,康和證,10,0,10,凱基-虎尾,2024-04-15,9236
00933B,國泰10Y+金融債,9,0,9,凱基-虎尾,2024-04-15,9236
1513,中興電,50,41,9,凱基-虎尾,2024-04-15,9236
00940,元大台灣價值高息,2368,2115,253,凱基-虎尾,2024-04-16,9236
00929,復華台灣科技優息,234,3,231,凱基-虎尾,2024-04-16,9236
00937B,群益ESG投等債20,188,0,188,凱基-虎尾,2024-04-16,9236
1810,和成,143,22,121,凱基-虎尾,2024-04-16,9236
00885,富邦越南,102,10,92,凱基-虎尾,2024-04-16,9236
3231,緯創,114,23,91,凱基-虎尾,2024-04-16,9236
2317,鴻海,1082,1010,72,凱基-虎尾,2024-04-16,9236
00919,群益台灣精選高息,93,25,68,凱基-虎尾,2024-04-16,9236
2883,凱基金,97,36,61,凱基-虎尾,2024-04-16,9236
2867,三商壽,90,36,54,凱基-虎尾,2024-04-16,9236
2888,新光金,59,6,53,凱基-虎尾,2024-04-16,9236
2887,台新金,52,0,52,凱基-虎尾,2024-04-16,9236
4108,懷特,50,0,50,凱基-虎尾,2024-04-16,9236
2408,南亞科,95,52,43,凱基-虎尾,2024-04-16,9236
00939,統一台灣高息動能,47,5,42,凱基-虎尾,2024-04-16,9236
2371,大同,76,35,41,凱基-虎尾,2024-04-16,9236
2409,友達,40,0,40,凱基-虎尾,2024-04-16,9236
2420,新巨,40,0,40,凱基-虎尾,2024-04-16,9236
5607,遠雄港,40,1,39,凱基-虎尾,2024-04-16,9236
2323,中環,36,0,36,凱基-虎尾,2024-04-16,9236
0056,元大高股息,44,8,36,凱基-虎尾,2024-04-16,9236
00712,復華富時不動產,31,0,31,凱基-虎尾,2024-04-16,9236
00673R,期元大S＆P原油反1,41,10,31,凱基-虎尾,2024-04-16,9236
2897,王道銀行,31,0,31,凱基-虎尾,2024-04-16,9236
2892,第一金,34,6,28,凱基-虎尾,2024-04-16,9236
2353,宏��,28,0,28,凱基-虎尾,2024-04-16,9236
4306,炎洲,26,0,26,凱基-虎尾,2024-04-16,9236
3481,群創,54,31,23,凱基-虎尾,2024-04-16,9236
4967,十銓,23,0,23,凱基-虎尾,2024-04-16,9236
00878,國泰永續高股息,49,26,23,凱基-虎尾,2024-04-16,9236
00654R,富邦印度反1,20,0,20,凱基-虎尾,2024-04-16,9236
2609,陽明,24,4,20,凱基-虎尾,2024-04-16,9236
00687B,國泰20年美債,31,12,19,凱基-虎尾,2024-04-16,9236
00675L,富邦臺灣加權正2,18,0,18,凱基-虎尾,2024-04-16,9236
00941,中信上游半導體,18,0,18,凱基-虎尾,2024-04-16,9236
00933B,國泰10Y+金融債,19,2,17,凱基-虎尾,2024-04-16,9236
5880,合庫金,17,0,17,凱基-虎尾,2024-04-16,9236
6120,達運,23,6,17,凱基-虎尾,2024-04-16,9236
2329,華泰,17,1,16,凱基-虎尾,2024-04-16,9236
2382,廣達,21,6,15,凱基-虎尾,2024-04-16,9236
00720B,元大投資級公司債,25,10,15,凱基-虎尾,2024-04-16,9236
4960,誠美材,15,0,15,凱基-虎尾,2024-04-16,9236
1513,中興電,68,53,15,凱基-虎尾,2024-04-16,9236
1802,台玻,14,0,14,凱基-虎尾,2024-04-16,9236
3260,威剛,38,24,14,凱基-虎尾,2024-04-16,9236
6196,帆宣,15,1,14,凱基-虎尾,2024-04-16,9236
00927,群益半導體收益,13,0,13,凱基-虎尾,2024-04-16,9236
1710,東聯,13,0,13,凱基-虎尾,2024-04-16,9236
2812,台中銀,13,0,13,凱基-虎尾,2024-04-16,9236
3363,上詮,14,1,13,凱基-虎尾,2024-04-16,9236
3231,緯創,3710,2624,1086,凱基-虎尾,2024-04-17,9236
00937B,群益ESG投等債20,230,0,230,凱基-虎尾,2024-04-17,9236
2867,三商壽,122,0,122,凱基-虎尾,2024-04-17,9236
8926,台汽電,89,0,89,凱基-虎尾,2024-04-17,9236
00929,復華台灣科技優息,83,0,83,凱基-虎尾,2024-04-17,9236
2367,燿華,333,259,74,凱基-虎尾,2024-04-17,9236
8011,台通,68,3,65,凱基-虎尾,2024-04-17,9236
2520,冠德,61,0,61,凱基-虎尾,2024-04-17,9236
2486,一詮,58,2,56,凱基-虎尾,2024-04-17,9236
2406,國碩,50,0,50,凱基-虎尾,2024-04-17,9236
5512,力麒,46,2,44,凱基-虎尾,2024-04-17,9236
00680L,元大美債20正2,52,9,43,凱基-虎尾,2024-04-17,9236
00712,復華富時不動產,41,0,41,凱基-虎尾,2024-04-17,9236
3576,聯合再生,41,1,40,凱基-虎尾,2024-04-17,9236
0056,元大高股息,40,2,38,凱基-虎尾,2024-04-17,9236
3339,泰谷,34,1,33,凱基-虎尾,2024-04-17,9236
6282,康舒,34,1,33,凱基-虎尾,2024-04-17,9236
00940,元大台灣價值高息,40,8,32,凱基-虎尾,2024-04-17,9236
2542,興富發,31,0,31,凱基-虎尾,2024-04-17,9236
2882,國泰金,30,0,30,凱基-虎尾,2024-04-17,9236
6770,力積電,32,2,30,凱基-虎尾,2024-04-17,9236
1605,華新,287,259,28,凱基-虎尾,2024-04-17,9236
00878,國泰永續高股息,31,4,27,凱基-虎尾,2024-04-17,9236
00687B,國泰20年美債,30,4,26,凱基-虎尾,2024-04-17,9236
1503,士電,32,6,26,凱基-虎尾,2024-04-17,9236
00673R,期元大S＆P原油反1,25,0,25,凱基-虎尾,2024-04-17,9236
3036,文曄,27,4,23,凱基-虎尾,2024-04-17,9236
4526,東台,55,32,23,凱基-虎尾,2024-04-17,9236
2634,漢翔,26,4,22,凱基-虎尾,2024-04-17,9236
3027,盛達,47,25,22,凱基-虎尾,2024-04-17,9236
00941,中信上游半導體,21,0,21,凱基-虎尾,2024-04-17,9236
1603,華電,28,7,21,凱基-虎尾,2024-04-17,9236
2501,國建,21,0,21,凱基-虎尾,2024-04-17,9236
00918,大華優利高填息30,21,1,20,凱基-虎尾,2024-04-17,9236
2883,凱基金,20,0,20,凱基-虎尾,2024-04-17,9236
00905,FT臺灣Smart,20,0,20,凱基-虎尾,2024-04-17,9236
2337,旺宏,20,0,20,凱基-虎尾,2024-04-17,9236
2547,日勝生,20,0,20,凱基-虎尾,2024-04-17,9236
6182,合晶,21,1,20,凱基-虎尾,2024-04-17,9236
1609,大亞,44,24,20,凱基-虎尾,2024-04-17,9236
3666,光耀,19,0,19,凱基-虎尾,2024-04-17,9236
3015,全漢,18,0,18,凱基-虎尾,2024-04-17,9236
00919,群益台灣精選高息,17,0,17,凱基-虎尾,2024-04-17,9236
1532,勤美,19,2,17,凱基-虎尾,2024-04-17,9236
6120,達運,20,3,17,凱基-虎尾,2024-04-17,9236
3338,泰碩,16,0,16,凱基-虎尾,2024-04-17,9236
3645,達邁,16,0,16,凱基-虎尾,2024-04-17,9236
3706,神達,16,0,16,凱基-虎尾,2024-04-17,9236
3013,晟銘電,17,2,15,凱基-虎尾,2024-04-17,9236
2610,華航,15,0,15,凱基-虎尾,2024-04-17,9236
2330,台積電,306,151,155,凱基-虎尾,2024-04-18,9236
00940,元大台灣價值高息,128,7,121,凱基-虎尾,2024-04-18,9236
00937B,群益ESG投等債20,103,0,103,凱基-虎尾,2024-04-18,9236
1608,華榮,120,32,88,凱基-虎尾,2024-04-18,9236
1612,宏泰,106,23,83,凱基-虎尾,2024-04-18,9236
00885,富邦越南,54,0,54,凱基-虎尾,2024-04-18,9236
3707,漢磊,48,6,42,凱基-虎尾,2024-04-18,9236
1314,中石化,50,10,40,凱基-虎尾,2024-04-18,9236
2867,三商壽,110,70,40,凱基-虎尾,2024-04-18,9236
2241,艾姆勒,52,13,39,凱基-虎尾,2024-04-18,9236
2511,太子,35,1,34,凱基-虎尾,2024-04-18,9236
3189,景碩,33,0,33,凱基-虎尾,2024-04-18,9236
6244,茂迪,33,1,32,凱基-虎尾,2024-04-18,9236
6770,力積電,30,2,28,凱基-虎尾,2024-04-18,9236
4306,炎洲,32,5,27,凱基-虎尾,2024-04-18,9236
6443,元晶,29,2,27,凱基-虎尾,2024-04-18,9236
2515,中工,92,68,24,凱基-虎尾,2024-04-18,9236
8112,至上,24,3,21,凱基-虎尾,2024-04-18,9236
00720B,元大投資級公司債,20,0,20,凱基-虎尾,2024-04-18,9236
00687B,國泰20年美債,20,1,19,凱基-虎尾,2024-04-18,9236
2442,新美齊,19,1,18,凱基-虎尾,2024-04-18,9236
3481,群創,33,16,17,凱基-虎尾,2024-04-18,9236
1785,光洋科,15,0,15,凱基-虎尾,2024-04-18,9236
2915,潤泰全,15,0,15,凱基-虎尾,2024-04-18,9236
6120,達運,253,238,15,凱基-虎尾,2024-04-18,9236
2374,佳能,35,21,14,凱基-虎尾,2024-04-18,9236
2002,中鋼,19,5,14,凱基-虎尾,2024-04-18,9236
4513,福裕,14,1,13,凱基-虎尾,2024-04-18,9236
6806,森崴能源,15,3,12,凱基-虎尾,2024-04-18,9236
2408,南亞科,14,3,11,凱基-虎尾,2024-04-18,9236
00929,復華台灣科技優息,16,5,11,凱基-虎尾,2024-04-18,9236
2630,亞航,14,3,11,凱基-虎尾,2024-04-18,9236
8996,高力,11,0,11,凱基-虎尾,2024-04-18,9236
9919,康那香,21,10,11,凱基-虎尾,2024-04-18,9236
1460,宏遠,10,0,10,凱基-虎尾,2024-04-18,9236
1616,億泰,20,10,10,凱基-虎尾,2024-04-18,9236
2405,輔信,10,0,10,凱基-虎尾,2024-04-18,9236
2610,華航,10,0,10,凱基-虎尾,2024-04-18,9236
3049,精金,10,0,10,凱基-虎尾,2024-04-18,9236
6117,迎廣,13,3,10,凱基-虎尾,2024-04-18,9236
9955,佳龍,12,2,10,凱基-虎尾,2024-04-18,9236
2013,中鋼構,9,0,9,凱基-虎尾,2024-04-18,9236
2608,嘉里大榮,8,0,8,凱基-虎尾,2024-04-18,9236
3052,夆典,9,1,8,凱基-虎尾,2024-04-18,9236
3512,皇龍,9,1,8,凱基-虎尾,2024-04-18,9236
2365,昆盈,7,0,7,凱基-虎尾,2024-04-18,9236
2516,新建,7,0,7,凱基-虎尾,2024-04-18,9236
3372,典範,7,0,7,凱基-虎尾,2024-04-18,9236
6202,盛群,7,0,7,凱基-虎尾,2024-04-18,9236
8415,大國鋼,7,0,7,凱基-虎尾,2024-04-18,9236
00940,元大台灣價值高息,241,3,238,凱基-虎尾,2024-04-19,9236
00929,復華台灣科技優息,230,4,226,凱基-虎尾,2024-04-19,9236
2610,華航,155,2,153,凱基-虎尾,2024-04-19,9236
5512,力麒,563,436,127,凱基-虎尾,2024-04-19,9236
2009,第一銅,112,42,70,凱基-虎尾,2024-04-19,9236
2883,凱基金,69,0,69,凱基-虎尾,2024-04-19,9236
2323,中環,55,5,50,凱基-虎尾,2024-04-19,9236
4960,誠美材,50,0,50,凱基-虎尾,2024-04-19,9236
00939,統一台灣高息動能,51,2,49,凱基-虎尾,2024-04-19,9236
2409,友達,46,0,46,凱基-虎尾,2024-04-19,9236
3701,大眾控,42,0,42,凱基-虎尾,2024-04-19,9236
0056,元大高股息,45,4,41,凱基-虎尾,2024-04-19,9236
2317,鴻海,3864,3831,33,凱基-虎尾,2024-04-19,9236
2618,長榮航,48,18,30,凱基-虎尾,2024-04-19,9236
1609,大亞,448,419,29,凱基-虎尾,2024-04-19,9236
2356,英業達,41,13,28,凱基-虎尾,2024-04-19,9236
2515,中工,229,203,26,凱基-虎尾,2024-04-19,9236
1605,華新,103,77,26,凱基-虎尾,2024-04-19,9236
2915,潤泰全,28,3,25,凱基-虎尾,2024-04-19,9236
2834,臺企銀,38,15,23,凱基-虎尾,2024-04-19,9236
2371,大同,161,138,23,凱基-虎尾,2024-04-19,9236
2303,聯電,34,13,21,凱基-虎尾,2024-04-19,9236
2506,太設,23,2,21,凱基-虎尾,2024-04-19,9236
6411,晶焱,20,0,20,凱基-虎尾,2024-04-19,9236
2408,南亞科,39,20,19,凱基-虎尾,2024-04-19,9236
00675L,富邦臺灣加權正2,18,0,18,凱基-虎尾,2024-04-19,9236
2633,台灣高鐵,19,1,18,凱基-虎尾,2024-04-19,9236
2314,台揚,22,5,17,凱基-虎尾,2024-04-19,9236
5465,富驊,17,0,17,凱基-虎尾,2024-04-19,9236
2363,矽統,37,20,17,凱基-虎尾,2024-04-19,9236
2427,三商電,149,134,15,凱基-虎尾,2024-04-19,9236
3481,群創,33,18,15,凱基-虎尾,2024-04-19,9236
6120,達運,20,5,15,凱基-虎尾,2024-04-19,9236
6282,康舒,24,9,15,凱基-虎尾,2024-04-19,9236
8110,華東,14,0,14,凱基-虎尾,2024-04-19,9236
2101,南港,22,9,13,凱基-虎尾,2024-04-19,9236
3231,緯創,34,21,13,凱基-虎尾,2024-04-19,9236
2884,玉山金,15,3,12,凱基-虎尾,2024-04-19,9236
00878,國泰永續高股息,45,33,12,凱基-虎尾,2024-04-19,9236
1785,光洋科,16,4,12,凱基-虎尾,2024-04-19,9236
2630,亞航,19,7,12,凱基-虎尾,2024-04-19,9236
00937B,群益ESG投等債20,21,10,11,凱基-虎尾,2024-04-19,9236
2892,第一金,12,1,11,凱基-虎尾,2024-04-19,9236
3036,文曄,12,1,11,凱基-虎尾,2024-04-19,9236
5210,寶碩,11,0,11,凱基-虎尾,2024-04-19,9236
2457,飛宏,15,4,11,凱基-虎尾,2024-04-19,9236
00753L,中信中國50正2,38,28,10,凱基-虎尾,2024-04-19,9236
00882,中信中國高股息,10,0,10,凱基-虎尾,2024-04-19,9236
1316,上曜,10,0,10,凱基-虎尾,2024-04-19,9236
1460,宏遠,10,0,10,凱基-虎尾,2024-04-19,9236
6120,達運,350,22,328,凱基-虎尾,2024-04-22,9236
2515,中工,407,212,195,凱基-虎尾,2024-04-22,9236
6016,康和證,140,0,140,凱基-虎尾,2024-04-22,9236
1314,中石化,1513,1415,98,凱基-虎尾,2024-04-22,9236
2915,潤泰全,82,0,82,凱基-虎尾,2024-04-22,9236
00929,復華台灣科技優息,160,79,81,凱基-虎尾,2024-04-22,9236
00937B,群益ESG投等債20,71,0,71,凱基-虎尾,2024-04-22,9236
4526,東台,91,35,56,凱基-虎尾,2024-04-22,9236
2605,新興,55,5,50,凱基-虎尾,2024-04-22,9236
00671R,富邦NASDAQ反1,46,0,46,凱基-虎尾,2024-04-22,9236
2303,聯電,46,2,44,凱基-虎尾,2024-04-22,9236
00939,統一台灣高息動能,43,0,43,凱基-虎尾,2024-04-22,9236
3481,群創,57,23,34,凱基-虎尾,2024-04-22,9236
3231,緯創,3902,3868,34,凱基-虎尾,2024-04-22,9236
3056,富華新,27,1,26,凱基-虎尾,2024-04-22,9236
5324,士開,25,0,25,凱基-虎尾,2024-04-22,9236
9933,中鼎,25,0,25,凱基-虎尾,2024-04-22,9236
5521,工信,58,34,24,凱基-虎尾,2024-04-22,9236
2356,英業達,25,3,22,凱基-虎尾,2024-04-22,9236
2344,華邦電,23,1,22,凱基-虎尾,2024-04-22,9236
00679B,元大美債20年,21,0,21,凱基-虎尾,2024-04-22,9236
1605,華新,29,8,21,凱基-虎尾,2024-04-22,9236
1905,華紙,20,0,20,凱基-虎尾,2024-04-22,9236
2457,飛宏,20,0,20,凱基-虎尾,2024-04-22,9236
2524,京城,21,1,20,凱基-虎尾,2024-04-22,9236
4402,郡都開發,20,0,20,凱基-虎尾,2024-04-22,9236
5529,鉅陞,42,22,20,凱基-虎尾,2024-04-22,9236
6213,聯茂,47,27,20,凱基-虎尾,2024-04-22,9236
2109,華豐,19,0,19,凱基-虎尾,2024-04-22,9236
2637,慧洋-KY,19,0,19,凱基-虎尾,2024-04-22,9236
1301,台塑,24,6,18,凱基-虎尾,2024-04-22,9236
2547,日勝生,73,55,18,凱基-虎尾,2024-04-22,9236
00919,群益台灣精選高息,27,9,18,凱基-虎尾,2024-04-22,9236
00885,富邦越南,17,0,17,凱基-虎尾,2024-04-22,9236
2537,聯上發,21,5,16,凱基-虎尾,2024-04-22,9236
2106,建大,15,0,15,凱基-虎尾,2024-04-22,9236
2332,友訊,15,0,15,凱基-虎尾,2024-04-22,9236
2427,三商電,20,5,15,凱基-虎尾,2024-04-22,9236
2367,燿華,14,0,14,凱基-虎尾,2024-04-22,9236
2520,冠德,58,44,14,凱基-虎尾,2024-04-22,9236
4157,太景*-KY,15,1,14,凱基-虎尾,2024-04-22,9236
00687B,國泰20年美債,13,0,13,凱基-虎尾,2024-04-22,9236
1504,東元,15,2,13,凱基-虎尾,2024-04-22,9236
2363,矽統,15,3,12,凱基-虎尾,2024-04-22,9236
1440,南紡,12,0,12,凱基-虎尾,2024-04-22,9236
2352,佳世達,12,0,12,凱基-虎尾,2024-04-22,9236
00877,復華中國5G,10,0,10,凱基-虎尾,2024-04-22,9236
00918,大華優利高填息30,11,1,10,凱基-虎尾,2024-04-22,9236
2105,正新,10,0,10,凱基-虎尾,2024-04-22,9236
2501,國建,92,82,10,凱基-虎尾,2024-04-22,9236
2206,三陽工業,94,20,74,凱基-虎尾,2024-04-23,9236
5531,鄉林,60,0,60,凱基-虎尾,2024-04-23,9236
2337,旺宏,52,0,52,凱基-虎尾,2024-04-23,9236
5009,榮剛,52,0,52,凱基-虎尾,2024-04-23,9236
6213,聯茂,50,0,50,凱基-虎尾,2024-04-23,9236
00940,元大台灣價值高息,42,2,40,凱基-虎尾,2024-04-23,9236
6668,中揚光,37,3,34,凱基-虎尾,2024-04-23,9236
6215,和椿,33,1,32,凱基-虎尾,2024-04-23,9236
2489,瑞軒,28,1,27,凱基-虎尾,2024-04-23,9236
6207,雷科,24,0,24,凱基-虎尾,2024-04-23,9236
2371,大同,84,62,22,凱基-虎尾,2024-04-23,9236
2913,農林,20,0,20,凱基-虎尾,2024-04-23,9236
8086,宏捷科,20,0,20,凱基-虎尾,2024-04-23,9236
8240,華宏,20,0,20,凱基-虎尾,2024-04-23,9236
2317,鴻海,20,1,19,凱基-虎尾,2024-04-23,9236
2915,潤泰全,19,0,19,凱基-虎尾,2024-04-23,9236
2303,聯電,18,0,18,凱基-虎尾,2024-04-23,9236
2511,太子,20,2,18,凱基-虎尾,2024-04-23,9236
00939,統一台灣高息動能,17,0,17,凱基-虎尾,2024-04-23,9236
8155,博智,16,0,16,凱基-虎尾,2024-04-23,9236
00929,復華台灣科技優息,23,8,15,凱基-虎尾,2024-04-23,9236
2409,友達,16,1,15,凱基-虎尾,2024-04-23,9236
2506,太設,18,3,15,凱基-虎尾,2024-04-23,9236
5512,力麒,24,9,15,凱基-虎尾,2024-04-23,9236
00941,中信上游半導體,14,0,14,凱基-虎尾,2024-04-23,9236
3033,威健,14,0,14,凱基-虎尾,2024-04-23,9236
6116,彩晶,14,0,14,凱基-虎尾,2024-04-23,9236
6770,力積電,13,0,13,凱基-虎尾,2024-04-23,9236
2392,正崴,13,0,13,凱基-虎尾,2024-04-23,9236
2812,台中銀,12,0,12,凱基-虎尾,2024-04-23,9236
2634,漢翔,13,1,12,凱基-虎尾,2024-04-23,9236
0056,元大高股息,13,2,11,凱基-虎尾,2024-04-23,9236
2630,亞航,13,2,11,凱基-虎尾,2024-04-23,9236
00665L,富邦�琤肭磪囓�2,14,4,10,凱基-虎尾,2024-04-23,9236
6126,信音,10,0,10,凱基-虎尾,2024-04-23,9236
6443,元晶,12,2,10,凱基-虎尾,2024-04-23,9236
2464,盟立,20,11,9,凱基-虎尾,2024-04-23,9236
9945,潤泰新,11,2,9,凱基-虎尾,2024-04-23,9236
2101,南港,13,4,9,凱基-虎尾,2024-04-23,9236
2382,廣達,9,0,9,凱基-虎尾,2024-04-23,9236
2883,凱基金,10,2,8,凱基-虎尾,2024-04-23,9236
2501,國建,82,74,8,凱基-虎尾,2024-04-23,9236
00878,國泰永續高股息,11,4,7,凱基-虎尾,2024-04-23,9236
00919,群益台灣精選高息,7,0,7,凱基-虎尾,2024-04-23,9236
2368,金像電,7,0,7,凱基-虎尾,2024-04-23,9236
4303,信立,7,0,7,凱基-虎尾,2024-04-23,9236
8936,國統,12,5,7,凱基-虎尾,2024-04-23,9236
6414,樺漢,16,10,6,凱基-虎尾,2024-04-23,9236
1722,台肥,5,0,5,凱基-虎尾,2024-04-23,9236
2427,三商電,6,1,5,凱基-虎尾,2024-04-23,9236
6190,萬泰科,178,12,166,凱基-虎尾,2024-04-24,9236
2610,華航,534,394,140,凱基-虎尾,2024-04-24,9236
2301,光寶科,101,10,91,凱基-虎尾,2024-04-24,9236
00632R,元大台灣50反1,90,9,81,凱基-虎尾,2024-04-24,9236
1618,合機,90,49,41,凱基-虎尾,2024-04-24,9236
3231,緯創,2121,2082,39,凱基-虎尾,2024-04-24,9236
00929,復華台灣科技優息,58,22,36,凱基-虎尾,2024-04-24,9236
00673R,期元大S＆P原油反1,23,0,23,凱基-虎尾,2024-04-24,9236
00687B,國泰20年美債,24,2,22,凱基-虎尾,2024-04-24,9236
00940,元大台灣價值高息,62,41,21,凱基-虎尾,2024-04-24,9236
2363,矽統,27,6,21,凱基-虎尾,2024-04-24,9236
1460,宏遠,20,0,20,凱基-虎尾,2024-04-24,9236
3013,晟銘電,62,42,20,凱基-虎尾,2024-04-24,9236
5531,鄉林,50,30,20,凱基-虎尾,2024-04-24,9236
8064,東捷,42,22,20,凱基-虎尾,2024-04-24,9236
2834,臺企銀,20,0,20,凱基-虎尾,2024-04-24,9236
2323,中環,25,6,19,凱基-虎尾,2024-04-24,9236
8404,百和興業-KY,21,2,19,凱基-虎尾,2024-04-24,9236
1809,中釉,18,0,18,凱基-虎尾,2024-04-24,9236
2603,長榮,20,3,17,凱基-虎尾,2024-04-24,9236
2354,鴻準,22,5,17,凱基-虎尾,2024-04-24,9236
00937B,群益ESG投等債20,15,0,15,凱基-虎尾,2024-04-24,9236
1815,富喬,20,5,15,凱基-虎尾,2024-04-24,9236
2353,宏��,48,33,15,凱基-虎尾,2024-04-24,9236
3706,神達,21,6,15,凱基-虎尾,2024-04-24,9236
6282,康舒,15,0,15,凱基-虎尾,2024-04-24,9236
3491,昇達科,21,7,14,凱基-虎尾,2024-04-24,9236
2886,兆豐金,12,0,12,凱基-虎尾,2024-04-24,9236
6214,精誠,12,0,12,凱基-虎尾,2024-04-24,9236
1101,台泥,17,6,11,凱基-虎尾,2024-04-24,9236
2002,中鋼,11,0,11,凱基-虎尾,2024-04-24,9236
2374,佳能,15,4,11,凱基-虎尾,2024-04-24,9236
6191,精成科,11,0,11,凱基-虎尾,2024-04-24,9236
2417,圓剛,11,1,10,凱基-虎尾,2024-04-24,9236
00637L,元大滬深300正2,10,0,10,凱基-虎尾,2024-04-24,9236
00941,中信上游半導體,10,0,10,凱基-虎尾,2024-04-24,9236
3296,勝德,10,0,10,凱基-虎尾,2024-04-24,9236
6462,神盾,10,0,10,凱基-虎尾,2024-04-24,9236
2457,飛宏,10,1,9,凱基-虎尾,2024-04-24,9236
3032,偉訓,9,0,9,凱基-虎尾,2024-04-24,9236
8358,金居,10,1,9,凱基-虎尾,2024-04-24,9236
1216,統一,8,0,8,凱基-虎尾,2024-04-24,9236
00895,富邦未來車,8,0,8,凱基-虎尾,2024-04-24,9236
1532,勤美,9,1,8,凱基-虎尾,2024-04-24,9236
2344,華邦電,9,1,8,凱基-虎尾,2024-04-24,9236
2392,正崴,8,0,8,凱基-虎尾,2024-04-24,9236
3264,欣銓,8,0,8,凱基-虎尾,2024-04-24,9236
00679B,元大美債20年,7,0,7,凱基-虎尾,2024-04-24,9236
1612,宏泰,7,0,7,凱基-虎尾,2024-04-24,9236
2303,聯電,14,7,7,凱基-虎尾,2024-04-24,9236
00679B,元大美債20年,109,0,109,凱基-虎尾,2024-04-25,9236
5512,力麒,67,9,58,凱基-虎尾,2024-04-25,9236
8926,台汽電,59,3,56,凱基-虎尾,2024-04-25,9236
00632R,元大台灣50反1,50,0,50,凱基-虎尾,2024-04-25,9236
6147,頎邦,50,5,45,凱基-虎尾,2024-04-25,9236
3015,全漢,40,2,38,凱基-虎尾,2024-04-25,9236
8240,華宏,36,0,36,凱基-虎尾,2024-04-25,9236
1440,南紡,47,11,36,凱基-虎尾,2024-04-25,9236
8473,山林水,31,0,31,凱基-虎尾,2024-04-25,9236
2461,光群雷,40,10,30,凱基-虎尾,2024-04-25,9236
2915,潤泰全,30,0,30,凱基-虎尾,2024-04-25,9236
00687B,國泰20年美債,29,0,29,凱基-虎尾,2024-04-25,9236
00940,元大台灣價值高息,24,0,24,凱基-虎尾,2024-04-25,9236
00878,國泰永續高股息,24,0,24,凱基-虎尾,2024-04-25,9236
1219,福壽,20,0,20,凱基-虎尾,2024-04-25,9236
5607,遠雄港,20,0,20,凱基-虎尾,2024-04-25,9236
6177,達麗,18,0,18,凱基-虎尾,2024-04-25,9236
3481,群創,20,2,18,凱基-虎尾,2024-04-25,9236
2501,國建,26,9,17,凱基-虎尾,2024-04-25,9236
6863,永道-KY,17,2,15,凱基-虎尾,2024-04-25,9236
3703,欣陸,13,0,13,凱基-虎尾,2024-04-25,9236
4533,協易機,13,0,13,凱基-虎尾,2024-04-25,9236
00881,國泰台灣5G+,12,0,12,凱基-虎尾,2024-04-25,9236
2006,東和鋼鐵,12,0,12,凱基-虎尾,2024-04-25,9236
0056,元大高股息,12,0,12,凱基-虎尾,2024-04-25,9236
2504,國產,16,5,11,凱基-虎尾,2024-04-25,9236
2359,所羅門,12,1,11,凱基-虎尾,2024-04-25,9236
6139,亞翔,14,4,10,凱基-虎尾,2024-04-25,9236
2520,冠德,25,15,10,凱基-虎尾,2024-04-25,9236
00929,復華台灣科技優息,50,41,9,凱基-虎尾,2024-04-25,9236
1605,華新,9,0,9,凱基-虎尾,2024-04-25,9236
2506,太設,10,1,9,凱基-虎尾,2024-04-25,9236
2515,中工,31,22,9,凱基-虎尾,2024-04-25,9236
00939,統一台灣高息動能,8,0,8,凱基-虎尾,2024-04-25,9236
2509,全坤建,8,0,8,凱基-虎尾,2024-04-25,9236
2913,農林,8,0,8,凱基-虎尾,2024-04-25,9236
00919,群益台灣精選高息,7,0,7,凱基-虎尾,2024-04-25,9236
0051,元大中型100,7,0,7,凱基-虎尾,2024-04-25,9236
2605,新興,7,0,7,凱基-虎尾,2024-04-25,9236
3450,聯鈞,7,0,7,凱基-虎尾,2024-04-25,9236
5009,榮剛,11,4,7,凱基-虎尾,2024-04-25,9236
0050,元大台灣50,6,0,6,凱基-虎尾,2024-04-25,9236
2883,凱基金,10,4,6,凱基-虎尾,2024-04-25,9236
1303,南亞,6,0,6,凱基-虎尾,2024-04-25,9236
00706L,期元大S＆P日圓正2,6,0,6,凱基-虎尾,2024-04-25,9236
3312,弘憶股,6,0,6,凱基-虎尾,2024-04-25,9236
5511,德昌,11,5,6,凱基-虎尾,2024-04-25,9236
3059,華晶科,12,7,5,凱基-虎尾,2024-04-25,9236
5522,遠雄,5,0,5,凱基-虎尾,2024-04-25,9236
00751B,元大AAA至A公司債,5,0,5,凱基-虎尾,2024-04-25,9236
1605,華新,131,0,131,凱基-虎尾,2024-04-26,9236
1460,宏遠,95,0,95,凱基-虎尾,2024-04-26,9236
00937B,群益ESG投等債20,75,0,75,凱基-虎尾,2024-04-26,9236
2009,第一銅,71,3,68,凱基-虎尾,2024-04-26,9236
00632R,元大台灣50反1,65,0,65,凱基-虎尾,2024-04-26,9236
5608,四維航,72,10,62,凱基-虎尾,2024-04-26,9236
5706,鳳凰,51,0,51,凱基-虎尾,2024-04-26,9236
4533,協易機,53,8,45,凱基-虎尾,2024-04-26,9236
00671R,富邦NASDAQ反1,44,0,44,凱基-虎尾,2024-04-26,9236
2501,國建,72,31,41,凱基-虎尾,2024-04-26,9236
2511,太子,38,4,34,凱基-虎尾,2024-04-26,9236
6143,振曜,32,2,30,凱基-虎尾,2024-04-26,9236
00878,國泰永續高股息,30,4,26,凱基-虎尾,2024-04-26,9236
1312,國喬,25,0,25,凱基-虎尾,2024-04-26,9236
6411,晶焱,25,0,25,凱基-虎尾,2024-04-26,9236
00940,元大台灣價值高息,24,0,24,凱基-虎尾,2024-04-26,9236
2547,日勝生,23,0,23,凱基-虎尾,2024-04-26,9236
2618,長榮航,136,115,21,凱基-虎尾,2024-04-26,9236
2743,山富,23,2,21,凱基-虎尾,2024-04-26,9236
3706,神達,29,8,21,凱基-虎尾,2024-04-26,9236
2371,大同,34,15,19,凱基-虎尾,2024-04-26,9236
2731,雄獅,20,1,19,凱基-虎尾,2024-04-26,9236
3024,憶聲,19,0,19,凱基-虎尾,2024-04-26,9236
3663,鑫科,16,0,16,凱基-虎尾,2024-04-26,9236
00665L,富邦�琤肭磪囓�2,24,9,15,凱基-虎尾,2024-04-26,9236
1609,大亞,25,10,15,凱基-虎尾,2024-04-26,9236
4303,信立,15,0,15,凱基-虎尾,2024-04-26,9236
2892,第一金,20,5,15,凱基-虎尾,2024-04-26,9236
2641,正德,15,1,14,凱基-虎尾,2024-04-26,9236
00687B,國泰20年美債,13,0,13,凱基-虎尾,2024-04-26,9236
2101,南港,22,9,13,凱基-虎尾,2024-04-26,9236
2515,中工,74,61,13,凱基-虎尾,2024-04-26,9236
00680L,元大美債20正2,12,0,12,凱基-虎尾,2024-04-26,9236
1504,東元,13,1,12,凱基-虎尾,2024-04-26,9236
6274,台燿,11,0,11,凱基-虎尾,2024-04-26,9236
2727,王品,11,0,11,凱基-虎尾,2024-04-26,9236
5521,工信,11,0,11,凱基-虎尾,2024-04-26,9236
1325,恆大,10,0,10,凱基-虎尾,2024-04-26,9236
1785,光洋科,10,0,10,凱基-虎尾,2024-04-26,9236
2354,鴻準,10,0,10,凱基-虎尾,2024-04-26,9236
8155,博智,10,0,10,凱基-虎尾,2024-04-26,9236
2615,萬海,18,8,10,凱基-虎尾,2024-04-26,9236
1522,堤維西,9,0,9,凱基-虎尾,2024-04-26,9236
2442,新美齊,10,1,9,凱基-虎尾,2024-04-26,9236
2702,華園,9,0,9,凱基-虎尾,2024-04-26,9236
3548,兆利,17,8,9,凱基-虎尾,2024-04-26,9236
2637,慧洋-KY,8,0,8,凱基-虎尾,2024-04-26,9236
3056,富華新,9,1,8,凱基-虎尾,2024-04-26,9236
3264,欣銓,10,2,8,凱基-虎尾,2024-04-26,9236
6284,佳邦,8,0,8,凱基-虎尾,2024-04-26,9236
8110,華東,303,1,302,凱基-虎尾,2024-04-29,9236
2883,凱基金,300,20,280,凱基-虎尾,2024-04-29,9236
2888,新光金,200,44,156,凱基-虎尾,2024-04-29,9236
2303,聯電,504,405,99,凱基-虎尾,2024-04-29,9236
2618,長榮航,140,70,70,凱基-虎尾,2024-04-29,9236
6190,萬泰科,70,2,68,凱基-虎尾,2024-04-29,9236
1101,台泥,65,1,64,凱基-虎尾,2024-04-29,9236
1314,中石化,143,93,50,凱基-虎尾,2024-04-29,9236
2363,矽統,51,5,46,凱基-虎尾,2024-04-29,9236
3481,群創,89,46,43,凱基-虎尾,2024-04-29,9236
2323,中環,89,49,40,凱基-虎尾,2024-04-29,9236
2867,三商壽,40,0,40,凱基-虎尾,2024-04-29,9236
5009,榮剛,46,6,40,凱基-虎尾,2024-04-29,9236
8096,擎亞,40,0,40,凱基-虎尾,2024-04-29,9236
2409,友達,60,21,39,凱基-虎尾,2024-04-29,9236
1455,集盛,67,30,37,凱基-虎尾,2024-04-29,9236
2101,南港,56,19,37,凱基-虎尾,2024-04-29,9236
4967,十銓,31,0,31,凱基-虎尾,2024-04-29,9236
5234,達興材料,30,0,30,凱基-虎尾,2024-04-29,9236
00665L,富邦�琤肭磪囓�2,55,30,25,凱基-虎尾,2024-04-29,9236
2506,太設,40,15,25,凱基-虎尾,2024-04-29,9236
2392,正崴,26,2,24,凱基-虎尾,2024-04-29,9236
1905,華紙,33,10,23,凱基-虎尾,2024-04-29,9236
00688L,國泰20年美債正2,20,0,20,凱基-虎尾,2024-04-29,9236
3147,大綜,20,0,20,凱基-虎尾,2024-04-29,9236
2610,華航,70,51,19,凱基-虎尾,2024-04-29,9236
2371,大同,28,10,18,凱基-虎尾,2024-04-29,9236
6116,彩晶,24,7,17,凱基-虎尾,2024-04-29,9236
00929,復華台灣科技優息,34,17,17,凱基-虎尾,2024-04-29,9236
2889,國票金,17,1,16,凱基-虎尾,2024-04-29,9236
2337,旺宏,15,0,15,凱基-虎尾,2024-04-29,9236
00937B,群益ESG投等債20,14,0,14,凱基-虎尾,2024-04-29,9236
1460,宏遠,13,0,13,凱基-虎尾,2024-04-29,9236
2344,華邦電,24,12,12,凱基-虎尾,2024-04-29,9236
5864,致和證,12,0,12,凱基-虎尾,2024-04-29,9236
1717,長興,11,0,11,凱基-虎尾,2024-04-29,9236
2489,瑞軒,11,0,11,凱基-虎尾,2024-04-29,9236
2855,統一證,14,3,11,凱基-虎尾,2024-04-29,9236
2449,京元電子,12,2,10,凱基-虎尾,2024-04-29,9236
00632R,元大台灣50反1,75,65,10,凱基-虎尾,2024-04-29,9236
00706L,期元大S＆P日圓正2,10,0,10,凱基-虎尾,2024-04-29,9236
1516,川飛,10,0,10,凱基-虎尾,2024-04-29,9236
2025,千興,10,0,10,凱基-虎尾,2024-04-29,9236
2353,宏��,13,3,10,凱基-虎尾,2024-04-29,9236
4716,大立,10,0,10,凱基-虎尾,2024-04-29,9236
6552,易華電,10,0,10,凱基-虎尾,2024-04-29,9236
4714,永捷,10,0,10,凱基-虎尾,2024-04-29,9236
1722,台肥,9,0,9,凱基-虎尾,2024-04-29,9236
2362,藍天,9,0,9,凱基-虎尾,2024-04-29,9236
2374,佳能,13,4,9,凱基-虎尾,2024-04-29,9236
00937B,群益ESG投等債20,140,9,131,凱基-虎尾,2024-04-30,9236
6016,康和證,100,0,100,凱基-虎尾,2024-04-30,9236
2888,新光金,109,32,77,凱基-虎尾,2024-04-30,9236
00632R,元大台灣50反1,60,2,58,凱基-虎尾,2024-04-30,9236
1809,中釉,57,0,57,凱基-虎尾,2024-04-30,9236
3024,憶聲,50,0,50,凱基-虎尾,2024-04-30,9236
2880,華南金,67,25,42,凱基-虎尾,2024-04-30,9236
00940,元大台灣價值高息,39,0,39,凱基-虎尾,2024-04-30,9236
1605,華新,39,1,38,凱基-虎尾,2024-04-30,9236
5607,遠雄港,33,1,32,凱基-虎尾,2024-04-30,9236
2506,太設,34,7,27,凱基-虎尾,2024-04-30,9236
3211,順達,31,4,27,凱基-虎尾,2024-04-30,9236
2515,中工,84,58,26,凱基-虎尾,2024-04-30,9236
2363,矽統,131,106,25,凱基-虎尾,2024-04-30,9236
3044,健鼎,22,0,22,凱基-虎尾,2024-04-30,9236
2427,三商電,21,0,21,凱基-虎尾,2024-04-30,9236
6185,幃翔,20,0,20,凱基-虎尾,2024-04-30,9236
2501,國建,38,19,19,凱基-虎尾,2024-04-30,9236
3013,晟銘電,27,9,18,凱基-虎尾,2024-04-30,9236
6176,瑞儀,21,5,16,凱基-虎尾,2024-04-30,9236
2115,六暉-KY,15,2,13,凱基-虎尾,2024-04-30,9236
00757,統一FANG+,10,0,10,凱基-虎尾,2024-04-30,9236
2323,中環,17,7,10,凱基-虎尾,2024-04-30,9236
4915,致伸,9,0,9,凱基-虎尾,2024-04-30,9236
00673R,期元大S＆P原油反1,8,0,8,凱基-虎尾,2024-04-30,9236
1460,宏遠,8,0,8,凱基-虎尾,2024-04-30,9236
2359,所羅門,10,3,7,凱基-虎尾,2024-04-30,9236
1316,上曜,65,58,7,凱基-虎尾,2024-04-30,9236
2002,中鋼,10,3,7,凱基-虎尾,2024-04-30,9236
2365,昆盈,7,0,7,凱基-虎尾,2024-04-30,9236
8210,勤誠,7,0,7,凱基-虎尾,2024-04-30,9236
3548,兆利,20,14,6,凱基-虎尾,2024-04-30,9236
1710,東聯,6,0,6,凱基-虎尾,2024-04-30,9236
2406,國碩,11,5,6,凱基-虎尾,2024-04-30,9236
3666,光耀,7,1,6,凱基-虎尾,2024-04-30,9236
9938,百和,6,0,6,凱基-虎尾,2024-04-30,9236
2886,兆豐金,5,0,5,凱基-虎尾,2024-04-30,9236
2890,永豐金,5,0,5,凱基-虎尾,2024-04-30,9236
3483,力致,9,4,5,凱基-虎尾,2024-04-30,9236
3576,聯合再生,5,0,5,凱基-虎尾,2024-04-30,9236
4526,東台,13,8,5,凱基-虎尾,2024-04-30,9236
5706,鳳凰,5,0,5,凱基-虎尾,2024-04-30,9236
8011,台通,5,0,5,凱基-虎尾,2024-04-30,9236
2634,漢翔,33,29,4,凱基-虎尾,2024-04-30,9236
3005,神基,5,1,4,凱基-虎尾,2024-04-30,9236
00687B,國泰20年美債,6,2,4,凱基-虎尾,2024-04-30,9236
1459,聯發,4,0,4,凱基-虎尾,2024-04-30,9236
2316,楠梓電,9,5,4,凱基-虎尾,2024-04-30,9236
2402,毅嘉,4,0,4,凱基-虎尾,2024-04-30,9236
2892,第一金,5,1,4,凱基-虎尾,2024-04-30,9236
00937B,群益ESG投等債20,102,0,102,凱基-虎尾,2024-05-02,9236
1905,華紙,109,14,95,凱基-虎尾,2024-05-02,9236
1314,中石化,129,43,86,凱基-虎尾,2024-05-02,9236
2609,陽明,119,52,67,凱基-虎尾,2024-05-02,9236
00929,復華台灣科技優息,66,0,66,凱基-虎尾,2024-05-02,9236
4533,協易機,59,5,54,凱基-虎尾,2024-05-02,9236
1532,勤美,54,2,52,凱基-虎尾,2024-05-02,9236
2915,潤泰全,50,2,48,凱基-虎尾,2024-05-02,9236
4716,大立,53,10,43,凱基-虎尾,2024-05-02,9236
2913,農林,42,0,42,凱基-虎尾,2024-05-02,9236
2505,國揚,45,4,41,凱基-虎尾,2024-05-02,9236
1453,大將,40,0,40,凱基-虎尾,2024-05-02,9236
5009,榮剛,50,11,39,凱基-虎尾,2024-05-02,9236
6770,力積電,47,9,38,凱基-虎尾,2024-05-02,9236
2610,華航,47,13,34,凱基-虎尾,2024-05-02,9236
2363,矽統,78,45,33,凱基-虎尾,2024-05-02,9236
00878,國泰永續高股息,33,1,32,凱基-虎尾,2024-05-02,9236
2317,鴻海,2030,1998,32,凱基-虎尾,2024-05-02,9236
1446,宏和,33,2,31,凱基-虎尾,2024-05-02,9236
2515,中工,48,18,30,凱基-虎尾,2024-05-02,9236
6191,精成科,30,0,30,凱基-虎尾,2024-05-02,9236
1413,宏洲,28,0,28,凱基-虎尾,2024-05-02,9236
2352,佳世達,26,0,26,凱基-虎尾,2024-05-02,9236
2537,聯上發,27,1,26,凱基-虎尾,2024-05-02,9236
3265,台星科,30,4,26,凱基-虎尾,2024-05-02,9236
3703,欣陸,33,7,26,凱基-虎尾,2024-05-02,9236
5521,工信,26,0,26,凱基-虎尾,2024-05-02,9236
00940,元大台灣價值高息,24,0,24,凱基-虎尾,2024-05-02,9236
1460,宏遠,24,0,24,凱基-虎尾,2024-05-02,9236
5512,力麒,35,11,24,凱基-虎尾,2024-05-02,9236
8358,金居,25,2,23,凱基-虎尾,2024-05-02,9236
00715L,期街口布蘭特正2,23,1,22,凱基-虎尾,2024-05-02,9236
2906,高林,22,0,22,凱基-虎尾,2024-05-02,9236
2834,臺企銀,22,1,21,凱基-虎尾,2024-05-02,9236
3481,群創,43,22,21,凱基-虎尾,2024-05-02,9236
6239,力成,19,0,19,凱基-虎尾,2024-05-02,9236
1440,南紡,23,4,19,凱基-虎尾,2024-05-02,9236
3056,富華新,30,12,18,凱基-虎尾,2024-05-02,9236
2501,國建,79,61,18,凱基-虎尾,2024-05-02,9236
1584,精剛,17,0,17,凱基-虎尾,2024-05-02,9236
5230,雷笛克光學,17,0,17,凱基-虎尾,2024-05-02,9236
2360,致茂,18,2,16,凱基-虎尾,2024-05-02,9236
2536,宏普,16,0,16,凱基-虎尾,2024-05-02,9236
6257,矽格,23,8,15,凱基-虎尾,2024-05-02,9236
2618,長榮航,103,89,14,凱基-虎尾,2024-05-02,9236
1522,堤維西,13,0,13,凱基-虎尾,2024-05-02,9236
3078,僑威,13,0,13,凱基-虎尾,2024-05-02,9236
3211,順達,12,0,12,凱基-虎尾,2024-05-02,9236
2308,台達電,12,0,12,凱基-虎尾,2024-05-02,9236
2371,大同,35,23,12,凱基-虎尾,2024-05-02,9236
2392,正崴,190,51,139,凱基-虎尾,2024-05-03,9236
2880,華南金,101,5,96,凱基-虎尾,2024-05-03,9236
1326,台化,75,1,74,凱基-虎尾,2024-05-03,9236
2888,新光金,100,40,60,凱基-虎尾,2024-05-03,9236
3231,緯創,140,94,46,凱基-虎尾,2024-05-03,9236
2509,全坤建,40,0,40,凱基-虎尾,2024-05-03,9236
2515,中工,57,18,39,凱基-虎尾,2024-05-03,9236
9946,三發地產,34,0,34,凱基-虎尾,2024-05-03,9236
8926,台汽電,35,2,33,凱基-虎尾,2024-05-03,9236
2545,皇翔,60,31,29,凱基-虎尾,2024-05-03,9236
2501,國建,54,27,27,凱基-虎尾,2024-05-03,9236
2543,皇昌,37,11,26,凱基-虎尾,2024-05-03,9236
6215,和椿,25,1,24,凱基-虎尾,2024-05-03,9236
6239,力成,24,2,22,凱基-虎尾,2024-05-03,9236
2363,矽統,30,8,22,凱基-虎尾,2024-05-03,9236
2014,中鴻,21,0,21,凱基-虎尾,2024-05-03,9236
5607,遠雄港,33,14,19,凱基-虎尾,2024-05-03,9236
2547,日勝生,15,0,15,凱基-虎尾,2024-05-03,9236
00939,統一台灣高息動能,15,1,14,凱基-虎尾,2024-05-03,9236
6451,訊芯-KY,26,12,14,凱基-虎尾,2024-05-03,9236
2344,華邦電,13,0,13,凱基-虎尾,2024-05-03,9236
3537,堡達,13,0,13,凱基-虎尾,2024-05-03,9236
00646,元大S＆P500,13,0,13,凱基-虎尾,2024-05-03,9236
2201,裕隆,14,4,10,凱基-虎尾,2024-05-03,9236
00669R,國泰美國道瓊反1,10,0,10,凱基-虎尾,2024-05-03,9236
00706L,期元大S＆P日圓正2,15,5,10,凱基-虎尾,2024-05-03,9236
00891,中信關鍵半導體,10,0,10,凱基-虎尾,2024-05-03,9236
1460,宏遠,10,0,10,凱基-虎尾,2024-05-03,9236
1514,亞力,12,2,10,凱基-虎尾,2024-05-03,9236
3308,聯德,10,0,10,凱基-虎尾,2024-05-03,9236
4960,誠美材,10,0,10,凱基-虎尾,2024-05-03,9236
6165,浪凡,10,0,10,凱基-虎尾,2024-05-03,9236
3481,群創,17,8,9,凱基-虎尾,2024-05-03,9236
5371,中光電,14,5,9,凱基-虎尾,2024-05-03,9236
00662,富邦NASDAQ,9,0,9,凱基-虎尾,2024-05-03,9236
2892,第一金,10,2,8,凱基-虎尾,2024-05-03,9236
2356,英業達,8,0,8,凱基-虎尾,2024-05-03,9236
00881,國泰台灣5G+,8,0,8,凱基-虎尾,2024-05-03,9236
2511,太子,33,25,8,凱基-虎尾,2024-05-03,9236
3321,同泰,8,0,8,凱基-虎尾,2024-05-03,9236
6863,永道-KY,9,1,8,凱基-虎尾,2024-05-03,9236
8906,花王,8,0,8,凱基-虎尾,2024-05-03,9236
1710,東聯,7,0,7,凱基-虎尾,2024-05-03,9236
2317,鴻海,78,71,7,凱基-虎尾,2024-05-03,9236
2367,燿華,12,6,6,凱基-虎尾,2024-05-03,9236
2327,國巨,5,0,5,凱基-虎尾,2024-05-03,9236
1301,台塑,5,0,5,凱基-虎尾,2024-05-03,9236
1815,富喬,16,11,5,凱基-虎尾,2024-05-03,9236
2495,普安,5,0,5,凱基-虎尾,2024-05-03,9236
3313,斐成,6,1,5,凱基-虎尾,2024-05-03,9236
3481,群創,270,15,255,凱基-虎尾,2024-05-06,9236
2888,新光金,280,101,179,凱基-虎尾,2024-05-06,9236
1605,華新,135,0,135,凱基-虎尾,2024-05-06,9236
00632R,元大台灣50反1,116,0,116,凱基-虎尾,2024-05-06,9236
2610,華航,100,1,99,凱基-虎尾,2024-05-06,9236
3062,建漢,88,0,88,凱基-虎尾,2024-05-06,9236
2618,長榮航,89,29,60,凱基-虎尾,2024-05-06,9236
5225,東科-KY,61,3,58,凱基-虎尾,2024-05-06,9236
2915,潤泰全,56,0,56,凱基-虎尾,2024-05-06,9236
2834,臺企銀,51,0,51,凱基-虎尾,2024-05-06,9236
00929,復華台灣科技優息,52,1,51,凱基-虎尾,2024-05-06,9236
2883,凱基金,127,83,44,凱基-虎尾,2024-05-06,9236
2402,毅嘉,30,0,30,凱基-虎尾,2024-05-06,9236
3033,威健,56,26,30,凱基-虎尾,2024-05-06,9236
00878,國泰永續高股息,44,16,28,凱基-虎尾,2024-05-06,9236
2367,燿華,75,49,26,凱基-虎尾,2024-05-06,9236
3312,弘憶股,32,6,26,凱基-虎尾,2024-05-06,9236
2352,佳世達,24,0,24,凱基-虎尾,2024-05-06,9236
5607,遠雄港,24,0,24,凱基-虎尾,2024-05-06,9236
2889,國票金,20,0,20,凱基-虎尾,2024-05-06,9236
2486,一詮,41,22,19,凱基-虎尾,2024-05-06,9236
5434,崇越,18,0,18,凱基-虎尾,2024-05-06,9236
6005,群益證,18,1,17,凱基-虎尾,2024-05-06,9236
2520,冠德,20,3,17,凱基-虎尾,2024-05-06,9236
00937B,群益ESG投等債20,16,0,16,凱基-虎尾,2024-05-06,9236
2891,中信金,21,5,16,凱基-虎尾,2024-05-06,9236
00935,野村臺灣新科技50,15,0,15,凱基-虎尾,2024-05-06,9236
00688L,國泰20年美債正2,15,0,15,凱基-虎尾,2024-05-06,9236
8096,擎亞,23,9,14,凱基-虎尾,2024-05-06,9236
2617,台航,12,0,12,凱基-虎尾,2024-05-06,9236
3163,波若威,11,0,11,凱基-虎尾,2024-05-06,9236
8064,東捷,15,4,11,凱基-虎尾,2024-05-06,9236
00679B,元大美債20年,10,0,10,凱基-虎尾,2024-05-06,9236
1524,耿鼎,10,0,10,凱基-虎尾,2024-05-06,9236
2356,英業達,13,3,10,凱基-虎尾,2024-05-06,9236
2461,光群雷,26,16,10,凱基-虎尾,2024-05-06,9236
4919,新唐,10,0,10,凱基-虎尾,2024-05-06,9236
6116,彩晶,10,0,10,凱基-虎尾,2024-05-06,9236
6742,澤米,10,0,10,凱基-虎尾,2024-05-06,9236
2890,永豐金,10,1,9,凱基-虎尾,2024-05-06,9236
3356,奇偶,9,0,9,凱基-虎尾,2024-05-06,9236
6275,元山,10,1,9,凱基-虎尾,2024-05-06,9236
2363,矽統,12,4,8,凱基-虎尾,2024-05-06,9236
2464,盟立,10,2,8,凱基-虎尾,2024-05-06,9236
2897,王道銀行,18,10,8,凱基-虎尾,2024-05-06,9236
3037,欣興,10,2,8,凱基-虎尾,2024-05-06,9236
1101,台泥,10,3,7,凱基-虎尾,2024-05-06,9236
1570,力肯,8,1,7,凱基-虎尾,2024-05-06,9236
6442,光聖,18,11,7,凱基-虎尾,2024-05-06,9236
2371,大同,9,3,6,凱基-虎尾,2024-05-06,9236
00878,國泰永續高股息,168,2,166,凱基-虎尾,2024-05-07,9236
5457,宣德,111,3,108,凱基-虎尾,2024-05-07,9236
1616,億泰,83,12,71,凱基-虎尾,2024-05-07,9236
2880,華南金,102,37,65,凱基-虎尾,2024-05-07,9236
1609,大亞,71,9,62,凱基-虎尾,2024-05-07,9236
1608,華榮,81,32,49,凱基-虎尾,2024-05-07,9236
3481,群創,67,21,46,凱基-虎尾,2024-05-07,9236
6209,今國光,44,0,44,凱基-虎尾,2024-05-07,9236
2618,長榮航,63,19,44,凱基-虎尾,2024-05-07,9236
00929,復華台灣科技優息,40,1,39,凱基-虎尾,2024-05-07,9236
6215,和椿,56,20,36,凱基-虎尾,2024-05-07,9236
1460,宏遠,30,0,30,凱基-虎尾,2024-05-07,9236
00882,中信中國高股息,25,0,25,凱基-虎尾,2024-05-07,9236
3576,聯合再生,24,0,24,凱基-虎尾,2024-05-07,9236
8234,新漢,28,5,23,凱基-虎尾,2024-05-07,9236
5607,遠雄港,22,0,22,凱基-虎尾,2024-05-07,9236
1815,富喬,22,3,19,凱基-虎尾,2024-05-07,9236
00940,元大台灣價值高息,19,1,18,凱基-虎尾,2024-05-07,9236
2486,一詮,60,42,18,凱基-虎尾,2024-05-07,9236
8064,東捷,20,2,18,凱基-虎尾,2024-05-07,9236
2303,聯電,25,8,17,凱基-虎尾,2024-05-07,9236
1618,合機,20,4,16,凱基-虎尾,2024-05-07,9236
3231,緯創,22,7,15,凱基-虎尾,2024-05-07,9236
1603,華電,15,0,15,凱基-虎尾,2024-05-07,9236
1612,宏泰,19,4,15,凱基-虎尾,2024-05-07,9236
8271,宇瞻,15,0,15,凱基-虎尾,2024-05-07,9236
1216,統一,14,0,14,凱基-虎尾,2024-05-07,9236
2426,鼎元,14,0,14,凱基-虎尾,2024-05-07,9236
1710,東聯,13,0,13,凱基-虎尾,2024-05-07,9236
8936,國統,19,7,12,凱基-虎尾,2024-05-07,9236
00715L,期街口布蘭特正2,12,0,12,凱基-虎尾,2024-05-07,9236
5871,中租-KY,11,0,11,凱基-虎尾,2024-05-07,9236
00937B,群益ESG投等債20,11,0,11,凱基-虎尾,2024-05-07,9236
1453,大將,27,16,11,凱基-虎尾,2024-05-07,9236
2409,友達,11,0,11,凱基-虎尾,2024-05-07,9236
2465,麗臺,11,0,11,凱基-虎尾,2024-05-07,9236
4532,瑞智,16,5,11,凱基-虎尾,2024-05-07,9236
00680L,元大美債20正2,10,0,10,凱基-虎尾,2024-05-07,9236
2515,中工,21,11,10,凱基-虎尾,2024-05-07,9236
5498,凱崴,10,0,10,凱基-虎尾,2024-05-07,9236
5880,合庫金,10,0,10,凱基-虎尾,2024-05-07,9236
2855,統一證,10,0,10,凱基-虎尾,2024-05-07,9236
1316,上曜,12,3,9,凱基-虎尾,2024-05-07,9236
2881,富邦金,10,1,9,凱基-虎尾,2024-05-07,9236
2352,佳世達,13,5,8,凱基-虎尾,2024-05-07,9236
00941,中信上游半導體,11,3,8,凱基-虎尾,2024-05-07,9236
2606,裕民,11,3,8,凱基-虎尾,2024-05-07,9236
8089,康全電訊,8,0,8,凱基-虎尾,2024-05-07,9236
8163,達方,10,2,8,凱基-虎尾,2024-05-07,9236
2371,大同,29,21,8,凱基-虎尾,2024-05-07,9236
2606,裕民,118,37,81,凱基-虎尾,2024-05-08,9236
00673R,期元大S＆P原油反1,50,0,50,凱基-虎尾,2024-05-08,9236
3481,群創,43,11,32,凱基-虎尾,2024-05-08,9236
00940,元大台灣價值高息,29,0,29,凱基-虎尾,2024-05-08,9236
00676R,富邦臺灣加權反1,25,0,25,凱基-虎尾,2024-05-08,9236
1591,駿吉-KY,25,0,25,凱基-虎尾,2024-05-08,9236
6257,矽格,25,0,25,凱基-虎尾,2024-05-08,9236
3338,泰碩,25,1,24,凱基-虎尾,2024-05-08,9236
6191,精成科,27,3,24,凱基-虎尾,2024-05-08,9236
00919,群益台灣精選高息,24,0,24,凱基-虎尾,2024-05-08,9236
5871,中租-KY,526,503,23,凱基-虎尾,2024-05-08,9236
00731,復華富時高息低波,23,0,23,凱基-虎尾,2024-05-08,9236
6770,力積電,22,0,22,凱基-虎尾,2024-05-08,9236
00757,統一FANG+,21,0,21,凱基-虎尾,2024-05-08,9236
6214,精誠,21,0,21,凱基-虎尾,2024-05-08,9236
1513,中興電,29,8,21,凱基-虎尾,2024-05-08,9236
1905,華紙,20,0,20,凱基-虎尾,2024-05-08,9236
2066,世德,21,1,20,凱基-虎尾,2024-05-08,9236
2392,正崴,20,0,20,凱基-虎尾,2024-05-08,9236
2363,矽統,61,41,20,凱基-虎尾,2024-05-08,9236
4533,協易機,19,2,17,凱基-虎尾,2024-05-08,9236
2603,長榮,2052,2037,15,凱基-虎尾,2024-05-08,9236
6163,華電網,15,0,15,凱基-虎尾,2024-05-08,9236
6282,康舒,20,5,15,凱基-虎尾,2024-05-08,9236
1503,士電,18,5,13,凱基-虎尾,2024-05-08,9236
2402,毅嘉,13,0,13,凱基-虎尾,2024-05-08,9236
6806,森崴能源,13,0,13,凱基-虎尾,2024-05-08,9236
8085,福華,13,0,13,凱基-虎尾,2024-05-08,9236
1785,光洋科,14,2,12,凱基-虎尾,2024-05-08,9236
2328,廣宇,14,3,11,凱基-虎尾,2024-05-08,9236
2702,華園,11,0,11,凱基-虎尾,2024-05-08,9236
3060,銘異,11,0,11,凱基-虎尾,2024-05-08,9236
4564,元翎,13,2,11,凱基-虎尾,2024-05-08,9236
00878,國泰永續高股息,11,1,10,凱基-虎尾,2024-05-08,9236
2301,光寶科,12,2,10,凱基-虎尾,2024-05-08,9236
2377,微星,10,0,10,凱基-虎尾,2024-05-08,9236
2399,映泰,10,0,10,凱基-虎尾,2024-05-08,9236
2834,臺企銀,10,0,10,凱基-虎尾,2024-05-08,9236
3484,崧騰,10,0,10,凱基-虎尾,2024-05-08,9236
4137,麗豐-KY,10,0,10,凱基-虎尾,2024-05-08,9236
4961,天鈺,12,2,10,凱基-虎尾,2024-05-08,9236
00939,統一台灣高息動能,10,1,9,凱基-虎尾,2024-05-08,9236
6290,良維,13,4,9,凱基-虎尾,2024-05-08,9236
9919,康那香,9,0,9,凱基-虎尾,2024-05-08,9236
6005,群益證,9,0,9,凱基-虎尾,2024-05-08,9236
2408,南亞科,10,2,8,凱基-虎尾,2024-05-08,9236
8011,台通,8,0,8,凱基-虎尾,2024-05-08,9236
00929,復華台灣科技優息,19,11,8,凱基-虎尾,2024-05-08,9236
2520,冠德,7,0,7,凱基-虎尾,2024-05-08,9236
2615,萬海,14,7,7,凱基-虎尾,2024-05-08,9236
2610,華航,102,0,102,凱基-虎尾,2024-05-09,9236
00929,復華台灣科技優息,74,0,74,凱基-虎尾,2024-05-09,9236
2915,潤泰全,68,0,68,凱基-虎尾,2024-05-09,9236
2606,裕民,64,12,52,凱基-虎尾,2024-05-09,9236
2609,陽明,206,160,46,凱基-虎尾,2024-05-09,9236
6546,正基,42,0,42,凱基-虎尾,2024-05-09,9236
4960,誠美材,54,17,37,凱基-虎尾,2024-05-09,9236
2408,南亞科,37,1,36,凱基-虎尾,2024-05-09,9236
00679B,元大美債20年,35,0,35,凱基-虎尾,2024-05-09,9236
2888,新光金,55,23,32,凱基-虎尾,2024-05-09,9236
2323,中環,31,0,31,凱基-虎尾,2024-05-09,9236
1460,宏遠,30,0,30,凱基-虎尾,2024-05-09,9236
3062,建漢,30,0,30,凱基-虎尾,2024-05-09,9236
8112,至上,30,0,30,凱基-虎尾,2024-05-09,9236
1605,華新,30,2,28,凱基-虎尾,2024-05-09,9236
2486,一詮,34,9,25,凱基-虎尾,2024-05-09,9236
00937B,群益ESG投等債20,24,0,24,凱基-虎尾,2024-05-09,9236
8105,凌巨,22,0,22,凱基-虎尾,2024-05-09,9236
00687B,國泰20年美債,21,0,21,凱基-虎尾,2024-05-09,9236
2344,華邦電,21,0,21,凱基-虎尾,2024-05-09,9236
3339,泰谷,26,5,21,凱基-虎尾,2024-05-09,9236
00915,凱基優選高股息30,22,2,20,凱基-虎尾,2024-05-09,9236
00715L,期街口布蘭特正2,21,2,19,凱基-虎尾,2024-05-09,9236
2883,凱基金,100,81,19,凱基-虎尾,2024-05-09,9236
5521,工信,19,0,19,凱基-虎尾,2024-05-09,9236
3211,順達,18,0,18,凱基-虎尾,2024-05-09,9236
2801,彰銀,16,0,16,凱基-虎尾,2024-05-09,9236
6282,康舒,16,0,16,凱基-虎尾,2024-05-09,9236
3481,群創,34,19,15,凱基-虎尾,2024-05-09,9236
4967,十銓,15,0,15,凱基-虎尾,2024-05-09,9236
3033,威健,14,0,14,凱基-虎尾,2024-05-09,9236
6290,良維,14,1,13,凱基-虎尾,2024-05-09,9236
2641,正德,15,2,13,凱基-虎尾,2024-05-09,9236
1612,宏泰,12,0,12,凱基-虎尾,2024-05-09,9236
3231,緯創,15,4,11,凱基-虎尾,2024-05-09,9236
00919,群益台灣精選高息,11,0,11,凱基-虎尾,2024-05-09,9236
1584,精剛,11,0,11,凱基-虎尾,2024-05-09,9236
1301,台塑,11,0,11,凱基-虎尾,2024-05-09,9236
00940,元大台灣價值高息,25,15,10,凱基-虎尾,2024-05-09,9236
2025,千興,10,0,10,凱基-虎尾,2024-05-09,9236
2108,南帝,10,0,10,凱基-虎尾,2024-05-09,9236
4155,訊映,10,0,10,凱基-虎尾,2024-05-09,9236
6152,百一,10,0,10,凱基-虎尾,2024-05-09,9236
6235,華孚,10,0,10,凱基-虎尾,2024-05-09,9236
9105,泰金寶-DR,10,0,10,凱基-虎尾,2024-05-09,9236
2388,威盛,10,1,9,凱基-虎尾,2024-05-09,9236
6117,迎廣,13,4,9,凱基-虎尾,2024-05-09,9236
2497,怡利電,8,0,8,凱基-虎尾,2024-05-09,9236
3090,日電貿,9,1,8,凱基-虎尾,2024-05-09,9236
5531,鄉林,8,0,8,凱基-虎尾,2024-05-09,9236
00929,復華台灣科技優息,130,3,127,凱基-虎尾,2024-05-10,9236
1608,華榮,112,10,102,凱基-虎尾,2024-05-10,9236
2610,華航,183,89,94,凱基-虎尾,2024-05-10,9236
00679B,元大美債20年,91,0,91,凱基-虎尾,2024-05-10,9236
6770,力積電,51,0,51,凱基-虎尾,2024-05-10,9236
2367,燿華,60,20,40,凱基-虎尾,2024-05-10,9236
00946,群益科技高息成長,46,8,38,凱基-虎尾,2024-05-10,9236
00878,國泰永續高股息,38,1,37,凱基-虎尾,2024-05-10,9236
2915,潤泰全,36,0,36,凱基-虎尾,2024-05-10,9236
00673R,期元大S＆P原油反1,33,0,33,凱基-虎尾,2024-05-10,9236
1460,宏遠,30,0,30,凱基-虎尾,2024-05-10,9236
2618,長榮航,45,19,26,凱基-虎尾,2024-05-10,9236
00753L,中信中國50正2,54,30,24,凱基-虎尾,2024-05-10,9236
3706,神達,35,13,22,凱基-虎尾,2024-05-10,9236
00919,群益台灣精選高息,21,0,21,凱基-虎尾,2024-05-10,9236
2377,微星,21,0,21,凱基-虎尾,2024-05-10,9236
5521,工信,20,0,20,凱基-虎尾,2024-05-10,9236
2337,旺宏,19,0,19,凱基-虎尾,2024-05-10,9236
2486,一詮,43,24,19,凱基-虎尾,2024-05-10,9236
00944,野村趨勢動能高息,23,5,18,凱基-虎尾,2024-05-10,9236
2353,宏��,34,16,18,凱基-虎尾,2024-05-10,9236
2303,聯電,20,3,17,凱基-虎尾,2024-05-10,9236
1524,耿鼎,23,7,16,凱基-虎尾,2024-05-10,9236
3707,漢磊,15,0,15,凱基-虎尾,2024-05-10,9236
5608,四維航,16,1,15,凱基-虎尾,2024-05-10,9236
00936,台新永續高息中小,13,0,13,凱基-虎尾,2024-05-10,9236
1806,冠軍,13,0,13,凱基-虎尾,2024-05-10,9236
2409,友達,13,0,13,凱基-虎尾,2024-05-10,9236
2607,榮運,13,0,13,凱基-虎尾,2024-05-10,9236
8070,長華*,13,0,13,凱基-虎尾,2024-05-10,9236
2731,雄獅,12,0,12,凱基-虎尾,2024-05-10,9236
2611,志信,13,2,11,凱基-虎尾,2024-05-10,9236
3058,立德,11,0,11,凱基-虎尾,2024-05-10,9236
4967,十銓,14,3,11,凱基-虎尾,2024-05-10,9236
00669R,國泰美國道瓊反1,10,0,10,凱基-虎尾,2024-05-10,9236
00932,兆豐永續高息等權,10,0,10,凱基-虎尾,2024-05-10,9236
00937B,群益ESG投等債20,11,1,10,凱基-虎尾,2024-05-10,9236
2408,南亞科,12,2,10,凱基-虎尾,2024-05-10,9236
3003,健和興,10,0,10,凱基-虎尾,2024-05-10,9236
3031,佰鴻,10,0,10,凱基-虎尾,2024-05-10,9236
3276,宇環,10,0,10,凱基-虎尾,2024-05-10,9236
5014,建錩,10,0,10,凱基-虎尾,2024-05-10,9236
5515,建國,10,0,10,凱基-虎尾,2024-05-10,9236
8112,至上,14,4,10,凱基-虎尾,2024-05-10,9236
2637,慧洋-KY,10,1,9,凱基-虎尾,2024-05-10,9236
2809,京城銀,13,4,9,凱基-虎尾,2024-05-10,9236
1268,漢來美食,8,0,8,凱基-虎尾,2024-05-10,9236
6248,沛波,8,0,8,凱基-虎尾,2024-05-10,9236
2606,裕民,24,16,8,凱基-虎尾,2024-05-10,9236
1101,台泥,9,2,7,凱基-虎尾,2024-05-10,9236
2887,台新金,90,0,90,凱基-虎尾,2024-05-13,9236
00937B,群益ESG投等債20,82,3,79,凱基-虎尾,2024-05-13,9236
2915,潤泰全,87,9,78,凱基-虎尾,2024-05-13,9236
2363,矽統,76,17,59,凱基-虎尾,2024-05-13,9236
1616,億泰,52,0,52,凱基-虎尾,2024-05-13,9236
2618,長榮航,82,34,48,凱基-虎尾,2024-05-13,9236
00878,國泰永續高股息,55,11,44,凱基-虎尾,2024-05-13,9236
6546,正基,44,0,44,凱基-虎尾,2024-05-13,9236
00929,復華台灣科技優息,46,6,40,凱基-虎尾,2024-05-13,9236
1815,富喬,36,1,35,凱基-虎尾,2024-05-13,9236
00936,台新永續高息中小,32,0,32,凱基-虎尾,2024-05-13,9236
5371,中光電,32,1,31,凱基-虎尾,2024-05-13,9236
6770,力積電,31,0,31,凱基-虎尾,2024-05-13,9236
2882,國泰金,53,22,31,凱基-虎尾,2024-05-13,9236
4716,大立,30,0,30,凱基-虎尾,2024-05-13,9236
00673R,期元大S＆P原油反1,35,10,25,凱基-虎尾,2024-05-13,9236
9945,潤泰新,32,7,25,凱基-虎尾,2024-05-13,9236
2331,精英,24,0,24,凱基-虎尾,2024-05-13,9236
2371,大同,52,29,23,凱基-虎尾,2024-05-13,9236
2603,長榮,80,58,22,凱基-虎尾,2024-05-13,9236
2362,藍天,28,7,21,凱基-虎尾,2024-05-13,9236
00933B,國泰10Y+金融債,20,0,20,凱基-虎尾,2024-05-13,9236
00632R,元大台灣50反1,20,0,20,凱基-虎尾,2024-05-13,9236
5864,致和證,20,0,20,凱基-虎尾,2024-05-13,9236
3231,緯創,21,2,19,凱基-虎尾,2024-05-13,9236
00715L,期街口布蘭特正2,19,0,19,凱基-虎尾,2024-05-13,9236
00919,群益台灣精選高息,22,3,19,凱基-虎尾,2024-05-13,9236
6556,勝品,18,0,18,凱基-虎尾,2024-05-13,9236
00944,野村趨勢動能高息,18,2,16,凱基-虎尾,2024-05-13,9236
5425,台半,15,0,15,凱基-虎尾,2024-05-13,9236
2317,鴻海,1523,1510,13,凱基-虎尾,2024-05-13,9236
00923,群益台ESG低碳50,18,5,13,凱基-虎尾,2024-05-13,9236
3363,上詮,37,24,13,凱基-虎尾,2024-05-13,9236
1104,環泥,12,0,12,凱基-虎尾,2024-05-13,9236
2312,金寶,12,0,12,凱基-虎尾,2024-05-13,9236
3013,晟銘電,17,5,12,凱基-虎尾,2024-05-13,9236
5434,崇越,12,0,12,凱基-虎尾,2024-05-13,9236
1513,中興電,15,5,10,凱基-虎尾,2024-05-13,9236
2382,廣達,515,505,10,凱基-虎尾,2024-05-13,9236
00751B,元大AAA至A公司債,10,0,10,凱基-虎尾,2024-05-13,9236
1110,東泥,10,0,10,凱基-虎尾,2024-05-13,9236
2547,日勝生,10,0,10,凱基-虎尾,2024-05-13,9236
3325,旭品,10,0,10,凱基-虎尾,2024-05-13,9236
4545,銘鈺,11,1,10,凱基-虎尾,2024-05-13,9236
5876,上海商銀,10,0,10,凱基-虎尾,2024-05-13,9236
1442,名軒,10,0,10,凱基-虎尾,2024-05-13,9236
2606,裕民,18,9,9,凱基-虎尾,2024-05-13,9236
1710,東聯,9,0,9,凱基-虎尾,2024-05-13,9236
5521,工信,9,0,9,凱基-虎尾,2024-05-13,9236
6125,廣運,16,7,9,凱基-虎尾,2024-05-13,9236
00940,元大台灣價值高息,118,6,112,凱基-虎尾,2024-05-14,9236
1101,台泥,112,1,111,凱基-虎尾,2024-05-14,9236
3047,訊舟,105,7,98,凱基-虎尾,2024-05-14,9236
3062,建漢,100,10,90,凱基-虎尾,2024-05-14,9236
2367,燿華,264,201,63,凱基-虎尾,2024-05-14,9236
2476,鉅祥,56,4,52,凱基-虎尾,2024-05-14,9236
6215,和椿,55,6,49,凱基-虎尾,2024-05-14,9236
3372,典範,44,2,42,凱基-虎尾,2024-05-14,9236
2834,臺企銀,41,0,41,凱基-虎尾,2024-05-14,9236
00937B,群益ESG投等債20,33,0,33,凱基-虎尾,2024-05-14,9236
2359,所羅門,58,25,33,凱基-虎尾,2024-05-14,9236
2882,國泰金,47,16,31,凱基-虎尾,2024-05-14,9236
2611,志信,33,2,31,凱基-虎尾,2024-05-14,9236
5608,四維航,41,11,30,凱基-虎尾,2024-05-14,9236
2374,佳能,63,35,28,凱基-虎尾,2024-05-14,9236
2615,萬海,152,130,22,凱基-虎尾,2024-05-14,9236
2317,鴻海,2939,2917,22,凱基-虎尾,2024-05-14,9236
2605,新興,106,86,20,凱基-虎尾,2024-05-14,9236
2323,中環,30,10,20,凱基-虎尾,2024-05-14,9236
2371,大同,27,10,17,凱基-虎尾,2024-05-14,9236
00933B,國泰10Y+金融債,16,1,15,凱基-虎尾,2024-05-14,9236
1710,東聯,15,0,15,凱基-虎尾,2024-05-14,9236
2208,台船,15,0,15,凱基-虎尾,2024-05-14,9236
2634,漢翔,23,10,13,凱基-虎尾,2024-05-14,9236
2206,三陽工業,14,1,13,凱基-虎尾,2024-05-14,9236
2617,台航,25,12,13,凱基-虎尾,2024-05-14,9236
5469,瀚宇博,13,0,13,凱基-虎尾,2024-05-14,9236
5607,遠雄港,13,0,13,凱基-虎尾,2024-05-14,9236
2606,裕民,18,5,13,凱基-虎尾,2024-05-14,9236
2355,敬鵬,18,6,12,凱基-虎尾,2024-05-14,9236
2884,玉山金,12,0,12,凱基-虎尾,2024-05-14,9236
4909,新復興,14,2,12,凱基-虎尾,2024-05-14,9236
2641,正德,20,9,11,凱基-虎尾,2024-05-14,9236
00929,復華台灣科技優息,11,0,11,凱基-虎尾,2024-05-14,9236
1563,巧新,13,2,11,凱基-虎尾,2024-05-14,9236
3706,神達,27,16,11,凱基-虎尾,2024-05-14,9236
1316,上曜,10,0,10,凱基-虎尾,2024-05-14,9236
1721,三晃,10,0,10,凱基-虎尾,2024-05-14,9236
2349,錸德,10,0,10,凱基-虎尾,2024-05-14,9236
2501,國建,16,6,10,凱基-虎尾,2024-05-14,9236
2542,興富發,10,0,10,凱基-虎尾,2024-05-14,9236
2630,亞航,11,1,10,凱基-虎尾,2024-05-14,9236
6166,凌華,10,0,10,凱基-虎尾,2024-05-14,9236
8222,寶一,10,0,10,凱基-虎尾,2024-05-14,9236
2887,台新金,10,0,10,凱基-虎尾,2024-05-14,9236
3231,緯創,2018,2009,9,凱基-虎尾,2024-05-14,9236
3268,海德威,11,2,9,凱基-虎尾,2024-05-14,9236
3512,皇龍,9,0,9,凱基-虎尾,2024-05-14,9236
4542,科嶠,9,0,9,凱基-虎尾,2024-05-14,9236
1598,岱宇,8,0,8,凱基-虎尾,2024-05-14,9236
00706L,期元大S＆P日圓正2,97,0,97,凱基-虎尾,2024-05-15,9236
00937B,群益ESG投等債20,95,0,95,凱基-虎尾,2024-05-15,9236
00632R,元大台灣50反1,67,0,67,凱基-虎尾,2024-05-15,9236
8096,擎亞,62,9,53,凱基-虎尾,2024-05-15,9236
2801,彰銀,50,0,50,凱基-虎尾,2024-05-15,9236
1591,駿吉-KY,51,2,49,凱基-虎尾,2024-05-15,9236
00940,元大台灣價值高息,50,8,42,凱基-虎尾,2024-05-15,9236
00919,群益台灣精選高息,41,0,41,凱基-虎尾,2024-05-15,9236
9945,潤泰新,68,27,41,凱基-虎尾,2024-05-15,9236
1617,榮星,38,0,38,凱基-虎尾,2024-05-15,9236
2353,宏��,59,25,34,凱基-虎尾,2024-05-15,9236
3313,斐成,30,0,30,凱基-虎尾,2024-05-15,9236
5706,鳳凰,30,0,30,凱基-虎尾,2024-05-15,9236
6117,迎廣,30,0,30,凱基-虎尾,2024-05-15,9236
2731,雄獅,30,2,28,凱基-虎尾,2024-05-15,9236
7402,邑錡,25,2,23,凱基-虎尾,2024-05-15,9236
3490,單井,21,1,20,凱基-虎尾,2024-05-15,9236
1608,華榮,31,13,18,凱基-虎尾,2024-05-15,9236
8110,華東,25,7,18,凱基-虎尾,2024-05-15,9236
00929,復華台灣科技優息,23,5,18,凱基-虎尾,2024-05-15,9236
2362,藍天,23,6,17,凱基-虎尾,2024-05-15,9236
2515,中工,24,9,15,凱基-虎尾,2024-05-15,9236
5607,遠雄港,15,0,15,凱基-虎尾,2024-05-15,9236
00715L,期街口布蘭特正2,14,0,14,凱基-虎尾,2024-05-15,9236
3481,群創,15,1,14,凱基-虎尾,2024-05-15,9236
8358,金居,18,4,14,凱基-虎尾,2024-05-15,9236
1524,耿鼎,13,0,13,凱基-虎尾,2024-05-15,9236
2009,第一銅,17,4,13,凱基-虎尾,2024-05-15,9236
2603,長榮,82,71,11,凱基-虎尾,2024-05-15,9236
1616,億泰,15,4,11,凱基-虎尾,2024-05-15,9236
1314,中石化,25,15,10,凱基-虎尾,2024-05-15,9236
1464,得力,10,0,10,凱基-虎尾,2024-05-15,9236
1710,東聯,10,0,10,凱基-虎尾,2024-05-15,9236
2314,台揚,10,0,10,凱基-虎尾,2024-05-15,9236
2890,永豐金,11,1,10,凱基-虎尾,2024-05-15,9236
3276,宇環,10,0,10,凱基-虎尾,2024-05-15,9236
3308,聯德,10,0,10,凱基-虎尾,2024-05-15,9236
6451,訊芯-KY,13,3,10,凱基-虎尾,2024-05-15,9236
8071,能率網通,18,8,10,凱基-虎尾,2024-05-15,9236
4533,協易機,15,6,9,凱基-虎尾,2024-05-15,9236
3576,聯合再生,12,3,9,凱基-虎尾,2024-05-15,9236
1310,台苯,8,0,8,凱基-虎尾,2024-05-15,9236
2323,中環,13,5,8,凱基-虎尾,2024-05-15,9236
3060,銘異,11,3,8,凱基-虎尾,2024-05-15,9236
3356,奇偶,8,0,8,凱基-虎尾,2024-05-15,9236
4967,十銓,8,0,8,凱基-虎尾,2024-05-15,9236
2618,長榮航,20,13,7,凱基-虎尾,2024-05-15,9236
4543,萬在,40,33,7,凱基-虎尾,2024-05-15,9236
2365,昆盈,95,89,6,凱基-虎尾,2024-05-15,9236
2816,旺旺保,6,0,6,凱基-虎尾,2024-05-15,9236
9945,潤泰新,164,30,134,凱基-虎尾,2024-05-16,9236
2605,新興,101,2,99,凱基-虎尾,2024-05-16,9236
00679B,元大美債20年,93,32,61,凱基-虎尾,2024-05-16,9236
00664R,國泰臺灣加權反1,60,0,60,凱基-虎尾,2024-05-16,9236
00680L,元大美債20正2,60,4,56,凱基-虎尾,2024-05-16,9236
1618,合機,55,15,40,凱基-虎尾,2024-05-16,9236
2636,台驊控股,35,0,35,凱基-虎尾,2024-05-16,9236
8050,廣積,31,0,31,凱基-虎尾,2024-05-16,9236
1316,上曜,30,0,30,凱基-虎尾,2024-05-16,9236
5608,四維航,30,1,29,凱基-虎尾,2024-05-16,9236
2356,英業達,38,10,28,凱基-虎尾,2024-05-16,9236
2612,中航,25,0,25,凱基-虎尾,2024-05-16,9236
2359,所羅門,55,33,22,凱基-虎尾,2024-05-16,9236
6770,力積電,36,15,21,凱基-虎尾,2024-05-16,9236
5351,鈺創,25,8,17,凱基-虎尾,2024-05-16,9236
2603,長榮,115,100,15,凱基-虎尾,2024-05-16,9236
2382,廣達,43,30,13,凱基-虎尾,2024-05-16,9236
00937B,群益ESG投等債20,11,0,11,凱基-虎尾,2024-05-16,9236
2355,敬鵬,16,5,11,凱基-虎尾,2024-05-16,9236
2537,聯上發,11,0,11,凱基-虎尾,2024-05-16,9236
5457,宣德,11,0,11,凱基-虎尾,2024-05-16,9236
00669R,國泰美國道瓊反1,10,0,10,凱基-虎尾,2024-05-16,9236
1616,億泰,10,0,10,凱基-虎尾,2024-05-16,9236
2025,千興,10,0,10,凱基-虎尾,2024-05-16,9236
2101,南港,18,8,10,凱基-虎尾,2024-05-16,9236
3051,力特,11,1,10,凱基-虎尾,2024-05-16,9236
5009,榮剛,10,0,10,凱基-虎尾,2024-05-16,9236
5864,致和證,10,0,10,凱基-虎尾,2024-05-16,9236
9907,統一實,10,0,10,凱基-虎尾,2024-05-16,9236
1710,東聯,9,0,9,凱基-虎尾,2024-05-16,9236
5512,力麒,10,1,9,凱基-虎尾,2024-05-16,9236
2465,麗臺,8,0,8,凱基-虎尾,2024-05-16,9236
3605,宏致,9,1,8,凱基-虎尾,2024-05-16,9236
6768,志強-KY,9,1,8,凱基-虎尾,2024-05-16,9236
2020,美亞,8,1,7,凱基-虎尾,2024-05-16,9236
2501,國建,15,8,7,凱基-虎尾,2024-05-16,9236
6257,矽格,11,4,7,凱基-虎尾,2024-05-16,9236
2905,三商,6,0,6,凱基-虎尾,2024-05-16,9236
5230,雷笛克光學,6,0,6,凱基-虎尾,2024-05-16,9236
9910,豐泰,6,0,6,凱基-虎尾,2024-05-16,9236
2609,陽明,305,299,6,凱基-虎尾,2024-05-16,9236
3481,群創,15,9,6,凱基-虎尾,2024-05-16,9236
00909,國泰數位支付服務,5,0,5,凱基-虎尾,2024-05-16,9236
00738U,期元大道瓊白銀,5,0,5,凱基-虎尾,2024-05-16,9236
1440,南紡,5,0,5,凱基-虎尾,2024-05-16,9236
1903,士紙,6,1,5,凱基-虎尾,2024-05-16,9236
2313,華通,7,2,5,凱基-虎尾,2024-05-16,9236
2613,中櫃,6,1,5,凱基-虎尾,2024-05-16,9236
3033,威健,10,5,5,凱基-虎尾,2024-05-16,9236
3059,華晶科,13,8,5,凱基-虎尾,2024-05-16,9236
00929,復華台灣科技優息,135,1,134,凱基-虎尾,2024-05-17,9236
00878,國泰永續高股息,146,19,127,凱基-虎尾,2024-05-17,9236
00940,元大台灣價值高息,116,3,113,凱基-虎尾,2024-05-17,9236
2489,瑞軒,179,84,95,凱基-虎尾,2024-05-17,9236
6265,方土昶,69,0,69,凱基-虎尾,2024-05-17,9236
00664R,國泰臺灣加權反1,60,0,60,凱基-虎尾,2024-05-17,9236
1569,濱川,57,0,57,凱基-虎尾,2024-05-17,9236
2449,京元電子,55,1,54,凱基-虎尾,2024-05-17,9236
6125,廣運,51,1,50,凱基-虎尾,2024-05-17,9236
9945,潤泰新,50,7,43,凱基-虎尾,2024-05-17,9236
8089,康全電訊,41,1,40,凱基-虎尾,2024-05-17,9236
2323,中環,40,1,39,凱基-虎尾,2024-05-17,9236
2349,錸德,44,6,38,凱基-虎尾,2024-05-17,9236
3406,玉晶光,96,61,35,凱基-虎尾,2024-05-17,9236
3576,聯合再生,56,21,35,凱基-虎尾,2024-05-17,9236
1720,生達,38,8,30,凱基-虎尾,2024-05-17,9236
2634,漢翔,34,5,29,凱基-虎尾,2024-05-17,9236
8033,雷虎,37,8,29,凱基-虎尾,2024-05-17,9236
3481,群創,28,0,28,凱基-虎尾,2024-05-17,9236
4561,健椿,40,12,28,凱基-虎尾,2024-05-17,9236
2338,光罩,26,0,26,凱基-虎尾,2024-05-17,9236
5392,能率,33,7,26,凱基-虎尾,2024-05-17,9236
00919,群益台灣精選高息,26,0,26,凱基-虎尾,2024-05-17,9236
3605,宏致,30,7,23,凱基-虎尾,2024-05-17,9236
6147,頎邦,23,0,23,凱基-虎尾,2024-05-17,9236
5608,四維航,22,0,22,凱基-虎尾,2024-05-17,9236
6667,信紘科,21,0,21,凱基-虎尾,2024-05-17,9236
00680L,元大美債20正2,20,0,20,凱基-虎尾,2024-05-17,9236
00715L,期街口布蘭特正2,20,1,19,凱基-虎尾,2024-05-17,9236
4167,松瑞藥,21,2,19,凱基-虎尾,2024-05-17,9236
6182,合晶,17,0,17,凱基-虎尾,2024-05-17,9236
3312,弘憶股,18,3,15,凱基-虎尾,2024-05-17,9236
00687B,國泰20年美債,15,1,14,凱基-虎尾,2024-05-17,9236
3712,永崴投控,14,0,14,凱基-虎尾,2024-05-17,9236
6215,和椿,18,4,14,凱基-虎尾,2024-05-17,9236
1609,大亞,19,6,13,凱基-虎尾,2024-05-17,9236
3043,科風,15,2,13,凱基-虎尾,2024-05-17,9236
3360,尚立,12,0,12,凱基-虎尾,2024-05-17,9236
6188,廣明,17,5,12,凱基-虎尾,2024-05-17,9236
3060,銘異,13,2,11,凱基-虎尾,2024-05-17,9236
00944,野村趨勢動能高息,11,0,11,凱基-虎尾,2024-05-17,9236
2476,鉅祥,13,2,11,凱基-虎尾,2024-05-17,9236
1795,美時,17,6,11,凱基-虎尾,2024-05-17,9236
8028,昇陽半導體,20,10,10,凱基-虎尾,2024-05-17,9236
00902,中信電池及儲能,10,0,10,凱基-虎尾,2024-05-17,9236
00930,永豐ESG低碳高息,10,0,10,凱基-虎尾,2024-05-17,9236
1109,信大,10,0,10,凱基-虎尾,2024-05-17,9236
2208,台船,10,0,10,凱基-虎尾,2024-05-17,9236
2353,宏��,13,3,10,凱基-虎尾,2024-05-17,9236
2405,輔信,10,0,10,凱基-虎尾,2024-05-17,9236
2887,台新金,205,0,205,凱基-虎尾,2024-05-20,9236
3033,威健,222,31,191,凱基-虎尾,2024-05-20,9236
00929,復華台灣科技優息,139,56,83,凱基-虎尾,2024-05-20,9236
2867,三商壽,102,39,63,凱基-虎尾,2024-05-20,9236
3686,達能,60,0,60,凱基-虎尾,2024-05-20,9236
00940,元大台灣價值高息,91,33,58,凱基-虎尾,2024-05-20,9236
2323,中環,51,3,48,凱基-虎尾,2024-05-20,9236
2547,日勝生,46,0,46,凱基-虎尾,2024-05-20,9236
3712,永崴投控,42,0,42,凱基-虎尾,2024-05-20,9236
9945,潤泰新,37,1,36,凱基-虎尾,2024-05-20,9236
00673R,期元大S＆P原油反1,35,0,35,凱基-虎尾,2024-05-20,9236
3287,廣寰科,31,1,30,凱基-虎尾,2024-05-20,9236
2890,永豐金,32,2,30,凱基-虎尾,2024-05-20,9236
2892,第一金,38,9,29,凱基-虎尾,2024-05-20,9236
3231,緯創,279,252,27,凱基-虎尾,2024-05-20,9236
3303,岱稜,58,33,25,凱基-虎尾,2024-05-20,9236
1608,華榮,43,19,24,凱基-虎尾,2024-05-20,9236
5515,建國,25,1,24,凱基-虎尾,2024-05-20,9236
2025,千興,23,2,21,凱基-虎尾,2024-05-20,9236
3441,聯一光,20,0,20,凱基-虎尾,2024-05-20,9236
2359,所羅門,41,21,20,凱基-虎尾,2024-05-20,9236
5434,崇越,23,4,19,凱基-虎尾,2024-05-20,9236
2317,鴻海,20,3,17,凱基-虎尾,2024-05-20,9236
1524,耿鼎,19,3,16,凱基-虎尾,2024-05-20,9236
2356,英業達,21,5,16,凱基-虎尾,2024-05-20,9236
2374,佳能,68,52,16,凱基-虎尾,2024-05-20,9236
2915,潤泰全,20,4,16,凱基-虎尾,2024-05-20,9236
1101,台泥,15,0,15,凱基-虎尾,2024-05-20,9236
2405,輔信,15,0,15,凱基-虎尾,2024-05-20,9236
2515,中工,15,1,14,凱基-虎尾,2024-05-20,9236
2618,長榮航,103,89,14,凱基-虎尾,2024-05-20,9236
5371,中光電,14,0,14,凱基-虎尾,2024-05-20,9236
5498,凱崴,14,0,14,凱基-虎尾,2024-05-20,9236
00679B,元大美債20年,13,0,13,凱基-虎尾,2024-05-20,9236
6215,和椿,37,24,13,凱基-虎尾,2024-05-20,9236
2392,正崴,59,47,12,凱基-虎尾,2024-05-20,9236
3702,大聯大,14,2,12,凱基-虎尾,2024-05-20,9236
2460,建通,11,0,11,凱基-虎尾,2024-05-20,9236
6770,力積電,14,3,11,凱基-虎尾,2024-05-20,9236
00933B,國泰10Y+金融債,10,0,10,凱基-虎尾,2024-05-20,9236
2401,凌陽,10,0,10,凱基-虎尾,2024-05-20,9236
5607,遠雄港,10,0,10,凱基-虎尾,2024-05-20,9236
5706,鳳凰,17,7,10,凱基-虎尾,2024-05-20,9236
6133,金橋,10,0,10,凱基-虎尾,2024-05-20,9236
2034,允強,12,3,9,凱基-虎尾,2024-05-20,9236
2316,楠梓電,12,3,9,凱基-虎尾,2024-05-20,9236
2542,興富發,10,1,9,凱基-虎尾,2024-05-20,9236
6928,攸泰科技,30,21,9,凱基-虎尾,2024-05-20,9236
2880,華南金,9,0,9,凱基-虎尾,2024-05-20,9236
00878,國泰永續高股息,11,3,8,凱基-虎尾,2024-05-20,9236
00929,復華台灣科技優息,124,4,120,凱基-虎尾,2024-05-21,9236
00919,群益台灣精選高息,77,0,77,凱基-虎尾,2024-05-21,9236
2489,瑞軒,99,37,62,凱基-虎尾,2024-05-21,9236
3339,泰谷,56,10,46,凱基-虎尾,2024-05-21,9236
3540,曜越,45,2,43,凱基-虎尾,2024-05-21,9236
2464,盟立,71,29,42,凱基-虎尾,2024-05-21,9236
2887,台新金,40,0,40,凱基-虎尾,2024-05-21,9236
2610,華航,47,9,38,凱基-虎尾,2024-05-21,9236
1809,中釉,37,1,36,凱基-虎尾,2024-05-21,9236
2392,正崴,56,21,35,凱基-虎尾,2024-05-21,9236
1101,台泥,34,2,32,凱基-虎尾,2024-05-21,9236
6153,嘉聯益,32,4,28,凱基-虎尾,2024-05-21,9236
1710,東聯,27,0,27,凱基-虎尾,2024-05-21,9236
3013,晟銘電,45,20,25,凱基-虎尾,2024-05-21,9236
9904,寶成,24,1,23,凱基-虎尾,2024-05-21,9236
2241,艾姆勒,30,8,22,凱基-虎尾,2024-05-21,9236
2883,凱基金,31,10,21,凱基-虎尾,2024-05-21,9236
2427,三商電,21,0,21,凱基-虎尾,2024-05-21,9236
00937B,群益ESG投等債20,20,0,20,凱基-虎尾,2024-05-21,9236
00688L,國泰20年美債正2,20,0,20,凱基-虎尾,2024-05-21,9236
1789,神隆,21,1,20,凱基-虎尾,2024-05-21,9236
2367,燿華,115,96,19,凱基-虎尾,2024-05-21,9236
2312,金寶,20,3,17,凱基-虎尾,2024-05-21,9236
3231,緯創,25,8,17,凱基-虎尾,2024-05-21,9236
1301,台塑,18,1,17,凱基-虎尾,2024-05-21,9236
2486,一詮,47,31,16,凱基-虎尾,2024-05-21,9236
5392,能率,37,21,16,凱基-虎尾,2024-05-21,9236
9945,潤泰新,17,1,16,凱基-虎尾,2024-05-21,9236
00878,國泰永續高股息,16,0,16,凱基-虎尾,2024-05-21,9236
2359,所羅門,40,25,15,凱基-虎尾,2024-05-21,9236
00940,元大台灣價值高息,17,2,15,凱基-虎尾,2024-05-21,9236
00909,國泰數位支付服務,15,0,15,凱基-虎尾,2024-05-21,9236
2009,第一銅,102,87,15,凱基-虎尾,2024-05-21,9236
2467,志聖,17,2,15,凱基-虎尾,2024-05-21,9236
2515,中工,16,1,15,凱基-虎尾,2024-05-21,9236
6215,和椿,48,33,15,凱基-虎尾,2024-05-21,9236
1303,南亞,14,0,14,凱基-虎尾,2024-05-21,9236
1587,吉茂,27,14,13,凱基-虎尾,2024-05-21,9236
3059,華晶科,16,3,13,凱基-虎尾,2024-05-21,9236
1522,堤維西,14,2,12,凱基-虎尾,2024-05-21,9236
00753L,中信中國50正2,19,8,11,凱基-虎尾,2024-05-21,9236
5230,雷笛克光學,11,0,11,凱基-虎尾,2024-05-21,9236
6275,元山,13,2,11,凱基-虎尾,2024-05-21,9236
8064,東捷,19,8,11,凱基-虎尾,2024-05-21,9236
2880,華南金,12,1,11,凱基-虎尾,2024-05-21,9236
00900,富邦特選高股息30,11,1,10,凱基-虎尾,2024-05-21,9236
00712,復華富時不動產,10,0,10,凱基-虎尾,2024-05-21,9236
00680L,元大美債20正2,10,0,10,凱基-虎尾,2024-05-21,9236
00926,凱基全球菁英55,10,0,10,凱基-虎尾,2024-05-21,9236
00924,復華S＆P500成長,10,0,10,凱基-虎尾,2024-05-21,9236
3231,緯創,2187,1452,735,凱基-虎尾,2024-05-22,9236
6190,萬泰科,214,77,137,凱基-虎尾,2024-05-22,9236
2887,台新金,100,1,99,凱基-虎尾,2024-05-22,9236
8110,華東,60,6,54,凱基-虎尾,2024-05-22,9236
5309,系統電,50,3,47,凱基-虎尾,2024-05-22,9236
5469,瀚宇博,50,7,43,凱基-虎尾,2024-05-22,9236
2009,第一銅,96,57,39,凱基-虎尾,2024-05-22,9236
8358,金居,70,32,38,凱基-虎尾,2024-05-22,9236
00919,群益台灣精選高息,57,21,36,凱基-虎尾,2024-05-22,9236
2401,凌陽,37,1,36,凱基-虎尾,2024-05-22,9236
9945,潤泰新,34,1,33,凱基-虎尾,2024-05-22,9236
00715L,期街口布蘭特正2,32,0,32,凱基-虎尾,2024-05-22,9236
2427,三商電,30,0,30,凱基-虎尾,2024-05-22,9236
4960,誠美材,71,41,30,凱基-虎尾,2024-05-22,9236
2537,聯上發,29,0,29,凱基-虎尾,2024-05-22,9236
6229,研通,29,0,29,凱基-虎尾,2024-05-22,9236
00918,大華優利高填息30,30,2,28,凱基-虎尾,2024-05-22,9236
00944,野村趨勢動能高息,25,0,25,凱基-虎尾,2024-05-22,9236
1725,元禎,25,0,25,凱基-虎尾,2024-05-22,9236
4714,永捷,25,0,25,凱基-虎尾,2024-05-22,9236
2634,漢翔,25,0,25,凱基-虎尾,2024-05-22,9236
4106,雃博,24,0,24,凱基-虎尾,2024-05-22,9236
3227,原相,27,6,21,凱基-虎尾,2024-05-22,9236
4571,鈞興-KY,20,2,18,凱基-虎尾,2024-05-22,9236
3605,宏致,17,0,17,凱基-虎尾,2024-05-22,9236
8028,昇陽半導體,20,3,17,凱基-虎尾,2024-05-22,9236
1303,南亞,24,8,16,凱基-虎尾,2024-05-22,9236
3360,尚立,20,4,16,凱基-虎尾,2024-05-22,9236
2382,廣達,17,2,15,凱基-虎尾,2024-05-22,9236
1101,台泥,28,13,15,凱基-虎尾,2024-05-22,9236
5425,台半,15,0,15,凱基-虎尾,2024-05-22,9236
3059,華晶科,40,25,15,凱基-虎尾,2024-05-22,9236
2002,中鋼,315,300,15,凱基-虎尾,2024-05-22,9236
6215,和椿,24,10,14,凱基-虎尾,2024-05-22,9236
2105,正新,16,2,14,凱基-虎尾,2024-05-22,9236
3264,欣銓,14,0,14,凱基-虎尾,2024-05-22,9236
2458,義隆,13,0,13,凱基-虎尾,2024-05-22,9236
1301,台塑,12,0,12,凱基-虎尾,2024-05-22,9236
2618,長榮航,30,18,12,凱基-虎尾,2024-05-22,9236
3376,新日興,25,13,12,凱基-虎尾,2024-05-22,9236
1409,新纖,12,1,11,凱基-虎尾,2024-05-22,9236
3622,洋華,11,0,11,凱基-虎尾,2024-05-22,9236
4952,凌通,12,1,11,凱基-虎尾,2024-05-22,9236
6116,彩晶,11,0,11,凱基-虎尾,2024-05-22,9236
5608,四維航,21,10,11,凱基-虎尾,2024-05-22,9236
1316,上曜,10,0,10,凱基-虎尾,2024-05-22,9236
1314,中石化,10,0,10,凱基-虎尾,2024-05-22,9236
00936,台新永續高息中小,10,0,10,凱基-虎尾,2024-05-22,9236
2331,精英,19,9,10,凱基-虎尾,2024-05-22,9236
2506,太設,10,0,10,凱基-虎尾,2024-05-22,9236
4714,永捷,178,25,153,凱基-虎尾,2024-05-23,9236
6190,萬泰科,81,3,78,凱基-虎尾,2024-05-23,9236
8033,雷虎,83,24,59,凱基-虎尾,2024-05-23,9236
4533,協易機,112,59,53,凱基-虎尾,2024-05-23,9236
00936,台新永續高息中小,52,0,52,凱基-虎尾,2024-05-23,9236
00878,國泰永續高股息,54,3,51,凱基-虎尾,2024-05-23,9236
00944,野村趨勢動能高息,39,0,39,凱基-虎尾,2024-05-23,9236
3712,永崴投控,38,0,38,凱基-虎尾,2024-05-23,9236
2371,大同,34,1,33,凱基-虎尾,2024-05-23,9236
2354,鴻準,45,12,33,凱基-虎尾,2024-05-23,9236
2618,長榮航,38,8,30,凱基-虎尾,2024-05-23,9236
00753L,中信中國50正2,48,18,30,凱基-虎尾,2024-05-23,9236
2867,三商壽,28,0,28,凱基-虎尾,2024-05-23,9236
2356,英業達,27,0,27,凱基-虎尾,2024-05-23,9236
3260,威剛,27,0,27,凱基-虎尾,2024-05-23,9236
1810,和成,35,10,25,凱基-虎尾,2024-05-23,9236
2882,國泰金,29,5,24,凱基-虎尾,2024-05-23,9236
00715L,期街口布蘭特正2,25,1,24,凱基-虎尾,2024-05-23,9236
2359,所羅門,32,10,22,凱基-虎尾,2024-05-23,9236
2352,佳世達,23,1,22,凱基-虎尾,2024-05-23,9236
2884,玉山金,22,0,22,凱基-虎尾,2024-05-23,9236
00918,大華優利高填息30,21,0,21,凱基-虎尾,2024-05-23,9236
00932,兆豐永續高息等權,21,0,21,凱基-虎尾,2024-05-23,9236
2483,百容,22,2,20,凱基-虎尾,2024-05-23,9236
3339,泰谷,20,0,20,凱基-虎尾,2024-05-23,9236
2002,中鋼,19,0,19,凱基-虎尾,2024-05-23,9236
2392,正崴,38,19,19,凱基-虎尾,2024-05-23,9236
2609,陽明,18,0,18,凱基-虎尾,2024-05-23,9236
6742,澤米,18,0,18,凱基-虎尾,2024-05-23,9236
3338,泰碩,24,8,16,凱基-虎尾,2024-05-23,9236
1710,東聯,15,0,15,凱基-虎尾,2024-05-23,9236
4561,健椿,21,6,15,凱基-虎尾,2024-05-23,9236
5371,中光電,20,5,15,凱基-虎尾,2024-05-23,9236
9904,寶成,15,0,15,凱基-虎尾,2024-05-23,9236
1611,中電,14,0,14,凱基-虎尾,2024-05-23,9236
2241,艾姆勒,16,2,14,凱基-虎尾,2024-05-23,9236
9945,潤泰新,14,0,14,凱基-虎尾,2024-05-23,9236
4976,佳凌,17,4,13,凱基-虎尾,2024-05-23,9236
1605,華新,13,0,13,凱基-虎尾,2024-05-23,9236
00939,統一台灣高息動能,12,0,12,凱基-虎尾,2024-05-23,9236
2302,麗正,14,2,12,凱基-虎尾,2024-05-23,9236
6218,豪勉,12,0,12,凱基-虎尾,2024-05-23,9236
8071,能率網通,13,1,12,凱基-虎尾,2024-05-23,9236
00632R,元大台灣50反1,11,0,11,凱基-虎尾,2024-05-23,9236
1301,台塑,12,1,11,凱基-虎尾,2024-05-23,9236
3006,晶豪科,11,0,11,凱基-虎尾,2024-05-23,9236
3576,聯合再生,11,0,11,凱基-虎尾,2024-05-23,9236
3060,銘異,14,4,10,凱基-虎尾,2024-05-23,9236
1227,佳格,10,0,10,凱基-虎尾,2024-05-23,9236
00637L,元大滬深300正2,10,0,10,凱基-虎尾,2024-05-23,9236
3231,緯創,1503,712,791,凱基-虎尾,2024-05-24,9236
2317,鴻海,214,5,209,凱基-虎尾,2024-05-24,9236
2489,瑞軒,117,10,107,凱基-虎尾,2024-05-24,9236
00939,統一台灣高息動能,100,6,94,凱基-虎尾,2024-05-24,9236
3605,宏致,53,3,50,凱基-虎尾,2024-05-24,9236
00937B,群益ESG投等債20,70,26,44,凱基-虎尾,2024-05-24,9236
00673R,期元大S＆P原油反1,39,0,39,凱基-虎尾,2024-05-24,9236
2365,昆盈,100,64,36,凱基-虎尾,2024-05-24,9236
3033,威健,38,5,33,凱基-虎尾,2024-05-24,9236
00712,復華富時不動產,29,0,29,凱基-虎尾,2024-05-24,9236
5452,佶優,30,1,29,凱基-虎尾,2024-05-24,9236
2867,三商壽,27,0,27,凱基-虎尾,2024-05-24,9236
2609,陽明,42,16,26,凱基-虎尾,2024-05-24,9236
2511,太子,25,0,25,凱基-虎尾,2024-05-24,9236
8064,東捷,30,5,25,凱基-虎尾,2024-05-24,9236
00940,元大台灣價值高息,128,104,24,凱基-虎尾,2024-05-24,9236
8050,廣積,26,2,24,凱基-虎尾,2024-05-24,9236
00753L,中信中國50正2,58,35,23,凱基-虎尾,2024-05-24,9236
2352,佳世達,23,0,23,凱基-虎尾,2024-05-24,9236
1725,元禎,22,0,22,凱基-虎尾,2024-05-24,9236
00929,復華台灣科技優息,23,1,22,凱基-虎尾,2024-05-24,9236
1301,台塑,21,0,21,凱基-虎尾,2024-05-24,9236
3221,台嘉碩,20,0,20,凱基-虎尾,2024-05-24,9236
2464,盟立,27,8,19,凱基-虎尾,2024-05-24,9236
1560,中砂,19,0,19,凱基-虎尾,2024-05-24,9236
5498,凱崴,458,440,18,凱基-虎尾,2024-05-24,9236
2884,玉山金,15,0,15,凱基-虎尾,2024-05-24,9236
3466,德晉,30,15,15,凱基-虎尾,2024-05-24,9236
8028,昇陽半導體,24,10,14,凱基-虎尾,2024-05-24,9236
2353,宏��,127,113,14,凱基-虎尾,2024-05-24,9236
1303,南亞,17,3,14,凱基-虎尾,2024-05-24,9236
2377,微星,14,0,14,凱基-虎尾,2024-05-24,9236
2537,聯上發,14,0,14,凱基-虎尾,2024-05-24,9236
6548,長科*,14,0,14,凱基-虎尾,2024-05-24,9236
4967,十銓,21,8,13,凱基-虎尾,2024-05-24,9236
2892,第一金,13,0,13,凱基-虎尾,2024-05-24,9236
3499,環天科,13,0,13,凱基-虎尾,2024-05-24,9236
2002,中鋼,12,0,12,凱基-虎尾,2024-05-24,9236
4561,健椿,13,1,12,凱基-虎尾,2024-05-24,9236
6770,力積電,16,4,12,凱基-虎尾,2024-05-24,9236
4543,萬在,14,3,11,凱基-虎尾,2024-05-24,9236
6288,聯嘉,11,0,11,凱基-虎尾,2024-05-24,9236
00936,台新永續高息中小,10,0,10,凱基-虎尾,2024-05-24,9236
2388,威盛,10,0,10,凱基-虎尾,2024-05-24,9236
2812,台中銀,10,0,10,凱基-虎尾,2024-05-24,9236
3094,聯傑,10,0,10,凱基-虎尾,2024-05-24,9236
3213,茂訊,10,0,10,凱基-虎尾,2024-05-24,9236
3276,宇環,10,0,10,凱基-虎尾,2024-05-24,9236
3481,群創,25,15,10,凱基-虎尾,2024-05-24,9236
6153,嘉聯益,10,0,10,凱基-虎尾,2024-05-24,9236
2489,瑞軒,432,165,267,凱基-虎尾,2024-05-27,9236
00632R,元大台灣50反1,288,100,188,凱基-虎尾,2024-05-27,9236
2887,台新金,105,0,105,凱基-虎尾,2024-05-27,9236
2337,旺宏,100,0,100,凱基-虎尾,2024-05-27,9236
00937B,群益ESG投等債20,86,0,86,凱基-虎尾,2024-05-27,9236
2883,凱基金,90,4,86,凱基-虎尾,2024-05-27,9236
00929,復華台灣科技優息,87,3,84,凱基-虎尾,2024-05-27,9236
3078,僑威,64,0,64,凱基-虎尾,2024-05-27,9236
4533,協易機,48,0,48,凱基-虎尾,2024-05-27,9236
2454,聯發科,44,0,44,凱基-虎尾,2024-05-27,9236
2385,群光,40,0,40,凱基-虎尾,2024-05-27,9236
4561,健椿,46,7,39,凱基-虎尾,2024-05-27,9236
6742,澤米,39,0,39,凱基-虎尾,2024-05-27,9236
8070,長華*,50,11,39,凱基-虎尾,2024-05-27,9236
9105,泰金寶-DR,39,0,39,凱基-虎尾,2024-05-27,9236
3264,欣銓,30,0,30,凱基-虎尾,2024-05-27,9236
4915,致伸,30,0,30,凱基-虎尾,2024-05-27,9236
2388,威盛,26,0,26,凱基-虎尾,2024-05-27,9236
4906,正文,268,244,24,凱基-虎尾,2024-05-27,9236
8234,新漢,25,2,23,凱基-虎尾,2024-05-27,9236
00664R,國泰臺灣加權反1,20,0,20,凱基-虎尾,2024-05-27,9236
1437,勤益控,21,1,20,凱基-虎尾,2024-05-27,9236
2915,潤泰全,20,0,20,凱基-虎尾,2024-05-27,9236
2609,陽明,50,30,20,凱基-虎尾,2024-05-27,9236
00933B,國泰10Y+金融債,19,0,19,凱基-虎尾,2024-05-27,9236
1611,中電,25,6,19,凱基-虎尾,2024-05-27,9236
2362,藍天,19,0,19,凱基-虎尾,2024-05-27,9236
6187,萬潤,23,4,19,凱基-虎尾,2024-05-27,9236
2371,大同,26,8,18,凱基-虎尾,2024-05-27,9236
2641,正德,21,3,18,凱基-虎尾,2024-05-27,9236
3024,憶聲,19,1,18,凱基-虎尾,2024-05-27,9236
2618,長榮航,27,10,17,凱基-虎尾,2024-05-27,9236
3312,弘憶股,26,9,17,凱基-虎尾,2024-05-27,9236
6189,豐藝,19,3,16,凱基-虎尾,2024-05-27,9236
6207,雷科,18,2,16,凱基-虎尾,2024-05-27,9236
2405,輔信,33,17,16,凱基-虎尾,2024-05-27,9236
00877,復華中國5G,15,0,15,凱基-虎尾,2024-05-27,9236
1340,勝悅-KY,15,0,15,凱基-虎尾,2024-05-27,9236
2332,友訊,15,0,15,凱基-虎尾,2024-05-27,9236
5608,四維航,15,0,15,凱基-虎尾,2024-05-27,9236
6275,元山,16,1,15,凱基-虎尾,2024-05-27,9236
3689,湧德,15,1,14,凱基-虎尾,2024-05-27,9236
6166,凌華,18,4,14,凱基-虎尾,2024-05-27,9236
6928,攸泰科技,14,0,14,凱基-虎尾,2024-05-27,9236
9945,潤泰新,14,0,14,凱基-虎尾,2024-05-27,9236
2382,廣達,24,10,14,凱基-虎尾,2024-05-27,9236
2002,中鋼,23,10,13,凱基-虎尾,2024-05-27,9236
2369,菱生,14,1,13,凱基-虎尾,2024-05-27,9236
2617,台航,14,1,13,凱基-虎尾,2024-05-27,9236
8050,廣積,13,0,13,凱基-虎尾,2024-05-27,9236
4906,正文,245,48,197,凱基-虎尾,2024-05-28,9236
2354,鴻準,256,135,121,凱基-虎尾,2024-05-28,9236
2610,華航,176,58,118,凱基-虎尾,2024-05-28,9236
1815,富喬,108,41,67,凱基-虎尾,2024-05-28,9236
1303,南亞,71,12,59,凱基-虎尾,2024-05-28,9236
00673R,期元大S＆P原油反1,53,0,53,凱基-虎尾,2024-05-28,9236
6411,晶焱,48,1,47,凱基-虎尾,2024-05-28,9236
5469,瀚宇博,55,9,46,凱基-虎尾,2024-05-28,9236
00715L,期街口布蘭特正2,42,1,41,凱基-虎尾,2024-05-28,9236
6257,矽格,40,6,34,凱基-虎尾,2024-05-28,9236
2464,盟立,72,39,33,凱基-虎尾,2024-05-28,9236
00937B,群益ESG投等債20,31,1,30,凱基-虎尾,2024-05-28,9236
5512,力麒,30,1,29,凱基-虎尾,2024-05-28,9236
5309,系統電,29,1,28,凱基-虎尾,2024-05-28,9236
2317,鴻海,1607,1580,27,凱基-虎尾,2024-05-28,9236
6187,萬潤,29,3,26,凱基-虎尾,2024-05-28,9236
3260,威剛,25,0,25,凱基-虎尾,2024-05-28,9236
2332,友訊,30,6,24,凱基-虎尾,2024-05-28,9236
00940,元大台灣價值高息,30,7,23,凱基-虎尾,2024-05-28,9236
2362,藍天,31,8,23,凱基-虎尾,2024-05-28,9236
1314,中石化,25,3,22,凱基-虎尾,2024-05-28,9236
3202,樺晟,26,4,22,凱基-虎尾,2024-05-28,9236
4306,炎洲,21,0,21,凱基-虎尾,2024-05-28,9236
00929,復華台灣科技優息,30,10,20,凱基-虎尾,2024-05-28,9236
2385,群光,20,0,20,凱基-虎尾,2024-05-28,9236
3714,富采,25,5,20,凱基-虎尾,2024-05-28,9236
5258,虹堡,20,0,20,凱基-虎尾,2024-05-28,9236
5340,建榮,20,0,20,凱基-虎尾,2024-05-28,9236
2426,鼎元,20,2,18,凱基-虎尾,2024-05-28,9236
2337,旺宏,20,3,17,凱基-虎尾,2024-05-28,9236
2495,普安,23,7,16,凱基-虎尾,2024-05-28,9236
3041,揚智,16,0,16,凱基-虎尾,2024-05-28,9236
00687B,國泰20年美債,15,0,15,凱基-虎尾,2024-05-28,9236
2014,中鴻,15,0,15,凱基-虎尾,2024-05-28,9236
2101,南港,14,0,14,凱基-虎尾,2024-05-28,9236
4303,信立,14,0,14,凱基-虎尾,2024-05-28,9236
6182,合晶,14,0,14,凱基-虎尾,2024-05-28,9236
1312,國喬,13,0,13,凱基-虎尾,2024-05-28,9236
4909,新復興,14,1,13,凱基-虎尾,2024-05-28,9236
6443,元晶,16,3,13,凱基-虎尾,2024-05-28,9236
2891,中信金,13,0,13,凱基-虎尾,2024-05-28,9236
2353,宏��,24,12,12,凱基-虎尾,2024-05-28,9236
00934,中信成長高股息,12,0,12,凱基-虎尾,2024-05-28,9236
1457,宜進,12,0,12,凱基-虎尾,2024-05-28,9236
6239,力成,12,0,12,凱基-虎尾,2024-05-28,9236
00896,中信綠能及電動車,11,0,11,凱基-虎尾,2024-05-28,9236
3356,奇偶,12,1,11,凱基-虎尾,2024-05-28,9236
6213,聯茂,23,12,11,凱基-虎尾,2024-05-28,9236
00637L,元大滬深300正2,10,0,10,凱基-虎尾,2024-05-28,9236
2302,麗正,10,0,10,凱基-虎尾,2024-05-28,9236
2883,凱基金,155,0,155,凱基-虎尾,2024-05-29,9236
00937B,群益ESG投等債20,127,0,127,凱基-虎尾,2024-05-29,9236
4303,信立,80,4,76,凱基-虎尾,2024-05-29,9236
2002,中鋼,67,0,67,凱基-虎尾,2024-05-29,9236
2888,新光金,86,25,61,凱基-虎尾,2024-05-29,9236
1303,南亞,55,0,55,凱基-虎尾,2024-05-29,9236
8028,昇陽半導體,51,7,44,凱基-虎尾,2024-05-29,9236
2365,昆盈,48,7,41,凱基-虎尾,2024-05-29,9236
3605,宏致,40,0,40,凱基-虎尾,2024-05-29,9236
5443,均豪,40,0,40,凱基-虎尾,2024-05-29,9236
6684,安格,41,2,39,凱基-虎尾,2024-05-29,9236
2353,宏��,67,29,38,凱基-虎尾,2024-05-29,9236
00679B,元大美債20年,37,0,37,凱基-虎尾,2024-05-29,9236
4533,協易機,43,7,36,凱基-虎尾,2024-05-29,9236
1101,台泥,34,0,34,凱基-虎尾,2024-05-29,9236
6742,澤米,31,0,31,凱基-虎尾,2024-05-29,9236
2801,彰銀,29,0,29,凱基-虎尾,2024-05-29,9236
2880,華南金,29,0,29,凱基-虎尾,2024-05-29,9236
5309,系統電,33,7,26,凱基-虎尾,2024-05-29,9236
2887,台新金,23,0,23,凱基-虎尾,2024-05-29,9236
2352,佳世達,28,5,23,凱基-虎尾,2024-05-29,9236
2464,盟立,70,47,23,凱基-虎尾,2024-05-29,9236
00687B,國泰20年美債,22,0,22,凱基-虎尾,2024-05-29,9236
2332,友訊,20,0,20,凱基-虎尾,2024-05-29,9236
6202,盛群,20,0,20,凱基-虎尾,2024-05-29,9236
2886,兆豐金,19,0,19,凱基-虎尾,2024-05-29,9236
2382,廣達,26,8,18,凱基-虎尾,2024-05-29,9236
2611,志信,22,4,18,凱基-虎尾,2024-05-29,9236
2834,臺企銀,18,0,18,凱基-虎尾,2024-05-29,9236
2884,玉山金,20,3,17,凱基-虎尾,2024-05-29,9236
2892,第一金,17,0,17,凱基-虎尾,2024-05-29,9236
00919,群益台灣精選高息,17,1,16,凱基-虎尾,2024-05-29,9236
2371,大同,16,1,15,凱基-虎尾,2024-05-29,9236
2636,台驊控股,15,0,15,凱基-虎尾,2024-05-29,9236
5243,乙盛-KY,16,1,15,凱基-虎尾,2024-05-29,9236
2634,漢翔,34,20,14,凱基-虎尾,2024-05-29,9236
00933B,國泰10Y+金融債,15,2,13,凱基-虎尾,2024-05-29,9236
6147,頎邦,14,1,13,凱基-虎尾,2024-05-29,9236
2303,聯電,17,4,13,凱基-虎尾,2024-05-29,9236
00680L,元大美債20正2,12,0,12,凱基-虎尾,2024-05-29,9236
1710,東聯,12,0,12,凱基-虎尾,2024-05-29,9236
2258,鴻華先進-創,12,0,12,凱基-虎尾,2024-05-29,9236
6160,欣技,17,5,12,凱基-虎尾,2024-05-29,9236
3231,緯創,3167,3156,11,凱基-虎尾,2024-05-29,9236
3306,鼎天,23,12,11,凱基-虎尾,2024-05-29,9236
00712,復華富時不動產,11,0,11,凱基-虎尾,2024-05-29,9236
00751B,元大AAA至A公司債,11,0,11,凱基-虎尾,2024-05-29,9236
2882,國泰金,10,0,10,凱基-虎尾,2024-05-29,9236
00655L,國泰中國A50正2,10,0,10,凱基-虎尾,2024-05-29,9236
00650L,復華香港正2,10,0,10,凱基-虎尾,2024-05-29,9236
2328,廣宇,291,20,271,凱基-虎尾,2024-05-30,9236
2888,新光金,226,13,213,凱基-虎尾,2024-05-30,9236
3535,晶彩科,100,0,100,凱基-虎尾,2024-05-30,9236
1303,南亞,72,2,70,凱基-虎尾,2024-05-30,9236
00680L,元大美債20正2,62,0,62,凱基-虎尾,2024-05-30,9236
6215,和椿,65,3,62,凱基-虎尾,2024-05-30,9236
00937B,群益ESG投等債20,62,5,57,凱基-虎尾,2024-05-30,9236
2834,臺企銀,66,10,56,凱基-虎尾,2024-05-30,9236
2883,凱基金,50,0,50,凱基-虎尾,2024-05-30,9236
2405,輔信,53,3,50,凱基-虎尾,2024-05-30,9236
00915,凱基優選高股息30,48,0,48,凱基-虎尾,2024-05-30,9236
2317,鴻海,329,289,40,凱基-虎尾,2024-05-30,9236
2880,華南金,40,0,40,凱基-虎尾,2024-05-30,9236
2891,中信金,38,1,37,凱基-虎尾,2024-05-30,9236
00940,元大台灣價值高息,33,1,32,凱基-虎尾,2024-05-30,9236
2344,華邦電,32,0,32,凱基-虎尾,2024-05-30,9236
5452,佶優,35,4,31,凱基-虎尾,2024-05-30,9236
2481,強茂,30,0,30,凱基-虎尾,2024-05-30,9236
2489,瑞軒,42,12,30,凱基-虎尾,2024-05-30,9236
00665L,富邦�琤肭磪囓�2,27,0,27,凱基-虎尾,2024-05-30,9236
2356,英業達,31,6,25,凱基-虎尾,2024-05-30,9236
3704,合勤控,30,6,24,凱基-虎尾,2024-05-30,9236
2801,彰銀,22,0,22,凱基-虎尾,2024-05-30,9236
3701,大眾控,20,0,20,凱基-虎尾,2024-05-30,9236
2886,兆豐金,20,0,20,凱基-虎尾,2024-05-30,9236
00687B,國泰20年美債,19,0,19,凱基-虎尾,2024-05-30,9236
00878,國泰永續高股息,23,6,17,凱基-虎尾,2024-05-30,9236
2337,旺宏,16,0,16,凱基-虎尾,2024-05-30,9236
2002,中鋼,15,0,15,凱基-虎尾,2024-05-30,9236
1710,東聯,15,0,15,凱基-虎尾,2024-05-30,9236
5309,系統電,15,1,14,凱基-虎尾,2024-05-30,9236
00679B,元大美債20年,13,0,13,凱基-虎尾,2024-05-30,9236
1702,南僑,13,0,13,凱基-虎尾,2024-05-30,9236
00688L,國泰20年美債正2,12,0,12,凱基-虎尾,2024-05-30,9236
1611,中電,12,0,12,凱基-虎尾,2024-05-30,9236
2324,仁寶,16,4,12,凱基-虎尾,2024-05-30,9236
3202,樺晟,24,12,12,凱基-虎尾,2024-05-30,9236
2890,永豐金,11,0,11,凱基-虎尾,2024-05-30,9236
2887,台新金,10,0,10,凱基-虎尾,2024-05-30,9236
00943,兆豐電子高息等權,10,0,10,凱基-虎尾,2024-05-30,9236
2331,精英,12,2,10,凱基-虎尾,2024-05-30,9236
2409,友達,10,0,10,凱基-虎尾,2024-05-30,9236
3022,威強電,10,0,10,凱基-虎尾,2024-05-30,9236
3234,光環,10,0,10,凱基-虎尾,2024-05-30,9236
2382,廣達,13,4,9,凱基-虎尾,2024-05-30,9236
2408,南亞科,9,0,9,凱基-虎尾,2024-05-30,9236
3372,典範,20,11,9,凱基-虎尾,2024-05-30,9236
4707,磐亞,10,1,9,凱基-虎尾,2024-05-30,9236
00946,群益科技高息成長,8,0,8,凱基-虎尾,2024-05-30,9236
2371,大同,8,0,8,凱基-虎尾,2024-05-30,9236
00937B,群益ESG投等債20,580,45,535,凱基-虎尾,2024-05-31,9236
3059,華晶科,231,73,158,凱基-虎尾,2024-05-31,9236
00919,群益台灣精選高息,156,10,146,凱基-虎尾,2024-05-31,9236
00632R,元大台灣50反1,105,14,91,凱基-虎尾,2024-05-31,9236
2609,陽明,469,380,89,凱基-虎尾,2024-05-31,9236
00929,復華台灣科技優息,80,5,75,凱基-虎尾,2024-05-31,9236
00940,元大台灣價值高息,62,0,62,凱基-虎尾,2024-05-31,9236
00715L,期街口布蘭特正2,55,0,55,凱基-虎尾,2024-05-31,9236
2331,精英,58,4,54,凱基-虎尾,2024-05-31,9236
4714,永捷,50,0,50,凱基-虎尾,2024-05-31,9236
2498,宏達電,50,3,47,凱基-虎尾,2024-05-31,9236
2002,中鋼,46,0,46,凱基-虎尾,2024-05-31,9236
3231,緯創,110,68,42,凱基-虎尾,2024-05-31,9236
1524,耿鼎,53,12,41,凱基-虎尾,2024-05-31,9236
2367,燿華,40,6,34,凱基-虎尾,2024-05-31,9236
2101,南港,40,7,33,凱基-虎尾,2024-05-31,9236
2501,國建,33,8,25,凱基-虎尾,2024-05-31,9236
2324,仁寶,22,0,22,凱基-虎尾,2024-05-31,9236
8093,保銳,22,0,22,凱基-虎尾,2024-05-31,9236
2354,鴻準,144,122,22,凱基-虎尾,2024-05-31,9236
1305,華夏,20,0,20,凱基-虎尾,2024-05-31,9236
5880,合庫金,20,0,20,凱基-虎尾,2024-05-31,9236
8089,康全電訊,20,0,20,凱基-虎尾,2024-05-31,9236
2615,萬海,20,1,19,凱基-虎尾,2024-05-31,9236
1582,信錦,42,25,17,凱基-虎尾,2024-05-31,9236
8374,羅昇,16,0,16,凱基-虎尾,2024-05-31,9236
3357,臺慶科,18,3,15,凱基-虎尾,2024-05-31,9236
2464,盟立,117,102,15,凱基-虎尾,2024-05-31,9236
2891,中信金,16,2,14,凱基-虎尾,2024-05-31,9236
6414,樺漢,15,1,14,凱基-虎尾,2024-05-31,9236
2382,廣達,35,22,13,凱基-虎尾,2024-05-31,9236
2369,菱生,12,0,12,凱基-虎尾,2024-05-31,9236
3265,台星科,12,0,12,凱基-虎尾,2024-05-31,9236
6233,旺玖,12,0,12,凱基-虎尾,2024-05-31,9236
2809,京城銀,12,1,11,凱基-虎尾,2024-05-31,9236
2377,微星,11,0,11,凱基-虎尾,2024-05-31,9236
8028,昇陽半導體,11,0,11,凱基-虎尾,2024-05-31,9236
8358,金居,12,1,11,凱基-虎尾,2024-05-31,9236
9103,美德醫療-DR,11,0,11,凱基-虎尾,2024-05-31,9236
5371,中光電,12,2,10,凱基-虎尾,2024-05-31,9236
1229,聯華,10,0,10,凱基-虎尾,2024-05-31,9236
00943,兆豐電子高息等權,10,0,10,凱基-虎尾,2024-05-31,9236
00643,群益深証中小,10,0,10,凱基-虎尾,2024-05-31,9236
2332,友訊,10,0,10,凱基-虎尾,2024-05-31,9236
3058,立德,10,0,10,凱基-虎尾,2024-05-31,9236
6151,晉倫,10,0,10,凱基-虎尾,2024-05-31,9236
6695,芯鼎,30,20,10,凱基-虎尾,2024-05-31,9236
2351,順德,14,5,9,凱基-虎尾,2024-05-31,9236
3013,晟銘電,18,9,9,凱基-虎尾,2024-05-31,9236
4906,正文,16,7,9,凱基-虎尾,2024-05-31,9236
2427,三商電,291,22,269,凱基-虎尾,2024-06-03,9236
2328,廣宇,234,3,231,凱基-虎尾,2024-06-03,9236
00937B,群益ESG投等債20,100,15,85,凱基-虎尾,2024-06-03,9236
00673R,期元大S＆P原油反1,65,0,65,凱基-虎尾,2024-06-03,9236
4543,萬在,57,3,54,凱基-虎尾,2024-06-03,9236
3024,憶聲,51,0,51,凱基-虎尾,2024-06-03,9236
2534,宏盛,50,0,50,凱基-虎尾,2024-06-03,9236
2538,基泰,50,0,50,凱基-虎尾,2024-06-03,9236
2641,正德,93,43,50,凱基-虎尾,2024-06-03,9236
3062,建漢,50,0,50,凱基-虎尾,2024-06-03,9236
00715L,期街口布蘭特正2,32,0,32,凱基-虎尾,2024-06-03,9236
00664R,國泰臺灣加權反1,30,0,30,凱基-虎尾,2024-06-03,9236
2354,鴻準,43,14,29,凱基-虎尾,2024-06-03,9236
6167,久正,28,0,28,凱基-虎尾,2024-06-03,9236
2301,光寶科,529,502,27,凱基-虎尾,2024-06-03,9236
3437,榮創,33,8,25,凱基-虎尾,2024-06-03,9236
2615,萬海,325,301,24,凱基-虎尾,2024-06-03,9236
00919,群益台灣精選高息,23,0,23,凱基-虎尾,2024-06-03,9236
2618,長榮航,22,0,22,凱基-虎尾,2024-06-03,9236
2609,陽明,94,73,21,凱基-虎尾,2024-06-03,9236
2867,三商壽,21,2,19,凱基-虎尾,2024-06-03,9236
4561,健椿,41,22,19,凱基-虎尾,2024-06-03,9236
2317,鴻海,25,6,19,凱基-虎尾,2024-06-03,9236
2402,毅嘉,21,4,17,凱基-虎尾,2024-06-03,9236
00929,復華台灣科技優息,39,23,16,凱基-虎尾,2024-06-03,9236
2880,華南金,16,0,16,凱基-虎尾,2024-06-03,9236
2312,金寶,29,13,16,凱基-虎尾,2024-06-03,9236
4973,廣穎,16,0,16,凱基-虎尾,2024-06-03,9236
2353,宏��,18,3,15,凱基-虎尾,2024-06-03,9236
00669R,國泰美國道瓊反1,15,0,15,凱基-虎尾,2024-06-03,9236
4127,天良,15,0,15,凱基-虎尾,2024-06-03,9236
4934,太極,15,0,15,凱基-虎尾,2024-06-03,9236
00918,大華優利高填息30,13,0,13,凱基-虎尾,2024-06-03,9236
1802,台玻,33,20,13,凱基-虎尾,2024-06-03,9236
2324,仁寶,16,3,13,凱基-虎尾,2024-06-03,9236
4938,和碩,23,10,13,凱基-虎尾,2024-06-03,9236
1303,南亞,15,3,12,凱基-虎尾,2024-06-03,9236
1710,東聯,12,0,12,凱基-虎尾,2024-06-03,9236
2344,華邦電,12,0,12,凱基-虎尾,2024-06-03,9236
8112,至上,12,0,12,凱基-虎尾,2024-06-03,9236
00632R,元大台灣50反1,11,0,11,凱基-虎尾,2024-06-03,9236
5443,均豪,14,3,11,凱基-虎尾,2024-06-03,9236
6505,台塑化,13,2,11,凱基-虎尾,2024-06-03,9236
2363,矽統,11,1,10,凱基-虎尾,2024-06-03,9236
1815,富喬,53,43,10,凱基-虎尾,2024-06-03,9236
2613,中櫃,10,0,10,凱基-虎尾,2024-06-03,9236
3060,銘異,10,0,10,凱基-虎尾,2024-06-03,9236
3450,聯鈞,12,2,10,凱基-虎尾,2024-06-03,9236
6005,群益證,12,2,10,凱基-虎尾,2024-06-03,9236
8210,勤誠,9,0,9,凱基-虎尾,2024-06-03,9236
2369,菱生,131,0,131,凱基-虎尾,2024-06-04,9236
00946,群益科技高息成長,60,0,60,凱基-虎尾,2024-06-04,9236
00929,復華台灣科技優息,59,2,57,凱基-虎尾,2024-06-04,9236
3481,群創,53,7,46,凱基-虎尾,2024-06-04,9236
2353,宏��,51,8,43,凱基-虎尾,2024-06-04,9236
2888,新光金,113,73,40,凱基-虎尾,2024-06-04,9236
00919,群益台灣精選高息,41,3,38,凱基-虎尾,2024-06-04,9236
2328,廣宇,304,267,37,凱基-虎尾,2024-06-04,9236
4526,東台,38,3,35,凱基-虎尾,2024-06-04,9236
00715L,期街口布蘭特正2,39,10,29,凱基-虎尾,2024-06-04,9236
00878,國泰永續高股息,29,1,28,凱基-虎尾,2024-06-04,9236
3088,艾訊,25,1,24,凱基-虎尾,2024-06-04,9236
00918,大華優利高填息30,23,0,23,凱基-虎尾,2024-06-04,9236
00673R,期元大S＆P原油反1,23,0,23,凱基-虎尾,2024-06-04,9236
2409,友達,23,1,22,凱基-虎尾,2024-06-04,9236
2303,聯電,29,7,22,凱基-虎尾,2024-06-04,9236
1563,巧新,37,15,22,凱基-虎尾,2024-06-04,9236
2834,臺企銀,21,0,21,凱基-虎尾,2024-06-04,9236
2367,燿華,32,12,20,凱基-虎尾,2024-06-04,9236
2392,正崴,20,0,20,凱基-虎尾,2024-06-04,9236
6166,凌華,24,4,20,凱基-虎尾,2024-06-04,9236
2317,鴻海,5331,5311,20,凱基-虎尾,2024-06-04,9236
2641,正德,106,87,19,凱基-虎尾,2024-06-04,9236
4967,十銓,34,15,19,凱基-虎尾,2024-06-04,9236
8277,商丞,19,0,19,凱基-虎尾,2024-06-04,9236
1303,南亞,18,1,17,凱基-虎尾,2024-06-04,9236
00940,元大台灣價值高息,16,0,16,凱基-虎尾,2024-06-04,9236
2329,華泰,16,0,16,凱基-虎尾,2024-06-04,9236
1313,聯成,14,0,14,凱基-虎尾,2024-06-04,9236
2408,南亞科,14,0,14,凱基-虎尾,2024-06-04,9236
6591,動力-KY,23,10,13,凱基-虎尾,2024-06-04,9236
6125,廣運,62,50,12,凱基-虎尾,2024-06-04,9236
2324,仁寶,23,11,12,凱基-虎尾,2024-06-04,9236
3037,欣興,11,0,11,凱基-虎尾,2024-06-04,9236
2323,中環,11,0,11,凱基-虎尾,2024-06-04,9236
2344,華邦電,18,7,11,凱基-虎尾,2024-06-04,9236
2365,昆盈,13,2,11,凱基-虎尾,2024-06-04,9236
5371,中光電,12,1,11,凱基-虎尾,2024-06-04,9236
2354,鴻準,15,5,10,凱基-虎尾,2024-06-04,9236
1104,環泥,10,0,10,凱基-虎尾,2024-06-04,9236
1618,合機,12,2,10,凱基-虎尾,2024-06-04,9236
2349,錸德,10,0,10,凱基-虎尾,2024-06-04,9236
2506,太設,10,0,10,凱基-虎尾,2024-06-04,9236
2527,宏璟,10,0,10,凱基-虎尾,2024-06-04,9236
2882,國泰金,10,0,10,凱基-虎尾,2024-06-04,9236
2884,玉山金,13,3,10,凱基-虎尾,2024-06-04,9236
3625,西勝,10,0,10,凱基-虎尾,2024-06-04,9236
4916,事欣科,10,0,10,凱基-虎尾,2024-06-04,9236
5498,凱崴,10,0,10,凱基-虎尾,2024-06-04,9236
6209,今國光,10,0,10,凱基-虎尾,2024-06-04,9236
2002,中鋼,601,14,587,凱基-虎尾,2024-06-05,9236
00929,復華台灣科技優息,148,5,143,凱基-虎尾,2024-06-05,9236
2603,長榮,345,209,136,凱基-虎尾,2024-06-05,9236
00936,台新永續高息中小,91,0,91,凱基-虎尾,2024-06-05,9236
2317,鴻海,1609,1547,62,凱基-虎尾,2024-06-05,9236
2609,陽明,247,186,61,凱基-虎尾,2024-06-05,9236
00632R,元大台灣50反1,60,0,60,凱基-虎尾,2024-06-05,9236
5392,能率,59,0,59,凱基-虎尾,2024-06-05,9236
1815,富喬,118,62,56,凱基-虎尾,2024-06-05,9236
00937B,群益ESG投等債20,51,1,50,凱基-虎尾,2024-06-05,9236
2426,鼎元,50,0,50,凱基-虎尾,2024-06-05,9236
3024,憶聲,50,0,50,凱基-虎尾,2024-06-05,9236
2440,太空梭,41,0,41,凱基-虎尾,2024-06-05,9236
00878,國泰永續高股息,25,0,25,凱基-虎尾,2024-06-05,9236
2881,富邦金,30,6,24,凱基-虎尾,2024-06-05,9236
3380,明泰,23,0,23,凱基-虎尾,2024-06-05,9236
2891,中信金,58,37,21,凱基-虎尾,2024-06-05,9236
1455,集盛,20,0,20,凱基-虎尾,2024-06-05,9236
00664R,國泰臺灣加權反1,20,0,20,凱基-虎尾,2024-06-05,9236
6505,台塑化,16,0,16,凱基-虎尾,2024-06-05,9236
2375,凱美,16,0,16,凱基-虎尾,2024-06-05,9236
2105,正新,30,14,16,凱基-虎尾,2024-06-05,9236
2324,仁寶,102,87,15,凱基-虎尾,2024-06-05,9236
2348,海悅,17,2,15,凱基-虎尾,2024-06-05,9236
2371,大同,15,0,15,凱基-虎尾,2024-06-05,9236
4402,郡都開發,15,0,15,凱基-虎尾,2024-06-05,9236
6125,廣運,39,25,14,凱基-虎尾,2024-06-05,9236
3713,新晶投控,14,0,14,凱基-虎尾,2024-06-05,9236
1522,堤維西,13,0,13,凱基-虎尾,2024-06-05,9236
1806,冠軍,13,0,13,凱基-虎尾,2024-06-05,9236
2606,裕民,13,0,13,凱基-虎尾,2024-06-05,9236
8096,擎亞,23,10,13,凱基-虎尾,2024-06-05,9236
00942B,台新美A公司債20+,12,0,12,凱基-虎尾,2024-06-05,9236
00918,大華優利高填息30,12,0,12,凱基-虎尾,2024-06-05,9236
1710,東聯,12,0,12,凱基-虎尾,2024-06-05,9236
2101,南港,30,18,12,凱基-虎尾,2024-06-05,9236
6244,茂迪,15,3,12,凱基-虎尾,2024-06-05,9236
1563,巧新,38,27,11,凱基-虎尾,2024-06-05,9236
1784,訊聯,11,0,11,凱基-虎尾,2024-06-05,9236
2354,鴻準,23,12,11,凱基-虎尾,2024-06-05,9236
2382,廣達,10,0,10,凱基-虎尾,2024-06-05,9236
1524,耿鼎,12,2,10,凱基-虎尾,2024-06-05,9236
1598,岱宇,10,0,10,凱基-虎尾,2024-06-05,9236
1795,美時,11,1,10,凱基-虎尾,2024-06-05,9236
2542,興富發,10,0,10,凱基-虎尾,2024-06-05,9236
3060,銘異,10,0,10,凱基-虎尾,2024-06-05,9236
5490,同亨,10,0,10,凱基-虎尾,2024-06-05,9236
2515,中工,10,0,10,凱基-虎尾,2024-06-05,9236
6197,佳必琪,13,3,10,凱基-虎尾,2024-06-05,9236
00919,群益台灣精選高息,12,2,10,凱基-虎尾,2024-06-05,9236
4906,正文,240,23,217,凱基-虎尾,2024-06-06,9236
00918,大華優利高填息30,121,0,121,凱基-虎尾,2024-06-06,9236
2330,台積電,106,16,90,凱基-虎尾,2024-06-06,9236
2641,正德,103,16,87,凱基-虎尾,2024-06-06,9236
00929,復華台灣科技優息,84,3,81,凱基-虎尾,2024-06-06,9236
3231,緯創,65,7,58,凱基-虎尾,2024-06-06,9236
00946,群益科技高息成長,51,0,51,凱基-虎尾,2024-06-06,9236
00715L,期街口布蘭特正2,51,2,49,凱基-虎尾,2024-06-06,9236
2312,金寶,88,47,41,凱基-虎尾,2024-06-06,9236
00632R,元大台灣50反1,31,0,31,凱基-虎尾,2024-06-06,9236
00942B,台新美A公司債20+,30,0,30,凱基-虎尾,2024-06-06,9236
1710,東聯,28,0,28,凱基-虎尾,2024-06-06,9236
2454,聯發科,29,3,26,凱基-虎尾,2024-06-06,9236
3260,威剛,23,0,23,凱基-虎尾,2024-06-06,9236
00687B,國泰20年美債,23,1,22,凱基-虎尾,2024-06-06,9236
00936,台新永續高息中小,34,13,21,凱基-虎尾,2024-06-06,9236
2374,佳能,27,6,21,凱基-虎尾,2024-06-06,9236
1563,巧新,22,2,20,凱基-虎尾,2024-06-06,9236
2331,精英,19,2,17,凱基-虎尾,2024-06-06,9236
3481,群創,17,0,17,凱基-虎尾,2024-06-06,9236
2409,友達,15,0,15,凱基-虎尾,2024-06-06,9236
2613,中櫃,37,22,15,凱基-虎尾,2024-06-06,9236
2891,中信金,15,0,15,凱基-虎尾,2024-06-06,9236
1785,光洋科,14,0,14,凱基-虎尾,2024-06-06,9236
4566,時碩工業,29,15,14,凱基-虎尾,2024-06-06,9236
2615,萬海,44,31,13,凱基-虎尾,2024-06-06,9236
3450,聯鈞,15,2,13,凱基-虎尾,2024-06-06,9236
5347,世界,23,10,13,凱基-虎尾,2024-06-06,9236
2349,錸德,12,0,12,凱基-虎尾,2024-06-06,9236
8110,華東,19,7,12,凱基-虎尾,2024-06-06,9236
5009,榮剛,11,0,11,凱基-虎尾,2024-06-06,9236
2610,華航,36,25,11,凱基-虎尾,2024-06-06,9236
2636,台驊控股,12,2,10,凱基-虎尾,2024-06-06,9236
00700,富邦�琤肭磪�,10,0,10,凱基-虎尾,2024-06-06,9236
1319,東陽,10,0,10,凱基-虎尾,2024-06-06,9236
2102,泰豐,10,0,10,凱基-虎尾,2024-06-06,9236
4543,萬在,10,0,10,凱基-虎尾,2024-06-06,9236
6165,浪凡,10,0,10,凱基-虎尾,2024-06-06,9236
6166,凌華,10,0,10,凱基-虎尾,2024-06-06,9236
6282,康舒,10,0,10,凱基-虎尾,2024-06-06,9236
2401,凌陽,12,3,9,凱基-虎尾,2024-06-06,9236
4976,佳凌,9,0,9,凱基-虎尾,2024-06-06,9236
6163,華電網,10,1,9,凱基-虎尾,2024-06-06,9236
6290,良維,24,15,9,凱基-虎尾,2024-06-06,9236
9911,櫻花,8,0,8,凱基-虎尾,2024-06-06,9236
1714,和桐,7,0,7,凱基-虎尾,2024-06-06,9236
2365,昆盈,7,0,7,凱基-虎尾,2024-06-06,9236
3376,新日興,7,0,7,凱基-虎尾,2024-06-06,9236
4958,臻鼎-KY,7,0,7,凱基-虎尾,2024-06-06,9236
5210,寶碩,7,0,7,凱基-虎尾,2024-06-06,9236
00936,台新永續高息中小,273,0,273,凱基-虎尾,2024-06-07,9236
2353,宏��,170,24,146,凱基-虎尾,2024-06-07,9236
2489,瑞軒,102,17,85,凱基-虎尾,2024-06-07,9236
2330,台積電,85,5,80,凱基-虎尾,2024-06-07,9236
00929,復華台灣科技優息,55,0,55,凱基-虎尾,2024-06-07,9236
1609,大亞,40,0,40,凱基-虎尾,2024-06-07,9236
00673R,期元大S＆P原油反1,39,0,39,凱基-虎尾,2024-06-07,9236
3015,全漢,34,0,34,凱基-虎尾,2024-06-07,9236
1815,富喬,96,65,31,凱基-虎尾,2024-06-07,9236
3264,欣銓,30,0,30,凱基-虎尾,2024-06-07,9236
3591,艾笛森,30,0,30,凱基-虎尾,2024-06-07,9236
2323,中環,30,2,28,凱基-虎尾,2024-06-07,9236
3231,緯創,2024,1998,26,凱基-虎尾,2024-06-07,9236
2501,國建,29,4,25,凱基-虎尾,2024-06-07,9236
3202,樺晟,27,3,24,凱基-虎尾,2024-06-07,9236
00946,群益科技高息成長,23,0,23,凱基-虎尾,2024-06-07,9236
6120,達運,20,0,20,凱基-虎尾,2024-06-07,9236
2356,英業達,23,4,19,凱基-虎尾,2024-06-07,9236
9945,潤泰新,46,27,19,凱基-虎尾,2024-06-07,9236
00918,大華優利高填息30,18,0,18,凱基-虎尾,2024-06-07,9236
1806,冠軍,23,7,16,凱基-虎尾,2024-06-07,9236
3048,益登,16,1,15,凱基-虎尾,2024-06-07,9236
2009,第一銅,15,1,14,凱基-虎尾,2024-06-07,9236
3363,上詮,20,6,14,凱基-虎尾,2024-06-07,9236
4306,炎洲,17,3,14,凱基-虎尾,2024-06-07,9236
4123,晟德,15,2,13,凱基-虎尾,2024-06-07,9236
2105,正新,14,2,12,凱基-虎尾,2024-06-07,9236
2615,萬海,93,81,12,凱基-虎尾,2024-06-07,9236
2103,台橡,11,0,11,凱基-虎尾,2024-06-07,9236
3455,由田,23,12,11,凱基-虎尾,2024-06-07,9236
00665L,富邦�琤肭磪囓�2,15,5,10,凱基-虎尾,2024-06-07,9236
00712,復華富時不動產,12,2,10,凱基-虎尾,2024-06-07,9236
1321,大洋,10,0,10,凱基-虎尾,2024-06-07,9236
1725,元禎,10,0,10,凱基-虎尾,2024-06-07,9236
5498,凱崴,10,0,10,凱基-虎尾,2024-06-07,9236
1503,士電,15,6,9,凱基-虎尾,2024-06-07,9236
1522,堤維西,10,1,9,凱基-虎尾,2024-06-07,9236
3714,富采,9,0,9,凱基-虎尾,2024-06-07,9236
6140,訊達,20,11,9,凱基-虎尾,2024-06-07,9236
6770,力積電,8,0,8,凱基-虎尾,2024-06-07,9236
00942B,台新美A公司債20+,8,0,8,凱基-虎尾,2024-06-07,9236
2371,大同,23,15,8,凱基-虎尾,2024-06-07,9236
2461,光群雷,8,0,8,凱基-虎尾,2024-06-07,9236
2483,百容,8,0,8,凱基-虎尾,2024-06-07,9236
3305,昇貿,9,1,8,凱基-虎尾,2024-06-07,9236
4303,信立,11,3,8,凱基-虎尾,2024-06-07,9236
6244,茂迪,8,0,8,凱基-虎尾,2024-06-07,9236
2603,長榮,22,15,7,凱基-虎尾,2024-06-07,9236
1615,大山,7,0,7,凱基-虎尾,2024-06-07,9236
2338,光罩,8,1,7,凱基-虎尾,2024-06-07,9236
2317,鴻海,2008,1028,980,凱基-虎尾,2024-06-11,9236
00679B,元大美債20年,112,0,112,凱基-虎尾,2024-06-11,9236
00936,台新永續高息中小,90,0,90,凱基-虎尾,2024-06-11,9236
2915,潤泰全,72,0,72,凱基-虎尾,2024-06-11,9236
2891,中信金,56,0,56,凱基-虎尾,2024-06-11,9236
00940,元大台灣價值高息,53,2,51,凱基-虎尾,2024-06-11,9236
2888,新光金,66,23,43,凱基-虎尾,2024-06-11,9236
00918,大華優利高填息30,42,0,42,凱基-虎尾,2024-06-11,9236
2886,兆豐金,53,11,42,凱基-虎尾,2024-06-11,9236
5608,四維航,51,9,42,凱基-虎尾,2024-06-11,9236
00687B,國泰20年美債,39,0,39,凱基-虎尾,2024-06-11,9236
2609,陽明,301,264,37,凱基-虎尾,2024-06-11,9236
3374,精材,373,336,37,凱基-虎尾,2024-06-11,9236
3703,欣陸,36,0,36,凱基-虎尾,2024-06-11,9236
2062,橋椿,32,0,32,凱基-虎尾,2024-06-11,9236
00688L,國泰20年美債正2,30,0,30,凱基-虎尾,2024-06-11,9236
00921,兆豐龍頭等權重,30,0,30,凱基-虎尾,2024-06-11,9236
3006,晶豪科,30,0,30,凱基-虎尾,2024-06-11,9236
6285,啟��,30,0,30,凱基-虎尾,2024-06-11,9236
2002,中鋼,33,4,29,凱基-虎尾,2024-06-11,9236
00929,復華台灣科技優息,28,0,28,凱基-虎尾,2024-06-11,9236
6160,欣技,28,0,28,凱基-虎尾,2024-06-11,9236
00680L,元大美債20正2,25,0,25,凱基-虎尾,2024-06-11,9236
1101,台泥,24,0,24,凱基-虎尾,2024-06-11,9236
9919,康那香,24,0,24,凱基-虎尾,2024-06-11,9236
2460,建通,23,1,22,凱基-虎尾,2024-06-11,9236
2498,宏達電,22,0,22,凱基-虎尾,2024-06-11,9236
3305,昇貿,30,8,22,凱基-虎尾,2024-06-11,9236
2603,長榮,29,8,21,凱基-虎尾,2024-06-11,9236
00937B,群益ESG投等債20,33,12,21,凱基-虎尾,2024-06-11,9236
1760,寶齡富錦,20,0,20,凱基-虎尾,2024-06-11,9236
8463,潤泰材,20,0,20,凱基-虎尾,2024-06-11,9236
4967,十銓,388,369,19,凱基-虎尾,2024-06-11,9236
1710,東聯,19,0,19,凱基-虎尾,2024-06-11,9236
3479,安勤,20,1,19,凱基-虎尾,2024-06-11,9236
2371,大同,42,24,18,凱基-虎尾,2024-06-11,9236
2374,佳能,19,2,17,凱基-虎尾,2024-06-11,9236
00712,復華富時不動產,17,0,17,凱基-虎尾,2024-06-11,9236
8112,至上,20,3,17,凱基-虎尾,2024-06-11,9236
2329,華泰,17,3,14,凱基-虎尾,2024-06-11,9236
1608,華榮,23,9,14,凱基-虎尾,2024-06-11,9236
5351,鈺創,15,1,14,凱基-虎尾,2024-06-11,9236
2615,萬海,109,96,13,凱基-虎尾,2024-06-11,9236
2323,中環,13,0,13,凱基-虎尾,2024-06-11,9236
1809,中釉,12,0,12,凱基-虎尾,2024-06-11,9236
2312,金寶,12,0,12,凱基-虎尾,2024-06-11,9236
2489,瑞軒,12,0,12,凱基-虎尾,2024-06-11,9236
00720B,元大投資級公司債,11,0,11,凱基-虎尾,2024-06-11,9236
00673R,期元大S＆P原油反1,21,10,11,凱基-虎尾,2024-06-11,9236
2903,遠百,12,1,11,凱基-虎尾,2024-06-11,9236
2317,鴻海,1511,1042,469,凱基-虎尾,2024-06-12,9236
6190,萬泰科,189,32,157,凱基-虎尾,2024-06-12,9236
1563,巧新,165,40,125,凱基-虎尾,2024-06-12,9236
00948B,中信優息投資級債,108,50,58,凱基-虎尾,2024-06-12,9236
9945,潤泰新,57,0,57,凱基-虎尾,2024-06-12,9236
2365,昆盈,59,3,56,凱基-虎尾,2024-06-12,9236
2915,潤泰全,55,4,51,凱基-虎尾,2024-06-12,9236
2801,彰銀,44,0,44,凱基-虎尾,2024-06-12,9236
5392,能率,37,0,37,凱基-虎尾,2024-06-12,9236
2353,宏��,133,100,33,凱基-虎尾,2024-06-12,9236
00944,野村趨勢動能高息,33,1,32,凱基-虎尾,2024-06-12,9236
5880,合庫金,35,4,31,凱基-虎尾,2024-06-12,9236
00918,大華優利高填息30,32,1,31,凱基-虎尾,2024-06-12,9236
6282,康舒,31,0,31,凱基-虎尾,2024-06-12,9236
2367,燿華,55,25,30,凱基-虎尾,2024-06-12,9236
2492,華新科,30,0,30,凱基-虎尾,2024-06-12,9236
1101,台泥,30,1,29,凱基-虎尾,2024-06-12,9236
00919,群益台灣精選高息,29,0,29,凱基-虎尾,2024-06-12,9236
2464,盟立,30,3,27,凱基-虎尾,2024-06-12,9236
6207,雷科,31,7,24,凱基-虎尾,2024-06-12,9236
1802,台玻,22,0,22,凱基-虎尾,2024-06-12,9236
2324,仁寶,22,0,22,凱基-虎尾,2024-06-12,9236
8028,昇陽半導體,68,47,21,凱基-虎尾,2024-06-12,9236
3289,宜特,20,0,20,凱基-虎尾,2024-06-12,9236
4956,光鋐,20,0,20,凱基-虎尾,2024-06-12,9236
1522,堤維西,123,104,19,凱基-虎尾,2024-06-12,9236
1609,大亞,18,0,18,凱基-虎尾,2024-06-12,9236
8114,振樺電,18,0,18,凱基-虎尾,2024-06-12,9236
3701,大眾控,20,3,17,凱基-虎尾,2024-06-12,9236
4720,德淵,18,1,17,凱基-虎尾,2024-06-12,9236
6164,華興,22,5,17,凱基-虎尾,2024-06-12,9236
2882,國泰金,22,6,16,凱基-虎尾,2024-06-12,9236
1314,中石化,23,8,15,凱基-虎尾,2024-06-12,9236
1808,潤隆,15,0,15,凱基-虎尾,2024-06-12,9236
2371,大同,15,0,15,凱基-虎尾,2024-06-12,9236
4916,事欣科,15,0,15,凱基-虎尾,2024-06-12,9236
6196,帆宣,15,0,15,凱基-虎尾,2024-06-12,9236
00753L,中信中國50正2,14,0,14,凱基-虎尾,2024-06-12,9236
4952,凌通,15,1,14,凱基-虎尾,2024-06-12,9236
2105,正新,13,0,13,凱基-虎尾,2024-06-12,9236
2313,華通,14,1,13,凱基-虎尾,2024-06-12,9236
00929,復華台灣科技優息,17,4,13,凱基-虎尾,2024-06-12,9236
2230,泰茂,12,0,12,凱基-虎尾,2024-06-12,9236
2401,凌陽,12,0,12,凱基-虎尾,2024-06-12,9236
2382,廣達,11,0,11,凱基-虎尾,2024-06-12,9236
00937B,群益ESG投等債20,31,20,11,凱基-虎尾,2024-06-12,9236
2467,志聖,11,0,11,凱基-虎尾,2024-06-12,9236
2354,鴻準,26,16,10,凱基-虎尾,2024-06-12,9236
2891,中信金,15,5,10,凱基-虎尾,2024-06-12,9236
1229,聯華,10,0,10,凱基-虎尾,2024-06-12,9236
1101,台泥,101,15,86,凱基-虎尾,2024-06-13,9236
00936,台新永續高息中小,63,15,48,凱基-虎尾,2024-06-13,9236
2464,盟立,98,53,45,凱基-虎尾,2024-06-13,9236
4714,永捷,40,0,40,凱基-虎尾,2024-06-13,9236
2548,華固,36,0,36,凱基-虎尾,2024-06-13,9236
3715,定穎投控,30,0,30,凱基-虎尾,2024-06-13,9236
5392,能率,34,5,29,凱基-虎尾,2024-06-13,9236
00919,群益台灣精選高息,36,7,29,凱基-虎尾,2024-06-13,9236
2460,建通,30,2,28,凱基-虎尾,2024-06-13,9236
2867,三商壽,24,0,24,凱基-虎尾,2024-06-13,9236
1802,台玻,23,0,23,凱基-虎尾,2024-06-13,9236
2354,鴻準,35,12,23,凱基-虎尾,2024-06-13,9236
2363,矽統,31,8,23,凱基-虎尾,2024-06-13,9236
00673R,期元大S＆P原油反1,20,0,20,凱基-虎尾,2024-06-13,9236
2834,臺企銀,20,0,20,凱基-虎尾,2024-06-13,9236
4989,榮科,20,0,20,凱基-虎尾,2024-06-13,9236
1303,南亞,22,2,20,凱基-虎尾,2024-06-13,9236
2002,中鋼,18,0,18,凱基-虎尾,2024-06-13,9236
6160,欣技,17,0,17,凱基-虎尾,2024-06-13,9236
1785,光洋科,88,72,16,凱基-虎尾,2024-06-13,9236
8096,擎亞,16,0,16,凱基-虎尾,2024-06-13,9236
2915,潤泰全,15,0,15,凱基-虎尾,2024-06-13,9236
2374,佳能,16,2,14,凱基-虎尾,2024-06-13,9236
2303,聯電,16,3,13,凱基-虎尾,2024-06-13,9236
2323,中環,18,5,13,凱基-虎尾,2024-06-13,9236
2371,大同,19,6,13,凱基-虎尾,2024-06-13,9236
2615,萬海,32,20,12,凱基-虎尾,2024-06-13,9236
00679B,元大美債20年,100,88,12,凱基-虎尾,2024-06-13,9236
1514,亞力,16,4,12,凱基-虎尾,2024-06-13,9236
1710,東聯,12,0,12,凱基-虎尾,2024-06-13,9236
1584,精剛,11,0,11,凱基-虎尾,2024-06-13,9236
3211,順達,11,0,11,凱基-虎尾,2024-06-13,9236
8086,宏捷科,14,3,11,凱基-虎尾,2024-06-13,9236
00713,元大台灣高息低波,10,0,10,凱基-虎尾,2024-06-13,9236
00926,凱基全球菁英55,10,0,10,凱基-虎尾,2024-06-13,9236
00935,野村臺灣新科技50,10,0,10,凱基-虎尾,2024-06-13,9236
00738U,期元大道瓊白銀,10,0,10,凱基-虎尾,2024-06-13,9236
00720B,元大投資級公司債,10,0,10,凱基-虎尾,2024-06-13,9236
1725,元禎,10,0,10,凱基-虎尾,2024-06-13,9236
2353,宏��,14,4,10,凱基-虎尾,2024-06-13,9236
2483,百容,10,0,10,凱基-虎尾,2024-06-13,9236
3379,彬台,10,0,10,凱基-虎尾,2024-06-13,9236
4909,新復興,15,5,10,凱基-虎尾,2024-06-13,9236
5388,中磊,10,0,10,凱基-虎尾,2024-06-13,9236
2365,昆盈,27,17,10,凱基-虎尾,2024-06-13,9236
00680L,元大美債20正2,10,1,9,凱基-虎尾,2024-06-13,9236
2618,長榮航,11,2,9,凱基-虎尾,2024-06-13,9236
2308,台達電,12,4,8,凱基-虎尾,2024-06-13,9236
2427,三商電,170,162,8,凱基-虎尾,2024-06-13,9236
2501,國建,10,2,8,凱基-虎尾,2024-06-13,9236
2371,大同,170,35,135,凱基-虎尾,2024-06-14,9236
1802,台玻,104,0,104,凱基-虎尾,2024-06-14,9236
4938,和碩,100,6,94,凱基-虎尾,2024-06-14,9236
00919,群益台灣精選高息,78,2,76,凱基-虎尾,2024-06-14,9236
00679B,元大美債20年,183,107,76,凱基-虎尾,2024-06-14,9236
00936,台新永續高息中小,69,0,69,凱基-虎尾,2024-06-14,9236
00680L,元大美債20正2,71,22,49,凱基-虎尾,2024-06-14,9236
1609,大亞,49,9,40,凱基-虎尾,2024-06-14,9236
3622,洋華,40,1,39,凱基-虎尾,2024-06-14,9236
00947,台新臺灣IC設計,31,0,31,凱基-虎尾,2024-06-14,9236
2353,宏��,40,9,31,凱基-虎尾,2024-06-14,9236
5608,四維航,31,2,29,凱基-虎尾,2024-06-14,9236
1513,中興電,304,278,26,凱基-虎尾,2024-06-14,9236
1608,華榮,30,5,25,凱基-虎尾,2024-06-14,9236
2377,微星,26,1,25,凱基-虎尾,2024-06-14,9236
2915,潤泰全,33,8,25,凱基-虎尾,2024-06-14,9236
4976,佳凌,24,0,24,凱基-虎尾,2024-06-14,9236
1301,台塑,22,1,21,凱基-虎尾,2024-06-14,9236
2506,太設,20,0,20,凱基-虎尾,2024-06-14,9236
4956,光鋐,20,0,20,凱基-虎尾,2024-06-14,9236
6278,台表科,20,1,19,凱基-虎尾,2024-06-14,9236
3481,群創,27,9,18,凱基-虎尾,2024-06-14,9236
8096,擎亞,65,47,18,凱基-虎尾,2024-06-14,9236
2609,陽明,59,41,18,凱基-虎尾,2024-06-14,9236
3227,原相,20,3,17,凱基-虎尾,2024-06-14,9236
8011,台通,19,2,17,凱基-虎尾,2024-06-14,9236
2603,長榮,23,7,16,凱基-虎尾,2024-06-14,9236
1529,樂事綠能,16,0,16,凱基-虎尾,2024-06-14,9236
2405,輔信,15,0,15,凱基-虎尾,2024-06-14,9236
6163,華電網,15,0,15,凱基-虎尾,2024-06-14,9236
6196,帆宣,15,0,15,凱基-虎尾,2024-06-14,9236
1563,巧新,20,6,14,凱基-虎尾,2024-06-14,9236
4123,晟德,14,0,14,凱基-虎尾,2024-06-14,9236
2615,萬海,34,20,14,凱基-虎尾,2024-06-14,9236
2613,中櫃,15,2,13,凱基-虎尾,2024-06-14,9236
1584,精剛,17,6,11,凱基-虎尾,2024-06-14,9236
2481,強茂,11,0,11,凱基-虎尾,2024-06-14,9236
2317,鴻海,72,62,10,凱基-虎尾,2024-06-14,9236
2489,瑞軒,10,0,10,凱基-虎尾,2024-06-14,9236
2359,所羅門,28,18,10,凱基-虎尾,2024-06-14,9236
00706L,期元大S＆P日圓正2,10,0,10,凱基-虎尾,2024-06-14,9236
1603,華電,13,3,10,凱基-虎尾,2024-06-14,9236
1617,榮星,11,1,10,凱基-虎尾,2024-06-14,9236
2027,大成鋼,10,0,10,凱基-虎尾,2024-06-14,9236
2208,台船,11,1,10,凱基-虎尾,2024-06-14,9236
3060,銘異,10,0,10,凱基-虎尾,2024-06-14,9236
5521,工信,10,0,10,凱基-虎尾,2024-06-14,9236
6117,迎廣,10,0,10,凱基-虎尾,2024-06-14,9236
6139,亞翔,14,5,9,凱基-虎尾,2024-06-14,9236
2388,威盛,10,1,9,凱基-虎尾,2024-06-14,9236
911868,同方友友-DR,110,1,109,凱基-虎尾,2024-06-17,9236
00687B,國泰20年美債,94,5,89,凱基-虎尾,2024-06-17,9236
1802,台玻,116,31,85,凱基-虎尾,2024-06-17,9236
00918,大華優利高填息30,58,0,58,凱基-虎尾,2024-06-17,9236
1815,富喬,68,13,55,凱基-虎尾,2024-06-17,9236
3260,威剛,53,0,53,凱基-虎尾,2024-06-17,9236
2427,三商電,55,3,52,凱基-虎尾,2024-06-17,9236
00882,中信中國高股息,51,0,51,凱基-虎尾,2024-06-17,9236
8110,華東,41,0,41,凱基-虎尾,2024-06-17,9236
8105,凌巨,41,1,40,凱基-虎尾,2024-06-17,9236
6166,凌華,36,0,36,凱基-虎尾,2024-06-17,9236
2317,鴻海,66,35,31,凱基-虎尾,2024-06-17,9236
00752,中信中國50,30,0,30,凱基-虎尾,2024-06-17,9236
00944,野村趨勢動能高息,30,0,30,凱基-虎尾,2024-06-17,9236
4915,致伸,30,0,30,凱基-虎尾,2024-06-17,9236
8112,至上,31,2,29,凱基-虎尾,2024-06-17,9236
2515,中工,28,0,28,凱基-虎尾,2024-06-17,9236
5905,南仁湖,47,20,27,凱基-虎尾,2024-06-17,9236
2352,佳世達,23,0,23,凱基-虎尾,2024-06-17,9236
00929,復華台灣科技優息,41,19,22,凱基-虎尾,2024-06-17,9236
00942B,台新美A公司債20+,20,0,20,凱基-虎尾,2024-06-17,9236
1473,台南,30,10,20,凱基-虎尾,2024-06-17,9236
3036,文曄,20,0,20,凱基-虎尾,2024-06-17,9236
3535,晶彩科,22,2,20,凱基-虎尾,2024-06-17,9236
9105,泰金寶-DR,20,0,20,凱基-虎尾,2024-06-17,9236
3005,神基,22,2,20,凱基-虎尾,2024-06-17,9236
3548,兆利,18,0,18,凱基-虎尾,2024-06-17,9236
00946,群益科技高息成長,17,0,17,凱基-虎尾,2024-06-17,9236
2888,新光金,17,0,17,凱基-虎尾,2024-06-17,9236
1514,亞力,27,11,16,凱基-虎尾,2024-06-17,9236
1301,台塑,16,0,16,凱基-虎尾,2024-06-17,9236
2344,華邦電,27,11,16,凱基-虎尾,2024-06-17,9236
2337,旺宏,17,2,15,凱基-虎尾,2024-06-17,9236
00947,台新臺灣IC設計,15,0,15,凱基-虎尾,2024-06-17,9236
2375,凱美,15,0,15,凱基-虎尾,2024-06-17,9236
6160,欣技,15,0,15,凱基-虎尾,2024-06-17,9236
2371,大同,178,163,15,凱基-虎尾,2024-06-17,9236
2355,敬鵬,14,0,14,凱基-虎尾,2024-06-17,9236
4533,協易機,19,5,14,凱基-虎尾,2024-06-17,9236
4977,眾達-KY,24,11,13,凱基-虎尾,2024-06-17,9236
00881,國泰台灣5G+,12,0,12,凱基-虎尾,2024-06-17,9236
00935,野村臺灣新科技50,11,0,11,凱基-虎尾,2024-06-17,9236
2486,一詮,23,12,11,凱基-虎尾,2024-06-17,9236
4726,永昕,24,13,11,凱基-虎尾,2024-06-17,9236
6116,彩晶,21,10,11,凱基-虎尾,2024-06-17,9236
3163,波若威,15,5,10,凱基-虎尾,2024-06-17,9236
1460,宏遠,10,0,10,凱基-虎尾,2024-06-17,9236
1617,榮星,10,0,10,凱基-虎尾,2024-06-17,9236
1710,東聯,10,0,10,凱基-虎尾,2024-06-17,9236
2356,英業達,14,4,10,凱基-虎尾,2024-06-17,9236
3673,TPK-KY,180,2,178,凱基-虎尾,2024-06-18,9236
2888,新光金,109,3,106,凱基-虎尾,2024-06-18,9236
00918,大華優利高填息30,103,3,100,凱基-虎尾,2024-06-18,9236
4562,穎漢,84,4,80,凱基-虎尾,2024-06-18,9236
00937B,群益ESG投等債20,70,0,70,凱基-虎尾,2024-06-18,9236
5392,能率,61,2,59,凱基-虎尾,2024-06-18,9236
00936,台新永續高息中小,50,0,50,凱基-虎尾,2024-06-18,9236
4714,永捷,51,1,50,凱基-虎尾,2024-06-18,9236
9105,泰金寶-DR,42,0,42,凱基-虎尾,2024-06-18,9236
2405,輔信,36,3,33,凱基-虎尾,2024-06-18,9236
2610,華航,38,6,32,凱基-虎尾,2024-06-18,9236
00676R,富邦臺灣加權反1,30,0,30,凱基-虎尾,2024-06-18,9236
2913,農林,30,0,30,凱基-虎尾,2024-06-18,9236
2915,潤泰全,30,0,30,凱基-虎尾,2024-06-18,9236
6552,易華電,30,0,30,凱基-虎尾,2024-06-18,9236
2101,南港,35,12,23,凱基-虎尾,2024-06-18,9236
2427,三商電,21,0,21,凱基-虎尾,2024-06-18,9236
6189,豐藝,21,0,21,凱基-虎尾,2024-06-18,9236
3015,全漢,20,0,20,凱基-虎尾,2024-06-18,9236
00921,兆豐龍頭等權重,20,1,19,凱基-虎尾,2024-06-18,9236
2330,台積電,60,43,17,凱基-虎尾,2024-06-18,9236
1513,中興電,28,13,15,凱基-虎尾,2024-06-18,9236
2618,長榮航,57,42,15,凱基-虎尾,2024-06-18,9236
1725,元禎,14,0,14,凱基-虎尾,2024-06-18,9236
2392,正崴,28,14,14,凱基-虎尾,2024-06-18,9236
1504,東元,24,10,14,凱基-虎尾,2024-06-18,9236
4564,元翎,13,0,13,凱基-虎尾,2024-06-18,9236
00940,元大台灣價值高息,39,27,12,凱基-虎尾,2024-06-18,9236
00713,元大台灣高息低波,12,0,12,凱基-虎尾,2024-06-18,9236
1503,士電,13,1,12,凱基-虎尾,2024-06-18,9236
3013,晟銘電,12,0,12,凱基-虎尾,2024-06-18,9236
1616,億泰,14,3,11,凱基-虎尾,2024-06-18,9236
2476,鉅祥,12,1,11,凱基-虎尾,2024-06-18,9236
00637L,元大滬深300正2,10,0,10,凱基-虎尾,2024-06-18,9236
1603,華電,10,0,10,凱基-虎尾,2024-06-18,9236
1617,榮星,10,0,10,凱基-虎尾,2024-06-18,9236
3202,樺晟,10,0,10,凱基-虎尾,2024-06-18,9236
3363,上詮,10,0,10,凱基-虎尾,2024-06-18,9236
3567,逸昌,10,0,10,凱基-虎尾,2024-06-18,9236
3710,連展投控,10,0,10,凱基-虎尾,2024-06-18,9236
5309,系統電,10,0,10,凱基-虎尾,2024-06-18,9236
5905,南仁湖,10,0,10,凱基-虎尾,2024-06-18,9236
6117,迎廣,10,0,10,凱基-虎尾,2024-06-18,9236
9103,美德醫療-DR,10,0,10,凱基-虎尾,2024-06-18,9236
1303,南亞,11,2,9,凱基-虎尾,2024-06-18,9236
00679B,元大美債20年,14,5,9,凱基-虎尾,2024-06-18,9236
4958,臻鼎-KY,56,47,9,凱基-虎尾,2024-06-18,9236
2609,陽明,30,22,8,凱基-虎尾,2024-06-18,9236
6789,采鈺,9,1,8,凱基-虎尾,2024-06-18,9236
2353,宏��,16,8,8,凱基-虎尾,2024-06-18,9236
1611,中電,390,10,380,凱基-虎尾,2024-06-19,9236
00919,群益台灣精選高息,262,45,217,凱基-虎尾,2024-06-19,9236
2371,大同,90,13,77,凱基-虎尾,2024-06-19,9236
00936,台新永續高息中小,64,0,64,凱基-虎尾,2024-06-19,9236
1563,巧新,134,70,64,凱基-虎尾,2024-06-19,9236
00929,復華台灣科技優息,73,27,46,凱基-虎尾,2024-06-19,9236
1326,台化,38,0,38,凱基-虎尾,2024-06-19,9236
00673R,期元大S＆P原油反1,37,0,37,凱基-虎尾,2024-06-19,9236
1616,億泰,50,13,37,凱基-虎尾,2024-06-19,9236
00687B,國泰20年美債,88,52,36,凱基-虎尾,2024-06-19,9236
1725,元禎,38,3,35,凱基-虎尾,2024-06-19,9236
2392,正崴,55,22,33,凱基-虎尾,2024-06-19,9236
1524,耿鼎,36,6,30,凱基-虎尾,2024-06-19,9236
2915,潤泰全,30,0,30,凱基-虎尾,2024-06-19,9236
3062,建漢,41,11,30,凱基-虎尾,2024-06-19,9236
3260,威剛,32,7,25,凱基-虎尾,2024-06-19,9236
3591,艾笛森,25,0,25,凱基-虎尾,2024-06-19,9236
6278,台表科,25,0,25,凱基-虎尾,2024-06-19,9236
1609,大亞,22,2,20,凱基-虎尾,2024-06-19,9236
3019,亞光,20,0,20,凱基-虎尾,2024-06-19,9236
3029,零壹,20,0,20,凱基-虎尾,2024-06-19,9236
3005,神基,20,1,19,凱基-虎尾,2024-06-19,9236
2303,聯電,25,7,18,凱基-虎尾,2024-06-19,9236
2515,中工,17,0,17,凱基-虎尾,2024-06-19,9236
1504,東元,16,0,16,凱基-虎尾,2024-06-19,9236
8105,凌巨,16,0,16,凱基-虎尾,2024-06-19,9236
6239,力成,22,6,16,凱基-虎尾,2024-06-19,9236
00715L,期街口布蘭特正2,20,6,14,凱基-虎尾,2024-06-19,9236
4931,新盛力,14,0,14,凱基-虎尾,2024-06-19,9236
2312,金寶,13,0,13,凱基-虎尾,2024-06-19,9236
4306,炎洲,16,3,13,凱基-虎尾,2024-06-19,9236
00915,凱基優選高股息30,14,2,12,凱基-虎尾,2024-06-19,9236
1522,堤維西,58,46,12,凱基-虎尾,2024-06-19,9236
1815,富喬,17,5,12,凱基-虎尾,2024-06-19,9236
2313,華通,36,24,12,凱基-虎尾,2024-06-19,9236
3227,原相,12,0,12,凱基-虎尾,2024-06-19,9236
8112,至上,11,0,11,凱基-虎尾,2024-06-19,9236
00712,復華富時不動產,11,0,11,凱基-虎尾,2024-06-19,9236
5880,合庫金,11,0,11,凱基-虎尾,2024-06-19,9236
6505,台塑化,14,3,11,凱基-虎尾,2024-06-19,9236
3592,瑞鼎,10,0,10,凱基-虎尾,2024-06-19,9236
00944,野村趨勢動能高息,10,0,10,凱基-虎尾,2024-06-19,9236
2467,志聖,10,0,10,凱基-虎尾,2024-06-19,9236
2468,華經,10,0,10,凱基-虎尾,2024-06-19,9236
4128,中天,10,0,10,凱基-虎尾,2024-06-19,9236
9919,康那香,10,0,10,凱基-虎尾,2024-06-19,9236
5371,中光電,10,1,9,凱基-虎尾,2024-06-19,9236
1710,東聯,9,0,9,凱基-虎尾,2024-06-19,9236
1799,易威,9,0,9,凱基-虎尾,2024-06-19,9236
00713,元大台灣高息低波,10,1,9,凱基-虎尾,2024-06-19,9236
2888,新光金,134,16,118,凱基-虎尾,2024-06-20,9236
6560,欣普羅,120,5,115,凱基-虎尾,2024-06-20,9236
1815,富喬,69,4,65,凱基-虎尾,2024-06-20,9236
00936,台新永續高息中小,53,0,53,凱基-虎尾,2024-06-20,9236
8936,國統,51,0,51,凱基-虎尾,2024-06-20,9236
00940,元大台灣價值高息,80,31,49,凱基-虎尾,2024-06-20,9236
00632R,元大台灣50反1,43,0,43,凱基-虎尾,2024-06-20,9236
1618,合機,45,4,41,凱基-虎尾,2024-06-20,9236
3006,晶豪科,54,16,38,凱基-虎尾,2024-06-20,9236
2353,宏��,88,50,38,凱基-虎尾,2024-06-20,9236
8105,凌巨,526,488,38,凱基-虎尾,2024-06-20,9236
4566,時碩工業,38,2,36,凱基-虎尾,2024-06-20,9236
8112,至上,32,0,32,凱基-虎尾,2024-06-20,9236
6770,力積電,56,25,31,凱基-虎尾,2024-06-20,9236
2365,昆盈,42,12,30,凱基-虎尾,2024-06-20,9236
3374,精材,35,7,28,凱基-虎尾,2024-06-20,9236
1563,巧新,24,0,24,凱基-虎尾,2024-06-20,9236
2101,南港,33,10,23,凱基-虎尾,2024-06-20,9236
00946,群益科技高息成長,23,0,23,凱基-虎尾,2024-06-20,9236
00679B,元大美債20年,29,8,21,凱基-虎尾,2024-06-20,9236
00687B,國泰20年美債,51,31,20,凱基-虎尾,2024-06-20,9236
2801,彰銀,20,0,20,凱基-虎尾,2024-06-20,9236
6167,久正,20,0,20,凱基-虎尾,2024-06-20,9236
00712,復華富時不動產,19,0,19,凱基-虎尾,2024-06-20,9236
1309,台達化,22,3,19,凱基-虎尾,2024-06-20,9236
2317,鴻海,202,184,18,凱基-虎尾,2024-06-20,9236
8011,台通,21,4,17,凱基-虎尾,2024-06-20,9236
2025,千興,17,1,16,凱基-虎尾,2024-06-20,9236
2328,廣宇,17,1,16,凱基-虎尾,2024-06-20,9236
00948B,中信優息投資級債,15,0,15,凱基-虎尾,2024-06-20,9236
1617,榮星,15,0,15,凱基-虎尾,2024-06-20,9236
6125,廣運,23,8,15,凱基-虎尾,2024-06-20,9236
8110,華東,29,14,15,凱基-虎尾,2024-06-20,9236
8255,朋程,15,0,15,凱基-虎尾,2024-06-20,9236
2402,毅嘉,17,3,14,凱基-虎尾,2024-06-20,9236
2498,宏達電,17,3,14,凱基-虎尾,2024-06-20,9236
3019,亞光,34,20,14,凱基-虎尾,2024-06-20,9236
3044,健鼎,15,1,14,凱基-虎尾,2024-06-20,9236
8234,新漢,14,0,14,凱基-虎尾,2024-06-20,9236
911868,同方友友-DR,14,0,14,凱基-虎尾,2024-06-20,9236
5351,鈺創,15,2,13,凱基-虎尾,2024-06-20,9236
8103,瀚荃,16,3,13,凱基-虎尾,2024-06-20,9236
00918,大華優利高填息30,12,0,12,凱基-虎尾,2024-06-20,9236
5443,均豪,21,10,11,凱基-虎尾,2024-06-20,9236
1810,和成,11,0,11,凱基-虎尾,2024-06-20,9236
2464,盟立,21,10,11,凱基-虎尾,2024-06-20,9236
3576,聯合再生,11,0,11,凱基-虎尾,2024-06-20,9236
6140,訊達,29,18,11,凱基-虎尾,2024-06-20,9236
8028,昇陽半導體,15,4,11,凱基-虎尾,2024-06-20,9236
2376,技嘉,14,3,11,凱基-虎尾,2024-06-20,9236
8105,凌巨,825,438,387,凱基-虎尾,2024-06-21,9236
00919,群益台灣精選高息,215,20,195,凱基-虎尾,2024-06-21,9236
00937B,群益ESG投等債20,210,17,193,凱基-虎尾,2024-06-21,9236
2382,廣達,68,7,61,凱基-虎尾,2024-06-21,9236
00947,台新臺灣IC設計,58,0,58,凱基-虎尾,2024-06-21,9236
8112,至上,47,0,47,凱基-虎尾,2024-06-21,9236
00936,台新永續高息中小,44,0,44,凱基-虎尾,2024-06-21,9236
00929,復華台灣科技優息,68,25,43,凱基-虎尾,2024-06-21,9236
2365,昆盈,75,39,36,凱基-虎尾,2024-06-21,9236
2371,大同,39,4,35,凱基-虎尾,2024-06-21,9236
8121,越峰,35,0,35,凱基-虎尾,2024-06-21,9236
1301,台塑,29,2,27,凱基-虎尾,2024-06-21,9236
1513,中興電,26,0,26,凱基-虎尾,2024-06-21,9236
2915,潤泰全,25,0,25,凱基-虎尾,2024-06-21,9236
2353,宏��,25,1,24,凱基-虎尾,2024-06-21,9236
3029,零壹,23,0,23,凱基-虎尾,2024-06-21,9236
00882,中信中國高股息,20,0,20,凱基-虎尾,2024-06-21,9236
00665L,富邦�琤肭磪囓�2,40,20,20,凱基-虎尾,2024-06-21,9236
00931B,統一美債20年,20,0,20,凱基-虎尾,2024-06-21,9236
3287,廣寰科,22,2,20,凱基-虎尾,2024-06-21,9236
6143,振曜,20,0,20,凱基-虎尾,2024-06-21,9236
6214,精誠,20,0,20,凱基-虎尾,2024-06-21,9236
8477,創業家,20,0,20,凱基-虎尾,2024-06-21,9236
911868,同方友友-DR,20,0,20,凱基-虎尾,2024-06-21,9236
2405,輔信,26,7,19,凱基-虎尾,2024-06-21,9236
00948B,中信優息投資級債,16,0,16,凱基-虎尾,2024-06-21,9236
2515,中工,16,0,16,凱基-虎尾,2024-06-21,9236
3047,訊舟,29,13,16,凱基-虎尾,2024-06-21,9236
00935,野村臺灣新科技50,14,0,14,凱基-虎尾,2024-06-21,9236
6282,康舒,14,0,14,凱基-虎尾,2024-06-21,9236
8147,正淩,23,10,13,凱基-虎尾,2024-06-21,9236
00688L,國泰20年美債正2,12,0,12,凱基-虎尾,2024-06-21,9236
1605,華新,12,0,12,凱基-虎尾,2024-06-21,9236
2618,長榮航,15,3,12,凱基-虎尾,2024-06-21,9236
3305,昇貿,16,4,12,凱基-虎尾,2024-06-21,9236
3580,友威科,20,9,11,凱基-虎尾,2024-06-21,9236
1708,東鹼,14,3,11,凱基-虎尾,2024-06-21,9236
1503,士電,16,5,11,凱基-虎尾,2024-06-21,9236
00715L,期街口布蘭特正2,10,0,10,凱基-虎尾,2024-06-21,9236
1504,東元,10,0,10,凱基-虎尾,2024-06-21,9236
1616,億泰,10,0,10,凱基-虎尾,2024-06-21,9236
2109,華豐,10,0,10,凱基-虎尾,2024-06-21,9236
2605,新興,11,1,10,凱基-虎尾,2024-06-21,9236
3041,揚智,10,0,10,凱基-虎尾,2024-06-21,9236
6116,彩晶,30,20,10,凱基-虎尾,2024-06-21,9236
8085,福華,10,0,10,凱基-虎尾,2024-06-21,9236
2324,仁寶,9,0,9,凱基-虎尾,2024-06-21,9236
2548,華固,9,0,9,凱基-虎尾,2024-06-21,9236
4564,元翎,9,0,9,凱基-虎尾,2024-06-21,9236
00712,復華富時不動產,8,0,8,凱基-虎尾,2024-06-21,9236
3481,群創,934,261,673,凱基-虎尾,2024-06-24,9236
4956,光鋐,277,2,275,凱基-虎尾,2024-06-24,9236
2312,金寶,150,1,149,凱基-虎尾,2024-06-24,9236
00929,復華台灣科技優息,80,7,73,凱基-虎尾,2024-06-24,9236
4561,健椿,61,0,61,凱基-虎尾,2024-06-24,9236
8096,擎亞,53,4,49,凱基-虎尾,2024-06-24,9236
2353,宏��,59,14,45,凱基-虎尾,2024-06-24,9236
3260,威剛,43,0,43,凱基-虎尾,2024-06-24,9236
3231,緯創,43,1,42,凱基-虎尾,2024-06-24,9236
00940,元大台灣價值高息,48,12,36,凱基-虎尾,2024-06-24,9236
00936,台新永續高息中小,33,0,33,凱基-虎尾,2024-06-24,9236
2439,美律,168,138,30,凱基-虎尾,2024-06-24,9236
00947,台新臺灣IC設計,29,0,29,凱基-虎尾,2024-06-24,9236
1524,耿鼎,28,0,28,凱基-虎尾,2024-06-24,9236
2408,南亞科,28,0,28,凱基-虎尾,2024-06-24,9236
00937B,群益ESG投等債20,27,0,27,凱基-虎尾,2024-06-24,9236
2464,盟立,87,63,24,凱基-虎尾,2024-06-24,9236
00946,群益科技高息成長,23,0,23,凱基-虎尾,2024-06-24,9236
2344,華邦電,23,1,22,凱基-虎尾,2024-06-24,9236
1303,南亞,21,0,21,凱基-虎尾,2024-06-24,9236
6177,達麗,20,0,20,凱基-虎尾,2024-06-24,9236
2324,仁寶,19,0,19,凱基-虎尾,2024-06-24,9236
1301,台塑,18,0,18,凱基-虎尾,2024-06-24,9236
1710,東聯,15,0,15,凱基-虎尾,2024-06-24,9236
3455,由田,15,0,15,凱基-虎尾,2024-06-24,9236
6770,力積電,17,2,15,凱基-虎尾,2024-06-24,9236
2101,南港,12,0,12,凱基-虎尾,2024-06-24,9236
2615,萬海,25,14,11,凱基-虎尾,2024-06-24,9236
2609,陽明,23,12,11,凱基-虎尾,2024-06-24,9236
2897,王道銀行,11,0,11,凱基-虎尾,2024-06-24,9236
6213,聯茂,11,0,11,凱基-虎尾,2024-06-24,9236
00715L,期街口布蘭特正2,10,0,10,凱基-虎尾,2024-06-24,9236
00665L,富邦�琤肭磪囓�2,10,0,10,凱基-虎尾,2024-06-24,9236
1104,環泥,10,0,10,凱基-虎尾,2024-06-24,9236
1464,得力,10,0,10,凱基-虎尾,2024-06-24,9236
2025,千興,10,0,10,凱基-虎尾,2024-06-24,9236
4909,新復興,31,21,10,凱基-虎尾,2024-06-24,9236
6462,神盾,10,0,10,凱基-虎尾,2024-06-24,9236
2338,光罩,9,0,9,凱基-虎尾,2024-06-24,9236
2354,鴻準,13,4,9,凱基-虎尾,2024-06-24,9236
6869,雲豹能源,10,1,9,凱基-虎尾,2024-06-24,9236
6890,來億-KY,10,1,9,凱基-虎尾,2024-06-24,9236
1101,台泥,10,1,9,凱基-虎尾,2024-06-24,9236
8112,至上,8,0,8,凱基-虎尾,2024-06-24,9236
00915,凱基優選高股息30,9,1,8,凱基-虎尾,2024-06-24,9236
2867,三商壽,8,0,8,凱基-虎尾,2024-06-24,9236
3024,憶聲,8,0,8,凱基-虎尾,2024-06-24,9236
3047,訊舟,67,59,8,凱基-虎尾,2024-06-24,9236
5210,寶碩,8,0,8,凱基-虎尾,2024-06-24,9236
2382,廣達,18,10,8,凱基-虎尾,2024-06-24,9236
3481,群創,1513,1325,188,凱基-虎尾,2024-06-25,9236
1101,台泥,168,23,145,凱基-虎尾,2024-06-25,9236
00924,復華S＆P500成長,112,0,112,凱基-虎尾,2024-06-25,9236
2371,大同,109,26,83,凱基-虎尾,2024-06-25,9236
2323,中環,72,0,72,凱基-虎尾,2024-06-25,9236
00929,復華台灣科技優息,67,4,63,凱基-虎尾,2024-06-25,9236
00706L,期元大S＆P日圓正2,55,0,55,凱基-虎尾,2024-06-25,9236
2352,佳世達,58,6,52,凱基-虎尾,2024-06-25,9236
1215,卜蜂,51,0,51,凱基-虎尾,2024-06-25,9236
1563,巧新,56,6,50,凱基-虎尾,2024-06-25,9236
912000,晨訊科-DR,50,0,50,凱基-虎尾,2024-06-25,9236
3305,昇貿,52,3,49,凱基-虎尾,2024-06-25,9236
00940,元大台灣價值高息,47,1,46,凱基-虎尾,2024-06-25,9236
2409,友達,44,0,44,凱基-虎尾,2024-06-25,9236
00936,台新永續高息中小,41,0,41,凱基-虎尾,2024-06-25,9236
2317,鴻海,147,108,39,凱基-虎尾,2024-06-25,9236
2461,光群雷,36,0,36,凱基-虎尾,2024-06-25,9236
2883,凱基金,42,10,32,凱基-虎尾,2024-06-25,9236
2867,三商壽,25,0,25,凱基-虎尾,2024-06-25,9236
4562,穎漢,25,1,24,凱基-虎尾,2024-06-25,9236
3231,緯創,27,3,24,凱基-虎尾,2024-06-25,9236
00946,群益科技高息成長,24,0,24,凱基-虎尾,2024-06-25,9236
2472,立隆電,23,0,23,凱基-虎尾,2024-06-25,9236
4566,時碩工業,22,0,22,凱基-虎尾,2024-06-25,9236
1437,勤益控,21,0,21,凱基-虎尾,2024-06-25,9236
1605,華新,21,0,21,凱基-虎尾,2024-06-25,9236
2515,中工,20,0,20,凱基-虎尾,2024-06-25,9236
1314,中石化,20,0,20,凱基-虎尾,2024-06-25,9236
8163,達方,20,0,20,凱基-虎尾,2024-06-25,9236
1722,台肥,20,0,20,凱基-虎尾,2024-06-25,9236
4561,健椿,20,1,19,凱基-虎尾,2024-06-25,9236
4526,東台,18,1,17,凱基-虎尾,2024-06-25,9236
2427,三商電,21,5,16,凱基-虎尾,2024-06-25,9236
1609,大亞,32,17,15,凱基-虎尾,2024-06-25,9236
1618,合機,18,3,15,凱基-虎尾,2024-06-25,9236
1301,台塑,18,4,14,凱基-虎尾,2024-06-25,9236
3037,欣興,363,350,13,凱基-虎尾,2024-06-25,9236
6282,康舒,13,0,13,凱基-虎尾,2024-06-25,9236
2885,元大金,14,1,13,凱基-虎尾,2024-06-25,9236
00947,台新臺灣IC設計,13,0,13,凱基-虎尾,2024-06-25,9236
1503,士電,15,2,13,凱基-虎尾,2024-06-25,9236
1514,亞力,18,5,13,凱基-虎尾,2024-06-25,9236
1785,光洋科,56,43,13,凱基-虎尾,2024-06-25,9236
1815,富喬,18,5,13,凱基-虎尾,2024-06-25,9236
2002,中鋼,13,0,13,凱基-虎尾,2024-06-25,9236
3666,光耀,24,11,13,凱基-虎尾,2024-06-25,9236
6695,芯鼎,15,2,13,凱基-虎尾,2024-06-25,9236
6770,力積電,18,5,13,凱基-虎尾,2024-06-25,9236
2324,仁寶,13,1,12,凱基-虎尾,2024-06-25,9236
3663,鑫科,16,4,12,凱基-虎尾,2024-06-25,9236
2353,宏��,100,6,94,凱基-虎尾,2024-06-26,9236
4167,松瑞藥,109,26,83,凱基-虎尾,2024-06-26,9236
2367,燿華,103,23,80,凱基-虎尾,2024-06-26,9236
2883,凱基金,63,1,62,凱基-虎尾,2024-06-26,9236
6244,茂迪,72,12,60,凱基-虎尾,2024-06-26,9236
4123,晟德,48,0,48,凱基-虎尾,2024-06-26,9236
00946,群益科技高息成長,36,0,36,凱基-虎尾,2024-06-26,9236
00664R,國泰臺灣加權反1,35,0,35,凱基-虎尾,2024-06-26,9236
00632R,元大台灣50反1,45,10,35,凱基-虎尾,2024-06-26,9236
2409,友達,34,0,34,凱基-虎尾,2024-06-26,9236
6215,和椿,33,0,33,凱基-虎尾,2024-06-26,9236
6538,倉和,31,0,31,凱基-虎尾,2024-06-26,9236
6290,良維,76,47,29,凱基-虎尾,2024-06-26,9236
9136,巨騰-DR,28,0,28,凱基-虎尾,2024-06-26,9236
00919,群益台灣精選高息,29,4,25,凱基-虎尾,2024-06-26,9236
1524,耿鼎,30,5,25,凱基-虎尾,2024-06-26,9236
3062,建漢,27,2,25,凱基-虎尾,2024-06-26,9236
2002,中鋼,27,2,25,凱基-虎尾,2024-06-26,9236
2603,長榮,24,0,24,凱基-虎尾,2024-06-26,9236
2515,中工,23,0,23,凱基-虎尾,2024-06-26,9236
1528,恩德,28,6,22,凱基-虎尾,2024-06-26,9236
3048,益登,23,2,21,凱基-虎尾,2024-06-26,9236
6152,百一,25,4,21,凱基-虎尾,2024-06-26,9236
1101,台泥,20,0,20,凱基-虎尾,2024-06-26,9236
2301,光寶科,20,1,19,凱基-虎尾,2024-06-26,9236
1529,樂事綠能,19,0,19,凱基-虎尾,2024-06-26,9236
8255,朋程,20,1,19,凱基-虎尾,2024-06-26,9236
2867,三商壽,17,0,17,凱基-虎尾,2024-06-26,9236
00936,台新永續高息中小,16,0,16,凱基-虎尾,2024-06-26,9236
00753L,中信中國50正2,16,0,16,凱基-虎尾,2024-06-26,9236
6443,元晶,17,1,16,凱基-虎尾,2024-06-26,9236
8277,商丞,16,0,16,凱基-虎尾,2024-06-26,9236
00878,國泰永續高股息,20,4,16,凱基-虎尾,2024-06-26,9236
1301,台塑,27,11,16,凱基-虎尾,2024-06-26,9236
00937B,群益ESG投等債20,15,0,15,凱基-虎尾,2024-06-26,9236
6282,康舒,24,9,15,凱基-虎尾,2024-06-26,9236
8096,擎亞,15,1,14,凱基-虎尾,2024-06-26,9236
1326,台化,13,0,13,凱基-虎尾,2024-06-26,9236
1709,和益,18,5,13,凱基-虎尾,2024-06-26,9236
3047,訊舟,29,16,13,凱基-虎尾,2024-06-26,9236
3708,上緯投控,13,0,13,凱基-虎尾,2024-06-26,9236
4128,中天,13,0,13,凱基-虎尾,2024-06-26,9236
8110,華東,13,0,13,凱基-虎尾,2024-06-26,9236
00679B,元大美債20年,14,2,12,凱基-虎尾,2024-06-26,9236
2495,普安,23,11,12,凱基-虎尾,2024-06-26,9236
8076,伍豐,15,3,12,凱基-虎尾,2024-06-26,9236
00915,凱基優選高股息30,12,0,12,凱基-虎尾,2024-06-26,9236
1609,大亞,55,44,11,凱基-虎尾,2024-06-26,9236
1795,美時,14,3,11,凱基-虎尾,2024-06-26,9236
3224,三顧,11,0,11,凱基-虎尾,2024-06-26,9236
00632R,元大台灣50反1,510,46,464,凱基-虎尾,2024-06-27,9236
3450,聯鈞,700,382,318,凱基-虎尾,2024-06-27,9236
2610,華航,232,33,199,凱基-虎尾,2024-06-27,9236
1709,和益,191,25,166,凱基-虎尾,2024-06-27,9236
2317,鴻海,136,3,133,凱基-虎尾,2024-06-27,9236
8103,瀚荃,130,9,121,凱基-虎尾,2024-06-27,9236
8440,綠電,101,4,97,凱基-虎尾,2024-06-27,9236
6443,元晶,109,36,73,凱基-虎尾,2024-06-27,9236
00929,復華台灣科技優息,81,10,71,凱基-虎尾,2024-06-27,9236
00936,台新永續高息中小,68,0,68,凱基-虎尾,2024-06-27,9236
1609,大亞,131,75,56,凱基-虎尾,2024-06-27,9236
3481,群創,53,2,51,凱基-虎尾,2024-06-27,9236
1717,長興,40,0,40,凱基-虎尾,2024-06-27,9236
00931B,統一美債20年,38,0,38,凱基-虎尾,2024-06-27,9236
00937B,群益ESG投等債20,41,8,33,凱基-虎尾,2024-06-27,9236
2884,玉山金,43,10,33,凱基-虎尾,2024-06-27,9236
2002,中鋼,26,0,26,凱基-虎尾,2024-06-27,9236
8110,華東,28,3,25,凱基-虎尾,2024-06-27,9236
00688L,國泰20年美債正2,23,0,23,凱基-虎尾,2024-06-27,9236
00679B,元大美債20年,23,0,23,凱基-虎尾,2024-06-27,9236
1514,亞力,25,4,21,凱基-虎尾,2024-06-27,9236
6120,達運,20,0,20,凱基-虎尾,2024-06-27,9236
4934,太極,19,0,19,凱基-虎尾,2024-06-27,9236
3036,文曄,18,1,17,凱基-虎尾,2024-06-27,9236
6807,峰源-KY,17,0,17,凱基-虎尾,2024-06-27,9236
2356,英業達,18,2,16,凱基-虎尾,2024-06-27,9236
00687B,國泰20年美債,20,5,15,凱基-虎尾,2024-06-27,9236
00882,中信中國高股息,15,0,15,凱基-虎尾,2024-06-27,9236
00725B,國泰投資級公司債,15,0,15,凱基-虎尾,2024-06-27,9236
1522,堤維西,16,1,15,凱基-虎尾,2024-06-27,9236
2465,麗臺,18,3,15,凱基-虎尾,2024-06-27,9236
2915,潤泰全,15,0,15,凱基-虎尾,2024-06-27,9236
3663,鑫科,18,3,15,凱基-虎尾,2024-06-27,9236
8112,至上,20,5,15,凱基-虎尾,2024-06-27,9236
2344,華邦電,17,3,14,凱基-虎尾,2024-06-27,9236
5243,乙盛-KY,15,1,14,凱基-虎尾,2024-06-27,9236
00919,群益台灣精選高息,24,10,14,凱基-虎尾,2024-06-27,9236
2515,中工,13,0,13,凱基-虎尾,2024-06-27,9236
2618,長榮航,80,67,13,凱基-虎尾,2024-06-27,9236
00927,群益半導體收益,12,0,12,凱基-虎尾,2024-06-27,9236
00680L,元大美債20正2,12,0,12,凱基-虎尾,2024-06-27,9236
3490,單井,15,3,12,凱基-虎尾,2024-06-27,9236
1785,光洋科,15,4,11,凱基-虎尾,2024-06-27,9236
2324,仁寶,11,0,11,凱基-虎尾,2024-06-27,9236
2401,凌陽,11,0,11,凱基-虎尾,2024-06-27,9236
2405,輔信,11,0,11,凱基-虎尾,2024-06-27,9236
2449,京元電子,11,0,11,凱基-虎尾,2024-06-27,9236
2897,王道銀行,11,0,11,凱基-虎尾,2024-06-27,9236
3047,訊舟,61,50,11,凱基-虎尾,2024-06-27,9236
4123,晟德,11,0,11,凱基-虎尾,2024-06-27,9236
6127,九豪,225,0,225,凱基-虎尾,2024-06-28,9236
2406,國碩,161,29,132,凱基-虎尾,2024-06-28,9236
2349,錸德,102,5,97,凱基-虎尾,2024-06-28,9236
00679B,元大美債20年,61,0,61,凱基-虎尾,2024-06-28,9236
00929,復華台灣科技優息,50,0,50,凱基-虎尾,2024-06-28,9236
1504,東元,57,13,44,凱基-虎尾,2024-06-28,9236
1301,台塑,38,0,38,凱基-虎尾,2024-06-28,9236
00936,台新永續高息中小,36,0,36,凱基-虎尾,2024-06-28,9236
2382,廣達,55,19,36,凱基-虎尾,2024-06-28,9236
2301,光寶科,40,6,34,凱基-虎尾,2024-06-28,9236
2367,燿華,41,8,33,凱基-虎尾,2024-06-28,9236
2515,中工,31,0,31,凱基-虎尾,2024-06-28,9236
1709,和益,39,8,31,凱基-虎尾,2024-06-28,9236
00664R,國泰臺灣加權反1,30,0,30,凱基-虎尾,2024-06-28,9236
2354,鴻準,42,15,27,凱基-虎尾,2024-06-28,9236
2312,金寶,26,0,26,凱基-虎尾,2024-06-28,9236
2374,佳能,45,20,25,凱基-虎尾,2024-06-28,9236
2495,普安,45,20,25,凱基-虎尾,2024-06-28,9236
3050,鈺德,40,15,25,凱基-虎尾,2024-06-28,9236
8050,廣積,23,0,23,凱基-虎尾,2024-06-28,9236
00919,群益台灣精選高息,29,6,23,凱基-虎尾,2024-06-28,9236
2340,台亞,20,0,20,凱基-虎尾,2024-06-28,9236
4566,時碩工業,20,0,20,凱基-虎尾,2024-06-28,9236
1815,富喬,95,76,19,凱基-虎尾,2024-06-28,9236
5443,均豪,20,1,19,凱基-虎尾,2024-06-28,9236
2883,凱基金,30,12,18,凱基-虎尾,2024-06-28,9236
2337,旺宏,17,0,17,凱基-虎尾,2024-06-28,9236
3042,晶技,17,0,17,凱基-虎尾,2024-06-28,9236
5392,能率,17,0,17,凱基-虎尾,2024-06-28,9236
8071,能率網通,17,0,17,凱基-虎尾,2024-06-28,9236
6166,凌華,46,30,16,凱基-虎尾,2024-06-28,9236
1560,中砂,15,0,15,凱基-虎尾,2024-06-28,9236
3047,訊舟,16,1,15,凱基-虎尾,2024-06-28,9236
6112,邁達特,15,0,15,凱基-虎尾,2024-06-28,9236
2303,聯電,17,2,15,凱基-虎尾,2024-06-28,9236
2344,華邦電,20,6,14,凱基-虎尾,2024-06-28,9236
2464,盟立,32,19,13,凱基-虎尾,2024-06-28,9236
2867,三商壽,13,0,13,凱基-虎尾,2024-06-28,9236
8076,伍豐,17,4,13,凱基-虎尾,2024-06-28,9236
3362,先進光,18,5,13,凱基-虎尾,2024-06-28,9236
3481,群創,18,6,12,凱基-虎尾,2024-06-28,9236
5475,德宏,12,0,12,凱基-虎尾,2024-06-28,9236
2371,大同,12,0,12,凱基-虎尾,2024-06-28,9236
2472,立隆電,11,0,11,凱基-虎尾,2024-06-28,9236
3062,建漢,12,1,11,凱基-虎尾,2024-06-28,9236
6414,樺漢,12,1,11,凱基-虎尾,2024-06-28,9236
2002,中鋼,11,0,11,凱基-虎尾,2024-06-28,9236
6125,廣運,12,2,10,凱基-虎尾,2024-06-28,9236
00772B,中信高評級公司債,10,0,10,凱基-虎尾,2024-06-28,9236
2489,瑞軒,10,0,10,凱基-虎尾,2024-06-28,9236
00937B,群益ESG投等債20,120,19,101,凱基-虎尾,2024-07-01,9236
00687B,國泰20年美債,111,10,101,凱基-虎尾,2024-07-01,9236
00679B,元大美債20年,83,20,63,凱基-虎尾,2024-07-01,9236
2618,長榮航,100,40,60,凱基-虎尾,2024-07-01,9236
00929,復華台灣科技優息,58,0,58,凱基-虎尾,2024-07-01,9236
3036,文曄,46,0,46,凱基-虎尾,2024-07-01,9236
3055,蔚華科,41,0,41,凱基-虎尾,2024-07-01,9236
2385,群光,40,0,40,凱基-虎尾,2024-07-01,9236
00688L,國泰20年美債正2,34,0,34,凱基-虎尾,2024-07-01,9236
8050,廣積,34,1,33,凱基-虎尾,2024-07-01,9236
00725B,國泰投資級公司債,32,0,32,凱基-虎尾,2024-07-01,9236
00680L,元大美債20正2,32,0,32,凱基-虎尾,2024-07-01,9236
6235,華孚,30,0,30,凱基-虎尾,2024-07-01,9236
2353,宏��,26,2,24,凱基-虎尾,2024-07-01,9236
4167,松瑞藥,30,6,24,凱基-虎尾,2024-07-01,9236
00936,台新永續高息中小,23,0,23,凱基-虎尾,2024-07-01,9236
6026,福邦證,23,0,23,凱基-虎尾,2024-07-01,9236
00751B,元大AAA至A公司債,20,0,20,凱基-虎尾,2024-07-01,9236
00664R,國泰臺灣加權反1,20,0,20,凱基-虎尾,2024-07-01,9236
2484,希華,20,0,20,凱基-虎尾,2024-07-01,9236
2812,台中銀,20,0,20,凱基-虎尾,2024-07-01,9236
6126,信音,19,0,19,凱基-虎尾,2024-07-01,9236
3576,聯合再生,174,156,18,凱基-虎尾,2024-07-01,9236
3535,晶彩科,21,3,18,凱基-虎尾,2024-07-01,9236
2352,佳世達,71,54,17,凱基-虎尾,2024-07-01,9236
2359,所羅門,36,19,17,凱基-虎尾,2024-07-01,9236
2313,華通,17,0,17,凱基-虎尾,2024-07-01,9236
1569,濱川,16,0,16,凱基-虎尾,2024-07-01,9236
1789,神隆,16,0,16,凱基-虎尾,2024-07-01,9236
2915,潤泰全,18,2,16,凱基-虎尾,2024-07-01,9236
2516,新建,15,0,15,凱基-虎尾,2024-07-01,9236
3450,聯鈞,33,18,15,凱基-虎尾,2024-07-01,9236
6166,凌華,16,2,14,凱基-虎尾,2024-07-01,9236
3048,益登,21,8,13,凱基-虎尾,2024-07-01,9236
00948B,中信優息投資級債,12,0,12,凱基-虎尾,2024-07-01,9236
2442,新美齊,12,0,12,凱基-虎尾,2024-07-01,9236
2610,華航,39,27,12,凱基-虎尾,2024-07-01,9236
4109,加捷生醫,12,0,12,凱基-虎尾,2024-07-01,9236
2515,中工,11,0,11,凱基-虎尾,2024-07-01,9236
9910,豐泰,11,0,11,凱基-虎尾,2024-07-01,9236
0056,元大高股息,12,1,11,凱基-虎尾,2024-07-01,9236
00885,富邦越南,11,0,11,凱基-虎尾,2024-07-01,9236
2836,高雄銀,14,3,11,凱基-虎尾,2024-07-01,9236
5011,久陽,11,0,11,凱基-虎尾,2024-07-01,9236
6770,力積電,14,3,11,凱基-虎尾,2024-07-01,9236
00933B,國泰10Y+金融債,10,0,10,凱基-虎尾,2024-07-01,9236
00934,中信成長高股息,10,0,10,凱基-虎尾,2024-07-01,9236
00706L,期元大S＆P日圓正2,10,0,10,凱基-虎尾,2024-07-01,9236
2606,裕民,10,0,10,凱基-虎尾,2024-07-01,9236
3024,憶聲,10,0,10,凱基-虎尾,2024-07-01,9236
00929,復華台灣科技優息,173,1,172,凱基-虎尾,2024-07-02,9236
00679B,元大美債20年,163,0,163,凱基-虎尾,2024-07-02,9236
6443,元晶,163,50,113,凱基-虎尾,2024-07-02,9236
00687B,國泰20年美債,91,2,89,凱基-虎尾,2024-07-02,9236
2489,瑞軒,85,1,84,凱基-虎尾,2024-07-02,9236
2406,國碩,110,27,83,凱基-虎尾,2024-07-02,9236
2303,聯電,83,4,79,凱基-虎尾,2024-07-02,9236
2402,毅嘉,110,43,67,凱基-虎尾,2024-07-02,9236
8112,至上,63,0,63,凱基-虎尾,2024-07-02,9236
6216,居易,46,0,46,凱基-虎尾,2024-07-02,9236
00934,中信成長高股息,44,0,44,凱基-虎尾,2024-07-02,9236
1806,冠軍,54,10,44,凱基-虎尾,2024-07-02,9236
00936,台新永續高息中小,43,0,43,凱基-虎尾,2024-07-02,9236
4109,加捷生醫,54,12,42,凱基-虎尾,2024-07-02,9236
6698,旭暉應材,192,150,42,凱基-虎尾,2024-07-02,9236
00688L,國泰20年美債正2,34,0,34,凱基-虎尾,2024-07-02,9236
1301,台塑,33,1,32,凱基-虎尾,2024-07-02,9236
3481,群創,45,14,31,凱基-虎尾,2024-07-02,9236
2382,廣達,30,0,30,凱基-虎尾,2024-07-02,9236
00671R,富邦NASDAQ反1,30,0,30,凱基-虎尾,2024-07-02,9236
2801,彰銀,30,0,30,凱基-虎尾,2024-07-02,9236
2323,中環,30,2,28,凱基-虎尾,2024-07-02,9236
8086,宏捷科,28,1,27,凱基-虎尾,2024-07-02,9236
8341,日友,27,0,27,凱基-虎尾,2024-07-02,9236
6112,邁達特,25,0,25,凱基-虎尾,2024-07-02,9236
1709,和益,27,3,24,凱基-虎尾,2024-07-02,9236
3576,聯合再生,92,70,22,凱基-虎尾,2024-07-02,9236
6244,茂迪,52,30,22,凱基-虎尾,2024-07-02,9236
2317,鴻海,160,138,22,凱基-虎尾,2024-07-02,9236
00673R,期元大S＆P原油反1,21,0,21,凱基-虎尾,2024-07-02,9236
9105,泰金寶-DR,21,0,21,凱基-虎尾,2024-07-02,9236
1717,長興,20,0,20,凱基-虎尾,2024-07-02,9236
2349,錸德,32,12,20,凱基-虎尾,2024-07-02,9236
6477,安集,17,1,16,凱基-虎尾,2024-07-02,9236
6928,攸泰科技,15,0,15,凱基-虎尾,2024-07-02,9236
00937B,群益ESG投等債20,13,0,13,凱基-虎尾,2024-07-02,9236
3059,華晶科,209,196,13,凱基-虎尾,2024-07-02,9236
6207,雷科,21,8,13,凱基-虎尾,2024-07-02,9236
2637,慧洋-KY,12,0,12,凱基-虎尾,2024-07-02,9236
3048,益登,23,11,12,凱基-虎尾,2024-07-02,9236
8421,旭源,12,0,12,凱基-虎尾,2024-07-02,9236
2515,中工,11,0,11,凱基-虎尾,2024-07-02,9236
2453,凌群,13,2,11,凱基-虎尾,2024-07-02,9236
3234,光環,11,0,11,凱基-虎尾,2024-07-02,9236
00720B,元大投資級公司債,10,0,10,凱基-虎尾,2024-07-02,9236
1445,大宇,10,0,10,凱基-虎尾,2024-07-02,9236
2027,大成鋼,10,0,10,凱基-虎尾,2024-07-02,9236
4414,如興,10,0,10,凱基-虎尾,2024-07-02,9236
8103,瀚荃,11,1,10,凱基-虎尾,2024-07-02,9236
4919,新唐,10,1,9,凱基-虎尾,2024-07-02,9236
3520,華盈,425,1,424,凱基-虎尾,2024-07-03,9236
3673,TPK-KY,168,7,161,凱基-虎尾,2024-07-03,9236
00929,復華台灣科技優息,136,3,133,凱基-虎尾,2024-07-03,9236
2312,金寶,115,10,105,凱基-虎尾,2024-07-03,9236
1603,華電,67,1,66,凱基-虎尾,2024-07-03,9236
3312,弘憶股,96,35,61,凱基-虎尾,2024-07-03,9236
5392,能率,76,20,56,凱基-虎尾,2024-07-03,9236
2367,燿華,108,55,53,凱基-虎尾,2024-07-03,9236
2520,冠德,50,0,50,凱基-虎尾,2024-07-03,9236
2344,華邦電,1059,1014,45,凱基-虎尾,2024-07-03,9236
2228,劍麟,43,0,43,凱基-虎尾,2024-07-03,9236
00934,中信成長高股息,41,0,41,凱基-虎尾,2024-07-03,9236
9105,泰金寶-DR,35,1,34,凱基-虎尾,2024-07-03,9236
1725,元禎,34,2,32,凱基-虎尾,2024-07-03,9236
6116,彩晶,40,8,32,凱基-虎尾,2024-07-03,9236
00857B,永豐20年美公債,30,0,30,凱基-虎尾,2024-07-03,9236
2915,潤泰全,35,5,30,凱基-虎尾,2024-07-03,9236
1714,和桐,34,5,29,凱基-虎尾,2024-07-03,9236
00679B,元大美債20年,33,5,28,凱基-虎尾,2024-07-03,9236
2618,長榮航,52,25,27,凱基-虎尾,2024-07-03,9236
4167,松瑞藥,25,1,24,凱基-虎尾,2024-07-03,9236
1815,富喬,27,5,22,凱基-虎尾,2024-07-03,9236
1905,華紙,19,0,19,凱基-虎尾,2024-07-03,9236
8112,至上,21,2,19,凱基-虎尾,2024-07-03,9236
3047,訊舟,42,24,18,凱基-虎尾,2024-07-03,9236
00936,台新永續高息中小,15,0,15,凱基-虎尾,2024-07-03,9236
2455,全新,29,14,15,凱基-虎尾,2024-07-03,9236
2880,華南金,25,10,15,凱基-虎尾,2024-07-03,9236
3581,博磊,15,0,15,凱基-虎尾,2024-07-03,9236
3481,群創,18,4,14,凱基-虎尾,2024-07-03,9236
3645,達邁,14,0,14,凱基-虎尾,2024-07-03,9236
6127,九豪,14,0,14,凱基-虎尾,2024-07-03,9236
3704,合勤控,13,0,13,凱基-虎尾,2024-07-03,9236
8070,長華*,13,0,13,凱基-虎尾,2024-07-03,9236
9945,潤泰新,18,5,13,凱基-虎尾,2024-07-03,9236
8064,東捷,12,0,12,凱基-虎尾,2024-07-03,9236
6160,欣技,15,3,12,凱基-虎尾,2024-07-03,9236
1785,光洋科,27,16,11,凱基-虎尾,2024-07-03,9236
1907,永豐餘,11,0,11,凱基-虎尾,2024-07-03,9236
3010,華立,12,1,11,凱基-虎尾,2024-07-03,9236
5351,鈺創,11,0,11,凱基-虎尾,2024-07-03,9236
6197,佳必琪,11,0,11,凱基-虎尾,2024-07-03,9236
6209,今國光,11,0,11,凱基-虎尾,2024-07-03,9236
6213,聯茂,40,29,11,凱基-虎尾,2024-07-03,9236
2101,南港,10,0,10,凱基-虎尾,2024-07-03,9236
5347,世界,12,2,10,凱基-虎尾,2024-07-03,9236
1593,祺驊,10,0,10,凱基-虎尾,2024-07-03,9236
2009,第一銅,11,1,10,凱基-虎尾,2024-07-03,9236
2030,彰源,10,0,10,凱基-虎尾,2024-07-03,9236
2401,凌陽,11,1,10,凱基-虎尾,2024-07-03,9236
2888,新光金,229,29,200,凱基-虎尾,2024-07-04,9236
2330,台積電,652,455,197,凱基-虎尾,2024-07-04,9236
00935,野村臺灣新科技50,207,23,184,凱基-虎尾,2024-07-04,9236
6215,和椿,123,24,99,凱基-虎尾,2024-07-04,9236
8112,至上,61,2,59,凱基-虎尾,2024-07-04,9236
2412,中華電,58,0,58,凱基-虎尾,2024-07-04,9236
2610,華航,62,4,58,凱基-虎尾,2024-07-04,9236
1603,華電,56,0,56,凱基-虎尾,2024-07-04,9236
2371,大同,62,6,56,凱基-虎尾,2024-07-04,9236
4561,健椿,55,8,47,凱基-虎尾,2024-07-04,9236
2915,潤泰全,46,5,41,凱基-虎尾,2024-07-04,9236
2025,千興,40,0,40,凱基-虎尾,2024-07-04,9236
1618,合機,46,14,32,凱基-虎尾,2024-07-04,9236
6191,精成科,33,1,32,凱基-虎尾,2024-07-04,9236
00937B,群益ESG投等債20,30,0,30,凱基-虎尾,2024-07-04,9236
1717,長興,30,0,30,凱基-虎尾,2024-07-04,9236
00936,台新永續高息中小,29,0,29,凱基-虎尾,2024-07-04,9236
00673R,期元大S＆P原油反1,29,0,29,凱基-虎尾,2024-07-04,9236
00671R,富邦NASDAQ反1,25,0,25,凱基-虎尾,2024-07-04,9236
1217,愛之味,25,0,25,凱基-虎尾,2024-07-04,9236
1609,大亞,45,20,25,凱基-虎尾,2024-07-04,9236
2618,長榮航,36,14,22,凱基-虎尾,2024-07-04,9236
1409,新纖,81,60,21,凱基-虎尾,2024-07-04,9236
00946,群益科技高息成長,20,0,20,凱基-虎尾,2024-07-04,9236
00945B,凱基美國非投等債,20,0,20,凱基-虎尾,2024-07-04,9236
2613,中櫃,20,0,20,凱基-虎尾,2024-07-04,9236
4171,瑞基,20,0,20,凱基-虎尾,2024-07-04,9236
2543,皇昌,20,0,20,凱基-虎尾,2024-07-04,9236
3005,神基,22,3,19,凱基-虎尾,2024-07-04,9236
9105,泰金寶-DR,29,10,19,凱基-虎尾,2024-07-04,9236
8071,能率網通,32,14,18,凱基-虎尾,2024-07-04,9236
00706L,期元大S＆P日圓正2,15,0,15,凱基-虎尾,2024-07-04,9236
6443,元晶,27,12,15,凱基-虎尾,2024-07-04,9236
3535,晶彩科,15,1,14,凱基-虎尾,2024-07-04,9236
2886,兆豐金,13,0,13,凱基-虎尾,2024-07-04,9236
00662,富邦NASDAQ,13,0,13,凱基-虎尾,2024-07-04,9236
3265,台星科,13,0,13,凱基-虎尾,2024-07-04,9236
8358,金居,21,8,13,凱基-虎尾,2024-07-04,9236
1504,東元,13,1,12,凱基-虎尾,2024-07-04,9236
2324,仁寶,11,0,11,凱基-虎尾,2024-07-04,9236
3372,典範,13,2,11,凱基-虎尾,2024-07-04,9236
3481,群創,487,476,11,凱基-虎尾,2024-07-04,9236
4109,加捷生醫,11,0,11,凱基-虎尾,2024-07-04,9236
6203,海韻電,11,0,11,凱基-虎尾,2024-07-04,9236
6278,台表科,11,0,11,凱基-虎尾,2024-07-04,9236
2634,漢翔,31,20,11,凱基-虎尾,2024-07-04,9236
2328,廣宇,10,0,10,凱基-虎尾,2024-07-04,9236
2363,矽統,15,5,10,凱基-虎尾,2024-07-04,9236
2495,普安,34,24,10,凱基-虎尾,2024-07-04,9236
2801,彰銀,10,0,10,凱基-虎尾,2024-07-04,9236
00936,台新永續高息中小,102,0,102,凱基-虎尾,2024-07-05,9236
2352,佳世達,103,5,98,凱基-虎尾,2024-07-05,9236
2618,長榮航,76,4,72,凱基-虎尾,2024-07-05,9236
5243,乙盛-KY,56,1,55,凱基-虎尾,2024-07-05,9236
2374,佳能,58,5,53,凱基-虎尾,2024-07-05,9236
8121,越峰,49,2,47,凱基-虎尾,2024-07-05,9236
2328,廣宇,50,11,39,凱基-虎尾,2024-07-05,9236
2439,美律,33,4,29,凱基-虎尾,2024-07-05,9236
6278,台表科,28,1,27,凱基-虎尾,2024-07-05,9236
1815,富喬,29,3,26,凱基-虎尾,2024-07-05,9236
8234,新漢,37,12,25,凱基-虎尾,2024-07-05,9236
8011,台通,23,0,23,凱基-虎尾,2024-07-05,9236
2888,新光金,388,366,22,凱基-虎尾,2024-07-05,9236
00934,中信成長高股息,20,0,20,凱基-虎尾,2024-07-05,9236
00929,復華台灣科技優息,23,3,20,凱基-虎尾,2024-07-05,9236
1802,台玻,19,0,19,凱基-虎尾,2024-07-05,9236
2515,中工,20,1,19,凱基-虎尾,2024-07-05,9236
4714,永捷,18,0,18,凱基-虎尾,2024-07-05,9236
1725,元禎,18,1,17,凱基-虎尾,2024-07-05,9236
3450,聯鈞,29,12,17,凱基-虎尾,2024-07-05,9236
2392,正崴,37,20,17,凱基-虎尾,2024-07-05,9236
1444,力麗,16,0,16,凱基-虎尾,2024-07-05,9236
2349,錸德,22,6,16,凱基-虎尾,2024-07-05,9236
3086,華義,16,0,16,凱基-虎尾,2024-07-05,9236
6163,華電網,17,2,15,凱基-虎尾,2024-07-05,9236
8105,凌巨,15,0,15,凱基-虎尾,2024-07-05,9236
2101,南港,14,0,14,凱基-虎尾,2024-07-05,9236
0056,元大高股息,13,0,13,凱基-虎尾,2024-07-05,9236
1447,力鵬,13,0,13,凱基-虎尾,2024-07-05,9236
2634,漢翔,19,6,13,凱基-虎尾,2024-07-05,9236
3338,泰碩,14,1,13,凱基-虎尾,2024-07-05,9236
3706,神達,14,1,13,凱基-虎尾,2024-07-05,9236
2476,鉅祥,22,10,12,凱基-虎尾,2024-07-05,9236
8110,華東,16,4,12,凱基-虎尾,2024-07-05,9236
2609,陽明,18,6,12,凱基-虎尾,2024-07-05,9236
00937B,群益ESG投等債20,15,4,11,凱基-虎尾,2024-07-05,9236
1809,中釉,15,4,11,凱基-虎尾,2024-07-05,9236
2027,大成鋼,11,0,11,凱基-虎尾,2024-07-05,9236
6142,友勁,11,0,11,凱基-虎尾,2024-07-05,9236
00650L,復華香港正2,10,0,10,凱基-虎尾,2024-07-05,9236
2362,藍天,10,0,10,凱基-虎尾,2024-07-05,9236
2367,燿華,39,29,10,凱基-虎尾,2024-07-05,9236
2913,農林,10,0,10,凱基-虎尾,2024-07-05,9236
3211,順達,10,0,10,凱基-虎尾,2024-07-05,9236
3363,上詮,10,0,10,凱基-虎尾,2024-07-05,9236
3625,西勝,10,0,10,凱基-虎尾,2024-07-05,9236
4171,瑞基,10,0,10,凱基-虎尾,2024-07-05,9236
8210,勤誠,10,0,10,凱基-虎尾,2024-07-05,9236
8996,高力,10,0,10,凱基-虎尾,2024-07-05,9236
1709,和益,16,7,9,凱基-虎尾,2024-07-05,9236
2867,三商壽,100,0,100,凱基-虎尾,2024-07-08,9236
5243,乙盛-KY,59,2,57,凱基-虎尾,2024-07-08,9236
00934,中信成長高股息,56,0,56,凱基-虎尾,2024-07-08,9236
8076,伍豐,65,10,55,凱基-虎尾,2024-07-08,9236
00632R,元大台灣50反1,53,0,53,凱基-虎尾,2024-07-08,9236
8011,台通,69,26,43,凱基-虎尾,2024-07-08,9236
2355,敬鵬,44,5,39,凱基-虎尾,2024-07-08,9236
3290,東浦,38,0,38,凱基-虎尾,2024-07-08,9236
6152,百一,39,2,37,凱基-虎尾,2024-07-08,9236
3062,建漢,61,26,35,凱基-虎尾,2024-07-08,9236
1536,和大,57,23,34,凱基-虎尾,2024-07-08,9236
2641,正德,32,0,32,凱基-虎尾,2024-07-08,9236
2330,台積電,171,139,32,凱基-虎尾,2024-07-08,9236
3033,威健,42,10,32,凱基-虎尾,2024-07-08,9236
6147,頎邦,31,1,30,凱基-虎尾,2024-07-08,9236
2618,長榮航,36,8,28,凱基-虎尾,2024-07-08,9236
6142,友勁,28,0,28,凱基-虎尾,2024-07-08,9236
2609,陽明,60,35,25,凱基-虎尾,2024-07-08,9236
3059,華晶科,37,12,25,凱基-虎尾,2024-07-08,9236
4906,正文,85,60,25,凱基-虎尾,2024-07-08,9236
2883,凱基金,55,31,24,凱基-虎尾,2024-07-08,9236
3006,晶豪科,28,4,24,凱基-虎尾,2024-07-08,9236
8341,日友,23,0,23,凱基-虎尾,2024-07-08,9236
8374,羅昇,23,1,22,凱基-虎尾,2024-07-08,9236
2303,聯電,55,35,20,凱基-虎尾,2024-07-08,9236
2484,希華,20,0,20,凱基-虎尾,2024-07-08,9236
3049,精金,20,0,20,凱基-虎尾,2024-07-08,9236
2385,群光,20,1,19,凱基-虎尾,2024-07-08,9236
2374,佳能,65,46,19,凱基-虎尾,2024-07-08,9236
3379,彬台,23,5,18,凱基-虎尾,2024-07-08,9236
6257,矽格,19,2,17,凱基-虎尾,2024-07-08,9236
4915,致伸,21,4,17,凱基-虎尾,2024-07-08,9236
3535,晶彩科,18,2,16,凱基-虎尾,2024-07-08,9236
2317,鴻海,32,17,15,凱基-虎尾,2024-07-08,9236
2464,盟立,37,22,15,凱基-虎尾,2024-07-08,9236
00945B,凱基美國非投等債,15,0,15,凱基-虎尾,2024-07-08,9236
3010,華立,16,1,15,凱基-虎尾,2024-07-08,9236
3308,聯德,15,0,15,凱基-虎尾,2024-07-08,9236
2354,鴻準,34,20,14,凱基-虎尾,2024-07-08,9236
2537,聯上發,20,6,14,凱基-虎尾,2024-07-08,9236
5309,系統電,15,1,14,凱基-虎尾,2024-07-08,9236
9105,泰金寶-DR,15,1,14,凱基-虎尾,2024-07-08,9236
00937B,群益ESG投等債20,20,6,14,凱基-虎尾,2024-07-08,9236
2392,正崴,58,44,14,凱基-虎尾,2024-07-08,9236
00662,富邦NASDAQ,13,0,13,凱基-虎尾,2024-07-08,9236
00753L,中信中國50正2,13,0,13,凱基-虎尾,2024-07-08,9236
00713,元大台灣高息低波,13,0,13,凱基-虎尾,2024-07-08,9236
1326,台化,12,0,12,凱基-虎尾,2024-07-08,9236
2313,華通,28,16,12,凱基-虎尾,2024-07-08,9236
00673R,期元大S＆P原油反1,12,0,12,凱基-虎尾,2024-07-08,9236
2312,金寶,302,61,241,凱基-虎尾,2024-07-09,9236
6126,信音,123,6,117,凱基-虎尾,2024-07-09,9236
2888,新光金,2337,2228,109,凱基-虎尾,2024-07-09,9236
4106,雃博,104,0,104,凱基-虎尾,2024-07-09,9236
2887,台新金,91,0,91,凱基-虎尾,2024-07-09,9236
00929,復華台灣科技優息,75,6,69,凱基-虎尾,2024-07-09,9236
5309,系統電,223,155,68,凱基-虎尾,2024-07-09,9236
2883,凱基金,76,11,65,凱基-虎尾,2024-07-09,9236
4533,協易機,80,16,64,凱基-虎尾,2024-07-09,9236
6578,達邦蛋白,62,2,60,凱基-虎尾,2024-07-09,9236
2365,昆盈,75,18,57,凱基-虎尾,2024-07-09,9236
3231,緯創,71,15,56,凱基-虎尾,2024-07-09,9236
00948B,中信優息投資級債,52,0,52,凱基-虎尾,2024-07-09,9236
9105,泰金寶-DR,77,25,52,凱基-虎尾,2024-07-09,9236
3583,辛耘,51,1,50,凱基-虎尾,2024-07-09,9236
00632R,元大台灣50反1,93,50,43,凱基-虎尾,2024-07-09,9236
1618,合機,50,10,40,凱基-虎尾,2024-07-09,9236
5243,乙盛-KY,44,4,40,凱基-虎尾,2024-07-09,9236
2834,臺企銀,38,0,38,凱基-虎尾,2024-07-09,9236
1536,和大,36,4,32,凱基-虎尾,2024-07-09,9236
3189,景碩,35,6,29,凱基-虎尾,2024-07-09,9236
2606,裕民,27,0,27,凱基-虎尾,2024-07-09,9236
00934,中信成長高股息,25,0,25,凱基-虎尾,2024-07-09,9236
3520,華盈,35,10,25,凱基-虎尾,2024-07-09,9236
6770,力積電,45,22,23,凱基-虎尾,2024-07-09,9236
3481,群創,35,12,23,凱基-虎尾,2024-07-09,9236
6239,力成,25,3,22,凱基-虎尾,2024-07-09,9236
3312,弘憶股,68,47,21,凱基-虎尾,2024-07-09,9236
8215,明基材,21,0,21,凱基-虎尾,2024-07-09,9236
1815,富喬,21,1,20,凱基-虎尾,2024-07-09,9236
3663,鑫科,20,0,20,凱基-虎尾,2024-07-09,9236
4142,國光生,20,0,20,凱基-虎尾,2024-07-09,9236
6603,富強鑫,29,11,18,凱基-虎尾,2024-07-09,9236
3710,連展投控,27,11,16,凱基-虎尾,2024-07-09,9236
4543,萬在,16,0,16,凱基-虎尾,2024-07-09,9236
2354,鴻準,21,6,15,凱基-虎尾,2024-07-09,9236
3234,光環,15,0,15,凱基-虎尾,2024-07-09,9236
8358,金居,16,1,15,凱基-虎尾,2024-07-09,9236
2603,長榮,23,8,15,凱基-虎尾,2024-07-09,9236
1513,中興電,31,16,15,凱基-虎尾,2024-07-09,9236
1101,台泥,14,0,14,凱基-虎尾,2024-07-09,9236
1528,恩德,31,17,14,凱基-虎尾,2024-07-09,9236
2634,漢翔,23,10,13,凱基-虎尾,2024-07-09,9236
5347,世界,55,42,13,凱基-虎尾,2024-07-09,9236
6282,康舒,17,4,13,凱基-虎尾,2024-07-09,9236
3673,TPK-KY,98,85,13,凱基-虎尾,2024-07-09,9236
2417,圓剛,13,0,13,凱基-虎尾,2024-07-09,9236
2615,萬海,24,12,12,凱基-虎尾,2024-07-09,9236
1524,耿鼎,12,0,12,凱基-虎尾,2024-07-09,9236
1609,大亞,14,2,12,凱基-虎尾,2024-07-09,9236
2883,凱基金,235,99,136,凱基-虎尾,2024-07-10,9236
3062,建漢,105,0,105,凱基-虎尾,2024-07-10,9236
3047,訊舟,106,24,82,凱基-虎尾,2024-07-10,9236
2489,瑞軒,74,0,74,凱基-虎尾,2024-07-10,9236
1536,和大,103,33,70,凱基-虎尾,2024-07-10,9236
00929,復華台灣科技優息,66,2,64,凱基-虎尾,2024-07-10,9236
2515,中工,59,1,58,凱基-虎尾,2024-07-10,9236
1616,億泰,73,16,57,凱基-虎尾,2024-07-10,9236
2353,宏��,85,33,52,凱基-虎尾,2024-07-10,9236
2002,中鋼,49,0,49,凱基-虎尾,2024-07-10,9236
6163,華電網,47,0,47,凱基-虎尾,2024-07-10,9236
3290,東浦,42,0,42,凱基-虎尾,2024-07-10,9236
2867,三商壽,39,0,39,凱基-虎尾,2024-07-10,9236
00673R,期元大S＆P原油反1,38,0,38,凱基-虎尾,2024-07-10,9236
2301,光寶科,49,11,38,凱基-虎尾,2024-07-10,9236
4906,正文,46,8,38,凱基-虎尾,2024-07-10,9236
2243,宏旭-KY,36,0,36,凱基-虎尾,2024-07-10,9236
2610,華航,37,4,33,凱基-虎尾,2024-07-10,9236
2405,輔信,43,12,31,凱基-虎尾,2024-07-10,9236
2439,美律,30,1,29,凱基-虎尾,2024-07-10,9236
4967,十銓,29,1,28,凱基-虎尾,2024-07-10,9236
00687B,國泰20年美債,26,0,26,凱基-虎尾,2024-07-10,9236
6147,頎邦,25,0,25,凱基-虎尾,2024-07-10,9236
2344,華邦電,24,0,24,凱基-虎尾,2024-07-10,9236
1584,精剛,23,0,23,凱基-虎尾,2024-07-10,9236
3689,湧德,23,1,22,凱基-虎尾,2024-07-10,9236
4513,福裕,23,1,22,凱基-虎尾,2024-07-10,9236
4904,遠傳,21,0,21,凱基-虎尾,2024-07-10,9236
00680L,元大美債20正2,21,0,21,凱基-虎尾,2024-07-10,9236
2542,興富發,23,2,21,凱基-虎尾,2024-07-10,9236
2409,友達,3024,3004,20,凱基-虎尾,2024-07-10,9236
2887,台新金,20,0,20,凱基-虎尾,2024-07-10,9236
6190,萬泰科,19,0,19,凱基-虎尾,2024-07-10,9236
00934,中信成長高股息,18,0,18,凱基-虎尾,2024-07-10,9236
1785,光洋科,54,36,18,凱基-虎尾,2024-07-10,9236
2464,盟立,76,59,17,凱基-虎尾,2024-07-10,9236
5876,上海商銀,17,0,17,凱基-虎尾,2024-07-10,9236
2359,所羅門,20,4,16,凱基-虎尾,2024-07-10,9236
1503,士電,16,0,16,凱基-虎尾,2024-07-10,9236
2101,南港,16,0,16,凱基-虎尾,2024-07-10,9236
2367,燿華,19,3,16,凱基-虎尾,2024-07-10,9236
2365,昆盈,23,8,15,凱基-虎尾,2024-07-10,9236
5443,均豪,16,1,15,凱基-虎尾,2024-07-10,9236
6005,群益證,15,0,15,凱基-虎尾,2024-07-10,9236
6257,矽格,30,15,15,凱基-虎尾,2024-07-10,9236
2618,長榮航,29,14,15,凱基-虎尾,2024-07-10,9236
2331,精英,14,0,14,凱基-虎尾,2024-07-10,9236
2442,新美齊,14,0,14,凱基-虎尾,2024-07-10,9236
4909,新復興,17,3,14,凱基-虎尾,2024-07-10,9236
2206,三陽工業,14,1,13,凱基-虎尾,2024-07-10,9236
5309,系統電,216,12,204,凱基-虎尾,2024-07-11,9236
2887,台新金,107,0,107,凱基-虎尾,2024-07-11,9236
6126,信音,111,6,105,凱基-虎尾,2024-07-11,9236
9955,佳龍,76,0,76,凱基-虎尾,2024-07-11,9236
3050,鈺德,76,18,58,凱基-虎尾,2024-07-11,9236
8234,新漢,58,8,50,凱基-虎尾,2024-07-11,9236
2330,台積電,1762,1713,49,凱基-虎尾,2024-07-11,9236
2365,昆盈,129,84,45,凱基-虎尾,2024-07-11,9236
5452,佶優,50,7,43,凱基-虎尾,2024-07-11,9236
3290,東浦,41,0,41,凱基-虎尾,2024-07-11,9236
2543,皇昌,41,1,40,凱基-虎尾,2024-07-11,9236
6215,和椿,46,7,39,凱基-虎尾,2024-07-11,9236
9105,泰金寶-DR,68,32,36,凱基-虎尾,2024-07-11,9236
1815,富喬,166,131,35,凱基-虎尾,2024-07-11,9236
1522,堤維西,34,0,34,凱基-虎尾,2024-07-11,9236
2243,宏旭-KY,42,10,32,凱基-虎尾,2024-07-11,9236
3645,達邁,32,0,32,凱基-虎尾,2024-07-11,9236
911868,同方友友-DR,31,0,31,凱基-虎尾,2024-07-11,9236
00937B,群益ESG投等債20,26,0,26,凱基-虎尾,2024-07-11,9236
1101,台泥,25,2,23,凱基-虎尾,2024-07-11,9236
3706,神達,42,20,22,凱基-虎尾,2024-07-11,9236
00945B,凱基美國非投等債,21,0,21,凱基-虎尾,2024-07-11,9236
2891,中信金,20,0,20,凱基-虎尾,2024-07-11,9236
3520,華盈,20,0,20,凱基-虎尾,2024-07-11,9236
8096,擎亞,30,11,19,凱基-虎尾,2024-07-11,9236
2371,大同,22,4,18,凱基-虎尾,2024-07-11,9236
8064,東捷,28,11,17,凱基-虎尾,2024-07-11,9236
00671R,富邦NASDAQ反1,15,0,15,凱基-虎尾,2024-07-11,9236
3231,緯創,18,3,15,凱基-虎尾,2024-07-11,9236
3663,鑫科,20,5,15,凱基-虎尾,2024-07-11,9236
3308,聯德,16,2,14,凱基-虎尾,2024-07-11,9236
2915,潤泰全,15,2,13,凱基-虎尾,2024-07-11,9236
3576,聯合再生,17,4,13,凱基-虎尾,2024-07-11,9236
4123,晟德,13,0,13,凱基-虎尾,2024-07-11,9236
00687B,國泰20年美債,17,5,12,凱基-虎尾,2024-07-11,9236
2603,長榮,13,1,12,凱基-虎尾,2024-07-11,9236
6139,亞翔,13,1,12,凱基-虎尾,2024-07-11,9236
6257,矽格,43,31,12,凱基-虎尾,2024-07-11,9236
2313,華通,25,14,11,凱基-虎尾,2024-07-11,9236
2405,輔信,32,21,11,凱基-虎尾,2024-07-11,9236
3083,網龍,11,0,11,凱基-虎尾,2024-07-11,9236
00936,台新永續高息中小,10,0,10,凱基-虎尾,2024-07-11,9236
00706L,期元大S＆P日圓正2,10,0,10,凱基-虎尾,2024-07-11,9236
3006,晶豪科,10,0,10,凱基-虎尾,2024-07-11,9236
3058,立德,10,0,10,凱基-虎尾,2024-07-11,9236
3211,順達,10,0,10,凱基-虎尾,2024-07-11,9236
3236,千如,10,0,10,凱基-虎尾,2024-07-11,9236
3707,漢磊,24,14,10,凱基-虎尾,2024-07-11,9236
4726,永昕,12,2,10,凱基-虎尾,2024-07-11,9236
4916,事欣科,10,0,10,凱基-虎尾,2024-07-11,9236
00929,復華台灣科技優息,151,12,139,凱基-虎尾,2024-07-12,9236
00919,群益台灣精選高息,93,0,93,凱基-虎尾,2024-07-12,9236
00940,元大台灣價值高息,115,22,93,凱基-虎尾,2024-07-12,9236
4533,協易機,101,13,88,凱基-虎尾,2024-07-12,9236
2374,佳能,75,8,67,凱基-虎尾,2024-07-12,9236
2323,中環,65,0,65,凱基-虎尾,2024-07-12,9236
3710,連展投控,75,10,65,凱基-虎尾,2024-07-12,9236
2888,新光金,432,377,55,凱基-虎尾,2024-07-12,9236
5309,系統電,54,0,54,凱基-虎尾,2024-07-12,9236
5243,乙盛-KY,50,0,50,凱基-虎尾,2024-07-12,9236
8021,尖點,50,3,47,凱基-虎尾,2024-07-12,9236
6147,頎邦,50,4,46,凱基-虎尾,2024-07-12,9236
00937B,群益ESG投等債20,55,10,45,凱基-虎尾,2024-07-12,9236
2317,鴻海,6831,6794,37,凱基-虎尾,2024-07-12,9236
2887,台新金,35,0,35,凱基-虎尾,2024-07-12,9236
2002,中鋼,43,10,33,凱基-虎尾,2024-07-12,9236
9955,佳龍,37,4,33,凱基-虎尾,2024-07-12,9236
2615,萬海,35,3,32,凱基-虎尾,2024-07-12,9236
00632R,元大台灣50反1,50,19,31,凱基-虎尾,2024-07-12,9236
8070,長華*,31,0,31,凱基-虎尾,2024-07-12,9236
00687B,國泰20年美債,32,2,30,凱基-虎尾,2024-07-12,9236
2354,鴻準,32,3,29,凱基-虎尾,2024-07-12,9236
00927,群益半導體收益,29,0,29,凱基-虎尾,2024-07-12,9236
00885,富邦越南,30,2,28,凱基-虎尾,2024-07-12,9236
4909,新復興,59,31,28,凱基-虎尾,2024-07-12,9236
00770,國泰北美科技,26,0,26,凱基-虎尾,2024-07-12,9236
3231,緯創,27,4,23,凱基-虎尾,2024-07-12,9236
2303,聯電,23,3,20,凱基-虎尾,2024-07-12,9236
2515,中工,20,0,20,凱基-虎尾,2024-07-12,9236
2399,映泰,19,0,19,凱基-虎尾,2024-07-12,9236
1809,中釉,18,0,18,凱基-虎尾,2024-07-12,9236
1616,億泰,22,5,17,凱基-虎尾,2024-07-12,9236
00934,中信成長高股息,36,20,16,凱基-虎尾,2024-07-12,9236
6116,彩晶,16,0,16,凱基-虎尾,2024-07-12,9236
00881,國泰台灣5G+,15,0,15,凱基-虎尾,2024-07-12,9236
2481,強茂,22,7,15,凱基-虎尾,2024-07-12,9236
4960,誠美材,138,123,15,凱基-虎尾,2024-07-12,9236
6163,華電網,18,3,15,凱基-虎尾,2024-07-12,9236
6244,茂迪,16,1,15,凱基-虎尾,2024-07-12,9236
1612,宏泰,22,8,14,凱基-虎尾,2024-07-12,9236
6112,邁達特,19,5,14,凱基-虎尾,2024-07-12,9236
6264,富裔,13,0,13,凱基-虎尾,2024-07-12,9236
5347,世界,18,5,13,凱基-虎尾,2024-07-12,9236
2355,敬鵬,13,1,12,凱基-虎尾,2024-07-12,9236
2365,昆盈,100,88,12,凱基-虎尾,2024-07-12,9236
0056,元大高股息,11,0,11,凱基-虎尾,2024-07-12,9236
3010,華立,11,0,11,凱基-虎尾,2024-07-12,9236
3545,敦泰,13,2,11,凱基-虎尾,2024-07-12,9236
6411,晶焱,11,0,11,凱基-虎尾,2024-07-12,9236
1513,中興電,25,14,11,凱基-虎尾,2024-07-12,9236
2887,台新金,304,0,304,凱基-虎尾,2024-07-15,9236
00688L,國泰20年美債正2,330,88,242,凱基-虎尾,2024-07-15,9236
00940,元大台灣價值高息,100,7,93,凱基-虎尾,2024-07-15,9236
6147,頎邦,60,0,60,凱基-虎尾,2024-07-15,9236
6806,森崴能源,55,5,50,凱基-虎尾,2024-07-15,9236
2392,正崴,49,2,47,凱基-虎尾,2024-07-15,9236
2520,冠德,40,5,35,凱基-虎尾,2024-07-15,9236
1717,長興,30,0,30,凱基-虎尾,2024-07-15,9236
6257,矽格,30,0,30,凱基-虎尾,2024-07-15,9236
8011,台通,27,0,27,凱基-虎尾,2024-07-15,9236
2365,昆盈,38,16,22,凱基-虎尾,2024-07-15,9236
2408,南亞科,24,2,22,凱基-虎尾,2024-07-15,9236
3294,英濟,27,5,22,凱基-虎尾,2024-07-15,9236
2891,中信金,21,0,21,凱基-虎尾,2024-07-15,9236
00919,群益台灣精選高息,26,7,19,凱基-虎尾,2024-07-15,9236
00946,群益科技高息成長,20,1,19,凱基-虎尾,2024-07-15,9236
2883,凱基金,35,18,17,凱基-虎尾,2024-07-15,9236
00673R,期元大S＆P原油反1,16,0,16,凱基-虎尾,2024-07-15,9236
2323,中環,20,4,16,凱基-虎尾,2024-07-15,9236
00885,富邦越南,15,0,15,凱基-虎尾,2024-07-15,9236
00715L,期街口布蘭特正2,15,0,15,凱基-虎尾,2024-07-15,9236
2615,萬海,20,5,15,凱基-虎尾,2024-07-15,9236
3490,單井,15,0,15,凱基-虎尾,2024-07-15,9236
2317,鴻海,17,3,14,凱基-虎尾,2024-07-15,9236
1608,華榮,40,27,13,凱基-虎尾,2024-07-15,9236
00937B,群益ESG投等債20,13,0,13,凱基-虎尾,2024-07-15,9236
3450,聯鈞,15,2,13,凱基-虎尾,2024-07-15,9236
9105,泰金寶-DR,16,3,13,凱基-虎尾,2024-07-15,9236
2405,輔信,12,0,12,凱基-虎尾,2024-07-15,9236
2101,南港,15,3,12,凱基-虎尾,2024-07-15,9236
6443,元晶,12,0,12,凱基-虎尾,2024-07-15,9236
00936,台新永續高息中小,12,1,11,凱基-虎尾,2024-07-15,9236
2331,精英,13,2,11,凱基-虎尾,2024-07-15,9236
3163,波若威,37,26,11,凱基-虎尾,2024-07-15,9236
00706L,期元大S＆P日圓正2,10,0,10,凱基-虎尾,2024-07-15,9236
00680L,元大美債20正2,10,0,10,凱基-虎尾,2024-07-15,9236
3019,亞光,22,12,10,凱基-虎尾,2024-07-15,9236
3041,揚智,10,0,10,凱基-虎尾,2024-07-15,9236
3060,銘異,10,0,10,凱基-虎尾,2024-07-15,9236
3236,千如,10,0,10,凱基-虎尾,2024-07-15,9236
3663,鑫科,10,0,10,凱基-虎尾,2024-07-15,9236
3707,漢磊,10,0,10,凱基-虎尾,2024-07-15,9236
6152,百一,10,0,10,凱基-虎尾,2024-07-15,9236
6578,達邦蛋白,23,13,10,凱基-虎尾,2024-07-15,9236
8088,品安,10,0,10,凱基-虎尾,2024-07-15,9236
0056,元大高股息,10,0,10,凱基-虎尾,2024-07-15,9236
1314,中石化,10,0,10,凱基-虎尾,2024-07-15,9236
6462,神盾,10,1,9,凱基-虎尾,2024-07-15,9236
2329,華泰,10,1,9,凱基-虎尾,2024-07-15,9236
2455,全新,12,3,9,凱基-虎尾,2024-07-15,9236
5309,系統電,162,13,149,凱基-虎尾,2024-07-16,9236
2330,台積電,124,3,121,凱基-虎尾,2024-07-16,9236
00934,中信成長高股息,120,0,120,凱基-虎尾,2024-07-16,9236
2538,基泰,100,0,100,凱基-虎尾,2024-07-16,9236
4906,正文,107,24,83,凱基-虎尾,2024-07-16,9236
2887,台新金,81,0,81,凱基-虎尾,2024-07-16,9236
00919,群益台灣精選高息,53,3,50,凱基-虎尾,2024-07-16,9236
3231,緯創,436,388,48,凱基-虎尾,2024-07-16,9236
2891,中信金,49,2,47,凱基-虎尾,2024-07-16,9236
3290,東浦,41,0,41,凱基-虎尾,2024-07-16,9236
3673,TPK-KY,72,35,37,凱基-虎尾,2024-07-16,9236
3706,神達,40,3,37,凱基-虎尾,2024-07-16,9236
4564,元翎,34,0,34,凱基-虎尾,2024-07-16,9236
4526,東台,32,0,32,凱基-虎尾,2024-07-16,9236
2867,三商壽,32,2,30,凱基-虎尾,2024-07-16,9236
6770,力積電,26,1,25,凱基-虎尾,2024-07-16,9236
4566,時碩工業,31,7,24,凱基-虎尾,2024-07-16,9236
8927,北基,25,2,23,凱基-虎尾,2024-07-16,9236
9945,潤泰新,28,5,23,凱基-虎尾,2024-07-16,9236
2356,英業達,27,4,23,凱基-虎尾,2024-07-16,9236
8011,台通,329,307,22,凱基-虎尾,2024-07-16,9236
00905,FT臺灣Smart,21,0,21,凱基-虎尾,2024-07-16,9236
0056,元大高股息,21,0,21,凱基-虎尾,2024-07-16,9236
00929,復華台灣科技優息,22,2,20,凱基-虎尾,2024-07-16,9236
00857B,永豐20年美公債,20,0,20,凱基-虎尾,2024-07-16,9236
1717,長興,20,0,20,凱基-虎尾,2024-07-16,9236
3037,欣興,24,7,17,凱基-虎尾,2024-07-16,9236
4716,大立,17,0,17,凱基-虎尾,2024-07-16,9236
4938,和碩,21,5,16,凱基-虎尾,2024-07-16,9236
6757,台灣虎航,17,1,16,凱基-虎尾,2024-07-16,9236
2070,精湛,20,5,15,凱基-虎尾,2024-07-16,9236
6126,信音,15,0,15,凱基-虎尾,2024-07-16,9236
00753L,中信中國50正2,12,0,12,凱基-虎尾,2024-07-16,9236
1540,喬福,13,1,12,凱基-虎尾,2024-07-16,9236
8071,能率網通,12,0,12,凱基-虎尾,2024-07-16,9236
2313,華通,15,4,11,凱基-虎尾,2024-07-16,9236
2489,瑞軒,38,27,11,凱基-虎尾,2024-07-16,9236
4967,十銓,12,1,11,凱基-虎尾,2024-07-16,9236
8121,越峰,11,0,11,凱基-虎尾,2024-07-16,9236
1503,士電,19,9,10,凱基-虎尾,2024-07-16,9236
1303,南亞,10,0,10,凱基-虎尾,2024-07-16,9236
00632R,元大台灣50反1,10,0,10,凱基-虎尾,2024-07-16,9236
00665L,富邦�琤肭磪囓�2,20,10,10,凱基-虎尾,2024-07-16,9236
1312,國喬,10,0,10,凱基-虎尾,2024-07-16,9236
1909,榮成,10,0,10,凱基-虎尾,2024-07-16,9236
2002,中鋼,10,0,10,凱基-虎尾,2024-07-16,9236
2498,宏達電,10,0,10,凱基-虎尾,2024-07-16,9236
2542,興富發,24,14,10,凱基-虎尾,2024-07-16,9236
2609,陽明,10,0,10,凱基-虎尾,2024-07-16,9236
6235,華孚,10,0,10,凱基-虎尾,2024-07-16,9236
8011,台通,276,44,232,凱基-虎尾,2024-07-17,9236
00929,復華台灣科技優息,137,17,120,凱基-虎尾,2024-07-17,9236
9945,潤泰新,145,50,95,凱基-虎尾,2024-07-17,9236
00679B,元大美債20年,70,0,70,凱基-虎尾,2024-07-17,9236
2888,新光金,65,6,59,凱基-虎尾,2024-07-17,9236
00937B,群益ESG投等債20,55,0,55,凱基-虎尾,2024-07-17,9236
00688L,國泰20年美債正2,63,10,53,凱基-虎尾,2024-07-17,9236
2365,昆盈,91,38,53,凱基-虎尾,2024-07-17,9236
00706L,期元大S＆P日圓正2,50,0,50,凱基-虎尾,2024-07-17,9236
2887,台新金,50,0,50,凱基-虎尾,2024-07-17,9236
3594,磐儀,44,2,42,凱基-虎尾,2024-07-17,9236
4903,聯光通,40,0,40,凱基-虎尾,2024-07-17,9236
6770,力積電,105,69,36,凱基-虎尾,2024-07-17,9236
00936,台新永續高息中小,35,0,35,凱基-虎尾,2024-07-17,9236
1303,南亞,50,15,35,凱基-虎尾,2024-07-17,9236
2883,凱基金,53,22,31,凱基-虎尾,2024-07-17,9236
9955,佳龍,51,20,31,凱基-虎尾,2024-07-17,9236
00878,國泰永續高股息,33,3,30,凱基-虎尾,2024-07-17,9236
00720B,元大投資級公司債,30,0,30,凱基-虎尾,2024-07-17,9236
1473,台南,31,2,29,凱基-虎尾,2024-07-17,9236
00919,群益台灣精選高息,30,2,28,凱基-虎尾,2024-07-17,9236
2401,凌陽,28,0,28,凱基-虎尾,2024-07-17,9236
2392,正崴,27,0,27,凱基-虎尾,2024-07-17,9236
8112,至上,29,2,27,凱基-虎尾,2024-07-17,9236
5340,建榮,26,0,26,凱基-虎尾,2024-07-17,9236
9904,寶成,30,5,25,凱基-虎尾,2024-07-17,9236
2312,金寶,49,25,24,凱基-虎尾,2024-07-17,9236
6125,廣運,31,7,24,凱基-虎尾,2024-07-17,9236
00665L,富邦�琤肭磪囓�2,30,10,20,凱基-虎尾,2024-07-17,9236
00947,台新臺灣IC設計,20,0,20,凱基-虎尾,2024-07-17,9236
3260,威剛,20,2,18,凱基-虎尾,2024-07-17,9236
1409,新纖,16,0,16,凱基-虎尾,2024-07-17,9236
2408,南亞科,16,0,16,凱基-虎尾,2024-07-17,9236
2412,中華電,16,0,16,凱基-虎尾,2024-07-17,9236
1717,長興,19,4,15,凱基-虎尾,2024-07-17,9236
2537,聯上發,17,2,15,凱基-虎尾,2024-07-17,9236
3615,安可,16,1,15,凱基-虎尾,2024-07-17,9236
1608,華榮,26,12,14,凱基-虎尾,2024-07-17,9236
2363,矽統,14,0,14,凱基-虎尾,2024-07-17,9236
1605,華新,16,3,13,凱基-虎尾,2024-07-17,9236
8071,能率網通,25,12,13,凱基-虎尾,2024-07-17,9236
00944,野村趨勢動能高息,17,4,13,凱基-虎尾,2024-07-17,9236
00934,中信成長高股息,12,0,12,凱基-虎尾,2024-07-17,9236
2324,仁寶,15,3,12,凱基-虎尾,2024-07-17,9236
2353,宏��,19,7,12,凱基-虎尾,2024-07-17,9236
2913,農林,16,4,12,凱基-虎尾,2024-07-17,9236
2464,盟立,35,24,11,凱基-虎尾,2024-07-17,9236
5328,華容,11,0,11,凱基-虎尾,2024-07-17,9236
5876,上海商銀,10,0,10,凱基-虎尾,2024-07-17,9236
00927,群益半導體收益,10,0,10,凱基-虎尾,2024-07-17,9236
1709,和益,347,25,322,凱基-虎尾,2024-07-18,9236
00929,復華台灣科技優息,133,1,132,凱基-虎尾,2024-07-18,9236
2402,毅嘉,113,6,107,凱基-虎尾,2024-07-18,9236
2538,基泰,100,0,100,凱基-虎尾,2024-07-18,9236
00919,群益台灣精選高息,72,5,67,凱基-虎尾,2024-07-18,9236
00937B,群益ESG投等債20,60,0,60,凱基-虎尾,2024-07-18,9236
00632R,元大台灣50反1,62,10,52,凱基-虎尾,2024-07-18,9236
5243,乙盛-KY,49,0,49,凱基-虎尾,2024-07-18,9236
0056,元大高股息,47,2,45,凱基-虎尾,2024-07-18,9236
2317,鴻海,262,217,45,凱基-虎尾,2024-07-18,9236
2891,中信金,40,5,35,凱基-虎尾,2024-07-18,9236
2356,英業達,34,0,34,凱基-虎尾,2024-07-18,9236
1727,中華化,32,1,31,凱基-虎尾,2024-07-18,9236
2243,宏旭-KY,30,0,30,凱基-虎尾,2024-07-18,9236
3290,東浦,30,0,30,凱基-虎尾,2024-07-18,9236
6770,力積電,50,25,25,凱基-虎尾,2024-07-18,9236
1326,台化,24,3,21,凱基-虎尾,2024-07-18,9236
1810,和成,33,12,21,凱基-虎尾,2024-07-18,9236
2477,美隆電,21,0,21,凱基-虎尾,2024-07-18,9236
2610,華航,24,3,21,凱基-虎尾,2024-07-18,9236
4303,信立,23,2,21,凱基-虎尾,2024-07-18,9236
1815,富喬,20,0,20,凱基-虎尾,2024-07-18,9236
5328,華容,20,0,20,凱基-虎尾,2024-07-18,9236
00878,國泰永續高股息,22,3,19,凱基-虎尾,2024-07-18,9236
2330,台積電,22,5,17,凱基-虎尾,2024-07-18,9236
00927,群益半導體收益,16,0,16,凱基-虎尾,2024-07-18,9236
2313,華通,18,3,15,凱基-虎尾,2024-07-18,9236
00715L,期街口布蘭特正2,30,15,15,凱基-虎尾,2024-07-18,9236
2882,國泰金,15,1,14,凱基-虎尾,2024-07-18,9236
1513,中興電,19,5,14,凱基-虎尾,2024-07-18,9236
2609,陽明,14,0,14,凱基-虎尾,2024-07-18,9236
1597,直得,15,1,14,凱基-虎尾,2024-07-18,9236
00891,中信關鍵半導體,18,5,13,凱基-虎尾,2024-07-18,9236
3010,華立,13,0,13,凱基-虎尾,2024-07-18,9236
00665L,富邦�琤肭磪囓�2,11,0,11,凱基-虎尾,2024-07-18,9236
3380,明泰,11,0,11,凱基-虎尾,2024-07-18,9236
9105,泰金寶-DR,12,1,11,凱基-虎尾,2024-07-18,9236
00882,中信中國高股息,10,0,10,凱基-虎尾,2024-07-18,9236
00877,復華中國5G,10,0,10,凱基-虎尾,2024-07-18,9236
2440,太空梭,10,0,10,凱基-虎尾,2024-07-18,9236
2887,台新金,10,0,10,凱基-虎尾,2024-07-18,9236
2905,三商,10,0,10,凱基-虎尾,2024-07-18,9236
3202,樺晟,10,0,10,凱基-虎尾,2024-07-18,9236
9946,三發地產,10,0,10,凱基-虎尾,2024-07-18,9236
3035,智原,11,1,10,凱基-虎尾,2024-07-18,9236
2382,廣達,790,780,10,凱基-虎尾,2024-07-18,9236
00905,FT臺灣Smart,9,0,9,凱基-虎尾,2024-07-18,9236
3059,華晶科,10,1,9,凱基-虎尾,2024-07-18,9236
3265,台星科,9,0,9,凱基-虎尾,2024-07-18,9236
3490,單井,10,1,9,凱基-虎尾,2024-07-18,9236
1514,亞力,418,74,344,凱基-虎尾,2024-07-19,9236
5309,系統電,187,12,175,凱基-虎尾,2024-07-19,9236
6492,生華科,121,0,121,凱基-虎尾,2024-07-19,9236
5443,均豪,130,36,94,凱基-虎尾,2024-07-19,9236
00919,群益台灣精選高息,84,4,80,凱基-虎尾,2024-07-19,9236
1529,樂事綠能,64,10,54,凱基-虎尾,2024-07-19,9236
1785,光洋科,47,0,47,凱基-虎尾,2024-07-19,9236
6770,力積電,52,5,47,凱基-虎尾,2024-07-19,9236
2408,南亞科,48,2,46,凱基-虎尾,2024-07-19,9236
1444,力麗,39,0,39,凱基-虎尾,2024-07-19,9236
1609,大亞,50,11,39,凱基-虎尾,2024-07-19,9236
2405,輔信,65,26,39,凱基-虎尾,2024-07-19,9236
00878,國泰永續高股息,43,6,37,凱基-虎尾,2024-07-19,9236
2344,華邦電,34,0,34,凱基-虎尾,2024-07-19,9236
6163,華電網,40,6,34,凱基-虎尾,2024-07-19,9236
0056,元大高股息,32,0,32,凱基-虎尾,2024-07-19,9236
5512,力麒,43,12,31,凱基-虎尾,2024-07-19,9236
8064,東捷,37,11,26,凱基-虎尾,2024-07-19,9236
3062,建漢,23,1,22,凱基-虎尾,2024-07-19,9236
2489,瑞軒,33,11,22,凱基-虎尾,2024-07-19,9236
4958,臻鼎-KY,23,1,22,凱基-虎尾,2024-07-19,9236
1815,富喬,23,2,21,凱基-虎尾,2024-07-19,9236
2883,凱基金,71,50,21,凱基-虎尾,2024-07-19,9236
00929,復華台灣科技優息,67,46,21,凱基-虎尾,2024-07-19,9236
2385,群光,20,0,20,凱基-虎尾,2024-07-19,9236
4533,協易機,26,6,20,凱基-虎尾,2024-07-19,9236
3037,欣興,26,7,19,凱基-虎尾,2024-07-19,9236
6806,森崴能源,22,3,19,凱基-虎尾,2024-07-19,9236
00753L,中信中國50正2,18,0,18,凱基-虎尾,2024-07-19,9236
8105,凌巨,103,85,18,凱基-虎尾,2024-07-19,9236
2915,潤泰全,44,28,16,凱基-虎尾,2024-07-19,9236
2371,大同,24,8,16,凱基-虎尾,2024-07-19,9236
5243,乙盛-KY,17,1,16,凱基-虎尾,2024-07-19,9236
3234,光環,15,0,15,凱基-虎尾,2024-07-19,9236
3339,泰谷,15,0,15,凱基-虎尾,2024-07-19,9236
2509,全坤建,15,1,14,凱基-虎尾,2024-07-19,9236
2365,昆盈,25,12,13,凱基-虎尾,2024-07-19,9236
00665L,富邦�琤肭磪囓�2,13,0,13,凱基-虎尾,2024-07-19,9236
2392,正崴,18,5,13,凱基-虎尾,2024-07-19,9236
2610,華航,14,1,13,凱基-虎尾,2024-07-19,9236
3356,奇偶,13,0,13,凱基-虎尾,2024-07-19,9236
2356,英業達,13,2,11,凱基-虎尾,2024-07-19,9236
2889,國票金,11,0,11,凱基-虎尾,2024-07-19,9236
4526,東台,32,21,11,凱基-虎尾,2024-07-19,9236
3081,聯亞,11,0,11,凱基-虎尾,2024-07-19,9236
00915,凱基優選高股息30,10,0,10,凱基-虎尾,2024-07-19,9236
00943,兆豐電子高息等權,10,0,10,凱基-虎尾,2024-07-19,9236
00679B,元大美債20年,11,1,10,凱基-虎尾,2024-07-19,9236
1314,中石化,20,10,10,凱基-虎尾,2024-07-19,9236
1611,中電,13,3,10,凱基-虎尾,2024-07-19,9236
2337,旺宏,100,1,99,凱基-虎尾,2024-07-22,9236
00919,群益台灣精選高息,94,11,83,凱基-虎尾,2024-07-22,9236
00929,復華台灣科技優息,105,24,81,凱基-虎尾,2024-07-22,9236
5309,系統電,100,29,71,凱基-虎尾,2024-07-22,9236
3481,群創,78,9,69,凱基-虎尾,2024-07-22,9236
3022,威強電,50,0,50,凱基-虎尾,2024-07-22,9236
2509,全坤建,42,2,40,凱基-虎尾,2024-07-22,9236
2408,南亞科,43,5,38,凱基-虎尾,2024-07-22,9236
4142,國光生,35,0,35,凱基-虎尾,2024-07-22,9236
9105,泰金寶-DR,31,0,31,凱基-虎尾,2024-07-22,9236
2356,英業達,30,5,25,凱基-虎尾,2024-07-22,9236
00936,台新永續高息中小,24,0,24,凱基-虎尾,2024-07-22,9236
2323,中環,36,13,23,凱基-虎尾,2024-07-22,9236
00940,元大台灣價值高息,155,134,21,凱基-虎尾,2024-07-22,9236
3701,大眾控,20,0,20,凱基-虎尾,2024-07-22,9236
9938,百和,75,55,20,凱基-虎尾,2024-07-22,9236
2303,聯電,25,6,19,凱基-虎尾,2024-07-22,9236
6117,迎廣,22,3,19,凱基-虎尾,2024-07-22,9236
2344,華邦電,18,0,18,凱基-虎尾,2024-07-22,9236
2882,國泰金,18,0,18,凱基-虎尾,2024-07-22,9236
00885,富邦越南,17,0,17,凱基-虎尾,2024-07-22,9236
2489,瑞軒,21,4,17,凱基-虎尾,2024-07-22,9236
00905,FT臺灣Smart,16,0,16,凱基-虎尾,2024-07-22,9236
6770,力積電,30,15,15,凱基-虎尾,2024-07-22,9236
8054,安國,23,9,14,凱基-虎尾,2024-07-22,9236
00878,國泰永續高股息,40,27,13,凱基-虎尾,2024-07-22,9236
00934,中信成長高股息,15,2,13,凱基-虎尾,2024-07-22,9236
00915,凱基優選高股息30,15,3,12,凱基-虎尾,2024-07-22,9236
1611,中電,39,27,12,凱基-虎尾,2024-07-22,9236
2867,三商壽,15,3,12,凱基-虎尾,2024-07-22,9236
6684,安格,12,0,12,凱基-虎尾,2024-07-22,9236
911868,同方友友-DR,20,8,12,凱基-虎尾,2024-07-22,9236
1503,士電,11,0,11,凱基-虎尾,2024-07-22,9236
6806,森崴能源,148,138,10,凱基-虎尾,2024-07-22,9236
00675L,富邦臺灣加權正2,13,3,10,凱基-虎尾,2024-07-22,9236
00923,群益台ESG低碳50,10,0,10,凱基-虎尾,2024-07-22,9236
00946,群益科技高息成長,26,16,10,凱基-虎尾,2024-07-22,9236
00935,野村臺灣新科技50,10,0,10,凱基-虎尾,2024-07-22,9236
00715L,期街口布蘭特正2,20,10,10,凱基-虎尾,2024-07-22,9236
00943,兆豐電子高息等權,10,0,10,凱基-虎尾,2024-07-22,9236
1909,榮成,10,0,10,凱基-虎尾,2024-07-22,9236
2371,大同,18,8,10,凱基-虎尾,2024-07-22,9236
3058,立德,11,1,10,凱基-虎尾,2024-07-22,9236
3308,聯德,10,0,10,凱基-虎尾,2024-07-22,9236
2353,宏��,10,1,9,凱基-虎尾,2024-07-22,9236
2409,友達,10,1,9,凱基-虎尾,2024-07-22,9236
2610,華航,14,5,9,凱基-虎尾,2024-07-22,9236
3010,華立,9,0,9,凱基-虎尾,2024-07-22,9236
3663,鑫科,19,10,9,凱基-虎尾,2024-07-22,9236
6757,台灣虎航,9,0,9,凱基-虎尾,2024-07-22,9236
00929,復華台灣科技優息,164,4,160,凱基-虎尾,2024-07-23,9236
8105,凌巨,125,2,123,凱基-虎尾,2024-07-23,9236
00919,群益台灣精選高息,118,12,106,凱基-虎尾,2024-07-23,9236
2547,日勝生,100,0,100,凱基-虎尾,2024-07-23,9236
2402,毅嘉,103,4,99,凱基-虎尾,2024-07-23,9236
2891,中信金,57,0,57,凱基-虎尾,2024-07-23,9236
2354,鴻準,50,0,50,凱基-虎尾,2024-07-23,9236
1314,中石化,45,0,45,凱基-虎尾,2024-07-23,9236
3481,群創,124,80,44,凱基-虎尾,2024-07-23,9236
2486,一詮,62,25,37,凱基-虎尾,2024-07-23,9236
00673R,期元大S＆P原油反1,35,0,35,凱基-虎尾,2024-07-23,9236
9945,潤泰新,44,12,32,凱基-虎尾,2024-07-23,9236
6177,達麗,50,18,32,凱基-虎尾,2024-07-23,9236
2409,友達,31,0,31,凱基-虎尾,2024-07-23,9236
2489,瑞軒,30,0,30,凱基-虎尾,2024-07-23,9236
3047,訊舟,29,0,29,凱基-虎尾,2024-07-23,9236
2323,中環,25,0,25,凱基-虎尾,2024-07-23,9236
3062,建漢,27,3,24,凱基-虎尾,2024-07-23,9236
1815,富喬,22,0,22,凱基-虎尾,2024-07-23,9236
2464,盟立,37,15,22,凱基-虎尾,2024-07-23,9236
00934,中信成長高股息,21,0,21,凱基-虎尾,2024-07-23,9236
3522,御嵿,21,0,21,凱基-虎尾,2024-07-23,9236
6492,生華科,20,0,20,凱基-虎尾,2024-07-23,9236
2888,新光金,19,0,19,凱基-虎尾,2024-07-23,9236
6585,鼎基,18,0,18,凱基-虎尾,2024-07-23,9236
2812,台中銀,17,2,15,凱基-虎尾,2024-07-23,9236
3374,精材,12,0,12,凱基-虎尾,2024-07-23,9236
2520,冠德,46,34,12,凱基-虎尾,2024-07-23,9236
2330,台積電,15,3,12,凱基-虎尾,2024-07-23,9236
3234,光環,11,0,11,凱基-虎尾,2024-07-23,9236
3290,東浦,11,0,11,凱基-虎尾,2024-07-23,9236
2408,南亞科,11,1,10,凱基-虎尾,2024-07-23,9236
00693U,期街口S＆P黃豆,10,0,10,凱基-虎尾,2024-07-23,9236
2349,錸德,10,0,10,凱基-虎尾,2024-07-23,9236
2406,國碩,20,10,10,凱基-虎尾,2024-07-23,9236
3230,錦明,10,0,10,凱基-虎尾,2024-07-23,9236
3686,達能,16,6,10,凱基-虎尾,2024-07-23,9236
4128,中天,16,6,10,凱基-虎尾,2024-07-23,9236
4526,東台,12,2,10,凱基-虎尾,2024-07-23,9236
4958,臻鼎-KY,11,1,10,凱基-虎尾,2024-07-23,9236
6187,萬潤,10,0,10,凱基-虎尾,2024-07-23,9236
00937B,群益ESG投等債20,10,0,10,凱基-虎尾,2024-07-23,9236
2303,聯電,11,2,9,凱基-虎尾,2024-07-23,9236
2392,正崴,17,9,8,凱基-虎尾,2024-07-23,9236
8440,綠電,12,5,7,凱基-虎尾,2024-07-23,9236
00941,中信上游半導體,7,0,7,凱基-虎尾,2024-07-23,9236
2313,華通,7,0,7,凱基-虎尾,2024-07-23,9236
4561,健椿,11,4,7,凱基-虎尾,2024-07-23,9236
4906,正文,7,0,7,凱基-虎尾,2024-07-23,9236
5521,工信,7,0,7,凱基-虎尾,2024-07-23,9236
3481,群創,159,24,135,凱基-虎尾,2024-07-26,9236
00929,復華台灣科技優息,135,2,133,凱基-虎尾,2024-07-26,9236
2349,錸德,142,18,124,凱基-虎尾,2024-07-26,9236
2888,新光金,110,9,101,凱基-虎尾,2024-07-26,9236
00940,元大台灣價值高息,155,61,94,凱基-虎尾,2024-07-26,9236
1609,大亞,72,6,66,凱基-虎尾,2024-07-26,9236
00919,群益台灣精選高息,49,0,49,凱基-虎尾,2024-07-26,9236
00878,國泰永續高股息,39,1,38,凱基-虎尾,2024-07-26,9236
00882,中信中國高股息,33,0,33,凱基-虎尾,2024-07-26,9236
2891,中信金,30,0,30,凱基-虎尾,2024-07-26,9236
00753L,中信中國50正2,38,10,28,凱基-虎尾,2024-07-26,9236
2323,中環,27,0,27,凱基-虎尾,2024-07-26,9236
8926,台汽電,38,12,26,凱基-虎尾,2024-07-26,9236
00706L,期元大S＆P日圓正2,25,0,25,凱基-虎尾,2024-07-26,9236
2801,彰銀,23,0,23,凱基-虎尾,2024-07-26,9236
5443,均豪,64,41,23,凱基-虎尾,2024-07-26,9236
1301,台塑,22,1,21,凱基-虎尾,2024-07-26,9236
3056,富華新,21,1,20,凱基-虎尾,2024-07-26,9236
3231,緯創,41,22,19,凱基-虎尾,2024-07-26,9236
2356,英業達,20,1,19,凱基-虎尾,2024-07-26,9236
2884,玉山金,19,0,19,凱基-虎尾,2024-07-26,9236
00937B,群益ESG投等債20,26,9,17,凱基-虎尾,2024-07-26,9236
2367,燿華,21,4,17,凱基-虎尾,2024-07-26,9236
2317,鴻海,25,10,15,凱基-虎尾,2024-07-26,9236
2382,廣達,17,3,14,凱基-虎尾,2024-07-26,9236
0056,元大高股息,14,0,14,凱基-虎尾,2024-07-26,9236
00946,群益科技高息成長,15,2,13,凱基-虎尾,2024-07-26,9236
2498,宏達電,23,11,12,凱基-虎尾,2024-07-26,9236
00918,大華優利高填息30,11,0,11,凱基-虎尾,2024-07-26,9236
00665L,富邦�琤肭磪囓�2,11,0,11,凱基-虎尾,2024-07-26,9236
2489,瑞軒,17,7,10,凱基-虎尾,2024-07-26,9236
00715L,期街口布蘭特正2,10,0,10,凱基-虎尾,2024-07-26,9236
00945B,凱基美國非投等債,10,0,10,凱基-虎尾,2024-07-26,9236
2501,國建,10,0,10,凱基-虎尾,2024-07-26,9236
3047,訊舟,11,1,10,凱基-虎尾,2024-07-26,9236
3713,新晶投控,10,0,10,凱基-虎尾,2024-07-26,9236
6005,群益證,10,0,10,凱基-虎尾,2024-07-26,9236
2882,國泰金,10,1,9,凱基-虎尾,2024-07-26,9236
4128,中天,9,0,9,凱基-虎尾,2024-07-26,9236
2303,聯電,13,5,8,凱基-虎尾,2024-07-26,9236
00881,國泰台灣5G+,9,1,8,凱基-虎尾,2024-07-26,9236
6505,台塑化,8,0,8,凱基-虎尾,2024-07-26,9236
2330,台積電,39,32,7,凱基-虎尾,2024-07-26,9236
8064,東捷,13,6,7,凱基-虎尾,2024-07-26,9236
1540,喬福,10,3,7,凱基-虎尾,2024-07-26,9236
2331,精英,28,21,7,凱基-虎尾,2024-07-26,9236
2408,南亞科,9,2,7,凱基-虎尾,2024-07-26,9236
2609,陽明,13,6,7,凱基-虎尾,2024-07-26,9236
1447,力鵬,10,4,6,凱基-虎尾,2024-07-26,9236
00935,野村臺灣新科技50,6,0,6,凱基-虎尾,2024-07-26,9236
6126,信音,192,0,192,凱基-虎尾,2024-07-29,9236
5512,力麒,102,0,102,凱基-虎尾,2024-07-29,9236
00940,元大台灣價值高息,99,0,99,凱基-虎尾,2024-07-29,9236
6770,力積電,110,20,90,凱基-虎尾,2024-07-29,9236
00929,復華台灣科技優息,77,8,69,凱基-虎尾,2024-07-29,9236
00936,台新永續高息中小,64,0,64,凱基-虎尾,2024-07-29,9236
00632R,元大台灣50反1,60,0,60,凱基-虎尾,2024-07-29,9236
00934,中信成長高股息,51,0,51,凱基-虎尾,2024-07-29,9236
1584,精剛,50,0,50,凱基-虎尾,2024-07-29,9236
1101,台泥,45,0,45,凱基-虎尾,2024-07-29,9236
00679B,元大美債20年,40,0,40,凱基-虎尾,2024-07-29,9236
2323,中環,35,0,35,凱基-虎尾,2024-07-29,9236
3022,威強電,30,0,30,凱基-虎尾,2024-07-29,9236
3703,欣陸,31,2,29,凱基-虎尾,2024-07-29,9236
2884,玉山金,28,0,28,凱基-虎尾,2024-07-29,9236
3535,晶彩科,29,1,28,凱基-虎尾,2024-07-29,9236
00919,群益台灣精選高息,32,4,28,凱基-虎尾,2024-07-29,9236
00878,國泰永續高股息,26,0,26,凱基-虎尾,2024-07-29,9236
3450,聯鈞,22,0,22,凱基-虎尾,2024-07-29,9236
2883,凱基金,122,101,21,凱基-虎尾,2024-07-29,9236
2356,英業達,22,1,21,凱基-虎尾,2024-07-29,9236
2392,正崴,23,2,21,凱基-虎尾,2024-07-29,9236
00654R,富邦印度反1,20,0,20,凱基-虎尾,2024-07-29,9236
6411,晶焱,20,0,20,凱基-虎尾,2024-07-29,9236
0056,元大高股息,18,0,18,凱基-虎尾,2024-07-29,9236
00937B,群益ESG投等債20,18,0,18,凱基-虎尾,2024-07-29,9236
2348,海悅,18,3,15,凱基-虎尾,2024-07-29,9236
3548,兆利,17,2,15,凱基-虎尾,2024-07-29,9236
6125,廣運,30,15,15,凱基-虎尾,2024-07-29,9236
2408,南亞科,15,1,14,凱基-虎尾,2024-07-29,9236
4526,東台,14,0,14,凱基-虎尾,2024-07-29,9236
2353,宏��,13,0,13,凱基-虎尾,2024-07-29,9236
2442,新美齊,18,5,13,凱基-虎尾,2024-07-29,9236
3189,景碩,23,10,13,凱基-虎尾,2024-07-29,9236
6290,良維,12,0,12,凱基-虎尾,2024-07-29,9236
8147,正淩,14,2,12,凱基-虎尾,2024-07-29,9236
2316,楠梓電,13,2,11,凱基-虎尾,2024-07-29,9236
2543,皇昌,40,29,11,凱基-虎尾,2024-07-29,9236
2881,富邦金,16,5,11,凱基-虎尾,2024-07-29,9236
1736,喬山,10,0,10,凱基-虎尾,2024-07-29,9236
1905,華紙,10,0,10,凱基-虎尾,2024-07-29,9236
3234,光環,10,0,10,凱基-虎尾,2024-07-29,9236
3713,新晶投控,10,0,10,凱基-虎尾,2024-07-29,9236
6414,樺漢,10,0,10,凱基-虎尾,2024-07-29,9236
2885,元大金,10,1,9,凱基-虎尾,2024-07-29,9236
2891,中信金,49,40,9,凱基-虎尾,2024-07-29,9236
3024,憶聲,10,1,9,凱基-虎尾,2024-07-29,9236
2382,廣達,11,3,8,凱基-虎尾,2024-07-29,9236
1513,中興電,12,4,8,凱基-虎尾,2024-07-29,9236
00946,群益科技高息成長,8,0,8,凱基-虎尾,2024-07-29,9236
2349,錸德,256,40,216,凱基-虎尾,2024-07-30,9236
4564,元翎,185,11,174,凱基-虎尾,2024-07-30,9236
00929,復華台灣科技優息,121,1,120,凱基-虎尾,2024-07-30,9236
5213,亞昕,50,0,50,凱基-虎尾,2024-07-30,9236
5519,隆大,50,0,50,凱基-虎尾,2024-07-30,9236
00654R,富邦印度反1,40,0,40,凱基-虎尾,2024-07-30,9236
3022,威強電,40,0,40,凱基-虎尾,2024-07-30,9236
00885,富邦越南,38,0,38,凱基-虎尾,2024-07-30,9236
6411,晶焱,33,0,33,凱基-虎尾,2024-07-30,9236
6213,聯茂,32,0,32,凱基-虎尾,2024-07-30,9236
911868,同方友友-DR,30,0,30,凱基-虎尾,2024-07-30,9236
2891,中信金,30,1,29,凱基-虎尾,2024-07-30,9236
00936,台新永續高息中小,28,0,28,凱基-虎尾,2024-07-30,9236
1101,台泥,25,0,25,凱基-虎尾,2024-07-30,9236
00878,國泰永續高股息,45,20,25,凱基-虎尾,2024-07-30,9236
2344,華邦電,37,12,25,凱基-虎尾,2024-07-30,9236
00940,元大台灣價值高息,36,13,23,凱基-虎尾,2024-07-30,9236
8064,東捷,26,3,23,凱基-虎尾,2024-07-30,9236
8926,台汽電,21,0,21,凱基-虎尾,2024-07-30,9236
00706L,期元大S＆P日圓正2,20,0,20,凱基-虎尾,2024-07-30,9236
2409,友達,20,0,20,凱基-虎尾,2024-07-30,9236
4113,聯上,20,0,20,凱基-虎尾,2024-07-30,9236
00919,群益台灣精選高息,20,2,18,凱基-虎尾,2024-07-30,9236
00753L,中信中國50正2,17,0,17,凱基-虎尾,2024-07-30,9236
4967,十銓,27,10,17,凱基-虎尾,2024-07-30,9236
3033,威健,16,0,16,凱基-虎尾,2024-07-30,9236
8028,昇陽半導體,30,14,16,凱基-虎尾,2024-07-30,9236
3481,群創,33,18,15,凱基-虎尾,2024-07-30,9236
2062,橋椿,15,0,15,凱基-虎尾,2024-07-30,9236
1513,中興電,14,0,14,凱基-虎尾,2024-07-30,9236
2486,一詮,18,4,14,凱基-虎尾,2024-07-30,9236
6125,廣運,29,15,14,凱基-虎尾,2024-07-30,9236
5443,均豪,82,68,14,凱基-虎尾,2024-07-30,9236
2615,萬海,16,3,13,凱基-虎尾,2024-07-30,9236
3581,博磊,13,0,13,凱基-虎尾,2024-07-30,9236
3163,波若威,14,1,13,凱基-虎尾,2024-07-30,9236
00905,FT臺灣Smart,12,0,12,凱基-虎尾,2024-07-30,9236
6133,金橋,12,0,12,凱基-虎尾,2024-07-30,9236
0056,元大高股息,11,0,11,凱基-虎尾,2024-07-30,9236
1736,喬山,11,0,11,凱基-虎尾,2024-07-30,9236
3450,聯鈞,21,10,11,凱基-虎尾,2024-07-30,9236
00712,復華富時不動產,10,0,10,凱基-虎尾,2024-07-30,9236
1227,佳格,10,0,10,凱基-虎尾,2024-07-30,9236
1605,華新,10,0,10,凱基-虎尾,2024-07-30,9236
2501,國建,20,10,10,凱基-虎尾,2024-07-30,9236
2887,台新金,10,0,10,凱基-虎尾,2024-07-30,9236
3276,宇環,10,0,10,凱基-虎尾,2024-07-30,9236
6152,百一,10,0,10,凱基-虎尾,2024-07-30,9236
9955,佳龍,10,0,10,凱基-虎尾,2024-07-30,9236
2399,映泰,10,1,9,凱基-虎尾,2024-07-30,9236
5309,系統電,169,5,164,凱基-虎尾,2024-07-31,9236
2362,藍天,145,15,130,凱基-虎尾,2024-07-31,9236
3050,鈺德,101,1,100,凱基-虎尾,2024-07-31,9236
2367,燿華,123,27,96,凱基-虎尾,2024-07-31,9236
2349,錸德,161,68,93,凱基-虎尾,2024-07-31,9236
2062,橋椿,64,0,64,凱基-虎尾,2024-07-31,9236
2317,鴻海,4220,4161,59,凱基-虎尾,2024-07-31,9236
00934,中信成長高股息,54,0,54,凱基-虎尾,2024-07-31,9236
3211,順達,51,1,50,凱基-虎尾,2024-07-31,9236
2312,金寶,50,1,49,凱基-虎尾,2024-07-31,9236
00937B,群益ESG投等債20,33,1,32,凱基-虎尾,2024-07-31,9236
8105,凌巨,31,0,31,凱基-虎尾,2024-07-31,9236
2323,中環,30,0,30,凱基-虎尾,2024-07-31,9236
00715L,期街口布蘭特正2,27,0,27,凱基-虎尾,2024-07-31,9236
2369,菱生,23,1,22,凱基-虎尾,2024-07-31,9236
00929,復華台灣科技優息,28,8,20,凱基-虎尾,2024-07-31,9236
00885,富邦越南,20,0,20,凱基-虎尾,2024-07-31,9236
3047,訊舟,85,65,20,凱基-虎尾,2024-07-31,9236
6213,聯茂,20,1,19,凱基-虎尾,2024-07-31,9236
00680L,元大美債20正2,19,0,19,凱基-虎尾,2024-07-31,9236
2402,毅嘉,21,3,18,凱基-虎尾,2024-07-31,9236
3481,群創,50,32,18,凱基-虎尾,2024-07-31,9236
3715,定穎投控,41,24,17,凱基-虎尾,2024-07-31,9236
8103,瀚荃,17,0,17,凱基-虎尾,2024-07-31,9236
9105,泰金寶-DR,17,0,17,凱基-虎尾,2024-07-31,9236
00753L,中信中國50正2,15,0,15,凱基-虎尾,2024-07-31,9236
00706L,期元大S＆P日圓正2,14,0,14,凱基-虎尾,2024-07-31,9236
2344,華邦電,33,19,14,凱基-虎尾,2024-07-31,9236
00679B,元大美債20年,13,0,13,凱基-虎尾,2024-07-31,9236
2375,凱美,13,0,13,凱基-虎尾,2024-07-31,9236
3712,永崴投控,13,1,12,凱基-虎尾,2024-07-31,9236
6257,矽格,14,2,12,凱基-虎尾,2024-07-31,9236
00946,群益科技高息成長,11,0,11,凱基-虎尾,2024-07-31,9236
2891,中信金,11,0,11,凱基-虎尾,2024-07-31,9236
3673,TPK-KY,21,10,11,凱基-虎尾,2024-07-31,9236
2330,台積電,72,62,10,凱基-虎尾,2024-07-31,9236
2881,富邦金,11,1,10,凱基-虎尾,2024-07-31,9236
3189,景碩,22,12,10,凱基-虎尾,2024-07-31,9236
6127,九豪,11,1,10,凱基-虎尾,2024-07-31,9236
6411,晶焱,10,0,10,凱基-虎尾,2024-07-31,9236
2405,輔信,10,1,9,凱基-虎尾,2024-07-31,9236
2527,宏璟,12,3,9,凱基-虎尾,2024-07-31,9236
5512,力麒,17,8,9,凱基-虎尾,2024-07-31,9236
00795B,中信美國公債20年,8,0,8,凱基-虎尾,2024-07-31,9236
00918,大華優利高填息30,8,0,8,凱基-虎尾,2024-07-31,9236
2308,台達電,10,2,8,凱基-虎尾,2024-07-31,9236
2442,新美齊,10,2,8,凱基-虎尾,2024-07-31,9236
00940,元大台灣價值高息,8,0,8,凱基-虎尾,2024-07-31,9236
00945B,凱基美國非投等債,7,0,7,凱基-虎尾,2024-07-31,9236
2316,楠梓電,9,2,7,凱基-虎尾,2024-07-31,9236
2337,旺宏,210,10,200,凱基-虎尾,2024-08-01,9236
1815,富喬,102,22,80,凱基-虎尾,2024-08-01,9236
2312,金寶,114,49,65,凱基-虎尾,2024-08-01,9236
00878,國泰永續高股息,68,7,61,凱基-虎尾,2024-08-01,9236
00673R,期元大S＆P原油反1,60,0,60,凱基-虎尾,2024-08-01,9236
2515,中工,85,40,45,凱基-虎尾,2024-08-01,9236
1303,南亞,45,1,44,凱基-虎尾,2024-08-01,9236
3050,鈺德,55,13,42,凱基-虎尾,2024-08-01,9236
00881,國泰台灣5G+,40,0,40,凱基-虎尾,2024-08-01,9236
00940,元大台灣價值高息,52,20,32,凱基-虎尾,2024-08-01,9236
9945,潤泰新,39,8,31,凱基-虎尾,2024-08-01,9236
00680L,元大美債20正2,30,0,30,凱基-虎尾,2024-08-01,9236
3005,神基,30,0,30,凱基-虎尾,2024-08-01,9236
8054,安國,41,16,25,凱基-虎尾,2024-08-01,9236
2609,陽明,38,14,24,凱基-虎尾,2024-08-01,9236
00929,復華台灣科技優息,24,1,23,凱基-虎尾,2024-08-01,9236
3022,威強電,22,0,22,凱基-虎尾,2024-08-01,9236
3231,緯創,22,1,21,凱基-虎尾,2024-08-01,9236
6163,華電網,27,6,21,凱基-虎尾,2024-08-01,9236
00681R,元大美債20反1,20,0,20,凱基-虎尾,2024-08-01,9236
2014,中鴻,20,0,20,凱基-虎尾,2024-08-01,9236
2062,橋椿,42,22,20,凱基-虎尾,2024-08-01,9236
2511,太子,21,1,20,凱基-虎尾,2024-08-01,9236
2356,英業達,28,8,20,凱基-虎尾,2024-08-01,9236
2537,聯上發,16,0,16,凱基-虎尾,2024-08-01,9236
3450,聯鈞,19,3,16,凱基-虎尾,2024-08-01,9236
00679B,元大美債20年,17,2,15,凱基-虎尾,2024-08-01,9236
3580,友威科,25,10,15,凱基-虎尾,2024-08-01,9236
6160,欣技,15,0,15,凱基-虎尾,2024-08-01,9236
3706,神達,13,0,13,凱基-虎尾,2024-08-01,9236
2204,中華,13,1,12,凱基-虎尾,2024-08-01,9236
3047,訊舟,15,3,12,凱基-虎尾,2024-08-01,9236
3163,波若威,23,11,12,凱基-虎尾,2024-08-01,9236
2408,南亞科,12,1,11,凱基-虎尾,2024-08-01,9236
2449,京元電子,64,53,11,凱基-虎尾,2024-08-01,9236
6282,康舒,11,0,11,凱基-虎尾,2024-08-01,9236
4958,臻鼎-KY,10,0,10,凱基-虎尾,2024-08-01,9236
00937B,群益ESG投等債20,11,1,10,凱基-虎尾,2024-08-01,9236
2352,佳世達,10,0,10,凱基-虎尾,2024-08-01,9236
4960,誠美材,10,0,10,凱基-虎尾,2024-08-01,9236
4961,天鈺,10,0,10,凱基-虎尾,2024-08-01,9236
912000,晨訊科-DR,10,0,10,凱基-虎尾,2024-08-01,9236
00654R,富邦印度反1,9,0,9,凱基-虎尾,2024-08-01,9236
00715L,期街口布蘭特正2,10,1,9,凱基-虎尾,2024-08-01,9236
1316,上曜,16,7,9,凱基-虎尾,2024-08-01,9236
1721,三晃,9,0,9,凱基-虎尾,2024-08-01,9236
2464,盟立,12,3,9,凱基-虎尾,2024-08-01,9236
3518,柏騰,13,4,9,凱基-虎尾,2024-08-01,9236
3105,穩懋,9,1,8,凱基-虎尾,2024-08-01,9236
2498,宏達電,10,2,8,凱基-虎尾,2024-08-01,9236
2317,鴻海,329,77,252,凱基-虎尾,2024-08-02,9236
00680L,元大美債20正2,295,65,230,凱基-虎尾,2024-08-02,9236
2880,華南金,212,4,208,凱基-虎尾,2024-08-02,9236
00878,國泰永續高股息,198,2,196,凱基-虎尾,2024-08-02,9236
6126,信音,155,0,155,凱基-虎尾,2024-08-02,9236
00937B,群益ESG投等債20,168,16,152,凱基-虎尾,2024-08-02,9236
00679B,元大美債20年,126,7,119,凱基-虎尾,2024-08-02,9236
00940,元大台灣價值高息,118,6,112,凱基-虎尾,2024-08-02,9236
00919,群益台灣精選高息,79,0,79,凱基-虎尾,2024-08-02,9236
2349,錸德,107,28,79,凱基-虎尾,2024-08-02,9236
2382,廣達,57,5,52,凱基-虎尾,2024-08-02,9236
00929,復華台灣科技優息,73,22,51,凱基-虎尾,2024-08-02,9236
9955,佳龍,53,4,49,凱基-虎尾,2024-08-02,9236
2337,旺宏,50,4,46,凱基-虎尾,2024-08-02,9236
5905,南仁湖,41,0,41,凱基-虎尾,2024-08-02,9236
2408,南亞科,45,8,37,凱基-虎尾,2024-08-02,9236
2891,中信金,44,8,36,凱基-虎尾,2024-08-02,9236
3481,群創,49,15,34,凱基-虎尾,2024-08-02,9236
3037,欣興,34,4,30,凱基-虎尾,2024-08-02,9236
00932,兆豐永續高息等權,30,0,30,凱基-虎尾,2024-08-02,9236
3713,新晶投控,30,0,30,凱基-虎尾,2024-08-02,9236
2409,友達,27,0,27,凱基-虎尾,2024-08-02,9236
2886,兆豐金,27,0,27,凱基-虎尾,2024-08-02,9236
2867,三商壽,23,0,23,凱基-虎尾,2024-08-02,9236
6411,晶焱,23,0,23,凱基-虎尾,2024-08-02,9236
00936,台新永續高息中小,21,0,21,凱基-虎尾,2024-08-02,9236
2324,仁寶,24,3,21,凱基-虎尾,2024-08-02,9236
00681R,元大美債20反1,20,0,20,凱基-虎尾,2024-08-02,9236
2501,國建,31,12,19,凱基-虎尾,2024-08-02,9236
00688L,國泰20年美債正2,19,1,18,凱基-虎尾,2024-08-02,9236
2330,台積電,29,11,18,凱基-虎尾,2024-08-02,9236
1101,台泥,18,1,17,凱基-虎尾,2024-08-02,9236
0056,元大高股息,18,1,17,凱基-虎尾,2024-08-02,9236
2882,國泰金,17,0,17,凱基-虎尾,2024-08-02,9236
00923,群益台ESG低碳50,16,0,16,凱基-虎尾,2024-08-02,9236
1711,永光,16,0,16,凱基-虎尾,2024-08-02,9236
00673R,期元大S＆P原油反1,15,0,15,凱基-虎尾,2024-08-02,9236
00753L,中信中國50正2,15,0,15,凱基-虎尾,2024-08-02,9236
2388,威盛,15,0,15,凱基-虎尾,2024-08-02,9236
3024,憶聲,16,1,15,凱基-虎尾,2024-08-02,9236
3056,富華新,19,4,15,凱基-虎尾,2024-08-02,9236
00881,國泰台灣5G+,25,10,15,凱基-虎尾,2024-08-02,9236
1303,南亞,14,0,14,凱基-虎尾,2024-08-02,9236
00942B,台新美A公司債20+,14,0,14,凱基-虎尾,2024-08-02,9236
00939,統一台灣高息動能,16,2,14,凱基-虎尾,2024-08-02,9236
3211,順達,12,0,12,凱基-虎尾,2024-08-02,9236
00891,中信關鍵半導體,12,0,12,凱基-虎尾,2024-08-02,9236
2353,宏��,15,4,11,凱基-虎尾,2024-08-02,9236
4919,新唐,11,0,11,凱基-虎尾,2024-08-02,9236
6695,芯鼎,11,0,11,凱基-虎尾,2024-08-02,9236
00937B,群益ESG投等債20,1119,258,861,凱基-虎尾,2024-08-05,9236
2409,友達,264,111,153,凱基-虎尾,2024-08-05,9236
2883,凱基金,196,44,152,凱基-虎尾,2024-08-05,9236
00878,國泰永續高股息,298,185,113,凱基-虎尾,2024-08-05,9236
4564,元翎,106,1,105,凱基-虎尾,2024-08-05,9236
2330,台積電,103,18,85,凱基-虎尾,2024-08-05,9236
6411,晶焱,61,0,61,凱基-虎尾,2024-08-05,9236
8463,潤泰材,50,0,50,凱基-虎尾,2024-08-05,9236
2880,華南金,95,50,45,凱基-虎尾,2024-08-05,9236
00918,大華優利高填息30,41,0,41,凱基-虎尾,2024-08-05,9236
6234,高僑,40,0,40,凱基-虎尾,2024-08-05,9236
00929,復華台灣科技優息,145,107,38,凱基-虎尾,2024-08-05,9236
00936,台新永續高息中小,47,12,35,凱基-虎尾,2024-08-05,9236
2897,王道銀行,37,2,35,凱基-虎尾,2024-08-05,9236
2915,潤泰全,36,3,33,凱基-虎尾,2024-08-05,9236
00712,復華富時不動產,30,0,30,凱基-虎尾,2024-08-05,9236
00688L,國泰20年美債正2,27,0,27,凱基-虎尾,2024-08-05,9236
00923,群益台ESG低碳50,25,0,25,凱基-虎尾,2024-08-05,9236
2303,聯電,90,65,25,凱基-虎尾,2024-08-05,9236
1710,東聯,25,0,25,凱基-虎尾,2024-08-05,9236
3713,新晶投控,25,0,25,凱基-虎尾,2024-08-05,9236
2633,台灣高鐵,25,1,24,凱基-虎尾,2024-08-05,9236
2354,鴻準,24,0,24,凱基-虎尾,2024-08-05,9236
1717,長興,21,0,21,凱基-虎尾,2024-08-05,9236
2371,大同,24,3,21,凱基-虎尾,2024-08-05,9236
4526,東台,21,0,21,凱基-虎尾,2024-08-05,9236
006208,富邦台50,20,0,20,凱基-虎尾,2024-08-05,9236
00951,台新日本半導體,20,0,20,凱基-虎尾,2024-08-05,9236
1785,光洋科,30,11,19,凱基-虎尾,2024-08-05,9236
2834,臺企銀,18,0,18,凱基-虎尾,2024-08-05,9236
00919,群益台灣精選高息,92,74,18,凱基-虎尾,2024-08-05,9236
1314,中石化,18,0,18,凱基-虎尾,2024-08-05,9236
2515,中工,18,0,18,凱基-虎尾,2024-08-05,9236
2812,台中銀,17,0,17,凱基-虎尾,2024-08-05,9236
2609,陽明,53,36,17,凱基-虎尾,2024-08-05,9236
3211,順達,17,0,17,凱基-虎尾,2024-08-05,9236
1815,富喬,16,0,16,凱基-虎尾,2024-08-05,9236
2892,第一金,15,0,15,凱基-虎尾,2024-08-05,9236
2344,華邦電,28,13,15,凱基-虎尾,2024-08-05,9236
3714,富采,15,0,15,凱基-虎尾,2024-08-05,9236
00940,元大台灣價值高息,130,115,15,凱基-虎尾,2024-08-05,9236
2885,元大金,13,0,13,凱基-虎尾,2024-08-05,9236
00891,中信關鍵半導體,13,0,13,凱基-虎尾,2024-08-05,9236
2836,高雄銀,14,1,13,凱基-虎尾,2024-08-05,9236
6770,力積電,13,0,13,凱基-虎尾,2024-08-05,9236
2881,富邦金,29,16,13,凱基-虎尾,2024-08-05,9236
00713,元大台灣高息低波,14,1,13,凱基-虎尾,2024-08-05,9236
00946,群益科技高息成長,22,10,12,凱基-虎尾,2024-08-05,9236
1303,南亞,13,1,12,凱基-虎尾,2024-08-05,9236
0056,元大高股息,84,72,12,凱基-虎尾,2024-08-05,9236
00632R,元大台灣50反1,420,68,352,凱基-虎尾,2024-08-06,9236
2301,光寶科,264,36,228,凱基-虎尾,2024-08-06,9236
00680L,元大美債20正2,160,50,110,凱基-虎尾,2024-08-06,9236
00679B,元大美債20年,101,19,82,凱基-虎尾,2024-08-06,9236
2542,興富發,76,3,73,凱基-虎尾,2024-08-06,9236
2323,中環,59,1,58,凱基-虎尾,2024-08-06,9236
6770,力積電,81,30,51,凱基-虎尾,2024-08-06,9236
2409,友達,75,30,45,凱基-虎尾,2024-08-06,9236
4564,元翎,42,0,42,凱基-虎尾,2024-08-06,9236
00940,元大台灣價值高息,111,70,41,凱基-虎尾,2024-08-06,9236
5905,南仁湖,40,0,40,凱基-虎尾,2024-08-06,9236
00673R,期元大S＆P原油反1,39,0,39,凱基-虎尾,2024-08-06,9236
5243,乙盛-KY,36,0,36,凱基-虎尾,2024-08-06,9236
00919,群益台灣精選高息,46,11,35,凱基-虎尾,2024-08-06,9236
2317,鴻海,405,373,32,凱基-虎尾,2024-08-06,9236
2609,陽明,113,81,32,凱基-虎尾,2024-08-06,9236
00933B,國泰10Y+金融債,31,0,31,凱基-虎尾,2024-08-06,9236
3450,聯鈞,47,20,27,凱基-虎尾,2024-08-06,9236
3481,群創,114,87,27,凱基-虎尾,2024-08-06,9236
1536,和大,29,3,26,凱基-虎尾,2024-08-06,9236
4958,臻鼎-KY,26,1,25,凱基-虎尾,2024-08-06,9236
1540,喬福,223,199,24,凱基-虎尾,2024-08-06,9236
1597,直得,26,3,23,凱基-虎尾,2024-08-06,9236
4534,慶騰,23,0,23,凱基-虎尾,2024-08-06,9236
1529,樂事綠能,31,9,22,凱基-虎尾,2024-08-06,9236
3535,晶彩科,20,0,20,凱基-虎尾,2024-08-06,9236
00654R,富邦印度反1,20,0,20,凱基-虎尾,2024-08-06,9236
00945B,凱基美國非投等債,20,0,20,凱基-虎尾,2024-08-06,9236
1460,宏遠,20,0,20,凱基-虎尾,2024-08-06,9236
00712,復華富時不動產,19,0,19,凱基-虎尾,2024-08-06,9236
1785,光洋科,24,8,16,凱基-虎尾,2024-08-06,9236
3211,順達,16,0,16,凱基-虎尾,2024-08-06,9236
2382,廣達,21,6,15,凱基-虎尾,2024-08-06,9236
2405,輔信,15,0,15,凱基-虎尾,2024-08-06,9236
3663,鑫科,15,0,15,凱基-虎尾,2024-08-06,9236
4540,全球傳動,15,0,15,凱基-虎尾,2024-08-06,9236
2887,台新金,16,2,14,凱基-虎尾,2024-08-06,9236
00706L,期元大S＆P日圓正2,14,0,14,凱基-虎尾,2024-08-06,9236
2449,京元電子,26,12,14,凱基-虎尾,2024-08-06,9236
3265,台星科,13,0,13,凱基-虎尾,2024-08-06,9236
4919,新唐,12,0,12,凱基-虎尾,2024-08-06,9236
1717,長興,13,1,12,凱基-虎尾,2024-08-06,9236
2354,鴻準,15,3,12,凱基-虎尾,2024-08-06,9236
2367,燿華,12,0,12,凱基-虎尾,2024-08-06,9236
4909,新復興,17,5,12,凱基-虎尾,2024-08-06,9236
00878,國泰永續高股息,35,23,12,凱基-虎尾,2024-08-06,9236
3013,晟銘電,13,2,11,凱基-虎尾,2024-08-06,9236
4510,高鋒,62,51,11,凱基-虎尾,2024-08-06,9236
5230,雷笛克光學,75,64,11,凱基-虎尾,2024-08-06,9236
8050,廣積,11,0,11,凱基-虎尾,2024-08-06,9236
00929,復華台灣科技優息,177,6,171,凱基-虎尾,2024-08-07,9236
3481,群創,175,11,164,凱基-虎尾,2024-08-07,9236
9105,泰金寶-DR,100,0,100,凱基-虎尾,2024-08-07,9236
2312,金寶,86,4,82,凱基-虎尾,2024-08-07,9236
6578,達邦蛋白,53,0,53,凱基-虎尾,2024-08-07,9236
2609,陽明,72,20,52,凱基-虎尾,2024-08-07,9236
00937B,群益ESG投等債20,42,0,42,凱基-虎尾,2024-08-07,9236
00878,國泰永續高股息,46,5,41,凱基-虎尾,2024-08-07,9236
2409,友達,39,0,39,凱基-虎尾,2024-08-07,9236
2476,鉅祥,31,0,31,凱基-虎尾,2024-08-07,9236
00919,群益台灣精選高息,33,5,28,凱基-虎尾,2024-08-07,9236
00679B,元大美債20年,47,20,27,凱基-虎尾,2024-08-07,9236
00948B,中信優息投資級債,25,0,25,凱基-虎尾,2024-08-07,9236
8070,長華*,26,1,25,凱基-虎尾,2024-08-07,9236
00715L,期街口布蘭特正2,20,0,20,凱基-虎尾,2024-08-07,9236
2349,錸德,25,5,20,凱基-虎尾,2024-08-07,9236
2017,官田鋼,20,1,19,凱基-虎尾,2024-08-07,9236
1809,中釉,18,0,18,凱基-虎尾,2024-08-07,9236
2867,三商壽,17,0,17,凱基-虎尾,2024-08-07,9236
00673R,期元大S＆P原油反1,55,39,16,凱基-虎尾,2024-08-07,9236
2408,南亞科,19,3,16,凱基-虎尾,2024-08-07,9236
2317,鴻海,49,33,16,凱基-虎尾,2024-08-07,9236
6026,福邦證,15,0,15,凱基-虎尾,2024-08-07,9236
0056,元大高股息,20,6,14,凱基-虎尾,2024-08-07,9236
6789,采鈺,13,0,13,凱基-虎尾,2024-08-07,9236
1605,華新,13,1,12,凱基-虎尾,2024-08-07,9236
2884,玉山金,12,0,12,凱基-虎尾,2024-08-07,9236
3293,鈊象,11,0,11,凱基-虎尾,2024-08-07,9236
2455,全新,14,3,11,凱基-虎尾,2024-08-07,9236
2886,兆豐金,12,1,11,凱基-虎尾,2024-08-07,9236
1301,台塑,10,0,10,凱基-虎尾,2024-08-07,9236
00693U,期街口S＆P黃豆,10,0,10,凱基-虎尾,2024-08-07,9236
2313,華通,13,3,10,凱基-虎尾,2024-08-07,9236
2356,英業達,16,7,9,凱基-虎尾,2024-08-07,9236
4123,晟德,10,1,9,凱基-虎尾,2024-08-07,9236
6219,富旺,9,0,9,凱基-虎尾,2024-08-07,9236
6770,力積電,9,0,9,凱基-虎尾,2024-08-07,9236
3105,穩懋,8,0,8,凱基-虎尾,2024-08-07,9236
00881,國泰台灣5G+,12,4,8,凱基-虎尾,2024-08-07,9236
2331,精英,8,0,8,凱基-虎尾,2024-08-07,9236
2421,建準,10,2,8,凱基-虎尾,2024-08-07,9236
6244,茂迪,8,0,8,凱基-虎尾,2024-08-07,9236
2201,裕隆,7,0,7,凱基-虎尾,2024-08-07,9236
3006,晶豪科,9,2,7,凱基-虎尾,2024-08-07,9236
5371,中光電,7,0,7,凱基-虎尾,2024-08-07,9236
6116,彩晶,17,10,7,凱基-虎尾,2024-08-07,9236
2882,國泰金,7,0,7,凱基-虎尾,2024-08-07,9236
2834,臺企銀,6,0,6,凱基-虎尾,2024-08-07,9236
3013,晟銘電,15,9,6,凱基-虎尾,2024-08-07,9236
1513,中興電,9,3,6,凱基-虎尾,2024-08-07,9236
2888,新光金,79,0,79,凱基-虎尾,2024-08-08,9236
2834,臺企銀,81,4,77,凱基-虎尾,2024-08-08,9236
00929,復華台灣科技優息,66,15,51,凱基-虎尾,2024-08-08,9236
6213,聯茂,50,5,45,凱基-虎尾,2024-08-08,9236
2385,群光,61,17,44,凱基-虎尾,2024-08-08,9236
00664R,國泰臺灣加權反1,43,0,43,凱基-虎尾,2024-08-08,9236
3272,東碩,43,0,43,凱基-虎尾,2024-08-08,9236
00632R,元大台灣50反1,40,0,40,凱基-虎尾,2024-08-08,9236
3047,訊舟,40,4,36,凱基-虎尾,2024-08-08,9236
00679B,元大美債20年,42,9,33,凱基-虎尾,2024-08-08,9236
5880,合庫金,30,1,29,凱基-虎尾,2024-08-08,9236
2615,萬海,39,10,29,凱基-虎尾,2024-08-08,9236
2349,錸德,29,7,22,凱基-虎尾,2024-08-08,9236
3005,神基,21,0,21,凱基-虎尾,2024-08-08,9236
2330,台積電,29,8,21,凱基-虎尾,2024-08-08,9236
2323,中環,20,0,20,凱基-虎尾,2024-08-08,9236
00915,凱基優選高股息30,21,1,20,凱基-虎尾,2024-08-08,9236
00885,富邦越南,20,0,20,凱基-虎尾,2024-08-08,9236
2880,華南金,20,0,20,凱基-虎尾,2024-08-08,9236
5521,工信,20,0,20,凱基-虎尾,2024-08-08,9236
00878,國泰永續高股息,31,15,16,凱基-虎尾,2024-08-08,9236
00937B,群益ESG投等債20,21,6,15,凱基-虎尾,2024-08-08,9236
00936,台新永續高息中小,15,1,14,凱基-虎尾,2024-08-08,9236
00882,中信中國高股息,13,0,13,凱基-虎尾,2024-08-08,9236
2883,凱基金,12,0,12,凱基-虎尾,2024-08-08,9236
2515,中工,12,0,12,凱基-虎尾,2024-08-08,9236
4979,華星光,14,2,12,凱基-虎尾,2024-08-08,9236
2537,聯上發,14,4,10,凱基-虎尾,2024-08-08,9236
3105,穩懋,10,0,10,凱基-虎尾,2024-08-08,9236
5481,新華,10,0,10,凱基-虎尾,2024-08-08,9236
2892,第一金,12,3,9,凱基-虎尾,2024-08-08,9236
1301,台塑,8,0,8,凱基-虎尾,2024-08-08,9236
2543,皇昌,10,2,8,凱基-虎尾,2024-08-08,9236
2317,鴻海,86,78,8,凱基-虎尾,2024-08-08,9236
2886,兆豐金,9,1,8,凱基-虎尾,2024-08-08,9236
00687B,國泰20年美債,22,14,8,凱基-虎尾,2024-08-08,9236
1597,直得,12,5,7,凱基-虎尾,2024-08-08,9236
2344,華邦電,10,3,7,凱基-虎尾,2024-08-08,9236
2392,正崴,10,3,7,凱基-虎尾,2024-08-08,9236
2409,友達,7,0,7,凱基-虎尾,2024-08-08,9236
2442,新美齊,7,0,7,凱基-虎尾,2024-08-08,9236
2486,一詮,13,6,7,凱基-虎尾,2024-08-08,9236
2849,安泰銀,7,0,7,凱基-虎尾,2024-08-08,9236
3051,力特,7,0,7,凱基-虎尾,2024-08-08,9236
4532,瑞智,8,1,7,凱基-虎尾,2024-08-08,9236
6215,和椿,18,11,7,凱基-虎尾,2024-08-08,9236
00934,中信成長高股息,6,0,6,凱基-虎尾,2024-08-08,9236
00795B,中信美國公債20年,6,0,6,凱基-虎尾,2024-08-08,9236
1563,巧新,6,0,6,凱基-虎尾,2024-08-08,9236
3002,歐格,6,0,6,凱基-虎尾,2024-08-08,9236
1563,巧新,221,0,221,凱基-虎尾,2024-08-09,9236
2337,旺宏,100,1,99,凱基-虎尾,2024-08-09,9236
00929,復華台灣科技優息,93,11,82,凱基-虎尾,2024-08-09,9236
00679B,元大美債20年,97,16,81,凱基-虎尾,2024-08-09,9236
00937B,群益ESG投等債20,77,8,69,凱基-虎尾,2024-08-09,9236
00687B,國泰20年美債,79,15,64,凱基-虎尾,2024-08-09,9236
00632R,元大台灣50反1,63,0,63,凱基-虎尾,2024-08-09,9236
00673R,期元大S＆P原油反1,45,0,45,凱基-虎尾,2024-08-09,9236
1618,合機,40,0,40,凱基-虎尾,2024-08-09,9236
4167,松瑞藥,30,0,30,凱基-虎尾,2024-08-09,9236
2897,王道銀行,49,22,27,凱基-虎尾,2024-08-09,9236
2353,宏��,31,5,26,凱基-虎尾,2024-08-09,9236
2867,三商壽,24,0,24,凱基-虎尾,2024-08-09,9236
3303,岱稜,21,0,21,凱基-虎尾,2024-08-09,9236
3481,群創,55,35,20,凱基-虎尾,2024-08-09,9236
00665L,富邦�琤肭磪囓�2,30,10,20,凱基-虎尾,2024-08-09,9236
2882,國泰金,38,18,20,凱基-虎尾,2024-08-09,9236
00878,國泰永續高股息,57,38,19,凱基-虎尾,2024-08-09,9236
6152,百一,18,0,18,凱基-虎尾,2024-08-09,9236
2313,華通,22,5,17,凱基-虎尾,2024-08-09,9236
00877,復華中國5G,15,0,15,凱基-虎尾,2024-08-09,9236
1514,亞力,32,17,15,凱基-虎尾,2024-08-09,9236
2365,昆盈,63,50,13,凱基-虎尾,2024-08-09,9236
3289,宜特,15,2,13,凱基-虎尾,2024-08-09,9236
0050,元大台灣50,15,2,13,凱基-虎尾,2024-08-09,9236
5521,工信,11,0,11,凱基-虎尾,2024-08-09,9236
2382,廣達,11,1,10,凱基-虎尾,2024-08-09,9236
3105,穩懋,10,0,10,凱基-虎尾,2024-08-09,9236
4526,東台,79,69,10,凱基-虎尾,2024-08-09,9236
8105,凌巨,12,2,10,凱基-虎尾,2024-08-09,9236
9945,潤泰新,13,3,10,凱基-虎尾,2024-08-09,9236
2915,潤泰全,10,0,10,凱基-虎尾,2024-08-09,9236
6213,聯茂,16,6,10,凱基-虎尾,2024-08-09,9236
00919,群益台灣精選高息,23,14,9,凱基-虎尾,2024-08-09,9236
3037,欣興,14,5,9,凱基-虎尾,2024-08-09,9236
3265,台星科,10,1,9,凱基-虎尾,2024-08-09,9236
5481,新華,10,1,9,凱基-虎尾,2024-08-09,9236
3048,益登,9,1,8,凱基-虎尾,2024-08-09,9236
3058,立德,8,0,8,凱基-虎尾,2024-08-09,9236
2888,新光金,15,7,8,凱基-虎尾,2024-08-09,9236
3339,泰谷,7,0,7,凱基-虎尾,2024-08-09,9236
6443,元晶,7,0,7,凱基-虎尾,2024-08-09,9236
00949,復華日本龍頭,9,2,7,凱基-虎尾,2024-08-09,9236
1104,環泥,6,0,6,凱基-虎尾,2024-08-09,9236
2489,瑞軒,13,7,6,凱基-虎尾,2024-08-09,9236
2515,中工,8,2,6,凱基-虎尾,2024-08-09,9236
3044,健鼎,6,0,6,凱基-虎尾,2024-08-09,9236
3189,景碩,9,3,6,凱基-虎尾,2024-08-09,9236
3706,神達,6,0,6,凱基-虎尾,2024-08-09,9236
8103,瀚荃,6,0,6,凱基-虎尾,2024-08-09,9236
00687B,國泰20年美債,151,0,151,凱基-虎尾,2024-08-12,9236
00751B,元大AAA至A公司債,105,0,105,凱基-虎尾,2024-08-12,9236
00937B,群益ESG投等債20,87,0,87,凱基-虎尾,2024-08-12,9236
2618,長榮航,103,17,86,凱基-虎尾,2024-08-12,9236
3715,定穎投控,85,3,82,凱基-虎尾,2024-08-12,9236
1563,巧新,73,0,73,凱基-虎尾,2024-08-12,9236
2427,三商電,62,5,57,凱基-虎尾,2024-08-12,9236
1785,光洋科,50,1,49,凱基-虎尾,2024-08-12,9236
2312,金寶,106,59,47,凱基-虎尾,2024-08-12,9236
1618,合機,45,2,43,凱基-虎尾,2024-08-12,9236
2883,凱基金,47,5,42,凱基-虎尾,2024-08-12,9236
5519,隆大,42,0,42,凱基-虎尾,2024-08-12,9236
00929,復華台灣科技優息,40,0,40,凱基-虎尾,2024-08-12,9236
2388,威盛,34,1,33,凱基-虎尾,2024-08-12,9236
3260,威剛,40,8,32,凱基-虎尾,2024-08-12,9236
5905,南仁湖,29,0,29,凱基-虎尾,2024-08-12,9236
2609,陽明,49,23,26,凱基-虎尾,2024-08-12,9236
3272,東碩,21,0,21,凱基-虎尾,2024-08-12,9236
2323,中環,20,0,20,凱基-虎尾,2024-08-12,9236
00679B,元大美債20年,20,0,20,凱基-虎尾,2024-08-12,9236
00936,台新永續高息中小,20,0,20,凱基-虎尾,2024-08-12,9236
00950B,凱基A級公司債,20,0,20,凱基-虎尾,2024-08-12,9236
00948B,中信優息投資級債,20,0,20,凱基-虎尾,2024-08-12,9236
00945B,凱基美國非投等債,30,10,20,凱基-虎尾,2024-08-12,9236
4113,聯上,20,2,18,凱基-虎尾,2024-08-12,9236
2062,橋椿,32,15,17,凱基-虎尾,2024-08-12,9236
2520,冠德,19,3,16,凱基-虎尾,2024-08-12,9236
00940,元大台灣價值高息,23,8,15,凱基-虎尾,2024-08-12,9236
2486,一詮,21,7,14,凱基-虎尾,2024-08-12,9236
2349,錸德,23,10,13,凱基-虎尾,2024-08-12,9236
00878,國泰永續高股息,14,2,12,凱基-虎尾,2024-08-12,9236
9904,寶成,11,0,11,凱基-虎尾,2024-08-12,9236
2884,玉山金,14,3,11,凱基-虎尾,2024-08-12,9236
4123,晟德,11,0,11,凱基-虎尾,2024-08-12,9236
00662,富邦NASDAQ,10,0,10,凱基-虎尾,2024-08-12,9236
00654R,富邦印度反1,10,0,10,凱基-虎尾,2024-08-12,9236
1714,和桐,10,0,10,凱基-虎尾,2024-08-12,9236
2392,正崴,10,0,10,凱基-虎尾,2024-08-12,9236
2464,盟立,14,4,10,凱基-虎尾,2024-08-12,9236
2615,萬海,59,49,10,凱基-虎尾,2024-08-12,9236
3056,富華新,10,0,10,凱基-虎尾,2024-08-12,9236
3322,建舜電,10,0,10,凱基-虎尾,2024-08-12,9236
4907,富宇,10,0,10,凱基-虎尾,2024-08-12,9236
5512,力麒,10,0,10,凱基-虎尾,2024-08-12,9236
3234,光環,10,1,9,凱基-虎尾,2024-08-12,9236
2634,漢翔,9,0,9,凱基-虎尾,2024-08-12,9236
3661,世芯-KY,8,0,8,凱基-虎尾,2024-08-12,9236
3019,亞光,17,9,8,凱基-虎尾,2024-08-12,9236
4562,穎漢,24,16,8,凱基-虎尾,2024-08-12,9236
00934,中信成長高股息,7,0,7,凱基-虎尾,2024-08-12,9236
00751B,元大AAA至A公司債,130,0,130,凱基-虎尾,2024-08-13,9236
2880,華南金,420,300,120,凱基-虎尾,2024-08-13,9236
00632R,元大台灣50反1,105,0,105,凱基-虎尾,2024-08-13,9236
2489,瑞軒,100,5,95,凱基-虎尾,2024-08-13,9236
00929,復華台灣科技優息,72,5,67,凱基-虎尾,2024-08-13,9236
2888,新光金,53,0,53,凱基-虎尾,2024-08-13,9236
2402,毅嘉,51,0,51,凱基-虎尾,2024-08-13,9236
00948B,中信優息投資級債,40,0,40,凱基-虎尾,2024-08-13,9236
2834,臺企銀,41,2,39,凱基-虎尾,2024-08-13,9236
6505,台塑化,31,0,31,凱基-虎尾,2024-08-13,9236
4967,十銓,30,1,29,凱基-虎尾,2024-08-13,9236
2349,錸德,36,10,26,凱基-虎尾,2024-08-13,9236
00937B,群益ESG投等債20,26,2,24,凱基-虎尾,2024-08-13,9236
3231,緯創,31,8,23,凱基-虎尾,2024-08-13,9236
1563,巧新,20,0,20,凱基-虎尾,2024-08-13,9236
2367,燿華,17,0,17,凱基-虎尾,2024-08-13,9236
2915,潤泰全,19,2,17,凱基-虎尾,2024-08-13,9236
1536,和大,19,3,16,凱基-虎尾,2024-08-13,9236
00919,群益台灣精選高息,15,0,15,凱基-虎尾,2024-08-13,9236
2891,中信金,15,0,15,凱基-虎尾,2024-08-13,9236
3689,湧德,15,0,15,凱基-虎尾,2024-08-13,9236
00673R,期元大S＆P原油反1,14,0,14,凱基-虎尾,2024-08-13,9236
2371,大同,11,0,11,凱基-虎尾,2024-08-13,9236
2439,美律,12,1,11,凱基-虎尾,2024-08-13,9236
3272,東碩,11,0,11,凱基-虎尾,2024-08-13,9236
6492,生華科,12,1,11,凱基-虎尾,2024-08-13,9236
8096,擎亞,22,11,11,凱基-虎尾,2024-08-13,9236
2801,彰銀,13,3,10,凱基-虎尾,2024-08-13,9236
2886,兆豐金,10,0,10,凱基-虎尾,2024-08-13,9236
3293,鈊象,12,2,10,凱基-虎尾,2024-08-13,9236
00679B,元大美債20年,10,0,10,凱基-虎尾,2024-08-13,9236
00741B,富邦全球非投等債,10,0,10,凱基-虎尾,2024-08-13,9236
00945B,凱基美國非投等債,10,0,10,凱基-虎尾,2024-08-13,9236
2030,彰源,10,0,10,凱基-虎尾,2024-08-13,9236
2385,群光,16,6,10,凱基-虎尾,2024-08-13,9236
3056,富華新,10,0,10,凱基-虎尾,2024-08-13,9236
5481,新華,12,2,10,凱基-虎尾,2024-08-13,9236
1301,台塑,10,0,10,凱基-虎尾,2024-08-13,9236
6127,九豪,9,0,9,凱基-虎尾,2024-08-13,9236
6215,和椿,18,9,9,凱基-虎尾,2024-08-13,9236
6414,樺漢,10,1,9,凱基-虎尾,2024-08-13,9236
5443,均豪,35,27,8,凱基-虎尾,2024-08-13,9236
00940,元大台灣價值高息,9,1,8,凱基-虎尾,2024-08-13,9236
1513,中興電,13,5,8,凱基-虎尾,2024-08-13,9236
5206,坤悅,8,0,8,凱基-虎尾,2024-08-13,9236
8105,凌巨,12,4,8,凱基-虎尾,2024-08-13,9236
3481,群創,10,2,8,凱基-虎尾,2024-08-13,9236
00878,國泰永續高股息,12,5,7,凱基-虎尾,2024-08-13,9236
1597,直得,9,2,7,凱基-虎尾,2024-08-13,9236
2374,佳能,9,2,7,凱基-虎尾,2024-08-13,9236
2883,凱基金,145,7,138,凱基-虎尾,2024-08-14,9236
00937B,群益ESG投等債20,122,3,119,凱基-虎尾,2024-08-14,9236
2356,英業達,116,0,116,凱基-虎尾,2024-08-14,9236
2374,佳能,95,19,76,凱基-虎尾,2024-08-14,9236
1101,台泥,70,4,66,凱基-虎尾,2024-08-14,9236
00795B,中信美國公債20年,60,0,60,凱基-虎尾,2024-08-14,9236
2382,廣達,64,11,53,凱基-虎尾,2024-08-14,9236
3715,定穎投控,54,1,53,凱基-虎尾,2024-08-14,9236
5519,隆大,50,0,50,凱基-虎尾,2024-08-14,9236
3024,憶聲,50,13,37,凱基-虎尾,2024-08-14,9236
2353,宏��,37,1,36,凱基-虎尾,2024-08-14,9236
4526,東台,35,1,34,凱基-虎尾,2024-08-14,9236
8104,錸寶,28,0,28,凱基-虎尾,2024-08-14,9236
2603,長榮,40,14,26,凱基-虎尾,2024-08-14,9236
3060,銘異,23,2,21,凱基-虎尾,2024-08-14,9236
00641R,富邦日本反1,20,0,20,凱基-虎尾,2024-08-14,9236
1710,東聯,20,0,20,凱基-虎尾,2024-08-14,9236
2801,彰銀,21,2,19,凱基-虎尾,2024-08-14,9236
6224,聚鼎,20,2,18,凱基-虎尾,2024-08-14,9236
2888,新光金,23,5,18,凱基-虎尾,2024-08-14,9236
1603,華電,17,1,16,凱基-虎尾,2024-08-14,9236
6414,樺漢,16,2,14,凱基-虎尾,2024-08-14,9236
2243,宏旭-KY,13,0,13,凱基-虎尾,2024-08-14,9236
3058,立德,12,0,12,凱基-虎尾,2024-08-14,9236
00679B,元大美債20年,12,1,11,凱基-虎尾,2024-08-14,9236
2349,錸德,22,11,11,凱基-虎尾,2024-08-14,9236
3535,晶彩科,14,4,10,凱基-虎尾,2024-08-14,9236
00669R,國泰美國道瓊反1,10,0,10,凱基-虎尾,2024-08-14,9236
3537,堡達,11,1,10,凱基-虎尾,2024-08-14,9236
3581,博磊,10,0,10,凱基-虎尾,2024-08-14,9236
4534,慶騰,10,0,10,凱基-虎尾,2024-08-14,9236
4562,穎漢,41,31,10,凱基-虎尾,2024-08-14,9236
6160,欣技,10,0,10,凱基-虎尾,2024-08-14,9236
6175,立敦,10,0,10,凱基-虎尾,2024-08-14,9236
8477,創業家,10,0,10,凱基-虎尾,2024-08-14,9236
2365,昆盈,94,85,9,凱基-虎尾,2024-08-14,9236
2543,皇昌,10,1,9,凱基-虎尾,2024-08-14,9236
2615,萬海,20,11,9,凱基-虎尾,2024-08-14,9236
4540,全球傳動,16,7,9,凱基-虎尾,2024-08-14,9236
00687B,國泰20年美債,15,7,8,凱基-虎尾,2024-08-14,9236
4303,信立,8,0,8,凱基-虎尾,2024-08-14,9236
1708,東鹼,11,3,8,凱基-虎尾,2024-08-14,9236
1609,大亞,7,0,7,凱基-虎尾,2024-08-14,9236
00936,台新永續高息中小,7,0,7,凱基-虎尾,2024-08-14,9236
5490,同亨,7,0,7,凱基-虎尾,2024-08-14,9236
8086,宏捷科,9,2,7,凱基-虎尾,2024-08-14,9236
00632R,元大台灣50反1,6,0,6,凱基-虎尾,2024-08-14,9236
00945B,凱基美國非投等債,6,0,6,凱基-虎尾,2024-08-14,9236
2208,台船,10,4,6,凱基-虎尾,2024-08-14,9236
2392,正崴,6,0,6,凱基-虎尾,2024-08-14,9236
1611,中電,207,1,206,凱基-虎尾,2024-08-15,9236
00687B,國泰20年美債,198,22,176,凱基-虎尾,2024-08-15,9236
2367,燿華,106,2,104,凱基-虎尾,2024-08-15,9236
00929,復華台灣科技優息,120,29,91,凱基-虎尾,2024-08-15,9236
2883,凱基金,95,5,90,凱基-虎尾,2024-08-15,9236
3272,東碩,74,0,74,凱基-虎尾,2024-08-15,9236
2888,新光金,80,8,72,凱基-虎尾,2024-08-15,9236
2834,臺企銀,64,0,64,凱基-虎尾,2024-08-15,9236
00878,國泰永續高股息,67,11,56,凱基-虎尾,2024-08-15,9236
00900,富邦特選高股息30,50,5,45,凱基-虎尾,2024-08-15,9236
1416,廣豐,45,0,45,凱基-虎尾,2024-08-15,9236
1710,東聯,39,0,39,凱基-虎尾,2024-08-15,9236
3390,旭軟,44,7,37,凱基-虎尾,2024-08-15,9236
00945B,凱基美國非投等債,35,0,35,凱基-虎尾,2024-08-15,9236
00680L,元大美債20正2,37,2,35,凱基-虎尾,2024-08-15,9236
3312,弘憶股,32,2,30,凱基-虎尾,2024-08-15,9236
4526,東台,30,0,30,凱基-虎尾,2024-08-15,9236
1785,光洋科,30,4,26,凱基-虎尾,2024-08-15,9236
9933,中鼎,24,0,24,凱基-虎尾,2024-08-15,9236
00915,凱基優選高股息30,21,0,21,凱基-虎尾,2024-08-15,9236
00688L,國泰20年美債正2,20,0,20,凱基-虎尾,2024-08-15,9236
00907,永豐優息存股,20,0,20,凱基-虎尾,2024-08-15,9236
00936,台新永續高息中小,20,0,20,凱基-虎尾,2024-08-15,9236
2392,正崴,20,0,20,凱基-虎尾,2024-08-15,9236
3303,岱稜,27,8,19,凱基-虎尾,2024-08-15,9236
00932,兆豐永續高息等權,17,0,17,凱基-虎尾,2024-08-15,9236
1101,台泥,17,1,16,凱基-虎尾,2024-08-15,9236
2489,瑞軒,348,332,16,凱基-虎尾,2024-08-15,9236
6177,達麗,16,0,16,凱基-虎尾,2024-08-15,9236
3455,由田,15,0,15,凱基-虎尾,2024-08-15,9236
4707,磐亞,15,0,15,凱基-虎尾,2024-08-15,9236
2605,新興,14,0,14,凱基-虎尾,2024-08-15,9236
8028,昇陽半導體,28,14,14,凱基-虎尾,2024-08-15,9236
00881,國泰台灣5G+,13,0,13,凱基-虎尾,2024-08-15,9236
1301,台塑,15,2,13,凱基-虎尾,2024-08-15,9236
2515,中工,13,0,13,凱基-虎尾,2024-08-15,9236
4562,穎漢,34,22,12,凱基-虎尾,2024-08-15,9236
8096,擎亞,46,34,12,凱基-虎尾,2024-08-15,9236
2317,鴻海,1830,1819,11,凱基-虎尾,2024-08-15,9236
2376,技嘉,14,3,11,凱基-虎尾,2024-08-15,9236
00690,兆豐藍籌30,11,0,11,凱基-虎尾,2024-08-15,9236
00632R,元大台灣50反1,11,0,11,凱基-虎尾,2024-08-15,9236
2801,彰銀,10,0,10,凱基-虎尾,2024-08-15,9236
2025,千興,10,0,10,凱基-虎尾,2024-08-15,9236
2616,山隆,10,0,10,凱基-虎尾,2024-08-15,9236
3003,健和興,10,0,10,凱基-虎尾,2024-08-15,9236
3056,富華新,11,1,10,凱基-虎尾,2024-08-15,9236
4576,大銀微系統,15,5,10,凱基-虎尾,2024-08-15,9236
5443,均豪,27,17,10,凱基-虎尾,2024-08-15,9236
2890,永豐金,10,0,10,凱基-虎尾,2024-08-15,9236
00687B,國泰20年美債,142,0,142,凱基-虎尾,2024-08-16,9236
1563,巧新,84,3,81,凱基-虎尾,2024-08-16,9236
2618,長榮航,90,13,77,凱基-虎尾,2024-08-16,9236
00878,國泰永續高股息,82,14,68,凱基-虎尾,2024-08-16,9236
00929,復華台灣科技優息,68,14,54,凱基-虎尾,2024-08-16,9236
2362,藍天,50,0,50,凱基-虎尾,2024-08-16,9236
4956,光鋐,52,3,49,凱基-虎尾,2024-08-16,9236
1316,上曜,91,43,48,凱基-虎尾,2024-08-16,9236
6187,萬潤,56,15,41,凱基-虎尾,2024-08-16,9236
2323,中環,55,15,40,凱基-虎尾,2024-08-16,9236
2353,宏��,40,0,40,凱基-虎尾,2024-08-16,9236
6603,富強鑫,40,0,40,凱基-虎尾,2024-08-16,9236
3706,神達,29,1,28,凱基-虎尾,2024-08-16,9236
1416,廣豐,25,1,24,凱基-虎尾,2024-08-16,9236
2464,盟立,59,35,24,凱基-虎尾,2024-08-16,9236
00679B,元大美債20年,24,1,23,凱基-虎尾,2024-08-16,9236
1582,信錦,23,0,23,凱基-虎尾,2024-08-16,9236
00665L,富邦�琤肭磪囓�2,20,0,20,凱基-虎尾,2024-08-16,9236
6443,元晶,27,7,20,凱基-虎尾,2024-08-16,9236
8477,創業家,20,1,19,凱基-虎尾,2024-08-16,9236
3062,建漢,35,18,17,凱基-虎尾,2024-08-16,9236
2371,大同,22,6,16,凱基-虎尾,2024-08-16,9236
4576,大銀微系統,25,10,15,凱基-虎尾,2024-08-16,9236
00753L,中信中國50正2,14,0,14,凱基-虎尾,2024-08-16,9236
1609,大亞,16,2,14,凱基-虎尾,2024-08-16,9236
8043,蜜望實,36,24,12,凱基-虎尾,2024-08-16,9236
00712,復華富時不動產,12,0,12,凱基-虎尾,2024-08-16,9236
00669R,國泰美國道瓊反1,10,0,10,凱基-虎尾,2024-08-16,9236
1460,宏遠,10,0,10,凱基-虎尾,2024-08-16,9236
1570,力肯,16,6,10,凱基-虎尾,2024-08-16,9236
1815,富喬,13,3,10,凱基-虎尾,2024-08-16,9236
3105,穩懋,10,0,10,凱基-虎尾,2024-08-16,9236
5328,華容,10,0,10,凱基-虎尾,2024-08-16,9236
8071,能率網通,10,0,10,凱基-虎尾,2024-08-16,9236
2359,所羅門,33,24,9,凱基-虎尾,2024-08-16,9236
9935,慶豐富,16,7,9,凱基-虎尾,2024-08-16,9236
00945B,凱基美國非投等債,8,0,8,凱基-虎尾,2024-08-16,9236
4540,全球傳動,27,19,8,凱基-虎尾,2024-08-16,9236
2002,中鋼,7,0,7,凱基-虎尾,2024-08-16,9236
5490,同亨,7,0,7,凱基-虎尾,2024-08-16,9236
8076,伍豐,7,0,7,凱基-虎尾,2024-08-16,9236
3211,順達,8,2,6,凱基-虎尾,2024-08-16,9236
4555,氣立,19,13,6,凱基-虎尾,2024-08-16,9236
6160,欣技,6,0,6,凱基-虎尾,2024-08-16,9236
6505,台塑化,8,2,6,凱基-虎尾,2024-08-16,9236
5443,均豪,28,23,5,凱基-虎尾,2024-08-16,9236
00693U,期街口S＆P黃豆,5,0,5,凱基-虎尾,2024-08-16,9236
00680L,元大美債20正2,5,0,5,凱基-虎尾,2024-08-16,9236
00720B,元大投資級公司債,5,0,5,凱基-虎尾,2024-08-16,9236
00795B,中信美國公債20年,5,0,5,凱基-虎尾,2024-08-16,9236
2489,瑞軒,345,22,323,凱基-虎尾,2024-08-19,9236
2888,新光金,11140,10995,145,凱基-虎尾,2024-08-19,9236
00687B,國泰20年美債,94,39,55,凱基-虎尾,2024-08-19,9236
00929,復華台灣科技優息,55,1,54,凱基-虎尾,2024-08-19,9236
4564,元翎,53,10,43,凱基-虎尾,2024-08-19,9236
8071,能率網通,51,11,40,凱基-虎尾,2024-08-19,9236
1563,巧新,33,0,33,凱基-虎尾,2024-08-19,9236
00688L,國泰20年美債正2,32,0,32,凱基-虎尾,2024-08-19,9236
2801,彰銀,30,0,30,凱基-虎尾,2024-08-19,9236
2101,南港,30,1,29,凱基-虎尾,2024-08-19,9236
1597,直得,30,3,27,凱基-虎尾,2024-08-19,9236
6274,台燿,25,0,25,凱基-虎尾,2024-08-19,9236
8011,台通,35,11,24,凱基-虎尾,2024-08-19,9236
00679B,元大美債20年,24,0,24,凱基-虎尾,2024-08-19,9236
2374,佳能,33,10,23,凱基-虎尾,2024-08-19,9236
2354,鴻準,27,4,23,凱基-虎尾,2024-08-19,9236
6609,瀧澤科,22,0,22,凱基-虎尾,2024-08-19,9236
2349,錸德,21,0,21,凱基-虎尾,2024-08-19,9236
2891,中信金,21,0,21,凱基-虎尾,2024-08-19,9236
00937B,群益ESG投等債20,20,0,20,凱基-虎尾,2024-08-19,9236
3019,亞光,23,6,17,凱基-虎尾,2024-08-19,9236
2405,輔信,18,2,16,凱基-虎尾,2024-08-19,9236
8234,新漢,20,4,16,凱基-虎尾,2024-08-19,9236
2385,群光,15,0,15,凱基-虎尾,2024-08-19,9236
5386,青雲,15,0,15,凱基-虎尾,2024-08-19,9236
00878,國泰永續高股息,15,0,15,凱基-虎尾,2024-08-19,9236
2481,強茂,15,1,14,凱基-虎尾,2024-08-19,9236
2906,高林,14,0,14,凱基-虎尾,2024-08-19,9236
6125,廣運,26,12,14,凱基-虎尾,2024-08-19,9236
6156,松上,18,5,13,凱基-虎尾,2024-08-19,9236
3231,緯創,73,61,12,凱基-虎尾,2024-08-19,9236
5425,台半,12,0,12,凱基-虎尾,2024-08-19,9236
00712,復華富時不動產,11,0,11,凱基-虎尾,2024-08-19,9236
00641R,富邦日本反1,10,0,10,凱基-虎尾,2024-08-19,9236
00753L,中信中國50正2,15,5,10,凱基-虎尾,2024-08-19,9236
1708,東鹼,10,0,10,凱基-虎尾,2024-08-19,9236
1710,東聯,10,0,10,凱基-虎尾,2024-08-19,9236
2882,國泰金,10,0,10,凱基-虎尾,2024-08-19,9236
00795B,中信美國公債20年,9,0,9,凱基-虎尾,2024-08-19,9236
2543,皇昌,11,2,9,凱基-虎尾,2024-08-19,9236
3163,波若威,13,4,9,凱基-虎尾,2024-08-19,9236
2406,國碩,8,0,8,凱基-虎尾,2024-08-19,9236
3048,益登,29,21,8,凱基-虎尾,2024-08-19,9236
8096,擎亞,8,0,8,凱基-虎尾,2024-08-19,9236
3645,達邁,9,2,7,凱基-虎尾,2024-08-19,9236
4533,協易機,7,0,7,凱基-虎尾,2024-08-19,9236
00923,群益台ESG低碳50,8,2,6,凱基-虎尾,2024-08-19,9236
00720B,元大投資級公司債,6,0,6,凱基-虎尾,2024-08-19,9236
2344,華邦電,7,1,6,凱基-虎尾,2024-08-19,9236
3037,欣興,8,2,6,凱基-虎尾,2024-08-19,9236
3059,華晶科,206,1,205,凱基-虎尾,2024-08-20,9236
2888,新光金,12247,12120,127,凱基-虎尾,2024-08-20,9236
2382,廣達,103,4,99,凱基-虎尾,2024-08-20,9236
00706L,期元大S＆P日圓正2,66,0,66,凱基-虎尾,2024-08-20,9236
2349,錸德,72,6,66,凱基-虎尾,2024-08-20,9236
2618,長榮航,60,2,58,凱基-虎尾,2024-08-20,9236
00687B,國泰20年美債,47,1,46,凱基-虎尾,2024-08-20,9236
00715L,期街口布蘭特正2,37,0,37,凱基-虎尾,2024-08-20,9236
00680L,元大美債20正2,29,0,29,凱基-虎尾,2024-08-20,9236
1618,合機,27,1,26,凱基-虎尾,2024-08-20,9236
9105,泰金寶-DR,26,0,26,凱基-虎尾,2024-08-20,9236
2362,藍天,29,5,24,凱基-虎尾,2024-08-20,9236
00929,復華台灣科技優息,24,0,24,凱基-虎尾,2024-08-20,9236
00882,中信中國高股息,23,0,23,凱基-虎尾,2024-08-20,9236
8096,擎亞,27,4,23,凱基-虎尾,2024-08-20,9236
2881,富邦金,26,4,22,凱基-虎尾,2024-08-20,9236
1785,光洋科,38,16,22,凱基-虎尾,2024-08-20,9236
00673R,期元大S＆P原油反1,20,0,20,凱基-虎尾,2024-08-20,9236
1710,東聯,20,0,20,凱基-虎尾,2024-08-20,9236
1717,長興,20,0,20,凱基-虎尾,2024-08-20,9236
2883,凱基金,21,2,19,凱基-虎尾,2024-08-20,9236
8440,綠電,24,7,17,凱基-虎尾,2024-08-20,9236
3260,威剛,15,0,15,凱基-虎尾,2024-08-20,9236
4915,致伸,15,0,15,凱基-虎尾,2024-08-20,9236
9955,佳龍,15,1,14,凱基-虎尾,2024-08-20,9236
2356,英業達,19,7,12,凱基-虎尾,2024-08-20,9236
3048,益登,11,0,11,凱基-虎尾,2024-08-20,9236
6156,松上,40,29,11,凱基-虎尾,2024-08-20,9236
6505,台塑化,12,2,10,凱基-虎尾,2024-08-20,9236
1736,喬山,11,1,10,凱基-虎尾,2024-08-20,9236
2069,運錩,10,0,10,凱基-虎尾,2024-08-20,9236
5483,中美晶,10,0,10,凱基-虎尾,2024-08-20,9236
6123,上奇,10,0,10,凱基-虎尾,2024-08-20,9236
3231,緯創,13,4,9,凱基-虎尾,2024-08-20,9236
2739,寒舍,9,0,9,凱基-虎尾,2024-08-20,9236
00795B,中信美國公債20年,8,0,8,凱基-虎尾,2024-08-20,9236
3303,岱稜,10,2,8,凱基-虎尾,2024-08-20,9236
3623,富晶通,8,0,8,凱基-虎尾,2024-08-20,9236
6117,迎廣,14,6,8,凱基-虎尾,2024-08-20,9236
6219,富旺,8,0,8,凱基-虎尾,2024-08-20,9236
8043,蜜望實,13,5,8,凱基-虎尾,2024-08-20,9236
2409,友達,8,0,8,凱基-虎尾,2024-08-20,9236
5443,均豪,22,15,7,凱基-虎尾,2024-08-20,9236
6806,森崴能源,25,18,7,凱基-虎尾,2024-08-20,9236
2388,威盛,10,3,7,凱基-虎尾,2024-08-20,9236
1609,大亞,28,21,7,凱基-虎尾,2024-08-20,9236
1301,台塑,6,0,6,凱基-虎尾,2024-08-20,9236
1437,勤益控,6,0,6,凱基-虎尾,2024-08-20,9236
2351,順德,9,3,6,凱基-虎尾,2024-08-20,9236
4561,健椿,14,8,6,凱基-虎尾,2024-08-20,9236
2891,中信金,134,6,128,凱基-虎尾,2024-08-21,9236
3047,訊舟,353,253,100,凱基-虎尾,2024-08-21,9236
2812,台中銀,81,1,80,凱基-虎尾,2024-08-21,9236
8096,擎亞,108,43,65,凱基-虎尾,2024-08-21,9236
00919,群益台灣精選高息,88,29,59,凱基-虎尾,2024-08-21,9236
2618,長榮航,58,4,54,凱基-虎尾,2024-08-21,9236
2062,橋椿,53,1,52,凱基-虎尾,2024-08-21,9236
00688L,國泰20年美債正2,40,0,40,凱基-虎尾,2024-08-21,9236
2323,中環,34,0,34,凱基-虎尾,2024-08-21,9236
00929,復華台灣科技優息,40,6,34,凱基-虎尾,2024-08-21,9236
3272,東碩,33,0,33,凱基-虎尾,2024-08-21,9236
00923,群益台ESG低碳50,30,0,30,凱基-虎尾,2024-08-21,9236
3013,晟銘電,33,9,24,凱基-虎尾,2024-08-21,9236
2610,華航,22,0,22,凱基-虎尾,2024-08-21,9236
4967,十銓,22,0,22,凱基-虎尾,2024-08-21,9236
4526,東台,21,0,21,凱基-虎尾,2024-08-21,9236
00687B,國泰20年美債,22,1,21,凱基-虎尾,2024-08-21,9236
00725B,國泰投資級公司債,21,0,21,凱基-虎尾,2024-08-21,9236
2392,正崴,23,3,20,凱基-虎尾,2024-08-21,9236
4564,元翎,18,0,18,凱基-虎尾,2024-08-21,9236
2492,華新科,21,4,17,凱基-虎尾,2024-08-21,9236
1710,東聯,15,0,15,凱基-虎尾,2024-08-21,9236
2382,廣達,20,6,14,凱基-虎尾,2024-08-21,9236
3312,弘憶股,18,4,14,凱基-虎尾,2024-08-21,9236
1563,巧新,13,0,13,凱基-虎尾,2024-08-21,9236
6125,廣運,13,0,13,凱基-虎尾,2024-08-21,9236
6156,松上,12,0,12,凱基-虎尾,2024-08-21,9236
6757,台灣虎航,12,0,12,凱基-虎尾,2024-08-21,9236
00679B,元大美債20年,16,4,12,凱基-虎尾,2024-08-21,9236
2313,華通,12,1,11,凱基-虎尾,2024-08-21,9236
4979,華星光,12,1,11,凱基-虎尾,2024-08-21,9236
6005,群益證,11,0,11,凱基-虎尾,2024-08-21,9236
8421,旭源,11,0,11,凱基-虎尾,2024-08-21,9236
00680L,元大美債20正2,10,0,10,凱基-虎尾,2024-08-21,9236
2355,敬鵬,10,0,10,凱基-虎尾,2024-08-21,9236
2615,萬海,10,0,10,凱基-虎尾,2024-08-21,9236
3581,博磊,10,0,10,凱基-虎尾,2024-08-21,9236
8071,能率網通,10,0,10,凱基-虎尾,2024-08-21,9236
2349,錸德,36,27,9,凱基-虎尾,2024-08-21,9236
3163,波若威,11,2,9,凱基-虎尾,2024-08-21,9236
3019,亞光,15,7,8,凱基-虎尾,2024-08-21,9236
2486,一詮,8,0,8,凱基-虎尾,2024-08-21,9236
00715L,期街口布蘭特正2,8,0,8,凱基-虎尾,2024-08-21,9236
2884,玉山金,10,2,8,凱基-虎尾,2024-08-21,9236
5347,世界,18,11,7,凱基-虎尾,2024-08-21,9236
2409,友達,6,0,6,凱基-虎尾,2024-08-21,9236
3303,岱稜,6,0,6,凱基-虎尾,2024-08-21,9236
3363,上詮,8,2,6,凱基-虎尾,2024-08-21,9236
4555,氣立,8,2,6,凱基-虎尾,2024-08-21,9236
5905,南仁湖,49,43,6,凱基-虎尾,2024-08-21,9236
00715L,期街口布蘭特正2,110,0,110,凱基-虎尾,2024-08-22,9236
00632R,元大台灣50反1,105,0,105,凱基-虎尾,2024-08-22,9236
4906,正文,101,0,101,凱基-虎尾,2024-08-22,9236
2891,中信金,82,1,81,凱基-虎尾,2024-08-22,9236
6156,松上,57,2,55,凱基-虎尾,2024-08-22,9236
00673R,期元大S＆P原油反1,60,10,50,凱基-虎尾,2024-08-22,9236
2374,佳能,47,2,45,凱基-虎尾,2024-08-22,9236
00919,群益台灣精選高息,37,0,37,凱基-虎尾,2024-08-22,9236
8043,蜜望實,30,3,27,凱基-虎尾,2024-08-22,9236
00688L,國泰20年美債正2,25,0,25,凱基-虎尾,2024-08-22,9236
8358,金居,22,0,22,凱基-虎尾,2024-08-22,9236
4526,東台,22,2,20,凱基-虎尾,2024-08-22,9236
8039,台虹,21,1,20,凱基-虎尾,2024-08-22,9236
2406,國碩,18,0,18,凱基-虎尾,2024-08-22,9236
2317,鴻海,17,0,17,凱基-虎尾,2024-08-22,9236
00680L,元大美債20正2,16,0,16,凱基-虎尾,2024-08-22,9236
6116,彩晶,16,0,16,凱基-虎尾,2024-08-22,9236
6284,佳邦,16,0,16,凱基-虎尾,2024-08-22,9236
2455,全新,15,0,15,凱基-虎尾,2024-08-22,9236
3011,今皓,16,1,15,凱基-虎尾,2024-08-22,9236
5483,中美晶,15,1,14,凱基-虎尾,2024-08-22,9236
2890,永豐金,12,0,12,凱基-虎尾,2024-08-22,9236
9955,佳龍,11,0,11,凱基-虎尾,2024-08-22,9236
00923,群益台ESG低碳50,10,0,10,凱基-虎尾,2024-08-22,9236
2885,元大金,10,0,10,凱基-虎尾,2024-08-22,9236
3504,揚明光,10,0,10,凱基-虎尾,2024-08-22,9236
4968,立積,10,0,10,凱基-虎尾,2024-08-22,9236
6152,百一,10,0,10,凱基-虎尾,2024-08-22,9236
6492,生華科,10,0,10,凱基-虎尾,2024-08-22,9236
6733,博晟生醫,10,0,10,凱基-虎尾,2024-08-22,9236
1717,長興,14,4,10,凱基-虎尾,2024-08-22,9236
1437,勤益控,8,0,8,凱基-虎尾,2024-08-22,9236
2392,正崴,8,0,8,凱基-虎尾,2024-08-22,9236
9902,台火,8,0,8,凱基-虎尾,2024-08-22,9236
9911,櫻花,8,0,8,凱基-虎尾,2024-08-22,9236
1513,中興電,17,10,7,凱基-虎尾,2024-08-22,9236
1316,上曜,7,0,7,凱基-虎尾,2024-08-22,9236
2313,華通,8,1,7,凱基-虎尾,2024-08-22,9236
2353,宏��,7,0,7,凱基-虎尾,2024-08-22,9236
3625,西勝,7,0,7,凱基-虎尾,2024-08-22,9236
00687B,國泰20年美債,12,5,7,凱基-虎尾,2024-08-22,9236
1409,新纖,8,2,6,凱基-虎尾,2024-08-22,9236
2444,兆勁,6,0,6,凱基-虎尾,2024-08-22,9236
2465,麗臺,6,0,6,凱基-虎尾,2024-08-22,9236
3272,東碩,6,0,6,凱基-虎尾,2024-08-22,9236
00712,復華富時不動產,6,0,6,凱基-虎尾,2024-08-22,9236
00929,復華台灣科技優息,34,28,6,凱基-虎尾,2024-08-22,9236
00830,國泰費城半導體,6,0,6,凱基-虎尾,2024-08-22,9236
2330,台積電,6,1,5,凱基-虎尾,2024-08-22,9236
2382,廣達,5,0,5,凱基-虎尾,2024-08-22,9236
2349,錸德,372,265,107,凱基-虎尾,2024-08-23,9236
2888,新光金,1949,1862,87,凱基-虎尾,2024-08-23,9236
00687B,國泰20年美債,122,43,79,凱基-虎尾,2024-08-23,9236
4711,永純,64,0,64,凱基-虎尾,2024-08-23,9236
1563,巧新,61,0,61,凱基-虎尾,2024-08-23,9236
2208,台船,70,11,59,凱基-虎尾,2024-08-23,9236
1314,中石化,53,0,53,凱基-虎尾,2024-08-23,9236
2915,潤泰全,60,15,45,凱基-虎尾,2024-08-23,9236
1710,東聯,40,0,40,凱基-虎尾,2024-08-23,9236
3050,鈺德,50,10,40,凱基-虎尾,2024-08-23,9236
2891,中信金,51,16,35,凱基-虎尾,2024-08-23,9236
3047,訊舟,40,6,34,凱基-虎尾,2024-08-23,9236
1711,永光,73,40,33,凱基-虎尾,2024-08-23,9236
2812,台中銀,40,10,30,凱基-虎尾,2024-08-23,9236
00715L,期街口布蘭特正2,30,0,30,凱基-虎尾,2024-08-23,9236
8440,綠電,25,0,25,凱基-虎尾,2024-08-23,9236
2609,陽明,25,2,23,凱基-虎尾,2024-08-23,9236
3019,亞光,25,3,22,凱基-虎尾,2024-08-23,9236
1618,合機,51,33,18,凱基-虎尾,2024-08-23,9236
2543,皇昌,17,0,17,凱基-虎尾,2024-08-23,9236
8064,東捷,76,60,16,凱基-虎尾,2024-08-23,9236
3005,神基,15,0,15,凱基-虎尾,2024-08-23,9236
8104,錸寶,15,0,15,凱基-虎尾,2024-08-23,9236
00945B,凱基美國非投等債,14,0,14,凱基-虎尾,2024-08-23,9236
3062,建漢,17,3,14,凱基-虎尾,2024-08-23,9236
5443,均豪,34,20,14,凱基-虎尾,2024-08-23,9236
3312,弘憶股,12,0,12,凱基-虎尾,2024-08-23,9236
2002,中鋼,11,0,11,凱基-虎尾,2024-08-23,9236
8358,金居,11,0,11,凱基-虎尾,2024-08-23,9236
2834,臺企銀,10,0,10,凱基-虎尾,2024-08-23,9236
1309,台達化,10,0,10,凱基-虎尾,2024-08-23,9236
00720B,元大投資級公司債,10,0,10,凱基-虎尾,2024-08-23,9236
3211,順達,10,0,10,凱基-虎尾,2024-08-23,9236
3272,東碩,10,0,10,凱基-虎尾,2024-08-23,9236
3450,聯鈞,13,3,10,凱基-虎尾,2024-08-23,9236
0056,元大高股息,9,0,9,凱基-虎尾,2024-08-23,9236
6235,華孚,10,1,9,凱基-虎尾,2024-08-23,9236
3363,上詮,37,29,8,凱基-虎尾,2024-08-23,9236
1101,台泥,7,0,7,凱基-虎尾,2024-08-23,9236
1434,福懋,7,0,7,凱基-虎尾,2024-08-23,9236
3056,富華新,7,0,7,凱基-虎尾,2024-08-23,9236
3580,友威科,15,8,7,凱基-虎尾,2024-08-23,9236
6875,國邑*,7,0,7,凱基-虎尾,2024-08-23,9236
00919,群益台灣精選高息,6,0,6,凱基-虎尾,2024-08-23,9236
1702,南僑,6,0,6,凱基-虎尾,2024-08-23,9236
2062,橋椿,8,2,6,凱基-虎尾,2024-08-23,9236
3645,達邁,8,2,6,凱基-虎尾,2024-08-23,9236
5469,瀚宇博,6,0,6,凱基-虎尾,2024-08-23,9236
8210,勤誠,6,0,6,凱基-虎尾,2024-08-23,9236
3163,波若威,9,3,6,凱基-虎尾,2024-08-23,9236
2888,新光金,2584,2425,159,凱基-虎尾,2024-08-26,9236
8070,長華*,87,7,80,凱基-虎尾,2024-08-26,9236
2409,友達,71,2,69,凱基-虎尾,2024-08-26,9236
1711,永光,54,7,47,凱基-虎尾,2024-08-26,9236
2543,皇昌,44,2,42,凱基-虎尾,2024-08-26,9236
00687B,國泰20年美債,34,0,34,凱基-虎尾,2024-08-26,9236
2891,中信金,32,0,32,凱基-虎尾,2024-08-26,9236
2208,台船,32,1,31,凱基-虎尾,2024-08-26,9236
4967,十銓,30,1,29,凱基-虎尾,2024-08-26,9236
2331,精英,26,0,26,凱基-虎尾,2024-08-26,9236
8096,擎亞,40,18,22,凱基-虎尾,2024-08-26,9236
8064,東捷,51,29,22,凱基-虎尾,2024-08-26,9236
2353,宏��,43,23,20,凱基-虎尾,2024-08-26,9236
00937B,群益ESG投等債20,18,0,18,凱基-虎尾,2024-08-26,9236
6609,瀧澤科,20,2,18,凱基-虎尾,2024-08-26,9236
3047,訊舟,24,8,16,凱基-虎尾,2024-08-26,9236
4113,聯上,16,0,16,凱基-虎尾,2024-08-26,9236
2399,映泰,15,1,14,凱基-虎尾,2024-08-26,9236
3036,文曄,21,7,14,凱基-虎尾,2024-08-26,9236
2405,輔信,13,0,13,凱基-虎尾,2024-08-26,9236
6807,峰源-KY,11,0,11,凱基-虎尾,2024-08-26,9236
1409,新纖,12,2,10,凱基-虎尾,2024-08-26,9236
00637L,元大滬深300正2,10,0,10,凱基-虎尾,2024-08-26,9236
00720B,元大投資級公司債,10,0,10,凱基-虎尾,2024-08-26,9236
00881,國泰台灣5G+,10,0,10,凱基-虎尾,2024-08-26,9236
00877,復華中國5G,10,0,10,凱基-虎尾,2024-08-26,9236
2739,寒舍,10,0,10,凱基-虎尾,2024-08-26,9236
3272,東碩,10,0,10,凱基-虎尾,2024-08-26,9236
6207,雷科,14,4,10,凱基-虎尾,2024-08-26,9236
6219,富旺,10,0,10,凱基-虎尾,2024-08-26,9236
8046,南電,10,0,10,凱基-虎尾,2024-08-26,9236
8222,寶一,10,0,10,凱基-虎尾,2024-08-26,9236
2303,聯電,11,2,9,凱基-虎尾,2024-08-26,9236
2377,微星,15,6,9,凱基-虎尾,2024-08-26,9236
6215,和椿,10,1,9,凱基-虎尾,2024-08-26,9236
2324,仁寶,14,5,9,凱基-虎尾,2024-08-26,9236
00919,群益台灣精選高息,8,0,8,凱基-虎尾,2024-08-26,9236
4716,大立,8,0,8,凱基-虎尾,2024-08-26,9236
5309,系統電,7,0,7,凱基-虎尾,2024-08-26,9236
911868,同方友友-DR,7,0,7,凱基-虎尾,2024-08-26,9236
1101,台泥,7,1,6,凱基-虎尾,2024-08-26,9236
4979,華星光,7,1,6,凱基-虎尾,2024-08-26,9236
1309,台達化,6,0,6,凱基-虎尾,2024-08-26,9236
3711,日月光投控,6,0,6,凱基-虎尾,2024-08-26,9236
5534,長虹,6,0,6,凱基-虎尾,2024-08-26,9236
6284,佳邦,6,0,6,凱基-虎尾,2024-08-26,9236
6405,悅城,6,0,6,凱基-虎尾,2024-08-26,9236
6505,台塑化,20,14,6,凱基-虎尾,2024-08-26,9236
2344,華邦電,6,0,6,凱基-虎尾,2024-08-26,9236
00940,元大台灣價值高息,15,10,5,凱基-虎尾,2024-08-26,9236
2337,旺宏,302,1,301,凱基-虎尾,2024-08-27,9236
2891,中信金,110,0,110,凱基-虎尾,2024-08-27,9236
2543,皇昌,70,1,69,凱基-虎尾,2024-08-27,9236
1711,永光,119,60,59,凱基-虎尾,2024-08-27,9236
1721,三晃,71,12,59,凱基-虎尾,2024-08-27,9236
00673R,期元大S＆P原油反1,50,0,50,凱基-虎尾,2024-08-27,9236
2402,毅嘉,51,11,40,凱基-虎尾,2024-08-27,9236
2515,中工,39,0,39,凱基-虎尾,2024-08-27,9236
3047,訊舟,42,5,37,凱基-虎尾,2024-08-27,9236
1776,展宇,40,10,30,凱基-虎尾,2024-08-27,9236
8111,立��,32,4,28,凱基-虎尾,2024-08-27,9236
00929,復華台灣科技優息,27,0,27,凱基-虎尾,2024-08-27,9236
1597,直得,32,6,26,凱基-虎尾,2024-08-27,9236
2303,聯電,26,0,26,凱基-虎尾,2024-08-27,9236
3450,聯鈞,29,4,25,凱基-虎尾,2024-08-27,9236
00919,群益台灣精選高息,21,0,21,凱基-虎尾,2024-08-27,9236
1563,巧新,20,0,20,凱基-虎尾,2024-08-27,9236
3019,亞光,33,13,20,凱基-虎尾,2024-08-27,9236
2489,瑞軒,22,3,19,凱基-虎尾,2024-08-27,9236
00706L,期元大S＆P日圓正2,18,0,18,凱基-虎尾,2024-08-27,9236
2464,盟立,30,12,18,凱基-虎尾,2024-08-27,9236
8028,昇陽半導體,26,9,17,凱基-虎尾,2024-08-27,9236
8096,擎亞,49,32,17,凱基-虎尾,2024-08-27,9236
00687B,國泰20年美債,17,0,17,凱基-虎尾,2024-08-27,9236
2365,昆盈,30,14,16,凱基-虎尾,2024-08-27,9236
00679B,元大美債20年,15,0,15,凱基-虎尾,2024-08-27,9236
00632R,元大台灣50反1,15,0,15,凱基-虎尾,2024-08-27,9236
2359,所羅門,21,6,15,凱基-虎尾,2024-08-27,9236
2367,燿華,15,0,15,凱基-虎尾,2024-08-27,9236
6143,振曜,20,5,15,凱基-虎尾,2024-08-27,9236
2609,陽明,15,1,14,凱基-虎尾,2024-08-27,9236
2882,國泰金,13,0,13,凱基-虎尾,2024-08-27,9236
4967,十銓,35,22,13,凱基-虎尾,2024-08-27,9236
1569,濱川,14,2,12,凱基-虎尾,2024-08-27,9236
3272,東碩,12,0,12,凱基-虎尾,2024-08-27,9236
3645,達邁,13,1,12,凱基-虎尾,2024-08-27,9236
8249,菱光,13,1,12,凱基-虎尾,2024-08-27,9236
5880,合庫金,12,0,12,凱基-虎尾,2024-08-27,9236
3037,欣興,11,0,11,凱基-虎尾,2024-08-27,9236
2442,新美齊,10,0,10,凱基-虎尾,2024-08-27,9236
00930,永豐ESG低碳高息,10,0,10,凱基-虎尾,2024-08-27,9236
1809,中釉,10,0,10,凱基-虎尾,2024-08-27,9236
2509,全坤建,10,0,10,凱基-虎尾,2024-08-27,9236
3535,晶彩科,16,6,10,凱基-虎尾,2024-08-27,9236
00753L,中信中國50正2,15,6,9,凱基-虎尾,2024-08-27,9236
2615,萬海,9,0,9,凱基-虎尾,2024-08-27,9236
6244,茂迪,12,3,9,凱基-虎尾,2024-08-27,9236
6177,達麗,10,2,8,凱基-虎尾,2024-08-27,9236
2382,廣達,12,4,8,凱基-虎尾,2024-08-27,9236
2208,台船,8,0,8,凱基-虎尾,2024-08-27,9236
2317,鴻海,682,203,479,凱基-虎尾,2024-08-28,9236
4906,正文,136,2,134,凱基-虎尾,2024-08-28,9236
9907,統一實,100,0,100,凱基-虎尾,2024-08-28,9236
8927,北基,80,0,80,凱基-虎尾,2024-08-28,9236
2543,皇昌,81,14,67,凱基-虎尾,2024-08-28,9236
3149,正達,68,6,62,凱基-虎尾,2024-08-28,9236
2891,中信金,54,0,54,凱基-虎尾,2024-08-28,9236
00687B,國泰20年美債,52,0,52,凱基-虎尾,2024-08-28,9236
1563,巧新,50,0,50,凱基-虎尾,2024-08-28,9236
2337,旺宏,50,0,50,凱基-虎尾,2024-08-28,9236
6530,創威,49,3,46,凱基-虎尾,2024-08-28,9236
3260,威剛,32,0,32,凱基-虎尾,2024-08-28,9236
1325,恆大,30,0,30,凱基-虎尾,2024-08-28,9236
00673R,期元大S＆P原油反1,30,0,30,凱基-虎尾,2024-08-28,9236
6770,力積電,27,0,27,凱基-虎尾,2024-08-28,9236
2633,台灣高鐵,22,0,22,凱基-虎尾,2024-08-28,9236
3272,東碩,22,0,22,凱基-虎尾,2024-08-28,9236
1815,富喬,20,0,20,凱基-虎尾,2024-08-28,9236
2887,台新金,20,0,20,凱基-虎尾,2024-08-28,9236
5512,力麒,20,0,20,凱基-虎尾,2024-08-28,9236
6261,久元,18,0,18,凱基-虎尾,2024-08-28,9236
3231,緯創,54,37,17,凱基-虎尾,2024-08-28,9236
00696B,富邦美債20年,15,0,15,凱基-虎尾,2024-08-28,9236
3059,華晶科,15,1,14,凱基-虎尾,2024-08-28,9236
4566,時碩工業,17,3,14,凱基-虎尾,2024-08-28,9236
00753L,中信中國50正2,13,0,13,凱基-虎尾,2024-08-28,9236
2449,京元電子,12,0,12,凱基-虎尾,2024-08-28,9236
4561,健椿,19,7,12,凱基-虎尾,2024-08-28,9236
2834,臺企銀,11,0,11,凱基-虎尾,2024-08-28,9236
2349,錸德,20,10,10,凱基-虎尾,2024-08-28,9236
2538,基泰,10,0,10,凱基-虎尾,2024-08-28,9236
3689,湧德,10,0,10,凱基-虎尾,2024-08-28,9236
4960,誠美材,90,80,10,凱基-虎尾,2024-08-28,9236
8011,台通,15,5,10,凱基-虎尾,2024-08-28,9236
2388,威盛,15,6,9,凱基-虎尾,2024-08-28,9236
3673,TPK-KY,42,33,9,凱基-虎尾,2024-08-28,9236
4977,眾達-KY,9,1,8,凱基-虎尾,2024-08-28,9236
2530,華建,26,19,7,凱基-虎尾,2024-08-28,9236
2609,陽明,7,0,7,凱基-虎尾,2024-08-28,9236
2208,台船,10,4,6,凱基-虎尾,2024-08-28,9236
2739,寒舍,6,0,6,凱基-虎尾,2024-08-28,9236
2882,國泰金,6,0,6,凱基-虎尾,2024-08-28,9236
3312,弘憶股,9,3,6,凱基-虎尾,2024-08-28,9236
3363,上詮,10,4,6,凱基-虎尾,2024-08-28,9236
3380,明泰,6,0,6,凱基-虎尾,2024-08-28,9236
3706,神達,6,0,6,凱基-虎尾,2024-08-28,9236
6505,台塑化,7,1,6,凱基-虎尾,2024-08-28,9236
6546,正基,6,0,6,凱基-虎尾,2024-08-28,9236
8477,創業家,6,0,6,凱基-虎尾,2024-08-28,9236
2892,第一金,6,0,6,凱基-虎尾,2024-08-28,9236
2888,新光金,155,17,138,凱基-虎尾,2024-08-29,9236
8070,長華*,85,1,84,凱基-虎尾,2024-08-29,9236
3272,東碩,75,0,75,凱基-虎尾,2024-08-29,9236
1563,巧新,68,0,68,凱基-虎尾,2024-08-29,9236
2891,中信金,60,0,60,凱基-虎尾,2024-08-29,9236
2464,盟立,65,8,57,凱基-虎尾,2024-08-29,9236
2367,燿華,96,43,53,凱基-虎尾,2024-08-29,9236
00680L,元大美債20正2,44,1,43,凱基-虎尾,2024-08-29,9236
2618,長榮航,78,36,42,凱基-虎尾,2024-08-29,9236
00929,復華台灣科技優息,32,0,32,凱基-虎尾,2024-08-29,9236
2883,凱基金,31,0,31,凱基-虎尾,2024-08-29,9236
1325,恆大,24,0,24,凱基-虎尾,2024-08-29,9236
00679B,元大美債20年,23,0,23,凱基-虎尾,2024-08-29,9236
3062,建漢,43,20,23,凱基-虎尾,2024-08-29,9236
3047,訊舟,65,45,20,凱基-虎尾,2024-08-29,9236
3189,景碩,40,20,20,凱基-虎尾,2024-08-29,9236
00687B,國泰20年美債,26,7,19,凱基-虎尾,2024-08-29,9236
6698,旭暉應材,22,3,19,凱基-虎尾,2024-08-29,9236
00673R,期元大S＆P原油反1,18,0,18,凱基-虎尾,2024-08-29,9236
1711,永光,102,84,18,凱基-虎尾,2024-08-29,9236
2392,正崴,16,0,16,凱基-虎尾,2024-08-29,9236
3437,榮創,21,6,15,凱基-虎尾,2024-08-29,9236
6603,富強鑫,17,2,15,凱基-虎尾,2024-08-29,9236
3481,群創,17,2,15,凱基-虎尾,2024-08-29,9236
2834,臺企銀,14,0,14,凱基-虎尾,2024-08-29,9236
1540,喬福,55,41,14,凱基-虎尾,2024-08-29,9236
2892,第一金,14,0,14,凱基-虎尾,2024-08-29,9236
00715L,期街口布蘭特正2,18,5,13,凱基-虎尾,2024-08-29,9236
3580,友威科,23,11,12,凱基-虎尾,2024-08-29,9236
00937B,群益ESG投等債20,12,0,12,凱基-虎尾,2024-08-29,9236
3163,波若威,21,9,12,凱基-虎尾,2024-08-29,9236
00688L,國泰20年美債正2,11,0,11,凱基-虎尾,2024-08-29,9236
2905,三商,11,0,11,凱基-虎尾,2024-08-29,9236
2887,台新金,11,0,11,凱基-虎尾,2024-08-29,9236
00720B,元大投資級公司債,10,0,10,凱基-虎尾,2024-08-29,9236
5880,合庫金,10,0,10,凱基-虎尾,2024-08-29,9236
6147,頎邦,10,0,10,凱基-虎尾,2024-08-29,9236
6456,GIS-KY,10,0,10,凱基-虎尾,2024-08-29,9236
1597,直得,10,2,8,凱基-虎尾,2024-08-29,9236
4976,佳凌,8,0,8,凱基-虎尾,2024-08-29,9236
6451,訊芯-KY,10,2,8,凱基-虎尾,2024-08-29,9236
8064,東捷,32,24,8,凱基-虎尾,2024-08-29,9236
2417,圓剛,13,6,7,凱基-虎尾,2024-08-29,9236
3019,亞光,29,22,7,凱基-虎尾,2024-08-29,9236
4720,德淵,7,0,7,凱基-虎尾,2024-08-29,9236
4958,臻鼎-KY,9,2,7,凱基-虎尾,2024-08-29,9236
6143,振曜,12,5,7,凱基-虎尾,2024-08-29,9236
3008,大立光,15,8,7,凱基-虎尾,2024-08-29,9236
1721,三晃,19,13,6,凱基-虎尾,2024-08-29,9236
3050,鈺德,6,0,6,凱基-虎尾,2024-08-29,9236
2603,長榮,402,103,299,凱基-虎尾,2024-08-30,9236
2610,華航,120,0,120,凱基-虎尾,2024-08-30,9236
3673,TPK-KY,141,38,103,凱基-虎尾,2024-08-30,9236
6147,頎邦,70,1,69,凱基-虎尾,2024-08-30,9236
9945,潤泰新,61,15,46,凱基-虎尾,2024-08-30,9236
00687B,國泰20年美債,53,9,44,凱基-虎尾,2024-08-30,9236
4714,永捷,53,16,37,凱基-虎尾,2024-08-30,9236
6235,華孚,36,0,36,凱基-虎尾,2024-08-30,9236
2344,華邦電,45,13,32,凱基-虎尾,2024-08-30,9236
1785,光洋科,55,24,31,凱基-虎尾,2024-08-30,9236
2497,怡利電,29,2,27,凱基-虎尾,2024-08-30,9236
6213,聯茂,37,14,23,凱基-虎尾,2024-08-30,9236
3481,群創,32,9,23,凱基-虎尾,2024-08-30,9236
2455,全新,21,1,20,凱基-虎尾,2024-08-30,9236
4526,東台,37,17,20,凱基-虎尾,2024-08-30,9236
2312,金寶,22,3,19,凱基-虎尾,2024-08-30,9236
6530,創威,33,14,19,凱基-虎尾,2024-08-30,9236
00679B,元大美債20年,22,5,17,凱基-虎尾,2024-08-30,9236
1563,巧新,16,0,16,凱基-虎尾,2024-08-30,9236
2365,昆盈,18,2,16,凱基-虎尾,2024-08-30,9236
6120,達運,16,0,16,凱基-虎尾,2024-08-30,9236
1316,上曜,16,1,15,凱基-虎尾,2024-08-30,9236
2426,鼎元,16,1,15,凱基-虎尾,2024-08-30,9236
2328,廣宇,14,0,14,凱基-虎尾,2024-08-30,9236
2409,友達,14,0,14,凱基-虎尾,2024-08-30,9236
6505,台塑化,15,1,14,凱基-虎尾,2024-08-30,9236
6257,矽格,26,12,14,凱基-虎尾,2024-08-30,9236
1541,錩泰,17,5,12,凱基-虎尾,2024-08-30,9236
3548,兆利,15,3,12,凱基-虎尾,2024-08-30,9236
1786,科妍,11,0,11,凱基-虎尾,2024-08-30,9236
2801,彰銀,11,0,11,凱基-虎尾,2024-08-30,9236
4510,高鋒,43,32,11,凱基-虎尾,2024-08-30,9236
4561,健椿,14,3,11,凱基-虎尾,2024-08-30,9236
2891,中信金,11,1,10,凱基-虎尾,2024-08-30,9236
00959B,大華投等美債15Y+,10,0,10,凱基-虎尾,2024-08-30,9236
00712,復華富時不動產,10,0,10,凱基-虎尾,2024-08-30,9236
2208,台船,10,0,10,凱基-虎尾,2024-08-30,9236
2355,敬鵬,10,0,10,凱基-虎尾,2024-08-30,9236
6127,九豪,10,0,10,凱基-虎尾,2024-08-30,9236
6901,鑽石投資,10,0,10,凱基-虎尾,2024-08-30,9236
8104,錸寶,10,0,10,凱基-虎尾,2024-08-30,9236
3044,健鼎,10,1,9,凱基-虎尾,2024-08-30,9236
3265,台星科,9,0,9,凱基-虎尾,2024-08-30,9236
3714,富采,9,0,9,凱基-虎尾,2024-08-30,9236
5443,均豪,38,29,9,凱基-虎尾,2024-08-30,9236
2834,臺企銀,10,1,9,凱基-虎尾,2024-08-30,9236
00937B,群益ESG投等債20,8,0,8,凱基-虎尾,2024-08-30,9236
00918,大華優利高填息30,8,0,8,凱基-虎尾,2024-08-30,9236
2329,華泰,8,0,8,凱基-虎尾,2024-08-30,9236
3015,全漢,23,15,8,凱基-虎尾,2024-08-30,9236
8011,台通,212,6,206,凱基-虎尾,2024-09-02,9236
2349,錸德,158,27,131,凱基-虎尾,2024-09-02,9236
00919,群益台灣精選高息,78,0,78,凱基-虎尾,2024-09-02,9236
00940,元大台灣價值高息,74,5,69,凱基-虎尾,2024-09-02,9236
5498,凱崴,60,0,60,凱基-虎尾,2024-09-02,9236
00715L,期街口布蘭特正2,76,18,58,凱基-虎尾,2024-09-02,9236
3481,群創,55,3,52,凱基-虎尾,2024-09-02,9236
00945B,凱基美國非投等債,50,0,50,凱基-虎尾,2024-09-02,9236
8096,擎亞,50,0,50,凱基-虎尾,2024-09-02,9236
00687B,國泰20年美債,42,0,42,凱基-虎尾,2024-09-02,9236
3047,訊舟,65,23,42,凱基-虎尾,2024-09-02,9236
1727,中華化,62,22,40,凱基-虎尾,2024-09-02,9236
9945,潤泰新,33,5,28,凱基-虎尾,2024-09-02,9236
3645,達邁,29,2,27,凱基-虎尾,2024-09-02,9236
2887,台新金,30,5,25,凱基-虎尾,2024-09-02,9236
1301,台塑,26,1,25,凱基-虎尾,2024-09-02,9236
2609,陽明,22,1,21,凱基-虎尾,2024-09-02,9236
1563,巧新,20,0,20,凱基-虎尾,2024-09-02,9236
1710,東聯,20,0,20,凱基-虎尾,2024-09-02,9236
00679B,元大美債20年,19,1,18,凱基-虎尾,2024-09-02,9236
6770,力積電,16,0,16,凱基-虎尾,2024-09-02,9236
00915,凱基優選高股息30,16,2,14,凱基-虎尾,2024-09-02,9236
00712,復華富時不動產,14,0,14,凱基-虎尾,2024-09-02,9236
3260,威剛,18,4,14,凱基-虎尾,2024-09-02,9236
2891,中信金,26,14,12,凱基-虎尾,2024-09-02,9236
00673R,期元大S＆P原油反1,42,30,12,凱基-虎尾,2024-09-02,9236
00959B,大華投等美債15Y+,12,0,12,凱基-虎尾,2024-09-02,9236
4561,健椿,12,0,12,凱基-虎尾,2024-09-02,9236
4566,時碩工業,49,37,12,凱基-虎尾,2024-09-02,9236
4915,致伸,12,0,12,凱基-虎尾,2024-09-02,9236
1597,直得,14,3,11,凱基-虎尾,2024-09-02,9236
2352,佳世達,55,44,11,凱基-虎尾,2024-09-02,9236
2455,全新,18,7,11,凱基-虎尾,2024-09-02,9236
00795B,中信美國公債20年,10,0,10,凱基-虎尾,2024-09-02,9236
00680L,元大美債20正2,10,0,10,凱基-虎尾,2024-09-02,9236
00688L,國泰20年美債正2,10,0,10,凱基-虎尾,2024-09-02,9236
2426,鼎元,15,5,10,凱基-虎尾,2024-09-02,9236
6830,汎銓,11,1,10,凱基-虎尾,2024-09-02,9236
8103,瀚荃,10,0,10,凱基-虎尾,2024-09-02,9236
2915,潤泰全,10,1,9,凱基-虎尾,2024-09-02,9236
4909,新復興,25,16,9,凱基-虎尾,2024-09-02,9236
1434,福懋,8,0,8,凱基-虎尾,2024-09-02,9236
3450,聯鈞,16,8,8,凱基-虎尾,2024-09-02,9236
5243,乙盛-KY,8,0,8,凱基-虎尾,2024-09-02,9236
2801,彰銀,8,0,8,凱基-虎尾,2024-09-02,9236
2069,運錩,7,0,7,凱基-虎尾,2024-09-02,9236
4563,百德,7,0,7,凱基-虎尾,2024-09-02,9236
5443,均豪,20,13,7,凱基-虎尾,2024-09-02,9236
6290,良維,6,0,6,凱基-虎尾,2024-09-02,9236
1514,亞力,6,0,6,凱基-虎尾,2024-09-02,9236
00706L,期元大S＆P日圓正2,100,20,80,凱基-虎尾,2024-09-03,9236
3481,群創,69,2,67,凱基-虎尾,2024-09-03,9236
3092,鴻碩,53,0,53,凱基-虎尾,2024-09-03,9236
2402,毅嘉,52,1,51,凱基-虎尾,2024-09-03,9236
00940,元大台灣價值高息,48,1,47,凱基-虎尾,2024-09-03,9236
2365,昆盈,71,27,44,凱基-虎尾,2024-09-03,9236
00919,群益台灣精選高息,37,0,37,凱基-虎尾,2024-09-03,9236
00929,復華台灣科技優息,48,11,37,凱基-虎尾,2024-09-03,9236
4562,穎漢,37,5,32,凱基-虎尾,2024-09-03,9236
00687B,國泰20年美債,32,1,31,凱基-虎尾,2024-09-03,9236
6770,力積電,30,0,30,凱基-虎尾,2024-09-03,9236
6405,悅城,37,7,30,凱基-虎尾,2024-09-03,9236
9907,統一實,30,2,28,凱基-虎尾,2024-09-03,9236
00715L,期街口布蘭特正2,23,0,23,凱基-虎尾,2024-09-03,9236
8103,瀚荃,23,1,22,凱基-虎尾,2024-09-03,9236
1710,東聯,20,0,20,凱基-虎尾,2024-09-03,9236
5905,南仁湖,20,0,20,凱基-虎尾,2024-09-03,9236
1314,中石化,20,1,19,凱基-虎尾,2024-09-03,9236
00915,凱基優選高股息30,17,0,17,凱基-虎尾,2024-09-03,9236
2915,潤泰全,16,0,16,凱基-虎尾,2024-09-03,9236
8070,長華*,22,6,16,凱基-虎尾,2024-09-03,9236
6213,聯茂,53,38,15,凱基-虎尾,2024-09-03,9236
3437,榮創,14,0,14,凱基-虎尾,2024-09-03,9236
8374,羅昇,23,9,14,凱基-虎尾,2024-09-03,9236
9902,台火,13,0,13,凱基-虎尾,2024-09-03,9236
1711,永光,12,0,12,凱基-虎尾,2024-09-03,9236
3211,順達,12,1,11,凱基-虎尾,2024-09-03,9236
3346,麗清,11,0,11,凱基-虎尾,2024-09-03,9236
4564,元翎,11,0,11,凱基-虎尾,2024-09-03,9236
4576,大銀微系統,22,11,11,凱基-虎尾,2024-09-03,9236
2834,臺企銀,12,2,10,凱基-虎尾,2024-09-03,9236
4906,正文,16,6,10,凱基-虎尾,2024-09-03,9236
5880,合庫金,10,0,10,凱基-虎尾,2024-09-03,9236
00632R,元大台灣50反1,10,0,10,凱基-虎尾,2024-09-03,9236
6411,晶焱,10,0,10,凱基-虎尾,2024-09-03,9236
8027,鈦昇,45,36,9,凱基-虎尾,2024-09-03,9236
2408,南亞科,12,4,8,凱基-虎尾,2024-09-03,9236
2887,台新金,8,0,8,凱基-虎尾,2024-09-03,9236
1303,南亞,11,3,8,凱基-虎尾,2024-09-03,9236
2882,國泰金,11,4,7,凱基-虎尾,2024-09-03,9236
1609,大亞,7,0,7,凱基-虎尾,2024-09-03,9236
2891,中信金,7,0,7,凱基-虎尾,2024-09-03,9236
2609,陽明,8,1,7,凱基-虎尾,2024-09-03,9236
6890,來億-KY,7,0,7,凱基-虎尾,2024-09-03,9236
1301,台塑,7,1,6,凱基-虎尾,2024-09-03,9236
2801,彰銀,6,0,6,凱基-虎尾,2024-09-03,9236
1536,和大,6,0,6,凱基-虎尾,2024-09-03,9236
2313,華通,6,0,6,凱基-虎尾,2024-09-03,9236
4563,百德,40,34,6,凱基-虎尾,2024-09-03,9236
1563,巧新,7,1,6,凱基-虎尾,2024-09-03,9236
3481,群創,222,2,220,凱基-虎尾,2024-09-04,9236
00715L,期街口布蘭特正2,171,0,171,凱基-虎尾,2024-09-04,9236
2888,新光金,202,60,142,凱基-虎尾,2024-09-04,9236
00878,國泰永續高股息,94,0,94,凱基-虎尾,2024-09-04,9236
2610,華航,84,0,84,凱基-虎尾,2024-09-04,9236
00929,復華台灣科技優息,88,10,78,凱基-虎尾,2024-09-04,9236
00919,群益台灣精選高息,77,1,76,凱基-虎尾,2024-09-04,9236
6505,台塑化,72,0,72,凱基-虎尾,2024-09-04,9236
00751B,元大AAA至A公司債,71,0,71,凱基-虎尾,2024-09-04,9236
1710,東聯,70,0,70,凱基-虎尾,2024-09-04,9236
00918,大華優利高填息30,60,0,60,凱基-虎尾,2024-09-04,9236
2891,中信金,64,5,59,凱基-虎尾,2024-09-04,9236
1735,日勝化,66,16,50,凱基-虎尾,2024-09-04,9236
00934,中信成長高股息,50,1,49,凱基-虎尾,2024-09-04,9236
2890,永豐金,36,1,35,凱基-虎尾,2024-09-04,9236
00632R,元大台灣50反1,50,15,35,凱基-虎尾,2024-09-04,9236
0056,元大高股息,28,0,28,凱基-虎尾,2024-09-04,9236
3231,緯創,55,27,28,凱基-虎尾,2024-09-04,9236
2883,凱基金,28,1,27,凱基-虎尾,2024-09-04,9236
00687B,國泰20年美債,34,7,27,凱基-虎尾,2024-09-04,9236
2834,臺企銀,27,0,27,凱基-虎尾,2024-09-04,9236
1326,台化,28,2,26,凱基-虎尾,2024-09-04,9236
2897,王道銀行,25,0,25,凱基-虎尾,2024-09-04,9236
2609,陽明,28,4,24,凱基-虎尾,2024-09-04,9236
00882,中信中國高股息,24,0,24,凱基-虎尾,2024-09-04,9236
1301,台塑,30,7,23,凱基-虎尾,2024-09-04,9236
4564,元翎,30,10,20,凱基-虎尾,2024-09-04,9236
00940,元大台灣價值高息,20,1,19,凱基-虎尾,2024-09-04,9236
2382,廣達,23,6,17,凱基-虎尾,2024-09-04,9236
00915,凱基優選高股息30,16,0,16,凱基-虎尾,2024-09-04,9236
1785,光洋科,31,15,16,凱基-虎尾,2024-09-04,9236
3037,欣興,19,4,15,凱基-虎尾,2024-09-04,9236
1563,巧新,16,1,15,凱基-虎尾,2024-09-04,9236
1314,中石化,26,11,15,凱基-虎尾,2024-09-04,9236
00881,國泰台灣5G+,14,0,14,凱基-虎尾,2024-09-04,9236
3686,達能,14,0,14,凱基-虎尾,2024-09-04,9236
2801,彰銀,26,13,13,凱基-虎尾,2024-09-04,9236
2331,精英,13,0,13,凱基-虎尾,2024-09-04,9236
2881,富邦金,13,0,13,凱基-虎尾,2024-09-04,9236
2002,中鋼,16,3,13,凱基-虎尾,2024-09-04,9236
2892,第一金,12,0,12,凱基-虎尾,2024-09-04,9236
00943,兆豐電子高息等權,12,0,12,凱基-虎尾,2024-09-04,9236
2303,聯電,18,6,12,凱基-虎尾,2024-09-04,9236
00713,元大台灣高息低波,13,1,12,凱基-虎尾,2024-09-04,9236
1316,上曜,11,0,11,凱基-虎尾,2024-09-04,9236
2353,宏��,12,1,11,凱基-虎尾,2024-09-04,9236
2455,全新,14,3,11,凱基-虎尾,2024-09-04,9236
2616,山隆,11,0,11,凱基-虎尾,2024-09-04,9236
2849,安泰銀,11,0,11,凱基-虎尾,2024-09-04,9236
6215,和椿,11,0,11,凱基-虎尾,2024-09-04,9236
2888,新光金,22958,202,22756,凱基-虎尾,2024-09-05,9236
00715L,期街口布蘭特正2,71,0,71,凱基-虎尾,2024-09-05,9236
9907,統一實,70,0,70,凱基-虎尾,2024-09-05,9236
3047,訊舟,69,2,67,凱基-虎尾,2024-09-05,9236
1711,永光,52,8,44,凱基-虎尾,2024-09-05,9236
00929,復華台灣科技優息,39,0,39,凱基-虎尾,2024-09-05,9236
6606,建德工業,33,1,32,凱基-虎尾,2024-09-05,9236
00935,野村臺灣新科技50,30,0,30,凱基-虎尾,2024-09-05,9236
00919,群益台灣精選高息,30,0,30,凱基-虎尾,2024-09-05,9236
2344,華邦電,27,0,27,凱基-虎尾,2024-09-05,9236
2317,鴻海,2640,2614,26,凱基-虎尾,2024-09-05,9236
2367,燿華,39,14,25,凱基-虎尾,2024-09-05,9236
1563,巧新,24,0,24,凱基-虎尾,2024-09-05,9236
0056,元大高股息,21,0,21,凱基-虎尾,2024-09-05,9236
2014,中鴻,20,0,20,凱基-虎尾,2024-09-05,9236
00918,大華優利高填息30,31,12,19,凱基-虎尾,2024-09-05,9236
8374,羅昇,179,162,17,凱基-虎尾,2024-09-05,9236
1539,巨庭,38,23,15,凱基-虎尾,2024-09-05,9236
4561,健椿,19,4,15,凱基-虎尾,2024-09-05,9236
2542,興富發,20,6,14,凱基-虎尾,2024-09-05,9236
4510,高鋒,90,76,14,凱基-虎尾,2024-09-05,9236
00951,台新日本半導體,13,0,13,凱基-虎尾,2024-09-05,9236
2371,大同,13,0,13,凱基-虎尾,2024-09-05,9236
1527,鑽全,12,1,11,凱基-虎尾,2024-09-05,9236
3548,兆利,17,6,11,凱基-虎尾,2024-09-05,9236
9902,台火,11,0,11,凱基-虎尾,2024-09-05,9236
2027,大成鋼,11,0,11,凱基-虎尾,2024-09-05,9236
3037,欣興,13,2,11,凱基-虎尾,2024-09-05,9236
2887,台新金,10,0,10,凱基-虎尾,2024-09-05,9236
00945B,凱基美國非投等債,10,0,10,凱基-虎尾,2024-09-05,9236
00632R,元大台灣50反1,10,0,10,凱基-虎尾,2024-09-05,9236
00673R,期元大S＆P原油反1,40,30,10,凱基-虎尾,2024-09-05,9236
00664R,國泰臺灣加權反1,10,0,10,凱基-虎尾,2024-09-05,9236
2349,錸德,12,2,10,凱基-虎尾,2024-09-05,9236
3419,譁裕,10,0,10,凱基-虎尾,2024-09-05,9236
8070,長華*,30,20,10,凱基-虎尾,2024-09-05,9236
00753L,中信中國50正2,9,0,9,凱基-虎尾,2024-09-05,9236
4123,晟德,9,0,9,凱基-虎尾,2024-09-05,9236
00878,國泰永續高股息,15,6,9,凱基-虎尾,2024-09-05,9236
2834,臺企銀,11,3,8,凱基-虎尾,2024-09-05,9236
2393,億光,10,2,8,凱基-虎尾,2024-09-05,9236
2891,中信金,18,10,8,凱基-虎尾,2024-09-05,9236
6197,佳必琪,11,3,8,凱基-虎尾,2024-09-05,9236
2464,盟立,39,32,7,凱基-虎尾,2024-09-05,9236
2392,正崴,11,5,6,凱基-虎尾,2024-09-05,9236
3066,李洲,13,7,6,凱基-虎尾,2024-09-05,9236
3147,大綜,6,0,6,凱基-虎尾,2024-09-05,9236
3581,博磊,7,1,6,凱基-虎尾,2024-09-05,9236
6269,台郡,6,0,6,凱基-虎尾,2024-09-05,9236
8076,伍豐,16,10,6,凱基-虎尾,2024-09-05,9236
2610,華航,105,0,105,凱基-虎尾,2024-09-06,9236
8011,台通,50,7,43,凱基-虎尾,2024-09-06,9236
8070,長華*,64,21,43,凱基-虎尾,2024-09-06,9236
5905,南仁湖,40,1,39,凱基-虎尾,2024-09-06,9236
00679B,元大美債20年,37,0,37,凱基-虎尾,2024-09-06,9236
00715L,期街口布蘭特正2,37,5,32,凱基-虎尾,2024-09-06,9236
1540,喬福,89,57,32,凱基-虎尾,2024-09-06,9236
1563,巧新,23,0,23,凱基-虎尾,2024-09-06,9236
3092,鴻碩,30,10,20,凱基-虎尾,2024-09-06,9236
4563,百德,21,1,20,凱基-虎尾,2024-09-06,9236
6215,和椿,69,49,20,凱基-虎尾,2024-09-06,9236
3481,群創,20,1,19,凱基-虎尾,2024-09-06,9236
2881,富邦金,21,4,17,凱基-虎尾,2024-09-06,9236
00929,復華台灣科技優息,15,0,15,凱基-虎尾,2024-09-06,9236
2891,中信金,34,20,14,凱基-虎尾,2024-09-06,9236
00795B,中信美國公債20年,12,0,12,凱基-虎尾,2024-09-06,9236
00918,大華優利高填息30,11,0,11,凱基-虎尾,2024-09-06,9236
2344,華邦電,11,0,11,凱基-虎尾,2024-09-06,9236
3376,新日興,16,5,11,凱基-虎尾,2024-09-06,9236
00877,復華中國5G,10,0,10,凱基-虎尾,2024-09-06,9236
2547,日勝生,10,0,10,凱基-虎尾,2024-09-06,9236
5498,凱崴,10,0,10,凱基-虎尾,2024-09-06,9236
5608,四維航,10,0,10,凱基-虎尾,2024-09-06,9236
6168,宏齊,10,0,10,凱基-虎尾,2024-09-06,9236
8071,能率網通,10,0,10,凱基-虎尾,2024-09-06,9236
00919,群益台灣精選高息,10,1,9,凱基-虎尾,2024-09-06,9236
1314,中石化,13,4,9,凱基-虎尾,2024-09-06,9236
1815,富喬,9,0,9,凱基-虎尾,2024-09-06,9236
5443,均豪,18,9,9,凱基-虎尾,2024-09-06,9236
3163,波若威,10,2,8,凱基-虎尾,2024-09-06,9236
3548,兆利,12,4,8,凱基-虎尾,2024-09-06,9236
5880,合庫金,10,2,8,凱基-虎尾,2024-09-06,9236
00941,中信上游半導體,6,0,6,凱基-虎尾,2024-09-06,9236
00878,國泰永續高股息,6,0,6,凱基-虎尾,2024-09-06,9236
2495,普安,6,0,6,凱基-虎尾,2024-09-06,9236
2915,潤泰全,6,0,6,凱基-虎尾,2024-09-06,9236
3229,晟鈦,6,0,6,凱基-虎尾,2024-09-06,9236
6770,力積電,6,0,6,凱基-虎尾,2024-09-06,9236
3017,奇鋐,10,5,5,凱基-虎尾,2024-09-06,9236
00642U,期元大S＆P石油,5,0,5,凱基-虎尾,2024-09-06,9236
1584,精剛,5,0,5,凱基-虎尾,2024-09-06,9236
2451,創見,5,0,5,凱基-虎尾,2024-09-06,9236
3047,訊舟,10,5,5,凱基-虎尾,2024-09-06,9236
3227,原相,11,6,5,凱基-虎尾,2024-09-06,9236
3673,TPK-KY,116,111,5,凱基-虎尾,2024-09-06,9236
3710,連展投控,5,0,5,凱基-虎尾,2024-09-06,9236
6830,汎銓,5,0,5,凱基-虎尾,2024-09-06,9236
9902,台火,5,0,5,凱基-虎尾,2024-09-06,9236
00959B,大華投等美債15Y+,14,10,4,凱基-虎尾,2024-09-06,9236
2324,仁寶,4,0,4,凱基-虎尾,2024-09-06,9236
8076,伍豐,198,3,195,凱基-虎尾,2024-09-09,9236
2809,京城銀,124,1,123,凱基-虎尾,2024-09-09,9236
00919,群益台灣精選高息,106,2,104,凱基-虎尾,2024-09-09,9236
2888,新光金,432,333,99,凱基-虎尾,2024-09-09,9236
00654R,富邦印度反1,60,0,60,凱基-虎尾,2024-09-09,9236
3481,群創,57,0,57,凱基-虎尾,2024-09-09,9236
1326,台化,64,9,55,凱基-虎尾,2024-09-09,9236
9907,統一實,70,20,50,凱基-虎尾,2024-09-09,9236
00940,元大台灣價值高息,50,1,49,凱基-虎尾,2024-09-09,9236
00715L,期街口布蘭特正2,49,0,49,凱基-虎尾,2024-09-09,9236
2881,富邦金,48,0,48,凱基-虎尾,2024-09-09,9236
00878,國泰永續高股息,45,4,41,凱基-虎尾,2024-09-09,9236
4714,永捷,36,0,36,凱基-虎尾,2024-09-09,9236
2891,中信金,39,5,34,凱基-虎尾,2024-09-09,9236
8374,羅昇,36,7,29,凱基-虎尾,2024-09-09,9236
00915,凱基優選高股息30,25,1,24,凱基-虎尾,2024-09-09,9236
6127,九豪,34,10,24,凱基-虎尾,2024-09-09,9236
3062,建漢,23,0,23,凱基-虎尾,2024-09-09,9236
3211,順達,22,0,22,凱基-虎尾,2024-09-09,9236
2317,鴻海,101,79,22,凱基-虎尾,2024-09-09,9236
2497,怡利電,46,26,20,凱基-虎尾,2024-09-09,9236
1708,東鹼,20,0,20,凱基-虎尾,2024-09-09,9236
5905,南仁湖,25,5,20,凱基-虎尾,2024-09-09,9236
3013,晟銘電,18,0,18,凱基-虎尾,2024-09-09,9236
3663,鑫科,19,1,18,凱基-虎尾,2024-09-09,9236
2885,元大金,18,0,18,凱基-虎尾,2024-09-09,9236
1570,力肯,17,0,17,凱基-虎尾,2024-09-09,9236
00932,兆豐永續高息等權,16,0,16,凱基-虎尾,2024-09-09,9236
6530,創威,17,2,15,凱基-虎尾,2024-09-09,9236
1563,巧新,14,0,14,凱基-虎尾,2024-09-09,9236
00882,中信中國高股息,13,0,13,凱基-虎尾,2024-09-09,9236
1609,大亞,15,2,13,凱基-虎尾,2024-09-09,9236
1785,光洋科,13,0,13,凱基-虎尾,2024-09-09,9236
9945,潤泰新,33,20,13,凱基-虎尾,2024-09-09,9236
6505,台塑化,15,3,12,凱基-虎尾,2024-09-09,9236
00753L,中信中國50正2,27,15,12,凱基-虎尾,2024-09-09,9236
2353,宏��,16,4,12,凱基-虎尾,2024-09-09,9236
2464,盟立,34,22,12,凱基-虎尾,2024-09-09,9236
1536,和大,11,0,11,凱基-虎尾,2024-09-09,9236
4128,中天,11,0,11,凱基-虎尾,2024-09-09,9236
8039,台虹,11,0,11,凱基-虎尾,2024-09-09,9236
00935,野村臺灣新科技50,10,0,10,凱基-虎尾,2024-09-09,9236
00680L,元大美債20正2,11,1,10,凱基-虎尾,2024-09-09,9236
2897,王道銀行,15,5,10,凱基-虎尾,2024-09-09,9236
2905,三商,10,0,10,凱基-虎尾,2024-09-09,9236
3047,訊舟,18,8,10,凱基-虎尾,2024-09-09,9236
3066,李洲,10,0,10,凱基-虎尾,2024-09-09,9236
3581,博磊,10,0,10,凱基-虎尾,2024-09-09,9236
5536,聖暉*,10,0,10,凱基-虎尾,2024-09-09,9236
6005,群益證,10,0,10,凱基-虎尾,2024-09-09,9236
00687B,國泰20年美債,167,1,166,凱基-虎尾,2024-09-10,9236
00680L,元大美債20正2,120,0,120,凱基-虎尾,2024-09-10,9236
00937B,群益ESG投等債20,94,3,91,凱基-虎尾,2024-09-10,9236
4564,元翎,85,0,85,凱基-虎尾,2024-09-10,9236
00929,復華台灣科技優息,56,0,56,凱基-虎尾,2024-09-10,9236
6246,臺龍,52,0,52,凱基-虎尾,2024-09-10,9236
00673R,期元大S＆P原油反1,50,0,50,凱基-虎尾,2024-09-10,9236
2317,鴻海,7275,7230,45,凱基-虎尾,2024-09-10,9236
1785,光洋科,40,0,40,凱基-虎尾,2024-09-10,9236
2208,台船,35,0,35,凱基-虎尾,2024-09-10,9236
00878,國泰永續高股息,33,1,32,凱基-虎尾,2024-09-10,9236
00919,群益台灣精選高息,31,0,31,凱基-虎尾,2024-09-10,9236
00857B,永豐20年美公債,30,0,30,凱基-虎尾,2024-09-10,9236
1563,巧新,30,0,30,凱基-虎尾,2024-09-10,9236
2356,英業達,24,1,23,凱基-虎尾,2024-09-10,9236
1455,集盛,20,0,20,凱基-虎尾,2024-09-10,9236
2609,陽明,19,0,19,凱基-虎尾,2024-09-10,9236
3047,訊舟,45,28,17,凱基-虎尾,2024-09-10,9236
8071,能率網通,16,0,16,凱基-虎尾,2024-09-10,9236
9902,台火,16,0,16,凱基-虎尾,2024-09-10,9236
2303,聯電,21,6,15,凱基-虎尾,2024-09-10,9236
2888,新光金,60,46,14,凱基-虎尾,2024-09-10,9236
4958,臻鼎-KY,13,1,12,凱基-虎尾,2024-09-10,9236
00930,永豐ESG低碳高息,12,0,12,凱基-虎尾,2024-09-10,9236
00915,凱基優選高股息30,11,0,11,凱基-虎尾,2024-09-10,9236
1524,耿鼎,14,3,11,凱基-虎尾,2024-09-10,9236
3092,鴻碩,11,0,11,凱基-虎尾,2024-09-10,9236
4956,光鋐,12,1,11,凱基-虎尾,2024-09-10,9236
00934,中信成長高股息,10,0,10,凱基-虎尾,2024-09-10,9236
2027,大成鋼,11,1,10,凱基-虎尾,2024-09-10,9236
00945B,凱基美國非投等債,10,0,10,凱基-虎尾,2024-09-10,9236
00882,中信中國高股息,10,0,10,凱基-虎尾,2024-09-10,9236
1316,上曜,10,0,10,凱基-虎尾,2024-09-10,9236
1434,福懋,10,0,10,凱基-虎尾,2024-09-10,9236
4960,誠美材,10,0,10,凱基-虎尾,2024-09-10,9236
5465,富驊,10,0,10,凱基-虎尾,2024-09-10,9236
6005,群益證,10,0,10,凱基-虎尾,2024-09-10,9236
3481,群創,14,4,10,凱基-虎尾,2024-09-10,9236
2382,廣達,23,13,10,凱基-虎尾,2024-09-10,9236
1711,永光,13,4,9,凱基-虎尾,2024-09-10,9236
2426,鼎元,9,0,9,凱基-虎尾,2024-09-10,9236
3490,單井,9,0,9,凱基-虎尾,2024-09-10,9236
4566,時碩工業,16,7,9,凱基-虎尾,2024-09-10,9236
4979,華星光,19,10,9,凱基-虎尾,2024-09-10,9236
5392,能率,9,0,9,凱基-虎尾,2024-09-10,9236
0056,元大高股息,8,0,8,凱基-虎尾,2024-09-10,9236
8043,蜜望實,24,16,8,凱基-虎尾,2024-09-10,9236
2314,台揚,8,0,8,凱基-虎尾,2024-09-10,9236
3363,上詮,8,0,8,凱基-虎尾,2024-09-10,9236
3645,達邁,10,2,8,凱基-虎尾,2024-09-10,9236
2888,新光金,1006,911,95,凱基-虎尾,2024-09-11,9236
00715L,期街口布蘭特正2,81,0,81,凱基-虎尾,2024-09-11,9236
4716,大立,55,0,55,凱基-虎尾,2024-09-11,9236
1464,得力,50,0,50,凱基-虎尾,2024-09-11,9236
2489,瑞軒,50,0,50,凱基-虎尾,2024-09-11,9236
6114,久威,50,0,50,凱基-虎尾,2024-09-11,9236
00687B,國泰20年美債,50,8,42,凱基-虎尾,2024-09-11,9236
00654R,富邦印度反1,40,0,40,凱基-虎尾,2024-09-11,9236
2891,中信金,32,0,32,凱基-虎尾,2024-09-11,9236
00681R,元大美債20反1,30,0,30,凱基-虎尾,2024-09-11,9236
2890,永豐金,24,0,24,凱基-虎尾,2024-09-11,9236
8249,菱光,24,3,21,凱基-虎尾,2024-09-11,9236
9945,潤泰新,21,0,21,凱基-虎尾,2024-09-11,9236
2002,中鋼,21,1,20,凱基-虎尾,2024-09-11,9236
1710,東聯,20,0,20,凱基-虎尾,2024-09-11,9236
2809,京城銀,20,0,20,凱基-虎尾,2024-09-11,9236
8096,擎亞,20,0,20,凱基-虎尾,2024-09-11,9236
2488,漢平,27,8,19,凱基-虎尾,2024-09-11,9236
3260,威剛,17,0,17,凱基-虎尾,2024-09-11,9236
2834,臺企銀,26,10,16,凱基-虎尾,2024-09-11,9236
3047,訊舟,22,6,16,凱基-虎尾,2024-09-11,9236
00878,國泰永續高股息,16,0,16,凱基-虎尾,2024-09-11,9236
2497,怡利電,48,34,14,凱基-虎尾,2024-09-11,9236
2881,富邦金,13,0,13,凱基-虎尾,2024-09-11,9236
2349,錸德,13,2,11,凱基-虎尾,2024-09-11,9236
4956,光鋐,11,0,11,凱基-虎尾,2024-09-11,9236
6005,群益證,11,0,11,凱基-虎尾,2024-09-11,9236
8076,伍豐,13,2,11,凱基-虎尾,2024-09-11,9236
0056,元大高股息,10,0,10,凱基-虎尾,2024-09-11,9236
00725B,國泰投資級公司債,10,0,10,凱基-虎尾,2024-09-11,9236
1316,上曜,10,0,10,凱基-虎尾,2024-09-11,9236
1563,巧新,10,0,10,凱基-虎尾,2024-09-11,9236
1712,興農,10,0,10,凱基-虎尾,2024-09-11,9236
2356,英業達,10,0,10,凱基-虎尾,2024-09-11,9236
2399,映泰,54,44,10,凱基-虎尾,2024-09-11,9236
3548,兆利,10,0,10,凱基-虎尾,2024-09-11,9236
5443,均豪,140,131,9,凱基-虎尾,2024-09-11,9236
6890,來億-KY,9,0,9,凱基-虎尾,2024-09-11,9236
00642U,期元大S＆P石油,8,0,8,凱基-虎尾,2024-09-11,9236
00940,元大台灣價值高息,8,0,8,凱基-虎尾,2024-09-11,9236
1303,南亞,11,3,8,凱基-虎尾,2024-09-11,9236
1810,和成,8,0,8,凱基-虎尾,2024-09-11,9236
00943,兆豐電子高息等權,6,0,6,凱基-虎尾,2024-09-11,9236
2353,宏��,6,0,6,凱基-虎尾,2024-09-11,9236
2362,藍天,8,2,6,凱基-虎尾,2024-09-11,9236
4909,新復興,7,1,6,凱基-虎尾,2024-09-11,9236
6838,台新藥,10,4,6,凱基-虎尾,2024-09-11,9236
3227,原相,7,2,5,凱基-虎尾,2024-09-11,9236
8043,蜜望實,16,11,5,凱基-虎尾,2024-09-11,9236
00635U,期元大S＆P黃金,5,0,5,凱基-虎尾,2024-09-11,9236
00632R,元大台灣50反1,70,0,70,凱基-虎尾,2024-09-12,9236
00680L,元大美債20正2,60,1,59,凱基-虎尾,2024-09-12,9236
2618,長榮航,50,5,45,凱基-虎尾,2024-09-12,9236
00673R,期元大S＆P原油反1,50,10,40,凱基-虎尾,2024-09-12,9236
3013,晟銘電,42,7,35,凱基-虎尾,2024-09-12,9236
3581,博磊,30,0,30,凱基-虎尾,2024-09-12,9236
00918,大華優利高填息30,26,0,26,凱基-虎尾,2024-09-12,9236
9945,潤泰新,26,0,26,凱基-虎尾,2024-09-12,9236
00679B,元大美債20年,30,6,24,凱基-虎尾,2024-09-12,9236
00948B,中信優息投資級債,20,0,20,凱基-虎尾,2024-09-12,9236
8050,廣積,20,0,20,凱基-虎尾,2024-09-12,9236
3715,定穎投控,20,2,18,凱基-虎尾,2024-09-12,9236
2367,燿華,18,3,15,凱基-虎尾,2024-09-12,9236
8374,羅昇,17,2,15,凱基-虎尾,2024-09-12,9236
2891,中信金,21,6,15,凱基-虎尾,2024-09-12,9236
00937B,群益ESG投等債20,14,0,14,凱基-虎尾,2024-09-12,9236
00919,群益台灣精選高息,13,0,13,凱基-虎尾,2024-09-12,9236
00637L,元大滬深300正2,13,0,13,凱基-虎尾,2024-09-12,9236
1563,巧新,13,0,13,凱基-虎尾,2024-09-12,9236
3374,精材,13,0,13,凱基-虎尾,2024-09-12,9236
2388,威盛,13,1,12,凱基-虎尾,2024-09-12,9236
2609,陽明,62,51,11,凱基-虎尾,2024-09-12,9236
1711,永光,45,35,10,凱基-虎尾,2024-09-12,9236
00942B,台新美A公司債20+,10,0,10,凱基-虎尾,2024-09-12,9236
00932,兆豐永續高息等權,10,0,10,凱基-虎尾,2024-09-12,9236
00772B,中信高評級公司債,10,0,10,凱基-虎尾,2024-09-12,9236
00665L,富邦�琤肭磪囓�2,15,5,10,凱基-虎尾,2024-09-12,9236
8069,元太,10,0,10,凱基-虎尾,2024-09-12,9236
00712,復華富時不動產,10,0,10,凱基-虎尾,2024-09-12,9236
2070,精湛,10,1,9,凱基-虎尾,2024-09-12,9236
4538,大詠城,9,0,9,凱基-虎尾,2024-09-12,9236
6706,惠特,16,7,9,凱基-虎尾,2024-09-12,9236
4303,信立,8,0,8,凱基-虎尾,2024-09-12,9236
5443,均豪,55,47,8,凱基-虎尾,2024-09-12,9236
8028,昇陽半導體,11,3,8,凱基-虎尾,2024-09-12,9236
00915,凱基優選高股息30,7,0,7,凱基-虎尾,2024-09-12,9236
2449,京元電子,531,524,7,凱基-虎尾,2024-09-12,9236
3062,建漢,8,1,7,凱基-虎尾,2024-09-12,9236
4714,永捷,6,0,6,凱基-虎尾,2024-09-12,9236
00642U,期元大S＆P石油,5,0,5,凱基-虎尾,2024-09-12,9236
1560,中砂,5,0,5,凱基-虎尾,2024-09-12,9236
2540,愛山林,5,0,5,凱基-虎尾,2024-09-12,9236
3189,景碩,13,8,5,凱基-虎尾,2024-09-12,9236
3209,全科,5,0,5,凱基-虎尾,2024-09-12,9236
6104,創惟,5,0,5,凱基-虎尾,2024-09-12,9236
6823,濾能,5,0,5,凱基-虎尾,2024-09-12,9236
4566,時碩工業,12,7,5,凱基-虎尾,2024-09-12,9236
00687B,國泰20年美債,7,3,4,凱基-虎尾,2024-09-12,9236
00931B,統一美債20年,4,0,4,凱基-虎尾,2024-09-12,9236
2025,千興,4,0,4,凱基-虎尾,2024-09-12,9236
2349,錸德,83,6,77,凱基-虎尾,2024-09-13,9236
00687B,國泰20年美債,76,0,76,凱基-虎尾,2024-09-13,9236
00632R,元大台灣50反1,60,0,60,凱基-虎尾,2024-09-13,9236
6114,久威,55,0,55,凱基-虎尾,2024-09-13,9236
00715L,期街口布蘭特正2,64,10,54,凱基-虎尾,2024-09-13,9236
2888,新光金,53,0,53,凱基-虎尾,2024-09-13,9236
3615,安可,33,1,32,凱基-虎尾,2024-09-13,9236
1815,富喬,31,0,31,凱基-虎尾,2024-09-13,9236
00937B,群益ESG投等債20,27,0,27,凱基-虎尾,2024-09-13,9236
00654R,富邦印度反1,20,0,20,凱基-虎尾,2024-09-13,9236
00929,復華台灣科技優息,20,0,20,凱基-虎尾,2024-09-13,9236
00919,群益台灣精選高息,18,1,17,凱基-虎尾,2024-09-13,9236
1304,台聚,16,0,16,凱基-虎尾,2024-09-13,9236
2337,旺宏,18,2,16,凱基-虎尾,2024-09-13,9236
3019,亞光,26,10,16,凱基-虎尾,2024-09-13,9236
2890,永豐金,15,0,15,凱基-虎尾,2024-09-13,9236
2515,中工,14,0,14,凱基-虎尾,2024-09-13,9236
2371,大同,21,7,14,凱基-虎尾,2024-09-13,9236
3062,建漢,30,17,13,凱基-虎尾,2024-09-13,9236
2317,鴻海,13,1,12,凱基-虎尾,2024-09-13,9236
8096,擎亞,12,0,12,凱基-虎尾,2024-09-13,9236
1216,統一,12,0,12,凱基-虎尾,2024-09-13,9236
1563,巧新,12,0,12,凱基-虎尾,2024-09-13,9236
1540,喬福,15,3,12,凱基-虎尾,2024-09-13,9236
3284,太普高,11,0,11,凱基-虎尾,2024-09-13,9236
2618,長榮航,25,15,10,凱基-虎尾,2024-09-13,9236
3005,神基,10,0,10,凱基-虎尾,2024-09-13,9236
4571,鈞興-KY,10,0,10,凱基-虎尾,2024-09-13,9236
5905,南仁湖,12,2,10,凱基-虎尾,2024-09-13,9236
8071,能率網通,10,0,10,凱基-虎尾,2024-09-13,9236
9907,統一實,10,0,10,凱基-虎尾,2024-09-13,9236
6806,森崴能源,10,1,9,凱基-虎尾,2024-09-13,9236
3663,鑫科,10,2,8,凱基-虎尾,2024-09-13,9236
2498,宏達電,9,1,8,凱基-虎尾,2024-09-13,9236
4426,利勤,8,0,8,凱基-虎尾,2024-09-13,9236
5243,乙盛-KY,18,10,8,凱基-虎尾,2024-09-13,9236
5521,工信,8,0,8,凱基-虎尾,2024-09-13,9236
8064,東捷,13,6,7,凱基-虎尾,2024-09-13,9236
9935,慶豐富,7,0,7,凱基-虎尾,2024-09-13,9236
9938,百和,7,0,7,凱基-虎尾,2024-09-13,9236
00679B,元大美債20年,6,0,6,凱基-虎尾,2024-09-13,9236
00940,元大台灣價值高息,6,0,6,凱基-虎尾,2024-09-13,9236
2104,國際中橡,6,0,6,凱基-虎尾,2024-09-13,9236
3230,錦明,8,2,6,凱基-虎尾,2024-09-13,9236
3706,神達,9,3,6,凱基-虎尾,2024-09-13,9236
6494,九齊,6,0,6,凱基-虎尾,2024-09-13,9236
4114,健喬,6,0,6,凱基-虎尾,2024-09-13,9236
9945,潤泰新,5,0,5,凱基-虎尾,2024-09-13,9236
1517,利奇,5,0,5,凱基-虎尾,2024-09-13,9236
2801,彰銀,5,0,5,凱基-虎尾,2024-09-13,9236
00679B,元大美債20年,318,65,253,凱基-虎尾,2024-09-16,9236
3231,緯創,206,32,174,凱基-虎尾,2024-09-16,9236
2888,新光金,190,25,165,凱基-虎尾,2024-09-16,9236
1711,永光,232,134,98,凱基-虎尾,2024-09-16,9236
3049,精金,104,15,89,凱基-虎尾,2024-09-16,9236
1101,台泥,74,0,74,凱基-虎尾,2024-09-16,9236
00687B,國泰20年美債,75,8,67,凱基-虎尾,2024-09-16,9236
2409,友達,515,450,65,凱基-虎尾,2024-09-16,9236
3481,群創,120,73,47,凱基-虎尾,2024-09-16,9236
9945,潤泰新,39,0,39,凱基-虎尾,2024-09-16,9236
2349,錸德,46,10,36,凱基-虎尾,2024-09-16,9236
00740B,富邦全球投等債,30,0,30,凱基-虎尾,2024-09-16,9236
00673R,期元大S＆P原油反1,30,0,30,凱基-虎尾,2024-09-16,9236
00948B,中信優息投資級債,30,0,30,凱基-虎尾,2024-09-16,9236
9907,統一實,30,0,30,凱基-虎尾,2024-09-16,9236
6116,彩晶,39,10,29,凱基-虎尾,2024-09-16,9236
2323,中環,25,0,25,凱基-虎尾,2024-09-16,9236
3607,谷崧,24,0,24,凱基-虎尾,2024-09-16,9236
1216,統一,21,1,20,凱基-虎尾,2024-09-16,9236
00919,群益台灣精選高息,25,5,20,凱基-虎尾,2024-09-16,9236
2374,佳能,23,3,20,凱基-虎尾,2024-09-16,9236
2399,映泰,20,0,20,凱基-虎尾,2024-09-16,9236
6139,亞翔,21,1,20,凱基-虎尾,2024-09-16,9236
6530,創威,24,6,18,凱基-虎尾,2024-09-16,9236
2332,友訊,37,21,16,凱基-虎尾,2024-09-16,9236
00632R,元大台灣50反1,65,50,15,凱基-虎尾,2024-09-16,9236
2891,中信金,21,6,15,凱基-虎尾,2024-09-16,9236
4909,新復興,41,28,13,凱基-虎尾,2024-09-16,9236
2543,皇昌,11,0,11,凱基-虎尾,2024-09-16,9236
1563,巧新,10,0,10,凱基-虎尾,2024-09-16,9236
00753L,中信中國50正2,10,0,10,凱基-虎尾,2024-09-16,9236
00930,永豐ESG低碳高息,10,0,10,凱基-虎尾,2024-09-16,9236
00669R,國泰美國道瓊反1,10,0,10,凱基-虎尾,2024-09-16,9236
00637L,元大滬深300正2,10,0,10,凱基-虎尾,2024-09-16,9236
2314,台揚,10,0,10,凱基-虎尾,2024-09-16,9236
3437,榮創,10,0,10,凱基-虎尾,2024-09-16,9236
8050,廣積,10,0,10,凱基-虎尾,2024-09-16,9236
2033,佳大,10,1,9,凱基-虎尾,2024-09-16,9236
3581,博磊,11,2,9,凱基-虎尾,2024-09-16,9236
4561,健椿,13,4,9,凱基-虎尾,2024-09-16,9236
6213,聯茂,8,0,8,凱基-虎尾,2024-09-16,9236
4526,東台,7,0,7,凱基-虎尾,2024-09-16,9236
1539,巨庭,15,8,7,凱基-虎尾,2024-09-16,9236
2801,彰銀,7,0,7,凱基-虎尾,2024-09-16,9236
3339,泰谷,7,0,7,凱基-虎尾,2024-09-16,9236
6216,居易,7,0,7,凱基-虎尾,2024-09-16,9236
6823,濾能,7,0,7,凱基-虎尾,2024-09-16,9236
00680L,元大美債20正2,7,1,6,凱基-虎尾,2024-09-16,9236
00937B,群益ESG投等債20,9,3,6,凱基-虎尾,2024-09-16,9236
00931B,統一美債20年,7,1,6,凱基-虎尾,2024-09-16,9236
00929,復華台灣科技優息,121,1,120,凱基-虎尾,2024-09-18,9236
4716,大立,57,2,55,凱基-虎尾,2024-09-18,9236
2353,宏��,50,0,50,凱基-虎尾,2024-09-18,9236
2420,新巨,43,0,43,凱基-虎尾,2024-09-18,9236
2609,陽明,55,14,41,凱基-虎尾,2024-09-18,9236
1312,國喬,40,0,40,凱基-虎尾,2024-09-18,9236
2317,鴻海,3380,3349,31,凱基-虎尾,2024-09-18,9236
2887,台新金,27,0,27,凱基-虎尾,2024-09-18,9236
2243,宏旭-KY,54,28,26,凱基-虎尾,2024-09-18,9236
00679B,元大美債20年,23,0,23,凱基-虎尾,2024-09-18,9236
2312,金寶,20,0,20,凱基-虎尾,2024-09-18,9236
2399,映泰,78,58,20,凱基-虎尾,2024-09-18,9236
8936,國統,20,0,20,凱基-虎尾,2024-09-18,9236
00952,凱基台灣AI50,19,0,19,凱基-虎尾,2024-09-18,9236
00919,群益台灣精選高息,22,3,19,凱基-虎尾,2024-09-18,9236
00687B,國泰20年美債,18,0,18,凱基-虎尾,2024-09-18,9236
4979,華星光,20,3,17,凱基-虎尾,2024-09-18,9236
2303,聯電,23,7,16,凱基-虎尾,2024-09-18,9236
00713,元大台灣高息低波,15,0,15,凱基-虎尾,2024-09-18,9236
2464,盟立,17,2,15,凱基-虎尾,2024-09-18,9236
2313,華通,46,31,15,凱基-虎尾,2024-09-18,9236
2355,敬鵬,15,1,14,凱基-虎尾,2024-09-18,9236
2489,瑞軒,13,0,13,凱基-虎尾,2024-09-18,9236
1563,巧新,12,0,12,凱基-虎尾,2024-09-18,9236
2889,國票金,12,0,12,凱基-虎尾,2024-09-18,9236
00696B,富邦美債20年,11,0,11,凱基-虎尾,2024-09-18,9236
3163,波若威,12,1,11,凱基-虎尾,2024-09-18,9236
3715,定穎投控,13,3,10,凱基-虎尾,2024-09-18,9236
00637L,元大滬深300正2,10,0,10,凱基-虎尾,2024-09-18,9236
00918,大華優利高填息30,10,0,10,凱基-虎尾,2024-09-18,9236
00931B,統一美債20年,10,0,10,凱基-虎尾,2024-09-18,9236
2408,南亞科,10,0,10,凱基-虎尾,2024-09-18,9236
2486,一詮,12,2,10,凱基-虎尾,2024-09-18,9236
8150,南茂,10,0,10,凱基-虎尾,2024-09-18,9236
1609,大亞,10,0,10,凱基-虎尾,2024-09-18,9236
00922,國泰台灣領袖50,10,0,10,凱基-虎尾,2024-09-18,9236
00937B,群益ESG投等債20,11,2,9,凱基-虎尾,2024-09-18,9236
9935,慶豐富,15,6,9,凱基-虎尾,2024-09-18,9236
1514,亞力,13,5,8,凱基-虎尾,2024-09-18,9236
1727,中華化,87,79,8,凱基-虎尾,2024-09-18,9236
2374,佳能,15,7,8,凱基-虎尾,2024-09-18,9236
00753L,中信中國50正2,8,1,7,凱基-虎尾,2024-09-18,9236
6180,橘子,7,0,7,凱基-虎尾,2024-09-18,9236
8043,蜜望實,9,2,7,凱基-虎尾,2024-09-18,9236
00740B,富邦全球投等債,6,0,6,凱基-虎尾,2024-09-18,9236
2337,旺宏,6,0,6,凱基-虎尾,2024-09-18,9236
4510,高鋒,12,6,6,凱基-虎尾,2024-09-18,9236
00877,復華中國5G,5,0,5,凱基-虎尾,2024-09-18,9236
00669R,國泰美國道瓊反1,5,0,5,凱基-虎尾,2024-09-18,9236
1721,三晃,5,0,5,凱基-虎尾,2024-09-18,9236
00937B,群益ESG投等債20,249,0,249,凱基-虎尾,2024-09-19,9236
00680L,元大美債20正2,152,10,142,凱基-虎尾,2024-09-19,9236
9907,統一實,115,0,115,凱基-虎尾,2024-09-19,9236
00688L,國泰20年美債正2,90,0,90,凱基-虎尾,2024-09-19,9236
00929,復華台灣科技優息,61,3,58,凱基-虎尾,2024-09-19,9236
00882,中信中國高股息,50,0,50,凱基-虎尾,2024-09-19,9236
00673R,期元大S＆P原油反1,50,0,50,凱基-虎尾,2024-09-19,9236
4716,大立,51,1,50,凱基-虎尾,2024-09-19,9236
00948B,中信優息投資級債,46,0,46,凱基-虎尾,2024-09-19,9236
1711,永光,121,78,43,凱基-虎尾,2024-09-19,9236
00715L,期街口布蘭特正2,40,0,40,凱基-虎尾,2024-09-19,9236
4526,東台,39,2,37,凱基-虎尾,2024-09-19,9236
2464,盟立,60,25,35,凱基-虎尾,2024-09-19,9236
1802,台玻,34,0,34,凱基-虎尾,2024-09-19,9236
6443,元晶,30,1,29,凱基-虎尾,2024-09-19,9236
1785,光洋科,35,9,26,凱基-虎尾,2024-09-19,9236
8421,旭源,26,0,26,凱基-虎尾,2024-09-19,9236
2330,台積電,69,43,26,凱基-虎尾,2024-09-19,9236
00679B,元大美債20年,45,20,25,凱基-虎尾,2024-09-19,9236
3583,辛耘,34,10,24,凱基-虎尾,2024-09-19,9236
2915,潤泰全,25,1,24,凱基-虎尾,2024-09-19,9236
00915,凱基優選高股息30,23,0,23,凱基-虎尾,2024-09-19,9236
3062,建漢,30,10,20,凱基-虎尾,2024-09-19,9236
3036,文曄,18,0,18,凱基-虎尾,2024-09-19,9236
00919,群益台灣精選高息,16,0,16,凱基-虎尾,2024-09-19,9236
1815,富喬,18,2,16,凱基-虎尾,2024-09-19,9236
2324,仁寶,15,0,15,凱基-虎尾,2024-09-19,9236
5443,均豪,23,8,15,凱基-虎尾,2024-09-19,9236
006208,富邦台50,14,0,14,凱基-虎尾,2024-09-19,9236
6609,瀧澤科,17,3,14,凱基-虎尾,2024-09-19,9236
2885,元大金,14,1,13,凱基-虎尾,2024-09-19,9236
6282,康舒,13,0,13,凱基-虎尾,2024-09-19,9236
2344,華邦電,28,16,12,凱基-虎尾,2024-09-19,9236
3227,原相,16,4,12,凱基-虎尾,2024-09-19,9236
8070,長華*,27,15,12,凱基-虎尾,2024-09-19,9236
2501,國建,12,1,11,凱基-虎尾,2024-09-19,9236
2402,毅嘉,11,0,11,凱基-虎尾,2024-09-19,9236
5347,世界,15,4,11,凱基-虎尾,2024-09-19,9236
6163,華電網,28,17,11,凱基-虎尾,2024-09-19,9236
9958,世紀鋼,11,0,11,凱基-虎尾,2024-09-19,9236
2406,國碩,10,0,10,凱基-虎尾,2024-09-19,9236
2436,偉詮電,10,0,10,凱基-虎尾,2024-09-19,9236
2520,冠德,10,0,10,凱基-虎尾,2024-09-19,9236
4952,凌通,10,0,10,凱基-虎尾,2024-09-19,9236
6548,長科*,10,0,10,凱基-虎尾,2024-09-19,9236
8028,昇陽半導體,11,1,10,凱基-虎尾,2024-09-19,9236
9935,慶豐富,11,1,10,凱基-虎尾,2024-09-19,9236
2388,威盛,17,7,10,凱基-虎尾,2024-09-19,9236
3019,亞光,15,6,9,凱基-虎尾,2024-09-19,9236
1316,上曜,10,1,9,凱基-虎尾,2024-09-19,9236
00937B,群益ESG投等債20,366,1,365,凱基-虎尾,2024-09-20,9236
2062,橋椿,106,0,106,凱基-虎尾,2024-09-20,9236
8929,富堡,70,0,70,凱基-虎尾,2024-09-20,9236
3047,訊舟,52,3,49,凱基-虎尾,2024-09-20,9236
3354,律勝,48,0,48,凱基-虎尾,2024-09-20,9236
00919,群益台灣精選高息,45,6,39,凱基-虎尾,2024-09-20,9236
1539,巨庭,40,4,36,凱基-虎尾,2024-09-20,9236
2888,新光金,95,60,35,凱基-虎尾,2024-09-20,9236
4772,台特化,39,5,34,凱基-虎尾,2024-09-20,9236
1708,東鹼,30,0,30,凱基-虎尾,2024-09-20,9236
2497,怡利電,34,4,30,凱基-虎尾,2024-09-20,9236
2374,佳能,30,3,27,凱基-虎尾,2024-09-20,9236
1569,濱川,34,8,26,凱基-虎尾,2024-09-20,9236
6194,育富,36,10,26,凱基-虎尾,2024-09-20,9236
2915,潤泰全,25,0,25,凱基-虎尾,2024-09-20,9236
9911,櫻花,25,0,25,凱基-虎尾,2024-09-20,9236
2101,南港,24,1,23,凱基-虎尾,2024-09-20,9236
2409,友達,25,3,22,凱基-虎尾,2024-09-20,9236
00929,復華台灣科技優息,31,10,21,凱基-虎尾,2024-09-20,9236
9938,百和,23,3,20,凱基-虎尾,2024-09-20,9236
3037,欣興,28,9,19,凱基-虎尾,2024-09-20,9236
4714,永捷,24,5,19,凱基-虎尾,2024-09-20,9236
8064,東捷,55,36,19,凱基-虎尾,2024-09-20,9236
00948B,中信優息投資級債,20,2,18,凱基-虎尾,2024-09-20,9236
00753L,中信中國50正2,51,34,17,凱基-虎尾,2024-09-20,9236
3481,群創,1868,1853,15,凱基-虎尾,2024-09-20,9236
6168,宏齊,15,0,15,凱基-虎尾,2024-09-20,9236
5905,南仁湖,18,6,12,凱基-虎尾,2024-09-20,9236
3645,達邁,19,7,12,凱基-虎尾,2024-09-20,9236
6215,和椿,13,1,12,凱基-虎尾,2024-09-20,9236
00688L,國泰20年美債正2,11,0,11,凱基-虎尾,2024-09-20,9236
2303,聯電,12,1,11,凱基-虎尾,2024-09-20,9236
3062,建漢,25,14,11,凱基-虎尾,2024-09-20,9236
1808,潤隆,15,5,10,凱基-虎尾,2024-09-20,9236
00637L,元大滬深300正2,10,0,10,凱基-虎尾,2024-09-20,9236
00706L,期元大S＆P日圓正2,10,0,10,凱基-虎尾,2024-09-20,9236
00958B,永豐ESG銀行債15,10,0,10,凱基-虎尾,2024-09-20,9236
2208,台船,10,0,10,凱基-虎尾,2024-09-20,9236
4939,亞電,10,0,10,凱基-虎尾,2024-09-20,9236
5328,華容,10,0,10,凱基-虎尾,2024-09-20,9236
00918,大華優利高填息30,11,1,10,凱基-虎尾,2024-09-20,9236
2426,鼎元,9,0,9,凱基-虎尾,2024-09-20,9236
2515,中工,8,0,8,凱基-虎尾,2024-09-20,9236
00680L,元大美債20正2,12,5,7,凱基-虎尾,2024-09-20,9236
00679B,元大美債20年,13,7,6,凱基-虎尾,2024-09-20,9236
1806,冠軍,6,0,6,凱基-虎尾,2024-09-20,9236
2022,聚亨,6,0,6,凱基-虎尾,2024-09-20,9236
3623,富晶通,6,0,6,凱基-虎尾,2024-09-20,9236
4513,福裕,6,0,6,凱基-虎尾,2024-09-20,9236
2362,藍天,7,1,6,凱基-虎尾,2024-09-20,9236
00937B,群益ESG投等債20,177,100,77,凱基-虎尾,2024-09-23,9236
00857B,永豐20年美公債,70,0,70,凱基-虎尾,2024-09-23,9236
00946,群益科技高息成長,50,0,50,凱基-虎尾,2024-09-23,9236
1539,巨庭,48,12,36,凱基-虎尾,2024-09-23,9236
4510,高鋒,42,6,36,凱基-虎尾,2024-09-23,9236
2349,錸德,56,22,34,凱基-虎尾,2024-09-23,9236
1708,東鹼,30,0,30,凱基-虎尾,2024-09-23,9236
2363,矽統,30,0,30,凱基-虎尾,2024-09-23,9236
00919,群益台灣精選高息,57,27,30,凱基-虎尾,2024-09-23,9236
2867,三商壽,30,1,29,凱基-虎尾,2024-09-23,9236
8249,菱光,25,1,24,凱基-虎尾,2024-09-23,9236
2413,環科,23,0,23,凱基-虎尾,2024-09-23,9236
00929,復華台灣科技優息,25,2,23,凱基-虎尾,2024-09-23,9236
00680L,元大美債20正2,21,0,21,凱基-虎尾,2024-09-23,9236
00654R,富邦印度反1,20,0,20,凱基-虎尾,2024-09-23,9236
1336,台翰,23,3,20,凱基-虎尾,2024-09-23,9236
2488,漢平,20,0,20,凱基-虎尾,2024-09-23,9236
3048,益登,21,1,20,凱基-虎尾,2024-09-23,9236
00687B,國泰20年美債,18,0,18,凱基-虎尾,2024-09-23,9236
00882,中信中國高股息,30,12,18,凱基-虎尾,2024-09-23,9236
00673R,期元大S＆P原油反1,17,0,17,凱基-虎尾,2024-09-23,9236
6869,雲豹能源,52,36,16,凱基-虎尾,2024-09-23,9236
2101,南港,16,0,16,凱基-虎尾,2024-09-23,9236
006208,富邦台50,15,0,15,凱基-虎尾,2024-09-23,9236
00706L,期元大S＆P日圓正2,15,0,15,凱基-虎尾,2024-09-23,9236
4540,全球傳動,17,2,15,凱基-虎尾,2024-09-23,9236
3019,亞光,24,9,15,凱基-虎尾,2024-09-23,9236
5905,南仁湖,15,2,13,凱基-虎尾,2024-09-23,9236
6509,聚和,13,0,13,凱基-虎尾,2024-09-23,9236
3006,晶豪科,12,0,12,凱基-虎尾,2024-09-23,9236
3036,文曄,12,0,12,凱基-虎尾,2024-09-23,9236
6285,啟��,13,1,12,凱基-虎尾,2024-09-23,9236
3013,晟銘電,29,18,11,凱基-虎尾,2024-09-23,9236
00696B,富邦美債20年,10,0,10,凱基-虎尾,2024-09-23,9236
1514,亞力,10,0,10,凱基-虎尾,2024-09-23,9236
1711,永光,42,32,10,凱基-虎尾,2024-09-23,9236
2634,漢翔,15,5,10,凱基-虎尾,2024-09-23,9236
3379,彬台,10,0,10,凱基-虎尾,2024-09-23,9236
6191,精成科,10,0,10,凱基-虎尾,2024-09-23,9236
6548,長科*,10,0,10,凱基-虎尾,2024-09-23,9236
8071,能率網通,10,0,10,凱基-虎尾,2024-09-23,9236
8255,朋程,12,2,10,凱基-虎尾,2024-09-23,9236
2399,映泰,60,51,9,凱基-虎尾,2024-09-23,9236
6823,濾能,9,0,9,凱基-虎尾,2024-09-23,9236
9938,百和,10,1,9,凱基-虎尾,2024-09-23,9236
1584,精剛,9,1,8,凱基-虎尾,2024-09-23,9236
2495,普安,16,8,8,凱基-虎尾,2024-09-23,9236
3002,歐格,8,0,8,凱基-虎尾,2024-09-23,9236
9924,福興,8,0,8,凱基-虎尾,2024-09-23,9236
3712,永崴投控,8,0,8,凱基-虎尾,2024-09-23,9236
1584,精剛,150,15,135,凱基-虎尾,2024-09-24,9236
2399,映泰,121,48,73,凱基-虎尾,2024-09-24,9236
2605,新興,43,0,43,凱基-虎尾,2024-09-24,9236
9907,統一實,33,0,33,凱基-虎尾,2024-09-24,9236
2887,台新金,30,0,30,凱基-虎尾,2024-09-24,9236
00929,復華台灣科技優息,27,0,27,凱基-虎尾,2024-09-24,9236
4716,大立,45,18,27,凱基-虎尾,2024-09-24,9236
00937B,群益ESG投等債20,36,11,25,凱基-虎尾,2024-09-24,9236
00647L,元大S＆P500正2,24,0,24,凱基-虎尾,2024-09-24,9236
5469,瀚宇博,22,0,22,凱基-虎尾,2024-09-24,9236
2609,陽明,203,181,22,凱基-虎尾,2024-09-24,9236
4974,亞泰,18,0,18,凱基-虎尾,2024-09-24,9236
00687B,國泰20年美債,17,0,17,凱基-虎尾,2024-09-24,9236
1513,中興電,22,7,15,凱基-虎尾,2024-09-24,9236
3048,益登,18,3,15,凱基-虎尾,2024-09-24,9236
8070,長華*,46,31,15,凱基-虎尾,2024-09-24,9236
8111,立��,23,8,15,凱基-虎尾,2024-09-24,9236
00857B,永豐20年美公債,14,0,14,凱基-虎尾,2024-09-24,9236
2365,昆盈,16,2,14,凱基-虎尾,2024-09-24,9236
2497,怡利電,26,12,14,凱基-虎尾,2024-09-24,9236
3481,群創,15,1,14,凱基-虎尾,2024-09-24,9236
2344,華邦電,23,10,13,凱基-虎尾,2024-09-24,9236
2243,宏旭-KY,19,7,12,凱基-虎尾,2024-09-24,9236
2401,凌陽,12,0,12,凱基-虎尾,2024-09-24,9236
2504,國產,12,0,12,凱基-虎尾,2024-09-24,9236
3062,建漢,15,3,12,凱基-虎尾,2024-09-24,9236
9902,台火,12,0,12,凱基-虎尾,2024-09-24,9236
4979,華星光,14,3,11,凱基-虎尾,2024-09-24,9236
2637,慧洋-KY,11,0,11,凱基-虎尾,2024-09-24,9236
8050,廣積,12,1,11,凱基-虎尾,2024-09-24,9236
6806,森崴能源,14,3,11,凱基-虎尾,2024-09-24,9236
1301,台塑,10,0,10,凱基-虎尾,2024-09-24,9236
00943,兆豐電子高息等權,10,0,10,凱基-虎尾,2024-09-24,9236
2441,超豐,10,0,10,凱基-虎尾,2024-09-24,9236
6257,矽格,17,7,10,凱基-虎尾,2024-09-24,9236
00946,群益科技高息成長,9,0,9,凱基-虎尾,2024-09-24,9236
2408,南亞科,9,0,9,凱基-虎尾,2024-09-24,9236
4916,事欣科,10,1,9,凱基-虎尾,2024-09-24,9236
6706,惠特,14,6,8,凱基-虎尾,2024-09-24,9236
1522,堤維西,8,0,8,凱基-虎尾,2024-09-24,9236
2915,潤泰全,8,0,8,凱基-虎尾,2024-09-24,9236
6156,松上,9,1,8,凱基-虎尾,2024-09-24,9236
6546,正基,22,14,8,凱基-虎尾,2024-09-24,9236
2455,全新,28,21,7,凱基-虎尾,2024-09-24,9236
5443,均豪,10,3,7,凱基-虎尾,2024-09-24,9236
00688L,國泰20年美債正2,7,0,7,凱基-虎尾,2024-09-24,9236
3605,宏致,17,10,7,凱基-虎尾,2024-09-24,9236
00753L,中信中國50正2,6,0,6,凱基-虎尾,2024-09-24,9236
2606,裕民,6,0,6,凱基-虎尾,2024-09-24,9236
3002,歐格,6,0,6,凱基-虎尾,2024-09-24,9236
00680L,元大美債20正2,85,0,85,凱基-虎尾,2024-09-25,9236
4530,宏易,85,0,85,凱基-虎尾,2024-09-25,9236
2317,鴻海,125,43,82,凱基-虎尾,2024-09-25,9236
2353,宏��,76,0,76,凱基-虎尾,2024-09-25,9236
00937B,群益ESG投等債20,87,19,68,凱基-虎尾,2024-09-25,9236
00632R,元大台灣50反1,57,10,47,凱基-虎尾,2024-09-25,9236
6207,雷科,50,10,40,凱基-虎尾,2024-09-25,9236
6188,廣明,49,9,40,凱基-虎尾,2024-09-25,9236
1540,喬福,48,11,37,凱基-虎尾,2024-09-25,9236
00679B,元大美債20年,38,2,36,凱基-虎尾,2024-09-25,9236
1584,精剛,41,5,36,凱基-虎尾,2024-09-25,9236
2481,強茂,34,5,29,凱基-虎尾,2024-09-25,9236
9911,櫻花,28,0,28,凱基-虎尾,2024-09-25,9236
3481,群創,28,1,27,凱基-虎尾,2024-09-25,9236
3047,訊舟,59,35,24,凱基-虎尾,2024-09-25,9236
00948B,中信優息投資級債,20,0,20,凱基-虎尾,2024-09-25,9236
6244,茂迪,20,0,20,凱基-虎尾,2024-09-25,9236
9907,統一實,20,0,20,凱基-虎尾,2024-09-25,9236
6698,旭暉應材,18,0,18,凱基-虎尾,2024-09-25,9236
00882,中信中國高股息,17,2,15,凱基-虎尾,2024-09-25,9236
1727,中華化,119,104,15,凱基-虎尾,2024-09-25,9236
3581,博磊,15,0,15,凱基-虎尾,2024-09-25,9236
4903,聯光通,30,15,15,凱基-虎尾,2024-09-25,9236
3227,原相,27,13,14,凱基-虎尾,2024-09-25,9236
2495,普安,21,8,13,凱基-虎尾,2024-09-25,9236
3013,晟銘電,17,4,13,凱基-虎尾,2024-09-25,9236
00687B,國泰20年美債,12,0,12,凱基-虎尾,2024-09-25,9236
2367,燿華,15,3,12,凱基-虎尾,2024-09-25,9236
9927,泰銘,12,0,12,凱基-虎尾,2024-09-25,9236
5243,乙盛-KY,11,0,11,凱基-虎尾,2024-09-25,9236
2420,新巨,10,0,10,凱基-虎尾,2024-09-25,9236
00655L,國泰中國A50正2,10,0,10,凱基-虎尾,2024-09-25,9236
4968,立積,10,0,10,凱基-虎尾,2024-09-25,9236
9955,佳龍,10,0,10,凱基-虎尾,2024-09-25,9236
2365,昆盈,27,18,9,凱基-虎尾,2024-09-25,9236
2388,威盛,9,0,9,凱基-虎尾,2024-09-25,9236
2436,偉詮電,23,14,9,凱基-虎尾,2024-09-25,9236
1301,台塑,11,3,8,凱基-虎尾,2024-09-25,9236
1303,南亞,8,0,8,凱基-虎尾,2024-09-25,9236
1609,大亞,8,0,8,凱基-虎尾,2024-09-25,9236
6285,啟��,10,2,8,凱基-虎尾,2024-09-25,9236
8027,鈦昇,9,1,8,凱基-虎尾,2024-09-25,9236
8349,�矬�,8,0,8,凱基-虎尾,2024-09-25,9236
8933,愛地雅,8,0,8,凱基-虎尾,2024-09-25,9236
9105,泰金寶-DR,7,0,7,凱基-虎尾,2024-09-25,9236
8028,昇陽半導體,13,6,7,凱基-虎尾,2024-09-25,9236
00650L,復華香港正2,6,0,6,凱基-虎尾,2024-09-25,9236
1326,台化,7,1,6,凱基-虎尾,2024-09-25,9236
1517,利奇,6,0,6,凱基-虎尾,2024-09-25,9236
1524,耿鼎,7,1,6,凱基-虎尾,2024-09-25,9236
00937B,群益ESG投等債20,130,0,130,凱基-虎尾,2024-09-26,9236
2495,普安,130,4,126,凱基-虎尾,2024-09-26,9236
8111,立��,78,9,69,凱基-虎尾,2024-09-26,9236
00720B,元大投資級公司債,50,0,50,凱基-虎尾,2024-09-26,9236
00712,復華富時不動產,48,0,48,凱基-虎尾,2024-09-26,9236
8110,華東,39,0,39,凱基-虎尾,2024-09-26,9236
3583,辛耘,30,3,27,凱基-虎尾,2024-09-26,9236
6548,長科*,41,16,25,凱基-虎尾,2024-09-26,9236
00948B,中信優息投資級債,23,0,23,凱基-虎尾,2024-09-26,9236
1540,喬福,33,10,23,凱基-虎尾,2024-09-26,9236
3094,聯傑,25,3,22,凱基-虎尾,2024-09-26,9236
00940,元大台灣價值高息,30,9,21,凱基-虎尾,2024-09-26,9236
00688L,國泰20年美債正2,21,0,21,凱基-虎尾,2024-09-26,9236
2548,華固,21,0,21,凱基-虎尾,2024-09-26,9236
00830,國泰費城半導體,21,1,20,凱基-虎尾,2024-09-26,9236
3037,欣興,26,6,20,凱基-虎尾,2024-09-26,9236
4530,宏易,20,0,20,凱基-虎尾,2024-09-26,9236
3149,正達,61,42,19,凱基-虎尾,2024-09-26,9236
6823,濾能,19,0,19,凱基-虎尾,2024-09-26,9236
00918,大華優利高填息30,18,0,18,凱基-虎尾,2024-09-26,9236
3483,力致,20,2,18,凱基-虎尾,2024-09-26,9236
1503,士電,19,1,18,凱基-虎尾,2024-09-26,9236
2613,中櫃,24,7,17,凱基-虎尾,2024-09-26,9236
2312,金寶,34,18,16,凱基-虎尾,2024-09-26,9236
2498,宏達電,16,1,15,凱基-虎尾,2024-09-26,9236
3481,群創,212,198,14,凱基-虎尾,2024-09-26,9236
8096,擎亞,14,0,14,凱基-虎尾,2024-09-26,9236
1808,潤隆,13,0,13,凱基-虎尾,2024-09-26,9236
3605,宏致,22,9,13,凱基-虎尾,2024-09-26,9236
4510,高鋒,20,7,13,凱基-虎尾,2024-09-26,9236
1609,大亞,12,0,12,凱基-虎尾,2024-09-26,9236
3005,神基,13,1,12,凱基-虎尾,2024-09-26,9236
2609,陽明,187,175,12,凱基-虎尾,2024-09-26,9236
2323,中環,11,0,11,凱基-虎尾,2024-09-26,9236
2353,宏��,11,0,11,凱基-虎尾,2024-09-26,9236
4979,華星光,18,7,11,凱基-虎尾,2024-09-26,9236
00943,兆豐電子高息等權,10,0,10,凱基-虎尾,2024-09-26,9236
00632R,元大台灣50反1,10,0,10,凱基-虎尾,2024-09-26,9236
00670L,富邦NASDAQ正2,10,0,10,凱基-虎尾,2024-09-26,9236
3581,博磊,10,0,10,凱基-虎尾,2024-09-26,9236
4903,聯光通,11,1,10,凱基-虎尾,2024-09-26,9236
6116,彩晶,10,0,10,凱基-虎尾,2024-09-26,9236
6163,華電網,10,0,10,凱基-虎尾,2024-09-26,9236
6269,台郡,10,0,10,凱基-虎尾,2024-09-26,9236
3663,鑫科,17,7,10,凱基-虎尾,2024-09-26,9236
00679B,元大美債20年,13,4,9,凱基-虎尾,2024-09-26,9236
3006,晶豪科,11,2,9,凱基-虎尾,2024-09-26,9236
1717,長興,13,4,9,凱基-虎尾,2024-09-26,9236
3019,亞光,19,11,8,凱基-虎尾,2024-09-26,9236
2020,美亞,8,0,8,凱基-虎尾,2024-09-26,9236
2603,長榮,454,102,352,凱基-虎尾,2024-09-27,9236
00720B,元大投資級公司債,113,9,104,凱基-虎尾,2024-09-27,9236
00960,野村全球航運龍頭,98,0,98,凱基-虎尾,2024-09-27,9236
00715L,期街口布蘭特正2,91,10,81,凱基-虎尾,2024-09-27,9236
2323,中環,65,1,64,凱基-虎尾,2024-09-27,9236
4561,健椿,63,1,62,凱基-虎尾,2024-09-27,9236
00687B,國泰20年美債,62,3,59,凱基-虎尾,2024-09-27,9236
2609,陽明,151,94,57,凱基-虎尾,2024-09-27,9236
00673R,期元大S＆P原油反1,55,4,51,凱基-虎尾,2024-09-27,9236
2363,矽統,95,47,48,凱基-虎尾,2024-09-27,9236
00712,復華富時不動產,41,0,41,凱基-虎尾,2024-09-27,9236
00945B,凱基美國非投等債,40,0,40,凱基-虎尾,2024-09-27,9236
2888,新光金,34,0,34,凱基-虎尾,2024-09-27,9236
00751B,元大AAA至A公司債,32,0,32,凱基-虎尾,2024-09-27,9236
00929,復華台灣科技優息,31,1,30,凱基-虎尾,2024-09-27,9236
2615,萬海,31,3,28,凱基-虎尾,2024-09-27,9236
00632R,元大台灣50反1,25,0,25,凱基-虎尾,2024-09-27,9236
6823,濾能,23,0,23,凱基-虎尾,2024-09-27,9236
8150,南茂,32,10,22,凱基-虎尾,2024-09-27,9236
00937B,群益ESG投等債20,30,10,20,凱基-虎尾,2024-09-27,9236
6191,精成科,20,0,20,凱基-虎尾,2024-09-27,9236
6207,雷科,20,0,20,凱基-虎尾,2024-09-27,9236
3622,洋華,20,1,19,凱基-虎尾,2024-09-27,9236
4716,大立,28,10,18,凱基-虎尾,2024-09-27,9236
1301,台塑,27,10,17,凱基-虎尾,2024-09-27,9236
1608,華榮,19,2,17,凱基-虎尾,2024-09-27,9236
2069,運錩,18,1,17,凱基-虎尾,2024-09-27,9236
2406,國碩,22,5,17,凱基-虎尾,2024-09-27,9236
6257,矽格,23,6,17,凱基-虎尾,2024-09-27,9236
2436,偉詮電,21,5,16,凱基-虎尾,2024-09-27,9236
3062,建漢,16,0,16,凱基-虎尾,2024-09-27,9236
6285,啟��,20,4,16,凱基-虎尾,2024-09-27,9236
00725B,國泰投資級公司債,15,0,15,凱基-虎尾,2024-09-27,9236
8111,立��,72,57,15,凱基-虎尾,2024-09-27,9236
2344,華邦電,12,0,12,凱基-虎尾,2024-09-27,9236
2611,志信,12,0,12,凱基-虎尾,2024-09-27,9236
1307,三芳,11,0,11,凱基-虎尾,2024-09-27,9236
2014,中鴻,12,1,11,凱基-虎尾,2024-09-27,9236
8028,昇陽半導體,27,16,11,凱基-虎尾,2024-09-27,9236
00696B,富邦美債20年,10,0,10,凱基-虎尾,2024-09-27,9236
1314,中石化,10,0,10,凱基-虎尾,2024-09-27,9236
2032,新鋼,10,0,10,凱基-虎尾,2024-09-27,9236
5014,建錩,10,0,10,凱基-虎尾,2024-09-27,9236
3293,鈊象,10,0,10,凱基-虎尾,2024-09-27,9236
00878,國泰永續高股息,17,7,10,凱基-虎尾,2024-09-27,9236
2415,錩新,8,0,8,凱基-虎尾,2024-09-27,9236
3047,訊舟,9,1,8,凱基-虎尾,2024-09-27,9236
3605,宏致,13,5,8,凱基-虎尾,2024-09-27,9236
2637,慧洋-KY,7,0,7,凱基-虎尾,2024-09-27,9236
3019,亞光,8,1,7,凱基-虎尾,2024-09-27,9236
00632R,元大台灣50反1,215,1,214,凱基-虎尾,2024-09-30,9236
2031,新光鋼,88,4,84,凱基-虎尾,2024-09-30,9236
6505,台塑化,63,7,56,凱基-虎尾,2024-09-30,9236
00929,復華台灣科技優息,50,0,50,凱基-虎尾,2024-09-30,9236
00720B,元大投資級公司債,41,0,41,凱基-虎尾,2024-09-30,9236
2353,宏��,41,0,41,凱基-虎尾,2024-09-30,9236
8104,錸寶,40,0,40,凱基-虎尾,2024-09-30,9236
00753L,中信中國50正2,39,0,39,凱基-虎尾,2024-09-30,9236
00687B,國泰20年美債,38,0,38,凱基-虎尾,2024-09-30,9236
00960,野村全球航運龍頭,38,1,37,凱基-虎尾,2024-09-30,9236
00654R,富邦印度反1,35,0,35,凱基-虎尾,2024-09-30,9236
2303,聯電,24,0,24,凱基-虎尾,2024-09-30,9236
2344,華邦電,21,0,21,凱基-虎尾,2024-09-30,9236
1711,永光,28,8,20,凱基-虎尾,2024-09-30,9236
2038,海光,25,5,20,凱基-虎尾,2024-09-30,9236
2607,榮運,20,0,20,凱基-虎尾,2024-09-30,9236
3272,東碩,20,0,20,凱基-虎尾,2024-09-30,9236
1504,東元,20,2,18,凱基-虎尾,2024-09-30,9236
4510,高鋒,17,1,16,凱基-虎尾,2024-09-30,9236
00945B,凱基美國非投等債,15,0,15,凱基-虎尾,2024-09-30,9236
6806,森崴能源,16,1,15,凱基-虎尾,2024-09-30,9236
3041,揚智,14,0,14,凱基-虎尾,2024-09-30,9236
3715,定穎投控,14,0,14,凱基-虎尾,2024-09-30,9236
4123,晟德,15,1,14,凱基-虎尾,2024-09-30,9236
5014,建錩,20,6,14,凱基-虎尾,2024-09-30,9236
2489,瑞軒,14,0,14,凱基-虎尾,2024-09-30,9236
00878,國泰永續高股息,28,15,13,凱基-虎尾,2024-09-30,9236
2415,錩新,12,0,12,凱基-虎尾,2024-09-30,9236
00943,兆豐電子高息等權,10,0,10,凱基-虎尾,2024-09-30,9236
00948B,中信優息投資級債,10,0,10,凱基-虎尾,2024-09-30,9236
1309,台達化,18,8,10,凱基-虎尾,2024-09-30,9236
1522,堤維西,10,0,10,凱基-虎尾,2024-09-30,9236
3005,神基,10,0,10,凱基-虎尾,2024-09-30,9236
3230,錦明,10,0,10,凱基-虎尾,2024-09-30,9236
4534,慶騰,10,0,10,凱基-虎尾,2024-09-30,9236
4571,鈞興-KY,10,0,10,凱基-虎尾,2024-09-30,9236
00919,群益台灣精選高息,32,22,10,凱基-虎尾,2024-09-30,9236
3227,原相,25,15,10,凱基-虎尾,2024-09-30,9236
2330,台積電,512,502,10,凱基-虎尾,2024-09-30,9236
1809,中釉,10,2,8,凱基-虎尾,2024-09-30,9236
3017,奇鋐,8,0,8,凱基-虎尾,2024-09-30,9236
4979,華星光,14,6,8,凱基-虎尾,2024-09-30,9236
6739,竹陞科技,8,0,8,凱基-虎尾,2024-09-30,9236
00927,群益半導體收益,7,0,7,凱基-虎尾,2024-09-30,9236
1326,台化,9,2,7,凱基-虎尾,2024-09-30,9236
2022,聚亨,207,200,7,凱基-虎尾,2024-09-30,9236
4526,東台,11,4,7,凱基-虎尾,2024-09-30,9236
00637L,元大滬深300正2,69,63,6,凱基-虎尾,2024-09-30,9236
00951,台新日本半導體,6,0,6,凱基-虎尾,2024-09-30,9236
2313,華通,8,3,5,凱基-虎尾,2024-09-30,9236
2888,新光金,103,1,102,凱基-虎尾,2024-10-01,9236
00761B,國泰A級公司債,100,0,100,凱基-虎尾,2024-10-01,9236
00679B,元大美債20年,73,11,62,凱基-虎尾,2024-10-01,9236
2399,映泰,90,32,58,凱基-虎尾,2024-10-01,9236
00687B,國泰20年美債,53,0,53,凱基-虎尾,2024-10-01,9236
00720B,元大投資級公司債,50,0,50,凱基-虎尾,2024-10-01,9236
00751B,元大AAA至A公司債,50,3,47,凱基-虎尾,2024-10-01,9236
00715L,期街口布蘭特正2,45,0,45,凱基-虎尾,2024-10-01,9236
2489,瑞軒,37,0,37,凱基-虎尾,2024-10-01,9236
00929,復華台灣科技優息,31,0,31,凱基-虎尾,2024-10-01,9236
00680L,元大美債20正2,30,0,30,凱基-虎尾,2024-10-01,9236
8150,南茂,30,0,30,凱基-虎尾,2024-10-01,9236
00632R,元大台灣50反1,60,35,25,凱基-虎尾,2024-10-01,9236
00882,中信中國高股息,30,5,25,凱基-虎尾,2024-10-01,9236
00940,元大台灣價值高息,25,2,23,凱基-虎尾,2024-10-01,9236
00753L,中信中國50正2,40,17,23,凱基-虎尾,2024-10-01,9236
1309,台達化,20,0,20,凱基-虎尾,2024-10-01,9236
2385,群光,20,0,20,凱基-虎尾,2024-10-01,9236
3027,盛達,21,1,20,凱基-虎尾,2024-10-01,9236
1539,巨庭,23,4,19,凱基-虎尾,2024-10-01,9236
2615,萬海,35,17,18,凱基-虎尾,2024-10-01,9236
1504,東元,20,5,15,凱基-虎尾,2024-10-01,9236
3036,文曄,15,0,15,凱基-虎尾,2024-10-01,9236
0056,元大高股息,13,0,13,凱基-虎尾,2024-10-01,9236
8104,錸寶,12,0,12,凱基-虎尾,2024-10-01,9236
4968,立積,12,1,11,凱基-虎尾,2024-10-01,9236
2455,全新,22,11,11,凱基-虎尾,2024-10-01,9236
3511,矽瑪,16,5,11,凱基-虎尾,2024-10-01,9236
1301,台塑,11,1,10,凱基-虎尾,2024-10-01,9236
1785,光洋科,10,0,10,凱基-虎尾,2024-10-01,9236
3005,神基,13,3,10,凱基-虎尾,2024-10-01,9236
3066,李洲,10,0,10,凱基-虎尾,2024-10-01,9236
6156,松上,17,7,10,凱基-虎尾,2024-10-01,9236
6890,來億-KY,10,0,10,凱基-虎尾,2024-10-01,9236
00937B,群益ESG投等債20,10,0,10,凱基-虎尾,2024-10-01,9236
00919,群益台灣精選高息,9,0,9,凱基-虎尾,2024-10-01,9236
6770,力積電,11,2,9,凱基-虎尾,2024-10-01,9236
3049,精金,12,3,9,凱基-虎尾,2024-10-01,9236
00878,國泰永續高股息,8,0,8,凱基-虎尾,2024-10-01,9236
2070,精湛,16,8,8,凱基-虎尾,2024-10-01,9236
2801,彰銀,7,0,7,凱基-虎尾,2024-10-01,9236
3017,奇鋐,15,8,7,凱基-虎尾,2024-10-01,9236
00688L,國泰20年美債正2,8,1,7,凱基-虎尾,2024-10-01,9236
00881,國泰台灣5G+,7,0,7,凱基-虎尾,2024-10-01,9236
2337,旺宏,7,0,7,凱基-虎尾,2024-10-01,9236
6405,悅城,7,0,7,凱基-虎尾,2024-10-01,9236
6530,創威,16,9,7,凱基-虎尾,2024-10-01,9236
9911,櫻花,7,0,7,凱基-虎尾,2024-10-01,9236
5351,鈺創,11,5,6,凱基-虎尾,2024-10-01,9236
6186,新潤,6,0,6,凱基-虎尾,2024-10-01,9236
00940,元大台灣價值高息,223,8,215,凱基-虎尾,2024-10-04,9236
00751B,元大AAA至A公司債,100,0,100,凱基-虎尾,2024-10-04,9236
00664R,國泰臺灣加權反1,100,0,100,凱基-虎尾,2024-10-04,9236
2888,新光金,305,211,94,凱基-虎尾,2024-10-04,9236
2349,錸德,154,62,92,凱基-虎尾,2024-10-04,9236
9907,統一實,84,0,84,凱基-虎尾,2024-10-04,9236
2605,新興,66,7,59,凱基-虎尾,2024-10-04,9236
00673R,期元大S＆P原油反1,59,0,59,凱基-虎尾,2024-10-04,9236
00919,群益台灣精選高息,62,4,58,凱基-虎尾,2024-10-04,9236
2425,承啟,69,14,55,凱基-虎尾,2024-10-04,9236
00720B,元大投資級公司債,51,0,51,凱基-虎尾,2024-10-04,9236
2609,陽明,71,21,50,凱基-虎尾,2024-10-04,9236
00680L,元大美債20正2,84,38,46,凱基-虎尾,2024-10-04,9236
2382,廣達,43,0,43,凱基-虎尾,2024-10-04,9236
2610,華航,41,0,41,凱基-虎尾,2024-10-04,9236
2883,凱基金,40,0,40,凱基-虎尾,2024-10-04,9236
00885,富邦越南,30,0,30,凱基-虎尾,2024-10-04,9236
2426,鼎元,31,1,30,凱基-虎尾,2024-10-04,9236
8050,廣積,26,0,26,凱基-虎尾,2024-10-04,9236
1563,巧新,26,0,26,凱基-虎尾,2024-10-04,9236
00642U,期元大S＆P石油,33,9,24,凱基-虎尾,2024-10-04,9236
3048,益登,24,0,24,凱基-虎尾,2024-10-04,9236
0056,元大高股息,22,0,22,凱基-虎尾,2024-10-04,9236
2303,聯電,23,1,22,凱基-虎尾,2024-10-04,9236
2606,裕民,20,0,20,凱基-虎尾,2024-10-04,9236
1216,統一,19,0,19,凱基-虎尾,2024-10-04,9236
3062,建漢,29,10,19,凱基-虎尾,2024-10-04,9236
00929,復華台灣科技優息,42,23,19,凱基-虎尾,2024-10-04,9236
00960,野村全球航運龍頭,19,1,18,凱基-虎尾,2024-10-04,9236
00706L,期元大S＆P日圓正2,17,0,17,凱基-虎尾,2024-10-04,9236
4532,瑞智,22,5,17,凱基-虎尾,2024-10-04,9236
5230,雷笛克光學,23,6,17,凱基-虎尾,2024-10-04,9236
00915,凱基優選高股息30,16,0,16,凱基-虎尾,2024-10-04,9236
00948B,中信優息投資級債,15,0,15,凱基-虎尾,2024-10-04,9236
2615,萬海,14,0,14,凱基-虎尾,2024-10-04,9236
1802,台玻,17,4,13,凱基-虎尾,2024-10-04,9236
5871,中租-KY,13,1,12,凱基-虎尾,2024-10-04,9236
8104,錸寶,15,3,12,凱基-虎尾,2024-10-04,9236
2603,長榮,46,34,12,凱基-虎尾,2024-10-04,9236
2618,長榮航,12,1,11,凱基-虎尾,2024-10-04,9236
6156,松上,13,2,11,凱基-虎尾,2024-10-04,9236
00665L,富邦�琤肭磪囓�2,15,5,10,凱基-虎尾,2024-10-04,9236
00656R,國泰中國A50反1,10,0,10,凱基-虎尾,2024-10-04,9236
00688L,國泰20年美債正2,10,0,10,凱基-虎尾,2024-10-04,9236
00952,凱基台灣AI50,10,0,10,凱基-虎尾,2024-10-04,9236
2312,金寶,10,0,10,凱基-虎尾,2024-10-04,9236
3081,聯亞,12,2,10,凱基-虎尾,2024-10-04,9236
3094,聯傑,10,0,10,凱基-虎尾,2024-10-04,9236
8201,無敵,10,0,10,凱基-虎尾,2024-10-04,9236
8429,金麗-KY,20,10,10,凱基-虎尾,2024-10-04,9236
2888,新光金,3150,2558,592,凱基-虎尾,2024-10-07,9236
00720B,元大投資級公司債,110,0,110,凱基-虎尾,2024-10-07,9236
2887,台新金,81,0,81,凱基-虎尾,2024-10-07,9236
00751B,元大AAA至A公司債,55,0,55,凱基-虎尾,2024-10-07,9236
00669R,國泰美國道瓊反1,50,0,50,凱基-虎尾,2024-10-07,9236
1216,統一,69,19,50,凱基-虎尾,2024-10-07,9236
3202,樺晟,50,2,48,凱基-虎尾,2024-10-07,9236
00680L,元大美債20正2,60,13,47,凱基-虎尾,2024-10-07,9236
00637L,元大滬深300正2,89,42,47,凱基-虎尾,2024-10-07,9236
6405,悅城,66,20,46,凱基-虎尾,2024-10-07,9236
0056,元大高股息,37,1,36,凱基-虎尾,2024-10-07,9236
8096,擎亞,57,22,35,凱基-虎尾,2024-10-07,9236
00712,復華富時不動產,33,0,33,凱基-虎尾,2024-10-07,9236
6207,雷科,34,1,33,凱基-虎尾,2024-10-07,9236
00882,中信中國高股息,93,61,32,凱基-虎尾,2024-10-07,9236
6156,松上,34,3,31,凱基-虎尾,2024-10-07,9236
00664R,國泰臺灣加權反1,30,0,30,凱基-虎尾,2024-10-07,9236
3037,欣興,31,1,30,凱基-虎尾,2024-10-07,9236
8011,台通,28,6,22,凱基-虎尾,2024-10-07,9236
00885,富邦越南,20,0,20,凱基-虎尾,2024-10-07,9236
3591,艾笛森,23,3,20,凱基-虎尾,2024-10-07,9236
5443,均豪,19,2,17,凱基-虎尾,2024-10-07,9236
2615,萬海,53,38,15,凱基-虎尾,2024-10-07,9236
2312,金寶,17,2,15,凱基-虎尾,2024-10-07,9236
1815,富喬,297,283,14,凱基-虎尾,2024-10-07,9236
2031,新光鋼,13,0,13,凱基-虎尾,2024-10-07,9236
4979,華星光,19,6,13,凱基-虎尾,2024-10-07,9236
00752,中信中國50,17,4,13,凱基-虎尾,2024-10-07,9236
1301,台塑,22,10,12,凱基-虎尾,2024-10-07,9236
2425,承啟,27,15,12,凱基-虎尾,2024-10-07,9236
2543,皇昌,14,2,12,凱基-虎尾,2024-10-07,9236
8028,昇陽半導體,17,5,12,凱基-虎尾,2024-10-07,9236
2408,南亞科,13,2,11,凱基-虎尾,2024-10-07,9236
1527,鑽全,11,0,11,凱基-虎尾,2024-10-07,9236
1605,華新,12,1,11,凱基-虎尾,2024-10-07,9236
2313,華通,12,1,11,凱基-虎尾,2024-10-07,9236
3715,定穎投控,12,1,11,凱基-虎尾,2024-10-07,9236
2892,第一金,10,0,10,凱基-虎尾,2024-10-07,9236
00937B,群益ESG投等債20,10,0,10,凱基-虎尾,2024-10-07,9236
2231,為升,10,0,10,凱基-虎尾,2024-10-07,9236
2745,五福,10,0,10,凱基-虎尾,2024-10-07,9236
3163,波若威,15,5,10,凱基-虎尾,2024-10-07,9236
4306,炎洲,10,0,10,凱基-虎尾,2024-10-07,9236
9902,台火,10,0,10,凱基-虎尾,2024-10-07,9236
00919,群益台灣精選高息,28,18,10,凱基-虎尾,2024-10-07,9236
4563,百德,11,3,8,凱基-虎尾,2024-10-07,9236
5460,同協,10,2,8,凱基-虎尾,2024-10-07,9236
00929,復華台灣科技優息,16,8,8,凱基-虎尾,2024-10-07,9236
00688L,國泰20年美債正2,15,8,7,凱基-虎尾,2024-10-07,9236
1303,南亞,9,2,7,凱基-虎尾,2024-10-07,9236
00753L,中信中國50正2,198,90,108,凱基-虎尾,2024-10-08,9236
2887,台新金,102,0,102,凱基-虎尾,2024-10-08,9236
00751B,元大AAA至A公司債,100,0,100,凱基-虎尾,2024-10-08,9236
2601,益航,108,15,93,凱基-虎尾,2024-10-08,9236
2363,矽統,96,31,65,凱基-虎尾,2024-10-08,9236
4716,大立,67,7,60,凱基-虎尾,2024-10-08,9236
1569,濱川,51,0,51,凱基-虎尾,2024-10-08,9236
00761B,國泰A級公司債,50,0,50,凱基-虎尾,2024-10-08,9236
3036,文曄,50,0,50,凱基-虎尾,2024-10-08,9236
4532,瑞智,50,1,49,凱基-虎尾,2024-10-08,9236
1563,巧新,40,1,39,凱基-虎尾,2024-10-08,9236
00680L,元大美債20正2,44,14,30,凱基-虎尾,2024-10-08,9236
00882,中信中國高股息,50,21,29,凱基-虎尾,2024-10-08,9236
8112,至上,31,5,26,凱基-虎尾,2024-10-08,9236
00940,元大台灣價值高息,21,0,21,凱基-虎尾,2024-10-08,9236
00922,國泰台灣領袖50,20,0,20,凱基-虎尾,2024-10-08,9236
00900,富邦特選高股息30,20,0,20,凱基-虎尾,2024-10-08,9236
00885,富邦越南,20,0,20,凱基-虎尾,2024-10-08,9236
00687B,國泰20年美債,31,12,19,凱基-虎尾,2024-10-08,9236
2609,陽明,35,16,19,凱基-虎尾,2024-10-08,9236
2101,南港,21,3,18,凱基-虎尾,2024-10-08,9236
00673R,期元大S＆P原油反1,36,19,17,凱基-虎尾,2024-10-08,9236
00725B,國泰投資級公司債,16,0,16,凱基-虎尾,2024-10-08,9236
00654R,富邦印度反1,15,0,15,凱基-虎尾,2024-10-08,9236
0056,元大高股息,15,0,15,凱基-虎尾,2024-10-08,9236
00919,群益台灣精選高息,24,9,15,凱基-虎尾,2024-10-08,9236
2385,群光,14,0,14,凱基-虎尾,2024-10-08,9236
2408,南亞科,14,1,13,凱基-虎尾,2024-10-08,9236
1314,中石化,14,1,13,凱基-虎尾,2024-10-08,9236
6126,信音,14,1,13,凱基-虎尾,2024-10-08,9236
00934,中信成長高股息,12,0,12,凱基-虎尾,2024-10-08,9236
00937B,群益ESG投等債20,12,0,12,凱基-虎尾,2024-10-08,9236
00943,兆豐電子高息等權,12,0,12,凱基-虎尾,2024-10-08,9236
2031,新光鋼,12,0,12,凱基-虎尾,2024-10-08,9236
2849,安泰銀,11,0,11,凱基-虎尾,2024-10-08,9236
3025,星通,14,3,11,凱基-虎尾,2024-10-08,9236
4956,光鋐,10,0,10,凱基-虎尾,2024-10-08,9236
2412,中華電,10,0,10,凱基-虎尾,2024-10-08,9236
2014,中鴻,10,0,10,凱基-虎尾,2024-10-08,9236
2436,偉詮電,13,3,10,凱基-虎尾,2024-10-08,9236
3481,群創,11,1,10,凱基-虎尾,2024-10-08,9236
4903,聯光通,31,21,10,凱基-虎尾,2024-10-08,9236
6133,金橋,10,0,10,凱基-虎尾,2024-10-08,9236
2103,台橡,10,0,10,凱基-虎尾,2024-10-08,9236
1536,和大,10,1,9,凱基-虎尾,2024-10-08,9236
6213,聯茂,14,5,9,凱基-虎尾,2024-10-08,9236
6274,台燿,10,1,9,凱基-虎尾,2024-10-08,9236
00878,國泰永續高股息,19,10,9,凱基-虎尾,2024-10-08,9236
00929,復華台灣科技優息,29,21,8,凱基-虎尾,2024-10-08,9236
00881,國泰台灣5G+,8,0,8,凱基-虎尾,2024-10-08,9236
1101,台泥,79,1,78,凱基-虎尾,2024-10-09,9236
1303,南亞,60,5,55,凱基-虎尾,2024-10-09,9236
8096,擎亞,53,1,52,凱基-虎尾,2024-10-09,9236
00751B,元大AAA至A公司債,50,0,50,凱基-虎尾,2024-10-09,9236
00761B,國泰A級公司債,50,0,50,凱基-虎尾,2024-10-09,9236
3272,東碩,45,0,45,凱基-虎尾,2024-10-09,9236
2887,台新金,40,0,40,凱基-虎尾,2024-10-09,9236
00673R,期元大S＆P原油反1,36,0,36,凱基-虎尾,2024-10-09,9236
3481,群創,31,0,31,凱基-虎尾,2024-10-09,9236
9907,統一實,30,1,29,凱基-虎尾,2024-10-09,9236
00715L,期街口布蘭特正2,32,5,27,凱基-虎尾,2024-10-09,9236
00753L,中信中國50正2,64,38,26,凱基-虎尾,2024-10-09,9236
1314,中石化,32,6,26,凱基-虎尾,2024-10-09,9236
2890,永豐金,20,0,20,凱基-虎尾,2024-10-09,9236
00664R,國泰臺灣加權反1,20,0,20,凱基-虎尾,2024-10-09,9236
2356,英業達,65,45,20,凱基-虎尾,2024-10-09,9236
2363,矽統,92,73,19,凱基-虎尾,2024-10-09,9236
9103,美德醫療-DR,18,0,18,凱基-虎尾,2024-10-09,9236
00900,富邦特選高股息30,20,3,17,凱基-虎尾,2024-10-09,9236
3060,銘異,23,6,17,凱基-虎尾,2024-10-09,9236
1809,中釉,16,0,16,凱基-虎尾,2024-10-09,9236
2801,彰銀,16,0,16,凱基-虎尾,2024-10-09,9236
3576,聯合再生,17,1,16,凱基-虎尾,2024-10-09,9236
4114,健喬,15,0,15,凱基-虎尾,2024-10-09,9236
00882,中信中國高股息,45,31,14,凱基-虎尾,2024-10-09,9236
2344,華邦電,14,0,14,凱基-虎尾,2024-10-09,9236
2426,鼎元,19,5,14,凱基-虎尾,2024-10-09,9236
1785,光洋科,15,2,13,凱基-虎尾,2024-10-09,9236
5864,致和證,13,0,13,凱基-虎尾,2024-10-09,9236
2362,藍天,13,1,12,凱基-虎尾,2024-10-09,9236
2542,興富發,11,0,11,凱基-虎尾,2024-10-09,9236
00929,復華台灣科技優息,15,4,11,凱基-虎尾,2024-10-09,9236
3324,雙鴻,11,1,10,凱基-虎尾,2024-10-09,9236
00885,富邦越南,10,0,10,凱基-虎尾,2024-10-09,9236
1584,精剛,10,0,10,凱基-虎尾,2024-10-09,9236
1609,大亞,10,0,10,凱基-虎尾,2024-10-09,9236
1711,永光,10,0,10,凱基-虎尾,2024-10-09,9236
2406,國碩,10,0,10,凱基-虎尾,2024-10-09,9236
3211,順達,10,0,10,凱基-虎尾,2024-10-09,9236
4561,健椿,10,0,10,凱基-虎尾,2024-10-09,9236
5355,佳總,10,0,10,凱基-虎尾,2024-10-09,9236
6213,聯茂,10,0,10,凱基-虎尾,2024-10-09,9236
00919,群益台灣精選高息,10,0,10,凱基-虎尾,2024-10-09,9236
00712,復華富時不動產,9,0,9,凱基-虎尾,2024-10-09,9236
00922,國泰台灣領袖50,14,5,9,凱基-虎尾,2024-10-09,9236
4563,百德,9,0,9,凱基-虎尾,2024-10-09,9236
6152,百一,9,0,9,凱基-虎尾,2024-10-09,9236
2609,陽明,10,2,8,凱基-虎尾,2024-10-09,9236
1718,中纖,8,0,8,凱基-虎尾,2024-10-09,9236
1316,上曜,11,4,7,凱基-虎尾,2024-10-09,9236
3049,精金,136,11,125,凱基-虎尾,2024-10-11,9236
6147,頎邦,110,0,110,凱基-虎尾,2024-10-11,9236
2883,凱基金,79,16,63,凱基-虎尾,2024-10-11,9236
3498,陽程,62,1,61,凱基-虎尾,2024-10-11,9236
2610,華航,60,0,60,凱基-虎尾,2024-10-11,9236
9105,泰金寶-DR,50,5,45,凱基-虎尾,2024-10-11,9236
2426,鼎元,106,65,41,凱基-虎尾,2024-10-11,9236
00885,富邦越南,40,0,40,凱基-虎尾,2024-10-11,9236
1101,台泥,36,0,36,凱基-虎尾,2024-10-11,9236
00680L,元大美債20正2,29,0,29,凱基-虎尾,2024-10-11,9236
9907,統一實,30,1,29,凱基-虎尾,2024-10-11,9236
2353,宏��,30,2,28,凱基-虎尾,2024-10-11,9236
1815,富喬,26,0,26,凱基-虎尾,2024-10-11,9236
2421,建準,36,10,26,凱基-虎尾,2024-10-11,9236
3481,群創,27,3,24,凱基-虎尾,2024-10-11,9236
2388,威盛,37,13,24,凱基-虎尾,2024-10-11,9236
00632R,元大台灣50反1,20,0,20,凱基-虎尾,2024-10-11,9236
1455,集盛,20,0,20,凱基-虎尾,2024-10-11,9236
2425,承啟,21,1,20,凱基-虎尾,2024-10-11,9236
4956,光鋐,82,62,20,凱基-虎尾,2024-10-11,9236
2101,南港,19,0,19,凱基-虎尾,2024-10-11,9236
0056,元大高股息,20,2,18,凱基-虎尾,2024-10-11,9236
1563,巧新,17,0,17,凱基-虎尾,2024-10-11,9236
3086,華義,17,0,17,凱基-虎尾,2024-10-11,9236
00948B,中信優息投資級債,16,0,16,凱基-虎尾,2024-10-11,9236
00915,凱基優選高股息30,16,0,16,凱基-虎尾,2024-10-11,9236
2543,皇昌,17,3,14,凱基-虎尾,2024-10-11,9236
3031,佰鴻,14,0,14,凱基-虎尾,2024-10-11,9236
2834,臺企銀,13,0,13,凱基-虎尾,2024-10-11,9236
6425,易發,27,14,13,凱基-虎尾,2024-10-11,9236
4903,聯光通,63,50,13,凱基-虎尾,2024-10-11,9236
2890,永豐金,12,0,12,凱基-虎尾,2024-10-11,9236
1785,光洋科,14,2,12,凱基-虎尾,2024-10-11,9236
3163,波若威,32,20,12,凱基-虎尾,2024-10-11,9236
2382,廣達,14,2,12,凱基-虎尾,2024-10-11,9236
1609,大亞,11,0,11,凱基-虎尾,2024-10-11,9236
3437,榮創,13,2,11,凱基-虎尾,2024-10-11,9236
00681R,元大美債20反1,10,0,10,凱基-虎尾,2024-10-11,9236
3056,富華新,10,0,10,凱基-虎尾,2024-10-11,9236
5351,鈺創,10,0,10,凱基-虎尾,2024-10-11,9236
2454,聯發科,10,0,10,凱基-虎尾,2024-10-11,9236
2888,新光金,10,1,9,凱基-虎尾,2024-10-11,9236
3167,大量,9,0,9,凱基-虎尾,2024-10-11,9236
8111,立��,17,8,9,凱基-虎尾,2024-10-11,9236
00937B,群益ESG投等債20,8,0,8,凱基-虎尾,2024-10-11,9236
4977,眾達-KY,8,0,8,凱基-虎尾,2024-10-11,9236
00637L,元大滬深300正2,106,98,8,凱基-虎尾,2024-10-11,9236
2449,京元電子,21,14,7,凱基-虎尾,2024-10-11,9236
00877,復華中國5G,7,0,7,凱基-虎尾,2024-10-11,9236
2354,鴻準,8,1,7,凱基-虎尾,2024-10-11,9236
2330,台積電,673,286,387,凱基-虎尾,2024-10-14,9236
2399,映泰,201,68,133,凱基-虎尾,2024-10-14,9236
3380,明泰,131,13,118,凱基-虎尾,2024-10-14,9236
2887,台新金,118,15,103,凱基-虎尾,2024-10-14,9236
00632R,元大台灣50反1,102,0,102,凱基-虎尾,2024-10-14,9236
00753L,中信中國50正2,371,270,101,凱基-虎尾,2024-10-14,9236
6147,頎邦,101,0,101,凱基-虎尾,2024-10-14,9236
00887,永豐中國科技50大,76,2,74,凱基-虎尾,2024-10-14,9236
00761B,國泰A級公司債,50,0,50,凱基-虎尾,2024-10-14,9236
8111,立��,60,29,31,凱基-虎尾,2024-10-14,9236
00673R,期元大S＆P原油反1,30,0,30,凱基-虎尾,2024-10-14,9236
00679B,元大美債20年,31,3,28,凱基-虎尾,2024-10-14,9236
00688L,國泰20年美債正2,22,0,22,凱基-虎尾,2024-10-14,9236
2888,新光金,22,0,22,凱基-虎尾,2024-10-14,9236
4714,永捷,22,0,22,凱基-虎尾,2024-10-14,9236
3710,連展投控,23,2,21,凱基-虎尾,2024-10-14,9236
00919,群益台灣精選高息,21,1,20,凱基-虎尾,2024-10-14,9236
00937B,群益ESG投等債20,19,0,19,凱基-虎尾,2024-10-14,9236
00960,野村全球航運龍頭,17,0,17,凱基-虎尾,2024-10-14,9236
1563,巧新,16,0,16,凱基-虎尾,2024-10-14,9236
4991,環宇-KY,23,7,16,凱基-虎尾,2024-10-14,9236
4977,眾達-KY,41,26,15,凱基-虎尾,2024-10-14,9236
3450,聯鈞,25,11,14,凱基-虎尾,2024-10-14,9236
6530,創威,17,3,14,凱基-虎尾,2024-10-14,9236
3211,順達,19,6,13,凱基-虎尾,2024-10-14,9236
5351,鈺創,13,0,13,凱基-虎尾,2024-10-14,9236
2101,南港,13,1,12,凱基-虎尾,2024-10-14,9236
00922,國泰台灣領袖50,12,0,12,凱基-虎尾,2024-10-14,9236
3583,辛耘,16,4,12,凱基-虎尾,2024-10-14,9236
4909,新復興,12,0,12,凱基-虎尾,2024-10-14,9236
4903,聯光通,32,21,11,凱基-虎尾,2024-10-14,9236
2303,聯電,12,2,10,凱基-虎尾,2024-10-14,9236
00633L,富邦上証正2,10,0,10,凱基-虎尾,2024-10-14,9236
00918,大華優利高填息30,10,0,10,凱基-虎尾,2024-10-14,9236
2427,三商電,10,0,10,凱基-虎尾,2024-10-14,9236
8429,金麗-KY,10,0,10,凱基-虎尾,2024-10-14,9236
2323,中環,10,1,9,凱基-虎尾,2024-10-14,9236
1708,東鹼,9,0,9,凱基-虎尾,2024-10-14,9236
3013,晟銘電,11,3,8,凱基-虎尾,2024-10-14,9236
8477,創業家,8,0,8,凱基-虎尾,2024-10-14,9236
2420,新巨,8,1,7,凱基-虎尾,2024-10-14,9236
00912,中信臺灣智慧50,7,0,7,凱基-虎尾,2024-10-14,9236
1513,中興電,7,0,7,凱基-虎尾,2024-10-14,9236
3231,緯創,12,6,6,凱基-虎尾,2024-10-14,9236
00795B,中信美國公債20年,6,0,6,凱基-虎尾,2024-10-14,9236
4979,華星光,18,12,6,凱基-虎尾,2024-10-14,9236
6282,康舒,7,1,6,凱基-虎尾,2024-10-14,9236
00909,國泰數位支付服務,5,0,5,凱基-虎尾,2024-10-14,9236
00635U,期元大S＆P黃金,5,0,5,凱基-虎尾,2024-10-14,9236
2455,全新,9,4,5,凱基-虎尾,2024-10-14,9236
2317,鴻海,539,165,374,凱基-虎尾,2024-10-15,9236
00882,中信中國高股息,155,0,155,凱基-虎尾,2024-10-15,9236
00687B,國泰20年美債,94,7,87,凱基-虎尾,2024-10-15,9236
00960,野村全球航運龍頭,63,1,62,凱基-虎尾,2024-10-15,9236
6215,和椿,58,0,58,凱基-虎尾,2024-10-15,9236
00948B,中信優息投資級債,50,0,50,凱基-虎尾,2024-10-15,9236
9907,統一實,50,0,50,凱基-虎尾,2024-10-15,9236
2421,建準,42,1,41,凱基-虎尾,2024-10-15,9236
3230,錦明,39,0,39,凱基-虎尾,2024-10-15,9236
00637L,元大滬深300正2,50,14,36,凱基-虎尾,2024-10-15,9236
1563,巧新,36,0,36,凱基-虎尾,2024-10-15,9236
4903,聯光通,56,21,35,凱基-虎尾,2024-10-15,9236
1815,富喬,35,1,34,凱基-虎尾,2024-10-15,9236
00688L,國泰20年美債正2,32,0,32,凱基-虎尾,2024-10-15,9236
8112,至上,31,0,31,凱基-虎尾,2024-10-15,9236
2363,矽統,37,8,29,凱基-虎尾,2024-10-15,9236
1785,光洋科,29,1,28,凱基-虎尾,2024-10-15,9236
4716,大立,30,5,25,凱基-虎尾,2024-10-15,9236
2101,南港,22,1,21,凱基-虎尾,2024-10-15,9236
3167,大量,20,0,20,凱基-虎尾,2024-10-15,9236
6505,台塑化,25,6,19,凱基-虎尾,2024-10-15,9236
00919,群益台灣精選高息,18,0,18,凱基-虎尾,2024-10-15,9236
00761B,國泰A級公司債,15,0,15,凱基-虎尾,2024-10-15,9236
5864,致和證,15,0,15,凱基-虎尾,2024-10-15,9236
2426,鼎元,15,1,14,凱基-虎尾,2024-10-15,9236
2303,聯電,16,4,12,凱基-虎尾,2024-10-15,9236
00680L,元大美債20正2,11,0,11,凱基-虎尾,2024-10-15,9236
1314,中石化,17,6,11,凱基-虎尾,2024-10-15,9236
2609,陽明,22,12,10,凱基-虎尾,2024-10-15,9236
00665L,富邦�琤肭磪囓�2,20,10,10,凱基-虎尾,2024-10-15,9236
2743,山富,10,0,10,凱基-虎尾,2024-10-15,9236
3444,利機,10,0,10,凱基-虎尾,2024-10-15,9236
3707,漢磊,10,0,10,凱基-虎尾,2024-10-15,9236
6117,迎廣,12,2,10,凱基-虎尾,2024-10-15,9236
1727,中華化,9,0,9,凱基-虎尾,2024-10-15,9236
4576,大銀微系統,10,1,9,凱基-虎尾,2024-10-15,9236
4919,新唐,10,1,9,凱基-虎尾,2024-10-15,9236
6449,鈺邦,11,3,8,凱基-虎尾,2024-10-15,9236
00922,國泰台灣領袖50,11,3,8,凱基-虎尾,2024-10-15,9236
3029,零壹,8,1,7,凱基-虎尾,2024-10-15,9236
1524,耿鼎,7,0,7,凱基-虎尾,2024-10-15,9236
00642U,期元大S＆P石油,6,0,6,凱基-虎尾,2024-10-15,9236
3058,立德,6,0,6,凱基-虎尾,2024-10-15,9236
6126,信音,7,1,6,凱基-虎尾,2024-10-15,9236
6213,聯茂,6,0,6,凱基-虎尾,2024-10-15,9236
1560,中砂,6,0,6,凱基-虎尾,2024-10-15,9236
2486,一詮,511,505,6,凱基-虎尾,2024-10-15,9236
00639,富邦深100,5,0,5,凱基-虎尾,2024-10-15,9236
00877,復華中國5G,5,0,5,凱基-虎尾,2024-10-15,9236
00947,台新臺灣IC設計,5,0,5,凱基-虎尾,2024-10-15,9236
2888,新光金,102,0,102,凱基-虎尾,2024-10-16,9236
00882,中信中國高股息,81,2,79,凱基-虎尾,2024-10-16,9236
3450,聯鈞,319,253,66,凱基-虎尾,2024-10-16,9236
0056,元大高股息,60,2,58,凱基-虎尾,2024-10-16,9236
00887,永豐中國科技50大,59,3,56,凱基-虎尾,2024-10-16,9236
3209,全科,52,1,51,凱基-虎尾,2024-10-16,9236
9907,統一實,51,0,51,凱基-虎尾,2024-10-16,9236
4956,光鋐,51,4,47,凱基-虎尾,2024-10-16,9236
3379,彬台,45,0,45,凱基-虎尾,2024-10-16,9236
9105,泰金寶-DR,44,6,38,凱基-虎尾,2024-10-16,9236
3049,精金,32,0,32,凱基-虎尾,2024-10-16,9236
4561,健椿,32,0,32,凱基-虎尾,2024-10-16,9236
2101,南港,31,1,30,凱基-虎尾,2024-10-16,9236
2880,華南金,30,0,30,凱基-虎尾,2024-10-16,9236
3062,建漢,105,77,28,凱基-虎尾,2024-10-16,9236
2365,昆盈,27,3,24,凱基-虎尾,2024-10-16,9236
3710,連展投控,24,0,24,凱基-虎尾,2024-10-16,9236
3149,正達,101,78,23,凱基-虎尾,2024-10-16,9236
5880,合庫金,23,0,23,凱基-虎尾,2024-10-16,9236
00715L,期街口布蘭特正2,25,3,22,凱基-虎尾,2024-10-16,9236
2303,聯電,21,0,21,凱基-虎尾,2024-10-16,9236
00878,國泰永續高股息,23,2,21,凱基-虎尾,2024-10-16,9236
00680L,元大美債20正2,20,0,20,凱基-虎尾,2024-10-16,9236
00688L,國泰20年美債正2,20,0,20,凱基-虎尾,2024-10-16,9236
3591,艾笛森,20,0,20,凱基-虎尾,2024-10-16,9236
8429,金麗-KY,20,0,20,凱基-虎尾,2024-10-16,9236
00919,群益台灣精選高息,17,0,17,凱基-虎尾,2024-10-16,9236
1563,巧新,17,0,17,凱基-虎尾,2024-10-16,9236
2610,華航,19,2,17,凱基-虎尾,2024-10-16,9236
2356,英業達,18,2,16,凱基-虎尾,2024-10-16,9236
4526,東台,15,0,15,凱基-虎尾,2024-10-16,9236
2312,金寶,36,22,14,凱基-虎尾,2024-10-16,9236
2881,富邦金,14,0,14,凱基-虎尾,2024-10-16,9236
00687B,國泰20年美債,18,5,13,凱基-虎尾,2024-10-16,9236
4977,眾達-KY,198,185,13,凱基-虎尾,2024-10-16,9236
4909,新復興,12,0,12,凱基-虎尾,2024-10-16,9236
2344,華邦電,11,0,11,凱基-虎尾,2024-10-16,9236
2399,映泰,174,163,11,凱基-虎尾,2024-10-16,9236
2449,京元電子,14,3,11,凱基-虎尾,2024-10-16,9236
00943,兆豐電子高息等權,10,0,10,凱基-虎尾,2024-10-16,9236
00905,FT臺灣Smart,10,0,10,凱基-虎尾,2024-10-16,9236
1216,統一,10,0,10,凱基-虎尾,2024-10-16,9236
1609,大亞,11,1,10,凱基-虎尾,2024-10-16,9236
2062,橋椿,10,0,10,凱基-虎尾,2024-10-16,9236
5905,南仁湖,10,0,10,凱基-虎尾,2024-10-16,9236
6412,群電,10,0,10,凱基-虎尾,2024-10-16,9236
9919,康那香,10,0,10,凱基-虎尾,2024-10-16,9236
1584,精剛,10,1,9,凱基-虎尾,2024-10-16,9236
2408,南亞科,9,0,9,凱基-虎尾,2024-10-16,9236
3056,富華新,9,0,9,凱基-虎尾,2024-10-16,9236
00632R,元大台灣50反1,142,0,142,凱基-虎尾,2024-10-17,9236
00753L,中信中國50正2,114,14,100,凱基-虎尾,2024-10-17,9236
00882,中信中國高股息,66,2,64,凱基-虎尾,2024-10-17,9236
3379,彬台,63,0,63,凱基-虎尾,2024-10-17,9236
3162,精確,61,10,51,凱基-虎尾,2024-10-17,9236
00960,野村全球航運龍頭,50,0,50,凱基-虎尾,2024-10-17,9236
00673R,期元大S＆P原油反1,60,10,50,凱基-虎尾,2024-10-17,9236
9907,統一實,107,57,50,凱基-虎尾,2024-10-17,9236
2374,佳能,47,2,45,凱基-虎尾,2024-10-17,9236
1301,台塑,33,1,32,凱基-虎尾,2024-10-17,9236
00922,國泰台灣領袖50,32,0,32,凱基-虎尾,2024-10-17,9236
1597,直得,35,5,30,凱基-虎尾,2024-10-17,9236
3481,群創,71,43,28,凱基-虎尾,2024-10-17,9236
2399,映泰,40,13,27,凱基-虎尾,2024-10-17,9236
3060,銘異,30,5,25,凱基-虎尾,2024-10-17,9236
8103,瀚荃,24,0,24,凱基-虎尾,2024-10-17,9236
00941,中信上游半導體,23,0,23,凱基-虎尾,2024-10-17,9236
00687B,國泰20年美債,22,0,22,凱基-虎尾,2024-10-17,9236
1528,恩德,45,23,22,凱基-虎尾,2024-10-17,9236
2301,光寶科,22,0,22,凱基-虎尾,2024-10-17,9236
4566,時碩工業,23,1,22,凱基-虎尾,2024-10-17,9236
00919,群益台灣精選高息,20,0,20,凱基-虎尾,2024-10-17,9236
1785,光洋科,26,6,20,凱基-虎尾,2024-10-17,9236
00887,永豐中國科技50大,21,2,19,凱基-虎尾,2024-10-17,9236
3211,順達,19,0,19,凱基-虎尾,2024-10-17,9236
5871,中租-KY,17,0,17,凱基-虎尾,2024-10-17,9236
3450,聯鈞,47,32,15,凱基-虎尾,2024-10-17,9236
6016,康和證,15,0,15,凱基-虎尾,2024-10-17,9236
2363,矽統,17,3,14,凱基-虎尾,2024-10-17,9236
2615,萬海,18,5,13,凱基-虎尾,2024-10-17,9236
4542,科嶠,30,18,12,凱基-虎尾,2024-10-17,9236
6125,廣運,12,0,12,凱基-虎尾,2024-10-17,9236
00912,中信臺灣智慧50,11,0,11,凱基-虎尾,2024-10-17,9236
6451,訊芯-KY,15,4,11,凱基-虎尾,2024-10-17,9236
00680L,元大美債20正2,10,0,10,凱基-虎尾,2024-10-17,9236
2367,燿華,10,0,10,凱基-虎尾,2024-10-17,9236
2884,玉山金,10,0,10,凱基-虎尾,2024-10-17,9236
4564,元翎,10,0,10,凱基-虎尾,2024-10-17,9236
4716,大立,10,0,10,凱基-虎尾,2024-10-17,9236
4908,前鼎,11,1,10,凱基-虎尾,2024-10-17,9236
6156,松上,10,0,10,凱基-虎尾,2024-10-17,9236
6560,欣普羅,10,0,10,凱基-虎尾,2024-10-17,9236
6684,安格,10,0,10,凱基-虎尾,2024-10-17,9236
2464,盟立,13,4,9,凱基-虎尾,2024-10-17,9236
3066,李洲,41,32,9,凱基-虎尾,2024-10-17,9236
2489,瑞軒,37,28,9,凱基-虎尾,2024-10-17,9236
0056,元大高股息,12,4,8,凱基-虎尾,2024-10-17,9236
2402,毅嘉,26,18,8,凱基-虎尾,2024-10-17,9236
2454,聯發科,8,0,8,凱基-虎尾,2024-10-17,9236
00725B,國泰投資級公司債,7,0,7,凱基-虎尾,2024-10-17,9236
2303,聯電,143,1,142,凱基-虎尾,2024-10-18,9236
00680L,元大美債20正2,132,2,130,凱基-虎尾,2024-10-18,9236
00753L,中信中國50正2,120,22,98,凱基-虎尾,2024-10-18,9236
3290,東浦,116,21,95,凱基-虎尾,2024-10-18,9236
2449,京元電子,56,0,56,凱基-虎尾,2024-10-18,9236
6234,高僑,59,4,55,凱基-虎尾,2024-10-18,9236
00687B,國泰20年美債,59,4,55,凱基-虎尾,2024-10-18,9236
00960,野村全球航運龍頭,50,0,50,凱基-虎尾,2024-10-18,9236
00761B,國泰A級公司債,35,0,35,凱基-虎尾,2024-10-18,9236
2356,英業達,37,2,35,凱基-虎尾,2024-10-18,9236
00720B,元大投資級公司債,33,0,33,凱基-虎尾,2024-10-18,9236
8097,常珵,33,1,32,凱基-虎尾,2024-10-18,9236
5481,新華,30,0,30,凱基-虎尾,2024-10-18,9236
1536,和大,32,3,29,凱基-虎尾,2024-10-18,9236
2388,威盛,32,3,29,凱基-虎尾,2024-10-18,9236
2801,彰銀,29,0,29,凱基-虎尾,2024-10-18,9236
4906,正文,22,0,22,凱基-虎尾,2024-10-18,9236
00948B,中信優息投資級債,25,4,21,凱基-虎尾,2024-10-18,9236
1721,三晃,21,0,21,凱基-虎尾,2024-10-18,9236
00688L,國泰20年美債正2,20,0,20,凱基-虎尾,2024-10-18,9236
1563,巧新,20,0,20,凱基-虎尾,2024-10-18,9236
4562,穎漢,29,10,19,凱基-虎尾,2024-10-18,9236
2344,華邦電,19,1,18,凱基-虎尾,2024-10-18,9236
00915,凱基優選高股息30,17,0,17,凱基-虎尾,2024-10-18,9236
4903,聯光通,34,17,17,凱基-虎尾,2024-10-18,9236
00696B,富邦美債20年,15,0,15,凱基-虎尾,2024-10-18,9236
00715L,期街口布蘭特正2,15,0,15,凱基-虎尾,2024-10-18,9236
2363,矽統,28,14,14,凱基-虎尾,2024-10-18,9236
1314,中石化,13,0,13,凱基-虎尾,2024-10-18,9236
2489,瑞軒,25,13,12,凱基-虎尾,2024-10-18,9236
00933B,國泰10Y+金融債,15,3,12,凱基-虎尾,2024-10-18,9236
9911,櫻花,12,0,12,凱基-虎尾,2024-10-18,9236
00679B,元大美債20年,11,0,11,凱基-虎尾,2024-10-18,9236
3581,博磊,31,20,11,凱基-虎尾,2024-10-18,9236
00922,國泰台灣領袖50,11,1,10,凱基-虎尾,2024-10-18,9236
00932,兆豐永續高息等權,10,0,10,凱基-虎尾,2024-10-18,9236
00943,兆豐電子高息等權,10,0,10,凱基-虎尾,2024-10-18,9236
2312,金寶,53,43,10,凱基-虎尾,2024-10-18,9236
2313,華通,11,1,10,凱基-虎尾,2024-10-18,9236
2607,榮運,10,0,10,凱基-虎尾,2024-10-18,9236
2867,三商壽,10,0,10,凱基-虎尾,2024-10-18,9236
3056,富華新,10,0,10,凱基-虎尾,2024-10-18,9236
6603,富強鑫,10,0,10,凱基-虎尾,2024-10-18,9236
2401,凌陽,10,1,9,凱基-虎尾,2024-10-18,9236
3591,艾笛森,9,0,9,凱基-虎尾,2024-10-18,9236
00919,群益台灣精選高息,30,21,9,凱基-虎尾,2024-10-18,9236
00937B,群益ESG投等債20,8,0,8,凱基-虎尾,2024-10-18,9236
3013,晟銘電,21,13,8,凱基-虎尾,2024-10-18,9236
2426,鼎元,11,4,7,凱基-虎尾,2024-10-18,9236
6290,良維,7,0,7,凱基-虎尾,2024-10-18,9236
2317,鴻海,504,15,489,凱基-虎尾,2024-10-21,9236
2888,新光金,183,37,146,凱基-虎尾,2024-10-21,9236
2330,台積電,101,8,93,凱基-虎尾,2024-10-21,9236
00715L,期街口布蘭特正2,77,0,77,凱基-虎尾,2024-10-21,9236
2399,映泰,65,4,61,凱基-虎尾,2024-10-21,9236
00882,中信中國高股息,56,0,56,凱基-虎尾,2024-10-21,9236
00937B,群益ESG投等債20,55,0,55,凱基-虎尾,2024-10-21,9236
00680L,元大美債20正2,54,0,54,凱基-虎尾,2024-10-21,9236
2891,中信金,55,6,49,凱基-虎尾,2024-10-21,9236
6126,信音,49,6,43,凱基-虎尾,2024-10-21,9236
00687B,國泰20年美債,43,2,41,凱基-虎尾,2024-10-21,9236
00673R,期元大S＆P原油反1,40,0,40,凱基-虎尾,2024-10-21,9236
00761B,國泰A級公司債,50,20,30,凱基-虎尾,2024-10-21,9236
00637L,元大滬深300正2,45,16,29,凱基-虎尾,2024-10-21,9236
3149,正達,36,11,25,凱基-虎尾,2024-10-21,9236
2101,南港,23,0,23,凱基-虎尾,2024-10-21,9236
6165,浪凡,25,3,22,凱基-虎尾,2024-10-21,9236
2609,陽明,39,18,21,凱基-虎尾,2024-10-21,9236
4974,亞泰,18,0,18,凱基-虎尾,2024-10-21,9236
8027,鈦昇,21,3,18,凱基-虎尾,2024-10-21,9236
00922,國泰台灣領袖50,17,0,17,凱基-虎尾,2024-10-21,9236
2401,凌陽,17,0,17,凱基-虎尾,2024-10-21,9236
8064,東捷,29,12,17,凱基-虎尾,2024-10-21,9236
2464,盟立,19,2,17,凱基-虎尾,2024-10-21,9236
1802,台玻,42,26,16,凱基-虎尾,2024-10-21,9236
00905,FT臺灣Smart,15,0,15,凱基-虎尾,2024-10-21,9236
2607,榮運,15,0,15,凱基-虎尾,2024-10-21,9236
3551,世禾,17,2,15,凱基-虎尾,2024-10-21,9236
4530,宏易,15,0,15,凱基-虎尾,2024-10-21,9236
2887,台新金,14,0,14,凱基-虎尾,2024-10-21,9236
1303,南亞,14,0,14,凱基-虎尾,2024-10-21,9236
1597,直得,20,6,14,凱基-虎尾,2024-10-21,9236
2303,聯電,18,5,13,凱基-虎尾,2024-10-21,9236
2881,富邦金,13,0,13,凱基-虎尾,2024-10-21,9236
00632R,元大台灣50反1,12,0,12,凱基-虎尾,2024-10-21,9236
2543,皇昌,12,0,12,凱基-虎尾,2024-10-21,9236
3019,亞光,12,0,12,凱基-虎尾,2024-10-21,9236
00948B,中信優息投資級債,11,0,11,凱基-虎尾,2024-10-21,9236
3041,揚智,11,0,11,凱基-虎尾,2024-10-21,9236
2489,瑞軒,46,36,10,凱基-虎尾,2024-10-21,9236
00918,大華優利高填息30,10,0,10,凱基-虎尾,2024-10-21,9236
00696B,富邦美債20年,10,0,10,凱基-虎尾,2024-10-21,9236
00877,復華中國5G,10,0,10,凱基-虎尾,2024-10-21,9236
00753L,中信中國50正2,31,21,10,凱基-虎尾,2024-10-21,9236
00950B,凱基A級公司債,10,0,10,凱基-虎尾,2024-10-21,9236
2201,裕隆,10,0,10,凱基-虎尾,2024-10-21,9236
2323,中環,10,0,10,凱基-虎尾,2024-10-21,9236
2426,鼎元,10,0,10,凱基-虎尾,2024-10-21,9236
2615,萬海,11,1,10,凱基-虎尾,2024-10-21,9236
2855,統一證,10,0,10,凱基-虎尾,2024-10-21,9236
00948B,中信優息投資級債,124,0,124,凱基-虎尾,2024-10-22,9236
00680L,元大美債20正2,115,15,100,凱基-虎尾,2024-10-22,9236
3272,東碩,100,0,100,凱基-虎尾,2024-10-22,9236
00679B,元大美債20年,74,7,67,凱基-虎尾,2024-10-22,9236
00960,野村全球航運龍頭,50,0,50,凱基-虎尾,2024-10-22,9236
3715,定穎投控,48,6,42,凱基-虎尾,2024-10-22,9236
00929,復華台灣科技優息,49,10,39,凱基-虎尾,2024-10-22,9236
6609,瀧澤科,43,12,31,凱基-虎尾,2024-10-22,9236
2374,佳能,30,3,27,凱基-虎尾,2024-10-22,9236
00688L,國泰20年美債正2,26,0,26,凱基-虎尾,2024-10-22,9236
6505,台塑化,25,0,25,凱基-虎尾,2024-10-22,9236
2344,華邦電,24,0,24,凱基-虎尾,2024-10-22,9236
00712,復華富時不動產,23,0,23,凱基-虎尾,2024-10-22,9236
1563,巧新,23,0,23,凱基-虎尾,2024-10-22,9236
2489,瑞軒,26,4,22,凱基-虎尾,2024-10-22,9236
00696B,富邦美債20年,20,0,20,凱基-虎尾,2024-10-22,9236
00761B,國泰A級公司債,20,0,20,凱基-虎尾,2024-10-22,9236
5438,東友,20,0,20,凱基-虎尾,2024-10-22,9236
6215,和椿,21,1,20,凱基-虎尾,2024-10-22,9236
00905,FT臺灣Smart,18,0,18,凱基-虎尾,2024-10-22,9236
1721,三晃,18,0,18,凱基-虎尾,2024-10-22,9236
6603,富強鑫,17,0,17,凱基-虎尾,2024-10-22,9236
2303,聯電,15,0,15,凱基-虎尾,2024-10-22,9236
8097,常珵,17,2,15,凱基-虎尾,2024-10-22,9236
2745,五福,14,0,14,凱基-虎尾,2024-10-22,9236
3498,陽程,17,3,14,凱基-虎尾,2024-10-22,9236
2883,凱基金,14,1,13,凱基-虎尾,2024-10-22,9236
6658,聯策,14,1,13,凱基-虎尾,2024-10-22,9236
5351,鈺創,12,2,10,凱基-虎尾,2024-10-22,9236
00882,中信中國高股息,10,0,10,凱基-虎尾,2024-10-22,9236
3167,大量,10,0,10,凱基-虎尾,2024-10-22,9236
5202,力新,15,5,10,凱基-虎尾,2024-10-22,9236
9911,櫻花,10,0,10,凱基-虎尾,2024-10-22,9236
00725B,國泰投資級公司債,9,0,9,凱基-虎尾,2024-10-22,9236
6405,悅城,13,4,9,凱基-虎尾,2024-10-22,9236
00919,群益台灣精選高息,11,3,8,凱基-虎尾,2024-10-22,9236
00950B,凱基A級公司債,8,0,8,凱基-虎尾,2024-10-22,9236
2477,美隆電,14,6,8,凱基-虎尾,2024-10-22,9236
3481,群創,16,8,8,凱基-虎尾,2024-10-22,9236
8021,尖點,40,32,8,凱基-虎尾,2024-10-22,9236
00949,復華日本龍頭,7,0,7,凱基-虎尾,2024-10-22,9236
2607,榮運,7,0,7,凱基-虎尾,2024-10-22,9236
4114,健喬,7,0,7,凱基-虎尾,2024-10-22,9236
6151,晉倫,17,10,7,凱基-虎尾,2024-10-22,9236
6706,惠特,9,2,7,凱基-虎尾,2024-10-22,9236
9902,台火,7,0,7,凱基-虎尾,2024-10-22,9236
2467,志聖,19,13,6,凱基-虎尾,2024-10-22,9236
00654R,富邦印度反1,6,0,6,凱基-虎尾,2024-10-22,9236
1101,台泥,9,3,6,凱基-虎尾,2024-10-22,9236
1799,易威,6,0,6,凱基-虎尾,2024-10-22,9236
2330,台積電,1235,993,242,凱基-虎尾,2024-10-23,9236
00632R,元大台灣50反1,150,0,150,凱基-虎尾,2024-10-23,9236
00960,野村全球航運龍頭,103,0,103,凱基-虎尾,2024-10-23,9236
1721,三晃,91,0,91,凱基-虎尾,2024-10-23,9236
00753L,中信中國50正2,70,4,66,凱基-虎尾,2024-10-23,9236
2349,錸德,96,30,66,凱基-虎尾,2024-10-23,9236
00712,復華富時不動產,55,0,55,凱基-虎尾,2024-10-23,9236
00673R,期元大S＆P原油反1,48,0,48,凱基-虎尾,2024-10-23,9236
4526,東台,47,1,46,凱基-虎尾,2024-10-23,9236
00937B,群益ESG投等債20,37,0,37,凱基-虎尾,2024-10-23,9236
2887,台新金,32,0,32,凱基-虎尾,2024-10-23,9236
2344,華邦電,34,4,30,凱基-虎尾,2024-10-23,9236
2303,聯電,26,1,25,凱基-虎尾,2024-10-23,9236
1563,巧新,25,0,25,凱基-虎尾,2024-10-23,9236
8097,常珵,26,1,25,凱基-虎尾,2024-10-23,9236
3710,連展投控,30,6,24,凱基-虎尾,2024-10-23,9236
00961,FT臺灣永續高息,21,0,21,凱基-虎尾,2024-10-23,9236
8096,擎亞,22,2,20,凱基-虎尾,2024-10-23,9236
5864,致和證,30,10,20,凱基-虎尾,2024-10-23,9236
6120,達運,20,0,20,凱基-虎尾,2024-10-23,9236
5434,崇越,20,1,19,凱基-虎尾,2024-10-23,9236
3167,大量,36,19,17,凱基-虎尾,2024-10-23,9236
5202,力新,31,15,16,凱基-虎尾,2024-10-23,9236
00706L,期元大S＆P日圓正2,15,0,15,凱基-虎尾,2024-10-23,9236
00877,復華中國5G,14,0,14,凱基-虎尾,2024-10-23,9236
2399,映泰,42,28,14,凱基-虎尾,2024-10-23,9236
3481,群創,48,34,14,凱基-虎尾,2024-10-23,9236
2607,榮運,13,0,13,凱基-虎尾,2024-10-23,9236
2317,鴻海,26,13,13,凱基-虎尾,2024-10-23,9236
9911,櫻花,12,0,12,凱基-虎尾,2024-10-23,9236
00680L,元大美債20正2,31,20,11,凱基-虎尾,2024-10-23,9236
1528,恩德,21,10,11,凱基-虎尾,2024-10-23,9236
3491,昇達科,21,10,11,凱基-虎尾,2024-10-23,9236
3663,鑫科,14,3,11,凱基-虎尾,2024-10-23,9236
4545,銘鈺,24,13,11,凱基-虎尾,2024-10-23,9236
8070,長華*,11,0,11,凱基-虎尾,2024-10-23,9236
0056,元大高股息,10,0,10,凱基-虎尾,2024-10-23,9236
3023,信邦,10,0,10,凱基-虎尾,2024-10-23,9236
1314,中石化,10,0,10,凱基-虎尾,2024-10-23,9236
2412,中華電,10,0,10,凱基-虎尾,2024-10-23,9236
2542,興富發,9,0,9,凱基-虎尾,2024-10-23,9236
2515,中工,9,0,9,凱基-虎尾,2024-10-23,9236
00679B,元大美債20年,8,0,8,凱基-虎尾,2024-10-23,9236
1569,濱川,11,3,8,凱基-虎尾,2024-10-23,9236
3532,台勝科,8,0,8,凱基-虎尾,2024-10-23,9236
6530,創威,13,5,8,凱基-虎尾,2024-10-23,9236
00887,永豐中國科技50大,14,6,8,凱基-虎尾,2024-10-23,9236
2891,中信金,7,0,7,凱基-虎尾,2024-10-23,9236
4909,新復興,286,279,7,凱基-虎尾,2024-10-23,9236
6158,禾昌,8,1,7,凱基-虎尾,2024-10-23,9236
00687B,國泰20年美債,198,4,194,凱基-虎尾,2024-10-24,9236
00937B,群益ESG投等債20,62,1,61,凱基-虎尾,2024-10-24,9236
00960,野村全球航運龍頭,65,10,55,凱基-虎尾,2024-10-24,9236
00706L,期元大S＆P日圓正2,50,0,50,凱基-虎尾,2024-10-24,9236
1721,三晃,61,19,42,凱基-虎尾,2024-10-24,9236
00950B,凱基A級公司債,40,0,40,凱基-虎尾,2024-10-24,9236
2388,威盛,68,31,37,凱基-虎尾,2024-10-24,9236
2317,鴻海,44,8,36,凱基-虎尾,2024-10-24,9236
00938,凱基優選30,31,0,31,凱基-虎尾,2024-10-24,9236
3029,零壹,44,13,31,凱基-虎尾,2024-10-24,9236
3189,景碩,38,8,30,凱基-虎尾,2024-10-24,9236
9935,慶豐富,30,2,28,凱基-虎尾,2024-10-24,9236
6165,浪凡,25,0,25,凱基-虎尾,2024-10-24,9236
0056,元大高股息,21,0,21,凱基-虎尾,2024-10-24,9236
5864,致和證,20,0,20,凱基-虎尾,2024-10-24,9236
00753L,中信中國50正2,23,4,19,凱基-虎尾,2024-10-24,9236
00929,復華台灣科技優息,19,1,18,凱基-虎尾,2024-10-24,9236
00637L,元大滬深300正2,16,1,15,凱基-虎尾,2024-10-24,9236
00712,復華富時不動產,15,0,15,凱基-虎尾,2024-10-24,9236
00919,群益台灣精選高息,15,1,14,凱基-虎尾,2024-10-24,9236
1785,光洋科,14,0,14,凱基-虎尾,2024-10-24,9236
2303,聯電,15,2,13,凱基-虎尾,2024-10-24,9236
00877,復華中國5G,12,0,12,凱基-虎尾,2024-10-24,9236
00882,中信中國高股息,12,0,12,凱基-虎尾,2024-10-24,9236
2891,中信金,11,0,11,凱基-虎尾,2024-10-24,9236
2344,華邦電,11,0,11,凱基-虎尾,2024-10-24,9236
1563,巧新,10,0,10,凱基-虎尾,2024-10-24,9236
1736,喬山,10,0,10,凱基-虎尾,2024-10-24,9236
3625,西勝,10,0,10,凱基-虎尾,2024-10-24,9236
6213,聯茂,11,1,10,凱基-虎尾,2024-10-24,9236
9911,櫻花,10,0,10,凱基-虎尾,2024-10-24,9236
00915,凱基優選高股息30,9,0,9,凱基-虎尾,2024-10-24,9236
1809,中釉,10,2,8,凱基-虎尾,2024-10-24,9236
2367,燿華,8,0,8,凱基-虎尾,2024-10-24,9236
2883,凱基金,11,3,8,凱基-虎尾,2024-10-24,9236
5392,能率,10,2,8,凱基-虎尾,2024-10-24,9236
8111,立��,12,4,8,凱基-虎尾,2024-10-24,9236
00878,國泰永續高股息,8,1,7,凱基-虎尾,2024-10-24,9236
2340,台亞,7,0,7,凱基-虎尾,2024-10-24,9236
3060,銘異,11,4,7,凱基-虎尾,2024-10-24,9236
5443,均豪,7,1,6,凱基-虎尾,2024-10-24,9236
2542,興富發,6,0,6,凱基-虎尾,2024-10-24,9236
1522,堤維西,6,0,6,凱基-虎尾,2024-10-24,9236
1528,恩德,59,53,6,凱基-虎尾,2024-10-24,9236
3049,精金,10,4,6,凱基-虎尾,2024-10-24,9236
4561,健椿,7,1,6,凱基-虎尾,2024-10-24,9236
4934,太極,6,0,6,凱基-虎尾,2024-10-24,9236
5452,佶優,6,0,6,凱基-虎尾,2024-10-24,9236
6282,康舒,6,0,6,凱基-虎尾,2024-10-24,9236
2449,京元電子,6,1,5,凱基-虎尾,2024-10-24,9236
8021,尖點,125,7,118,凱基-虎尾,2024-10-25,9236
2303,聯電,119,6,113,凱基-虎尾,2024-10-25,9236
6288,聯嘉,62,7,55,凱基-虎尾,2024-10-25,9236
1307,三芳,54,2,52,凱基-虎尾,2024-10-25,9236
00795B,中信美國公債20年,50,0,50,凱基-虎尾,2024-10-25,9236
2344,華邦電,37,2,35,凱基-虎尾,2024-10-25,9236
2354,鴻準,129,98,31,凱基-虎尾,2024-10-25,9236
00680L,元大美債20正2,30,0,30,凱基-虎尾,2024-10-25,9236
00715L,期街口布蘭特正2,27,0,27,凱基-虎尾,2024-10-25,9236
3149,正達,29,4,25,凱基-虎尾,2024-10-25,9236
4533,協易機,25,0,25,凱基-虎尾,2024-10-25,9236
2454,聯發科,46,23,23,凱基-虎尾,2024-10-25,9236
2481,強茂,22,0,22,凱基-虎尾,2024-10-25,9236
3060,銘異,25,3,22,凱基-虎尾,2024-10-25,9236
3520,華盈,20,0,20,凱基-虎尾,2024-10-25,9236
1326,台化,15,0,15,凱基-虎尾,2024-10-25,9236
2363,矽統,15,0,15,凱基-虎尾,2024-10-25,9236
2312,金寶,24,10,14,凱基-虎尾,2024-10-25,9236
3581,博磊,14,0,14,凱基-虎尾,2024-10-25,9236
3450,聯鈞,16,4,12,凱基-虎尾,2024-10-25,9236
00679B,元大美債20年,15,4,11,凱基-虎尾,2024-10-25,9236
2610,華航,15,4,11,凱基-虎尾,2024-10-25,9236
3013,晟銘電,11,0,11,凱基-虎尾,2024-10-25,9236
3021,鴻名,14,3,11,凱基-虎尾,2024-10-25,9236
00959B,大華投等美債15Y+,10,0,10,凱基-虎尾,2024-10-25,9236
00922,國泰台灣領袖50,10,0,10,凱基-虎尾,2024-10-25,9236
00882,中信中國高股息,12,2,10,凱基-虎尾,2024-10-25,9236
00881,國泰台灣5G+,10,0,10,凱基-虎尾,2024-10-25,9236
3576,聯合再生,10,0,10,凱基-虎尾,2024-10-25,9236
4571,鈞興-KY,10,0,10,凱基-虎尾,2024-10-25,9236
6285,啟��,10,0,10,凱基-虎尾,2024-10-25,9236
1609,大亞,10,0,10,凱基-虎尾,2024-10-25,9236
1708,東鹼,9,0,9,凱基-虎尾,2024-10-25,9236
3597,映興,9,0,9,凱基-虎尾,2024-10-25,9236
1569,濱川,8,0,8,凱基-虎尾,2024-10-25,9236
00687B,國泰20年美債,10,2,8,凱基-虎尾,2024-10-25,9236
00878,國泰永續高股息,8,1,7,凱基-虎尾,2024-10-25,9236
3709,鑫聯大投控,8,1,7,凱基-虎尾,2024-10-25,9236
3209,全科,7,1,6,凱基-虎尾,2024-10-25,9236
00951,台新日本半導體,6,0,6,凱基-虎尾,2024-10-25,9236
2889,國票金,6,0,6,凱基-虎尾,2024-10-25,9236
3704,合勤控,8,2,6,凱基-虎尾,2024-10-25,9236
8011,台通,8,2,6,凱基-虎尾,2024-10-25,9236
8097,常珵,6,0,6,凱基-虎尾,2024-10-25,9236
9911,櫻花,6,0,6,凱基-虎尾,2024-10-25,9236
00960,野村全球航運龍頭,5,0,5,凱基-虎尾,2024-10-25,9236
00652,富邦印度,5,0,5,凱基-虎尾,2024-10-25,9236
1301,台塑,5,0,5,凱基-虎尾,2024-10-25,9236
2388,威盛,10,5,5,凱基-虎尾,2024-10-25,9236
3522,御嵿,5,0,5,凱基-虎尾,2024-10-25,9236
00679B,元大美債20年,127,0,127,凱基-虎尾,2024-10-28,9236
8097,常珵,60,0,60,凱基-虎尾,2024-10-28,9236
00715L,期街口布蘭特正2,77,20,57,凱基-虎尾,2024-10-28,9236
1449,佳和,56,6,50,凱基-虎尾,2024-10-28,9236
5488,松普,45,0,45,凱基-虎尾,2024-10-28,9236
1563,巧新,35,0,35,凱基-虎尾,2024-10-28,9236
3029,零壹,31,0,31,凱基-虎尾,2024-10-28,9236
00960,野村全球航運龍頭,30,0,30,凱基-虎尾,2024-10-28,9236
00664R,國泰臺灣加權反1,30,0,30,凱基-虎尾,2024-10-28,9236
3290,東浦,31,2,29,凱基-虎尾,2024-10-28,9236
6770,力積電,29,0,29,凱基-虎尾,2024-10-28,9236
2883,凱基金,28,0,28,凱基-虎尾,2024-10-28,9236
00706L,期元大S＆P日圓正2,25,0,25,凱基-虎尾,2024-10-28,9236
3272,東碩,24,0,24,凱基-虎尾,2024-10-28,9236
8249,菱光,157,133,24,凱基-虎尾,2024-10-28,9236
2317,鴻海,138,115,23,凱基-虎尾,2024-10-28,9236
2103,台橡,19,0,19,凱基-虎尾,2024-10-28,9236
2367,燿華,20,1,19,凱基-虎尾,2024-10-28,9236
00878,國泰永續高股息,18,0,18,凱基-虎尾,2024-10-28,9236
0056,元大高股息,18,0,18,凱基-虎尾,2024-10-28,9236
00712,復華富時不動產,17,0,17,凱基-虎尾,2024-10-28,9236
00632R,元大台灣50反1,15,0,15,凱基-虎尾,2024-10-28,9236
006208,富邦台50,12,0,12,凱基-虎尾,2024-10-28,9236
00943,兆豐電子高息等權,12,0,12,凱基-虎尾,2024-10-28,9236
6176,瑞儀,12,0,12,凱基-虎尾,2024-10-28,9236
1802,台玻,20,9,11,凱基-虎尾,2024-10-28,9236
2331,精英,11,0,11,凱基-虎尾,2024-10-28,9236
2002,中鋼,10,0,10,凱基-虎尾,2024-10-28,9236
2399,映泰,28,18,10,凱基-虎尾,2024-10-28,9236
2409,友達,10,0,10,凱基-虎尾,2024-10-28,9236
3276,宇環,10,0,10,凱基-虎尾,2024-10-28,9236
4529,淳紳,10,0,10,凱基-虎尾,2024-10-28,9236
2892,第一金,10,0,10,凱基-虎尾,2024-10-28,9236
00882,中信中國高股息,9,0,9,凱基-虎尾,2024-10-28,9236
00937B,群益ESG投等債20,18,9,9,凱基-虎尾,2024-10-28,9236
1504,東元,8,1,7,凱基-虎尾,2024-10-28,9236
2312,金寶,21,14,7,凱基-虎尾,2024-10-28,9236
2303,聯電,14,7,7,凱基-虎尾,2024-10-28,9236
2609,陽明,11,4,7,凱基-虎尾,2024-10-28,9236
2890,永豐金,6,0,6,凱基-虎尾,2024-10-28,9236
4510,高鋒,13,7,6,凱基-虎尾,2024-10-28,9236
5521,工信,6,0,6,凱基-虎尾,2024-10-28,9236
2881,富邦金,5,0,5,凱基-虎尾,2024-10-28,9236
00720B,元大投資級公司債,5,0,5,凱基-虎尾,2024-10-28,9236
2028,威致,5,0,5,凱基-虎尾,2024-10-28,9236
2402,毅嘉,5,0,5,凱基-虎尾,2024-10-28,9236
2426,鼎元,5,0,5,凱基-虎尾,2024-10-28,9236
2429,銘旺科,5,0,5,凱基-虎尾,2024-10-28,9236
2618,長榮航,55,50,5,凱基-虎尾,2024-10-28,9236
3014,聯陽,5,0,5,凱基-虎尾,2024-10-28,9236
1528,恩德,200,35,165,凱基-虎尾,2024-10-29,9236
00915,凱基優選高股息30,64,0,64,凱基-虎尾,2024-10-29,9236
00929,復華台灣科技優息,59,0,59,凱基-虎尾,2024-10-29,9236
00715L,期街口布蘭特正2,54,0,54,凱基-虎尾,2024-10-29,9236
9105,泰金寶-DR,50,0,50,凱基-虎尾,2024-10-29,9236
00673R,期元大S＆P原油反1,60,15,45,凱基-虎尾,2024-10-29,9236
2888,新光金,45,10,35,凱基-虎尾,2024-10-29,9236
2883,凱基金,35,0,35,凱基-虎尾,2024-10-29,9236
3481,群創,30,0,30,凱基-虎尾,2024-10-29,9236
00919,群益台灣精選高息,42,12,30,凱基-虎尾,2024-10-29,9236
2303,聯電,37,8,29,凱基-虎尾,2024-10-29,9236
00943,兆豐電子高息等權,28,0,28,凱基-虎尾,2024-10-29,9236
2881,富邦金,26,1,25,凱基-虎尾,2024-10-29,9236
00918,大華優利高填息30,25,0,25,凱基-虎尾,2024-10-29,9236
3581,博磊,30,5,25,凱基-虎尾,2024-10-29,9236
006208,富邦台50,24,1,23,凱基-虎尾,2024-10-29,9236
0056,元大高股息,22,0,22,凱基-虎尾,2024-10-29,9236
2399,映泰,38,16,22,凱基-虎尾,2024-10-29,9236
8097,常珵,23,1,22,凱基-虎尾,2024-10-29,9236
2367,燿華,21,0,21,凱基-虎尾,2024-10-29,9236
3092,鴻碩,21,0,21,凱基-虎尾,2024-10-29,9236
3290,東浦,21,0,21,凱基-虎尾,2024-10-29,9236
00642U,期元大S＆P石油,20,0,20,凱基-虎尾,2024-10-29,9236
3272,東碩,20,0,20,凱基-虎尾,2024-10-29,9236
6156,松上,19,0,19,凱基-虎尾,2024-10-29,9236
00940,元大台灣價值高息,20,2,18,凱基-虎尾,2024-10-29,9236
00878,國泰永續高股息,18,1,17,凱基-虎尾,2024-10-29,9236
2892,第一金,17,0,17,凱基-虎尾,2024-10-29,9236
1563,巧新,17,0,17,凱基-虎尾,2024-10-29,9236
00888,永豐台灣ESG,15,0,15,凱基-虎尾,2024-10-29,9236
8477,創業家,15,0,15,凱基-虎尾,2024-10-29,9236
00887,永豐中國科技50大,21,7,14,凱基-虎尾,2024-10-29,9236
4114,健喬,14,0,14,凱基-虎尾,2024-10-29,9236
6125,廣運,14,0,14,凱基-虎尾,2024-10-29,9236
00679B,元大美債20年,13,0,13,凱基-虎尾,2024-10-29,9236
00900,富邦特選高股息30,13,0,13,凱基-虎尾,2024-10-29,9236
1785,光洋科,13,2,11,凱基-虎尾,2024-10-29,9236
2371,大同,13,2,11,凱基-虎尾,2024-10-29,9236
2646,星宇航空,12,1,11,凱基-虎尾,2024-10-29,9236
00960,野村全球航運龍頭,10,0,10,凱基-虎尾,2024-10-29,9236
1464,得力,10,0,10,凱基-虎尾,2024-10-29,9236
3363,上詮,10,0,10,凱基-虎尾,2024-10-29,9236
6164,華興,10,0,10,凱基-虎尾,2024-10-29,9236
00922,國泰台灣領袖50,9,0,9,凱基-虎尾,2024-10-29,9236
2028,威致,9,0,9,凱基-虎尾,2024-10-29,9236
6133,金橋,14,5,9,凱基-虎尾,2024-10-29,9236
2405,輔信,8,0,8,凱基-虎尾,2024-10-29,9236
2849,安泰銀,9,1,8,凱基-虎尾,2024-10-29,9236
00930,永豐ESG低碳高息,7,0,7,凱基-虎尾,2024-10-29,9236
00905,FT臺灣Smart,7,0,7,凱基-虎尾,2024-10-29,9236
00671R,富邦NASDAQ反1,104,0,104,凱基-虎尾,2024-10-30,9236
00687B,國泰20年美債,99,0,99,凱基-虎尾,2024-10-30,9236
1303,南亞,67,0,67,凱基-虎尾,2024-10-30,9236
3062,建漢,48,3,45,凱基-虎尾,2024-10-30,9236
6134,萬旭,57,23,34,凱基-虎尾,2024-10-30,9236
5438,東友,26,0,26,凱基-虎尾,2024-10-30,9236
00753L,中信中國50正2,27,2,25,凱基-虎尾,2024-10-30,9236
2888,新光金,25,0,25,凱基-虎尾,2024-10-30,9236
3481,群創,25,0,25,凱基-虎尾,2024-10-30,9236
6216,居易,31,6,25,凱基-虎尾,2024-10-30,9236
1563,巧新,23,0,23,凱基-虎尾,2024-10-30,9236
2303,聯電,34,12,22,凱基-虎尾,2024-10-30,9236
6257,矽格,21,0,21,凱基-虎尾,2024-10-30,9236
00882,中信中國高股息,26,6,20,凱基-虎尾,2024-10-30,9236
1326,台化,20,0,20,凱基-虎尾,2024-10-30,9236
2762,世界健身-KY,20,1,19,凱基-虎尾,2024-10-30,9236
6150,撼訊,19,2,17,凱基-虎尾,2024-10-30,9236
00712,復華富時不動產,16,0,16,凱基-虎尾,2024-10-30,9236
6770,力積電,18,3,15,凱基-虎尾,2024-10-30,9236
2887,台新金,14,0,14,凱基-虎尾,2024-10-30,9236
2472,立隆電,13,0,13,凱基-虎尾,2024-10-30,9236
8070,長華*,13,0,13,凱基-虎尾,2024-10-30,9236
00919,群益台灣精選高息,13,0,13,凱基-虎尾,2024-10-30,9236
1307,三芳,32,20,12,凱基-虎尾,2024-10-30,9236
1314,中石化,11,0,11,凱基-虎尾,2024-10-30,9236
2392,正崴,14,3,11,凱基-虎尾,2024-10-30,9236
6526,達發,11,0,11,凱基-虎尾,2024-10-30,9236
00922,國泰台灣領袖50,10,0,10,凱基-虎尾,2024-10-30,9236
00900,富邦特選高股息30,10,0,10,凱基-虎尾,2024-10-30,9236
00669R,國泰美國道瓊反1,10,0,10,凱基-虎尾,2024-10-30,9236
00664R,國泰臺灣加權反1,10,0,10,凱基-虎尾,2024-10-30,9236
1727,中華化,10,0,10,凱基-虎尾,2024-10-30,9236
2409,友達,10,0,10,凱基-虎尾,2024-10-30,9236
2431,聯昌,10,0,10,凱基-虎尾,2024-10-30,9236
3360,尚立,10,0,10,凱基-虎尾,2024-10-30,9236
4729,熒茂,11,1,10,凱基-虎尾,2024-10-30,9236
6108,競國,20,10,10,凱基-虎尾,2024-10-30,9236
8027,鈦昇,13,3,10,凱基-虎尾,2024-10-30,9236
2313,華通,9,0,9,凱基-虎尾,2024-10-30,9236
00929,復華台灣科技優息,24,15,9,凱基-虎尾,2024-10-30,9236
2426,鼎元,13,4,9,凱基-虎尾,2024-10-30,9236
2881,富邦金,9,0,9,凱基-虎尾,2024-10-30,9236
5871,中租-KY,10,1,9,凱基-虎尾,2024-10-30,9236
006208,富邦台50,8,0,8,凱基-虎尾,2024-10-30,9236
00878,國泰永續高股息,8,0,8,凱基-虎尾,2024-10-30,9236
1512,瑞利,8,0,8,凱基-虎尾,2024-10-30,9236
3234,光環,8,0,8,凱基-虎尾,2024-10-30,9236
00938,凱基優選30,7,0,7,凱基-虎尾,2024-10-30,9236
00934,中信成長高股息,7,0,7,凱基-虎尾,2024-10-30,9236
1568,倉佑,7,0,7,凱基-虎尾,2024-10-30,9236
00753L,中信中國50正2,200,0,200,凱基-虎尾,2024-11-01,9236
8107,大億金茂,106,0,106,凱基-虎尾,2024-11-01,9236
1721,三晃,87,2,85,凱基-虎尾,2024-11-01,9236
8176,智捷,62,0,62,凱基-虎尾,2024-11-01,9236
2317,鴻海,55,8,47,凱基-虎尾,2024-11-01,9236
2303,聯電,45,4,41,凱基-虎尾,2024-11-01,9236
2399,映泰,48,7,41,凱基-虎尾,2024-11-01,9236
00673R,期元大S＆P原油反1,32,0,32,凱基-虎尾,2024-11-01,9236
2354,鴻準,112,81,31,凱基-虎尾,2024-11-01,9236
8021,尖點,30,1,29,凱基-虎尾,2024-11-01,9236
2609,陽明,43,16,27,凱基-虎尾,2024-11-01,9236
6133,金橋,39,13,26,凱基-虎尾,2024-11-01,9236
00919,群益台灣精選高息,21,0,21,凱基-虎尾,2024-11-01,9236
4527,方土霖,20,0,20,凱基-虎尾,2024-11-01,9236
00929,復華台灣科技優息,23,4,19,凱基-虎尾,2024-11-01,9236
1563,巧新,18,0,18,凱基-虎尾,2024-11-01,9236
00878,國泰永續高股息,18,0,18,凱基-虎尾,2024-11-01,9236
00937B,群益ESG投等債20,16,1,15,凱基-虎尾,2024-11-01,9236
00939,統一台灣高息動能,14,0,14,凱基-虎尾,2024-11-01,9236
3450,聯鈞,18,4,14,凱基-虎尾,2024-11-01,9236
2880,華南金,12,0,12,凱基-虎尾,2024-11-01,9236
5607,遠雄港,12,0,12,凱基-虎尾,2024-11-01,9236
00940,元大台灣價值高息,12,0,12,凱基-虎尾,2024-11-01,9236
2431,聯昌,27,16,11,凱基-虎尾,2024-11-01,9236
2615,萬海,42,31,11,凱基-虎尾,2024-11-01,9236
00938,凱基優選30,10,0,10,凱基-虎尾,2024-11-01,9236
00932,兆豐永續高息等權,10,0,10,凱基-虎尾,2024-11-01,9236
00943,兆豐電子高息等權,10,0,10,凱基-虎尾,2024-11-01,9236
2367,燿華,11,1,10,凱基-虎尾,2024-11-01,9236
2745,五福,10,0,10,凱基-虎尾,2024-11-01,9236
4303,信立,16,6,10,凱基-虎尾,2024-11-01,9236
6768,志強-KY,10,0,10,凱基-虎尾,2024-11-01,9236
5880,合庫金,10,0,10,凱基-虎尾,2024-11-01,9236
00922,國泰台灣領袖50,9,0,9,凱基-虎尾,2024-11-01,9236
3593,力銘,9,0,9,凱基-虎尾,2024-11-01,9236
006208,富邦台50,9,0,9,凱基-虎尾,2024-11-01,9236
00945B,凱基美國非投等債,8,0,8,凱基-虎尾,2024-11-01,9236
2328,廣宇,8,0,8,凱基-虎尾,2024-11-01,9236
0056,元大高股息,7,0,7,凱基-虎尾,2024-11-01,9236
00941,中信上游半導體,7,0,7,凱基-虎尾,2024-11-01,9236
6509,聚和,7,0,7,凱基-虎尾,2024-11-01,9236
8111,立��,10,3,7,凱基-虎尾,2024-11-01,9236
00918,大華優利高填息30,6,0,6,凱基-虎尾,2024-11-01,9236
1307,三芳,46,40,6,凱基-虎尾,2024-11-01,9236
2834,臺企銀,6,0,6,凱基-虎尾,2024-11-01,9236
4526,東台,6,0,6,凱基-虎尾,2024-11-01,9236
5871,中租-KY,5,0,5,凱基-虎尾,2024-11-01,9236
00923,群益台ESG低碳50,5,0,5,凱基-虎尾,2024-11-01,9236
1314,中石化,5,0,5,凱基-虎尾,2024-11-01,9236
1808,潤隆,13,8,5,凱基-虎尾,2024-11-01,9236
2337,旺宏,102,5,97,凱基-虎尾,2024-11-04,9236
00943,兆豐電子高息等權,81,10,71,凱基-虎尾,2024-11-04,9236
00712,復華富時不動產,69,0,69,凱基-虎尾,2024-11-04,9236
2371,大同,63,13,50,凱基-虎尾,2024-11-04,9236
00937B,群益ESG投等債20,47,0,47,凱基-虎尾,2024-11-04,9236
2845,遠東銀,40,0,40,凱基-虎尾,2024-11-04,9236
00680L,元大美債20正2,31,0,31,凱基-虎尾,2024-11-04,9236
3049,精金,51,20,31,凱基-虎尾,2024-11-04,9236
2344,華邦電,30,0,30,凱基-虎尾,2024-11-04,9236
8390,金益鼎,31,1,30,凱基-虎尾,2024-11-04,9236
00932,兆豐永續高息等權,29,0,29,凱基-虎尾,2024-11-04,9236
2399,映泰,38,12,26,凱基-虎尾,2024-11-04,9236
00878,國泰永續高股息,24,1,23,凱基-虎尾,2024-11-04,9236
2303,聯電,28,5,23,凱基-虎尾,2024-11-04,9236
00945B,凱基美國非投等債,20,0,20,凱基-虎尾,2024-11-04,9236
00882,中信中國高股息,22,2,20,凱基-虎尾,2024-11-04,9236
00753L,中信中國50正2,20,0,20,凱基-虎尾,2024-11-04,9236
3037,欣興,19,1,18,凱基-虎尾,2024-11-04,9236
8011,台通,24,6,18,凱基-虎尾,2024-11-04,9236
00687B,國泰20年美債,16,0,16,凱基-虎尾,2024-11-04,9236
3450,聯鈞,23,7,16,凱基-虎尾,2024-11-04,9236
1307,三芳,15,0,15,凱基-虎尾,2024-11-04,9236
2801,彰銀,15,0,15,凱基-虎尾,2024-11-04,9236
2431,聯昌,65,51,14,凱基-虎尾,2024-11-04,9236
00919,群益台灣精選高息,15,2,13,凱基-虎尾,2024-11-04,9236
00891,中信關鍵半導體,12,0,12,凱基-虎尾,2024-11-04,9236
6282,康舒,15,3,12,凱基-虎尾,2024-11-04,9236
2609,陽明,83,71,12,凱基-虎尾,2024-11-04,9236
2204,中華,12,1,11,凱基-虎尾,2024-11-04,9236
00930,永豐ESG低碳高息,10,0,10,凱基-虎尾,2024-11-04,9236
2883,凱基金,13,3,10,凱基-虎尾,2024-11-04,9236
2489,瑞軒,10,1,9,凱基-虎尾,2024-11-04,9236
2646,星宇航空,10,2,8,凱基-虎尾,2024-11-04,9236
3062,建漢,15,7,8,凱基-虎尾,2024-11-04,9236
1808,潤隆,10,3,7,凱基-虎尾,2024-11-04,9236
2426,鼎元,11,4,7,凱基-虎尾,2024-11-04,9236
6560,欣普羅,7,0,7,凱基-虎尾,2024-11-04,9236
3211,順達,6,0,6,凱基-虎尾,2024-11-04,9236
6176,瑞儀,6,0,6,凱基-虎尾,2024-11-04,9236
5508,永信建,10,5,5,凱基-虎尾,2024-11-04,9236
00948B,中信優息投資級債,5,0,5,凱基-虎尾,2024-11-04,9236
00720B,元大投資級公司債,5,0,5,凱基-虎尾,2024-11-04,9236
2323,中環,5,0,5,凱基-虎尾,2024-11-04,9236
2417,圓剛,5,0,5,凱基-虎尾,2024-11-04,9236
2429,銘旺科,5,0,5,凱基-虎尾,2024-11-04,9236
2481,強茂,5,0,5,凱基-虎尾,2024-11-04,9236
2745,五福,5,0,5,凱基-虎尾,2024-11-04,9236
3265,台星科,5,0,5,凱基-虎尾,2024-11-04,9236
4919,新唐,6,1,5,凱基-虎尾,2024-11-04,9236
5438,東友,6,1,5,凱基-虎尾,2024-11-04,9236
00687B,國泰20年美債,52,0,52,凱基-虎尾,2024-11-05,9236
00680L,元大美債20正2,55,3,52,凱基-虎尾,2024-11-05,9236
3025,星通,93,44,49,凱基-虎尾,2024-11-05,9236
9907,統一實,50,1,49,凱基-虎尾,2024-11-05,9236
2834,臺企銀,34,0,34,凱基-虎尾,2024-11-05,9236
2303,聯電,35,1,34,凱基-虎尾,2024-11-05,9236
2399,映泰,38,6,32,凱基-虎尾,2024-11-05,9236
2337,旺宏,31,0,31,凱基-虎尾,2024-11-05,9236
3231,緯創,3062,3040,22,凱基-虎尾,2024-11-05,9236
2603,長榮,29,12,17,凱基-虎尾,2024-11-05,9236
8249,菱光,56,39,17,凱基-虎尾,2024-11-05,9236
2330,台積電,378,361,17,凱基-虎尾,2024-11-05,9236
00919,群益台灣精選高息,22,6,16,凱基-虎尾,2024-11-05,9236
00713,元大台灣高息低波,16,3,13,凱基-虎尾,2024-11-05,9236
2354,鴻準,74,62,12,凱基-虎尾,2024-11-05,9236
4772,台特化,13,1,12,凱基-虎尾,2024-11-05,9236
3490,單井,16,5,11,凱基-虎尾,2024-11-05,9236
1563,巧新,10,0,10,凱基-虎尾,2024-11-05,9236
3379,彬台,21,11,10,凱基-虎尾,2024-11-05,9236
3706,神達,13,3,10,凱基-虎尾,2024-11-05,9236
4561,健椿,20,10,10,凱基-虎尾,2024-11-05,9236
6405,悅城,10,0,10,凱基-虎尾,2024-11-05,9236
8088,品安,10,0,10,凱基-虎尾,2024-11-05,9236
2615,萬海,35,25,10,凱基-虎尾,2024-11-05,9236
00878,國泰永續高股息,12,2,10,凱基-虎尾,2024-11-05,9236
2646,星宇航空,10,1,9,凱基-虎尾,2024-11-05,9236
2069,運錩,9,0,9,凱基-虎尾,2024-11-05,9236
6176,瑞儀,8,0,8,凱基-虎尾,2024-11-05,9236
2356,英業達,53,46,7,凱基-虎尾,2024-11-05,9236
5315,光聯,25,18,7,凱基-虎尾,2024-11-05,9236
5452,佶優,7,0,7,凱基-虎尾,2024-11-05,9236
5880,合庫金,6,0,6,凱基-虎尾,2024-11-05,9236
2376,技嘉,8,2,6,凱基-虎尾,2024-11-05,9236
4303,信立,6,0,6,凱基-虎尾,2024-11-05,9236
6133,金橋,6,0,6,凱基-虎尾,2024-11-05,9236
2382,廣達,54,49,5,凱基-虎尾,2024-11-05,9236
1528,恩德,60,55,5,凱基-虎尾,2024-11-05,9236
2472,立隆電,5,0,5,凱基-虎尾,2024-11-05,9236
2929,淘帝-KY,5,0,5,凱基-虎尾,2024-11-05,9236
3265,台星科,5,0,5,凱基-虎尾,2024-11-05,9236
3607,谷崧,5,0,5,凱基-虎尾,2024-11-05,9236
6658,聯策,5,0,5,凱基-虎尾,2024-11-05,9236
8070,長華*,5,0,5,凱基-虎尾,2024-11-05,9236
2884,玉山金,4,0,4,凱基-虎尾,2024-11-05,9236
2405,輔信,4,0,4,凱基-虎尾,2024-11-05,9236
1437,勤益控,4,0,4,凱基-虎尾,2024-11-05,9236
2362,藍天,5,1,4,凱基-虎尾,2024-11-05,9236
4714,永捷,4,0,4,凱基-虎尾,2024-11-05,9236
5015,華祺,4,0,4,凱基-虎尾,2024-11-05,9236
5426,振發,4,0,4,凱基-虎尾,2024-11-05,9236
2312,金寶,382,232,150,凱基-虎尾,2024-11-06,9236
00687B,國泰20年美債,125,10,115,凱基-虎尾,2024-11-06,9236
6505,台塑化,110,0,110,凱基-虎尾,2024-11-06,9236
2618,長榮航,100,0,100,凱基-虎尾,2024-11-06,9236
00706L,期元大S＆P日圓正2,80,0,80,凱基-虎尾,2024-11-06,9236
2356,英業達,140,69,71,凱基-虎尾,2024-11-06,9236
3047,訊舟,68,0,68,凱基-虎尾,2024-11-06,9236
00753L,中信中國50正2,67,0,67,凱基-虎尾,2024-11-06,9236
00679B,元大美債20年,80,32,48,凱基-虎尾,2024-11-06,9236
1449,佳和,123,75,48,凱基-虎尾,2024-11-06,9236
00937B,群益ESG投等債20,43,0,43,凱基-虎尾,2024-11-06,9236
2303,聯電,57,14,43,凱基-虎尾,2024-11-06,9236
2489,瑞軒,51,10,41,凱基-虎尾,2024-11-06,9236
2888,新光金,40,0,40,凱基-虎尾,2024-11-06,9236
5386,青雲,33,1,32,凱基-虎尾,2024-11-06,9236
2421,建準,27,3,24,凱基-虎尾,2024-11-06,9236
2353,宏��,26,5,21,凱基-虎尾,2024-11-06,9236
00751B,元大AAA至A公司債,20,0,20,凱基-虎尾,2024-11-06,9236
00696B,富邦美債20年,20,0,20,凱基-虎尾,2024-11-06,9236
2344,華邦電,20,0,20,凱基-虎尾,2024-11-06,9236
3149,正達,36,16,20,凱基-虎尾,2024-11-06,9236
3014,聯陽,21,2,19,凱基-虎尾,2024-11-06,9236
2431,聯昌,70,53,17,凱基-虎尾,2024-11-06,9236
00877,復華中國5G,20,5,15,凱基-虎尾,2024-11-06,9236
4958,臻鼎-KY,15,0,15,凱基-虎尾,2024-11-06,9236
6706,惠特,15,0,15,凱基-虎尾,2024-11-06,9236
2834,臺企銀,15,0,15,凱基-虎尾,2024-11-06,9236
2354,鴻準,37,26,11,凱基-虎尾,2024-11-06,9236
8028,昇陽半導體,12,1,11,凱基-虎尾,2024-11-06,9236
3689,湧德,12,2,10,凱基-虎尾,2024-11-06,9236
00902,中信電池及儲能,10,0,10,凱基-虎尾,2024-11-06,9236
1785,光洋科,25,15,10,凱基-虎尾,2024-11-06,9236
2329,華泰,10,0,10,凱基-虎尾,2024-11-06,9236
2915,潤泰全,10,0,10,凱基-虎尾,2024-11-06,9236
3055,蔚華科,11,1,10,凱基-虎尾,2024-11-06,9236
3211,順達,11,1,10,凱基-虎尾,2024-11-06,9236
3490,單井,10,0,10,凱基-虎尾,2024-11-06,9236
8176,智捷,10,0,10,凱基-虎尾,2024-11-06,9236
8463,潤泰材,10,0,10,凱基-虎尾,2024-11-06,9236
2408,南亞科,10,0,10,凱基-虎尾,2024-11-06,9236
2399,映泰,22,13,9,凱基-虎尾,2024-11-06,9236
3033,威健,10,1,9,凱基-虎尾,2024-11-06,9236
3715,定穎投控,10,1,9,凱基-虎尾,2024-11-06,9236
8261,富鼎,11,2,9,凱基-虎尾,2024-11-06,9236
3062,建漢,14,6,8,凱基-虎尾,2024-11-06,9236
2014,中鴻,9,2,7,凱基-虎尾,2024-11-06,9236
2351,順德,7,0,7,凱基-虎尾,2024-11-06,9236
00830,國泰費城半導體,7,0,7,凱基-虎尾,2024-11-06,9236
2243,宏旭-KY,7,0,7,凱基-虎尾,2024-11-06,9236
2301,光寶科,9,2,7,凱基-虎尾,2024-11-06,9236
3049,精金,110,10,100,凱基-虎尾,2024-11-07,9236
2888,新光金,80,0,80,凱基-虎尾,2024-11-07,9236
00673R,期元大S＆P原油反1,51,0,51,凱基-虎尾,2024-11-07,9236
4729,熒茂,52,1,51,凱基-虎尾,2024-11-07,9236
1307,三芳,50,0,50,凱基-虎尾,2024-11-07,9236
1569,濱川,50,0,50,凱基-虎尾,2024-11-07,9236
3481,群創,122,76,46,凱基-虎尾,2024-11-07,9236
00712,復華富時不動產,37,0,37,凱基-虎尾,2024-11-07,9236
3211,順達,34,0,34,凱基-虎尾,2024-11-07,9236
2399,映泰,42,10,32,凱基-虎尾,2024-11-07,9236
2337,旺宏,31,0,31,凱基-虎尾,2024-11-07,9236
2409,友達,37,7,30,凱基-虎尾,2024-11-07,9236
2915,潤泰全,30,0,30,凱基-虎尾,2024-11-07,9236
8096,擎亞,40,12,28,凱基-虎尾,2024-11-07,9236
00878,國泰永續高股息,36,9,27,凱基-虎尾,2024-11-07,9236
00632R,元大台灣50反1,24,0,24,凱基-虎尾,2024-11-07,9236
2303,聯電,51,27,24,凱基-虎尾,2024-11-07,9236
2324,仁寶,59,36,23,凱基-虎尾,2024-11-07,9236
3037,欣興,35,12,23,凱基-虎尾,2024-11-07,9236
00706L,期元大S＆P日圓正2,20,0,20,凱基-虎尾,2024-11-07,9236
2855,統一證,20,0,20,凱基-虎尾,2024-11-07,9236
1605,華新,19,0,19,凱基-虎尾,2024-11-07,9236
00679B,元大美債20年,19,1,18,凱基-虎尾,2024-11-07,9236
8064,東捷,31,14,17,凱基-虎尾,2024-11-07,9236
2101,南港,16,0,16,凱基-虎尾,2024-11-07,9236
9105,泰金寶-DR,27,11,16,凱基-虎尾,2024-11-07,9236
6176,瑞儀,15,0,15,凱基-虎尾,2024-11-07,9236
2607,榮運,15,0,15,凱基-虎尾,2024-11-07,9236
4772,台特化,18,3,15,凱基-虎尾,2024-11-07,9236
8261,富鼎,16,2,14,凱基-虎尾,2024-11-07,9236
3706,神達,18,5,13,凱基-虎尾,2024-11-07,9236
6443,元晶,13,0,13,凱基-虎尾,2024-11-07,9236
2457,飛宏,12,0,12,凱基-虎尾,2024-11-07,9236
3189,景碩,17,5,12,凱基-虎尾,2024-11-07,9236
1101,台泥,11,0,11,凱基-虎尾,2024-11-07,9236
6005,群益證,10,0,10,凱基-虎尾,2024-11-07,9236
00887,永豐中國科技50大,10,0,10,凱基-虎尾,2024-11-07,9236
00899,FT潔淨能源,10,0,10,凱基-虎尾,2024-11-07,9236
00933B,國泰10Y+金融債,10,0,10,凱基-虎尾,2024-11-07,9236
1707,葡萄王,10,0,10,凱基-虎尾,2024-11-07,9236
1809,中釉,10,0,10,凱基-虎尾,2024-11-07,9236
2402,毅嘉,10,0,10,凱基-虎尾,2024-11-07,9236
3221,台嘉碩,10,0,10,凱基-虎尾,2024-11-07,9236
3437,榮創,10,0,10,凱基-虎尾,2024-11-07,9236
4956,光鋐,10,0,10,凱基-虎尾,2024-11-07,9236
5009,榮剛,10,0,10,凱基-虎尾,2024-11-07,9236
6188,廣明,11,1,10,凱基-虎尾,2024-11-07,9236
2313,華通,27,18,9,凱基-虎尾,2024-11-07,9236
2515,中工,10,1,9,凱基-虎尾,2024-11-07,9236
00915,凱基優選高股息30,11,2,9,凱基-虎尾,2024-11-07,9236
9945,潤泰新,100,1,99,凱基-虎尾,2024-11-08,9236
2388,威盛,87,0,87,凱基-虎尾,2024-11-08,9236
3290,東浦,131,48,83,凱基-虎尾,2024-11-08,9236
00891,中信關鍵半導體,77,2,75,凱基-虎尾,2024-11-08,9236
2344,華邦電,60,4,56,凱基-虎尾,2024-11-08,9236
2337,旺宏,60,11,49,凱基-虎尾,2024-11-08,9236
2489,瑞軒,42,5,37,凱基-虎尾,2024-11-08,9236
4979,華星光,45,11,34,凱基-虎尾,2024-11-08,9236
2883,凱基金,38,7,31,凱基-虎尾,2024-11-08,9236
00893,國泰智能電動車,30,0,30,凱基-虎尾,2024-11-08,9236
4526,東台,33,3,30,凱基-虎尾,2024-11-08,9236
4956,光鋐,30,0,30,凱基-虎尾,2024-11-08,9236
2888,新光金,60,30,30,凱基-虎尾,2024-11-08,9236
00878,國泰永續高股息,29,0,29,凱基-虎尾,2024-11-08,9236
2101,南港,41,12,29,凱基-虎尾,2024-11-08,9236
2405,輔信,34,7,27,凱基-虎尾,2024-11-08,9236
4510,高鋒,39,12,27,凱基-虎尾,2024-11-08,9236
6505,台塑化,26,1,25,凱基-虎尾,2024-11-08,9236
00632R,元大台灣50反1,25,0,25,凱基-虎尾,2024-11-08,9236
6742,澤米,25,0,25,凱基-虎尾,2024-11-08,9236
00637L,元大滬深300正2,25,1,24,凱基-虎尾,2024-11-08,9236
00671R,富邦NASDAQ反1,20,0,20,凱基-虎尾,2024-11-08,9236
2312,金寶,29,12,17,凱基-虎尾,2024-11-08,9236
00669R,國泰美國道瓊反1,15,0,15,凱基-虎尾,2024-11-08,9236
3056,富華新,15,0,15,凱基-虎尾,2024-11-08,9236
4564,元翎,15,0,15,凱基-虎尾,2024-11-08,9236
5471,松翰,15,0,15,凱基-虎尾,2024-11-08,9236
3162,精確,16,2,14,凱基-虎尾,2024-11-08,9236
1216,統一,13,0,13,凱基-虎尾,2024-11-08,9236
8096,擎亞,39,26,13,凱基-虎尾,2024-11-08,9236
2331,精英,12,0,12,凱基-虎尾,2024-11-08,9236
1815,富喬,17,6,11,凱基-虎尾,2024-11-08,9236
3149,正達,18,7,11,凱基-虎尾,2024-11-08,9236
6830,汎銓,16,5,11,凱基-虎尾,2024-11-08,9236
8043,蜜望實,21,10,11,凱基-虎尾,2024-11-08,9236
2892,第一金,11,1,10,凱基-虎尾,2024-11-08,9236
2356,英業達,28,18,10,凱基-虎尾,2024-11-08,9236
00940,元大台灣價值高息,10,0,10,凱基-虎尾,2024-11-08,9236
1802,台玻,10,0,10,凱基-虎尾,2024-11-08,9236
2607,榮運,10,0,10,凱基-虎尾,2024-11-08,9236
3066,李洲,10,0,10,凱基-虎尾,2024-11-08,9236
3308,聯德,10,0,10,凱基-虎尾,2024-11-08,9236
4137,麗豐-KY,10,0,10,凱基-虎尾,2024-11-08,9236
6288,聯嘉,21,11,10,凱基-虎尾,2024-11-08,9236
2368,金像電,11,1,10,凱基-虎尾,2024-11-08,9236
3450,聯鈞,23,14,9,凱基-虎尾,2024-11-08,9236
4967,十銓,12,3,9,凱基-虎尾,2024-11-08,9236
00932,兆豐永續高息等權,9,0,9,凱基-虎尾,2024-11-08,9236
2613,中櫃,25,16,9,凱基-虎尾,2024-11-08,9236
2615,萬海,31,22,9,凱基-虎尾,2024-11-08,9236
00680L,元大美債20正2,50,0,50,凱基-虎尾,2024-11-11,9236
00893,國泰智能電動車,40,0,40,凱基-虎尾,2024-11-11,9236
2399,映泰,44,4,40,凱基-虎尾,2024-11-11,9236
3025,星通,36,0,36,凱基-虎尾,2024-11-11,9236
00878,國泰永續高股息,34,0,34,凱基-虎尾,2024-11-11,9236
2882,國泰金,33,2,31,凱基-虎尾,2024-11-11,9236
2356,英業達,89,59,30,凱基-虎尾,2024-11-11,9236
5443,均豪,31,2,29,凱基-虎尾,2024-11-11,9236
2489,瑞軒,25,3,22,凱基-虎尾,2024-11-11,9236
2915,潤泰全,21,0,21,凱基-虎尾,2024-11-11,9236
6108,競國,21,0,21,凱基-虎尾,2024-11-11,9236
3712,永崴投控,22,2,20,凱基-虎尾,2024-11-11,9236
6288,聯嘉,29,9,20,凱基-虎尾,2024-11-11,9236
2888,新光金,30,14,16,凱基-虎尾,2024-11-11,9236
4167,松瑞藥,15,0,15,凱基-虎尾,2024-11-11,9236
6763,綠界科技*,20,5,15,凱基-虎尾,2024-11-11,9236
2607,榮運,15,0,15,凱基-虎尾,2024-11-11,9236
2426,鼎元,16,2,14,凱基-虎尾,2024-11-11,9236
8099,大世科,14,0,14,凱基-虎尾,2024-11-11,9236
00753L,中信中國50正2,15,2,13,凱基-虎尾,2024-11-11,9236
1524,耿鼎,16,3,13,凱基-虎尾,2024-11-11,9236
9945,潤泰新,25,12,13,凱基-虎尾,2024-11-11,9236
4958,臻鼎-KY,13,1,12,凱基-虎尾,2024-11-11,9236
6285,啟��,12,0,12,凱基-虎尾,2024-11-11,9236
1314,中石化,12,0,12,凱基-虎尾,2024-11-11,9236
3013,晟銘電,20,8,12,凱基-虎尾,2024-11-11,9236
6187,萬潤,13,1,12,凱基-虎尾,2024-11-11,9236
00715L,期街口布蘭特正2,11,0,11,凱基-虎尾,2024-11-11,9236
2027,大成鋼,11,0,11,凱基-虎尾,2024-11-11,9236
2444,兆勁,14,3,11,凱基-虎尾,2024-11-11,9236
00635U,期元大S＆P黃金,10,0,10,凱基-虎尾,2024-11-11,9236
2353,宏��,10,0,10,凱基-虎尾,2024-11-11,9236
6125,廣運,10,0,10,凱基-虎尾,2024-11-11,9236
00706L,期元大S＆P日圓正2,10,0,10,凱基-虎尾,2024-11-11,9236
1605,華新,20,10,10,凱基-虎尾,2024-11-11,9236
1707,葡萄王,10,0,10,凱基-虎尾,2024-11-11,9236
2337,旺宏,10,0,10,凱基-虎尾,2024-11-11,9236
2409,友達,10,0,10,凱基-虎尾,2024-11-11,9236
3092,鴻碩,10,0,10,凱基-虎尾,2024-11-11,9236
4903,聯光通,16,6,10,凱基-虎尾,2024-11-11,9236
6005,群益證,10,0,10,凱基-虎尾,2024-11-11,9236
8176,智捷,10,0,10,凱基-虎尾,2024-11-11,9236
2332,友訊,9,0,9,凱基-虎尾,2024-11-11,9236
2881,富邦金,9,0,9,凱基-虎尾,2024-11-11,9236
006208,富邦台50,8,0,8,凱基-虎尾,2024-11-11,9236
1447,力鵬,8,0,8,凱基-虎尾,2024-11-11,9236
2646,星宇航空,13,5,8,凱基-虎尾,2024-11-11,9236
1708,東鹼,7,0,7,凱基-虎尾,2024-11-11,9236
2615,萬海,22,15,7,凱基-虎尾,2024-11-11,9236
2834,臺企銀,7,0,7,凱基-虎尾,2024-11-11,9236
2888,新光金,160,50,110,凱基-虎尾,2024-11-12,9236
1789,神隆,85,0,85,凱基-虎尾,2024-11-12,9236
00878,國泰永續高股息,67,0,67,凱基-虎尾,2024-11-12,9236
2915,潤泰全,54,2,52,凱基-虎尾,2024-11-12,9236
00932,兆豐永續高息等權,51,0,51,凱基-虎尾,2024-11-12,9236
8011,台通,50,8,42,凱基-虎尾,2024-11-12,9236
2455,全新,38,3,35,凱基-虎尾,2024-11-12,9236
2609,陽明,136,104,32,凱基-虎尾,2024-11-12,9236
2892,第一金,32,0,32,凱基-虎尾,2024-11-12,9236
00893,國泰智能電動車,30,0,30,凱基-虎尾,2024-11-12,9236
3162,精確,30,0,30,凱基-虎尾,2024-11-12,9236
00929,復華台灣科技優息,60,30,30,凱基-虎尾,2024-11-12,9236
2353,宏��,24,1,23,凱基-虎尾,2024-11-12,9236
00930,永豐ESG低碳高息,22,0,22,凱基-虎尾,2024-11-12,9236
3290,東浦,21,0,21,凱基-虎尾,2024-11-12,9236
9105,泰金寶-DR,20,0,20,凱基-虎尾,2024-11-12,9236
0056,元大高股息,21,1,20,凱基-虎尾,2024-11-12,9236
00915,凱基優選高股息30,19,0,19,凱基-虎尾,2024-11-12,9236
2607,榮運,18,0,18,凱基-虎尾,2024-11-12,9236
2303,聯電,17,0,17,凱基-虎尾,2024-11-12,9236
9945,潤泰新,16,0,16,凱基-虎尾,2024-11-12,9236
00891,中信關鍵半導體,14,0,14,凱基-虎尾,2024-11-12,9236
2409,友達,14,0,14,凱基-虎尾,2024-11-12,9236
2431,聯昌,20,6,14,凱基-虎尾,2024-11-12,9236
00713,元大台灣高息低波,13,0,13,凱基-虎尾,2024-11-12,9236
5871,中租-KY,15,1,14,凱基-虎尾,2024-11-12,9236
2312,金寶,17,6,11,凱基-虎尾,2024-11-12,9236
2605,新興,14,3,11,凱基-虎尾,2024-11-12,9236
2615,萬海,18,7,11,凱基-虎尾,2024-11-12,9236
3481,群創,52,41,11,凱基-虎尾,2024-11-12,9236
00665L,富邦�琤肭磪囓�2,25,15,10,凱基-虎尾,2024-11-12,9236
00753L,中信中國50正2,15,5,10,凱基-虎尾,2024-11-12,9236
1707,葡萄王,10,0,10,凱基-虎尾,2024-11-12,9236
1711,永光,10,0,10,凱基-虎尾,2024-11-12,9236
2371,大同,10,0,10,凱基-虎尾,2024-11-12,9236
3092,鴻碩,10,0,10,凱基-虎尾,2024-11-12,9236
3308,聯德,10,0,10,凱基-虎尾,2024-11-12,9236
8103,瀚荃,10,0,10,凱基-虎尾,2024-11-12,9236
2887,台新金,9,0,9,凱基-虎尾,2024-11-12,9236
00881,國泰台灣5G+,9,0,9,凱基-虎尾,2024-11-12,9236
1815,富喬,10,1,9,凱基-虎尾,2024-11-12,9236
2399,映泰,9,0,9,凱基-虎尾,2024-11-12,9236
5243,乙盛-KY,52,43,9,凱基-虎尾,2024-11-12,9236
8429,金麗-KY,9,0,9,凱基-虎尾,2024-11-12,9236
1313,聯成,9,0,9,凱基-虎尾,2024-11-12,9236
2330,台積電,11,3,8,凱基-虎尾,2024-11-12,9236
2313,華通,8,0,8,凱基-虎尾,2024-11-12,9236
6187,萬潤,10,2,8,凱基-虎尾,2024-11-12,9236
1301,台塑,10,2,8,凱基-虎尾,2024-11-12,9236
2344,華邦電,8,0,8,凱基-虎尾,2024-11-12,9236
00632R,元大台灣50反1,165,15,150,凱基-虎尾,2024-11-13,9236
2349,錸德,158,30,128,凱基-虎尾,2024-11-13,9236
9904,寶成,82,1,81,凱基-虎尾,2024-11-13,9236
00687B,國泰20年美債,75,0,75,凱基-虎尾,2024-11-13,9236
00878,國泰永續高股息,53,0,53,凱基-虎尾,2024-11-13,9236
2356,英業達,62,13,49,凱基-虎尾,2024-11-13,9236
3520,華盈,59,12,47,凱基-虎尾,2024-11-13,9236
2455,全新,36,2,34,凱基-虎尾,2024-11-13,9236
00680L,元大美債20正2,35,1,34,凱基-虎尾,2024-11-13,9236
2609,陽明,57,25,32,凱基-虎尾,2024-11-13,9236
6282,康舒,34,6,28,凱基-虎尾,2024-11-13,9236
00673R,期元大S＆P原油反1,25,0,25,凱基-虎尾,2024-11-13,9236
2495,普安,25,1,24,凱基-虎尾,2024-11-13,9236
2324,仁寶,56,34,22,凱基-虎尾,2024-11-13,9236
6609,瀧澤科,22,1,21,凱基-虎尾,2024-11-13,9236
00715L,期街口布蘭特正2,20,0,20,凱基-虎尾,2024-11-13,9236
1528,恩德,32,12,20,凱基-虎尾,2024-11-13,9236
2323,中環,20,0,20,凱基-虎尾,2024-11-13,9236
3252,海灣,20,0,20,凱基-虎尾,2024-11-13,9236
2317,鴻海,22,3,19,凱基-虎尾,2024-11-13,9236
00679B,元大美債20年,18,0,18,凱基-虎尾,2024-11-13,9236
1611,中電,18,0,18,凱基-虎尾,2024-11-13,9236
00882,中信中國高股息,20,4,16,凱基-虎尾,2024-11-13,9236
3481,群創,16,0,16,凱基-虎尾,2024-11-13,9236
00915,凱基優選高股息30,14,0,14,凱基-虎尾,2024-11-13,9236
00919,群益台灣精選高息,15,1,14,凱基-虎尾,2024-11-13,9236
2374,佳能,13,0,13,凱基-虎尾,2024-11-13,9236
1815,富喬,18,7,11,凱基-虎尾,2024-11-13,9236
2543,皇昌,20,9,11,凱基-虎尾,2024-11-13,9236
2915,潤泰全,11,0,11,凱基-虎尾,2024-11-13,9236
3231,緯創,22,11,11,凱基-虎尾,2024-11-13,9236
6505,台塑化,13,3,10,凱基-虎尾,2024-11-13,9236
00959B,大華投等美債15Y+,10,0,10,凱基-虎尾,2024-11-13,9236
1210,大成,10,0,10,凱基-虎尾,2024-11-13,9236
00899,FT潔淨能源,10,0,10,凱基-虎尾,2024-11-13,9236
1582,信錦,10,0,10,凱基-虎尾,2024-11-13,9236
1721,三晃,10,0,10,凱基-虎尾,2024-11-13,9236
2206,三陽工業,11,1,10,凱基-虎尾,2024-11-13,9236
2303,聯電,12,2,10,凱基-虎尾,2024-11-13,9236
2337,旺宏,10,0,10,凱基-虎尾,2024-11-13,9236
2883,凱基金,11,1,10,凱基-虎尾,2024-11-13,9236
3265,台星科,10,0,10,凱基-虎尾,2024-11-13,9236
4960,誠美材,10,0,10,凱基-虎尾,2024-11-13,9236
9919,康那香,10,0,10,凱基-虎尾,2024-11-13,9236
2330,台積電,1220,1210,10,凱基-虎尾,2024-11-13,9236
9945,潤泰新,12,3,9,凱基-虎尾,2024-11-13,9236
00712,復華富時不動產,9,0,9,凱基-虎尾,2024-11-13,9236
00939,統一台灣高息動能,9,0,9,凱基-虎尾,2024-11-13,9236
2392,正崴,40,31,9,凱基-虎尾,2024-11-13,9236
3312,弘憶股,11,2,9,凱基-虎尾,2024-11-13,9236
00712,復華富時不動產,103,0,103,凱基-虎尾,2024-11-14,9236
00929,復華台灣科技優息,100,3,97,凱基-虎尾,2024-11-14,9236
00878,國泰永續高股息,88,6,82,凱基-虎尾,2024-11-14,9236
3615,安可,92,16,76,凱基-虎尾,2024-11-14,9236
2882,國泰金,63,0,63,凱基-虎尾,2024-11-14,9236
00679B,元大美債20年,71,13,58,凱基-虎尾,2024-11-14,9236
1313,聯成,46,0,46,凱基-虎尾,2024-11-14,9236
9105,泰金寶-DR,51,10,41,凱基-虎尾,2024-11-14,9236
5243,乙盛-KY,40,0,40,凱基-虎尾,2024-11-14,9236
00919,群益台灣精選高息,36,0,36,凱基-虎尾,2024-11-14,9236
00706L,期元大S＆P日圓正2,30,0,30,凱基-虎尾,2024-11-14,9236
00761B,國泰A級公司債,30,0,30,凱基-虎尾,2024-11-14,9236
2349,錸德,32,2,30,凱基-虎尾,2024-11-14,9236
00915,凱基優選高股息30,25,0,25,凱基-虎尾,2024-11-14,9236
6505,台塑化,25,0,25,凱基-虎尾,2024-11-14,9236
00934,中信成長高股息,24,0,24,凱基-虎尾,2024-11-14,9236
3712,永崴投控,27,3,24,凱基-虎尾,2024-11-14,9236
6405,悅城,22,2,20,凱基-虎尾,2024-11-14,9236
00715L,期街口布蘭特正2,20,0,20,凱基-虎尾,2024-11-14,9236
00943,兆豐電子高息等權,20,0,20,凱基-虎尾,2024-11-14,9236
3092,鴻碩,20,0,20,凱基-虎尾,2024-11-14,9236
5457,宣德,20,0,20,凱基-虎尾,2024-11-14,9236
2609,陽明,21,2,19,凱基-虎尾,2024-11-14,9236
00932,兆豐永續高息等權,17,0,17,凱基-虎尾,2024-11-14,9236
2317,鴻海,1563,1547,16,凱基-虎尾,2024-11-14,9236
4931,新盛力,32,16,16,凱基-虎尾,2024-11-14,9236
2323,中環,16,0,16,凱基-虎尾,2024-11-14,9236
1785,光洋科,22,7,15,凱基-虎尾,2024-11-14,9236
0056,元大高股息,14,0,14,凱基-虎尾,2024-11-14,9236
00940,元大台灣價值高息,12,0,12,凱基-虎尾,2024-11-14,9236
00795B,中信美國公債20年,12,0,12,凱基-虎尾,2024-11-14,9236
00891,中信關鍵半導體,12,0,12,凱基-虎尾,2024-11-14,9236
4576,大銀微系統,12,0,12,凱基-虎尾,2024-11-14,9236
00713,元大台灣高息低波,12,0,12,凱基-虎尾,2024-11-14,9236
00922,國泰台灣領袖50,11,0,11,凱基-虎尾,2024-11-14,9236
4958,臻鼎-KY,11,0,11,凱基-虎尾,2024-11-14,9236
6005,群益證,11,0,11,凱基-虎尾,2024-11-14,9236
6288,聯嘉,16,5,11,凱基-虎尾,2024-11-14,9236
00882,中信中國高股息,10,0,10,凱基-虎尾,2024-11-14,9236
2228,劍麟,10,0,10,凱基-虎尾,2024-11-14,9236
2405,輔信,12,2,10,凱基-虎尾,2024-11-14,9236
3312,弘憶股,10,0,10,凱基-虎尾,2024-11-14,9236
3484,崧騰,10,0,10,凱基-虎尾,2024-11-14,9236
5452,佶優,10,0,10,凱基-虎尾,2024-11-14,9236
1319,東陽,13,4,9,凱基-虎尾,2024-11-14,9236
1314,中石化,10,1,9,凱基-虎尾,2024-11-14,9236
2892,第一金,9,0,9,凱基-虎尾,2024-11-14,9236
1444,力麗,8,0,8,凱基-虎尾,2024-11-14,9236
2064,晉椿,8,0,8,凱基-虎尾,2024-11-14,9236
2607,榮運,8,0,8,凱基-虎尾,2024-11-14,9236
00878,國泰永續高股息,192,3,189,凱基-虎尾,2024-11-15,9236
5243,乙盛-KY,154,40,114,凱基-虎尾,2024-11-15,9236
1603,華電,49,0,49,凱基-虎尾,2024-11-15,9236
2382,廣達,41,2,39,凱基-虎尾,2024-11-15,9236
3312,弘憶股,54,20,34,凱基-虎尾,2024-11-15,9236
00673R,期元大S＆P原油反1,30,0,30,凱基-虎尾,2024-11-15,9236
8097,常珵,30,0,30,凱基-虎尾,2024-11-15,9236
2317,鴻海,50,23,27,凱基-虎尾,2024-11-15,9236
2489,瑞軒,27,0,27,凱基-虎尾,2024-11-15,9236
2498,宏達電,27,0,27,凱基-虎尾,2024-11-15,9236
2354,鴻準,128,102,26,凱基-虎尾,2024-11-15,9236
2374,佳能,26,1,25,凱基-虎尾,2024-11-15,9236
3511,矽瑪,25,0,25,凱基-虎尾,2024-11-15,9236
3450,聯鈞,29,5,24,凱基-虎尾,2024-11-15,9236
2392,正崴,23,0,23,凱基-虎尾,2024-11-15,9236
00687B,國泰20年美債,51,31,20,凱基-虎尾,2024-11-15,9236
1336,台翰,25,6,19,凱基-虎尾,2024-11-15,9236
2488,漢平,18,0,18,凱基-虎尾,2024-11-15,9236
6505,台塑化,20,3,17,凱基-虎尾,2024-11-15,9236
2609,陽明,41,24,17,凱基-虎尾,2024-11-15,9236
5608,四維航,17,1,16,凱基-虎尾,2024-11-15,9236
2431,聯昌,12,0,12,凱基-虎尾,2024-11-15,9236
00905,FT臺灣Smart,11,0,11,凱基-虎尾,2024-11-15,9236
00919,群益台灣精選高息,10,0,10,凱基-虎尾,2024-11-15,9236
3484,崧騰,10,0,10,凱基-虎尾,2024-11-15,9236
3490,單井,10,0,10,凱基-虎尾,2024-11-15,9236
6807,峰源-KY,10,0,10,凱基-虎尾,2024-11-15,9236
00922,國泰台灣領袖50,9,0,9,凱基-虎尾,2024-11-15,9236
00923,群益台ESG低碳50,9,0,9,凱基-虎尾,2024-11-15,9236
2605,新興,10,1,9,凱基-虎尾,2024-11-15,9236
00900,富邦特選高股息30,8,0,8,凱基-虎尾,2024-11-15,9236
2845,遠東銀,10,2,8,凱基-虎尾,2024-11-15,9236
00753L,中信中國50正2,12,5,7,凱基-虎尾,2024-11-15,9236
3711,日月光投控,7,0,7,凱基-虎尾,2024-11-15,9236
1522,堤維西,6,0,6,凱基-虎尾,2024-11-15,9236
1618,合機,9,3,6,凱基-虎尾,2024-11-15,9236
2356,英業達,6,0,6,凱基-虎尾,2024-11-15,9236
4931,新盛力,17,11,6,凱基-虎尾,2024-11-15,9236
6739,竹陞科技,6,0,6,凱基-虎尾,2024-11-15,9236
2606,裕民,8,2,6,凱基-虎尾,2024-11-15,9236
2371,大同,24,18,6,凱基-虎尾,2024-11-15,9236
00960,野村全球航運龍頭,5,0,5,凱基-虎尾,2024-11-15,9236
00887,永豐中國科技50大,5,0,5,凱基-虎尾,2024-11-15,9236
0050,元大台灣50,5,0,5,凱基-虎尾,2024-11-15,9236
3013,晟銘電,11,6,5,凱基-虎尾,2024-11-15,9236
3164,景岳,5,0,5,凱基-虎尾,2024-11-15,9236
6182,合晶,5,0,5,凱基-虎尾,2024-11-15,9236
8289,泰藝,5,0,5,凱基-虎尾,2024-11-15,9236
8996,高力,5,0,5,凱基-虎尾,2024-11-15,9236
6914,阜爾運通,5,0,5,凱基-虎尾,2024-11-15,9236
2330,台積電,501,351,150,凱基-虎尾,2024-11-18,9236
00878,國泰永續高股息,98,13,85,凱基-虎尾,2024-11-18,9236
2349,錸德,63,5,58,凱基-虎尾,2024-11-18,9236
3049,精金,59,4,55,凱基-虎尾,2024-11-18,9236
2344,華邦電,52,0,52,凱基-虎尾,2024-11-18,9236
00929,復華台灣科技優息,44,0,44,凱基-虎尾,2024-11-18,9236
00715L,期街口布蘭特正2,44,0,44,凱基-虎尾,2024-11-18,9236
5871,中租-KY,42,4,38,凱基-虎尾,2024-11-18,9236
00932,兆豐永續高息等權,31,0,31,凱基-虎尾,2024-11-18,9236
2387,精元,32,2,30,凱基-虎尾,2024-11-18,9236
3712,永崴投控,31,3,28,凱基-虎尾,2024-11-18,9236
2312,金寶,130,104,26,凱基-虎尾,2024-11-18,9236
0056,元大高股息,38,15,23,凱基-虎尾,2024-11-18,9236
006208,富邦台50,23,0,23,凱基-虎尾,2024-11-18,9236
2380,虹光,21,0,21,凱基-虎尾,2024-11-18,9236
9945,潤泰新,22,1,21,凱基-虎尾,2024-11-18,9236
00751B,元大AAA至A公司債,20,0,20,凱基-虎尾,2024-11-18,9236
00761B,國泰A級公司債,20,0,20,凱基-虎尾,2024-11-18,9236
00943,兆豐電子高息等權,20,0,20,凱基-虎尾,2024-11-18,9236
5309,系統電,31,13,18,凱基-虎尾,2024-11-18,9236
1301,台塑,17,0,17,凱基-虎尾,2024-11-18,9236
3706,神達,34,18,16,凱基-虎尾,2024-11-18,9236
2431,聯昌,13,0,13,凱基-虎尾,2024-11-18,9236
3290,東浦,13,0,13,凱基-虎尾,2024-11-18,9236
00712,復華富時不動產,12,0,12,凱基-虎尾,2024-11-18,9236
1312,國喬,14,2,12,凱基-虎尾,2024-11-18,9236
1471,首利,16,4,12,凱基-虎尾,2024-11-18,9236
2646,星宇航空,13,1,12,凱基-虎尾,2024-11-18,9236
2317,鴻海,13,2,11,凱基-虎尾,2024-11-18,9236
2027,大成鋼,62,51,11,凱基-虎尾,2024-11-18,9236
2367,燿華,11,0,11,凱基-虎尾,2024-11-18,9236
2884,玉山金,11,0,11,凱基-虎尾,2024-11-18,9236
6187,萬潤,21,10,11,凱基-虎尾,2024-11-18,9236
3481,群創,14,4,10,凱基-虎尾,2024-11-18,9236
00688L,國泰20年美債正2,10,0,10,凱基-虎尾,2024-11-18,9236
00877,復華中國5G,10,0,10,凱基-虎尾,2024-11-18,9236
00887,永豐中國科技50大,10,0,10,凱基-虎尾,2024-11-18,9236
00938,凱基優選30,10,0,10,凱基-虎尾,2024-11-18,9236
2303,聯電,10,0,10,凱基-虎尾,2024-11-18,9236
6742,澤米,10,0,10,凱基-虎尾,2024-11-18,9236
8089,康全電訊,10,0,10,凱基-虎尾,2024-11-18,9236
00923,群益台ESG低碳50,9,0,9,凱基-虎尾,2024-11-18,9236
00909,國泰數位支付服務,9,0,9,凱基-虎尾,2024-11-18,9236
00881,國泰台灣5G+,9,1,8,凱基-虎尾,2024-11-18,9236
2605,新興,8,0,8,凱基-虎尾,2024-11-18,9236
2880,華南金,8,0,8,凱基-虎尾,2024-11-18,9236
4768,晶呈科技,8,0,8,凱基-虎尾,2024-11-18,9236
2495,普安,8,1,7,凱基-虎尾,2024-11-18,9236
3050,鈺德,14,7,7,凱基-虎尾,2024-11-18,9236
00905,FT臺灣Smart,6,0,6,凱基-虎尾,2024-11-18,9236
2399,映泰,52,3,49,凱基-虎尾,2024-11-19,9236
2317,鴻海,45,7,38,凱基-虎尾,2024-11-19,9236
6126,信音,30,1,29,凱基-虎尾,2024-11-19,9236
4958,臻鼎-KY,29,1,28,凱基-虎尾,2024-11-19,9236
2890,永豐金,27,0,27,凱基-虎尾,2024-11-19,9236
2312,金寶,131,106,25,凱基-虎尾,2024-11-19,9236
2329,華泰,28,4,24,凱基-虎尾,2024-11-19,9236
3481,群創,22,0,22,凱基-虎尾,2024-11-19,9236
2354,鴻準,62,41,21,凱基-虎尾,2024-11-19,9236
2324,仁寶,22,2,20,凱基-虎尾,2024-11-19,9236
2881,富邦金,20,0,20,凱基-虎尾,2024-11-19,9236
5243,乙盛-KY,23,5,18,凱基-虎尾,2024-11-19,9236
2891,中信金,17,0,17,凱基-虎尾,2024-11-19,9236
1815,富喬,15,0,15,凱基-虎尾,2024-11-19,9236
3019,亞光,33,18,15,凱基-虎尾,2024-11-19,9236
1597,直得,15,1,14,凱基-虎尾,2024-11-19,9236
2328,廣宇,48,34,14,凱基-虎尾,2024-11-19,9236
00919,群益台灣精選高息,14,0,14,凱基-虎尾,2024-11-19,9236
1618,合機,20,7,13,凱基-虎尾,2024-11-19,9236
2486,一詮,14,2,12,凱基-虎尾,2024-11-19,9236
5258,虹堡,12,0,12,凱基-虎尾,2024-11-19,9236
6177,達麗,12,0,12,凱基-虎尾,2024-11-19,9236
2489,瑞軒,18,7,11,凱基-虎尾,2024-11-19,9236
00877,復華中國5G,10,0,10,凱基-虎尾,2024-11-19,9236
1721,三晃,10,0,10,凱基-虎尾,2024-11-19,9236
2392,正崴,24,14,10,凱基-虎尾,2024-11-19,9236
2449,京元電子,14,4,10,凱基-虎尾,2024-11-19,9236
2605,新興,11,1,10,凱基-虎尾,2024-11-19,9236
3066,李洲,10,0,10,凱基-虎尾,2024-11-19,9236
00713,元大台灣高息低波,12,2,10,凱基-虎尾,2024-11-19,9236
2356,英業達,10,1,9,凱基-虎尾,2024-11-19,9236
6285,啟��,11,2,9,凱基-虎尾,2024-11-19,9236
8028,昇陽半導體,11,2,9,凱基-虎尾,2024-11-19,9236
6505,台塑化,17,9,8,凱基-虎尾,2024-11-19,9236
00715L,期街口布蘭特正2,15,7,8,凱基-虎尾,2024-11-19,9236
1402,遠東新,10,2,8,凱基-虎尾,2024-11-19,9236
2402,毅嘉,8,0,8,凱基-虎尾,2024-11-19,9236
00929,復華台灣科技優息,12,5,7,凱基-虎尾,2024-11-19,9236
5871,中租-KY,7,0,7,凱基-虎尾,2024-11-19,9236
2105,正新,25,18,7,凱基-虎尾,2024-11-19,9236
2457,飛宏,7,0,7,凱基-虎尾,2024-11-19,9236
2615,萬海,9,2,7,凱基-虎尾,2024-11-19,9236
3028,增你強,7,0,7,凱基-虎尾,2024-11-19,9236
3231,緯創,8,1,7,凱基-虎尾,2024-11-19,9236
2609,陽明,41,34,7,凱基-虎尾,2024-11-19,9236
2363,矽統,9,3,6,凱基-虎尾,2024-11-19,9236
2884,玉山金,6,0,6,凱基-虎尾,2024-11-19,9236
4526,東台,6,0,6,凱基-虎尾,2024-11-19,9236
4979,華星光,14,8,6,凱基-虎尾,2024-11-19,9236
9945,潤泰新,11,5,6,凱基-虎尾,2024-11-19,9236
9105,泰金寶-DR,200,0,200,凱基-虎尾,2024-11-20,9236
2349,錸德,124,44,80,凱基-虎尾,2024-11-20,9236
2489,瑞軒,66,0,66,凱基-虎尾,2024-11-20,9236
2371,大同,68,2,66,凱基-虎尾,2024-11-20,9236
9945,潤泰新,35,0,35,凱基-虎尾,2024-11-20,9236
3712,永崴投控,30,0,30,凱基-虎尾,2024-11-20,9236
3025,星通,21,0,21,凱基-虎尾,2024-11-20,9236
6742,澤米,20,0,20,凱基-虎尾,2024-11-20,9236
8249,菱光,20,0,20,凱基-虎尾,2024-11-20,9236
00673R,期元大S＆P原油反1,19,0,19,凱基-虎尾,2024-11-20,9236
00878,國泰永續高股息,27,8,19,凱基-虎尾,2024-11-20,9236
3290,東浦,20,2,18,凱基-虎尾,2024-11-20,9236
2312,金寶,74,58,16,凱基-虎尾,2024-11-20,9236
1310,台苯,15,0,15,凱基-虎尾,2024-11-20,9236
3252,海灣,15,0,15,凱基-虎尾,2024-11-20,9236
6505,台塑化,15,0,15,凱基-虎尾,2024-11-20,9236
3484,崧騰,14,0,14,凱基-虎尾,2024-11-20,9236
2330,台積電,13,0,13,凱基-虎尾,2024-11-20,9236
1909,榮成,12,0,12,凱基-虎尾,2024-11-20,9236
1611,中電,10,0,10,凱基-虎尾,2024-11-20,9236
2867,三商壽,10,0,10,凱基-虎尾,2024-11-20,9236
3450,聯鈞,22,13,9,凱基-虎尾,2024-11-20,9236
8032,光菱,8,0,8,凱基-虎尾,2024-11-20,9236
1449,佳和,7,0,7,凱基-虎尾,2024-11-20,9236
8104,錸寶,30,23,7,凱基-虎尾,2024-11-20,9236
00909,國泰數位支付服務,6,0,6,凱基-虎尾,2024-11-20,9236
2367,燿華,6,0,6,凱基-虎尾,2024-11-20,9236
6416,瑞祺電通,6,0,6,凱基-虎尾,2024-11-20,9236
5347,世界,5,0,5,凱基-虎尾,2024-11-20,9236
00918,大華優利高填息30,5,0,5,凱基-虎尾,2024-11-20,9236
4306,炎洲,5,0,5,凱基-虎尾,2024-11-20,9236
5521,工信,5,0,5,凱基-虎尾,2024-11-20,9236
8039,台虹,5,0,5,凱基-虎尾,2024-11-20,9236
4729,熒茂,8,4,4,凱基-虎尾,2024-11-20,9236
00830,國泰費城半導體,4,0,4,凱基-虎尾,2024-11-20,9236
3481,群創,4,0,4,凱基-虎尾,2024-11-20,9236
3686,達能,4,0,4,凱基-虎尾,2024-11-20,9236
4956,光鋐,5,1,4,凱基-虎尾,2024-11-20,9236
6412,群電,4,0,4,凱基-虎尾,2024-11-20,9236
2426,鼎元,4,0,4,凱基-虎尾,2024-11-20,9236
2313,華通,4,0,4,凱基-虎尾,2024-11-20,9236
00713,元大台灣高息低波,3,0,3,凱基-虎尾,2024-11-20,9236
1303,南亞,3,0,3,凱基-虎尾,2024-11-20,9236
00922,國泰台灣領袖50,3,0,3,凱基-虎尾,2024-11-20,9236
00731,復華富時高息低波,3,0,3,凱基-虎尾,2024-11-20,9236
0056,元大高股息,4,1,3,凱基-虎尾,2024-11-20,9236
2101,南港,3,0,3,凱基-虎尾,2024-11-20,9236
2337,旺宏,3,0,3,凱基-虎尾,2024-11-20,9236
2613,中櫃,4,1,3,凱基-虎尾,2024-11-20,9236
2641,正德,3,0,3,凱基-虎尾,2024-11-20,9236
00929,復華台灣科技優息,118,30,88,凱基-虎尾,2024-11-21,9236
1802,台玻,112,55,57,凱基-虎尾,2024-11-21,9236
3625,西勝,50,0,50,凱基-虎尾,2024-11-21,9236
2609,陽明,136,92,44,凱基-虎尾,2024-11-21,9236
2615,萬海,79,36,43,凱基-虎尾,2024-11-21,9236
9904,寶成,38,5,33,凱基-虎尾,2024-11-21,9236
8249,菱光,21,0,21,凱基-虎尾,2024-11-21,9236
5309,系統電,47,26,21,凱基-虎尾,2024-11-21,9236
2356,英業達,41,21,20,凱基-虎尾,2024-11-21,9236
5243,乙盛-KY,21,1,20,凱基-虎尾,2024-11-21,9236
5315,光聯,20,0,20,凱基-虎尾,2024-11-21,9236
3481,群創,32,13,19,凱基-虎尾,2024-11-21,9236
2371,大同,20,1,19,凱基-虎尾,2024-11-21,9236
3025,星通,20,1,19,凱基-虎尾,2024-11-21,9236
2413,環科,16,0,16,凱基-虎尾,2024-11-21,9236
4513,福裕,16,1,15,凱基-虎尾,2024-11-21,9236
2886,兆豐金,13,0,13,凱基-虎尾,2024-11-21,9236
3450,聯鈞,18,5,13,凱基-虎尾,2024-11-21,9236
6274,台燿,15,2,13,凱基-虎尾,2024-11-21,9236
00934,中信成長高股息,12,0,12,凱基-虎尾,2024-11-21,9236
00882,中信中國高股息,12,0,12,凱基-虎尾,2024-11-21,9236
00673R,期元大S＆P原油反1,11,0,11,凱基-虎尾,2024-11-21,9236
2374,佳能,11,0,11,凱基-虎尾,2024-11-21,9236
3511,矽瑪,13,2,11,凱基-虎尾,2024-11-21,9236
00959B,大華投等美債15Y+,10,0,10,凱基-虎尾,2024-11-21,9236
2409,友達,10,0,10,凱基-虎尾,2024-11-21,9236
2887,台新金,10,0,10,凱基-虎尾,2024-11-21,9236
4977,眾達-KY,19,9,10,凱基-虎尾,2024-11-21,9236
6187,萬潤,11,2,9,凱基-虎尾,2024-11-21,9236
6282,康舒,10,1,9,凱基-虎尾,2024-11-21,9236
00933B,國泰10Y+金融債,8,0,8,凱基-虎尾,2024-11-21,9236
2849,安泰銀,8,0,8,凱基-虎尾,2024-11-21,9236
4526,東台,9,1,8,凱基-虎尾,2024-11-21,9236
2883,凱基金,13,5,8,凱基-虎尾,2024-11-21,9236
2890,永豐金,7,0,7,凱基-虎尾,2024-11-21,9236
00909,國泰數位支付服務,7,0,7,凱基-虎尾,2024-11-21,9236
2486,一詮,7,0,7,凱基-虎尾,2024-11-21,9236
4979,華星光,12,5,7,凱基-虎尾,2024-11-21,9236
2353,宏��,6,0,6,凱基-虎尾,2024-11-21,9236
00923,群益台ESG低碳50,6,0,6,凱基-虎尾,2024-11-21,9236
2408,南亞科,6,0,6,凱基-虎尾,2024-11-21,9236
2455,全新,7,1,6,凱基-虎尾,2024-11-21,9236
3019,亞光,19,13,6,凱基-虎尾,2024-11-21,9236
3484,崧騰,6,0,6,凱基-虎尾,2024-11-21,9236
5443,均豪,7,1,6,凱基-虎尾,2024-11-21,9236
6209,今國光,6,0,6,凱基-虎尾,2024-11-21,9236
2646,星宇航空,5,0,5,凱基-虎尾,2024-11-21,9236
2884,玉山金,5,0,5,凱基-虎尾,2024-11-21,9236
3066,李洲,5,0,5,凱基-虎尾,2024-11-21,9236
3715,定穎投控,5,0,5,凱基-虎尾,2024-11-21,9236
00960,野村全球航運龍頭,160,0,160,凱基-虎尾,2024-11-22,9236
2887,台新金,100,0,100,凱基-虎尾,2024-11-22,9236
6288,聯嘉,49,9,40,凱基-虎尾,2024-11-22,9236
6213,聯茂,40,4,36,凱基-虎尾,2024-11-22,9236
1307,三芳,25,0,25,凱基-虎尾,2024-11-22,9236
3338,泰碩,25,0,25,凱基-虎尾,2024-11-22,9236
3581,博磊,25,0,25,凱基-虎尾,2024-11-22,9236
2344,華邦電,25,2,23,凱基-虎尾,2024-11-22,9236
4919,新唐,23,0,23,凱基-虎尾,2024-11-22,9236
00882,中信中國高股息,22,0,22,凱基-虎尾,2024-11-22,9236
2312,金寶,179,159,20,凱基-虎尾,2024-11-22,9236
2329,華泰,20,0,20,凱基-虎尾,2024-11-22,9236
4123,晟德,20,0,20,凱基-虎尾,2024-11-22,9236
3049,精金,25,6,19,凱基-虎尾,2024-11-22,9236
00687B,國泰20年美債,41,23,18,凱基-虎尾,2024-11-22,9236
2867,三商壽,17,0,17,凱基-虎尾,2024-11-22,9236
3231,緯創,51,34,17,凱基-虎尾,2024-11-22,9236
1809,中釉,17,1,16,凱基-虎尾,2024-11-22,9236
5871,中租-KY,15,0,15,凱基-虎尾,2024-11-22,9236
3025,星通,15,0,15,凱基-虎尾,2024-11-22,9236
6156,松上,16,1,15,凱基-虎尾,2024-11-22,9236
2609,陽明,43,30,13,凱基-虎尾,2024-11-22,9236
00650L,復華香港正2,13,0,13,凱基-虎尾,2024-11-22,9236
2204,中華,14,1,13,凱基-虎尾,2024-11-22,9236
2486,一詮,15,2,13,凱基-虎尾,2024-11-22,9236
3264,欣銓,12,0,12,凱基-虎尾,2024-11-22,9236
4303,信立,18,6,12,凱基-虎尾,2024-11-22,9236
00919,群益台灣精選高息,12,1,11,凱基-虎尾,2024-11-22,9236
2888,新光金,11,0,11,凱基-虎尾,2024-11-22,9236
3051,力特,11,0,11,凱基-虎尾,2024-11-22,9236
2540,愛山林,10,0,10,凱基-虎尾,2024-11-22,9236
3390,旭軟,10,0,10,凱基-虎尾,2024-11-22,9236
3663,鑫科,10,0,10,凱基-虎尾,2024-11-22,9236
6285,啟��,10,0,10,凱基-虎尾,2024-11-22,9236
6830,汎銓,10,0,10,凱基-虎尾,2024-11-22,9236
9945,潤泰新,10,0,10,凱基-虎尾,2024-11-22,9236
2539,櫻花建,13,4,9,凱基-虎尾,2024-11-22,9236
2501,國建,10,2,8,凱基-虎尾,2024-11-22,9236
3290,東浦,10,2,8,凱基-虎尾,2024-11-22,9236
5438,東友,9,1,8,凱基-虎尾,2024-11-22,9236
00950B,凱基A級公司債,7,0,7,凱基-虎尾,2024-11-22,9236
1326,台化,6,0,6,凱基-虎尾,2024-11-22,9236
00915,凱基優選高股息30,6,0,6,凱基-虎尾,2024-11-22,9236
2413,環科,6,0,6,凱基-虎尾,2024-11-22,9236
3712,永崴投控,11,5,6,凱基-虎尾,2024-11-22,9236
6282,康舒,9,3,6,凱基-虎尾,2024-11-22,9236
2354,鴻準,52,47,5,凱基-虎尾,2024-11-22,9236
00753L,中信中國50正2,5,0,5,凱基-虎尾,2024-11-22,9236
00669R,國泰美國道瓊反1,5,0,5,凱基-虎尾,2024-11-22,9236
2014,中鴻,5,0,5,凱基-虎尾,2024-11-22,9236
00960,野村全球航運龍頭,150,0,150,凱基-虎尾,2024-11-25,9236
00887,永豐中國科技50大,46,0,46,凱基-虎尾,2024-11-25,9236
2834,臺企銀,38,0,38,凱基-虎尾,2024-11-25,9236
4303,信立,38,2,36,凱基-虎尾,2024-11-25,9236
5243,乙盛-KY,33,7,26,凱基-虎尾,2024-11-25,9236
3090,日電貿,21,0,21,凱基-虎尾,2024-11-25,9236
6274,台燿,22,1,21,凱基-虎尾,2024-11-25,9236
2371,大同,27,7,20,凱基-虎尾,2024-11-25,9236
3303,岱稜,20,0,20,凱基-虎尾,2024-11-25,9236
9904,寶成,20,0,20,凱基-虎尾,2024-11-25,9236
2426,鼎元,21,2,19,凱基-虎尾,2024-11-25,9236
2312,金寶,62,46,16,凱基-虎尾,2024-11-25,9236
2387,精元,15,0,15,凱基-虎尾,2024-11-25,9236
3025,星通,15,0,15,凱基-虎尾,2024-11-25,9236
6125,廣運,15,0,15,凱基-虎尾,2024-11-25,9236
3027,盛達,16,2,14,凱基-虎尾,2024-11-25,9236
2330,台積電,13,0,13,凱基-虎尾,2024-11-25,9236
2486,一詮,22,10,12,凱基-虎尾,2024-11-25,9236
3481,群創,15,3,12,凱基-虎尾,2024-11-25,9236
00882,中信中國高股息,11,0,11,凱基-虎尾,2024-11-25,9236
2344,華邦電,11,0,11,凱基-虎尾,2024-11-25,9236
2618,長榮航,11,0,11,凱基-虎尾,2024-11-25,9236
4906,正文,12,1,11,凱基-虎尾,2024-11-25,9236
6443,元晶,11,0,11,凱基-虎尾,2024-11-25,9236
0050,元大台灣50,10,0,10,凱基-虎尾,2024-11-25,9236
00946,群益科技高息成長,10,0,10,凱基-虎尾,2024-11-25,9236
1611,中電,10,0,10,凱基-虎尾,2024-11-25,9236
2002,中鋼,10,0,10,凱基-虎尾,2024-11-25,9236
4562,穎漢,10,0,10,凱基-虎尾,2024-11-25,9236
5263,智崴,10,0,10,凱基-虎尾,2024-11-25,9236
2603,長榮,13,4,9,凱基-虎尾,2024-11-25,9236
2317,鴻海,22,13,9,凱基-虎尾,2024-11-25,9236
2353,宏��,12,3,9,凱基-虎尾,2024-11-25,9236
3062,建漢,14,5,9,凱基-虎尾,2024-11-25,9236
2515,中工,28,20,8,凱基-虎尾,2024-11-25,9236
3029,零壹,22,14,8,凱基-虎尾,2024-11-25,9236
3704,合勤控,8,0,8,凱基-虎尾,2024-11-25,9236
00635U,期元大S＆P黃金,7,0,7,凱基-虎尾,2024-11-25,9236
2009,第一銅,7,0,7,凱基-虎尾,2024-11-25,9236
2105,正新,7,0,7,凱基-虎尾,2024-11-25,9236
2615,萬海,19,12,7,凱基-虎尾,2024-11-25,9236
6257,矽格,7,0,7,凱基-虎尾,2024-11-25,9236
8028,昇陽半導體,21,15,6,凱基-虎尾,2024-11-25,9236
3706,神達,42,36,6,凱基-虎尾,2024-11-25,9236
00929,復華台灣科技優息,8,2,6,凱基-虎尾,2024-11-25,9236
00753L,中信中國50正2,6,0,6,凱基-虎尾,2024-11-25,9236
2303,聯電,10,4,6,凱基-虎尾,2024-11-25,9236
3163,波若威,7,1,6,凱基-虎尾,2024-11-25,9236
4113,聯上,6,0,6,凱基-虎尾,2024-11-25,9236
4903,聯光通,6,0,6,凱基-虎尾,2024-11-25,9236
2317,鴻海,1294,4,1290,凱基-虎尾,2024-11-26,9236
2344,華邦電,114,0,114,凱基-虎尾,2024-11-26,9236
00706L,期元大S＆P日圓正2,80,0,80,凱基-虎尾,2024-11-26,9236
3338,泰碩,66,0,66,凱基-虎尾,2024-11-26,9236
00960,野村全球航運龍頭,60,0,60,凱基-虎尾,2024-11-26,9236
8104,錸寶,115,59,56,凱基-虎尾,2024-11-26,9236
4729,熒茂,50,0,50,凱基-虎尾,2024-11-26,9236
4526,東台,56,11,45,凱基-虎尾,2024-11-26,9236
00715L,期街口布蘭特正2,39,0,39,凱基-虎尾,2024-11-26,9236
2349,錸德,57,23,34,凱基-虎尾,2024-11-26,9236
3231,緯創,35,3,32,凱基-虎尾,2024-11-26,9236
00680L,元大美債20正2,25,0,25,凱基-虎尾,2024-11-26,9236
2883,凱基金,32,9,23,凱基-虎尾,2024-11-26,9236
1531,高林股,23,0,23,凱基-虎尾,2024-11-26,9236
1721,三晃,22,0,22,凱基-虎尾,2024-11-26,9236
2204,中華,23,3,20,凱基-虎尾,2024-11-26,9236
3615,安可,20,0,20,凱基-虎尾,2024-11-26,9236
00930,永豐ESG低碳高息,16,0,16,凱基-虎尾,2024-11-26,9236
2915,潤泰全,16,0,16,凱基-虎尾,2024-11-26,9236
00887,永豐中國科技50大,15,0,15,凱基-虎尾,2024-11-26,9236
3230,錦明,17,2,15,凱基-虎尾,2024-11-26,9236
9105,泰金寶-DR,27,12,15,凱基-虎尾,2024-11-26,9236
2834,臺企銀,13,0,13,凱基-虎尾,2024-11-26,9236
6505,台塑化,29,16,13,凱基-虎尾,2024-11-26,9236
00918,大華優利高填息30,11,0,11,凱基-虎尾,2024-11-26,9236
0050,元大台灣50,10,0,10,凱基-虎尾,2024-11-26,9236
00915,凱基優選高股息30,10,0,10,凱基-虎尾,2024-11-26,9236
2501,國建,10,0,10,凱基-虎尾,2024-11-26,9236
2607,榮運,10,0,10,凱基-虎尾,2024-11-26,9236
5469,瀚宇博,10,0,10,凱基-虎尾,2024-11-26,9236
6143,振曜,10,0,10,凱基-虎尾,2024-11-26,9236
8222,寶一,10,0,10,凱基-虎尾,2024-11-26,9236
8933,愛地雅,10,0,10,凱基-虎尾,2024-11-26,9236
1815,富喬,144,135,9,凱基-虎尾,2024-11-26,9236
5243,乙盛-KY,10,1,9,凱基-虎尾,2024-11-26,9236
9904,寶成,10,1,9,凱基-虎尾,2024-11-26,9236
1528,恩德,8,0,8,凱基-虎尾,2024-11-26,9236
2419,仲琦,9,1,8,凱基-虎尾,2024-11-26,9236
6742,澤米,8,0,8,凱基-虎尾,2024-11-26,9236
2359,所羅門,10,2,8,凱基-虎尾,2024-11-26,9236
2615,萬海,7,0,7,凱基-虎尾,2024-11-26,9236
3522,御嵿,7,0,7,凱基-虎尾,2024-11-26,9236
2890,永豐金,6,0,6,凱基-虎尾,2024-11-26,9236
1319,東陽,11,5,6,凱基-虎尾,2024-11-26,9236
2332,友訊,6,0,6,凱基-虎尾,2024-11-26,9236
2351,順德,11,5,6,凱基-虎尾,2024-11-26,9236
2371,大同,7,1,6,凱基-虎尾,2024-11-26,9236
8011,台通,6,0,6,凱基-虎尾,2024-11-26,9236
00940,元大台灣價值高息,6,0,6,凱基-虎尾,2024-11-26,9236
00673R,期元大S＆P原油反1,9,4,5,凱基-虎尾,2024-11-26,9236
00632R,元大台灣50反1,160,70,90,凱基-虎尾,2024-11-27,9236
2889,國票金,50,0,50,凱基-虎尾,2024-11-27,9236
00919,群益台灣精選高息,45,0,45,凱基-虎尾,2024-11-27,9236
00878,國泰永續高股息,48,6,42,凱基-虎尾,2024-11-27,9236
2881,富邦金,40,0,40,凱基-虎尾,2024-11-27,9236
00887,永豐中國科技50大,35,0,35,凱基-虎尾,2024-11-27,9236
2915,潤泰全,34,0,34,凱基-虎尾,2024-11-27,9236
3450,聯鈞,47,16,31,凱基-虎尾,2024-11-27,9236
3231,緯創,30,4,26,凱基-虎尾,2024-11-27,9236
00918,大華優利高填息30,25,0,25,凱基-虎尾,2024-11-27,9236
00940,元大台灣價值高息,23,0,23,凱基-虎尾,2024-11-27,9236
8249,菱光,20,0,20,凱基-虎尾,2024-11-27,9236
2603,長榮,49,29,20,凱基-虎尾,2024-11-27,9236
00943,兆豐電子高息等權,20,0,20,凱基-虎尾,2024-11-27,9236
00960,野村全球航運龍頭,20,0,20,凱基-虎尾,2024-11-27,9236
3290,東浦,20,0,20,凱基-虎尾,2024-11-27,9236
3092,鴻碩,20,1,19,凱基-虎尾,2024-11-27,9236
3338,泰碩,20,1,19,凱基-虎尾,2024-11-27,9236
3605,宏致,19,0,19,凱基-虎尾,2024-11-27,9236
0056,元大高股息,17,0,17,凱基-虎尾,2024-11-27,9236
00929,復華台灣科技優息,29,13,16,凱基-虎尾,2024-11-27,9236
2354,鴻準,37,21,16,凱基-虎尾,2024-11-27,9236
2488,漢平,24,8,16,凱基-虎尾,2024-11-27,9236
2834,臺企銀,16,0,16,凱基-虎尾,2024-11-27,9236
00688L,國泰20年美債正2,15,0,15,凱基-虎尾,2024-11-27,9236
6505,台塑化,15,1,14,凱基-虎尾,2024-11-27,9236
00923,群益台ESG低碳50,13,0,13,凱基-虎尾,2024-11-27,9236
2105,正新,12,0,12,凱基-虎尾,2024-11-27,9236
6558,興能高,17,5,12,凱基-虎尾,2024-11-27,9236
6962,ITH-KY,11,0,11,凱基-虎尾,2024-11-27,9236
2330,台積電,10,0,10,凱基-虎尾,2024-11-27,9236
00938,凱基優選30,10,0,10,凱基-虎尾,2024-11-27,9236
00932,兆豐永續高息等權,10,0,10,凱基-虎尾,2024-11-27,9236
1227,佳格,10,0,10,凱基-虎尾,2024-11-27,9236
2515,中工,10,0,10,凱基-虎尾,2024-11-27,9236
3522,御嵿,10,0,10,凱基-虎尾,2024-11-27,9236
3712,永崴投控,20,10,10,凱基-虎尾,2024-11-27,9236
2002,中鋼,10,0,10,凱基-虎尾,2024-11-27,9236
6739,竹陞科技,9,0,9,凱基-虎尾,2024-11-27,9236
1569,濱川,12,4,8,凱基-虎尾,2024-11-27,9236
1605,華新,8,1,7,凱基-虎尾,2024-11-27,9236
2615,萬海,27,20,7,凱基-虎尾,2024-11-27,9236
2618,長榮航,9,2,7,凱基-虎尾,2024-11-27,9236
2867,三商壽,7,0,7,凱基-虎尾,2024-11-27,9236
5243,乙盛-KY,7,0,7,凱基-虎尾,2024-11-27,9236
6127,九豪,7,0,7,凱基-虎尾,2024-11-27,9236
00915,凱基優選高股息30,6,0,6,凱基-虎尾,2024-11-27,9236
00830,國泰費城半導體,6,0,6,凱基-虎尾,2024-11-27,9236
3051,力特,6,0,6,凱基-虎尾,2024-11-27,9236
4303,信立,6,0,6,凱基-虎尾,2024-11-27,9236
00753L,中信中國50正2,150,0,150,凱基-虎尾,2024-11-28,9236
4510,高鋒,138,47,91,凱基-虎尾,2024-11-28,9236
3481,群創,70,0,70,凱基-虎尾,2024-11-28,9236
6118,建達,54,0,54,凱基-虎尾,2024-11-28,9236
00919,群益台灣精選高息,43,1,42,凱基-虎尾,2024-11-28,9236
1815,富喬,70,33,37,凱基-虎尾,2024-11-28,9236
00878,國泰永續高股息,49,17,32,凱基-虎尾,2024-11-28,9236
6770,力積電,31,0,31,凱基-虎尾,2024-11-28,9236
8249,菱光,28,1,27,凱基-虎尾,2024-11-28,9236
6235,華孚,27,1,26,凱基-虎尾,2024-11-28,9236
00929,復華台灣科技優息,24,0,24,凱基-虎尾,2024-11-28,9236
3029,零壹,22,1,21,凱基-虎尾,2024-11-28,9236
00930,永豐ESG低碳高息,20,0,20,凱基-虎尾,2024-11-28,9236
0056,元大高股息,18,0,18,凱基-虎尾,2024-11-28,9236
5315,光聯,19,1,18,凱基-虎尾,2024-11-28,9236
2609,陽明,25,7,18,凱基-虎尾,2024-11-28,9236
2344,華邦電,17,0,17,凱基-虎尾,2024-11-28,9236
00918,大華優利高填息30,16,0,16,凱基-虎尾,2024-11-28,9236
00715L,期街口布蘭特正2,15,0,15,凱基-虎尾,2024-11-28,9236
2439,美律,15,0,15,凱基-虎尾,2024-11-28,9236
3088,艾訊,15,0,15,凱基-虎尾,2024-11-28,9236
6274,台燿,17,2,15,凱基-虎尾,2024-11-28,9236
6288,聯嘉,16,1,15,凱基-虎尾,2024-11-28,9236
2228,劍麟,15,1,14,凱基-虎尾,2024-11-28,9236
2324,仁寶,15,1,14,凱基-虎尾,2024-11-28,9236
3591,艾笛森,14,0,14,凱基-虎尾,2024-11-28,9236
00940,元大台灣價值高息,13,0,13,凱基-虎尾,2024-11-28,9236
2312,金寶,87,74,13,凱基-虎尾,2024-11-28,9236
2332,友訊,34,21,13,凱基-虎尾,2024-11-28,9236
2231,為升,11,0,11,凱基-虎尾,2024-11-28,9236
3712,永崴投控,23,12,11,凱基-虎尾,2024-11-28,9236
6742,澤米,11,0,11,凱基-虎尾,2024-11-28,9236
00943,兆豐電子高息等權,10,0,10,凱基-虎尾,2024-11-28,9236
1310,台苯,10,0,10,凱基-虎尾,2024-11-28,9236
00932,兆豐永續高息等權,10,0,10,凱基-虎尾,2024-11-28,9236
2354,鴻準,14,4,10,凱基-虎尾,2024-11-28,9236
2409,友達,10,0,10,凱基-虎尾,2024-11-28,9236
2633,台灣高鐵,10,0,10,凱基-虎尾,2024-11-28,9236
5381,合正,10,0,10,凱基-虎尾,2024-11-28,9236
9105,泰金寶-DR,13,3,10,凱基-虎尾,2024-11-28,9236
2489,瑞軒,12,3,9,凱基-虎尾,2024-11-28,9236
3450,聯鈞,12,3,9,凱基-虎尾,2024-11-28,9236
3090,日電貿,39,31,8,凱基-虎尾,2024-11-28,9236
00915,凱基優選高股息30,7,0,7,凱基-虎尾,2024-11-28,9236
2408,南亞科,10,3,7,凱基-虎尾,2024-11-28,9236
1531,高林股,11,4,7,凱基-虎尾,2024-11-28,9236
1605,華新,7,0,7,凱基-虎尾,2024-11-28,9236
2070,精湛,20,13,7,凱基-虎尾,2024-11-28,9236
3025,星通,7,0,7,凱基-虎尾,2024-11-28,9236
3535,晶彩科,7,0,7,凱基-虎尾,2024-11-28,9236
2889,國票金,50,0,50,凱基-虎尾,2024-11-29,9236
00919,群益台灣精選高息,50,8,42,凱基-虎尾,2024-11-29,9236
4430,耀億,38,0,38,凱基-虎尾,2024-11-29,9236
2609,陽明,41,7,34,凱基-虎尾,2024-11-29,9236
4956,光鋐,34,0,34,凱基-虎尾,2024-11-29,9236
3380,明泰,30,0,30,凱基-虎尾,2024-11-29,9236
0056,元大高股息,126,100,26,凱基-虎尾,2024-11-29,9236
3591,艾笛森,25,1,24,凱基-虎尾,2024-11-29,9236
1301,台塑,24,1,23,凱基-虎尾,2024-11-29,9236
5469,瀚宇博,23,0,23,凱基-虎尾,2024-11-29,9236
3450,聯鈞,45,23,22,凱基-虎尾,2024-11-29,9236
3037,欣興,21,0,21,凱基-虎尾,2024-11-29,9236
5309,系統電,24,3,21,凱基-虎尾,2024-11-29,9236
00959B,大華投等美債15Y+,20,0,20,凱基-虎尾,2024-11-29,9236
2344,華邦電,20,0,20,凱基-虎尾,2024-11-29,9236
2354,鴻準,28,8,20,凱基-虎尾,2024-11-29,9236
3264,欣銓,20,0,20,凱基-虎尾,2024-11-29,9236
3706,神達,136,116,20,凱基-虎尾,2024-11-29,9236
00918,大華優利高填息30,19,0,19,凱基-虎尾,2024-11-29,9236
3092,鴻碩,23,4,19,凱基-虎尾,2024-11-29,9236
00878,國泰永續高股息,21,4,17,凱基-虎尾,2024-11-29,9236
00915,凱基優選高股息30,16,0,16,凱基-虎尾,2024-11-29,9236
2887,台新金,16,0,16,凱基-虎尾,2024-11-29,9236
00939,統一台灣高息動能,15,0,15,凱基-虎尾,2024-11-29,9236
1531,高林股,14,0,14,凱基-虎尾,2024-11-29,9236
2002,中鋼,14,0,14,凱基-虎尾,2024-11-29,9236
1605,華新,12,0,12,凱基-虎尾,2024-11-29,9236
8033,雷虎,12,0,12,凱基-虎尾,2024-11-29,9236
1815,富喬,34,22,12,凱基-虎尾,2024-11-29,9236
2409,友達,11,0,11,凱基-虎尾,2024-11-29,9236
4510,高鋒,33,22,11,凱基-虎尾,2024-11-29,9236
4906,正文,11,0,11,凱基-虎尾,2024-11-29,9236
4991,環宇-KY,16,5,11,凱基-虎尾,2024-11-29,9236
5880,合庫金,11,0,11,凱基-虎尾,2024-11-29,9236
6589,台康生技,11,0,11,凱基-虎尾,2024-11-29,9236
3013,晟銘電,12,2,10,凱基-虎尾,2024-11-29,9236
00943,兆豐電子高息等權,10,0,10,凱基-虎尾,2024-11-29,9236
1802,台玻,10,0,10,凱基-虎尾,2024-11-29,9236
2834,臺企銀,13,3,10,凱基-虎尾,2024-11-29,9236
4128,中天,10,0,10,凱基-虎尾,2024-11-29,9236
00713,元大台灣高息低波,9,0,9,凱基-虎尾,2024-11-29,9236
5243,乙盛-KY,9,0,9,凱基-虎尾,2024-11-29,9236
9105,泰金寶-DR,9,0,9,凱基-虎尾,2024-11-29,9236
2382,廣達,9,1,8,凱基-虎尾,2024-11-29,9236
2408,南亞科,10,2,8,凱基-虎尾,2024-11-29,9236
6558,興能高,21,13,8,凱基-虎尾,2024-11-29,9236
2317,鴻海,14,6,8,凱基-虎尾,2024-11-29,9236
2330,台積電,8,0,8,凱基-虎尾,2024-11-29,9236
1611,中電,7,0,7,凱基-虎尾,2024-11-29,9236
3163,波若威,7,0,7,凱基-虎尾,2024-11-29,9236
00679B,元大美債20年,170,31,139,凱基-虎尾,2024-12-02,9236
2312,金寶,62,9,53,凱基-虎尾,2024-12-02,9236
2426,鼎元,36,4,32,凱基-虎尾,2024-12-02,9236
3024,憶聲,30,1,29,凱基-虎尾,2024-12-02,9236
2488,漢平,24,0,24,凱基-虎尾,2024-12-02,9236
2454,聯發科,20,0,20,凱基-虎尾,2024-12-02,9236
4977,眾達-KY,37,17,20,凱基-虎尾,2024-12-02,9236
3105,穩懋,20,1,19,凱基-虎尾,2024-12-02,9236
1605,華新,18,0,18,凱基-虎尾,2024-12-02,9236
4123,晟德,23,5,18,凱基-虎尾,2024-12-02,9236
4430,耀億,17,0,17,凱基-虎尾,2024-12-02,9236
3338,泰碩,13,0,13,凱基-虎尾,2024-12-02,9236
6125,廣運,12,0,12,凱基-虎尾,2024-12-02,9236
00864B,中信美國公債0-1,11,0,11,凱基-虎尾,2024-12-02,9236
00909,國泰數位支付服務,11,0,11,凱基-虎尾,2024-12-02,9236
1301,台塑,10,0,10,凱基-虎尾,2024-12-02,9236
1227,佳格,10,0,10,凱基-虎尾,2024-12-02,9236
00632R,元大台灣50反1,10,0,10,凱基-虎尾,2024-12-02,9236
00946,群益科技高息成長,10,0,10,凱基-虎尾,2024-12-02,9236
1528,恩德,10,0,10,凱基-虎尾,2024-12-02,9236
3056,富華新,10,0,10,凱基-虎尾,2024-12-02,9236
6742,澤米,10,0,10,凱基-虎尾,2024-12-02,9236
6770,力積電,10,0,10,凱基-虎尾,2024-12-02,9236
8249,菱光,10,0,10,凱基-虎尾,2024-12-02,9236
9105,泰金寶-DR,20,10,10,凱基-虎尾,2024-12-02,9236
2539,櫻花建,10,0,10,凱基-虎尾,2024-12-02,9236
00953B,群益優選非投等債,9,0,9,凱基-虎尾,2024-12-02,9236
2408,南亞科,10,1,9,凱基-虎尾,2024-12-02,9236
2476,鉅祥,12,3,9,凱基-虎尾,2024-12-02,9236
3031,佰鴻,12,3,9,凱基-虎尾,2024-12-02,9236
6285,啟��,11,2,9,凱基-虎尾,2024-12-02,9236
1611,中電,8,0,8,凱基-虎尾,2024-12-02,9236
2915,潤泰全,8,1,7,凱基-虎尾,2024-12-02,9236
6127,九豪,9,2,7,凱基-虎尾,2024-12-02,9236
2317,鴻海,12,5,7,凱基-虎尾,2024-12-02,9236
00918,大華優利高填息30,6,0,6,凱基-虎尾,2024-12-02,9236
2324,仁寶,7,1,6,凱基-虎尾,2024-12-02,9236
6505,台塑化,9,3,6,凱基-虎尾,2024-12-02,9236
00878,國泰永續高股息,8,2,6,凱基-虎尾,2024-12-02,9236
5439,高技,14,9,5,凱基-虎尾,2024-12-02,9236
8011,台通,5,0,5,凱基-虎尾,2024-12-02,9236
1531,高林股,5,1,4,凱基-虎尾,2024-12-02,9236
2305,全友,4,0,4,凱基-虎尾,2024-12-02,9236
2401,凌陽,4,0,4,凱基-虎尾,2024-12-02,9236
2405,輔信,4,0,4,凱基-虎尾,2024-12-02,9236
3035,智原,5,1,4,凱基-虎尾,2024-12-02,9236
3490,單井,4,0,4,凱基-虎尾,2024-12-02,9236
3714,富采,4,0,4,凱基-虎尾,2024-12-02,9236
4714,永捷,4,0,4,凱基-虎尾,2024-12-02,9236
6589,台康生技,4,0,4,凱基-虎尾,2024-12-02,9236
00864B,中信美國公債0-1,45,0,45,凱基-虎尾,2024-12-03,9236
2610,華航,477,432,45,凱基-虎尾,2024-12-03,9236
4430,耀億,40,0,40,凱基-虎尾,2024-12-03,9236
6757,台灣虎航,47,14,33,凱基-虎尾,2024-12-03,9236
2427,三商電,30,0,30,凱基-虎尾,2024-12-03,9236
2330,台積電,32,5,27,凱基-虎尾,2024-12-03,9236
1785,光洋科,36,11,25,凱基-虎尾,2024-12-03,9236
00953B,群益優選非投等債,21,0,21,凱基-虎尾,2024-12-03,9236
9105,泰金寶-DR,56,35,21,凱基-虎尾,2024-12-03,9236
00887,永豐中國科技50大,20,0,20,凱基-虎尾,2024-12-03,9236
4903,聯光通,24,4,20,凱基-虎尾,2024-12-03,9236
2317,鴻海,22,2,20,凱基-虎尾,2024-12-03,9236
3689,湧德,20,1,19,凱基-虎尾,2024-12-03,9236
00919,群益台灣精選高息,23,5,18,凱基-虎尾,2024-12-03,9236
2486,一詮,56,39,17,凱基-虎尾,2024-12-03,9236
3712,永崴投控,18,1,17,凱基-虎尾,2024-12-03,9236
3591,艾笛森,14,0,14,凱基-虎尾,2024-12-03,9236
1582,信錦,13,0,13,凱基-虎尾,2024-12-03,9236
2367,燿華,13,0,13,凱基-虎尾,2024-12-03,9236
6192,巨路,11,0,11,凱基-虎尾,2024-12-03,9236
00715L,期街口布蘭特正2,12,1,11,凱基-虎尾,2024-12-03,9236
2426,鼎元,13,2,11,凱基-虎尾,2024-12-03,9236
2382,廣達,12,2,10,凱基-虎尾,2024-12-03,9236
1434,福懋,10,0,10,凱基-虎尾,2024-12-03,9236
2312,金寶,32,22,10,凱基-虎尾,2024-12-03,9236
3056,富華新,10,0,10,凱基-虎尾,2024-12-03,9236
3290,東浦,10,0,10,凱基-虎尾,2024-12-03,9236
8261,富鼎,10,0,10,凱基-虎尾,2024-12-03,9236
3032,偉訓,16,7,9,凱基-虎尾,2024-12-03,9236
00713,元大台灣高息低波,8,0,8,凱基-虎尾,2024-12-03,9236
1449,佳和,8,0,8,凱基-虎尾,2024-12-03,9236
3033,威健,8,0,8,凱基-虎尾,2024-12-03,9236
5351,鈺創,8,0,8,凱基-虎尾,2024-12-03,9236
2354,鴻準,14,7,7,凱基-虎尾,2024-12-03,9236
3013,晟銘電,8,1,7,凱基-虎尾,2024-12-03,9236
3706,神達,65,58,7,凱基-虎尾,2024-12-03,9236
8076,伍豐,7,0,7,凱基-虎尾,2024-12-03,9236
00878,國泰永續高股息,6,0,6,凱基-虎尾,2024-12-03,9236
1605,華新,6,0,6,凱基-虎尾,2024-12-03,9236
2915,潤泰全,6,0,6,凱基-虎尾,2024-12-03,9236
3380,明泰,8,2,6,凱基-虎尾,2024-12-03,9236
4534,慶騰,6,0,6,凱基-虎尾,2024-12-03,9236
5880,合庫金,6,0,6,凱基-虎尾,2024-12-03,9236
2474,可成,6,0,6,凱基-虎尾,2024-12-03,9236
6770,力積電,6,0,6,凱基-虎尾,2024-12-03,9236
2347,聯強,5,0,5,凱基-虎尾,2024-12-03,9236
2449,京元電子,5,0,5,凱基-虎尾,2024-12-03,9236
3062,建漢,6,1,5,凱基-虎尾,2024-12-03,9236
3303,岱稜,5,0,5,凱基-虎尾,2024-12-03,9236
3419,譁裕,5,0,5,凱基-虎尾,2024-12-03,9236
2317,鴻海,568,25,543,凱基-虎尾,2024-12-04,9236
5309,系統電,102,59,43,凱基-虎尾,2024-12-04,9236
00953B,群益優選非投等債,27,0,27,凱基-虎尾,2024-12-04,9236
3025,星通,27,0,27,凱基-虎尾,2024-12-04,9236
2472,立隆電,31,6,25,凱基-虎尾,2024-12-04,9236
3163,波若威,25,0,25,凱基-虎尾,2024-12-04,9236
6127,九豪,39,14,25,凱基-虎尾,2024-12-04,9236
2337,旺宏,26,3,23,凱基-虎尾,2024-12-04,9236
2303,聯電,22,0,22,凱基-虎尾,2024-12-04,9236
2002,中鋼,21,0,21,凱基-虎尾,2024-12-04,9236
2543,皇昌,21,0,21,凱基-虎尾,2024-12-04,9236
1595,川寶,21,1,20,凱基-虎尾,2024-12-04,9236
3078,僑威,20,0,20,凱基-虎尾,2024-12-04,9236
4967,十銓,17,0,17,凱基-虎尾,2024-12-04,9236
1605,華新,16,0,16,凱基-虎尾,2024-12-04,9236
00712,復華富時不動產,15,0,15,凱基-虎尾,2024-12-04,9236
1809,中釉,15,0,15,凱基-虎尾,2024-12-04,9236
2464,盟立,16,1,15,凱基-虎尾,2024-12-04,9236
3591,艾笛森,15,0,15,凱基-虎尾,2024-12-04,9236
6720,久昌,16,2,14,凱基-虎尾,2024-12-04,9236
1802,台玻,19,6,13,凱基-虎尾,2024-12-04,9236
3323,加百裕,57,44,13,凱基-虎尾,2024-12-04,9236
4510,高鋒,13,0,13,凱基-虎尾,2024-12-04,9236
00878,國泰永續高股息,11,0,11,凱基-虎尾,2024-12-04,9236
00919,群益台灣精選高息,13,2,11,凱基-虎尾,2024-12-04,9236
00637L,元大滬深300正2,16,5,11,凱基-虎尾,2024-12-04,9236
3024,憶聲,11,0,11,凱基-虎尾,2024-12-04,9236
1319,東陽,10,0,10,凱基-虎尾,2024-12-04,9236
2344,華邦電,10,0,10,凱基-虎尾,2024-12-04,9236
3580,友威科,12,2,10,凱基-虎尾,2024-12-04,9236
3704,合勤控,10,0,10,凱基-虎尾,2024-12-04,9236
8104,錸寶,21,11,10,凱基-虎尾,2024-12-04,9236
8086,宏捷科,14,5,9,凱基-虎尾,2024-12-04,9236
00753L,中信中國50正2,18,9,9,凱基-虎尾,2024-12-04,9236
3090,日電貿,15,6,9,凱基-虎尾,2024-12-04,9236
2454,聯發科,8,0,8,凱基-虎尾,2024-12-04,9236
00950B,凱基A級公司債,8,0,8,凱基-虎尾,2024-12-04,9236
2349,錸德,11,3,8,凱基-虎尾,2024-12-04,9236
2392,正崴,19,11,8,凱基-虎尾,2024-12-04,9236
2834,臺企銀,33,25,8,凱基-虎尾,2024-12-04,9236
3481,群創,25,17,8,凱基-虎尾,2024-12-04,9236
4173,久裕,8,0,8,凱基-虎尾,2024-12-04,9236
2070,精湛,7,0,7,凱基-虎尾,2024-12-04,9236
2413,環科,7,0,7,凱基-虎尾,2024-12-04,9236
2436,偉詮電,9,2,7,凱基-虎尾,2024-12-04,9236
3317,尼克森,7,0,7,凱基-虎尾,2024-12-04,9236
8011,台通,7,0,7,凱基-虎尾,2024-12-04,9236
8038,長園科,7,0,7,凱基-虎尾,2024-12-04,9236
8358,金居,79,72,7,凱基-虎尾,2024-12-04,9236
3450,聯鈞,29,23,6,凱基-虎尾,2024-12-04,9236
2405,輔信,195,0,195,凱基-虎尾,2024-12-05,9236
00751B,元大AAA至A公司債,55,0,55,凱基-虎尾,2024-12-05,9236
00715L,期街口布蘭特正2,52,0,52,凱基-虎尾,2024-12-05,9236
3024,憶聲,50,0,50,凱基-虎尾,2024-12-05,9236
00918,大華優利高填息30,49,3,46,凱基-虎尾,2024-12-05,9236
3189,景碩,41,0,41,凱基-虎尾,2024-12-05,9236
3032,偉訓,37,1,36,凱基-虎尾,2024-12-05,9236
2399,映泰,33,0,33,凱基-虎尾,2024-12-05,9236
2371,大同,31,1,30,凱基-虎尾,2024-12-05,9236
00909,國泰數位支付服務,27,0,27,凱基-虎尾,2024-12-05,9236
2303,聯電,36,11,25,凱基-虎尾,2024-12-05,9236
5328,華容,34,10,24,凱基-虎尾,2024-12-05,9236
3706,神達,52,29,23,凱基-虎尾,2024-12-05,9236
4430,耀億,20,0,20,凱基-虎尾,2024-12-05,9236
2382,廣達,18,1,17,凱基-虎尾,2024-12-05,9236
9904,寶成,17,0,17,凱基-虎尾,2024-12-05,9236
3481,群創,18,3,15,凱基-虎尾,2024-12-05,9236
4919,新唐,24,9,15,凱基-虎尾,2024-12-05,9236
00688L,國泰20年美債正2,15,2,13,凱基-虎尾,2024-12-05,9236
2002,中鋼,13,0,13,凱基-虎尾,2024-12-05,9236
2486,一詮,22,10,12,凱基-虎尾,2024-12-05,9236
6163,華電網,11,0,11,凱基-虎尾,2024-12-05,9236
6202,盛群,16,5,11,凱基-虎尾,2024-12-05,9236
00664R,國泰臺灣加權反1,10,0,10,凱基-虎尾,2024-12-05,9236
1721,三晃,40,30,10,凱基-虎尾,2024-12-05,9236
1815,富喬,45,35,10,凱基-虎尾,2024-12-05,9236
2228,劍麟,10,0,10,凱基-虎尾,2024-12-05,9236
3625,西勝,10,0,10,凱基-虎尾,2024-12-05,9236
4123,晟德,10,0,10,凱基-虎尾,2024-12-05,9236
4306,炎洲,10,0,10,凱基-虎尾,2024-12-05,9236
6695,芯鼎,10,0,10,凱基-虎尾,2024-12-05,9236
8374,羅昇,10,0,10,凱基-虎尾,2024-12-05,9236
2375,凱美,39,29,10,凱基-虎尾,2024-12-05,9236
4510,高鋒,26,17,9,凱基-虎尾,2024-12-05,9236
5015,華祺,9,0,9,凱基-虎尾,2024-12-05,9236
4303,信立,19,11,8,凱基-虎尾,2024-12-05,9236
00953B,群益優選非投等債,7,0,7,凱基-虎尾,2024-12-05,9236
00877,復華中國5G,7,0,7,凱基-虎尾,2024-12-05,9236
2312,金寶,13,6,7,凱基-虎尾,2024-12-05,9236
2543,皇昌,8,1,7,凱基-虎尾,2024-12-05,9236
2353,宏��,6,0,6,凱基-虎尾,2024-12-05,9236
00637L,元大滬深300正2,6,0,6,凱基-虎尾,2024-12-05,9236
1336,台翰,6,0,6,凱基-虎尾,2024-12-05,9236
2314,台揚,6,0,6,凱基-虎尾,2024-12-05,9236
4906,正文,6,0,6,凱基-虎尾,2024-12-05,9236
8044,網家,7,1,6,凱基-虎尾,2024-12-05,9236
6770,力積電,5,0,5,凱基-虎尾,2024-12-05,9236
3105,穩懋,5,0,5,凱基-虎尾,2024-12-05,9236
1434,福懋,5,0,5,凱基-虎尾,2024-12-05,9236
1718,中纖,5,0,5,凱基-虎尾,2024-12-05,9236
00706L,期元大S＆P日圓正2,160,0,160,凱基-虎尾,2024-12-06,9236
00715L,期街口布蘭特正2,61,15,46,凱基-虎尾,2024-12-06,9236
2399,映泰,77,40,37,凱基-虎尾,2024-12-06,9236
3013,晟銘電,31,0,31,凱基-虎尾,2024-12-06,9236
6829,千附精密,31,0,31,凱基-虎尾,2024-12-06,9236
00937B,群益ESG投等債20,30,0,30,凱基-虎尾,2024-12-06,9236
00919,群益台灣精選高息,23,1,22,凱基-虎尾,2024-12-06,9236
3060,銘異,20,0,20,凱基-虎尾,2024-12-06,9236
8112,至上,20,0,20,凱基-虎尾,2024-12-06,9236
2409,友達,17,0,17,凱基-虎尾,2024-12-06,9236
5243,乙盛-KY,18,1,17,凱基-虎尾,2024-12-06,9236
9904,寶成,17,0,17,凱基-虎尾,2024-12-06,9236
1815,富喬,51,35,16,凱基-虎尾,2024-12-06,9236
5328,華容,24,8,16,凱基-虎尾,2024-12-06,9236
3450,聯鈞,18,3,15,凱基-虎尾,2024-12-06,9236
3704,合勤控,15,0,15,凱基-虎尾,2024-12-06,9236
5438,東友,15,0,15,凱基-虎尾,2024-12-06,9236
00953B,群益優選非投等債,14,0,14,凱基-虎尾,2024-12-06,9236
3024,憶聲,14,0,14,凱基-虎尾,2024-12-06,9236
3706,神達,112,98,14,凱基-虎尾,2024-12-06,9236
2392,正崴,26,13,13,凱基-虎尾,2024-12-06,9236
00878,國泰永續高股息,12,0,12,凱基-虎尾,2024-12-06,9236
1605,華新,21,10,11,凱基-虎尾,2024-12-06,9236
4306,炎洲,10,0,10,凱基-虎尾,2024-12-06,9236
3596,智易,10,0,10,凱基-虎尾,2024-12-06,9236
6127,九豪,9,0,9,凱基-虎尾,2024-12-06,9236
2337,旺宏,15,6,9,凱基-虎尾,2024-12-06,9236
2442,新美齊,7,0,7,凱基-虎尾,2024-12-06,9236
2408,南亞科,13,6,7,凱基-虎尾,2024-12-06,9236
5392,能率,7,0,7,凱基-虎尾,2024-12-06,9236
00713,元大台灣高息低波,6,0,6,凱基-虎尾,2024-12-06,9236
2002,中鋼,6,0,6,凱基-虎尾,2024-12-06,9236
4979,華星光,9,3,6,凱基-虎尾,2024-12-06,9236
00712,復華富時不動產,6,0,6,凱基-虎尾,2024-12-06,9236
2543,皇昌,5,0,5,凱基-虎尾,2024-12-06,9236
6112,邁達特,6,1,5,凱基-虎尾,2024-12-06,9236
2375,凱美,17,12,5,凱基-虎尾,2024-12-06,9236
00941,中信上游半導體,5,0,5,凱基-虎尾,2024-12-06,9236
2303,聯電,16,11,5,凱基-虎尾,2024-12-06,9236
00692,富邦公司治理,5,0,5,凱基-虎尾,2024-12-06,9236
00680L,元大美債20正2,5,0,5,凱基-虎尾,2024-12-06,9236
2419,仲琦,5,0,5,凱基-虎尾,2024-12-06,9236
2472,立隆電,6,1,5,凱基-虎尾,2024-12-06,9236
2885,元大金,5,0,5,凱基-虎尾,2024-12-06,9236
3031,佰鴻,5,0,5,凱基-虎尾,2024-12-06,9236
3090,日電貿,6,1,5,凱基-虎尾,2024-12-06,9236
3114,好德,5,0,5,凱基-虎尾,2024-12-06,9236
4903,聯光通,7,2,5,凱基-虎尾,2024-12-06,9236
4956,光鋐,6,1,5,凱基-虎尾,2024-12-06,9236
6121,新普,5,0,5,凱基-虎尾,2024-12-06,9236
00715L,期街口布蘭特正2,110,3,107,凱基-虎尾,2024-12-09,9236
2427,三商電,74,20,54,凱基-虎尾,2024-12-09,9236
2436,偉詮電,41,0,41,凱基-虎尾,2024-12-09,9236
3024,憶聲,41,4,37,凱基-虎尾,2024-12-09,9236
2374,佳能,34,3,31,凱基-虎尾,2024-12-09,9236
3511,矽瑪,30,0,30,凱基-虎尾,2024-12-09,9236
5243,乙盛-KY,30,0,30,凱基-虎尾,2024-12-09,9236
5457,宣德,30,0,30,凱基-虎尾,2024-12-09,9236
2392,正崴,49,20,29,凱基-虎尾,2024-12-09,9236
1301,台塑,45,18,27,凱基-虎尾,2024-12-09,9236
6829,千附精密,24,0,24,凱基-虎尾,2024-12-09,9236
2543,皇昌,23,0,23,凱基-虎尾,2024-12-09,9236
2850,新產,21,0,21,凱基-虎尾,2024-12-09,9236
00706L,期元大S＆P日圓正2,20,0,20,凱基-虎尾,2024-12-09,9236
00887,永豐中國科技50大,20,0,20,凱基-虎尾,2024-12-09,9236
3162,精確,20,0,20,凱基-虎尾,2024-12-09,9236
1524,耿鼎,20,1,19,凱基-虎尾,2024-12-09,9236
1305,華夏,18,0,18,凱基-虎尾,2024-12-09,9236
2613,中櫃,20,2,18,凱基-虎尾,2024-12-09,9236
2603,長榮,28,11,17,凱基-虎尾,2024-12-09,9236
6674,鋐寶科技,20,3,17,凱基-虎尾,2024-12-09,9236
2409,友達,23,7,16,凱基-虎尾,2024-12-09,9236
2002,中鋼,20,5,15,凱基-虎尾,2024-12-09,9236
2362,藍天,12,0,12,凱基-虎尾,2024-12-09,9236
2317,鴻海,12,1,11,凱基-虎尾,2024-12-09,9236
8042,金山電,14,3,11,凱基-虎尾,2024-12-09,9236
2344,華邦電,10,0,10,凱基-虎尾,2024-12-09,9236
00953B,群益優選非投等債,10,0,10,凱基-虎尾,2024-12-09,9236
2371,大同,10,0,10,凱基-虎尾,2024-12-09,9236
2855,統一證,10,0,10,凱基-虎尾,2024-12-09,9236
3032,偉訓,23,13,10,凱基-虎尾,2024-12-09,9236
3522,御嵿,10,0,10,凱基-虎尾,2024-12-09,9236
2609,陽明,288,279,9,凱基-虎尾,2024-12-09,9236
00915,凱基優選高股息30,9,1,8,凱基-虎尾,2024-12-09,9236
3211,順達,11,3,8,凱基-虎尾,2024-12-09,9236
00909,國泰數位支付服務,8,0,8,凱基-虎尾,2024-12-09,9236
2405,輔信,11,3,8,凱基-虎尾,2024-12-09,9236
00918,大華優利高填息30,23,16,7,凱基-虎尾,2024-12-09,9236
8028,昇陽半導體,7,0,7,凱基-虎尾,2024-12-09,9236
8176,智捷,7,0,7,凱基-虎尾,2024-12-09,9236
2354,鴻準,15,8,7,凱基-虎尾,2024-12-09,9236
1101,台泥,6,0,6,凱基-虎尾,2024-12-09,9236
00713,元大台灣高息低波,6,0,6,凱基-虎尾,2024-12-09,9236
2615,萬海,41,35,6,凱基-虎尾,2024-12-09,9236
5202,力新,8,2,6,凱基-虎尾,2024-12-09,9236
2883,凱基金,6,0,6,凱基-虎尾,2024-12-09,9236
2332,友訊,6,0,6,凱基-虎尾,2024-12-09,9236
2610,華航,36,31,5,凱基-虎尾,2024-12-09,9236
6121,新普,5,0,5,凱基-虎尾,2024-12-09,9236
1319,東陽,5,0,5,凱基-虎尾,2024-12-09,9236
2332,友訊,50,1,49,凱基-虎尾,2024-12-10,9236
1815,富喬,59,12,47,凱基-虎尾,2024-12-10,9236
00918,大華優利高填息30,33,0,33,凱基-虎尾,2024-12-10,9236
3162,精確,55,24,31,凱基-虎尾,2024-12-10,9236
3043,科風,39,13,26,凱基-虎尾,2024-12-10,9236
4562,穎漢,24,0,24,凱基-虎尾,2024-12-10,9236
5871,中租-KY,23,2,21,凱基-虎尾,2024-12-10,9236
2317,鴻海,23,2,21,凱基-虎尾,2024-12-10,9236
00715L,期街口布蘭特正2,23,3,20,凱基-虎尾,2024-12-10,9236
1802,台玻,20,0,20,凱基-虎尾,2024-12-10,9236
2436,偉詮電,21,1,20,凱基-虎尾,2024-12-10,9236
9904,寶成,20,0,20,凱基-虎尾,2024-12-10,9236
2850,新產,19,0,19,凱基-虎尾,2024-12-10,9236
6505,台塑化,21,2,19,凱基-虎尾,2024-12-10,9236
1721,三晃,18,0,18,凱基-虎尾,2024-12-10,9236
00915,凱基優選高股息30,15,0,15,凱基-虎尾,2024-12-10,9236
3706,神達,48,34,14,凱基-虎尾,2024-12-10,9236
2405,輔信,11,0,11,凱基-虎尾,2024-12-10,9236
3036,文曄,11,0,11,凱基-虎尾,2024-12-10,9236
3481,群創,11,1,10,凱基-虎尾,2024-12-10,9236
00637L,元大滬深300正2,10,0,10,凱基-虎尾,2024-12-10,9236
2408,南亞科,11,1,10,凱基-虎尾,2024-12-10,9236
2426,鼎元,10,0,10,凱基-虎尾,2024-12-10,9236
3580,友威科,10,0,10,凱基-虎尾,2024-12-10,9236
3596,智易,10,0,10,凱基-虎尾,2024-12-10,9236
4977,眾達-KY,12,2,10,凱基-虎尾,2024-12-10,9236
5426,振發,12,2,10,凱基-虎尾,2024-12-10,9236
00909,國泰數位支付服務,14,5,9,凱基-虎尾,2024-12-10,9236
1609,大亞,9,0,9,凱基-虎尾,2024-12-10,9236
2486,一詮,18,9,9,凱基-虎尾,2024-12-10,9236
3490,單井,9,0,9,凱基-虎尾,2024-12-10,9236
3189,景碩,12,3,9,凱基-虎尾,2024-12-10,9236
1215,卜蜂,8,0,8,凱基-虎尾,2024-12-10,9236
2356,英業達,8,0,8,凱基-虎尾,2024-12-10,9236
3050,鈺德,7,0,7,凱基-虎尾,2024-12-10,9236
3548,兆利,7,0,7,凱基-虎尾,2024-12-10,9236
2543,皇昌,6,0,6,凱基-虎尾,2024-12-10,9236
1457,宜進,6,0,6,凱基-虎尾,2024-12-10,9236
2312,金寶,14,8,6,凱基-虎尾,2024-12-10,9236
2884,玉山金,6,0,6,凱基-虎尾,2024-12-10,9236
4931,新盛力,8,2,6,凱基-虎尾,2024-12-10,9236
2020,美亞,5,0,5,凱基-虎尾,2024-12-10,9236
2388,威盛,6,1,5,凱基-虎尾,2024-12-10,9236
3450,聯鈞,9,4,5,凱基-虎尾,2024-12-10,9236
5521,工信,5,0,5,凱基-虎尾,2024-12-10,9236
6202,盛群,5,0,5,凱基-虎尾,2024-12-10,9236
8011,台通,8,3,5,凱基-虎尾,2024-12-10,9236
9105,泰金寶-DR,5,0,5,凱基-虎尾,2024-12-10,9236
9958,世紀鋼,5,0,5,凱基-虎尾,2024-12-10,9236
00968B,元大優息投等債,5,1,4,凱基-虎尾,2024-12-10,9236
3607,谷崧,80,0,80,凱基-虎尾,2024-12-11,9236
2468,華經,75,0,75,凱基-虎尾,2024-12-11,9236
1785,光洋科,75,2,73,凱基-虎尾,2024-12-11,9236
6213,聯茂,50,0,50,凱基-虎尾,2024-12-11,9236
8249,菱光,50,0,50,凱基-虎尾,2024-12-11,9236
00680L,元大美債20正2,50,3,47,凱基-虎尾,2024-12-11,9236
2312,金寶,47,10,37,凱基-虎尾,2024-12-11,9236
2429,銘旺科,35,0,35,凱基-虎尾,2024-12-11,9236
2609,陽明,62,31,31,凱基-虎尾,2024-12-11,9236
00706L,期元大S＆P日圓正2,31,0,31,凱基-虎尾,2024-12-11,9236
2471,資通,31,0,31,凱基-虎尾,2024-12-11,9236
6215,和椿,32,2,30,凱基-虎尾,2024-12-11,9236
2488,漢平,28,0,28,凱基-虎尾,2024-12-11,9236
9105,泰金寶-DR,38,10,28,凱基-虎尾,2024-12-11,9236
00953B,群益優選非投等債,25,0,25,凱基-虎尾,2024-12-11,9236
1301,台塑,23,0,23,凱基-虎尾,2024-12-11,9236
2317,鴻海,33,10,23,凱基-虎尾,2024-12-11,9236
00919,群益台灣精選高息,23,1,22,凱基-虎尾,2024-12-11,9236
9904,寶成,22,1,21,凱基-虎尾,2024-12-11,9236
00945B,凱基美國非投等債,20,0,20,凱基-虎尾,2024-12-11,9236
2888,新光金,20,0,20,凱基-虎尾,2024-12-11,9236
1815,富喬,32,13,19,凱基-虎尾,2024-12-11,9236
00918,大華優利高填息30,18,0,18,凱基-虎尾,2024-12-11,9236
00878,國泰永續高股息,18,1,17,凱基-虎尾,2024-12-11,9236
3231,緯創,16,0,16,凱基-虎尾,2024-12-11,9236
2850,新產,15,0,15,凱基-虎尾,2024-12-11,9236
00929,復華台灣科技優息,15,1,14,凱基-虎尾,2024-12-11,9236
2436,偉詮電,14,0,14,凱基-虎尾,2024-12-11,9236
3712,永崴投控,14,0,14,凱基-虎尾,2024-12-11,9236
5531,鄉林,14,0,14,凱基-虎尾,2024-12-11,9236
3234,光環,16,3,13,凱基-虎尾,2024-12-11,9236
2303,聯電,13,1,12,凱基-虎尾,2024-12-11,9236
3522,御嵿,12,0,12,凱基-虎尾,2024-12-11,9236
5328,華容,146,135,11,凱基-虎尾,2024-12-11,9236
8111,立��,12,1,11,凱基-虎尾,2024-12-11,9236
2314,台揚,10,0,10,凱基-虎尾,2024-12-11,9236
2515,中工,10,0,10,凱基-虎尾,2024-12-11,9236
2615,萬海,11,1,10,凱基-虎尾,2024-12-11,9236
5425,台半,10,0,10,凱基-虎尾,2024-12-11,9236
6509,聚和,10,0,10,凱基-虎尾,2024-12-11,9236
2368,金像電,13,4,9,凱基-虎尾,2024-12-11,9236
3019,亞光,40,31,9,凱基-虎尾,2024-12-11,9236
4510,高鋒,21,12,9,凱基-虎尾,2024-12-11,9236
2353,宏��,10,1,9,凱基-虎尾,2024-12-11,9236
00915,凱基優選高股息30,8,0,8,凱基-虎尾,2024-12-11,9236
00922,國泰台灣領袖50,8,0,8,凱基-虎尾,2024-12-11,9236
00887,永豐中國科技50大,8,0,8,凱基-虎尾,2024-12-11,9236
2338,光罩,8,0,8,凱基-虎尾,2024-12-11,9236
2453,凌群,10,2,8,凱基-虎尾,2024-12-11,9236
4533,協易機,10,2,8,凱基-虎尾,2024-12-11,9236
00673R,期元大S＆P原油反1,104,0,104,凱基-虎尾,2024-12-12,9236
8249,菱光,63,0,63,凱基-虎尾,2024-12-12,9236
00680L,元大美債20正2,60,0,60,凱基-虎尾,2024-12-12,9236
6118,建達,46,0,46,凱基-虎尾,2024-12-12,9236
1301,台塑,44,2,42,凱基-虎尾,2024-12-12,9236
2374,佳能,59,18,41,凱基-虎尾,2024-12-12,9236
00919,群益台灣精選高息,39,5,34,凱基-虎尾,2024-12-12,9236
6215,和椿,47,14,33,凱基-虎尾,2024-12-12,9236
3234,光環,30,3,27,凱基-虎尾,2024-12-12,9236
2317,鴻海,1045,1019,26,凱基-虎尾,2024-12-12,9236
00937B,群益ESG投等債20,24,0,24,凱基-虎尾,2024-12-12,9236
2468,華經,28,4,24,凱基-虎尾,2024-12-12,9236
00679B,元大美債20年,18,0,18,凱基-虎尾,2024-12-12,9236
1789,神隆,18,0,18,凱基-虎尾,2024-12-12,9236
2850,新產,18,0,18,凱基-虎尾,2024-12-12,9236
3706,神達,67,49,18,凱基-虎尾,2024-12-12,9236
3450,聯鈞,32,15,17,凱基-虎尾,2024-12-12,9236
00918,大華優利高填息30,24,7,17,凱基-虎尾,2024-12-12,9236
2609,陽明,21,6,15,凱基-虎尾,2024-12-12,9236
3152,璟德,14,0,14,凱基-虎尾,2024-12-12,9236
2344,華邦電,12,0,12,凱基-虎尾,2024-12-12,9236
00950B,凱基A級公司債,11,0,11,凱基-虎尾,2024-12-12,9236
2618,長榮航,12,1,11,凱基-虎尾,2024-12-12,9236
6589,台康生技,11,0,11,凱基-虎尾,2024-12-12,9236
8222,寶一,11,0,11,凱基-虎尾,2024-12-12,9236
2454,聯發科,11,0,11,凱基-虎尾,2024-12-12,9236
2356,英業達,24,14,10,凱基-虎尾,2024-12-12,9236
00706L,期元大S＆P日圓正2,10,0,10,凱基-虎尾,2024-12-12,9236
1340,勝悅-KY,10,0,10,凱基-虎尾,2024-12-12,9236
2353,宏��,10,0,10,凱基-虎尾,2024-12-12,9236
3596,智易,10,0,10,凱基-虎尾,2024-12-12,9236
8383,千附,10,0,10,凱基-虎尾,2024-12-12,9236
6823,濾能,9,0,9,凱基-虎尾,2024-12-12,9236
6505,台塑化,16,9,7,凱基-虎尾,2024-12-12,9236
1326,台化,8,1,7,凱基-虎尾,2024-12-12,9236
00909,國泰數位支付服務,7,0,7,凱基-虎尾,2024-12-12,9236
1524,耿鼎,60,53,7,凱基-虎尾,2024-12-12,9236
2419,仲琦,7,0,7,凱基-虎尾,2024-12-12,9236
2615,萬海,10,3,7,凱基-虎尾,2024-12-12,9236
2849,安泰銀,7,0,7,凱基-虎尾,2024-12-12,9236
2610,華航,17,11,6,凱基-虎尾,2024-12-12,9236
6176,瑞儀,6,0,6,凱基-虎尾,2024-12-12,9236
3037,欣興,7,1,6,凱基-虎尾,2024-12-12,9236
3689,湧德,8,2,6,凱基-虎尾,2024-12-12,9236
1707,葡萄王,5,0,5,凱基-虎尾,2024-12-12,9236
2429,銘旺科,10,5,5,凱基-虎尾,2024-12-12,9236
2515,中工,5,0,5,凱基-虎尾,2024-12-12,9236
5328,華容,95,90,5,凱基-虎尾,2024-12-12,9236
5905,南仁湖,5,0,5,凱基-虎尾,2024-12-12,9236
6108,競國,5,0,5,凱基-虎尾,2024-12-12,9236
9105,泰金寶-DR,195,63,132,凱基-虎尾,2024-12-13,9236
4931,新盛力,118,11,107,凱基-虎尾,2024-12-13,9236
2468,華經,91,11,80,凱基-虎尾,2024-12-13,9236
1789,神隆,62,0,62,凱基-虎尾,2024-12-13,9236
6558,興能高,71,10,61,凱基-虎尾,2024-12-13,9236
00878,國泰永續高股息,54,5,49,凱基-虎尾,2024-12-13,9236
00933B,國泰10Y+金融債,42,0,42,凱基-虎尾,2024-12-13,9236
4526,東台,39,0,39,凱基-虎尾,2024-12-13,9236
9904,寶成,41,3,38,凱基-虎尾,2024-12-13,9236
00715L,期街口布蘭特正2,35,0,35,凱基-虎尾,2024-12-13,9236
00687B,國泰20年美債,33,0,33,凱基-虎尾,2024-12-13,9236
6770,力積電,34,2,32,凱基-虎尾,2024-12-13,9236
00919,群益台灣精選高息,28,0,28,凱基-虎尾,2024-12-13,9236
00887,永豐中國科技50大,27,0,27,凱基-虎尾,2024-12-13,9236
3481,群創,27,0,27,凱基-虎尾,2024-12-13,9236
00680L,元大美債20正2,24,0,24,凱基-虎尾,2024-12-13,9236
2850,新產,24,0,24,凱基-虎尾,2024-12-13,9236
2609,陽明,79,56,23,凱基-虎尾,2024-12-13,9236
00915,凱基優選高股息30,20,0,20,凱基-虎尾,2024-12-13,9236
2892,第一金,19,0,19,凱基-虎尾,2024-12-13,9236
00918,大華優利高填息30,18,0,18,凱基-虎尾,2024-12-13,9236
2317,鴻海,3374,3358,16,凱基-虎尾,2024-12-13,9236
1449,佳和,28,13,15,凱基-虎尾,2024-12-13,9236
1802,台玻,15,0,15,凱基-虎尾,2024-12-13,9236
3019,亞光,80,65,15,凱基-虎尾,2024-12-13,9236
4533,協易機,15,0,15,凱基-虎尾,2024-12-13,9236
8103,瀚荃,13,0,13,凱基-虎尾,2024-12-13,9236
8042,金山電,12,0,12,凱基-虎尾,2024-12-13,9236
2368,金像電,21,9,12,凱基-虎尾,2024-12-13,9236
0056,元大高股息,12,0,12,凱基-虎尾,2024-12-13,9236
00929,復華台灣科技優息,16,5,11,凱基-虎尾,2024-12-13,9236
00893,國泰智能電動車,11,0,11,凱基-虎尾,2024-12-13,9236
2610,華航,21,10,11,凱基-虎尾,2024-12-13,9236
00713,元大台灣高息低波,11,1,10,凱基-虎尾,2024-12-13,9236
00882,中信中國高股息,10,0,10,凱基-虎尾,2024-12-13,9236
2324,仁寶,10,0,10,凱基-虎尾,2024-12-13,9236
2855,統一證,10,0,10,凱基-虎尾,2024-12-13,9236
3450,聯鈞,23,13,10,凱基-虎尾,2024-12-13,9236
5328,華容,73,63,10,凱基-虎尾,2024-12-13,9236
8358,金居,14,4,10,凱基-虎尾,2024-12-13,9236
00937B,群益ESG投等債20,8,0,8,凱基-虎尾,2024-12-13,9236
1605,華新,8,0,8,凱基-虎尾,2024-12-13,9236
2449,京元電子,9,1,8,凱基-虎尾,2024-12-13,9236
2462,良得電,8,0,8,凱基-虎尾,2024-12-13,9236
3043,科風,12,4,8,凱基-虎尾,2024-12-13,9236
3548,兆利,8,0,8,凱基-虎尾,2024-12-13,9236
3591,艾笛森,8,0,8,凱基-虎尾,2024-12-13,9236
6589,台康生技,9,1,8,凱基-虎尾,2024-12-13,9236
6823,濾能,8,0,8,凱基-虎尾,2024-12-13,9236
1785,光洋科,13,5,8,凱基-虎尾,2024-12-13,9236
2330,台積電,380,207,173,凱基-虎尾,2024-12-16,9236
2618,長榮航,188,30,158,凱基-虎尾,2024-12-16,9236
00673R,期元大S＆P原油反1,120,0,120,凱基-虎尾,2024-12-16,9236
4510,高鋒,153,71,82,凱基-虎尾,2024-12-16,9236
8111,立��,82,0,82,凱基-虎尾,2024-12-16,9236
00680L,元大美債20正2,60,0,60,凱基-虎尾,2024-12-16,9236
4561,健椿,52,1,51,凱基-虎尾,2024-12-16,9236
2374,佳能,55,12,43,凱基-虎尾,2024-12-16,9236
2464,盟立,37,4,33,凱基-虎尾,2024-12-16,9236
2367,燿華,31,2,29,凱基-虎尾,2024-12-16,9236
8249,菱光,58,31,27,凱基-虎尾,2024-12-16,9236
2382,廣達,25,1,24,凱基-虎尾,2024-12-16,9236
2317,鴻海,2171,2149,22,凱基-虎尾,2024-12-16,9236
1815,富喬,25,3,22,凱基-虎尾,2024-12-16,9236
00679B,元大美債20年,21,0,21,凱基-虎尾,2024-12-16,9236
2027,大成鋼,20,0,20,凱基-虎尾,2024-12-16,9236
2609,陽明,50,33,17,凱基-虎尾,2024-12-16,9236
3231,緯創,17,0,17,凱基-虎尾,2024-12-16,9236
1904,正隆,16,0,16,凱基-虎尾,2024-12-16,9236
00948B,中信優息投資級債,15,0,15,凱基-虎尾,2024-12-16,9236
00751B,元大AAA至A公司債,14,0,14,凱基-虎尾,2024-12-16,9236
00919,群益台灣精選高息,13,0,13,凱基-虎尾,2024-12-16,9236
00687B,國泰20年美債,12,0,12,凱基-虎尾,2024-12-16,9236
1446,宏和,16,4,12,凱基-虎尾,2024-12-16,9236
1528,恩德,12,0,12,凱基-虎尾,2024-12-16,9236
3162,精確,12,0,12,凱基-虎尾,2024-12-16,9236
00918,大華優利高填息30,11,0,11,凱基-虎尾,2024-12-16,9236
2002,中鋼,13,2,11,凱基-虎尾,2024-12-16,9236
2610,華航,12,1,11,凱基-虎尾,2024-12-16,9236
6214,精誠,11,0,11,凱基-虎尾,2024-12-16,9236
8054,安國,15,4,11,凱基-虎尾,2024-12-16,9236
1101,台泥,10,0,10,凱基-虎尾,2024-12-16,9236
00706L,期元大S＆P日圓正2,10,0,10,凱基-虎尾,2024-12-16,9236
00887,永豐中國科技50大,10,0,10,凱基-虎尾,2024-12-16,9236
2850,新產,10,0,10,凱基-虎尾,2024-12-16,9236
2929,淘帝-KY,10,0,10,凱基-虎尾,2024-12-16,9236
3058,立德,10,0,10,凱基-虎尾,2024-12-16,9236
3234,光環,11,1,10,凱基-虎尾,2024-12-16,9236
8032,光菱,10,0,10,凱基-虎尾,2024-12-16,9236
00878,國泰永續高股息,10,0,10,凱基-虎尾,2024-12-16,9236
2454,聯發科,12,2,10,凱基-虎尾,2024-12-16,9236
00753L,中信中國50正2,9,0,9,凱基-虎尾,2024-12-16,9236
4107,邦特,9,0,9,凱基-虎尾,2024-12-16,9236
4974,亞泰,14,5,9,凱基-虎尾,2024-12-16,9236
6706,惠特,12,3,9,凱基-虎尾,2024-12-16,9236
3017,奇鋐,10,2,8,凱基-虎尾,2024-12-16,9236
6695,芯鼎,8,0,8,凱基-虎尾,2024-12-16,9236
2486,一詮,11,3,8,凱基-虎尾,2024-12-16,9236
1721,三晃,8,0,8,凱基-虎尾,2024-12-16,9236
2937,集雅社,8,0,8,凱基-虎尾,2024-12-16,9236
00712,復華富時不動產,389,0,389,凱基-虎尾,2024-12-17,9236
2887,台新金,150,0,150,凱基-虎尾,2024-12-17,9236
3481,群創,115,3,112,凱基-虎尾,2024-12-17,9236
2610,華航,105,4,101,凱基-虎尾,2024-12-17,9236
00948B,中信優息投資級債,70,0,70,凱基-虎尾,2024-12-17,9236
2850,新產,59,0,59,凱基-虎尾,2024-12-17,9236
00679B,元大美債20年,56,0,56,凱基-虎尾,2024-12-17,9236
8032,光菱,41,1,40,凱基-虎尾,2024-12-17,9236
2312,金寶,40,5,35,凱基-虎尾,2024-12-17,9236
2834,臺企銀,33,0,33,凱基-虎尾,2024-12-17,9236
2303,聯電,45,13,32,凱基-虎尾,2024-12-17,9236
00915,凱基優選高股息30,29,0,29,凱基-虎尾,2024-12-17,9236
2344,華邦電,33,7,26,凱基-虎尾,2024-12-17,9236
4967,十銓,26,1,25,凱基-虎尾,2024-12-17,9236
2101,南港,24,0,24,凱基-虎尾,2024-12-17,9236
2313,華通,40,19,21,凱基-虎尾,2024-12-17,9236
00715L,期街口布蘭特正2,20,0,20,凱基-虎尾,2024-12-17,9236
4909,新復興,20,0,20,凱基-虎尾,2024-12-17,9236
4919,新唐,20,0,20,凱基-虎尾,2024-12-17,9236
2609,陽明,39,21,18,凱基-虎尾,2024-12-17,9236
2363,矽統,26,9,17,凱基-虎尾,2024-12-17,9236
8054,安國,28,12,16,凱基-虎尾,2024-12-17,9236
1449,佳和,13,0,13,凱基-虎尾,2024-12-17,9236
6215,和椿,29,16,13,凱基-虎尾,2024-12-17,9236
8234,新漢,18,5,13,凱基-虎尾,2024-12-17,9236
2317,鴻海,22,9,13,凱基-虎尾,2024-12-17,9236
2882,國泰金,12,0,12,凱基-虎尾,2024-12-17,9236
2409,友達,11,0,11,凱基-虎尾,2024-12-17,9236
2886,兆豐金,11,0,11,凱基-虎尾,2024-12-17,9236
3059,華晶科,14,3,11,凱基-虎尾,2024-12-17,9236
8070,長華*,10,0,10,凱基-虎尾,2024-12-17,9236
00918,大華優利高填息30,10,0,10,凱基-虎尾,2024-12-17,9236
00795B,中信美國公債20年,10,0,10,凱基-虎尾,2024-12-17,9236
2637,慧洋-KY,10,0,10,凱基-虎尾,2024-12-17,9236
3062,建漢,10,0,10,凱基-虎尾,2024-12-17,9236
6187,萬潤,11,1,10,凱基-虎尾,2024-12-17,9236
00753L,中信中國50正2,9,0,9,凱基-虎尾,2024-12-17,9236
1540,喬福,10,1,9,凱基-虎尾,2024-12-17,9236
2382,廣達,9,0,9,凱基-虎尾,2024-12-17,9236
3706,神達,30,21,9,凱基-虎尾,2024-12-17,9236
8064,東捷,9,0,9,凱基-虎尾,2024-12-17,9236
2359,所羅門,47,39,8,凱基-虎尾,2024-12-17,9236
3231,緯創,10,2,8,凱基-虎尾,2024-12-17,9236
4533,協易機,10,2,8,凱基-虎尾,2024-12-17,9236
4991,環宇-KY,8,0,8,凱基-虎尾,2024-12-17,9236
6807,峰源-KY,8,0,8,凱基-虎尾,2024-12-17,9236
8374,羅昇,16,8,8,凱基-虎尾,2024-12-17,9236
00687B,國泰20年美債,7,0,7,凱基-虎尾,2024-12-17,9236
6505,台塑化,12,5,7,凱基-虎尾,2024-12-17,9236
00919,群益台灣精選高息,7,0,7,凱基-虎尾,2024-12-17,9236
00907,永豐優息存股,100,0,100,凱基-虎尾,2024-12-18,9236
00950B,凱基A級公司債,66,0,66,凱基-虎尾,2024-12-18,9236
00887,永豐中國科技50大,65,0,65,凱基-虎尾,2024-12-18,9236
3043,科風,63,4,59,凱基-虎尾,2024-12-18,9236
00712,復華富時不動產,51,0,51,凱基-虎尾,2024-12-18,9236
2468,華經,48,0,48,凱基-虎尾,2024-12-18,9236
00918,大華優利高填息30,46,0,46,凱基-虎尾,2024-12-18,9236
1815,富喬,109,75,34,凱基-虎尾,2024-12-18,9236
00680L,元大美債20正2,30,0,30,凱基-虎尾,2024-12-18,9236
2330,台積電,92,62,30,凱基-虎尾,2024-12-18,9236
4562,穎漢,33,7,26,凱基-虎尾,2024-12-18,9236
2464,盟立,30,6,24,凱基-虎尾,2024-12-18,9236
2892,第一金,21,0,21,凱基-虎尾,2024-12-18,9236
3558,神準,22,1,21,凱基-虎尾,2024-12-18,9236
00948B,中信優息投資級債,20,0,20,凱基-虎尾,2024-12-18,9236
2618,長榮航,125,105,20,凱基-虎尾,2024-12-18,9236
3594,磐儀,23,3,20,凱基-虎尾,2024-12-18,9236
2603,長榮,20,2,18,凱基-虎尾,2024-12-18,9236
2337,旺宏,18,3,15,凱基-虎尾,2024-12-18,9236
1785,光洋科,14,0,14,凱基-虎尾,2024-12-18,9236
3712,永崴投控,15,1,14,凱基-虎尾,2024-12-18,9236
00878,國泰永續高股息,14,0,14,凱基-虎尾,2024-12-18,9236
00715L,期街口布蘭特正2,12,0,12,凱基-虎尾,2024-12-18,9236
5484,慧友,11,0,11,凱基-虎尾,2024-12-18,9236
1707,葡萄王,10,0,10,凱基-虎尾,2024-12-18,9236
00953B,群益優選非投等債,10,0,10,凱基-虎尾,2024-12-18,9236
1808,潤隆,10,0,10,凱基-虎尾,2024-12-18,9236
1605,華新,10,1,9,凱基-虎尾,2024-12-18,9236
9958,世紀鋼,12,3,9,凱基-虎尾,2024-12-18,9236
4958,臻鼎-KY,22,13,9,凱基-虎尾,2024-12-18,9236
2472,立隆電,8,0,8,凱基-虎尾,2024-12-18,9236
3289,宜特,8,0,8,凱基-虎尾,2024-12-18,9236
6668,中揚光,8,0,8,凱基-虎尾,2024-12-18,9236
3029,零壹,12,4,8,凱基-虎尾,2024-12-18,9236
2486,一詮,9,2,7,凱基-虎尾,2024-12-18,9236
3441,聯一光,8,1,7,凱基-虎尾,2024-12-18,9236
3481,群創,7,0,7,凱基-虎尾,2024-12-18,9236
8429,金麗-KY,7,0,7,凱基-虎尾,2024-12-18,9236
8111,立��,8,1,7,凱基-虎尾,2024-12-18,9236
3376,新日興,10,3,7,凱基-虎尾,2024-12-18,9236
3015,全漢,6,0,6,凱基-虎尾,2024-12-18,9236
2049,上銀,9,3,6,凱基-虎尾,2024-12-18,9236
2449,京元電子,8,2,6,凱基-虎尾,2024-12-18,9236
3078,僑威,6,0,6,凱基-虎尾,2024-12-18,9236
3211,順達,23,17,6,凱基-虎尾,2024-12-18,9236
3227,原相,7,1,6,凱基-虎尾,2024-12-18,9236
3252,海灣,6,0,6,凱基-虎尾,2024-12-18,9236
8104,錸寶,12,6,6,凱基-虎尾,2024-12-18,9236
1453,大將,5,0,5,凱基-虎尾,2024-12-18,9236
2356,英業達,6,1,5,凱基-虎尾,2024-12-18,9236
00664R,國泰臺灣加權反1,160,0,160,凱基-虎尾,2024-12-19,9236
00937B,群益ESG投等債20,127,0,127,凱基-虎尾,2024-12-19,9236
2312,金寶,111,1,110,凱基-虎尾,2024-12-19,9236
00933B,國泰10Y+金融債,103,0,103,凱基-虎尾,2024-12-19,9236
00918,大華優利高填息30,83,0,83,凱基-虎尾,2024-12-19,9236
00712,復華富時不動產,77,0,77,凱基-虎尾,2024-12-19,9236
9105,泰金寶-DR,87,18,69,凱基-虎尾,2024-12-19,9236
4931,新盛力,156,104,52,凱基-虎尾,2024-12-19,9236
1326,台化,51,1,50,凱基-虎尾,2024-12-19,9236
6558,興能高,55,5,50,凱基-虎尾,2024-12-19,9236
6962,ITH-KY,50,1,49,凱基-虎尾,2024-12-19,9236
1301,台塑,52,5,47,凱基-虎尾,2024-12-19,9236
00953B,群益優選非投等債,40,0,40,凱基-虎尾,2024-12-19,9236
8926,台汽電,40,0,40,凱基-虎尾,2024-12-19,9236
2303,聯電,51,14,37,凱基-虎尾,2024-12-19,9236
00950B,凱基A級公司債,34,0,34,凱基-虎尾,2024-12-19,9236
2367,燿華,34,1,33,凱基-虎尾,2024-12-19,9236
00948B,中信優息投資級債,32,0,32,凱基-虎尾,2024-12-19,9236
00857B,永豐20年美公債,31,0,31,凱基-虎尾,2024-12-19,9236
3481,群創,40,10,30,凱基-虎尾,2024-12-19,9236
2328,廣宇,30,2,28,凱基-虎尾,2024-12-19,9236
2880,華南金,28,0,28,凱基-虎尾,2024-12-19,9236
2883,凱基金,35,7,28,凱基-虎尾,2024-12-19,9236
2618,長榮航,27,1,26,凱基-虎尾,2024-12-19,9236
2317,鴻海,25,1,24,凱基-虎尾,2024-12-19,9236
6188,廣明,35,15,20,凱基-虎尾,2024-12-19,9236
00878,國泰永續高股息,20,0,20,凱基-虎尾,2024-12-19,9236
2409,友達,20,0,20,凱基-虎尾,2024-12-19,9236
00715L,期街口布蘭特正2,20,0,20,凱基-虎尾,2024-12-19,9236
00795B,中信美國公債20年,20,0,20,凱基-虎尾,2024-12-19,9236
2915,潤泰全,20,0,20,凱基-虎尾,2024-12-19,9236
2834,臺企銀,24,5,19,凱基-虎尾,2024-12-19,9236
00733,富邦臺灣中小,18,0,18,凱基-虎尾,2024-12-19,9236
6215,和椿,27,9,18,凱基-虎尾,2024-12-19,9236
2850,新產,17,0,17,凱基-虎尾,2024-12-19,9236
00679B,元大美債20年,16,0,16,凱基-虎尾,2024-12-19,9236
2349,錸德,15,0,15,凱基-虎尾,2024-12-19,9236
4938,和碩,15,0,15,凱基-虎尾,2024-12-19,9236
00919,群益台灣精選高息,16,2,14,凱基-虎尾,2024-12-19,9236
2408,南亞科,26,13,13,凱基-虎尾,2024-12-19,9236
8249,菱光,68,55,13,凱基-虎尾,2024-12-19,9236
0056,元大高股息,11,0,11,凱基-虎尾,2024-12-19,9236
00830,國泰費城半導體,11,0,11,凱基-虎尾,2024-12-19,9236
2609,陽明,18,7,11,凱基-虎尾,2024-12-19,9236
2892,第一金,11,0,11,凱基-虎尾,2024-12-19,9236
00720B,元大投資級公司債,10,0,10,凱基-虎尾,2024-12-19,9236
1707,葡萄王,10,0,10,凱基-虎尾,2024-12-19,9236
1605,華新,10,1,9,凱基-虎尾,2024-12-19,9236
2365,昆盈,16,7,9,凱基-虎尾,2024-12-19,9236
00654R,富邦印度反1,8,0,8,凱基-虎尾,2024-12-19,9236
